
SUBJECT_ID: s037
DATA_DIR: /home/mdugre/scratch/mri-registration-rp/datasets/ds004513


Will run Atropos segmentation with K=3. Classes labeled in order of mean intensity. Assuming CSF=1, GM=2, WM=3

The output directory "/data/derivatives/mri-registration-rp/antsBrainExtraction/sub-s037" does not exist. Making it.

    Using antsBrainExtraction with the following arguments:
      image dimension         = 3
      anatomical image        = /data/sub-s037/ses-open/anat/sub-s037_ses-open_T1w.nii.gz
      extraction template     = /opt/templates/OASIS/T_template0.nii.gz
      extraction reg. mask    = 
      extraction prior        = /opt/templates/OASIS/T_template0_BrainCerebellumProbabilityMask.nii.gz
      output prefix           = /data/derivatives/mri-registration-rp/antsBrainExtraction/sub-s037/
      output image suffix     = nii.gz

    antsAI parameters (initial alignment):
      rotation search params  = 20,0.12
      translation search params = 40,0x40x40

    N4 parameters (pre brain extraction):
      convergence             = [ 50x50x50x50,0.0000001 ]
      shrink factor           = 4
      B-spline parameters     = [ 1x1x1, 3 ]

    Atropos parameters (extraction):
       convergence            = [ 3,0.0 ]
       likelihood             = Gaussian
       initialization         = kmeans[ 3 ]
       mrf                    = [ 0.1,1x1x1 ]
       use clock random seed  = 1

---------------------  Running antsBrainExtraction.sh on nc30641.narval.calcul.quebec  ---------------------

--------------------------------------------------------------------------------------
 Bias correction of anatomical images (pre brain extraction)
   1) pre-process by truncating the image intensities
   2) run N4
--------------------------------------------------------------------------------------

BEGIN >>>>>>>>>>>>>>>>>>>>
ImageMath 3 /data/derivatives/mri-registration-rp/antsBrainExtraction/sub-s037/N4Truncated0.nii.gz TruncateImageIntensity /data/sub-s037/ses-open/anat/sub-s037_ses-open_T1w.nii.gz 0.01 0.999 256
END   <<<<<<<<<<<<<<<<<<<<


BEGIN >>>>>>>>>>>>>>>>>>>>
N4BiasFieldCorrection -d 3 -i /data/derivatives/mri-registration-rp/antsBrainExtraction/sub-s037/N4Truncated0.nii.gz -s 4 -c [ 50x50x50x50,0.0000001 ] -b [ 1x1x1, 3 ] -o /data/derivatives/mri-registration-rp/antsBrainExtraction/sub-s037/N4Corrected0.nii.gz --verbose 1

Running N4 for 3-dimensional images.

Mask not read.  Using the entire image as the mask.

Original intensity range:  [4.11359, 563.353]
Current level = 1
  Iteration 1 (of 50).   Current convergence value = 0.000224577 (threshold = 1e-07)
  Iteration 2 (of 50).   Current convergence value = 0.000209066 (threshold = 1e-07)
  Iteration 3 (of 50).   Current convergence value = 0.000194887 (threshold = 1e-07)
  Iteration 4 (of 50).   Current convergence value = 0.000181639 (threshold = 1e-07)
  Iteration 5 (of 50).   Current convergence value = 0.000169681 (threshold = 1e-07)
  Iteration 6 (of 50).   Current convergence value = 0.000158577 (threshold = 1e-07)
  Iteration 7 (of 50).   Current convergence value = 0.000148384 (threshold = 1e-07)
  Iteration 8 (of 50).   Current convergence value = 0.000139353 (threshold = 1e-07)
  Iteration 9 (of 50).   Current convergence value = 0.000131091 (threshold = 1e-07)
  Iteration 10 (of 50).   Current convergence value = 0.000123828 (threshold = 1e-07)
  Iteration 11 (of 50).   Current convergence value = 0.000117268 (threshold = 1e-07)
  Iteration 12 (of 50).   Current convergence value = 0.000111532 (threshold = 1e-07)
  Iteration 13 (of 50).   Current convergence value = 0.000105462 (threshold = 1e-07)
  Iteration 14 (of 50).   Current convergence value = 0.000100622 (threshold = 1e-07)
  Iteration 15 (of 50).   Current convergence value = 9.64646e-05 (threshold = 1e-07)
  Iteration 16 (of 50).   Current convergence value = 9.2189e-05 (threshold = 1e-07)
  Iteration 17 (of 50).   Current convergence value = 8.81821e-05 (threshold = 1e-07)
  Iteration 18 (of 50).   Current convergence value = 8.48109e-05 (threshold = 1e-07)
  Iteration 19 (of 50).   Current convergence value = 8.20133e-05 (threshold = 1e-07)
  Iteration 20 (of 50).   Current convergence value = 7.95132e-05 (threshold = 1e-07)
  Iteration 21 (of 50).   Current convergence value = 7.72928e-05 (threshold = 1e-07)
  Iteration 22 (of 50).   Current convergence value = 7.53141e-05 (threshold = 1e-07)
  Iteration 23 (of 50).   Current convergence value = 7.35581e-05 (threshold = 1e-07)
  Iteration 24 (of 50).   Current convergence value = 7.20328e-05 (threshold = 1e-07)
  Iteration 25 (of 50).   Current convergence value = 7.07454e-05 (threshold = 1e-07)
  Iteration 26 (of 50).   Current convergence value = 6.97105e-05 (threshold = 1e-07)
  Iteration 27 (of 50).   Current convergence value = 6.89709e-05 (threshold = 1e-07)
  Iteration 28 (of 50).   Current convergence value = 6.84377e-05 (threshold = 1e-07)
  Iteration 29 (of 50).   Current convergence value = 6.81696e-05 (threshold = 1e-07)
  Iteration 30 (of 50).   Current convergence value = 6.81946e-05 (threshold = 1e-07)
  Iteration 31 (of 50).   Current convergence value = 6.82298e-05 (threshold = 1e-07)
  Iteration 32 (of 50).   Current convergence value = 6.85088e-05 (threshold = 1e-07)
  Iteration 33 (of 50).   Current convergence value = 6.88881e-05 (threshold = 1e-07)
  Iteration 34 (of 50).   Current convergence value = 6.93545e-05 (threshold = 1e-07)
  Iteration 35 (of 50).   Current convergence value = 6.97786e-05 (threshold = 1e-07)
  Iteration 36 (of 50).   Current convergence value = 7.03708e-05 (threshold = 1e-07)
  Iteration 37 (of 50).   Current convergence value = 7.09558e-05 (threshold = 1e-07)
  Iteration 38 (of 50).   Current convergence value = 7.16198e-05 (threshold = 1e-07)
  Iteration 39 (of 50).   Current convergence value = 7.17487e-05 (threshold = 1e-07)
  Iteration 40 (of 50).   Current convergence value = 7.17421e-05 (threshold = 1e-07)
  Iteration 41 (of 50).   Current convergence value = 7.1967e-05 (threshold = 1e-07)
  Iteration 42 (of 50).   Current convergence value = 7.20932e-05 (threshold = 1e-07)
  Iteration 43 (of 50).   Current convergence value = 7.22592e-05 (threshold = 1e-07)
  Iteration 44 (of 50).   Current convergence value = 7.24169e-05 (threshold = 1e-07)
  Iteration 45 (of 50).   Current convergence value = 7.25072e-05 (threshold = 1e-07)
  Iteration 46 (of 50).   Current convergence value = 7.27294e-05 (threshold = 1e-07)
  Iteration 47 (of 50).   Current convergence value = 7.30307e-05 (threshold = 1e-07)
  Iteration 48 (of 50).   Current convergence value = 7.30556e-05 (threshold = 1e-07)
  Iteration 49 (of 50).   Current convergence value = 7.32063e-05 (threshold = 1e-07)
  Iteration 50 (of 50).   Current convergence value = 7.32762e-05 (threshold = 1e-07)
Current level = 2
  Iteration 1 (of 50).   Current convergence value = 0.000376928 (threshold = 1e-07)
  Iteration 2 (of 50).   Current convergence value = 0.00036005 (threshold = 1e-07)
  Iteration 3 (of 50).   Current convergence value = 0.000347316 (threshold = 1e-07)
  Iteration 4 (of 50).   Current convergence value = 0.000335287 (threshold = 1e-07)
  Iteration 5 (of 50).   Current convergence value = 0.000325154 (threshold = 1e-07)
  Iteration 6 (of 50).   Current convergence value = 0.000315154 (threshold = 1e-07)
  Iteration 7 (of 50).   Current convergence value = 0.000306485 (threshold = 1e-07)
  Iteration 8 (of 50).   Current convergence value = 0.000299533 (threshold = 1e-07)
  Iteration 9 (of 50).   Current convergence value = 0.000293148 (threshold = 1e-07)
  Iteration 10 (of 50).   Current convergence value = 0.000286745 (threshold = 1e-07)
  Iteration 11 (of 50).   Current convergence value = 0.000281929 (threshold = 1e-07)
  Iteration 12 (of 50).   Current convergence value = 0.000277237 (threshold = 1e-07)
  Iteration 13 (of 50).   Current convergence value = 0.000273105 (threshold = 1e-07)
  Iteration 14 (of 50).   Current convergence value = 0.00026819 (threshold = 1e-07)
  Iteration 15 (of 50).   Current convergence value = 0.000262546 (threshold = 1e-07)
  Iteration 16 (of 50).   Current convergence value = 0.000257674 (threshold = 1e-07)
  Iteration 17 (of 50).   Current convergence value = 0.000253846 (threshold = 1e-07)
  Iteration 18 (of 50).   Current convergence value = 0.000248221 (threshold = 1e-07)
  Iteration 19 (of 50).   Current convergence value = 0.000242393 (threshold = 1e-07)
  Iteration 20 (of 50).   Current convergence value = 0.000237114 (threshold = 1e-07)
  Iteration 21 (of 50).   Current convergence value = 0.000232311 (threshold = 1e-07)
  Iteration 22 (of 50).   Current convergence value = 0.000227727 (threshold = 1e-07)
  Iteration 23 (of 50).   Current convergence value = 0.000222975 (threshold = 1e-07)
  Iteration 24 (of 50).   Current convergence value = 0.000218976 (threshold = 1e-07)
  Iteration 25 (of 50).   Current convergence value = 0.000214362 (threshold = 1e-07)
  Iteration 26 (of 50).   Current convergence value = 0.000206855 (threshold = 1e-07)
  Iteration 27 (of 50).   Current convergence value = 0.000212064 (threshold = 1e-07)
  Iteration 28 (of 50).   Current convergence value = 0.00021137 (threshold = 1e-07)
  Iteration 29 (of 50).   Current convergence value = 0.000210319 (threshold = 1e-07)
  Iteration 30 (of 50).   Current convergence value = 0.00021153 (threshold = 1e-07)
  Iteration 31 (of 50).   Current convergence value = 0.000213283 (threshold = 1e-07)
  Iteration 32 (of 50).   Current convergence value = 0.00021648 (threshold = 1e-07)
  Iteration 33 (of 50).   Current convergence value = 0.000220287 (threshold = 1e-07)
  Iteration 34 (of 50).   Current convergence value = 0.000224588 (threshold = 1e-07)
  Iteration 35 (of 50).   Current convergence value = 0.000228766 (threshold = 1e-07)
  Iteration 36 (of 50).   Current convergence value = 0.000232756 (threshold = 1e-07)
  Iteration 37 (of 50).   Current convergence value = 0.000236647 (threshold = 1e-07)
  Iteration 38 (of 50).   Current convergence value = 0.000240547 (threshold = 1e-07)
  Iteration 39 (of 50).   Current convergence value = 0.000244387 (threshold = 1e-07)
  Iteration 40 (of 50).   Current convergence value = 0.00024822 (threshold = 1e-07)
  Iteration 41 (of 50).   Current convergence value = 0.000252343 (threshold = 1e-07)
  Iteration 42 (of 50).   Current convergence value = 0.000257122 (threshold = 1e-07)
  Iteration 43 (of 50).   Current convergence value = 0.000262105 (threshold = 1e-07)
  Iteration 44 (of 50).   Current convergence value = 0.000266983 (threshold = 1e-07)
  Iteration 45 (of 50).   Current convergence value = 0.000271901 (threshold = 1e-07)
  Iteration 46 (of 50).   Current convergence value = 0.000276877 (threshold = 1e-07)
  Iteration 47 (of 50).   Current convergence value = 0.000281532 (threshold = 1e-07)
  Iteration 48 (of 50).   Current convergence value = 0.000266928 (threshold = 1e-07)
  Iteration 49 (of 50).   Current convergence value = 0.000254649 (threshold = 1e-07)
  Iteration 50 (of 50).   Current convergence value = 0.000249203 (threshold = 1e-07)
Current level = 3
  Iteration 1 (of 50).   Current convergence value = 0.000950309 (threshold = 1e-07)
  Iteration 2 (of 50).   Current convergence value = 0.000862264 (threshold = 1e-07)
  Iteration 3 (of 50).   Current convergence value = 0.000820916 (threshold = 1e-07)
  Iteration 4 (of 50).   Current convergence value = 0.000797484 (threshold = 1e-07)
  Iteration 5 (of 50).   Current convergence value = 0.000782763 (threshold = 1e-07)
  Iteration 6 (of 50).   Current convergence value = 0.000778725 (threshold = 1e-07)
  Iteration 7 (of 50).   Current convergence value = 0.000772 (threshold = 1e-07)
  Iteration 8 (of 50).   Current convergence value = 0.000783827 (threshold = 1e-07)
  Iteration 9 (of 50).   Current convergence value = 0.000833699 (threshold = 1e-07)
  Iteration 10 (of 50).   Current convergence value = 0.000842826 (threshold = 1e-07)
  Iteration 11 (of 50).   Current convergence value = 0.000806505 (threshold = 1e-07)
  Iteration 12 (of 50).   Current convergence value = 0.000777915 (threshold = 1e-07)
  Iteration 13 (of 50).   Current convergence value = 0.000756962 (threshold = 1e-07)
  Iteration 14 (of 50).   Current convergence value = 0.000735585 (threshold = 1e-07)
  Iteration 15 (of 50).   Current convergence value = 0.000714948 (threshold = 1e-07)
  Iteration 16 (of 50).   Current convergence value = 0.00071382 (threshold = 1e-07)
  Iteration 17 (of 50).   Current convergence value = 0.000743706 (threshold = 1e-07)
  Iteration 18 (of 50).   Current convergence value = 0.000802518 (threshold = 1e-07)
  Iteration 19 (of 50).   Current convergence value = 0.000804494 (threshold = 1e-07)
  Iteration 20 (of 50).   Current convergence value = 0.000762924 (threshold = 1e-07)
  Iteration 21 (of 50).   Current convergence value = 0.000734541 (threshold = 1e-07)
  Iteration 22 (of 50).   Current convergence value = 0.000711955 (threshold = 1e-07)
  Iteration 23 (of 50).   Current convergence value = 0.000693887 (threshold = 1e-07)
  Iteration 24 (of 50).   Current convergence value = 0.000671663 (threshold = 1e-07)
  Iteration 25 (of 50).   Current convergence value = 0.00065378 (threshold = 1e-07)
  Iteration 26 (of 50).   Current convergence value = 0.000679926 (threshold = 1e-07)
  Iteration 27 (of 50).   Current convergence value = 0.000738464 (threshold = 1e-07)
  Iteration 28 (of 50).   Current convergence value = 0.000792259 (threshold = 1e-07)
  Iteration 29 (of 50).   Current convergence value = 0.000739933 (threshold = 1e-07)
  Iteration 30 (of 50).   Current convergence value = 0.000711946 (threshold = 1e-07)
  Iteration 31 (of 50).   Current convergence value = 0.000688938 (threshold = 1e-07)
  Iteration 32 (of 50).   Current convergence value = 0.000669865 (threshold = 1e-07)
  Iteration 33 (of 50).   Current convergence value = 0.000650159 (threshold = 1e-07)
  Iteration 34 (of 50).   Current convergence value = 0.000631274 (threshold = 1e-07)
  Iteration 35 (of 50).   Current convergence value = 0.000620286 (threshold = 1e-07)
  Iteration 36 (of 50).   Current convergence value = 0.000655397 (threshold = 1e-07)
  Iteration 37 (of 50).   Current convergence value = 0.000727016 (threshold = 1e-07)
  Iteration 38 (of 50).   Current convergence value = 0.000748029 (threshold = 1e-07)
  Iteration 39 (of 50).   Current convergence value = 0.000707372 (threshold = 1e-07)
  Iteration 40 (of 50).   Current convergence value = 0.000684335 (threshold = 1e-07)
  Iteration 41 (of 50).   Current convergence value = 0.000660918 (threshold = 1e-07)
  Iteration 42 (of 50).   Current convergence value = 0.000641143 (threshold = 1e-07)
  Iteration 43 (of 50).   Current convergence value = 0.000618608 (threshold = 1e-07)
  Iteration 44 (of 50).   Current convergence value = 0.000594878 (threshold = 1e-07)
  Iteration 45 (of 50).   Current convergence value = 0.000582905 (threshold = 1e-07)
  Iteration 46 (of 50).   Current convergence value = 0.000613941 (threshold = 1e-07)
  Iteration 47 (of 50).   Current convergence value = 0.000682929 (threshold = 1e-07)
  Iteration 48 (of 50).   Current convergence value = 0.000723643 (threshold = 1e-07)
  Iteration 49 (of 50).   Current convergence value = 0.000680562 (threshold = 1e-07)
  Iteration 50 (of 50).   Current convergence value = 0.000661662 (threshold = 1e-07)
Current level = 4
  Iteration 1 (of 50).   Current convergence value = 0.00153373 (threshold = 1e-07)
  Iteration 2 (of 50).   Current convergence value = 0.00148368 (threshold = 1e-07)
  Iteration 3 (of 50).   Current convergence value = 0.00145372 (threshold = 1e-07)
  Iteration 4 (of 50).   Current convergence value = 0.00143057 (threshold = 1e-07)
  Iteration 5 (of 50).   Current convergence value = 0.0014492 (threshold = 1e-07)
  Iteration 6 (of 50).   Current convergence value = 0.00152479 (threshold = 1e-07)
  Iteration 7 (of 50).   Current convergence value = 0.00151509 (threshold = 1e-07)
  Iteration 8 (of 50).   Current convergence value = 0.00150249 (threshold = 1e-07)
  Iteration 9 (of 50).   Current convergence value = 0.00148933 (threshold = 1e-07)
  Iteration 10 (of 50).   Current convergence value = 0.00145294 (threshold = 1e-07)
  Iteration 11 (of 50).   Current convergence value = 0.00141149 (threshold = 1e-07)
  Iteration 12 (of 50).   Current convergence value = 0.00137753 (threshold = 1e-07)
  Iteration 13 (of 50).   Current convergence value = 0.0013894 (threshold = 1e-07)
  Iteration 14 (of 50).   Current convergence value = 0.00144891 (threshold = 1e-07)
  Iteration 15 (of 50).   Current convergence value = 0.00144591 (threshold = 1e-07)
  Iteration 16 (of 50).   Current convergence value = 0.00142607 (threshold = 1e-07)
  Iteration 17 (of 50).   Current convergence value = 0.00141457 (threshold = 1e-07)
  Iteration 18 (of 50).   Current convergence value = 0.00138684 (threshold = 1e-07)
  Iteration 19 (of 50).   Current convergence value = 0.00134138 (threshold = 1e-07)
  Iteration 20 (of 50).   Current convergence value = 0.00130029 (threshold = 1e-07)
  Iteration 21 (of 50).   Current convergence value = 0.00129699 (threshold = 1e-07)
  Iteration 22 (of 50).   Current convergence value = 0.00133765 (threshold = 1e-07)
  Iteration 23 (of 50).   Current convergence value = 0.00135137 (threshold = 1e-07)
  Iteration 24 (of 50).   Current convergence value = 0.00133443 (threshold = 1e-07)
  Iteration 25 (of 50).   Current convergence value = 0.00132089 (threshold = 1e-07)
  Iteration 26 (of 50).   Current convergence value = 0.00128793 (threshold = 1e-07)
  Iteration 27 (of 50).   Current convergence value = 0.00124019 (threshold = 1e-07)
  Iteration 28 (of 50).   Current convergence value = 0.00120495 (threshold = 1e-07)
  Iteration 29 (of 50).   Current convergence value = 0.00125257 (threshold = 1e-07)
  Iteration 30 (of 50).   Current convergence value = 0.00126087 (threshold = 1e-07)
  Iteration 31 (of 50).   Current convergence value = 0.00125237 (threshold = 1e-07)
  Iteration 32 (of 50).   Current convergence value = 0.00123312 (threshold = 1e-07)
  Iteration 33 (of 50).   Current convergence value = 0.00121077 (threshold = 1e-07)
  Iteration 34 (of 50).   Current convergence value = 0.00117359 (threshold = 1e-07)
  Iteration 35 (of 50).   Current convergence value = 0.00113023 (threshold = 1e-07)
  Iteration 36 (of 50).   Current convergence value = 0.00113043 (threshold = 1e-07)
  Iteration 37 (of 50).   Current convergence value = 0.00118455 (threshold = 1e-07)
  Iteration 38 (of 50).   Current convergence value = 0.00116864 (threshold = 1e-07)
  Iteration 39 (of 50).   Current convergence value = 0.00115452 (threshold = 1e-07)
  Iteration 40 (of 50).   Current convergence value = 0.00113653 (threshold = 1e-07)
  Iteration 41 (of 50).   Current convergence value = 0.00111456 (threshold = 1e-07)
  Iteration 42 (of 50).   Current convergence value = 0.0010871 (threshold = 1e-07)
  Iteration 43 (of 50).   Current convergence value = 0.00105145 (threshold = 1e-07)
  Iteration 44 (of 50).   Current convergence value = 0.00101034 (threshold = 1e-07)
  Iteration 45 (of 50).   Current convergence value = 0.00105387 (threshold = 1e-07)
  Iteration 46 (of 50).   Current convergence value = 0.00108368 (threshold = 1e-07)
  Iteration 47 (of 50).   Current convergence value = 0.00106634 (threshold = 1e-07)
  Iteration 48 (of 50).   Current convergence value = 0.00105338 (threshold = 1e-07)
  Iteration 49 (of 50).   Current convergence value = 0.00104332 (threshold = 1e-07)
  Iteration 50 (of 50).   Current convergence value = 0.00101929 (threshold = 1e-07)
   N4BiasFieldCorrectionImageFilter (0x5564b7eeb830)
     RTTI typeinfo:   itk::N4BiasFieldCorrectionImageFilter<itk::Image<float, 3u>, itk::Image<float, 3u>, itk::Image<float, 3u> >
     Reference Count: 1
     Modified Time: 668
     Debug: Off
     Object Name: 
     Observers: 
       IterationEvent(Command)
     Inputs: 
       ConfidenceImage: (0)
       MaskImage: (0x5564b7f73ef0)
       Primary: (0x5564b7f5a920) *
     Indexed Inputs: 
       0: Primary (0x5564b7f5a920)
       1: MaskImage (0x5564b7f73ef0)
       2: ConfidenceImage (0)
     Required Input Names: Primary
     NumberOfRequiredInputs: 1
     Outputs: 
       Primary: (0x5564b7eff880)
     Indexed Outputs: 
       0: Primary (0x5564b7eff880)
     NumberOfRequiredOutputs: 1
     Number Of Work Units: 128
     ReleaseDataFlag: Off
     ReleaseDataBeforeUpdateFlag: Off
     AbortGenerateData: Off
     Progress: 0
     Multithreader: 
       RTTI typeinfo:   itk::PoolMultiThreader
       Reference Count: 1
       Modified Time: 140
       Debug: Off
       Object Name: 
       Observers: 
         none
       Number of Work Units: 128
       Number of Threads: 64
       Global Maximum Number Of Threads: 128
       Global Default Number Of Threads: 64
       Global Default Threader Type: itk::MultiThreaderBaseEnums::Threader::Pool
       SingleMethod: 0
       SingleData: 0
     DynamicMultiThreading: On
     CoordinateTolerance: 1e-06
     DirectionTolerance: 1e-06
     Use Mask Label: 0
     Mask label: 1
     Number of histogram bins: 200
     Wiener filter noise: 0.01
     Bias field FWHM: 0.15
     Maximum number of iterations: [50, 50, 50, 50]
     Convergence threshold: 1e-07
     Spline order: 3
     Number of fitting levels: [4, 4, 4]
     Number of control points: [4, 4, 4]
     CurrentConvergenceMeasurement: 0.00101929
     CurrentLevel: 4
     ElapsedIterations: 51
     LogBiasFieldControlPointLattice: 
       Image (0x5564b7f94480)
         RTTI typeinfo:   itk::Image<itk::Vector<float, 1u>, 3u>
         Reference Count: 1
         Modified Time: 980393
         Debug: Off
         Object Name: 
         Observers: 
           none
         Source: (none)
         Source output name: (none)
         Release Data: Off
         Data Released: False
         Global Release Data: Off
         PipelineMTime: 0
         UpdateMTime: 0
         RealTimeStamp: 0 seconds 
         LargestPossibleRegion: 
           Dimension: 3
           Index: [0, 0, 0]
           Size: [11, 11, 11]
         BufferedRegion: 
           Dimension: 3
           Index: [0, 0, 0]
           Size: [11, 11, 11]
         RequestedRegion: 
           Dimension: 3
           Index: [0, 0, 0]
           Size: [11, 11, 11]
         Spacing: [19.5, 29.5, 31.5]
         Origin: [21.6397, 28.5834, -30.9429]
         Direction: 
-0.998659 -0.0436121 -0.0279129
0.043595 -0.999049 0.00121847
-0.0279395 -2.65543e-08 0.99961

         IndexToPointMatrix: 
-19.4738 -1.28656 -0.879257
0.850103 -29.4719 0.0383819
-0.544821 -7.83353e-07 31.4877

         PointToIndexMatrix: 
-0.0512133 0.00223564 -0.0014328
-0.00147837 -0.0338661 -9.00058e-10
-0.000886125 3.86817e-05 0.0317336

         Inverse Direction: 
-0.998659 0.043595 -0.0279395
-0.0436121 -0.999049 -2.65517e-08
-0.0279129 0.00121847 0.99961

         PixelContainer: 
           ImportImageContainer (0x5564b810b2c0)
             RTTI typeinfo:   itk::ImportImageContainer<unsigned long, itk::Vector<float, 1u> >
             Reference Count: 1
             Modified Time: 980394
             Debug: Off
             Object Name: 
             Observers: 
               none
             Pointer: 0x5564b7f172f0
             Container manages memory: true
             Size: 1331
             Capacity: 1331
Elapsed time: 12.6013
END   <<<<<<<<<<<<<<<<<<<<



--------------------------------------------------------------------------------------
 Done with N4 correction (pre brain extraction):  0h 0m 16s
--------------------------------------------------------------------------------------


--------------------------------------------------------------------------------------
 Brain extraction using the following steps:
   1) Register /opt/templates/OASIS/T_template0.nii.gz to /data/derivatives/mri-registration-rp/antsBrainExtraction/sub-s037/N4Corrected0.nii.gz
   2) Warp /opt/templates/OASIS/T_template0_BrainCerebellumProbabilityMask.nii.gz to /data/sub-s037/ses-open/anat/sub-s037_ses-open_T1w.nii.gz using, from 1),
      /data/derivatives/mri-registration-rp/antsBrainExtraction/sub-s037/BrainExtractionWarp/Affine
   3) Refine segmentation results using Atropos
--------------------------------------------------------------------------------------

BEGIN >>>>>>>>>>>>>>>>>>>>
ImageMath 3 /data/derivatives/mri-registration-rp/antsBrainExtraction/sub-s037/BrainExtractionLaplacian.nii.gz Laplacian /data/derivatives/mri-registration-rp/antsBrainExtraction/sub-s037/N4Corrected0.nii.gz 1.5 1
END   <<<<<<<<<<<<<<<<<<<<


BEGIN >>>>>>>>>>>>>>>>>>>>
ImageMath 3 /data/derivatives/mri-registration-rp/antsBrainExtraction/sub-s037/BrainExtractionTemplateLaplacian.nii.gz Laplacian /opt/templates/OASIS/T_template0.nii.gz 1.5 1
END   <<<<<<<<<<<<<<<<<<<<


BEGIN >>>>>>>>>>>>>>>>>>>>
SmoothImage 3 /opt/templates/OASIS/T_template0.nii.gz 4 /data/derivatives/mri-registration-rp/antsBrainExtraction/sub-s037/BrainExtractionInitialAffineFixed.nii.gz
END   <<<<<<<<<<<<<<<<<<<<


BEGIN >>>>>>>>>>>>>>>>>>>>
SmoothImage 3 /data/derivatives/mri-registration-rp/antsBrainExtraction/sub-s037/N4Corrected0.nii.gz 4 /data/derivatives/mri-registration-rp/antsBrainExtraction/sub-s037/BrainExtractionInitialAffineMoving.nii.gz
END   <<<<<<<<<<<<<<<<<<<<


BEGIN >>>>>>>>>>>>>>>>>>>>
ResampleImageBySpacing 3 /data/derivatives/mri-registration-rp/antsBrainExtraction/sub-s037/BrainExtractionInitialAffineFixed.nii.gz /data/derivatives/mri-registration-rp/antsBrainExtraction/sub-s037/BrainExtractionInitialAffineFixed.nii.gz 5 5 5 0
 spacing [1, 1, 1] dim 3
 spacing2 [5, 5, 5]
 out space [5, 5, 5]
 output size [43, 51, 58] spc [5, 5, 5]
END   <<<<<<<<<<<<<<<<<<<<


BEGIN >>>>>>>>>>>>>>>>>>>>
ResampleImageBySpacing 3 /data/derivatives/mri-registration-rp/antsBrainExtraction/sub-s037/BrainExtractionInitialAffineMoving.nii.gz /data/derivatives/mri-registration-rp/antsBrainExtraction/sub-s037/BrainExtractionInitialAffineMoving.nii.gz 5 5 5 0
 spacing [1, 1, 1] dim 3
 spacing2 [5, 5, 5]
 out space [5, 5, 5]
 output size [32, 48, 51] spc [5, 5, 5]
END   <<<<<<<<<<<<<<<<<<<<


BEGIN >>>>>>>>>>>>>>>>>>>>
antsAI -d 3 -v 1 -m Mattes[ /data/derivatives/mri-registration-rp/antsBrainExtraction/sub-s037/BrainExtractionInitialAffineFixed.nii.gz,/data/derivatives/mri-registration-rp/antsBrainExtraction/sub-s037/BrainExtractionInitialAffineMoving.nii.gz,32,Regular,0.2 ] -t Affine[ 0.1 ] -s [ 20,0.12 ] -g [ 40,0x40x40 ] -p 0 -c 10 -o /data/derivatives/mri-registration-rp/antsBrainExtraction/sub-s037/BrainExtractionInitialAffine.mat
Using the Mattes MI metric (number of bins = 32)
Starting optimizer with 243 starting points

Iteration/Total,MetricValue
24/243,-0.521702
48/243,-0.525288
72/243,-0.528704
96/243,-0.54143
120/243,-0.531778
144/243,-0.512353
168/243,-0.514915
192/243,-0.523176
216/243,-0.576957
240/243,-0.596901

Optimization complete. Best metric value: -0.624001
END   <<<<<<<<<<<<<<<<<<<<


BEGIN >>>>>>>>>>>>>>>>>>>>
antsRegistration -d 3 -u 1 -w [ 0.025,0.975 ] -o /data/derivatives/mri-registration-rp/antsBrainExtraction/sub-s037/BrainExtractionPrior -r /data/derivatives/mri-registration-rp/antsBrainExtraction/sub-s037/BrainExtractionInitialAffine.mat -z 1 --float 0 --verbose 1 -m MI[ /opt/templates/OASIS/T_template0.nii.gz,/data/derivatives/mri-registration-rp/antsBrainExtraction/sub-s037/N4Corrected0.nii.gz,1,32,Regular,0.25 ] -c [ 1000x500x250x100,1e-8,10 ] -t Rigid[ 0.1 ] -f 8x4x2x1 -s 4x2x1x0 -m MI[ /opt/templates/OASIS/T_template0.nii.gz,/data/derivatives/mri-registration-rp/antsBrainExtraction/sub-s037/N4Corrected0.nii.gz,1,32,Regular,0.25 ] -c [ 1000x500x250x100,1e-8,10 ] -t Affine[ 0.1 ] -f 8x4x2x1 -s 4x2x1x0 -m CC[ /opt/templates/OASIS/T_template0.nii.gz,/data/derivatives/mri-registration-rp/antsBrainExtraction/sub-s037/N4Corrected0.nii.gz,0.5,4 ] -m CC[ /data/derivatives/mri-registration-rp/antsBrainExtraction/sub-s037/BrainExtractionTemplateLaplacian.nii.gz,/data/derivatives/mri-registration-rp/antsBrainExtraction/sub-s037/BrainExtractionLaplacian.nii.gz,0.5,4 ] -c [ 50x10x0,1e-9,15 ] -t SyN[ 0.1,3,0 ] -f 4x2x1 -s 2x1x0
All_Command_lines_OK
Using double precision for computations.
=============================================================================
The composite transform comprises the following transforms (in order): 
  1. /data/derivatives/mri-registration-rp/antsBrainExtraction/sub-s037/BrainExtractionInitialAffine.mat (type = AffineTransform)
=============================================================================
  number of levels = 4
  number of levels = 4
  number of levels = 3
  fixed image: /opt/templates/OASIS/T_template0.nii.gz
  moving image: /data/derivatives/mri-registration-rp/antsBrainExtraction/sub-s037/N4Corrected0.nii.gz
  fixed image: /opt/templates/OASIS/T_template0.nii.gz
  moving image: /data/derivatives/mri-registration-rp/antsBrainExtraction/sub-s037/N4Corrected0.nii.gz
  fixed image: /opt/templates/OASIS/T_template0.nii.gz
  moving image: /data/derivatives/mri-registration-rp/antsBrainExtraction/sub-s037/N4Corrected0.nii.gz
  fixed image: /data/derivatives/mri-registration-rp/antsBrainExtraction/sub-s037/BrainExtractionTemplateLaplacian.nii.gz
  moving image: /data/derivatives/mri-registration-rp/antsBrainExtraction/sub-s037/BrainExtractionLaplacian.nii.gz
Dimension = 3
Number of stages = 3
Use histogram matching = true
Winsorize image intensities = true
  Lower quantile = 0.025
  Upper quantile = 0.975


Stage 1 State
   Image metric = MattesMI
     Fixed image = Image (0x561d16d78990)
  RTTI typeinfo:   itk::Image<double, 3u>
  Reference Count: 2
  Modified Time: 1610
  Debug: Off
  Object Name: 
  Observers: 
    none
  Source: (none)
  Source output name: (none)
  Release Data: Off
  Data Released: False
  Global Release Data: Off
  PipelineMTime: 0
  UpdateMTime: 1221
  RealTimeStamp: 0 seconds 
  LargestPossibleRegion: 
    Dimension: 3
    Index: [0, 0, 0]
    Size: [216, 256, 291]
  BufferedRegion: 
    Dimension: 3
    Index: [0, 0, 0]
    Size: [216, 256, 291]
  RequestedRegion: 
    Dimension: 3
    Index: [0, 0, 0]
    Size: [216, 256, 291]
  Spacing: [1, 1, 1]
  Origin: [0, 293, 0]
  Direction: 
1 0 0
0 -0 -1
0 -1 0

  IndexToPointMatrix: 
1 0 0
0 0 -1
0 -1 0

  PointToIndexMatrix: 
1 0 0
0 0 -1
0 -1 0

  Inverse Direction: 
1 0 0
0 0 -1
0 -1 0

  PixelContainer: 
    ImportImageContainer (0x561d16d92210)
      RTTI typeinfo:   itk::ImportImageContainer<unsigned long, double>
      Reference Count: 1
      Modified Time: 1218
      Debug: Off
      Object Name: 
      Observers: 
        none
      Pointer: 0x14b844f72010
      Container manages memory: true
      Size: 16091136
      Capacity: 16091136

     Moving image = Image (0x561d16d8bd00)
  RTTI typeinfo:   itk::Image<double, 3u>
  Reference Count: 2
  Modified Time: 1611
  Debug: Off
  Object Name: 
  Observers: 
    none
  Source: (none)
  Source output name: (none)
  Release Data: Off
  Data Released: False
  Global Release Data: Off
  PipelineMTime: 0
  UpdateMTime: 1608
  RealTimeStamp: 0 seconds 
  LargestPossibleRegion: 
    Dimension: 3
    Index: [0, 0, 0]
    Size: [160, 240, 256]
  BufferedRegion: 
    Dimension: 3
    Index: [0, 0, 0]
    Size: [160, 240, 256]
  RequestedRegion: 
    Dimension: 3
    Index: [0, 0, 0]
    Size: [160, 240, 256]
  Spacing: [1, 1, 1]
  Origin: [87.9508, 102.562, -147.639]
  Direction: 
-0.998659 -0.0436121 -0.0279129
0.043595 -0.999049 0.00121847
-0.0279395 -2.6553e-08 0.99961

  IndexToPointMatrix: 
-0.998659 -0.0436121 -0.0279129
0.043595 -0.999049 0.00121847
-0.0279395 -2.6553e-08 0.99961

  PointToIndexMatrix: 
-0.998659 0.043595 -0.0279395
-0.0436121 -0.999049 -2.65517e-08
-0.0279129 0.00121847 0.99961

  Inverse Direction: 
-0.998659 0.043595 -0.0279395
-0.0436121 -0.999049 -2.65517e-08
-0.0279129 0.00121847 0.99961

  PixelContainer: 
    ImportImageContainer (0x561d16d9a090)
      RTTI typeinfo:   itk::ImportImageContainer<unsigned long, double>
      Reference Count: 1
      Modified Time: 1605
      Debug: Off
      Object Name: 
      Observers: 
        none
      Pointer: 0x14b840471010
      Container manages memory: true
      Size: 9830400
      Capacity: 9830400

     Weighting = 1
     Sampling strategy = regular
     Number of bins = 32
     Radius = 4
     Sampling percentage  = 0.25
   Transform = Rigid
     Gradient step = 0.1
     Update field sigma (voxel space) = 0
     Total field sigma (voxel space) = 0
     Update field time sigma = 0
     Total field time sigma  = 0
     Number of time indices = 0
     Number of time point samples = 0
Stage 2 State
   Image metric = MattesMI
     Fixed image = Image (0x561d16d99540)
  RTTI typeinfo:   itk::Image<double, 3u>
  Reference Count: 2
  Modified Time: 2386
  Debug: Off
  Object Name: 
  Observers: 
    none
  Source: (none)
  Source output name: (none)
  Release Data: Off
  Data Released: False
  Global Release Data: Off
  PipelineMTime: 0
  UpdateMTime: 1997
  RealTimeStamp: 0 seconds 
  LargestPossibleRegion: 
    Dimension: 3
    Index: [0, 0, 0]
    Size: [216, 256, 291]
  BufferedRegion: 
    Dimension: 3
    Index: [0, 0, 0]
    Size: [216, 256, 291]
  RequestedRegion: 
    Dimension: 3
    Index: [0, 0, 0]
    Size: [216, 256, 291]
  Spacing: [1, 1, 1]
  Origin: [0, 293, 0]
  Direction: 
1 0 0
0 -0 -1
0 -1 0

  IndexToPointMatrix: 
1 0 0
0 0 -1
0 -1 0

  PointToIndexMatrix: 
1 0 0
0 0 -1
0 -1 0

  Inverse Direction: 
1 0 0
0 0 -1
0 -1 0

  PixelContainer: 
    ImportImageContainer (0x561d16e7db50)
      RTTI typeinfo:   itk::ImportImageContainer<unsigned long, double>
      Reference Count: 1
      Modified Time: 1994
      Debug: Off
      Object Name: 
      Observers: 
        none
      Pointer: 0x14b8389ac010
      Container manages memory: true
      Size: 16091136
      Capacity: 16091136

     Moving image = Image (0x561d16dfd550)
  RTTI typeinfo:   itk::Image<double, 3u>
  Reference Count: 2
  Modified Time: 2387
  Debug: Off
  Object Name: 
  Observers: 
    none
  Source: (none)
  Source output name: (none)
  Release Data: Off
  Data Released: False
  Global Release Data: Off
  PipelineMTime: 0
  UpdateMTime: 2384
  RealTimeStamp: 0 seconds 
  LargestPossibleRegion: 
    Dimension: 3
    Index: [0, 0, 0]
    Size: [160, 240, 256]
  BufferedRegion: 
    Dimension: 3
    Index: [0, 0, 0]
    Size: [160, 240, 256]
  RequestedRegion: 
    Dimension: 3
    Index: [0, 0, 0]
    Size: [160, 240, 256]
  Spacing: [1, 1, 1]
  Origin: [87.9508, 102.562, -147.639]
  Direction: 
-0.998659 -0.0436121 -0.0279129
0.043595 -0.999049 0.00121847
-0.0279395 -2.6553e-08 0.99961

  IndexToPointMatrix: 
-0.998659 -0.0436121 -0.0279129
0.043595 -0.999049 0.00121847
-0.0279395 -2.6553e-08 0.99961

  PointToIndexMatrix: 
-0.998659 0.043595 -0.0279395
-0.0436121 -0.999049 -2.65517e-08
-0.0279129 0.00121847 0.99961

  Inverse Direction: 
-0.998659 0.043595 -0.0279395
-0.0436121 -0.999049 -2.65517e-08
-0.0279129 0.00121847 0.99961

  PixelContainer: 
    ImportImageContainer (0x561d16e9dbd0)
      RTTI typeinfo:   itk::ImportImageContainer<unsigned long, double>
      Reference Count: 1
      Modified Time: 2381
      Debug: Off
      Object Name: 
      Observers: 
        none
      Pointer: 0x14b833eab010
      Container manages memory: true
      Size: 9830400
      Capacity: 9830400

     Weighting = 1
     Sampling strategy = regular
     Number of bins = 32
     Radius = 4
     Sampling percentage  = 0.25
   Transform = Affine
     Gradient step = 0.1
     Update field sigma (voxel space) = 0
     Total field sigma (voxel space) = 0
     Update field time sigma = 0
     Total field time sigma  = 0
     Number of time indices = 0
     Number of time point samples = 0
Stage 3 State
   Image metric = CC
     Fixed image = Image (0x561d16d98d60)
  RTTI typeinfo:   itk::Image<double, 3u>
  Reference Count: 2
  Modified Time: 3162
  Debug: Off
  Object Name: 
  Observers: 
    none
  Source: (none)
  Source output name: (none)
  Release Data: Off
  Data Released: False
  Global Release Data: Off
  PipelineMTime: 0
  UpdateMTime: 2773
  RealTimeStamp: 0 seconds 
  LargestPossibleRegion: 
    Dimension: 3
    Index: [0, 0, 0]
    Size: [216, 256, 291]
  BufferedRegion: 
    Dimension: 3
    Index: [0, 0, 0]
    Size: [216, 256, 291]
  RequestedRegion: 
    Dimension: 3
    Index: [0, 0, 0]
    Size: [216, 256, 291]
  Spacing: [1, 1, 1]
  Origin: [0, 293, 0]
  Direction: 
1 0 0
0 -0 -1
0 -1 0

  IndexToPointMatrix: 
1 0 0
0 0 -1
0 -1 0

  PointToIndexMatrix: 
1 0 0
0 0 -1
0 -1 0

  Inverse Direction: 
1 0 0
0 0 -1
0 -1 0

  PixelContainer: 
    ImportImageContainer (0x561d16e1da50)
      RTTI typeinfo:   itk::ImportImageContainer<unsigned long, double>
      Reference Count: 1
      Modified Time: 2770
      Debug: Off
      Object Name: 
      Observers: 
        none
      Pointer: 0x14b82c3e6010
      Container manages memory: true
      Size: 16091136
      Capacity: 16091136

     Moving image = Image (0x561d16d96e60)
  RTTI typeinfo:   itk::Image<double, 3u>
  Reference Count: 2
  Modified Time: 3163
  Debug: Off
  Object Name: 
  Observers: 
    none
  Source: (none)
  Source output name: (none)
  Release Data: Off
  Data Released: False
  Global Release Data: Off
  PipelineMTime: 0
  UpdateMTime: 3160
  RealTimeStamp: 0 seconds 
  LargestPossibleRegion: 
    Dimension: 3
    Index: [0, 0, 0]
    Size: [160, 240, 256]
  BufferedRegion: 
    Dimension: 3
    Index: [0, 0, 0]
    Size: [160, 240, 256]
  RequestedRegion: 
    Dimension: 3
    Index: [0, 0, 0]
    Size: [160, 240, 256]
  Spacing: [1, 1, 1]
  Origin: [87.9508, 102.562, -147.639]
  Direction: 
-0.998659 -0.0436121 -0.0279129
0.043595 -0.999049 0.00121847
-0.0279395 -2.6553e-08 0.99961

  IndexToPointMatrix: 
-0.998659 -0.0436121 -0.0279129
0.043595 -0.999049 0.00121847
-0.0279395 -2.6553e-08 0.99961

  PointToIndexMatrix: 
-0.998659 0.043595 -0.0279395
-0.0436121 -0.999049 -2.65517e-08
-0.0279129 0.00121847 0.99961

  Inverse Direction: 
-0.998659 0.043595 -0.0279395
-0.0436121 -0.999049 -2.65517e-08
-0.0279129 0.00121847 0.99961

  PixelContainer: 
    ImportImageContainer (0x561d16f1dcd0)
      RTTI typeinfo:   itk::ImportImageContainer<unsigned long, double>
      Reference Count: 1
      Modified Time: 3157
      Debug: Off
      Object Name: 
      Observers: 
        none
      Pointer: 0x14b8278e5010
      Container manages memory: true
      Size: 9830400
      Capacity: 9830400

     Weighting = 0.5
     Sampling strategy = none
     Number of bins = 32
     Radius = 4
     Sampling percentage  = 1
   Transform = SyN
     Gradient step = 0.1
     Update field sigma (voxel space) = 3
     Total field sigma (voxel space) = 0
     Update field time sigma = 0
     Total field time sigma  = 0
     Number of time indices = 0
     Number of time point samples = 0
Registration using 3 total stages.

Stage 0
  iterations = 1000x500x250x100
  convergence threshold = 1e-08
  convergence window size = 10
  number of levels = 4
  using the Mattes MI metric (number of bins = 32, weight = 1, use gradient filter = 0)
  preprocessing:  winsorizing the image intensities
  preprocessing:  histogram matching the images
  Shrink factors (level 1 out of 4): [8, 8, 8]
  Shrink factors (level 2 out of 4): [4, 4, 4]
  Shrink factors (level 3 out of 4): [2, 2, 2]
  Shrink factors (level 4 out of 4): [1, 1, 1]
  smoothing sigmas per level: [4, 2, 1, 0]
  regular sampling (percentage = 0.25)

*** Running Euler3DTransform registration ***

DIAGNOSTIC,Iteration,metricValue,convergenceValue,ITERATION_TIME_INDEX,SINCE_LAST
 2DIAGNOSTIC,     1, -6.556388985960e-01, 1.797693134862e+308, 2.2212e-01, 2.2212e-01, 
 2DIAGNOSTIC,     2, -6.568588840586e-01, 1.797693134862e+308, 2.2696e-01, 4.8420e-03, 
 2DIAGNOSTIC,     3, -6.587438389339e-01, 1.797693134862e+308, 2.3181e-01, 4.8509e-03, 
