
SUBJECT_ID: s025
DATA_DIR: /home/mdugre/scratch/mri-registration-rp/datasets/ds004513


Will run Atropos segmentation with K=3. Classes labeled in order of mean intensity. Assuming CSF=1, GM=2, WM=3

The output directory "/data/derivatives/mri-registration-rp/antsBrainExtraction/sub-s025" does not exist. Making it.

    Using antsBrainExtraction with the following arguments:
      image dimension         = 3
      anatomical image        = /data/sub-s025/ses-open/anat/sub-s025_ses-open_T1w.nii.gz
      extraction template     = /opt/templates/OASIS/T_template0.nii.gz
      extraction reg. mask    = 
      extraction prior        = /opt/templates/OASIS/T_template0_BrainCerebellumProbabilityMask.nii.gz
      output prefix           = /data/derivatives/mri-registration-rp/antsBrainExtraction/sub-s025/
      output image suffix     = nii.gz

    antsAI parameters (initial alignment):
      rotation search params  = 20,0.12
      translation search params = 40,0x40x40

    N4 parameters (pre brain extraction):
      convergence             = [ 50x50x50x50,0.0000001 ]
      shrink factor           = 4
      B-spline parameters     = [ 1x1x1, 3 ]

    Atropos parameters (extraction):
       convergence            = [ 3,0.0 ]
       likelihood             = Gaussian
       initialization         = kmeans[ 3 ]
       mrf                    = [ 0.1,1x1x1 ]
       use clock random seed  = 1

---------------------  Running antsBrainExtraction.sh on nc10550.narval.calcul.quebec  ---------------------

--------------------------------------------------------------------------------------
 Bias correction of anatomical images (pre brain extraction)
   1) pre-process by truncating the image intensities
   2) run N4
--------------------------------------------------------------------------------------

BEGIN >>>>>>>>>>>>>>>>>>>>
ImageMath 3 /data/derivatives/mri-registration-rp/antsBrainExtraction/sub-s025/N4Truncated0.nii.gz TruncateImageIntensity /data/sub-s025/ses-open/anat/sub-s025_ses-open_T1w.nii.gz 0.01 0.999 256
END   <<<<<<<<<<<<<<<<<<<<


BEGIN >>>>>>>>>>>>>>>>>>>>
N4BiasFieldCorrection -d 3 -i /data/derivatives/mri-registration-rp/antsBrainExtraction/sub-s025/N4Truncated0.nii.gz -s 4 -c [ 50x50x50x50,0.0000001 ] -b [ 1x1x1, 3 ] -o /data/derivatives/mri-registration-rp/antsBrainExtraction/sub-s025/N4Corrected0.nii.gz --verbose 1

Running N4 for 3-dimensional images.

Mask not read.  Using the entire image as the mask.

Original intensity range:  [0.915749, 674.801]
Current level = 1
  Iteration 1 (of 50).   Current convergence value = 0.000271981 (threshold = 1e-07)
  Iteration 2 (of 50).   Current convergence value = 0.000241116 (threshold = 1e-07)
  Iteration 3 (of 50).   Current convergence value = 0.000215306 (threshold = 1e-07)
  Iteration 4 (of 50).   Current convergence value = 0.000193673 (threshold = 1e-07)
  Iteration 5 (of 50).   Current convergence value = 0.000175628 (threshold = 1e-07)
  Iteration 6 (of 50).   Current convergence value = 0.000160826 (threshold = 1e-07)
  Iteration 7 (of 50).   Current convergence value = 0.000149093 (threshold = 1e-07)
  Iteration 8 (of 50).   Current convergence value = 0.00013977 (threshold = 1e-07)
  Iteration 9 (of 50).   Current convergence value = 0.000132421 (threshold = 1e-07)
  Iteration 10 (of 50).   Current convergence value = 0.000127004 (threshold = 1e-07)
  Iteration 11 (of 50).   Current convergence value = 0.000122802 (threshold = 1e-07)
  Iteration 12 (of 50).   Current convergence value = 0.000119682 (threshold = 1e-07)
  Iteration 13 (of 50).   Current convergence value = 0.000117521 (threshold = 1e-07)
  Iteration 14 (of 50).   Current convergence value = 0.000116172 (threshold = 1e-07)
  Iteration 15 (of 50).   Current convergence value = 0.000115491 (threshold = 1e-07)
  Iteration 16 (of 50).   Current convergence value = 0.000115451 (threshold = 1e-07)
  Iteration 17 (of 50).   Current convergence value = 0.000115715 (threshold = 1e-07)
  Iteration 18 (of 50).   Current convergence value = 0.000116289 (threshold = 1e-07)
  Iteration 19 (of 50).   Current convergence value = 0.000117127 (threshold = 1e-07)
  Iteration 20 (of 50).   Current convergence value = 0.000118162 (threshold = 1e-07)
  Iteration 21 (of 50).   Current convergence value = 0.000119169 (threshold = 1e-07)
  Iteration 22 (of 50).   Current convergence value = 0.000120033 (threshold = 1e-07)
  Iteration 23 (of 50).   Current convergence value = 0.000121086 (threshold = 1e-07)
  Iteration 24 (of 50).   Current convergence value = 0.00012213 (threshold = 1e-07)
  Iteration 25 (of 50).   Current convergence value = 0.000123008 (threshold = 1e-07)
  Iteration 26 (of 50).   Current convergence value = 0.000124142 (threshold = 1e-07)
  Iteration 27 (of 50).   Current convergence value = 0.000125441 (threshold = 1e-07)
  Iteration 28 (of 50).   Current convergence value = 0.000126409 (threshold = 1e-07)
  Iteration 29 (of 50).   Current convergence value = 0.000127494 (threshold = 1e-07)
  Iteration 30 (of 50).   Current convergence value = 0.000128584 (threshold = 1e-07)
  Iteration 31 (of 50).   Current convergence value = 0.000129672 (threshold = 1e-07)
  Iteration 32 (of 50).   Current convergence value = 0.000130717 (threshold = 1e-07)
  Iteration 33 (of 50).   Current convergence value = 0.000131622 (threshold = 1e-07)
  Iteration 34 (of 50).   Current convergence value = 0.00013266 (threshold = 1e-07)
  Iteration 35 (of 50).   Current convergence value = 0.000133569 (threshold = 1e-07)
  Iteration 36 (of 50).   Current convergence value = 0.000134604 (threshold = 1e-07)
  Iteration 37 (of 50).   Current convergence value = 0.000135606 (threshold = 1e-07)
  Iteration 38 (of 50).   Current convergence value = 0.000136723 (threshold = 1e-07)
  Iteration 39 (of 50).   Current convergence value = 0.000137483 (threshold = 1e-07)
  Iteration 40 (of 50).   Current convergence value = 0.000138308 (threshold = 1e-07)
  Iteration 41 (of 50).   Current convergence value = 0.00013916 (threshold = 1e-07)
  Iteration 42 (of 50).   Current convergence value = 0.000139974 (threshold = 1e-07)
  Iteration 43 (of 50).   Current convergence value = 0.000140949 (threshold = 1e-07)
  Iteration 44 (of 50).   Current convergence value = 0.000141665 (threshold = 1e-07)
  Iteration 45 (of 50).   Current convergence value = 0.000142477 (threshold = 1e-07)
  Iteration 46 (of 50).   Current convergence value = 0.000143082 (threshold = 1e-07)
  Iteration 47 (of 50).   Current convergence value = 0.000143536 (threshold = 1e-07)
  Iteration 48 (of 50).   Current convergence value = 0.000144091 (threshold = 1e-07)
  Iteration 49 (of 50).   Current convergence value = 0.000144666 (threshold = 1e-07)
  Iteration 50 (of 50).   Current convergence value = 0.000145388 (threshold = 1e-07)
Current level = 2
  Iteration 1 (of 50).   Current convergence value = 0.000365892 (threshold = 1e-07)
  Iteration 2 (of 50).   Current convergence value = 0.000299067 (threshold = 1e-07)
  Iteration 3 (of 50).   Current convergence value = 0.000257802 (threshold = 1e-07)
  Iteration 4 (of 50).   Current convergence value = 0.000234365 (threshold = 1e-07)
  Iteration 5 (of 50).   Current convergence value = 0.000216355 (threshold = 1e-07)
  Iteration 6 (of 50).   Current convergence value = 0.00020163 (threshold = 1e-07)
  Iteration 7 (of 50).   Current convergence value = 0.000189598 (threshold = 1e-07)
  Iteration 8 (of 50).   Current convergence value = 0.000179771 (threshold = 1e-07)
  Iteration 9 (of 50).   Current convergence value = 0.00017124 (threshold = 1e-07)
  Iteration 10 (of 50).   Current convergence value = 0.000163976 (threshold = 1e-07)
  Iteration 11 (of 50).   Current convergence value = 0.000158139 (threshold = 1e-07)
  Iteration 12 (of 50).   Current convergence value = 0.000153457 (threshold = 1e-07)
  Iteration 13 (of 50).   Current convergence value = 0.000149172 (threshold = 1e-07)
  Iteration 14 (of 50).   Current convergence value = 0.000145487 (threshold = 1e-07)
  Iteration 15 (of 50).   Current convergence value = 0.000142364 (threshold = 1e-07)
  Iteration 16 (of 50).   Current convergence value = 0.000139595 (threshold = 1e-07)
  Iteration 17 (of 50).   Current convergence value = 0.0001299 (threshold = 1e-07)
  Iteration 18 (of 50).   Current convergence value = 0.000130185 (threshold = 1e-07)
  Iteration 19 (of 50).   Current convergence value = 0.000146526 (threshold = 1e-07)
  Iteration 20 (of 50).   Current convergence value = 0.000177873 (threshold = 1e-07)
  Iteration 21 (of 50).   Current convergence value = 0.000219231 (threshold = 1e-07)
  Iteration 22 (of 50).   Current convergence value = 0.000263259 (threshold = 1e-07)
  Iteration 23 (of 50).   Current convergence value = 0.000313085 (threshold = 1e-07)
  Iteration 24 (of 50).   Current convergence value = 0.000370804 (threshold = 1e-07)
  Iteration 25 (of 50).   Current convergence value = 0.000431055 (threshold = 1e-07)
  Iteration 26 (of 50).   Current convergence value = 0.000495348 (threshold = 1e-07)
  Iteration 27 (of 50).   Current convergence value = 0.000565536 (threshold = 1e-07)
  Iteration 28 (of 50).   Current convergence value = 0.000638398 (threshold = 1e-07)
  Iteration 29 (of 50).   Current convergence value = 0.00071526 (threshold = 1e-07)
  Iteration 30 (of 50).   Current convergence value = 0.000794014 (threshold = 1e-07)
  Iteration 31 (of 50).   Current convergence value = 0.000893842 (threshold = 1e-07)
  Iteration 32 (of 50).   Current convergence value = 0.000830073 (threshold = 1e-07)
  Iteration 33 (of 50).   Current convergence value = 0.000737472 (threshold = 1e-07)
  Iteration 34 (of 50).   Current convergence value = 0.000664938 (threshold = 1e-07)
  Iteration 35 (of 50).   Current convergence value = 0.000600632 (threshold = 1e-07)
  Iteration 36 (of 50).   Current convergence value = 0.000544787 (threshold = 1e-07)
  Iteration 37 (of 50).   Current convergence value = 0.000488442 (threshold = 1e-07)
  Iteration 38 (of 50).   Current convergence value = 0.000426696 (threshold = 1e-07)
  Iteration 39 (of 50).   Current convergence value = 0.000370936 (threshold = 1e-07)
  Iteration 40 (of 50).   Current convergence value = 0.000320441 (threshold = 1e-07)
  Iteration 41 (of 50).   Current convergence value = 0.000278356 (threshold = 1e-07)
  Iteration 42 (of 50).   Current convergence value = 0.000244526 (threshold = 1e-07)
  Iteration 43 (of 50).   Current convergence value = 0.000218266 (threshold = 1e-07)
  Iteration 44 (of 50).   Current convergence value = 0.000197783 (threshold = 1e-07)
  Iteration 45 (of 50).   Current convergence value = 0.000178871 (threshold = 1e-07)
  Iteration 46 (of 50).   Current convergence value = 0.000162983 (threshold = 1e-07)
  Iteration 47 (of 50).   Current convergence value = 0.000150834 (threshold = 1e-07)
  Iteration 48 (of 50).   Current convergence value = 0.000142693 (threshold = 1e-07)
  Iteration 49 (of 50).   Current convergence value = 0.000137505 (threshold = 1e-07)
  Iteration 50 (of 50).   Current convergence value = 0.000129151 (threshold = 1e-07)
Current level = 3
  Iteration 1 (of 50).   Current convergence value = 0.000849957 (threshold = 1e-07)
  Iteration 2 (of 50).   Current convergence value = 0.000750235 (threshold = 1e-07)
  Iteration 3 (of 50).   Current convergence value = 0.000702623 (threshold = 1e-07)
  Iteration 4 (of 50).   Current convergence value = 0.000656571 (threshold = 1e-07)
  Iteration 5 (of 50).   Current convergence value = 0.000639466 (threshold = 1e-07)
  Iteration 6 (of 50).   Current convergence value = 0.000644264 (threshold = 1e-07)
  Iteration 7 (of 50).   Current convergence value = 0.000658524 (threshold = 1e-07)
  Iteration 8 (of 50).   Current convergence value = 0.000672572 (threshold = 1e-07)
  Iteration 9 (of 50).   Current convergence value = 0.000685239 (threshold = 1e-07)
  Iteration 10 (of 50).   Current convergence value = 0.000691418 (threshold = 1e-07)
  Iteration 11 (of 50).   Current convergence value = 0.000692899 (threshold = 1e-07)
  Iteration 12 (of 50).   Current convergence value = 0.000690117 (threshold = 1e-07)
  Iteration 13 (of 50).   Current convergence value = 0.000690651 (threshold = 1e-07)
  Iteration 14 (of 50).   Current convergence value = 0.000638577 (threshold = 1e-07)
  Iteration 15 (of 50).   Current convergence value = 0.000555574 (threshold = 1e-07)
  Iteration 16 (of 50).   Current convergence value = 0.000480121 (threshold = 1e-07)
  Iteration 17 (of 50).   Current convergence value = 0.000463697 (threshold = 1e-07)
  Iteration 18 (of 50).   Current convergence value = 0.000569735 (threshold = 1e-07)
  Iteration 19 (of 50).   Current convergence value = 0.000797321 (threshold = 1e-07)
  Iteration 20 (of 50).   Current convergence value = 0.00113611 (threshold = 1e-07)
  Iteration 21 (of 50).   Current convergence value = 0.00097435 (threshold = 1e-07)
  Iteration 22 (of 50).   Current convergence value = 0.000754784 (threshold = 1e-07)
  Iteration 23 (of 50).   Current convergence value = 0.000623569 (threshold = 1e-07)
  Iteration 24 (of 50).   Current convergence value = 0.000515687 (threshold = 1e-07)
  Iteration 25 (of 50).   Current convergence value = 0.000446797 (threshold = 1e-07)
  Iteration 26 (of 50).   Current convergence value = 0.000409446 (threshold = 1e-07)
  Iteration 27 (of 50).   Current convergence value = 0.000394751 (threshold = 1e-07)
  Iteration 28 (of 50).   Current convergence value = 0.000390927 (threshold = 1e-07)
  Iteration 29 (of 50).   Current convergence value = 0.000386823 (threshold = 1e-07)
  Iteration 30 (of 50).   Current convergence value = 0.000385032 (threshold = 1e-07)
  Iteration 31 (of 50).   Current convergence value = 0.000382095 (threshold = 1e-07)
  Iteration 32 (of 50).   Current convergence value = 0.00038038 (threshold = 1e-07)
  Iteration 33 (of 50).   Current convergence value = 0.000377954 (threshold = 1e-07)
  Iteration 34 (of 50).   Current convergence value = 0.000374779 (threshold = 1e-07)
  Iteration 35 (of 50).   Current convergence value = 0.000368663 (threshold = 1e-07)
  Iteration 36 (of 50).   Current convergence value = 0.000365013 (threshold = 1e-07)
  Iteration 37 (of 50).   Current convergence value = 0.000361316 (threshold = 1e-07)
  Iteration 38 (of 50).   Current convergence value = 0.000359683 (threshold = 1e-07)
  Iteration 39 (of 50).   Current convergence value = 0.000358644 (threshold = 1e-07)
  Iteration 40 (of 50).   Current convergence value = 0.000359221 (threshold = 1e-07)
  Iteration 41 (of 50).   Current convergence value = 0.000359986 (threshold = 1e-07)
  Iteration 42 (of 50).   Current convergence value = 0.000360173 (threshold = 1e-07)
  Iteration 43 (of 50).   Current convergence value = 0.000360803 (threshold = 1e-07)
  Iteration 44 (of 50).   Current convergence value = 0.00036127 (threshold = 1e-07)
  Iteration 45 (of 50).   Current convergence value = 0.000361874 (threshold = 1e-07)
  Iteration 46 (of 50).   Current convergence value = 0.000362452 (threshold = 1e-07)
  Iteration 47 (of 50).   Current convergence value = 0.000362976 (threshold = 1e-07)
  Iteration 48 (of 50).   Current convergence value = 0.000363454 (threshold = 1e-07)
  Iteration 49 (of 50).   Current convergence value = 0.000364156 (threshold = 1e-07)
  Iteration 50 (of 50).   Current convergence value = 0.000364035 (threshold = 1e-07)
Current level = 4
  Iteration 1 (of 50).   Current convergence value = 0.00141935 (threshold = 1e-07)
  Iteration 2 (of 50).   Current convergence value = 0.00134595 (threshold = 1e-07)
  Iteration 3 (of 50).   Current convergence value = 0.00132415 (threshold = 1e-07)
  Iteration 4 (of 50).   Current convergence value = 0.0013135 (threshold = 1e-07)
  Iteration 5 (of 50).   Current convergence value = 0.00130599 (threshold = 1e-07)
  Iteration 6 (of 50).   Current convergence value = 0.00129321 (threshold = 1e-07)
  Iteration 7 (of 50).   Current convergence value = 0.00126625 (threshold = 1e-07)
  Iteration 8 (of 50).   Current convergence value = 0.00123313 (threshold = 1e-07)
  Iteration 9 (of 50).   Current convergence value = 0.00119592 (threshold = 1e-07)
  Iteration 10 (of 50).   Current convergence value = 0.0011705 (threshold = 1e-07)
  Iteration 11 (of 50).   Current convergence value = 0.00119669 (threshold = 1e-07)
  Iteration 12 (of 50).   Current convergence value = 0.00135458 (threshold = 1e-07)
  Iteration 13 (of 50).   Current convergence value = 0.00172904 (threshold = 1e-07)
  Iteration 14 (of 50).   Current convergence value = 0.00153566 (threshold = 1e-07)
  Iteration 15 (of 50).   Current convergence value = 0.00134734 (threshold = 1e-07)
  Iteration 16 (of 50).   Current convergence value = 0.00120239 (threshold = 1e-07)
  Iteration 17 (of 50).   Current convergence value = 0.00111457 (threshold = 1e-07)
  Iteration 18 (of 50).   Current convergence value = 0.00107061 (threshold = 1e-07)
  Iteration 19 (of 50).   Current convergence value = 0.00105026 (threshold = 1e-07)
  Iteration 20 (of 50).   Current convergence value = 0.00103791 (threshold = 1e-07)
  Iteration 21 (of 50).   Current convergence value = 0.00102856 (threshold = 1e-07)
  Iteration 22 (of 50).   Current convergence value = 0.00101917 (threshold = 1e-07)
  Iteration 23 (of 50).   Current convergence value = 0.00100905 (threshold = 1e-07)
  Iteration 24 (of 50).   Current convergence value = 0.000998211 (threshold = 1e-07)
  Iteration 25 (of 50).   Current convergence value = 0.000985338 (threshold = 1e-07)
  Iteration 26 (of 50).   Current convergence value = 0.000970331 (threshold = 1e-07)
  Iteration 27 (of 50).   Current convergence value = 0.000954058 (threshold = 1e-07)
  Iteration 28 (of 50).   Current convergence value = 0.000936539 (threshold = 1e-07)
  Iteration 29 (of 50).   Current convergence value = 0.000919622 (threshold = 1e-07)
  Iteration 30 (of 50).   Current convergence value = 0.000901626 (threshold = 1e-07)
  Iteration 31 (of 50).   Current convergence value = 0.000884156 (threshold = 1e-07)
  Iteration 32 (of 50).   Current convergence value = 0.000866504 (threshold = 1e-07)
  Iteration 33 (of 50).   Current convergence value = 0.000848882 (threshold = 1e-07)
  Iteration 34 (of 50).   Current convergence value = 0.000831777 (threshold = 1e-07)
  Iteration 35 (of 50).   Current convergence value = 0.00081564 (threshold = 1e-07)
  Iteration 36 (of 50).   Current convergence value = 0.000799858 (threshold = 1e-07)
  Iteration 37 (of 50).   Current convergence value = 0.000785339 (threshold = 1e-07)
  Iteration 38 (of 50).   Current convergence value = 0.000771929 (threshold = 1e-07)
  Iteration 39 (of 50).   Current convergence value = 0.000759362 (threshold = 1e-07)
  Iteration 40 (of 50).   Current convergence value = 0.000746973 (threshold = 1e-07)
  Iteration 41 (of 50).   Current convergence value = 0.000735192 (threshold = 1e-07)
  Iteration 42 (of 50).   Current convergence value = 0.000723449 (threshold = 1e-07)
  Iteration 43 (of 50).   Current convergence value = 0.00071222 (threshold = 1e-07)
  Iteration 44 (of 50).   Current convergence value = 0.000701052 (threshold = 1e-07)
  Iteration 45 (of 50).   Current convergence value = 0.000690938 (threshold = 1e-07)
  Iteration 46 (of 50).   Current convergence value = 0.000680431 (threshold = 1e-07)
  Iteration 47 (of 50).   Current convergence value = 0.000670678 (threshold = 1e-07)
  Iteration 48 (of 50).   Current convergence value = 0.000661423 (threshold = 1e-07)
  Iteration 49 (of 50).   Current convergence value = 0.000652373 (threshold = 1e-07)
  Iteration 50 (of 50).   Current convergence value = 0.00064343 (threshold = 1e-07)
   N4BiasFieldCorrectionImageFilter (0x55f84a781830)
     RTTI typeinfo:   itk::N4BiasFieldCorrectionImageFilter<itk::Image<float, 3u>, itk::Image<float, 3u>, itk::Image<float, 3u> >
     Reference Count: 1
     Modified Time: 678
     Debug: Off
     Object Name: 
     Observers: 
       IterationEvent(Command)
     Inputs: 
       ConfidenceImage: (0)
       MaskImage: (0x55f84a80d330)
       Primary: (0x55f84a80db70) *
     Indexed Inputs: 
       0: Primary (0x55f84a80db70)
       1: MaskImage (0x55f84a80d330)
       2: ConfidenceImage (0)
     Required Input Names: Primary
     NumberOfRequiredInputs: 1
     Outputs: 
       Primary: (0x55f84a795880)
     Indexed Outputs: 
       0: Primary (0x55f84a795880)
     NumberOfRequiredOutputs: 1
     Number Of Work Units: 128
     ReleaseDataFlag: Off
     ReleaseDataBeforeUpdateFlag: Off
     AbortGenerateData: Off
     Progress: 0
     Multithreader: 
       RTTI typeinfo:   itk::PoolMultiThreader
       Reference Count: 1
       Modified Time: 140
       Debug: Off
       Object Name: 
       Observers: 
         none
       Number of Work Units: 128
       Number of Threads: 64
       Global Maximum Number Of Threads: 128
       Global Default Number Of Threads: 64
       Global Default Threader Type: itk::MultiThreaderBaseEnums::Threader::Pool
       SingleMethod: 0
       SingleData: 0
     DynamicMultiThreading: On
     CoordinateTolerance: 1e-06
     DirectionTolerance: 1e-06
     Use Mask Label: 0
     Mask label: 1
     Number of histogram bins: 200
     Wiener filter noise: 0.01
     Bias field FWHM: 0.15
     Maximum number of iterations: [50, 50, 50, 50]
     Convergence threshold: 1e-07
     Spline order: 3
     Number of fitting levels: [4, 4, 4]
     Number of control points: [4, 4, 4]
     CurrentConvergenceMeasurement: 0.00064343
     CurrentLevel: 4
     ElapsedIterations: 51
     LogBiasFieldControlPointLattice: 
       Image (0x55f84a83ddf0)
         RTTI typeinfo:   itk::Image<itk::Vector<float, 1u>, 3u>
         Reference Count: 1
         Modified Time: 980403
         Debug: Off
         Object Name: 
         Observers: 
           none
         Source: (none)
         Source output name: (none)
         Release Data: Off
         Data Released: False
         Global Release Data: Off
         PipelineMTime: 0
         UpdateMTime: 0
         RealTimeStamp: 0 seconds 
         LargestPossibleRegion: 
           Dimension: 3
           Index: [0, 0, 0]
           Size: [11, 11, 11]
         BufferedRegion: 
           Dimension: 3
           Index: [0, 0, 0]
           Size: [11, 11, 11]
         RequestedRegion: 
           Dimension: 3
           Index: [0, 0, 0]
           Size: [11, 11, 11]
         Spacing: [21.5, 29.5, 31.5]
         Origin: [22.5859, 29.5002, -30.7305]
         Direction: 
-0.999391 7.48184e-06 -0.0348969
-7.47664e-06 -1 -2.7953e-07
-0.0348969 -1.84481e-08 0.999391

         IndexToPointMatrix: 
-21.4869 0.000220714 -1.09925
-0.000160748 -29.5 -8.80519e-06
-0.750282 -5.44218e-07 31.4808

         PointToIndexMatrix: 
-0.0464834 -3.47751e-07 -0.00162311
2.53622e-07 -0.0338983 -6.2536e-10
-0.00110784 -8.87396e-09 0.0317267

         Inverse Direction: 
-0.999391 -7.47664e-06 -0.0348969
7.48184e-06 -1 -1.84481e-08
-0.0348969 -2.7953e-07 0.999391

         PixelContainer: 
           ImportImageContainer (0x55f84aec31f0)
             RTTI typeinfo:   itk::ImportImageContainer<unsigned long, itk::Vector<float, 1u> >
             Reference Count: 1
             Modified Time: 980404
             Debug: Off
             Object Name: 
             Observers: 
               none
             Pointer: 0x55f84a848b10
             Container manages memory: true
             Size: 1331
             Capacity: 1331
Elapsed time: 13.977
END   <<<<<<<<<<<<<<<<<<<<



--------------------------------------------------------------------------------------
 Done with N4 correction (pre brain extraction):  0h 0m 19s
--------------------------------------------------------------------------------------


--------------------------------------------------------------------------------------
 Brain extraction using the following steps:
   1) Register /opt/templates/OASIS/T_template0.nii.gz to /data/derivatives/mri-registration-rp/antsBrainExtraction/sub-s025/N4Corrected0.nii.gz
   2) Warp /opt/templates/OASIS/T_template0_BrainCerebellumProbabilityMask.nii.gz to /data/sub-s025/ses-open/anat/sub-s025_ses-open_T1w.nii.gz using, from 1),
      /data/derivatives/mri-registration-rp/antsBrainExtraction/sub-s025/BrainExtractionWarp/Affine
   3) Refine segmentation results using Atropos
--------------------------------------------------------------------------------------

BEGIN >>>>>>>>>>>>>>>>>>>>
ImageMath 3 /data/derivatives/mri-registration-rp/antsBrainExtraction/sub-s025/BrainExtractionLaplacian.nii.gz Laplacian /data/derivatives/mri-registration-rp/antsBrainExtraction/sub-s025/N4Corrected0.nii.gz 1.5 1
END   <<<<<<<<<<<<<<<<<<<<


BEGIN >>>>>>>>>>>>>>>>>>>>
ImageMath 3 /data/derivatives/mri-registration-rp/antsBrainExtraction/sub-s025/BrainExtractionTemplateLaplacian.nii.gz Laplacian /opt/templates/OASIS/T_template0.nii.gz 1.5 1
END   <<<<<<<<<<<<<<<<<<<<


BEGIN >>>>>>>>>>>>>>>>>>>>
SmoothImage 3 /opt/templates/OASIS/T_template0.nii.gz 4 /data/derivatives/mri-registration-rp/antsBrainExtraction/sub-s025/BrainExtractionInitialAffineFixed.nii.gz
END   <<<<<<<<<<<<<<<<<<<<


BEGIN >>>>>>>>>>>>>>>>>>>>
SmoothImage 3 /data/derivatives/mri-registration-rp/antsBrainExtraction/sub-s025/N4Corrected0.nii.gz 4 /data/derivatives/mri-registration-rp/antsBrainExtraction/sub-s025/BrainExtractionInitialAffineMoving.nii.gz
END   <<<<<<<<<<<<<<<<<<<<


BEGIN >>>>>>>>>>>>>>>>>>>>
ResampleImageBySpacing 3 /data/derivatives/mri-registration-rp/antsBrainExtraction/sub-s025/BrainExtractionInitialAffineFixed.nii.gz /data/derivatives/mri-registration-rp/antsBrainExtraction/sub-s025/BrainExtractionInitialAffineFixed.nii.gz 5 5 5 0
 spacing [1, 1, 1] dim 3
 spacing2 [5, 5, 5]
 out space [5, 5, 5]
 output size [43, 51, 58] spc [5, 5, 5]
END   <<<<<<<<<<<<<<<<<<<<


BEGIN >>>>>>>>>>>>>>>>>>>>
ResampleImageBySpacing 3 /data/derivatives/mri-registration-rp/antsBrainExtraction/sub-s025/BrainExtractionInitialAffineMoving.nii.gz /data/derivatives/mri-registration-rp/antsBrainExtraction/sub-s025/BrainExtractionInitialAffineMoving.nii.gz 5 5 5 0
 spacing [0.999999, 1, 1] dim 3
 spacing2 [5, 5, 5]
 out space [5, 5, 5]
 output size [35, 48, 51] spc [5, 5, 5]
END   <<<<<<<<<<<<<<<<<<<<


BEGIN >>>>>>>>>>>>>>>>>>>>
antsAI -d 3 -v 1 -m Mattes[ /data/derivatives/mri-registration-rp/antsBrainExtraction/sub-s025/BrainExtractionInitialAffineFixed.nii.gz,/data/derivatives/mri-registration-rp/antsBrainExtraction/sub-s025/BrainExtractionInitialAffineMoving.nii.gz,32,Regular,0.2 ] -t Affine[ 0.1 ] -s [ 20,0.12 ] -g [ 40,0x40x40 ] -p 0 -c 10 -o /data/derivatives/mri-registration-rp/antsBrainExtraction/sub-s025/BrainExtractionInitialAffine.mat
Using the Mattes MI metric (number of bins = 32)
Starting optimizer with 243 starting points

Iteration/Total,MetricValue
24/243,-0.479614
48/243,-0.524088
72/243,-0.478754
96/243,-0.482626
120/243,-0.527401
144/243,-0.467878
168/243,-0.489171
192/243,-0.528446
216/243,-0.602344
240/243,-0.578618

Optimization complete. Best metric value: -0.65376
END   <<<<<<<<<<<<<<<<<<<<


BEGIN >>>>>>>>>>>>>>>>>>>>
antsRegistration -d 3 -u 1 -w [ 0.025,0.975 ] -o /data/derivatives/mri-registration-rp/antsBrainExtraction/sub-s025/BrainExtractionPrior -r /data/derivatives/mri-registration-rp/antsBrainExtraction/sub-s025/BrainExtractionInitialAffine.mat -z 1 --float 0 --verbose 1 -m MI[ /opt/templates/OASIS/T_template0.nii.gz,/data/derivatives/mri-registration-rp/antsBrainExtraction/sub-s025/N4Corrected0.nii.gz,1,32,Regular,0.25 ] -c [ 1000x500x250x100,1e-8,10 ] -t Rigid[ 0.1 ] -f 8x4x2x1 -s 4x2x1x0 -m MI[ /opt/templates/OASIS/T_template0.nii.gz,/data/derivatives/mri-registration-rp/antsBrainExtraction/sub-s025/N4Corrected0.nii.gz,1,32,Regular,0.25 ] -c [ 1000x500x250x100,1e-8,10 ] -t Affine[ 0.1 ] -f 8x4x2x1 -s 4x2x1x0 -m CC[ /opt/templates/OASIS/T_template0.nii.gz,/data/derivatives/mri-registration-rp/antsBrainExtraction/sub-s025/N4Corrected0.nii.gz,0.5,4 ] -m CC[ /data/derivatives/mri-registration-rp/antsBrainExtraction/sub-s025/BrainExtractionTemplateLaplacian.nii.gz,/data/derivatives/mri-registration-rp/antsBrainExtraction/sub-s025/BrainExtractionLaplacian.nii.gz,0.5,4 ] -c [ 50x10x0,1e-9,15 ] -t SyN[ 0.1,3,0 ] -f 4x2x1 -s 2x1x0
All_Command_lines_OK
Using double precision for computations.
=============================================================================
The composite transform comprises the following transforms (in order): 
  1. /data/derivatives/mri-registration-rp/antsBrainExtraction/sub-s025/BrainExtractionInitialAffine.mat (type = AffineTransform)
=============================================================================
  number of levels = 4
  number of levels = 4
  number of levels = 3
  fixed image: /opt/templates/OASIS/T_template0.nii.gz
  moving image: /data/derivatives/mri-registration-rp/antsBrainExtraction/sub-s025/N4Corrected0.nii.gz
  fixed image: /opt/templates/OASIS/T_template0.nii.gz
  moving image: /data/derivatives/mri-registration-rp/antsBrainExtraction/sub-s025/N4Corrected0.nii.gz
  fixed image: /opt/templates/OASIS/T_template0.nii.gz
  moving image: /data/derivatives/mri-registration-rp/antsBrainExtraction/sub-s025/N4Corrected0.nii.gz
  fixed image: /data/derivatives/mri-registration-rp/antsBrainExtraction/sub-s025/BrainExtractionTemplateLaplacian.nii.gz
  moving image: /data/derivatives/mri-registration-rp/antsBrainExtraction/sub-s025/BrainExtractionLaplacian.nii.gz
Dimension = 3
Number of stages = 3
Use histogram matching = true
Winsorize image intensities = true
  Lower quantile = 0.025
  Upper quantile = 0.975


Stage 1 State
   Image metric = MattesMI
     Fixed image = Image (0x560dc62ca990)
  RTTI typeinfo:   itk::Image<double, 3u>
  Reference Count: 2
  Modified Time: 1612
  Debug: Off
  Object Name: 
  Observers: 
    none
  Source: (none)
  Source output name: (none)
  Release Data: Off
  Data Released: False
  Global Release Data: Off
  PipelineMTime: 0
  UpdateMTime: 1221
  RealTimeStamp: 0 seconds 
  LargestPossibleRegion: 
    Dimension: 3
    Index: [0, 0, 0]
    Size: [216, 256, 291]
  BufferedRegion: 
    Dimension: 3
    Index: [0, 0, 0]
    Size: [216, 256, 291]
  RequestedRegion: 
    Dimension: 3
    Index: [0, 0, 0]
    Size: [216, 256, 291]
  Spacing: [1, 1, 1]
  Origin: [0, 293, 0]
  Direction: 
1 0 0
0 -0 -1
0 -1 0

  IndexToPointMatrix: 
1 0 0
0 0 -1
0 -1 0

  PointToIndexMatrix: 
1 0 0
0 0 -1
0 -1 0

  Inverse Direction: 
1 0 0
0 0 -1
0 -1 0

  PixelContainer: 
    ImportImageContainer (0x560dc62e4210)
      RTTI typeinfo:   itk::ImportImageContainer<unsigned long, double>
      Reference Count: 1
      Modified Time: 1218
      Debug: Off
      Object Name: 
      Observers: 
        none
      Pointer: 0x1490c5461010
      Container manages memory: true
      Size: 16091136
      Capacity: 16091136

     Moving image = Image (0x560dc62ddd00)
  RTTI typeinfo:   itk::Image<double, 3u>
  Reference Count: 2
  Modified Time: 1613
  Debug: Off
  Object Name: 
  Observers: 
    none
  Source: (none)
  Source output name: (none)
  Release Data: Off
  Data Released: False
  Global Release Data: Off
  PipelineMTime: 0
  UpdateMTime: 1610
  RealTimeStamp: 0 seconds 
  LargestPossibleRegion: 
    Dimension: 3
    Index: [0, 0, 0]
    Size: [176, 240, 256]
  BufferedRegion: 
    Dimension: 3
    Index: [0, 0, 0]
    Size: [176, 240, 256]
  RequestedRegion: 
    Dimension: 3
    Index: [0, 0, 0]
    Size: [176, 240, 256]
  Spacing: [0.999999, 1, 1]
  Origin: [90.3778, 84.5091, -154.071]
  Direction: 
-0.999391 7.48184e-06 -0.0348969
-7.47664e-06 -1 -2.7953e-07
-0.0348969 -1.84481e-08 0.999391

  IndexToPointMatrix: 
-0.99939 7.48184e-06 -0.0348969
-7.47663e-06 -1 -2.7953e-07
-0.0348968 -1.84481e-08 0.999391

  PointToIndexMatrix: 
-0.999392 -7.47665e-06 -0.0348969
7.48184e-06 -1 -1.84481e-08
-0.0348969 -2.7953e-07 0.999391

  Inverse Direction: 
-0.999391 -7.47664e-06 -0.0348969
7.48184e-06 -1 -1.84481e-08
-0.0348969 -2.7953e-07 0.999391

  PixelContainer: 
    ImportImageContainer (0x560dc62ec090)
      RTTI typeinfo:   itk::ImportImageContainer<unsigned long, double>
      Reference Count: 1
      Modified Time: 1607
      Debug: Off
      Object Name: 
      Observers: 
        none
      Pointer: 0x1490c01e0010
      Container manages memory: true
      Size: 10813440
      Capacity: 10813440

     Weighting = 1
     Sampling strategy = regular
     Number of bins = 32
     Radius = 4
     Sampling percentage  = 0.25
   Transform = Rigid
     Gradient step = 0.1
     Update field sigma (voxel space) = 0
     Total field sigma (voxel space) = 0
     Update field time sigma = 0
     Total field time sigma  = 0
     Number of time indices = 0
     Number of time point samples = 0
Stage 2 State
   Image metric = MattesMI
     Fixed image = Image (0x560dc62eb540)
  RTTI typeinfo:   itk::Image<double, 3u>
  Reference Count: 2
  Modified Time: 2390
  Debug: Off
  Object Name: 
  Observers: 
    none
  Source: (none)
  Source output name: (none)
  Release Data: Off
  Data Released: False
  Global Release Data: Off
  PipelineMTime: 0
  UpdateMTime: 1999
  RealTimeStamp: 0 seconds 
  LargestPossibleRegion: 
    Dimension: 3
    Index: [0, 0, 0]
    Size: [216, 256, 291]
  BufferedRegion: 
    Dimension: 3
    Index: [0, 0, 0]
    Size: [216, 256, 291]
  RequestedRegion: 
    Dimension: 3
    Index: [0, 0, 0]
    Size: [216, 256, 291]
  Spacing: [1, 1, 1]
  Origin: [0, 293, 0]
  Direction: 
1 0 0
0 -0 -1
0 -1 0

  IndexToPointMatrix: 
1 0 0
0 0 -1
0 -1 0

  PointToIndexMatrix: 
1 0 0
0 0 -1
0 -1 0

  Inverse Direction: 
1 0 0
0 0 -1
0 -1 0

  PixelContainer: 
    ImportImageContainer (0x560dc63cfb50)
      RTTI typeinfo:   itk::ImportImageContainer<unsigned long, double>
      Reference Count: 1
      Modified Time: 1996
      Debug: Off
      Object Name: 
      Observers: 
        none
      Pointer: 0x1490b871b010
      Container manages memory: true
      Size: 16091136
      Capacity: 16091136

     Moving image = Image (0x560dc62e5c80)
  RTTI typeinfo:   itk::Image<double, 3u>
  Reference Count: 2
  Modified Time: 2391
  Debug: Off
  Object Name: 
  Observers: 
    none
  Source: (none)
  Source output name: (none)
  Release Data: Off
  Data Released: False
  Global Release Data: Off
  PipelineMTime: 0
  UpdateMTime: 2388
  RealTimeStamp: 0 seconds 
  LargestPossibleRegion: 
    Dimension: 3
    Index: [0, 0, 0]
    Size: [176, 240, 256]
  BufferedRegion: 
    Dimension: 3
    Index: [0, 0, 0]
    Size: [176, 240, 256]
  RequestedRegion: 
    Dimension: 3
    Index: [0, 0, 0]
    Size: [176, 240, 256]
  Spacing: [0.999999, 1, 1]
  Origin: [90.3778, 84.5091, -154.071]
  Direction: 
-0.999391 7.48184e-06 -0.0348969
-7.47664e-06 -1 -2.7953e-07
-0.0348969 -1.84481e-08 0.999391

  IndexToPointMatrix: 
-0.99939 7.48184e-06 -0.0348969
-7.47663e-06 -1 -2.7953e-07
-0.0348968 -1.84481e-08 0.999391

  PointToIndexMatrix: 
-0.999392 -7.47665e-06 -0.0348969
7.48184e-06 -1 -1.84481e-08
-0.0348969 -2.7953e-07 0.999391

  Inverse Direction: 
-0.999391 -7.47664e-06 -0.0348969
7.48184e-06 -1 -1.84481e-08
-0.0348969 -2.7953e-07 0.999391

  PixelContainer: 
    ImportImageContainer (0x560dc638fa50)
      RTTI typeinfo:   itk::ImportImageContainer<unsigned long, double>
      Reference Count: 1
      Modified Time: 2385
      Debug: Off
      Object Name: 
      Observers: 
        none
      Pointer: 0x1490b349a010
      Container manages memory: true
      Size: 10813440
      Capacity: 10813440

     Weighting = 1
     Sampling strategy = regular
     Number of bins = 32
     Radius = 4
     Sampling percentage  = 0.25
   Transform = Affine
     Gradient step = 0.1
     Update field sigma (voxel space) = 0
     Total field sigma (voxel space) = 0
     Update field time sigma = 0
     Total field time sigma  = 0
     Number of time indices = 0
     Number of time point samples = 0
Stage 3 State
   Image metric = CC
     Fixed image = Image (0x560dc62e6460)
  RTTI typeinfo:   itk::Image<double, 3u>
  Reference Count: 2
  Modified Time: 3168
  Debug: Off
  Object Name: 
  Observers: 
    none
  Source: (none)
  Source output name: (none)
  Release Data: Off
  Data Released: False
  Global Release Data: Off
  PipelineMTime: 0
  UpdateMTime: 2777
  RealTimeStamp: 0 seconds 
  LargestPossibleRegion: 
    Dimension: 3
    Index: [0, 0, 0]
    Size: [216, 256, 291]
  BufferedRegion: 
    Dimension: 3
    Index: [0, 0, 0]
    Size: [216, 256, 291]
  RequestedRegion: 
    Dimension: 3
    Index: [0, 0, 0]
    Size: [216, 256, 291]
  Spacing: [1, 1, 1]
  Origin: [0, 293, 0]
  Direction: 
1 0 0
0 -0 -1
0 -1 0

  IndexToPointMatrix: 
1 0 0
0 0 -1
0 -1 0

  PointToIndexMatrix: 
1 0 0
0 0 -1
0 -1 0

  Inverse Direction: 
1 0 0
0 0 -1
0 -1 0

  PixelContainer: 
    ImportImageContainer (0x560dc640fc10)
      RTTI typeinfo:   itk::ImportImageContainer<unsigned long, double>
      Reference Count: 1
      Modified Time: 2774
      Debug: Off
      Object Name: 
      Observers: 
        none
      Pointer: 0x1490ab9d5010
      Container manages memory: true
      Size: 16091136
      Capacity: 16091136

     Moving image = Image (0x560dc62e8980)
  RTTI typeinfo:   itk::Image<double, 3u>
  Reference Count: 2
  Modified Time: 3169
  Debug: Off
  Object Name: 
  Observers: 
    none
  Source: (none)
  Source output name: (none)
  Release Data: Off
  Data Released: False
  Global Release Data: Off
  PipelineMTime: 0
  UpdateMTime: 3166
  RealTimeStamp: 0 seconds 
  LargestPossibleRegion: 
    Dimension: 3
    Index: [0, 0, 0]
    Size: [176, 240, 256]
  BufferedRegion: 
    Dimension: 3
    Index: [0, 0, 0]
    Size: [176, 240, 256]
  RequestedRegion: 
    Dimension: 3
    Index: [0, 0, 0]
    Size: [176, 240, 256]
  Spacing: [0.999999, 1, 1]
  Origin: [90.3778, 84.5091, -154.071]
  Direction: 
-0.999391 7.48184e-06 -0.0348969
-7.47664e-06 -1 -2.7953e-07
-0.0348969 -1.84481e-08 0.999391

  IndexToPointMatrix: 
-0.99939 7.48184e-06 -0.0348969
-7.47663e-06 -1 -2.7953e-07
-0.0348968 -1.84481e-08 0.999391

  PointToIndexMatrix: 
-0.999392 -7.47665e-06 -0.0348969
7.48184e-06 -1 -1.84481e-08
-0.0348969 -2.7953e-07 0.999391

  Inverse Direction: 
-0.999391 -7.47664e-06 -0.0348969
7.48184e-06 -1 -1.84481e-08
-0.0348969 -2.7953e-07 0.999391

  PixelContainer: 
    ImportImageContainer (0x560dc648fd10)
      RTTI typeinfo:   itk::ImportImageContainer<unsigned long, double>
      Reference Count: 1
      Modified Time: 3163
      Debug: Off
      Object Name: 
      Observers: 
        none
      Pointer: 0x1490a6754010
      Container manages memory: true
      Size: 10813440
      Capacity: 10813440

     Weighting = 0.5
     Sampling strategy = none
     Number of bins = 32
     Radius = 4
     Sampling percentage  = 1
   Transform = SyN
     Gradient step = 0.1
     Update field sigma (voxel space) = 3
     Total field sigma (voxel space) = 0
     Update field time sigma = 0
     Total field time sigma  = 0
     Number of time indices = 0
     Number of time point samples = 0
Registration using 3 total stages.

Stage 0
  iterations = 1000x500x250x100
  convergence threshold = 1e-08
  convergence window size = 10
  number of levels = 4
  using the Mattes MI metric (number of bins = 32, weight = 1, use gradient filter = 0)
  preprocessing:  winsorizing the image intensities
  preprocessing:  histogram matching the images
  Shrink factors (level 1 out of 4): [8, 8, 8]
  Shrink factors (level 2 out of 4): [4, 4, 4]
  Shrink factors (level 3 out of 4): [2, 2, 2]
  Shrink factors (level 4 out of 4): [1, 1, 1]
  smoothing sigmas per level: [4, 2, 1, 0]
  regular sampling (percentage = 0.25)

*** Running Euler3DTransform registration ***

DIAGNOSTIC,Iteration,metricValue,convergenceValue,ITERATION_TIME_INDEX,SINCE_LAST
 2DIAGNOSTIC,     1, -7.090247751702e-01, 1.797693134862e+308, 2.3258e-01, 2.3258e-01, 
 2DIAGNOSTIC,     2, -7.112234926713e-01, 1.797693134862e+308, 2.3724e-01, 4.6611e-03, 
