
SUBJECT_ID: s035
DATA_DIR: /home/mdugre/scratch/mri-registration-rp/datasets/ds004513


Will run Atropos segmentation with K=3. Classes labeled in order of mean intensity. Assuming CSF=1, GM=2, WM=3

The output directory "/data/derivatives/mri-registration-rp/antsBrainExtraction/sub-s035" does not exist. Making it.

    Using antsBrainExtraction with the following arguments:
      image dimension         = 3
      anatomical image        = /data/sub-s035/ses-open/anat/sub-s035_ses-open_T1w.nii.gz
      extraction template     = /opt/templates/OASIS/T_template0.nii.gz
      extraction reg. mask    = 
      extraction prior        = /opt/templates/OASIS/T_template0_BrainCerebellumProbabilityMask.nii.gz
      output prefix           = /data/derivatives/mri-registration-rp/antsBrainExtraction/sub-s035/
      output image suffix     = nii.gz

    antsAI parameters (initial alignment):
      rotation search params  = 20,0.12
      translation search params = 40,0x40x40

    N4 parameters (pre brain extraction):
      convergence             = [ 50x50x50x50,0.0000001 ]
      shrink factor           = 4
      B-spline parameters     = [ 1x1x1, 3 ]

    Atropos parameters (extraction):
       convergence            = [ 3,0.0 ]
       likelihood             = Gaussian
       initialization         = kmeans[ 3 ]
       mrf                    = [ 0.1,1x1x1 ]
       use clock random seed  = 1

---------------------  Running antsBrainExtraction.sh on nc31002.narval.calcul.quebec  ---------------------

--------------------------------------------------------------------------------------
 Bias correction of anatomical images (pre brain extraction)
   1) pre-process by truncating the image intensities
   2) run N4
--------------------------------------------------------------------------------------

BEGIN >>>>>>>>>>>>>>>>>>>>
ImageMath 3 /data/derivatives/mri-registration-rp/antsBrainExtraction/sub-s035/N4Truncated0.nii.gz TruncateImageIntensity /data/sub-s035/ses-open/anat/sub-s035_ses-open_T1w.nii.gz 0.01 0.999 256
END   <<<<<<<<<<<<<<<<<<<<


BEGIN >>>>>>>>>>>>>>>>>>>>
N4BiasFieldCorrection -d 3 -i /data/derivatives/mri-registration-rp/antsBrainExtraction/sub-s035/N4Truncated0.nii.gz -s 4 -c [ 50x50x50x50,0.0000001 ] -b [ 1x1x1, 3 ] -o /data/derivatives/mri-registration-rp/antsBrainExtraction/sub-s035/N4Corrected0.nii.gz --verbose 1

Running N4 for 3-dimensional images.

Mask not read.  Using the entire image as the mask.

Original intensity range:  [0.966564, 653.124]
Current level = 1
  Iteration 1 (of 50).   Current convergence value = 0.000267827 (threshold = 1e-07)
  Iteration 2 (of 50).   Current convergence value = 0.000248225 (threshold = 1e-07)
  Iteration 3 (of 50).   Current convergence value = 0.000232125 (threshold = 1e-07)
  Iteration 4 (of 50).   Current convergence value = 0.000219844 (threshold = 1e-07)
  Iteration 5 (of 50).   Current convergence value = 0.000208748 (threshold = 1e-07)
  Iteration 6 (of 50).   Current convergence value = 0.000199092 (threshold = 1e-07)
  Iteration 7 (of 50).   Current convergence value = 0.000189959 (threshold = 1e-07)
  Iteration 8 (of 50).   Current convergence value = 0.000183998 (threshold = 1e-07)
  Iteration 9 (of 50).   Current convergence value = 0.000178894 (threshold = 1e-07)
  Iteration 10 (of 50).   Current convergence value = 0.000173639 (threshold = 1e-07)
  Iteration 11 (of 50).   Current convergence value = 0.000168707 (threshold = 1e-07)
  Iteration 12 (of 50).   Current convergence value = 0.000163629 (threshold = 1e-07)
  Iteration 13 (of 50).   Current convergence value = 0.000158265 (threshold = 1e-07)
  Iteration 14 (of 50).   Current convergence value = 0.000154567 (threshold = 1e-07)
  Iteration 15 (of 50).   Current convergence value = 0.000151283 (threshold = 1e-07)
  Iteration 16 (of 50).   Current convergence value = 0.000148366 (threshold = 1e-07)
  Iteration 17 (of 50).   Current convergence value = 0.000145899 (threshold = 1e-07)
  Iteration 18 (of 50).   Current convergence value = 0.000143638 (threshold = 1e-07)
  Iteration 19 (of 50).   Current convergence value = 0.000141634 (threshold = 1e-07)
  Iteration 20 (of 50).   Current convergence value = 0.000139931 (threshold = 1e-07)
  Iteration 21 (of 50).   Current convergence value = 0.000138468 (threshold = 1e-07)
  Iteration 22 (of 50).   Current convergence value = 0.00013712 (threshold = 1e-07)
  Iteration 23 (of 50).   Current convergence value = 0.000135916 (threshold = 1e-07)
  Iteration 24 (of 50).   Current convergence value = 0.000134914 (threshold = 1e-07)
  Iteration 25 (of 50).   Current convergence value = 0.000134009 (threshold = 1e-07)
  Iteration 26 (of 50).   Current convergence value = 0.000133293 (threshold = 1e-07)
  Iteration 27 (of 50).   Current convergence value = 0.000132656 (threshold = 1e-07)
  Iteration 28 (of 50).   Current convergence value = 0.000132099 (threshold = 1e-07)
  Iteration 29 (of 50).   Current convergence value = 0.000131662 (threshold = 1e-07)
  Iteration 30 (of 50).   Current convergence value = 0.000131299 (threshold = 1e-07)
  Iteration 31 (of 50).   Current convergence value = 0.000130998 (threshold = 1e-07)
  Iteration 32 (of 50).   Current convergence value = 0.000130794 (threshold = 1e-07)
  Iteration 33 (of 50).   Current convergence value = 0.000130654 (threshold = 1e-07)
  Iteration 34 (of 50).   Current convergence value = 0.000130546 (threshold = 1e-07)
  Iteration 35 (of 50).   Current convergence value = 0.000130499 (threshold = 1e-07)
  Iteration 36 (of 50).   Current convergence value = 0.000130505 (threshold = 1e-07)
  Iteration 37 (of 50).   Current convergence value = 0.000130564 (threshold = 1e-07)
  Iteration 38 (of 50).   Current convergence value = 0.000130648 (threshold = 1e-07)
  Iteration 39 (of 50).   Current convergence value = 0.000130768 (threshold = 1e-07)
  Iteration 40 (of 50).   Current convergence value = 0.000130905 (threshold = 1e-07)
  Iteration 41 (of 50).   Current convergence value = 0.000131001 (threshold = 1e-07)
  Iteration 42 (of 50).   Current convergence value = 0.000131164 (threshold = 1e-07)
  Iteration 43 (of 50).   Current convergence value = 0.000131311 (threshold = 1e-07)
  Iteration 44 (of 50).   Current convergence value = 0.000131385 (threshold = 1e-07)
  Iteration 45 (of 50).   Current convergence value = 0.000131524 (threshold = 1e-07)
  Iteration 46 (of 50).   Current convergence value = 0.000131698 (threshold = 1e-07)
  Iteration 47 (of 50).   Current convergence value = 0.000131814 (threshold = 1e-07)
  Iteration 48 (of 50).   Current convergence value = 0.000131906 (threshold = 1e-07)
  Iteration 49 (of 50).   Current convergence value = 0.00013205 (threshold = 1e-07)
  Iteration 50 (of 50).   Current convergence value = 0.000132115 (threshold = 1e-07)
Current level = 2
  Iteration 1 (of 50).   Current convergence value = 0.000275441 (threshold = 1e-07)
  Iteration 2 (of 50).   Current convergence value = 0.000223226 (threshold = 1e-07)
  Iteration 3 (of 50).   Current convergence value = 0.000201805 (threshold = 1e-07)
  Iteration 4 (of 50).   Current convergence value = 0.000183199 (threshold = 1e-07)
  Iteration 5 (of 50).   Current convergence value = 0.000169285 (threshold = 1e-07)
  Iteration 6 (of 50).   Current convergence value = 0.000157775 (threshold = 1e-07)
  Iteration 7 (of 50).   Current convergence value = 0.00014895 (threshold = 1e-07)
  Iteration 8 (of 50).   Current convergence value = 0.000141357 (threshold = 1e-07)
  Iteration 9 (of 50).   Current convergence value = 0.000135076 (threshold = 1e-07)
  Iteration 10 (of 50).   Current convergence value = 0.000130299 (threshold = 1e-07)
  Iteration 11 (of 50).   Current convergence value = 0.000126375 (threshold = 1e-07)
  Iteration 12 (of 50).   Current convergence value = 0.000122876 (threshold = 1e-07)
  Iteration 13 (of 50).   Current convergence value = 0.000120464 (threshold = 1e-07)
  Iteration 14 (of 50).   Current convergence value = 0.000121711 (threshold = 1e-07)
  Iteration 15 (of 50).   Current convergence value = 0.000131743 (threshold = 1e-07)
  Iteration 16 (of 50).   Current convergence value = 0.000147594 (threshold = 1e-07)
  Iteration 17 (of 50).   Current convergence value = 0.000169965 (threshold = 1e-07)
  Iteration 18 (of 50).   Current convergence value = 0.000195885 (threshold = 1e-07)
  Iteration 19 (of 50).   Current convergence value = 0.000224796 (threshold = 1e-07)
  Iteration 20 (of 50).   Current convergence value = 0.000255446 (threshold = 1e-07)
  Iteration 21 (of 50).   Current convergence value = 0.000288319 (threshold = 1e-07)
  Iteration 22 (of 50).   Current convergence value = 0.000321086 (threshold = 1e-07)
  Iteration 23 (of 50).   Current convergence value = 0.00035432 (threshold = 1e-07)
  Iteration 24 (of 50).   Current convergence value = 0.000387519 (threshold = 1e-07)
  Iteration 25 (of 50).   Current convergence value = 0.000420698 (threshold = 1e-07)
  Iteration 26 (of 50).   Current convergence value = 0.00044475 (threshold = 1e-07)
  Iteration 27 (of 50).   Current convergence value = 0.000466462 (threshold = 1e-07)
  Iteration 28 (of 50).   Current convergence value = 0.00048815 (threshold = 1e-07)
  Iteration 29 (of 50).   Current convergence value = 0.000508747 (threshold = 1e-07)
  Iteration 30 (of 50).   Current convergence value = 0.000528887 (threshold = 1e-07)
  Iteration 31 (of 50).   Current convergence value = 0.000550298 (threshold = 1e-07)
  Iteration 32 (of 50).   Current convergence value = 0.000570454 (threshold = 1e-07)
  Iteration 33 (of 50).   Current convergence value = 0.000598439 (threshold = 1e-07)
  Iteration 34 (of 50).   Current convergence value = 0.000628344 (threshold = 1e-07)
  Iteration 35 (of 50).   Current convergence value = 0.000657936 (threshold = 1e-07)
  Iteration 36 (of 50).   Current convergence value = 0.000686765 (threshold = 1e-07)
  Iteration 37 (of 50).   Current convergence value = 0.000716072 (threshold = 1e-07)
  Iteration 38 (of 50).   Current convergence value = 0.00074535 (threshold = 1e-07)
  Iteration 39 (of 50).   Current convergence value = 0.000773785 (threshold = 1e-07)
  Iteration 40 (of 50).   Current convergence value = 0.000746158 (threshold = 1e-07)
  Iteration 41 (of 50).   Current convergence value = 0.000654055 (threshold = 1e-07)
  Iteration 42 (of 50).   Current convergence value = 0.000577327 (threshold = 1e-07)
  Iteration 43 (of 50).   Current convergence value = 0.000500544 (threshold = 1e-07)
  Iteration 44 (of 50).   Current convergence value = 0.000429742 (threshold = 1e-07)
  Iteration 45 (of 50).   Current convergence value = 0.000370739 (threshold = 1e-07)
  Iteration 46 (of 50).   Current convergence value = 0.000322082 (threshold = 1e-07)
  Iteration 47 (of 50).   Current convergence value = 0.000281741 (threshold = 1e-07)
  Iteration 48 (of 50).   Current convergence value = 0.000248942 (threshold = 1e-07)
  Iteration 49 (of 50).   Current convergence value = 0.000221512 (threshold = 1e-07)
  Iteration 50 (of 50).   Current convergence value = 0.000200291 (threshold = 1e-07)
Current level = 3
  Iteration 1 (of 50).   Current convergence value = 0.000956849 (threshold = 1e-07)
  Iteration 2 (of 50).   Current convergence value = 0.000888821 (threshold = 1e-07)
  Iteration 3 (of 50).   Current convergence value = 0.000822453 (threshold = 1e-07)
  Iteration 4 (of 50).   Current convergence value = 0.000890969 (threshold = 1e-07)
  Iteration 5 (of 50).   Current convergence value = 0.00101018 (threshold = 1e-07)
  Iteration 6 (of 50).   Current convergence value = 0.00112295 (threshold = 1e-07)
  Iteration 7 (of 50).   Current convergence value = 0.00122034 (threshold = 1e-07)
  Iteration 8 (of 50).   Current convergence value = 0.00126818 (threshold = 1e-07)
  Iteration 9 (of 50).   Current convergence value = 0.00100114 (threshold = 1e-07)
  Iteration 10 (of 50).   Current convergence value = 0.000786773 (threshold = 1e-07)
  Iteration 11 (of 50).   Current convergence value = 0.000857028 (threshold = 1e-07)
  Iteration 12 (of 50).   Current convergence value = 0.00110224 (threshold = 1e-07)
  Iteration 13 (of 50).   Current convergence value = 0.000871432 (threshold = 1e-07)
  Iteration 14 (of 50).   Current convergence value = 0.000719144 (threshold = 1e-07)
  Iteration 15 (of 50).   Current convergence value = 0.000661971 (threshold = 1e-07)
  Iteration 16 (of 50).   Current convergence value = 0.000689461 (threshold = 1e-07)
  Iteration 17 (of 50).   Current convergence value = 0.000753728 (threshold = 1e-07)
  Iteration 18 (of 50).   Current convergence value = 0.000816946 (threshold = 1e-07)
  Iteration 19 (of 50).   Current convergence value = 0.000884994 (threshold = 1e-07)
  Iteration 20 (of 50).   Current convergence value = 0.000948668 (threshold = 1e-07)
  Iteration 21 (of 50).   Current convergence value = 0.000810787 (threshold = 1e-07)
  Iteration 22 (of 50).   Current convergence value = 0.000657063 (threshold = 1e-07)
  Iteration 23 (of 50).   Current convergence value = 0.000671174 (threshold = 1e-07)
  Iteration 24 (of 50).   Current convergence value = 0.000907689 (threshold = 1e-07)
  Iteration 25 (of 50).   Current convergence value = 0.000975722 (threshold = 1e-07)
  Iteration 26 (of 50).   Current convergence value = 0.000793754 (threshold = 1e-07)
  Iteration 27 (of 50).   Current convergence value = 0.000698206 (threshold = 1e-07)
  Iteration 28 (of 50).   Current convergence value = 0.000732436 (threshold = 1e-07)
  Iteration 29 (of 50).   Current convergence value = 0.000815395 (threshold = 1e-07)
  Iteration 30 (of 50).   Current convergence value = 0.000834628 (threshold = 1e-07)
  Iteration 31 (of 50).   Current convergence value = 0.000852387 (threshold = 1e-07)
  Iteration 32 (of 50).   Current convergence value = 0.000855254 (threshold = 1e-07)
  Iteration 33 (of 50).   Current convergence value = 0.000851974 (threshold = 1e-07)
  Iteration 34 (of 50).   Current convergence value = 0.0008272 (threshold = 1e-07)
  Iteration 35 (of 50).   Current convergence value = 0.000596218 (threshold = 1e-07)
  Iteration 36 (of 50).   Current convergence value = 0.000538901 (threshold = 1e-07)
  Iteration 37 (of 50).   Current convergence value = 0.000730619 (threshold = 1e-07)
  Iteration 38 (of 50).   Current convergence value = 0.00105024 (threshold = 1e-07)
  Iteration 39 (of 50).   Current convergence value = 0.000956414 (threshold = 1e-07)
  Iteration 40 (of 50).   Current convergence value = 0.000729516 (threshold = 1e-07)
  Iteration 41 (of 50).   Current convergence value = 0.000596687 (threshold = 1e-07)
  Iteration 42 (of 50).   Current convergence value = 0.000583172 (threshold = 1e-07)
  Iteration 43 (of 50).   Current convergence value = 0.000690831 (threshold = 1e-07)
  Iteration 44 (of 50).   Current convergence value = 0.000820388 (threshold = 1e-07)
  Iteration 45 (of 50).   Current convergence value = 0.000928783 (threshold = 1e-07)
  Iteration 46 (of 50).   Current convergence value = 0.000994275 (threshold = 1e-07)
  Iteration 47 (of 50).   Current convergence value = 0.00103392 (threshold = 1e-07)
  Iteration 48 (of 50).   Current convergence value = 0.00100185 (threshold = 1e-07)
  Iteration 49 (of 50).   Current convergence value = 0.000802622 (threshold = 1e-07)
  Iteration 50 (of 50).   Current convergence value = 0.000567321 (threshold = 1e-07)
Current level = 4
  Iteration 1 (of 50).   Current convergence value = 0.00154368 (threshold = 1e-07)
  Iteration 2 (of 50).   Current convergence value = 0.00189621 (threshold = 1e-07)
  Iteration 3 (of 50).   Current convergence value = 0.00152052 (threshold = 1e-07)
  Iteration 4 (of 50).   Current convergence value = 0.00145228 (threshold = 1e-07)
  Iteration 5 (of 50).   Current convergence value = 0.00152435 (threshold = 1e-07)
  Iteration 6 (of 50).   Current convergence value = 0.00158962 (threshold = 1e-07)
  Iteration 7 (of 50).   Current convergence value = 0.00151886 (threshold = 1e-07)
  Iteration 8 (of 50).   Current convergence value = 0.00166285 (threshold = 1e-07)
  Iteration 9 (of 50).   Current convergence value = 0.00157255 (threshold = 1e-07)
  Iteration 10 (of 50).   Current convergence value = 0.00142464 (threshold = 1e-07)
  Iteration 11 (of 50).   Current convergence value = 0.00141206 (threshold = 1e-07)
  Iteration 12 (of 50).   Current convergence value = 0.00143025 (threshold = 1e-07)
  Iteration 13 (of 50).   Current convergence value = 0.00146031 (threshold = 1e-07)
  Iteration 14 (of 50).   Current convergence value = 0.00136634 (threshold = 1e-07)
  Iteration 15 (of 50).   Current convergence value = 0.00168674 (threshold = 1e-07)
  Iteration 16 (of 50).   Current convergence value = 0.00143625 (threshold = 1e-07)
  Iteration 17 (of 50).   Current convergence value = 0.00135889 (threshold = 1e-07)
  Iteration 18 (of 50).   Current convergence value = 0.00138572 (threshold = 1e-07)
  Iteration 19 (of 50).   Current convergence value = 0.00139208 (threshold = 1e-07)
  Iteration 20 (of 50).   Current convergence value = 0.00139781 (threshold = 1e-07)
  Iteration 21 (of 50).   Current convergence value = 0.00126236 (threshold = 1e-07)
  Iteration 22 (of 50).   Current convergence value = 0.00128601 (threshold = 1e-07)
  Iteration 23 (of 50).   Current convergence value = 0.00142407 (threshold = 1e-07)
  Iteration 24 (of 50).   Current convergence value = 0.00119723 (threshold = 1e-07)
  Iteration 25 (of 50).   Current convergence value = 0.00113312 (threshold = 1e-07)
  Iteration 26 (of 50).   Current convergence value = 0.00116513 (threshold = 1e-07)
  Iteration 27 (of 50).   Current convergence value = 0.00119115 (threshold = 1e-07)
  Iteration 28 (of 50).   Current convergence value = 0.001194 (threshold = 1e-07)
  Iteration 29 (of 50).   Current convergence value = 0.00119594 (threshold = 1e-07)
  Iteration 30 (of 50).   Current convergence value = 0.0010263 (threshold = 1e-07)
  Iteration 31 (of 50).   Current convergence value = 0.00111814 (threshold = 1e-07)
  Iteration 32 (of 50).   Current convergence value = 0.00131776 (threshold = 1e-07)
  Iteration 33 (of 50).   Current convergence value = 0.00105972 (threshold = 1e-07)
  Iteration 34 (of 50).   Current convergence value = 0.000934031 (threshold = 1e-07)
  Iteration 35 (of 50).   Current convergence value = 0.00089399 (threshold = 1e-07)
  Iteration 36 (of 50).   Current convergence value = 0.000909062 (threshold = 1e-07)
  Iteration 37 (of 50).   Current convergence value = 0.000945506 (threshold = 1e-07)
  Iteration 38 (of 50).   Current convergence value = 0.000961496 (threshold = 1e-07)
  Iteration 39 (of 50).   Current convergence value = 0.000987516 (threshold = 1e-07)
  Iteration 40 (of 50).   Current convergence value = 0.000961689 (threshold = 1e-07)
  Iteration 41 (of 50).   Current convergence value = 0.000777772 (threshold = 1e-07)
  Iteration 42 (of 50).   Current convergence value = 0.00082531 (threshold = 1e-07)
  Iteration 43 (of 50).   Current convergence value = 0.0013582 (threshold = 1e-07)
  Iteration 44 (of 50).   Current convergence value = 0.0010285 (threshold = 1e-07)
  Iteration 45 (of 50).   Current convergence value = 0.000839278 (threshold = 1e-07)
  Iteration 46 (of 50).   Current convergence value = 0.000708634 (threshold = 1e-07)
  Iteration 47 (of 50).   Current convergence value = 0.000692308 (threshold = 1e-07)
  Iteration 48 (of 50).   Current convergence value = 0.000736607 (threshold = 1e-07)
  Iteration 49 (of 50).   Current convergence value = 0.000761053 (threshold = 1e-07)
  Iteration 50 (of 50).   Current convergence value = 0.000761101 (threshold = 1e-07)
   N4BiasFieldCorrectionImageFilter (0x556c31caa830)
     RTTI typeinfo:   itk::N4BiasFieldCorrectionImageFilter<itk::Image<float, 3u>, itk::Image<float, 3u>, itk::Image<float, 3u> >
     Reference Count: 1
     Modified Time: 668
     Debug: Off
     Object Name: 
     Observers: 
       IterationEvent(Command)
     Inputs: 
       ConfidenceImage: (0)
       MaskImage: (0x556c31d199c0)
       Primary: (0x556c31d1a0a0) *
     Indexed Inputs: 
       0: Primary (0x556c31d1a0a0)
       1: MaskImage (0x556c31d199c0)
       2: ConfidenceImage (0)
     Required Input Names: Primary
     NumberOfRequiredInputs: 1
     Outputs: 
       Primary: (0x556c31cbe880)
     Indexed Outputs: 
       0: Primary (0x556c31cbe880)
     NumberOfRequiredOutputs: 1
     Number Of Work Units: 128
     ReleaseDataFlag: Off
     ReleaseDataBeforeUpdateFlag: Off
     AbortGenerateData: Off
     Progress: 0
     Multithreader: 
       RTTI typeinfo:   itk::PoolMultiThreader
       Reference Count: 1
       Modified Time: 140
       Debug: Off
       Object Name: 
       Observers: 
         none
       Number of Work Units: 128
       Number of Threads: 64
       Global Maximum Number Of Threads: 128
       Global Default Number Of Threads: 64
       Global Default Threader Type: itk::MultiThreaderBaseEnums::Threader::Pool
       SingleMethod: 0
       SingleData: 0
     DynamicMultiThreading: On
     CoordinateTolerance: 1e-06
     DirectionTolerance: 1e-06
     Use Mask Label: 0
     Mask label: 1
     Number of histogram bins: 200
     Wiener filter noise: 0.01
     Bias field FWHM: 0.15
     Maximum number of iterations: [50, 50, 50, 50]
     Convergence threshold: 1e-07
     Spline order: 3
     Number of fitting levels: [4, 4, 4]
     Number of control points: [4, 4, 4]
     CurrentConvergenceMeasurement: 0.000761101
     CurrentLevel: 4
     ElapsedIterations: 51
     LogBiasFieldControlPointLattice: 
       Image (0x556c31d7aad0)
         RTTI typeinfo:   itk::Image<itk::Vector<float, 1u>, 3u>
         Reference Count: 1
         Modified Time: 980393
         Debug: Off
         Object Name: 
         Observers: 
           none
         Source: (none)
         Source output name: (none)
         Release Data: Off
         Data Released: False
         Global Release Data: Off
         PipelineMTime: 0
         UpdateMTime: 0
         RealTimeStamp: 0 seconds 
         LargestPossibleRegion: 
           Dimension: 3
           Index: [0, 0, 0]
           Size: [11, 11, 11]
         BufferedRegion: 
           Dimension: 3
           Index: [0, 0, 0]
           Size: [11, 11, 11]
         RequestedRegion: 
           Dimension: 3
           Index: [0, 0, 0]
           Size: [11, 11, 11]
         Spacing: [19.5, 29.5, 31.5]
         Origin: [23.9983, 27.2155, -30.4327]
         Direction: 
-0.993515 -0.100993 -0.0522355
0.100854 -0.994887 0.00530255
-0.0525039 1.93537e-08 0.998621

         IndexToPointMatrix: 
-19.3735 -2.97929 -1.64542
1.96665 -29.3492 0.16703
-1.02383 5.70935e-07 31.4566

         PointToIndexMatrix: 
-0.0509495 0.00517199 -0.00269251
-0.00342349 -0.033725 6.54257e-10
-0.00165827 0.000168335 0.0317022

         Inverse Direction: 
-0.993515 0.100854 -0.0525039
-0.100993 -0.994887 1.93006e-08
-0.0522355 0.00530255 0.998621

         PixelContainer: 
           ImportImageContainer (0x556c323f9e30)
             RTTI typeinfo:   itk::ImportImageContainer<unsigned long, itk::Vector<float, 1u> >
             Reference Count: 1
             Modified Time: 980394
             Debug: Off
             Object Name: 
             Observers: 
               none
             Pointer: 0x556c31cf13e0
             Container manages memory: true
             Size: 1331
             Capacity: 1331
Elapsed time: 12.5101
END   <<<<<<<<<<<<<<<<<<<<



--------------------------------------------------------------------------------------
 Done with N4 correction (pre brain extraction):  0h 0m 18s
--------------------------------------------------------------------------------------


--------------------------------------------------------------------------------------
 Brain extraction using the following steps:
   1) Register /opt/templates/OASIS/T_template0.nii.gz to /data/derivatives/mri-registration-rp/antsBrainExtraction/sub-s035/N4Corrected0.nii.gz
   2) Warp /opt/templates/OASIS/T_template0_BrainCerebellumProbabilityMask.nii.gz to /data/sub-s035/ses-open/anat/sub-s035_ses-open_T1w.nii.gz using, from 1),
      /data/derivatives/mri-registration-rp/antsBrainExtraction/sub-s035/BrainExtractionWarp/Affine
   3) Refine segmentation results using Atropos
--------------------------------------------------------------------------------------

BEGIN >>>>>>>>>>>>>>>>>>>>
ImageMath 3 /data/derivatives/mri-registration-rp/antsBrainExtraction/sub-s035/BrainExtractionLaplacian.nii.gz Laplacian /data/derivatives/mri-registration-rp/antsBrainExtraction/sub-s035/N4Corrected0.nii.gz 1.5 1
END   <<<<<<<<<<<<<<<<<<<<


BEGIN >>>>>>>>>>>>>>>>>>>>
ImageMath 3 /data/derivatives/mri-registration-rp/antsBrainExtraction/sub-s035/BrainExtractionTemplateLaplacian.nii.gz Laplacian /opt/templates/OASIS/T_template0.nii.gz 1.5 1
END   <<<<<<<<<<<<<<<<<<<<


BEGIN >>>>>>>>>>>>>>>>>>>>
SmoothImage 3 /opt/templates/OASIS/T_template0.nii.gz 4 /data/derivatives/mri-registration-rp/antsBrainExtraction/sub-s035/BrainExtractionInitialAffineFixed.nii.gz
END   <<<<<<<<<<<<<<<<<<<<


BEGIN >>>>>>>>>>>>>>>>>>>>
SmoothImage 3 /data/derivatives/mri-registration-rp/antsBrainExtraction/sub-s035/N4Corrected0.nii.gz 4 /data/derivatives/mri-registration-rp/antsBrainExtraction/sub-s035/BrainExtractionInitialAffineMoving.nii.gz
END   <<<<<<<<<<<<<<<<<<<<


BEGIN >>>>>>>>>>>>>>>>>>>>
ResampleImageBySpacing 3 /data/derivatives/mri-registration-rp/antsBrainExtraction/sub-s035/BrainExtractionInitialAffineFixed.nii.gz /data/derivatives/mri-registration-rp/antsBrainExtraction/sub-s035/BrainExtractionInitialAffineFixed.nii.gz 5 5 5 0
 spacing [1, 1, 1] dim 3
 spacing2 [5, 5, 5]
 out space [5, 5, 5]
 output size [43, 51, 58] spc [5, 5, 5]
END   <<<<<<<<<<<<<<<<<<<<


BEGIN >>>>>>>>>>>>>>>>>>>>
ResampleImageBySpacing 3 /data/derivatives/mri-registration-rp/antsBrainExtraction/sub-s035/BrainExtractionInitialAffineMoving.nii.gz /data/derivatives/mri-registration-rp/antsBrainExtraction/sub-s035/BrainExtractionInitialAffineMoving.nii.gz 5 5 5 0
 spacing [1, 1, 1] dim 3
 spacing2 [5, 5, 5]
 out space [5, 5, 5]
 output size [32, 48, 51] spc [5, 5, 5]
END   <<<<<<<<<<<<<<<<<<<<


BEGIN >>>>>>>>>>>>>>>>>>>>
antsAI -d 3 -v 1 -m Mattes[ /data/derivatives/mri-registration-rp/antsBrainExtraction/sub-s035/BrainExtractionInitialAffineFixed.nii.gz,/data/derivatives/mri-registration-rp/antsBrainExtraction/sub-s035/BrainExtractionInitialAffineMoving.nii.gz,32,Regular,0.2 ] -t Affine[ 0.1 ] -s [ 20,0.12 ] -g [ 40,0x40x40 ] -p 0 -c 10 -o /data/derivatives/mri-registration-rp/antsBrainExtraction/sub-s035/BrainExtractionInitialAffine.mat
Using the Mattes MI metric (number of bins = 32)
Starting optimizer with 243 starting points

Iteration/Total,MetricValue
24/243,-0.552787
48/243,-0.116893
72/243,-0.505272
96/243,-0.550473
120/243,-0.581293
144/243,-0.507305
168/243,-0.570722
192/243,-0.54605
216/243,-0.569771
240/243,-0.607555

Optimization complete. Best metric value: -0.627107
END   <<<<<<<<<<<<<<<<<<<<


BEGIN >>>>>>>>>>>>>>>>>>>>
antsRegistration -d 3 -u 1 -w [ 0.025,0.975 ] -o /data/derivatives/mri-registration-rp/antsBrainExtraction/sub-s035/BrainExtractionPrior -r /data/derivatives/mri-registration-rp/antsBrainExtraction/sub-s035/BrainExtractionInitialAffine.mat -z 1 --float 0 --verbose 1 -m MI[ /opt/templates/OASIS/T_template0.nii.gz,/data/derivatives/mri-registration-rp/antsBrainExtraction/sub-s035/N4Corrected0.nii.gz,1,32,Regular,0.25 ] -c [ 1000x500x250x100,1e-8,10 ] -t Rigid[ 0.1 ] -f 8x4x2x1 -s 4x2x1x0 -m MI[ /opt/templates/OASIS/T_template0.nii.gz,/data/derivatives/mri-registration-rp/antsBrainExtraction/sub-s035/N4Corrected0.nii.gz,1,32,Regular,0.25 ] -c [ 1000x500x250x100,1e-8,10 ] -t Affine[ 0.1 ] -f 8x4x2x1 -s 4x2x1x0 -m CC[ /opt/templates/OASIS/T_template0.nii.gz,/data/derivatives/mri-registration-rp/antsBrainExtraction/sub-s035/N4Corrected0.nii.gz,0.5,4 ] -m CC[ /data/derivatives/mri-registration-rp/antsBrainExtraction/sub-s035/BrainExtractionTemplateLaplacian.nii.gz,/data/derivatives/mri-registration-rp/antsBrainExtraction/sub-s035/BrainExtractionLaplacian.nii.gz,0.5,4 ] -c [ 50x10x0,1e-9,15 ] -t SyN[ 0.1,3,0 ] -f 4x2x1 -s 2x1x0
All_Command_lines_OK
Using double precision for computations.
=============================================================================
The composite transform comprises the following transforms (in order): 
  1. /data/derivatives/mri-registration-rp/antsBrainExtraction/sub-s035/BrainExtractionInitialAffine.mat (type = AffineTransform)
=============================================================================
  number of levels = 4
  number of levels = 4
  number of levels = 3
  fixed image: /opt/templates/OASIS/T_template0.nii.gz
  moving image: /data/derivatives/mri-registration-rp/antsBrainExtraction/sub-s035/N4Corrected0.nii.gz
  fixed image: /opt/templates/OASIS/T_template0.nii.gz
  moving image: /data/derivatives/mri-registration-rp/antsBrainExtraction/sub-s035/N4Corrected0.nii.gz
  fixed image: /opt/templates/OASIS/T_template0.nii.gz
  moving image: /data/derivatives/mri-registration-rp/antsBrainExtraction/sub-s035/N4Corrected0.nii.gz
  fixed image: /data/derivatives/mri-registration-rp/antsBrainExtraction/sub-s035/BrainExtractionTemplateLaplacian.nii.gz
  moving image: /data/derivatives/mri-registration-rp/antsBrainExtraction/sub-s035/BrainExtractionLaplacian.nii.gz
Dimension = 3
Number of stages = 3
Use histogram matching = true
Winsorize image intensities = true
  Lower quantile = 0.025
  Upper quantile = 0.975


Stage 1 State
   Image metric = MattesMI
     Fixed image = Image (0x558ad4d0d990)
  RTTI typeinfo:   itk::Image<double, 3u>
  Reference Count: 2
  Modified Time: 1610
  Debug: Off
  Object Name: 
  Observers: 
    none
  Source: (none)
  Source output name: (none)
  Release Data: Off
  Data Released: False
  Global Release Data: Off
  PipelineMTime: 0
  UpdateMTime: 1221
  RealTimeStamp: 0 seconds 
  LargestPossibleRegion: 
    Dimension: 3
    Index: [0, 0, 0]
    Size: [216, 256, 291]
  BufferedRegion: 
    Dimension: 3
    Index: [0, 0, 0]
    Size: [216, 256, 291]
  RequestedRegion: 
    Dimension: 3
    Index: [0, 0, 0]
    Size: [216, 256, 291]
  Spacing: [1, 1, 1]
  Origin: [0, 293, 0]
  Direction: 
1 0 0
0 -0 -1
0 -1 0

  IndexToPointMatrix: 
1 0 0
0 0 -1
0 -1 0

  PointToIndexMatrix: 
1 0 0
0 0 -1
0 -1 0

  Inverse Direction: 
1 0 0
0 0 -1
0 -1 0

  PixelContainer: 
    ImportImageContainer (0x558ad4d27210)
      RTTI typeinfo:   itk::ImportImageContainer<unsigned long, double>
      Reference Count: 1
      Modified Time: 1218
      Debug: Off
      Object Name: 
      Observers: 
        none
      Pointer: 0x14836a074010
      Container manages memory: true
      Size: 16091136
      Capacity: 16091136

     Moving image = Image (0x558ad4d20d00)
  RTTI typeinfo:   itk::Image<double, 3u>
  Reference Count: 2
  Modified Time: 1611
  Debug: Off
  Object Name: 
  Observers: 
    none
  Source: (none)
  Source output name: (none)
  Release Data: Off
  Data Released: False
  Global Release Data: Off
  PipelineMTime: 0
  UpdateMTime: 1608
  RealTimeStamp: 0 seconds 
  LargestPossibleRegion: 
    Dimension: 3
    Index: [0, 0, 0]
    Size: [160, 240, 256]
  BufferedRegion: 
    Dimension: 3
    Index: [0, 0, 0]
    Size: [160, 240, 256]
  RequestedRegion: 
    Dimension: 3
    Index: [0, 0, 0]
    Size: [160, 240, 256]
  Spacing: [1, 1, 1]
  Origin: [98.6438, 87.6358, -117.989]
  Direction: 
-0.993515 -0.100993 -0.0522355
0.100854 -0.994887 0.00530255
-0.0525039 1.93272e-08 0.998621

  IndexToPointMatrix: 
-0.993515 -0.100993 -0.0522355
0.100854 -0.994887 0.00530255
-0.0525039 1.93272e-08 0.998621

  PointToIndexMatrix: 
-0.993515 0.100854 -0.0525039
-0.100993 -0.994887 1.85357e-08
-0.0522355 0.00530255 0.998621

  Inverse Direction: 
-0.993515 0.100854 -0.0525039
-0.100993 -0.994887 1.85357e-08
-0.0522355 0.00530255 0.998621

  PixelContainer: 
    ImportImageContainer (0x558ad4d2f090)
      RTTI typeinfo:   itk::ImportImageContainer<unsigned long, double>
      Reference Count: 1
      Modified Time: 1605
      Debug: Off
      Object Name: 
      Observers: 
        none
      Pointer: 0x148365573010
      Container manages memory: true
      Size: 9830400
      Capacity: 9830400

     Weighting = 1
     Sampling strategy = regular
     Number of bins = 32
     Radius = 4
     Sampling percentage  = 0.25
   Transform = Rigid
     Gradient step = 0.1
     Update field sigma (voxel space) = 0
     Total field sigma (voxel space) = 0
     Update field time sigma = 0
     Total field time sigma  = 0
     Number of time indices = 0
     Number of time point samples = 0
Stage 2 State
   Image metric = MattesMI
     Fixed image = Image (0x558ad4d2e540)
  RTTI typeinfo:   itk::Image<double, 3u>
  Reference Count: 2
  Modified Time: 2386
  Debug: Off
  Object Name: 
  Observers: 
    none
  Source: (none)
  Source output name: (none)
  Release Data: Off
  Data Released: False
  Global Release Data: Off
  PipelineMTime: 0
  UpdateMTime: 1997
  RealTimeStamp: 0 seconds 
  LargestPossibleRegion: 
    Dimension: 3
    Index: [0, 0, 0]
    Size: [216, 256, 291]
  BufferedRegion: 
    Dimension: 3
    Index: [0, 0, 0]
    Size: [216, 256, 291]
  RequestedRegion: 
    Dimension: 3
    Index: [0, 0, 0]
    Size: [216, 256, 291]
  Spacing: [1, 1, 1]
  Origin: [0, 293, 0]
  Direction: 
1 0 0
0 -0 -1
0 -1 0

  IndexToPointMatrix: 
1 0 0
0 0 -1
0 -1 0

  PointToIndexMatrix: 
1 0 0
0 0 -1
0 -1 0

  Inverse Direction: 
1 0 0
0 0 -1
0 -1 0

  PixelContainer: 
    ImportImageContainer (0x558ad4e12b50)
      RTTI typeinfo:   itk::ImportImageContainer<unsigned long, double>
      Reference Count: 1
      Modified Time: 1994
      Debug: Off
      Object Name: 
      Observers: 
        none
      Pointer: 0x14835daae010
      Container manages memory: true
      Size: 16091136
      Capacity: 16091136

     Moving image = Image (0x558ad4d28bc0)
  RTTI typeinfo:   itk::Image<double, 3u>
  Reference Count: 2
  Modified Time: 2387
  Debug: Off
  Object Name: 
  Observers: 
    none
  Source: (none)
  Source output name: (none)
  Release Data: Off
  Data Released: False
  Global Release Data: Off
  PipelineMTime: 0
  UpdateMTime: 2384
  RealTimeStamp: 0 seconds 
  LargestPossibleRegion: 
    Dimension: 3
    Index: [0, 0, 0]
    Size: [160, 240, 256]
  BufferedRegion: 
    Dimension: 3
    Index: [0, 0, 0]
    Size: [160, 240, 256]
  RequestedRegion: 
    Dimension: 3
    Index: [0, 0, 0]
    Size: [160, 240, 256]
  Spacing: [1, 1, 1]
  Origin: [98.6438, 87.6358, -117.989]
  Direction: 
-0.993515 -0.100993 -0.0522355
0.100854 -0.994887 0.00530255
-0.0525039 1.93272e-08 0.998621

  IndexToPointMatrix: 
-0.993515 -0.100993 -0.0522355
0.100854 -0.994887 0.00530255
-0.0525039 1.93272e-08 0.998621

  PointToIndexMatrix: 
-0.993515 0.100854 -0.0525039
-0.100993 -0.994887 1.85357e-08
-0.0522355 0.00530255 0.998621

  Inverse Direction: 
-0.993515 0.100854 -0.0525039
-0.100993 -0.994887 1.85357e-08
-0.0522355 0.00530255 0.998621

  PixelContainer: 
    ImportImageContainer (0x558ad4e32bd0)
      RTTI typeinfo:   itk::ImportImageContainer<unsigned long, double>
      Reference Count: 1
      Modified Time: 2381
      Debug: Off
      Object Name: 
      Observers: 
        none
      Pointer: 0x148358fad010
      Container manages memory: true
      Size: 9830400
      Capacity: 9830400

     Weighting = 1
     Sampling strategy = regular
     Number of bins = 32
     Radius = 4
     Sampling percentage  = 0.25
   Transform = Affine
     Gradient step = 0.1
     Update field sigma (voxel space) = 0
     Total field sigma (voxel space) = 0
     Update field time sigma = 0
     Total field time sigma  = 0
     Number of time indices = 0
     Number of time point samples = 0
Stage 3 State
   Image metric = CC
     Fixed image = Image (0x558ad4d91d40)
  RTTI typeinfo:   itk::Image<double, 3u>
  Reference Count: 2
  Modified Time: 3162
  Debug: Off
  Object Name: 
  Observers: 
    none
  Source: (none)
  Source output name: (none)
  Release Data: Off
  Data Released: False
  Global Release Data: Off
  PipelineMTime: 0
  UpdateMTime: 2773
  RealTimeStamp: 0 seconds 
  LargestPossibleRegion: 
    Dimension: 3
    Index: [0, 0, 0]
    Size: [216, 256, 291]
  BufferedRegion: 
    Dimension: 3
    Index: [0, 0, 0]
    Size: [216, 256, 291]
  RequestedRegion: 
    Dimension: 3
    Index: [0, 0, 0]
    Size: [216, 256, 291]
  Spacing: [1, 1, 1]
  Origin: [0, 293, 0]
  Direction: 
1 0 0
0 -0 -1
0 -1 0

  IndexToPointMatrix: 
1 0 0
0 0 -1
0 -1 0

  PointToIndexMatrix: 
1 0 0
0 0 -1
0 -1 0

  Inverse Direction: 
1 0 0
0 0 -1
0 -1 0

  PixelContainer: 
    ImportImageContainer (0x558ad4dd2ad0)
      RTTI typeinfo:   itk::ImportImageContainer<unsigned long, double>
      Reference Count: 1
      Modified Time: 2770
      Debug: Off
      Object Name: 
      Observers: 
        none
      Pointer: 0x1483514e8010
      Container manages memory: true
      Size: 16091136
      Capacity: 16091136

     Moving image = Image (0x558ad4d30ce0)
  RTTI typeinfo:   itk::Image<double, 3u>
  Reference Count: 2
  Modified Time: 3163
  Debug: Off
  Object Name: 
  Observers: 
    none
  Source: (none)
  Source output name: (none)
  Release Data: Off
  Data Released: False
  Global Release Data: Off
  PipelineMTime: 0
  UpdateMTime: 3160
  RealTimeStamp: 0 seconds 
  LargestPossibleRegion: 
    Dimension: 3
    Index: [0, 0, 0]
    Size: [160, 240, 256]
  BufferedRegion: 
    Dimension: 3
    Index: [0, 0, 0]
    Size: [160, 240, 256]
  RequestedRegion: 
    Dimension: 3
    Index: [0, 0, 0]
    Size: [160, 240, 256]
  Spacing: [1, 1, 1]
  Origin: [98.6438, 87.6358, -117.989]
  Direction: 
-0.993515 -0.100993 -0.0522355
0.100854 -0.994887 0.00530255
-0.0525039 1.93272e-08 0.998621

  IndexToPointMatrix: 
-0.993515 -0.100993 -0.0522355
0.100854 -0.994887 0.00530255
-0.0525039 1.93272e-08 0.998621

  PointToIndexMatrix: 
-0.993515 0.100854 -0.0525039
-0.100993 -0.994887 1.85357e-08
-0.0522355 0.00530255 0.998621

  Inverse Direction: 
-0.993515 0.100854 -0.0525039
-0.100993 -0.994887 1.85357e-08
-0.0522355 0.00530255 0.998621

  PixelContainer: 
    ImportImageContainer (0x558ad4e52c50)
      RTTI typeinfo:   itk::ImportImageContainer<unsigned long, double>
      Reference Count: 1
      Modified Time: 3157
      Debug: Off
      Object Name: 
      Observers: 
        none
      Pointer: 0x14834c9e7010
      Container manages memory: true
      Size: 9830400
      Capacity: 9830400

     Weighting = 0.5
     Sampling strategy = none
     Number of bins = 32
     Radius = 4
     Sampling percentage  = 1
   Transform = SyN
     Gradient step = 0.1
     Update field sigma (voxel space) = 3
     Total field sigma (voxel space) = 0
     Update field time sigma = 0
     Total field time sigma  = 0
     Number of time indices = 0
     Number of time point samples = 0
Registration using 3 total stages.

Stage 0
  iterations = 1000x500x250x100
  convergence threshold = 1e-08
  convergence window size = 10
  number of levels = 4
  using the Mattes MI metric (number of bins = 32, weight = 1, use gradient filter = 0)
  preprocessing:  winsorizing the image intensities
  preprocessing:  histogram matching the images
  Shrink factors (level 1 out of 4): [8, 8, 8]
  Shrink factors (level 2 out of 4): [4, 4, 4]
  Shrink factors (level 3 out of 4): [2, 2, 2]
  Shrink factors (level 4 out of 4): [1, 1, 1]
  smoothing sigmas per level: [4, 2, 1, 0]
  regular sampling (percentage = 0.25)

*** Running Euler3DTransform registration ***

DIAGNOSTIC,Iteration,metricValue,convergenceValue,ITERATION_TIME_INDEX,SINCE_LAST
 2DIAGNOSTIC,     1, -6.434499559661e-01, 1.797693134862e+308, 2.5740e-01, 2.5740e-01, 
 2DIAGNOSTIC,     2, -6.444862311444e-01, 1.797693134862e+308, 2.6386e-01, 6.4580e-03, 
 2DIAGNOSTIC,     3, -6.455118884794e-01, 1.797693134862e+308, 2.6954e-01, 5.6829e-03, 
