
SUBJECT_ID: s032
DATA_DIR: /home/mdugre/scratch/mri-registration-rp/datasets/ds004513


Will run Atropos segmentation with K=3. Classes labeled in order of mean intensity. Assuming CSF=1, GM=2, WM=3

The output directory "/data/derivatives/mri-registration-rp/antsBrainExtraction/sub-s032" does not exist. Making it.

    Using antsBrainExtraction with the following arguments:
      image dimension         = 3
      anatomical image        = /data/sub-s032/ses-open/anat/sub-s032_ses-open_T1w.nii.gz
      extraction template     = /opt/templates/OASIS/T_template0.nii.gz
      extraction reg. mask    = 
      extraction prior        = /opt/templates/OASIS/T_template0_BrainCerebellumProbabilityMask.nii.gz
      output prefix           = /data/derivatives/mri-registration-rp/antsBrainExtraction/sub-s032/
      output image suffix     = nii.gz

    antsAI parameters (initial alignment):
      rotation search params  = 20,0.12
      translation search params = 40,0x40x40

    N4 parameters (pre brain extraction):
      convergence             = [ 50x50x50x50,0.0000001 ]
      shrink factor           = 4
      B-spline parameters     = [ 1x1x1, 3 ]

    Atropos parameters (extraction):
       convergence            = [ 3,0.0 ]
       likelihood             = Gaussian
       initialization         = kmeans[ 3 ]
       mrf                    = [ 0.1,1x1x1 ]
       use clock random seed  = 1

---------------------  Running antsBrainExtraction.sh on nc10422.narval.calcul.quebec  ---------------------

--------------------------------------------------------------------------------------
 Bias correction of anatomical images (pre brain extraction)
   1) pre-process by truncating the image intensities
   2) run N4
--------------------------------------------------------------------------------------

BEGIN >>>>>>>>>>>>>>>>>>>>
ImageMath 3 /data/derivatives/mri-registration-rp/antsBrainExtraction/sub-s032/N4Truncated0.nii.gz TruncateImageIntensity /data/sub-s032/ses-open/anat/sub-s032_ses-open_T1w.nii.gz 0.01 0.999 256
END   <<<<<<<<<<<<<<<<<<<<


BEGIN >>>>>>>>>>>>>>>>>>>>
N4BiasFieldCorrection -d 3 -i /data/derivatives/mri-registration-rp/antsBrainExtraction/sub-s032/N4Truncated0.nii.gz -s 4 -c [ 50x50x50x50,0.0000001 ] -b [ 1x1x1, 3 ] -o /data/derivatives/mri-registration-rp/antsBrainExtraction/sub-s032/N4Corrected0.nii.gz --verbose 1

Running N4 for 3-dimensional images.

Mask not read.  Using the entire image as the mask.

Original intensity range:  [3.0861, 604.936]
Current level = 1
  Iteration 1 (of 50).   Current convergence value = 0.000329835 (threshold = 1e-07)
  Iteration 2 (of 50).   Current convergence value = 0.000294645 (threshold = 1e-07)
  Iteration 3 (of 50).   Current convergence value = 0.000271667 (threshold = 1e-07)
  Iteration 4 (of 50).   Current convergence value = 0.000255181 (threshold = 1e-07)
  Iteration 5 (of 50).   Current convergence value = 0.000238156 (threshold = 1e-07)
  Iteration 6 (of 50).   Current convergence value = 0.00021917 (threshold = 1e-07)
  Iteration 7 (of 50).   Current convergence value = 0.000205083 (threshold = 1e-07)
  Iteration 8 (of 50).   Current convergence value = 0.00019352 (threshold = 1e-07)
  Iteration 9 (of 50).   Current convergence value = 0.000181308 (threshold = 1e-07)
  Iteration 10 (of 50).   Current convergence value = 0.000168731 (threshold = 1e-07)
  Iteration 11 (of 50).   Current convergence value = 0.000155908 (threshold = 1e-07)
  Iteration 12 (of 50).   Current convergence value = 0.000143709 (threshold = 1e-07)
  Iteration 13 (of 50).   Current convergence value = 0.000133115 (threshold = 1e-07)
  Iteration 14 (of 50).   Current convergence value = 0.000126279 (threshold = 1e-07)
  Iteration 15 (of 50).   Current convergence value = 0.000120044 (threshold = 1e-07)
  Iteration 16 (of 50).   Current convergence value = 0.000113655 (threshold = 1e-07)
  Iteration 17 (of 50).   Current convergence value = 0.000107518 (threshold = 1e-07)
  Iteration 18 (of 50).   Current convergence value = 0.000101853 (threshold = 1e-07)
  Iteration 19 (of 50).   Current convergence value = 9.65523e-05 (threshold = 1e-07)
  Iteration 20 (of 50).   Current convergence value = 9.14945e-05 (threshold = 1e-07)
  Iteration 21 (of 50).   Current convergence value = 8.67659e-05 (threshold = 1e-07)
  Iteration 22 (of 50).   Current convergence value = 8.22668e-05 (threshold = 1e-07)
  Iteration 23 (of 50).   Current convergence value = 7.80715e-05 (threshold = 1e-07)
  Iteration 24 (of 50).   Current convergence value = 7.43986e-05 (threshold = 1e-07)
  Iteration 25 (of 50).   Current convergence value = 7.09716e-05 (threshold = 1e-07)
  Iteration 26 (of 50).   Current convergence value = 6.80013e-05 (threshold = 1e-07)
  Iteration 27 (of 50).   Current convergence value = 6.52101e-05 (threshold = 1e-07)
  Iteration 28 (of 50).   Current convergence value = 6.278e-05 (threshold = 1e-07)
  Iteration 29 (of 50).   Current convergence value = 6.06007e-05 (threshold = 1e-07)
  Iteration 30 (of 50).   Current convergence value = 5.86819e-05 (threshold = 1e-07)
  Iteration 31 (of 50).   Current convergence value = 5.69432e-05 (threshold = 1e-07)
  Iteration 32 (of 50).   Current convergence value = 5.54214e-05 (threshold = 1e-07)
  Iteration 33 (of 50).   Current convergence value = 5.40825e-05 (threshold = 1e-07)
  Iteration 34 (of 50).   Current convergence value = 5.29054e-05 (threshold = 1e-07)
  Iteration 35 (of 50).   Current convergence value = 5.18843e-05 (threshold = 1e-07)
  Iteration 36 (of 50).   Current convergence value = 5.09945e-05 (threshold = 1e-07)
  Iteration 37 (of 50).   Current convergence value = 5.02277e-05 (threshold = 1e-07)
  Iteration 38 (of 50).   Current convergence value = 4.95815e-05 (threshold = 1e-07)
  Iteration 39 (of 50).   Current convergence value = 4.9015e-05 (threshold = 1e-07)
  Iteration 40 (of 50).   Current convergence value = 4.85236e-05 (threshold = 1e-07)
  Iteration 41 (of 50).   Current convergence value = 4.81623e-05 (threshold = 1e-07)
  Iteration 42 (of 50).   Current convergence value = 4.78039e-05 (threshold = 1e-07)
  Iteration 43 (of 50).   Current convergence value = 4.75235e-05 (threshold = 1e-07)
  Iteration 44 (of 50).   Current convergence value = 4.73096e-05 (threshold = 1e-07)
  Iteration 45 (of 50).   Current convergence value = 4.70908e-05 (threshold = 1e-07)
  Iteration 46 (of 50).   Current convergence value = 4.69244e-05 (threshold = 1e-07)
  Iteration 47 (of 50).   Current convergence value = 4.68094e-05 (threshold = 1e-07)
  Iteration 48 (of 50).   Current convergence value = 4.67178e-05 (threshold = 1e-07)
  Iteration 49 (of 50).   Current convergence value = 4.66384e-05 (threshold = 1e-07)
  Iteration 50 (of 50).   Current convergence value = 4.66418e-05 (threshold = 1e-07)
Current level = 2
  Iteration 1 (of 50).   Current convergence value = 0.000587124 (threshold = 1e-07)
  Iteration 2 (of 50).   Current convergence value = 0.000524013 (threshold = 1e-07)
  Iteration 3 (of 50).   Current convergence value = 0.000478809 (threshold = 1e-07)
  Iteration 4 (of 50).   Current convergence value = 0.000439226 (threshold = 1e-07)
  Iteration 5 (of 50).   Current convergence value = 0.000412997 (threshold = 1e-07)
  Iteration 6 (of 50).   Current convergence value = 0.000391916 (threshold = 1e-07)
  Iteration 7 (of 50).   Current convergence value = 0.000377499 (threshold = 1e-07)
  Iteration 8 (of 50).   Current convergence value = 0.000368036 (threshold = 1e-07)
  Iteration 9 (of 50).   Current convergence value = 0.000360342 (threshold = 1e-07)
  Iteration 10 (of 50).   Current convergence value = 0.000354501 (threshold = 1e-07)
  Iteration 11 (of 50).   Current convergence value = 0.00034861 (threshold = 1e-07)
  Iteration 12 (of 50).   Current convergence value = 0.000337248 (threshold = 1e-07)
  Iteration 13 (of 50).   Current convergence value = 0.000322171 (threshold = 1e-07)
  Iteration 14 (of 50).   Current convergence value = 0.000309017 (threshold = 1e-07)
  Iteration 15 (of 50).   Current convergence value = 0.000297622 (threshold = 1e-07)
  Iteration 16 (of 50).   Current convergence value = 0.000290382 (threshold = 1e-07)
  Iteration 17 (of 50).   Current convergence value = 0.000289499 (threshold = 1e-07)
  Iteration 18 (of 50).   Current convergence value = 0.000288611 (threshold = 1e-07)
  Iteration 19 (of 50).   Current convergence value = 0.000287329 (threshold = 1e-07)
  Iteration 20 (of 50).   Current convergence value = 0.000286182 (threshold = 1e-07)
  Iteration 21 (of 50).   Current convergence value = 0.000284278 (threshold = 1e-07)
  Iteration 22 (of 50).   Current convergence value = 0.000282763 (threshold = 1e-07)
  Iteration 23 (of 50).   Current convergence value = 0.000280705 (threshold = 1e-07)
  Iteration 24 (of 50).   Current convergence value = 0.000277169 (threshold = 1e-07)
  Iteration 25 (of 50).   Current convergence value = 0.00027351 (threshold = 1e-07)
  Iteration 26 (of 50).   Current convergence value = 0.000270038 (threshold = 1e-07)
  Iteration 27 (of 50).   Current convergence value = 0.000265947 (threshold = 1e-07)
  Iteration 28 (of 50).   Current convergence value = 0.000261247 (threshold = 1e-07)
  Iteration 29 (of 50).   Current convergence value = 0.000255825 (threshold = 1e-07)
  Iteration 30 (of 50).   Current convergence value = 0.000249577 (threshold = 1e-07)
  Iteration 31 (of 50).   Current convergence value = 0.000242213 (threshold = 1e-07)
  Iteration 32 (of 50).   Current convergence value = 0.000233888 (threshold = 1e-07)
  Iteration 33 (of 50).   Current convergence value = 0.000225175 (threshold = 1e-07)
  Iteration 34 (of 50).   Current convergence value = 0.000216464 (threshold = 1e-07)
  Iteration 35 (of 50).   Current convergence value = 0.00023183 (threshold = 1e-07)
  Iteration 36 (of 50).   Current convergence value = 0.000264226 (threshold = 1e-07)
  Iteration 37 (of 50).   Current convergence value = 0.000302903 (threshold = 1e-07)
  Iteration 38 (of 50).   Current convergence value = 0.00028888 (threshold = 1e-07)
  Iteration 39 (of 50).   Current convergence value = 0.000275149 (threshold = 1e-07)
  Iteration 40 (of 50).   Current convergence value = 0.000259793 (threshold = 1e-07)
  Iteration 41 (of 50).   Current convergence value = 0.000244882 (threshold = 1e-07)
  Iteration 42 (of 50).   Current convergence value = 0.000234433 (threshold = 1e-07)
  Iteration 43 (of 50).   Current convergence value = 0.000225973 (threshold = 1e-07)
  Iteration 44 (of 50).   Current convergence value = 0.000219561 (threshold = 1e-07)
  Iteration 45 (of 50).   Current convergence value = 0.000214572 (threshold = 1e-07)
  Iteration 46 (of 50).   Current convergence value = 0.000210782 (threshold = 1e-07)
  Iteration 47 (of 50).   Current convergence value = 0.000207731 (threshold = 1e-07)
  Iteration 48 (of 50).   Current convergence value = 0.000205505 (threshold = 1e-07)
  Iteration 49 (of 50).   Current convergence value = 0.000203478 (threshold = 1e-07)
  Iteration 50 (of 50).   Current convergence value = 0.000201822 (threshold = 1e-07)
Current level = 3
  Iteration 1 (of 50).   Current convergence value = 0.00103434 (threshold = 1e-07)
  Iteration 2 (of 50).   Current convergence value = 0.000921129 (threshold = 1e-07)
  Iteration 3 (of 50).   Current convergence value = 0.000861223 (threshold = 1e-07)
  Iteration 4 (of 50).   Current convergence value = 0.000832036 (threshold = 1e-07)
  Iteration 5 (of 50).   Current convergence value = 0.000822824 (threshold = 1e-07)
  Iteration 6 (of 50).   Current convergence value = 0.00081462 (threshold = 1e-07)
  Iteration 7 (of 50).   Current convergence value = 0.000807749 (threshold = 1e-07)
  Iteration 8 (of 50).   Current convergence value = 0.000793188 (threshold = 1e-07)
  Iteration 9 (of 50).   Current convergence value = 0.000792891 (threshold = 1e-07)
  Iteration 10 (of 50).   Current convergence value = 0.000786244 (threshold = 1e-07)
  Iteration 11 (of 50).   Current convergence value = 0.000783944 (threshold = 1e-07)
  Iteration 12 (of 50).   Current convergence value = 0.000786151 (threshold = 1e-07)
  Iteration 13 (of 50).   Current convergence value = 0.000784341 (threshold = 1e-07)
  Iteration 14 (of 50).   Current convergence value = 0.000777373 (threshold = 1e-07)
  Iteration 15 (of 50).   Current convergence value = 0.000772353 (threshold = 1e-07)
  Iteration 16 (of 50).   Current convergence value = 0.00077254 (threshold = 1e-07)
  Iteration 17 (of 50).   Current convergence value = 0.000768701 (threshold = 1e-07)
  Iteration 18 (of 50).   Current convergence value = 0.000760156 (threshold = 1e-07)
  Iteration 19 (of 50).   Current convergence value = 0.000743896 (threshold = 1e-07)
  Iteration 20 (of 50).   Current convergence value = 0.000737697 (threshold = 1e-07)
  Iteration 21 (of 50).   Current convergence value = 0.000731479 (threshold = 1e-07)
  Iteration 22 (of 50).   Current convergence value = 0.000728759 (threshold = 1e-07)
  Iteration 23 (of 50).   Current convergence value = 0.000731235 (threshold = 1e-07)
  Iteration 24 (of 50).   Current convergence value = 0.000728415 (threshold = 1e-07)
  Iteration 25 (of 50).   Current convergence value = 0.000721478 (threshold = 1e-07)
  Iteration 26 (of 50).   Current convergence value = 0.000713596 (threshold = 1e-07)
  Iteration 27 (of 50).   Current convergence value = 0.000713527 (threshold = 1e-07)
  Iteration 28 (of 50).   Current convergence value = 0.000715071 (threshold = 1e-07)
  Iteration 29 (of 50).   Current convergence value = 0.000712658 (threshold = 1e-07)
  Iteration 30 (of 50).   Current convergence value = 0.000698969 (threshold = 1e-07)
  Iteration 31 (of 50).   Current convergence value = 0.000672723 (threshold = 1e-07)
  Iteration 32 (of 50).   Current convergence value = 0.000672168 (threshold = 1e-07)
  Iteration 33 (of 50).   Current convergence value = 0.000669821 (threshold = 1e-07)
  Iteration 34 (of 50).   Current convergence value = 0.000671597 (threshold = 1e-07)
  Iteration 35 (of 50).   Current convergence value = 0.000678515 (threshold = 1e-07)
  Iteration 36 (of 50).   Current convergence value = 0.00067419 (threshold = 1e-07)
  Iteration 37 (of 50).   Current convergence value = 0.000670752 (threshold = 1e-07)
  Iteration 38 (of 50).   Current convergence value = 0.000666094 (threshold = 1e-07)
  Iteration 39 (of 50).   Current convergence value = 0.000660003 (threshold = 1e-07)
  Iteration 40 (of 50).   Current convergence value = 0.000665694 (threshold = 1e-07)
  Iteration 41 (of 50).   Current convergence value = 0.000669142 (threshold = 1e-07)
  Iteration 42 (of 50).   Current convergence value = 0.000663876 (threshold = 1e-07)
  Iteration 43 (of 50).   Current convergence value = 0.000647666 (threshold = 1e-07)
  Iteration 44 (of 50).   Current convergence value = 0.000610867 (threshold = 1e-07)
  Iteration 45 (of 50).   Current convergence value = 0.00061239 (threshold = 1e-07)
  Iteration 46 (of 50).   Current convergence value = 0.0006173 (threshold = 1e-07)
  Iteration 47 (of 50).   Current convergence value = 0.00062645 (threshold = 1e-07)
  Iteration 48 (of 50).   Current convergence value = 0.000637355 (threshold = 1e-07)
  Iteration 49 (of 50).   Current convergence value = 0.000631958 (threshold = 1e-07)
  Iteration 50 (of 50).   Current convergence value = 0.000630372 (threshold = 1e-07)
Current level = 4
  Iteration 1 (of 50).   Current convergence value = 0.00206075 (threshold = 1e-07)
  Iteration 2 (of 50).   Current convergence value = 0.00194007 (threshold = 1e-07)
  Iteration 3 (of 50).   Current convergence value = 0.00188336 (threshold = 1e-07)
  Iteration 4 (of 50).   Current convergence value = 0.00185311 (threshold = 1e-07)
  Iteration 5 (of 50).   Current convergence value = 0.00179949 (threshold = 1e-07)
  Iteration 6 (of 50).   Current convergence value = 0.00177788 (threshold = 1e-07)
  Iteration 7 (of 50).   Current convergence value = 0.00176115 (threshold = 1e-07)
  Iteration 8 (of 50).   Current convergence value = 0.00173876 (threshold = 1e-07)
  Iteration 9 (of 50).   Current convergence value = 0.00171979 (threshold = 1e-07)
  Iteration 10 (of 50).   Current convergence value = 0.00171023 (threshold = 1e-07)
  Iteration 11 (of 50).   Current convergence value = 0.00169811 (threshold = 1e-07)
  Iteration 12 (of 50).   Current convergence value = 0.00169063 (threshold = 1e-07)
  Iteration 13 (of 50).   Current convergence value = 0.00168752 (threshold = 1e-07)
  Iteration 14 (of 50).   Current convergence value = 0.00162814 (threshold = 1e-07)
  Iteration 15 (of 50).   Current convergence value = 0.00160601 (threshold = 1e-07)
  Iteration 16 (of 50).   Current convergence value = 0.00157663 (threshold = 1e-07)
  Iteration 17 (of 50).   Current convergence value = 0.00154661 (threshold = 1e-07)
  Iteration 18 (of 50).   Current convergence value = 0.00151675 (threshold = 1e-07)
  Iteration 19 (of 50).   Current convergence value = 0.00149076 (threshold = 1e-07)
  Iteration 20 (of 50).   Current convergence value = 0.00147809 (threshold = 1e-07)
  Iteration 21 (of 50).   Current convergence value = 0.00147385 (threshold = 1e-07)
  Iteration 22 (of 50).   Current convergence value = 0.00146793 (threshold = 1e-07)
  Iteration 23 (of 50).   Current convergence value = 0.00147326 (threshold = 1e-07)
  Iteration 24 (of 50).   Current convergence value = 0.00147337 (threshold = 1e-07)
  Iteration 25 (of 50).   Current convergence value = 0.00138071 (threshold = 1e-07)
  Iteration 26 (of 50).   Current convergence value = 0.00134866 (threshold = 1e-07)
  Iteration 27 (of 50).   Current convergence value = 0.00131376 (threshold = 1e-07)
  Iteration 28 (of 50).   Current convergence value = 0.00129025 (threshold = 1e-07)
  Iteration 29 (of 50).   Current convergence value = 0.00126897 (threshold = 1e-07)
  Iteration 30 (of 50).   Current convergence value = 0.00125062 (threshold = 1e-07)
  Iteration 31 (of 50).   Current convergence value = 0.00123459 (threshold = 1e-07)
  Iteration 32 (of 50).   Current convergence value = 0.00122514 (threshold = 1e-07)
  Iteration 33 (of 50).   Current convergence value = 0.0012235 (threshold = 1e-07)
  Iteration 34 (of 50).   Current convergence value = 0.00123494 (threshold = 1e-07)
  Iteration 35 (of 50).   Current convergence value = 0.00124575 (threshold = 1e-07)
  Iteration 36 (of 50).   Current convergence value = 0.00125125 (threshold = 1e-07)
  Iteration 37 (of 50).   Current convergence value = 0.00126902 (threshold = 1e-07)
  Iteration 38 (of 50).   Current convergence value = 0.00127316 (threshold = 1e-07)
  Iteration 39 (of 50).   Current convergence value = 0.00112202 (threshold = 1e-07)
  Iteration 40 (of 50).   Current convergence value = 0.00109482 (threshold = 1e-07)
  Iteration 41 (of 50).   Current convergence value = 0.00105381 (threshold = 1e-07)
  Iteration 42 (of 50).   Current convergence value = 0.00102812 (threshold = 1e-07)
  Iteration 43 (of 50).   Current convergence value = 0.0010145 (threshold = 1e-07)
  Iteration 44 (of 50).   Current convergence value = 0.00100686 (threshold = 1e-07)
  Iteration 45 (of 50).   Current convergence value = 0.000997966 (threshold = 1e-07)
  Iteration 46 (of 50).   Current convergence value = 0.000991747 (threshold = 1e-07)
  Iteration 47 (of 50).   Current convergence value = 0.000996543 (threshold = 1e-07)
  Iteration 48 (of 50).   Current convergence value = 0.00101305 (threshold = 1e-07)
  Iteration 49 (of 50).   Current convergence value = 0.00105951 (threshold = 1e-07)
  Iteration 50 (of 50).   Current convergence value = 0.00110403 (threshold = 1e-07)
   N4BiasFieldCorrectionImageFilter (0x55e13281c830)
     RTTI typeinfo:   itk::N4BiasFieldCorrectionImageFilter<itk::Image<float, 3u>, itk::Image<float, 3u>, itk::Image<float, 3u> >
     Reference Count: 1
     Modified Time: 668
     Debug: Off
     Object Name: 
     Observers: 
       IterationEvent(Command)
     Inputs: 
       ConfidenceImage: (0)
       MaskImage: (0x55e13283d4c0)
       Primary: (0x55e13288c8c0) *
     Indexed Inputs: 
       0: Primary (0x55e13288c8c0)
       1: MaskImage (0x55e13283d4c0)
       2: ConfidenceImage (0)
     Required Input Names: Primary
     NumberOfRequiredInputs: 1
     Outputs: 
       Primary: (0x55e132830880)
     Indexed Outputs: 
       0: Primary (0x55e132830880)
     NumberOfRequiredOutputs: 1
     Number Of Work Units: 128
     ReleaseDataFlag: Off
     ReleaseDataBeforeUpdateFlag: Off
     AbortGenerateData: Off
     Progress: 0
     Multithreader: 
       RTTI typeinfo:   itk::PoolMultiThreader
       Reference Count: 1
       Modified Time: 140
       Debug: Off
       Object Name: 
       Observers: 
         none
       Number of Work Units: 128
       Number of Threads: 64
       Global Maximum Number Of Threads: 128
       Global Default Number Of Threads: 64
       Global Default Threader Type: itk::MultiThreaderBaseEnums::Threader::Pool
       SingleMethod: 0
       SingleData: 0
     DynamicMultiThreading: On
     CoordinateTolerance: 1e-06
     DirectionTolerance: 1e-06
     Use Mask Label: 0
     Mask label: 1
     Number of histogram bins: 200
     Wiener filter noise: 0.01
     Bias field FWHM: 0.15
     Maximum number of iterations: [50, 50, 50, 50]
     Convergence threshold: 1e-07
     Spline order: 3
     Number of fitting levels: [4, 4, 4]
     Number of control points: [4, 4, 4]
     CurrentConvergenceMeasurement: 0.00110403
     CurrentLevel: 4
     ElapsedIterations: 51
     LogBiasFieldControlPointLattice: 
       Image (0x55e1328a3270)
         RTTI typeinfo:   itk::Image<itk::Vector<float, 1u>, 3u>
         Reference Count: 1
         Modified Time: 980393
         Debug: Off
         Object Name: 
         Observers: 
           none
         Source: (none)
         Source output name: (none)
         Release Data: Off
         Data Released: False
         Global Release Data: Off
         PipelineMTime: 0
         UpdateMTime: 0
         RealTimeStamp: 0 seconds 
         LargestPossibleRegion: 
           Dimension: 3
           Index: [0, 0, 0]
           Size: [11, 11, 11]
         BufferedRegion: 
           Dimension: 3
           Index: [0, 0, 0]
           Size: [11, 11, 11]
         RequestedRegion: 
           Dimension: 3
           Index: [0, 0, 0]
           Size: [11, 11, 11]
         Spacing: [19.5, 29.5, 31.5]
         Origin: [18.4232, 30.7535, -30.9444]
         Direction: 
-0.997527 0.0645574 -0.0278053
-0.0645323 -0.997914 -0.00179875
-0.0278634 4.01097e-08 0.999612

         IndexToPointMatrix: 
-19.4518 1.90444 -0.875867
-1.25838 -29.4385 -0.0566606
-0.543337 1.18324e-06 31.4878

         PointToIndexMatrix: 
-0.0511552 -0.00330935 -0.00142889
0.00218839 -0.0338276 1.35949e-09
-0.000882708 -5.71031e-05 0.0317337

         Inverse Direction: 
-0.997527 -0.0645323 -0.0278634
0.0645574 -0.997914 4.01049e-08
-0.0278053 -0.00179875 0.999612

         PixelContainer: 
           ImportImageContainer (0x55e132971320)
             RTTI typeinfo:   itk::ImportImageContainer<unsigned long, itk::Vector<float, 1u> >
             Reference Count: 1
             Modified Time: 980394
             Debug: Off
             Object Name: 
             Observers: 
               none
             Pointer: 0x55e132868870
             Container manages memory: true
             Size: 1331
             Capacity: 1331
Elapsed time: 11.9628
END   <<<<<<<<<<<<<<<<<<<<



--------------------------------------------------------------------------------------
 Done with N4 correction (pre brain extraction):  0h 0m 16s
--------------------------------------------------------------------------------------


--------------------------------------------------------------------------------------
 Brain extraction using the following steps:
   1) Register /opt/templates/OASIS/T_template0.nii.gz to /data/derivatives/mri-registration-rp/antsBrainExtraction/sub-s032/N4Corrected0.nii.gz
   2) Warp /opt/templates/OASIS/T_template0_BrainCerebellumProbabilityMask.nii.gz to /data/sub-s032/ses-open/anat/sub-s032_ses-open_T1w.nii.gz using, from 1),
      /data/derivatives/mri-registration-rp/antsBrainExtraction/sub-s032/BrainExtractionWarp/Affine
   3) Refine segmentation results using Atropos
--------------------------------------------------------------------------------------

BEGIN >>>>>>>>>>>>>>>>>>>>
ImageMath 3 /data/derivatives/mri-registration-rp/antsBrainExtraction/sub-s032/BrainExtractionLaplacian.nii.gz Laplacian /data/derivatives/mri-registration-rp/antsBrainExtraction/sub-s032/N4Corrected0.nii.gz 1.5 1
END   <<<<<<<<<<<<<<<<<<<<


BEGIN >>>>>>>>>>>>>>>>>>>>
ImageMath 3 /data/derivatives/mri-registration-rp/antsBrainExtraction/sub-s032/BrainExtractionTemplateLaplacian.nii.gz Laplacian /opt/templates/OASIS/T_template0.nii.gz 1.5 1
END   <<<<<<<<<<<<<<<<<<<<


BEGIN >>>>>>>>>>>>>>>>>>>>
SmoothImage 3 /opt/templates/OASIS/T_template0.nii.gz 4 /data/derivatives/mri-registration-rp/antsBrainExtraction/sub-s032/BrainExtractionInitialAffineFixed.nii.gz
END   <<<<<<<<<<<<<<<<<<<<


BEGIN >>>>>>>>>>>>>>>>>>>>
SmoothImage 3 /data/derivatives/mri-registration-rp/antsBrainExtraction/sub-s032/N4Corrected0.nii.gz 4 /data/derivatives/mri-registration-rp/antsBrainExtraction/sub-s032/BrainExtractionInitialAffineMoving.nii.gz
END   <<<<<<<<<<<<<<<<<<<<


BEGIN >>>>>>>>>>>>>>>>>>>>
ResampleImageBySpacing 3 /data/derivatives/mri-registration-rp/antsBrainExtraction/sub-s032/BrainExtractionInitialAffineFixed.nii.gz /data/derivatives/mri-registration-rp/antsBrainExtraction/sub-s032/BrainExtractionInitialAffineFixed.nii.gz 5 5 5 0
 spacing [1, 1, 1] dim 3
 spacing2 [5, 5, 5]
 out space [5, 5, 5]
 output size [43, 51, 58] spc [5, 5, 5]
END   <<<<<<<<<<<<<<<<<<<<


BEGIN >>>>>>>>>>>>>>>>>>>>
ResampleImageBySpacing 3 /data/derivatives/mri-registration-rp/antsBrainExtraction/sub-s032/BrainExtractionInitialAffineMoving.nii.gz /data/derivatives/mri-registration-rp/antsBrainExtraction/sub-s032/BrainExtractionInitialAffineMoving.nii.gz 5 5 5 0
 spacing [1, 1, 1] dim 3
 spacing2 [5, 5, 5]
 out space [5, 5, 5]
 output size [32, 48, 51] spc [5, 5, 5]
END   <<<<<<<<<<<<<<<<<<<<


BEGIN >>>>>>>>>>>>>>>>>>>>
antsAI -d 3 -v 1 -m Mattes[ /data/derivatives/mri-registration-rp/antsBrainExtraction/sub-s032/BrainExtractionInitialAffineFixed.nii.gz,/data/derivatives/mri-registration-rp/antsBrainExtraction/sub-s032/BrainExtractionInitialAffineMoving.nii.gz,32,Regular,0.2 ] -t Affine[ 0.1 ] -s [ 20,0.12 ] -g [ 40,0x40x40 ] -p 0 -c 10 -o /data/derivatives/mri-registration-rp/antsBrainExtraction/sub-s032/BrainExtractionInitialAffine.mat
Using the Mattes MI metric (number of bins = 32)
Starting optimizer with 243 starting points

Iteration/Total,MetricValue
24/243,-0.51557
48/243,-0.573687
72/243,-0.468132
96/243,-0.520796
120/243,-0.578941
144/243,-0.47587
168/243,-0.522664
192/243,-0.579066
216/243,-0.605722
240/243,-0.58722

Optimization complete. Best metric value: -0.619921
END   <<<<<<<<<<<<<<<<<<<<


BEGIN >>>>>>>>>>>>>>>>>>>>
antsRegistration -d 3 -u 1 -w [ 0.025,0.975 ] -o /data/derivatives/mri-registration-rp/antsBrainExtraction/sub-s032/BrainExtractionPrior -r /data/derivatives/mri-registration-rp/antsBrainExtraction/sub-s032/BrainExtractionInitialAffine.mat -z 1 --float 0 --verbose 1 -m MI[ /opt/templates/OASIS/T_template0.nii.gz,/data/derivatives/mri-registration-rp/antsBrainExtraction/sub-s032/N4Corrected0.nii.gz,1,32,Regular,0.25 ] -c [ 1000x500x250x100,1e-8,10 ] -t Rigid[ 0.1 ] -f 8x4x2x1 -s 4x2x1x0 -m MI[ /opt/templates/OASIS/T_template0.nii.gz,/data/derivatives/mri-registration-rp/antsBrainExtraction/sub-s032/N4Corrected0.nii.gz,1,32,Regular,0.25 ] -c [ 1000x500x250x100,1e-8,10 ] -t Affine[ 0.1 ] -f 8x4x2x1 -s 4x2x1x0 -m CC[ /opt/templates/OASIS/T_template0.nii.gz,/data/derivatives/mri-registration-rp/antsBrainExtraction/sub-s032/N4Corrected0.nii.gz,0.5,4 ] -m CC[ /data/derivatives/mri-registration-rp/antsBrainExtraction/sub-s032/BrainExtractionTemplateLaplacian.nii.gz,/data/derivatives/mri-registration-rp/antsBrainExtraction/sub-s032/BrainExtractionLaplacian.nii.gz,0.5,4 ] -c [ 50x10x0,1e-9,15 ] -t SyN[ 0.1,3,0 ] -f 4x2x1 -s 2x1x0
All_Command_lines_OK
Using double precision for computations.
=============================================================================
The composite transform comprises the following transforms (in order): 
  1. /data/derivatives/mri-registration-rp/antsBrainExtraction/sub-s032/BrainExtractionInitialAffine.mat (type = AffineTransform)
=============================================================================
  number of levels = 4
  number of levels = 4
  number of levels = 3
  fixed image: /opt/templates/OASIS/T_template0.nii.gz
  moving image: /data/derivatives/mri-registration-rp/antsBrainExtraction/sub-s032/N4Corrected0.nii.gz
  fixed image: /opt/templates/OASIS/T_template0.nii.gz
  moving image: /data/derivatives/mri-registration-rp/antsBrainExtraction/sub-s032/N4Corrected0.nii.gz
  fixed image: /opt/templates/OASIS/T_template0.nii.gz
  moving image: /data/derivatives/mri-registration-rp/antsBrainExtraction/sub-s032/N4Corrected0.nii.gz
  fixed image: /data/derivatives/mri-registration-rp/antsBrainExtraction/sub-s032/BrainExtractionTemplateLaplacian.nii.gz
  moving image: /data/derivatives/mri-registration-rp/antsBrainExtraction/sub-s032/BrainExtractionLaplacian.nii.gz
Dimension = 3
Number of stages = 3
Use histogram matching = true
Winsorize image intensities = true
  Lower quantile = 0.025
  Upper quantile = 0.975


Stage 1 State
   Image metric = MattesMI
     Fixed image = Image (0x5563781eb990)
  RTTI typeinfo:   itk::Image<double, 3u>
  Reference Count: 2
  Modified Time: 1610
  Debug: Off
  Object Name: 
  Observers: 
    none
  Source: (none)
  Source output name: (none)
  Release Data: Off
  Data Released: False
  Global Release Data: Off
  PipelineMTime: 0
  UpdateMTime: 1221
  RealTimeStamp: 0 seconds 
  LargestPossibleRegion: 
    Dimension: 3
    Index: [0, 0, 0]
    Size: [216, 256, 291]
  BufferedRegion: 
    Dimension: 3
    Index: [0, 0, 0]
    Size: [216, 256, 291]
  RequestedRegion: 
    Dimension: 3
    Index: [0, 0, 0]
    Size: [216, 256, 291]
  Spacing: [1, 1, 1]
  Origin: [0, 293, 0]
  Direction: 
1 0 0
0 -0 -1
0 -1 0

  IndexToPointMatrix: 
1 0 0
0 0 -1
0 -1 0

  PointToIndexMatrix: 
1 0 0
0 0 -1
0 -1 0

  Inverse Direction: 
1 0 0
0 0 -1
0 -1 0

  PixelContainer: 
    ImportImageContainer (0x556378205210)
      RTTI typeinfo:   itk::ImportImageContainer<unsigned long, double>
      Reference Count: 1
      Modified Time: 1218
      Debug: Off
      Object Name: 
      Observers: 
        none
      Pointer: 0x14fc9fc68010
      Container manages memory: true
      Size: 16091136
      Capacity: 16091136

     Moving image = Image (0x5563781fed00)
  RTTI typeinfo:   itk::Image<double, 3u>
  Reference Count: 2
  Modified Time: 1611
  Debug: Off
  Object Name: 
  Observers: 
    none
  Source: (none)
  Source output name: (none)
  Release Data: Off
  Data Released: False
  Global Release Data: Off
  PipelineMTime: 0
  UpdateMTime: 1608
  RealTimeStamp: 0 seconds 
  LargestPossibleRegion: 
    Dimension: 3
    Index: [0, 0, 0]
    Size: [160, 240, 256]
  BufferedRegion: 
    Dimension: 3
    Index: [0, 0, 0]
    Size: [160, 240, 256]
  RequestedRegion: 
    Dimension: 3
    Index: [0, 0, 0]
    Size: [160, 240, 256]
  Spacing: [1, 1, 1]
  Origin: [73.279, 104.707, -131.187]
  Direction: 
-0.997527 0.0645574 -0.0278053
-0.0645323 -0.997914 -0.00179875
-0.0278634 4.01073e-08 0.999612

  IndexToPointMatrix: 
-0.997527 0.0645574 -0.0278053
-0.0645323 -0.997914 -0.00179875
-0.0278634 4.01073e-08 0.999612

  PointToIndexMatrix: 
-0.997527 -0.0645323 -0.0278634
0.0645574 -0.997914 4.01049e-08
-0.0278053 -0.00179875 0.999612

  Inverse Direction: 
-0.997527 -0.0645323 -0.0278634
0.0645574 -0.997914 4.01049e-08
-0.0278053 -0.00179875 0.999612

  PixelContainer: 
    ImportImageContainer (0x55637820d090)
      RTTI typeinfo:   itk::ImportImageContainer<unsigned long, double>
      Reference Count: 1
      Modified Time: 1605
      Debug: Off
      Object Name: 
      Observers: 
        none
      Pointer: 0x14fc9b167010
      Container manages memory: true
      Size: 9830400
      Capacity: 9830400

     Weighting = 1
     Sampling strategy = regular
     Number of bins = 32
     Radius = 4
     Sampling percentage  = 0.25
   Transform = Rigid
     Gradient step = 0.1
     Update field sigma (voxel space) = 0
     Total field sigma (voxel space) = 0
     Update field time sigma = 0
     Total field time sigma  = 0
     Number of time indices = 0
     Number of time point samples = 0
Stage 2 State
   Image metric = MattesMI
     Fixed image = Image (0x55637820c540)
  RTTI typeinfo:   itk::Image<double, 3u>
  Reference Count: 2
  Modified Time: 2386
  Debug: Off
  Object Name: 
  Observers: 
    none
  Source: (none)
  Source output name: (none)
  Release Data: Off
  Data Released: False
  Global Release Data: Off
  PipelineMTime: 0
  UpdateMTime: 1997
  RealTimeStamp: 0 seconds 
  LargestPossibleRegion: 
    Dimension: 3
    Index: [0, 0, 0]
    Size: [216, 256, 291]
  BufferedRegion: 
    Dimension: 3
    Index: [0, 0, 0]
    Size: [216, 256, 291]
  RequestedRegion: 
    Dimension: 3
    Index: [0, 0, 0]
    Size: [216, 256, 291]
  Spacing: [1, 1, 1]
  Origin: [0, 293, 0]
  Direction: 
1 0 0
0 -0 -1
0 -1 0

  IndexToPointMatrix: 
1 0 0
0 0 -1
0 -1 0

  PointToIndexMatrix: 
1 0 0
0 0 -1
0 -1 0

  Inverse Direction: 
1 0 0
0 0 -1
0 -1 0

  PixelContainer: 
    ImportImageContainer (0x5563782f0b50)
      RTTI typeinfo:   itk::ImportImageContainer<unsigned long, double>
      Reference Count: 1
      Modified Time: 1994
      Debug: Off
      Object Name: 
      Observers: 
        none
      Pointer: 0x14fc936a2010
      Container manages memory: true
      Size: 16091136
      Capacity: 16091136

     Moving image = Image (0x556378206bc0)
  RTTI typeinfo:   itk::Image<double, 3u>
  Reference Count: 2
  Modified Time: 2387
  Debug: Off
  Object Name: 
  Observers: 
    none
  Source: (none)
  Source output name: (none)
  Release Data: Off
  Data Released: False
  Global Release Data: Off
  PipelineMTime: 0
  UpdateMTime: 2384
  RealTimeStamp: 0 seconds 
  LargestPossibleRegion: 
    Dimension: 3
    Index: [0, 0, 0]
    Size: [160, 240, 256]
  BufferedRegion: 
    Dimension: 3
    Index: [0, 0, 0]
    Size: [160, 240, 256]
  RequestedRegion: 
    Dimension: 3
    Index: [0, 0, 0]
    Size: [160, 240, 256]
  Spacing: [1, 1, 1]
  Origin: [73.279, 104.707, -131.187]
  Direction: 
-0.997527 0.0645574 -0.0278053
-0.0645323 -0.997914 -0.00179875
-0.0278634 4.01073e-08 0.999612

  IndexToPointMatrix: 
-0.997527 0.0645574 -0.0278053
-0.0645323 -0.997914 -0.00179875
-0.0278634 4.01073e-08 0.999612

  PointToIndexMatrix: 
-0.997527 -0.0645323 -0.0278634
0.0645574 -0.997914 4.01049e-08
-0.0278053 -0.00179875 0.999612

  Inverse Direction: 
-0.997527 -0.0645323 -0.0278634
0.0645574 -0.997914 4.01049e-08
-0.0278053 -0.00179875 0.999612

  PixelContainer: 
    ImportImageContainer (0x556378310bd0)
      RTTI typeinfo:   itk::ImportImageContainer<unsigned long, double>
      Reference Count: 1
      Modified Time: 2381
      Debug: Off
      Object Name: 
      Observers: 
        none
      Pointer: 0x14fc8eba1010
      Container manages memory: true
      Size: 9830400
      Capacity: 9830400

     Weighting = 1
     Sampling strategy = regular
     Number of bins = 32
     Radius = 4
     Sampling percentage  = 0.25
   Transform = Affine
     Gradient step = 0.1
     Update field sigma (voxel space) = 0
     Total field sigma (voxel space) = 0
     Update field time sigma = 0
     Total field time sigma  = 0
     Number of time indices = 0
     Number of time point samples = 0
Stage 3 State
   Image metric = CC
     Fixed image = Image (0x55637826fd40)
  RTTI typeinfo:   itk::Image<double, 3u>
  Reference Count: 2
  Modified Time: 3162
  Debug: Off
  Object Name: 
  Observers: 
    none
  Source: (none)
  Source output name: (none)
  Release Data: Off
  Data Released: False
  Global Release Data: Off
  PipelineMTime: 0
  UpdateMTime: 2773
  RealTimeStamp: 0 seconds 
  LargestPossibleRegion: 
    Dimension: 3
    Index: [0, 0, 0]
    Size: [216, 256, 291]
  BufferedRegion: 
    Dimension: 3
    Index: [0, 0, 0]
    Size: [216, 256, 291]
  RequestedRegion: 
    Dimension: 3
    Index: [0, 0, 0]
    Size: [216, 256, 291]
  Spacing: [1, 1, 1]
  Origin: [0, 293, 0]
  Direction: 
1 0 0
0 -0 -1
0 -1 0

  IndexToPointMatrix: 
1 0 0
0 0 -1
0 -1 0

  PointToIndexMatrix: 
1 0 0
0 0 -1
0 -1 0

  Inverse Direction: 
1 0 0
0 0 -1
0 -1 0

  PixelContainer: 
    ImportImageContainer (0x5563782b0ad0)
      RTTI typeinfo:   itk::ImportImageContainer<unsigned long, double>
      Reference Count: 1
      Modified Time: 2770
      Debug: Off
      Object Name: 
      Observers: 
        none
      Pointer: 0x14fc870dc010
      Container manages memory: true
      Size: 16091136
      Capacity: 16091136

     Moving image = Image (0x55637820ece0)
  RTTI typeinfo:   itk::Image<double, 3u>
  Reference Count: 2
  Modified Time: 3163
  Debug: Off
  Object Name: 
  Observers: 
    none
  Source: (none)
  Source output name: (none)
  Release Data: Off
  Data Released: False
  Global Release Data: Off
  PipelineMTime: 0
  UpdateMTime: 3160
  RealTimeStamp: 0 seconds 
  LargestPossibleRegion: 
    Dimension: 3
    Index: [0, 0, 0]
    Size: [160, 240, 256]
  BufferedRegion: 
    Dimension: 3
    Index: [0, 0, 0]
    Size: [160, 240, 256]
  RequestedRegion: 
    Dimension: 3
    Index: [0, 0, 0]
    Size: [160, 240, 256]
  Spacing: [1, 1, 1]
  Origin: [73.279, 104.707, -131.187]
  Direction: 
-0.997527 0.0645574 -0.0278053
-0.0645323 -0.997914 -0.00179875
-0.0278634 4.01073e-08 0.999612

  IndexToPointMatrix: 
-0.997527 0.0645574 -0.0278053
-0.0645323 -0.997914 -0.00179875
-0.0278634 4.01073e-08 0.999612

  PointToIndexMatrix: 
-0.997527 -0.0645323 -0.0278634
0.0645574 -0.997914 4.01049e-08
-0.0278053 -0.00179875 0.999612

  Inverse Direction: 
-0.997527 -0.0645323 -0.0278634
0.0645574 -0.997914 4.01049e-08
-0.0278053 -0.00179875 0.999612

  PixelContainer: 
    ImportImageContainer (0x556378330c50)
      RTTI typeinfo:   itk::ImportImageContainer<unsigned long, double>
      Reference Count: 1
      Modified Time: 3157
      Debug: Off
      Object Name: 
      Observers: 
        none
      Pointer: 0x14fc825db010
      Container manages memory: true
      Size: 9830400
      Capacity: 9830400

     Weighting = 0.5
     Sampling strategy = none
     Number of bins = 32
     Radius = 4
     Sampling percentage  = 1
   Transform = SyN
     Gradient step = 0.1
     Update field sigma (voxel space) = 3
     Total field sigma (voxel space) = 0
     Update field time sigma = 0
     Total field time sigma  = 0
     Number of time indices = 0
     Number of time point samples = 0
Registration using 3 total stages.

Stage 0
  iterations = 1000x500x250x100
  convergence threshold = 1e-08
  convergence window size = 10
  number of levels = 4
  using the Mattes MI metric (number of bins = 32, weight = 1, use gradient filter = 0)
  preprocessing:  winsorizing the image intensities
  preprocessing:  histogram matching the images
  Shrink factors (level 1 out of 4): [8, 8, 8]
  Shrink factors (level 2 out of 4): [4, 4, 4]
  Shrink factors (level 3 out of 4): [2, 2, 2]
  Shrink factors (level 4 out of 4): [1, 1, 1]
  smoothing sigmas per level: [4, 2, 1, 0]
  regular sampling (percentage = 0.25)

*** Running Euler3DTransform registration ***

DIAGNOSTIC,Iteration,metricValue,convergenceValue,ITERATION_TIME_INDEX,SINCE_LAST
 2DIAGNOSTIC,     1, -6.552625138272e-01, 1.797693134862e+308, 2.7057e-01, 2.7057e-01, 
 2DIAGNOSTIC,     2, -6.563037936164e-01, 1.797693134862e+308, 2.7450e-01, 3.9270e-03, 
 2DIAGNOSTIC,     3, -6.573514527174e-01, 1.797693134862e+308, 2.7867e-01, 4.1690e-03, 
