
##########################
# Experiment information #
##########################

EXPERIMENT_NAME: antsRegistration-binary64
VFC_BACKENDS: libinterflop_ieee.so

SIF_IMG: /home/mdugre/projects/rrg-glatard/mdugre/containers/ants-vprec-no_metrics.simg

SUBJECT_ID: s037
INPUT_IMG: /home/mdugre/scratch/mri-registration-rp/datasets/ds004513/derivatives/mri-registration-rp/antsBrainExtraction/sub-s037/BrainExtractionBrain.nii.gz
OUTPUT_DIR: /home/mdugre/scratch/mri-registration-rp/datasets/ds004513/derivatives/mri-registration-rp/0000/antsRegistration-binary64/sub-s037

FIXED_IMG: /templateflow/tpl-MNI152NLin2009cAsym/tpl-MNI152NLin2009cAsym_res-01_desc-brain_T1w.nii.gz
DATA_DIR: /home/mdugre/scratch/mri-registration-rp/datasets/ds004513
TEMPLATEFLOW_DIR: /home/mdugre/projects/rrg-glatard/mdugre/templateflow
ITK_GLOBAL_DEFAULT_NUMBER_OF_THREADS: 16
##########################

Info [verificarlo]: loaded backend libinterflop_ieee.so
Info [interflop-ieee]: load backend with:
Info [interflop-ieee]: debug = false
Info [interflop-ieee]: debug-binary = false
Info [interflop-ieee]: no-backend-name = false
Info [interflop-ieee]: print-new-line = false
Info [interflop-ieee]: print-subnormal-normalized = false
Info [interflop-ieee]: count-op = false
All_Command_lines_OK
Using double precision for computations.
=============================================================================
The composite transform comprises the following transforms (in order): 
  1. Center of mass alignment using fixed image: /templateflow/tpl-MNI152NLin2009cAsym/tpl-MNI152NLin2009cAsym_res-01_desc-brain_T1w.nii.gz and moving image: /home/mdugre/scratch/mri-registration-rp/datasets/ds004513/derivatives/mri-registration-rp/antsBrainExtraction/sub-s037/BrainExtractionBrain.nii.gz (type = Euler3DTransform)
=============================================================================
  number of levels = 1
  fixed image: /templateflow/tpl-MNI152NLin2009cAsym/tpl-MNI152NLin2009cAsym_res-01_desc-brain_T1w.nii.gz
  moving image: /home/mdugre/scratch/mri-registration-rp/datasets/ds004513/derivatives/mri-registration-rp/antsBrainExtraction/sub-s037/BrainExtractionBrain.nii.gz
Dimension = 3
Number of stages = 1
Use histogram matching = false
Winsorize image intensities = true
  Lower quantile = 0.005
  Upper quantile = 0.995


Stage 1 State
   Image metric = MattesMI
     Fixed image = Image (0x42e1df0)
  RTTI typeinfo:   itk::Image<double, 3u>
  Reference Count: 2
  Modified Time: 2330
  Debug: Off
  Object Name: 
  Observers: 
    none
  Source: (none)
  Source output name: (none)
  Release Data: Off
  Data Released: False
  Global Release Data: Off
  PipelineMTime: 0
  UpdateMTime: 1941
  RealTimeStamp: 0 seconds 
  LargestPossibleRegion: 
    Dimension: 3
    Index: [0, 0, 0]
    Size: [193, 229, 193]
  BufferedRegion: 
    Dimension: 3
    Index: [0, 0, 0]
    Size: [193, 229, 193]
  RequestedRegion: 
    Dimension: 3
    Index: [0, 0, 0]
    Size: [193, 229, 193]
  Spacing: [1, 1, 1]
  Origin: [96, 132, -78]
  Direction: 
-1 0 0
0 -1 0
0 0 1

  IndexToPointMatrix: 
-1 0 0
0 -1 0
0 0 1

  PointToIndexMatrix: 
-1 0 0
0 -1 0
0 0 1

  Inverse Direction: 
-1 0 0
0 -1 0
0 0 1

  PixelContainer: 
    ImportImageContainer (0x4419d50)
      RTTI typeinfo:   itk::ImportImageContainer<unsigned long, double>
      Reference Count: 1
      Modified Time: 1938
      Debug: Off
      Object Name: 
      Observers: 
        none
      Pointer: 0x14c16e5d5010
      Container manages memory: true
      Size: 8530021
      Capacity: 8530021

     Moving image = Image (0x42ea3e0)
  RTTI typeinfo:   itk::Image<double, 3u>
  Reference Count: 2
  Modified Time: 2331
  Debug: Off
  Object Name: 
  Observers: 
    none
  Source: (none)
  Source output name: (none)
  Release Data: Off
  Data Released: False
  Global Release Data: Off
  PipelineMTime: 0
  UpdateMTime: 2328
  RealTimeStamp: 0 seconds 
  LargestPossibleRegion: 
    Dimension: 3
    Index: [0, 0, 0]
    Size: [160, 240, 256]
  BufferedRegion: 
    Dimension: 3
    Index: [0, 0, 0]
    Size: [160, 240, 256]
  RequestedRegion: 
    Dimension: 3
    Index: [0, 0, 0]
    Size: [160, 240, 256]
  Spacing: [1, 1, 1]
  Origin: [87.9508, 102.562, -147.639]
  Direction: 
-0.998659 -0.0436121 -0.0279129
0.043595 -0.999049 0.00121847
-0.0279395 -2.65543e-08 0.99961

  IndexToPointMatrix: 
-0.998659 -0.0436121 -0.0279129
0.043595 -0.999049 0.00121847
-0.0279395 -2.65543e-08 0.99961

  PointToIndexMatrix: 
-0.998659 0.043595 -0.0279395
-0.0436121 -0.999049 -2.65517e-08
-0.0279129 0.00121847 0.99961

  Inverse Direction: 
-0.998659 0.043595 -0.0279395
-0.0436121 -0.999049 -2.65517e-08
-0.0279129 0.00121847 0.99961

  PixelContainer: 
    ImportImageContainer (0x4479dd0)
      RTTI typeinfo:   itk::ImportImageContainer<unsigned long, double>
      Reference Count: 1
      Modified Time: 2325
      Debug: Off
      Object Name: 
      Observers: 
        none
      Pointer: 0x14c169ad4010
      Container manages memory: true
      Size: 9830400
      Capacity: 9830400

     Weighting = 1
     Sampling strategy = regular
     Number of bins = 32
     Radius = 4
     Sampling percentage  = 0.25
   Transform = Rigid
     Gradient step = 0.1
     Update field sigma (voxel space) = 0
     Total field sigma (voxel space) = 0
     Update field time sigma = 0
     Total field time sigma  = 0
     Number of time indices = 0
     Number of time point samples = 0
Registration using 1 total stages.

Stage 0
  iterations = 0
  convergence threshold = 1e-06
  convergence window size = 10
  number of levels = 1
  using the Mattes MI metric (number of bins = 32, weight = 1, use gradient filter = 0)
  preprocessing:  winsorizing the image intensities
  Shrink factors (level 1 out of 1): [1, 1, 1]
  smoothing sigmas per level: [0]
  regular sampling (percentage = 0.25)

*** Running Euler3DTransform registration ***

  Elapsed time (stage 0): 1.09585


Total elapsed time: 1.09811
Info [verificarlo]: loaded backend libinterflop_ieee.so
Info [interflop-ieee]: load backend with:
Info [interflop-ieee]: debug = false
Info [interflop-ieee]: debug-binary = false
Info [interflop-ieee]: no-backend-name = false
Info [interflop-ieee]: print-new-line = false
Info [interflop-ieee]: print-subnormal-normalized = false
Info [interflop-ieee]: count-op = false
All_Command_lines_OK
Using double precision for computations.
=============================================================================
The composite transform comprises the following transforms (in order): 
  1. /home/mdugre/scratch/mri-registration-rp/datasets/ds004513/derivatives/mri-registration-rp/0000/antsRegistration-binary64/sub-s037/align_Composite.h5[0] (type = Euler3DTransform)
  2. /home/mdugre/scratch/mri-registration-rp/datasets/ds004513/derivatives/mri-registration-rp/0000/antsRegistration-binary64/sub-s037/align_Composite.h5[1] (type = Euler3DTransform)
=============================================================================
  number of levels = 4
  fixed image: /templateflow/tpl-MNI152NLin2009cAsym/tpl-MNI152NLin2009cAsym_res-01_desc-brain_T1w.nii.gz
  moving image: /home/mdugre/scratch/mri-registration-rp/datasets/ds004513/derivatives/mri-registration-rp/antsBrainExtraction/sub-s037/BrainExtractionBrain.nii.gz
Dimension = 3
Number of stages = 1
Use histogram matching = false
Winsorize image intensities = true
  Lower quantile = 0.005
  Upper quantile = 0.995


Stage 1 State
   Image metric = MattesMI
     Fixed image = Image (0x454e7e0)
  RTTI typeinfo:   itk::Image<double, 3u>
  Reference Count: 2
  Modified Time: 1578
  Debug: Off
  Object Name: 
  Observers: 
    none
  Source: (none)
  Source output name: (none)
  Release Data: Off
  Data Released: False
  Global Release Data: Off
  PipelineMTime: 0
  UpdateMTime: 1189
  RealTimeStamp: 0 seconds 
  LargestPossibleRegion: 
    Dimension: 3
    Index: [0, 0, 0]
    Size: [193, 229, 193]
  BufferedRegion: 
    Dimension: 3
    Index: [0, 0, 0]
    Size: [193, 229, 193]
  RequestedRegion: 
    Dimension: 3
    Index: [0, 0, 0]
    Size: [193, 229, 193]
  Spacing: [1, 1, 1]
  Origin: [96, 132, -78]
  Direction: 
-1 0 0
0 -1 0
0 0 1

  IndexToPointMatrix: 
-1 0 0
0 -1 0
0 0 1

  PointToIndexMatrix: 
-1 0 0
0 -1 0
0 0 1

  Inverse Direction: 
-1 0 0
0 -1 0
0 0 1

  PixelContainer: 
    ImportImageContainer (0x460d010)
      RTTI typeinfo:   itk::ImportImageContainer<unsigned long, double>
      Reference Count: 1
      Modified Time: 1186
      Debug: Off
      Object Name: 
      Observers: 
        none
      Pointer: 0x1479f3701010
      Container manages memory: true
      Size: 8530021
      Capacity: 8530021

     Moving image = Image (0x460a100)
  RTTI typeinfo:   itk::Image<double, 3u>
  Reference Count: 2
  Modified Time: 1579
  Debug: Off
  Object Name: 
  Observers: 
    none
  Source: (none)
  Source output name: (none)
  Release Data: Off
  Data Released: False
  Global Release Data: Off
  PipelineMTime: 0
  UpdateMTime: 1576
  RealTimeStamp: 0 seconds 
  LargestPossibleRegion: 
    Dimension: 3
    Index: [0, 0, 0]
    Size: [160, 240, 256]
  BufferedRegion: 
    Dimension: 3
    Index: [0, 0, 0]
    Size: [160, 240, 256]
  RequestedRegion: 
    Dimension: 3
    Index: [0, 0, 0]
    Size: [160, 240, 256]
  Spacing: [1, 1, 1]
  Origin: [87.9508, 102.562, -147.639]
  Direction: 
-0.998659 -0.0436121 -0.0279129
0.043595 -0.999049 0.00121847
-0.0279395 -2.65543e-08 0.99961

  IndexToPointMatrix: 
-0.998659 -0.0436121 -0.0279129
0.043595 -0.999049 0.00121847
-0.0279395 -2.65543e-08 0.99961

  PointToIndexMatrix: 
-0.998659 0.043595 -0.0279395
-0.0436121 -0.999049 -2.65517e-08
-0.0279129 0.00121847 0.99961

  Inverse Direction: 
-0.998659 0.043595 -0.0279395
-0.0436121 -0.999049 -2.65517e-08
-0.0279129 0.00121847 0.99961

  PixelContainer: 
    ImportImageContainer (0x46f5610)
      RTTI typeinfo:   itk::ImportImageContainer<unsigned long, double>
      Reference Count: 1
      Modified Time: 1573
      Debug: Off
      Object Name: 
      Observers: 
        none
      Pointer: 0x1479eec00010
      Container manages memory: true
      Size: 9830400
      Capacity: 9830400

     Weighting = 1
     Sampling strategy = regular
     Number of bins = 32
     Radius = 4
     Sampling percentage  = 0.25
   Transform = Rigid
     Gradient step = 0.1
     Update field sigma (voxel space) = 0
     Total field sigma (voxel space) = 0
     Update field time sigma = 0
     Total field time sigma  = 0
     Number of time indices = 0
     Number of time point samples = 0
Registration using 1 total stages.

Stage 0
  iterations = 1000x500x250x100
  convergence threshold = 1e-06
  convergence window size = 10
  number of levels = 4
  using the Mattes MI metric (number of bins = 32, weight = 1, use gradient filter = 0)
  preprocessing:  winsorizing the image intensities
  Shrink factors (level 1 out of 4): [8, 8, 8]
  Shrink factors (level 2 out of 4): [4, 4, 4]
  Shrink factors (level 3 out of 4): [2, 2, 2]
  Shrink factors (level 4 out of 4): [1, 1, 1]
  smoothing sigmas per level: [3, 2, 1, 0]
  regular sampling (percentage = 0.25)

*** Running Euler3DTransform registration ***

DIAGNOSTIC,Iteration,metricValue,convergenceValue,ITERATION_TIME_INDEX,SINCE_LAST
 2DIAGNOSTIC,     1, -4.299060189477e-01, 1.797693134862e+308, 7.2546e-01, 7.2546e-01, 
 2DIAGNOSTIC,     2, -4.311703807429e-01, 1.797693134862e+308, 7.3064e-01, 5.1851e-03, 
 2DIAGNOSTIC,     3, -4.334997061176e-01, 1.797693134862e+308, 7.3538e-01, 4.7362e-03, 
 2DIAGNOSTIC,     4, -4.389575130370e-01, 1.797693134862e+308, 7.4177e-01, 6.3901e-03, 
 2DIAGNOSTIC,     5, -4.438813134482e-01, 1.797693134862e+308, 7.4612e-01, 4.3540e-03, 
 2DIAGNOSTIC,     6, -4.461495460377e-01, 1.797693134862e+308, 7.5173e-01, 5.6059e-03, 
 2DIAGNOSTIC,     7, -4.511407144429e-01, 1.797693134862e+308, 7.5684e-01, 5.1091e-03, 
 2DIAGNOSTIC,     8, -4.667812032718e-01, 1.797693134862e+308, 7.6525e-01, 8.4109e-03, 
 2DIAGNOSTIC,     9, -4.753090114372e-01, 1.797693134862e+308, 7.7020e-01, 4.9479e-03, 
 2DIAGNOSTIC,    10, -4.802481719655e-01, 7.481707542057e-03, 7.7522e-01, 5.0211e-03, 
 2DIAGNOSTIC,    11, -4.821261368877e-01, 7.356704266141e-03, 7.7966e-01, 4.4389e-03, 
 2DIAGNOSTIC,    12, -4.837491005315e-01, 6.749992380102e-03, 7.8498e-01, 5.3282e-03, 
 2DIAGNOSTIC,    13, -5.028244927605e-01, 6.622215038716e-03, 7.9275e-01, 7.7710e-03, 
 2DIAGNOSTIC,    14, -5.042109134427e-01, 6.183615245765e-03, 7.9722e-01, 4.4630e-03, 
 2DIAGNOSTIC,    15, -5.066116081844e-01, 5.558135432346e-03, 8.0155e-01, 4.3321e-03, 
 2DIAGNOSTIC,    16, -5.083451635807e-01, 4.676295421140e-03, 8.0614e-01, 4.5860e-03, 
 2DIAGNOSTIC,    17, -5.184993492926e-01, 3.998770501363e-03, 8.1291e-01, 6.7701e-03, 
 2DIAGNOSTIC,    18, -5.256348855842e-01, 3.769024583983e-03, 8.1736e-01, 4.4551e-03, 
 2DIAGNOSTIC,    19, -5.260487275327e-01, 3.491513198232e-03, 8.2281e-01, 5.4541e-03, 
 2DIAGNOSTIC,    20, -5.292109524914e-01, 3.174906789960e-03, 8.2766e-01, 4.8480e-03, 
 2DIAGNOSTIC,    21, -5.301818306423e-01, 2.681600123805e-03, 8.3197e-01, 4.3080e-03, 
 2DIAGNOSTIC,    22, -5.312241480409e-01, 2.041189186416e-03, 8.3677e-01, 4.8001e-03, 
 2DIAGNOSTIC,    23, -5.321371488831e-01, 1.776979850824e-03, 8.4200e-01, 5.2340e-03, 
 2DIAGNOSTIC,    24, -5.330747276757e-01, 1.429098662312e-03, 8.4623e-01, 4.2212e-03, 
 2DIAGNOSTIC,    25, -5.340979477039e-01, 1.060388006735e-03, 8.5104e-01, 4.8151e-03, 
 2DIAGNOSTIC,    26, -5.353301949682e-01, 6.839353693879e-04, 8.5679e-01, 5.7502e-03, 
 2DIAGNOSTIC,    27, -5.359878017885e-01, 5.005587880163e-04, 8.6101e-01, 4.2140e-03, 
 2DIAGNOSTIC,    28, -5.363339052874e-01, 4.385719288985e-04, 8.6519e-01, 4.1809e-03, 
 2DIAGNOSTIC,    29, -5.373051037624e-01, 3.660305812442e-04, 8.6947e-01, 4.2801e-03, 
 2DIAGNOSTIC,    30, -5.398201283923e-01, 3.716001792263e-04, 8.7456e-01, 5.0979e-03, 
 2DIAGNOSTIC,    31, -5.446419088505e-01, 4.465234320351e-04, 8.8436e-01, 9.7959e-03, 
 2DIAGNOSTIC,    32, -5.446642104222e-01, 4.912548708578e-04, 8.8870e-01, 4.3399e-03, 
 2DIAGNOSTIC,    33, -5.447643732281e-01, 5.056342826128e-04, 8.9287e-01, 4.1718e-03, 
 2DIAGNOSTIC,    34, -5.449308513434e-01, 4.903976057413e-04, 8.9760e-01, 4.7290e-03, 
 2DIAGNOSTIC,    35, -5.452043765781e-01, 4.491433327587e-04, 9.0182e-01, 4.2210e-03, 
 2DIAGNOSTIC,    36, -5.456974079122e-01, 3.933029517930e-04, 9.0762e-01, 5.7950e-03, 
 2DIAGNOSTIC,    37, -5.462998774143e-01, 3.227871424224e-04, 9.1181e-01, 4.1971e-03, 
 2DIAGNOSTIC,    38, -5.470544172226e-01, 2.429370275229e-04, 9.1600e-01, 4.1850e-03, 
 2DIAGNOSTIC,    39, -5.483331485698e-01, 1.763408935166e-04, 9.2073e-01, 4.7269e-03, 
 2DIAGNOSTIC,    40, -5.485726396998e-01, 1.327722523046e-04, 9.2516e-01, 4.4339e-03, 
 2DIAGNOSTIC,    41, -5.488484500223e-01, 1.482813625540e-04, 9.2999e-01, 4.8320e-03, 
 2DIAGNOSTIC,    42, -5.491454202800e-01, 1.532250652613e-04, 9.3461e-01, 4.6210e-03, 
 2DIAGNOSTIC,    43, -5.502451146341e-01, 1.586643856800e-04, 9.4021e-01, 5.5990e-03, 
 2DIAGNOSTIC,    44, -5.634840473228e-01, 3.167355654785e-04, 9.4663e-01, 6.4149e-03, 
 2DIAGNOSTIC,    45, -5.666556221109e-01, 4.746865741282e-04, 9.5162e-01, 4.9889e-03, 
 2DIAGNOSTIC,    46, -5.686894922670e-01, 6.111603136609e-04, 9.5652e-01, 4.9090e-03, 
 2DIAGNOSTIC,    47, -5.690992601707e-01, 6.969057555406e-04, 9.6136e-01, 4.8399e-03, 
 2DIAGNOSTIC,    48, -5.694080051296e-01, 7.239369946400e-04, 9.6650e-01, 5.1329e-03, 
 2DIAGNOSTIC,    49, -5.696079857313e-01, 6.947795510820e-04, 9.7076e-01, 4.2591e-03, 
 2DIAGNOSTIC,    50, -5.701658069085e-01, 6.081801300379e-04, 9.7558e-01, 4.8239e-03, 
 2DIAGNOSTIC,    51, -5.707990507672e-01, 4.786124789386e-04, 9.8083e-01, 5.2469e-03, 
 2DIAGNOSTIC,    52, -5.707092402883e-01, 3.125266921584e-04, 9.9413e-01, 1.3298e-02, 
 2DIAGNOSTIC,    53, -5.707092375835e-01, 1.316341163137e-04, 9.9832e-01, 4.1912e-03, 
 2DIAGNOSTIC,    54, -5.707092759302e-01, 7.787480603056e-05, 1.0026e+00, 4.3149e-03, 
 2DIAGNOSTIC,    55, -5.707093407666e-01, 4.944612605608e-05, 1.0076e+00, 4.9200e-03, 
 2DIAGNOSTIC,    56, -5.707094503824e-01, 3.690709148894e-05, 1.0118e+00, 4.2629e-03, 
 2DIAGNOSTIC,    57, -5.707096356793e-01, 2.526206051372e-05, 1.0161e+00, 4.3130e-03, 
 2DIAGNOSTIC,    58, -5.707099488374e-01, 1.466543706755e-05, 1.0203e+00, 4.2050e-03, 
 2DIAGNOSTIC,    59, -5.707104781224e-01, 4.845479551093e-06, 1.0246e+00, 4.3070e-03, 
DIAGNOSTIC,Iteration,metricValue,convergenceValue,ITERATION_TIME_INDEX,SINCE_LAST
 2DIAGNOSTIC,     1, -4.564099187124e-01, 1.797693134862e+308, 1.8096e+00, 7.8498e-01, 
 2DIAGNOSTIC,     2, -4.567133654075e-01, 1.797693134862e+308, 1.8408e+00, 3.1182e-02, 
 2DIAGNOSTIC,     3, -4.571729212893e-01, 1.797693134862e+308, 1.8710e+00, 3.0201e-02, 
 2DIAGNOSTIC,     4, -4.578701725938e-01, 1.797693134862e+308, 1.9010e+00, 2.9992e-02, 
 2DIAGNOSTIC,     5, -4.595392487151e-01, 1.797693134862e+308, 1.9314e+00, 3.0451e-02, 
 2DIAGNOSTIC,     6, -4.666277510550e-01, 1.797693134862e+308, 1.9660e+00, 3.4588e-02, 
 2DIAGNOSTIC,     7, -4.698275483107e-01, 1.797693134862e+308, 2.0039e+00, 3.7845e-02, 
 2DIAGNOSTIC,     8, -4.705439785230e-01, 1.797693134862e+308, 2.0343e+00, 3.0428e-02, 
 2DIAGNOSTIC,     9, -4.742199591910e-01, 1.797693134862e+308, 2.0713e+00, 3.6944e-02, 
 2DIAGNOSTIC,    10, -4.820984089884e-01, 3.493807572750e-03, 2.1093e+00, 3.8079e-02, 
 2DIAGNOSTIC,    11, -4.853021621554e-01, 3.738383441674e-03, 2.1391e+00, 2.9780e-02, 
 2DIAGNOSTIC,    12, -4.874394729609e-01, 3.728985628007e-03, 2.1734e+00, 3.4282e-02, 
 2DIAGNOSTIC,    13, -4.895319271088e-01, 3.511694456984e-03, 2.2076e+00, 3.4228e-02, 
 2DIAGNOSTIC,    14, -4.897805513081e-01, 3.050003830751e-03, 2.2394e+00, 3.1749e-02, 
 2DIAGNOSTIC,    15, -4.902685962961e-01, 2.450447182517e-03, 2.2761e+00, 3.6746e-02, 
 2DIAGNOSTIC,    16, -4.905342034221e-01, 1.976518240024e-03, 2.3103e+00, 3.4179e-02, 
 2DIAGNOSTIC,    17, -4.911085754823e-01, 1.514983909584e-03, 2.3482e+00, 3.7934e-02, 
 2DIAGNOSTIC,    18, -4.919264841137e-01, 1.017409370387e-03, 2.3827e+00, 3.4500e-02, 
 2DIAGNOSTIC,    19, -4.931074482714e-01, 6.266267805518e-04, 2.4166e+00, 3.3859e-02, 
 2DIAGNOSTIC,    20, -4.932276624918e-01, 4.544883471259e-04, 2.4527e+00, 3.6102e-02, 
 2DIAGNOSTIC,    21, -4.932224106798e-01, 3.471524344119e-04, 2.4865e+00, 3.3789e-02, 
 2DIAGNOSTIC,    22, -4.932337424093e-01, 2.744477548922e-04, 2.5290e+00, 4.2473e-02, 
 2DIAGNOSTIC,    23, -4.932500291273e-01, 2.366533128897e-04, 2.5648e+00, 3.5857e-02, 
 2DIAGNOSTIC,    24, -4.932563639209e-01, 1.857321886481e-04, 2.5968e+00, 3.1975e-02, 
 2DIAGNOSTIC,    25, -4.932499877135e-01, 1.332371606228e-04, 2.6314e+00, 3.4653e-02, 
 2DIAGNOSTIC,    26, -4.932445872007e-01, 7.868495991531e-05, 2.6657e+00, 3.4270e-02, 
 2DIAGNOSTIC,    27, -4.932846101425e-01, 3.424991134866e-05, 2.6963e+00, 3.0571e-02, 
 2DIAGNOSTIC,    28, -4.933175867219e-01, 7.143324588899e-06, 2.7350e+00, 3.8747e-02, 
 2DIAGNOSTIC,    29, -4.933724172820e-01, 6.402719471228e-06, 2.7697e+00, 3.4681e-02, 
 2DIAGNOSTIC,    30, -4.934058233106e-01, 8.230208250533e-06, 2.8047e+00, 3.4951e-02, 
 2DIAGNOSTIC,    31, -4.934131696031e-01, 9.304435647825e-06, 2.8425e+00, 3.7888e-02, 
 2DIAGNOSTIC,    32, -4.934939184553e-01, 1.121606526377e-05, 2.8841e+00, 4.1561e-02, 
 2DIAGNOSTIC,    33, -4.935258018188e-01, 1.284762700947e-05, 2.9186e+00, 3.4496e-02, 
 2DIAGNOSTIC,    34, -4.935206795237e-01, 1.327270440749e-05, 2.9493e+00, 3.0738e-02, 
 2DIAGNOSTIC,    35, -4.935263126772e-01, 1.252795681376e-05, 2.9831e+00, 3.3734e-02, 
 2DIAGNOSTIC,    36, -4.935218189986e-01, 1.055958748900e-05, 3.0193e+00, 3.6179e-02, 
 2DIAGNOSTIC,    37, -4.935248065511e-01, 8.443985807179e-06, 3.0519e+00, 3.2651e-02, 
 2DIAGNOSTIC,    38, -4.935212503452e-01, 6.145125507777e-06, 3.0831e+00, 3.1171e-02, 
 2DIAGNOSTIC,    39, -4.935199169574e-01, 4.272022423573e-06, 3.1195e+00, 3.6382e-02, 
 2DIAGNOSTIC,    40, -4.935035820896e-01, 2.434325549749e-06, 3.1548e+00, 3.5308e-02, 
DIAGNOSTIC,Iteration,metricValue,convergenceValue,ITERATION_TIME_INDEX,SINCE_LAST
 2DIAGNOSTIC,     1, -4.341446434371e-01, 1.797693134862e+308, 4.2373e+00, 1.0825e+00, 
 2DIAGNOSTIC,     2, -4.343920267498e-01, 1.797693134862e+308, 4.4906e+00, 2.5332e-01, 
 2DIAGNOSTIC,     3, -4.345329545429e-01, 1.797693134862e+308, 4.7515e+00, 2.6091e-01, 
 2DIAGNOSTIC,     4, -4.346394381220e-01, 1.797693134862e+308, 5.0018e+00, 2.5026e-01, 
 2DIAGNOSTIC,     5, -4.346651801921e-01, 1.797693134862e+308, 5.2729e+00, 2.7114e-01, 
 2DIAGNOSTIC,     6, -4.347181001094e-01, 1.797693134862e+308, 5.5367e+00, 2.6377e-01, 
 2DIAGNOSTIC,     7, -4.348675849777e-01, 1.797693134862e+308, 5.9577e+00, 4.2108e-01, 
 2DIAGNOSTIC,     8, -4.349986821481e-01, 1.797693134862e+308, 6.3254e+00, 3.6770e-01, 
 2DIAGNOSTIC,     9, -4.349975393784e-01, 1.797693134862e+308, 6.6416e+00, 3.1616e-01, 
 2DIAGNOSTIC,    10, -4.349978411732e-01, 1.224653650594e-04, 7.0031e+00, 3.6150e-01, 
 2DIAGNOSTIC,    11, -4.349967381749e-01, 8.863478903692e-05, 7.3148e+00, 3.1167e-01, 
 2DIAGNOSTIC,    12, -4.349957076660e-01, 6.587775349645e-05, 7.6176e+00, 3.0283e-01, 
 2DIAGNOSTIC,    13, -4.349934348890e-01, 4.765486512683e-05, 7.9015e+00, 2.8394e-01, 
 2DIAGNOSTIC,    14, -4.349938816768e-01, 3.301201446747e-05, 8.2570e+00, 3.5550e-01, 
 2DIAGNOSTIC,    15, -4.349933609564e-01, 1.871860430991e-05, 8.6088e+00, 3.5178e-01, 
 2DIAGNOSTIC,    16, -4.349941219584e-01, 6.772582461317e-06, 8.9255e+00, 3.1673e-01, 
 2DIAGNOSTIC,    17, -4.349945143377e-01, 1.410225596264e-06, 9.3061e+00, 3.8053e-01, 
 2DIAGNOSTIC,    18, -4.349971837075e-01, 1.545644789928e-06, 9.6616e+00, 3.5556e-01, 
 2DIAGNOSTIC,    19, -4.350023014917e-01, 1.820863410593e-06, 1.0010e+01, 3.4815e-01, 
 2DIAGNOSTIC,    20, -4.350056849288e-01, 2.171437322972e-06, 1.0368e+01, 3.5870e-01, 
 2DIAGNOSTIC,    21, -4.350119155829e-01, 2.594293462964e-06, 1.0618e+01, 2.4967e-01, 
 2DIAGNOSTIC,    22, -4.350155309067e-01, 2.954392806988e-06, 1.0883e+01, 2.6462e-01, 
 2DIAGNOSTIC,    23, -4.350173813623e-01, 3.128778836320e-06, 1.1200e+01, 3.1688e-01, 
 2DIAGNOSTIC,    24, -4.350127802867e-01, 3.012280040661e-06, 1.1511e+01, 3.1140e-01, 
 2DIAGNOSTIC,    25, -4.350147897947e-01, 2.789306663892e-06, 1.1773e+01, 2.6212e-01, 
 2DIAGNOSTIC,    26, -4.350145585345e-01, 2.451416673738e-06, 1.2083e+01, 3.1030e-01, 
 2DIAGNOSTIC,    27, -4.350169104590e-01, 2.087051299983e-06, 1.2418e+01, 3.3490e-01, 
 2DIAGNOSTIC,    28, -4.350156929688e-01, 1.695297811757e-06, 1.2736e+01, 3.1722e-01, 
 2DIAGNOSTIC,    29, -4.350151014079e-01, 1.383377085037e-06, 1.2979e+01, 2.4306e-01, 
 2DIAGNOSTIC,    30, -4.350130656113e-01, 1.092810954943e-06, 1.3262e+01, 2.8333e-01, 
DIAGNOSTIC,Iteration,metricValue,convergenceValue,ITERATION_TIME_INDEX,SINCE_LAST
 2DIAGNOSTIC,     1, -4.014635078843e-01, 1.797693134862e+308, 1.5769e+01, 2.5071e+00, 
 2DIAGNOSTIC,     2, -4.015252359217e-01, 1.797693134862e+308, 1.7452e+01, 1.6827e+00, 
 2DIAGNOSTIC,     3, -4.015775061951e-01, 1.797693134862e+308, 1.8932e+01, 1.4803e+00, 
 2DIAGNOSTIC,     4, -4.016124552338e-01, 1.797693134862e+308, 2.0574e+01, 1.6416e+00, 
 2DIAGNOSTIC,     5, -4.016240233845e-01, 1.797693134862e+308, 2.2058e+01, 1.4847e+00, 
 2DIAGNOSTIC,     6, -4.016373246484e-01, 1.797693134862e+308, 2.3485e+01, 1.4267e+00, 
 2DIAGNOSTIC,     7, -4.017080418665e-01, 1.797693134862e+308, 2.5076e+01, 1.5906e+00, 
 2DIAGNOSTIC,     8, -4.017115251067e-01, 1.797693134862e+308, 2.7390e+01, 2.3148e+00, 
 2DIAGNOSTIC,     9, -4.017229818730e-01, 1.797693134862e+308, 2.9097e+01, 1.7067e+00, 
 2DIAGNOSTIC,    10, -4.017547369753e-01, 4.598545914820e-05, 3.0645e+01, 1.5474e+00, 
 2DIAGNOSTIC,    11, -4.017616766488e-01, 3.643325736198e-05, 3.2346e+01, 1.7010e+00, 
 2DIAGNOSTIC,    12, -4.017644525348e-01, 2.916513263397e-05, 3.5024e+01, 2.6784e+00, 
 2DIAGNOSTIC,    13, -4.017658101510e-01, 2.351371796151e-05, 3.6422e+01, 1.3977e+00, 
 2DIAGNOSTIC,    14, -4.017706907113e-01, 1.880805767618e-05, 3.7975e+01, 1.5529e+00, 
 2DIAGNOSTIC,    15, -4.017746705614e-01, 1.394649833293e-05, 3.9343e+01, 1.3688e+00, 
 2DIAGNOSTIC,    16, -4.017777612293e-01, 9.241305980748e-06, 4.0893e+01, 1.5493e+00, 
 2DIAGNOSTIC,    17, -4.017825170143e-01, 7.584785980126e-06, 4.2413e+01, 1.5203e+00, 
 2DIAGNOSTIC,    18, -4.017881824634e-01, 5.947391032927e-06, 4.3908e+01, 1.4949e+00, 
 2DIAGNOSTIC,    19, -4.017952181411e-01, 4.748719090536e-06, 4.5374e+01, 1.4664e+00, 
 2DIAGNOSTIC,    20, -4.018017091902e-01, 4.726772095821e-06, 4.7389e+01, 2.0144e+00, 
 2DIAGNOSTIC,    21, -4.018383052750e-01, 5.878847243707e-06, 4.9813e+01, 2.4248e+00, 
 2DIAGNOSTIC,    22, -4.018543187254e-01, 7.094565580318e-06, 5.1365e+01, 1.5516e+00, 
 2DIAGNOSTIC,    23, -4.018593315139e-01, 7.869162895219e-06, 5.3081e+01, 1.7157e+00, 
 2DIAGNOSTIC,    24, -4.018682888344e-01, 8.393336878049e-06, 5.4543e+01, 1.4626e+00, 
 2DIAGNOSTIC,    25, -4.018737305540e-01, 8.474343608816e-06, 5.6668e+01, 2.1249e+00, 
 2DIAGNOSTIC,    26, -4.018896023363e-01, 8.370821447105e-06, 5.8397e+01, 1.7288e+00, 
 2DIAGNOSTIC,    27, -4.019248582195e-01, 8.633293358755e-06, 5.9942e+01, 1.5449e+00, 
 2DIAGNOSTIC,    28, -4.019481094855e-01, 8.893465819296e-06, 6.1766e+01, 1.8242e+00, 
 2DIAGNOSTIC,    29, -4.019877275591e-01, 9.549484543132e-06, 6.4052e+01, 2.2861e+00, 
 2DIAGNOSTIC,    30, -4.019993776814e-01, 9.761120835380e-06, 6.6147e+01, 2.0948e+00, 
 2DIAGNOSTIC,    31, -4.019987774042e-01, 9.953483901995e-06, 6.8237e+01, 2.0897e+00, 
 2DIAGNOSTIC,    32, -4.019992458977e-01, 9.654803990941e-06, 7.0017e+01, 1.7802e+00, 
 2DIAGNOSTIC,    33, -4.019991457380e-01, 8.648748813803e-06, 7.2147e+01, 2.1297e+00, 
 2DIAGNOSTIC,    34, -4.019991393697e-01, 7.154635551239e-06, 7.7070e+01, 4.9231e+00, 
 2DIAGNOSTIC,    35, -4.019991393695e-01, 5.265286061241e-06, 8.0808e+01, 3.7386e+00, 
 2DIAGNOSTIC,    36, -4.019991393695e-01, 3.376164506536e-06, 8.3328e+01, 2.5198e+00, 
 2DIAGNOSTIC,    37, -4.019991393695e-01, 2.025916013657e-06, 8.5110e+01, 1.7816e+00, 
 2DIAGNOSTIC,    38, -4.019991393695e-01, 1.049801036358e-06, 8.7420e+01, 2.3102e+00, 
  Elapsed time (stage 0): 8.8327e+01


Total elapsed time: 8.8329e+01
Info [verificarlo]: loaded backend libinterflop_ieee.so
Info [interflop-ieee]: load backend with:
Info [interflop-ieee]: debug = false
Info [interflop-ieee]: debug-binary = false
Info [interflop-ieee]: no-backend-name = false
Info [interflop-ieee]: print-new-line = false
Info [interflop-ieee]: print-subnormal-normalized = false
Info [interflop-ieee]: count-op = false
All_Command_lines_OK
Using double precision for computations.
=============================================================================
The composite transform comprises the following transforms (in order): 
  1. /home/mdugre/scratch/mri-registration-rp/datasets/ds004513/derivatives/mri-registration-rp/0000/antsRegistration-binary64/sub-s037/rigid_Composite.h5[0] (type = Euler3DTransform)
  2. /home/mdugre/scratch/mri-registration-rp/datasets/ds004513/derivatives/mri-registration-rp/0000/antsRegistration-binary64/sub-s037/rigid_Composite.h5[1] (type = Euler3DTransform)
  3. /home/mdugre/scratch/mri-registration-rp/datasets/ds004513/derivatives/mri-registration-rp/0000/antsRegistration-binary64/sub-s037/rigid_Composite.h5[2] (type = Euler3DTransform)
=============================================================================
  number of levels = 4
  fixed image: /templateflow/tpl-MNI152NLin2009cAsym/tpl-MNI152NLin2009cAsym_res-01_desc-brain_T1w.nii.gz
  moving image: /home/mdugre/scratch/mri-registration-rp/datasets/ds004513/derivatives/mri-registration-rp/antsBrainExtraction/sub-s037/BrainExtractionBrain.nii.gz
Dimension = 3
Number of stages = 1
Use histogram matching = false
Winsorize image intensities = true
  Lower quantile = 0.005
  Upper quantile = 0.995


Stage 1 State
   Image metric = MattesMI
     Fixed image = Image (0x34d87e0)
  RTTI typeinfo:   itk::Image<double, 3u>
  Reference Count: 2
  Modified Time: 1592
  Debug: Off
  Object Name: 
  Observers: 
    none
  Source: (none)
  Source output name: (none)
  Release Data: Off
  Data Released: False
  Global Release Data: Off
  PipelineMTime: 0
  UpdateMTime: 1203
  RealTimeStamp: 0 seconds 
  LargestPossibleRegion: 
    Dimension: 3
    Index: [0, 0, 0]
    Size: [193, 229, 193]
  BufferedRegion: 
    Dimension: 3
    Index: [0, 0, 0]
    Size: [193, 229, 193]
  RequestedRegion: 
    Dimension: 3
    Index: [0, 0, 0]
    Size: [193, 229, 193]
  Spacing: [1, 1, 1]
  Origin: [96, 132, -78]
  Direction: 
-1 0 0
0 -1 0
0 0 1

  IndexToPointMatrix: 
-1 0 0
0 -1 0
0 0 1

  PointToIndexMatrix: 
-1 0 0
0 -1 0
0 0 1

  Inverse Direction: 
-1 0 0
0 -1 0
0 0 1

  PixelContainer: 
    ImportImageContainer (0x3598a20)
      RTTI typeinfo:   itk::ImportImageContainer<unsigned long, double>
      Reference Count: 1
      Modified Time: 1200
      Debug: Off
      Object Name: 
      Observers: 
        none
      Pointer: 0x14efaed26010
      Container manages memory: true
      Size: 8530021
      Capacity: 8530021

     Moving image = Image (0x35940a0)
  RTTI typeinfo:   itk::Image<double, 3u>
  Reference Count: 2
  Modified Time: 1593
  Debug: Off
  Object Name: 
  Observers: 
    none
  Source: (none)
  Source output name: (none)
  Release Data: Off
  Data Released: False
  Global Release Data: Off
  PipelineMTime: 0
  UpdateMTime: 1590
  RealTimeStamp: 0 seconds 
  LargestPossibleRegion: 
    Dimension: 3
    Index: [0, 0, 0]
    Size: [160, 240, 256]
  BufferedRegion: 
    Dimension: 3
    Index: [0, 0, 0]
    Size: [160, 240, 256]
  RequestedRegion: 
    Dimension: 3
    Index: [0, 0, 0]
    Size: [160, 240, 256]
  Spacing: [1, 1, 1]
  Origin: [87.9508, 102.562, -147.639]
  Direction: 
-0.998659 -0.0436121 -0.0279129
0.043595 -0.999049 0.00121847
-0.0279395 -2.65543e-08 0.99961

  IndexToPointMatrix: 
-0.998659 -0.0436121 -0.0279129
0.043595 -0.999049 0.00121847
-0.0279395 -2.65543e-08 0.99961

  PointToIndexMatrix: 
-0.998659 0.043595 -0.0279395
-0.0436121 -0.999049 -2.65517e-08
-0.0279129 0.00121847 0.99961

  Inverse Direction: 
-0.998659 0.043595 -0.0279395
-0.0436121 -0.999049 -2.65517e-08
-0.0279129 0.00121847 0.99961

  PixelContainer: 
    ImportImageContainer (0x354e0d0)
      RTTI typeinfo:   itk::ImportImageContainer<unsigned long, double>
      Reference Count: 1
      Modified Time: 1587
      Debug: Off
      Object Name: 
      Observers: 
        none
      Pointer: 0x14efaa225010
      Container manages memory: true
      Size: 9830400
      Capacity: 9830400

     Weighting = 1
     Sampling strategy = regular
     Number of bins = 32
     Radius = 4
     Sampling percentage  = 0.25
   Transform = Affine
     Gradient step = 0.1
     Update field sigma (voxel space) = 0
     Total field sigma (voxel space) = 0
     Update field time sigma = 0
     Total field time sigma  = 0
     Number of time indices = 0
     Number of time point samples = 0
Registration using 1 total stages.

Stage 0
  iterations = 1000x500x250x100
  convergence threshold = 1e-06
  convergence window size = 10
  number of levels = 4
  using the Mattes MI metric (number of bins = 32, weight = 1, use gradient filter = 0)
  preprocessing:  winsorizing the image intensities
  Shrink factors (level 1 out of 4): [8, 8, 8]
  Shrink factors (level 2 out of 4): [4, 4, 4]
  Shrink factors (level 3 out of 4): [2, 2, 2]
  Shrink factors (level 4 out of 4): [1, 1, 1]
  smoothing sigmas per level: [3, 2, 1, 0]
  regular sampling (percentage = 0.25)

*** Running AffineTransform registration ***

DIAGNOSTIC,Iteration,metricValue,convergenceValue,ITERATION_TIME_INDEX,SINCE_LAST
 2DIAGNOSTIC,     1, -5.852829594023e-01, 1.797693134862e+308, 7.8980e-01, 7.8980e-01, 
 2DIAGNOSTIC,     2, -5.869263904269e-01, 1.797693134862e+308, 7.9478e-01, 4.9789e-03, 
 2DIAGNOSTIC,     3, -5.896080715697e-01, 1.797693134862e+308, 7.9997e-01, 5.1889e-03, 
 2DIAGNOSTIC,     4, -5.951011727780e-01, 1.797693134862e+308, 8.0508e-01, 5.1131e-03, 
 2DIAGNOSTIC,     5, -6.048006198335e-01, 1.797693134862e+308, 8.1012e-01, 5.0371e-03, 
 2DIAGNOSTIC,     6, -6.148832601773e-01, 1.797693134862e+308, 8.1478e-01, 4.6608e-03, 
 2DIAGNOSTIC,     7, -6.432225662573e-01, 1.797693134862e+308, 8.2015e-01, 5.3771e-03, 
 2DIAGNOSTIC,     8, -6.750100284647e-01, 1.797693134862e+308, 8.2679e-01, 6.6390e-03, 
 2DIAGNOSTIC,     9, -6.773981718271e-01, 1.797693134862e+308, 8.3214e-01, 5.3461e-03, 
 2DIAGNOSTIC,    10, -6.825592268567e-01, 1.183580209355e-02, 8.3739e-01, 5.2559e-03, 
 2DIAGNOSTIC,    11, -6.991931376174e-01, 1.180249797242e-02, 8.4256e-01, 5.1692e-03, 
 2DIAGNOSTIC,    12, -7.067707338416e-01, 1.102603482785e-02, 8.4773e-01, 5.1689e-03, 
 2DIAGNOSTIC,    13, -7.159041930710e-01, 9.768594610569e-03, 8.5396e-01, 6.2289e-03, 
 2DIAGNOSTIC,    14, -7.166686434127e-01, 8.031152469744e-03, 8.5884e-01, 4.8828e-03, 
 2DIAGNOSTIC,    15, -7.222041498833e-01, 6.275523305826e-03, 8.6452e-01, 5.6720e-03, 
 2DIAGNOSTIC,    16, -7.246464053870e-01, 4.506338185067e-03, 8.7054e-01, 6.0229e-03, 
 2DIAGNOSTIC,    17, -7.254742349782e-01, 3.262591830802e-03, 8.7735e-01, 6.8099e-03, 
 2DIAGNOSTIC,    18, -7.254504984529e-01, 2.626728300948e-03, 8.8316e-01, 5.8122e-03, 
 2DIAGNOSTIC,    19, -7.250851961986e-01, 1.870121090364e-03, 8.9035e-01, 7.1909e-03, 
 2DIAGNOSTIC,    20, -7.250600624439e-01, 1.124117862259e-03, 8.9558e-01, 5.2280e-03, 
 2DIAGNOSTIC,    21, -7.248437073741e-01, 6.764076099316e-04, 9.0124e-01, 5.6591e-03, 
 2DIAGNOSTIC,    22, -7.247260129140e-01, 3.483344851356e-04, 9.0736e-01, 6.1171e-03, 
 2DIAGNOSTIC,    23, -7.245565424131e-01, 1.830407773531e-04, 9.1297e-01, 5.6140e-03, 
 2DIAGNOSTIC,    24, -7.243927284381e-01, 2.397586245351e-05, 9.1799e-01, 5.0161e-03, 
DIAGNOSTIC,Iteration,metricValue,convergenceValue,ITERATION_TIME_INDEX,SINCE_LAST
 2DIAGNOSTIC,     1, -5.958654179796e-01, 1.797693134862e+308, 1.7067e+00, 7.8872e-01, 
 2DIAGNOSTIC,     2, -5.962835246065e-01, 1.797693134862e+308, 1.7453e+00, 3.8585e-02, 
 2DIAGNOSTIC,     3, -5.966515070035e-01, 1.797693134862e+308, 1.7835e+00, 3.8174e-02, 
 2DIAGNOSTIC,     4, -5.970620305752e-01, 1.797693134862e+308, 1.8196e+00, 3.6145e-02, 
 2DIAGNOSTIC,     5, -5.978437035078e-01, 1.797693134862e+308, 1.8566e+00, 3.7026e-02, 
 2DIAGNOSTIC,     6, -5.980589175599e-01, 1.797693134862e+308, 1.8996e+00, 4.2939e-02, 
 2DIAGNOSTIC,     7, -5.981090348927e-01, 1.797693134862e+308, 1.9418e+00, 4.2242e-02, 
 2DIAGNOSTIC,     8, -5.982339457048e-01, 1.797693134862e+308, 1.9845e+00, 4.2706e-02, 
 2DIAGNOSTIC,     9, -5.984678485161e-01, 1.797693134862e+308, 2.0223e+00, 3.7744e-02, 
 2DIAGNOSTIC,    10, -5.992435223403e-01, 3.323767527281e-04, 2.0607e+00, 3.8455e-02, 
 2DIAGNOSTIC,    11, -5.995965305281e-01, 2.948602841708e-04, 2.1341e+00, 7.3341e-02, 
 2DIAGNOSTIC,    12, -5.996284463842e-01, 2.555871146497e-04, 2.1828e+00, 4.8708e-02, 
 2DIAGNOSTIC,    13, -5.996270060483e-01, 2.134495388965e-04, 2.2249e+00, 4.2138e-02, 
 2DIAGNOSTIC,    14, -5.996081977733e-01, 1.707957250492e-04, 2.2718e+00, 4.6901e-02, 
 2DIAGNOSTIC,    15, -5.996024671970e-01, 1.424713716125e-04, 2.3236e+00, 5.1808e-02, 
 2DIAGNOSTIC,    16, -5.996014052166e-01, 1.110303013867e-04, 2.3665e+00, 4.2898e-02, 
 2DIAGNOSTIC,    17, -5.996017220861e-01, 7.493811555003e-05, 2.4104e+00, 4.3847e-02, 
 2DIAGNOSTIC,    18, -5.996130281439e-01, 3.992643181251e-05, 2.4533e+00, 4.2952e-02, 
 2DIAGNOSTIC,    19, -5.995950896986e-01, 1.003222843456e-05, 2.4985e+00, 4.5170e-02, 
DIAGNOSTIC,Iteration,metricValue,convergenceValue,ITERATION_TIME_INDEX,SINCE_LAST
 2DIAGNOSTIC,     1, -5.249229215250e-01, 1.797693134862e+308, 3.6722e+00, 1.1737e+00, 
 2DIAGNOSTIC,     2, -5.251836480606e-01, 1.797693134862e+308, 3.9779e+00, 3.0571e-01, 
 2DIAGNOSTIC,     3, -5.254489159051e-01, 1.797693134862e+308, 4.2888e+00, 3.1086e-01, 
 2DIAGNOSTIC,     4, -5.257139714628e-01, 1.797693134862e+308, 4.5962e+00, 3.0740e-01, 
 2DIAGNOSTIC,     5, -5.260099119847e-01, 1.797693134862e+308, 4.9317e+00, 3.3548e-01, 
 2DIAGNOSTIC,     6, -5.262600430908e-01, 1.797693134862e+308, 5.2794e+00, 3.4775e-01, 
 2DIAGNOSTIC,     7, -5.266063275619e-01, 1.797693134862e+308, 5.9173e+00, 6.3789e-01, 
 2DIAGNOSTIC,     8, -5.266053341401e-01, 1.797693134862e+308, 6.2309e+00, 3.1365e-01, 
 2DIAGNOSTIC,     9, -5.266123673326e-01, 1.797693134862e+308, 6.5849e+00, 3.5395e-01, 
 2DIAGNOSTIC,    10, -5.266218476193e-01, 2.310315345132e-04, 6.9069e+00, 3.2200e-01, 
 2DIAGNOSTIC,    11, -5.266375214214e-01, 1.720710269728e-04, 7.2022e+00, 2.9532e-01, 
 2DIAGNOSTIC,    12, -5.266642553776e-01, 1.204236997601e-04, 7.5061e+00, 3.0387e-01, 
 2DIAGNOSTIC,    13, -5.267041182266e-01, 7.870519221376e-05, 7.8211e+00, 3.1498e-01, 
 2DIAGNOSTIC,    14, -5.267628909483e-01, 4.849884652772e-05, 8.1613e+00, 3.4021e-01, 
 2DIAGNOSTIC,    15, -5.268539790113e-01, 3.189409097278e-05, 8.4856e+00, 3.2427e-01, 
 2DIAGNOSTIC,    16, -5.269592787365e-01, 2.624609735709e-05, 8.8313e+00, 3.4571e-01, 
 2DIAGNOSTIC,    17, -5.270596691906e-01, 3.317542769842e-05, 9.1543e+00, 3.2302e-01, 
 2DIAGNOSTIC,    18, -5.274843021617e-01, 4.911910582901e-05, 9.6298e+00, 4.7554e-01, 
 2DIAGNOSTIC,    19, -5.275180308960e-01, 5.985788193574e-05, 9.9235e+00, 2.9369e-01, 
 2DIAGNOSTIC,    20, -5.275784761890e-01, 6.611383582081e-05, 1.0208e+01, 2.8490e-01, 
 2DIAGNOSTIC,    21, -5.276815593479e-01, 6.891144650704e-05, 1.0559e+01, 3.5034e-01, 
 2DIAGNOSTIC,    22, -5.276947720075e-01, 6.603650049757e-05, 1.0865e+01, 3.0628e-01, 
 2DIAGNOSTIC,    23, -5.277470157319e-01, 5.942039484282e-05, 1.1195e+01, 3.2973e-01, 
 2DIAGNOSTIC,    24, -5.278858032219e-01, 5.231866620937e-05, 1.1503e+01, 3.0793e-01, 
 2DIAGNOSTIC,    25, -5.279419719113e-01, 4.418623878814e-05, 1.1851e+01, 3.4809e-01, 
 2DIAGNOSTIC,    26, -5.279799858455e-01, 3.565383865613e-05, 1.2152e+01, 3.0133e-01, 
 2DIAGNOSTIC,    27, -5.279735843947e-01, 2.619547152084e-05, 1.2710e+01, 5.5831e-01, 
 2DIAGNOSTIC,    28, -5.279736932145e-01, 2.326701704105e-05, 1.3008e+01, 2.9724e-01, 
 2DIAGNOSTIC,    29, -5.279730600569e-01, 1.902052808438e-05, 1.3328e+01, 3.2031e-01, 
 2DIAGNOSTIC,    30, -5.279711713262e-01, 1.435046647166e-05, 1.3708e+01, 3.8030e-01, 
 2DIAGNOSTIC,    31, -5.279695683785e-01, 1.052008623496e-05, 1.4044e+01, 3.3606e-01, 
 2DIAGNOSTIC,    32, -5.279699181880e-01, 6.276694291422e-06, 1.4331e+01, 2.8688e-01, 
 2DIAGNOSTIC,    33, -5.279695393711e-01, 2.593132034427e-06, 1.4605e+01, 2.7361e-01, 
 2DIAGNOSTIC,    34, -5.279715518151e-01, 1.185238589416e-06, 1.4995e+01, 3.9021e-01, 
DIAGNOSTIC,Iteration,metricValue,convergenceValue,ITERATION_TIME_INDEX,SINCE_LAST
 2DIAGNOSTIC,     1, -4.829633879683e-01, 1.797693134862e+308, 1.8335e+01, 3.3404e+00, 
 2DIAGNOSTIC,     2, -4.832109965823e-01, 1.797693134862e+308, 2.0659e+01, 2.3235e+00, 
 2DIAGNOSTIC,     3, -4.834855040615e-01, 1.797693134862e+308, 2.2622e+01, 1.9633e+00, 
 2DIAGNOSTIC,     4, -4.839662148225e-01, 1.797693134862e+308, 2.4711e+01, 2.0892e+00, 
 2DIAGNOSTIC,     5, -4.840201064447e-01, 1.797693134862e+308, 2.6540e+01, 1.8284e+00, 
 2DIAGNOSTIC,     6, -4.840987898003e-01, 1.797693134862e+308, 2.8504e+01, 1.9646e+00, 
 2DIAGNOSTIC,     7, -4.841642391387e-01, 1.797693134862e+308, 3.0497e+01, 1.9929e+00, 
 2DIAGNOSTIC,     8, -4.844418304892e-01, 1.797693134862e+308, 3.2952e+01, 2.4542e+00, 
 2DIAGNOSTIC,     9, -4.844978967022e-01, 1.797693134862e+308, 3.6231e+01, 3.2790e+00, 
 2DIAGNOSTIC,    10, -4.844978041623e-01, 2.049516985848e-04, 3.8530e+01, 2.2996e+00, 
 2DIAGNOSTIC,    11, -4.844969490059e-01, 1.497669472951e-04, 4.1000e+01, 2.4699e+00, 
 2DIAGNOSTIC,    12, -4.844970906120e-01, 1.026109399444e-04, 4.4325e+01, 3.3250e+00, 
 2DIAGNOSTIC,    13, -4.844970557151e-01, 6.531974246954e-05, 4.6439e+01, 2.1145e+00, 
 2DIAGNOSTIC,    14, -4.844969946218e-01, 4.774231291721e-05, 4.8537e+01, 2.0976e+00, 
 2DIAGNOSTIC,    15, -4.844968576031e-01, 3.057526889706e-05, 5.0852e+01, 2.3153e+00, 
 2DIAGNOSTIC,    16, -4.844968897069e-01, 1.592275818307e-05, 5.3458e+01, 2.6057e+00, 
