
##########################
# Experiment information #
##########################

EXPERIMENT_NAME: antsRegistration-binary64
VFC_BACKENDS: libinterflop_ieee.so

SIF_IMG: /home/mdugre/projects/rrg-glatard/mdugre/containers/ants-vprec-no_metrics.simg

SUBJECT_ID: s017
INPUT_IMG: /home/mdugre/scratch/mri-registration-rp/datasets/ds004513/derivatives/mri-registration-rp/antsBrainExtraction/sub-s017/BrainExtractionBrain.nii.gz
OUTPUT_DIR: /home/mdugre/scratch/mri-registration-rp/datasets/ds004513/derivatives/mri-registration-rp/0000/antsRegistration-binary64/sub-s017

FIXED_IMG: /templateflow/tpl-MNI152NLin2009cAsym/tpl-MNI152NLin2009cAsym_res-01_desc-brain_T1w.nii.gz
DATA_DIR: /home/mdugre/scratch/mri-registration-rp/datasets/ds004513
TEMPLATEFLOW_DIR: /home/mdugre/projects/rrg-glatard/mdugre/templateflow
ITK_GLOBAL_DEFAULT_NUMBER_OF_THREADS: 16
##########################

Info [verificarlo]: loaded backend libinterflop_ieee.so
Info [interflop-ieee]: load backend with:
Info [interflop-ieee]: debug = false
Info [interflop-ieee]: debug-binary = false
Info [interflop-ieee]: no-backend-name = false
Info [interflop-ieee]: print-new-line = false
Info [interflop-ieee]: print-subnormal-normalized = false
Info [interflop-ieee]: count-op = false
All_Command_lines_OK
Using double precision for computations.
=============================================================================
The composite transform comprises the following transforms (in order): 
  1. Center of mass alignment using fixed image: /templateflow/tpl-MNI152NLin2009cAsym/tpl-MNI152NLin2009cAsym_res-01_desc-brain_T1w.nii.gz and moving image: /home/mdugre/scratch/mri-registration-rp/datasets/ds004513/derivatives/mri-registration-rp/antsBrainExtraction/sub-s017/BrainExtractionBrain.nii.gz (type = Euler3DTransform)
=============================================================================
  number of levels = 1
  fixed image: /templateflow/tpl-MNI152NLin2009cAsym/tpl-MNI152NLin2009cAsym_res-01_desc-brain_T1w.nii.gz
  moving image: /home/mdugre/scratch/mri-registration-rp/datasets/ds004513/derivatives/mri-registration-rp/antsBrainExtraction/sub-s017/BrainExtractionBrain.nii.gz
Dimension = 3
Number of stages = 1
Use histogram matching = false
Winsorize image intensities = true
  Lower quantile = 0.005
  Upper quantile = 0.995


Stage 1 State
   Image metric = MattesMI
     Fixed image = Image (0x3e4bdf0)
  RTTI typeinfo:   itk::Image<double, 3u>
  Reference Count: 2
  Modified Time: 2334
  Debug: Off
  Object Name: 
  Observers: 
    none
  Source: (none)
  Source output name: (none)
  Release Data: Off
  Data Released: False
  Global Release Data: Off
  PipelineMTime: 0
  UpdateMTime: 1943
  RealTimeStamp: 0 seconds 
  LargestPossibleRegion: 
    Dimension: 3
    Index: [0, 0, 0]
    Size: [193, 229, 193]
  BufferedRegion: 
    Dimension: 3
    Index: [0, 0, 0]
    Size: [193, 229, 193]
  RequestedRegion: 
    Dimension: 3
    Index: [0, 0, 0]
    Size: [193, 229, 193]
  Spacing: [1, 1, 1]
  Origin: [96, 132, -78]
  Direction: 
-1 0 0
0 -1 0
0 0 1

  IndexToPointMatrix: 
-1 0 0
0 -1 0
0 0 1

  PointToIndexMatrix: 
-1 0 0
0 -1 0
0 0 1

  Inverse Direction: 
-1 0 0
0 -1 0
0 0 1

  PixelContainer: 
    ImportImageContainer (0x3f83d50)
      RTTI typeinfo:   itk::ImportImageContainer<unsigned long, double>
      Reference Count: 1
      Modified Time: 1940
      Debug: Off
      Object Name: 
      Observers: 
        none
      Pointer: 0x154d08710010
      Container manages memory: true
      Size: 8530021
      Capacity: 8530021

     Moving image = Image (0x3e543e0)
  RTTI typeinfo:   itk::Image<double, 3u>
  Reference Count: 2
  Modified Time: 2335
  Debug: Off
  Object Name: 
  Observers: 
    none
  Source: (none)
  Source output name: (none)
  Release Data: Off
  Data Released: False
  Global Release Data: Off
  PipelineMTime: 0
  UpdateMTime: 2332
  RealTimeStamp: 0 seconds 
  LargestPossibleRegion: 
    Dimension: 3
    Index: [0, 0, 0]
    Size: [160, 240, 256]
  BufferedRegion: 
    Dimension: 3
    Index: [0, 0, 0]
    Size: [160, 240, 256]
  RequestedRegion: 
    Dimension: 3
    Index: [0, 0, 0]
    Size: [160, 240, 256]
  Spacing: [1, 1, 1]
  Origin: [91.3357, 102.231, -120.042]
  Direction: 
-0.997442 -5.36781e-05 -0.0714818
5.35416e-05 -1 3.82465e-06
-0.0714818 -1.23894e-08 0.997442

  IndexToPointMatrix: 
-0.997444 -5.36781e-05 -0.0714818
5.35418e-05 -1 3.82465e-06
-0.0714819 -1.23894e-08 0.997442

  PointToIndexMatrix: 
-0.99744 5.35415e-05 -0.0714816
-5.36781e-05 -1 -1.23894e-08
-0.0714818 3.82465e-06 0.997442

  Inverse Direction: 
-0.997442 5.35416e-05 -0.0714818
-5.36781e-05 -1 -1.23894e-08
-0.0714818 3.82465e-06 0.997442

  PixelContainer: 
    ImportImageContainer (0x400bef0)
      RTTI typeinfo:   itk::ImportImageContainer<unsigned long, double>
      Reference Count: 1
      Modified Time: 2329
      Debug: Off
      Object Name: 
      Observers: 
        none
      Pointer: 0x154d03c0f010
      Container manages memory: true
      Size: 9830400
      Capacity: 9830400

     Weighting = 1
     Sampling strategy = regular
     Number of bins = 32
     Radius = 4
     Sampling percentage  = 0.25
   Transform = Rigid
     Gradient step = 0.1
     Update field sigma (voxel space) = 0
     Total field sigma (voxel space) = 0
     Update field time sigma = 0
     Total field time sigma  = 0
     Number of time indices = 0
     Number of time point samples = 0
Registration using 1 total stages.

Stage 0
  iterations = 0
  convergence threshold = 1e-06
  convergence window size = 10
  number of levels = 1
  using the Mattes MI metric (number of bins = 32, weight = 1, use gradient filter = 0)
  preprocessing:  winsorizing the image intensities
  Shrink factors (level 1 out of 1): [1, 1, 1]
  smoothing sigmas per level: [0]
  regular sampling (percentage = 0.25)

*** Running Euler3DTransform registration ***

  Elapsed time (stage 0): 1.11194


Total elapsed time: 1.11413
Info [verificarlo]: loaded backend libinterflop_ieee.so
Info [interflop-ieee]: load backend with:
Info [interflop-ieee]: debug = false
Info [interflop-ieee]: debug-binary = false
Info [interflop-ieee]: no-backend-name = false
Info [interflop-ieee]: print-new-line = false
Info [interflop-ieee]: print-subnormal-normalized = false
Info [interflop-ieee]: count-op = false
All_Command_lines_OK
Using double precision for computations.
=============================================================================
The composite transform comprises the following transforms (in order): 
  1. /home/mdugre/scratch/mri-registration-rp/datasets/ds004513/derivatives/mri-registration-rp/0000/antsRegistration-binary64/sub-s017/align_Composite.h5[0] (type = Euler3DTransform)
  2. /home/mdugre/scratch/mri-registration-rp/datasets/ds004513/derivatives/mri-registration-rp/0000/antsRegistration-binary64/sub-s017/align_Composite.h5[1] (type = Euler3DTransform)
=============================================================================
  number of levels = 4
  fixed image: /templateflow/tpl-MNI152NLin2009cAsym/tpl-MNI152NLin2009cAsym_res-01_desc-brain_T1w.nii.gz
  moving image: /home/mdugre/scratch/mri-registration-rp/datasets/ds004513/derivatives/mri-registration-rp/antsBrainExtraction/sub-s017/BrainExtractionBrain.nii.gz
Dimension = 3
Number of stages = 1
Use histogram matching = false
Winsorize image intensities = true
  Lower quantile = 0.005
  Upper quantile = 0.995


Stage 1 State
   Image metric = MattesMI
     Fixed image = Image (0x38827e0)
  RTTI typeinfo:   itk::Image<double, 3u>
  Reference Count: 2
  Modified Time: 1580
  Debug: Off
  Object Name: 
  Observers: 
    none
  Source: (none)
  Source output name: (none)
  Release Data: Off
  Data Released: False
  Global Release Data: Off
  PipelineMTime: 0
  UpdateMTime: 1189
  RealTimeStamp: 0 seconds 
  LargestPossibleRegion: 
    Dimension: 3
    Index: [0, 0, 0]
    Size: [193, 229, 193]
  BufferedRegion: 
    Dimension: 3
    Index: [0, 0, 0]
    Size: [193, 229, 193]
  RequestedRegion: 
    Dimension: 3
    Index: [0, 0, 0]
    Size: [193, 229, 193]
  Spacing: [1, 1, 1]
  Origin: [96, 132, -78]
  Direction: 
-1 0 0
0 -1 0
0 0 1

  IndexToPointMatrix: 
-1 0 0
0 -1 0
0 0 1

  PointToIndexMatrix: 
-1 0 0
0 -1 0
0 0 1

  Inverse Direction: 
-1 0 0
0 -1 0
0 0 1

  PixelContainer: 
    ImportImageContainer (0x3941010)
      RTTI typeinfo:   itk::ImportImageContainer<unsigned long, double>
      Reference Count: 1
      Modified Time: 1186
      Debug: Off
      Object Name: 
      Observers: 
        none
      Pointer: 0x14a25698d010
      Container manages memory: true
      Size: 8530021
      Capacity: 8530021

     Moving image = Image (0x393e100)
  RTTI typeinfo:   itk::Image<double, 3u>
  Reference Count: 2
  Modified Time: 1581
  Debug: Off
  Object Name: 
  Observers: 
    none
  Source: (none)
  Source output name: (none)
  Release Data: Off
  Data Released: False
  Global Release Data: Off
  PipelineMTime: 0
  UpdateMTime: 1578
  RealTimeStamp: 0 seconds 
  LargestPossibleRegion: 
    Dimension: 3
    Index: [0, 0, 0]
    Size: [160, 240, 256]
  BufferedRegion: 
    Dimension: 3
    Index: [0, 0, 0]
    Size: [160, 240, 256]
  RequestedRegion: 
    Dimension: 3
    Index: [0, 0, 0]
    Size: [160, 240, 256]
  Spacing: [1, 1, 1]
  Origin: [91.3357, 102.231, -120.042]
  Direction: 
-0.997442 -5.36781e-05 -0.0714818
5.35416e-05 -1 3.82465e-06
-0.0714818 -1.23894e-08 0.997442

  IndexToPointMatrix: 
-0.997444 -5.36781e-05 -0.0714818
5.35418e-05 -1 3.82465e-06
-0.0714819 -1.23894e-08 0.997442

  PointToIndexMatrix: 
-0.99744 5.35415e-05 -0.0714816
-5.36781e-05 -1 -1.23894e-08
-0.0714818 3.82465e-06 0.997442

  Inverse Direction: 
-0.997442 5.35416e-05 -0.0714818
-5.36781e-05 -1 -1.23894e-08
-0.0714818 3.82465e-06 0.997442

  PixelContainer: 
    ImportImageContainer (0x3a29610)
      RTTI typeinfo:   itk::ImportImageContainer<unsigned long, double>
      Reference Count: 1
      Modified Time: 1575
      Debug: Off
      Object Name: 
      Observers: 
        none
      Pointer: 0x14a251e8c010
      Container manages memory: true
      Size: 9830400
      Capacity: 9830400

     Weighting = 1
     Sampling strategy = regular
     Number of bins = 32
     Radius = 4
     Sampling percentage  = 0.25
   Transform = Rigid
     Gradient step = 0.1
     Update field sigma (voxel space) = 0
     Total field sigma (voxel space) = 0
     Update field time sigma = 0
     Total field time sigma  = 0
     Number of time indices = 0
     Number of time point samples = 0
Registration using 1 total stages.

Stage 0
  iterations = 1000x500x250x100
  convergence threshold = 1e-06
  convergence window size = 10
  number of levels = 4
  using the Mattes MI metric (number of bins = 32, weight = 1, use gradient filter = 0)
  preprocessing:  winsorizing the image intensities
  Shrink factors (level 1 out of 4): [8, 8, 8]
  Shrink factors (level 2 out of 4): [4, 4, 4]
  Shrink factors (level 3 out of 4): [2, 2, 2]
  Shrink factors (level 4 out of 4): [1, 1, 1]
  smoothing sigmas per level: [3, 2, 1, 0]
  regular sampling (percentage = 0.25)

*** Running Euler3DTransform registration ***

DIAGNOSTIC,Iteration,metricValue,convergenceValue,ITERATION_TIME_INDEX,SINCE_LAST
 2DIAGNOSTIC,     1, -5.567767283252e-01, 1.797693134862e+308, 6.8613e-01, 6.8613e-01, 
 2DIAGNOSTIC,     2, -5.584239703569e-01, 1.797693134862e+308, 6.9030e-01, 4.1740e-03, 
 2DIAGNOSTIC,     3, -5.612715515272e-01, 1.797693134862e+308, 6.9458e-01, 4.2858e-03, 
 2DIAGNOSTIC,     4, -5.637780194106e-01, 1.797693134862e+308, 6.9902e-01, 4.4341e-03, 
 2DIAGNOSTIC,     5, -5.658229214212e-01, 1.797693134862e+308, 7.0326e-01, 4.2381e-03, 
 2DIAGNOSTIC,     6, -5.696445468689e-01, 1.797693134862e+308, 7.0918e-01, 5.9240e-03, 
 2DIAGNOSTIC,     7, -5.734118275242e-01, 1.797693134862e+308, 7.1587e-01, 6.6929e-03, 
 2DIAGNOSTIC,     8, -5.754533484979e-01, 1.797693134862e+308, 7.2289e-01, 7.0181e-03, 
 2DIAGNOSTIC,     9, -5.763021950250e-01, 1.797693134862e+308, 7.2784e-01, 4.9438e-03, 
 2DIAGNOSTIC,    10, -5.771142770255e-01, 2.558085388189e-03, 7.3380e-01, 5.9681e-03, 
 2DIAGNOSTIC,    11, -5.785125587612e-01, 2.176117873031e-03, 7.3846e-01, 4.6601e-03, 
 2DIAGNOSTIC,    12, -5.799413348090e-01, 1.786767970983e-03, 7.4384e-01, 5.3792e-03, 
 2DIAGNOSTIC,    13, -5.809477908980e-01, 1.443124036835e-03, 7.4997e-01, 6.1228e-03, 
 2DIAGNOSTIC,    14, -5.814655964876e-01, 1.127354078216e-03, 7.5641e-01, 6.4480e-03, 
 2DIAGNOSTIC,    15, -5.819093877219e-01, 8.331089413526e-04, 7.6183e-01, 5.4169e-03, 
 2DIAGNOSTIC,    16, -5.822326442998e-01, 6.258215683233e-04, 7.6748e-01, 5.6441e-03, 
 2DIAGNOSTIC,    17, -5.825793599843e-01, 5.040365830239e-04, 7.7241e-01, 4.9312e-03, 
 2DIAGNOSTIC,    18, -5.863713925916e-01, 5.095725576649e-04, 7.7735e-01, 4.9419e-03, 
 2DIAGNOSTIC,    19, -5.901617810168e-01, 5.855607354911e-04, 7.8614e-01, 8.7960e-03, 
 2DIAGNOSTIC,    20, -5.906016223816e-01, 6.286272500312e-04, 7.9216e-01, 6.0172e-03, 
 2DIAGNOSTIC,    21, -5.907365705866e-01, 6.467002963839e-04, 7.9749e-01, 5.3279e-03, 
 2DIAGNOSTIC,    22, -5.906256574994e-01, 6.330265936382e-04, 8.0281e-01, 5.3170e-03, 
 2DIAGNOSTIC,    23, -5.906307681711e-01, 5.816453055179e-04, 8.0753e-01, 4.7231e-03, 
 2DIAGNOSTIC,    24, -5.905636622010e-01, 4.878472529223e-04, 8.1226e-01, 4.7271e-03, 
 2DIAGNOSTIC,    25, -5.906024985370e-01, 3.662279783959e-04, 8.1767e-01, 5.4171e-03, 
 2DIAGNOSTIC,    26, -5.906025304324e-01, 2.276984665073e-04, 8.2239e-01, 4.7140e-03, 
 2DIAGNOSTIC,    27, -5.906211320574e-01, 8.394584288772e-05, 8.2720e-01, 4.8141e-03, 
 2DIAGNOSTIC,    28, -5.908796758314e-01, 1.198925031220e-05, 8.3223e-01, 5.0271e-03, 
 2DIAGNOSTIC,    29, -5.911411552395e-01, 1.217108543285e-05, 8.3753e-01, 5.2979e-03, 
 2DIAGNOSTIC,    30, -5.915241330962e-01, 2.456301684473e-05, 8.4459e-01, 7.0591e-03, 
 2DIAGNOSTIC,    31, -5.916229825992e-01, 3.758205306210e-05, 8.4931e-01, 4.7259e-03, 
 2DIAGNOSTIC,    32, -5.916651208817e-01, 4.532975449104e-05, 8.5399e-01, 4.6771e-03, 
 2DIAGNOSTIC,    33, -5.916874987632e-01, 4.885284294570e-05, 8.5865e-01, 4.6589e-03, 
 2DIAGNOSTIC,    34, -5.917053822200e-01, 4.682712858702e-05, 8.6395e-01, 5.3029e-03, 
 2DIAGNOSTIC,    35, -5.917390904868e-01, 4.153275817298e-05, 8.7682e-01, 1.2870e-02, 
 2DIAGNOSTIC,    36, -5.917390912695e-01, 3.272086429367e-05, 8.8173e-01, 4.9069e-03, 
 2DIAGNOSTIC,    37, -5.917391070342e-01, 2.163060314801e-05, 8.8637e-01, 4.6399e-03, 
 2DIAGNOSTIC,    38, -5.917391330930e-01, 1.245673595314e-05, 8.9096e-01, 4.5929e-03, 
 2DIAGNOSTIC,    39, -5.917391754735e-01, 5.801896389778e-06, 8.9584e-01, 4.8821e-03, 
 2DIAGNOSTIC,    40, -5.917392424311e-01, 3.643428652094e-06, 9.0058e-01, 4.7410e-03, 
 2DIAGNOSTIC,    41, -5.917393428829e-01, 2.487109299020e-06, 9.0527e-01, 4.6849e-03, 
 2DIAGNOSTIC,    42, -5.917394845334e-01, 1.715730317715e-06, 9.1000e-01, 4.7290e-03, 
 2DIAGNOSTIC,    43, -5.917396625587e-01, 1.144189314937e-06, 9.1469e-01, 4.6949e-03, 
DIAGNOSTIC,Iteration,metricValue,convergenceValue,ITERATION_TIME_INDEX,SINCE_LAST
 2DIAGNOSTIC,     1, -4.784004501422e-01, 1.797693134862e+308, 1.6898e+00, 7.7512e-01, 
 2DIAGNOSTIC,     2, -4.783999131492e-01, 1.797693134862e+308, 1.7206e+00, 3.0751e-02, 
 2DIAGNOSTIC,     3, -4.784190365429e-01, 1.797693134862e+308, 1.7531e+00, 3.2560e-02, 
 2DIAGNOSTIC,     4, -4.785028756515e-01, 1.797693134862e+308, 1.7818e+00, 2.8686e-02, 
 2DIAGNOSTIC,     5, -4.786647485434e-01, 1.797693134862e+308, 1.8107e+00, 2.8930e-02, 
 2DIAGNOSTIC,     6, -4.788099932963e-01, 1.797693134862e+308, 1.8401e+00, 2.9409e-02, 
 2DIAGNOSTIC,     7, -4.794645847221e-01, 1.797693134862e+308, 1.8697e+00, 2.9517e-02, 
 2DIAGNOSTIC,     8, -4.813619171754e-01, 1.797693134862e+308, 1.9089e+00, 3.9244e-02, 
 2DIAGNOSTIC,     9, -4.817935635329e-01, 1.797693134862e+308, 1.9409e+00, 3.1978e-02, 
 2DIAGNOSTIC,    10, -4.822647496891e-01, 5.583367504199e-04, 1.9696e+00, 2.8711e-02, 
 2DIAGNOSTIC,    11, -4.831344909908e-01, 6.366384574279e-04, 2.0012e+00, 3.1565e-02, 
 2DIAGNOSTIC,    12, -4.835768992588e-01, 6.653898034867e-04, 2.0475e+00, 4.6387e-02, 
 2DIAGNOSTIC,    13, -4.835677565326e-01, 6.290342969105e-04, 2.0831e+00, 3.5528e-02, 
 2DIAGNOSTIC,    14, -4.835733047843e-01, 5.452729208027e-04, 2.1224e+00, 3.9329e-02, 
 2DIAGNOSTIC,    15, -4.835701547253e-01, 4.305772096202e-04, 2.1558e+00, 3.3441e-02, 
 2DIAGNOSTIC,    16, -4.835566913008e-01, 2.956272804336e-04, 2.1885e+00, 3.2637e-02, 
 2DIAGNOSTIC,    17, -4.835523104090e-01, 1.703980275427e-04, 2.2206e+00, 3.2105e-02, 
 2DIAGNOSTIC,    18, -4.835483887834e-01, 1.058854946205e-04, 2.2490e+00, 2.8458e-02, 
 2DIAGNOSTIC,    19, -4.835469915473e-01, 5.203914177354e-05, 2.2775e+00, 2.8459e-02, 
 2DIAGNOSTIC,    20, -4.835401827380e-01, 1.204163304989e-05, 2.3094e+00, 3.1860e-02, 
DIAGNOSTIC,Iteration,metricValue,convergenceValue,ITERATION_TIME_INDEX,SINCE_LAST
 2DIAGNOSTIC,     1, -4.161561167871e-01, 1.797693134862e+308, 3.4952e+00, 1.1859e+00, 
 2DIAGNOSTIC,     2, -4.161756893438e-01, 1.797693134862e+308, 3.8047e+00, 3.0948e-01, 
 2DIAGNOSTIC,     3, -4.161696114508e-01, 1.797693134862e+308, 4.0809e+00, 2.7615e-01, 
 2DIAGNOSTIC,     4, -4.161681503552e-01, 1.797693134862e+308, 4.4828e+00, 4.0190e-01, 
 2DIAGNOSTIC,     5, -4.161678896602e-01, 1.797693134862e+308, 4.7463e+00, 2.6356e-01, 
 2DIAGNOSTIC,     6, -4.161669123584e-01, 1.797693134862e+308, 5.0102e+00, 2.6389e-01, 
 2DIAGNOSTIC,     7, -4.161667485643e-01, 1.797693134862e+308, 5.2851e+00, 2.7492e-01, 
 2DIAGNOSTIC,     8, -4.161656816015e-01, 1.797693134862e+308, 5.5205e+00, 2.3541e-01, 
 2DIAGNOSTIC,     9, -4.161650043537e-01, 1.797693134862e+308, 5.7871e+00, 2.6657e-01, 
 2DIAGNOSTIC,    10, -4.161655463813e-01, 2.943366616673e-06, 6.0759e+00, 2.8880e-01, 
 2DIAGNOSTIC,    11, -4.161636420994e-01, 1.720591495585e-06, 6.3801e+00, 3.0414e-01, 
 2DIAGNOSTIC,    12, -4.161624970809e-01, 1.867462473562e-06, 6.6491e+00, 2.6909e-01, 
 2DIAGNOSTIC,    13, -4.161615819744e-01, 1.698398060621e-06, 6.8824e+00, 2.3322e-01, 
 2DIAGNOSTIC,    14, -4.161624603294e-01, 1.592444846640e-06, 7.1875e+00, 3.0515e-01, 
 2DIAGNOSTIC,    15, -4.161620529813e-01, 1.530180436249e-06, 7.4794e+00, 2.9185e-01, 
 2DIAGNOSTIC,    16, -4.161603835106e-01, 1.417836917733e-06, 7.7232e+00, 2.4380e-01, 
 2DIAGNOSTIC,    17, -4.161625251481e-01, 1.455414118098e-06, 7.9859e+00, 2.6276e-01, 
 2DIAGNOSTIC,    18, -4.161617349625e-01, 1.453854861756e-06, 8.2093e+00, 2.2339e-01, 
 2DIAGNOSTIC,    19, -4.161656140594e-01, 1.594928502664e-06, 8.5318e+00, 3.2246e-01, 
 2DIAGNOSTIC,    20, -4.161678254530e-01, 1.821576325979e-06, 8.8963e+00, 3.6449e-01, 
 2DIAGNOSTIC,    21, -4.161672172260e-01, 1.924327024297e-06, 9.1571e+00, 2.6084e-01, 
 2DIAGNOSTIC,    22, -4.161665846123e-01, 1.927748310336e-06, 9.4034e+00, 2.4631e-01, 
 2DIAGNOSTIC,    23, -4.161660793966e-01, 1.843028034736e-06, 9.6734e+00, 2.6997e-01, 
 2DIAGNOSTIC,    24, -4.161655365533e-01, 1.730448867268e-06, 9.9070e+00, 2.3365e-01, 
 2DIAGNOSTIC,    25, -4.161651834947e-01, 1.568353733071e-06, 1.0141e+01, 2.3422e-01, 
 2DIAGNOSTIC,    26, -4.161660037665e-01, 1.368374529638e-06, 1.0410e+01, 2.6852e-01, 
 2DIAGNOSTIC,    27, -4.161651045496e-01, 1.203105051029e-06, 1.0646e+01, 2.3637e-01, 
 2DIAGNOSTIC,    28, -4.161679884898e-01, 1.097088641260e-06, 1.0926e+01, 2.8009e-01, 
 2DIAGNOSTIC,    29, -4.161710849647e-01, 1.162831217934e-06, 1.1216e+01, 2.8987e-01, 
 2DIAGNOSTIC,    30, -4.161703640305e-01, 1.250475692237e-06, 1.1486e+01, 2.7029e-01, 
 2DIAGNOSTIC,    31, -4.161708142910e-01, 1.313167808950e-06, 1.1748e+01, 2.6172e-01, 
 2DIAGNOSTIC,    32, -4.161710089264e-01, 1.336085266875e-06, 1.1985e+01, 2.3728e-01, 
 2DIAGNOSTIC,    33, -4.161749613448e-01, 1.395595231032e-06, 1.2265e+01, 2.7990e-01, 
 2DIAGNOSTIC,    34, -4.161777487504e-01, 1.452526298098e-06, 1.2507e+01, 2.4186e-01, 
 2DIAGNOSTIC,    35, -4.161792220177e-01, 1.478601717356e-06, 1.2787e+01, 2.7980e-01, 
 2DIAGNOSTIC,    36, -4.161806859647e-01, 1.495439425670e-06, 1.3064e+01, 2.7696e-01, 
 2DIAGNOSTIC,    37, -4.161791778424e-01, 1.407680678710e-06, 1.3315e+01, 2.5151e-01, 
 2DIAGNOSTIC,    38, -4.161838486866e-01, 1.406626886601e-06, 1.3635e+01, 3.1911e-01, 
 2DIAGNOSTIC,    39, -4.161849953099e-01, 1.422742191840e-06, 1.3959e+01, 3.2429e-01, 
 2DIAGNOSTIC,    40, -4.161860914889e-01, 1.386764650765e-06, 1.4336e+01, 3.7712e-01, 
 2DIAGNOSTIC,    41, -4.161854987575e-01, 1.295749591818e-06, 1.4607e+01, 2.7061e-01, 
 2DIAGNOSTIC,    42, -4.161840259987e-01, 1.138573353383e-06, 1.4847e+01, 2.4000e-01, 
 2DIAGNOSTIC,    43, -4.161834049859e-01, 1.004201841268e-06, 1.5119e+01, 2.7218e-01, 
DIAGNOSTIC,Iteration,metricValue,convergenceValue,ITERATION_TIME_INDEX,SINCE_LAST
 2DIAGNOSTIC,     1, -3.834265912345e-01, 1.797693134862e+308, 1.7893e+01, 2.7743e+00, 
 2DIAGNOSTIC,     2, -3.834925053362e-01, 1.797693134862e+308, 1.9646e+01, 1.7528e+00, 
 2DIAGNOSTIC,     3, -3.834978116484e-01, 1.797693134862e+308, 2.1238e+01, 1.5926e+00, 
 2DIAGNOSTIC,     4, -3.835004127732e-01, 1.797693134862e+308, 2.2779e+01, 1.5409e+00, 
 2DIAGNOSTIC,     5, -3.835019582513e-01, 1.797693134862e+308, 2.4532e+01, 1.7528e+00, 
 2DIAGNOSTIC,     6, -3.835049957418e-01, 1.797693134862e+308, 2.6247e+01, 1.7145e+00, 
 2DIAGNOSTIC,     7, -3.835058343720e-01, 1.797693134862e+308, 2.8042e+01, 1.7957e+00, 
 2DIAGNOSTIC,     8, -3.835066498253e-01, 1.797693134862e+308, 3.0254e+01, 2.2114e+00, 
 2DIAGNOSTIC,     9, -3.835062955321e-01, 1.797693134862e+308, 3.2300e+01, 2.0462e+00, 
 2DIAGNOSTIC,    10, -3.835063108995e-01, 1.066660732267e-05, 3.4080e+01, 1.7801e+00, 
 2DIAGNOSTIC,    11, -3.835061571790e-01, 4.747040600231e-06, 3.6466e+01, 2.3860e+00, 
 2DIAGNOSTIC,    12, -3.835060832648e-01, 3.706200572204e-06, 3.7890e+01, 1.4237e+00, 
 2DIAGNOSTIC,    13, -3.835060190719e-01, 3.027826062110e-06, 3.9627e+01, 1.7369e+00, 
 2DIAGNOSTIC,    14, -3.835058638477e-01, 2.523467043547e-06, 4.1377e+01, 1.7498e+00, 
 2DIAGNOSTIC,    15, -3.835058006962e-01, 2.133709258542e-06, 4.3081e+01, 1.7044e+00, 
 2DIAGNOSTIC,    16, -3.835056463970e-01, 1.924177721088e-06, 4.5133e+01, 2.0526e+00, 
 2DIAGNOSTIC,    17, -3.835054775127e-01, 1.773328557532e-06, 4.6881e+01, 1.7475e+00, 
 2DIAGNOSTIC,    18, -3.835053086120e-01, 1.675385376862e-06, 4.8370e+01, 1.4890e+00, 
 2DIAGNOSTIC,    19, -3.835051448143e-01, 1.576051817158e-06, 4.9834e+01, 1.4642e+00, 
 2DIAGNOSTIC,    20, -3.835051658765e-01, 1.497295073635e-06, 5.1271e+01, 1.4365e+00, 
 2DIAGNOSTIC,    21, -3.835053779574e-01, 1.436675313125e-06, 5.2984e+01, 1.7133e+00, 
 2DIAGNOSTIC,    22, -3.835055901413e-01, 1.393331720723e-06, 5.4604e+01, 1.6198e+00, 
 2DIAGNOSTIC,    23, -3.835055251004e-01, 1.354581542122e-06, 5.6185e+01, 1.5816e+00, 
 2DIAGNOSTIC,    24, -3.835054518283e-01, 1.314933130415e-06, 5.7911e+01, 1.7255e+00, 
 2DIAGNOSTIC,    25, -3.835053813424e-01, 1.275595340924e-06, 5.9706e+01, 1.7954e+00, 
 2DIAGNOSTIC,    26, -3.835053141618e-01, 1.232550094932e-06, 6.1176e+01, 1.4693e+00, 
 2DIAGNOSTIC,    27, -3.835053494676e-01, 1.188143193248e-06, 6.2619e+01, 1.4439e+00, 
 2DIAGNOSTIC,    28, -3.835054089354e-01, 1.143229099047e-06, 6.4216e+01, 1.5965e+00, 
 2DIAGNOSTIC,    29, -3.835055814679e-01, 1.101082728855e-06, 6.5683e+01, 1.4674e+00, 
 2DIAGNOSTIC,    30, -3.835053714642e-01, 1.056523027072e-06, 6.7928e+01, 2.2445e+00, 
 2DIAGNOSTIC,    31, -3.835053052290e-01, 1.018740040340e-06, 6.9653e+01, 1.7249e+00, 
  Elapsed time (stage 0): 7.0581e+01


Total elapsed time: 7.0583e+01
Info [verificarlo]: loaded backend libinterflop_ieee.so
Info [interflop-ieee]: load backend with:
Info [interflop-ieee]: debug = false
Info [interflop-ieee]: debug-binary = false
Info [interflop-ieee]: no-backend-name = false
Info [interflop-ieee]: print-new-line = false
Info [interflop-ieee]: print-subnormal-normalized = false
Info [interflop-ieee]: count-op = false
All_Command_lines_OK
Using double precision for computations.
=============================================================================
The composite transform comprises the following transforms (in order): 
  1. /home/mdugre/scratch/mri-registration-rp/datasets/ds004513/derivatives/mri-registration-rp/0000/antsRegistration-binary64/sub-s017/rigid_Composite.h5[0] (type = Euler3DTransform)
  2. /home/mdugre/scratch/mri-registration-rp/datasets/ds004513/derivatives/mri-registration-rp/0000/antsRegistration-binary64/sub-s017/rigid_Composite.h5[1] (type = Euler3DTransform)
  3. /home/mdugre/scratch/mri-registration-rp/datasets/ds004513/derivatives/mri-registration-rp/0000/antsRegistration-binary64/sub-s017/rigid_Composite.h5[2] (type = Euler3DTransform)
=============================================================================
  number of levels = 4
  fixed image: /templateflow/tpl-MNI152NLin2009cAsym/tpl-MNI152NLin2009cAsym_res-01_desc-brain_T1w.nii.gz
  moving image: /home/mdugre/scratch/mri-registration-rp/datasets/ds004513/derivatives/mri-registration-rp/antsBrainExtraction/sub-s017/BrainExtractionBrain.nii.gz
Dimension = 3
Number of stages = 1
Use histogram matching = false
Winsorize image intensities = true
  Lower quantile = 0.005
  Upper quantile = 0.995


Stage 1 State
   Image metric = MattesMI
     Fixed image = Image (0x4a7c7e0)
  RTTI typeinfo:   itk::Image<double, 3u>
  Reference Count: 2
  Modified Time: 1594
  Debug: Off
  Object Name: 
  Observers: 
    none
  Source: (none)
  Source output name: (none)
  Release Data: Off
  Data Released: False
  Global Release Data: Off
  PipelineMTime: 0
  UpdateMTime: 1203
  RealTimeStamp: 0 seconds 
  LargestPossibleRegion: 
    Dimension: 3
    Index: [0, 0, 0]
    Size: [193, 229, 193]
  BufferedRegion: 
    Dimension: 3
    Index: [0, 0, 0]
    Size: [193, 229, 193]
  RequestedRegion: 
    Dimension: 3
    Index: [0, 0, 0]
    Size: [193, 229, 193]
  Spacing: [1, 1, 1]
  Origin: [96, 132, -78]
  Direction: 
-1 0 0
0 -1 0
0 0 1

  IndexToPointMatrix: 
-1 0 0
0 -1 0
0 0 1

  PointToIndexMatrix: 
-1 0 0
0 -1 0
0 0 1

  Inverse Direction: 
-1 0 0
0 -1 0
0 0 1

  PixelContainer: 
    ImportImageContainer (0x4b3ca20)
      RTTI typeinfo:   itk::ImportImageContainer<unsigned long, double>
      Reference Count: 1
      Modified Time: 1200
      Debug: Off
      Object Name: 
      Observers: 
        none
      Pointer: 0x14b323b93010
      Container manages memory: true
      Size: 8530021
      Capacity: 8530021

     Moving image = Image (0x4b380a0)
  RTTI typeinfo:   itk::Image<double, 3u>
  Reference Count: 2
  Modified Time: 1595
  Debug: Off
  Object Name: 
  Observers: 
    none
  Source: (none)
  Source output name: (none)
  Release Data: Off
  Data Released: False
  Global Release Data: Off
  PipelineMTime: 0
  UpdateMTime: 1592
  RealTimeStamp: 0 seconds 
  LargestPossibleRegion: 
    Dimension: 3
    Index: [0, 0, 0]
    Size: [160, 240, 256]
  BufferedRegion: 
    Dimension: 3
    Index: [0, 0, 0]
    Size: [160, 240, 256]
  RequestedRegion: 
    Dimension: 3
    Index: [0, 0, 0]
    Size: [160, 240, 256]
  Spacing: [1, 1, 1]
  Origin: [91.3357, 102.231, -120.042]
  Direction: 
-0.997442 -5.36781e-05 -0.0714818
5.35416e-05 -1 3.82465e-06
-0.0714818 -1.23894e-08 0.997442

  IndexToPointMatrix: 
-0.997444 -5.36781e-05 -0.0714818
5.35418e-05 -1 3.82465e-06
-0.0714819 -1.23894e-08 0.997442

  PointToIndexMatrix: 
-0.99744 5.35415e-05 -0.0714816
-5.36781e-05 -1 -1.23894e-08
-0.0714818 3.82465e-06 0.997442

  Inverse Direction: 
-0.997442 5.35416e-05 -0.0714818
-5.36781e-05 -1 -1.23894e-08
-0.0714818 3.82465e-06 0.997442

  PixelContainer: 
    ImportImageContainer (0x4af20d0)
      RTTI typeinfo:   itk::ImportImageContainer<unsigned long, double>
      Reference Count: 1
      Modified Time: 1589
      Debug: Off
      Object Name: 
      Observers: 
        none
      Pointer: 0x14b31f092010
      Container manages memory: true
      Size: 9830400
      Capacity: 9830400

     Weighting = 1
     Sampling strategy = regular
     Number of bins = 32
     Radius = 4
     Sampling percentage  = 0.25
   Transform = Affine
     Gradient step = 0.1
     Update field sigma (voxel space) = 0
     Total field sigma (voxel space) = 0
     Update field time sigma = 0
     Total field time sigma  = 0
     Number of time indices = 0
     Number of time point samples = 0
Registration using 1 total stages.

Stage 0
  iterations = 1000x500x250x100
  convergence threshold = 1e-06
  convergence window size = 10
  number of levels = 4
  using the Mattes MI metric (number of bins = 32, weight = 1, use gradient filter = 0)
  preprocessing:  winsorizing the image intensities
  Shrink factors (level 1 out of 4): [8, 8, 8]
  Shrink factors (level 2 out of 4): [4, 4, 4]
  Shrink factors (level 3 out of 4): [2, 2, 2]
  Shrink factors (level 4 out of 4): [1, 1, 1]
  smoothing sigmas per level: [3, 2, 1, 0]
  regular sampling (percentage = 0.25)

*** Running AffineTransform registration ***

DIAGNOSTIC,Iteration,metricValue,convergenceValue,ITERATION_TIME_INDEX,SINCE_LAST
 2DIAGNOSTIC,     1, -5.806290998420e-01, 1.797693134862e+308, 8.4946e-01, 8.4946e-01, 
 2DIAGNOSTIC,     2, -5.832407507919e-01, 1.797693134862e+308, 8.5465e-01, 5.1892e-03, 
 2DIAGNOSTIC,     3, -5.883921006181e-01, 1.797693134862e+308, 8.5957e-01, 4.9229e-03, 
 2DIAGNOSTIC,     4, -5.973582020916e-01, 1.797693134862e+308, 8.6448e-01, 4.9090e-03, 
 2DIAGNOSTIC,     5, -6.166279651540e-01, 1.797693134862e+308, 8.6938e-01, 4.8981e-03, 
 2DIAGNOSTIC,     6, -6.406440244678e-01, 1.797693134862e+308, 8.7432e-01, 4.9379e-03, 
 2DIAGNOSTIC,     7, -7.009864256276e-01, 1.797693134862e+308, 8.7945e-01, 5.1339e-03, 
 2DIAGNOSTIC,     8, -7.630482514365e-01, 1.797693134862e+308, 8.8463e-01, 5.1761e-03, 
 2DIAGNOSTIC,     9, -8.423469021636e-01, 1.797693134862e+308, 8.9271e-01, 8.0838e-03, 
 2DIAGNOSTIC,    10, -8.569694551672e-01, 2.845116130603e-02, 8.9840e-01, 5.6870e-03, 
 2DIAGNOSTIC,    11, -8.701917123292e-01, 2.871708895694e-02, 9.0485e-01, 6.4549e-03, 
 2DIAGNOSTIC,    12, -8.814645613824e-01, 2.683607374018e-02, 9.1451e-01, 9.6519e-03, 
 2DIAGNOSTIC,    13, -8.822368116792e-01, 2.307206284075e-02, 9.2002e-01, 5.5161e-03, 
 2DIAGNOSTIC,    14, -8.834458719600e-01, 1.815384140950e-02, 9.2578e-01, 5.7631e-03, 
 2DIAGNOSTIC,    15, -8.851322802347e-01, 1.292532926593e-02, 9.3135e-01, 5.5690e-03, 
 2DIAGNOSTIC,    16, -8.870480809775e-01, 7.902435073756e-03, 9.3688e-01, 5.5270e-03, 
 2DIAGNOSTIC,    17, -8.886777819901e-01, 4.189413180709e-03, 9.4360e-01, 6.7151e-03, 
 2DIAGNOSTIC,    18, -8.889448810674e-01, 1.810422431873e-03, 9.5026e-01, 6.6619e-03, 
 2DIAGNOSTIC,    19, -8.890594323576e-01, 1.083853134281e-03, 9.5642e-01, 6.1669e-03, 
 2DIAGNOSTIC,    20, -8.887882561897e-01, 5.969783267579e-04, 9.6263e-01, 6.2091e-03, 
 2DIAGNOSTIC,    21, -8.886098615857e-01, 3.264824913586e-04, 9.6996e-01, 7.3299e-03, 
 2DIAGNOSTIC,    22, -8.885249832657e-01, 2.361096523404e-04, 9.7605e-01, 6.0849e-03, 
 2DIAGNOSTIC,    23, -8.882875302977e-01, 1.410432909640e-04, 9.8150e-01, 5.4510e-03, 
 2DIAGNOSTIC,    24, -8.882052345331e-01, 5.851496534433e-05, 9.8703e-01, 5.5261e-03, 
DIAGNOSTIC,Iteration,metricValue,convergenceValue,ITERATION_TIME_INDEX,SINCE_LAST
 2DIAGNOSTIC,     1, -7.469015879669e-01, 1.797693134862e+308, 1.7986e+00, 8.1162e-01, 
 2DIAGNOSTIC,     2, -7.476337610427e-01, 1.797693134862e+308, 1.8375e+00, 3.8866e-02, 
 2DIAGNOSTIC,     3, -7.481984149293e-01, 1.797693134862e+308, 1.8768e+00, 3.9269e-02, 
 2DIAGNOSTIC,     4, -7.485348956968e-01, 1.797693134862e+308, 1.9152e+00, 3.8434e-02, 
 2DIAGNOSTIC,     5, -7.488723349288e-01, 1.797693134862e+308, 1.9551e+00, 3.9916e-02, 
 2DIAGNOSTIC,     6, -7.493028718327e-01, 1.797693134862e+308, 1.9981e+00, 4.2994e-02, 
 2DIAGNOSTIC,     7, -7.498240981568e-01, 1.797693134862e+308, 2.0442e+00, 4.6062e-02, 
 2DIAGNOSTIC,     8, -7.499189037917e-01, 1.797693134862e+308, 2.0829e+00, 3.8755e-02, 
 2DIAGNOSTIC,     9, -7.503981904087e-01, 1.797693134862e+308, 2.1313e+00, 4.8376e-02, 
 2DIAGNOSTIC,    10, -7.505578656712e-01, 3.049238827219e-04, 2.1745e+00, 4.3227e-02, 
 2DIAGNOSTIC,    11, -7.505341234007e-01, 2.389539904420e-04, 2.2220e+00, 4.7482e-02, 
 2DIAGNOSTIC,    12, -7.505061914051e-01, 1.848758138829e-04, 2.2719e+00, 4.9906e-02, 
 2DIAGNOSTIC,    13, -7.505141121047e-01, 1.393602382397e-04, 2.3248e+00, 5.2868e-02, 
 2DIAGNOSTIC,    14, -7.505102732893e-01, 9.677096748198e-05, 2.3703e+00, 4.5454e-02, 
 2DIAGNOSTIC,    15, -7.505029862826e-01, 5.935599134869e-05, 2.4223e+00, 5.2047e-02, 
 2DIAGNOSTIC,    16, -7.504912485465e-01, 3.116311035828e-05, 2.4678e+00, 4.5544e-02, 
 2DIAGNOSTIC,    17, -7.504804688815e-01, 1.513171417824e-05, 2.5101e+00, 4.2203e-02, 
 2DIAGNOSTIC,    18, -7.504860792659e-01, 1.517274488577e-06, 2.5519e+00, 4.1808e-02, 
DIAGNOSTIC,Iteration,metricValue,convergenceValue,ITERATION_TIME_INDEX,SINCE_LAST
 2DIAGNOSTIC,     1, -6.294116115709e-01, 1.797693134862e+308, 3.8182e+00, 1.2664e+00, 
 2DIAGNOSTIC,     2, -6.299274337740e-01, 1.797693134862e+308, 4.1124e+00, 2.9419e-01, 
 2DIAGNOSTIC,     3, -6.304606937598e-01, 1.797693134862e+308, 4.3971e+00, 2.8469e-01, 
 2DIAGNOSTIC,     4, -6.311440983260e-01, 1.797693134862e+308, 4.6831e+00, 2.8600e-01, 
 2DIAGNOSTIC,     5, -6.319613521829e-01, 1.797693134862e+308, 4.9949e+00, 3.1177e-01, 
 2DIAGNOSTIC,     6, -6.326508619673e-01, 1.797693134862e+308, 5.5915e+00, 5.9657e-01, 
 2DIAGNOSTIC,     7, -6.326442431817e-01, 1.797693134862e+308, 6.0646e+00, 4.7318e-01, 
 2DIAGNOSTIC,     8, -6.326421030323e-01, 1.797693134862e+308, 6.4062e+00, 3.4159e-01, 
 2DIAGNOSTIC,     9, -6.326413590433e-01, 1.797693134862e+308, 6.7547e+00, 3.4851e-01, 
 2DIAGNOSTIC,    10, -6.326405356632e-01, 3.607193937505e-04, 7.1369e+00, 3.8213e-01, 
 2DIAGNOSTIC,    11, -6.326380581062e-01, 2.475998146459e-04, 7.4796e+00, 3.4275e-01, 
 2DIAGNOSTIC,    12, -6.326382568670e-01, 1.509095226101e-04, 7.7899e+00, 3.1030e-01, 
 2DIAGNOSTIC,    13, -6.326371996920e-01, 7.419551195476e-05, 8.1352e+00, 3.4534e-01, 
 2DIAGNOSTIC,    14, -6.326376013469e-01, 2.341664844636e-05, 8.4662e+00, 3.3096e-01, 
 2DIAGNOSTIC,    15, -6.326364676320e-01, 1.358505351226e-06, 8.7510e+00, 2.8478e-01, 
 2DIAGNOSTIC,    16, -6.326355130302e-01, 1.489403004956e-06, 9.0280e+00, 2.7698e-01, 
 2DIAGNOSTIC,    17, -6.326348603532e-01, 1.460469331936e-06, 9.3743e+00, 3.4629e-01, 
 2DIAGNOSTIC,    18, -6.326337609409e-01, 1.391313742924e-06, 9.6765e+00, 3.0227e-01, 
 2DIAGNOSTIC,    19, -6.326327161651e-01, 1.322246832587e-06, 9.9931e+00, 3.1656e-01, 
 2DIAGNOSTIC,    20, -6.326305164387e-01, 1.226844807613e-06, 1.0279e+01, 2.8609e-01, 
 2DIAGNOSTIC,    21, -6.326298185466e-01, 1.107474503652e-06, 1.0603e+01, 3.2370e-01, 
 2DIAGNOSTIC,    22, -6.326281932633e-01, 1.008190476284e-06, 1.0909e+01, 3.0571e-01, 
DIAGNOSTIC,Iteration,metricValue,convergenceValue,ITERATION_TIME_INDEX,SINCE_LAST
 2DIAGNOSTIC,     1, -5.634463072768e-01, 1.797693134862e+308, 1.3951e+01, 3.0427e+00, 
 2DIAGNOSTIC,     2, -5.639251008479e-01, 1.797693134862e+308, 1.5827e+01, 1.8760e+00, 
 2DIAGNOSTIC,     3, -5.643935835634e-01, 1.797693134862e+308, 1.7783e+01, 1.9553e+00, 
 2DIAGNOSTIC,     4, -5.653421951979e-01, 1.797693134862e+308, 2.0069e+01, 2.2867e+00, 
 2DIAGNOSTIC,     5, -5.666806367642e-01, 1.797693134862e+308, 2.3102e+01, 3.0330e+00, 
 2DIAGNOSTIC,     6, -5.666788460523e-01, 1.797693134862e+308, 2.5962e+01, 2.8595e+00, 
 2DIAGNOSTIC,     7, -5.666781271689e-01, 1.797693134862e+308, 2.8527e+01, 2.5649e+00, 
 2DIAGNOSTIC,     8, -5.666783382273e-01, 1.797693134862e+308, 3.1513e+01, 2.9866e+00, 
 2DIAGNOSTIC,     9, -5.666785223925e-01, 1.797693134862e+308, 3.4172e+01, 2.6587e+00, 
 2DIAGNOSTIC,    10, -5.666783774563e-01, 3.983115754177e-04, 3.6328e+01, 2.1558e+00, 
 2DIAGNOSTIC,    11, -5.666784951931e-01, 2.625680155615e-04, 3.8805e+01, 2.4768e+00, 
 2DIAGNOSTIC,    12, -5.666783032965e-01, 1.470623131481e-04, 4.1002e+01, 2.1971e+00, 
 2DIAGNOSTIC,    13, -5.666782325038e-01, 5.397890094841e-05, 4.3205e+01, 2.2037e+00, 
 2DIAGNOSTIC,    14, -5.666781617087e-01, 2.173099108563e-06, 4.5353e+01, 2.1480e+00, 
 2DIAGNOSTIC,    15, -5.666779416894e-01, 2.088541648543e-06, 4.7353e+01, 1.9997e+00, 
 2DIAGNOSTIC,    16, -5.666778858403e-01, 1.960719468078e-06, 4.9626e+01, 2.2727e+00, 
 2DIAGNOSTIC,    17, -5.666778189592e-01, 1.827303918213e-06, 5.1718e+01, 2.0921e+00, 
 2DIAGNOSTIC,    18, -5.666778089665e-01, 1.718411574120e-06, 5.3736e+01, 2.0185e+00, 
 2DIAGNOSTIC,    19, -5.666778951106e-01, 1.632897412611e-06, 5.5689e+01, 1.9524e+00, 
 2DIAGNOSTIC,    20, -5.666781437980e-01, 1.562363885897e-06, 5.8104e+01, 2.4157e+00, 
 2DIAGNOSTIC,    21, -5.666783605337e-01, 1.509276578590e-06, 6.0235e+01, 2.1304e+00, 
 2DIAGNOSTIC,    22, -5.666780530072e-01, 1.450186556805e-06, 6.2324e+01, 2.0895e+00, 
 2DIAGNOSTIC,    23, -5.666782898496e-01, 1.399871560732e-06, 6.4858e+01, 2.5340e+00, 
 2DIAGNOSTIC,    24, -5.666783975552e-01, 1.352942746509e-06, 6.7205e+01, 2.3469e+00, 
 2DIAGNOSTIC,    25, -5.666781686770e-01, 1.298062705983e-06, 6.9324e+01, 2.1192e+00, 
 2DIAGNOSTIC,    26, -5.666781022759e-01, 1.242936059978e-06, 7.1288e+01, 1.9636e+00, 
 2DIAGNOSTIC,    27, -5.666779220244e-01, 1.185724043715e-06, 7.3438e+01, 2.1500e+00, 
 2DIAGNOSTIC,    28, -5.666778597758e-01, 1.130687179725e-06, 7.5548e+01, 2.1107e+00, 
 2DIAGNOSTIC,    29, -5.666775361968e-01, 1.075690500285e-06, 7.7561e+01, 2.0125e+00, 
 2DIAGNOSTIC,    30, -5.666776839066e-01, 1.033112002308e-06, 7.9646e+01, 2.0855e+00, 
  Elapsed time (stage 0): 8.0832e+01


Total elapsed time: 8.0835e+01
Info [verificarlo]: loaded backend libinterflop_ieee.so
Info [interflop-ieee]: load backend with:
Info [interflop-ieee]: debug = false
Info [interflop-ieee]: debug-binary = false
Info [interflop-ieee]: no-backend-name = false
Info [interflop-ieee]: print-new-line = false
Info [interflop-ieee]: print-subnormal-normalized = false
Info [interflop-ieee]: count-op = false
All_Command_lines_OK
Using double precision for computations.
=============================================================================
The composite transform comprises the following transforms (in order): 
  1. /home/mdugre/scratch/mri-registration-rp/datasets/ds004513/derivatives/mri-registration-rp/0000/antsRegistration-binary64/sub-s017/affine_Composite.h5[0] (type = Euler3DTransform)
  2. /home/mdugre/scratch/mri-registration-rp/datasets/ds004513/derivatives/mri-registration-rp/0000/antsRegistration-binary64/sub-s017/affine_Composite.h5[1] (type = Euler3DTransform)
  3. /home/mdugre/scratch/mri-registration-rp/datasets/ds004513/derivatives/mri-registration-rp/0000/antsRegistration-binary64/sub-s017/affine_Composite.h5[2] (type = Euler3DTransform)
  4. /home/mdugre/scratch/mri-registration-rp/datasets/ds004513/derivatives/mri-registration-rp/0000/antsRegistration-binary64/sub-s017/affine_Composite.h5[3] (type = AffineTransform)
=============================================================================
  number of levels = 4
  fixed image: /templateflow/tpl-MNI152NLin2009cAsym/tpl-MNI152NLin2009cAsym_res-01_desc-brain_T1w.nii.gz
  moving image: /home/mdugre/scratch/mri-registration-rp/datasets/ds004513/derivatives/mri-registration-rp/antsBrainExtraction/sub-s017/BrainExtractionBrain.nii.gz
Dimension = 3
Number of stages = 1
Use histogram matching = false
Winsorize image intensities = true
  Lower quantile = 0.005
  Upper quantile = 0.995


Stage 1 State
   Image metric = CC
     Fixed image = Image (0x4b74a40)
  RTTI typeinfo:   itk::Image<double, 3u>
  Reference Count: 2
  Modified Time: 1608
  Debug: Off
  Object Name: 
  Observers: 
    none
  Source: (none)
  Source output name: (none)
  Release Data: Off
  Data Released: False
  Global Release Data: Off
  PipelineMTime: 0
  UpdateMTime: 1217
  RealTimeStamp: 0 seconds 
  LargestPossibleRegion: 
    Dimension: 3
    Index: [0, 0, 0]
    Size: [193, 229, 193]
  BufferedRegion: 
    Dimension: 3
    Index: [0, 0, 0]
    Size: [193, 229, 193]
  RequestedRegion: 
    Dimension: 3
    Index: [0, 0, 0]
