
##########################
# Experiment information #
##########################

EXPERIMENT_NAME: antsRegistration-binary64
VFC_BACKENDS: libinterflop_ieee.so

SIF_IMG: /home/mdugre/projects/rrg-glatard/mdugre/containers/ants-vprec-no_metrics.simg

SUBJECT_ID: s025
INPUT_IMG: /home/mdugre/scratch/mri-registration-rp/datasets/ds004513/derivatives/mri-registration-rp/antsBrainExtraction/sub-s025/BrainExtractionBrain.nii.gz
OUTPUT_DIR: /home/mdugre/scratch/mri-registration-rp/datasets/ds004513/derivatives/mri-registration-rp/0000/antsRegistration-binary64/sub-s025

FIXED_IMG: /templateflow/tpl-MNI152NLin2009cAsym/tpl-MNI152NLin2009cAsym_res-01_desc-brain_T1w.nii.gz
DATA_DIR: /home/mdugre/scratch/mri-registration-rp/datasets/ds004513
TEMPLATEFLOW_DIR: /home/mdugre/projects/rrg-glatard/mdugre/templateflow
ITK_GLOBAL_DEFAULT_NUMBER_OF_THREADS: 16
##########################

Info [verificarlo]: loaded backend libinterflop_ieee.so
Info [interflop-ieee]: load backend with:
Info [interflop-ieee]: debug = false
Info [interflop-ieee]: debug-binary = false
Info [interflop-ieee]: no-backend-name = false
Info [interflop-ieee]: print-new-line = false
Info [interflop-ieee]: print-subnormal-normalized = false
Info [interflop-ieee]: count-op = false
All_Command_lines_OK
Using double precision for computations.
=============================================================================
The composite transform comprises the following transforms (in order): 
  1. Center of mass alignment using fixed image: /templateflow/tpl-MNI152NLin2009cAsym/tpl-MNI152NLin2009cAsym_res-01_desc-brain_T1w.nii.gz and moving image: /home/mdugre/scratch/mri-registration-rp/datasets/ds004513/derivatives/mri-registration-rp/antsBrainExtraction/sub-s025/BrainExtractionBrain.nii.gz (type = Euler3DTransform)
=============================================================================
  number of levels = 1
  fixed image: /templateflow/tpl-MNI152NLin2009cAsym/tpl-MNI152NLin2009cAsym_res-01_desc-brain_T1w.nii.gz
  moving image: /home/mdugre/scratch/mri-registration-rp/datasets/ds004513/derivatives/mri-registration-rp/antsBrainExtraction/sub-s025/BrainExtractionBrain.nii.gz
Dimension = 3
Number of stages = 1
Use histogram matching = false
Winsorize image intensities = true
  Lower quantile = 0.005
  Upper quantile = 0.995


Stage 1 State
   Image metric = MattesMI
     Fixed image = Image (0x4c9bdf0)
  RTTI typeinfo:   itk::Image<double, 3u>
  Reference Count: 2
  Modified Time: 2334
  Debug: Off
  Object Name: 
  Observers: 
    none
  Source: (none)
  Source output name: (none)
  Release Data: Off
  Data Released: False
  Global Release Data: Off
  PipelineMTime: 0
  UpdateMTime: 1943
  RealTimeStamp: 0 seconds 
  LargestPossibleRegion: 
    Dimension: 3
    Index: [0, 0, 0]
    Size: [193, 229, 193]
  BufferedRegion: 
    Dimension: 3
    Index: [0, 0, 0]
    Size: [193, 229, 193]
  RequestedRegion: 
    Dimension: 3
    Index: [0, 0, 0]
    Size: [193, 229, 193]
  Spacing: [1, 1, 1]
  Origin: [96, 132, -78]
  Direction: 
-1 0 0
0 -1 0
0 0 1

  IndexToPointMatrix: 
-1 0 0
0 -1 0
0 0 1

  PointToIndexMatrix: 
-1 0 0
0 -1 0
0 0 1

  Inverse Direction: 
-1 0 0
0 -1 0
0 0 1

  PixelContainer: 
    ImportImageContainer (0x4dd3d50)
      RTTI typeinfo:   itk::ImportImageContainer<unsigned long, double>
      Reference Count: 1
      Modified Time: 1940
      Debug: Off
      Object Name: 
      Observers: 
        none
      Pointer: 0x1491c11a4010
      Container manages memory: true
      Size: 8530021
      Capacity: 8530021

     Moving image = Image (0x4ca43e0)
  RTTI typeinfo:   itk::Image<double, 3u>
  Reference Count: 2
  Modified Time: 2335
  Debug: Off
  Object Name: 
  Observers: 
    none
  Source: (none)
  Source output name: (none)
  Release Data: Off
  Data Released: False
  Global Release Data: Off
  PipelineMTime: 0
  UpdateMTime: 2332
  RealTimeStamp: 0 seconds 
  LargestPossibleRegion: 
    Dimension: 3
    Index: [0, 0, 0]
    Size: [176, 240, 256]
  BufferedRegion: 
    Dimension: 3
    Index: [0, 0, 0]
    Size: [176, 240, 256]
  RequestedRegion: 
    Dimension: 3
    Index: [0, 0, 0]
    Size: [176, 240, 256]
  Spacing: [0.999999, 1, 1]
  Origin: [90.3778, 84.5091, -154.071]
  Direction: 
-0.999391 7.48184e-06 -0.0348969
-7.47664e-06 -1 -2.7953e-07
-0.0348969 -1.84481e-08 0.999391

  IndexToPointMatrix: 
-0.99939 7.48184e-06 -0.0348969
-7.47663e-06 -1 -2.7953e-07
-0.0348968 -1.84481e-08 0.999391

  PointToIndexMatrix: 
-0.999392 -7.47665e-06 -0.0348969
7.48184e-06 -1 -1.84481e-08
-0.0348969 -2.7953e-07 0.999391

  Inverse Direction: 
-0.999391 -7.47664e-06 -0.0348969
7.48184e-06 -1 -1.84481e-08
-0.0348969 -2.7953e-07 0.999391

  PixelContainer: 
    ImportImageContainer (0x4e5bef0)
      RTTI typeinfo:   itk::ImportImageContainer<unsigned long, double>
      Reference Count: 1
      Modified Time: 2329
      Debug: Off
      Object Name: 
      Observers: 
        none
      Pointer: 0x1491bbf23010
      Container manages memory: true
      Size: 10813440
      Capacity: 10813440

     Weighting = 1
     Sampling strategy = regular
     Number of bins = 32
     Radius = 4
     Sampling percentage  = 0.25
   Transform = Rigid
     Gradient step = 0.1
     Update field sigma (voxel space) = 0
     Total field sigma (voxel space) = 0
     Update field time sigma = 0
     Total field time sigma  = 0
     Number of time indices = 0
     Number of time point samples = 0
Registration using 1 total stages.

Stage 0
  iterations = 0
  convergence threshold = 1e-06
  convergence window size = 10
  number of levels = 1
  using the Mattes MI metric (number of bins = 32, weight = 1, use gradient filter = 0)
  preprocessing:  winsorizing the image intensities
  Shrink factors (level 1 out of 1): [1, 1, 1]
  smoothing sigmas per level: [0]
  regular sampling (percentage = 0.25)

*** Running Euler3DTransform registration ***

  Elapsed time (stage 0): 1.16449


Total elapsed time: 1.16668
Info [verificarlo]: loaded backend libinterflop_ieee.so
Info [interflop-ieee]: load backend with:
Info [interflop-ieee]: debug = false
Info [interflop-ieee]: debug-binary = false
Info [interflop-ieee]: no-backend-name = false
Info [interflop-ieee]: print-new-line = false
Info [interflop-ieee]: print-subnormal-normalized = false
Info [interflop-ieee]: count-op = false
All_Command_lines_OK
Using double precision for computations.
=============================================================================
The composite transform comprises the following transforms (in order): 
  1. /home/mdugre/scratch/mri-registration-rp/datasets/ds004513/derivatives/mri-registration-rp/0000/antsRegistration-binary64/sub-s025/align_Composite.h5[0] (type = Euler3DTransform)
  2. /home/mdugre/scratch/mri-registration-rp/datasets/ds004513/derivatives/mri-registration-rp/0000/antsRegistration-binary64/sub-s025/align_Composite.h5[1] (type = Euler3DTransform)
=============================================================================
  number of levels = 4
  fixed image: /templateflow/tpl-MNI152NLin2009cAsym/tpl-MNI152NLin2009cAsym_res-01_desc-brain_T1w.nii.gz
  moving image: /home/mdugre/scratch/mri-registration-rp/datasets/ds004513/derivatives/mri-registration-rp/antsBrainExtraction/sub-s025/BrainExtractionBrain.nii.gz
Dimension = 3
Number of stages = 1
Use histogram matching = false
Winsorize image intensities = true
  Lower quantile = 0.005
  Upper quantile = 0.995


Stage 1 State
   Image metric = MattesMI
     Fixed image = Image (0x51bc7e0)
  RTTI typeinfo:   itk::Image<double, 3u>
  Reference Count: 2
  Modified Time: 1580
  Debug: Off
  Object Name: 
  Observers: 
    none
  Source: (none)
  Source output name: (none)
  Release Data: Off
  Data Released: False
  Global Release Data: Off
  PipelineMTime: 0
  UpdateMTime: 1189
  RealTimeStamp: 0 seconds 
  LargestPossibleRegion: 
    Dimension: 3
    Index: [0, 0, 0]
    Size: [193, 229, 193]
  BufferedRegion: 
    Dimension: 3
    Index: [0, 0, 0]
    Size: [193, 229, 193]
  RequestedRegion: 
    Dimension: 3
    Index: [0, 0, 0]
    Size: [193, 229, 193]
  Spacing: [1, 1, 1]
  Origin: [96, 132, -78]
  Direction: 
-1 0 0
0 -1 0
0 0 1

  IndexToPointMatrix: 
-1 0 0
0 -1 0
0 0 1

  PointToIndexMatrix: 
-1 0 0
0 -1 0
0 0 1

  Inverse Direction: 
-1 0 0
0 -1 0
0 0 1

  PixelContainer: 
    ImportImageContainer (0x527b010)
      RTTI typeinfo:   itk::ImportImageContainer<unsigned long, double>
      Reference Count: 1
      Modified Time: 1186
      Debug: Off
      Object Name: 
      Observers: 
        none
      Pointer: 0x154cff89e010
      Container manages memory: true
      Size: 8530021
      Capacity: 8530021

     Moving image = Image (0x5278100)
  RTTI typeinfo:   itk::Image<double, 3u>
  Reference Count: 2
  Modified Time: 1581
  Debug: Off
  Object Name: 
  Observers: 
    none
  Source: (none)
  Source output name: (none)
  Release Data: Off
  Data Released: False
  Global Release Data: Off
  PipelineMTime: 0
  UpdateMTime: 1578
  RealTimeStamp: 0 seconds 
  LargestPossibleRegion: 
    Dimension: 3
    Index: [0, 0, 0]
    Size: [176, 240, 256]
  BufferedRegion: 
    Dimension: 3
    Index: [0, 0, 0]
    Size: [176, 240, 256]
  RequestedRegion: 
    Dimension: 3
    Index: [0, 0, 0]
    Size: [176, 240, 256]
  Spacing: [0.999999, 1, 1]
  Origin: [90.3778, 84.5091, -154.071]
  Direction: 
-0.999391 7.48184e-06 -0.0348969
-7.47664e-06 -1 -2.7953e-07
-0.0348969 -1.84481e-08 0.999391

  IndexToPointMatrix: 
-0.99939 7.48184e-06 -0.0348969
-7.47663e-06 -1 -2.7953e-07
-0.0348968 -1.84481e-08 0.999391

  PointToIndexMatrix: 
-0.999392 -7.47665e-06 -0.0348969
7.48184e-06 -1 -1.84481e-08
-0.0348969 -2.7953e-07 0.999391

  Inverse Direction: 
-0.999391 -7.47664e-06 -0.0348969
7.48184e-06 -1 -1.84481e-08
-0.0348969 -2.7953e-07 0.999391

  PixelContainer: 
    ImportImageContainer (0x5363610)
      RTTI typeinfo:   itk::ImportImageContainer<unsigned long, double>
      Reference Count: 1
      Modified Time: 1575
      Debug: Off
      Object Name: 
      Observers: 
        none
      Pointer: 0x154cfa61d010
      Container manages memory: true
      Size: 10813440
      Capacity: 10813440

     Weighting = 1
     Sampling strategy = regular
     Number of bins = 32
     Radius = 4
     Sampling percentage  = 0.25
   Transform = Rigid
     Gradient step = 0.1
     Update field sigma (voxel space) = 0
     Total field sigma (voxel space) = 0
     Update field time sigma = 0
     Total field time sigma  = 0
     Number of time indices = 0
     Number of time point samples = 0
Registration using 1 total stages.

Stage 0
  iterations = 1000x500x250x100
  convergence threshold = 1e-06
  convergence window size = 10
  number of levels = 4
  using the Mattes MI metric (number of bins = 32, weight = 1, use gradient filter = 0)
  preprocessing:  winsorizing the image intensities
  Shrink factors (level 1 out of 4): [8, 8, 8]
  Shrink factors (level 2 out of 4): [4, 4, 4]
  Shrink factors (level 3 out of 4): [2, 2, 2]
  Shrink factors (level 4 out of 4): [1, 1, 1]
  smoothing sigmas per level: [3, 2, 1, 0]
  regular sampling (percentage = 0.25)

*** Running Euler3DTransform registration ***

DIAGNOSTIC,Iteration,metricValue,convergenceValue,ITERATION_TIME_INDEX,SINCE_LAST
 2DIAGNOSTIC,     1, -5.323241903179e-01, 1.797693134862e+308, 7.8839e-01, 7.8839e-01, 
 2DIAGNOSTIC,     2, -5.346190553927e-01, 1.797693134862e+308, 7.9299e-01, 4.6000e-03, 
 2DIAGNOSTIC,     3, -5.378036555361e-01, 1.797693134862e+308, 7.9790e-01, 4.9019e-03, 
 2DIAGNOSTIC,     4, -5.422949451405e-01, 1.797693134862e+308, 8.0236e-01, 4.4599e-03, 
 2DIAGNOSTIC,     5, -5.486805952477e-01, 1.797693134862e+308, 8.0829e-01, 5.9299e-03, 
 2DIAGNOSTIC,     6, -5.542790085272e-01, 1.797693134862e+308, 8.1283e-01, 4.5471e-03, 
 2DIAGNOSTIC,     7, -5.627123115611e-01, 1.797693134862e+308, 8.1741e-01, 4.5760e-03, 
 2DIAGNOSTIC,     8, -5.766609943856e-01, 1.797693134862e+308, 8.2214e-01, 4.7309e-03, 
 2DIAGNOSTIC,     9, -5.881111419397e-01, 1.797693134862e+308, 8.2674e-01, 4.6031e-03, 
 2DIAGNOSTIC,    10, -6.012927005665e-01, 7.820055967720e-03, 8.3285e-01, 6.1090e-03, 
 2DIAGNOSTIC,    11, -6.192402913588e-01, 8.564422673927e-03, 8.4081e-01, 7.9579e-03, 
 2DIAGNOSTIC,    12, -6.197111897440e-01, 8.513711436485e-03, 8.4538e-01, 4.5750e-03, 
 2DIAGNOSTIC,    13, -6.223136777511e-01, 7.932305190636e-03, 8.4979e-01, 4.4060e-03, 
 2DIAGNOSTIC,    14, -6.239859078534e-01, 6.938967258809e-03, 8.5426e-01, 4.4680e-03, 
 2DIAGNOSTIC,    15, -6.258731029038e-01, 5.722268374549e-03, 8.5886e-01, 4.6051e-03, 
 2DIAGNOSTIC,    16, -6.290042957049e-01, 4.404898010752e-03, 8.6340e-01, 4.5340e-03, 
 2DIAGNOSTIC,    17, -6.327399548202e-01, 3.192249458129e-03, 8.6915e-01, 5.7490e-03, 
 2DIAGNOSTIC,    18, -6.361770329222e-01, 2.298162514761e-03, 8.7509e-01, 5.9390e-03, 
 2DIAGNOSTIC,    19, -6.381920795000e-01, 1.629119691565e-03, 8.8045e-01, 5.3689e-03, 
 2DIAGNOSTIC,    20, -6.414786468700e-01, 1.264281191360e-03, 8.8514e-01, 4.6861e-03, 
 2DIAGNOSTIC,    21, -6.422621311637e-01, 1.244231354826e-03, 8.8975e-01, 4.6101e-03, 
 2DIAGNOSTIC,    22, -6.443386369801e-01, 1.164065699789e-03, 8.9432e-01, 4.5660e-03, 
 2DIAGNOSTIC,    23, -6.458367311100e-01, 1.066297096170e-03, 8.9949e-01, 5.1770e-03, 
 2DIAGNOSTIC,    24, -6.528535017164e-01, 1.047817945889e-03, 9.0502e-01, 5.5220e-03, 
 2DIAGNOSTIC,    25, -6.591704567375e-01, 1.083081270737e-03, 9.1165e-01, 6.6350e-03, 
 2DIAGNOSTIC,    26, -6.605963666663e-01, 1.093549192330e-03, 9.1706e-01, 5.4078e-03, 
 2DIAGNOSTIC,    27, -6.608439804035e-01, 1.070984923055e-03, 9.2175e-01, 4.6909e-03, 
 2DIAGNOSTIC,    28, -6.615671815092e-01, 1.019502607840e-03, 9.2639e-01, 4.6399e-03, 
 2DIAGNOSTIC,    29, -6.628794668535e-01, 9.260608152111e-04, 9.3117e-01, 4.7820e-03, 
 2DIAGNOSTIC,    30, -6.728294534745e-01, 9.537363757487e-04, 9.3765e-01, 6.4821e-03, 
 2DIAGNOSTIC,    31, -6.735478053117e-01, 9.084133211900e-04, 9.4233e-01, 4.6780e-03, 
 2DIAGNOSTIC,    32, -6.743491431179e-01, 8.254103562708e-04, 9.4702e-01, 4.6840e-03, 
 2DIAGNOSTIC,    33, -6.778518199451e-01, 7.396578026312e-04, 9.5185e-01, 4.8308e-03, 
 2DIAGNOSTIC,    34, -6.872953126705e-01, 8.064164469652e-04, 9.6300e-01, 1.1152e-02, 
 2DIAGNOSTIC,    35, -6.877326244036e-01, 8.751655041320e-04, 9.6850e-01, 5.5020e-03, 
 2DIAGNOSTIC,    36, -6.893218913476e-01, 8.964349774766e-04, 9.7386e-01, 5.3570e-03, 
 2DIAGNOSTIC,    37, -6.927389171775e-01, 8.791546867316e-04, 9.7930e-01, 5.4400e-03, 
 2DIAGNOSTIC,    38, -7.010263441872e-01, 8.853826096339e-04, 9.8469e-01, 5.3961e-03, 
 2DIAGNOSTIC,    39, -7.063974376561e-01, 8.771622739778e-04, 9.9013e-01, 5.4350e-03, 
 2DIAGNOSTIC,    40, -7.084274113059e-01, 9.204292587515e-04, 9.9531e-01, 5.1801e-03, 
 2DIAGNOSTIC,    41, -7.161066383391e-01, 9.682038228903e-04, 1.0020e+00, 6.7019e-03, 
 2DIAGNOSTIC,    42, -7.193570748744e-01, 9.623134126205e-04, 1.0097e+00, 7.6740e-03, 
 2DIAGNOSTIC,    43, -7.222540751851e-01, 9.272979853980e-04, 1.0152e+00, 5.4958e-03, 
 2DIAGNOSTIC,    44, -7.286148949961e-01, 9.649275806159e-04, 1.0202e+00, 5.0259e-03, 
 2DIAGNOSTIC,    45, -7.391734443490e-01, 1.015869892960e-03, 1.0251e+00, 4.9300e-03, 
 2DIAGNOSTIC,    46, -7.438943780860e-01, 1.025412808918e-03, 1.0300e+00, 4.8470e-03, 
 2DIAGNOSTIC,    47, -7.510508212394e-01, 1.033887988022e-03, 1.0382e+00, 8.1952e-03, 
 2DIAGNOSTIC,    48, -7.533672894911e-01, 1.039254457093e-03, 1.0428e+00, 4.6000e-03, 
 2DIAGNOSTIC,    49, -7.538696165053e-01, 9.976368930112e-04, 1.0473e+00, 4.5061e-03, 
 2DIAGNOSTIC,    50, -7.556832432884e-01, 8.940781080909e-04, 1.0524e+00, 5.1260e-03, 
 2DIAGNOSTIC,    51, -7.575800547703e-01, 7.901347427561e-04, 1.0575e+00, 5.0650e-03, 
 2DIAGNOSTIC,    52, -7.582439619573e-01, 6.477285382356e-04, 1.0637e+00, 6.1891e-03, 
 2DIAGNOSTIC,    53, -7.587364701646e-01, 4.770028462894e-04, 1.0682e+00, 4.5440e-03, 
 2DIAGNOSTIC,    54, -7.593163568219e-01, 3.220812655334e-04, 1.0732e+00, 5.0399e-03, 
 2DIAGNOSTIC,    55, -7.600992703511e-01, 2.307163501110e-04, 1.0783e+00, 5.0271e-03, 
 2DIAGNOSTIC,    56, -7.602248161581e-01, 1.563339091693e-04, 1.0833e+00, 4.9860e-03, 
 2DIAGNOSTIC,    57, -7.601222327210e-01, 1.224548760830e-04, 1.0878e+00, 4.5190e-03, 
 2DIAGNOSTIC,    58, -7.606483177588e-01, 9.936086753879e-05, 1.0930e+00, 5.1830e-03, 
 2DIAGNOSTIC,    59, -7.606833690538e-01, 7.120600564145e-05, 1.0985e+00, 5.5361e-03, 
 2DIAGNOSTIC,    60, -7.606153263920e-01, 4.929025699709e-05, 1.1049e+00, 6.3722e-03, 
 2DIAGNOSTIC,    61, -7.614645750858e-01, 4.253219535268e-05, 1.1135e+00, 8.6122e-03, 
 2DIAGNOSTIC,    62, -7.615685428093e-01, 3.707579285279e-05, 1.1182e+00, 4.6780e-03, 
 2DIAGNOSTIC,    63, -7.615039477260e-01, 3.111293390590e-05, 1.1234e+00, 5.2230e-03, 
 2DIAGNOSTIC,    64, -7.615623444053e-01, 2.655613293054e-05, 1.1285e+00, 5.1129e-03, 
 2DIAGNOSTIC,    65, -7.614671636086e-01, 2.409342103969e-05, 1.1333e+00, 4.8289e-03, 
 2DIAGNOSTIC,    66, -7.613780975999e-01, 1.966734361134e-05, 1.1389e+00, 5.5361e-03, 
 2DIAGNOSTIC,    67, -7.614073686869e-01, 1.297974536927e-05, 1.1434e+00, 4.5209e-03, 
 2DIAGNOSTIC,    68, -7.613069613913e-01, 7.976668029382e-06, 1.1480e+00, 4.6542e-03, 
 2DIAGNOSTIC,    69, -7.613184432306e-01, 2.790179619790e-06, 1.1527e+00, 4.6451e-03, 
DIAGNOSTIC,Iteration,metricValue,convergenceValue,ITERATION_TIME_INDEX,SINCE_LAST
 2DIAGNOSTIC,     1, -6.040731260508e-01, 1.797693134862e+308, 1.8960e+00, 7.4328e-01, 
 2DIAGNOSTIC,     2, -6.049871538998e-01, 1.797693134862e+308, 1.9255e+00, 2.9525e-02, 
 2DIAGNOSTIC,     3, -6.063536721941e-01, 1.797693134862e+308, 1.9540e+00, 2.8509e-02, 
 2DIAGNOSTIC,     4, -6.078558599517e-01, 1.797693134862e+308, 1.9821e+00, 2.8098e-02, 
 2DIAGNOSTIC,     5, -6.090591519473e-01, 1.797693134862e+308, 2.0105e+00, 2.8368e-02, 
 2DIAGNOSTIC,     6, -6.102550952514e-01, 1.797693134862e+308, 2.0392e+00, 2.8707e-02, 
 2DIAGNOSTIC,     7, -6.120047029037e-01, 1.797693134862e+308, 2.0681e+00, 2.8945e-02, 
 2DIAGNOSTIC,     8, -6.136121293732e-01, 1.797693134862e+308, 2.1060e+00, 3.7861e-02, 
 2DIAGNOSTIC,     9, -6.146599183103e-01, 1.797693134862e+308, 2.1491e+00, 4.3129e-02, 
 2DIAGNOSTIC,    10, -6.149983262296e-01, 1.243245756792e-03, 2.1795e+00, 3.0429e-02, 
 2DIAGNOSTIC,    11, -6.168855508359e-01, 1.130561167501e-03, 2.2115e+00, 3.1961e-02, 
 2DIAGNOSTIC,    12, -6.194853127937e-01, 1.068766472127e-03, 2.2433e+00, 3.1839e-02, 
 2DIAGNOSTIC,    13, -6.197043623461e-01, 9.737538237107e-04, 2.2744e+00, 3.1113e-02, 
 2DIAGNOSTIC,    14, -6.197909700383e-01, 8.582975635745e-04, 2.3123e+00, 3.7820e-02, 
 2DIAGNOSTIC,    15, -6.198589470865e-01, 7.208174906585e-04, 2.3565e+00, 4.4275e-02, 
 2DIAGNOSTIC,    16, -6.198743271530e-01, 5.683668302102e-04, 2.3916e+00, 3.5038e-02, 
 2DIAGNOSTIC,    17, -6.200305770113e-01, 4.317116735379e-04, 2.4256e+00, 3.3993e-02, 
 2DIAGNOSTIC,    18, -6.200895254824e-01, 3.132344753466e-04, 2.4561e+00, 3.0527e-02, 
 2DIAGNOSTIC,    19, -6.201030653647e-01, 2.056359645339e-04, 2.4871e+00, 3.1006e-02, 
 2DIAGNOSTIC,    20, -6.201547516413e-01, 9.855404476704e-05, 2.5216e+00, 3.4461e-02, 
 2DIAGNOSTIC,    21, -6.201754884593e-01, 3.313535814620e-05, 2.5552e+00, 3.3637e-02, 
 2DIAGNOSTIC,    22, -6.201859819130e-01, 2.543319634769e-05, 2.5852e+00, 3.0012e-02, 
 2DIAGNOSTIC,    23, -6.201992913124e-01, 2.078388570922e-05, 2.6162e+00, 3.0998e-02, 
 2DIAGNOSTIC,    24, -6.202398252585e-01, 1.715784279906e-05, 2.6461e+00, 2.9884e-02, 
 2DIAGNOSTIC,    25, -6.204396510546e-01, 1.729290514408e-05, 2.6762e+00, 3.0100e-02, 
 2DIAGNOSTIC,    26, -6.206280701971e-01, 1.936603172172e-05, 2.7067e+00, 3.0533e-02, 
 2DIAGNOSTIC,    27, -6.209650218004e-01, 2.794524827891e-05, 2.7649e+00, 5.8172e-02, 
 2DIAGNOSTIC,    28, -6.209618463790e-01, 3.423727770791e-05, 2.7986e+00, 3.3664e-02, 
 2DIAGNOSTIC,    29, -6.209548882581e-01, 3.714658616600e-05, 2.8322e+00, 3.3674e-02, 
 2DIAGNOSTIC,    30, -6.209383575686e-01, 3.701158534249e-05, 2.8720e+00, 3.9777e-02, 
 2DIAGNOSTIC,    31, -6.209425502299e-01, 3.378969476866e-05, 2.9119e+00, 3.9859e-02, 
 2DIAGNOSTIC,    32, -6.209379109096e-01, 2.770186193399e-05, 2.9639e+00, 5.2058e-02, 
 2DIAGNOSTIC,    33, -6.209305031342e-01, 1.957807641788e-05, 3.0015e+00, 3.7552e-02, 
 2DIAGNOSTIC,    34, -6.209327838605e-01, 1.078192245550e-05, 3.0350e+00, 3.3538e-02, 
 2DIAGNOSTIC,    35, -6.209140574935e-01, 3.921391843402e-06, 3.0695e+00, 3.4445e-02, 
DIAGNOSTIC,Iteration,metricValue,convergenceValue,ITERATION_TIME_INDEX,SINCE_LAST
 2DIAGNOSTIC,     1, -5.341034815775e-01, 1.797693134862e+308, 4.2859e+00, 1.2164e+00, 
 2DIAGNOSTIC,     2, -5.342194069902e-01, 1.797693134862e+308, 4.5409e+00, 2.5504e-01, 
 2DIAGNOSTIC,     3, -5.342719487196e-01, 1.797693134862e+308, 4.8070e+00, 2.6606e-01, 
 2DIAGNOSTIC,     4, -5.343515074025e-01, 1.797693134862e+308, 5.1072e+00, 3.0028e-01, 
 2DIAGNOSTIC,     5, -5.345423726776e-01, 1.797693134862e+308, 5.4206e+00, 3.1335e-01, 
 2DIAGNOSTIC,     6, -5.350918435063e-01, 1.797693134862e+308, 5.7631e+00, 3.4252e-01, 
 2DIAGNOSTIC,     7, -5.358019450876e-01, 1.797693134862e+308, 6.1265e+00, 3.6337e-01, 
 2DIAGNOSTIC,     8, -5.358026062752e-01, 1.797693134862e+308, 6.4170e+00, 2.9046e-01, 
 2DIAGNOSTIC,     9, -5.358014922650e-01, 1.797693134862e+308, 6.7025e+00, 2.8551e-01, 
 2DIAGNOSTIC,    10, -5.357999673502e-01, 2.646225071203e-04, 6.9838e+00, 2.8130e-01, 
 2DIAGNOSTIC,    11, -5.357983583279e-01, 2.268372549870e-04, 7.2759e+00, 2.9219e-01, 
 2DIAGNOSTIC,    12, -5.358064730813e-01, 1.802626087597e-04, 7.5417e+00, 2.6578e-01, 
 2DIAGNOSTIC,    13, -5.358103045999e-01, 1.273760916077e-04, 7.8685e+00, 3.2674e-01, 
 2DIAGNOSTIC,    14, -5.358179681227e-01, 7.449795598949e-05, 8.1456e+00, 2.7709e-01, 
 2DIAGNOSTIC,    15, -5.358265192978e-01, 2.888907501773e-05, 8.3891e+00, 2.4358e-01, 
 2DIAGNOSTIC,    16, -5.358376947386e-01, 4.458072632524e-06, 8.6747e+00, 2.8555e-01, 
 2DIAGNOSTIC,    17, -5.358741413496e-01, 5.982410149340e-06, 8.9698e+00, 2.9508e-01, 
 2DIAGNOSTIC,    18, -5.358877574845e-01, 7.351970187815e-06, 9.2647e+00, 2.9491e-01, 
 2DIAGNOSTIC,    19, -5.358897151222e-01, 8.089395664497e-06, 9.7232e+00, 4.5851e-01, 
 2DIAGNOSTIC,    20, -5.358890844833e-01, 8.118249297487e-06, 1.0070e+01, 3.4722e-01, 
 2DIAGNOSTIC,    21, -5.358880700915e-01, 7.466150673811e-06, 1.0343e+01, 2.7301e-01, 
 2DIAGNOSTIC,    22, -5.358870249666e-01, 6.475563384477e-06, 1.0584e+01, 2.4086e-01, 
 2DIAGNOSTIC,    23, -5.358849185344e-01, 5.133584463503e-06, 1.0831e+01, 2.4634e-01, 
 2DIAGNOSTIC,    24, -5.358839407343e-01, 3.709490228543e-06, 1.1115e+01, 2.8465e-01, 
 2DIAGNOSTIC,    25, -5.358851395176e-01, 2.389699199468e-06, 1.1398e+01, 2.8306e-01, 
 2DIAGNOSTIC,    26, -5.358841342606e-01, 1.255601734515e-06, 1.1684e+01, 2.8576e-01, 
DIAGNOSTIC,Iteration,metricValue,convergenceValue,ITERATION_TIME_INDEX,SINCE_LAST
 2DIAGNOSTIC,     1, -4.896287501432e-01, 1.797693134862e+308, 1.4405e+01, 2.7206e+00, 
 2DIAGNOSTIC,     2, -4.896331610621e-01, 1.797693134862e+308, 1.6037e+01, 1.6328e+00, 
 2DIAGNOSTIC,     3, -4.896458827690e-01, 1.797693134862e+308, 1.8069e+01, 2.0317e+00, 
 2DIAGNOSTIC,     4, -4.896773037051e-01, 1.797693134862e+308, 2.0220e+01, 2.1511e+00, 
 2DIAGNOSTIC,     5, -4.896764151609e-01, 1.797693134862e+308, 2.1737e+01, 1.5171e+00, 
 2DIAGNOSTIC,     6, -4.896950519739e-01, 1.797693134862e+308, 2.3237e+01, 1.4991e+00, 
 2DIAGNOSTIC,     7, -4.897354406996e-01, 1.797693134862e+308, 2.5421e+01, 2.1849e+00, 
 2DIAGNOSTIC,     8, -4.897465005911e-01, 1.797693134862e+308, 2.7423e+01, 2.0013e+00, 
 2DIAGNOSTIC,     9, -4.897484775874e-01, 1.797693134862e+308, 2.9165e+01, 1.7421e+00, 
 2DIAGNOSTIC,    10, -4.897497258798e-01, 2.190330210468e-05, 3.1383e+01, 2.2178e+00, 
 2DIAGNOSTIC,    11, -4.897499953069e-01, 1.855754612896e-05, 3.2976e+01, 1.5933e+00, 
 2DIAGNOSTIC,    12, -4.897507336547e-01, 1.457743754790e-05, 3.4539e+01, 1.5628e+00, 
 2DIAGNOSTIC,    13, -4.897516676085e-01, 1.070004180949e-05, 3.6237e+01, 1.6984e+00, 
 2DIAGNOSTIC,    14, -4.897517575171e-01, 7.967107676102e-06, 3.7726e+01, 1.4889e+00, 
 2DIAGNOSTIC,    15, -4.897519557174e-01, 5.056787809862e-06, 3.9915e+01, 2.1891e+00, 
 2DIAGNOSTIC,    16, -4.897518598879e-01, 2.877520337313e-06, 4.2061e+01, 2.1457e+00, 
 2DIAGNOSTIC,    17, -4.897514254496e-01, 2.227099241824e-06, 4.3662e+01, 1.6013e+00, 
 2DIAGNOSTIC,    18, -4.897513284188e-01, 1.968204717907e-06, 4.5154e+01, 1.4919e+00, 
 2DIAGNOSTIC,    19, -4.897511080376e-01, 1.770680134239e-06, 4.6700e+01, 1.5461e+00, 
 2DIAGNOSTIC,    20, -4.897510039165e-01, 1.617478558681e-06, 4.8013e+01, 1.3134e+00, 
 2DIAGNOSTIC,    21, -4.897507919198e-01, 1.477751974857e-06, 4.9525e+01, 1.5112e+00, 
 2DIAGNOSTIC,    22, -4.897509287228e-01, 1.376929118821e-06, 5.0857e+01, 1.3326e+00, 
 2DIAGNOSTIC,    23, -4.897506032754e-01, 1.306542444970e-06, 5.2343e+01, 1.4859e+00, 
 2DIAGNOSTIC,    24, -4.897505261863e-01, 1.249461810869e-06, 5.3999e+01, 1.6559e+00, 
 2DIAGNOSTIC,    25, -4.897504551820e-01, 1.207034571502e-06, 5.5481e+01, 1.4821e+00, 
 2DIAGNOSTIC,    26, -4.897503672509e-01, 1.170077509639e-06, 5.6984e+01, 1.5032e+00, 
 2DIAGNOSTIC,    27, -4.897502918576e-01, 1.129901718425e-06, 5.8494e+01, 1.5094e+00, 
 2DIAGNOSTIC,    28, -4.897502014772e-01, 1.093407728955e-06, 5.9863e+01, 1.3691e+00, 
 2DIAGNOSTIC,    29, -4.897499989444e-01, 1.055114936852e-06, 6.2077e+01, 2.2137e+00, 
 2DIAGNOSTIC,    30, -4.897500182429e-01, 1.021837863178e-06, 6.3582e+01, 1.5054e+00, 
  Elapsed time (stage 0): 6.4484e+01


Total elapsed time: 6.4487e+01
Info [verificarlo]: loaded backend libinterflop_ieee.so
Info [interflop-ieee]: load backend with:
Info [interflop-ieee]: debug = false
Info [interflop-ieee]: debug-binary = false
Info [interflop-ieee]: no-backend-name = false
Info [interflop-ieee]: print-new-line = false
Info [interflop-ieee]: print-subnormal-normalized = false
Info [interflop-ieee]: count-op = false
All_Command_lines_OK
Using double precision for computations.
=============================================================================
The composite transform comprises the following transforms (in order): 
  1. /home/mdugre/scratch/mri-registration-rp/datasets/ds004513/derivatives/mri-registration-rp/0000/antsRegistration-binary64/sub-s025/rigid_Composite.h5[0] (type = Euler3DTransform)
  2. /home/mdugre/scratch/mri-registration-rp/datasets/ds004513/derivatives/mri-registration-rp/0000/antsRegistration-binary64/sub-s025/rigid_Composite.h5[1] (type = Euler3DTransform)
  3. /home/mdugre/scratch/mri-registration-rp/datasets/ds004513/derivatives/mri-registration-rp/0000/antsRegistration-binary64/sub-s025/rigid_Composite.h5[2] (type = Euler3DTransform)
=============================================================================
  number of levels = 4
  fixed image: /templateflow/tpl-MNI152NLin2009cAsym/tpl-MNI152NLin2009cAsym_res-01_desc-brain_T1w.nii.gz
  moving image: /home/mdugre/scratch/mri-registration-rp/datasets/ds004513/derivatives/mri-registration-rp/antsBrainExtraction/sub-s025/BrainExtractionBrain.nii.gz
Dimension = 3
Number of stages = 1
Use histogram matching = false
Winsorize image intensities = true
  Lower quantile = 0.005
  Upper quantile = 0.995


Stage 1 State
   Image metric = MattesMI
     Fixed image = Image (0x343c7e0)
  RTTI typeinfo:   itk::Image<double, 3u>
  Reference Count: 2
  Modified Time: 1594
  Debug: Off
  Object Name: 
  Observers: 
    none
  Source: (none)
  Source output name: (none)
  Release Data: Off
  Data Released: False
  Global Release Data: Off
  PipelineMTime: 0
  UpdateMTime: 1203
  RealTimeStamp: 0 seconds 
  LargestPossibleRegion: 
    Dimension: 3
    Index: [0, 0, 0]
    Size: [193, 229, 193]
  BufferedRegion: 
    Dimension: 3
    Index: [0, 0, 0]
    Size: [193, 229, 193]
  RequestedRegion: 
    Dimension: 3
    Index: [0, 0, 0]
    Size: [193, 229, 193]
  Spacing: [1, 1, 1]
  Origin: [96, 132, -78]
  Direction: 
-1 0 0
0 -1 0
0 0 1

  IndexToPointMatrix: 
-1 0 0
0 -1 0
0 0 1

  PointToIndexMatrix: 
-1 0 0
0 -1 0
0 0 1

  Inverse Direction: 
-1 0 0
0 -1 0
0 0 1

  PixelContainer: 
    ImportImageContainer (0x34fca20)
      RTTI typeinfo:   itk::ImportImageContainer<unsigned long, double>
      Reference Count: 1
      Modified Time: 1200
      Debug: Off
      Object Name: 
      Observers: 
        none
      Pointer: 0x1491a4275010
      Container manages memory: true
      Size: 8530021
      Capacity: 8530021

     Moving image = Image (0x34f80a0)
  RTTI typeinfo:   itk::Image<double, 3u>
  Reference Count: 2
  Modified Time: 1595
  Debug: Off
  Object Name: 
  Observers: 
    none
  Source: (none)
  Source output name: (none)
  Release Data: Off
  Data Released: False
  Global Release Data: Off
  PipelineMTime: 0
  UpdateMTime: 1592
  RealTimeStamp: 0 seconds 
  LargestPossibleRegion: 
    Dimension: 3
    Index: [0, 0, 0]
    Size: [176, 240, 256]
  BufferedRegion: 
    Dimension: 3
    Index: [0, 0, 0]
    Size: [176, 240, 256]
  RequestedRegion: 
    Dimension: 3
    Index: [0, 0, 0]
    Size: [176, 240, 256]
  Spacing: [0.999999, 1, 1]
  Origin: [90.3778, 84.5091, -154.071]
  Direction: 
-0.999391 7.48184e-06 -0.0348969
-7.47664e-06 -1 -2.7953e-07
-0.0348969 -1.84481e-08 0.999391

  IndexToPointMatrix: 
-0.99939 7.48184e-06 -0.0348969
-7.47663e-06 -1 -2.7953e-07
-0.0348968 -1.84481e-08 0.999391

  PointToIndexMatrix: 
-0.999392 -7.47665e-06 -0.0348969
7.48184e-06 -1 -1.84481e-08
-0.0348969 -2.7953e-07 0.999391

  Inverse Direction: 
-0.999391 -7.47664e-06 -0.0348969
7.48184e-06 -1 -1.84481e-08
-0.0348969 -2.7953e-07 0.999391

  PixelContainer: 
    ImportImageContainer (0x34b20d0)
      RTTI typeinfo:   itk::ImportImageContainer<unsigned long, double>
      Reference Count: 1
      Modified Time: 1589
      Debug: Off
      Object Name: 
      Observers: 
        none
      Pointer: 0x14919eff4010
      Container manages memory: true
      Size: 10813440
      Capacity: 10813440

     Weighting = 1
     Sampling strategy = regular
     Number of bins = 32
     Radius = 4
     Sampling percentage  = 0.25
   Transform = Affine
     Gradient step = 0.1
     Update field sigma (voxel space) = 0
     Total field sigma (voxel space) = 0
     Update field time sigma = 0
     Total field time sigma  = 0
     Number of time indices = 0
     Number of time point samples = 0
Registration using 1 total stages.

Stage 0
  iterations = 1000x500x250x100
  convergence threshold = 1e-06
  convergence window size = 10
  number of levels = 4
  using the Mattes MI metric (number of bins = 32, weight = 1, use gradient filter = 0)
  preprocessing:  winsorizing the image intensities
  Shrink factors (level 1 out of 4): [8, 8, 8]
  Shrink factors (level 2 out of 4): [4, 4, 4]
  Shrink factors (level 3 out of 4): [2, 2, 2]
  Shrink factors (level 4 out of 4): [1, 1, 1]
  smoothing sigmas per level: [3, 2, 1, 0]
  regular sampling (percentage = 0.25)

*** Running AffineTransform registration ***

DIAGNOSTIC,Iteration,metricValue,convergenceValue,ITERATION_TIME_INDEX,SINCE_LAST
 2DIAGNOSTIC,     1, -7.472192396464e-01, 1.797693134862e+308, 1.0155e+00, 1.0155e+00, 
 2DIAGNOSTIC,     2, -7.490827036434e-01, 1.797693134862e+308, 1.0216e+00, 6.0570e-03, 
 2DIAGNOSTIC,     3, -7.523917188764e-01, 1.797693134862e+308, 1.0285e+00, 6.9549e-03, 
 2DIAGNOSTIC,     4, -7.573774823167e-01, 1.797693134862e+308, 1.0350e+00, 6.4940e-03, 
 2DIAGNOSTIC,     5, -7.649157876215e-01, 1.797693134862e+308, 1.0408e+00, 5.7561e-03, 
 2DIAGNOSTIC,     6, -7.782895463510e-01, 1.797693134862e+308, 1.0463e+00, 5.4841e-03, 
 2DIAGNOSTIC,     7, -8.008871693296e-01, 1.797693134862e+308, 1.0535e+00, 7.2141e-03, 
 2DIAGNOSTIC,     8, -8.668633206985e-01, 1.797693134862e+308, 1.0619e+00, 8.3711e-03, 
 2DIAGNOSTIC,     9, -9.028954075194e-01, 1.797693134862e+308, 1.0676e+00, 5.7871e-03, 
 2DIAGNOSTIC,    10, -9.218680336062e-01, 1.456097409295e-02, 1.0746e+00, 6.9880e-03, 
 2DIAGNOSTIC,    11, -9.264197653672e-01, 1.517932163736e-02, 1.0811e+00, 6.4380e-03, 
 2DIAGNOSTIC,    12, -9.306426341832e-01, 1.450773234105e-02, 1.0877e+00, 6.6628e-03, 
 2DIAGNOSTIC,    13, -9.341542549535e-01, 1.280530271822e-02, 1.0947e+00, 6.9249e-03, 
 2DIAGNOSTIC,    14, -9.364302373714e-01, 1.037945760356e-02, 1.1009e+00, 6.2358e-03, 
 2DIAGNOSTIC,    15, -9.375609282562e-01, 7.576252102211e-03, 1.1089e+00, 7.9839e-03, 
 2DIAGNOSTIC,    16, -9.382547879588e-01, 4.774108322398e-03, 1.1147e+00, 5.8451e-03, 
 2DIAGNOSTIC,    17, -9.384063811129e-01, 2.315356859554e-03, 1.1212e+00, 6.4940e-03, 
 2DIAGNOSTIC,    18, -9.386046731064e-01, 1.138453138841e-03, 1.1277e+00, 6.5351e-03, 
 2DIAGNOSTIC,    19, -9.385636917154e-01, 6.042575022535e-04, 1.1350e+00, 7.2701e-03, 
 2DIAGNOSTIC,    20, -9.384843208704e-01, 3.797972452556e-04, 1.1415e+00, 6.4709e-03, 
 2DIAGNOSTIC,    21, -9.384186242938e-01, 2.119263912798e-04, 1.1477e+00, 6.2220e-03, 
 2DIAGNOSTIC,    22, -9.383510603703e-01, 1.012064826461e-04, 1.1537e+00, 5.9991e-03, 
 2DIAGNOSTIC,    23, -9.383227673112e-01, 3.982316219572e-05, 1.1601e+00, 6.3970e-03, 
 2DIAGNOSTIC,    24, -9.383975410684e-01, 1.158492108520e-05, 1.1659e+00, 5.8379e-03, 
DIAGNOSTIC,Iteration,metricValue,convergenceValue,ITERATION_TIME_INDEX,SINCE_LAST
 2DIAGNOSTIC,     1, -7.511112794769e-01, 1.797693134862e+308, 2.0479e+00, 8.8197e-01, 
 2DIAGNOSTIC,     2, -7.513509214858e-01, 1.797693134862e+308, 2.0971e+00, 4.9204e-02, 
 2DIAGNOSTIC,     3, -7.515754360804e-01, 1.797693134862e+308, 2.1443e+00, 4.7200e-02, 
 2DIAGNOSTIC,     4, -7.519684760538e-01, 1.797693134862e+308, 2.1840e+00, 3.9683e-02, 
 2DIAGNOSTIC,     5, -7.527725261968e-01, 1.797693134862e+308, 2.2249e+00, 4.0876e-02, 
 2DIAGNOSTIC,     6, -7.541061043744e-01, 1.797693134862e+308, 2.2868e+00, 6.1878e-02, 
 2DIAGNOSTIC,     7, -7.540775112552e-01, 1.797693134862e+308, 2.3480e+00, 6.1262e-02, 
 2DIAGNOSTIC,     8, -7.540851422084e-01, 1.797693134862e+308, 2.3951e+00, 4.7038e-02, 
 2DIAGNOSTIC,     9, -7.540961846036e-01, 1.797693134862e+308, 2.4369e+00, 4.1810e-02, 
 2DIAGNOSTIC,    10, -7.540749233725e-01, 3.175816122011e-04, 2.4761e+00, 3.9217e-02, 
 2DIAGNOSTIC,    11, -7.540732856663e-01, 2.433426352156e-04, 2.5136e+00, 3.7523e-02, 
 2DIAGNOSTIC,    12, -7.540942591033e-01, 1.683457869775e-04, 2.5507e+00, 3.7144e-02, 
 2DIAGNOSTIC,    13, -7.541270388363e-01, 9.796547066886e-05, 2.5919e+00, 4.1199e-02, 
 2DIAGNOSTIC,    14, -7.541621001018e-01, 4.029018151959e-05, 2.6361e+00, 4.4182e-02, 
 2DIAGNOSTIC,    15, -7.541680373581e-01, 6.249667385674e-06, 2.6771e+00, 4.0963e-02, 
 2DIAGNOSTIC,    16, -7.541704217449e-01, 7.634707934218e-06, 2.7190e+00, 4.1890e-02, 
 2DIAGNOSTIC,    17, -7.541953074061e-01, 8.247427992068e-06, 2.7562e+00, 3.7235e-02, 
 2DIAGNOSTIC,    18, -7.541976371340e-01, 8.371035494337e-06, 2.8035e+00, 4.7294e-02, 
 2DIAGNOSTIC,    19, -7.541990045396e-01, 8.125480480431e-06, 2.8495e+00, 4.6017e-02, 
 2DIAGNOSTIC,    20, -7.541913367301e-01, 6.778281174000e-06, 2.9070e+00, 5.7477e-02, 
 2DIAGNOSTIC,    21, -7.541944522822e-01, 5.111573201981e-06, 2.9577e+00, 5.0698e-02, 
 2DIAGNOSTIC,    22, -7.541760216366e-01, 3.286974039445e-06, 3.0037e+00, 4.5957e-02, 
 2DIAGNOSTIC,    23, -7.541785111762e-01, 2.017576075493e-06, 3.0521e+00, 4.8425e-02, 
 2DIAGNOSTIC,    24, -7.542049335566e-01, 1.761028711793e-06, 3.0939e+00, 4.1852e-02, 
 2DIAGNOSTIC,    25, -7.542243004015e-01, 1.856167410427e-06, 3.1406e+00, 4.6665e-02, 
 2DIAGNOSTIC,    26, -7.542284538971e-01, 1.972196840255e-06, 3.1795e+00, 3.8867e-02, 
 2DIAGNOSTIC,    27, -7.542270447105e-01, 2.346264154435e-06, 3.2254e+00, 4.5974e-02, 
 2DIAGNOSTIC,    28, -7.542475688952e-01, 2.894654494948e-06, 3.2669e+00, 4.1409e-02, 
 2DIAGNOSTIC,    29, -7.542620509562e-01, 3.430860678486e-06, 3.3152e+00, 4.8367e-02, 
 2DIAGNOSTIC,    30, -7.542642864402e-01, 3.631061256011e-06, 3.3719e+00, 5.6730e-02, 
 2DIAGNOSTIC,    31, -7.542420021897e-01, 3.357708667891e-06, 3.4082e+00, 3.6274e-02, 
 2DIAGNOSTIC,    32, -7.542090805253e-01, 2.291967478606e-06, 3.4516e+00, 4.3346e-02, 
 2DIAGNOSTIC,    33, -7.542078081269e-01, 1.180079608344e-06, 3.4870e+00, 3.5397e-02, 
DIAGNOSTIC,Iteration,metricValue,convergenceValue,ITERATION_TIME_INDEX,SINCE_LAST
 2DIAGNOSTIC,     1, -6.420612633300e-01, 1.797693134862e+308, 4.8381e+00, 1.3511e+00, 
 2DIAGNOSTIC,     2, -6.424453986143e-01, 1.797693134862e+308, 5.1755e+00, 3.3738e-01, 
 2DIAGNOSTIC,     3, -6.428381734934e-01, 1.797693134862e+308, 5.5035e+00, 3.2804e-01, 
 2DIAGNOSTIC,     4, -6.432953158621e-01, 1.797693134862e+308, 5.8582e+00, 3.5469e-01, 
 2DIAGNOSTIC,     5, -6.442241459176e-01, 1.797693134862e+308, 6.1565e+00, 2.9831e-01, 
 2DIAGNOSTIC,     6, -6.451781632375e-01, 1.797693134862e+308, 6.7026e+00, 5.4604e-01, 
 2DIAGNOSTIC,     7, -6.451939918957e-01, 1.797693134862e+308, 7.1655e+00, 4.6295e-01, 
 2DIAGNOSTIC,     8, -6.451955706105e-01, 1.797693134862e+308, 7.5418e+00, 3.7629e-01, 
 2DIAGNOSTIC,     9, -6.451988345066e-01, 1.797693134862e+308, 7.8485e+00, 3.0666e-01, 
 2DIAGNOSTIC,    10, -6.451952541180e-01, 3.667211514463e-04, 8.1781e+00, 3.2962e-01, 
 2DIAGNOSTIC,    11, -6.451972586367e-01, 2.677565561576e-04, 8.5255e+00, 3.4745e-01, 
 2DIAGNOSTIC,    12, -6.451934221714e-01, 1.757467505355e-04, 9.0451e+00, 5.1962e-01, 
 2DIAGNOSTIC,    13, -6.451942283803e-01, 9.610064082688e-05, 9.3892e+00, 3.4406e-01, 
 2DIAGNOSTIC,    14, -6.451936049068e-01, 3.325177246781e-05, 9.7352e+00, 3.4595e-01, 
 2DIAGNOSTIC,    15, -6.451912664230e-01, 2.406178190750e-06, 1.0034e+01, 2.9899e-01, 
 2DIAGNOSTIC,    16, -6.451892855477e-01, 1.625032522337e-06, 1.0359e+01, 3.2442e-01, 
 2DIAGNOSTIC,    17, -6.451888988103e-01, 1.370248117818e-06, 1.0680e+01, 3.2188e-01, 
 2DIAGNOSTIC,    18, -6.451887075975e-01, 1.220517182647e-06, 1.1034e+01, 3.5390e-01, 
 2DIAGNOSTIC,    19, -6.451876102696e-01, 1.188793017526e-06, 1.1360e+01, 3.2573e-01, 
 2DIAGNOSTIC,    20, -6.451858837633e-01, 1.088094536070e-06, 1.1652e+01, 2.9186e-01, 
 2DIAGNOSTIC,    21, -6.451863623019e-01, 1.099959891025e-06, 1.1975e+01, 3.2310e-01, 
 2DIAGNOSTIC,    22, -6.451839780558e-01, 1.022802871835e-06, 1.2288e+01, 3.1275e-01, 
 2DIAGNOSTIC,    23, -6.451838210965e-01, 1.004723963784e-06, 1.2602e+01, 3.1430e-01, 
DIAGNOSTIC,Iteration,metricValue,convergenceValue,ITERATION_TIME_INDEX,SINCE_LAST
 2DIAGNOSTIC,     1, -5.765439809708e-01, 1.797693134862e+308, 1.5550e+01, 2.9480e+00, 
 2DIAGNOSTIC,     2, -5.769401268470e-01, 1.797693134862e+308, 1.7353e+01, 1.8025e+00, 
 2DIAGNOSTIC,     3, -5.773924042583e-01, 1.797693134862e+308, 1.9103e+01, 1.7508e+00, 
 2DIAGNOSTIC,     4, -5.779267058684e-01, 1.797693134862e+308, 2.0673e+01, 1.5692e+00, 
 2DIAGNOSTIC,     5, -5.785149540869e-01, 1.797693134862e+308, 2.2227e+01, 1.5541e+00, 
 2DIAGNOSTIC,     6, -5.795609277917e-01, 1.797693134862e+308, 2.5381e+01, 3.1548e+00, 
 2DIAGNOSTIC,     7, -5.795606499240e-01, 1.797693134862e+308, 2.7310e+01, 1.9287e+00, 
 2DIAGNOSTIC,     8, -5.795601660534e-01, 1.797693134862e+308, 2.9581e+01, 2.2708e+00, 
 2DIAGNOSTIC,     9, -5.795603163104e-01, 1.797693134862e+308, 3.2032e+01, 2.4510e+00, 
 2DIAGNOSTIC,    10, -5.795603136323e-01, 3.845619187228e-04, 3.3806e+01, 1.7737e+00, 
 2DIAGNOSTIC,    11, -5.795602623809e-01, 2.774680825754e-04, 3.5838e+01, 2.0328e+00, 
 2DIAGNOSTIC,    12, -5.795600609406e-01, 1.798043137214e-04, 3.7603e+01, 1.7647e+00, 
 2DIAGNOSTIC,    13, -5.795599748356e-01, 9.860905952104e-05, 3.9215e+01, 1.6123e+00, 
 2DIAGNOSTIC,    14, -5.795597826792e-01, 3.887838383035e-05, 4.1059e+01, 1.8432e+00, 
 2DIAGNOSTIC,    15, -5.795600419307e-01, 2.060854966665e-06, 4.2842e+01, 1.7837e+00, 
 2DIAGNOSTIC,    16, -5.795600208621e-01, 1.950367756201e-06, 4.4439e+01, 1.5964e+00, 
 2DIAGNOSTIC,    17, -5.795597882168e-01, 1.842415352803e-06, 4.6594e+01, 2.1548e+00, 
 2DIAGNOSTIC,    18, -5.795599073889e-01, 1.739592731878e-06, 4.8616e+01, 2.0222e+00, 
 2DIAGNOSTIC,    19, -5.795598340077e-01, 1.652113131717e-06, 5.0501e+01, 1.8854e+00, 
 2DIAGNOSTIC,    20, -5.795597332905e-01, 1.572901151943e-06, 5.2277e+01, 1.7755e+00, 
