
##########################
# Experiment information #
##########################

EXPERIMENT_NAME: antsRegistration-binary64
VFC_BACKENDS: libinterflop_ieee.so

SIF_IMG: /home/mdugre/projects/rrg-glatard/mdugre/containers/ants-vprec-no_metrics.simg

SUBJECT_ID: s003
INPUT_IMG: /home/mdugre/scratch/mri-registration-rp/datasets/ds004513/derivatives/mri-registration-rp/antsBrainExtraction/sub-s003/BrainExtractionBrain.nii.gz
OUTPUT_DIR: /home/mdugre/scratch/mri-registration-rp/datasets/ds004513/derivatives/mri-registration-rp/0000/antsRegistration-binary64/sub-s003

FIXED_IMG: /templateflow/tpl-MNI152NLin2009cAsym/tpl-MNI152NLin2009cAsym_res-01_desc-brain_T1w.nii.gz
DATA_DIR: /home/mdugre/scratch/mri-registration-rp/datasets/ds004513
TEMPLATEFLOW_DIR: /home/mdugre/projects/rrg-glatard/mdugre/templateflow
ITK_GLOBAL_DEFAULT_NUMBER_OF_THREADS: 16
##########################

Info [verificarlo]: loaded backend libinterflop_ieee.so
Info [interflop-ieee]: load backend with:
Info [interflop-ieee]: debug = false
Info [interflop-ieee]: debug-binary = false
Info [interflop-ieee]: no-backend-name = false
Info [interflop-ieee]: print-new-line = false
Info [interflop-ieee]: print-subnormal-normalized = false
Info [interflop-ieee]: count-op = false
All_Command_lines_OK
Using double precision for computations.
=============================================================================
The composite transform comprises the following transforms (in order): 
  1. Center of mass alignment using fixed image: /templateflow/tpl-MNI152NLin2009cAsym/tpl-MNI152NLin2009cAsym_res-01_desc-brain_T1w.nii.gz and moving image: /home/mdugre/scratch/mri-registration-rp/datasets/ds004513/derivatives/mri-registration-rp/antsBrainExtraction/sub-s003/BrainExtractionBrain.nii.gz (type = Euler3DTransform)
=============================================================================
  number of levels = 1
  fixed image: /templateflow/tpl-MNI152NLin2009cAsym/tpl-MNI152NLin2009cAsym_res-01_desc-brain_T1w.nii.gz
  moving image: /home/mdugre/scratch/mri-registration-rp/datasets/ds004513/derivatives/mri-registration-rp/antsBrainExtraction/sub-s003/BrainExtractionBrain.nii.gz
Dimension = 3
Number of stages = 1
Use histogram matching = false
Winsorize image intensities = true
  Lower quantile = 0.005
  Upper quantile = 0.995


Stage 1 State
   Image metric = MattesMI
     Fixed image = Image (0x4ba0df0)
  RTTI typeinfo:   itk::Image<double, 3u>
  Reference Count: 2
  Modified Time: 2334
  Debug: Off
  Object Name: 
  Observers: 
    none
  Source: (none)
  Source output name: (none)
  Release Data: Off
  Data Released: False
  Global Release Data: Off
  PipelineMTime: 0
  UpdateMTime: 1943
  RealTimeStamp: 0 seconds 
  LargestPossibleRegion: 
    Dimension: 3
    Index: [0, 0, 0]
    Size: [193, 229, 193]
  BufferedRegion: 
    Dimension: 3
    Index: [0, 0, 0]
    Size: [193, 229, 193]
  RequestedRegion: 
    Dimension: 3
    Index: [0, 0, 0]
    Size: [193, 229, 193]
  Spacing: [1, 1, 1]
  Origin: [96, 132, -78]
  Direction: 
-1 0 0
0 -1 0
0 0 1

  IndexToPointMatrix: 
-1 0 0
0 -1 0
0 0 1

  PointToIndexMatrix: 
-1 0 0
0 -1 0
0 0 1

  Inverse Direction: 
-1 0 0
0 -1 0
0 0 1

  PixelContainer: 
    ImportImageContainer (0x4cd8d50)
      RTTI typeinfo:   itk::ImportImageContainer<unsigned long, double>
      Reference Count: 1
      Modified Time: 1940
      Debug: Off
      Object Name: 
      Observers: 
        none
      Pointer: 0x14556e8d0010
      Container manages memory: true
      Size: 8530021
      Capacity: 8530021

     Moving image = Image (0x4ba93e0)
  RTTI typeinfo:   itk::Image<double, 3u>
  Reference Count: 2
  Modified Time: 2335
  Debug: Off
  Object Name: 
  Observers: 
    none
  Source: (none)
  Source output name: (none)
  Release Data: Off
  Data Released: False
  Global Release Data: Off
  PipelineMTime: 0
  UpdateMTime: 2332
  RealTimeStamp: 0 seconds 
  LargestPossibleRegion: 
    Dimension: 3
    Index: [0, 0, 0]
    Size: [176, 240, 256]
  BufferedRegion: 
    Dimension: 3
    Index: [0, 0, 0]
    Size: [176, 240, 256]
  RequestedRegion: 
    Dimension: 3
    Index: [0, 0, 0]
    Size: [176, 240, 256]
  Spacing: [0.999999, 1, 1]
  Origin: [93.3499, 86.9368, -128.957]
  Direction: 
-0.999513 -0.0279216 -0.0139567
0.0279189 -0.99961 0.000389866
-0.0139622 2.01492e-08 0.999903

  IndexToPointMatrix: 
-0.999512 -0.0279216 -0.0139567
0.0279189 -0.99961 0.000389866
-0.0139621 2.01492e-08 0.999903

  PointToIndexMatrix: 
-0.999514 0.0279189 -0.0139622
-0.0279216 -0.99961 2.01716e-08
-0.0139567 0.000389866 0.999903

  Inverse Direction: 
-0.999513 0.0279189 -0.0139622
-0.0279216 -0.99961 2.01716e-08
-0.0139567 0.000389866 0.999903

  PixelContainer: 
    ImportImageContainer (0x4ba15c0)
      RTTI typeinfo:   itk::ImportImageContainer<unsigned long, double>
      Reference Count: 1
      Modified Time: 2329
      Debug: Off
      Object Name: 
      Observers: 
        none
      Pointer: 0x14556964f010
      Container manages memory: true
      Size: 10813440
      Capacity: 10813440

     Weighting = 1
     Sampling strategy = regular
     Number of bins = 32
     Radius = 4
     Sampling percentage  = 0.25
   Transform = Rigid
     Gradient step = 0.1
     Update field sigma (voxel space) = 0
     Total field sigma (voxel space) = 0
     Update field time sigma = 0
     Total field time sigma  = 0
     Number of time indices = 0
     Number of time point samples = 0
Registration using 1 total stages.

Stage 0
  iterations = 0
  convergence threshold = 1e-06
  convergence window size = 10
  number of levels = 1
  using the Mattes MI metric (number of bins = 32, weight = 1, use gradient filter = 0)
  preprocessing:  winsorizing the image intensities
  Shrink factors (level 1 out of 1): [1, 1, 1]
  smoothing sigmas per level: [0]
  regular sampling (percentage = 0.25)

*** Running Euler3DTransform registration ***

  Elapsed time (stage 0): 1.14611


Total elapsed time: 1.15572
Info [verificarlo]: loaded backend libinterflop_ieee.so
Info [interflop-ieee]: load backend with:
Info [interflop-ieee]: debug = false
Info [interflop-ieee]: debug-binary = false
Info [interflop-ieee]: no-backend-name = false
Info [interflop-ieee]: print-new-line = false
Info [interflop-ieee]: print-subnormal-normalized = false
Info [interflop-ieee]: count-op = false
All_Command_lines_OK
Using double precision for computations.
=============================================================================
The composite transform comprises the following transforms (in order): 
  1. /home/mdugre/scratch/mri-registration-rp/datasets/ds004513/derivatives/mri-registration-rp/0000/antsRegistration-binary64/sub-s003/align_Composite.h5[0] (type = Euler3DTransform)
  2. /home/mdugre/scratch/mri-registration-rp/datasets/ds004513/derivatives/mri-registration-rp/0000/antsRegistration-binary64/sub-s003/align_Composite.h5[1] (type = Euler3DTransform)
=============================================================================
  number of levels = 4
  fixed image: /templateflow/tpl-MNI152NLin2009cAsym/tpl-MNI152NLin2009cAsym_res-01_desc-brain_T1w.nii.gz
  moving image: /home/mdugre/scratch/mri-registration-rp/datasets/ds004513/derivatives/mri-registration-rp/antsBrainExtraction/sub-s003/BrainExtractionBrain.nii.gz
Dimension = 3
Number of stages = 1
Use histogram matching = false
Winsorize image intensities = true
  Lower quantile = 0.005
  Upper quantile = 0.995


Stage 1 State
   Image metric = MattesMI
     Fixed image = Image (0x33a57e0)
  RTTI typeinfo:   itk::Image<double, 3u>
  Reference Count: 2
  Modified Time: 1580
  Debug: Off
  Object Name: 
  Observers: 
    none
  Source: (none)
  Source output name: (none)
  Release Data: Off
  Data Released: False
  Global Release Data: Off
  PipelineMTime: 0
  UpdateMTime: 1189
  RealTimeStamp: 0 seconds 
  LargestPossibleRegion: 
    Dimension: 3
    Index: [0, 0, 0]
    Size: [193, 229, 193]
  BufferedRegion: 
    Dimension: 3
    Index: [0, 0, 0]
    Size: [193, 229, 193]
  RequestedRegion: 
    Dimension: 3
    Index: [0, 0, 0]
    Size: [193, 229, 193]
  Spacing: [1, 1, 1]
  Origin: [96, 132, -78]
  Direction: 
-1 0 0
0 -1 0
0 0 1

  IndexToPointMatrix: 
-1 0 0
0 -1 0
0 0 1

  PointToIndexMatrix: 
-1 0 0
0 -1 0
0 0 1

  Inverse Direction: 
-1 0 0
0 -1 0
0 0 1

  PixelContainer: 
    ImportImageContainer (0x3464010)
      RTTI typeinfo:   itk::ImportImageContainer<unsigned long, double>
      Reference Count: 1
      Modified Time: 1186
      Debug: Off
      Object Name: 
      Observers: 
        none
      Pointer: 0x14846d027010
      Container manages memory: true
      Size: 8530021
      Capacity: 8530021

     Moving image = Image (0x3461100)
  RTTI typeinfo:   itk::Image<double, 3u>
  Reference Count: 2
  Modified Time: 1581
  Debug: Off
  Object Name: 
  Observers: 
    none
  Source: (none)
  Source output name: (none)
  Release Data: Off
  Data Released: False
  Global Release Data: Off
  PipelineMTime: 0
  UpdateMTime: 1578
  RealTimeStamp: 0 seconds 
  LargestPossibleRegion: 
    Dimension: 3
    Index: [0, 0, 0]
    Size: [176, 240, 256]
  BufferedRegion: 
    Dimension: 3
    Index: [0, 0, 0]
    Size: [176, 240, 256]
  RequestedRegion: 
    Dimension: 3
    Index: [0, 0, 0]
    Size: [176, 240, 256]
  Spacing: [0.999999, 1, 1]
  Origin: [93.3499, 86.9368, -128.957]
  Direction: 
-0.999513 -0.0279216 -0.0139567
0.0279189 -0.99961 0.000389866
-0.0139622 2.01492e-08 0.999903

  IndexToPointMatrix: 
-0.999512 -0.0279216 -0.0139567
0.0279189 -0.99961 0.000389866
-0.0139621 2.01492e-08 0.999903

  PointToIndexMatrix: 
-0.999514 0.0279189 -0.0139622
-0.0279216 -0.99961 2.01716e-08
-0.0139567 0.000389866 0.999903

  Inverse Direction: 
-0.999513 0.0279189 -0.0139622
-0.0279216 -0.99961 2.01716e-08
-0.0139567 0.000389866 0.999903

  PixelContainer: 
    ImportImageContainer (0x354c610)
      RTTI typeinfo:   itk::ImportImageContainer<unsigned long, double>
      Reference Count: 1
      Modified Time: 1575
      Debug: Off
      Object Name: 
      Observers: 
        none
      Pointer: 0x148467da6010
      Container manages memory: true
      Size: 10813440
      Capacity: 10813440

     Weighting = 1
     Sampling strategy = regular
     Number of bins = 32
     Radius = 4
     Sampling percentage  = 0.25
   Transform = Rigid
     Gradient step = 0.1
     Update field sigma (voxel space) = 0
     Total field sigma (voxel space) = 0
     Update field time sigma = 0
     Total field time sigma  = 0
     Number of time indices = 0
     Number of time point samples = 0
Registration using 1 total stages.

Stage 0
  iterations = 1000x500x250x100
  convergence threshold = 1e-06
  convergence window size = 10
  number of levels = 4
  using the Mattes MI metric (number of bins = 32, weight = 1, use gradient filter = 0)
  preprocessing:  winsorizing the image intensities
  Shrink factors (level 1 out of 4): [8, 8, 8]
  Shrink factors (level 2 out of 4): [4, 4, 4]
  Shrink factors (level 3 out of 4): [2, 2, 2]
  Shrink factors (level 4 out of 4): [1, 1, 1]
  smoothing sigmas per level: [3, 2, 1, 0]
  regular sampling (percentage = 0.25)

*** Running Euler3DTransform registration ***

DIAGNOSTIC,Iteration,metricValue,convergenceValue,ITERATION_TIME_INDEX,SINCE_LAST
 2DIAGNOSTIC,     1, -4.871187133941e-01, 1.797693134862e+308, 7.8318e-01, 7.8318e-01, 
 2DIAGNOSTIC,     2, -4.887966556740e-01, 1.797693134862e+308, 7.8861e-01, 5.4269e-03, 
 2DIAGNOSTIC,     3, -4.919242839642e-01, 1.797693134862e+308, 7.9557e-01, 6.9642e-03, 
 2DIAGNOSTIC,     4, -5.019092629522e-01, 1.797693134862e+308, 8.0496e-01, 9.3858e-03, 
 2DIAGNOSTIC,     5, -5.198319788477e-01, 1.797693134862e+308, 8.1007e-01, 5.1100e-03, 
 2DIAGNOSTIC,     6, -5.251449584180e-01, 1.797693134862e+308, 8.1535e-01, 5.2819e-03, 
 2DIAGNOSTIC,     7, -5.365118080768e-01, 1.797693134862e+308, 8.2055e-01, 5.1980e-03, 
 2DIAGNOSTIC,     8, -5.564319077261e-01, 1.797693134862e+308, 8.2811e-01, 7.5672e-03, 
 2DIAGNOSTIC,     9, -5.572786469687e-01, 1.797693134862e+308, 8.3293e-01, 4.8180e-03, 
 2DIAGNOSTIC,    10, -5.597886110608e-01, 1.060089541986e-02, 8.3906e-01, 6.1240e-03, 
 2DIAGNOSTIC,    11, -5.645450860914e-01, 9.471656029003e-03, 8.4469e-01, 5.6310e-03, 
 2DIAGNOSTIC,    12, -5.675342641672e-01, 7.901754414630e-03, 8.5117e-01, 6.4828e-03, 
 2DIAGNOSTIC,    13, -5.685174641935e-01, 6.033280802479e-03, 8.5774e-01, 6.5660e-03, 
 2DIAGNOSTIC,    14, -5.693412095342e-01, 4.302087948769e-03, 8.6493e-01, 7.1959e-03, 
 2DIAGNOSTIC,    15, -5.718972801997e-01, 3.155204981951e-03, 8.7170e-01, 6.7680e-03, 
 2DIAGNOSTIC,    16, -5.734788767073e-01, 2.091398053250e-03, 8.7741e-01, 5.7061e-03, 
 2DIAGNOSTIC,    17, -5.737823402464e-01, 1.310029424173e-03, 8.8283e-01, 5.4269e-03, 
 2DIAGNOSTIC,    18, -5.749452616695e-01, 1.114936190118e-03, 8.8896e-01, 6.1300e-03, 
 2DIAGNOSTIC,    19, -5.774392255364e-01, 9.301256922311e-04, 8.9826e-01, 9.3019e-03, 
 2DIAGNOSTIC,    20, -5.782944999851e-01, 7.612328989190e-04, 9.0499e-01, 6.7210e-03, 
 2DIAGNOSTIC,    21, -5.788863756214e-01, 6.687985513955e-04, 9.1101e-01, 6.0239e-03, 
 2DIAGNOSTIC,    22, -5.857337703976e-01, 7.546209653539e-04, 9.1741e-01, 6.3961e-03, 
 2DIAGNOSTIC,    23, -6.028589202281e-01, 1.162232414440e-03, 9.2398e-01, 6.5718e-03, 
 2DIAGNOSTIC,    24, -6.086613818020e-01, 1.554691208469e-03, 9.3113e-01, 7.1511e-03, 
 2DIAGNOSTIC,    25, -6.127624287312e-01, 1.904928787897e-03, 9.3684e-01, 5.7139e-03, 
 2DIAGNOSTIC,    26, -6.171330100668e-01, 2.167612361207e-03, 9.4246e-01, 5.6210e-03, 
 2DIAGNOSTIC,    27, -6.180829724520e-01, 2.226134215350e-03, 9.4760e-01, 5.1360e-03, 
 2DIAGNOSTIC,    28, -6.204355227263e-01, 2.128618105671e-03, 9.5347e-01, 5.8720e-03, 
 2DIAGNOSTIC,    29, -6.216541925386e-01, 1.901236616789e-03, 9.5851e-01, 5.0380e-03, 
 2DIAGNOSTIC,    30, -6.252686862065e-01, 1.589741100346e-03, 9.6450e-01, 5.9919e-03, 
 2DIAGNOSTIC,    31, -6.305776414008e-01, 1.244379685836e-03, 9.6996e-01, 5.4569e-03, 
 2DIAGNOSTIC,    32, -6.437123518552e-01, 1.107465393867e-03, 9.7654e-01, 6.5820e-03, 
 2DIAGNOSTIC,    33, -6.470270603998e-01, 1.176397485368e-03, 9.8197e-01, 5.4331e-03, 
 2DIAGNOSTIC,    34, -6.489224242896e-01, 1.241919290759e-03, 9.9049e-01, 8.5139e-03, 
 2DIAGNOSTIC,    35, -6.509314681343e-01, 1.271905027122e-03, 9.9564e-01, 5.1570e-03, 
 2DIAGNOSTIC,    36, -6.520036281307e-01, 1.251976481035e-03, 1.0007e+00, 5.0430e-03, 
 2DIAGNOSTIC,    37, -6.528672814672e-01, 1.135504168744e-03, 1.0061e+00, 5.3849e-03, 
 2DIAGNOSTIC,    38, -6.532444680555e-01, 9.531186445046e-04, 1.0111e+00, 5.0080e-03, 
 2DIAGNOSTIC,    39, -6.541905813418e-01, 7.192849430299e-04, 1.0191e+00, 8.0621e-03, 
 2DIAGNOSTIC,    40, -6.543504366296e-01, 4.758219856166e-04, 1.0274e+00, 8.2650e-03, 
 2DIAGNOSTIC,    41, -6.543559423379e-01, 2.590266744304e-04, 1.0325e+00, 5.0778e-03, 
 2DIAGNOSTIC,    42, -6.545501076177e-01, 1.811345092404e-04, 1.0380e+00, 5.5449e-03, 
 2DIAGNOSTIC,    43, -6.547221376118e-01, 1.286201867923e-04, 1.0435e+00, 5.4641e-03, 
 2DIAGNOSTIC,    44, -6.549044489941e-01, 8.858022615925e-05, 1.0484e+00, 4.9222e-03, 
 2DIAGNOSTIC,    45, -6.550459689324e-01, 6.471228167321e-05, 1.0533e+00, 4.8821e-03, 
 2DIAGNOSTIC,    46, -6.553628628762e-01, 5.020421834442e-05, 1.0592e+00, 5.8801e-03, 
 2DIAGNOSTIC,    47, -6.558793434394e-01, 4.555100923521e-05, 1.0661e+00, 6.9380e-03, 
 2DIAGNOSTIC,    48, -6.561667098698e-01, 4.301626558071e-05, 1.0734e+00, 7.3230e-03, 
 2DIAGNOSTIC,    49, -6.562574694081e-01, 4.654272826804e-05, 1.0793e+00, 5.8770e-03, 
 2DIAGNOSTIC,    50, -6.561935387555e-01, 4.653101737927e-05, 1.0897e+00, 1.0347e-02, 
 2DIAGNOSTIC,    51, -6.562117801706e-01, 4.234471540465e-05, 1.0958e+00, 6.1848e-03, 
 2DIAGNOSTIC,    52, -6.560490308912e-01, 3.452618831925e-05, 1.1022e+00, 6.3391e-03, 
 2DIAGNOSTIC,    53, -6.559742059139e-01, 2.463098937932e-05, 1.1098e+00, 7.5710e-03, 
 2DIAGNOSTIC,    54, -6.559846679654e-01, 1.456433509322e-05, 1.1146e+00, 4.8120e-03, 
 2DIAGNOSTIC,    55, -6.558228462113e-01, 3.373728993717e-06, 1.1195e+00, 4.9059e-03, 
DIAGNOSTIC,Iteration,metricValue,convergenceValue,ITERATION_TIME_INDEX,SINCE_LAST
 2DIAGNOSTIC,     1, -5.253189055852e-01, 1.797693134862e+308, 1.9492e+00, 8.2977e-01, 
 2DIAGNOSTIC,     2, -5.259580905959e-01, 1.797693134862e+308, 1.9828e+00, 3.3546e-02, 
 2DIAGNOSTIC,     3, -5.267034819175e-01, 1.797693134862e+308, 2.0182e+00, 3.5441e-02, 
 2DIAGNOSTIC,     4, -5.275098958532e-01, 1.797693134862e+308, 2.0514e+00, 3.3219e-02, 
 2DIAGNOSTIC,     5, -5.280202439483e-01, 1.797693134862e+308, 2.0843e+00, 3.2883e-02, 
 2DIAGNOSTIC,     6, -5.283369133995e-01, 1.797693134862e+308, 2.1211e+00, 3.6798e-02, 
 2DIAGNOSTIC,     7, -5.296502617375e-01, 1.797693134862e+308, 2.1608e+00, 3.9657e-02, 
 2DIAGNOSTIC,     8, -5.317770135232e-01, 1.797693134862e+308, 2.2158e+00, 5.5007e-02, 
 2DIAGNOSTIC,     9, -5.328706896484e-01, 1.797693134862e+308, 2.2511e+00, 3.5268e-02, 
 2DIAGNOSTIC,    10, -5.334347231116e-01, 1.011615800292e-03, 2.2902e+00, 3.9092e-02, 
 2DIAGNOSTIC,    11, -5.338346206321e-01, 9.541800032888e-04, 2.3224e+00, 3.2224e-02, 
 2DIAGNOSTIC,    12, -5.339373805843e-01, 8.533499160687e-04, 2.3600e+00, 3.7596e-02, 
 2DIAGNOSTIC,    13, -5.343299106766e-01, 7.363863171537e-04, 2.4029e+00, 4.2962e-02, 
 2DIAGNOSTIC,    14, -5.343115472457e-01, 5.989731473735e-04, 2.4425e+00, 3.9580e-02, 
 2DIAGNOSTIC,    15, -5.343038229744e-01, 4.446921781171e-04, 2.4915e+00, 4.8951e-02, 
 2DIAGNOSTIC,    16, -5.343090328221e-01, 2.801217832128e-04, 2.5317e+00, 4.0246e-02, 
 2DIAGNOSTIC,    17, -5.343049379507e-01, 1.492662589127e-04, 2.5661e+00, 3.4367e-02, 
 2DIAGNOSTIC,    18, -5.343009649509e-01, 8.176823140248e-05, 2.5971e+00, 3.1043e-02, 
 2DIAGNOSTIC,    19, -5.342992973877e-01, 4.443916853630e-05, 2.6295e+00, 3.2335e-02, 
 2DIAGNOSTIC,    20, -5.343085258937e-01, 2.211517740607e-05, 2.6766e+00, 4.7186e-02, 
 2DIAGNOSTIC,    21, -5.343106651505e-01, 1.027768436052e-05, 2.7130e+00, 3.6353e-02, 
DIAGNOSTIC,Iteration,metricValue,convergenceValue,ITERATION_TIME_INDEX,SINCE_LAST
 2DIAGNOSTIC,     1, -4.724738505359e-01, 1.797693134862e+308, 3.8898e+00, 1.1768e+00, 
 2DIAGNOSTIC,     2, -4.725843371025e-01, 1.797693134862e+308, 4.1684e+00, 2.7860e-01, 
 2DIAGNOSTIC,     3, -4.727565878634e-01, 1.797693134862e+308, 4.4314e+00, 2.6296e-01, 
 2DIAGNOSTIC,     4, -4.730761588116e-01, 1.797693134862e+308, 4.6732e+00, 2.4180e-01, 
 2DIAGNOSTIC,     5, -4.734730350910e-01, 1.797693134862e+308, 4.9064e+00, 2.3322e-01, 
 2DIAGNOSTIC,     6, -4.740454118333e-01, 1.797693134862e+308, 5.1572e+00, 2.5075e-01, 
 2DIAGNOSTIC,     7, -4.753794999408e-01, 1.797693134862e+308, 5.4221e+00, 2.6492e-01, 
 2DIAGNOSTIC,     8, -4.772149221054e-01, 1.797693134862e+308, 5.8220e+00, 3.9992e-01, 
 2DIAGNOSTIC,     9, -4.775567079452e-01, 1.797693134862e+308, 6.0812e+00, 2.5922e-01, 
 2DIAGNOSTIC,    10, -4.776226446703e-01, 8.291277748131e-04, 6.3475e+00, 2.6627e-01, 
 2DIAGNOSTIC,    11, -4.778580254750e-01, 7.992549770345e-04, 6.7577e+00, 4.1016e-01, 
 2DIAGNOSTIC,    12, -4.779215863756e-01, 7.103666497625e-04, 7.0150e+00, 2.5737e-01, 
 2DIAGNOSTIC,    13, -4.780334546433e-01, 5.830226118669e-04, 7.2875e+00, 2.7249e-01, 
 2DIAGNOSTIC,    14, -4.785343533509e-01, 4.564882842745e-04, 7.5737e+00, 2.8618e-01, 
 2DIAGNOSTIC,    15, -4.786870658792e-01, 3.279238976433e-04, 7.8389e+00, 2.6517e-01, 
 2DIAGNOSTIC,    16, -4.786869968429e-01, 2.065839358122e-04, 8.0996e+00, 2.6078e-01, 
 2DIAGNOSTIC,    17, -4.786831487721e-01, 1.260754269269e-04, 8.3658e+00, 2.6615e-01, 
 2DIAGNOSTIC,    18, -4.786841107915e-01, 1.037466736123e-04, 8.6203e+00, 2.5447e-01, 
 2DIAGNOSTIC,    19, -4.786839136933e-01, 8.482121403542e-05, 8.9061e+00, 2.8580e-01, 
 2DIAGNOSTIC,    20, -4.786828817141e-01, 6.175017722982e-05, 9.1616e+00, 2.5552e-01, 
 2DIAGNOSTIC,    21, -4.786828611598e-01, 4.217021892600e-05, 9.4779e+00, 3.1636e-01, 
 2DIAGNOSTIC,    22, -4.786905802573e-01, 2.265999775159e-05, 9.7684e+00, 2.9047e-01, 
 2DIAGNOSTIC,    23, -4.786916659746e-01, 5.465551403273e-06, 1.0050e+01, 2.8155e-01, 
 2DIAGNOSTIC,    24, -4.786894980692e-01, 1.602961930830e-06, 1.0407e+01, 3.5742e-01, 
 2DIAGNOSTIC,    25, -4.786887724444e-01, 1.652054990683e-06, 1.0698e+01, 2.9080e-01, 
 2DIAGNOSTIC,    26, -4.786880298864e-01, 1.645925788149e-06, 1.0983e+01, 2.8441e-01, 
 2DIAGNOSTIC,    27, -4.786880913155e-01, 1.512820943024e-06, 1.1252e+01, 2.6905e-01, 
 2DIAGNOSTIC,    28, -4.786858298946e-01, 1.328958922110e-06, 1.1566e+01, 3.1479e-01, 
 2DIAGNOSTIC,    29, -4.786858880618e-01, 1.142100672771e-06, 1.1877e+01, 3.1072e-01, 
DIAGNOSTIC,Iteration,metricValue,convergenceValue,ITERATION_TIME_INDEX,SINCE_LAST
 2DIAGNOSTIC,     1, -4.450836175838e-01, 1.797693134862e+308, 1.4660e+01, 2.7827e+00, 
 2DIAGNOSTIC,     2, -4.451011488784e-01, 1.797693134862e+308, 1.6744e+01, 2.0839e+00, 
 2DIAGNOSTIC,     3, -4.451022290057e-01, 1.797693134862e+308, 1.8371e+01, 1.6270e+00, 
 2DIAGNOSTIC,     4, -4.451014854652e-01, 1.797693134862e+308, 1.9995e+01, 1.6242e+00, 
 2DIAGNOSTIC,     5, -4.451013485111e-01, 1.797693134862e+308, 2.2592e+01, 2.5975e+00, 
 2DIAGNOSTIC,     6, -4.451013818708e-01, 1.797693134862e+308, 2.4119e+01, 1.5266e+00, 
 2DIAGNOSTIC,     7, -4.451012351122e-01, 1.797693134862e+308, 2.5805e+01, 1.6865e+00, 
 2DIAGNOSTIC,     8, -4.451011813183e-01, 1.797693134862e+308, 2.7507e+01, 1.7020e+00, 
 2DIAGNOSTIC,     9, -4.451011101045e-01, 1.797693134862e+308, 2.9202e+01, 1.6949e+00, 
 2DIAGNOSTIC,    10, -4.451011162273e-01, 4.242095804977e-06, 3.0780e+01, 1.5780e+00, 
 2DIAGNOSTIC,    11, -4.451010330651e-01, 2.807434125410e-06, 3.2146e+01, 1.3657e+00, 
 2DIAGNOSTIC,    12, -4.451009528614e-01, 2.546000290135e-06, 3.3813e+01, 1.6666e+00, 
 2DIAGNOSTIC,    13, -4.451009614894e-01, 2.388876244513e-06, 3.5624e+01, 1.8112e+00, 
 2DIAGNOSTIC,    14, -4.451008773619e-01, 2.221755723342e-06, 3.7219e+01, 1.5949e+00, 
 2DIAGNOSTIC,    15, -4.451007056704e-01, 2.068297798724e-06, 3.8603e+01, 1.3841e+00, 
 2DIAGNOSTIC,    16, -4.451006241741e-01, 1.937227421617e-06, 4.0231e+01, 1.6280e+00, 
 2DIAGNOSTIC,    17, -4.451007157842e-01, 1.824240201780e-06, 4.1590e+01, 1.3593e+00, 
 2DIAGNOSTIC,    18, -4.451006348143e-01, 1.723179225852e-06, 4.3178e+01, 1.5877e+00, 
 2DIAGNOSTIC,    19, -4.451006393013e-01, 1.634649924649e-06, 4.4713e+01, 1.5355e+00, 
 2DIAGNOSTIC,    20, -4.451005581690e-01, 1.556429388684e-06, 4.6394e+01, 1.6811e+00, 
 2DIAGNOSTIC,    21, -4.451003920965e-01, 1.481368460128e-06, 4.7968e+01, 1.5737e+00, 
 2DIAGNOSTIC,    22, -4.451004944617e-01, 1.416858615169e-06, 4.9517e+01, 1.5486e+00, 
 2DIAGNOSTIC,    23, -4.451005189341e-01, 1.361422002855e-06, 5.0987e+01, 1.4699e+00, 
 2DIAGNOSTIC,    24, -4.451004763585e-01, 1.309361736271e-06, 5.2506e+01, 1.5190e+00, 
 2DIAGNOSTIC,    25, -4.451004305705e-01, 1.257604936820e-06, 5.4048e+01, 1.5429e+00, 
 2DIAGNOSTIC,    26, -4.451003721949e-01, 1.207795143725e-06, 5.5582e+01, 1.5339e+00, 
 2DIAGNOSTIC,    27, -4.451000713559e-01, 1.158209300314e-06, 5.7140e+01, 1.5576e+00, 
 2DIAGNOSTIC,    28, -4.451000154486e-01, 1.110985911552e-06, 5.8671e+01, 1.5313e+00, 
 2DIAGNOSTIC,    29, -4.450997743673e-01, 1.064174966578e-06, 6.0219e+01, 1.5482e+00, 
 2DIAGNOSTIC,    30, -4.450998895292e-01, 1.024491320931e-06, 6.1925e+01, 1.7055e+00, 
  Elapsed time (stage 0): 6.2764e+01


Total elapsed time: 6.2776e+01
Info [verificarlo]: loaded backend libinterflop_ieee.so
Info [interflop-ieee]: load backend with:
Info [interflop-ieee]: debug = false
Info [interflop-ieee]: debug-binary = false
Info [interflop-ieee]: no-backend-name = false
Info [interflop-ieee]: print-new-line = false
Info [interflop-ieee]: print-subnormal-normalized = false
Info [interflop-ieee]: count-op = false
All_Command_lines_OK
Using double precision for computations.
=============================================================================
The composite transform comprises the following transforms (in order): 
  1. /home/mdugre/scratch/mri-registration-rp/datasets/ds004513/derivatives/mri-registration-rp/0000/antsRegistration-binary64/sub-s003/rigid_Composite.h5[0] (type = Euler3DTransform)
  2. /home/mdugre/scratch/mri-registration-rp/datasets/ds004513/derivatives/mri-registration-rp/0000/antsRegistration-binary64/sub-s003/rigid_Composite.h5[1] (type = Euler3DTransform)
  3. /home/mdugre/scratch/mri-registration-rp/datasets/ds004513/derivatives/mri-registration-rp/0000/antsRegistration-binary64/sub-s003/rigid_Composite.h5[2] (type = Euler3DTransform)
=============================================================================
  number of levels = 4
  fixed image: /templateflow/tpl-MNI152NLin2009cAsym/tpl-MNI152NLin2009cAsym_res-01_desc-brain_T1w.nii.gz
  moving image: /home/mdugre/scratch/mri-registration-rp/datasets/ds004513/derivatives/mri-registration-rp/antsBrainExtraction/sub-s003/BrainExtractionBrain.nii.gz
Dimension = 3
Number of stages = 1
Use histogram matching = false
Winsorize image intensities = true
  Lower quantile = 0.005
  Upper quantile = 0.995


Stage 1 State
   Image metric = MattesMI
     Fixed image = Image (0x4f857e0)
  RTTI typeinfo:   itk::Image<double, 3u>
  Reference Count: 2
  Modified Time: 1594
  Debug: Off
  Object Name: 
  Observers: 
    none
  Source: (none)
  Source output name: (none)
  Release Data: Off
  Data Released: False
  Global Release Data: Off
  PipelineMTime: 0
  UpdateMTime: 1203
  RealTimeStamp: 0 seconds 
  LargestPossibleRegion: 
    Dimension: 3
    Index: [0, 0, 0]
    Size: [193, 229, 193]
  BufferedRegion: 
    Dimension: 3
    Index: [0, 0, 0]
    Size: [193, 229, 193]
  RequestedRegion: 
    Dimension: 3
    Index: [0, 0, 0]
    Size: [193, 229, 193]
  Spacing: [1, 1, 1]
  Origin: [96, 132, -78]
  Direction: 
-1 0 0
0 -1 0
0 0 1

  IndexToPointMatrix: 
-1 0 0
0 -1 0
0 0 1

  PointToIndexMatrix: 
-1 0 0
0 -1 0
0 0 1

  Inverse Direction: 
-1 0 0
0 -1 0
0 0 1

  PixelContainer: 
    ImportImageContainer (0x5045a20)
      RTTI typeinfo:   itk::ImportImageContainer<unsigned long, double>
      Reference Count: 1
      Modified Time: 1200
      Debug: Off
      Object Name: 
      Observers: 
        none
      Pointer: 0x14e2443e9010
      Container manages memory: true
      Size: 8530021
      Capacity: 8530021

     Moving image = Image (0x50410a0)
  RTTI typeinfo:   itk::Image<double, 3u>
  Reference Count: 2
  Modified Time: 1595
  Debug: Off
  Object Name: 
  Observers: 
    none
  Source: (none)
  Source output name: (none)
  Release Data: Off
  Data Released: False
  Global Release Data: Off
  PipelineMTime: 0
  UpdateMTime: 1592
  RealTimeStamp: 0 seconds 
  LargestPossibleRegion: 
    Dimension: 3
    Index: [0, 0, 0]
    Size: [176, 240, 256]
  BufferedRegion: 
    Dimension: 3
    Index: [0, 0, 0]
    Size: [176, 240, 256]
  RequestedRegion: 
    Dimension: 3
    Index: [0, 0, 0]
    Size: [176, 240, 256]
  Spacing: [0.999999, 1, 1]
  Origin: [93.3499, 86.9368, -128.957]
  Direction: 
-0.999513 -0.0279216 -0.0139567
0.0279189 -0.99961 0.000389866
-0.0139622 2.01492e-08 0.999903

  IndexToPointMatrix: 
-0.999512 -0.0279216 -0.0139567
0.0279189 -0.99961 0.000389866
-0.0139621 2.01492e-08 0.999903

  PointToIndexMatrix: 
-0.999514 0.0279189 -0.0139622
-0.0279216 -0.99961 2.01716e-08
-0.0139567 0.000389866 0.999903

  Inverse Direction: 
-0.999513 0.0279189 -0.0139622
-0.0279216 -0.99961 2.01716e-08
-0.0139567 0.000389866 0.999903

  PixelContainer: 
    ImportImageContainer (0x4ffb0d0)
      RTTI typeinfo:   itk::ImportImageContainer<unsigned long, double>
      Reference Count: 1
      Modified Time: 1589
      Debug: Off
      Object Name: 
      Observers: 
        none
      Pointer: 0x14e23f168010
      Container manages memory: true
      Size: 10813440
      Capacity: 10813440

     Weighting = 1
     Sampling strategy = regular
     Number of bins = 32
     Radius = 4
     Sampling percentage  = 0.25
   Transform = Affine
     Gradient step = 0.1
     Update field sigma (voxel space) = 0
     Total field sigma (voxel space) = 0
     Update field time sigma = 0
     Total field time sigma  = 0
     Number of time indices = 0
     Number of time point samples = 0
Registration using 1 total stages.

Stage 0
  iterations = 1000x500x250x100
  convergence threshold = 1e-06
  convergence window size = 10
  number of levels = 4
  using the Mattes MI metric (number of bins = 32, weight = 1, use gradient filter = 0)
  preprocessing:  winsorizing the image intensities
  Shrink factors (level 1 out of 4): [8, 8, 8]
  Shrink factors (level 2 out of 4): [4, 4, 4]
  Shrink factors (level 3 out of 4): [2, 2, 2]
  Shrink factors (level 4 out of 4): [1, 1, 1]
  smoothing sigmas per level: [3, 2, 1, 0]
  regular sampling (percentage = 0.25)

*** Running AffineTransform registration ***

DIAGNOSTIC,Iteration,metricValue,convergenceValue,ITERATION_TIME_INDEX,SINCE_LAST
 2DIAGNOSTIC,     1, -6.594180025021e-01, 1.797693134862e+308, 8.4624e-01, 8.4624e-01, 
 2DIAGNOSTIC,     2, -6.618751059002e-01, 1.797693134862e+308, 8.5185e-01, 5.6088e-03, 
 2DIAGNOSTIC,     3, -6.656307615852e-01, 1.797693134862e+308, 8.5788e-01, 6.0320e-03, 
 2DIAGNOSTIC,     4, -6.704214029709e-01, 1.797693134862e+308, 8.6357e-01, 5.6930e-03, 
 2DIAGNOSTIC,     5, -6.773292043542e-01, 1.797693134862e+308, 8.6877e-01, 5.2001e-03, 
 2DIAGNOSTIC,     6, -6.881385872727e-01, 1.797693134862e+308, 8.7421e-01, 5.4319e-03, 
 2DIAGNOSTIC,     7, -7.091467702295e-01, 1.797693134862e+308, 8.8228e-01, 8.0700e-03, 
 2DIAGNOSTIC,     8, -7.185187023557e-01, 1.797693134862e+308, 8.8804e-01, 5.7619e-03, 
 2DIAGNOSTIC,     9, -7.199900120780e-01, 1.797693134862e+308, 8.9578e-01, 7.7388e-03, 
 2DIAGNOSTIC,    10, -7.196599214320e-01, 6.933400908227e-03, 9.0412e-01, 8.3451e-03, 
 2DIAGNOSTIC,    11, -7.196759934692e-01, 6.072117537284e-03, 9.1070e-01, 6.5820e-03, 
 2DIAGNOSTIC,    12, -7.197884440704e-01, 4.893042797055e-03, 9.1663e-01, 5.9240e-03, 
 2DIAGNOSTIC,    13, -7.196761940738e-01, 3.571664455712e-03, 9.2347e-01, 6.8450e-03, 
 2DIAGNOSTIC,    14, -7.195888446824e-01, 2.264862172088e-03, 9.3044e-01, 6.9630e-03, 
 2DIAGNOSTIC,    15, -7.195225520930e-01, 1.119328871479e-03, 9.3699e-01, 6.5529e-03, 
 2DIAGNOSTIC,    16, -7.197067193597e-01, 2.855724540279e-04, 9.4284e-01, 5.8539e-03, 
 2DIAGNOSTIC,    17, -7.195138601011e-01, 1.602547670272e-05, 9.4998e-01, 7.1409e-03, 
DIAGNOSTIC,Iteration,metricValue,convergenceValue,ITERATION_TIME_INDEX,SINCE_LAST
 2DIAGNOSTIC,     1, -5.932404623696e-01, 1.797693134862e+308, 1.7496e+00, 7.9960e-01, 
 2DIAGNOSTIC,     2, -5.933563725102e-01, 1.797693134862e+308, 1.7876e+00, 3.8043e-02, 
 2DIAGNOSTIC,     3, -5.936876919691e-01, 1.797693134862e+308, 1.8239e+00, 3.6293e-02, 
 2DIAGNOSTIC,     4, -5.941433451493e-01, 1.797693134862e+308, 1.8590e+00, 3.5114e-02, 
 2DIAGNOSTIC,     5, -5.948819739399e-01, 1.797693134862e+308, 1.8942e+00, 3.5131e-02, 
 2DIAGNOSTIC,     6, -5.966641814289e-01, 1.797693134862e+308, 1.9341e+00, 3.9921e-02, 
 2DIAGNOSTIC,     7, -6.004092969857e-01, 1.797693134862e+308, 2.0429e+00, 1.0885e-01, 
 2DIAGNOSTIC,     8, -6.004091736484e-01, 1.797693134862e+308, 2.0778e+00, 3.4913e-02, 
 2DIAGNOSTIC,     9, -6.004092141212e-01, 1.797693134862e+308, 2.1129e+00, 3.5075e-02, 
 2DIAGNOSTIC,    10, -6.004092826679e-01, 1.016129273993e-03, 2.1501e+00, 3.7139e-02, 
 2DIAGNOSTIC,    11, -6.004093985658e-01, 8.909907166095e-04, 2.1849e+00, 3.4803e-02, 
 2DIAGNOSTIC,    12, -6.004095945044e-01, 7.093748120290e-04, 2.2237e+00, 3.8807e-02, 
 2DIAGNOSTIC,    13, -6.004099257204e-01, 5.045752132904e-04, 2.2636e+00, 3.9944e-02, 
 2DIAGNOSTIC,    14, -6.004104855184e-01, 3.011461685055e-04, 2.3010e+00, 3.7402e-02, 
 2DIAGNOSTIC,    15, -6.004114331770e-01, 1.209196604525e-04, 2.3367e+00, 3.5732e-02, 
 2DIAGNOSTIC,    16, -6.004130345242e-01, 2.201701136073e-06, 2.3722e+00, 3.5431e-02, 
 2DIAGNOSTIC,    17, -6.004157358646e-01, 2.212426329563e-06, 2.4071e+00, 3.4929e-02, 
 2DIAGNOSTIC,    18, -6.004202864954e-01, 2.306570492855e-06, 2.4423e+00, 3.5205e-02, 
 2DIAGNOSTIC,    19, -6.004279301351e-01, 2.531323747411e-06, 2.4776e+00, 3.5320e-02, 
 2DIAGNOSTIC,    20, -6.004406999982e-01, 2.955858419043e-06, 2.5132e+00, 3.5561e-02, 
 2DIAGNOSTIC,    21, -6.004525805288e-01, 3.479053195567e-06, 2.5482e+00, 3.5020e-02, 
 2DIAGNOSTIC,    22, -6.004875283213e-01, 4.527261995138e-06, 2.5855e+00, 3.7253e-02, 
 2DIAGNOSTIC,    23, -6.005434652256e-01, 6.341891859662e-06, 2.6204e+00, 3.4975e-02, 
 2DIAGNOSTIC,    24, -6.006232746428e-01, 9.106869558483e-06, 2.6552e+00, 3.4761e-02, 
 2DIAGNOSTIC,    25, -6.007373569446e-01, 1.307875320650e-05, 2.6918e+00, 3.6623e-02, 
 2DIAGNOSTIC,    26, -6.009345500742e-01, 1.923094378650e-05, 2.7261e+00, 3.4262e-02, 
 2DIAGNOSTIC,    27, -6.011594337419e-01, 2.716443586253e-05, 2.7675e+00, 4.1370e-02, 
 2DIAGNOSTIC,    28, -6.013632838509e-01, 3.555027499526e-05, 2.8136e+00, 4.6092e-02, 
 2DIAGNOSTIC,    29, -6.016545429173e-01, 4.496815982406e-05, 2.8649e+00, 5.1372e-02, 
 2DIAGNOSTIC,    30, -6.016632239472e-01, 4.988137930263e-05, 2.9097e+00, 4.4809e-02, 
 2DIAGNOSTIC,    31, -6.017012162979e-01, 5.066379046336e-05, 2.9616e+00, 5.1912e-02, 
 2DIAGNOSTIC,    32, -6.017818472549e-01, 4.840169422711e-05, 3.0053e+00, 4.3705e-02, 
 2DIAGNOSTIC,    33, -6.018775056112e-01, 4.388986101252e-05, 3.0535e+00, 4.8151e-02, 
 2DIAGNOSTIC,    34, -6.019885733562e-01, 3.817346456799e-05, 3.1146e+00, 6.1130e-02, 
 2DIAGNOSTIC,    35, -6.020015064712e-01, 3.094383717244e-05, 3.1551e+00, 4.0446e-02, 
 2DIAGNOSTIC,    36, -6.020070065052e-01, 2.395996706343e-05, 3.2022e+00, 4.7125e-02, 
 2DIAGNOSTIC,    37, -6.020091603367e-01, 1.803776989365e-05, 3.2440e+00, 4.1800e-02, 
 2DIAGNOSTIC,    38, -6.020276521101e-01, 1.344315437223e-05, 3.2880e+00, 4.3983e-02, 
 2DIAGNOSTIC,    39, -6.020627847402e-01, 1.183412831855e-05, 3.3396e+00, 5.1616e-02, 
 2DIAGNOSTIC,    40, -6.021459124842e-01, 1.034291198451e-05, 3.3815e+00, 4.1853e-02, 
 2DIAGNOSTIC,    41, -6.022140523483e-01, 9.226577099532e-06, 3.4585e+00, 7.7088e-02, 
 2DIAGNOSTIC,    42, -6.022828137649e-01, 9.022325757706e-06, 3.5133e+00, 5.4728e-02, 
 2DIAGNOSTIC,    43, -6.022922465897e-01, 9.160552795730e-06, 3.5591e+00, 4.5881e-02, 
 2DIAGNOSTIC,    44, -6.022928763926e-01, 9.694413587995e-06, 3.5978e+00, 3.8642e-02, 
 2DIAGNOSTIC,    45, -6.022767959231e-01, 9.309365628606e-06, 3.6432e+00, 4.5368e-02, 
 2DIAGNOSTIC,    46, -6.022829677558e-01, 8.234600156590e-06, 3.6900e+00, 4.6864e-02, 
 2DIAGNOSTIC,    47, -6.022778175972e-01, 6.448015052896e-06, 3.7355e+00, 4.5510e-02, 
 2DIAGNOSTIC,    48, -6.022741518885e-01, 4.336178415124e-06, 3.7778e+00, 4.2233e-02, 
 2DIAGNOSTIC,    49, -6.022587648366e-01, 2.147050412491e-06, 3.8161e+00, 3.8330e-02, 
DIAGNOSTIC,Iteration,metricValue,convergenceValue,ITERATION_TIME_INDEX,SINCE_LAST
 2DIAGNOSTIC,     1, -5.260774309091e-01, 1.797693134862e+308, 5.0489e+00, 1.2328e+00, 
 2DIAGNOSTIC,     2, -5.263921014958e-01, 1.797693134862e+308, 5.3644e+00, 3.1554e-01, 
 2DIAGNOSTIC,     3, -5.266984601849e-01, 1.797693134862e+308, 5.6812e+00, 3.1677e-01, 
 2DIAGNOSTIC,     4, -5.269457049181e-01, 1.797693134862e+308, 6.0477e+00, 3.6655e-01, 
 2DIAGNOSTIC,     5, -5.272657095262e-01, 1.797693134862e+308, 6.3803e+00, 3.3257e-01, 
 2DIAGNOSTIC,     6, -5.277574226244e-01, 1.797693134862e+308, 6.7060e+00, 3.2573e-01, 
 2DIAGNOSTIC,     7, -5.283496359335e-01, 1.797693134862e+308, 7.0306e+00, 3.2455e-01, 
 2DIAGNOSTIC,     8, -5.314021983985e-01, 1.797693134862e+308, 7.9093e+00, 8.7868e-01, 
 2DIAGNOSTIC,     9, -5.314029981830e-01, 1.797693134862e+308, 8.2267e+00, 3.1739e-01, 
 2DIAGNOSTIC,    10, -5.313980840469e-01, 7.421354333426e-04, 8.7140e+00, 4.8730e-01, 
 2DIAGNOSTIC,    11, -5.313984445175e-01, 7.003491983300e-04, 9.0258e+00, 3.1188e-01, 
 2DIAGNOSTIC,    12, -5.313968526556e-01, 6.159988325707e-04, 9.2982e+00, 2.7233e-01, 
 2DIAGNOSTIC,    13, -5.313955093067e-01, 4.999055677069e-04, 9.6525e+00, 3.5432e-01, 
 2DIAGNOSTIC,    14, -5.313959558447e-01, 3.646043895842e-04, 9.9417e+00, 2.8919e-01, 
 2DIAGNOSTIC,    15, -5.313957326433e-01, 2.273224431507e-04, 1.0282e+01, 3.4015e-01, 
 2DIAGNOSTIC,    16, -5.313956498290e-01, 1.037746371454e-04, 1.0570e+01, 2.8829e-01, 
 2DIAGNOSTIC,    17, -5.313952050831e-01, 1.358284253690e-06, 1.0887e+01, 3.1662e-01, 
 2DIAGNOSTIC,    18, -5.313951987611e-01, 1.393503075937e-06, 1.1209e+01, 3.2206e-01, 
 2DIAGNOSTIC,    19, -5.313953721686e-01, 1.490763736060e-06, 1.1492e+01, 2.8318e-01, 
 2DIAGNOSTIC,    20, -5.313953607781e-01, 1.462043020976e-06, 1.1840e+01, 3.4762e-01, 
 2DIAGNOSTIC,    21, -5.313951587890e-01, 1.453597449394e-06, 1.2158e+01, 3.1795e-01, 
 2DIAGNOSTIC,    22, -5.313937055646e-01, 1.379175855076e-06, 1.2475e+01, 3.1723e-01, 
 2DIAGNOSTIC,    23, -5.313924638460e-01, 1.258115898024e-06, 1.2748e+01, 2.7371e-01, 
 2DIAGNOSTIC,    24, -5.313926827238e-01, 1.174286008557e-06, 1.3058e+01, 3.0990e-01, 
 2DIAGNOSTIC,    25, -5.313911691443e-01, 1.073401463596e-06, 1.3330e+01, 2.7205e-01, 
DIAGNOSTIC,Iteration,metricValue,convergenceValue,ITERATION_TIME_INDEX,SINCE_LAST
 2DIAGNOSTIC,     1, -4.870024547895e-01, 1.797693134862e+308, 1.6175e+01, 2.8450e+00, 
 2DIAGNOSTIC,     2, -4.871496406134e-01, 1.797693134862e+308, 1.7928e+01, 1.7524e+00, 
 2DIAGNOSTIC,     3, -4.872833194921e-01, 1.797693134862e+308, 1.9815e+01, 1.8871e+00, 
 2DIAGNOSTIC,     4, -4.874005753423e-01, 1.797693134862e+308, 2.1679e+01, 1.8635e+00, 
 2DIAGNOSTIC,     5, -4.876484941853e-01, 1.797693134862e+308, 2.3351e+01, 1.6726e+00, 
 2DIAGNOSTIC,     6, -4.879011925035e-01, 1.797693134862e+308, 2.5387e+01, 2.0362e+00, 
 2DIAGNOSTIC,     7, -4.879713105126e-01, 1.797693134862e+308, 2.7203e+01, 1.8161e+00, 
 2DIAGNOSTIC,     8, -4.880547546402e-01, 1.797693134862e+308, 2.9079e+01, 1.8752e+00, 
 2DIAGNOSTIC,     9, -4.884356220619e-01, 1.797693134862e+308, 3.1294e+01, 2.2154e+00, 
 2DIAGNOSTIC,    10, -4.884477141422e-01, 2.023841412824e-04, 3.3014e+01, 1.7202e+00, 
 2DIAGNOSTIC,    11, -4.884849303259e-01, 1.766525487792e-04, 3.5090e+01, 2.0754e+00, 
 2DIAGNOSTIC,    12, -4.884972342540e-01, 1.475964602794e-04, 3.6794e+01, 1.7041e+00, 
 2DIAGNOSTIC,    13, -4.885436106493e-01, 1.180392792532e-04, 3.8484e+01, 1.6901e+00, 
 2DIAGNOSTIC,    14, -4.886620079929e-01, 9.158667729932e-05, 4.0499e+01, 2.0156e+00, 
 2DIAGNOSTIC,    15, -4.886991149583e-01, 7.121219810903e-05, 4.2576e+01, 2.0765e+00, 
 2DIAGNOSTIC,    16, -4.887846518255e-01, 5.956656619634e-05, 4.5024e+01, 2.4483e+00, 
 2DIAGNOSTIC,    17, -4.889527870078e-01, 5.221392273510e-05, 4.6839e+01, 1.8146e+00, 
 2DIAGNOSTIC,    18, -4.890148572682e-01, 4.526296085135e-05, 4.8760e+01, 1.9208e+00, 
 2DIAGNOSTIC,    19, -4.890551373120e-01, 4.790722091256e-05, 5.0447e+01, 1.6872e+00, 
 2DIAGNOSTIC,    20, -4.890806412301e-01, 4.710783841751e-05, 5.2129e+01, 1.6818e+00, 
 2DIAGNOSTIC,    21, -4.893816556117e-01, 5.153686079053e-05, 5.3818e+01, 1.6888e+00, 
 2DIAGNOSTIC,    22, -4.900420167307e-01, 6.840857174556e-05, 5.6860e+01, 3.0428e+00, 
 2DIAGNOSTIC,    23, -4.900483685506e-01, 7.841724069219e-05, 5.8970e+01, 2.1097e+00, 
 2DIAGNOSTIC,    24, -4.900477753691e-01, 8.357361198097e-05, 6.2113e+01, 3.1427e+00, 
 2DIAGNOSTIC,    25, -4.900477766732e-01, 8.168401043084e-05, 6.4022e+01, 1.9097e+00, 
 2DIAGNOSTIC,    26, -4.900476296793e-01, 7.404300777495e-05, 6.6337e+01, 2.3149e+00, 
 2DIAGNOSTIC,    27, -4.900474497901e-01, 6.344548267154e-05, 6.8479e+01, 2.1420e+00, 
 2DIAGNOSTIC,    28, -4.900473687060e-01, 4.905275713561e-05, 7.0574e+01, 2.0946e+00, 
 2DIAGNOSTIC,    29, -4.900472992247e-01, 3.221052293650e-05, 7.2691e+01, 2.1172e+00, 
 2DIAGNOSTIC,    30, -4.900472471012e-01, 1.403477745171e-05, 7.4705e+01, 2.0136e+00, 
 2DIAGNOSTIC,    31, -4.900467372024e-01, 1.088357534637e-06, 7.6930e+01, 2.2255e+00, 
  Elapsed time (stage 0): 7.8091e+01


Total elapsed time: 7.8110e+01
Info [verificarlo]: loaded backend libinterflop_ieee.so
Info [interflop-ieee]: load backend with:
Info [interflop-ieee]: debug = false
Info [interflop-ieee]: debug-binary = false
