
##########################
# Experiment information #
##########################

EXPERIMENT_NAME: antsRegistration-binary64
VFC_BACKENDS: libinterflop_ieee.so

SIF_IMG: /home/mdugre/projects/rrg-glatard/mdugre/containers/ants-vprec-no_metrics.simg

SUBJECT_ID: s033
INPUT_IMG: /home/mdugre/scratch/mri-registration-rp/datasets/ds004513/derivatives/mri-registration-rp/antsBrainExtraction/sub-s033/BrainExtractionBrain.nii.gz
OUTPUT_DIR: /home/mdugre/scratch/mri-registration-rp/datasets/ds004513/derivatives/mri-registration-rp/0000/antsRegistration-binary64/sub-s033

FIXED_IMG: /templateflow/tpl-MNI152NLin2009cAsym/tpl-MNI152NLin2009cAsym_res-01_desc-brain_T1w.nii.gz
DATA_DIR: /home/mdugre/scratch/mri-registration-rp/datasets/ds004513
TEMPLATEFLOW_DIR: /home/mdugre/projects/rrg-glatard/mdugre/templateflow
ITK_GLOBAL_DEFAULT_NUMBER_OF_THREADS: 16
##########################

Info [verificarlo]: loaded backend libinterflop_ieee.so
Info [interflop-ieee]: load backend with:
Info [interflop-ieee]: debug = false
Info [interflop-ieee]: debug-binary = false
Info [interflop-ieee]: no-backend-name = false
Info [interflop-ieee]: print-new-line = false
Info [interflop-ieee]: print-subnormal-normalized = false
Info [interflop-ieee]: count-op = false
All_Command_lines_OK
Using double precision for computations.
=============================================================================
The composite transform comprises the following transforms (in order): 
  1. Center of mass alignment using fixed image: /templateflow/tpl-MNI152NLin2009cAsym/tpl-MNI152NLin2009cAsym_res-01_desc-brain_T1w.nii.gz and moving image: /home/mdugre/scratch/mri-registration-rp/datasets/ds004513/derivatives/mri-registration-rp/antsBrainExtraction/sub-s033/BrainExtractionBrain.nii.gz (type = Euler3DTransform)
=============================================================================
  number of levels = 1
  fixed image: /templateflow/tpl-MNI152NLin2009cAsym/tpl-MNI152NLin2009cAsym_res-01_desc-brain_T1w.nii.gz
  moving image: /home/mdugre/scratch/mri-registration-rp/datasets/ds004513/derivatives/mri-registration-rp/antsBrainExtraction/sub-s033/BrainExtractionBrain.nii.gz
Dimension = 3
Number of stages = 1
Use histogram matching = false
Winsorize image intensities = true
  Lower quantile = 0.005
  Upper quantile = 0.995


Stage 1 State
   Image metric = MattesMI
     Fixed image = Image (0x3e1ddf0)
  RTTI typeinfo:   itk::Image<double, 3u>
  Reference Count: 2
  Modified Time: 2330
  Debug: Off
  Object Name: 
  Observers: 
    none
  Source: (none)
  Source output name: (none)
  Release Data: Off
  Data Released: False
  Global Release Data: Off
  PipelineMTime: 0
  UpdateMTime: 1941
  RealTimeStamp: 0 seconds 
  LargestPossibleRegion: 
    Dimension: 3
    Index: [0, 0, 0]
    Size: [193, 229, 193]
  BufferedRegion: 
    Dimension: 3
    Index: [0, 0, 0]
    Size: [193, 229, 193]
  RequestedRegion: 
    Dimension: 3
    Index: [0, 0, 0]
    Size: [193, 229, 193]
  Spacing: [1, 1, 1]
  Origin: [96, 132, -78]
  Direction: 
-1 0 0
0 -1 0
0 0 1

  IndexToPointMatrix: 
-1 0 0
0 -1 0
0 0 1

  PointToIndexMatrix: 
-1 0 0
0 -1 0
0 0 1

  Inverse Direction: 
-1 0 0
0 -1 0
0 0 1

  PixelContainer: 
    ImportImageContainer (0x3f55d50)
      RTTI typeinfo:   itk::ImportImageContainer<unsigned long, double>
      Reference Count: 1
      Modified Time: 1938
      Debug: Off
      Object Name: 
      Observers: 
        none
      Pointer: 0x1517e021e010
      Container manages memory: true
      Size: 8530021
      Capacity: 8530021

     Moving image = Image (0x3e263e0)
  RTTI typeinfo:   itk::Image<double, 3u>
  Reference Count: 2
  Modified Time: 2331
  Debug: Off
  Object Name: 
  Observers: 
    none
  Source: (none)
  Source output name: (none)
  Release Data: Off
  Data Released: False
  Global Release Data: Off
  PipelineMTime: 0
  UpdateMTime: 2328
  RealTimeStamp: 0 seconds 
  LargestPossibleRegion: 
    Dimension: 3
    Index: [0, 0, 0]
    Size: [160, 240, 256]
  BufferedRegion: 
    Dimension: 3
    Index: [0, 0, 0]
    Size: [160, 240, 256]
  RequestedRegion: 
    Dimension: 3
    Index: [0, 0, 0]
    Size: [160, 240, 256]
  Spacing: [1, 1, 1]
  Origin: [91.5134, 94.282, -109.927]
  Direction: 
-0.99591 -0.0698718 -0.0572835
0.0697565 -0.997556 0.00401236
-0.0574239 5.01125e-08 0.99835

  IndexToPointMatrix: 
-0.99591 -0.0698718 -0.0572835
0.0697565 -0.997556 0.00401236
-0.0574239 5.01125e-08 0.99835

  PointToIndexMatrix: 
-0.99591 0.0697565 -0.0574239
-0.0698718 -0.997556 5.01483e-08
-0.0572835 0.00401236 0.99835

  Inverse Direction: 
-0.99591 0.0697565 -0.0574239
-0.0698718 -0.997556 5.01483e-08
-0.0572835 0.00401236 0.99835

  PixelContainer: 
    ImportImageContainer (0x3ebdc70)
      RTTI typeinfo:   itk::ImportImageContainer<unsigned long, double>
      Reference Count: 1
      Modified Time: 2325
      Debug: Off
      Object Name: 
      Observers: 
        none
      Pointer: 0x1517db71d010
      Container manages memory: true
      Size: 9830400
      Capacity: 9830400

     Weighting = 1
     Sampling strategy = regular
     Number of bins = 32
     Radius = 4
     Sampling percentage  = 0.25
   Transform = Rigid
     Gradient step = 0.1
     Update field sigma (voxel space) = 0
     Total field sigma (voxel space) = 0
     Update field time sigma = 0
     Total field time sigma  = 0
     Number of time indices = 0
     Number of time point samples = 0
Registration using 1 total stages.

Stage 0
  iterations = 0
  convergence threshold = 1e-06
  convergence window size = 10
  number of levels = 1
  using the Mattes MI metric (number of bins = 32, weight = 1, use gradient filter = 0)
  preprocessing:  winsorizing the image intensities
  Shrink factors (level 1 out of 1): [1, 1, 1]
  smoothing sigmas per level: [0]
  regular sampling (percentage = 0.25)

*** Running Euler3DTransform registration ***

  Elapsed time (stage 0): 1.12361


Total elapsed time: 1.12569
Info [verificarlo]: loaded backend libinterflop_ieee.so
Info [interflop-ieee]: load backend with:
Info [interflop-ieee]: debug = false
Info [interflop-ieee]: debug-binary = false
Info [interflop-ieee]: no-backend-name = false
Info [interflop-ieee]: print-new-line = false
Info [interflop-ieee]: print-subnormal-normalized = false
Info [interflop-ieee]: count-op = false
All_Command_lines_OK
Using double precision for computations.
=============================================================================
The composite transform comprises the following transforms (in order): 
  1. /home/mdugre/scratch/mri-registration-rp/datasets/ds004513/derivatives/mri-registration-rp/0000/antsRegistration-binary64/sub-s033/align_Composite.h5[0] (type = Euler3DTransform)
  2. /home/mdugre/scratch/mri-registration-rp/datasets/ds004513/derivatives/mri-registration-rp/0000/antsRegistration-binary64/sub-s033/align_Composite.h5[1] (type = Euler3DTransform)
=============================================================================
  number of levels = 4
  fixed image: /templateflow/tpl-MNI152NLin2009cAsym/tpl-MNI152NLin2009cAsym_res-01_desc-brain_T1w.nii.gz
  moving image: /home/mdugre/scratch/mri-registration-rp/datasets/ds004513/derivatives/mri-registration-rp/antsBrainExtraction/sub-s033/BrainExtractionBrain.nii.gz
Dimension = 3
Number of stages = 1
Use histogram matching = false
Winsorize image intensities = true
  Lower quantile = 0.005
  Upper quantile = 0.995


Stage 1 State
   Image metric = MattesMI
     Fixed image = Image (0x44357e0)
  RTTI typeinfo:   itk::Image<double, 3u>
  Reference Count: 2
  Modified Time: 1578
  Debug: Off
  Object Name: 
  Observers: 
    none
  Source: (none)
  Source output name: (none)
  Release Data: Off
  Data Released: False
  Global Release Data: Off
  PipelineMTime: 0
  UpdateMTime: 1189
  RealTimeStamp: 0 seconds 
  LargestPossibleRegion: 
    Dimension: 3
    Index: [0, 0, 0]
    Size: [193, 229, 193]
  BufferedRegion: 
    Dimension: 3
    Index: [0, 0, 0]
    Size: [193, 229, 193]
  RequestedRegion: 
    Dimension: 3
    Index: [0, 0, 0]
    Size: [193, 229, 193]
  Spacing: [1, 1, 1]
  Origin: [96, 132, -78]
  Direction: 
-1 0 0
0 -1 0
0 0 1

  IndexToPointMatrix: 
-1 0 0
0 -1 0
0 0 1

  PointToIndexMatrix: 
-1 0 0
0 -1 0
0 0 1

  Inverse Direction: 
-1 0 0
0 -1 0
0 0 1

  PixelContainer: 
    ImportImageContainer (0x44f4010)
      RTTI typeinfo:   itk::ImportImageContainer<unsigned long, double>
      Reference Count: 1
      Modified Time: 1186
      Debug: Off
      Object Name: 
      Observers: 
        none
      Pointer: 0x15162a6f3010
      Container manages memory: true
      Size: 8530021
      Capacity: 8530021

     Moving image = Image (0x44f1100)
  RTTI typeinfo:   itk::Image<double, 3u>
  Reference Count: 2
  Modified Time: 1579
  Debug: Off
  Object Name: 
  Observers: 
    none
  Source: (none)
  Source output name: (none)
  Release Data: Off
  Data Released: False
  Global Release Data: Off
  PipelineMTime: 0
  UpdateMTime: 1576
  RealTimeStamp: 0 seconds 
  LargestPossibleRegion: 
    Dimension: 3
    Index: [0, 0, 0]
    Size: [160, 240, 256]
  BufferedRegion: 
    Dimension: 3
    Index: [0, 0, 0]
    Size: [160, 240, 256]
  RequestedRegion: 
    Dimension: 3
    Index: [0, 0, 0]
    Size: [160, 240, 256]
  Spacing: [1, 1, 1]
  Origin: [91.5134, 94.282, -109.927]
  Direction: 
-0.99591 -0.0698718 -0.0572835
0.0697565 -0.997556 0.00401236
-0.0574239 5.01125e-08 0.99835

  IndexToPointMatrix: 
-0.99591 -0.0698718 -0.0572835
0.0697565 -0.997556 0.00401236
-0.0574239 5.01125e-08 0.99835

  PointToIndexMatrix: 
-0.99591 0.0697565 -0.0574239
-0.0698718 -0.997556 5.01483e-08
-0.0572835 0.00401236 0.99835

  Inverse Direction: 
-0.99591 0.0697565 -0.0574239
-0.0698718 -0.997556 5.01483e-08
-0.0572835 0.00401236 0.99835

  PixelContainer: 
    ImportImageContainer (0x45dc610)
      RTTI typeinfo:   itk::ImportImageContainer<unsigned long, double>
      Reference Count: 1
      Modified Time: 1573
      Debug: Off
      Object Name: 
      Observers: 
        none
      Pointer: 0x151625bf2010
      Container manages memory: true
      Size: 9830400
      Capacity: 9830400

     Weighting = 1
     Sampling strategy = regular
     Number of bins = 32
     Radius = 4
     Sampling percentage  = 0.25
   Transform = Rigid
     Gradient step = 0.1
     Update field sigma (voxel space) = 0
     Total field sigma (voxel space) = 0
     Update field time sigma = 0
     Total field time sigma  = 0
     Number of time indices = 0
     Number of time point samples = 0
Registration using 1 total stages.

Stage 0
  iterations = 1000x500x250x100
  convergence threshold = 1e-06
  convergence window size = 10
  number of levels = 4
  using the Mattes MI metric (number of bins = 32, weight = 1, use gradient filter = 0)
  preprocessing:  winsorizing the image intensities
  Shrink factors (level 1 out of 4): [8, 8, 8]
  Shrink factors (level 2 out of 4): [4, 4, 4]
  Shrink factors (level 3 out of 4): [2, 2, 2]
  Shrink factors (level 4 out of 4): [1, 1, 1]
  smoothing sigmas per level: [3, 2, 1, 0]
  regular sampling (percentage = 0.25)

*** Running Euler3DTransform registration ***

DIAGNOSTIC,Iteration,metricValue,convergenceValue,ITERATION_TIME_INDEX,SINCE_LAST
 2DIAGNOSTIC,     1, -4.945365495269e-01, 1.797693134862e+308, 6.3871e-01, 6.3871e-01, 
 2DIAGNOSTIC,     2, -4.961551199262e-01, 1.797693134862e+308, 6.4282e-01, 4.1089e-03, 
 2DIAGNOSTIC,     3, -4.991207097076e-01, 1.797693134862e+308, 6.4653e-01, 3.7129e-03, 
 2DIAGNOSTIC,     4, -5.030359852117e-01, 1.797693134862e+308, 6.5017e-01, 3.6449e-03, 
 2DIAGNOSTIC,     5, -5.059125054655e-01, 1.797693134862e+308, 6.5369e-01, 3.5141e-03, 
 2DIAGNOSTIC,     6, -5.092815596254e-01, 1.797693134862e+308, 6.5734e-01, 3.6540e-03, 
 2DIAGNOSTIC,     7, -5.205915484568e-01, 1.797693134862e+308, 6.6175e-01, 4.4100e-03, 
 2DIAGNOSTIC,     8, -5.236677933913e-01, 1.797693134862e+308, 6.6541e-01, 3.6600e-03, 
 2DIAGNOSTIC,     9, -5.261653611514e-01, 1.797693134862e+308, 6.6907e-01, 3.6530e-03, 
 2DIAGNOSTIC,    10, -5.313843279548e-01, 4.956236851461e-03, 6.7338e-01, 4.3170e-03, 
 2DIAGNOSTIC,    11, -5.461121550605e-01, 5.255951709878e-03, 6.7832e-01, 4.9329e-03, 
 2DIAGNOSTIC,    12, -5.563506773258e-01, 5.544499219497e-03, 6.8265e-01, 4.3340e-03, 
 2DIAGNOSTIC,    13, -6.011783753095e-01, 7.240286203992e-03, 6.8824e-01, 5.5881e-03, 
 2DIAGNOSTIC,    14, -6.166052825036e-01, 8.701253899243e-03, 6.9245e-01, 4.2131e-03, 
 2DIAGNOSTIC,    15, -6.211428291626e-01, 9.416357350998e-03, 6.9664e-01, 4.1909e-03, 
 2DIAGNOSTIC,    16, -6.235432151141e-01, 9.368281934020e-03, 7.0137e-01, 4.7269e-03, 
 2DIAGNOSTIC,    17, -6.347577460175e-01, 9.145335022968e-03, 7.0709e-01, 5.7189e-03, 
 2DIAGNOSTIC,    18, -6.413138476165e-01, 8.359392947008e-03, 7.1163e-01, 4.5419e-03, 
 2DIAGNOSTIC,    19, -6.420802709294e-01, 6.980623444518e-03, 7.1666e-01, 5.0280e-03, 
 2DIAGNOSTIC,    20, -6.425493365544e-01, 5.272872563613e-03, 7.2078e-01, 4.1230e-03, 
 2DIAGNOSTIC,    21, -6.431795002820e-01, 3.641466648819e-03, 7.2530e-01, 4.5240e-03, 
 2DIAGNOSTIC,    22, -6.434078408776e-01, 2.049113969726e-03, 7.2931e-01, 4.0009e-03, 
 2DIAGNOSTIC,    23, -6.435083887973e-01, 1.381096881090e-03, 7.3404e-01, 4.7331e-03, 
 2DIAGNOSTIC,    24, -6.436807751037e-01, 9.688116167124e-04, 7.3918e-01, 5.1370e-03, 
 2DIAGNOSTIC,    25, -6.439989369330e-01, 6.014653153290e-04, 7.4490e-01, 5.7271e-03, 
 2DIAGNOSTIC,    26, -6.448361513671e-01, 2.655195861145e-04, 7.4910e-01, 4.1962e-03, 
 2DIAGNOSTIC,    27, -6.460796039478e-01, 1.536864936457e-04, 7.5380e-01, 4.7009e-03, 
 2DIAGNOSTIC,    28, -6.463976198699e-01, 1.550353174630e-04, 7.5798e-01, 4.1850e-03, 
 2DIAGNOSTIC,    29, -6.463935459593e-01, 1.547432172649e-04, 7.6214e-01, 4.1521e-03, 
 2DIAGNOSTIC,    30, -6.464392299017e-01, 1.482978727668e-04, 7.6681e-01, 4.6721e-03, 
 2DIAGNOSTIC,    31, -6.463723509012e-01, 1.368671943711e-04, 7.7096e-01, 4.1511e-03, 
 2DIAGNOSTIC,    32, -6.464254414988e-01, 1.173266266992e-04, 7.7605e-01, 5.0900e-03, 
 2DIAGNOSTIC,    33, -6.464354984778e-01, 8.969335162144e-05, 7.8909e-01, 1.3042e-02, 
 2DIAGNOSTIC,    34, -6.464354984449e-01, 5.811494106527e-05, 8.0214e-01, 1.3050e-02, 
 2DIAGNOSTIC,    35, -6.464354984449e-01, 2.735370624603e-05, 8.0781e-01, 5.6729e-03, 
 2DIAGNOSTIC,    36, -6.464354984449e-01, 6.561967447138e-06, 8.1241e-01, 4.5979e-03, 
 2DIAGNOSTIC,    37, -6.464354984449e-01, 2.244494960047e-06, 8.1703e-01, 4.6160e-03, 
 2DIAGNOSTIC,    38, -6.464354984449e-01, 1.990753122617e-06, 8.2161e-01, 4.5822e-03, 
 2DIAGNOSTIC,    39, -6.464354984449e-01, 1.582336194048e-06, 8.2721e-01, 5.5969e-03, 
 2DIAGNOSTIC,    40, -6.464354984449e-01, 1.698174215269e-06, 8.3182e-01, 4.6089e-03, 
DIAGNOSTIC,Iteration,metricValue,convergenceValue,ITERATION_TIME_INDEX,SINCE_LAST
 2DIAGNOSTIC,     1, -5.367244447958e-01, 1.797693134862e+308, 1.6171e+00, 7.8532e-01, 
 2DIAGNOSTIC,     2, -5.380313831050e-01, 1.797693134862e+308, 1.6448e+00, 2.7694e-02, 
 2DIAGNOSTIC,     3, -5.401731906416e-01, 1.797693134862e+308, 1.6727e+00, 2.7899e-02, 
 2DIAGNOSTIC,     4, -5.431881340869e-01, 1.797693134862e+308, 1.6998e+00, 2.7081e-02, 
 2DIAGNOSTIC,     5, -5.453557594011e-01, 1.797693134862e+308, 1.7284e+00, 2.8606e-02, 
 2DIAGNOSTIC,     6, -5.461088564015e-01, 1.797693134862e+308, 1.7571e+00, 2.8666e-02, 
 2DIAGNOSTIC,     7, -5.462086679733e-01, 1.797693134862e+308, 1.7893e+00, 3.2243e-02, 
 2DIAGNOSTIC,     8, -5.464869266195e-01, 1.797693134862e+308, 1.8253e+00, 3.6017e-02, 
 2DIAGNOSTIC,     9, -5.465850812508e-01, 1.797693134862e+308, 1.8654e+00, 4.0055e-02, 
 2DIAGNOSTIC,    10, -5.466464835201e-01, 1.224741242607e-03, 1.8942e+00, 2.8792e-02, 
 2DIAGNOSTIC,    11, -5.470487704745e-01, 8.391099857357e-04, 1.9265e+00, 3.2293e-02, 
 2DIAGNOSTIC,    12, -5.471506827162e-01, 5.042748413879e-04, 1.9593e+00, 3.2828e-02, 
 2DIAGNOSTIC,    13, -5.471747724995e-01, 2.608963019042e-04, 2.0001e+00, 4.0764e-02, 
 2DIAGNOSTIC,    14, -5.471893678900e-01, 1.401592890123e-04, 2.0289e+00, 2.8800e-02, 
 2DIAGNOSTIC,    15, -5.471839957081e-01, 9.761649382030e-05, 2.0615e+00, 3.2621e-02, 
 2DIAGNOSTIC,    16, -5.471599231568e-01, 7.527612507295e-05, 2.0940e+00, 3.2551e-02, 
 2DIAGNOSTIC,    17, -5.471662423629e-01, 5.183183993739e-05, 2.1234e+00, 2.9360e-02, 
 2DIAGNOSTIC,    18, -5.471747031451e-01, 3.478201603777e-05, 2.1566e+00, 3.3244e-02, 
 2DIAGNOSTIC,    19, -5.471813454316e-01, 1.945634442011e-05, 2.1915e+00, 3.4809e-02, 
 2DIAGNOSTIC,    20, -5.471662917077e-01, 4.969853457000e-06, 2.2217e+00, 3.0218e-02, 
 2DIAGNOSTIC,    21, -5.471844161371e-01, 1.951270332069e-06, 2.2547e+00, 3.2977e-02, 
 2DIAGNOSTIC,    22, -5.471946857826e-01, 1.794833388656e-06, 2.2837e+00, 2.9097e-02, 
 2DIAGNOSTIC,    23, -5.472309779774e-01, 2.955893336730e-06, 2.3116e+00, 2.7889e-02, 
 2DIAGNOSTIC,    24, -5.472460349207e-01, 4.500346137908e-06, 2.3423e+00, 3.0663e-02, 
 2DIAGNOSTIC,    25, -5.473225346061e-01, 7.130561421716e-06, 2.3698e+00, 2.7526e-02, 
 2DIAGNOSTIC,    26, -5.474469324523e-01, 1.098290986611e-05, 2.3980e+00, 2.8216e-02, 
 2DIAGNOSTIC,    27, -5.481013381032e-01, 2.630865416448e-05, 2.4287e+00, 3.0645e-02, 
 2DIAGNOSTIC,    28, -5.480678931752e-01, 3.738991935343e-05, 2.4687e+00, 3.9999e-02, 
 2DIAGNOSTIC,    29, -5.482084716844e-01, 4.712038657340e-05, 2.5059e+00, 3.7261e-02, 
 2DIAGNOSTIC,    30, -5.482082519536e-01, 5.166413493944e-05, 2.5440e+00, 3.8064e-02, 
 2DIAGNOSTIC,    31, -5.482014616785e-01, 5.125920527680e-05, 2.5796e+00, 3.5573e-02, 
 2DIAGNOSTIC,    32, -5.481815957841e-01, 4.582630113259e-05, 2.6098e+00, 3.0264e-02, 
 2DIAGNOSTIC,    33, -5.481718258057e-01, 3.689942845778e-05, 2.6403e+00, 3.0466e-02, 
 2DIAGNOSTIC,    34, -5.481825627409e-01, 2.560031653442e-05, 2.6706e+00, 3.0294e-02, 
 2DIAGNOSTIC,    35, -5.481838558249e-01, 1.379952662346e-05, 2.7015e+00, 3.0920e-02, 
 2DIAGNOSTIC,    36, -5.481854580207e-01, 3.009189276450e-06, 2.7318e+00, 3.0273e-02, 
 2DIAGNOSTIC,    37, -5.482631349714e-01, 2.936495003929e-06, 2.7686e+00, 3.6758e-02, 
 2DIAGNOSTIC,    38, -5.482856021703e-01, 2.436032001132e-06, 2.8033e+00, 3.4709e-02, 
 2DIAGNOSTIC,    39, -5.482706827581e-01, 3.481471846142e-06, 2.8373e+00, 3.4023e-02, 
 2DIAGNOSTIC,    40, -5.481987798702e-01, 3.305071039367e-06, 2.8706e+00, 3.3288e-02, 
 2DIAGNOSTIC,    41, -5.482804376105e-01, 3.879579716221e-06, 2.9047e+00, 3.4100e-02, 
 2DIAGNOSTIC,    42, -5.481860329708e-01, 2.661575016171e-06, 2.9415e+00, 3.6771e-02, 
 2DIAGNOSTIC,    43, -5.482756830589e-01, 2.303966347129e-06, 2.9804e+00, 3.8988e-02, 
 2DIAGNOSTIC,    44, -5.483025264748e-01, 2.249205827760e-06, 3.0158e+00, 3.5398e-02, 
 2DIAGNOSTIC,    45, -5.482811791467e-01, 1.830945095416e-06, 3.0479e+00, 3.2097e-02, 
 2DIAGNOSTIC,    46, -5.482645576643e-01, 1.147575565595e-06, 3.0788e+00, 3.0852e-02, 
 2DIAGNOSTIC,    47, -5.482548592722e-01, 1.197182923712e-06, 3.1689e+00, 9.0115e-02, 
 2DIAGNOSTIC,    48, -5.482548592710e-01, 1.431399862646e-06, 3.2579e+00, 8.9046e-02, 
 2DIAGNOSTIC,    49, -5.482548592710e-01, 1.428667095026e-06, 3.2984e+00, 4.0409e-02, 
DIAGNOSTIC,Iteration,metricValue,convergenceValue,ITERATION_TIME_INDEX,SINCE_LAST
 2DIAGNOSTIC,     1, -4.661873900927e-01, 1.797693134862e+308, 4.4576e+00, 1.1593e+00, 
 2DIAGNOSTIC,     2, -4.663634380062e-01, 1.797693134862e+308, 4.6766e+00, 2.1900e-01, 
 2DIAGNOSTIC,     3, -4.665065248751e-01, 1.797693134862e+308, 4.9100e+00, 2.3341e-01, 
 2DIAGNOSTIC,     4, -4.666272917578e-01, 1.797693134862e+308, 5.1375e+00, 2.2747e-01, 
 2DIAGNOSTIC,     5, -4.667166861480e-01, 1.797693134862e+308, 5.3843e+00, 2.4680e-01, 
 2DIAGNOSTIC,     6, -4.668667204316e-01, 1.797693134862e+308, 5.6070e+00, 2.2266e-01, 
 2DIAGNOSTIC,     7, -4.669697634587e-01, 1.797693134862e+308, 5.8561e+00, 2.4917e-01, 
 2DIAGNOSTIC,     8, -4.670258375449e-01, 1.797693134862e+308, 6.1746e+00, 3.1845e-01, 
 2DIAGNOSTIC,     9, -4.670791300393e-01, 1.797693134862e+308, 6.3941e+00, 2.1954e-01, 
 2DIAGNOSTIC,    10, -4.671177509719e-01, 1.313511336050e-04, 6.6170e+00, 2.2291e-01, 
 2DIAGNOSTIC,    11, -4.671984767336e-01, 1.051591979513e-04, 6.8329e+00, 2.1588e-01, 
 2DIAGNOSTIC,    12, -4.674361579703e-01, 9.491598682990e-05, 7.1448e+00, 3.1188e-01, 
 2DIAGNOSTIC,    13, -4.675162737315e-01, 8.805892582969e-05, 7.3649e+00, 2.2009e-01, 
 2DIAGNOSTIC,    14, -4.675732970354e-01, 8.220421396472e-05, 7.6735e+00, 3.0860e-01, 
 2DIAGNOSTIC,    15, -4.675740511955e-01, 7.348854368312e-05, 7.9566e+00, 2.8313e-01, 
 2DIAGNOSTIC,    16, -4.675763010969e-01, 6.504189011938e-05, 8.2940e+00, 3.3745e-01, 
 2DIAGNOSTIC,    17, -4.675746328638e-01, 5.526874341909e-05, 8.5113e+00, 2.1728e-01, 
 2DIAGNOSTIC,    18, -4.675729970946e-01, 4.341886613108e-05, 8.7958e+00, 2.8451e-01, 
 2DIAGNOSTIC,    19, -4.675721446231e-01, 3.071889802297e-05, 9.0564e+00, 2.6058e-01, 
 2DIAGNOSTIC,    20, -4.675713473515e-01, 1.779073551129e-05, 9.2693e+00, 2.1290e-01, 
 2DIAGNOSTIC,    21, -4.675677817644e-01, 6.677410817342e-06, 9.5276e+00, 2.5832e-01, 
 2DIAGNOSTIC,    22, -4.675680922839e-01, 2.633235017348e-06, 9.7628e+00, 2.3519e-01, 
DIAGNOSTIC,Iteration,metricValue,convergenceValue,ITERATION_TIME_INDEX,SINCE_LAST
 2DIAGNOSTIC,     1, -4.258650646465e-01, 1.797693134862e+308, 1.2321e+01, 2.5583e+00, 
 2DIAGNOSTIC,     2, -4.259686052010e-01, 1.797693134862e+308, 1.3809e+01, 1.4877e+00, 
 2DIAGNOSTIC,     3, -4.260095401784e-01, 1.797693134862e+308, 1.5905e+01, 2.0962e+00, 
 2DIAGNOSTIC,     4, -4.260079709015e-01, 1.797693134862e+308, 1.8526e+01, 2.6206e+00, 
 2DIAGNOSTIC,     5, -4.260082645003e-01, 1.797693134862e+308, 2.0084e+01, 1.5587e+00, 
 2DIAGNOSTIC,     6, -4.260081774941e-01, 1.797693134862e+308, 2.1939e+01, 1.8547e+00, 
 2DIAGNOSTIC,     7, -4.260081197725e-01, 1.797693134862e+308, 2.3573e+01, 1.6344e+00, 
 2DIAGNOSTIC,     8, -4.260081562459e-01, 1.797693134862e+308, 2.5420e+01, 1.8464e+00, 
 2DIAGNOSTIC,     9, -4.260079673130e-01, 1.797693134862e+308, 2.6966e+01, 1.5467e+00, 
 2DIAGNOSTIC,    10, -4.260077813321e-01, 1.493563267804e-05, 2.8444e+01, 1.4777e+00, 
 2DIAGNOSTIC,    11, -4.260079136997e-01, 5.179089703544e-06, 3.0234e+01, 1.7897e+00, 
 2DIAGNOSTIC,    12, -4.260079250552e-01, 2.534361019907e-06, 3.1916e+01, 1.6823e+00, 
 2DIAGNOSTIC,    13, -4.260078310650e-01, 2.405386896540e-06, 3.3394e+01, 1.4775e+00, 
 2DIAGNOSTIC,    14, -4.260077423700e-01, 2.219527199518e-06, 3.4960e+01, 1.5668e+00, 
 2DIAGNOSTIC,    15, -4.260076609283e-01, 2.073021253199e-06, 3.6556e+01, 1.5951e+00, 
 2DIAGNOSTIC,    16, -4.260077982767e-01, 1.951183853308e-06, 3.8360e+01, 1.8042e+00, 
 2DIAGNOSTIC,    17, -4.260079133535e-01, 1.848824442784e-06, 4.0234e+01, 1.8738e+00, 
 2DIAGNOSTIC,    18, -4.260078162003e-01, 1.757815849476e-06, 4.1912e+01, 1.6780e+00, 
 2DIAGNOSTIC,    19, -4.260077183384e-01, 1.667742472365e-06, 4.3623e+01, 1.7114e+00, 
 2DIAGNOSTIC,    20, -4.260075183752e-01, 1.574390007315e-06, 4.5103e+01, 1.4799e+00, 
 2DIAGNOSTIC,    21, -4.260074230596e-01, 1.492533134910e-06, 4.6576e+01, 1.4729e+00, 
 2DIAGNOSTIC,    22, -4.260075357099e-01, 1.423863066327e-06, 4.8165e+01, 1.5889e+00, 
 2DIAGNOSTIC,    23, -4.260074457213e-01, 1.357827392683e-06, 4.9605e+01, 1.4407e+00, 
 2DIAGNOSTIC,    24, -4.260070584447e-01, 1.286735972689e-06, 5.1057e+01, 1.4513e+00, 
 2DIAGNOSTIC,    25, -4.260076015378e-01, 1.237599676483e-06, 5.2843e+01, 1.7863e+00, 
 2DIAGNOSTIC,    26, -4.260079218400e-01, 1.206598886437e-06, 5.4487e+01, 1.6439e+00, 
 2DIAGNOSTIC,    27, -4.260078316221e-01, 1.179807445406e-06, 5.6163e+01, 1.6764e+00, 
 2DIAGNOSTIC,    28, -4.260078496810e-01, 1.153287559418e-06, 5.7826e+01, 1.6630e+00, 
 2DIAGNOSTIC,    29, -4.260074593815e-01, 1.116084075097e-06, 5.9255e+01, 1.4289e+00, 
 2DIAGNOSTIC,    30, -4.260072841076e-01, 1.071283835447e-06, 6.0839e+01, 1.5841e+00, 
 2DIAGNOSTIC,    31, -4.260077316260e-01, 1.035549215114e-06, 6.2411e+01, 1.5716e+00, 
 2DIAGNOSTIC,    32, -4.260076555462e-01, 1.001621840573e-06, 6.4061e+01, 1.6506e+00, 
  Elapsed time (stage 0): 6.4882e+01


Total elapsed time: 6.4885e+01
Info [verificarlo]: loaded backend libinterflop_ieee.so
Info [interflop-ieee]: load backend with:
Info [interflop-ieee]: debug = false
Info [interflop-ieee]: debug-binary = false
Info [interflop-ieee]: no-backend-name = false
Info [interflop-ieee]: print-new-line = false
Info [interflop-ieee]: print-subnormal-normalized = false
Info [interflop-ieee]: count-op = false
All_Command_lines_OK
Using double precision for computations.
=============================================================================
The composite transform comprises the following transforms (in order): 
  1. /home/mdugre/scratch/mri-registration-rp/datasets/ds004513/derivatives/mri-registration-rp/0000/antsRegistration-binary64/sub-s033/rigid_Composite.h5[0] (type = Euler3DTransform)
  2. /home/mdugre/scratch/mri-registration-rp/datasets/ds004513/derivatives/mri-registration-rp/0000/antsRegistration-binary64/sub-s033/rigid_Composite.h5[1] (type = Euler3DTransform)
  3. /home/mdugre/scratch/mri-registration-rp/datasets/ds004513/derivatives/mri-registration-rp/0000/antsRegistration-binary64/sub-s033/rigid_Composite.h5[2] (type = Euler3DTransform)
=============================================================================
  number of levels = 4
  fixed image: /templateflow/tpl-MNI152NLin2009cAsym/tpl-MNI152NLin2009cAsym_res-01_desc-brain_T1w.nii.gz
  moving image: /home/mdugre/scratch/mri-registration-rp/datasets/ds004513/derivatives/mri-registration-rp/antsBrainExtraction/sub-s033/BrainExtractionBrain.nii.gz
Dimension = 3
Number of stages = 1
Use histogram matching = false
Winsorize image intensities = true
  Lower quantile = 0.005
  Upper quantile = 0.995


Stage 1 State
   Image metric = MattesMI
     Fixed image = Image (0x49427e0)
  RTTI typeinfo:   itk::Image<double, 3u>
  Reference Count: 2
  Modified Time: 1592
  Debug: Off
  Object Name: 
  Observers: 
    none
  Source: (none)
  Source output name: (none)
  Release Data: Off
  Data Released: False
  Global Release Data: Off
  PipelineMTime: 0
  UpdateMTime: 1203
  RealTimeStamp: 0 seconds 
  LargestPossibleRegion: 
    Dimension: 3
    Index: [0, 0, 0]
    Size: [193, 229, 193]
  BufferedRegion: 
    Dimension: 3
    Index: [0, 0, 0]
    Size: [193, 229, 193]
  RequestedRegion: 
    Dimension: 3
    Index: [0, 0, 0]
    Size: [193, 229, 193]
  Spacing: [1, 1, 1]
  Origin: [96, 132, -78]
  Direction: 
-1 0 0
0 -1 0
0 0 1

  IndexToPointMatrix: 
-1 0 0
0 -1 0
0 0 1

  PointToIndexMatrix: 
-1 0 0
0 -1 0
0 0 1

  Inverse Direction: 
-1 0 0
0 -1 0
0 0 1

  PixelContainer: 
    ImportImageContainer (0x4a02a20)
      RTTI typeinfo:   itk::ImportImageContainer<unsigned long, double>
      Reference Count: 1
      Modified Time: 1200
      Debug: Off
      Object Name: 
      Observers: 
        none
      Pointer: 0x1470ea640010
      Container manages memory: true
      Size: 8530021
      Capacity: 8530021

     Moving image = Image (0x49fe0a0)
  RTTI typeinfo:   itk::Image<double, 3u>
  Reference Count: 2
  Modified Time: 1593
  Debug: Off
  Object Name: 
  Observers: 
    none
  Source: (none)
  Source output name: (none)
  Release Data: Off
  Data Released: False
  Global Release Data: Off
  PipelineMTime: 0
  UpdateMTime: 1590
  RealTimeStamp: 0 seconds 
  LargestPossibleRegion: 
    Dimension: 3
    Index: [0, 0, 0]
    Size: [160, 240, 256]
  BufferedRegion: 
    Dimension: 3
    Index: [0, 0, 0]
    Size: [160, 240, 256]
  RequestedRegion: 
    Dimension: 3
    Index: [0, 0, 0]
    Size: [160, 240, 256]
  Spacing: [1, 1, 1]
  Origin: [91.5134, 94.282, -109.927]
  Direction: 
-0.99591 -0.0698718 -0.0572835
0.0697565 -0.997556 0.00401236
-0.0574239 5.01125e-08 0.99835

  IndexToPointMatrix: 
-0.99591 -0.0698718 -0.0572835
0.0697565 -0.997556 0.00401236
-0.0574239 5.01125e-08 0.99835

  PointToIndexMatrix: 
-0.99591 0.0697565 -0.0574239
-0.0698718 -0.997556 5.01483e-08
-0.0572835 0.00401236 0.99835

  Inverse Direction: 
-0.99591 0.0697565 -0.0574239
-0.0698718 -0.997556 5.01483e-08
-0.0572835 0.00401236 0.99835

  PixelContainer: 
    ImportImageContainer (0x49b80d0)
      RTTI typeinfo:   itk::ImportImageContainer<unsigned long, double>
      Reference Count: 1
      Modified Time: 1587
      Debug: Off
      Object Name: 
      Observers: 
        none
      Pointer: 0x1470e5b3f010
      Container manages memory: true
      Size: 9830400
      Capacity: 9830400

     Weighting = 1
     Sampling strategy = regular
     Number of bins = 32
     Radius = 4
     Sampling percentage  = 0.25
   Transform = Affine
     Gradient step = 0.1
     Update field sigma (voxel space) = 0
     Total field sigma (voxel space) = 0
     Update field time sigma = 0
     Total field time sigma  = 0
     Number of time indices = 0
     Number of time point samples = 0
Registration using 1 total stages.

Stage 0
  iterations = 1000x500x250x100
  convergence threshold = 1e-06
  convergence window size = 10
  number of levels = 4
  using the Mattes MI metric (number of bins = 32, weight = 1, use gradient filter = 0)
  preprocessing:  winsorizing the image intensities
  Shrink factors (level 1 out of 4): [8, 8, 8]
  Shrink factors (level 2 out of 4): [4, 4, 4]
  Shrink factors (level 3 out of 4): [2, 2, 2]
  Shrink factors (level 4 out of 4): [1, 1, 1]
  smoothing sigmas per level: [3, 2, 1, 0]
  regular sampling (percentage = 0.25)

*** Running AffineTransform registration ***

DIAGNOSTIC,Iteration,metricValue,convergenceValue,ITERATION_TIME_INDEX,SINCE_LAST
 2DIAGNOSTIC,     1, -6.382808840806e-01, 1.797693134862e+308, 7.0418e-01, 7.0418e-01, 
 2DIAGNOSTIC,     2, -6.407463462627e-01, 1.797693134862e+308, 7.0875e-01, 4.5729e-03, 
 2DIAGNOSTIC,     3, -6.451563617700e-01, 1.797693134862e+308, 7.1327e-01, 4.5228e-03, 
 2DIAGNOSTIC,     4, -6.521822602971e-01, 1.797693134862e+308, 7.1777e-01, 4.4949e-03, 
 2DIAGNOSTIC,     5, -6.630833213683e-01, 1.797693134862e+308, 7.2247e-01, 4.7069e-03, 
 2DIAGNOSTIC,     6, -6.815411925222e-01, 1.797693134862e+308, 7.2734e-01, 4.8618e-03, 
 2DIAGNOSTIC,     7, -7.249745990757e-01, 1.797693134862e+308, 7.3252e-01, 5.1808e-03, 
 2DIAGNOSTIC,     8, -8.402281279007e-01, 1.797693134862e+308, 7.3745e-01, 4.9329e-03, 
 2DIAGNOSTIC,     9, -8.670072823223e-01, 1.797693134862e+308, 7.4508e-01, 7.6301e-03, 
 2DIAGNOSTIC,    10, -8.690405335070e-01, 2.370987595642e-02, 7.4996e-01, 4.8821e-03, 
 2DIAGNOSTIC,    11, -8.788723580175e-01, 2.366343536531e-02, 7.5458e-01, 4.6129e-03, 
 2DIAGNOSTIC,    12, -8.887401422112e-01, 2.187543402580e-02, 7.5936e-01, 4.7801e-03, 
 2DIAGNOSTIC,    13, -8.929105230082e-01, 1.864053709078e-02, 7.6467e-01, 5.3122e-03, 
 2DIAGNOSTIC,    14, -8.986911357198e-01, 1.459668205667e-02, 7.6999e-01, 5.3220e-03, 
 2DIAGNOSTIC,    15, -9.051774876530e-01, 1.031730572854e-02, 7.7690e-01, 6.9151e-03, 
 2DIAGNOSTIC,    16, -9.052619027046e-01, 6.142518008379e-03, 7.8268e-01, 5.7790e-03, 
 2DIAGNOSTIC,    17, -9.054082825235e-01, 2.821904484636e-03, 7.8841e-01, 5.7268e-03, 
 2DIAGNOSTIC,    18, -9.053914689740e-01, 1.922254594259e-03, 7.9399e-01, 5.5790e-03, 
 2DIAGNOSTIC,    19, -9.051681372074e-01, 1.446979354623e-03, 7.9918e-01, 5.1870e-03, 
 2DIAGNOSTIC,    20, -9.052884912523e-01, 9.252385797993e-04, 8.0393e-01, 4.7581e-03, 
 2DIAGNOSTIC,    21, -9.054640265775e-01, 5.364292731918e-04, 8.0920e-01, 5.2681e-03, 
 2DIAGNOSTIC,    22, -9.056612931994e-01, 2.964368790851e-04, 8.1437e-01, 5.1689e-03, 
 2DIAGNOSTIC,    23, -9.057499089182e-01, 1.145824571263e-04, 8.1955e-01, 5.1742e-03, 
 2DIAGNOSTIC,    24, -9.059297092093e-01, 2.165373130885e-05, 8.2456e-01, 5.0189e-03, 
 2DIAGNOSTIC,    25, -9.059769730129e-01, 2.442817535394e-05, 8.3020e-01, 5.6379e-03, 
 2DIAGNOSTIC,    26, -9.061317348487e-01, 2.782043994951e-05, 8.3534e-01, 5.1382e-03, 
 2DIAGNOSTIC,    27, -9.061747427767e-01, 3.077038601695e-05, 8.4000e-01, 4.6589e-03, 
 2DIAGNOSTIC,    28, -9.064752331216e-01, 3.426663576896e-05, 8.4518e-01, 5.1842e-03, 
 2DIAGNOSTIC,    29, -9.066319073411e-01, 3.352947079357e-05, 8.5100e-01, 5.8160e-03, 
 2DIAGNOSTIC,    30, -9.067507584400e-01, 3.244589762529e-05, 8.5835e-01, 7.3538e-03, 
 2DIAGNOSTIC,    31, -9.064763320915e-01, 2.739498197315e-05, 8.6322e-01, 4.8671e-03, 
 2DIAGNOSTIC,    32, -9.065569998307e-01, 2.321513541128e-05, 8.6841e-01, 5.1849e-03, 
 2DIAGNOSTIC,    33, -9.066472807299e-01, 1.890836661442e-05, 8.7348e-01, 5.0762e-03, 
 2DIAGNOSTIC,    34, -9.065473413767e-01, 1.387397172001e-05, 8.7832e-01, 4.8389e-03, 
 2DIAGNOSTIC,    35, -9.062780026738e-01, 5.851940600932e-06, 8.8299e-01, 4.6721e-03, 
DIAGNOSTIC,Iteration,metricValue,convergenceValue,ITERATION_TIME_INDEX,SINCE_LAST
 2DIAGNOSTIC,     1, -7.442987480392e-01, 1.797693134862e+308, 1.6528e+00, 7.6981e-01, 
 2DIAGNOSTIC,     2, -7.450906073041e-01, 1.797693134862e+308, 1.6896e+00, 3.6768e-02, 
 2DIAGNOSTIC,     3, -7.459149193588e-01, 1.797693134862e+308, 1.7254e+00, 3.5858e-02, 
 2DIAGNOSTIC,     4, -7.466475289133e-01, 1.797693134862e+308, 1.7608e+00, 3.5385e-02, 
 2DIAGNOSTIC,     5, -7.473885055996e-01, 1.797693134862e+308, 1.7974e+00, 3.6598e-02, 
 2DIAGNOSTIC,     6, -7.484009832389e-01, 1.797693134862e+308, 1.8638e+00, 6.6379e-02, 
 2DIAGNOSTIC,     7, -7.483881445379e-01, 1.797693134862e+308, 1.8998e+00, 3.5992e-02, 
 2DIAGNOSTIC,     8, -7.484149159778e-01, 1.797693134862e+308, 1.9482e+00, 4.8415e-02, 
 2DIAGNOSTIC,     9, -7.484239828474e-01, 1.797693134862e+308, 1.9892e+00, 4.0984e-02, 
 2DIAGNOSTIC,    10, -7.484159344224e-01, 3.746195136543e-04, 2.0298e+00, 4.0652e-02, 
 2DIAGNOSTIC,    11, -7.484100114547e-01, 2.528325022902e-04, 2.0717e+00, 4.1846e-02, 
 2DIAGNOSTIC,    12, -7.484192588074e-01, 1.541560683935e-04, 2.1084e+00, 3.6701e-02, 
 2DIAGNOSTIC,    13, -7.484192671611e-01, 8.121757814795e-05, 2.1513e+00, 4.2949e-02, 
 2DIAGNOSTIC,    14, -7.484410257666e-01, 3.178812923811e-05, 2.1875e+00, 3.6134e-02, 
 2DIAGNOSTIC,    15, -7.484575341966e-01, 4.723867482029e-06, 2.2244e+00, 3.6931e-02, 
 2DIAGNOSTIC,    16, -7.484848688234e-01, 5.530493597777e-06, 2.2636e+00, 3.9220e-02, 
 2DIAGNOSTIC,    17, -7.485359479917e-01, 6.745470118107e-06, 2.3034e+00, 3.9739e-02, 
 2DIAGNOSTIC,    18, -7.485696554557e-01, 8.622024903059e-06, 2.3490e+00, 4.5662e-02, 
 2DIAGNOSTIC,    19, -7.485661443124e-01, 9.776534357638e-06, 2.3890e+00, 3.9989e-02, 
 2DIAGNOSTIC,    20, -7.485605928268e-01, 9.826334919263e-06, 2.4302e+00, 4.1232e-02, 
 2DIAGNOSTIC,    21, -7.485558813953e-01, 8.912624388090e-06, 2.4695e+00, 3.9258e-02, 
 2DIAGNOSTIC,    22, -7.485702273380e-01, 7.789525990058e-06, 2.5123e+00, 4.2810e-02, 
 2DIAGNOSTIC,    23, -7.486015867324e-01, 6.667808438866e-06, 2.5485e+00, 3.6219e-02, 
 2DIAGNOSTIC,    24, -7.486390879874e-01, 6.080108836487e-06, 2.5918e+00, 4.3284e-02, 
 2DIAGNOSTIC,    25, -7.486775154448e-01, 5.928741133789e-06, 2.6316e+00, 3.9763e-02, 
 2DIAGNOSTIC,    26, -7.486551176676e-01, 5.405754247761e-06, 2.6757e+00, 4.4151e-02, 
 2DIAGNOSTIC,    27, -7.486360554396e-01, 4.982111964695e-06, 2.7125e+00, 3.6731e-02, 
 2DIAGNOSTIC,    28, -7.486396765464e-01, 4.738402188467e-06, 2.7537e+00, 4.1269e-02, 
 2DIAGNOSTIC,    29, -7.486186844279e-01, 3.833928133683e-06, 2.8065e+00, 5.2728e-02, 
 2DIAGNOSTIC,    30, -7.486194061060e-01, 2.675592153945e-06, 2.8637e+00, 5.7274e-02, 
 2DIAGNOSTIC,    31, -7.486194531183e-01, 1.390250470190e-06, 2.8998e+00, 3.6057e-02, 
DIAGNOSTIC,Iteration,metricValue,convergenceValue,ITERATION_TIME_INDEX,SINCE_LAST
 2DIAGNOSTIC,     1, -6.324350817482e-01, 1.797693134862e+308, 4.0401e+00, 1.1403e+00, 
 2DIAGNOSTIC,     2, -6.330360928017e-01, 1.797693134862e+308, 4.3121e+00, 2.7201e-01, 
 2DIAGNOSTIC,     3, -6.336830116443e-01, 1.797693134862e+308, 4.5783e+00, 2.6618e-01, 
 2DIAGNOSTIC,     4, -6.345164841080e-01, 1.797693134862e+308, 4.8496e+00, 2.7128e-01, 
 2DIAGNOSTIC,     5, -6.368036206732e-01, 1.797693134862e+308, 5.4471e+00, 5.9755e-01, 
 2DIAGNOSTIC,     6, -6.368032208407e-01, 1.797693134862e+308, 5.7203e+00, 2.7321e-01, 
 2DIAGNOSTIC,     7, -6.367989747641e-01, 1.797693134862e+308, 6.0663e+00, 3.4596e-01, 
 2DIAGNOSTIC,     8, -6.367986652203e-01, 1.797693134862e+308, 6.3980e+00, 3.3170e-01, 
 2DIAGNOSTIC,     9, -6.367978476543e-01, 1.797693134862e+308, 6.6793e+00, 2.8129e-01, 
 2DIAGNOSTIC,    10, -6.367946052917e-01, 4.906422552869e-04, 7.0004e+00, 3.2109e-01, 
 2DIAGNOSTIC,    11, -6.367952532694e-01, 3.312191466292e-04, 7.2643e+00, 2.6390e-01, 
 2DIAGNOSTIC,    12, -6.367949281329e-01, 1.924335671978e-04, 7.5684e+00, 3.0410e-01, 
 2DIAGNOSTIC,    13, -6.367942103049e-01, 8.024873541523e-05, 7.8324e+00, 2.6400e-01, 
 2DIAGNOSTIC,    14, -6.367925552539e-01, 1.512303310955e-06, 8.1444e+00, 3.1204e-01, 
 2DIAGNOSTIC,    15, -6.367930200582e-01, 1.522002141582e-06, 8.4374e+00, 2.9302e-01, 
 2DIAGNOSTIC,    16, -6.367920676301e-01, 1.549624831232e-06, 8.7066e+00, 2.6921e-01, 
 2DIAGNOSTIC,    17, -6.367900168346e-01, 1.447969997903e-06, 8.9874e+00, 2.8079e-01, 
 2DIAGNOSTIC,    18, -6.367891699501e-01, 1.369943356040e-06, 9.2640e+00, 2.7657e-01, 
 2DIAGNOSTIC,    19, -6.367882539916e-01, 1.298925918748e-06, 9.5709e+00, 3.0686e-01, 
 2DIAGNOSTIC,    20, -6.367875498686e-01, 1.180790012018e-06, 9.8721e+00, 3.0126e-01, 
 2DIAGNOSTIC,    21, -6.367866562637e-01, 1.106821665375e-06, 1.0157e+01, 2.8465e-01, 
 2DIAGNOSTIC,    22, -6.367856232321e-01, 1.051283899683e-06, 1.0407e+01, 2.5016e-01, 
DIAGNOSTIC,Iteration,metricValue,convergenceValue,ITERATION_TIME_INDEX,SINCE_LAST
 2DIAGNOSTIC,     1, -5.628294372390e-01, 1.797693134862e+308, 1.3372e+01, 2.9648e+00, 
 2DIAGNOSTIC,     2, -5.630143189211e-01, 1.797693134862e+308, 1.5241e+01, 1.8691e+00, 
 2DIAGNOSTIC,     3, -5.631909384362e-01, 1.797693134862e+308, 1.7098e+01, 1.8574e+00, 
 2DIAGNOSTIC,     4, -5.634969384056e-01, 1.797693134862e+308, 1.9211e+01, 2.1129e+00, 
 2DIAGNOSTIC,     5, -5.639306523238e-01, 1.797693134862e+308, 2.2888e+01, 3.6772e+00, 
 2DIAGNOSTIC,     6, -5.639343405040e-01, 1.797693134862e+308, 2.4658e+01, 1.7701e+00, 
 2DIAGNOSTIC,     7, -5.639357824264e-01, 1.797693134862e+308, 2.6541e+01, 1.8825e+00, 
 2DIAGNOSTIC,     8, -5.639382560855e-01, 1.797693134862e+308, 2.8266e+01, 1.7253e+00, 
 2DIAGNOSTIC,     9, -5.639405902884e-01, 1.797693134862e+308, 3.0271e+01, 2.0043e+00, 
 2DIAGNOSTIC,    10, -5.639440710823e-01, 1.370133569241e-04, 3.2317e+01, 2.0468e+00, 
 2DIAGNOSTIC,    11, -5.639456144903e-01, 9.019613469753e-05, 3.4446e+01, 2.1292e+00, 
 2DIAGNOSTIC,    12, -5.639469801766e-01, 5.142267039238e-05, 3.6283e+01, 1.8370e+00, 
 2DIAGNOSTIC,    13, -5.639483824858e-01, 2.098213422816e-05, 3.8701e+01, 2.4172e+00, 
 2DIAGNOSTIC,    14, -5.639488322854e-01, 3.797116292573e-06, 4.1309e+01, 2.6088e+00, 
 2DIAGNOSTIC,    15, -5.639486597168e-01, 3.333745433654e-06, 4.3193e+01, 1.8834e+00, 
 2DIAGNOSTIC,    16, -5.639486348730e-01, 2.933072688532e-06, 4.5829e+01, 2.6365e+00, 
 2DIAGNOSTIC,    17, -5.639486742264e-01, 2.536137376837e-06, 4.7846e+01, 2.0163e+00, 
 2DIAGNOSTIC,    18, -5.639484272676e-01, 2.183349105088e-06, 4.9869e+01, 2.0229e+00, 
 2DIAGNOSTIC,    19, -5.639484685502e-01, 1.890530240654e-06, 5.1657e+01, 1.7880e+00, 
 2DIAGNOSTIC,    20, -5.639483913818e-01, 1.692560183515e-06, 5.3757e+01, 2.1000e+00, 
 2DIAGNOSTIC,    21, -5.639481425901e-01, 1.534695470248e-06, 5.5802e+01, 2.0459e+00, 
 2DIAGNOSTIC,    22, -5.639480406584e-01, 1.417625217902e-06, 5.7603e+01, 1.8008e+00, 
 2DIAGNOSTIC,    23, -5.639479696691e-01, 1.342316724419e-06, 5.9677e+01, 2.0734e+00, 
 2DIAGNOSTIC,    24, -5.639478985846e-01, 1.285144405401e-06, 6.1536e+01, 1.8591e+00, 
 2DIAGNOSTIC,    25, -5.639477328178e-01, 1.229511995271e-06, 6.3296e+01, 1.7597e+00, 
 2DIAGNOSTIC,    26, -5.639479485809e-01, 1.186003600870e-06, 6.5277e+01, 1.9814e+00, 
 2DIAGNOSTIC,    27, -5.639476701715e-01, 1.144808490339e-06, 6.7542e+01, 2.2646e+00, 
 2DIAGNOSTIC,    28, -5.639478389393e-01, 1.108380932299e-06, 6.9569e+01, 2.0271e+00, 
 2DIAGNOSTIC,    29, -5.639478006981e-01, 1.077069176951e-06, 7.1334e+01, 1.7656e+00, 
