
##########################
# Experiment information #
##########################

EXPERIMENT_NAME: antsRegistration-binary64
VFC_BACKENDS: libinterflop_ieee.so

SIF_IMG: /home/mdugre/projects/rrg-glatard/mdugre/containers/ants-vprec-no_metrics.simg

SUBJECT_ID: s014
INPUT_IMG: /home/mdugre/scratch/mri-registration-rp/datasets/ds004513/derivatives/mri-registration-rp/antsBrainExtraction/sub-s014/BrainExtractionBrain.nii.gz
OUTPUT_DIR: /home/mdugre/scratch/mri-registration-rp/datasets/ds004513/derivatives/mri-registration-rp/0000/antsRegistration-binary64/sub-s014

FIXED_IMG: /templateflow/tpl-MNI152NLin2009cAsym/tpl-MNI152NLin2009cAsym_res-01_desc-brain_T1w.nii.gz
DATA_DIR: /home/mdugre/scratch/mri-registration-rp/datasets/ds004513
TEMPLATEFLOW_DIR: /home/mdugre/projects/rrg-glatard/mdugre/templateflow
ITK_GLOBAL_DEFAULT_NUMBER_OF_THREADS: 16
##########################

Info [verificarlo]: loaded backend libinterflop_ieee.so
Info [interflop-ieee]: load backend with:
Info [interflop-ieee]: debug = false
Info [interflop-ieee]: debug-binary = false
Info [interflop-ieee]: no-backend-name = false
Info [interflop-ieee]: print-new-line = false
Info [interflop-ieee]: print-subnormal-normalized = false
Info [interflop-ieee]: count-op = false
All_Command_lines_OK
Using double precision for computations.
=============================================================================
The composite transform comprises the following transforms (in order): 
  1. Center of mass alignment using fixed image: /templateflow/tpl-MNI152NLin2009cAsym/tpl-MNI152NLin2009cAsym_res-01_desc-brain_T1w.nii.gz and moving image: /home/mdugre/scratch/mri-registration-rp/datasets/ds004513/derivatives/mri-registration-rp/antsBrainExtraction/sub-s014/BrainExtractionBrain.nii.gz (type = Euler3DTransform)
=============================================================================
  number of levels = 1
  fixed image: /templateflow/tpl-MNI152NLin2009cAsym/tpl-MNI152NLin2009cAsym_res-01_desc-brain_T1w.nii.gz
  moving image: /home/mdugre/scratch/mri-registration-rp/datasets/ds004513/derivatives/mri-registration-rp/antsBrainExtraction/sub-s014/BrainExtractionBrain.nii.gz
Dimension = 3
Number of stages = 1
Use histogram matching = false
Winsorize image intensities = true
  Lower quantile = 0.005
  Upper quantile = 0.995


Stage 1 State
   Image metric = MattesMI
     Fixed image = Image (0x3d8fdf0)
  RTTI typeinfo:   itk::Image<double, 3u>
  Reference Count: 2
  Modified Time: 2334
  Debug: Off
  Object Name: 
  Observers: 
    none
  Source: (none)
  Source output name: (none)
  Release Data: Off
  Data Released: False
  Global Release Data: Off
  PipelineMTime: 0
  UpdateMTime: 1943
  RealTimeStamp: 0 seconds 
  LargestPossibleRegion: 
    Dimension: 3
    Index: [0, 0, 0]
    Size: [193, 229, 193]
  BufferedRegion: 
    Dimension: 3
    Index: [0, 0, 0]
    Size: [193, 229, 193]
  RequestedRegion: 
    Dimension: 3
    Index: [0, 0, 0]
    Size: [193, 229, 193]
  Spacing: [1, 1, 1]
  Origin: [96, 132, -78]
  Direction: 
-1 0 0
0 -1 0
0 0 1

  IndexToPointMatrix: 
-1 0 0
0 -1 0
0 0 1

  PointToIndexMatrix: 
-1 0 0
0 -1 0
0 0 1

  Inverse Direction: 
-1 0 0
0 -1 0
0 0 1

  PixelContainer: 
    ImportImageContainer (0x3ec7d50)
      RTTI typeinfo:   itk::ImportImageContainer<unsigned long, double>
      Reference Count: 1
      Modified Time: 1940
      Debug: Off
      Object Name: 
      Observers: 
        none
      Pointer: 0x14737a6a0010
      Container manages memory: true
      Size: 8530021
      Capacity: 8530021

     Moving image = Image (0x3d983e0)
  RTTI typeinfo:   itk::Image<double, 3u>
  Reference Count: 2
  Modified Time: 2335
  Debug: Off
  Object Name: 
  Observers: 
    none
  Source: (none)
  Source output name: (none)
  Release Data: Off
  Data Released: False
  Global Release Data: Off
  PipelineMTime: 0
  UpdateMTime: 2332
  RealTimeStamp: 0 seconds 
  LargestPossibleRegion: 
    Dimension: 3
    Index: [0, 0, 0]
    Size: [160, 240, 256]
  BufferedRegion: 
    Dimension: 3
    Index: [0, 0, 0]
    Size: [160, 240, 256]
  RequestedRegion: 
    Dimension: 3
    Index: [0, 0, 0]
    Size: [160, 240, 256]
  Spacing: [0.999999, 1, 1]
  Origin: [84.1637, 106.709, -120.531]
  Direction: 
-0.999619 -0.0226874 -0.0157033
0.0226846 -0.999743 0.00035635
-0.0157073 -7.8229e-09 0.999877

  IndexToPointMatrix: 
-0.999619 -0.0226874 -0.0157033
0.0226845 -0.999743 0.00035635
-0.0157073 -7.8229e-09 0.999877

  PointToIndexMatrix: 
-0.99962 0.0226846 -0.0157073
-0.0226874 -0.999743 -7.83127e-09
-0.0157033 0.00035635 0.999877

  Inverse Direction: 
-0.999619 0.0226846 -0.0157073
-0.0226874 -0.999743 -7.83127e-09
-0.0157033 0.00035635 0.999877

  PixelContainer: 
    ImportImageContainer (0x3d905c0)
      RTTI typeinfo:   itk::ImportImageContainer<unsigned long, double>
      Reference Count: 1
      Modified Time: 2329
      Debug: Off
      Object Name: 
      Observers: 
        none
      Pointer: 0x147375b9f010
      Container manages memory: true
      Size: 9830400
      Capacity: 9830400

     Weighting = 1
     Sampling strategy = regular
     Number of bins = 32
     Radius = 4
     Sampling percentage  = 0.25
   Transform = Rigid
     Gradient step = 0.1
     Update field sigma (voxel space) = 0
     Total field sigma (voxel space) = 0
     Update field time sigma = 0
     Total field time sigma  = 0
     Number of time indices = 0
     Number of time point samples = 0
Registration using 1 total stages.

Stage 0
  iterations = 0
  convergence threshold = 1e-06
  convergence window size = 10
  number of levels = 1
  using the Mattes MI metric (number of bins = 32, weight = 1, use gradient filter = 0)
  preprocessing:  winsorizing the image intensities
  Shrink factors (level 1 out of 1): [1, 1, 1]
  smoothing sigmas per level: [0]
  regular sampling (percentage = 0.25)

*** Running Euler3DTransform registration ***

  Elapsed time (stage 0): 1.12212


Total elapsed time: 1.12437
Info [verificarlo]: loaded backend libinterflop_ieee.so
Info [interflop-ieee]: load backend with:
Info [interflop-ieee]: debug = false
Info [interflop-ieee]: debug-binary = false
Info [interflop-ieee]: no-backend-name = false
Info [interflop-ieee]: print-new-line = false
Info [interflop-ieee]: print-subnormal-normalized = false
Info [interflop-ieee]: count-op = false
All_Command_lines_OK
Using double precision for computations.
=============================================================================
The composite transform comprises the following transforms (in order): 
  1. /home/mdugre/scratch/mri-registration-rp/datasets/ds004513/derivatives/mri-registration-rp/0000/antsRegistration-binary64/sub-s014/align_Composite.h5[0] (type = Euler3DTransform)
  2. /home/mdugre/scratch/mri-registration-rp/datasets/ds004513/derivatives/mri-registration-rp/0000/antsRegistration-binary64/sub-s014/align_Composite.h5[1] (type = Euler3DTransform)
=============================================================================
  number of levels = 4
  fixed image: /templateflow/tpl-MNI152NLin2009cAsym/tpl-MNI152NLin2009cAsym_res-01_desc-brain_T1w.nii.gz
  moving image: /home/mdugre/scratch/mri-registration-rp/datasets/ds004513/derivatives/mri-registration-rp/antsBrainExtraction/sub-s014/BrainExtractionBrain.nii.gz
Dimension = 3
Number of stages = 1
Use histogram matching = false
Winsorize image intensities = true
  Lower quantile = 0.005
  Upper quantile = 0.995


Stage 1 State
   Image metric = MattesMI
     Fixed image = Image (0x4a217e0)
  RTTI typeinfo:   itk::Image<double, 3u>
  Reference Count: 2
  Modified Time: 1580
  Debug: Off
  Object Name: 
  Observers: 
    none
  Source: (none)
  Source output name: (none)
  Release Data: Off
  Data Released: False
  Global Release Data: Off
  PipelineMTime: 0
  UpdateMTime: 1189
  RealTimeStamp: 0 seconds 
  LargestPossibleRegion: 
    Dimension: 3
    Index: [0, 0, 0]
    Size: [193, 229, 193]
  BufferedRegion: 
    Dimension: 3
    Index: [0, 0, 0]
    Size: [193, 229, 193]
  RequestedRegion: 
    Dimension: 3
    Index: [0, 0, 0]
    Size: [193, 229, 193]
  Spacing: [1, 1, 1]
  Origin: [96, 132, -78]
  Direction: 
-1 0 0
0 -1 0
0 0 1

  IndexToPointMatrix: 
-1 0 0
0 -1 0
0 0 1

  PointToIndexMatrix: 
-1 0 0
0 -1 0
0 0 1

  Inverse Direction: 
-1 0 0
0 -1 0
0 0 1

  PixelContainer: 
    ImportImageContainer (0x4ae0010)
      RTTI typeinfo:   itk::ImportImageContainer<unsigned long, double>
      Reference Count: 1
      Modified Time: 1186
      Debug: Off
      Object Name: 
      Observers: 
        none
      Pointer: 0x147cca909010
      Container manages memory: true
      Size: 8530021
      Capacity: 8530021

     Moving image = Image (0x4add100)
  RTTI typeinfo:   itk::Image<double, 3u>
  Reference Count: 2
  Modified Time: 1581
  Debug: Off
  Object Name: 
  Observers: 
    none
  Source: (none)
  Source output name: (none)
  Release Data: Off
  Data Released: False
  Global Release Data: Off
  PipelineMTime: 0
  UpdateMTime: 1578
  RealTimeStamp: 0 seconds 
  LargestPossibleRegion: 
    Dimension: 3
    Index: [0, 0, 0]
    Size: [160, 240, 256]
  BufferedRegion: 
    Dimension: 3
    Index: [0, 0, 0]
    Size: [160, 240, 256]
  RequestedRegion: 
    Dimension: 3
    Index: [0, 0, 0]
    Size: [160, 240, 256]
  Spacing: [0.999999, 1, 1]
  Origin: [84.1637, 106.709, -120.531]
  Direction: 
-0.999619 -0.0226874 -0.0157033
0.0226846 -0.999743 0.00035635
-0.0157073 -7.8229e-09 0.999877

  IndexToPointMatrix: 
-0.999619 -0.0226874 -0.0157033
0.0226845 -0.999743 0.00035635
-0.0157073 -7.8229e-09 0.999877

  PointToIndexMatrix: 
-0.99962 0.0226846 -0.0157073
-0.0226874 -0.999743 -7.83127e-09
-0.0157033 0.00035635 0.999877

  Inverse Direction: 
-0.999619 0.0226846 -0.0157073
-0.0226874 -0.999743 -7.83127e-09
-0.0157033 0.00035635 0.999877

  PixelContainer: 
    ImportImageContainer (0x4bc8610)
      RTTI typeinfo:   itk::ImportImageContainer<unsigned long, double>
      Reference Count: 1
      Modified Time: 1575
      Debug: Off
      Object Name: 
      Observers: 
        none
      Pointer: 0x147cc5e08010
      Container manages memory: true
      Size: 9830400
      Capacity: 9830400

     Weighting = 1
     Sampling strategy = regular
     Number of bins = 32
     Radius = 4
     Sampling percentage  = 0.25
   Transform = Rigid
     Gradient step = 0.1
     Update field sigma (voxel space) = 0
     Total field sigma (voxel space) = 0
     Update field time sigma = 0
     Total field time sigma  = 0
     Number of time indices = 0
     Number of time point samples = 0
Registration using 1 total stages.

Stage 0
  iterations = 1000x500x250x100
  convergence threshold = 1e-06
  convergence window size = 10
  number of levels = 4
  using the Mattes MI metric (number of bins = 32, weight = 1, use gradient filter = 0)
  preprocessing:  winsorizing the image intensities
  Shrink factors (level 1 out of 4): [8, 8, 8]
  Shrink factors (level 2 out of 4): [4, 4, 4]
  Shrink factors (level 3 out of 4): [2, 2, 2]
  Shrink factors (level 4 out of 4): [1, 1, 1]
  smoothing sigmas per level: [3, 2, 1, 0]
  regular sampling (percentage = 0.25)

*** Running Euler3DTransform registration ***

DIAGNOSTIC,Iteration,metricValue,convergenceValue,ITERATION_TIME_INDEX,SINCE_LAST
 2DIAGNOSTIC,     1, -4.770821406565e-01, 1.797693134862e+308, 7.3243e-01, 7.3243e-01, 
 2DIAGNOSTIC,     2, -4.784216133942e-01, 1.797693134862e+308, 7.3679e-01, 4.3561e-03, 
 2DIAGNOSTIC,     3, -4.807043200681e-01, 1.797693134862e+308, 7.4093e-01, 4.1342e-03, 
 2DIAGNOSTIC,     4, -4.840264478065e-01, 1.797693134862e+308, 7.4486e-01, 3.9351e-03, 
 2DIAGNOSTIC,     5, -4.883050305770e-01, 1.797693134862e+308, 7.4915e-01, 4.2901e-03, 
 2DIAGNOSTIC,     6, -4.953560426371e-01, 1.797693134862e+308, 7.5391e-01, 4.7629e-03, 
 2DIAGNOSTIC,     7, -5.007350570384e-01, 1.797693134862e+308, 7.5801e-01, 4.0951e-03, 
 2DIAGNOSTIC,     8, -5.013278569503e-01, 1.797693134862e+308, 7.6216e-01, 4.1521e-03, 
 2DIAGNOSTIC,     9, -5.085255256006e-01, 1.797693134862e+308, 7.6756e-01, 5.4011e-03, 
 2DIAGNOSTIC,    10, -5.161992633656e-01, 5.125196520979e-03, 7.7374e-01, 6.1769e-03, 
 2DIAGNOSTIC,    11, -5.167072941437e-01, 4.879252931146e-03, 7.7826e-01, 4.5178e-03, 
 2DIAGNOSTIC,    12, -5.203629876260e-01, 4.481282734468e-03, 7.8258e-01, 4.3240e-03, 
 2DIAGNOSTIC,    13, -5.229718709777e-01, 3.958672533579e-03, 7.8691e-01, 4.3290e-03, 
 2DIAGNOSTIC,    14, -5.250338110830e-01, 3.368007801723e-03, 7.9189e-01, 4.9770e-03, 
 2DIAGNOSTIC,    15, -5.272078697648e-01, 2.786121483394e-03, 7.9847e-01, 6.5811e-03, 
 2DIAGNOSTIC,    16, -5.275715603978e-01, 2.284098302168e-03, 8.0255e-01, 4.0851e-03, 
 2DIAGNOSTIC,    17, -5.282507656511e-01, 1.839921123745e-03, 8.0678e-01, 4.2312e-03, 
 2DIAGNOSTIC,    18, -5.289722876066e-01, 1.313912041901e-03, 8.1151e-01, 4.7309e-03, 
 2DIAGNOSTIC,    19, -5.292207410111e-01, 9.370568707372e-04, 8.1720e-01, 5.6901e-03, 
 2DIAGNOSTIC,    20, -5.294476960672e-01, 7.341365573348e-04, 8.2214e-01, 4.9331e-03, 
 2DIAGNOSTIC,    21, -5.294955840903e-01, 4.966190831863e-04, 8.2654e-01, 4.4069e-03, 
 2DIAGNOSTIC,    22, -5.295366245031e-01, 3.281311959308e-04, 8.3135e-01, 4.8029e-03, 
 2DIAGNOSTIC,    23, -5.295376311909e-01, 2.063244245631e-04, 8.3626e-01, 4.9081e-03, 
 2DIAGNOSTIC,    24, -5.295911249027e-01, 1.234508389517e-04, 8.4113e-01, 4.8771e-03, 
 2DIAGNOSTIC,    25, -5.296271130649e-01, 8.499150549837e-05, 8.4599e-01, 4.8561e-03, 
 2DIAGNOSTIC,    26, -5.296539599384e-01, 4.983583932674e-05, 8.5033e-01, 4.3421e-03, 
 2DIAGNOSTIC,    27, -5.297704229810e-01, 2.877322815999e-05, 8.5466e-01, 4.3328e-03, 
 2DIAGNOSTIC,    28, -5.299884954868e-01, 2.504887532474e-05, 8.6054e-01, 5.8761e-03, 
 2DIAGNOSTIC,    29, -5.300854192462e-01, 2.569611952955e-05, 8.6547e-01, 4.9341e-03, 
 2DIAGNOSTIC,    30, -5.300410324622e-01, 2.732899344993e-05, 8.6980e-01, 4.3211e-03, 
 2DIAGNOSTIC,    31, -5.300376932142e-01, 2.724560549015e-05, 8.7411e-01, 4.3130e-03, 
 2DIAGNOSTIC,    32, -5.301686264233e-01, 2.763232919467e-05, 8.7852e-01, 4.4110e-03, 
 2DIAGNOSTIC,    33, -5.303926738419e-01, 2.905769096934e-05, 8.8391e-01, 5.3952e-03, 
 2DIAGNOSTIC,    34, -5.304519664600e-01, 2.945835348392e-05, 8.8930e-01, 5.3871e-03, 
 2DIAGNOSTIC,    35, -5.305073139182e-01, 2.868169328676e-05, 8.9378e-01, 4.4780e-03, 
 2DIAGNOSTIC,    36, -5.305686017147e-01, 2.670517373386e-05, 8.9812e-01, 4.3380e-03, 
 2DIAGNOSTIC,    37, -5.306602858941e-01, 2.533264912480e-05, 9.0394e-01, 5.8272e-03, 
 2DIAGNOSTIC,    38, -5.306881156230e-01, 2.512162424825e-05, 9.0820e-01, 4.2539e-03, 
 2DIAGNOSTIC,    39, -5.307317416634e-01, 2.461885298524e-05, 9.1254e-01, 4.3459e-03, 
 2DIAGNOSTIC,    40, -5.308225091354e-01, 2.257034276250e-05, 9.1846e-01, 5.9190e-03, 
 2DIAGNOSTIC,    41, -5.308460424125e-01, 1.877385526148e-05, 9.2280e-01, 4.3318e-03, 
 2DIAGNOSTIC,    42, -5.308561837321e-01, 1.520831957459e-05, 9.2710e-01, 4.3030e-03, 
 2DIAGNOSTIC,    43, -5.308777649273e-01, 1.355835177400e-05, 9.3133e-01, 4.2319e-03, 
 2DIAGNOSTIC,    44, -5.309114036110e-01, 1.190613944549e-05, 9.3552e-01, 4.1919e-03, 
 2DIAGNOSTIC,    45, -5.310262965518e-01, 1.129423566773e-05, 9.4241e-01, 6.8929e-03, 
 2DIAGNOSTIC,    46, -5.310374074445e-01, 1.049838942160e-05, 9.4676e-01, 4.3449e-03, 
 2DIAGNOSTIC,    47, -5.310434720121e-01, 9.962263451384e-06, 9.5107e-01, 4.3151e-03, 
 2DIAGNOSTIC,    48, -5.310518853633e-01, 8.989886107647e-06, 9.5538e-01, 4.3049e-03, 
 2DIAGNOSTIC,    49, -5.310584329536e-01, 7.783359501981e-06, 9.6048e-01, 5.0979e-03, 
 2DIAGNOSTIC,    50, -5.310645817646e-01, 6.973833584081e-06, 9.6647e-01, 5.9969e-03, 
 2DIAGNOSTIC,    51, -5.310656430618e-01, 5.851695600610e-06, 9.7098e-01, 4.5102e-03, 
 2DIAGNOSTIC,    52, -5.310738190002e-01, 4.481863510025e-06, 9.7581e-01, 4.8211e-03, 
 2DIAGNOSTIC,    53, -5.310768127969e-01, 3.049471521598e-06, 9.8026e-01, 4.4539e-03, 
 2DIAGNOSTIC,    54, -5.310775506016e-01, 1.750844720268e-06, 9.8470e-01, 4.4401e-03, 
 2DIAGNOSTIC,    55, -5.310817434211e-01, 1.565716413198e-06, 9.8904e-01, 4.3392e-03, 
 2DIAGNOSTIC,    56, -5.310870994121e-01, 1.452195857527e-06, 9.9406e-01, 5.0180e-03, 
 2DIAGNOSTIC,    57, -5.310885232962e-01, 1.327089154866e-06, 9.9886e-01, 4.8010e-03, 
 2DIAGNOSTIC,    58, -5.310914487850e-01, 1.238639651128e-06, 1.0037e+00, 4.8530e-03, 
 2DIAGNOSTIC,    59, -5.311015678587e-01, 1.240623596660e-06, 1.0090e+00, 5.3320e-03, 
 2DIAGNOSTIC,    60, -5.311021904297e-01, 1.235244579005e-06, 1.0133e+00, 4.3020e-03, 
 2DIAGNOSTIC,    61, -5.311059901820e-01, 1.204917779139e-06, 1.0269e+00, 1.3587e-02, 
 2DIAGNOSTIC,    62, -5.311059901659e-01, 1.182103197373e-06, 1.0407e+00, 1.3732e-02, 
 2DIAGNOSTIC,    63, -5.311059901659e-01, 1.122797857696e-06, 1.0475e+00, 6.8491e-03, 
 2DIAGNOSTIC,    64, -5.311059901659e-01, 1.011506956326e-06, 1.0523e+00, 4.7622e-03, 
DIAGNOSTIC,Iteration,metricValue,convergenceValue,ITERATION_TIME_INDEX,SINCE_LAST
 2DIAGNOSTIC,     1, -4.295258231625e-01, 1.797693134862e+308, 1.7760e+00, 7.2371e-01, 
 2DIAGNOSTIC,     2, -4.302859640432e-01, 1.797693134862e+308, 1.8059e+00, 2.9929e-02, 
 2DIAGNOSTIC,     3, -4.309651196675e-01, 1.797693134862e+308, 1.8362e+00, 3.0303e-02, 
 2DIAGNOSTIC,     4, -4.317164347764e-01, 1.797693134862e+308, 1.8659e+00, 2.9671e-02, 
 2DIAGNOSTIC,     5, -4.325561938345e-01, 1.797693134862e+308, 1.8959e+00, 3.0033e-02, 
 2DIAGNOSTIC,     6, -4.341819580779e-01, 1.797693134862e+308, 1.9264e+00, 3.0485e-02, 
 2DIAGNOSTIC,     7, -4.354327949460e-01, 1.797693134862e+308, 1.9570e+00, 3.0619e-02, 
 2DIAGNOSTIC,     8, -4.367134834400e-01, 1.797693134862e+308, 1.9910e+00, 3.4013e-02, 
 2DIAGNOSTIC,     9, -4.377076816053e-01, 1.797693134862e+308, 2.0326e+00, 4.1545e-02, 
 2DIAGNOSTIC,    10, -4.379510214291e-01, 1.375954781894e-03, 2.0623e+00, 2.9696e-02, 
 2DIAGNOSTIC,    11, -4.381306699704e-01, 1.211218579661e-03, 2.0923e+00, 2.9972e-02, 
 2DIAGNOSTIC,    12, -4.403708091235e-01, 1.128184042342e-03, 2.1273e+00, 3.5095e-02, 
 2DIAGNOSTIC,    13, -4.435986505862e-01, 1.148562288581e-03, 2.1681e+00, 4.0801e-02, 
 2DIAGNOSTIC,    14, -4.436199448119e-01, 1.094787362616e-03, 2.1993e+00, 3.1181e-02, 
 2DIAGNOSTIC,    15, -4.445052016404e-01, 1.025845789096e-03, 2.2340e+00, 3.4665e-02, 
 2DIAGNOSTIC,    16, -4.479362667167e-01, 1.077370588538e-03, 2.2821e+00, 4.8146e-02, 
 2DIAGNOSTIC,    17, -4.481475950946e-01, 1.073587588113e-03, 2.3115e+00, 2.9330e-02, 
 2DIAGNOSTIC,    18, -4.482020490357e-01, 1.018146301613e-03, 2.3477e+00, 3.6263e-02, 
 2DIAGNOSTIC,    19, -4.481966708627e-01, 9.107728224324e-04, 2.4106e+00, 6.2838e-02, 
 2DIAGNOSTIC,    20, -4.481953335879e-01, 7.394369051164e-04, 2.4418e+00, 3.1182e-02, 
 2DIAGNOSTIC,    21, -4.481954334263e-01, 5.189437704912e-04, 2.4817e+00, 3.9997e-02, 
 2DIAGNOSTIC,    22, -4.482018533948e-01, 3.337448825960e-04, 2.5175e+00, 3.5730e-02, 
 2DIAGNOSTIC,    23, -4.481921491826e-01, 2.259319913948e-04, 2.5524e+00, 3.4971e-02, 
 2DIAGNOSTIC,    24, -4.482074312938e-01, 1.077320642775e-04, 2.5868e+00, 3.4347e-02, 
 2DIAGNOSTIC,    25, -4.482144439066e-01, 9.691656664763e-06, 2.6224e+00, 3.5631e-02, 
 2DIAGNOSTIC,    26, -4.482116710075e-01, 3.273680060548e-06, 2.6576e+00, 3.5139e-02, 
 2DIAGNOSTIC,    27, -4.482088353599e-01, 2.084627099837e-06, 2.6963e+00, 3.8730e-02, 
 2DIAGNOSTIC,    28, -4.482139219991e-01, 2.274304801708e-06, 2.7296e+00, 3.3340e-02, 
 2DIAGNOSTIC,    29, -4.482420866393e-01, 2.842586642127e-06, 2.7638e+00, 3.4155e-02, 
 2DIAGNOSTIC,    30, -4.482455732710e-01, 3.232686986682e-06, 2.7981e+00, 3.4334e-02, 
 2DIAGNOSTIC,    31, -4.482405886467e-01, 3.298138636913e-06, 2.8285e+00, 3.0423e-02, 
 2DIAGNOSTIC,    32, -4.482290914889e-01, 3.068921825403e-06, 2.8604e+00, 3.1868e-02, 
 2DIAGNOSTIC,    33, -4.482261087417e-01, 2.406544215856e-06, 2.8945e+00, 3.4102e-02, 
 2DIAGNOSTIC,    34, -4.482147421243e-01, 1.704267870647e-06, 2.9291e+00, 3.4542e-02, 
 2DIAGNOSTIC,    35, -4.482170221613e-01, 1.142411311519e-06, 2.9601e+00, 3.1013e-02, 
DIAGNOSTIC,Iteration,metricValue,convergenceValue,ITERATION_TIME_INDEX,SINCE_LAST
 2DIAGNOSTIC,     1, -3.932184618782e-01, 1.797693134862e+308, 4.0028e+00, 1.0427e+00, 
 2DIAGNOSTIC,     2, -3.933350080682e-01, 1.797693134862e+308, 4.2555e+00, 2.5273e-01, 
 2DIAGNOSTIC,     3, -3.934316047486e-01, 1.797693134862e+308, 4.4935e+00, 2.3796e-01, 
 2DIAGNOSTIC,     4, -3.934445201547e-01, 1.797693134862e+308, 4.7816e+00, 2.8818e-01, 
 2DIAGNOSTIC,     5, -3.934561041266e-01, 1.797693134862e+308, 5.0181e+00, 2.3647e-01, 
 2DIAGNOSTIC,     6, -3.934519588244e-01, 1.797693134862e+308, 5.3179e+00, 2.9977e-01, 
 2DIAGNOSTIC,     7, -3.934609783800e-01, 1.797693134862e+308, 5.5825e+00, 2.6458e-01, 
 2DIAGNOSTIC,     8, -3.934662065458e-01, 1.797693134862e+308, 5.8682e+00, 2.8577e-01, 
 2DIAGNOSTIC,     9, -3.934657228173e-01, 1.797693134862e+308, 6.1449e+00, 2.7670e-01, 
 2DIAGNOSTIC,    10, -3.934652655026e-01, 3.152003736900e-05, 6.6395e+00, 4.9458e-01, 
 2DIAGNOSTIC,    11, -3.934654511194e-01, 1.477511452697e-05, 6.9341e+00, 2.9457e-01, 
 2DIAGNOSTIC,    12, -3.934648701251e-01, 6.580331011141e-06, 7.2629e+00, 3.2879e-01, 
 2DIAGNOSTIC,    13, -3.934643181870e-01, 4.606064472029e-06, 7.5810e+00, 3.1809e-01, 
 2DIAGNOSTIC,    14, -3.934638001473e-01, 3.345435525048e-06, 7.8481e+00, 2.6716e-01, 
 2DIAGNOSTIC,    15, -3.934634290820e-01, 2.710369159928e-06, 8.1304e+00, 2.8231e-01, 
 2DIAGNOSTIC,    16, -3.934625529230e-01, 1.864555501552e-06, 8.4717e+00, 3.4130e-01, 
 2DIAGNOSTIC,    17, -3.934627931733e-01, 1.517172592516e-06, 8.7634e+00, 2.9164e-01, 
 2DIAGNOSTIC,    18, -3.934616481372e-01, 1.405024595787e-06, 9.0246e+00, 2.6120e-01, 
 2DIAGNOSTIC,    19, -3.934612447259e-01, 1.306026946785e-06, 9.2781e+00, 2.5356e-01, 
 2DIAGNOSTIC,    20, -3.934603217161e-01, 1.201002321004e-06, 9.6666e+00, 3.8850e-01, 
 2DIAGNOSTIC,    21, -3.934604181009e-01, 1.152649938739e-06, 9.9327e+00, 2.6605e-01, 
 2DIAGNOSTIC,    22, -3.934597593927e-01, 1.101366632623e-06, 1.0197e+01, 2.6456e-01, 
 2DIAGNOSTIC,    23, -3.934590999600e-01, 1.049398522968e-06, 1.0423e+01, 2.2563e-01, 
 2DIAGNOSTIC,    24, -3.934584994090e-01, 1.000310214744e-06, 1.0694e+01, 2.7151e-01, 
DIAGNOSTIC,Iteration,metricValue,convergenceValue,ITERATION_TIME_INDEX,SINCE_LAST
 2DIAGNOSTIC,     1, -3.660019237671e-01, 1.797693134862e+308, 1.3165e+01, 2.4706e+00, 
 2DIAGNOSTIC,     2, -3.661063447839e-01, 1.797693134862e+308, 1.4553e+01, 1.3885e+00, 
 2DIAGNOSTIC,     3, -3.661714049434e-01, 1.797693134862e+308, 1.6124e+01, 1.5707e+00, 
 2DIAGNOSTIC,     4, -3.661708553059e-01, 1.797693134862e+308, 1.8426e+01, 2.3020e+00, 
 2DIAGNOSTIC,     5, -3.661696512280e-01, 1.797693134862e+308, 2.0007e+01, 1.5809e+00, 
 2DIAGNOSTIC,     6, -3.661696342959e-01, 1.797693134862e+308, 2.4602e+01, 4.5949e+00, 
 2DIAGNOSTIC,     7, -3.661696342943e-01, 1.797693134862e+308, 2.8793e+01, 4.1911e+00, 
 2DIAGNOSTIC,     8, -3.661696342943e-01, 1.797693134862e+308, 3.0404e+01, 1.6105e+00, 
 2DIAGNOSTIC,     9, -3.661696342943e-01, 1.797693134862e+308, 3.2080e+01, 1.6767e+00, 
 2DIAGNOSTIC,    10, -3.661696342943e-01, 2.034947462339e-05, 3.3682e+01, 1.6012e+00, 
 2DIAGNOSTIC,    11, -3.661696342943e-01, 7.187793591198e-06, 3.5337e+01, 1.6556e+00, 
 2DIAGNOSTIC,    12, -3.661696342943e-01, 2.466672232596e-06, 3.7096e+01, 1.7589e+00, 
 2DIAGNOSTIC,    13, -3.661696342943e-01, 2.373246467277e-06, 3.8758e+01, 1.6623e+00, 
 2DIAGNOSTIC,    14, -3.661696342943e-01, 2.271299466602e-06, 4.0861e+01, 2.1026e+00, 
 2DIAGNOSTIC,    15, -3.661696342943e-01, 2.120749475684e-06, 4.2557e+01, 1.6961e+00, 
 2DIAGNOSTIC,    16, -3.661696342943e-01, 1.988197552982e-06, 4.4091e+01, 1.5339e+00, 
 2DIAGNOSTIC,    17, -3.661696342943e-01, 1.871240472129e-06, 4.5792e+01, 1.7012e+00, 
 2DIAGNOSTIC,    18, -3.661696342943e-01, 1.767279072050e-06, 4.7461e+01, 1.6684e+00, 
 2DIAGNOSTIC,    19, -3.661696342943e-01, 1.674261335835e-06, 4.9130e+01, 1.6693e+00, 
 2DIAGNOSTIC,    20, -3.661696342943e-01, 1.590545662851e-06, 5.0766e+01, 1.6365e+00, 
 2DIAGNOSTIC,    21, -3.661696342943e-01, 1.514803147508e-06, 5.2432e+01, 1.6657e+00, 
 2DIAGNOSTIC,    22, -3.661696342943e-01, 1.445946510213e-06, 5.3998e+01, 1.5662e+00, 
 2DIAGNOSTIC,    23, -3.661696342943e-01, 1.383077568681e-06, 5.5558e+01, 1.5601e+00, 
 2DIAGNOSTIC,    24, -3.661696342943e-01, 1.325447841538e-06, 5.7073e+01, 1.5143e+00, 
 2DIAGNOSTIC,    25, -3.661696342943e-01, 1.272428607403e-06, 5.8718e+01, 1.6455e+00, 
 2DIAGNOSTIC,    26, -3.661696342943e-01, 1.223487873563e-06, 6.0391e+01, 1.6728e+00, 
 2DIAGNOSTIC,    27, -3.661696342943e-01, 1.178172462875e-06, 6.2032e+01, 1.6407e+00, 
 2DIAGNOSTIC,    28, -3.661696342943e-01, 1.136093939189e-06, 6.3561e+01, 1.5294e+00, 
 2DIAGNOSTIC,    29, -3.661696342943e-01, 1.096917444994e-06, 6.5329e+01, 1.7676e+00, 
 2DIAGNOSTIC,    30, -3.661696342943e-01, 1.060352771289e-06, 6.6930e+01, 1.6009e+00, 
 2DIAGNOSTIC,    31, -3.661696342943e-01, 1.026147156143e-06, 6.8591e+01, 1.6615e+00, 
  Elapsed time (stage 0): 6.9411e+01


Total elapsed time: 6.9413e+01
Info [verificarlo]: loaded backend libinterflop_ieee.so
Info [interflop-ieee]: load backend with:
Info [interflop-ieee]: debug = false
Info [interflop-ieee]: debug-binary = false
Info [interflop-ieee]: no-backend-name = false
Info [interflop-ieee]: print-new-line = false
Info [interflop-ieee]: print-subnormal-normalized = false
Info [interflop-ieee]: count-op = false
All_Command_lines_OK
Using double precision for computations.
=============================================================================
The composite transform comprises the following transforms (in order): 
  1. /home/mdugre/scratch/mri-registration-rp/datasets/ds004513/derivatives/mri-registration-rp/0000/antsRegistration-binary64/sub-s014/rigid_Composite.h5[0] (type = Euler3DTransform)
  2. /home/mdugre/scratch/mri-registration-rp/datasets/ds004513/derivatives/mri-registration-rp/0000/antsRegistration-binary64/sub-s014/rigid_Composite.h5[1] (type = Euler3DTransform)
  3. /home/mdugre/scratch/mri-registration-rp/datasets/ds004513/derivatives/mri-registration-rp/0000/antsRegistration-binary64/sub-s014/rigid_Composite.h5[2] (type = Euler3DTransform)
=============================================================================
  number of levels = 4
  fixed image: /templateflow/tpl-MNI152NLin2009cAsym/tpl-MNI152NLin2009cAsym_res-01_desc-brain_T1w.nii.gz
  moving image: /home/mdugre/scratch/mri-registration-rp/datasets/ds004513/derivatives/mri-registration-rp/antsBrainExtraction/sub-s014/BrainExtractionBrain.nii.gz
Dimension = 3
Number of stages = 1
Use histogram matching = false
Winsorize image intensities = true
  Lower quantile = 0.005
  Upper quantile = 0.995


Stage 1 State
   Image metric = MattesMI
     Fixed image = Image (0x49ba7e0)
  RTTI typeinfo:   itk::Image<double, 3u>
  Reference Count: 2
  Modified Time: 1594
  Debug: Off
  Object Name: 
  Observers: 
    none
  Source: (none)
  Source output name: (none)
  Release Data: Off
  Data Released: False
  Global Release Data: Off
  PipelineMTime: 0
  UpdateMTime: 1203
  RealTimeStamp: 0 seconds 
  LargestPossibleRegion: 
    Dimension: 3
    Index: [0, 0, 0]
    Size: [193, 229, 193]
  BufferedRegion: 
    Dimension: 3
    Index: [0, 0, 0]
    Size: [193, 229, 193]
  RequestedRegion: 
    Dimension: 3
    Index: [0, 0, 0]
    Size: [193, 229, 193]
  Spacing: [1, 1, 1]
  Origin: [96, 132, -78]
  Direction: 
-1 0 0
0 -1 0
0 0 1

  IndexToPointMatrix: 
-1 0 0
0 -1 0
0 0 1

  PointToIndexMatrix: 
-1 0 0
0 -1 0
0 0 1

  Inverse Direction: 
-1 0 0
0 -1 0
0 0 1

  PixelContainer: 
    ImportImageContainer (0x4a7aa20)
      RTTI typeinfo:   itk::ImportImageContainer<unsigned long, double>
      Reference Count: 1
      Modified Time: 1200
      Debug: Off
      Object Name: 
      Observers: 
        none
      Pointer: 0x1500e6041010
      Container manages memory: true
      Size: 8530021
      Capacity: 8530021

     Moving image = Image (0x4a760a0)
  RTTI typeinfo:   itk::Image<double, 3u>
  Reference Count: 2
  Modified Time: 1595
  Debug: Off
  Object Name: 
  Observers: 
    none
  Source: (none)
  Source output name: (none)
  Release Data: Off
  Data Released: False
  Global Release Data: Off
  PipelineMTime: 0
  UpdateMTime: 1592
  RealTimeStamp: 0 seconds 
  LargestPossibleRegion: 
    Dimension: 3
    Index: [0, 0, 0]
    Size: [160, 240, 256]
  BufferedRegion: 
    Dimension: 3
    Index: [0, 0, 0]
    Size: [160, 240, 256]
  RequestedRegion: 
    Dimension: 3
    Index: [0, 0, 0]
    Size: [160, 240, 256]
  Spacing: [0.999999, 1, 1]
  Origin: [84.1637, 106.709, -120.531]
  Direction: 
-0.999619 -0.0226874 -0.0157033
0.0226846 -0.999743 0.00035635
-0.0157073 -7.8229e-09 0.999877

  IndexToPointMatrix: 
-0.999619 -0.0226874 -0.0157033
0.0226845 -0.999743 0.00035635
-0.0157073 -7.8229e-09 0.999877

  PointToIndexMatrix: 
-0.99962 0.0226846 -0.0157073
-0.0226874 -0.999743 -7.83127e-09
-0.0157033 0.00035635 0.999877

  Inverse Direction: 
-0.999619 0.0226846 -0.0157073
-0.0226874 -0.999743 -7.83127e-09
-0.0157033 0.00035635 0.999877

  PixelContainer: 
    ImportImageContainer (0x4a300d0)
      RTTI typeinfo:   itk::ImportImageContainer<unsigned long, double>
      Reference Count: 1
      Modified Time: 1589
      Debug: Off
      Object Name: 
      Observers: 
        none
      Pointer: 0x1500e1540010
      Container manages memory: true
      Size: 9830400
      Capacity: 9830400

     Weighting = 1
     Sampling strategy = regular
     Number of bins = 32
     Radius = 4
     Sampling percentage  = 0.25
   Transform = Affine
     Gradient step = 0.1
     Update field sigma (voxel space) = 0
     Total field sigma (voxel space) = 0
     Update field time sigma = 0
     Total field time sigma  = 0
     Number of time indices = 0
     Number of time point samples = 0
Registration using 1 total stages.

Stage 0
  iterations = 1000x500x250x100
  convergence threshold = 1e-06
  convergence window size = 10
  number of levels = 4
  using the Mattes MI metric (number of bins = 32, weight = 1, use gradient filter = 0)
  preprocessing:  winsorizing the image intensities
  Shrink factors (level 1 out of 4): [8, 8, 8]
  Shrink factors (level 2 out of 4): [4, 4, 4]
  Shrink factors (level 3 out of 4): [2, 2, 2]
  Shrink factors (level 4 out of 4): [1, 1, 1]
  smoothing sigmas per level: [3, 2, 1, 0]
  regular sampling (percentage = 0.25)

*** Running AffineTransform registration ***

DIAGNOSTIC,Iteration,metricValue,convergenceValue,ITERATION_TIME_INDEX,SINCE_LAST
 2DIAGNOSTIC,     1, -5.242380908702e-01, 1.797693134862e+308, 6.9400e-01, 6.9400e-01, 
 2DIAGNOSTIC,     2, -5.261114166047e-01, 1.797693134862e+308, 6.9959e-01, 5.5981e-03, 
 2DIAGNOSTIC,     3, -5.292894721405e-01, 1.797693134862e+308, 7.0450e-01, 4.9069e-03, 
 2DIAGNOSTIC,     4, -5.347191810202e-01, 1.797693134862e+308, 7.0894e-01, 4.4398e-03, 
 2DIAGNOSTIC,     5, -5.447150258173e-01, 1.797693134862e+308, 7.1344e-01, 4.4999e-03, 
 2DIAGNOSTIC,     6, -6.476850846805e-01, 1.797693134862e+308, 7.1937e-01, 5.9311e-03, 
 2DIAGNOSTIC,     7, -7.279713022759e-01, 1.797693134862e+308, 7.3091e-01, 1.1534e-02, 
 2DIAGNOSTIC,     8, -7.278187035486e-01, 1.797693134862e+308, 7.3582e-01, 4.9181e-03, 
 2DIAGNOSTIC,     9, -7.279008610880e-01, 1.797693134862e+308, 7.4061e-01, 4.7879e-03, 
 2DIAGNOSTIC,    10, -7.280384822835e-01, 2.864626044126e-02, 7.4581e-01, 5.1992e-03, 
 2DIAGNOSTIC,    11, -7.281264336221e-01, 2.496119191338e-02, 7.5087e-01, 5.0552e-03, 
 2DIAGNOSTIC,    12, -7.281676092265e-01, 1.977714095846e-02, 7.5621e-01, 5.3449e-03, 
 2DIAGNOSTIC,    13, -7.283750736183e-01, 1.388466772656e-02, 7.6105e-01, 4.8368e-03, 
 2DIAGNOSTIC,    14, -7.286116389532e-01, 7.929132305728e-03, 7.6657e-01, 5.5258e-03, 
 2DIAGNOSTIC,    15, -7.289776242519e-01, 2.376786762962e-03, 7.7203e-01, 5.4610e-03, 
 2DIAGNOSTIC,    16, -7.294208941542e-01, 8.605322539731e-05, 7.7741e-01, 5.3740e-03, 
 2DIAGNOSTIC,    17, -7.303039742061e-01, 1.208807682974e-04, 7.8237e-01, 4.9651e-03, 
 2DIAGNOSTIC,    18, -7.321098371857e-01, 1.791118370568e-04, 7.8708e-01, 4.7059e-03, 
 2DIAGNOSTIC,    19, -7.341927903311e-01, 2.614850602399e-04, 7.9197e-01, 4.8852e-03, 
 2DIAGNOSTIC,    20, -7.380488074281e-01, 3.940756270991e-04, 7.9748e-01, 5.5120e-03, 
 2DIAGNOSTIC,    21, -7.450001288656e-01, 6.152650006893e-04, 8.0267e-01, 5.1930e-03, 
 2DIAGNOSTIC,    22, -7.589389982964e-01, 1.018499369428e-03, 8.0845e-01, 5.7759e-03, 
 2DIAGNOSTIC,    23, -7.683154338754e-01, 1.454736650546e-03, 8.1801e-01, 9.5651e-03, 
 2DIAGNOSTIC,    24, -7.689026869757e-01, 1.728440903812e-03, 8.2331e-01, 5.2981e-03, 
 2DIAGNOSTIC,    25, -7.704727302309e-01, 1.852131534024e-03, 8.2844e-01, 5.1351e-03, 
 2DIAGNOSTIC,    26, -7.721774152312e-01, 1.824902205016e-03, 8.3400e-01, 5.5599e-03, 
 2DIAGNOSTIC,    27, -7.728046700878e-01, 1.647280267154e-03, 8.3979e-01, 5.7840e-03, 
 2DIAGNOSTIC,    28, -7.728228111809e-01, 1.354109013402e-03, 8.4562e-01, 5.8270e-03, 
 2DIAGNOSTIC,    29, -7.729988766129e-01, 9.897838416372e-04, 8.5093e-01, 5.3160e-03, 
 2DIAGNOSTIC,    30, -7.736495084912e-01, 6.204834525692e-04, 8.5623e-01, 5.3022e-03, 
 2DIAGNOSTIC,    31, -7.750614233195e-01, 3.226131564465e-04, 8.6194e-01, 5.7042e-03, 
 2DIAGNOSTIC,    32, -7.788486019888e-01, 2.325243386357e-04, 8.6754e-01, 5.6040e-03, 
 2DIAGNOSTIC,    33, -7.952188049944e-01, 4.364797305227e-04, 8.7398e-01, 6.4380e-03, 
 2DIAGNOSTIC,    34, -8.125856645572e-01, 7.900441927565e-04, 8.8149e-01, 7.5111e-03, 
 2DIAGNOSTIC,    35, -8.160034680091e-01, 1.098918744844e-03, 8.8698e-01, 5.4870e-03, 
 2DIAGNOSTIC,    36, -8.197675407558e-01, 1.347505928128e-03, 8.9237e-01, 5.3940e-03, 
 2DIAGNOSTIC,    37, -8.249213599654e-01, 1.515222786415e-03, 8.9860e-01, 6.2299e-03, 
 2DIAGNOSTIC,    38, -8.410199522676e-01, 1.690047228053e-03, 9.0576e-01, 7.1559e-03, 
 2DIAGNOSTIC,    39, -8.436521068908e-01, 1.715628651643e-03, 9.1208e-01, 6.3250e-03, 
 2DIAGNOSTIC,    40, -8.437238577735e-01, 1.587097491737e-03, 9.2085e-01, 8.7650e-03, 
 2DIAGNOSTIC,    41, -8.437581252244e-01, 1.333891095372e-03, 9.2733e-01, 6.4781e-03, 
 2DIAGNOSTIC,    42, -8.436385117295e-01, 9.982329172968e-04, 9.3324e-01, 5.9102e-03, 
 2DIAGNOSTIC,    43, -8.435626760536e-01, 7.244534550767e-04, 9.3920e-01, 5.9619e-03, 
 2DIAGNOSTIC,    44, -8.437964837972e-01, 5.480515189040e-04, 9.4567e-01, 6.4721e-03, 
 2DIAGNOSTIC,    45, -8.436477917103e-01, 3.576728929195e-04, 9.5112e-01, 5.4481e-03, 
 2DIAGNOSTIC,    46, -8.435631658603e-01, 1.737460976016e-04, 9.5639e-01, 5.2722e-03, 
 2DIAGNOSTIC,    47, -8.434303402336e-01, 1.917790864471e-05, 9.6231e-01, 5.9171e-03, 
DIAGNOSTIC,Iteration,metricValue,convergenceValue,ITERATION_TIME_INDEX,SINCE_LAST
 2DIAGNOSTIC,     1, -6.895593219780e-01, 1.797693134862e+308, 1.6964e+00, 7.3413e-01, 
 2DIAGNOSTIC,     2, -6.903235241103e-01, 1.797693134862e+308, 1.7351e+00, 3.8683e-02, 
 2DIAGNOSTIC,     3, -6.907863572885e-01, 1.797693134862e+308, 1.7728e+00, 3.7715e-02, 
 2DIAGNOSTIC,     4, -6.909972546385e-01, 1.797693134862e+308, 1.8104e+00, 3.7531e-02, 
 2DIAGNOSTIC,     5, -6.911891971512e-01, 1.797693134862e+308, 1.8484e+00, 3.8056e-02, 
 2DIAGNOSTIC,     6, -6.916912521028e-01, 1.797693134862e+308, 1.8990e+00, 5.0602e-02, 
 2DIAGNOSTIC,     7, -6.917303925407e-01, 1.797693134862e+308, 1.9375e+00, 3.8475e-02, 
 2DIAGNOSTIC,     8, -6.919424368654e-01, 1.797693134862e+308, 1.9750e+00, 3.7469e-02, 
 2DIAGNOSTIC,     9, -6.926003973768e-01, 1.797693134862e+308, 2.0274e+00, 5.2423e-02, 
 2DIAGNOSTIC,    10, -6.928458013317e-01, 2.708969345941e-04, 2.0692e+00, 4.1760e-02, 
 2DIAGNOSTIC,    11, -6.929171964507e-01, 2.224619053749e-04, 2.1044e+00, 3.5248e-02, 
 2DIAGNOSTIC,    12, -6.930016975883e-01, 1.915155280021e-04, 2.1395e+00, 3.5056e-02, 
 2DIAGNOSTIC,    13, -6.930993376449e-01, 1.660228721032e-04, 2.1772e+00, 3.7729e-02, 
 2DIAGNOSTIC,    14, -6.932034271846e-01, 1.382056398093e-04, 2.2166e+00, 3.9392e-02, 
 2DIAGNOSTIC,    15, -6.934178196098e-01, 1.123335863116e-04, 2.2550e+00, 3.8385e-02, 
 2DIAGNOSTIC,    16, -6.934939146504e-01, 9.460110925957e-05, 2.3168e+00, 6.1873e-02, 
 2DIAGNOSTIC,    17, -6.934813391393e-01, 7.121838937658e-05, 2.3516e+00, 3.4785e-02, 
 2DIAGNOSTIC,    18, -6.934964678066e-01, 4.893365057891e-05, 2.3873e+00, 3.5677e-02, 
 2DIAGNOSTIC,    19, -6.935376540865e-01, 3.958263063406e-05, 2.4252e+00, 3.7944e-02, 
 2DIAGNOSTIC,    20, -6.936597602869e-01, 3.508793783664e-05, 2.4842e+00, 5.8976e-02, 
 2DIAGNOSTIC,    21, -6.936680308016e-01, 2.937438648296e-05, 2.5284e+00, 4.4134e-02, 
 2DIAGNOSTIC,    22, -6.936553991840e-01, 2.299071594013e-05, 2.5663e+00, 3.7989e-02, 
 2DIAGNOSTIC,    23, -6.936486464222e-01, 1.682167680991e-05, 2.6142e+00, 4.7876e-02, 
 2DIAGNOSTIC,    24, -6.936508318120e-01, 1.142713609435e-05, 2.6663e+00, 5.2045e-02, 
 2DIAGNOSTIC,    25, -6.936280394614e-01, 8.584559236607e-06, 2.7127e+00, 4.6426e-02, 
 2DIAGNOSTIC,    26, -6.936308136813e-01, 6.537566780665e-06, 2.7628e+00, 5.0090e-02, 
 2DIAGNOSTIC,    27, -6.936324020839e-01, 4.004621402244e-06, 2.8063e+00, 4.3517e-02, 
 2DIAGNOSTIC,    28, -6.936101827719e-01, 1.285390278223e-06, 2.8533e+00, 4.7011e-02, 
DIAGNOSTIC,Iteration,metricValue,convergenceValue,ITERATION_TIME_INDEX,SINCE_LAST
 2DIAGNOSTIC,     1, -5.886950720391e-01, 1.797693134862e+308, 4.0102e+00, 1.1569e+00, 
 2DIAGNOSTIC,     2, -5.892878178017e-01, 1.797693134862e+308, 4.3099e+00, 2.9963e-01, 
 2DIAGNOSTIC,     3, -5.899983253337e-01, 1.797693134862e+308, 4.6158e+00, 3.0596e-01, 
 2DIAGNOSTIC,     4, -5.908282092937e-01, 1.797693134862e+308, 4.9291e+00, 3.1323e-01, 
 2DIAGNOSTIC,     5, -5.919189611517e-01, 1.797693134862e+308, 5.3121e+00, 3.8304e-01, 
 2DIAGNOSTIC,     6, -5.938035622222e-01, 1.797693134862e+308, 5.7667e+00, 4.5458e-01, 
 2DIAGNOSTIC,     7, -5.938399281341e-01, 1.797693134862e+308, 6.1745e+00, 4.0786e-01, 
 2DIAGNOSTIC,     8, -5.938370173770e-01, 1.797693134862e+308, 6.5773e+00, 4.0272e-01, 
 2DIAGNOSTIC,     9, -5.938267710194e-01, 1.797693134862e+308, 6.9738e+00, 3.9657e-01, 
 2DIAGNOSTIC,    10, -5.938206099170e-01, 6.514779568070e-04, 7.3726e+00, 3.9874e-01, 
 2DIAGNOSTIC,    11, -5.938186192157e-01, 4.774769913432e-04, 7.7709e+00, 3.9838e-01, 
 2DIAGNOSTIC,    12, -5.938190410946e-01, 3.137095942677e-04, 8.1496e+00, 3.7870e-01, 
 2DIAGNOSTIC,    13, -5.938197903633e-01, 1.741004540579e-04, 8.4821e+00, 3.3243e-01, 
 2DIAGNOSTIC,    14, -5.938190441200e-01, 6.703244335872e-05, 8.7604e+00, 2.7832e-01, 
 2DIAGNOSTIC,    15, -5.938174015279e-01, 1.471567504741e-06, 9.1441e+00, 3.8376e-01, 
DIAGNOSTIC,Iteration,metricValue,convergenceValue,ITERATION_TIME_INDEX,SINCE_LAST
 2DIAGNOSTIC,     1, -5.279108824327e-01, 1.797693134862e+308, 1.2132e+01, 2.9878e+00, 
 2DIAGNOSTIC,     2, -5.279796070343e-01, 1.797693134862e+308, 1.5078e+01, 2.9456e+00, 
 2DIAGNOSTIC,     3, -5.279813624090e-01, 1.797693134862e+308, 1.7483e+01, 2.4053e+00, 
 2DIAGNOSTIC,     4, -5.279817727215e-01, 1.797693134862e+308, 1.9746e+01, 2.2627e+00, 
 2DIAGNOSTIC,     5, -5.279815295652e-01, 1.797693134862e+308, 2.1967e+01, 2.2217e+00, 
 2DIAGNOSTIC,     6, -5.279811726775e-01, 1.797693134862e+308, 2.4351e+01, 2.3836e+00, 
 2DIAGNOSTIC,     7, -5.279807142792e-01, 1.797693134862e+308, 2.6467e+01, 2.1164e+00, 
 2DIAGNOSTIC,     8, -5.279807658965e-01, 1.797693134862e+308, 2.8811e+01, 2.3437e+00, 
 2DIAGNOSTIC,     9, -5.279806954321e-01, 1.797693134862e+308, 3.1266e+01, 2.4552e+00, 
 2DIAGNOSTIC,    10, -5.279806554666e-01, 6.935807133901e-06, 3.3391e+01, 2.1251e+00, 
 2DIAGNOSTIC,    11, -5.279806154548e-01, 2.852801913006e-06, 3.5390e+01, 1.9991e+00, 
 2DIAGNOSTIC,    12, -5.279803801316e-01, 2.524300004594e-06, 3.7441e+01, 2.0502e+00, 
 2DIAGNOSTIC,    13, -5.279803361315e-01, 2.328056881482e-06, 3.9583e+01, 2.1424e+00, 
 2DIAGNOSTIC,    14, -5.279804198843e-01, 2.189416996090e-06, 4.1418e+01, 1.8351e+00, 
 2DIAGNOSTIC,    15, -5.279806494567e-01, 2.076324069858e-06, 4.3495e+01, 2.0772e+00, 
