
##########################
# Experiment information #
##########################

EXPERIMENT_NAME: antsRegistration-binary64
VFC_BACKENDS: libinterflop_ieee.so

SIF_IMG: /home/mdugre/projects/rrg-glatard/mdugre/containers/ants-vprec-no_metrics.simg

SUBJECT_ID: s020
INPUT_IMG: /home/mdugre/scratch/mri-registration-rp/datasets/ds004513/derivatives/mri-registration-rp/antsBrainExtraction/sub-s020/BrainExtractionBrain.nii.gz
OUTPUT_DIR: /home/mdugre/scratch/mri-registration-rp/datasets/ds004513/derivatives/mri-registration-rp/0000/antsRegistration-binary64/sub-s020

FIXED_IMG: /templateflow/tpl-MNI152NLin2009cAsym/tpl-MNI152NLin2009cAsym_res-01_desc-brain_T1w.nii.gz
DATA_DIR: /home/mdugre/scratch/mri-registration-rp/datasets/ds004513
TEMPLATEFLOW_DIR: /home/mdugre/projects/rrg-glatard/mdugre/templateflow
ITK_GLOBAL_DEFAULT_NUMBER_OF_THREADS: 16
##########################

Info [verificarlo]: loaded backend libinterflop_ieee.so
Info [interflop-ieee]: load backend with:
Info [interflop-ieee]: debug = false
Info [interflop-ieee]: debug-binary = false
Info [interflop-ieee]: no-backend-name = false
Info [interflop-ieee]: print-new-line = false
Info [interflop-ieee]: print-subnormal-normalized = false
Info [interflop-ieee]: count-op = false
All_Command_lines_OK
Using double precision for computations.
=============================================================================
The composite transform comprises the following transforms (in order): 
  1. Center of mass alignment using fixed image: /templateflow/tpl-MNI152NLin2009cAsym/tpl-MNI152NLin2009cAsym_res-01_desc-brain_T1w.nii.gz and moving image: /home/mdugre/scratch/mri-registration-rp/datasets/ds004513/derivatives/mri-registration-rp/antsBrainExtraction/sub-s020/BrainExtractionBrain.nii.gz (type = Euler3DTransform)
=============================================================================
  number of levels = 1
  fixed image: /templateflow/tpl-MNI152NLin2009cAsym/tpl-MNI152NLin2009cAsym_res-01_desc-brain_T1w.nii.gz
  moving image: /home/mdugre/scratch/mri-registration-rp/datasets/ds004513/derivatives/mri-registration-rp/antsBrainExtraction/sub-s020/BrainExtractionBrain.nii.gz
Dimension = 3
Number of stages = 1
Use histogram matching = false
Winsorize image intensities = true
  Lower quantile = 0.005
  Upper quantile = 0.995


Stage 1 State
   Image metric = MattesMI
     Fixed image = Image (0x3f39df0)
  RTTI typeinfo:   itk::Image<double, 3u>
  Reference Count: 2
  Modified Time: 2334
  Debug: Off
  Object Name: 
  Observers: 
    none
  Source: (none)
  Source output name: (none)
  Release Data: Off
  Data Released: False
  Global Release Data: Off
  PipelineMTime: 0
  UpdateMTime: 1943
  RealTimeStamp: 0 seconds 
  LargestPossibleRegion: 
    Dimension: 3
    Index: [0, 0, 0]
    Size: [193, 229, 193]
  BufferedRegion: 
    Dimension: 3
    Index: [0, 0, 0]
    Size: [193, 229, 193]
  RequestedRegion: 
    Dimension: 3
    Index: [0, 0, 0]
    Size: [193, 229, 193]
  Spacing: [1, 1, 1]
  Origin: [96, 132, -78]
  Direction: 
-1 0 0
0 -1 0
0 0 1

  IndexToPointMatrix: 
-1 0 0
0 -1 0
0 0 1

  PointToIndexMatrix: 
-1 0 0
0 -1 0
0 0 1

  Inverse Direction: 
-1 0 0
0 -1 0
0 0 1

  PixelContainer: 
    ImportImageContainer (0x4071d50)
      RTTI typeinfo:   itk::ImportImageContainer<unsigned long, double>
      Reference Count: 1
      Modified Time: 1940
      Debug: Off
      Object Name: 
      Observers: 
        none
      Pointer: 0x1490389d3010
      Container manages memory: true
      Size: 8530021
      Capacity: 8530021

     Moving image = Image (0x3f423e0)
  RTTI typeinfo:   itk::Image<double, 3u>
  Reference Count: 2
  Modified Time: 2335
  Debug: Off
  Object Name: 
  Observers: 
    none
  Source: (none)
  Source output name: (none)
  Release Data: Off
  Data Released: False
  Global Release Data: Off
  PipelineMTime: 0
  UpdateMTime: 2332
  RealTimeStamp: 0 seconds 
  LargestPossibleRegion: 
    Dimension: 3
    Index: [0, 0, 0]
    Size: [160, 240, 256]
  BufferedRegion: 
    Dimension: 3
    Index: [0, 0, 0]
    Size: [160, 240, 256]
  RequestedRegion: 
    Dimension: 3
    Index: [0, 0, 0]
    Size: [160, 240, 256]
  Spacing: [0.999995, 1, 1]
  Origin: [87.0906, 98.7205, -152.377]
  Direction: 
-0.996975 0.0261379 -0.0731913
-0.0260677 -0.999658 -0.00191374
-0.0732163 -2.46403e-08 0.997316

  IndexToPointMatrix: 
-0.996971 0.0261379 -0.0731913
-0.0260676 -0.999658 -0.00191374
-0.0732159 -2.46403e-08 0.997316

  PointToIndexMatrix: 
-0.99698 -0.0260679 -0.0732166
0.0261379 -0.999658 -2.46993e-08
-0.0731913 -0.00191374 0.997316

  Inverse Direction: 
-0.996975 -0.0260677 -0.0732163
0.0261379 -0.999658 -2.46993e-08
-0.0731913 -0.00191374 0.997316

  PixelContainer: 
    ImportImageContainer (0x40f9ef0)
      RTTI typeinfo:   itk::ImportImageContainer<unsigned long, double>
      Reference Count: 1
      Modified Time: 2329
      Debug: Off
      Object Name: 
      Observers: 
        none
      Pointer: 0x149033ed2010
      Container manages memory: true
      Size: 9830400
      Capacity: 9830400

     Weighting = 1
     Sampling strategy = regular
     Number of bins = 32
     Radius = 4
     Sampling percentage  = 0.25
   Transform = Rigid
     Gradient step = 0.1
     Update field sigma (voxel space) = 0
     Total field sigma (voxel space) = 0
     Update field time sigma = 0
     Total field time sigma  = 0
     Number of time indices = 0
     Number of time point samples = 0
Registration using 1 total stages.

Stage 0
  iterations = 0
  convergence threshold = 1e-06
  convergence window size = 10
  number of levels = 1
  using the Mattes MI metric (number of bins = 32, weight = 1, use gradient filter = 0)
  preprocessing:  winsorizing the image intensities
  Shrink factors (level 1 out of 1): [1, 1, 1]
  smoothing sigmas per level: [0]
  regular sampling (percentage = 0.25)

*** Running Euler3DTransform registration ***

  Elapsed time (stage 0): 1.08973


Total elapsed time: 1.09367
Info [verificarlo]: loaded backend libinterflop_ieee.so
Info [interflop-ieee]: load backend with:
Info [interflop-ieee]: debug = false
Info [interflop-ieee]: debug-binary = false
Info [interflop-ieee]: no-backend-name = false
Info [interflop-ieee]: print-new-line = false
Info [interflop-ieee]: print-subnormal-normalized = false
Info [interflop-ieee]: count-op = false
All_Command_lines_OK
Using double precision for computations.
=============================================================================
The composite transform comprises the following transforms (in order): 
  1. /home/mdugre/scratch/mri-registration-rp/datasets/ds004513/derivatives/mri-registration-rp/0000/antsRegistration-binary64/sub-s020/align_Composite.h5[0] (type = Euler3DTransform)
  2. /home/mdugre/scratch/mri-registration-rp/datasets/ds004513/derivatives/mri-registration-rp/0000/antsRegistration-binary64/sub-s020/align_Composite.h5[1] (type = Euler3DTransform)
=============================================================================
  number of levels = 4
  fixed image: /templateflow/tpl-MNI152NLin2009cAsym/tpl-MNI152NLin2009cAsym_res-01_desc-brain_T1w.nii.gz
  moving image: /home/mdugre/scratch/mri-registration-rp/datasets/ds004513/derivatives/mri-registration-rp/antsBrainExtraction/sub-s020/BrainExtractionBrain.nii.gz
Dimension = 3
Number of stages = 1
Use histogram matching = false
Winsorize image intensities = true
  Lower quantile = 0.005
  Upper quantile = 0.995


Stage 1 State
   Image metric = MattesMI
     Fixed image = Image (0x50667e0)
  RTTI typeinfo:   itk::Image<double, 3u>
  Reference Count: 2
  Modified Time: 1580
  Debug: Off
  Object Name: 
  Observers: 
    none
  Source: (none)
  Source output name: (none)
  Release Data: Off
  Data Released: False
  Global Release Data: Off
  PipelineMTime: 0
  UpdateMTime: 1189
  RealTimeStamp: 0 seconds 
  LargestPossibleRegion: 
    Dimension: 3
    Index: [0, 0, 0]
    Size: [193, 229, 193]
  BufferedRegion: 
    Dimension: 3
    Index: [0, 0, 0]
    Size: [193, 229, 193]
  RequestedRegion: 
    Dimension: 3
    Index: [0, 0, 0]
    Size: [193, 229, 193]
  Spacing: [1, 1, 1]
  Origin: [96, 132, -78]
  Direction: 
-1 0 0
0 -1 0
0 0 1

  IndexToPointMatrix: 
-1 0 0
0 -1 0
0 0 1

  PointToIndexMatrix: 
-1 0 0
0 -1 0
0 0 1

  Inverse Direction: 
-1 0 0
0 -1 0
0 0 1

  PixelContainer: 
    ImportImageContainer (0x5125010)
      RTTI typeinfo:   itk::ImportImageContainer<unsigned long, double>
      Reference Count: 1
      Modified Time: 1186
      Debug: Off
      Object Name: 
      Observers: 
        none
      Pointer: 0x1551fa7d4010
      Container manages memory: true
      Size: 8530021
      Capacity: 8530021

     Moving image = Image (0x5122100)
  RTTI typeinfo:   itk::Image<double, 3u>
  Reference Count: 2
  Modified Time: 1581
  Debug: Off
  Object Name: 
  Observers: 
    none
  Source: (none)
  Source output name: (none)
  Release Data: Off
  Data Released: False
  Global Release Data: Off
  PipelineMTime: 0
  UpdateMTime: 1578
  RealTimeStamp: 0 seconds 
  LargestPossibleRegion: 
    Dimension: 3
    Index: [0, 0, 0]
    Size: [160, 240, 256]
  BufferedRegion: 
    Dimension: 3
    Index: [0, 0, 0]
    Size: [160, 240, 256]
  RequestedRegion: 
    Dimension: 3
    Index: [0, 0, 0]
    Size: [160, 240, 256]
  Spacing: [0.999995, 1, 1]
  Origin: [87.0906, 98.7205, -152.377]
  Direction: 
-0.996975 0.0261379 -0.0731913
-0.0260677 -0.999658 -0.00191374
-0.0732163 -2.46403e-08 0.997316

  IndexToPointMatrix: 
-0.996971 0.0261379 -0.0731913
-0.0260676 -0.999658 -0.00191374
-0.0732159 -2.46403e-08 0.997316

  PointToIndexMatrix: 
-0.99698 -0.0260679 -0.0732166
0.0261379 -0.999658 -2.46993e-08
-0.0731913 -0.00191374 0.997316

  Inverse Direction: 
-0.996975 -0.0260677 -0.0732163
0.0261379 -0.999658 -2.46993e-08
-0.0731913 -0.00191374 0.997316

  PixelContainer: 
    ImportImageContainer (0x520d610)
      RTTI typeinfo:   itk::ImportImageContainer<unsigned long, double>
      Reference Count: 1
      Modified Time: 1575
      Debug: Off
      Object Name: 
      Observers: 
        none
      Pointer: 0x1551f5cd3010
      Container manages memory: true
      Size: 9830400
      Capacity: 9830400

     Weighting = 1
     Sampling strategy = regular
     Number of bins = 32
     Radius = 4
     Sampling percentage  = 0.25
   Transform = Rigid
     Gradient step = 0.1
     Update field sigma (voxel space) = 0
     Total field sigma (voxel space) = 0
     Update field time sigma = 0
     Total field time sigma  = 0
     Number of time indices = 0
     Number of time point samples = 0
Registration using 1 total stages.

Stage 0
  iterations = 1000x500x250x100
  convergence threshold = 1e-06
  convergence window size = 10
  number of levels = 4
  using the Mattes MI metric (number of bins = 32, weight = 1, use gradient filter = 0)
  preprocessing:  winsorizing the image intensities
  Shrink factors (level 1 out of 4): [8, 8, 8]
  Shrink factors (level 2 out of 4): [4, 4, 4]
  Shrink factors (level 3 out of 4): [2, 2, 2]
  Shrink factors (level 4 out of 4): [1, 1, 1]
  smoothing sigmas per level: [3, 2, 1, 0]
  regular sampling (percentage = 0.25)

*** Running Euler3DTransform registration ***

DIAGNOSTIC,Iteration,metricValue,convergenceValue,ITERATION_TIME_INDEX,SINCE_LAST
 2DIAGNOSTIC,     1, -3.791273390751e-01, 1.797693134862e+308, 7.2329e-01, 7.2329e-01, 
 2DIAGNOSTIC,     2, -3.803606001643e-01, 1.797693134862e+308, 7.2746e-01, 4.1668e-03, 
 2DIAGNOSTIC,     3, -3.828962034719e-01, 1.797693134862e+308, 7.3136e-01, 3.9010e-03, 
 2DIAGNOSTIC,     4, -3.876122532015e-01, 1.797693134862e+308, 7.3562e-01, 4.2620e-03, 
 2DIAGNOSTIC,     5, -3.904935334081e-01, 1.797693134862e+308, 7.4088e-01, 5.2600e-03, 
 2DIAGNOSTIC,     6, -3.911039700181e-01, 1.797693134862e+308, 7.4502e-01, 4.1389e-03, 
 2DIAGNOSTIC,     7, -3.914905453856e-01, 1.797693134862e+308, 7.4920e-01, 4.1780e-03, 
 2DIAGNOSTIC,     8, -3.925629083064e-01, 1.797693134862e+308, 7.5343e-01, 4.2298e-03, 
 2DIAGNOSTIC,     9, -3.981570789235e-01, 1.797693134862e+308, 7.5775e-01, 4.3209e-03, 
 2DIAGNOSTIC,    10, -4.079218556696e-01, 3.866687266232e-03, 7.6348e-01, 5.7340e-03, 
 2DIAGNOSTIC,    11, -4.246779602407e-01, 4.904320352959e-03, 7.6855e-01, 5.0709e-03, 
 2DIAGNOSTIC,    12, -4.297045200929e-01, 5.673254149500e-03, 7.7307e-01, 4.5180e-03, 
 2DIAGNOSTIC,    13, -4.335692915529e-01, 6.156954111756e-03, 7.7811e-01, 5.0399e-03, 
 2DIAGNOSTIC,    14, -4.439932007357e-01, 6.764094567447e-03, 7.8255e-01, 4.4389e-03, 
 2DIAGNOSTIC,    15, -4.466217675560e-01, 6.904768055777e-03, 7.8751e-01, 4.9570e-03, 
 2DIAGNOSTIC,    16, -4.513528166457e-01, 6.619270365087e-03, 7.9196e-01, 4.4510e-03, 
 2DIAGNOSTIC,    17, -4.528510988136e-01, 5.844785591289e-03, 7.9700e-01, 5.0459e-03, 
 2DIAGNOSTIC,    18, -4.555717392016e-01, 4.777374763458e-03, 8.0373e-01, 6.7279e-03, 
 2DIAGNOSTIC,    19, -4.559551085045e-01, 3.601534466840e-03, 8.0816e-01, 4.4250e-03, 
 2DIAGNOSTIC,    20, -4.573567400832e-01, 2.586719598247e-03, 8.1473e-01, 6.5720e-03, 
 2DIAGNOSTIC,    21, -4.575252202120e-01, 1.982987677236e-03, 8.1903e-01, 4.3039e-03, 
 2DIAGNOSTIC,    22, -4.577285713949e-01, 1.415660067995e-03, 8.2381e-01, 4.7741e-03, 
 2DIAGNOSTIC,    23, -4.579445790875e-01, 8.825975011335e-04, 8.2829e-01, 4.4820e-03, 
 2DIAGNOSTIC,    24, -4.580221111633e-01, 6.077423911305e-04, 8.3248e-01, 4.1881e-03, 
 2DIAGNOSTIC,    25, -4.581754541758e-01, 3.715319499750e-04, 8.3668e-01, 4.2088e-03, 
 2DIAGNOSTIC,    26, -4.586243698322e-01, 2.523897215820e-04, 8.4115e-01, 4.4639e-03, 
 2DIAGNOSTIC,    27, -4.589277377813e-01, 1.618046765916e-04, 8.4746e-01, 6.3069e-03, 
 2DIAGNOSTIC,    28, -4.591698072880e-01, 1.331626775817e-04, 8.5171e-01, 4.2520e-03, 
 2DIAGNOSTIC,    29, -4.592790640237e-01, 1.046527637856e-04, 8.5601e-01, 4.3011e-03, 
 2DIAGNOSTIC,    30, -4.596799515531e-01, 1.080251219756e-04, 8.6230e-01, 6.2890e-03, 
 2DIAGNOSTIC,    31, -4.599196844050e-01, 1.093556138338e-04, 8.6662e-01, 4.3268e-03, 
 2DIAGNOSTIC,    32, -4.599264311485e-01, 1.044481459294e-04, 8.7079e-01, 4.1671e-03, 
 2DIAGNOSTIC,    33, -4.600501940795e-01, 9.702000999797e-05, 8.7495e-01, 4.1540e-03, 
 2DIAGNOSTIC,    34, -4.601338585881e-01, 8.409740873715e-05, 8.7904e-01, 4.0979e-03, 
 2DIAGNOSTIC,    35, -4.607359526285e-01, 7.789373183113e-05, 8.8468e-01, 5.6350e-03, 
 2DIAGNOSTIC,    36, -4.607999712870e-01, 7.360463609583e-05, 8.8926e-01, 4.5772e-03, 
 2DIAGNOSTIC,    37, -4.608405820424e-01, 6.881289577317e-05, 8.9335e-01, 4.0910e-03, 
 2DIAGNOSTIC,    38, -4.608661484382e-01, 6.262044390165e-05, 8.9750e-01, 4.1509e-03, 
 2DIAGNOSTIC,    39, -4.612504605541e-01, 5.889918921854e-05, 9.0216e-01, 4.6630e-03, 
 2DIAGNOSTIC,    40, -4.621715689394e-01, 7.084393583442e-05, 9.0684e-01, 4.6811e-03, 
 2DIAGNOSTIC,    41, -4.630611427734e-01, 9.297297216549e-05, 9.1104e-01, 4.1978e-03, 
 2DIAGNOSTIC,    42, -4.661584993371e-01, 1.529100717194e-04, 9.1537e-01, 4.3271e-03, 
 2DIAGNOSTIC,    43, -4.767900466620e-01, 3.556806972044e-04, 9.2026e-01, 4.8940e-03, 
 2DIAGNOSTIC,    44, -4.808025623427e-01, 5.703708814717e-04, 9.2838e-01, 8.1210e-03, 
 2DIAGNOSTIC,    45, -4.809289422301e-01, 7.313232898196e-04, 9.4173e-01, 1.3351e-02, 
 2DIAGNOSTIC,    46, -4.809289401134e-01, 8.184953229667e-04, 9.4580e-01, 4.0638e-03, 
 2DIAGNOSTIC,    47, -4.809289678355e-01, 8.239253427544e-04, 9.4986e-01, 4.0641e-03, 
 2DIAGNOSTIC,    48, -4.809290147115e-01, 7.482235491506e-04, 9.5405e-01, 4.1890e-03, 
 2DIAGNOSTIC,    49, -4.809290939734e-01, 6.083980150105e-04, 9.5823e-01, 4.1840e-03, 
 2DIAGNOSTIC,    50, -4.809292279905e-01, 4.303092944624e-04, 9.6228e-01, 4.0421e-03, 
 2DIAGNOSTIC,    51, -4.809294545730e-01, 2.309898920265e-04, 9.6636e-01, 4.0841e-03, 
 2DIAGNOSTIC,    52, -4.809298376111e-01, 5.255515199557e-05, 9.7041e-01, 4.0481e-03, 
 2DIAGNOSTIC,    53, -4.809304850101e-01, 2.189300037057e-06, 9.7446e-01, 4.0510e-03, 
DIAGNOSTIC,Iteration,metricValue,convergenceValue,ITERATION_TIME_INDEX,SINCE_LAST
 2DIAGNOSTIC,     1, -3.978575415609e-01, 1.797693134862e+308, 1.7185e+00, 7.4403e-01, 
 2DIAGNOSTIC,     2, -3.982817444586e-01, 1.797693134862e+308, 1.7466e+00, 2.8132e-02, 
 2DIAGNOSTIC,     3, -3.987444367906e-01, 1.797693134862e+308, 1.7746e+00, 2.7975e-02, 
 2DIAGNOSTIC,     4, -3.991281549326e-01, 1.797693134862e+308, 1.8032e+00, 2.8636e-02, 
 2DIAGNOSTIC,     5, -3.992885268620e-01, 1.797693134862e+308, 1.8318e+00, 2.8579e-02, 
 2DIAGNOSTIC,     6, -3.997336798942e-01, 1.797693134862e+308, 1.8616e+00, 2.9773e-02, 
 2DIAGNOSTIC,     7, -4.012234559035e-01, 1.797693134862e+308, 1.8971e+00, 3.5519e-02, 
 2DIAGNOSTIC,     8, -4.014919052437e-01, 1.797693134862e+308, 1.9313e+00, 3.4232e-02, 
 2DIAGNOSTIC,     9, -4.020606703271e-01, 1.797693134862e+308, 1.9624e+00, 3.1033e-02, 
 2DIAGNOSTIC,    10, -4.030024805377e-01, 8.149240178440e-04, 1.9930e+00, 3.0641e-02, 
 2DIAGNOSTIC,    11, -4.046618982089e-01, 8.695377828854e-04, 2.0390e+00, 4.5998e-02, 
 2DIAGNOSTIC,    12, -4.055939403524e-01, 9.136949514398e-04, 2.0687e+00, 2.9693e-02, 
 2DIAGNOSTIC,    13, -4.087067944420e-01, 1.062667065711e-03, 2.0976e+00, 2.8871e-02, 
 2DIAGNOSTIC,    14, -4.113649807202e-01, 1.244828086688e-03, 2.1370e+00, 3.9465e-02, 
 2DIAGNOSTIC,    15, -4.121609302456e-01, 1.331938149565e-03, 2.1661e+00, 2.9093e-02, 
 2DIAGNOSTIC,    16, -4.129871403962e-01, 1.341725448672e-03, 2.1986e+00, 3.2438e-02, 
 2DIAGNOSTIC,    17, -4.131232266513e-01, 1.294832930949e-03, 2.2356e+00, 3.6992e-02, 
 2DIAGNOSTIC,    18, -4.131308295216e-01, 1.143768736265e-03, 2.2644e+00, 2.8837e-02, 
 2DIAGNOSTIC,    19, -4.138202958779e-01, 9.482548225849e-04, 2.2928e+00, 2.8388e-02, 
 2DIAGNOSTIC,    20, -4.144545535677e-01, 7.389685288240e-04, 2.3215e+00, 2.8748e-02, 
 2DIAGNOSTIC,    21, -4.149279566745e-01, 5.533855808220e-04, 2.3483e+00, 2.6743e-02, 
 2DIAGNOSTIC,    22, -4.161446121295e-01, 4.003932070587e-04, 2.3997e+00, 5.1381e-02, 
 2DIAGNOSTIC,    23, -4.162079232724e-01, 3.179006100662e-04, 2.4315e+00, 3.1897e-02, 
 2DIAGNOSTIC,    24, -4.162101073840e-01, 2.900304598185e-04, 2.4620e+00, 3.0433e-02, 
 2DIAGNOSTIC,    25, -4.162109281740e-01, 2.591154232470e-04, 2.4909e+00, 2.8883e-02, 
 2DIAGNOSTIC,    26, -4.162210051119e-01, 2.286324117287e-04, 2.5265e+00, 3.5597e-02, 
 2DIAGNOSTIC,    27, -4.162187989090e-01, 1.823897302565e-04, 2.5554e+00, 2.8890e-02, 
 2DIAGNOSTIC,    28, -4.162100177337e-01, 1.221599119654e-04, 2.5845e+00, 2.9178e-02, 
 2DIAGNOSTIC,    29, -4.162107379455e-01, 7.146382136210e-05, 2.6145e+00, 3.0008e-02, 
 2DIAGNOSTIC,    30, -4.162153830571e-01, 3.240006317595e-05, 2.6422e+00, 2.7713e-02, 
 2DIAGNOSTIC,    31, -4.162092663172e-01, 2.629974158515e-06, 2.6743e+00, 3.2054e-02, 
 2DIAGNOSTIC,    32, -4.162263796271e-01, 1.327154933249e-06, 2.7014e+00, 2.7050e-02, 
 2DIAGNOSTIC,    33, -4.162361865015e-01, 1.606860994027e-06, 2.7280e+00, 2.6644e-02, 
 2DIAGNOSTIC,    34, -4.162848907182e-01, 2.845814790250e-06, 2.7561e+00, 2.8102e-02, 
 2DIAGNOSTIC,    35, -4.163500591338e-01, 5.109515237800e-06, 2.7864e+00, 3.0266e-02, 
 2DIAGNOSTIC,    36, -4.164080149465e-01, 8.135006608907e-06, 2.8166e+00, 3.0229e-02, 
 2DIAGNOSTIC,    37, -4.166137115308e-01, 1.411323013927e-05, 2.8523e+00, 3.5682e-02, 
 2DIAGNOSTIC,    38, -4.166038415350e-01, 1.808811042442e-05, 2.8847e+00, 3.2423e-02, 
 2DIAGNOSTIC,    39, -4.166788108523e-01, 2.160400700109e-05, 2.9181e+00, 3.3377e-02, 
 2DIAGNOSTIC,    40, -4.166783922947e-01, 2.303622933062e-05, 2.9621e+00, 4.4014e-02, 
 2DIAGNOSTIC,    41, -4.167006737252e-01, 2.253567850073e-05, 2.9943e+00, 3.2229e-02, 
 2DIAGNOSTIC,    42, -4.167797090042e-01, 2.153744094695e-05, 3.0267e+00, 3.2429e-02, 
 2DIAGNOSTIC,    43, -4.167533336062e-01, 1.829527284330e-05, 3.0586e+00, 3.1817e-02, 
 2DIAGNOSTIC,    44, -4.167497280828e-01, 1.428124500068e-05, 3.0914e+00, 3.2819e-02, 
 2DIAGNOSTIC,    45, -4.167500419547e-01, 1.017837881956e-05, 3.1234e+00, 3.2044e-02, 
 2DIAGNOSTIC,    46, -4.167596608889e-01, 6.275791188864e-06, 3.1555e+00, 3.2046e-02, 
 2DIAGNOSTIC,    47, -4.167667934531e-01, 5.126276895584e-06, 3.1878e+00, 3.2327e-02, 
 2DIAGNOSTIC,    48, -4.167737673528e-01, 3.533687748088e-06, 3.2201e+00, 3.2282e-02, 
 2DIAGNOSTIC,    49, -4.167767468493e-01, 2.854979797889e-06, 3.2521e+00, 3.1984e-02, 
 2DIAGNOSTIC,    50, -4.167915440470e-01, 2.190989399371e-06, 3.2803e+00, 2.8237e-02, 
 2DIAGNOSTIC,    51, -4.168153982163e-01, 1.986718217838e-06, 3.3117e+00, 3.1380e-02, 
 2DIAGNOSTIC,    52, -4.168619763874e-01, 3.326727379939e-06, 3.3465e+00, 3.4834e-02, 
 2DIAGNOSTIC,    53, -4.168662124014e-01, 4.058799884181e-06, 3.3752e+00, 2.8649e-02, 
 2DIAGNOSTIC,    54, -4.168754467131e-01, 4.515685158329e-06, 3.4068e+00, 3.1649e-02, 
 2DIAGNOSTIC,    55, -4.168993197634e-01, 4.883831243432e-06, 3.4390e+00, 3.2134e-02, 
 2DIAGNOSTIC,    56, -4.168991290629e-01, 4.926859660536e-06, 3.4699e+00, 3.0958e-02, 
 2DIAGNOSTIC,    57, -4.168972525925e-01, 4.609164616091e-06, 3.5044e+00, 3.4505e-02, 
 2DIAGNOSTIC,    58, -4.168947192385e-01, 3.974061625705e-06, 3.5369e+00, 3.2534e-02, 
 2DIAGNOSTIC,    59, -4.168845981837e-01, 2.953322623352e-06, 3.5702e+00, 3.3204e-02, 
 2DIAGNOSTIC,    60, -4.168887797438e-01, 1.950021243226e-06, 3.6021e+00, 3.1941e-02, 
 2DIAGNOSTIC,    61, -4.168889424868e-01, 1.097940746812e-06, 3.6345e+00, 3.2367e-02, 
DIAGNOSTIC,Iteration,metricValue,convergenceValue,ITERATION_TIME_INDEX,SINCE_LAST
 2DIAGNOSTIC,     1, -3.573070817248e-01, 1.797693134862e+308, 4.7276e+00, 1.0931e+00, 
 2DIAGNOSTIC,     2, -3.574521086493e-01, 1.797693134862e+308, 4.9306e+00, 2.0300e-01, 
 2DIAGNOSTIC,     3, -3.577706854126e-01, 1.797693134862e+308, 5.1280e+00, 1.9741e-01, 
 2DIAGNOSTIC,     4, -3.581297474605e-01, 1.797693134862e+308, 5.3262e+00, 1.9826e-01, 
 2DIAGNOSTIC,     5, -3.585287789409e-01, 1.797693134862e+308, 5.5312e+00, 2.0495e-01, 
 2DIAGNOSTIC,     6, -3.588264160423e-01, 1.797693134862e+308, 5.7523e+00, 2.2113e-01, 
 2DIAGNOSTIC,     7, -3.595496078833e-01, 1.797693134862e+308, 6.1422e+00, 3.8986e-01, 
 2DIAGNOSTIC,     8, -3.595892619524e-01, 1.797693134862e+308, 6.3524e+00, 2.1025e-01, 
 2DIAGNOSTIC,     9, -3.596423903419e-01, 1.797693134862e+308, 6.5563e+00, 2.0391e-01, 
 2DIAGNOSTIC,    10, -3.596686915593e-01, 4.995659572280e-04, 6.7926e+00, 2.3629e-01, 
 2DIAGNOSTIC,    11, -3.596649334926e-01, 4.024449734378e-04, 7.0325e+00, 2.3982e-01, 
 2DIAGNOSTIC,    12, -3.596645022768e-01, 2.945849514399e-04, 7.4269e+00, 3.9446e-01, 
 2DIAGNOSTIC,    13, -3.596656721702e-01, 1.962466136494e-04, 7.7077e+00, 2.8079e-01, 
 2DIAGNOSTIC,    14, -3.596646447704e-01, 1.147880324325e-04, 7.9406e+00, 2.3289e-01, 
 2DIAGNOSTIC,    15, -3.596630334010e-01, 5.492940725885e-05, 8.1471e+00, 2.0649e-01, 
 2DIAGNOSTIC,    16, -3.596622813678e-01, 1.145447583245e-05, 8.3521e+00, 2.0502e-01, 
 2DIAGNOSTIC,    17, -3.596625442237e-01, 5.913045396523e-06, 8.5769e+00, 2.2483e-01, 
 2DIAGNOSTIC,    18, -3.596611370436e-01, 2.238676192062e-06, 8.8058e+00, 2.2883e-01, 
 2DIAGNOSTIC,    19, -3.596596554749e-01, 1.027919849531e-06, 9.0784e+00, 2.7267e-01, 
 2DIAGNOSTIC,    20, -3.596588087097e-01, 1.013168589081e-06, 9.3779e+00, 2.9946e-01, 
DIAGNOSTIC,Iteration,metricValue,convergenceValue,ITERATION_TIME_INDEX,SINCE_LAST
 2DIAGNOSTIC,     1, -3.310720503413e-01, 1.797693134862e+308, 1.1861e+01, 2.4829e+00, 
 2DIAGNOSTIC,     2, -3.311332077550e-01, 1.797693134862e+308, 1.3210e+01, 1.3492e+00, 
 2DIAGNOSTIC,     3, -3.312190415895e-01, 1.797693134862e+308, 1.4898e+01, 1.6875e+00, 
 2DIAGNOSTIC,     4, -3.312424715447e-01, 1.797693134862e+308, 1.6708e+01, 1.8104e+00, 
 2DIAGNOSTIC,     5, -3.312451516091e-01, 1.797693134862e+308, 1.8280e+01, 1.5719e+00, 
 2DIAGNOSTIC,     6, -3.312478968083e-01, 1.797693134862e+308, 1.9716e+01, 1.4367e+00, 
 2DIAGNOSTIC,     7, -3.312506054969e-01, 1.797693134862e+308, 2.1109e+01, 1.3928e+00, 
 2DIAGNOSTIC,     8, -3.312538626030e-01, 1.797693134862e+308, 2.2924e+01, 1.8148e+00, 
 2DIAGNOSTIC,     9, -3.312562866638e-01, 1.797693134862e+308, 2.4400e+01, 1.4761e+00, 
 2DIAGNOSTIC,    10, -3.312675711612e-01, 3.164663893718e-05, 2.5850e+01, 1.4502e+00, 
 2DIAGNOSTIC,    11, -3.312917907570e-01, 1.967786022633e-05, 2.7318e+01, 1.4673e+00, 
 2DIAGNOSTIC,    12, -3.313459146618e-01, 1.624728568564e-05, 2.8963e+01, 1.6452e+00, 
 2DIAGNOSTIC,    13, -3.313526326786e-01, 1.811061633576e-05, 3.0985e+01, 2.0217e+00, 
 2DIAGNOSTIC,    14, -3.313604463521e-01, 2.024629320262e-05, 3.2521e+01, 1.5362e+00, 
 2DIAGNOSTIC,    15, -3.313734242988e-01, 2.137788251036e-05, 3.3917e+01, 1.3959e+00, 
 2DIAGNOSTIC,    16, -3.314097941973e-01, 2.265529692912e-05, 3.5543e+01, 1.6262e+00, 
 2DIAGNOSTIC,    17, -3.314535714290e-01, 2.414144137840e-05, 3.8018e+01, 2.4753e+00, 
 2DIAGNOSTIC,    18, -3.314546252146e-01, 2.358739712456e-05, 3.9381e+01, 1.3631e+00, 
 2DIAGNOSTIC,    19, -3.314636378482e-01, 2.166448438361e-05, 4.0734e+01, 1.3526e+00, 
 2DIAGNOSTIC,    20, -3.314734848343e-01, 1.898928029549e-05, 4.2426e+01, 1.6922e+00, 
 2DIAGNOSTIC,    21, -3.314735102436e-01, 1.584359014036e-05, 4.4147e+01, 1.7211e+00, 
 2DIAGNOSTIC,    22, -3.314732317690e-01, 1.372618370419e-05, 4.5836e+01, 1.6892e+00, 
 2DIAGNOSTIC,    23, -3.314731519169e-01, 1.090948881495e-05, 4.8355e+01, 2.5186e+00, 
 2DIAGNOSTIC,    24, -3.314732825519e-01, 7.739583664089e-06, 4.9990e+01, 1.6353e+00, 
 2DIAGNOSTIC,    25, -3.314732000345e-01, 4.639303712417e-06, 5.1678e+01, 1.6878e+00, 
 2DIAGNOSTIC,    26, -3.314731099717e-01, 2.620594024123e-06, 5.3319e+01, 1.6405e+00, 
 2DIAGNOSTIC,    27, -3.314731427254e-01, 2.019537495117e-06, 5.4747e+01, 1.4284e+00, 
 2DIAGNOSTIC,    28, -3.314729148959e-01, 1.403097784992e-06, 5.6360e+01, 1.6131e+00, 
 2DIAGNOSTIC,    29, -3.314729089000e-01, 1.062023339861e-06, 5.8744e+01, 2.3837e+00, 
 2DIAGNOSTIC,    30, -3.314728419541e-01, 1.026462118241e-06, 6.0287e+01, 1.5433e+00, 
  Elapsed time (stage 0): 6.1153e+01


Total elapsed time: 6.1156e+01
Info [verificarlo]: loaded backend libinterflop_ieee.so
Info [interflop-ieee]: load backend with:
Info [interflop-ieee]: debug = false
Info [interflop-ieee]: debug-binary = false
Info [interflop-ieee]: no-backend-name = false
Info [interflop-ieee]: print-new-line = false
Info [interflop-ieee]: print-subnormal-normalized = false
Info [interflop-ieee]: count-op = false
All_Command_lines_OK
Using double precision for computations.
=============================================================================
The composite transform comprises the following transforms (in order): 
  1. /home/mdugre/scratch/mri-registration-rp/datasets/ds004513/derivatives/mri-registration-rp/0000/antsRegistration-binary64/sub-s020/rigid_Composite.h5[0] (type = Euler3DTransform)
  2. /home/mdugre/scratch/mri-registration-rp/datasets/ds004513/derivatives/mri-registration-rp/0000/antsRegistration-binary64/sub-s020/rigid_Composite.h5[1] (type = Euler3DTransform)
  3. /home/mdugre/scratch/mri-registration-rp/datasets/ds004513/derivatives/mri-registration-rp/0000/antsRegistration-binary64/sub-s020/rigid_Composite.h5[2] (type = Euler3DTransform)
=============================================================================
  number of levels = 4
  fixed image: /templateflow/tpl-MNI152NLin2009cAsym/tpl-MNI152NLin2009cAsym_res-01_desc-brain_T1w.nii.gz
  moving image: /home/mdugre/scratch/mri-registration-rp/datasets/ds004513/derivatives/mri-registration-rp/antsBrainExtraction/sub-s020/BrainExtractionBrain.nii.gz
Dimension = 3
Number of stages = 1
Use histogram matching = false
Winsorize image intensities = true
  Lower quantile = 0.005
  Upper quantile = 0.995


Stage 1 State
   Image metric = MattesMI
     Fixed image = Image (0x422a7e0)
  RTTI typeinfo:   itk::Image<double, 3u>
  Reference Count: 2
  Modified Time: 1594
  Debug: Off
  Object Name: 
  Observers: 
    none
  Source: (none)
  Source output name: (none)
  Release Data: Off
  Data Released: False
  Global Release Data: Off
  PipelineMTime: 0
  UpdateMTime: 1203
  RealTimeStamp: 0 seconds 
  LargestPossibleRegion: 
    Dimension: 3
    Index: [0, 0, 0]
    Size: [193, 229, 193]
  BufferedRegion: 
    Dimension: 3
    Index: [0, 0, 0]
    Size: [193, 229, 193]
  RequestedRegion: 
    Dimension: 3
    Index: [0, 0, 0]
    Size: [193, 229, 193]
  Spacing: [1, 1, 1]
  Origin: [96, 132, -78]
  Direction: 
-1 0 0
0 -1 0
0 0 1

  IndexToPointMatrix: 
-1 0 0
0 -1 0
0 0 1

  PointToIndexMatrix: 
-1 0 0
0 -1 0
0 0 1

  Inverse Direction: 
-1 0 0
0 -1 0
0 0 1

  PixelContainer: 
    ImportImageContainer (0x42eaa20)
      RTTI typeinfo:   itk::ImportImageContainer<unsigned long, double>
      Reference Count: 1
      Modified Time: 1200
      Debug: Off
      Object Name: 
      Observers: 
        none
      Pointer: 0x15027f772010
      Container manages memory: true
      Size: 8530021
      Capacity: 8530021

     Moving image = Image (0x42e60a0)
  RTTI typeinfo:   itk::Image<double, 3u>
  Reference Count: 2
  Modified Time: 1595
  Debug: Off
  Object Name: 
  Observers: 
    none
  Source: (none)
  Source output name: (none)
  Release Data: Off
  Data Released: False
  Global Release Data: Off
  PipelineMTime: 0
  UpdateMTime: 1592
  RealTimeStamp: 0 seconds 
  LargestPossibleRegion: 
    Dimension: 3
    Index: [0, 0, 0]
    Size: [160, 240, 256]
  BufferedRegion: 
    Dimension: 3
    Index: [0, 0, 0]
    Size: [160, 240, 256]
  RequestedRegion: 
    Dimension: 3
    Index: [0, 0, 0]
    Size: [160, 240, 256]
  Spacing: [0.999995, 1, 1]
  Origin: [87.0906, 98.7205, -152.377]
  Direction: 
-0.996975 0.0261379 -0.0731913
-0.0260677 -0.999658 -0.00191374
-0.0732163 -2.46403e-08 0.997316

  IndexToPointMatrix: 
-0.996971 0.0261379 -0.0731913
-0.0260676 -0.999658 -0.00191374
-0.0732159 -2.46403e-08 0.997316

  PointToIndexMatrix: 
-0.99698 -0.0260679 -0.0732166
0.0261379 -0.999658 -2.46993e-08
-0.0731913 -0.00191374 0.997316

  Inverse Direction: 
-0.996975 -0.0260677 -0.0732163
0.0261379 -0.999658 -2.46993e-08
-0.0731913 -0.00191374 0.997316

  PixelContainer: 
    ImportImageContainer (0x42a00d0)
      RTTI typeinfo:   itk::ImportImageContainer<unsigned long, double>
      Reference Count: 1
      Modified Time: 1589
      Debug: Off
      Object Name: 
      Observers: 
        none
      Pointer: 0x15027ac71010
      Container manages memory: true
      Size: 9830400
      Capacity: 9830400

     Weighting = 1
     Sampling strategy = regular
     Number of bins = 32
     Radius = 4
     Sampling percentage  = 0.25
   Transform = Affine
     Gradient step = 0.1
     Update field sigma (voxel space) = 0
     Total field sigma (voxel space) = 0
     Update field time sigma = 0
     Total field time sigma  = 0
     Number of time indices = 0
     Number of time point samples = 0
Registration using 1 total stages.

Stage 0
  iterations = 1000x500x250x100
  convergence threshold = 1e-06
  convergence window size = 10
  number of levels = 4
  using the Mattes MI metric (number of bins = 32, weight = 1, use gradient filter = 0)
  preprocessing:  winsorizing the image intensities
  Shrink factors (level 1 out of 4): [8, 8, 8]
  Shrink factors (level 2 out of 4): [4, 4, 4]
  Shrink factors (level 3 out of 4): [2, 2, 2]
  Shrink factors (level 4 out of 4): [1, 1, 1]
  smoothing sigmas per level: [3, 2, 1, 0]
  regular sampling (percentage = 0.25)

*** Running AffineTransform registration ***

DIAGNOSTIC,Iteration,metricValue,convergenceValue,ITERATION_TIME_INDEX,SINCE_LAST
 2DIAGNOSTIC,     1, -5.000212608234e-01, 1.797693134862e+308, 6.8513e-01, 6.8513e-01, 
 2DIAGNOSTIC,     2, -5.015934821167e-01, 1.797693134862e+308, 6.8992e-01, 4.7901e-03, 
 2DIAGNOSTIC,     3, -5.043758415816e-01, 1.797693134862e+308, 6.9522e-01, 5.2919e-03, 
 2DIAGNOSTIC,     4, -5.090252387036e-01, 1.797693134862e+308, 7.0078e-01, 5.5592e-03, 
 2DIAGNOSTIC,     5, -5.173957755324e-01, 1.797693134862e+308, 7.0485e-01, 4.0781e-03, 
 2DIAGNOSTIC,     6, -5.373490648686e-01, 1.797693134862e+308, 7.0929e-01, 4.4370e-03, 
 2DIAGNOSTIC,     7, -5.733333782338e-01, 1.797693134862e+308, 7.1376e-01, 4.4680e-03, 
 2DIAGNOSTIC,     8, -6.821446857889e-01, 1.797693134862e+308, 7.2038e-01, 6.6209e-03, 
 2DIAGNOSTIC,     9, -7.127470016528e-01, 1.797693134862e+308, 7.2514e-01, 4.7610e-03, 
 2DIAGNOSTIC,    10, -7.286355873640e-01, 2.815590305423e-02, 7.3118e-01, 6.0380e-03, 
 2DIAGNOSTIC,    11, -7.466663448067e-01, 2.910243129070e-02, 7.3844e-01, 7.2629e-03, 
 2DIAGNOSTIC,    12, -7.484741821604e-01, 2.739468252691e-02, 7.4684e-01, 8.3990e-03, 
 2DIAGNOSTIC,    13, -7.484858774243e-01, 2.362768709853e-02, 7.5214e-01, 5.2991e-03, 
 2DIAGNOSTIC,    14, -7.500677576263e-01, 1.858729969009e-02, 7.5740e-01, 5.2629e-03, 
 2DIAGNOSTIC,    15, -7.522985430276e-01, 1.301619812039e-02, 7.6268e-01, 5.2760e-03, 
 2DIAGNOSTIC,    16, -7.560928882783e-01, 7.746769255823e-03, 7.6792e-01, 5.2400e-03, 
 2DIAGNOSTIC,    17, -7.613936894104e-01, 3.488916289977e-03, 7.7335e-01, 5.4328e-03, 
 2DIAGNOSTIC,    18, -7.701588128898e-01, 2.282705011215e-03, 7.7864e-01, 5.2891e-03, 
 2DIAGNOSTIC,    19, -7.827563439789e-01, 1.981270200920e-03, 7.8406e-01, 5.4159e-03, 
 2DIAGNOSTIC,    20, -8.034575269966e-01, 2.292013250356e-03, 7.8918e-01, 5.1248e-03, 
 2DIAGNOSTIC,    21, -8.241871586595e-01, 3.119671832337e-03, 7.9491e-01, 5.7259e-03, 
 2DIAGNOSTIC,    22, -8.518527997572e-01, 4.113736029709e-03, 8.0243e-01, 7.5231e-03, 
 2DIAGNOSTIC,    23, -8.522572624919e-01, 4.621296744459e-03, 8.1534e-01, 1.2910e-02, 
 2DIAGNOSTIC,    24, -8.521428950370e-01, 4.680119073819e-03, 8.2367e-01, 8.3308e-03, 
 2DIAGNOSTIC,    25, -8.521738524316e-01, 4.335562489229e-03, 8.2921e-01, 5.5370e-03, 
 2DIAGNOSTIC,    26, -8.518220771166e-01, 3.665796721077e-03, 8.3472e-01, 5.5151e-03, 
 2DIAGNOSTIC,    27, -8.517474138258e-01, 2.784934343417e-03, 8.3991e-01, 5.1889e-03, 
 2DIAGNOSTIC,    28, -8.515776593101e-01, 1.840389963494e-03, 8.4511e-01, 5.1961e-03, 
 2DIAGNOSTIC,    29, -8.516027350169e-01, 9.718097637934e-04, 8.5127e-01, 6.1581e-03, 
 2DIAGNOSTIC,    30, -8.514440668738e-01, 3.431451921216e-04, 8.5773e-01, 6.4619e-03, 
DIAGNOSTIC,Iteration,metricValue,convergenceValue,ITERATION_TIME_INDEX,SINCE_LAST
 2DIAGNOSTIC,     1, -7.113698311914e-01, 1.797693134862e+308, 1.6059e+00, 7.4817e-01, 
 2DIAGNOSTIC,     2, -7.124621044813e-01, 1.797693134862e+308, 1.6439e+00, 3.7997e-02, 
 2DIAGNOSTIC,     3, -7.134926980042e-01, 1.797693134862e+308, 1.6820e+00, 3.8092e-02, 
 2DIAGNOSTIC,     4, -7.142069355218e-01, 1.797693134862e+308, 1.7297e+00, 4.7746e-02, 
 2DIAGNOSTIC,     5, -7.146370351056e-01, 1.797693134862e+308, 1.7776e+00, 4.7875e-02, 
 2DIAGNOSTIC,     6, -7.146369234790e-01, 1.797693134862e+308, 1.8260e+00, 4.8388e-02, 
 2DIAGNOSTIC,     7, -7.146145112966e-01, 1.797693134862e+308, 1.8674e+00, 4.1421e-02, 
 2DIAGNOSTIC,     8, -7.145936710076e-01, 1.797693134862e+308, 1.9105e+00, 4.3118e-02, 
 2DIAGNOSTIC,     9, -7.145905023863e-01, 1.797693134862e+308, 1.9541e+00, 4.3537e-02, 
 2DIAGNOSTIC,    10, -7.145864934196e-01, 2.436051900278e-04, 2.0067e+00, 5.2660e-02, 
 2DIAGNOSTIC,    11, -7.145358986661e-01, 1.213980755206e-04, 2.0571e+00, 5.0379e-02, 
 2DIAGNOSTIC,    12, -7.145448476616e-01, 4.507405633865e-05, 2.1078e+00, 5.0685e-02, 
 2DIAGNOSTIC,    13, -7.145563852203e-01, 8.093586423605e-06, 2.1460e+00, 3.8183e-02, 
DIAGNOSTIC,Iteration,metricValue,convergenceValue,ITERATION_TIME_INDEX,SINCE_LAST
 2DIAGNOSTIC,     1, -5.948609907330e-01, 1.797693134862e+308, 3.2598e+00, 1.1139e+00, 
 2DIAGNOSTIC,     2, -5.951454214841e-01, 1.797693134862e+308, 3.5005e+00, 2.4066e-01, 
 2DIAGNOSTIC,     3, -5.952991293121e-01, 1.797693134862e+308, 3.7543e+00, 2.5378e-01, 
 2DIAGNOSTIC,     4, -5.954642335627e-01, 1.797693134862e+308, 4.0192e+00, 2.6489e-01, 
 2DIAGNOSTIC,     5, -5.958154587784e-01, 1.797693134862e+308, 4.3683e+00, 3.4914e-01, 
 2DIAGNOSTIC,     6, -5.961106792499e-01, 1.797693134862e+308, 4.6471e+00, 2.7880e-01, 
 2DIAGNOSTIC,     7, -5.964441942228e-01, 1.797693134862e+308, 4.9639e+00, 3.1676e-01, 
 2DIAGNOSTIC,     8, -5.971659942003e-01, 1.797693134862e+308, 5.3063e+00, 3.4245e-01, 
 2DIAGNOSTIC,     9, -5.974505959156e-01, 1.797693134862e+308, 5.6564e+00, 3.5009e-01, 
 2DIAGNOSTIC,    10, -5.974532759436e-01, 3.094152098632e-04, 6.0291e+00, 3.7271e-01, 
 2DIAGNOSTIC,    11, -5.974517431032e-01, 2.745278008414e-04, 6.3165e+00, 2.8733e-01, 
 2DIAGNOSTIC,    12, -5.974514385616e-01, 2.323419925291e-04, 6.6738e+00, 3.5733e-01, 
 2DIAGNOSTIC,    13, -5.974509219252e-01, 1.811650704538e-04, 7.0048e+00, 3.3106e-01, 
 2DIAGNOSTIC,    14, -5.974492931204e-01, 1.263509796168e-04, 7.2591e+00, 2.5423e-01, 
 2DIAGNOSTIC,    15, -5.974495050761e-01, 7.889067252614e-05, 7.5132e+00, 2.5417e-01, 
 2DIAGNOSTIC,    16, -5.974481939710e-01, 3.919476667215e-05, 7.9181e+00, 4.0485e-01, 
 2DIAGNOSTIC,    17, -5.974473123007e-01, 9.588561349118e-06, 8.2499e+00, 3.3180e-01, 
 2DIAGNOSTIC,    18, -5.974476340797e-01, 1.456232120875e-06, 8.5535e+00, 3.0365e-01, 
 2DIAGNOSTIC,    19, -5.974454605272e-01, 1.286619608694e-06, 8.8789e+00, 3.2531e-01, 
 2DIAGNOSTIC,    20, -5.974434233635e-01, 1.187660279497e-06, 9.1612e+00, 2.8237e-01, 
 2DIAGNOSTIC,    21, -5.974417003368e-01, 1.062853480602e-06, 9.4687e+00, 3.0745e-01, 
 2DIAGNOSTIC,    22, -5.974426148972e-01, 1.005089037186e-06, 9.7605e+00, 2.9182e-01, 
DIAGNOSTIC,Iteration,metricValue,convergenceValue,ITERATION_TIME_INDEX,SINCE_LAST
 2DIAGNOSTIC,     1, -5.306916735393e-01, 1.797693134862e+308, 1.2683e+01, 2.9229e+00, 
 2DIAGNOSTIC,     2, -5.307956518455e-01, 1.797693134862e+308, 1.5556e+01, 2.8729e+00, 
 2DIAGNOSTIC,     3, -5.307936070522e-01, 1.797693134862e+308, 1.8110e+01, 2.5537e+00, 
 2DIAGNOSTIC,     4, -5.307934859452e-01, 1.797693134862e+308, 2.0433e+01, 2.3225e+00, 
 2DIAGNOSTIC,     5, -5.307930048489e-01, 1.797693134862e+308, 2.2518e+01, 2.0855e+00, 
 2DIAGNOSTIC,     6, -5.307928614382e-01, 1.797693134862e+308, 2.4829e+01, 2.3114e+00, 
 2DIAGNOSTIC,     7, -5.307928807807e-01, 1.797693134862e+308, 2.6940e+01, 2.1108e+00, 
 2DIAGNOSTIC,     8, -5.307923154095e-01, 1.797693134862e+308, 2.9382e+01, 2.4421e+00, 
 2DIAGNOSTIC,     9, -5.307923747227e-01, 1.797693134862e+308, 3.1269e+01, 1.8868e+00, 
 2DIAGNOSTIC,    10, -5.307920862259e-01, 8.339458576742e-06, 3.3117e+01, 1.8475e+00, 
 2DIAGNOSTIC,    11, -5.307922553224e-01, 2.608362658127e-06, 3.5261e+01, 2.1440e+00, 
 2DIAGNOSTIC,    12, -5.307921449847e-01, 2.494568317538e-06, 3.7257e+01, 1.9961e+00, 
 2DIAGNOSTIC,    13, -5.307922548130e-01, 2.332902730870e-06, 3.9324e+01, 2.0672e+00, 
 2DIAGNOSTIC,    14, -5.307922819619e-01, 2.201590364376e-06, 4.1287e+01, 1.9631e+00, 
 2DIAGNOSTIC,    15, -5.307922899656e-01, 2.077265944270e-06, 4.3309e+01, 2.0221e+00, 
 2DIAGNOSTIC,    16, -5.307921686228e-01, 1.963407643371e-06, 4.5393e+01, 2.0833e+00, 
 2DIAGNOSTIC,    17, -5.307921405418e-01, 1.865483288982e-06, 4.7202e+01, 1.8092e+00, 
 2DIAGNOSTIC,    18, -5.307920526360e-01, 1.759400174883e-06, 4.9266e+01, 2.0638e+00, 
 2DIAGNOSTIC,    19, -5.307919192958e-01, 1.663343900088e-06, 5.1122e+01, 1.8565e+00, 
 2DIAGNOSTIC,    20, -5.307918726835e-01, 1.568882331375e-06, 5.3203e+01, 2.0807e+00, 
 2DIAGNOSTIC,    21, -5.307920095537e-01, 1.493369504481e-06, 5.5356e+01, 2.1533e+00, 
 2DIAGNOSTIC,    22, -5.307918385380e-01, 1.419675489354e-06, 5.7283e+01, 1.9273e+00, 
 2DIAGNOSTIC,    23, -5.307917277742e-01, 1.354944445697e-06, 5.9185e+01, 1.9014e+00, 
 2DIAGNOSTIC,    24, -5.307919784930e-01, 1.304529310402e-06, 6.1644e+01, 2.4592e+00, 
 2DIAGNOSTIC,    25, -5.307918196980e-01, 1.256691123941e-06, 6.3733e+01, 2.0889e+00, 
 2DIAGNOSTIC,    26, -5.307916796087e-01, 1.208664756031e-06, 6.5793e+01, 2.0600e+00, 
 2DIAGNOSTIC,    27, -5.307917842457e-01, 1.167289058746e-06, 6.7844e+01, 2.0514e+00, 
 2DIAGNOSTIC,    28, -5.307915448280e-01, 1.123630210390e-06, 6.9977e+01, 2.1329e+00, 
 2DIAGNOSTIC,    29, -5.307912522658e-01, 1.076345974120e-06, 7.1840e+01, 1.8633e+00, 
 2DIAGNOSTIC,    30, -5.307911547212e-01, 1.031614146461e-06, 7.4235e+01, 2.3950e+00, 
  Elapsed time (stage 0): 7.5467e+01


