
##########################
# Experiment information #
##########################

EXPERIMENT_NAME: antsRegistration-binary64
VFC_BACKENDS: libinterflop_ieee.so

SIF_IMG: /home/mdugre/projects/rrg-glatard/mdugre/containers/ants-vprec-no_metrics.simg

SUBJECT_ID: s035
INPUT_IMG: /home/mdugre/scratch/mri-registration-rp/datasets/ds004513/derivatives/mri-registration-rp/antsBrainExtraction/sub-s035/BrainExtractionBrain.nii.gz
OUTPUT_DIR: /home/mdugre/scratch/mri-registration-rp/datasets/ds004513/derivatives/mri-registration-rp/0000/antsRegistration-binary64/sub-s035

FIXED_IMG: /templateflow/tpl-MNI152NLin2009cAsym/tpl-MNI152NLin2009cAsym_res-01_desc-brain_T1w.nii.gz
DATA_DIR: /home/mdugre/scratch/mri-registration-rp/datasets/ds004513
TEMPLATEFLOW_DIR: /home/mdugre/projects/rrg-glatard/mdugre/templateflow
ITK_GLOBAL_DEFAULT_NUMBER_OF_THREADS: 16
##########################

Info [verificarlo]: loaded backend libinterflop_ieee.so
Info [interflop-ieee]: load backend with:
Info [interflop-ieee]: debug = false
Info [interflop-ieee]: debug-binary = false
Info [interflop-ieee]: no-backend-name = false
Info [interflop-ieee]: print-new-line = false
Info [interflop-ieee]: print-subnormal-normalized = false
Info [interflop-ieee]: count-op = false
All_Command_lines_OK
Using double precision for computations.
=============================================================================
The composite transform comprises the following transforms (in order): 
  1. Center of mass alignment using fixed image: /templateflow/tpl-MNI152NLin2009cAsym/tpl-MNI152NLin2009cAsym_res-01_desc-brain_T1w.nii.gz and moving image: /home/mdugre/scratch/mri-registration-rp/datasets/ds004513/derivatives/mri-registration-rp/antsBrainExtraction/sub-s035/BrainExtractionBrain.nii.gz (type = Euler3DTransform)
=============================================================================
  number of levels = 1
  fixed image: /templateflow/tpl-MNI152NLin2009cAsym/tpl-MNI152NLin2009cAsym_res-01_desc-brain_T1w.nii.gz
  moving image: /home/mdugre/scratch/mri-registration-rp/datasets/ds004513/derivatives/mri-registration-rp/antsBrainExtraction/sub-s035/BrainExtractionBrain.nii.gz
Dimension = 3
Number of stages = 1
Use histogram matching = false
Winsorize image intensities = true
  Lower quantile = 0.005
  Upper quantile = 0.995


Stage 1 State
   Image metric = MattesMI
     Fixed image = Image (0x34fedf0)
  RTTI typeinfo:   itk::Image<double, 3u>
  Reference Count: 2
  Modified Time: 2330
  Debug: Off
  Object Name: 
  Observers: 
    none
  Source: (none)
  Source output name: (none)
  Release Data: Off
  Data Released: False
  Global Release Data: Off
  PipelineMTime: 0
  UpdateMTime: 1941
  RealTimeStamp: 0 seconds 
  LargestPossibleRegion: 
    Dimension: 3
    Index: [0, 0, 0]
    Size: [193, 229, 193]
  BufferedRegion: 
    Dimension: 3
    Index: [0, 0, 0]
    Size: [193, 229, 193]
  RequestedRegion: 
    Dimension: 3
    Index: [0, 0, 0]
    Size: [193, 229, 193]
  Spacing: [1, 1, 1]
  Origin: [96, 132, -78]
  Direction: 
-1 0 0
0 -1 0
0 0 1

  IndexToPointMatrix: 
-1 0 0
0 -1 0
0 0 1

  PointToIndexMatrix: 
-1 0 0
0 -1 0
0 0 1

  Inverse Direction: 
-1 0 0
0 -1 0
0 0 1

  PixelContainer: 
    ImportImageContainer (0x3636d50)
      RTTI typeinfo:   itk::ImportImageContainer<unsigned long, double>
      Reference Count: 1
      Modified Time: 1938
      Debug: Off
      Object Name: 
      Observers: 
        none
      Pointer: 0x14dfb89b2010
      Container manages memory: true
      Size: 8530021
      Capacity: 8530021

     Moving image = Image (0x35073e0)
  RTTI typeinfo:   itk::Image<double, 3u>
  Reference Count: 2
  Modified Time: 2331
  Debug: Off
  Object Name: 
  Observers: 
    none
  Source: (none)
  Source output name: (none)
  Release Data: Off
  Data Released: False
  Global Release Data: Off
  PipelineMTime: 0
  UpdateMTime: 2328
  RealTimeStamp: 0 seconds 
  LargestPossibleRegion: 
    Dimension: 3
    Index: [0, 0, 0]
    Size: [160, 240, 256]
  BufferedRegion: 
    Dimension: 3
    Index: [0, 0, 0]
    Size: [160, 240, 256]
  RequestedRegion: 
    Dimension: 3
    Index: [0, 0, 0]
    Size: [160, 240, 256]
  Spacing: [1, 1, 1]
  Origin: [98.6438, 87.6358, -117.989]
  Direction: 
-0.993515 -0.100993 -0.0522355
0.100854 -0.994887 0.00530255
-0.0525039 1.93537e-08 0.998621

  IndexToPointMatrix: 
-0.993515 -0.100993 -0.0522355
0.100854 -0.994887 0.00530255
-0.0525039 1.93537e-08 0.998621

  PointToIndexMatrix: 
-0.993515 0.100854 -0.0525039
-0.100993 -0.994887 1.93006e-08
-0.0522355 0.00530255 0.998621

  Inverse Direction: 
-0.993515 0.100854 -0.0525039
-0.100993 -0.994887 1.93006e-08
-0.0522355 0.00530255 0.998621

  PixelContainer: 
    ImportImageContainer (0x3696dd0)
      RTTI typeinfo:   itk::ImportImageContainer<unsigned long, double>
      Reference Count: 1
      Modified Time: 2325
      Debug: Off
      Object Name: 
      Observers: 
        none
      Pointer: 0x14dfb3eb1010
      Container manages memory: true
      Size: 9830400
      Capacity: 9830400

     Weighting = 1
     Sampling strategy = regular
     Number of bins = 32
     Radius = 4
     Sampling percentage  = 0.25
   Transform = Rigid
     Gradient step = 0.1
     Update field sigma (voxel space) = 0
     Total field sigma (voxel space) = 0
     Update field time sigma = 0
     Total field time sigma  = 0
     Number of time indices = 0
     Number of time point samples = 0
Registration using 1 total stages.

Stage 0
  iterations = 0
  convergence threshold = 1e-06
  convergence window size = 10
  number of levels = 1
  using the Mattes MI metric (number of bins = 32, weight = 1, use gradient filter = 0)
  preprocessing:  winsorizing the image intensities
  Shrink factors (level 1 out of 1): [1, 1, 1]
  smoothing sigmas per level: [0]
  regular sampling (percentage = 0.25)

*** Running Euler3DTransform registration ***

  Elapsed time (stage 0): 1.07065


Total elapsed time: 1.08563
Info [verificarlo]: loaded backend libinterflop_ieee.so
Info [interflop-ieee]: load backend with:
Info [interflop-ieee]: debug = false
Info [interflop-ieee]: debug-binary = false
Info [interflop-ieee]: no-backend-name = false
Info [interflop-ieee]: print-new-line = false
Info [interflop-ieee]: print-subnormal-normalized = false
Info [interflop-ieee]: count-op = false
All_Command_lines_OK
Using double precision for computations.
=============================================================================
The composite transform comprises the following transforms (in order): 
  1. /home/mdugre/scratch/mri-registration-rp/datasets/ds004513/derivatives/mri-registration-rp/0000/antsRegistration-binary64/sub-s035/align_Composite.h5[0] (type = Euler3DTransform)
  2. /home/mdugre/scratch/mri-registration-rp/datasets/ds004513/derivatives/mri-registration-rp/0000/antsRegistration-binary64/sub-s035/align_Composite.h5[1] (type = Euler3DTransform)
=============================================================================
  number of levels = 4
  fixed image: /templateflow/tpl-MNI152NLin2009cAsym/tpl-MNI152NLin2009cAsym_res-01_desc-brain_T1w.nii.gz
  moving image: /home/mdugre/scratch/mri-registration-rp/datasets/ds004513/derivatives/mri-registration-rp/antsBrainExtraction/sub-s035/BrainExtractionBrain.nii.gz
Dimension = 3
Number of stages = 1
Use histogram matching = false
Winsorize image intensities = true
  Lower quantile = 0.005
  Upper quantile = 0.995


Stage 1 State
   Image metric = MattesMI
     Fixed image = Image (0x520c7e0)
  RTTI typeinfo:   itk::Image<double, 3u>
  Reference Count: 2
  Modified Time: 1578
  Debug: Off
  Object Name: 
  Observers: 
    none
  Source: (none)
  Source output name: (none)
  Release Data: Off
  Data Released: False
  Global Release Data: Off
  PipelineMTime: 0
  UpdateMTime: 1189
  RealTimeStamp: 0 seconds 
  LargestPossibleRegion: 
    Dimension: 3
    Index: [0, 0, 0]
    Size: [193, 229, 193]
  BufferedRegion: 
    Dimension: 3
    Index: [0, 0, 0]
    Size: [193, 229, 193]
  RequestedRegion: 
    Dimension: 3
    Index: [0, 0, 0]
    Size: [193, 229, 193]
  Spacing: [1, 1, 1]
  Origin: [96, 132, -78]
  Direction: 
-1 0 0
0 -1 0
0 0 1

  IndexToPointMatrix: 
-1 0 0
0 -1 0
0 0 1

  PointToIndexMatrix: 
-1 0 0
0 -1 0
0 0 1

  Inverse Direction: 
-1 0 0
0 -1 0
0 0 1

  PixelContainer: 
    ImportImageContainer (0x52cb010)
      RTTI typeinfo:   itk::ImportImageContainer<unsigned long, double>
      Reference Count: 1
      Modified Time: 1186
      Debug: Off
      Object Name: 
      Observers: 
        none
      Pointer: 0x1493774a1010
      Container manages memory: true
      Size: 8530021
      Capacity: 8530021

     Moving image = Image (0x52c8100)
  RTTI typeinfo:   itk::Image<double, 3u>
  Reference Count: 2
  Modified Time: 1579
  Debug: Off
  Object Name: 
  Observers: 
    none
  Source: (none)
  Source output name: (none)
  Release Data: Off
  Data Released: False
  Global Release Data: Off
  PipelineMTime: 0
  UpdateMTime: 1576
  RealTimeStamp: 0 seconds 
  LargestPossibleRegion: 
    Dimension: 3
    Index: [0, 0, 0]
    Size: [160, 240, 256]
  BufferedRegion: 
    Dimension: 3
    Index: [0, 0, 0]
    Size: [160, 240, 256]
  RequestedRegion: 
    Dimension: 3
    Index: [0, 0, 0]
    Size: [160, 240, 256]
  Spacing: [1, 1, 1]
  Origin: [98.6438, 87.6358, -117.989]
  Direction: 
-0.993515 -0.100993 -0.0522355
0.100854 -0.994887 0.00530255
-0.0525039 1.93537e-08 0.998621

  IndexToPointMatrix: 
-0.993515 -0.100993 -0.0522355
0.100854 -0.994887 0.00530255
-0.0525039 1.93537e-08 0.998621

  PointToIndexMatrix: 
-0.993515 0.100854 -0.0525039
-0.100993 -0.994887 1.93006e-08
-0.0522355 0.00530255 0.998621

  Inverse Direction: 
-0.993515 0.100854 -0.0525039
-0.100993 -0.994887 1.93006e-08
-0.0522355 0.00530255 0.998621

  PixelContainer: 
    ImportImageContainer (0x53b3610)
      RTTI typeinfo:   itk::ImportImageContainer<unsigned long, double>
      Reference Count: 1
      Modified Time: 1573
      Debug: Off
      Object Name: 
      Observers: 
        none
      Pointer: 0x1493729a0010
      Container manages memory: true
      Size: 9830400
      Capacity: 9830400

     Weighting = 1
     Sampling strategy = regular
     Number of bins = 32
     Radius = 4
     Sampling percentage  = 0.25
   Transform = Rigid
     Gradient step = 0.1
     Update field sigma (voxel space) = 0
     Total field sigma (voxel space) = 0
     Update field time sigma = 0
     Total field time sigma  = 0
     Number of time indices = 0
     Number of time point samples = 0
Registration using 1 total stages.

Stage 0
  iterations = 1000x500x250x100
  convergence threshold = 1e-06
  convergence window size = 10
  number of levels = 4
  using the Mattes MI metric (number of bins = 32, weight = 1, use gradient filter = 0)
  preprocessing:  winsorizing the image intensities
  Shrink factors (level 1 out of 4): [8, 8, 8]
  Shrink factors (level 2 out of 4): [4, 4, 4]
  Shrink factors (level 3 out of 4): [2, 2, 2]
  Shrink factors (level 4 out of 4): [1, 1, 1]
  smoothing sigmas per level: [3, 2, 1, 0]
  regular sampling (percentage = 0.25)

*** Running Euler3DTransform registration ***

DIAGNOSTIC,Iteration,metricValue,convergenceValue,ITERATION_TIME_INDEX,SINCE_LAST
 2DIAGNOSTIC,     1, -5.238630234552e-01, 1.797693134862e+308, 7.6748e-01, 7.6748e-01, 
 2DIAGNOSTIC,     2, -5.257885820767e-01, 1.797693134862e+308, 7.7191e-01, 4.4301e-03, 
 2DIAGNOSTIC,     3, -5.278597554839e-01, 1.797693134862e+308, 7.7684e-01, 4.9260e-03, 
 2DIAGNOSTIC,     4, -5.302176117225e-01, 1.797693134862e+308, 7.8147e-01, 4.6308e-03, 
 2DIAGNOSTIC,     5, -5.343462816845e-01, 1.797693134862e+308, 7.8545e-01, 3.9799e-03, 
 2DIAGNOSTIC,     6, -5.399239396740e-01, 1.797693134862e+308, 7.8942e-01, 3.9709e-03, 
 2DIAGNOSTIC,     7, -5.490554822001e-01, 1.797693134862e+308, 7.9381e-01, 4.3840e-03, 
 2DIAGNOSTIC,     8, -5.545204224448e-01, 1.797693134862e+308, 7.9885e-01, 5.0411e-03, 
 2DIAGNOSTIC,     9, -5.601437715553e-01, 1.797693134862e+308, 8.0276e-01, 3.9160e-03, 
 2DIAGNOSTIC,    10, -5.617741193774e-01, 5.067640484485e-03, 8.0708e-01, 4.3149e-03, 
 2DIAGNOSTIC,    11, -5.649562249041e-01, 4.796539612083e-03, 8.1244e-01, 5.3589e-03, 
 2DIAGNOSTIC,    12, -5.658710903081e-01, 4.260783098155e-03, 8.1696e-01, 4.5221e-03, 
 2DIAGNOSTIC,    13, -5.662828333056e-01, 3.524744036645e-03, 8.2120e-01, 4.2410e-03, 
 2DIAGNOSTIC,    14, -5.685908474577e-01, 2.751340472953e-03, 8.2584e-01, 4.6430e-03, 
 2DIAGNOSTIC,    15, -5.732745043306e-01, 2.134644679428e-03, 8.3184e-01, 5.9960e-03, 
 2DIAGNOSTIC,    16, -5.738084427845e-01, 1.591333148336e-03, 8.3671e-01, 4.8728e-03, 
 2DIAGNOSTIC,    17, -5.739093703465e-01, 1.247363567739e-03, 8.4094e-01, 4.2260e-03, 
 2DIAGNOSTIC,    18, -5.745773598458e-01, 1.002163966315e-03, 8.4515e-01, 4.2169e-03, 
 2DIAGNOSTIC,    19, -5.752045522723e-01, 8.579763081923e-04, 8.5026e-01, 5.1041e-03, 
 2DIAGNOSTIC,    20, -5.755578777727e-01, 6.955845773876e-04, 8.5537e-01, 5.1119e-03, 
 2DIAGNOSTIC,    21, -5.761681227725e-01, 5.767135182710e-04, 8.5990e-01, 4.5259e-03, 
 2DIAGNOSTIC,    22, -5.775610178281e-01, 4.707067062548e-04, 8.6421e-01, 4.3139e-03, 
 2DIAGNOSTIC,    23, -5.801876522133e-01, 3.965856196832e-04, 8.6899e-01, 4.7810e-03, 
 2DIAGNOSTIC,    24, -5.873578871764e-01, 4.881452203996e-04, 8.7511e-01, 6.1221e-03, 
 2DIAGNOSTIC,    25, -5.924052233482e-01, 7.199711435251e-04, 8.8134e-01, 6.2280e-03, 
 2DIAGNOSTIC,    26, -5.933789722529e-01, 8.944842700445e-04, 8.8664e-01, 5.3000e-03, 
 2DIAGNOSTIC,    27, -5.948140362551e-01, 1.002036484459e-03, 8.9171e-01, 5.0690e-03, 
 2DIAGNOSTIC,    28, -5.954370004539e-01, 1.029952320895e-03, 8.9607e-01, 4.3561e-03, 
 2DIAGNOSTIC,    29, -5.955619965620e-01, 9.699000563252e-04, 9.0035e-01, 4.2849e-03, 
 2DIAGNOSTIC,    30, -5.960977142435e-01, 8.366692960196e-04, 9.0460e-01, 4.2439e-03, 
 2DIAGNOSTIC,    31, -5.971105016162e-01, 6.606986235768e-04, 9.0937e-01, 4.7760e-03, 
 2DIAGNOSTIC,    32, -5.989728413267e-01, 4.853112632080e-04, 9.1565e-01, 6.2749e-03, 
 2DIAGNOSTIC,    33, -5.996340171248e-01, 3.222359248087e-04, 9.2014e-01, 4.4968e-03, 
 2DIAGNOSTIC,    34, -5.997688324900e-01, 2.443793015917e-04, 9.2441e-01, 4.2691e-03, 
 2DIAGNOSTIC,    35, -5.999328162857e-01, 2.224308790708e-04, 9.2972e-01, 5.3110e-03, 
 2DIAGNOSTIC,    36, -6.001598298623e-01, 1.965988110137e-04, 9.3415e-01, 4.4310e-03, 
 2DIAGNOSTIC,    37, -6.004938013049e-01, 1.767006121004e-04, 9.3888e-01, 4.7231e-03, 
 2DIAGNOSTIC,    38, -6.008280010247e-01, 1.536048164354e-04, 9.4326e-01, 4.3871e-03, 
 2DIAGNOSTIC,    39, -6.038559363652e-01, 1.574331425624e-04, 9.4824e-01, 4.9760e-03, 
 2DIAGNOSTIC,    40, -6.077047302672e-01, 1.993081237670e-04, 9.5284e-01, 4.5972e-03, 
 2DIAGNOSTIC,    41, -6.174632736025e-01, 3.481387523909e-04, 9.5888e-01, 6.0399e-03, 
 2DIAGNOSTIC,    42, -6.161977892756e-01, 4.608907685120e-04, 9.6760e-01, 8.7271e-03, 
 2DIAGNOSTIC,    43, -6.161564565820e-01, 5.335371808389e-04, 9.7172e-01, 4.1189e-03, 
 2DIAGNOSTIC,    44, -6.170772258669e-01, 5.644821665264e-04, 9.7590e-01, 4.1769e-03, 
 2DIAGNOSTIC,    45, -6.185357304200e-01, 5.560476500114e-04, 9.7993e-01, 4.0269e-03, 
 2DIAGNOSTIC,    46, -6.206472621497e-01, 5.180559301959e-04, 9.8377e-01, 3.8390e-03, 
 2DIAGNOSTIC,    47, -6.234100435298e-01, 4.649605101231e-04, 9.8767e-01, 3.9048e-03, 
 2DIAGNOSTIC,    48, -6.282459771273e-01, 4.232184196831e-04, 9.9166e-01, 3.9890e-03, 
 2DIAGNOSTIC,    49, -6.332856917322e-01, 4.219353571965e-04, 9.9572e-01, 4.0650e-03, 
 2DIAGNOSTIC,    50, -6.437673293879e-01, 5.158699858663e-04, 9.9975e-01, 4.0209e-03, 
 2DIAGNOSTIC,    51, -6.567709928918e-01, 7.709770554600e-04, 1.0038e+00, 4.0450e-03, 
 2DIAGNOSTIC,    52, -6.630139280895e-01, 9.856114201193e-04, 1.0083e+00, 4.5061e-03, 
 2DIAGNOSTIC,    53, -6.637658019056e-01, 1.103854757171e-03, 1.0123e+00, 3.9802e-03, 
 2DIAGNOSTIC,    54, -6.646848067381e-01, 1.129224505341e-03, 1.0165e+00, 4.2500e-03, 
 2DIAGNOSTIC,    55, -6.699954720728e-01, 1.103370148702e-03, 1.0237e+00, 7.2169e-03, 
 2DIAGNOSTIC,    56, -6.720089914132e-01, 1.005089739463e-03, 1.0300e+00, 6.2220e-03, 
 2DIAGNOSTIC,    57, -6.720481632191e-01, 8.375237246743e-04, 1.0340e+00, 4.0040e-03, 
 2DIAGNOSTIC,    58, -6.725919495660e-01, 6.425663352202e-04, 1.0378e+00, 3.8419e-03, 
 2DIAGNOSTIC,    59, -6.729036349024e-01, 4.360793272241e-04, 1.0418e+00, 4.0030e-03, 
 2DIAGNOSTIC,    60, -6.731488716641e-01, 2.773041671766e-04, 1.0457e+00, 3.9229e-03, 
 2DIAGNOSTIC,    61, -6.734259055768e-01, 1.993309531870e-04, 1.0497e+00, 3.9918e-03, 
 2DIAGNOSTIC,    62, -6.739132090211e-01, 1.568960850576e-04, 1.0537e+00, 3.9601e-03, 
 2DIAGNOSTIC,    63, -6.762843184822e-01, 1.247264341413e-04, 1.0591e+00, 5.3759e-03, 
 2DIAGNOSTIC,    64, -6.766381576254e-01, 8.969375880408e-05, 1.0631e+00, 4.0419e-03, 
 2DIAGNOSTIC,    65, -6.771215190925e-01, 8.898292992132e-05, 1.0671e+00, 3.9620e-03, 
 2DIAGNOSTIC,    66, -6.778537180020e-01, 9.953422945023e-05, 1.0715e+00, 4.4661e-03, 
 2DIAGNOSTIC,    67, -6.792268157640e-01, 1.098307636916e-04, 1.0770e+00, 5.4710e-03, 
 2DIAGNOSTIC,    68, -6.807680928548e-01, 1.231390334198e-04, 1.0809e+00, 3.8960e-03, 
 2DIAGNOSTIC,    69, -6.815199634840e-01, 1.312164987432e-04, 1.0848e+00, 3.8769e-03, 
 2DIAGNOSTIC,    70, -6.818104783800e-01, 1.303111476679e-04, 1.0901e+00, 5.3308e-03, 
 2DIAGNOSTIC,    71, -6.820510286047e-01, 1.205025105129e-04, 1.0939e+00, 3.8381e-03, 
 2DIAGNOSTIC,    72, -6.822317001347e-01, 1.032403464525e-04, 1.0979e+00, 3.9630e-03, 
 2DIAGNOSTIC,    73, -6.825798780688e-01, 9.372210042258e-05, 1.1034e+00, 5.4791e-03, 
 2DIAGNOSTIC,    74, -6.826263968120e-01, 7.797279327981e-05, 1.1075e+00, 4.1168e-03, 
 2DIAGNOSTIC,    75, -6.826914578192e-01, 5.871104006890e-05, 1.1117e+00, 4.1451e-03, 
 2DIAGNOSTIC,    76, -6.828123324184e-01, 3.951662791357e-05, 1.1159e+00, 4.2291e-03, 
 2DIAGNOSTIC,    77, -6.832344958663e-01, 2.762811812549e-05, 1.1199e+00, 4.0390e-03, 
 2DIAGNOSTIC,    78, -6.838171743599e-01, 2.580786280344e-05, 1.1258e+00, 5.9180e-03, 
 2DIAGNOSTIC,    79, -6.837376319014e-01, 2.542017220068e-05, 1.1297e+00, 3.8421e-03, 
 2DIAGNOSTIC,    80, -6.837940934102e-01, 2.471284857166e-05, 1.1335e+00, 3.8550e-03, 
 2DIAGNOSTIC,    81, -6.839726449353e-01, 2.407022893344e-05, 1.1374e+00, 3.8869e-03, 
 2DIAGNOSTIC,    82, -6.841107709149e-01, 2.281035887493e-05, 1.1414e+00, 3.9880e-03, 
 2DIAGNOSTIC,    83, -6.851046304349e-01, 2.675743224346e-05, 1.1468e+00, 5.3589e-03, 
 2DIAGNOSTIC,    84, -6.858177525961e-01, 3.208771252002e-05, 1.1519e+00, 5.1029e-03, 
 2DIAGNOSTIC,    85, -6.861556001319e-01, 3.640332585194e-05, 1.1586e+00, 6.6812e-03, 
 2DIAGNOSTIC,    86, -6.861558924629e-01, 3.780141011439e-05, 1.1629e+00, 4.3101e-03, 
 2DIAGNOSTIC,    87, -6.861669105337e-01, 3.777743654206e-05, 1.1670e+00, 4.1430e-03, 
 2DIAGNOSTIC,    88, -6.861799636490e-01, 3.717481293988e-05, 1.1710e+00, 4.0050e-03, 
 2DIAGNOSTIC,    89, -6.861876478239e-01, 3.259338616768e-05, 1.1754e+00, 4.4138e-03, 
 2DIAGNOSTIC,    90, -6.861914597753e-01, 2.533834491007e-05, 1.1794e+00, 4.0200e-03, 
 2DIAGNOSTIC,    91, -6.861984445994e-01, 1.686248820415e-05, 1.1836e+00, 4.1142e-03, 
 2DIAGNOSTIC,    92, -6.862113386798e-01, 7.665986990920e-06, 1.1877e+00, 4.1008e-03, 
 2DIAGNOSTIC,    93, -6.862267214108e-01, 2.805706174376e-06, 1.1918e+00, 4.0970e-03, 
 2DIAGNOSTIC,    94, -6.862421210814e-01, 1.276597115289e-06, 1.1962e+00, 4.4551e-03, 
 2DIAGNOSTIC,    95, -6.863402414910e-01, 1.766664608330e-06, 1.2018e+00, 5.5530e-03, 
 2DIAGNOSTIC,    96, -6.863401955449e-01, 2.099078071563e-06, 1.2058e+00, 3.9909e-03, 
 2DIAGNOSTIC,    97, -6.863403292262e-01, 2.311935542714e-06, 1.2098e+00, 4.0140e-03, 
 2DIAGNOSTIC,    98, -6.863407785111e-01, 2.398317877456e-06, 1.2138e+00, 3.9861e-03, 
 2DIAGNOSTIC,    99, -6.863418535788e-01, 2.322364338144e-06, 1.2179e+00, 4.0989e-03, 
 2DIAGNOSTIC,   100, -6.863433351646e-01, 2.074029815596e-06, 1.2312e+00, 1.3386e-02, 
 2DIAGNOSTIC,   101, -6.863433350258e-01, 1.693331680838e-06, 1.2446e+00, 1.3315e-02, 
 2DIAGNOSTIC,   102, -6.863433350258e-01, 1.252638350742e-06, 1.2497e+00, 5.1520e-03, 
DIAGNOSTIC,Iteration,metricValue,convergenceValue,ITERATION_TIME_INDEX,SINCE_LAST
 2DIAGNOSTIC,     1, -5.583134412787e-01, 1.797693134862e+308, 2.0335e+00, 7.8381e-01, 
 2DIAGNOSTIC,     2, -5.587689365776e-01, 1.797693134862e+308, 2.0636e+00, 3.0072e-02, 
 2DIAGNOSTIC,     3, -5.591102687467e-01, 1.797693134862e+308, 2.0894e+00, 2.5785e-02, 
 2DIAGNOSTIC,     4, -5.599294209458e-01, 1.797693134862e+308, 2.1158e+00, 2.6400e-02, 
 2DIAGNOSTIC,     5, -5.608880089961e-01, 1.797693134862e+308, 2.1452e+00, 2.9458e-02, 
 2DIAGNOSTIC,     6, -5.613233723392e-01, 1.797693134862e+308, 2.1716e+00, 2.6331e-02, 
 2DIAGNOSTIC,     7, -5.624617507900e-01, 1.797693134862e+308, 2.2015e+00, 2.9893e-02, 
 2DIAGNOSTIC,     8, -5.631242792276e-01, 1.797693134862e+308, 2.2369e+00, 3.5454e-02, 
 2DIAGNOSTIC,     9, -5.632663920758e-01, 1.797693134862e+308, 2.2687e+00, 3.1748e-02, 
 2DIAGNOSTIC,    10, -5.639226819641e-01, 6.925810863810e-04, 2.2994e+00, 3.0783e-02, 
 2DIAGNOSTIC,    11, -5.654841951641e-01, 6.698371272364e-04, 2.3329e+00, 3.3487e-02, 
 2DIAGNOSTIC,    12, -5.660109143240e-01, 6.307265523743e-04, 2.3598e+00, 2.6881e-02, 
 2DIAGNOSTIC,    13, -5.661382794302e-01, 5.589656895295e-04, 2.4443e+00, 8.4483e-02, 
 2DIAGNOSTIC,    14, -5.661382784033e-01, 4.771832013555e-04, 2.4710e+00, 2.6733e-02, 
 2DIAGNOSTIC,    15, -5.661383192429e-01, 3.954691301739e-04, 2.4976e+00, 2.6618e-02, 
 2DIAGNOSTIC,    16, -5.661383883104e-01, 3.000998863863e-04, 2.5243e+00, 2.6696e-02, 
 2DIAGNOSTIC,    17, -5.661385049436e-01, 2.217276758408e-04, 2.5508e+00, 2.6476e-02, 
 2DIAGNOSTIC,    18, -5.661387017279e-01, 1.510857490007e-04, 2.5770e+00, 2.6146e-02, 
 2DIAGNOSTIC,    19, -5.661390354520e-01, 7.807996643452e-05, 2.6039e+00, 2.6984e-02, 
 2DIAGNOSTIC,    20, -5.661395971330e-01, 2.095562422830e-05, 2.6337e+00, 2.9760e-02, 
 2DIAGNOSTIC,    21, -5.661403981950e-01, 4.675167953716e-06, 2.6601e+00, 2.6407e-02, 
 2DIAGNOSTIC,    22, -5.661327249650e-01, 1.395253571512e-06, 2.6868e+00, 2.6706e-02, 
 2DIAGNOSTIC,    23, -5.661350261696e-01, 1.253449017295e-06, 2.7144e+00, 2.7587e-02, 
 2DIAGNOSTIC,    24, -5.661387415563e-01, 1.210952360255e-06, 2.7408e+00, 2.6360e-02, 
 2DIAGNOSTIC,    25, -5.661446581880e-01, 1.298813653003e-06, 2.7695e+00, 2.8769e-02, 
 2DIAGNOSTIC,    26, -5.661540655092e-01, 1.560102717464e-06, 2.8020e+00, 3.2485e-02, 
 2DIAGNOSTIC,    27, -5.661508427328e-01, 1.712502539504e-06, 2.8357e+00, 3.3698e-02, 
 2DIAGNOSTIC,    28, -5.661359130157e-01, 1.544155329311e-06, 2.8643e+00, 2.8601e-02, 
 2DIAGNOSTIC,    29, -5.661375988216e-01, 1.389824501277e-06, 2.8963e+00, 3.1957e-02, 
 2DIAGNOSTIC,    30, -5.661627278930e-01, 1.641101315834e-06, 2.9285e+00, 3.2249e-02, 
 2DIAGNOSTIC,    31, -5.661513337234e-01, 1.636391872999e-06, 2.9570e+00, 2.8434e-02, 
 2DIAGNOSTIC,    32, -5.661374656818e-01, 1.248245545142e-06, 2.9888e+00, 3.1821e-02, 
 2DIAGNOSTIC,    33, -5.661531802742e-01, 1.150589140353e-06, 3.0223e+00, 3.3550e-02, 
DIAGNOSTIC,Iteration,metricValue,convergenceValue,ITERATION_TIME_INDEX,SINCE_LAST
 2DIAGNOSTIC,     1, -5.039572677403e-01, 1.797693134862e+308, 4.2414e+00, 1.2191e+00, 
 2DIAGNOSTIC,     2, -5.041044956393e-01, 1.797693134862e+308, 4.5034e+00, 2.6201e-01, 
 2DIAGNOSTIC,     3, -5.041890306670e-01, 1.797693134862e+308, 4.7784e+00, 2.7498e-01, 
 2DIAGNOSTIC,     4, -5.042451567721e-01, 1.797693134862e+308, 5.0227e+00, 2.4434e-01, 
 2DIAGNOSTIC,     5, -5.043444166697e-01, 1.797693134862e+308, 5.4473e+00, 4.2459e-01, 
 2DIAGNOSTIC,     6, -5.043445865192e-01, 1.797693134862e+308, 5.7291e+00, 2.8176e-01, 
 2DIAGNOSTIC,     7, -5.043421603461e-01, 1.797693134862e+308, 6.0289e+00, 2.9979e-01, 
 2DIAGNOSTIC,     8, -5.043465656736e-01, 1.797693134862e+308, 6.3116e+00, 2.8270e-01, 
 2DIAGNOSTIC,     9, -5.043507209156e-01, 1.797693134862e+308, 6.6074e+00, 2.9578e-01, 
 2DIAGNOSTIC,    10, -5.043478444466e-01, 4.610640571009e-05, 6.8909e+00, 2.8349e-01, 
 2DIAGNOSTIC,    11, -5.043493136917e-01, 2.637354172737e-05, 7.1190e+00, 2.2811e-01, 
 2DIAGNOSTIC,    12, -5.043502642359e-01, 1.477874785383e-05, 7.3707e+00, 2.5169e-01, 
 2DIAGNOSTIC,    13, -5.043658175477e-01, 8.188456223954e-06, 7.6688e+00, 2.9812e-01, 
 2DIAGNOSTIC,    14, -5.043781185963e-01, 4.637287177339e-06, 7.9399e+00, 2.7112e-01, 
 2DIAGNOSTIC,    15, -5.043930022319e-01, 5.629228784165e-06, 8.2321e+00, 2.9216e-01, 
 2DIAGNOSTIC,    16, -5.044443461488e-01, 7.995057007909e-06, 8.5780e+00, 3.4596e-01, 
 2DIAGNOSTIC,    17, -5.045093868328e-01, 1.156222602557e-05, 8.9026e+00, 3.2459e-01, 
 2DIAGNOSTIC,    18, -5.045705340168e-01, 1.584470984023e-05, 9.2216e+00, 3.1901e-01, 
 2DIAGNOSTIC,    19, -5.045818793272e-01, 1.882154333210e-05, 9.8173e+00, 5.9563e-01, 
 2DIAGNOSTIC,    20, -5.045874285002e-01, 2.001647285835e-05, 1.0184e+01, 3.6701e-01, 
 2DIAGNOSTIC,    21, -5.045879208897e-01, 1.943829414106e-05, 1.0557e+01, 3.7234e-01, 
 2DIAGNOSTIC,    22, -5.045875179683e-01, 1.721905466365e-05, 1.0949e+01, 3.9257e-01, 
 2DIAGNOSTIC,    23, -5.045854424396e-01, 1.403398896062e-05, 1.1265e+01, 3.1534e-01, 
 2DIAGNOSTIC,    24, -5.045875927016e-01, 1.028841200799e-05, 1.1668e+01, 4.0394e-01, 
 2DIAGNOSTIC,    25, -5.045881258041e-01, 6.350227792440e-06, 1.1969e+01, 3.0010e-01, 
 2DIAGNOSTIC,    26, -5.045871104059e-01, 3.306699385530e-06, 1.2297e+01, 3.2847e-01, 
 2DIAGNOSTIC,    27, -5.045876246028e-01, 1.630417740379e-06, 1.2624e+01, 3.2728e-01, 
 2DIAGNOSTIC,    28, -5.045871896175e-01, 1.248154483026e-06, 1.2936e+01, 3.1135e-01, 
 2DIAGNOSTIC,    29, -5.045856233413e-01, 1.068051761352e-06, 1.3350e+01, 4.1481e-01, 
DIAGNOSTIC,Iteration,metricValue,convergenceValue,ITERATION_TIME_INDEX,SINCE_LAST
 2DIAGNOSTIC,     1, -4.673049762978e-01, 1.797693134862e+308, 1.5848e+01, 2.4971e+00, 
 2DIAGNOSTIC,     2, -4.673861688249e-01, 1.797693134862e+308, 1.7445e+01, 1.5973e+00, 
 2DIAGNOSTIC,     3, -4.673923843754e-01, 1.797693134862e+308, 1.9800e+01, 2.3556e+00, 
 2DIAGNOSTIC,     4, -4.673928072271e-01, 1.797693134862e+308, 2.1385e+01, 1.5845e+00, 
 2DIAGNOSTIC,     5, -4.673924139372e-01, 1.797693134862e+308, 2.3289e+01, 1.9038e+00, 
 2DIAGNOSTIC,     6, -4.673921839839e-01, 1.797693134862e+308, 2.6176e+01, 2.8868e+00, 
 2DIAGNOSTIC,     7, -4.673922867484e-01, 1.797693134862e+308, 3.0849e+01, 4.6732e+00, 
 2DIAGNOSTIC,     8, -4.673922867483e-01, 1.797693134862e+308, 3.3353e+01, 2.5039e+00, 
 2DIAGNOSTIC,     9, -4.673922867483e-01, 1.797693134862e+308, 3.4896e+01, 1.5435e+00, 
 2DIAGNOSTIC,    10, -4.673922867483e-01, 8.794023200129e-06, 3.6359e+01, 1.4627e+00, 
 2DIAGNOSTIC,    11, -4.673922867483e-01, 3.202803305222e-06, 3.7951e+01, 1.5920e+00, 
 2DIAGNOSTIC,    12, -4.673922867483e-01, 2.620788866037e-06, 3.9691e+01, 1.7398e+00, 
 2DIAGNOSTIC,    13, -4.673922867483e-01, 2.420787770907e-06, 4.1318e+01, 1.6270e+00, 
 2DIAGNOSTIC,    14, -4.673922867483e-01, 2.270544082472e-06, 4.3027e+01, 1.7089e+00, 
 2DIAGNOSTIC,    15, -4.673922867483e-01, 2.124855561392e-06, 4.4557e+01, 1.5308e+00, 
 2DIAGNOSTIC,    16, -4.673922867483e-01, 1.988144849446e-06, 4.6157e+01, 1.5993e+00, 
 2DIAGNOSTIC,    17, -4.673922867483e-01, 1.871193787410e-06, 4.7794e+01, 1.6375e+00, 
 2DIAGNOSTIC,    18, -4.673922867483e-01, 1.767237430547e-06, 4.9395e+01, 1.6010e+00, 
 2DIAGNOSTIC,    19, -4.673922867483e-01, 1.674223962390e-06, 5.0961e+01, 1.5654e+00, 
 2DIAGNOSTIC,    20, -4.673922867483e-01, 1.590511933387e-06, 5.2585e+01, 1.6240e+00, 
 2DIAGNOSTIC,    21, -4.673922867483e-01, 1.514772553904e-06, 5.3980e+01, 1.3950e+00, 
 2DIAGNOSTIC,    22, -4.673922867483e-01, 1.445918634699e-06, 5.6209e+01, 2.2289e+00, 
 2DIAGNOSTIC,    23, -4.673922867483e-01, 1.383052064499e-06, 5.7836e+01, 1.6275e+00, 
 2DIAGNOSTIC,    24, -4.673922867483e-01, 1.325424418490e-06, 5.9442e+01, 1.6056e+00, 
 2DIAGNOSTIC,    25, -4.673922867483e-01, 1.272407020747e-06, 6.1036e+01, 1.5947e+00, 
 2DIAGNOSTIC,    26, -4.673922867483e-01, 1.223467915493e-06, 6.2685e+01, 1.6483e+00, 
 2DIAGNOSTIC,    27, -4.673922867483e-01, 1.178153955818e-06, 6.4559e+01, 1.8747e+00, 
 2DIAGNOSTIC,    28, -4.673922867483e-01, 1.136076730503e-06, 6.6096e+01, 1.5367e+00, 
 2DIAGNOSTIC,    29, -4.673922867483e-01, 1.096901402667e-06, 6.7608e+01, 1.5122e+00, 
 2DIAGNOSTIC,    30, -4.673922867483e-01, 1.060337780620e-06, 6.8964e+01, 1.3558e+00, 
 2DIAGNOSTIC,    31, -4.673922867483e-01, 1.026133117026e-06, 7.0396e+01, 1.4322e+00, 
  Elapsed time (stage 0): 7.1198e+01


Total elapsed time: 7.1205e+01
Info [verificarlo]: loaded backend libinterflop_ieee.so
Info [interflop-ieee]: load backend with:
Info [interflop-ieee]: debug = false
Info [interflop-ieee]: debug-binary = false
Info [interflop-ieee]: no-backend-name = false
Info [interflop-ieee]: print-new-line = false
Info [interflop-ieee]: print-subnormal-normalized = false
Info [interflop-ieee]: count-op = false
All_Command_lines_OK
Using double precision for computations.
=============================================================================
The composite transform comprises the following transforms (in order): 
  1. /home/mdugre/scratch/mri-registration-rp/datasets/ds004513/derivatives/mri-registration-rp/0000/antsRegistration-binary64/sub-s035/rigid_Composite.h5[0] (type = Euler3DTransform)
  2. /home/mdugre/scratch/mri-registration-rp/datasets/ds004513/derivatives/mri-registration-rp/0000/antsRegistration-binary64/sub-s035/rigid_Composite.h5[1] (type = Euler3DTransform)
  3. /home/mdugre/scratch/mri-registration-rp/datasets/ds004513/derivatives/mri-registration-rp/0000/antsRegistration-binary64/sub-s035/rigid_Composite.h5[2] (type = Euler3DTransform)
=============================================================================
  number of levels = 4
  fixed image: /templateflow/tpl-MNI152NLin2009cAsym/tpl-MNI152NLin2009cAsym_res-01_desc-brain_T1w.nii.gz
  moving image: /home/mdugre/scratch/mri-registration-rp/datasets/ds004513/derivatives/mri-registration-rp/antsBrainExtraction/sub-s035/BrainExtractionBrain.nii.gz
Dimension = 3
Number of stages = 1
Use histogram matching = false
Winsorize image intensities = true
  Lower quantile = 0.005
  Upper quantile = 0.995


Stage 1 State
   Image metric = MattesMI
     Fixed image = Image (0x42787e0)
  RTTI typeinfo:   itk::Image<double, 3u>
  Reference Count: 2
  Modified Time: 1592
  Debug: Off
  Object Name: 
  Observers: 
    none
  Source: (none)
  Source output name: (none)
  Release Data: Off
  Data Released: False
  Global Release Data: Off
  PipelineMTime: 0
  UpdateMTime: 1203
  RealTimeStamp: 0 seconds 
  LargestPossibleRegion: 
    Dimension: 3
    Index: [0, 0, 0]
    Size: [193, 229, 193]
  BufferedRegion: 
    Dimension: 3
    Index: [0, 0, 0]
    Size: [193, 229, 193]
  RequestedRegion: 
    Dimension: 3
    Index: [0, 0, 0]
    Size: [193, 229, 193]
  Spacing: [1, 1, 1]
  Origin: [96, 132, -78]
  Direction: 
-1 0 0
0 -1 0
0 0 1

  IndexToPointMatrix: 
-1 0 0
0 -1 0
0 0 1

  PointToIndexMatrix: 
-1 0 0
0 -1 0
0 0 1

  Inverse Direction: 
-1 0 0
0 -1 0
0 0 1

  PixelContainer: 
    ImportImageContainer (0x4338a20)
      RTTI typeinfo:   itk::ImportImageContainer<unsigned long, double>
      Reference Count: 1
      Modified Time: 1200
      Debug: Off
      Object Name: 
      Observers: 
        none
      Pointer: 0x152875cf5010
      Container manages memory: true
      Size: 8530021
      Capacity: 8530021

     Moving image = Image (0x43340a0)
  RTTI typeinfo:   itk::Image<double, 3u>
  Reference Count: 2
  Modified Time: 1593
  Debug: Off
  Object Name: 
  Observers: 
    none
  Source: (none)
  Source output name: (none)
  Release Data: Off
  Data Released: False
  Global Release Data: Off
  PipelineMTime: 0
  UpdateMTime: 1590
  RealTimeStamp: 0 seconds 
  LargestPossibleRegion: 
    Dimension: 3
    Index: [0, 0, 0]
    Size: [160, 240, 256]
  BufferedRegion: 
    Dimension: 3
    Index: [0, 0, 0]
    Size: [160, 240, 256]
  RequestedRegion: 
    Dimension: 3
    Index: [0, 0, 0]
    Size: [160, 240, 256]
  Spacing: [1, 1, 1]
  Origin: [98.6438, 87.6358, -117.989]
  Direction: 
-0.993515 -0.100993 -0.0522355
0.100854 -0.994887 0.00530255
-0.0525039 1.93537e-08 0.998621

  IndexToPointMatrix: 
-0.993515 -0.100993 -0.0522355
0.100854 -0.994887 0.00530255
-0.0525039 1.93537e-08 0.998621

  PointToIndexMatrix: 
-0.993515 0.100854 -0.0525039
-0.100993 -0.994887 1.93006e-08
-0.0522355 0.00530255 0.998621

  Inverse Direction: 
-0.993515 0.100854 -0.0525039
-0.100993 -0.994887 1.93006e-08
-0.0522355 0.00530255 0.998621

  PixelContainer: 
    ImportImageContainer (0x42ee0d0)
      RTTI typeinfo:   itk::ImportImageContainer<unsigned long, double>
      Reference Count: 1
      Modified Time: 1587
      Debug: Off
      Object Name: 
      Observers: 
        none
      Pointer: 0x1528711f4010
      Container manages memory: true
      Size: 9830400
      Capacity: 9830400

     Weighting = 1
     Sampling strategy = regular
     Number of bins = 32
     Radius = 4
     Sampling percentage  = 0.25
   Transform = Affine
     Gradient step = 0.1
     Update field sigma (voxel space) = 0
     Total field sigma (voxel space) = 0
     Update field time sigma = 0
     Total field time sigma  = 0
     Number of time indices = 0
     Number of time point samples = 0
Registration using 1 total stages.

Stage 0
  iterations = 1000x500x250x100
  convergence threshold = 1e-06
  convergence window size = 10
  number of levels = 4
  using the Mattes MI metric (number of bins = 32, weight = 1, use gradient filter = 0)
  preprocessing:  winsorizing the image intensities
  Shrink factors (level 1 out of 4): [8, 8, 8]
  Shrink factors (level 2 out of 4): [4, 4, 4]
  Shrink factors (level 3 out of 4): [2, 2, 2]
  Shrink factors (level 4 out of 4): [1, 1, 1]
  smoothing sigmas per level: [3, 2, 1, 0]
  regular sampling (percentage = 0.25)

*** Running AffineTransform registration ***

DIAGNOSTIC,Iteration,metricValue,convergenceValue,ITERATION_TIME_INDEX,SINCE_LAST
 2DIAGNOSTIC,     1, -6.768612655596e-01, 1.797693134862e+308, 1.0318e+00, 1.0318e+00, 
 2DIAGNOSTIC,     2, -6.789489344852e-01, 1.797693134862e+308, 1.0380e+00, 6.1550e-03, 
 2DIAGNOSTIC,     3, -6.827652457786e-01, 1.797693134862e+308, 1.0439e+00, 5.8980e-03, 
 2DIAGNOSTIC,     4, -6.899551549867e-01, 1.797693134862e+308, 1.0492e+00, 5.3568e-03, 
 2DIAGNOSTIC,     5, -7.005741853847e-01, 1.797693134862e+308, 1.0542e+00, 4.9660e-03, 
 2DIAGNOSTIC,     6, -7.123185158622e-01, 1.797693134862e+308, 1.0598e+00, 5.5888e-03, 
 2DIAGNOSTIC,     7, -7.368246227288e-01, 1.797693134862e+308, 1.0688e+00, 9.0351e-03, 
 2DIAGNOSTIC,     8, -7.367031111146e-01, 1.797693134862e+308, 1.0745e+00, 5.6410e-03, 
 2DIAGNOSTIC,     9, -7.370318197958e-01, 1.797693134862e+308, 1.0797e+00, 5.2710e-03, 
 2DIAGNOSTIC,    10, -7.373219457498e-01, 6.934474923293e-03, 1.0846e+00, 4.9100e-03, 
 2DIAGNOSTIC,    11, -7.378362859031e-01, 5.831473316958e-03, 1.0899e+00, 5.3091e-03, 
 2DIAGNOSTIC,    12, -7.379105802615e-01, 4.458844287983e-03, 1.0953e+00, 5.3742e-03, 
 2DIAGNOSTIC,    13, -7.378170073459e-01, 3.017372139296e-03, 1.1006e+00, 5.2960e-03, 
 2DIAGNOSTIC,    14, -7.377178915133e-01, 1.722112209863e-03, 1.1067e+00, 6.0692e-03, 
 2DIAGNOSTIC,    15, -7.376903543313e-01, 7.254617677125e-04, 1.1120e+00, 5.3620e-03, 
 2DIAGNOSTIC,    16, -7.375333340386e-01, 5.870874777730e-05, 1.1173e+00, 5.2979e-03, 
 2DIAGNOSTIC,    17, -7.374807069807e-01, 3.447322196717e-05, 1.1227e+00, 5.3959e-03, 
 2DIAGNOSTIC,    18, -7.374081641533e-01, 5.812199141982e-06, 1.1276e+00, 4.8568e-03, 
DIAGNOSTIC,Iteration,metricValue,convergenceValue,ITERATION_TIME_INDEX,SINCE_LAST
 2DIAGNOSTIC,     1, -6.040346274341e-01, 1.797693134862e+308, 1.8617e+00, 7.3415e-01, 
 2DIAGNOSTIC,     2, -6.053600551364e-01, 1.797693134862e+308, 1.8937e+00, 3.1907e-02, 
 2DIAGNOSTIC,     3, -6.069386065257e-01, 1.797693134862e+308, 1.9280e+00, 3.4354e-02, 
 2DIAGNOSTIC,     4, -6.083845483086e-01, 1.797693134862e+308, 1.9593e+00, 3.1256e-02, 
 2DIAGNOSTIC,     5, -6.093784506690e-01, 1.797693134862e+308, 1.9910e+00, 3.1692e-02, 
 2DIAGNOSTIC,     6, -6.096949596740e-01, 1.797693134862e+308, 2.0233e+00, 3.2381e-02, 
 2DIAGNOSTIC,     7, -6.101658771627e-01, 1.797693134862e+308, 2.0564e+00, 3.3072e-02, 
 2DIAGNOSTIC,     8, -6.104699179427e-01, 1.797693134862e+308, 2.1004e+00, 4.4012e-02, 
 2DIAGNOSTIC,     9, -6.105695680826e-01, 1.797693134862e+308, 2.1364e+00, 3.6018e-02, 
 2DIAGNOSTIC,    10, -6.105961564100e-01, 6.792372062027e-04, 2.1792e+00, 4.2717e-02, 
 2DIAGNOSTIC,    11, -6.105975796114e-01, 4.508561758877e-04, 2.2172e+00, 3.8029e-02, 
 2DIAGNOSTIC,    12, -6.105884238277e-01, 2.709106733786e-04, 2.2557e+00, 3.8522e-02, 
 2DIAGNOSTIC,    13, -6.106175272821e-01, 1.511052822822e-04, 2.2919e+00, 3.6157e-02, 
 2DIAGNOSTIC,    14, -6.106225025319e-01, 8.261634002618e-05, 2.3381e+00, 4.6265e-02, 
 2DIAGNOSTIC,    15, -6.106128221784e-01, 4.658048274123e-05, 2.3858e+00, 4.7640e-02, 
 2DIAGNOSTIC,    16, -6.106024323296e-01, 1.968817441468e-05, 2.4204e+00, 3.4649e-02, 
 2DIAGNOSTIC,    17, -6.105789042363e-01, 6.424557446101e-06, 2.4569e+00, 3.6520e-02, 
 2DIAGNOSTIC,    18, -6.105788310394e-01, 2.024666086328e-06, 2.4946e+00, 3.7667e-02, 
DIAGNOSTIC,Iteration,metricValue,convergenceValue,ITERATION_TIME_INDEX,SINCE_LAST
 2DIAGNOSTIC,     1, -5.341007127616e-01, 1.797693134862e+308, 3.7154e+00, 1.2208e+00, 
 2DIAGNOSTIC,     2, -5.345665165365e-01, 1.797693134862e+308, 4.0297e+00, 3.1429e-01, 
 2DIAGNOSTIC,     3, -5.349126356651e-01, 1.797693134862e+308, 4.3127e+00, 2.8300e-01, 
 2DIAGNOSTIC,     4, -5.350740883794e-01, 1.797693134862e+308, 4.6461e+00, 3.3335e-01, 
 2DIAGNOSTIC,     5, -5.352383617681e-01, 1.797693134862e+308, 5.0243e+00, 3.7819e-01, 
 2DIAGNOSTIC,     6, -5.356175572302e-01, 1.797693134862e+308, 5.4223e+00, 3.9807e-01, 
 2DIAGNOSTIC,     7, -5.356889001793e-01, 1.797693134862e+308, 5.8430e+00, 4.2063e-01, 
 2DIAGNOSTIC,     8, -5.357445631973e-01, 1.797693134862e+308, 6.2543e+00, 4.1132e-01, 
 2DIAGNOSTIC,     9, -5.358410944427e-01, 1.797693134862e+308, 6.6017e+00, 3.4748e-01, 
 2DIAGNOSTIC,    10, -5.361369203634e-01, 2.199895161191e-04, 7.0097e+00, 4.0792e-01, 
 2DIAGNOSTIC,    11, -5.364436654360e-01, 1.830538216959e-04, 7.4882e+00, 4.7856e-01, 
 2DIAGNOSTIC,    12, -5.365116740970e-01, 1.592217151923e-04, 7.8867e+00, 3.9851e-01, 
 2DIAGNOSTIC,    13, -5.365084204362e-01, 1.392726136517e-04, 8.2720e+00, 3.8523e-01, 
 2DIAGNOSTIC,    14, -5.365031594885e-01, 1.158231003957e-04, 8.7528e+00, 4.8085e-01, 
 2DIAGNOSTIC,    15, -5.364981642389e-01, 9.026436864337e-05, 9.2536e+00, 5.0075e-01, 
 2DIAGNOSTIC,    16, -5.364972865154e-01, 7.215725983307e-05, 9.7664e+00, 5.1288e-01, 
 2DIAGNOSTIC,    17, -5.364965585340e-01, 5.198946373798e-05, 1.0154e+01, 3.8765e-01, 
 2DIAGNOSTIC,    18, -5.364957559432e-01, 3.121606356164e-05, 1.0526e+01, 3.7179e-01, 
 2DIAGNOSTIC,    19, -5.364950869255e-01, 1.248005886370e-05, 1.0938e+01, 4.1187e-01, 
 2DIAGNOSTIC,    20, -5.364953296520e-01, 2.256691169274e-06, 1.1341e+01, 4.0372e-01, 
DIAGNOSTIC,Iteration,metricValue,convergenceValue,ITERATION_TIME_INDEX,SINCE_LAST
 2DIAGNOSTIC,     1, -4.912760040561e-01, 1.797693134862e+308, 1.4244e+01, 2.9030e+00, 
 2DIAGNOSTIC,     2, -4.916278179862e-01, 1.797693134862e+308, 1.6111e+01, 1.8667e+00, 
 2DIAGNOSTIC,     3, -4.920086663514e-01, 1.797693134862e+308, 1.7938e+01, 1.8266e+00, 
 2DIAGNOSTIC,     4, -4.921999753282e-01, 1.797693134862e+308, 1.9942e+01, 2.0042e+00, 
 2DIAGNOSTIC,     5, -4.924233237668e-01, 1.797693134862e+308, 2.1776e+01, 1.8335e+00, 
 2DIAGNOSTIC,     6, -4.928070336352e-01, 1.797693134862e+308, 2.4428e+01, 2.6521e+00, 
 2DIAGNOSTIC,     7, -4.928803116320e-01, 1.797693134862e+308, 2.6418e+01, 1.9903e+00, 
 2DIAGNOSTIC,     8, -4.929343216081e-01, 1.797693134862e+308, 2.8210e+01, 1.7923e+00, 
 2DIAGNOSTIC,     9, -4.930303324680e-01, 1.797693134862e+308, 3.2396e+01, 4.1858e+00, 
