
##########################
# Experiment information #
##########################

EXPERIMENT_NAME: antsRegistration-binary64
VFC_BACKENDS: libinterflop_ieee.so

SIF_IMG: /home/mdugre/projects/rrg-glatard/mdugre/containers/ants-vprec-no_metrics.simg

SUBJECT_ID: s032
INPUT_IMG: /home/mdugre/scratch/mri-registration-rp/datasets/ds004513/derivatives/mri-registration-rp/antsBrainExtraction/sub-s032/BrainExtractionBrain.nii.gz
OUTPUT_DIR: /home/mdugre/scratch/mri-registration-rp/datasets/ds004513/derivatives/mri-registration-rp/0000/antsRegistration-binary64/sub-s032

FIXED_IMG: /templateflow/tpl-MNI152NLin2009cAsym/tpl-MNI152NLin2009cAsym_res-01_desc-brain_T1w.nii.gz
DATA_DIR: /home/mdugre/scratch/mri-registration-rp/datasets/ds004513
TEMPLATEFLOW_DIR: /home/mdugre/projects/rrg-glatard/mdugre/templateflow
ITK_GLOBAL_DEFAULT_NUMBER_OF_THREADS: 16
##########################

Info [verificarlo]: loaded backend libinterflop_ieee.so
Info [interflop-ieee]: load backend with:
Info [interflop-ieee]: debug = false
Info [interflop-ieee]: debug-binary = false
Info [interflop-ieee]: no-backend-name = false
Info [interflop-ieee]: print-new-line = false
Info [interflop-ieee]: print-subnormal-normalized = false
Info [interflop-ieee]: count-op = false
All_Command_lines_OK
Using double precision for computations.
=============================================================================
The composite transform comprises the following transforms (in order): 
  1. Center of mass alignment using fixed image: /templateflow/tpl-MNI152NLin2009cAsym/tpl-MNI152NLin2009cAsym_res-01_desc-brain_T1w.nii.gz and moving image: /home/mdugre/scratch/mri-registration-rp/datasets/ds004513/derivatives/mri-registration-rp/antsBrainExtraction/sub-s032/BrainExtractionBrain.nii.gz (type = Euler3DTransform)
=============================================================================
  number of levels = 1
  fixed image: /templateflow/tpl-MNI152NLin2009cAsym/tpl-MNI152NLin2009cAsym_res-01_desc-brain_T1w.nii.gz
  moving image: /home/mdugre/scratch/mri-registration-rp/datasets/ds004513/derivatives/mri-registration-rp/antsBrainExtraction/sub-s032/BrainExtractionBrain.nii.gz
Dimension = 3
Number of stages = 1
Use histogram matching = false
Winsorize image intensities = true
  Lower quantile = 0.005
  Upper quantile = 0.995


Stage 1 State
   Image metric = MattesMI
     Fixed image = Image (0x3722df0)
  RTTI typeinfo:   itk::Image<double, 3u>
  Reference Count: 2
  Modified Time: 2330
  Debug: Off
  Object Name: 
  Observers: 
    none
  Source: (none)
  Source output name: (none)
  Release Data: Off
  Data Released: False
  Global Release Data: Off
  PipelineMTime: 0
  UpdateMTime: 1941
  RealTimeStamp: 0 seconds 
  LargestPossibleRegion: 
    Dimension: 3
    Index: [0, 0, 0]
    Size: [193, 229, 193]
  BufferedRegion: 
    Dimension: 3
    Index: [0, 0, 0]
    Size: [193, 229, 193]
  RequestedRegion: 
    Dimension: 3
    Index: [0, 0, 0]
    Size: [193, 229, 193]
  Spacing: [1, 1, 1]
  Origin: [96, 132, -78]
  Direction: 
-1 0 0
0 -1 0
0 0 1

  IndexToPointMatrix: 
-1 0 0
0 -1 0
0 0 1

  PointToIndexMatrix: 
-1 0 0
0 -1 0
0 0 1

  Inverse Direction: 
-1 0 0
0 -1 0
0 0 1

  PixelContainer: 
    ImportImageContainer (0x385ad50)
      RTTI typeinfo:   itk::ImportImageContainer<unsigned long, double>
      Reference Count: 1
      Modified Time: 1938
      Debug: Off
      Object Name: 
      Observers: 
        none
      Pointer: 0x147733c13010
      Container manages memory: true
      Size: 8530021
      Capacity: 8530021

     Moving image = Image (0x372b3e0)
  RTTI typeinfo:   itk::Image<double, 3u>
  Reference Count: 2
  Modified Time: 2331
  Debug: Off
  Object Name: 
  Observers: 
    none
  Source: (none)
  Source output name: (none)
  Release Data: Off
  Data Released: False
  Global Release Data: Off
  PipelineMTime: 0
  UpdateMTime: 2328
  RealTimeStamp: 0 seconds 
  LargestPossibleRegion: 
    Dimension: 3
    Index: [0, 0, 0]
    Size: [160, 240, 256]
  BufferedRegion: 
    Dimension: 3
    Index: [0, 0, 0]
    Size: [160, 240, 256]
  RequestedRegion: 
    Dimension: 3
    Index: [0, 0, 0]
    Size: [160, 240, 256]
  Spacing: [1, 1, 1]
  Origin: [73.279, 104.707, -131.187]
  Direction: 
-0.997527 0.0645574 -0.0278053
-0.0645323 -0.997914 -0.00179875
-0.0278634 4.01097e-08 0.999612

  IndexToPointMatrix: 
-0.997527 0.0645574 -0.0278053
-0.0645323 -0.997914 -0.00179875
-0.0278634 4.01097e-08 0.999612

  PointToIndexMatrix: 
-0.997527 -0.0645323 -0.0278634
0.0645574 -0.997914 4.01049e-08
-0.0278053 -0.00179875 0.999612

  Inverse Direction: 
-0.997527 -0.0645323 -0.0278634
0.0645574 -0.997914 4.01049e-08
-0.0278053 -0.00179875 0.999612

  PixelContainer: 
    ImportImageContainer (0x38badd0)
      RTTI typeinfo:   itk::ImportImageContainer<unsigned long, double>
      Reference Count: 1
      Modified Time: 2325
      Debug: Off
      Object Name: 
      Observers: 
        none
      Pointer: 0x14772f112010
      Container manages memory: true
      Size: 9830400
      Capacity: 9830400

     Weighting = 1
     Sampling strategy = regular
     Number of bins = 32
     Radius = 4
     Sampling percentage  = 0.25
   Transform = Rigid
     Gradient step = 0.1
     Update field sigma (voxel space) = 0
     Total field sigma (voxel space) = 0
     Update field time sigma = 0
     Total field time sigma  = 0
     Number of time indices = 0
     Number of time point samples = 0
Registration using 1 total stages.

Stage 0
  iterations = 0
  convergence threshold = 1e-06
  convergence window size = 10
  number of levels = 1
  using the Mattes MI metric (number of bins = 32, weight = 1, use gradient filter = 0)
  preprocessing:  winsorizing the image intensities
  Shrink factors (level 1 out of 1): [1, 1, 1]
  smoothing sigmas per level: [0]
  regular sampling (percentage = 0.25)

*** Running Euler3DTransform registration ***

  Elapsed time (stage 0): 1.16815


Total elapsed time: 1.17052
Info [verificarlo]: loaded backend libinterflop_ieee.so
Info [interflop-ieee]: load backend with:
Info [interflop-ieee]: debug = false
Info [interflop-ieee]: debug-binary = false
Info [interflop-ieee]: no-backend-name = false
Info [interflop-ieee]: print-new-line = false
Info [interflop-ieee]: print-subnormal-normalized = false
Info [interflop-ieee]: count-op = false
All_Command_lines_OK
Using double precision for computations.
=============================================================================
The composite transform comprises the following transforms (in order): 
  1. /home/mdugre/scratch/mri-registration-rp/datasets/ds004513/derivatives/mri-registration-rp/0000/antsRegistration-binary64/sub-s032/align_Composite.h5[0] (type = Euler3DTransform)
  2. /home/mdugre/scratch/mri-registration-rp/datasets/ds004513/derivatives/mri-registration-rp/0000/antsRegistration-binary64/sub-s032/align_Composite.h5[1] (type = Euler3DTransform)
=============================================================================
  number of levels = 4
  fixed image: /templateflow/tpl-MNI152NLin2009cAsym/tpl-MNI152NLin2009cAsym_res-01_desc-brain_T1w.nii.gz
  moving image: /home/mdugre/scratch/mri-registration-rp/datasets/ds004513/derivatives/mri-registration-rp/antsBrainExtraction/sub-s032/BrainExtractionBrain.nii.gz
Dimension = 3
Number of stages = 1
Use histogram matching = false
Winsorize image intensities = true
  Lower quantile = 0.005
  Upper quantile = 0.995


Stage 1 State
   Image metric = MattesMI
     Fixed image = Image (0x347b7e0)
  RTTI typeinfo:   itk::Image<double, 3u>
  Reference Count: 2
  Modified Time: 1578
  Debug: Off
  Object Name: 
  Observers: 
    none
  Source: (none)
  Source output name: (none)
  Release Data: Off
  Data Released: False
  Global Release Data: Off
  PipelineMTime: 0
  UpdateMTime: 1189
  RealTimeStamp: 0 seconds 
  LargestPossibleRegion: 
    Dimension: 3
    Index: [0, 0, 0]
    Size: [193, 229, 193]
  BufferedRegion: 
    Dimension: 3
    Index: [0, 0, 0]
    Size: [193, 229, 193]
  RequestedRegion: 
    Dimension: 3
    Index: [0, 0, 0]
    Size: [193, 229, 193]
  Spacing: [1, 1, 1]
  Origin: [96, 132, -78]
  Direction: 
-1 0 0
0 -1 0
0 0 1

  IndexToPointMatrix: 
-1 0 0
0 -1 0
0 0 1

  PointToIndexMatrix: 
-1 0 0
0 -1 0
0 0 1

  Inverse Direction: 
-1 0 0
0 -1 0
0 0 1

  PixelContainer: 
    ImportImageContainer (0x353a010)
      RTTI typeinfo:   itk::ImportImageContainer<unsigned long, double>
      Reference Count: 1
      Modified Time: 1186
      Debug: Off
      Object Name: 
      Observers: 
        none
      Pointer: 0x14c1eb36d010
      Container manages memory: true
      Size: 8530021
      Capacity: 8530021

     Moving image = Image (0x3537100)
  RTTI typeinfo:   itk::Image<double, 3u>
  Reference Count: 2
  Modified Time: 1579
  Debug: Off
  Object Name: 
  Observers: 
    none
  Source: (none)
  Source output name: (none)
  Release Data: Off
  Data Released: False
  Global Release Data: Off
  PipelineMTime: 0
  UpdateMTime: 1576
  RealTimeStamp: 0 seconds 
  LargestPossibleRegion: 
    Dimension: 3
    Index: [0, 0, 0]
    Size: [160, 240, 256]
  BufferedRegion: 
    Dimension: 3
    Index: [0, 0, 0]
    Size: [160, 240, 256]
  RequestedRegion: 
    Dimension: 3
    Index: [0, 0, 0]
    Size: [160, 240, 256]
  Spacing: [1, 1, 1]
  Origin: [73.279, 104.707, -131.187]
  Direction: 
-0.997527 0.0645574 -0.0278053
-0.0645323 -0.997914 -0.00179875
-0.0278634 4.01097e-08 0.999612

  IndexToPointMatrix: 
-0.997527 0.0645574 -0.0278053
-0.0645323 -0.997914 -0.00179875
-0.0278634 4.01097e-08 0.999612

  PointToIndexMatrix: 
-0.997527 -0.0645323 -0.0278634
0.0645574 -0.997914 4.01049e-08
-0.0278053 -0.00179875 0.999612

  Inverse Direction: 
-0.997527 -0.0645323 -0.0278634
0.0645574 -0.997914 4.01049e-08
-0.0278053 -0.00179875 0.999612

  PixelContainer: 
    ImportImageContainer (0x3622610)
      RTTI typeinfo:   itk::ImportImageContainer<unsigned long, double>
      Reference Count: 1
      Modified Time: 1573
      Debug: Off
      Object Name: 
      Observers: 
        none
      Pointer: 0x14c1e686c010
      Container manages memory: true
      Size: 9830400
      Capacity: 9830400

     Weighting = 1
     Sampling strategy = regular
     Number of bins = 32
     Radius = 4
     Sampling percentage  = 0.25
   Transform = Rigid
     Gradient step = 0.1
     Update field sigma (voxel space) = 0
     Total field sigma (voxel space) = 0
     Update field time sigma = 0
     Total field time sigma  = 0
     Number of time indices = 0
     Number of time point samples = 0
Registration using 1 total stages.

Stage 0
  iterations = 1000x500x250x100
  convergence threshold = 1e-06
  convergence window size = 10
  number of levels = 4
  using the Mattes MI metric (number of bins = 32, weight = 1, use gradient filter = 0)
  preprocessing:  winsorizing the image intensities
  Shrink factors (level 1 out of 4): [8, 8, 8]
  Shrink factors (level 2 out of 4): [4, 4, 4]
  Shrink factors (level 3 out of 4): [2, 2, 2]
  Shrink factors (level 4 out of 4): [1, 1, 1]
  smoothing sigmas per level: [3, 2, 1, 0]
  regular sampling (percentage = 0.25)

*** Running Euler3DTransform registration ***

DIAGNOSTIC,Iteration,metricValue,convergenceValue,ITERATION_TIME_INDEX,SINCE_LAST
 2DIAGNOSTIC,     1, -5.480496989617e-01, 1.797693134862e+308, 7.5461e-01, 7.5461e-01, 
 2DIAGNOSTIC,     2, -5.506811078454e-01, 1.797693134862e+308, 7.5965e-01, 5.0449e-03, 
 2DIAGNOSTIC,     3, -5.546514955662e-01, 1.797693134862e+308, 7.6411e-01, 4.4601e-03, 
 2DIAGNOSTIC,     4, -5.606863537750e-01, 1.797693134862e+308, 7.6857e-01, 4.4620e-03, 
 2DIAGNOSTIC,     5, -5.693661845193e-01, 1.797693134862e+308, 7.7306e-01, 4.4861e-03, 
 2DIAGNOSTIC,     6, -5.854078830086e-01, 1.797693134862e+308, 7.7761e-01, 4.5471e-03, 
 2DIAGNOSTIC,     7, -6.232769732918e-01, 1.797693134862e+308, 7.8203e-01, 4.4250e-03, 
 2DIAGNOSTIC,     8, -6.297683730473e-01, 1.797693134862e+308, 7.8727e-01, 5.2409e-03, 
 2DIAGNOSTIC,     9, -6.366738733405e-01, 1.797693134862e+308, 7.9498e-01, 7.7052e-03, 
 2DIAGNOSTIC,    10, -6.375630690827e-01, 1.201760866083e-02, 7.9947e-01, 4.4942e-03, 
 2DIAGNOSTIC,    11, -6.405337628679e-01, 1.087684809450e-02, 8.0383e-01, 4.3600e-03, 
 2DIAGNOSTIC,    12, -6.435528997438e-01, 9.167753354490e-03, 8.0873e-01, 4.8962e-03, 
 2DIAGNOSTIC,    13, -6.444720921444e-01, 7.089498731847e-03, 8.1305e-01, 4.3218e-03, 
 2DIAGNOSTIC,    14, -6.463616611293e-01, 4.967892496988e-03, 8.1802e-01, 4.9701e-03, 
 2DIAGNOSTIC,    15, -6.484646963404e-01, 3.033020789043e-03, 8.2597e-01, 7.9510e-03, 
 2DIAGNOSTIC,    16, -6.486009987994e-01, 1.520386367320e-03, 8.3027e-01, 4.3011e-03, 
 2DIAGNOSTIC,    17, -6.493699344760e-01, 1.108203205204e-03, 8.3461e-01, 4.3411e-03, 
 2DIAGNOSTIC,    18, -6.514578195065e-01, 8.586162135984e-04, 8.3895e-01, 4.3390e-03, 
 2DIAGNOSTIC,    19, -6.526592717406e-01, 7.533650369804e-04, 8.4350e-01, 4.5469e-03, 
 2DIAGNOSTIC,    20, -6.536191777189e-01, 6.303067369292e-04, 8.4794e-01, 4.4470e-03, 
 2DIAGNOSTIC,    21, -6.549162298979e-01, 5.534292205380e-04, 8.5278e-01, 4.8320e-03, 
 2DIAGNOSTIC,    22, -6.562385790832e-01, 5.226986103233e-04, 8.5889e-01, 6.1121e-03, 
 2DIAGNOSTIC,    23, -6.565000058113e-01, 4.680180012237e-04, 8.6442e-01, 5.5268e-03, 
 2DIAGNOSTIC,    24, -6.565387353854e-01, 4.101063704209e-04, 8.6979e-01, 5.3720e-03, 
 2DIAGNOSTIC,    25, -6.567702146894e-01, 3.618032093044e-04, 8.7523e-01, 5.4460e-03, 
 2DIAGNOSTIC,    26, -6.583507212369e-01, 3.132611037347e-04, 8.7991e-01, 4.6740e-03, 
 2DIAGNOSTIC,    27, -6.586527568469e-01, 2.554116018358e-04, 8.8469e-01, 4.7781e-03, 
 2DIAGNOSTIC,    28, -6.593310437738e-01, 2.225767143838e-04, 8.9078e-01, 6.0921e-03, 
 2DIAGNOSTIC,    29, -6.595734041655e-01, 1.939316665334e-04, 8.9591e-01, 5.1351e-03, 
 2DIAGNOSTIC,    30, -6.595955819569e-01, 1.634946778526e-04, 9.0098e-01, 5.0659e-03, 
 2DIAGNOSTIC,    31, -6.596949967568e-01, 1.392755860913e-04, 9.0546e-01, 4.4811e-03, 
 2DIAGNOSTIC,    32, -6.597157295313e-01, 1.221677497590e-04, 9.1052e-01, 5.0650e-03, 
 2DIAGNOSTIC,    33, -6.597001423845e-01, 9.820426862719e-05, 9.1808e-01, 7.5529e-03, 
 2DIAGNOSTIC,    34, -6.595254449701e-01, 6.486903006579e-05, 9.2260e-01, 4.5230e-03, 
 2DIAGNOSTIC,    35, -6.595295822809e-01, 3.010817889774e-05, 9.2705e-01, 4.4501e-03, 
 2DIAGNOSTIC,    36, -6.595351297935e-01, 1.424396565698e-05, 9.3147e-01, 4.4210e-03, 
 2DIAGNOSTIC,    37, -6.595409535781e-01, 1.474135167771e-06, 9.3597e-01, 4.4992e-03, 
DIAGNOSTIC,Iteration,metricValue,convergenceValue,ITERATION_TIME_INDEX,SINCE_LAST
 2DIAGNOSTIC,     1, -5.183739626530e-01, 1.797693134862e+308, 1.7142e+00, 7.7819e-01, 
 2DIAGNOSTIC,     2, -5.189226238287e-01, 1.797693134862e+308, 1.7433e+00, 2.9136e-02, 
 2DIAGNOSTIC,     3, -5.196899327353e-01, 1.797693134862e+308, 1.7720e+00, 2.8656e-02, 
 2DIAGNOSTIC,     4, -5.204463662998e-01, 1.797693134862e+308, 1.8011e+00, 2.9147e-02, 
 2DIAGNOSTIC,     5, -5.209979485296e-01, 1.797693134862e+308, 1.8299e+00, 2.8800e-02, 
 2DIAGNOSTIC,     6, -5.216357744179e-01, 1.797693134862e+308, 1.8591e+00, 2.9210e-02, 
 2DIAGNOSTIC,     7, -5.233753714564e-01, 1.797693134862e+308, 1.8904e+00, 3.1326e-02, 
 2DIAGNOSTIC,     8, -5.241119131140e-01, 1.797693134862e+308, 1.9289e+00, 3.8476e-02, 
 2DIAGNOSTIC,     9, -5.247293428572e-01, 1.797693134862e+308, 1.9687e+00, 3.9759e-02, 
 2DIAGNOSTIC,    10, -5.250028241311e-01, 8.899807890900e-04, 2.0025e+00, 3.3852e-02, 
 2DIAGNOSTIC,    11, -5.255570915955e-01, 7.959217995854e-04, 2.0383e+00, 3.5828e-02, 
 2DIAGNOSTIC,    12, -5.289098580992e-01, 8.211614771177e-04, 2.0744e+00, 3.6009e-02, 
 2DIAGNOSTIC,    13, -5.295596023849e-01, 8.231568502910e-04, 2.1085e+00, 3.4135e-02, 
 2DIAGNOSTIC,    14, -5.295253573226e-01, 7.798185602797e-04, 2.1395e+00, 3.1017e-02, 
 2DIAGNOSTIC,    15, -5.301734548087e-01, 7.172057295609e-04, 2.1711e+00, 3.1595e-02, 
 2DIAGNOSTIC,    16, -5.312974510163e-01, 6.544536475789e-04, 2.2027e+00, 3.1644e-02, 
 2DIAGNOSTIC,    17, -5.330531863309e-01, 6.473171381880e-04, 2.2556e+00, 5.2804e-02, 
 2DIAGNOSTIC,    18, -5.331722879158e-01, 6.054636953873e-04, 2.2843e+00, 2.8738e-02, 
 2DIAGNOSTIC,    19, -5.334120079183e-01, 5.389732195207e-04, 2.3125e+00, 2.8218e-02, 
 2DIAGNOSTIC,    20, -5.338316426321e-01, 4.491979330156e-04, 2.3411e+00, 2.8578e-02, 
 2DIAGNOSTIC,    21, -5.362350857284e-01, 3.991516525147e-04, 2.3815e+00, 4.0447e-02, 
 2DIAGNOSTIC,    22, -5.366258095584e-01, 4.058447443738e-04, 2.4115e+00, 2.9934e-02, 
 2DIAGNOSTIC,    23, -5.369897062315e-01, 3.988572123491e-04, 2.4402e+00, 2.8782e-02, 
 2DIAGNOSTIC,    24, -5.378070777198e-01, 3.739146697097e-04, 2.4691e+00, 2.8863e-02, 
 2DIAGNOSTIC,    25, -5.384996826804e-01, 3.440329532730e-04, 2.5096e+00, 4.0514e-02, 
 2DIAGNOSTIC,    26, -5.387699704468e-01, 3.111775826369e-04, 2.5396e+00, 3.0007e-02, 
 2DIAGNOSTIC,    27, -5.394765955584e-01, 3.006510701813e-04, 2.5764e+00, 3.6754e-02, 
 2DIAGNOSTIC,    28, -5.401082728610e-01, 2.774445880436e-04, 2.6056e+00, 2.9205e-02, 
 2DIAGNOSTIC,    29, -5.404012066238e-01, 2.396454903543e-04, 2.6384e+00, 3.2763e-02, 
 2DIAGNOSTIC,    30, -5.408646456441e-01, 1.965116274756e-04, 2.6721e+00, 3.3760e-02, 
 2DIAGNOSTIC,    31, -5.412301263072e-01, 1.855066141752e-04, 2.7051e+00, 3.2956e-02, 
 2DIAGNOSTIC,    32, -5.414516827392e-01, 1.678931701473e-04, 2.7355e+00, 3.0445e-02, 
 2DIAGNOSTIC,    33, -5.480605477733e-01, 2.481455736044e-04, 2.7772e+00, 4.1670e-02, 
 2DIAGNOSTIC,    34, -5.485874703584e-01, 3.181461315163e-04, 2.8069e+00, 2.9713e-02, 
 2DIAGNOSTIC,    35, -5.490799985207e-01, 3.730250235742e-04, 2.8385e+00, 3.1633e-02, 
 2DIAGNOSTIC,    36, -5.502101940213e-01, 4.113610670108e-04, 2.8755e+00, 3.6993e-02, 
 2DIAGNOSTIC,    37, -5.507458451311e-01, 4.256148817325e-04, 2.9100e+00, 3.4453e-02, 
 2DIAGNOSTIC,    38, -5.513671799706e-01, 4.147467183826e-04, 2.9472e+00, 3.7209e-02, 
 2DIAGNOSTIC,    39, -5.515097278452e-01, 3.705152824680e-04, 2.9770e+00, 2.9778e-02, 
 2DIAGNOSTIC,    40, -5.534032845320e-01, 3.259125577704e-04, 3.0162e+00, 3.9284e-02, 
 2DIAGNOSTIC,    41, -5.540152949275e-01, 2.654263202065e-04, 3.0480e+00, 3.1779e-02, 
 2DIAGNOSTIC,    42, -5.547053572117e-01, 1.918641615375e-04, 3.0791e+00, 3.1092e-02, 
 2DIAGNOSTIC,    43, -5.552667589193e-01, 1.921463630739e-04, 3.1227e+00, 4.3621e-02, 
 2DIAGNOSTIC,    44, -5.555493571521e-01, 1.838582794052e-04, 3.1593e+00, 3.6554e-02, 
 2DIAGNOSTIC,    45, -5.564373293147e-01, 1.741982922023e-04, 3.1897e+00, 3.0425e-02, 
 2DIAGNOSTIC,    46, -5.579744746807e-01, 1.785886015295e-04, 3.2213e+00, 3.1622e-02, 
 2DIAGNOSTIC,    47, -5.607600187417e-01, 2.027354889055e-04, 3.2566e+00, 3.5245e-02, 
 2DIAGNOSTIC,    48, -5.613501523865e-01, 2.194729634200e-04, 3.2881e+00, 3.1481e-02, 
 2DIAGNOSTIC,    49, -5.625754096707e-01, 2.292143721884e-04, 3.3299e+00, 4.1807e-02, 
 2DIAGNOSTIC,    50, -5.640102204738e-01, 2.516638440011e-04, 3.3607e+00, 3.0816e-02, 
 2DIAGNOSTIC,    51, -5.644658435073e-01, 2.594879354758e-04, 3.3911e+00, 3.0391e-02, 
 2DIAGNOSTIC,    52, -5.657032471477e-01, 2.613718478823e-04, 3.4336e+00, 4.2551e-02, 
 2DIAGNOSTIC,    53, -5.658180265686e-01, 2.448431524905e-04, 3.4684e+00, 3.4780e-02, 
 2DIAGNOSTIC,    54, -5.658848583386e-01, 2.092084052590e-04, 3.4995e+00, 3.1110e-02, 
 2DIAGNOSTIC,    55, -5.660052709124e-01, 1.644124482848e-04, 3.5307e+00, 3.1183e-02, 
 2DIAGNOSTIC,    56, -5.661270393513e-01, 1.204165725003e-04, 3.5618e+00, 3.1080e-02, 
 2DIAGNOSTIC,    57, -5.665446446540e-01, 9.592200813173e-05, 3.6101e+00, 4.8331e-02, 
 2DIAGNOSTIC,    58, -5.667848297590e-01, 7.040727567183e-05, 3.6475e+00, 3.7377e-02, 
 2DIAGNOSTIC,    59, -5.668077588830e-01, 4.999064388300e-05, 3.6822e+00, 3.4722e-02, 
 2DIAGNOSTIC,    60, -5.668074747695e-01, 3.811021929345e-05, 3.7173e+00, 3.5041e-02, 
 2DIAGNOSTIC,    61, -5.668005583395e-01, 2.658309156931e-05, 3.7728e+00, 5.5508e-02, 
 2DIAGNOSTIC,    62, -5.668036373580e-01, 2.330675865030e-05, 3.8177e+00, 4.4912e-02, 
 2DIAGNOSTIC,    63, -5.668118051798e-01, 1.892921859450e-05, 3.8496e+00, 3.1968e-02, 
 2DIAGNOSTIC,    64, -5.668070612028e-01, 1.345464459909e-05, 3.8867e+00, 3.7101e-02, 
 2DIAGNOSTIC,    65, -5.668208779955e-01, 8.030655583337e-06, 3.9229e+00, 3.6187e-02, 
 2DIAGNOSTIC,    66, -5.668252924097e-01, 2.977725075043e-06, 3.9543e+00, 3.1393e-02, 
 2DIAGNOSTIC,    67, -5.668234151185e-01, 1.018099881098e-06, 3.9851e+00, 3.0786e-02, 
 2DIAGNOSTIC,    68, -5.668566593500e-01, 1.153618628374e-06, 4.0196e+00, 3.4463e-02, 
 2DIAGNOSTIC,    69, -5.668762569144e-01, 1.533885723336e-06, 4.0536e+00, 3.4042e-02, 
 2DIAGNOSTIC,    70, -5.668946914887e-01, 1.935372701472e-06, 4.0840e+00, 3.0373e-02, 
 2DIAGNOSTIC,    71, -5.669421870648e-01, 2.481085429393e-06, 4.1146e+00, 3.0580e-02, 
 2DIAGNOSTIC,    72, -5.669928827957e-01, 3.196935205835e-06, 4.1467e+00, 3.2084e-02, 
 2DIAGNOSTIC,    73, -5.671127171479e-01, 4.531623345577e-06, 4.1803e+00, 3.3604e-02, 
 2DIAGNOSTIC,    74, -5.673714795323e-01, 7.193885269487e-06, 4.2279e+00, 4.7619e-02, 
 2DIAGNOSTIC,    75, -5.673950519913e-01, 9.353288001022e-06, 4.2613e+00, 3.3427e-02, 
 2DIAGNOSTIC,    76, -5.673898409504e-01, 1.061637907497e-05, 4.2973e+00, 3.6011e-02, 
 2DIAGNOSTIC,    77, -5.673822494052e-01, 1.081764510520e-05, 4.3312e+00, 3.3851e-02, 
 2DIAGNOSTIC,    78, -5.673743379567e-01, 1.016402381347e-05, 4.3652e+00, 3.4050e-02, 
 2DIAGNOSTIC,    79, -5.673582289223e-01, 8.583721702975e-06, 4.3964e+00, 3.1227e-02, 
 2DIAGNOSTIC,    80, -5.673583956963e-01, 6.376353324377e-06, 4.4351e+00, 3.8693e-02, 
 2DIAGNOSTIC,    81, -5.673586502740e-01, 3.978662832112e-06, 4.4721e+00, 3.7002e-02, 
 2DIAGNOSTIC,    82, -5.673590938124e-01, 1.618133185572e-06, 4.5049e+00, 3.2762e-02, 
DIAGNOSTIC,Iteration,metricValue,convergenceValue,ITERATION_TIME_INDEX,SINCE_LAST
 2DIAGNOSTIC,     1, -5.013355690405e-01, 1.797693134862e+308, 5.7200e+00, 1.2151e+00, 
 2DIAGNOSTIC,     2, -5.016424658210e-01, 1.797693134862e+308, 5.9557e+00, 2.3572e-01, 
 2DIAGNOSTIC,     3, -5.019727515344e-01, 1.797693134862e+308, 6.1871e+00, 2.3146e-01, 
 2DIAGNOSTIC,     4, -5.021076647288e-01, 1.797693134862e+308, 6.4881e+00, 3.0094e-01, 
 2DIAGNOSTIC,     5, -5.021418578751e-01, 1.797693134862e+308, 6.8772e+00, 3.8912e-01, 
 2DIAGNOSTIC,     6, -5.021426659682e-01, 1.797693134862e+308, 7.1507e+00, 2.7351e-01, 
 2DIAGNOSTIC,     7, -5.021419507443e-01, 1.797693134862e+308, 7.4109e+00, 2.6014e-01, 
 2DIAGNOSTIC,     8, -5.021408850610e-01, 1.797693134862e+308, 7.7355e+00, 3.2467e-01, 
 2DIAGNOSTIC,     9, -5.021395850568e-01, 1.797693134862e+308, 8.0110e+00, 2.7544e-01, 
 2DIAGNOSTIC,    10, -5.021389884604e-01, 8.085272237418e-05, 8.2956e+00, 2.8460e-01, 
 2DIAGNOSTIC,    11, -5.021392544860e-01, 3.705950429388e-05, 8.5667e+00, 2.7118e-01, 
 2DIAGNOSTIC,    12, -5.021386942831e-01, 1.161099004400e-05, 8.8634e+00, 2.9666e-01, 
 2DIAGNOSTIC,    13, -5.021407001788e-01, 3.591871438710e-06, 9.1334e+00, 2.7004e-01, 
 2DIAGNOSTIC,    14, -5.021400224282e-01, 2.001724187795e-06, 9.3830e+00, 2.4953e-01, 
 2DIAGNOSTIC,    15, -5.021392951932e-01, 1.911368041368e-06, 9.6032e+00, 2.2025e-01, 
 2DIAGNOSTIC,    16, -5.021378175690e-01, 1.828972952603e-06, 9.8440e+00, 2.4078e-01, 
 2DIAGNOSTIC,    17, -5.021379598591e-01, 1.752828024566e-06, 1.0080e+01, 2.3576e-01, 
 2DIAGNOSTIC,    18, -5.021373784919e-01, 1.643414501352e-06, 1.0321e+01, 2.4142e-01, 
 2DIAGNOSTIC,    19, -5.021369509927e-01, 1.505909524711e-06, 1.0542e+01, 2.2087e-01, 
 2DIAGNOSTIC,    20, -5.021392301915e-01, 1.446750439248e-06, 1.0802e+01, 2.5994e-01, 
 2DIAGNOSTIC,    21, -5.021399256713e-01, 1.431923485291e-06, 1.1122e+01, 3.2047e-01, 
 2DIAGNOSTIC,    22, -5.021403577025e-01, 1.421057299736e-06, 1.1529e+01, 4.0610e-01, 
 2DIAGNOSTIC,    23, -5.021404060983e-01, 1.464792721062e-06, 1.1752e+01, 2.2343e-01, 
 2DIAGNOSTIC,    24, -5.021388465777e-01, 1.444972498203e-06, 1.2020e+01, 2.6838e-01, 
 2DIAGNOSTIC,    25, -5.021380972479e-01, 1.383167083882e-06, 1.2277e+01, 2.5686e-01, 
 2DIAGNOSTIC,    26, -5.021373617102e-01, 1.266732956300e-06, 1.2500e+01, 2.2278e-01, 
 2DIAGNOSTIC,    27, -5.021358649938e-01, 1.126995312316e-06, 1.2723e+01, 2.2332e-01, 
 2DIAGNOSTIC,    28, -5.021369263846e-01, 1.013321195696e-06, 1.2947e+01, 2.2398e-01, 
DIAGNOSTIC,Iteration,metricValue,convergenceValue,ITERATION_TIME_INDEX,SINCE_LAST
 2DIAGNOSTIC,     1, -4.665433290084e-01, 1.797693134862e+308, 1.5645e+01, 2.6976e+00, 
 2DIAGNOSTIC,     2, -4.666175779228e-01, 1.797693134862e+308, 1.7175e+01, 1.5299e+00, 
 2DIAGNOSTIC,     3, -4.666256904071e-01, 1.797693134862e+308, 1.8742e+01, 1.5673e+00, 
 2DIAGNOSTIC,     4, -4.666380044171e-01, 1.797693134862e+308, 2.0241e+01, 1.4990e+00, 
 2DIAGNOSTIC,     5, -4.666379356073e-01, 1.797693134862e+308, 2.3035e+01, 2.7939e+00, 
 2DIAGNOSTIC,     6, -4.666379463901e-01, 1.797693134862e+308, 2.4734e+01, 1.6991e+00, 
 2DIAGNOSTIC,     7, -4.666377779474e-01, 1.797693134862e+308, 2.6444e+01, 1.7101e+00, 
 2DIAGNOSTIC,     8, -4.666377053187e-01, 1.797693134862e+308, 2.8129e+01, 1.6849e+00, 
 2DIAGNOSTIC,     9, -4.666377185845e-01, 1.797693134862e+308, 2.9641e+01, 1.5123e+00, 
 2DIAGNOSTIC,    10, -4.666376499577e-01, 1.050511333643e-05, 3.1236e+01, 1.5944e+00, 
 2DIAGNOSTIC,    11, -4.666373927009e-01, 4.548869165844e-06, 3.2566e+01, 1.3302e+00, 
 2DIAGNOSTIC,    12, -4.666374170491e-01, 3.202777541081e-06, 3.4097e+01, 1.5311e+00, 
 2DIAGNOSTIC,    13, -4.666376200135e-01, 2.386820501799e-06, 3.5865e+01, 1.7683e+00, 
 2DIAGNOSTIC,    14, -4.666374687528e-01, 2.221599855565e-06, 3.7498e+01, 1.6332e+00, 
 2DIAGNOSTIC,    15, -4.666371249502e-01, 2.066505602888e-06, 3.8943e+01, 1.4443e+00, 
 2DIAGNOSTIC,    16, -4.666370660545e-01, 1.934697729036e-06, 4.0621e+01, 1.6786e+00, 
 2DIAGNOSTIC,    17, -4.666371074588e-01, 1.818622886937e-06, 4.2201e+01, 1.5797e+00, 
 2DIAGNOSTIC,    18, -4.666367858399e-01, 1.706426701706e-06, 4.3687e+01, 1.4858e+00, 
 2DIAGNOSTIC,    19, -4.666367338869e-01, 1.610791567359e-06, 4.5183e+01, 1.4960e+00, 
 2DIAGNOSTIC,    20, -4.666367577242e-01, 1.529733768428e-06, 4.6883e+01, 1.7003e+00, 
 2DIAGNOSTIC,    21, -4.666367746466e-01, 1.454938596657e-06, 4.8306e+01, 1.4234e+00, 
 2DIAGNOSTIC,    22, -4.666368024670e-01, 1.393598799596e-06, 5.0030e+01, 1.7235e+00, 
 2DIAGNOSTIC,    23, -4.666369130308e-01, 1.350909817691e-06, 5.1626e+01, 1.5959e+00, 
 2DIAGNOSTIC,    24, -4.666368351999e-01, 1.309213058791e-06, 5.3267e+01, 1.6414e+00, 
 2DIAGNOSTIC,    25, -4.666368469473e-01, 1.264301463196e-06, 5.5019e+01, 1.7513e+00, 
 2DIAGNOSTIC,    26, -4.666366734418e-01, 1.218025882460e-06, 5.6434e+01, 1.4156e+00, 
 2DIAGNOSTIC,    27, -4.666365952996e-01, 1.175130086906e-06, 5.8003e+01, 1.5689e+00, 
 2DIAGNOSTIC,    28, -4.666365126018e-01, 1.126804445334e-06, 5.9341e+01, 1.3374e+00, 
 2DIAGNOSTIC,    29, -4.666365264945e-01, 1.081875957112e-06, 6.0877e+01, 1.5360e+00, 
 2DIAGNOSTIC,    30, -4.666365353071e-01, 1.042021040995e-06, 6.2428e+01, 1.5517e+00, 
 2DIAGNOSTIC,    31, -4.666365441872e-01, 1.006998161766e-06, 6.4123e+01, 1.6948e+00, 
  Elapsed time (stage 0): 6.4986e+01


Total elapsed time: 6.4996e+01
Info [verificarlo]: loaded backend libinterflop_ieee.so
Info [interflop-ieee]: load backend with:
Info [interflop-ieee]: debug = false
Info [interflop-ieee]: debug-binary = false
Info [interflop-ieee]: no-backend-name = false
Info [interflop-ieee]: print-new-line = false
Info [interflop-ieee]: print-subnormal-normalized = false
Info [interflop-ieee]: count-op = false
All_Command_lines_OK
Using double precision for computations.
=============================================================================
The composite transform comprises the following transforms (in order): 
  1. /home/mdugre/scratch/mri-registration-rp/datasets/ds004513/derivatives/mri-registration-rp/0000/antsRegistration-binary64/sub-s032/rigid_Composite.h5[0] (type = Euler3DTransform)
  2. /home/mdugre/scratch/mri-registration-rp/datasets/ds004513/derivatives/mri-registration-rp/0000/antsRegistration-binary64/sub-s032/rigid_Composite.h5[1] (type = Euler3DTransform)
  3. /home/mdugre/scratch/mri-registration-rp/datasets/ds004513/derivatives/mri-registration-rp/0000/antsRegistration-binary64/sub-s032/rigid_Composite.h5[2] (type = Euler3DTransform)
=============================================================================
  number of levels = 4
  fixed image: /templateflow/tpl-MNI152NLin2009cAsym/tpl-MNI152NLin2009cAsym_res-01_desc-brain_T1w.nii.gz
  moving image: /home/mdugre/scratch/mri-registration-rp/datasets/ds004513/derivatives/mri-registration-rp/antsBrainExtraction/sub-s032/BrainExtractionBrain.nii.gz
Dimension = 3
Number of stages = 1
Use histogram matching = false
Winsorize image intensities = true
  Lower quantile = 0.005
  Upper quantile = 0.995


Stage 1 State
   Image metric = MattesMI
     Fixed image = Image (0x4a757e0)
  RTTI typeinfo:   itk::Image<double, 3u>
  Reference Count: 2
  Modified Time: 1592
  Debug: Off
  Object Name: 
  Observers: 
    none
  Source: (none)
  Source output name: (none)
  Release Data: Off
  Data Released: False
  Global Release Data: Off
  PipelineMTime: 0
  UpdateMTime: 1203
  RealTimeStamp: 0 seconds 
  LargestPossibleRegion: 
    Dimension: 3
    Index: [0, 0, 0]
    Size: [193, 229, 193]
  BufferedRegion: 
    Dimension: 3
    Index: [0, 0, 0]
    Size: [193, 229, 193]
  RequestedRegion: 
    Dimension: 3
    Index: [0, 0, 0]
    Size: [193, 229, 193]
  Spacing: [1, 1, 1]
  Origin: [96, 132, -78]
  Direction: 
-1 0 0
0 -1 0
0 0 1

  IndexToPointMatrix: 
-1 0 0
0 -1 0
0 0 1

  PointToIndexMatrix: 
-1 0 0
0 -1 0
0 0 1

  Inverse Direction: 
-1 0 0
0 -1 0
0 0 1

  PixelContainer: 
    ImportImageContainer (0x4b35a20)
      RTTI typeinfo:   itk::ImportImageContainer<unsigned long, double>
      Reference Count: 1
      Modified Time: 1200
      Debug: Off
      Object Name: 
      Observers: 
        none
      Pointer: 0x151b5853a010
      Container manages memory: true
      Size: 8530021
      Capacity: 8530021

     Moving image = Image (0x4b310a0)
  RTTI typeinfo:   itk::Image<double, 3u>
  Reference Count: 2
  Modified Time: 1593
  Debug: Off
  Object Name: 
  Observers: 
    none
  Source: (none)
  Source output name: (none)
  Release Data: Off
  Data Released: False
  Global Release Data: Off
  PipelineMTime: 0
  UpdateMTime: 1590
  RealTimeStamp: 0 seconds 
  LargestPossibleRegion: 
    Dimension: 3
    Index: [0, 0, 0]
    Size: [160, 240, 256]
  BufferedRegion: 
    Dimension: 3
    Index: [0, 0, 0]
    Size: [160, 240, 256]
  RequestedRegion: 
    Dimension: 3
    Index: [0, 0, 0]
    Size: [160, 240, 256]
  Spacing: [1, 1, 1]
  Origin: [73.279, 104.707, -131.187]
  Direction: 
-0.997527 0.0645574 -0.0278053
-0.0645323 -0.997914 -0.00179875
-0.0278634 4.01097e-08 0.999612

  IndexToPointMatrix: 
-0.997527 0.0645574 -0.0278053
-0.0645323 -0.997914 -0.00179875
-0.0278634 4.01097e-08 0.999612

  PointToIndexMatrix: 
-0.997527 -0.0645323 -0.0278634
0.0645574 -0.997914 4.01049e-08
-0.0278053 -0.00179875 0.999612

  Inverse Direction: 
-0.997527 -0.0645323 -0.0278634
0.0645574 -0.997914 4.01049e-08
-0.0278053 -0.00179875 0.999612

  PixelContainer: 
    ImportImageContainer (0x4aeb0d0)
      RTTI typeinfo:   itk::ImportImageContainer<unsigned long, double>
      Reference Count: 1
      Modified Time: 1587
      Debug: Off
      Object Name: 
      Observers: 
        none
      Pointer: 0x151b53a39010
      Container manages memory: true
      Size: 9830400
      Capacity: 9830400

     Weighting = 1
     Sampling strategy = regular
     Number of bins = 32
     Radius = 4
     Sampling percentage  = 0.25
   Transform = Affine
     Gradient step = 0.1
     Update field sigma (voxel space) = 0
     Total field sigma (voxel space) = 0
     Update field time sigma = 0
     Total field time sigma  = 0
     Number of time indices = 0
     Number of time point samples = 0
Registration using 1 total stages.

Stage 0
  iterations = 1000x500x250x100
  convergence threshold = 1e-06
  convergence window size = 10
  number of levels = 4
  using the Mattes MI metric (number of bins = 32, weight = 1, use gradient filter = 0)
  preprocessing:  winsorizing the image intensities
  Shrink factors (level 1 out of 4): [8, 8, 8]
  Shrink factors (level 2 out of 4): [4, 4, 4]
  Shrink factors (level 3 out of 4): [2, 2, 2]
  Shrink factors (level 4 out of 4): [1, 1, 1]
  smoothing sigmas per level: [3, 2, 1, 0]
  regular sampling (percentage = 0.25)

*** Running AffineTransform registration ***

DIAGNOSTIC,Iteration,metricValue,convergenceValue,ITERATION_TIME_INDEX,SINCE_LAST
 2DIAGNOSTIC,     1, -6.838127554589e-01, 1.797693134862e+308, 6.7280e-01, 6.7280e-01, 
 2DIAGNOSTIC,     2, -6.854104275254e-01, 1.797693134862e+308, 6.7944e-01, 6.6371e-03, 
 2DIAGNOSTIC,     3, -6.895562274951e-01, 1.797693134862e+308, 6.8479e-01, 5.3489e-03, 
 2DIAGNOSTIC,     4, -6.975505335451e-01, 1.797693134862e+308, 6.8999e-01, 5.2009e-03, 
 2DIAGNOSTIC,     5, -7.169832378733e-01, 1.797693134862e+308, 6.9573e-01, 5.7442e-03, 
 2DIAGNOSTIC,     6, -7.251887636307e-01, 1.797693134862e+308, 7.0520e-01, 9.4709e-03, 
 2DIAGNOSTIC,     7, -7.252151709135e-01, 1.797693134862e+308, 7.1036e-01, 5.1532e-03, 
 2DIAGNOSTIC,     8, -7.254790553692e-01, 1.797693134862e+308, 7.1612e-01, 5.7609e-03, 
 2DIAGNOSTIC,     9, -7.257625796947e-01, 1.797693134862e+308, 7.2094e-01, 4.8211e-03, 
 2DIAGNOSTIC,    10, -7.262885786257e-01, 4.694653098268e-03, 7.2647e-01, 5.5349e-03, 
 2DIAGNOSTIC,    11, -7.272037933690e-01, 3.548539057845e-03, 7.3172e-01, 5.2509e-03, 
 2DIAGNOSTIC,    12, -7.281962568612e-01, 2.373890980274e-03, 7.3662e-01, 4.9009e-03, 
 2DIAGNOSTIC,    13, -7.298339883945e-01, 1.350351790464e-03, 7.4154e-01, 4.9119e-03, 
 2DIAGNOSTIC,    14, -7.326155706623e-01, 6.455369342683e-04, 7.4703e-01, 5.4960e-03, 
 2DIAGNOSTIC,    15, -7.335529717978e-01, 5.089552181633e-04, 7.5264e-01, 5.6109e-03, 
 2DIAGNOSTIC,    16, -7.348276511200e-01, 5.783992471535e-04, 7.5868e-01, 6.0341e-03, 
 2DIAGNOSTIC,    17, -7.363192345451e-01, 6.216855071098e-04, 7.6417e-01, 5.4960e-03, 
 2DIAGNOSTIC,    18, -7.367302221661e-01, 6.167610352229e-04, 7.6976e-01, 5.5859e-03, 
 2DIAGNOSTIC,    19, -7.373513496791e-01, 5.738315638769e-04, 7.7533e-01, 5.5659e-03, 
 2DIAGNOSTIC,    20, -7.374757866613e-01, 4.948453905952e-04, 7.8194e-01, 6.6161e-03, 
 2DIAGNOSTIC,    21, -7.372995281921e-01, 3.917958967887e-04, 7.8779e-01, 5.8501e-03, 
 2DIAGNOSTIC,    22, -7.373563350861e-01, 2.804050628596e-04, 7.9262e-01, 4.8242e-03, 
 2DIAGNOSTIC,    23, -7.373145187155e-01, 1.789557305707e-04, 7.9749e-01, 4.8690e-03, 
 2DIAGNOSTIC,    24, -7.373779652457e-01, 1.159816840071e-04, 8.0263e-01, 5.1441e-03, 
 2DIAGNOSTIC,    25, -7.374167875951e-01, 6.241879194948e-05, 8.0808e-01, 5.4491e-03, 
 2DIAGNOSTIC,    26, -7.373636676505e-01, 2.530998178016e-05, 8.1493e-01, 6.8500e-03, 
 2DIAGNOSTIC,    27, -7.373715274990e-01, 1.048340448181e-05, 8.1976e-01, 4.8330e-03, 
 2DIAGNOSTIC,    28, -7.373816318642e-01, 1.474372299588e-06, 8.2461e-01, 4.8530e-03, 
 2DIAGNOSTIC,    29, -7.374011322887e-01, 1.613363877821e-06, 8.3060e-01, 5.9860e-03, 
 2DIAGNOSTIC,    30, -7.373186088203e-01, 2.294818420304e-06, 8.3559e-01, 4.9901e-03, 
DIAGNOSTIC,Iteration,metricValue,convergenceValue,ITERATION_TIME_INDEX,SINCE_LAST
 2DIAGNOSTIC,     1, -5.980327127557e-01, 1.797693134862e+308, 1.5863e+00, 7.5066e-01, 
 2DIAGNOSTIC,     2, -5.980114368409e-01, 1.797693134862e+308, 1.6289e+00, 4.2607e-02, 
 2DIAGNOSTIC,     3, -5.980256228189e-01, 1.797693134862e+308, 1.6810e+00, 5.2129e-02, 
 2DIAGNOSTIC,     4, -5.980282421007e-01, 1.797693134862e+308, 1.7202e+00, 3.9242e-02, 
 2DIAGNOSTIC,     5, -5.980277751950e-01, 1.797693134862e+308, 1.7576e+00, 3.7334e-02, 
 2DIAGNOSTIC,     6, -5.980153398282e-01, 1.797693134862e+308, 1.7953e+00, 3.7691e-02, 
 2DIAGNOSTIC,     7, -5.980104011458e-01, 1.797693134862e+308, 1.8298e+00, 3.4580e-02, 
 2DIAGNOSTIC,     8, -5.979992741789e-01, 1.797693134862e+308, 1.8664e+00, 3.6568e-02, 
 2DIAGNOSTIC,     9, -5.980036456456e-01, 1.797693134862e+308, 1.9000e+00, 3.3593e-02, 
DIAGNOSTIC,Iteration,metricValue,convergenceValue,ITERATION_TIME_INDEX,SINCE_LAST
 2DIAGNOSTIC,     1, -5.338945762588e-01, 1.797693134862e+308, 3.0287e+00, 1.1287e+00, 
 2DIAGNOSTIC,     2, -5.342741437111e-01, 1.797693134862e+308, 3.2967e+00, 2.6801e-01, 
 2DIAGNOSTIC,     3, -5.347393907582e-01, 1.797693134862e+308, 3.5447e+00, 2.4793e-01, 
 2DIAGNOSTIC,     4, -5.352745637382e-01, 1.797693134862e+308, 3.8200e+00, 2.7528e-01, 
 2DIAGNOSTIC,     5, -5.359513447836e-01, 1.797693134862e+308, 4.1146e+00, 2.9468e-01, 
 2DIAGNOSTIC,     6, -5.368293581603e-01, 1.797693134862e+308, 4.4026e+00, 2.8800e-01, 
 2DIAGNOSTIC,     7, -5.387554336351e-01, 1.797693134862e+308, 4.6897e+00, 2.8708e-01, 
 2DIAGNOSTIC,     8, -5.409492320161e-01, 1.797693134862e+308, 5.1276e+00, 4.3790e-01, 
 2DIAGNOSTIC,     9, -5.422793889958e-01, 1.797693134862e+308, 5.4998e+00, 3.7217e-01, 
 2DIAGNOSTIC,    10, -5.424432271605e-01, 1.149044512482e-03, 5.7930e+00, 2.9317e-01, 
 2DIAGNOSTIC,    11, -5.433372020030e-01, 1.124752200367e-03, 6.1271e+00, 3.3413e-01, 
 2DIAGNOSTIC,    12, -5.435374182786e-01, 1.027667163490e-03, 6.4554e+00, 3.2828e-01, 
 2DIAGNOSTIC,    13, -5.438198713114e-01, 8.820658542035e-04, 6.7976e+00, 3.4228e-01, 
 2DIAGNOSTIC,    14, -5.446544924310e-01, 7.290894847338e-04, 7.1429e+00, 3.4523e-01, 
 2DIAGNOSTIC,    15, -5.448618383141e-01, 5.616063128375e-04, 7.4545e+00, 3.1161e-01, 
 2DIAGNOSTIC,    16, -5.449467615678e-01, 3.951550153134e-04, 8.0367e+00, 5.8220e-01, 
 2DIAGNOSTIC,    17, -5.449497591450e-01, 2.707807988312e-04, 8.3463e+00, 3.0959e-01, 
 2DIAGNOSTIC,    18, -5.449479903533e-01, 1.987768107848e-04, 8.8295e+00, 4.8321e-01, 
 2DIAGNOSTIC,    19, -5.449477782690e-01, 1.528072561534e-04, 9.1666e+00, 3.3712e-01, 
 2DIAGNOSTIC,    20, -5.449462027760e-01, 1.010218680154e-04, 9.4788e+00, 3.1222e-01, 
 2DIAGNOSTIC,    21, -5.449455147401e-01, 6.750912238000e-05, 9.7950e+00, 3.1617e-01, 
 2DIAGNOSTIC,    22, -5.449448264748e-01, 3.578426855833e-05, 1.0062e+01, 2.6703e-01, 
 2DIAGNOSTIC,    23, -5.449443539675e-01, 9.601507636584e-06, 1.0321e+01, 2.5912e-01, 
 2DIAGNOSTIC,    24, -5.449432427141e-01, 2.960437007329e-06, 1.0618e+01, 2.9640e-01, 
 2DIAGNOSTIC,    25, -5.449440202222e-01, 1.017943216906e-06, 1.0928e+01, 3.1094e-01, 
DIAGNOSTIC,Iteration,metricValue,convergenceValue,ITERATION_TIME_INDEX,SINCE_LAST
 2DIAGNOSTIC,     1, -5.000377429586e-01, 1.797693134862e+308, 1.3883e+01, 2.9546e+00, 
 2DIAGNOSTIC,     2, -5.001560238976e-01, 1.797693134862e+308, 1.5812e+01, 1.9292e+00, 
 2DIAGNOSTIC,     3, -5.003498937883e-01, 1.797693134862e+308, 1.7696e+01, 1.8838e+00, 
 2DIAGNOSTIC,     4, -5.004503410268e-01, 1.797693134862e+308, 1.9739e+01, 2.0427e+00, 
 2DIAGNOSTIC,     5, -5.005465590457e-01, 1.797693134862e+308, 2.2291e+01, 2.5520e+00, 
 2DIAGNOSTIC,     6, -5.006051753280e-01, 1.797693134862e+308, 2.4276e+01, 1.9851e+00, 
 2DIAGNOSTIC,     7, -5.006032302053e-01, 1.797693134862e+308, 2.6367e+01, 2.0911e+00, 
 2DIAGNOSTIC,     8, -5.006049086966e-01, 1.797693134862e+308, 2.8731e+01, 2.3637e+00, 
 2DIAGNOSTIC,     9, -5.006040064398e-01, 1.797693134862e+308, 3.1324e+01, 2.5934e+00, 
 2DIAGNOSTIC,    10, -5.006037022050e-01, 7.231896580367e-05, 3.3409e+01, 2.0852e+00, 
 2DIAGNOSTIC,    11, -5.006033783147e-01, 4.439409726202e-05, 3.5689e+01, 2.2800e+00, 
 2DIAGNOSTIC,    12, -5.006033564750e-01, 2.285862173812e-05, 3.7873e+01, 2.1832e+00, 
 2DIAGNOSTIC,    13, -5.006033038042e-01, 1.124433142320e-05, 3.9730e+01, 1.8578e+00, 
 2DIAGNOSTIC,    14, -5.006033970886e-01, 4.484308699038e-06, 4.1740e+01, 2.0095e+00, 
 2DIAGNOSTIC,    15, -5.006032400813e-01, 1.997156181197e-06, 4.3666e+01, 1.9257e+00, 
 2DIAGNOSTIC,    16, -5.006030824287e-01, 1.909598758162e-06, 4.5707e+01, 2.0412e+00, 
 2DIAGNOSTIC,    17, -5.006029976079e-01, 1.769862937616e-06, 4.7558e+01, 1.8517e+00, 
 2DIAGNOSTIC,    18, -5.006029171435e-01, 1.705945530638e-06, 4.9200e+01, 1.6415e+00, 
