
##########################
# Experiment information #
##########################

EXPERIMENT_NAME: antsRegistration-r8-p23
VFC_BACKENDS: libinterflop_vprec.so --range-binary32=8 --precision-binary32=23 --range-binary64=8 --precision-binary64=23

SIF_IMG: /home/mdugre/projects/rrg-glatard/mdugre/containers/ants-vprec-no_metrics.simg

SUBJECT_ID: s014
INPUT_IMG: /home/mdugre/scratch/mri-registration-rp/datasets/ds004513/derivatives/mri-registration-rp/antsBrainExtraction/sub-s014/BrainExtractionBrain.nii.gz
OUTPUT_DIR: /home/mdugre/scratch/mri-registration-rp/datasets/ds004513/derivatives/mri-registration-rp/1111/antsRegistration-r8-p23/sub-s014

FIXED_IMG: /templateflow/tpl-MNI152NLin2009cAsym/tpl-MNI152NLin2009cAsym_res-01_desc-brain_T1w.nii.gz
DATA_DIR: /home/mdugre/scratch/mri-registration-rp/datasets/ds004513
TEMPLATEFLOW_DIR: /home/mdugre/projects/rrg-glatard/mdugre/templateflow
ITK_GLOBAL_DEFAULT_NUMBER_OF_THREADS: 16
##########################

Info [verificarlo]: loaded backend libinterflop_vprec.so
Info [interflop-vprec]: load backend with: 
Info [interflop-vprec]: precision-binary32 = 23
Info [interflop-vprec]: range-binary32 = 8
Info [interflop-vprec]: precision-binary64 = 23
Info [interflop-vprec]: range-binary64 = 8
Info [interflop-vprec]: mode = ob
Info [interflop-vprec]: error-mode = rel
Info [interflop-vprec]: max-abs-error-exponent = -1022
Info [interflop-vprec]: daz = false
Info [interflop-vprec]: ftz = false
Info [interflop-vprec]: 	instrument = none
Info [interflop-vprec]: 	prec-input-file = (null)
Info [interflop-vprec]: 	prec-output-file = (null)
Info [interflop-vprec]: 	prec-log-file = (null)
All_Command_lines_OK
Using double precision for computations.
=============================================================================
The composite transform comprises the following transforms (in order): 
  1. Center of mass alignment using fixed image: /templateflow/tpl-MNI152NLin2009cAsym/tpl-MNI152NLin2009cAsym_res-01_desc-brain_T1w.nii.gz and moving image: /home/mdugre/scratch/mri-registration-rp/datasets/ds004513/derivatives/mri-registration-rp/antsBrainExtraction/sub-s014/BrainExtractionBrain.nii.gz (type = Euler3DTransform)
=============================================================================
  number of levels = 1
  fixed image: /templateflow/tpl-MNI152NLin2009cAsym/tpl-MNI152NLin2009cAsym_res-01_desc-brain_T1w.nii.gz
  moving image: /home/mdugre/scratch/mri-registration-rp/datasets/ds004513/derivatives/mri-registration-rp/antsBrainExtraction/sub-s014/BrainExtractionBrain.nii.gz
Dimension = 3
Number of stages = 1
Use histogram matching = false
Winsorize image intensities = true
  Lower quantile = 0.005
  Upper quantile = 0.995


Stage 1 State
   Image metric = MattesMI
     Fixed image = Image (0x51fdb20)
  RTTI typeinfo:   itk::Image<double, 3u>
  Reference Count: 2
  Modified Time: 2334
  Debug: Off
  Object Name: 
  Observers: 
    none
  Source: (none)
  Source output name: (none)
  Release Data: Off
  Data Released: False
  Global Release Data: Off
  PipelineMTime: 0
  UpdateMTime: 1943
  RealTimeStamp: 0 seconds 
  LargestPossibleRegion: 
    Dimension: 3
    Index: [0, 0, 0]
    Size: [193, 229, 193]
  BufferedRegion: 
    Dimension: 3
    Index: [0, 0, 0]
    Size: [193, 229, 193]
  RequestedRegion: 
    Dimension: 3
    Index: [0, 0, 0]
    Size: [193, 229, 193]
  Spacing: [1, 1, 1]
  Origin: [96, 132, -78]
  Direction: 
-1 0 0
0 -1 0
0 0 1

  IndexToPointMatrix: 
-1 0 0
0 -1 0
0 0 1

  PointToIndexMatrix: 
-1 0 0
0 -1 0
0 0 1

  Inverse Direction: 
-1 0 0
0 -1 0
0 0 1

  PixelContainer: 
    ImportImageContainer (0x5329650)
      RTTI typeinfo:   itk::ImportImageContainer<unsigned long, double>
      Reference Count: 1
      Modified Time: 1940
      Debug: Off
      Object Name: 
      Observers: 
        none
      Pointer: 0x14ca15925010
      Container manages memory: true
      Size: 8530021
      Capacity: 8530021

     Moving image = Image (0x52063b0)
  RTTI typeinfo:   itk::Image<double, 3u>
  Reference Count: 2
  Modified Time: 2335
  Debug: Off
  Object Name: 
  Observers: 
    none
  Source: (none)
  Source output name: (none)
  Release Data: Off
  Data Released: False
  Global Release Data: Off
  PipelineMTime: 0
  UpdateMTime: 2332
  RealTimeStamp: 0 seconds 
  LargestPossibleRegion: 
    Dimension: 3
    Index: [0, 0, 0]
    Size: [160, 240, 256]
  BufferedRegion: 
    Dimension: 3
    Index: [0, 0, 0]
    Size: [160, 240, 256]
  RequestedRegion: 
    Dimension: 3
    Index: [0, 0, 0]
    Size: [160, 240, 256]
  Spacing: [0.999999, 1, 1]
  Origin: [84.1637, 106.709, -120.531]
  Direction: 
-0.999619 -0.0226874 -0.0157033
0.0226846 -0.999743 0.00035635
-0.0157073 -7.8229e-09 0.999877

  IndexToPointMatrix: 
-0.999619 -0.0226874 -0.0157033
0.0226845 -0.999743 0.00035635
-0.0157073 -7.8229e-09 0.999877

  PointToIndexMatrix: 
-0.99962 0.0226846 -0.0157073
-0.0226874 -0.999743 2.98023e-08
-0.0157033 0.000356346 0.999877

  Inverse Direction: 
-0.999619 0.0226846 -0.0157073
-0.0226874 -0.999743 -7.84348e-09
-0.0157033 0.00035635 0.999877

  PixelContainer: 
    ImportImageContainer (0x531dfd0)
      RTTI typeinfo:   itk::ImportImageContainer<unsigned long, double>
      Reference Count: 1
      Modified Time: 2329
      Debug: Off
      Object Name: 
      Observers: 
        none
      Pointer: 0x14ca10e24010
      Container manages memory: true
      Size: 9830400
      Capacity: 9830400

     Weighting = 1
     Sampling strategy = regular
     Number of bins = 32
     Radius = 4
     Sampling percentage  = 0.25
   Transform = Rigid
     Gradient step = 0.1
     Update field sigma (voxel space) = 0
     Total field sigma (voxel space) = 0
     Update field time sigma = 0
     Total field time sigma  = 0
     Number of time indices = 0
     Number of time point samples = 0
Registration using 1 total stages.

Stage 0
  iterations = 0
  convergence threshold = 1e-06
  convergence window size = 10
  number of levels = 1
  using the Mattes MI metric (number of bins = 32, weight = 1, use gradient filter = 0)
  preprocessing:  winsorizing the image intensities
  Shrink factors (level 1 out of 1): [1, 1, 1]
  smoothing sigmas per level: [0]
  regular sampling (percentage = 0.25)

*** Running Euler3DTransform registration ***

  Elapsed time (stage 0): 0


Total elapsed time: 0
Info [verificarlo]: loaded backend libinterflop_vprec.so
Info [interflop-vprec]: load backend with: 
Info [interflop-vprec]: precision-binary32 = 23
Info [interflop-vprec]: range-binary32 = 8
Info [interflop-vprec]: precision-binary64 = 23
Info [interflop-vprec]: range-binary64 = 8
Info [interflop-vprec]: mode = ob
Info [interflop-vprec]: error-mode = rel
Info [interflop-vprec]: max-abs-error-exponent = -1022
Info [interflop-vprec]: daz = false
Info [interflop-vprec]: ftz = false
Info [interflop-vprec]: 	instrument = none
Info [interflop-vprec]: 	prec-input-file = (null)
Info [interflop-vprec]: 	prec-output-file = (null)
Info [interflop-vprec]: 	prec-log-file = (null)
All_Command_lines_OK
Using double precision for computations.
=============================================================================
The composite transform comprises the following transforms (in order): 
  1. /home/mdugre/scratch/mri-registration-rp/datasets/ds004513/derivatives/mri-registration-rp/1111/antsRegistration-r8-p23/sub-s014/align_Composite.h5[0] (type = Euler3DTransform)
  2. /home/mdugre/scratch/mri-registration-rp/datasets/ds004513/derivatives/mri-registration-rp/1111/antsRegistration-r8-p23/sub-s014/align_Composite.h5[1] (type = Euler3DTransform)
=============================================================================
  number of levels = 4
  fixed image: /templateflow/tpl-MNI152NLin2009cAsym/tpl-MNI152NLin2009cAsym_res-01_desc-brain_T1w.nii.gz
  moving image: /home/mdugre/scratch/mri-registration-rp/datasets/ds004513/derivatives/mri-registration-rp/antsBrainExtraction/sub-s014/BrainExtractionBrain.nii.gz
Dimension = 3
Number of stages = 1
Use histogram matching = false
Winsorize image intensities = true
  Lower quantile = 0.005
  Upper quantile = 0.995


Stage 1 State
   Image metric = MattesMI
     Fixed image = Image (0x3ad31e0)
  RTTI typeinfo:   itk::Image<double, 3u>
  Reference Count: 2
  Modified Time: 1580
  Debug: Off
  Object Name: 
  Observers: 
    none
  Source: (none)
  Source output name: (none)
  Release Data: Off
  Data Released: False
  Global Release Data: Off
  PipelineMTime: 0
  UpdateMTime: 1189
  RealTimeStamp: 0 seconds 
  LargestPossibleRegion: 
    Dimension: 3
    Index: [0, 0, 0]
    Size: [193, 229, 193]
  BufferedRegion: 
    Dimension: 3
    Index: [0, 0, 0]
    Size: [193, 229, 193]
  RequestedRegion: 
    Dimension: 3
    Index: [0, 0, 0]
    Size: [193, 229, 193]
  Spacing: [1, 1, 1]
  Origin: [96, 132, -78]
  Direction: 
-1 0 0
0 -1 0
0 0 1

  IndexToPointMatrix: 
-1 0 0
0 -1 0
0 0 1

  PointToIndexMatrix: 
-1 0 0
0 -1 0
0 0 1

  Inverse Direction: 
-1 0 0
0 -1 0
0 0 1

  PixelContainer: 
    ImportImageContainer (0x3b92640)
      RTTI typeinfo:   itk::ImportImageContainer<unsigned long, double>
      Reference Count: 1
      Modified Time: 1186
      Debug: Off
      Object Name: 
      Observers: 
        none
      Pointer: 0x1553c97ab010
      Container manages memory: true
      Size: 8530021
      Capacity: 8530021

     Moving image = Image (0x3b8ec90)
  RTTI typeinfo:   itk::Image<double, 3u>
  Reference Count: 2
  Modified Time: 1581
  Debug: Off
  Object Name: 
  Observers: 
    none
  Source: (none)
  Source output name: (none)
  Release Data: Off
  Data Released: False
  Global Release Data: Off
  PipelineMTime: 0
  UpdateMTime: 1578
  RealTimeStamp: 0 seconds 
  LargestPossibleRegion: 
    Dimension: 3
    Index: [0, 0, 0]
    Size: [160, 240, 256]
  BufferedRegion: 
    Dimension: 3
    Index: [0, 0, 0]
    Size: [160, 240, 256]
  RequestedRegion: 
    Dimension: 3
    Index: [0, 0, 0]
    Size: [160, 240, 256]
  Spacing: [0.999999, 1, 1]
  Origin: [84.1637, 106.709, -120.531]
  Direction: 
-0.999619 -0.0226874 -0.0157033
0.0226846 -0.999743 0.00035635
-0.0157073 -7.8229e-09 0.999877

  IndexToPointMatrix: 
-0.999619 -0.0226874 -0.0157033
0.0226845 -0.999743 0.00035635
-0.0157073 -7.8229e-09 0.999877

  PointToIndexMatrix: 
-0.99962 0.0226846 -0.0157073
-0.0226874 -0.999743 2.98023e-08
-0.0157033 0.000356346 0.999877

  Inverse Direction: 
-0.999619 0.0226846 -0.0157073
-0.0226874 -0.999743 -7.84348e-09
-0.0157033 0.00035635 0.999877

  PixelContainer: 
    ImportImageContainer (0x3bffd90)
      RTTI typeinfo:   itk::ImportImageContainer<unsigned long, double>
      Reference Count: 1
      Modified Time: 1575
      Debug: Off
      Object Name: 
      Observers: 
        none
      Pointer: 0x1553c4caa010
      Container manages memory: true
      Size: 9830400
      Capacity: 9830400

     Weighting = 1
     Sampling strategy = regular
     Number of bins = 32
     Radius = 4
     Sampling percentage  = 0.25
   Transform = Rigid
     Gradient step = 0.1
     Update field sigma (voxel space) = 0
     Total field sigma (voxel space) = 0
     Update field time sigma = 0
     Total field time sigma  = 0
     Number of time indices = 0
     Number of time point samples = 0
Registration using 1 total stages.

Stage 0
  iterations = 1000x500x250x100
  convergence threshold = 1e-06
  convergence window size = 10
  number of levels = 4
  using the Mattes MI metric (number of bins = 32, weight = 1, use gradient filter = 0)
  preprocessing:  winsorizing the image intensities
  Shrink factors (level 1 out of 4): [8, 8, 8]
  Shrink factors (level 2 out of 4): [4, 4, 4]
  Shrink factors (level 3 out of 4): [2, 2, 2]
  Shrink factors (level 4 out of 4): [1, 1, 1]
  smoothing sigmas per level: [3, 2, 1, 0]
  regular sampling (percentage = 0.25)

*** Running Euler3DTransform registration ***

DIAGNOSTIC,Iteration,metricValue,convergenceValue,ITERATION_TIME_INDEX,SINCE_LAST
 2DIAGNOSTIC,     1, -4.769752526273e-01, 1.797693134862e+308, 0.0000e+00, 0.0000e+00, 
 2DIAGNOSTIC,     2, -4.783113101961e-01, 1.797693134862e+308, 0.0000e+00, 0.0000e+00, 
 2DIAGNOSTIC,     3, -4.805977544347e-01, 1.797693134862e+308, 0.0000e+00, 0.0000e+00, 
 2DIAGNOSTIC,     4, -4.839578976825e-01, 1.797693134862e+308, 0.0000e+00, 0.0000e+00, 
 2DIAGNOSTIC,     5, -4.882670250662e-01, 1.797693134862e+308, 0.0000e+00, 0.0000e+00, 
 2DIAGNOSTIC,     6, -4.953544674199e-01, 1.797693134862e+308, 0.0000e+00, 0.0000e+00, 
 2DIAGNOSTIC,     7, -5.007473114908e-01, 1.797693134862e+308, 0.0000e+00, 0.0000e+00, 
 2DIAGNOSTIC,     8, -5.013328356586e-01, 1.797693134862e+308, 0.0000e+00, 0.0000e+00, 
 2DIAGNOSTIC,     9, -5.086822358498e-01, 1.797693134862e+308, 0.0000e+00, 0.0000e+00, 
 2DIAGNOSTIC,    10, -5.163329416679e-01, 5.159673510286e-03, 0.0000e+00, 0.0000e+00, 
 2DIAGNOSTIC,    11, -5.177452566459e-01, 4.958697511384e-03, 0.0000e+00, 0.0000e+00, 
 2DIAGNOSTIC,    12, -5.205363766416e-01, 4.549023235762e-03, 0.0000e+00, 0.0000e+00, 
 2DIAGNOSTIC,    13, -5.232057061705e-01, 4.014731042154e-03, 0.0000e+00, 0.0000e+00, 
 2DIAGNOSTIC,    14, -5.231324001761e-01, 3.325090049111e-03, 0.0000e+00, 0.0000e+00, 
 2DIAGNOSTIC,    15, -5.232844533344e-01, 2.588898989931e-03, 0.0000e+00, 0.0000e+00, 
 2DIAGNOSTIC,    16, -5.236546899628e-01, 1.972655140393e-03, 0.0000e+00, 0.0000e+00, 
 2DIAGNOSTIC,    17, -5.248835725373e-01, 1.473679687562e-03, 0.0000e+00, 0.0000e+00, 
 2DIAGNOSTIC,    18, -5.270955080295e-01, 9.779592023322e-04, 0.0000e+00, 0.0000e+00, 
 2DIAGNOSTIC,    19, -5.267257369956e-01, 6.458069804332e-04, 0.0000e+00, 0.0000e+00, 
 2DIAGNOSTIC,    20, -5.290719920115e-01, 5.701629173972e-04, 0.0000e+00, 0.0000e+00, 
 2DIAGNOSTIC,    21, -5.299673380037e-01, 5.078485038350e-04, 0.0000e+00, 0.0000e+00, 
 2DIAGNOSTIC,    22, -5.300943261813e-01, 4.753254596304e-04, 0.0000e+00, 0.0000e+00, 
 2DIAGNOSTIC,    23, -5.302252774834e-01, 4.695050886066e-04, 0.0000e+00, 0.0000e+00, 
 2DIAGNOSTIC,    24, -5.302801821518e-01, 4.204496293896e-04, 0.0000e+00, 0.0000e+00, 
 2DIAGNOSTIC,    25, -5.303687143572e-01, 3.415041766996e-04, 0.0000e+00, 0.0000e+00, 
 2DIAGNOSTIC,    26, -5.305240684977e-01, 2.472377573016e-04, 0.0000e+00, 0.0000e+00, 
 2DIAGNOSTIC,    27, -5.305812376366e-01, 1.625849474819e-04, 0.0000e+00, 0.0000e+00, 
 2DIAGNOSTIC,    28, -5.305510861956e-01, 1.130171259692e-04, 0.0000e+00, 0.0000e+00, 
 2DIAGNOSTIC,    29, -5.306024737768e-01, 4.937074248685e-05, 0.0000e+00, 0.0000e+00, 
 2DIAGNOSTIC,    30, -5.306834173889e-01, 2.965052716405e-05, 0.0000e+00, 0.0000e+00, 
 2DIAGNOSTIC,    31, -5.309789843347e-01, 2.956902832724e-05, 0.0000e+00, 0.0000e+00, 
 2DIAGNOSTIC,    32, -5.313641759908e-01, 3.542813902234e-05, 0.0000e+00, 0.0000e+00, 
 2DIAGNOSTIC,    33, -5.326821368536e-01, 6.171675945250e-05, 0.0000e+00, 0.0000e+00, 
 2DIAGNOSTIC,    34, -5.344514464987e-01, 1.096286910309e-04, 0.0000e+00, 0.0000e+00, 
 2DIAGNOSTIC,    35, -5.355942623904e-01, 1.631304603228e-04, 0.0000e+00, 0.0000e+00, 
 2DIAGNOSTIC,    36, -5.356757723447e-01, 2.017908036132e-04, 0.0000e+00, 0.0000e+00, 
 2DIAGNOSTIC,    37, -5.357009343261e-01, 2.208629140594e-04, 0.0000e+00, 0.0000e+00, 
 2DIAGNOSTIC,    38, -5.358217309143e-01, 2.191675511065e-04, 0.0000e+00, 0.0000e+00, 
 2DIAGNOSTIC,    39, -5.359039916296e-01, 1.981763497623e-04, 0.0000e+00, 0.0000e+00, 
 2DIAGNOSTIC,    40, -5.361530187313e-01, 1.638394147420e-04, 0.0000e+00, 0.0000e+00, 
 2DIAGNOSTIC,    41, -5.361457148998e-01, 1.198342487442e-04, 0.0000e+00, 0.0000e+00, 
 2DIAGNOSTIC,    42, -5.360828064595e-01, 7.088278158336e-05, 0.0000e+00, 0.0000e+00, 
 2DIAGNOSTIC,    43, -5.361402574965e-01, 3.459938143382e-05, 0.0000e+00, 0.0000e+00, 
 2DIAGNOSTIC,    44, -5.361624885211e-01, 1.849764180299e-05, 0.0000e+00, 0.0000e+00, 
 2DIAGNOSTIC,    45, -5.361766178761e-01, 1.535977557158e-05, 0.0000e+00, 0.0000e+00, 
 2DIAGNOSTIC,    46, -5.361050310520e-01, 1.110702665051e-05, 0.0000e+00, 0.0000e+00, 
 2DIAGNOSTIC,    47, -5.361057449194e-01, 6.402624900193e-06, 0.0000e+00, 0.0000e+00, 
 2DIAGNOSTIC,    48, -5.361091972443e-01, 2.748467124978e-06, 0.0000e+00, 0.0000e+00, 
DIAGNOSTIC,Iteration,metricValue,convergenceValue,ITERATION_TIME_INDEX,SINCE_LAST
 2DIAGNOSTIC,     1, -4.387845873906e-01, 1.797693134862e+308, 0.0000e+00, 0.0000e+00, 
 2DIAGNOSTIC,     2, -4.390006304464e-01, 1.797693134862e+308, 0.0000e+00, 0.0000e+00, 
 2DIAGNOSTIC,     3, -4.392402065465e-01, 1.797693134862e+308, 0.0000e+00, 0.0000e+00, 
 2DIAGNOSTIC,     4, -4.397547030720e-01, 1.797693134862e+308, 0.0000e+00, 0.0000e+00, 
 2DIAGNOSTIC,     5, -4.403748259779e-01, 1.797693134862e+308, 0.0000e+00, 0.0000e+00, 
 2DIAGNOSTIC,     6, -4.411772667374e-01, 1.797693134862e+308, 0.0000e+00, 0.0000e+00, 
 2DIAGNOSTIC,     7, -4.419008114489e-01, 1.797693134862e+308, 0.0000e+00, 0.0000e+00, 
 2DIAGNOSTIC,     8, -4.422380551244e-01, 1.797693134862e+308, 0.0000e+00, 0.0000e+00, 
 2DIAGNOSTIC,     9, -4.424630539813e-01, 1.797693134862e+308, 0.0000e+00, 0.0000e+00, 
 2DIAGNOSTIC,    10, -4.427385744215e-01, 6.620527968560e-04, 0.0000e+00, 0.0000e+00, 
 2DIAGNOSTIC,    11, -4.440854113534e-01, 6.491273640123e-04, 0.0000e+00, 0.0000e+00, 
 2DIAGNOSTIC,    12, -4.445637907673e-01, 6.156004924716e-04, 0.0000e+00, 0.0000e+00, 
 2DIAGNOSTIC,    13, -4.445788107611e-01, 5.447346937974e-04, 0.0000e+00, 0.0000e+00, 
 2DIAGNOSTIC,    14, -4.447126219489e-01, 4.657466880162e-04, 0.0000e+00, 0.0000e+00, 
 2DIAGNOSTIC,    15, -4.452468357576e-01, 4.038572504557e-04, 0.0000e+00, 0.0000e+00, 
 2DIAGNOSTIC,    16, -4.453922045930e-01, 3.489073142389e-04, 0.0000e+00, 0.0000e+00, 
 2DIAGNOSTIC,    17, -4.454018848955e-01, 2.958236079807e-04, 0.0000e+00, 0.0000e+00, 
 2DIAGNOSTIC,    18, -4.454527605380e-01, 2.363186165776e-04, 0.0000e+00, 0.0000e+00, 
 2DIAGNOSTIC,    19, -4.454716415280e-01, 1.700613129751e-04, 0.0000e+00, 0.0000e+00, 
 2DIAGNOSTIC,    20, -4.454787199791e-01, 1.025318853296e-04, 0.0000e+00, 0.0000e+00, 
 2DIAGNOSTIC,    21, -4.454509392344e-01, 7.190690731315e-05, 0.0000e+00, 0.0000e+00, 
 2DIAGNOSTIC,    22, -4.454508317851e-01, 5.175039069216e-05, 0.0000e+00, 0.0000e+00, 
 2DIAGNOSTIC,    23, -4.454749429327e-01, 2.984714194423e-05, 0.0000e+00, 0.0000e+00, 
 2DIAGNOSTIC,    24, -4.455153987885e-01, 1.136278296403e-05, 0.0000e+00, 0.0000e+00, 
 2DIAGNOSTIC,    25, -4.457141369948e-01, 1.210641689233e-05, 0.0000e+00, 0.0000e+00, 
 2DIAGNOSTIC,    26, -4.457208162663e-01, 1.543023517953e-05, 0.0000e+00, 0.0000e+00, 
 2DIAGNOSTIC,    27, -4.457207288434e-01, 1.743872364665e-05, 0.0000e+00, 0.0000e+00, 
 2DIAGNOSTIC,    28, -4.457206904536e-01, 1.897562451916e-05, 0.0000e+00, 0.0000e+00, 
 2DIAGNOSTIC,    29, -4.457206151298e-01, 1.909422252715e-05, 0.0000e+00, 0.0000e+00, 
 2DIAGNOSTIC,    30, -4.457206430599e-01, 1.760561212408e-05, 0.0000e+00, 0.0000e+00, 
 2DIAGNOSTIC,    31, -4.457205209356e-01, 1.407348004254e-05, 0.0000e+00, 0.0000e+00, 
 2DIAGNOSTIC,    32, -4.457205489264e-01, 9.585986915771e-06, 0.0000e+00, 0.0000e+00, 
 2DIAGNOSTIC,    33, -4.457205780892e-01, 5.051412503031e-06, 0.0000e+00, 0.0000e+00, 
 2DIAGNOSTIC,    34, -4.457205073468e-01, 1.051367111829e-06, 0.0000e+00, 0.0000e+00, 
DIAGNOSTIC,Iteration,metricValue,convergenceValue,ITERATION_TIME_INDEX,SINCE_LAST
 2DIAGNOSTIC,     1, -3.900540909428e-01, 1.797693134862e+308, 0.0000e+00, 0.0000e+00, 
 2DIAGNOSTIC,     2, -3.901817215174e-01, 1.797693134862e+308, 0.0000e+00, 0.0000e+00, 
 2DIAGNOSTIC,     3, -3.903408813806e-01, 1.797693134862e+308, 0.0000e+00, 0.0000e+00, 
 2DIAGNOSTIC,     4, -3.905512877585e-01, 1.797693134862e+308, 0.0000e+00, 0.0000e+00, 
 2DIAGNOSTIC,     5, -3.907800995514e-01, 1.797693134862e+308, 0.0000e+00, 0.0000e+00, 
 2DIAGNOSTIC,     6, -3.908727416455e-01, 1.797693134862e+308, 0.0000e+00, 0.0000e+00, 
 2DIAGNOSTIC,     7, -3.909495893122e-01, 1.797693134862e+308, 0.0000e+00, 0.0000e+00, 
 2DIAGNOSTIC,     8, -3.909931767009e-01, 1.797693134862e+308, 0.0000e+00, 0.0000e+00, 
 2DIAGNOSTIC,     9, -3.910269136547e-01, 1.797693134862e+308, 0.0000e+00, 0.0000e+00, 
 2DIAGNOSTIC,    10, -3.910440440459e-01, 1.768705042417e-04, 0.0000e+00, 0.0000e+00, 
 2DIAGNOSTIC,    11, -3.910769062575e-01, 1.322123425700e-04, 0.0000e+00, 0.0000e+00, 
 2DIAGNOSTIC,    12, -3.914658618249e-01, 1.146930287067e-04, 0.0000e+00, 0.0000e+00, 
 2DIAGNOSTIC,    13, -3.919558390860e-01, 1.253093314463e-04, 0.0000e+00, 0.0000e+00, 
 2DIAGNOSTIC,    14, -3.920565528310e-01, 1.386855204206e-04, 0.0000e+00, 0.0000e+00, 
 2DIAGNOSTIC,    15, -3.922607298079e-01, 1.591752441206e-04, 0.0000e+00, 0.0000e+00, 
 2DIAGNOSTIC,    16, -3.926913508226e-01, 1.864551829435e-04, 0.0000e+00, 0.0000e+00, 
 2DIAGNOSTIC,    17, -3.926993577307e-01, 1.964221894678e-04, 0.0000e+00, 0.0000e+00, 
 2DIAGNOSTIC,    18, -3.927500743224e-01, 1.910304597175e-04, 0.0000e+00, 0.0000e+00, 
 2DIAGNOSTIC,    19, -3.929725110192e-01, 1.787491064476e-04, 0.0000e+00, 0.0000e+00, 
 2DIAGNOSTIC,    20, -3.930009232153e-01, 1.529268811397e-04, 0.0000e+00, 0.0000e+00, 
 2DIAGNOSTIC,    21, -3.930010226253e-01, 1.163072112199e-04, 0.0000e+00, 0.0000e+00, 
 2DIAGNOSTIC,    22, -3.931467632429e-01, 8.970202100457e-05, 0.0000e+00, 0.0000e+00, 
 2DIAGNOSTIC,    23, -3.931813815247e-01, 7.374949903408e-05, 0.0000e+00, 0.0000e+00, 
 2DIAGNOSTIC,    24, -3.931992781469e-01, 5.581902202836e-05, 0.0000e+00, 0.0000e+00, 
 2DIAGNOSTIC,    25, -3.932433728000e-01, 4.111183308322e-05, 0.0000e+00, 0.0000e+00, 
 2DIAGNOSTIC,    26, -3.933229912331e-01, 3.810644739324e-05, 0.0000e+00, 0.0000e+00, 
 2DIAGNOSTIC,    27, -3.933290898982e-01, 3.216691370147e-05, 0.0000e+00, 0.0000e+00, 
 2DIAGNOSTIC,    28, -3.933279621269e-01, 2.486662190691e-05, 0.0000e+00, 0.0000e+00, 
 2DIAGNOSTIC,    29, -3.933272545036e-01, 2.143318839148e-05, 0.0000e+00, 0.0000e+00, 
 2DIAGNOSTIC,    30, -3.933278237319e-01, 1.703908635422e-05, 0.0000e+00, 0.0000e+00, 
 2DIAGNOSTIC,    31, -3.933255671342e-01, 1.124888705517e-05, 0.0000e+00, 0.0000e+00, 
 2DIAGNOSTIC,    32, -3.933260792947e-01, 8.156791493852e-06, 0.0000e+00, 0.0000e+00, 
 2DIAGNOSTIC,    33, -3.933246836754e-01, 5.331349503708e-06, 0.0000e+00, 0.0000e+00, 
 2DIAGNOSTIC,    34, -3.933256427124e-01, 2.656229842916e-06, 0.0000e+00, 0.0000e+00, 
DIAGNOSTIC,Iteration,metricValue,convergenceValue,ITERATION_TIME_INDEX,SINCE_LAST
 2DIAGNOSTIC,     1, -3.658452617476e-01, 1.797693134862e+308, 0.0000e+00, 0.0000e+00, 
 2DIAGNOSTIC,     2, -3.659523926833e-01, 1.797693134862e+308, 0.0000e+00, 0.0000e+00, 
 2DIAGNOSTIC,     3, -3.660096221458e-01, 1.797693134862e+308, 0.0000e+00, 0.0000e+00, 
 2DIAGNOSTIC,     4, -3.660398150159e-01, 1.797693134862e+308, 1.2800e+02, 1.2800e+02, 
 2DIAGNOSTIC,     5, -3.660418080383e-01, 1.797693134862e+308, 1.2800e+02, 0.0000e+00, 
 2DIAGNOSTIC,     6, -3.660433269361e-01, 1.797693134862e+308, 1.2800e+02, 0.0000e+00, 
 2DIAGNOSTIC,     7, -3.660422861940e-01, 1.797693134862e+308, 1.2800e+02, 0.0000e+00, 
 2DIAGNOSTIC,     8, -3.660421053592e-01, 1.797693134862e+308, 1.2800e+02, 0.0000e+00, 
 2DIAGNOSTIC,     9, -3.660421111128e-01, 1.797693134862e+308, 1.2800e+02, 0.0000e+00, 
 2DIAGNOSTIC,    10, -3.660421085393e-01, 2.643259797211e-05, 1.2800e+02, 0.0000e+00, 
 2DIAGNOSTIC,    11, -3.660418193494e-01, 1.131943622752e-05, 1.2800e+02, 0.0000e+00, 
 2DIAGNOSTIC,    12, -3.660416494320e-01, 4.811749058073e-06, 1.2800e+02, 0.0000e+00, 
 2DIAGNOSTIC,    13, -3.660416281032e-01, 2.478965946684e-06, 1.2800e+02, 0.0000e+00, 
 2DIAGNOSTIC,    14, -3.660414162759e-01, 2.136016015605e-06, 1.2800e+02, 0.0000e+00, 
 2DIAGNOSTIC,    15, -3.660413747438e-01, 1.949412859900e-06, 1.2800e+02, 0.0000e+00, 
 2DIAGNOSTIC,    16, -3.660413245547e-01, 1.874660712747e-06, 1.2800e+02, 0.0000e+00, 
 2DIAGNOSTIC,    17, -3.660412507453e-01, 1.768558247517e-06, 1.2800e+02, 0.0000e+00, 
 2DIAGNOSTIC,    18, -3.660412161038e-01, 1.674339931694e-06, 1.2800e+02, 0.0000e+00, 
 2DIAGNOSTIC,    19, -3.660412518172e-01, 1.600222401317e-06, 1.2800e+02, 0.0000e+00, 
 2DIAGNOSTIC,    20, -3.660411508731e-01, 1.536571894646e-06, 2.5600e+02, 1.2800e+02, 
 2DIAGNOSTIC,    21, -3.660411839843e-01, 1.474736741718e-06, 2.5600e+02, 0.0000e+00, 
 2DIAGNOSTIC,    22, -3.660411899442e-01, 1.416385808639e-06, 2.5600e+02, 0.0000e+00, 
 2DIAGNOSTIC,    23, -3.660411717612e-01, 1.364679579022e-06, 2.5600e+02, 0.0000e+00, 
 2DIAGNOSTIC,    24, -3.660411783297e-01, 1.312381118140e-06, 2.5600e+02, 0.0000e+00, 
 2DIAGNOSTIC,    25, -3.660411753818e-01, 1.264148046978e-06, 2.5600e+02, 0.0000e+00, 
 2DIAGNOSTIC,    26, -3.660411556792e-01, 1.218376129562e-06, 2.5600e+02, 0.0000e+00, 
 2DIAGNOSTIC,    27, -3.660411534024e-01, 1.174296568124e-06, 2.5600e+02, 0.0000e+00, 
 2DIAGNOSTIC,    28, -3.660411533727e-01, 1.132724565096e-06, 2.5600e+02, 0.0000e+00, 
 2DIAGNOSTIC,    29, -3.660411466690e-01, 1.095196127406e-06, 2.5600e+02, 0.0000e+00, 
 2DIAGNOSTIC,    30, -3.660411460760e-01, 1.057681358774e-06, 2.5600e+02, 0.0000e+00, 
 2DIAGNOSTIC,    31, -3.660411451763e-01, 1.023647497683e-06, 2.5600e+02, 0.0000e+00, 
  Elapsed time (stage 0): 2.5600e+02


Total elapsed time: 2.5600e+02
Info [verificarlo]: loaded backend libinterflop_vprec.so
Info [interflop-vprec]: load backend with: 
Info [interflop-vprec]: precision-binary32 = 23
Info [interflop-vprec]: range-binary32 = 8
Info [interflop-vprec]: precision-binary64 = 23
Info [interflop-vprec]: range-binary64 = 8
Info [interflop-vprec]: mode = ob
Info [interflop-vprec]: error-mode = rel
Info [interflop-vprec]: max-abs-error-exponent = -1022
Info [interflop-vprec]: daz = false
Info [interflop-vprec]: ftz = false
Info [interflop-vprec]: 	instrument = none
Info [interflop-vprec]: 	prec-input-file = (null)
Info [interflop-vprec]: 	prec-output-file = (null)
Info [interflop-vprec]: 	prec-log-file = (null)
All_Command_lines_OK
Using double precision for computations.
=============================================================================
The composite transform comprises the following transforms (in order): 
  1. /home/mdugre/scratch/mri-registration-rp/datasets/ds004513/derivatives/mri-registration-rp/1111/antsRegistration-r8-p23/sub-s014/rigid_Composite.h5[0] (type = Euler3DTransform)
  2. /home/mdugre/scratch/mri-registration-rp/datasets/ds004513/derivatives/mri-registration-rp/1111/antsRegistration-r8-p23/sub-s014/rigid_Composite.h5[1] (type = Euler3DTransform)
  3. /home/mdugre/scratch/mri-registration-rp/datasets/ds004513/derivatives/mri-registration-rp/1111/antsRegistration-r8-p23/sub-s014/rigid_Composite.h5[2] (type = Euler3DTransform)
=============================================================================
  number of levels = 4
  fixed image: /templateflow/tpl-MNI152NLin2009cAsym/tpl-MNI152NLin2009cAsym_res-01_desc-brain_T1w.nii.gz
  moving image: /home/mdugre/scratch/mri-registration-rp/datasets/ds004513/derivatives/mri-registration-rp/antsBrainExtraction/sub-s014/BrainExtractionBrain.nii.gz
Dimension = 3
Number of stages = 1
Use histogram matching = false
Winsorize image intensities = true
  Lower quantile = 0.005
  Upper quantile = 0.995


Stage 1 State
   Image metric = MattesMI
     Fixed image = Image (0x387f490)
  RTTI typeinfo:   itk::Image<double, 3u>
  Reference Count: 2
  Modified Time: 1594
  Debug: Off
  Object Name: 
  Observers: 
    none
  Source: (none)
  Source output name: (none)
  Release Data: Off
  Data Released: False
  Global Release Data: Off
  PipelineMTime: 0
  UpdateMTime: 1203
  RealTimeStamp: 0 seconds 
  LargestPossibleRegion: 
    Dimension: 3
    Index: [0, 0, 0]
    Size: [193, 229, 193]
  BufferedRegion: 
    Dimension: 3
    Index: [0, 0, 0]
    Size: [193, 229, 193]
  RequestedRegion: 
    Dimension: 3
    Index: [0, 0, 0]
    Size: [193, 229, 193]
  Spacing: [1, 1, 1]
  Origin: [96, 132, -78]
  Direction: 
-1 0 0
0 -1 0
0 0 1

  IndexToPointMatrix: 
-1 0 0
0 -1 0
0 0 1

  PointToIndexMatrix: 
-1 0 0
0 -1 0
0 0 1

  Inverse Direction: 
-1 0 0
0 -1 0
0 0 1

  PixelContainer: 
    ImportImageContainer (0x394c8d0)
      RTTI typeinfo:   itk::ImportImageContainer<unsigned long, double>
      Reference Count: 1
      Modified Time: 1200
      Debug: Off
      Object Name: 
      Observers: 
        none
      Pointer: 0x150b57c0e010
      Container manages memory: true
      Size: 8530021
      Capacity: 8530021

     Moving image = Image (0x394be80)
  RTTI typeinfo:   itk::Image<double, 3u>
  Reference Count: 2
  Modified Time: 1595
  Debug: Off
  Object Name: 
  Observers: 
    none
  Source: (none)
  Source output name: (none)
  Release Data: Off
  Data Released: False
  Global Release Data: Off
  PipelineMTime: 0
  UpdateMTime: 1592
  RealTimeStamp: 0 seconds 
  LargestPossibleRegion: 
    Dimension: 3
    Index: [0, 0, 0]
    Size: [160, 240, 256]
  BufferedRegion: 
    Dimension: 3
    Index: [0, 0, 0]
    Size: [160, 240, 256]
  RequestedRegion: 
    Dimension: 3
    Index: [0, 0, 0]
    Size: [160, 240, 256]
  Spacing: [0.999999, 1, 1]
  Origin: [84.1637, 106.709, -120.531]
  Direction: 
-0.999619 -0.0226874 -0.0157033
0.0226846 -0.999743 0.00035635
-0.0157073 -7.8229e-09 0.999877

  IndexToPointMatrix: 
-0.999619 -0.0226874 -0.0157033
0.0226845 -0.999743 0.00035635
-0.0157073 -7.8229e-09 0.999877

  PointToIndexMatrix: 
-0.99962 0.0226846 -0.0157073
-0.0226874 -0.999743 2.98023e-08
-0.0157033 0.000356346 0.999877

  Inverse Direction: 
-0.999619 0.0226846 -0.0157073
-0.0226874 -0.999743 -7.84348e-09
-0.0157033 0.00035635 0.999877

  PixelContainer: 
    ImportImageContainer (0x3890ec0)
      RTTI typeinfo:   itk::ImportImageContainer<unsigned long, double>
      Reference Count: 1
      Modified Time: 1589
      Debug: Off
      Object Name: 
      Observers: 
        none
      Pointer: 0x150b5310d010
      Container manages memory: true
      Size: 9830400
      Capacity: 9830400

     Weighting = 1
     Sampling strategy = regular
     Number of bins = 32
     Radius = 4
     Sampling percentage  = 0.25
   Transform = Affine
     Gradient step = 0.1
     Update field sigma (voxel space) = 0
     Total field sigma (voxel space) = 0
     Update field time sigma = 0
     Total field time sigma  = 0
     Number of time indices = 0
     Number of time point samples = 0
Registration using 1 total stages.

Stage 0
  iterations = 1000x500x250x100
  convergence threshold = 1e-06
  convergence window size = 10
  number of levels = 4
  using the Mattes MI metric (number of bins = 32, weight = 1, use gradient filter = 0)
  preprocessing:  winsorizing the image intensities
  Shrink factors (level 1 out of 4): [8, 8, 8]
  Shrink factors (level 2 out of 4): [4, 4, 4]
  Shrink factors (level 3 out of 4): [2, 2, 2]
  Shrink factors (level 4 out of 4): [1, 1, 1]
  smoothing sigmas per level: [3, 2, 1, 0]
  regular sampling (percentage = 0.25)

*** Running AffineTransform registration ***

DIAGNOSTIC,Iteration,metricValue,convergenceValue,ITERATION_TIME_INDEX,SINCE_LAST
 2DIAGNOSTIC,     1, -5.259238076617e-01, 1.797693134862e+308, 0.0000e+00, 0.0000e+00, 
 2DIAGNOSTIC,     2, -5.277501422713e-01, 1.797693134862e+308, 0.0000e+00, 0.0000e+00, 
 2DIAGNOSTIC,     3, -5.307307014796e-01, 1.797693134862e+308, 0.0000e+00, 0.0000e+00, 
 2DIAGNOSTIC,     4, -5.362667939375e-01, 1.797693134862e+308, 0.0000e+00, 0.0000e+00, 
 2DIAGNOSTIC,     5, -5.453551319678e-01, 1.797693134862e+308, 0.0000e+00, 0.0000e+00, 
 2DIAGNOSTIC,     6, -5.644421642544e-01, 1.797693134862e+308, 0.0000e+00, 0.0000e+00, 
 2DIAGNOSTIC,     7, -6.526047314422e-01, 1.797693134862e+308, 0.0000e+00, 0.0000e+00, 
 2DIAGNOSTIC,     8, -7.229050492030e-01, 1.797693134862e+308, 0.0000e+00, 0.0000e+00, 
 2DIAGNOSTIC,     9, -7.414161217145e-01, 1.797693134862e+308, 0.0000e+00, 0.0000e+00, 
 2DIAGNOSTIC,    10, -7.585010867727e-01, 2.847271353533e-02, 0.0000e+00, 0.0000e+00, 
 2DIAGNOSTIC,    11, -7.716990964121e-01, 2.828608755908e-02, 0.0000e+00, 0.0000e+00, 
 2DIAGNOSTIC,    12, -7.781436346539e-01, 2.587713032522e-02, 0.0000e+00, 0.0000e+00, 
 2DIAGNOSTIC,    13, -7.873638455067e-01, 2.196634624752e-02, 0.0000e+00, 0.0000e+00, 
 2DIAGNOSTIC,    14, -7.909550882516e-01, 1.705653793205e-02, 0.0000e+00, 0.0000e+00, 
 2DIAGNOSTIC,    15, -7.947760569656e-01, 1.178524050906e-02, 0.0000e+00, 0.0000e+00, 
 2DIAGNOSTIC,    16, -7.965332708769e-01, 6.724261351129e-03, 0.0000e+00, 0.0000e+00, 
 2DIAGNOSTIC,    17, -7.971700207110e-01, 3.875494458815e-03, 0.0000e+00, 0.0000e+00, 
 2DIAGNOSTIC,    18, -7.987325171638e-01, 2.676597856566e-03, 0.0000e+00, 0.0000e+00, 
 2DIAGNOSTIC,    19, -8.021742654771e-01, 1.840846797422e-03, 0.0000e+00, 0.0000e+00, 
 2DIAGNOSTIC,    20, -8.026018501333e-01, 1.279772420726e-03, 0.0000e+00, 0.0000e+00, 
 2DIAGNOSTIC,    21, -8.027162547917e-01, 9.162093738486e-04, 0.0000e+00, 0.0000e+00, 
 2DIAGNOSTIC,    22, -8.027528646600e-01, 6.207111245903e-04, 0.0000e+00, 0.0000e+00, 
 2DIAGNOSTIC,    23, -8.028533776358e-01, 4.565872159865e-04, 0.0000e+00, 0.0000e+00, 
 2DIAGNOSTIC,    24, -8.030330047749e-01, 3.251110981251e-04, 0.0000e+00, 0.0000e+00, 
 2DIAGNOSTIC,    25, -8.032017628725e-01, 2.372968665530e-04, 0.0000e+00, 0.0000e+00, 
 2DIAGNOSTIC,    26, -8.033600763782e-01, 1.645532503343e-04, 0.0000e+00, 0.0000e+00, 
 2DIAGNOSTIC,    27, -8.038396924467e-01, 9.863281043236e-05, 0.0000e+00, 0.0000e+00, 
 2DIAGNOSTIC,    28, -8.048608351446e-01, 6.321332933599e-05, 0.0000e+00, 0.0000e+00, 
 2DIAGNOSTIC,    29, -8.063614823493e-01, 9.024628078142e-05, 0.0000e+00, 0.0000e+00, 
 2DIAGNOSTIC,    30, -8.163778102880e-01, 2.409565521708e-04, 0.0000e+00, 0.0000e+00, 
 2DIAGNOSTIC,    31, -8.174328927230e-01, 3.696506518856e-04, 0.0000e+00, 0.0000e+00, 
 2DIAGNOSTIC,    32, -8.213549347619e-01, 5.032849267837e-04, 0.0000e+00, 0.0000e+00, 
 2DIAGNOSTIC,    33, -8.295323199973e-01, 6.766002785546e-04, 0.0000e+00, 0.0000e+00, 
 2DIAGNOSTIC,    34, -8.301787407102e-01, 7.813063829488e-04, 0.0000e+00, 0.0000e+00, 
 2DIAGNOSTIC,    35, -8.318568852296e-01, 8.252704315769e-04, 0.0000e+00, 0.0000e+00, 
 2DIAGNOSTIC,    36, -8.344345096306e-01, 8.175466052177e-04, 0.0000e+00, 0.0000e+00, 
 2DIAGNOSTIC,    37, -8.361782848818e-01, 7.555097724055e-04, 0.0000e+00, 0.0000e+00, 
 2DIAGNOSTIC,    38, -8.376260242867e-01, 6.493224192571e-04, 0.0000e+00, 0.0000e+00, 
 2DIAGNOSTIC,    39, -8.384858032619e-01, 5.079366517006e-04, 0.0000e+00, 0.0000e+00, 
 2DIAGNOSTIC,    40, -8.405376748161e-01, 4.401813688974e-04, 0.0000e+00, 0.0000e+00, 
 2DIAGNOSTIC,    41, -8.406841261355e-01, 3.444222799857e-04, 0.0000e+00, 0.0000e+00, 
 2DIAGNOSTIC,    42, -8.410278631337e-01, 2.568984605314e-04, 0.0000e+00, 0.0000e+00, 
 2DIAGNOSTIC,    43, -8.414037924062e-01, 2.235923160398e-04, 0.0000e+00, 0.0000e+00, 
 2DIAGNOSTIC,    44, -8.413741929456e-01, 1.757190357276e-04, 0.0000e+00, 0.0000e+00, 
 2DIAGNOSTIC,    45, -8.413685196233e-01, 1.267524448002e-04, 0.0000e+00, 0.0000e+00, 
 2DIAGNOSTIC,    46, -8.411699656673e-01, 8.696695259996e-05, 0.0000e+00, 0.0000e+00, 
 2DIAGNOSTIC,    47, -8.411932696842e-01, 5.462888873074e-05, 0.0000e+00, 0.0000e+00, 
 2DIAGNOSTIC,    48, -8.410781689152e-01, 2.874451972789e-05, 0.0000e+00, 0.0000e+00, 
 2DIAGNOSTIC,    49, -8.409728640519e-01, 6.585496513920e-06, 0.0000e+00, 0.0000e+00, 
DIAGNOSTIC,Iteration,metricValue,convergenceValue,ITERATION_TIME_INDEX,SINCE_LAST
 2DIAGNOSTIC,     1, -6.854219592103e-01, 1.797693134862e+308, 0.0000e+00, 0.0000e+00, 
 2DIAGNOSTIC,     2, -6.860407512915e-01, 1.797693134862e+308, 0.0000e+00, 0.0000e+00, 
 2DIAGNOSTIC,     3, -6.867210614988e-01, 1.797693134862e+308, 0.0000e+00, 0.0000e+00, 
 2DIAGNOSTIC,     4, -6.874067296560e-01, 1.797693134862e+308, 0.0000e+00, 0.0000e+00, 
 2DIAGNOSTIC,     5, -6.882265409118e-01, 1.797693134862e+308, 0.0000e+00, 0.0000e+00, 
 2DIAGNOSTIC,     6, -6.893500905796e-01, 1.797693134862e+308, 0.0000e+00, 0.0000e+00, 
 2DIAGNOSTIC,     7, -6.915152907898e-01, 1.797693134862e+308, 0.0000e+00, 0.0000e+00, 
 2DIAGNOSTIC,     8, -6.921757825618e-01, 1.797693134862e+308, 0.0000e+00, 0.0000e+00, 
 2DIAGNOSTIC,     9, -6.922059711677e-01, 1.797693134862e+308, 0.0000e+00, 0.0000e+00, 
 2DIAGNOSTIC,    10, -6.925111157198e-01, 7.623584823511e-04, 0.0000e+00, 0.0000e+00, 
 2DIAGNOSTIC,    11, -6.925602185239e-01, 6.455317983585e-04, 0.0000e+00, 0.0000e+00, 
 2DIAGNOSTIC,    12, -6.925640178733e-01, 5.107195495807e-04, 0.0000e+00, 0.0000e+00, 
 2DIAGNOSTIC,    13, -6.925723987619e-01, 3.725193235228e-04, 0.0000e+00, 0.0000e+00, 
 2DIAGNOSTIC,    14, -6.925649843742e-01, 2.411219564957e-04, 0.0000e+00, 0.0000e+00, 
 2DIAGNOSTIC,    15, -6.925763968125e-01, 1.283063424924e-04, 0.0000e+00, 0.0000e+00, 
 2DIAGNOSTIC,    16, -6.925742708398e-01, 4.548085170505e-05, 0.0000e+00, 0.0000e+00, 
 2DIAGNOSTIC,    17, -6.925563534273e-01, 2.007599026702e-05, 0.0000e+00, 0.0000e+00, 
 2DIAGNOSTIC,    18, -6.925546434152e-01, 1.097610605964e-05, 0.0000e+00, 0.0000e+00, 
 2DIAGNOSTIC,    19, -6.925688464165e-01, 2.766435196935e-06, 0.0000e+00, 0.0000e+00, 
 2DIAGNOSTIC,    20, -6.925914446686e-01, 1.976871808605e-06, 0.0000e+00, 0.0000e+00, 
 2DIAGNOSTIC,    21, -6.926274125498e-01, 2.882146386794e-06, 0.0000e+00, 0.0000e+00, 
 2DIAGNOSTIC,    22, -6.927111220787e-01, 5.206912599615e-06, 0.0000e+00, 0.0000e+00, 
 2DIAGNOSTIC,    23, -6.929005938328e-01, 1.049281949159e-05, 0.0000e+00, 0.0000e+00, 
 2DIAGNOSTIC,    24, -6.936903824319e-01, 2.780415375315e-05, 0.0000e+00, 0.0000e+00, 
 2DIAGNOSTIC,    25, -6.936941400479e-01, 4.116573450092e-05, 0.0000e+00, 0.0000e+00, 
 2DIAGNOSTIC,    26, -6.936934467727e-01, 4.989334495718e-05, 0.0000e+00, 0.0000e+00, 
 2DIAGNOSTIC,    27, -6.936860645970e-01, 5.317538611185e-05, 0.0000e+00, 0.0000e+00, 
 2DIAGNOSTIC,    28, -6.936662956705e-01, 5.091882542343e-05, 0.0000e+00, 0.0000e+00, 
 2DIAGNOSTIC,    29, -6.936562005979e-01, 4.399968219244e-05, 0.0000e+00, 0.0000e+00, 
 2DIAGNOSTIC,    30, -6.936350538964e-01, 3.350663433010e-05, 0.0000e+00, 0.0000e+00, 
 2DIAGNOSTIC,    31, -6.936400825729e-01, 2.133655950147e-05, 0.0000e+00, 0.0000e+00, 
 2DIAGNOSTIC,    32, -6.936470028973e-01, 9.217076473153e-06, 0.0000e+00, 0.0000e+00, 
DIAGNOSTIC,Iteration,metricValue,convergenceValue,ITERATION_TIME_INDEX,SINCE_LAST
 2DIAGNOSTIC,     1, -5.886985746921e-01, 1.797693134862e+308, 0.0000e+00, 0.0000e+00, 
 2DIAGNOSTIC,     2, -5.893115857696e-01, 1.797693134862e+308, 0.0000e+00, 0.0000e+00, 
 2DIAGNOSTIC,     3, -5.900208462103e-01, 1.797693134862e+308, 0.0000e+00, 0.0000e+00, 
 2DIAGNOSTIC,     4, -5.908323410719e-01, 1.797693134862e+308, 0.0000e+00, 0.0000e+00, 
 2DIAGNOSTIC,     5, -5.919674037192e-01, 1.797693134862e+308, 0.0000e+00, 0.0000e+00, 
 2DIAGNOSTIC,     6, -5.937670552350e-01, 1.797693134862e+308, 0.0000e+00, 0.0000e+00, 
 2DIAGNOSTIC,     7, -5.937753581477e-01, 1.797693134862e+308, 0.0000e+00, 0.0000e+00, 
 2DIAGNOSTIC,     8, -5.937800726574e-01, 1.797693134862e+308, 0.0000e+00, 0.0000e+00, 
 2DIAGNOSTIC,     9, -5.937752988113e-01, 1.797693134862e+308, 0.0000e+00, 0.0000e+00, 
 2DIAGNOSTIC,    10, -5.937741578924e-01, 6.410478934999e-04, 0.0000e+00, 0.0000e+00, 
 2DIAGNOSTIC,    11, -5.937744365470e-01, 4.678450387014e-04, 1.2800e+02, 1.2800e+02, 
 2DIAGNOSTIC,    12, -5.937713442669e-01, 3.063307216508e-04, 1.2800e+02, 0.0000e+00, 
 2DIAGNOSTIC,    13, -5.937719380366e-01, 1.692356018826e-04, 1.2800e+02, 0.0000e+00, 
 2DIAGNOSTIC,    14, -5.937700787431e-01, 6.399643538925e-05, 1.2800e+02, 0.0000e+00, 
 2DIAGNOSTIC,    15, -5.937698484726e-01, 1.826613964098e-06, 1.2800e+02, 0.0000e+00, 
 2DIAGNOSTIC,    16, -5.937702572583e-01, 1.415073415126e-06, 1.2800e+02, 0.0000e+00, 
 2DIAGNOSTIC,    17, -5.937694343518e-01, 1.310270892278e-06, 1.2800e+02, 0.0000e+00, 
 2DIAGNOSTIC,    18, -5.937676503638e-01, 1.351603887194e-06, 1.2800e+02, 0.0000e+00, 
 2DIAGNOSTIC,    19, -5.937675543497e-01, 1.306086026047e-06, 1.2800e+02, 0.0000e+00, 
 2DIAGNOSTIC,    20, -5.937662278014e-01, 1.239038216978e-06, 1.2800e+02, 0.0000e+00, 
 2DIAGNOSTIC,    21, -5.937658499580e-01, 1.210688765199e-06, 1.2800e+02, 0.0000e+00, 
