
##########################
# Experiment information #
##########################

EXPERIMENT_NAME: antsRegistration-r7-p19
VFC_BACKENDS: libinterflop_vprec.so --range-binary32=7 --precision-binary32=19 --range-binary64=7 --precision-binary64=19

SIF_IMG: /home/mdugre/projects/rrg-glatard/mdugre/containers/ants-vprec-no_metrics.simg

SUBJECT_ID: s017
INPUT_IMG: /home/mdugre/scratch/mri-registration-rp/datasets/ds004513/derivatives/mri-registration-rp/antsBrainExtraction/sub-s017/BrainExtractionBrain.nii.gz
OUTPUT_DIR: /home/mdugre/scratch/mri-registration-rp/datasets/ds004513/derivatives/mri-registration-rp/1111/antsRegistration-r7-p19/sub-s017

FIXED_IMG: /templateflow/tpl-MNI152NLin2009cAsym/tpl-MNI152NLin2009cAsym_res-01_desc-brain_T1w.nii.gz
DATA_DIR: /home/mdugre/scratch/mri-registration-rp/datasets/ds004513
TEMPLATEFLOW_DIR: /home/mdugre/projects/rrg-glatard/mdugre/templateflow
ITK_GLOBAL_DEFAULT_NUMBER_OF_THREADS: 16
##########################

Info [verificarlo]: loaded backend libinterflop_vprec.so
Info [interflop-vprec]: load backend with: 
Info [interflop-vprec]: precision-binary32 = 19
Info [interflop-vprec]: range-binary32 = 7
Info [interflop-vprec]: precision-binary64 = 19
Info [interflop-vprec]: range-binary64 = 7
Info [interflop-vprec]: mode = ob
Info [interflop-vprec]: error-mode = rel
Info [interflop-vprec]: max-abs-error-exponent = -1022
Info [interflop-vprec]: daz = false
Info [interflop-vprec]: ftz = false
Info [interflop-vprec]: 	instrument = none
Info [interflop-vprec]: 	prec-input-file = (null)
Info [interflop-vprec]: 	prec-output-file = (null)
Info [interflop-vprec]: 	prec-log-file = (null)
All_Command_lines_OK
Using double precision for computations.
=============================================================================
The composite transform comprises the following transforms (in order): 
  1. Center of mass alignment using fixed image: /templateflow/tpl-MNI152NLin2009cAsym/tpl-MNI152NLin2009cAsym_res-01_desc-brain_T1w.nii.gz and moving image: /home/mdugre/scratch/mri-registration-rp/datasets/ds004513/derivatives/mri-registration-rp/antsBrainExtraction/sub-s017/BrainExtractionBrain.nii.gz (type = Euler3DTransform)
=============================================================================
  number of levels = 1
  fixed image: /templateflow/tpl-MNI152NLin2009cAsym/tpl-MNI152NLin2009cAsym_res-01_desc-brain_T1w.nii.gz
  moving image: /home/mdugre/scratch/mri-registration-rp/datasets/ds004513/derivatives/mri-registration-rp/antsBrainExtraction/sub-s017/BrainExtractionBrain.nii.gz
Dimension = 3
Number of stages = 1
Use histogram matching = false
Winsorize image intensities = true
  Lower quantile = 0.005
  Upper quantile = 0.995


Stage 1 State
   Image metric = MattesMI
     Fixed image = Image (0x3a30b20)
  RTTI typeinfo:   itk::Image<double, 3u>
  Reference Count: 2
  Modified Time: 2334
  Debug: Off
  Object Name: 
  Observers: 
    none
  Source: (none)
  Source output name: (none)
  Release Data: Off
  Data Released: False
  Global Release Data: Off
  PipelineMTime: 0
  UpdateMTime: 1943
  RealTimeStamp: 0 seconds 
  LargestPossibleRegion: 
    Dimension: 3
    Index: [0, 0, 0]
    Size: [193, 229, 193]
  BufferedRegion: 
    Dimension: 3
    Index: [0, 0, 0]
    Size: [193, 229, 193]
  RequestedRegion: 
    Dimension: 3
    Index: [0, 0, 0]
    Size: [193, 229, 193]
  Spacing: [1, 1, 1]
  Origin: [96, 132, -78]
  Direction: 
-1 0 0
0 -1 0
0 0 1

  IndexToPointMatrix: 
-1 0 0
0 -1 0
0 0 1

  PointToIndexMatrix: 
-1 0 0
0 -1 0
0 0 1

  Inverse Direction: 
-1 0 0
0 -1 0
0 0 1

  PixelContainer: 
    ImportImageContainer (0x3b5c650)
      RTTI typeinfo:   itk::ImportImageContainer<unsigned long, double>
      Reference Count: 1
      Modified Time: 1940
      Debug: Off
      Object Name: 
      Observers: 
        none
      Pointer: 0x15220421e010
      Container manages memory: true
      Size: 8530021
      Capacity: 8530021

     Moving image = Image (0x3a32ad0)
  RTTI typeinfo:   itk::Image<double, 3u>
  Reference Count: 2
  Modified Time: 2335
  Debug: Off
  Object Name: 
  Observers: 
    none
  Source: (none)
  Source output name: (none)
  Release Data: Off
  Data Released: False
  Global Release Data: Off
  PipelineMTime: 0
  UpdateMTime: 2332
  RealTimeStamp: 0 seconds 
  LargestPossibleRegion: 
    Dimension: 3
    Index: [0, 0, 0]
    Size: [160, 240, 256]
  BufferedRegion: 
    Dimension: 3
    Index: [0, 0, 0]
    Size: [160, 240, 256]
  RequestedRegion: 
    Dimension: 3
    Index: [0, 0, 0]
    Size: [160, 240, 256]
  Spacing: [1, 1, 1]
  Origin: [91.3357, 102.231, -120.042]
  Direction: 
-0.997442 -5.36781e-05 -0.0714818
5.35416e-05 -1 3.82464e-06
-0.0714818 -1.23894e-08 0.997442

  IndexToPointMatrix: 
-0.997444 -5.36781e-05 -0.0714818
5.35417e-05 -1 3.82464e-06
-0.0714819 -1.23894e-08 0.997442

  PointToIndexMatrix: 
-0.99744 5.35415e-05 -0.0714817
-5.36781e-05 -1 -1.23873e-08
-0.0714818 3.82465e-06 0.997442

  Inverse Direction: 
-0.997442 5.35416e-05 -0.0714818
-5.36781e-05 -1 -1.23873e-08
-0.0714818 3.82465e-06 0.997442

  PixelContainer: 
    ImportImageContainer (0x3a7a050)
      RTTI typeinfo:   itk::ImportImageContainer<unsigned long, double>
      Reference Count: 1
      Modified Time: 2329
      Debug: Off
      Object Name: 
      Observers: 
        none
      Pointer: 0x1521ff71d010
      Container manages memory: true
      Size: 9830400
      Capacity: 9830400

     Weighting = 1
     Sampling strategy = regular
     Number of bins = 32
     Radius = 4
     Sampling percentage  = 0.25
   Transform = Rigid
     Gradient step = 0.1
     Update field sigma (voxel space) = 0
     Total field sigma (voxel space) = 0
     Update field time sigma = 0
     Total field time sigma  = 0
     Number of time indices = 0
     Number of time point samples = 0
Registration using 1 total stages.

Stage 0
  iterations = 0
  convergence threshold = 1e-06
  convergence window size = 10
  number of levels = 1
  using the Mattes MI metric (number of bins = 32, weight = 1, use gradient filter = 0)
  preprocessing:  winsorizing the image intensities
  Shrink factors (level 1 out of 1): [1, 1, 1]
  smoothing sigmas per level: [0]
  regular sampling (percentage = 0.25)

*** Running Euler3DTransform registration ***

  Elapsed time (stage 0): 0


Total elapsed time: 0
Info [verificarlo]: loaded backend libinterflop_vprec.so
Info [interflop-vprec]: load backend with: 
Info [interflop-vprec]: precision-binary32 = 19
Info [interflop-vprec]: range-binary32 = 7
Info [interflop-vprec]: precision-binary64 = 19
Info [interflop-vprec]: range-binary64 = 7
Info [interflop-vprec]: mode = ob
Info [interflop-vprec]: error-mode = rel
Info [interflop-vprec]: max-abs-error-exponent = -1022
Info [interflop-vprec]: daz = false
Info [interflop-vprec]: ftz = false
Info [interflop-vprec]: 	instrument = none
Info [interflop-vprec]: 	prec-input-file = (null)
Info [interflop-vprec]: 	prec-output-file = (null)
Info [interflop-vprec]: 	prec-log-file = (null)
All_Command_lines_OK
Using double precision for computations.
=============================================================================
The composite transform comprises the following transforms (in order): 
  1. /home/mdugre/scratch/mri-registration-rp/datasets/ds004513/derivatives/mri-registration-rp/1111/antsRegistration-r7-p19/sub-s017/align_Composite.h5[0] (type = Euler3DTransform)
  2. /home/mdugre/scratch/mri-registration-rp/datasets/ds004513/derivatives/mri-registration-rp/1111/antsRegistration-r7-p19/sub-s017/align_Composite.h5[1] (type = Euler3DTransform)
=============================================================================
  number of levels = 4
  fixed image: /templateflow/tpl-MNI152NLin2009cAsym/tpl-MNI152NLin2009cAsym_res-01_desc-brain_T1w.nii.gz
  moving image: /home/mdugre/scratch/mri-registration-rp/datasets/ds004513/derivatives/mri-registration-rp/antsBrainExtraction/sub-s017/BrainExtractionBrain.nii.gz
Dimension = 3
Number of stages = 1
Use histogram matching = false
Winsorize image intensities = true
  Lower quantile = 0.005
  Upper quantile = 0.995


Stage 1 State
   Image metric = MattesMI
     Fixed image = Image (0x38d41e0)
  RTTI typeinfo:   itk::Image<double, 3u>
  Reference Count: 2
  Modified Time: 1580
  Debug: Off
  Object Name: 
  Observers: 
    none
  Source: (none)
  Source output name: (none)
  Release Data: Off
  Data Released: False
  Global Release Data: Off
  PipelineMTime: 0
  UpdateMTime: 1189
  RealTimeStamp: 0 seconds 
  LargestPossibleRegion: 
    Dimension: 3
    Index: [0, 0, 0]
    Size: [193, 229, 193]
  BufferedRegion: 
    Dimension: 3
    Index: [0, 0, 0]
    Size: [193, 229, 193]
  RequestedRegion: 
    Dimension: 3
    Index: [0, 0, 0]
    Size: [193, 229, 193]
  Spacing: [1, 1, 1]
  Origin: [96, 132, -78]
  Direction: 
-1 0 0
0 -1 0
0 0 1

  IndexToPointMatrix: 
-1 0 0
0 -1 0
0 0 1

  PointToIndexMatrix: 
-1 0 0
0 -1 0
0 0 1

  Inverse Direction: 
-1 0 0
0 -1 0
0 0 1

  PixelContainer: 
    ImportImageContainer (0x39936f0)
      RTTI typeinfo:   itk::ImportImageContainer<unsigned long, double>
      Reference Count: 1
      Modified Time: 1186
      Debug: Off
      Object Name: 
      Observers: 
        none
      Pointer: 0x14b7fae23010
      Container manages memory: true
      Size: 8530021
      Capacity: 8530021

     Moving image = Image (0x398fc90)
  RTTI typeinfo:   itk::Image<double, 3u>
  Reference Count: 2
  Modified Time: 1581
  Debug: Off
  Object Name: 
  Observers: 
    none
  Source: (none)
  Source output name: (none)
  Release Data: Off
  Data Released: False
  Global Release Data: Off
  PipelineMTime: 0
  UpdateMTime: 1578
  RealTimeStamp: 0 seconds 
  LargestPossibleRegion: 
    Dimension: 3
    Index: [0, 0, 0]
    Size: [160, 240, 256]
  BufferedRegion: 
    Dimension: 3
    Index: [0, 0, 0]
    Size: [160, 240, 256]
  RequestedRegion: 
    Dimension: 3
    Index: [0, 0, 0]
    Size: [160, 240, 256]
  Spacing: [1, 1, 1]
  Origin: [91.3357, 102.231, -120.042]
  Direction: 
-0.997442 -5.36781e-05 -0.0714818
5.35416e-05 -1 3.82464e-06
-0.0714818 -1.23894e-08 0.997442

  IndexToPointMatrix: 
-0.997444 -5.36781e-05 -0.0714818
5.35417e-05 -1 3.82464e-06
-0.0714819 -1.23894e-08 0.997442

  PointToIndexMatrix: 
-0.99744 5.35415e-05 -0.0714817
-5.36781e-05 -1 -1.23873e-08
-0.0714818 3.82465e-06 0.997442

  Inverse Direction: 
-0.997442 5.35416e-05 -0.0714818
-5.36781e-05 -1 -1.23873e-08
-0.0714818 3.82465e-06 0.997442

  PixelContainer: 
    ImportImageContainer (0x3952010)
      RTTI typeinfo:   itk::ImportImageContainer<unsigned long, double>
      Reference Count: 1
      Modified Time: 1575
      Debug: Off
      Object Name: 
      Observers: 
        none
      Pointer: 0x14b7f6322010
      Container manages memory: true
      Size: 9830400
      Capacity: 9830400

     Weighting = 1
     Sampling strategy = regular
     Number of bins = 32
     Radius = 4
     Sampling percentage  = 0.25
   Transform = Rigid
     Gradient step = 0.1
     Update field sigma (voxel space) = 0
     Total field sigma (voxel space) = 0
     Update field time sigma = 0
     Total field time sigma  = 0
     Number of time indices = 0
     Number of time point samples = 0
Registration using 1 total stages.

Stage 0
  iterations = 1000x500x250x100
  convergence threshold = 1e-06
  convergence window size = 10
  number of levels = 4
  using the Mattes MI metric (number of bins = 32, weight = 1, use gradient filter = 0)
  preprocessing:  winsorizing the image intensities
  Shrink factors (level 1 out of 4): [8, 8, 8]
  Shrink factors (level 2 out of 4): [4, 4, 4]
  Shrink factors (level 3 out of 4): [2, 2, 2]
  Shrink factors (level 4 out of 4): [1, 1, 1]
  smoothing sigmas per level: [3, 2, 1, 0]
  regular sampling (percentage = 0.25)

*** Running Euler3DTransform registration ***

DIAGNOSTIC,Iteration,metricValue,convergenceValue,ITERATION_TIME_INDEX,SINCE_LAST
 2DIAGNOSTIC,     1, -5.489356222770e-01, 1.797693134862e+308, 0.0000e+00, 0.0000e+00, 
 2DIAGNOSTIC,     2, -5.503420326543e-01, 1.797693134862e+308, 0.0000e+00, 0.0000e+00, 
 2DIAGNOSTIC,     3, -5.536175640045e-01, 1.797693134862e+308, 0.0000e+00, 0.0000e+00, 
 2DIAGNOSTIC,     4, -5.612084587069e-01, 1.797693134862e+308, 0.0000e+00, 0.0000e+00, 
 2DIAGNOSTIC,     5, -5.640698373577e-01, 1.797693134862e+308, 0.0000e+00, 0.0000e+00, 
 2DIAGNOSTIC,     6, -5.681155143727e-01, 1.797693134862e+308, 0.0000e+00, 0.0000e+00, 
 2DIAGNOSTIC,     7, -5.697213539401e-01, 1.797693134862e+308, 0.0000e+00, 0.0000e+00, 
 2DIAGNOSTIC,     8, -5.719324837356e-01, 1.797693134862e+308, 0.0000e+00, 0.0000e+00, 
 2DIAGNOSTIC,     9, -5.748750991408e-01, 1.797693134862e+308, 0.0000e+00, 0.0000e+00, 
 2DIAGNOSTIC,    10, -5.771585412745e-01, 3.387375365918e-03, 0.0000e+00, 0.0000e+00, 
 2DIAGNOSTIC,    11, -5.801023421291e-01, 2.920663229259e-03, 0.0000e+00, 0.0000e+00, 
 2DIAGNOSTIC,    12, -5.793664210430e-01, 2.300169941192e-03, 0.0000e+00, 0.0000e+00, 
 2DIAGNOSTIC,    13, -5.791947317850e-01, 1.686622712226e-03, 0.0000e+00, 0.0000e+00, 
 2DIAGNOSTIC,    14, -5.825172962249e-01, 1.397766199277e-03, 0.0000e+00, 0.0000e+00, 
 2DIAGNOSTIC,    15, -5.830258923331e-01, 1.125482773912e-03, 0.0000e+00, 0.0000e+00, 
 2DIAGNOSTIC,    16, -5.834869113629e-01, 9.252814289754e-04, 0.0000e+00, 0.0000e+00, 
 2DIAGNOSTIC,    17, -5.854014162772e-01, 7.688381995306e-04, 0.0000e+00, 0.0000e+00, 
 2DIAGNOSTIC,    18, -5.851566081142e-01, 6.121451285451e-04, 0.0000e+00, 0.0000e+00, 
 2DIAGNOSTIC,    19, -5.856679193305e-01, 5.043707830725e-04, 0.0000e+00, 0.0000e+00, 
 2DIAGNOSTIC,    20, -5.861863511850e-01, 4.277457948794e-04, 0.0000e+00, 0.0000e+00, 
 2DIAGNOSTIC,    21, -5.873154355581e-01, 4.159192032747e-04, 0.0000e+00, 0.0000e+00, 
 2DIAGNOSTIC,    22, -5.876629722289e-01, 3.578575431871e-04, 0.0000e+00, 0.0000e+00, 
 2DIAGNOSTIC,    23, -5.878680433847e-01, 2.707529926588e-04, 0.0000e+00, 0.0000e+00, 
 2DIAGNOSTIC,    24, -5.884934006893e-01, 2.476081646688e-04, 0.0000e+00, 0.0000e+00, 
 2DIAGNOSTIC,    25, -5.888869134518e-01, 2.206650539762e-04, 0.0000e+00, 0.0000e+00, 
 2DIAGNOSTIC,    26, -5.888696670450e-01, 1.822633207177e-04, 0.0000e+00, 0.0000e+00, 
 2DIAGNOSTIC,    27, -5.889087847466e-01, 1.658221674676e-04, 0.0000e+00, 0.0000e+00, 
 2DIAGNOSTIC,    28, -5.889701344378e-01, 1.319778795325e-04, 0.0000e+00, 0.0000e+00, 
 2DIAGNOSTIC,    29, -5.889200082759e-01, 9.581394036921e-05, 0.0000e+00, 0.0000e+00, 
 2DIAGNOSTIC,    30, -5.897069138066e-01, 7.402143651662e-05, 0.0000e+00, 0.0000e+00, 
 2DIAGNOSTIC,    31, -5.902629632994e-01, 7.311787019951e-05, 0.0000e+00, 0.0000e+00, 
 2DIAGNOSTIC,    32, -5.902640309653e-01, 7.079150106833e-05, 0.0000e+00, 0.0000e+00, 
 2DIAGNOSTIC,    33, -5.902662267974e-01, 6.514824951059e-05, 0.0000e+00, 0.0000e+00, 
 2DIAGNOSTIC,    34, -5.902666202946e-01, 6.271360041871e-05, 0.0000e+00, 0.0000e+00, 
 2DIAGNOSTIC,    35, -5.902683393986e-01, 5.990177627050e-05, 0.0000e+00, 0.0000e+00, 
 2DIAGNOSTIC,    36, -5.902691619991e-01, 5.123501904780e-05, 0.0000e+00, 0.0000e+00, 
 2DIAGNOSTIC,    37, -5.902704314465e-01, 3.890050677267e-05, 0.0000e+00, 0.0000e+00, 
 2DIAGNOSTIC,    38, -5.902732759660e-01, 2.468844873595e-05, 0.0000e+00, 0.0000e+00, 
 2DIAGNOSTIC,    39, -5.902751532478e-01, 8.140793023508e-06, 0.0000e+00, 0.0000e+00, 
 2DIAGNOSTIC,    40, -5.902758276755e-01, 1.165065084022e-06, 0.0000e+00, 0.0000e+00, 
 2DIAGNOSTIC,    41, -5.902791449080e-01, 1.166758587259e-06, 0.0000e+00, 0.0000e+00, 
 2DIAGNOSTIC,    42, -5.902822220425e-01, 1.178748544602e-06, 0.0000e+00, 0.0000e+00, 
 2DIAGNOSTIC,    43, -5.902909477500e-01, 1.273957773471e-06, 0.0000e+00, 0.0000e+00, 
 2DIAGNOSTIC,    44, -5.903015203408e-01, 1.433731395793e-06, 0.0000e+00, 0.0000e+00, 
 2DIAGNOSTIC,    45, -5.903219378222e-01, 1.757638341243e-06, 0.0000e+00, 0.0000e+00, 
 2DIAGNOSTIC,    46, -5.903504793031e-01, 2.275110809993e-06, 0.0000e+00, 0.0000e+00, 
 2DIAGNOSTIC,    47, -5.903956273723e-01, 3.095399872047e-06, 0.0000e+00, 0.0000e+00, 
 2DIAGNOSTIC,    48, -5.904542068990e-01, 4.265858283403e-06, 0.0000e+00, 0.0000e+00, 
 2DIAGNOSTIC,    49, -5.905226363831e-01, 5.733964344962e-06, 0.0000e+00, 0.0000e+00, 
 2DIAGNOSTIC,    50, -5.906057668197e-01, 7.463644480139e-06, 0.0000e+00, 0.0000e+00, 
 2DIAGNOSTIC,    51, -5.907236625717e-01, 9.617613935101e-06, 0.0000e+00, 0.0000e+00, 
 2DIAGNOSTIC,    52, -5.908927056337e-01, 1.241771213020e-05, 0.0000e+00, 0.0000e+00, 
 2DIAGNOSTIC,    53, -5.910867097700e-01, 1.581288774523e-05, 0.0000e+00, 0.0000e+00, 
 2DIAGNOSTIC,    54, -5.913098520662e-01, 1.970283384007e-05, 0.0000e+00, 0.0000e+00, 
 2DIAGNOSTIC,    55, -5.913213146239e-01, 2.187301167792e-05, 0.0000e+00, 0.0000e+00, 
 2DIAGNOSTIC,    56, -5.913252373743e-01, 2.222910212563e-05, 0.0000e+00, 0.0000e+00, 
 2DIAGNOSTIC,    57, -5.913291179790e-01, 2.091155053682e-05, 0.0000e+00, 0.0000e+00, 
 2DIAGNOSTIC,    58, -5.915434208889e-01, 1.994179244042e-05, 0.0000e+00, 0.0000e+00, 
 2DIAGNOSTIC,    59, -5.915912633474e-01, 1.802746835040e-05, 0.0000e+00, 0.0000e+00, 
 2DIAGNOSTIC,    60, -5.916356789072e-01, 1.554651547468e-05, 0.0000e+00, 0.0000e+00, 
 2DIAGNOSTIC,    61, -5.916806945307e-01, 1.303234758375e-05, 0.0000e+00, 0.0000e+00, 
 2DIAGNOSTIC,    62, -5.916819087311e-01, 1.070367250040e-05, 0.0000e+00, 0.0000e+00, 
 2DIAGNOSTIC,    63, -5.916916747374e-01, 8.973360424793e-06, 0.0000e+00, 0.0000e+00, 
 2DIAGNOSTIC,    64, -5.917169981055e-01, 8.357338997862e-06, 0.0000e+00, 0.0000e+00, 
 2DIAGNOSTIC,    65, -5.917204917609e-01, 7.128809712546e-06, 0.0000e+00, 0.0000e+00, 
 2DIAGNOSTIC,    66, -5.917186371657e-01, 5.333830098694e-06, 0.0000e+00, 0.0000e+00, 
 2DIAGNOSTIC,    67, -5.917190038640e-01, 3.123694830767e-06, 0.0000e+00, 0.0000e+00, 
 2DIAGNOSTIC,    68, -5.917189867379e-01, 2.251821576166e-06, 0.0000e+00, 0.0000e+00, 
 2DIAGNOSTIC,    69, -5.917190005759e-01, 1.562033936425e-06, 0.0000e+00, 0.0000e+00, 
 2DIAGNOSTIC,    70, -5.917190296225e-01, 1.085795718357e-06, 0.0000e+00, 0.0000e+00, 
DIAGNOSTIC,Iteration,metricValue,convergenceValue,ITERATION_TIME_INDEX,SINCE_LAST
 2DIAGNOSTIC,     1, -4.783910503089e-01, 1.797693134862e+308, 0.0000e+00, 0.0000e+00, 
 2DIAGNOSTIC,     2, -4.784254753409e-01, 1.797693134862e+308, 0.0000e+00, 0.0000e+00, 
 2DIAGNOSTIC,     3, -4.785722710173e-01, 1.797693134862e+308, 0.0000e+00, 0.0000e+00, 
 2DIAGNOSTIC,     4, -4.786491627724e-01, 1.797693134862e+308, 0.0000e+00, 0.0000e+00, 
 2DIAGNOSTIC,     5, -4.787990387853e-01, 1.797693134862e+308, 0.0000e+00, 0.0000e+00, 
 2DIAGNOSTIC,     6, -4.795453349426e-01, 1.797693134862e+308, 0.0000e+00, 0.0000e+00, 
 2DIAGNOSTIC,     7, -4.819261359511e-01, 1.797693134862e+308, 0.0000e+00, 0.0000e+00, 
 2DIAGNOSTIC,     8, -4.823304686667e-01, 1.797693134862e+308, 0.0000e+00, 0.0000e+00, 
 2DIAGNOSTIC,     9, -4.824337788454e-01, 1.797693134862e+308, 0.0000e+00, 0.0000e+00, 
 2DIAGNOSTIC,    10, -4.826970304359e-01, 7.193201841550e-04, 0.0000e+00, 0.0000e+00, 
 2DIAGNOSTIC,    11, -4.831901786838e-01, 7.056116050153e-04, 0.0000e+00, 0.0000e+00, 
 2DIAGNOSTIC,    12, -4.831972746002e-01, 6.305781931305e-04, 0.0000e+00, 0.0000e+00, 
 2DIAGNOSTIC,    13, -4.831866425933e-01, 5.169191321972e-04, 0.0000e+00, 0.0000e+00, 
 2DIAGNOSTIC,    14, -4.832020156492e-01, 3.787636125692e-04, 0.0000e+00, 0.0000e+00, 
 2DIAGNOSTIC,    15, -4.831896320908e-01, 2.304259005611e-04, 0.0000e+00, 0.0000e+00, 
 2DIAGNOSTIC,    16, -4.831914579181e-01, 1.047740384811e-04, 0.0000e+00, 0.0000e+00, 
 2DIAGNOSTIC,    17, -4.831849558163e-01, 6.667569898233e-05, 0.0000e+00, 0.0000e+00, 
 2DIAGNOSTIC,    18, -4.831770878958e-01, 4.011446081983e-05, 0.0000e+00, 0.0000e+00, 
 2DIAGNOSTIC,    19, -4.831775386170e-01, 1.598222612683e-05, 0.0000e+00, 0.0000e+00, 
DIAGNOSTIC,Iteration,metricValue,convergenceValue,ITERATION_TIME_INDEX,SINCE_LAST
 2DIAGNOSTIC,     1, -4.157722125997e-01, 1.797693134862e+308, 0.0000e+00, 0.0000e+00, 
 2DIAGNOSTIC,     2, -4.158817570099e-01, 1.797693134862e+308, 0.0000e+00, 0.0000e+00, 
 2DIAGNOSTIC,     3, -4.159294504760e-01, 1.797693134862e+308, 0.0000e+00, 0.0000e+00, 
 2DIAGNOSTIC,     4, -4.159297656952e-01, 1.797693134862e+308, 0.0000e+00, 0.0000e+00, 
 2DIAGNOSTIC,     5, -4.159331348092e-01, 1.797693134862e+308, 0.0000e+00, 0.0000e+00, 
 2DIAGNOSTIC,     6, -4.159326466873e-01, 1.797693134862e+308, 0.0000e+00, 0.0000e+00, 
 2DIAGNOSTIC,     7, -4.159262667153e-01, 1.797693134862e+308, 0.0000e+00, 0.0000e+00, 
 2DIAGNOSTIC,     8, -4.159271350299e-01, 1.797693134862e+308, 0.0000e+00, 0.0000e+00, 
 2DIAGNOSTIC,     9, -4.159270367788e-01, 1.797693134862e+308, 0.0000e+00, 0.0000e+00, 
 2DIAGNOSTIC,    10, -4.159270895197e-01, 1.623114931056e-05, 0.0000e+00, 0.0000e+00, 
 2DIAGNOSTIC,    11, -4.159263249904e-01, 5.166653529967e-06, 0.0000e+00, 0.0000e+00, 
 2DIAGNOSTIC,    12, -4.159263500612e-01, 1.913841709666e-06, 0.0000e+00, 0.0000e+00, 
 2DIAGNOSTIC,    13, -4.159263376859e-01, 1.735045302070e-06, 0.0000e+00, 0.0000e+00, 
 2DIAGNOSTIC,    14, -4.159263719149e-01, 1.652203881167e-06, 0.0000e+00, 0.0000e+00, 
 2DIAGNOSTIC,    15, -4.159263780636e-01, 1.788102420130e-06, 0.0000e+00, 0.0000e+00, 
 2DIAGNOSTIC,    16, -4.159262607177e-01, 1.919897457070e-06, 0.0000e+00, 0.0000e+00, 
 2DIAGNOSTIC,    17, -4.159262578483e-01, 1.784689622232e-06, 0.0000e+00, 0.0000e+00, 
 2DIAGNOSTIC,    18, -4.159262344228e-01, 1.703746509901e-06, 0.0000e+00, 0.0000e+00, 
 2DIAGNOSTIC,    19, -4.159262310830e-01, 1.632704294999e-06, 0.0000e+00, 0.0000e+00, 
 2DIAGNOSTIC,    20, -4.159262290658e-01, 1.574717678865e-06, 0.0000e+00, 0.0000e+00, 
 2DIAGNOSTIC,    21, -4.159262206214e-01, 1.498241551171e-06, 0.0000e+00, 0.0000e+00, 
 2DIAGNOSTIC,    22, -4.159262191516e-01, 1.430688082719e-06, 0.0000e+00, 0.0000e+00, 
 2DIAGNOSTIC,    23, -4.159262226565e-01, 1.369755309608e-06, 0.0000e+00, 0.0000e+00, 
 2DIAGNOSTIC,    24, -4.159262223779e-01, 1.315737055571e-06, 0.0000e+00, 0.0000e+00, 
 2DIAGNOSTIC,    25, -4.159262242312e-01, 1.266938413673e-06, 0.0000e+00, 0.0000e+00, 
 2DIAGNOSTIC,    26, -4.159262210178e-01, 1.218935057681e-06, 0.0000e+00, 0.0000e+00, 
 2DIAGNOSTIC,    27, -4.159262215261e-01, 1.174583183376e-06, 0.0000e+00, 0.0000e+00, 
 2DIAGNOSTIC,    28, -4.159262172464e-01, 1.132776297187e-06, 0.0000e+00, 0.0000e+00, 
 2DIAGNOSTIC,    29, -4.159262214589e-01, 1.093914141971e-06, 0.0000e+00, 0.0000e+00, 
 2DIAGNOSTIC,    30, -4.159262474238e-01, 1.058211375554e-06, 0.0000e+00, 0.0000e+00, 
 2DIAGNOSTIC,    31, -4.159262481015e-01, 1.024574883449e-06, 0.0000e+00, 0.0000e+00, 
DIAGNOSTIC,Iteration,metricValue,convergenceValue,ITERATION_TIME_INDEX,SINCE_LAST
 2DIAGNOSTIC,     1, -3.830767567751e-01, 1.797693134862e+308, 0.0000e+00, 0.0000e+00, 
 2DIAGNOSTIC,     2, -3.831897049917e-01, 1.797693134862e+308, 0.0000e+00, 0.0000e+00, 
 2DIAGNOSTIC,     3, -3.832368505042e-01, 1.797693134862e+308, 0.0000e+00, 0.0000e+00, 
 2DIAGNOSTIC,     4, -3.832880058199e-01, 1.797693134862e+308, 0.0000e+00, 0.0000e+00, 
 2DIAGNOSTIC,     5, -3.832989604322e-01, 1.797693134862e+308, 0.0000e+00, 0.0000e+00, 
 2DIAGNOSTIC,     6, -3.832984704891e-01, 1.797693134862e+308, 0.0000e+00, 0.0000e+00, 
 2DIAGNOSTIC,     7, -3.832988844746e-01, 1.797693134862e+308, 0.0000e+00, 0.0000e+00, 
 2DIAGNOSTIC,     8, -3.832991031904e-01, 1.797693134862e+308, 0.0000e+00, 0.0000e+00, 
 2DIAGNOSTIC,     9, -3.832989247099e-01, 1.797693134862e+308, 0.0000e+00, 0.0000e+00, 
 2DIAGNOSTIC,    10, -3.832991781477e-01, 3.035464117153e-05, 0.0000e+00, 0.0000e+00, 
 2DIAGNOSTIC,    11, -3.832991830479e-01, 1.446147373901e-05, 0.0000e+00, 0.0000e+00, 
 2DIAGNOSTIC,    12, -3.832991850282e-01, 7.124484957141e-06, 0.0000e+00, 0.0000e+00, 
 2DIAGNOSTIC,    13, -3.832991854073e-01, 3.124501121762e-06, 0.0000e+00, 0.0000e+00, 
 2DIAGNOSTIC,    14, -3.832991854073e-01, 2.326926917151e-06, 0.0000e+00, 0.0000e+00, 
 2DIAGNOSTIC,    15, -3.832991838520e-01, 2.172606219375e-06, 0.0000e+00, 0.0000e+00, 
 2DIAGNOSTIC,    16, -3.832991838520e-01, 2.009019348118e-06, 0.0000e+00, 0.0000e+00, 
 2DIAGNOSTIC,    17, -3.832991801412e-01, 1.880009867415e-06, 0.0000e+00, 0.0000e+00, 
 2DIAGNOSTIC,    18, -3.832991801412e-01, 1.773445594960e-06, 0.0000e+00, 0.0000e+00, 
 2DIAGNOSTIC,    19, -3.832991800311e-01, 1.669865758364e-06, 0.0000e+00, 0.0000e+00, 
 2DIAGNOSTIC,    20, -3.832991801370e-01, 1.586058032473e-06, 0.0000e+00, 0.0000e+00, 
 2DIAGNOSTIC,    21, -3.832991801370e-01, 1.510450521547e-06, 0.0000e+00, 0.0000e+00, 
 2DIAGNOSTIC,    22, -3.832991778532e-01, 1.441758881254e-06, 0.0000e+00, 0.0000e+00, 
 2DIAGNOSTIC,    23, -3.832991778532e-01, 1.379107136025e-06, 0.0000e+00, 0.0000e+00, 
 2DIAGNOSTIC,    24, -3.832991776254e-01, 1.321714877441e-06, 0.0000e+00, 0.0000e+00, 
 2DIAGNOSTIC,    25, -3.832991776254e-01, 1.268903670554e-06, 0.0000e+00, 0.0000e+00, 
 2DIAGNOSTIC,    26, -3.832991758676e-01, 1.220138859663e-06, 0.0000e+00, 0.0000e+00, 
 2DIAGNOSTIC,    27, -3.832991758676e-01, 1.174912631609e-06, 0.0000e+00, 0.0000e+00, 
 2DIAGNOSTIC,    28, -3.832991757118e-01, 1.132940748411e-06, 0.0000e+00, 0.0000e+00, 
 2DIAGNOSTIC,    29, -3.832991757118e-01, 1.093887206538e-06, 0.0000e+00, 0.0000e+00, 
 2DIAGNOSTIC,    30, -3.832991740500e-01, 1.057423983541e-06, 0.0000e+00, 0.0000e+00, 
 2DIAGNOSTIC,    31, -3.832991740500e-01, 1.023341305362e-06, 0.0000e+00, 0.0000e+00, 
  Elapsed time (stage 0): 0.0000e+00


Total elapsed time: 0.0000e+00
Info [verificarlo]: loaded backend libinterflop_vprec.so
Info [interflop-vprec]: load backend with: 
Info [interflop-vprec]: precision-binary32 = 19
Info [interflop-vprec]: range-binary32 = 7
Info [interflop-vprec]: precision-binary64 = 19
Info [interflop-vprec]: range-binary64 = 7
Info [interflop-vprec]: mode = ob
Info [interflop-vprec]: error-mode = rel
Info [interflop-vprec]: max-abs-error-exponent = -1022
Info [interflop-vprec]: daz = false
Info [interflop-vprec]: ftz = false
Info [interflop-vprec]: 	instrument = none
Info [interflop-vprec]: 	prec-input-file = (null)
Info [interflop-vprec]: 	prec-output-file = (null)
Info [interflop-vprec]: 	prec-log-file = (null)
All_Command_lines_OK
Using double precision for computations.
=============================================================================
The composite transform comprises the following transforms (in order): 
  1. /home/mdugre/scratch/mri-registration-rp/datasets/ds004513/derivatives/mri-registration-rp/1111/antsRegistration-r7-p19/sub-s017/rigid_Composite.h5[0] (type = Euler3DTransform)
  2. /home/mdugre/scratch/mri-registration-rp/datasets/ds004513/derivatives/mri-registration-rp/1111/antsRegistration-r7-p19/sub-s017/rigid_Composite.h5[1] (type = Euler3DTransform)
  3. /home/mdugre/scratch/mri-registration-rp/datasets/ds004513/derivatives/mri-registration-rp/1111/antsRegistration-r7-p19/sub-s017/rigid_Composite.h5[2] (type = Euler3DTransform)
=============================================================================
  number of levels = 4
  fixed image: /templateflow/tpl-MNI152NLin2009cAsym/tpl-MNI152NLin2009cAsym_res-01_desc-brain_T1w.nii.gz
  moving image: /home/mdugre/scratch/mri-registration-rp/datasets/ds004513/derivatives/mri-registration-rp/antsBrainExtraction/sub-s017/BrainExtractionBrain.nii.gz
Dimension = 3
Number of stages = 1
Use histogram matching = false
Winsorize image intensities = true
  Lower quantile = 0.005
  Upper quantile = 0.995


Stage 1 State
   Image metric = MattesMI
     Fixed image = Image (0x4fff490)
  RTTI typeinfo:   itk::Image<double, 3u>
  Reference Count: 2
  Modified Time: 1594
  Debug: Off
  Object Name: 
  Observers: 
    none
  Source: (none)
  Source output name: (none)
  Release Data: Off
  Data Released: False
  Global Release Data: Off
  PipelineMTime: 0
  UpdateMTime: 1203
  RealTimeStamp: 0 seconds 
  LargestPossibleRegion: 
    Dimension: 3
    Index: [0, 0, 0]
    Size: [193, 229, 193]
  BufferedRegion: 
    Dimension: 3
    Index: [0, 0, 0]
    Size: [193, 229, 193]
  RequestedRegion: 
    Dimension: 3
    Index: [0, 0, 0]
    Size: [193, 229, 193]
  Spacing: [1, 1, 1]
  Origin: [96, 132, -78]
  Direction: 
-1 0 0
0 -1 0
0 0 1

  IndexToPointMatrix: 
-1 0 0
0 -1 0
0 0 1

  PointToIndexMatrix: 
-1 0 0
0 -1 0
0 0 1

  Inverse Direction: 
-1 0 0
0 -1 0
0 0 1

  PixelContainer: 
    ImportImageContainer (0x500b2a0)
      RTTI typeinfo:   itk::ImportImageContainer<unsigned long, double>
      Reference Count: 1
      Modified Time: 1200
      Debug: Off
      Object Name: 
      Observers: 
        none
      Pointer: 0x154708f3a010
      Container manages memory: true
      Size: 8530021
      Capacity: 8530021

     Moving image = Image (0x50bad20)
  RTTI typeinfo:   itk::Image<double, 3u>
  Reference Count: 2
  Modified Time: 1595
  Debug: Off
  Object Name: 
  Observers: 
    none
  Source: (none)
  Source output name: (none)
  Release Data: Off
  Data Released: False
  Global Release Data: Off
  PipelineMTime: 0
  UpdateMTime: 1592
  RealTimeStamp: 0 seconds 
  LargestPossibleRegion: 
    Dimension: 3
    Index: [0, 0, 0]
    Size: [160, 240, 256]
  BufferedRegion: 
    Dimension: 3
    Index: [0, 0, 0]
    Size: [160, 240, 256]
  RequestedRegion: 
    Dimension: 3
    Index: [0, 0, 0]
    Size: [160, 240, 256]
  Spacing: [1, 1, 1]
  Origin: [91.3357, 102.231, -120.042]
  Direction: 
-0.997442 -5.36781e-05 -0.0714818
5.35416e-05 -1 3.82464e-06
-0.0714818 -1.23894e-08 0.997442

  IndexToPointMatrix: 
-0.997444 -5.36781e-05 -0.0714818
5.35417e-05 -1 3.82464e-06
-0.0714819 -1.23894e-08 0.997442

  PointToIndexMatrix: 
-0.99744 5.35415e-05 -0.0714817
-5.36781e-05 -1 -1.23873e-08
-0.0714818 3.82465e-06 0.997442

  Inverse Direction: 
-0.997442 5.35416e-05 -0.0714818
-5.36781e-05 -1 -1.23873e-08
-0.0714818 3.82465e-06 0.997442

  PixelContainer: 
    ImportImageContainer (0x5130650)
      RTTI typeinfo:   itk::ImportImageContainer<unsigned long, double>
      Reference Count: 1
      Modified Time: 1589
      Debug: Off
      Object Name: 
      Observers: 
        none
      Pointer: 0x154704439010
      Container manages memory: true
      Size: 9830400
      Capacity: 9830400

     Weighting = 1
     Sampling strategy = regular
     Number of bins = 32
     Radius = 4
     Sampling percentage  = 0.25
   Transform = Affine
     Gradient step = 0.1
     Update field sigma (voxel space) = 0
     Total field sigma (voxel space) = 0
     Update field time sigma = 0
     Total field time sigma  = 0
     Number of time indices = 0
     Number of time point samples = 0
Registration using 1 total stages.

Stage 0
  iterations = 1000x500x250x100
  convergence threshold = 1e-06
  convergence window size = 10
  number of levels = 4
  using the Mattes MI metric (number of bins = 32, weight = 1, use gradient filter = 0)
  preprocessing:  winsorizing the image intensities
  Shrink factors (level 1 out of 4): [8, 8, 8]
  Shrink factors (level 2 out of 4): [4, 4, 4]
  Shrink factors (level 3 out of 4): [2, 2, 2]
  Shrink factors (level 4 out of 4): [1, 1, 1]
  smoothing sigmas per level: [3, 2, 1, 0]
  regular sampling (percentage = 0.25)

*** Running AffineTransform registration ***

DIAGNOSTIC,Iteration,metricValue,convergenceValue,ITERATION_TIME_INDEX,SINCE_LAST
 2DIAGNOSTIC,     1, -5.806289310284e-01, 1.797693134862e+308, 0.0000e+00, 0.0000e+00, 
 2DIAGNOSTIC,     2, -5.833556213858e-01, 1.797693134862e+308, 0.0000e+00, 0.0000e+00, 
 2DIAGNOSTIC,     3, -5.887275371220e-01, 1.797693134862e+308, 0.0000e+00, 0.0000e+00, 
 2DIAGNOSTIC,     4, -5.971312183089e-01, 1.797693134862e+308, 0.0000e+00, 0.0000e+00, 
 2DIAGNOSTIC,     5, -6.119535144300e-01, 1.797693134862e+308, 0.0000e+00, 0.0000e+00, 
 2DIAGNOSTIC,     6, -6.405944189866e-01, 1.797693134862e+308, 0.0000e+00, 0.0000e+00, 
 2DIAGNOSTIC,     7, -7.238969550161e-01, 1.797693134862e+308, 0.0000e+00, 0.0000e+00, 
 2DIAGNOSTIC,     8, -7.829731739453e-01, 1.797693134862e+308, 0.0000e+00, 0.0000e+00, 
 2DIAGNOSTIC,     9, -8.210953709445e-01, 1.797693134862e+308, 0.0000e+00, 0.0000e+00, 
 2DIAGNOSTIC,    10, -8.667198756791e-01, 2.902485618163e-02, 0.0000e+00, 0.0000e+00, 
 2DIAGNOSTIC,    11, -8.682330038962e-01, 2.887085081985e-02, 0.0000e+00, 0.0000e+00, 
 2DIAGNOSTIC,    12, -8.750708132925e-01, 2.649517484271e-02, 0.0000e+00, 0.0000e+00, 
 2DIAGNOSTIC,    13, -8.762844788057e-01, 2.239195928544e-02, 0.0000e+00, 0.0000e+00, 
 2DIAGNOSTIC,    14, -8.768483314989e-01, 1.723919599194e-02, 0.0000e+00, 0.0000e+00, 
 2DIAGNOSTIC,    15, -8.790833555698e-01, 1.178198513674e-02, 0.0000e+00, 0.0000e+00, 
 2DIAGNOSTIC,    16, -8.819951383719e-01, 6.764176371864e-03, 0.0000e+00, 0.0000e+00, 
 2DIAGNOSTIC,    17, -8.826186872546e-01, 3.643329527249e-03, 0.0000e+00, 0.0000e+00, 
 2DIAGNOSTIC,    18, -8.830482050486e-01, 1.800849779659e-03, 0.0000e+00, 0.0000e+00, 
 2DIAGNOSTIC,    19, -8.858547896704e-01, 7.828901652542e-04, 0.0000e+00, 0.0000e+00, 
 2DIAGNOSTIC,    20, -8.868998652811e-01, 6.581610489937e-04, 0.0000e+00, 0.0000e+00, 
 2DIAGNOSTIC,    21, -8.872212796072e-01, 5.139231132995e-04, 0.0000e+00, 0.0000e+00, 
 2DIAGNOSTIC,    22, -8.878559852351e-01, 4.597105622316e-04, 0.0000e+00, 0.0000e+00, 
 2DIAGNOSTIC,    23, -8.878462696654e-01, 3.875217195178e-04, 0.0000e+00, 0.0000e+00, 
 2DIAGNOSTIC,    24, -8.879118688106e-01, 2.944998894851e-04, 0.0000e+00, 0.0000e+00, 
 2DIAGNOSTIC,    25, -8.878270051935e-01, 2.115624446551e-04, 0.0000e+00, 0.0000e+00, 
 2DIAGNOSTIC,    26, -8.879115520162e-01, 1.570192419786e-04, 0.0000e+00, 0.0000e+00, 
 2DIAGNOSTIC,    27, -8.881818126831e-01, 1.042747297833e-04, 0.0000e+00, 0.0000e+00, 
 2DIAGNOSTIC,    28, -8.884337858325e-01, 5.359577707832e-05, 0.0000e+00, 0.0000e+00, 
 2DIAGNOSTIC,    29, -8.884388894620e-01, 3.545978546729e-05, 0.0000e+00, 0.0000e+00, 
 2DIAGNOSTIC,    30, -8.885264500543e-01, 2.863873367918e-05, 0.0000e+00, 0.0000e+00, 
 2DIAGNOSTIC,    31, -8.882178759056e-01, 1.964698331686e-05, 0.0000e+00, 0.0000e+00, 
 2DIAGNOSTIC,    32, -8.883289645461e-01, 1.762817570483e-05, 0.0000e+00, 0.0000e+00, 
 2DIAGNOSTIC,    33, -8.880871067451e-01, 1.141224718541e-05, 0.0000e+00, 0.0000e+00, 
 2DIAGNOSTIC,    34, -8.880154554338e-01, 4.644967170037e-06, 0.0000e+00, 0.0000e+00, 
DIAGNOSTIC,Iteration,metricValue,convergenceValue,ITERATION_TIME_INDEX,SINCE_LAST
 2DIAGNOSTIC,     1, -7.467932733629e-01, 1.797693134862e+308, 0.0000e+00, 0.0000e+00, 
 2DIAGNOSTIC,     2, -7.474343337059e-01, 1.797693134862e+308, 0.0000e+00, 0.0000e+00, 
 2DIAGNOSTIC,     3, -7.478823666047e-01, 1.797693134862e+308, 0.0000e+00, 0.0000e+00, 
 2DIAGNOSTIC,     4, -7.483822750480e-01, 1.797693134862e+308, 0.0000e+00, 0.0000e+00, 
 2DIAGNOSTIC,     5, -7.490499510249e-01, 1.797693134862e+308, 0.0000e+00, 0.0000e+00, 
 2DIAGNOSTIC,     6, -7.511318143297e-01, 1.797693134862e+308, 0.0000e+00, 0.0000e+00, 
 2DIAGNOSTIC,     7, -7.511492518990e-01, 1.797693134862e+308, 0.0000e+00, 0.0000e+00, 
 2DIAGNOSTIC,     8, -7.511321060470e-01, 1.797693134862e+308, 0.0000e+00, 0.0000e+00, 
 2DIAGNOSTIC,     9, -7.511251219723e-01, 1.797693134862e+308, 0.0000e+00, 0.0000e+00, 
 2DIAGNOSTIC,    10, -7.511065532589e-01, 4.375384627321e-04, 0.0000e+00, 0.0000e+00, 
 2DIAGNOSTIC,    11, -7.510999339444e-01, 3.262709947802e-04, 0.0000e+00, 0.0000e+00, 
 2DIAGNOSTIC,    12, -7.510938338536e-01, 2.245162867013e-04, 0.0000e+00, 0.0000e+00, 
 2DIAGNOSTIC,    13, -7.510739051998e-01, 1.317008576410e-04, 0.0000e+00, 0.0000e+00, 
 2DIAGNOSTIC,    14, -7.510601577211e-01, 5.377166778335e-05, 0.0000e+00, 0.0000e+00, 
DIAGNOSTIC,Iteration,metricValue,convergenceValue,ITERATION_TIME_INDEX,SINCE_LAST
 2DIAGNOSTIC,     1, -6.303430149814e-01, 1.797693134862e+308, 0.0000e+00, 0.0000e+00, 
 2DIAGNOSTIC,     2, -6.307957715464e-01, 1.797693134862e+308, 0.0000e+00, 0.0000e+00, 
 2DIAGNOSTIC,     3, -6.312820802129e-01, 1.797693134862e+308, 0.0000e+00, 0.0000e+00, 
 2DIAGNOSTIC,     4, -6.318363627310e-01, 1.797693134862e+308, 0.0000e+00, 0.0000e+00, 
 2DIAGNOSTIC,     5, -6.326257489714e-01, 1.797693134862e+308, 0.0000e+00, 0.0000e+00, 
 2DIAGNOSTIC,     6, -6.326259314518e-01, 1.797693134862e+308, 0.0000e+00, 0.0000e+00, 
 2DIAGNOSTIC,     7, -6.326242108930e-01, 1.797693134862e+308, 0.0000e+00, 0.0000e+00, 
 2DIAGNOSTIC,     8, -6.326208630974e-01, 1.797693134862e+308, 0.0000e+00, 0.0000e+00, 
 2DIAGNOSTIC,     9, -6.326201841461e-01, 1.797693134862e+308, 0.0000e+00, 0.0000e+00, 
 2DIAGNOSTIC,    10, -6.326183477141e-01, 2.359811112141e-04, 0.0000e+00, 0.0000e+00, 
 2DIAGNOSTIC,    11, -6.326180522082e-01, 1.474911263357e-04, 0.0000e+00, 0.0000e+00, 
 2DIAGNOSTIC,    12, -6.326184576444e-01, 7.798707093262e-05, 0.0000e+00, 0.0000e+00, 
 2DIAGNOSTIC,    13, -6.326173449833e-01, 2.894232515953e-05, 0.0000e+00, 0.0000e+00, 
 2DIAGNOSTIC,    14, -6.326177241055e-01, 1.587797764588e-06, 0.0000e+00, 0.0000e+00, 
 2DIAGNOSTIC,    15, -6.326149450899e-01, 1.517935902778e-06, 0.0000e+00, 0.0000e+00, 
 2DIAGNOSTIC,    16, -6.326152857415e-01, 1.528496233735e-06, 0.0000e+00, 0.0000e+00, 
 2DIAGNOSTIC,    17, -6.326154430957e-01, 1.538949372798e-06, 0.0000e+00, 0.0000e+00, 
 2DIAGNOSTIC,    18, -6.326142400518e-01, 1.464014026391e-06, 0.0000e+00, 0.0000e+00, 
 2DIAGNOSTIC,    19, -6.326133614945e-01, 1.390398743674e-06, 0.0000e+00, 0.0000e+00, 
 2DIAGNOSTIC,    20, -6.326136693235e-01, 1.317033229586e-06, 0.0000e+00, 0.0000e+00, 
 2DIAGNOSTIC,    21, -6.326135694134e-01, 1.266216103538e-06, 0.0000e+00, 0.0000e+00, 
 2DIAGNOSTIC,    22, -6.326134768765e-01, 1.248999316028e-06, 0.0000e+00, 0.0000e+00, 
 2DIAGNOSTIC,    23, -6.326119030533e-01, 1.198740821537e-06, 0.0000e+00, 0.0000e+00, 
 2DIAGNOSTIC,    24, -6.326118772685e-01, 1.179040698088e-06, 0.0000e+00, 0.0000e+00, 
 2DIAGNOSTIC,    25, -6.326120091071e-01, 1.125930888489e-06, 0.0000e+00, 0.0000e+00, 
 2DIAGNOSTIC,    26, -6.326119066571e-01, 1.093468834611e-06, 0.0000e+00, 0.0000e+00, 
 2DIAGNOSTIC,    27, -6.326123327646e-01, 1.085799429437e-06, 0.0000e+00, 0.0000e+00, 
 2DIAGNOSTIC,    28, -6.326137777599e-01, 1.091718963141e-06, 0.0000e+00, 0.0000e+00, 
 2DIAGNOSTIC,    29, -6.326136573169e-01, 1.085027739711e-06, 0.0000e+00, 0.0000e+00, 
 2DIAGNOSTIC,    30, -6.326136539827e-01, 1.084270140388e-06, 0.0000e+00, 0.0000e+00, 
 2DIAGNOSTIC,    31, -6.326136532618e-01, 1.079688515544e-06, 0.0000e+00, 0.0000e+00, 
 2DIAGNOSTIC,    32, -6.326136550405e-01, 1.069287546042e-06, 0.0000e+00, 0.0000e+00, 
 2DIAGNOSTIC,    33, -6.326136543022e-01, 1.030389183469e-06, 0.0000e+00, 0.0000e+00, 
DIAGNOSTIC,Iteration,metricValue,convergenceValue,ITERATION_TIME_INDEX,SINCE_LAST
 2DIAGNOSTIC,     1, -5.633736505958e-01, 1.797693134862e+308, 0.0000e+00, 0.0000e+00, 
 2DIAGNOSTIC,     2, -5.638577538098e-01, 1.797693134862e+308, 0.0000e+00, 0.0000e+00, 
 2DIAGNOSTIC,     3, -5.643451983244e-01, 1.797693134862e+308, 0.0000e+00, 0.0000e+00, 
 2DIAGNOSTIC,     4, -5.650082102521e-01, 1.797693134862e+308, 0.0000e+00, 0.0000e+00, 
 2DIAGNOSTIC,     5, -5.660227085164e-01, 1.797693134862e+308, 0.0000e+00, 0.0000e+00, 
 2DIAGNOSTIC,     6, -5.660230132589e-01, 1.797693134862e+308, 0.0000e+00, 0.0000e+00, 
 2DIAGNOSTIC,     7, -5.660230201667e-01, 1.797693134862e+308, 0.0000e+00, 0.0000e+00, 
 2DIAGNOSTIC,     8, -5.660228506618e-01, 1.797693134862e+308, 0.0000e+00, 0.0000e+00, 
 2DIAGNOSTIC,     9, -5.660228606330e-01, 1.797693134862e+308, 0.0000e+00, 0.0000e+00, 
 2DIAGNOSTIC,    10, -5.660228786652e-01, 3.145171451766e-04, 0.0000e+00, 0.0000e+00, 
 2DIAGNOSTIC,    11, -5.660228768902e-01, 2.013839656269e-04, 0.0000e+00, 0.0000e+00, 
 2DIAGNOSTIC,    12, -5.660228927290e-01, 1.100529757782e-04, 0.0000e+00, 0.0000e+00, 
 2DIAGNOSTIC,    13, -5.660228894055e-01, 4.167473033949e-05, 0.0000e+00, 0.0000e+00, 
 2DIAGNOSTIC,    14, -5.660227377106e-01, 2.263035159267e-06, 0.0000e+00, 0.0000e+00, 
 2DIAGNOSTIC,    15, -5.660227372763e-01, 2.101058378098e-06, 0.0000e+00, 0.0000e+00, 
 2DIAGNOSTIC,    16, -5.660227402515e-01, 1.970360487560e-06, 0.0000e+00, 0.0000e+00, 
 2DIAGNOSTIC,    17, -5.660227386125e-01, 1.856602663150e-06, 0.0000e+00, 0.0000e+00, 
