
##########################
# Experiment information #
##########################

EXPERIMENT_NAME: antsRegistration-r7-p21
VFC_BACKENDS: libinterflop_vprec.so --range-binary32=7 --precision-binary32=21 --range-binary64=7 --precision-binary64=21

SIF_IMG: /home/mdugre/projects/rrg-glatard/mdugre/containers/ants-vprec-no_metrics.simg

SUBJECT_ID: s014
INPUT_IMG: /home/mdugre/scratch/mri-registration-rp/datasets/ds004513/derivatives/mri-registration-rp/antsBrainExtraction/sub-s014/BrainExtractionBrain.nii.gz
OUTPUT_DIR: /home/mdugre/scratch/mri-registration-rp/datasets/ds004513/derivatives/mri-registration-rp/1111/antsRegistration-r7-p21/sub-s014

FIXED_IMG: /templateflow/tpl-MNI152NLin2009cAsym/tpl-MNI152NLin2009cAsym_res-01_desc-brain_T1w.nii.gz
DATA_DIR: /home/mdugre/scratch/mri-registration-rp/datasets/ds004513
TEMPLATEFLOW_DIR: /home/mdugre/projects/rrg-glatard/mdugre/templateflow
ITK_GLOBAL_DEFAULT_NUMBER_OF_THREADS: 16
##########################

Info [verificarlo]: loaded backend libinterflop_vprec.so
Info [interflop-vprec]: load backend with: 
Info [interflop-vprec]: precision-binary32 = 21
Info [interflop-vprec]: range-binary32 = 7
Info [interflop-vprec]: precision-binary64 = 21
Info [interflop-vprec]: range-binary64 = 7
Info [interflop-vprec]: mode = ob
Info [interflop-vprec]: error-mode = rel
Info [interflop-vprec]: max-abs-error-exponent = -1022
Info [interflop-vprec]: daz = false
Info [interflop-vprec]: ftz = false
Info [interflop-vprec]: 	instrument = none
Info [interflop-vprec]: 	prec-input-file = (null)
Info [interflop-vprec]: 	prec-output-file = (null)
Info [interflop-vprec]: 	prec-log-file = (null)
All_Command_lines_OK
Using double precision for computations.
=============================================================================
The composite transform comprises the following transforms (in order): 
  1. Center of mass alignment using fixed image: /templateflow/tpl-MNI152NLin2009cAsym/tpl-MNI152NLin2009cAsym_res-01_desc-brain_T1w.nii.gz and moving image: /home/mdugre/scratch/mri-registration-rp/datasets/ds004513/derivatives/mri-registration-rp/antsBrainExtraction/sub-s014/BrainExtractionBrain.nii.gz (type = Euler3DTransform)
=============================================================================
  number of levels = 1
  fixed image: /templateflow/tpl-MNI152NLin2009cAsym/tpl-MNI152NLin2009cAsym_res-01_desc-brain_T1w.nii.gz
  moving image: /home/mdugre/scratch/mri-registration-rp/datasets/ds004513/derivatives/mri-registration-rp/antsBrainExtraction/sub-s014/BrainExtractionBrain.nii.gz
Dimension = 3
Number of stages = 1
Use histogram matching = false
Winsorize image intensities = true
  Lower quantile = 0.005
  Upper quantile = 0.995


Stage 1 State
   Image metric = MattesMI
     Fixed image = Image (0x3e0cb20)
  RTTI typeinfo:   itk::Image<double, 3u>
  Reference Count: 2
  Modified Time: 2334
  Debug: Off
  Object Name: 
  Observers: 
    none
  Source: (none)
  Source output name: (none)
  Release Data: Off
  Data Released: False
  Global Release Data: Off
  PipelineMTime: 0
  UpdateMTime: 1943
  RealTimeStamp: 0 seconds 
  LargestPossibleRegion: 
    Dimension: 3
    Index: [0, 0, 0]
    Size: [193, 229, 193]
  BufferedRegion: 
    Dimension: 3
    Index: [0, 0, 0]
    Size: [193, 229, 193]
  RequestedRegion: 
    Dimension: 3
    Index: [0, 0, 0]
    Size: [193, 229, 193]
  Spacing: [1, 1, 1]
  Origin: [96, 132, -78]
  Direction: 
-1 0 0
0 -1 0
0 0 1

  IndexToPointMatrix: 
-1 0 0
0 -1 0
0 0 1

  PointToIndexMatrix: 
-1 0 0
0 -1 0
0 0 1

  Inverse Direction: 
-1 0 0
0 -1 0
0 0 1

  PixelContainer: 
    ImportImageContainer (0x3f38650)
      RTTI typeinfo:   itk::ImportImageContainer<unsigned long, double>
      Reference Count: 1
      Modified Time: 1940
      Debug: Off
      Object Name: 
      Observers: 
        none
      Pointer: 0x1529a9d2f010
      Container manages memory: true
      Size: 8530021
      Capacity: 8530021

     Moving image = Image (0x3e153b0)
  RTTI typeinfo:   itk::Image<double, 3u>
  Reference Count: 2
  Modified Time: 2335
  Debug: Off
  Object Name: 
  Observers: 
    none
  Source: (none)
  Source output name: (none)
  Release Data: Off
  Data Released: False
  Global Release Data: Off
  PipelineMTime: 0
  UpdateMTime: 2332
  RealTimeStamp: 0 seconds 
  LargestPossibleRegion: 
    Dimension: 3
    Index: [0, 0, 0]
    Size: [160, 240, 256]
  BufferedRegion: 
    Dimension: 3
    Index: [0, 0, 0]
    Size: [160, 240, 256]
  RequestedRegion: 
    Dimension: 3
    Index: [0, 0, 0]
    Size: [160, 240, 256]
  Spacing: [1, 1, 1]
  Origin: [84.1637, 106.709, -120.531]
  Direction: 
-0.999619 -0.0226874 -0.0157033
0.0226846 -0.999743 0.00035635
-0.0157073 -7.8229e-09 0.999876

  IndexToPointMatrix: 
-0.999619 -0.0226874 -0.0157033
0.0226845 -0.999743 0.00035635
-0.0157073 -7.8229e-09 0.999876

  PointToIndexMatrix: 
-0.99962 0.0226846 -0.0157073
-0.0226874 -0.999743 -7.567e-09
-0.0157033 0.00035635 0.999877

  Inverse Direction: 
-0.999619 0.0226846 -0.0157073
-0.0226874 -0.999743 -7.567e-09
-0.0157033 0.00035635 0.999877

  PixelContainer: 
    ImportImageContainer (0x3f2cfd0)
      RTTI typeinfo:   itk::ImportImageContainer<unsigned long, double>
      Reference Count: 1
      Modified Time: 2329
      Debug: Off
      Object Name: 
      Observers: 
        none
      Pointer: 0x1529a522e010
      Container manages memory: true
      Size: 9830400
      Capacity: 9830400

     Weighting = 1
     Sampling strategy = regular
     Number of bins = 32
     Radius = 4
     Sampling percentage  = 0.25
   Transform = Rigid
     Gradient step = 0.1
     Update field sigma (voxel space) = 0
     Total field sigma (voxel space) = 0
     Update field time sigma = 0
     Total field time sigma  = 0
     Number of time indices = 0
     Number of time point samples = 0
Registration using 1 total stages.

Stage 0
  iterations = 0
  convergence threshold = 1e-06
  convergence window size = 10
  number of levels = 1
  using the Mattes MI metric (number of bins = 32, weight = 1, use gradient filter = 0)
  preprocessing:  winsorizing the image intensities
  Shrink factors (level 1 out of 1): [1, 1, 1]
  smoothing sigmas per level: [0]
  regular sampling (percentage = 0.25)

*** Running Euler3DTransform registration ***

  Elapsed time (stage 0): 0


Total elapsed time: 0
Info [verificarlo]: loaded backend libinterflop_vprec.so
Info [interflop-vprec]: load backend with: 
Info [interflop-vprec]: precision-binary32 = 21
Info [interflop-vprec]: range-binary32 = 7
Info [interflop-vprec]: precision-binary64 = 21
Info [interflop-vprec]: range-binary64 = 7
Info [interflop-vprec]: mode = ob
Info [interflop-vprec]: error-mode = rel
Info [interflop-vprec]: max-abs-error-exponent = -1022
Info [interflop-vprec]: daz = false
Info [interflop-vprec]: ftz = false
Info [interflop-vprec]: 	instrument = none
Info [interflop-vprec]: 	prec-input-file = (null)
Info [interflop-vprec]: 	prec-output-file = (null)
Info [interflop-vprec]: 	prec-log-file = (null)
All_Command_lines_OK
Using double precision for computations.
=============================================================================
The composite transform comprises the following transforms (in order): 
  1. /home/mdugre/scratch/mri-registration-rp/datasets/ds004513/derivatives/mri-registration-rp/1111/antsRegistration-r7-p21/sub-s014/align_Composite.h5[0] (type = Euler3DTransform)
  2. /home/mdugre/scratch/mri-registration-rp/datasets/ds004513/derivatives/mri-registration-rp/1111/antsRegistration-r7-p21/sub-s014/align_Composite.h5[1] (type = Euler3DTransform)
=============================================================================
  number of levels = 4
  fixed image: /templateflow/tpl-MNI152NLin2009cAsym/tpl-MNI152NLin2009cAsym_res-01_desc-brain_T1w.nii.gz
  moving image: /home/mdugre/scratch/mri-registration-rp/datasets/ds004513/derivatives/mri-registration-rp/antsBrainExtraction/sub-s014/BrainExtractionBrain.nii.gz
Dimension = 3
Number of stages = 1
Use histogram matching = false
Winsorize image intensities = true
  Lower quantile = 0.005
  Upper quantile = 0.995


Stage 1 State
   Image metric = MattesMI
     Fixed image = Image (0x3ad81e0)
  RTTI typeinfo:   itk::Image<double, 3u>
  Reference Count: 2
  Modified Time: 1580
  Debug: Off
  Object Name: 
  Observers: 
    none
  Source: (none)
  Source output name: (none)
  Release Data: Off
  Data Released: False
  Global Release Data: Off
  PipelineMTime: 0
  UpdateMTime: 1189
  RealTimeStamp: 0 seconds 
  LargestPossibleRegion: 
    Dimension: 3
    Index: [0, 0, 0]
    Size: [193, 229, 193]
  BufferedRegion: 
    Dimension: 3
    Index: [0, 0, 0]
    Size: [193, 229, 193]
  RequestedRegion: 
    Dimension: 3
    Index: [0, 0, 0]
    Size: [193, 229, 193]
  Spacing: [1, 1, 1]
  Origin: [96, 132, -78]
  Direction: 
-1 0 0
0 -1 0
0 0 1

  IndexToPointMatrix: 
-1 0 0
0 -1 0
0 0 1

  PointToIndexMatrix: 
-1 0 0
0 -1 0
0 0 1

  Inverse Direction: 
-1 0 0
0 -1 0
0 0 1

  PixelContainer: 
    ImportImageContainer (0x3b97640)
      RTTI typeinfo:   itk::ImportImageContainer<unsigned long, double>
      Reference Count: 1
      Modified Time: 1186
      Debug: Off
      Object Name: 
      Observers: 
        none
      Pointer: 0x14c11e1e4010
      Container manages memory: true
      Size: 8530021
      Capacity: 8530021

     Moving image = Image (0x3b93c90)
  RTTI typeinfo:   itk::Image<double, 3u>
  Reference Count: 2
  Modified Time: 1581
  Debug: Off
  Object Name: 
  Observers: 
    none
  Source: (none)
  Source output name: (none)
  Release Data: Off
  Data Released: False
  Global Release Data: Off
  PipelineMTime: 0
  UpdateMTime: 1578
  RealTimeStamp: 0 seconds 
  LargestPossibleRegion: 
    Dimension: 3
    Index: [0, 0, 0]
    Size: [160, 240, 256]
  BufferedRegion: 
    Dimension: 3
    Index: [0, 0, 0]
    Size: [160, 240, 256]
  RequestedRegion: 
    Dimension: 3
    Index: [0, 0, 0]
    Size: [160, 240, 256]
  Spacing: [1, 1, 1]
  Origin: [84.1637, 106.709, -120.531]
  Direction: 
-0.999619 -0.0226874 -0.0157033
0.0226846 -0.999743 0.00035635
-0.0157073 -7.8229e-09 0.999876

  IndexToPointMatrix: 
-0.999619 -0.0226874 -0.0157033
0.0226845 -0.999743 0.00035635
-0.0157073 -7.8229e-09 0.999876

  PointToIndexMatrix: 
-0.99962 0.0226846 -0.0157073
-0.0226874 -0.999743 -7.567e-09
-0.0157033 0.00035635 0.999877

  Inverse Direction: 
-0.999619 0.0226846 -0.0157073
-0.0226874 -0.999743 -7.567e-09
-0.0157033 0.00035635 0.999877

  PixelContainer: 
    ImportImageContainer (0x3c04d90)
      RTTI typeinfo:   itk::ImportImageContainer<unsigned long, double>
      Reference Count: 1
      Modified Time: 1575
      Debug: Off
      Object Name: 
      Observers: 
        none
      Pointer: 0x14c1196e3010
      Container manages memory: true
      Size: 9830400
      Capacity: 9830400

     Weighting = 1
     Sampling strategy = regular
     Number of bins = 32
     Radius = 4
     Sampling percentage  = 0.25
   Transform = Rigid
     Gradient step = 0.1
     Update field sigma (voxel space) = 0
     Total field sigma (voxel space) = 0
     Update field time sigma = 0
     Total field time sigma  = 0
     Number of time indices = 0
     Number of time point samples = 0
Registration using 1 total stages.

Stage 0
  iterations = 1000x500x250x100
  convergence threshold = 1e-06
  convergence window size = 10
  number of levels = 4
  using the Mattes MI metric (number of bins = 32, weight = 1, use gradient filter = 0)
  preprocessing:  winsorizing the image intensities
  Shrink factors (level 1 out of 4): [8, 8, 8]
  Shrink factors (level 2 out of 4): [4, 4, 4]
  Shrink factors (level 3 out of 4): [2, 2, 2]
  Shrink factors (level 4 out of 4): [1, 1, 1]
  smoothing sigmas per level: [3, 2, 1, 0]
  regular sampling (percentage = 0.25)

*** Running Euler3DTransform registration ***

DIAGNOSTIC,Iteration,metricValue,convergenceValue,ITERATION_TIME_INDEX,SINCE_LAST
 2DIAGNOSTIC,     1, -4.773835345495e-01, 1.797693134862e+308, 0.0000e+00, 0.0000e+00, 
 2DIAGNOSTIC,     2, -4.787552934637e-01, 1.797693134862e+308, 0.0000e+00, 0.0000e+00, 
 2DIAGNOSTIC,     3, -4.810662773598e-01, 1.797693134862e+308, 0.0000e+00, 0.0000e+00, 
 2DIAGNOSTIC,     4, -4.842678340222e-01, 1.797693134862e+308, 0.0000e+00, 0.0000e+00, 
 2DIAGNOSTIC,     5, -4.883825736095e-01, 1.797693134862e+308, 0.0000e+00, 0.0000e+00, 
 2DIAGNOSTIC,     6, -4.951212522121e-01, 1.797693134862e+308, 0.0000e+00, 0.0000e+00, 
 2DIAGNOSTIC,     7, -5.007082868732e-01, 1.797693134862e+308, 0.0000e+00, 0.0000e+00, 
 2DIAGNOSTIC,     8, -5.013837763563e-01, 1.797693134862e+308, 0.0000e+00, 0.0000e+00, 
 2DIAGNOSTIC,     9, -5.075044282268e-01, 1.797693134862e+308, 0.0000e+00, 0.0000e+00, 
 2DIAGNOSTIC,    10, -5.167385204941e-01, 5.047472419362e-03, 0.0000e+00, 0.0000e+00, 
 2DIAGNOSTIC,    11, -5.174419476582e-01, 4.862045828824e-03, 0.0000e+00, 0.0000e+00, 
 2DIAGNOSTIC,    12, -5.194252423376e-01, 4.438213842928e-03, 0.0000e+00, 0.0000e+00, 
 2DIAGNOSTIC,    13, -5.217141445192e-01, 3.888283383745e-03, 0.0000e+00, 0.0000e+00, 
 2DIAGNOSTIC,    14, -5.231854644334e-01, 3.252400566394e-03, 0.0000e+00, 0.0000e+00, 
 2DIAGNOSTIC,    15, -5.237267400282e-01, 2.573876071224e-03, 0.0000e+00, 0.0000e+00, 
 2DIAGNOSTIC,    16, -5.241135939209e-01, 1.997112580335e-03, 0.0000e+00, 0.0000e+00, 
 2DIAGNOSTIC,    17, -5.253441174161e-01, 1.538966063795e-03, 0.0000e+00, 0.0000e+00, 
 2DIAGNOSTIC,    18, -5.268248116448e-01, 1.055125378098e-03, 0.0000e+00, 0.0000e+00, 
 2DIAGNOSTIC,    19, -5.276106755201e-01, 7.220590927215e-04, 0.0000e+00, 0.0000e+00, 
 2DIAGNOSTIC,    20, -5.288148435118e-01, 6.495604684490e-04, 0.0000e+00, 0.0000e+00, 
 2DIAGNOSTIC,    21, -5.290858561117e-01, 5.493458206578e-04, 0.0000e+00, 0.0000e+00, 
 2DIAGNOSTIC,    22, -5.291945274847e-01, 4.592732051655e-04, 0.0000e+00, 0.0000e+00, 
 2DIAGNOSTIC,    23, -5.294782457557e-01, 3.957088250756e-04, 0.0000e+00, 0.0000e+00, 
 2DIAGNOSTIC,    24, -5.298784931904e-01, 3.436167107072e-04, 0.0000e+00, 0.0000e+00, 
 2DIAGNOSTIC,    25, -5.298668736507e-01, 2.754254598295e-04, 0.0000e+00, 0.0000e+00, 
 2DIAGNOSTIC,    26, -5.298323818337e-01, 1.943120595707e-04, 0.0000e+00, 0.0000e+00, 
 2DIAGNOSTIC,    27, -5.299307957194e-01, 1.282450877990e-04, 0.0000e+00, 0.0000e+00, 
 2DIAGNOSTIC,    28, -5.299463843509e-01, 8.431755590925e-05, 0.0000e+00, 0.0000e+00, 
 2DIAGNOSTIC,    29, -5.300474331667e-01, 5.183239563387e-05, 0.0000e+00, 0.0000e+00, 
 2DIAGNOSTIC,    30, -5.300716599246e-01, 3.928099191947e-05, 0.0000e+00, 0.0000e+00, 
 2DIAGNOSTIC,    31, -5.302409533690e-01, 3.191166083010e-05, 0.0000e+00, 0.0000e+00, 
 2DIAGNOSTIC,    32, -5.302548120463e-01, 2.406343062637e-05, 0.0000e+00, 0.0000e+00, 
 2DIAGNOSTIC,    33, -5.302554119811e-01, 1.907071218845e-05, 0.0000e+00, 0.0000e+00, 
 2DIAGNOSTIC,    34, -5.302554113240e-01, 1.917323229209e-05, 0.0000e+00, 0.0000e+00, 
 2DIAGNOSTIC,    35, -5.302550002887e-01, 1.737106371442e-05, 0.0000e+00, 0.0000e+00, 
 2DIAGNOSTIC,    36, -5.302553969764e-01, 1.352909938675e-05, 0.0000e+00, 0.0000e+00, 
 2DIAGNOSTIC,    37, -5.302559578789e-01, 1.016978752733e-05, 0.0000e+00, 0.0000e+00, 
 2DIAGNOSTIC,    38, -5.302565085583e-01, 6.340877188815e-06, 0.0000e+00, 0.0000e+00, 
 2DIAGNOSTIC,    39, -5.302577085618e-01, 3.648114847436e-06, 0.0000e+00, 0.0000e+00, 
 2DIAGNOSTIC,    40, -5.302607738861e-01, 1.133921355652e-06, 0.0000e+00, 0.0000e+00, 
 2DIAGNOSTIC,    41, -5.302689075869e-01, 1.075637045083e-06, 0.0000e+00, 0.0000e+00, 
 2DIAGNOSTIC,    42, -5.302928490317e-01, 1.482543809890e-06, 0.0000e+00, 0.0000e+00, 
 2DIAGNOSTIC,    43, -5.303347587280e-01, 2.335743857450e-06, 0.0000e+00, 0.0000e+00, 
 2DIAGNOSTIC,    44, -5.303359428018e-01, 3.003342792681e-06, 0.0000e+00, 0.0000e+00, 
 2DIAGNOSTIC,    45, -5.303360696081e-01, 3.430128245562e-06, 0.0000e+00, 0.0000e+00, 
 2DIAGNOSTIC,    46, -5.303359507635e-01, 3.587719202142e-06, 0.0000e+00, 0.0000e+00, 
 2DIAGNOSTIC,    47, -5.303357853989e-01, 3.461201150471e-06, 0.0000e+00, 0.0000e+00, 
 2DIAGNOSTIC,    48, -5.303361770767e-01, 3.077925954845e-06, 0.0000e+00, 0.0000e+00, 
 2DIAGNOSTIC,    49, -5.303363521024e-01, 2.498043607177e-06, 0.0000e+00, 0.0000e+00, 
 2DIAGNOSTIC,    50, -5.303360475777e-01, 1.803795832530e-06, 0.0000e+00, 0.0000e+00, 
 2DIAGNOSTIC,    51, -5.303358330299e-01, 1.109492741479e-06, 0.0000e+00, 0.0000e+00, 
DIAGNOSTIC,Iteration,metricValue,convergenceValue,ITERATION_TIME_INDEX,SINCE_LAST
 2DIAGNOSTIC,     1, -4.330577889669e-01, 1.797693134862e+308, 0.0000e+00, 0.0000e+00, 
 2DIAGNOSTIC,     2, -4.334490998035e-01, 1.797693134862e+308, 0.0000e+00, 0.0000e+00, 
 2DIAGNOSTIC,     3, -4.339463703298e-01, 1.797693134862e+308, 0.0000e+00, 0.0000e+00, 
 2DIAGNOSTIC,     4, -4.346537549319e-01, 1.797693134862e+308, 0.0000e+00, 0.0000e+00, 
 2DIAGNOSTIC,     5, -4.371781239730e-01, 1.797693134862e+308, 0.0000e+00, 0.0000e+00, 
 2DIAGNOSTIC,     6, -4.383186943233e-01, 1.797693134862e+308, 0.0000e+00, 0.0000e+00, 
 2DIAGNOSTIC,     7, -4.388452576382e-01, 1.797693134862e+308, 0.0000e+00, 0.0000e+00, 
 2DIAGNOSTIC,     8, -4.411563854975e-01, 1.797693134862e+308, 0.0000e+00, 0.0000e+00, 
 2DIAGNOSTIC,     9, -4.418431058601e-01, 1.797693134862e+308, 0.0000e+00, 0.0000e+00, 
 2DIAGNOSTIC,    10, -4.420538543909e-01, 1.532359662576e-03, 0.0000e+00, 0.0000e+00, 
 2DIAGNOSTIC,    11, -4.422437973468e-01, 1.352309348620e-03, 0.0000e+00, 0.0000e+00, 
 2DIAGNOSTIC,    12, -4.429633128865e-01, 1.142705484723e-03, 0.0000e+00, 0.0000e+00, 
 2DIAGNOSTIC,    13, -4.433493314688e-01, 9.052962342188e-04, 0.0000e+00, 0.0000e+00, 
 2DIAGNOSTIC,    14, -4.433560039417e-01, 6.499583333854e-04, 0.0000e+00, 0.0000e+00, 
 2DIAGNOSTIC,    15, -4.433530463705e-01, 4.795270758161e-04, 0.0000e+00, 0.0000e+00, 
 2DIAGNOSTIC,    16, -4.433318553503e-01, 3.330250454755e-04, 0.0000e+00, 0.0000e+00, 
 2DIAGNOSTIC,    17, -4.433304000400e-01, 1.908081751984e-04, 0.0000e+00, 0.0000e+00, 
 2DIAGNOSTIC,    18, -4.433414319677e-01, 1.295564619016e-04, 0.0000e+00, 0.0000e+00, 
 2DIAGNOSTIC,    19, -4.433301663190e-01, 8.611328324126e-05, 0.0000e+00, 0.0000e+00, 
 2DIAGNOSTIC,    20, -4.433267241854e-01, 4.621691325153e-05, 0.0000e+00, 0.0000e+00, 
 2DIAGNOSTIC,    21, -4.433255068245e-01, 1.131716159029e-05, 0.0000e+00, 0.0000e+00, 
DIAGNOSTIC,Iteration,metricValue,convergenceValue,ITERATION_TIME_INDEX,SINCE_LAST
 2DIAGNOSTIC,     1, -3.883003767406e-01, 1.797693134862e+308, 0.0000e+00, 0.0000e+00, 
 2DIAGNOSTIC,     2, -3.884390439708e-01, 1.797693134862e+308, 0.0000e+00, 0.0000e+00, 
 2DIAGNOSTIC,     3, -3.886384572886e-01, 1.797693134862e+308, 0.0000e+00, 0.0000e+00, 
 2DIAGNOSTIC,     4, -3.888950312415e-01, 1.797693134862e+308, 0.0000e+00, 0.0000e+00, 
 2DIAGNOSTIC,     5, -3.891176316482e-01, 1.797693134862e+308, 0.0000e+00, 0.0000e+00, 
 2DIAGNOSTIC,     6, -3.892995713270e-01, 1.797693134862e+308, 0.0000e+00, 0.0000e+00, 
 2DIAGNOSTIC,     7, -3.893593330252e-01, 1.797693134862e+308, 0.0000e+00, 0.0000e+00, 
 2DIAGNOSTIC,     8, -3.893719138569e-01, 1.797693134862e+308, 0.0000e+00, 0.0000e+00, 
 2DIAGNOSTIC,     9, -3.893779315389e-01, 1.797693134862e+308, 0.0000e+00, 0.0000e+00, 
 2DIAGNOSTIC,    10, -3.894073966213e-01, 1.996404041221e-04, 0.0000e+00, 0.0000e+00, 
 2DIAGNOSTIC,    11, -3.894466674029e-01, 1.454780678863e-04, 0.0000e+00, 0.0000e+00, 
 2DIAGNOSTIC,    12, -3.895347970979e-01, 1.012854289568e-04, 0.0000e+00, 0.0000e+00, 
 2DIAGNOSTIC,    13, -3.895449527515e-01, 6.655831241446e-05, 0.0000e+00, 0.0000e+00, 
 2DIAGNOSTIC,    14, -3.895602359676e-01, 4.504850917728e-05, 0.0000e+00, 0.0000e+00, 
 2DIAGNOSTIC,    15, -3.896725969000e-01, 3.862434299877e-05, 0.0000e+00, 0.0000e+00, 
 2DIAGNOSTIC,    16, -3.896941817986e-01, 3.869749225287e-05, 0.0000e+00, 0.0000e+00, 
 2DIAGNOSTIC,    17, -3.897281363992e-01, 3.938670465382e-05, 0.0000e+00, 0.0000e+00, 
 2DIAGNOSTIC,    18, -3.898035623831e-01, 4.015928829422e-05, 0.0000e+00, 0.0000e+00, 
 2DIAGNOSTIC,    19, -3.902045897135e-01, 5.288920737258e-05, 0.0000e+00, 0.0000e+00, 
 2DIAGNOSTIC,    20, -3.902732809221e-01, 6.273118830812e-05, 0.0000e+00, 0.0000e+00, 
 2DIAGNOSTIC,    21, -3.902952345184e-01, 6.810230152647e-05, 0.0000e+00, 0.0000e+00, 
 2DIAGNOSTIC,    22, -3.903019402532e-01, 7.016316258141e-05, 0.0000e+00, 0.0000e+00, 
 2DIAGNOSTIC,    23, -3.903027059026e-01, 6.594833896887e-05, 0.0000e+00, 0.0000e+00, 
 2DIAGNOSTIC,    24, -3.903039977585e-01, 5.625530497595e-05, 0.0000e+00, 0.0000e+00, 
 2DIAGNOSTIC,    25, -3.903041229976e-01, 4.541645250548e-05, 0.0000e+00, 0.0000e+00, 
 2DIAGNOSTIC,    26, -3.903036211562e-01, 3.201728152780e-05, 0.0000e+00, 0.0000e+00, 
 2DIAGNOSTIC,    27, -3.903039743844e-01, 1.773737202546e-05, 0.0000e+00, 0.0000e+00, 
 2DIAGNOSTIC,    28, -3.903038574211e-01, 4.609328536978e-06, 0.0000e+00, 0.0000e+00, 
 2DIAGNOSTIC,    29, -3.903038403165e-01, 2.105276202959e-06, 0.0000e+00, 0.0000e+00, 
 2DIAGNOSTIC,    30, -3.903039115903e-01, 1.332010391875e-06, 0.0000e+00, 0.0000e+00, 
 2DIAGNOSTIC,    31, -3.903038790127e-01, 1.095225884810e-06, 0.0000e+00, 0.0000e+00, 
 2DIAGNOSTIC,    32, -3.903039251232e-01, 1.020707135785e-06, 0.0000e+00, 0.0000e+00, 
DIAGNOSTIC,Iteration,metricValue,convergenceValue,ITERATION_TIME_INDEX,SINCE_LAST
 2DIAGNOSTIC,     1, -3.627180342718e-01, 1.797693134862e+308, 0.0000e+00, 0.0000e+00, 
 2DIAGNOSTIC,     2, -3.628416914346e-01, 1.797693134862e+308, 0.0000e+00, 0.0000e+00, 
 2DIAGNOSTIC,     3, -3.630024474784e-01, 1.797693134862e+308, 0.0000e+00, 0.0000e+00, 
 2DIAGNOSTIC,     4, -3.630304290846e-01, 1.797693134862e+308, 0.0000e+00, 0.0000e+00, 
 2DIAGNOSTIC,     5, -3.630743319272e-01, 1.797693134862e+308, 0.0000e+00, 0.0000e+00, 
 2DIAGNOSTIC,     6, -3.632838143802e-01, 1.797693134862e+308, 0.0000e+00, 0.0000e+00, 
 2DIAGNOSTIC,     7, -3.635790901674e-01, 1.797693134862e+308, 0.0000e+00, 0.0000e+00, 
 2DIAGNOSTIC,     8, -3.636126186144e-01, 1.797693134862e+308, 0.0000e+00, 0.0000e+00, 
 2DIAGNOSTIC,     9, -3.638813565549e-01, 1.797693134862e+308, 0.0000e+00, 0.0000e+00, 
 2DIAGNOSTIC,    10, -3.641351551602e-01, 2.413450258318e-04, 0.0000e+00, 0.0000e+00, 
 2DIAGNOSTIC,    11, -3.641599505348e-01, 2.307960545710e-04, 0.0000e+00, 0.0000e+00, 
 2DIAGNOSTIC,    12, -3.642096468609e-01, 2.126945881048e-04, 0.0000e+00, 0.0000e+00, 
 2DIAGNOSTIC,    13, -3.643098991042e-01, 1.943235014990e-04, 0.0000e+00, 0.0000e+00, 
 2DIAGNOSTIC,    14, -3.645207308673e-01, 1.744062400543e-04, 0.0000e+00, 0.0000e+00, 
 2DIAGNOSTIC,    15, -3.647187212630e-01, 1.534479701851e-04, 0.0000e+00, 0.0000e+00, 
 2DIAGNOSTIC,    16, -3.648968746912e-01, 1.398397172108e-04, 0.0000e+00, 0.0000e+00, 
 2DIAGNOSTIC,    17, -3.654190824652e-01, 1.529691035533e-04, 0.0000e+00, 0.0000e+00, 
 2DIAGNOSTIC,    18, -3.658739083867e-01, 1.711392431609e-04, 0.0000e+00, 0.0000e+00, 
 2DIAGNOSTIC,    19, -3.661139351431e-01, 1.919917531296e-04, 0.0000e+00, 0.0000e+00, 
 2DIAGNOSTIC,    20, -3.661522239328e-01, 2.046151230589e-04, 0.0000e+00, 0.0000e+00, 
 2DIAGNOSTIC,    21, -3.661771394159e-01, 1.992183161240e-04, 0.0000e+00, 0.0000e+00, 
 2DIAGNOSTIC,    22, -3.661801595968e-01, 1.775652181398e-04, 0.0000e+00, 0.0000e+00, 
 2DIAGNOSTIC,    23, -3.661805229453e-01, 1.443873619393e-04, 0.0000e+00, 0.0000e+00, 
 2DIAGNOSTIC,    24, -3.661807105151e-01, 1.074251164178e-04, 0.0000e+00, 0.0000e+00, 
 2DIAGNOSTIC,    25, -3.661806796931e-01, 6.986388711800e-05, 0.0000e+00, 0.0000e+00, 
 2DIAGNOSTIC,    26, -3.661805513188e-01, 3.390738098080e-05, 0.0000e+00, 0.0000e+00, 
 2DIAGNOSTIC,    27, -3.661806242842e-01, 1.234344087566e-05, 0.0000e+00, 0.0000e+00, 
 2DIAGNOSTIC,    28, -3.661806009664e-01, 3.761823473343e-06, 0.0000e+00, 0.0000e+00, 
 2DIAGNOSTIC,    29, -3.661805371408e-01, 1.953289970380e-06, 0.0000e+00, 0.0000e+00, 
 2DIAGNOSTIC,    30, -3.661805295258e-01, 1.161970229015e-06, 0.0000e+00, 0.0000e+00, 
 2DIAGNOSTIC,    31, -3.661805331760e-01, 1.036908210308e-06, 0.0000e+00, 0.0000e+00, 
  Elapsed time (stage 0): 0.0000e+00


Total elapsed time: 0.0000e+00
Info [verificarlo]: loaded backend libinterflop_vprec.so
Info [interflop-vprec]: load backend with: 
Info [interflop-vprec]: precision-binary32 = 21
Info [interflop-vprec]: range-binary32 = 7
Info [interflop-vprec]: precision-binary64 = 21
Info [interflop-vprec]: range-binary64 = 7
Info [interflop-vprec]: mode = ob
Info [interflop-vprec]: error-mode = rel
Info [interflop-vprec]: max-abs-error-exponent = -1022
Info [interflop-vprec]: daz = false
Info [interflop-vprec]: ftz = false
Info [interflop-vprec]: 	instrument = none
Info [interflop-vprec]: 	prec-input-file = (null)
Info [interflop-vprec]: 	prec-output-file = (null)
Info [interflop-vprec]: 	prec-log-file = (null)
All_Command_lines_OK
Using double precision for computations.
=============================================================================
The composite transform comprises the following transforms (in order): 
  1. /home/mdugre/scratch/mri-registration-rp/datasets/ds004513/derivatives/mri-registration-rp/1111/antsRegistration-r7-p21/sub-s014/rigid_Composite.h5[0] (type = Euler3DTransform)
  2. /home/mdugre/scratch/mri-registration-rp/datasets/ds004513/derivatives/mri-registration-rp/1111/antsRegistration-r7-p21/sub-s014/rigid_Composite.h5[1] (type = Euler3DTransform)
  3. /home/mdugre/scratch/mri-registration-rp/datasets/ds004513/derivatives/mri-registration-rp/1111/antsRegistration-r7-p21/sub-s014/rigid_Composite.h5[2] (type = Euler3DTransform)
=============================================================================
  number of levels = 4
  fixed image: /templateflow/tpl-MNI152NLin2009cAsym/tpl-MNI152NLin2009cAsym_res-01_desc-brain_T1w.nii.gz
  moving image: /home/mdugre/scratch/mri-registration-rp/datasets/ds004513/derivatives/mri-registration-rp/antsBrainExtraction/sub-s014/BrainExtractionBrain.nii.gz
Dimension = 3
Number of stages = 1
Use histogram matching = false
Winsorize image intensities = true
  Lower quantile = 0.005
  Upper quantile = 0.995


Stage 1 State
   Image metric = MattesMI
     Fixed image = Image (0x3400490)
  RTTI typeinfo:   itk::Image<double, 3u>
  Reference Count: 2
  Modified Time: 1594
  Debug: Off
  Object Name: 
  Observers: 
    none
  Source: (none)
  Source output name: (none)
  Release Data: Off
  Data Released: False
  Global Release Data: Off
  PipelineMTime: 0
  UpdateMTime: 1203
  RealTimeStamp: 0 seconds 
  LargestPossibleRegion: 
    Dimension: 3
    Index: [0, 0, 0]
    Size: [193, 229, 193]
  BufferedRegion: 
    Dimension: 3
    Index: [0, 0, 0]
    Size: [193, 229, 193]
  RequestedRegion: 
    Dimension: 3
    Index: [0, 0, 0]
    Size: [193, 229, 193]
  Spacing: [1, 1, 1]
  Origin: [96, 132, -78]
  Direction: 
-1 0 0
0 -1 0
0 0 1

  IndexToPointMatrix: 
-1 0 0
0 -1 0
0 0 1

  PointToIndexMatrix: 
-1 0 0
0 -1 0
0 0 1

  Inverse Direction: 
-1 0 0
0 -1 0
0 0 1

  PixelContainer: 
    ImportImageContainer (0x34d5970)
      RTTI typeinfo:   itk::ImportImageContainer<unsigned long, double>
      Reference Count: 1
      Modified Time: 1200
      Debug: Off
      Object Name: 
      Observers: 
        none
      Pointer: 0x1525bec2b010
      Container manages memory: true
      Size: 8530021
      Capacity: 8530021

     Moving image = Image (0x34bbcd0)
  RTTI typeinfo:   itk::Image<double, 3u>
  Reference Count: 2
  Modified Time: 1595
  Debug: Off
  Object Name: 
  Observers: 
    none
  Source: (none)
  Source output name: (none)
  Release Data: Off
  Data Released: False
  Global Release Data: Off
  PipelineMTime: 0
  UpdateMTime: 1592
  RealTimeStamp: 0 seconds 
  LargestPossibleRegion: 
    Dimension: 3
    Index: [0, 0, 0]
    Size: [160, 240, 256]
  BufferedRegion: 
    Dimension: 3
    Index: [0, 0, 0]
    Size: [160, 240, 256]
  RequestedRegion: 
    Dimension: 3
    Index: [0, 0, 0]
    Size: [160, 240, 256]
  Spacing: [1, 1, 1]
  Origin: [84.1637, 106.709, -120.531]
  Direction: 
-0.999619 -0.0226874 -0.0157033
0.0226846 -0.999743 0.00035635
-0.0157073 -7.8229e-09 0.999876

  IndexToPointMatrix: 
-0.999619 -0.0226874 -0.0157033
0.0226845 -0.999743 0.00035635
-0.0157073 -7.8229e-09 0.999876

  PointToIndexMatrix: 
-0.99962 0.0226846 -0.0157073
-0.0226874 -0.999743 -7.567e-09
-0.0157033 0.00035635 0.999877

  Inverse Direction: 
-0.999619 0.0226846 -0.0157073
-0.0226874 -0.999743 -7.567e-09
-0.0157033 0.00035635 0.999877

  PixelContainer: 
    ImportImageContainer (0x34b0b80)
      RTTI typeinfo:   itk::ImportImageContainer<unsigned long, double>
      Reference Count: 1
      Modified Time: 1589
      Debug: Off
      Object Name: 
      Observers: 
        none
      Pointer: 0x1525ba12a010
      Container manages memory: true
      Size: 9830400
      Capacity: 9830400

     Weighting = 1
     Sampling strategy = regular
     Number of bins = 32
     Radius = 4
     Sampling percentage  = 0.25
   Transform = Affine
     Gradient step = 0.1
     Update field sigma (voxel space) = 0
     Total field sigma (voxel space) = 0
     Update field time sigma = 0
     Total field time sigma  = 0
     Number of time indices = 0
     Number of time point samples = 0
Registration using 1 total stages.

Stage 0
  iterations = 1000x500x250x100
  convergence threshold = 1e-06
  convergence window size = 10
  number of levels = 4
  using the Mattes MI metric (number of bins = 32, weight = 1, use gradient filter = 0)
  preprocessing:  winsorizing the image intensities
  Shrink factors (level 1 out of 4): [8, 8, 8]
  Shrink factors (level 2 out of 4): [4, 4, 4]
  Shrink factors (level 3 out of 4): [2, 2, 2]
  Shrink factors (level 4 out of 4): [1, 1, 1]
  smoothing sigmas per level: [3, 2, 1, 0]
  regular sampling (percentage = 0.25)

*** Running AffineTransform registration ***

DIAGNOSTIC,Iteration,metricValue,convergenceValue,ITERATION_TIME_INDEX,SINCE_LAST
 2DIAGNOSTIC,     1, -5.254519683464e-01, 1.797693134862e+308, 0.0000e+00, 0.0000e+00, 
 2DIAGNOSTIC,     2, -5.270404682530e-01, 1.797693134862e+308, 0.0000e+00, 0.0000e+00, 
 2DIAGNOSTIC,     3, -5.301344450234e-01, 1.797693134862e+308, 0.0000e+00, 0.0000e+00, 
 2DIAGNOSTIC,     4, -5.355900239493e-01, 1.797693134862e+308, 0.0000e+00, 0.0000e+00, 
 2DIAGNOSTIC,     5, -5.491549773003e-01, 1.797693134862e+308, 0.0000e+00, 0.0000e+00, 
 2DIAGNOSTIC,     6, -6.201827612382e-01, 1.797693134862e+308, 0.0000e+00, 0.0000e+00, 
 2DIAGNOSTIC,     7, -7.107753308374e-01, 1.797693134862e+308, 0.0000e+00, 0.0000e+00, 
 2DIAGNOSTIC,     8, -7.369634638347e-01, 1.797693134862e+308, 0.0000e+00, 0.0000e+00, 
 2DIAGNOSTIC,     9, -7.537278170752e-01, 1.797693134862e+308, 0.0000e+00, 0.0000e+00, 
 2DIAGNOSTIC,    10, -7.626874492694e-01, 3.064436069558e-02, 0.0000e+00, 0.0000e+00, 
 2DIAGNOSTIC,    11, -7.654031465856e-01, 2.824639626193e-02, 0.0000e+00, 0.0000e+00, 
 2DIAGNOSTIC,    12, -7.742444349876e-01, 2.413184607322e-02, 0.0000e+00, 0.0000e+00, 
 2DIAGNOSTIC,    13, -7.815471751480e-01, 1.895126663336e-02, 0.0000e+00, 0.0000e+00, 
 2DIAGNOSTIC,    14, -7.856810727894e-01, 1.326795946840e-02, 0.0000e+00, 0.0000e+00, 
 2DIAGNOSTIC,    15, -7.878672410027e-01, 7.689991637545e-03, 0.0000e+00, 0.0000e+00, 
 2DIAGNOSTIC,    16, -7.884949407051e-01, 4.027969825988e-03, 0.0000e+00, 0.0000e+00, 
 2DIAGNOSTIC,    17, -7.962937827766e-01, 2.862185701143e-03, 0.0000e+00, 0.0000e+00, 
 2DIAGNOSTIC,    18, -8.000243798113e-01, 2.245287610708e-03, 0.0000e+00, 0.0000e+00, 
 2DIAGNOSTIC,    19, -8.013339123066e-01, 1.877298866909e-03, 0.0000e+00, 0.0000e+00, 
 2DIAGNOSTIC,    20, -8.068858712689e-01, 1.673715477862e-03, 0.0000e+00, 0.0000e+00, 
 2DIAGNOSTIC,    21, -8.091111877594e-01, 1.426800110331e-03, 0.0000e+00, 0.0000e+00, 
 2DIAGNOSTIC,    22, -8.092958716366e-01, 1.231324103447e-03, 0.0000e+00, 0.0000e+00, 
 2DIAGNOSTIC,    23, -8.094450706885e-01, 1.067215847185e-03, 0.0000e+00, 0.0000e+00, 
 2DIAGNOSTIC,    24, -8.094516749647e-01, 8.875408407339e-04, 0.0000e+00, 0.0000e+00, 
 2DIAGNOSTIC,    25, -8.095478416929e-01, 6.772522176087e-04, 0.0000e+00, 0.0000e+00, 
 2DIAGNOSTIC,    26, -8.099494730153e-01, 4.337470018125e-04, 0.0000e+00, 0.0000e+00, 
 2DIAGNOSTIC,    27, -8.115297784698e-01, 3.038252594515e-04, 0.0000e+00, 0.0000e+00, 
 2DIAGNOSTIC,    28, -8.169542830111e-01, 2.821434736090e-04, 0.0000e+00, 0.0000e+00, 
 2DIAGNOSTIC,    29, -8.195739329385e-01, 2.842849585148e-04, 0.0000e+00, 0.0000e+00, 
 2DIAGNOSTIC,    30, -8.199112728761e-01, 3.341848260397e-04, 0.0000e+00, 0.0000e+00, 
 2DIAGNOSTIC,    31, -8.212252989196e-01, 3.938313550735e-04, 0.0000e+00, 0.0000e+00, 
 2DIAGNOSTIC,    32, -8.257533141543e-01, 4.677227004289e-04, 0.0000e+00, 0.0000e+00, 
 2DIAGNOSTIC,    33, -8.297844985851e-01, 5.381122298075e-04, 0.0000e+00, 0.0000e+00, 
 2DIAGNOSTIC,    34, -8.316047791249e-01, 5.725107253373e-04, 0.0000e+00, 0.0000e+00, 
 2DIAGNOSTIC,    35, -8.319091364962e-01, 5.564778891057e-04, 0.0000e+00, 0.0000e+00, 
 2DIAGNOSTIC,    36, -8.328035104429e-01, 5.033133033230e-04, 0.0000e+00, 0.0000e+00, 
 2DIAGNOSTIC,    37, -8.340766424714e-01, 4.323974108040e-04, 0.0000e+00, 0.0000e+00, 
 2DIAGNOSTIC,    38, -8.374318930281e-01, 4.092718777267e-04, 0.0000e+00, 0.0000e+00, 
 2DIAGNOSTIC,    39, -8.379820220378e-01, 3.785928310436e-04, 0.0000e+00, 0.0000e+00, 
 2DIAGNOSTIC,    40, -8.387331448496e-01, 3.248165762952e-04, 0.0000e+00, 0.0000e+00, 
 2DIAGNOSTIC,    41, -8.409933098186e-01, 2.750790963221e-04, 0.0000e+00, 0.0000e+00, 
 2DIAGNOSTIC,    42, -8.411497166783e-01, 2.415464765330e-04, 0.0000e+00, 0.0000e+00, 
 2DIAGNOSTIC,    43, -8.413851876078e-01, 2.228582452737e-04, 0.0000e+00, 0.0000e+00, 
 2DIAGNOSTIC,    44, -8.416493827049e-01, 2.016147717641e-04, 0.0000e+00, 0.0000e+00, 
 2DIAGNOSTIC,    45, -8.419069211349e-01, 1.669743992285e-04, 0.0000e+00, 0.0000e+00, 
 2DIAGNOSTIC,    46, -8.421373600733e-01, 1.268370031197e-04, 0.0000e+00, 0.0000e+00, 
 2DIAGNOSTIC,    47, -8.421974561476e-01, 8.620238880964e-05, 0.0000e+00, 0.0000e+00, 
 2DIAGNOSTIC,    48, -8.421090697130e-01, 6.433731261544e-05, 0.0000e+00, 0.0000e+00, 
 2DIAGNOSTIC,    49, -8.421486460817e-01, 4.181025287817e-05, 0.0000e+00, 0.0000e+00, 
 2DIAGNOSTIC,    50, -8.422096469496e-01, 2.175491676933e-05, 0.0000e+00, 0.0000e+00, 
 2DIAGNOSTIC,    51, -8.422953664968e-01, 1.722631607147e-05, 0.0000e+00, 0.0000e+00, 
 2DIAGNOSTIC,    52, -8.424059695820e-01, 1.315074040107e-05, 0.0000e+00, 0.0000e+00, 
 2DIAGNOSTIC,    53, -8.422614569980e-01, 8.660952530156e-06, 0.0000e+00, 0.0000e+00, 
 2DIAGNOSTIC,    54, -8.420071088353e-01, 3.665298972839e-06, 0.0000e+00, 0.0000e+00, 
DIAGNOSTIC,Iteration,metricValue,convergenceValue,ITERATION_TIME_INDEX,SINCE_LAST
 2DIAGNOSTIC,     1, -6.887643851114e-01, 1.797693134862e+308, 0.0000e+00, 0.0000e+00, 
 2DIAGNOSTIC,     2, -6.895444573212e-01, 1.797693134862e+308, 0.0000e+00, 0.0000e+00, 
 2DIAGNOSTIC,     3, -6.900690559184e-01, 1.797693134862e+308, 0.0000e+00, 0.0000e+00, 
 2DIAGNOSTIC,     4, -6.906128276741e-01, 1.797693134862e+308, 0.0000e+00, 0.0000e+00, 
 2DIAGNOSTIC,     5, -6.916725965697e-01, 1.797693134862e+308, 0.0000e+00, 0.0000e+00, 
 2DIAGNOSTIC,     6, -6.933792899902e-01, 1.797693134862e+308, 0.0000e+00, 0.0000e+00, 
 2DIAGNOSTIC,     7, -6.937110476701e-01, 1.797693134862e+308, 0.0000e+00, 0.0000e+00, 
 2DIAGNOSTIC,     8, -6.936990704295e-01, 1.797693134862e+308, 0.0000e+00, 0.0000e+00, 
 2DIAGNOSTIC,     9, -6.936803401013e-01, 1.797693134862e+308, 0.0000e+00, 0.0000e+00, 
 2DIAGNOSTIC,    10, -6.936717458989e-01, 5.288840803951e-04, 0.0000e+00, 0.0000e+00, 
 2DIAGNOSTIC,    11, -6.936654731645e-01, 3.920373065563e-04, 0.0000e+00, 0.0000e+00, 
 2DIAGNOSTIC,    12, -6.936754924632e-01, 2.700805867669e-04, 0.0000e+00, 0.0000e+00, 
 2DIAGNOSTIC,    13, -6.936839878428e-01, 1.603604501429e-04, 0.0000e+00, 0.0000e+00, 
 2DIAGNOSTIC,    14, -6.936787740596e-01, 6.766977471015e-05, 0.0000e+00, 0.0000e+00, 
 2DIAGNOSTIC,    15, -6.936781438902e-01, 9.152677845931e-06, 0.0000e+00, 0.0000e+00, 
 2DIAGNOSTIC,    16, -6.936890515108e-01, 1.121619503983e-06, 0.0000e+00, 0.0000e+00, 
 2DIAGNOSTIC,    17, -6.936745341201e-01, 1.760009455870e-06, 0.0000e+00, 0.0000e+00, 
 2DIAGNOSTIC,    18, -6.936780525515e-01, 2.161392194014e-06, 0.0000e+00, 0.0000e+00, 
 2DIAGNOSTIC,    19, -6.936747826646e-01, 2.015697488721e-06, 0.0000e+00, 0.0000e+00, 
 2DIAGNOSTIC,    20, -6.936727423156e-01, 1.641852345087e-06, 0.0000e+00, 0.0000e+00, 
 2DIAGNOSTIC,    21, -6.936761413732e-01, 1.236849745644e-06, 0.0000e+00, 0.0000e+00, 
 2DIAGNOSTIC,    22, -6.936987284849e-01, 1.497328469095e-06, 0.0000e+00, 0.0000e+00, 
 2DIAGNOSTIC,    23, -6.937170374481e-01, 2.203114014242e-06, 0.0000e+00, 0.0000e+00, 
 2DIAGNOSTIC,    24, -6.937171404732e-01, 2.682124036237e-06, 0.0000e+00, 0.0000e+00, 
 2DIAGNOSTIC,    25, -6.937266061066e-01, 3.143718516466e-06, 0.0000e+00, 0.0000e+00, 
 2DIAGNOSTIC,    26, -6.937254697781e-01, 3.552911342138e-06, 0.0000e+00, 0.0000e+00, 
 2DIAGNOSTIC,    27, -6.937072785333e-01, 3.208408917432e-06, 0.0000e+00, 0.0000e+00, 
 2DIAGNOSTIC,    28, -6.937049392069e-01, 2.720299870272e-06, 0.0000e+00, 0.0000e+00, 
 2DIAGNOSTIC,    29, -6.937080462091e-01, 2.116903908764e-06, 0.0000e+00, 0.0000e+00, 
 2DIAGNOSTIC,    30, -6.936976486910e-01, 1.286240629395e-06, 0.0000e+00, 0.0000e+00, 
DIAGNOSTIC,Iteration,metricValue,convergenceValue,ITERATION_TIME_INDEX,SINCE_LAST
 2DIAGNOSTIC,     1, -5.886862747228e-01, 1.797693134862e+308, 0.0000e+00, 0.0000e+00, 
 2DIAGNOSTIC,     2, -5.893041085094e-01, 1.797693134862e+308, 0.0000e+00, 0.0000e+00, 
 2DIAGNOSTIC,     3, -5.899775921361e-01, 1.797693134862e+308, 0.0000e+00, 0.0000e+00, 
 2DIAGNOSTIC,     4, -5.908395508566e-01, 1.797693134862e+308, 0.0000e+00, 0.0000e+00, 
 2DIAGNOSTIC,     5, -5.918349320918e-01, 1.797693134862e+308, 0.0000e+00, 0.0000e+00, 
 2DIAGNOSTIC,     6, -5.939015949213e-01, 1.797693134862e+308, 0.0000e+00, 0.0000e+00, 
 2DIAGNOSTIC,     7, -5.939062655238e-01, 1.797693134862e+308, 0.0000e+00, 0.0000e+00, 
 2DIAGNOSTIC,     8, -5.939053167163e-01, 1.797693134862e+308, 0.0000e+00, 0.0000e+00, 
 2DIAGNOSTIC,     9, -5.939019300938e-01, 1.797693134862e+308, 0.0000e+00, 0.0000e+00, 
 2DIAGNOSTIC,    10, -5.939016061255e-01, 6.639070478960e-04, 0.0000e+00, 0.0000e+00, 
 2DIAGNOSTIC,    11, -5.939010272629e-01, 4.890428868800e-04, 0.0000e+00, 0.0000e+00, 
 2DIAGNOSTIC,    12, -5.939003694570e-01, 3.244760409488e-04, 0.0000e+00, 0.0000e+00, 
 2DIAGNOSTIC,    13, -5.938996063219e-01, 1.818377481012e-04, 0.0000e+00, 0.0000e+00, 
 2DIAGNOSTIC,    14, -5.938991550152e-01, 7.272810960318e-05, 0.0000e+00, 0.0000e+00, 
 2DIAGNOSTIC,    15, -5.938984417677e-01, 1.673885647147e-06, 0.0000e+00, 0.0000e+00, 
 2DIAGNOSTIC,    16, -5.938979878251e-01, 1.476895268887e-06, 0.0000e+00, 0.0000e+00, 
 2DIAGNOSTIC,    17, -5.938982588326e-01, 1.489980170057e-06, 0.0000e+00, 0.0000e+00, 
 2DIAGNOSTIC,    18, -5.938961389366e-01, 1.457657778141e-06, 0.0000e+00, 0.0000e+00, 
 2DIAGNOSTIC,    19, -5.938955887110e-01, 1.360144459263e-06, 0.0000e+00, 0.0000e+00, 
 2DIAGNOSTIC,    20, -5.938961628240e-01, 1.308179494765e-06, 0.0000e+00, 0.0000e+00, 
 2DIAGNOSTIC,    21, -5.938955334070e-01, 1.259265397797e-06, 0.0000e+00, 0.0000e+00, 
 2DIAGNOSTIC,    22, -5.938950428194e-01, 1.214597219468e-06, 0.0000e+00, 0.0000e+00, 
 2DIAGNOSTIC,    23, -5.938937390192e-01, 1.153792287309e-06, 0.0000e+00, 0.0000e+00, 
 2DIAGNOSTIC,    24, -5.938929736599e-01, 1.096709859920e-06, 0.0000e+00, 0.0000e+00, 
 2DIAGNOSTIC,    25, -5.938908086949e-01, 1.010346292678e-06, 0.0000e+00, 0.0000e+00, 
DIAGNOSTIC,Iteration,metricValue,convergenceValue,ITERATION_TIME_INDEX,SINCE_LAST
 2DIAGNOSTIC,     1, -5.279522005574e-01, 1.797693134862e+308, 0.0000e+00, 0.0000e+00, 
 2DIAGNOSTIC,     2, -5.280110014199e-01, 1.797693134862e+308, 0.0000e+00, 0.0000e+00, 
 2DIAGNOSTIC,     3, -5.280151512113e-01, 1.797693134862e+308, 0.0000e+00, 0.0000e+00, 
 2DIAGNOSTIC,     4, -5.280149677767e-01, 1.797693134862e+308, 0.0000e+00, 0.0000e+00, 
 2DIAGNOSTIC,     5, -5.280151909666e-01, 1.797693134862e+308, 5.1200e+02, 5.1200e+02, 
