
##########################
# Experiment information #
##########################

EXPERIMENT_NAME: antsRegistration-r7-p21
VFC_BACKENDS: libinterflop_vprec.so --range-binary32=7 --precision-binary32=21 --range-binary64=7 --precision-binary64=21

SIF_IMG: /home/mdugre/projects/rrg-glatard/mdugre/containers/ants-vprec-no_metrics.simg

SUBJECT_ID: s033
INPUT_IMG: /home/mdugre/scratch/mri-registration-rp/datasets/ds004513/derivatives/mri-registration-rp/antsBrainExtraction/sub-s033/BrainExtractionBrain.nii.gz
OUTPUT_DIR: /home/mdugre/scratch/mri-registration-rp/datasets/ds004513/derivatives/mri-registration-rp/1111/antsRegistration-r7-p21/sub-s033

FIXED_IMG: /templateflow/tpl-MNI152NLin2009cAsym/tpl-MNI152NLin2009cAsym_res-01_desc-brain_T1w.nii.gz
DATA_DIR: /home/mdugre/scratch/mri-registration-rp/datasets/ds004513
TEMPLATEFLOW_DIR: /home/mdugre/projects/rrg-glatard/mdugre/templateflow
ITK_GLOBAL_DEFAULT_NUMBER_OF_THREADS: 16
##########################

Info [verificarlo]: loaded backend libinterflop_vprec.so
Info [interflop-vprec]: load backend with: 
Info [interflop-vprec]: precision-binary32 = 21
Info [interflop-vprec]: range-binary32 = 7
Info [interflop-vprec]: precision-binary64 = 21
Info [interflop-vprec]: range-binary64 = 7
Info [interflop-vprec]: mode = ob
Info [interflop-vprec]: error-mode = rel
Info [interflop-vprec]: max-abs-error-exponent = -1022
Info [interflop-vprec]: daz = false
Info [interflop-vprec]: ftz = false
Info [interflop-vprec]: 	instrument = none
Info [interflop-vprec]: 	prec-input-file = (null)
Info [interflop-vprec]: 	prec-output-file = (null)
Info [interflop-vprec]: 	prec-log-file = (null)
All_Command_lines_OK
Using double precision for computations.
=============================================================================
The composite transform comprises the following transforms (in order): 
  1. Center of mass alignment using fixed image: /templateflow/tpl-MNI152NLin2009cAsym/tpl-MNI152NLin2009cAsym_res-01_desc-brain_T1w.nii.gz and moving image: /home/mdugre/scratch/mri-registration-rp/datasets/ds004513/derivatives/mri-registration-rp/antsBrainExtraction/sub-s033/BrainExtractionBrain.nii.gz (type = Euler3DTransform)
=============================================================================
  number of levels = 1
  fixed image: /templateflow/tpl-MNI152NLin2009cAsym/tpl-MNI152NLin2009cAsym_res-01_desc-brain_T1w.nii.gz
  moving image: /home/mdugre/scratch/mri-registration-rp/datasets/ds004513/derivatives/mri-registration-rp/antsBrainExtraction/sub-s033/BrainExtractionBrain.nii.gz
Dimension = 3
Number of stages = 1
Use histogram matching = false
Winsorize image intensities = true
  Lower quantile = 0.005
  Upper quantile = 0.995


Stage 1 State
   Image metric = MattesMI
     Fixed image = Image (0x3612b20)
  RTTI typeinfo:   itk::Image<double, 3u>
  Reference Count: 2
  Modified Time: 2330
  Debug: Off
  Object Name: 
  Observers: 
    none
  Source: (none)
  Source output name: (none)
  Release Data: Off
  Data Released: False
  Global Release Data: Off
  PipelineMTime: 0
  UpdateMTime: 1941
  RealTimeStamp: 0 seconds 
  LargestPossibleRegion: 
    Dimension: 3
    Index: [0, 0, 0]
    Size: [193, 229, 193]
  BufferedRegion: 
    Dimension: 3
    Index: [0, 0, 0]
    Size: [193, 229, 193]
  RequestedRegion: 
    Dimension: 3
    Index: [0, 0, 0]
    Size: [193, 229, 193]
  Spacing: [1, 1, 1]
  Origin: [96, 132, -78]
  Direction: 
-1 0 0
0 -1 0
0 0 1

  IndexToPointMatrix: 
-1 0 0
0 -1 0
0 0 1

  PointToIndexMatrix: 
-1 0 0
0 -1 0
0 0 1

  Inverse Direction: 
-1 0 0
0 -1 0
0 0 1

  PixelContainer: 
    ImportImageContainer (0x373e650)
      RTTI typeinfo:   itk::ImportImageContainer<unsigned long, double>
      Reference Count: 1
      Modified Time: 1938
      Debug: Off
      Object Name: 
      Observers: 
        none
      Pointer: 0x14da78446010
      Container manages memory: true
      Size: 8530021
      Capacity: 8530021

     Moving image = Image (0x3614b40)
  RTTI typeinfo:   itk::Image<double, 3u>
  Reference Count: 2
  Modified Time: 2331
  Debug: Off
  Object Name: 
  Observers: 
    none
  Source: (none)
  Source output name: (none)
  Release Data: Off
  Data Released: False
  Global Release Data: Off
  PipelineMTime: 0
  UpdateMTime: 2328
  RealTimeStamp: 0 seconds 
  LargestPossibleRegion: 
    Dimension: 3
    Index: [0, 0, 0]
    Size: [160, 240, 256]
  BufferedRegion: 
    Dimension: 3
    Index: [0, 0, 0]
    Size: [160, 240, 256]
  RequestedRegion: 
    Dimension: 3
    Index: [0, 0, 0]
    Size: [160, 240, 256]
  Spacing: [1, 1, 1]
  Origin: [91.5134, 94.282, -109.927]
  Direction: 
-0.99591 -0.0698718 -0.0572835
0.0697565 -0.997556 0.00401236
-0.0574239 5.01125e-08 0.99835

  IndexToPointMatrix: 
-0.99591 -0.0698718 -0.0572835
0.0697565 -0.997556 0.00401236
-0.0574239 5.01125e-08 0.99835

  PointToIndexMatrix: 
-0.99591 0.0697565 -0.0574239
-0.0698718 -0.997556 3.57628e-07
-0.0572835 0.00401223 0.99835

  Inverse Direction: 
-0.99591 0.0697565 -0.0574239
-0.0698718 -0.997556 3.57628e-07
-0.0572835 0.00401223 0.99835

  PixelContainer: 
    ImportImageContainer (0x363c010)
      RTTI typeinfo:   itk::ImportImageContainer<unsigned long, double>
      Reference Count: 1
      Modified Time: 2325
      Debug: Off
      Object Name: 
      Observers: 
        none
      Pointer: 0x14da73945010
      Container manages memory: true
      Size: 9830400
      Capacity: 9830400

     Weighting = 1
     Sampling strategy = regular
     Number of bins = 32
     Radius = 4
     Sampling percentage  = 0.25
   Transform = Rigid
     Gradient step = 0.1
     Update field sigma (voxel space) = 0
     Total field sigma (voxel space) = 0
     Update field time sigma = 0
     Total field time sigma  = 0
     Number of time indices = 0
     Number of time point samples = 0
Registration using 1 total stages.

Stage 0
  iterations = 0
  convergence threshold = 1e-06
  convergence window size = 10
  number of levels = 1
  using the Mattes MI metric (number of bins = 32, weight = 1, use gradient filter = 0)
  preprocessing:  winsorizing the image intensities
  Shrink factors (level 1 out of 1): [1, 1, 1]
  smoothing sigmas per level: [0]
  regular sampling (percentage = 0.25)

*** Running Euler3DTransform registration ***

  Elapsed time (stage 0): 0


Total elapsed time: 0
Info [verificarlo]: loaded backend libinterflop_vprec.so
Info [interflop-vprec]: load backend with: 
Info [interflop-vprec]: precision-binary32 = 21
Info [interflop-vprec]: range-binary32 = 7
Info [interflop-vprec]: precision-binary64 = 21
Info [interflop-vprec]: range-binary64 = 7
Info [interflop-vprec]: mode = ob
Info [interflop-vprec]: error-mode = rel
Info [interflop-vprec]: max-abs-error-exponent = -1022
Info [interflop-vprec]: daz = false
Info [interflop-vprec]: ftz = false
Info [interflop-vprec]: 	instrument = none
Info [interflop-vprec]: 	prec-input-file = (null)
Info [interflop-vprec]: 	prec-output-file = (null)
Info [interflop-vprec]: 	prec-log-file = (null)
All_Command_lines_OK
Using double precision for computations.
=============================================================================
The composite transform comprises the following transforms (in order): 
  1. /home/mdugre/scratch/mri-registration-rp/datasets/ds004513/derivatives/mri-registration-rp/1111/antsRegistration-r7-p21/sub-s033/align_Composite.h5[0] (type = Euler3DTransform)
  2. /home/mdugre/scratch/mri-registration-rp/datasets/ds004513/derivatives/mri-registration-rp/1111/antsRegistration-r7-p21/sub-s033/align_Composite.h5[1] (type = Euler3DTransform)
=============================================================================
  number of levels = 4
  fixed image: /templateflow/tpl-MNI152NLin2009cAsym/tpl-MNI152NLin2009cAsym_res-01_desc-brain_T1w.nii.gz
  moving image: /home/mdugre/scratch/mri-registration-rp/datasets/ds004513/derivatives/mri-registration-rp/antsBrainExtraction/sub-s033/BrainExtractionBrain.nii.gz
Dimension = 3
Number of stages = 1
Use histogram matching = false
Winsorize image intensities = true
  Lower quantile = 0.005
  Upper quantile = 0.995


Stage 1 State
   Image metric = MattesMI
     Fixed image = Image (0x345b1e0)
  RTTI typeinfo:   itk::Image<double, 3u>
  Reference Count: 2
  Modified Time: 1578
  Debug: Off
  Object Name: 
  Observers: 
    none
  Source: (none)
  Source output name: (none)
  Release Data: Off
  Data Released: False
  Global Release Data: Off
  PipelineMTime: 0
  UpdateMTime: 1189
  RealTimeStamp: 0 seconds 
  LargestPossibleRegion: 
    Dimension: 3
    Index: [0, 0, 0]
    Size: [193, 229, 193]
  BufferedRegion: 
    Dimension: 3
    Index: [0, 0, 0]
    Size: [193, 229, 193]
  RequestedRegion: 
    Dimension: 3
    Index: [0, 0, 0]
    Size: [193, 229, 193]
  Spacing: [1, 1, 1]
  Origin: [96, 132, -78]
  Direction: 
-1 0 0
0 -1 0
0 0 1

  IndexToPointMatrix: 
-1 0 0
0 -1 0
0 0 1

  PointToIndexMatrix: 
-1 0 0
0 -1 0
0 0 1

  Inverse Direction: 
-1 0 0
0 -1 0
0 0 1

  PixelContainer: 
    ImportImageContainer (0x351a6f0)
      RTTI typeinfo:   itk::ImportImageContainer<unsigned long, double>
      Reference Count: 1
      Modified Time: 1186
      Debug: Off
      Object Name: 
      Observers: 
        none
      Pointer: 0x14fe94597010
      Container manages memory: true
      Size: 8530021
      Capacity: 8530021

     Moving image = Image (0x3516c90)
  RTTI typeinfo:   itk::Image<double, 3u>
  Reference Count: 2
  Modified Time: 1579
  Debug: Off
  Object Name: 
  Observers: 
    none
  Source: (none)
  Source output name: (none)
  Release Data: Off
  Data Released: False
  Global Release Data: Off
  PipelineMTime: 0
  UpdateMTime: 1576
  RealTimeStamp: 0 seconds 
  LargestPossibleRegion: 
    Dimension: 3
    Index: [0, 0, 0]
    Size: [160, 240, 256]
  BufferedRegion: 
    Dimension: 3
    Index: [0, 0, 0]
    Size: [160, 240, 256]
  RequestedRegion: 
    Dimension: 3
    Index: [0, 0, 0]
    Size: [160, 240, 256]
  Spacing: [1, 1, 1]
  Origin: [91.5134, 94.282, -109.927]
  Direction: 
-0.99591 -0.0698718 -0.0572835
0.0697565 -0.997556 0.00401236
-0.0574239 5.01125e-08 0.99835

  IndexToPointMatrix: 
-0.99591 -0.0698718 -0.0572835
0.0697565 -0.997556 0.00401236
-0.0574239 5.01125e-08 0.99835

  PointToIndexMatrix: 
-0.99591 0.0697565 -0.0574239
-0.0698718 -0.997556 3.57628e-07
-0.0572835 0.00401223 0.99835

  Inverse Direction: 
-0.99591 0.0697565 -0.0574239
-0.0698718 -0.997556 3.57628e-07
-0.0572835 0.00401223 0.99835

  PixelContainer: 
    ImportImageContainer (0x34d9010)
      RTTI typeinfo:   itk::ImportImageContainer<unsigned long, double>
      Reference Count: 1
      Modified Time: 1573
      Debug: Off
      Object Name: 
      Observers: 
        none
      Pointer: 0x14fe8fa96010
      Container manages memory: true
      Size: 9830400
      Capacity: 9830400

     Weighting = 1
     Sampling strategy = regular
     Number of bins = 32
     Radius = 4
     Sampling percentage  = 0.25
   Transform = Rigid
     Gradient step = 0.1
     Update field sigma (voxel space) = 0
     Total field sigma (voxel space) = 0
     Update field time sigma = 0
     Total field time sigma  = 0
     Number of time indices = 0
     Number of time point samples = 0
Registration using 1 total stages.

Stage 0
  iterations = 1000x500x250x100
  convergence threshold = 1e-06
  convergence window size = 10
  number of levels = 4
  using the Mattes MI metric (number of bins = 32, weight = 1, use gradient filter = 0)
  preprocessing:  winsorizing the image intensities
  Shrink factors (level 1 out of 4): [8, 8, 8]
  Shrink factors (level 2 out of 4): [4, 4, 4]
  Shrink factors (level 3 out of 4): [2, 2, 2]
  Shrink factors (level 4 out of 4): [1, 1, 1]
  smoothing sigmas per level: [3, 2, 1, 0]
  regular sampling (percentage = 0.25)

*** Running Euler3DTransform registration ***

DIAGNOSTIC,Iteration,metricValue,convergenceValue,ITERATION_TIME_INDEX,SINCE_LAST
 2DIAGNOSTIC,     1, -4.953001604463e-01, 1.797693134862e+308, 0.0000e+00, 0.0000e+00, 
 2DIAGNOSTIC,     2, -4.968210861589e-01, 1.797693134862e+308, 0.0000e+00, 0.0000e+00, 
 2DIAGNOSTIC,     3, -4.996771617909e-01, 1.797693134862e+308, 0.0000e+00, 0.0000e+00, 
 2DIAGNOSTIC,     4, -5.031383100653e-01, 1.797693134862e+308, 0.0000e+00, 0.0000e+00, 
 2DIAGNOSTIC,     5, -5.053659154696e-01, 1.797693134862e+308, 0.0000e+00, 0.0000e+00, 
 2DIAGNOSTIC,     6, -5.089524823162e-01, 1.797693134862e+308, 0.0000e+00, 0.0000e+00, 
 2DIAGNOSTIC,     7, -5.202337486466e-01, 1.797693134862e+308, 0.0000e+00, 0.0000e+00, 
 2DIAGNOSTIC,     8, -5.235499817043e-01, 1.797693134862e+308, 0.0000e+00, 0.0000e+00, 
 2DIAGNOSTIC,     9, -5.251035406356e-01, 1.797693134862e+308, 0.0000e+00, 0.0000e+00, 
 2DIAGNOSTIC,    10, -5.285283575122e-01, 4.637583626130e-03, 0.0000e+00, 0.0000e+00, 
 2DIAGNOSTIC,    11, -5.318347935388e-01, 4.337416618170e-03, 0.0000e+00, 0.0000e+00, 
 2DIAGNOSTIC,    12, -5.348992624274e-01, 3.899401703778e-03, 0.0000e+00, 0.0000e+00, 
 2DIAGNOSTIC,    13, -5.469778401833e-01, 3.801682051977e-03, 0.0000e+00, 0.0000e+00, 
 2DIAGNOSTIC,    14, -5.484241908226e-01, 3.560654095478e-03, 0.0000e+00, 0.0000e+00, 
 2DIAGNOSTIC,    15, -5.558189175037e-01, 3.382445044291e-03, 0.0000e+00, 0.0000e+00, 
 2DIAGNOSTIC,    16, -5.590265337352e-01, 3.136996180803e-03, 0.0000e+00, 0.0000e+00, 
 2DIAGNOSTIC,    17, -5.617940005130e-01, 3.076823123079e-03, 0.0000e+00, 0.0000e+00, 
 2DIAGNOSTIC,    18, -5.641324215244e-01, 2.906401492246e-03, 0.0000e+00, 0.0000e+00, 
 2DIAGNOSTIC,    19, -5.665503158911e-01, 2.595828367285e-03, 0.0000e+00, 0.0000e+00, 
 2DIAGNOSTIC,    20, -5.677995778900e-01, 2.202679319044e-03, 0.0000e+00, 0.0000e+00, 
 2DIAGNOSTIC,    21, -5.688777978691e-01, 1.756462610012e-03, 0.0000e+00, 0.0000e+00, 
 2DIAGNOSTIC,    22, -5.714933228760e-01, 1.320611101014e-03, 0.0000e+00, 0.0000e+00, 
 2DIAGNOSTIC,    23, -5.803998062133e-01, 1.283780361750e-03, 0.0000e+00, 0.0000e+00, 
 2DIAGNOSTIC,    24, -6.007610332290e-01, 1.598178952496e-03, 0.0000e+00, 0.0000e+00, 
 2DIAGNOSTIC,    25, -6.044396239438e-01, 1.956709676413e-03, 0.0000e+00, 0.0000e+00, 
 2DIAGNOSTIC,    26, -6.113073709075e-01, 2.307283382991e-03, 0.0000e+00, 0.0000e+00, 
 2DIAGNOSTIC,    27, -6.276268264394e-01, 2.777836390006e-03, 0.0000e+00, 0.0000e+00, 
 2DIAGNOSTIC,    28, -6.399231688042e-01, 3.205468537175e-03, 0.0000e+00, 0.0000e+00, 
 2DIAGNOSTIC,    29, -6.413620808197e-01, 3.358647326299e-03, 0.0000e+00, 0.0000e+00, 
 2DIAGNOSTIC,    30, -6.434694432612e-01, 3.246892981878e-03, 0.0000e+00, 0.0000e+00, 
 2DIAGNOSTIC,    31, -6.448043804474e-01, 2.882351606261e-03, 0.0000e+00, 0.0000e+00, 
 2DIAGNOSTIC,    32, -6.450600888111e-01, 2.312877942600e-03, 0.0000e+00, 0.0000e+00, 
 2DIAGNOSTIC,    33, -6.461378112326e-01, 1.706322432613e-03, 0.0000e+00, 0.0000e+00, 
 2DIAGNOSTIC,    34, -6.470505528946e-01, 1.294432743683e-03, 0.0000e+00, 0.0000e+00, 
 2DIAGNOSTIC,    35, -6.472044429872e-01, 8.434568623251e-04, 0.0000e+00, 0.0000e+00, 
 2DIAGNOSTIC,    36, -6.472266728962e-01, 4.318097345739e-04, 0.0000e+00, 0.0000e+00, 
 2DIAGNOSTIC,    37, -6.471552032514e-01, 2.176108385768e-04, 0.0000e+00, 0.0000e+00, 
 2DIAGNOSTIC,    38, -6.471774794508e-01, 1.551770610117e-04, 0.0000e+00, 0.0000e+00, 
 2DIAGNOSTIC,    39, -6.472636362042e-01, 1.001185745426e-04, 0.0000e+00, 0.0000e+00, 
 2DIAGNOSTIC,    40, -6.472890717040e-01, 6.449508335233e-05, 0.0000e+00, 0.0000e+00, 
 2DIAGNOSTIC,    41, -6.472238714385e-01, 4.013024101059e-05, 0.0000e+00, 0.0000e+00, 
 2DIAGNOSTIC,    42, -6.473247363736e-01, 1.730262215921e-05, 0.0000e+00, 0.0000e+00, 
 2DIAGNOSTIC,    43, -6.474180814414e-01, 7.007299147814e-06, 0.0000e+00, 0.0000e+00, 
 2DIAGNOSTIC,    44, -6.474585389482e-01, 7.039272170269e-06, 0.0000e+00, 0.0000e+00, 
 2DIAGNOSTIC,    45, -6.474584650334e-01, 8.127549123268e-06, 0.0000e+00, 0.0000e+00, 
 2DIAGNOSTIC,    46, -6.474590853824e-01, 8.768773263137e-06, 0.0000e+00, 0.0000e+00, 
 2DIAGNOSTIC,    47, -6.474608314686e-01, 7.896923402185e-06, 0.0000e+00, 0.0000e+00, 
 2DIAGNOSTIC,    48, -6.474633546412e-01, 6.575619298895e-06, 0.0000e+00, 0.0000e+00, 
 2DIAGNOSTIC,    49, -6.474679894723e-01, 5.633624561154e-06, 0.0000e+00, 0.0000e+00, 
 2DIAGNOSTIC,    50, -6.474747045080e-01, 4.611574617536e-06, 0.0000e+00, 0.0000e+00, 
 2DIAGNOSTIC,    51, -6.474754545732e-01, 2.642715338317e-06, 0.0000e+00, 0.0000e+00, 
 2DIAGNOSTIC,    52, -6.474816901850e-01, 1.531862342329e-06, 0.0000e+00, 0.0000e+00, 
 2DIAGNOSTIC,    53, -6.474823309704e-01, 1.216918312740e-06, 0.0000e+00, 0.0000e+00, 
 2DIAGNOSTIC,    54, -6.474859600522e-01, 1.248791200704e-06, 0.0000e+00, 0.0000e+00, 
 2DIAGNOSTIC,    55, -6.474863470431e-01, 1.222935249415e-06, 0.0000e+00, 0.0000e+00, 
 2DIAGNOSTIC,    56, -6.474864532642e-01, 1.147343477677e-06, 0.0000e+00, 0.0000e+00, 
 2DIAGNOSTIC,    57, -6.474867571931e-01, 1.040874296969e-06, 0.0000e+00, 0.0000e+00, 
DIAGNOSTIC,Iteration,metricValue,convergenceValue,ITERATION_TIME_INDEX,SINCE_LAST
 2DIAGNOSTIC,     1, -5.362517605501e-01, 1.797693134862e+308, 0.0000e+00, 0.0000e+00, 
 2DIAGNOSTIC,     2, -5.372887795506e-01, 1.797693134862e+308, 0.0000e+00, 0.0000e+00, 
 2DIAGNOSTIC,     3, -5.387720615068e-01, 1.797693134862e+308, 0.0000e+00, 0.0000e+00, 
 2DIAGNOSTIC,     4, -5.407777917273e-01, 1.797693134862e+308, 0.0000e+00, 0.0000e+00, 
 2DIAGNOSTIC,     5, -5.420777113524e-01, 1.797693134862e+308, 0.0000e+00, 0.0000e+00, 
 2DIAGNOSTIC,     6, -5.439937723124e-01, 1.797693134862e+308, 0.0000e+00, 0.0000e+00, 
 2DIAGNOSTIC,     7, -5.448881842996e-01, 1.797693134862e+308, 0.0000e+00, 0.0000e+00, 
 2DIAGNOSTIC,     8, -5.449088370944e-01, 1.797693134862e+308, 0.0000e+00, 0.0000e+00, 
 2DIAGNOSTIC,     9, -5.449357022053e-01, 1.797693134862e+308, 0.0000e+00, 0.0000e+00, 
 2DIAGNOSTIC,    10, -5.449415894103e-01, 1.152572798442e-03, 0.0000e+00, 0.0000e+00, 
 2DIAGNOSTIC,    11, -5.449489311281e-01, 8.339561821680e-04, 0.0000e+00, 0.0000e+00, 
 2DIAGNOSTIC,    12, -5.449465903877e-01, 5.385506352648e-04, 0.0000e+00, 0.0000e+00, 
 2DIAGNOSTIC,    13, -5.449548734193e-01, 2.999494709583e-04, 0.0000e+00, 0.0000e+00, 
 2DIAGNOSTIC,    14, -5.449401395043e-01, 1.430183772387e-04, 0.0000e+00, 0.0000e+00, 
 2DIAGNOSTIC,    15, -5.449383972180e-01, 3.803067878941e-05, 0.0000e+00, 0.0000e+00, 
 2DIAGNOSTIC,    16, -5.449516287058e-01, 5.209640671647e-06, 0.0000e+00, 0.0000e+00, 
 2DIAGNOSTIC,    17, -5.449819682319e-01, 4.405752717644e-06, 0.0000e+00, 0.0000e+00, 
 2DIAGNOSTIC,    18, -5.450000408052e-01, 4.543228668948e-06, 0.0000e+00, 0.0000e+00, 
 2DIAGNOSTIC,    19, -5.449901717849e-01, 4.882311556154e-06, 0.0000e+00, 0.0000e+00, 
 2DIAGNOSTIC,    20, -5.449860999213e-01, 4.961671463868e-06, 0.0000e+00, 0.0000e+00, 
 2DIAGNOSTIC,    21, -5.450050708358e-01, 5.372458512641e-06, 0.0000e+00, 0.0000e+00, 
 2DIAGNOSTIC,    22, -5.450123285085e-01, 5.459686215327e-06, 0.0000e+00, 0.0000e+00, 
 2DIAGNOSTIC,    23, -5.449954486817e-01, 4.973280685439e-06, 0.0000e+00, 0.0000e+00, 
 2DIAGNOSTIC,    24, -5.449895170534e-01, 3.778346469481e-06, 0.0000e+00, 0.0000e+00, 
 2DIAGNOSTIC,    25, -5.449857785079e-01, 2.343144525685e-06, 0.0000e+00, 0.0000e+00, 
 2DIAGNOSTIC,    26, -5.449976416307e-01, 1.394916363834e-06, 0.0000e+00, 0.0000e+00, 
 2DIAGNOSTIC,    27, -5.450200975781e-01, 1.497759664924e-06, 0.0000e+00, 0.0000e+00, 
 2DIAGNOSTIC,    28, -5.450308481230e-01, 2.106300403260e-06, 0.0000e+00, 0.0000e+00, 
 2DIAGNOSTIC,    29, -5.450584214466e-01, 2.914872013204e-06, 0.0000e+00, 0.0000e+00, 
 2DIAGNOSTIC,    30, -5.450393313452e-01, 3.077366193364e-06, 0.0000e+00, 0.0000e+00, 
 2DIAGNOSTIC,    31, -5.450572009075e-01, 3.664255306630e-06, 0.0000e+00, 0.0000e+00, 
 2DIAGNOSTIC,    32, -5.450743406796e-01, 4.356435713393e-06, 0.0000e+00, 0.0000e+00, 
 2DIAGNOSTIC,    33, -5.450811771716e-01, 4.518899119774e-06, 0.0000e+00, 0.0000e+00, 
 2DIAGNOSTIC,    34, -5.451340163452e-01, 5.062667316907e-06, 0.0000e+00, 0.0000e+00, 
 2DIAGNOSTIC,    35, -5.452342564293e-01, 6.610198206781e-06, 0.0000e+00, 0.0000e+00, 
 2DIAGNOSTIC,    36, -5.453472427335e-01, 9.304993246990e-06, 0.0000e+00, 0.0000e+00, 
 2DIAGNOSTIC,    37, -5.456031790371e-01, 1.495605385220e-05, 0.0000e+00, 0.0000e+00, 
 2DIAGNOSTIC,    38, -5.462766188908e-01, 2.829344998922e-05, 0.0000e+00, 0.0000e+00, 
 2DIAGNOSTIC,    39, -5.474147869002e-01, 5.373707904378e-05, 0.0000e+00, 0.0000e+00, 
 2DIAGNOSTIC,    40, -5.477903839885e-01, 7.720964006443e-05, 0.0000e+00, 0.0000e+00, 
 2DIAGNOSTIC,    41, -5.478744561954e-01, 9.367901044667e-05, 0.0000e+00, 0.0000e+00, 
 2DIAGNOSTIC,    42, -5.479869211644e-01, 1.022923101162e-04, 0.0000e+00, 0.0000e+00, 
 2DIAGNOSTIC,    43, -5.481805456427e-01, 1.031000917418e-04, 0.0000e+00, 0.0000e+00, 
 2DIAGNOSTIC,    44, -5.481957048387e-01, 9.461807507990e-05, 0.0000e+00, 0.0000e+00, 
 2DIAGNOSTIC,    45, -5.481748567311e-01, 7.849937271558e-05, 0.0000e+00, 0.0000e+00, 
 2DIAGNOSTIC,    46, -5.481853395483e-01, 5.727035656202e-05, 0.0000e+00, 0.0000e+00, 
 2DIAGNOSTIC,    47, -5.481659765250e-01, 3.412971305272e-05, 0.0000e+00, 0.0000e+00, 
 2DIAGNOSTIC,    48, -5.481669996282e-01, 1.575525302449e-05, 0.0000e+00, 0.0000e+00, 
 2DIAGNOSTIC,    49, -5.481683467890e-01, 8.719788118942e-06, 0.0000e+00, 0.0000e+00, 
 2DIAGNOSTIC,    50, -5.481807241739e-01, 5.260492457946e-06, 0.0000e+00, 0.0000e+00, 
 2DIAGNOSTIC,    51, -5.482324463055e-01, 2.872427401560e-06, 0.0000e+00, 0.0000e+00, 
 2DIAGNOSTIC,    52, -5.482294536501e-01, 1.391194651004e-06, 0.0000e+00, 0.0000e+00, 
 2DIAGNOSTIC,    53, -5.482763188980e-01, 2.260934685097e-06, 0.0000e+00, 0.0000e+00, 
 2DIAGNOSTIC,    54, -5.482791580106e-01, 3.111027478277e-06, 0.0000e+00, 0.0000e+00, 
 2DIAGNOSTIC,    55, -5.482788026757e-01, 3.482701010946e-06, 0.0000e+00, 0.0000e+00, 
 2DIAGNOSTIC,    56, -5.482729297286e-01, 3.609856712748e-06, 0.0000e+00, 0.0000e+00, 
 2DIAGNOSTIC,    57, -5.482571507985e-01, 3.120114483775e-06, 0.0000e+00, 0.0000e+00, 
 2DIAGNOSTIC,    58, -5.482618907714e-01, 2.458015200348e-06, 0.0000e+00, 0.0000e+00, 
 2DIAGNOSTIC,    59, -5.482655346867e-01, 1.675506970136e-06, 0.0000e+00, 0.0000e+00, 
DIAGNOSTIC,Iteration,metricValue,convergenceValue,ITERATION_TIME_INDEX,SINCE_LAST
 2DIAGNOSTIC,     1, -4.661801936605e-01, 1.797693134862e+308, 0.0000e+00, 0.0000e+00, 
 2DIAGNOSTIC,     2, -4.663371117112e-01, 1.797693134862e+308, 0.0000e+00, 0.0000e+00, 
 2DIAGNOSTIC,     3, -4.664758690690e-01, 1.797693134862e+308, 0.0000e+00, 0.0000e+00, 
 2DIAGNOSTIC,     4, -4.666007685442e-01, 1.797693134862e+308, 0.0000e+00, 0.0000e+00, 
 2DIAGNOSTIC,     5, -4.667080223526e-01, 1.797693134862e+308, 0.0000e+00, 0.0000e+00, 
 2DIAGNOSTIC,     6, -4.668562236684e-01, 1.797693134862e+308, 0.0000e+00, 0.0000e+00, 
 2DIAGNOSTIC,     7, -4.669583031548e-01, 1.797693134862e+308, 0.0000e+00, 0.0000e+00, 
 2DIAGNOSTIC,     8, -4.672444922860e-01, 1.797693134862e+308, 0.0000e+00, 0.0000e+00, 
 2DIAGNOSTIC,     9, -4.675037482131e-01, 1.797693134862e+308, 0.0000e+00, 0.0000e+00, 
 2DIAGNOSTIC,    10, -4.675034061387e-01, 1.902970974154e-04, 0.0000e+00, 0.0000e+00, 
 2DIAGNOSTIC,    11, -4.675082342273e-01, 1.672564866800e-04, 0.0000e+00, 0.0000e+00, 
 2DIAGNOSTIC,    12, -4.675060537632e-01, 1.411738721332e-04, 0.0000e+00, 0.0000e+00, 
 2DIAGNOSTIC,    13, -4.675024263389e-01, 1.126507026435e-04, 0.0000e+00, 0.0000e+00, 
 2DIAGNOSTIC,    14, -4.675017845195e-01, 8.338568128695e-05, 0.0000e+00, 0.0000e+00, 
 2DIAGNOSTIC,    15, -4.675034539858e-01, 5.506519776427e-05, 0.0000e+00, 0.0000e+00, 
 2DIAGNOSTIC,    16, -4.675032699667e-01, 3.123621033065e-05, 0.0000e+00, 0.0000e+00, 
 2DIAGNOSTIC,    17, -4.675017402617e-01, 1.093925688583e-05, 0.0000e+00, 0.0000e+00, 
 2DIAGNOSTIC,    18, -4.675012741064e-01, 1.475590187421e-06, 0.0000e+00, 0.0000e+00, 
 2DIAGNOSTIC,    19, -4.675008559249e-01, 1.325673761952e-06, 0.0000e+00, 0.0000e+00, 
 2DIAGNOSTIC,    20, -4.675000954815e-01, 1.181782909920e-06, 0.0000e+00, 0.0000e+00, 
 2DIAGNOSTIC,    21, -4.674997359881e-01, 1.220000659531e-06, 0.0000e+00, 0.0000e+00, 
 2DIAGNOSTIC,    22, -4.674993748090e-01, 1.216295516186e-06, 0.0000e+00, 0.0000e+00, 
 2DIAGNOSTIC,    23, -4.675008567184e-01, 1.179077452666e-06, 0.0000e+00, 0.0000e+00, 
 2DIAGNOSTIC,    24, -4.675008200645e-01, 1.144188824000e-06, 0.0000e+00, 0.0000e+00, 
 2DIAGNOSTIC,    25, -4.675009819622e-01, 1.174093339162e-06, 0.0000e+00, 0.0000e+00, 
 2DIAGNOSTIC,    26, -4.675007454210e-01, 1.202743732741e-06, 0.0000e+00, 0.0000e+00, 
 2DIAGNOSTIC,    27, -4.674999676150e-01, 1.179579793918e-06, 0.0000e+00, 0.0000e+00, 
 2DIAGNOSTIC,    28, -4.674999351633e-01, 1.147204951035e-06, 0.0000e+00, 0.0000e+00, 
 2DIAGNOSTIC,    29, -4.674999804306e-01, 1.108248298146e-06, 0.0000e+00, 0.0000e+00, 
 2DIAGNOSTIC,    30, -4.674999662504e-01, 1.055577665089e-06, 0.0000e+00, 0.0000e+00, 
 2DIAGNOSTIC,    31, -4.674999994911e-01, 1.001203212843e-06, 0.0000e+00, 0.0000e+00, 
DIAGNOSTIC,Iteration,metricValue,convergenceValue,ITERATION_TIME_INDEX,SINCE_LAST
 2DIAGNOSTIC,     1, -4.259670973125e-01, 1.797693134862e+308, 0.0000e+00, 0.0000e+00, 
 2DIAGNOSTIC,     2, -4.260411732301e-01, 1.797693134862e+308, 0.0000e+00, 0.0000e+00, 
 2DIAGNOSTIC,     3, -4.260412750271e-01, 1.797693134862e+308, 0.0000e+00, 0.0000e+00, 
 2DIAGNOSTIC,     4, -4.260410692617e-01, 1.797693134862e+308, 0.0000e+00, 0.0000e+00, 
 2DIAGNOSTIC,     5, -4.260410367717e-01, 1.797693134862e+308, 0.0000e+00, 0.0000e+00, 
 2DIAGNOSTIC,     6, -4.260409412037e-01, 1.797693134862e+308, 0.0000e+00, 0.0000e+00, 
 2DIAGNOSTIC,     7, -4.260407395120e-01, 1.797693134862e+308, 0.0000e+00, 0.0000e+00, 
 2DIAGNOSTIC,     8, -4.260407535341e-01, 1.797693134862e+308, 0.0000e+00, 0.0000e+00, 
 2DIAGNOSTIC,     9, -4.260407518796e-01, 1.797693134862e+308, 0.0000e+00, 0.0000e+00, 
 2DIAGNOSTIC,    10, -4.260407463092e-01, 8.037924953422e-06, 0.0000e+00, 0.0000e+00, 
 2DIAGNOSTIC,    11, -4.260407450377e-01, 2.817957224940e-06, 0.0000e+00, 0.0000e+00, 
 2DIAGNOSTIC,    12, -4.260407261158e-01, 2.591813104469e-06, 0.0000e+00, 0.0000e+00, 
 2DIAGNOSTIC,    13, -4.260407254383e-01, 2.411534624921e-06, 0.0000e+00, 0.0000e+00, 
 2DIAGNOSTIC,    14, -4.260407254383e-01, 2.250523282746e-06, 0.0000e+00, 0.0000e+00, 
 2DIAGNOSTIC,    15, -4.260407003311e-01, 2.110669794886e-06, 0.0000e+00, 0.0000e+00, 
 2DIAGNOSTIC,    16, -4.260407003311e-01, 1.985757728418e-06, 0.0000e+00, 0.0000e+00, 
 2DIAGNOSTIC,    17, -4.260407003311e-01, 1.868056933051e-06, 0.0000e+00, 0.0000e+00, 
 2DIAGNOSTIC,    18, -4.260407003311e-01, 1.764446915471e-06, 0.0000e+00, 0.0000e+00, 
 2DIAGNOSTIC,    19, -4.260407003311e-01, 1.672146989901e-06, 0.0000e+00, 0.0000e+00, 
 2DIAGNOSTIC,    20, -4.260407007328e-01, 1.589300359116e-06, 0.0000e+00, 0.0000e+00, 
 2DIAGNOSTIC,    21, -4.260406317251e-01, 1.512429975557e-06, 0.0000e+00, 0.0000e+00, 
 2DIAGNOSTIC,    22, -4.260406317251e-01, 1.442418504936e-06, 0.0000e+00, 0.0000e+00, 
 2DIAGNOSTIC,    23, -4.260406317251e-01, 1.378939982477e-06, 0.0000e+00, 0.0000e+00, 
 2DIAGNOSTIC,    24, -4.260406274616e-01, 1.321169790652e-06, 0.0000e+00, 0.0000e+00, 
 2DIAGNOSTIC,    25, -4.260406274616e-01, 1.267917056590e-06, 0.0000e+00, 0.0000e+00, 
 2DIAGNOSTIC,    26, -4.260406274616e-01, 1.219361747594e-06, 0.0000e+00, 0.0000e+00, 
 2DIAGNOSTIC,    27, -4.260406274616e-01, 1.174939456540e-06, 0.0000e+00, 0.0000e+00, 
 2DIAGNOSTIC,    28, -4.260406274616e-01, 1.134106600569e-06, 0.0000e+00, 0.0000e+00, 
 2DIAGNOSTIC,    29, -4.260406274616e-01, 1.096392842147e-06, 0.0000e+00, 0.0000e+00, 
 2DIAGNOSTIC,    30, -4.260406111479e-01, 1.061062214987e-06, 0.0000e+00, 0.0000e+00, 
 2DIAGNOSTIC,    31, -4.260406111479e-01, 1.026591987641e-06, 0.0000e+00, 0.0000e+00, 
  Elapsed time (stage 0): 0.0000e+00


Total elapsed time: 0.0000e+00
Info [verificarlo]: loaded backend libinterflop_vprec.so
Info [interflop-vprec]: load backend with: 
Info [interflop-vprec]: precision-binary32 = 21
Info [interflop-vprec]: range-binary32 = 7
Info [interflop-vprec]: precision-binary64 = 21
Info [interflop-vprec]: range-binary64 = 7
Info [interflop-vprec]: mode = ob
Info [interflop-vprec]: error-mode = rel
Info [interflop-vprec]: max-abs-error-exponent = -1022
Info [interflop-vprec]: daz = false
Info [interflop-vprec]: ftz = false
Info [interflop-vprec]: 	instrument = none
Info [interflop-vprec]: 	prec-input-file = (null)
Info [interflop-vprec]: 	prec-output-file = (null)
Info [interflop-vprec]: 	prec-log-file = (null)
All_Command_lines_OK
Using double precision for computations.
=============================================================================
The composite transform comprises the following transforms (in order): 
  1. /home/mdugre/scratch/mri-registration-rp/datasets/ds004513/derivatives/mri-registration-rp/1111/antsRegistration-r7-p21/sub-s033/rigid_Composite.h5[0] (type = Euler3DTransform)
  2. /home/mdugre/scratch/mri-registration-rp/datasets/ds004513/derivatives/mri-registration-rp/1111/antsRegistration-r7-p21/sub-s033/rigid_Composite.h5[1] (type = Euler3DTransform)
  3. /home/mdugre/scratch/mri-registration-rp/datasets/ds004513/derivatives/mri-registration-rp/1111/antsRegistration-r7-p21/sub-s033/rigid_Composite.h5[2] (type = Euler3DTransform)
=============================================================================
  number of levels = 4
  fixed image: /templateflow/tpl-MNI152NLin2009cAsym/tpl-MNI152NLin2009cAsym_res-01_desc-brain_T1w.nii.gz
  moving image: /home/mdugre/scratch/mri-registration-rp/datasets/ds004513/derivatives/mri-registration-rp/antsBrainExtraction/sub-s033/BrainExtractionBrain.nii.gz
Dimension = 3
Number of stages = 1
Use histogram matching = false
Winsorize image intensities = true
  Lower quantile = 0.005
  Upper quantile = 0.995


Stage 1 State
   Image metric = MattesMI
     Fixed image = Image (0x415c490)
  RTTI typeinfo:   itk::Image<double, 3u>
  Reference Count: 2
  Modified Time: 1592
  Debug: Off
  Object Name: 
  Observers: 
    none
  Source: (none)
  Source output name: (none)
  Release Data: Off
  Data Released: False
  Global Release Data: Off
  PipelineMTime: 0
  UpdateMTime: 1203
  RealTimeStamp: 0 seconds 
  LargestPossibleRegion: 
    Dimension: 3
    Index: [0, 0, 0]
    Size: [193, 229, 193]
  BufferedRegion: 
    Dimension: 3
    Index: [0, 0, 0]
    Size: [193, 229, 193]
  RequestedRegion: 
    Dimension: 3
    Index: [0, 0, 0]
    Size: [193, 229, 193]
  Spacing: [1, 1, 1]
  Origin: [96, 132, -78]
  Direction: 
-1 0 0
0 -1 0
0 0 1

  IndexToPointMatrix: 
-1 0 0
0 -1 0
0 0 1

  PointToIndexMatrix: 
-1 0 0
0 -1 0
0 0 1

  Inverse Direction: 
-1 0 0
0 -1 0
0 0 1

  PixelContainer: 
    ImportImageContainer (0x41d58b0)
      RTTI typeinfo:   itk::ImportImageContainer<unsigned long, double>
      Reference Count: 1
      Modified Time: 1200
      Debug: Off
      Object Name: 
      Observers: 
        none
      Pointer: 0x1541d58eb010
      Container manages memory: true
      Size: 8530021
      Capacity: 8530021

     Moving image = Image (0x422aa40)
  RTTI typeinfo:   itk::Image<double, 3u>
  Reference Count: 2
  Modified Time: 1593
  Debug: Off
  Object Name: 
  Observers: 
    none
  Source: (none)
  Source output name: (none)
  Release Data: Off
  Data Released: False
  Global Release Data: Off
  PipelineMTime: 0
  UpdateMTime: 1590
  RealTimeStamp: 0 seconds 
  LargestPossibleRegion: 
    Dimension: 3
    Index: [0, 0, 0]
    Size: [160, 240, 256]
  BufferedRegion: 
    Dimension: 3
    Index: [0, 0, 0]
    Size: [160, 240, 256]
  RequestedRegion: 
    Dimension: 3
    Index: [0, 0, 0]
    Size: [160, 240, 256]
  Spacing: [1, 1, 1]
  Origin: [91.5134, 94.282, -109.927]
  Direction: 
-0.99591 -0.0698718 -0.0572835
0.0697565 -0.997556 0.00401236
-0.0574239 5.01125e-08 0.99835

  IndexToPointMatrix: 
-0.99591 -0.0698718 -0.0572835
0.0697565 -0.997556 0.00401236
-0.0574239 5.01125e-08 0.99835

  PointToIndexMatrix: 
-0.99591 0.0697565 -0.0574239
-0.0698718 -0.997556 3.57628e-07
-0.0572835 0.00401223 0.99835

  Inverse Direction: 
-0.99591 0.0697565 -0.0574239
-0.0698718 -0.997556 3.57628e-07
-0.0572835 0.00401223 0.99835

  PixelContainer: 
    ImportImageContainer (0x41d9d50)
      RTTI typeinfo:   itk::ImportImageContainer<unsigned long, double>
      Reference Count: 1
      Modified Time: 1587
      Debug: Off
      Object Name: 
      Observers: 
        none
      Pointer: 0x1541d0dea010
      Container manages memory: true
      Size: 9830400
      Capacity: 9830400

     Weighting = 1
     Sampling strategy = regular
     Number of bins = 32
     Radius = 4
     Sampling percentage  = 0.25
   Transform = Affine
     Gradient step = 0.1
     Update field sigma (voxel space) = 0
     Total field sigma (voxel space) = 0
     Update field time sigma = 0
     Total field time sigma  = 0
     Number of time indices = 0
     Number of time point samples = 0
Registration using 1 total stages.

Stage 0
  iterations = 1000x500x250x100
  convergence threshold = 1e-06
  convergence window size = 10
  number of levels = 4
  using the Mattes MI metric (number of bins = 32, weight = 1, use gradient filter = 0)
  preprocessing:  winsorizing the image intensities
  Shrink factors (level 1 out of 4): [8, 8, 8]
  Shrink factors (level 2 out of 4): [4, 4, 4]
  Shrink factors (level 3 out of 4): [2, 2, 2]
  Shrink factors (level 4 out of 4): [1, 1, 1]
  smoothing sigmas per level: [3, 2, 1, 0]
  regular sampling (percentage = 0.25)

*** Running AffineTransform registration ***

DIAGNOSTIC,Iteration,metricValue,convergenceValue,ITERATION_TIME_INDEX,SINCE_LAST
 2DIAGNOSTIC,     1, -6.382514793371e-01, 1.797693134862e+308, 0.0000e+00, 0.0000e+00, 
 2DIAGNOSTIC,     2, -6.409013157294e-01, 1.797693134862e+308, 0.0000e+00, 0.0000e+00, 
 2DIAGNOSTIC,     3, -6.446982558616e-01, 1.797693134862e+308, 0.0000e+00, 0.0000e+00, 
 2DIAGNOSTIC,     4, -6.517897829636e-01, 1.797693134862e+308, 0.0000e+00, 0.0000e+00, 
 2DIAGNOSTIC,     5, -6.630609869179e-01, 1.797693134862e+308, 0.0000e+00, 0.0000e+00, 
 2DIAGNOSTIC,     6, -6.831951956663e-01, 1.797693134862e+308, 0.0000e+00, 0.0000e+00, 
 2DIAGNOSTIC,     7, -7.172642325170e-01, 1.797693134862e+308, 0.0000e+00, 0.0000e+00, 
 2DIAGNOSTIC,     8, -8.385813857617e-01, 1.797693134862e+308, 0.0000e+00, 0.0000e+00, 
 2DIAGNOSTIC,     9, -8.700865187159e-01, 1.797693134862e+308, 0.0000e+00, 0.0000e+00, 
 2DIAGNOSTIC,    10, -8.768054072261e-01, 2.395283041802e-02, 0.0000e+00, 0.0000e+00, 
 2DIAGNOSTIC,    11, -8.931433095561e-01, 2.436516625653e-02, 0.0000e+00, 0.0000e+00, 
 2DIAGNOSTIC,    12, -9.061222157496e-01, 2.298296955854e-02, 0.0000e+00, 0.0000e+00, 
 2DIAGNOSTIC,    13, -9.060131016260e-01, 1.985612018172e-02, 0.0000e+00, 0.0000e+00, 
 2DIAGNOSTIC,    14, -9.061193421217e-01, 1.565827359460e-02, 0.0000e+00, 0.0000e+00, 
 2DIAGNOSTIC,    15, -9.061188467208e-01, 1.100969737592e-02, 0.0000e+00, 0.0000e+00, 
 2DIAGNOSTIC,    16, -9.060243560922e-01, 6.492564166929e-03, 0.0000e+00, 0.0000e+00, 
 2DIAGNOSTIC,    17, -9.062894192275e-01, 2.638319805872e-03, 0.0000e+00, 0.0000e+00, 
 2DIAGNOSTIC,    18, -9.064291465239e-01, 1.400544247237e-03, 0.0000e+00, 0.0000e+00, 
 2DIAGNOSTIC,    19, -9.063900421798e-01, 7.659323519351e-04, 0.0000e+00, 0.0000e+00, 
 2DIAGNOSTIC,    20, -9.062123437808e-01, 2.403218224479e-04, 0.0000e+00, 0.0000e+00, 
 2DIAGNOSTIC,    21, -9.062498662943e-01, 1.293679865325e-05, 0.0000e+00, 0.0000e+00, 
 2DIAGNOSTIC,    22, -9.066312167211e-01, 1.717691447287e-05, 0.0000e+00, 0.0000e+00, 
 2DIAGNOSTIC,    23, -9.069469100374e-01, 2.233512815920e-05, 0.0000e+00, 0.0000e+00, 
 2DIAGNOSTIC,    24, -9.071793659545e-01, 2.991919434306e-05, 0.0000e+00, 0.0000e+00, 
 2DIAGNOSTIC,    25, -9.071296841537e-01, 3.369236681901e-05, 0.0000e+00, 0.0000e+00, 
 2DIAGNOSTIC,    26, -9.073007770254e-01, 3.514313519203e-05, 0.0000e+00, 0.0000e+00, 
 2DIAGNOSTIC,    27, -9.074799047892e-01, 3.867132498012e-05, 0.0000e+00, 0.0000e+00, 
 2DIAGNOSTIC,    28, -9.074848793853e-01, 4.001462734257e-05, 0.0000e+00, 0.0000e+00, 
 2DIAGNOSTIC,    29, -9.074917973389e-01, 3.736632771050e-05, 0.0000e+00, 0.0000e+00, 
 2DIAGNOSTIC,    30, -9.074996434559e-01, 2.971120000629e-05, 0.0000e+00, 0.0000e+00, 
 2DIAGNOSTIC,    31, -9.073540924359e-01, 1.864459505430e-05, 0.0000e+00, 0.0000e+00, 
 2DIAGNOSTIC,    32, -9.072037520903e-01, 9.009513944433e-06, 0.0000e+00, 0.0000e+00, 
 2DIAGNOSTIC,    33, -9.072036878140e-01, 2.415208901957e-06, 0.0000e+00, 0.0000e+00, 
DIAGNOSTIC,Iteration,metricValue,convergenceValue,ITERATION_TIME_INDEX,SINCE_LAST
 2DIAGNOSTIC,     1, -7.444638724827e-01, 1.797693134862e+308, 0.0000e+00, 0.0000e+00, 
 2DIAGNOSTIC,     2, -7.450920914636e-01, 1.797693134862e+308, 0.0000e+00, 0.0000e+00, 
 2DIAGNOSTIC,     3, -7.458923405116e-01, 1.797693134862e+308, 0.0000e+00, 0.0000e+00, 
 2DIAGNOSTIC,     4, -7.467872197615e-01, 1.797693134862e+308, 0.0000e+00, 0.0000e+00, 
 2DIAGNOSTIC,     5, -7.480020277017e-01, 1.797693134862e+308, 0.0000e+00, 0.0000e+00, 
 2DIAGNOSTIC,     6, -7.484800176313e-01, 1.797693134862e+308, 0.0000e+00, 0.0000e+00, 
 2DIAGNOSTIC,     7, -7.484642237029e-01, 1.797693134862e+308, 0.0000e+00, 0.0000e+00, 
 2DIAGNOSTIC,     8, -7.484958436497e-01, 1.797693134862e+308, 0.0000e+00, 0.0000e+00, 
 2DIAGNOSTIC,     9, -7.485422840315e-01, 1.797693134862e+308, 0.0000e+00, 0.0000e+00, 
 2DIAGNOSTIC,    10, -7.486035561903e-01, 3.775635325960e-04, 0.0000e+00, 0.0000e+00, 
 2DIAGNOSTIC,    11, -7.486289428123e-01, 2.575216887397e-04, 0.0000e+00, 0.0000e+00, 
 2DIAGNOSTIC,    12, -7.486070331036e-01, 1.541150348510e-04, 0.0000e+00, 0.0000e+00, 
 2DIAGNOSTIC,    13, -7.486815497657e-01, 7.848916169127e-05, 0.0000e+00, 0.0000e+00, 
 2DIAGNOSTIC,    14, -7.486997392599e-01, 3.068649251819e-05, 0.0000e+00, 0.0000e+00, 
 2DIAGNOSTIC,    15, -7.486960746257e-01, 1.699040306505e-05, 0.0000e+00, 0.0000e+00, 
 2DIAGNOSTIC,    16, -7.486907576391e-01, 1.493386090601e-05, 0.0000e+00, 0.0000e+00, 
 2DIAGNOSTIC,    17, -7.486875303188e-01, 1.152652467457e-05, 0.0000e+00, 0.0000e+00, 
 2DIAGNOSTIC,    18, -7.486625018091e-01, 7.715187301971e-06, 0.0000e+00, 0.0000e+00, 
 2DIAGNOSTIC,    19, -7.486674345057e-01, 4.746259455027e-06, 0.0000e+00, 0.0000e+00, 
 2DIAGNOSTIC,    20, -7.486577176002e-01, 2.763971260311e-06, 0.0000e+00, 0.0000e+00, 
 2DIAGNOSTIC,    21, -7.486499569497e-01, 1.214371027930e-06, 0.0000e+00, 0.0000e+00, 
DIAGNOSTIC,Iteration,metricValue,convergenceValue,ITERATION_TIME_INDEX,SINCE_LAST
 2DIAGNOSTIC,     1, -6.324089235938e-01, 1.797693134862e+308, 0.0000e+00, 0.0000e+00, 
 2DIAGNOSTIC,     2, -6.329814187623e-01, 1.797693134862e+308, 0.0000e+00, 0.0000e+00, 
 2DIAGNOSTIC,     3, -6.335973113160e-01, 1.797693134862e+308, 0.0000e+00, 0.0000e+00, 
 2DIAGNOSTIC,     4, -6.343351510867e-01, 1.797693134862e+308, 0.0000e+00, 0.0000e+00, 
 2DIAGNOSTIC,     5, -6.361352582816e-01, 1.797693134862e+308, 0.0000e+00, 0.0000e+00, 
 2DIAGNOSTIC,     6, -6.361358970888e-01, 1.797693134862e+308, 0.0000e+00, 0.0000e+00, 
 2DIAGNOSTIC,     7, -6.361364230456e-01, 1.797693134862e+308, 0.0000e+00, 0.0000e+00, 
 2DIAGNOSTIC,     8, -6.361356017749e-01, 1.797693134862e+308, 0.0000e+00, 0.0000e+00, 
 2DIAGNOSTIC,     9, -6.361336276419e-01, 1.797693134862e+308, 0.0000e+00, 0.0000e+00, 
 2DIAGNOSTIC,    10, -6.361325732806e-01, 4.104967448175e-04, 0.0000e+00, 0.0000e+00, 
 2DIAGNOSTIC,    11, -6.361314422347e-01, 2.725324016068e-04, 0.0000e+00, 0.0000e+00, 
 2DIAGNOSTIC,    12, -6.361318697662e-01, 1.555520285362e-04, 0.0000e+00, 0.0000e+00, 
 2DIAGNOSTIC,    13, -6.361326558218e-01, 6.403038642072e-05, 0.0000e+00, 0.0000e+00, 
 2DIAGNOSTIC,    14, -6.361309930377e-01, 1.881330893613e-06, 0.0000e+00, 0.0000e+00, 
 2DIAGNOSTIC,    15, -6.361303858788e-01, 1.728298702375e-06, 0.0000e+00, 0.0000e+00, 
 2DIAGNOSTIC,    16, -6.361312934697e-01, 1.673378497588e-06, 0.0000e+00, 0.0000e+00, 
 2DIAGNOSTIC,    17, -6.361281773261e-01, 1.583988896443e-06, 0.0000e+00, 0.0000e+00, 
 2DIAGNOSTIC,    18, -6.361298441139e-01, 1.555129601975e-06, 0.0000e+00, 0.0000e+00, 
