
##########################
# Experiment information #
##########################

EXPERIMENT_NAME: antsRegistration-r7-p22
VFC_BACKENDS: libinterflop_vprec.so --range-binary32=7 --precision-binary32=22 --range-binary64=7 --precision-binary64=22

SIF_IMG: /home/mdugre/projects/rrg-glatard/mdugre/containers/ants-vprec-no_metrics.simg

SUBJECT_ID: s032
INPUT_IMG: /home/mdugre/scratch/mri-registration-rp/datasets/ds004513/derivatives/mri-registration-rp/antsBrainExtraction/sub-s032/BrainExtractionBrain.nii.gz
OUTPUT_DIR: /home/mdugre/scratch/mri-registration-rp/datasets/ds004513/derivatives/mri-registration-rp/1111/antsRegistration-r7-p22/sub-s032

FIXED_IMG: /templateflow/tpl-MNI152NLin2009cAsym/tpl-MNI152NLin2009cAsym_res-01_desc-brain_T1w.nii.gz
DATA_DIR: /home/mdugre/scratch/mri-registration-rp/datasets/ds004513
TEMPLATEFLOW_DIR: /home/mdugre/projects/rrg-glatard/mdugre/templateflow
ITK_GLOBAL_DEFAULT_NUMBER_OF_THREADS: 16
##########################

Info [verificarlo]: loaded backend libinterflop_vprec.so
Info [interflop-vprec]: load backend with: 
Info [interflop-vprec]: precision-binary32 = 22
Info [interflop-vprec]: range-binary32 = 7
Info [interflop-vprec]: precision-binary64 = 22
Info [interflop-vprec]: range-binary64 = 7
Info [interflop-vprec]: mode = ob
Info [interflop-vprec]: error-mode = rel
Info [interflop-vprec]: max-abs-error-exponent = -1022
Info [interflop-vprec]: daz = false
Info [interflop-vprec]: ftz = false
Info [interflop-vprec]: 	instrument = none
Info [interflop-vprec]: 	prec-input-file = (null)
Info [interflop-vprec]: 	prec-output-file = (null)
Info [interflop-vprec]: 	prec-log-file = (null)
All_Command_lines_OK
Using double precision for computations.
=============================================================================
The composite transform comprises the following transforms (in order): 
  1. Center of mass alignment using fixed image: /templateflow/tpl-MNI152NLin2009cAsym/tpl-MNI152NLin2009cAsym_res-01_desc-brain_T1w.nii.gz and moving image: /home/mdugre/scratch/mri-registration-rp/datasets/ds004513/derivatives/mri-registration-rp/antsBrainExtraction/sub-s032/BrainExtractionBrain.nii.gz (type = Euler3DTransform)
=============================================================================
  number of levels = 1
  fixed image: /templateflow/tpl-MNI152NLin2009cAsym/tpl-MNI152NLin2009cAsym_res-01_desc-brain_T1w.nii.gz
  moving image: /home/mdugre/scratch/mri-registration-rp/datasets/ds004513/derivatives/mri-registration-rp/antsBrainExtraction/sub-s032/BrainExtractionBrain.nii.gz
Dimension = 3
Number of stages = 1
Use histogram matching = false
Winsorize image intensities = true
  Lower quantile = 0.005
  Upper quantile = 0.995


Stage 1 State
   Image metric = MattesMI
     Fixed image = Image (0x51c8b20)
  RTTI typeinfo:   itk::Image<double, 3u>
  Reference Count: 2
  Modified Time: 2330
  Debug: Off
  Object Name: 
  Observers: 
    none
  Source: (none)
  Source output name: (none)
  Release Data: Off
  Data Released: False
  Global Release Data: Off
  PipelineMTime: 0
  UpdateMTime: 1941
  RealTimeStamp: 0 seconds 
  LargestPossibleRegion: 
    Dimension: 3
    Index: [0, 0, 0]
    Size: [193, 229, 193]
  BufferedRegion: 
    Dimension: 3
    Index: [0, 0, 0]
    Size: [193, 229, 193]
  RequestedRegion: 
    Dimension: 3
    Index: [0, 0, 0]
    Size: [193, 229, 193]
  Spacing: [1, 1, 1]
  Origin: [96, 132, -78]
  Direction: 
-1 0 0
0 -1 0
0 0 1

  IndexToPointMatrix: 
-1 0 0
0 -1 0
0 0 1

  PointToIndexMatrix: 
-1 0 0
0 -1 0
0 0 1

  Inverse Direction: 
-1 0 0
0 -1 0
0 0 1

  PixelContainer: 
    ImportImageContainer (0x52f4650)
      RTTI typeinfo:   itk::ImportImageContainer<unsigned long, double>
      Reference Count: 1
      Modified Time: 1938
      Debug: Off
      Object Name: 
      Observers: 
        none
      Pointer: 0x1463c6672010
      Container manages memory: true
      Size: 8530021
      Capacity: 8530021

     Moving image = Image (0x51d1240)
  RTTI typeinfo:   itk::Image<double, 3u>
  Reference Count: 2
  Modified Time: 2331
  Debug: Off
  Object Name: 
  Observers: 
    none
  Source: (none)
  Source output name: (none)
  Release Data: Off
  Data Released: False
  Global Release Data: Off
  PipelineMTime: 0
  UpdateMTime: 2328
  RealTimeStamp: 0 seconds 
  LargestPossibleRegion: 
    Dimension: 3
    Index: [0, 0, 0]
    Size: [160, 240, 256]
  BufferedRegion: 
    Dimension: 3
    Index: [0, 0, 0]
    Size: [160, 240, 256]
  RequestedRegion: 
    Dimension: 3
    Index: [0, 0, 0]
    Size: [160, 240, 256]
  Spacing: [1, 1, 1]
  Origin: [73.279, 104.707, -131.187]
  Direction: 
-0.997527 0.0645574 -0.0278053
-0.0645323 -0.997914 -0.00179875
-0.0278634 4.01097e-08 0.999612

  IndexToPointMatrix: 
-0.997527 0.0645574 -0.0278053
-0.0645323 -0.997914 -0.00179875
-0.0278634 4.01097e-08 0.999612

  PointToIndexMatrix: 
-0.997527 -0.0645323 -0.0278634
0.0645574 -0.997914 1.20141e-07
-0.0278053 -0.00179879 0.999612

  Inverse Direction: 
-0.997527 -0.0645323 -0.0278634
0.0645574 -0.997914 1.20141e-07
-0.0278053 -0.00179879 0.999612

  PixelContainer: 
    ImportImageContainer (0x52deb90)
      RTTI typeinfo:   itk::ImportImageContainer<unsigned long, double>
      Reference Count: 1
      Modified Time: 2325
      Debug: Off
      Object Name: 
      Observers: 
        none
      Pointer: 0x1463c1b71010
      Container manages memory: true
      Size: 9830400
      Capacity: 9830400

     Weighting = 1
     Sampling strategy = regular
     Number of bins = 32
     Radius = 4
     Sampling percentage  = 0.25
   Transform = Rigid
     Gradient step = 0.1
     Update field sigma (voxel space) = 0
     Total field sigma (voxel space) = 0
     Update field time sigma = 0
     Total field time sigma  = 0
     Number of time indices = 0
     Number of time point samples = 0
Registration using 1 total stages.

Stage 0
  iterations = 0
  convergence threshold = 1e-06
  convergence window size = 10
  number of levels = 1
  using the Mattes MI metric (number of bins = 32, weight = 1, use gradient filter = 0)
  preprocessing:  winsorizing the image intensities
  Shrink factors (level 1 out of 1): [1, 1, 1]
  smoothing sigmas per level: [0]
  regular sampling (percentage = 0.25)

*** Running Euler3DTransform registration ***

  Elapsed time (stage 0): 0


Total elapsed time: 0
Info [verificarlo]: loaded backend libinterflop_vprec.so
Info [interflop-vprec]: load backend with: 
Info [interflop-vprec]: precision-binary32 = 22
Info [interflop-vprec]: range-binary32 = 7
Info [interflop-vprec]: precision-binary64 = 22
Info [interflop-vprec]: range-binary64 = 7
Info [interflop-vprec]: mode = ob
Info [interflop-vprec]: error-mode = rel
Info [interflop-vprec]: max-abs-error-exponent = -1022
Info [interflop-vprec]: daz = false
Info [interflop-vprec]: ftz = false
Info [interflop-vprec]: 	instrument = none
Info [interflop-vprec]: 	prec-input-file = (null)
Info [interflop-vprec]: 	prec-output-file = (null)
Info [interflop-vprec]: 	prec-log-file = (null)
All_Command_lines_OK
Using double precision for computations.
=============================================================================
The composite transform comprises the following transforms (in order): 
  1. /home/mdugre/scratch/mri-registration-rp/datasets/ds004513/derivatives/mri-registration-rp/1111/antsRegistration-r7-p22/sub-s032/align_Composite.h5[0] (type = Euler3DTransform)
  2. /home/mdugre/scratch/mri-registration-rp/datasets/ds004513/derivatives/mri-registration-rp/1111/antsRegistration-r7-p22/sub-s032/align_Composite.h5[1] (type = Euler3DTransform)
=============================================================================
  number of levels = 4
  fixed image: /templateflow/tpl-MNI152NLin2009cAsym/tpl-MNI152NLin2009cAsym_res-01_desc-brain_T1w.nii.gz
  moving image: /home/mdugre/scratch/mri-registration-rp/datasets/ds004513/derivatives/mri-registration-rp/antsBrainExtraction/sub-s032/BrainExtractionBrain.nii.gz
Dimension = 3
Number of stages = 1
Use histogram matching = false
Winsorize image intensities = true
  Lower quantile = 0.005
  Upper quantile = 0.995


Stage 1 State
   Image metric = MattesMI
     Fixed image = Image (0x44b81e0)
  RTTI typeinfo:   itk::Image<double, 3u>
  Reference Count: 2
  Modified Time: 1578
  Debug: Off
  Object Name: 
  Observers: 
    none
  Source: (none)
  Source output name: (none)
  Release Data: Off
  Data Released: False
  Global Release Data: Off
  PipelineMTime: 0
  UpdateMTime: 1189
  RealTimeStamp: 0 seconds 
  LargestPossibleRegion: 
    Dimension: 3
    Index: [0, 0, 0]
    Size: [193, 229, 193]
  BufferedRegion: 
    Dimension: 3
    Index: [0, 0, 0]
    Size: [193, 229, 193]
  RequestedRegion: 
    Dimension: 3
    Index: [0, 0, 0]
    Size: [193, 229, 193]
  Spacing: [1, 1, 1]
  Origin: [96, 132, -78]
  Direction: 
-1 0 0
0 -1 0
0 0 1

  IndexToPointMatrix: 
-1 0 0
0 -1 0
0 0 1

  PointToIndexMatrix: 
-1 0 0
0 -1 0
0 0 1

  Inverse Direction: 
-1 0 0
0 -1 0
0 0 1

  PixelContainer: 
    ImportImageContainer (0x4577640)
      RTTI typeinfo:   itk::ImportImageContainer<unsigned long, double>
      Reference Count: 1
      Modified Time: 1186
      Debug: Off
      Object Name: 
      Observers: 
        none
      Pointer: 0x14763cfee010
      Container manages memory: true
      Size: 8530021
      Capacity: 8530021

     Moving image = Image (0x4573c90)
  RTTI typeinfo:   itk::Image<double, 3u>
  Reference Count: 2
  Modified Time: 1579
  Debug: Off
  Object Name: 
  Observers: 
    none
  Source: (none)
  Source output name: (none)
  Release Data: Off
  Data Released: False
  Global Release Data: Off
  PipelineMTime: 0
  UpdateMTime: 1576
  RealTimeStamp: 0 seconds 
  LargestPossibleRegion: 
    Dimension: 3
    Index: [0, 0, 0]
    Size: [160, 240, 256]
  BufferedRegion: 
    Dimension: 3
    Index: [0, 0, 0]
    Size: [160, 240, 256]
  RequestedRegion: 
    Dimension: 3
    Index: [0, 0, 0]
    Size: [160, 240, 256]
  Spacing: [1, 1, 1]
  Origin: [73.279, 104.707, -131.187]
  Direction: 
-0.997527 0.0645574 -0.0278053
-0.0645323 -0.997914 -0.00179875
-0.0278634 4.01097e-08 0.999612

  IndexToPointMatrix: 
-0.997527 0.0645574 -0.0278053
-0.0645323 -0.997914 -0.00179875
-0.0278634 4.01097e-08 0.999612

  PointToIndexMatrix: 
-0.997527 -0.0645323 -0.0278634
0.0645574 -0.997914 1.20141e-07
-0.0278053 -0.00179879 0.999612

  Inverse Direction: 
-0.997527 -0.0645323 -0.0278634
0.0645574 -0.997914 1.20141e-07
-0.0278053 -0.00179879 0.999612

  PixelContainer: 
    ImportImageContainer (0x45e4d90)
      RTTI typeinfo:   itk::ImportImageContainer<unsigned long, double>
      Reference Count: 1
      Modified Time: 1573
      Debug: Off
      Object Name: 
      Observers: 
        none
      Pointer: 0x1476384ed010
      Container manages memory: true
      Size: 9830400
      Capacity: 9830400

     Weighting = 1
     Sampling strategy = regular
     Number of bins = 32
     Radius = 4
     Sampling percentage  = 0.25
   Transform = Rigid
     Gradient step = 0.1
     Update field sigma (voxel space) = 0
     Total field sigma (voxel space) = 0
     Update field time sigma = 0
     Total field time sigma  = 0
     Number of time indices = 0
     Number of time point samples = 0
Registration using 1 total stages.

Stage 0
  iterations = 1000x500x250x100
  convergence threshold = 1e-06
  convergence window size = 10
  number of levels = 4
  using the Mattes MI metric (number of bins = 32, weight = 1, use gradient filter = 0)
  preprocessing:  winsorizing the image intensities
  Shrink factors (level 1 out of 4): [8, 8, 8]
  Shrink factors (level 2 out of 4): [4, 4, 4]
  Shrink factors (level 3 out of 4): [2, 2, 2]
  Shrink factors (level 4 out of 4): [1, 1, 1]
  smoothing sigmas per level: [3, 2, 1, 0]
  regular sampling (percentage = 0.25)

*** Running Euler3DTransform registration ***

DIAGNOSTIC,Iteration,metricValue,convergenceValue,ITERATION_TIME_INDEX,SINCE_LAST
 2DIAGNOSTIC,     1, -5.481708521593e-01, 1.797693134862e+308, 0.0000e+00, 0.0000e+00, 
 2DIAGNOSTIC,     2, -5.509043964101e-01, 1.797693134862e+308, 0.0000e+00, 0.0000e+00, 
 2DIAGNOSTIC,     3, -5.551855899697e-01, 1.797693134862e+308, 0.0000e+00, 0.0000e+00, 
 2DIAGNOSTIC,     4, -5.610633954411e-01, 1.797693134862e+308, 0.0000e+00, 0.0000e+00, 
 2DIAGNOSTIC,     5, -5.691120708942e-01, 1.797693134862e+308, 0.0000e+00, 0.0000e+00, 
 2DIAGNOSTIC,     6, -5.854539775335e-01, 1.797693134862e+308, 0.0000e+00, 0.0000e+00, 
 2DIAGNOSTIC,     7, -6.217193424094e-01, 1.797693134862e+308, 0.0000e+00, 0.0000e+00, 
 2DIAGNOSTIC,     8, -6.272881480804e-01, 1.797693134862e+308, 0.0000e+00, 0.0000e+00, 
 2DIAGNOSTIC,     9, -6.322888854895e-01, 1.797693134862e+308, 0.0000e+00, 0.0000e+00, 
 2DIAGNOSTIC,    10, -6.402462811098e-01, 1.181327453984e-02, 0.0000e+00, 0.0000e+00, 
 2DIAGNOSTIC,    11, -6.489627834966e-01, 1.110676642455e-02, 0.0000e+00, 0.0000e+00, 
 2DIAGNOSTIC,    12, -6.495416302070e-01, 9.642767498798e-03, 0.0000e+00, 0.0000e+00, 
 2DIAGNOSTIC,    13, -6.518198870037e-01, 7.798045055074e-03, 0.0000e+00, 0.0000e+00, 
 2DIAGNOSTIC,    14, -6.531710697905e-01, 5.790382969170e-03, 0.0000e+00, 0.0000e+00, 
 2DIAGNOSTIC,    15, -6.551547375383e-01, 3.850549194522e-03, 0.0000e+00, 0.0000e+00, 
 2DIAGNOSTIC,    16, -6.557785990880e-01, 2.279164846899e-03, 0.0000e+00, 0.0000e+00, 
 2DIAGNOSTIC,    17, -6.560643489679e-01, 1.689147730529e-03, 0.0000e+00, 0.0000e+00, 
 2DIAGNOSTIC,    18, -6.560621301567e-01, 1.157834263328e-03, 0.0000e+00, 0.0000e+00, 
 2DIAGNOSTIC,    19, -6.563942553637e-01, 7.043183429753e-04, 0.0000e+00, 0.0000e+00, 
 2DIAGNOSTIC,    20, -6.565949605389e-01, 4.143689724243e-04, 0.0000e+00, 0.0000e+00, 
 2DIAGNOSTIC,    21, -6.567556500821e-01, 3.082063505127e-04, 0.0000e+00, 0.0000e+00, 
 2DIAGNOSTIC,    22, -6.569612689307e-01, 1.994228046803e-04, 0.0000e+00, 0.0000e+00, 
 2DIAGNOSTIC,    23, -6.575073867123e-01, 1.376707094342e-04, 0.0000e+00, 0.0000e+00, 
 2DIAGNOSTIC,    24, -6.576594021474e-01, 9.577348703194e-05, 0.0000e+00, 0.0000e+00, 
 2DIAGNOSTIC,    25, -6.580406894428e-01, 9.104208608122e-05, 0.0000e+00, 0.0000e+00, 
 2DIAGNOSTIC,    26, -6.587442573939e-01, 1.011761507588e-04, 0.0000e+00, 0.0000e+00, 
 2DIAGNOSTIC,    27, -6.588805315594e-01, 1.079750039531e-04, 0.0000e+00, 0.0000e+00, 
 2DIAGNOSTIC,    28, -6.588504104376e-01, 1.036273066307e-04, 0.0000e+00, 0.0000e+00, 
 2DIAGNOSTIC,    29, -6.588154474092e-01, 9.464811228817e-05, 0.0000e+00, 0.0000e+00, 
 2DIAGNOSTIC,    30, -6.589123661221e-01, 8.191010633046e-05, 0.0000e+00, 0.0000e+00, 
 2DIAGNOSTIC,    31, -6.596526317833e-01, 7.519268619563e-05, 0.0000e+00, 0.0000e+00, 
 2DIAGNOSTIC,    32, -6.597186901813e-01, 6.523152971960e-05, 0.0000e+00, 0.0000e+00, 
 2DIAGNOSTIC,    33, -6.598394782515e-01, 5.911998886358e-05, 0.0000e+00, 0.0000e+00, 
 2DIAGNOSTIC,    34, -6.598395515723e-01, 4.999034927261e-05, 0.0000e+00, 0.0000e+00, 
 2DIAGNOSTIC,    35, -6.598394359314e-01, 4.133812897412e-05, 0.0000e+00, 0.0000e+00, 
 2DIAGNOSTIC,    36, -6.598393816024e-01, 3.785165847413e-05, 0.0000e+00, 0.0000e+00, 
 2DIAGNOSTIC,    37, -6.598395488969e-01, 3.266054625676e-05, 0.0000e+00, 0.0000e+00, 
 2DIAGNOSTIC,    38, -6.598394293394e-01, 2.451395217682e-05, 0.0000e+00, 0.0000e+00, 
 2DIAGNOSTIC,    39, -6.598393932625e-01, 1.422445762573e-05, 0.0000e+00, 0.0000e+00, 
 2DIAGNOSTIC,    40, -6.598393642724e-01, 4.060063162833e-06, 0.0000e+00, 0.0000e+00, 
 2DIAGNOSTIC,    41, -6.598393705854e-01, 2.101269565472e-06, 0.0000e+00, 0.0000e+00, 
DIAGNOSTIC,Iteration,metricValue,convergenceValue,ITERATION_TIME_INDEX,SINCE_LAST
 2DIAGNOSTIC,     1, -5.172845260466e-01, 1.797693134862e+308, 0.0000e+00, 0.0000e+00, 
 2DIAGNOSTIC,     2, -5.179942130677e-01, 1.797693134862e+308, 0.0000e+00, 0.0000e+00, 
 2DIAGNOSTIC,     3, -5.190589577365e-01, 1.797693134862e+308, 0.0000e+00, 0.0000e+00, 
 2DIAGNOSTIC,     4, -5.197213866341e-01, 1.797693134862e+308, 0.0000e+00, 0.0000e+00, 
 2DIAGNOSTIC,     5, -5.201689740657e-01, 1.797693134862e+308, 0.0000e+00, 0.0000e+00, 
 2DIAGNOSTIC,     6, -5.207678912230e-01, 1.797693134862e+308, 0.0000e+00, 0.0000e+00, 
 2DIAGNOSTIC,     7, -5.218773210998e-01, 1.797693134862e+308, 0.0000e+00, 0.0000e+00, 
 2DIAGNOSTIC,     8, -5.246513192540e-01, 1.797693134862e+308, 0.0000e+00, 0.0000e+00, 
 2DIAGNOSTIC,     9, -5.265026608433e-01, 1.797693134862e+308, 0.0000e+00, 0.0000e+00, 
 2DIAGNOSTIC,    10, -5.279487363397e-01, 1.263444933991e-03, 0.0000e+00, 0.0000e+00, 
 2DIAGNOSTIC,    11, -5.293245320237e-01, 1.295666132168e-03, 0.0000e+00, 0.0000e+00, 
 2DIAGNOSTIC,    12, -5.298217285749e-01, 1.259492942863e-03, 0.0000e+00, 0.0000e+00, 
 2DIAGNOSTIC,    13, -5.317706845960e-01, 1.239600960986e-03, 0.0000e+00, 0.0000e+00, 
 2DIAGNOSTIC,    14, -5.320029762236e-01, 1.142565586051e-03, 0.0000e+00, 0.0000e+00, 
 2DIAGNOSTIC,    15, -5.322191326380e-01, 9.796686311785e-04, 0.0000e+00, 0.0000e+00, 
 2DIAGNOSTIC,    16, -5.325741543664e-01, 7.810789260485e-04, 0.0000e+00, 0.0000e+00, 
 2DIAGNOSTIC,    17, -5.327507627449e-01, 5.735319325016e-04, 0.0000e+00, 0.0000e+00, 
 2DIAGNOSTIC,    18, -5.333845048706e-01, 4.374370271033e-04, 0.0000e+00, 0.0000e+00, 
 2DIAGNOSTIC,    19, -5.343892277416e-01, 3.555146644335e-04, 0.0000e+00, 0.0000e+00, 
 2DIAGNOSTIC,    20, -5.402629309310e-01, 4.455003784620e-04, 0.0000e+00, 0.0000e+00, 
 2DIAGNOSTIC,    21, -5.454849325463e-01, 6.506769553390e-04, 0.0000e+00, 0.0000e+00, 
 2DIAGNOSTIC,    22, -5.569287228003e-01, 1.063818799975e-03, 0.0000e+00, 0.0000e+00, 
 2DIAGNOSTIC,    23, -5.592549189483e-01, 1.435130626312e-03, 0.0000e+00, 0.0000e+00, 
 2DIAGNOSTIC,    24, -5.597873385541e-01, 1.659351594214e-03, 0.0000e+00, 0.0000e+00, 
 2DIAGNOSTIC,    25, -5.605675783562e-01, 1.732208369781e-03, 0.0000e+00, 0.0000e+00, 
 2DIAGNOSTIC,    26, -5.630122344169e-01, 1.691411043543e-03, 0.0000e+00, 0.0000e+00, 
 2DIAGNOSTIC,    27, -5.660364786820e-01, 1.553921553357e-03, 0.0000e+00, 0.0000e+00, 
 2DIAGNOSTIC,    28, -5.669455305195e-01, 1.309723710398e-03, 0.0000e+00, 0.0000e+00, 
 2DIAGNOSTIC,    29, -5.670769947835e-01, 9.826730624312e-04, 0.0000e+00, 0.0000e+00, 
 2DIAGNOSTIC,    30, -5.670952275611e-01, 6.906116063423e-04, 0.0000e+00, 0.0000e+00, 
 2DIAGNOSTIC,    31, -5.672711057610e-01, 4.393023197091e-04, 0.0000e+00, 0.0000e+00, 
 2DIAGNOSTIC,    32, -5.673231057628e-01, 3.501039746159e-04, 0.0000e+00, 0.0000e+00, 
 2DIAGNOSTIC,    33, -5.673452623246e-01, 2.710096493223e-04, 0.0000e+00, 0.0000e+00, 
 2DIAGNOSTIC,    34, -5.673908374892e-01, 1.809303146817e-04, 0.0000e+00, 0.0000e+00, 
 2DIAGNOSTIC,    35, -5.673973817246e-01, 9.062338574112e-05, 0.0000e+00, 0.0000e+00, 
 2DIAGNOSTIC,    36, -5.674034626533e-01, 3.154033792492e-05, 0.0000e+00, 0.0000e+00, 
 2DIAGNOSTIC,    37, -5.673970106041e-01, 1.513371407777e-05, 0.0000e+00, 0.0000e+00, 
 2DIAGNOSTIC,    38, -5.673796846825e-01, 1.050361929037e-05, 0.0000e+00, 0.0000e+00, 
 2DIAGNOSTIC,    39, -5.673681016761e-01, 6.833801775755e-06, 0.0000e+00, 0.0000e+00, 
 2DIAGNOSTIC,    40, -5.673747151183e-01, 3.051326008311e-06, 0.0000e+00, 0.0000e+00, 
 2DIAGNOSTIC,    41, -5.673707628262e-01, 1.414726854297e-06, 0.0000e+00, 0.0000e+00, 
DIAGNOSTIC,Iteration,metricValue,convergenceValue,ITERATION_TIME_INDEX,SINCE_LAST
 2DIAGNOSTIC,     1, -5.015463208508e-01, 1.797693134862e+308, 0.0000e+00, 0.0000e+00, 
 2DIAGNOSTIC,     2, -5.017906753691e-01, 1.797693134862e+308, 0.0000e+00, 0.0000e+00, 
 2DIAGNOSTIC,     3, -5.020327337319e-01, 1.797693134862e+308, 0.0000e+00, 0.0000e+00, 
 2DIAGNOSTIC,     4, -5.021736140340e-01, 1.797693134862e+308, 0.0000e+00, 0.0000e+00, 
 2DIAGNOSTIC,     5, -5.022100105757e-01, 1.797693134862e+308, 0.0000e+00, 0.0000e+00, 
 2DIAGNOSTIC,     6, -5.022128119118e-01, 1.797693134862e+308, 0.0000e+00, 0.0000e+00, 
 2DIAGNOSTIC,     7, -5.022148356372e-01, 1.797693134862e+308, 0.0000e+00, 0.0000e+00, 
 2DIAGNOSTIC,     8, -5.022118081180e-01, 1.797693134862e+308, 0.0000e+00, 0.0000e+00, 
 2DIAGNOSTIC,     9, -5.022100143929e-01, 1.797693134862e+308, 0.0000e+00, 0.0000e+00, 
 2DIAGNOSTIC,    10, -5.022124851543e-01, 6.985460612306e-05, 0.0000e+00, 0.0000e+00, 
 2DIAGNOSTIC,    11, -5.022122203016e-01, 3.403575387037e-05, 0.0000e+00, 0.0000e+00, 
 2DIAGNOSTIC,    12, -5.022119347227e-01, 1.268741099603e-05, 0.0000e+00, 0.0000e+00, 
 2DIAGNOSTIC,    13, -5.022111972914e-01, 4.074180445610e-06, 0.0000e+00, 0.0000e+00, 
 2DIAGNOSTIC,    14, -5.022111821954e-01, 2.201063461021e-06, 0.0000e+00, 0.0000e+00, 
 2DIAGNOSTIC,    15, -5.022124795088e-01, 2.000524586113e-06, 0.0000e+00, 0.0000e+00, 
 2DIAGNOSTIC,    16, -5.022095480813e-01, 1.824932130245e-06, 0.0000e+00, 0.0000e+00, 
 2DIAGNOSTIC,    17, -5.022107323027e-01, 1.798656400757e-06, 0.0000e+00, 0.0000e+00, 
 2DIAGNOSTIC,    18, -5.022110868057e-01, 1.699022572507e-06, 0.0000e+00, 0.0000e+00, 
 2DIAGNOSTIC,    19, -5.022097054583e-01, 1.517667841427e-06, 0.0000e+00, 0.0000e+00, 
 2DIAGNOSTIC,    20, -5.022092501368e-01, 1.427054134341e-06, 0.0000e+00, 0.0000e+00, 
 2DIAGNOSTIC,    21, -5.022077528935e-01, 1.313693999229e-06, 0.0000e+00, 0.0000e+00, 
 2DIAGNOSTIC,    22, -5.022082998925e-01, 1.237121457859e-06, 0.0000e+00, 0.0000e+00, 
 2DIAGNOSTIC,    23, -5.022094788835e-01, 1.195477197513e-06, 0.0000e+00, 0.0000e+00, 
 2DIAGNOSTIC,    24, -5.022072291980e-01, 1.119365927414e-06, 0.0000e+00, 0.0000e+00, 
 2DIAGNOSTIC,    25, -5.022069055656e-01, 1.095299218538e-06, 0.0000e+00, 0.0000e+00, 
 2DIAGNOSTIC,    26, -5.022070349518e-01, 1.027993448588e-06, 0.0000e+00, 0.0000e+00, 
DIAGNOSTIC,Iteration,metricValue,convergenceValue,ITERATION_TIME_INDEX,SINCE_LAST
 2DIAGNOSTIC,     1, -4.667101029527e-01, 1.797693134862e+308, 0.0000e+00, 0.0000e+00, 
 2DIAGNOSTIC,     2, -4.667751439595e-01, 1.797693134862e+308, 0.0000e+00, 0.0000e+00, 
 2DIAGNOSTIC,     3, -4.668078151533e-01, 1.797693134862e+308, 0.0000e+00, 0.0000e+00, 
 2DIAGNOSTIC,     4, -4.668079669738e-01, 1.797693134862e+308, 0.0000e+00, 0.0000e+00, 
 2DIAGNOSTIC,     5, -4.668083249061e-01, 1.797693134862e+308, 0.0000e+00, 0.0000e+00, 
 2DIAGNOSTIC,     6, -4.668080881074e-01, 1.797693134862e+308, 0.0000e+00, 0.0000e+00, 
 2DIAGNOSTIC,     7, -4.668078713988e-01, 1.797693134862e+308, 0.0000e+00, 0.0000e+00, 
 2DIAGNOSTIC,     8, -4.668079115006e-01, 1.797693134862e+308, 0.0000e+00, 0.0000e+00, 
 2DIAGNOSTIC,     9, -4.668077335327e-01, 1.797693134862e+308, 0.0000e+00, 0.0000e+00, 
 2DIAGNOSTIC,    10, -4.668077780126e-01, 1.085506870199e-05, 0.0000e+00, 0.0000e+00, 
 2DIAGNOSTIC,    11, -4.668077661942e-01, 4.669215879202e-06, 0.0000e+00, 0.0000e+00, 
 2DIAGNOSTIC,    12, -4.668078032681e-01, 2.609449828411e-06, 0.0000e+00, 0.0000e+00, 
 2DIAGNOSTIC,    13, -4.668077439289e-01, 2.397123037082e-06, 0.0000e+00, 0.0000e+00, 
 2DIAGNOSTIC,    14, -4.668077770402e-01, 2.226808259870e-06, 0.0000e+00, 0.0000e+00, 
 2DIAGNOSTIC,    15, -4.668076456180e-01, 2.092347463373e-06, 0.0000e+00, 0.0000e+00, 
 2DIAGNOSTIC,    16, -4.668076468176e-01, 1.968268982341e-06, 0.0000e+00, 0.0000e+00, 
 2DIAGNOSTIC,    17, -4.668076377776e-01, 1.852087226438e-06, 0.0000e+00, 0.0000e+00, 
 2DIAGNOSTIC,    18, -4.668075323752e-01, 1.748231678540e-06, 0.0000e+00, 0.0000e+00, 
 2DIAGNOSTIC,    19, -4.668075487630e-01, 1.651694100886e-06, 2.5600e+02, 2.5600e+02, 
 2DIAGNOSTIC,    20, -4.668075525336e-01, 1.568116391210e-06, 2.5600e+02, 0.0000e+00, 
 2DIAGNOSTIC,    21, -4.668075654711e-01, 1.494304059435e-06, 2.5600e+02, 0.0000e+00, 
 2DIAGNOSTIC,    22, -4.668075068814e-01, 1.428296360170e-06, 2.5600e+02, 0.0000e+00, 
 2DIAGNOSTIC,    23, -4.668075055425e-01, 1.367877311448e-06, 2.5600e+02, 0.0000e+00, 
 2DIAGNOSTIC,    24, -4.668075053338e-01, 1.314619449987e-06, 2.5600e+02, 0.0000e+00, 
 2DIAGNOSTIC,    25, -4.668075053300e-01, 1.263157297315e-06, 2.5600e+02, 0.0000e+00, 
 2DIAGNOSTIC,    26, -4.668075054575e-01, 1.216338729924e-06, 2.5600e+02, 0.0000e+00, 
 2DIAGNOSTIC,    27, -4.668075016430e-01, 1.173274498723e-06, 2.5600e+02, 0.0000e+00, 
 2DIAGNOSTIC,    28, -4.668075027674e-01, 1.131298397010e-06, 2.5600e+02, 0.0000e+00, 
 2DIAGNOSTIC,    29, -4.668075027500e-01, 1.092814299136e-06, 2.5600e+02, 0.0000e+00, 
 2DIAGNOSTIC,    30, -4.668075038632e-01, 1.057186603932e-06, 2.5600e+02, 0.0000e+00, 
 2DIAGNOSTIC,    31, -4.668075050347e-01, 1.024299481053e-06, 2.5600e+02, 0.0000e+00, 
  Elapsed time (stage 0): 2.5600e+02


Total elapsed time: 2.5600e+02
Info [verificarlo]: loaded backend libinterflop_vprec.so
Info [interflop-vprec]: load backend with: 
Info [interflop-vprec]: precision-binary32 = 22
Info [interflop-vprec]: range-binary32 = 7
Info [interflop-vprec]: precision-binary64 = 22
Info [interflop-vprec]: range-binary64 = 7
Info [interflop-vprec]: mode = ob
Info [interflop-vprec]: error-mode = rel
Info [interflop-vprec]: max-abs-error-exponent = -1022
Info [interflop-vprec]: daz = false
Info [interflop-vprec]: ftz = false
Info [interflop-vprec]: 	instrument = none
Info [interflop-vprec]: 	prec-input-file = (null)
Info [interflop-vprec]: 	prec-output-file = (null)
Info [interflop-vprec]: 	prec-log-file = (null)
All_Command_lines_OK
Using double precision for computations.
=============================================================================
The composite transform comprises the following transforms (in order): 
  1. /home/mdugre/scratch/mri-registration-rp/datasets/ds004513/derivatives/mri-registration-rp/1111/antsRegistration-r7-p22/sub-s032/rigid_Composite.h5[0] (type = Euler3DTransform)
  2. /home/mdugre/scratch/mri-registration-rp/datasets/ds004513/derivatives/mri-registration-rp/1111/antsRegistration-r7-p22/sub-s032/rigid_Composite.h5[1] (type = Euler3DTransform)
  3. /home/mdugre/scratch/mri-registration-rp/datasets/ds004513/derivatives/mri-registration-rp/1111/antsRegistration-r7-p22/sub-s032/rigid_Composite.h5[2] (type = Euler3DTransform)
=============================================================================
  number of levels = 4
  fixed image: /templateflow/tpl-MNI152NLin2009cAsym/tpl-MNI152NLin2009cAsym_res-01_desc-brain_T1w.nii.gz
  moving image: /home/mdugre/scratch/mri-registration-rp/datasets/ds004513/derivatives/mri-registration-rp/antsBrainExtraction/sub-s032/BrainExtractionBrain.nii.gz
Dimension = 3
Number of stages = 1
Use histogram matching = false
Winsorize image intensities = true
  Lower quantile = 0.005
  Upper quantile = 0.995


Stage 1 State
   Image metric = MattesMI
     Fixed image = Image (0x4cc1490)
  RTTI typeinfo:   itk::Image<double, 3u>
  Reference Count: 2
  Modified Time: 1592
  Debug: Off
  Object Name: 
  Observers: 
    none
  Source: (none)
  Source output name: (none)
  Release Data: Off
  Data Released: False
  Global Release Data: Off
  PipelineMTime: 0
  UpdateMTime: 1203
  RealTimeStamp: 0 seconds 
  LargestPossibleRegion: 
    Dimension: 3
    Index: [0, 0, 0]
    Size: [193, 229, 193]
  BufferedRegion: 
    Dimension: 3
    Index: [0, 0, 0]
    Size: [193, 229, 193]
  RequestedRegion: 
    Dimension: 3
    Index: [0, 0, 0]
    Size: [193, 229, 193]
  Spacing: [1, 1, 1]
  Origin: [96, 132, -78]
  Direction: 
-1 0 0
0 -1 0
0 0 1

  IndexToPointMatrix: 
-1 0 0
0 -1 0
0 0 1

  PointToIndexMatrix: 
-1 0 0
0 -1 0
0 0 1

  Inverse Direction: 
-1 0 0
0 -1 0
0 0 1

  PixelContainer: 
    ImportImageContainer (0x4d8e8d0)
      RTTI typeinfo:   itk::ImportImageContainer<unsigned long, double>
      Reference Count: 1
      Modified Time: 1200
      Debug: Off
      Object Name: 
      Observers: 
        none
      Pointer: 0x14758b62c010
      Container manages memory: true
      Size: 8530021
      Capacity: 8530021

     Moving image = Image (0x4d8de80)
  RTTI typeinfo:   itk::Image<double, 3u>
  Reference Count: 2
  Modified Time: 1593
  Debug: Off
  Object Name: 
  Observers: 
    none
  Source: (none)
  Source output name: (none)
  Release Data: Off
  Data Released: False
  Global Release Data: Off
  PipelineMTime: 0
  UpdateMTime: 1590
  RealTimeStamp: 0 seconds 
  LargestPossibleRegion: 
    Dimension: 3
    Index: [0, 0, 0]
    Size: [160, 240, 256]
  BufferedRegion: 
    Dimension: 3
    Index: [0, 0, 0]
    Size: [160, 240, 256]
  RequestedRegion: 
    Dimension: 3
    Index: [0, 0, 0]
    Size: [160, 240, 256]
  Spacing: [1, 1, 1]
  Origin: [73.279, 104.707, -131.187]
  Direction: 
-0.997527 0.0645574 -0.0278053
-0.0645323 -0.997914 -0.00179875
-0.0278634 4.01097e-08 0.999612

  IndexToPointMatrix: 
-0.997527 0.0645574 -0.0278053
-0.0645323 -0.997914 -0.00179875
-0.0278634 4.01097e-08 0.999612

  PointToIndexMatrix: 
-0.997527 -0.0645323 -0.0278634
0.0645574 -0.997914 1.20141e-07
-0.0278053 -0.00179879 0.999612

  Inverse Direction: 
-0.997527 -0.0645323 -0.0278634
0.0645574 -0.997914 1.20141e-07
-0.0278053 -0.00179879 0.999612

  PixelContainer: 
    ImportImageContainer (0x4cd2ec0)
      RTTI typeinfo:   itk::ImportImageContainer<unsigned long, double>
      Reference Count: 1
      Modified Time: 1587
      Debug: Off
      Object Name: 
      Observers: 
        none
      Pointer: 0x147586b2b010
      Container manages memory: true
      Size: 9830400
      Capacity: 9830400

     Weighting = 1
     Sampling strategy = regular
     Number of bins = 32
     Radius = 4
     Sampling percentage  = 0.25
   Transform = Affine
     Gradient step = 0.1
     Update field sigma (voxel space) = 0
     Total field sigma (voxel space) = 0
     Update field time sigma = 0
     Total field time sigma  = 0
     Number of time indices = 0
     Number of time point samples = 0
Registration using 1 total stages.

Stage 0
  iterations = 1000x500x250x100
  convergence threshold = 1e-06
  convergence window size = 10
  number of levels = 4
  using the Mattes MI metric (number of bins = 32, weight = 1, use gradient filter = 0)
  preprocessing:  winsorizing the image intensities
  Shrink factors (level 1 out of 4): [8, 8, 8]
  Shrink factors (level 2 out of 4): [4, 4, 4]
  Shrink factors (level 3 out of 4): [2, 2, 2]
  Shrink factors (level 4 out of 4): [1, 1, 1]
  smoothing sigmas per level: [3, 2, 1, 0]
  regular sampling (percentage = 0.25)

*** Running AffineTransform registration ***

DIAGNOSTIC,Iteration,metricValue,convergenceValue,ITERATION_TIME_INDEX,SINCE_LAST
 2DIAGNOSTIC,     1, -6.848860326585e-01, 1.797693134862e+308, 0.0000e+00, 0.0000e+00, 
 2DIAGNOSTIC,     2, -6.867195588798e-01, 1.797693134862e+308, 0.0000e+00, 0.0000e+00, 
 2DIAGNOSTIC,     3, -6.898309323979e-01, 1.797693134862e+308, 0.0000e+00, 0.0000e+00, 
 2DIAGNOSTIC,     4, -6.955269018148e-01, 1.797693134862e+308, 0.0000e+00, 0.0000e+00, 
 2DIAGNOSTIC,     5, -7.026426679105e-01, 1.797693134862e+308, 0.0000e+00, 0.0000e+00, 
 2DIAGNOSTIC,     6, -7.173205642323e-01, 1.797693134862e+308, 0.0000e+00, 0.0000e+00, 
 2DIAGNOSTIC,     7, -7.203143472200e-01, 1.797693134862e+308, 0.0000e+00, 0.0000e+00, 
 2DIAGNOSTIC,     8, -7.220833167939e-01, 1.797693134862e+308, 0.0000e+00, 0.0000e+00, 
 2DIAGNOSTIC,     9, -7.249614669333e-01, 1.797693134862e+308, 0.0000e+00, 0.0000e+00, 
 2DIAGNOSTIC,    10, -7.269804639437e-01, 4.510541964872e-03, 0.0000e+00, 0.0000e+00, 
 2DIAGNOSTIC,    11, -7.303307196211e-01, 3.875445878533e-03, 0.0000e+00, 0.0000e+00, 
 2DIAGNOSTIC,    12, -7.328141649593e-01, 3.144219892527e-03, 0.0000e+00, 0.0000e+00, 
 2DIAGNOSTIC,    13, -7.345396345647e-01, 2.396979645277e-03, 0.0000e+00, 0.0000e+00, 
 2DIAGNOSTIC,    14, -7.357554469823e-01, 1.738450473800e-03, 0.0000e+00, 0.0000e+00, 
 2DIAGNOSTIC,    15, -7.372403668065e-01, 1.229133627567e-03, 0.0000e+00, 0.0000e+00, 
 2DIAGNOSTIC,    16, -7.374778927326e-01, 1.039949490850e-03, 0.0000e+00, 0.0000e+00, 
 2DIAGNOSTIC,    17, -7.379033313490e-01, 8.574177184270e-04, 0.0000e+00, 0.0000e+00, 
 2DIAGNOSTIC,    18, -7.379144734973e-01, 6.551208688208e-04, 0.0000e+00, 0.0000e+00, 
 2DIAGNOSTIC,    19, -7.379915884932e-01, 4.754839165389e-04, 0.0000e+00, 0.0000e+00, 
 2DIAGNOSTIC,    20, -7.383131428716e-01, 3.150818509343e-04, 0.0000e+00, 0.0000e+00, 
 2DIAGNOSTIC,    21, -7.384716471778e-01, 2.059253673652e-04, 0.0000e+00, 0.0000e+00, 
 2DIAGNOSTIC,    22, -7.384456527311e-01, 1.314192219121e-04, 0.0000e+00, 0.0000e+00, 
 2DIAGNOSTIC,    23, -7.386405442407e-01, 8.403710391717e-05, 0.0000e+00, 0.0000e+00, 
 2DIAGNOSTIC,    24, -7.391271684890e-01, 6.013873801398e-05, 0.0000e+00, 0.0000e+00, 
 2DIAGNOSTIC,    25, -7.390936360937e-01, 5.512122671444e-05, 0.0000e+00, 0.0000e+00, 
 2DIAGNOSTIC,    26, -7.391411496181e-01, 4.966306882423e-05, 0.0000e+00, 0.0000e+00, 
 2DIAGNOSTIC,    27, -7.391714775149e-01, 4.682790690708e-05, 0.0000e+00, 0.0000e+00, 
 2DIAGNOSTIC,    28, -7.390910426637e-01, 3.890716996222e-05, 0.0000e+00, 0.0000e+00, 
 2DIAGNOSTIC,    29, -7.392139269618e-01, 3.049771052233e-05, 0.0000e+00, 0.0000e+00, 
 2DIAGNOSTIC,    30, -7.392442238427e-01, 2.437115929498e-05, 0.0000e+00, 0.0000e+00, 
 2DIAGNOSTIC,    31, -7.393076330091e-01, 1.935791024195e-05, 0.0000e+00, 0.0000e+00, 
 2DIAGNOSTIC,    32, -7.392324123064e-01, 1.169216551050e-05, 0.0000e+00, 0.0000e+00, 
 2DIAGNOSTIC,    33, -7.392340602811e-01, 5.697463818427e-06, 0.0000e+00, 0.0000e+00, 
 2DIAGNOSTIC,    34, -7.392369532802e-01, 5.229901716919e-06, 0.0000e+00, 0.0000e+00, 
 2DIAGNOSTIC,    35, -7.392436132309e-01, 4.029798318605e-06, 0.0000e+00, 0.0000e+00, 
 2DIAGNOSTIC,    36, -7.392582910743e-01, 3.265469791104e-06, 0.0000e+00, 0.0000e+00, 
 2DIAGNOSTIC,    37, -7.391620236599e-01, 1.676034850642e-06, 0.0000e+00, 0.0000e+00, 
DIAGNOSTIC,Iteration,metricValue,convergenceValue,ITERATION_TIME_INDEX,SINCE_LAST
 2DIAGNOSTIC,     1, -5.960413198509e-01, 1.797693134862e+308, 0.0000e+00, 0.0000e+00, 
 2DIAGNOSTIC,     2, -5.965000655111e-01, 1.797693134862e+308, 0.0000e+00, 0.0000e+00, 
 2DIAGNOSTIC,     3, -5.971523828888e-01, 1.797693134862e+308, 0.0000e+00, 0.0000e+00, 
 2DIAGNOSTIC,     4, -5.979679263496e-01, 1.797693134862e+308, 0.0000e+00, 0.0000e+00, 
 2DIAGNOSTIC,     5, -5.989312304843e-01, 1.797693134862e+308, 0.0000e+00, 0.0000e+00, 
 2DIAGNOSTIC,     6, -6.001341206101e-01, 1.797693134862e+308, 0.0000e+00, 0.0000e+00, 
 2DIAGNOSTIC,     7, -6.016165113214e-01, 1.797693134862e+308, 0.0000e+00, 0.0000e+00, 
 2DIAGNOSTIC,     8, -6.047356128566e-01, 1.797693134862e+308, 0.0000e+00, 0.0000e+00, 
 2DIAGNOSTIC,     9, -6.047510050318e-01, 1.797693134862e+308, 0.0000e+00, 0.0000e+00, 
 2DIAGNOSTIC,    10, -6.047566999932e-01, 1.099287406137e-03, 0.0000e+00, 0.0000e+00, 
 2DIAGNOSTIC,    11, -6.047462007912e-01, 9.752891508879e-04, 0.0000e+00, 0.0000e+00, 
 2DIAGNOSTIC,    12, -6.047406733475e-01, 8.014755853413e-04, 0.0000e+00, 0.0000e+00, 
 2DIAGNOSTIC,    13, -6.047396129386e-01, 6.043163245330e-04, 0.0000e+00, 0.0000e+00, 
 2DIAGNOSTIC,    14, -6.047373509344e-01, 4.082364247318e-04, 0.0000e+00, 0.0000e+00, 
 2DIAGNOSTIC,    15, -6.047306174023e-01, 2.325752478771e-04, 0.0000e+00, 0.0000e+00, 
 2DIAGNOSTIC,    16, -6.047111929396e-01, 9.264410994653e-05, 0.0000e+00, 0.0000e+00, 
DIAGNOSTIC,Iteration,metricValue,convergenceValue,ITERATION_TIME_INDEX,SINCE_LAST
 2DIAGNOSTIC,     1, -5.393615228872e-01, 1.797693134862e+308, 0.0000e+00, 0.0000e+00, 
 2DIAGNOSTIC,     2, -5.397762416845e-01, 1.797693134862e+308, 0.0000e+00, 0.0000e+00, 
 2DIAGNOSTIC,     3, -5.403617729004e-01, 1.797693134862e+308, 0.0000e+00, 0.0000e+00, 
 2DIAGNOSTIC,     4, -5.411495480401e-01, 1.797693134862e+308, 0.0000e+00, 0.0000e+00, 
 2DIAGNOSTIC,     5, -5.420048567487e-01, 1.797693134862e+308, 0.0000e+00, 0.0000e+00, 
 2DIAGNOSTIC,     6, -5.430410648381e-01, 1.797693134862e+308, 0.0000e+00, 0.0000e+00, 
 2DIAGNOSTIC,     7, -5.442373187573e-01, 1.797693134862e+308, 0.0000e+00, 0.0000e+00, 
 2DIAGNOSTIC,     8, -5.442737242208e-01, 1.797693134862e+308, 0.0000e+00, 0.0000e+00, 
 2DIAGNOSTIC,     9, -5.442828622458e-01, 1.797693134862e+308, 0.0000e+00, 0.0000e+00, 
 2DIAGNOSTIC,    10, -5.442826771467e-01, 6.959130014375e-04, 0.0000e+00, 0.0000e+00, 
 2DIAGNOSTIC,    11, -5.442842665871e-01, 5.454033084975e-04, 0.0000e+00, 0.0000e+00, 
 2DIAGNOSTIC,    12, -5.442933615050e-01, 3.891628811599e-04, 0.0000e+00, 0.0000e+00, 
 2DIAGNOSTIC,    13, -5.442934075559e-01, 2.456950690905e-04, 0.0000e+00, 0.0000e+00, 
 2DIAGNOSTIC,    14, -5.443024350740e-01, 1.307591391443e-04, 0.0000e+00, 0.0000e+00, 
 2DIAGNOSTIC,    15, -5.443323060859e-01, 4.983020080827e-05, 0.0000e+00, 0.0000e+00, 
 2DIAGNOSTIC,    16, -5.443901331045e-01, 9.324434263908e-06, 0.0000e+00, 0.0000e+00, 
 2DIAGNOSTIC,    17, -5.445136199475e-01, 1.347469046871e-05, 0.0000e+00, 0.0000e+00, 
 2DIAGNOSTIC,    18, -5.446769527419e-01, 2.181911181989e-05, 0.0000e+00, 0.0000e+00, 
 2DIAGNOSTIC,    19, -5.446737809658e-01, 2.752521396241e-05, 0.0000e+00, 0.0000e+00, 
 2DIAGNOSTIC,    20, -5.446747617000e-01, 3.036675285326e-05, 0.0000e+00, 0.0000e+00, 
 2DIAGNOSTIC,    21, -5.446745315894e-01, 3.031375471318e-05, 0.0000e+00, 0.0000e+00, 
 2DIAGNOSTIC,    22, -5.446726659927e-01, 2.769291488054e-05, 0.0000e+00, 0.0000e+00, 
 2DIAGNOSTIC,    23, -5.446717715264e-01, 2.277809373074e-05, 0.0000e+00, 0.0000e+00, 
 2DIAGNOSTIC,    24, -5.446708914557e-01, 1.647392638758e-05, 0.0000e+00, 0.0000e+00, 
 2DIAGNOSTIC,    25, -5.446701160054e-01, 9.912950860884e-06, 0.0000e+00, 0.0000e+00, 
 2DIAGNOSTIC,    26, -5.446692200163e-01, 4.157142559691e-06, 0.0000e+00, 0.0000e+00, 
DIAGNOSTIC,Iteration,metricValue,convergenceValue,ITERATION_TIME_INDEX,SINCE_LAST
 2DIAGNOSTIC,     1, -4.997715211312e-01, 1.797693134862e+308, 0.0000e+00, 0.0000e+00, 
 2DIAGNOSTIC,     2, -4.999378372157e-01, 1.797693134862e+308, 0.0000e+00, 0.0000e+00, 
 2DIAGNOSTIC,     3, -5.001414839998e-01, 1.797693134862e+308, 0.0000e+00, 0.0000e+00, 
 2DIAGNOSTIC,     4, -5.004134050563e-01, 1.797693134862e+308, 0.0000e+00, 0.0000e+00, 
 2DIAGNOSTIC,     5, -5.004786362836e-01, 1.797693134862e+308, 0.0000e+00, 0.0000e+00, 
 2DIAGNOSTIC,     6, -5.005113306340e-01, 1.797693134862e+308, 0.0000e+00, 0.0000e+00, 
 2DIAGNOSTIC,     7, -5.005853742051e-01, 1.797693134862e+308, 2.5600e+02, 2.5600e+02, 
 2DIAGNOSTIC,     8, -5.005853395261e-01, 1.797693134862e+308, 2.5600e+02, 0.0000e+00, 
 2DIAGNOSTIC,     9, -5.005853960181e-01, 1.797693134862e+308, 2.5600e+02, 0.0000e+00, 
 2DIAGNOSTIC,    10, -5.005854704598e-01, 1.041113273301e-04, 2.5600e+02, 0.0000e+00, 
 2DIAGNOSTIC,    11, -5.005855130666e-01, 6.579684197666e-05, 2.5600e+02, 0.0000e+00, 
 2DIAGNOSTIC,    12, -5.005854818847e-01, 3.596468576086e-05, 2.5600e+02, 0.0000e+00, 
 2DIAGNOSTIC,    13, -5.005855450629e-01, 1.632025931854e-05, 2.5600e+02, 0.0000e+00, 
 2DIAGNOSTIC,    14, -5.005855132901e-01, 9.241475683236e-06, 2.5600e+02, 0.0000e+00, 
 2DIAGNOSTIC,    15, -5.005854532525e-01, 4.936052449417e-06, 2.5600e+02, 0.0000e+00, 
 2DIAGNOSTIC,    16, -5.005854267100e-01, 1.994753787288e-06, 2.5600e+02, 0.0000e+00, 
 2DIAGNOSTIC,    17, -5.005854619491e-01, 1.873503189469e-06, 2.5600e+02, 0.0000e+00, 
 2DIAGNOSTIC,    18, -5.005853810912e-01, 1.761527641871e-06, 2.5600e+02, 0.0000e+00, 
 2DIAGNOSTIC,    19, -5.005854444710e-01, 1.665242513951e-06, 2.5600e+02, 0.0000e+00, 
 2DIAGNOSTIC,    20, -5.005855836669e-01, 1.585222225521e-06, 2.5600e+02, 0.0000e+00, 
 2DIAGNOSTIC,    21, -5.005853684625e-01, 1.508359558450e-06, 2.5600e+02, 0.0000e+00, 
 2DIAGNOSTIC,    22, -5.005853267460e-01, 1.437139720117e-06, 2.5600e+02, 0.0000e+00, 
 2DIAGNOSTIC,    23, -5.005852160069e-01, 1.371603698994e-06, 2.5600e+02, 0.0000e+00, 
 2DIAGNOSTIC,    24, -5.005852192244e-01, 1.311733407026e-06, 2.5600e+02, 0.0000e+00, 
 2DIAGNOSTIC,    25, -5.005852339805e-01, 1.256635689166e-06, 2.5600e+02, 0.0000e+00, 
 2DIAGNOSTIC,    26, -5.005852480374e-01, 1.206812690092e-06, 5.1200e+02, 2.5600e+02, 
 2DIAGNOSTIC,    27, -5.005851153686e-01, 1.160178505870e-06, 5.1200e+02, 0.0000e+00, 
 2DIAGNOSTIC,    28, -5.005850542120e-01, 1.115577001512e-06, 5.1200e+02, 0.0000e+00, 
 2DIAGNOSTIC,    29, -5.005850948313e-01, 1.077734231497e-06, 5.1200e+02, 0.0000e+00, 
 2DIAGNOSTIC,    30, -5.005851619664e-01, 1.047966323588e-06, 5.1200e+02, 0.0000e+00, 
