
##########################
# Experiment information #
##########################

EXPERIMENT_NAME: antsRegistration-r7-p9
VFC_BACKENDS: libinterflop_vprec.so --range-binary32=7 --precision-binary32=9 --range-binary64=7 --precision-binary64=9

SIF_IMG: /home/mdugre/projects/rrg-glatard/mdugre/containers/ants-vprec-no_metrics.simg

SUBJECT_ID: s014
INPUT_IMG: /home/mdugre/scratch/mri-registration-rp/datasets/ds004513/derivatives/mri-registration-rp/antsBrainExtraction/sub-s014/BrainExtractionBrain.nii.gz
OUTPUT_DIR: /home/mdugre/scratch/mri-registration-rp/datasets/ds004513/derivatives/mri-registration-rp/1111/antsRegistration-r7-p9/sub-s014

FIXED_IMG: /templateflow/tpl-MNI152NLin2009cAsym/tpl-MNI152NLin2009cAsym_res-01_desc-brain_T1w.nii.gz
DATA_DIR: /home/mdugre/scratch/mri-registration-rp/datasets/ds004513
TEMPLATEFLOW_DIR: /home/mdugre/projects/rrg-glatard/mdugre/templateflow
ITK_GLOBAL_DEFAULT_NUMBER_OF_THREADS: 16
##########################

Info [verificarlo]: loaded backend libinterflop_vprec.so
Info [interflop-vprec]: load backend with: 
Info [interflop-vprec]: precision-binary32 = 9
Info [interflop-vprec]: range-binary32 = 7
Info [interflop-vprec]: precision-binary64 = 9
Info [interflop-vprec]: range-binary64 = 7
Info [interflop-vprec]: mode = ob
Info [interflop-vprec]: error-mode = rel
Info [interflop-vprec]: max-abs-error-exponent = -1022
Info [interflop-vprec]: daz = false
Info [interflop-vprec]: ftz = false
Info [interflop-vprec]: 	instrument = none
Info [interflop-vprec]: 	prec-input-file = (null)
Info [interflop-vprec]: 	prec-output-file = (null)
Info [interflop-vprec]: 	prec-log-file = (null)
All_Command_lines_OK
Using double precision for computations.
=============================================================================
The composite transform comprises the following transforms (in order): 
  1. Center of mass alignment using fixed image: /templateflow/tpl-MNI152NLin2009cAsym/tpl-MNI152NLin2009cAsym_res-01_desc-brain_T1w.nii.gz and moving image: /home/mdugre/scratch/mri-registration-rp/datasets/ds004513/derivatives/mri-registration-rp/antsBrainExtraction/sub-s014/BrainExtractionBrain.nii.gz (type = Euler3DTransform)
=============================================================================
  number of levels = 1
  fixed image: /templateflow/tpl-MNI152NLin2009cAsym/tpl-MNI152NLin2009cAsym_res-01_desc-brain_T1w.nii.gz
  moving image: /home/mdugre/scratch/mri-registration-rp/datasets/ds004513/derivatives/mri-registration-rp/antsBrainExtraction/sub-s014/BrainExtractionBrain.nii.gz
Dimension = 3
Number of stages = 1
Use histogram matching = false
Winsorize image intensities = true
  Lower quantile = 0.005
  Upper quantile = 0.995


Stage 1 State
   Image metric = MattesMI
     Fixed image = Image (0x50e6880)
  RTTI typeinfo:   itk::Image<double, 3u>
  Reference Count: 2
  Modified Time: 2330
  Debug: Off
  Object Name: 
  Observers: 
    none
  Source: (none)
  Source output name: (none)
  Release Data: Off
  Data Released: False
  Global Release Data: Off
  PipelineMTime: 0
  UpdateMTime: 1941
  RealTimeStamp: 0 seconds 
  LargestPossibleRegion: 
    Dimension: 3
    Index: [0, 0, 0]
    Size: [193, 229, 193]
  BufferedRegion: 
    Dimension: 3
    Index: [0, 0, 0]
    Size: [193, 229, 193]
  RequestedRegion: 
    Dimension: 3
    Index: [0, 0, 0]
    Size: [193, 229, 193]
  Spacing: [1, 1, 1]
  Origin: [96, 132, -78]
  Direction: 
-1 0 0
0 -1 0
0 0 1

  IndexToPointMatrix: 
-1 0 0
0 -1 0
0 0 1

  PointToIndexMatrix: 
-1 0 0
0 -1 0
0 0 1

  Inverse Direction: 
-1 0 0
0 -1 0
0 0 1

  PixelContainer: 
    ImportImageContainer (0x50f2f80)
      RTTI typeinfo:   itk::ImportImageContainer<unsigned long, double>
      Reference Count: 1
      Modified Time: 1938
      Debug: Off
      Object Name: 
      Observers: 
        none
      Pointer: 0x14a098319010
      Container manages memory: true
      Size: 8530021
      Capacity: 8530021

     Moving image = Image (0x50e8740)
  RTTI typeinfo:   itk::Image<double, 3u>
  Reference Count: 2
  Modified Time: 2331
  Debug: Off
  Object Name: 
  Observers: 
    none
  Source: (none)
  Source output name: (none)
  Release Data: Off
  Data Released: False
  Global Release Data: Off
  PipelineMTime: 0
  UpdateMTime: 2328
  RealTimeStamp: 0 seconds 
  LargestPossibleRegion: 
    Dimension: 3
    Index: [0, 0, 0]
    Size: [160, 240, 256]
  BufferedRegion: 
    Dimension: 3
    Index: [0, 0, 0]
    Size: [160, 240, 256]
  RequestedRegion: 
    Dimension: 3
    Index: [0, 0, 0]
    Size: [160, 240, 256]
  Spacing: [1, 1, 1]
  Origin: [84.125, 106.75, -120.5]
  Direction: 
-1 -0.0226746 -0.0157166
0.0226746 -1 0.000356197
-0.0157166 0 1

  IndexToPointMatrix: 
-1 -0.0226746 -0.0157166
0.0226746 -1 0.000356197
-0.0157166 0 1

  PointToIndexMatrix: 
-1 0.0226746 -0.0157166
-0.0226746 -1 0
-0.0157166 0.000356197 1

  Inverse Direction: 
-1 0.0226746 -0.0157166
-0.0226746 -1 0
-0.0157166 0.000356197 1

  PixelContainer: 
    ImportImageContainer (0x51a2f90)
      RTTI typeinfo:   itk::ImportImageContainer<unsigned long, double>
      Reference Count: 1
      Modified Time: 2325
      Debug: Off
      Object Name: 
      Observers: 
        none
      Pointer: 0x14a093818010
      Container manages memory: true
      Size: 9830400
      Capacity: 9830400

     Weighting = 1
     Sampling strategy = regular
     Number of bins = 32
     Radius = 4
     Sampling percentage  = 0.25
   Transform = Rigid
     Gradient step = 0.1
     Update field sigma (voxel space) = 0
     Total field sigma (voxel space) = 0
     Update field time sigma = 0
     Total field time sigma  = 0
     Number of time indices = 0
     Number of time point samples = 0
Registration using 1 total stages.

Stage 0
  iterations = 0
  convergence threshold = 1e-06
  convergence window size = 10
  number of levels = 1
  using the Mattes MI metric (number of bins = 32, weight = 1, use gradient filter = 0)
  preprocessing:  winsorizing the image intensities
  Shrink factors (level 1 out of 1): [1, 1, 1]
  smoothing sigmas per level: [0]
  regular sampling (percentage = 0.25)

*** Running Euler3DTransform registration ***

  Elapsed time (stage 0): 0


Total elapsed time: 0
Info [verificarlo]: loaded backend libinterflop_vprec.so
Info [interflop-vprec]: load backend with: 
Info [interflop-vprec]: precision-binary32 = 9
Info [interflop-vprec]: range-binary32 = 7
Info [interflop-vprec]: precision-binary64 = 9
Info [interflop-vprec]: range-binary64 = 7
Info [interflop-vprec]: mode = ob
Info [interflop-vprec]: error-mode = rel
Info [interflop-vprec]: max-abs-error-exponent = -1022
Info [interflop-vprec]: daz = false
Info [interflop-vprec]: ftz = false
Info [interflop-vprec]: 	instrument = none
Info [interflop-vprec]: 	prec-input-file = (null)
Info [interflop-vprec]: 	prec-output-file = (null)
Info [interflop-vprec]: 	prec-log-file = (null)
All_Command_lines_OK
Using double precision for computations.
=============================================================================
The composite transform comprises the following transforms (in order): 
  1. /home/mdugre/scratch/mri-registration-rp/datasets/ds004513/derivatives/mri-registration-rp/1111/antsRegistration-r7-p9/sub-s014/align_Composite.h5[0] (type = Euler3DTransform)
  2. /home/mdugre/scratch/mri-registration-rp/datasets/ds004513/derivatives/mri-registration-rp/1111/antsRegistration-r7-p9/sub-s014/align_Composite.h5[1] (type = Euler3DTransform)
=============================================================================
  number of levels = 4
  fixed image: /templateflow/tpl-MNI152NLin2009cAsym/tpl-MNI152NLin2009cAsym_res-01_desc-brain_T1w.nii.gz
  moving image: /home/mdugre/scratch/mri-registration-rp/datasets/ds004513/derivatives/mri-registration-rp/antsBrainExtraction/sub-s014/BrainExtractionBrain.nii.gz
Dimension = 3
Number of stages = 1
Use histogram matching = false
Winsorize image intensities = true
  Lower quantile = 0.005
  Upper quantile = 0.995


Stage 1 State
   Image metric = MattesMI
     Fixed image = Image (0x353f1e0)
  RTTI typeinfo:   itk::Image<double, 3u>
  Reference Count: 2
  Modified Time: 1578
  Debug: Off
  Object Name: 
  Observers: 
    none
  Source: (none)
  Source output name: (none)
  Release Data: Off
  Data Released: False
  Global Release Data: Off
  PipelineMTime: 0
  UpdateMTime: 1189
  RealTimeStamp: 0 seconds 
  LargestPossibleRegion: 
    Dimension: 3
    Index: [0, 0, 0]
    Size: [193, 229, 193]
  BufferedRegion: 
    Dimension: 3
    Index: [0, 0, 0]
    Size: [193, 229, 193]
  RequestedRegion: 
    Dimension: 3
    Index: [0, 0, 0]
    Size: [193, 229, 193]
  Spacing: [1, 1, 1]
  Origin: [96, 132, -78]
  Direction: 
-1 0 0
0 -1 0
0 0 1

  IndexToPointMatrix: 
-1 0 0
0 -1 0
0 0 1

  PointToIndexMatrix: 
-1 0 0
0 -1 0
0 0 1

  Inverse Direction: 
-1 0 0
0 -1 0
0 0 1

  PixelContainer: 
    ImportImageContainer (0x35b8730)
      RTTI typeinfo:   itk::ImportImageContainer<unsigned long, double>
      Reference Count: 1
      Modified Time: 1186
      Debug: Off
      Object Name: 
      Observers: 
        none
      Pointer: 0x15087672a010
      Container manages memory: true
      Size: 8530021
      Capacity: 8530021

     Moving image = Image (0x35fae20)
  RTTI typeinfo:   itk::Image<double, 3u>
  Reference Count: 2
  Modified Time: 1579
  Debug: Off
  Object Name: 
  Observers: 
    none
  Source: (none)
  Source output name: (none)
  Release Data: Off
  Data Released: False
  Global Release Data: Off
  PipelineMTime: 0
  UpdateMTime: 1576
  RealTimeStamp: 0 seconds 
  LargestPossibleRegion: 
    Dimension: 3
    Index: [0, 0, 0]
    Size: [160, 240, 256]
  BufferedRegion: 
    Dimension: 3
    Index: [0, 0, 0]
    Size: [160, 240, 256]
  RequestedRegion: 
    Dimension: 3
    Index: [0, 0, 0]
    Size: [160, 240, 256]
  Spacing: [1, 1, 1]
  Origin: [84.125, 106.75, -120.5]
  Direction: 
-1 -0.0226746 -0.0157166
0.0226746 -1 0.000356197
-0.0157166 0 1

  IndexToPointMatrix: 
-1 -0.0226746 -0.0157166
0.0226746 -1 0.000356197
-0.0157166 0 1

  PointToIndexMatrix: 
-1 0.0226746 -0.0157166
-0.0226746 -1 0
-0.0157166 0.000356197 1

  Inverse Direction: 
-1 0.0226746 -0.0157166
-0.0226746 -1 0
-0.0157166 0.000356197 1

  PixelContainer: 
    ImportImageContainer (0x35b2b50)
      RTTI typeinfo:   itk::ImportImageContainer<unsigned long, double>
      Reference Count: 1
      Modified Time: 1573
      Debug: Off
      Object Name: 
      Observers: 
        none
      Pointer: 0x150871c29010
      Container manages memory: true
      Size: 9830400
      Capacity: 9830400

     Weighting = 1
     Sampling strategy = regular
     Number of bins = 32
     Radius = 4
     Sampling percentage  = 0.25
   Transform = Rigid
     Gradient step = 0.1
     Update field sigma (voxel space) = 0
     Total field sigma (voxel space) = 0
     Update field time sigma = 0
     Total field time sigma  = 0
     Number of time indices = 0
     Number of time point samples = 0
Registration using 1 total stages.

Stage 0
  iterations = 1000x500x250x100
  convergence threshold = 1e-06
  convergence window size = 10
  number of levels = 4
  using the Mattes MI metric (number of bins = 32, weight = 1, use gradient filter = 0)
  preprocessing:  winsorizing the image intensities
  Shrink factors (level 1 out of 4): [8, 8, 8]
  Shrink factors (level 2 out of 4): [4, 4, 4]
  Shrink factors (level 3 out of 4): [2, 2, 2]
  Shrink factors (level 4 out of 4): [1, 1, 1]
  smoothing sigmas per level: [3, 2, 1, 0]
  regular sampling (percentage = 0.25)

*** Running Euler3DTransform registration ***

DIAGNOSTIC,Iteration,metricValue,convergenceValue,ITERATION_TIME_INDEX,SINCE_LAST
 2DIAGNOSTIC,     1, -7.766929626743e-02, 1.797693134862e+308, 0.0000e+00, 0.0000e+00, 
 2DIAGNOSTIC,     2, -7.828774864443e-02, 1.797693134862e+308, 0.0000e+00, 0.0000e+00, 
 2DIAGNOSTIC,     3, -7.814839116679e-02, 1.797693134862e+308, 0.0000e+00, 0.0000e+00, 
 2DIAGNOSTIC,     4, -7.846803032839e-02, 1.797693134862e+308, 0.0000e+00, 0.0000e+00, 
 2DIAGNOSTIC,     5, -7.822005250796e-02, 1.797693134862e+308, 0.0000e+00, 0.0000e+00, 
 2DIAGNOSTIC,     6, -7.825234503635e-02, 1.797693134862e+308, 0.0000e+00, 0.0000e+00, 
 2DIAGNOSTIC,     7, -7.801566311607e-02, 1.797693134862e+308, 0.0000e+00, 0.0000e+00, 
 2DIAGNOSTIC,     8, -7.864531170757e-02, 1.797693134862e+308, 0.0000e+00, 0.0000e+00, 
 2DIAGNOSTIC,     9, -7.890259620442e-02, 1.797693134862e+308, 0.0000e+00, 0.0000e+00, 
 2DIAGNOSTIC,    10, -7.879015666737e-02, 6.533803546410e-04, 0.0000e+00, 0.0000e+00, 
 2DIAGNOSTIC,    11, -7.881968355565e-02, 5.132193523064e-04, 0.0000e+00, 0.0000e+00, 
 2DIAGNOSTIC,    12, -7.881968355565e-02, 5.396083762214e-04, 0.0000e+00, 0.0000e+00, 
 2DIAGNOSTIC,    13, -7.881968355565e-02, 4.676110040239e-04, 0.0000e+00, 0.0000e+00, 
 2DIAGNOSTIC,    14, -7.881968355565e-02, 4.455685124285e-04, 0.0000e+00, 0.0000e+00, 
 2DIAGNOSTIC,    15, -7.881968355565e-02, 3.278381174483e-04, 0.0000e+00, 0.0000e+00, 
 2DIAGNOSTIC,    16, -7.881968355565e-02, 2.063231477097e-04, 0.0000e+00, 0.0000e+00, 
 2DIAGNOSTIC,    17, -7.881968355565e-02, 2.612065514766e-05, 0.0000e+00, 0.0000e+00, 
DIAGNOSTIC,Iteration,metricValue,convergenceValue,ITERATION_TIME_INDEX,SINCE_LAST
 2DIAGNOSTIC,     1, -1.876527221080e-02, 1.797693134862e+308, 0.0000e+00, 0.0000e+00, 
 2DIAGNOSTIC,     2, -1.878285311706e-02, 1.797693134862e+308, 0.0000e+00, 0.0000e+00, 
 2DIAGNOSTIC,     3, -1.878925483835e-02, 1.797693134862e+308, 0.0000e+00, 0.0000e+00, 
 2DIAGNOSTIC,     4, -1.878461322821e-02, 1.797693134862e+308, 0.0000e+00, 0.0000e+00, 
 2DIAGNOSTIC,     5, -1.876629819995e-02, 1.797693134862e+308, 0.0000e+00, 0.0000e+00, 
 2DIAGNOSTIC,     6, -1.877082013245e-02, 1.797693134862e+308, 0.0000e+00, 0.0000e+00, 
 2DIAGNOSTIC,     7, -1.877081947606e-02, 1.797693134862e+308, 0.0000e+00, 0.0000e+00, 
 2DIAGNOSTIC,     8, -1.876997897441e-02, 1.797693134862e+308, 0.0000e+00, 0.0000e+00, 
 2DIAGNOSTIC,     9, -1.876262748756e-02, 1.797693134862e+308, 0.0000e+00, 0.0000e+00, 
DIAGNOSTIC,Iteration,metricValue,convergenceValue,ITERATION_TIME_INDEX,SINCE_LAST
 2DIAGNOSTIC,     1, -7.180017928131e-03, 1.797693134862e+308, 0.0000e+00, 0.0000e+00, 
 2DIAGNOSTIC,     2, -7.198287196041e-03, 1.797693134862e+308, 0.0000e+00, 0.0000e+00, 
 2DIAGNOSTIC,     3, -7.221510742587e-03, 1.797693134862e+308, 0.0000e+00, 0.0000e+00, 
 2DIAGNOSTIC,     4, -7.264196112299e-03, 1.797693134862e+308, 0.0000e+00, 0.0000e+00, 
 2DIAGNOSTIC,     5, -7.270719733468e-03, 1.797693134862e+308, 0.0000e+00, 0.0000e+00, 
 2DIAGNOSTIC,     6, -7.385485958638e-03, 1.797693134862e+308, 0.0000e+00, 0.0000e+00, 
 2DIAGNOSTIC,     7, -7.614737074531e-03, 1.797693134862e+308, 0.0000e+00, 0.0000e+00, 
 2DIAGNOSTIC,     8, -7.852029534036e-03, 1.797693134862e+308, 0.0000e+00, 0.0000e+00, 
 2DIAGNOSTIC,     9, -7.801667448495e-03, 1.797693134862e+308, 0.0000e+00, 0.0000e+00, 
 2DIAGNOSTIC,    10, -7.767521052265e-03, 6.632563486157e-03, 0.0000e+00, 0.0000e+00, 
 2DIAGNOSTIC,    11, -7.888284340451e-03, 6.390297892639e-03, 0.0000e+00, 0.0000e+00, 
 2DIAGNOSTIC,    12, -7.810274141639e-03, 5.404700715995e-03, 0.0000e+00, 0.0000e+00, 
 2DIAGNOSTIC,    13, -7.821568779085e-03, 4.186424495538e-03, 0.0000e+00, 0.0000e+00, 
 2DIAGNOSTIC,    14, -8.070185892023e-03, 3.558448333914e-03, 0.0000e+00, 0.0000e+00, 
 2DIAGNOSTIC,    15, -9.148776566063e-03, 5.334388159973e-03, 0.0000e+00, 0.0000e+00, 
 2DIAGNOSTIC,    16, -9.418600320181e-03, 7.150155482902e-03, 0.0000e+00, 0.0000e+00, 
 2DIAGNOSTIC,    17, -9.422143220425e-03, 8.557976761929e-03, 0.0000e+00, 0.0000e+00, 
 2DIAGNOSTIC,    18, -9.412969792416e-03, 9.497860372460e-03, 0.0000e+00, 0.0000e+00, 
 2DIAGNOSTIC,    19, -9.574364468684e-03, 9.641857328652e-03, 0.0000e+00, 0.0000e+00, 
 2DIAGNOSTIC,    20, -1.005297489561e-02, 9.577708628859e-03, 0.0000e+00, 0.0000e+00, 
 2DIAGNOSTIC,    21, -1.301887526293e-02, 1.344984429940e-02, 0.0000e+00, 0.0000e+00, 
 2DIAGNOSTIC,    22, -2.271661609664e-02, 2.847007854631e-02, 0.0000e+00, 0.0000e+00, 
 2DIAGNOSTIC,    23, -3.121846022033e-02, 4.674562533064e-02, 0.0000e+00, 0.0000e+00, 
 2DIAGNOSTIC,    24, -6.984823294654e-02, 8.606927124260e-02, 0.0000e+00, 0.0000e+00, 
 2DIAGNOSTIC,    25, -7.186923228365e-02, 1.048435789161e-01, 0.0000e+00, 0.0000e+00, 
 2DIAGNOSTIC,    26, -8.268085015500e-02, 1.135649219531e-01, 0.0000e+00, 0.0000e+00, 
 2DIAGNOSTIC,    27, -8.304390389942e-02, 1.104086594433e-01, 0.0000e+00, 0.0000e+00, 
 2DIAGNOSTIC,    28, -8.322429353853e-02, 9.873482639485e-02, 0.0000e+00, 0.0000e+00, 
 2DIAGNOSTIC,    29, -8.281085102923e-02, 8.111036986228e-02, 0.0000e+00, 0.0000e+00, 
 2DIAGNOSTIC,    30, -8.263271457369e-02, 6.021223287058e-02, 0.0000e+00, 0.0000e+00, 
 2DIAGNOSTIC,    31, -8.290931400106e-02, 3.909915423821e-02, 0.0000e+00, 0.0000e+00, 
 2DIAGNOSTIC,    32, -8.296212838876e-02, 2.113580355889e-02, 0.0000e+00, 0.0000e+00, 
 2DIAGNOSTIC,    33, -8.296212838876e-02, 6.234198584764e-03, 0.0000e+00, 0.0000e+00, 
 2DIAGNOSTIC,    34, -8.296212838876e-02, 2.823259907285e-03, 0.0000e+00, 0.0000e+00, 
 2DIAGNOSTIC,    35, -8.296212838876e-02, 3.368043964359e-05, 0.0000e+00, 0.0000e+00, 
DIAGNOSTIC,Iteration,metricValue,convergenceValue,ITERATION_TIME_INDEX,SINCE_LAST
 2DIAGNOSTIC,     1, -7.485157932793e-02, 1.797693134862e+308, 0.0000e+00, 0.0000e+00, 
 2DIAGNOSTIC,     2, -7.487991899282e-02, 1.797693134862e+308, 0.0000e+00, 0.0000e+00, 
 2DIAGNOSTIC,     3, -7.487991899282e-02, 1.797693134862e+308, 0.0000e+00, 0.0000e+00, 
 2DIAGNOSTIC,     4, -7.487991899282e-02, 1.797693134862e+308, 0.0000e+00, 0.0000e+00, 
 2DIAGNOSTIC,     5, -7.487991899282e-02, 1.797693134862e+308, 0.0000e+00, 0.0000e+00, 
 2DIAGNOSTIC,     6, -7.487991899282e-02, 1.797693134862e+308, 0.0000e+00, 0.0000e+00, 
 2DIAGNOSTIC,     7, -7.487991899282e-02, 1.797693134862e+308, 0.0000e+00, 0.0000e+00, 
 2DIAGNOSTIC,     8, -7.487991899282e-02, 1.797693134862e+308, 0.0000e+00, 0.0000e+00, 
 2DIAGNOSTIC,     9, -7.487991899282e-02, 1.797693134862e+308, 0.0000e+00, 0.0000e+00, 
 2DIAGNOSTIC,    10, -7.487991899282e-02, 1.075847304884e-05, 0.0000e+00, 0.0000e+00, 
  Elapsed time (stage 0): 0.0000e+00


Total elapsed time: 0.0000e+00
Info [verificarlo]: loaded backend libinterflop_vprec.so
Info [interflop-vprec]: load backend with: 
Info [interflop-vprec]: precision-binary32 = 9
Info [interflop-vprec]: range-binary32 = 7
Info [interflop-vprec]: precision-binary64 = 9
Info [interflop-vprec]: range-binary64 = 7
Info [interflop-vprec]: mode = ob
Info [interflop-vprec]: error-mode = rel
Info [interflop-vprec]: max-abs-error-exponent = -1022
Info [interflop-vprec]: daz = false
Info [interflop-vprec]: ftz = false
Info [interflop-vprec]: 	instrument = none
Info [interflop-vprec]: 	prec-input-file = (null)
Info [interflop-vprec]: 	prec-output-file = (null)
Info [interflop-vprec]: 	prec-log-file = (null)
All_Command_lines_OK
Using double precision for computations.
=============================================================================
The composite transform comprises the following transforms (in order): 
  1. /home/mdugre/scratch/mri-registration-rp/datasets/ds004513/derivatives/mri-registration-rp/1111/antsRegistration-r7-p9/sub-s014/rigid_Composite.h5[0] (type = Euler3DTransform)
  2. /home/mdugre/scratch/mri-registration-rp/datasets/ds004513/derivatives/mri-registration-rp/1111/antsRegistration-r7-p9/sub-s014/rigid_Composite.h5[1] (type = Euler3DTransform)
  3. /home/mdugre/scratch/mri-registration-rp/datasets/ds004513/derivatives/mri-registration-rp/1111/antsRegistration-r7-p9/sub-s014/rigid_Composite.h5[2] (type = Euler3DTransform)
=============================================================================
  number of levels = 4
  fixed image: /templateflow/tpl-MNI152NLin2009cAsym/tpl-MNI152NLin2009cAsym_res-01_desc-brain_T1w.nii.gz
  moving image: /home/mdugre/scratch/mri-registration-rp/datasets/ds004513/derivatives/mri-registration-rp/antsBrainExtraction/sub-s014/BrainExtractionBrain.nii.gz
Dimension = 3
Number of stages = 1
Use histogram matching = false
Winsorize image intensities = true
  Lower quantile = 0.005
  Upper quantile = 0.995


Stage 1 State
   Image metric = MattesMI
     Fixed image = Image (0x43681e0)
  RTTI typeinfo:   itk::Image<double, 3u>
  Reference Count: 2
  Modified Time: 1592
  Debug: Off
  Object Name: 
  Observers: 
    none
  Source: (none)
  Source output name: (none)
  Release Data: Off
  Data Released: False
  Global Release Data: Off
  PipelineMTime: 0
  UpdateMTime: 1203
  RealTimeStamp: 0 seconds 
  LargestPossibleRegion: 
    Dimension: 3
    Index: [0, 0, 0]
    Size: [193, 229, 193]
  BufferedRegion: 
    Dimension: 3
    Index: [0, 0, 0]
    Size: [193, 229, 193]
  RequestedRegion: 
    Dimension: 3
    Index: [0, 0, 0]
    Size: [193, 229, 193]
  Spacing: [1, 1, 1]
  Origin: [96, 132, -78]
  Direction: 
-1 0 0
0 -1 0
0 0 1

  IndexToPointMatrix: 
-1 0 0
0 -1 0
0 0 1

  PointToIndexMatrix: 
-1 0 0
0 -1 0
0 0 1

  Inverse Direction: 
-1 0 0
0 -1 0
0 0 1

  PixelContainer: 
    ImportImageContainer (0x4433900)
      RTTI typeinfo:   itk::ImportImageContainer<unsigned long, double>
      Reference Count: 1
      Modified Time: 1200
      Debug: Off
      Object Name: 
      Observers: 
        none
      Pointer: 0x1517f1067010
      Container manages memory: true
      Size: 8530021
      Capacity: 8530021

     Moving image = Image (0x4423e20)
  RTTI typeinfo:   itk::Image<double, 3u>
  Reference Count: 2
  Modified Time: 1593
  Debug: Off
  Object Name: 
  Observers: 
    none
  Source: (none)
  Source output name: (none)
  Release Data: Off
  Data Released: False
  Global Release Data: Off
  PipelineMTime: 0
  UpdateMTime: 1590
  RealTimeStamp: 0 seconds 
  LargestPossibleRegion: 
    Dimension: 3
    Index: [0, 0, 0]
    Size: [160, 240, 256]
  BufferedRegion: 
    Dimension: 3
    Index: [0, 0, 0]
    Size: [160, 240, 256]
  RequestedRegion: 
    Dimension: 3
    Index: [0, 0, 0]
    Size: [160, 240, 256]
  Spacing: [1, 1, 1]
  Origin: [84.125, 106.75, -120.5]
  Direction: 
-1 -0.0226746 -0.0157166
0.0226746 -1 0.000356197
-0.0157166 0 1

  IndexToPointMatrix: 
-1 -0.0226746 -0.0157166
0.0226746 -1 0.000356197
-0.0157166 0 1

  PointToIndexMatrix: 
-1 0.0226746 -0.0157166
-0.0226746 -1 0
-0.0157166 0.000356197 1

  Inverse Direction: 
-1 0.0226746 -0.0157166
-0.0226746 -1 0
-0.0157166 0.000356197 1

  PixelContainer: 
    ImportImageContainer (0x4537310)
      RTTI typeinfo:   itk::ImportImageContainer<unsigned long, double>
      Reference Count: 1
      Modified Time: 1587
      Debug: Off
      Object Name: 
      Observers: 
        none
      Pointer: 0x1517ec566010
      Container manages memory: true
      Size: 9830400
      Capacity: 9830400

     Weighting = 1
     Sampling strategy = regular
     Number of bins = 32
     Radius = 4
     Sampling percentage  = 0.25
   Transform = Affine
     Gradient step = 0.1
     Update field sigma (voxel space) = 0
     Total field sigma (voxel space) = 0
     Update field time sigma = 0
     Total field time sigma  = 0
     Number of time indices = 0
     Number of time point samples = 0
Registration using 1 total stages.

Stage 0
  iterations = 1000x500x250x100
  convergence threshold = 1e-06
  convergence window size = 10
  number of levels = 4
  using the Mattes MI metric (number of bins = 32, weight = 1, use gradient filter = 0)
  preprocessing:  winsorizing the image intensities
  Shrink factors (level 1 out of 4): [8, 8, 8]
  Shrink factors (level 2 out of 4): [4, 4, 4]
  Shrink factors (level 3 out of 4): [2, 2, 2]
  Shrink factors (level 4 out of 4): [1, 1, 1]
  smoothing sigmas per level: [3, 2, 1, 0]
  regular sampling (percentage = 0.25)

*** Running AffineTransform registration ***

DIAGNOSTIC,Iteration,metricValue,convergenceValue,ITERATION_TIME_INDEX,SINCE_LAST
 2DIAGNOSTIC,     1, -1.419654436924e-01, 1.797693134862e+308, 0.0000e+00, 0.0000e+00, 
 2DIAGNOSTIC,     2, -1.423864758945e-01, 1.797693134862e+308, 0.0000e+00, 0.0000e+00, 
 2DIAGNOSTIC,     3, -1.428739922217e-01, 1.797693134862e+308, 0.0000e+00, 0.0000e+00, 
 2DIAGNOSTIC,     4, -1.430511851969e-01, 1.797693134862e+308, 0.0000e+00, 0.0000e+00, 
 2DIAGNOSTIC,     5, -1.431194545913e-01, 1.797693134862e+308, 0.0000e+00, 0.0000e+00, 
 2DIAGNOSTIC,     6, -1.431421303266e-01, 1.797693134862e+308, 0.0000e+00, 0.0000e+00, 
 2DIAGNOSTIC,     7, -1.428013447663e-01, 1.797693134862e+308, 0.0000e+00, 0.0000e+00, 
 2DIAGNOSTIC,     8, -1.426040044473e-01, 1.797693134862e+308, 0.0000e+00, 0.0000e+00, 
 2DIAGNOSTIC,     9, -1.425854257301e-01, 1.797693134862e+308, 0.0000e+00, 0.0000e+00, 
 2DIAGNOSTIC,    10, -1.427123385969e-01, 1.231316697394e-04, 0.0000e+00, 0.0000e+00, 
DIAGNOSTIC,Iteration,metricValue,convergenceValue,ITERATION_TIME_INDEX,SINCE_LAST
 2DIAGNOSTIC,     1, -1.027128171798e-01, 1.797693134862e+308, 0.0000e+00, 0.0000e+00, 
 2DIAGNOSTIC,     2, -1.026604787528e-01, 1.797693134862e+308, 0.0000e+00, 0.0000e+00, 
 2DIAGNOSTIC,     3, -1.030549468384e-01, 1.797693134862e+308, 0.0000e+00, 0.0000e+00, 
 2DIAGNOSTIC,     4, -1.029927678897e-01, 1.797693134862e+308, 0.0000e+00, 0.0000e+00, 
 2DIAGNOSTIC,     5, -1.029491308480e-01, 1.797693134862e+308, 0.0000e+00, 0.0000e+00, 
 2DIAGNOSTIC,     6, -1.029746212939e-01, 1.797693134862e+308, 0.0000e+00, 0.0000e+00, 
 2DIAGNOSTIC,     7, -1.029967630403e-01, 1.797693134862e+308, 0.0000e+00, 0.0000e+00, 
 2DIAGNOSTIC,     8, -1.029962003301e-01, 1.797693134862e+308, 0.0000e+00, 0.0000e+00, 
 2DIAGNOSTIC,     9, -1.029448941082e-01, 1.797693134862e+308, 0.0000e+00, 0.0000e+00, 
 2DIAGNOSTIC,    10, -1.029214036216e-01, 1.165009557051e-04, 0.0000e+00, 0.0000e+00, 
 2DIAGNOSTIC,    11, -1.029269045804e-01, 3.561452448436e-05, 0.0000e+00, 0.0000e+00, 
DIAGNOSTIC,Iteration,metricValue,convergenceValue,ITERATION_TIME_INDEX,SINCE_LAST
 2DIAGNOSTIC,     1, -8.310538338830e-02, 1.797693134862e+308, 0.0000e+00, 0.0000e+00, 
 2DIAGNOSTIC,     2, -8.308474789496e-02, 1.797693134862e+308, 0.0000e+00, 0.0000e+00, 
 2DIAGNOSTIC,     3, -8.309324161348e-02, 1.797693134862e+308, 0.0000e+00, 0.0000e+00, 
 2DIAGNOSTIC,     4, -8.311469512218e-02, 1.797693134862e+308, 0.0000e+00, 0.0000e+00, 
 2DIAGNOSTIC,     5, -8.309771142110e-02, 1.797693134862e+308, 0.0000e+00, 0.0000e+00, 
 2DIAGNOSTIC,     6, -8.309805176308e-02, 1.797693134862e+308, 0.0000e+00, 0.0000e+00, 
 2DIAGNOSTIC,     7, -8.309805176308e-02, 1.797693134862e+308, 0.0000e+00, 0.0000e+00, 
 2DIAGNOSTIC,     8, -8.309805176308e-02, 1.797693134862e+308, 0.0000e+00, 0.0000e+00, 
 2DIAGNOSTIC,     9, -8.309805176308e-02, 1.797693134862e+308, 0.0000e+00, 0.0000e+00, 
DIAGNOSTIC,Iteration,metricValue,convergenceValue,ITERATION_TIME_INDEX,SINCE_LAST
 2DIAGNOSTIC,     1, -7.515133675697e-02, 1.797693134862e+308, 0.0000e+00, 0.0000e+00, 
 2DIAGNOSTIC,     2, -7.518886993061e-02, 1.797693134862e+308, 0.0000e+00, 0.0000e+00, 
 2DIAGNOSTIC,     3, -7.522305261249e-02, 1.797693134862e+308, 0.0000e+00, 0.0000e+00, 
 2DIAGNOSTIC,     4, -7.524584618447e-02, 1.797693134862e+308, 0.0000e+00, 0.0000e+00, 
 2DIAGNOSTIC,     5, -7.543274906633e-02, 1.797693134862e+308, 0.0000e+00, 0.0000e+00, 
 2DIAGNOSTIC,     6, -7.547286175824e-02, 1.797693134862e+308, 0.0000e+00, 0.0000e+00, 
 2DIAGNOSTIC,     7, -7.562826368641e-02, 1.797693134862e+308, 0.0000e+00, 0.0000e+00, 
 2DIAGNOSTIC,     8, -7.563352195072e-02, 1.797693134862e+308, 0.0000e+00, 0.0000e+00, 
 2DIAGNOSTIC,     9, -7.564562213549e-02, 1.797693134862e+308, 0.0000e+00, 0.0000e+00, 
 2DIAGNOSTIC,    10, -7.564670524021e-02, 5.153667615144e-04, 0.0000e+00, 0.0000e+00, 
 2DIAGNOSTIC,    11, -7.564519736875e-02, 4.200415532210e-04, 0.0000e+00, 0.0000e+00, 
 2DIAGNOSTIC,    12, -7.564035255123e-02, 3.131929802374e-04, 0.0000e+00, 0.0000e+00, 
 2DIAGNOSTIC,    13, -7.563747298197e-02, 2.040935776560e-04, 0.0000e+00, 0.0000e+00, 
 2DIAGNOSTIC,    14, -7.563747298197e-02, 9.752570995740e-05, 0.0000e+00, 0.0000e+00, 
 2DIAGNOSTIC,    15, -7.563747298197e-02, 4.335243667290e-05, 0.0000e+00, 0.0000e+00, 
  Elapsed time (stage 0): 0.0000e+00


Total elapsed time: 0.0000e+00
Info [verificarlo]: loaded backend libinterflop_vprec.so
Info [interflop-vprec]: load backend with: 
Info [interflop-vprec]: precision-binary32 = 9
Info [interflop-vprec]: range-binary32 = 7
Info [interflop-vprec]: precision-binary64 = 9
Info [interflop-vprec]: range-binary64 = 7
Info [interflop-vprec]: mode = ob
Info [interflop-vprec]: error-mode = rel
Info [interflop-vprec]: max-abs-error-exponent = -1022
Info [interflop-vprec]: daz = false
Info [interflop-vprec]: ftz = false
Info [interflop-vprec]: 	instrument = none
Info [interflop-vprec]: 	prec-input-file = (null)
Info [interflop-vprec]: 	prec-output-file = (null)
Info [interflop-vprec]: 	prec-log-file = (null)
All_Command_lines_OK
Using double precision for computations.
=============================================================================
The composite transform comprises the following transforms (in order): 
  1. /home/mdugre/scratch/mri-registration-rp/datasets/ds004513/derivatives/mri-registration-rp/1111/antsRegistration-r7-p9/sub-s014/affine_Composite.h5[0] (type = Euler3DTransform)
  2. /home/mdugre/scratch/mri-registration-rp/datasets/ds004513/derivatives/mri-registration-rp/1111/antsRegistration-r7-p9/sub-s014/affine_Composite.h5[1] (type = Euler3DTransform)
  3. /home/mdugre/scratch/mri-registration-rp/datasets/ds004513/derivatives/mri-registration-rp/1111/antsRegistration-r7-p9/sub-s014/affine_Composite.h5[2] (type = Euler3DTransform)
  4. /home/mdugre/scratch/mri-registration-rp/datasets/ds004513/derivatives/mri-registration-rp/1111/antsRegistration-r7-p9/sub-s014/affine_Composite.h5[3] (type = AffineTransform)
=============================================================================
  number of levels = 4
  fixed image: /templateflow/tpl-MNI152NLin2009cAsym/tpl-MNI152NLin2009cAsym_res-01_desc-brain_T1w.nii.gz
  moving image: /home/mdugre/scratch/mri-registration-rp/datasets/ds004513/derivatives/mri-registration-rp/antsBrainExtraction/sub-s014/BrainExtractionBrain.nii.gz
Dimension = 3
Number of stages = 1
Use histogram matching = false
Winsorize image intensities = true
  Lower quantile = 0.005
  Upper quantile = 0.995


Stage 1 State
   Image metric = CC
     Fixed image = Image (0x44426f0)
  RTTI typeinfo:   itk::Image<double, 3u>
  Reference Count: 2
  Modified Time: 1606
  Debug: Off
  Object Name: 
  Observers: 
    none
  Source: (none)
  Source output name: (none)
  Release Data: Off
  Data Released: False
  Global Release Data: Off
  PipelineMTime: 0
  UpdateMTime: 1217
  RealTimeStamp: 0 seconds 
  LargestPossibleRegion: 
    Dimension: 3
    Index: [0, 0, 0]
    Size: [193, 229, 193]
  BufferedRegion: 
    Dimension: 3
    Index: [0, 0, 0]
    Size: [193, 229, 193]
  RequestedRegion: 
    Dimension: 3
    Index: [0, 0, 0]
    Size: [193, 229, 193]
  Spacing: [1, 1, 1]
  Origin: [96, 132, -78]
  Direction: 
-1 0 0
0 -1 0
0 0 1

  IndexToPointMatrix: 
-1 0 0
0 -1 0
0 0 1

  PointToIndexMatrix: 
-1 0 0
0 -1 0
0 0 1

  Inverse Direction: 
-1 0 0
0 -1 0
0 0 1

  PixelContainer: 
    ImportImageContainer (0x450ff20)
      RTTI typeinfo:   itk::ImportImageContainer<unsigned long, double>
      Reference Count: 1
      Modified Time: 1214
      Debug: Off
      Object Name: 
      Observers: 
        none
      Pointer: 0x14744e4f2010
      Container manages memory: true
      Size: 8530021
      Capacity: 8530021

     Moving image = Image (0x44fdff0)
  RTTI typeinfo:   itk::Image<double, 3u>
  Reference Count: 2
  Modified Time: 1607
  Debug: Off
  Object Name: 
  Observers: 
    none
  Source: (none)
  Source output name: (none)
  Release Data: Off
  Data Released: False
  Global Release Data: Off
  PipelineMTime: 0
  UpdateMTime: 1604
  RealTimeStamp: 0 seconds 
  LargestPossibleRegion: 
    Dimension: 3
    Index: [0, 0, 0]
    Size: [160, 240, 256]
  BufferedRegion: 
    Dimension: 3
    Index: [0, 0, 0]
    Size: [160, 240, 256]
  RequestedRegion: 
    Dimension: 3
    Index: [0, 0, 0]
    Size: [160, 240, 256]
  Spacing: [1, 1, 1]
  Origin: [84.125, 106.75, -120.5]
  Direction: 
-1 -0.0226746 -0.0157166
0.0226746 -1 0.000356197
-0.0157166 0 1

  IndexToPointMatrix: 
-1 -0.0226746 -0.0157166
0.0226746 -1 0.000356197
-0.0157166 0 1

  PointToIndexMatrix: 
-1 0.0226746 -0.0157166
-0.0226746 -1 0
-0.0157166 0.000356197 1

  Inverse Direction: 
-1 0.0226746 -0.0157166
-0.0226746 -1 0
-0.0157166 0.000356197 1

  PixelContainer: 
    ImportImageContainer (0x45e3b10)
      RTTI typeinfo:   itk::ImportImageContainer<unsigned long, double>
      Reference Count: 1
      Modified Time: 1601
      Debug: Off
      Object Name: 
      Observers: 
        none
      Pointer: 0x1474499f1010
      Container manages memory: true
      Size: 9830400
      Capacity: 9830400

     Weighting = 1
     Sampling strategy = none
     Number of bins = 32
     Radius = 4
     Sampling percentage  = 1
   Transform = SyN
     Gradient step = 0.1
     Update field sigma (voxel space) = 3
     Total field sigma (voxel space) = 0
     Update field time sigma = 0
     Total field time sigma  = 0
     Number of time indices = 0
     Number of time point samples = 0
Registration using 1 total stages.

Stage 0
  iterations = 100x70x50x20
  convergence threshold = 1e-06
  convergence window size = 10
  number of levels = 4
  using the CC metric (radius = 4, weight = 1, use gradient filter = 0)
  preprocessing:  winsorizing the image intensities
  Shrink factors (level 1 out of 4): [8, 8, 8]
  Shrink factors (level 2 out of 4): [4, 4, 4]
  Shrink factors (level 3 out of 4): [2, 2, 2]
  Shrink factors (level 4 out of 4): [1, 1, 1]
  smoothing sigmas per level: [3, 2, 1, 0]
  Using default NONE metricSamplingStrategy 

*** Running SyN registration (varianceForUpdateField = 3, varianceForTotalField = 0) ***

XXDIAGNOSTIC,Iteration,metricValue,convergenceValue,ITERATION_TIME_INDEX,SINCE_LAST
 1DIAGNOSTIC,     1, -6.298828125000e-01, 1.797693134862e+308, 0.0000e+00, 0.0000e+00, 
 1DIAGNOSTIC,     2, -6.308593750000e-01, 1.797693134862e+308, 0.0000e+00, 0.0000e+00, 
 1DIAGNOSTIC,     3, -6.308593750000e-01, 1.797693134862e+308, 0.0000e+00, 0.0000e+00, 
 1DIAGNOSTIC,     4, -6.308593750000e-01, 1.797693134862e+308, 0.0000e+00, 0.0000e+00, 
 1DIAGNOSTIC,     5, -6.318359375000e-01, 1.797693134862e+308, 0.0000e+00, 0.0000e+00, 
 1DIAGNOSTIC,     6, -6.318359375000e-01, 1.797693134862e+308, 0.0000e+00, 0.0000e+00, 
 1DIAGNOSTIC,     7, -6.318359375000e-01, 1.797693134862e+308, 0.0000e+00, 0.0000e+00, 
 1DIAGNOSTIC,     8, -6.318359375000e-01, 1.797693134862e+308, 0.0000e+00, 0.0000e+00, 
 1DIAGNOSTIC,     9, -6.318359375000e-01, 1.797693134862e+308, 0.0000e+00, 0.0000e+00, 
 1DIAGNOSTIC,    10, -6.318359375000e-01, 1.777207265067e-04, 0.0000e+00, 0.0000e+00, 
 1DIAGNOSTIC,    11, -6.318359375000e-01, 1.029240035033e-04, 0.0000e+00, 0.0000e+00, 
 1DIAGNOSTIC,    12, -6.318359375000e-01, 6.862847585927e-05, 0.0000e+00, 0.0000e+00, 
 1DIAGNOSTIC,    13, -6.318359375000e-01, 3.381547324875e-05, 0.0000e+00, 0.0000e+00, 
 1DIAGNOSTIC,    14, -6.318359375000e-01, -2.034483692626e-14, 0.0000e+00, 0.0000e+00, 
XXDIAGNOSTIC,Iteration,metricValue,convergenceValue,ITERATION_TIME_INDEX,SINCE_LAST
 1DIAGNOSTIC,     1, -8.339843750000e-01, 1.797693134862e+308, 0.0000e+00, 0.0000e+00, 
 1DIAGNOSTIC,     2, -8.349609375000e-01, 1.797693134862e+308, 0.0000e+00, 0.0000e+00, 
 1DIAGNOSTIC,     3, -8.349609375000e-01, 1.797693134862e+308, 0.0000e+00, 0.0000e+00, 
 1DIAGNOSTIC,     4, -8.349609375000e-01, 1.797693134862e+308, 0.0000e+00, 0.0000e+00, 
 1DIAGNOSTIC,     5, -8.349609375000e-01, 1.797693134862e+308, 0.0000e+00, 0.0000e+00, 
 1DIAGNOSTIC,     6, -8.349609375000e-01, 1.797693134862e+308, 0.0000e+00, 0.0000e+00, 
 1DIAGNOSTIC,     7, -8.349609375000e-01, 1.797693134862e+308, 0.0000e+00, 0.0000e+00, 
 1DIAGNOSTIC,     8, -8.349609375000e-01, 1.797693134862e+308, 0.0000e+00, 0.0000e+00, 
 1DIAGNOSTIC,     9, -8.349609375000e-01, 1.797693134862e+308, 0.0000e+00, 0.0000e+00, 
 1DIAGNOSTIC,    10, -8.349609375000e-01, 3.324983835182e-05, 0.0000e+00, 0.0000e+00, 
 1DIAGNOSTIC,    11, -8.349609375000e-01, -2.585431868596e-14, 0.0000e+00, 0.0000e+00, 
XXDIAGNOSTIC,Iteration,metricValue,convergenceValue,ITERATION_TIME_INDEX,SINCE_LAST
 1DIAGNOSTIC,     1, -9.472656250000e-01, 1.797693134862e+308, 0.0000e+00, 0.0000e+00, 
 1DIAGNOSTIC,     2, -9.472656250000e-01, 1.797693134862e+308, 0.0000e+00, 0.0000e+00, 
 1DIAGNOSTIC,     3, -9.472656250000e-01, 1.797693134862e+308, 0.0000e+00, 0.0000e+00, 
 1DIAGNOSTIC,     4, -9.472656250000e-01, 1.797693134862e+308, 0.0000e+00, 0.0000e+00, 
 1DIAGNOSTIC,     5, -9.472656250000e-01, 1.797693134862e+308, 0.0000e+00, 0.0000e+00, 
 1DIAGNOSTIC,     6, -9.472656250000e-01, 1.797693134862e+308, 0.0000e+00, 0.0000e+00, 
 1DIAGNOSTIC,     7, -9.472656250000e-01, 1.797693134862e+308, 0.0000e+00, 0.0000e+00, 
 1DIAGNOSTIC,     8, -9.472656250000e-01, 1.797693134862e+308, 0.0000e+00, 0.0000e+00, 
 1DIAGNOSTIC,     9, -9.472656250000e-01, 1.797693134862e+308, 0.0000e+00, 0.0000e+00, 
 1DIAGNOSTIC,    10, -9.472656250000e-01, -2.842170943040e-14, 0.0000e+00, 0.0000e+00, 
XXDIAGNOSTIC,Iteration,metricValue,convergenceValue,ITERATION_TIME_INDEX,SINCE_LAST
 1DIAGNOSTIC,     1, -9.912109375000e-01, 1.797693134862e+308, 0.0000e+00, 0.0000e+00, 
 1DIAGNOSTIC,     2, -9.912109375000e-01, 1.797693134862e+308, 0.0000e+00, 0.0000e+00, 
 1DIAGNOSTIC,     3, -9.912109375000e-01, 1.797693134862e+308, 0.0000e+00, 0.0000e+00, 
 1DIAGNOSTIC,     4, -9.912109375000e-01, 1.797693134862e+308, 0.0000e+00, 0.0000e+00, 
 1DIAGNOSTIC,     5, -9.912109375000e-01, 1.797693134862e+308, 0.0000e+00, 0.0000e+00, 
 1DIAGNOSTIC,     6, -9.912109375000e-01, 1.797693134862e+308, 0.0000e+00, 0.0000e+00, 
 1DIAGNOSTIC,     7, -9.912109375000e-01, 1.797693134862e+308, 0.0000e+00, 0.0000e+00, 
 1DIAGNOSTIC,     8, -9.912109375000e-01, 1.797693134862e+308, 0.0000e+00, 0.0000e+00, 
 1DIAGNOSTIC,     9, -9.912109375000e-01, 1.797693134862e+308, 0.0000e+00, 0.0000e+00, 
 1DIAGNOSTIC,    10, -9.912109375000e-01, -2.842170943040e-14, 0.0000e+00, 0.0000e+00, 
  Elapsed time (stage 0): 0


Total elapsed time: 0
