
##########################
# Experiment information #
##########################

EXPERIMENT_NAME: antsRegistration-r8-p23
VFC_BACKENDS: libinterflop_vprec.so --range-binary32=8 --precision-binary32=23 --range-binary64=8 --precision-binary64=23

SIF_IMG: /home/mdugre/projects/rrg-glatard/mdugre/containers/ants-vprec-no_metrics.simg

SUBJECT_ID: s025
INPUT_IMG: /home/mdugre/scratch/mri-registration-rp/datasets/ds004513/derivatives/mri-registration-rp/antsBrainExtraction/sub-s025/BrainExtractionBrain.nii.gz
OUTPUT_DIR: /home/mdugre/scratch/mri-registration-rp/datasets/ds004513/derivatives/mri-registration-rp/1111/antsRegistration-r8-p23/sub-s025

FIXED_IMG: /templateflow/tpl-MNI152NLin2009cAsym/tpl-MNI152NLin2009cAsym_res-01_desc-brain_T1w.nii.gz
DATA_DIR: /home/mdugre/scratch/mri-registration-rp/datasets/ds004513
TEMPLATEFLOW_DIR: /home/mdugre/projects/rrg-glatard/mdugre/templateflow
ITK_GLOBAL_DEFAULT_NUMBER_OF_THREADS: 16
##########################

Info [verificarlo]: loaded backend libinterflop_vprec.so
Info [interflop-vprec]: load backend with: 
Info [interflop-vprec]: precision-binary32 = 23
Info [interflop-vprec]: range-binary32 = 8
Info [interflop-vprec]: precision-binary64 = 23
Info [interflop-vprec]: range-binary64 = 8
Info [interflop-vprec]: mode = ob
Info [interflop-vprec]: error-mode = rel
Info [interflop-vprec]: max-abs-error-exponent = -1022
Info [interflop-vprec]: daz = false
Info [interflop-vprec]: ftz = false
Info [interflop-vprec]: 	instrument = none
Info [interflop-vprec]: 	prec-input-file = (null)
Info [interflop-vprec]: 	prec-output-file = (null)
Info [interflop-vprec]: 	prec-log-file = (null)
All_Command_lines_OK
Using double precision for computations.
=============================================================================
The composite transform comprises the following transforms (in order): 
  1. Center of mass alignment using fixed image: /templateflow/tpl-MNI152NLin2009cAsym/tpl-MNI152NLin2009cAsym_res-01_desc-brain_T1w.nii.gz and moving image: /home/mdugre/scratch/mri-registration-rp/datasets/ds004513/derivatives/mri-registration-rp/antsBrainExtraction/sub-s025/BrainExtractionBrain.nii.gz (type = Euler3DTransform)
=============================================================================
  number of levels = 1
  fixed image: /templateflow/tpl-MNI152NLin2009cAsym/tpl-MNI152NLin2009cAsym_res-01_desc-brain_T1w.nii.gz
  moving image: /home/mdugre/scratch/mri-registration-rp/datasets/ds004513/derivatives/mri-registration-rp/antsBrainExtraction/sub-s025/BrainExtractionBrain.nii.gz
Dimension = 3
Number of stages = 1
Use histogram matching = false
Winsorize image intensities = true
  Lower quantile = 0.005
  Upper quantile = 0.995


Stage 1 State
   Image metric = MattesMI
     Fixed image = Image (0x403db20)
  RTTI typeinfo:   itk::Image<double, 3u>
  Reference Count: 2
  Modified Time: 2334
  Debug: Off
  Object Name: 
  Observers: 
    none
  Source: (none)
  Source output name: (none)
  Release Data: Off
  Data Released: False
  Global Release Data: Off
  PipelineMTime: 0
  UpdateMTime: 1943
  RealTimeStamp: 0 seconds 
  LargestPossibleRegion: 
    Dimension: 3
    Index: [0, 0, 0]
    Size: [193, 229, 193]
  BufferedRegion: 
    Dimension: 3
    Index: [0, 0, 0]
    Size: [193, 229, 193]
  RequestedRegion: 
    Dimension: 3
    Index: [0, 0, 0]
    Size: [193, 229, 193]
  Spacing: [1, 1, 1]
  Origin: [96, 132, -78]
  Direction: 
-1 0 0
0 -1 0
0 0 1

  IndexToPointMatrix: 
-1 0 0
0 -1 0
0 0 1

  PointToIndexMatrix: 
-1 0 0
0 -1 0
0 0 1

  Inverse Direction: 
-1 0 0
0 -1 0
0 0 1

  PixelContainer: 
    ImportImageContainer (0x4169650)
      RTTI typeinfo:   itk::ImportImageContainer<unsigned long, double>
      Reference Count: 1
      Modified Time: 1940
      Debug: Off
      Object Name: 
      Observers: 
        none
      Pointer: 0x149533dd7010
      Container manages memory: true
      Size: 8530021
      Capacity: 8530021

     Moving image = Image (0x403fad0)
  RTTI typeinfo:   itk::Image<double, 3u>
  Reference Count: 2
  Modified Time: 2335
  Debug: Off
  Object Name: 
  Observers: 
    none
  Source: (none)
  Source output name: (none)
  Release Data: Off
  Data Released: False
  Global Release Data: Off
  PipelineMTime: 0
  UpdateMTime: 2332
  RealTimeStamp: 0 seconds 
  LargestPossibleRegion: 
    Dimension: 3
    Index: [0, 0, 0]
    Size: [176, 240, 256]
  BufferedRegion: 
    Dimension: 3
    Index: [0, 0, 0]
    Size: [176, 240, 256]
  RequestedRegion: 
    Dimension: 3
    Index: [0, 0, 0]
    Size: [176, 240, 256]
  Spacing: [0.999999, 1, 1]
  Origin: [90.3778, 84.5091, -154.071]
  Direction: 
-0.999391 7.48184e-06 -0.0348969
-7.47664e-06 -1 -2.7953e-07
-0.0348969 -1.84481e-08 0.999391

  IndexToPointMatrix: 
-0.99939 7.48184e-06 -0.0348969
-7.47663e-06 -1 -2.7953e-07
-0.0348968 -1.84481e-08 0.999391

  PointToIndexMatrix: 
-0.999392 -7.47665e-06 -0.0348969
7.48496e-06 -1 -1.07778e-07
-0.0348969 -3.68914e-07 0.999391

  Inverse Direction: 
-0.999391 -7.47664e-06 -0.0348969
7.48496e-06 -1 -1.07778e-07
-0.0348969 -3.68914e-07 0.999391

  PixelContainer: 
    ImportImageContainer (0x4087050)
      RTTI typeinfo:   itk::ImportImageContainer<unsigned long, double>
      Reference Count: 1
      Modified Time: 2329
      Debug: Off
      Object Name: 
      Observers: 
        none
      Pointer: 0x14952eb56010
      Container manages memory: true
      Size: 10813440
      Capacity: 10813440

     Weighting = 1
     Sampling strategy = regular
     Number of bins = 32
     Radius = 4
     Sampling percentage  = 0.25
   Transform = Rigid
     Gradient step = 0.1
     Update field sigma (voxel space) = 0
     Total field sigma (voxel space) = 0
     Update field time sigma = 0
     Total field time sigma  = 0
     Number of time indices = 0
     Number of time point samples = 0
Registration using 1 total stages.

Stage 0
  iterations = 0
  convergence threshold = 1e-06
  convergence window size = 10
  number of levels = 1
  using the Mattes MI metric (number of bins = 32, weight = 1, use gradient filter = 0)
  preprocessing:  winsorizing the image intensities
  Shrink factors (level 1 out of 1): [1, 1, 1]
  smoothing sigmas per level: [0]
  regular sampling (percentage = 0.25)

*** Running Euler3DTransform registration ***

  Elapsed time (stage 0): 0


Total elapsed time: 0
Info [verificarlo]: loaded backend libinterflop_vprec.so
Info [interflop-vprec]: load backend with: 
Info [interflop-vprec]: precision-binary32 = 23
Info [interflop-vprec]: range-binary32 = 8
Info [interflop-vprec]: precision-binary64 = 23
Info [interflop-vprec]: range-binary64 = 8
Info [interflop-vprec]: mode = ob
Info [interflop-vprec]: error-mode = rel
Info [interflop-vprec]: max-abs-error-exponent = -1022
Info [interflop-vprec]: daz = false
Info [interflop-vprec]: ftz = false
Info [interflop-vprec]: 	instrument = none
Info [interflop-vprec]: 	prec-input-file = (null)
Info [interflop-vprec]: 	prec-output-file = (null)
Info [interflop-vprec]: 	prec-log-file = (null)
All_Command_lines_OK
Using double precision for computations.
=============================================================================
The composite transform comprises the following transforms (in order): 
  1. /home/mdugre/scratch/mri-registration-rp/datasets/ds004513/derivatives/mri-registration-rp/1111/antsRegistration-r8-p23/sub-s025/align_Composite.h5[0] (type = Euler3DTransform)
  2. /home/mdugre/scratch/mri-registration-rp/datasets/ds004513/derivatives/mri-registration-rp/1111/antsRegistration-r8-p23/sub-s025/align_Composite.h5[1] (type = Euler3DTransform)
=============================================================================
  number of levels = 4
  fixed image: /templateflow/tpl-MNI152NLin2009cAsym/tpl-MNI152NLin2009cAsym_res-01_desc-brain_T1w.nii.gz
  moving image: /home/mdugre/scratch/mri-registration-rp/datasets/ds004513/derivatives/mri-registration-rp/antsBrainExtraction/sub-s025/BrainExtractionBrain.nii.gz
Dimension = 3
Number of stages = 1
Use histogram matching = false
Winsorize image intensities = true
  Lower quantile = 0.005
  Upper quantile = 0.995


Stage 1 State
   Image metric = MattesMI
     Fixed image = Image (0x51fb1e0)
  RTTI typeinfo:   itk::Image<double, 3u>
  Reference Count: 2
  Modified Time: 1580
  Debug: Off
  Object Name: 
  Observers: 
    none
  Source: (none)
  Source output name: (none)
  Release Data: Off
  Data Released: False
  Global Release Data: Off
  PipelineMTime: 0
  UpdateMTime: 1189
  RealTimeStamp: 0 seconds 
  LargestPossibleRegion: 
    Dimension: 3
    Index: [0, 0, 0]
    Size: [193, 229, 193]
  BufferedRegion: 
    Dimension: 3
    Index: [0, 0, 0]
    Size: [193, 229, 193]
  RequestedRegion: 
    Dimension: 3
    Index: [0, 0, 0]
    Size: [193, 229, 193]
  Spacing: [1, 1, 1]
  Origin: [96, 132, -78]
  Direction: 
-1 0 0
0 -1 0
0 0 1

  IndexToPointMatrix: 
-1 0 0
0 -1 0
0 0 1

  PointToIndexMatrix: 
-1 0 0
0 -1 0
0 0 1

  Inverse Direction: 
-1 0 0
0 -1 0
0 0 1

  PixelContainer: 
    ImportImageContainer (0x52ba640)
      RTTI typeinfo:   itk::ImportImageContainer<unsigned long, double>
      Reference Count: 1
      Modified Time: 1186
      Debug: Off
      Object Name: 
      Observers: 
        none
      Pointer: 0x14bb951df010
      Container manages memory: true
      Size: 8530021
      Capacity: 8530021

     Moving image = Image (0x52b6c90)
  RTTI typeinfo:   itk::Image<double, 3u>
  Reference Count: 2
  Modified Time: 1581
  Debug: Off
  Object Name: 
  Observers: 
    none
  Source: (none)
  Source output name: (none)
  Release Data: Off
  Data Released: False
  Global Release Data: Off
  PipelineMTime: 0
  UpdateMTime: 1578
  RealTimeStamp: 0 seconds 
  LargestPossibleRegion: 
    Dimension: 3
    Index: [0, 0, 0]
    Size: [176, 240, 256]
  BufferedRegion: 
    Dimension: 3
    Index: [0, 0, 0]
    Size: [176, 240, 256]
  RequestedRegion: 
    Dimension: 3
    Index: [0, 0, 0]
    Size: [176, 240, 256]
  Spacing: [0.999999, 1, 1]
  Origin: [90.3778, 84.5091, -154.071]
  Direction: 
-0.999391 7.48184e-06 -0.0348969
-7.47664e-06 -1 -2.7953e-07
-0.0348969 -1.84481e-08 0.999391

  IndexToPointMatrix: 
-0.99939 7.48184e-06 -0.0348969
-7.47663e-06 -1 -2.7953e-07
-0.0348968 -1.84481e-08 0.999391

  PointToIndexMatrix: 
-0.999392 -7.47665e-06 -0.0348969
7.48496e-06 -1 -1.07778e-07
-0.0348969 -3.68914e-07 0.999391

  Inverse Direction: 
-0.999391 -7.47664e-06 -0.0348969
7.48496e-06 -1 -1.07778e-07
-0.0348969 -3.68914e-07 0.999391

  PixelContainer: 
    ImportImageContainer (0x5327d90)
      RTTI typeinfo:   itk::ImportImageContainer<unsigned long, double>
      Reference Count: 1
      Modified Time: 1575
      Debug: Off
      Object Name: 
      Observers: 
        none
      Pointer: 0x14bb8ff5e010
      Container manages memory: true
      Size: 10813440
      Capacity: 10813440

     Weighting = 1
     Sampling strategy = regular
     Number of bins = 32
     Radius = 4
     Sampling percentage  = 0.25
   Transform = Rigid
     Gradient step = 0.1
     Update field sigma (voxel space) = 0
     Total field sigma (voxel space) = 0
     Update field time sigma = 0
     Total field time sigma  = 0
     Number of time indices = 0
     Number of time point samples = 0
Registration using 1 total stages.

Stage 0
  iterations = 1000x500x250x100
  convergence threshold = 1e-06
  convergence window size = 10
  number of levels = 4
  using the Mattes MI metric (number of bins = 32, weight = 1, use gradient filter = 0)
  preprocessing:  winsorizing the image intensities
  Shrink factors (level 1 out of 4): [8, 8, 8]
  Shrink factors (level 2 out of 4): [4, 4, 4]
  Shrink factors (level 3 out of 4): [2, 2, 2]
  Shrink factors (level 4 out of 4): [1, 1, 1]
  smoothing sigmas per level: [3, 2, 1, 0]
  regular sampling (percentage = 0.25)

*** Running Euler3DTransform registration ***

DIAGNOSTIC,Iteration,metricValue,convergenceValue,ITERATION_TIME_INDEX,SINCE_LAST
 2DIAGNOSTIC,     1, -5.322178697175e-01, 1.797693134862e+308, 0.0000e+00, 0.0000e+00, 
 2DIAGNOSTIC,     2, -5.345241203035e-01, 1.797693134862e+308, 0.0000e+00, 0.0000e+00, 
 2DIAGNOSTIC,     3, -5.377270884387e-01, 1.797693134862e+308, 0.0000e+00, 0.0000e+00, 
 2DIAGNOSTIC,     4, -5.422617612481e-01, 1.797693134862e+308, 0.0000e+00, 0.0000e+00, 
 2DIAGNOSTIC,     5, -5.486395945810e-01, 1.797693134862e+308, 0.0000e+00, 0.0000e+00, 
 2DIAGNOSTIC,     6, -5.542867342393e-01, 1.797693134862e+308, 0.0000e+00, 0.0000e+00, 
 2DIAGNOSTIC,     7, -5.627302975135e-01, 1.797693134862e+308, 0.0000e+00, 0.0000e+00, 
 2DIAGNOSTIC,     8, -5.766269740541e-01, 1.797693134862e+308, 0.0000e+00, 0.0000e+00, 
 2DIAGNOSTIC,     9, -5.881239931354e-01, 1.797693134862e+308, 0.0000e+00, 0.0000e+00, 
 2DIAGNOSTIC,    10, -6.021829060083e-01, 7.878001235435e-03, 0.0000e+00, 0.0000e+00, 
 2DIAGNOSTIC,    11, -6.153328557638e-01, 8.434622211834e-03, 0.0000e+00, 0.0000e+00, 
 2DIAGNOSTIC,    12, -6.155203746315e-01, 8.237258715141e-03, 0.0000e+00, 0.0000e+00, 
 2DIAGNOSTIC,    13, -6.162845916969e-01, 7.489269720166e-03, 0.0000e+00, 0.0000e+00, 
 2DIAGNOSTIC,    14, -6.176269234118e-01, 6.383449496497e-03, 0.0000e+00, 0.0000e+00, 
 2DIAGNOSTIC,    15, -6.192995255850e-01, 5.112623018908e-03, 0.0000e+00, 0.0000e+00, 
 2DIAGNOSTIC,    16, -6.207690930159e-01, 3.756579979549e-03, 0.0000e+00, 0.0000e+00, 
 2DIAGNOSTIC,    17, -6.222577131605e-01, 2.508426742270e-03, 0.0000e+00, 0.0000e+00, 
 2DIAGNOSTIC,    18, -6.241058918528e-01, 1.602889301258e-03, 0.0000e+00, 0.0000e+00, 
 2DIAGNOSTIC,    19, -6.265928334384e-01, 9.996694819107e-04, 0.0000e+00, 0.0000e+00, 
 2DIAGNOSTIC,    20, -6.353109462521e-01, 9.065909719781e-04, 0.0000e+00, 0.0000e+00, 
 2DIAGNOSTIC,    21, -6.406032093844e-01, 1.155721917437e-03, 0.0000e+00, 0.0000e+00, 
 2DIAGNOSTIC,    22, -6.420789660087e-01, 1.308615352801e-03, 0.0000e+00, 0.0000e+00, 
 2DIAGNOSTIC,    23, -6.437804466338e-01, 1.378795467533e-03, 0.0000e+00, 0.0000e+00, 
 2DIAGNOSTIC,    24, -6.439848410656e-01, 1.343948713346e-03, 0.0000e+00, 0.0000e+00, 
 2DIAGNOSTIC,    25, -6.447370944722e-01, 1.229776351413e-03, 0.0000e+00, 0.0000e+00, 
 2DIAGNOSTIC,    26, -6.453494400269e-01, 1.045769962342e-03, 0.0000e+00, 0.0000e+00, 
 2DIAGNOSTIC,    27, -6.464632583285e-01, 8.246370652629e-04, 0.0000e+00, 0.0000e+00, 
 2DIAGNOSTIC,    28, -6.510345776302e-01, 6.516186741185e-04, 0.0000e+00, 0.0000e+00, 
 2DIAGNOSTIC,    29, -6.512225943004e-01, 4.687643580554e-04, 0.0000e+00, 0.0000e+00, 
 2DIAGNOSTIC,    30, -6.526151052485e-01, 4.114058360447e-04, 0.0000e+00, 0.0000e+00, 
 2DIAGNOSTIC,    31, -6.535405888243e-01, 4.127233296036e-04, 0.0000e+00, 0.0000e+00, 
 2DIAGNOSTIC,    32, -6.537049208855e-01, 3.977124689951e-04, 0.0000e+00, 0.0000e+00, 
 2DIAGNOSTIC,    33, -6.537727872058e-01, 3.704455551230e-04, 0.0000e+00, 0.0000e+00, 
 2DIAGNOSTIC,    34, -6.539059011632e-01, 3.143900912375e-04, 0.0000e+00, 0.0000e+00, 
 2DIAGNOSTIC,    35, -6.542694005552e-01, 2.473068606246e-04, 0.0000e+00, 0.0000e+00, 
 2DIAGNOSTIC,    36, -6.552905380133e-01, 1.816838385400e-04, 0.0000e+00, 0.0000e+00, 
 2DIAGNOSTIC,    37, -6.583266238993e-01, 1.526021591806e-04, 0.0000e+00, 0.0000e+00, 
 2DIAGNOSTIC,    38, -6.584670878945e-01, 1.671864327016e-04, 0.0000e+00, 0.0000e+00, 
 2DIAGNOSTIC,    39, -6.594403447437e-01, 1.790353506310e-04, 0.0000e+00, 0.0000e+00, 
 2DIAGNOSTIC,    40, -6.670154898349e-01, 2.757912494177e-04, 0.0000e+00, 0.0000e+00, 
 2DIAGNOSTIC,    41, -6.877262069758e-01, 5.794495728989e-04, 0.0000e+00, 0.0000e+00, 
 2DIAGNOSTIC,    42, -6.915922897511e-01, 8.498459534063e-04, 0.0000e+00, 0.0000e+00, 
 2DIAGNOSTIC,    43, -7.056812482958e-01, 1.177183089452e-03, 0.0000e+00, 0.0000e+00, 
 2DIAGNOSTIC,    44, -7.081899291253e-01, 1.402593996330e-03, 0.0000e+00, 0.0000e+00, 
 2DIAGNOSTIC,    45, -7.092172122288e-01, 1.496555886837e-03, 0.0000e+00, 0.0000e+00, 
 2DIAGNOSTIC,    46, -7.096652243224e-01, 1.455286904774e-03, 0.0000e+00, 0.0000e+00, 
 2DIAGNOSTIC,    47, -7.112397348591e-01, 1.320859730501e-03, 0.0000e+00, 0.0000e+00, 
 2DIAGNOSTIC,    48, -7.219667803913e-01, 1.168686144530e-03, 0.0000e+00, 0.0000e+00, 
 2DIAGNOSTIC,    49, -7.274563237333e-01, 9.680901255023e-04, 0.0000e+00, 0.0000e+00, 
 2DIAGNOSTIC,    50, -7.302820208221e-01, 7.736026276043e-04, 0.0000e+00, 0.0000e+00, 
 2DIAGNOSTIC,    51, -7.315590943251e-01, 7.073567775636e-04, 0.0000e+00, 0.0000e+00, 
 2DIAGNOSTIC,    52, -7.332795849886e-01, 6.210460660858e-04, 0.0000e+00, 0.0000e+00, 
 2DIAGNOSTIC,    53, -7.354654111446e-01, 6.125196113158e-04, 0.0000e+00, 0.0000e+00, 
 2DIAGNOSTIC,    54, -7.377396108384e-01, 5.833950866438e-04, 0.0000e+00, 0.0000e+00, 
 2DIAGNOSTIC,    55, -7.427221680464e-01, 5.483361487213e-04, 0.0000e+00, 0.0000e+00, 
 2DIAGNOSTIC,    56, -7.431726991471e-01, 4.696881611154e-04, 0.0000e+00, 0.0000e+00, 
 2DIAGNOSTIC,    57, -7.439875863041e-01, 3.663575012971e-04, 0.0000e+00, 0.0000e+00, 
 2DIAGNOSTIC,    58, -7.479842629997e-01, 3.418955542339e-04, 0.0000e+00, 0.0000e+00, 
 2DIAGNOSTIC,    59, -7.519280529740e-01, 3.536140110100e-04, 0.0000e+00, 0.0000e+00, 
 2DIAGNOSTIC,    60, -7.522393608845e-01, 3.527642600279e-04, 0.0000e+00, 0.0000e+00, 
 2DIAGNOSTIC,    61, -7.522008460081e-01, 3.275523035278e-04, 0.0000e+00, 0.0000e+00, 
 2DIAGNOSTIC,    62, -7.522343811011e-01, 2.846686900702e-04, 0.0000e+00, 0.0000e+00, 
 2DIAGNOSTIC,    63, -7.522893036726e-01, 2.308155669026e-04, 0.0000e+00, 0.0000e+00, 
 2DIAGNOSTIC,    64, -7.523198504282e-01, 1.708196669670e-04, 0.0000e+00, 0.0000e+00, 
 2DIAGNOSTIC,    65, -7.519027510956e-01, 1.269376578503e-04, 0.0000e+00, 0.0000e+00, 
 2DIAGNOSTIC,    66, -7.519693160402e-01, 7.641983139209e-05, 0.0000e+00, 0.0000e+00, 
 2DIAGNOSTIC,    67, -7.517900034165e-01, 2.391802021900e-05, 0.0000e+00, 0.0000e+00, 
DIAGNOSTIC,Iteration,metricValue,convergenceValue,ITERATION_TIME_INDEX,SINCE_LAST
 2DIAGNOSTIC,     1, -5.965300472002e-01, 1.797693134862e+308, 0.0000e+00, 0.0000e+00, 
 2DIAGNOSTIC,     2, -5.975689630538e-01, 1.797693134862e+308, 0.0000e+00, 0.0000e+00, 
 2DIAGNOSTIC,     3, -5.989797809805e-01, 1.797693134862e+308, 0.0000e+00, 0.0000e+00, 
 2DIAGNOSTIC,     4, -6.005688162110e-01, 1.797693134862e+308, 0.0000e+00, 0.0000e+00, 
 2DIAGNOSTIC,     5, -6.016712483224e-01, 1.797693134862e+308, 0.0000e+00, 0.0000e+00, 
 2DIAGNOSTIC,     6, -6.027514604774e-01, 1.797693134862e+308, 0.0000e+00, 0.0000e+00, 
 2DIAGNOSTIC,     7, -6.052811405902e-01, 1.797693134862e+308, 0.0000e+00, 0.0000e+00, 
 2DIAGNOSTIC,     8, -6.082844112166e-01, 1.797693134862e+308, 0.0000e+00, 0.0000e+00, 
 2DIAGNOSTIC,     9, -6.146722244028e-01, 1.797693134862e+308, 0.0000e+00, 0.0000e+00, 
 2DIAGNOSTIC,    10, -6.160682357245e-01, 2.044103569649e-03, 0.0000e+00, 0.0000e+00, 
 2DIAGNOSTIC,    11, -6.167888908145e-01, 2.032582893244e-03, 0.0000e+00, 0.0000e+00, 
 2DIAGNOSTIC,    12, -6.176538603309e-01, 1.916976033518e-03, 0.0000e+00, 0.0000e+00, 
 2DIAGNOSTIC,    13, -6.181711653698e-01, 1.712845630480e-03, 0.0000e+00, 0.0000e+00, 
 2DIAGNOSTIC,    14, -6.186502733115e-01, 1.449025877495e-03, 0.0000e+00, 0.0000e+00, 
 2DIAGNOSTIC,    15, -6.188542975207e-01, 1.129810029866e-03, 0.0000e+00, 0.0000e+00, 
 2DIAGNOSTIC,    16, -6.191513813281e-01, 7.895466737382e-04, 0.0000e+00, 0.0000e+00, 
 2DIAGNOSTIC,    17, -6.192768319580e-01, 4.901313553366e-04, 0.0000e+00, 0.0000e+00, 
 2DIAGNOSTIC,    18, -6.194073268019e-01, 2.561613897391e-04, 0.0000e+00, 0.0000e+00, 
 2DIAGNOSTIC,    19, -6.196003546804e-01, 1.840794080430e-04, 0.0000e+00, 0.0000e+00, 
 2DIAGNOSTIC,    20, -6.203919293003e-01, 1.529596478963e-04, 0.0000e+00, 0.0000e+00, 
 2DIAGNOSTIC,    21, -6.204387519964e-01, 1.269502293770e-04, 0.0000e+00, 0.0000e+00, 
 2DIAGNOSTIC,    22, -6.205553391010e-01, 1.123813127621e-04, 0.0000e+00, 0.0000e+00, 
 2DIAGNOSTIC,    23, -6.209090630472e-01, 1.062942342719e-04, 0.0000e+00, 0.0000e+00, 
 2DIAGNOSTIC,    24, -6.208952870453e-01, 9.959475064668e-05, 0.0000e+00, 0.0000e+00, 
 2DIAGNOSTIC,    25, -6.208925760527e-01, 8.771454004663e-05, 0.0000e+00, 0.0000e+00, 
 2DIAGNOSTIC,    26, -6.208865600844e-01, 7.386527766771e-05, 0.0000e+00, 0.0000e+00, 
 2DIAGNOSTIC,    27, -6.208688141558e-01, 5.619842743884e-05, 0.0000e+00, 0.0000e+00, 
 2DIAGNOSTIC,    28, -6.208618068323e-01, 3.664228485793e-05, 0.0000e+00, 0.0000e+00, 
 2DIAGNOSTIC,    29, -6.208546070191e-01, 1.772044641288e-05, 0.0000e+00, 0.0000e+00, 
 2DIAGNOSTIC,    30, -6.208512301214e-01, 1.074122210975e-05, 0.0000e+00, 0.0000e+00, 
 2DIAGNOSTIC,    31, -6.208708656974e-01, 4.304125657946e-06, 0.0000e+00, 0.0000e+00, 
DIAGNOSTIC,Iteration,metricValue,convergenceValue,ITERATION_TIME_INDEX,SINCE_LAST
 2DIAGNOSTIC,     1, -5.341862941029e-01, 1.797693134862e+308, 0.0000e+00, 0.0000e+00, 
 2DIAGNOSTIC,     2, -5.343253362876e-01, 1.797693134862e+308, 0.0000e+00, 0.0000e+00, 
 2DIAGNOSTIC,     3, -5.344034917051e-01, 1.797693134862e+308, 0.0000e+00, 0.0000e+00, 
 2DIAGNOSTIC,     4, -5.344589378625e-01, 1.797693134862e+308, 0.0000e+00, 0.0000e+00, 
 2DIAGNOSTIC,     5, -5.346573874977e-01, 1.797693134862e+308, 0.0000e+00, 0.0000e+00, 
 2DIAGNOSTIC,     6, -5.351727241976e-01, 1.797693134862e+308, 0.0000e+00, 0.0000e+00, 
 2DIAGNOSTIC,     7, -5.357866813189e-01, 1.797693134862e+308, 0.0000e+00, 0.0000e+00, 
 2DIAGNOSTIC,     8, -5.357890381034e-01, 1.797693134862e+308, 0.0000e+00, 0.0000e+00, 
 2DIAGNOSTIC,     9, -5.357863832292e-01, 1.797693134862e+308, 0.0000e+00, 0.0000e+00, 
 2DIAGNOSTIC,    10, -5.357864947685e-01, 2.451088753554e-04, 0.0000e+00, 0.0000e+00, 
 2DIAGNOSTIC,    11, -5.357867361671e-01, 2.072034670923e-04, 0.0000e+00, 0.0000e+00, 
 2DIAGNOSTIC,    12, -5.357872553184e-01, 1.630094603945e-04, 0.0000e+00, 0.0000e+00, 
 2DIAGNOSTIC,    13, -5.357886492641e-01, 1.146741543645e-04, 0.0000e+00, 0.0000e+00, 
 2DIAGNOSTIC,    14, -5.357846206826e-01, 6.540847855849e-05, 0.0000e+00, 0.0000e+00, 
 2DIAGNOSTIC,    15, -5.357852278272e-01, 2.374571945742e-05, 0.0000e+00, 0.0000e+00, 
 2DIAGNOSTIC,    16, -5.357858547015e-01, 1.847128382151e-06, 0.0000e+00, 0.0000e+00, 
 2DIAGNOSTIC,    17, -5.357862690196e-01, 1.720400175445e-06, 0.0000e+00, 0.0000e+00, 
 2DIAGNOSTIC,    18, -5.357855918703e-01, 1.673635522614e-06, 0.0000e+00, 0.0000e+00, 
 2DIAGNOSTIC,    19, -5.357849445537e-01, 1.551218322293e-06, 0.0000e+00, 0.0000e+00, 
 2DIAGNOSTIC,    20, -5.357855756028e-01, 1.473410322347e-06, 0.0000e+00, 0.0000e+00, 
 2DIAGNOSTIC,    21, -5.357870526435e-01, 1.454553916480e-06, 0.0000e+00, 0.0000e+00, 
 2DIAGNOSTIC,    22, -5.357855597009e-01, 1.416483588944e-06, 0.0000e+00, 0.0000e+00, 
 2DIAGNOSTIC,    23, -5.357866450167e-01, 1.446766442322e-06, 0.0000e+00, 0.0000e+00, 
 2DIAGNOSTIC,    24, -5.357866462605e-01, 1.379189421481e-06, 0.0000e+00, 0.0000e+00, 
 2DIAGNOSTIC,    25, -5.357862592968e-01, 1.315677271241e-06, 0.0000e+00, 0.0000e+00, 
 2DIAGNOSTIC,    26, -5.357912615282e-01, 1.367473096529e-06, 0.0000e+00, 0.0000e+00, 
 2DIAGNOSTIC,    27, -5.357887028152e-01, 1.357611633022e-06, 0.0000e+00, 0.0000e+00, 
 2DIAGNOSTIC,    28, -5.357881012518e-01, 1.310470659543e-06, 0.0000e+00, 0.0000e+00, 
 2DIAGNOSTIC,    29, -5.357878318474e-01, 1.234133354081e-06, 0.0000e+00, 0.0000e+00, 
 2DIAGNOSTIC,    30, -5.357864099109e-01, 1.134269547273e-06, 0.0000e+00, 0.0000e+00, 
 2DIAGNOSTIC,    31, -5.357847216197e-01, 1.030460537267e-06, 0.0000e+00, 0.0000e+00, 
DIAGNOSTIC,Iteration,metricValue,convergenceValue,ITERATION_TIME_INDEX,SINCE_LAST
 2DIAGNOSTIC,     1, -4.893937598990e-01, 1.797693134862e+308, 0.0000e+00, 0.0000e+00, 
 2DIAGNOSTIC,     2, -4.894164446470e-01, 1.797693134862e+308, 0.0000e+00, 0.0000e+00, 
 2DIAGNOSTIC,     3, -4.894490934488e-01, 1.797693134862e+308, 0.0000e+00, 0.0000e+00, 
 2DIAGNOSTIC,     4, -4.895057712336e-01, 1.797693134862e+308, 0.0000e+00, 0.0000e+00, 
 2DIAGNOSTIC,     5, -4.895554190623e-01, 1.797693134862e+308, 1.2800e+02, 1.2800e+02, 
 2DIAGNOSTIC,     6, -4.895711809755e-01, 1.797693134862e+308, 1.2800e+02, 0.0000e+00, 
 2DIAGNOSTIC,     7, -4.895931960766e-01, 1.797693134862e+308, 1.2800e+02, 0.0000e+00, 
 2DIAGNOSTIC,     8, -4.896720460085e-01, 1.797693134862e+308, 1.2800e+02, 0.0000e+00, 
 2DIAGNOSTIC,     9, -4.897179533048e-01, 1.797693134862e+308, 1.2800e+02, 0.0000e+00, 
 2DIAGNOSTIC,    10, -4.897299246005e-01, 4.959676871941e-05, 1.2800e+02, 0.0000e+00, 
 2DIAGNOSTIC,    11, -4.897351694253e-01, 4.358774804317e-05, 1.2800e+02, 0.0000e+00, 
 2DIAGNOSTIC,    12, -4.897700233753e-01, 3.774257037401e-05, 1.2800e+02, 0.0000e+00, 
 2DIAGNOSTIC,    13, -4.897848383407e-01, 3.160979796347e-05, 1.2800e+02, 0.0000e+00, 
 2DIAGNOSTIC,    14, -4.898244530460e-01, 2.761787434691e-05, 1.2800e+02, 0.0000e+00, 
 2DIAGNOSTIC,    15, -4.898314847029e-01, 2.405024909356e-05, 1.2800e+02, 0.0000e+00, 
 2DIAGNOSTIC,    16, -4.898326874907e-01, 1.958122669890e-05, 1.2800e+02, 0.0000e+00, 
 2DIAGNOSTIC,    17, -4.898321045447e-01, 1.469983324237e-05, 1.2800e+02, 0.0000e+00, 
 2DIAGNOSTIC,    18, -4.898319666412e-01, 1.166660030939e-05, 1.2800e+02, 0.0000e+00, 
 2DIAGNOSTIC,    19, -4.898318576999e-01, 9.420902158476e-06, 1.2800e+02, 0.0000e+00, 
 2DIAGNOSTIC,    20, -4.898318844966e-01, 7.034938522617e-06, 1.2800e+02, 0.0000e+00, 
 2DIAGNOSTIC,    21, -4.898318787101e-01, 4.507746982255e-06, 1.2800e+02, 0.0000e+00, 
 2DIAGNOSTIC,    22, -4.898318785190e-01, 2.854962633449e-06, 2.5600e+02, 1.2800e+02, 
 2DIAGNOSTIC,    23, -4.898318779467e-01, 1.562057760918e-06, 2.5600e+02, 0.0000e+00, 
 2DIAGNOSTIC,    24, -4.898318775267e-01, 1.313418934591e-06, 2.5600e+02, 0.0000e+00, 
 2DIAGNOSTIC,    25, -4.898318773159e-01, 1.248047211133e-06, 2.5600e+02, 0.0000e+00, 
 2DIAGNOSTIC,    26, -4.898318772461e-01, 1.217166393799e-06, 2.5600e+02, 0.0000e+00, 
 2DIAGNOSTIC,    27, -4.898318771907e-01, 1.176728032931e-06, 2.5600e+02, 0.0000e+00, 
 2DIAGNOSTIC,    28, -4.898318768159e-01, 1.136540671576e-06, 2.5600e+02, 0.0000e+00, 
 2DIAGNOSTIC,    29, -4.898318767048e-01, 1.096904955068e-06, 2.5600e+02, 0.0000e+00, 
 2DIAGNOSTIC,    30, -4.898318767048e-01, 1.060453886217e-06, 2.5600e+02, 0.0000e+00, 
 2DIAGNOSTIC,    31, -4.898318764946e-01, 1.026250776560e-06, 2.5600e+02, 0.0000e+00, 
  Elapsed time (stage 0): 2.5600e+02


Total elapsed time: 2.5600e+02
Info [verificarlo]: loaded backend libinterflop_vprec.so
Info [interflop-vprec]: load backend with: 
Info [interflop-vprec]: precision-binary32 = 23
Info [interflop-vprec]: range-binary32 = 8
Info [interflop-vprec]: precision-binary64 = 23
Info [interflop-vprec]: range-binary64 = 8
Info [interflop-vprec]: mode = ob
Info [interflop-vprec]: error-mode = rel
Info [interflop-vprec]: max-abs-error-exponent = -1022
Info [interflop-vprec]: daz = false
Info [interflop-vprec]: ftz = false
Info [interflop-vprec]: 	instrument = none
Info [interflop-vprec]: 	prec-input-file = (null)
Info [interflop-vprec]: 	prec-output-file = (null)
Info [interflop-vprec]: 	prec-log-file = (null)
All_Command_lines_OK
Using double precision for computations.
=============================================================================
The composite transform comprises the following transforms (in order): 
  1. /home/mdugre/scratch/mri-registration-rp/datasets/ds004513/derivatives/mri-registration-rp/1111/antsRegistration-r8-p23/sub-s025/rigid_Composite.h5[0] (type = Euler3DTransform)
  2. /home/mdugre/scratch/mri-registration-rp/datasets/ds004513/derivatives/mri-registration-rp/1111/antsRegistration-r8-p23/sub-s025/rigid_Composite.h5[1] (type = Euler3DTransform)
  3. /home/mdugre/scratch/mri-registration-rp/datasets/ds004513/derivatives/mri-registration-rp/1111/antsRegistration-r8-p23/sub-s025/rigid_Composite.h5[2] (type = Euler3DTransform)
=============================================================================
  number of levels = 4
  fixed image: /templateflow/tpl-MNI152NLin2009cAsym/tpl-MNI152NLin2009cAsym_res-01_desc-brain_T1w.nii.gz
  moving image: /home/mdugre/scratch/mri-registration-rp/datasets/ds004513/derivatives/mri-registration-rp/antsBrainExtraction/sub-s025/BrainExtractionBrain.nii.gz
Dimension = 3
Number of stages = 1
Use histogram matching = false
Winsorize image intensities = true
  Lower quantile = 0.005
  Upper quantile = 0.995


Stage 1 State
   Image metric = MattesMI
     Fixed image = Image (0x3e62490)
  RTTI typeinfo:   itk::Image<double, 3u>
  Reference Count: 2
  Modified Time: 1594
  Debug: Off
  Object Name: 
  Observers: 
    none
  Source: (none)
  Source output name: (none)
  Release Data: Off
  Data Released: False
  Global Release Data: Off
  PipelineMTime: 0
  UpdateMTime: 1203
  RealTimeStamp: 0 seconds 
  LargestPossibleRegion: 
    Dimension: 3
    Index: [0, 0, 0]
    Size: [193, 229, 193]
  BufferedRegion: 
    Dimension: 3
    Index: [0, 0, 0]
    Size: [193, 229, 193]
  RequestedRegion: 
    Dimension: 3
    Index: [0, 0, 0]
    Size: [193, 229, 193]
  Spacing: [1, 1, 1]
  Origin: [96, 132, -78]
  Direction: 
-1 0 0
0 -1 0
0 0 1

  IndexToPointMatrix: 
-1 0 0
0 -1 0
0 0 1

  PointToIndexMatrix: 
-1 0 0
0 -1 0
0 0 1

  Inverse Direction: 
-1 0 0
0 -1 0
0 0 1

  PixelContainer: 
    ImportImageContainer (0x3f2f8d0)
      RTTI typeinfo:   itk::ImportImageContainer<unsigned long, double>
      Reference Count: 1
      Modified Time: 1200
      Debug: Off
      Object Name: 
      Observers: 
        none
      Pointer: 0x14706d35c010
      Container manages memory: true
      Size: 8530021
      Capacity: 8530021

     Moving image = Image (0x3f2ee80)
  RTTI typeinfo:   itk::Image<double, 3u>
  Reference Count: 2
  Modified Time: 1595
  Debug: Off
  Object Name: 
  Observers: 
    none
  Source: (none)
  Source output name: (none)
  Release Data: Off
  Data Released: False
  Global Release Data: Off
  PipelineMTime: 0
  UpdateMTime: 1592
  RealTimeStamp: 0 seconds 
  LargestPossibleRegion: 
    Dimension: 3
    Index: [0, 0, 0]
    Size: [176, 240, 256]
  BufferedRegion: 
    Dimension: 3
    Index: [0, 0, 0]
    Size: [176, 240, 256]
  RequestedRegion: 
    Dimension: 3
    Index: [0, 0, 0]
    Size: [176, 240, 256]
  Spacing: [0.999999, 1, 1]
  Origin: [90.3778, 84.5091, -154.071]
  Direction: 
-0.999391 7.48184e-06 -0.0348969
-7.47664e-06 -1 -2.7953e-07
-0.0348969 -1.84481e-08 0.999391

  IndexToPointMatrix: 
-0.99939 7.48184e-06 -0.0348969
-7.47663e-06 -1 -2.7953e-07
-0.0348968 -1.84481e-08 0.999391

  PointToIndexMatrix: 
-0.999392 -7.47665e-06 -0.0348969
7.48496e-06 -1 -1.07778e-07
-0.0348969 -3.68914e-07 0.999391

  Inverse Direction: 
-0.999391 -7.47664e-06 -0.0348969
7.48496e-06 -1 -1.07778e-07
-0.0348969 -3.68914e-07 0.999391

  PixelContainer: 
    ImportImageContainer (0x3e73ec0)
      RTTI typeinfo:   itk::ImportImageContainer<unsigned long, double>
      Reference Count: 1
      Modified Time: 1589
      Debug: Off
      Object Name: 
      Observers: 
        none
      Pointer: 0x1470680db010
      Container manages memory: true
      Size: 10813440
      Capacity: 10813440

     Weighting = 1
     Sampling strategy = regular
     Number of bins = 32
     Radius = 4
     Sampling percentage  = 0.25
   Transform = Affine
     Gradient step = 0.1
     Update field sigma (voxel space) = 0
     Total field sigma (voxel space) = 0
     Update field time sigma = 0
     Total field time sigma  = 0
     Number of time indices = 0
     Number of time point samples = 0
Registration using 1 total stages.

Stage 0
  iterations = 1000x500x250x100
  convergence threshold = 1e-06
  convergence window size = 10
  number of levels = 4
  using the Mattes MI metric (number of bins = 32, weight = 1, use gradient filter = 0)
  preprocessing:  winsorizing the image intensities
  Shrink factors (level 1 out of 4): [8, 8, 8]
  Shrink factors (level 2 out of 4): [4, 4, 4]
  Shrink factors (level 3 out of 4): [2, 2, 2]
  Shrink factors (level 4 out of 4): [1, 1, 1]
  smoothing sigmas per level: [3, 2, 1, 0]
  regular sampling (percentage = 0.25)

*** Running AffineTransform registration ***

DIAGNOSTIC,Iteration,metricValue,convergenceValue,ITERATION_TIME_INDEX,SINCE_LAST
 2DIAGNOSTIC,     1, -7.474865894667e-01, 1.797693134862e+308, 0.0000e+00, 0.0000e+00, 
 2DIAGNOSTIC,     2, -7.492234720775e-01, 1.797693134862e+308, 0.0000e+00, 0.0000e+00, 
 2DIAGNOSTIC,     3, -7.524245565181e-01, 1.797693134862e+308, 0.0000e+00, 0.0000e+00, 
 2DIAGNOSTIC,     4, -7.573821797248e-01, 1.797693134862e+308, 0.0000e+00, 0.0000e+00, 
 2DIAGNOSTIC,     5, -7.650313106044e-01, 1.797693134862e+308, 0.0000e+00, 0.0000e+00, 
 2DIAGNOSTIC,     6, -7.795844877487e-01, 1.797693134862e+308, 0.0000e+00, 0.0000e+00, 
 2DIAGNOSTIC,     7, -8.031219221111e-01, 1.797693134862e+308, 0.0000e+00, 0.0000e+00, 
 2DIAGNOSTIC,     8, -8.775782938340e-01, 1.797693134862e+308, 0.0000e+00, 0.0000e+00, 
 2DIAGNOSTIC,     9, -9.112228882861e-01, 1.797693134862e+308, 0.0000e+00, 0.0000e+00, 
 2DIAGNOSTIC,    10, -9.215148521286e-01, 1.505796394281e-02, 0.0000e+00, 0.0000e+00, 
 2DIAGNOSTIC,    11, -9.250689804920e-01, 1.543143564002e-02, 0.0000e+00, 0.0000e+00, 
 2DIAGNOSTIC,    12, -9.273936860631e-01, 1.447796341710e-02, 0.0000e+00, 0.0000e+00, 
 2DIAGNOSTIC,    13, -9.337206964755e-01, 1.260526492710e-02, 0.0000e+00, 0.0000e+00, 
 2DIAGNOSTIC,    14, -9.350058950661e-01, 1.002828009172e-02, 0.0000e+00, 0.0000e+00, 
 2DIAGNOSTIC,    15, -9.354622218594e-01, 7.121244720040e-03, 0.0000e+00, 0.0000e+00, 
 2DIAGNOSTIC,    16, -9.360388408801e-01, 4.294528161825e-03, 0.0000e+00, 0.0000e+00, 
 2DIAGNOSTIC,    17, -9.366267690765e-01, 1.875568139425e-03, 0.0000e+00, 0.0000e+00, 
 2DIAGNOSTIC,    18, -9.368954914016e-01, 9.270607122997e-04, 0.0000e+00, 0.0000e+00, 
 2DIAGNOSTIC,    19, -9.371542298230e-01, 5.818902702594e-04, 0.0000e+00, 0.0000e+00, 
 2DIAGNOSTIC,    20, -9.376378452371e-01, 3.964763617139e-04, 0.0000e+00, 0.0000e+00, 
 2DIAGNOSTIC,    21, -9.377056640613e-01, 2.496594819903e-04, 0.0000e+00, 0.0000e+00, 
 2DIAGNOSTIC,    22, -9.378650404581e-01, 1.282465855069e-04, 0.0000e+00, 0.0000e+00, 
 2DIAGNOSTIC,    23, -9.381330526524e-01, 9.862221727189e-05, 0.0000e+00, 0.0000e+00, 
 2DIAGNOSTIC,    24, -9.383863954122e-01, 8.309761873955e-05, 0.0000e+00, 0.0000e+00, 
 2DIAGNOSTIC,    25, -9.381687993395e-01, 6.410803363299e-05, 0.0000e+00, 0.0000e+00, 
 2DIAGNOSTIC,    26, -9.381959448317e-01, 4.823470171499e-05, 0.0000e+00, 0.0000e+00, 
 2DIAGNOSTIC,    27, -9.380732329095e-01, 3.470888917807e-05, 0.0000e+00, 0.0000e+00, 
 2DIAGNOSTIC,    28, -9.381235599781e-01, 2.262036135366e-05, 0.0000e+00, 0.0000e+00, 
 2DIAGNOSTIC,    29, -9.381934096979e-01, 1.281159044776e-05, 0.0000e+00, 0.0000e+00, 
 2DIAGNOSTIC,    30, -9.382809081766e-01, 8.687055050485e-06, 0.0000e+00, 0.0000e+00, 
 2DIAGNOSTIC,    31, -9.382345708574e-01, 4.374697302856e-06, 0.0000e+00, 0.0000e+00, 
DIAGNOSTIC,Iteration,metricValue,convergenceValue,ITERATION_TIME_INDEX,SINCE_LAST
 2DIAGNOSTIC,     1, -7.501412224132e-01, 1.797693134862e+308, 0.0000e+00, 0.0000e+00, 
 2DIAGNOSTIC,     2, -7.505518864448e-01, 1.797693134862e+308, 0.0000e+00, 0.0000e+00, 
 2DIAGNOSTIC,     3, -7.511264093644e-01, 1.797693134862e+308, 0.0000e+00, 0.0000e+00, 
 2DIAGNOSTIC,     4, -7.516125936335e-01, 1.797693134862e+308, 0.0000e+00, 0.0000e+00, 
 2DIAGNOSTIC,     5, -7.528421878118e-01, 1.797693134862e+308, 0.0000e+00, 0.0000e+00, 
 2DIAGNOSTIC,     6, -7.545020373906e-01, 1.797693134862e+308, 0.0000e+00, 0.0000e+00, 
 2DIAGNOSTIC,     7, -7.549178538847e-01, 1.797693134862e+308, 0.0000e+00, 0.0000e+00, 
 2DIAGNOSTIC,     8, -7.549190080790e-01, 1.797693134862e+308, 0.0000e+00, 0.0000e+00, 
 2DIAGNOSTIC,     9, -7.549040589596e-01, 1.797693134862e+308, 0.0000e+00, 0.0000e+00, 
 2DIAGNOSTIC,    10, -7.548990216799e-01, 4.953331334375e-04, 0.0000e+00, 0.0000e+00, 
 2DIAGNOSTIC,    11, -7.548993032400e-01, 3.799674676855e-04, 0.0000e+00, 0.0000e+00, 
 2DIAGNOSTIC,    12, -7.548900802981e-01, 2.625568420816e-04, 0.0000e+00, 0.0000e+00, 
 2DIAGNOSTIC,    13, -7.548788069930e-01, 1.568959246387e-04, 0.0000e+00, 0.0000e+00, 
 2DIAGNOSTIC,    14, -7.548696038218e-01, 6.496416119896e-05, 0.0000e+00, 0.0000e+00, 
 2DIAGNOSTIC,    15, -7.548733967330e-01, 9.528103334905e-06, 0.0000e+00, 0.0000e+00, 
DIAGNOSTIC,Iteration,metricValue,convergenceValue,ITERATION_TIME_INDEX,SINCE_LAST
 2DIAGNOSTIC,     1, -6.417638951341e-01, 1.797693134862e+308, 0.0000e+00, 0.0000e+00, 
 2DIAGNOSTIC,     2, -6.421149991196e-01, 1.797693134862e+308, 0.0000e+00, 0.0000e+00, 
 2DIAGNOSTIC,     3, -6.425831793857e-01, 1.797693134862e+308, 0.0000e+00, 0.0000e+00, 
 2DIAGNOSTIC,     4, -6.431181732989e-01, 1.797693134862e+308, 0.0000e+00, 0.0000e+00, 
 2DIAGNOSTIC,     5, -6.437094085147e-01, 1.797693134862e+308, 0.0000e+00, 0.0000e+00, 
 2DIAGNOSTIC,     6, -6.441841554610e-01, 1.797693134862e+308, 0.0000e+00, 0.0000e+00, 
 2DIAGNOSTIC,     7, -6.442804173154e-01, 1.797693134862e+308, 0.0000e+00, 0.0000e+00, 
 2DIAGNOSTIC,     8, -6.444120759198e-01, 1.797693134862e+308, 0.0000e+00, 0.0000e+00, 
 2DIAGNOSTIC,     9, -6.444935532481e-01, 1.797693134862e+308, 0.0000e+00, 0.0000e+00, 
 2DIAGNOSTIC,    10, -6.446081789910e-01, 3.047072162483e-04, 0.0000e+00, 0.0000e+00, 
 2DIAGNOSTIC,    11, -6.446173432178e-01, 2.269334494625e-04, 0.0000e+00, 0.0000e+00, 
 2DIAGNOSTIC,    12, -6.446212647385e-01, 1.551617383548e-04, 0.0000e+00, 0.0000e+00, 
 2DIAGNOSTIC,    13, -6.446210960164e-01, 9.652040425698e-05, 0.0000e+00, 0.0000e+00, 
 2DIAGNOSTIC,    14, -6.446199847562e-01, 5.418599938257e-05, 0.0000e+00, 0.0000e+00, 
 2DIAGNOSTIC,    15, -6.446205632148e-01, 2.981120624009e-05, 0.0000e+00, 0.0000e+00, 
 2DIAGNOSTIC,    16, -6.446203795113e-01, 1.902540336925e-05, 0.0000e+00, 0.0000e+00, 
 2DIAGNOSTIC,    17, -6.446281824533e-01, 1.061647520834e-05, 0.0000e+00, 0.0000e+00, 
 2DIAGNOSTIC,    18, -6.446296816451e-01, 5.574526535275e-06, 0.0000e+00, 0.0000e+00, 
 2DIAGNOSTIC,    19, -6.446293153570e-01, 2.524229656312e-06, 0.0000e+00, 0.0000e+00, 
 2DIAGNOSTIC,    20, -6.446389340407e-01, 2.440142825508e-06, 0.0000e+00, 0.0000e+00, 
 2DIAGNOSTIC,    21, -6.446488697809e-01, 2.677623563076e-06, 0.0000e+00, 0.0000e+00, 
 2DIAGNOSTIC,    22, -6.446652866958e-01, 3.186719019249e-06, 0.0000e+00, 0.0000e+00, 
 2DIAGNOSTIC,    23, -6.446901819950e-01, 3.959025161974e-06, 0.0000e+00, 0.0000e+00, 
 2DIAGNOSTIC,    24, -6.447113430756e-01, 4.788982915033e-06, 0.0000e+00, 0.0000e+00, 
 2DIAGNOSTIC,    25, -6.447759661377e-01, 6.375946003175e-06, 0.0000e+00, 0.0000e+00, 
 2DIAGNOSTIC,    26, -6.447743484787e-01, 7.302030409169e-06, 0.0000e+00, 0.0000e+00, 
 2DIAGNOSTIC,    27, -6.447705836044e-01, 7.667228494775e-06, 0.0000e+00, 0.0000e+00, 
 2DIAGNOSTIC,    28, -6.447638253277e-01, 7.325202412242e-06, 0.0000e+00, 0.0000e+00, 
 2DIAGNOSTIC,    29, -6.447601365104e-01, 6.353677558149e-06, 0.0000e+00, 0.0000e+00, 
 2DIAGNOSTIC,    30, -6.447631702218e-01, 5.123081285120e-06, 1.2800e+02, 1.2800e+02, 
 2DIAGNOSTIC,    31, -6.447590377971e-01, 3.666198155033e-06, 1.2800e+02, 0.0000e+00, 
 2DIAGNOSTIC,    32, -6.447577934295e-01, 2.270299180013e-06, 1.2800e+02, 0.0000e+00, 
 2DIAGNOSTIC,    33, -6.447581306994e-01, 1.179656957860e-06, 1.2800e+02, 0.0000e+00, 
DIAGNOSTIC,Iteration,metricValue,convergenceValue,ITERATION_TIME_INDEX,SINCE_LAST
 2DIAGNOSTIC,     1, -5.759833306274e-01, 1.797693134862e+308, 1.2800e+02, 0.0000e+00, 
 2DIAGNOSTIC,     2, -5.765506175130e-01, 1.797693134862e+308, 1.2800e+02, 0.0000e+00, 
 2DIAGNOSTIC,     3, -5.770712153798e-01, 1.797693134862e+308, 1.2800e+02, 0.0000e+00, 
 2DIAGNOSTIC,     4, -5.776596961337e-01, 1.797693134862e+308, 1.2800e+02, 0.0000e+00, 
 2DIAGNOSTIC,     5, -5.783148875352e-01, 1.797693134862e+308, 1.2800e+02, 0.0000e+00, 
 2DIAGNOSTIC,     6, -5.792683783773e-01, 1.797693134862e+308, 1.2800e+02, 0.0000e+00, 
 2DIAGNOSTIC,     7, -5.792681695997e-01, 1.797693134862e+308, 1.2800e+02, 0.0000e+00, 
 2DIAGNOSTIC,     8, -5.792680672924e-01, 1.797693134862e+308, 1.2800e+02, 0.0000e+00, 
 2DIAGNOSTIC,     9, -5.792679219654e-01, 1.797693134862e+308, 1.2800e+02, 0.0000e+00, 
