
##########################
# Experiment information #
##########################

EXPERIMENT_NAME: antsRegistration-r8-p20
VFC_BACKENDS: libinterflop_vprec.so --range-binary32=8 --precision-binary32=20 --range-binary64=8 --precision-binary64=20

SIF_IMG: /home/mdugre/projects/rrg-glatard/mdugre/containers/ants-vprec-no_metrics.simg

SUBJECT_ID: s037
INPUT_IMG: /home/mdugre/scratch/mri-registration-rp/datasets/ds004513/derivatives/mri-registration-rp/antsBrainExtraction/sub-s037/BrainExtractionBrain.nii.gz
OUTPUT_DIR: /home/mdugre/scratch/mri-registration-rp/datasets/ds004513/derivatives/mri-registration-rp/1111/antsRegistration-r8-p20/sub-s037

FIXED_IMG: /templateflow/tpl-MNI152NLin2009cAsym/tpl-MNI152NLin2009cAsym_res-01_desc-brain_T1w.nii.gz
DATA_DIR: /home/mdugre/scratch/mri-registration-rp/datasets/ds004513
TEMPLATEFLOW_DIR: /home/mdugre/projects/rrg-glatard/mdugre/templateflow
ITK_GLOBAL_DEFAULT_NUMBER_OF_THREADS: 16
##########################

Info [verificarlo]: loaded backend libinterflop_vprec.so
Info [interflop-vprec]: load backend with: 
Info [interflop-vprec]: precision-binary32 = 20
Info [interflop-vprec]: range-binary32 = 8
Info [interflop-vprec]: precision-binary64 = 20
Info [interflop-vprec]: range-binary64 = 8
Info [interflop-vprec]: mode = ob
Info [interflop-vprec]: error-mode = rel
Info [interflop-vprec]: max-abs-error-exponent = -1022
Info [interflop-vprec]: daz = false
Info [interflop-vprec]: ftz = false
Info [interflop-vprec]: 	instrument = none
Info [interflop-vprec]: 	prec-input-file = (null)
Info [interflop-vprec]: 	prec-output-file = (null)
Info [interflop-vprec]: 	prec-log-file = (null)
All_Command_lines_OK
Using double precision for computations.
=============================================================================
The composite transform comprises the following transforms (in order): 
  1. Center of mass alignment using fixed image: /templateflow/tpl-MNI152NLin2009cAsym/tpl-MNI152NLin2009cAsym_res-01_desc-brain_T1w.nii.gz and moving image: /home/mdugre/scratch/mri-registration-rp/datasets/ds004513/derivatives/mri-registration-rp/antsBrainExtraction/sub-s037/BrainExtractionBrain.nii.gz (type = Euler3DTransform)
=============================================================================
  number of levels = 1
  fixed image: /templateflow/tpl-MNI152NLin2009cAsym/tpl-MNI152NLin2009cAsym_res-01_desc-brain_T1w.nii.gz
  moving image: /home/mdugre/scratch/mri-registration-rp/datasets/ds004513/derivatives/mri-registration-rp/antsBrainExtraction/sub-s037/BrainExtractionBrain.nii.gz
Dimension = 3
Number of stages = 1
Use histogram matching = false
Winsorize image intensities = true
  Lower quantile = 0.005
  Upper quantile = 0.995


Stage 1 State
   Image metric = MattesMI
     Fixed image = Image (0x39beb20)
  RTTI typeinfo:   itk::Image<double, 3u>
  Reference Count: 2
  Modified Time: 2330
  Debug: Off
  Object Name: 
  Observers: 
    none
  Source: (none)
  Source output name: (none)
  Release Data: Off
  Data Released: False
  Global Release Data: Off
  PipelineMTime: 0
  UpdateMTime: 1941
  RealTimeStamp: 0 seconds 
  LargestPossibleRegion: 
    Dimension: 3
    Index: [0, 0, 0]
    Size: [193, 229, 193]
  BufferedRegion: 
    Dimension: 3
    Index: [0, 0, 0]
    Size: [193, 229, 193]
  RequestedRegion: 
    Dimension: 3
    Index: [0, 0, 0]
    Size: [193, 229, 193]
  Spacing: [1, 1, 1]
  Origin: [96, 132, -78]
  Direction: 
-1 0 0
0 -1 0
0 0 1

  IndexToPointMatrix: 
-1 0 0
0 -1 0
0 0 1

  PointToIndexMatrix: 
-1 0 0
0 -1 0
0 0 1

  Inverse Direction: 
-1 0 0
0 -1 0
0 0 1

  PixelContainer: 
    ImportImageContainer (0x3aea650)
      RTTI typeinfo:   itk::ImportImageContainer<unsigned long, double>
      Reference Count: 1
      Modified Time: 1938
      Debug: Off
      Object Name: 
      Observers: 
        none
      Pointer: 0x14ac49025010
      Container manages memory: true
      Size: 8530021
      Capacity: 8530021

     Moving image = Image (0x39c7240)
  RTTI typeinfo:   itk::Image<double, 3u>
  Reference Count: 2
  Modified Time: 2331
  Debug: Off
  Object Name: 
  Observers: 
    none
  Source: (none)
  Source output name: (none)
  Release Data: Off
  Data Released: False
  Global Release Data: Off
  PipelineMTime: 0
  UpdateMTime: 2328
  RealTimeStamp: 0 seconds 
  LargestPossibleRegion: 
    Dimension: 3
    Index: [0, 0, 0]
    Size: [160, 240, 256]
  BufferedRegion: 
    Dimension: 3
    Index: [0, 0, 0]
    Size: [160, 240, 256]
  RequestedRegion: 
    Dimension: 3
    Index: [0, 0, 0]
    Size: [160, 240, 256]
  Spacing: [1, 1, 1]
  Origin: [87.9508, 102.562, -147.639]
  Direction: 
-0.998658 -0.0436121 -0.0279129
0.043595 -0.999049 0.00121847
-0.0279395 -2.65543e-08 0.999609

  IndexToPointMatrix: 
-0.998658 -0.0436121 -0.0279129
0.043595 -0.999049 0.00121847
-0.0279395 -2.65543e-08 0.999609

  PointToIndexMatrix: 
-0.99866 0.043595 -0.0279396
-0.043612 -0.999048 2.38419e-07
-0.027913 0.00121832 0.99961

  Inverse Direction: 
-0.99866 0.043595 -0.0279396
-0.043612 -0.999048 2.38419e-07
-0.027913 0.00121832 0.99961

  PixelContainer: 
    ImportImageContainer (0x3ad4b90)
      RTTI typeinfo:   itk::ImportImageContainer<unsigned long, double>
      Reference Count: 1
      Modified Time: 2325
      Debug: Off
      Object Name: 
      Observers: 
        none
      Pointer: 0x14ac44524010
      Container manages memory: true
      Size: 9830400
      Capacity: 9830400

     Weighting = 1
     Sampling strategy = regular
     Number of bins = 32
     Radius = 4
     Sampling percentage  = 0.25
   Transform = Rigid
     Gradient step = 0.1
     Update field sigma (voxel space) = 0
     Total field sigma (voxel space) = 0
     Update field time sigma = 0
     Total field time sigma  = 0
     Number of time indices = 0
     Number of time point samples = 0
Registration using 1 total stages.

Stage 0
  iterations = 0
  convergence threshold = 1e-06
  convergence window size = 10
  number of levels = 1
  using the Mattes MI metric (number of bins = 32, weight = 1, use gradient filter = 0)
  preprocessing:  winsorizing the image intensities
  Shrink factors (level 1 out of 1): [1, 1, 1]
  smoothing sigmas per level: [0]
  regular sampling (percentage = 0.25)

*** Running Euler3DTransform registration ***

  Elapsed time (stage 0): 0


Total elapsed time: 0
Info [verificarlo]: loaded backend libinterflop_vprec.so
Info [interflop-vprec]: load backend with: 
Info [interflop-vprec]: precision-binary32 = 20
Info [interflop-vprec]: range-binary32 = 8
Info [interflop-vprec]: precision-binary64 = 20
Info [interflop-vprec]: range-binary64 = 8
Info [interflop-vprec]: mode = ob
Info [interflop-vprec]: error-mode = rel
Info [interflop-vprec]: max-abs-error-exponent = -1022
Info [interflop-vprec]: daz = false
Info [interflop-vprec]: ftz = false
Info [interflop-vprec]: 	instrument = none
Info [interflop-vprec]: 	prec-input-file = (null)
Info [interflop-vprec]: 	prec-output-file = (null)
Info [interflop-vprec]: 	prec-log-file = (null)
All_Command_lines_OK
Using double precision for computations.
=============================================================================
The composite transform comprises the following transforms (in order): 
  1. /home/mdugre/scratch/mri-registration-rp/datasets/ds004513/derivatives/mri-registration-rp/1111/antsRegistration-r8-p20/sub-s037/align_Composite.h5[0] (type = Euler3DTransform)
  2. /home/mdugre/scratch/mri-registration-rp/datasets/ds004513/derivatives/mri-registration-rp/1111/antsRegistration-r8-p20/sub-s037/align_Composite.h5[1] (type = Euler3DTransform)
=============================================================================
  number of levels = 4
  fixed image: /templateflow/tpl-MNI152NLin2009cAsym/tpl-MNI152NLin2009cAsym_res-01_desc-brain_T1w.nii.gz
  moving image: /home/mdugre/scratch/mri-registration-rp/datasets/ds004513/derivatives/mri-registration-rp/antsBrainExtraction/sub-s037/BrainExtractionBrain.nii.gz
Dimension = 3
Number of stages = 1
Use histogram matching = false
Winsorize image intensities = true
  Lower quantile = 0.005
  Upper quantile = 0.995


Stage 1 State
   Image metric = MattesMI
     Fixed image = Image (0x3a061e0)
  RTTI typeinfo:   itk::Image<double, 3u>
  Reference Count: 2
  Modified Time: 1578
  Debug: Off
  Object Name: 
  Observers: 
    none
  Source: (none)
  Source output name: (none)
  Release Data: Off
  Data Released: False
  Global Release Data: Off
  PipelineMTime: 0
  UpdateMTime: 1189
  RealTimeStamp: 0 seconds 
  LargestPossibleRegion: 
    Dimension: 3
    Index: [0, 0, 0]
    Size: [193, 229, 193]
  BufferedRegion: 
    Dimension: 3
    Index: [0, 0, 0]
    Size: [193, 229, 193]
  RequestedRegion: 
    Dimension: 3
    Index: [0, 0, 0]
    Size: [193, 229, 193]
  Spacing: [1, 1, 1]
  Origin: [96, 132, -78]
  Direction: 
-1 0 0
0 -1 0
0 0 1

  IndexToPointMatrix: 
-1 0 0
0 -1 0
0 0 1

  PointToIndexMatrix: 
-1 0 0
0 -1 0
0 0 1

  Inverse Direction: 
-1 0 0
0 -1 0
0 0 1

  PixelContainer: 
    ImportImageContainer (0x3ac56f0)
      RTTI typeinfo:   itk::ImportImageContainer<unsigned long, double>
      Reference Count: 1
      Modified Time: 1186
      Debug: Off
      Object Name: 
      Observers: 
        none
      Pointer: 0x14788910d010
      Container manages memory: true
      Size: 8530021
      Capacity: 8530021

     Moving image = Image (0x3ac1c90)
  RTTI typeinfo:   itk::Image<double, 3u>
  Reference Count: 2
  Modified Time: 1579
  Debug: Off
  Object Name: 
  Observers: 
    none
  Source: (none)
  Source output name: (none)
  Release Data: Off
  Data Released: False
  Global Release Data: Off
  PipelineMTime: 0
  UpdateMTime: 1576
  RealTimeStamp: 0 seconds 
  LargestPossibleRegion: 
    Dimension: 3
    Index: [0, 0, 0]
    Size: [160, 240, 256]
  BufferedRegion: 
    Dimension: 3
    Index: [0, 0, 0]
    Size: [160, 240, 256]
  RequestedRegion: 
    Dimension: 3
    Index: [0, 0, 0]
    Size: [160, 240, 256]
  Spacing: [1, 1, 1]
  Origin: [87.9508, 102.562, -147.639]
  Direction: 
-0.998658 -0.0436121 -0.0279129
0.043595 -0.999049 0.00121847
-0.0279395 -2.65543e-08 0.999609

  IndexToPointMatrix: 
-0.998658 -0.0436121 -0.0279129
0.043595 -0.999049 0.00121847
-0.0279395 -2.65543e-08 0.999609

  PointToIndexMatrix: 
-0.99866 0.043595 -0.0279396
-0.043612 -0.999048 2.38419e-07
-0.027913 0.00121832 0.99961

  Inverse Direction: 
-0.99866 0.043595 -0.0279396
-0.043612 -0.999048 2.38419e-07
-0.027913 0.00121832 0.99961

  PixelContainer: 
    ImportImageContainer (0x3a84010)
      RTTI typeinfo:   itk::ImportImageContainer<unsigned long, double>
      Reference Count: 1
      Modified Time: 1573
      Debug: Off
      Object Name: 
      Observers: 
        none
      Pointer: 0x14788460c010
      Container manages memory: true
      Size: 9830400
      Capacity: 9830400

     Weighting = 1
     Sampling strategy = regular
     Number of bins = 32
     Radius = 4
     Sampling percentage  = 0.25
   Transform = Rigid
     Gradient step = 0.1
     Update field sigma (voxel space) = 0
     Total field sigma (voxel space) = 0
     Update field time sigma = 0
     Total field time sigma  = 0
     Number of time indices = 0
     Number of time point samples = 0
Registration using 1 total stages.

Stage 0
  iterations = 1000x500x250x100
  convergence threshold = 1e-06
  convergence window size = 10
  number of levels = 4
  using the Mattes MI metric (number of bins = 32, weight = 1, use gradient filter = 0)
  preprocessing:  winsorizing the image intensities
  Shrink factors (level 1 out of 4): [8, 8, 8]
  Shrink factors (level 2 out of 4): [4, 4, 4]
  Shrink factors (level 3 out of 4): [2, 2, 2]
  Shrink factors (level 4 out of 4): [1, 1, 1]
  smoothing sigmas per level: [3, 2, 1, 0]
  regular sampling (percentage = 0.25)

*** Running Euler3DTransform registration ***

DIAGNOSTIC,Iteration,metricValue,convergenceValue,ITERATION_TIME_INDEX,SINCE_LAST
 2DIAGNOSTIC,     1, -4.226191580677e-01, 1.797693134862e+308, 0.0000e+00, 0.0000e+00, 
 2DIAGNOSTIC,     2, -4.238242066956e-01, 1.797693134862e+308, 0.0000e+00, 0.0000e+00, 
 2DIAGNOSTIC,     3, -4.262641588925e-01, 1.797693134862e+308, 0.0000e+00, 0.0000e+00, 
 2DIAGNOSTIC,     4, -4.309006220469e-01, 1.797693134862e+308, 0.0000e+00, 0.0000e+00, 
 2DIAGNOSTIC,     5, -4.373208899646e-01, 1.797693134862e+308, 0.0000e+00, 0.0000e+00, 
 2DIAGNOSTIC,     6, -4.475325812775e-01, 1.797693134862e+308, 0.0000e+00, 0.0000e+00, 
 2DIAGNOSTIC,     7, -4.627661176296e-01, 1.797693134862e+308, 0.0000e+00, 0.0000e+00, 
 2DIAGNOSTIC,     8, -4.697440979254e-01, 1.797693134862e+308, 0.0000e+00, 0.0000e+00, 
 2DIAGNOSTIC,     9, -4.790663061708e-01, 1.797693134862e+308, 0.0000e+00, 0.0000e+00, 
 2DIAGNOSTIC,    10, -4.836288525517e-01, 9.914518949038e-03, 0.0000e+00, 0.0000e+00, 
 2DIAGNOSTIC,    11, -4.862951192777e-01, 9.384612830009e-03, 0.0000e+00, 0.0000e+00, 
 2DIAGNOSTIC,    12, -4.869731169858e-01, 8.205134824978e-03, 0.0000e+00, 0.0000e+00, 
 2DIAGNOSTIC,    13, -4.871066414511e-01, 6.604671817462e-03, 0.0000e+00, 0.0000e+00, 
 2DIAGNOSTIC,    14, -4.872124034126e-01, 4.860805149783e-03, 0.0000e+00, 0.0000e+00, 
 2DIAGNOSTIC,    15, -4.874778435176e-01, 3.190891007072e-03, 0.0000e+00, 0.0000e+00, 
 2DIAGNOSTIC,    16, -4.875949879109e-01, 1.835428459096e-03, 0.0000e+00, 0.0000e+00, 
 2DIAGNOSTIC,    17, -4.878269603142e-01, 1.034736047428e-03, 0.0000e+00, 0.0000e+00, 
 2DIAGNOSTIC,    18, -4.887757347709e-01, 4.948873421938e-04, 0.0000e+00, 0.0000e+00, 
 2DIAGNOSTIC,    19, -4.888381835001e-01, 2.659636206169e-04, 0.0000e+00, 0.0000e+00, 
 2DIAGNOSTIC,    20, -4.888860220730e-01, 1.746758288662e-04, 0.0000e+00, 0.0000e+00, 
 2DIAGNOSTIC,    21, -4.889417870646e-01, 1.547631693098e-04, 0.0000e+00, 0.0000e+00, 
 2DIAGNOSTIC,    22, -4.890189808077e-01, 1.430490567094e-04, 0.0000e+00, 0.0000e+00, 
 2DIAGNOSTIC,    23, -4.891398761729e-01, 1.254354550467e-04, 0.0000e+00, 0.0000e+00, 
 2DIAGNOSTIC,    24, -4.897403105071e-01, 1.152463343355e-04, 0.0000e+00, 0.0000e+00, 
 2DIAGNOSTIC,    25, -4.908223598717e-01, 1.276294601001e-04, 0.0000e+00, 0.0000e+00, 
 2DIAGNOSTIC,    26, -4.913492477497e-01, 1.416372842681e-04, 0.0000e+00, 0.0000e+00, 
 2DIAGNOSTIC,    27, -4.924159987050e-01, 1.697660113882e-04, 0.0000e+00, 0.0000e+00, 
 2DIAGNOSTIC,    28, -4.938989645182e-01, 2.316878531503e-04, 0.0000e+00, 0.0000e+00, 
 2DIAGNOSTIC,    29, -4.957349534411e-01, 3.058214305650e-04, 0.0000e+00, 0.0000e+00, 
 2DIAGNOSTIC,    30, -5.001861489137e-01, 4.346935923674e-04, 0.0000e+00, 0.0000e+00, 
 2DIAGNOSTIC,    31, -5.037188364210e-01, 5.810102344058e-04, 0.0000e+00, 0.0000e+00, 
 2DIAGNOSTIC,    32, -5.084760254441e-01, 7.520538693599e-04, 0.0000e+00, 0.0000e+00, 
 2DIAGNOSTIC,    33, -5.100050581783e-01, 8.696393692890e-04, 0.0000e+00, 0.0000e+00, 
 2DIAGNOSTIC,    34, -5.169791355913e-01, 1.029260323631e-03, 0.0000e+00, 0.0000e+00, 
 2DIAGNOSTIC,    35, -5.200229038457e-01, 1.148033494133e-03, 0.0000e+00, 0.0000e+00, 
 2DIAGNOSTIC,    36, -5.213307640751e-01, 1.179895605807e-03, 0.0000e+00, 0.0000e+00, 
 2DIAGNOSTIC,    37, -5.220560516782e-01, 1.127422702725e-03, 0.0000e+00, 0.0000e+00, 
 2DIAGNOSTIC,    38, -5.252788523625e-01, 1.043852728773e-03, 0.0000e+00, 0.0000e+00, 
 2DIAGNOSTIC,    39, -5.273199599967e-01, 9.207587608180e-04, 0.0000e+00, 0.0000e+00, 
 2DIAGNOSTIC,    40, -5.287092312572e-01, 8.004209243090e-04, 0.0000e+00, 0.0000e+00, 
 2DIAGNOSTIC,    41, -5.289489612803e-01, 6.638766847445e-04, 0.0000e+00, 0.0000e+00, 
 2DIAGNOSTIC,    42, -5.301824735759e-01, 5.555482150777e-04, 0.0000e+00, 0.0000e+00, 
 2DIAGNOSTIC,    43, -5.310169874002e-01, 4.287450846657e-04, 0.0000e+00, 0.0000e+00, 
 2DIAGNOSTIC,    44, -5.317977782742e-01, 3.679014824679e-04, 0.0000e+00, 0.0000e+00, 
 2DIAGNOSTIC,    45, -5.326517680780e-01, 3.250007961975e-04, 0.0000e+00, 0.0000e+00, 
 2DIAGNOSTIC,    46, -5.333018846296e-01, 2.781569259659e-04, 0.0000e+00, 0.0000e+00, 
 2DIAGNOSTIC,    47, -5.336695575112e-01, 2.195463157934e-04, 0.0000e+00, 0.0000e+00, 
 2DIAGNOSTIC,    48, -5.338543435867e-01, 1.828983905150e-04, 0.0000e+00, 0.0000e+00, 
 2DIAGNOSTIC,    49, -5.356605652585e-01, 1.751911600741e-04, 0.0000e+00, 0.0000e+00, 
 2DIAGNOSTIC,    50, -5.382385329342e-01, 1.960979042243e-04, 0.0000e+00, 0.0000e+00, 
 2DIAGNOSTIC,    51, -5.399429470168e-01, 2.183388702518e-04, 0.0000e+00, 0.0000e+00, 
 2DIAGNOSTIC,    52, -5.460571261189e-01, 2.994582634335e-04, 0.0000e+00, 0.0000e+00, 
 2DIAGNOSTIC,    53, -5.461475436146e-01, 3.572033415001e-04, 0.0000e+00, 0.0000e+00, 
 2DIAGNOSTIC,    54, -5.475906015291e-01, 4.023485296261e-04, 0.0000e+00, 0.0000e+00, 
 2DIAGNOSTIC,    55, -5.501215898066e-01, 4.420125546068e-04, 0.0000e+00, 0.0000e+00, 
 2DIAGNOSTIC,    56, -5.519697782750e-01, 4.621040523955e-04, 0.0000e+00, 0.0000e+00, 
 2DIAGNOSTIC,    57, -5.522653310839e-01, 4.432325342482e-04, 0.0000e+00, 0.0000e+00, 
 2DIAGNOSTIC,    58, -5.532053736102e-01, 3.938552183070e-04, 0.0000e+00, 0.0000e+00, 
 2DIAGNOSTIC,    59, -5.551930764690e-01, 3.449836720018e-04, 0.0000e+00, 0.0000e+00, 
 2DIAGNOSTIC,    60, -5.586016717829e-01, 3.203117154513e-04, 0.0000e+00, 0.0000e+00, 
 2DIAGNOSTIC,    61, -5.595864222594e-01, 2.882762706453e-04, 0.0000e+00, 0.0000e+00, 
 2DIAGNOSTIC,    62, -5.599000789082e-01, 2.886676264792e-04, 0.0000e+00, 0.0000e+00, 
 2DIAGNOSTIC,    63, -5.605456894819e-01, 2.683678742990e-04, 0.0000e+00, 0.0000e+00, 
 2DIAGNOSTIC,    64, -5.610292373026e-01, 2.390269048384e-04, 0.0000e+00, 0.0000e+00, 
 2DIAGNOSTIC,    65, -5.612934697441e-01, 2.108589384661e-04, 0.0000e+00, 0.0000e+00, 
 2DIAGNOSTIC,    66, -5.616511906400e-01, 1.821384023330e-04, 0.0000e+00, 0.0000e+00, 
 2DIAGNOSTIC,    67, -5.633429462960e-01, 1.537332913615e-04, 0.0000e+00, 0.0000e+00, 
 2DIAGNOSTIC,    68, -5.676890319107e-01, 1.542345445424e-04, 0.0000e+00, 0.0000e+00, 
 2DIAGNOSTIC,    69, -5.752533832769e-01, 2.151240160185e-04, 0.0000e+00, 0.0000e+00, 
 2DIAGNOSTIC,    70, -5.788715660088e-01, 3.076913134284e-04, 0.0000e+00, 0.0000e+00, 
 2DIAGNOSTIC,    71, -5.817016052499e-01, 3.978087502735e-04, 0.0000e+00, 0.0000e+00, 
 2DIAGNOSTIC,    72, -5.829551103851e-01, 4.590740642195e-04, 0.0000e+00, 0.0000e+00, 
 2DIAGNOSTIC,    73, -5.831229867006e-01, 4.799932154649e-04, 0.0000e+00, 0.0000e+00, 
 2DIAGNOSTIC,    74, -5.832517210807e-01, 4.580615169867e-04, 0.0000e+00, 0.0000e+00, 
 2DIAGNOSTIC,    75, -5.832690821193e-01, 3.947588673961e-04, 0.0000e+00, 0.0000e+00, 
 2DIAGNOSTIC,    76, -5.831592381403e-01, 2.975873356280e-04, 0.0000e+00, 0.0000e+00, 
 2DIAGNOSTIC,    77, -5.833624551573e-01, 1.880528269304e-04, 0.0000e+00, 0.0000e+00, 
 2DIAGNOSTIC,    78, -5.834695142868e-01, 9.375123171092e-05, 0.0000e+00, 0.0000e+00, 
 2DIAGNOSTIC,    79, -5.838072042722e-01, 4.726824425872e-05, 0.0000e+00, 0.0000e+00, 
 2DIAGNOSTIC,    80, -5.840163407901e-01, 2.313837750821e-05, 0.0000e+00, 0.0000e+00, 
 2DIAGNOSTIC,    81, -5.840374446793e-01, 1.640561872879e-05, 0.0000e+00, 0.0000e+00, 
 2DIAGNOSTIC,    82, -5.842154866355e-01, 1.779591349883e-05, 0.0000e+00, 0.0000e+00, 
 2DIAGNOSTIC,    83, -5.841861868716e-01, 1.830924184800e-05, 0.0000e+00, 0.0000e+00, 
 2DIAGNOSTIC,    84, -5.841952904463e-01, 1.795768891477e-05, 0.0000e+00, 0.0000e+00, 
 2DIAGNOSTIC,    85, -5.841244061805e-01, 1.561240152538e-05, 0.0000e+00, 0.0000e+00, 
 2DIAGNOSTIC,    86, -5.841364716229e-01, 1.125175336286e-05, 0.0000e+00, 0.0000e+00, 
 2DIAGNOSTIC,    87, -5.841540633730e-01, 7.325882829822e-06, 0.0000e+00, 0.0000e+00, 
 2DIAGNOSTIC,    88, -5.841056741302e-01, 3.137042788367e-06, 0.0000e+00, 0.0000e+00, 
DIAGNOSTIC,Iteration,metricValue,convergenceValue,ITERATION_TIME_INDEX,SINCE_LAST
 2DIAGNOSTIC,     1, -4.746799737010e-01, 1.797693134862e+308, 0.0000e+00, 0.0000e+00, 
 2DIAGNOSTIC,     2, -4.753513951587e-01, 1.797693134862e+308, 0.0000e+00, 0.0000e+00, 
 2DIAGNOSTIC,     3, -4.762260149123e-01, 1.797693134862e+308, 0.0000e+00, 0.0000e+00, 
 2DIAGNOSTIC,     4, -4.770386049554e-01, 1.797693134862e+308, 0.0000e+00, 0.0000e+00, 
 2DIAGNOSTIC,     5, -4.778754187113e-01, 1.797693134862e+308, 0.0000e+00, 0.0000e+00, 
 2DIAGNOSTIC,     6, -4.787916010833e-01, 1.797693134862e+308, 0.0000e+00, 0.0000e+00, 
 2DIAGNOSTIC,     7, -4.812405086971e-01, 1.797693134862e+308, 0.0000e+00, 0.0000e+00, 
 2DIAGNOSTIC,     8, -4.885923081067e-01, 1.797693134862e+308, 0.0000e+00, 0.0000e+00, 
 2DIAGNOSTIC,     9, -4.900252506322e-01, 1.797693134862e+308, 0.0000e+00, 0.0000e+00, 
 2DIAGNOSTIC,    10, -4.903594649843e-01, 2.324917388872e-03, 0.0000e+00, 0.0000e+00, 
 2DIAGNOSTIC,    11, -4.910428941331e-01, 2.284858872774e-03, 0.0000e+00, 0.0000e+00, 
 2DIAGNOSTIC,    12, -4.912008893846e-01, 2.084697819450e-03, 0.0000e+00, 0.0000e+00, 
 2DIAGNOSTIC,    13, -4.913831756910e-01, 1.770075611021e-03, 0.0000e+00, 0.0000e+00, 
 2DIAGNOSTIC,    14, -4.917405396555e-01, 1.388971535026e-03, 0.0000e+00, 0.0000e+00, 
 2DIAGNOSTIC,    15, -4.923619255691e-01, 9.939965565094e-04, 0.0000e+00, 0.0000e+00, 
 2DIAGNOSTIC,    16, -4.924173258487e-01, 5.945139120225e-04, 0.0000e+00, 0.0000e+00, 
 2DIAGNOSTIC,    17, -4.924462689978e-01, 2.672592198157e-04, 0.0000e+00, 0.0000e+00, 
 2DIAGNOSTIC,    18, -4.925257294807e-01, 1.931903488620e-04, 0.0000e+00, 0.0000e+00, 
 2DIAGNOSTIC,    19, -4.925559864832e-01, 1.540402306338e-04, 0.0000e+00, 0.0000e+00, 
 2DIAGNOSTIC,    20, -4.926147827224e-01, 1.154199256212e-04, 0.0000e+00, 0.0000e+00, 
 2DIAGNOSTIC,    21, -4.926192642132e-01, 8.905276414663e-05, 0.0000e+00, 0.0000e+00, 
 2DIAGNOSTIC,    22, -4.927089592661e-01, 6.375796532839e-05, 0.0000e+00, 0.0000e+00, 
 2DIAGNOSTIC,    23, -4.927372877988e-01, 4.007580929986e-05, 0.0000e+00, 0.0000e+00, 
 2DIAGNOSTIC,    24, -4.927544539195e-01, 2.343920826347e-05, 0.0000e+00, 0.0000e+00, 
 2DIAGNOSTIC,    25, -4.927469845425e-01, 2.038734821677e-05, 0.0000e+00, 0.0000e+00, 
 2DIAGNOSTIC,    26, -4.927540839412e-01, 1.719624787613e-05, 0.0000e+00, 0.0000e+00, 
 2DIAGNOSTIC,    27, -4.927797813273e-01, 1.386302573982e-05, 0.0000e+00, 0.0000e+00, 
 2DIAGNOSTIC,    28, -4.927782070591e-01, 1.115803552063e-05, 0.0000e+00, 0.0000e+00, 
 2DIAGNOSTIC,    29, -4.927943757167e-01, 8.626169500203e-06, 0.0000e+00, 0.0000e+00, 
 2DIAGNOSTIC,    30, -4.929077104343e-01, 8.918032220286e-06, 0.0000e+00, 0.0000e+00, 
 2DIAGNOSTIC,    31, -4.929135606225e-01, 8.544233226403e-06, 0.0000e+00, 0.0000e+00, 
 2DIAGNOSTIC,    32, -4.929366655985e-01, 9.536957540385e-06, 0.0000e+00, 0.0000e+00, 
 2DIAGNOSTIC,    33, -4.929975522362e-01, 1.124255111784e-05, 0.0000e+00, 0.0000e+00, 
 2DIAGNOSTIC,    34, -4.930318944725e-01, 1.272947326812e-05, 0.0000e+00, 0.0000e+00, 
 2DIAGNOSTIC,    35, -4.930272689864e-01, 1.278069355050e-05, 0.0000e+00, 0.0000e+00, 
 2DIAGNOSTIC,    36, -4.930282100730e-01, 1.183770344738e-05, 0.0000e+00, 0.0000e+00, 
 2DIAGNOSTIC,    37, -4.930206164014e-01, 1.021874404628e-05, 0.0000e+00, 0.0000e+00, 
 2DIAGNOSTIC,    38, -4.930211068926e-01, 7.777061967938e-06, 0.0000e+00, 0.0000e+00, 
 2DIAGNOSTIC,    39, -4.930212810020e-01, 4.989152890069e-06, 0.0000e+00, 0.0000e+00, 
 2DIAGNOSTIC,    40, -4.930217244095e-01, 3.608467298154e-06, 0.0000e+00, 0.0000e+00, 
 2DIAGNOSTIC,    41, -4.930213984649e-01, 2.115198201008e-06, 0.0000e+00, 0.0000e+00, 
DIAGNOSTIC,Iteration,metricValue,convergenceValue,ITERATION_TIME_INDEX,SINCE_LAST
 2DIAGNOSTIC,     1, -4.334886430315e-01, 1.797693134862e+308, 0.0000e+00, 0.0000e+00, 
 2DIAGNOSTIC,     2, -4.336800428462e-01, 1.797693134862e+308, 0.0000e+00, 0.0000e+00, 
 2DIAGNOSTIC,     3, -4.338228472113e-01, 1.797693134862e+308, 0.0000e+00, 0.0000e+00, 
 2DIAGNOSTIC,     4, -4.339672925742e-01, 1.797693134862e+308, 0.0000e+00, 0.0000e+00, 
 2DIAGNOSTIC,     5, -4.341225800070e-01, 1.797693134862e+308, 0.0000e+00, 0.0000e+00, 
 2DIAGNOSTIC,     6, -4.341918876130e-01, 1.797693134862e+308, 0.0000e+00, 0.0000e+00, 
 2DIAGNOSTIC,     7, -4.342027735045e-01, 1.797693134862e+308, 0.0000e+00, 0.0000e+00, 
 2DIAGNOSTIC,     8, -4.342079351383e-01, 1.797693134862e+308, 0.0000e+00, 0.0000e+00, 
 2DIAGNOSTIC,     9, -4.342198473341e-01, 1.797693134862e+308, 0.0000e+00, 0.0000e+00, 
 2DIAGNOSTIC,    10, -4.342403345992e-01, 1.089402102698e-04, 0.0000e+00, 0.0000e+00, 
 2DIAGNOSTIC,    11, -4.342828702799e-01, 7.352322710120e-05, 0.0000e+00, 0.0000e+00, 
 2DIAGNOSTIC,    12, -4.343513548940e-01, 5.180124672403e-05, 0.0000e+00, 0.0000e+00, 
 2DIAGNOSTIC,    13, -4.344612277246e-01, 4.158834560955e-05, 0.0000e+00, 0.0000e+00, 
 2DIAGNOSTIC,    14, -4.344783214993e-01, 3.658395843743e-05, 0.0000e+00, 0.0000e+00, 
 2DIAGNOSTIC,    15, -4.344907001182e-01, 3.641628266059e-05, 0.0000e+00, 0.0000e+00, 
 2DIAGNOSTIC,    16, -4.345160057654e-01, 3.701754082251e-05, 0.0000e+00, 0.0000e+00, 
 2DIAGNOSTIC,    17, -4.346094291591e-01, 3.827392532607e-05, 0.0000e+00, 0.0000e+00, 
 2DIAGNOSTIC,    18, -4.346665089832e-01, 3.815489370660e-05, 0.0000e+00, 0.0000e+00, 
 2DIAGNOSTIC,    19, -4.348687290513e-01, 4.205856207402e-05, 0.0000e+00, 0.0000e+00, 
 2DIAGNOSTIC,    20, -4.348959635451e-01, 4.329723837468e-05, 0.0000e+00, 0.0000e+00, 
 2DIAGNOSTIC,    21, -4.349036735732e-01, 4.214228098982e-05, 0.0000e+00, 0.0000e+00, 
 2DIAGNOSTIC,    22, -4.349050294601e-01, 3.934033305458e-05, 0.0000e+00, 0.0000e+00, 
 2DIAGNOSTIC,    23, -4.349026787953e-01, 3.625319454806e-05, 0.0000e+00, 0.0000e+00, 
 2DIAGNOSTIC,    24, -4.349017249422e-01, 3.053952294877e-05, 0.0000e+00, 0.0000e+00, 
 2DIAGNOSTIC,    25, -4.349010849994e-01, 2.285039303771e-05, 0.0000e+00, 0.0000e+00, 
 2DIAGNOSTIC,    26, -4.349005414560e-01, 1.437332800838e-05, 0.0000e+00, 0.0000e+00, 
 2DIAGNOSTIC,    27, -4.349003566412e-01, 7.574467368987e-06, 0.0000e+00, 0.0000e+00, 
 2DIAGNOSTIC,    28, -4.349004613836e-01, 1.870299529846e-06, 0.0000e+00, 0.0000e+00, 
 2DIAGNOSTIC,    29, -4.349000638229e-01, 1.028394346125e-06, 0.0000e+00, 0.0000e+00, 
DIAGNOSTIC,Iteration,metricValue,convergenceValue,ITERATION_TIME_INDEX,SINCE_LAST
 2DIAGNOSTIC,     1, -4.014103393878e-01, 1.797693134862e+308, 0.0000e+00, 0.0000e+00, 
 2DIAGNOSTIC,     2, -4.015768203590e-01, 1.797693134862e+308, 0.0000e+00, 0.0000e+00, 
 2DIAGNOSTIC,     3, -4.016439499126e-01, 1.797693134862e+308, 0.0000e+00, 0.0000e+00, 
 2DIAGNOSTIC,     4, -4.016523404366e-01, 1.797693134862e+308, 0.0000e+00, 0.0000e+00, 
 2DIAGNOSTIC,     5, -4.016760578115e-01, 1.797693134862e+308, 0.0000e+00, 0.0000e+00, 
 2DIAGNOSTIC,     6, -4.016837683400e-01, 1.797693134862e+308, 0.0000e+00, 0.0000e+00, 
 2DIAGNOSTIC,     7, -4.016909361605e-01, 1.797693134862e+308, 0.0000e+00, 0.0000e+00, 
 2DIAGNOSTIC,     8, -4.016975246825e-01, 1.797693134862e+308, 0.0000e+00, 0.0000e+00, 
 2DIAGNOSTIC,     9, -4.017629776968e-01, 1.797693134862e+308, 0.0000e+00, 0.0000e+00, 
 2DIAGNOSTIC,    10, -4.017918440360e-01, 4.570972206540e-05, 0.0000e+00, 0.0000e+00, 
 2DIAGNOSTIC,    11, -4.017916677485e-01, 3.074112840673e-05, 0.0000e+00, 0.0000e+00, 
 2DIAGNOSTIC,    12, -4.017918132599e-01, 2.558447993269e-05, 0.0000e+00, 0.0000e+00, 
 2DIAGNOSTIC,    13, -4.017936564774e-01, 2.291833927801e-05, 0.0000e+00, 0.0000e+00, 
 2DIAGNOSTIC,    14, -4.017949667840e-01, 1.917512875513e-05, 0.0000e+00, 0.0000e+00, 
 2DIAGNOSTIC,    15, -4.017971837706e-01, 1.557490060396e-05, 0.0000e+00, 0.0000e+00, 
 2DIAGNOSTIC,    16, -4.017984692254e-01, 1.162505730612e-05, 0.0000e+00, 0.0000e+00, 
 2DIAGNOSTIC,    17, -4.018023837779e-01, 7.758773683572e-06, 0.0000e+00, 0.0000e+00, 
 2DIAGNOSTIC,    18, -4.018053639586e-01, 4.090392034889e-06, 0.0000e+00, 0.0000e+00, 
 2DIAGNOSTIC,    19, -4.018116592176e-01, 3.231737887938e-06, 0.0000e+00, 0.0000e+00, 
 2DIAGNOSTIC,    20, -4.018170988949e-01, 3.524592381558e-06, 0.0000e+00, 0.0000e+00, 
 2DIAGNOSTIC,    21, -4.018358697545e-01, 4.234584709280e-06, 0.0000e+00, 0.0000e+00, 
 2DIAGNOSTIC,    22, -4.018398796272e-01, 4.745214620114e-06, 0.0000e+00, 0.0000e+00, 
 2DIAGNOSTIC,    23, -4.018406814722e-01, 4.987884792369e-06, 0.0000e+00, 0.0000e+00, 
 2DIAGNOSTIC,    24, -4.018422317870e-01, 4.962946379125e-06, 0.0000e+00, 0.0000e+00, 
 2DIAGNOSTIC,    25, -4.018457761125e-01, 4.758769233053e-06, 0.0000e+00, 0.0000e+00, 
 2DIAGNOSTIC,    26, -4.018463313849e-01, 4.281768540837e-06, 0.0000e+00, 0.0000e+00, 
 2DIAGNOSTIC,    27, -4.018472712778e-01, 3.679008572420e-06, 0.0000e+00, 0.0000e+00, 
 2DIAGNOSTIC,    28, -4.018464825390e-01, 2.943743876646e-06, 0.0000e+00, 0.0000e+00, 
 2DIAGNOSTIC,    29, -4.018467633771e-01, 2.252247711693e-06, 0.0000e+00, 0.0000e+00, 
 2DIAGNOSTIC,    30, -4.018461301635e-01, 1.598094844034e-06, 0.0000e+00, 0.0000e+00, 
 2DIAGNOSTIC,    31, -4.018462382266e-01, 1.363856063301e-06, 0.0000e+00, 0.0000e+00, 
 2DIAGNOSTIC,    32, -4.018460652182e-01, 1.197822951979e-06, 1.0240e+03, 1.0240e+03, 
 2DIAGNOSTIC,    33, -4.018459032988e-01, 1.036531216282e-06, 1.0240e+03, 0.0000e+00, 
  Elapsed time (stage 0): 1.0240e+03


Total elapsed time: 1.0240e+03
Info [verificarlo]: loaded backend libinterflop_vprec.so
Info [interflop-vprec]: load backend with: 
Info [interflop-vprec]: precision-binary32 = 20
Info [interflop-vprec]: range-binary32 = 8
Info [interflop-vprec]: precision-binary64 = 20
Info [interflop-vprec]: range-binary64 = 8
Info [interflop-vprec]: mode = ob
Info [interflop-vprec]: error-mode = rel
Info [interflop-vprec]: max-abs-error-exponent = -1022
Info [interflop-vprec]: daz = false
Info [interflop-vprec]: ftz = false
Info [interflop-vprec]: 	instrument = none
Info [interflop-vprec]: 	prec-input-file = (null)
Info [interflop-vprec]: 	prec-output-file = (null)
Info [interflop-vprec]: 	prec-log-file = (null)
All_Command_lines_OK
Using double precision for computations.
=============================================================================
The composite transform comprises the following transforms (in order): 
  1. /home/mdugre/scratch/mri-registration-rp/datasets/ds004513/derivatives/mri-registration-rp/1111/antsRegistration-r8-p20/sub-s037/rigid_Composite.h5[0] (type = Euler3DTransform)
  2. /home/mdugre/scratch/mri-registration-rp/datasets/ds004513/derivatives/mri-registration-rp/1111/antsRegistration-r8-p20/sub-s037/rigid_Composite.h5[1] (type = Euler3DTransform)
  3. /home/mdugre/scratch/mri-registration-rp/datasets/ds004513/derivatives/mri-registration-rp/1111/antsRegistration-r8-p20/sub-s037/rigid_Composite.h5[2] (type = Euler3DTransform)
=============================================================================
  number of levels = 4
  fixed image: /templateflow/tpl-MNI152NLin2009cAsym/tpl-MNI152NLin2009cAsym_res-01_desc-brain_T1w.nii.gz
  moving image: /home/mdugre/scratch/mri-registration-rp/datasets/ds004513/derivatives/mri-registration-rp/antsBrainExtraction/sub-s037/BrainExtractionBrain.nii.gz
Dimension = 3
Number of stages = 1
Use histogram matching = false
Winsorize image intensities = true
  Lower quantile = 0.005
  Upper quantile = 0.995


Stage 1 State
   Image metric = MattesMI
     Fixed image = Image (0x48a6490)
  RTTI typeinfo:   itk::Image<double, 3u>
  Reference Count: 2
  Modified Time: 1592
  Debug: Off
  Object Name: 
  Observers: 
    none
  Source: (none)
  Source output name: (none)
  Release Data: Off
  Data Released: False
  Global Release Data: Off
  PipelineMTime: 0
  UpdateMTime: 1203
  RealTimeStamp: 0 seconds 
  LargestPossibleRegion: 
    Dimension: 3
    Index: [0, 0, 0]
    Size: [193, 229, 193]
  BufferedRegion: 
    Dimension: 3
    Index: [0, 0, 0]
    Size: [193, 229, 193]
  RequestedRegion: 
    Dimension: 3
    Index: [0, 0, 0]
    Size: [193, 229, 193]
  Spacing: [1, 1, 1]
  Origin: [96, 132, -78]
  Direction: 
-1 0 0
0 -1 0
0 0 1

  IndexToPointMatrix: 
-1 0 0
0 -1 0
0 0 1

  PointToIndexMatrix: 
-1 0 0
0 -1 0
0 0 1

  Inverse Direction: 
-1 0 0
0 -1 0
0 0 1

  PixelContainer: 
    ImportImageContainer (0x491f8b0)
      RTTI typeinfo:   itk::ImportImageContainer<unsigned long, double>
      Reference Count: 1
      Modified Time: 1200
      Debug: Off
      Object Name: 
      Observers: 
        none
      Pointer: 0x14a0b849e010
      Container manages memory: true
      Size: 8530021
      Capacity: 8530021

     Moving image = Image (0x4974a40)
  RTTI typeinfo:   itk::Image<double, 3u>
  Reference Count: 2
  Modified Time: 1593
  Debug: Off
  Object Name: 
  Observers: 
    none
  Source: (none)
  Source output name: (none)
  Release Data: Off
  Data Released: False
  Global Release Data: Off
  PipelineMTime: 0
  UpdateMTime: 1590
  RealTimeStamp: 0 seconds 
  LargestPossibleRegion: 
    Dimension: 3
    Index: [0, 0, 0]
    Size: [160, 240, 256]
  BufferedRegion: 
    Dimension: 3
    Index: [0, 0, 0]
    Size: [160, 240, 256]
  RequestedRegion: 
    Dimension: 3
    Index: [0, 0, 0]
    Size: [160, 240, 256]
  Spacing: [1, 1, 1]
  Origin: [87.9508, 102.562, -147.639]
  Direction: 
-0.998658 -0.0436121 -0.0279129
0.043595 -0.999049 0.00121847
-0.0279395 -2.65543e-08 0.999609

  IndexToPointMatrix: 
-0.998658 -0.0436121 -0.0279129
0.043595 -0.999049 0.00121847
-0.0279395 -2.65543e-08 0.999609

  PointToIndexMatrix: 
-0.99866 0.043595 -0.0279396
-0.043612 -0.999048 2.38419e-07
-0.027913 0.00121832 0.99961

  Inverse Direction: 
-0.99866 0.043595 -0.0279396
-0.043612 -0.999048 2.38419e-07
-0.027913 0.00121832 0.99961

  PixelContainer: 
    ImportImageContainer (0x4923d50)
      RTTI typeinfo:   itk::ImportImageContainer<unsigned long, double>
      Reference Count: 1
      Modified Time: 1587
      Debug: Off
      Object Name: 
      Observers: 
        none
      Pointer: 0x14a0b399d010
      Container manages memory: true
      Size: 9830400
      Capacity: 9830400

     Weighting = 1
     Sampling strategy = regular
     Number of bins = 32
     Radius = 4
     Sampling percentage  = 0.25
   Transform = Affine
     Gradient step = 0.1
     Update field sigma (voxel space) = 0
     Total field sigma (voxel space) = 0
     Update field time sigma = 0
     Total field time sigma  = 0
     Number of time indices = 0
     Number of time point samples = 0
Registration using 1 total stages.

Stage 0
  iterations = 1000x500x250x100
  convergence threshold = 1e-06
  convergence window size = 10
  number of levels = 4
  using the Mattes MI metric (number of bins = 32, weight = 1, use gradient filter = 0)
  preprocessing:  winsorizing the image intensities
  Shrink factors (level 1 out of 4): [8, 8, 8]
  Shrink factors (level 2 out of 4): [4, 4, 4]
  Shrink factors (level 3 out of 4): [2, 2, 2]
  Shrink factors (level 4 out of 4): [1, 1, 1]
  smoothing sigmas per level: [3, 2, 1, 0]
  regular sampling (percentage = 0.25)

*** Running AffineTransform registration ***

DIAGNOSTIC,Iteration,metricValue,convergenceValue,ITERATION_TIME_INDEX,SINCE_LAST
 2DIAGNOSTIC,     1, -5.856608018461e-01, 1.797693134862e+308, 0.0000e+00, 0.0000e+00, 
 2DIAGNOSTIC,     2, -5.871177222224e-01, 1.797693134862e+308, 0.0000e+00, 0.0000e+00, 
 2DIAGNOSTIC,     3, -5.896043015255e-01, 1.797693134862e+308, 0.0000e+00, 0.0000e+00, 
 2DIAGNOSTIC,     4, -5.941722430672e-01, 1.797693134862e+308, 0.0000e+00, 0.0000e+00, 
 2DIAGNOSTIC,     5, -6.038631532289e-01, 1.797693134862e+308, 0.0000e+00, 0.0000e+00, 
 2DIAGNOSTIC,     6, -6.138961162505e-01, 1.797693134862e+308, 0.0000e+00, 0.0000e+00, 
 2DIAGNOSTIC,     7, -6.387067679490e-01, 1.797693134862e+308, 0.0000e+00, 0.0000e+00, 
 2DIAGNOSTIC,     8, -6.832143771717e-01, 1.797693134862e+308, 0.0000e+00, 0.0000e+00, 
 2DIAGNOSTIC,     9, -6.862043368051e-01, 1.797693134862e+308, 0.0000e+00, 0.0000e+00, 
 2DIAGNOSTIC,    10, -6.971054121496e-01, 1.295576135319e-02, 0.0000e+00, 0.0000e+00, 
 2DIAGNOSTIC,    11, -7.061320541852e-01, 1.296859597521e-02, 0.0000e+00, 0.0000e+00, 
 2DIAGNOSTIC,    12, -7.098140500678e-01, 1.199072322216e-02, 0.0000e+00, 0.0000e+00, 
 2DIAGNOSTIC,    13, -7.114427460926e-01, 1.022387344543e-02, 0.0000e+00, 0.0000e+00, 
 2DIAGNOSTIC,    14, -7.150580877552e-01, 8.066980461296e-03, 0.0000e+00, 0.0000e+00, 
 2DIAGNOSTIC,    15, -7.159194864672e-01, 5.810532101176e-03, 0.0000e+00, 0.0000e+00, 
 2DIAGNOSTIC,    16, -7.158280237871e-01, 3.590625170998e-03, 0.0000e+00, 0.0000e+00, 
 2DIAGNOSTIC,    17, -7.159025278225e-01, 1.924028869490e-03, 0.0000e+00, 0.0000e+00, 
 2DIAGNOSTIC,    18, -7.158953570797e-01, 1.338511804189e-03, 0.0000e+00, 0.0000e+00, 
 2DIAGNOSTIC,    19, -7.160005379502e-01, 7.600783195301e-04, 0.0000e+00, 0.0000e+00, 
 2DIAGNOSTIC,    20, -7.163264539254e-01, 4.063562998088e-04, 0.0000e+00, 0.0000e+00, 
 2DIAGNOSTIC,    21, -7.169813788891e-01, 2.448304665347e-04, 0.0000e+00, 0.0000e+00, 
 2DIAGNOSTIC,    22, -7.175573121163e-01, 1.576749010287e-04, 0.0000e+00, 0.0000e+00, 
 2DIAGNOSTIC,    23, -7.177775888002e-01, 9.593271651831e-05, 0.0000e+00, 0.0000e+00, 
 2DIAGNOSTIC,    24, -7.179331418473e-01, 9.631324083100e-05, 0.0000e+00, 0.0000e+00, 
 2DIAGNOSTIC,    25, -7.194592134741e-01, 1.277014548656e-04, 0.0000e+00, 0.0000e+00, 
 2DIAGNOSTIC,    26, -7.193541103344e-01, 1.406815190983e-04, 0.0000e+00, 0.0000e+00, 
 2DIAGNOSTIC,    27, -7.192552214084e-01, 1.394442116761e-04, 0.0000e+00, 0.0000e+00, 
 2DIAGNOSTIC,    28, -7.192815095285e-01, 1.260400339052e-04, 0.0000e+00, 0.0000e+00, 
 2DIAGNOSTIC,    29, -7.192111686783e-01, 1.022635894863e-04, 0.0000e+00, 0.0000e+00, 
 2DIAGNOSTIC,    30, -7.190623061975e-01, 7.258336271110e-05, 0.0000e+00, 0.0000e+00, 
 2DIAGNOSTIC,    31, -7.191147218512e-01, 4.742981888551e-05, 0.0000e+00, 0.0000e+00, 
 2DIAGNOSTIC,    32, -7.189192545356e-01, 2.466891484831e-05, 0.0000e+00, 0.0000e+00, 
 2DIAGNOSTIC,    33, -7.192330383396e-01, 7.978342321323e-06, 0.0000e+00, 0.0000e+00, 
DIAGNOSTIC,Iteration,metricValue,convergenceValue,ITERATION_TIME_INDEX,SINCE_LAST
 2DIAGNOSTIC,     1, -5.910517440035e-01, 1.797693134862e+308, 0.0000e+00, 0.0000e+00, 
 2DIAGNOSTIC,     2, -5.919950389621e-01, 1.797693134862e+308, 0.0000e+00, 0.0000e+00, 
 2DIAGNOSTIC,     3, -5.932387572854e-01, 1.797693134862e+308, 0.0000e+00, 0.0000e+00, 
 2DIAGNOSTIC,     4, -5.944215421942e-01, 1.797693134862e+308, 0.0000e+00, 0.0000e+00, 
 2DIAGNOSTIC,     5, -5.957143088549e-01, 1.797693134862e+308, 0.0000e+00, 0.0000e+00, 
 2DIAGNOSTIC,     6, -5.967489655248e-01, 1.797693134862e+308, 0.0000e+00, 0.0000e+00, 
 2DIAGNOSTIC,     7, -5.974190725896e-01, 1.797693134862e+308, 0.0000e+00, 0.0000e+00, 
 2DIAGNOSTIC,     8, -5.987636135798e-01, 1.797693134862e+308, 0.0000e+00, 0.0000e+00, 
 2DIAGNOSTIC,     9, -6.003900055784e-01, 1.797693134862e+308, 0.0000e+00, 0.0000e+00, 
 2DIAGNOSTIC,    10, -6.005934599501e-01, 1.067716811961e-03, 0.0000e+00, 0.0000e+00, 
 2DIAGNOSTIC,    11, -6.005849092930e-01, 9.013212864124e-04, 0.0000e+00, 0.0000e+00, 
 2DIAGNOSTIC,    12, -6.005946039949e-01, 7.204874800467e-04, 0.0000e+00, 0.0000e+00, 
 2DIAGNOSTIC,    13, -6.005751393411e-01, 5.465916566405e-04, 0.0000e+00, 0.0000e+00, 
 2DIAGNOSTIC,    14, -6.005728730320e-01, 3.868153784628e-04, 0.0000e+00, 0.0000e+00, 
 2DIAGNOSTIC,    15, -6.005696902164e-01, 2.539570856208e-04, 0.0000e+00, 0.0000e+00, 
 2DIAGNOSTIC,    16, -6.005654189744e-01, 1.459914985641e-04, 0.0000e+00, 0.0000e+00, 
 2DIAGNOSTIC,    17, -6.005555910536e-01, 5.555674235593e-05, 0.0000e+00, 0.0000e+00, 
 2DIAGNOSTIC,    18, -6.005228948345e-01, 3.731867562223e-06, 0.0000e+00, 0.0000e+00, 
DIAGNOSTIC,Iteration,metricValue,convergenceValue,ITERATION_TIME_INDEX,SINCE_LAST
 2DIAGNOSTIC,     1, -5.254458732196e-01, 1.797693134862e+308, 0.0000e+00, 0.0000e+00, 
 2DIAGNOSTIC,     2, -5.257262003147e-01, 1.797693134862e+308, 0.0000e+00, 0.0000e+00, 
 2DIAGNOSTIC,     3, -5.260167815903e-01, 1.797693134862e+308, 0.0000e+00, 0.0000e+00, 
 2DIAGNOSTIC,     4, -5.263243862338e-01, 1.797693134862e+308, 0.0000e+00, 0.0000e+00, 
 2DIAGNOSTIC,     5, -5.266941276004e-01, 1.797693134862e+308, 0.0000e+00, 0.0000e+00, 
 2DIAGNOSTIC,     6, -5.271112037208e-01, 1.797693134862e+308, 0.0000e+00, 0.0000e+00, 
 2DIAGNOSTIC,     7, -5.276600237015e-01, 1.797693134862e+308, 0.0000e+00, 0.0000e+00, 
 2DIAGNOSTIC,     8, -5.277593502799e-01, 1.797693134862e+308, 0.0000e+00, 0.0000e+00, 
