
##########################
# Experiment information #
##########################

EXPERIMENT_NAME: antsRegistration-r8-p21
VFC_BACKENDS: libinterflop_vprec.so --range-binary32=8 --precision-binary32=21 --range-binary64=8 --precision-binary64=21

SIF_IMG: /home/mdugre/projects/rrg-glatard/mdugre/containers/ants-vprec-no_metrics.simg

SUBJECT_ID: s017
INPUT_IMG: /home/mdugre/scratch/mri-registration-rp/datasets/ds004513/derivatives/mri-registration-rp/antsBrainExtraction/sub-s017/BrainExtractionBrain.nii.gz
OUTPUT_DIR: /home/mdugre/scratch/mri-registration-rp/datasets/ds004513/derivatives/mri-registration-rp/1111/antsRegistration-r8-p21/sub-s017

FIXED_IMG: /templateflow/tpl-MNI152NLin2009cAsym/tpl-MNI152NLin2009cAsym_res-01_desc-brain_T1w.nii.gz
DATA_DIR: /home/mdugre/scratch/mri-registration-rp/datasets/ds004513
TEMPLATEFLOW_DIR: /home/mdugre/projects/rrg-glatard/mdugre/templateflow
ITK_GLOBAL_DEFAULT_NUMBER_OF_THREADS: 16
##########################

Info [verificarlo]: loaded backend libinterflop_vprec.so
Info [interflop-vprec]: load backend with: 
Info [interflop-vprec]: precision-binary32 = 21
Info [interflop-vprec]: range-binary32 = 8
Info [interflop-vprec]: precision-binary64 = 21
Info [interflop-vprec]: range-binary64 = 8
Info [interflop-vprec]: mode = ob
Info [interflop-vprec]: error-mode = rel
Info [interflop-vprec]: max-abs-error-exponent = -1022
Info [interflop-vprec]: daz = false
Info [interflop-vprec]: ftz = false
Info [interflop-vprec]: 	instrument = none
Info [interflop-vprec]: 	prec-input-file = (null)
Info [interflop-vprec]: 	prec-output-file = (null)
Info [interflop-vprec]: 	prec-log-file = (null)
All_Command_lines_OK
Using double precision for computations.
=============================================================================
The composite transform comprises the following transforms (in order): 
  1. Center of mass alignment using fixed image: /templateflow/tpl-MNI152NLin2009cAsym/tpl-MNI152NLin2009cAsym_res-01_desc-brain_T1w.nii.gz and moving image: /home/mdugre/scratch/mri-registration-rp/datasets/ds004513/derivatives/mri-registration-rp/antsBrainExtraction/sub-s017/BrainExtractionBrain.nii.gz (type = Euler3DTransform)
=============================================================================
  number of levels = 1
  fixed image: /templateflow/tpl-MNI152NLin2009cAsym/tpl-MNI152NLin2009cAsym_res-01_desc-brain_T1w.nii.gz
  moving image: /home/mdugre/scratch/mri-registration-rp/datasets/ds004513/derivatives/mri-registration-rp/antsBrainExtraction/sub-s017/BrainExtractionBrain.nii.gz
Dimension = 3
Number of stages = 1
Use histogram matching = false
Winsorize image intensities = true
  Lower quantile = 0.005
  Upper quantile = 0.995


Stage 1 State
   Image metric = MattesMI
     Fixed image = Image (0x4033b20)
  RTTI typeinfo:   itk::Image<double, 3u>
  Reference Count: 2
  Modified Time: 2334
  Debug: Off
  Object Name: 
  Observers: 
    none
  Source: (none)
  Source output name: (none)
  Release Data: Off
  Data Released: False
  Global Release Data: Off
  PipelineMTime: 0
  UpdateMTime: 1943
  RealTimeStamp: 0 seconds 
  LargestPossibleRegion: 
    Dimension: 3
    Index: [0, 0, 0]
    Size: [193, 229, 193]
  BufferedRegion: 
    Dimension: 3
    Index: [0, 0, 0]
    Size: [193, 229, 193]
  RequestedRegion: 
    Dimension: 3
    Index: [0, 0, 0]
    Size: [193, 229, 193]
  Spacing: [1, 1, 1]
  Origin: [96, 132, -78]
  Direction: 
-1 0 0
0 -1 0
0 0 1

  IndexToPointMatrix: 
-1 0 0
0 -1 0
0 0 1

  PointToIndexMatrix: 
-1 0 0
0 -1 0
0 0 1

  Inverse Direction: 
-1 0 0
0 -1 0
0 0 1

  PixelContainer: 
    ImportImageContainer (0x415f650)
      RTTI typeinfo:   itk::ImportImageContainer<unsigned long, double>
      Reference Count: 1
      Modified Time: 1940
      Debug: Off
      Object Name: 
      Observers: 
        none
      Pointer: 0x1495f848a010
      Container manages memory: true
      Size: 8530021
      Capacity: 8530021

     Moving image = Image (0x4035ad0)
  RTTI typeinfo:   itk::Image<double, 3u>
  Reference Count: 2
  Modified Time: 2335
  Debug: Off
  Object Name: 
  Observers: 
    none
  Source: (none)
  Source output name: (none)
  Release Data: Off
  Data Released: False
  Global Release Data: Off
  PipelineMTime: 0
  UpdateMTime: 2332
  RealTimeStamp: 0 seconds 
  LargestPossibleRegion: 
    Dimension: 3
    Index: [0, 0, 0]
    Size: [160, 240, 256]
  BufferedRegion: 
    Dimension: 3
    Index: [0, 0, 0]
    Size: [160, 240, 256]
  RequestedRegion: 
    Dimension: 3
    Index: [0, 0, 0]
    Size: [160, 240, 256]
  Spacing: [1, 1, 1]
  Origin: [91.3357, 102.231, -120.042]
  Direction: 
-0.997442 -5.36781e-05 -0.0714818
5.35417e-05 -1 3.82465e-06
-0.0714818 -1.23894e-08 0.997442

  IndexToPointMatrix: 
-0.997444 -5.36781e-05 -0.0714818
5.35418e-05 -1 3.82465e-06
-0.0714819 -1.23894e-08 0.997442

  PointToIndexMatrix: 
-0.99744 5.35416e-05 -0.0714816
-5.36781e-05 -1 -1.23891e-08
-0.0714818 3.82465e-06 0.997442

  Inverse Direction: 
-0.997442 5.35417e-05 -0.0714818
-5.36781e-05 -1 -1.23891e-08
-0.0714818 3.82465e-06 0.997442

  PixelContainer: 
    ImportImageContainer (0x407d050)
      RTTI typeinfo:   itk::ImportImageContainer<unsigned long, double>
      Reference Count: 1
      Modified Time: 2329
      Debug: Off
      Object Name: 
      Observers: 
        none
      Pointer: 0x1495f3989010
      Container manages memory: true
      Size: 9830400
      Capacity: 9830400

     Weighting = 1
     Sampling strategy = regular
     Number of bins = 32
     Radius = 4
     Sampling percentage  = 0.25
   Transform = Rigid
     Gradient step = 0.1
     Update field sigma (voxel space) = 0
     Total field sigma (voxel space) = 0
     Update field time sigma = 0
     Total field time sigma  = 0
     Number of time indices = 0
     Number of time point samples = 0
Registration using 1 total stages.

Stage 0
  iterations = 0
  convergence threshold = 1e-06
  convergence window size = 10
  number of levels = 1
  using the Mattes MI metric (number of bins = 32, weight = 1, use gradient filter = 0)
  preprocessing:  winsorizing the image intensities
  Shrink factors (level 1 out of 1): [1, 1, 1]
  smoothing sigmas per level: [0]
  regular sampling (percentage = 0.25)

*** Running Euler3DTransform registration ***

  Elapsed time (stage 0): 0


Total elapsed time: 0
Info [verificarlo]: loaded backend libinterflop_vprec.so
Info [interflop-vprec]: load backend with: 
Info [interflop-vprec]: precision-binary32 = 21
Info [interflop-vprec]: range-binary32 = 8
Info [interflop-vprec]: precision-binary64 = 21
Info [interflop-vprec]: range-binary64 = 8
Info [interflop-vprec]: mode = ob
Info [interflop-vprec]: error-mode = rel
Info [interflop-vprec]: max-abs-error-exponent = -1022
Info [interflop-vprec]: daz = false
Info [interflop-vprec]: ftz = false
Info [interflop-vprec]: 	instrument = none
Info [interflop-vprec]: 	prec-input-file = (null)
Info [interflop-vprec]: 	prec-output-file = (null)
Info [interflop-vprec]: 	prec-log-file = (null)
All_Command_lines_OK
Using double precision for computations.
=============================================================================
The composite transform comprises the following transforms (in order): 
  1. /home/mdugre/scratch/mri-registration-rp/datasets/ds004513/derivatives/mri-registration-rp/1111/antsRegistration-r8-p21/sub-s017/align_Composite.h5[0] (type = Euler3DTransform)
  2. /home/mdugre/scratch/mri-registration-rp/datasets/ds004513/derivatives/mri-registration-rp/1111/antsRegistration-r8-p21/sub-s017/align_Composite.h5[1] (type = Euler3DTransform)
=============================================================================
  number of levels = 4
  fixed image: /templateflow/tpl-MNI152NLin2009cAsym/tpl-MNI152NLin2009cAsym_res-01_desc-brain_T1w.nii.gz
  moving image: /home/mdugre/scratch/mri-registration-rp/datasets/ds004513/derivatives/mri-registration-rp/antsBrainExtraction/sub-s017/BrainExtractionBrain.nii.gz
Dimension = 3
Number of stages = 1
Use histogram matching = false
Winsorize image intensities = true
  Lower quantile = 0.005
  Upper quantile = 0.995


Stage 1 State
   Image metric = MattesMI
     Fixed image = Image (0x439e1e0)
  RTTI typeinfo:   itk::Image<double, 3u>
  Reference Count: 2
  Modified Time: 1580
  Debug: Off
  Object Name: 
  Observers: 
    none
  Source: (none)
  Source output name: (none)
  Release Data: Off
  Data Released: False
  Global Release Data: Off
  PipelineMTime: 0
  UpdateMTime: 1189
  RealTimeStamp: 0 seconds 
  LargestPossibleRegion: 
    Dimension: 3
    Index: [0, 0, 0]
    Size: [193, 229, 193]
  BufferedRegion: 
    Dimension: 3
    Index: [0, 0, 0]
    Size: [193, 229, 193]
  RequestedRegion: 
    Dimension: 3
    Index: [0, 0, 0]
    Size: [193, 229, 193]
  Spacing: [1, 1, 1]
  Origin: [96, 132, -78]
  Direction: 
-1 0 0
0 -1 0
0 0 1

  IndexToPointMatrix: 
-1 0 0
0 -1 0
0 0 1

  PointToIndexMatrix: 
-1 0 0
0 -1 0
0 0 1

  Inverse Direction: 
-1 0 0
0 -1 0
0 0 1

  PixelContainer: 
    ImportImageContainer (0x445d6f0)
      RTTI typeinfo:   itk::ImportImageContainer<unsigned long, double>
      Reference Count: 1
      Modified Time: 1186
      Debug: Off
      Object Name: 
      Observers: 
        none
      Pointer: 0x14c0a27be010
      Container manages memory: true
      Size: 8530021
      Capacity: 8530021

     Moving image = Image (0x4459c90)
  RTTI typeinfo:   itk::Image<double, 3u>
  Reference Count: 2
  Modified Time: 1581
  Debug: Off
  Object Name: 
  Observers: 
    none
  Source: (none)
  Source output name: (none)
  Release Data: Off
  Data Released: False
  Global Release Data: Off
  PipelineMTime: 0
  UpdateMTime: 1578
  RealTimeStamp: 0 seconds 
  LargestPossibleRegion: 
    Dimension: 3
    Index: [0, 0, 0]
    Size: [160, 240, 256]
  BufferedRegion: 
    Dimension: 3
    Index: [0, 0, 0]
    Size: [160, 240, 256]
  RequestedRegion: 
    Dimension: 3
    Index: [0, 0, 0]
    Size: [160, 240, 256]
  Spacing: [1, 1, 1]
  Origin: [91.3357, 102.231, -120.042]
  Direction: 
-0.997442 -5.36781e-05 -0.0714818
5.35417e-05 -1 3.82465e-06
-0.0714818 -1.23894e-08 0.997442

  IndexToPointMatrix: 
-0.997444 -5.36781e-05 -0.0714818
5.35418e-05 -1 3.82465e-06
-0.0714819 -1.23894e-08 0.997442

  PointToIndexMatrix: 
-0.99744 5.35416e-05 -0.0714816
-5.36781e-05 -1 -1.23891e-08
-0.0714818 3.82465e-06 0.997442

  Inverse Direction: 
-0.997442 5.35417e-05 -0.0714818
-5.36781e-05 -1 -1.23891e-08
-0.0714818 3.82465e-06 0.997442

  PixelContainer: 
    ImportImageContainer (0x441c010)
      RTTI typeinfo:   itk::ImportImageContainer<unsigned long, double>
      Reference Count: 1
      Modified Time: 1575
      Debug: Off
      Object Name: 
      Observers: 
        none
      Pointer: 0x14c09dcbd010
      Container manages memory: true
      Size: 9830400
      Capacity: 9830400

     Weighting = 1
     Sampling strategy = regular
     Number of bins = 32
     Radius = 4
     Sampling percentage  = 0.25
   Transform = Rigid
     Gradient step = 0.1
     Update field sigma (voxel space) = 0
     Total field sigma (voxel space) = 0
     Update field time sigma = 0
     Total field time sigma  = 0
     Number of time indices = 0
     Number of time point samples = 0
Registration using 1 total stages.

Stage 0
  iterations = 1000x500x250x100
  convergence threshold = 1e-06
  convergence window size = 10
  number of levels = 4
  using the Mattes MI metric (number of bins = 32, weight = 1, use gradient filter = 0)
  preprocessing:  winsorizing the image intensities
  Shrink factors (level 1 out of 4): [8, 8, 8]
  Shrink factors (level 2 out of 4): [4, 4, 4]
  Shrink factors (level 3 out of 4): [2, 2, 2]
  Shrink factors (level 4 out of 4): [1, 1, 1]
  smoothing sigmas per level: [3, 2, 1, 0]
  regular sampling (percentage = 0.25)

*** Running Euler3DTransform registration ***

DIAGNOSTIC,Iteration,metricValue,convergenceValue,ITERATION_TIME_INDEX,SINCE_LAST
 2DIAGNOSTIC,     1, -5.564778357282e-01, 1.797693134862e+308, 0.0000e+00, 0.0000e+00, 
 2DIAGNOSTIC,     2, -5.581021189284e-01, 1.797693134862e+308, 0.0000e+00, 0.0000e+00, 
 2DIAGNOSTIC,     3, -5.608976849214e-01, 1.797693134862e+308, 0.0000e+00, 0.0000e+00, 
 2DIAGNOSTIC,     4, -5.642628841632e-01, 1.797693134862e+308, 0.0000e+00, 0.0000e+00, 
 2DIAGNOSTIC,     5, -5.668898233462e-01, 1.797693134862e+308, 0.0000e+00, 0.0000e+00, 
 2DIAGNOSTIC,     6, -5.693629960469e-01, 1.797693134862e+308, 0.0000e+00, 0.0000e+00, 
 2DIAGNOSTIC,     7, -5.705144874598e-01, 1.797693134862e+308, 0.0000e+00, 0.0000e+00, 
 2DIAGNOSTIC,     8, -5.749580271277e-01, 1.797693134862e+308, 0.0000e+00, 0.0000e+00, 
 2DIAGNOSTIC,     9, -5.776082128696e-01, 1.797693134862e+308, 0.0000e+00, 0.0000e+00, 
 2DIAGNOSTIC,    10, -5.829919260980e-01, 2.841947658379e-03, 0.0000e+00, 0.0000e+00, 
 2DIAGNOSTIC,    11, -5.831236971633e-01, 2.618079011747e-03, 0.0000e+00, 0.0000e+00, 
 2DIAGNOSTIC,    12, -5.849366395439e-01, 2.342915414967e-03, 0.0000e+00, 0.0000e+00, 
 2DIAGNOSTIC,    13, -5.858415240088e-01, 2.038436347976e-03, 0.0000e+00, 0.0000e+00, 
 2DIAGNOSTIC,    14, -5.859730609184e-01, 1.713780037526e-03, 0.0000e+00, 0.0000e+00, 
 2DIAGNOSTIC,    15, -5.861313300232e-01, 1.367626912240e-03, 0.0000e+00, 0.0000e+00, 
 2DIAGNOSTIC,    16, -5.871409465341e-01, 1.049534250514e-03, 0.0000e+00, 0.0000e+00, 
 2DIAGNOSTIC,    17, -5.882233693779e-01, 7.361879438780e-04, 0.0000e+00, 0.0000e+00, 
 2DIAGNOSTIC,    18, -5.883145047221e-01, 5.135835893380e-04, 0.0000e+00, 0.0000e+00, 
 2DIAGNOSTIC,    19, -5.884399227005e-01, 3.368159274491e-04, 0.0000e+00, 0.0000e+00, 
 2DIAGNOSTIC,    20, -5.885336312292e-01, 2.827596528512e-04, 0.0000e+00, 0.0000e+00, 
 2DIAGNOSTIC,    21, -5.885914868744e-01, 2.108064517496e-04, 0.0000e+00, 0.0000e+00, 
 2DIAGNOSTIC,    22, -5.887978656600e-01, 1.701290628716e-04, 0.0000e+00, 0.0000e+00, 
 2DIAGNOSTIC,    23, -5.891611271510e-01, 1.444497581391e-04, 0.0000e+00, 0.0000e+00, 
 2DIAGNOSTIC,    24, -5.890086536374e-01, 1.074384751068e-04, 0.0000e+00, 0.0000e+00, 
 2DIAGNOSTIC,    25, -5.890346317347e-01, 6.700296351796e-05, 0.0000e+00, 0.0000e+00, 
 2DIAGNOSTIC,    26, -5.889971811165e-01, 4.136663512075e-05, 0.0000e+00, 0.0000e+00, 
 2DIAGNOSTIC,    27, -5.895982279880e-01, 4.430488795739e-05, 0.0000e+00, 0.0000e+00, 
 2DIAGNOSTIC,    28, -5.906708232866e-01, 6.286244920262e-05, 0.0000e+00, 0.0000e+00, 
 2DIAGNOSTIC,    29, -5.915865342684e-01, 9.148303952797e-05, 0.0000e+00, 0.0000e+00, 
 2DIAGNOSTIC,    30, -5.916472338913e-01, 1.121960840826e-04, 0.0000e+00, 0.0000e+00, 
 2DIAGNOSTIC,    31, -5.916576958566e-01, 1.224454483177e-04, 0.0000e+00, 0.0000e+00, 
 2DIAGNOSTIC,    32, -5.916764544031e-01, 1.238202627312e-04, 0.0000e+00, 0.0000e+00, 
 2DIAGNOSTIC,    33, -5.917136255220e-01, 1.191053395591e-04, 0.0000e+00, 0.0000e+00, 
 2DIAGNOSTIC,    34, -5.917204645259e-01, 1.012047905231e-04, 0.0000e+00, 0.0000e+00, 
 2DIAGNOSTIC,    35, -5.917199748284e-01, 7.548014238595e-05, 0.0000e+00, 0.0000e+00, 
 2DIAGNOSTIC,    36, -5.917197882082e-01, 4.375573797562e-05, 0.0000e+00, 0.0000e+00, 
 2DIAGNOSTIC,    37, -5.917196219853e-01, 1.735234175629e-05, 0.0000e+00, 0.0000e+00, 
 2DIAGNOSTIC,    38, -5.917198385224e-01, 4.201675629360e-06, 0.0000e+00, 0.0000e+00, 
 2DIAGNOSTIC,    39, -5.917195337377e-01, 2.820792578406e-06, 0.0000e+00, 0.0000e+00, 
 2DIAGNOSTIC,    40, -5.917196824705e-01, 2.066434559606e-06, 0.0000e+00, 0.0000e+00, 
 2DIAGNOSTIC,    41, -5.917195782326e-01, 1.352326662010e-06, 0.0000e+00, 0.0000e+00, 
DIAGNOSTIC,Iteration,metricValue,convergenceValue,ITERATION_TIME_INDEX,SINCE_LAST
 2DIAGNOSTIC,     1, -4.782983210666e-01, 1.797693134862e+308, 0.0000e+00, 0.0000e+00, 
 2DIAGNOSTIC,     2, -4.783380855043e-01, 1.797693134862e+308, 0.0000e+00, 0.0000e+00, 
 2DIAGNOSTIC,     3, -4.783658387148e-01, 1.797693134862e+308, 0.0000e+00, 0.0000e+00, 
 2DIAGNOSTIC,     4, -4.784804637110e-01, 1.797693134862e+308, 0.0000e+00, 0.0000e+00, 
 2DIAGNOSTIC,     5, -4.785892298775e-01, 1.797693134862e+308, 0.0000e+00, 0.0000e+00, 
 2DIAGNOSTIC,     6, -4.786521625379e-01, 1.797693134862e+308, 0.0000e+00, 0.0000e+00, 
 2DIAGNOSTIC,     7, -4.786558214607e-01, 1.797693134862e+308, 0.0000e+00, 0.0000e+00, 
 2DIAGNOSTIC,     8, -4.786336044343e-01, 1.797693134862e+308, 0.0000e+00, 0.0000e+00, 
 2DIAGNOSTIC,     9, -4.786150052768e-01, 1.797693134862e+308, 0.0000e+00, 0.0000e+00, 
 2DIAGNOSTIC,    10, -4.786386025294e-01, 5.440971242066e-05, 0.0000e+00, 0.0000e+00, 
 2DIAGNOSTIC,    11, -4.787415997326e-01, 4.379825192692e-05, 0.0000e+00, 0.0000e+00, 
 2DIAGNOSTIC,    12, -4.789999445664e-01, 4.599910270699e-05, 0.0000e+00, 0.0000e+00, 
 2DIAGNOSTIC,    13, -4.793881914164e-01, 6.265837939694e-05, 0.0000e+00, 0.0000e+00, 
 2DIAGNOSTIC,    14, -4.803419505601e-01, 1.164042166244e-04, 0.0000e+00, 0.0000e+00, 
 2DIAGNOSTIC,    15, -4.821519861734e-01, 2.275655349833e-04, 0.0000e+00, 0.0000e+00, 
 2DIAGNOSTIC,    16, -4.828277731919e-01, 3.300479187523e-04, 0.0000e+00, 0.0000e+00, 
 2DIAGNOSTIC,    17, -4.828510704940e-01, 3.915798301658e-04, 0.0000e+00, 0.0000e+00, 
 2DIAGNOSTIC,    18, -4.829532838839e-01, 4.138047706628e-04, 0.0000e+00, 0.0000e+00, 
 2DIAGNOSTIC,    19, -4.830455542047e-01, 3.974507548498e-04, 0.0000e+00, 0.0000e+00, 
 2DIAGNOSTIC,    20, -4.830534134757e-01, 3.459863720428e-04, 0.0000e+00, 0.0000e+00, 
 2DIAGNOSTIC,    21, -4.830549683816e-01, 2.702461586856e-04, 0.0000e+00, 0.0000e+00, 
 2DIAGNOSTIC,    22, -4.830578204071e-01, 1.841307255154e-04, 0.0000e+00, 0.0000e+00, 
 2DIAGNOSTIC,    23, -4.830432554007e-01, 9.815806831753e-05, 0.0000e+00, 0.0000e+00, 
 2DIAGNOSTIC,    24, -4.830386865037e-01, 3.260664024695e-05, 0.0000e+00, 0.0000e+00, 
 2DIAGNOSTIC,    25, -4.830098391632e-01, 1.110014978817e-05, 0.0000e+00, 0.0000e+00, 
 2DIAGNOSTIC,    26, -4.830185621356e-01, 5.956541671591e-06, 0.0000e+00, 0.0000e+00, 
 2DIAGNOSTIC,    27, -4.830771035541e-01, 2.490748475303e-06, 0.0000e+00, 0.0000e+00, 
 2DIAGNOSTIC,    28, -4.831338414728e-01, 2.414713252775e-06, 0.0000e+00, 0.0000e+00, 
 2DIAGNOSTIC,    29, -4.831505046334e-01, 4.429463695305e-06, 0.0000e+00, 0.0000e+00, 
 2DIAGNOSTIC,    30, -4.831407331501e-01, 5.984447084398e-06, 0.0000e+00, 0.0000e+00, 
 2DIAGNOSTIC,    31, -4.831236211892e-01, 6.692251901530e-06, 0.0000e+00, 0.0000e+00, 
 2DIAGNOSTIC,    32, -4.831218439036e-01, 6.826279499550e-06, 0.0000e+00, 0.0000e+00, 
 2DIAGNOSTIC,    33, -4.831150766957e-01, 5.988593863589e-06, 0.0000e+00, 0.0000e+00, 
 2DIAGNOSTIC,    34, -4.830884432395e-01, 4.204922434303e-06, 0.0000e+00, 0.0000e+00, 
 2DIAGNOSTIC,    35, -4.831095518520e-01, 2.119903659795e-06, 0.0000e+00, 0.0000e+00, 
DIAGNOSTIC,Iteration,metricValue,convergenceValue,ITERATION_TIME_INDEX,SINCE_LAST
 2DIAGNOSTIC,     1, -4.157357602274e-01, 1.797693134862e+308, 0.0000e+00, 0.0000e+00, 
 2DIAGNOSTIC,     2, -4.158428132641e-01, 1.797693134862e+308, 0.0000e+00, 0.0000e+00, 
 2DIAGNOSTIC,     3, -4.158837822663e-01, 1.797693134862e+308, 0.0000e+00, 0.0000e+00, 
 2DIAGNOSTIC,     4, -4.158888627787e-01, 1.797693134862e+308, 0.0000e+00, 0.0000e+00, 
 2DIAGNOSTIC,     5, -4.158903760113e-01, 1.797693134862e+308, 0.0000e+00, 0.0000e+00, 
 2DIAGNOSTIC,     6, -4.158903854931e-01, 1.797693134862e+308, 0.0000e+00, 0.0000e+00, 
 2DIAGNOSTIC,     7, -4.158901375215e-01, 1.797693134862e+308, 0.0000e+00, 0.0000e+00, 
 2DIAGNOSTIC,     8, -4.158886210758e-01, 1.797693134862e+308, 0.0000e+00, 0.0000e+00, 
 2DIAGNOSTIC,     9, -4.158878417430e-01, 1.797693134862e+308, 0.0000e+00, 0.0000e+00, 
 2DIAGNOSTIC,    10, -4.158879191671e-01, 1.654495822606e-05, 0.0000e+00, 0.0000e+00, 
 2DIAGNOSTIC,    11, -4.158880390607e-01, 5.831902713097e-06, 0.0000e+00, 0.0000e+00, 
 2DIAGNOSTIC,    12, -4.158873137394e-01, 2.634260197157e-06, 0.0000e+00, 0.0000e+00, 
 2DIAGNOSTIC,    13, -4.158875144874e-01, 2.090756857587e-06, 0.0000e+00, 0.0000e+00, 
 2DIAGNOSTIC,    14, -4.158874226917e-01, 1.899042657377e-06, 0.0000e+00, 0.0000e+00, 
 2DIAGNOSTIC,    15, -4.158874269876e-01, 1.834827865504e-06, 0.0000e+00, 0.0000e+00, 
 2DIAGNOSTIC,    16, -4.158874310607e-01, 1.804765806676e-06, 0.0000e+00, 0.0000e+00, 
 2DIAGNOSTIC,    17, -4.158874284024e-01, 1.787082055019e-06, 0.0000e+00, 0.0000e+00, 
 2DIAGNOSTIC,    18, -4.158874295394e-01, 1.722775978256e-06, 0.0000e+00, 0.0000e+00, 
 2DIAGNOSTIC,    19, -4.158874263222e-01, 1.640994877712e-06, 0.0000e+00, 0.0000e+00, 
 2DIAGNOSTIC,    20, -4.158874253831e-01, 1.572997405934e-06, 0.0000e+00, 0.0000e+00, 
 2DIAGNOSTIC,    21, -4.158874260892e-01, 1.517925156770e-06, 0.0000e+00, 0.0000e+00, 
 2DIAGNOSTIC,    22, -4.158874248067e-01, 1.444960921221e-06, 0.0000e+00, 0.0000e+00, 
 2DIAGNOSTIC,    23, -4.158874249681e-01, 1.384655018304e-06, 0.0000e+00, 0.0000e+00, 
 2DIAGNOSTIC,    24, -4.158874105194e-01, 1.326361461808e-06, 0.0000e+00, 0.0000e+00, 
 2DIAGNOSTIC,    25, -4.158874099696e-01, 1.272911513348e-06, 0.0000e+00, 0.0000e+00, 
 2DIAGNOSTIC,    26, -4.158874073250e-01, 1.223711679023e-06, 0.0000e+00, 0.0000e+00, 
 2DIAGNOSTIC,    27, -4.158874017278e-01, 1.178064430118e-06, 0.0000e+00, 0.0000e+00, 
 2DIAGNOSTIC,    28, -4.158874013907e-01, 1.135852958342e-06, 0.0000e+00, 0.0000e+00, 
 2DIAGNOSTIC,    29, -4.158874006853e-01, 1.096620913139e-06, 0.0000e+00, 0.0000e+00, 
 2DIAGNOSTIC,    30, -4.158874008330e-01, 1.060143324676e-06, 0.0000e+00, 0.0000e+00, 
 2DIAGNOSTIC,    31, -4.158873980251e-01, 1.026114971263e-06, 0.0000e+00, 0.0000e+00, 
DIAGNOSTIC,Iteration,metricValue,convergenceValue,ITERATION_TIME_INDEX,SINCE_LAST
 2DIAGNOSTIC,     1, -3.830187964234e-01, 1.797693134862e+308, 0.0000e+00, 0.0000e+00, 
 2DIAGNOSTIC,     2, -3.831290098221e-01, 1.797693134862e+308, 0.0000e+00, 0.0000e+00, 
 2DIAGNOSTIC,     3, -3.831986379598e-01, 1.797693134862e+308, 0.0000e+00, 0.0000e+00, 
 2DIAGNOSTIC,     4, -3.832611725741e-01, 1.797693134862e+308, 0.0000e+00, 0.0000e+00, 
 2DIAGNOSTIC,     5, -3.832715758480e-01, 1.797693134862e+308, 0.0000e+00, 0.0000e+00, 
 2DIAGNOSTIC,     6, -3.832721608971e-01, 1.797693134862e+308, 0.0000e+00, 0.0000e+00, 
 2DIAGNOSTIC,     7, -3.832717653184e-01, 1.797693134862e+308, 0.0000e+00, 0.0000e+00, 
 2DIAGNOSTIC,     8, -3.832716827554e-01, 1.797693134862e+308, 0.0000e+00, 0.0000e+00, 
 2DIAGNOSTIC,     9, -3.832718087140e-01, 1.797693134862e+308, 0.0000e+00, 0.0000e+00, 
 2DIAGNOSTIC,    10, -3.832713579242e-01, 3.534521314622e-05, 0.0000e+00, 0.0000e+00, 
 2DIAGNOSTIC,    11, -3.832716530500e-01, 1.729799341282e-05, 0.0000e+00, 0.0000e+00, 
 2DIAGNOSTIC,    12, -3.832715574427e-01, 7.706266820451e-06, 0.0000e+00, 0.0000e+00, 
 2DIAGNOSTIC,    13, -3.832722536372e-01, 3.051443899560e-06, 0.0000e+00, 0.0000e+00, 
 2DIAGNOSTIC,    14, -3.832759702628e-01, 2.499840532327e-06, 0.0000e+00, 0.0000e+00, 
 2DIAGNOSTIC,    15, -3.832784233831e-01, 2.631144344095e-06, 0.0000e+00, 0.0000e+00, 
 2DIAGNOSTIC,    16, -3.832839870536e-01, 2.984249626026e-06, 0.0000e+00, 0.0000e+00, 
 2DIAGNOSTIC,    17, -3.832989395083e-01, 3.836074384672e-06, 0.0000e+00, 0.0000e+00, 
 2DIAGNOSTIC,    18, -3.833336314549e-01, 5.823307936137e-06, 0.0000e+00, 0.0000e+00, 
 2DIAGNOSTIC,    19, -3.835146610264e-01, 1.426503651112e-05, 0.0000e+00, 0.0000e+00, 
 2DIAGNOSTIC,    20, -3.837304325319e-01, 2.850433877857e-05, 0.0000e+00, 0.0000e+00, 
 2DIAGNOSTIC,    21, -3.837334103651e-01, 3.887075895245e-05, 0.0000e+00, 0.0000e+00, 
 2DIAGNOSTIC,    22, -3.837372653808e-01, 4.510575315382e-05, 0.0000e+00, 0.0000e+00, 
 2DIAGNOSTIC,    23, -3.837451482985e-01, 4.705882821195e-05, 0.0000e+00, 0.0000e+00, 
 2DIAGNOSTIC,    24, -3.837572218095e-01, 4.493546812444e-05, 0.0000e+00, 0.0000e+00, 
 2DIAGNOSTIC,    25, -3.837754485703e-01, 3.938403338812e-05, 0.0000e+00, 0.0000e+00, 
 2DIAGNOSTIC,    26, -3.837999815790e-01, 3.158579394191e-05, 0.0000e+00, 0.0000e+00, 
 2DIAGNOSTIC,    27, -3.838212053892e-01, 2.261787758552e-05, 0.0000e+00, 0.0000e+00, 
 2DIAGNOSTIC,    28, -3.838211423536e-01, 1.311322875828e-05, 0.0000e+00, 0.0000e+00, 
 2DIAGNOSTIC,    29, -3.838208429185e-01, 7.606573871367e-06, 0.0000e+00, 0.0000e+00, 
 2DIAGNOSTIC,    30, -3.838208870293e-01, 7.184055380846e-06, 0.0000e+00, 0.0000e+00, 
 2DIAGNOSTIC,    31, -3.838207191422e-01, 6.267326374855e-06, 0.0000e+00, 0.0000e+00, 
 2DIAGNOSTIC,    32, -3.838207258468e-01, 4.995573796254e-06, 0.0000e+00, 0.0000e+00, 
 2DIAGNOSTIC,    33, -3.838206393186e-01, 3.601092196839e-06, 0.0000e+00, 0.0000e+00, 
 2DIAGNOSTIC,    34, -3.838206142292e-01, 2.303870723138e-06, 0.0000e+00, 0.0000e+00, 
 2DIAGNOSTIC,    35, -3.838206123788e-01, 1.327419351192e-06, 0.0000e+00, 0.0000e+00, 
  Elapsed time (stage 0): 0.0000e+00


Total elapsed time: 0.0000e+00
Info [verificarlo]: loaded backend libinterflop_vprec.so
Info [interflop-vprec]: load backend with: 
Info [interflop-vprec]: precision-binary32 = 21
Info [interflop-vprec]: range-binary32 = 8
Info [interflop-vprec]: precision-binary64 = 21
Info [interflop-vprec]: range-binary64 = 8
Info [interflop-vprec]: mode = ob
Info [interflop-vprec]: error-mode = rel
Info [interflop-vprec]: max-abs-error-exponent = -1022
Info [interflop-vprec]: daz = false
Info [interflop-vprec]: ftz = false
Info [interflop-vprec]: 	instrument = none
Info [interflop-vprec]: 	prec-input-file = (null)
Info [interflop-vprec]: 	prec-output-file = (null)
Info [interflop-vprec]: 	prec-log-file = (null)
All_Command_lines_OK
Using double precision for computations.
=============================================================================
The composite transform comprises the following transforms (in order): 
  1. /home/mdugre/scratch/mri-registration-rp/datasets/ds004513/derivatives/mri-registration-rp/1111/antsRegistration-r8-p21/sub-s017/rigid_Composite.h5[0] (type = Euler3DTransform)
  2. /home/mdugre/scratch/mri-registration-rp/datasets/ds004513/derivatives/mri-registration-rp/1111/antsRegistration-r8-p21/sub-s017/rigid_Composite.h5[1] (type = Euler3DTransform)
  3. /home/mdugre/scratch/mri-registration-rp/datasets/ds004513/derivatives/mri-registration-rp/1111/antsRegistration-r8-p21/sub-s017/rigid_Composite.h5[2] (type = Euler3DTransform)
=============================================================================
  number of levels = 4
  fixed image: /templateflow/tpl-MNI152NLin2009cAsym/tpl-MNI152NLin2009cAsym_res-01_desc-brain_T1w.nii.gz
  moving image: /home/mdugre/scratch/mri-registration-rp/datasets/ds004513/derivatives/mri-registration-rp/antsBrainExtraction/sub-s017/BrainExtractionBrain.nii.gz
Dimension = 3
Number of stages = 1
Use histogram matching = false
Winsorize image intensities = true
  Lower quantile = 0.005
  Upper quantile = 0.995


Stage 1 State
   Image metric = MattesMI
     Fixed image = Image (0x4ced490)
  RTTI typeinfo:   itk::Image<double, 3u>
  Reference Count: 2
  Modified Time: 1594
  Debug: Off
  Object Name: 
  Observers: 
    none
  Source: (none)
  Source output name: (none)
  Release Data: Off
  Data Released: False
  Global Release Data: Off
  PipelineMTime: 0
  UpdateMTime: 1203
  RealTimeStamp: 0 seconds 
  LargestPossibleRegion: 
    Dimension: 3
    Index: [0, 0, 0]
    Size: [193, 229, 193]
  BufferedRegion: 
    Dimension: 3
    Index: [0, 0, 0]
    Size: [193, 229, 193]
  RequestedRegion: 
    Dimension: 3
    Index: [0, 0, 0]
    Size: [193, 229, 193]
  Spacing: [1, 1, 1]
  Origin: [96, 132, -78]
  Direction: 
-1 0 0
0 -1 0
0 0 1

  IndexToPointMatrix: 
-1 0 0
0 -1 0
0 0 1

  PointToIndexMatrix: 
-1 0 0
0 -1 0
0 0 1

  Inverse Direction: 
-1 0 0
0 -1 0
0 0 1

  PixelContainer: 
    ImportImageContainer (0x4d668b0)
      RTTI typeinfo:   itk::ImportImageContainer<unsigned long, double>
      Reference Count: 1
      Modified Time: 1200
      Debug: Off
      Object Name: 
      Observers: 
        none
      Pointer: 0x1526f7b94010
      Container manages memory: true
      Size: 8530021
      Capacity: 8530021

     Moving image = Image (0x4dbba40)
  RTTI typeinfo:   itk::Image<double, 3u>
  Reference Count: 2
  Modified Time: 1595
  Debug: Off
  Object Name: 
  Observers: 
    none
  Source: (none)
  Source output name: (none)
  Release Data: Off
  Data Released: False
  Global Release Data: Off
  PipelineMTime: 0
  UpdateMTime: 1592
  RealTimeStamp: 0 seconds 
  LargestPossibleRegion: 
    Dimension: 3
    Index: [0, 0, 0]
    Size: [160, 240, 256]
  BufferedRegion: 
    Dimension: 3
    Index: [0, 0, 0]
    Size: [160, 240, 256]
  RequestedRegion: 
    Dimension: 3
    Index: [0, 0, 0]
    Size: [160, 240, 256]
  Spacing: [1, 1, 1]
  Origin: [91.3357, 102.231, -120.042]
  Direction: 
-0.997442 -5.36781e-05 -0.0714818
5.35417e-05 -1 3.82465e-06
-0.0714818 -1.23894e-08 0.997442

  IndexToPointMatrix: 
-0.997444 -5.36781e-05 -0.0714818
5.35418e-05 -1 3.82465e-06
-0.0714819 -1.23894e-08 0.997442

  PointToIndexMatrix: 
-0.99744 5.35416e-05 -0.0714816
-5.36781e-05 -1 -1.23891e-08
-0.0714818 3.82465e-06 0.997442

  Inverse Direction: 
-0.997442 5.35417e-05 -0.0714818
-5.36781e-05 -1 -1.23891e-08
-0.0714818 3.82465e-06 0.997442

  PixelContainer: 
    ImportImageContainer (0x4d6ad50)
      RTTI typeinfo:   itk::ImportImageContainer<unsigned long, double>
      Reference Count: 1
      Modified Time: 1589
      Debug: Off
      Object Name: 
      Observers: 
        none
      Pointer: 0x1526f3093010
      Container manages memory: true
      Size: 9830400
      Capacity: 9830400

     Weighting = 1
     Sampling strategy = regular
     Number of bins = 32
     Radius = 4
     Sampling percentage  = 0.25
   Transform = Affine
     Gradient step = 0.1
     Update field sigma (voxel space) = 0
     Total field sigma (voxel space) = 0
     Update field time sigma = 0
     Total field time sigma  = 0
     Number of time indices = 0
     Number of time point samples = 0
Registration using 1 total stages.

Stage 0
  iterations = 1000x500x250x100
  convergence threshold = 1e-06
  convergence window size = 10
  number of levels = 4
  using the Mattes MI metric (number of bins = 32, weight = 1, use gradient filter = 0)
  preprocessing:  winsorizing the image intensities
  Shrink factors (level 1 out of 4): [8, 8, 8]
  Shrink factors (level 2 out of 4): [4, 4, 4]
  Shrink factors (level 3 out of 4): [2, 2, 2]
  Shrink factors (level 4 out of 4): [1, 1, 1]
  smoothing sigmas per level: [3, 2, 1, 0]
  regular sampling (percentage = 0.25)

*** Running AffineTransform registration ***

DIAGNOSTIC,Iteration,metricValue,convergenceValue,ITERATION_TIME_INDEX,SINCE_LAST
 2DIAGNOSTIC,     1, -5.755624094682e-01, 1.797693134862e+308, 0.0000e+00, 0.0000e+00, 
 2DIAGNOSTIC,     2, -5.780826695908e-01, 1.797693134862e+308, 0.0000e+00, 0.0000e+00, 
 2DIAGNOSTIC,     3, -5.829425302540e-01, 1.797693134862e+308, 0.0000e+00, 0.0000e+00, 
 2DIAGNOSTIC,     4, -5.926456508293e-01, 1.797693134862e+308, 0.0000e+00, 0.0000e+00, 
 2DIAGNOSTIC,     5, -6.078804888001e-01, 1.797693134862e+308, 0.0000e+00, 0.0000e+00, 
 2DIAGNOSTIC,     6, -6.318613224294e-01, 1.797693134862e+308, 0.0000e+00, 0.0000e+00, 
 2DIAGNOSTIC,     7, -6.837168909809e-01, 1.797693134862e+308, 0.0000e+00, 0.0000e+00, 
 2DIAGNOSTIC,     8, -7.695958060780e-01, 1.797693134862e+308, 0.0000e+00, 0.0000e+00, 
 2DIAGNOSTIC,     9, -8.292301507385e-01, 1.797693134862e+308, 0.0000e+00, 0.0000e+00, 
 2DIAGNOSTIC,    10, -8.366442975084e-01, 2.796528161496e-02, 0.0000e+00, 0.0000e+00, 
 2DIAGNOSTIC,    11, -8.533917592376e-01, 2.815883697379e-02, 0.0000e+00, 0.0000e+00, 
 2DIAGNOSTIC,    12, -8.667672068071e-01, 2.631893202616e-02, 0.0000e+00, 0.0000e+00, 
 2DIAGNOSTIC,    13, -8.807549645550e-01, 2.298225046278e-02, 0.0000e+00, 0.0000e+00, 
 2DIAGNOSTIC,    14, -8.827673722302e-01, 1.847674960931e-02, 0.0000e+00, 0.0000e+00, 
 2DIAGNOSTIC,    15, -8.845461158537e-01, 1.349558543192e-02, 0.0000e+00, 0.0000e+00, 
 2DIAGNOSTIC,    16, -8.865386768876e-01, 8.655704532418e-03, 0.0000e+00, 0.0000e+00, 
 2DIAGNOSTIC,    17, -8.881591120744e-01, 4.837235226287e-03, 0.0000e+00, 0.0000e+00, 
 2DIAGNOSTIC,    18, -8.889784527288e-01, 2.832863476744e-03, 0.0000e+00, 0.0000e+00, 
 2DIAGNOSTIC,    19, -8.894674909182e-01, 1.984759244019e-03, 0.0000e+00, 0.0000e+00, 
 2DIAGNOSTIC,    20, -8.903723289938e-01, 1.201571459643e-03, 0.0000e+00, 0.0000e+00, 
 2DIAGNOSTIC,    21, -8.904000448027e-01, 6.793019869891e-04, 0.0000e+00, 0.0000e+00, 
 2DIAGNOSTIC,    22, -8.902608165205e-01, 3.596382725339e-04, 0.0000e+00, 0.0000e+00, 
 2DIAGNOSTIC,    23, -8.899277223004e-01, 2.514726483055e-04, 0.0000e+00, 0.0000e+00, 
 2DIAGNOSTIC,    24, -8.891519663427e-01, 1.484455754219e-04, 0.0000e+00, 0.0000e+00, 
 2DIAGNOSTIC,    25, -8.886065060758e-01, 5.807718116056e-05, 0.0000e+00, 0.0000e+00, 
DIAGNOSTIC,Iteration,metricValue,convergenceValue,ITERATION_TIME_INDEX,SINCE_LAST
 2DIAGNOSTIC,     1, -7.475910677209e-01, 1.797693134862e+308, 0.0000e+00, 0.0000e+00, 
 2DIAGNOSTIC,     2, -7.482618741737e-01, 1.797693134862e+308, 0.0000e+00, 0.0000e+00, 
 2DIAGNOSTIC,     3, -7.486122379106e-01, 1.797693134862e+308, 0.0000e+00, 0.0000e+00, 
 2DIAGNOSTIC,     4, -7.490141653968e-01, 1.797693134862e+308, 0.0000e+00, 0.0000e+00, 
 2DIAGNOSTIC,     5, -7.496055402184e-01, 1.797693134862e+308, 0.0000e+00, 0.0000e+00, 
 2DIAGNOSTIC,     6, -7.507031428763e-01, 1.797693134862e+308, 0.0000e+00, 0.0000e+00, 
 2DIAGNOSTIC,     7, -7.506862805734e-01, 1.797693134862e+308, 0.0000e+00, 0.0000e+00, 
 2DIAGNOSTIC,     8, -7.506877064830e-01, 1.797693134862e+308, 0.0000e+00, 0.0000e+00, 
 2DIAGNOSTIC,     9, -7.506604468709e-01, 1.797693134862e+308, 0.0000e+00, 0.0000e+00, 
 2DIAGNOSTIC,    10, -7.506492430670e-01, 2.902900038759e-04, 0.0000e+00, 0.0000e+00, 
 2DIAGNOSTIC,    11, -7.506480327468e-01, 2.036011834509e-04, 0.0000e+00, 0.0000e+00, 
 2DIAGNOSTIC,    12, -7.506544616181e-01, 1.347758040337e-04, 0.0000e+00, 0.0000e+00, 
 2DIAGNOSTIC,    13, -7.506439870660e-01, 7.491799875882e-05, 0.0000e+00, 0.0000e+00, 
 2DIAGNOSTIC,    14, -7.506362049634e-01, 2.762235393046e-05, 0.0000e+00, 0.0000e+00, 
DIAGNOSTIC,Iteration,metricValue,convergenceValue,ITERATION_TIME_INDEX,SINCE_LAST
 2DIAGNOSTIC,     1, -6.297385476594e-01, 1.797693134862e+308, 0.0000e+00, 0.0000e+00, 
 2DIAGNOSTIC,     2, -6.302536873646e-01, 1.797693134862e+308, 0.0000e+00, 0.0000e+00, 
 2DIAGNOSTIC,     3, -6.308285481422e-01, 1.797693134862e+308, 0.0000e+00, 0.0000e+00, 
 2DIAGNOSTIC,     4, -6.314195786752e-01, 1.797693134862e+308, 0.0000e+00, 0.0000e+00, 
 2DIAGNOSTIC,     5, -6.323680672638e-01, 1.797693134862e+308, 0.0000e+00, 0.0000e+00, 
 2DIAGNOSTIC,     6, -6.327401757550e-01, 1.797693134862e+308, 0.0000e+00, 0.0000e+00, 
 2DIAGNOSTIC,     7, -6.327411921027e-01, 1.797693134862e+308, 0.0000e+00, 0.0000e+00, 
 2DIAGNOSTIC,     8, -6.327390553482e-01, 1.797693134862e+308, 0.0000e+00, 0.0000e+00, 
 2DIAGNOSTIC,     9, -6.327382139688e-01, 1.797693134862e+308, 0.0000e+00, 0.0000e+00, 
 2DIAGNOSTIC,    10, -6.327374990276e-01, 3.265753809130e-04, 0.0000e+00, 0.0000e+00, 
 2DIAGNOSTIC,    11, -6.327370073973e-01, 2.175656375659e-04, 0.0000e+00, 0.0000e+00, 
 2DIAGNOSTIC,    12, -6.327337012322e-01, 1.268576407024e-04, 0.0000e+00, 0.0000e+00, 
 2DIAGNOSTIC,    13, -6.327330714824e-01, 5.879277391821e-05, 0.0000e+00, 0.0000e+00, 
 2DIAGNOSTIC,    14, -6.327316022816e-01, 1.355019888080e-05, 0.0000e+00, 0.0000e+00, 
 2DIAGNOSTIC,    15, -6.327322182066e-01, 1.444226610137e-06, 0.0000e+00, 0.0000e+00, 
 2DIAGNOSTIC,    16, -6.327311479628e-01, 1.338466323317e-06, 0.0000e+00, 0.0000e+00, 
 2DIAGNOSTIC,    17, -6.327288593813e-01, 1.274718433794e-06, 0.0000e+00, 0.0000e+00, 
 2DIAGNOSTIC,    18, -6.327291323923e-01, 1.229438146913e-06, 0.0000e+00, 0.0000e+00, 
 2DIAGNOSTIC,    19, -6.327278228038e-01, 1.186614258283e-06, 0.0000e+00, 0.0000e+00, 
 2DIAGNOSTIC,    20, -6.327265086193e-01, 1.147340439628e-06, 0.0000e+00, 0.0000e+00, 
 2DIAGNOSTIC,    21, -6.327252673047e-01, 1.118729075794e-06, 0.0000e+00, 0.0000e+00, 
 2DIAGNOSTIC,    22, -6.327255575901e-01, 1.069380493386e-06, 0.0000e+00, 0.0000e+00, 
 2DIAGNOSTIC,    23, -6.327258961807e-01, 1.054049166636e-06, 0.0000e+00, 0.0000e+00, 
 2DIAGNOSTIC,    24, -6.327263098196e-01, 1.050030208505e-06, 0.0000e+00, 0.0000e+00, 
 2DIAGNOSTIC,    25, -6.327251683000e-01, 1.063625721096e-06, 0.0000e+00, 0.0000e+00, 
 2DIAGNOSTIC,    26, -6.327239207929e-01, 1.057961365500e-06, 0.0000e+00, 0.0000e+00, 
 2DIAGNOSTIC,    27, -6.327226493229e-01, 1.008957878981e-06, 0.0000e+00, 0.0000e+00, 
DIAGNOSTIC,Iteration,metricValue,convergenceValue,ITERATION_TIME_INDEX,SINCE_LAST
 2DIAGNOSTIC,     1, -5.636957418425e-01, 1.797693134862e+308, 0.0000e+00, 0.0000e+00, 
 2DIAGNOSTIC,     2, -5.641403306773e-01, 1.797693134862e+308, 0.0000e+00, 0.0000e+00, 
 2DIAGNOSTIC,     3, -5.645880017338e-01, 1.797693134862e+308, 0.0000e+00, 0.0000e+00, 
 2DIAGNOSTIC,     4, -5.658242633851e-01, 1.797693134862e+308, 0.0000e+00, 0.0000e+00, 
 2DIAGNOSTIC,     5, -5.658244231459e-01, 1.797693134862e+308, 0.0000e+00, 0.0000e+00, 
 2DIAGNOSTIC,     6, -5.658243553055e-01, 1.797693134862e+308, 0.0000e+00, 0.0000e+00, 
 2DIAGNOSTIC,     7, -5.658239955059e-01, 1.797693134862e+308, 0.0000e+00, 0.0000e+00, 
 2DIAGNOSTIC,     8, -5.658240504793e-01, 1.797693134862e+308, 0.0000e+00, 0.0000e+00, 
 2DIAGNOSTIC,     9, -5.658237541618e-01, 1.797693134862e+308, 0.0000e+00, 0.0000e+00, 
 2DIAGNOSTIC,    10, -5.658236170833e-01, 2.277281154889e-04, 0.0000e+00, 0.0000e+00, 
 2DIAGNOSTIC,    11, -5.658235416603e-01, 1.291188965097e-04, 5.1200e+02, 5.1200e+02, 
 2DIAGNOSTIC,    12, -5.658235907116e-01, 5.435229645478e-05, 5.1200e+02, 0.0000e+00, 
 2DIAGNOSTIC,    13, -5.658236304468e-01, 2.368270845779e-06, 5.1200e+02, 0.0000e+00, 
 2DIAGNOSTIC,    14, -5.658236500658e-01, 2.206411988365e-06, 5.1200e+02, 0.0000e+00, 
 2DIAGNOSTIC,    15, -5.658236426638e-01, 2.077743441090e-06, 5.1200e+02, 0.0000e+00, 
 2DIAGNOSTIC,    16, -5.658235987360e-01, 1.966230342404e-06, 5.1200e+02, 0.0000e+00, 
 2DIAGNOSTIC,    17, -5.658234565536e-01, 1.855156226409e-06, 5.1200e+02, 0.0000e+00, 
 2DIAGNOSTIC,    18, -5.658234730859e-01, 1.760439901216e-06, 5.1200e+02, 0.0000e+00, 
 2DIAGNOSTIC,    19, -5.658235161342e-01, 1.669927120682e-06, 5.1200e+02, 0.0000e+00, 
 2DIAGNOSTIC,    20, -5.658235113922e-01, 1.585579320548e-06, 5.1200e+02, 0.0000e+00, 
 2DIAGNOSTIC,    21, -5.658235142838e-01, 1.508281581880e-06, 5.1200e+02, 0.0000e+00, 
 2DIAGNOSTIC,    22, -5.658235256346e-01, 1.440282510957e-06, 5.1200e+02, 0.0000e+00, 
 2DIAGNOSTIC,    23, -5.658235662832e-01, 1.380669961977e-06, 5.1200e+02, 0.0000e+00, 
 2DIAGNOSTIC,    24, -5.658235547761e-01, 1.326540428032e-06, 5.1200e+02, 0.0000e+00, 
 2DIAGNOSTIC,    25, -5.658235605671e-01, 1.276821889509e-06, 5.1200e+02, 0.0000e+00, 
 2DIAGNOSTIC,    26, -5.658235599578e-01, 1.229947145395e-06, 5.1200e+02, 0.0000e+00, 
 2DIAGNOSTIC,    27, -5.658235596132e-01, 1.183457513161e-06, 5.1200e+02, 0.0000e+00, 
 2DIAGNOSTIC,    28, -5.658235595323e-01, 1.140227304998e-06, 5.1200e+02, 0.0000e+00, 
 2DIAGNOSTIC,    29, -5.658235592590e-01, 1.100503123637e-06, 5.1200e+02, 0.0000e+00, 
 2DIAGNOSTIC,    30, -5.658235591459e-01, 1.063178856002e-06, 5.1200e+02, 0.0000e+00, 
 2DIAGNOSTIC,    31, -5.658235593605e-01, 1.028199490660e-06, 5.1200e+02, 0.0000e+00, 
  Elapsed time (stage 0): 5.1200e+02


Total elapsed time: 5.1200e+02
Info [verificarlo]: loaded backend libinterflop_vprec.so
Info [interflop-vprec]: load backend with: 
Info [interflop-vprec]: precision-binary32 = 21
Info [interflop-vprec]: range-binary32 = 8
Info [interflop-vprec]: precision-binary64 = 21
Info [interflop-vprec]: range-binary64 = 8
Info [interflop-vprec]: mode = ob
Info [interflop-vprec]: error-mode = rel
Info [interflop-vprec]: max-abs-error-exponent = -1022
Info [interflop-vprec]: daz = false
Info [interflop-vprec]: ftz = false
Info [interflop-vprec]: 	instrument = none
Info [interflop-vprec]: 	prec-input-file = (null)
Info [interflop-vprec]: 	prec-output-file = (null)
Info [interflop-vprec]: 	prec-log-file = (null)
All_Command_lines_OK
Using double precision for computations.
