
##########################
# Experiment information #
##########################

EXPERIMENT_NAME: antsRegistration-r8-p21
VFC_BACKENDS: libinterflop_vprec.so --range-binary32=8 --precision-binary32=21 --range-binary64=8 --precision-binary64=21

SIF_IMG: /home/mdugre/projects/rrg-glatard/mdugre/containers/ants-vprec-no_metrics.simg

SUBJECT_ID: s020
INPUT_IMG: /home/mdugre/scratch/mri-registration-rp/datasets/ds004513/derivatives/mri-registration-rp/antsBrainExtraction/sub-s020/BrainExtractionBrain.nii.gz
OUTPUT_DIR: /home/mdugre/scratch/mri-registration-rp/datasets/ds004513/derivatives/mri-registration-rp/1111/antsRegistration-r8-p21/sub-s020

FIXED_IMG: /templateflow/tpl-MNI152NLin2009cAsym/tpl-MNI152NLin2009cAsym_res-01_desc-brain_T1w.nii.gz
DATA_DIR: /home/mdugre/scratch/mri-registration-rp/datasets/ds004513
TEMPLATEFLOW_DIR: /home/mdugre/projects/rrg-glatard/mdugre/templateflow
ITK_GLOBAL_DEFAULT_NUMBER_OF_THREADS: 16
##########################

Info [verificarlo]: loaded backend libinterflop_vprec.so
Info [interflop-vprec]: load backend with: 
Info [interflop-vprec]: precision-binary32 = 21
Info [interflop-vprec]: range-binary32 = 8
Info [interflop-vprec]: precision-binary64 = 21
Info [interflop-vprec]: range-binary64 = 8
Info [interflop-vprec]: mode = ob
Info [interflop-vprec]: error-mode = rel
Info [interflop-vprec]: max-abs-error-exponent = -1022
Info [interflop-vprec]: daz = false
Info [interflop-vprec]: ftz = false
Info [interflop-vprec]: 	instrument = none
Info [interflop-vprec]: 	prec-input-file = (null)
Info [interflop-vprec]: 	prec-output-file = (null)
Info [interflop-vprec]: 	prec-log-file = (null)
All_Command_lines_OK
Using double precision for computations.
=============================================================================
The composite transform comprises the following transforms (in order): 
  1. Center of mass alignment using fixed image: /templateflow/tpl-MNI152NLin2009cAsym/tpl-MNI152NLin2009cAsym_res-01_desc-brain_T1w.nii.gz and moving image: /home/mdugre/scratch/mri-registration-rp/datasets/ds004513/derivatives/mri-registration-rp/antsBrainExtraction/sub-s020/BrainExtractionBrain.nii.gz (type = Euler3DTransform)
=============================================================================
  number of levels = 1
  fixed image: /templateflow/tpl-MNI152NLin2009cAsym/tpl-MNI152NLin2009cAsym_res-01_desc-brain_T1w.nii.gz
  moving image: /home/mdugre/scratch/mri-registration-rp/datasets/ds004513/derivatives/mri-registration-rp/antsBrainExtraction/sub-s020/BrainExtractionBrain.nii.gz
Dimension = 3
Number of stages = 1
Use histogram matching = false
Winsorize image intensities = true
  Lower quantile = 0.005
  Upper quantile = 0.995


Stage 1 State
   Image metric = MattesMI
     Fixed image = Image (0x4d7ab20)
  RTTI typeinfo:   itk::Image<double, 3u>
  Reference Count: 2
  Modified Time: 2334
  Debug: Off
  Object Name: 
  Observers: 
    none
  Source: (none)
  Source output name: (none)
  Release Data: Off
  Data Released: False
  Global Release Data: Off
  PipelineMTime: 0
  UpdateMTime: 1943
  RealTimeStamp: 0 seconds 
  LargestPossibleRegion: 
    Dimension: 3
    Index: [0, 0, 0]
    Size: [193, 229, 193]
  BufferedRegion: 
    Dimension: 3
    Index: [0, 0, 0]
    Size: [193, 229, 193]
  RequestedRegion: 
    Dimension: 3
    Index: [0, 0, 0]
    Size: [193, 229, 193]
  Spacing: [1, 1, 1]
  Origin: [96, 132, -78]
  Direction: 
-1 0 0
0 -1 0
0 0 1

  IndexToPointMatrix: 
-1 0 0
0 -1 0
0 0 1

  PointToIndexMatrix: 
-1 0 0
0 -1 0
0 0 1

  Inverse Direction: 
-1 0 0
0 -1 0
0 0 1

  PixelContainer: 
    ImportImageContainer (0x4ea6650)
      RTTI typeinfo:   itk::ImportImageContainer<unsigned long, double>
      Reference Count: 1
      Modified Time: 1940
      Debug: Off
      Object Name: 
      Observers: 
        none
      Pointer: 0x14ec1c8ea010
      Container manages memory: true
      Size: 8530021
      Capacity: 8530021

     Moving image = Image (0x4d7cad0)
  RTTI typeinfo:   itk::Image<double, 3u>
  Reference Count: 2
  Modified Time: 2335
  Debug: Off
  Object Name: 
  Observers: 
    none
  Source: (none)
  Source output name: (none)
  Release Data: Off
  Data Released: False
  Global Release Data: Off
  PipelineMTime: 0
  UpdateMTime: 2332
  RealTimeStamp: 0 seconds 
  LargestPossibleRegion: 
    Dimension: 3
    Index: [0, 0, 0]
    Size: [160, 240, 256]
  BufferedRegion: 
    Dimension: 3
    Index: [0, 0, 0]
    Size: [160, 240, 256]
  RequestedRegion: 
    Dimension: 3
    Index: [0, 0, 0]
    Size: [160, 240, 256]
  Spacing: [0.999995, 1, 1]
  Origin: [87.0906, 98.7205, -152.377]
  Direction: 
-0.996975 0.0261379 -0.0731913
-0.0260677 -0.999658 -0.00191374
-0.0732163 -2.46403e-08 0.997316

  IndexToPointMatrix: 
-0.996971 0.0261379 -0.0731913
-0.0260676 -0.999658 -0.00191374
-0.0732159 -2.46403e-08 0.997316

  PointToIndexMatrix: 
-0.99698 -0.0260679 -0.0732166
0.0261379 -0.999658 -2.53785e-08
-0.0731913 -0.00191374 0.997316

  Inverse Direction: 
-0.996975 -0.0260677 -0.0732163
0.0261379 -0.999658 -2.53785e-08
-0.0731913 -0.00191374 0.997316

  PixelContainer: 
    ImportImageContainer (0x4dc4050)
      RTTI typeinfo:   itk::ImportImageContainer<unsigned long, double>
      Reference Count: 1
      Modified Time: 2329
      Debug: Off
      Object Name: 
      Observers: 
        none
      Pointer: 0x14ec17de9010
      Container manages memory: true
      Size: 9830400
      Capacity: 9830400

     Weighting = 1
     Sampling strategy = regular
     Number of bins = 32
     Radius = 4
     Sampling percentage  = 0.25
   Transform = Rigid
     Gradient step = 0.1
     Update field sigma (voxel space) = 0
     Total field sigma (voxel space) = 0
     Update field time sigma = 0
     Total field time sigma  = 0
     Number of time indices = 0
     Number of time point samples = 0
Registration using 1 total stages.

Stage 0
  iterations = 0
  convergence threshold = 1e-06
  convergence window size = 10
  number of levels = 1
  using the Mattes MI metric (number of bins = 32, weight = 1, use gradient filter = 0)
  preprocessing:  winsorizing the image intensities
  Shrink factors (level 1 out of 1): [1, 1, 1]
  smoothing sigmas per level: [0]
  regular sampling (percentage = 0.25)

*** Running Euler3DTransform registration ***

  Elapsed time (stage 0): 0


Total elapsed time: 0
Info [verificarlo]: loaded backend libinterflop_vprec.so
Info [interflop-vprec]: load backend with: 
Info [interflop-vprec]: precision-binary32 = 21
Info [interflop-vprec]: range-binary32 = 8
Info [interflop-vprec]: precision-binary64 = 21
Info [interflop-vprec]: range-binary64 = 8
Info [interflop-vprec]: mode = ob
Info [interflop-vprec]: error-mode = rel
Info [interflop-vprec]: max-abs-error-exponent = -1022
Info [interflop-vprec]: daz = false
Info [interflop-vprec]: ftz = false
Info [interflop-vprec]: 	instrument = none
Info [interflop-vprec]: 	prec-input-file = (null)
Info [interflop-vprec]: 	prec-output-file = (null)
Info [interflop-vprec]: 	prec-log-file = (null)
All_Command_lines_OK
Using double precision for computations.
=============================================================================
The composite transform comprises the following transforms (in order): 
  1. /home/mdugre/scratch/mri-registration-rp/datasets/ds004513/derivatives/mri-registration-rp/1111/antsRegistration-r8-p21/sub-s020/align_Composite.h5[0] (type = Euler3DTransform)
  2. /home/mdugre/scratch/mri-registration-rp/datasets/ds004513/derivatives/mri-registration-rp/1111/antsRegistration-r8-p21/sub-s020/align_Composite.h5[1] (type = Euler3DTransform)
=============================================================================
  number of levels = 4
  fixed image: /templateflow/tpl-MNI152NLin2009cAsym/tpl-MNI152NLin2009cAsym_res-01_desc-brain_T1w.nii.gz
  moving image: /home/mdugre/scratch/mri-registration-rp/datasets/ds004513/derivatives/mri-registration-rp/antsBrainExtraction/sub-s020/BrainExtractionBrain.nii.gz
Dimension = 3
Number of stages = 1
Use histogram matching = false
Winsorize image intensities = true
  Lower quantile = 0.005
  Upper quantile = 0.995


Stage 1 State
   Image metric = MattesMI
     Fixed image = Image (0x4a8d1e0)
  RTTI typeinfo:   itk::Image<double, 3u>
  Reference Count: 2
  Modified Time: 1580
  Debug: Off
  Object Name: 
  Observers: 
    none
  Source: (none)
  Source output name: (none)
  Release Data: Off
  Data Released: False
  Global Release Data: Off
  PipelineMTime: 0
  UpdateMTime: 1189
  RealTimeStamp: 0 seconds 
  LargestPossibleRegion: 
    Dimension: 3
    Index: [0, 0, 0]
    Size: [193, 229, 193]
  BufferedRegion: 
    Dimension: 3
    Index: [0, 0, 0]
    Size: [193, 229, 193]
  RequestedRegion: 
    Dimension: 3
    Index: [0, 0, 0]
    Size: [193, 229, 193]
  Spacing: [1, 1, 1]
  Origin: [96, 132, -78]
  Direction: 
-1 0 0
0 -1 0
0 0 1

  IndexToPointMatrix: 
-1 0 0
0 -1 0
0 0 1

  PointToIndexMatrix: 
-1 0 0
0 -1 0
0 0 1

  Inverse Direction: 
-1 0 0
0 -1 0
0 0 1

  PixelContainer: 
    ImportImageContainer (0x4b4c640)
      RTTI typeinfo:   itk::ImportImageContainer<unsigned long, double>
      Reference Count: 1
      Modified Time: 1186
      Debug: Off
      Object Name: 
      Observers: 
        none
      Pointer: 0x14eda4619010
      Container manages memory: true
      Size: 8530021
      Capacity: 8530021

     Moving image = Image (0x4b48c90)
  RTTI typeinfo:   itk::Image<double, 3u>
  Reference Count: 2
  Modified Time: 1581
  Debug: Off
  Object Name: 
  Observers: 
    none
  Source: (none)
  Source output name: (none)
  Release Data: Off
  Data Released: False
  Global Release Data: Off
  PipelineMTime: 0
  UpdateMTime: 1578
  RealTimeStamp: 0 seconds 
  LargestPossibleRegion: 
    Dimension: 3
    Index: [0, 0, 0]
    Size: [160, 240, 256]
  BufferedRegion: 
    Dimension: 3
    Index: [0, 0, 0]
    Size: [160, 240, 256]
  RequestedRegion: 
    Dimension: 3
    Index: [0, 0, 0]
    Size: [160, 240, 256]
  Spacing: [0.999995, 1, 1]
  Origin: [87.0906, 98.7205, -152.377]
  Direction: 
-0.996975 0.0261379 -0.0731913
-0.0260677 -0.999658 -0.00191374
-0.0732163 -2.46403e-08 0.997316

  IndexToPointMatrix: 
-0.996971 0.0261379 -0.0731913
-0.0260676 -0.999658 -0.00191374
-0.0732159 -2.46403e-08 0.997316

  PointToIndexMatrix: 
-0.99698 -0.0260679 -0.0732166
0.0261379 -0.999658 -2.53785e-08
-0.0731913 -0.00191374 0.997316

  Inverse Direction: 
-0.996975 -0.0260677 -0.0732163
0.0261379 -0.999658 -2.53785e-08
-0.0731913 -0.00191374 0.997316

  PixelContainer: 
    ImportImageContainer (0x4bb9d90)
      RTTI typeinfo:   itk::ImportImageContainer<unsigned long, double>
      Reference Count: 1
      Modified Time: 1575
      Debug: Off
      Object Name: 
      Observers: 
        none
      Pointer: 0x14ed9fb18010
      Container manages memory: true
      Size: 9830400
      Capacity: 9830400

     Weighting = 1
     Sampling strategy = regular
     Number of bins = 32
     Radius = 4
     Sampling percentage  = 0.25
   Transform = Rigid
     Gradient step = 0.1
     Update field sigma (voxel space) = 0
     Total field sigma (voxel space) = 0
     Update field time sigma = 0
     Total field time sigma  = 0
     Number of time indices = 0
     Number of time point samples = 0
Registration using 1 total stages.

Stage 0
  iterations = 1000x500x250x100
  convergence threshold = 1e-06
  convergence window size = 10
  number of levels = 4
  using the Mattes MI metric (number of bins = 32, weight = 1, use gradient filter = 0)
  preprocessing:  winsorizing the image intensities
  Shrink factors (level 1 out of 4): [8, 8, 8]
  Shrink factors (level 2 out of 4): [4, 4, 4]
  Shrink factors (level 3 out of 4): [2, 2, 2]
  Shrink factors (level 4 out of 4): [1, 1, 1]
  smoothing sigmas per level: [3, 2, 1, 0]
  regular sampling (percentage = 0.25)

*** Running Euler3DTransform registration ***

DIAGNOSTIC,Iteration,metricValue,convergenceValue,ITERATION_TIME_INDEX,SINCE_LAST
 2DIAGNOSTIC,     1, -3.794419956367e-01, 1.797693134862e+308, 0.0000e+00, 0.0000e+00, 
 2DIAGNOSTIC,     2, -3.807726137586e-01, 1.797693134862e+308, 0.0000e+00, 0.0000e+00, 
 2DIAGNOSTIC,     3, -3.833926045394e-01, 1.797693134862e+308, 0.0000e+00, 0.0000e+00, 
 2DIAGNOSTIC,     4, -3.878171671199e-01, 1.797693134862e+308, 0.0000e+00, 0.0000e+00, 
 2DIAGNOSTIC,     5, -3.905147674890e-01, 1.797693134862e+308, 0.0000e+00, 0.0000e+00, 
 2DIAGNOSTIC,     6, -3.910090330998e-01, 1.797693134862e+308, 0.0000e+00, 0.0000e+00, 
 2DIAGNOSTIC,     7, -3.913566339552e-01, 1.797693134862e+308, 0.0000e+00, 0.0000e+00, 
 2DIAGNOSTIC,     8, -3.920910832962e-01, 1.797693134862e+308, 0.0000e+00, 0.0000e+00, 
 2DIAGNOSTIC,     9, -3.935899714831e-01, 1.797693134862e+308, 0.0000e+00, 0.0000e+00, 
 2DIAGNOSTIC,    10, -3.948622782258e-01, 2.524163445195e-03, 0.0000e+00, 0.0000e+00, 
 2DIAGNOSTIC,    11, -4.035542974794e-01, 2.497971652541e-03, 0.0000e+00, 0.0000e+00, 
 2DIAGNOSTIC,    12, -4.106614378384e-01, 2.748214492051e-03, 0.0000e+00, 0.0000e+00, 
 2DIAGNOSTIC,    13, -4.109195583242e-01, 2.861002062100e-03, 0.0000e+00, 0.0000e+00, 
 2DIAGNOSTIC,    14, -4.115380622836e-01, 2.963733007419e-03, 0.0000e+00, 0.0000e+00, 
 2DIAGNOSTIC,    15, -4.135746582335e-01, 3.010460965974e-03, 0.0000e+00, 0.0000e+00, 
 2DIAGNOSTIC,    16, -4.172917413025e-01, 2.953793487083e-03, 0.0000e+00, 0.0000e+00, 
 2DIAGNOSTIC,    17, -4.214653080469e-01, 2.812547712133e-03, 0.0000e+00, 0.0000e+00, 
 2DIAGNOSTIC,    18, -4.240826135540e-01, 2.562043433209e-03, 0.0000e+00, 0.0000e+00, 
 2DIAGNOSTIC,    19, -4.261781388644e-01, 2.243833322394e-03, 0.0000e+00, 0.0000e+00, 
 2DIAGNOSTIC,    20, -4.272392088432e-01, 1.827735546102e-03, 0.0000e+00, 0.0000e+00, 
 2DIAGNOSTIC,    21, -4.297698996937e-01, 1.651639819747e-03, 0.0000e+00, 0.0000e+00, 
 2DIAGNOSTIC,    22, -4.335203736709e-01, 1.681748379462e-03, 0.0000e+00, 0.0000e+00, 
 2DIAGNOSTIC,    23, -4.394116001744e-01, 1.736374487374e-03, 0.0000e+00, 0.0000e+00, 
 2DIAGNOSTIC,    24, -4.394111072713e-01, 1.639721359153e-03, 0.0000e+00, 0.0000e+00, 
 2DIAGNOSTIC,    25, -4.394128358403e-01, 1.456922851642e-03, 0.0000e+00, 0.0000e+00, 
 2DIAGNOSTIC,    26, -4.394162952914e-01, 1.251243143848e-03, 0.0000e+00, 0.0000e+00, 
 2DIAGNOSTIC,    27, -4.394220485371e-01, 1.048037314072e-03, 0.0000e+00, 0.0000e+00, 
 2DIAGNOSTIC,    28, -4.394313588729e-01, 8.234802113104e-04, 0.0000e+00, 0.0000e+00, 
 2DIAGNOSTIC,    29, -4.394459840501e-01, 5.888387990098e-04, 0.0000e+00, 0.0000e+00, 
 2DIAGNOSTIC,    30, -4.394687900360e-01, 3.416850094117e-04, 0.0000e+00, 0.0000e+00, 
 2DIAGNOSTIC,    31, -4.395005630112e-01, 1.350096101217e-04, 0.0000e+00, 0.0000e+00, 
 2DIAGNOSTIC,    32, -4.396657641861e-01, 9.315524974914e-06, 0.0000e+00, 0.0000e+00, 
 2DIAGNOSTIC,    33, -4.397200171816e-01, 1.369491076639e-05, 0.0000e+00, 0.0000e+00, 
 2DIAGNOSTIC,    34, -4.397803519294e-01, 1.781338849983e-05, 0.0000e+00, 0.0000e+00, 
 2DIAGNOSTIC,    35, -4.398637236736e-01, 2.176401229343e-05, 0.0000e+00, 0.0000e+00, 
 2DIAGNOSTIC,    36, -4.401283982643e-01, 2.853029824480e-05, 0.0000e+00, 0.0000e+00, 
 2DIAGNOSTIC,    37, -4.425577235316e-01, 7.674587086368e-05, 0.0000e+00, 0.0000e+00, 
 2DIAGNOSTIC,    38, -4.456923943280e-01, 1.698654072644e-04, 0.0000e+00, 0.0000e+00, 
 2DIAGNOSTIC,    39, -4.494773862615e-01, 3.066512714451e-04, 0.0000e+00, 0.0000e+00, 
 2DIAGNOSTIC,    40, -4.500626351497e-01, 4.167347959071e-04, 0.0000e+00, 0.0000e+00, 
 2DIAGNOSTIC,    41, -4.501397592515e-01, 4.842896877485e-04, 0.0000e+00, 0.0000e+00, 
 2DIAGNOSTIC,    42, -4.502037701569e-01, 5.062078395186e-04, 0.0000e+00, 0.0000e+00, 
 2DIAGNOSTIC,    43, -4.503280377550e-01, 4.806123255295e-04, 0.0000e+00, 0.0000e+00, 
 2DIAGNOSTIC,    44, -4.512099732306e-01, 4.241911176953e-04, 0.0000e+00, 0.0000e+00, 
 2DIAGNOSTIC,    45, -4.517731710582e-01, 3.399840284418e-04, 0.0000e+00, 0.0000e+00, 
 2DIAGNOSTIC,    46, -4.517661823130e-01, 2.313237979081e-04, 0.0000e+00, 0.0000e+00, 
 2DIAGNOSTIC,    47, -4.518424793718e-01, 1.408885725609e-04, 0.0000e+00, 0.0000e+00, 
 2DIAGNOSTIC,    48, -4.519421085131e-01, 8.457890261936e-05, 0.0000e+00, 0.0000e+00, 
 2DIAGNOSTIC,    49, -4.520167741922e-01, 7.465039749661e-05, 0.0000e+00, 0.0000e+00, 
 2DIAGNOSTIC,    50, -4.520789698483e-01, 6.651269520383e-05, 0.0000e+00, 0.0000e+00, 
 2DIAGNOSTIC,    51, -4.521573792744e-01, 5.459383066208e-05, 0.0000e+00, 0.0000e+00, 
 2DIAGNOSTIC,    52, -4.522373232739e-01, 4.001005371434e-05, 0.0000e+00, 0.0000e+00, 
 2DIAGNOSTIC,    53, -4.523747087472e-01, 2.523984291893e-05, 0.0000e+00, 0.0000e+00, 
 2DIAGNOSTIC,    54, -4.523533964198e-01, 1.901147658718e-05, 0.0000e+00, 0.0000e+00, 
 2DIAGNOSTIC,    55, -4.524139928079e-01, 1.881576224935e-05, 0.0000e+00, 0.0000e+00, 
 2DIAGNOSTIC,    56, -4.528136207383e-01, 2.149671801424e-05, 0.0000e+00, 0.0000e+00, 
 2DIAGNOSTIC,    57, -4.529328817641e-01, 2.417335790495e-05, 0.0000e+00, 0.0000e+00, 
 2DIAGNOSTIC,    58, -4.531268760125e-01, 2.782384711941e-05, 0.0000e+00, 0.0000e+00, 
 2DIAGNOSTIC,    59, -4.530796710102e-01, 2.906119188855e-05, 0.0000e+00, 0.0000e+00, 
 2DIAGNOSTIC,    60, -4.530795572917e-01, 2.824360795120e-05, 0.0000e+00, 0.0000e+00, 
 2DIAGNOSTIC,    61, -4.530794022069e-01, 2.557402382552e-05, 0.0000e+00, 0.0000e+00, 
 2DIAGNOSTIC,    62, -4.530791866719e-01, 2.134637803012e-05, 0.0000e+00, 0.0000e+00, 
 2DIAGNOSTIC,    63, -4.530160325526e-01, 1.607695900374e-05, 0.0000e+00, 0.0000e+00, 
 2DIAGNOSTIC,    64, -4.530161130193e-01, 9.336853610181e-06, 0.0000e+00, 0.0000e+00, 
 2DIAGNOSTIC,    65, -4.530159588509e-01, 2.499966871225e-06, 0.0000e+00, 0.0000e+00, 
DIAGNOSTIC,Iteration,metricValue,convergenceValue,ITERATION_TIME_INDEX,SINCE_LAST
 2DIAGNOSTIC,     1, -3.631237811734e-01, 1.797693134862e+308, 0.0000e+00, 0.0000e+00, 
 2DIAGNOSTIC,     2, -3.635041002093e-01, 1.797693134862e+308, 0.0000e+00, 0.0000e+00, 
 2DIAGNOSTIC,     3, -3.639728729056e-01, 1.797693134862e+308, 0.0000e+00, 0.0000e+00, 
 2DIAGNOSTIC,     4, -3.647502315519e-01, 1.797693134862e+308, 0.0000e+00, 0.0000e+00, 
 2DIAGNOSTIC,     5, -3.663267736589e-01, 1.797693134862e+308, 0.0000e+00, 0.0000e+00, 
 2DIAGNOSTIC,     6, -3.677071343502e-01, 1.797693134862e+308, 0.0000e+00, 0.0000e+00, 
 2DIAGNOSTIC,     7, -3.715801274828e-01, 1.797693134862e+308, 0.0000e+00, 0.0000e+00, 
 2DIAGNOSTIC,     8, -3.730667368621e-01, 1.797693134862e+308, 0.0000e+00, 0.0000e+00, 
 2DIAGNOSTIC,     9, -3.750746084238e-01, 1.797693134862e+308, 0.0000e+00, 0.0000e+00, 
 2DIAGNOSTIC,    10, -3.777385487525e-01, 2.664557334540e-03, 0.0000e+00, 0.0000e+00, 
 2DIAGNOSTIC,    11, -3.849788250583e-01, 3.111446630255e-03, 0.0000e+00, 0.0000e+00, 
 2DIAGNOSTIC,    12, -4.090005929160e-01, 4.721403967446e-03, 0.0000e+00, 0.0000e+00, 
 2DIAGNOSTIC,    13, -4.118203804010e-01, 5.792922885227e-03, 0.0000e+00, 0.0000e+00, 
 2DIAGNOSTIC,    14, -4.134799132141e-01, 6.320946426798e-03, 0.0000e+00, 0.0000e+00, 
 2DIAGNOSTIC,    15, -4.138775395119e-01, 6.313298240644e-03, 0.0000e+00, 0.0000e+00, 
 2DIAGNOSTIC,    16, -4.154222651455e-01, 5.854491245956e-03, 0.0000e+00, 0.0000e+00, 
 2DIAGNOSTIC,    17, -4.157760253668e-01, 5.082165297380e-03, 0.0000e+00, 0.0000e+00, 
 2DIAGNOSTIC,    18, -4.159440856708e-01, 4.000673159660e-03, 0.0000e+00, 0.0000e+00, 
 2DIAGNOSTIC,    19, -4.165738765163e-01, 2.788138031587e-03, 0.0000e+00, 0.0000e+00, 
 2DIAGNOSTIC,    20, -4.168483100651e-01, 1.557736543158e-03, 0.0000e+00, 0.0000e+00, 
 2DIAGNOSTIC,    21, -4.169194878496e-01, 5.379244840545e-04, 0.0000e+00, 0.0000e+00, 
 2DIAGNOSTIC,    22, -4.171020843479e-01, 3.615567229483e-04, 0.0000e+00, 0.0000e+00, 
 2DIAGNOSTIC,    23, -4.171224319453e-01, 2.562714573505e-04, 0.0000e+00, 0.0000e+00, 
 2DIAGNOSTIC,    24, -4.171329733132e-01, 1.866687193255e-04, 0.0000e+00, 0.0000e+00, 
 2DIAGNOSTIC,    25, -4.171324362169e-01, 1.158012153682e-04, 0.0000e+00, 0.0000e+00, 
 2DIAGNOSTIC,    26, -4.171249470130e-01, 8.232613214254e-05, 0.0000e+00, 0.0000e+00, 
 2DIAGNOSTIC,    27, -4.171288557332e-01, 5.343176368968e-05, 0.0000e+00, 0.0000e+00, 
 2DIAGNOSTIC,    28, -4.171389307440e-01, 2.595395510331e-05, 0.0000e+00, 0.0000e+00, 
 2DIAGNOSTIC,    29, -4.171358600497e-01, 1.342688145656e-05, 0.0000e+00, 0.0000e+00, 
 2DIAGNOSTIC,    30, -4.171288791992e-01, 6.981276897570e-06, 0.0000e+00, 0.0000e+00, 
 2DIAGNOSTIC,    31, -4.171402812860e-01, 2.208719128198e-06, 0.0000e+00, 0.0000e+00, 
 2DIAGNOSTIC,    32, -4.171526401891e-01, 1.944103594442e-06, 0.0000e+00, 0.0000e+00, 
 2DIAGNOSTIC,    33, -4.171652910828e-01, 2.299467946734e-06, 0.0000e+00, 0.0000e+00, 
 2DIAGNOSTIC,    34, -4.171633709171e-01, 2.690004360859e-06, 0.0000e+00, 0.0000e+00, 
 2DIAGNOSTIC,    35, -4.171687456388e-01, 3.010924042708e-06, 0.0000e+00, 0.0000e+00, 
 2DIAGNOSTIC,    36, -4.171904531800e-01, 3.391865109306e-06, 0.0000e+00, 0.0000e+00, 
 2DIAGNOSTIC,    37, -4.171884091601e-01, 3.526535585999e-06, 0.0000e+00, 0.0000e+00, 
 2DIAGNOSTIC,    38, -4.171938253955e-01, 3.697203942127e-06, 0.0000e+00, 0.0000e+00, 
 2DIAGNOSTIC,    39, -4.171953370607e-01, 3.573493153271e-06, 0.0000e+00, 0.0000e+00, 
 2DIAGNOSTIC,    40, -4.172135517797e-01, 3.391329019675e-06, 0.0000e+00, 0.0000e+00, 
 2DIAGNOSTIC,    41, -4.172259967856e-01, 3.365097984164e-06, 0.0000e+00, 0.0000e+00, 
 2DIAGNOSTIC,    42, -4.172385179856e-01, 3.504130018258e-06, 0.0000e+00, 0.0000e+00, 
 2DIAGNOSTIC,    43, -4.172895251897e-01, 4.424444067969e-06, 0.0000e+00, 0.0000e+00, 
 2DIAGNOSTIC,    44, -4.173142524615e-01, 5.297583086331e-06, 0.0000e+00, 0.0000e+00, 
 2DIAGNOSTIC,    45, -4.173318874826e-01, 6.041863489306e-06, 0.0000e+00, 0.0000e+00, 
 2DIAGNOSTIC,    46, -4.174073074141e-01, 7.731904448510e-06, 0.0000e+00, 0.0000e+00, 
 2DIAGNOSTIC,    47, -4.174819823606e-01, 9.731775755566e-06, 0.0000e+00, 0.0000e+00, 
 2DIAGNOSTIC,    48, -4.176505004391e-01, 1.329557076786e-05, 0.0000e+00, 0.0000e+00, 
 2DIAGNOSTIC,    49, -4.176389379766e-01, 1.530792630141e-05, 0.0000e+00, 0.0000e+00, 
 2DIAGNOSTIC,    50, -4.176212070836e-01, 1.589116519341e-05, 0.0000e+00, 0.0000e+00, 
 2DIAGNOSTIC,    51, -4.176199844471e-01, 1.517391210145e-05, 0.0000e+00, 0.0000e+00, 
 2DIAGNOSTIC,    52, -4.176144607163e-01, 1.313959642709e-05, 0.0000e+00, 0.0000e+00, 
 2DIAGNOSTIC,    53, -4.176332352433e-01, 1.087059250926e-05, 0.0000e+00, 0.0000e+00, 
 2DIAGNOSTIC,    54, -4.176297689560e-01, 7.986751219682e-06, 0.0000e+00, 0.0000e+00, 
 2DIAGNOSTIC,    55, -4.176261282369e-01, 4.705574248857e-06, 0.0000e+00, 0.0000e+00, 
 2DIAGNOSTIC,    56, -4.176365947948e-01, 2.221352182596e-06, 0.0000e+00, 0.0000e+00, 
DIAGNOSTIC,Iteration,metricValue,convergenceValue,ITERATION_TIME_INDEX,SINCE_LAST
 2DIAGNOSTIC,     1, -3.572073369868e-01, 1.797693134862e+308, 0.0000e+00, 0.0000e+00, 
 2DIAGNOSTIC,     2, -3.573615419287e-01, 1.797693134862e+308, 0.0000e+00, 0.0000e+00, 
 2DIAGNOSTIC,     3, -3.575929764223e-01, 1.797693134862e+308, 0.0000e+00, 0.0000e+00, 
 2DIAGNOSTIC,     4, -3.578742636584e-01, 1.797693134862e+308, 0.0000e+00, 0.0000e+00, 
 2DIAGNOSTIC,     5, -3.583927365529e-01, 1.797693134862e+308, 0.0000e+00, 0.0000e+00, 
 2DIAGNOSTIC,     6, -3.586025480259e-01, 1.797693134862e+308, 0.0000e+00, 0.0000e+00, 
 2DIAGNOSTIC,     7, -3.589597062759e-01, 1.797693134862e+308, 0.0000e+00, 0.0000e+00, 
 2DIAGNOSTIC,     8, -3.595311096000e-01, 1.797693134862e+308, 0.0000e+00, 0.0000e+00, 
 2DIAGNOSTIC,     9, -3.601504118563e-01, 1.797693134862e+308, 0.0000e+00, 0.0000e+00, 
 2DIAGNOSTIC,    10, -3.601942731512e-01, 5.837906345556e-04, 0.0000e+00, 0.0000e+00, 
 2DIAGNOSTIC,    11, -3.604047844625e-01, 5.433626981929e-04, 0.0000e+00, 0.0000e+00, 
 2DIAGNOSTIC,    12, -3.604888311760e-01, 4.770297316451e-04, 0.0000e+00, 0.0000e+00, 
 2DIAGNOSTIC,    13, -3.606120818843e-01, 3.990536210059e-04, 0.0000e+00, 0.0000e+00, 
 2DIAGNOSTIC,    14, -3.606327870348e-01, 3.122834680508e-04, 0.0000e+00, 0.0000e+00, 
 2DIAGNOSTIC,    15, -3.606464066676e-01, 2.372143435215e-04, 0.0000e+00, 0.0000e+00, 
 2DIAGNOSTIC,    16, -3.606573435260e-01, 1.611497396885e-04, 0.0000e+00, 0.0000e+00, 
 2DIAGNOSTIC,    17, -3.606748798980e-01, 9.634810158309e-05, 0.0000e+00, 0.0000e+00, 
 2DIAGNOSTIC,    18, -3.606885200748e-01, 5.502070265007e-05, 0.0000e+00, 0.0000e+00, 
 2DIAGNOSTIC,    19, -3.607188054082e-01, 4.022357246753e-05, 0.0000e+00, 0.0000e+00, 
 2DIAGNOSTIC,    20, -3.607752621365e-01, 2.714447515637e-05, 0.0000e+00, 0.0000e+00, 
 2DIAGNOSTIC,    21, -3.607831061577e-01, 2.107972631528e-05, 0.0000e+00, 0.0000e+00, 
 2DIAGNOSTIC,    22, -3.607825529657e-01, 1.665075171183e-05, 0.0000e+00, 0.0000e+00, 
 2DIAGNOSTIC,    23, -3.607838153967e-01, 1.547556258784e-05, 0.0000e+00, 0.0000e+00, 
 2DIAGNOSTIC,    24, -3.607828977834e-01, 1.370769354712e-05, 0.0000e+00, 0.0000e+00, 
 2DIAGNOSTIC,    25, -3.607827102546e-01, 1.131408684128e-05, 0.0000e+00, 0.0000e+00, 
 2DIAGNOSTIC,    26, -3.607815057029e-01, 8.451560718381e-06, 0.0000e+00, 0.0000e+00, 
 2DIAGNOSTIC,    27, -3.607816806171e-01, 5.665195839777e-06, 0.0000e+00, 0.0000e+00, 
 2DIAGNOSTIC,    28, -3.607815432736e-01, 3.033547506776e-06, 0.0000e+00, 0.0000e+00, 
 2DIAGNOSTIC,    29, -3.607816492837e-01, 1.190597145921e-06, 0.0000e+00, 0.0000e+00, 
DIAGNOSTIC,Iteration,metricValue,convergenceValue,ITERATION_TIME_INDEX,SINCE_LAST
 2DIAGNOSTIC,     1, -3.316677953916e-01, 1.797693134862e+308, 0.0000e+00, 0.0000e+00, 
 2DIAGNOSTIC,     2, -3.317229191540e-01, 1.797693134862e+308, 0.0000e+00, 0.0000e+00, 
 2DIAGNOSTIC,     3, -3.317764388006e-01, 1.797693134862e+308, 0.0000e+00, 0.0000e+00, 
 2DIAGNOSTIC,     4, -3.317824970954e-01, 1.797693134862e+308, 0.0000e+00, 0.0000e+00, 
 2DIAGNOSTIC,     5, -3.317834042276e-01, 1.797693134862e+308, 0.0000e+00, 0.0000e+00, 
 2DIAGNOSTIC,     6, -3.317837771609e-01, 1.797693134862e+308, 0.0000e+00, 0.0000e+00, 
 2DIAGNOSTIC,     7, -3.317861965116e-01, 1.797693134862e+308, 0.0000e+00, 0.0000e+00, 
 2DIAGNOSTIC,     8, -3.317861685059e-01, 1.797693134862e+308, 0.0000e+00, 0.0000e+00, 
 2DIAGNOSTIC,     9, -3.317860358309e-01, 1.797693134862e+308, 0.0000e+00, 0.0000e+00, 
 2DIAGNOSTIC,    10, -3.317860496295e-01, 1.877707501996e-05, 0.0000e+00, 0.0000e+00, 
 2DIAGNOSTIC,    11, -3.317860175226e-01, 8.788504067478e-06, 0.0000e+00, 0.0000e+00, 
 2DIAGNOSTIC,    12, -3.317860287914e-01, 3.765966057723e-06, 0.0000e+00, 0.0000e+00, 
 2DIAGNOSTIC,    13, -3.317859876244e-01, 2.928908122937e-06, 0.0000e+00, 0.0000e+00, 
 2DIAGNOSTIC,    14, -3.317859329996e-01, 2.536590738178e-06, 0.0000e+00, 0.0000e+00, 
 2DIAGNOSTIC,    15, -3.317859632758e-01, 2.227368432570e-06, 0.0000e+00, 0.0000e+00, 
 2DIAGNOSTIC,    16, -3.317859641220e-01, 1.963336922303e-06, 0.0000e+00, 0.0000e+00, 
 2DIAGNOSTIC,    17, -3.317859030497e-01, 1.851670230188e-06, 0.0000e+00, 0.0000e+00, 
 2DIAGNOSTIC,    18, -3.317859026531e-01, 1.753396566058e-06, 0.0000e+00, 0.0000e+00, 
 2DIAGNOSTIC,    19, -3.317858998082e-01, 1.660834120933e-06, 0.0000e+00, 0.0000e+00, 
 2DIAGNOSTIC,    20, -3.317859001506e-01, 1.579540832727e-06, 0.0000e+00, 0.0000e+00, 
 2DIAGNOSTIC,    21, -3.317859223748e-01, 1.506730311455e-06, 0.0000e+00, 0.0000e+00, 
 2DIAGNOSTIC,    22, -3.317859243680e-01, 1.442040018750e-06, 0.0000e+00, 0.0000e+00, 
 2DIAGNOSTIC,    23, -3.317859243003e-01, 1.382064409312e-06, 0.0000e+00, 0.0000e+00, 
 2DIAGNOSTIC,    24, -3.317859244592e-01, 1.325349996646e-06, 0.0000e+00, 0.0000e+00, 
 2DIAGNOSTIC,    25, -3.317859245332e-01, 1.274350215914e-06, 0.0000e+00, 0.0000e+00, 
 2DIAGNOSTIC,    26, -3.317859244220e-01, 1.227310687288e-06, 0.0000e+00, 0.0000e+00, 
 2DIAGNOSTIC,    27, -3.317859241386e-01, 1.181589601496e-06, 0.0000e+00, 0.0000e+00, 
 2DIAGNOSTIC,    28, -3.317859238208e-01, 1.138943509310e-06, 0.0000e+00, 0.0000e+00, 
 2DIAGNOSTIC,    29, -3.317859239485e-01, 1.099032568466e-06, 0.0000e+00, 0.0000e+00, 
 2DIAGNOSTIC,    30, -3.317859240890e-01, 1.061708526720e-06, 0.0000e+00, 0.0000e+00, 
 2DIAGNOSTIC,    31, -3.317859240398e-01, 1.027401349454e-06, 0.0000e+00, 0.0000e+00, 
  Elapsed time (stage 0): 0.0000e+00


Total elapsed time: 0.0000e+00
Info [verificarlo]: loaded backend libinterflop_vprec.so
Info [interflop-vprec]: load backend with: 
Info [interflop-vprec]: precision-binary32 = 21
Info [interflop-vprec]: range-binary32 = 8
Info [interflop-vprec]: precision-binary64 = 21
Info [interflop-vprec]: range-binary64 = 8
Info [interflop-vprec]: mode = ob
Info [interflop-vprec]: error-mode = rel
Info [interflop-vprec]: max-abs-error-exponent = -1022
Info [interflop-vprec]: daz = false
Info [interflop-vprec]: ftz = false
Info [interflop-vprec]: 	instrument = none
Info [interflop-vprec]: 	prec-input-file = (null)
Info [interflop-vprec]: 	prec-output-file = (null)
Info [interflop-vprec]: 	prec-log-file = (null)
All_Command_lines_OK
Using double precision for computations.
=============================================================================
The composite transform comprises the following transforms (in order): 
  1. /home/mdugre/scratch/mri-registration-rp/datasets/ds004513/derivatives/mri-registration-rp/1111/antsRegistration-r8-p21/sub-s020/rigid_Composite.h5[0] (type = Euler3DTransform)
  2. /home/mdugre/scratch/mri-registration-rp/datasets/ds004513/derivatives/mri-registration-rp/1111/antsRegistration-r8-p21/sub-s020/rigid_Composite.h5[1] (type = Euler3DTransform)
  3. /home/mdugre/scratch/mri-registration-rp/datasets/ds004513/derivatives/mri-registration-rp/1111/antsRegistration-r8-p21/sub-s020/rigid_Composite.h5[2] (type = Euler3DTransform)
=============================================================================
  number of levels = 4
  fixed image: /templateflow/tpl-MNI152NLin2009cAsym/tpl-MNI152NLin2009cAsym_res-01_desc-brain_T1w.nii.gz
  moving image: /home/mdugre/scratch/mri-registration-rp/datasets/ds004513/derivatives/mri-registration-rp/antsBrainExtraction/sub-s020/BrainExtractionBrain.nii.gz
Dimension = 3
Number of stages = 1
Use histogram matching = false
Winsorize image intensities = true
  Lower quantile = 0.005
  Upper quantile = 0.995


Stage 1 State
   Image metric = MattesMI
     Fixed image = Image (0x5269490)
  RTTI typeinfo:   itk::Image<double, 3u>
  Reference Count: 2
  Modified Time: 1594
  Debug: Off
  Object Name: 
  Observers: 
    none
  Source: (none)
  Source output name: (none)
  Release Data: Off
  Data Released: False
  Global Release Data: Off
  PipelineMTime: 0
  UpdateMTime: 1203
  RealTimeStamp: 0 seconds 
  LargestPossibleRegion: 
    Dimension: 3
    Index: [0, 0, 0]
    Size: [193, 229, 193]
  BufferedRegion: 
    Dimension: 3
    Index: [0, 0, 0]
    Size: [193, 229, 193]
  RequestedRegion: 
    Dimension: 3
    Index: [0, 0, 0]
    Size: [193, 229, 193]
  Spacing: [1, 1, 1]
  Origin: [96, 132, -78]
  Direction: 
-1 0 0
0 -1 0
0 0 1

  IndexToPointMatrix: 
-1 0 0
0 -1 0
0 0 1

  PointToIndexMatrix: 
-1 0 0
0 -1 0
0 0 1

  Inverse Direction: 
-1 0 0
0 -1 0
0 0 1

  PixelContainer: 
    ImportImageContainer (0x533e970)
      RTTI typeinfo:   itk::ImportImageContainer<unsigned long, double>
      Reference Count: 1
      Modified Time: 1200
      Debug: Off
      Object Name: 
      Observers: 
        none
      Pointer: 0x14cbbd246010
      Container manages memory: true
      Size: 8530021
      Capacity: 8530021

     Moving image = Image (0x5324cd0)
  RTTI typeinfo:   itk::Image<double, 3u>
  Reference Count: 2
  Modified Time: 1595
  Debug: Off
  Object Name: 
  Observers: 
    none
  Source: (none)
  Source output name: (none)
  Release Data: Off
  Data Released: False
  Global Release Data: Off
  PipelineMTime: 0
  UpdateMTime: 1592
  RealTimeStamp: 0 seconds 
  LargestPossibleRegion: 
    Dimension: 3
    Index: [0, 0, 0]
    Size: [160, 240, 256]
  BufferedRegion: 
    Dimension: 3
    Index: [0, 0, 0]
    Size: [160, 240, 256]
  RequestedRegion: 
    Dimension: 3
    Index: [0, 0, 0]
    Size: [160, 240, 256]
  Spacing: [0.999995, 1, 1]
  Origin: [87.0906, 98.7205, -152.377]
  Direction: 
-0.996975 0.0261379 -0.0731913
-0.0260677 -0.999658 -0.00191374
-0.0732163 -2.46403e-08 0.997316

  IndexToPointMatrix: 
-0.996971 0.0261379 -0.0731913
-0.0260676 -0.999658 -0.00191374
-0.0732159 -2.46403e-08 0.997316

  PointToIndexMatrix: 
-0.99698 -0.0260679 -0.0732166
0.0261379 -0.999658 -2.53785e-08
-0.0731913 -0.00191374 0.997316

  Inverse Direction: 
-0.996975 -0.0260677 -0.0732163
0.0261379 -0.999658 -2.53785e-08
-0.0731913 -0.00191374 0.997316

  PixelContainer: 
    ImportImageContainer (0x5319b80)
      RTTI typeinfo:   itk::ImportImageContainer<unsigned long, double>
      Reference Count: 1
      Modified Time: 1589
      Debug: Off
      Object Name: 
      Observers: 
        none
      Pointer: 0x14cbb8745010
      Container manages memory: true
      Size: 9830400
      Capacity: 9830400

     Weighting = 1
     Sampling strategy = regular
     Number of bins = 32
     Radius = 4
     Sampling percentage  = 0.25
   Transform = Affine
     Gradient step = 0.1
     Update field sigma (voxel space) = 0
     Total field sigma (voxel space) = 0
     Update field time sigma = 0
     Total field time sigma  = 0
     Number of time indices = 0
     Number of time point samples = 0
Registration using 1 total stages.

Stage 0
  iterations = 1000x500x250x100
  convergence threshold = 1e-06
  convergence window size = 10
  number of levels = 4
  using the Mattes MI metric (number of bins = 32, weight = 1, use gradient filter = 0)
  preprocessing:  winsorizing the image intensities
  Shrink factors (level 1 out of 4): [8, 8, 8]
  Shrink factors (level 2 out of 4): [4, 4, 4]
  Shrink factors (level 3 out of 4): [2, 2, 2]
  Shrink factors (level 4 out of 4): [1, 1, 1]
  smoothing sigmas per level: [3, 2, 1, 0]
  regular sampling (percentage = 0.25)

*** Running AffineTransform registration ***

DIAGNOSTIC,Iteration,metricValue,convergenceValue,ITERATION_TIME_INDEX,SINCE_LAST
 2DIAGNOSTIC,     1, -5.021818098393e-01, 1.797693134862e+308, 0.0000e+00, 0.0000e+00, 
 2DIAGNOSTIC,     2, -5.044793325172e-01, 1.797693134862e+308, 0.0000e+00, 0.0000e+00, 
 2DIAGNOSTIC,     3, -5.089037794984e-01, 1.797693134862e+308, 0.0000e+00, 0.0000e+00, 
 2DIAGNOSTIC,     4, -5.144823899725e-01, 1.797693134862e+308, 0.0000e+00, 0.0000e+00, 
 2DIAGNOSTIC,     5, -5.220793420066e-01, 1.797693134862e+308, 0.0000e+00, 0.0000e+00, 
 2DIAGNOSTIC,     6, -5.343580218340e-01, 1.797693134862e+308, 0.0000e+00, 0.0000e+00, 
 2DIAGNOSTIC,     7, -5.559035955374e-01, 1.797693134862e+308, 0.0000e+00, 0.0000e+00, 
 2DIAGNOSTIC,     8, -6.058594298377e-01, 1.797693134862e+308, 0.0000e+00, 0.0000e+00, 
 2DIAGNOSTIC,     9, -6.584504281646e-01, 1.797693134862e+308, 0.0000e+00, 0.0000e+00, 
 2DIAGNOSTIC,    10, -6.635351264363e-01, 1.966245396894e-02, 0.0000e+00, 0.0000e+00, 
 2DIAGNOSTIC,    11, -6.865378513579e-01, 2.093912628563e-02, 0.0000e+00, 0.0000e+00, 
 2DIAGNOSTIC,    12, -7.168775825252e-01, 2.134940830831e-02, 0.0000e+00, 0.0000e+00, 
 2DIAGNOSTIC,    13, -7.395147444159e-01, 2.067370167067e-02, 0.0000e+00, 0.0000e+00, 
 2DIAGNOSTIC,    14, -7.617845208044e-01, 1.913294744164e-02, 0.0000e+00, 0.0000e+00, 
 2DIAGNOSTIC,    15, -7.738189264316e-01, 1.672652696905e-02, 0.0000e+00, 0.0000e+00, 
 2DIAGNOSTIC,    16, -7.861085507523e-01, 1.387919820333e-02, 0.0000e+00, 0.0000e+00, 
 2DIAGNOSTIC,    17, -8.048053832445e-01, 1.119177740255e-02, 0.0000e+00, 0.0000e+00, 
 2DIAGNOSTIC,    18, -8.150718297602e-01, 9.273699050017e-03, 0.0000e+00, 0.0000e+00, 
 2DIAGNOSTIC,    19, -8.179081756223e-01, 8.025962276551e-03, 0.0000e+00, 0.0000e+00, 
 2DIAGNOSTIC,    20, -8.250386277125e-01, 6.454899616594e-03, 0.0000e+00, 0.0000e+00, 
 2DIAGNOSTIC,    21, -8.318206244469e-01, 5.058781252897e-03, 0.0000e+00, 0.0000e+00, 
 2DIAGNOSTIC,    22, -8.337833472487e-01, 3.951590462543e-03, 0.0000e+00, 0.0000e+00, 
 2DIAGNOSTIC,    23, -8.368929759596e-01, 3.050635925153e-03, 0.0000e+00, 0.0000e+00, 
 2DIAGNOSTIC,    24, -8.408688052241e-01, 2.405547085917e-03, 0.0000e+00, 0.0000e+00, 
 2DIAGNOSTIC,    25, -8.421732186889e-01, 1.812794860850e-03, 0.0000e+00, 0.0000e+00, 
 2DIAGNOSTIC,    26, -8.458136593712e-01, 1.345255004878e-03, 0.0000e+00, 0.0000e+00, 
 2DIAGNOSTIC,    27, -8.506295693913e-01, 1.138009114518e-03, 0.0000e+00, 0.0000e+00, 
 2DIAGNOSTIC,    28, -8.504851279742e-01, 9.850818928218e-04, 0.0000e+00, 0.0000e+00, 
 2DIAGNOSTIC,    29, -8.506648631665e-01, 7.926330118279e-04, 0.0000e+00, 0.0000e+00, 
 2DIAGNOSTIC,    30, -8.505826514952e-01, 6.317600717217e-04, 0.0000e+00, 0.0000e+00, 
 2DIAGNOSTIC,    31, -8.504886348040e-01, 5.073745131565e-04, 0.0000e+00, 0.0000e+00, 
 2DIAGNOSTIC,    32, -8.503716463873e-01, 3.653617976842e-04, 0.0000e+00, 0.0000e+00, 
 2DIAGNOSTIC,    33, -8.501310922529e-01, 2.318643785514e-04, 0.0000e+00, 0.0000e+00, 
 2DIAGNOSTIC,    34, -8.500379617478e-01, 1.304804788390e-04, 0.0000e+00, 0.0000e+00, 
 2DIAGNOSTIC,    35, -8.499618769822e-01, 3.637865467555e-05, 0.0000e+00, 0.0000e+00, 
DIAGNOSTIC,Iteration,metricValue,convergenceValue,ITERATION_TIME_INDEX,SINCE_LAST
 2DIAGNOSTIC,     1, -7.126663250063e-01, 1.797693134862e+308, 0.0000e+00, 0.0000e+00, 
 2DIAGNOSTIC,     2, -7.133704401604e-01, 1.797693134862e+308, 0.0000e+00, 0.0000e+00, 
 2DIAGNOSTIC,     3, -7.140813195455e-01, 1.797693134862e+308, 0.0000e+00, 0.0000e+00, 
 2DIAGNOSTIC,     4, -7.145952505845e-01, 1.797693134862e+308, 0.0000e+00, 0.0000e+00, 
 2DIAGNOSTIC,     5, -7.154119969155e-01, 1.797693134862e+308, 0.0000e+00, 0.0000e+00, 
 2DIAGNOSTIC,     6, -7.160822336210e-01, 1.797693134862e+308, 0.0000e+00, 0.0000e+00, 
 2DIAGNOSTIC,     7, -7.163412531096e-01, 1.797693134862e+308, 0.0000e+00, 0.0000e+00, 
 2DIAGNOSTIC,     8, -7.162601210108e-01, 1.797693134862e+308, 0.0000e+00, 0.0000e+00, 
 2DIAGNOSTIC,     9, -7.162785696196e-01, 1.797693134862e+308, 0.0000e+00, 0.0000e+00, 
 2DIAGNOSTIC,    10, -7.162466984622e-01, 3.440361477799e-04, 0.0000e+00, 0.0000e+00, 
 2DIAGNOSTIC,    11, -7.162784111167e-01, 2.348253583149e-04, 0.0000e+00, 0.0000e+00, 
 2DIAGNOSTIC,    12, -7.163026883393e-01, 1.468847097331e-04, 0.0000e+00, 0.0000e+00, 
 2DIAGNOSTIC,    13, -7.163020463286e-01, 8.134305838076e-05, 0.0000e+00, 0.0000e+00, 
 2DIAGNOSTIC,    14, -7.162953569341e-01, 3.211448536579e-05, 0.0000e+00, 0.0000e+00, 
 2DIAGNOSTIC,    15, -7.163036762902e-01, 8.144478694766e-06, 0.0000e+00, 0.0000e+00, 
 2DIAGNOSTIC,    16, -7.162827140247e-01, 2.517409199446e-06, 0.0000e+00, 0.0000e+00, 
 2DIAGNOSTIC,    17, -7.162755977608e-01, 3.438610313912e-06, 0.0000e+00, 0.0000e+00, 
 2DIAGNOSTIC,    18, -7.162938365772e-01, 2.717255227866e-06, 0.0000e+00, 0.0000e+00, 
 2DIAGNOSTIC,    19, -7.162844123499e-01, 2.190138586176e-06, 0.0000e+00, 0.0000e+00, 
DIAGNOSTIC,Iteration,metricValue,convergenceValue,ITERATION_TIME_INDEX,SINCE_LAST
 2DIAGNOSTIC,     1, -5.954265010535e-01, 1.797693134862e+308, 0.0000e+00, 0.0000e+00, 
 2DIAGNOSTIC,     2, -5.959112456515e-01, 1.797693134862e+308, 0.0000e+00, 0.0000e+00, 
 2DIAGNOSTIC,     3, -5.963157656569e-01, 1.797693134862e+308, 0.0000e+00, 0.0000e+00, 
 2DIAGNOSTIC,     4, -5.966488482180e-01, 1.797693134862e+308, 0.0000e+00, 0.0000e+00, 
 2DIAGNOSTIC,     5, -5.969600966501e-01, 1.797693134862e+308, 0.0000e+00, 0.0000e+00, 
 2DIAGNOSTIC,     6, -5.972881111348e-01, 1.797693134862e+308, 0.0000e+00, 0.0000e+00, 
 2DIAGNOSTIC,     7, -5.972809511278e-01, 1.797693134862e+308, 0.0000e+00, 0.0000e+00, 
 2DIAGNOSTIC,     8, -5.972833350866e-01, 1.797693134862e+308, 0.0000e+00, 0.0000e+00, 
 2DIAGNOSTIC,     9, -5.972811685459e-01, 1.797693134862e+308, 0.0000e+00, 0.0000e+00, 
 2DIAGNOSTIC,    10, -5.972777584897e-01, 1.973368325802e-04, 0.0000e+00, 0.0000e+00, 
 2DIAGNOSTIC,    11, -5.972787586167e-01, 1.241830781803e-04, 5.1200e+02, 5.1200e+02, 
 2DIAGNOSTIC,    12, -5.972765002373e-01, 7.135383545302e-05, 5.1200e+02, 0.0000e+00, 
 2DIAGNOSTIC,    13, -5.972748260595e-01, 3.519436932702e-05, 5.1200e+02, 0.0000e+00, 
 2DIAGNOSTIC,    14, -5.972746606822e-01, 1.238179327734e-05, 5.1200e+02, 0.0000e+00, 
