
##########################
# Experiment information #
##########################

EXPERIMENT_NAME: antsRegistration-r7-p20
VFC_BACKENDS: libinterflop_vprec.so --range-binary32=7 --precision-binary32=20 --range-binary64=7 --precision-binary64=20

SIF_IMG: /home/mdugre/projects/rrg-glatard/mdugre/containers/ants-vprec-no_metrics.simg

SUBJECT_ID: s003
INPUT_IMG: /home/mdugre/scratch/mri-registration-rp/datasets/ds004513/derivatives/mri-registration-rp/antsBrainExtraction/sub-s003/BrainExtractionBrain.nii.gz
OUTPUT_DIR: /home/mdugre/scratch/mri-registration-rp/datasets/ds004513/derivatives/mri-registration-rp/1111/antsRegistration-r7-p20/sub-s003

FIXED_IMG: /templateflow/tpl-MNI152NLin2009cAsym/tpl-MNI152NLin2009cAsym_res-01_desc-brain_T1w.nii.gz
DATA_DIR: /home/mdugre/scratch/mri-registration-rp/datasets/ds004513
TEMPLATEFLOW_DIR: /home/mdugre/projects/rrg-glatard/mdugre/templateflow
ITK_GLOBAL_DEFAULT_NUMBER_OF_THREADS: 16
##########################

Info [verificarlo]: loaded backend libinterflop_vprec.so
Info [interflop-vprec]: load backend with: 
Info [interflop-vprec]: precision-binary32 = 20
Info [interflop-vprec]: range-binary32 = 7
Info [interflop-vprec]: precision-binary64 = 20
Info [interflop-vprec]: range-binary64 = 7
Info [interflop-vprec]: mode = ob
Info [interflop-vprec]: error-mode = rel
Info [interflop-vprec]: max-abs-error-exponent = -1022
Info [interflop-vprec]: daz = false
Info [interflop-vprec]: ftz = false
Info [interflop-vprec]: 	instrument = none
Info [interflop-vprec]: 	prec-input-file = (null)
Info [interflop-vprec]: 	prec-output-file = (null)
Info [interflop-vprec]: 	prec-log-file = (null)
All_Command_lines_OK
Using double precision for computations.
=============================================================================
The composite transform comprises the following transforms (in order): 
  1. Center of mass alignment using fixed image: /templateflow/tpl-MNI152NLin2009cAsym/tpl-MNI152NLin2009cAsym_res-01_desc-brain_T1w.nii.gz and moving image: /home/mdugre/scratch/mri-registration-rp/datasets/ds004513/derivatives/mri-registration-rp/antsBrainExtraction/sub-s003/BrainExtractionBrain.nii.gz (type = Euler3DTransform)
=============================================================================
  number of levels = 1
  fixed image: /templateflow/tpl-MNI152NLin2009cAsym/tpl-MNI152NLin2009cAsym_res-01_desc-brain_T1w.nii.gz
  moving image: /home/mdugre/scratch/mri-registration-rp/datasets/ds004513/derivatives/mri-registration-rp/antsBrainExtraction/sub-s003/BrainExtractionBrain.nii.gz
Dimension = 3
Number of stages = 1
Use histogram matching = false
Winsorize image intensities = true
  Lower quantile = 0.005
  Upper quantile = 0.995


Stage 1 State
   Image metric = MattesMI
     Fixed image = Image (0x5201b20)
  RTTI typeinfo:   itk::Image<double, 3u>
  Reference Count: 2
  Modified Time: 2334
  Debug: Off
  Object Name: 
  Observers: 
    none
  Source: (none)
  Source output name: (none)
  Release Data: Off
  Data Released: False
  Global Release Data: Off
  PipelineMTime: 0
  UpdateMTime: 1943
  RealTimeStamp: 0 seconds 
  LargestPossibleRegion: 
    Dimension: 3
    Index: [0, 0, 0]
    Size: [193, 229, 193]
  BufferedRegion: 
    Dimension: 3
    Index: [0, 0, 0]
    Size: [193, 229, 193]
  RequestedRegion: 
    Dimension: 3
    Index: [0, 0, 0]
    Size: [193, 229, 193]
  Spacing: [1, 1, 1]
  Origin: [96, 132, -78]
  Direction: 
-1 0 0
0 -1 0
0 0 1

  IndexToPointMatrix: 
-1 0 0
0 -1 0
0 0 1

  PointToIndexMatrix: 
-1 0 0
0 -1 0
0 0 1

  Inverse Direction: 
-1 0 0
0 -1 0
0 0 1

  PixelContainer: 
    ImportImageContainer (0x532d650)
      RTTI typeinfo:   itk::ImportImageContainer<unsigned long, double>
      Reference Count: 1
      Modified Time: 1940
      Debug: Off
      Object Name: 
      Observers: 
        none
      Pointer: 0x148e47a61010
      Container manages memory: true
      Size: 8530021
      Capacity: 8530021

     Moving image = Image (0x520a3b0)
  RTTI typeinfo:   itk::Image<double, 3u>
  Reference Count: 2
  Modified Time: 2335
  Debug: Off
  Object Name: 
  Observers: 
    none
  Source: (none)
  Source output name: (none)
  Release Data: Off
  Data Released: False
  Global Release Data: Off
  PipelineMTime: 0
  UpdateMTime: 2332
  RealTimeStamp: 0 seconds 
  LargestPossibleRegion: 
    Dimension: 3
    Index: [0, 0, 0]
    Size: [176, 240, 256]
  BufferedRegion: 
    Dimension: 3
    Index: [0, 0, 0]
    Size: [176, 240, 256]
  RequestedRegion: 
    Dimension: 3
    Index: [0, 0, 0]
    Size: [176, 240, 256]
  Spacing: [0.999999, 1, 1]
  Origin: [93.3499, 86.9368, -128.957]
  Direction: 
-0.999513 -0.0279216 -0.0139567
0.0279189 -0.99961 0.000389866
-0.0139622 2.01492e-08 0.999903

  IndexToPointMatrix: 
-0.999512 -0.0279216 -0.0139567
0.0279189 -0.99961 0.000389866
-0.0139621 2.01492e-08 0.999903

  PointToIndexMatrix: 
-0.999514 0.0279189 -0.0139622
-0.0279216 -0.999611 4.76837e-07
-0.0139567 0.000389576 0.999903

  Inverse Direction: 
-0.999513 0.0279189 -0.0139622
-0.0279216 -0.999611 4.76837e-07
-0.0139567 0.000389576 0.999903

  PixelContainer: 
    ImportImageContainer (0x5321fd0)
      RTTI typeinfo:   itk::ImportImageContainer<unsigned long, double>
      Reference Count: 1
      Modified Time: 2329
      Debug: Off
      Object Name: 
      Observers: 
        none
      Pointer: 0x148e427e0010
      Container manages memory: true
      Size: 10813440
      Capacity: 10813440

     Weighting = 1
     Sampling strategy = regular
     Number of bins = 32
     Radius = 4
     Sampling percentage  = 0.25
   Transform = Rigid
     Gradient step = 0.1
     Update field sigma (voxel space) = 0
     Total field sigma (voxel space) = 0
     Update field time sigma = 0
     Total field time sigma  = 0
     Number of time indices = 0
     Number of time point samples = 0
Registration using 1 total stages.

Stage 0
  iterations = 0
  convergence threshold = 1e-06
  convergence window size = 10
  number of levels = 1
  using the Mattes MI metric (number of bins = 32, weight = 1, use gradient filter = 0)
  preprocessing:  winsorizing the image intensities
  Shrink factors (level 1 out of 1): [1, 1, 1]
  smoothing sigmas per level: [0]
  regular sampling (percentage = 0.25)

*** Running Euler3DTransform registration ***

  Elapsed time (stage 0): 0


Total elapsed time: 0
Info [verificarlo]: loaded backend libinterflop_vprec.so
Info [interflop-vprec]: load backend with: 
Info [interflop-vprec]: precision-binary32 = 20
Info [interflop-vprec]: range-binary32 = 7
Info [interflop-vprec]: precision-binary64 = 20
Info [interflop-vprec]: range-binary64 = 7
Info [interflop-vprec]: mode = ob
Info [interflop-vprec]: error-mode = rel
Info [interflop-vprec]: max-abs-error-exponent = -1022
Info [interflop-vprec]: daz = false
Info [interflop-vprec]: ftz = false
Info [interflop-vprec]: 	instrument = none
Info [interflop-vprec]: 	prec-input-file = (null)
Info [interflop-vprec]: 	prec-output-file = (null)
Info [interflop-vprec]: 	prec-log-file = (null)
All_Command_lines_OK
Using double precision for computations.
=============================================================================
The composite transform comprises the following transforms (in order): 
  1. /home/mdugre/scratch/mri-registration-rp/datasets/ds004513/derivatives/mri-registration-rp/1111/antsRegistration-r7-p20/sub-s003/align_Composite.h5[0] (type = Euler3DTransform)
  2. /home/mdugre/scratch/mri-registration-rp/datasets/ds004513/derivatives/mri-registration-rp/1111/antsRegistration-r7-p20/sub-s003/align_Composite.h5[1] (type = Euler3DTransform)
=============================================================================
  number of levels = 4
  fixed image: /templateflow/tpl-MNI152NLin2009cAsym/tpl-MNI152NLin2009cAsym_res-01_desc-brain_T1w.nii.gz
  moving image: /home/mdugre/scratch/mri-registration-rp/datasets/ds004513/derivatives/mri-registration-rp/antsBrainExtraction/sub-s003/BrainExtractionBrain.nii.gz
Dimension = 3
Number of stages = 1
Use histogram matching = false
Winsorize image intensities = true
  Lower quantile = 0.005
  Upper quantile = 0.995


Stage 1 State
   Image metric = MattesMI
     Fixed image = Image (0x380d1e0)
  RTTI typeinfo:   itk::Image<double, 3u>
  Reference Count: 2
  Modified Time: 1580
  Debug: Off
  Object Name: 
  Observers: 
    none
  Source: (none)
  Source output name: (none)
  Release Data: Off
  Data Released: False
  Global Release Data: Off
  PipelineMTime: 0
  UpdateMTime: 1189
  RealTimeStamp: 0 seconds 
  LargestPossibleRegion: 
    Dimension: 3
    Index: [0, 0, 0]
    Size: [193, 229, 193]
  BufferedRegion: 
    Dimension: 3
    Index: [0, 0, 0]
    Size: [193, 229, 193]
  RequestedRegion: 
    Dimension: 3
    Index: [0, 0, 0]
    Size: [193, 229, 193]
  Spacing: [1, 1, 1]
  Origin: [96, 132, -78]
  Direction: 
-1 0 0
0 -1 0
0 0 1

  IndexToPointMatrix: 
-1 0 0
0 -1 0
0 0 1

  PointToIndexMatrix: 
-1 0 0
0 -1 0
0 0 1

  Inverse Direction: 
-1 0 0
0 -1 0
0 0 1

  PixelContainer: 
    ImportImageContainer (0x38cc6f0)
      RTTI typeinfo:   itk::ImportImageContainer<unsigned long, double>
      Reference Count: 1
      Modified Time: 1186
      Debug: Off
      Object Name: 
      Observers: 
        none
      Pointer: 0x14961fe1f010
      Container manages memory: true
      Size: 8530021
      Capacity: 8530021

     Moving image = Image (0x38c8c90)
  RTTI typeinfo:   itk::Image<double, 3u>
  Reference Count: 2
  Modified Time: 1581
  Debug: Off
  Object Name: 
  Observers: 
    none
  Source: (none)
  Source output name: (none)
  Release Data: Off
  Data Released: False
  Global Release Data: Off
  PipelineMTime: 0
  UpdateMTime: 1578
  RealTimeStamp: 0 seconds 
  LargestPossibleRegion: 
    Dimension: 3
    Index: [0, 0, 0]
    Size: [176, 240, 256]
  BufferedRegion: 
    Dimension: 3
    Index: [0, 0, 0]
    Size: [176, 240, 256]
  RequestedRegion: 
    Dimension: 3
    Index: [0, 0, 0]
    Size: [176, 240, 256]
  Spacing: [0.999999, 1, 1]
  Origin: [93.3499, 86.9368, -128.957]
  Direction: 
-0.999513 -0.0279216 -0.0139567
0.0279189 -0.99961 0.000389866
-0.0139622 2.01492e-08 0.999903

  IndexToPointMatrix: 
-0.999512 -0.0279216 -0.0139567
0.0279189 -0.99961 0.000389866
-0.0139621 2.01492e-08 0.999903

  PointToIndexMatrix: 
-0.999514 0.0279189 -0.0139622
-0.0279216 -0.999611 4.76837e-07
-0.0139567 0.000389576 0.999903

  Inverse Direction: 
-0.999513 0.0279189 -0.0139622
-0.0279216 -0.999611 4.76837e-07
-0.0139567 0.000389576 0.999903

  PixelContainer: 
    ImportImageContainer (0x388b010)
      RTTI typeinfo:   itk::ImportImageContainer<unsigned long, double>
      Reference Count: 1
      Modified Time: 1575
      Debug: Off
      Object Name: 
      Observers: 
        none
      Pointer: 0x14961ab9e010
      Container manages memory: true
      Size: 10813440
      Capacity: 10813440

     Weighting = 1
     Sampling strategy = regular
     Number of bins = 32
     Radius = 4
     Sampling percentage  = 0.25
   Transform = Rigid
     Gradient step = 0.1
     Update field sigma (voxel space) = 0
     Total field sigma (voxel space) = 0
     Update field time sigma = 0
     Total field time sigma  = 0
     Number of time indices = 0
     Number of time point samples = 0
Registration using 1 total stages.

Stage 0
  iterations = 1000x500x250x100
  convergence threshold = 1e-06
  convergence window size = 10
  number of levels = 4
  using the Mattes MI metric (number of bins = 32, weight = 1, use gradient filter = 0)
  preprocessing:  winsorizing the image intensities
  Shrink factors (level 1 out of 4): [8, 8, 8]
  Shrink factors (level 2 out of 4): [4, 4, 4]
  Shrink factors (level 3 out of 4): [2, 2, 2]
  Shrink factors (level 4 out of 4): [1, 1, 1]
  smoothing sigmas per level: [3, 2, 1, 0]
  regular sampling (percentage = 0.25)

*** Running Euler3DTransform registration ***

DIAGNOSTIC,Iteration,metricValue,convergenceValue,ITERATION_TIME_INDEX,SINCE_LAST
 2DIAGNOSTIC,     1, -4.816522773444e-01, 1.797693134862e+308, 0.0000e+00, 0.0000e+00, 
 2DIAGNOSTIC,     2, -4.829423543203e-01, 1.797693134862e+308, 0.0000e+00, 0.0000e+00, 
 2DIAGNOSTIC,     3, -4.850418776250e-01, 1.797693134862e+308, 0.0000e+00, 0.0000e+00, 
 2DIAGNOSTIC,     4, -4.891895017430e-01, 1.797693134862e+308, 0.0000e+00, 0.0000e+00, 
 2DIAGNOSTIC,     5, -4.966424408531e-01, 1.797693134862e+308, 0.0000e+00, 0.0000e+00, 
 2DIAGNOSTIC,     6, -5.178476164104e-01, 1.797693134862e+308, 0.0000e+00, 0.0000e+00, 
 2DIAGNOSTIC,     7, -5.336190038512e-01, 1.797693134862e+308, 0.0000e+00, 0.0000e+00, 
 2DIAGNOSTIC,     8, -5.483705044262e-01, 1.797693134862e+308, 0.0000e+00, 0.0000e+00, 
 2DIAGNOSTIC,     9, -5.602247451823e-01, 1.797693134862e+308, 0.0000e+00, 0.0000e+00, 
 2DIAGNOSTIC,    10, -5.622095715431e-01, 1.194861142452e-02, 0.0000e+00, 0.0000e+00, 
 2DIAGNOSTIC,    11, -5.640876340015e-01, 1.118836197257e-02, 0.0000e+00, 0.0000e+00, 
 2DIAGNOSTIC,    12, -5.641179448831e-01, 9.622586094269e-03, 0.0000e+00, 0.0000e+00, 
 2DIAGNOSTIC,    13, -5.651056190729e-01, 7.578980147110e-03, 0.0000e+00, 0.0000e+00, 
 2DIAGNOSTIC,    14, -5.661024294226e-01, 5.360128981173e-03, 0.0000e+00, 0.0000e+00, 
 2DIAGNOSTIC,    15, -5.664969874380e-01, 3.238354599673e-03, 0.0000e+00, 0.0000e+00, 
 2DIAGNOSTIC,    16, -5.723516855353e-01, 1.996837348561e-03, 0.0000e+00, 0.0000e+00, 
 2DIAGNOSTIC,    17, -5.741787816484e-01, 1.263174175802e-03, 0.0000e+00, 0.0000e+00, 
 2DIAGNOSTIC,    18, -5.760235126707e-01, 9.778913242016e-04, 0.0000e+00, 0.0000e+00, 
 2DIAGNOSTIC,    19, -5.800756171494e-01, 1.073935703262e-03, 0.0000e+00, 0.0000e+00, 
 2DIAGNOSTIC,    20, -5.822120664262e-01, 1.164514599798e-03, 0.0000e+00, 0.0000e+00, 
 2DIAGNOSTIC,    21, -5.865120430613e-01, 1.289237210122e-03, 0.0000e+00, 0.0000e+00, 
 2DIAGNOSTIC,    22, -5.902780558154e-01, 1.368786743951e-03, 0.0000e+00, 0.0000e+00, 
 2DIAGNOSTIC,    23, -5.909682815593e-01, 1.351020984313e-03, 0.0000e+00, 0.0000e+00, 
 2DIAGNOSTIC,    24, -5.928559695431e-01, 1.272710384346e-03, 0.0000e+00, 0.0000e+00, 
 2DIAGNOSTIC,    25, -5.942758574043e-01, 1.115847771607e-03, 0.0000e+00, 0.0000e+00, 
 2DIAGNOSTIC,    26, -5.970382676293e-01, 1.035772127194e-03, 0.0000e+00, 0.0000e+00, 
 2DIAGNOSTIC,    27, -5.977660821414e-01, 9.116447408218e-04, 0.0000e+00, 0.0000e+00, 
 2DIAGNOSTIC,    28, -5.997668822632e-01, 7.809459570622e-04, 0.0000e+00, 0.0000e+00, 
 2DIAGNOSTIC,    29, -6.042861673211e-01, 7.366219958789e-04, 0.0000e+00, 0.0000e+00, 
 2DIAGNOSTIC,    30, -6.049779226904e-01, 6.704680443112e-04, 0.0000e+00, 0.0000e+00, 
 2DIAGNOSTIC,    31, -6.050747720525e-01, 6.164707393867e-04, 0.0000e+00, 0.0000e+00, 
 2DIAGNOSTIC,    32, -6.052717679001e-01, 5.715448158509e-04, 0.0000e+00, 0.0000e+00, 
 2DIAGNOSTIC,    33, -6.053940876352e-01, 4.873409350454e-04, 0.0000e+00, 0.0000e+00, 
 2DIAGNOSTIC,    34, -6.064413217738e-01, 4.044719540998e-04, 0.0000e+00, 0.0000e+00, 
 2DIAGNOSTIC,    35, -6.090127873476e-01, 3.441712469141e-04, 0.0000e+00, 0.0000e+00, 
 2DIAGNOSTIC,    36, -6.132884251045e-01, 3.527232951008e-04, 0.0000e+00, 0.0000e+00, 
 2DIAGNOSTIC,    37, -6.134826706079e-01, 3.388518164791e-04, 0.0000e+00, 0.0000e+00, 
 2DIAGNOSTIC,    38, -6.138378031527e-01, 3.239917900805e-04, 0.0000e+00, 0.0000e+00, 
 2DIAGNOSTIC,    39, -6.136946401271e-01, 3.351954960326e-04, 0.0000e+00, 0.0000e+00, 
 2DIAGNOSTIC,    40, -6.136411465117e-01, 3.212628125423e-04, 0.0000e+00, 0.0000e+00, 
 2DIAGNOSTIC,    41, -6.137808494591e-01, 2.796139622125e-04, 0.0000e+00, 0.0000e+00, 
 2DIAGNOSTIC,    42, -6.139766722588e-01, 2.184009571523e-04, 0.0000e+00, 0.0000e+00, 
 2DIAGNOSTIC,    43, -6.144928942366e-01, 1.474759058727e-04, 0.0000e+00, 0.0000e+00, 
 2DIAGNOSTIC,    44, -6.153318706316e-01, 8.678822341672e-05, 0.0000e+00, 0.0000e+00, 
 2DIAGNOSTIC,    45, -6.156797531958e-01, 5.126939300599e-05, 0.0000e+00, 0.0000e+00, 
 2DIAGNOSTIC,    46, -6.163120844770e-01, 6.499652017261e-05, 0.0000e+00, 0.0000e+00, 
 2DIAGNOSTIC,    47, -6.161287465303e-01, 7.187735375374e-05, 0.0000e+00, 0.0000e+00, 
 2DIAGNOSTIC,    48, -6.161423227292e-01, 7.552933416965e-05, 0.0000e+00, 0.0000e+00, 
 2DIAGNOSTIC,    49, -6.163247193460e-01, 7.222104073555e-05, 0.0000e+00, 0.0000e+00, 
 2DIAGNOSTIC,    50, -6.176967056589e-01, 7.496215110648e-05, 0.0000e+00, 0.0000e+00, 
 2DIAGNOSTIC,    51, -6.180058369219e-01, 7.444462880202e-05, 0.0000e+00, 0.0000e+00, 
 2DIAGNOSTIC,    52, -6.182345319728e-01, 7.097242923250e-05, 0.0000e+00, 0.0000e+00, 
 2DIAGNOSTIC,    53, -6.184325218726e-01, 6.754824088450e-05, 0.0000e+00, 0.0000e+00, 
 2DIAGNOSTIC,    54, -6.186868173137e-01, 6.758398026516e-05, 0.0000e+00, 0.0000e+00, 
 2DIAGNOSTIC,    55, -6.198946043919e-01, 7.452450472646e-05, 0.0000e+00, 0.0000e+00, 
 2DIAGNOSTIC,    56, -6.215013598413e-01, 9.323930749261e-05, 0.0000e+00, 0.0000e+00, 
 2DIAGNOSTIC,    57, -6.215636806916e-01, 1.012606068998e-04, 0.0000e+00, 0.0000e+00, 
 2DIAGNOSTIC,    58, -6.217914200612e-01, 1.017403416717e-04, 0.0000e+00, 0.0000e+00, 
 2DIAGNOSTIC,    59, -6.219897524649e-01, 9.543397157945e-05, 0.0000e+00, 0.0000e+00, 
 2DIAGNOSTIC,    60, -6.226666593205e-01, 9.647678234858e-05, 0.0000e+00, 0.0000e+00, 
 2DIAGNOSTIC,    61, -6.236657738186e-01, 9.825844973428e-05, 0.0000e+00, 0.0000e+00, 
 2DIAGNOSTIC,    62, -6.252365154635e-01, 1.045166742128e-04, 0.0000e+00, 0.0000e+00, 
 2DIAGNOSTIC,    63, -6.337366196557e-01, 1.671033745498e-04, 0.0000e+00, 0.0000e+00, 
 2DIAGNOSTIC,    64, -6.388243981968e-01, 2.499804868479e-04, 0.0000e+00, 0.0000e+00, 
 2DIAGNOSTIC,    65, -6.406596304225e-01, 3.280336499957e-04, 0.0000e+00, 0.0000e+00, 
 2DIAGNOSTIC,    66, -6.408100057517e-01, 3.857105300396e-04, 0.0000e+00, 0.0000e+00, 
 2DIAGNOSTIC,    67, -6.422858883054e-01, 4.157695118947e-04, 0.0000e+00, 0.0000e+00, 
 2DIAGNOSTIC,    68, -6.449380290179e-01, 4.240174648552e-04, 0.0000e+00, 0.0000e+00, 
 2DIAGNOSTIC,    69, -6.463762961421e-01, 4.014336260656e-04, 0.0000e+00, 0.0000e+00, 
 2DIAGNOSTIC,    70, -6.463431462164e-01, 3.459679757025e-04, 0.0000e+00, 0.0000e+00, 
 2DIAGNOSTIC,    71, -6.466125245805e-01, 2.686940202553e-04, 0.0000e+00, 0.0000e+00, 
 2DIAGNOSTIC,    72, -6.465133085268e-01, 1.764996332112e-04, 0.0000e+00, 0.0000e+00, 
 2DIAGNOSTIC,    73, -6.466184775483e-01, 1.250432648227e-04, 0.0000e+00, 0.0000e+00, 
 2DIAGNOSTIC,    74, -6.466640114064e-01, 9.566121641980e-05, 0.0000e+00, 0.0000e+00, 
 2DIAGNOSTIC,    75, -6.468447468186e-01, 7.101970076778e-05, 0.0000e+00, 0.0000e+00, 
 2DIAGNOSTIC,    76, -6.470195632040e-01, 4.234146617228e-05, 0.0000e+00, 0.0000e+00, 
 2DIAGNOSTIC,    77, -6.471040220393e-01, 1.965050604090e-05, 0.0000e+00, 0.0000e+00, 
 2DIAGNOSTIC,    78, -6.481466434712e-01, 1.793117109256e-05, 0.0000e+00, 0.0000e+00, 
 2DIAGNOSTIC,    79, -6.503890990862e-01, 3.644509394188e-05, 0.0000e+00, 0.0000e+00, 
 2DIAGNOSTIC,    80, -6.505661556818e-01, 5.147155906563e-05, 0.0000e+00, 0.0000e+00, 
 2DIAGNOSTIC,    81, -6.507545098743e-01, 6.406909635456e-05, 0.0000e+00, 0.0000e+00, 
 2DIAGNOSTIC,    82, -6.506132327201e-01, 6.896899895286e-05, 0.0000e+00, 0.0000e+00, 
 2DIAGNOSTIC,    83, -6.505994803869e-01, 6.756588928683e-05, 0.0000e+00, 0.0000e+00, 
 2DIAGNOSTIC,    84, -6.505540282481e-01, 5.947780894120e-05, 0.0000e+00, 0.0000e+00, 
 2DIAGNOSTIC,    85, -6.505187859284e-01, 4.669265025163e-05, 0.0000e+00, 0.0000e+00, 
 2DIAGNOSTIC,    86, -6.504910703758e-01, 3.079745185541e-05, 0.0000e+00, 0.0000e+00, 
 2DIAGNOSTIC,    87, -6.505671538646e-01, 1.323102734641e-05, 0.0000e+00, 0.0000e+00, 
 2DIAGNOSTIC,    88, -6.508578387782e-01, 1.629181784943e-06, 0.0000e+00, 0.0000e+00, 
 2DIAGNOSTIC,    89, -6.512203949868e-01, 3.834308350138e-06, 0.0000e+00, 0.0000e+00, 
 2DIAGNOSTIC,    90, -6.515333155178e-01, 8.138460627303e-06, 0.0000e+00, 0.0000e+00, 
 2DIAGNOSTIC,    91, -6.518777857006e-01, 1.434779572284e-05, 0.0000e+00, 0.0000e+00, 
 2DIAGNOSTIC,    92, -6.526273530313e-01, 2.213464042937e-05, 0.0000e+00, 0.0000e+00, 
 2DIAGNOSTIC,    93, -6.526793070072e-01, 2.773745184321e-05, 0.0000e+00, 0.0000e+00, 
 2DIAGNOSTIC,    94, -6.527793045717e-01, 3.086961491221e-05, 0.0000e+00, 0.0000e+00, 
 2DIAGNOSTIC,    95, -6.525585888088e-01, 2.976652904428e-05, 0.0000e+00, 0.0000e+00, 
 2DIAGNOSTIC,    96, -6.526698149825e-01, 2.627679509380e-05, 0.0000e+00, 0.0000e+00, 
 2DIAGNOSTIC,    97, -6.528765379062e-01, 2.163091826676e-05, 0.0000e+00, 0.0000e+00, 
 2DIAGNOSTIC,    98, -6.530450584107e-01, 1.714435618687e-05, 0.0000e+00, 0.0000e+00, 
 2DIAGNOSTIC,    99, -6.532412170900e-01, 1.378015772169e-05, 0.0000e+00, 0.0000e+00, 
 2DIAGNOSTIC,   100, -6.532404716702e-01, 1.065036014875e-05, 0.0000e+00, 0.0000e+00, 
 2DIAGNOSTIC,   101, -6.532193471024e-01, 8.001802325953e-06, 0.0000e+00, 0.0000e+00, 
 2DIAGNOSTIC,   102, -6.531644038297e-01, 7.805001380975e-06, 0.0000e+00, 0.0000e+00, 
 2DIAGNOSTIC,   103, -6.532644452243e-01, 7.542596084393e-06, 0.0000e+00, 0.0000e+00, 
 2DIAGNOSTIC,   104, -6.534864022140e-01, 8.035940451383e-06, 0.0000e+00, 0.0000e+00, 
 2DIAGNOSTIC,   105, -6.535473137901e-01, 7.047571979047e-06, 0.0000e+00, 0.0000e+00, 
 2DIAGNOSTIC,   106, -6.535748530751e-01, 6.044264448292e-06, 0.0000e+00, 0.0000e+00, 
 2DIAGNOSTIC,   107, -6.542672977710e-01, 8.400201219326e-06, 0.0000e+00, 0.0000e+00, 
 2DIAGNOSTIC,   108, -6.540708485999e-01, 9.692737842496e-06, 0.0000e+00, 0.0000e+00, 
 2DIAGNOSTIC,   109, -6.540833804612e-01, 1.097382049788e-05, 0.0000e+00, 0.0000e+00, 
 2DIAGNOSTIC,   110, -6.541317382984e-01, 1.143128304766e-05, 0.0000e+00, 0.0000e+00, 
 2DIAGNOSTIC,   111, -6.541512897900e-01, 1.079021518702e-05, 0.0000e+00, 0.0000e+00, 
 2DIAGNOSTIC,   112, -6.541552008005e-01, 8.893993095137e-06, 0.0000e+00, 0.0000e+00, 
 2DIAGNOSTIC,   113, -6.541600356867e-01, 6.613842075365e-06, 0.0000e+00, 0.0000e+00, 
 2DIAGNOSTIC,   114, -6.540891891072e-01, 4.417010441543e-06, 0.0000e+00, 0.0000e+00, 
 2DIAGNOSTIC,   115, -6.539354601396e-01, 1.511975180066e-06, 0.0000e+00, 0.0000e+00, 
DIAGNOSTIC,Iteration,metricValue,convergenceValue,ITERATION_TIME_INDEX,SINCE_LAST
 2DIAGNOSTIC,     1, -5.263620012852e-01, 1.797693134862e+308, 0.0000e+00, 0.0000e+00, 
 2DIAGNOSTIC,     2, -5.266444476482e-01, 1.797693134862e+308, 0.0000e+00, 0.0000e+00, 
 2DIAGNOSTIC,     3, -5.270181035731e-01, 1.797693134862e+308, 0.0000e+00, 0.0000e+00, 
 2DIAGNOSTIC,     4, -5.273388462854e-01, 1.797693134862e+308, 0.0000e+00, 0.0000e+00, 
 2DIAGNOSTIC,     5, -5.276909527937e-01, 1.797693134862e+308, 0.0000e+00, 0.0000e+00, 
 2DIAGNOSTIC,     6, -5.283006237225e-01, 1.797693134862e+308, 0.0000e+00, 0.0000e+00, 
 2DIAGNOSTIC,     7, -5.291549963216e-01, 1.797693134862e+308, 0.0000e+00, 0.0000e+00, 
 2DIAGNOSTIC,     8, -5.292728718377e-01, 1.797693134862e+308, 0.0000e+00, 0.0000e+00, 
 2DIAGNOSTIC,     9, -5.293207897455e-01, 1.797693134862e+308, 0.0000e+00, 0.0000e+00, 
 2DIAGNOSTIC,    10, -5.293285669489e-01, 4.249579739904e-04, 0.0000e+00, 0.0000e+00, 
 2DIAGNOSTIC,    11, -5.294342955349e-01, 3.492137188931e-04, 0.0000e+00, 0.0000e+00, 
 2DIAGNOSTIC,    12, -5.298968375557e-01, 2.875391362429e-04, 0.0000e+00, 0.0000e+00, 
 2DIAGNOSTIC,    13, -5.301525134703e-01, 2.351848380177e-04, 0.0000e+00, 0.0000e+00, 
 2DIAGNOSTIC,    14, -5.301745024136e-01, 1.827406514153e-04, 0.0000e+00, 0.0000e+00, 
 2DIAGNOSTIC,    15, -5.302882192648e-01, 1.376732904975e-04, 0.0000e+00, 0.0000e+00, 
 2DIAGNOSTIC,    16, -5.304353970035e-01, 1.104207809254e-04, 0.0000e+00, 0.0000e+00, 
 2DIAGNOSTIC,    17, -5.304715384837e-01, 1.040994892359e-04, 0.0000e+00, 0.0000e+00, 
 2DIAGNOSTIC,    18, -5.305723617653e-01, 9.547488782698e-05, 0.0000e+00, 0.0000e+00, 
 2DIAGNOSTIC,    19, -5.308153708758e-01, 8.749372228108e-05, 0.0000e+00, 0.0000e+00, 
 2DIAGNOSTIC,    20, -5.311752399912e-01, 8.218334307462e-05, 0.0000e+00, 0.0000e+00, 
 2DIAGNOSTIC,    21, -5.312384269325e-01, 7.371783061863e-05, 0.0000e+00, 0.0000e+00, 
 2DIAGNOSTIC,    22, -5.316301740035e-01, 8.012265166354e-05, 0.0000e+00, 0.0000e+00, 
 2DIAGNOSTIC,    23, -5.325033099258e-01, 1.048463484592e-04, 0.0000e+00, 0.0000e+00, 
 2DIAGNOSTIC,    24, -5.330055875907e-01, 1.289387301566e-04, 0.0000e+00, 0.0000e+00, 
 2DIAGNOSTIC,    25, -5.333073891186e-01, 1.478784683547e-04, 0.0000e+00, 0.0000e+00, 
 2DIAGNOSTIC,    26, -5.333750610485e-01, 1.562437058708e-04, 0.0000e+00, 0.0000e+00, 
 2DIAGNOSTIC,    27, -5.334776644702e-01, 1.522542932089e-04, 0.0000e+00, 0.0000e+00, 
 2DIAGNOSTIC,    28, -5.338619536516e-01, 1.432654370748e-04, 0.0000e+00, 0.0000e+00, 
 2DIAGNOSTIC,    29, -5.341481415836e-01, 1.308012350478e-04, 0.0000e+00, 0.0000e+00, 
 2DIAGNOSTIC,    30, -5.341726390158e-01, 1.139207229388e-04, 0.0000e+00, 0.0000e+00, 
 2DIAGNOSTIC,    31, -5.341992798905e-01, 8.924724983622e-05, 0.0000e+00, 0.0000e+00, 
 2DIAGNOSTIC,    32, -5.341748177966e-01, 6.369280154923e-05, 0.0000e+00, 0.0000e+00, 
 2DIAGNOSTIC,    33, -5.341549412677e-01, 4.733297671631e-05, 0.0000e+00, 0.0000e+00, 
 2DIAGNOSTIC,    34, -5.341619102170e-01, 3.537232139965e-05, 0.0000e+00, 0.0000e+00, 
 2DIAGNOSTIC,    35, -5.341519401412e-01, 2.533883435778e-05, 0.0000e+00, 0.0000e+00, 
 2DIAGNOSTIC,    36, -5.341338290986e-01, 1.436889003955e-05, 0.0000e+00, 0.0000e+00, 
 2DIAGNOSTIC,    37, -5.341299474082e-01, 4.049394410153e-06, 0.0000e+00, 0.0000e+00, 
DIAGNOSTIC,Iteration,metricValue,convergenceValue,ITERATION_TIME_INDEX,SINCE_LAST
 2DIAGNOSTIC,     1, -4.722271308608e-01, 1.797693134862e+308, 0.0000e+00, 0.0000e+00, 
 2DIAGNOSTIC,     2, -4.723891333608e-01, 1.797693134862e+308, 0.0000e+00, 0.0000e+00, 
 2DIAGNOSTIC,     3, -4.725649223056e-01, 1.797693134862e+308, 0.0000e+00, 0.0000e+00, 
 2DIAGNOSTIC,     4, -4.727700891242e-01, 1.797693134862e+308, 0.0000e+00, 0.0000e+00, 
 2DIAGNOSTIC,     5, -4.731362228422e-01, 1.797693134862e+308, 0.0000e+00, 0.0000e+00, 
 2DIAGNOSTIC,     6, -4.733626653397e-01, 1.797693134862e+308, 0.0000e+00, 0.0000e+00, 
 2DIAGNOSTIC,     7, -4.739611579645e-01, 1.797693134862e+308, 0.0000e+00, 0.0000e+00, 
 2DIAGNOSTIC,     8, -4.747715983513e-01, 1.797693134862e+308, 0.0000e+00, 0.0000e+00, 
 2DIAGNOSTIC,     9, -4.749973794188e-01, 1.797693134862e+308, 0.0000e+00, 0.0000e+00, 
 2DIAGNOSTIC,    10, -4.751550112931e-01, 4.442784404521e-04, 0.0000e+00, 0.0000e+00, 
 2DIAGNOSTIC,    11, -4.752790195397e-01, 4.162733627011e-04, 0.0000e+00, 0.0000e+00, 
 2DIAGNOSTIC,    12, -4.759117943519e-01, 3.951496403685e-04, 0.0000e+00, 0.0000e+00, 
 2DIAGNOSTIC,    13, -4.763257792123e-01, 3.677188248785e-04, 0.0000e+00, 0.0000e+00, 
 2DIAGNOSTIC,    14, -4.766167384588e-01, 3.319545852442e-04, 0.0000e+00, 0.0000e+00, 
 2DIAGNOSTIC,    15, -4.769169033463e-01, 2.981690486771e-04, 0.0000e+00, 0.0000e+00, 
 2DIAGNOSTIC,    16, -4.770391244998e-01, 2.542688640533e-04, 0.0000e+00, 0.0000e+00, 
 2DIAGNOSTIC,    17, -4.771810362772e-01, 2.175032005436e-04, 0.0000e+00, 0.0000e+00, 
 2DIAGNOSTIC,    18, -4.773615208486e-01, 1.975162060147e-04, 0.0000e+00, 0.0000e+00, 
 2DIAGNOSTIC,    19, -4.775202734502e-01, 1.735602143458e-04, 0.0000e+00, 0.0000e+00, 
 2DIAGNOSTIC,    20, -4.777308082739e-01, 1.471760168609e-04, 0.0000e+00, 0.0000e+00, 
 2DIAGNOSTIC,    21, -4.778526577659e-01, 1.163799412584e-04, 0.0000e+00, 0.0000e+00, 
 2DIAGNOSTIC,    22, -4.782920818282e-01, 1.066615936585e-04, 0.0000e+00, 0.0000e+00, 
 2DIAGNOSTIC,    23, -4.784348851262e-01, 1.020399942169e-04, 0.0000e+00, 0.0000e+00, 
 2DIAGNOSTIC,    24, -4.786565718967e-01, 1.009898345141e-04, 0.0000e+00, 0.0000e+00, 
 2DIAGNOSTIC,    25, -4.787237454774e-01, 9.942286983106e-05, 0.0000e+00, 0.0000e+00, 
 2DIAGNOSTIC,    26, -4.787356621067e-01, 9.181275283789e-05, 0.0000e+00, 0.0000e+00, 
 2DIAGNOSTIC,    27, -4.787324109822e-01, 7.921366902500e-05, 0.0000e+00, 0.0000e+00, 
 2DIAGNOSTIC,    28, -4.787351313888e-01, 6.399028289447e-05, 0.0000e+00, 0.0000e+00, 
 2DIAGNOSTIC,    29, -4.787336623466e-01, 4.708673192289e-05, 0.0000e+00, 0.0000e+00, 
 2DIAGNOSTIC,    30, -4.787329274390e-01, 3.118426633693e-05, 0.0000e+00, 0.0000e+00, 
 2DIAGNOSTIC,    31, -4.787398538852e-01, 1.579327310429e-05, 0.0000e+00, 0.0000e+00, 
 2DIAGNOSTIC,    32, -4.787399633345e-01, 8.153295730375e-06, 0.0000e+00, 0.0000e+00, 
 2DIAGNOSTIC,    33, -4.787385992031e-01, 2.760308894997e-06, 0.0000e+00, 0.0000e+00, 
 2DIAGNOSTIC,    34, -4.787381812914e-01, 1.367698500621e-06, 0.0000e+00, 0.0000e+00, 
 2DIAGNOSTIC,    35, -4.787384065528e-01, 1.156689287671e-06, 0.0000e+00, 0.0000e+00, 
 2DIAGNOSTIC,    36, -4.787381060054e-01, 1.125891440787e-06, 0.0000e+00, 0.0000e+00, 
 2DIAGNOSTIC,    37, -4.787381509827e-01, 1.020393645496e-06, 0.0000e+00, 0.0000e+00, 
DIAGNOSTIC,Iteration,metricValue,convergenceValue,ITERATION_TIME_INDEX,SINCE_LAST
 2DIAGNOSTIC,     1, -4.453035695950e-01, 1.797693134862e+308, 0.0000e+00, 0.0000e+00, 
 2DIAGNOSTIC,     2, -4.453251428326e-01, 1.797693134862e+308, 0.0000e+00, 0.0000e+00, 
 2DIAGNOSTIC,     3, -4.453261549663e-01, 1.797693134862e+308, 0.0000e+00, 0.0000e+00, 
 2DIAGNOSTIC,     4, -4.453258272071e-01, 1.797693134862e+308, 0.0000e+00, 0.0000e+00, 
 2DIAGNOSTIC,     5, -4.453256713461e-01, 1.797693134862e+308, 0.0000e+00, 0.0000e+00, 
 2DIAGNOSTIC,     6, -4.453255974562e-01, 1.797693134862e+308, 0.0000e+00, 0.0000e+00, 
 2DIAGNOSTIC,     7, -4.453255803079e-01, 1.797693134862e+308, 0.0000e+00, 0.0000e+00, 
 2DIAGNOSTIC,     8, -4.453255426519e-01, 1.797693134862e+308, 0.0000e+00, 0.0000e+00, 
 2DIAGNOSTIC,     9, -4.453255294378e-01, 1.797693134862e+308, 0.0000e+00, 0.0000e+00, 
 2DIAGNOSTIC,    10, -4.453254857793e-01, 4.566123441352e-06, 0.0000e+00, 0.0000e+00, 
 2DIAGNOSTIC,    11, -4.453254880894e-01, 2.862544850948e-06, 0.0000e+00, 0.0000e+00, 
 2DIAGNOSTIC,    12, -4.453254879306e-01, 2.591010806671e-06, 0.0000e+00, 0.0000e+00, 
 2DIAGNOSTIC,    13, -4.453254647167e-01, 2.415547868173e-06, 0.0000e+00, 0.0000e+00, 
 2DIAGNOSTIC,    14, -4.453254631181e-01, 2.253222997073e-06, 0.0000e+00, 0.0000e+00, 
 2DIAGNOSTIC,    15, -4.453254693521e-01, 2.108008653676e-06, 0.0000e+00, 0.0000e+00, 
 2DIAGNOSTIC,    16, -4.453254528177e-01, 1.978501144584e-06, 0.0000e+00, 0.0000e+00, 
 2DIAGNOSTIC,    17, -4.453254541016e-01, 1.864575254897e-06, 0.0000e+00, 0.0000e+00, 
 2DIAGNOSTIC,    18, -4.453254546676e-01, 1.762631180492e-06, 0.0000e+00, 0.0000e+00, 
 2DIAGNOSTIC,    19, -4.453254523440e-01, 1.671380384025e-06, 0.0000e+00, 0.0000e+00, 
 2DIAGNOSTIC,    20, -4.453254523440e-01, 1.588132855605e-06, 0.0000e+00, 0.0000e+00, 
 2DIAGNOSTIC,    21, -4.453254523440e-01, 1.513122047651e-06, 0.0000e+00, 0.0000e+00, 
 2DIAGNOSTIC,    22, -4.453254349561e-01, 1.444615101098e-06, 0.0000e+00, 0.0000e+00, 
 2DIAGNOSTIC,    23, -4.453254349561e-01, 1.381569744094e-06, 0.0000e+00, 0.0000e+00, 
 2DIAGNOSTIC,    24, -4.453254349561e-01, 1.323876981006e-06, 0.0000e+00, 0.0000e+00, 
 2DIAGNOSTIC,    25, -4.453254349561e-01, 1.271125646352e-06, 0.0000e+00, 0.0000e+00, 
 2DIAGNOSTIC,    26, -4.453254349561e-01, 1.222161953911e-06, 0.0000e+00, 0.0000e+00, 
 2DIAGNOSTIC,    27, -4.453254349561e-01, 1.176999157061e-06, 0.0000e+00, 0.0000e+00, 
 2DIAGNOSTIC,    28, -4.453254349561e-01, 1.135201317656e-06, 0.0000e+00, 0.0000e+00, 
 2DIAGNOSTIC,    29, -4.453254349561e-01, 1.096325128583e-06, 0.0000e+00, 0.0000e+00, 
 2DIAGNOSTIC,    30, -4.453254349561e-01, 1.060104016688e-06, 0.0000e+00, 0.0000e+00, 
 2DIAGNOSTIC,    31, -4.453254349561e-01, 1.026265036161e-06, 0.0000e+00, 0.0000e+00, 
  Elapsed time (stage 0): 0.0000e+00


Total elapsed time: 0.0000e+00
Info [verificarlo]: loaded backend libinterflop_vprec.so
Info [interflop-vprec]: load backend with: 
Info [interflop-vprec]: precision-binary32 = 20
Info [interflop-vprec]: range-binary32 = 7
Info [interflop-vprec]: precision-binary64 = 20
Info [interflop-vprec]: range-binary64 = 7
Info [interflop-vprec]: mode = ob
Info [interflop-vprec]: error-mode = rel
Info [interflop-vprec]: max-abs-error-exponent = -1022
Info [interflop-vprec]: daz = false
Info [interflop-vprec]: ftz = false
Info [interflop-vprec]: 	instrument = none
Info [interflop-vprec]: 	prec-input-file = (null)
Info [interflop-vprec]: 	prec-output-file = (null)
Info [interflop-vprec]: 	prec-log-file = (null)
All_Command_lines_OK
Using double precision for computations.
=============================================================================
The composite transform comprises the following transforms (in order): 
  1. /home/mdugre/scratch/mri-registration-rp/datasets/ds004513/derivatives/mri-registration-rp/1111/antsRegistration-r7-p20/sub-s003/rigid_Composite.h5[0] (type = Euler3DTransform)
  2. /home/mdugre/scratch/mri-registration-rp/datasets/ds004513/derivatives/mri-registration-rp/1111/antsRegistration-r7-p20/sub-s003/rigid_Composite.h5[1] (type = Euler3DTransform)
  3. /home/mdugre/scratch/mri-registration-rp/datasets/ds004513/derivatives/mri-registration-rp/1111/antsRegistration-r7-p20/sub-s003/rigid_Composite.h5[2] (type = Euler3DTransform)
=============================================================================
  number of levels = 4
  fixed image: /templateflow/tpl-MNI152NLin2009cAsym/tpl-MNI152NLin2009cAsym_res-01_desc-brain_T1w.nii.gz
  moving image: /home/mdugre/scratch/mri-registration-rp/datasets/ds004513/derivatives/mri-registration-rp/antsBrainExtraction/sub-s003/BrainExtractionBrain.nii.gz
Dimension = 3
Number of stages = 1
Use histogram matching = false
Winsorize image intensities = true
  Lower quantile = 0.005
  Upper quantile = 0.995


Stage 1 State
   Image metric = MattesMI
     Fixed image = Image (0x411f490)
  RTTI typeinfo:   itk::Image<double, 3u>
  Reference Count: 2
  Modified Time: 1594
  Debug: Off
  Object Name: 
  Observers: 
    none
  Source: (none)
  Source output name: (none)
  Release Data: Off
  Data Released: False
  Global Release Data: Off
  PipelineMTime: 0
  UpdateMTime: 1203
  RealTimeStamp: 0 seconds 
  LargestPossibleRegion: 
    Dimension: 3
    Index: [0, 0, 0]
    Size: [193, 229, 193]
  BufferedRegion: 
    Dimension: 3
    Index: [0, 0, 0]
    Size: [193, 229, 193]
  RequestedRegion: 
    Dimension: 3
    Index: [0, 0, 0]
    Size: [193, 229, 193]
  Spacing: [1, 1, 1]
  Origin: [96, 132, -78]
  Direction: 
-1 0 0
0 -1 0
0 0 1

  IndexToPointMatrix: 
-1 0 0
0 -1 0
0 0 1

  PointToIndexMatrix: 
-1 0 0
0 -1 0
0 0 1

  Inverse Direction: 
-1 0 0
0 -1 0
0 0 1

  PixelContainer: 
    ImportImageContainer (0x41988b0)
      RTTI typeinfo:   itk::ImportImageContainer<unsigned long, double>
      Reference Count: 1
      Modified Time: 1200
      Debug: Off
      Object Name: 
      Observers: 
        none
      Pointer: 0x14731502e010
      Container manages memory: true
      Size: 8530021
      Capacity: 8530021

     Moving image = Image (0x41eda40)
  RTTI typeinfo:   itk::Image<double, 3u>
  Reference Count: 2
  Modified Time: 1595
  Debug: Off
  Object Name: 
  Observers: 
    none
  Source: (none)
  Source output name: (none)
  Release Data: Off
  Data Released: False
  Global Release Data: Off
  PipelineMTime: 0
  UpdateMTime: 1592
  RealTimeStamp: 0 seconds 
  LargestPossibleRegion: 
    Dimension: 3
    Index: [0, 0, 0]
    Size: [176, 240, 256]
  BufferedRegion: 
    Dimension: 3
    Index: [0, 0, 0]
    Size: [176, 240, 256]
  RequestedRegion: 
    Dimension: 3
    Index: [0, 0, 0]
    Size: [176, 240, 256]
  Spacing: [0.999999, 1, 1]
  Origin: [93.3499, 86.9368, -128.957]
  Direction: 
-0.999513 -0.0279216 -0.0139567
0.0279189 -0.99961 0.000389866
-0.0139622 2.01492e-08 0.999903

  IndexToPointMatrix: 
-0.999512 -0.0279216 -0.0139567
0.0279189 -0.99961 0.000389866
-0.0139621 2.01492e-08 0.999903

  PointToIndexMatrix: 
-0.999514 0.0279189 -0.0139622
-0.0279216 -0.999611 4.76837e-07
-0.0139567 0.000389576 0.999903

  Inverse Direction: 
-0.999513 0.0279189 -0.0139622
-0.0279216 -0.999611 4.76837e-07
-0.0139567 0.000389576 0.999903

  PixelContainer: 
    ImportImageContainer (0x419cd50)
      RTTI typeinfo:   itk::ImportImageContainer<unsigned long, double>
      Reference Count: 1
      Modified Time: 1589
      Debug: Off
      Object Name: 
      Observers: 
        none
      Pointer: 0x14730fdad010
      Container manages memory: true
      Size: 10813440
      Capacity: 10813440

     Weighting = 1
     Sampling strategy = regular
     Number of bins = 32
     Radius = 4
     Sampling percentage  = 0.25
   Transform = Affine
     Gradient step = 0.1
     Update field sigma (voxel space) = 0
     Total field sigma (voxel space) = 0
     Update field time sigma = 0
     Total field time sigma  = 0
     Number of time indices = 0
     Number of time point samples = 0
Registration using 1 total stages.

Stage 0
  iterations = 1000x500x250x100
  convergence threshold = 1e-06
  convergence window size = 10
  number of levels = 4
  using the Mattes MI metric (number of bins = 32, weight = 1, use gradient filter = 0)
  preprocessing:  winsorizing the image intensities
  Shrink factors (level 1 out of 4): [8, 8, 8]
  Shrink factors (level 2 out of 4): [4, 4, 4]
  Shrink factors (level 3 out of 4): [2, 2, 2]
  Shrink factors (level 4 out of 4): [1, 1, 1]
  smoothing sigmas per level: [3, 2, 1, 0]
  regular sampling (percentage = 0.25)

*** Running AffineTransform registration ***

DIAGNOSTIC,Iteration,metricValue,convergenceValue,ITERATION_TIME_INDEX,SINCE_LAST
 2DIAGNOSTIC,     1, -6.603558937548e-01, 1.797693134862e+308, 0.0000e+00, 0.0000e+00, 
 2DIAGNOSTIC,     2, -6.630013547742e-01, 1.797693134862e+308, 0.0000e+00, 0.0000e+00, 
 2DIAGNOSTIC,     3, -6.670617293290e-01, 1.797693134862e+308, 0.0000e+00, 0.0000e+00, 
 2DIAGNOSTIC,     4, -6.725775939958e-01, 1.797693134862e+308, 0.0000e+00, 0.0000e+00, 
 2DIAGNOSTIC,     5, -6.803303723154e-01, 1.797693134862e+308, 0.0000e+00, 0.0000e+00, 
 2DIAGNOSTIC,     6, -6.962067192288e-01, 1.797693134862e+308, 0.0000e+00, 0.0000e+00, 
 2DIAGNOSTIC,     7, -7.163951752573e-01, 1.797693134862e+308, 0.0000e+00, 0.0000e+00, 
 2DIAGNOSTIC,     8, -7.169261917446e-01, 1.797693134862e+308, 0.0000e+00, 0.0000e+00, 
 2DIAGNOSTIC,     9, -7.169625031768e-01, 1.797693134862e+308, 0.0000e+00, 0.0000e+00, 
 2DIAGNOSTIC,    10, -7.170347495696e-01, 6.665584254742e-03, 0.0000e+00, 0.0000e+00, 
 2DIAGNOSTIC,    11, -7.171960533741e-01, 5.573586284085e-03, 0.0000e+00, 0.0000e+00, 
 2DIAGNOSTIC,    12, -7.172868271951e-01, 4.253316352740e-03, 0.0000e+00, 0.0000e+00, 
 2DIAGNOSTIC,    13, -7.175041738833e-01, 2.896867339494e-03, 0.0000e+00, 0.0000e+00, 
 2DIAGNOSTIC,    14, -7.179383426813e-01, 1.658608360375e-03, 0.0000e+00, 0.0000e+00, 
 2DIAGNOSTIC,    15, -7.179214254426e-01, 6.425565908894e-04, 0.0000e+00, 0.0000e+00, 
 2DIAGNOSTIC,    16, -7.181423763175e-01, 9.166112946746e-05, 0.0000e+00, 0.0000e+00, 
 2DIAGNOSTIC,    17, -7.186231928519e-01, 9.082667017321e-05, 0.0000e+00, 0.0000e+00, 
 2DIAGNOSTIC,    18, -7.190426191074e-01, 1.029072147784e-04, 0.0000e+00, 0.0000e+00, 
 2DIAGNOSTIC,    19, -7.193002937387e-01, 1.103800648824e-04, 0.0000e+00, 0.0000e+00, 
 2DIAGNOSTIC,    20, -7.203950756932e-01, 1.306012876041e-04, 0.0000e+00, 0.0000e+00, 
 2DIAGNOSTIC,    21, -7.211933041473e-01, 1.548783935043e-04, 0.0000e+00, 0.0000e+00, 
 2DIAGNOSTIC,    22, -7.212528888766e-01, 1.650344941312e-04, 0.0000e+00, 0.0000e+00, 
 2DIAGNOSTIC,    23, -7.211390052779e-01, 1.609307852335e-04, 0.0000e+00, 0.0000e+00, 
 2DIAGNOSTIC,    24, -7.211854406569e-01, 1.505816466061e-04, 0.0000e+00, 0.0000e+00, 
 2DIAGNOSTIC,    25, -7.210317582289e-01, 1.240482808813e-04, 0.0000e+00, 0.0000e+00, 
 2DIAGNOSTIC,    26, -7.210069702242e-01, 9.078605715671e-05, 0.0000e+00, 0.0000e+00, 
 2DIAGNOSTIC,    27, -7.207629416016e-01, 5.519275325847e-05, 0.0000e+00, 0.0000e+00, 
 2DIAGNOSTIC,    28, -7.207537386932e-01, 2.331543903433e-05, 0.0000e+00, 0.0000e+00, 
DIAGNOSTIC,Iteration,metricValue,convergenceValue,ITERATION_TIME_INDEX,SINCE_LAST
 2DIAGNOSTIC,     1, -5.935997881028e-01, 1.797693134862e+308, 0.0000e+00, 0.0000e+00, 
 2DIAGNOSTIC,     2, -5.939614833381e-01, 1.797693134862e+308, 0.0000e+00, 0.0000e+00, 
