
##########################
# Experiment information #
##########################

EXPERIMENT_NAME: antsRegistration-r7-p23
VFC_BACKENDS: libinterflop_vprec.so --range-binary32=7 --precision-binary32=23 --range-binary64=7 --precision-binary64=23

SIF_IMG: /home/mdugre/projects/rrg-glatard/mdugre/containers/ants-vprec-no_metrics.simg

SUBJECT_ID: s035
INPUT_IMG: /home/mdugre/scratch/mri-registration-rp/datasets/ds004513/derivatives/mri-registration-rp/antsBrainExtraction/sub-s035/BrainExtractionBrain.nii.gz
OUTPUT_DIR: /home/mdugre/scratch/mri-registration-rp/datasets/ds004513/derivatives/mri-registration-rp/1111/antsRegistration-r7-p23/sub-s035

FIXED_IMG: /templateflow/tpl-MNI152NLin2009cAsym/tpl-MNI152NLin2009cAsym_res-01_desc-brain_T1w.nii.gz
DATA_DIR: /home/mdugre/scratch/mri-registration-rp/datasets/ds004513
TEMPLATEFLOW_DIR: /home/mdugre/projects/rrg-glatard/mdugre/templateflow
ITK_GLOBAL_DEFAULT_NUMBER_OF_THREADS: 16
##########################

Info [verificarlo]: loaded backend libinterflop_vprec.so
Info [interflop-vprec]: load backend with: 
Info [interflop-vprec]: precision-binary32 = 23
Info [interflop-vprec]: range-binary32 = 7
Info [interflop-vprec]: precision-binary64 = 23
Info [interflop-vprec]: range-binary64 = 7
Info [interflop-vprec]: mode = ob
Info [interflop-vprec]: error-mode = rel
Info [interflop-vprec]: max-abs-error-exponent = -1022
Info [interflop-vprec]: daz = false
Info [interflop-vprec]: ftz = false
Info [interflop-vprec]: 	instrument = none
Info [interflop-vprec]: 	prec-input-file = (null)
Info [interflop-vprec]: 	prec-output-file = (null)
Info [interflop-vprec]: 	prec-log-file = (null)
All_Command_lines_OK
Using double precision for computations.
=============================================================================
The composite transform comprises the following transforms (in order): 
  1. Center of mass alignment using fixed image: /templateflow/tpl-MNI152NLin2009cAsym/tpl-MNI152NLin2009cAsym_res-01_desc-brain_T1w.nii.gz and moving image: /home/mdugre/scratch/mri-registration-rp/datasets/ds004513/derivatives/mri-registration-rp/antsBrainExtraction/sub-s035/BrainExtractionBrain.nii.gz (type = Euler3DTransform)
=============================================================================
  number of levels = 1
  fixed image: /templateflow/tpl-MNI152NLin2009cAsym/tpl-MNI152NLin2009cAsym_res-01_desc-brain_T1w.nii.gz
  moving image: /home/mdugre/scratch/mri-registration-rp/datasets/ds004513/derivatives/mri-registration-rp/antsBrainExtraction/sub-s035/BrainExtractionBrain.nii.gz
Dimension = 3
Number of stages = 1
Use histogram matching = false
Winsorize image intensities = true
  Lower quantile = 0.005
  Upper quantile = 0.995


Stage 1 State
   Image metric = MattesMI
     Fixed image = Image (0x4f44b20)
  RTTI typeinfo:   itk::Image<double, 3u>
  Reference Count: 2
  Modified Time: 2330
  Debug: Off
  Object Name: 
  Observers: 
    none
  Source: (none)
  Source output name: (none)
  Release Data: Off
  Data Released: False
  Global Release Data: Off
  PipelineMTime: 0
  UpdateMTime: 1941
  RealTimeStamp: 0 seconds 
  LargestPossibleRegion: 
    Dimension: 3
    Index: [0, 0, 0]
    Size: [193, 229, 193]
  BufferedRegion: 
    Dimension: 3
    Index: [0, 0, 0]
    Size: [193, 229, 193]
  RequestedRegion: 
    Dimension: 3
    Index: [0, 0, 0]
    Size: [193, 229, 193]
  Spacing: [1, 1, 1]
  Origin: [96, 132, -78]
  Direction: 
-1 0 0
0 -1 0
0 0 1

  IndexToPointMatrix: 
-1 0 0
0 -1 0
0 0 1

  PointToIndexMatrix: 
-1 0 0
0 -1 0
0 0 1

  Inverse Direction: 
-1 0 0
0 -1 0
0 0 1

  PixelContainer: 
    ImportImageContainer (0x5070650)
      RTTI typeinfo:   itk::ImportImageContainer<unsigned long, double>
      Reference Count: 1
      Modified Time: 1938
      Debug: Off
      Object Name: 
      Observers: 
        none
      Pointer: 0x15227e220010
      Container manages memory: true
      Size: 8530021
      Capacity: 8530021

     Moving image = Image (0x4f4d240)
  RTTI typeinfo:   itk::Image<double, 3u>
  Reference Count: 2
  Modified Time: 2331
  Debug: Off
  Object Name: 
  Observers: 
    none
  Source: (none)
  Source output name: (none)
  Release Data: Off
  Data Released: False
  Global Release Data: Off
  PipelineMTime: 0
  UpdateMTime: 2328
  RealTimeStamp: 0 seconds 
  LargestPossibleRegion: 
    Dimension: 3
    Index: [0, 0, 0]
    Size: [160, 240, 256]
  BufferedRegion: 
    Dimension: 3
    Index: [0, 0, 0]
    Size: [160, 240, 256]
  RequestedRegion: 
    Dimension: 3
    Index: [0, 0, 0]
    Size: [160, 240, 256]
  Spacing: [1, 1, 1]
  Origin: [98.6438, 87.6358, -117.989]
  Direction: 
-0.993515 -0.100993 -0.0522355
0.100854 -0.994887 0.00530255
-0.0525039 1.93537e-08 0.998621

  IndexToPointMatrix: 
-0.993515 -0.100993 -0.0522355
0.100854 -0.994887 0.00530255
-0.0525039 1.93537e-08 0.998621

  PointToIndexMatrix: 
-0.993515 0.100854 -0.0525039
-0.100993 -0.994887 1.78814e-07
-0.0522355 0.00530246 0.998621

  Inverse Direction: 
-0.993515 0.100854 -0.0525039
-0.100993 -0.994887 1.78814e-07
-0.0522355 0.00530246 0.998621

  PixelContainer: 
    ImportImageContainer (0x505ab90)
      RTTI typeinfo:   itk::ImportImageContainer<unsigned long, double>
      Reference Count: 1
      Modified Time: 2325
      Debug: Off
      Object Name: 
      Observers: 
        none
      Pointer: 0x15227971f010
      Container manages memory: true
      Size: 9830400
      Capacity: 9830400

     Weighting = 1
     Sampling strategy = regular
     Number of bins = 32
     Radius = 4
     Sampling percentage  = 0.25
   Transform = Rigid
     Gradient step = 0.1
     Update field sigma (voxel space) = 0
     Total field sigma (voxel space) = 0
     Update field time sigma = 0
     Total field time sigma  = 0
     Number of time indices = 0
     Number of time point samples = 0
Registration using 1 total stages.

Stage 0
  iterations = 0
  convergence threshold = 1e-06
  convergence window size = 10
  number of levels = 1
  using the Mattes MI metric (number of bins = 32, weight = 1, use gradient filter = 0)
  preprocessing:  winsorizing the image intensities
  Shrink factors (level 1 out of 1): [1, 1, 1]
  smoothing sigmas per level: [0]
  regular sampling (percentage = 0.25)

*** Running Euler3DTransform registration ***

  Elapsed time (stage 0): 0


Total elapsed time: 0
Info [verificarlo]: loaded backend libinterflop_vprec.so
Info [interflop-vprec]: load backend with: 
Info [interflop-vprec]: precision-binary32 = 23
Info [interflop-vprec]: range-binary32 = 7
Info [interflop-vprec]: precision-binary64 = 23
Info [interflop-vprec]: range-binary64 = 7
Info [interflop-vprec]: mode = ob
Info [interflop-vprec]: error-mode = rel
Info [interflop-vprec]: max-abs-error-exponent = -1022
Info [interflop-vprec]: daz = false
Info [interflop-vprec]: ftz = false
Info [interflop-vprec]: 	instrument = none
Info [interflop-vprec]: 	prec-input-file = (null)
Info [interflop-vprec]: 	prec-output-file = (null)
Info [interflop-vprec]: 	prec-log-file = (null)
All_Command_lines_OK
Using double precision for computations.
=============================================================================
The composite transform comprises the following transforms (in order): 
  1. /home/mdugre/scratch/mri-registration-rp/datasets/ds004513/derivatives/mri-registration-rp/1111/antsRegistration-r7-p23/sub-s035/align_Composite.h5[0] (type = Euler3DTransform)
  2. /home/mdugre/scratch/mri-registration-rp/datasets/ds004513/derivatives/mri-registration-rp/1111/antsRegistration-r7-p23/sub-s035/align_Composite.h5[1] (type = Euler3DTransform)
=============================================================================
  number of levels = 4
  fixed image: /templateflow/tpl-MNI152NLin2009cAsym/tpl-MNI152NLin2009cAsym_res-01_desc-brain_T1w.nii.gz
  moving image: /home/mdugre/scratch/mri-registration-rp/datasets/ds004513/derivatives/mri-registration-rp/antsBrainExtraction/sub-s035/BrainExtractionBrain.nii.gz
Dimension = 3
Number of stages = 1
Use histogram matching = false
Winsorize image intensities = true
  Lower quantile = 0.005
  Upper quantile = 0.995


Stage 1 State
   Image metric = MattesMI
     Fixed image = Image (0x3fa21e0)
  RTTI typeinfo:   itk::Image<double, 3u>
  Reference Count: 2
  Modified Time: 1578
  Debug: Off
  Object Name: 
  Observers: 
    none
  Source: (none)
  Source output name: (none)
  Release Data: Off
  Data Released: False
  Global Release Data: Off
  PipelineMTime: 0
  UpdateMTime: 1189
  RealTimeStamp: 0 seconds 
  LargestPossibleRegion: 
    Dimension: 3
    Index: [0, 0, 0]
    Size: [193, 229, 193]
  BufferedRegion: 
    Dimension: 3
    Index: [0, 0, 0]
    Size: [193, 229, 193]
  RequestedRegion: 
    Dimension: 3
    Index: [0, 0, 0]
    Size: [193, 229, 193]
  Spacing: [1, 1, 1]
  Origin: [96, 132, -78]
  Direction: 
-1 0 0
0 -1 0
0 0 1

  IndexToPointMatrix: 
-1 0 0
0 -1 0
0 0 1

  PointToIndexMatrix: 
-1 0 0
0 -1 0
0 0 1

  Inverse Direction: 
-1 0 0
0 -1 0
0 0 1

  PixelContainer: 
    ImportImageContainer (0x4061640)
      RTTI typeinfo:   itk::ImportImageContainer<unsigned long, double>
      Reference Count: 1
      Modified Time: 1186
      Debug: Off
      Object Name: 
      Observers: 
        none
      Pointer: 0x15098cfa3010
      Container manages memory: true
      Size: 8530021
      Capacity: 8530021

     Moving image = Image (0x405dc90)
  RTTI typeinfo:   itk::Image<double, 3u>
  Reference Count: 2
  Modified Time: 1579
  Debug: Off
  Object Name: 
  Observers: 
    none
  Source: (none)
  Source output name: (none)
  Release Data: Off
  Data Released: False
  Global Release Data: Off
  PipelineMTime: 0
  UpdateMTime: 1576
  RealTimeStamp: 0 seconds 
  LargestPossibleRegion: 
    Dimension: 3
    Index: [0, 0, 0]
    Size: [160, 240, 256]
  BufferedRegion: 
    Dimension: 3
    Index: [0, 0, 0]
    Size: [160, 240, 256]
  RequestedRegion: 
    Dimension: 3
    Index: [0, 0, 0]
    Size: [160, 240, 256]
  Spacing: [1, 1, 1]
  Origin: [98.6438, 87.6358, -117.989]
  Direction: 
-0.993515 -0.100993 -0.0522355
0.100854 -0.994887 0.00530255
-0.0525039 1.93537e-08 0.998621

  IndexToPointMatrix: 
-0.993515 -0.100993 -0.0522355
0.100854 -0.994887 0.00530255
-0.0525039 1.93537e-08 0.998621

  PointToIndexMatrix: 
-0.993515 0.100854 -0.0525039
-0.100993 -0.994887 1.78814e-07
-0.0522355 0.00530246 0.998621

  Inverse Direction: 
-0.993515 0.100854 -0.0525039
-0.100993 -0.994887 1.78814e-07
-0.0522355 0.00530246 0.998621

  PixelContainer: 
    ImportImageContainer (0x40ced90)
      RTTI typeinfo:   itk::ImportImageContainer<unsigned long, double>
      Reference Count: 1
      Modified Time: 1573
      Debug: Off
      Object Name: 
      Observers: 
        none
      Pointer: 0x1509884a2010
      Container manages memory: true
      Size: 9830400
      Capacity: 9830400

     Weighting = 1
     Sampling strategy = regular
     Number of bins = 32
     Radius = 4
     Sampling percentage  = 0.25
   Transform = Rigid
     Gradient step = 0.1
     Update field sigma (voxel space) = 0
     Total field sigma (voxel space) = 0
     Update field time sigma = 0
     Total field time sigma  = 0
     Number of time indices = 0
     Number of time point samples = 0
Registration using 1 total stages.

Stage 0
  iterations = 1000x500x250x100
  convergence threshold = 1e-06
  convergence window size = 10
  number of levels = 4
  using the Mattes MI metric (number of bins = 32, weight = 1, use gradient filter = 0)
  preprocessing:  winsorizing the image intensities
  Shrink factors (level 1 out of 4): [8, 8, 8]
  Shrink factors (level 2 out of 4): [4, 4, 4]
  Shrink factors (level 3 out of 4): [2, 2, 2]
  Shrink factors (level 4 out of 4): [1, 1, 1]
  smoothing sigmas per level: [3, 2, 1, 0]
  regular sampling (percentage = 0.25)

*** Running Euler3DTransform registration ***

DIAGNOSTIC,Iteration,metricValue,convergenceValue,ITERATION_TIME_INDEX,SINCE_LAST
 2DIAGNOSTIC,     1, -5.237279232067e-01, 1.797693134862e+308, 0.0000e+00, 0.0000e+00, 
 2DIAGNOSTIC,     2, -5.256846578854e-01, 1.797693134862e+308, 0.0000e+00, 0.0000e+00, 
 2DIAGNOSTIC,     3, -5.277775730304e-01, 1.797693134862e+308, 0.0000e+00, 0.0000e+00, 
 2DIAGNOSTIC,     4, -5.301160851968e-01, 1.797693134862e+308, 0.0000e+00, 0.0000e+00, 
 2DIAGNOSTIC,     5, -5.342119070911e-01, 1.797693134862e+308, 0.0000e+00, 0.0000e+00, 
 2DIAGNOSTIC,     6, -5.397372793167e-01, 1.797693134862e+308, 0.0000e+00, 0.0000e+00, 
 2DIAGNOSTIC,     7, -5.488224321603e-01, 1.797693134862e+308, 0.0000e+00, 0.0000e+00, 
 2DIAGNOSTIC,     8, -5.539272240248e-01, 1.797693134862e+308, 0.0000e+00, 0.0000e+00, 
 2DIAGNOSTIC,     9, -5.601081730316e-01, 1.797693134862e+308, 0.0000e+00, 0.0000e+00, 
 2DIAGNOSTIC,    10, -5.613341413411e-01, 5.034113717528e-03, 0.0000e+00, 0.0000e+00, 
 2DIAGNOSTIC,    11, -5.647239935622e-01, 4.769027483270e-03, 0.0000e+00, 0.0000e+00, 
 2DIAGNOSTIC,    12, -5.656105276364e-01, 4.240858161433e-03, 0.0000e+00, 0.0000e+00, 
 2DIAGNOSTIC,    13, -5.657403047697e-01, 3.502755174347e-03, 0.0000e+00, 0.0000e+00, 
 2DIAGNOSTIC,    14, -5.657732990474e-01, 2.645527213848e-03, 0.0000e+00, 0.0000e+00, 
 2DIAGNOSTIC,    15, -5.658124785615e-01, 1.807822380209e-03, 0.0000e+00, 0.0000e+00, 
 2DIAGNOSTIC,    16, -5.658706701291e-01, 1.087708175726e-03, 0.0000e+00, 0.0000e+00, 
 2DIAGNOSTIC,    17, -5.660228170807e-01, 6.327214458284e-04, 0.0000e+00, 0.0000e+00, 
 2DIAGNOSTIC,    18, -5.660549903701e-01, 3.151092539279e-04, 0.0000e+00, 0.0000e+00, 
 2DIAGNOSTIC,    19, -5.662112068106e-01, 1.748998556442e-04, 0.0000e+00, 0.0000e+00, 
 2DIAGNOSTIC,    20, -5.663105063890e-01, 6.477748167706e-05, 0.0000e+00, 0.0000e+00, 
 2DIAGNOSTIC,    21, -5.674185233823e-01, 6.879236027095e-05, 0.0000e+00, 0.0000e+00, 
 2DIAGNOSTIC,    22, -5.704539654042e-01, 1.567169916888e-04, 0.0000e+00, 0.0000e+00, 
 2DIAGNOSTIC,    23, -5.704845273126e-01, 2.242226432207e-04, 0.0000e+00, 0.0000e+00, 
 2DIAGNOSTIC,    24, -5.706146383541e-01, 2.696873329672e-04, 0.0000e+00, 0.0000e+00, 
 2DIAGNOSTIC,    25, -5.708116719216e-01, 2.918982907814e-04, 0.0000e+00, 0.0000e+00, 
 2DIAGNOSTIC,    26, -5.710877837090e-01, 2.909117869331e-04, 0.0000e+00, 0.0000e+00, 
 2DIAGNOSTIC,    27, -5.714379511407e-01, 2.711550503586e-04, 0.0000e+00, 0.0000e+00, 
 2DIAGNOSTIC,    28, -5.716964071251e-01, 2.326650637105e-04, 0.0000e+00, 0.0000e+00, 
 2DIAGNOSTIC,    29, -5.719113699555e-01, 1.825789974471e-04, 0.0000e+00, 0.0000e+00, 
 2DIAGNOSTIC,    30, -5.724309194691e-01, 1.293008516085e-04, 0.0000e+00, 0.0000e+00, 
 2DIAGNOSTIC,    31, -5.730204603746e-01, 9.359726001280e-05, 0.0000e+00, 0.0000e+00, 
 2DIAGNOSTIC,    32, -5.739767348257e-01, 1.145469235023e-04, 0.0000e+00, 0.0000e+00, 
 2DIAGNOSTIC,    33, -5.754061273391e-01, 1.456288796602e-04, 0.0000e+00, 0.0000e+00, 
 2DIAGNOSTIC,    34, -5.826808662483e-01, 2.710243243464e-04, 0.0000e+00, 0.0000e+00, 
 2DIAGNOSTIC,    35, -5.894614800924e-01, 4.613665066062e-04, 0.0000e+00, 0.0000e+00, 
 2DIAGNOSTIC,    36, -6.099032590013e-01, 8.852612487922e-04, 0.0000e+00, 0.0000e+00, 
 2DIAGNOSTIC,    37, -6.160045934441e-01, 1.282332548857e-03, 0.0000e+00, 0.0000e+00, 
 2DIAGNOSTIC,    38, -6.174749068264e-01, 1.559452122465e-03, 0.0000e+00, 0.0000e+00, 
 2DIAGNOSTIC,    39, -6.180925451550e-01, 1.686367082967e-03, 0.0000e+00, 0.0000e+00, 
 2DIAGNOSTIC,    40, -6.191515128607e-01, 1.664378308508e-03, 0.0000e+00, 0.0000e+00, 
 2DIAGNOSTIC,    41, -6.217631543392e-01, 1.520465176571e-03, 0.0000e+00, 0.0000e+00, 
 2DIAGNOSTIC,    42, -6.260642812837e-01, 1.300323588636e-03, 0.0000e+00, 0.0000e+00, 
 2DIAGNOSTIC,    43, -6.354849726985e-01, 1.093271891476e-03, 0.0000e+00, 0.0000e+00, 
 2DIAGNOSTIC,    44, -6.413254706034e-01, 9.392860679270e-04, 0.0000e+00, 0.0000e+00, 
 2DIAGNOSTIC,    45, -6.471385176790e-01, 8.358227792186e-04, 0.0000e+00, 0.0000e+00, 
 2DIAGNOSTIC,    46, -6.657854745200e-01, 1.073485442612e-03, 0.0000e+00, 0.0000e+00, 
 2DIAGNOSTIC,    47, -6.733560826855e-01, 1.334140451217e-03, 0.0000e+00, 0.0000e+00, 
 2DIAGNOSTIC,    48, -6.776872866364e-01, 1.513168556595e-03, 0.0000e+00, 0.0000e+00, 
 2DIAGNOSTIC,    49, -6.777642953538e-01, 1.548033730533e-03, 0.0000e+00, 0.0000e+00, 
 2DIAGNOSTIC,    50, -6.779184338651e-01, 1.446305832489e-03, 0.0000e+00, 0.0000e+00, 
 2DIAGNOSTIC,    51, -6.782296612143e-01, 1.236672910110e-03, 0.0000e+00, 0.0000e+00, 
 2DIAGNOSTIC,    52, -6.785151847929e-01, 9.576109692246e-04, 0.0000e+00, 0.0000e+00, 
 2DIAGNOSTIC,    53, -6.789479285986e-01, 6.893850581784e-04, 0.0000e+00, 0.0000e+00, 
 2DIAGNOSTIC,    54, -6.795849080476e-01, 4.255307664630e-04, 0.0000e+00, 0.0000e+00, 
 2DIAGNOSTIC,    55, -6.809357904425e-01, 1.908874747312e-04, 0.0000e+00, 0.0000e+00, 
 2DIAGNOSTIC,    56, -6.840233036455e-01, 1.310433604495e-04, 0.0000e+00, 0.0000e+00, 
 2DIAGNOSTIC,    57, -6.841296874884e-01, 1.235867237884e-04, 0.0000e+00, 0.0000e+00, 
 2DIAGNOSTIC,    58, -6.842113481575e-01, 1.411460583037e-04, 0.0000e+00, 0.0000e+00, 
 2DIAGNOSTIC,    59, -6.842338641694e-01, 1.456331629863e-04, 0.0000e+00, 0.0000e+00, 
 2DIAGNOSTIC,    60, -6.844015200665e-01, 1.383050841084e-04, 0.0000e+00, 0.0000e+00, 
 2DIAGNOSTIC,    61, -6.846038481404e-01, 1.215851795078e-04, 0.0000e+00, 0.0000e+00, 
 2DIAGNOSTIC,    62, -6.847484834269e-01, 9.712041000996e-05, 0.0000e+00, 0.0000e+00, 
 2DIAGNOSTIC,    63, -6.847921859764e-01, 6.816229097881e-05, 0.0000e+00, 0.0000e+00, 
 2DIAGNOSTIC,    64, -6.849418605922e-01, 3.950485952986e-05, 0.0000e+00, 0.0000e+00, 
 2DIAGNOSTIC,    65, -6.851459380671e-01, 1.862171782287e-05, 0.0000e+00, 0.0000e+00, 
 2DIAGNOSTIC,    66, -6.855269358744e-01, 2.115553448091e-05, 0.0000e+00, 0.0000e+00, 
 2DIAGNOSTIC,    67, -6.858556624071e-01, 2.458441260273e-05, 0.0000e+00, 0.0000e+00, 
 2DIAGNOSTIC,    68, -6.858809873097e-01, 2.632668054488e-05, 0.0000e+00, 0.0000e+00, 
 2DIAGNOSTIC,    69, -6.858822571878e-01, 2.572960217957e-05, 0.0000e+00, 0.0000e+00, 
 2DIAGNOSTIC,    70, -6.858894365170e-01, 2.386039004137e-05, 0.0000e+00, 0.0000e+00, 
 2DIAGNOSTIC,    71, -6.859037249607e-01, 2.115092932675e-05, 0.0000e+00, 0.0000e+00, 
 2DIAGNOSTIC,    72, -6.859385194801e-01, 1.766442677991e-05, 0.0000e+00, 0.0000e+00, 
 2DIAGNOSTIC,    73, -6.862014515496e-01, 1.457836774168e-05, 0.0000e+00, 0.0000e+00, 
 2DIAGNOSTIC,    74, -6.862018707635e-01, 1.114233275611e-05, 0.0000e+00, 0.0000e+00, 
 2DIAGNOSTIC,    75, -6.862050753538e-01, 8.031621830360e-06, 0.0000e+00, 0.0000e+00, 
 2DIAGNOSTIC,    76, -6.862092007154e-01, 6.575735887575e-06, 0.0000e+00, 0.0000e+00, 
 2DIAGNOSTIC,    77, -6.862140796674e-01, 6.543766118751e-06, 0.0000e+00, 0.0000e+00, 
 2DIAGNOSTIC,    78, -6.862144973977e-01, 6.051414308483e-06, 0.0000e+00, 0.0000e+00, 
 2DIAGNOSTIC,    79, -6.862160522475e-01, 5.046868226648e-06, 0.0000e+00, 0.0000e+00, 
 2DIAGNOSTIC,    80, -6.862274417128e-01, 3.756248267667e-06, 0.0000e+00, 0.0000e+00, 
 2DIAGNOSTIC,    81, -6.862586065560e-01, 2.446304955413e-06, 0.0000e+00, 0.0000e+00, 
 2DIAGNOSTIC,    82, -6.862781211315e-01, 1.232454308856e-06, 0.0000e+00, 0.0000e+00, 
 2DIAGNOSTIC,    83, -6.862957700516e-01, 1.510290396946e-06, 0.0000e+00, 0.0000e+00, 
 2DIAGNOSTIC,    84, -6.863078371517e-01, 1.744303362914e-06, 0.0000e+00, 0.0000e+00, 
 2DIAGNOSTIC,    85, -6.863382418042e-01, 2.022345536059e-06, 0.0000e+00, 0.0000e+00, 
 2DIAGNOSTIC,    86, -6.863434189228e-01, 2.180354922790e-06, 0.0000e+00, 0.0000e+00, 
 2DIAGNOSTIC,    87, -6.863460271400e-01, 2.202338267065e-06, 0.0000e+00, 0.0000e+00, 
 2DIAGNOSTIC,    88, -6.863521502006e-01, 2.086672123137e-06, 0.0000e+00, 0.0000e+00, 
 2DIAGNOSTIC,    89, -6.863600850911e-01, 1.858142055932e-06, 0.0000e+00, 0.0000e+00, 
 2DIAGNOSTIC,    90, -6.864727738388e-01, 2.110020438423e-06, 0.0000e+00, 0.0000e+00, 
 2DIAGNOSTIC,    91, -6.864727825498e-01, 2.326812552628e-06, 0.0000e+00, 0.0000e+00, 
 2DIAGNOSTIC,    92, -6.864726275320e-01, 2.452640169156e-06, 0.0000e+00, 0.0000e+00, 
 2DIAGNOSTIC,    93, -6.864726013204e-01, 2.468764710288e-06, 0.0000e+00, 0.0000e+00, 
 2DIAGNOSTIC,    94, -6.864725879226e-01, 2.332950138982e-06, 0.0000e+00, 0.0000e+00, 
 2DIAGNOSTIC,    95, -6.864725714888e-01, 2.144614755239e-06, 0.0000e+00, 0.0000e+00, 
 2DIAGNOSTIC,    96, -6.864725675710e-01, 1.811052790473e-06, 0.0000e+00, 0.0000e+00, 
 2DIAGNOSTIC,    97, -6.864725466727e-01, 1.364598104302e-06, 0.0000e+00, 0.0000e+00, 
DIAGNOSTIC,Iteration,metricValue,convergenceValue,ITERATION_TIME_INDEX,SINCE_LAST
 2DIAGNOSTIC,     1, -5.616888387932e-01, 1.797693134862e+308, 0.0000e+00, 0.0000e+00, 
 2DIAGNOSTIC,     2, -5.619830490077e-01, 1.797693134862e+308, 0.0000e+00, 0.0000e+00, 
 2DIAGNOSTIC,     3, -5.625963522023e-01, 1.797693134862e+308, 0.0000e+00, 0.0000e+00, 
 2DIAGNOSTIC,     4, -5.630207094865e-01, 1.797693134862e+308, 0.0000e+00, 0.0000e+00, 
 2DIAGNOSTIC,     5, -5.632309537097e-01, 1.797693134862e+308, 0.0000e+00, 0.0000e+00, 
 2DIAGNOSTIC,     6, -5.637008486255e-01, 1.797693134862e+308, 0.0000e+00, 0.0000e+00, 
 2DIAGNOSTIC,     7, -5.638288441746e-01, 1.797693134862e+308, 0.0000e+00, 0.0000e+00, 
 2DIAGNOSTIC,     8, -5.638577058128e-01, 1.797693134862e+308, 0.0000e+00, 0.0000e+00, 
 2DIAGNOSTIC,     9, -5.640027900579e-01, 1.797693134862e+308, 0.0000e+00, 0.0000e+00, 
 2DIAGNOSTIC,    10, -5.643770806635e-01, 2.955113305773e-04, 0.0000e+00, 0.0000e+00, 
 2DIAGNOSTIC,    11, -5.655535078156e-01, 2.839591920452e-04, 0.0000e+00, 0.0000e+00, 
 2DIAGNOSTIC,    12, -5.660643132445e-01, 2.812775302576e-04, 0.0000e+00, 0.0000e+00, 
 2DIAGNOSTIC,    13, -5.661453670786e-01, 2.808654947169e-04, 0.0000e+00, 0.0000e+00, 
 2DIAGNOSTIC,    14, -5.661750141951e-01, 2.723198512218e-04, 0.0000e+00, 0.0000e+00, 
 2DIAGNOSTIC,    15, -5.661612674186e-01, 2.463904789255e-04, 0.0000e+00, 0.0000e+00, 
 2DIAGNOSTIC,    16, -5.661507273577e-01, 2.150847452204e-04, 0.0000e+00, 0.0000e+00, 
 2DIAGNOSTIC,    17, -5.661460419743e-01, 1.713439150052e-04, 0.0000e+00, 0.0000e+00, 
 2DIAGNOSTIC,    18, -5.661618625347e-01, 1.185196300406e-04, 0.0000e+00, 0.0000e+00, 
 2DIAGNOSTIC,    19, -5.661542588905e-01, 6.437122326500e-05, 0.0000e+00, 0.0000e+00, 
 2DIAGNOSTIC,    20, -5.661794041638e-01, 1.923106977472e-05, 0.0000e+00, 0.0000e+00, 
 2DIAGNOSTIC,    21, -5.662169575488e-01, 5.527941645003e-06, 0.0000e+00, 0.0000e+00, 
 2DIAGNOSTIC,    22, -5.662336287069e-01, 4.695061159549e-06, 0.0000e+00, 0.0000e+00, 
 2DIAGNOSTIC,    23, -5.662213623261e-01, 5.113584204540e-06, 0.0000e+00, 0.0000e+00, 
 2DIAGNOSTIC,    24, -5.662217651544e-01, 5.805561539722e-06, 0.0000e+00, 0.0000e+00, 
 2DIAGNOSTIC,    25, -5.662220293414e-01, 5.751984512893e-06, 0.0000e+00, 0.0000e+00, 
 2DIAGNOSTIC,    26, -5.662316313740e-01, 5.248034254175e-06, 0.0000e+00, 0.0000e+00, 
 2DIAGNOSTIC,    27, -5.662330297510e-01, 4.326987979968e-06, 0.0000e+00, 0.0000e+00, 
 2DIAGNOSTIC,    28, -5.662267095007e-01, 3.370121405256e-06, 0.0000e+00, 0.0000e+00, 
 2DIAGNOSTIC,    29, -5.662286673902e-01, 2.177570715536e-06, 0.0000e+00, 0.0000e+00, 
 2DIAGNOSTIC,    30, -5.662303198171e-01, 1.391303270502e-06, 0.0000e+00, 0.0000e+00, 
 2DIAGNOSTIC,    31, -5.662327308707e-01, 1.258122493929e-06, 0.0000e+00, 0.0000e+00, 
 2DIAGNOSTIC,    32, -5.662349121539e-01, 1.412533017442e-06, 0.0000e+00, 0.0000e+00, 
 2DIAGNOSTIC,    33, -5.662652084050e-01, 1.796312060619e-06, 0.0000e+00, 0.0000e+00, 
 2DIAGNOSTIC,    34, -5.662584418644e-01, 1.974386881331e-06, 0.0000e+00, 0.0000e+00, 
 2DIAGNOSTIC,    35, -5.662614005925e-01, 2.092706479689e-06, 0.0000e+00, 0.0000e+00, 
 2DIAGNOSTIC,    36, -5.662750635026e-01, 2.419498569800e-06, 0.0000e+00, 0.0000e+00, 
 2DIAGNOSTIC,    37, -5.663086250448e-01, 3.052163258528e-06, 0.0000e+00, 0.0000e+00, 
 2DIAGNOSTIC,    38, -5.663322352672e-01, 3.655130167493e-06, 0.0000e+00, 0.0000e+00, 
 2DIAGNOSTIC,    39, -5.663707662831e-01, 4.479945690337e-06, 0.0000e+00, 0.0000e+00, 
 2DIAGNOSTIC,    40, -5.663707071387e-01, 4.935466222867e-06, 0.0000e+00, 0.0000e+00, 
 2DIAGNOSTIC,    41, -5.663616396143e-01, 4.900449968877e-06, 0.0000e+00, 0.0000e+00, 
 2DIAGNOSTIC,    42, -5.663526581332e-01, 4.383385204077e-06, 0.0000e+00, 0.0000e+00, 
 2DIAGNOSTIC,    43, -5.663526854213e-01, 3.897682405773e-06, 0.0000e+00, 0.0000e+00, 
 2DIAGNOSTIC,    44, -5.663526748978e-01, 3.050726333678e-06, 0.0000e+00, 0.0000e+00, 
 2DIAGNOSTIC,    45, -5.663526792921e-01, 2.053621277719e-06, 0.0000e+00, 0.0000e+00, 
 2DIAGNOSTIC,    46, -5.663526794771e-01, 1.121924001063e-06, 0.0000e+00, 0.0000e+00, 
DIAGNOSTIC,Iteration,metricValue,convergenceValue,ITERATION_TIME_INDEX,SINCE_LAST
 2DIAGNOSTIC,     1, -5.034030217123e-01, 1.797693134862e+308, 0.0000e+00, 0.0000e+00, 
 2DIAGNOSTIC,     2, -5.037510771338e-01, 1.797693134862e+308, 0.0000e+00, 0.0000e+00, 
 2DIAGNOSTIC,     3, -5.040801092117e-01, 1.797693134862e+308, 0.0000e+00, 0.0000e+00, 
 2DIAGNOSTIC,     4, -5.043464862918e-01, 1.797693134862e+308, 0.0000e+00, 0.0000e+00, 
 2DIAGNOSTIC,     5, -5.044725994215e-01, 1.797693134862e+308, 0.0000e+00, 0.0000e+00, 
 2DIAGNOSTIC,     6, -5.044970450771e-01, 1.797693134862e+308, 0.0000e+00, 0.0000e+00, 
 2DIAGNOSTIC,     7, -5.045058094242e-01, 1.797693134862e+308, 0.0000e+00, 0.0000e+00, 
 2DIAGNOSTIC,     8, -5.045260414210e-01, 1.797693134862e+308, 0.0000e+00, 0.0000e+00, 
 2DIAGNOSTIC,     9, -5.045536178455e-01, 1.797693134862e+308, 0.0000e+00, 0.0000e+00, 
 2DIAGNOSTIC,    10, -5.046185182153e-01, 1.332667458941e-04, 0.0000e+00, 0.0000e+00, 
 2DIAGNOSTIC,    11, -5.046642984126e-01, 8.257976350631e-05, 0.0000e+00, 0.0000e+00, 
 2DIAGNOSTIC,    12, -5.046482164438e-01, 4.857714250454e-05, 0.0000e+00, 0.0000e+00, 
 2DIAGNOSTIC,    13, -5.046334873827e-01, 2.910728427793e-05, 0.0000e+00, 0.0000e+00, 
 2DIAGNOSTIC,    14, -5.046289783035e-01, 2.041843208471e-05, 0.0000e+00, 0.0000e+00, 
 2DIAGNOSTIC,    15, -5.046326127242e-01, 1.603288081074e-05, 0.0000e+00, 0.0000e+00, 
 2DIAGNOSTIC,    16, -5.046296038548e-01, 1.164293820644e-05, 0.0000e+00, 0.0000e+00, 
 2DIAGNOSTIC,    17, -5.046274331081e-01, 7.133335982408e-06, 0.0000e+00, 0.0000e+00, 
 2DIAGNOSTIC,    18, -5.046262550897e-01, 3.271338462833e-06, 0.0000e+00, 0.0000e+00, 
DIAGNOSTIC,Iteration,metricValue,convergenceValue,ITERATION_TIME_INDEX,SINCE_LAST
 2DIAGNOSTIC,     1, -4.672138846917e-01, 1.797693134862e+308, 0.0000e+00, 0.0000e+00, 
 2DIAGNOSTIC,     2, -4.673650294395e-01, 1.797693134862e+308, 1.2800e+02, 1.2800e+02, 
 2DIAGNOSTIC,     3, -4.674786822699e-01, 1.797693134862e+308, 1.2800e+02, 0.0000e+00, 
 2DIAGNOSTIC,     4, -4.674778277777e-01, 1.797693134862e+308, 1.2800e+02, 0.0000e+00, 
 2DIAGNOSTIC,     5, -4.674777324103e-01, 1.797693134862e+308, 1.2800e+02, 0.0000e+00, 
 2DIAGNOSTIC,     6, -4.674776612268e-01, 1.797693134862e+308, 1.2800e+02, 0.0000e+00, 
 2DIAGNOSTIC,     7, -4.674775516448e-01, 1.797693134862e+308, 1.2800e+02, 0.0000e+00, 
 2DIAGNOSTIC,     8, -4.674775376855e-01, 1.797693134862e+308, 1.2800e+02, 0.0000e+00, 
 2DIAGNOSTIC,     9, -4.674775383002e-01, 1.797693134862e+308, 1.2800e+02, 0.0000e+00, 
 2DIAGNOSTIC,    10, -4.674774565024e-01, 2.512476593787e-05, 1.2800e+02, 0.0000e+00, 
 2DIAGNOSTIC,    11, -4.674774746808e-01, 9.030840405155e-06, 1.2800e+02, 0.0000e+00, 
 2DIAGNOSTIC,    12, -4.674774863729e-01, 2.561942224588e-06, 1.2800e+02, 0.0000e+00, 
 2DIAGNOSTIC,    13, -4.674774800955e-01, 2.412556199136e-06, 1.2800e+02, 0.0000e+00, 
 2DIAGNOSTIC,    14, -4.674774772842e-01, 2.250461226136e-06, 1.2800e+02, 0.0000e+00, 
 2DIAGNOSTIC,    15, -4.674774779740e-01, 2.108214150975e-06, 1.2800e+02, 0.0000e+00, 
 2DIAGNOSTIC,    16, -4.674774776587e-01, 1.982289576416e-06, 1.2800e+02, 0.0000e+00, 
 2DIAGNOSTIC,    17, -4.674774714043e-01, 1.867540666466e-06, 1.2800e+02, 0.0000e+00, 
 2DIAGNOSTIC,    18, -4.674774702041e-01, 1.765358587466e-06, 1.2800e+02, 0.0000e+00, 
 2DIAGNOSTIC,    19, -4.674774691696e-01, 1.674188017962e-06, 1.2800e+02, 0.0000e+00, 
 2DIAGNOSTIC,    20, -4.674774692709e-01, 1.589642283417e-06, 2.5600e+02, 1.2800e+02, 
 2DIAGNOSTIC,    21, -4.674774689595e-01, 1.513738101158e-06, 2.5600e+02, 0.0000e+00, 
 2DIAGNOSTIC,    22, -4.674774735726e-01, 1.445293023906e-06, 2.5600e+02, 0.0000e+00, 
 2DIAGNOSTIC,    23, -4.674774735726e-01, 1.382696121689e-06, 2.5600e+02, 0.0000e+00, 
 2DIAGNOSTIC,    24, -4.674774676076e-01, 1.325128879882e-06, 2.5600e+02, 0.0000e+00, 
 2DIAGNOSTIC,    25, -4.674774668058e-01, 1.272199276932e-06, 2.5600e+02, 0.0000e+00, 
 2DIAGNOSTIC,    26, -4.674774680840e-01, 1.223388262896e-06, 2.5600e+02, 0.0000e+00, 
 2DIAGNOSTIC,    27, -4.674774682996e-01, 1.178062747277e-06, 2.5600e+02, 0.0000e+00, 
 2DIAGNOSTIC,    28, -4.674774682996e-01, 1.135960463888e-06, 2.5600e+02, 0.0000e+00, 
 2DIAGNOSTIC,    29, -4.674774685371e-01, 1.096762543742e-06, 2.5600e+02, 0.0000e+00, 
 2DIAGNOSTIC,    30, -4.674774687233e-01, 1.060200865842e-06, 2.5600e+02, 0.0000e+00, 
 2DIAGNOSTIC,    31, -4.674774687233e-01, 1.026001997625e-06, 2.5600e+02, 0.0000e+00, 
  Elapsed time (stage 0): 2.5600e+02


Total elapsed time: 2.5600e+02
Info [verificarlo]: loaded backend libinterflop_vprec.so
Info [interflop-vprec]: load backend with: 
Info [interflop-vprec]: precision-binary32 = 23
Info [interflop-vprec]: range-binary32 = 7
Info [interflop-vprec]: precision-binary64 = 23
Info [interflop-vprec]: range-binary64 = 7
Info [interflop-vprec]: mode = ob
Info [interflop-vprec]: error-mode = rel
Info [interflop-vprec]: max-abs-error-exponent = -1022
Info [interflop-vprec]: daz = false
Info [interflop-vprec]: ftz = false
Info [interflop-vprec]: 	instrument = none
Info [interflop-vprec]: 	prec-input-file = (null)
Info [interflop-vprec]: 	prec-output-file = (null)
Info [interflop-vprec]: 	prec-log-file = (null)
All_Command_lines_OK
Using double precision for computations.
=============================================================================
The composite transform comprises the following transforms (in order): 
  1. /home/mdugre/scratch/mri-registration-rp/datasets/ds004513/derivatives/mri-registration-rp/1111/antsRegistration-r7-p23/sub-s035/rigid_Composite.h5[0] (type = Euler3DTransform)
  2. /home/mdugre/scratch/mri-registration-rp/datasets/ds004513/derivatives/mri-registration-rp/1111/antsRegistration-r7-p23/sub-s035/rigid_Composite.h5[1] (type = Euler3DTransform)
  3. /home/mdugre/scratch/mri-registration-rp/datasets/ds004513/derivatives/mri-registration-rp/1111/antsRegistration-r7-p23/sub-s035/rigid_Composite.h5[2] (type = Euler3DTransform)
=============================================================================
  number of levels = 4
  fixed image: /templateflow/tpl-MNI152NLin2009cAsym/tpl-MNI152NLin2009cAsym_res-01_desc-brain_T1w.nii.gz
  moving image: /home/mdugre/scratch/mri-registration-rp/datasets/ds004513/derivatives/mri-registration-rp/antsBrainExtraction/sub-s035/BrainExtractionBrain.nii.gz
Dimension = 3
Number of stages = 1
Use histogram matching = false
Winsorize image intensities = true
  Lower quantile = 0.005
  Upper quantile = 0.995


Stage 1 State
   Image metric = MattesMI
     Fixed image = Image (0x4621490)
  RTTI typeinfo:   itk::Image<double, 3u>
  Reference Count: 2
  Modified Time: 1592
  Debug: Off
  Object Name: 
  Observers: 
    none
  Source: (none)
  Source output name: (none)
  Release Data: Off
  Data Released: False
  Global Release Data: Off
  PipelineMTime: 0
  UpdateMTime: 1203
  RealTimeStamp: 0 seconds 
  LargestPossibleRegion: 
    Dimension: 3
    Index: [0, 0, 0]
    Size: [193, 229, 193]
  BufferedRegion: 
    Dimension: 3
    Index: [0, 0, 0]
    Size: [193, 229, 193]
  RequestedRegion: 
    Dimension: 3
    Index: [0, 0, 0]
    Size: [193, 229, 193]
  Spacing: [1, 1, 1]
  Origin: [96, 132, -78]
  Direction: 
-1 0 0
0 -1 0
0 0 1

  IndexToPointMatrix: 
-1 0 0
0 -1 0
0 0 1

  PointToIndexMatrix: 
-1 0 0
0 -1 0
0 0 1

  Inverse Direction: 
-1 0 0
0 -1 0
0 0 1

  PixelContainer: 
    ImportImageContainer (0x46ee8d0)
      RTTI typeinfo:   itk::ImportImageContainer<unsigned long, double>
      Reference Count: 1
      Modified Time: 1200
      Debug: Off
      Object Name: 
      Observers: 
        none
      Pointer: 0x149c4a74f010
      Container manages memory: true
      Size: 8530021
      Capacity: 8530021

     Moving image = Image (0x46ede80)
  RTTI typeinfo:   itk::Image<double, 3u>
  Reference Count: 2
  Modified Time: 1593
  Debug: Off
  Object Name: 
  Observers: 
    none
  Source: (none)
  Source output name: (none)
  Release Data: Off
  Data Released: False
  Global Release Data: Off
  PipelineMTime: 0
  UpdateMTime: 1590
  RealTimeStamp: 0 seconds 
  LargestPossibleRegion: 
    Dimension: 3
    Index: [0, 0, 0]
    Size: [160, 240, 256]
  BufferedRegion: 
    Dimension: 3
    Index: [0, 0, 0]
    Size: [160, 240, 256]
  RequestedRegion: 
    Dimension: 3
    Index: [0, 0, 0]
    Size: [160, 240, 256]
  Spacing: [1, 1, 1]
  Origin: [98.6438, 87.6358, -117.989]
  Direction: 
-0.993515 -0.100993 -0.0522355
0.100854 -0.994887 0.00530255
-0.0525039 1.93537e-08 0.998621

  IndexToPointMatrix: 
-0.993515 -0.100993 -0.0522355
0.100854 -0.994887 0.00530255
-0.0525039 1.93537e-08 0.998621

  PointToIndexMatrix: 
-0.993515 0.100854 -0.0525039
-0.100993 -0.994887 1.78814e-07
-0.0522355 0.00530246 0.998621

  Inverse Direction: 
-0.993515 0.100854 -0.0525039
-0.100993 -0.994887 1.78814e-07
-0.0522355 0.00530246 0.998621

  PixelContainer: 
    ImportImageContainer (0x4632ec0)
      RTTI typeinfo:   itk::ImportImageContainer<unsigned long, double>
      Reference Count: 1
      Modified Time: 1587
      Debug: Off
      Object Name: 
      Observers: 
        none
      Pointer: 0x149c45c4e010
      Container manages memory: true
      Size: 9830400
      Capacity: 9830400

     Weighting = 1
     Sampling strategy = regular
     Number of bins = 32
     Radius = 4
     Sampling percentage  = 0.25
   Transform = Affine
     Gradient step = 0.1
     Update field sigma (voxel space) = 0
     Total field sigma (voxel space) = 0
     Update field time sigma = 0
     Total field time sigma  = 0
     Number of time indices = 0
     Number of time point samples = 0
Registration using 1 total stages.

Stage 0
  iterations = 1000x500x250x100
  convergence threshold = 1e-06
  convergence window size = 10
  number of levels = 4
  using the Mattes MI metric (number of bins = 32, weight = 1, use gradient filter = 0)
  preprocessing:  winsorizing the image intensities
  Shrink factors (level 1 out of 4): [8, 8, 8]
  Shrink factors (level 2 out of 4): [4, 4, 4]
  Shrink factors (level 3 out of 4): [2, 2, 2]
  Shrink factors (level 4 out of 4): [1, 1, 1]
  smoothing sigmas per level: [3, 2, 1, 0]
  regular sampling (percentage = 0.25)

*** Running AffineTransform registration ***

DIAGNOSTIC,Iteration,metricValue,convergenceValue,ITERATION_TIME_INDEX,SINCE_LAST
 2DIAGNOSTIC,     1, -6.756510654607e-01, 1.797693134862e+308, 0.0000e+00, 0.0000e+00, 
 2DIAGNOSTIC,     2, -6.776869304849e-01, 1.797693134862e+308, 0.0000e+00, 0.0000e+00, 
 2DIAGNOSTIC,     3, -6.811377621031e-01, 1.797693134862e+308, 0.0000e+00, 0.0000e+00, 
 2DIAGNOSTIC,     4, -6.861825030496e-01, 1.797693134862e+308, 0.0000e+00, 0.0000e+00, 
 2DIAGNOSTIC,     5, -6.942277932717e-01, 1.797693134862e+308, 0.0000e+00, 0.0000e+00, 
 2DIAGNOSTIC,     6, -7.054344520118e-01, 1.797693134862e+308, 0.0000e+00, 0.0000e+00, 
 2DIAGNOSTIC,     7, -7.196339427520e-01, 1.797693134862e+308, 0.0000e+00, 0.0000e+00, 
 2DIAGNOSTIC,     8, -7.347184084987e-01, 1.797693134862e+308, 0.0000e+00, 0.0000e+00, 
 2DIAGNOSTIC,     9, -7.350669463438e-01, 1.797693134862e+308, 0.0000e+00, 0.0000e+00, 
 2DIAGNOSTIC,    10, -7.354130989328e-01, 6.658634209245e-03, 0.0000e+00, 0.0000e+00, 
 2DIAGNOSTIC,    11, -7.355548667761e-01, 5.878529570598e-03, 0.0000e+00, 0.0000e+00, 
 2DIAGNOSTIC,    12, -7.357988348932e-01, 4.776055893955e-03, 0.0000e+00, 0.0000e+00, 
 2DIAGNOSTIC,    13, -7.359071797202e-01, 3.523117399007e-03, 0.0000e+00, 0.0000e+00, 
 2DIAGNOSTIC,    14, -7.358601100497e-01, 2.280136832369e-03, 0.0000e+00, 0.0000e+00, 
 2DIAGNOSTIC,    15, -7.358861573328e-01, 1.216636677349e-03, 0.0000e+00, 0.0000e+00, 
 2DIAGNOSTIC,    16, -7.358060602397e-01, 4.489462159113e-04, 0.0000e+00, 0.0000e+00, 
 2DIAGNOSTIC,    17, -7.356374215960e-01, 4.986170418543e-05, 0.0000e+00, 0.0000e+00, 
 2DIAGNOSTIC,    18, -7.356982634912e-01, 2.459399159108e-05, 0.0000e+00, 0.0000e+00, 
 2DIAGNOSTIC,    19, -7.356925471413e-01, 6.879333066263e-06, 0.0000e+00, 0.0000e+00, 
DIAGNOSTIC,Iteration,metricValue,convergenceValue,ITERATION_TIME_INDEX,SINCE_LAST
 2DIAGNOSTIC,     1, -6.050429811967e-01, 1.797693134862e+308, 0.0000e+00, 0.0000e+00, 
 2DIAGNOSTIC,     2, -6.062499930285e-01, 1.797693134862e+308, 0.0000e+00, 0.0000e+00, 
 2DIAGNOSTIC,     3, -6.076959683810e-01, 1.797693134862e+308, 0.0000e+00, 0.0000e+00, 
 2DIAGNOSTIC,     4, -6.090562992150e-01, 1.797693134862e+308, 0.0000e+00, 0.0000e+00, 
 2DIAGNOSTIC,     5, -6.099301411678e-01, 1.797693134862e+308, 0.0000e+00, 0.0000e+00, 
 2DIAGNOSTIC,     6, -6.104220919089e-01, 1.797693134862e+308, 0.0000e+00, 0.0000e+00, 
 2DIAGNOSTIC,     7, -6.106402702518e-01, 1.797693134862e+308, 0.0000e+00, 0.0000e+00, 
 2DIAGNOSTIC,     8, -6.107737575676e-01, 1.797693134862e+308, 0.0000e+00, 0.0000e+00, 
 2DIAGNOSTIC,     9, -6.107884810092e-01, 1.797693134862e+308, 0.0000e+00, 0.0000e+00, 
 2DIAGNOSTIC,    10, -6.108101013777e-01, 5.963727303262e-04, 0.0000e+00, 0.0000e+00, 
 2DIAGNOSTIC,    11, -6.108030266573e-01, 3.811348631861e-04, 0.0000e+00, 0.0000e+00, 
 2DIAGNOSTIC,    12, -6.107967601728e-01, 2.139824783122e-04, 0.0000e+00, 0.0000e+00, 
 2DIAGNOSTIC,    13, -6.107830499537e-01, 1.040648765397e-04, 0.0000e+00, 0.0000e+00, 
 2DIAGNOSTIC,    14, -6.107686293845e-01, 4.493277248313e-05, 0.0000e+00, 0.0000e+00, 
 2DIAGNOSTIC,    15, -6.107773077233e-01, 1.693452863474e-05, 0.0000e+00, 0.0000e+00, 
 2DIAGNOSTIC,    16, -6.107751029952e-01, 5.205605809230e-06, 0.0000e+00, 0.0000e+00, 
DIAGNOSTIC,Iteration,metricValue,convergenceValue,ITERATION_TIME_INDEX,SINCE_LAST
 2DIAGNOSTIC,     1, -5.349518397754e-01, 1.797693134862e+308, 0.0000e+00, 0.0000e+00, 
 2DIAGNOSTIC,     2, -5.353157887711e-01, 1.797693134862e+308, 0.0000e+00, 0.0000e+00, 
 2DIAGNOSTIC,     3, -5.356247082171e-01, 1.797693134862e+308, 0.0000e+00, 0.0000e+00, 
 2DIAGNOSTIC,     4, -5.357230961483e-01, 1.797693134862e+308, 0.0000e+00, 0.0000e+00, 
 2DIAGNOSTIC,     5, -5.357634752654e-01, 1.797693134862e+308, 0.0000e+00, 0.0000e+00, 
 2DIAGNOSTIC,     6, -5.358505265282e-01, 1.797693134862e+308, 0.0000e+00, 0.0000e+00, 
 2DIAGNOSTIC,     7, -5.358866143007e-01, 1.797693134862e+308, 0.0000e+00, 0.0000e+00, 
 2DIAGNOSTIC,     8, -5.359232214198e-01, 1.797693134862e+308, 0.0000e+00, 0.0000e+00, 
 2DIAGNOSTIC,     9, -5.359827160800e-01, 1.797693134862e+308, 0.0000e+00, 0.0000e+00, 
 2DIAGNOSTIC,    10, -5.360351252717e-01, 1.074954561905e-04, 0.0000e+00, 0.0000e+00, 
 2DIAGNOSTIC,    11, -5.360869120637e-01, 7.004787413172e-05, 0.0000e+00, 0.0000e+00, 
 2DIAGNOSTIC,    12, -5.361728686780e-01, 5.235962816028e-05, 0.0000e+00, 0.0000e+00, 
 2DIAGNOSTIC,    13, -5.362700810377e-01, 4.935984775253e-05, 0.0000e+00, 0.0000e+00, 
 2DIAGNOSTIC,    14, -5.363388964161e-01, 4.879568759096e-05, 0.0000e+00, 0.0000e+00, 
 2DIAGNOSTIC,    15, -5.363403230058e-01, 4.546153039109e-05, 0.0000e+00, 0.0000e+00, 
 2DIAGNOSTIC,    16, -5.363421007378e-01, 4.155959144539e-05, 0.0000e+00, 0.0000e+00, 
 2DIAGNOSTIC,    17, -5.363416475489e-01, 3.557347082549e-05, 0.0000e+00, 0.0000e+00, 
 2DIAGNOSTIC,    18, -5.363411748628e-01, 2.813375250291e-05, 0.0000e+00, 0.0000e+00, 
 2DIAGNOSTIC,    19, -5.363390410312e-01, 2.060835202213e-05, 0.0000e+00, 0.0000e+00, 
 2DIAGNOSTIC,    20, -5.363404536132e-01, 1.352735505344e-05, 0.0000e+00, 0.0000e+00, 
 2DIAGNOSTIC,    21, -5.363421507859e-01, 7.352662956726e-06, 0.0000e+00, 0.0000e+00, 
 2DIAGNOSTIC,    22, -5.363416486565e-01, 3.205995773019e-06, 0.0000e+00, 0.0000e+00, 
 2DIAGNOSTIC,    23, -5.363411002533e-01, 1.441140401043e-06, 0.0000e+00, 0.0000e+00, 
