
##########################
# Experiment information #
##########################

EXPERIMENT_NAME: antsRegistration-r7-p23
VFC_BACKENDS: libinterflop_vprec.so --range-binary32=7 --precision-binary32=23 --range-binary64=7 --precision-binary64=23

SIF_IMG: /home/mdugre/projects/rrg-glatard/mdugre/containers/ants-vprec-no_metrics.simg

SUBJECT_ID: s037
INPUT_IMG: /home/mdugre/scratch/mri-registration-rp/datasets/ds004513/derivatives/mri-registration-rp/antsBrainExtraction/sub-s037/BrainExtractionBrain.nii.gz
OUTPUT_DIR: /home/mdugre/scratch/mri-registration-rp/datasets/ds004513/derivatives/mri-registration-rp/1111/antsRegistration-r7-p23/sub-s037

FIXED_IMG: /templateflow/tpl-MNI152NLin2009cAsym/tpl-MNI152NLin2009cAsym_res-01_desc-brain_T1w.nii.gz
DATA_DIR: /home/mdugre/scratch/mri-registration-rp/datasets/ds004513
TEMPLATEFLOW_DIR: /home/mdugre/projects/rrg-glatard/mdugre/templateflow
ITK_GLOBAL_DEFAULT_NUMBER_OF_THREADS: 16
##########################

Info [verificarlo]: loaded backend libinterflop_vprec.so
Info [interflop-vprec]: load backend with: 
Info [interflop-vprec]: precision-binary32 = 23
Info [interflop-vprec]: range-binary32 = 7
Info [interflop-vprec]: precision-binary64 = 23
Info [interflop-vprec]: range-binary64 = 7
Info [interflop-vprec]: mode = ob
Info [interflop-vprec]: error-mode = rel
Info [interflop-vprec]: max-abs-error-exponent = -1022
Info [interflop-vprec]: daz = false
Info [interflop-vprec]: ftz = false
Info [interflop-vprec]: 	instrument = none
Info [interflop-vprec]: 	prec-input-file = (null)
Info [interflop-vprec]: 	prec-output-file = (null)
Info [interflop-vprec]: 	prec-log-file = (null)
All_Command_lines_OK
Using double precision for computations.
=============================================================================
The composite transform comprises the following transforms (in order): 
  1. Center of mass alignment using fixed image: /templateflow/tpl-MNI152NLin2009cAsym/tpl-MNI152NLin2009cAsym_res-01_desc-brain_T1w.nii.gz and moving image: /home/mdugre/scratch/mri-registration-rp/datasets/ds004513/derivatives/mri-registration-rp/antsBrainExtraction/sub-s037/BrainExtractionBrain.nii.gz (type = Euler3DTransform)
=============================================================================
  number of levels = 1
  fixed image: /templateflow/tpl-MNI152NLin2009cAsym/tpl-MNI152NLin2009cAsym_res-01_desc-brain_T1w.nii.gz
  moving image: /home/mdugre/scratch/mri-registration-rp/datasets/ds004513/derivatives/mri-registration-rp/antsBrainExtraction/sub-s037/BrainExtractionBrain.nii.gz
Dimension = 3
Number of stages = 1
Use histogram matching = false
Winsorize image intensities = true
  Lower quantile = 0.005
  Upper quantile = 0.995


Stage 1 State
   Image metric = MattesMI
     Fixed image = Image (0x40fdb20)
  RTTI typeinfo:   itk::Image<double, 3u>
  Reference Count: 2
  Modified Time: 2330
  Debug: Off
  Object Name: 
  Observers: 
    none
  Source: (none)
  Source output name: (none)
  Release Data: Off
  Data Released: False
  Global Release Data: Off
  PipelineMTime: 0
  UpdateMTime: 1941
  RealTimeStamp: 0 seconds 
  LargestPossibleRegion: 
    Dimension: 3
    Index: [0, 0, 0]
    Size: [193, 229, 193]
  BufferedRegion: 
    Dimension: 3
    Index: [0, 0, 0]
    Size: [193, 229, 193]
  RequestedRegion: 
    Dimension: 3
    Index: [0, 0, 0]
    Size: [193, 229, 193]
  Spacing: [1, 1, 1]
  Origin: [96, 132, -78]
  Direction: 
-1 0 0
0 -1 0
0 0 1

  IndexToPointMatrix: 
-1 0 0
0 -1 0
0 0 1

  PointToIndexMatrix: 
-1 0 0
0 -1 0
0 0 1

  Inverse Direction: 
-1 0 0
0 -1 0
0 0 1

  PixelContainer: 
    ImportImageContainer (0x4229650)
      RTTI typeinfo:   itk::ImportImageContainer<unsigned long, double>
      Reference Count: 1
      Modified Time: 1938
      Debug: Off
      Object Name: 
      Observers: 
        none
      Pointer: 0x155516d63010
      Container manages memory: true
      Size: 8530021
      Capacity: 8530021

     Moving image = Image (0x4106240)
  RTTI typeinfo:   itk::Image<double, 3u>
  Reference Count: 2
  Modified Time: 2331
  Debug: Off
  Object Name: 
  Observers: 
    none
  Source: (none)
  Source output name: (none)
  Release Data: Off
  Data Released: False
  Global Release Data: Off
  PipelineMTime: 0
  UpdateMTime: 2328
  RealTimeStamp: 0 seconds 
  LargestPossibleRegion: 
    Dimension: 3
    Index: [0, 0, 0]
    Size: [160, 240, 256]
  BufferedRegion: 
    Dimension: 3
    Index: [0, 0, 0]
    Size: [160, 240, 256]
  RequestedRegion: 
    Dimension: 3
    Index: [0, 0, 0]
    Size: [160, 240, 256]
  Spacing: [1, 1, 1]
  Origin: [87.9508, 102.562, -147.639]
  Direction: 
-0.998659 -0.0436121 -0.0279129
0.043595 -0.999049 0.00121847
-0.0279395 -2.65543e-08 0.99961

  IndexToPointMatrix: 
-0.998659 -0.0436121 -0.0279129
0.043595 -0.999049 0.00121847
-0.0279395 -2.65543e-08 0.99961

  PointToIndexMatrix: 
-0.998659 0.043595 -0.0279395
-0.0436121 -0.999049 5.96046e-08
-0.0279129 0.00121838 0.99961

  Inverse Direction: 
-0.998659 0.043595 -0.0279395
-0.0436121 -0.999049 5.96046e-08
-0.0279129 0.00121838 0.99961

  PixelContainer: 
    ImportImageContainer (0x4213b90)
      RTTI typeinfo:   itk::ImportImageContainer<unsigned long, double>
      Reference Count: 1
      Modified Time: 2325
      Debug: Off
      Object Name: 
      Observers: 
        none
      Pointer: 0x155512262010
      Container manages memory: true
      Size: 9830400
      Capacity: 9830400

     Weighting = 1
     Sampling strategy = regular
     Number of bins = 32
     Radius = 4
     Sampling percentage  = 0.25
   Transform = Rigid
     Gradient step = 0.1
     Update field sigma (voxel space) = 0
     Total field sigma (voxel space) = 0
     Update field time sigma = 0
     Total field time sigma  = 0
     Number of time indices = 0
     Number of time point samples = 0
Registration using 1 total stages.

Stage 0
  iterations = 0
  convergence threshold = 1e-06
  convergence window size = 10
  number of levels = 1
  using the Mattes MI metric (number of bins = 32, weight = 1, use gradient filter = 0)
  preprocessing:  winsorizing the image intensities
  Shrink factors (level 1 out of 1): [1, 1, 1]
  smoothing sigmas per level: [0]
  regular sampling (percentage = 0.25)

*** Running Euler3DTransform registration ***

  Elapsed time (stage 0): 0


Total elapsed time: 0
Info [verificarlo]: loaded backend libinterflop_vprec.so
Info [interflop-vprec]: load backend with: 
Info [interflop-vprec]: precision-binary32 = 23
Info [interflop-vprec]: range-binary32 = 7
Info [interflop-vprec]: precision-binary64 = 23
Info [interflop-vprec]: range-binary64 = 7
Info [interflop-vprec]: mode = ob
Info [interflop-vprec]: error-mode = rel
Info [interflop-vprec]: max-abs-error-exponent = -1022
Info [interflop-vprec]: daz = false
Info [interflop-vprec]: ftz = false
Info [interflop-vprec]: 	instrument = none
Info [interflop-vprec]: 	prec-input-file = (null)
Info [interflop-vprec]: 	prec-output-file = (null)
Info [interflop-vprec]: 	prec-log-file = (null)
All_Command_lines_OK
Using double precision for computations.
=============================================================================
The composite transform comprises the following transforms (in order): 
  1. /home/mdugre/scratch/mri-registration-rp/datasets/ds004513/derivatives/mri-registration-rp/1111/antsRegistration-r7-p23/sub-s037/align_Composite.h5[0] (type = Euler3DTransform)
  2. /home/mdugre/scratch/mri-registration-rp/datasets/ds004513/derivatives/mri-registration-rp/1111/antsRegistration-r7-p23/sub-s037/align_Composite.h5[1] (type = Euler3DTransform)
=============================================================================
  number of levels = 4
  fixed image: /templateflow/tpl-MNI152NLin2009cAsym/tpl-MNI152NLin2009cAsym_res-01_desc-brain_T1w.nii.gz
  moving image: /home/mdugre/scratch/mri-registration-rp/datasets/ds004513/derivatives/mri-registration-rp/antsBrainExtraction/sub-s037/BrainExtractionBrain.nii.gz
Dimension = 3
Number of stages = 1
Use histogram matching = false
Winsorize image intensities = true
  Lower quantile = 0.005
  Upper quantile = 0.995


Stage 1 State
   Image metric = MattesMI
     Fixed image = Image (0x35c31e0)
  RTTI typeinfo:   itk::Image<double, 3u>
  Reference Count: 2
  Modified Time: 1578
  Debug: Off
  Object Name: 
  Observers: 
    none
  Source: (none)
  Source output name: (none)
  Release Data: Off
  Data Released: False
  Global Release Data: Off
  PipelineMTime: 0
  UpdateMTime: 1189
  RealTimeStamp: 0 seconds 
  LargestPossibleRegion: 
    Dimension: 3
    Index: [0, 0, 0]
    Size: [193, 229, 193]
  BufferedRegion: 
    Dimension: 3
    Index: [0, 0, 0]
    Size: [193, 229, 193]
  RequestedRegion: 
    Dimension: 3
    Index: [0, 0, 0]
    Size: [193, 229, 193]
  Spacing: [1, 1, 1]
  Origin: [96, 132, -78]
  Direction: 
-1 0 0
0 -1 0
0 0 1

  IndexToPointMatrix: 
-1 0 0
0 -1 0
0 0 1

  PointToIndexMatrix: 
-1 0 0
0 -1 0
0 0 1

  Inverse Direction: 
-1 0 0
0 -1 0
0 0 1

  PixelContainer: 
    ImportImageContainer (0x3682640)
      RTTI typeinfo:   itk::ImportImageContainer<unsigned long, double>
      Reference Count: 1
      Modified Time: 1186
      Debug: Off
      Object Name: 
      Observers: 
        none
      Pointer: 0x15414e342010
      Container manages memory: true
      Size: 8530021
      Capacity: 8530021

     Moving image = Image (0x367ec90)
  RTTI typeinfo:   itk::Image<double, 3u>
  Reference Count: 2
  Modified Time: 1579
  Debug: Off
  Object Name: 
  Observers: 
    none
  Source: (none)
  Source output name: (none)
  Release Data: Off
  Data Released: False
  Global Release Data: Off
  PipelineMTime: 0
  UpdateMTime: 1576
  RealTimeStamp: 0 seconds 
  LargestPossibleRegion: 
    Dimension: 3
    Index: [0, 0, 0]
    Size: [160, 240, 256]
  BufferedRegion: 
    Dimension: 3
    Index: [0, 0, 0]
    Size: [160, 240, 256]
  RequestedRegion: 
    Dimension: 3
    Index: [0, 0, 0]
    Size: [160, 240, 256]
  Spacing: [1, 1, 1]
  Origin: [87.9508, 102.562, -147.639]
  Direction: 
-0.998659 -0.0436121 -0.0279129
0.043595 -0.999049 0.00121847
-0.0279395 -2.65543e-08 0.99961

  IndexToPointMatrix: 
-0.998659 -0.0436121 -0.0279129
0.043595 -0.999049 0.00121847
-0.0279395 -2.65543e-08 0.99961

  PointToIndexMatrix: 
-0.998659 0.043595 -0.0279395
-0.0436121 -0.999049 5.96046e-08
-0.0279129 0.00121838 0.99961

  Inverse Direction: 
-0.998659 0.043595 -0.0279395
-0.0436121 -0.999049 5.96046e-08
-0.0279129 0.00121838 0.99961

  PixelContainer: 
    ImportImageContainer (0x36efd90)
      RTTI typeinfo:   itk::ImportImageContainer<unsigned long, double>
      Reference Count: 1
      Modified Time: 1573
      Debug: Off
      Object Name: 
      Observers: 
        none
      Pointer: 0x154149841010
      Container manages memory: true
      Size: 9830400
      Capacity: 9830400

     Weighting = 1
     Sampling strategy = regular
     Number of bins = 32
     Radius = 4
     Sampling percentage  = 0.25
   Transform = Rigid
     Gradient step = 0.1
     Update field sigma (voxel space) = 0
     Total field sigma (voxel space) = 0
     Update field time sigma = 0
     Total field time sigma  = 0
     Number of time indices = 0
     Number of time point samples = 0
Registration using 1 total stages.

Stage 0
  iterations = 1000x500x250x100
  convergence threshold = 1e-06
  convergence window size = 10
  number of levels = 4
  using the Mattes MI metric (number of bins = 32, weight = 1, use gradient filter = 0)
  preprocessing:  winsorizing the image intensities
  Shrink factors (level 1 out of 4): [8, 8, 8]
  Shrink factors (level 2 out of 4): [4, 4, 4]
  Shrink factors (level 3 out of 4): [2, 2, 2]
  Shrink factors (level 4 out of 4): [1, 1, 1]
  smoothing sigmas per level: [3, 2, 1, 0]
  regular sampling (percentage = 0.25)

*** Running Euler3DTransform registration ***

DIAGNOSTIC,Iteration,metricValue,convergenceValue,ITERATION_TIME_INDEX,SINCE_LAST
 2DIAGNOSTIC,     1, -4.298016872359e-01, 1.797693134862e+308, 1.2800e+02, 1.2800e+02, 
 2DIAGNOSTIC,     2, -4.311057269951e-01, 1.797693134862e+308, 1.2800e+02, 0.0000e+00, 
 2DIAGNOSTIC,     3, -4.333811249216e-01, 1.797693134862e+308, 1.2800e+02, 0.0000e+00, 
 2DIAGNOSTIC,     4, -4.387896335011e-01, 1.797693134862e+308, 1.2800e+02, 0.0000e+00, 
 2DIAGNOSTIC,     5, -4.438872941587e-01, 1.797693134862e+308, 1.2800e+02, 0.0000e+00, 
 2DIAGNOSTIC,     6, -4.461829287872e-01, 1.797693134862e+308, 1.2800e+02, 0.0000e+00, 
 2DIAGNOSTIC,     7, -4.514148009732e-01, 1.797693134862e+308, 1.2800e+02, 0.0000e+00, 
 2DIAGNOSTIC,     8, -4.675897606021e-01, 1.797693134862e+308, 1.2800e+02, 0.0000e+00, 
 2DIAGNOSTIC,     9, -4.744905613029e-01, 1.797693134862e+308, 1.2800e+02, 0.0000e+00, 
 2DIAGNOSTIC,    10, -4.802452331900e-01, 7.501233095802e-03, 1.2800e+02, 0.0000e+00, 
 2DIAGNOSTIC,    11, -4.815477686290e-01, 7.331798162981e-03, 1.2800e+02, 0.0000e+00, 
 2DIAGNOSTIC,    12, -4.818868727706e-01, 6.627364574618e-03, 1.2800e+02, 0.0000e+00, 
 2DIAGNOSTIC,    13, -4.822457009265e-01, 5.554258477666e-03, 1.2800e+02, 0.0000e+00, 
 2DIAGNOSTIC,    14, -4.828863072539e-01, 4.397519196495e-03, 1.2800e+02, 0.0000e+00, 
 2DIAGNOSTIC,    15, -4.845015686084e-01, 3.283159917749e-03, 1.2800e+02, 0.0000e+00, 
 2DIAGNOSTIC,    16, -4.919951195049e-01, 2.391826833073e-03, 1.2800e+02, 0.0000e+00, 
 2DIAGNOSTIC,    17, -5.126502879859e-01, 2.300993018006e-03, 1.2800e+02, 0.0000e+00, 
 2DIAGNOSTIC,    18, -5.194022609333e-01, 2.761071269942e-03, 1.2800e+02, 0.0000e+00, 
 2DIAGNOSTIC,    19, -5.433982536745e-01, 3.884361533012e-03, 1.2800e+02, 0.0000e+00, 
 2DIAGNOSTIC,    20, -5.457923431067e-01, 4.752837062502e-03, 1.2800e+02, 0.0000e+00, 
 2DIAGNOSTIC,    21, -5.461796108873e-01, 5.138663186924e-03, 1.2800e+02, 0.0000e+00, 
 2DIAGNOSTIC,    22, -5.471809045405e-01, 5.044398905809e-03, 1.2800e+02, 0.0000e+00, 
 2DIAGNOSTIC,    23, -5.533829036698e-01, 4.651074400319e-03, 1.2800e+02, 0.0000e+00, 
 2DIAGNOSTIC,    24, -5.542468418394e-01, 3.892480983249e-03, 1.2800e+02, 0.0000e+00, 
 2DIAGNOSTIC,    25, -5.542496243750e-01, 2.878225449736e-03, 1.2800e+02, 0.0000e+00, 
 2DIAGNOSTIC,    26, -5.544048523429e-01, 1.851110907468e-03, 1.2800e+02, 0.0000e+00, 
 2DIAGNOSTIC,    27, -5.546926662345e-01, 1.182401738616e-03, 1.2800e+02, 0.0000e+00, 
 2DIAGNOSTIC,    28, -5.548684942028e-01, 5.814690966773e-04, 1.2800e+02, 0.0000e+00, 
 2DIAGNOSTIC,    29, -5.549407320509e-01, 4.421389423951e-04, 1.2800e+02, 0.0000e+00, 
 2DIAGNOSTIC,    30, -5.550649864275e-01, 3.210356112498e-04, 1.2800e+02, 0.0000e+00, 
 2DIAGNOSTIC,    31, -5.550099299900e-01, 1.854528222543e-04, 1.2800e+02, 0.0000e+00, 
 2DIAGNOSTIC,    32, -5.552622455980e-01, 6.083803788185e-05, 1.2800e+02, 0.0000e+00, 
 2DIAGNOSTIC,    33, -5.556447917009e-01, 5.023858171756e-05, 1.2800e+02, 0.0000e+00, 
 2DIAGNOSTIC,    34, -5.563219245574e-01, 6.094091097488e-05, 1.2800e+02, 0.0000e+00, 
 2DIAGNOSTIC,    35, -5.576169056404e-01, 8.580155487926e-05, 1.2800e+02, 0.0000e+00, 
 2DIAGNOSTIC,    36, -5.595065970443e-01, 1.322652371082e-04, 1.2800e+02, 0.0000e+00, 
 2DIAGNOSTIC,    37, -5.624680591270e-01, 2.116899828842e-04, 1.2800e+02, 0.0000e+00, 
 2DIAGNOSTIC,    38, -5.653657580831e-01, 3.104655004922e-04, 1.2800e+02, 0.0000e+00, 
 2DIAGNOSTIC,    39, -5.660043220797e-01, 3.838148413234e-04, 1.2800e+02, 0.0000e+00, 
 2DIAGNOSTIC,    40, -5.665550905454e-01, 4.266017810846e-04, 1.2800e+02, 0.0000e+00, 
 2DIAGNOSTIC,    41, -5.681315656567e-01, 4.469129418545e-04, 1.2800e+02, 0.0000e+00, 
 2DIAGNOSTIC,    42, -5.702604865835e-01, 4.536729450224e-04, 1.2800e+02, 0.0000e+00, 
 2DIAGNOSTIC,    43, -5.790559253199e-01, 5.324944012328e-04, 1.2800e+02, 0.0000e+00, 
 2DIAGNOSTIC,    44, -5.809348891932e-01, 5.858985476925e-04, 1.2800e+02, 0.0000e+00, 
 2DIAGNOSTIC,    45, -5.856953114464e-01, 6.550327525787e-04, 1.2800e+02, 0.0000e+00, 
 2DIAGNOSTIC,    46, -5.910761661682e-01, 7.433162268831e-04, 1.2800e+02, 0.0000e+00, 
 2DIAGNOSTIC,    47, -5.911968338853e-01, 7.895327946431e-04, 1.2800e+02, 0.0000e+00, 
 2DIAGNOSTIC,    48, -5.916315095877e-01, 7.955275294058e-04, 1.2800e+02, 0.0000e+00, 
 2DIAGNOSTIC,    49, -5.923795258351e-01, 7.408253695196e-04, 1.2800e+02, 0.0000e+00, 
 2DIAGNOSTIC,    50, -5.927328763411e-01, 6.275074919787e-04, 1.2800e+02, 0.0000e+00, 
 2DIAGNOSTIC,    51, -5.928712626899e-01, 4.768820292458e-04, 1.2800e+02, 0.0000e+00, 
 2DIAGNOSTIC,    52, -5.930984156418e-01, 3.096386872618e-04, 1.2800e+02, 0.0000e+00, 
 2DIAGNOSTIC,    53, -5.931740712639e-01, 2.098159254586e-04, 1.2800e+02, 0.0000e+00, 
 2DIAGNOSTIC,    54, -5.934169264351e-01, 1.141352906961e-04, 1.2800e+02, 0.0000e+00, 
 2DIAGNOSTIC,    55, -5.934624674556e-01, 5.627667686578e-05, 1.2800e+02, 0.0000e+00, 
 2DIAGNOSTIC,    56, -5.934400565115e-01, 4.615670173488e-05, 1.2800e+02, 0.0000e+00, 
 2DIAGNOSTIC,    57, -5.934500626375e-01, 3.329945960887e-05, 1.2800e+02, 0.0000e+00, 
 2DIAGNOSTIC,    58, -5.934506454302e-01, 2.159219956413e-05, 1.2800e+02, 0.0000e+00, 
 2DIAGNOSTIC,    59, -5.934508917545e-01, 1.490146134176e-05, 1.2800e+02, 0.0000e+00, 
 2DIAGNOSTIC,    60, -5.934509353701e-01, 1.016632485892e-05, 1.2800e+02, 0.0000e+00, 
 2DIAGNOSTIC,    61, -5.934514644744e-01, 5.863778177146e-06, 1.2800e+02, 0.0000e+00, 
 2DIAGNOSTIC,    62, -5.934537965780e-01, 3.156749592111e-06, 1.2800e+02, 0.0000e+00, 
 2DIAGNOSTIC,    63, -5.935435942494e-01, 1.611525257600e-06, 1.2800e+02, 0.0000e+00, 
 2DIAGNOSTIC,    64, -5.935505963973e-01, 2.025287065301e-06, 1.2800e+02, 0.0000e+00, 
 2DIAGNOSTIC,    65, -5.935513533633e-01, 2.667867778448e-06, 1.2800e+02, 0.0000e+00, 
 2DIAGNOSTIC,    66, -5.935514868677e-01, 2.917720744670e-06, 1.2800e+02, 0.0000e+00, 
 2DIAGNOSTIC,    67, -5.935513817418e-01, 3.003978213879e-06, 1.2800e+02, 0.0000e+00, 
 2DIAGNOSTIC,    68, -5.935514186651e-01, 2.841052566458e-06, 1.2800e+02, 0.0000e+00, 
 2DIAGNOSTIC,    69, -5.935513899320e-01, 2.457122817528e-06, 1.2800e+02, 0.0000e+00, 
 2DIAGNOSTIC,    70, -5.935514073068e-01, 1.907689382890e-06, 1.2800e+02, 0.0000e+00, 
 2DIAGNOSTIC,    71, -5.935513255477e-01, 1.250118940546e-06, 1.2800e+02, 0.0000e+00, 
DIAGNOSTIC,Iteration,metricValue,convergenceValue,ITERATION_TIME_INDEX,SINCE_LAST
 2DIAGNOSTIC,     1, -4.822282594160e-01, 1.797693134862e+308, 1.2800e+02, 0.0000e+00, 
 2DIAGNOSTIC,     2, -4.831502238946e-01, 1.797693134862e+308, 1.2800e+02, 0.0000e+00, 
 2DIAGNOSTIC,     3, -4.843456348725e-01, 1.797693134862e+308, 1.2800e+02, 0.0000e+00, 
 2DIAGNOSTIC,     4, -4.853841895088e-01, 1.797693134862e+308, 1.2800e+02, 0.0000e+00, 
 2DIAGNOSTIC,     5, -4.865556365755e-01, 1.797693134862e+308, 1.2800e+02, 0.0000e+00, 
 2DIAGNOSTIC,     6, -4.876490239337e-01, 1.797693134862e+308, 1.2800e+02, 0.0000e+00, 
 2DIAGNOSTIC,     7, -4.889336888611e-01, 1.797693134862e+308, 1.2800e+02, 0.0000e+00, 
 2DIAGNOSTIC,     8, -4.893158890358e-01, 1.797693134862e+308, 1.2800e+02, 0.0000e+00, 
 2DIAGNOSTIC,     9, -4.893735328654e-01, 1.797693134862e+308, 1.2800e+02, 0.0000e+00, 
 2DIAGNOSTIC,    10, -4.894230100927e-01, 1.052034786300e-03, 1.2800e+02, 0.0000e+00, 
 2DIAGNOSTIC,    11, -4.896729977005e-01, 8.126605900921e-04, 1.2800e+02, 0.0000e+00, 
 2DIAGNOSTIC,    12, -4.902519768926e-01, 6.120048428709e-04, 1.2800e+02, 0.0000e+00, 
 2DIAGNOSTIC,    13, -4.908642825518e-01, 4.674520072538e-04, 1.2800e+02, 0.0000e+00, 
 2DIAGNOSTIC,    14, -4.908992079829e-01, 3.457958663618e-04, 1.2800e+02, 0.0000e+00, 
 2DIAGNOSTIC,    15, -4.913313978135e-01, 2.715308228022e-04, 1.2800e+02, 0.0000e+00, 
 2DIAGNOSTIC,    16, -4.926135366845e-01, 2.668590327196e-04, 1.2800e+02, 0.0000e+00, 
 2DIAGNOSTIC,    17, -4.926612181074e-01, 2.821405378474e-04, 1.2800e+02, 0.0000e+00, 
 2DIAGNOSTIC,    18, -4.927947941014e-01, 2.868625805953e-04, 1.2800e+02, 0.0000e+00, 
 2DIAGNOSTIC,    19, -4.928447220512e-01, 2.687062827102e-04, 1.2800e+02, 0.0000e+00, 
 2DIAGNOSTIC,    20, -4.928406856772e-01, 2.288533269076e-04, 1.2800e+02, 0.0000e+00, 
 2DIAGNOSTIC,    21, -4.928679543993e-01, 1.785211805439e-04, 1.2800e+02, 0.0000e+00, 
 2DIAGNOSTIC,    22, -4.931376043723e-01, 1.382404052438e-04, 1.2800e+02, 0.0000e+00, 
 2DIAGNOSTIC,    23, -4.933402135076e-01, 1.096360038111e-04, 1.2800e+02, 0.0000e+00, 
 2DIAGNOSTIC,    24, -4.933253472139e-01, 7.378390990456e-05, 1.2800e+02, 0.0000e+00, 
 2DIAGNOSTIC,    25, -4.933415332727e-01, 4.379576184622e-05, 1.2800e+02, 0.0000e+00, 
 2DIAGNOSTIC,    26, -4.933923772197e-01, 4.191328293693e-05, 1.2800e+02, 0.0000e+00, 
 2DIAGNOSTIC,    27, -4.933953694321e-01, 3.720905551758e-05, 1.2800e+02, 0.0000e+00, 
 2DIAGNOSTIC,    28, -4.933911668875e-01, 3.202847275035e-05, 1.2800e+02, 0.0000e+00, 
 2DIAGNOSTIC,    29, -4.933866625174e-01, 2.530379218026e-05, 1.2800e+02, 0.0000e+00, 
 2DIAGNOSTIC,    30, -4.934133663794e-01, 1.728603131072e-05, 1.2800e+02, 0.0000e+00, 
 2DIAGNOSTIC,    31, -4.934260246551e-01, 8.862177542944e-06, 1.2800e+02, 0.0000e+00, 
 2DIAGNOSTIC,    32, -4.934519486699e-01, 5.465692727878e-06, 1.2800e+02, 0.0000e+00, 
 2DIAGNOSTIC,    33, -4.934451963283e-01, 5.313570549254e-06, 1.2800e+02, 0.0000e+00, 
 2DIAGNOSTIC,    34, -4.934380780866e-01, 4.399021515215e-06, 1.2800e+02, 0.0000e+00, 
 2DIAGNOSTIC,    35, -4.934312380657e-01, 3.339398343280e-06, 1.2800e+02, 0.0000e+00, 
 2DIAGNOSTIC,    36, -4.934248606777e-01, 2.813213778347e-06, 1.2800e+02, 0.0000e+00, 
 2DIAGNOSTIC,    37, -4.934351002222e-01, 2.339771724209e-06, 1.2800e+02, 0.0000e+00, 
 2DIAGNOSTIC,    38, -4.934463144684e-01, 1.860924096715e-06, 1.2800e+02, 0.0000e+00, 
 2DIAGNOSTIC,    39, -4.934481462681e-01, 1.265144941073e-06, 1.2800e+02, 0.0000e+00, 
 2DIAGNOSTIC,    40, -4.934486365903e-01, 1.053782957190e-06, 1.2800e+02, 0.0000e+00, 
DIAGNOSTIC,Iteration,metricValue,convergenceValue,ITERATION_TIME_INDEX,SINCE_LAST
 2DIAGNOSTIC,     1, -4.341744154313e-01, 1.797693134862e+308, 1.2800e+02, 0.0000e+00, 
 2DIAGNOSTIC,     2, -4.343666910329e-01, 1.797693134862e+308, 1.2800e+02, 0.0000e+00, 
 2DIAGNOSTIC,     3, -4.344759956142e-01, 1.797693134862e+308, 1.2800e+02, 0.0000e+00, 
 2DIAGNOSTIC,     4, -4.345941301925e-01, 1.797693134862e+308, 1.2800e+02, 0.0000e+00, 
 2DIAGNOSTIC,     5, -4.346893259643e-01, 1.797693134862e+308, 1.2800e+02, 0.0000e+00, 
 2DIAGNOSTIC,     6, -4.347050705279e-01, 1.797693134862e+308, 1.2800e+02, 0.0000e+00, 
 2DIAGNOSTIC,     7, -4.347183386520e-01, 1.797693134862e+308, 1.2800e+02, 0.0000e+00, 
 2DIAGNOSTIC,     8, -4.347362255773e-01, 1.797693134862e+308, 1.2800e+02, 0.0000e+00, 
 2DIAGNOSTIC,     9, -4.347637747941e-01, 1.797693134862e+308, 1.2800e+02, 0.0000e+00, 
 2DIAGNOSTIC,    10, -4.347793396712e-01, 8.133678189186e-05, 1.2800e+02, 0.0000e+00, 
 2DIAGNOSTIC,    11, -4.348083008464e-01, 5.341186523250e-05, 1.2800e+02, 0.0000e+00, 
 2DIAGNOSTIC,    12, -4.348647582657e-01, 3.912870819603e-05, 1.2800e+02, 0.0000e+00, 
 2DIAGNOSTIC,    13, -4.348908070759e-01, 3.038484681589e-05, 1.2800e+02, 0.0000e+00, 
 2DIAGNOSTIC,    14, -4.348901105141e-01, 2.572099803629e-05, 1.2800e+02, 0.0000e+00, 
 2DIAGNOSTIC,    15, -4.348896601569e-01, 2.370243648980e-05, 1.2800e+02, 0.0000e+00, 
 2DIAGNOSTIC,    16, -4.348904329798e-01, 2.063041895353e-05, 1.2800e+02, 0.0000e+00, 
 2DIAGNOSTIC,    17, -4.348934740394e-01, 1.678779340305e-05, 1.2800e+02, 0.0000e+00, 
 2DIAGNOSTIC,    18, -4.348923549302e-01, 1.257202284188e-05, 1.2800e+02, 0.0000e+00, 
 2DIAGNOSTIC,    19, -4.348915214322e-01, 8.746490985610e-06, 1.2800e+02, 0.0000e+00, 
 2DIAGNOSTIC,    20, -4.348904949750e-01, 5.132938884864e-06, 1.2800e+02, 0.0000e+00, 
 2DIAGNOSTIC,    21, -4.348897440740e-01, 2.370237758689e-06, 1.2800e+02, 0.0000e+00, 
 2DIAGNOSTIC,    22, -4.348893155082e-01, 1.419548198933e-06, 1.2800e+02, 0.0000e+00, 
 2DIAGNOSTIC,    23, -4.348936878390e-01, 1.419388874609e-06, 1.2800e+02, 0.0000e+00, 
 2DIAGNOSTIC,    24, -4.348939048451e-01, 1.401492380280e-06, 1.2800e+02, 0.0000e+00, 
 2DIAGNOSTIC,    25, -4.348944093321e-01, 1.380877735442e-06, 1.2800e+02, 0.0000e+00, 
 2DIAGNOSTIC,    26, -4.348917066654e-01, 1.302239876599e-06, 1.2800e+02, 0.0000e+00, 
 2DIAGNOSTIC,    27, -4.348914419599e-01, 1.291333685316e-06, 1.2800e+02, 0.0000e+00, 
 2DIAGNOSTIC,    28, -4.348911945574e-01, 1.236546577063e-06, 1.2800e+02, 0.0000e+00, 
 2DIAGNOSTIC,    29, -4.348900150191e-01, 1.129603067182e-06, 1.2800e+02, 0.0000e+00, 
 2DIAGNOSTIC,    30, -4.348904044838e-01, 1.015348201711e-06, 1.2800e+02, 0.0000e+00, 
DIAGNOSTIC,Iteration,metricValue,convergenceValue,ITERATION_TIME_INDEX,SINCE_LAST
 2DIAGNOSTIC,     1, -4.013451812203e-01, 1.797693134862e+308, 1.2800e+02, 0.0000e+00, 
 2DIAGNOSTIC,     2, -4.015006523373e-01, 1.797693134862e+308, 1.2800e+02, 0.0000e+00, 
 2DIAGNOSTIC,     3, -4.016048998737e-01, 1.797693134862e+308, 1.2800e+02, 0.0000e+00, 
 2DIAGNOSTIC,     4, -4.016231170754e-01, 1.797693134862e+308, 1.2800e+02, 0.0000e+00, 
 2DIAGNOSTIC,     5, -4.016444478821e-01, 1.797693134862e+308, 1.2800e+02, 0.0000e+00, 
 2DIAGNOSTIC,     6, -4.016512775858e-01, 1.797693134862e+308, 1.2800e+02, 0.0000e+00, 
 2DIAGNOSTIC,     7, -4.016515328529e-01, 1.797693134862e+308, 1.2800e+02, 0.0000e+00, 
 2DIAGNOSTIC,     8, -4.016534900614e-01, 1.797693134862e+308, 1.2800e+02, 0.0000e+00, 
 2DIAGNOSTIC,     9, -4.016557148184e-01, 1.797693134862e+308, 1.2800e+02, 0.0000e+00, 
 2DIAGNOSTIC,    10, -4.016649977376e-01, 3.883363550697e-05, 1.2800e+02, 0.0000e+00, 
 2DIAGNOSTIC,    11, -4.016723476536e-01, 1.906250682948e-05, 1.2800e+02, 0.0000e+00, 
 2DIAGNOSTIC,    12, -4.016723165784e-01, 1.015522950908e-05, 2.5600e+02, 1.2800e+02, 
 2DIAGNOSTIC,    13, -4.016721119181e-01, 7.607046228486e-06, 2.5600e+02, 0.0000e+00, 
 2DIAGNOSTIC,    14, -4.016712797356e-01, 5.808794964382e-06, 2.5600e+02, 0.0000e+00, 
 2DIAGNOSTIC,    15, -4.016725447102e-01, 4.977793824787e-06, 2.5600e+02, 0.0000e+00, 
 2DIAGNOSTIC,    16, -4.016714022792e-01, 4.233354192487e-06, 2.5600e+02, 0.0000e+00, 
 2DIAGNOSTIC,    17, -4.016716764124e-01, 3.397279211323e-06, 2.5600e+02, 0.0000e+00, 
 2DIAGNOSTIC,    18, -4.016713532325e-01, 2.584216258081e-06, 2.5600e+02, 0.0000e+00, 
 2DIAGNOSTIC,    19, -4.016712218099e-01, 1.852532702816e-06, 2.5600e+02, 0.0000e+00, 
 2DIAGNOSTIC,    20, -4.016712292997e-01, 1.498249462120e-06, 2.5600e+02, 0.0000e+00, 
 2DIAGNOSTIC,    21, -4.016712347367e-01, 1.433873204990e-06, 2.5600e+02, 0.0000e+00, 
 2DIAGNOSTIC,    22, -4.016712363596e-01, 1.382453922137e-06, 2.5600e+02, 0.0000e+00, 
 2DIAGNOSTIC,    23, -4.016710424092e-01, 1.329976147657e-06, 2.5600e+02, 0.0000e+00, 
 2DIAGNOSTIC,    24, -4.016710501183e-01, 1.261470024827e-06, 2.5600e+02, 0.0000e+00, 
 2DIAGNOSTIC,    25, -4.016711374536e-01, 1.243545141957e-06, 2.5600e+02, 0.0000e+00, 
 2DIAGNOSTIC,    26, -4.016709680186e-01, 1.193484301179e-06, 2.5600e+02, 0.0000e+00, 
 2DIAGNOSTIC,    27, -4.016710699102e-01, 1.160198140407e-06, 2.5600e+02, 0.0000e+00, 
 2DIAGNOSTIC,    28, -4.016710718117e-01, 1.122962748998e-06, 3.8400e+02, 1.2800e+02, 
 2DIAGNOSTIC,    29, -4.016710455736e-01, 1.085657846213e-06, 3.8400e+02, 0.0000e+00, 
 2DIAGNOSTIC,    30, -4.016710452526e-01, 1.052037109310e-06, 3.8400e+02, 0.0000e+00, 
 2DIAGNOSTIC,    31, -4.016709602181e-01, 1.019550819749e-06, 3.8400e+02, 0.0000e+00, 
  Elapsed time (stage 0): 3.8400e+02


Total elapsed time: 3.8400e+02
Info [verificarlo]: loaded backend libinterflop_vprec.so
Info [interflop-vprec]: load backend with: 
Info [interflop-vprec]: precision-binary32 = 23
Info [interflop-vprec]: range-binary32 = 7
Info [interflop-vprec]: precision-binary64 = 23
Info [interflop-vprec]: range-binary64 = 7
Info [interflop-vprec]: mode = ob
Info [interflop-vprec]: error-mode = rel
Info [interflop-vprec]: max-abs-error-exponent = -1022
Info [interflop-vprec]: daz = false
Info [interflop-vprec]: ftz = false
Info [interflop-vprec]: 	instrument = none
Info [interflop-vprec]: 	prec-input-file = (null)
Info [interflop-vprec]: 	prec-output-file = (null)
Info [interflop-vprec]: 	prec-log-file = (null)
All_Command_lines_OK
Using double precision for computations.
=============================================================================
The composite transform comprises the following transforms (in order): 
  1. /home/mdugre/scratch/mri-registration-rp/datasets/ds004513/derivatives/mri-registration-rp/1111/antsRegistration-r7-p23/sub-s037/rigid_Composite.h5[0] (type = Euler3DTransform)
  2. /home/mdugre/scratch/mri-registration-rp/datasets/ds004513/derivatives/mri-registration-rp/1111/antsRegistration-r7-p23/sub-s037/rigid_Composite.h5[1] (type = Euler3DTransform)
  3. /home/mdugre/scratch/mri-registration-rp/datasets/ds004513/derivatives/mri-registration-rp/1111/antsRegistration-r7-p23/sub-s037/rigid_Composite.h5[2] (type = Euler3DTransform)
=============================================================================
  number of levels = 4
  fixed image: /templateflow/tpl-MNI152NLin2009cAsym/tpl-MNI152NLin2009cAsym_res-01_desc-brain_T1w.nii.gz
  moving image: /home/mdugre/scratch/mri-registration-rp/datasets/ds004513/derivatives/mri-registration-rp/antsBrainExtraction/sub-s037/BrainExtractionBrain.nii.gz
Dimension = 3
Number of stages = 1
Use histogram matching = false
Winsorize image intensities = true
  Lower quantile = 0.005
  Upper quantile = 0.995


Stage 1 State
   Image metric = MattesMI
     Fixed image = Image (0x4091490)
  RTTI typeinfo:   itk::Image<double, 3u>
  Reference Count: 2
  Modified Time: 1592
  Debug: Off
  Object Name: 
  Observers: 
    none
  Source: (none)
  Source output name: (none)
  Release Data: Off
  Data Released: False
  Global Release Data: Off
  PipelineMTime: 0
  UpdateMTime: 1203
  RealTimeStamp: 0 seconds 
  LargestPossibleRegion: 
    Dimension: 3
    Index: [0, 0, 0]
    Size: [193, 229, 193]
  BufferedRegion: 
    Dimension: 3
    Index: [0, 0, 0]
    Size: [193, 229, 193]
  RequestedRegion: 
    Dimension: 3
    Index: [0, 0, 0]
    Size: [193, 229, 193]
  Spacing: [1, 1, 1]
  Origin: [96, 132, -78]
  Direction: 
-1 0 0
0 -1 0
0 0 1

  IndexToPointMatrix: 
-1 0 0
0 -1 0
0 0 1

  PointToIndexMatrix: 
-1 0 0
0 -1 0
0 0 1

  Inverse Direction: 
-1 0 0
0 -1 0
0 0 1

  PixelContainer: 
    ImportImageContainer (0x415e8d0)
      RTTI typeinfo:   itk::ImportImageContainer<unsigned long, double>
      Reference Count: 1
      Modified Time: 1200
      Debug: Off
      Object Name: 
      Observers: 
        none
      Pointer: 0x150525b25010
      Container manages memory: true
      Size: 8530021
      Capacity: 8530021

     Moving image = Image (0x415de80)
  RTTI typeinfo:   itk::Image<double, 3u>
  Reference Count: 2
  Modified Time: 1593
  Debug: Off
  Object Name: 
  Observers: 
    none
  Source: (none)
  Source output name: (none)
  Release Data: Off
  Data Released: False
  Global Release Data: Off
  PipelineMTime: 0
  UpdateMTime: 1590
  RealTimeStamp: 0 seconds 
  LargestPossibleRegion: 
    Dimension: 3
    Index: [0, 0, 0]
    Size: [160, 240, 256]
  BufferedRegion: 
    Dimension: 3
    Index: [0, 0, 0]
    Size: [160, 240, 256]
  RequestedRegion: 
    Dimension: 3
    Index: [0, 0, 0]
    Size: [160, 240, 256]
  Spacing: [1, 1, 1]
  Origin: [87.9508, 102.562, -147.639]
  Direction: 
-0.998659 -0.0436121 -0.0279129
0.043595 -0.999049 0.00121847
-0.0279395 -2.65543e-08 0.99961

  IndexToPointMatrix: 
-0.998659 -0.0436121 -0.0279129
0.043595 -0.999049 0.00121847
-0.0279395 -2.65543e-08 0.99961

  PointToIndexMatrix: 
-0.998659 0.043595 -0.0279395
-0.0436121 -0.999049 5.96046e-08
-0.0279129 0.00121838 0.99961

  Inverse Direction: 
-0.998659 0.043595 -0.0279395
-0.0436121 -0.999049 5.96046e-08
-0.0279129 0.00121838 0.99961

  PixelContainer: 
    ImportImageContainer (0x40a2ec0)
      RTTI typeinfo:   itk::ImportImageContainer<unsigned long, double>
      Reference Count: 1
      Modified Time: 1587
      Debug: Off
      Object Name: 
      Observers: 
        none
      Pointer: 0x150521024010
      Container manages memory: true
      Size: 9830400
      Capacity: 9830400

     Weighting = 1
     Sampling strategy = regular
     Number of bins = 32
     Radius = 4
     Sampling percentage  = 0.25
   Transform = Affine
     Gradient step = 0.1
     Update field sigma (voxel space) = 0
     Total field sigma (voxel space) = 0
     Update field time sigma = 0
     Total field time sigma  = 0
     Number of time indices = 0
     Number of time point samples = 0
Registration using 1 total stages.

Stage 0
  iterations = 1000x500x250x100
  convergence threshold = 1e-06
  convergence window size = 10
  number of levels = 4
  using the Mattes MI metric (number of bins = 32, weight = 1, use gradient filter = 0)
  preprocessing:  winsorizing the image intensities
  Shrink factors (level 1 out of 4): [8, 8, 8]
  Shrink factors (level 2 out of 4): [4, 4, 4]
  Shrink factors (level 3 out of 4): [2, 2, 2]
  Shrink factors (level 4 out of 4): [1, 1, 1]
  smoothing sigmas per level: [3, 2, 1, 0]
  regular sampling (percentage = 0.25)

*** Running AffineTransform registration ***

DIAGNOSTIC,Iteration,metricValue,convergenceValue,ITERATION_TIME_INDEX,SINCE_LAST
 2DIAGNOSTIC,     1, -5.871071029475e-01, 1.797693134862e+308, 0.0000e+00, 0.0000e+00, 
 2DIAGNOSTIC,     2, -5.885597637958e-01, 1.797693134862e+308, 0.0000e+00, 0.0000e+00, 
 2DIAGNOSTIC,     3, -5.914267899523e-01, 1.797693134862e+308, 0.0000e+00, 0.0000e+00, 
 2DIAGNOSTIC,     4, -5.958336280602e-01, 1.797693134862e+308, 0.0000e+00, 0.0000e+00, 
 2DIAGNOSTIC,     5, -6.036277892213e-01, 1.797693134862e+308, 0.0000e+00, 0.0000e+00, 
 2DIAGNOSTIC,     6, -6.145518028790e-01, 1.797693134862e+308, 0.0000e+00, 0.0000e+00, 
 2DIAGNOSTIC,     7, -6.332115984537e-01, 1.797693134862e+308, 0.0000e+00, 0.0000e+00, 
 2DIAGNOSTIC,     8, -6.659734618699e-01, 1.797693134862e+308, 0.0000e+00, 0.0000e+00, 
 2DIAGNOSTIC,     9, -7.125182305182e-01, 1.797693134862e+308, 0.0000e+00, 0.0000e+00, 
 2DIAGNOSTIC,    10, -7.155066146304e-01, 1.389232386247e-02, 0.0000e+00, 0.0000e+00, 
 2DIAGNOSTIC,    11, -7.188764802194e-01, 1.427297771930e-02, 0.0000e+00, 0.0000e+00, 
 2DIAGNOSTIC,    12, -7.200418813887e-01, 1.342238640717e-02, 0.0000e+00, 0.0000e+00, 
 2DIAGNOSTIC,    13, -7.212579941264e-01, 1.163082319480e-02, 0.0000e+00, 0.0000e+00, 
 2DIAGNOSTIC,    14, -7.214299059207e-01, 9.192974990470e-03, 0.0000e+00, 0.0000e+00, 
 2DIAGNOSTIC,    15, -7.213222302198e-01, 6.503754509625e-03, 0.0000e+00, 0.0000e+00, 
 2DIAGNOSTIC,    16, -7.213193597808e-01, 3.893818434068e-03, 0.0000e+00, 0.0000e+00, 
 2DIAGNOSTIC,    17, -7.213770685060e-01, 1.718416534794e-03, 0.0000e+00, 0.0000e+00, 
 2DIAGNOSTIC,    18, -7.212684542354e-01, 3.836572150378e-04, 0.0000e+00, 0.0000e+00, 
 2DIAGNOSTIC,    19, -7.211234742090e-01, 1.940192046561e-04, 0.0000e+00, 0.0000e+00, 
 2DIAGNOSTIC,    20, -7.211141117728e-01, 6.823504635108e-05, 0.0000e+00, 0.0000e+00, 
 2DIAGNOSTIC,    21, -7.210143044663e-01, 1.390674660246e-05, 0.0000e+00, 0.0000e+00, 
DIAGNOSTIC,Iteration,metricValue,convergenceValue,ITERATION_TIME_INDEX,SINCE_LAST
 2DIAGNOSTIC,     1, -5.941781738332e-01, 1.797693134862e+308, 0.0000e+00, 0.0000e+00, 
 2DIAGNOSTIC,     2, -5.948294312950e-01, 1.797693134862e+308, 0.0000e+00, 0.0000e+00, 
 2DIAGNOSTIC,     3, -5.957063482370e-01, 1.797693134862e+308, 0.0000e+00, 0.0000e+00, 
 2DIAGNOSTIC,     4, -5.967604413836e-01, 1.797693134862e+308, 0.0000e+00, 0.0000e+00, 
 2DIAGNOSTIC,     5, -5.979382449135e-01, 1.797693134862e+308, 0.0000e+00, 0.0000e+00, 
 2DIAGNOSTIC,     6, -5.987598917721e-01, 1.797693134862e+308, 0.0000e+00, 0.0000e+00, 
 2DIAGNOSTIC,     7, -5.993107675050e-01, 1.797693134862e+308, 0.0000e+00, 0.0000e+00, 
 2DIAGNOSTIC,     8, -5.996313618773e-01, 1.797693134862e+308, 0.0000e+00, 0.0000e+00, 
 2DIAGNOSTIC,     9, -6.002187076933e-01, 1.797693134862e+308, 0.0000e+00, 0.0000e+00, 
 2DIAGNOSTIC,    10, -6.002576932274e-01, 7.101790361267e-04, 0.0000e+00, 0.0000e+00, 
 2DIAGNOSTIC,    11, -6.002588874035e-01, 5.522806378852e-04, 0.0000e+00, 0.0000e+00, 
 2DIAGNOSTIC,    12, -6.002561882794e-01, 3.973520246166e-04, 0.0000e+00, 0.0000e+00, 
 2DIAGNOSTIC,    13, -6.002954616291e-01, 2.637588426599e-04, 0.0000e+00, 0.0000e+00, 
 2DIAGNOSTIC,    14, -6.003644696147e-01, 1.627495143474e-04, 0.0000e+00, 0.0000e+00, 
 2DIAGNOSTIC,    15, -6.004114068475e-01, 9.885610286044e-05, 0.0000e+00, 0.0000e+00, 
 2DIAGNOSTIC,    16, -6.004145190103e-01, 5.850186212793e-05, 0.0000e+00, 0.0000e+00, 
 2DIAGNOSTIC,    17, -6.004582686437e-01, 3.430776515569e-05, 0.0000e+00, 0.0000e+00, 
 2DIAGNOSTIC,    18, -6.004560474822e-01, 1.773953326090e-05, 0.0000e+00, 0.0000e+00, 
 2DIAGNOSTIC,    19, -6.004724772260e-01, 1.646797668507e-05, 0.0000e+00, 0.0000e+00, 
 2DIAGNOSTIC,    20, -6.004987140309e-01, 1.549032346562e-05, 0.0000e+00, 0.0000e+00, 
 2DIAGNOSTIC,    21, -6.005330415355e-01, 1.412960858059e-05, 0.0000e+00, 0.0000e+00, 
 2DIAGNOSTIC,    22, -6.007187751503e-01, 1.564684160440e-05, 0.0000e+00, 0.0000e+00, 
 2DIAGNOSTIC,    23, -6.007108720825e-01, 1.622630425225e-05, 0.0000e+00, 0.0000e+00, 
 2DIAGNOSTIC,    24, -6.006939646198e-01, 1.643656487513e-05, 0.0000e+00, 0.0000e+00, 
 2DIAGNOSTIC,    25, -6.006763762671e-01, 1.582846737469e-05, 0.0000e+00, 0.0000e+00, 
 2DIAGNOSTIC,    26, -6.006677681465e-01, 1.375787043854e-05, 0.0000e+00, 0.0000e+00, 
 2DIAGNOSTIC,    27, -6.006502757750e-01, 1.107284197489e-05, 0.0000e+00, 0.0000e+00, 
 2DIAGNOSTIC,    28, -6.006337502239e-01, 7.329811198969e-06, 0.0000e+00, 0.0000e+00, 
 2DIAGNOSTIC,    29, -6.006180228113e-01, 3.324364592765e-06, 0.0000e+00, 0.0000e+00, 
DIAGNOSTIC,Iteration,metricValue,convergenceValue,ITERATION_TIME_INDEX,SINCE_LAST
 2DIAGNOSTIC,     1, -5.252846762130e-01, 1.797693134862e+308, 0.0000e+00, 0.0000e+00, 
 2DIAGNOSTIC,     2, -5.255683295009e-01, 1.797693134862e+308, 0.0000e+00, 0.0000e+00, 
 2DIAGNOSTIC,     3, -5.259512201460e-01, 1.797693134862e+308, 0.0000e+00, 0.0000e+00, 
 2DIAGNOSTIC,     4, -5.264057093377e-01, 1.797693134862e+308, 0.0000e+00, 0.0000e+00, 
 2DIAGNOSTIC,     5, -5.269083422240e-01, 1.797693134862e+308, 0.0000e+00, 0.0000e+00, 
 2DIAGNOSTIC,     6, -5.273456293644e-01, 1.797693134862e+308, 0.0000e+00, 0.0000e+00, 
 2DIAGNOSTIC,     7, -5.276801418905e-01, 1.797693134862e+308, 0.0000e+00, 0.0000e+00, 
 2DIAGNOSTIC,     8, -5.277365807474e-01, 1.797693134862e+308, 0.0000e+00, 0.0000e+00, 
 2DIAGNOSTIC,     9, -5.277755888773e-01, 1.797693134862e+308, 0.0000e+00, 0.0000e+00, 
 2DIAGNOSTIC,    10, -5.277767453571e-01, 3.452569525549e-04, 0.0000e+00, 0.0000e+00, 
 2DIAGNOSTIC,    11, -5.277845858657e-01, 2.585945959653e-04, 0.0000e+00, 0.0000e+00, 
 2DIAGNOSTIC,    12, -5.278053647330e-01, 1.769580451259e-04, 0.0000e+00, 0.0000e+00, 
 2DIAGNOSTIC,    13, -5.278476086303e-01, 1.096849579629e-04, 0.0000e+00, 0.0000e+00, 
 2DIAGNOSTIC,    14, -5.279402094063e-01, 6.315777956242e-05, 0.0000e+00, 0.0000e+00, 
 2DIAGNOSTIC,    15, -5.279365477296e-01, 3.487445935714e-05, 0.0000e+00, 0.0000e+00, 
 2DIAGNOSTIC,    16, -5.279358461098e-01, 2.161563892550e-05, 0.0000e+00, 0.0000e+00, 
 2DIAGNOSTIC,    17, -5.279362434009e-01, 1.872530212590e-05, 0.0000e+00, 0.0000e+00, 
 2DIAGNOSTIC,    18, -5.279347818239e-01, 1.618028337790e-05, 0.0000e+00, 0.0000e+00, 
 2DIAGNOSTIC,    19, -5.279332846667e-01, 1.359609696004e-05, 0.0000e+00, 0.0000e+00, 
 2DIAGNOSTIC,    20, -5.279330749235e-01, 1.020098161414e-05, 0.0000e+00, 0.0000e+00, 
 2DIAGNOSTIC,    21, -5.279332980413e-01, 6.570768612095e-06, 0.0000e+00, 0.0000e+00, 
 2DIAGNOSTIC,    22, -5.279341981843e-01, 3.325419315366e-06, 0.0000e+00, 0.0000e+00, 
 2DIAGNOSTIC,    23, -5.279361073154e-01, 1.157769832241e-06, 0.0000e+00, 0.0000e+00, 
 2DIAGNOSTIC,    24, -5.279342318889e-01, 1.231151046242e-06, 0.0000e+00, 0.0000e+00, 
 2DIAGNOSTIC,    25, -5.279354797097e-01, 1.257763797363e-06, 0.0000e+00, 0.0000e+00, 
 2DIAGNOSTIC,    26, -5.279357540759e-01, 1.273150306583e-06, 0.0000e+00, 0.0000e+00, 
 2DIAGNOSTIC,    27, -5.279357020988e-01, 1.289179318874e-06, 0.0000e+00, 0.0000e+00, 
 2DIAGNOSTIC,    28, -5.279354136188e-01, 1.260787440935e-06, 0.0000e+00, 0.0000e+00, 
