
##########################
# Experiment information #
##########################

EXPERIMENT_NAME: antsRegistration-r8-p22
VFC_BACKENDS: libinterflop_vprec.so --range-binary32=8 --precision-binary32=22 --range-binary64=8 --precision-binary64=22

SIF_IMG: /home/mdugre/projects/rrg-glatard/mdugre/containers/ants-vprec-no_metrics.simg

SUBJECT_ID: s025
INPUT_IMG: /home/mdugre/scratch/mri-registration-rp/datasets/ds004513/derivatives/mri-registration-rp/antsBrainExtraction/sub-s025/BrainExtractionBrain.nii.gz
OUTPUT_DIR: /home/mdugre/scratch/mri-registration-rp/datasets/ds004513/derivatives/mri-registration-rp/1111/antsRegistration-r8-p22/sub-s025

FIXED_IMG: /templateflow/tpl-MNI152NLin2009cAsym/tpl-MNI152NLin2009cAsym_res-01_desc-brain_T1w.nii.gz
DATA_DIR: /home/mdugre/scratch/mri-registration-rp/datasets/ds004513
TEMPLATEFLOW_DIR: /home/mdugre/projects/rrg-glatard/mdugre/templateflow
ITK_GLOBAL_DEFAULT_NUMBER_OF_THREADS: 16
##########################

Info [verificarlo]: loaded backend libinterflop_vprec.so
Info [interflop-vprec]: load backend with: 
Info [interflop-vprec]: precision-binary32 = 22
Info [interflop-vprec]: range-binary32 = 8
Info [interflop-vprec]: precision-binary64 = 22
Info [interflop-vprec]: range-binary64 = 8
Info [interflop-vprec]: mode = ob
Info [interflop-vprec]: error-mode = rel
Info [interflop-vprec]: max-abs-error-exponent = -1022
Info [interflop-vprec]: daz = false
Info [interflop-vprec]: ftz = false
Info [interflop-vprec]: 	instrument = none
Info [interflop-vprec]: 	prec-input-file = (null)
Info [interflop-vprec]: 	prec-output-file = (null)
Info [interflop-vprec]: 	prec-log-file = (null)
All_Command_lines_OK
Using double precision for computations.
=============================================================================
The composite transform comprises the following transforms (in order): 
  1. Center of mass alignment using fixed image: /templateflow/tpl-MNI152NLin2009cAsym/tpl-MNI152NLin2009cAsym_res-01_desc-brain_T1w.nii.gz and moving image: /home/mdugre/scratch/mri-registration-rp/datasets/ds004513/derivatives/mri-registration-rp/antsBrainExtraction/sub-s025/BrainExtractionBrain.nii.gz (type = Euler3DTransform)
=============================================================================
  number of levels = 1
  fixed image: /templateflow/tpl-MNI152NLin2009cAsym/tpl-MNI152NLin2009cAsym_res-01_desc-brain_T1w.nii.gz
  moving image: /home/mdugre/scratch/mri-registration-rp/datasets/ds004513/derivatives/mri-registration-rp/antsBrainExtraction/sub-s025/BrainExtractionBrain.nii.gz
Dimension = 3
Number of stages = 1
Use histogram matching = false
Winsorize image intensities = true
  Lower quantile = 0.005
  Upper quantile = 0.995


Stage 1 State
   Image metric = MattesMI
     Fixed image = Image (0x4d19b20)
  RTTI typeinfo:   itk::Image<double, 3u>
  Reference Count: 2
  Modified Time: 2334
  Debug: Off
  Object Name: 
  Observers: 
    none
  Source: (none)
  Source output name: (none)
  Release Data: Off
  Data Released: False
  Global Release Data: Off
  PipelineMTime: 0
  UpdateMTime: 1943
  RealTimeStamp: 0 seconds 
  LargestPossibleRegion: 
    Dimension: 3
    Index: [0, 0, 0]
    Size: [193, 229, 193]
  BufferedRegion: 
    Dimension: 3
    Index: [0, 0, 0]
    Size: [193, 229, 193]
  RequestedRegion: 
    Dimension: 3
    Index: [0, 0, 0]
    Size: [193, 229, 193]
  Spacing: [1, 1, 1]
  Origin: [96, 132, -78]
  Direction: 
-1 0 0
0 -1 0
0 0 1

  IndexToPointMatrix: 
-1 0 0
0 -1 0
0 0 1

  PointToIndexMatrix: 
-1 0 0
0 -1 0
0 0 1

  Inverse Direction: 
-1 0 0
0 -1 0
0 0 1

  PixelContainer: 
    ImportImageContainer (0x4e45650)
      RTTI typeinfo:   itk::ImportImageContainer<unsigned long, double>
      Reference Count: 1
      Modified Time: 1940
      Debug: Off
      Object Name: 
      Observers: 
        none
      Pointer: 0x14bb2703a010
      Container manages memory: true
      Size: 8530021
      Capacity: 8530021

     Moving image = Image (0x4d1bad0)
  RTTI typeinfo:   itk::Image<double, 3u>
  Reference Count: 2
  Modified Time: 2335
  Debug: Off
  Object Name: 
  Observers: 
    none
  Source: (none)
  Source output name: (none)
  Release Data: Off
  Data Released: False
  Global Release Data: Off
  PipelineMTime: 0
  UpdateMTime: 2332
  RealTimeStamp: 0 seconds 
  LargestPossibleRegion: 
    Dimension: 3
    Index: [0, 0, 0]
    Size: [176, 240, 256]
  BufferedRegion: 
    Dimension: 3
    Index: [0, 0, 0]
    Size: [176, 240, 256]
  RequestedRegion: 
    Dimension: 3
    Index: [0, 0, 0]
    Size: [176, 240, 256]
  Spacing: [0.999999, 1, 1]
  Origin: [90.3778, 84.5091, -154.071]
  Direction: 
-0.999391 7.48184e-06 -0.0348969
-7.47664e-06 -1 -2.7953e-07
-0.0348969 -1.84481e-08 0.999391

  IndexToPointMatrix: 
-0.99939 7.48184e-06 -0.0348969
-7.47663e-06 -1 -2.7953e-07
-0.0348968 -1.84481e-08 0.999391

  PointToIndexMatrix: 
-0.999393 -7.47665e-06 -0.0348969
7.48184e-06 -1 -1.84481e-08
-0.0348969 -2.7953e-07 0.999391

  Inverse Direction: 
-0.999391 -7.47665e-06 -0.0348969
7.48184e-06 -1 -1.8448e-08
-0.0348969 -2.7953e-07 0.999391

  PixelContainer: 
    ImportImageContainer (0x4d63050)
      RTTI typeinfo:   itk::ImportImageContainer<unsigned long, double>
      Reference Count: 1
      Modified Time: 2329
      Debug: Off
      Object Name: 
      Observers: 
        none
      Pointer: 0x14bb21db9010
      Container manages memory: true
      Size: 10813440
      Capacity: 10813440

     Weighting = 1
     Sampling strategy = regular
     Number of bins = 32
     Radius = 4
     Sampling percentage  = 0.25
   Transform = Rigid
     Gradient step = 0.1
     Update field sigma (voxel space) = 0
     Total field sigma (voxel space) = 0
     Update field time sigma = 0
     Total field time sigma  = 0
     Number of time indices = 0
     Number of time point samples = 0
Registration using 1 total stages.

Stage 0
  iterations = 0
  convergence threshold = 1e-06
  convergence window size = 10
  number of levels = 1
  using the Mattes MI metric (number of bins = 32, weight = 1, use gradient filter = 0)
  preprocessing:  winsorizing the image intensities
  Shrink factors (level 1 out of 1): [1, 1, 1]
  smoothing sigmas per level: [0]
  regular sampling (percentage = 0.25)

*** Running Euler3DTransform registration ***

  Elapsed time (stage 0): 0


Total elapsed time: 0
Info [verificarlo]: loaded backend libinterflop_vprec.so
Info [interflop-vprec]: load backend with: 
Info [interflop-vprec]: precision-binary32 = 22
Info [interflop-vprec]: range-binary32 = 8
Info [interflop-vprec]: precision-binary64 = 22
Info [interflop-vprec]: range-binary64 = 8
Info [interflop-vprec]: mode = ob
Info [interflop-vprec]: error-mode = rel
Info [interflop-vprec]: max-abs-error-exponent = -1022
Info [interflop-vprec]: daz = false
Info [interflop-vprec]: ftz = false
Info [interflop-vprec]: 	instrument = none
Info [interflop-vprec]: 	prec-input-file = (null)
Info [interflop-vprec]: 	prec-output-file = (null)
Info [interflop-vprec]: 	prec-log-file = (null)
All_Command_lines_OK
Using double precision for computations.
=============================================================================
The composite transform comprises the following transforms (in order): 
  1. /home/mdugre/scratch/mri-registration-rp/datasets/ds004513/derivatives/mri-registration-rp/1111/antsRegistration-r8-p22/sub-s025/align_Composite.h5[0] (type = Euler3DTransform)
  2. /home/mdugre/scratch/mri-registration-rp/datasets/ds004513/derivatives/mri-registration-rp/1111/antsRegistration-r8-p22/sub-s025/align_Composite.h5[1] (type = Euler3DTransform)
=============================================================================
  number of levels = 4
  fixed image: /templateflow/tpl-MNI152NLin2009cAsym/tpl-MNI152NLin2009cAsym_res-01_desc-brain_T1w.nii.gz
  moving image: /home/mdugre/scratch/mri-registration-rp/datasets/ds004513/derivatives/mri-registration-rp/antsBrainExtraction/sub-s025/BrainExtractionBrain.nii.gz
Dimension = 3
Number of stages = 1
Use histogram matching = false
Winsorize image intensities = true
  Lower quantile = 0.005
  Upper quantile = 0.995


Stage 1 State
   Image metric = MattesMI
     Fixed image = Image (0x4efa1e0)
  RTTI typeinfo:   itk::Image<double, 3u>
  Reference Count: 2
  Modified Time: 1580
  Debug: Off
  Object Name: 
  Observers: 
    none
  Source: (none)
  Source output name: (none)
  Release Data: Off
  Data Released: False
  Global Release Data: Off
  PipelineMTime: 0
  UpdateMTime: 1189
  RealTimeStamp: 0 seconds 
  LargestPossibleRegion: 
    Dimension: 3
    Index: [0, 0, 0]
    Size: [193, 229, 193]
  BufferedRegion: 
    Dimension: 3
    Index: [0, 0, 0]
    Size: [193, 229, 193]
  RequestedRegion: 
    Dimension: 3
    Index: [0, 0, 0]
    Size: [193, 229, 193]
  Spacing: [1, 1, 1]
  Origin: [96, 132, -78]
  Direction: 
-1 0 0
0 -1 0
0 0 1

  IndexToPointMatrix: 
-1 0 0
0 -1 0
0 0 1

  PointToIndexMatrix: 
-1 0 0
0 -1 0
0 0 1

  Inverse Direction: 
-1 0 0
0 -1 0
0 0 1

  PixelContainer: 
    ImportImageContainer (0x4fb9640)
      RTTI typeinfo:   itk::ImportImageContainer<unsigned long, double>
      Reference Count: 1
      Modified Time: 1186
      Debug: Off
      Object Name: 
      Observers: 
        none
      Pointer: 0x14cdb9ce8010
      Container manages memory: true
      Size: 8530021
      Capacity: 8530021

     Moving image = Image (0x4fb5c90)
  RTTI typeinfo:   itk::Image<double, 3u>
  Reference Count: 2
  Modified Time: 1581
  Debug: Off
  Object Name: 
  Observers: 
    none
  Source: (none)
  Source output name: (none)
  Release Data: Off
  Data Released: False
  Global Release Data: Off
  PipelineMTime: 0
  UpdateMTime: 1578
  RealTimeStamp: 0 seconds 
  LargestPossibleRegion: 
    Dimension: 3
    Index: [0, 0, 0]
    Size: [176, 240, 256]
  BufferedRegion: 
    Dimension: 3
    Index: [0, 0, 0]
    Size: [176, 240, 256]
  RequestedRegion: 
    Dimension: 3
    Index: [0, 0, 0]
    Size: [176, 240, 256]
  Spacing: [0.999999, 1, 1]
  Origin: [90.3778, 84.5091, -154.071]
  Direction: 
-0.999391 7.48184e-06 -0.0348969
-7.47664e-06 -1 -2.7953e-07
-0.0348969 -1.84481e-08 0.999391

  IndexToPointMatrix: 
-0.99939 7.48184e-06 -0.0348969
-7.47663e-06 -1 -2.7953e-07
-0.0348968 -1.84481e-08 0.999391

  PointToIndexMatrix: 
-0.999393 -7.47665e-06 -0.0348969
7.48184e-06 -1 -1.84481e-08
-0.0348969 -2.7953e-07 0.999391

  Inverse Direction: 
-0.999391 -7.47665e-06 -0.0348969
7.48184e-06 -1 -1.8448e-08
-0.0348969 -2.7953e-07 0.999391

  PixelContainer: 
    ImportImageContainer (0x5026d90)
      RTTI typeinfo:   itk::ImportImageContainer<unsigned long, double>
      Reference Count: 1
      Modified Time: 1575
      Debug: Off
      Object Name: 
      Observers: 
        none
      Pointer: 0x14cdb4a67010
      Container manages memory: true
      Size: 10813440
      Capacity: 10813440

     Weighting = 1
     Sampling strategy = regular
     Number of bins = 32
     Radius = 4
     Sampling percentage  = 0.25
   Transform = Rigid
     Gradient step = 0.1
     Update field sigma (voxel space) = 0
     Total field sigma (voxel space) = 0
     Update field time sigma = 0
     Total field time sigma  = 0
     Number of time indices = 0
     Number of time point samples = 0
Registration using 1 total stages.

Stage 0
  iterations = 1000x500x250x100
  convergence threshold = 1e-06
  convergence window size = 10
  number of levels = 4
  using the Mattes MI metric (number of bins = 32, weight = 1, use gradient filter = 0)
  preprocessing:  winsorizing the image intensities
  Shrink factors (level 1 out of 4): [8, 8, 8]
  Shrink factors (level 2 out of 4): [4, 4, 4]
  Shrink factors (level 3 out of 4): [2, 2, 2]
  Shrink factors (level 4 out of 4): [1, 1, 1]
  smoothing sigmas per level: [3, 2, 1, 0]
  regular sampling (percentage = 0.25)

*** Running Euler3DTransform registration ***

DIAGNOSTIC,Iteration,metricValue,convergenceValue,ITERATION_TIME_INDEX,SINCE_LAST
 2DIAGNOSTIC,     1, -5.333314089120e-01, 1.797693134862e+308, 0.0000e+00, 0.0000e+00, 
 2DIAGNOSTIC,     2, -5.355821641733e-01, 1.797693134862e+308, 0.0000e+00, 0.0000e+00, 
 2DIAGNOSTIC,     3, -5.386843170051e-01, 1.797693134862e+308, 0.0000e+00, 0.0000e+00, 
 2DIAGNOSTIC,     4, -5.435664744026e-01, 1.797693134862e+308, 0.0000e+00, 0.0000e+00, 
 2DIAGNOSTIC,     5, -5.495080110992e-01, 1.797693134862e+308, 0.0000e+00, 0.0000e+00, 
 2DIAGNOSTIC,     6, -5.543179927984e-01, 1.797693134862e+308, 0.0000e+00, 0.0000e+00, 
 2DIAGNOSTIC,     7, -5.629715062151e-01, 1.797693134862e+308, 0.0000e+00, 0.0000e+00, 
 2DIAGNOSTIC,     8, -5.774670271873e-01, 1.797693134862e+308, 0.0000e+00, 0.0000e+00, 
 2DIAGNOSTIC,     9, -5.867296134946e-01, 1.797693134862e+308, 0.0000e+00, 0.0000e+00, 
 2DIAGNOSTIC,    10, -5.963941319225e-01, 7.381774555849e-03, 0.0000e+00, 0.0000e+00, 
 2DIAGNOSTIC,    11, -6.043806120379e-01, 7.541523269780e-03, 0.0000e+00, 0.0000e+00, 
 2DIAGNOSTIC,    12, -6.130039588078e-01, 7.442248472078e-03, 0.0000e+00, 0.0000e+00, 
 2DIAGNOSTIC,    13, -6.131360267114e-01, 6.804559380104e-03, 0.0000e+00, 0.0000e+00, 
 2DIAGNOSTIC,    14, -6.142029663888e-01, 5.860267596279e-03, 0.0000e+00, 0.0000e+00, 
 2DIAGNOSTIC,    15, -6.169563089247e-01, 4.805440618963e-03, 0.0000e+00, 0.0000e+00, 
 2DIAGNOSTIC,    16, -6.190556603444e-01, 3.658176764820e-03, 0.0000e+00, 0.0000e+00, 
 2DIAGNOSTIC,    17, -6.209925755619e-01, 2.614134346754e-03, 0.0000e+00, 0.0000e+00, 
 2DIAGNOSTIC,    18, -6.223021579991e-01, 1.879534898311e-03, 0.0000e+00, 0.0000e+00, 
 2DIAGNOSTIC,    19, -6.258758649223e-01, 1.379962832724e-03, 0.0000e+00, 0.0000e+00, 
 2DIAGNOSTIC,    20, -6.294784229325e-01, 1.120692916669e-03, 0.0000e+00, 0.0000e+00, 
 2DIAGNOSTIC,    21, -6.320980011970e-01, 1.019659134230e-03, 0.0000e+00, 0.0000e+00, 
 2DIAGNOSTIC,    22, -6.360267465546e-01, 1.108069342654e-03, 0.0000e+00, 0.0000e+00, 
 2DIAGNOSTIC,    23, -6.466571303806e-01, 1.307330321971e-03, 0.0000e+00, 0.0000e+00, 
 2DIAGNOSTIC,    24, -6.490894293322e-01, 1.429590436208e-03, 0.0000e+00, 0.0000e+00, 
 2DIAGNOSTIC,    25, -6.515651281116e-01, 1.507063162566e-03, 0.0000e+00, 0.0000e+00, 
 2DIAGNOSTIC,    26, -6.514006478872e-01, 1.473561349754e-03, 0.0000e+00, 0.0000e+00, 
 2DIAGNOSTIC,    27, -6.515239088771e-01, 1.340850355265e-03, 0.0000e+00, 0.0000e+00, 
 2DIAGNOSTIC,    28, -6.513692484983e-01, 1.108666852672e-03, 0.0000e+00, 0.0000e+00, 
 2DIAGNOSTIC,    29, -6.513202586207e-01, 8.448353729147e-04, 0.0000e+00, 0.0000e+00, 
 2DIAGNOSTIC,    30, -6.512989484666e-01, 5.776246357357e-04, 0.0000e+00, 0.0000e+00, 
 2DIAGNOSTIC,    31, -6.513231969256e-01, 3.148864256433e-04, 0.0000e+00, 0.0000e+00, 
 2DIAGNOSTIC,    32, -6.513555619953e-01, 9.417528836834e-05, 0.0000e+00, 0.0000e+00, 
 2DIAGNOSTIC,    33, -6.512949574696e-01, 2.714465865970e-05, 0.0000e+00, 0.0000e+00, 
DIAGNOSTIC,Iteration,metricValue,convergenceValue,ITERATION_TIME_INDEX,SINCE_LAST
 2DIAGNOSTIC,     1, -5.169175874376e-01, 1.797693134862e+308, 0.0000e+00, 0.0000e+00, 
 2DIAGNOSTIC,     2, -5.174214360656e-01, 1.797693134862e+308, 0.0000e+00, 0.0000e+00, 
 2DIAGNOSTIC,     3, -5.181563568606e-01, 1.797693134862e+308, 0.0000e+00, 0.0000e+00, 
 2DIAGNOSTIC,     4, -5.193207556072e-01, 1.797693134862e+308, 0.0000e+00, 0.0000e+00, 
 2DIAGNOSTIC,     5, -5.217207876141e-01, 1.797693134862e+308, 0.0000e+00, 0.0000e+00, 
 2DIAGNOSTIC,     6, -5.247294182875e-01, 1.797693134862e+308, 0.0000e+00, 0.0000e+00, 
 2DIAGNOSTIC,     7, -5.370134217380e-01, 1.797693134862e+308, 0.0000e+00, 0.0000e+00, 
 2DIAGNOSTIC,     8, -5.433569520429e-01, 1.797693134862e+308, 0.0000e+00, 0.0000e+00, 
 2DIAGNOSTIC,     9, -5.457958923879e-01, 1.797693134862e+308, 0.0000e+00, 0.0000e+00, 
 2DIAGNOSTIC,    10, -5.632089479441e-01, 5.225593551022e-03, 0.0000e+00, 0.0000e+00, 
 2DIAGNOSTIC,    11, -5.824316261617e-01, 6.521066617953e-03, 0.0000e+00, 0.0000e+00, 
 2DIAGNOSTIC,    12, -5.859725241777e-01, 7.154471538277e-03, 0.0000e+00, 0.0000e+00, 
 2DIAGNOSTIC,    13, -5.924668870844e-01, 7.337375313355e-03, 0.0000e+00, 0.0000e+00, 
 2DIAGNOSTIC,    14, -6.022544652857e-01, 7.234761685833e-03, 0.0000e+00, 0.0000e+00, 
 2DIAGNOSTIC,    15, -6.086565993645e-01, 6.776134464339e-03, 0.0000e+00, 0.0000e+00, 
 2DIAGNOSTIC,    16, -6.095593969754e-01, 5.868453465483e-03, 0.0000e+00, 0.0000e+00, 
 2DIAGNOSTIC,    17, -6.135463833241e-01, 5.030578655234e-03, 0.0000e+00, 0.0000e+00, 
 2DIAGNOSTIC,    18, -6.148035667234e-01, 4.053628984075e-03, 0.0000e+00, 0.0000e+00, 
 2DIAGNOSTIC,    19, -6.155005707231e-01, 2.887348888959e-03, 0.0000e+00, 0.0000e+00, 
 2DIAGNOSTIC,    20, -6.162402850433e-01, 2.022840808116e-03, 0.0000e+00, 0.0000e+00, 
 2DIAGNOSTIC,    21, -6.172102288324e-01, 1.541506383987e-03, 0.0000e+00, 0.0000e+00, 
 2DIAGNOSTIC,    22, -6.189517127773e-01, 1.082257806666e-03, 0.0000e+00, 0.0000e+00, 
 2DIAGNOSTIC,    23, -6.197617281302e-01, 7.170269973818e-04, 0.0000e+00, 0.0000e+00, 
 2DIAGNOSTIC,    24, -6.198368950422e-01, 5.181156790535e-04, 0.0000e+00, 0.0000e+00, 
 2DIAGNOSTIC,    25, -6.200317796136e-01, 4.188786400011e-04, 0.0000e+00, 0.0000e+00, 
 2DIAGNOSTIC,    26, -6.201105875467e-01, 3.051880671968e-04, 0.0000e+00, 0.0000e+00, 
 2DIAGNOSTIC,    27, -6.202656675764e-01, 2.460767128028e-04, 0.0000e+00, 0.0000e+00, 
 2DIAGNOSTIC,    28, -6.204677019180e-01, 1.935786220650e-04, 0.0000e+00, 0.0000e+00, 
 2DIAGNOSTIC,    29, -6.204885225650e-01, 1.390436112733e-04, 0.0000e+00, 0.0000e+00, 
 2DIAGNOSTIC,    30, -6.206867320109e-01, 9.065813173207e-05, 0.0000e+00, 0.0000e+00, 
 2DIAGNOSTIC,    31, -6.209021581652e-01, 5.497902910499e-05, 0.0000e+00, 0.0000e+00, 
 2DIAGNOSTIC,    32, -6.209880966715e-01, 4.380607981739e-05, 0.0000e+00, 0.0000e+00, 
 2DIAGNOSTIC,    33, -6.210477968847e-01, 4.204578192119e-05, 0.0000e+00, 0.0000e+00, 
 2DIAGNOSTIC,    34, -6.210638080247e-01, 3.778336820628e-05, 0.0000e+00, 0.0000e+00, 
 2DIAGNOSTIC,    35, -6.210616759549e-01, 3.294333424362e-05, 0.0000e+00, 0.0000e+00, 
 2DIAGNOSTIC,    36, -6.210470428420e-01, 2.613695398929e-05, 0.0000e+00, 0.0000e+00, 
 2DIAGNOSTIC,    37, -6.210291843043e-01, 1.904832389998e-05, 0.0000e+00, 0.0000e+00, 
 2DIAGNOSTIC,    38, -6.210096523995e-01, 1.298159871549e-05, 0.0000e+00, 0.0000e+00, 
 2DIAGNOSTIC,    39, -6.209999793333e-01, 6.199780567612e-06, 0.0000e+00, 0.0000e+00, 
 2DIAGNOSTIC,    40, -6.209677532170e-01, 1.196356693614e-06, 0.0000e+00, 0.0000e+00, 
DIAGNOSTIC,Iteration,metricValue,convergenceValue,ITERATION_TIME_INDEX,SINCE_LAST
 2DIAGNOSTIC,     1, -5.342769167731e-01, 1.797693134862e+308, 0.0000e+00, 0.0000e+00, 
 2DIAGNOSTIC,     2, -5.344567845510e-01, 1.797693134862e+308, 0.0000e+00, 0.0000e+00, 
 2DIAGNOSTIC,     3, -5.345570896977e-01, 1.797693134862e+308, 0.0000e+00, 0.0000e+00, 
 2DIAGNOSTIC,     4, -5.345903543860e-01, 1.797693134862e+308, 0.0000e+00, 0.0000e+00, 
 2DIAGNOSTIC,     5, -5.346762433075e-01, 1.797693134862e+308, 0.0000e+00, 0.0000e+00, 
 2DIAGNOSTIC,     6, -5.349393742601e-01, 1.797693134862e+308, 0.0000e+00, 0.0000e+00, 
 2DIAGNOSTIC,     7, -5.353004517996e-01, 1.797693134862e+308, 0.0000e+00, 0.0000e+00, 
 2DIAGNOSTIC,     8, -5.353935399942e-01, 1.797693134862e+308, 0.0000e+00, 0.0000e+00, 
 2DIAGNOSTIC,     9, -5.354809610068e-01, 1.797693134862e+308, 0.0000e+00, 0.0000e+00, 
 2DIAGNOSTIC,    10, -5.355068859403e-01, 1.671900354240e-04, 0.0000e+00, 0.0000e+00, 
 2DIAGNOSTIC,    11, -5.356266088270e-01, 1.487117999458e-04, 0.0000e+00, 0.0000e+00, 
 2DIAGNOSTIC,    12, -5.356927097331e-01, 1.306786302650e-04, 0.0000e+00, 0.0000e+00, 
 2DIAGNOSTIC,    13, -5.357048235213e-01, 1.085015643158e-04, 0.0000e+00, 0.0000e+00, 
 2DIAGNOSTIC,    14, -5.357098806101e-01, 8.158610415276e-05, 0.0000e+00, 0.0000e+00, 
 2DIAGNOSTIC,    15, -5.357435055303e-01, 5.518925106152e-05, 0.0000e+00, 0.0000e+00, 
 2DIAGNOSTIC,    16, -5.357721062917e-01, 3.655013444957e-05, 0.0000e+00, 0.0000e+00, 
 2DIAGNOSTIC,    17, -5.358963218646e-01, 3.198373223926e-05, 0.0000e+00, 0.0000e+00, 
 2DIAGNOSTIC,    18, -5.359246987756e-01, 2.862676608516e-05, 0.0000e+00, 0.0000e+00, 
 2DIAGNOSTIC,    19, -5.359196475878e-01, 2.551092770124e-05, 0.0000e+00, 0.0000e+00, 
 2DIAGNOSTIC,    20, -5.359134893294e-01, 2.100021278333e-05, 0.0000e+00, 0.0000e+00, 
 2DIAGNOSTIC,    21, -5.359125833991e-01, 1.806015888082e-05, 0.0000e+00, 0.0000e+00, 
 2DIAGNOSTIC,    22, -5.359103118100e-01, 1.533036379017e-05, 0.0000e+00, 0.0000e+00, 
 2DIAGNOSTIC,    23, -5.359074228576e-01, 1.174627566915e-05, 0.0000e+00, 0.0000e+00, 
 2DIAGNOSTIC,    24, -5.359056908724e-01, 7.595193789893e-06, 0.0000e+00, 0.0000e+00, 
 2DIAGNOSTIC,    25, -5.359037064057e-01, 3.885821985732e-06, 0.0000e+00, 0.0000e+00, 
DIAGNOSTIC,Iteration,metricValue,convergenceValue,ITERATION_TIME_INDEX,SINCE_LAST
 2DIAGNOSTIC,     1, -4.896286405702e-01, 1.797693134862e+308, 0.0000e+00, 0.0000e+00, 
 2DIAGNOSTIC,     2, -4.896639176507e-01, 1.797693134862e+308, 0.0000e+00, 0.0000e+00, 
 2DIAGNOSTIC,     3, -4.896639932730e-01, 1.797693134862e+308, 0.0000e+00, 0.0000e+00, 
 2DIAGNOSTIC,     4, -4.896639454248e-01, 1.797693134862e+308, 0.0000e+00, 0.0000e+00, 
 2DIAGNOSTIC,     5, -4.896638949932e-01, 1.797693134862e+308, 0.0000e+00, 0.0000e+00, 
 2DIAGNOSTIC,     6, -4.896639143097e-01, 1.797693134862e+308, 0.0000e+00, 0.0000e+00, 
 2DIAGNOSTIC,     7, -4.896634374028e-01, 1.797693134862e+308, 0.0000e+00, 0.0000e+00, 
 2DIAGNOSTIC,     8, -4.896634620433e-01, 1.797693134862e+308, 0.0000e+00, 0.0000e+00, 
 2DIAGNOSTIC,     9, -4.896636391978e-01, 1.797693134862e+308, 0.0000e+00, 0.0000e+00, 
 2DIAGNOSTIC,    10, -4.896636166507e-01, 5.156494297331e-06, 0.0000e+00, 0.0000e+00, 
 2DIAGNOSTIC,    11, -4.896635783998e-01, 2.825611467902e-06, 0.0000e+00, 0.0000e+00, 
 2DIAGNOSTIC,    12, -4.896635295758e-01, 2.593049018326e-06, 0.0000e+00, 0.0000e+00, 
 2DIAGNOSTIC,    13, -4.896635297169e-01, 2.404575345311e-06, 0.0000e+00, 0.0000e+00, 
 2DIAGNOSTIC,    14, -4.896634215845e-01, 2.239611569685e-06, 0.0000e+00, 0.0000e+00, 
 2DIAGNOSTIC,    15, -4.896634215845e-01, 2.097173519691e-06, 0.0000e+00, 0.0000e+00, 
 2DIAGNOSTIC,    16, -4.896634214531e-01, 1.975666736598e-06, 0.0000e+00, 0.0000e+00, 
 2DIAGNOSTIC,    17, -4.896634218825e-01, 1.853040117211e-06, 0.0000e+00, 0.0000e+00, 
 2DIAGNOSTIC,    18, -4.896634218825e-01, 1.746048515903e-06, 2.5600e+02, 2.5600e+02, 
 2DIAGNOSTIC,    19, -4.896634217765e-01, 1.657456012175e-06, 2.5600e+02, 0.0000e+00, 
 2DIAGNOSTIC,    20, -4.896634219739e-01, 1.578400515442e-06, 2.5600e+02, 0.0000e+00, 
 2DIAGNOSTIC,    21, -4.896634219739e-01, 1.506688642974e-06, 2.5600e+02, 0.0000e+00, 
 2DIAGNOSTIC,    22, -4.896634210813e-01, 1.440669386552e-06, 2.5600e+02, 0.0000e+00, 
 2DIAGNOSTIC,    23, -4.896634210878e-01, 1.380739852695e-06, 2.5600e+02, 0.0000e+00, 
 2DIAGNOSTIC,    24, -4.896634015115e-01, 1.322717126946e-06, 2.5600e+02, 0.0000e+00, 
 2DIAGNOSTIC,    25, -4.896634015115e-01, 1.269396444709e-06, 2.5600e+02, 0.0000e+00, 
 2DIAGNOSTIC,    26, -4.896634014572e-01, 1.220252028949e-06, 2.5600e+02, 0.0000e+00, 
 2DIAGNOSTIC,    27, -4.896634014572e-01, 1.174862189271e-06, 2.5600e+02, 0.0000e+00, 
 2DIAGNOSTIC,    28, -4.896634131057e-01, 1.133083538898e-06, 2.5600e+02, 0.0000e+00, 
 2DIAGNOSTIC,    29, -4.896634651437e-01, 1.095329529792e-06, 2.5600e+02, 0.0000e+00, 
 2DIAGNOSTIC,    30, -4.896634651437e-01, 1.060047817025e-06, 2.5600e+02, 0.0000e+00, 
 2DIAGNOSTIC,    31, -4.896634649236e-01, 1.026908821464e-06, 2.5600e+02, 0.0000e+00, 
  Elapsed time (stage 0): 2.5600e+02


Total elapsed time: 2.5600e+02
Info [verificarlo]: loaded backend libinterflop_vprec.so
Info [interflop-vprec]: load backend with: 
Info [interflop-vprec]: precision-binary32 = 22
Info [interflop-vprec]: range-binary32 = 8
Info [interflop-vprec]: precision-binary64 = 22
Info [interflop-vprec]: range-binary64 = 8
Info [interflop-vprec]: mode = ob
Info [interflop-vprec]: error-mode = rel
Info [interflop-vprec]: max-abs-error-exponent = -1022
Info [interflop-vprec]: daz = false
Info [interflop-vprec]: ftz = false
Info [interflop-vprec]: 	instrument = none
Info [interflop-vprec]: 	prec-input-file = (null)
Info [interflop-vprec]: 	prec-output-file = (null)
Info [interflop-vprec]: 	prec-log-file = (null)
All_Command_lines_OK
Using double precision for computations.
=============================================================================
The composite transform comprises the following transforms (in order): 
  1. /home/mdugre/scratch/mri-registration-rp/datasets/ds004513/derivatives/mri-registration-rp/1111/antsRegistration-r8-p22/sub-s025/rigid_Composite.h5[0] (type = Euler3DTransform)
  2. /home/mdugre/scratch/mri-registration-rp/datasets/ds004513/derivatives/mri-registration-rp/1111/antsRegistration-r8-p22/sub-s025/rigid_Composite.h5[1] (type = Euler3DTransform)
  3. /home/mdugre/scratch/mri-registration-rp/datasets/ds004513/derivatives/mri-registration-rp/1111/antsRegistration-r8-p22/sub-s025/rigid_Composite.h5[2] (type = Euler3DTransform)
=============================================================================
  number of levels = 4
  fixed image: /templateflow/tpl-MNI152NLin2009cAsym/tpl-MNI152NLin2009cAsym_res-01_desc-brain_T1w.nii.gz
  moving image: /home/mdugre/scratch/mri-registration-rp/datasets/ds004513/derivatives/mri-registration-rp/antsBrainExtraction/sub-s025/BrainExtractionBrain.nii.gz
Dimension = 3
Number of stages = 1
Use histogram matching = false
Winsorize image intensities = true
  Lower quantile = 0.005
  Upper quantile = 0.995


Stage 1 State
   Image metric = MattesMI
     Fixed image = Image (0x3792490)
  RTTI typeinfo:   itk::Image<double, 3u>
  Reference Count: 2
  Modified Time: 1594
  Debug: Off
  Object Name: 
  Observers: 
    none
  Source: (none)
  Source output name: (none)
  Release Data: Off
  Data Released: False
  Global Release Data: Off
  PipelineMTime: 0
  UpdateMTime: 1203
  RealTimeStamp: 0 seconds 
  LargestPossibleRegion: 
    Dimension: 3
    Index: [0, 0, 0]
    Size: [193, 229, 193]
  BufferedRegion: 
    Dimension: 3
    Index: [0, 0, 0]
    Size: [193, 229, 193]
  RequestedRegion: 
    Dimension: 3
    Index: [0, 0, 0]
    Size: [193, 229, 193]
  Spacing: [1, 1, 1]
  Origin: [96, 132, -78]
  Direction: 
-1 0 0
0 -1 0
0 0 1

  IndexToPointMatrix: 
-1 0 0
0 -1 0
0 0 1

  PointToIndexMatrix: 
-1 0 0
0 -1 0
0 0 1

  Inverse Direction: 
-1 0 0
0 -1 0
0 0 1

  PixelContainer: 
    ImportImageContainer (0x385f8d0)
      RTTI typeinfo:   itk::ImportImageContainer<unsigned long, double>
      Reference Count: 1
      Modified Time: 1200
      Debug: Off
      Object Name: 
      Observers: 
        none
      Pointer: 0x14953234a010
      Container manages memory: true
      Size: 8530021
      Capacity: 8530021

     Moving image = Image (0x385ee80)
  RTTI typeinfo:   itk::Image<double, 3u>
  Reference Count: 2
  Modified Time: 1595
  Debug: Off
  Object Name: 
  Observers: 
    none
  Source: (none)
  Source output name: (none)
  Release Data: Off
  Data Released: False
  Global Release Data: Off
  PipelineMTime: 0
  UpdateMTime: 1592
  RealTimeStamp: 0 seconds 
  LargestPossibleRegion: 
    Dimension: 3
    Index: [0, 0, 0]
    Size: [176, 240, 256]
  BufferedRegion: 
    Dimension: 3
    Index: [0, 0, 0]
    Size: [176, 240, 256]
  RequestedRegion: 
    Dimension: 3
    Index: [0, 0, 0]
    Size: [176, 240, 256]
  Spacing: [0.999999, 1, 1]
  Origin: [90.3778, 84.5091, -154.071]
  Direction: 
-0.999391 7.48184e-06 -0.0348969
-7.47664e-06 -1 -2.7953e-07
-0.0348969 -1.84481e-08 0.999391

  IndexToPointMatrix: 
-0.99939 7.48184e-06 -0.0348969
-7.47663e-06 -1 -2.7953e-07
-0.0348968 -1.84481e-08 0.999391

  PointToIndexMatrix: 
-0.999393 -7.47665e-06 -0.0348969
7.48184e-06 -1 -1.84481e-08
-0.0348969 -2.7953e-07 0.999391

  Inverse Direction: 
-0.999391 -7.47665e-06 -0.0348969
7.48184e-06 -1 -1.8448e-08
-0.0348969 -2.7953e-07 0.999391

  PixelContainer: 
    ImportImageContainer (0x37a3ec0)
      RTTI typeinfo:   itk::ImportImageContainer<unsigned long, double>
      Reference Count: 1
      Modified Time: 1589
      Debug: Off
      Object Name: 
      Observers: 
        none
      Pointer: 0x14952d0c9010
      Container manages memory: true
      Size: 10813440
      Capacity: 10813440

     Weighting = 1
     Sampling strategy = regular
     Number of bins = 32
     Radius = 4
     Sampling percentage  = 0.25
   Transform = Affine
     Gradient step = 0.1
     Update field sigma (voxel space) = 0
     Total field sigma (voxel space) = 0
     Update field time sigma = 0
     Total field time sigma  = 0
     Number of time indices = 0
     Number of time point samples = 0
Registration using 1 total stages.

Stage 0
  iterations = 1000x500x250x100
  convergence threshold = 1e-06
  convergence window size = 10
  number of levels = 4
  using the Mattes MI metric (number of bins = 32, weight = 1, use gradient filter = 0)
  preprocessing:  winsorizing the image intensities
  Shrink factors (level 1 out of 4): [8, 8, 8]
  Shrink factors (level 2 out of 4): [4, 4, 4]
  Shrink factors (level 3 out of 4): [2, 2, 2]
  Shrink factors (level 4 out of 4): [1, 1, 1]
  smoothing sigmas per level: [3, 2, 1, 0]
  regular sampling (percentage = 0.25)

*** Running AffineTransform registration ***

DIAGNOSTIC,Iteration,metricValue,convergenceValue,ITERATION_TIME_INDEX,SINCE_LAST
 2DIAGNOSTIC,     1, -7.478686595156e-01, 1.797693134862e+308, 0.0000e+00, 0.0000e+00, 
 2DIAGNOSTIC,     2, -7.500353215976e-01, 1.797693134862e+308, 0.0000e+00, 0.0000e+00, 
 2DIAGNOSTIC,     3, -7.535486311549e-01, 1.797693134862e+308, 0.0000e+00, 0.0000e+00, 
 2DIAGNOSTIC,     4, -7.595009999288e-01, 1.797693134862e+308, 0.0000e+00, 0.0000e+00, 
 2DIAGNOSTIC,     5, -7.691043676459e-01, 1.797693134862e+308, 0.0000e+00, 0.0000e+00, 
 2DIAGNOSTIC,     6, -7.853082050256e-01, 1.797693134862e+308, 0.0000e+00, 0.0000e+00, 
 2DIAGNOSTIC,     7, -8.108759701950e-01, 1.797693134862e+308, 0.0000e+00, 0.0000e+00, 
 2DIAGNOSTIC,     8, -8.784249512650e-01, 1.797693134862e+308, 0.0000e+00, 0.0000e+00, 
 2DIAGNOSTIC,     9, -9.170465547219e-01, 1.797693134862e+308, 0.0000e+00, 0.0000e+00, 
 2DIAGNOSTIC,    10, -9.257654167813e-01, 1.538125761879e-02, 0.0000e+00, 0.0000e+00, 
 2DIAGNOSTIC,    11, -9.302420925010e-01, 1.563471020467e-02, 0.0000e+00, 0.0000e+00, 
 2DIAGNOSTIC,    12, -9.328409711961e-01, 1.458649186584e-02, 0.0000e+00, 0.0000e+00, 
 2DIAGNOSTIC,    13, -9.347278146514e-01, 1.252479407418e-02, 0.0000e+00, 0.0000e+00, 
 2DIAGNOSTIC,    14, -9.360556442135e-01, 9.821393037197e-03, 0.0000e+00, 0.0000e+00, 
 2DIAGNOSTIC,    15, -9.364275718815e-01, 6.860998462510e-03, 0.0000e+00, 0.0000e+00, 
 2DIAGNOSTIC,    16, -9.368035828121e-01, 4.036926175560e-03, 0.0000e+00, 0.0000e+00, 
 2DIAGNOSTIC,    17, -9.368491237263e-01, 1.675194878263e-03, 0.0000e+00, 0.0000e+00, 
 2DIAGNOSTIC,    18, -9.367630259687e-01, 6.568649869859e-04, 0.0000e+00, 0.0000e+00, 
 2DIAGNOSTIC,    19, -9.372687302372e-01, 3.639503491311e-04, 0.0000e+00, 0.0000e+00, 
 2DIAGNOSTIC,    20, -9.381999376563e-01, 2.245840371555e-04, 0.0000e+00, 0.0000e+00, 
 2DIAGNOSTIC,    21, -9.387289951047e-01, 1.551697823195e-04, 0.0000e+00, 0.0000e+00, 
 2DIAGNOSTIC,    22, -9.388005074915e-01, 1.170324565598e-04, 0.0000e+00, 0.0000e+00, 
 2DIAGNOSTIC,    23, -9.387350925312e-01, 9.707289735923e-05, 0.0000e+00, 0.0000e+00, 
 2DIAGNOSTIC,    24, -9.386102158579e-01, 8.598671477847e-05, 0.0000e+00, 0.0000e+00, 
 2DIAGNOSTIC,    25, -9.384845022567e-01, 7.072740404807e-05, 0.0000e+00, 0.0000e+00, 
 2DIAGNOSTIC,    26, -9.382127901045e-01, 5.141190331406e-05, 0.0000e+00, 0.0000e+00, 
 2DIAGNOSTIC,    27, -9.379704959500e-01, 2.686275990475e-05, 0.0000e+00, 0.0000e+00, 
DIAGNOSTIC,Iteration,metricValue,convergenceValue,ITERATION_TIME_INDEX,SINCE_LAST
 2DIAGNOSTIC,     1, -7.507094385015e-01, 1.797693134862e+308, 0.0000e+00, 0.0000e+00, 
 2DIAGNOSTIC,     2, -7.510699797408e-01, 1.797693134862e+308, 0.0000e+00, 0.0000e+00, 
 2DIAGNOSTIC,     3, -7.514094054496e-01, 1.797693134862e+308, 0.0000e+00, 0.0000e+00, 
 2DIAGNOSTIC,     4, -7.519091307420e-01, 1.797693134862e+308, 0.0000e+00, 0.0000e+00, 
 2DIAGNOSTIC,     5, -7.530638992354e-01, 1.797693134862e+308, 0.0000e+00, 0.0000e+00, 
 2DIAGNOSTIC,     6, -7.538852623605e-01, 1.797693134862e+308, 0.0000e+00, 0.0000e+00, 
 2DIAGNOSTIC,     7, -7.539561469104e-01, 1.797693134862e+308, 0.0000e+00, 0.0000e+00, 
 2DIAGNOSTIC,     8, -7.540581776503e-01, 1.797693134862e+308, 0.0000e+00, 0.0000e+00, 
 2DIAGNOSTIC,     9, -7.540719267540e-01, 1.797693134862e+308, 0.0000e+00, 0.0000e+00, 
 2DIAGNOSTIC,    10, -7.541259055347e-01, 3.425741358667e-04, 0.0000e+00, 0.0000e+00, 
 2DIAGNOSTIC,    11, -7.541285715789e-01, 2.577188652127e-04, 0.0000e+00, 0.0000e+00, 
 2DIAGNOSTIC,    12, -7.541692348053e-01, 1.771522493672e-04, 0.0000e+00, 0.0000e+00, 
 2DIAGNOSTIC,    13, -7.541867621411e-01, 1.039156138414e-04, 0.0000e+00, 0.0000e+00, 
 2DIAGNOSTIC,    14, -7.541323782753e-01, 4.332706962386e-05, 0.0000e+00, 0.0000e+00, 
 2DIAGNOSTIC,    15, -7.541512351262e-01, 1.610672022964e-05, 0.0000e+00, 0.0000e+00, 
 2DIAGNOSTIC,    16, -7.541561127543e-01, 1.044809808293e-05, 0.0000e+00, 0.0000e+00, 
 2DIAGNOSTIC,    17, -7.541613446370e-01, 6.289756896975e-06, 0.0000e+00, 0.0000e+00, 
 2DIAGNOSTIC,    18, -7.541377075800e-01, 3.834290273848e-06, 0.0000e+00, 0.0000e+00, 
 2DIAGNOSTIC,    19, -7.541162255800e-01, 1.307181519784e-06, 0.0000e+00, 0.0000e+00, 
DIAGNOSTIC,Iteration,metricValue,convergenceValue,ITERATION_TIME_INDEX,SINCE_LAST
 2DIAGNOSTIC,     1, -6.419873280238e-01, 1.797693134862e+308, 0.0000e+00, 0.0000e+00, 
 2DIAGNOSTIC,     2, -6.423577925591e-01, 1.797693134862e+308, 0.0000e+00, 0.0000e+00, 
 2DIAGNOSTIC,     3, -6.427688486177e-01, 1.797693134862e+308, 0.0000e+00, 0.0000e+00, 
 2DIAGNOSTIC,     4, -6.431976427176e-01, 1.797693134862e+308, 0.0000e+00, 0.0000e+00, 
 2DIAGNOSTIC,     5, -6.441740192223e-01, 1.797693134862e+308, 0.0000e+00, 0.0000e+00, 
 2DIAGNOSTIC,     6, -6.451562435874e-01, 1.797693134862e+308, 0.0000e+00, 0.0000e+00, 
 2DIAGNOSTIC,     7, -6.451542214408e-01, 1.797693134862e+308, 0.0000e+00, 0.0000e+00, 
 2DIAGNOSTIC,     8, -6.451490178289e-01, 1.797693134862e+308, 0.0000e+00, 0.0000e+00, 
 2DIAGNOSTIC,     9, -6.451499732817e-01, 1.797693134862e+308, 0.0000e+00, 0.0000e+00, 
 2DIAGNOSTIC,    10, -6.451506033137e-01, 3.716386188568e-04, 0.0000e+00, 0.0000e+00, 
 2DIAGNOSTIC,    11, -6.451482703324e-01, 2.715125597286e-04, 0.0000e+00, 0.0000e+00, 
 2DIAGNOSTIC,    12, -6.451476342932e-01, 1.778242573833e-04, 0.0000e+00, 0.0000e+00, 
 2DIAGNOSTIC,    13, -6.451481203497e-01, 9.724773128032e-05, 0.0000e+00, 0.0000e+00, 
 2DIAGNOSTIC,    14, -6.451475813720e-01, 3.256723898867e-05, 0.0000e+00, 0.0000e+00, 
 2DIAGNOSTIC,    15, -6.451460882842e-01, 1.588506116437e-06, 0.0000e+00, 0.0000e+00, 
 2DIAGNOSTIC,    16, -6.451469782759e-01, 1.635669565722e-06, 0.0000e+00, 0.0000e+00, 
 2DIAGNOSTIC,    17, -6.451459974604e-01, 1.635263229986e-06, 0.0000e+00, 0.0000e+00, 
 2DIAGNOSTIC,    18, -6.451450083833e-01, 1.503721644210e-06, 0.0000e+00, 0.0000e+00, 
 2DIAGNOSTIC,    19, -6.451457235930e-01, 1.448817967833e-06, 0.0000e+00, 0.0000e+00, 
 2DIAGNOSTIC,    20, -6.451464964227e-01, 1.452104397254e-06, 0.0000e+00, 0.0000e+00, 
 2DIAGNOSTIC,    21, -6.451427918902e-01, 1.340676981459e-06, 0.0000e+00, 0.0000e+00, 
 2DIAGNOSTIC,    22, -6.451422454552e-01, 1.233810906984e-06, 0.0000e+00, 0.0000e+00, 
 2DIAGNOSTIC,    23, -6.451437483488e-01, 1.194347522611e-06, 0.0000e+00, 0.0000e+00, 
 2DIAGNOSTIC,    24, -6.451441640746e-01, 1.171944586986e-06, 0.0000e+00, 0.0000e+00, 
 2DIAGNOSTIC,    25, -6.451415418758e-01, 1.092041928115e-06, 0.0000e+00, 0.0000e+00, 
 2DIAGNOSTIC,    26, -6.451391574781e-01, 1.013089709810e-06, 0.0000e+00, 0.0000e+00, 
DIAGNOSTIC,Iteration,metricValue,convergenceValue,ITERATION_TIME_INDEX,SINCE_LAST
 2DIAGNOSTIC,     1, -5.765018428290e-01, 1.797693134862e+308, 0.0000e+00, 0.0000e+00, 
 2DIAGNOSTIC,     2, -5.769214051719e-01, 1.797693134862e+308, 0.0000e+00, 0.0000e+00, 
 2DIAGNOSTIC,     3, -5.773983399296e-01, 1.797693134862e+308, 0.0000e+00, 0.0000e+00, 
 2DIAGNOSTIC,     4, -5.779446130996e-01, 1.797693134862e+308, 0.0000e+00, 0.0000e+00, 
 2DIAGNOSTIC,     5, -5.788599896674e-01, 1.797693134862e+308, 0.0000e+00, 0.0000e+00, 
 2DIAGNOSTIC,     6, -5.795991349272e-01, 1.797693134862e+308, 0.0000e+00, 0.0000e+00, 
 2DIAGNOSTIC,     7, -5.798384195527e-01, 1.797693134862e+308, 0.0000e+00, 0.0000e+00, 
 2DIAGNOSTIC,     8, -5.798374919000e-01, 1.797693134862e+308, 0.0000e+00, 0.0000e+00, 
 2DIAGNOSTIC,     9, -5.798356626931e-01, 1.797693134862e+308, 0.0000e+00, 0.0000e+00, 
 2DIAGNOSTIC,    10, -5.798356342630e-01, 4.254961959095e-04, 0.0000e+00, 0.0000e+00, 
 2DIAGNOSTIC,    11, -5.798357542223e-01, 3.094570483380e-04, 0.0000e+00, 0.0000e+00, 
 2DIAGNOSTIC,    12, -5.798356737497e-01, 2.025110777150e-04, 2.5600e+02, 2.5600e+02, 
 2DIAGNOSTIC,    13, -5.798355830878e-01, 1.122555938652e-04, 2.5600e+02, 0.0000e+00, 
 2DIAGNOSTIC,    14, -5.798355150276e-01, 4.362112324365e-05, 2.5600e+02, 0.0000e+00, 
 2DIAGNOSTIC,    15, -5.798355881764e-01, 9.731054585793e-06, 2.5600e+02, 0.0000e+00, 
 2DIAGNOSTIC,    16, -5.798354079160e-01, 1.839644516041e-06, 2.5600e+02, 0.0000e+00, 
 2DIAGNOSTIC,    17, -5.798354932634e-01, 1.801599985030e-06, 2.5600e+02, 0.0000e+00, 
 2DIAGNOSTIC,    18, -5.798354580028e-01, 1.749321654303e-06, 2.5600e+02, 0.0000e+00, 
 2DIAGNOSTIC,    19, -5.798354659198e-01, 1.657121129921e-06, 2.5600e+02, 0.0000e+00, 
 2DIAGNOSTIC,    20, -5.798354727089e-01, 1.574981660597e-06, 2.5600e+02, 0.0000e+00, 
 2DIAGNOSTIC,    21, -5.798353578078e-01, 1.502184955197e-06, 2.5600e+02, 0.0000e+00, 
 2DIAGNOSTIC,    22, -5.798353605539e-01, 1.435485591499e-06, 2.5600e+02, 0.0000e+00, 
 2DIAGNOSTIC,    23, -5.798353605704e-01, 1.373507626579e-06, 2.5600e+02, 0.0000e+00, 
 2DIAGNOSTIC,    24, -5.798352132519e-01, 1.312992814813e-06, 2.5600e+02, 0.0000e+00, 
 2DIAGNOSTIC,    25, -5.798353184044e-01, 1.262086701093e-06, 2.5600e+02, 0.0000e+00, 
 2DIAGNOSTIC,    26, -5.798353229907e-01, 1.212547630629e-06, 2.5600e+02, 0.0000e+00, 
 2DIAGNOSTIC,    27, -5.798353249325e-01, 1.169199663073e-06, 2.5600e+02, 0.0000e+00, 
 2DIAGNOSTIC,    28, -5.798353506982e-01, 1.129531303261e-06, 2.5600e+02, 0.0000e+00, 
 2DIAGNOSTIC,    29, -5.798353872210e-01, 1.093868252353e-06, 2.5600e+02, 0.0000e+00, 
 2DIAGNOSTIC,    30, -5.798353742752e-01, 1.060693335574e-06, 2.5600e+02, 0.0000e+00, 
 2DIAGNOSTIC,    31, -5.798352457081e-01, 1.025648077586e-06, 2.5600e+02, 0.0000e+00, 
  Elapsed time (stage 0): 2.5600e+02


Total elapsed time: 2.5600e+02
Info [verificarlo]: loaded backend libinterflop_vprec.so
Info [interflop-vprec]: load backend with: 
Info [interflop-vprec]: precision-binary32 = 22
Info [interflop-vprec]: range-binary32 = 8
Info [interflop-vprec]: precision-binary64 = 22
Info [interflop-vprec]: range-binary64 = 8
Info [interflop-vprec]: mode = ob
Info [interflop-vprec]: error-mode = rel
Info [interflop-vprec]: max-abs-error-exponent = -1022
Info [interflop-vprec]: daz = false
Info [interflop-vprec]: ftz = false
Info [interflop-vprec]: 	instrument = none
Info [interflop-vprec]: 	prec-input-file = (null)
Info [interflop-vprec]: 	prec-output-file = (null)
Info [interflop-vprec]: 	prec-log-file = (null)
All_Command_lines_OK
Using double precision for computations.
=============================================================================
The composite transform comprises the following transforms (in order): 
  1. /home/mdugre/scratch/mri-registration-rp/datasets/ds004513/derivatives/mri-registration-rp/1111/antsRegistration-r8-p22/sub-s025/affine_Composite.h5[0] (type = Euler3DTransform)
  2. /home/mdugre/scratch/mri-registration-rp/datasets/ds004513/derivatives/mri-registration-rp/1111/antsRegistration-r8-p22/sub-s025/affine_Composite.h5[1] (type = Euler3DTransform)
