
##########################
# Experiment information #
##########################

EXPERIMENT_NAME: antsRegistration-r7-p18
VFC_BACKENDS: libinterflop_vprec.so --range-binary32=7 --precision-binary32=18 --range-binary64=7 --precision-binary64=18

SIF_IMG: /home/mdugre/projects/rrg-glatard/mdugre/containers/ants-vprec-no_metrics.simg

SUBJECT_ID: s035
INPUT_IMG: /home/mdugre/scratch/mri-registration-rp/datasets/ds004513/derivatives/mri-registration-rp/antsBrainExtraction/sub-s035/BrainExtractionBrain.nii.gz
OUTPUT_DIR: /home/mdugre/scratch/mri-registration-rp/datasets/ds004513/derivatives/mri-registration-rp/1111/antsRegistration-r7-p18/sub-s035

FIXED_IMG: /templateflow/tpl-MNI152NLin2009cAsym/tpl-MNI152NLin2009cAsym_res-01_desc-brain_T1w.nii.gz
DATA_DIR: /home/mdugre/scratch/mri-registration-rp/datasets/ds004513
TEMPLATEFLOW_DIR: /home/mdugre/projects/rrg-glatard/mdugre/templateflow
ITK_GLOBAL_DEFAULT_NUMBER_OF_THREADS: 16
##########################

Info [verificarlo]: loaded backend libinterflop_vprec.so
Info [interflop-vprec]: load backend with: 
Info [interflop-vprec]: precision-binary32 = 18
Info [interflop-vprec]: range-binary32 = 7
Info [interflop-vprec]: precision-binary64 = 18
Info [interflop-vprec]: range-binary64 = 7
Info [interflop-vprec]: mode = ob
Info [interflop-vprec]: error-mode = rel
Info [interflop-vprec]: max-abs-error-exponent = -1022
Info [interflop-vprec]: daz = false
Info [interflop-vprec]: ftz = false
Info [interflop-vprec]: 	instrument = none
Info [interflop-vprec]: 	prec-input-file = (null)
Info [interflop-vprec]: 	prec-output-file = (null)
Info [interflop-vprec]: 	prec-log-file = (null)
All_Command_lines_OK
Using double precision for computations.
=============================================================================
The composite transform comprises the following transforms (in order): 
  1. Center of mass alignment using fixed image: /templateflow/tpl-MNI152NLin2009cAsym/tpl-MNI152NLin2009cAsym_res-01_desc-brain_T1w.nii.gz and moving image: /home/mdugre/scratch/mri-registration-rp/datasets/ds004513/derivatives/mri-registration-rp/antsBrainExtraction/sub-s035/BrainExtractionBrain.nii.gz (type = Euler3DTransform)
=============================================================================
  number of levels = 1
  fixed image: /templateflow/tpl-MNI152NLin2009cAsym/tpl-MNI152NLin2009cAsym_res-01_desc-brain_T1w.nii.gz
  moving image: /home/mdugre/scratch/mri-registration-rp/datasets/ds004513/derivatives/mri-registration-rp/antsBrainExtraction/sub-s035/BrainExtractionBrain.nii.gz
Dimension = 3
Number of stages = 1
Use histogram matching = false
Winsorize image intensities = true
  Lower quantile = 0.005
  Upper quantile = 0.995


Stage 1 State
   Image metric = MattesMI
     Fixed image = Image (0x4945b20)
  RTTI typeinfo:   itk::Image<double, 3u>
  Reference Count: 2
  Modified Time: 2330
  Debug: Off
  Object Name: 
  Observers: 
    none
  Source: (none)
  Source output name: (none)
  Release Data: Off
  Data Released: False
  Global Release Data: Off
  PipelineMTime: 0
  UpdateMTime: 1941
  RealTimeStamp: 0 seconds 
  LargestPossibleRegion: 
    Dimension: 3
    Index: [0, 0, 0]
    Size: [193, 229, 193]
  BufferedRegion: 
    Dimension: 3
    Index: [0, 0, 0]
    Size: [193, 229, 193]
  RequestedRegion: 
    Dimension: 3
    Index: [0, 0, 0]
    Size: [193, 229, 193]
  Spacing: [1, 1, 1]
  Origin: [96, 132, -78]
  Direction: 
-1 0 0
0 -1 0
0 0 1

  IndexToPointMatrix: 
-1 0 0
0 -1 0
0 0 1

  PointToIndexMatrix: 
-1 0 0
0 -1 0
0 0 1

  Inverse Direction: 
-1 0 0
0 -1 0
0 0 1

  PixelContainer: 
    ImportImageContainer (0x4a71650)
      RTTI typeinfo:   itk::ImportImageContainer<unsigned long, double>
      Reference Count: 1
      Modified Time: 1938
      Debug: Off
      Object Name: 
      Observers: 
        none
      Pointer: 0x151f1fa6a010
      Container manages memory: true
      Size: 8530021
      Capacity: 8530021

     Moving image = Image (0x494e240)
  RTTI typeinfo:   itk::Image<double, 3u>
  Reference Count: 2
  Modified Time: 2331
  Debug: Off
  Object Name: 
  Observers: 
    none
  Source: (none)
  Source output name: (none)
  Release Data: Off
  Data Released: False
  Global Release Data: Off
  PipelineMTime: 0
  UpdateMTime: 2328
  RealTimeStamp: 0 seconds 
  LargestPossibleRegion: 
    Dimension: 3
    Index: [0, 0, 0]
    Size: [160, 240, 256]
  BufferedRegion: 
    Dimension: 3
    Index: [0, 0, 0]
    Size: [160, 240, 256]
  RequestedRegion: 
    Dimension: 3
    Index: [0, 0, 0]
    Size: [160, 240, 256]
  Spacing: [1, 1, 1]
  Origin: [98.6438, 87.6357, -117.99]
  Direction: 
-0.993515 -0.100993 -0.0522355
0.100854 -0.994886 0.00530255
-0.0525039 1.93537e-08 0.998621

  IndexToPointMatrix: 
-0.993515 -0.100993 -0.0522355
0.100854 -0.994886 0.00530255
-0.0525039 1.93537e-08 0.998621

  PointToIndexMatrix: 
-0.993515 0.100854 -0.0525039
-0.100993 -0.994888 1.90735e-06
-0.0522356 0.00530243 0.998623

  Inverse Direction: 
-0.993515 0.100854 -0.0525039
-0.100993 -0.994888 1.90735e-06
-0.0522356 0.00530243 0.998623

  PixelContainer: 
    ImportImageContainer (0x4a5bb90)
      RTTI typeinfo:   itk::ImportImageContainer<unsigned long, double>
      Reference Count: 1
      Modified Time: 2325
      Debug: Off
      Object Name: 
      Observers: 
        none
      Pointer: 0x151f1af69010
      Container manages memory: true
      Size: 9830400
      Capacity: 9830400

     Weighting = 1
     Sampling strategy = regular
     Number of bins = 32
     Radius = 4
     Sampling percentage  = 0.25
   Transform = Rigid
     Gradient step = 0.1
     Update field sigma (voxel space) = 0
     Total field sigma (voxel space) = 0
     Update field time sigma = 0
     Total field time sigma  = 0
     Number of time indices = 0
     Number of time point samples = 0
Registration using 1 total stages.

Stage 0
  iterations = 0
  convergence threshold = 1e-06
  convergence window size = 10
  number of levels = 1
  using the Mattes MI metric (number of bins = 32, weight = 1, use gradient filter = 0)
  preprocessing:  winsorizing the image intensities
  Shrink factors (level 1 out of 1): [1, 1, 1]
  smoothing sigmas per level: [0]
  regular sampling (percentage = 0.25)

*** Running Euler3DTransform registration ***

  Elapsed time (stage 0): 0


Total elapsed time: 0
Info [verificarlo]: loaded backend libinterflop_vprec.so
Info [interflop-vprec]: load backend with: 
Info [interflop-vprec]: precision-binary32 = 18
Info [interflop-vprec]: range-binary32 = 7
Info [interflop-vprec]: precision-binary64 = 18
Info [interflop-vprec]: range-binary64 = 7
Info [interflop-vprec]: mode = ob
Info [interflop-vprec]: error-mode = rel
Info [interflop-vprec]: max-abs-error-exponent = -1022
Info [interflop-vprec]: daz = false
Info [interflop-vprec]: ftz = false
Info [interflop-vprec]: 	instrument = none
Info [interflop-vprec]: 	prec-input-file = (null)
Info [interflop-vprec]: 	prec-output-file = (null)
Info [interflop-vprec]: 	prec-log-file = (null)
All_Command_lines_OK
Using double precision for computations.
=============================================================================
The composite transform comprises the following transforms (in order): 
  1. /home/mdugre/scratch/mri-registration-rp/datasets/ds004513/derivatives/mri-registration-rp/1111/antsRegistration-r7-p18/sub-s035/align_Composite.h5[0] (type = Euler3DTransform)
  2. /home/mdugre/scratch/mri-registration-rp/datasets/ds004513/derivatives/mri-registration-rp/1111/antsRegistration-r7-p18/sub-s035/align_Composite.h5[1] (type = Euler3DTransform)
=============================================================================
  number of levels = 4
  fixed image: /templateflow/tpl-MNI152NLin2009cAsym/tpl-MNI152NLin2009cAsym_res-01_desc-brain_T1w.nii.gz
  moving image: /home/mdugre/scratch/mri-registration-rp/datasets/ds004513/derivatives/mri-registration-rp/antsBrainExtraction/sub-s035/BrainExtractionBrain.nii.gz
Dimension = 3
Number of stages = 1
Use histogram matching = false
Winsorize image intensities = true
  Lower quantile = 0.005
  Upper quantile = 0.995


Stage 1 State
   Image metric = MattesMI
     Fixed image = Image (0x44191e0)
  RTTI typeinfo:   itk::Image<double, 3u>
  Reference Count: 2
  Modified Time: 1578
  Debug: Off
  Object Name: 
  Observers: 
    none
  Source: (none)
  Source output name: (none)
  Release Data: Off
  Data Released: False
  Global Release Data: Off
  PipelineMTime: 0
  UpdateMTime: 1189
  RealTimeStamp: 0 seconds 
  LargestPossibleRegion: 
    Dimension: 3
    Index: [0, 0, 0]
    Size: [193, 229, 193]
  BufferedRegion: 
    Dimension: 3
    Index: [0, 0, 0]
    Size: [193, 229, 193]
  RequestedRegion: 
    Dimension: 3
    Index: [0, 0, 0]
    Size: [193, 229, 193]
  Spacing: [1, 1, 1]
  Origin: [96, 132, -78]
  Direction: 
-1 0 0
0 -1 0
0 0 1

  IndexToPointMatrix: 
-1 0 0
0 -1 0
0 0 1

  PointToIndexMatrix: 
-1 0 0
0 -1 0
0 0 1

  Inverse Direction: 
-1 0 0
0 -1 0
0 0 1

  PixelContainer: 
    ImportImageContainer (0x44d86f0)
      RTTI typeinfo:   itk::ImportImageContainer<unsigned long, double>
      Reference Count: 1
      Modified Time: 1186
      Debug: Off
      Object Name: 
      Observers: 
        none
      Pointer: 0x148383ffc010
      Container manages memory: true
      Size: 8530021
      Capacity: 8530021

     Moving image = Image (0x44d4c90)
  RTTI typeinfo:   itk::Image<double, 3u>
  Reference Count: 2
  Modified Time: 1579
  Debug: Off
  Object Name: 
  Observers: 
    none
  Source: (none)
  Source output name: (none)
  Release Data: Off
  Data Released: False
  Global Release Data: Off
  PipelineMTime: 0
  UpdateMTime: 1576
  RealTimeStamp: 0 seconds 
  LargestPossibleRegion: 
    Dimension: 3
    Index: [0, 0, 0]
    Size: [160, 240, 256]
  BufferedRegion: 
    Dimension: 3
    Index: [0, 0, 0]
    Size: [160, 240, 256]
  RequestedRegion: 
    Dimension: 3
    Index: [0, 0, 0]
    Size: [160, 240, 256]
  Spacing: [1, 1, 1]
  Origin: [98.6438, 87.6357, -117.99]
  Direction: 
-0.993515 -0.100993 -0.0522355
0.100854 -0.994886 0.00530255
-0.0525039 1.93537e-08 0.998621

  IndexToPointMatrix: 
-0.993515 -0.100993 -0.0522355
0.100854 -0.994886 0.00530255
-0.0525039 1.93537e-08 0.998621

  PointToIndexMatrix: 
-0.993515 0.100854 -0.0525039
-0.100993 -0.994888 1.90735e-06
-0.0522356 0.00530243 0.998623

  Inverse Direction: 
-0.993515 0.100854 -0.0525039
-0.100993 -0.994888 1.90735e-06
-0.0522356 0.00530243 0.998623

  PixelContainer: 
    ImportImageContainer (0x4497010)
      RTTI typeinfo:   itk::ImportImageContainer<unsigned long, double>
      Reference Count: 1
      Modified Time: 1573
      Debug: Off
      Object Name: 
      Observers: 
        none
      Pointer: 0x14837f4fb010
      Container manages memory: true
      Size: 9830400
      Capacity: 9830400

     Weighting = 1
     Sampling strategy = regular
     Number of bins = 32
     Radius = 4
     Sampling percentage  = 0.25
   Transform = Rigid
     Gradient step = 0.1
     Update field sigma (voxel space) = 0
     Total field sigma (voxel space) = 0
     Update field time sigma = 0
     Total field time sigma  = 0
     Number of time indices = 0
     Number of time point samples = 0
Registration using 1 total stages.

Stage 0
  iterations = 1000x500x250x100
  convergence threshold = 1e-06
  convergence window size = 10
  number of levels = 4
  using the Mattes MI metric (number of bins = 32, weight = 1, use gradient filter = 0)
  preprocessing:  winsorizing the image intensities
  Shrink factors (level 1 out of 4): [8, 8, 8]
  Shrink factors (level 2 out of 4): [4, 4, 4]
  Shrink factors (level 3 out of 4): [2, 2, 2]
  Shrink factors (level 4 out of 4): [1, 1, 1]
  smoothing sigmas per level: [3, 2, 1, 0]
  regular sampling (percentage = 0.25)

*** Running Euler3DTransform registration ***

DIAGNOSTIC,Iteration,metricValue,convergenceValue,ITERATION_TIME_INDEX,SINCE_LAST
 2DIAGNOSTIC,     1, -4.608041589039e-01, 1.797693134862e+308, 0.0000e+00, 0.0000e+00, 
 2DIAGNOSTIC,     2, -4.629584680659e-01, 1.797693134862e+308, 0.0000e+00, 0.0000e+00, 
 2DIAGNOSTIC,     3, -4.663888252693e-01, 1.797693134862e+308, 0.0000e+00, 0.0000e+00, 
 2DIAGNOSTIC,     4, -4.727276018617e-01, 1.797693134862e+308, 0.0000e+00, 0.0000e+00, 
 2DIAGNOSTIC,     5, -4.852886265811e-01, 1.797693134862e+308, 0.0000e+00, 0.0000e+00, 
 2DIAGNOSTIC,     6, -4.954123604889e-01, 1.797693134862e+308, 0.0000e+00, 0.0000e+00, 
 2DIAGNOSTIC,     7, -5.224189731747e-01, 1.797693134862e+308, 0.0000e+00, 0.0000e+00, 
 2DIAGNOSTIC,     8, -5.487309037242e-01, 1.797693134862e+308, 0.0000e+00, 0.0000e+00, 
 2DIAGNOSTIC,     9, -5.580712713747e-01, 1.797693134862e+308, 0.0000e+00, 0.0000e+00, 
 2DIAGNOSTIC,    10, -5.600666729653e-01, 1.497010299575e-02, 0.0000e+00, 0.0000e+00, 
 2DIAGNOSTIC,    11, -5.620290575616e-01, 1.396780469949e-02, 0.0000e+00, 0.0000e+00, 
 2DIAGNOSTIC,    12, -5.625393084447e-01, 1.201586343860e-02, 0.0000e+00, 0.0000e+00, 
 2DIAGNOSTIC,    13, -5.653519657051e-01, 9.556976414201e-03, 0.0000e+00, 0.0000e+00, 
 2DIAGNOSTIC,    14, -5.668410996457e-01, 6.917292782507e-03, 0.0000e+00, 0.0000e+00, 
 2DIAGNOSTIC,    15, -5.676802391900e-01, 4.529238496139e-03, 0.0000e+00, 0.0000e+00, 
 2DIAGNOSTIC,    16, -5.693715067685e-01, 2.437730164060e-03, 0.0000e+00, 0.0000e+00, 
 2DIAGNOSTIC,    17, -5.704657302608e-01, 1.254902872662e-03, 0.0000e+00, 0.0000e+00, 
 2DIAGNOSTIC,    18, -5.718511425544e-01, 9.126663525067e-04, 0.0000e+00, 0.0000e+00, 
 2DIAGNOSTIC,    19, -5.735975059776e-01, 8.337721983870e-04, 0.0000e+00, 0.0000e+00, 
 2DIAGNOSTIC,    20, -5.797020518560e-01, 8.993875621607e-04, 0.0000e+00, 0.0000e+00, 
 2DIAGNOSTIC,    21, -5.849795675329e-01, 1.053433102680e-03, 0.0000e+00, 0.0000e+00, 
 2DIAGNOSTIC,    22, -5.978486459668e-01, 1.409652875097e-03, 0.0000e+00, 0.0000e+00, 
 2DIAGNOSTIC,    23, -6.009952736516e-01, 1.730136363394e-03, 0.0000e+00, 0.0000e+00, 
 2DIAGNOSTIC,    24, -6.024240019541e-01, 1.925286170779e-03, 0.0000e+00, 0.0000e+00, 
 2DIAGNOSTIC,    25, -6.042592634677e-01, 1.979884547376e-03, 0.0000e+00, 0.0000e+00, 
 2DIAGNOSTIC,    26, -6.073762417318e-01, 1.936946304590e-03, 0.0000e+00, 0.0000e+00, 
 2DIAGNOSTIC,    27, -6.093592686630e-01, 1.770197029344e-03, 0.0000e+00, 0.0000e+00, 
 2DIAGNOSTIC,    28, -6.118618474027e-01, 1.521396547552e-03, 0.0000e+00, 0.0000e+00, 
 2DIAGNOSTIC,    29, -6.123302471015e-01, 1.188348257371e-03, 0.0000e+00, 0.0000e+00, 
 2DIAGNOSTIC,    30, -6.165252452939e-01, 9.430518976804e-04, 0.0000e+00, 0.0000e+00, 
 2DIAGNOSTIC,    31, -6.191953822238e-01, 7.487565211336e-04, 0.0000e+00, 0.0000e+00, 
 2DIAGNOSTIC,    32, -6.227160442014e-01, 7.538885314643e-04, 0.0000e+00, 0.0000e+00, 
 2DIAGNOSTIC,    33, -6.230056162088e-01, 7.395993212841e-04, 0.0000e+00, 0.0000e+00, 
 2DIAGNOSTIC,    34, -6.237945657992e-01, 6.899420475184e-04, 0.0000e+00, 0.0000e+00, 
 2DIAGNOSTIC,    35, -6.256678521208e-01, 6.300930299636e-04, 0.0000e+00, 0.0000e+00, 
 2DIAGNOSTIC,    36, -6.264940351503e-01, 5.670177967455e-04, 0.0000e+00, 0.0000e+00, 
 2DIAGNOSTIC,    37, -6.268635235357e-01, 4.848175989169e-04, 0.0000e+00, 0.0000e+00, 
 2DIAGNOSTIC,    38, -6.271681476738e-01, 3.992046332293e-04, 0.0000e+00, 0.0000e+00, 
 2DIAGNOSTIC,    39, -6.274656232029e-01, 2.896906919381e-04, 0.0000e+00, 0.0000e+00, 
 2DIAGNOSTIC,    40, -6.300072627550e-01, 2.409974002048e-04, 0.0000e+00, 0.0000e+00, 
 2DIAGNOSTIC,    41, -6.324686385592e-01, 2.316134074206e-04, 0.0000e+00, 0.0000e+00, 
 2DIAGNOSTIC,    42, -6.371844529887e-01, 2.968952997817e-04, 0.0000e+00, 0.0000e+00, 
 2DIAGNOSTIC,    43, -6.415472987091e-01, 3.829295955122e-04, 0.0000e+00, 0.0000e+00, 
 2DIAGNOSTIC,    44, -6.525515221733e-01, 5.581119415460e-04, 0.0000e+00, 0.0000e+00, 
 2DIAGNOSTIC,    45, -6.550715837383e-01, 7.162011917160e-04, 0.0000e+00, 0.0000e+00, 
 2DIAGNOSTIC,    46, -6.602752862659e-01, 8.625035233648e-04, 0.0000e+00, 0.0000e+00, 
 2DIAGNOSTIC,    47, -6.619045392907e-01, 9.399958202999e-04, 0.0000e+00, 0.0000e+00, 
 2DIAGNOSTIC,    48, -6.651934596618e-01, 9.600723790166e-04, 0.0000e+00, 0.0000e+00, 
 2DIAGNOSTIC,    49, -6.698846174979e-01, 9.348169578059e-04, 0.0000e+00, 0.0000e+00, 
 2DIAGNOSTIC,    50, -6.721255994101e-01, 8.662148023969e-04, 0.0000e+00, 0.0000e+00, 
 2DIAGNOSTIC,    51, -6.730557417358e-01, 7.501037875028e-04, 0.0000e+00, 0.0000e+00, 
 2DIAGNOSTIC,    52, -6.741115985797e-01, 6.209838802858e-04, 0.0000e+00, 0.0000e+00, 
 2DIAGNOSTIC,    53, -6.783898638012e-01, 5.133030089174e-04, 0.0000e+00, 0.0000e+00, 
 2DIAGNOSTIC,    54, -6.787426245140e-01, 4.595021671382e-04, 0.0000e+00, 0.0000e+00, 
 2DIAGNOSTIC,    55, -6.792642991835e-01, 3.895298076395e-04, 0.0000e+00, 0.0000e+00, 
 2DIAGNOSTIC,    56, -6.798369806074e-01, 3.347674872550e-04, 0.0000e+00, 0.0000e+00, 
 2DIAGNOSTIC,    57, -6.804029789063e-01, 2.679613187949e-04, 0.0000e+00, 0.0000e+00, 
 2DIAGNOSTIC,    58, -6.804560902122e-01, 2.038681911128e-04, 0.0000e+00, 0.0000e+00, 
 2DIAGNOSTIC,    59, -6.809026260505e-01, 1.632849444923e-04, 0.0000e+00, 0.0000e+00, 
 2DIAGNOSTIC,    60, -6.821956595890e-01, 1.365455294680e-04, 0.0000e+00, 0.0000e+00, 
 2DIAGNOSTIC,    61, -6.838041914699e-01, 1.170774068250e-04, 0.0000e+00, 0.0000e+00, 
 2DIAGNOSTIC,    62, -6.841783600025e-01, 9.680625465704e-05, 0.0000e+00, 0.0000e+00, 
 2DIAGNOSTIC,    63, -6.851111143641e-01, 1.067927735071e-04, 0.0000e+00, 0.0000e+00, 
 2DIAGNOSTIC,    64, -6.850659651781e-01, 1.084029779913e-04, 0.0000e+00, 0.0000e+00, 
 2DIAGNOSTIC,    65, -6.853897242651e-01, 1.054885489791e-04, 0.0000e+00, 0.0000e+00, 
 2DIAGNOSTIC,    66, -6.853911548058e-01, 9.635851060305e-05, 0.0000e+00, 0.0000e+00, 
 2DIAGNOSTIC,    67, -6.856387237398e-01, 8.401793122606e-05, 0.0000e+00, 0.0000e+00, 
 2DIAGNOSTIC,    68, -6.856890419443e-01, 6.482101277171e-05, 0.0000e+00, 0.0000e+00, 
 2DIAGNOSTIC,    69, -6.856186048704e-01, 4.247488607990e-05, 0.0000e+00, 0.0000e+00, 
 2DIAGNOSTIC,    70, -6.857422242961e-01, 2.595115092068e-05, 0.0000e+00, 0.0000e+00, 
 2DIAGNOSTIC,    71, -6.856958737767e-01, 1.756915619151e-05, 0.0000e+00, 0.0000e+00, 
 2DIAGNOSTIC,    72, -6.857515611417e-01, 1.038306342845e-05, 0.0000e+00, 0.0000e+00, 
 2DIAGNOSTIC,    73, -6.858616931829e-01, 9.031302272040e-06, 0.0000e+00, 0.0000e+00, 
 2DIAGNOSTIC,    74, -6.858779975235e-01, 6.668194129821e-06, 0.0000e+00, 0.0000e+00, 
 2DIAGNOSTIC,    75, -6.858810362199e-01, 5.792385501774e-06, 0.0000e+00, 0.0000e+00, 
 2DIAGNOSTIC,    76, -6.858907307159e-01, 4.461232807134e-06, 0.0000e+00, 0.0000e+00, 
 2DIAGNOSTIC,    77, -6.860061187463e-01, 4.922084125046e-06, 0.0000e+00, 0.0000e+00, 
 2DIAGNOSTIC,    78, -6.860287940467e-01, 5.350054340238e-06, 0.0000e+00, 0.0000e+00, 
 2DIAGNOSTIC,    79, -6.860449002005e-01, 4.962941231342e-06, 0.0000e+00, 0.0000e+00, 
 2DIAGNOSTIC,    80, -6.860850806661e-01, 5.109946478293e-06, 0.0000e+00, 0.0000e+00, 
 2DIAGNOSTIC,    81, -6.862316824553e-01, 5.356159909469e-06, 0.0000e+00, 0.0000e+00, 
 2DIAGNOSTIC,    82, -6.861936569919e-01, 5.171015148530e-06, 0.0000e+00, 0.0000e+00, 
 2DIAGNOSTIC,    83, -6.860060540598e-01, 4.122682493895e-06, 0.0000e+00, 0.0000e+00, 
 2DIAGNOSTIC,    84, -6.860287542544e-01, 3.000295276761e-06, 0.0000e+00, 0.0000e+00, 
 2DIAGNOSTIC,    85, -6.861048547482e-01, 2.059170767937e-06, 0.0000e+00, 0.0000e+00, 
 2DIAGNOSTIC,    86, -6.861108646853e-01, 1.010822262146e-06, 0.0000e+00, 0.0000e+00, 
DIAGNOSTIC,Iteration,metricValue,convergenceValue,ITERATION_TIME_INDEX,SINCE_LAST
 2DIAGNOSTIC,     1, -5.585016967877e-01, 1.797693134862e+308, 0.0000e+00, 0.0000e+00, 
 2DIAGNOSTIC,     2, -5.589284882644e-01, 1.797693134862e+308, 0.0000e+00, 0.0000e+00, 
 2DIAGNOSTIC,     3, -5.595868406763e-01, 1.797693134862e+308, 0.0000e+00, 0.0000e+00, 
 2DIAGNOSTIC,     4, -5.600877851922e-01, 1.797693134862e+308, 0.0000e+00, 0.0000e+00, 
 2DIAGNOSTIC,     5, -5.604681402490e-01, 1.797693134862e+308, 0.0000e+00, 0.0000e+00, 
 2DIAGNOSTIC,     6, -5.609641381848e-01, 1.797693134862e+308, 0.0000e+00, 0.0000e+00, 
 2DIAGNOSTIC,     7, -5.614853339910e-01, 1.797693134862e+308, 0.0000e+00, 0.0000e+00, 
 2DIAGNOSTIC,     8, -5.621466463925e-01, 1.797693134862e+308, 0.0000e+00, 0.0000e+00, 
 2DIAGNOSTIC,     9, -5.622973831142e-01, 1.797693134862e+308, 0.0000e+00, 0.0000e+00, 
 2DIAGNOSTIC,    10, -5.626951629472e-01, 4.932041508406e-04, 0.0000e+00, 0.0000e+00, 
 2DIAGNOSTIC,    11, -5.630127070883e-01, 4.275885058597e-04, 0.0000e+00, 0.0000e+00, 
 2DIAGNOSTIC,    12, -5.631749153864e-01, 3.588167029314e-04, 0.0000e+00, 0.0000e+00, 
 2DIAGNOSTIC,    13, -5.634034276751e-01, 3.026669532405e-04, 0.0000e+00, 0.0000e+00, 
 2DIAGNOSTIC,    14, -5.635053432456e-01, 2.490137263575e-04, 0.0000e+00, 0.0000e+00, 
 2DIAGNOSTIC,    15, -5.636324311070e-01, 1.970282696684e-04, 0.0000e+00, 0.0000e+00, 
 2DIAGNOSTIC,    16, -5.641676762827e-01, 1.659556302813e-04, 0.0000e+00, 0.0000e+00, 
 2DIAGNOSTIC,    17, -5.644557070669e-01, 1.467131789654e-04, 0.0000e+00, 0.0000e+00, 
 2DIAGNOSTIC,    18, -5.645866907847e-01, 1.385256972237e-04, 0.0000e+00, 0.0000e+00, 
 2DIAGNOSTIC,    19, -5.647695950521e-01, 1.274197848257e-04, 0.0000e+00, 0.0000e+00, 
 2DIAGNOSTIC,    20, -5.653882655705e-01, 1.312497176637e-04, 0.0000e+00, 0.0000e+00, 
 2DIAGNOSTIC,    21, -5.654906274606e-01, 1.321565484978e-04, 0.0000e+00, 0.0000e+00, 
 2DIAGNOSTIC,    22, -5.661782765949e-01, 1.402180974631e-04, 0.0000e+00, 0.0000e+00, 
 2DIAGNOSTIC,    23, -5.661936514453e-01, 1.398383127309e-04, 0.0000e+00, 0.0000e+00, 
 2DIAGNOSTIC,    24, -5.662085329100e-01, 1.292046441202e-04, 0.0000e+00, 0.0000e+00, 
 2DIAGNOSTIC,    25, -5.662132310058e-01, 1.098734196112e-04, 0.0000e+00, 0.0000e+00, 
 2DIAGNOSTIC,    26, -5.662030896191e-01, 9.182094637902e-05, 0.0000e+00, 0.0000e+00, 
 2DIAGNOSTIC,    27, -5.661961518344e-01, 7.177818395876e-05, 0.0000e+00, 0.0000e+00, 
 2DIAGNOSTIC,    28, -5.661962969456e-01, 4.889839091061e-05, 0.0000e+00, 0.0000e+00, 
 2DIAGNOSTIC,    29, -5.661887037031e-01, 2.604015453358e-05, 0.0000e+00, 0.0000e+00, 
 2DIAGNOSTIC,    30, -5.661872049453e-01, 1.282235579365e-05, 0.0000e+00, 0.0000e+00, 
DIAGNOSTIC,Iteration,metricValue,convergenceValue,ITERATION_TIME_INDEX,SINCE_LAST
 2DIAGNOSTIC,     1, -5.039231700164e-01, 1.797693134862e+308, 0.0000e+00, 0.0000e+00, 
 2DIAGNOSTIC,     2, -5.041433880455e-01, 1.797693134862e+308, 0.0000e+00, 0.0000e+00, 
 2DIAGNOSTIC,     3, -5.042309467559e-01, 1.797693134862e+308, 0.0000e+00, 0.0000e+00, 
 2DIAGNOSTIC,     4, -5.043019133860e-01, 1.797693134862e+308, 0.0000e+00, 0.0000e+00, 
 2DIAGNOSTIC,     5, -5.043439556673e-01, 1.797693134862e+308, 0.0000e+00, 0.0000e+00, 
 2DIAGNOSTIC,     6, -5.045063528443e-01, 1.797693134862e+308, 0.0000e+00, 0.0000e+00, 
 2DIAGNOSTIC,     7, -5.045419600185e-01, 1.797693134862e+308, 0.0000e+00, 0.0000e+00, 
 2DIAGNOSTIC,     8, -5.045475753094e-01, 1.797693134862e+308, 0.0000e+00, 0.0000e+00, 
 2DIAGNOSTIC,     9, -5.045466805599e-01, 1.797693134862e+308, 0.0000e+00, 0.0000e+00, 
 2DIAGNOSTIC,    10, -5.045453347405e-01, 7.841683655765e-05, 0.0000e+00, 0.0000e+00, 
 2DIAGNOSTIC,    11, -5.045453735839e-01, 5.149901950317e-05, 0.0000e+00, 0.0000e+00, 
 2DIAGNOSTIC,    12, -5.045446767319e-01, 3.491110570414e-05, 0.0000e+00, 0.0000e+00, 
 2DIAGNOSTIC,    13, -5.045451028081e-01, 2.181310264608e-05, 0.0000e+00, 0.0000e+00, 
 2DIAGNOSTIC,    14, -5.045442114680e-01, 1.169872179296e-05, 0.0000e+00, 0.0000e+00, 
 2DIAGNOSTIC,    15, -5.045443419169e-01, 3.501114325885e-06, 0.0000e+00, 0.0000e+00, 
 2DIAGNOSTIC,    16, -5.045443193570e-01, 1.883778165998e-06, 0.0000e+00, 0.0000e+00, 
 2DIAGNOSTIC,    17, -5.045443684076e-01, 1.639842502177e-06, 0.0000e+00, 0.0000e+00, 
 2DIAGNOSTIC,    18, -5.045443680888e-01, 1.618773430058e-06, 0.0000e+00, 0.0000e+00, 
 2DIAGNOSTIC,    19, -5.045443477393e-01, 1.586182804922e-06, 0.0000e+00, 0.0000e+00, 
 2DIAGNOSTIC,    20, -5.045443456067e-01, 1.525565654435e-06, 0.0000e+00, 0.0000e+00, 
 2DIAGNOSTIC,    21, -5.045443492902e-01, 1.476757972317e-06, 0.0000e+00, 0.0000e+00, 
 2DIAGNOSTIC,    22, -5.045443500819e-01, 1.416184676049e-06, 0.0000e+00, 0.0000e+00, 
 2DIAGNOSTIC,    23, -5.045443500819e-01, 1.373446403927e-06, 0.0000e+00, 0.0000e+00, 
 2DIAGNOSTIC,    24, -5.045443479342e-01, 1.312879810852e-06, 0.0000e+00, 0.0000e+00, 
 2DIAGNOSTIC,    25, -5.045443479342e-01, 1.260106694503e-06, 0.0000e+00, 0.0000e+00, 
 2DIAGNOSTIC,    26, -5.045442341176e-01, 1.208399637694e-06, 0.0000e+00, 0.0000e+00, 
 2DIAGNOSTIC,    27, -5.045442718884e-01, 1.162700945849e-06, 0.0000e+00, 0.0000e+00, 
 2DIAGNOSTIC,    28, -5.045442718884e-01, 1.120606354564e-06, 0.0000e+00, 0.0000e+00, 
 2DIAGNOSTIC,    29, -5.045442668905e-01, 1.081321366135e-06, 0.0000e+00, 0.0000e+00, 
 2DIAGNOSTIC,    30, -5.045442668905e-01, 1.045105345508e-06, 0.0000e+00, 0.0000e+00, 
 2DIAGNOSTIC,    31, -5.045442540524e-01, 1.011559699074e-06, 0.0000e+00, 0.0000e+00, 
DIAGNOSTIC,Iteration,metricValue,convergenceValue,ITERATION_TIME_INDEX,SINCE_LAST
 2DIAGNOSTIC,     1, -4.671613135790e-01, 1.797693134862e+308, 0.0000e+00, 0.0000e+00, 
 2DIAGNOSTIC,     2, -4.672552950110e-01, 1.797693134862e+308, 0.0000e+00, 0.0000e+00, 
 2DIAGNOSTIC,     3, -4.672568293997e-01, 1.797693134862e+308, 0.0000e+00, 0.0000e+00, 
 2DIAGNOSTIC,     4, -4.672568736615e-01, 1.797693134862e+308, 0.0000e+00, 0.0000e+00, 
 2DIAGNOSTIC,     5, -4.672558349046e-01, 1.797693134862e+308, 0.0000e+00, 0.0000e+00, 
 2DIAGNOSTIC,     6, -4.672557244110e-01, 1.797693134862e+308, 0.0000e+00, 0.0000e+00, 
 2DIAGNOSTIC,     7, -4.672560459282e-01, 1.797693134862e+308, 0.0000e+00, 0.0000e+00, 
 2DIAGNOSTIC,     8, -4.672561135064e-01, 1.797693134862e+308, 0.0000e+00, 0.0000e+00, 
 2DIAGNOSTIC,     9, -4.672560767896e-01, 1.797693134862e+308, 0.0000e+00, 0.0000e+00, 
 2DIAGNOSTIC,    10, -4.672557137408e-01, 8.878287486622e-06, 0.0000e+00, 0.0000e+00, 
 2DIAGNOSTIC,    11, -4.672555098568e-01, 2.800707332773e-06, 0.0000e+00, 0.0000e+00, 
 2DIAGNOSTIC,    12, -4.672556235110e-01, 2.507979441374e-06, 0.0000e+00, 0.0000e+00, 
 2DIAGNOSTIC,    13, -4.672557406339e-01, 2.346740250528e-06, 0.0000e+00, 0.0000e+00, 
 2DIAGNOSTIC,    14, -4.672557481095e-01, 2.219017461488e-06, 0.0000e+00, 0.0000e+00, 
 2DIAGNOSTIC,    15, -4.672557481095e-01, 2.069761426249e-06, 0.0000e+00, 0.0000e+00, 
 2DIAGNOSTIC,    16, -4.672557495921e-01, 1.937683365066e-06, 0.0000e+00, 0.0000e+00, 
 2DIAGNOSTIC,    17, -4.672557495921e-01, 1.835149268443e-06, 0.0000e+00, 0.0000e+00, 
 2DIAGNOSTIC,    18, -4.672557569215e-01, 1.747869316650e-06, 0.0000e+00, 0.0000e+00, 
 2DIAGNOSTIC,    19, -4.672557569215e-01, 1.669081682379e-06, 0.0000e+00, 0.0000e+00, 
 2DIAGNOSTIC,    20, -4.672557674555e-01, 1.586684789827e-06, 0.0000e+00, 0.0000e+00, 
 2DIAGNOSTIC,    21, -4.672557674555e-01, 1.505078822649e-06, 0.0000e+00, 0.0000e+00, 
 2DIAGNOSTIC,    22, -4.672557937056e-01, 1.434191418077e-06, 0.0000e+00, 0.0000e+00, 
 2DIAGNOSTIC,    23, -4.672557937056e-01, 1.372313896256e-06, 0.0000e+00, 0.0000e+00, 
 2DIAGNOSTIC,    24, -4.672558101634e-01, 1.315942661319e-06, 0.0000e+00, 0.0000e+00, 
 2DIAGNOSTIC,    25, -4.672558101634e-01, 1.263748717853e-06, 0.0000e+00, 0.0000e+00, 
 2DIAGNOSTIC,    26, -4.672558140094e-01, 1.215339764771e-06, 0.0000e+00, 0.0000e+00, 
 2DIAGNOSTIC,    27, -4.672558140094e-01, 1.170146032563e-06, 0.0000e+00, 0.0000e+00, 
 2DIAGNOSTIC,    28, -4.672558021803e-01, 1.127749635128e-06, 0.0000e+00, 0.0000e+00, 
 2DIAGNOSTIC,    29, -4.672558021803e-01, 1.088017678466e-06, 0.0000e+00, 0.0000e+00, 
 2DIAGNOSTIC,    30, -4.672558683116e-01, 1.052314768886e-06, 0.0000e+00, 0.0000e+00, 
 2DIAGNOSTIC,    31, -4.672558683116e-01, 1.018639767383e-06, 0.0000e+00, 0.0000e+00, 
  Elapsed time (stage 0): 0.0000e+00


Total elapsed time: 0.0000e+00
Info [verificarlo]: loaded backend libinterflop_vprec.so
Info [interflop-vprec]: load backend with: 
Info [interflop-vprec]: precision-binary32 = 18
Info [interflop-vprec]: range-binary32 = 7
Info [interflop-vprec]: precision-binary64 = 18
Info [interflop-vprec]: range-binary64 = 7
Info [interflop-vprec]: mode = ob
Info [interflop-vprec]: error-mode = rel
Info [interflop-vprec]: max-abs-error-exponent = -1022
Info [interflop-vprec]: daz = false
Info [interflop-vprec]: ftz = false
Info [interflop-vprec]: 	instrument = none
Info [interflop-vprec]: 	prec-input-file = (null)
Info [interflop-vprec]: 	prec-output-file = (null)
Info [interflop-vprec]: 	prec-log-file = (null)
All_Command_lines_OK
Using double precision for computations.
=============================================================================
The composite transform comprises the following transforms (in order): 
  1. /home/mdugre/scratch/mri-registration-rp/datasets/ds004513/derivatives/mri-registration-rp/1111/antsRegistration-r7-p18/sub-s035/rigid_Composite.h5[0] (type = Euler3DTransform)
  2. /home/mdugre/scratch/mri-registration-rp/datasets/ds004513/derivatives/mri-registration-rp/1111/antsRegistration-r7-p18/sub-s035/rigid_Composite.h5[1] (type = Euler3DTransform)
  3. /home/mdugre/scratch/mri-registration-rp/datasets/ds004513/derivatives/mri-registration-rp/1111/antsRegistration-r7-p18/sub-s035/rigid_Composite.h5[2] (type = Euler3DTransform)
=============================================================================
  number of levels = 4
  fixed image: /templateflow/tpl-MNI152NLin2009cAsym/tpl-MNI152NLin2009cAsym_res-01_desc-brain_T1w.nii.gz
  moving image: /home/mdugre/scratch/mri-registration-rp/datasets/ds004513/derivatives/mri-registration-rp/antsBrainExtraction/sub-s035/BrainExtractionBrain.nii.gz
Dimension = 3
Number of stages = 1
Use histogram matching = false
Winsorize image intensities = true
  Lower quantile = 0.005
  Upper quantile = 0.995


Stage 1 State
   Image metric = MattesMI
     Fixed image = Image (0x3340490)
  RTTI typeinfo:   itk::Image<double, 3u>
  Reference Count: 2
  Modified Time: 1592
  Debug: Off
  Object Name: 
  Observers: 
    none
  Source: (none)
  Source output name: (none)
  Release Data: Off
  Data Released: False
  Global Release Data: Off
  PipelineMTime: 0
  UpdateMTime: 1203
  RealTimeStamp: 0 seconds 
  LargestPossibleRegion: 
    Dimension: 3
    Index: [0, 0, 0]
    Size: [193, 229, 193]
  BufferedRegion: 
    Dimension: 3
    Index: [0, 0, 0]
    Size: [193, 229, 193]
  RequestedRegion: 
    Dimension: 3
    Index: [0, 0, 0]
    Size: [193, 229, 193]
  Spacing: [1, 1, 1]
  Origin: [96, 132, -78]
  Direction: 
-1 0 0
0 -1 0
0 0 1

  IndexToPointMatrix: 
-1 0 0
0 -1 0
0 0 1

  PointToIndexMatrix: 
-1 0 0
0 -1 0
0 0 1

  Inverse Direction: 
-1 0 0
0 -1 0
0 0 1

  PixelContainer: 
    ImportImageContainer (0x33b98b0)
      RTTI typeinfo:   itk::ImportImageContainer<unsigned long, double>
      Reference Count: 1
      Modified Time: 1200
      Debug: Off
      Object Name: 
      Observers: 
        none
      Pointer: 0x148d286e9010
      Container manages memory: true
      Size: 8530021
      Capacity: 8530021

     Moving image = Image (0x340ea40)
  RTTI typeinfo:   itk::Image<double, 3u>
  Reference Count: 2
  Modified Time: 1593
  Debug: Off
  Object Name: 
  Observers: 
    none
  Source: (none)
  Source output name: (none)
  Release Data: Off
  Data Released: False
  Global Release Data: Off
  PipelineMTime: 0
  UpdateMTime: 1590
  RealTimeStamp: 0 seconds 
  LargestPossibleRegion: 
    Dimension: 3
    Index: [0, 0, 0]
    Size: [160, 240, 256]
  BufferedRegion: 
    Dimension: 3
    Index: [0, 0, 0]
    Size: [160, 240, 256]
  RequestedRegion: 
    Dimension: 3
    Index: [0, 0, 0]
    Size: [160, 240, 256]
  Spacing: [1, 1, 1]
  Origin: [98.6438, 87.6357, -117.99]
  Direction: 
-0.993515 -0.100993 -0.0522355
0.100854 -0.994886 0.00530255
-0.0525039 1.93537e-08 0.998621

  IndexToPointMatrix: 
-0.993515 -0.100993 -0.0522355
0.100854 -0.994886 0.00530255
-0.0525039 1.93537e-08 0.998621

  PointToIndexMatrix: 
-0.993515 0.100854 -0.0525039
-0.100993 -0.994888 1.90735e-06
-0.0522356 0.00530243 0.998623

  Inverse Direction: 
-0.993515 0.100854 -0.0525039
-0.100993 -0.994888 1.90735e-06
-0.0522356 0.00530243 0.998623

  PixelContainer: 
    ImportImageContainer (0x33bdd50)
      RTTI typeinfo:   itk::ImportImageContainer<unsigned long, double>
      Reference Count: 1
      Modified Time: 1587
      Debug: Off
      Object Name: 
      Observers: 
        none
      Pointer: 0x148d23be8010
      Container manages memory: true
      Size: 9830400
      Capacity: 9830400

     Weighting = 1
     Sampling strategy = regular
     Number of bins = 32
     Radius = 4
     Sampling percentage  = 0.25
   Transform = Affine
     Gradient step = 0.1
     Update field sigma (voxel space) = 0
     Total field sigma (voxel space) = 0
     Update field time sigma = 0
     Total field time sigma  = 0
     Number of time indices = 0
     Number of time point samples = 0
Registration using 1 total stages.

Stage 0
  iterations = 1000x500x250x100
  convergence threshold = 1e-06
  convergence window size = 10
  number of levels = 4
  using the Mattes MI metric (number of bins = 32, weight = 1, use gradient filter = 0)
  preprocessing:  winsorizing the image intensities
  Shrink factors (level 1 out of 4): [8, 8, 8]
  Shrink factors (level 2 out of 4): [4, 4, 4]
  Shrink factors (level 3 out of 4): [2, 2, 2]
  Shrink factors (level 4 out of 4): [1, 1, 1]
  smoothing sigmas per level: [3, 2, 1, 0]
  regular sampling (percentage = 0.25)

*** Running AffineTransform registration ***

DIAGNOSTIC,Iteration,metricValue,convergenceValue,ITERATION_TIME_INDEX,SINCE_LAST
 2DIAGNOSTIC,     1, -6.783448384939e-01, 1.797693134862e+308, 0.0000e+00, 0.0000e+00, 
 2DIAGNOSTIC,     2, -6.804235545647e-01, 1.797693134862e+308, 0.0000e+00, 0.0000e+00, 
 2DIAGNOSTIC,     3, -6.848306893358e-01, 1.797693134862e+308, 0.0000e+00, 0.0000e+00, 
 2DIAGNOSTIC,     4, -6.930553719991e-01, 1.797693134862e+308, 0.0000e+00, 0.0000e+00, 
 2DIAGNOSTIC,     5, -7.015754854510e-01, 1.797693134862e+308, 0.0000e+00, 0.0000e+00, 
 2DIAGNOSTIC,     6, -7.131735051379e-01, 1.797693134862e+308, 0.0000e+00, 0.0000e+00, 
 2DIAGNOSTIC,     7, -7.331756391793e-01, 1.797693134862e+308, 0.0000e+00, 0.0000e+00, 
 2DIAGNOSTIC,     8, -7.359719527255e-01, 1.797693134862e+308, 0.0000e+00, 0.0000e+00, 
 2DIAGNOSTIC,     9, -7.372561073040e-01, 1.797693134862e+308, 0.0000e+00, 0.0000e+00, 
 2DIAGNOSTIC,    10, -7.419730200829e-01, 6.801602532964e-03, 0.0000e+00, 0.0000e+00, 
 2DIAGNOSTIC,    11, -7.444548861491e-01, 5.957488515804e-03, 0.0000e+00, 0.0000e+00, 
 2DIAGNOSTIC,    12, -7.448025449877e-01, 4.798816361821e-03, 0.0000e+00, 0.0000e+00, 
 2DIAGNOSTIC,    13, -7.447587036431e-01, 3.527019659163e-03, 0.0000e+00, 0.0000e+00, 
 2DIAGNOSTIC,    14, -7.448446940784e-01, 2.364382732283e-03, 0.0000e+00, 0.0000e+00, 
 2DIAGNOSTIC,    15, -7.448322333394e-01, 1.366427520861e-03, 0.0000e+00, 0.0000e+00, 
 2DIAGNOSTIC,    16, -7.448326010336e-01, 6.428458547092e-04, 0.0000e+00, 0.0000e+00, 
 2DIAGNOSTIC,    17, -7.448155940596e-01, 4.091730015798e-04, 0.0000e+00, 0.0000e+00, 
 2DIAGNOSTIC,    18, -7.449632915422e-01, 2.299714499798e-04, 0.0000e+00, 0.0000e+00, 
 2DIAGNOSTIC,    19, -7.448703139704e-01, 7.135717055466e-05, 0.0000e+00, 0.0000e+00, 
 2DIAGNOSTIC,    20, -7.449350178924e-01, 1.469205206824e-05, 0.0000e+00, 0.0000e+00, 
 2DIAGNOSTIC,    21, -7.448743615866e-01, 7.149995077255e-06, 0.0000e+00, 0.0000e+00, 
 2DIAGNOSTIC,    22, -7.447328405282e-01, 3.487881316697e-06, 0.0000e+00, 0.0000e+00, 
DIAGNOSTIC,Iteration,metricValue,convergenceValue,ITERATION_TIME_INDEX,SINCE_LAST
 2DIAGNOSTIC,     1, -6.091477568316e-01, 1.797693134862e+308, 0.0000e+00, 0.0000e+00, 
 2DIAGNOSTIC,     2, -6.096322986395e-01, 1.797693134862e+308, 0.0000e+00, 0.0000e+00, 
 2DIAGNOSTIC,     3, -6.102418399618e-01, 1.797693134862e+308, 0.0000e+00, 0.0000e+00, 
 2DIAGNOSTIC,     4, -6.109258365441e-01, 1.797693134862e+308, 0.0000e+00, 0.0000e+00, 
 2DIAGNOSTIC,     5, -6.114334609891e-01, 1.797693134862e+308, 0.0000e+00, 0.0000e+00, 
 2DIAGNOSTIC,     6, -6.114473132893e-01, 1.797693134862e+308, 0.0000e+00, 0.0000e+00, 
 2DIAGNOSTIC,     7, -6.115202388119e-01, 1.797693134862e+308, 0.0000e+00, 0.0000e+00, 
 2DIAGNOSTIC,     8, -6.115386820892e-01, 1.797693134862e+308, 0.0000e+00, 0.0000e+00, 
 2DIAGNOSTIC,     9, -6.115233248354e-01, 1.797693134862e+308, 0.0000e+00, 0.0000e+00, 
 2DIAGNOSTIC,    10, -6.114902540748e-01, 2.443693666185e-04, 0.0000e+00, 0.0000e+00, 
 2DIAGNOSTIC,    11, -6.114764701652e-01, 1.473082429240e-04, 0.0000e+00, 0.0000e+00, 
 2DIAGNOSTIC,    12, -6.114883345451e-01, 7.262980579414e-05, 0.0000e+00, 0.0000e+00, 
 2DIAGNOSTIC,    13, -6.114889462705e-01, 2.442883865457e-05, 0.0000e+00, 0.0000e+00, 
 2DIAGNOSTIC,    14, -6.114753518834e-01, 2.960837222926e-06, 0.0000e+00, 0.0000e+00, 
DIAGNOSTIC,Iteration,metricValue,convergenceValue,ITERATION_TIME_INDEX,SINCE_LAST
 2DIAGNOSTIC,     1, -5.346405464475e-01, 1.797693134862e+308, 0.0000e+00, 0.0000e+00, 
 2DIAGNOSTIC,     2, -5.348918449732e-01, 1.797693134862e+308, 0.0000e+00, 0.0000e+00, 
 2DIAGNOSTIC,     3, -5.351926075847e-01, 1.797693134862e+308, 0.0000e+00, 0.0000e+00, 
 2DIAGNOSTIC,     4, -5.353638327720e-01, 1.797693134862e+308, 0.0000e+00, 0.0000e+00, 
 2DIAGNOSTIC,     5, -5.353667351281e-01, 1.797693134862e+308, 0.0000e+00, 0.0000e+00, 
 2DIAGNOSTIC,     6, -5.353640204521e-01, 1.797693134862e+308, 0.0000e+00, 0.0000e+00, 
 2DIAGNOSTIC,     7, -5.353627679519e-01, 1.797693134862e+308, 0.0000e+00, 0.0000e+00, 
 2DIAGNOSTIC,     8, -5.353613764855e-01, 1.797693134862e+308, 0.0000e+00, 0.0000e+00, 
 2DIAGNOSTIC,     9, -5.353605666665e-01, 1.797693134862e+308, 0.0000e+00, 0.0000e+00, 
 2DIAGNOSTIC,    10, -5.353610076262e-01, 6.939267001013e-05, 0.0000e+00, 0.0000e+00, 
 2DIAGNOSTIC,    11, -5.353611059130e-01, 3.237589668452e-05, 0.0000e+00, 0.0000e+00, 
 2DIAGNOSTIC,    12, -5.353618200076e-01, 9.747992461479e-06, 0.0000e+00, 0.0000e+00, 
 2DIAGNOSTIC,    13, -5.353618126091e-01, 2.042914060085e-06, 0.0000e+00, 0.0000e+00, 
 2DIAGNOSTIC,    14, -5.353609456289e-01, 1.930290921215e-06, 0.0000e+00, 0.0000e+00, 
 2DIAGNOSTIC,    15, -5.353615111917e-01, 1.987190887565e-06, 0.0000e+00, 0.0000e+00, 
 2DIAGNOSTIC,    16, -5.353598573645e-01, 1.901488287159e-06, 0.0000e+00, 0.0000e+00, 
 2DIAGNOSTIC,    17, -5.353596606631e-01, 1.788846228451e-06, 0.0000e+00, 0.0000e+00, 
 2DIAGNOSTIC,    18, -5.353593038937e-01, 1.643851229617e-06, 0.0000e+00, 0.0000e+00, 
 2DIAGNOSTIC,    19, -5.353566977735e-01, 1.428337928974e-06, 0.0000e+00, 0.0000e+00, 
 2DIAGNOSTIC,    20, -5.353560679028e-01, 1.252635590109e-06, 0.0000e+00, 0.0000e+00, 
 2DIAGNOSTIC,    21, -5.353553985779e-01, 1.108579298595e-06, 0.0000e+00, 0.0000e+00, 
 2DIAGNOSTIC,    22, -5.353553710893e-01, 1.030237065075e-06, 0.0000e+00, 0.0000e+00, 
DIAGNOSTIC,Iteration,metricValue,convergenceValue,ITERATION_TIME_INDEX,SINCE_LAST
 2DIAGNOSTIC,     1, -4.911927043311e-01, 1.797693134862e+308, 0.0000e+00, 0.0000e+00, 
 2DIAGNOSTIC,     2, -4.913743056616e-01, 1.797693134862e+308, 0.0000e+00, 0.0000e+00, 
 2DIAGNOSTIC,     3, -4.915478971556e-01, 1.797693134862e+308, 0.0000e+00, 0.0000e+00, 
 2DIAGNOSTIC,     4, -4.917575806872e-01, 1.797693134862e+308, 0.0000e+00, 0.0000e+00, 
 2DIAGNOSTIC,     5, -4.920045273914e-01, 1.797693134862e+308, 0.0000e+00, 0.0000e+00, 
 2DIAGNOSTIC,     6, -4.923042130791e-01, 1.797693134862e+308, 0.0000e+00, 0.0000e+00, 
 2DIAGNOSTIC,     7, -4.923207588438e-01, 1.797693134862e+308, 0.0000e+00, 0.0000e+00, 
 2DIAGNOSTIC,     8, -4.923213207093e-01, 1.797693134862e+308, 0.0000e+00, 0.0000e+00, 
 2DIAGNOSTIC,     9, -4.923223993130e-01, 1.797693134862e+308, 0.0000e+00, 0.0000e+00, 
 2DIAGNOSTIC,    10, -4.923228354138e-01, 1.657143104004e-04, 0.0000e+00, 0.0000e+00, 
 2DIAGNOSTIC,    11, -4.923245904075e-01, 1.170603962048e-04, 0.0000e+00, 0.0000e+00, 
 2DIAGNOSTIC,    12, -4.923315668434e-01, 7.536650587021e-05, 0.0000e+00, 0.0000e+00, 
 2DIAGNOSTIC,    13, -4.923504512950e-01, 4.214682679846e-05, 0.0000e+00, 0.0000e+00, 
