
##########################
# Experiment information #
##########################

EXPERIMENT_NAME: antsRegistration-r8-p21
VFC_BACKENDS: libinterflop_vprec.so --range-binary32=8 --precision-binary32=21 --range-binary64=8 --precision-binary64=21

SIF_IMG: /home/mdugre/projects/rrg-glatard/mdugre/containers/ants-vprec-no_metrics.simg

SUBJECT_ID: s025
INPUT_IMG: /home/mdugre/scratch/mri-registration-rp/datasets/ds004513/derivatives/mri-registration-rp/antsBrainExtraction/sub-s025/BrainExtractionBrain.nii.gz
OUTPUT_DIR: /home/mdugre/scratch/mri-registration-rp/datasets/ds004513/derivatives/mri-registration-rp/1111/antsRegistration-r8-p21/sub-s025

FIXED_IMG: /templateflow/tpl-MNI152NLin2009cAsym/tpl-MNI152NLin2009cAsym_res-01_desc-brain_T1w.nii.gz
DATA_DIR: /home/mdugre/scratch/mri-registration-rp/datasets/ds004513
TEMPLATEFLOW_DIR: /home/mdugre/projects/rrg-glatard/mdugre/templateflow
ITK_GLOBAL_DEFAULT_NUMBER_OF_THREADS: 16
##########################

Info [verificarlo]: loaded backend libinterflop_vprec.so
Info [interflop-vprec]: load backend with: 
Info [interflop-vprec]: precision-binary32 = 21
Info [interflop-vprec]: range-binary32 = 8
Info [interflop-vprec]: precision-binary64 = 21
Info [interflop-vprec]: range-binary64 = 8
Info [interflop-vprec]: mode = ob
Info [interflop-vprec]: error-mode = rel
Info [interflop-vprec]: max-abs-error-exponent = -1022
Info [interflop-vprec]: daz = false
Info [interflop-vprec]: ftz = false
Info [interflop-vprec]: 	instrument = none
Info [interflop-vprec]: 	prec-input-file = (null)
Info [interflop-vprec]: 	prec-output-file = (null)
Info [interflop-vprec]: 	prec-log-file = (null)
All_Command_lines_OK
Using double precision for computations.
=============================================================================
The composite transform comprises the following transforms (in order): 
  1. Center of mass alignment using fixed image: /templateflow/tpl-MNI152NLin2009cAsym/tpl-MNI152NLin2009cAsym_res-01_desc-brain_T1w.nii.gz and moving image: /home/mdugre/scratch/mri-registration-rp/datasets/ds004513/derivatives/mri-registration-rp/antsBrainExtraction/sub-s025/BrainExtractionBrain.nii.gz (type = Euler3DTransform)
=============================================================================
  number of levels = 1
  fixed image: /templateflow/tpl-MNI152NLin2009cAsym/tpl-MNI152NLin2009cAsym_res-01_desc-brain_T1w.nii.gz
  moving image: /home/mdugre/scratch/mri-registration-rp/datasets/ds004513/derivatives/mri-registration-rp/antsBrainExtraction/sub-s025/BrainExtractionBrain.nii.gz
Dimension = 3
Number of stages = 1
Use histogram matching = false
Winsorize image intensities = true
  Lower quantile = 0.005
  Upper quantile = 0.995


Stage 1 State
   Image metric = MattesMI
     Fixed image = Image (0x3f8cb20)
  RTTI typeinfo:   itk::Image<double, 3u>
  Reference Count: 2
  Modified Time: 2334
  Debug: Off
  Object Name: 
  Observers: 
    none
  Source: (none)
  Source output name: (none)
  Release Data: Off
  Data Released: False
  Global Release Data: Off
  PipelineMTime: 0
  UpdateMTime: 1943
  RealTimeStamp: 0 seconds 
  LargestPossibleRegion: 
    Dimension: 3
    Index: [0, 0, 0]
    Size: [193, 229, 193]
  BufferedRegion: 
    Dimension: 3
    Index: [0, 0, 0]
    Size: [193, 229, 193]
  RequestedRegion: 
    Dimension: 3
    Index: [0, 0, 0]
    Size: [193, 229, 193]
  Spacing: [1, 1, 1]
  Origin: [96, 132, -78]
  Direction: 
-1 0 0
0 -1 0
0 0 1

  IndexToPointMatrix: 
-1 0 0
0 -1 0
0 0 1

  PointToIndexMatrix: 
-1 0 0
0 -1 0
0 0 1

  Inverse Direction: 
-1 0 0
0 -1 0
0 0 1

  PixelContainer: 
    ImportImageContainer (0x40b8650)
      RTTI typeinfo:   itk::ImportImageContainer<unsigned long, double>
      Reference Count: 1
      Modified Time: 1940
      Debug: Off
      Object Name: 
      Observers: 
        none
      Pointer: 0x1494c230a010
      Container manages memory: true
      Size: 8530021
      Capacity: 8530021

     Moving image = Image (0x3f8ead0)
  RTTI typeinfo:   itk::Image<double, 3u>
  Reference Count: 2
  Modified Time: 2335
  Debug: Off
  Object Name: 
  Observers: 
    none
  Source: (none)
  Source output name: (none)
  Release Data: Off
  Data Released: False
  Global Release Data: Off
  PipelineMTime: 0
  UpdateMTime: 2332
  RealTimeStamp: 0 seconds 
  LargestPossibleRegion: 
    Dimension: 3
    Index: [0, 0, 0]
    Size: [176, 240, 256]
  BufferedRegion: 
    Dimension: 3
    Index: [0, 0, 0]
    Size: [176, 240, 256]
  RequestedRegion: 
    Dimension: 3
    Index: [0, 0, 0]
    Size: [176, 240, 256]
  Spacing: [0.999999, 1, 1]
  Origin: [90.3778, 84.5091, -154.071]
  Direction: 
-0.999391 7.48184e-06 -0.0348969
-7.47664e-06 -1 -2.7953e-07
-0.0348969 -1.84481e-08 0.999391

  IndexToPointMatrix: 
-0.999389 7.48184e-06 -0.0348969
-7.47663e-06 -1 -2.7953e-07
-0.0348968 -1.84481e-08 0.999391

  PointToIndexMatrix: 
-0.999392 -7.47665e-06 -0.0348969
7.49328e-06 -1 -3.46051e-07
-0.0348969 -6.07333e-07 0.999391

  Inverse Direction: 
-0.999391 -7.47664e-06 -0.0348969
7.49328e-06 -1 -3.46051e-07
-0.0348969 -6.07333e-07 0.999391

  PixelContainer: 
    ImportImageContainer (0x3fd6050)
      RTTI typeinfo:   itk::ImportImageContainer<unsigned long, double>
      Reference Count: 1
      Modified Time: 2329
      Debug: Off
      Object Name: 
      Observers: 
        none
      Pointer: 0x1494bd089010
      Container manages memory: true
      Size: 10813440
      Capacity: 10813440

     Weighting = 1
     Sampling strategy = regular
     Number of bins = 32
     Radius = 4
     Sampling percentage  = 0.25
   Transform = Rigid
     Gradient step = 0.1
     Update field sigma (voxel space) = 0
     Total field sigma (voxel space) = 0
     Update field time sigma = 0
     Total field time sigma  = 0
     Number of time indices = 0
     Number of time point samples = 0
Registration using 1 total stages.

Stage 0
  iterations = 0
  convergence threshold = 1e-06
  convergence window size = 10
  number of levels = 1
  using the Mattes MI metric (number of bins = 32, weight = 1, use gradient filter = 0)
  preprocessing:  winsorizing the image intensities
  Shrink factors (level 1 out of 1): [1, 1, 1]
  smoothing sigmas per level: [0]
  regular sampling (percentage = 0.25)

*** Running Euler3DTransform registration ***

  Elapsed time (stage 0): 0


Total elapsed time: 0
Info [verificarlo]: loaded backend libinterflop_vprec.so
Info [interflop-vprec]: load backend with: 
Info [interflop-vprec]: precision-binary32 = 21
Info [interflop-vprec]: range-binary32 = 8
Info [interflop-vprec]: precision-binary64 = 21
Info [interflop-vprec]: range-binary64 = 8
Info [interflop-vprec]: mode = ob
Info [interflop-vprec]: error-mode = rel
Info [interflop-vprec]: max-abs-error-exponent = -1022
Info [interflop-vprec]: daz = false
Info [interflop-vprec]: ftz = false
Info [interflop-vprec]: 	instrument = none
Info [interflop-vprec]: 	prec-input-file = (null)
Info [interflop-vprec]: 	prec-output-file = (null)
Info [interflop-vprec]: 	prec-log-file = (null)
All_Command_lines_OK
Using double precision for computations.
=============================================================================
The composite transform comprises the following transforms (in order): 
  1. /home/mdugre/scratch/mri-registration-rp/datasets/ds004513/derivatives/mri-registration-rp/1111/antsRegistration-r8-p21/sub-s025/align_Composite.h5[0] (type = Euler3DTransform)
  2. /home/mdugre/scratch/mri-registration-rp/datasets/ds004513/derivatives/mri-registration-rp/1111/antsRegistration-r8-p21/sub-s025/align_Composite.h5[1] (type = Euler3DTransform)
=============================================================================
  number of levels = 4
  fixed image: /templateflow/tpl-MNI152NLin2009cAsym/tpl-MNI152NLin2009cAsym_res-01_desc-brain_T1w.nii.gz
  moving image: /home/mdugre/scratch/mri-registration-rp/datasets/ds004513/derivatives/mri-registration-rp/antsBrainExtraction/sub-s025/BrainExtractionBrain.nii.gz
Dimension = 3
Number of stages = 1
Use histogram matching = false
Winsorize image intensities = true
  Lower quantile = 0.005
  Upper quantile = 0.995


Stage 1 State
   Image metric = MattesMI
     Fixed image = Image (0x3b8e1e0)
  RTTI typeinfo:   itk::Image<double, 3u>
  Reference Count: 2
  Modified Time: 1580
  Debug: Off
  Object Name: 
  Observers: 
    none
  Source: (none)
  Source output name: (none)
  Release Data: Off
  Data Released: False
  Global Release Data: Off
  PipelineMTime: 0
  UpdateMTime: 1189
  RealTimeStamp: 0 seconds 
  LargestPossibleRegion: 
    Dimension: 3
    Index: [0, 0, 0]
    Size: [193, 229, 193]
  BufferedRegion: 
    Dimension: 3
    Index: [0, 0, 0]
    Size: [193, 229, 193]
  RequestedRegion: 
    Dimension: 3
    Index: [0, 0, 0]
    Size: [193, 229, 193]
  Spacing: [1, 1, 1]
  Origin: [96, 132, -78]
  Direction: 
-1 0 0
0 -1 0
0 0 1

  IndexToPointMatrix: 
-1 0 0
0 -1 0
0 0 1

  PointToIndexMatrix: 
-1 0 0
0 -1 0
0 0 1

  Inverse Direction: 
-1 0 0
0 -1 0
0 0 1

  PixelContainer: 
    ImportImageContainer (0x3c4d640)
      RTTI typeinfo:   itk::ImportImageContainer<unsigned long, double>
      Reference Count: 1
      Modified Time: 1186
      Debug: Off
      Object Name: 
      Observers: 
        none
      Pointer: 0x15033a4a1010
      Container manages memory: true
      Size: 8530021
      Capacity: 8530021

     Moving image = Image (0x3c49c90)
  RTTI typeinfo:   itk::Image<double, 3u>
  Reference Count: 2
  Modified Time: 1581
  Debug: Off
  Object Name: 
  Observers: 
    none
  Source: (none)
  Source output name: (none)
  Release Data: Off
  Data Released: False
  Global Release Data: Off
  PipelineMTime: 0
  UpdateMTime: 1578
  RealTimeStamp: 0 seconds 
  LargestPossibleRegion: 
    Dimension: 3
    Index: [0, 0, 0]
    Size: [176, 240, 256]
  BufferedRegion: 
    Dimension: 3
    Index: [0, 0, 0]
    Size: [176, 240, 256]
  RequestedRegion: 
    Dimension: 3
    Index: [0, 0, 0]
    Size: [176, 240, 256]
  Spacing: [0.999999, 1, 1]
  Origin: [90.3778, 84.5091, -154.071]
  Direction: 
-0.999391 7.48184e-06 -0.0348969
-7.47664e-06 -1 -2.7953e-07
-0.0348969 -1.84481e-08 0.999391

  IndexToPointMatrix: 
-0.999389 7.48184e-06 -0.0348969
-7.47663e-06 -1 -2.7953e-07
-0.0348968 -1.84481e-08 0.999391

  PointToIndexMatrix: 
-0.999392 -7.47665e-06 -0.0348969
7.49328e-06 -1 -3.46051e-07
-0.0348969 -6.07333e-07 0.999391

  Inverse Direction: 
-0.999391 -7.47664e-06 -0.0348969
7.49328e-06 -1 -3.46051e-07
-0.0348969 -6.07333e-07 0.999391

  PixelContainer: 
    ImportImageContainer (0x3cbad90)
      RTTI typeinfo:   itk::ImportImageContainer<unsigned long, double>
      Reference Count: 1
      Modified Time: 1575
      Debug: Off
      Object Name: 
      Observers: 
        none
      Pointer: 0x150335220010
      Container manages memory: true
      Size: 10813440
      Capacity: 10813440

     Weighting = 1
     Sampling strategy = regular
     Number of bins = 32
     Radius = 4
     Sampling percentage  = 0.25
   Transform = Rigid
     Gradient step = 0.1
     Update field sigma (voxel space) = 0
     Total field sigma (voxel space) = 0
     Update field time sigma = 0
     Total field time sigma  = 0
     Number of time indices = 0
     Number of time point samples = 0
Registration using 1 total stages.

Stage 0
  iterations = 1000x500x250x100
  convergence threshold = 1e-06
  convergence window size = 10
  number of levels = 4
  using the Mattes MI metric (number of bins = 32, weight = 1, use gradient filter = 0)
  preprocessing:  winsorizing the image intensities
  Shrink factors (level 1 out of 4): [8, 8, 8]
  Shrink factors (level 2 out of 4): [4, 4, 4]
  Shrink factors (level 3 out of 4): [2, 2, 2]
  Shrink factors (level 4 out of 4): [1, 1, 1]
  smoothing sigmas per level: [3, 2, 1, 0]
  regular sampling (percentage = 0.25)

*** Running Euler3DTransform registration ***

DIAGNOSTIC,Iteration,metricValue,convergenceValue,ITERATION_TIME_INDEX,SINCE_LAST
 2DIAGNOSTIC,     1, -5.329930314763e-01, 1.797693134862e+308, 0.0000e+00, 0.0000e+00, 
 2DIAGNOSTIC,     2, -5.351062376322e-01, 1.797693134862e+308, 0.0000e+00, 0.0000e+00, 
 2DIAGNOSTIC,     3, -5.382579719267e-01, 1.797693134862e+308, 0.0000e+00, 0.0000e+00, 
 2DIAGNOSTIC,     4, -5.429403270064e-01, 1.797693134862e+308, 0.0000e+00, 0.0000e+00, 
 2DIAGNOSTIC,     5, -5.491236475997e-01, 1.797693134862e+308, 0.0000e+00, 0.0000e+00, 
 2DIAGNOSTIC,     6, -5.543124152968e-01, 1.797693134862e+308, 0.0000e+00, 0.0000e+00, 
 2DIAGNOSTIC,     7, -5.628127094299e-01, 1.797693134862e+308, 0.0000e+00, 0.0000e+00, 
 2DIAGNOSTIC,     8, -5.771258369052e-01, 1.797693134862e+308, 0.0000e+00, 0.0000e+00, 
 2DIAGNOSTIC,     9, -5.873705822681e-01, 1.797693134862e+308, 0.0000e+00, 0.0000e+00, 
 2DIAGNOSTIC,    10, -5.906471750487e-01, 7.183423265815e-03, 0.0000e+00, 0.0000e+00, 
 2DIAGNOSTIC,    11, -5.944048647100e-01, 6.951951092325e-03, 0.0000e+00, 0.0000e+00, 
 2DIAGNOSTIC,    12, -6.047675275210e-01, 6.653453333253e-03, 0.0000e+00, 0.0000e+00, 
 2DIAGNOSTIC,    13, -6.122800235001e-01, 6.192713320254e-03, 0.0000e+00, 0.0000e+00, 
 2DIAGNOSTIC,    14, -6.174316733900e-01, 5.580770857799e-03, 0.0000e+00, 0.0000e+00, 
 2DIAGNOSTIC,    15, -6.198188205249e-01, 4.837613612766e-03, 0.0000e+00, 0.0000e+00, 
 2DIAGNOSTIC,    16, -6.233823369221e-01, 4.023597382442e-03, 0.0000e+00, 0.0000e+00, 
 2DIAGNOSTIC,    17, -6.305561636821e-01, 3.380319336367e-03, 0.0000e+00, 0.0000e+00, 
 2DIAGNOSTIC,    18, -6.348980684358e-01, 2.993613364657e-03, 0.0000e+00, 0.0000e+00, 
 2DIAGNOSTIC,    19, -6.370884521176e-01, 2.692067021253e-03, 0.0000e+00, 0.0000e+00, 
 2DIAGNOSTIC,    20, -6.381837835644e-01, 2.283634384384e-03, 0.0000e+00, 0.0000e+00, 
 2DIAGNOSTIC,    21, -6.419737529157e-01, 1.874049576627e-03, 0.0000e+00, 0.0000e+00, 
 2DIAGNOSTIC,    22, -6.505182158228e-01, 1.733574438461e-03, 0.0000e+00, 0.0000e+00, 
 2DIAGNOSTIC,    23, -6.529576846966e-01, 1.643539935848e-03, 0.0000e+00, 0.0000e+00, 
 2DIAGNOSTIC,    24, -6.581183468983e-01, 1.614111787252e-03, 0.0000e+00, 0.0000e+00, 
 2DIAGNOSTIC,    25, -6.644453437787e-01, 1.601015658021e-03, 0.0000e+00, 0.0000e+00, 
 2DIAGNOSTIC,    26, -6.680536923706e-01, 1.563140893204e-03, 0.0000e+00, 0.0000e+00, 
 2DIAGNOSTIC,    27, -6.691016437180e-01, 1.520999819841e-03, 0.0000e+00, 0.0000e+00, 
 2DIAGNOSTIC,    28, -6.708296409035e-01, 1.440934117704e-03, 0.0000e+00, 0.0000e+00, 
 2DIAGNOSTIC,    29, -6.726523299271e-01, 1.296517106818e-03, 0.0000e+00, 0.0000e+00, 
 2DIAGNOSTIC,    30, -6.729384631537e-01, 1.060051672789e-03, 0.0000e+00, 0.0000e+00, 
 2DIAGNOSTIC,    31, -6.748761281710e-01, 8.229334919118e-04, 0.0000e+00, 0.0000e+00, 
 2DIAGNOSTIC,    32, -6.773300107409e-01, 6.830326719730e-04, 0.0000e+00, 0.0000e+00, 
 2DIAGNOSTIC,    33, -6.783980349011e-01, 5.353461698304e-04, 0.0000e+00, 0.0000e+00, 
 2DIAGNOSTIC,    34, -6.795786921792e-01, 4.301704681139e-04, 0.0000e+00, 0.0000e+00, 
 2DIAGNOSTIC,    35, -6.818955951279e-01, 4.027442343864e-04, 0.0000e+00, 0.0000e+00, 
 2DIAGNOSTIC,    36, -6.828280580900e-01, 3.955486364053e-04, 0.0000e+00, 0.0000e+00, 
 2DIAGNOSTIC,    37, -6.836722314139e-01, 3.738449276597e-04, 0.0000e+00, 0.0000e+00, 
 2DIAGNOSTIC,    38, -6.836581736995e-01, 3.380955256378e-04, 0.0000e+00, 0.0000e+00, 
 2DIAGNOSTIC,    39, -6.838718210070e-01, 2.964256198773e-04, 0.0000e+00, 0.0000e+00, 
 2DIAGNOSTIC,    40, -6.846171736236e-01, 2.399685583717e-04, 0.0000e+00, 0.0000e+00, 
 2DIAGNOSTIC,    41, -6.858488628657e-01, 1.975633440186e-04, 0.0000e+00, 0.0000e+00, 
 2DIAGNOSTIC,    42, -6.860849119903e-01, 1.671489942211e-04, 0.0000e+00, 0.0000e+00, 
 2DIAGNOSTIC,    43, -6.861412301937e-01, 1.343893143319e-04, 0.0000e+00, 0.0000e+00, 
 2DIAGNOSTIC,    44, -6.860192508820e-01, 1.009837521742e-04, 0.0000e+00, 0.0000e+00, 
 2DIAGNOSTIC,    45, -6.859603578032e-01, 8.174880033985e-05, 0.0000e+00, 0.0000e+00, 
 2DIAGNOSTIC,    46, -6.858216399976e-01, 6.293991095693e-05, 0.0000e+00, 0.0000e+00, 
 2DIAGNOSTIC,    47, -6.858960921213e-01, 4.781517807969e-05, 0.0000e+00, 0.0000e+00, 
 2DIAGNOSTIC,    48, -6.858748468046e-01, 2.869209892488e-05, 0.0000e+00, 0.0000e+00, 
 2DIAGNOSTIC,    49, -6.857928536764e-01, 8.907338697295e-06, 0.0000e+00, 0.0000e+00, 
DIAGNOSTIC,Iteration,metricValue,convergenceValue,ITERATION_TIME_INDEX,SINCE_LAST
 2DIAGNOSTIC,     1, -5.517470542281e-01, 1.797693134862e+308, 0.0000e+00, 0.0000e+00, 
 2DIAGNOSTIC,     2, -5.529464510911e-01, 1.797693134862e+308, 0.0000e+00, 0.0000e+00, 
 2DIAGNOSTIC,     3, -5.544606049876e-01, 1.797693134862e+308, 0.0000e+00, 0.0000e+00, 
 2DIAGNOSTIC,     4, -5.561585287082e-01, 1.797693134862e+308, 0.0000e+00, 0.0000e+00, 
 2DIAGNOSTIC,     5, -5.574519885387e-01, 1.797693134862e+308, 0.0000e+00, 0.0000e+00, 
 2DIAGNOSTIC,     6, -5.586703595565e-01, 1.797693134862e+308, 0.0000e+00, 0.0000e+00, 
 2DIAGNOSTIC,     7, -5.605750866636e-01, 1.797693134862e+308, 0.0000e+00, 0.0000e+00, 
 2DIAGNOSTIC,     8, -5.671124539829e-01, 1.797693134862e+308, 0.0000e+00, 0.0000e+00, 
 2DIAGNOSTIC,     9, -5.858198804336e-01, 1.797693134862e+308, 0.0000e+00, 0.0000e+00, 
 2DIAGNOSTIC,    10, -5.926810274796e-01, 4.076402941071e-03, 0.0000e+00, 0.0000e+00, 
 2DIAGNOSTIC,    11, -5.946461261387e-01, 4.596968547476e-03, 0.0000e+00, 0.0000e+00, 
 2DIAGNOSTIC,    12, -5.973477350888e-01, 4.788295614282e-03, 0.0000e+00, 0.0000e+00, 
 2DIAGNOSTIC,    13, -5.990504994302e-01, 4.634966702294e-03, 0.0000e+00, 0.0000e+00, 
 2DIAGNOSTIC,    14, -6.002587031788e-01, 4.175385412337e-03, 0.0000e+00, 0.0000e+00, 
 2DIAGNOSTIC,    15, -6.036015632972e-01, 3.549007632009e-03, 0.0000e+00, 0.0000e+00, 
 2DIAGNOSTIC,    16, -6.052341789635e-01, 2.773847147722e-03, 0.0000e+00, 0.0000e+00, 
 2DIAGNOSTIC,    17, -6.087435596720e-01, 1.998175948294e-03, 0.0000e+00, 0.0000e+00, 
 2DIAGNOSTIC,    18, -6.145271327961e-01, 1.449698189040e-03, 0.0000e+00, 0.0000e+00, 
 2DIAGNOSTIC,    19, -6.170407802890e-01, 1.365766286582e-03, 0.0000e+00, 0.0000e+00, 
 2DIAGNOSTIC,    20, -6.174873523661e-01, 1.341650874082e-03, 0.0000e+00, 0.0000e+00, 
 2DIAGNOSTIC,    21, -6.179503892458e-01, 1.251945329152e-03, 0.0000e+00, 0.0000e+00, 
 2DIAGNOSTIC,    22, -6.181840150734e-01, 1.118103475550e-03, 0.0000e+00, 0.0000e+00, 
 2DIAGNOSTIC,    23, -6.187057098384e-01, 9.371454600492e-04, 0.0000e+00, 0.0000e+00, 
 2DIAGNOSTIC,    24, -6.195658994970e-01, 7.241146593557e-04, 0.0000e+00, 0.0000e+00, 
 2DIAGNOSTIC,    25, -6.210153187526e-01, 5.543258922771e-04, 0.0000e+00, 0.0000e+00, 
 2DIAGNOSTIC,    26, -6.215469924154e-01, 3.857847247866e-04, 0.0000e+00, 0.0000e+00, 
 2DIAGNOSTIC,    27, -6.215599376889e-01, 2.544714864137e-04, 0.0000e+00, 0.0000e+00, 
 2DIAGNOSTIC,    28, -6.215721913363e-01, 2.072884312887e-04, 0.0000e+00, 0.0000e+00, 
 2DIAGNOSTIC,    29, -6.215602741817e-01, 1.849419187832e-04, 0.0000e+00, 0.0000e+00, 
 2DIAGNOSTIC,    30, -6.215608274419e-01, 1.534022603458e-04, 0.0000e+00, 0.0000e+00, 
 2DIAGNOSTIC,    31, -6.215483461255e-01, 1.164845683642e-04, 0.0000e+00, 0.0000e+00, 
 2DIAGNOSTIC,    32, -6.215450687224e-01, 7.471341861100e-05, 0.0000e+00, 0.0000e+00, 
 2DIAGNOSTIC,    33, -6.215500069239e-01, 3.618017521803e-05, 0.0000e+00, 0.0000e+00, 
 2DIAGNOSTIC,    34, -6.215362325980e-01, 7.971051167052e-06, 0.0000e+00, 0.0000e+00, 
DIAGNOSTIC,Iteration,metricValue,convergenceValue,ITERATION_TIME_INDEX,SINCE_LAST
 2DIAGNOSTIC,     1, -5.351414393728e-01, 1.797693134862e+308, 0.0000e+00, 0.0000e+00, 
 2DIAGNOSTIC,     2, -5.352847436048e-01, 1.797693134862e+308, 0.0000e+00, 0.0000e+00, 
 2DIAGNOSTIC,     3, -5.353505814278e-01, 1.797693134862e+308, 0.0000e+00, 0.0000e+00, 
 2DIAGNOSTIC,     4, -5.354914753331e-01, 1.797693134862e+308, 0.0000e+00, 0.0000e+00, 
 2DIAGNOSTIC,     5, -5.358202799145e-01, 1.797693134862e+308, 0.0000e+00, 0.0000e+00, 
 2DIAGNOSTIC,     6, -5.358860207897e-01, 1.797693134862e+308, 0.0000e+00, 0.0000e+00, 
 2DIAGNOSTIC,     7, -5.358986531566e-01, 1.797693134862e+308, 0.0000e+00, 0.0000e+00, 
 2DIAGNOSTIC,     8, -5.358997015314e-01, 1.797693134862e+308, 0.0000e+00, 0.0000e+00, 
 2DIAGNOSTIC,     9, -5.359016115076e-01, 1.797693134862e+308, 0.0000e+00, 0.0000e+00, 
 2DIAGNOSTIC,    10, -5.359045260214e-01, 1.033844564449e-04, 0.0000e+00, 0.0000e+00, 
 2DIAGNOSTIC,    11, -5.359088361978e-01, 7.211812920323e-05, 0.0000e+00, 0.0000e+00, 
 2DIAGNOSTIC,    12, -5.359089984542e-01, 4.640703892102e-05, 0.0000e+00, 0.0000e+00, 
 2DIAGNOSTIC,    13, -5.359093568709e-01, 2.344565492933e-05, 0.0000e+00, 0.0000e+00, 
 2DIAGNOSTIC,    14, -5.359083962536e-01, 6.842339708782e-06, 0.0000e+00, 0.0000e+00, 
 2DIAGNOSTIC,    15, -5.359073517222e-01, 3.566323407117e-06, 0.0000e+00, 0.0000e+00, 
 2DIAGNOSTIC,    16, -5.359064266449e-01, 2.704118767891e-06, 0.0000e+00, 0.0000e+00, 
 2DIAGNOSTIC,    17, -5.359068471763e-01, 2.285632254163e-06, 0.0000e+00, 0.0000e+00, 
 2DIAGNOSTIC,    18, -5.359058365108e-01, 1.876965120634e-06, 0.0000e+00, 0.0000e+00, 
 2DIAGNOSTIC,    19, -5.359059569362e-01, 1.558334175561e-06, 0.0000e+00, 0.0000e+00, 
 2DIAGNOSTIC,    20, -5.359048973967e-01, 1.329126256749e-06, 0.0000e+00, 0.0000e+00, 
 2DIAGNOSTIC,    21, -5.359048710563e-01, 1.254964190220e-06, 0.0000e+00, 0.0000e+00, 
 2DIAGNOSTIC,    22, -5.359048319397e-01, 1.213804354701e-06, 0.0000e+00, 0.0000e+00, 
 2DIAGNOSTIC,    23, -5.359048543512e-01, 1.206884426008e-06, 0.0000e+00, 0.0000e+00, 
 2DIAGNOSTIC,    24, -5.359049332560e-01, 1.198415744218e-06, 0.0000e+00, 0.0000e+00, 
 2DIAGNOSTIC,    25, -5.359049316350e-01, 1.181170196575e-06, 0.0000e+00, 0.0000e+00, 
 2DIAGNOSTIC,    26, -5.359049314241e-01, 1.154793408932e-06, 0.0000e+00, 0.0000e+00, 
 2DIAGNOSTIC,    27, -5.359049310222e-01, 1.145553922118e-06, 0.0000e+00, 0.0000e+00, 
 2DIAGNOSTIC,    28, -5.359049305234e-01, 1.120725901402e-06, 0.0000e+00, 0.0000e+00, 
 2DIAGNOSTIC,    29, -5.359049310739e-01, 1.101937159756e-06, 0.0000e+00, 0.0000e+00, 
 2DIAGNOSTIC,    30, -5.359049308445e-01, 1.065339898750e-06, 0.0000e+00, 0.0000e+00, 
 2DIAGNOSTIC,    31, -5.359049298205e-01, 1.030349287896e-06, 0.0000e+00, 0.0000e+00, 
DIAGNOSTIC,Iteration,metricValue,convergenceValue,ITERATION_TIME_INDEX,SINCE_LAST
 2DIAGNOSTIC,     1, -4.895879478115e-01, 1.797693134862e+308, 0.0000e+00, 0.0000e+00, 
 2DIAGNOSTIC,     2, -4.895900099292e-01, 1.797693134862e+308, 0.0000e+00, 0.0000e+00, 
 2DIAGNOSTIC,     3, -4.895889163726e-01, 1.797693134862e+308, 0.0000e+00, 0.0000e+00, 
 2DIAGNOSTIC,     4, -4.895895200655e-01, 1.797693134862e+308, 0.0000e+00, 0.0000e+00, 
 2DIAGNOSTIC,     5, -4.895895278981e-01, 1.797693134862e+308, 0.0000e+00, 0.0000e+00, 
 2DIAGNOSTIC,     6, -4.895894311862e-01, 1.797693134862e+308, 0.0000e+00, 0.0000e+00, 
 2DIAGNOSTIC,     7, -4.895889282406e-01, 1.797693134862e+308, 0.0000e+00, 0.0000e+00, 
 2DIAGNOSTIC,     8, -4.895887992707e-01, 1.797693134862e+308, 0.0000e+00, 0.0000e+00, 
 2DIAGNOSTIC,     9, -4.895888194394e-01, 1.797693134862e+308, 0.0000e+00, 0.0000e+00, 
 2DIAGNOSTIC,    10, -4.895888118193e-01, 3.153044265444e-06, 0.0000e+00, 0.0000e+00, 
 2DIAGNOSTIC,    11, -4.895888134515e-01, 2.779183272031e-06, 0.0000e+00, 0.0000e+00, 
 2DIAGNOSTIC,    12, -4.895888141698e-01, 2.580184146547e-06, 0.0000e+00, 0.0000e+00, 
 2DIAGNOSTIC,    13, -4.895888137816e-01, 2.368963035931e-06, 0.0000e+00, 0.0000e+00, 
 2DIAGNOSTIC,    14, -4.895888102318e-01, 2.219772196374e-06, 0.0000e+00, 0.0000e+00, 
 2DIAGNOSTIC,    15, -4.895888079740e-01, 2.095527699988e-06, 0.0000e+00, 0.0000e+00, 
 2DIAGNOSTIC,    16, -4.895887720204e-01, 1.985029010637e-06, 0.0000e+00, 0.0000e+00, 
 2DIAGNOSTIC,    17, -4.895887721154e-01, 1.871035582475e-06, 0.0000e+00, 0.0000e+00, 
 2DIAGNOSTIC,    18, -4.895887710580e-01, 1.765708985087e-06, 0.0000e+00, 0.0000e+00, 
 2DIAGNOSTIC,    19, -4.895887703406e-01, 1.672402103685e-06, 0.0000e+00, 0.0000e+00, 
 2DIAGNOSTIC,    20, -4.895887707326e-01, 1.588583653137e-06, 0.0000e+00, 0.0000e+00, 
 2DIAGNOSTIC,    21, -4.895887704713e-01, 1.513163792821e-06, 0.0000e+00, 0.0000e+00, 
 2DIAGNOSTIC,    22, -4.895887815296e-01, 1.445239423199e-06, 0.0000e+00, 0.0000e+00, 
 2DIAGNOSTIC,    23, -4.895887983543e-01, 1.383848349565e-06, 0.0000e+00, 0.0000e+00, 
 2DIAGNOSTIC,    24, -4.895887983543e-01, 1.327557425081e-06, 0.0000e+00, 0.0000e+00, 
 2DIAGNOSTIC,    25, -4.895887981460e-01, 1.275699966184e-06, 0.0000e+00, 0.0000e+00, 
 2DIAGNOSTIC,    26, -4.895887981460e-01, 1.226873293771e-06, 0.0000e+00, 0.0000e+00, 
 2DIAGNOSTIC,    27, -4.895887981240e-01, 1.181483346699e-06, 0.0000e+00, 0.0000e+00, 
 2DIAGNOSTIC,    28, -4.895887981240e-01, 1.139132036268e-06, 0.0000e+00, 0.0000e+00, 
 2DIAGNOSTIC,    29, -4.895887981240e-01, 1.099534722084e-06, 0.0000e+00, 0.0000e+00, 
 2DIAGNOSTIC,    30, -4.895887974924e-01, 1.062461316120e-06, 0.0000e+00, 0.0000e+00, 
 2DIAGNOSTIC,    31, -4.895887974924e-01, 1.027697511827e-06, 0.0000e+00, 0.0000e+00, 
  Elapsed time (stage 0): 0.0000e+00


Total elapsed time: 0.0000e+00
Info [verificarlo]: loaded backend libinterflop_vprec.so
Info [interflop-vprec]: load backend with: 
Info [interflop-vprec]: precision-binary32 = 21
Info [interflop-vprec]: range-binary32 = 8
Info [interflop-vprec]: precision-binary64 = 21
Info [interflop-vprec]: range-binary64 = 8
Info [interflop-vprec]: mode = ob
Info [interflop-vprec]: error-mode = rel
Info [interflop-vprec]: max-abs-error-exponent = -1022
Info [interflop-vprec]: daz = false
Info [interflop-vprec]: ftz = false
Info [interflop-vprec]: 	instrument = none
Info [interflop-vprec]: 	prec-input-file = (null)
Info [interflop-vprec]: 	prec-output-file = (null)
Info [interflop-vprec]: 	prec-log-file = (null)
All_Command_lines_OK
Using double precision for computations.
=============================================================================
The composite transform comprises the following transforms (in order): 
  1. /home/mdugre/scratch/mri-registration-rp/datasets/ds004513/derivatives/mri-registration-rp/1111/antsRegistration-r8-p21/sub-s025/rigid_Composite.h5[0] (type = Euler3DTransform)
  2. /home/mdugre/scratch/mri-registration-rp/datasets/ds004513/derivatives/mri-registration-rp/1111/antsRegistration-r8-p21/sub-s025/rigid_Composite.h5[1] (type = Euler3DTransform)
  3. /home/mdugre/scratch/mri-registration-rp/datasets/ds004513/derivatives/mri-registration-rp/1111/antsRegistration-r8-p21/sub-s025/rigid_Composite.h5[2] (type = Euler3DTransform)
=============================================================================
  number of levels = 4
  fixed image: /templateflow/tpl-MNI152NLin2009cAsym/tpl-MNI152NLin2009cAsym_res-01_desc-brain_T1w.nii.gz
  moving image: /home/mdugre/scratch/mri-registration-rp/datasets/ds004513/derivatives/mri-registration-rp/antsBrainExtraction/sub-s025/BrainExtractionBrain.nii.gz
Dimension = 3
Number of stages = 1
Use histogram matching = false
Winsorize image intensities = true
  Lower quantile = 0.005
  Upper quantile = 0.995


Stage 1 State
   Image metric = MattesMI
     Fixed image = Image (0x393b490)
  RTTI typeinfo:   itk::Image<double, 3u>
  Reference Count: 2
  Modified Time: 1594
  Debug: Off
  Object Name: 
  Observers: 
    none
  Source: (none)
  Source output name: (none)
  Release Data: Off
  Data Released: False
  Global Release Data: Off
  PipelineMTime: 0
  UpdateMTime: 1203
  RealTimeStamp: 0 seconds 
  LargestPossibleRegion: 
    Dimension: 3
    Index: [0, 0, 0]
    Size: [193, 229, 193]
  BufferedRegion: 
    Dimension: 3
    Index: [0, 0, 0]
    Size: [193, 229, 193]
  RequestedRegion: 
    Dimension: 3
    Index: [0, 0, 0]
    Size: [193, 229, 193]
  Spacing: [1, 1, 1]
  Origin: [96, 132, -78]
  Direction: 
-1 0 0
0 -1 0
0 0 1

  IndexToPointMatrix: 
-1 0 0
0 -1 0
0 0 1

  PointToIndexMatrix: 
-1 0 0
0 -1 0
0 0 1

  Inverse Direction: 
-1 0 0
0 -1 0
0 0 1

  PixelContainer: 
    ImportImageContainer (0x3a10970)
      RTTI typeinfo:   itk::ImportImageContainer<unsigned long, double>
      Reference Count: 1
      Modified Time: 1200
      Debug: Off
      Object Name: 
      Observers: 
        none
      Pointer: 0x151989423010
      Container manages memory: true
      Size: 8530021
      Capacity: 8530021

     Moving image = Image (0x39f6cd0)
  RTTI typeinfo:   itk::Image<double, 3u>
  Reference Count: 2
  Modified Time: 1595
  Debug: Off
  Object Name: 
  Observers: 
    none
  Source: (none)
  Source output name: (none)
  Release Data: Off
  Data Released: False
  Global Release Data: Off
  PipelineMTime: 0
  UpdateMTime: 1592
  RealTimeStamp: 0 seconds 
  LargestPossibleRegion: 
    Dimension: 3
    Index: [0, 0, 0]
    Size: [176, 240, 256]
  BufferedRegion: 
    Dimension: 3
    Index: [0, 0, 0]
    Size: [176, 240, 256]
  RequestedRegion: 
    Dimension: 3
    Index: [0, 0, 0]
    Size: [176, 240, 256]
  Spacing: [0.999999, 1, 1]
  Origin: [90.3778, 84.5091, -154.071]
  Direction: 
-0.999391 7.48184e-06 -0.0348969
-7.47664e-06 -1 -2.7953e-07
-0.0348969 -1.84481e-08 0.999391

  IndexToPointMatrix: 
-0.999389 7.48184e-06 -0.0348969
-7.47663e-06 -1 -2.7953e-07
-0.0348968 -1.84481e-08 0.999391

  PointToIndexMatrix: 
-0.999392 -7.47665e-06 -0.0348969
7.49328e-06 -1 -3.46051e-07
-0.0348969 -6.07333e-07 0.999391

  Inverse Direction: 
-0.999391 -7.47664e-06 -0.0348969
7.49328e-06 -1 -3.46051e-07
-0.0348969 -6.07333e-07 0.999391

  PixelContainer: 
    ImportImageContainer (0x39ebb80)
      RTTI typeinfo:   itk::ImportImageContainer<unsigned long, double>
      Reference Count: 1
      Modified Time: 1589
      Debug: Off
      Object Name: 
      Observers: 
        none
      Pointer: 0x1519841a2010
      Container manages memory: true
      Size: 10813440
      Capacity: 10813440

     Weighting = 1
     Sampling strategy = regular
     Number of bins = 32
     Radius = 4
     Sampling percentage  = 0.25
   Transform = Affine
     Gradient step = 0.1
     Update field sigma (voxel space) = 0
     Total field sigma (voxel space) = 0
     Update field time sigma = 0
     Total field time sigma  = 0
     Number of time indices = 0
     Number of time point samples = 0
Registration using 1 total stages.

Stage 0
  iterations = 1000x500x250x100
  convergence threshold = 1e-06
  convergence window size = 10
  number of levels = 4
  using the Mattes MI metric (number of bins = 32, weight = 1, use gradient filter = 0)
  preprocessing:  winsorizing the image intensities
  Shrink factors (level 1 out of 4): [8, 8, 8]
  Shrink factors (level 2 out of 4): [4, 4, 4]
  Shrink factors (level 3 out of 4): [2, 2, 2]
  Shrink factors (level 4 out of 4): [1, 1, 1]
  smoothing sigmas per level: [3, 2, 1, 0]
  regular sampling (percentage = 0.25)

*** Running AffineTransform registration ***

DIAGNOSTIC,Iteration,metricValue,convergenceValue,ITERATION_TIME_INDEX,SINCE_LAST
 2DIAGNOSTIC,     1, -7.471123918192e-01, 1.797693134862e+308, 0.0000e+00, 0.0000e+00, 
 2DIAGNOSTIC,     2, -7.493935724820e-01, 1.797693134862e+308, 0.0000e+00, 0.0000e+00, 
 2DIAGNOSTIC,     3, -7.525874123157e-01, 1.797693134862e+308, 0.0000e+00, 0.0000e+00, 
 2DIAGNOSTIC,     4, -7.585168616468e-01, 1.797693134862e+308, 0.0000e+00, 0.0000e+00, 
 2DIAGNOSTIC,     5, -7.682372441290e-01, 1.797693134862e+308, 0.0000e+00, 0.0000e+00, 
 2DIAGNOSTIC,     6, -7.859815863181e-01, 1.797693134862e+308, 0.0000e+00, 0.0000e+00, 
 2DIAGNOSTIC,     7, -8.176593514400e-01, 1.797693134862e+308, 0.0000e+00, 0.0000e+00, 
 2DIAGNOSTIC,     8, -8.770434584611e-01, 1.797693134862e+308, 0.0000e+00, 0.0000e+00, 
 2DIAGNOSTIC,     9, -9.161488962402e-01, 1.797693134862e+308, 0.0000e+00, 0.0000e+00, 
 2DIAGNOSTIC,    10, -9.256420769006e-01, 1.551982758324e-02, 0.0000e+00, 0.0000e+00, 
 2DIAGNOSTIC,    11, -9.323618801743e-01, 1.576567501973e-02, 0.0000e+00, 0.0000e+00, 
 2DIAGNOSTIC,    12, -9.331276448395e-01, 1.465016373103e-02, 0.0000e+00, 0.0000e+00, 
 2DIAGNOSTIC,    13, -9.352109189717e-01, 1.252958098196e-02, 0.0000e+00, 0.0000e+00, 
 2DIAGNOSTIC,    14, -9.368614915271e-01, 9.786562368653e-03, 0.0000e+00, 0.0000e+00, 
 2DIAGNOSTIC,    15, -9.373328541310e-01, 6.796748620672e-03, 0.0000e+00, 0.0000e+00, 
 2DIAGNOSTIC,    16, -9.381442566903e-01, 3.987906886377e-03, 0.0000e+00, 0.0000e+00, 
 2DIAGNOSTIC,    17, -9.385020318755e-01, 1.773785645883e-03, 0.0000e+00, 0.0000e+00, 
 2DIAGNOSTIC,    18, -9.384710480603e-01, 7.285007870956e-04, 0.0000e+00, 0.0000e+00, 
 2DIAGNOSTIC,    19, -9.384565106679e-01, 4.037364219876e-04, 0.0000e+00, 0.0000e+00, 
 2DIAGNOSTIC,    20, -9.387007308835e-01, 2.325057876825e-04, 0.0000e+00, 0.0000e+00, 
 2DIAGNOSTIC,    21, -9.386407396197e-01, 1.602512934068e-04, 0.0000e+00, 0.0000e+00, 
 2DIAGNOSTIC,    22, -9.387422980651e-01, 9.245015976170e-05, 0.0000e+00, 0.0000e+00, 
 2DIAGNOSTIC,    23, -9.388408952630e-01, 5.261577046545e-05, 0.0000e+00, 0.0000e+00, 
 2DIAGNOSTIC,    24, -9.387877871200e-01, 3.290638605520e-05, 0.0000e+00, 0.0000e+00, 
 2DIAGNOSTIC,    25, -9.386329128889e-01, 1.573309831848e-05, 0.0000e+00, 0.0000e+00, 
 2DIAGNOSTIC,    26, -9.383740103446e-01, 5.333372215775e-06, 0.0000e+00, 0.0000e+00, 
 2DIAGNOSTIC,    27, -9.385245636588e-01, 1.465424326302e-06, 0.0000e+00, 0.0000e+00, 
DIAGNOSTIC,Iteration,metricValue,convergenceValue,ITERATION_TIME_INDEX,SINCE_LAST
 2DIAGNOSTIC,     1, -7.509237424303e-01, 1.797693134862e+308, 0.0000e+00, 0.0000e+00, 
 2DIAGNOSTIC,     2, -7.512678977298e-01, 1.797693134862e+308, 0.0000e+00, 0.0000e+00, 
 2DIAGNOSTIC,     3, -7.515560748865e-01, 1.797693134862e+308, 0.0000e+00, 0.0000e+00, 
 2DIAGNOSTIC,     4, -7.521388293542e-01, 1.797693134862e+308, 0.0000e+00, 0.0000e+00, 
 2DIAGNOSTIC,     5, -7.530839315990e-01, 1.797693134862e+308, 0.0000e+00, 0.0000e+00, 
 2DIAGNOSTIC,     6, -7.538875337596e-01, 1.797693134862e+308, 0.0000e+00, 0.0000e+00, 
 2DIAGNOSTIC,     7, -7.538802939305e-01, 1.797693134862e+308, 0.0000e+00, 0.0000e+00, 
 2DIAGNOSTIC,     8, -7.538825027760e-01, 1.797693134862e+308, 0.0000e+00, 0.0000e+00, 
 2DIAGNOSTIC,     9, -7.539418171947e-01, 1.797693134862e+308, 0.0000e+00, 0.0000e+00, 
 2DIAGNOSTIC,    10, -7.539589153604e-01, 3.033198125031e-04, 0.0000e+00, 0.0000e+00, 
 2DIAGNOSTIC,    11, -7.539560613733e-01, 2.233629959127e-04, 0.0000e+00, 0.0000e+00, 
 2DIAGNOSTIC,    12, -7.539827339862e-01, 1.490396828035e-04, 0.0000e+00, 0.0000e+00, 
 2DIAGNOSTIC,    13, -7.540133939476e-01, 8.240789978907e-05, 0.0000e+00, 0.0000e+00, 
 2DIAGNOSTIC,    14, -7.540416035541e-01, 3.399365415870e-05, 0.0000e+00, 0.0000e+00, 
 2DIAGNOSTIC,    15, -7.540629182995e-01, 1.286231932765e-05, 0.0000e+00, 0.0000e+00, 
 2DIAGNOSTIC,    16, -7.540380557865e-01, 1.178493758323e-05, 0.0000e+00, 0.0000e+00, 
 2DIAGNOSTIC,    17, -7.540173068403e-01, 9.351905657054e-06, 0.0000e+00, 0.0000e+00, 
 2DIAGNOSTIC,    18, -7.539922635437e-01, 5.986202694208e-06, 0.0000e+00, 0.0000e+00, 
 2DIAGNOSTIC,    19, -7.539655139851e-01, 3.217155932940e-06, 0.0000e+00, 0.0000e+00, 
DIAGNOSTIC,Iteration,metricValue,convergenceValue,ITERATION_TIME_INDEX,SINCE_LAST
 2DIAGNOSTIC,     1, -6.416985204076e-01, 1.797693134862e+308, 0.0000e+00, 0.0000e+00, 
 2DIAGNOSTIC,     2, -6.421525273974e-01, 1.797693134862e+308, 0.0000e+00, 0.0000e+00, 
 2DIAGNOSTIC,     3, -6.426000822301e-01, 1.797693134862e+308, 0.0000e+00, 0.0000e+00, 
 2DIAGNOSTIC,     4, -6.430727521910e-01, 1.797693134862e+308, 0.0000e+00, 0.0000e+00, 
 2DIAGNOSTIC,     5, -6.440203009130e-01, 1.797693134862e+308, 0.0000e+00, 0.0000e+00, 
 2DIAGNOSTIC,     6, -6.451879819704e-01, 1.797693134862e+308, 0.0000e+00, 0.0000e+00, 
 2DIAGNOSTIC,     7, -6.451965018967e-01, 1.797693134862e+308, 0.0000e+00, 0.0000e+00, 
 2DIAGNOSTIC,     8, -6.451961446263e-01, 1.797693134862e+308, 0.0000e+00, 0.0000e+00, 
 2DIAGNOSTIC,     9, -6.451947714180e-01, 1.797693134862e+308, 0.0000e+00, 0.0000e+00, 
 2DIAGNOSTIC,    10, -6.451946331642e-01, 4.075088429822e-04, 0.0000e+00, 0.0000e+00, 
 2DIAGNOSTIC,    11, -6.451947297517e-01, 2.977129474974e-04, 0.0000e+00, 0.0000e+00, 
 2DIAGNOSTIC,    12, -6.451934423623e-01, 1.965992808638e-04, 0.0000e+00, 0.0000e+00, 
 2DIAGNOSTIC,    13, -6.451918349914e-01, 1.092635577377e-04, 0.0000e+00, 0.0000e+00, 
 2DIAGNOSTIC,    14, -6.451916262106e-01, 3.920098177179e-05, 0.0000e+00, 0.0000e+00, 
 2DIAGNOSTIC,    15, -6.451922064551e-01, 2.018274547586e-06, 0.0000e+00, 0.0000e+00, 
 2DIAGNOSTIC,    16, -6.451921074347e-01, 1.674311444447e-06, 0.0000e+00, 0.0000e+00, 
 2DIAGNOSTIC,    17, -6.451904645469e-01, 1.579255768540e-06, 0.0000e+00, 0.0000e+00, 
 2DIAGNOSTIC,    18, -6.451903861728e-01, 1.514597325995e-06, 0.0000e+00, 0.0000e+00, 
 2DIAGNOSTIC,    19, -6.451889017866e-01, 1.413582071549e-06, 0.0000e+00, 0.0000e+00, 
 2DIAGNOSTIC,    20, -6.451862060238e-01, 1.283923958505e-06, 0.0000e+00, 0.0000e+00, 
 2DIAGNOSTIC,    21, -6.451875626848e-01, 1.227654819129e-06, 0.0000e+00, 0.0000e+00, 
 2DIAGNOSTIC,    22, -6.451881068288e-01, 1.188440905381e-06, 0.0000e+00, 0.0000e+00, 
 2DIAGNOSTIC,    23, -6.451895433227e-01, 1.173380481646e-06, 0.0000e+00, 0.0000e+00, 
 2DIAGNOSTIC,    24, -6.451819899680e-01, 1.036526583030e-06, 0.0000e+00, 0.0000e+00, 
DIAGNOSTIC,Iteration,metricValue,convergenceValue,ITERATION_TIME_INDEX,SINCE_LAST
 2DIAGNOSTIC,     1, -5.765921730759e-01, 1.797693134862e+308, 0.0000e+00, 0.0000e+00, 
 2DIAGNOSTIC,     2, -5.770068966320e-01, 1.797693134862e+308, 0.0000e+00, 0.0000e+00, 
 2DIAGNOSTIC,     3, -5.774913937541e-01, 1.797693134862e+308, 0.0000e+00, 0.0000e+00, 
 2DIAGNOSTIC,     4, -5.779962773553e-01, 1.797693134862e+308, 0.0000e+00, 0.0000e+00, 
 2DIAGNOSTIC,     5, -5.784505130422e-01, 1.797693134862e+308, 0.0000e+00, 0.0000e+00, 
 2DIAGNOSTIC,     6, -5.790947695475e-01, 1.797693134862e+308, 0.0000e+00, 0.0000e+00, 
 2DIAGNOSTIC,     7, -5.790945109483e-01, 1.797693134862e+308, 0.0000e+00, 0.0000e+00, 
 2DIAGNOSTIC,     8, -5.790945125892e-01, 1.797693134862e+308, 0.0000e+00, 0.0000e+00, 
 2DIAGNOSTIC,     9, -5.790945940641e-01, 1.797693134862e+308, 0.0000e+00, 0.0000e+00, 
 2DIAGNOSTIC,    10, -5.790943554363e-01, 3.015374123984e-04, 0.0000e+00, 0.0000e+00, 
 2DIAGNOSTIC,    11, -5.790942854765e-01, 2.065795132565e-04, 0.0000e+00, 0.0000e+00, 
 2DIAGNOSTIC,    12, -5.790943506315e-01, 1.260734959497e-04, 0.0000e+00, 0.0000e+00, 
 2DIAGNOSTIC,    13, -5.790944076398e-01, 6.519285905522e-05, 0.0000e+00, 0.0000e+00, 
 2DIAGNOSTIC,    14, -5.790944357504e-01, 2.485256243082e-05, 0.0000e+00, 0.0000e+00, 
 2DIAGNOSTIC,    15, -5.790943845059e-01, 2.103994221500e-06, 0.0000e+00, 0.0000e+00, 
 2DIAGNOSTIC,    16, -5.790942528973e-01, 1.978633182048e-06, 0.0000e+00, 0.0000e+00, 
 2DIAGNOSTIC,    17, -5.790942667663e-01, 1.862210147398e-06, 0.0000e+00, 0.0000e+00, 
 2DIAGNOSTIC,    18, -5.790943138877e-01, 1.760961934556e-06, 0.0000e+00, 0.0000e+00, 
 2DIAGNOSTIC,    19, -5.790943417856e-01, 1.674200498944e-06, 0.0000e+00, 0.0000e+00, 
 2DIAGNOSTIC,    20, -5.790943450135e-01, 1.590771212832e-06, 5.1200e+02, 5.1200e+02, 
 2DIAGNOSTIC,    21, -5.790942427735e-01, 1.511590031492e-06, 5.1200e+02, 0.0000e+00, 
 2DIAGNOSTIC,    22, -5.790941997580e-01, 1.440702406319e-06, 5.1200e+02, 0.0000e+00, 
 2DIAGNOSTIC,    23, -5.790941612736e-01, 1.377023878257e-06, 5.1200e+02, 0.0000e+00, 
 2DIAGNOSTIC,    24, -5.790937860075e-01, 1.312322894381e-06, 5.1200e+02, 0.0000e+00, 
 2DIAGNOSTIC,    25, -5.790936063400e-01, 1.250006994351e-06, 5.1200e+02, 0.0000e+00, 
 2DIAGNOSTIC,    26, -5.790936408067e-01, 1.193021310554e-06, 5.1200e+02, 0.0000e+00, 
 2DIAGNOSTIC,    27, -5.790935683224e-01, 1.142102251335e-06, 5.1200e+02, 0.0000e+00, 
 2DIAGNOSTIC,    28, -5.790935481428e-01, 1.098878838701e-06, 5.1200e+02, 0.0000e+00, 
 2DIAGNOSTIC,    29, -5.790936095551e-01, 1.063940665257e-06, 5.1200e+02, 0.0000e+00, 
 2DIAGNOSTIC,    30, -5.790935683531e-01, 1.034054168098e-06, 5.1200e+02, 0.0000e+00, 
 2DIAGNOSTIC,    31, -5.790935393671e-01, 1.006623734895e-06, 5.1200e+02, 0.0000e+00, 
  Elapsed time (stage 0): 5.1200e+02


Total elapsed time: 5.1200e+02
Info [verificarlo]: loaded backend libinterflop_vprec.so
Info [interflop-vprec]: load backend with: 
Info [interflop-vprec]: precision-binary32 = 21
