
##########################
# Experiment information #
##########################

EXPERIMENT_NAME: antsRegistration-r8-p23
VFC_BACKENDS: libinterflop_vprec.so --range-binary32=8 --precision-binary32=23 --range-binary64=8 --precision-binary64=23

SIF_IMG: /home/mdugre/projects/rrg-glatard/mdugre/containers/ants-vprec-no_metrics.simg

SUBJECT_ID: s017
INPUT_IMG: /home/mdugre/scratch/mri-registration-rp/datasets/ds004513/derivatives/mri-registration-rp/antsBrainExtraction/sub-s017/BrainExtractionBrain.nii.gz
OUTPUT_DIR: /home/mdugre/scratch/mri-registration-rp/datasets/ds004513/derivatives/mri-registration-rp/1111/antsRegistration-r8-p23/sub-s017

FIXED_IMG: /templateflow/tpl-MNI152NLin2009cAsym/tpl-MNI152NLin2009cAsym_res-01_desc-brain_T1w.nii.gz
DATA_DIR: /home/mdugre/scratch/mri-registration-rp/datasets/ds004513
TEMPLATEFLOW_DIR: /home/mdugre/projects/rrg-glatard/mdugre/templateflow
ITK_GLOBAL_DEFAULT_NUMBER_OF_THREADS: 16
##########################

Info [verificarlo]: loaded backend libinterflop_vprec.so
Info [interflop-vprec]: load backend with: 
Info [interflop-vprec]: precision-binary32 = 23
Info [interflop-vprec]: range-binary32 = 8
Info [interflop-vprec]: precision-binary64 = 23
Info [interflop-vprec]: range-binary64 = 8
Info [interflop-vprec]: mode = ob
Info [interflop-vprec]: error-mode = rel
Info [interflop-vprec]: max-abs-error-exponent = -1022
Info [interflop-vprec]: daz = false
Info [interflop-vprec]: ftz = false
Info [interflop-vprec]: 	instrument = none
Info [interflop-vprec]: 	prec-input-file = (null)
Info [interflop-vprec]: 	prec-output-file = (null)
Info [interflop-vprec]: 	prec-log-file = (null)
All_Command_lines_OK
Using double precision for computations.
=============================================================================
The composite transform comprises the following transforms (in order): 
  1. Center of mass alignment using fixed image: /templateflow/tpl-MNI152NLin2009cAsym/tpl-MNI152NLin2009cAsym_res-01_desc-brain_T1w.nii.gz and moving image: /home/mdugre/scratch/mri-registration-rp/datasets/ds004513/derivatives/mri-registration-rp/antsBrainExtraction/sub-s017/BrainExtractionBrain.nii.gz (type = Euler3DTransform)
=============================================================================
  number of levels = 1
  fixed image: /templateflow/tpl-MNI152NLin2009cAsym/tpl-MNI152NLin2009cAsym_res-01_desc-brain_T1w.nii.gz
  moving image: /home/mdugre/scratch/mri-registration-rp/datasets/ds004513/derivatives/mri-registration-rp/antsBrainExtraction/sub-s017/BrainExtractionBrain.nii.gz
Dimension = 3
Number of stages = 1
Use histogram matching = false
Winsorize image intensities = true
  Lower quantile = 0.005
  Upper quantile = 0.995


Stage 1 State
   Image metric = MattesMI
     Fixed image = Image (0x3517b20)
  RTTI typeinfo:   itk::Image<double, 3u>
  Reference Count: 2
  Modified Time: 2334
  Debug: Off
  Object Name: 
  Observers: 
    none
  Source: (none)
  Source output name: (none)
  Release Data: Off
  Data Released: False
  Global Release Data: Off
  PipelineMTime: 0
  UpdateMTime: 1943
  RealTimeStamp: 0 seconds 
  LargestPossibleRegion: 
    Dimension: 3
    Index: [0, 0, 0]
    Size: [193, 229, 193]
  BufferedRegion: 
    Dimension: 3
    Index: [0, 0, 0]
    Size: [193, 229, 193]
  RequestedRegion: 
    Dimension: 3
    Index: [0, 0, 0]
    Size: [193, 229, 193]
  Spacing: [1, 1, 1]
  Origin: [96, 132, -78]
  Direction: 
-1 0 0
0 -1 0
0 0 1

  IndexToPointMatrix: 
-1 0 0
0 -1 0
0 0 1

  PointToIndexMatrix: 
-1 0 0
0 -1 0
0 0 1

  Inverse Direction: 
-1 0 0
0 -1 0
0 0 1

  PixelContainer: 
    ImportImageContainer (0x3643650)
      RTTI typeinfo:   itk::ImportImageContainer<unsigned long, double>
      Reference Count: 1
      Modified Time: 1940
      Debug: Off
      Object Name: 
      Observers: 
        none
      Pointer: 0x14c95b4f0010
      Container manages memory: true
      Size: 8530021
      Capacity: 8530021

     Moving image = Image (0x3519ad0)
  RTTI typeinfo:   itk::Image<double, 3u>
  Reference Count: 2
  Modified Time: 2335
  Debug: Off
  Object Name: 
  Observers: 
    none
  Source: (none)
  Source output name: (none)
  Release Data: Off
  Data Released: False
  Global Release Data: Off
  PipelineMTime: 0
  UpdateMTime: 2332
  RealTimeStamp: 0 seconds 
  LargestPossibleRegion: 
    Dimension: 3
    Index: [0, 0, 0]
    Size: [160, 240, 256]
  BufferedRegion: 
    Dimension: 3
    Index: [0, 0, 0]
    Size: [160, 240, 256]
  RequestedRegion: 
    Dimension: 3
    Index: [0, 0, 0]
    Size: [160, 240, 256]
  Spacing: [1, 1, 1]
  Origin: [91.3357, 102.231, -120.042]
  Direction: 
-0.997442 -5.36781e-05 -0.0714818
5.35416e-05 -1 3.82465e-06
-0.0714818 -1.23894e-08 0.997442

  IndexToPointMatrix: 
-0.997444 -5.36781e-05 -0.0714818
5.35418e-05 -1 3.82465e-06
-0.0714819 -1.23894e-08 0.997442

  PointToIndexMatrix: 
-0.99744 5.35415e-05 -0.0714816
-5.3678e-05 -1 -1.35915e-08
-0.0714818 3.82343e-06 0.997442

  Inverse Direction: 
-0.997442 5.35416e-05 -0.0714818
-5.3678e-05 -1 -1.35915e-08
-0.0714818 3.82343e-06 0.997442

  PixelContainer: 
    ImportImageContainer (0x3561050)
      RTTI typeinfo:   itk::ImportImageContainer<unsigned long, double>
      Reference Count: 1
      Modified Time: 2329
      Debug: Off
      Object Name: 
      Observers: 
        none
      Pointer: 0x14c9569ef010
      Container manages memory: true
      Size: 9830400
      Capacity: 9830400

     Weighting = 1
     Sampling strategy = regular
     Number of bins = 32
     Radius = 4
     Sampling percentage  = 0.25
   Transform = Rigid
     Gradient step = 0.1
     Update field sigma (voxel space) = 0
     Total field sigma (voxel space) = 0
     Update field time sigma = 0
     Total field time sigma  = 0
     Number of time indices = 0
     Number of time point samples = 0
Registration using 1 total stages.

Stage 0
  iterations = 0
  convergence threshold = 1e-06
  convergence window size = 10
  number of levels = 1
  using the Mattes MI metric (number of bins = 32, weight = 1, use gradient filter = 0)
  preprocessing:  winsorizing the image intensities
  Shrink factors (level 1 out of 1): [1, 1, 1]
  smoothing sigmas per level: [0]
  regular sampling (percentage = 0.25)

*** Running Euler3DTransform registration ***

  Elapsed time (stage 0): 0


Total elapsed time: 0
Info [verificarlo]: loaded backend libinterflop_vprec.so
Info [interflop-vprec]: load backend with: 
Info [interflop-vprec]: precision-binary32 = 23
Info [interflop-vprec]: range-binary32 = 8
Info [interflop-vprec]: precision-binary64 = 23
Info [interflop-vprec]: range-binary64 = 8
Info [interflop-vprec]: mode = ob
Info [interflop-vprec]: error-mode = rel
Info [interflop-vprec]: max-abs-error-exponent = -1022
Info [interflop-vprec]: daz = false
Info [interflop-vprec]: ftz = false
Info [interflop-vprec]: 	instrument = none
Info [interflop-vprec]: 	prec-input-file = (null)
Info [interflop-vprec]: 	prec-output-file = (null)
Info [interflop-vprec]: 	prec-log-file = (null)
All_Command_lines_OK
Using double precision for computations.
=============================================================================
The composite transform comprises the following transforms (in order): 
  1. /home/mdugre/scratch/mri-registration-rp/datasets/ds004513/derivatives/mri-registration-rp/1111/antsRegistration-r8-p23/sub-s017/align_Composite.h5[0] (type = Euler3DTransform)
  2. /home/mdugre/scratch/mri-registration-rp/datasets/ds004513/derivatives/mri-registration-rp/1111/antsRegistration-r8-p23/sub-s017/align_Composite.h5[1] (type = Euler3DTransform)
=============================================================================
  number of levels = 4
  fixed image: /templateflow/tpl-MNI152NLin2009cAsym/tpl-MNI152NLin2009cAsym_res-01_desc-brain_T1w.nii.gz
  moving image: /home/mdugre/scratch/mri-registration-rp/datasets/ds004513/derivatives/mri-registration-rp/antsBrainExtraction/sub-s017/BrainExtractionBrain.nii.gz
Dimension = 3
Number of stages = 1
Use histogram matching = false
Winsorize image intensities = true
  Lower quantile = 0.005
  Upper quantile = 0.995


Stage 1 State
   Image metric = MattesMI
     Fixed image = Image (0x33cf1e0)
  RTTI typeinfo:   itk::Image<double, 3u>
  Reference Count: 2
  Modified Time: 1580
  Debug: Off
  Object Name: 
  Observers: 
    none
  Source: (none)
  Source output name: (none)
  Release Data: Off
  Data Released: False
  Global Release Data: Off
  PipelineMTime: 0
  UpdateMTime: 1189
  RealTimeStamp: 0 seconds 
  LargestPossibleRegion: 
    Dimension: 3
    Index: [0, 0, 0]
    Size: [193, 229, 193]
  BufferedRegion: 
    Dimension: 3
    Index: [0, 0, 0]
    Size: [193, 229, 193]
  RequestedRegion: 
    Dimension: 3
    Index: [0, 0, 0]
    Size: [193, 229, 193]
  Spacing: [1, 1, 1]
  Origin: [96, 132, -78]
  Direction: 
-1 0 0
0 -1 0
0 0 1

  IndexToPointMatrix: 
-1 0 0
0 -1 0
0 0 1

  PointToIndexMatrix: 
-1 0 0
0 -1 0
0 0 1

  Inverse Direction: 
-1 0 0
0 -1 0
0 0 1

  PixelContainer: 
    ImportImageContainer (0x348e640)
      RTTI typeinfo:   itk::ImportImageContainer<unsigned long, double>
      Reference Count: 1
      Modified Time: 1186
      Debug: Off
      Object Name: 
      Observers: 
        none
      Pointer: 0x14c507488010
      Container manages memory: true
      Size: 8530021
      Capacity: 8530021

     Moving image = Image (0x348ac90)
  RTTI typeinfo:   itk::Image<double, 3u>
  Reference Count: 2
  Modified Time: 1581
  Debug: Off
  Object Name: 
  Observers: 
    none
  Source: (none)
  Source output name: (none)
  Release Data: Off
  Data Released: False
  Global Release Data: Off
  PipelineMTime: 0
  UpdateMTime: 1578
  RealTimeStamp: 0 seconds 
  LargestPossibleRegion: 
    Dimension: 3
    Index: [0, 0, 0]
    Size: [160, 240, 256]
  BufferedRegion: 
    Dimension: 3
    Index: [0, 0, 0]
    Size: [160, 240, 256]
  RequestedRegion: 
    Dimension: 3
    Index: [0, 0, 0]
    Size: [160, 240, 256]
  Spacing: [1, 1, 1]
  Origin: [91.3357, 102.231, -120.042]
  Direction: 
-0.997442 -5.36781e-05 -0.0714818
5.35416e-05 -1 3.82465e-06
-0.0714818 -1.23894e-08 0.997442

  IndexToPointMatrix: 
-0.997444 -5.36781e-05 -0.0714818
5.35418e-05 -1 3.82465e-06
-0.0714819 -1.23894e-08 0.997442

  PointToIndexMatrix: 
-0.99744 5.35415e-05 -0.0714816
-5.3678e-05 -1 -1.35915e-08
-0.0714818 3.82343e-06 0.997442

  Inverse Direction: 
-0.997442 5.35416e-05 -0.0714818
-5.3678e-05 -1 -1.35915e-08
-0.0714818 3.82343e-06 0.997442

  PixelContainer: 
    ImportImageContainer (0x34fbd90)
      RTTI typeinfo:   itk::ImportImageContainer<unsigned long, double>
      Reference Count: 1
      Modified Time: 1575
      Debug: Off
      Object Name: 
      Observers: 
        none
      Pointer: 0x14c502987010
      Container manages memory: true
      Size: 9830400
      Capacity: 9830400

     Weighting = 1
     Sampling strategy = regular
     Number of bins = 32
     Radius = 4
     Sampling percentage  = 0.25
   Transform = Rigid
     Gradient step = 0.1
     Update field sigma (voxel space) = 0
     Total field sigma (voxel space) = 0
     Update field time sigma = 0
     Total field time sigma  = 0
     Number of time indices = 0
     Number of time point samples = 0
Registration using 1 total stages.

Stage 0
  iterations = 1000x500x250x100
  convergence threshold = 1e-06
  convergence window size = 10
  number of levels = 4
  using the Mattes MI metric (number of bins = 32, weight = 1, use gradient filter = 0)
  preprocessing:  winsorizing the image intensities
  Shrink factors (level 1 out of 4): [8, 8, 8]
  Shrink factors (level 2 out of 4): [4, 4, 4]
  Shrink factors (level 3 out of 4): [2, 2, 2]
  Shrink factors (level 4 out of 4): [1, 1, 1]
  smoothing sigmas per level: [3, 2, 1, 0]
  regular sampling (percentage = 0.25)

*** Running Euler3DTransform registration ***

DIAGNOSTIC,Iteration,metricValue,convergenceValue,ITERATION_TIME_INDEX,SINCE_LAST
 2DIAGNOSTIC,     1, -5.567288025837e-01, 1.797693134862e+308, 0.0000e+00, 0.0000e+00, 
 2DIAGNOSTIC,     2, -5.583765927909e-01, 1.797693134862e+308, 0.0000e+00, 0.0000e+00, 
 2DIAGNOSTIC,     3, -5.612199979935e-01, 1.797693134862e+308, 0.0000e+00, 0.0000e+00, 
 2DIAGNOSTIC,     4, -5.637130295511e-01, 1.797693134862e+308, 0.0000e+00, 0.0000e+00, 
 2DIAGNOSTIC,     5, -5.658146728050e-01, 1.797693134862e+308, 0.0000e+00, 0.0000e+00, 
 2DIAGNOSTIC,     6, -5.696129801224e-01, 1.797693134862e+308, 0.0000e+00, 0.0000e+00, 
 2DIAGNOSTIC,     7, -5.737488639829e-01, 1.797693134862e+308, 0.0000e+00, 0.0000e+00, 
 2DIAGNOSTIC,     8, -5.749901111068e-01, 1.797693134862e+308, 0.0000e+00, 0.0000e+00, 
 2DIAGNOSTIC,     9, -5.758311450918e-01, 1.797693134862e+308, 0.0000e+00, 0.0000e+00, 
 2DIAGNOSTIC,    10, -5.755973185204e-01, 2.461782262432e-03, 0.0000e+00, 0.0000e+00, 
 2DIAGNOSTIC,    11, -5.788797091481e-01, 2.117640166863e-03, 0.0000e+00, 0.0000e+00, 
 2DIAGNOSTIC,    12, -5.796362134338e-01, 1.734425910630e-03, 0.0000e+00, 0.0000e+00, 
 2DIAGNOSTIC,    13, -5.799512350026e-01, 1.375633170856e-03, 0.0000e+00, 0.0000e+00, 
 2DIAGNOSTIC,    14, -5.809828936966e-01, 1.072652078243e-03, 0.0000e+00, 0.0000e+00, 
 2DIAGNOSTIC,    15, -5.812218973472e-01, 7.885510683534e-04, 0.0000e+00, 0.0000e+00, 
 2DIAGNOSTIC,    16, -5.817692404580e-01, 5.990704200300e-04, 0.0000e+00, 0.0000e+00, 
 2DIAGNOSTIC,    17, -5.832758540372e-01, 5.403733593944e-04, 0.0000e+00, 0.0000e+00, 
 2DIAGNOSTIC,    18, -5.848753131259e-01, 5.162318932788e-04, 0.0000e+00, 0.0000e+00, 
 2DIAGNOSTIC,    19, -5.848892162955e-01, 4.698581619505e-04, 0.0000e+00, 0.0000e+00, 
 2DIAGNOSTIC,    20, -5.852833260691e-01, 3.875412995141e-04, 0.0000e+00, 0.0000e+00, 
 2DIAGNOSTIC,    21, -5.855453208193e-01, 3.606048585767e-04, 0.0000e+00, 0.0000e+00, 
 2DIAGNOSTIC,    22, -5.859325311594e-01, 3.276663271550e-04, 0.0000e+00, 0.0000e+00, 
 2DIAGNOSTIC,    23, -5.866513958524e-01, 2.881834957139e-04, 0.0000e+00, 0.0000e+00, 
 2DIAGNOSTIC,    24, -5.868075544399e-01, 2.496745551795e-04, 0.0000e+00, 0.0000e+00, 
 2DIAGNOSTIC,    25, -5.869380550366e-01, 1.988905184553e-04, 0.0000e+00, 0.0000e+00, 
 2DIAGNOSTIC,    26, -5.871118300079e-01, 1.467507550758e-04, 0.0000e+00, 0.0000e+00, 
 2DIAGNOSTIC,    27, -5.875668016690e-01, 1.196482819470e-04, 0.0000e+00, 0.0000e+00, 
 2DIAGNOSTIC,    28, -5.887859858161e-01, 1.325634672358e-04, 0.0000e+00, 0.0000e+00, 
 2DIAGNOSTIC,    29, -5.894450300526e-01, 1.429817451419e-04, 0.0000e+00, 0.0000e+00, 
 2DIAGNOSTIC,    30, -5.899986001870e-01, 1.549295633634e-04, 0.0000e+00, 0.0000e+00, 
 2DIAGNOSTIC,    31, -5.899656457089e-01, 1.552724199306e-04, 0.0000e+00, 0.0000e+00, 
 2DIAGNOSTIC,    32, -5.901747027008e-01, 1.499493924316e-04, 0.0000e+00, 0.0000e+00, 
 2DIAGNOSTIC,    33, -5.903000962491e-01, 1.430405264356e-04, 0.0000e+00, 0.0000e+00, 
 2DIAGNOSTIC,    34, -5.904619579208e-01, 1.274484789811e-04, 0.0000e+00, 0.0000e+00, 
 2DIAGNOSTIC,    35, -5.906239113491e-01, 1.049633739937e-04, 0.0000e+00, 0.0000e+00, 
 2DIAGNOSTIC,    36, -5.907804396059e-01, 7.847562216480e-05, 0.0000e+00, 0.0000e+00, 
 2DIAGNOSTIC,    37, -5.907216947920e-01, 5.101288409126e-05, 0.0000e+00, 0.0000e+00, 
 2DIAGNOSTIC,    38, -5.907922203621e-01, 3.670540733678e-05, 0.0000e+00, 0.0000e+00, 
 2DIAGNOSTIC,    39, -5.907997954182e-01, 2.786770518117e-05, 0.0000e+00, 0.0000e+00, 
 2DIAGNOSTIC,    40, -5.909466918069e-01, 2.546881002268e-05, 0.0000e+00, 0.0000e+00, 
 2DIAGNOSTIC,    41, -5.910274650435e-01, 2.131222393243e-05, 0.0000e+00, 0.0000e+00, 
 2DIAGNOSTIC,    42, -5.911431771288e-01, 1.917938535262e-05, 0.0000e+00, 0.0000e+00, 
 2DIAGNOSTIC,    43, -5.913104939761e-01, 1.869745766694e-05, 0.0000e+00, 0.0000e+00, 
 2DIAGNOSTIC,    44, -5.912455748516e-01, 1.752268657728e-05, 0.0000e+00, 0.0000e+00, 
 2DIAGNOSTIC,    45, -5.912555849863e-01, 1.664679923000e-05, 0.0000e+00, 0.0000e+00, 
 2DIAGNOSTIC,    46, -5.912600847403e-01, 1.601267950792e-05, 0.0000e+00, 0.0000e+00, 
 2DIAGNOSTIC,    47, -5.913538598587e-01, 1.426742510907e-05, 0.0000e+00, 0.0000e+00, 
 2DIAGNOSTIC,    48, -5.912802696554e-01, 1.123798796701e-05, 0.0000e+00, 0.0000e+00, 
 2DIAGNOSTIC,    49, -5.912837511768e-01, 7.455201188295e-06, 0.0000e+00, 0.0000e+00, 
 2DIAGNOSTIC,    50, -5.912884844773e-01, 4.674084549371e-06, 0.0000e+00, 0.0000e+00, 
 2DIAGNOSTIC,    51, -5.912919507407e-01, 2.381687123281e-06, 0.0000e+00, 0.0000e+00, 
 2DIAGNOSTIC,    52, -5.912971786142e-01, 1.079486877321e-06, 0.0000e+00, 0.0000e+00, 
 2DIAGNOSTIC,    53, -5.913763647245e-01, 2.072109830959e-06, 0.0000e+00, 0.0000e+00, 
 2DIAGNOSTIC,    54, -5.913082785631e-01, 1.683169823838e-06, 0.0000e+00, 0.0000e+00, 
 2DIAGNOSTIC,    55, -5.913109258784e-01, 1.339776838541e-06, 0.0000e+00, 0.0000e+00, 
DIAGNOSTIC,Iteration,metricValue,convergenceValue,ITERATION_TIME_INDEX,SINCE_LAST
 2DIAGNOSTIC,     1, -4.776995346963e-01, 1.797693134862e+308, 0.0000e+00, 0.0000e+00, 
 2DIAGNOSTIC,     2, -4.779551085375e-01, 1.797693134862e+308, 0.0000e+00, 0.0000e+00, 
 2DIAGNOSTIC,     3, -4.781880304005e-01, 1.797693134862e+308, 0.0000e+00, 0.0000e+00, 
 2DIAGNOSTIC,     4, -4.786931850216e-01, 1.797693134862e+308, 0.0000e+00, 0.0000e+00, 
 2DIAGNOSTIC,     5, -4.799313010043e-01, 1.797693134862e+308, 0.0000e+00, 0.0000e+00, 
 2DIAGNOSTIC,     6, -4.813040410726e-01, 1.797693134862e+308, 0.0000e+00, 0.0000e+00, 
 2DIAGNOSTIC,     7, -4.820276888045e-01, 1.797693134862e+308, 0.0000e+00, 0.0000e+00, 
 2DIAGNOSTIC,     8, -4.820879527309e-01, 1.797693134862e+308, 0.0000e+00, 0.0000e+00, 
 2DIAGNOSTIC,     9, -4.824639645810e-01, 1.797693134862e+308, 0.0000e+00, 0.0000e+00, 
 2DIAGNOSTIC,    10, -4.825302052034e-01, 7.896933486166e-04, 0.0000e+00, 0.0000e+00, 
 2DIAGNOSTIC,    11, -4.826600098994e-01, 6.627888270292e-04, 0.0000e+00, 0.0000e+00, 
 2DIAGNOSTIC,    12, -4.827946671639e-01, 5.174488824704e-04, 0.0000e+00, 0.0000e+00, 
 2DIAGNOSTIC,    13, -4.833955297984e-01, 3.867128824174e-04, 0.0000e+00, 0.0000e+00, 
 2DIAGNOSTIC,    14, -4.834227907856e-01, 2.611639284110e-04, 0.0000e+00, 0.0000e+00, 
 2DIAGNOSTIC,    15, -4.834165572623e-01, 1.763598872178e-04, 0.0000e+00, 0.0000e+00, 
 2DIAGNOSTIC,    16, -4.834014439780e-01, 1.360852791608e-04, 0.0000e+00, 0.0000e+00, 
 2DIAGNOSTIC,    17, -4.833953241486e-01, 1.131285620378e-04, 0.0000e+00, 0.0000e+00, 
 2DIAGNOSTIC,    18, -4.833895994526e-01, 8.363143714907e-05, 0.0000e+00, 0.0000e+00, 
 2DIAGNOSTIC,    19, -4.833743196104e-01, 6.083772302415e-05, 0.0000e+00, 0.0000e+00, 
 2DIAGNOSTIC,    20, -4.833665251964e-01, 3.679552793907e-05, 0.0000e+00, 0.0000e+00, 
 2DIAGNOSTIC,    21, -4.833503206243e-01, 1.507687487615e-05, 0.0000e+00, 0.0000e+00, 
DIAGNOSTIC,Iteration,metricValue,convergenceValue,ITERATION_TIME_INDEX,SINCE_LAST
 2DIAGNOSTIC,     1, -4.158402933122e-01, 1.797693134862e+308, 0.0000e+00, 0.0000e+00, 
 2DIAGNOSTIC,     2, -4.159145178976e-01, 1.797693134862e+308, 0.0000e+00, 0.0000e+00, 
 2DIAGNOSTIC,     3, -4.159764825644e-01, 1.797693134862e+308, 0.0000e+00, 0.0000e+00, 
 2DIAGNOSTIC,     4, -4.159829424254e-01, 1.797693134862e+308, 0.0000e+00, 0.0000e+00, 
 2DIAGNOSTIC,     5, -4.159852658272e-01, 1.797693134862e+308, 0.0000e+00, 0.0000e+00, 
 2DIAGNOSTIC,     6, -4.159731933902e-01, 1.797693134862e+308, 0.0000e+00, 0.0000e+00, 
 2DIAGNOSTIC,     7, -4.159727696147e-01, 1.797693134862e+308, 0.0000e+00, 0.0000e+00, 
 2DIAGNOSTIC,     8, -4.159726557289e-01, 1.797693134862e+308, 0.0000e+00, 0.0000e+00, 
 2DIAGNOSTIC,     9, -4.159725388109e-01, 1.797693134862e+308, 0.0000e+00, 0.0000e+00, 
 2DIAGNOSTIC,    10, -4.159720241014e-01, 1.500045342655e-05, 0.0000e+00, 0.0000e+00, 
 2DIAGNOSTIC,    11, -4.159713012259e-01, 5.353397244487e-06, 0.0000e+00, 0.0000e+00, 
 2DIAGNOSTIC,    12, -4.159705142571e-01, 1.184115441824e-06, 0.0000e+00, 0.0000e+00, 
DIAGNOSTIC,Iteration,metricValue,convergenceValue,ITERATION_TIME_INDEX,SINCE_LAST
 2DIAGNOSTIC,     1, -3.831378236540e-01, 1.797693134862e+308, 0.0000e+00, 0.0000e+00, 
 2DIAGNOSTIC,     2, -3.832532686724e-01, 1.797693134862e+308, 0.0000e+00, 0.0000e+00, 
 2DIAGNOSTIC,     3, -3.833794785435e-01, 1.797693134862e+308, 0.0000e+00, 0.0000e+00, 
 2DIAGNOSTIC,     4, -3.834273516988e-01, 1.797693134862e+308, 0.0000e+00, 0.0000e+00, 
 2DIAGNOSTIC,     5, -3.834465229371e-01, 1.797693134862e+308, 0.0000e+00, 0.0000e+00, 
 2DIAGNOSTIC,     6, -3.834934804761e-01, 1.797693134862e+308, 0.0000e+00, 0.0000e+00, 
 2DIAGNOSTIC,     7, -3.835474648724e-01, 1.797693134862e+308, 0.0000e+00, 0.0000e+00, 
 2DIAGNOSTIC,     8, -3.836166589089e-01, 1.797693134862e+308, 0.0000e+00, 0.0000e+00, 
 2DIAGNOSTIC,     9, -3.836178554603e-01, 1.797693134862e+308, 0.0000e+00, 0.0000e+00, 
 2DIAGNOSTIC,    10, -3.836154713820e-01, 7.926493892739e-05, 1.2800e+02, 1.2800e+02, 
 2DIAGNOSTIC,    11, -3.836175580394e-01, 5.629263312149e-05, 1.2800e+02, 0.0000e+00, 
 2DIAGNOSTIC,    12, -3.836173677584e-01, 3.922471193804e-05, 1.2800e+02, 0.0000e+00, 
 2DIAGNOSTIC,    13, -3.836171322477e-01, 2.856275230734e-05, 1.2800e+02, 0.0000e+00, 
 2DIAGNOSTIC,    14, -3.836172909599e-01, 1.963019498501e-05, 1.2800e+02, 0.0000e+00, 
 2DIAGNOSTIC,    15, -3.836172317585e-01, 1.127086834150e-05, 1.2800e+02, 0.0000e+00, 
 2DIAGNOSTIC,    16, -3.836172036913e-01, 5.257980184803e-06, 1.2800e+02, 0.0000e+00, 
 2DIAGNOSTIC,    17, -3.836171020815e-01, 1.912905757476e-06, 1.2800e+02, 0.0000e+00, 
 2DIAGNOSTIC,    18, -3.836171326147e-01, 1.784742101697e-06, 1.2800e+02, 0.0000e+00, 
 2DIAGNOSTIC,    19, -3.836171233264e-01, 1.718159200484e-06, 1.2800e+02, 0.0000e+00, 
 2DIAGNOSTIC,    20, -3.836170499920e-01, 1.560672361692e-06, 1.2800e+02, 0.0000e+00, 
 2DIAGNOSTIC,    21, -3.836170576639e-01, 1.495208507778e-06, 1.2800e+02, 0.0000e+00, 
 2DIAGNOSTIC,    22, -3.836170580729e-01, 1.431430329421e-06, 1.2800e+02, 0.0000e+00, 
 2DIAGNOSTIC,    23, -3.836170332968e-01, 1.365970359386e-06, 1.2800e+02, 0.0000e+00, 
 2DIAGNOSTIC,    24, -3.836170332695e-01, 1.312516384175e-06, 1.2800e+02, 0.0000e+00, 
 2DIAGNOSTIC,    25, -3.836170332858e-01, 1.262848874133e-06, 1.2800e+02, 0.0000e+00, 
 2DIAGNOSTIC,    26, -3.836170332815e-01, 1.217202766690e-06, 1.2800e+02, 0.0000e+00, 
 2DIAGNOSTIC,    27, -3.836170332470e-01, 1.172698622612e-06, 2.5600e+02, 1.2800e+02, 
 2DIAGNOSTIC,    28, -3.836170332096e-01, 1.132710131073e-06, 2.5600e+02, 0.0000e+00, 
 2DIAGNOSTIC,    29, -3.836170332316e-01, 1.095635291014e-06, 2.5600e+02, 0.0000e+00, 
 2DIAGNOSTIC,    30, -3.836170332551e-01, 1.059340631826e-06, 2.5600e+02, 0.0000e+00, 
 2DIAGNOSTIC,    31, -3.836170332317e-01, 1.025671218693e-06, 2.5600e+02, 0.0000e+00, 
  Elapsed time (stage 0): 2.5600e+02


Total elapsed time: 2.5600e+02
Info [verificarlo]: loaded backend libinterflop_vprec.so
Info [interflop-vprec]: load backend with: 
Info [interflop-vprec]: precision-binary32 = 23
Info [interflop-vprec]: range-binary32 = 8
Info [interflop-vprec]: precision-binary64 = 23
Info [interflop-vprec]: range-binary64 = 8
Info [interflop-vprec]: mode = ob
Info [interflop-vprec]: error-mode = rel
Info [interflop-vprec]: max-abs-error-exponent = -1022
Info [interflop-vprec]: daz = false
Info [interflop-vprec]: ftz = false
Info [interflop-vprec]: 	instrument = none
Info [interflop-vprec]: 	prec-input-file = (null)
Info [interflop-vprec]: 	prec-output-file = (null)
Info [interflop-vprec]: 	prec-log-file = (null)
All_Command_lines_OK
Using double precision for computations.
=============================================================================
The composite transform comprises the following transforms (in order): 
  1. /home/mdugre/scratch/mri-registration-rp/datasets/ds004513/derivatives/mri-registration-rp/1111/antsRegistration-r8-p23/sub-s017/rigid_Composite.h5[0] (type = Euler3DTransform)
  2. /home/mdugre/scratch/mri-registration-rp/datasets/ds004513/derivatives/mri-registration-rp/1111/antsRegistration-r8-p23/sub-s017/rigid_Composite.h5[1] (type = Euler3DTransform)
  3. /home/mdugre/scratch/mri-registration-rp/datasets/ds004513/derivatives/mri-registration-rp/1111/antsRegistration-r8-p23/sub-s017/rigid_Composite.h5[2] (type = Euler3DTransform)
=============================================================================
  number of levels = 4
  fixed image: /templateflow/tpl-MNI152NLin2009cAsym/tpl-MNI152NLin2009cAsym_res-01_desc-brain_T1w.nii.gz
  moving image: /home/mdugre/scratch/mri-registration-rp/datasets/ds004513/derivatives/mri-registration-rp/antsBrainExtraction/sub-s017/BrainExtractionBrain.nii.gz
Dimension = 3
Number of stages = 1
Use histogram matching = false
Winsorize image intensities = true
  Lower quantile = 0.005
  Upper quantile = 0.995


Stage 1 State
   Image metric = MattesMI
     Fixed image = Image (0x3767490)
  RTTI typeinfo:   itk::Image<double, 3u>
  Reference Count: 2
  Modified Time: 1594
  Debug: Off
  Object Name: 
  Observers: 
    none
  Source: (none)
  Source output name: (none)
  Release Data: Off
  Data Released: False
  Global Release Data: Off
  PipelineMTime: 0
  UpdateMTime: 1203
  RealTimeStamp: 0 seconds 
  LargestPossibleRegion: 
    Dimension: 3
    Index: [0, 0, 0]
    Size: [193, 229, 193]
  BufferedRegion: 
    Dimension: 3
    Index: [0, 0, 0]
    Size: [193, 229, 193]
  RequestedRegion: 
    Dimension: 3
    Index: [0, 0, 0]
    Size: [193, 229, 193]
  Spacing: [1, 1, 1]
  Origin: [96, 132, -78]
  Direction: 
-1 0 0
0 -1 0
0 0 1

  IndexToPointMatrix: 
-1 0 0
0 -1 0
0 0 1

  PointToIndexMatrix: 
-1 0 0
0 -1 0
0 0 1

  Inverse Direction: 
-1 0 0
0 -1 0
0 0 1

  PixelContainer: 
    ImportImageContainer (0x38348d0)
      RTTI typeinfo:   itk::ImportImageContainer<unsigned long, double>
      Reference Count: 1
      Modified Time: 1200
      Debug: Off
      Object Name: 
      Observers: 
        none
      Pointer: 0x1520109c6010
      Container manages memory: true
      Size: 8530021
      Capacity: 8530021

     Moving image = Image (0x3833e80)
  RTTI typeinfo:   itk::Image<double, 3u>
  Reference Count: 2
  Modified Time: 1595
  Debug: Off
  Object Name: 
  Observers: 
    none
  Source: (none)
  Source output name: (none)
  Release Data: Off
  Data Released: False
  Global Release Data: Off
  PipelineMTime: 0
  UpdateMTime: 1592
  RealTimeStamp: 0 seconds 
  LargestPossibleRegion: 
    Dimension: 3
    Index: [0, 0, 0]
    Size: [160, 240, 256]
  BufferedRegion: 
    Dimension: 3
    Index: [0, 0, 0]
    Size: [160, 240, 256]
  RequestedRegion: 
    Dimension: 3
    Index: [0, 0, 0]
    Size: [160, 240, 256]
  Spacing: [1, 1, 1]
  Origin: [91.3357, 102.231, -120.042]
  Direction: 
-0.997442 -5.36781e-05 -0.0714818
5.35416e-05 -1 3.82465e-06
-0.0714818 -1.23894e-08 0.997442

  IndexToPointMatrix: 
-0.997444 -5.36781e-05 -0.0714818
5.35418e-05 -1 3.82465e-06
-0.0714819 -1.23894e-08 0.997442

  PointToIndexMatrix: 
-0.99744 5.35415e-05 -0.0714816
-5.3678e-05 -1 -1.35915e-08
-0.0714818 3.82343e-06 0.997442

  Inverse Direction: 
-0.997442 5.35416e-05 -0.0714818
-5.3678e-05 -1 -1.35915e-08
-0.0714818 3.82343e-06 0.997442

  PixelContainer: 
    ImportImageContainer (0x3778ec0)
      RTTI typeinfo:   itk::ImportImageContainer<unsigned long, double>
      Reference Count: 1
      Modified Time: 1589
      Debug: Off
      Object Name: 
      Observers: 
        none
      Pointer: 0x15200bec5010
      Container manages memory: true
      Size: 9830400
      Capacity: 9830400

     Weighting = 1
     Sampling strategy = regular
     Number of bins = 32
     Radius = 4
     Sampling percentage  = 0.25
   Transform = Affine
     Gradient step = 0.1
     Update field sigma (voxel space) = 0
     Total field sigma (voxel space) = 0
     Update field time sigma = 0
     Total field time sigma  = 0
     Number of time indices = 0
     Number of time point samples = 0
Registration using 1 total stages.

Stage 0
  iterations = 1000x500x250x100
  convergence threshold = 1e-06
  convergence window size = 10
  number of levels = 4
  using the Mattes MI metric (number of bins = 32, weight = 1, use gradient filter = 0)
  preprocessing:  winsorizing the image intensities
  Shrink factors (level 1 out of 4): [8, 8, 8]
  Shrink factors (level 2 out of 4): [4, 4, 4]
  Shrink factors (level 3 out of 4): [2, 2, 2]
  Shrink factors (level 4 out of 4): [1, 1, 1]
  smoothing sigmas per level: [3, 2, 1, 0]
  regular sampling (percentage = 0.25)

*** Running AffineTransform registration ***

DIAGNOSTIC,Iteration,metricValue,convergenceValue,ITERATION_TIME_INDEX,SINCE_LAST
 2DIAGNOSTIC,     1, -5.790272591002e-01, 1.797693134862e+308, 0.0000e+00, 0.0000e+00, 
 2DIAGNOSTIC,     2, -5.816009725306e-01, 1.797693134862e+308, 0.0000e+00, 0.0000e+00, 
 2DIAGNOSTIC,     3, -5.859819705364e-01, 1.797693134862e+308, 0.0000e+00, 0.0000e+00, 
 2DIAGNOSTIC,     4, -5.941305717015e-01, 1.797693134862e+308, 0.0000e+00, 0.0000e+00, 
 2DIAGNOSTIC,     5, -6.087748444074e-01, 1.797693134862e+308, 0.0000e+00, 0.0000e+00, 
 2DIAGNOSTIC,     6, -6.317014911654e-01, 1.797693134862e+308, 0.0000e+00, 0.0000e+00, 
 2DIAGNOSTIC,     7, -6.832270055864e-01, 1.797693134862e+308, 0.0000e+00, 0.0000e+00, 
 2DIAGNOSTIC,     8, -7.360164786856e-01, 1.797693134862e+308, 0.0000e+00, 0.0000e+00, 
 2DIAGNOSTIC,     9, -7.881650209169e-01, 1.797693134862e+308, 0.0000e+00, 0.0000e+00, 
 2DIAGNOSTIC,    10, -7.924518820323e-01, 2.352233143276e-02, 0.0000e+00, 0.0000e+00, 
 2DIAGNOSTIC,    11, -8.027820817210e-01, 2.331709988261e-02, 0.0000e+00, 0.0000e+00, 
 2DIAGNOSTIC,    12, -8.192170314616e-01, 2.169994645943e-02, 0.0000e+00, 0.0000e+00, 
 2DIAGNOSTIC,    13, -8.334344068385e-01, 1.896380805241e-02, 0.0000e+00, 0.0000e+00, 
 2DIAGNOSTIC,    14, -8.507752753732e-01, 1.568550711339e-02, 0.0000e+00, 0.0000e+00, 
 2DIAGNOSTIC,    15, -8.674853637974e-01, 1.233705547567e-02, 0.0000e+00, 0.0000e+00, 
 2DIAGNOSTIC,    16, -8.782177837936e-01, 9.179766895354e-03, 0.0000e+00, 0.0000e+00, 
 2DIAGNOSTIC,    17, -8.803892181064e-01, 6.826772295962e-03, 0.0000e+00, 0.0000e+00, 
 2DIAGNOSTIC,    18, -8.811987881102e-01, 5.268826925116e-03, 0.0000e+00, 0.0000e+00, 
 2DIAGNOSTIC,    19, -8.814053184120e-01, 4.462869814224e-03, 0.0000e+00, 0.0000e+00, 
 2DIAGNOSTIC,    20, -8.815061222294e-01, 3.417902817664e-03, 0.0000e+00, 0.0000e+00, 
 2DIAGNOSTIC,    21, -8.821575840533e-01, 2.361978166533e-03, 0.0000e+00, 0.0000e+00, 
 2DIAGNOSTIC,    22, -8.829682671461e-01, 1.486554775582e-03, 0.0000e+00, 0.0000e+00, 
 2DIAGNOSTIC,    23, -8.836850372107e-01, 7.957490700800e-04, 0.0000e+00, 0.0000e+00, 
 2DIAGNOSTIC,    24, -8.838648017025e-01, 3.577954865755e-04, 0.0000e+00, 0.0000e+00, 
 2DIAGNOSTIC,    25, -8.840789223316e-01, 1.681236282936e-04, 0.0000e+00, 0.0000e+00, 
 2DIAGNOSTIC,    26, -8.840999040307e-01, 1.278567898637e-04, 0.0000e+00, 0.0000e+00, 
 2DIAGNOSTIC,    27, -8.843319837794e-01, 1.106326929631e-04, 0.0000e+00, 0.0000e+00, 
 2DIAGNOSTIC,    28, -8.848573875435e-01, 1.014156353658e-04, 0.0000e+00, 0.0000e+00, 
 2DIAGNOSTIC,    29, -8.857545819172e-01, 9.704844916106e-05, 0.0000e+00, 0.0000e+00, 
 2DIAGNOSTIC,    30, -8.880021716319e-01, 1.115724931144e-04, 0.0000e+00, 0.0000e+00, 
 2DIAGNOSTIC,    31, -8.882667600078e-01, 1.244364486452e-04, 0.0000e+00, 0.0000e+00, 
 2DIAGNOSTIC,    32, -8.895565791272e-01, 1.480655766888e-04, 0.0000e+00, 0.0000e+00, 
 2DIAGNOSTIC,    33, -8.895165404737e-01, 1.633020357689e-04, 0.0000e+00, 0.0000e+00, 
 2DIAGNOSTIC,    34, -8.894647455062e-01, 1.634485623438e-04, 0.0000e+00, 0.0000e+00, 
 2DIAGNOSTIC,    35, -8.894067337274e-01, 1.496605166330e-04, 0.0000e+00, 0.0000e+00, 
 2DIAGNOSTIC,    36, -8.891441067803e-01, 1.202379025180e-04, 0.0000e+00, 0.0000e+00, 
 2DIAGNOSTIC,    37, -8.890278562967e-01, 8.246064102859e-05, 0.0000e+00, 0.0000e+00, 
 2DIAGNOSTIC,    38, -8.888912036736e-01, 4.265526490082e-05, 0.0000e+00, 0.0000e+00, 
 2DIAGNOSTIC,    39, -8.887578364369e-01, 7.512387821453e-06, 0.0000e+00, 0.0000e+00, 
DIAGNOSTIC,Iteration,metricValue,convergenceValue,ITERATION_TIME_INDEX,SINCE_LAST
 2DIAGNOSTIC,     1, -7.469927702499e-01, 1.797693134862e+308, 0.0000e+00, 0.0000e+00, 
 2DIAGNOSTIC,     2, -7.476301161276e-01, 1.797693134862e+308, 0.0000e+00, 0.0000e+00, 
 2DIAGNOSTIC,     3, -7.481713323403e-01, 1.797693134862e+308, 0.0000e+00, 0.0000e+00, 
 2DIAGNOSTIC,     4, -7.485184089113e-01, 1.797693134862e+308, 0.0000e+00, 0.0000e+00, 
 2DIAGNOSTIC,     5, -7.492434654263e-01, 1.797693134862e+308, 0.0000e+00, 0.0000e+00, 
 2DIAGNOSTIC,     6, -7.511316630486e-01, 1.797693134862e+308, 0.0000e+00, 0.0000e+00, 
 2DIAGNOSTIC,     7, -7.511313431909e-01, 1.797693134862e+308, 0.0000e+00, 0.0000e+00, 
 2DIAGNOSTIC,     8, -7.511190233841e-01, 1.797693134862e+308, 0.0000e+00, 0.0000e+00, 
 2DIAGNOSTIC,     9, -7.510977485446e-01, 1.797693134862e+308, 0.0000e+00, 0.0000e+00, 
 2DIAGNOSTIC,    10, -7.510964727982e-01, 4.101728311893e-04, 0.0000e+00, 0.0000e+00, 
 2DIAGNOSTIC,    11, -7.510742889556e-01, 3.022283745276e-04, 0.0000e+00, 0.0000e+00, 
 2DIAGNOSTIC,    12, -7.510632999969e-01, 2.050537300770e-04, 0.0000e+00, 0.0000e+00, 
 2DIAGNOSTIC,    13, -7.510243140216e-01, 1.200918913625e-04, 0.0000e+00, 0.0000e+00, 
 2DIAGNOSTIC,    14, -7.510130757962e-01, 4.577090475803e-05, 0.0000e+00, 0.0000e+00, 
DIAGNOSTIC,Iteration,metricValue,convergenceValue,ITERATION_TIME_INDEX,SINCE_LAST
 2DIAGNOSTIC,     1, -6.303705703548e-01, 1.797693134862e+308, 0.0000e+00, 0.0000e+00, 
 2DIAGNOSTIC,     2, -6.308422865217e-01, 1.797693134862e+308, 0.0000e+00, 0.0000e+00, 
 2DIAGNOSTIC,     3, -6.313542893076e-01, 1.797693134862e+308, 0.0000e+00, 0.0000e+00, 
 2DIAGNOSTIC,     4, -6.318918672633e-01, 1.797693134862e+308, 0.0000e+00, 0.0000e+00, 
 2DIAGNOSTIC,     5, -6.325914653775e-01, 1.797693134862e+308, 0.0000e+00, 0.0000e+00, 
 2DIAGNOSTIC,     6, -6.326165833166e-01, 1.797693134862e+308, 0.0000e+00, 0.0000e+00, 
 2DIAGNOSTIC,     7, -6.326146553539e-01, 1.797693134862e+308, 0.0000e+00, 0.0000e+00, 
 2DIAGNOSTIC,     8, -6.326155625227e-01, 1.797693134862e+308, 0.0000e+00, 0.0000e+00, 
 2DIAGNOSTIC,     9, -6.326128474912e-01, 1.797693134862e+308, 0.0000e+00, 0.0000e+00, 
 2DIAGNOSTIC,    10, -6.326137623920e-01, 2.287957053053e-04, 0.0000e+00, 0.0000e+00, 
 2DIAGNOSTIC,    11, -6.326124798543e-01, 1.413719035365e-04, 0.0000e+00, 0.0000e+00, 
 2DIAGNOSTIC,    12, -6.326100617689e-01, 7.381646883771e-05, 0.0000e+00, 0.0000e+00, 
 2DIAGNOSTIC,    13, -6.326080593138e-01, 2.764975004658e-05, 0.0000e+00, 0.0000e+00, 
 2DIAGNOSTIC,    14, -6.326021685360e-01, 2.233353841821e-06, 0.0000e+00, 0.0000e+00, 
 2DIAGNOSTIC,    15, -6.326020600512e-01, 1.156602314201e-06, 0.0000e+00, 0.0000e+00, 
DIAGNOSTIC,Iteration,metricValue,convergenceValue,ITERATION_TIME_INDEX,SINCE_LAST
 2DIAGNOSTIC,     1, -5.633991300840e-01, 1.797693134862e+308, 0.0000e+00, 0.0000e+00, 
 2DIAGNOSTIC,     2, -5.638803332034e-01, 1.797693134862e+308, 0.0000e+00, 0.0000e+00, 
 2DIAGNOSTIC,     3, -5.643515619349e-01, 1.797693134862e+308, 0.0000e+00, 0.0000e+00, 
 2DIAGNOSTIC,     4, -5.651676181006e-01, 1.797693134862e+308, 0.0000e+00, 0.0000e+00, 
 2DIAGNOSTIC,     5, -5.660246545525e-01, 1.797693134862e+308, 0.0000e+00, 0.0000e+00, 
 2DIAGNOSTIC,     6, -5.660243314139e-01, 1.797693134862e+308, 1.2800e+02, 1.2800e+02, 
 2DIAGNOSTIC,     7, -5.660239033330e-01, 1.797693134862e+308, 1.2800e+02, 0.0000e+00, 
 2DIAGNOSTIC,     8, -5.660238011138e-01, 1.797693134862e+308, 1.2800e+02, 0.0000e+00, 
 2DIAGNOSTIC,     9, -5.660232438966e-01, 1.797693134862e+308, 1.2800e+02, 0.0000e+00, 
 2DIAGNOSTIC,    10, -5.660229030739e-01, 3.083427762232e-04, 1.2800e+02, 0.0000e+00, 
 2DIAGNOSTIC,    11, -5.660228518597e-01, 1.949695919038e-04, 1.2800e+02, 0.0000e+00, 
 2DIAGNOSTIC,    12, -5.660227637530e-01, 1.038762813413e-04, 1.2800e+02, 0.0000e+00, 
 2DIAGNOSTIC,    13, -5.660226460451e-01, 3.538146871246e-05, 1.2800e+02, 0.0000e+00, 
 2DIAGNOSTIC,    14, -5.660225243234e-01, 2.098251775759e-06, 1.2800e+02, 0.0000e+00, 
 2DIAGNOSTIC,    15, -5.660224156640e-01, 1.982973232756e-06, 1.2800e+02, 0.0000e+00, 
 2DIAGNOSTIC,    16, -5.660224339559e-01, 1.885464635462e-06, 1.2800e+02, 0.0000e+00, 
 2DIAGNOSTIC,    17, -5.660224668995e-01, 1.797027626767e-06, 1.2800e+02, 0.0000e+00, 
 2DIAGNOSTIC,    18, -5.660224875790e-01, 1.723443852276e-06, 1.2800e+02, 0.0000e+00, 
 2DIAGNOSTIC,    19, -5.660223658310e-01, 1.644112885599e-06, 1.2800e+02, 0.0000e+00, 
 2DIAGNOSTIC,    20, -5.660224211147e-01, 1.568573443772e-06, 2.5600e+02, 1.2800e+02, 
 2DIAGNOSTIC,    21, -5.660224853566e-01, 1.502595402908e-06, 2.5600e+02, 0.0000e+00, 
 2DIAGNOSTIC,    22, -5.660223065911e-01, 1.437661827412e-06, 2.5600e+02, 0.0000e+00, 
 2DIAGNOSTIC,    23, -5.660222713079e-01, 1.376088515706e-06, 2.5600e+02, 0.0000e+00, 
 2DIAGNOSTIC,    24, -5.660219634671e-01, 1.311497629240e-06, 2.5600e+02, 0.0000e+00, 
 2DIAGNOSTIC,    25, -5.660220357464e-01, 1.252818576873e-06, 2.5600e+02, 0.0000e+00, 
 2DIAGNOSTIC,    26, -5.660221835281e-01, 1.203580734237e-06, 2.5600e+02, 0.0000e+00, 
 2DIAGNOSTIC,    27, -5.660220976739e-01, 1.158813518448e-06, 2.5600e+02, 0.0000e+00, 
 2DIAGNOSTIC,    28, -5.660220545812e-01, 1.118953716593e-06, 2.5600e+02, 0.0000e+00, 
 2DIAGNOSTIC,    29, -5.660218890597e-01, 1.078601825827e-06, 2.5600e+02, 0.0000e+00, 
 2DIAGNOSTIC,    30, -5.660217923283e-01, 1.041983017688e-06, 2.5600e+02, 0.0000e+00, 
 2DIAGNOSTIC,    31, -5.660217097415e-01, 1.009166666142e-06, 2.5600e+02, 0.0000e+00, 
  Elapsed time (stage 0): 2.5600e+02


Total elapsed time: 2.5600e+02
Info [verificarlo]: loaded backend libinterflop_vprec.so
Info [interflop-vprec]: load backend with: 
Info [interflop-vprec]: precision-binary32 = 23
Info [interflop-vprec]: range-binary32 = 8
Info [interflop-vprec]: precision-binary64 = 23
Info [interflop-vprec]: range-binary64 = 8
Info [interflop-vprec]: mode = ob
Info [interflop-vprec]: error-mode = rel
Info [interflop-vprec]: max-abs-error-exponent = -1022
Info [interflop-vprec]: daz = false
Info [interflop-vprec]: ftz = false
Info [interflop-vprec]: 	instrument = none
Info [interflop-vprec]: 	prec-input-file = (null)
Info [interflop-vprec]: 	prec-output-file = (null)
Info [interflop-vprec]: 	prec-log-file = (null)
All_Command_lines_OK
Using double precision for computations.
=============================================================================
The composite transform comprises the following transforms (in order): 
  1. /home/mdugre/scratch/mri-registration-rp/datasets/ds004513/derivatives/mri-registration-rp/1111/antsRegistration-r8-p23/sub-s017/affine_Composite.h5[0] (type = Euler3DTransform)
  2. /home/mdugre/scratch/mri-registration-rp/datasets/ds004513/derivatives/mri-registration-rp/1111/antsRegistration-r8-p23/sub-s017/affine_Composite.h5[1] (type = Euler3DTransform)
  3. /home/mdugre/scratch/mri-registration-rp/datasets/ds004513/derivatives/mri-registration-rp/1111/antsRegistration-r8-p23/sub-s017/affine_Composite.h5[2] (type = Euler3DTransform)
  4. /home/mdugre/scratch/mri-registration-rp/datasets/ds004513/derivatives/mri-registration-rp/1111/antsRegistration-r8-p23/sub-s017/affine_Composite.h5[3] (type = AffineTransform)
=============================================================================
  number of levels = 4
  fixed image: /templateflow/tpl-MNI152NLin2009cAsym/tpl-MNI152NLin2009cAsym_res-01_desc-brain_T1w.nii.gz
  moving image: /home/mdugre/scratch/mri-registration-rp/datasets/ds004513/derivatives/mri-registration-rp/antsBrainExtraction/sub-s017/BrainExtractionBrain.nii.gz
Dimension = 3
Number of stages = 1
Use histogram matching = false
Winsorize image intensities = true
  Lower quantile = 0.005
  Upper quantile = 0.995


Stage 1 State
   Image metric = CC
     Fixed image = Image (0x52116f0)
  RTTI typeinfo:   itk::Image<double, 3u>
  Reference Count: 2
  Modified Time: 1608
  Debug: Off
  Object Name: 
  Observers: 
    none
  Source: (none)
  Source output name: (none)
  Release Data: Off
  Data Released: False
  Global Release Data: Off
  PipelineMTime: 0
  UpdateMTime: 1217
  RealTimeStamp: 0 seconds 
  LargestPossibleRegion: 
    Dimension: 3
    Index: [0, 0, 0]
    Size: [193, 229, 193]
