
##########################
# Experiment information #
##########################

EXPERIMENT_NAME: antsRegistration-r8-p20
VFC_BACKENDS: libinterflop_vprec.so --range-binary32=8 --precision-binary32=20 --range-binary64=8 --precision-binary64=20

SIF_IMG: /home/mdugre/projects/rrg-glatard/mdugre/containers/ants-vprec-no_metrics.simg

SUBJECT_ID: s032
INPUT_IMG: /home/mdugre/scratch/mri-registration-rp/datasets/ds004513/derivatives/mri-registration-rp/antsBrainExtraction/sub-s032/BrainExtractionBrain.nii.gz
OUTPUT_DIR: /home/mdugre/scratch/mri-registration-rp/datasets/ds004513/derivatives/mri-registration-rp/1111/antsRegistration-r8-p20/sub-s032

FIXED_IMG: /templateflow/tpl-MNI152NLin2009cAsym/tpl-MNI152NLin2009cAsym_res-01_desc-brain_T1w.nii.gz
DATA_DIR: /home/mdugre/scratch/mri-registration-rp/datasets/ds004513
TEMPLATEFLOW_DIR: /home/mdugre/projects/rrg-glatard/mdugre/templateflow
ITK_GLOBAL_DEFAULT_NUMBER_OF_THREADS: 16
##########################

Info [verificarlo]: loaded backend libinterflop_vprec.so
Info [interflop-vprec]: load backend with: 
Info [interflop-vprec]: precision-binary32 = 20
Info [interflop-vprec]: range-binary32 = 8
Info [interflop-vprec]: precision-binary64 = 20
Info [interflop-vprec]: range-binary64 = 8
Info [interflop-vprec]: mode = ob
Info [interflop-vprec]: error-mode = rel
Info [interflop-vprec]: max-abs-error-exponent = -1022
Info [interflop-vprec]: daz = false
Info [interflop-vprec]: ftz = false
Info [interflop-vprec]: 	instrument = none
Info [interflop-vprec]: 	prec-input-file = (null)
Info [interflop-vprec]: 	prec-output-file = (null)
Info [interflop-vprec]: 	prec-log-file = (null)
All_Command_lines_OK
Using double precision for computations.
=============================================================================
The composite transform comprises the following transforms (in order): 
  1. Center of mass alignment using fixed image: /templateflow/tpl-MNI152NLin2009cAsym/tpl-MNI152NLin2009cAsym_res-01_desc-brain_T1w.nii.gz and moving image: /home/mdugre/scratch/mri-registration-rp/datasets/ds004513/derivatives/mri-registration-rp/antsBrainExtraction/sub-s032/BrainExtractionBrain.nii.gz (type = Euler3DTransform)
=============================================================================
  number of levels = 1
  fixed image: /templateflow/tpl-MNI152NLin2009cAsym/tpl-MNI152NLin2009cAsym_res-01_desc-brain_T1w.nii.gz
  moving image: /home/mdugre/scratch/mri-registration-rp/datasets/ds004513/derivatives/mri-registration-rp/antsBrainExtraction/sub-s032/BrainExtractionBrain.nii.gz
Dimension = 3
Number of stages = 1
Use histogram matching = false
Winsorize image intensities = true
  Lower quantile = 0.005
  Upper quantile = 0.995


Stage 1 State
   Image metric = MattesMI
     Fixed image = Image (0x41f0b20)
  RTTI typeinfo:   itk::Image<double, 3u>
  Reference Count: 2
  Modified Time: 2330
  Debug: Off
  Object Name: 
  Observers: 
    none
  Source: (none)
  Source output name: (none)
  Release Data: Off
  Data Released: False
  Global Release Data: Off
  PipelineMTime: 0
  UpdateMTime: 1941
  RealTimeStamp: 0 seconds 
  LargestPossibleRegion: 
    Dimension: 3
    Index: [0, 0, 0]
    Size: [193, 229, 193]
  BufferedRegion: 
    Dimension: 3
    Index: [0, 0, 0]
    Size: [193, 229, 193]
  RequestedRegion: 
    Dimension: 3
    Index: [0, 0, 0]
    Size: [193, 229, 193]
  Spacing: [1, 1, 1]
  Origin: [96, 132, -78]
  Direction: 
-1 0 0
0 -1 0
0 0 1

  IndexToPointMatrix: 
-1 0 0
0 -1 0
0 0 1

  PointToIndexMatrix: 
-1 0 0
0 -1 0
0 0 1

  Inverse Direction: 
-1 0 0
0 -1 0
0 0 1

  PixelContainer: 
    ImportImageContainer (0x431c650)
      RTTI typeinfo:   itk::ImportImageContainer<unsigned long, double>
      Reference Count: 1
      Modified Time: 1938
      Debug: Off
      Object Name: 
      Observers: 
        none
      Pointer: 0x14c0bc066010
      Container manages memory: true
      Size: 8530021
      Capacity: 8530021

     Moving image = Image (0x41f9240)
  RTTI typeinfo:   itk::Image<double, 3u>
  Reference Count: 2
  Modified Time: 2331
  Debug: Off
  Object Name: 
  Observers: 
    none
  Source: (none)
  Source output name: (none)
  Release Data: Off
  Data Released: False
  Global Release Data: Off
  PipelineMTime: 0
  UpdateMTime: 2328
  RealTimeStamp: 0 seconds 
  LargestPossibleRegion: 
    Dimension: 3
    Index: [0, 0, 0]
    Size: [160, 240, 256]
  BufferedRegion: 
    Dimension: 3
    Index: [0, 0, 0]
    Size: [160, 240, 256]
  RequestedRegion: 
    Dimension: 3
    Index: [0, 0, 0]
    Size: [160, 240, 256]
  Spacing: [1, 1, 1]
  Origin: [73.2791, 104.707, -131.187]
  Direction: 
-0.997527 0.0645574 -0.0278053
-0.0645323 -0.997914 -0.00179875
-0.0278634 4.01097e-08 0.999612

  IndexToPointMatrix: 
-0.997527 0.0645574 -0.0278053
-0.0645323 -0.997914 -0.00179875
-0.0278634 4.01097e-08 0.999612

  PointToIndexMatrix: 
-0.997526 -0.0645323 -0.0278634
0.0645574 -0.997914 4.00469e-08
-0.0278053 -0.00179875 0.999612

  Inverse Direction: 
-0.997526 -0.0645323 -0.0278634
0.0645574 -0.997914 4.00469e-08
-0.0278053 -0.00179875 0.999612

  PixelContainer: 
    ImportImageContainer (0x4306b90)
      RTTI typeinfo:   itk::ImportImageContainer<unsigned long, double>
      Reference Count: 1
      Modified Time: 2325
      Debug: Off
      Object Name: 
      Observers: 
        none
      Pointer: 0x14c0b7565010
      Container manages memory: true
      Size: 9830400
      Capacity: 9830400

     Weighting = 1
     Sampling strategy = regular
     Number of bins = 32
     Radius = 4
     Sampling percentage  = 0.25
   Transform = Rigid
     Gradient step = 0.1
     Update field sigma (voxel space) = 0
     Total field sigma (voxel space) = 0
     Update field time sigma = 0
     Total field time sigma  = 0
     Number of time indices = 0
     Number of time point samples = 0
Registration using 1 total stages.

Stage 0
  iterations = 0
  convergence threshold = 1e-06
  convergence window size = 10
  number of levels = 1
  using the Mattes MI metric (number of bins = 32, weight = 1, use gradient filter = 0)
  preprocessing:  winsorizing the image intensities
  Shrink factors (level 1 out of 1): [1, 1, 1]
  smoothing sigmas per level: [0]
  regular sampling (percentage = 0.25)

*** Running Euler3DTransform registration ***

  Elapsed time (stage 0): 0


Total elapsed time: 0
Info [verificarlo]: loaded backend libinterflop_vprec.so
Info [interflop-vprec]: load backend with: 
Info [interflop-vprec]: precision-binary32 = 20
Info [interflop-vprec]: range-binary32 = 8
Info [interflop-vprec]: precision-binary64 = 20
Info [interflop-vprec]: range-binary64 = 8
Info [interflop-vprec]: mode = ob
Info [interflop-vprec]: error-mode = rel
Info [interflop-vprec]: max-abs-error-exponent = -1022
Info [interflop-vprec]: daz = false
Info [interflop-vprec]: ftz = false
Info [interflop-vprec]: 	instrument = none
Info [interflop-vprec]: 	prec-input-file = (null)
Info [interflop-vprec]: 	prec-output-file = (null)
Info [interflop-vprec]: 	prec-log-file = (null)
All_Command_lines_OK
Using double precision for computations.
=============================================================================
The composite transform comprises the following transforms (in order): 
  1. /home/mdugre/scratch/mri-registration-rp/datasets/ds004513/derivatives/mri-registration-rp/1111/antsRegistration-r8-p20/sub-s032/align_Composite.h5[0] (type = Euler3DTransform)
  2. /home/mdugre/scratch/mri-registration-rp/datasets/ds004513/derivatives/mri-registration-rp/1111/antsRegistration-r8-p20/sub-s032/align_Composite.h5[1] (type = Euler3DTransform)
=============================================================================
  number of levels = 4
  fixed image: /templateflow/tpl-MNI152NLin2009cAsym/tpl-MNI152NLin2009cAsym_res-01_desc-brain_T1w.nii.gz
  moving image: /home/mdugre/scratch/mri-registration-rp/datasets/ds004513/derivatives/mri-registration-rp/antsBrainExtraction/sub-s032/BrainExtractionBrain.nii.gz
Dimension = 3
Number of stages = 1
Use histogram matching = false
Winsorize image intensities = true
  Lower quantile = 0.005
  Upper quantile = 0.995


Stage 1 State
   Image metric = MattesMI
     Fixed image = Image (0x52411e0)
  RTTI typeinfo:   itk::Image<double, 3u>
  Reference Count: 2
  Modified Time: 1578
  Debug: Off
  Object Name: 
  Observers: 
    none
  Source: (none)
  Source output name: (none)
  Release Data: Off
  Data Released: False
  Global Release Data: Off
  PipelineMTime: 0
  UpdateMTime: 1189
  RealTimeStamp: 0 seconds 
  LargestPossibleRegion: 
    Dimension: 3
    Index: [0, 0, 0]
    Size: [193, 229, 193]
  BufferedRegion: 
    Dimension: 3
    Index: [0, 0, 0]
    Size: [193, 229, 193]
  RequestedRegion: 
    Dimension: 3
    Index: [0, 0, 0]
    Size: [193, 229, 193]
  Spacing: [1, 1, 1]
  Origin: [96, 132, -78]
  Direction: 
-1 0 0
0 -1 0
0 0 1

  IndexToPointMatrix: 
-1 0 0
0 -1 0
0 0 1

  PointToIndexMatrix: 
-1 0 0
0 -1 0
0 0 1

  Inverse Direction: 
-1 0 0
0 -1 0
0 0 1

  PixelContainer: 
    ImportImageContainer (0x53006f0)
      RTTI typeinfo:   itk::ImportImageContainer<unsigned long, double>
      Reference Count: 1
      Modified Time: 1186
      Debug: Off
      Object Name: 
      Observers: 
        none
      Pointer: 0x14dc592eb010
      Container manages memory: true
      Size: 8530021
      Capacity: 8530021

     Moving image = Image (0x52fcc90)
  RTTI typeinfo:   itk::Image<double, 3u>
  Reference Count: 2
  Modified Time: 1579
  Debug: Off
  Object Name: 
  Observers: 
    none
  Source: (none)
  Source output name: (none)
  Release Data: Off
  Data Released: False
  Global Release Data: Off
  PipelineMTime: 0
  UpdateMTime: 1576
  RealTimeStamp: 0 seconds 
  LargestPossibleRegion: 
    Dimension: 3
    Index: [0, 0, 0]
    Size: [160, 240, 256]
  BufferedRegion: 
    Dimension: 3
    Index: [0, 0, 0]
    Size: [160, 240, 256]
  RequestedRegion: 
    Dimension: 3
    Index: [0, 0, 0]
    Size: [160, 240, 256]
  Spacing: [1, 1, 1]
  Origin: [73.2791, 104.707, -131.187]
  Direction: 
-0.997527 0.0645574 -0.0278053
-0.0645323 -0.997914 -0.00179875
-0.0278634 4.01097e-08 0.999612

  IndexToPointMatrix: 
-0.997527 0.0645574 -0.0278053
-0.0645323 -0.997914 -0.00179875
-0.0278634 4.01097e-08 0.999612

  PointToIndexMatrix: 
-0.997526 -0.0645323 -0.0278634
0.0645574 -0.997914 4.00469e-08
-0.0278053 -0.00179875 0.999612

  Inverse Direction: 
-0.997526 -0.0645323 -0.0278634
0.0645574 -0.997914 4.00469e-08
-0.0278053 -0.00179875 0.999612

  PixelContainer: 
    ImportImageContainer (0x52bf010)
      RTTI typeinfo:   itk::ImportImageContainer<unsigned long, double>
      Reference Count: 1
      Modified Time: 1573
      Debug: Off
      Object Name: 
      Observers: 
        none
      Pointer: 0x14dc547ea010
      Container manages memory: true
      Size: 9830400
      Capacity: 9830400

     Weighting = 1
     Sampling strategy = regular
     Number of bins = 32
     Radius = 4
     Sampling percentage  = 0.25
   Transform = Rigid
     Gradient step = 0.1
     Update field sigma (voxel space) = 0
     Total field sigma (voxel space) = 0
     Update field time sigma = 0
     Total field time sigma  = 0
     Number of time indices = 0
     Number of time point samples = 0
Registration using 1 total stages.

Stage 0
  iterations = 1000x500x250x100
  convergence threshold = 1e-06
  convergence window size = 10
  number of levels = 4
  using the Mattes MI metric (number of bins = 32, weight = 1, use gradient filter = 0)
  preprocessing:  winsorizing the image intensities
  Shrink factors (level 1 out of 4): [8, 8, 8]
  Shrink factors (level 2 out of 4): [4, 4, 4]
  Shrink factors (level 3 out of 4): [2, 2, 2]
  Shrink factors (level 4 out of 4): [1, 1, 1]
  smoothing sigmas per level: [3, 2, 1, 0]
  regular sampling (percentage = 0.25)

*** Running Euler3DTransform registration ***

DIAGNOSTIC,Iteration,metricValue,convergenceValue,ITERATION_TIME_INDEX,SINCE_LAST
 2DIAGNOSTIC,     1, -5.372707844291e-01, 1.797693134862e+308, 0.0000e+00, 0.0000e+00, 
 2DIAGNOSTIC,     2, -5.400198697263e-01, 1.797693134862e+308, 0.0000e+00, 0.0000e+00, 
 2DIAGNOSTIC,     3, -5.444126635105e-01, 1.797693134862e+308, 0.0000e+00, 0.0000e+00, 
 2DIAGNOSTIC,     4, -5.511317261745e-01, 1.797693134862e+308, 0.0000e+00, 0.0000e+00, 
 2DIAGNOSTIC,     5, -5.591709209745e-01, 1.797693134862e+308, 0.0000e+00, 0.0000e+00, 
 2DIAGNOSTIC,     6, -5.755060988964e-01, 1.797693134862e+308, 0.0000e+00, 0.0000e+00, 
 2DIAGNOSTIC,     7, -6.013113057629e-01, 1.797693134862e+308, 0.0000e+00, 0.0000e+00, 
 2DIAGNOSTIC,     8, -6.219408216478e-01, 1.797693134862e+308, 0.0000e+00, 0.0000e+00, 
 2DIAGNOSTIC,     9, -6.330839965805e-01, 1.797693134862e+308, 0.0000e+00, 0.0000e+00, 
 2DIAGNOSTIC,    10, -6.413447624790e-01, 1.302276379426e-02, 0.0000e+00, 0.0000e+00, 
 2DIAGNOSTIC,    11, -6.437620651835e-01, 1.232200948088e-02, 0.0000e+00, 0.0000e+00, 
 2DIAGNOSTIC,    12, -6.454805321313e-01, 1.081818341892e-02, 0.0000e+00, 0.0000e+00, 
 2DIAGNOSTIC,    13, -6.472982420210e-01, 8.814081365014e-03, 0.0000e+00, 0.0000e+00, 
 2DIAGNOSTIC,    14, -6.484225132830e-01, 6.592049107409e-03, 0.0000e+00, 0.0000e+00, 
 2DIAGNOSTIC,    15, -6.520465145457e-01, 4.455663992169e-03, 0.0000e+00, 0.0000e+00, 
 2DIAGNOSTIC,    16, -6.538429330608e-01, 2.718282378241e-03, 0.0000e+00, 0.0000e+00, 
 2DIAGNOSTIC,    17, -6.553521204999e-01, 1.691530571397e-03, 0.0000e+00, 0.0000e+00, 
 2DIAGNOSTIC,    18, -6.571426489129e-01, 1.205585142159e-03, 0.0000e+00, 0.0000e+00, 
 2DIAGNOSTIC,    19, -6.579980767752e-01, 9.500998972223e-04, 0.0000e+00, 0.0000e+00, 
 2DIAGNOSTIC,    20, -6.584615174303e-01, 8.336417197412e-04, 0.0000e+00, 0.0000e+00, 
 2DIAGNOSTIC,    21, -6.585990486036e-01, 7.069550184446e-04, 0.0000e+00, 0.0000e+00, 
 2DIAGNOSTIC,    22, -6.589986102137e-01, 5.708871612222e-04, 0.0000e+00, 0.0000e+00, 
 2DIAGNOSTIC,    23, -6.595668681769e-01, 4.416203493715e-04, 0.0000e+00, 0.0000e+00, 
 2DIAGNOSTIC,    24, -6.596912726062e-01, 3.046066791968e-04, 0.0000e+00, 0.0000e+00, 
 2DIAGNOSTIC,    25, -6.597204489265e-01, 2.171163135827e-04, 0.0000e+00, 0.0000e+00, 
 2DIAGNOSTIC,    26, -6.596452125578e-01, 1.464525925893e-04, 0.0000e+00, 0.0000e+00, 
 2DIAGNOSTIC,    27, -6.596785736911e-01, 9.288081480049e-05, 0.0000e+00, 0.0000e+00, 
 2DIAGNOSTIC,    28, -6.597791882632e-01, 6.475553612571e-05, 0.0000e+00, 0.0000e+00, 
 2DIAGNOSTIC,    29, -6.597400652702e-01, 4.517032674410e-05, 0.0000e+00, 0.0000e+00, 
 2DIAGNOSTIC,    30, -6.597598336076e-01, 3.023909151975e-05, 0.0000e+00, 0.0000e+00, 
 2DIAGNOSTIC,    31, -6.597600373631e-01, 1.554637944397e-05, 0.0000e+00, 0.0000e+00, 
 2DIAGNOSTIC,    32, -6.597600481463e-01, 5.836722388027e-06, 0.0000e+00, 0.0000e+00, 
 2DIAGNOSTIC,    33, -6.597601099614e-01, 3.935200740851e-06, 0.0000e+00, 0.0000e+00, 
 2DIAGNOSTIC,    34, -6.597599988619e-01, 3.497612743063e-06, 0.0000e+00, 0.0000e+00, 
 2DIAGNOSTIC,    35, -6.597598735871e-01, 3.269455966202e-06, 0.0000e+00, 0.0000e+00, 
 2DIAGNOSTIC,    36, -6.597595950058e-01, 1.889865854653e-06, 0.0000e+00, 0.0000e+00, 
DIAGNOSTIC,Iteration,metricValue,convergenceValue,ITERATION_TIME_INDEX,SINCE_LAST
 2DIAGNOSTIC,     1, -5.171650134949e-01, 1.797693134862e+308, 0.0000e+00, 0.0000e+00, 
 2DIAGNOSTIC,     2, -5.178752224070e-01, 1.797693134862e+308, 0.0000e+00, 0.0000e+00, 
 2DIAGNOSTIC,     3, -5.188969538698e-01, 1.797693134862e+308, 0.0000e+00, 0.0000e+00, 
 2DIAGNOSTIC,     4, -5.196479239713e-01, 1.797693134862e+308, 0.0000e+00, 0.0000e+00, 
 2DIAGNOSTIC,     5, -5.201115714683e-01, 1.797693134862e+308, 0.0000e+00, 0.0000e+00, 
 2DIAGNOSTIC,     6, -5.207139701945e-01, 1.797693134862e+308, 0.0000e+00, 0.0000e+00, 
 2DIAGNOSTIC,     7, -5.218191680271e-01, 1.797693134862e+308, 0.0000e+00, 0.0000e+00, 
 2DIAGNOSTIC,     8, -5.242042104375e-01, 1.797693134862e+308, 0.0000e+00, 0.0000e+00, 
 2DIAGNOSTIC,     9, -5.250084454726e-01, 1.797693134862e+308, 0.0000e+00, 0.0000e+00, 
 2DIAGNOSTIC,    10, -5.251065371141e-01, 1.040234723089e-03, 0.0000e+00, 0.0000e+00, 
 2DIAGNOSTIC,    11, -5.266955912797e-01, 9.986992614432e-04, 0.0000e+00, 0.0000e+00, 
 2DIAGNOSTIC,    12, -5.297762272142e-01, 1.043071567458e-03, 0.0000e+00, 0.0000e+00, 
 2DIAGNOSTIC,    13, -5.315461395655e-01, 1.098082010329e-03, 0.0000e+00, 0.0000e+00, 
 2DIAGNOSTIC,    14, -5.321046602750e-01, 1.096464397822e-03, 0.0000e+00, 0.0000e+00, 
 2DIAGNOSTIC,    15, -5.323717843367e-01, 1.024548301878e-03, 0.0000e+00, 0.0000e+00, 
 2DIAGNOSTIC,    16, -5.324528329301e-01, 8.911942075757e-04, 0.0000e+00, 0.0000e+00, 
 2DIAGNOSTIC,    17, -5.326659420186e-01, 7.303514480514e-04, 0.0000e+00, 0.0000e+00, 
 2DIAGNOSTIC,    18, -5.339150961104e-01, 6.282580412648e-04, 0.0000e+00, 0.0000e+00, 
 2DIAGNOSTIC,    19, -5.397116547784e-01, 6.668516177694e-04, 0.0000e+00, 0.0000e+00, 
 2DIAGNOSTIC,    20, -5.417388069331e-01, 6.933210756952e-04, 0.0000e+00, 0.0000e+00, 
 2DIAGNOSTIC,    21, -5.421264394540e-01, 7.027655545549e-04, 0.0000e+00, 0.0000e+00, 
 2DIAGNOSTIC,    22, -5.426403741644e-01, 7.352195909910e-04, 0.0000e+00, 0.0000e+00, 
 2DIAGNOSTIC,    23, -5.484537858563e-01, 8.721177293013e-04, 0.0000e+00, 0.0000e+00, 
 2DIAGNOSTIC,    24, -5.577006182027e-01, 1.127923663637e-03, 0.0000e+00, 0.0000e+00, 
 2DIAGNOSTIC,    25, -5.603072634971e-01, 1.313114993650e-03, 0.0000e+00, 0.0000e+00, 
 2DIAGNOSTIC,    26, -5.655746701435e-01, 1.473844448798e-03, 0.0000e+00, 0.0000e+00, 
 2DIAGNOSTIC,    27, -5.657278527052e-01, 1.492091525887e-03, 0.0000e+00, 0.0000e+00, 
 2DIAGNOSTIC,    28, -5.657210915868e-01, 1.388991044212e-03, 0.0000e+00, 0.0000e+00, 
 2DIAGNOSTIC,    29, -5.657737512955e-01, 1.266783729546e-03, 0.0000e+00, 0.0000e+00, 
 2DIAGNOSTIC,    30, -5.659134239888e-01, 1.071748345283e-03, 0.0000e+00, 0.0000e+00, 
 2DIAGNOSTIC,    31, -5.661158828422e-01, 8.005683699963e-04, 0.0000e+00, 0.0000e+00, 
 2DIAGNOSTIC,    32, -5.666362226174e-01, 4.879338234171e-04, 0.0000e+00, 0.0000e+00, 
 2DIAGNOSTIC,    33, -5.668663578468e-01, 2.429063058469e-04, 0.0000e+00, 0.0000e+00, 
 2DIAGNOSTIC,    34, -5.668732544099e-01, 1.329557046110e-04, 0.0000e+00, 0.0000e+00, 
 2DIAGNOSTIC,    35, -5.668791374859e-01, 5.410318650635e-05, 0.0000e+00, 0.0000e+00, 
 2DIAGNOSTIC,    36, -5.668742837699e-01, 5.130445445891e-05, 0.0000e+00, 0.0000e+00, 
 2DIAGNOSTIC,    37, -5.668685233243e-01, 4.586156236509e-05, 0.0000e+00, 0.0000e+00, 
 2DIAGNOSTIC,    38, -5.668537197275e-01, 3.611320229269e-05, 0.0000e+00, 0.0000e+00, 
 2DIAGNOSTIC,    39, -5.668471044234e-01, 2.423011049760e-05, 0.0000e+00, 0.0000e+00, 
 2DIAGNOSTIC,    40, -5.668409974485e-01, 1.253238916830e-05, 0.0000e+00, 0.0000e+00, 
 2DIAGNOSTIC,    41, -5.668364410460e-01, 2.673808638616e-06, 0.0000e+00, 0.0000e+00, 
DIAGNOSTIC,Iteration,metricValue,convergenceValue,ITERATION_TIME_INDEX,SINCE_LAST
 2DIAGNOSTIC,     1, -5.014587063399e-01, 1.797693134862e+308, 0.0000e+00, 0.0000e+00, 
 2DIAGNOSTIC,     2, -5.016660742455e-01, 1.797693134862e+308, 0.0000e+00, 0.0000e+00, 
 2DIAGNOSTIC,     3, -5.018761022277e-01, 1.797693134862e+308, 0.0000e+00, 0.0000e+00, 
 2DIAGNOSTIC,     4, -5.019892808519e-01, 1.797693134862e+308, 0.0000e+00, 0.0000e+00, 
 2DIAGNOSTIC,     5, -5.020732306748e-01, 1.797693134862e+308, 0.0000e+00, 0.0000e+00, 
 2DIAGNOSTIC,     6, -5.022165703882e-01, 1.797693134862e+308, 0.0000e+00, 0.0000e+00, 
 2DIAGNOSTIC,     7, -5.022267449204e-01, 1.797693134862e+308, 0.0000e+00, 0.0000e+00, 
 2DIAGNOSTIC,     8, -5.022263597978e-01, 1.797693134862e+308, 0.0000e+00, 0.0000e+00, 
 2DIAGNOSTIC,     9, -5.022213857249e-01, 1.797693134862e+308, 0.0000e+00, 0.0000e+00, 
 2DIAGNOSTIC,    10, -5.022210719375e-01, 9.534582607228e-05, 0.0000e+00, 0.0000e+00, 
 2DIAGNOSTIC,    11, -5.022194989660e-01, 5.903692571417e-05, 0.0000e+00, 0.0000e+00, 
 2DIAGNOSTIC,    12, -5.022183797652e-01, 3.328686857861e-05, 0.0000e+00, 0.0000e+00, 
 2DIAGNOSTIC,    13, -5.022191689202e-01, 1.791793852551e-05, 0.0000e+00, 0.0000e+00, 
 2DIAGNOSTIC,    14, -5.022188932499e-01, 7.885452527473e-06, 0.0000e+00, 0.0000e+00, 
 2DIAGNOSTIC,    15, -5.022184382860e-01, 1.679851564171e-06, 0.0000e+00, 0.0000e+00, 
 2DIAGNOSTIC,    16, -5.022186596406e-01, 1.358149628289e-06, 0.0000e+00, 0.0000e+00, 
 2DIAGNOSTIC,    17, -5.022187821761e-01, 1.473610918332e-06, 0.0000e+00, 0.0000e+00, 
 2DIAGNOSTIC,    18, -5.022182277129e-01, 1.586532331586e-06, 0.0000e+00, 0.0000e+00, 
 2DIAGNOSTIC,    19, -5.022177716687e-01, 1.542482554143e-06, 0.0000e+00, 0.0000e+00, 
 2DIAGNOSTIC,    20, -5.022180248640e-01, 1.515135726798e-06, 0.0000e+00, 0.0000e+00, 
 2DIAGNOSTIC,    21, -5.022186914771e-01, 1.473380066237e-06, 0.0000e+00, 0.0000e+00, 
 2DIAGNOSTIC,    22, -5.022176733181e-01, 1.382859001343e-06, 0.0000e+00, 0.0000e+00, 
 2DIAGNOSTIC,    23, -5.022179814712e-01, 1.334580443914e-06, 0.0000e+00, 0.0000e+00, 
 2DIAGNOSTIC,    24, -5.022190262425e-01, 1.313430096690e-06, 0.0000e+00, 0.0000e+00, 
 2DIAGNOSTIC,    25, -5.022209358905e-01, 1.326668857507e-06, 0.0000e+00, 0.0000e+00, 
 2DIAGNOSTIC,    26, -5.022207769085e-01, 1.333806561310e-06, 0.0000e+00, 0.0000e+00, 
 2DIAGNOSTIC,    27, -5.022209468978e-01, 1.337709023247e-06, 0.0000e+00, 0.0000e+00, 
 2DIAGNOSTIC,    28, -5.022211150923e-01, 1.319436822765e-06, 0.0000e+00, 0.0000e+00, 
 2DIAGNOSTIC,    29, -5.022219968400e-01, 1.292524615025e-06, 0.0000e+00, 0.0000e+00, 
 2DIAGNOSTIC,    30, -5.022213478437e-01, 1.239918007684e-06, 0.0000e+00, 0.0000e+00, 
 2DIAGNOSTIC,    31, -5.022210103512e-01, 1.181143674825e-06, 0.0000e+00, 0.0000e+00, 
 2DIAGNOSTIC,    32, -5.022218776670e-01, 1.109564083210e-06, 0.0000e+00, 0.0000e+00, 
 2DIAGNOSTIC,    33, -5.022230926505e-01, 1.056557914221e-06, 0.0000e+00, 0.0000e+00, 
 2DIAGNOSTIC,    34, -5.022231862254e-01, 1.015239128675e-06, 0.0000e+00, 0.0000e+00, 
DIAGNOSTIC,Iteration,metricValue,convergenceValue,ITERATION_TIME_INDEX,SINCE_LAST
 2DIAGNOSTIC,     1, -4.666363650094e-01, 1.797693134862e+308, 0.0000e+00, 0.0000e+00, 
 2DIAGNOSTIC,     2, -4.667056025483e-01, 1.797693134862e+308, 0.0000e+00, 0.0000e+00, 
 2DIAGNOSTIC,     3, -4.667620373085e-01, 1.797693134862e+308, 0.0000e+00, 0.0000e+00, 
 2DIAGNOSTIC,     4, -4.668178589056e-01, 1.797693134862e+308, 0.0000e+00, 0.0000e+00, 
 2DIAGNOSTIC,     5, -4.668454139764e-01, 1.797693134862e+308, 0.0000e+00, 0.0000e+00, 
 2DIAGNOSTIC,     6, -4.668693341936e-01, 1.797693134862e+308, 0.0000e+00, 0.0000e+00, 
 2DIAGNOSTIC,     7, -4.668922161283e-01, 1.797693134862e+308, 0.0000e+00, 0.0000e+00, 
 2DIAGNOSTIC,     8, -4.668928253379e-01, 1.797693134862e+308, 0.0000e+00, 0.0000e+00, 
 2DIAGNOSTIC,     9, -4.668927884289e-01, 1.797693134862e+308, 0.0000e+00, 0.0000e+00, 
 2DIAGNOSTIC,    10, -4.668926901021e-01, 3.668773696738e-05, 0.0000e+00, 0.0000e+00, 
 2DIAGNOSTIC,    11, -4.668926826898e-01, 2.390976411397e-05, 0.0000e+00, 0.0000e+00, 
 2DIAGNOSTIC,    12, -4.668925035814e-01, 1.483136509743e-05, 0.0000e+00, 0.0000e+00, 
 2DIAGNOSTIC,    13, -4.668924912568e-01, 8.646906898918e-06, 0.0000e+00, 0.0000e+00, 
 2DIAGNOSTIC,    14, -4.668924417813e-01, 5.202501604296e-06, 0.0000e+00, 0.0000e+00, 
 2DIAGNOSTIC,    15, -4.668924319068e-01, 3.051639426474e-06, 0.0000e+00, 0.0000e+00, 
 2DIAGNOSTIC,    16, -4.668923455884e-01, 1.966506117473e-06, 0.0000e+00, 0.0000e+00, 
 2DIAGNOSTIC,    17, -4.668922987936e-01, 1.828290033451e-06, 0.0000e+00, 0.0000e+00, 
 2DIAGNOSTIC,    18, -4.668922871828e-01, 1.729676592517e-06, 0.0000e+00, 0.0000e+00, 
 2DIAGNOSTIC,    19, -4.668922556426e-01, 1.642736661554e-06, 0.0000e+00, 0.0000e+00, 
 2DIAGNOSTIC,    20, -4.668922417293e-01, 1.563987801330e-06, 0.0000e+00, 0.0000e+00, 
 2DIAGNOSTIC,    21, -4.668922005508e-01, 1.493996018918e-06, 0.0000e+00, 0.0000e+00, 
 2DIAGNOSTIC,    22, -4.668922189281e-01, 1.427922180726e-06, 0.0000e+00, 0.0000e+00, 
 2DIAGNOSTIC,    23, -4.668921723819e-01, 1.367723248054e-06, 1.0240e+03, 1.0240e+03, 
 2DIAGNOSTIC,    24, -4.668922061119e-01, 1.313603194247e-06, 1.0240e+03, 0.0000e+00, 
 2DIAGNOSTIC,    25, -4.668922602641e-01, 1.266049153972e-06, 1.0240e+03, 0.0000e+00, 
 2DIAGNOSTIC,    26, -4.668922279201e-01, 1.219982780125e-06, 1.0240e+03, 0.0000e+00, 
 2DIAGNOSTIC,    27, -4.668922285390e-01, 1.176679588599e-06, 1.0240e+03, 0.0000e+00, 
 2DIAGNOSTIC,    28, -4.668921855819e-01, 1.135467233827e-06, 1.0240e+03, 0.0000e+00, 
 2DIAGNOSTIC,    29, -4.668921142519e-01, 1.095021462116e-06, 1.0240e+03, 0.0000e+00, 
 2DIAGNOSTIC,    30, -4.668921244866e-01, 1.057419428997e-06, 1.0240e+03, 0.0000e+00, 
 2DIAGNOSTIC,    31, -4.668920800639e-01, 1.020816327441e-06, 1.0240e+03, 0.0000e+00, 
  Elapsed time (stage 0): 1.0240e+03


Total elapsed time: 1.0240e+03
Info [verificarlo]: loaded backend libinterflop_vprec.so
Info [interflop-vprec]: load backend with: 
Info [interflop-vprec]: precision-binary32 = 20
Info [interflop-vprec]: range-binary32 = 8
Info [interflop-vprec]: precision-binary64 = 20
Info [interflop-vprec]: range-binary64 = 8
Info [interflop-vprec]: mode = ob
Info [interflop-vprec]: error-mode = rel
Info [interflop-vprec]: max-abs-error-exponent = -1022
Info [interflop-vprec]: daz = false
Info [interflop-vprec]: ftz = false
Info [interflop-vprec]: 	instrument = none
Info [interflop-vprec]: 	prec-input-file = (null)
Info [interflop-vprec]: 	prec-output-file = (null)
Info [interflop-vprec]: 	prec-log-file = (null)
All_Command_lines_OK
Using double precision for computations.
=============================================================================
The composite transform comprises the following transforms (in order): 
  1. /home/mdugre/scratch/mri-registration-rp/datasets/ds004513/derivatives/mri-registration-rp/1111/antsRegistration-r8-p20/sub-s032/rigid_Composite.h5[0] (type = Euler3DTransform)
  2. /home/mdugre/scratch/mri-registration-rp/datasets/ds004513/derivatives/mri-registration-rp/1111/antsRegistration-r8-p20/sub-s032/rigid_Composite.h5[1] (type = Euler3DTransform)
  3. /home/mdugre/scratch/mri-registration-rp/datasets/ds004513/derivatives/mri-registration-rp/1111/antsRegistration-r8-p20/sub-s032/rigid_Composite.h5[2] (type = Euler3DTransform)
=============================================================================
  number of levels = 4
  fixed image: /templateflow/tpl-MNI152NLin2009cAsym/tpl-MNI152NLin2009cAsym_res-01_desc-brain_T1w.nii.gz
  moving image: /home/mdugre/scratch/mri-registration-rp/datasets/ds004513/derivatives/mri-registration-rp/antsBrainExtraction/sub-s032/BrainExtractionBrain.nii.gz
Dimension = 3
Number of stages = 1
Use histogram matching = false
Winsorize image intensities = true
  Lower quantile = 0.005
  Upper quantile = 0.995


Stage 1 State
   Image metric = MattesMI
     Fixed image = Image (0x4ee6490)
  RTTI typeinfo:   itk::Image<double, 3u>
  Reference Count: 2
  Modified Time: 1592
  Debug: Off
  Object Name: 
  Observers: 
    none
  Source: (none)
  Source output name: (none)
  Release Data: Off
  Data Released: False
  Global Release Data: Off
  PipelineMTime: 0
  UpdateMTime: 1203
  RealTimeStamp: 0 seconds 
  LargestPossibleRegion: 
    Dimension: 3
    Index: [0, 0, 0]
    Size: [193, 229, 193]
  BufferedRegion: 
    Dimension: 3
    Index: [0, 0, 0]
    Size: [193, 229, 193]
  RequestedRegion: 
    Dimension: 3
    Index: [0, 0, 0]
    Size: [193, 229, 193]
  Spacing: [1, 1, 1]
  Origin: [96, 132, -78]
  Direction: 
-1 0 0
0 -1 0
0 0 1

  IndexToPointMatrix: 
-1 0 0
0 -1 0
0 0 1

  PointToIndexMatrix: 
-1 0 0
0 -1 0
0 0 1

  Inverse Direction: 
-1 0 0
0 -1 0
0 0 1

  PixelContainer: 
    ImportImageContainer (0x4f5f8b0)
      RTTI typeinfo:   itk::ImportImageContainer<unsigned long, double>
      Reference Count: 1
      Modified Time: 1200
      Debug: Off
      Object Name: 
      Observers: 
        none
      Pointer: 0x14f3d5a00010
      Container manages memory: true
      Size: 8530021
      Capacity: 8530021

     Moving image = Image (0x4fb4a40)
  RTTI typeinfo:   itk::Image<double, 3u>
  Reference Count: 2
  Modified Time: 1593
  Debug: Off
  Object Name: 
  Observers: 
    none
  Source: (none)
  Source output name: (none)
  Release Data: Off
  Data Released: False
  Global Release Data: Off
  PipelineMTime: 0
  UpdateMTime: 1590
  RealTimeStamp: 0 seconds 
  LargestPossibleRegion: 
    Dimension: 3
    Index: [0, 0, 0]
    Size: [160, 240, 256]
  BufferedRegion: 
    Dimension: 3
    Index: [0, 0, 0]
    Size: [160, 240, 256]
  RequestedRegion: 
    Dimension: 3
    Index: [0, 0, 0]
    Size: [160, 240, 256]
  Spacing: [1, 1, 1]
  Origin: [73.2791, 104.707, -131.187]
  Direction: 
-0.997527 0.0645574 -0.0278053
-0.0645323 -0.997914 -0.00179875
-0.0278634 4.01097e-08 0.999612

  IndexToPointMatrix: 
-0.997527 0.0645574 -0.0278053
-0.0645323 -0.997914 -0.00179875
-0.0278634 4.01097e-08 0.999612

  PointToIndexMatrix: 
-0.997526 -0.0645323 -0.0278634
0.0645574 -0.997914 4.00469e-08
-0.0278053 -0.00179875 0.999612

  Inverse Direction: 
-0.997526 -0.0645323 -0.0278634
0.0645574 -0.997914 4.00469e-08
-0.0278053 -0.00179875 0.999612

  PixelContainer: 
    ImportImageContainer (0x4f63d50)
      RTTI typeinfo:   itk::ImportImageContainer<unsigned long, double>
      Reference Count: 1
      Modified Time: 1587
      Debug: Off
      Object Name: 
      Observers: 
        none
      Pointer: 0x14f3d0eff010
      Container manages memory: true
      Size: 9830400
      Capacity: 9830400

     Weighting = 1
     Sampling strategy = regular
     Number of bins = 32
     Radius = 4
     Sampling percentage  = 0.25
   Transform = Affine
     Gradient step = 0.1
     Update field sigma (voxel space) = 0
     Total field sigma (voxel space) = 0
     Update field time sigma = 0
     Total field time sigma  = 0
     Number of time indices = 0
     Number of time point samples = 0
Registration using 1 total stages.

Stage 0
  iterations = 1000x500x250x100
  convergence threshold = 1e-06
  convergence window size = 10
  number of levels = 4
  using the Mattes MI metric (number of bins = 32, weight = 1, use gradient filter = 0)
  preprocessing:  winsorizing the image intensities
  Shrink factors (level 1 out of 4): [8, 8, 8]
  Shrink factors (level 2 out of 4): [4, 4, 4]
  Shrink factors (level 3 out of 4): [2, 2, 2]
  Shrink factors (level 4 out of 4): [1, 1, 1]
  smoothing sigmas per level: [3, 2, 1, 0]
  regular sampling (percentage = 0.25)

*** Running AffineTransform registration ***

DIAGNOSTIC,Iteration,metricValue,convergenceValue,ITERATION_TIME_INDEX,SINCE_LAST
 2DIAGNOSTIC,     1, -6.843355373107e-01, 1.797693134862e+308, 0.0000e+00, 0.0000e+00, 
 2DIAGNOSTIC,     2, -6.861501531398e-01, 1.797693134862e+308, 0.0000e+00, 0.0000e+00, 
 2DIAGNOSTIC,     3, -6.890400956993e-01, 1.797693134862e+308, 0.0000e+00, 0.0000e+00, 
 2DIAGNOSTIC,     4, -6.946622264812e-01, 1.797693134862e+308, 0.0000e+00, 0.0000e+00, 
 2DIAGNOSTIC,     5, -7.033511040019e-01, 1.797693134862e+308, 0.0000e+00, 0.0000e+00, 
 2DIAGNOSTIC,     6, -7.126075573452e-01, 1.797693134862e+308, 0.0000e+00, 0.0000e+00, 
 2DIAGNOSTIC,     7, -7.194731894622e-01, 1.797693134862e+308, 0.0000e+00, 0.0000e+00, 
 2DIAGNOSTIC,     8, -7.244072585151e-01, 1.797693134862e+308, 0.0000e+00, 0.0000e+00, 
 2DIAGNOSTIC,     9, -7.272877543296e-01, 1.797693134862e+308, 0.0000e+00, 0.0000e+00, 
 2DIAGNOSTIC,    10, -7.306925253596e-01, 4.835364392308e-03, 0.0000e+00, 0.0000e+00, 
 2DIAGNOSTIC,    11, -7.353423978916e-01, 4.351274616789e-03, 0.0000e+00, 0.0000e+00, 
 2DIAGNOSTIC,    12, -7.364056954542e-01, 3.654183309984e-03, 0.0000e+00, 0.0000e+00, 
 2DIAGNOSTIC,    13, -7.366554524441e-01, 2.836683566439e-03, 0.0000e+00, 0.0000e+00, 
 2DIAGNOSTIC,    14, -7.375115702040e-01, 2.065527796679e-03, 0.0000e+00, 0.0000e+00, 
 2DIAGNOSTIC,    15, -7.376231258519e-01, 1.439615057410e-03, 0.0000e+00, 0.0000e+00, 
 2DIAGNOSTIC,    16, -7.376247921873e-01, 9.870908102570e-04, 0.0000e+00, 0.0000e+00, 
 2DIAGNOSTIC,    17, -7.377580423678e-01, 6.595535106622e-04, 0.0000e+00, 0.0000e+00, 
 2DIAGNOSTIC,    18, -7.377511293462e-01, 4.170515753293e-04, 0.0000e+00, 0.0000e+00, 
 2DIAGNOSTIC,    19, -7.380034510804e-01, 2.263884321495e-04, 0.0000e+00, 0.0000e+00, 
 2DIAGNOSTIC,    20, -7.384450213183e-01, 1.075372090783e-04, 0.0000e+00, 0.0000e+00, 
 2DIAGNOSTIC,    21, -7.385428905889e-01, 7.880718653949e-05, 0.0000e+00, 0.0000e+00, 
 2DIAGNOSTIC,    22, -7.388198510682e-01, 6.962533684504e-05, 0.0000e+00, 0.0000e+00, 
 2DIAGNOSTIC,    23, -7.391358246492e-01, 6.412572533381e-05, 0.0000e+00, 0.0000e+00, 
 2DIAGNOSTIC,    24, -7.392548223465e-01, 6.896592043899e-05, 0.0000e+00, 0.0000e+00, 
 2DIAGNOSTIC,    25, -7.392203669560e-01, 6.823789237398e-05, 0.0000e+00, 0.0000e+00, 
 2DIAGNOSTIC,    26, -7.393551047441e-01, 6.337979693046e-05, 0.0000e+00, 0.0000e+00, 
 2DIAGNOSTIC,    27, -7.394025471032e-01, 5.568402830570e-05, 0.0000e+00, 0.0000e+00, 
 2DIAGNOSTIC,    28, -7.396305428277e-01, 4.639339667179e-05, 0.0000e+00, 0.0000e+00, 
 2DIAGNOSTIC,    29, -7.401279556615e-01, 4.339693133034e-05, 0.0000e+00, 0.0000e+00, 
 2DIAGNOSTIC,    30, -7.401461669899e-01, 4.252135407572e-05, 0.0000e+00, 0.0000e+00, 
 2DIAGNOSTIC,    31, -7.401723299712e-01, 3.940226499635e-05, 0.0000e+00, 0.0000e+00, 
 2DIAGNOSTIC,    32, -7.401909790515e-01, 3.641710626295e-05, 0.0000e+00, 0.0000e+00, 
 2DIAGNOSTIC,    33, -7.402095984976e-01, 3.412328002916e-05, 0.0000e+00, 0.0000e+00, 
 2DIAGNOSTIC,    34, -7.402218002917e-01, 3.025811046506e-05, 0.0000e+00, 0.0000e+00, 
 2DIAGNOSTIC,    35, -7.402265914144e-01, 2.348455163772e-05, 0.0000e+00, 0.0000e+00, 
 2DIAGNOSTIC,    36, -7.402395611405e-01, 1.664505630727e-05, 0.0000e+00, 0.0000e+00, 
 2DIAGNOSTIC,    37, -7.402792787081e-01, 9.589924167414e-06, 0.0000e+00, 0.0000e+00, 
 2DIAGNOSTIC,    38, -7.403903401940e-01, 5.399117256413e-06, 0.0000e+00, 0.0000e+00, 
 2DIAGNOSTIC,    39, -7.405219496712e-01, 7.238198582130e-06, 0.0000e+00, 0.0000e+00, 
 2DIAGNOSTIC,    40, -7.405366442415e-01, 8.671515014793e-06, 0.0000e+00, 0.0000e+00, 
 2DIAGNOSTIC,    41, -7.406683876796e-01, 1.080384657387e-05, 0.0000e+00, 0.0000e+00, 
 2DIAGNOSTIC,    42, -7.406204406472e-01, 1.157933808425e-05, 0.0000e+00, 0.0000e+00, 
 2DIAGNOSTIC,    43, -7.406918121184e-01, 1.210383141970e-05, 0.0000e+00, 0.0000e+00, 
 2DIAGNOSTIC,    44, -7.407093315173e-01, 1.175930621970e-05, 0.0000e+00, 0.0000e+00, 
 2DIAGNOSTIC,    45, -7.407237227477e-01, 1.054353992036e-05, 0.0000e+00, 0.0000e+00, 
 2DIAGNOSTIC,    46, -7.408396385076e-01, 9.538604764998e-06, 0.0000e+00, 0.0000e+00, 
 2DIAGNOSTIC,    47, -7.408427542446e-01, 8.050115471153e-06, 0.0000e+00, 0.0000e+00, 
 2DIAGNOSTIC,    48, -7.407577327696e-01, 6.121491732375e-06, 0.0000e+00, 0.0000e+00, 
 2DIAGNOSTIC,    49, -7.407740803985e-01, 4.953920612501e-06, 0.0000e+00, 0.0000e+00, 
 2DIAGNOSTIC,    50, -7.407878104792e-01, 3.600389318310e-06, 0.0000e+00, 0.0000e+00, 
 2DIAGNOSTIC,    51, -7.407983569349e-01, 3.090314660101e-06, 0.0000e+00, 0.0000e+00, 
 2DIAGNOSTIC,    52, -7.408093052693e-01, 2.076116914222e-06, 0.0000e+00, 0.0000e+00, 
 2DIAGNOSTIC,    53, -7.408255976276e-01, 1.623267305059e-06, 0.0000e+00, 0.0000e+00, 
 2DIAGNOSTIC,    54, -7.408768893274e-01, 1.589642491112e-06, 0.0000e+00, 0.0000e+00, 
DIAGNOSTIC,Iteration,metricValue,convergenceValue,ITERATION_TIME_INDEX,SINCE_LAST
 2DIAGNOSTIC,     1, -5.987912734547e-01, 1.797693134862e+308, 0.0000e+00, 0.0000e+00, 
 2DIAGNOSTIC,     2, -5.988719255441e-01, 1.797693134862e+308, 0.0000e+00, 0.0000e+00, 
 2DIAGNOSTIC,     3, -5.988432260523e-01, 1.797693134862e+308, 0.0000e+00, 0.0000e+00, 
 2DIAGNOSTIC,     4, -5.988776329213e-01, 1.797693134862e+308, 0.0000e+00, 0.0000e+00, 
 2DIAGNOSTIC,     5, -5.988289884353e-01, 1.797693134862e+308, 0.0000e+00, 0.0000e+00, 
 2DIAGNOSTIC,     6, -5.988071858483e-01, 1.797693134862e+308, 0.0000e+00, 0.0000e+00, 
 2DIAGNOSTIC,     7, -5.987966823297e-01, 1.797693134862e+308, 0.0000e+00, 0.0000e+00, 
 2DIAGNOSTIC,     8, -5.987721057890e-01, 1.797693134862e+308, 0.0000e+00, 0.0000e+00, 
 2DIAGNOSTIC,     9, -5.987760350576e-01, 1.797693134862e+308, 0.0000e+00, 0.0000e+00, 
DIAGNOSTIC,Iteration,metricValue,convergenceValue,ITERATION_TIME_INDEX,SINCE_LAST
 2DIAGNOSTIC,     1, -5.334006125336e-01, 1.797693134862e+308, 0.0000e+00, 0.0000e+00, 
 2DIAGNOSTIC,     2, -5.337942582559e-01, 1.797693134862e+308, 0.0000e+00, 0.0000e+00, 
 2DIAGNOSTIC,     3, -5.342090984953e-01, 1.797693134862e+308, 0.0000e+00, 0.0000e+00, 
 2DIAGNOSTIC,     4, -5.345490035625e-01, 1.797693134862e+308, 0.0000e+00, 0.0000e+00, 
 2DIAGNOSTIC,     5, -5.350571740210e-01, 1.797693134862e+308, 0.0000e+00, 0.0000e+00, 
 2DIAGNOSTIC,     6, -5.356469802980e-01, 1.797693134862e+308, 0.0000e+00, 0.0000e+00, 
 2DIAGNOSTIC,     7, -5.362790331482e-01, 1.797693134862e+308, 0.0000e+00, 0.0000e+00, 
 2DIAGNOSTIC,     8, -5.395151446456e-01, 1.797693134862e+308, 0.0000e+00, 0.0000e+00, 
 2DIAGNOSTIC,     9, -5.405844357530e-01, 1.797693134862e+308, 0.0000e+00, 0.0000e+00, 
 2DIAGNOSTIC,    10, -5.407343202073e-01, 9.514587458394e-04, 0.0000e+00, 0.0000e+00, 
 2DIAGNOSTIC,    11, -5.415215065249e-01, 9.582759226121e-04, 0.0000e+00, 0.0000e+00, 
 2DIAGNOSTIC,    12, -5.417815594196e-01, 9.059016938521e-04, 0.0000e+00, 0.0000e+00, 
 2DIAGNOSTIC,    13, -5.421307864306e-01, 8.091242895389e-04, 0.0000e+00, 0.0000e+00, 
 2DIAGNOSTIC,    14, -5.432440840032e-01, 7.069610325721e-04, 0.0000e+00, 0.0000e+00, 
 2DIAGNOSTIC,    15, -5.434499801166e-01, 5.797395388262e-04, 0.0000e+00, 0.0000e+00, 
 2DIAGNOSTIC,    16, -5.435190651591e-01, 4.385581851068e-04, 0.0000e+00, 0.0000e+00, 
 2DIAGNOSTIC,    17, -5.435654985581e-01, 2.929072176668e-04, 0.0000e+00, 0.0000e+00, 
 2DIAGNOSTIC,    18, -5.436935824630e-01, 2.344891079704e-04, 0.0000e+00, 0.0000e+00, 
 2DIAGNOSTIC,    19, -5.438463266070e-01, 1.942215916189e-04, 0.0000e+00, 0.0000e+00, 
 2DIAGNOSTIC,    20, -5.438807496837e-01, 1.443550481715e-04, 0.0000e+00, 0.0000e+00, 
 2DIAGNOSTIC,    21, -5.442422836735e-01, 1.151638245386e-04, 0.0000e+00, 0.0000e+00, 
 2DIAGNOSTIC,    22, -5.443185321261e-01, 8.603060765683e-05, 0.0000e+00, 0.0000e+00, 
 2DIAGNOSTIC,    23, -5.443172129466e-01, 5.884414013557e-05, 0.0000e+00, 0.0000e+00, 
 2DIAGNOSTIC,    24, -5.443154022669e-01, 5.289413747014e-05, 0.0000e+00, 0.0000e+00, 
 2DIAGNOSTIC,    25, -5.443166163744e-01, 4.692627042359e-05, 0.0000e+00, 0.0000e+00, 
 2DIAGNOSTIC,    26, -5.443158295719e-01, 3.843053093699e-05, 0.0000e+00, 0.0000e+00, 
 2DIAGNOSTIC,    27, -5.443149541732e-01, 2.787568573406e-05, 0.0000e+00, 0.0000e+00, 
 2DIAGNOSTIC,    28, -5.443150021329e-01, 1.799842040826e-05, 0.0000e+00, 0.0000e+00, 
 2DIAGNOSTIC,    29, -5.443142237127e-01, 1.005069419629e-05, 0.0000e+00, 0.0000e+00, 
 2DIAGNOSTIC,    30, -5.443135549046e-01, 2.214979452735e-06, 0.0000e+00, 0.0000e+00, 
DIAGNOSTIC,Iteration,metricValue,convergenceValue,ITERATION_TIME_INDEX,SINCE_LAST
 2DIAGNOSTIC,     1, -4.994766147542e-01, 1.797693134862e+308, 0.0000e+00, 0.0000e+00, 
 2DIAGNOSTIC,     2, -4.996887808681e-01, 1.797693134862e+308, 0.0000e+00, 0.0000e+00, 
 2DIAGNOSTIC,     3, -4.999219318146e-01, 1.797693134862e+308, 0.0000e+00, 0.0000e+00, 
 2DIAGNOSTIC,     4, -5.007231196261e-01, 1.797693134862e+308, 0.0000e+00, 0.0000e+00, 
 2DIAGNOSTIC,     5, -5.009317984146e-01, 1.797693134862e+308, 0.0000e+00, 0.0000e+00, 
 2DIAGNOSTIC,     6, -5.009340246380e-01, 1.797693134862e+308, 0.0000e+00, 0.0000e+00, 
 2DIAGNOSTIC,     7, -5.009439054116e-01, 1.797693134862e+308, 0.0000e+00, 0.0000e+00, 
 2DIAGNOSTIC,     8, -5.009581750829e-01, 1.797693134862e+308, 0.0000e+00, 0.0000e+00, 
 2DIAGNOSTIC,     9, -5.009808300668e-01, 1.797693134862e+308, 0.0000e+00, 0.0000e+00, 
 2DIAGNOSTIC,    10, -5.010129144241e-01, 2.016866016947e-04, 0.0000e+00, 0.0000e+00, 
 2DIAGNOSTIC,    11, -5.010656777275e-01, 1.332055032676e-04, 0.0000e+00, 0.0000e+00, 
 2DIAGNOSTIC,    12, -5.011533303776e-01, 7.890195041237e-05, 0.0000e+00, 0.0000e+00, 
 2DIAGNOSTIC,    13, -5.012287521044e-01, 3.858303987490e-05, 0.0000e+00, 0.0000e+00, 
