
##########################
# Experiment information #
##########################

EXPERIMENT_NAME: antsRegistration-r7-p20
VFC_BACKENDS: libinterflop_vprec.so --range-binary32=7 --precision-binary32=20 --range-binary64=7 --precision-binary64=20

SIF_IMG: /home/mdugre/projects/rrg-glatard/mdugre/containers/ants-vprec-no_metrics.simg

SUBJECT_ID: s033
INPUT_IMG: /home/mdugre/scratch/mri-registration-rp/datasets/ds004513/derivatives/mri-registration-rp/antsBrainExtraction/sub-s033/BrainExtractionBrain.nii.gz
OUTPUT_DIR: /home/mdugre/scratch/mri-registration-rp/datasets/ds004513/derivatives/mri-registration-rp/1111/antsRegistration-r7-p20/sub-s033

FIXED_IMG: /templateflow/tpl-MNI152NLin2009cAsym/tpl-MNI152NLin2009cAsym_res-01_desc-brain_T1w.nii.gz
DATA_DIR: /home/mdugre/scratch/mri-registration-rp/datasets/ds004513
TEMPLATEFLOW_DIR: /home/mdugre/projects/rrg-glatard/mdugre/templateflow
ITK_GLOBAL_DEFAULT_NUMBER_OF_THREADS: 16
##########################

Info [verificarlo]: loaded backend libinterflop_vprec.so
Info [interflop-vprec]: load backend with: 
Info [interflop-vprec]: precision-binary32 = 20
Info [interflop-vprec]: range-binary32 = 7
Info [interflop-vprec]: precision-binary64 = 20
Info [interflop-vprec]: range-binary64 = 7
Info [interflop-vprec]: mode = ob
Info [interflop-vprec]: error-mode = rel
Info [interflop-vprec]: max-abs-error-exponent = -1022
Info [interflop-vprec]: daz = false
Info [interflop-vprec]: ftz = false
Info [interflop-vprec]: 	instrument = none
Info [interflop-vprec]: 	prec-input-file = (null)
Info [interflop-vprec]: 	prec-output-file = (null)
Info [interflop-vprec]: 	prec-log-file = (null)
All_Command_lines_OK
Using double precision for computations.
=============================================================================
The composite transform comprises the following transforms (in order): 
  1. Center of mass alignment using fixed image: /templateflow/tpl-MNI152NLin2009cAsym/tpl-MNI152NLin2009cAsym_res-01_desc-brain_T1w.nii.gz and moving image: /home/mdugre/scratch/mri-registration-rp/datasets/ds004513/derivatives/mri-registration-rp/antsBrainExtraction/sub-s033/BrainExtractionBrain.nii.gz (type = Euler3DTransform)
=============================================================================
  number of levels = 1
  fixed image: /templateflow/tpl-MNI152NLin2009cAsym/tpl-MNI152NLin2009cAsym_res-01_desc-brain_T1w.nii.gz
  moving image: /home/mdugre/scratch/mri-registration-rp/datasets/ds004513/derivatives/mri-registration-rp/antsBrainExtraction/sub-s033/BrainExtractionBrain.nii.gz
Dimension = 3
Number of stages = 1
Use histogram matching = false
Winsorize image intensities = true
  Lower quantile = 0.005
  Upper quantile = 0.995


Stage 1 State
   Image metric = MattesMI
     Fixed image = Image (0x3f81b20)
  RTTI typeinfo:   itk::Image<double, 3u>
  Reference Count: 2
  Modified Time: 2330
  Debug: Off
  Object Name: 
  Observers: 
    none
  Source: (none)
  Source output name: (none)
  Release Data: Off
  Data Released: False
  Global Release Data: Off
  PipelineMTime: 0
  UpdateMTime: 1941
  RealTimeStamp: 0 seconds 
  LargestPossibleRegion: 
    Dimension: 3
    Index: [0, 0, 0]
    Size: [193, 229, 193]
  BufferedRegion: 
    Dimension: 3
    Index: [0, 0, 0]
    Size: [193, 229, 193]
  RequestedRegion: 
    Dimension: 3
    Index: [0, 0, 0]
    Size: [193, 229, 193]
  Spacing: [1, 1, 1]
  Origin: [96, 132, -78]
  Direction: 
-1 0 0
0 -1 0
0 0 1

  IndexToPointMatrix: 
-1 0 0
0 -1 0
0 0 1

  PointToIndexMatrix: 
-1 0 0
0 -1 0
0 0 1

  Inverse Direction: 
-1 0 0
0 -1 0
0 0 1

  PixelContainer: 
    ImportImageContainer (0x40ad650)
      RTTI typeinfo:   itk::ImportImageContainer<unsigned long, double>
      Reference Count: 1
      Modified Time: 1938
      Debug: Off
      Object Name: 
      Observers: 
        none
      Pointer: 0x151a0d041010
      Container manages memory: true
      Size: 8530021
      Capacity: 8530021

     Moving image = Image (0x3f83b40)
  RTTI typeinfo:   itk::Image<double, 3u>
  Reference Count: 2
  Modified Time: 2331
  Debug: Off
  Object Name: 
  Observers: 
    none
  Source: (none)
  Source output name: (none)
  Release Data: Off
  Data Released: False
  Global Release Data: Off
  PipelineMTime: 0
  UpdateMTime: 2328
  RealTimeStamp: 0 seconds 
  LargestPossibleRegion: 
    Dimension: 3
    Index: [0, 0, 0]
    Size: [160, 240, 256]
  BufferedRegion: 
    Dimension: 3
    Index: [0, 0, 0]
    Size: [160, 240, 256]
  RequestedRegion: 
    Dimension: 3
    Index: [0, 0, 0]
    Size: [160, 240, 256]
  Spacing: [1, 1, 1]
  Origin: [91.5134, 94.282, -109.927]
  Direction: 
-0.99591 -0.0698718 -0.0572835
0.0697565 -0.997556 0.00401236
-0.0574239 5.01125e-08 0.99835

  IndexToPointMatrix: 
-0.99591 -0.0698718 -0.0572835
0.0697565 -0.997556 0.00401236
-0.0574239 5.01125e-08 0.99835

  PointToIndexMatrix: 
-0.995912 0.0697566 -0.057424
-0.069872 -0.997557 5.02915e-08
-0.0572836 0.00401236 0.99835

  Inverse Direction: 
-0.995912 0.0697566 -0.057424
-0.069872 -0.997557 5.02915e-08
-0.0572836 0.00401236 0.99835

  PixelContainer: 
    ImportImageContainer (0x3fab010)
      RTTI typeinfo:   itk::ImportImageContainer<unsigned long, double>
      Reference Count: 1
      Modified Time: 2325
      Debug: Off
      Object Name: 
      Observers: 
        none
      Pointer: 0x151a08540010
      Container manages memory: true
      Size: 9830400
      Capacity: 9830400

     Weighting = 1
     Sampling strategy = regular
     Number of bins = 32
     Radius = 4
     Sampling percentage  = 0.25
   Transform = Rigid
     Gradient step = 0.1
     Update field sigma (voxel space) = 0
     Total field sigma (voxel space) = 0
     Update field time sigma = 0
     Total field time sigma  = 0
     Number of time indices = 0
     Number of time point samples = 0
Registration using 1 total stages.

Stage 0
  iterations = 0
  convergence threshold = 1e-06
  convergence window size = 10
  number of levels = 1
  using the Mattes MI metric (number of bins = 32, weight = 1, use gradient filter = 0)
  preprocessing:  winsorizing the image intensities
  Shrink factors (level 1 out of 1): [1, 1, 1]
  smoothing sigmas per level: [0]
  regular sampling (percentage = 0.25)

*** Running Euler3DTransform registration ***

  Elapsed time (stage 0): 0


Total elapsed time: 0
Info [verificarlo]: loaded backend libinterflop_vprec.so
Info [interflop-vprec]: load backend with: 
Info [interflop-vprec]: precision-binary32 = 20
Info [interflop-vprec]: range-binary32 = 7
Info [interflop-vprec]: precision-binary64 = 20
Info [interflop-vprec]: range-binary64 = 7
Info [interflop-vprec]: mode = ob
Info [interflop-vprec]: error-mode = rel
Info [interflop-vprec]: max-abs-error-exponent = -1022
Info [interflop-vprec]: daz = false
Info [interflop-vprec]: ftz = false
Info [interflop-vprec]: 	instrument = none
Info [interflop-vprec]: 	prec-input-file = (null)
Info [interflop-vprec]: 	prec-output-file = (null)
Info [interflop-vprec]: 	prec-log-file = (null)
All_Command_lines_OK
Using double precision for computations.
=============================================================================
The composite transform comprises the following transforms (in order): 
  1. /home/mdugre/scratch/mri-registration-rp/datasets/ds004513/derivatives/mri-registration-rp/1111/antsRegistration-r7-p20/sub-s033/align_Composite.h5[0] (type = Euler3DTransform)
  2. /home/mdugre/scratch/mri-registration-rp/datasets/ds004513/derivatives/mri-registration-rp/1111/antsRegistration-r7-p20/sub-s033/align_Composite.h5[1] (type = Euler3DTransform)
=============================================================================
  number of levels = 4
  fixed image: /templateflow/tpl-MNI152NLin2009cAsym/tpl-MNI152NLin2009cAsym_res-01_desc-brain_T1w.nii.gz
  moving image: /home/mdugre/scratch/mri-registration-rp/datasets/ds004513/derivatives/mri-registration-rp/antsBrainExtraction/sub-s033/BrainExtractionBrain.nii.gz
Dimension = 3
Number of stages = 1
Use histogram matching = false
Winsorize image intensities = true
  Lower quantile = 0.005
  Upper quantile = 0.995


Stage 1 State
   Image metric = MattesMI
     Fixed image = Image (0x3e451e0)
  RTTI typeinfo:   itk::Image<double, 3u>
  Reference Count: 2
  Modified Time: 1578
  Debug: Off
  Object Name: 
  Observers: 
    none
  Source: (none)
  Source output name: (none)
  Release Data: Off
  Data Released: False
  Global Release Data: Off
  PipelineMTime: 0
  UpdateMTime: 1189
  RealTimeStamp: 0 seconds 
  LargestPossibleRegion: 
    Dimension: 3
    Index: [0, 0, 0]
    Size: [193, 229, 193]
  BufferedRegion: 
    Dimension: 3
    Index: [0, 0, 0]
    Size: [193, 229, 193]
  RequestedRegion: 
    Dimension: 3
    Index: [0, 0, 0]
    Size: [193, 229, 193]
  Spacing: [1, 1, 1]
  Origin: [96, 132, -78]
  Direction: 
-1 0 0
0 -1 0
0 0 1

  IndexToPointMatrix: 
-1 0 0
0 -1 0
0 0 1

  PointToIndexMatrix: 
-1 0 0
0 -1 0
0 0 1

  Inverse Direction: 
-1 0 0
0 -1 0
0 0 1

  PixelContainer: 
    ImportImageContainer (0x3f046f0)
      RTTI typeinfo:   itk::ImportImageContainer<unsigned long, double>
      Reference Count: 1
      Modified Time: 1186
      Debug: Off
      Object Name: 
      Observers: 
        none
      Pointer: 0x1511ab953010
      Container manages memory: true
      Size: 8530021
      Capacity: 8530021

     Moving image = Image (0x3f00c90)
  RTTI typeinfo:   itk::Image<double, 3u>
  Reference Count: 2
  Modified Time: 1579
  Debug: Off
  Object Name: 
  Observers: 
    none
  Source: (none)
  Source output name: (none)
  Release Data: Off
  Data Released: False
  Global Release Data: Off
  PipelineMTime: 0
  UpdateMTime: 1576
  RealTimeStamp: 0 seconds 
  LargestPossibleRegion: 
    Dimension: 3
    Index: [0, 0, 0]
    Size: [160, 240, 256]
  BufferedRegion: 
    Dimension: 3
    Index: [0, 0, 0]
    Size: [160, 240, 256]
  RequestedRegion: 
    Dimension: 3
    Index: [0, 0, 0]
    Size: [160, 240, 256]
  Spacing: [1, 1, 1]
  Origin: [91.5134, 94.282, -109.927]
  Direction: 
-0.99591 -0.0698718 -0.0572835
0.0697565 -0.997556 0.00401236
-0.0574239 5.01125e-08 0.99835

  IndexToPointMatrix: 
-0.99591 -0.0698718 -0.0572835
0.0697565 -0.997556 0.00401236
-0.0574239 5.01125e-08 0.99835

  PointToIndexMatrix: 
-0.995912 0.0697566 -0.057424
-0.069872 -0.997557 5.02915e-08
-0.0572836 0.00401236 0.99835

  Inverse Direction: 
-0.995912 0.0697566 -0.057424
-0.069872 -0.997557 5.02915e-08
-0.0572836 0.00401236 0.99835

  PixelContainer: 
    ImportImageContainer (0x3ec3010)
      RTTI typeinfo:   itk::ImportImageContainer<unsigned long, double>
      Reference Count: 1
      Modified Time: 1573
      Debug: Off
      Object Name: 
      Observers: 
        none
      Pointer: 0x1511a6e52010
      Container manages memory: true
      Size: 9830400
      Capacity: 9830400

     Weighting = 1
     Sampling strategy = regular
     Number of bins = 32
     Radius = 4
     Sampling percentage  = 0.25
   Transform = Rigid
     Gradient step = 0.1
     Update field sigma (voxel space) = 0
     Total field sigma (voxel space) = 0
     Update field time sigma = 0
     Total field time sigma  = 0
     Number of time indices = 0
     Number of time point samples = 0
Registration using 1 total stages.

Stage 0
  iterations = 1000x500x250x100
  convergence threshold = 1e-06
  convergence window size = 10
  number of levels = 4
  using the Mattes MI metric (number of bins = 32, weight = 1, use gradient filter = 0)
  preprocessing:  winsorizing the image intensities
  Shrink factors (level 1 out of 4): [8, 8, 8]
  Shrink factors (level 2 out of 4): [4, 4, 4]
  Shrink factors (level 3 out of 4): [2, 2, 2]
  Shrink factors (level 4 out of 4): [1, 1, 1]
  smoothing sigmas per level: [3, 2, 1, 0]
  regular sampling (percentage = 0.25)

*** Running Euler3DTransform registration ***

DIAGNOSTIC,Iteration,metricValue,convergenceValue,ITERATION_TIME_INDEX,SINCE_LAST
 2DIAGNOSTIC,     1, -4.902039090908e-01, 1.797693134862e+308, 0.0000e+00, 0.0000e+00, 
 2DIAGNOSTIC,     2, -4.914909644422e-01, 1.797693134862e+308, 0.0000e+00, 0.0000e+00, 
 2DIAGNOSTIC,     3, -4.935710278407e-01, 1.797693134862e+308, 0.0000e+00, 0.0000e+00, 
 2DIAGNOSTIC,     4, -4.971408163482e-01, 1.797693134862e+308, 0.0000e+00, 0.0000e+00, 
 2DIAGNOSTIC,     5, -5.011820365268e-01, 1.797693134862e+308, 0.0000e+00, 0.0000e+00, 
 2DIAGNOSTIC,     6, -5.059267372975e-01, 1.797693134862e+308, 0.0000e+00, 0.0000e+00, 
 2DIAGNOSTIC,     7, -5.143863611246e-01, 1.797693134862e+308, 0.0000e+00, 0.0000e+00, 
 2DIAGNOSTIC,     8, -5.248790193298e-01, 1.797693134862e+308, 0.0000e+00, 0.0000e+00, 
 2DIAGNOSTIC,     9, -5.260418666084e-01, 1.797693134862e+308, 0.0000e+00, 0.0000e+00, 
 2DIAGNOSTIC,    10, -5.295381366950e-01, 5.622880785610e-03, 0.0000e+00, 0.0000e+00, 
 2DIAGNOSTIC,    11, -5.331176648307e-01, 5.365264157873e-03, 0.0000e+00, 0.0000e+00, 
 2DIAGNOSTIC,    12, -5.345209199228e-01, 4.787938457383e-03, 0.0000e+00, 0.0000e+00, 
 2DIAGNOSTIC,    13, -5.466747416543e-01, 4.464721062431e-03, 0.0000e+00, 0.0000e+00, 
 2DIAGNOSTIC,    14, -5.511555948628e-01, 4.090131705870e-03, 0.0000e+00, 0.0000e+00, 
 2DIAGNOSTIC,    15, -5.525766700966e-01, 3.599284123437e-03, 0.0000e+00, 0.0000e+00, 
 2DIAGNOSTIC,    16, -5.647737356112e-01, 3.418084813618e-03, 0.0000e+00, 0.0000e+00, 
 2DIAGNOSTIC,    17, -5.734352643896e-01, 3.470655848716e-03, 0.0000e+00, 0.0000e+00, 
 2DIAGNOSTIC,    18, -5.853827738343e-01, 3.857153806265e-03, 0.0000e+00, 0.0000e+00, 
 2DIAGNOSTIC,    19, -5.871594099206e-01, 3.920011635681e-03, 0.0000e+00, 0.0000e+00, 
 2DIAGNOSTIC,    20, -5.935236776989e-01, 3.880501037520e-03, 0.0000e+00, 0.0000e+00, 
 2DIAGNOSTIC,    21, -6.018527990021e-01, 3.781909268949e-03, 0.0000e+00, 0.0000e+00, 
 2DIAGNOSTIC,    22, -6.146681222659e-01, 3.662536775291e-03, 0.0000e+00, 0.0000e+00, 
 2DIAGNOSTIC,    23, -6.260466856168e-01, 3.737649466226e-03, 0.0000e+00, 0.0000e+00, 
 2DIAGNOSTIC,    24, -6.324491810125e-01, 3.693144643059e-03, 0.0000e+00, 0.0000e+00, 
 2DIAGNOSTIC,    25, -6.330267269032e-01, 3.348490911456e-03, 0.0000e+00, 0.0000e+00, 
 2DIAGNOSTIC,    26, -6.344528927279e-01, 2.988076025758e-03, 0.0000e+00, 0.0000e+00, 
 2DIAGNOSTIC,    27, -6.351347837850e-01, 2.545963375439e-03, 0.0000e+00, 0.0000e+00, 
 2DIAGNOSTIC,    28, -6.362436041057e-01, 2.135092465049e-03, 0.0000e+00, 0.0000e+00, 
 2DIAGNOSTIC,    29, -6.425439280735e-01, 1.694924046218e-03, 0.0000e+00, 0.0000e+00, 
 2DIAGNOSTIC,    30, -6.445285574958e-01, 1.266532830696e-03, 0.0000e+00, 0.0000e+00, 
 2DIAGNOSTIC,    31, -6.445356479539e-01, 8.825964690886e-04, 0.0000e+00, 0.0000e+00, 
 2DIAGNOSTIC,    32, -6.445887401781e-01, 6.404551755761e-04, 0.0000e+00, 0.0000e+00, 
 2DIAGNOSTIC,    33, -6.446715985646e-01, 5.239457588235e-04, 0.0000e+00, 0.0000e+00, 
 2DIAGNOSTIC,    34, -6.447740391731e-01, 4.585237690155e-04, 0.0000e+00, 0.0000e+00, 
 2DIAGNOSTIC,    35, -6.447722718561e-01, 3.610214663504e-04, 0.0000e+00, 0.0000e+00, 
 2DIAGNOSTIC,    36, -6.447988856299e-01, 2.564521546722e-04, 0.0000e+00, 0.0000e+00, 
 2DIAGNOSTIC,    37, -6.449619186401e-01, 1.460814053543e-04, 0.0000e+00, 0.0000e+00, 
 2DIAGNOSTIC,    38, -6.450345249766e-01, 4.141811458834e-05, 0.0000e+00, 0.0000e+00, 
 2DIAGNOSTIC,    39, -6.451290964351e-01, 1.782085809948e-05, 0.0000e+00, 0.0000e+00, 
 2DIAGNOSTIC,    40, -6.452519838087e-01, 1.948574944602e-05, 0.0000e+00, 0.0000e+00, 
 2DIAGNOSTIC,    41, -6.453176090451e-01, 2.013459916518e-05, 0.0000e+00, 0.0000e+00, 
 2DIAGNOSTIC,    42, -6.454768353823e-01, 2.131569637350e-05, 0.0000e+00, 0.0000e+00, 
 2DIAGNOSTIC,    43, -6.456212104945e-01, 2.295548116367e-05, 0.0000e+00, 0.0000e+00, 
 2DIAGNOSTIC,    44, -6.459623666387e-01, 2.723983444505e-05, 0.0000e+00, 0.0000e+00, 
 2DIAGNOSTIC,    45, -6.464552974235e-01, 3.396360366491e-05, 0.0000e+00, 0.0000e+00, 
 2DIAGNOSTIC,    46, -6.465922001849e-01, 3.877447812510e-05, 0.0000e+00, 0.0000e+00, 
 2DIAGNOSTIC,    47, -6.467848440399e-01, 4.339627091175e-05, 0.0000e+00, 0.0000e+00, 
 2DIAGNOSTIC,    48, -6.471383844482e-01, 4.795936005184e-05, 0.0000e+00, 0.0000e+00, 
 2DIAGNOSTIC,    49, -6.471767760212e-01, 4.895881195954e-05, 0.0000e+00, 0.0000e+00, 
 2DIAGNOSTIC,    50, -6.471939080208e-01, 4.661401401805e-05, 0.0000e+00, 0.0000e+00, 
 2DIAGNOSTIC,    51, -6.471290807405e-01, 4.001232927916e-05, 0.0000e+00, 0.0000e+00, 
 2DIAGNOSTIC,    52, -6.472566462909e-01, 3.257933545113e-05, 0.0000e+00, 0.0000e+00, 
 2DIAGNOSTIC,    53, -6.471623890784e-01, 2.272465055444e-05, 0.0000e+00, 0.0000e+00, 
 2DIAGNOSTIC,    54, -6.471002411773e-01, 1.351412655858e-05, 0.0000e+00, 0.0000e+00, 
 2DIAGNOSTIC,    55, -6.471203232381e-01, 7.884193467443e-06, 0.0000e+00, 0.0000e+00, 
 2DIAGNOSTIC,    56, -6.471266384482e-01, 2.952783644747e-06, 0.0000e+00, 0.0000e+00, 
DIAGNOSTIC,Iteration,metricValue,convergenceValue,ITERATION_TIME_INDEX,SINCE_LAST
 2DIAGNOSTIC,     1, -5.353401663476e-01, 1.797693134862e+308, 0.0000e+00, 0.0000e+00, 
 2DIAGNOSTIC,     2, -5.363018767395e-01, 1.797693134862e+308, 0.0000e+00, 0.0000e+00, 
 2DIAGNOSTIC,     3, -5.376467591039e-01, 1.797693134862e+308, 0.0000e+00, 0.0000e+00, 
 2DIAGNOSTIC,     4, -5.390064687758e-01, 1.797693134862e+308, 0.0000e+00, 0.0000e+00, 
 2DIAGNOSTIC,     5, -5.406393450514e-01, 1.797693134862e+308, 0.0000e+00, 0.0000e+00, 
 2DIAGNOSTIC,     6, -5.421645003813e-01, 1.797693134862e+308, 0.0000e+00, 0.0000e+00, 
 2DIAGNOSTIC,     7, -5.432958286644e-01, 1.797693134862e+308, 0.0000e+00, 0.0000e+00, 
 2DIAGNOSTIC,     8, -5.434051331642e-01, 1.797693134862e+308, 0.0000e+00, 0.0000e+00, 
 2DIAGNOSTIC,     9, -5.436500467947e-01, 1.797693134862e+308, 0.0000e+00, 0.0000e+00, 
 2DIAGNOSTIC,    10, -5.437733573545e-01, 1.115266808160e-03, 0.0000e+00, 0.0000e+00, 
 2DIAGNOSTIC,    11, -5.437576302388e-01, 8.411737763331e-04, 0.0000e+00, 0.0000e+00, 
 2DIAGNOSTIC,    12, -5.438604724321e-01, 5.838025048090e-04, 0.0000e+00, 0.0000e+00, 
 2DIAGNOSTIC,    13, -5.439818325291e-01, 3.728751077443e-04, 0.0000e+00, 0.0000e+00, 
 2DIAGNOSTIC,    14, -5.448064329997e-01, 2.397954069416e-04, 0.0000e+00, 0.0000e+00, 
 2DIAGNOSTIC,    15, -5.458411165055e-01, 1.943442564030e-04, 0.0000e+00, 0.0000e+00, 
 2DIAGNOSTIC,    16, -5.465018587022e-01, 2.071199292454e-04, 0.0000e+00, 0.0000e+00, 
 2DIAGNOSTIC,    17, -5.464833565460e-01, 2.340153387143e-04, 0.0000e+00, 0.0000e+00, 
 2DIAGNOSTIC,    18, -5.466023822136e-01, 2.435144917121e-04, 0.0000e+00, 0.0000e+00, 
 2DIAGNOSTIC,    19, -5.466918829261e-01, 2.384649336476e-04, 0.0000e+00, 0.0000e+00, 
 2DIAGNOSTIC,    20, -5.467152133739e-01, 2.152218014222e-04, 0.0000e+00, 0.0000e+00, 
 2DIAGNOSTIC,    21, -5.467031902594e-01, 1.736053706630e-04, 0.0000e+00, 0.0000e+00, 
 2DIAGNOSTIC,    22, -5.466904572856e-01, 1.224178918318e-04, 0.0000e+00, 0.0000e+00, 
 2DIAGNOSTIC,    23, -5.467075428375e-01, 6.749351534511e-05, 0.0000e+00, 0.0000e+00, 
 2DIAGNOSTIC,    24, -5.466907087828e-01, 2.803066324126e-05, 0.0000e+00, 0.0000e+00, 
 2DIAGNOSTIC,    25, -5.466843403693e-01, 1.037003063211e-05, 0.0000e+00, 0.0000e+00, 
 2DIAGNOSTIC,    26, -5.466793052525e-01, 6.476403824320e-06, 0.0000e+00, 0.0000e+00, 
 2DIAGNOSTIC,    27, -5.466826615507e-01, 2.047425513275e-06, 0.0000e+00, 0.0000e+00, 
DIAGNOSTIC,Iteration,metricValue,convergenceValue,ITERATION_TIME_INDEX,SINCE_LAST
 2DIAGNOSTIC,     1, -4.644446845873e-01, 1.797693134862e+308, 0.0000e+00, 0.0000e+00, 
 2DIAGNOSTIC,     2, -4.647062581547e-01, 1.797693134862e+308, 0.0000e+00, 0.0000e+00, 
 2DIAGNOSTIC,     3, -4.649629920021e-01, 1.797693134862e+308, 0.0000e+00, 0.0000e+00, 
 2DIAGNOSTIC,     4, -4.652030479716e-01, 1.797693134862e+308, 0.0000e+00, 0.0000e+00, 
 2DIAGNOSTIC,     5, -4.655340499861e-01, 1.797693134862e+308, 0.0000e+00, 0.0000e+00, 
 2DIAGNOSTIC,     6, -4.659060084608e-01, 1.797693134862e+308, 0.0000e+00, 0.0000e+00, 
 2DIAGNOSTIC,     7, -4.666221975428e-01, 1.797693134862e+308, 0.0000e+00, 0.0000e+00, 
 2DIAGNOSTIC,     8, -4.666605534829e-01, 1.797693134862e+308, 0.0000e+00, 0.0000e+00, 
 2DIAGNOSTIC,     9, -4.666768288348e-01, 1.797693134862e+308, 0.0000e+00, 0.0000e+00, 
 2DIAGNOSTIC,    10, -4.666930443500e-01, 3.623461010781e-04, 0.0000e+00, 0.0000e+00, 
 2DIAGNOSTIC,    11, -4.667086501440e-01, 2.909133452259e-04, 0.0000e+00, 0.0000e+00, 
 2DIAGNOSTIC,    12, -4.667325845071e-01, 2.194545414912e-04, 0.0000e+00, 0.0000e+00, 
 2DIAGNOSTIC,    13, -4.667646574714e-01, 1.529629380655e-04, 0.0000e+00, 0.0000e+00, 
 2DIAGNOSTIC,    14, -4.668537368180e-01, 9.690565353153e-05, 0.0000e+00, 0.0000e+00, 
 2DIAGNOSTIC,    15, -4.671281917847e-01, 6.416164753685e-05, 0.0000e+00, 0.0000e+00, 
 2DIAGNOSTIC,    16, -4.673681143780e-01, 5.213524591492e-05, 0.0000e+00, 0.0000e+00, 
 2DIAGNOSTIC,    17, -4.673743512077e-01, 6.269590335591e-05, 0.0000e+00, 0.0000e+00, 
 2DIAGNOSTIC,    18, -4.673997022479e-01, 6.882942134667e-05, 0.0000e+00, 0.0000e+00, 
 2DIAGNOSTIC,    19, -4.673893726572e-01, 6.831636313440e-05, 0.0000e+00, 0.0000e+00, 
 2DIAGNOSTIC,    20, -4.673868645673e-01, 6.193443340520e-05, 0.0000e+00, 0.0000e+00, 
 2DIAGNOSTIC,    21, -4.673864542065e-01, 5.087767183624e-05, 0.0000e+00, 0.0000e+00, 
 2DIAGNOSTIC,    22, -4.673851921411e-01, 3.694005422104e-05, 0.0000e+00, 0.0000e+00, 
 2DIAGNOSTIC,    23, -4.673889252677e-01, 2.195699823114e-05, 0.0000e+00, 0.0000e+00, 
 2DIAGNOSTIC,    24, -4.673870184173e-01, 8.384150137604e-06, 0.0000e+00, 0.0000e+00, 
 2DIAGNOSTIC,    25, -4.673850600817e-01, 1.723516941561e-06, 0.0000e+00, 0.0000e+00, 
 2DIAGNOSTIC,    26, -4.673855438060e-01, 1.167050853207e-06, 0.0000e+00, 0.0000e+00, 
DIAGNOSTIC,Iteration,metricValue,convergenceValue,ITERATION_TIME_INDEX,SINCE_LAST
 2DIAGNOSTIC,     1, -4.256299908597e-01, 1.797693134862e+308, 0.0000e+00, 0.0000e+00, 
 2DIAGNOSTIC,     2, -4.257187999389e-01, 1.797693134862e+308, 0.0000e+00, 0.0000e+00, 
 2DIAGNOSTIC,     3, -4.258246796971e-01, 1.797693134862e+308, 0.0000e+00, 0.0000e+00, 
 2DIAGNOSTIC,     4, -4.258790994567e-01, 1.797693134862e+308, 0.0000e+00, 0.0000e+00, 
 2DIAGNOSTIC,     5, -4.259158150266e-01, 1.797693134862e+308, 0.0000e+00, 0.0000e+00, 
 2DIAGNOSTIC,     6, -4.260730055856e-01, 1.797693134862e+308, 0.0000e+00, 0.0000e+00, 
 2DIAGNOSTIC,     7, -4.261244158947e-01, 1.797693134862e+308, 0.0000e+00, 0.0000e+00, 
 2DIAGNOSTIC,     8, -4.262064081618e-01, 1.797693134862e+308, 0.0000e+00, 0.0000e+00, 
 2DIAGNOSTIC,     9, -4.262058135772e-01, 1.797693134862e+308, 0.0000e+00, 0.0000e+00, 
 2DIAGNOSTIC,    10, -4.262059770246e-01, 9.725369287668e-05, 0.0000e+00, 0.0000e+00, 
 2DIAGNOSTIC,    11, -4.262062032558e-01, 7.531261640806e-05, 0.0000e+00, 0.0000e+00, 
 2DIAGNOSTIC,    12, -4.262062095202e-01, 5.527647568029e-05, 0.0000e+00, 0.0000e+00, 
 2DIAGNOSTIC,    13, -4.262062092573e-01, 3.899981800765e-05, 0.0000e+00, 0.0000e+00, 
 2DIAGNOSTIC,    14, -4.262061758518e-01, 2.438697455825e-05, 0.0000e+00, 0.0000e+00, 
 2DIAGNOSTIC,    15, -4.262061727146e-01, 1.122360803200e-05, 0.0000e+00, 0.0000e+00, 
 2DIAGNOSTIC,    16, -4.262061727146e-01, 5.404194005867e-06, 0.0000e+00, 0.0000e+00, 
 2DIAGNOSTIC,    17, -4.262061722490e-01, 1.879951978929e-06, 0.0000e+00, 0.0000e+00, 
 2DIAGNOSTIC,    18, -4.262061249018e-01, 1.784199231747e-06, 0.0000e+00, 0.0000e+00, 
 2DIAGNOSTIC,    19, -4.262061249018e-01, 1.676153957984e-06, 0.0000e+00, 0.0000e+00, 
 2DIAGNOSTIC,    20, -4.262061232271e-01, 1.583967586496e-06, 0.0000e+00, 0.0000e+00, 
 2DIAGNOSTIC,    21, -4.262061244181e-01, 1.508408432389e-06, 0.0000e+00, 0.0000e+00, 
 2DIAGNOSTIC,    22, -4.262061244181e-01, 1.440548095963e-06, 0.0000e+00, 0.0000e+00, 
 2DIAGNOSTIC,    23, -4.262061244181e-01, 1.379184099627e-06, 0.0000e+00, 0.0000e+00, 
 2DIAGNOSTIC,    24, -4.262061251638e-01, 1.322444098638e-06, 0.0000e+00, 0.0000e+00, 
 2DIAGNOSTIC,    25, -4.262061204334e-01, 1.270336843044e-06, 0.0000e+00, 0.0000e+00, 
 2DIAGNOSTIC,    26, -4.262060650743e-01, 1.221042965995e-06, 0.0000e+00, 0.0000e+00, 
 2DIAGNOSTIC,    27, -4.262060825906e-01, 1.176159738575e-06, 0.0000e+00, 0.0000e+00, 
 2DIAGNOSTIC,    28, -4.262060830493e-01, 1.133560540760e-06, 0.0000e+00, 0.0000e+00, 
 2DIAGNOSTIC,    29, -4.262060830493e-01, 1.094156780172e-06, 0.0000e+00, 0.0000e+00, 
 2DIAGNOSTIC,    30, -4.262060878768e-01, 1.057754306984e-06, 0.0000e+00, 0.0000e+00, 
 2DIAGNOSTIC,    31, -4.262060878768e-01, 1.024018067043e-06, 0.0000e+00, 0.0000e+00, 
  Elapsed time (stage 0): 0.0000e+00


Total elapsed time: 0.0000e+00
Info [verificarlo]: loaded backend libinterflop_vprec.so
Info [interflop-vprec]: load backend with: 
Info [interflop-vprec]: precision-binary32 = 20
Info [interflop-vprec]: range-binary32 = 7
Info [interflop-vprec]: precision-binary64 = 20
Info [interflop-vprec]: range-binary64 = 7
Info [interflop-vprec]: mode = ob
Info [interflop-vprec]: error-mode = rel
Info [interflop-vprec]: max-abs-error-exponent = -1022
Info [interflop-vprec]: daz = false
Info [interflop-vprec]: ftz = false
Info [interflop-vprec]: 	instrument = none
Info [interflop-vprec]: 	prec-input-file = (null)
Info [interflop-vprec]: 	prec-output-file = (null)
Info [interflop-vprec]: 	prec-log-file = (null)
All_Command_lines_OK
Using double precision for computations.
=============================================================================
The composite transform comprises the following transforms (in order): 
  1. /home/mdugre/scratch/mri-registration-rp/datasets/ds004513/derivatives/mri-registration-rp/1111/antsRegistration-r7-p20/sub-s033/rigid_Composite.h5[0] (type = Euler3DTransform)
  2. /home/mdugre/scratch/mri-registration-rp/datasets/ds004513/derivatives/mri-registration-rp/1111/antsRegistration-r7-p20/sub-s033/rigid_Composite.h5[1] (type = Euler3DTransform)
  3. /home/mdugre/scratch/mri-registration-rp/datasets/ds004513/derivatives/mri-registration-rp/1111/antsRegistration-r7-p20/sub-s033/rigid_Composite.h5[2] (type = Euler3DTransform)
=============================================================================
  number of levels = 4
  fixed image: /templateflow/tpl-MNI152NLin2009cAsym/tpl-MNI152NLin2009cAsym_res-01_desc-brain_T1w.nii.gz
  moving image: /home/mdugre/scratch/mri-registration-rp/datasets/ds004513/derivatives/mri-registration-rp/antsBrainExtraction/sub-s033/BrainExtractionBrain.nii.gz
Dimension = 3
Number of stages = 1
Use histogram matching = false
Winsorize image intensities = true
  Lower quantile = 0.005
  Upper quantile = 0.995


Stage 1 State
   Image metric = MattesMI
     Fixed image = Image (0x4ddf490)
  RTTI typeinfo:   itk::Image<double, 3u>
  Reference Count: 2
  Modified Time: 1592
  Debug: Off
  Object Name: 
  Observers: 
    none
  Source: (none)
  Source output name: (none)
  Release Data: Off
  Data Released: False
  Global Release Data: Off
  PipelineMTime: 0
  UpdateMTime: 1203
  RealTimeStamp: 0 seconds 
  LargestPossibleRegion: 
    Dimension: 3
    Index: [0, 0, 0]
    Size: [193, 229, 193]
  BufferedRegion: 
    Dimension: 3
    Index: [0, 0, 0]
    Size: [193, 229, 193]
  RequestedRegion: 
    Dimension: 3
    Index: [0, 0, 0]
    Size: [193, 229, 193]
  Spacing: [1, 1, 1]
  Origin: [96, 132, -78]
  Direction: 
-1 0 0
0 -1 0
0 0 1

  IndexToPointMatrix: 
-1 0 0
0 -1 0
0 0 1

  PointToIndexMatrix: 
-1 0 0
0 -1 0
0 0 1

  Inverse Direction: 
-1 0 0
0 -1 0
0 0 1

  PixelContainer: 
    ImportImageContainer (0x4deb2a0)
      RTTI typeinfo:   itk::ImportImageContainer<unsigned long, double>
      Reference Count: 1
      Modified Time: 1200
      Debug: Off
      Object Name: 
      Observers: 
        none
      Pointer: 0x14cffd9c8010
      Container manages memory: true
      Size: 8530021
      Capacity: 8530021

     Moving image = Image (0x4e9ad20)
  RTTI typeinfo:   itk::Image<double, 3u>
  Reference Count: 2
  Modified Time: 1593
  Debug: Off
  Object Name: 
  Observers: 
    none
  Source: (none)
  Source output name: (none)
  Release Data: Off
  Data Released: False
  Global Release Data: Off
  PipelineMTime: 0
  UpdateMTime: 1590
  RealTimeStamp: 0 seconds 
  LargestPossibleRegion: 
    Dimension: 3
    Index: [0, 0, 0]
    Size: [160, 240, 256]
  BufferedRegion: 
    Dimension: 3
    Index: [0, 0, 0]
    Size: [160, 240, 256]
  RequestedRegion: 
    Dimension: 3
    Index: [0, 0, 0]
    Size: [160, 240, 256]
  Spacing: [1, 1, 1]
  Origin: [91.5134, 94.282, -109.927]
  Direction: 
-0.99591 -0.0698718 -0.0572835
0.0697565 -0.997556 0.00401236
-0.0574239 5.01125e-08 0.99835

  IndexToPointMatrix: 
-0.99591 -0.0698718 -0.0572835
0.0697565 -0.997556 0.00401236
-0.0574239 5.01125e-08 0.99835

  PointToIndexMatrix: 
-0.995912 0.0697566 -0.057424
-0.069872 -0.997557 5.02915e-08
-0.0572836 0.00401236 0.99835

  Inverse Direction: 
-0.995912 0.0697566 -0.057424
-0.069872 -0.997557 5.02915e-08
-0.0572836 0.00401236 0.99835

  PixelContainer: 
    ImportImageContainer (0x4f10650)
      RTTI typeinfo:   itk::ImportImageContainer<unsigned long, double>
      Reference Count: 1
      Modified Time: 1587
      Debug: Off
      Object Name: 
      Observers: 
        none
      Pointer: 0x14cff8ec7010
      Container manages memory: true
      Size: 9830400
      Capacity: 9830400

     Weighting = 1
     Sampling strategy = regular
     Number of bins = 32
     Radius = 4
     Sampling percentage  = 0.25
   Transform = Affine
     Gradient step = 0.1
     Update field sigma (voxel space) = 0
     Total field sigma (voxel space) = 0
     Update field time sigma = 0
     Total field time sigma  = 0
     Number of time indices = 0
     Number of time point samples = 0
Registration using 1 total stages.

Stage 0
  iterations = 1000x500x250x100
  convergence threshold = 1e-06
  convergence window size = 10
  number of levels = 4
  using the Mattes MI metric (number of bins = 32, weight = 1, use gradient filter = 0)
  preprocessing:  winsorizing the image intensities
  Shrink factors (level 1 out of 4): [8, 8, 8]
  Shrink factors (level 2 out of 4): [4, 4, 4]
  Shrink factors (level 3 out of 4): [2, 2, 2]
  Shrink factors (level 4 out of 4): [1, 1, 1]
  smoothing sigmas per level: [3, 2, 1, 0]
  regular sampling (percentage = 0.25)

*** Running AffineTransform registration ***

DIAGNOSTIC,Iteration,metricValue,convergenceValue,ITERATION_TIME_INDEX,SINCE_LAST
 2DIAGNOSTIC,     1, -6.373182172196e-01, 1.797693134862e+308, 0.0000e+00, 0.0000e+00, 
 2DIAGNOSTIC,     2, -6.394481801450e-01, 1.797693134862e+308, 0.0000e+00, 0.0000e+00, 
 2DIAGNOSTIC,     3, -6.436500529208e-01, 1.797693134862e+308, 0.0000e+00, 0.0000e+00, 
 2DIAGNOSTIC,     4, -6.509182671138e-01, 1.797693134862e+308, 0.0000e+00, 0.0000e+00, 
 2DIAGNOSTIC,     5, -6.637454398705e-01, 1.797693134862e+308, 0.0000e+00, 0.0000e+00, 
 2DIAGNOSTIC,     6, -6.858849045435e-01, 1.797693134862e+308, 0.0000e+00, 0.0000e+00, 
 2DIAGNOSTIC,     7, -7.260488149291e-01, 1.797693134862e+308, 0.0000e+00, 0.0000e+00, 
 2DIAGNOSTIC,     8, -8.290167939846e-01, 1.797693134862e+308, 0.0000e+00, 0.0000e+00, 
 2DIAGNOSTIC,     9, -8.573288610535e-01, 1.797693134862e+308, 0.0000e+00, 0.0000e+00, 
 2DIAGNOSTIC,    10, -8.637587980369e-01, 2.313095619924e-02, 0.0000e+00, 0.0000e+00, 
 2DIAGNOSTIC,    11, -8.846950249513e-01, 2.343266580683e-02, 0.0000e+00, 0.0000e+00, 
 2DIAGNOSTIC,    12, -8.888327289504e-01, 2.176511991067e-02, 0.0000e+00, 0.0000e+00, 
 2DIAGNOSTIC,    13, -8.947581467922e-01, 1.870041510609e-02, 0.0000e+00, 0.0000e+00, 
 2DIAGNOSTIC,    14, -9.010331458106e-01, 1.481466149026e-02, 0.0000e+00, 0.0000e+00, 
 2DIAGNOSTIC,    15, -9.063934230491e-01, 1.065934166292e-02, 0.0000e+00, 0.0000e+00, 
 2DIAGNOSTIC,    16, -9.065747923024e-01, 6.643771403161e-03, 0.0000e+00, 0.0000e+00, 
 2DIAGNOSTIC,    17, -9.069913136568e-01, 3.364198003226e-03, 0.0000e+00, 0.0000e+00, 
 2DIAGNOSTIC,    18, -9.069852355463e-01, 2.213911305315e-03, 0.0000e+00, 0.0000e+00, 
 2DIAGNOSTIC,    19, -9.069107726776e-01, 1.520913253777e-03, 0.0000e+00, 0.0000e+00, 
 2DIAGNOSTIC,    20, -9.067140315985e-01, 8.647026278409e-04, 0.0000e+00, 0.0000e+00, 
 2DIAGNOSTIC,    21, -9.066060091790e-01, 5.445733220641e-04, 0.0000e+00, 0.0000e+00, 
 2DIAGNOSTIC,    22, -9.064809780259e-01, 2.692765569663e-04, 0.0000e+00, 0.0000e+00, 
 2DIAGNOSTIC,    23, -9.065209662453e-01, 8.328142236445e-05, 0.0000e+00, 0.0000e+00, 
DIAGNOSTIC,Iteration,metricValue,convergenceValue,ITERATION_TIME_INDEX,SINCE_LAST
 2DIAGNOSTIC,     1, -7.412562097871e-01, 1.797693134862e+308, 0.0000e+00, 0.0000e+00, 
 2DIAGNOSTIC,     2, -7.423272011861e-01, 1.797693134862e+308, 0.0000e+00, 0.0000e+00, 
 2DIAGNOSTIC,     3, -7.434425064329e-01, 1.797693134862e+308, 0.0000e+00, 0.0000e+00, 
 2DIAGNOSTIC,     4, -7.448586156802e-01, 1.797693134862e+308, 0.0000e+00, 0.0000e+00, 
 2DIAGNOSTIC,     5, -7.464112123583e-01, 1.797693134862e+308, 0.0000e+00, 0.0000e+00, 
 2DIAGNOSTIC,     6, -7.484006268991e-01, 1.797693134862e+308, 0.0000e+00, 0.0000e+00, 
 2DIAGNOSTIC,     7, -7.485694490578e-01, 1.797693134862e+308, 0.0000e+00, 0.0000e+00, 
 2DIAGNOSTIC,     8, -7.486147539831e-01, 1.797693134862e+308, 0.0000e+00, 0.0000e+00, 
 2DIAGNOSTIC,     9, -7.486424234229e-01, 1.797693134862e+308, 0.0000e+00, 0.0000e+00, 
 2DIAGNOSTIC,    10, -7.486328302961e-01, 7.111721926195e-04, 0.0000e+00, 0.0000e+00, 
 2DIAGNOSTIC,    11, -7.486141479506e-01, 5.060585876620e-04, 0.0000e+00, 0.0000e+00, 
 2DIAGNOSTIC,    12, -7.485935493325e-01, 3.234722551500e-04, 0.0000e+00, 0.0000e+00, 
 2DIAGNOSTIC,    13, -7.486066038492e-01, 1.733955402571e-04, 0.0000e+00, 0.0000e+00, 
 2DIAGNOSTIC,    14, -7.485936156053e-01, 6.690158398022e-05, 0.0000e+00, 0.0000e+00, 
 2DIAGNOSTIC,    15, -7.486154878133e-01, 7.309287666971e-06, 0.0000e+00, 0.0000e+00, 
 2DIAGNOSTIC,    16, -7.486440828512e-01, 2.595309280859e-06, 0.0000e+00, 0.0000e+00, 
 2DIAGNOSTIC,    17, -7.486299460014e-01, 1.808825361625e-06, 0.0000e+00, 0.0000e+00, 
 2DIAGNOSTIC,    18, -7.486452793524e-01, 2.393053810910e-06, 0.0000e+00, 0.0000e+00, 
 2DIAGNOSTIC,    19, -7.486488691192e-01, 3.476883564599e-06, 0.0000e+00, 0.0000e+00, 
 2DIAGNOSTIC,    20, -7.486296853584e-01, 3.736361329901e-06, 0.0000e+00, 0.0000e+00, 
 2DIAGNOSTIC,    21, -7.486222705603e-01, 3.314629958333e-06, 0.0000e+00, 0.0000e+00, 
 2DIAGNOSTIC,    22, -7.485988707687e-01, 2.002036899720e-06, 0.0000e+00, 0.0000e+00, 
 2DIAGNOSTIC,    23, -7.486036145980e-01, 1.065174737379e-06, 0.0000e+00, 0.0000e+00, 
DIAGNOSTIC,Iteration,metricValue,convergenceValue,ITERATION_TIME_INDEX,SINCE_LAST
 2DIAGNOSTIC,     1, -6.325173118443e-01, 1.797693134862e+308, 0.0000e+00, 0.0000e+00, 
 2DIAGNOSTIC,     2, -6.331052286568e-01, 1.797693134862e+308, 0.0000e+00, 0.0000e+00, 
 2DIAGNOSTIC,     3, -6.337558656314e-01, 1.797693134862e+308, 0.0000e+00, 0.0000e+00, 
 2DIAGNOSTIC,     4, -6.345926354195e-01, 1.797693134862e+308, 0.0000e+00, 0.0000e+00, 
 2DIAGNOSTIC,     5, -6.365210874030e-01, 1.797693134862e+308, 0.0000e+00, 0.0000e+00, 
 2DIAGNOSTIC,     6, -6.378601930544e-01, 1.797693134862e+308, 0.0000e+00, 0.0000e+00, 
 2DIAGNOSTIC,     7, -6.378662216697e-01, 1.797693134862e+308, 0.0000e+00, 0.0000e+00, 
 2DIAGNOSTIC,     8, -6.378651451554e-01, 1.797693134862e+308, 0.0000e+00, 0.0000e+00, 
 2DIAGNOSTIC,     9, -6.378632548538e-01, 1.797693134862e+308, 0.0000e+00, 0.0000e+00, 
 2DIAGNOSTIC,    10, -6.378622337226e-01, 6.349108046263e-04, 0.0000e+00, 0.0000e+00, 
 2DIAGNOSTIC,    11, -6.378596907615e-01, 4.604926638238e-04, 0.0000e+00, 0.0000e+00, 
 2DIAGNOSTIC,    12, -6.378592956085e-01, 2.967259593713e-04, 0.0000e+00, 0.0000e+00, 
 2DIAGNOSTIC,    13, -6.378591500740e-01, 1.547341455328e-04, 0.0000e+00, 0.0000e+00, 
 2DIAGNOSTIC,    14, -6.378582581923e-01, 4.465350190508e-05, 0.0000e+00, 0.0000e+00, 
 2DIAGNOSTIC,    15, -6.378581677508e-01, 1.664986289202e-06, 0.0000e+00, 0.0000e+00, 
 2DIAGNOSTIC,    16, -6.378599577495e-01, 1.507372895462e-06, 0.0000e+00, 0.0000e+00, 
 2DIAGNOSTIC,    17, -6.378600321490e-01, 1.571648231148e-06, 0.0000e+00, 0.0000e+00, 
 2DIAGNOSTIC,    18, -6.378598957264e-01, 1.627323755957e-06, 0.0000e+00, 0.0000e+00, 
 2DIAGNOSTIC,    19, -6.378578289297e-01, 1.598431030800e-06, 0.0000e+00, 0.0000e+00, 
 2DIAGNOSTIC,    20, -6.378579031404e-01, 1.561343163731e-06, 0.0000e+00, 0.0000e+00, 
 2DIAGNOSTIC,    21, -6.378611594862e-01, 1.544533517493e-06, 0.0000e+00, 0.0000e+00, 
 2DIAGNOSTIC,    22, -6.378602824878e-01, 1.498024539609e-06, 0.0000e+00, 0.0000e+00, 
 2DIAGNOSTIC,    23, -6.378587889446e-01, 1.421598237995e-06, 0.0000e+00, 0.0000e+00, 
 2DIAGNOSTIC,    24, -6.378582635329e-01, 1.324481777795e-06, 0.0000e+00, 0.0000e+00, 
 2DIAGNOSTIC,    25, -6.378539469155e-01, 1.155415448886e-06, 0.0000e+00, 0.0000e+00, 
 2DIAGNOSTIC,    26, -6.378534977906e-01, 1.033591139621e-06, 0.0000e+00, 0.0000e+00, 
DIAGNOSTIC,Iteration,metricValue,convergenceValue,ITERATION_TIME_INDEX,SINCE_LAST
 2DIAGNOSTIC,     1, -5.637397225307e-01, 1.797693134862e+308, 0.0000e+00, 0.0000e+00, 
 2DIAGNOSTIC,     2, -5.638472600833e-01, 1.797693134862e+308, 0.0000e+00, 0.0000e+00, 
 2DIAGNOSTIC,     3, -5.638587161099e-01, 1.797693134862e+308, 0.0000e+00, 0.0000e+00, 
 2DIAGNOSTIC,     4, -5.638582621280e-01, 1.797693134862e+308, 0.0000e+00, 0.0000e+00, 
 2DIAGNOSTIC,     5, -5.638591000178e-01, 1.797693134862e+308, 0.0000e+00, 0.0000e+00, 
 2DIAGNOSTIC,     6, -5.638589166167e-01, 1.797693134862e+308, 0.0000e+00, 0.0000e+00, 
 2DIAGNOSTIC,     7, -5.638592517666e-01, 1.797693134862e+308, 0.0000e+00, 0.0000e+00, 
 2DIAGNOSTIC,     8, -5.638591929623e-01, 1.797693134862e+308, 0.0000e+00, 0.0000e+00, 
 2DIAGNOSTIC,     9, -5.638589799284e-01, 1.797693134862e+308, 0.0000e+00, 0.0000e+00, 
 2DIAGNOSTIC,    10, -5.638588959454e-01, 9.743166366080e-06, 0.0000e+00, 0.0000e+00, 
 2DIAGNOSTIC,    11, -5.638588517769e-01, 3.458253607702e-06, 0.0000e+00, 0.0000e+00, 
 2DIAGNOSTIC,    12, -5.638588442217e-01, 2.673061364228e-06, 0.0000e+00, 0.0000e+00, 
 2DIAGNOSTIC,    13, -5.638585093923e-01, 2.438642697500e-06, 0.0000e+00, 0.0000e+00, 
 2DIAGNOSTIC,    14, -5.638587227976e-01, 2.229552221816e-06, 0.0000e+00, 0.0000e+00, 
 2DIAGNOSTIC,    15, -5.638584501821e-01, 2.071271167109e-06, 0.0000e+00, 0.0000e+00, 
 2DIAGNOSTIC,    16, -5.638586454090e-01, 1.937460157850e-06, 0.0000e+00, 0.0000e+00, 
 2DIAGNOSTIC,    17, -5.638584713156e-01, 1.828677879109e-06, 0.0000e+00, 0.0000e+00, 
 2DIAGNOSTIC,    18, -5.638586596860e-01, 1.739901413805e-06, 0.0000e+00, 0.0000e+00, 
 2DIAGNOSTIC,    19, -5.638588451944e-01, 1.662192325246e-06, 1.0240e+03, 1.0240e+03, 
 2DIAGNOSTIC,    20, -5.638587900727e-01, 1.589708605476e-06, 1.0240e+03, 0.0000e+00, 
 2DIAGNOSTIC,    21, -5.638587416247e-01, 1.522118390107e-06, 1.0240e+03, 0.0000e+00, 
 2DIAGNOSTIC,    22, -5.638587289666e-01, 1.459840013818e-06, 1.0240e+03, 0.0000e+00, 
 2DIAGNOSTIC,    23, -5.638587938200e-01, 1.395544764124e-06, 1.0240e+03, 0.0000e+00, 
 2DIAGNOSTIC,    24, -5.638585198105e-01, 1.334200463207e-06, 1.0240e+03, 0.0000e+00, 
 2DIAGNOSTIC,    25, -5.638586752956e-01, 1.274679342328e-06, 1.0240e+03, 0.0000e+00, 
 2DIAGNOSTIC,    26, -5.638588630896e-01, 1.227055080710e-06, 1.0240e+03, 0.0000e+00, 
 2DIAGNOSTIC,    27, -5.638589110265e-01, 1.180059289008e-06, 1.0240e+03, 0.0000e+00, 
 2DIAGNOSTIC,    28, -5.638589582183e-01, 1.140435581214e-06, 1.0240e+03, 0.0000e+00, 
 2DIAGNOSTIC,    29, -5.638588370659e-01, 1.104385452567e-06, 1.0240e+03, 0.0000e+00, 
 2DIAGNOSTIC,    30, -5.638588642565e-01, 1.069656516910e-06, 1.0240e+03, 0.0000e+00, 
 2DIAGNOSTIC,    31, -5.638591687895e-01, 1.040321366476e-06, 1.0240e+03, 0.0000e+00, 
 2DIAGNOSTIC,    32, -5.638591829463e-01, 1.011280766731e-06, 1.0240e+03, 0.0000e+00, 
  Elapsed time (stage 0): 1.0240e+03


Total elapsed time: 1.0240e+03
Info [verificarlo]: loaded backend libinterflop_vprec.so
Info [interflop-vprec]: load backend with: 
Info [interflop-vprec]: precision-binary32 = 20
Info [interflop-vprec]: range-binary32 = 7
Info [interflop-vprec]: precision-binary64 = 20
Info [interflop-vprec]: range-binary64 = 7
Info [interflop-vprec]: mode = ob
Info [interflop-vprec]: error-mode = rel
