
##########################
# Experiment information #
##########################

EXPERIMENT_NAME: antsRegistration-r8-p19
VFC_BACKENDS: libinterflop_vprec.so --range-binary32=8 --precision-binary32=19 --range-binary64=8 --precision-binary64=19

SIF_IMG: /home/mdugre/projects/rrg-glatard/mdugre/containers/ants-vprec-no_metrics.simg

SUBJECT_ID: s017
INPUT_IMG: /home/mdugre/scratch/mri-registration-rp/datasets/ds004513/derivatives/mri-registration-rp/antsBrainExtraction/sub-s017/BrainExtractionBrain.nii.gz
OUTPUT_DIR: /home/mdugre/scratch/mri-registration-rp/datasets/ds004513/derivatives/mri-registration-rp/1111/antsRegistration-r8-p19/sub-s017

FIXED_IMG: /templateflow/tpl-MNI152NLin2009cAsym/tpl-MNI152NLin2009cAsym_res-01_desc-brain_T1w.nii.gz
DATA_DIR: /home/mdugre/scratch/mri-registration-rp/datasets/ds004513
TEMPLATEFLOW_DIR: /home/mdugre/projects/rrg-glatard/mdugre/templateflow
ITK_GLOBAL_DEFAULT_NUMBER_OF_THREADS: 16
##########################

Info [verificarlo]: loaded backend libinterflop_vprec.so
Info [interflop-vprec]: load backend with: 
Info [interflop-vprec]: precision-binary32 = 19
Info [interflop-vprec]: range-binary32 = 8
Info [interflop-vprec]: precision-binary64 = 19
Info [interflop-vprec]: range-binary64 = 8
Info [interflop-vprec]: mode = ob
Info [interflop-vprec]: error-mode = rel
Info [interflop-vprec]: max-abs-error-exponent = -1022
Info [interflop-vprec]: daz = false
Info [interflop-vprec]: ftz = false
Info [interflop-vprec]: 	instrument = none
Info [interflop-vprec]: 	prec-input-file = (null)
Info [interflop-vprec]: 	prec-output-file = (null)
Info [interflop-vprec]: 	prec-log-file = (null)
All_Command_lines_OK
Using double precision for computations.
=============================================================================
The composite transform comprises the following transforms (in order): 
  1. Center of mass alignment using fixed image: /templateflow/tpl-MNI152NLin2009cAsym/tpl-MNI152NLin2009cAsym_res-01_desc-brain_T1w.nii.gz and moving image: /home/mdugre/scratch/mri-registration-rp/datasets/ds004513/derivatives/mri-registration-rp/antsBrainExtraction/sub-s017/BrainExtractionBrain.nii.gz (type = Euler3DTransform)
=============================================================================
  number of levels = 1
  fixed image: /templateflow/tpl-MNI152NLin2009cAsym/tpl-MNI152NLin2009cAsym_res-01_desc-brain_T1w.nii.gz
  moving image: /home/mdugre/scratch/mri-registration-rp/datasets/ds004513/derivatives/mri-registration-rp/antsBrainExtraction/sub-s017/BrainExtractionBrain.nii.gz
Dimension = 3
Number of stages = 1
Use histogram matching = false
Winsorize image intensities = true
  Lower quantile = 0.005
  Upper quantile = 0.995


Stage 1 State
   Image metric = MattesMI
     Fixed image = Image (0x4d35b20)
  RTTI typeinfo:   itk::Image<double, 3u>
  Reference Count: 2
  Modified Time: 2334
  Debug: Off
  Object Name: 
  Observers: 
    none
  Source: (none)
  Source output name: (none)
  Release Data: Off
  Data Released: False
  Global Release Data: Off
  PipelineMTime: 0
  UpdateMTime: 1943
  RealTimeStamp: 0 seconds 
  LargestPossibleRegion: 
    Dimension: 3
    Index: [0, 0, 0]
    Size: [193, 229, 193]
  BufferedRegion: 
    Dimension: 3
    Index: [0, 0, 0]
    Size: [193, 229, 193]
  RequestedRegion: 
    Dimension: 3
    Index: [0, 0, 0]
    Size: [193, 229, 193]
  Spacing: [1, 1, 1]
  Origin: [96, 132, -78]
  Direction: 
-1 0 0
0 -1 0
0 0 1

  IndexToPointMatrix: 
-1 0 0
0 -1 0
0 0 1

  PointToIndexMatrix: 
-1 0 0
0 -1 0
0 0 1

  Inverse Direction: 
-1 0 0
0 -1 0
0 0 1

  PixelContainer: 
    ImportImageContainer (0x4e61650)
      RTTI typeinfo:   itk::ImportImageContainer<unsigned long, double>
      Reference Count: 1
      Modified Time: 1940
      Debug: Off
      Object Name: 
      Observers: 
        none
      Pointer: 0x14771477a010
      Container manages memory: true
      Size: 8530021
      Capacity: 8530021

     Moving image = Image (0x4d37ad0)
  RTTI typeinfo:   itk::Image<double, 3u>
  Reference Count: 2
  Modified Time: 2335
  Debug: Off
  Object Name: 
  Observers: 
    none
  Source: (none)
  Source output name: (none)
  Release Data: Off
  Data Released: False
  Global Release Data: Off
  PipelineMTime: 0
  UpdateMTime: 2332
  RealTimeStamp: 0 seconds 
  LargestPossibleRegion: 
    Dimension: 3
    Index: [0, 0, 0]
    Size: [160, 240, 256]
  BufferedRegion: 
    Dimension: 3
    Index: [0, 0, 0]
    Size: [160, 240, 256]
  RequestedRegion: 
    Dimension: 3
    Index: [0, 0, 0]
    Size: [160, 240, 256]
  Spacing: [1, 1, 1]
  Origin: [91.3357, 102.231, -120.042]
  Direction: 
-0.997442 -5.36781e-05 -0.0714818
5.35416e-05 -1 3.82464e-06
-0.0714818 -1.23894e-08 0.997442

  IndexToPointMatrix: 
-0.997444 -5.36781e-05 -0.0714818
5.35417e-05 -1 3.82464e-06
-0.0714819 -1.23894e-08 0.997442

  PointToIndexMatrix: 
-0.99744 5.35415e-05 -0.0714817
-5.36781e-05 -1 -1.23873e-08
-0.0714818 3.82465e-06 0.997442

  Inverse Direction: 
-0.997442 5.35416e-05 -0.0714818
-5.36781e-05 -1 -1.23873e-08
-0.0714818 3.82465e-06 0.997442

  PixelContainer: 
    ImportImageContainer (0x4d7f050)
      RTTI typeinfo:   itk::ImportImageContainer<unsigned long, double>
      Reference Count: 1
      Modified Time: 2329
      Debug: Off
      Object Name: 
      Observers: 
        none
      Pointer: 0x14770fc79010
      Container manages memory: true
      Size: 9830400
      Capacity: 9830400

     Weighting = 1
     Sampling strategy = regular
     Number of bins = 32
     Radius = 4
     Sampling percentage  = 0.25
   Transform = Rigid
     Gradient step = 0.1
     Update field sigma (voxel space) = 0
     Total field sigma (voxel space) = 0
     Update field time sigma = 0
     Total field time sigma  = 0
     Number of time indices = 0
     Number of time point samples = 0
Registration using 1 total stages.

Stage 0
  iterations = 0
  convergence threshold = 1e-06
  convergence window size = 10
  number of levels = 1
  using the Mattes MI metric (number of bins = 32, weight = 1, use gradient filter = 0)
  preprocessing:  winsorizing the image intensities
  Shrink factors (level 1 out of 1): [1, 1, 1]
  smoothing sigmas per level: [0]
  regular sampling (percentage = 0.25)

*** Running Euler3DTransform registration ***

  Elapsed time (stage 0): 0


Total elapsed time: 0
Info [verificarlo]: loaded backend libinterflop_vprec.so
Info [interflop-vprec]: load backend with: 
Info [interflop-vprec]: precision-binary32 = 19
Info [interflop-vprec]: range-binary32 = 8
Info [interflop-vprec]: precision-binary64 = 19
Info [interflop-vprec]: range-binary64 = 8
Info [interflop-vprec]: mode = ob
Info [interflop-vprec]: error-mode = rel
Info [interflop-vprec]: max-abs-error-exponent = -1022
Info [interflop-vprec]: daz = false
Info [interflop-vprec]: ftz = false
Info [interflop-vprec]: 	instrument = none
Info [interflop-vprec]: 	prec-input-file = (null)
Info [interflop-vprec]: 	prec-output-file = (null)
Info [interflop-vprec]: 	prec-log-file = (null)
All_Command_lines_OK
Using double precision for computations.
=============================================================================
The composite transform comprises the following transforms (in order): 
  1. /home/mdugre/scratch/mri-registration-rp/datasets/ds004513/derivatives/mri-registration-rp/1111/antsRegistration-r8-p19/sub-s017/align_Composite.h5[0] (type = Euler3DTransform)
  2. /home/mdugre/scratch/mri-registration-rp/datasets/ds004513/derivatives/mri-registration-rp/1111/antsRegistration-r8-p19/sub-s017/align_Composite.h5[1] (type = Euler3DTransform)
=============================================================================
  number of levels = 4
  fixed image: /templateflow/tpl-MNI152NLin2009cAsym/tpl-MNI152NLin2009cAsym_res-01_desc-brain_T1w.nii.gz
  moving image: /home/mdugre/scratch/mri-registration-rp/datasets/ds004513/derivatives/mri-registration-rp/antsBrainExtraction/sub-s017/BrainExtractionBrain.nii.gz
Dimension = 3
Number of stages = 1
Use histogram matching = false
Winsorize image intensities = true
  Lower quantile = 0.005
  Upper quantile = 0.995


Stage 1 State
   Image metric = MattesMI
     Fixed image = Image (0x46791e0)
  RTTI typeinfo:   itk::Image<double, 3u>
  Reference Count: 2
  Modified Time: 1580
  Debug: Off
  Object Name: 
  Observers: 
    none
  Source: (none)
  Source output name: (none)
  Release Data: Off
  Data Released: False
  Global Release Data: Off
  PipelineMTime: 0
  UpdateMTime: 1189
  RealTimeStamp: 0 seconds 
  LargestPossibleRegion: 
    Dimension: 3
    Index: [0, 0, 0]
    Size: [193, 229, 193]
  BufferedRegion: 
    Dimension: 3
    Index: [0, 0, 0]
    Size: [193, 229, 193]
  RequestedRegion: 
    Dimension: 3
    Index: [0, 0, 0]
    Size: [193, 229, 193]
  Spacing: [1, 1, 1]
  Origin: [96, 132, -78]
  Direction: 
-1 0 0
0 -1 0
0 0 1

  IndexToPointMatrix: 
-1 0 0
0 -1 0
0 0 1

  PointToIndexMatrix: 
-1 0 0
0 -1 0
0 0 1

  Inverse Direction: 
-1 0 0
0 -1 0
0 0 1

  PixelContainer: 
    ImportImageContainer (0x47386f0)
      RTTI typeinfo:   itk::ImportImageContainer<unsigned long, double>
      Reference Count: 1
      Modified Time: 1186
      Debug: Off
      Object Name: 
      Observers: 
        none
      Pointer: 0x148d69ea6010
      Container manages memory: true
      Size: 8530021
      Capacity: 8530021

     Moving image = Image (0x4734c90)
  RTTI typeinfo:   itk::Image<double, 3u>
  Reference Count: 2
  Modified Time: 1581
  Debug: Off
  Object Name: 
  Observers: 
    none
  Source: (none)
  Source output name: (none)
  Release Data: Off
  Data Released: False
  Global Release Data: Off
  PipelineMTime: 0
  UpdateMTime: 1578
  RealTimeStamp: 0 seconds 
  LargestPossibleRegion: 
    Dimension: 3
    Index: [0, 0, 0]
    Size: [160, 240, 256]
  BufferedRegion: 
    Dimension: 3
    Index: [0, 0, 0]
    Size: [160, 240, 256]
  RequestedRegion: 
    Dimension: 3
    Index: [0, 0, 0]
    Size: [160, 240, 256]
  Spacing: [1, 1, 1]
  Origin: [91.3357, 102.231, -120.042]
  Direction: 
-0.997442 -5.36781e-05 -0.0714818
5.35416e-05 -1 3.82464e-06
-0.0714818 -1.23894e-08 0.997442

  IndexToPointMatrix: 
-0.997444 -5.36781e-05 -0.0714818
5.35417e-05 -1 3.82464e-06
-0.0714819 -1.23894e-08 0.997442

  PointToIndexMatrix: 
-0.99744 5.35415e-05 -0.0714817
-5.36781e-05 -1 -1.23873e-08
-0.0714818 3.82465e-06 0.997442

  Inverse Direction: 
-0.997442 5.35416e-05 -0.0714818
-5.36781e-05 -1 -1.23873e-08
-0.0714818 3.82465e-06 0.997442

  PixelContainer: 
    ImportImageContainer (0x46f7010)
      RTTI typeinfo:   itk::ImportImageContainer<unsigned long, double>
      Reference Count: 1
      Modified Time: 1575
      Debug: Off
      Object Name: 
      Observers: 
        none
      Pointer: 0x148d653a5010
      Container manages memory: true
      Size: 9830400
      Capacity: 9830400

     Weighting = 1
     Sampling strategy = regular
     Number of bins = 32
     Radius = 4
     Sampling percentage  = 0.25
   Transform = Rigid
     Gradient step = 0.1
     Update field sigma (voxel space) = 0
     Total field sigma (voxel space) = 0
     Update field time sigma = 0
     Total field time sigma  = 0
     Number of time indices = 0
     Number of time point samples = 0
Registration using 1 total stages.

Stage 0
  iterations = 1000x500x250x100
  convergence threshold = 1e-06
  convergence window size = 10
  number of levels = 4
  using the Mattes MI metric (number of bins = 32, weight = 1, use gradient filter = 0)
  preprocessing:  winsorizing the image intensities
  Shrink factors (level 1 out of 4): [8, 8, 8]
  Shrink factors (level 2 out of 4): [4, 4, 4]
  Shrink factors (level 3 out of 4): [2, 2, 2]
  Shrink factors (level 4 out of 4): [1, 1, 1]
  smoothing sigmas per level: [3, 2, 1, 0]
  regular sampling (percentage = 0.25)

*** Running Euler3DTransform registration ***

DIAGNOSTIC,Iteration,metricValue,convergenceValue,ITERATION_TIME_INDEX,SINCE_LAST
 2DIAGNOSTIC,     1, -5.489356222770e-01, 1.797693134862e+308, 0.0000e+00, 0.0000e+00, 
 2DIAGNOSTIC,     2, -5.503420326558e-01, 1.797693134862e+308, 0.0000e+00, 0.0000e+00, 
 2DIAGNOSTIC,     3, -5.536175640061e-01, 1.797693134862e+308, 0.0000e+00, 0.0000e+00, 
 2DIAGNOSTIC,     4, -5.612084587082e-01, 1.797693134862e+308, 0.0000e+00, 0.0000e+00, 
 2DIAGNOSTIC,     5, -5.640698373581e-01, 1.797693134862e+308, 0.0000e+00, 0.0000e+00, 
 2DIAGNOSTIC,     6, -5.681155143727e-01, 1.797693134862e+308, 0.0000e+00, 0.0000e+00, 
 2DIAGNOSTIC,     7, -5.697213535425e-01, 1.797693134862e+308, 0.0000e+00, 0.0000e+00, 
 2DIAGNOSTIC,     8, -5.719324835521e-01, 1.797693134862e+308, 0.0000e+00, 0.0000e+00, 
 2DIAGNOSTIC,     9, -5.748750979404e-01, 1.797693134862e+308, 0.0000e+00, 0.0000e+00, 
 2DIAGNOSTIC,    10, -5.771585412746e-01, 3.387375298139e-03, 0.0000e+00, 0.0000e+00, 
 2DIAGNOSTIC,    11, -5.801023412127e-01, 2.920663143028e-03, 0.0000e+00, 0.0000e+00, 
 2DIAGNOSTIC,    12, -5.793664588072e-01, 2.300171452240e-03, 0.0000e+00, 0.0000e+00, 
 2DIAGNOSTIC,    13, -5.791950707859e-01, 1.686636930275e-03, 0.0000e+00, 0.0000e+00, 
 2DIAGNOSTIC,    14, -5.825176536676e-01, 1.397790354508e-03, 0.0000e+00, 0.0000e+00, 
 2DIAGNOSTIC,    15, -5.830235151660e-01, 1.125422842963e-03, 0.0000e+00, 0.0000e+00, 
 2DIAGNOSTIC,    16, -5.834874195280e-01, 9.252456932869e-04, 0.0000e+00, 0.0000e+00, 
 2DIAGNOSTIC,    17, -5.853991093236e-01, 7.687414949163e-04, 0.0000e+00, 0.0000e+00, 
 2DIAGNOSTIC,    18, -5.851593074251e-01, 6.121429295354e-04, 0.0000e+00, 0.0000e+00, 
 2DIAGNOSTIC,    19, -5.856646864917e-01, 5.042954004725e-04, 0.0000e+00, 0.0000e+00, 
 2DIAGNOSTIC,    20, -5.861751408467e-01, 4.274199125627e-04, 0.0000e+00, 0.0000e+00, 
 2DIAGNOSTIC,    21, -5.873173247864e-01, 4.157109247962e-04, 0.0000e+00, 0.0000e+00, 
 2DIAGNOSTIC,    22, -5.876697725937e-01, 3.578729401578e-04, 0.0000e+00, 0.0000e+00, 
 2DIAGNOSTIC,    23, -5.878737595271e-01, 2.709508051315e-04, 0.0000e+00, 0.0000e+00, 
 2DIAGNOSTIC,    24, -5.885709454595e-01, 2.494403335410e-04, 0.0000e+00, 0.0000e+00, 
 2DIAGNOSTIC,    25, -5.886459081237e-01, 2.174570372645e-04, 0.0000e+00, 0.0000e+00, 
 2DIAGNOSTIC,    26, -5.889084037416e-01, 1.802486768505e-04, 0.0000e+00, 0.0000e+00, 
 2DIAGNOSTIC,    27, -5.888543844523e-01, 1.631493046563e-04, 0.0000e+00, 0.0000e+00, 
 2DIAGNOSTIC,    28, -5.890047570133e-01, 1.306127315397e-04, 0.0000e+00, 0.0000e+00, 
 2DIAGNOSTIC,    29, -5.902882805043e-01, 1.183133479055e-04, 0.0000e+00, 0.0000e+00, 
 2DIAGNOSTIC,    30, -5.904375912988e-01, 1.055006778786e-04, 0.0000e+00, 0.0000e+00, 
 2DIAGNOSTIC,    31, -5.907616976880e-01, 1.070732941108e-04, 0.0000e+00, 0.0000e+00, 
 2DIAGNOSTIC,    32, -5.911941825302e-01, 1.107894837788e-04, 0.0000e+00, 0.0000e+00, 
 2DIAGNOSTIC,    33, -5.911323319455e-01, 1.055656793573e-04, 0.0000e+00, 0.0000e+00, 
 2DIAGNOSTIC,    34, -5.911664527556e-01, 1.011206643602e-04, 0.0000e+00, 0.0000e+00, 
 2DIAGNOSTIC,    35, -5.912119105612e-01, 8.898059413456e-05, 0.0000e+00, 0.0000e+00, 
 2DIAGNOSTIC,    36, -5.912268968333e-01, 7.313046227060e-05, 0.0000e+00, 0.0000e+00, 
 2DIAGNOSTIC,    37, -5.912386004525e-01, 5.080081381232e-05, 0.0000e+00, 0.0000e+00, 
 2DIAGNOSTIC,    38, -5.911787308218e-01, 2.569421602168e-05, 0.0000e+00, 0.0000e+00, 
 2DIAGNOSTIC,    39, -5.913369274045e-01, 1.770140669215e-05, 0.0000e+00, 0.0000e+00, 
 2DIAGNOSTIC,    40, -5.913554723948e-01, 1.042087273902e-05, 0.0000e+00, 0.0000e+00, 
 2DIAGNOSTIC,    41, -5.914614867017e-01, 7.556411938673e-06, 0.0000e+00, 0.0000e+00, 
 2DIAGNOSTIC,    42, -5.915645068641e-01, 1.043944446742e-05, 0.0000e+00, 0.0000e+00, 
 2DIAGNOSTIC,    43, -5.914816937802e-01, 1.060749480854e-05, 0.0000e+00, 0.0000e+00, 
 2DIAGNOSTIC,    44, -5.914820599455e-01, 1.022908840882e-05, 0.0000e+00, 0.0000e+00, 
 2DIAGNOSTIC,    45, -5.915902763606e-01, 1.060435709668e-05, 0.0000e+00, 0.0000e+00, 
 2DIAGNOSTIC,    46, -5.915970019843e-01, 1.019251345722e-05, 0.0000e+00, 0.0000e+00, 
 2DIAGNOSTIC,    47, -5.915977632810e-01, 9.052598191891e-06, 0.0000e+00, 0.0000e+00, 
 2DIAGNOSTIC,    48, -5.915983169526e-01, 6.560103071967e-06, 0.0000e+00, 0.0000e+00, 
 2DIAGNOSTIC,    49, -5.916017846906e-01, 5.237580976189e-06, 0.0000e+00, 0.0000e+00, 
 2DIAGNOSTIC,    50, -5.916064165030e-01, 3.705879408254e-06, 0.0000e+00, 0.0000e+00, 
 2DIAGNOSTIC,    51, -5.916090779054e-01, 2.935246516626e-06, 0.0000e+00, 0.0000e+00, 
 2DIAGNOSTIC,    52, -5.916142599701e-01, 3.024975149760e-06, 0.0000e+00, 0.0000e+00, 
 2DIAGNOSTIC,    53, -5.916194795320e-01, 2.180322614509e-06, 0.0000e+00, 0.0000e+00, 
 2DIAGNOSTIC,    54, -5.916320583733e-01, 1.304663336674e-06, 0.0000e+00, 0.0000e+00, 
 2DIAGNOSTIC,    55, -5.916675076167e-01, 1.659060314459e-06, 0.0000e+00, 0.0000e+00, 
 2DIAGNOSTIC,    56, -5.916688106927e-01, 1.960000053654e-06, 0.0000e+00, 0.0000e+00, 
 2DIAGNOSTIC,    57, -5.916725586814e-01, 2.160431883821e-06, 0.0000e+00, 0.0000e+00, 
 2DIAGNOSTIC,    58, -5.916780860199e-01, 2.254100782684e-06, 0.0000e+00, 0.0000e+00, 
 2DIAGNOSTIC,    59, -5.917058563750e-01, 2.434420138381e-06, 0.0000e+00, 0.0000e+00, 
 2DIAGNOSTIC,    60, -5.917050352557e-01, 2.447639846404e-06, 0.0000e+00, 0.0000e+00, 
 2DIAGNOSTIC,    61, -5.917094234289e-01, 2.335723579310e-06, 0.0000e+00, 0.0000e+00, 
 2DIAGNOSTIC,    62, -5.917089710328e-01, 2.096704183753e-06, 0.0000e+00, 0.0000e+00, 
 2DIAGNOSTIC,    63, -5.917091182876e-01, 1.754165705511e-06, 0.0000e+00, 0.0000e+00, 
 2DIAGNOSTIC,    64, -5.917114842463e-01, 1.405599055097e-06, 0.0000e+00, 0.0000e+00, 
 2DIAGNOSTIC,    65, -5.917121132029e-01, 1.249564817073e-06, 0.0000e+00, 0.0000e+00, 
 2DIAGNOSTIC,    66, -5.917139348608e-01, 1.051057462485e-06, 0.0000e+00, 0.0000e+00, 
DIAGNOSTIC,Iteration,metricValue,convergenceValue,ITERATION_TIME_INDEX,SINCE_LAST
 2DIAGNOSTIC,     1, -4.783813665623e-01, 1.797693134862e+308, 0.0000e+00, 0.0000e+00, 
 2DIAGNOSTIC,     2, -4.784321065867e-01, 1.797693134862e+308, 0.0000e+00, 0.0000e+00, 
 2DIAGNOSTIC,     3, -4.786118986955e-01, 1.797693134862e+308, 0.0000e+00, 0.0000e+00, 
 2DIAGNOSTIC,     4, -4.786886745416e-01, 1.797693134862e+308, 0.0000e+00, 0.0000e+00, 
 2DIAGNOSTIC,     5, -4.792140595507e-01, 1.797693134862e+308, 0.0000e+00, 0.0000e+00, 
 2DIAGNOSTIC,     6, -4.804987862420e-01, 1.797693134862e+308, 0.0000e+00, 0.0000e+00, 
 2DIAGNOSTIC,     7, -4.808529450347e-01, 1.797693134862e+308, 0.0000e+00, 0.0000e+00, 
 2DIAGNOSTIC,     8, -4.812233390831e-01, 1.797693134862e+308, 0.0000e+00, 0.0000e+00, 
 2DIAGNOSTIC,     9, -4.818512988291e-01, 1.797693134862e+308, 0.0000e+00, 0.0000e+00, 
 2DIAGNOSTIC,    10, -4.829446700375e-01, 6.310927460947e-04, 0.0000e+00, 0.0000e+00, 
 2DIAGNOSTIC,    11, -4.830321712425e-01, 6.269640946317e-04, 0.0000e+00, 0.0000e+00, 
 2DIAGNOSTIC,    12, -4.830986952701e-01, 5.740120471197e-04, 0.0000e+00, 0.0000e+00, 
 2DIAGNOSTIC,    13, -4.830981358580e-01, 4.872896522758e-04, 0.0000e+00, 0.0000e+00, 
 2DIAGNOSTIC,    14, -4.831012053768e-01, 3.720371071256e-04, 0.0000e+00, 0.0000e+00, 
 2DIAGNOSTIC,    15, -4.831130446270e-01, 2.577895588100e-04, 0.0000e+00, 0.0000e+00, 
 2DIAGNOSTIC,    16, -4.831168301194e-01, 1.819459307081e-04, 0.0000e+00, 0.0000e+00, 
 2DIAGNOSTIC,    17, -4.831116599304e-01, 1.110835374117e-04, 0.0000e+00, 0.0000e+00, 
 2DIAGNOSTIC,    18, -4.830986222199e-01, 4.964919803395e-05, 0.0000e+00, 0.0000e+00, 
 2DIAGNOSTIC,    19, -4.831195902105e-01, 9.527508837884e-06, 0.0000e+00, 0.0000e+00, 
 2DIAGNOSTIC,    20, -4.831137845185e-01, 4.710803171507e-06, 0.0000e+00, 0.0000e+00, 
 2DIAGNOSTIC,    21, -4.831093153595e-01, 2.347652048075e-06, 0.0000e+00, 0.0000e+00, 
 2DIAGNOSTIC,    22, -4.830876731295e-01, 1.346504321396e-06, 0.0000e+00, 0.0000e+00, 
DIAGNOSTIC,Iteration,metricValue,convergenceValue,ITERATION_TIME_INDEX,SINCE_LAST
 2DIAGNOSTIC,     1, -4.157490254418e-01, 1.797693134862e+308, 0.0000e+00, 0.0000e+00, 
 2DIAGNOSTIC,     2, -4.158614651195e-01, 1.797693134862e+308, 0.0000e+00, 0.0000e+00, 
 2DIAGNOSTIC,     3, -4.158770189576e-01, 1.797693134862e+308, 0.0000e+00, 0.0000e+00, 
 2DIAGNOSTIC,     4, -4.159000381966e-01, 1.797693134862e+308, 0.0000e+00, 0.0000e+00, 
 2DIAGNOSTIC,     5, -4.158964603342e-01, 1.797693134862e+308, 0.0000e+00, 0.0000e+00, 
 2DIAGNOSTIC,     6, -4.158998692832e-01, 1.797693134862e+308, 0.0000e+00, 0.0000e+00, 
 2DIAGNOSTIC,     7, -4.158993616534e-01, 1.797693134862e+308, 0.0000e+00, 0.0000e+00, 
 2DIAGNOSTIC,     8, -4.158984325598e-01, 1.797693134862e+308, 0.0000e+00, 0.0000e+00, 
 2DIAGNOSTIC,     9, -4.158978096405e-01, 1.797693134862e+308, 0.0000e+00, 0.0000e+00, 
 2DIAGNOSTIC,    10, -4.158974178104e-01, 1.652851336885e-05, 0.0000e+00, 0.0000e+00, 
 2DIAGNOSTIC,    11, -4.158958968658e-01, 6.085507886056e-06, 0.0000e+00, 0.0000e+00, 
 2DIAGNOSTIC,    12, -4.158968777295e-01, 3.543970004377e-06, 0.0000e+00, 0.0000e+00, 
 2DIAGNOSTIC,    13, -4.158969085985e-01, 2.095703333635e-06, 0.0000e+00, 0.0000e+00, 
 2DIAGNOSTIC,    14, -4.158969228023e-01, 2.016719417713e-06, 0.0000e+00, 0.0000e+00, 
 2DIAGNOSTIC,    15, -4.158969641420e-01, 1.805917858574e-06, 0.0000e+00, 0.0000e+00, 
 2DIAGNOSTIC,    16, -4.158975892879e-01, 1.822833609458e-06, 0.0000e+00, 0.0000e+00, 
 2DIAGNOSTIC,    17, -4.158969540130e-01, 1.805958887782e-06, 0.0000e+00, 0.0000e+00, 
 2DIAGNOSTIC,    18, -4.158969615061e-01, 1.761957913467e-06, 0.0000e+00, 0.0000e+00, 
 2DIAGNOSTIC,    19, -4.158961683861e-01, 1.672121205713e-06, 0.0000e+00, 0.0000e+00, 
 2DIAGNOSTIC,    20, -4.158961906327e-01, 1.580673692859e-06, 0.0000e+00, 0.0000e+00, 
 2DIAGNOSTIC,    21, -4.158961928414e-01, 1.447562777049e-06, 0.0000e+00, 0.0000e+00, 
 2DIAGNOSTIC,    22, -4.158962045661e-01, 1.363167116783e-06, 0.0000e+00, 0.0000e+00, 
 2DIAGNOSTIC,    23, -4.158962032051e-01, 1.294852022833e-06, 0.0000e+00, 0.0000e+00, 
 2DIAGNOSTIC,    24, -4.158962028396e-01, 1.240834685147e-06, 0.0000e+00, 0.0000e+00, 
 2DIAGNOSTIC,    25, -4.158961668058e-01, 1.198293367435e-06, 0.0000e+00, 0.0000e+00, 
 2DIAGNOSTIC,    26, -4.158961692915e-01, 1.182353277174e-06, 0.0000e+00, 0.0000e+00, 
 2DIAGNOSTIC,    27, -4.158961675373e-01, 1.154796326314e-06, 0.0000e+00, 0.0000e+00, 
 2DIAGNOSTIC,    28, -4.158961669028e-01, 1.131847798652e-06, 0.0000e+00, 0.0000e+00, 
 2DIAGNOSTIC,    29, -4.158961669028e-01, 1.091915491774e-06, 0.0000e+00, 0.0000e+00, 
 2DIAGNOSTIC,    30, -4.158961669028e-01, 1.055376080472e-06, 0.0000e+00, 0.0000e+00, 
 2DIAGNOSTIC,    31, -4.158961669028e-01, 1.021453332660e-06, 0.0000e+00, 0.0000e+00, 
DIAGNOSTIC,Iteration,metricValue,convergenceValue,ITERATION_TIME_INDEX,SINCE_LAST
 2DIAGNOSTIC,     1, -3.830732479160e-01, 1.797693134862e+308, 0.0000e+00, 0.0000e+00, 
 2DIAGNOSTIC,     2, -3.831198461493e-01, 1.797693134862e+308, 0.0000e+00, 0.0000e+00, 
 2DIAGNOSTIC,     3, -3.831679558681e-01, 1.797693134862e+308, 0.0000e+00, 0.0000e+00, 
 2DIAGNOSTIC,     4, -3.832046706465e-01, 1.797693134862e+308, 0.0000e+00, 0.0000e+00, 
 2DIAGNOSTIC,     5, -3.832250914372e-01, 1.797693134862e+308, 0.0000e+00, 0.0000e+00, 
 2DIAGNOSTIC,     6, -3.832390104264e-01, 1.797693134862e+308, 0.0000e+00, 0.0000e+00, 
 2DIAGNOSTIC,     7, -3.832841977340e-01, 1.797693134862e+308, 0.0000e+00, 0.0000e+00, 
 2DIAGNOSTIC,     8, -3.834127708408e-01, 1.797693134862e+308, 0.0000e+00, 0.0000e+00, 
 2DIAGNOSTIC,     9, -3.834809572110e-01, 1.797693134862e+308, 0.0000e+00, 0.0000e+00, 
 2DIAGNOSTIC,    10, -3.837755043727e-01, 9.430365730161e-05, 0.0000e+00, 0.0000e+00, 
 2DIAGNOSTIC,    11, -3.838412734403e-01, 1.067614106921e-04, 0.0000e+00, 0.0000e+00, 
 2DIAGNOSTIC,    12, -3.838481293049e-01, 1.111836801532e-04, 0.0000e+00, 0.0000e+00, 
 2DIAGNOSTIC,    13, -3.838679520636e-01, 1.091254849480e-04, 0.0000e+00, 0.0000e+00, 
 2DIAGNOSTIC,    14, -3.838722607201e-01, 9.974716098367e-05, 0.0000e+00, 0.0000e+00, 
 2DIAGNOSTIC,    15, -3.838713048023e-01, 8.353543515789e-05, 0.0000e+00, 0.0000e+00, 
 2DIAGNOSTIC,    16, -3.838713088730e-01, 6.250930000387e-05, 0.0000e+00, 0.0000e+00, 
 2DIAGNOSTIC,    17, -3.838712314189e-01, 4.042173572841e-05, 0.0000e+00, 0.0000e+00, 
 2DIAGNOSTIC,    18, -3.838711186815e-01, 2.261106147877e-05, 0.0000e+00, 0.0000e+00, 
 2DIAGNOSTIC,    19, -3.838709777979e-01, 7.098944211699e-06, 0.0000e+00, 0.0000e+00, 
 2DIAGNOSTIC,    20, -3.838709830002e-01, 3.492326421640e-06, 0.0000e+00, 0.0000e+00, 
 2DIAGNOSTIC,    21, -3.838709826168e-01, 2.376413251855e-06, 0.0000e+00, 0.0000e+00, 
 2DIAGNOSTIC,    22, -3.838709757009e-01, 1.494021752528e-06, 0.0000e+00, 0.0000e+00, 
 2DIAGNOSTIC,    23, -3.838709755187e-01, 1.317921161412e-06, 0.0000e+00, 0.0000e+00, 
 2DIAGNOSTIC,    24, -3.838709755187e-01, 1.296259523977e-06, 0.0000e+00, 0.0000e+00, 
 2DIAGNOSTIC,    25, -3.838709743402e-01, 1.250394877986e-06, 0.0000e+00, 0.0000e+00, 
 2DIAGNOSTIC,    26, -3.838709743402e-01, 1.209975092564e-06, 0.0000e+00, 0.0000e+00, 
 2DIAGNOSTIC,    27, -3.838709720312e-01, 1.171454933682e-06, 0.0000e+00, 0.0000e+00, 
 2DIAGNOSTIC,    28, -3.838709723139e-01, 1.133234664760e-06, 0.0000e+00, 0.0000e+00, 
 2DIAGNOSTIC,    29, -3.838709726416e-01, 1.094107494708e-06, 0.0000e+00, 0.0000e+00, 
 2DIAGNOSTIC,    30, -3.838709738022e-01, 1.057799552923e-06, 0.0000e+00, 0.0000e+00, 
 2DIAGNOSTIC,    31, -3.838709766113e-01, 1.023933480220e-06, 0.0000e+00, 0.0000e+00, 
  Elapsed time (stage 0): 0.0000e+00


Total elapsed time: 0.0000e+00
Info [verificarlo]: loaded backend libinterflop_vprec.so
Info [interflop-vprec]: load backend with: 
Info [interflop-vprec]: precision-binary32 = 19
Info [interflop-vprec]: range-binary32 = 8
Info [interflop-vprec]: precision-binary64 = 19
Info [interflop-vprec]: range-binary64 = 8
Info [interflop-vprec]: mode = ob
Info [interflop-vprec]: error-mode = rel
Info [interflop-vprec]: max-abs-error-exponent = -1022
Info [interflop-vprec]: daz = false
Info [interflop-vprec]: ftz = false
Info [interflop-vprec]: 	instrument = none
Info [interflop-vprec]: 	prec-input-file = (null)
Info [interflop-vprec]: 	prec-output-file = (null)
Info [interflop-vprec]: 	prec-log-file = (null)
All_Command_lines_OK
Using double precision for computations.
=============================================================================
The composite transform comprises the following transforms (in order): 
  1. /home/mdugre/scratch/mri-registration-rp/datasets/ds004513/derivatives/mri-registration-rp/1111/antsRegistration-r8-p19/sub-s017/rigid_Composite.h5[0] (type = Euler3DTransform)
  2. /home/mdugre/scratch/mri-registration-rp/datasets/ds004513/derivatives/mri-registration-rp/1111/antsRegistration-r8-p19/sub-s017/rigid_Composite.h5[1] (type = Euler3DTransform)
  3. /home/mdugre/scratch/mri-registration-rp/datasets/ds004513/derivatives/mri-registration-rp/1111/antsRegistration-r8-p19/sub-s017/rigid_Composite.h5[2] (type = Euler3DTransform)
=============================================================================
  number of levels = 4
  fixed image: /templateflow/tpl-MNI152NLin2009cAsym/tpl-MNI152NLin2009cAsym_res-01_desc-brain_T1w.nii.gz
  moving image: /home/mdugre/scratch/mri-registration-rp/datasets/ds004513/derivatives/mri-registration-rp/antsBrainExtraction/sub-s017/BrainExtractionBrain.nii.gz
Dimension = 3
Number of stages = 1
Use histogram matching = false
Winsorize image intensities = true
  Lower quantile = 0.005
  Upper quantile = 0.995


Stage 1 State
   Image metric = MattesMI
     Fixed image = Image (0x39a1490)
  RTTI typeinfo:   itk::Image<double, 3u>
  Reference Count: 2
  Modified Time: 1594
  Debug: Off
  Object Name: 
  Observers: 
    none
  Source: (none)
  Source output name: (none)
  Release Data: Off
  Data Released: False
  Global Release Data: Off
  PipelineMTime: 0
  UpdateMTime: 1203
  RealTimeStamp: 0 seconds 
  LargestPossibleRegion: 
    Dimension: 3
    Index: [0, 0, 0]
    Size: [193, 229, 193]
  BufferedRegion: 
    Dimension: 3
    Index: [0, 0, 0]
    Size: [193, 229, 193]
  RequestedRegion: 
    Dimension: 3
    Index: [0, 0, 0]
    Size: [193, 229, 193]
  Spacing: [1, 1, 1]
  Origin: [96, 132, -78]
  Direction: 
-1 0 0
0 -1 0
0 0 1

  IndexToPointMatrix: 
-1 0 0
0 -1 0
0 0 1

  PointToIndexMatrix: 
-1 0 0
0 -1 0
0 0 1

  Inverse Direction: 
-1 0 0
0 -1 0
0 0 1

  PixelContainer: 
    ImportImageContainer (0x39ad2a0)
      RTTI typeinfo:   itk::ImportImageContainer<unsigned long, double>
      Reference Count: 1
      Modified Time: 1200
      Debug: Off
      Object Name: 
      Observers: 
        none
      Pointer: 0x1515102ed010
      Container manages memory: true
      Size: 8530021
      Capacity: 8530021

     Moving image = Image (0x3a5cd20)
  RTTI typeinfo:   itk::Image<double, 3u>
  Reference Count: 2
  Modified Time: 1595
  Debug: Off
  Object Name: 
  Observers: 
    none
  Source: (none)
  Source output name: (none)
  Release Data: Off
  Data Released: False
  Global Release Data: Off
  PipelineMTime: 0
  UpdateMTime: 1592
  RealTimeStamp: 0 seconds 
  LargestPossibleRegion: 
    Dimension: 3
    Index: [0, 0, 0]
    Size: [160, 240, 256]
  BufferedRegion: 
    Dimension: 3
    Index: [0, 0, 0]
    Size: [160, 240, 256]
  RequestedRegion: 
    Dimension: 3
    Index: [0, 0, 0]
    Size: [160, 240, 256]
  Spacing: [1, 1, 1]
  Origin: [91.3357, 102.231, -120.042]
  Direction: 
-0.997442 -5.36781e-05 -0.0714818
5.35416e-05 -1 3.82464e-06
-0.0714818 -1.23894e-08 0.997442

  IndexToPointMatrix: 
-0.997444 -5.36781e-05 -0.0714818
5.35417e-05 -1 3.82464e-06
-0.0714819 -1.23894e-08 0.997442

  PointToIndexMatrix: 
-0.99744 5.35415e-05 -0.0714817
-5.36781e-05 -1 -1.23873e-08
-0.0714818 3.82465e-06 0.997442

  Inverse Direction: 
-0.997442 5.35416e-05 -0.0714818
-5.36781e-05 -1 -1.23873e-08
-0.0714818 3.82465e-06 0.997442

  PixelContainer: 
    ImportImageContainer (0x3ad2650)
      RTTI typeinfo:   itk::ImportImageContainer<unsigned long, double>
      Reference Count: 1
      Modified Time: 1589
      Debug: Off
      Object Name: 
      Observers: 
        none
      Pointer: 0x15150b7ec010
      Container manages memory: true
      Size: 9830400
      Capacity: 9830400

     Weighting = 1
     Sampling strategy = regular
     Number of bins = 32
     Radius = 4
     Sampling percentage  = 0.25
   Transform = Affine
     Gradient step = 0.1
     Update field sigma (voxel space) = 0
     Total field sigma (voxel space) = 0
     Update field time sigma = 0
     Total field time sigma  = 0
     Number of time indices = 0
     Number of time point samples = 0
Registration using 1 total stages.

Stage 0
  iterations = 1000x500x250x100
  convergence threshold = 1e-06
  convergence window size = 10
  number of levels = 4
  using the Mattes MI metric (number of bins = 32, weight = 1, use gradient filter = 0)
  preprocessing:  winsorizing the image intensities
  Shrink factors (level 1 out of 4): [8, 8, 8]
  Shrink factors (level 2 out of 4): [4, 4, 4]
  Shrink factors (level 3 out of 4): [2, 2, 2]
  Shrink factors (level 4 out of 4): [1, 1, 1]
  smoothing sigmas per level: [3, 2, 1, 0]
  regular sampling (percentage = 0.25)

*** Running AffineTransform registration ***

DIAGNOSTIC,Iteration,metricValue,convergenceValue,ITERATION_TIME_INDEX,SINCE_LAST
 2DIAGNOSTIC,     1, -5.796260817034e-01, 1.797693134862e+308, 0.0000e+00, 0.0000e+00, 
 2DIAGNOSTIC,     2, -5.823497773515e-01, 1.797693134862e+308, 0.0000e+00, 0.0000e+00, 
 2DIAGNOSTIC,     3, -5.868009747903e-01, 1.797693134862e+308, 0.0000e+00, 0.0000e+00, 
 2DIAGNOSTIC,     4, -5.953520393700e-01, 1.797693134862e+308, 0.0000e+00, 0.0000e+00, 
 2DIAGNOSTIC,     5, -6.102669469199e-01, 1.797693134862e+308, 0.0000e+00, 0.0000e+00, 
 2DIAGNOSTIC,     6, -6.332664716771e-01, 1.797693134862e+308, 0.0000e+00, 0.0000e+00, 
 2DIAGNOSTIC,     7, -6.842671385475e-01, 1.797693134862e+308, 0.0000e+00, 0.0000e+00, 
 2DIAGNOSTIC,     8, -8.073860888778e-01, 1.797693134862e+308, 0.0000e+00, 0.0000e+00, 
 2DIAGNOSTIC,     9, -8.411792799021e-01, 1.797693134862e+308, 0.0000e+00, 0.0000e+00, 
 2DIAGNOSTIC,    10, -8.495625879833e-01, 2.923183720255e-02, 0.0000e+00, 0.0000e+00, 
 2DIAGNOSTIC,    11, -8.603718442777e-01, 2.907863338210e-02, 0.0000e+00, 0.0000e+00, 
 2DIAGNOSTIC,    12, -8.686488999545e-01, 2.671441540057e-02, 0.0000e+00, 0.0000e+00, 
 2DIAGNOSTIC,    13, -8.768788349824e-01, 2.272057260735e-02, 0.0000e+00, 0.0000e+00, 
 2DIAGNOSTIC,    14, -8.870365535900e-01, 1.786919684426e-02, 0.0000e+00, 0.0000e+00, 
 2DIAGNOSTIC,    15, -8.894765249196e-01, 1.266146283132e-02, 0.0000e+00, 0.0000e+00, 
 2DIAGNOSTIC,    16, -8.894678397419e-01, 7.631067010127e-03, 0.0000e+00, 0.0000e+00, 
 2DIAGNOSTIC,    17, -8.893561986234e-01, 3.650296123227e-03, 0.0000e+00, 0.0000e+00, 
 2DIAGNOSTIC,    18, -8.892364437958e-01, 2.359743172499e-03, 0.0000e+00, 0.0000e+00, 
 2DIAGNOSTIC,    19, -8.890694494499e-01, 1.654696965469e-03, 0.0000e+00, 0.0000e+00, 
 2DIAGNOSTIC,    20, -8.891379737040e-01, 1.028756052019e-03, 0.0000e+00, 0.0000e+00, 
 2DIAGNOSTIC,    21, -8.889787243344e-01, 5.591005547949e-04, 0.0000e+00, 0.0000e+00, 
 2DIAGNOSTIC,    22, -8.888955553299e-01, 2.186623830242e-04, 0.0000e+00, 0.0000e+00, 
 2DIAGNOSTIC,    23, -8.889215147432e-01, 1.561881076734e-05, 0.0000e+00, 0.0000e+00, 
DIAGNOSTIC,Iteration,metricValue,convergenceValue,ITERATION_TIME_INDEX,SINCE_LAST
 2DIAGNOSTIC,     1, -7.441575028452e-01, 1.797693134862e+308, 0.0000e+00, 0.0000e+00, 
 2DIAGNOSTIC,     2, -7.449491103402e-01, 1.797693134862e+308, 0.0000e+00, 0.0000e+00, 
 2DIAGNOSTIC,     3, -7.456216004234e-01, 1.797693134862e+308, 0.0000e+00, 0.0000e+00, 
 2DIAGNOSTIC,     4, -7.462194455144e-01, 1.797693134862e+308, 0.0000e+00, 0.0000e+00, 
 2DIAGNOSTIC,     5, -7.472176874804e-01, 1.797693134862e+308, 0.0000e+00, 0.0000e+00, 
 2DIAGNOSTIC,     6, -7.484619497371e-01, 1.797693134862e+308, 0.0000e+00, 0.0000e+00, 
 2DIAGNOSTIC,     7, -7.493291844546e-01, 1.797693134862e+308, 0.0000e+00, 0.0000e+00, 
 2DIAGNOSTIC,     8, -7.502955152738e-01, 1.797693134862e+308, 0.0000e+00, 0.0000e+00, 
 2DIAGNOSTIC,     9, -7.503298542473e-01, 1.797693134862e+308, 0.0000e+00, 0.0000e+00, 
 2DIAGNOSTIC,    10, -7.503448409229e-01, 6.047850808754e-04, 0.0000e+00, 0.0000e+00, 
 2DIAGNOSTIC,    11, -7.503046339724e-01, 4.847180265118e-04, 0.0000e+00, 0.0000e+00, 
 2DIAGNOSTIC,    12, -7.502964175295e-01, 3.657969052285e-04, 0.0000e+00, 0.0000e+00, 
 2DIAGNOSTIC,    13, -7.502993783774e-01, 2.520413102610e-04, 0.0000e+00, 0.0000e+00, 
 2DIAGNOSTIC,    14, -7.502878588647e-01, 1.476902987688e-04, 0.0000e+00, 0.0000e+00, 
 2DIAGNOSTIC,    15, -7.502772074354e-01, 6.876933120867e-05, 0.0000e+00, 0.0000e+00, 
 2DIAGNOSTIC,    16, -7.502839905386e-01, 2.302666473770e-05, 0.0000e+00, 0.0000e+00, 
DIAGNOSTIC,Iteration,metricValue,convergenceValue,ITERATION_TIME_INDEX,SINCE_LAST
 2DIAGNOSTIC,     1, -6.294010255234e-01, 1.797693134862e+308, 0.0000e+00, 0.0000e+00, 
 2DIAGNOSTIC,     2, -6.298857175539e-01, 1.797693134862e+308, 0.0000e+00, 0.0000e+00, 
 2DIAGNOSTIC,     3, -6.304803248383e-01, 1.797693134862e+308, 0.0000e+00, 0.0000e+00, 
 2DIAGNOSTIC,     4, -6.311118750530e-01, 1.797693134862e+308, 0.0000e+00, 0.0000e+00, 
 2DIAGNOSTIC,     5, -6.322825649487e-01, 1.797693134862e+308, 0.0000e+00, 0.0000e+00, 
 2DIAGNOSTIC,     6, -6.323543787454e-01, 1.797693134862e+308, 0.0000e+00, 0.0000e+00, 
 2DIAGNOSTIC,     7, -6.324536624543e-01, 1.797693134862e+308, 0.0000e+00, 0.0000e+00, 
 2DIAGNOSTIC,     8, -6.324574032645e-01, 1.797693134862e+308, 0.0000e+00, 0.0000e+00, 
 2DIAGNOSTIC,     9, -6.324773694954e-01, 1.797693134862e+308, 0.0000e+00, 0.0000e+00, 
 2DIAGNOSTIC,    10, -6.324833975905e-01, 3.349716271088e-04, 0.0000e+00, 0.0000e+00, 
 2DIAGNOSTIC,    11, -6.324805045705e-01, 2.238418681842e-04, 0.0000e+00, 0.0000e+00, 
 2DIAGNOSTIC,    12, -6.324780882278e-01, 1.298361362104e-04, 0.0000e+00, 0.0000e+00, 
 2DIAGNOSTIC,    13, -6.324761656846e-01, 5.922582665262e-05, 0.0000e+00, 0.0000e+00, 
 2DIAGNOSTIC,    14, -6.324747833870e-01, 1.279279204650e-05, 0.0000e+00, 0.0000e+00, 
 2DIAGNOSTIC,    15, -6.324717201545e-01, 6.580214940238e-06, 0.0000e+00, 0.0000e+00, 
 2DIAGNOSTIC,    16, -6.324709490794e-01, 2.665274592514e-06, 0.0000e+00, 0.0000e+00, 
 2DIAGNOSTIC,    17, -6.324712747882e-01, 1.790662251915e-06, 0.0000e+00, 0.0000e+00, 
 2DIAGNOSTIC,    18, -6.324700945436e-01, 1.070219973441e-06, 0.0000e+00, 0.0000e+00, 
DIAGNOSTIC,Iteration,metricValue,convergenceValue,ITERATION_TIME_INDEX,SINCE_LAST
 2DIAGNOSTIC,     1, -5.633129886228e-01, 1.797693134862e+308, 0.0000e+00, 0.0000e+00, 
 2DIAGNOSTIC,     2, -5.638488680001e-01, 1.797693134862e+308, 0.0000e+00, 0.0000e+00, 
 2DIAGNOSTIC,     3, -5.644143792851e-01, 1.797693134862e+308, 0.0000e+00, 0.0000e+00, 
 2DIAGNOSTIC,     4, -5.659158438922e-01, 1.797693134862e+308, 0.0000e+00, 0.0000e+00, 
 2DIAGNOSTIC,     5, -5.659157568656e-01, 1.797693134862e+308, 0.0000e+00, 0.0000e+00, 
 2DIAGNOSTIC,     6, -5.659159106025e-01, 1.797693134862e+308, 0.0000e+00, 0.0000e+00, 
 2DIAGNOSTIC,     7, -5.659159287368e-01, 1.797693134862e+308, 0.0000e+00, 0.0000e+00, 
 2DIAGNOSTIC,     8, -5.659159234704e-01, 1.797693134862e+308, 0.0000e+00, 0.0000e+00, 
 2DIAGNOSTIC,     9, -5.659159007662e-01, 1.797693134862e+308, 0.0000e+00, 0.0000e+00, 
 2DIAGNOSTIC,    10, -5.659159459333e-01, 2.778414066952e-04, 0.0000e+00, 0.0000e+00, 
 2DIAGNOSTIC,    11, -5.659159488885e-01, 1.573033179828e-04, 0.0000e+00, 0.0000e+00, 
 2DIAGNOSTIC,    12, -5.659160477498e-01, 6.555934554575e-05, 0.0000e+00, 0.0000e+00, 
 2DIAGNOSTIC,    13, -5.659158205309e-01, 2.452901261649e-06, 0.0000e+00, 0.0000e+00, 
 2DIAGNOSTIC,    14, -5.659158209223e-01, 2.271325045405e-06, 0.0000e+00, 0.0000e+00, 
 2DIAGNOSTIC,    15, -5.659158210146e-01, 2.110570072100e-06, 0.0000e+00, 0.0000e+00, 
 2DIAGNOSTIC,    16, -5.659158168273e-01, 1.975030102061e-06, 0.0000e+00, 0.0000e+00, 
 2DIAGNOSTIC,    17, -5.659158168273e-01, 1.856846380467e-06, 0.0000e+00, 0.0000e+00, 
 2DIAGNOSTIC,    18, -5.659158163693e-01, 1.752768889599e-06, 0.0000e+00, 0.0000e+00, 
 2DIAGNOSTIC,    19, -5.659158163693e-01, 1.660106607480e-06, 0.0000e+00, 0.0000e+00, 
 2DIAGNOSTIC,    20, -5.659158149750e-01, 1.578755912175e-06, 0.0000e+00, 0.0000e+00, 
 2DIAGNOSTIC,    21, -5.659158149750e-01, 1.505896235675e-06, 0.0000e+00, 0.0000e+00, 
 2DIAGNOSTIC,    22, -5.659158147233e-01, 1.442607460635e-06, 0.0000e+00, 0.0000e+00, 
 2DIAGNOSTIC,    23, -5.659158147233e-01, 1.379892215096e-06, 0.0000e+00, 0.0000e+00, 
 2DIAGNOSTIC,    24, -5.659158185582e-01, 1.322521442852e-06, 0.0000e+00, 0.0000e+00, 
 2DIAGNOSTIC,    25, -5.659158185582e-01, 1.269757718282e-06, 0.0000e+00, 0.0000e+00, 
 2DIAGNOSTIC,    26, -5.659158173045e-01, 1.220947716783e-06, 0.0000e+00, 0.0000e+00, 
 2DIAGNOSTIC,    27, -5.659158173045e-01, 1.175749604905e-06, 0.0000e+00, 0.0000e+00, 
 2DIAGNOSTIC,    28, -5.659158152894e-01, 1.133725572491e-06, 0.0000e+00, 0.0000e+00, 
 2DIAGNOSTIC,    29, -5.659158152894e-01, 1.094592487004e-06, 0.0000e+00, 0.0000e+00, 
 2DIAGNOSTIC,    30, -5.659158156040e-01, 1.058044613124e-06, 0.0000e+00, 0.0000e+00, 
 2DIAGNOSTIC,    31, -5.659158156040e-01, 1.023855136062e-06, 0.0000e+00, 0.0000e+00, 
  Elapsed time (stage 0): 0.0000e+00


Total elapsed time: 0.0000e+00
Info [verificarlo]: loaded backend libinterflop_vprec.so
Info [interflop-vprec]: load backend with: 
Info [interflop-vprec]: precision-binary32 = 19
Info [interflop-vprec]: range-binary32 = 8
Info [interflop-vprec]: precision-binary64 = 19
Info [interflop-vprec]: range-binary64 = 8
Info [interflop-vprec]: mode = ob
Info [interflop-vprec]: error-mode = rel
Info [interflop-vprec]: max-abs-error-exponent = -1022
Info [interflop-vprec]: daz = false
Info [interflop-vprec]: ftz = false
Info [interflop-vprec]: 	instrument = none
Info [interflop-vprec]: 	prec-input-file = (null)
Info [interflop-vprec]: 	prec-output-file = (null)
Info [interflop-vprec]: 	prec-log-file = (null)
All_Command_lines_OK
Using double precision for computations.
=============================================================================
The composite transform comprises the following transforms (in order): 
