
##########################
# Experiment information #
##########################

EXPERIMENT_NAME: antsRegistration-r7-p8
VFC_BACKENDS: libinterflop_vprec.so --range-binary32=7 --precision-binary32=8 --range-binary64=7 --precision-binary64=8

SIF_IMG: /home/mdugre/projects/rrg-glatard/mdugre/containers/ants-vprec-no_metrics.simg

SUBJECT_ID: s037
INPUT_IMG: /home/mdugre/scratch/mri-registration-rp/datasets/ds004513/derivatives/mri-registration-rp/antsBrainExtraction/sub-s037/BrainExtractionBrain.nii.gz
OUTPUT_DIR: /home/mdugre/scratch/mri-registration-rp/datasets/ds004513/derivatives/mri-registration-rp/1111/antsRegistration-r7-p8/sub-s037

FIXED_IMG: /templateflow/tpl-MNI152NLin2009cAsym/tpl-MNI152NLin2009cAsym_res-01_desc-brain_T1w.nii.gz
DATA_DIR: /home/mdugre/scratch/mri-registration-rp/datasets/ds004513
TEMPLATEFLOW_DIR: /home/mdugre/projects/rrg-glatard/mdugre/templateflow
ITK_GLOBAL_DEFAULT_NUMBER_OF_THREADS: 16
##########################

Info [verificarlo]: loaded backend libinterflop_vprec.so
Info [interflop-vprec]: load backend with: 
Info [interflop-vprec]: precision-binary32 = 8
Info [interflop-vprec]: range-binary32 = 7
Info [interflop-vprec]: precision-binary64 = 8
Info [interflop-vprec]: range-binary64 = 7
Info [interflop-vprec]: mode = ob
Info [interflop-vprec]: error-mode = rel
Info [interflop-vprec]: max-abs-error-exponent = -1022
Info [interflop-vprec]: daz = false
Info [interflop-vprec]: ftz = false
Info [interflop-vprec]: 	instrument = none
Info [interflop-vprec]: 	prec-input-file = (null)
Info [interflop-vprec]: 	prec-output-file = (null)
Info [interflop-vprec]: 	prec-log-file = (null)
All_Command_lines_OK
Using double precision for computations.
=============================================================================
The composite transform comprises the following transforms (in order): 
  1. Center of mass alignment using fixed image: /templateflow/tpl-MNI152NLin2009cAsym/tpl-MNI152NLin2009cAsym_res-01_desc-brain_T1w.nii.gz and moving image: /home/mdugre/scratch/mri-registration-rp/datasets/ds004513/derivatives/mri-registration-rp/antsBrainExtraction/sub-s037/BrainExtractionBrain.nii.gz (type = Euler3DTransform)
=============================================================================
  number of levels = 1
  fixed image: /templateflow/tpl-MNI152NLin2009cAsym/tpl-MNI152NLin2009cAsym_res-01_desc-brain_T1w.nii.gz
  moving image: /home/mdugre/scratch/mri-registration-rp/datasets/ds004513/derivatives/mri-registration-rp/antsBrainExtraction/sub-s037/BrainExtractionBrain.nii.gz
Dimension = 3
Number of stages = 1
Use histogram matching = false
Winsorize image intensities = true
  Lower quantile = 0.005
  Upper quantile = 0.995


Stage 1 State
   Image metric = MattesMI
     Fixed image = Image (0x519c880)
  RTTI typeinfo:   itk::Image<double, 3u>
  Reference Count: 2
  Modified Time: 2330
  Debug: Off
  Object Name: 
  Observers: 
    none
  Source: (none)
  Source output name: (none)
  Release Data: Off
  Data Released: False
  Global Release Data: Off
  PipelineMTime: 0
  UpdateMTime: 1941
  RealTimeStamp: 0 seconds 
  LargestPossibleRegion: 
    Dimension: 3
    Index: [0, 0, 0]
    Size: [193, 229, 193]
  BufferedRegion: 
    Dimension: 3
    Index: [0, 0, 0]
    Size: [193, 229, 193]
  RequestedRegion: 
    Dimension: 3
    Index: [0, 0, 0]
    Size: [193, 229, 193]
  Spacing: [1, 1, 1]
  Origin: [96, 132, -78]
  Direction: 
-1 0 0
0 -1 0
0 0 1

  IndexToPointMatrix: 
-1 0 0
0 -1 0
0 0 1

  PointToIndexMatrix: 
-1 0 0
0 -1 0
0 0 1

  Inverse Direction: 
-1 0 0
0 -1 0
0 0 1

  PixelContainer: 
    ImportImageContainer (0x519e300)
      RTTI typeinfo:   itk::ImportImageContainer<unsigned long, double>
      Reference Count: 1
      Modified Time: 1938
      Debug: Off
      Object Name: 
      Observers: 
        none
      Pointer: 0x151c6d53a010
      Container manages memory: true
      Size: 8530021
      Capacity: 8530021

     Moving image = Image (0x51aac60)
  RTTI typeinfo:   itk::Image<double, 3u>
  Reference Count: 2
  Modified Time: 2331
  Debug: Off
  Object Name: 
  Observers: 
    none
  Source: (none)
  Source output name: (none)
  Release Data: Off
  Data Released: False
  Global Release Data: Off
  PipelineMTime: 0
  UpdateMTime: 2328
  RealTimeStamp: 0 seconds 
  LargestPossibleRegion: 
    Dimension: 3
    Index: [0, 0, 0]
    Size: [160, 240, 256]
  BufferedRegion: 
    Dimension: 3
    Index: [0, 0, 0]
    Size: [160, 240, 256]
  RequestedRegion: 
    Dimension: 3
    Index: [0, 0, 0]
    Size: [160, 240, 256]
  Spacing: [1, 1, 1]
  Origin: [88, 102.5, -147.5]
  Direction: 
-1 -0.0435791 -0.0279541
0.0435791 -1 0.00121689
-0.0279541 0 1

  IndexToPointMatrix: 
-1 -0.0435791 -0.0279541
0.0435791 -1 0.00121689
-0.0279541 0 1

  PointToIndexMatrix: 
-1 0.0435791 -0.0279541
-0.0435791 -1 0
-0.0279541 0.00121689 1

  Inverse Direction: 
-1 0.0435791 -0.0279541
-0.0435791 -1 0
-0.0279541 0.00121689 1

  PixelContainer: 
    ImportImageContainer (0x5216b10)
      RTTI typeinfo:   itk::ImportImageContainer<unsigned long, double>
      Reference Count: 1
      Modified Time: 2325
      Debug: Off
      Object Name: 
      Observers: 
        none
      Pointer: 0x151c68a39010
      Container manages memory: true
      Size: 9830400
      Capacity: 9830400

     Weighting = 1
     Sampling strategy = regular
     Number of bins = 32
     Radius = 4
     Sampling percentage  = 0.25
   Transform = Rigid
     Gradient step = 0.1
     Update field sigma (voxel space) = 0
     Total field sigma (voxel space) = 0
     Update field time sigma = 0
     Total field time sigma  = 0
     Number of time indices = 0
     Number of time point samples = 0
Registration using 1 total stages.

Stage 0
  iterations = 0
  convergence threshold = 1e-06
  convergence window size = 10
  number of levels = 1
  using the Mattes MI metric (number of bins = 32, weight = 1, use gradient filter = 0)
  preprocessing:  winsorizing the image intensities
  Shrink factors (level 1 out of 1): [1, 1, 1]
  smoothing sigmas per level: [0]
  regular sampling (percentage = 0.25)

*** Running Euler3DTransform registration ***

  Elapsed time (stage 0): 0


Total elapsed time: 0
Info [verificarlo]: loaded backend libinterflop_vprec.so
Info [interflop-vprec]: load backend with: 
Info [interflop-vprec]: precision-binary32 = 8
Info [interflop-vprec]: range-binary32 = 7
Info [interflop-vprec]: precision-binary64 = 8
Info [interflop-vprec]: range-binary64 = 7
Info [interflop-vprec]: mode = ob
Info [interflop-vprec]: error-mode = rel
Info [interflop-vprec]: max-abs-error-exponent = -1022
Info [interflop-vprec]: daz = false
Info [interflop-vprec]: ftz = false
Info [interflop-vprec]: 	instrument = none
Info [interflop-vprec]: 	prec-input-file = (null)
Info [interflop-vprec]: 	prec-output-file = (null)
Info [interflop-vprec]: 	prec-log-file = (null)
All_Command_lines_OK
Using double precision for computations.
=============================================================================
The composite transform comprises the following transforms (in order): 
  1. /home/mdugre/scratch/mri-registration-rp/datasets/ds004513/derivatives/mri-registration-rp/1111/antsRegistration-r7-p8/sub-s037/align_Composite.h5[0] (type = Euler3DTransform)
  2. /home/mdugre/scratch/mri-registration-rp/datasets/ds004513/derivatives/mri-registration-rp/1111/antsRegistration-r7-p8/sub-s037/align_Composite.h5[1] (type = Euler3DTransform)
=============================================================================
  number of levels = 4
  fixed image: /templateflow/tpl-MNI152NLin2009cAsym/tpl-MNI152NLin2009cAsym_res-01_desc-brain_T1w.nii.gz
  moving image: /home/mdugre/scratch/mri-registration-rp/datasets/ds004513/derivatives/mri-registration-rp/antsBrainExtraction/sub-s037/BrainExtractionBrain.nii.gz
Dimension = 3
Number of stages = 1
Use histogram matching = false
Winsorize image intensities = true
  Lower quantile = 0.005
  Upper quantile = 0.995


Stage 1 State
   Image metric = MattesMI
     Fixed image = Image (0x520a1e0)
  RTTI typeinfo:   itk::Image<double, 3u>
  Reference Count: 2
  Modified Time: 1578
  Debug: Off
  Object Name: 
  Observers: 
    none
  Source: (none)
  Source output name: (none)
  Release Data: Off
  Data Released: False
  Global Release Data: Off
  PipelineMTime: 0
  UpdateMTime: 1189
  RealTimeStamp: 0 seconds 
  LargestPossibleRegion: 
    Dimension: 3
    Index: [0, 0, 0]
    Size: [193, 229, 193]
  BufferedRegion: 
    Dimension: 3
    Index: [0, 0, 0]
    Size: [193, 229, 193]
  RequestedRegion: 
    Dimension: 3
    Index: [0, 0, 0]
    Size: [193, 229, 193]
  Spacing: [1, 1, 1]
  Origin: [96, 132, -78]
  Direction: 
-1 0 0
0 -1 0
0 0 1

  IndexToPointMatrix: 
-1 0 0
0 -1 0
0 0 1

  PointToIndexMatrix: 
-1 0 0
0 -1 0
0 0 1

  Inverse Direction: 
-1 0 0
0 -1 0
0 0 1

  PixelContainer: 
    ImportImageContainer (0x5283730)
      RTTI typeinfo:   itk::ImportImageContainer<unsigned long, double>
      Reference Count: 1
      Modified Time: 1186
      Debug: Off
      Object Name: 
      Observers: 
        none
      Pointer: 0x14d9fdfe6010
      Container manages memory: true
      Size: 8530021
      Capacity: 8530021

     Moving image = Image (0x52c5e20)
  RTTI typeinfo:   itk::Image<double, 3u>
  Reference Count: 2
  Modified Time: 1579
  Debug: Off
  Object Name: 
  Observers: 
    none
  Source: (none)
  Source output name: (none)
  Release Data: Off
  Data Released: False
  Global Release Data: Off
  PipelineMTime: 0
  UpdateMTime: 1576
  RealTimeStamp: 0 seconds 
  LargestPossibleRegion: 
    Dimension: 3
    Index: [0, 0, 0]
    Size: [160, 240, 256]
  BufferedRegion: 
    Dimension: 3
    Index: [0, 0, 0]
    Size: [160, 240, 256]
  RequestedRegion: 
    Dimension: 3
    Index: [0, 0, 0]
    Size: [160, 240, 256]
  Spacing: [1, 1, 1]
  Origin: [88, 102.5, -147.5]
  Direction: 
-1 -0.0435791 -0.0279541
0.0435791 -1 0.00121689
-0.0279541 0 1

  IndexToPointMatrix: 
-1 -0.0435791 -0.0279541
0.0435791 -1 0.00121689
-0.0279541 0 1

  PointToIndexMatrix: 
-1 0.0435791 -0.0279541
-0.0435791 -1 0
-0.0279541 0.00121689 1

  Inverse Direction: 
-1 0.0435791 -0.0279541
-0.0435791 -1 0
-0.0279541 0.00121689 1

  PixelContainer: 
    ImportImageContainer (0x527db50)
      RTTI typeinfo:   itk::ImportImageContainer<unsigned long, double>
      Reference Count: 1
      Modified Time: 1573
      Debug: Off
      Object Name: 
      Observers: 
        none
      Pointer: 0x14d9f94e5010
      Container manages memory: true
      Size: 9830400
      Capacity: 9830400

     Weighting = 1
     Sampling strategy = regular
     Number of bins = 32
     Radius = 4
     Sampling percentage  = 0.25
   Transform = Rigid
     Gradient step = 0.1
     Update field sigma (voxel space) = 0
     Total field sigma (voxel space) = 0
     Update field time sigma = 0
     Total field time sigma  = 0
     Number of time indices = 0
     Number of time point samples = 0
Registration using 1 total stages.

Stage 0
  iterations = 1000x500x250x100
  convergence threshold = 1e-06
  convergence window size = 10
  number of levels = 4
  using the Mattes MI metric (number of bins = 32, weight = 1, use gradient filter = 0)
  preprocessing:  winsorizing the image intensities
  Shrink factors (level 1 out of 4): [8, 8, 8]
  Shrink factors (level 2 out of 4): [4, 4, 4]
  Shrink factors (level 3 out of 4): [2, 2, 2]
  Shrink factors (level 4 out of 4): [1, 1, 1]
  smoothing sigmas per level: [3, 2, 1, 0]
  regular sampling (percentage = 0.25)

*** Running Euler3DTransform registration ***

DIAGNOSTIC,Iteration,metricValue,convergenceValue,ITERATION_TIME_INDEX,SINCE_LAST
 2DIAGNOSTIC,     1, -2.300180283220e-02, 1.797693134862e+308, 0.0000e+00, 0.0000e+00, 
 2DIAGNOSTIC,     2, -2.300187497254e-02, 1.797693134862e+308, 0.0000e+00, 0.0000e+00, 
 2DIAGNOSTIC,     3, -2.301713271791e-02, 1.797693134862e+308, 0.0000e+00, 0.0000e+00, 
 2DIAGNOSTIC,     4, -2.310517060232e-02, 1.797693134862e+308, 0.0000e+00, 0.0000e+00, 
 2DIAGNOSTIC,     5, -2.318775037261e-02, 1.797693134862e+308, 0.0000e+00, 0.0000e+00, 
 2DIAGNOSTIC,     6, -2.312416811182e-02, 1.797693134862e+308, 0.0000e+00, 0.0000e+00, 
 2DIAGNOSTIC,     7, -2.305958711042e-02, 1.797693134862e+308, 0.0000e+00, 0.0000e+00, 
 2DIAGNOSTIC,     8, -2.305656558922e-02, 1.797693134862e+308, 0.0000e+00, 0.0000e+00, 
 2DIAGNOSTIC,     9, -2.305656558922e-02, 1.797693134862e+308, 0.0000e+00, 0.0000e+00, 
 2DIAGNOSTIC,    10, -2.305656558922e-02, 1.214864967339e-04, 0.0000e+00, 0.0000e+00, 
DIAGNOSTIC,Iteration,metricValue,convergenceValue,ITERATION_TIME_INDEX,SINCE_LAST
 2DIAGNOSTIC,     1, -1.953073444433e-02, 1.797693134862e+308, 0.0000e+00, 0.0000e+00, 
 2DIAGNOSTIC,     2, -1.955481677802e-02, 1.797693134862e+308, 0.0000e+00, 0.0000e+00, 
 2DIAGNOSTIC,     3, -1.955547383247e-02, 1.797693134862e+308, 0.0000e+00, 0.0000e+00, 
 2DIAGNOSTIC,     4, -1.955547366644e-02, 1.797693134862e+308, 0.0000e+00, 0.0000e+00, 
 2DIAGNOSTIC,     5, -1.955134650565e-02, 1.797693134862e+308, 0.0000e+00, 0.0000e+00, 
 2DIAGNOSTIC,     6, -1.955134750917e-02, 1.797693134862e+308, 0.0000e+00, 0.0000e+00, 
 2DIAGNOSTIC,     7, -1.954490829450e-02, 1.797693134862e+308, 0.0000e+00, 0.0000e+00, 
 2DIAGNOSTIC,     8, -1.954491134330e-02, 1.797693134862e+308, 0.0000e+00, 0.0000e+00, 
 2DIAGNOSTIC,     9, -1.954930136408e-02, 1.797693134862e+308, 0.0000e+00, 0.0000e+00, 
DIAGNOSTIC,Iteration,metricValue,convergenceValue,ITERATION_TIME_INDEX,SINCE_LAST
 2DIAGNOSTIC,     1, -1.665119929776e-02, 1.797693134862e+308, 0.0000e+00, 0.0000e+00, 
 2DIAGNOSTIC,     2, -1.667322087343e-02, 1.797693134862e+308, 0.0000e+00, 0.0000e+00, 
 2DIAGNOSTIC,     3, -1.666977004139e-02, 1.797693134862e+308, 0.0000e+00, 0.0000e+00, 
 2DIAGNOSTIC,     4, -1.667001072489e-02, 1.797693134862e+308, 0.0000e+00, 0.0000e+00, 
 2DIAGNOSTIC,     5, -1.666930626971e-02, 1.797693134862e+308, 0.0000e+00, 0.0000e+00, 
 2DIAGNOSTIC,     6, -1.666930626971e-02, 1.797693134862e+308, 0.0000e+00, 0.0000e+00, 
 2DIAGNOSTIC,     7, -1.666930626971e-02, 1.797693134862e+308, 0.0000e+00, 0.0000e+00, 
 2DIAGNOSTIC,     8, -1.666930626971e-02, 1.797693134862e+308, 0.0000e+00, 0.0000e+00, 
 2DIAGNOSTIC,     9, -1.666930626971e-02, 1.797693134862e+308, 0.0000e+00, 0.0000e+00, 
 2DIAGNOSTIC,    10, -1.666930626971e-02, 2.395254396331e-05, 0.0000e+00, 0.0000e+00, 
DIAGNOSTIC,Iteration,metricValue,convergenceValue,ITERATION_TIME_INDEX,SINCE_LAST
 2DIAGNOSTIC,     1, -1.526613979365e-02, 1.797693134862e+308, 0.0000e+00, 0.0000e+00, 
 2DIAGNOSTIC,     2, -1.526393370828e-02, 1.797693134862e+308, 0.0000e+00, 0.0000e+00, 
 2DIAGNOSTIC,     3, -1.526228439008e-02, 1.797693134862e+308, 0.0000e+00, 0.0000e+00, 
 2DIAGNOSTIC,     4, -1.526054300284e-02, 1.797693134862e+308, 0.0000e+00, 0.0000e+00, 
 2DIAGNOSTIC,     5, -1.525828318613e-02, 1.797693134862e+308, 0.0000e+00, 0.0000e+00, 
 2DIAGNOSTIC,     6, -1.525828318613e-02, 1.797693134862e+308, 0.0000e+00, 0.0000e+00, 
 2DIAGNOSTIC,     7, -1.525828318613e-02, 1.797693134862e+308, 0.0000e+00, 0.0000e+00, 
 2DIAGNOSTIC,     8, -1.525828318613e-02, 1.797693134862e+308, 0.0000e+00, 0.0000e+00, 
 2DIAGNOSTIC,     9, -1.525828318613e-02, 1.797693134862e+308, 0.0000e+00, 0.0000e+00, 
  Elapsed time (stage 0): 0.0000e+00


Total elapsed time: 0.0000e+00
Info [verificarlo]: loaded backend libinterflop_vprec.so
Info [interflop-vprec]: load backend with: 
Info [interflop-vprec]: precision-binary32 = 8
Info [interflop-vprec]: range-binary32 = 7
Info [interflop-vprec]: precision-binary64 = 8
Info [interflop-vprec]: range-binary64 = 7
Info [interflop-vprec]: mode = ob
Info [interflop-vprec]: error-mode = rel
Info [interflop-vprec]: max-abs-error-exponent = -1022
Info [interflop-vprec]: daz = false
Info [interflop-vprec]: ftz = false
Info [interflop-vprec]: 	instrument = none
Info [interflop-vprec]: 	prec-input-file = (null)
Info [interflop-vprec]: 	prec-output-file = (null)
Info [interflop-vprec]: 	prec-log-file = (null)
All_Command_lines_OK
Using double precision for computations.
=============================================================================
The composite transform comprises the following transforms (in order): 
  1. /home/mdugre/scratch/mri-registration-rp/datasets/ds004513/derivatives/mri-registration-rp/1111/antsRegistration-r7-p8/sub-s037/rigid_Composite.h5[0] (type = Euler3DTransform)
  2. /home/mdugre/scratch/mri-registration-rp/datasets/ds004513/derivatives/mri-registration-rp/1111/antsRegistration-r7-p8/sub-s037/rigid_Composite.h5[1] (type = Euler3DTransform)
  3. /home/mdugre/scratch/mri-registration-rp/datasets/ds004513/derivatives/mri-registration-rp/1111/antsRegistration-r7-p8/sub-s037/rigid_Composite.h5[2] (type = Euler3DTransform)
=============================================================================
  number of levels = 4
  fixed image: /templateflow/tpl-MNI152NLin2009cAsym/tpl-MNI152NLin2009cAsym_res-01_desc-brain_T1w.nii.gz
  moving image: /home/mdugre/scratch/mri-registration-rp/datasets/ds004513/derivatives/mri-registration-rp/antsBrainExtraction/sub-s037/BrainExtractionBrain.nii.gz
Dimension = 3
Number of stages = 1
Use histogram matching = false
Winsorize image intensities = true
  Lower quantile = 0.005
  Upper quantile = 0.995


Stage 1 State
   Image metric = MattesMI
     Fixed image = Image (0x36051e0)
  RTTI typeinfo:   itk::Image<double, 3u>
  Reference Count: 2
  Modified Time: 1592
  Debug: Off
  Object Name: 
  Observers: 
    none
  Source: (none)
  Source output name: (none)
  Release Data: Off
  Data Released: False
  Global Release Data: Off
  PipelineMTime: 0
  UpdateMTime: 1203
  RealTimeStamp: 0 seconds 
  LargestPossibleRegion: 
    Dimension: 3
    Index: [0, 0, 0]
    Size: [193, 229, 193]
  BufferedRegion: 
    Dimension: 3
    Index: [0, 0, 0]
    Size: [193, 229, 193]
  RequestedRegion: 
    Dimension: 3
    Index: [0, 0, 0]
    Size: [193, 229, 193]
  Spacing: [1, 1, 1]
  Origin: [96, 132, -78]
  Direction: 
-1 0 0
0 -1 0
0 0 1

  IndexToPointMatrix: 
-1 0 0
0 -1 0
0 0 1

  PointToIndexMatrix: 
-1 0 0
0 -1 0
0 0 1

  Inverse Direction: 
-1 0 0
0 -1 0
0 0 1

  PixelContainer: 
    ImportImageContainer (0x36d0900)
      RTTI typeinfo:   itk::ImportImageContainer<unsigned long, double>
      Reference Count: 1
      Modified Time: 1200
      Debug: Off
      Object Name: 
      Observers: 
        none
      Pointer: 0x14a0bdbad010
      Container manages memory: true
      Size: 8530021
      Capacity: 8530021

     Moving image = Image (0x36c0e20)
  RTTI typeinfo:   itk::Image<double, 3u>
  Reference Count: 2
  Modified Time: 1593
  Debug: Off
  Object Name: 
  Observers: 
    none
  Source: (none)
  Source output name: (none)
  Release Data: Off
  Data Released: False
  Global Release Data: Off
  PipelineMTime: 0
  UpdateMTime: 1590
  RealTimeStamp: 0 seconds 
  LargestPossibleRegion: 
    Dimension: 3
    Index: [0, 0, 0]
    Size: [160, 240, 256]
  BufferedRegion: 
    Dimension: 3
    Index: [0, 0, 0]
    Size: [160, 240, 256]
  RequestedRegion: 
    Dimension: 3
    Index: [0, 0, 0]
    Size: [160, 240, 256]
  Spacing: [1, 1, 1]
  Origin: [88, 102.5, -147.5]
  Direction: 
-1 -0.0435791 -0.0279541
0.0435791 -1 0.00121689
-0.0279541 0 1

  IndexToPointMatrix: 
-1 -0.0435791 -0.0279541
0.0435791 -1 0.00121689
-0.0279541 0 1

  PointToIndexMatrix: 
-1 0.0435791 -0.0279541
-0.0435791 -1 0
-0.0279541 0.00121689 1

  Inverse Direction: 
-1 0.0435791 -0.0279541
-0.0435791 -1 0
-0.0279541 0.00121689 1

  PixelContainer: 
    ImportImageContainer (0x37d4310)
      RTTI typeinfo:   itk::ImportImageContainer<unsigned long, double>
      Reference Count: 1
      Modified Time: 1587
      Debug: Off
      Object Name: 
      Observers: 
        none
      Pointer: 0x14a0b90ac010
      Container manages memory: true
      Size: 9830400
      Capacity: 9830400

     Weighting = 1
     Sampling strategy = regular
     Number of bins = 32
     Radius = 4
     Sampling percentage  = 0.25
   Transform = Affine
     Gradient step = 0.1
     Update field sigma (voxel space) = 0
     Total field sigma (voxel space) = 0
     Update field time sigma = 0
     Total field time sigma  = 0
     Number of time indices = 0
     Number of time point samples = 0
Registration using 1 total stages.

Stage 0
  iterations = 1000x500x250x100
  convergence threshold = 1e-06
  convergence window size = 10
  number of levels = 4
  using the Mattes MI metric (number of bins = 32, weight = 1, use gradient filter = 0)
  preprocessing:  winsorizing the image intensities
  Shrink factors (level 1 out of 4): [8, 8, 8]
  Shrink factors (level 2 out of 4): [4, 4, 4]
  Shrink factors (level 3 out of 4): [2, 2, 2]
  Shrink factors (level 4 out of 4): [1, 1, 1]
  smoothing sigmas per level: [3, 2, 1, 0]
  regular sampling (percentage = 0.25)

*** Running AffineTransform registration ***

DIAGNOSTIC,Iteration,metricValue,convergenceValue,ITERATION_TIME_INDEX,SINCE_LAST
 2DIAGNOSTIC,     1, -2.302060032964e-02, 1.797693134862e+308, 0.0000e+00, 0.0000e+00, 
 2DIAGNOSTIC,     2, -2.302060032971e-02, 1.797693134862e+308, 0.0000e+00, 0.0000e+00, 
 2DIAGNOSTIC,     3, -2.306929087134e-02, 1.797693134862e+308, 0.0000e+00, 0.0000e+00, 
 2DIAGNOSTIC,     4, -2.341526617522e-02, 1.797693134862e+308, 0.0000e+00, 0.0000e+00, 
 2DIAGNOSTIC,     5, -2.322964670458e-02, 1.797693134862e+308, 0.0000e+00, 0.0000e+00, 
 2DIAGNOSTIC,     6, -2.393745582513e-02, 1.797693134862e+308, 0.0000e+00, 0.0000e+00, 
 2DIAGNOSTIC,     7, -2.372139566336e-02, 1.797693134862e+308, 0.0000e+00, 0.0000e+00, 
 2DIAGNOSTIC,     8, -2.396686463564e-02, 1.797693134862e+308, 0.0000e+00, 0.0000e+00, 
 2DIAGNOSTIC,     9, -2.392041822326e-02, 1.797693134862e+308, 0.0000e+00, 0.0000e+00, 
 2DIAGNOSTIC,    10, -2.415465486132e-02, 3.393488971049e-03, 0.0000e+00, 0.0000e+00, 
 2DIAGNOSTIC,    11, -2.460029276383e-02, 3.489826686841e-03, 0.0000e+00, 0.0000e+00, 
 2DIAGNOSTIC,    12, -2.515605299984e-02, 3.793355169822e-03, 0.0000e+00, 0.0000e+00, 
 2DIAGNOSTIC,    13, -2.542917886363e-02, 3.988862452975e-03, 0.0000e+00, 0.0000e+00, 
 2DIAGNOSTIC,    14, -2.537130270287e-02, 4.051092159545e-03, 0.0000e+00, 0.0000e+00, 
 2DIAGNOSTIC,    15, -2.530365177531e-02, 3.529268718297e-03, 0.0000e+00, 0.0000e+00, 
 2DIAGNOSTIC,    16, -2.515562096065e-02, 3.169096494224e-03, 0.0000e+00, 0.0000e+00, 
 2DIAGNOSTIC,    17, -2.528368153426e-02, 2.491469149138e-03, 0.0000e+00, 0.0000e+00, 
 2DIAGNOSTIC,    18, -2.522627048845e-02, 1.784302288913e-03, 0.0000e+00, 0.0000e+00, 
 2DIAGNOSTIC,    19, -2.528217305238e-02, 1.000075671245e-03, 0.0000e+00, 0.0000e+00, 
 2DIAGNOSTIC,    20, -2.528348091570e-02, 3.417748050069e-04, 0.0000e+00, 0.0000e+00, 
 2DIAGNOSTIC,    21, -2.550752007045e-02, 8.129842682924e-05, 0.0000e+00, 0.0000e+00, 
 2DIAGNOSTIC,    22, -2.538230289888e-02, 5.679399432038e-05, 0.0000e+00, 0.0000e+00, 
 2DIAGNOSTIC,    23, -2.531447958506e-02, 1.352005181467e-04, 0.0000e+00, 0.0000e+00, 
 2DIAGNOSTIC,    24, -2.554364432122e-02, 2.796360082902e-04, 0.0000e+00, 0.0000e+00, 
 2DIAGNOSTIC,    25, -2.537783346433e-02, 2.751888308494e-04, 0.0000e+00, 0.0000e+00, 
 2DIAGNOSTIC,    26, -2.554395339331e-02, 2.532894670837e-04, 0.0000e+00, 0.0000e+00, 
 2DIAGNOSTIC,    27, -2.578476986306e-02, 3.669240172148e-04, 0.0000e+00, 0.0000e+00, 
 2DIAGNOSTIC,    28, -2.574348903366e-02, 3.948718219016e-04, 0.0000e+00, 0.0000e+00, 
 2DIAGNOSTIC,    29, -2.593939460936e-02, 4.852488888666e-04, 0.0000e+00, 0.0000e+00, 
 2DIAGNOSTIC,    30, -2.612768136739e-02, 5.918290201664e-04, 0.0000e+00, 0.0000e+00, 
 2DIAGNOSTIC,    31, -2.603323163155e-02, 6.831901944959e-04, 0.0000e+00, 0.0000e+00, 
 2DIAGNOSTIC,    32, -2.616404549420e-02, 7.079515996478e-04, 0.0000e+00, 0.0000e+00, 
 2DIAGNOSTIC,    33, -2.628027292926e-02, 6.776015543821e-04, 0.0000e+00, 0.0000e+00, 
 2DIAGNOSTIC,    34, -2.621980843253e-02, 6.427596661002e-04, 0.0000e+00, 0.0000e+00, 
 2DIAGNOSTIC,    35, -2.649753656727e-02, 5.850237522312e-04, 0.0000e+00, 0.0000e+00, 
 2DIAGNOSTIC,    36, -2.721893710803e-02, 7.510768010612e-04, 0.0000e+00, 0.0000e+00, 
 2DIAGNOSTIC,    37, -2.844858076660e-02, 1.280161960568e-03, 0.0000e+00, 0.0000e+00, 
 2DIAGNOSTIC,    38, -2.879976687053e-02, 1.738881955982e-03, 0.0000e+00, 0.0000e+00, 
 2DIAGNOSTIC,    39, -2.894251140413e-02, 2.106009826715e-03, 0.0000e+00, 0.0000e+00, 
 2DIAGNOSTIC,    40, -3.165075217892e-02, 3.059210188960e-03, 0.0000e+00, 0.0000e+00, 
 2DIAGNOSTIC,    41, -3.855307755295e-02, 5.445658357950e-03, 0.0000e+00, 0.0000e+00, 
 2DIAGNOSTIC,    42, -4.112559498581e-02, 7.784412004692e-03, 0.0000e+00, 0.0000e+00, 
 2DIAGNOSTIC,    43, -4.423436883933e-02, 1.001151124213e-02, 0.0000e+00, 0.0000e+00, 
 2DIAGNOSTIC,    44, -4.641290938674e-02, 1.162941518238e-02, 0.0000e+00, 0.0000e+00, 
 2DIAGNOSTIC,    45, -4.960592078784e-02, 1.278318983965e-02, 0.0000e+00, 0.0000e+00, 
 2DIAGNOSTIC,    46, -5.612203204292e-02, 1.413319079309e-02, 0.0000e+00, 0.0000e+00, 
 2DIAGNOSTIC,    47, -2.408578119992e-01, 4.674705121398e-02, 0.0000e+00, 0.0000e+00, 
 2DIAGNOSTIC,    48, -3.356861333945e-01, 7.687807281265e-02, 0.0000e+00, 0.0000e+00, 
 2DIAGNOSTIC,    49, -2.224999523064e-01, 8.100150567487e-02, 0.0000e+00, 0.0000e+00, 
 2DIAGNOSTIC,    50, -6.068988125552e-01, 1.077031059403e-01, 0.0000e+00, 0.0000e+00, 
 2DIAGNOSTIC,    51, -6.931471805599e-01, 1.198719571541e-01, 0.0000e+00, 0.0000e+00, 
 2DIAGNOSTIC,    52, -6.931471805599e-01, 1.181472981504e-01, 0.0000e+00, 0.0000e+00, 
 2DIAGNOSTIC,    53, -6.931471805599e-01, 1.075600195977e-01, 0.0000e+00, 0.0000e+00, 
 2DIAGNOSTIC,    54, -6.931471805599e-01, 9.078041637151e-02, 0.0000e+00, 0.0000e+00, 
 2DIAGNOSTIC,    55, -6.931471805599e-01, 6.994317255504e-02, 0.0000e+00, 0.0000e+00, 
 2DIAGNOSTIC,    56, -6.931471805599e-01, 4.705985270468e-02, 0.0000e+00, 0.0000e+00, 
 2DIAGNOSTIC,    57, -6.931471805599e-01, 3.121877521671e-02, 0.0000e+00, 0.0000e+00, 
 2DIAGNOSTIC,    58, -6.931471805599e-01, 1.883204461276e-02, 0.0000e+00, 0.0000e+00, 
 2DIAGNOSTIC,    59, -6.931471805599e-01, 2.744316274995e-03, 0.0000e+00, 0.0000e+00, 
DIAGNOSTIC,Iteration,metricValue,convergenceValue,ITERATION_TIME_INDEX,SINCE_LAST
 2DIAGNOSTIC,     1, -2.038082749708e-01, 1.797693134862e+308, 0.0000e+00, 0.0000e+00, 
 2DIAGNOSTIC,     2, -2.038082749708e-01, 1.797693134862e+308, 0.0000e+00, 0.0000e+00, 
 2DIAGNOSTIC,     3, -2.038082749708e-01, 1.797693134862e+308, 0.0000e+00, 0.0000e+00, 
 2DIAGNOSTIC,     4, -2.038082749708e-01, 1.797693134862e+308, 0.0000e+00, 0.0000e+00, 
 2DIAGNOSTIC,     5, -2.038082749708e-01, 1.797693134862e+308, 0.0000e+00, 0.0000e+00, 
 2DIAGNOSTIC,     6, -2.038082749708e-01, 1.797693134862e+308, 0.0000e+00, 0.0000e+00, 
 2DIAGNOSTIC,     7, -2.038082749708e-01, 1.797693134862e+308, 0.0000e+00, 0.0000e+00, 
 2DIAGNOSTIC,     8, -2.038082749708e-01, 1.797693134862e+308, 0.0000e+00, 0.0000e+00, 
 2DIAGNOSTIC,     9, -2.038082749708e-01, 1.797693134862e+308, 0.0000e+00, 0.0000e+00, 
DIAGNOSTIC,Iteration,metricValue,convergenceValue,ITERATION_TIME_INDEX,SINCE_LAST
 2DIAGNOSTIC,     1, -6.673250439845e-02, 1.797693134862e+308, 0.0000e+00, 0.0000e+00, 
 2DIAGNOSTIC,     2, -6.673250439845e-02, 1.797693134862e+308, 0.0000e+00, 0.0000e+00, 
 2DIAGNOSTIC,     3, -6.673250439845e-02, 1.797693134862e+308, 0.0000e+00, 0.0000e+00, 
 2DIAGNOSTIC,     4, -6.673250439845e-02, 1.797693134862e+308, 0.0000e+00, 0.0000e+00, 
 2DIAGNOSTIC,     5, -6.673250439845e-02, 1.797693134862e+308, 0.0000e+00, 0.0000e+00, 
 2DIAGNOSTIC,     6, -6.673250439845e-02, 1.797693134862e+308, 0.0000e+00, 0.0000e+00, 
 2DIAGNOSTIC,     7, -6.673250439845e-02, 1.797693134862e+308, 0.0000e+00, 0.0000e+00, 
 2DIAGNOSTIC,     8, -6.673250439845e-02, 1.797693134862e+308, 0.0000e+00, 0.0000e+00, 
 2DIAGNOSTIC,     9, -6.673250439845e-02, 1.797693134862e+308, 0.0000e+00, 0.0000e+00, 
DIAGNOSTIC,Iteration,metricValue,convergenceValue,ITERATION_TIME_INDEX,SINCE_LAST
 2DIAGNOSTIC,     1, -3.217001069007e-02, 1.797693134862e+308, 0.0000e+00, 0.0000e+00, 
 2DIAGNOSTIC,     2, -3.217001069007e-02, 1.797693134862e+308, 0.0000e+00, 0.0000e+00, 
 2DIAGNOSTIC,     3, -3.217001069007e-02, 1.797693134862e+308, 0.0000e+00, 0.0000e+00, 
 2DIAGNOSTIC,     4, -3.217001069007e-02, 1.797693134862e+308, 0.0000e+00, 0.0000e+00, 
 2DIAGNOSTIC,     5, -3.217001069007e-02, 1.797693134862e+308, 0.0000e+00, 0.0000e+00, 
 2DIAGNOSTIC,     6, -3.217001069007e-02, 1.797693134862e+308, 0.0000e+00, 0.0000e+00, 
 2DIAGNOSTIC,     7, -3.217001069007e-02, 1.797693134862e+308, 0.0000e+00, 0.0000e+00, 
 2DIAGNOSTIC,     8, -3.217001069007e-02, 1.797693134862e+308, 0.0000e+00, 0.0000e+00, 
 2DIAGNOSTIC,     9, -3.217001069007e-02, 1.797693134862e+308, 0.0000e+00, 0.0000e+00, 
  Elapsed time (stage 0): 0.0000e+00


Total elapsed time: 0.0000e+00
Info [verificarlo]: loaded backend libinterflop_vprec.so
Info [interflop-vprec]: load backend with: 
Info [interflop-vprec]: precision-binary32 = 8
Info [interflop-vprec]: range-binary32 = 7
Info [interflop-vprec]: precision-binary64 = 8
Info [interflop-vprec]: range-binary64 = 7
Info [interflop-vprec]: mode = ob
Info [interflop-vprec]: error-mode = rel
Info [interflop-vprec]: max-abs-error-exponent = -1022
Info [interflop-vprec]: daz = false
Info [interflop-vprec]: ftz = false
Info [interflop-vprec]: 	instrument = none
Info [interflop-vprec]: 	prec-input-file = (null)
Info [interflop-vprec]: 	prec-output-file = (null)
Info [interflop-vprec]: 	prec-log-file = (null)
All_Command_lines_OK
Using double precision for computations.
=============================================================================
The composite transform comprises the following transforms (in order): 
  1. /home/mdugre/scratch/mri-registration-rp/datasets/ds004513/derivatives/mri-registration-rp/1111/antsRegistration-r7-p8/sub-s037/affine_Composite.h5[0] (type = Euler3DTransform)
  2. /home/mdugre/scratch/mri-registration-rp/datasets/ds004513/derivatives/mri-registration-rp/1111/antsRegistration-r7-p8/sub-s037/affine_Composite.h5[1] (type = Euler3DTransform)
  3. /home/mdugre/scratch/mri-registration-rp/datasets/ds004513/derivatives/mri-registration-rp/1111/antsRegistration-r7-p8/sub-s037/affine_Composite.h5[2] (type = Euler3DTransform)
  4. /home/mdugre/scratch/mri-registration-rp/datasets/ds004513/derivatives/mri-registration-rp/1111/antsRegistration-r7-p8/sub-s037/affine_Composite.h5[3] (type = AffineTransform)
=============================================================================
  number of levels = 4
  fixed image: /templateflow/tpl-MNI152NLin2009cAsym/tpl-MNI152NLin2009cAsym_res-01_desc-brain_T1w.nii.gz
  moving image: /home/mdugre/scratch/mri-registration-rp/datasets/ds004513/derivatives/mri-registration-rp/antsBrainExtraction/sub-s037/BrainExtractionBrain.nii.gz
Dimension = 3
Number of stages = 1
Use histogram matching = false
Winsorize image intensities = true
  Lower quantile = 0.005
  Upper quantile = 0.995


Stage 1 State
   Image metric = CC
     Fixed image = Image (0x389e6f0)
  RTTI typeinfo:   itk::Image<double, 3u>
  Reference Count: 2
  Modified Time: 1606
  Debug: Off
  Object Name: 
  Observers: 
    none
  Source: (none)
  Source output name: (none)
  Release Data: Off
  Data Released: False
  Global Release Data: Off
  PipelineMTime: 0
  UpdateMTime: 1217
  RealTimeStamp: 0 seconds 
  LargestPossibleRegion: 
    Dimension: 3
    Index: [0, 0, 0]
    Size: [193, 229, 193]
  BufferedRegion: 
    Dimension: 3
    Index: [0, 0, 0]
    Size: [193, 229, 193]
  RequestedRegion: 
    Dimension: 3
    Index: [0, 0, 0]
    Size: [193, 229, 193]
  Spacing: [1, 1, 1]
  Origin: [96, 132, -78]
  Direction: 
-1 0 0
0 -1 0
0 0 1

  IndexToPointMatrix: 
-1 0 0
0 -1 0
0 0 1

  PointToIndexMatrix: 
-1 0 0
0 -1 0
0 0 1

  Inverse Direction: 
-1 0 0
0 -1 0
0 0 1

  PixelContainer: 
    ImportImageContainer (0x39741a0)
      RTTI typeinfo:   itk::ImportImageContainer<unsigned long, double>
      Reference Count: 1
      Modified Time: 1214
      Debug: Off
      Object Name: 
      Observers: 
        none
      Pointer: 0x149f2bf07010
      Container manages memory: true
      Size: 8530021
      Capacity: 8530021

     Moving image = Image (0x3959ff0)
  RTTI typeinfo:   itk::Image<double, 3u>
  Reference Count: 2
  Modified Time: 1607
  Debug: Off
  Object Name: 
  Observers: 
    none
  Source: (none)
  Source output name: (none)
  Release Data: Off
  Data Released: False
  Global Release Data: Off
  PipelineMTime: 0
  UpdateMTime: 1604
  RealTimeStamp: 0 seconds 
  LargestPossibleRegion: 
    Dimension: 3
    Index: [0, 0, 0]
    Size: [160, 240, 256]
  BufferedRegion: 
    Dimension: 3
    Index: [0, 0, 0]
    Size: [160, 240, 256]
  RequestedRegion: 
    Dimension: 3
    Index: [0, 0, 0]
    Size: [160, 240, 256]
  Spacing: [1, 1, 1]
  Origin: [88, 102.5, -147.5]
  Direction: 
-1 -0.0435791 -0.0279541
0.0435791 -1 0.00121689
-0.0279541 0 1

  IndexToPointMatrix: 
-1 -0.0435791 -0.0279541
0.0435791 -1 0.00121689
-0.0279541 0 1

  PointToIndexMatrix: 
-1 0.0435791 -0.0279541
-0.0435791 -1 0
-0.0279541 0.00121689 1

  Inverse Direction: 
-1 0.0435791 -0.0279541
-0.0435791 -1 0
-0.0279541 0.00121689 1

  PixelContainer: 
    ImportImageContainer (0x3a3fb10)
      RTTI typeinfo:   itk::ImportImageContainer<unsigned long, double>
      Reference Count: 1
      Modified Time: 1601
      Debug: Off
      Object Name: 
      Observers: 
        none
      Pointer: 0x149f27406010
      Container manages memory: true
      Size: 9830400
      Capacity: 9830400

     Weighting = 1
     Sampling strategy = none
     Number of bins = 32
     Radius = 4
     Sampling percentage  = 1
   Transform = SyN
     Gradient step = 0.1
     Update field sigma (voxel space) = 3
     Total field sigma (voxel space) = 0
     Update field time sigma = 0
     Total field time sigma  = 0
     Number of time indices = 0
     Number of time point samples = 0
Registration using 1 total stages.

Stage 0
  iterations = 100x70x50x20
  convergence threshold = 1e-06
  convergence window size = 10
  number of levels = 4
  using the CC metric (radius = 4, weight = 1, use gradient filter = 0)
  preprocessing:  winsorizing the image intensities
  Shrink factors (level 1 out of 4): [8, 8, 8]
  Shrink factors (level 2 out of 4): [4, 4, 4]
  Shrink factors (level 3 out of 4): [2, 2, 2]
  Shrink factors (level 4 out of 4): [1, 1, 1]
  smoothing sigmas per level: [3, 2, 1, 0]
  Using default NONE metricSamplingStrategy 

*** Running SyN registration (varianceForUpdateField = 3, varianceForTotalField = 0) ***

XXDIAGNOSTIC,Iteration,metricValue,convergenceValue,ITERATION_TIME_INDEX,SINCE_LAST
 1DIAGNOSTIC,     1, -9.023437500000e-01, 1.797693134862e+308, 0.0000e+00, 0.0000e+00, 
 1DIAGNOSTIC,     2, -9.023437500000e-01, 1.797693134862e+308, 0.0000e+00, 0.0000e+00, 
 1DIAGNOSTIC,     3, -9.023437500000e-01, 1.797693134862e+308, 0.0000e+00, 0.0000e+00, 
 1DIAGNOSTIC,     4, -9.023437500000e-01, 1.797693134862e+308, 0.0000e+00, 0.0000e+00, 
 1DIAGNOSTIC,     5, -9.023437500000e-01, 1.797693134862e+308, 0.0000e+00, 0.0000e+00, 
 1DIAGNOSTIC,     6, -9.023437500000e-01, 1.797693134862e+308, 0.0000e+00, 0.0000e+00, 
 1DIAGNOSTIC,     7, -9.042968750000e-01, 1.797693134862e+308, 0.0000e+00, 0.0000e+00, 
 1DIAGNOSTIC,     8, -9.023437500000e-01, 1.797693134862e+308, 0.0000e+00, 0.0000e+00, 
 1DIAGNOSTIC,     9, -9.023437500000e-01, 1.797693134862e+308, 0.0000e+00, 0.0000e+00, 
 1DIAGNOSTIC,    10, -9.042968750000e-01, 9.024148422836e-05, 0.0000e+00, 0.0000e+00, 
 1DIAGNOSTIC,    11, -9.042968750000e-01, 1.139839918234e-04, 0.0000e+00, 0.0000e+00, 
 1DIAGNOSTIC,    12, -9.042968750000e-01, 1.236212375610e-04, 0.0000e+00, 0.0000e+00, 
 1DIAGNOSTIC,    13, -9.042968750000e-01, 1.218699288125e-04, 0.0000e+00, 0.0000e+00, 
 1DIAGNOSTIC,    14, -9.042968750000e-01, 1.100143049416e-04, 0.0000e+00, 0.0000e+00, 
 1DIAGNOSTIC,    15, -9.042968750000e-01, 8.890834652978e-05, 0.0000e+00, 0.0000e+00, 
 1DIAGNOSTIC,    16, -9.101562500000e-01, 1.758076994492e-04, 0.0000e+00, 0.0000e+00, 
 1DIAGNOSTIC,    17, -9.082031250000e-01, 2.347641333508e-04, 0.0000e+00, 0.0000e+00, 
 1DIAGNOSTIC,    18, -9.042968750000e-01, 1.656834972541e-04, 0.0000e+00, 0.0000e+00, 
 1DIAGNOSTIC,    19, -9.062500000000e-01, 1.229865017840e-04, 0.0000e+00, 0.0000e+00, 
 1DIAGNOSTIC,    20, -9.062500000000e-01, 1.013366080752e-04, 0.0000e+00, 0.0000e+00, 
 1DIAGNOSTIC,    21, -9.082031250000e-01, 9.978637952010e-05, 0.0000e+00, 0.0000e+00, 
 1DIAGNOSTIC,    22, -9.082031250000e-01, 8.899717035966e-05, 0.0000e+00, 0.0000e+00, 
 1DIAGNOSTIC,    23, -9.082031250000e-01, 7.323283361447e-05, 0.0000e+00, 0.0000e+00, 
 1DIAGNOSTIC,    24, -9.082031250000e-01, 5.268147552424e-05, 0.0000e+00, 0.0000e+00, 
 1DIAGNOSTIC,    25, -9.082031250000e-01, 2.539567669389e-05, 0.0000e+00, 0.0000e+00, 
 1DIAGNOSTIC,    26, -9.082031250000e-01, 6.881392475562e-05, 0.0000e+00, 0.0000e+00, 
 1DIAGNOSTIC,    27, -9.082031250000e-01, 8.127155750016e-05, 0.0000e+00, 0.0000e+00, 
 1DIAGNOSTIC,    28, -9.082031250000e-01, 4.105856247152e-05, 0.0000e+00, 0.0000e+00, 
 1DIAGNOSTIC,    29, -9.082031250000e-01, 2.115978342257e-05, 0.0000e+00, 0.0000e+00, 
 1DIAGNOSTIC,    30, -9.082031250000e-01, -9.547918011776e-15, 0.0000e+00, 0.0000e+00, 
XXDIAGNOSTIC,Iteration,metricValue,convergenceValue,ITERATION_TIME_INDEX,SINCE_LAST
 1DIAGNOSTIC,     1, -9.726562500000e-01, 1.797693134862e+308, 0.0000e+00, 0.0000e+00, 
 1DIAGNOSTIC,     2, -9.726562500000e-01, 1.797693134862e+308, 0.0000e+00, 0.0000e+00, 
 1DIAGNOSTIC,     3, -9.726562500000e-01, 1.797693134862e+308, 0.0000e+00, 0.0000e+00, 
 1DIAGNOSTIC,     4, -9.726562500000e-01, 1.797693134862e+308, 0.0000e+00, 0.0000e+00, 
 1DIAGNOSTIC,     5, -9.726562500000e-01, 1.797693134862e+308, 0.0000e+00, 0.0000e+00, 
 1DIAGNOSTIC,     6, -9.726562500000e-01, 1.797693134862e+308, 0.0000e+00, 0.0000e+00, 
 1DIAGNOSTIC,     7, -9.726562500000e-01, 1.797693134862e+308, 0.0000e+00, 0.0000e+00, 
 1DIAGNOSTIC,     8, -9.726562500000e-01, 1.797693134862e+308, 0.0000e+00, 0.0000e+00, 
 1DIAGNOSTIC,     9, -9.726562500000e-01, 1.797693134862e+308, 0.0000e+00, 0.0000e+00, 
 1DIAGNOSTIC,    10, -9.726562500000e-01, -2.857436509629e-14, 0.0000e+00, 0.0000e+00, 
XXDIAGNOSTIC,Iteration,metricValue,convergenceValue,ITERATION_TIME_INDEX,SINCE_LAST
 1DIAGNOSTIC,     1, -9.941406250000e-01, 1.797693134862e+308, 0.0000e+00, 0.0000e+00, 
 1DIAGNOSTIC,     2, -9.941406250000e-01, 1.797693134862e+308, 0.0000e+00, 0.0000e+00, 
 1DIAGNOSTIC,     3, -9.941406250000e-01, 1.797693134862e+308, 0.0000e+00, 0.0000e+00, 
 1DIAGNOSTIC,     4, -9.941406250000e-01, 1.797693134862e+308, 0.0000e+00, 0.0000e+00, 
 1DIAGNOSTIC,     5, -9.941406250000e-01, 1.797693134862e+308, 0.0000e+00, 0.0000e+00, 
 1DIAGNOSTIC,     6, -9.941406250000e-01, 1.797693134862e+308, 0.0000e+00, 0.0000e+00, 
 1DIAGNOSTIC,     7, -9.941406250000e-01, 1.797693134862e+308, 0.0000e+00, 0.0000e+00, 
 1DIAGNOSTIC,     8, -9.941406250000e-01, 1.797693134862e+308, 0.0000e+00, 0.0000e+00, 
 1DIAGNOSTIC,     9, -9.941406250000e-01, 1.797693134862e+308, 0.0000e+00, 0.0000e+00, 
 1DIAGNOSTIC,    10, -9.941406250000e-01, -2.857436509629e-14, 0.0000e+00, 0.0000e+00, 
XXDIAGNOSTIC,Iteration,metricValue,convergenceValue,ITERATION_TIME_INDEX,SINCE_LAST
 1DIAGNOSTIC,     1, -1.000000000000e+00, 1.797693134862e+308, 0.0000e+00, 0.0000e+00, 
 1DIAGNOSTIC,     2, -1.000000000000e+00, 1.797693134862e+308, 0.0000e+00, 0.0000e+00, 
 1DIAGNOSTIC,     3, -1.000000000000e+00, 1.797693134862e+308, 0.0000e+00, 0.0000e+00, 
 1DIAGNOSTIC,     4, -1.000000000000e+00, 1.797693134862e+308, 0.0000e+00, 0.0000e+00, 
 1DIAGNOSTIC,     5, -1.000000000000e+00, 1.797693134862e+308, 0.0000e+00, 0.0000e+00, 
 1DIAGNOSTIC,     6, -1.000000000000e+00, 1.797693134862e+308, 0.0000e+00, 0.0000e+00, 
 1DIAGNOSTIC,     7, -1.000000000000e+00, 1.797693134862e+308, 0.0000e+00, 0.0000e+00, 
 1DIAGNOSTIC,     8, -1.000000000000e+00, 1.797693134862e+308, 0.0000e+00, 0.0000e+00, 
