
##########################
# Experiment information #
##########################

EXPERIMENT_NAME: antsRegistration-r7-p22
VFC_BACKENDS: libinterflop_vprec.so --range-binary32=7 --precision-binary32=22 --range-binary64=7 --precision-binary64=22

SIF_IMG: /home/mdugre/projects/rrg-glatard/mdugre/containers/ants-vprec-no_metrics.simg

SUBJECT_ID: s017
INPUT_IMG: /home/mdugre/scratch/mri-registration-rp/datasets/ds004513/derivatives/mri-registration-rp/antsBrainExtraction/sub-s017/BrainExtractionBrain.nii.gz
OUTPUT_DIR: /home/mdugre/scratch/mri-registration-rp/datasets/ds004513/derivatives/mri-registration-rp/1111/antsRegistration-r7-p22/sub-s017

FIXED_IMG: /templateflow/tpl-MNI152NLin2009cAsym/tpl-MNI152NLin2009cAsym_res-01_desc-brain_T1w.nii.gz
DATA_DIR: /home/mdugre/scratch/mri-registration-rp/datasets/ds004513
TEMPLATEFLOW_DIR: /home/mdugre/projects/rrg-glatard/mdugre/templateflow
ITK_GLOBAL_DEFAULT_NUMBER_OF_THREADS: 16
##########################

Info [verificarlo]: loaded backend libinterflop_vprec.so
Info [interflop-vprec]: load backend with: 
Info [interflop-vprec]: precision-binary32 = 22
Info [interflop-vprec]: range-binary32 = 7
Info [interflop-vprec]: precision-binary64 = 22
Info [interflop-vprec]: range-binary64 = 7
Info [interflop-vprec]: mode = ob
Info [interflop-vprec]: error-mode = rel
Info [interflop-vprec]: max-abs-error-exponent = -1022
Info [interflop-vprec]: daz = false
Info [interflop-vprec]: ftz = false
Info [interflop-vprec]: 	instrument = none
Info [interflop-vprec]: 	prec-input-file = (null)
Info [interflop-vprec]: 	prec-output-file = (null)
Info [interflop-vprec]: 	prec-log-file = (null)
All_Command_lines_OK
Using double precision for computations.
=============================================================================
The composite transform comprises the following transforms (in order): 
  1. Center of mass alignment using fixed image: /templateflow/tpl-MNI152NLin2009cAsym/tpl-MNI152NLin2009cAsym_res-01_desc-brain_T1w.nii.gz and moving image: /home/mdugre/scratch/mri-registration-rp/datasets/ds004513/derivatives/mri-registration-rp/antsBrainExtraction/sub-s017/BrainExtractionBrain.nii.gz (type = Euler3DTransform)
=============================================================================
  number of levels = 1
  fixed image: /templateflow/tpl-MNI152NLin2009cAsym/tpl-MNI152NLin2009cAsym_res-01_desc-brain_T1w.nii.gz
  moving image: /home/mdugre/scratch/mri-registration-rp/datasets/ds004513/derivatives/mri-registration-rp/antsBrainExtraction/sub-s017/BrainExtractionBrain.nii.gz
Dimension = 3
Number of stages = 1
Use histogram matching = false
Winsorize image intensities = true
  Lower quantile = 0.005
  Upper quantile = 0.995


Stage 1 State
   Image metric = MattesMI
     Fixed image = Image (0x37a5b20)
  RTTI typeinfo:   itk::Image<double, 3u>
  Reference Count: 2
  Modified Time: 2334
  Debug: Off
  Object Name: 
  Observers: 
    none
  Source: (none)
  Source output name: (none)
  Release Data: Off
  Data Released: False
  Global Release Data: Off
  PipelineMTime: 0
  UpdateMTime: 1943
  RealTimeStamp: 0 seconds 
  LargestPossibleRegion: 
    Dimension: 3
    Index: [0, 0, 0]
    Size: [193, 229, 193]
  BufferedRegion: 
    Dimension: 3
    Index: [0, 0, 0]
    Size: [193, 229, 193]
  RequestedRegion: 
    Dimension: 3
    Index: [0, 0, 0]
    Size: [193, 229, 193]
  Spacing: [1, 1, 1]
  Origin: [96, 132, -78]
  Direction: 
-1 0 0
0 -1 0
0 0 1

  IndexToPointMatrix: 
-1 0 0
0 -1 0
0 0 1

  PointToIndexMatrix: 
-1 0 0
0 -1 0
0 0 1

  Inverse Direction: 
-1 0 0
0 -1 0
0 0 1

  PixelContainer: 
    ImportImageContainer (0x38d1650)
      RTTI typeinfo:   itk::ImportImageContainer<unsigned long, double>
      Reference Count: 1
      Modified Time: 1940
      Debug: Off
      Object Name: 
      Observers: 
        none
      Pointer: 0x151381184010
      Container manages memory: true
      Size: 8530021
      Capacity: 8530021

     Moving image = Image (0x37a7ad0)
  RTTI typeinfo:   itk::Image<double, 3u>
  Reference Count: 2
  Modified Time: 2335
  Debug: Off
  Object Name: 
  Observers: 
    none
  Source: (none)
  Source output name: (none)
  Release Data: Off
  Data Released: False
  Global Release Data: Off
  PipelineMTime: 0
  UpdateMTime: 2332
  RealTimeStamp: 0 seconds 
  LargestPossibleRegion: 
    Dimension: 3
    Index: [0, 0, 0]
    Size: [160, 240, 256]
  BufferedRegion: 
    Dimension: 3
    Index: [0, 0, 0]
    Size: [160, 240, 256]
  RequestedRegion: 
    Dimension: 3
    Index: [0, 0, 0]
    Size: [160, 240, 256]
  Spacing: [1, 1, 1]
  Origin: [91.3357, 102.231, -120.042]
  Direction: 
-0.997442 -5.36781e-05 -0.0714818
5.35416e-05 -1 3.82465e-06
-0.0714818 -1.23894e-08 0.997442

  IndexToPointMatrix: 
-0.997444 -5.36781e-05 -0.0714818
5.35417e-05 -1 3.82465e-06
-0.0714819 -1.23894e-08 0.997442

  PointToIndexMatrix: 
-0.99744 5.35415e-05 -0.0714816
-5.3678e-05 -1 -1.36206e-08
-0.0714818 3.82343e-06 0.997442

  Inverse Direction: 
-0.997442 5.35417e-05 -0.0714818
-5.36781e-05 -1 -1.239e-08
-0.0714818 3.82465e-06 0.997442

  PixelContainer: 
    ImportImageContainer (0x37ef050)
      RTTI typeinfo:   itk::ImportImageContainer<unsigned long, double>
      Reference Count: 1
      Modified Time: 2329
      Debug: Off
      Object Name: 
      Observers: 
        none
      Pointer: 0x15137c683010
      Container manages memory: true
      Size: 9830400
      Capacity: 9830400

     Weighting = 1
     Sampling strategy = regular
     Number of bins = 32
     Radius = 4
     Sampling percentage  = 0.25
   Transform = Rigid
     Gradient step = 0.1
     Update field sigma (voxel space) = 0
     Total field sigma (voxel space) = 0
     Update field time sigma = 0
     Total field time sigma  = 0
     Number of time indices = 0
     Number of time point samples = 0
Registration using 1 total stages.

Stage 0
  iterations = 0
  convergence threshold = 1e-06
  convergence window size = 10
  number of levels = 1
  using the Mattes MI metric (number of bins = 32, weight = 1, use gradient filter = 0)
  preprocessing:  winsorizing the image intensities
  Shrink factors (level 1 out of 1): [1, 1, 1]
  smoothing sigmas per level: [0]
  regular sampling (percentage = 0.25)

*** Running Euler3DTransform registration ***

  Elapsed time (stage 0): 0


Total elapsed time: 0
Info [verificarlo]: loaded backend libinterflop_vprec.so
Info [interflop-vprec]: load backend with: 
Info [interflop-vprec]: precision-binary32 = 22
Info [interflop-vprec]: range-binary32 = 7
Info [interflop-vprec]: precision-binary64 = 22
Info [interflop-vprec]: range-binary64 = 7
Info [interflop-vprec]: mode = ob
Info [interflop-vprec]: error-mode = rel
Info [interflop-vprec]: max-abs-error-exponent = -1022
Info [interflop-vprec]: daz = false
Info [interflop-vprec]: ftz = false
Info [interflop-vprec]: 	instrument = none
Info [interflop-vprec]: 	prec-input-file = (null)
Info [interflop-vprec]: 	prec-output-file = (null)
Info [interflop-vprec]: 	prec-log-file = (null)
All_Command_lines_OK
Using double precision for computations.
=============================================================================
The composite transform comprises the following transforms (in order): 
  1. /home/mdugre/scratch/mri-registration-rp/datasets/ds004513/derivatives/mri-registration-rp/1111/antsRegistration-r7-p22/sub-s017/align_Composite.h5[0] (type = Euler3DTransform)
  2. /home/mdugre/scratch/mri-registration-rp/datasets/ds004513/derivatives/mri-registration-rp/1111/antsRegistration-r7-p22/sub-s017/align_Composite.h5[1] (type = Euler3DTransform)
=============================================================================
  number of levels = 4
  fixed image: /templateflow/tpl-MNI152NLin2009cAsym/tpl-MNI152NLin2009cAsym_res-01_desc-brain_T1w.nii.gz
  moving image: /home/mdugre/scratch/mri-registration-rp/datasets/ds004513/derivatives/mri-registration-rp/antsBrainExtraction/sub-s017/BrainExtractionBrain.nii.gz
Dimension = 3
Number of stages = 1
Use histogram matching = false
Winsorize image intensities = true
  Lower quantile = 0.005
  Upper quantile = 0.995


Stage 1 State
   Image metric = MattesMI
     Fixed image = Image (0x3f4d1e0)
  RTTI typeinfo:   itk::Image<double, 3u>
  Reference Count: 2
  Modified Time: 1580
  Debug: Off
  Object Name: 
  Observers: 
    none
  Source: (none)
  Source output name: (none)
  Release Data: Off
  Data Released: False
  Global Release Data: Off
  PipelineMTime: 0
  UpdateMTime: 1189
  RealTimeStamp: 0 seconds 
  LargestPossibleRegion: 
    Dimension: 3
    Index: [0, 0, 0]
    Size: [193, 229, 193]
  BufferedRegion: 
    Dimension: 3
    Index: [0, 0, 0]
    Size: [193, 229, 193]
  RequestedRegion: 
    Dimension: 3
    Index: [0, 0, 0]
    Size: [193, 229, 193]
  Spacing: [1, 1, 1]
  Origin: [96, 132, -78]
  Direction: 
-1 0 0
0 -1 0
0 0 1

  IndexToPointMatrix: 
-1 0 0
0 -1 0
0 0 1

  PointToIndexMatrix: 
-1 0 0
0 -1 0
0 0 1

  Inverse Direction: 
-1 0 0
0 -1 0
0 0 1

  PixelContainer: 
    ImportImageContainer (0x400c640)
      RTTI typeinfo:   itk::ImportImageContainer<unsigned long, double>
      Reference Count: 1
      Modified Time: 1186
      Debug: Off
      Object Name: 
      Observers: 
        none
      Pointer: 0x14a321461010
      Container manages memory: true
      Size: 8530021
      Capacity: 8530021

     Moving image = Image (0x4008c90)
  RTTI typeinfo:   itk::Image<double, 3u>
  Reference Count: 2
  Modified Time: 1581
  Debug: Off
  Object Name: 
  Observers: 
    none
  Source: (none)
  Source output name: (none)
  Release Data: Off
  Data Released: False
  Global Release Data: Off
  PipelineMTime: 0
  UpdateMTime: 1578
  RealTimeStamp: 0 seconds 
  LargestPossibleRegion: 
    Dimension: 3
    Index: [0, 0, 0]
    Size: [160, 240, 256]
  BufferedRegion: 
    Dimension: 3
    Index: [0, 0, 0]
    Size: [160, 240, 256]
  RequestedRegion: 
    Dimension: 3
    Index: [0, 0, 0]
    Size: [160, 240, 256]
  Spacing: [1, 1, 1]
  Origin: [91.3357, 102.231, -120.042]
  Direction: 
-0.997442 -5.36781e-05 -0.0714818
5.35416e-05 -1 3.82465e-06
-0.0714818 -1.23894e-08 0.997442

  IndexToPointMatrix: 
-0.997444 -5.36781e-05 -0.0714818
5.35417e-05 -1 3.82465e-06
-0.0714819 -1.23894e-08 0.997442

  PointToIndexMatrix: 
-0.99744 5.35415e-05 -0.0714816
-5.3678e-05 -1 -1.36206e-08
-0.0714818 3.82343e-06 0.997442

  Inverse Direction: 
-0.997442 5.35417e-05 -0.0714818
-5.36781e-05 -1 -1.239e-08
-0.0714818 3.82465e-06 0.997442

  PixelContainer: 
    ImportImageContainer (0x4079d90)
      RTTI typeinfo:   itk::ImportImageContainer<unsigned long, double>
      Reference Count: 1
      Modified Time: 1575
      Debug: Off
      Object Name: 
      Observers: 
        none
      Pointer: 0x14a31c960010
      Container manages memory: true
      Size: 9830400
      Capacity: 9830400

     Weighting = 1
     Sampling strategy = regular
     Number of bins = 32
     Radius = 4
     Sampling percentage  = 0.25
   Transform = Rigid
     Gradient step = 0.1
     Update field sigma (voxel space) = 0
     Total field sigma (voxel space) = 0
     Update field time sigma = 0
     Total field time sigma  = 0
     Number of time indices = 0
     Number of time point samples = 0
Registration using 1 total stages.

Stage 0
  iterations = 1000x500x250x100
  convergence threshold = 1e-06
  convergence window size = 10
  number of levels = 4
  using the Mattes MI metric (number of bins = 32, weight = 1, use gradient filter = 0)
  preprocessing:  winsorizing the image intensities
  Shrink factors (level 1 out of 4): [8, 8, 8]
  Shrink factors (level 2 out of 4): [4, 4, 4]
  Shrink factors (level 3 out of 4): [2, 2, 2]
  Shrink factors (level 4 out of 4): [1, 1, 1]
  smoothing sigmas per level: [3, 2, 1, 0]
  regular sampling (percentage = 0.25)

*** Running Euler3DTransform registration ***

DIAGNOSTIC,Iteration,metricValue,convergenceValue,ITERATION_TIME_INDEX,SINCE_LAST
 2DIAGNOSTIC,     1, -5.574657399861e-01, 1.797693134862e+308, 0.0000e+00, 0.0000e+00, 
 2DIAGNOSTIC,     2, -5.591404110961e-01, 1.797693134862e+308, 0.0000e+00, 0.0000e+00, 
 2DIAGNOSTIC,     3, -5.617165219809e-01, 1.797693134862e+308, 0.0000e+00, 0.0000e+00, 
 2DIAGNOSTIC,     4, -5.645070961605e-01, 1.797693134862e+308, 0.0000e+00, 0.0000e+00, 
 2DIAGNOSTIC,     5, -5.670648987980e-01, 1.797693134862e+308, 0.0000e+00, 0.0000e+00, 
 2DIAGNOSTIC,     6, -5.693099924529e-01, 1.797693134862e+308, 0.0000e+00, 0.0000e+00, 
 2DIAGNOSTIC,     7, -5.704343366234e-01, 1.797693134862e+308, 0.0000e+00, 0.0000e+00, 
 2DIAGNOSTIC,     8, -5.747159586201e-01, 1.797693134862e+308, 0.0000e+00, 0.0000e+00, 
 2DIAGNOSTIC,     9, -5.766446357398e-01, 1.797693134862e+308, 0.0000e+00, 0.0000e+00, 
 2DIAGNOSTIC,    10, -5.822603591648e-01, 2.621190020055e-03, 0.0000e+00, 0.0000e+00, 
 2DIAGNOSTIC,    11, -5.830437654819e-01, 2.457955138755e-03, 0.0000e+00, 0.0000e+00, 
 2DIAGNOSTIC,    12, -5.840408555079e-01, 2.214789901310e-03, 0.0000e+00, 0.0000e+00, 
 2DIAGNOSTIC,    13, -5.844197208882e-01, 1.922409819913e-03, 0.0000e+00, 0.0000e+00, 
 2DIAGNOSTIC,    14, -5.855893954578e-01, 1.635681120129e-03, 0.0000e+00, 0.0000e+00, 
 2DIAGNOSTIC,    15, -5.859986202050e-01, 1.333744124611e-03, 0.0000e+00, 0.0000e+00, 
 2DIAGNOSTIC,    16, -5.862147737974e-01, 1.025088923409e-03, 0.0000e+00, 0.0000e+00, 
 2DIAGNOSTIC,    17, -5.874947519990e-01, 7.288208548637e-04, 0.0000e+00, 0.0000e+00, 
 2DIAGNOSTIC,    18, -5.884257435341e-01, 5.414438296349e-04, 0.0000e+00, 0.0000e+00, 
 2DIAGNOSTIC,    19, -5.886820403772e-01, 3.766097078360e-04, 0.0000e+00, 0.0000e+00, 
 2DIAGNOSTIC,    20, -5.890757602585e-01, 3.419036757963e-04, 0.0000e+00, 0.0000e+00, 
 2DIAGNOSTIC,    21, -5.898162813397e-01, 3.143820367341e-04, 0.0000e+00, 0.0000e+00, 
 2DIAGNOSTIC,    22, -5.903765648848e-01, 2.943660830582e-04, 0.0000e+00, 0.0000e+00, 
 2DIAGNOSTIC,    23, -5.906481082160e-01, 2.616125688832e-04, 0.0000e+00, 0.0000e+00, 
 2DIAGNOSTIC,    24, -5.907884962891e-01, 2.343149022332e-04, 0.0000e+00, 0.0000e+00, 
 2DIAGNOSTIC,    25, -5.912531845606e-01, 2.049460651453e-04, 0.0000e+00, 0.0000e+00, 
 2DIAGNOSTIC,    26, -5.914989882723e-01, 1.665972346061e-04, 0.0000e+00, 0.0000e+00, 
 2DIAGNOSTIC,    27, -5.914093723309e-01, 1.366150626619e-04, 0.0000e+00, 0.0000e+00, 
 2DIAGNOSTIC,    28, -5.913279699270e-01, 1.111542172369e-04, 0.0000e+00, 0.0000e+00, 
 2DIAGNOSTIC,    29, -5.913375331258e-01, 8.169287319065e-05, 0.0000e+00, 0.0000e+00, 
 2DIAGNOSTIC,    30, -5.913434144148e-01, 5.275964537729e-05, 0.0000e+00, 0.0000e+00, 
 2DIAGNOSTIC,    31, -5.913542022175e-01, 3.238961587262e-05, 0.0000e+00, 0.0000e+00, 
 2DIAGNOSTIC,    32, -5.914536505243e-01, 2.043769676169e-05, 0.0000e+00, 0.0000e+00, 
 2DIAGNOSTIC,    33, -5.914631800645e-01, 1.160152223157e-05, 0.0000e+00, 0.0000e+00, 
 2DIAGNOSTIC,    34, -5.916200950169e-01, 6.395076725930e-06, 0.0000e+00, 0.0000e+00, 
 2DIAGNOSTIC,    35, -5.916411919411e-01, 7.563970592650e-06, 0.0000e+00, 0.0000e+00, 
 2DIAGNOSTIC,    36, -5.916631110677e-01, 1.169314456947e-05, 0.0000e+00, 0.0000e+00, 
 2DIAGNOSTIC,    37, -5.916669467919e-01, 1.347906154053e-05, 0.0000e+00, 0.0000e+00, 
 2DIAGNOSTIC,    38, -5.916917284895e-01, 1.323559400575e-05, 0.0000e+00, 0.0000e+00, 
 2DIAGNOSTIC,    39, -5.916982895496e-01, 1.200709614250e-05, 0.0000e+00, 0.0000e+00, 
 2DIAGNOSTIC,    40, -5.917045442660e-01, 9.924580729279e-06, 0.0000e+00, 0.0000e+00, 
 2DIAGNOSTIC,    41, -5.917073188973e-01, 7.231650414993e-06, 0.0000e+00, 0.0000e+00, 
 2DIAGNOSTIC,    42, -5.917108172827e-01, 5.265689378222e-06, 0.0000e+00, 0.0000e+00, 
 2DIAGNOSTIC,    43, -5.917208815043e-01, 3.135119473540e-06, 0.0000e+00, 0.0000e+00, 
 2DIAGNOSTIC,    44, -5.917219130364e-01, 2.610570791543e-06, 0.0000e+00, 0.0000e+00, 
 2DIAGNOSTIC,    45, -5.917350042628e-01, 2.296972505415e-06, 0.0000e+00, 0.0000e+00, 
 2DIAGNOSTIC,    46, -5.917410384168e-01, 2.140936269383e-06, 0.0000e+00, 0.0000e+00, 
 2DIAGNOSTIC,    47, -5.917418388864e-01, 1.894836053735e-06, 0.0000e+00, 0.0000e+00, 
 2DIAGNOSTIC,    48, -5.917419277870e-01, 1.794643051122e-06, 0.0000e+00, 0.0000e+00, 
 2DIAGNOSTIC,    49, -5.917426812200e-01, 1.662278932342e-06, 0.0000e+00, 0.0000e+00, 
 2DIAGNOSTIC,    50, -5.917486143510e-01, 1.555730663145e-06, 0.0000e+00, 0.0000e+00, 
 2DIAGNOSTIC,    51, -5.917486774227e-01, 1.390129776836e-06, 0.0000e+00, 0.0000e+00, 
 2DIAGNOSTIC,    52, -5.917485969020e-01, 1.189662964602e-06, 0.0000e+00, 0.0000e+00, 
 2DIAGNOSTIC,    53, -5.917486952686e-01, 1.037752992868e-06, 0.0000e+00, 0.0000e+00, 
DIAGNOSTIC,Iteration,metricValue,convergenceValue,ITERATION_TIME_INDEX,SINCE_LAST
 2DIAGNOSTIC,     1, -4.784396457156e-01, 1.797693134862e+308, 0.0000e+00, 0.0000e+00, 
 2DIAGNOSTIC,     2, -4.785215527001e-01, 1.797693134862e+308, 0.0000e+00, 0.0000e+00, 
 2DIAGNOSTIC,     3, -4.787317758657e-01, 1.797693134862e+308, 0.0000e+00, 0.0000e+00, 
 2DIAGNOSTIC,     4, -4.789236835608e-01, 1.797693134862e+308, 0.0000e+00, 0.0000e+00, 
 2DIAGNOSTIC,     5, -4.794919597212e-01, 1.797693134862e+308, 0.0000e+00, 0.0000e+00, 
 2DIAGNOSTIC,     6, -4.814700724717e-01, 1.797693134862e+308, 0.0000e+00, 0.0000e+00, 
 2DIAGNOSTIC,     7, -4.820691439734e-01, 1.797693134862e+308, 0.0000e+00, 0.0000e+00, 
 2DIAGNOSTIC,     8, -4.820971652971e-01, 1.797693134862e+308, 0.0000e+00, 0.0000e+00, 
 2DIAGNOSTIC,     9, -4.822238800623e-01, 1.797693134862e+308, 0.0000e+00, 0.0000e+00, 
 2DIAGNOSTIC,    10, -4.824523764451e-01, 6.778664504161e-04, 0.0000e+00, 0.0000e+00, 
 2DIAGNOSTIC,    11, -4.825594413206e-01, 5.899390235199e-04, 0.0000e+00, 0.0000e+00, 
 2DIAGNOSTIC,    12, -4.825613651762e-01, 4.677211897760e-04, 0.0000e+00, 0.0000e+00, 
 2DIAGNOSTIC,    13, -4.826036409696e-01, 3.354741454503e-04, 0.0000e+00, 0.0000e+00, 
 2DIAGNOSTIC,    14, -4.826201569726e-01, 2.013588225892e-04, 0.0000e+00, 0.0000e+00, 
 2DIAGNOSTIC,    15, -4.826040864509e-01, 8.663861825411e-05, 0.0000e+00, 0.0000e+00, 
 2DIAGNOSTIC,    16, -4.826086634299e-01, 5.113798881413e-05, 0.0000e+00, 0.0000e+00, 
 2DIAGNOSTIC,    17, -4.826172319479e-01, 3.653867696867e-05, 0.0000e+00, 0.0000e+00, 
 2DIAGNOSTIC,    18, -4.826321716274e-01, 2.176062613503e-05, 0.0000e+00, 0.0000e+00, 
 2DIAGNOSTIC,    19, -4.826199390325e-01, 1.006443001307e-05, 0.0000e+00, 0.0000e+00, 
 2DIAGNOSTIC,    20, -4.826077356756e-01, 5.100068860411e-06, 0.0000e+00, 0.0000e+00, 
 2DIAGNOSTIC,    21, -4.826069323296e-01, 3.300481889325e-06, 0.0000e+00, 0.0000e+00, 
 2DIAGNOSTIC,    22, -4.826624200498e-01, 2.989336130375e-06, 0.0000e+00, 0.0000e+00, 
 2DIAGNOSTIC,    23, -4.827346788609e-01, 5.431806763302e-06, 0.0000e+00, 0.0000e+00, 
 2DIAGNOSTIC,    24, -4.827414086138e-01, 7.848562826318e-06, 0.0000e+00, 0.0000e+00, 
 2DIAGNOSTIC,    25, -4.827990742774e-01, 1.048902906225e-05, 0.0000e+00, 0.0000e+00, 
 2DIAGNOSTIC,    26, -4.828219434241e-01, 1.266362084217e-05, 0.0000e+00, 0.0000e+00, 
 2DIAGNOSTIC,    27, -4.829532328594e-01, 1.661444576893e-05, 0.0000e+00, 0.0000e+00, 
 2DIAGNOSTIC,    28, -4.829820172235e-01, 1.966750009948e-05, 0.0000e+00, 0.0000e+00, 
 2DIAGNOSTIC,    29, -4.830675489155e-01, 2.228604119006e-05, 0.0000e+00, 0.0000e+00, 
 2DIAGNOSTIC,    30, -4.830994864291e-01, 2.313038354785e-05, 0.0000e+00, 0.0000e+00, 
 2DIAGNOSTIC,    31, -4.830983888264e-01, 2.177370591749e-05, 0.0000e+00, 0.0000e+00, 
 2DIAGNOSTIC,    32, -4.831010403666e-01, 1.957702895554e-05, 0.0000e+00, 0.0000e+00, 
 2DIAGNOSTIC,    33, -4.831033143877e-01, 1.708299031798e-05, 0.0000e+00, 0.0000e+00, 
 2DIAGNOSTIC,    34, -4.831052135295e-01, 1.333878314861e-05, 0.0000e+00, 0.0000e+00, 
 2DIAGNOSTIC,    35, -4.830915572697e-01, 9.381147988229e-06, 0.0000e+00, 0.0000e+00, 
 2DIAGNOSTIC,    36, -4.831250348219e-01, 5.733186921941e-06, 0.0000e+00, 0.0000e+00, 
 2DIAGNOSTIC,    37, -4.831430348904e-01, 4.192963248304e-06, 0.0000e+00, 0.0000e+00, 
 2DIAGNOSTIC,    38, -4.832121414936e-01, 3.896415063747e-06, 0.0000e+00, 0.0000e+00, 
 2DIAGNOSTIC,    39, -4.831591184003e-01, 3.783316304077e-06, 0.0000e+00, 0.0000e+00, 
 2DIAGNOSTIC,    40, -4.832502175142e-01, 5.247390950237e-06, 0.0000e+00, 0.0000e+00, 
 2DIAGNOSTIC,    41, -4.833824211287e-01, 8.060329186675e-06, 0.0000e+00, 0.0000e+00, 
 2DIAGNOSTIC,    42, -4.833971206238e-01, 1.022377086739e-05, 0.0000e+00, 0.0000e+00, 
 2DIAGNOSTIC,    43, -4.833841827001e-01, 1.126263405472e-05, 0.0000e+00, 0.0000e+00, 
 2DIAGNOSTIC,    44, -4.833802901556e-01, 1.127632407839e-05, 0.0000e+00, 0.0000e+00, 
 2DIAGNOSTIC,    45, -4.833840001646e-01, 1.013347002313e-05, 0.0000e+00, 0.0000e+00, 
 2DIAGNOSTIC,    46, -4.833698419126e-01, 8.340577629017e-06, 0.0000e+00, 0.0000e+00, 
 2DIAGNOSTIC,    47, -4.833487416093e-01, 5.834942910968e-06, 0.0000e+00, 0.0000e+00, 
 2DIAGNOSTIC,    48, -4.833519337704e-01, 3.894079596636e-06, 0.0000e+00, 0.0000e+00, 
 2DIAGNOSTIC,    49, -4.833466223762e-01, 1.006596545759e-06, 0.0000e+00, 0.0000e+00, 
DIAGNOSTIC,Iteration,metricValue,convergenceValue,ITERATION_TIME_INDEX,SINCE_LAST
 2DIAGNOSTIC,     1, -4.160829941456e-01, 1.797693134862e+308, 0.0000e+00, 0.0000e+00, 
 2DIAGNOSTIC,     2, -4.160847467248e-01, 1.797693134862e+308, 0.0000e+00, 0.0000e+00, 
 2DIAGNOSTIC,     3, -4.160856982978e-01, 1.797693134862e+308, 0.0000e+00, 0.0000e+00, 
 2DIAGNOSTIC,     4, -4.160836027923e-01, 1.797693134862e+308, 0.0000e+00, 0.0000e+00, 
 2DIAGNOSTIC,     5, -4.160830335516e-01, 1.797693134862e+308, 0.0000e+00, 0.0000e+00, 
 2DIAGNOSTIC,     6, -4.160826121769e-01, 1.797693134862e+308, 0.0000e+00, 0.0000e+00, 
 2DIAGNOSTIC,     7, -4.160819405029e-01, 1.797693134862e+308, 0.0000e+00, 0.0000e+00, 
 2DIAGNOSTIC,     8, -4.160812196189e-01, 1.797693134862e+308, 0.0000e+00, 0.0000e+00, 
 2DIAGNOSTIC,     9, -4.160812502831e-01, 1.797693134862e+308, 0.0000e+00, 0.0000e+00, 
 2DIAGNOSTIC,    10, -4.160812854591e-01, 2.577789258287e-06, 0.0000e+00, 0.0000e+00, 
 2DIAGNOSTIC,    11, -4.160812224364e-01, 2.266753924146e-06, 0.0000e+00, 0.0000e+00, 
 2DIAGNOSTIC,    12, -4.160812863608e-01, 2.164095576837e-06, 0.0000e+00, 0.0000e+00, 
 2DIAGNOSTIC,    13, -4.160813209900e-01, 2.175695034190e-06, 0.0000e+00, 0.0000e+00, 
 2DIAGNOSTIC,    14, -4.160813749828e-01, 2.110351254789e-06, 0.0000e+00, 0.0000e+00, 
 2DIAGNOSTIC,    15, -4.160813650617e-01, 2.041393211347e-06, 0.0000e+00, 0.0000e+00, 
 2DIAGNOSTIC,    16, -4.160813900664e-01, 1.971645851848e-06, 0.0000e+00, 0.0000e+00, 
 2DIAGNOSTIC,    17, -4.160814067990e-01, 1.885832930711e-06, 0.0000e+00, 0.0000e+00, 
 2DIAGNOSTIC,    18, -4.160806018029e-01, 1.749903051719e-06, 0.0000e+00, 0.0000e+00, 
 2DIAGNOSTIC,    19, -4.160806017175e-01, 1.631501069299e-06, 0.0000e+00, 0.0000e+00, 
 2DIAGNOSTIC,    20, -4.160805958907e-01, 1.529433112324e-06, 0.0000e+00, 0.0000e+00, 
 2DIAGNOSTIC,    21, -4.160805948507e-01, 1.439991439041e-06, 0.0000e+00, 0.0000e+00, 
 2DIAGNOSTIC,    22, -4.160805947311e-01, 1.367473655381e-06, 0.0000e+00, 0.0000e+00, 
 2DIAGNOSTIC,    23, -4.160805936194e-01, 1.309731791486e-06, 0.0000e+00, 0.0000e+00, 
 2DIAGNOSTIC,    24, -4.160805961414e-01, 1.265178679911e-06, 0.0000e+00, 0.0000e+00, 
 2DIAGNOSTIC,    25, -4.160805961414e-01, 1.228996067214e-06, 0.0000e+00, 0.0000e+00, 
 2DIAGNOSTIC,    26, -4.160805961414e-01, 1.199870838381e-06, 0.0000e+00, 0.0000e+00, 
 2DIAGNOSTIC,    27, -4.160805923815e-01, 1.175844829469e-06, 0.0000e+00, 0.0000e+00, 
 2DIAGNOSTIC,    28, -4.160805923815e-01, 1.133930428193e-06, 0.0000e+00, 0.0000e+00, 
 2DIAGNOSTIC,    29, -4.160805923815e-01, 1.094930289228e-06, 0.0000e+00, 0.0000e+00, 
 2DIAGNOSTIC,    30, -4.160805923815e-01, 1.058409778806e-06, 0.0000e+00, 0.0000e+00, 
 2DIAGNOSTIC,    31, -4.160805923815e-01, 1.024238909388e-06, 0.0000e+00, 0.0000e+00, 
DIAGNOSTIC,Iteration,metricValue,convergenceValue,ITERATION_TIME_INDEX,SINCE_LAST
 2DIAGNOSTIC,     1, -3.831719785196e-01, 1.797693134862e+308, 0.0000e+00, 0.0000e+00, 
 2DIAGNOSTIC,     2, -3.833265729857e-01, 1.797693134862e+308, 0.0000e+00, 0.0000e+00, 
 2DIAGNOSTIC,     3, -3.834259458664e-01, 1.797693134862e+308, 0.0000e+00, 0.0000e+00, 
 2DIAGNOSTIC,     4, -3.835050631687e-01, 1.797693134862e+308, 0.0000e+00, 0.0000e+00, 
 2DIAGNOSTIC,     5, -3.835221437321e-01, 1.797693134862e+308, 0.0000e+00, 0.0000e+00, 
 2DIAGNOSTIC,     6, -3.835225869196e-01, 1.797693134862e+308, 0.0000e+00, 0.0000e+00, 
 2DIAGNOSTIC,     7, -3.835225939894e-01, 1.797693134862e+308, 0.0000e+00, 0.0000e+00, 
 2DIAGNOSTIC,     8, -3.835212596208e-01, 1.797693134862e+308, 0.0000e+00, 0.0000e+00, 
 2DIAGNOSTIC,     9, -3.835233220365e-01, 1.797693134862e+308, 0.0000e+00, 0.0000e+00, 
 2DIAGNOSTIC,    10, -3.835235194587e-01, 4.754302062532e-05, 0.0000e+00, 0.0000e+00, 
 2DIAGNOSTIC,    11, -3.835233379325e-01, 2.272437381239e-05, 0.0000e+00, 0.0000e+00, 
 2DIAGNOSTIC,    12, -3.835231864661e-01, 9.705886760025e-06, 0.0000e+00, 0.0000e+00, 
 2DIAGNOSTIC,    13, -3.835230937044e-01, 3.597200086650e-06, 0.0000e+00, 0.0000e+00, 
 2DIAGNOSTIC,    14, -3.835230897017e-01, 2.417269893709e-06, 0.0000e+00, 0.0000e+00, 
 2DIAGNOSTIC,    15, -3.835230553166e-01, 2.220967643712e-06, 2.5600e+02, 2.5600e+02, 
 2DIAGNOSTIC,    16, -3.835229871740e-01, 2.057991261489e-06, 2.5600e+02, 0.0000e+00, 
 2DIAGNOSTIC,    17, -3.835230158605e-01, 1.912147012270e-06, 2.5600e+02, 0.0000e+00, 
 2DIAGNOSTIC,    18, -3.835229840664e-01, 1.719744087442e-06, 2.5600e+02, 0.0000e+00, 
 2DIAGNOSTIC,    19, -3.835230231258e-01, 1.633334727233e-06, 2.5600e+02, 0.0000e+00, 
 2DIAGNOSTIC,    20, -3.835230711779e-01, 1.568280194375e-06, 2.5600e+02, 0.0000e+00, 
 2DIAGNOSTIC,    21, -3.835230765645e-01, 1.505145353360e-06, 2.5600e+02, 0.0000e+00, 
 2DIAGNOSTIC,    22, -3.835230310153e-01, 1.441889958126e-06, 2.5600e+02, 0.0000e+00, 
 2DIAGNOSTIC,    23, -3.835229949385e-01, 1.380179263002e-06, 2.5600e+02, 0.0000e+00, 
 2DIAGNOSTIC,    24, -3.835230219147e-01, 1.324399011904e-06, 2.5600e+02, 0.0000e+00, 
 2DIAGNOSTIC,    25, -3.835230273103e-01, 1.272086321731e-06, 2.5600e+02, 0.0000e+00, 
 2DIAGNOSTIC,    26, -3.835230257634e-01, 1.221619877013e-06, 2.5600e+02, 0.0000e+00, 
 2DIAGNOSTIC,    27, -3.835229770626e-01, 1.174431450264e-06, 2.5600e+02, 0.0000e+00, 
 2DIAGNOSTIC,    28, -3.835229792059e-01, 1.130047078683e-06, 2.5600e+02, 0.0000e+00, 
 2DIAGNOSTIC,    29, -3.835229760752e-01, 1.089961256542e-06, 2.5600e+02, 0.0000e+00, 
 2DIAGNOSTIC,    30, -3.835229788497e-01, 1.054240193657e-06, 2.5600e+02, 0.0000e+00, 
 2DIAGNOSTIC,    31, -3.835230012751e-01, 1.021938705936e-06, 2.5600e+02, 0.0000e+00, 
  Elapsed time (stage 0): 2.5600e+02


Total elapsed time: 2.5600e+02
Info [verificarlo]: loaded backend libinterflop_vprec.so
Info [interflop-vprec]: load backend with: 
Info [interflop-vprec]: precision-binary32 = 22
Info [interflop-vprec]: range-binary32 = 7
Info [interflop-vprec]: precision-binary64 = 22
Info [interflop-vprec]: range-binary64 = 7
Info [interflop-vprec]: mode = ob
Info [interflop-vprec]: error-mode = rel
Info [interflop-vprec]: max-abs-error-exponent = -1022
Info [interflop-vprec]: daz = false
Info [interflop-vprec]: ftz = false
Info [interflop-vprec]: 	instrument = none
Info [interflop-vprec]: 	prec-input-file = (null)
Info [interflop-vprec]: 	prec-output-file = (null)
Info [interflop-vprec]: 	prec-log-file = (null)
All_Command_lines_OK
Using double precision for computations.
=============================================================================
The composite transform comprises the following transforms (in order): 
  1. /home/mdugre/scratch/mri-registration-rp/datasets/ds004513/derivatives/mri-registration-rp/1111/antsRegistration-r7-p22/sub-s017/rigid_Composite.h5[0] (type = Euler3DTransform)
  2. /home/mdugre/scratch/mri-registration-rp/datasets/ds004513/derivatives/mri-registration-rp/1111/antsRegistration-r7-p22/sub-s017/rigid_Composite.h5[1] (type = Euler3DTransform)
  3. /home/mdugre/scratch/mri-registration-rp/datasets/ds004513/derivatives/mri-registration-rp/1111/antsRegistration-r7-p22/sub-s017/rigid_Composite.h5[2] (type = Euler3DTransform)
=============================================================================
  number of levels = 4
  fixed image: /templateflow/tpl-MNI152NLin2009cAsym/tpl-MNI152NLin2009cAsym_res-01_desc-brain_T1w.nii.gz
  moving image: /home/mdugre/scratch/mri-registration-rp/datasets/ds004513/derivatives/mri-registration-rp/antsBrainExtraction/sub-s017/BrainExtractionBrain.nii.gz
Dimension = 3
Number of stages = 1
Use histogram matching = false
Winsorize image intensities = true
  Lower quantile = 0.005
  Upper quantile = 0.995


Stage 1 State
   Image metric = MattesMI
     Fixed image = Image (0x43b6490)
  RTTI typeinfo:   itk::Image<double, 3u>
  Reference Count: 2
  Modified Time: 1594
  Debug: Off
  Object Name: 
  Observers: 
    none
  Source: (none)
  Source output name: (none)
  Release Data: Off
  Data Released: False
  Global Release Data: Off
  PipelineMTime: 0
  UpdateMTime: 1203
  RealTimeStamp: 0 seconds 
  LargestPossibleRegion: 
    Dimension: 3
    Index: [0, 0, 0]
    Size: [193, 229, 193]
  BufferedRegion: 
    Dimension: 3
    Index: [0, 0, 0]
    Size: [193, 229, 193]
  RequestedRegion: 
    Dimension: 3
    Index: [0, 0, 0]
    Size: [193, 229, 193]
  Spacing: [1, 1, 1]
  Origin: [96, 132, -78]
  Direction: 
-1 0 0
0 -1 0
0 0 1

  IndexToPointMatrix: 
-1 0 0
0 -1 0
0 0 1

  PointToIndexMatrix: 
-1 0 0
0 -1 0
0 0 1

  Inverse Direction: 
-1 0 0
0 -1 0
0 0 1

  PixelContainer: 
    ImportImageContainer (0x448b970)
      RTTI typeinfo:   itk::ImportImageContainer<unsigned long, double>
      Reference Count: 1
      Modified Time: 1200
      Debug: Off
      Object Name: 
      Observers: 
        none
      Pointer: 0x154a2e6ec010
      Container manages memory: true
      Size: 8530021
      Capacity: 8530021

     Moving image = Image (0x4471cd0)
  RTTI typeinfo:   itk::Image<double, 3u>
  Reference Count: 2
  Modified Time: 1595
  Debug: Off
  Object Name: 
  Observers: 
    none
  Source: (none)
  Source output name: (none)
  Release Data: Off
  Data Released: False
  Global Release Data: Off
  PipelineMTime: 0
  UpdateMTime: 1592
  RealTimeStamp: 0 seconds 
  LargestPossibleRegion: 
    Dimension: 3
    Index: [0, 0, 0]
    Size: [160, 240, 256]
  BufferedRegion: 
    Dimension: 3
    Index: [0, 0, 0]
    Size: [160, 240, 256]
  RequestedRegion: 
    Dimension: 3
    Index: [0, 0, 0]
    Size: [160, 240, 256]
  Spacing: [1, 1, 1]
  Origin: [91.3357, 102.231, -120.042]
  Direction: 
-0.997442 -5.36781e-05 -0.0714818
5.35416e-05 -1 3.82465e-06
-0.0714818 -1.23894e-08 0.997442

  IndexToPointMatrix: 
-0.997444 -5.36781e-05 -0.0714818
5.35417e-05 -1 3.82465e-06
-0.0714819 -1.23894e-08 0.997442

  PointToIndexMatrix: 
-0.99744 5.35415e-05 -0.0714816
-5.3678e-05 -1 -1.36206e-08
-0.0714818 3.82343e-06 0.997442

  Inverse Direction: 
-0.997442 5.35417e-05 -0.0714818
-5.36781e-05 -1 -1.239e-08
-0.0714818 3.82465e-06 0.997442

  PixelContainer: 
    ImportImageContainer (0x4466b80)
      RTTI typeinfo:   itk::ImportImageContainer<unsigned long, double>
      Reference Count: 1
      Modified Time: 1589
      Debug: Off
      Object Name: 
      Observers: 
        none
      Pointer: 0x154a29beb010
      Container manages memory: true
      Size: 9830400
      Capacity: 9830400

     Weighting = 1
     Sampling strategy = regular
     Number of bins = 32
     Radius = 4
     Sampling percentage  = 0.25
   Transform = Affine
     Gradient step = 0.1
     Update field sigma (voxel space) = 0
     Total field sigma (voxel space) = 0
     Update field time sigma = 0
     Total field time sigma  = 0
     Number of time indices = 0
     Number of time point samples = 0
Registration using 1 total stages.

Stage 0
  iterations = 1000x500x250x100
  convergence threshold = 1e-06
  convergence window size = 10
  number of levels = 4
  using the Mattes MI metric (number of bins = 32, weight = 1, use gradient filter = 0)
  preprocessing:  winsorizing the image intensities
  Shrink factors (level 1 out of 4): [8, 8, 8]
  Shrink factors (level 2 out of 4): [4, 4, 4]
  Shrink factors (level 3 out of 4): [2, 2, 2]
  Shrink factors (level 4 out of 4): [1, 1, 1]
  smoothing sigmas per level: [3, 2, 1, 0]
  regular sampling (percentage = 0.25)

*** Running AffineTransform registration ***

DIAGNOSTIC,Iteration,metricValue,convergenceValue,ITERATION_TIME_INDEX,SINCE_LAST
 2DIAGNOSTIC,     1, -5.801582700044e-01, 1.797693134862e+308, 0.0000e+00, 0.0000e+00, 
 2DIAGNOSTIC,     2, -5.827453873961e-01, 1.797693134862e+308, 0.0000e+00, 0.0000e+00, 
 2DIAGNOSTIC,     3, -5.871492339425e-01, 1.797693134862e+308, 0.0000e+00, 0.0000e+00, 
 2DIAGNOSTIC,     4, -5.960597478682e-01, 1.797693134862e+308, 0.0000e+00, 0.0000e+00, 
 2DIAGNOSTIC,     5, -6.115959107341e-01, 1.797693134862e+308, 0.0000e+00, 0.0000e+00, 
 2DIAGNOSTIC,     6, -6.362770675814e-01, 1.797693134862e+308, 0.0000e+00, 0.0000e+00, 
 2DIAGNOSTIC,     7, -6.880723350108e-01, 1.797693134862e+308, 0.0000e+00, 0.0000e+00, 
 2DIAGNOSTIC,     8, -7.923296598210e-01, 1.797693134862e+308, 0.0000e+00, 0.0000e+00, 
 2DIAGNOSTIC,     9, -8.428320395738e-01, 1.797693134862e+308, 0.0000e+00, 0.0000e+00, 
 2DIAGNOSTIC,    10, -8.444413138381e-01, 2.869436731826e-02, 0.0000e+00, 0.0000e+00, 
 2DIAGNOSTIC,    11, -8.486751249152e-01, 2.826953160690e-02, 0.0000e+00, 0.0000e+00, 
 2DIAGNOSTIC,    12, -8.540743195610e-01, 2.568086632726e-02, 0.0000e+00, 0.0000e+00, 
 2DIAGNOSTIC,    13, -8.608348990469e-01, 2.155259864160e-02, 0.0000e+00, 0.0000e+00, 
 2DIAGNOSTIC,    14, -8.671795504325e-01, 1.659057304882e-02, 0.0000e+00, 0.0000e+00, 
 2DIAGNOSTIC,    15, -8.744330549783e-01, 1.152471033542e-02, 0.0000e+00, 0.0000e+00, 
 2DIAGNOSTIC,    16, -8.798563215879e-01, 6.880974444675e-03, 0.0000e+00, 0.0000e+00, 
 2DIAGNOSTIC,    17, -8.878860466464e-01, 3.516707958751e-03, 0.0000e+00, 0.0000e+00, 
 2DIAGNOSTIC,    18, -8.889330278979e-01, 2.414672206640e-03, 0.0000e+00, 0.0000e+00, 
 2DIAGNOSTIC,    19, -8.887787898065e-01, 2.206090408446e-03, 0.0000e+00, 0.0000e+00, 
 2DIAGNOSTIC,    20, -8.887538216613e-01, 1.847885361222e-03, 0.0000e+00, 0.0000e+00, 
 2DIAGNOSTIC,    21, -8.887082271587e-01, 1.428592655870e-03, 0.0000e+00, 0.0000e+00, 
 2DIAGNOSTIC,    22, -8.883422780737e-01, 1.000215996829e-03, 0.0000e+00, 0.0000e+00, 
 2DIAGNOSTIC,    23, -8.883149894637e-01, 6.254910260799e-04, 0.0000e+00, 0.0000e+00, 
 2DIAGNOSTIC,    24, -8.884302900625e-01, 3.236127677465e-04, 0.0000e+00, 0.0000e+00, 
 2DIAGNOSTIC,    25, -8.883248982002e-01, 1.196794102550e-04, 0.0000e+00, 0.0000e+00, 
DIAGNOSTIC,Iteration,metricValue,convergenceValue,ITERATION_TIME_INDEX,SINCE_LAST
 2DIAGNOSTIC,     1, -7.466924400524e-01, 1.797693134862e+308, 0.0000e+00, 0.0000e+00, 
 2DIAGNOSTIC,     2, -7.470532375398e-01, 1.797693134862e+308, 0.0000e+00, 0.0000e+00, 
 2DIAGNOSTIC,     3, -7.471309077910e-01, 1.797693134862e+308, 0.0000e+00, 0.0000e+00, 
 2DIAGNOSTIC,     4, -7.472459714062e-01, 1.797693134862e+308, 0.0000e+00, 0.0000e+00, 
 2DIAGNOSTIC,     5, -7.474025841485e-01, 1.797693134862e+308, 0.0000e+00, 0.0000e+00, 
 2DIAGNOSTIC,     6, -7.477304426979e-01, 1.797693134862e+308, 0.0000e+00, 0.0000e+00, 
 2DIAGNOSTIC,     7, -7.483084989498e-01, 1.797693134862e+308, 0.0000e+00, 0.0000e+00, 
 2DIAGNOSTIC,     8, -7.490714087885e-01, 1.797693134862e+308, 0.0000e+00, 0.0000e+00, 
 2DIAGNOSTIC,     9, -7.496968367030e-01, 1.797693134862e+308, 0.0000e+00, 0.0000e+00, 
 2DIAGNOSTIC,    10, -7.498687830083e-01, 2.842800812483e-04, 0.0000e+00, 0.0000e+00, 
 2DIAGNOSTIC,    11, -7.501163933512e-01, 2.808840649782e-04, 0.0000e+00, 0.0000e+00, 
 2DIAGNOSTIC,    12, -7.505836381793e-01, 2.791052089970e-04, 0.0000e+00, 0.0000e+00, 
 2DIAGNOSTIC,    13, -7.505521689156e-01, 2.533809465844e-04, 0.0000e+00, 0.0000e+00, 
 2DIAGNOSTIC,    14, -7.505519279556e-01, 2.118125675301e-04, 0.0000e+00, 0.0000e+00, 
 2DIAGNOSTIC,    15, -7.505691399382e-01, 1.613507783476e-04, 0.0000e+00, 0.0000e+00, 
 2DIAGNOSTIC,    16, -7.505555544989e-01, 1.099517266096e-04, 0.0000e+00, 0.0000e+00, 
 2DIAGNOSTIC,    17, -7.505436843533e-01, 6.687279401348e-05, 0.0000e+00, 0.0000e+00, 
 2DIAGNOSTIC,    18, -7.505505304427e-01, 3.854416802791e-05, 0.0000e+00, 0.0000e+00, 
 2DIAGNOSTIC,    19, -7.505315177489e-01, 2.200622515354e-05, 0.0000e+00, 0.0000e+00, 
 2DIAGNOSTIC,    20, -7.505171322736e-01, 8.190157474983e-06, 0.0000e+00, 0.0000e+00, 
DIAGNOSTIC,Iteration,metricValue,convergenceValue,ITERATION_TIME_INDEX,SINCE_LAST
 2DIAGNOSTIC,     1, -6.295332404053e-01, 1.797693134862e+308, 0.0000e+00, 0.0000e+00, 
 2DIAGNOSTIC,     2, -6.301062888934e-01, 1.797693134862e+308, 0.0000e+00, 0.0000e+00, 
 2DIAGNOSTIC,     3, -6.306879122490e-01, 1.797693134862e+308, 0.0000e+00, 0.0000e+00, 
 2DIAGNOSTIC,     4, -6.313478737104e-01, 1.797693134862e+308, 0.0000e+00, 0.0000e+00, 
 2DIAGNOSTIC,     5, -6.325337999734e-01, 1.797693134862e+308, 0.0000e+00, 0.0000e+00, 
 2DIAGNOSTIC,     6, -6.329670533777e-01, 1.797693134862e+308, 0.0000e+00, 0.0000e+00, 
 2DIAGNOSTIC,     7, -6.329674474143e-01, 1.797693134862e+308, 0.0000e+00, 0.0000e+00, 
 2DIAGNOSTIC,     8, -6.329671710275e-01, 1.797693134862e+308, 0.0000e+00, 0.0000e+00, 
 2DIAGNOSTIC,     9, -6.329651246625e-01, 1.797693134862e+308, 0.0000e+00, 0.0000e+00, 
 2DIAGNOSTIC,    10, -6.329659805973e-01, 3.791016894405e-04, 0.0000e+00, 0.0000e+00, 
 2DIAGNOSTIC,    11, -6.329646209433e-01, 2.558002152436e-04, 0.0000e+00, 0.0000e+00, 
 2DIAGNOSTIC,    12, -6.329655282916e-01, 1.522473034518e-04, 0.0000e+00, 0.0000e+00, 
 2DIAGNOSTIC,    13, -6.329657338255e-01, 7.134617495161e-05, 0.0000e+00, 0.0000e+00, 
 2DIAGNOSTIC,    14, -6.329669905574e-01, 1.606727224185e-05, 0.0000e+00, 0.0000e+00, 
 2DIAGNOSTIC,    15, -6.329686912401e-01, 2.125300807079e-06, 0.0000e+00, 0.0000e+00, 
 2DIAGNOSTIC,    16, -6.329669727540e-01, 2.048675818073e-06, 0.0000e+00, 0.0000e+00, 
 2DIAGNOSTIC,    17, -6.329674314786e-01, 1.999953010381e-06, 0.0000e+00, 0.0000e+00, 
 2DIAGNOSTIC,    18, -6.329658364427e-01, 1.898639789534e-06, 0.0000e+00, 0.0000e+00, 
 2DIAGNOSTIC,    19, -6.329644309538e-01, 1.713315904962e-06, 0.0000e+00, 0.0000e+00, 
 2DIAGNOSTIC,    20, -6.329639254522e-01, 1.551891746714e-06, 0.0000e+00, 0.0000e+00, 
 2DIAGNOSTIC,    21, -6.329626730197e-01, 1.353206143827e-06, 0.0000e+00, 0.0000e+00, 
 2DIAGNOSTIC,    22, -6.329641725555e-01, 1.237709871864e-06, 0.0000e+00, 0.0000e+00, 
 2DIAGNOSTIC,    23, -6.329639208549e-01, 1.149170340047e-06, 0.0000e+00, 0.0000e+00, 
 2DIAGNOSTIC,    24, -6.329638817398e-01, 1.112133430743e-06, 0.0000e+00, 0.0000e+00, 
 2DIAGNOSTIC,    25, -6.329634041140e-01, 1.121206423364e-06, 0.0000e+00, 0.0000e+00, 
 2DIAGNOSTIC,    26, -6.329619004473e-01, 1.087503018693e-06, 0.0000e+00, 0.0000e+00, 
 2DIAGNOSTIC,    27, -6.329619522117e-01, 1.078105717346e-06, 0.0000e+00, 0.0000e+00, 
 2DIAGNOSTIC,    28, -6.329619100605e-01, 1.052192150658e-06, 0.0000e+00, 0.0000e+00, 
DIAGNOSTIC,Iteration,metricValue,convergenceValue,ITERATION_TIME_INDEX,SINCE_LAST
 2DIAGNOSTIC,     1, -5.646256439381e-01, 1.797693134862e+308, 0.0000e+00, 0.0000e+00, 
 2DIAGNOSTIC,     2, -5.648838823549e-01, 1.797693134862e+308, 0.0000e+00, 0.0000e+00, 
 2DIAGNOSTIC,     3, -5.651046764689e-01, 1.797693134862e+308, 0.0000e+00, 0.0000e+00, 
 2DIAGNOSTIC,     4, -5.654240786814e-01, 1.797693134862e+308, 0.0000e+00, 0.0000e+00, 
 2DIAGNOSTIC,     5, -5.654256883503e-01, 1.797693134862e+308, 0.0000e+00, 0.0000e+00, 
 2DIAGNOSTIC,     6, -5.654240066404e-01, 1.797693134862e+308, 0.0000e+00, 0.0000e+00, 
 2DIAGNOSTIC,     7, -5.654236102456e-01, 1.797693134862e+308, 0.0000e+00, 0.0000e+00, 
 2DIAGNOSTIC,     8, -5.654234261663e-01, 1.797693134862e+308, 0.0000e+00, 0.0000e+00, 
 2DIAGNOSTIC,     9, -5.654231780738e-01, 1.797693134862e+308, 0.0000e+00, 0.0000e+00, 
 2DIAGNOSTIC,    10, -5.654231629231e-01, 7.819202733467e-05, 0.0000e+00, 0.0000e+00, 
 2DIAGNOSTIC,    11, -5.654229121588e-01, 4.016127677681e-05, 2.5600e+02, 2.5600e+02, 
 2DIAGNOSTIC,    12, -5.654228281518e-01, 1.584245329930e-05, 2.5600e+02, 0.0000e+00, 
