
##########################
# Experiment information #
##########################

EXPERIMENT_NAME: antsRegistration-r7-p21
VFC_BACKENDS: libinterflop_vprec.so --range-binary32=7 --precision-binary32=21 --range-binary64=7 --precision-binary64=21

SIF_IMG: /home/mdugre/projects/rrg-glatard/mdugre/containers/ants-vprec-no_metrics.simg

SUBJECT_ID: s035
INPUT_IMG: /home/mdugre/scratch/mri-registration-rp/datasets/ds004513/derivatives/mri-registration-rp/antsBrainExtraction/sub-s035/BrainExtractionBrain.nii.gz
OUTPUT_DIR: /home/mdugre/scratch/mri-registration-rp/datasets/ds004513/derivatives/mri-registration-rp/1111/antsRegistration-r7-p21/sub-s035

FIXED_IMG: /templateflow/tpl-MNI152NLin2009cAsym/tpl-MNI152NLin2009cAsym_res-01_desc-brain_T1w.nii.gz
DATA_DIR: /home/mdugre/scratch/mri-registration-rp/datasets/ds004513
TEMPLATEFLOW_DIR: /home/mdugre/projects/rrg-glatard/mdugre/templateflow
ITK_GLOBAL_DEFAULT_NUMBER_OF_THREADS: 16
##########################

Info [verificarlo]: loaded backend libinterflop_vprec.so
Info [interflop-vprec]: load backend with: 
Info [interflop-vprec]: precision-binary32 = 21
Info [interflop-vprec]: range-binary32 = 7
Info [interflop-vprec]: precision-binary64 = 21
Info [interflop-vprec]: range-binary64 = 7
Info [interflop-vprec]: mode = ob
Info [interflop-vprec]: error-mode = rel
Info [interflop-vprec]: max-abs-error-exponent = -1022
Info [interflop-vprec]: daz = false
Info [interflop-vprec]: ftz = false
Info [interflop-vprec]: 	instrument = none
Info [interflop-vprec]: 	prec-input-file = (null)
Info [interflop-vprec]: 	prec-output-file = (null)
Info [interflop-vprec]: 	prec-log-file = (null)
All_Command_lines_OK
Using double precision for computations.
=============================================================================
The composite transform comprises the following transforms (in order): 
  1. Center of mass alignment using fixed image: /templateflow/tpl-MNI152NLin2009cAsym/tpl-MNI152NLin2009cAsym_res-01_desc-brain_T1w.nii.gz and moving image: /home/mdugre/scratch/mri-registration-rp/datasets/ds004513/derivatives/mri-registration-rp/antsBrainExtraction/sub-s035/BrainExtractionBrain.nii.gz (type = Euler3DTransform)
=============================================================================
  number of levels = 1
  fixed image: /templateflow/tpl-MNI152NLin2009cAsym/tpl-MNI152NLin2009cAsym_res-01_desc-brain_T1w.nii.gz
  moving image: /home/mdugre/scratch/mri-registration-rp/datasets/ds004513/derivatives/mri-registration-rp/antsBrainExtraction/sub-s035/BrainExtractionBrain.nii.gz
Dimension = 3
Number of stages = 1
Use histogram matching = false
Winsorize image intensities = true
  Lower quantile = 0.005
  Upper quantile = 0.995


Stage 1 State
   Image metric = MattesMI
     Fixed image = Image (0x46c6b20)
  RTTI typeinfo:   itk::Image<double, 3u>
  Reference Count: 2
  Modified Time: 2330
  Debug: Off
  Object Name: 
  Observers: 
    none
  Source: (none)
  Source output name: (none)
  Release Data: Off
  Data Released: False
  Global Release Data: Off
  PipelineMTime: 0
  UpdateMTime: 1941
  RealTimeStamp: 0 seconds 
  LargestPossibleRegion: 
    Dimension: 3
    Index: [0, 0, 0]
    Size: [193, 229, 193]
  BufferedRegion: 
    Dimension: 3
    Index: [0, 0, 0]
    Size: [193, 229, 193]
  RequestedRegion: 
    Dimension: 3
    Index: [0, 0, 0]
    Size: [193, 229, 193]
  Spacing: [1, 1, 1]
  Origin: [96, 132, -78]
  Direction: 
-1 0 0
0 -1 0
0 0 1

  IndexToPointMatrix: 
-1 0 0
0 -1 0
0 0 1

  PointToIndexMatrix: 
-1 0 0
0 -1 0
0 0 1

  Inverse Direction: 
-1 0 0
0 -1 0
0 0 1

  PixelContainer: 
    ImportImageContainer (0x47f2650)
      RTTI typeinfo:   itk::ImportImageContainer<unsigned long, double>
      Reference Count: 1
      Modified Time: 1938
      Debug: Off
      Object Name: 
      Observers: 
        none
      Pointer: 0x14a5da765010
      Container manages memory: true
      Size: 8530021
      Capacity: 8530021

     Moving image = Image (0x46cf240)
  RTTI typeinfo:   itk::Image<double, 3u>
  Reference Count: 2
  Modified Time: 2331
  Debug: Off
  Object Name: 
  Observers: 
    none
  Source: (none)
  Source output name: (none)
  Release Data: Off
  Data Released: False
  Global Release Data: Off
  PipelineMTime: 0
  UpdateMTime: 2328
  RealTimeStamp: 0 seconds 
  LargestPossibleRegion: 
    Dimension: 3
    Index: [0, 0, 0]
    Size: [160, 240, 256]
  BufferedRegion: 
    Dimension: 3
    Index: [0, 0, 0]
    Size: [160, 240, 256]
  RequestedRegion: 
    Dimension: 3
    Index: [0, 0, 0]
    Size: [160, 240, 256]
  Spacing: [1, 1, 1]
  Origin: [98.6437, 87.6358, -117.989]
  Direction: 
-0.993515 -0.100993 -0.0522355
0.100854 -0.994887 0.00530255
-0.0525039 1.93537e-08 0.998621

  IndexToPointMatrix: 
-0.993515 -0.100993 -0.0522355
0.100854 -0.994887 0.00530255
-0.0525039 1.93537e-08 0.998621

  PointToIndexMatrix: 
-0.993515 0.100854 -0.0525039
-0.100993 -0.994887 1.19209e-07
-0.0522355 0.00530267 0.998621

  Inverse Direction: 
-0.993515 0.100854 -0.0525039
-0.100993 -0.994887 1.19209e-07
-0.0522355 0.00530267 0.998621

  PixelContainer: 
    ImportImageContainer (0x47dcb90)
      RTTI typeinfo:   itk::ImportImageContainer<unsigned long, double>
      Reference Count: 1
      Modified Time: 2325
      Debug: Off
      Object Name: 
      Observers: 
        none
      Pointer: 0x14a5d5c64010
      Container manages memory: true
      Size: 9830400
      Capacity: 9830400

     Weighting = 1
     Sampling strategy = regular
     Number of bins = 32
     Radius = 4
     Sampling percentage  = 0.25
   Transform = Rigid
     Gradient step = 0.1
     Update field sigma (voxel space) = 0
     Total field sigma (voxel space) = 0
     Update field time sigma = 0
     Total field time sigma  = 0
     Number of time indices = 0
     Number of time point samples = 0
Registration using 1 total stages.

Stage 0
  iterations = 0
  convergence threshold = 1e-06
  convergence window size = 10
  number of levels = 1
  using the Mattes MI metric (number of bins = 32, weight = 1, use gradient filter = 0)
  preprocessing:  winsorizing the image intensities
  Shrink factors (level 1 out of 1): [1, 1, 1]
  smoothing sigmas per level: [0]
  regular sampling (percentage = 0.25)

*** Running Euler3DTransform registration ***

  Elapsed time (stage 0): 0


Total elapsed time: 0
Info [verificarlo]: loaded backend libinterflop_vprec.so
Info [interflop-vprec]: load backend with: 
Info [interflop-vprec]: precision-binary32 = 21
Info [interflop-vprec]: range-binary32 = 7
Info [interflop-vprec]: precision-binary64 = 21
Info [interflop-vprec]: range-binary64 = 7
Info [interflop-vprec]: mode = ob
Info [interflop-vprec]: error-mode = rel
Info [interflop-vprec]: max-abs-error-exponent = -1022
Info [interflop-vprec]: daz = false
Info [interflop-vprec]: ftz = false
Info [interflop-vprec]: 	instrument = none
Info [interflop-vprec]: 	prec-input-file = (null)
Info [interflop-vprec]: 	prec-output-file = (null)
Info [interflop-vprec]: 	prec-log-file = (null)
All_Command_lines_OK
Using double precision for computations.
=============================================================================
The composite transform comprises the following transforms (in order): 
  1. /home/mdugre/scratch/mri-registration-rp/datasets/ds004513/derivatives/mri-registration-rp/1111/antsRegistration-r7-p21/sub-s035/align_Composite.h5[0] (type = Euler3DTransform)
  2. /home/mdugre/scratch/mri-registration-rp/datasets/ds004513/derivatives/mri-registration-rp/1111/antsRegistration-r7-p21/sub-s035/align_Composite.h5[1] (type = Euler3DTransform)
=============================================================================
  number of levels = 4
  fixed image: /templateflow/tpl-MNI152NLin2009cAsym/tpl-MNI152NLin2009cAsym_res-01_desc-brain_T1w.nii.gz
  moving image: /home/mdugre/scratch/mri-registration-rp/datasets/ds004513/derivatives/mri-registration-rp/antsBrainExtraction/sub-s035/BrainExtractionBrain.nii.gz
Dimension = 3
Number of stages = 1
Use histogram matching = false
Winsorize image intensities = true
  Lower quantile = 0.005
  Upper quantile = 0.995


Stage 1 State
   Image metric = MattesMI
     Fixed image = Image (0x4b3a1e0)
  RTTI typeinfo:   itk::Image<double, 3u>
  Reference Count: 2
  Modified Time: 1578
  Debug: Off
  Object Name: 
  Observers: 
    none
  Source: (none)
  Source output name: (none)
  Release Data: Off
  Data Released: False
  Global Release Data: Off
  PipelineMTime: 0
  UpdateMTime: 1189
  RealTimeStamp: 0 seconds 
  LargestPossibleRegion: 
    Dimension: 3
    Index: [0, 0, 0]
    Size: [193, 229, 193]
  BufferedRegion: 
    Dimension: 3
    Index: [0, 0, 0]
    Size: [193, 229, 193]
  RequestedRegion: 
    Dimension: 3
    Index: [0, 0, 0]
    Size: [193, 229, 193]
  Spacing: [1, 1, 1]
  Origin: [96, 132, -78]
  Direction: 
-1 0 0
0 -1 0
0 0 1

  IndexToPointMatrix: 
-1 0 0
0 -1 0
0 0 1

  PointToIndexMatrix: 
-1 0 0
0 -1 0
0 0 1

  Inverse Direction: 
-1 0 0
0 -1 0
0 0 1

  PixelContainer: 
    ImportImageContainer (0x4bf96f0)
      RTTI typeinfo:   itk::ImportImageContainer<unsigned long, double>
      Reference Count: 1
      Modified Time: 1186
      Debug: Off
      Object Name: 
      Observers: 
        none
      Pointer: 0x151d89b22010
      Container manages memory: true
      Size: 8530021
      Capacity: 8530021

     Moving image = Image (0x4bf5c90)
  RTTI typeinfo:   itk::Image<double, 3u>
  Reference Count: 2
  Modified Time: 1579
  Debug: Off
  Object Name: 
  Observers: 
    none
  Source: (none)
  Source output name: (none)
  Release Data: Off
  Data Released: False
  Global Release Data: Off
  PipelineMTime: 0
  UpdateMTime: 1576
  RealTimeStamp: 0 seconds 
  LargestPossibleRegion: 
    Dimension: 3
    Index: [0, 0, 0]
    Size: [160, 240, 256]
  BufferedRegion: 
    Dimension: 3
    Index: [0, 0, 0]
    Size: [160, 240, 256]
  RequestedRegion: 
    Dimension: 3
    Index: [0, 0, 0]
    Size: [160, 240, 256]
  Spacing: [1, 1, 1]
  Origin: [98.6437, 87.6358, -117.989]
  Direction: 
-0.993515 -0.100993 -0.0522355
0.100854 -0.994887 0.00530255
-0.0525039 1.93537e-08 0.998621

  IndexToPointMatrix: 
-0.993515 -0.100993 -0.0522355
0.100854 -0.994887 0.00530255
-0.0525039 1.93537e-08 0.998621

  PointToIndexMatrix: 
-0.993515 0.100854 -0.0525039
-0.100993 -0.994887 1.19209e-07
-0.0522355 0.00530267 0.998621

  Inverse Direction: 
-0.993515 0.100854 -0.0525039
-0.100993 -0.994887 1.19209e-07
-0.0522355 0.00530267 0.998621

  PixelContainer: 
    ImportImageContainer (0x4bb8010)
      RTTI typeinfo:   itk::ImportImageContainer<unsigned long, double>
      Reference Count: 1
      Modified Time: 1573
      Debug: Off
      Object Name: 
      Observers: 
        none
      Pointer: 0x151d85021010
      Container manages memory: true
      Size: 9830400
      Capacity: 9830400

     Weighting = 1
     Sampling strategy = regular
     Number of bins = 32
     Radius = 4
     Sampling percentage  = 0.25
   Transform = Rigid
     Gradient step = 0.1
     Update field sigma (voxel space) = 0
     Total field sigma (voxel space) = 0
     Update field time sigma = 0
     Total field time sigma  = 0
     Number of time indices = 0
     Number of time point samples = 0
Registration using 1 total stages.

Stage 0
  iterations = 1000x500x250x100
  convergence threshold = 1e-06
  convergence window size = 10
  number of levels = 4
  using the Mattes MI metric (number of bins = 32, weight = 1, use gradient filter = 0)
  preprocessing:  winsorizing the image intensities
  Shrink factors (level 1 out of 4): [8, 8, 8]
  Shrink factors (level 2 out of 4): [4, 4, 4]
  Shrink factors (level 3 out of 4): [2, 2, 2]
  Shrink factors (level 4 out of 4): [1, 1, 1]
  smoothing sigmas per level: [3, 2, 1, 0]
  regular sampling (percentage = 0.25)

*** Running Euler3DTransform registration ***

DIAGNOSTIC,Iteration,metricValue,convergenceValue,ITERATION_TIME_INDEX,SINCE_LAST
 2DIAGNOSTIC,     1, -5.223773536861e-01, 1.797693134862e+308, 0.0000e+00, 0.0000e+00, 
 2DIAGNOSTIC,     2, -5.245713566877e-01, 1.797693134862e+308, 0.0000e+00, 0.0000e+00, 
 2DIAGNOSTIC,     3, -5.270613550163e-01, 1.797693134862e+308, 0.0000e+00, 0.0000e+00, 
 2DIAGNOSTIC,     4, -5.291844374808e-01, 1.797693134862e+308, 0.0000e+00, 0.0000e+00, 
 2DIAGNOSTIC,     5, -5.324405539053e-01, 1.797693134862e+308, 0.0000e+00, 0.0000e+00, 
 2DIAGNOSTIC,     6, -5.391036341620e-01, 1.797693134862e+308, 0.0000e+00, 0.0000e+00, 
 2DIAGNOSTIC,     7, -5.477467390761e-01, 1.797693134862e+308, 0.0000e+00, 0.0000e+00, 
 2DIAGNOSTIC,     8, -5.512444192214e-01, 1.797693134862e+308, 0.0000e+00, 0.0000e+00, 
 2DIAGNOSTIC,     9, -5.591097467134e-01, 1.797693134862e+308, 0.0000e+00, 0.0000e+00, 
 2DIAGNOSTIC,    10, -5.615264244470e-01, 5.064620688689e-03, 0.0000e+00, 0.0000e+00, 
 2DIAGNOSTIC,    11, -5.631268163208e-01, 4.767936324782e-03, 0.0000e+00, 0.0000e+00, 
 2DIAGNOSTIC,    12, -5.647167082590e-01, 4.257708587201e-03, 0.0000e+00, 0.0000e+00, 
 2DIAGNOSTIC,    13, -5.659228448198e-01, 3.592536873414e-03, 0.0000e+00, 0.0000e+00, 
 2DIAGNOSTIC,    14, -5.659210873710e-01, 2.778701912916e-03, 0.0000e+00, 0.0000e+00, 
 2DIAGNOSTIC,    15, -5.671859758489e-01, 1.977793068987e-03, 0.0000e+00, 0.0000e+00, 
 2DIAGNOSTIC,    16, -5.678173259315e-01, 1.330890455139e-03, 0.0000e+00, 0.0000e+00, 
 2DIAGNOSTIC,    17, -5.681923812844e-01, 9.141035570088e-04, 0.0000e+00, 0.0000e+00, 
 2DIAGNOSTIC,    18, -5.690084797992e-01, 5.792633659749e-04, 0.0000e+00, 0.0000e+00, 
 2DIAGNOSTIC,    19, -5.693525842144e-01, 4.484712843594e-04, 0.0000e+00, 0.0000e+00, 
 2DIAGNOSTIC,    20, -5.701343969729e-01, 3.711839806602e-04, 0.0000e+00, 0.0000e+00, 
 2DIAGNOSTIC,    21, -5.716383060177e-01, 3.415824891165e-04, 0.0000e+00, 0.0000e+00, 
 2DIAGNOSTIC,    22, -5.733732608610e-01, 3.591453720835e-04, 0.0000e+00, 0.0000e+00, 
 2DIAGNOSTIC,    23, -5.748688913084e-01, 4.015198073113e-04, 0.0000e+00, 0.0000e+00, 
 2DIAGNOSTIC,    24, -5.761598165671e-01, 4.295026510492e-04, 0.0000e+00, 0.0000e+00, 
 2DIAGNOSTIC,    25, -5.769914493768e-01, 4.575224249266e-04, 0.0000e+00, 0.0000e+00, 
 2DIAGNOSTIC,    26, -5.769996165012e-01, 4.527114706796e-04, 0.0000e+00, 0.0000e+00, 
 2DIAGNOSTIC,    27, -5.771382149908e-01, 4.151611713210e-04, 0.0000e+00, 0.0000e+00, 
 2DIAGNOSTIC,    28, -5.773385772889e-01, 3.597577250206e-04, 0.0000e+00, 0.0000e+00, 
 2DIAGNOSTIC,    29, -5.775983953750e-01, 2.848396048666e-04, 0.0000e+00, 0.0000e+00, 
 2DIAGNOSTIC,    30, -5.779660341640e-01, 2.073491621021e-04, 0.0000e+00, 0.0000e+00, 
 2DIAGNOSTIC,    31, -5.782876082014e-01, 1.450051656670e-04, 0.0000e+00, 0.0000e+00, 
 2DIAGNOSTIC,    32, -5.788930123754e-01, 1.097532685313e-04, 0.0000e+00, 0.0000e+00, 
 2DIAGNOSTIC,    33, -5.798478888966e-01, 1.033114825313e-04, 0.0000e+00, 0.0000e+00, 
 2DIAGNOSTIC,    34, -5.835068539343e-01, 1.603773529841e-04, 0.0000e+00, 0.0000e+00, 
 2DIAGNOSTIC,    35, -5.875677489469e-01, 2.681032560518e-04, 0.0000e+00, 0.0000e+00, 
 2DIAGNOSTIC,    36, -5.885449096541e-01, 3.571058245392e-04, 0.0000e+00, 0.0000e+00, 
 2DIAGNOSTIC,    37, -5.908469145296e-01, 4.412971700665e-04, 0.0000e+00, 0.0000e+00, 
 2DIAGNOSTIC,    38, -5.935401836068e-01, 5.169097997126e-04, 0.0000e+00, 0.0000e+00, 
 2DIAGNOSTIC,    39, -5.943055569500e-01, 5.510806978754e-04, 0.0000e+00, 0.0000e+00, 
 2DIAGNOSTIC,    40, -5.953580680661e-01, 5.485059301373e-04, 0.0000e+00, 0.0000e+00, 
 2DIAGNOSTIC,    41, -5.962639205256e-01, 5.092627835321e-04, 0.0000e+00, 0.0000e+00, 
 2DIAGNOSTIC,    42, -5.974680467813e-01, 4.453428815636e-04, 0.0000e+00, 0.0000e+00, 
 2DIAGNOSTIC,    43, -5.976854426304e-01, 3.545222314194e-04, 0.0000e+00, 0.0000e+00, 
 2DIAGNOSTIC,    44, -5.982596094593e-01, 2.813996485657e-04, 0.0000e+00, 0.0000e+00, 
 2DIAGNOSTIC,    45, -6.001422387749e-01, 2.509021370276e-04, 0.0000e+00, 0.0000e+00, 
 2DIAGNOSTIC,    46, -6.002741554714e-01, 2.089229437992e-04, 0.0000e+00, 0.0000e+00, 
 2DIAGNOSTIC,    47, -6.003130649463e-01, 1.731545745138e-04, 0.0000e+00, 0.0000e+00, 
 2DIAGNOSTIC,    48, -6.004848069635e-01, 1.523438205848e-04, 0.0000e+00, 0.0000e+00, 
 2DIAGNOSTIC,    49, -6.018679646672e-01, 1.394417616089e-04, 0.0000e+00, 0.0000e+00, 
 2DIAGNOSTIC,    50, -6.051457251967e-01, 1.558844790262e-04, 0.0000e+00, 0.0000e+00, 
 2DIAGNOSTIC,    51, -6.081891173685e-01, 1.940351300187e-04, 0.0000e+00, 0.0000e+00, 
 2DIAGNOSTIC,    52, -6.140312821130e-01, 2.790437656890e-04, 0.0000e+00, 0.0000e+00, 
 2DIAGNOSTIC,    53, -6.280524689512e-01, 4.655616862349e-04, 0.0000e+00, 0.0000e+00, 
 2DIAGNOSTIC,    54, -6.321971546642e-01, 6.395754316517e-04, 0.0000e+00, 0.0000e+00, 
 2DIAGNOSTIC,    55, -6.355417650903e-01, 7.926898163453e-04, 0.0000e+00, 0.0000e+00, 
 2DIAGNOSTIC,    56, -6.393389625232e-01, 8.992133723214e-04, 0.0000e+00, 0.0000e+00, 
 2DIAGNOSTIC,    57, -6.406103968223e-01, 9.257966500290e-04, 0.0000e+00, 0.0000e+00, 
 2DIAGNOSTIC,    58, -6.434317085901e-01, 8.863805186412e-04, 0.0000e+00, 0.0000e+00, 
 2DIAGNOSTIC,    59, -6.464103339550e-01, 7.985745889036e-04, 0.0000e+00, 0.0000e+00, 
 2DIAGNOSTIC,    60, -6.542629548276e-01, 7.283089302251e-04, 0.0000e+00, 0.0000e+00, 
 2DIAGNOSTIC,    61, -6.616508946207e-01, 6.724324944854e-04, 0.0000e+00, 0.0000e+00, 
 2DIAGNOSTIC,    62, -6.658894320160e-01, 6.295693891088e-04, 0.0000e+00, 0.0000e+00, 
 2DIAGNOSTIC,    63, -6.676678315238e-01, 6.491813536075e-04, 0.0000e+00, 0.0000e+00, 
 2DIAGNOSTIC,    64, -6.704028576600e-01, 6.576007596297e-04, 0.0000e+00, 0.0000e+00, 
 2DIAGNOSTIC,    65, -6.704619018631e-01, 6.262579702325e-04, 0.0000e+00, 0.0000e+00, 
 2DIAGNOSTIC,    66, -6.716243679943e-01, 5.714616627228e-04, 0.0000e+00, 0.0000e+00, 
 2DIAGNOSTIC,    67, -6.744301262436e-01, 4.926824896697e-04, 0.0000e+00, 0.0000e+00, 
 2DIAGNOSTIC,    68, -6.748212193876e-01, 3.918557222038e-04, 0.0000e+00, 0.0000e+00, 
 2DIAGNOSTIC,    69, -6.755317260299e-01, 2.816761641422e-04, 0.0000e+00, 0.0000e+00, 
 2DIAGNOSTIC,    70, -6.767835855996e-01, 2.091875650909e-04, 0.0000e+00, 0.0000e+00, 
 2DIAGNOSTIC,    71, -6.772893961952e-01, 1.710929675904e-04, 0.0000e+00, 0.0000e+00, 
 2DIAGNOSTIC,    72, -6.777989303555e-01, 1.486969888891e-04, 0.0000e+00, 0.0000e+00, 
 2DIAGNOSTIC,    73, -6.799125130288e-01, 1.375497076654e-04, 0.0000e+00, 0.0000e+00, 
 2DIAGNOSTIC,    74, -6.841464438233e-01, 1.580351089306e-04, 0.0000e+00, 0.0000e+00, 
 2DIAGNOSTIC,    75, -6.845727346209e-01, 1.651080382827e-04, 0.0000e+00, 0.0000e+00, 
 2DIAGNOSTIC,    76, -6.845776623454e-01, 1.633083836561e-04, 0.0000e+00, 0.0000e+00, 
 2DIAGNOSTIC,    77, -6.846189443475e-01, 1.637105660428e-04, 0.0000e+00, 0.0000e+00, 
 2DIAGNOSTIC,    78, -6.846844374991e-01, 1.508447315107e-04, 0.0000e+00, 0.0000e+00, 
 2DIAGNOSTIC,    79, -6.847872807096e-01, 1.280585175117e-04, 0.0000e+00, 0.0000e+00, 
 2DIAGNOSTIC,    80, -6.849451980680e-01, 1.018665476134e-04, 0.0000e+00, 0.0000e+00, 
 2DIAGNOSTIC,    81, -6.851713899559e-01, 7.128172196637e-05, 0.0000e+00, 0.0000e+00, 
 2DIAGNOSTIC,    82, -6.854603757669e-01, 3.920903976440e-05, 0.0000e+00, 0.0000e+00, 
 2DIAGNOSTIC,    83, -6.858574263641e-01, 1.767878811191e-05, 0.0000e+00, 0.0000e+00, 
 2DIAGNOSTIC,    84, -6.859717755119e-01, 1.904130439712e-05, 0.0000e+00, 0.0000e+00, 
 2DIAGNOSTIC,    85, -6.859762752325e-01, 2.094591213267e-05, 0.0000e+00, 0.0000e+00, 
 2DIAGNOSTIC,    86, -6.860202510731e-01, 2.110200872292e-05, 0.0000e+00, 0.0000e+00, 
 2DIAGNOSTIC,    87, -6.860280512635e-01, 1.949330515321e-05, 0.0000e+00, 0.0000e+00, 
 2DIAGNOSTIC,    88, -6.860483606977e-01, 1.650622023708e-05, 0.0000e+00, 0.0000e+00, 
 2DIAGNOSTIC,    89, -6.861519347528e-01, 1.310873491170e-05, 0.0000e+00, 0.0000e+00, 
 2DIAGNOSTIC,    90, -6.861151316389e-01, 9.189634730424e-06, 0.0000e+00, 0.0000e+00, 
 2DIAGNOSTIC,    91, -6.862185182273e-01, 6.186731947319e-06, 0.0000e+00, 0.0000e+00, 
 2DIAGNOSTIC,    92, -6.862316480923e-01, 4.147604633865e-06, 0.0000e+00, 0.0000e+00, 
 2DIAGNOSTIC,    93, -6.861340415526e-01, 3.259011548467e-06, 0.0000e+00, 0.0000e+00, 
 2DIAGNOSTIC,    94, -6.861367157626e-01, 2.701790341689e-06, 0.0000e+00, 0.0000e+00, 
 2DIAGNOSTIC,    95, -6.861406919490e-01, 1.963790690734e-06, 0.0000e+00, 0.0000e+00, 
DIAGNOSTIC,Iteration,metricValue,convergenceValue,ITERATION_TIME_INDEX,SINCE_LAST
 2DIAGNOSTIC,     1, -5.586659078787e-01, 1.797693134862e+308, 0.0000e+00, 0.0000e+00, 
 2DIAGNOSTIC,     2, -5.590145936709e-01, 1.797693134862e+308, 0.0000e+00, 0.0000e+00, 
 2DIAGNOSTIC,     3, -5.595638600945e-01, 1.797693134862e+308, 0.0000e+00, 0.0000e+00, 
 2DIAGNOSTIC,     4, -5.602944864430e-01, 1.797693134862e+308, 0.0000e+00, 0.0000e+00, 
 2DIAGNOSTIC,     5, -5.611396380994e-01, 1.797693134862e+308, 0.0000e+00, 0.0000e+00, 
 2DIAGNOSTIC,     6, -5.614756910440e-01, 1.797693134862e+308, 0.0000e+00, 0.0000e+00, 
 2DIAGNOSTIC,     7, -5.621286435752e-01, 1.797693134862e+308, 0.0000e+00, 0.0000e+00, 
 2DIAGNOSTIC,     8, -5.632944600082e-01, 1.797693134862e+308, 0.0000e+00, 0.0000e+00, 
 2DIAGNOSTIC,     9, -5.634342580229e-01, 1.797693134862e+308, 0.0000e+00, 0.0000e+00, 
 2DIAGNOSTIC,    10, -5.637098366093e-01, 6.329124140283e-04, 0.0000e+00, 0.0000e+00, 
 2DIAGNOSTIC,    11, -5.647571682962e-01, 5.864002213938e-04, 0.0000e+00, 0.0000e+00, 
 2DIAGNOSTIC,    12, -5.662901328521e-01, 5.731312369038e-04, 0.0000e+00, 0.0000e+00, 
 2DIAGNOSTIC,    13, -5.663060819065e-01, 5.302898121393e-04, 0.0000e+00, 0.0000e+00, 
 2DIAGNOSTIC,    14, -5.664247604550e-01, 4.769713529045e-04, 0.0000e+00, 0.0000e+00, 
 2DIAGNOSTIC,    15, -5.665151508335e-01, 4.199860190028e-04, 0.0000e+00, 0.0000e+00, 
 2DIAGNOSTIC,    16, -5.665138669234e-01, 3.415498923616e-04, 0.0000e+00, 0.0000e+00, 
 2DIAGNOSTIC,    17, -5.665347811077e-01, 2.595414635869e-04, 0.0000e+00, 0.0000e+00, 
 2DIAGNOSTIC,    18, -5.665648831687e-01, 1.967121706421e-04, 0.0000e+00, 0.0000e+00, 
 2DIAGNOSTIC,    19, -5.665574991672e-01, 1.266948634107e-04, 0.0000e+00, 0.0000e+00, 
 2DIAGNOSTIC,    20, -5.665643575755e-01, 5.890798547489e-05, 0.0000e+00, 0.0000e+00, 
 2DIAGNOSTIC,    21, -5.666179501312e-01, 1.768278163960e-05, 0.0000e+00, 0.0000e+00, 
 2DIAGNOSTIC,    22, -5.666269688501e-01, 1.404049689619e-05, 0.0000e+00, 0.0000e+00, 
 2DIAGNOSTIC,    23, -5.666008692650e-01, 9.264234550478e-06, 0.0000e+00, 0.0000e+00, 
 2DIAGNOSTIC,    24, -5.665918224871e-01, 6.438981420581e-06, 0.0000e+00, 0.0000e+00, 
 2DIAGNOSTIC,    25, -5.665834403510e-01, 5.024939835015e-06, 0.0000e+00, 0.0000e+00, 
 2DIAGNOSTIC,    26, -5.665836496930e-01, 3.315728962144e-06, 0.0000e+00, 0.0000e+00, 
 2DIAGNOSTIC,    27, -5.665749336532e-01, 1.739411910055e-06, 0.0000e+00, 0.0000e+00, 
DIAGNOSTIC,Iteration,metricValue,convergenceValue,ITERATION_TIME_INDEX,SINCE_LAST
 2DIAGNOSTIC,     1, -5.044175139183e-01, 1.797693134862e+308, 0.0000e+00, 0.0000e+00, 
 2DIAGNOSTIC,     2, -5.045039437638e-01, 1.797693134862e+308, 0.0000e+00, 0.0000e+00, 
 2DIAGNOSTIC,     3, -5.045527046563e-01, 1.797693134862e+308, 0.0000e+00, 0.0000e+00, 
 2DIAGNOSTIC,     4, -5.045690066129e-01, 1.797693134862e+308, 0.0000e+00, 0.0000e+00, 
 2DIAGNOSTIC,     5, -5.045542800416e-01, 1.797693134862e+308, 0.0000e+00, 0.0000e+00, 
 2DIAGNOSTIC,     6, -5.045856604089e-01, 1.797693134862e+308, 0.0000e+00, 0.0000e+00, 
 2DIAGNOSTIC,     7, -5.046023150755e-01, 1.797693134862e+308, 0.0000e+00, 0.0000e+00, 
 2DIAGNOSTIC,     8, -5.046331190400e-01, 1.797693134862e+308, 0.0000e+00, 0.0000e+00, 
 2DIAGNOSTIC,     9, -5.046310327656e-01, 1.797693134862e+308, 0.0000e+00, 0.0000e+00, 
 2DIAGNOSTIC,    10, -5.046312067872e-01, 2.582396329789e-05, 0.0000e+00, 0.0000e+00, 
 2DIAGNOSTIC,    11, -5.046306379683e-01, 1.715010247254e-05, 0.0000e+00, 0.0000e+00, 
 2DIAGNOSTIC,    12, -5.046308129036e-01, 1.261645588992e-05, 0.0000e+00, 0.0000e+00, 
 2DIAGNOSTIC,    13, -5.046290059686e-01, 9.884249093151e-06, 0.0000e+00, 0.0000e+00, 
 2DIAGNOSTIC,    14, -5.046280800746e-01, 7.527459497003e-06, 0.0000e+00, 0.0000e+00, 
 2DIAGNOSTIC,    15, -5.046281496808e-01, 4.448224392564e-06, 0.0000e+00, 0.0000e+00, 
 2DIAGNOSTIC,    16, -5.046280190481e-01, 2.634683161834e-06, 0.0000e+00, 0.0000e+00, 
 2DIAGNOSTIC,    17, -5.046272293039e-01, 1.470714779128e-06, 0.0000e+00, 0.0000e+00, 
 2DIAGNOSTIC,    18, -5.046266350090e-01, 1.421994002292e-06, 0.0000e+00, 0.0000e+00, 
 2DIAGNOSTIC,    19, -5.046265393335e-01, 1.346475301658e-06, 0.0000e+00, 0.0000e+00, 
 2DIAGNOSTIC,    20, -5.046265316143e-01, 1.313132020099e-06, 0.0000e+00, 0.0000e+00, 
 2DIAGNOSTIC,    21, -5.046266242467e-01, 1.294948713142e-06, 0.0000e+00, 0.0000e+00, 
 2DIAGNOSTIC,    22, -5.046267104119e-01, 1.307182546421e-06, 0.0000e+00, 0.0000e+00, 
 2DIAGNOSTIC,    23, -5.046276525225e-01, 1.311238863398e-06, 0.0000e+00, 0.0000e+00, 
 2DIAGNOSTIC,    24, -5.046273635416e-01, 1.292479003739e-06, 0.0000e+00, 0.0000e+00, 
 2DIAGNOSTIC,    25, -5.046274335328e-01, 1.281748096091e-06, 0.0000e+00, 0.0000e+00, 
 2DIAGNOSTIC,    26, -5.046266081752e-01, 1.250885793141e-06, 0.0000e+00, 0.0000e+00, 
 2DIAGNOSTIC,    27, -5.046266153093e-01, 1.204179452569e-06, 0.0000e+00, 0.0000e+00, 
 2DIAGNOSTIC,    28, -5.046266000104e-01, 1.145834363218e-06, 0.0000e+00, 0.0000e+00, 
 2DIAGNOSTIC,    29, -5.046266853743e-01, 1.090352661444e-06, 0.0000e+00, 0.0000e+00, 
 2DIAGNOSTIC,    30, -5.046267095603e-01, 1.039899567096e-06, 0.0000e+00, 0.0000e+00, 
DIAGNOSTIC,Iteration,metricValue,convergenceValue,ITERATION_TIME_INDEX,SINCE_LAST
 2DIAGNOSTIC,     1, -4.669972705499e-01, 1.797693134862e+308, 0.0000e+00, 0.0000e+00, 
 2DIAGNOSTIC,     2, -4.671985146680e-01, 1.797693134862e+308, 0.0000e+00, 0.0000e+00, 
 2DIAGNOSTIC,     3, -4.673761303869e-01, 1.797693134862e+308, 0.0000e+00, 0.0000e+00, 
 2DIAGNOSTIC,     4, -4.673920454087e-01, 1.797693134862e+308, 0.0000e+00, 0.0000e+00, 
 2DIAGNOSTIC,     5, -4.673895749043e-01, 1.797693134862e+308, 0.0000e+00, 0.0000e+00, 
 2DIAGNOSTIC,     6, -4.673902653671e-01, 1.797693134862e+308, 0.0000e+00, 0.0000e+00, 
 2DIAGNOSTIC,     7, -4.673897538718e-01, 1.797693134862e+308, 0.0000e+00, 0.0000e+00, 
 2DIAGNOSTIC,     8, -4.673898564383e-01, 1.797693134862e+308, 0.0000e+00, 0.0000e+00, 
 2DIAGNOSTIC,     9, -4.673895658053e-01, 1.797693134862e+308, 0.0000e+00, 0.0000e+00, 
 2DIAGNOSTIC,    10, -4.673894061243e-01, 3.771076986066e-05, 0.0000e+00, 0.0000e+00, 
 2DIAGNOSTIC,    11, -4.673903682963e-01, 1.405011464288e-05, 0.0000e+00, 0.0000e+00, 
 2DIAGNOSTIC,    12, -4.673902085081e-01, 3.271965462445e-06, 0.0000e+00, 0.0000e+00, 
 2DIAGNOSTIC,    13, -4.673902256218e-01, 2.384536004180e-06, 0.0000e+00, 0.0000e+00, 
 2DIAGNOSTIC,    14, -4.673897901711e-01, 2.306143161879e-06, 0.0000e+00, 0.0000e+00, 
 2DIAGNOSTIC,    15, -4.673896979123e-01, 2.130908069470e-06, 0.0000e+00, 0.0000e+00, 
 2DIAGNOSTIC,    16, -4.673896262305e-01, 2.000184179909e-06, 0.0000e+00, 0.0000e+00, 
 2DIAGNOSTIC,    17, -4.673896302541e-01, 1.865241898658e-06, 0.0000e+00, 0.0000e+00, 
 2DIAGNOSTIC,    18, -4.673896266305e-01, 1.750143910323e-06, 0.0000e+00, 0.0000e+00, 
 2DIAGNOSTIC,    19, -4.673894916994e-01, 1.635987376757e-06, 0.0000e+00, 0.0000e+00, 
 2DIAGNOSTIC,    20, -4.673894906082e-01, 1.531450285246e-06, 0.0000e+00, 0.0000e+00, 
 2DIAGNOSTIC,    21, -4.673894991233e-01, 1.470604684861e-06, 0.0000e+00, 0.0000e+00, 
 2DIAGNOSTIC,    22, -4.673895104393e-01, 1.415233385892e-06, 0.0000e+00, 0.0000e+00, 
 2DIAGNOSTIC,    23, -4.673895381781e-01, 1.369188865417e-06, 0.0000e+00, 0.0000e+00, 
 2DIAGNOSTIC,    24, -4.673895415142e-01, 1.317592905094e-06, 0.0000e+00, 0.0000e+00, 
 2DIAGNOSTIC,    25, -4.673895296581e-01, 1.268561699956e-06, 0.0000e+00, 0.0000e+00, 
 2DIAGNOSTIC,    26, -4.673895107075e-01, 1.221659697868e-06, 0.0000e+00, 0.0000e+00, 
 2DIAGNOSTIC,    27, -4.673895094855e-01, 1.178583188745e-06, 0.0000e+00, 0.0000e+00, 
 2DIAGNOSTIC,    28, -4.673895095559e-01, 1.138677124590e-06, 0.0000e+00, 0.0000e+00, 
 2DIAGNOSTIC,    29, -4.673895127955e-01, 1.098652612844e-06, 0.0000e+00, 0.0000e+00, 
 2DIAGNOSTIC,    30, -4.673895145685e-01, 1.061288871833e-06, 0.0000e+00, 0.0000e+00, 
 2DIAGNOSTIC,    31, -4.673894983984e-01, 1.026233607850e-06, 0.0000e+00, 0.0000e+00, 
  Elapsed time (stage 0): 0.0000e+00


Total elapsed time: 0.0000e+00
Info [verificarlo]: loaded backend libinterflop_vprec.so
Info [interflop-vprec]: load backend with: 
Info [interflop-vprec]: precision-binary32 = 21
Info [interflop-vprec]: range-binary32 = 7
Info [interflop-vprec]: precision-binary64 = 21
Info [interflop-vprec]: range-binary64 = 7
Info [interflop-vprec]: mode = ob
Info [interflop-vprec]: error-mode = rel
Info [interflop-vprec]: max-abs-error-exponent = -1022
Info [interflop-vprec]: daz = false
Info [interflop-vprec]: ftz = false
Info [interflop-vprec]: 	instrument = none
Info [interflop-vprec]: 	prec-input-file = (null)
Info [interflop-vprec]: 	prec-output-file = (null)
Info [interflop-vprec]: 	prec-log-file = (null)
All_Command_lines_OK
Using double precision for computations.
=============================================================================
The composite transform comprises the following transforms (in order): 
  1. /home/mdugre/scratch/mri-registration-rp/datasets/ds004513/derivatives/mri-registration-rp/1111/antsRegistration-r7-p21/sub-s035/rigid_Composite.h5[0] (type = Euler3DTransform)
  2. /home/mdugre/scratch/mri-registration-rp/datasets/ds004513/derivatives/mri-registration-rp/1111/antsRegistration-r7-p21/sub-s035/rigid_Composite.h5[1] (type = Euler3DTransform)
  3. /home/mdugre/scratch/mri-registration-rp/datasets/ds004513/derivatives/mri-registration-rp/1111/antsRegistration-r7-p21/sub-s035/rigid_Composite.h5[2] (type = Euler3DTransform)
=============================================================================
  number of levels = 4
  fixed image: /templateflow/tpl-MNI152NLin2009cAsym/tpl-MNI152NLin2009cAsym_res-01_desc-brain_T1w.nii.gz
  moving image: /home/mdugre/scratch/mri-registration-rp/datasets/ds004513/derivatives/mri-registration-rp/antsBrainExtraction/sub-s035/BrainExtractionBrain.nii.gz
Dimension = 3
Number of stages = 1
Use histogram matching = false
Winsorize image intensities = true
  Lower quantile = 0.005
  Upper quantile = 0.995


Stage 1 State
   Image metric = MattesMI
     Fixed image = Image (0x4d8f490)
  RTTI typeinfo:   itk::Image<double, 3u>
  Reference Count: 2
  Modified Time: 1592
  Debug: Off
  Object Name: 
  Observers: 
    none
  Source: (none)
  Source output name: (none)
  Release Data: Off
  Data Released: False
  Global Release Data: Off
  PipelineMTime: 0
  UpdateMTime: 1203
  RealTimeStamp: 0 seconds 
  LargestPossibleRegion: 
    Dimension: 3
    Index: [0, 0, 0]
    Size: [193, 229, 193]
  BufferedRegion: 
    Dimension: 3
    Index: [0, 0, 0]
    Size: [193, 229, 193]
  RequestedRegion: 
    Dimension: 3
    Index: [0, 0, 0]
    Size: [193, 229, 193]
  Spacing: [1, 1, 1]
  Origin: [96, 132, -78]
  Direction: 
-1 0 0
0 -1 0
0 0 1

  IndexToPointMatrix: 
-1 0 0
0 -1 0
0 0 1

  PointToIndexMatrix: 
-1 0 0
0 -1 0
0 0 1

  Inverse Direction: 
-1 0 0
0 -1 0
0 0 1

  PixelContainer: 
    ImportImageContainer (0x4e088b0)
      RTTI typeinfo:   itk::ImportImageContainer<unsigned long, double>
      Reference Count: 1
      Modified Time: 1200
      Debug: Off
      Object Name: 
      Observers: 
        none
      Pointer: 0x153ba1fe6010
      Container manages memory: true
      Size: 8530021
      Capacity: 8530021

     Moving image = Image (0x4e5da40)
  RTTI typeinfo:   itk::Image<double, 3u>
  Reference Count: 2
  Modified Time: 1593
  Debug: Off
  Object Name: 
  Observers: 
    none
  Source: (none)
  Source output name: (none)
  Release Data: Off
  Data Released: False
  Global Release Data: Off
  PipelineMTime: 0
  UpdateMTime: 1590
  RealTimeStamp: 0 seconds 
  LargestPossibleRegion: 
    Dimension: 3
    Index: [0, 0, 0]
    Size: [160, 240, 256]
  BufferedRegion: 
    Dimension: 3
    Index: [0, 0, 0]
    Size: [160, 240, 256]
  RequestedRegion: 
    Dimension: 3
    Index: [0, 0, 0]
    Size: [160, 240, 256]
  Spacing: [1, 1, 1]
  Origin: [98.6437, 87.6358, -117.989]
  Direction: 
-0.993515 -0.100993 -0.0522355
0.100854 -0.994887 0.00530255
-0.0525039 1.93537e-08 0.998621

  IndexToPointMatrix: 
-0.993515 -0.100993 -0.0522355
0.100854 -0.994887 0.00530255
-0.0525039 1.93537e-08 0.998621

  PointToIndexMatrix: 
-0.993515 0.100854 -0.0525039
-0.100993 -0.994887 1.19209e-07
-0.0522355 0.00530267 0.998621

  Inverse Direction: 
-0.993515 0.100854 -0.0525039
-0.100993 -0.994887 1.19209e-07
-0.0522355 0.00530267 0.998621

  PixelContainer: 
    ImportImageContainer (0x4e0cd50)
      RTTI typeinfo:   itk::ImportImageContainer<unsigned long, double>
      Reference Count: 1
      Modified Time: 1587
      Debug: Off
      Object Name: 
      Observers: 
        none
      Pointer: 0x153b9d4e5010
      Container manages memory: true
      Size: 9830400
      Capacity: 9830400

     Weighting = 1
     Sampling strategy = regular
     Number of bins = 32
     Radius = 4
     Sampling percentage  = 0.25
   Transform = Affine
     Gradient step = 0.1
     Update field sigma (voxel space) = 0
     Total field sigma (voxel space) = 0
     Update field time sigma = 0
     Total field time sigma  = 0
     Number of time indices = 0
     Number of time point samples = 0
Registration using 1 total stages.

Stage 0
  iterations = 1000x500x250x100
  convergence threshold = 1e-06
  convergence window size = 10
  number of levels = 4
  using the Mattes MI metric (number of bins = 32, weight = 1, use gradient filter = 0)
  preprocessing:  winsorizing the image intensities
  Shrink factors (level 1 out of 4): [8, 8, 8]
  Shrink factors (level 2 out of 4): [4, 4, 4]
  Shrink factors (level 3 out of 4): [2, 2, 2]
  Shrink factors (level 4 out of 4): [1, 1, 1]
  smoothing sigmas per level: [3, 2, 1, 0]
  regular sampling (percentage = 0.25)

*** Running AffineTransform registration ***

DIAGNOSTIC,Iteration,metricValue,convergenceValue,ITERATION_TIME_INDEX,SINCE_LAST
 2DIAGNOSTIC,     1, -6.760267871687e-01, 1.797693134862e+308, 0.0000e+00, 0.0000e+00, 
 2DIAGNOSTIC,     2, -6.779827357552e-01, 1.797693134862e+308, 0.0000e+00, 0.0000e+00, 
 2DIAGNOSTIC,     3, -6.813248727705e-01, 1.797693134862e+308, 0.0000e+00, 0.0000e+00, 
 2DIAGNOSTIC,     4, -6.872800904311e-01, 1.797693134862e+308, 0.0000e+00, 0.0000e+00, 
 2DIAGNOSTIC,     5, -6.995846044550e-01, 1.797693134862e+308, 0.0000e+00, 0.0000e+00, 
 2DIAGNOSTIC,     6, -7.111186719070e-01, 1.797693134862e+308, 0.0000e+00, 0.0000e+00, 
 2DIAGNOSTIC,     7, -7.253924234613e-01, 1.797693134862e+308, 0.0000e+00, 0.0000e+00, 
 2DIAGNOSTIC,     8, -7.344676419336e-01, 1.797693134862e+308, 0.0000e+00, 0.0000e+00, 
 2DIAGNOSTIC,     9, -7.356587243955e-01, 1.797693134862e+308, 0.0000e+00, 0.0000e+00, 
 2DIAGNOSTIC,    10, -7.368491039752e-01, 6.769646492092e-03, 0.0000e+00, 0.0000e+00, 
 2DIAGNOSTIC,    11, -7.374560217851e-01, 5.852040077646e-03, 0.0000e+00, 0.0000e+00, 
 2DIAGNOSTIC,    12, -7.381832584745e-01, 4.654900534431e-03, 0.0000e+00, 0.0000e+00, 
 2DIAGNOSTIC,    13, -7.389499106300e-01, 3.353725756016e-03, 0.0000e+00, 0.0000e+00, 
 2DIAGNOSTIC,    14, -7.390842577577e-01, 2.112353255832e-03, 0.0000e+00, 0.0000e+00, 
 2DIAGNOSTIC,    15, -7.399202655272e-01, 1.195838431275e-03, 0.0000e+00, 0.0000e+00, 
 2DIAGNOSTIC,    16, -7.407996017075e-01, 5.871794035480e-04, 0.0000e+00, 0.0000e+00, 
 2DIAGNOSTIC,    17, -7.408233771123e-01, 3.244181571408e-04, 0.0000e+00, 0.0000e+00, 
 2DIAGNOSTIC,    18, -7.407161125580e-01, 2.581853816116e-04, 0.0000e+00, 0.0000e+00, 
 2DIAGNOSTIC,    19, -7.406680376825e-01, 1.989385665774e-04, 0.0000e+00, 0.0000e+00, 
 2DIAGNOSTIC,    20, -7.405389206803e-01, 1.480462183743e-04, 0.0000e+00, 0.0000e+00, 
 2DIAGNOSTIC,    21, -7.405737659851e-01, 9.999618362733e-05, 0.0000e+00, 0.0000e+00, 
 2DIAGNOSTIC,    22, -7.406982995483e-01, 6.217211247977e-05, 0.0000e+00, 0.0000e+00, 
 2DIAGNOSTIC,    23, -7.407173416907e-01, 3.571018093660e-05, 0.0000e+00, 0.0000e+00, 
 2DIAGNOSTIC,    24, -7.406135256763e-01, 8.624677761547e-06, 0.0000e+00, 0.0000e+00, 
DIAGNOSTIC,Iteration,metricValue,convergenceValue,ITERATION_TIME_INDEX,SINCE_LAST
 2DIAGNOSTIC,     1, -6.095600915233e-01, 1.797693134862e+308, 0.0000e+00, 0.0000e+00, 
 2DIAGNOSTIC,     2, -6.100104988025e-01, 1.797693134862e+308, 0.0000e+00, 0.0000e+00, 
 2DIAGNOSTIC,     3, -6.108852009782e-01, 1.797693134862e+308, 0.0000e+00, 0.0000e+00, 
 2DIAGNOSTIC,     4, -6.116560690595e-01, 1.797693134862e+308, 0.0000e+00, 0.0000e+00, 
 2DIAGNOSTIC,     5, -6.122213140024e-01, 1.797693134862e+308, 0.0000e+00, 0.0000e+00, 
 2DIAGNOSTIC,     6, -6.123475200853e-01, 1.797693134862e+308, 0.0000e+00, 0.0000e+00, 
 2DIAGNOSTIC,     7, -6.123409694962e-01, 1.797693134862e+308, 0.0000e+00, 0.0000e+00, 
 2DIAGNOSTIC,     8, -6.123289618801e-01, 1.797693134862e+308, 0.0000e+00, 0.0000e+00, 
 2DIAGNOSTIC,     9, -6.123346765742e-01, 1.797693134862e+308, 0.0000e+00, 0.0000e+00, 
 2DIAGNOSTIC,    10, -6.123342876755e-01, 2.893880744519e-04, 0.0000e+00, 0.0000e+00, 
 2DIAGNOSTIC,    11, -6.123118602439e-01, 1.757857176149e-04, 0.0000e+00, 0.0000e+00, 
 2DIAGNOSTIC,    12, -6.123089247500e-01, 8.272144976447e-05, 0.0000e+00, 0.0000e+00, 
 2DIAGNOSTIC,    13, -6.123089177620e-01, 2.754494972014e-05, 0.0000e+00, 0.0000e+00, 
 2DIAGNOSTIC,    14, -6.123088953017e-01, 3.050426065215e-06, 0.0000e+00, 0.0000e+00, 
DIAGNOSTIC,Iteration,metricValue,convergenceValue,ITERATION_TIME_INDEX,SINCE_LAST
 2DIAGNOSTIC,     1, -5.356007748296e-01, 1.797693134862e+308, 0.0000e+00, 0.0000e+00, 
 2DIAGNOSTIC,     2, -5.359383186395e-01, 1.797693134862e+308, 0.0000e+00, 0.0000e+00, 
 2DIAGNOSTIC,     3, -5.361980883192e-01, 1.797693134862e+308, 0.0000e+00, 0.0000e+00, 
 2DIAGNOSTIC,     4, -5.361952890589e-01, 1.797693134862e+308, 0.0000e+00, 0.0000e+00, 
 2DIAGNOSTIC,     5, -5.361967287836e-01, 1.797693134862e+308, 0.0000e+00, 0.0000e+00, 
 2DIAGNOSTIC,     6, -5.361933667042e-01, 1.797693134862e+308, 0.0000e+00, 0.0000e+00, 
 2DIAGNOSTIC,     7, -5.361933991624e-01, 1.797693134862e+308, 0.0000e+00, 0.0000e+00, 
 2DIAGNOSTIC,     8, -5.361932680756e-01, 1.797693134862e+308, 0.0000e+00, 0.0000e+00, 
 2DIAGNOSTIC,     9, -5.361930526461e-01, 1.797693134862e+308, 0.0000e+00, 0.0000e+00, 
 2DIAGNOSTIC,    10, -5.361928350955e-01, 4.611310820830e-05, 0.0000e+00, 0.0000e+00, 
 2DIAGNOSTIC,    11, -5.361940810297e-01, 1.484750402002e-05, 0.0000e+00, 0.0000e+00, 
 2DIAGNOSTIC,    12, -5.361936003752e-01, 2.281388760919e-06, 0.0000e+00, 0.0000e+00, 
 2DIAGNOSTIC,    13, -5.361954942492e-01, 2.355487854960e-06, 0.0000e+00, 0.0000e+00, 
 2DIAGNOSTIC,    14, -5.361942632012e-01, 2.270613086400e-06, 0.0000e+00, 0.0000e+00, 
 2DIAGNOSTIC,    15, -5.361933650831e-01, 2.221733423680e-06, 0.0000e+00, 0.0000e+00, 
 2DIAGNOSTIC,    16, -5.361924919507e-01, 2.030217096299e-06, 0.0000e+00, 0.0000e+00, 
 2DIAGNOSTIC,    17, -5.361896344357e-01, 1.769144155998e-06, 0.0000e+00, 0.0000e+00, 
 2DIAGNOSTIC,    18, -5.361878045330e-01, 1.490609527380e-06, 0.0000e+00, 0.0000e+00, 
 2DIAGNOSTIC,    19, -5.361896248985e-01, 1.312975144170e-06, 0.0000e+00, 0.0000e+00, 
 2DIAGNOSTIC,    20, -5.361883415560e-01, 1.144231942189e-06, 0.0000e+00, 0.0000e+00, 
 2DIAGNOSTIC,    21, -5.361867826340e-01, 1.027304504762e-06, 0.0000e+00, 0.0000e+00, 
DIAGNOSTIC,Iteration,metricValue,convergenceValue,ITERATION_TIME_INDEX,SINCE_LAST
 2DIAGNOSTIC,     1, -4.920355007328e-01, 1.797693134862e+308, 0.0000e+00, 0.0000e+00, 
 2DIAGNOSTIC,     2, -4.922029957927e-01, 1.797693134862e+308, 0.0000e+00, 0.0000e+00, 
 2DIAGNOSTIC,     3, -4.922775592554e-01, 1.797693134862e+308, 0.0000e+00, 0.0000e+00, 
 2DIAGNOSTIC,     4, -4.922831281866e-01, 1.797693134862e+308, 0.0000e+00, 0.0000e+00, 
 2DIAGNOSTIC,     5, -4.922923635235e-01, 1.797693134862e+308, 0.0000e+00, 0.0000e+00, 
 2DIAGNOSTIC,     6, -4.923012412762e-01, 1.797693134862e+308, 0.0000e+00, 0.0000e+00, 
 2DIAGNOSTIC,     7, -4.923080441313e-01, 1.797693134862e+308, 0.0000e+00, 0.0000e+00, 
