
##########################
# Experiment information #
##########################

EXPERIMENT_NAME: antsRegistration-r7-p17
VFC_BACKENDS: libinterflop_vprec.so --range-binary32=7 --precision-binary32=17 --range-binary64=7 --precision-binary64=17

SIF_IMG: /home/mdugre/projects/rrg-glatard/mdugre/containers/ants-vprec-no_metrics.simg

SUBJECT_ID: s035
INPUT_IMG: /home/mdugre/scratch/mri-registration-rp/datasets/ds004513/derivatives/mri-registration-rp/antsBrainExtraction/sub-s035/BrainExtractionBrain.nii.gz
OUTPUT_DIR: /home/mdugre/scratch/mri-registration-rp/datasets/ds004513/derivatives/mri-registration-rp/1111/antsRegistration-r7-p17/sub-s035

FIXED_IMG: /templateflow/tpl-MNI152NLin2009cAsym/tpl-MNI152NLin2009cAsym_res-01_desc-brain_T1w.nii.gz
DATA_DIR: /home/mdugre/scratch/mri-registration-rp/datasets/ds004513
TEMPLATEFLOW_DIR: /home/mdugre/projects/rrg-glatard/mdugre/templateflow
ITK_GLOBAL_DEFAULT_NUMBER_OF_THREADS: 16
##########################

Info [verificarlo]: loaded backend libinterflop_vprec.so
Info [interflop-vprec]: load backend with: 
Info [interflop-vprec]: precision-binary32 = 17
Info [interflop-vprec]: range-binary32 = 7
Info [interflop-vprec]: precision-binary64 = 17
Info [interflop-vprec]: range-binary64 = 7
Info [interflop-vprec]: mode = ob
Info [interflop-vprec]: error-mode = rel
Info [interflop-vprec]: max-abs-error-exponent = -1022
Info [interflop-vprec]: daz = false
Info [interflop-vprec]: ftz = false
Info [interflop-vprec]: 	instrument = none
Info [interflop-vprec]: 	prec-input-file = (null)
Info [interflop-vprec]: 	prec-output-file = (null)
Info [interflop-vprec]: 	prec-log-file = (null)
All_Command_lines_OK
Using double precision for computations.
=============================================================================
The composite transform comprises the following transforms (in order): 
  1. Center of mass alignment using fixed image: /templateflow/tpl-MNI152NLin2009cAsym/tpl-MNI152NLin2009cAsym_res-01_desc-brain_T1w.nii.gz and moving image: /home/mdugre/scratch/mri-registration-rp/datasets/ds004513/derivatives/mri-registration-rp/antsBrainExtraction/sub-s035/BrainExtractionBrain.nii.gz (type = Euler3DTransform)
=============================================================================
  number of levels = 1
  fixed image: /templateflow/tpl-MNI152NLin2009cAsym/tpl-MNI152NLin2009cAsym_res-01_desc-brain_T1w.nii.gz
  moving image: /home/mdugre/scratch/mri-registration-rp/datasets/ds004513/derivatives/mri-registration-rp/antsBrainExtraction/sub-s035/BrainExtractionBrain.nii.gz
Dimension = 3
Number of stages = 1
Use histogram matching = false
Winsorize image intensities = true
  Lower quantile = 0.005
  Upper quantile = 0.995


Stage 1 State
   Image metric = MattesMI
     Fixed image = Image (0x5027b20)
  RTTI typeinfo:   itk::Image<double, 3u>
  Reference Count: 2
  Modified Time: 2330
  Debug: Off
  Object Name: 
  Observers: 
    none
  Source: (none)
  Source output name: (none)
  Release Data: Off
  Data Released: False
  Global Release Data: Off
  PipelineMTime: 0
  UpdateMTime: 1941
  RealTimeStamp: 0 seconds 
  LargestPossibleRegion: 
    Dimension: 3
    Index: [0, 0, 0]
    Size: [193, 229, 193]
  BufferedRegion: 
    Dimension: 3
    Index: [0, 0, 0]
    Size: [193, 229, 193]
  RequestedRegion: 
    Dimension: 3
    Index: [0, 0, 0]
    Size: [193, 229, 193]
  Spacing: [1, 1, 1]
  Origin: [96, 132, -78]
  Direction: 
-1 0 0
0 -1 0
0 0 1

  IndexToPointMatrix: 
-1 0 0
0 -1 0
0 0 1

  PointToIndexMatrix: 
-1 0 0
0 -1 0
0 0 1

  Inverse Direction: 
-1 0 0
0 -1 0
0 0 1

  PixelContainer: 
    ImportImageContainer (0x5153650)
      RTTI typeinfo:   itk::ImportImageContainer<unsigned long, double>
      Reference Count: 1
      Modified Time: 1938
      Debug: Off
      Object Name: 
      Observers: 
        none
      Pointer: 0x14e8704c2010
      Container manages memory: true
      Size: 8530021
      Capacity: 8530021

     Moving image = Image (0x5030240)
  RTTI typeinfo:   itk::Image<double, 3u>
  Reference Count: 2
  Modified Time: 2331
  Debug: Off
  Object Name: 
  Observers: 
    none
  Source: (none)
  Source output name: (none)
  Release Data: Off
  Data Released: False
  Global Release Data: Off
  PipelineMTime: 0
  UpdateMTime: 2328
  RealTimeStamp: 0 seconds 
  LargestPossibleRegion: 
    Dimension: 3
    Index: [0, 0, 0]
    Size: [160, 240, 256]
  BufferedRegion: 
    Dimension: 3
    Index: [0, 0, 0]
    Size: [160, 240, 256]
  RequestedRegion: 
    Dimension: 3
    Index: [0, 0, 0]
    Size: [160, 240, 256]
  Spacing: [1, 1, 1]
  Origin: [98.6436, 87.6357, -117.989]
  Direction: 
-0.993515 -0.100993 -0.0522354
0.100854 -0.994888 0.00530255
-0.0525038 1.93537e-08 0.998619

  IndexToPointMatrix: 
-0.993515 -0.100993 -0.0522354
0.100854 -0.994888 0.00530255
-0.0525038 1.93537e-08 0.998619

  PointToIndexMatrix: 
-0.993515 0.100854 -0.0525038
-0.100993 -0.994888 0
-0.0522356 0.00530243 0.998623

  Inverse Direction: 
-0.993515 0.100854 -0.0525038
-0.100993 -0.994888 0
-0.0522356 0.00530243 0.998623

  PixelContainer: 
    ImportImageContainer (0x513db90)
      RTTI typeinfo:   itk::ImportImageContainer<unsigned long, double>
      Reference Count: 1
      Modified Time: 2325
      Debug: Off
      Object Name: 
      Observers: 
        none
      Pointer: 0x14e86b9c1010
      Container manages memory: true
      Size: 9830400
      Capacity: 9830400

     Weighting = 1
     Sampling strategy = regular
     Number of bins = 32
     Radius = 4
     Sampling percentage  = 0.25
   Transform = Rigid
     Gradient step = 0.1
     Update field sigma (voxel space) = 0
     Total field sigma (voxel space) = 0
     Update field time sigma = 0
     Total field time sigma  = 0
     Number of time indices = 0
     Number of time point samples = 0
Registration using 1 total stages.

Stage 0
  iterations = 0
  convergence threshold = 1e-06
  convergence window size = 10
  number of levels = 1
  using the Mattes MI metric (number of bins = 32, weight = 1, use gradient filter = 0)
  preprocessing:  winsorizing the image intensities
  Shrink factors (level 1 out of 1): [1, 1, 1]
  smoothing sigmas per level: [0]
  regular sampling (percentage = 0.25)

*** Running Euler3DTransform registration ***

  Elapsed time (stage 0): 0


Total elapsed time: 0
Info [verificarlo]: loaded backend libinterflop_vprec.so
Info [interflop-vprec]: load backend with: 
Info [interflop-vprec]: precision-binary32 = 17
Info [interflop-vprec]: range-binary32 = 7
Info [interflop-vprec]: precision-binary64 = 17
Info [interflop-vprec]: range-binary64 = 7
Info [interflop-vprec]: mode = ob
Info [interflop-vprec]: error-mode = rel
Info [interflop-vprec]: max-abs-error-exponent = -1022
Info [interflop-vprec]: daz = false
Info [interflop-vprec]: ftz = false
Info [interflop-vprec]: 	instrument = none
Info [interflop-vprec]: 	prec-input-file = (null)
Info [interflop-vprec]: 	prec-output-file = (null)
Info [interflop-vprec]: 	prec-log-file = (null)
All_Command_lines_OK
Using double precision for computations.
=============================================================================
The composite transform comprises the following transforms (in order): 
  1. /home/mdugre/scratch/mri-registration-rp/datasets/ds004513/derivatives/mri-registration-rp/1111/antsRegistration-r7-p17/sub-s035/align_Composite.h5[0] (type = Euler3DTransform)
  2. /home/mdugre/scratch/mri-registration-rp/datasets/ds004513/derivatives/mri-registration-rp/1111/antsRegistration-r7-p17/sub-s035/align_Composite.h5[1] (type = Euler3DTransform)
=============================================================================
  number of levels = 4
  fixed image: /templateflow/tpl-MNI152NLin2009cAsym/tpl-MNI152NLin2009cAsym_res-01_desc-brain_T1w.nii.gz
  moving image: /home/mdugre/scratch/mri-registration-rp/datasets/ds004513/derivatives/mri-registration-rp/antsBrainExtraction/sub-s035/BrainExtractionBrain.nii.gz
Dimension = 3
Number of stages = 1
Use histogram matching = false
Winsorize image intensities = true
  Lower quantile = 0.005
  Upper quantile = 0.995


Stage 1 State
   Image metric = MattesMI
     Fixed image = Image (0x46241e0)
  RTTI typeinfo:   itk::Image<double, 3u>
  Reference Count: 2
  Modified Time: 1578
  Debug: Off
  Object Name: 
  Observers: 
    none
  Source: (none)
  Source output name: (none)
  Release Data: Off
  Data Released: False
  Global Release Data: Off
  PipelineMTime: 0
  UpdateMTime: 1189
  RealTimeStamp: 0 seconds 
  LargestPossibleRegion: 
    Dimension: 3
    Index: [0, 0, 0]
    Size: [193, 229, 193]
  BufferedRegion: 
    Dimension: 3
    Index: [0, 0, 0]
    Size: [193, 229, 193]
  RequestedRegion: 
    Dimension: 3
    Index: [0, 0, 0]
    Size: [193, 229, 193]
  Spacing: [1, 1, 1]
  Origin: [96, 132, -78]
  Direction: 
-1 0 0
0 -1 0
0 0 1

  IndexToPointMatrix: 
-1 0 0
0 -1 0
0 0 1

  PointToIndexMatrix: 
-1 0 0
0 -1 0
0 0 1

  Inverse Direction: 
-1 0 0
0 -1 0
0 0 1

  PixelContainer: 
    ImportImageContainer (0x46e36f0)
      RTTI typeinfo:   itk::ImportImageContainer<unsigned long, double>
      Reference Count: 1
      Modified Time: 1186
      Debug: Off
      Object Name: 
      Observers: 
        none
      Pointer: 0x14e4041d5010
      Container manages memory: true
      Size: 8530021
      Capacity: 8530021

     Moving image = Image (0x46dfc90)
  RTTI typeinfo:   itk::Image<double, 3u>
  Reference Count: 2
  Modified Time: 1579
  Debug: Off
  Object Name: 
  Observers: 
    none
  Source: (none)
  Source output name: (none)
  Release Data: Off
  Data Released: False
  Global Release Data: Off
  PipelineMTime: 0
  UpdateMTime: 1576
  RealTimeStamp: 0 seconds 
  LargestPossibleRegion: 
    Dimension: 3
    Index: [0, 0, 0]
    Size: [160, 240, 256]
  BufferedRegion: 
    Dimension: 3
    Index: [0, 0, 0]
    Size: [160, 240, 256]
  RequestedRegion: 
    Dimension: 3
    Index: [0, 0, 0]
    Size: [160, 240, 256]
  Spacing: [1, 1, 1]
  Origin: [98.6436, 87.6357, -117.989]
  Direction: 
-0.993515 -0.100993 -0.0522354
0.100854 -0.994888 0.00530255
-0.0525038 1.93537e-08 0.998619

  IndexToPointMatrix: 
-0.993515 -0.100993 -0.0522354
0.100854 -0.994888 0.00530255
-0.0525038 1.93537e-08 0.998619

  PointToIndexMatrix: 
-0.993515 0.100854 -0.0525038
-0.100993 -0.994888 0
-0.0522356 0.00530243 0.998623

  Inverse Direction: 
-0.993515 0.100854 -0.0525038
-0.100993 -0.994888 0
-0.0522356 0.00530243 0.998623

  PixelContainer: 
    ImportImageContainer (0x46a2010)
      RTTI typeinfo:   itk::ImportImageContainer<unsigned long, double>
      Reference Count: 1
      Modified Time: 1573
      Debug: Off
      Object Name: 
      Observers: 
        none
      Pointer: 0x14e3ff6d4010
      Container manages memory: true
      Size: 9830400
      Capacity: 9830400

     Weighting = 1
     Sampling strategy = regular
     Number of bins = 32
     Radius = 4
     Sampling percentage  = 0.25
   Transform = Rigid
     Gradient step = 0.1
     Update field sigma (voxel space) = 0
     Total field sigma (voxel space) = 0
     Update field time sigma = 0
     Total field time sigma  = 0
     Number of time indices = 0
     Number of time point samples = 0
Registration using 1 total stages.

Stage 0
  iterations = 1000x500x250x100
  convergence threshold = 1e-06
  convergence window size = 10
  number of levels = 4
  using the Mattes MI metric (number of bins = 32, weight = 1, use gradient filter = 0)
  preprocessing:  winsorizing the image intensities
  Shrink factors (level 1 out of 4): [8, 8, 8]
  Shrink factors (level 2 out of 4): [4, 4, 4]
  Shrink factors (level 3 out of 4): [2, 2, 2]
  Shrink factors (level 4 out of 4): [1, 1, 1]
  smoothing sigmas per level: [3, 2, 1, 0]
  regular sampling (percentage = 0.25)

*** Running Euler3DTransform registration ***

DIAGNOSTIC,Iteration,metricValue,convergenceValue,ITERATION_TIME_INDEX,SINCE_LAST
 2DIAGNOSTIC,     1, -1.276850019777e-01, 1.797693134862e+308, 0.0000e+00, 0.0000e+00, 
 2DIAGNOSTIC,     2, -1.286594977815e-01, 1.797693134862e+308, 0.0000e+00, 0.0000e+00, 
 2DIAGNOSTIC,     3, -1.317240046003e-01, 1.797693134862e+308, 0.0000e+00, 0.0000e+00, 
 2DIAGNOSTIC,     4, -1.346380008884e-01, 1.797693134862e+308, 0.0000e+00, 0.0000e+00, 
 2DIAGNOSTIC,     5, -1.362446718383e-01, 1.797693134862e+308, 0.0000e+00, 0.0000e+00, 
 2DIAGNOSTIC,     6, -1.376488655226e-01, 1.797693134862e+308, 0.0000e+00, 0.0000e+00, 
 2DIAGNOSTIC,     7, -1.406739498133e-01, 1.797693134862e+308, 0.0000e+00, 0.0000e+00, 
 2DIAGNOSTIC,     8, -1.419669029781e-01, 1.797693134862e+308, 0.0000e+00, 0.0000e+00, 
 2DIAGNOSTIC,     9, -1.421198828919e-01, 1.797693134862e+308, 0.0000e+00, 0.0000e+00, 
 2DIAGNOSTIC,    10, -1.424239337524e-01, 7.659610351925e-03, 0.0000e+00, 0.0000e+00, 
 2DIAGNOSTIC,    11, -1.433824972909e-01, 6.130502825047e-03, 0.0000e+00, 0.0000e+00, 
 2DIAGNOSTIC,    12, -1.437616358168e-01, 4.533037828271e-03, 0.0000e+00, 0.0000e+00, 
 2DIAGNOSTIC,    13, -1.440617409181e-01, 3.305143931533e-03, 0.0000e+00, 0.0000e+00, 
 2DIAGNOSTIC,    14, -1.456130546586e-01, 2.616444192680e-03, 0.0000e+00, 0.0000e+00, 
 2DIAGNOSTIC,    15, -1.549037886641e-01, 3.252449747239e-03, 0.0000e+00, 0.0000e+00, 
 2DIAGNOSTIC,    16, -2.459899209287e-01, 1.455448810017e-02, 0.0000e+00, 0.0000e+00, 
 2DIAGNOSTIC,    17, -3.664205059949e-01, 3.411586609227e-02, 0.0000e+00, 0.0000e+00, 
 2DIAGNOSTIC,    18, -3.723800750052e-01, 4.645294959886e-02, 0.0000e+00, 0.0000e+00, 
 2DIAGNOSTIC,    19, -3.817644999135e-01, 5.293974554227e-02, 0.0000e+00, 0.0000e+00, 
 2DIAGNOSTIC,    20, -4.046584690063e-01, 5.495403984907e-02, 0.0000e+00, 0.0000e+00, 
 2DIAGNOSTIC,    21, -4.303207753055e-01, 5.301048922305e-02, 0.0000e+00, 0.0000e+00, 
 2DIAGNOSTIC,    22, -5.015293686128e-01, 5.010407830759e-02, 0.0000e+00, 0.0000e+00, 
 2DIAGNOSTIC,    23, -5.607096700098e-01, 4.596606831532e-02, 0.0000e+00, 0.0000e+00, 
 2DIAGNOSTIC,    24, -5.663559146151e-01, 3.895167095626e-02, 0.0000e+00, 0.0000e+00, 
 2DIAGNOSTIC,    25, -5.673570123523e-01, 3.013535058317e-02, 0.0000e+00, 0.0000e+00, 
 2DIAGNOSTIC,    26, -5.681393203086e-01, 2.359960954979e-02, 0.0000e+00, 0.0000e+00, 
 2DIAGNOSTIC,    27, -5.687851870935e-01, 2.036785482807e-02, 0.0000e+00, 0.0000e+00, 
 2DIAGNOSTIC,    28, -5.689875027912e-01, 1.591423995359e-02, 0.0000e+00, 0.0000e+00, 
 2DIAGNOSTIC,    29, -5.691421057429e-01, 1.090868546615e-02, 0.0000e+00, 0.0000e+00, 
 2DIAGNOSTIC,    30, -5.692529405428e-01, 6.243828360529e-03, 0.0000e+00, 0.0000e+00, 
 2DIAGNOSTIC,    31, -5.694748167978e-01, 2.246176376635e-03, 0.0000e+00, 0.0000e+00, 
 2DIAGNOSTIC,    32, -5.695660280718e-01, 3.656069889816e-04, 0.0000e+00, 0.0000e+00, 
 2DIAGNOSTIC,    33, -5.696302196262e-01, 1.659247237387e-04, 0.0000e+00, 0.0000e+00, 
 2DIAGNOSTIC,    34, -5.698345275389e-01, 1.134570834294e-04, 0.0000e+00, 0.0000e+00, 
 2DIAGNOSTIC,    35, -5.698150016251e-01, 7.793047551917e-05, 0.0000e+00, 0.0000e+00, 
 2DIAGNOSTIC,    36, -5.699134442083e-01, 5.774529644455e-05, 0.0000e+00, 0.0000e+00, 
 2DIAGNOSTIC,    37, -5.700386020094e-01, 5.036054095016e-05, 0.0000e+00, 0.0000e+00, 
 2DIAGNOSTIC,    38, -5.700884693987e-01, 4.405215341911e-05, 0.0000e+00, 0.0000e+00, 
 2DIAGNOSTIC,    39, -5.704300066856e-01, 4.395108783724e-05, 0.0000e+00, 0.0000e+00, 
 2DIAGNOSTIC,    40, -5.704571585777e-01, 4.221686626873e-05, 0.0000e+00, 0.0000e+00, 
 2DIAGNOSTIC,    41, -5.706902462896e-01, 4.509294836143e-05, 0.0000e+00, 0.0000e+00, 
 2DIAGNOSTIC,    42, -5.706896497400e-01, 4.515637943535e-05, 0.0000e+00, 0.0000e+00, 
 2DIAGNOSTIC,    43, -5.706956514350e-01, 4.218024409706e-05, 0.0000e+00, 0.0000e+00, 
 2DIAGNOSTIC,    44, -5.706984673481e-01, 3.893302683789e-05, 0.0000e+00, 0.0000e+00, 
 2DIAGNOSTIC,    45, -5.706345607328e-01, 3.092934919692e-05, 0.0000e+00, 0.0000e+00, 
 2DIAGNOSTIC,    46, -5.706451974453e-01, 2.227104286794e-05, 0.0000e+00, 0.0000e+00, 
 2DIAGNOSTIC,    47, -5.706535372075e-01, 1.412298464037e-05, 0.0000e+00, 0.0000e+00, 
 2DIAGNOSTIC,    48, -5.706781053251e-01, 6.176591116274e-06, 0.0000e+00, 0.0000e+00, 
 2DIAGNOSTIC,    49, -5.706989236637e-01, 3.309919218056e-06, 0.0000e+00, 0.0000e+00, 
 2DIAGNOSTIC,    50, -5.707333090415e-01, 1.135496350294e-06, 0.0000e+00, 0.0000e+00, 
 2DIAGNOSTIC,    51, -5.707644658996e-01, 2.573206947527e-06, 0.0000e+00, 0.0000e+00, 
 2DIAGNOSTIC,    52, -5.708160099306e-01, 4.412069193008e-06, 0.0000e+00, 0.0000e+00, 
 2DIAGNOSTIC,    53, -5.709164609752e-01, 7.140359232691e-06, 0.0000e+00, 0.0000e+00, 
 2DIAGNOSTIC,    54, -5.710955732094e-01, 1.137118778857e-05, 0.0000e+00, 0.0000e+00, 
 2DIAGNOSTIC,    55, -5.713441584645e-01, 1.656637422643e-05, 0.0000e+00, 0.0000e+00, 
 2DIAGNOSTIC,    56, -5.714859729618e-01, 2.175478791892e-05, 0.0000e+00, 0.0000e+00, 
 2DIAGNOSTIC,    57, -5.715871064902e-01, 2.596014844880e-05, 0.0000e+00, 0.0000e+00, 
 2DIAGNOSTIC,    58, -5.716554367857e-01, 2.861320270315e-05, 0.0000e+00, 0.0000e+00, 
 2DIAGNOSTIC,    59, -5.722937529294e-01, 3.568835383147e-05, 0.0000e+00, 0.0000e+00, 
 2DIAGNOSTIC,    60, -5.723848471419e-01, 4.024352879368e-05, 0.0000e+00, 0.0000e+00, 
 2DIAGNOSTIC,    61, -5.724141761136e-01, 4.150793166510e-05, 0.0000e+00, 0.0000e+00, 
 2DIAGNOSTIC,    62, -5.726077368843e-01, 4.144961615969e-05, 0.0000e+00, 0.0000e+00, 
 2DIAGNOSTIC,    63, -5.727184074418e-01, 3.953842749960e-05, 0.0000e+00, 0.0000e+00, 
 2DIAGNOSTIC,    64, -5.728479512061e-01, 3.687239523736e-05, 0.0000e+00, 0.0000e+00, 
 2DIAGNOSTIC,    65, -5.730207542625e-01, 3.487030612402e-05, 0.0000e+00, 0.0000e+00, 
 2DIAGNOSTIC,    66, -5.731042693758e-01, 3.185001837050e-05, 0.0000e+00, 0.0000e+00, 
 2DIAGNOSTIC,    67, -5.732600514028e-01, 2.838970030597e-05, 0.0000e+00, 0.0000e+00, 
 2DIAGNOSTIC,    68, -5.745907169116e-01, 3.500836637683e-05, 0.0000e+00, 0.0000e+00, 
 2DIAGNOSTIC,    69, -5.862019990182e-01, 1.478013567141e-04, 0.0000e+00, 0.0000e+00, 
 2DIAGNOSTIC,    70, -6.230106301166e-01, 5.644657288067e-04, 0.0000e+00, 0.0000e+00, 
 2DIAGNOSTIC,    71, -6.427594722025e-01, 1.073817856429e-03, 0.0000e+00, 0.0000e+00, 
 2DIAGNOSTIC,    72, -6.590476697775e-01, 1.600089479402e-03, 0.0000e+00, 0.0000e+00, 
 2DIAGNOSTIC,    73, -6.660096661985e-01, 2.013520386319e-03, 0.0000e+00, 0.0000e+00, 
 2DIAGNOSTIC,    74, -6.730387880604e-01, 2.275711903327e-03, 0.0000e+00, 0.0000e+00, 
 2DIAGNOSTIC,    75, -6.742985026887e-01, 2.316465580376e-03, 0.0000e+00, 0.0000e+00, 
 2DIAGNOSTIC,    76, -6.750861193481e-01, 2.138843459164e-03, 0.0000e+00, 0.0000e+00, 
 2DIAGNOSTIC,    77, -6.756784785128e-01, 1.771462341595e-03, 0.0000e+00, 0.0000e+00, 
 2DIAGNOSTIC,    78, -6.771028868058e-01, 1.269782736204e-03, 0.0000e+00, 0.0000e+00, 
 2DIAGNOSTIC,    79, -6.766037016289e-01, 7.410697053628e-04, 0.0000e+00, 0.0000e+00, 
 2DIAGNOSTIC,    80, -6.768797714632e-01, 4.282223888949e-04, 0.0000e+00, 0.0000e+00, 
 2DIAGNOSTIC,    81, -6.769097850304e-01, 2.248041358082e-04, 0.0000e+00, 0.0000e+00, 
 2DIAGNOSTIC,    82, -6.772295499377e-01, 1.229352697292e-04, 0.0000e+00, 0.0000e+00, 
 2DIAGNOSTIC,    83, -6.776482354091e-01, 6.244316825020e-05, 0.0000e+00, 0.0000e+00, 
 2DIAGNOSTIC,    84, -6.779192156169e-01, 4.761160966016e-05, 0.0000e+00, 0.0000e+00, 
 2DIAGNOSTIC,    85, -6.784309356306e-01, 4.066293566853e-05, 0.0000e+00, 0.0000e+00, 
 2DIAGNOSTIC,    86, -6.788300828115e-01, 3.780737543742e-05, 0.0000e+00, 0.0000e+00, 
 2DIAGNOSTIC,    87, -6.790704391975e-01, 3.653680416289e-05, 0.0000e+00, 0.0000e+00, 
 2DIAGNOSTIC,    88, -6.792292686806e-01, 4.207041425311e-05, 0.0000e+00, 0.0000e+00, 
 2DIAGNOSTIC,    89, -6.797763648817e-01, 4.369704751737e-05, 0.0000e+00, 0.0000e+00, 
 2DIAGNOSTIC,    90, -6.815911406743e-01, 5.403222527768e-05, 0.0000e+00, 0.0000e+00, 
 2DIAGNOSTIC,    91, -6.822070100308e-01, 6.253697337700e-05, 0.0000e+00, 0.0000e+00, 
 2DIAGNOSTIC,    92, -6.835025910460e-01, 7.459646899436e-05, 0.0000e+00, 0.0000e+00, 
 2DIAGNOSTIC,    93, -6.837417215036e-01, 8.307007895743e-05, 0.0000e+00, 0.0000e+00, 
 2DIAGNOSTIC,    94, -6.836835950301e-01, 8.456312544690e-05, 0.0000e+00, 0.0000e+00, 
 2DIAGNOSTIC,    95, -6.839490559338e-01, 8.230598645300e-05, 0.0000e+00, 0.0000e+00, 
 2DIAGNOSTIC,    96, -6.842909896723e-01, 7.630998106507e-05, 0.0000e+00, 0.0000e+00, 
 2DIAGNOSTIC,    97, -6.842544152685e-01, 6.429604096059e-05, 0.0000e+00, 0.0000e+00, 
 2DIAGNOSTIC,    98, -6.842185011463e-01, 4.721615094721e-05, 0.0000e+00, 0.0000e+00, 
 2DIAGNOSTIC,    99, -6.842599022675e-01, 2.919316457453e-05, 0.0000e+00, 0.0000e+00, 
 2DIAGNOSTIC,   100, -6.841554385058e-01, 1.807518885761e-05, 0.0000e+00, 0.0000e+00, 
 2DIAGNOSTIC,   101, -6.841535893594e-01, 8.606037300751e-06, 0.0000e+00, 0.0000e+00, 
 2DIAGNOSTIC,   102, -6.841653554528e-01, 5.450680368750e-06, 0.0000e+00, 0.0000e+00, 
 2DIAGNOSTIC,   103, -6.841622902006e-01, 3.161370961312e-06, 0.0000e+00, 0.0000e+00, 
DIAGNOSTIC,Iteration,metricValue,convergenceValue,ITERATION_TIME_INDEX,SINCE_LAST
 2DIAGNOSTIC,     1, -5.570865812395e-01, 1.797693134862e+308, 0.0000e+00, 0.0000e+00, 
 2DIAGNOSTIC,     2, -5.574713774193e-01, 1.797693134862e+308, 0.0000e+00, 0.0000e+00, 
 2DIAGNOSTIC,     3, -5.579935743803e-01, 1.797693134862e+308, 0.0000e+00, 0.0000e+00, 
 2DIAGNOSTIC,     4, -5.585647883375e-01, 1.797693134862e+308, 0.0000e+00, 0.0000e+00, 
 2DIAGNOSTIC,     5, -5.594214643539e-01, 1.797693134862e+308, 0.0000e+00, 0.0000e+00, 
 2DIAGNOSTIC,     6, -5.602677901849e-01, 1.797693134862e+308, 0.0000e+00, 0.0000e+00, 
 2DIAGNOSTIC,     7, -5.621788585957e-01, 1.797693134862e+308, 0.0000e+00, 0.0000e+00, 
 2DIAGNOSTIC,     8, -5.633219985177e-01, 1.797693134862e+308, 0.0000e+00, 0.0000e+00, 
 2DIAGNOSTIC,     9, -5.637747606773e-01, 1.797693134862e+308, 0.0000e+00, 0.0000e+00, 
 2DIAGNOSTIC,    10, -5.652564072705e-01, 9.789188055701e-04, 0.0000e+00, 0.0000e+00, 
 2DIAGNOSTIC,    11, -5.653709905835e-01, 9.258239387617e-04, 0.0000e+00, 0.0000e+00, 
 2DIAGNOSTIC,    12, -5.653999304332e-01, 8.158924374385e-04, 0.0000e+00, 0.0000e+00, 
 2DIAGNOSTIC,    13, -5.654482592073e-01, 6.719677241811e-04, 0.0000e+00, 0.0000e+00, 
 2DIAGNOSTIC,    14, -5.654964348157e-01, 5.103274533018e-04, 0.0000e+00, 0.0000e+00, 
 2DIAGNOSTIC,    15, -5.657195383848e-01, 3.600479731582e-04, 0.0000e+00, 0.0000e+00, 
 2DIAGNOSTIC,    16, -5.661308200421e-01, 2.341017286875e-04, 0.0000e+00, 0.0000e+00, 
 2DIAGNOSTIC,    17, -5.661751072207e-01, 1.594299258464e-04, 0.0000e+00, 0.0000e+00, 
 2DIAGNOSTIC,    18, -5.661546521554e-01, 1.104114791612e-04, 0.0000e+00, 0.0000e+00, 
 2DIAGNOSTIC,    19, -5.661584081424e-01, 6.772444930253e-05, 0.0000e+00, 0.0000e+00, 
 2DIAGNOSTIC,    20, -5.661469318242e-01, 6.010498800858e-05, 0.0000e+00, 0.0000e+00, 
 2DIAGNOSTIC,    21, -5.661568093838e-01, 5.057768318158e-05, 0.0000e+00, 0.0000e+00, 
 2DIAGNOSTIC,    22, -5.661502183386e-01, 3.785842874528e-05, 0.0000e+00, 0.0000e+00, 
 2DIAGNOSTIC,    23, -5.661501121572e-01, 2.408283600626e-05, 0.0000e+00, 0.0000e+00, 
 2DIAGNOSTIC,    24, -5.661496162218e-01, 1.032171666440e-05, 0.0000e+00, 0.0000e+00, 
 2DIAGNOSTIC,    25, -5.661487867220e-01, 1.070104543276e-06, 0.0000e+00, 0.0000e+00, 
DIAGNOSTIC,Iteration,metricValue,convergenceValue,ITERATION_TIME_INDEX,SINCE_LAST
 2DIAGNOSTIC,     1, -5.036605918271e-01, 1.797693134862e+308, 0.0000e+00, 0.0000e+00, 
 2DIAGNOSTIC,     2, -5.038963820127e-01, 1.797693134862e+308, 0.0000e+00, 0.0000e+00, 
 2DIAGNOSTIC,     3, -5.040288248193e-01, 1.797693134862e+308, 0.0000e+00, 0.0000e+00, 
 2DIAGNOSTIC,     4, -5.041061847435e-01, 1.797693134862e+308, 0.0000e+00, 0.0000e+00, 
 2DIAGNOSTIC,     5, -5.041545152679e-01, 1.797693134862e+308, 0.0000e+00, 0.0000e+00, 
 2DIAGNOSTIC,     6, -5.042561368673e-01, 1.797693134862e+308, 0.0000e+00, 0.0000e+00, 
 2DIAGNOSTIC,     7, -5.044058379609e-01, 1.797693134862e+308, 0.0000e+00, 0.0000e+00, 
 2DIAGNOSTIC,     8, -5.044692589629e-01, 1.797693134862e+308, 0.0000e+00, 0.0000e+00, 
 2DIAGNOSTIC,     9, -5.044843313818e-01, 1.797693134862e+308, 0.0000e+00, 0.0000e+00, 
 2DIAGNOSTIC,    10, -5.044797923367e-01, 1.045441111139e-04, 0.0000e+00, 0.0000e+00, 
 2DIAGNOSTIC,    11, -5.044803031872e-01, 7.537456147286e-05, 0.0000e+00, 0.0000e+00, 
 2DIAGNOSTIC,    12, -5.044800858914e-01, 5.539545585719e-05, 0.0000e+00, 0.0000e+00, 
 2DIAGNOSTIC,    13, -5.044802361961e-01, 3.940060477461e-05, 0.0000e+00, 0.0000e+00, 
 2DIAGNOSTIC,    14, -5.044796172001e-01, 2.549535412236e-05, 0.0000e+00, 0.0000e+00, 
 2DIAGNOSTIC,    15, -5.044804176484e-01, 1.316722433377e-05, 0.0000e+00, 0.0000e+00, 
 2DIAGNOSTIC,    16, -5.044818615190e-01, 4.879867147228e-06, 0.0000e+00, 0.0000e+00, 
 2DIAGNOSTIC,    17, -5.044817515339e-01, 2.200838488654e-06, 0.0000e+00, 0.0000e+00, 
 2DIAGNOSTIC,    18, -5.044816773194e-01, 1.756846920269e-06, 0.0000e+00, 0.0000e+00, 
 2DIAGNOSTIC,    19, -5.044817290034e-01, 1.812457627828e-06, 0.0000e+00, 0.0000e+00, 
 2DIAGNOSTIC,    20, -5.044816940202e-01, 1.718297382665e-06, 0.0000e+00, 0.0000e+00, 
 2DIAGNOSTIC,    21, -5.044816768839e-01, 1.632273187314e-06, 0.0000e+00, 0.0000e+00, 
 2DIAGNOSTIC,    22, -5.044816854236e-01, 1.536376081794e-06, 0.0000e+00, 0.0000e+00, 
 2DIAGNOSTIC,    23, -5.044816560811e-01, 1.443287651191e-06, 0.0000e+00, 0.0000e+00, 
 2DIAGNOSTIC,    24, -5.044817265310e-01, 1.338025179758e-06, 0.0000e+00, 0.0000e+00, 
 2DIAGNOSTIC,    25, -5.044817048394e-01, 1.255333826215e-06, 0.0000e+00, 0.0000e+00, 
 2DIAGNOSTIC,    26, -5.044816748110e-01, 1.210203087215e-06, 0.0000e+00, 0.0000e+00, 
 2DIAGNOSTIC,    27, -5.044816962462e-01, 1.166794964730e-06, 0.0000e+00, 0.0000e+00, 
 2DIAGNOSTIC,    28, -5.044816464477e-01, 1.123930617061e-06, 0.0000e+00, 0.0000e+00, 
 2DIAGNOSTIC,    29, -5.044817021048e-01, 1.086247260564e-06, 0.0000e+00, 0.0000e+00, 
 2DIAGNOSTIC,    30, -5.044816551768e-01, 1.049520300798e-06, 0.0000e+00, 0.0000e+00, 
 2DIAGNOSTIC,    31, -5.044824232136e-01, 1.028911133058e-06, 0.0000e+00, 0.0000e+00, 
 2DIAGNOSTIC,    32, -5.044823776984e-01, 1.007382081676e-06, 0.0000e+00, 0.0000e+00, 
DIAGNOSTIC,Iteration,metricValue,convergenceValue,ITERATION_TIME_INDEX,SINCE_LAST
 2DIAGNOSTIC,     1, -4.672325671496e-01, 1.797693134862e+308, 0.0000e+00, 0.0000e+00, 
 2DIAGNOSTIC,     2, -4.673246379231e-01, 1.797693134862e+308, 0.0000e+00, 0.0000e+00, 
 2DIAGNOSTIC,     3, -4.673310455064e-01, 1.797693134862e+308, 0.0000e+00, 0.0000e+00, 
 2DIAGNOSTIC,     4, -4.673311555899e-01, 1.797693134862e+308, 0.0000e+00, 0.0000e+00, 
 2DIAGNOSTIC,     5, -4.673322725641e-01, 1.797693134862e+308, 0.0000e+00, 0.0000e+00, 
 2DIAGNOSTIC,     6, -4.673319516875e-01, 1.797693134862e+308, 0.0000e+00, 0.0000e+00, 
 2DIAGNOSTIC,     7, -4.673320352193e-01, 1.797693134862e+308, 0.0000e+00, 0.0000e+00, 
 2DIAGNOSTIC,     8, -4.673319953430e-01, 1.797693134862e+308, 0.0000e+00, 0.0000e+00, 
 2DIAGNOSTIC,     9, -4.673320029137e-01, 1.797693134862e+308, 0.0000e+00, 0.0000e+00, 
 2DIAGNOSTIC,    10, -4.673315947457e-01, 9.626006208519e-06, 0.0000e+00, 0.0000e+00, 
 2DIAGNOSTIC,    11, -4.673316073698e-01, 3.301896687291e-06, 0.0000e+00, 0.0000e+00, 
 2DIAGNOSTIC,    12, -4.673316176383e-01, 2.650648242467e-06, 0.0000e+00, 0.0000e+00, 
 2DIAGNOSTIC,    13, -4.673316535491e-01, 2.398643035070e-06, 0.0000e+00, 0.0000e+00, 
 2DIAGNOSTIC,    14, -4.673316658259e-01, 2.188701978600e-06, 0.0000e+00, 0.0000e+00, 
 2DIAGNOSTIC,    15, -4.673316534408e-01, 2.057799723565e-06, 0.0000e+00, 0.0000e+00, 
 2DIAGNOSTIC,    16, -4.673317249386e-01, 1.937628592588e-06, 0.0000e+00, 0.0000e+00, 
 2DIAGNOSTIC,    17, -4.673317164899e-01, 1.836860736057e-06, 0.0000e+00, 0.0000e+00, 
 2DIAGNOSTIC,    18, -4.673311481901e-01, 1.728060532315e-06, 0.0000e+00, 0.0000e+00, 
 2DIAGNOSTIC,    19, -4.673311990942e-01, 1.635540211903e-06, 0.0000e+00, 0.0000e+00, 
 2DIAGNOSTIC,    20, -4.673311187933e-01, 1.539239703918e-06, 0.0000e+00, 0.0000e+00, 
 2DIAGNOSTIC,    21, -4.673310788011e-01, 1.454435901771e-06, 0.0000e+00, 0.0000e+00, 
 2DIAGNOSTIC,    22, -4.673310694911e-01, 1.381669312607e-06, 0.0000e+00, 0.0000e+00, 
 2DIAGNOSTIC,    23, -4.673311070145e-01, 1.322084147264e-06, 0.0000e+00, 0.0000e+00, 
 2DIAGNOSTIC,    24, -4.673311614750e-01, 1.273621035969e-06, 0.0000e+00, 0.0000e+00, 
 2DIAGNOSTIC,    25, -4.673311828642e-01, 1.232622391351e-06, 0.0000e+00, 0.0000e+00, 
 2DIAGNOSTIC,    26, -4.673310863762e-01, 1.196666040822e-06, 0.0000e+00, 0.0000e+00, 
 2DIAGNOSTIC,    27, -4.673310645066e-01, 1.164528658441e-06, 0.0000e+00, 0.0000e+00, 
 2DIAGNOSTIC,    28, -4.673311390085e-01, 1.124069231029e-06, 0.0000e+00, 0.0000e+00, 
 2DIAGNOSTIC,    29, -4.673311541711e-01, 1.087796122456e-06, 0.0000e+00, 0.0000e+00, 
 2DIAGNOSTIC,    30, -4.673311672324e-01, 1.052454206139e-06, 0.0000e+00, 0.0000e+00, 
 2DIAGNOSTIC,    31, -4.673311836078e-01, 1.018775384172e-06, 0.0000e+00, 0.0000e+00, 
  Elapsed time (stage 0): 0.0000e+00


Total elapsed time: 0.0000e+00
Info [verificarlo]: loaded backend libinterflop_vprec.so
Info [interflop-vprec]: load backend with: 
Info [interflop-vprec]: precision-binary32 = 17
Info [interflop-vprec]: range-binary32 = 7
Info [interflop-vprec]: precision-binary64 = 17
Info [interflop-vprec]: range-binary64 = 7
Info [interflop-vprec]: mode = ob
Info [interflop-vprec]: error-mode = rel
Info [interflop-vprec]: max-abs-error-exponent = -1022
Info [interflop-vprec]: daz = false
Info [interflop-vprec]: ftz = false
Info [interflop-vprec]: 	instrument = none
Info [interflop-vprec]: 	prec-input-file = (null)
Info [interflop-vprec]: 	prec-output-file = (null)
Info [interflop-vprec]: 	prec-log-file = (null)
All_Command_lines_OK
Using double precision for computations.
=============================================================================
The composite transform comprises the following transforms (in order): 
  1. /home/mdugre/scratch/mri-registration-rp/datasets/ds004513/derivatives/mri-registration-rp/1111/antsRegistration-r7-p17/sub-s035/rigid_Composite.h5[0] (type = Euler3DTransform)
  2. /home/mdugre/scratch/mri-registration-rp/datasets/ds004513/derivatives/mri-registration-rp/1111/antsRegistration-r7-p17/sub-s035/rigid_Composite.h5[1] (type = Euler3DTransform)
  3. /home/mdugre/scratch/mri-registration-rp/datasets/ds004513/derivatives/mri-registration-rp/1111/antsRegistration-r7-p17/sub-s035/rigid_Composite.h5[2] (type = Euler3DTransform)
=============================================================================
  number of levels = 4
  fixed image: /templateflow/tpl-MNI152NLin2009cAsym/tpl-MNI152NLin2009cAsym_res-01_desc-brain_T1w.nii.gz
  moving image: /home/mdugre/scratch/mri-registration-rp/datasets/ds004513/derivatives/mri-registration-rp/antsBrainExtraction/sub-s035/BrainExtractionBrain.nii.gz
Dimension = 3
Number of stages = 1
Use histogram matching = false
Winsorize image intensities = true
  Lower quantile = 0.005
  Upper quantile = 0.995


Stage 1 State
   Image metric = MattesMI
     Fixed image = Image (0x3cd3490)
  RTTI typeinfo:   itk::Image<double, 3u>
  Reference Count: 2
  Modified Time: 1592
  Debug: Off
  Object Name: 
  Observers: 
    none
  Source: (none)
  Source output name: (none)
  Release Data: Off
  Data Released: False
  Global Release Data: Off
  PipelineMTime: 0
  UpdateMTime: 1203
  RealTimeStamp: 0 seconds 
  LargestPossibleRegion: 
    Dimension: 3
    Index: [0, 0, 0]
    Size: [193, 229, 193]
  BufferedRegion: 
    Dimension: 3
    Index: [0, 0, 0]
    Size: [193, 229, 193]
  RequestedRegion: 
    Dimension: 3
    Index: [0, 0, 0]
    Size: [193, 229, 193]
  Spacing: [1, 1, 1]
  Origin: [96, 132, -78]
  Direction: 
-1 0 0
0 -1 0
0 0 1

  IndexToPointMatrix: 
-1 0 0
0 -1 0
0 0 1

  PointToIndexMatrix: 
-1 0 0
0 -1 0
0 0 1

  Inverse Direction: 
-1 0 0
0 -1 0
0 0 1

  PixelContainer: 
    ImportImageContainer (0x3cdf2a0)
      RTTI typeinfo:   itk::ImportImageContainer<unsigned long, double>
      Reference Count: 1
      Modified Time: 1200
      Debug: Off
      Object Name: 
      Observers: 
        none
      Pointer: 0x152e82e69010
      Container manages memory: true
      Size: 8530021
      Capacity: 8530021

     Moving image = Image (0x3d8ed20)
  RTTI typeinfo:   itk::Image<double, 3u>
  Reference Count: 2
  Modified Time: 1593
  Debug: Off
  Object Name: 
  Observers: 
    none
  Source: (none)
  Source output name: (none)
  Release Data: Off
  Data Released: False
  Global Release Data: Off
  PipelineMTime: 0
  UpdateMTime: 1590
  RealTimeStamp: 0 seconds 
  LargestPossibleRegion: 
    Dimension: 3
    Index: [0, 0, 0]
    Size: [160, 240, 256]
  BufferedRegion: 
    Dimension: 3
    Index: [0, 0, 0]
    Size: [160, 240, 256]
  RequestedRegion: 
    Dimension: 3
    Index: [0, 0, 0]
    Size: [160, 240, 256]
  Spacing: [1, 1, 1]
  Origin: [98.6436, 87.6357, -117.989]
  Direction: 
-0.993515 -0.100993 -0.0522354
0.100854 -0.994888 0.00530255
-0.0525038 1.93537e-08 0.998619

  IndexToPointMatrix: 
-0.993515 -0.100993 -0.0522354
0.100854 -0.994888 0.00530255
-0.0525038 1.93537e-08 0.998619

  PointToIndexMatrix: 
-0.993515 0.100854 -0.0525038
-0.100993 -0.994888 0
-0.0522356 0.00530243 0.998623

  Inverse Direction: 
-0.993515 0.100854 -0.0525038
-0.100993 -0.994888 0
-0.0522356 0.00530243 0.998623

  PixelContainer: 
    ImportImageContainer (0x3e04650)
      RTTI typeinfo:   itk::ImportImageContainer<unsigned long, double>
      Reference Count: 1
      Modified Time: 1587
      Debug: Off
      Object Name: 
      Observers: 
        none
      Pointer: 0x152e7e368010
      Container manages memory: true
      Size: 9830400
      Capacity: 9830400

     Weighting = 1
     Sampling strategy = regular
     Number of bins = 32
     Radius = 4
     Sampling percentage  = 0.25
   Transform = Affine
     Gradient step = 0.1
     Update field sigma (voxel space) = 0
     Total field sigma (voxel space) = 0
     Update field time sigma = 0
     Total field time sigma  = 0
     Number of time indices = 0
     Number of time point samples = 0
Registration using 1 total stages.

Stage 0
  iterations = 1000x500x250x100
  convergence threshold = 1e-06
  convergence window size = 10
  number of levels = 4
  using the Mattes MI metric (number of bins = 32, weight = 1, use gradient filter = 0)
  preprocessing:  winsorizing the image intensities
  Shrink factors (level 1 out of 4): [8, 8, 8]
  Shrink factors (level 2 out of 4): [4, 4, 4]
  Shrink factors (level 3 out of 4): [2, 2, 2]
  Shrink factors (level 4 out of 4): [1, 1, 1]
  smoothing sigmas per level: [3, 2, 1, 0]
  regular sampling (percentage = 0.25)

*** Running AffineTransform registration ***

DIAGNOSTIC,Iteration,metricValue,convergenceValue,ITERATION_TIME_INDEX,SINCE_LAST
 2DIAGNOSTIC,     1, -6.769802569102e-01, 1.797693134862e+308, 0.0000e+00, 0.0000e+00, 
 2DIAGNOSTIC,     2, -6.791267464494e-01, 1.797693134862e+308, 0.0000e+00, 0.0000e+00, 
 2DIAGNOSTIC,     3, -6.826913090989e-01, 1.797693134862e+308, 0.0000e+00, 0.0000e+00, 
 2DIAGNOSTIC,     4, -6.886140679344e-01, 1.797693134862e+308, 0.0000e+00, 0.0000e+00, 
 2DIAGNOSTIC,     5, -6.972977916494e-01, 1.797693134862e+308, 0.0000e+00, 0.0000e+00, 
 2DIAGNOSTIC,     6, -7.079433603983e-01, 1.797693134862e+308, 0.0000e+00, 0.0000e+00, 
 2DIAGNOSTIC,     7, -7.285351980854e-01, 1.797693134862e+308, 0.0000e+00, 0.0000e+00, 
 2DIAGNOSTIC,     8, -7.322304681557e-01, 1.797693134862e+308, 0.0000e+00, 0.0000e+00, 
 2DIAGNOSTIC,     9, -7.325358674049e-01, 1.797693134862e+308, 0.0000e+00, 0.0000e+00, 
 2DIAGNOSTIC,    10, -7.325056114341e-01, 6.339343825765e-03, 0.0000e+00, 0.0000e+00, 
 2DIAGNOSTIC,    11, -7.326534026780e-01, 5.386924894732e-03, 0.0000e+00, 0.0000e+00, 
 2DIAGNOSTIC,    12, -7.331061612336e-01, 4.193640075556e-03, 0.0000e+00, 0.0000e+00, 
 2DIAGNOSTIC,    13, -7.337597886893e-01, 2.939821037511e-03, 0.0000e+00, 0.0000e+00, 
 2DIAGNOSTIC,    14, -7.344461133712e-01, 1.797081299340e-03, 0.0000e+00, 0.0000e+00, 
 2DIAGNOSTIC,    15, -7.355936076690e-01, 9.076078980710e-04, 0.0000e+00, 0.0000e+00, 
 2DIAGNOSTIC,    16, -7.389423918515e-01, 3.823800876851e-04, 0.0000e+00, 0.0000e+00, 
 2DIAGNOSTIC,    17, -7.391183894696e-01, 3.650711343738e-04, 0.0000e+00, 0.0000e+00, 
 2DIAGNOSTIC,    18, -7.388783592435e-01, 3.928125360997e-04, 0.0000e+00, 0.0000e+00, 
 2DIAGNOSTIC,    19, -7.390605083112e-01, 3.926442806617e-04, 0.0000e+00, 0.0000e+00, 
 2DIAGNOSTIC,    20, -7.390722334564e-01, 3.552973319312e-04, 0.0000e+00, 0.0000e+00, 
 2DIAGNOSTIC,    21, -7.395103281113e-01, 2.985788947560e-04, 0.0000e+00, 0.0000e+00, 
 2DIAGNOSTIC,    22, -7.403680518729e-01, 2.425565376208e-04, 0.0000e+00, 0.0000e+00, 
 2DIAGNOSTIC,    23, -7.408461553427e-01, 1.888588518635e-04, 0.0000e+00, 0.0000e+00, 
 2DIAGNOSTIC,    24, -7.408933163064e-01, 1.343688114080e-04, 0.0000e+00, 0.0000e+00, 
 2DIAGNOSTIC,    25, -7.414248905245e-01, 9.689239927979e-05, 0.0000e+00, 0.0000e+00, 
 2DIAGNOSTIC,    26, -7.412466389441e-01, 1.007988095538e-04, 0.0000e+00, 0.0000e+00, 
 2DIAGNOSTIC,    27, -7.413868451904e-01, 9.967422755155e-05, 0.0000e+00, 0.0000e+00, 
 2DIAGNOSTIC,    28, -7.414422743848e-01, 8.667464665728e-05, 0.0000e+00, 0.0000e+00, 
 2DIAGNOSTIC,    29, -7.414366301562e-01, 6.905118202727e-05, 0.0000e+00, 0.0000e+00, 
 2DIAGNOSTIC,    30, -7.413999557846e-01, 4.588259081841e-05, 0.0000e+00, 0.0000e+00, 
 2DIAGNOSTIC,    31, -7.413360209015e-01, 2.450946250139e-05, 0.0000e+00, 0.0000e+00, 
 2DIAGNOSTIC,    32, -7.411649293528e-01, 1.058028788407e-05, 0.0000e+00, 0.0000e+00, 
 2DIAGNOSTIC,    33, -7.411086979223e-01, 1.635434059441e-06, 0.0000e+00, 0.0000e+00, 
DIAGNOSTIC,Iteration,metricValue,convergenceValue,ITERATION_TIME_INDEX,SINCE_LAST
 2DIAGNOSTIC,     1, -6.083028544176e-01, 1.797693134862e+308, 0.0000e+00, 0.0000e+00, 
 2DIAGNOSTIC,     2, -6.088775664490e-01, 1.797693134862e+308, 0.0000e+00, 0.0000e+00, 
 2DIAGNOSTIC,     3, -6.093770030979e-01, 1.797693134862e+308, 0.0000e+00, 0.0000e+00, 
 2DIAGNOSTIC,     4, -6.102826796316e-01, 1.797693134862e+308, 0.0000e+00, 0.0000e+00, 
 2DIAGNOSTIC,     5, -6.107514590296e-01, 1.797693134862e+308, 0.0000e+00, 0.0000e+00, 
 2DIAGNOSTIC,     6, -6.108302928661e-01, 1.797693134862e+308, 0.0000e+00, 0.0000e+00, 
 2DIAGNOSTIC,     7, -6.108110966623e-01, 1.797693134862e+308, 0.0000e+00, 0.0000e+00, 
 2DIAGNOSTIC,     8, -6.107799826043e-01, 1.797693134862e+308, 0.0000e+00, 0.0000e+00, 
 2DIAGNOSTIC,     9, -6.107870897686e-01, 1.797693134862e+308, 0.0000e+00, 0.0000e+00, 
 2DIAGNOSTIC,    10, -6.107817722887e-01, 2.543036328809e-04, 0.0000e+00, 0.0000e+00, 
 2DIAGNOSTIC,    11, -6.107561629920e-01, 1.497934156566e-04, 0.0000e+00, 0.0000e+00, 
 2DIAGNOSTIC,    12, -6.107368427283e-01, 7.129845991581e-05, 0.0000e+00, 0.0000e+00, 
 2DIAGNOSTIC,    13, -6.107399793685e-01, 1.603601590436e-05, 0.0000e+00, 0.0000e+00, 
DIAGNOSTIC,Iteration,metricValue,convergenceValue,ITERATION_TIME_INDEX,SINCE_LAST
 2DIAGNOSTIC,     1, -5.346555360670e-01, 1.797693134862e+308, 0.0000e+00, 0.0000e+00, 
 2DIAGNOSTIC,     2, -5.349282533172e-01, 1.797693134862e+308, 0.0000e+00, 0.0000e+00, 
 2DIAGNOSTIC,     3, -5.351490603689e-01, 1.797693134862e+308, 0.0000e+00, 0.0000e+00, 
 2DIAGNOSTIC,     4, -5.353380271422e-01, 1.797693134862e+308, 0.0000e+00, 0.0000e+00, 
 2DIAGNOSTIC,     5, -5.353405445728e-01, 1.797693134862e+308, 0.0000e+00, 0.0000e+00, 
 2DIAGNOSTIC,     6, -5.353420728180e-01, 1.797693134862e+308, 0.0000e+00, 0.0000e+00, 
 2DIAGNOSTIC,     7, -5.353364863247e-01, 1.797693134862e+308, 0.0000e+00, 0.0000e+00, 
 2DIAGNOSTIC,     8, -5.353343654877e-01, 1.797693134862e+308, 0.0000e+00, 0.0000e+00, 
 2DIAGNOSTIC,     9, -5.353359412352e-01, 1.797693134862e+308, 0.0000e+00, 0.0000e+00, 
 2DIAGNOSTIC,    10, -5.353359449390e-01, 6.507880917676e-05, 0.0000e+00, 0.0000e+00, 
 2DIAGNOSTIC,    11, -5.353312093610e-01, 2.994239742615e-05, 0.0000e+00, 0.0000e+00, 
 2DIAGNOSTIC,    12, -5.353332338107e-01, 1.022651576506e-05, 0.0000e+00, 0.0000e+00, 
 2DIAGNOSTIC,    13, -5.353309766294e-01, 1.563237993732e-06, 0.0000e+00, 0.0000e+00, 
