
##########################
# Experiment information #
##########################

EXPERIMENT_NAME: antsRegistration-r7-p21
VFC_BACKENDS: libinterflop_vprec.so --range-binary32=7 --precision-binary32=21 --range-binary64=7 --precision-binary64=21

SIF_IMG: /home/mdugre/projects/rrg-glatard/mdugre/containers/ants-vprec-no_metrics.simg

SUBJECT_ID: s037
INPUT_IMG: /home/mdugre/scratch/mri-registration-rp/datasets/ds004513/derivatives/mri-registration-rp/antsBrainExtraction/sub-s037/BrainExtractionBrain.nii.gz
OUTPUT_DIR: /home/mdugre/scratch/mri-registration-rp/datasets/ds004513/derivatives/mri-registration-rp/1111/antsRegistration-r7-p21/sub-s037

FIXED_IMG: /templateflow/tpl-MNI152NLin2009cAsym/tpl-MNI152NLin2009cAsym_res-01_desc-brain_T1w.nii.gz
DATA_DIR: /home/mdugre/scratch/mri-registration-rp/datasets/ds004513
TEMPLATEFLOW_DIR: /home/mdugre/projects/rrg-glatard/mdugre/templateflow
ITK_GLOBAL_DEFAULT_NUMBER_OF_THREADS: 16
##########################

Info [verificarlo]: loaded backend libinterflop_vprec.so
Info [interflop-vprec]: load backend with: 
Info [interflop-vprec]: precision-binary32 = 21
Info [interflop-vprec]: range-binary32 = 7
Info [interflop-vprec]: precision-binary64 = 21
Info [interflop-vprec]: range-binary64 = 7
Info [interflop-vprec]: mode = ob
Info [interflop-vprec]: error-mode = rel
Info [interflop-vprec]: max-abs-error-exponent = -1022
Info [interflop-vprec]: daz = false
Info [interflop-vprec]: ftz = false
Info [interflop-vprec]: 	instrument = none
Info [interflop-vprec]: 	prec-input-file = (null)
Info [interflop-vprec]: 	prec-output-file = (null)
Info [interflop-vprec]: 	prec-log-file = (null)
All_Command_lines_OK
Using double precision for computations.
=============================================================================
The composite transform comprises the following transforms (in order): 
  1. Center of mass alignment using fixed image: /templateflow/tpl-MNI152NLin2009cAsym/tpl-MNI152NLin2009cAsym_res-01_desc-brain_T1w.nii.gz and moving image: /home/mdugre/scratch/mri-registration-rp/datasets/ds004513/derivatives/mri-registration-rp/antsBrainExtraction/sub-s037/BrainExtractionBrain.nii.gz (type = Euler3DTransform)
=============================================================================
  number of levels = 1
  fixed image: /templateflow/tpl-MNI152NLin2009cAsym/tpl-MNI152NLin2009cAsym_res-01_desc-brain_T1w.nii.gz
  moving image: /home/mdugre/scratch/mri-registration-rp/datasets/ds004513/derivatives/mri-registration-rp/antsBrainExtraction/sub-s037/BrainExtractionBrain.nii.gz
Dimension = 3
Number of stages = 1
Use histogram matching = false
Winsorize image intensities = true
  Lower quantile = 0.005
  Upper quantile = 0.995


Stage 1 State
   Image metric = MattesMI
     Fixed image = Image (0x46eab20)
  RTTI typeinfo:   itk::Image<double, 3u>
  Reference Count: 2
  Modified Time: 2330
  Debug: Off
  Object Name: 
  Observers: 
    none
  Source: (none)
  Source output name: (none)
  Release Data: Off
  Data Released: False
  Global Release Data: Off
  PipelineMTime: 0
  UpdateMTime: 1941
  RealTimeStamp: 0 seconds 
  LargestPossibleRegion: 
    Dimension: 3
    Index: [0, 0, 0]
    Size: [193, 229, 193]
  BufferedRegion: 
    Dimension: 3
    Index: [0, 0, 0]
    Size: [193, 229, 193]
  RequestedRegion: 
    Dimension: 3
    Index: [0, 0, 0]
    Size: [193, 229, 193]
  Spacing: [1, 1, 1]
  Origin: [96, 132, -78]
  Direction: 
-1 0 0
0 -1 0
0 0 1

  IndexToPointMatrix: 
-1 0 0
0 -1 0
0 0 1

  PointToIndexMatrix: 
-1 0 0
0 -1 0
0 0 1

  Inverse Direction: 
-1 0 0
0 -1 0
0 0 1

  PixelContainer: 
    ImportImageContainer (0x4816650)
      RTTI typeinfo:   itk::ImportImageContainer<unsigned long, double>
      Reference Count: 1
      Modified Time: 1938
      Debug: Off
      Object Name: 
      Observers: 
        none
      Pointer: 0x1466add2c010
      Container manages memory: true
      Size: 8530021
      Capacity: 8530021

     Moving image = Image (0x46f3240)
  RTTI typeinfo:   itk::Image<double, 3u>
  Reference Count: 2
  Modified Time: 2331
  Debug: Off
  Object Name: 
  Observers: 
    none
  Source: (none)
  Source output name: (none)
  Release Data: Off
  Data Released: False
  Global Release Data: Off
  PipelineMTime: 0
  UpdateMTime: 2328
  RealTimeStamp: 0 seconds 
  LargestPossibleRegion: 
    Dimension: 3
    Index: [0, 0, 0]
    Size: [160, 240, 256]
  BufferedRegion: 
    Dimension: 3
    Index: [0, 0, 0]
    Size: [160, 240, 256]
  RequestedRegion: 
    Dimension: 3
    Index: [0, 0, 0]
    Size: [160, 240, 256]
  Spacing: [1, 1, 1]
  Origin: [87.9508, 102.562, -147.639]
  Direction: 
-0.998658 -0.043612 -0.0279129
0.043595 -0.999048 0.00121847
-0.0279395 -2.65543e-08 0.999609

  IndexToPointMatrix: 
-0.998658 -0.043612 -0.0279129
0.043595 -0.999048 0.00121847
-0.0279395 -2.65543e-08 0.999609

  PointToIndexMatrix: 
-0.99866 0.043595 -0.0279395
-0.0436121 -0.999049 0
-0.027913 0.0012185 0.99961

  Inverse Direction: 
-0.99866 0.043595 -0.0279395
-0.0436121 -0.999049 0
-0.027913 0.0012185 0.99961

  PixelContainer: 
    ImportImageContainer (0x4800b90)
      RTTI typeinfo:   itk::ImportImageContainer<unsigned long, double>
      Reference Count: 1
      Modified Time: 2325
      Debug: Off
      Object Name: 
      Observers: 
        none
      Pointer: 0x1466a922b010
      Container manages memory: true
      Size: 9830400
      Capacity: 9830400

     Weighting = 1
     Sampling strategy = regular
     Number of bins = 32
     Radius = 4
     Sampling percentage  = 0.25
   Transform = Rigid
     Gradient step = 0.1
     Update field sigma (voxel space) = 0
     Total field sigma (voxel space) = 0
     Update field time sigma = 0
     Total field time sigma  = 0
     Number of time indices = 0
     Number of time point samples = 0
Registration using 1 total stages.

Stage 0
  iterations = 0
  convergence threshold = 1e-06
  convergence window size = 10
  number of levels = 1
  using the Mattes MI metric (number of bins = 32, weight = 1, use gradient filter = 0)
  preprocessing:  winsorizing the image intensities
  Shrink factors (level 1 out of 1): [1, 1, 1]
  smoothing sigmas per level: [0]
  regular sampling (percentage = 0.25)

*** Running Euler3DTransform registration ***

  Elapsed time (stage 0): 0


Total elapsed time: 0
Info [verificarlo]: loaded backend libinterflop_vprec.so
Info [interflop-vprec]: load backend with: 
Info [interflop-vprec]: precision-binary32 = 21
Info [interflop-vprec]: range-binary32 = 7
Info [interflop-vprec]: precision-binary64 = 21
Info [interflop-vprec]: range-binary64 = 7
Info [interflop-vprec]: mode = ob
Info [interflop-vprec]: error-mode = rel
Info [interflop-vprec]: max-abs-error-exponent = -1022
Info [interflop-vprec]: daz = false
Info [interflop-vprec]: ftz = false
Info [interflop-vprec]: 	instrument = none
Info [interflop-vprec]: 	prec-input-file = (null)
Info [interflop-vprec]: 	prec-output-file = (null)
Info [interflop-vprec]: 	prec-log-file = (null)
All_Command_lines_OK
Using double precision for computations.
=============================================================================
The composite transform comprises the following transforms (in order): 
  1. /home/mdugre/scratch/mri-registration-rp/datasets/ds004513/derivatives/mri-registration-rp/1111/antsRegistration-r7-p21/sub-s037/align_Composite.h5[0] (type = Euler3DTransform)
  2. /home/mdugre/scratch/mri-registration-rp/datasets/ds004513/derivatives/mri-registration-rp/1111/antsRegistration-r7-p21/sub-s037/align_Composite.h5[1] (type = Euler3DTransform)
=============================================================================
  number of levels = 4
  fixed image: /templateflow/tpl-MNI152NLin2009cAsym/tpl-MNI152NLin2009cAsym_res-01_desc-brain_T1w.nii.gz
  moving image: /home/mdugre/scratch/mri-registration-rp/datasets/ds004513/derivatives/mri-registration-rp/antsBrainExtraction/sub-s037/BrainExtractionBrain.nii.gz
Dimension = 3
Number of stages = 1
Use histogram matching = false
Winsorize image intensities = true
  Lower quantile = 0.005
  Upper quantile = 0.995


Stage 1 State
   Image metric = MattesMI
     Fixed image = Image (0x3d951e0)
  RTTI typeinfo:   itk::Image<double, 3u>
  Reference Count: 2
  Modified Time: 1578
  Debug: Off
  Object Name: 
  Observers: 
    none
  Source: (none)
  Source output name: (none)
  Release Data: Off
  Data Released: False
  Global Release Data: Off
  PipelineMTime: 0
  UpdateMTime: 1189
  RealTimeStamp: 0 seconds 
  LargestPossibleRegion: 
    Dimension: 3
    Index: [0, 0, 0]
    Size: [193, 229, 193]
  BufferedRegion: 
    Dimension: 3
    Index: [0, 0, 0]
    Size: [193, 229, 193]
  RequestedRegion: 
    Dimension: 3
    Index: [0, 0, 0]
    Size: [193, 229, 193]
  Spacing: [1, 1, 1]
  Origin: [96, 132, -78]
  Direction: 
-1 0 0
0 -1 0
0 0 1

  IndexToPointMatrix: 
-1 0 0
0 -1 0
0 0 1

  PointToIndexMatrix: 
-1 0 0
0 -1 0
0 0 1

  Inverse Direction: 
-1 0 0
0 -1 0
0 0 1

  PixelContainer: 
    ImportImageContainer (0x3e546f0)
      RTTI typeinfo:   itk::ImportImageContainer<unsigned long, double>
      Reference Count: 1
      Modified Time: 1186
      Debug: Off
      Object Name: 
      Observers: 
        none
      Pointer: 0x14e8eb3a5010
      Container manages memory: true
      Size: 8530021
      Capacity: 8530021

     Moving image = Image (0x3e50c90)
  RTTI typeinfo:   itk::Image<double, 3u>
  Reference Count: 2
  Modified Time: 1579
  Debug: Off
  Object Name: 
  Observers: 
    none
  Source: (none)
  Source output name: (none)
  Release Data: Off
  Data Released: False
  Global Release Data: Off
  PipelineMTime: 0
  UpdateMTime: 1576
  RealTimeStamp: 0 seconds 
  LargestPossibleRegion: 
    Dimension: 3
    Index: [0, 0, 0]
    Size: [160, 240, 256]
  BufferedRegion: 
    Dimension: 3
    Index: [0, 0, 0]
    Size: [160, 240, 256]
  RequestedRegion: 
    Dimension: 3
    Index: [0, 0, 0]
    Size: [160, 240, 256]
  Spacing: [1, 1, 1]
  Origin: [87.9508, 102.562, -147.639]
  Direction: 
-0.998658 -0.043612 -0.0279129
0.043595 -0.999048 0.00121847
-0.0279395 -2.65543e-08 0.999609

  IndexToPointMatrix: 
-0.998658 -0.043612 -0.0279129
0.043595 -0.999048 0.00121847
-0.0279395 -2.65543e-08 0.999609

  PointToIndexMatrix: 
-0.99866 0.043595 -0.0279395
-0.0436121 -0.999049 0
-0.027913 0.0012185 0.99961

  Inverse Direction: 
-0.99866 0.043595 -0.0279395
-0.0436121 -0.999049 0
-0.027913 0.0012185 0.99961

  PixelContainer: 
    ImportImageContainer (0x3e13010)
      RTTI typeinfo:   itk::ImportImageContainer<unsigned long, double>
      Reference Count: 1
      Modified Time: 1573
      Debug: Off
      Object Name: 
      Observers: 
        none
      Pointer: 0x14e8e68a4010
      Container manages memory: true
      Size: 9830400
      Capacity: 9830400

     Weighting = 1
     Sampling strategy = regular
     Number of bins = 32
     Radius = 4
     Sampling percentage  = 0.25
   Transform = Rigid
     Gradient step = 0.1
     Update field sigma (voxel space) = 0
     Total field sigma (voxel space) = 0
     Update field time sigma = 0
     Total field time sigma  = 0
     Number of time indices = 0
     Number of time point samples = 0
Registration using 1 total stages.

Stage 0
  iterations = 1000x500x250x100
  convergence threshold = 1e-06
  convergence window size = 10
  number of levels = 4
  using the Mattes MI metric (number of bins = 32, weight = 1, use gradient filter = 0)
  preprocessing:  winsorizing the image intensities
  Shrink factors (level 1 out of 4): [8, 8, 8]
  Shrink factors (level 2 out of 4): [4, 4, 4]
  Shrink factors (level 3 out of 4): [2, 2, 2]
  Shrink factors (level 4 out of 4): [1, 1, 1]
  smoothing sigmas per level: [3, 2, 1, 0]
  regular sampling (percentage = 0.25)

*** Running Euler3DTransform registration ***

DIAGNOSTIC,Iteration,metricValue,convergenceValue,ITERATION_TIME_INDEX,SINCE_LAST
 2DIAGNOSTIC,     1, -4.303465483611e-01, 1.797693134862e+308, 0.0000e+00, 0.0000e+00, 
 2DIAGNOSTIC,     2, -4.315846765285e-01, 1.797693134862e+308, 0.0000e+00, 0.0000e+00, 
 2DIAGNOSTIC,     3, -4.340946720526e-01, 1.797693134862e+308, 0.0000e+00, 0.0000e+00, 
 2DIAGNOSTIC,     4, -4.397336642441e-01, 1.797693134862e+308, 0.0000e+00, 0.0000e+00, 
 2DIAGNOSTIC,     5, -4.439556089830e-01, 1.797693134862e+308, 0.0000e+00, 0.0000e+00, 
 2DIAGNOSTIC,     6, -4.463135909523e-01, 1.797693134862e+308, 0.0000e+00, 0.0000e+00, 
 2DIAGNOSTIC,     7, -4.512268484836e-01, 1.797693134862e+308, 0.0000e+00, 0.0000e+00, 
 2DIAGNOSTIC,     8, -4.671191401827e-01, 1.797693134862e+308, 0.0000e+00, 0.0000e+00, 
 2DIAGNOSTIC,     9, -4.767071010977e-01, 1.797693134862e+308, 0.0000e+00, 0.0000e+00, 
 2DIAGNOSTIC,    10, -4.793426533775e-01, 7.414564944908e-03, 0.0000e+00, 0.0000e+00, 
 2DIAGNOSTIC,    11, -4.841514221223e-01, 7.397034187562e-03, 0.0000e+00, 0.0000e+00, 
 2DIAGNOSTIC,    12, -4.867659625259e-01, 6.918420189299e-03, 0.0000e+00, 0.0000e+00, 
 2DIAGNOSTIC,    13, -4.886037294346e-01, 6.084741307196e-03, 0.0000e+00, 0.0000e+00, 
 2DIAGNOSTIC,    14, -4.889952786266e-01, 5.084802492439e-03, 0.0000e+00, 0.0000e+00, 
 2DIAGNOSTIC,    15, -4.891445006984e-01, 3.951128351870e-03, 0.0000e+00, 0.0000e+00, 
 2DIAGNOSTIC,    16, -4.896835329893e-01, 2.721843045489e-03, 0.0000e+00, 0.0000e+00, 
 2DIAGNOSTIC,    17, -4.923823250073e-01, 1.654308955792e-03, 0.0000e+00, 0.0000e+00, 
 2DIAGNOSTIC,    18, -4.939168642598e-01, 1.138815325072e-03, 0.0000e+00, 0.0000e+00, 
 2DIAGNOSTIC,    19, -4.940469199331e-01, 8.857500234693e-04, 0.0000e+00, 0.0000e+00, 
 2DIAGNOSTIC,    20, -4.943880098099e-01, 6.665939666441e-04, 0.0000e+00, 0.0000e+00, 
 2DIAGNOSTIC,    21, -4.945839328419e-01, 5.498325048465e-04, 0.0000e+00, 0.0000e+00, 
 2DIAGNOSTIC,    22, -4.947248277887e-01, 4.657784187115e-04, 0.0000e+00, 0.0000e+00, 
 2DIAGNOSTIC,    23, -4.948944482572e-01, 3.975467304151e-04, 0.0000e+00, 0.0000e+00, 
 2DIAGNOSTIC,    24, -4.959092630659e-01, 3.342010499074e-04, 0.0000e+00, 0.0000e+00, 
 2DIAGNOSTIC,    25, -4.965291271286e-01, 2.635863898573e-04, 0.0000e+00, 0.0000e+00, 
 2DIAGNOSTIC,    26, -4.968541071431e-01, 1.923670659388e-04, 0.0000e+00, 0.0000e+00, 
 2DIAGNOSTIC,    27, -4.974720481904e-01, 1.813216329662e-04, 0.0000e+00, 0.0000e+00, 
 2DIAGNOSTIC,    28, -4.976916120753e-01, 1.912643604935e-04, 0.0000e+00, 0.0000e+00, 
 2DIAGNOSTIC,    29, -4.978456223736e-01, 1.880028329232e-04, 0.0000e+00, 0.0000e+00, 
 2DIAGNOSTIC,    30, -4.980473290671e-01, 1.778931739415e-04, 0.0000e+00, 0.0000e+00, 
 2DIAGNOSTIC,    31, -4.987194537124e-01, 1.684139775685e-04, 0.0000e+00, 0.0000e+00, 
 2DIAGNOSTIC,    32, -5.024397215541e-01, 2.149093002501e-04, 0.0000e+00, 0.0000e+00, 
 2DIAGNOSTIC,    33, -5.038898252223e-01, 2.650714273976e-04, 0.0000e+00, 0.0000e+00, 
 2DIAGNOSTIC,    34, -5.043322097495e-01, 3.125030261423e-04, 0.0000e+00, 0.0000e+00, 
 2DIAGNOSTIC,    35, -5.053534530218e-01, 3.561680687587e-04, 0.0000e+00, 0.0000e+00, 
 2DIAGNOSTIC,    36, -5.095017914196e-01, 4.359370094583e-04, 0.0000e+00, 0.0000e+00, 
 2DIAGNOSTIC,    37, -5.108297806385e-01, 4.979683902517e-04, 0.0000e+00, 0.0000e+00, 
 2DIAGNOSTIC,    38, -5.123558323460e-01, 5.361464688881e-04, 0.0000e+00, 0.0000e+00, 
 2DIAGNOSTIC,    39, -5.184127879542e-01, 6.156770578630e-04, 0.0000e+00, 0.0000e+00, 
 2DIAGNOSTIC,    40, -5.329247279730e-01, 8.450493763399e-04, 0.0000e+00, 0.0000e+00, 
 2DIAGNOSTIC,    41, -5.622992050170e-01, 1.399960455581e-03, 0.0000e+00, 0.0000e+00, 
 2DIAGNOSTIC,    42, -5.702041941562e-01, 1.942467117063e-03, 0.0000e+00, 0.0000e+00, 
 2DIAGNOSTIC,    43, -5.701770274921e-01, 2.295126268512e-03, 0.0000e+00, 0.0000e+00, 
 2DIAGNOSTIC,    44, -5.719086494736e-01, 2.444926742956e-03, 0.0000e+00, 0.0000e+00, 
 2DIAGNOSTIC,    45, -5.737741448268e-01, 2.385870691557e-03, 0.0000e+00, 0.0000e+00, 
 2DIAGNOSTIC,    46, -5.746266140495e-01, 2.157720501067e-03, 0.0000e+00, 0.0000e+00, 
 2DIAGNOSTIC,    47, -5.758788751579e-01, 1.766680492789e-03, 0.0000e+00, 0.0000e+00, 
 2DIAGNOSTIC,    48, -5.769349131971e-01, 1.261564009584e-03, 0.0000e+00, 0.0000e+00, 
 2DIAGNOSTIC,    49, -5.801457152514e-01, 7.669189453061e-04, 0.0000e+00, 0.0000e+00, 
 2DIAGNOSTIC,    50, -5.818181738063e-01, 3.947619090602e-04, 0.0000e+00, 0.0000e+00, 
 2DIAGNOSTIC,    51, -5.823096337356e-01, 3.285171191499e-04, 0.0000e+00, 0.0000e+00, 
 2DIAGNOSTIC,    52, -5.828289079583e-01, 3.255231041214e-04, 0.0000e+00, 0.0000e+00, 
 2DIAGNOSTIC,    53, -5.831782869540e-01, 2.946554757421e-04, 0.0000e+00, 0.0000e+00, 
 2DIAGNOSTIC,    54, -5.833254187783e-01, 2.554844038992e-04, 0.0000e+00, 0.0000e+00, 
 2DIAGNOSTIC,    55, -5.834031190548e-01, 2.129110102893e-04, 0.0000e+00, 0.0000e+00, 
 2DIAGNOSTIC,    56, -5.835390956571e-01, 1.616931253056e-04, 0.0000e+00, 0.0000e+00, 
 2DIAGNOSTIC,    57, -5.838762853990e-01, 1.127267535031e-04, 0.0000e+00, 0.0000e+00, 
 2DIAGNOSTIC,    58, -5.840194962270e-01, 6.558304357052e-05, 0.0000e+00, 0.0000e+00, 
 2DIAGNOSTIC,    59, -5.841951129481e-01, 4.528730123578e-05, 0.0000e+00, 0.0000e+00, 
 2DIAGNOSTIC,    60, -5.840872078535e-01, 3.577293774601e-05, 0.0000e+00, 0.0000e+00, 
 2DIAGNOSTIC,    61, -5.843188941904e-01, 2.969078468764e-05, 0.0000e+00, 0.0000e+00, 
 2DIAGNOSTIC,    62, -5.843220839340e-01, 2.547907850539e-05, 0.0000e+00, 0.0000e+00, 
 2DIAGNOSTIC,    63, -5.843924458461e-01, 2.262433481237e-05, 0.0000e+00, 0.0000e+00, 
 2DIAGNOSTIC,    64, -5.843703320691e-01, 1.884528395705e-05, 0.0000e+00, 0.0000e+00, 
 2DIAGNOSTIC,    65, -5.845063547768e-01, 1.526293854873e-05, 0.0000e+00, 0.0000e+00, 
 2DIAGNOSTIC,    66, -5.846053950772e-01, 1.222487512204e-05, 0.0000e+00, 0.0000e+00, 
 2DIAGNOSTIC,    67, -5.849463917634e-01, 1.359787107594e-05, 0.0000e+00, 0.0000e+00, 
 2DIAGNOSTIC,    68, -5.854702129326e-01, 1.889654374313e-05, 0.0000e+00, 0.0000e+00, 
 2DIAGNOSTIC,    69, -5.860141852391e-01, 2.786010600756e-05, 0.0000e+00, 0.0000e+00, 
 2DIAGNOSTIC,    70, -5.863027986538e-01, 3.520802987156e-05, 0.0000e+00, 0.0000e+00, 
 2DIAGNOSTIC,    71, -5.864031031000e-01, 4.153103990865e-05, 0.0000e+00, 0.0000e+00, 
 2DIAGNOSTIC,    72, -5.865256824733e-01, 4.465617836977e-05, 0.0000e+00, 0.0000e+00, 
 2DIAGNOSTIC,    73, -5.865216119507e-01, 4.387631441802e-05, 0.0000e+00, 0.0000e+00, 
 2DIAGNOSTIC,    74, -5.866590850924e-01, 3.972967295683e-05, 0.0000e+00, 0.0000e+00, 
 2DIAGNOSTIC,    75, -5.867188121761e-01, 3.332311943871e-05, 0.0000e+00, 0.0000e+00, 
 2DIAGNOSTIC,    76, -5.869030878505e-01, 2.594267145363e-05, 0.0000e+00, 0.0000e+00, 
 2DIAGNOSTIC,    77, -5.870002127079e-01, 1.929538276235e-05, 0.0000e+00, 0.0000e+00, 
 2DIAGNOSTIC,    78, -5.870127560736e-01, 1.461002513653e-05, 0.0000e+00, 0.0000e+00, 
 2DIAGNOSTIC,    79, -5.868779544021e-01, 1.142164234728e-05, 0.0000e+00, 0.0000e+00, 
 2DIAGNOSTIC,    80, -5.871598855827e-01, 1.106683512937e-05, 0.0000e+00, 0.0000e+00, 
 2DIAGNOSTIC,    81, -5.877837780029e-01, 1.434930453598e-05, 0.0000e+00, 0.0000e+00, 
 2DIAGNOSTIC,    82, -5.877589982753e-01, 1.672824451269e-05, 0.0000e+00, 0.0000e+00, 
 2DIAGNOSTIC,    83, -5.877959119935e-01, 1.776046302653e-05, 0.0000e+00, 0.0000e+00, 
 2DIAGNOSTIC,    84, -5.879370793226e-01, 1.892340721491e-05, 0.0000e+00, 0.0000e+00, 
 2DIAGNOSTIC,    85, -5.880618691180e-01, 1.932667711629e-05, 0.0000e+00, 0.0000e+00, 
 2DIAGNOSTIC,    86, -5.880202235774e-01, 1.866073072461e-05, 0.0000e+00, 0.0000e+00, 
 2DIAGNOSTIC,    87, -5.879142296513e-01, 1.622805224117e-05, 0.0000e+00, 0.0000e+00, 
 2DIAGNOSTIC,    88, -5.879816321925e-01, 1.293071152451e-05, 0.0000e+00, 0.0000e+00, 
 2DIAGNOSTIC,    89, -5.880486549220e-01, 8.055522493529e-06, 0.0000e+00, 0.0000e+00, 
 2DIAGNOSTIC,    90, -5.882899131787e-01, 5.480952422560e-06, 0.0000e+00, 0.0000e+00, 
 2DIAGNOSTIC,    91, -5.883045655738e-01, 6.157114175143e-06, 0.0000e+00, 0.0000e+00, 
 2DIAGNOSTIC,    92, -5.883115294087e-01, 6.202640385373e-06, 0.0000e+00, 0.0000e+00, 
 2DIAGNOSTIC,    93, -5.882323306218e-01, 5.443697627389e-06, 0.0000e+00, 0.0000e+00, 
 2DIAGNOSTIC,    94, -5.881533233160e-01, 4.527641855235e-06, 0.0000e+00, 0.0000e+00, 
 2DIAGNOSTIC,    95, -5.880754775318e-01, 3.478200675821e-06, 0.0000e+00, 0.0000e+00, 
 2DIAGNOSTIC,    96, -5.880828374263e-01, 1.984784729124e-06, 0.0000e+00, 0.0000e+00, 
DIAGNOSTIC,Iteration,metricValue,convergenceValue,ITERATION_TIME_INDEX,SINCE_LAST
 2DIAGNOSTIC,     1, -4.752946417574e-01, 1.797693134862e+308, 0.0000e+00, 0.0000e+00, 
 2DIAGNOSTIC,     2, -4.757125846898e-01, 1.797693134862e+308, 0.0000e+00, 0.0000e+00, 
 2DIAGNOSTIC,     3, -4.763966229273e-01, 1.797693134862e+308, 0.0000e+00, 0.0000e+00, 
 2DIAGNOSTIC,     4, -4.776561580751e-01, 1.797693134862e+308, 0.0000e+00, 0.0000e+00, 
 2DIAGNOSTIC,     5, -4.803158351986e-01, 1.797693134862e+308, 0.0000e+00, 0.0000e+00, 
 2DIAGNOSTIC,     6, -4.813578821867e-01, 1.797693134862e+308, 0.0000e+00, 0.0000e+00, 
 2DIAGNOSTIC,     7, -4.820221731619e-01, 1.797693134862e+308, 0.0000e+00, 0.0000e+00, 
 2DIAGNOSTIC,     8, -4.830432204642e-01, 1.797693134862e+308, 0.0000e+00, 0.0000e+00, 
 2DIAGNOSTIC,     9, -4.857330572776e-01, 1.797693134862e+308, 0.0000e+00, 0.0000e+00, 
 2DIAGNOSTIC,    10, -4.881462518616e-01, 1.687643712770e-03, 0.0000e+00, 0.0000e+00, 
 2DIAGNOSTIC,    11, -4.918278075888e-01, 1.796610192329e-03, 0.0000e+00, 0.0000e+00, 
 2DIAGNOSTIC,    12, -4.924894222118e-01, 1.778703596031e-03, 0.0000e+00, 0.0000e+00, 
 2DIAGNOSTIC,    13, -4.930154176223e-01, 1.660266517815e-03, 0.0000e+00, 0.0000e+00, 
 2DIAGNOSTIC,    14, -4.931681024371e-01, 1.465464165915e-03, 0.0000e+00, 0.0000e+00, 
 2DIAGNOSTIC,    15, -4.932079379497e-01, 1.266986214877e-03, 0.0000e+00, 0.0000e+00, 
 2DIAGNOSTIC,    16, -4.932192191184e-01, 1.015437119606e-03, 0.0000e+00, 0.0000e+00, 
 2DIAGNOSTIC,    17, -4.932141128696e-01, 7.240576455231e-04, 0.0000e+00, 0.0000e+00, 
 2DIAGNOSTIC,    18, -4.932142480507e-01, 4.320800954808e-04, 0.0000e+00, 0.0000e+00, 
 2DIAGNOSTIC,    19, -4.932069292054e-01, 2.133416429483e-04, 0.0000e+00, 0.0000e+00, 
 2DIAGNOSTIC,    20, -4.932069299471e-01, 6.492941871374e-05, 0.0000e+00, 0.0000e+00, 
 2DIAGNOSTIC,    21, -4.932069019654e-01, 2.693566517336e-05, 0.0000e+00, 0.0000e+00, 
 2DIAGNOSTIC,    22, -4.931989833633e-01, 7.059183298221e-06, 0.0000e+00, 0.0000e+00, 
 2DIAGNOSTIC,    23, -4.931989374679e-01, 1.649043206944e-06, 0.0000e+00, 0.0000e+00, 
DIAGNOSTIC,Iteration,metricValue,convergenceValue,ITERATION_TIME_INDEX,SINCE_LAST
 2DIAGNOSTIC,     1, -4.340360778227e-01, 1.797693134862e+308, 0.0000e+00, 0.0000e+00, 
 2DIAGNOSTIC,     2, -4.342054503106e-01, 1.797693134862e+308, 0.0000e+00, 0.0000e+00, 
 2DIAGNOSTIC,     3, -4.343887513234e-01, 1.797693134862e+308, 0.0000e+00, 0.0000e+00, 
 2DIAGNOSTIC,     4, -4.345191525977e-01, 1.797693134862e+308, 0.0000e+00, 0.0000e+00, 
 2DIAGNOSTIC,     5, -4.346186582084e-01, 1.797693134862e+308, 0.0000e+00, 0.0000e+00, 
 2DIAGNOSTIC,     6, -4.347227061751e-01, 1.797693134862e+308, 0.0000e+00, 0.0000e+00, 
 2DIAGNOSTIC,     7, -4.347673291510e-01, 1.797693134862e+308, 0.0000e+00, 0.0000e+00, 
 2DIAGNOSTIC,     8, -4.348092720821e-01, 1.797693134862e+308, 0.0000e+00, 0.0000e+00, 
 2DIAGNOSTIC,     9, -4.348133029661e-01, 1.797693134862e+308, 0.0000e+00, 0.0000e+00, 
 2DIAGNOSTIC,    10, -4.348135077775e-01, 1.167701223866e-04, 0.0000e+00, 0.0000e+00, 
 2DIAGNOSTIC,    11, -4.348160094221e-01, 7.926268290685e-05, 0.0000e+00, 0.0000e+00, 
 2DIAGNOSTIC,    12, -4.348204333274e-01, 5.045001663337e-05, 0.0000e+00, 0.0000e+00, 
 2DIAGNOSTIC,    13, -4.348303665032e-01, 3.138478566329e-05, 0.0000e+00, 0.0000e+00, 
 2DIAGNOSTIC,    14, -4.348355759927e-01, 1.869018980531e-05, 0.0000e+00, 0.0000e+00, 
 2DIAGNOSTIC,    15, -4.348579936487e-01, 1.142902446141e-05, 0.0000e+00, 0.0000e+00, 
 2DIAGNOSTIC,    16, -4.348895369051e-01, 9.715213217784e-06, 0.0000e+00, 0.0000e+00, 
 2DIAGNOSTIC,    17, -4.349172640914e-01, 1.020465860698e-05, 0.0000e+00, 0.0000e+00, 
 2DIAGNOSTIC,    18, -4.349156162070e-01, 1.132203235344e-05, 0.0000e+00, 0.0000e+00, 
 2DIAGNOSTIC,    19, -4.349148814350e-01, 1.157694984753e-05, 0.0000e+00, 0.0000e+00, 
 2DIAGNOSTIC,    20, -4.349151975460e-01, 1.090609523315e-05, 0.0000e+00, 0.0000e+00, 
 2DIAGNOSTIC,    21, -4.349146114319e-01, 9.469841439284e-06, 0.0000e+00, 0.0000e+00, 
 2DIAGNOSTIC,    22, -4.349145712596e-01, 7.539256542510e-06, 0.0000e+00, 0.0000e+00, 
 2DIAGNOSTIC,    23, -4.349113517003e-01, 5.413514067999e-06, 0.0000e+00, 0.0000e+00, 
 2DIAGNOSTIC,    24, -4.349157273805e-01, 3.356341397129e-06, 0.0000e+00, 0.0000e+00, 
 2DIAGNOSTIC,    25, -4.349159344830e-01, 1.844978579531e-06, 0.0000e+00, 0.0000e+00, 
 2DIAGNOSTIC,    26, -4.349161023232e-01, 1.172842245670e-06, 0.0000e+00, 0.0000e+00, 
 2DIAGNOSTIC,    27, -4.349153488042e-01, 1.211617080575e-06, 0.0000e+00, 0.0000e+00, 
 2DIAGNOSTIC,    28, -4.349140403708e-01, 1.177496555281e-06, 0.0000e+00, 0.0000e+00, 
 2DIAGNOSTIC,    29, -4.349140173628e-01, 1.123819672995e-06, 0.0000e+00, 0.0000e+00, 
 2DIAGNOSTIC,    30, -4.349140582086e-01, 1.077282898040e-06, 0.0000e+00, 0.0000e+00, 
 2DIAGNOSTIC,    31, -4.349140669680e-01, 1.020340695122e-06, 0.0000e+00, 0.0000e+00, 
DIAGNOSTIC,Iteration,metricValue,convergenceValue,ITERATION_TIME_INDEX,SINCE_LAST
 2DIAGNOSTIC,     1, -4.013676694563e-01, 1.797693134862e+308, 0.0000e+00, 0.0000e+00, 
 2DIAGNOSTIC,     2, -4.015135847233e-01, 1.797693134862e+308, 0.0000e+00, 0.0000e+00, 
 2DIAGNOSTIC,     3, -4.016126897933e-01, 1.797693134862e+308, 0.0000e+00, 0.0000e+00, 
 2DIAGNOSTIC,     4, -4.016560293475e-01, 1.797693134862e+308, 0.0000e+00, 0.0000e+00, 
 2DIAGNOSTIC,     5, -4.016612016104e-01, 1.797693134862e+308, 0.0000e+00, 0.0000e+00, 
 2DIAGNOSTIC,     6, -4.016595096089e-01, 1.797693134862e+308, 0.0000e+00, 0.0000e+00, 
 2DIAGNOSTIC,     7, -4.016593936323e-01, 1.797693134862e+308, 0.0000e+00, 0.0000e+00, 
 2DIAGNOSTIC,     8, -4.016683649151e-01, 1.797693134862e+308, 0.0000e+00, 0.0000e+00, 
 2DIAGNOSTIC,     9, -4.016722804933e-01, 1.797693134862e+308, 0.0000e+00, 0.0000e+00, 
 2DIAGNOSTIC,    10, -4.016743879472e-01, 3.755910607191e-05, 0.0000e+00, 0.0000e+00, 
 2DIAGNOSTIC,    11, -4.016734361984e-01, 1.759467617839e-05, 0.0000e+00, 0.0000e+00, 
 2DIAGNOSTIC,    12, -4.016753197124e-01, 8.229494011261e-06, 0.0000e+00, 0.0000e+00, 
 2DIAGNOSTIC,    13, -4.016750311660e-01, 5.104445427062e-06, 0.0000e+00, 0.0000e+00, 
 2DIAGNOSTIC,    14, -4.016793293881e-01, 4.579389877357e-06, 0.0000e+00, 0.0000e+00, 
 2DIAGNOSTIC,    15, -4.017447085257e-01, 7.244497182507e-06, 0.0000e+00, 0.0000e+00, 
 2DIAGNOSTIC,    16, -4.017854581541e-01, 1.076121374982e-05, 0.0000e+00, 0.0000e+00, 
 2DIAGNOSTIC,    17, -4.018102225489e-01, 1.406128817585e-05, 0.0000e+00, 0.0000e+00, 
 2DIAGNOSTIC,    18, -4.018116937669e-01, 1.630779226683e-05, 0.0000e+00, 0.0000e+00, 
 2DIAGNOSTIC,    19, -4.018140062882e-01, 1.722342536276e-05, 0.0000e+00, 0.0000e+00, 
 2DIAGNOSTIC,    20, -4.018135566999e-01, 1.663064691625e-05, 0.0000e+00, 0.0000e+00, 
 2DIAGNOSTIC,    21, -4.018134722533e-01, 1.462660749638e-05, 0.0000e+00, 0.0000e+00, 
 2DIAGNOSTIC,    22, -4.018130584335e-01, 1.164688031671e-05, 0.0000e+00, 0.0000e+00, 
 2DIAGNOSTIC,    23, -4.018126790106e-01, 7.988698273655e-06, 0.0000e+00, 0.0000e+00, 
 2DIAGNOSTIC,    24, -4.018124828951e-01, 4.107357594228e-06, 0.0000e+00, 0.0000e+00, 
 2DIAGNOSTIC,    25, -4.018120495842e-01, 2.089419981845e-06, 0.0000e+00, 0.0000e+00, 
 2DIAGNOSTIC,    26, -4.018120007639e-01, 1.240029596880e-06, 0.0000e+00, 0.0000e+00, 
 2DIAGNOSTIC,    27, -4.018118029968e-01, 1.095392424877e-06, 0.0000e+00, 0.0000e+00, 
 2DIAGNOSTIC,    28, -4.018121499812e-01, 1.013323030929e-06, 0.0000e+00, 0.0000e+00, 
 2DIAGNOSTIC,    29, -4.018126627623e-01, 1.017552876827e-06, 0.0000e+00, 0.0000e+00, 
 2DIAGNOSTIC,    30, -4.018138604624e-01, 1.046461651340e-06, 0.0000e+00, 0.0000e+00, 
 2DIAGNOSTIC,    31, -4.018147268706e-01, 1.092465397007e-06, 0.0000e+00, 0.0000e+00, 
 2DIAGNOSTIC,    32, -4.018150513724e-01, 1.127511991439e-06, 0.0000e+00, 0.0000e+00, 
 2DIAGNOSTIC,    33, -4.018157199347e-01, 1.154396076390e-06, 0.0000e+00, 0.0000e+00, 
 2DIAGNOSTIC,    34, -4.018150659166e-01, 1.143917350989e-06, 0.0000e+00, 0.0000e+00, 
 2DIAGNOSTIC,    35, -4.018150598710e-01, 1.105719487988e-06, 0.0000e+00, 0.0000e+00, 
 2DIAGNOSTIC,    36, -4.018144261360e-01, 1.037656594809e-06, 0.0000e+00, 0.0000e+00, 
  Elapsed time (stage 0): 0.0000e+00


Total elapsed time: 0.0000e+00
Info [verificarlo]: loaded backend libinterflop_vprec.so
Info [interflop-vprec]: load backend with: 
Info [interflop-vprec]: precision-binary32 = 21
Info [interflop-vprec]: range-binary32 = 7
Info [interflop-vprec]: precision-binary64 = 21
Info [interflop-vprec]: range-binary64 = 7
Info [interflop-vprec]: mode = ob
Info [interflop-vprec]: error-mode = rel
Info [interflop-vprec]: max-abs-error-exponent = -1022
Info [interflop-vprec]: daz = false
Info [interflop-vprec]: ftz = false
Info [interflop-vprec]: 	instrument = none
Info [interflop-vprec]: 	prec-input-file = (null)
Info [interflop-vprec]: 	prec-output-file = (null)
Info [interflop-vprec]: 	prec-log-file = (null)
All_Command_lines_OK
Using double precision for computations.
=============================================================================
The composite transform comprises the following transforms (in order): 
  1. /home/mdugre/scratch/mri-registration-rp/datasets/ds004513/derivatives/mri-registration-rp/1111/antsRegistration-r7-p21/sub-s037/rigid_Composite.h5[0] (type = Euler3DTransform)
  2. /home/mdugre/scratch/mri-registration-rp/datasets/ds004513/derivatives/mri-registration-rp/1111/antsRegistration-r7-p21/sub-s037/rigid_Composite.h5[1] (type = Euler3DTransform)
  3. /home/mdugre/scratch/mri-registration-rp/datasets/ds004513/derivatives/mri-registration-rp/1111/antsRegistration-r7-p21/sub-s037/rigid_Composite.h5[2] (type = Euler3DTransform)
=============================================================================
  number of levels = 4
  fixed image: /templateflow/tpl-MNI152NLin2009cAsym/tpl-MNI152NLin2009cAsym_res-01_desc-brain_T1w.nii.gz
  moving image: /home/mdugre/scratch/mri-registration-rp/datasets/ds004513/derivatives/mri-registration-rp/antsBrainExtraction/sub-s037/BrainExtractionBrain.nii.gz
Dimension = 3
Number of stages = 1
Use histogram matching = false
Winsorize image intensities = true
  Lower quantile = 0.005
  Upper quantile = 0.995


Stage 1 State
   Image metric = MattesMI
     Fixed image = Image (0x3a50490)
  RTTI typeinfo:   itk::Image<double, 3u>
  Reference Count: 2
  Modified Time: 1592
  Debug: Off
  Object Name: 
  Observers: 
    none
  Source: (none)
  Source output name: (none)
  Release Data: Off
  Data Released: False
  Global Release Data: Off
  PipelineMTime: 0
  UpdateMTime: 1203
  RealTimeStamp: 0 seconds 
  LargestPossibleRegion: 
    Dimension: 3
    Index: [0, 0, 0]
    Size: [193, 229, 193]
  BufferedRegion: 
    Dimension: 3
    Index: [0, 0, 0]
    Size: [193, 229, 193]
  RequestedRegion: 
    Dimension: 3
    Index: [0, 0, 0]
    Size: [193, 229, 193]
  Spacing: [1, 1, 1]
  Origin: [96, 132, -78]
  Direction: 
-1 0 0
0 -1 0
0 0 1

  IndexToPointMatrix: 
-1 0 0
0 -1 0
0 0 1

  PointToIndexMatrix: 
-1 0 0
0 -1 0
0 0 1

  Inverse Direction: 
-1 0 0
0 -1 0
0 0 1

  PixelContainer: 
    ImportImageContainer (0x3ac98b0)
      RTTI typeinfo:   itk::ImportImageContainer<unsigned long, double>
      Reference Count: 1
      Modified Time: 1200
      Debug: Off
      Object Name: 
      Observers: 
        none
      Pointer: 0x14f9a83c0010
      Container manages memory: true
      Size: 8530021
      Capacity: 8530021

     Moving image = Image (0x3b1ea40)
  RTTI typeinfo:   itk::Image<double, 3u>
  Reference Count: 2
  Modified Time: 1593
  Debug: Off
  Object Name: 
  Observers: 
    none
  Source: (none)
  Source output name: (none)
  Release Data: Off
  Data Released: False
  Global Release Data: Off
  PipelineMTime: 0
  UpdateMTime: 1590
  RealTimeStamp: 0 seconds 
  LargestPossibleRegion: 
    Dimension: 3
    Index: [0, 0, 0]
    Size: [160, 240, 256]
  BufferedRegion: 
    Dimension: 3
    Index: [0, 0, 0]
    Size: [160, 240, 256]
  RequestedRegion: 
    Dimension: 3
    Index: [0, 0, 0]
    Size: [160, 240, 256]
  Spacing: [1, 1, 1]
  Origin: [87.9508, 102.562, -147.639]
  Direction: 
-0.998658 -0.043612 -0.0279129
0.043595 -0.999048 0.00121847
-0.0279395 -2.65543e-08 0.999609

  IndexToPointMatrix: 
-0.998658 -0.043612 -0.0279129
0.043595 -0.999048 0.00121847
-0.0279395 -2.65543e-08 0.999609

  PointToIndexMatrix: 
-0.99866 0.043595 -0.0279395
-0.0436121 -0.999049 0
-0.027913 0.0012185 0.99961

  Inverse Direction: 
-0.99866 0.043595 -0.0279395
-0.0436121 -0.999049 0
-0.027913 0.0012185 0.99961

  PixelContainer: 
    ImportImageContainer (0x3acdd50)
      RTTI typeinfo:   itk::ImportImageContainer<unsigned long, double>
      Reference Count: 1
      Modified Time: 1587
      Debug: Off
      Object Name: 
      Observers: 
        none
      Pointer: 0x14f9a38bf010
      Container manages memory: true
      Size: 9830400
      Capacity: 9830400

     Weighting = 1
     Sampling strategy = regular
     Number of bins = 32
     Radius = 4
     Sampling percentage  = 0.25
   Transform = Affine
     Gradient step = 0.1
     Update field sigma (voxel space) = 0
     Total field sigma (voxel space) = 0
     Update field time sigma = 0
     Total field time sigma  = 0
     Number of time indices = 0
     Number of time point samples = 0
Registration using 1 total stages.

Stage 0
  iterations = 1000x500x250x100
  convergence threshold = 1e-06
  convergence window size = 10
  number of levels = 4
  using the Mattes MI metric (number of bins = 32, weight = 1, use gradient filter = 0)
  preprocessing:  winsorizing the image intensities
  Shrink factors (level 1 out of 4): [8, 8, 8]
  Shrink factors (level 2 out of 4): [4, 4, 4]
  Shrink factors (level 3 out of 4): [2, 2, 2]
  Shrink factors (level 4 out of 4): [1, 1, 1]
  smoothing sigmas per level: [3, 2, 1, 0]
  regular sampling (percentage = 0.25)

*** Running AffineTransform registration ***

DIAGNOSTIC,Iteration,metricValue,convergenceValue,ITERATION_TIME_INDEX,SINCE_LAST
 2DIAGNOSTIC,     1, -5.861145327415e-01, 1.797693134862e+308, 0.0000e+00, 0.0000e+00, 
 2DIAGNOSTIC,     2, -5.874504426242e-01, 1.797693134862e+308, 0.0000e+00, 0.0000e+00, 
 2DIAGNOSTIC,     3, -5.896373753584e-01, 1.797693134862e+308, 0.0000e+00, 0.0000e+00, 
 2DIAGNOSTIC,     4, -5.940355132200e-01, 1.797693134862e+308, 0.0000e+00, 0.0000e+00, 
 2DIAGNOSTIC,     5, -6.017774705378e-01, 1.797693134862e+308, 0.0000e+00, 0.0000e+00, 
 2DIAGNOSTIC,     6, -6.163905213471e-01, 1.797693134862e+308, 0.0000e+00, 0.0000e+00, 
 2DIAGNOSTIC,     7, -6.321519097382e-01, 1.797693134862e+308, 0.0000e+00, 0.0000e+00, 
 2DIAGNOSTIC,     8, -6.710510170170e-01, 1.797693134862e+308, 0.0000e+00, 0.0000e+00, 
 2DIAGNOSTIC,     9, -6.967165253830e-01, 1.797693134862e+308, 0.0000e+00, 0.0000e+00, 
 2DIAGNOSTIC,    10, -6.971308156568e-01, 1.286436605553e-02, 0.0000e+00, 0.0000e+00, 
 2DIAGNOSTIC,    11, -6.988366994656e-01, 1.273628993281e-02, 0.0000e+00, 0.0000e+00, 
 2DIAGNOSTIC,    12, -7.005968487631e-01, 1.161247259703e-02, 0.0000e+00, 0.0000e+00, 
 2DIAGNOSTIC,    13, -7.025012385712e-01, 9.751460455152e-03, 0.0000e+00, 0.0000e+00, 
 2DIAGNOSTIC,    14, -7.054690797866e-01, 7.515173660951e-03, 0.0000e+00, 0.0000e+00, 
 2DIAGNOSTIC,    15, -7.092299000729e-01, 5.259140961036e-03, 0.0000e+00, 0.0000e+00, 
 2DIAGNOSTIC,    16, -7.133792814628e-01, 3.344765033804e-03, 0.0000e+00, 0.0000e+00, 
 2DIAGNOSTIC,    17, -7.171606413922e-01, 1.840355920490e-03, 0.0000e+00, 0.0000e+00, 
 2DIAGNOSTIC,    18, -7.171920496516e-01, 1.256761676302e-03, 0.0000e+00, 0.0000e+00, 
 2DIAGNOSTIC,    19, -7.175949795174e-01, 1.210752555993e-03, 0.0000e+00, 0.0000e+00, 
 2DIAGNOSTIC,    20, -7.176968951405e-01, 1.067964094739e-03, 0.0000e+00, 0.0000e+00, 
 2DIAGNOSTIC,    21, -7.175818367013e-01, 8.713215842968e-04, 0.0000e+00, 0.0000e+00, 
 2DIAGNOSTIC,    22, -7.179422312362e-01, 6.529794125184e-04, 0.0000e+00, 0.0000e+00, 
 2DIAGNOSTIC,    23, -7.185040991937e-01, 4.392172353642e-04, 0.0000e+00, 0.0000e+00, 
 2DIAGNOSTIC,    24, -7.185895436106e-01, 2.565598400369e-04, 0.0000e+00, 0.0000e+00, 
 2DIAGNOSTIC,    25, -7.189685702525e-01, 1.337372392106e-04, 0.0000e+00, 0.0000e+00, 
 2DIAGNOSTIC,    26, -7.191232365593e-01, 7.601818461971e-05, 0.0000e+00, 0.0000e+00, 
 2DIAGNOSTIC,    27, -7.192584159346e-01, 7.626615392152e-05, 0.0000e+00, 0.0000e+00, 
 2DIAGNOSTIC,    28, -7.190471909370e-01, 6.647629439122e-05, 0.0000e+00, 0.0000e+00, 
 2DIAGNOSTIC,    29, -7.190306272019e-01, 5.687402513103e-05, 0.0000e+00, 0.0000e+00, 
 2DIAGNOSTIC,    30, -7.191582488551e-01, 4.598992365203e-05, 0.0000e+00, 0.0000e+00, 
 2DIAGNOSTIC,    31, -7.191366566499e-01, 2.958815375487e-05, 0.0000e+00, 0.0000e+00, 
 2DIAGNOSTIC,    32, -7.196861096766e-01, 2.319813402438e-05, 0.0000e+00, 0.0000e+00, 
 2DIAGNOSTIC,    33, -7.204146270387e-01, 3.117956982841e-05, 0.0000e+00, 0.0000e+00, 
 2DIAGNOSTIC,    34, -7.245532370916e-01, 8.675955549411e-05, 0.0000e+00, 0.0000e+00, 
 2DIAGNOSTIC,    35, -7.293396243201e-01, 1.902924862404e-04, 0.0000e+00, 0.0000e+00, 
 2DIAGNOSTIC,    36, -7.325414679320e-01, 3.070916316971e-04, 0.0000e+00, 0.0000e+00, 
 2DIAGNOSTIC,    37, -7.324941521603e-01, 3.894270804620e-04, 0.0000e+00, 0.0000e+00, 
 2DIAGNOSTIC,    38, -7.323931527684e-01, 4.278436112806e-04, 0.0000e+00, 0.0000e+00, 
 2DIAGNOSTIC,    39, -7.322507600215e-01, 4.215593163982e-04, 0.0000e+00, 0.0000e+00, 
 2DIAGNOSTIC,    40, -7.322540871923e-01, 3.759848112581e-04, 0.0000e+00, 0.0000e+00, 
 2DIAGNOSTIC,    41, -7.322914913468e-01, 2.970025175141e-04, 0.0000e+00, 0.0000e+00, 
 2DIAGNOSTIC,    42, -7.323869031245e-01, 2.008765290822e-04, 0.0000e+00, 0.0000e+00, 
 2DIAGNOSTIC,    43, -7.323295932127e-01, 9.661674087532e-05, 0.0000e+00, 0.0000e+00, 
 2DIAGNOSTIC,    44, -7.322876715070e-01, 2.515488583953e-05, 0.0000e+00, 0.0000e+00, 
DIAGNOSTIC,Iteration,metricValue,convergenceValue,ITERATION_TIME_INDEX,SINCE_LAST
 2DIAGNOSTIC,     1, -5.954265055925e-01, 1.797693134862e+308, 0.0000e+00, 0.0000e+00, 
 2DIAGNOSTIC,     2, -5.960081172879e-01, 1.797693134862e+308, 0.0000e+00, 0.0000e+00, 
 2DIAGNOSTIC,     3, -5.969449155362e-01, 1.797693134862e+308, 0.0000e+00, 0.0000e+00, 
 2DIAGNOSTIC,     4, -5.980274056455e-01, 1.797693134862e+308, 0.0000e+00, 0.0000e+00, 
 2DIAGNOSTIC,     5, -5.987899130785e-01, 1.797693134862e+308, 0.0000e+00, 0.0000e+00, 
 2DIAGNOSTIC,     6, -5.987660034294e-01, 1.797693134862e+308, 0.0000e+00, 0.0000e+00, 
 2DIAGNOSTIC,     7, -5.987582718849e-01, 1.797693134862e+308, 0.0000e+00, 0.0000e+00, 
 2DIAGNOSTIC,     8, -5.988332467186e-01, 1.797693134862e+308, 0.0000e+00, 0.0000e+00, 
 2DIAGNOSTIC,     9, -5.987373181360e-01, 1.797693134862e+308, 0.0000e+00, 0.0000e+00, 
 2DIAGNOSTIC,    10, -5.987341805927e-01, 3.528039311981e-04, 0.0000e+00, 0.0000e+00, 
 2DIAGNOSTIC,    11, -5.987461943254e-01, 2.110968194259e-04, 0.0000e+00, 0.0000e+00, 
 2DIAGNOSTIC,    12, -5.987371991591e-01, 9.691282434500e-05, 0.0000e+00, 0.0000e+00, 
 2DIAGNOSTIC,    13, -5.987185496115e-01, 2.453404000846e-05, 0.0000e+00, 0.0000e+00, 
DIAGNOSTIC,Iteration,metricValue,convergenceValue,ITERATION_TIME_INDEX,SINCE_LAST
 2DIAGNOSTIC,     1, -5.226756465213e-01, 1.797693134862e+308, 0.0000e+00, 0.0000e+00, 
 2DIAGNOSTIC,     2, -5.229617920119e-01, 1.797693134862e+308, 0.0000e+00, 0.0000e+00, 
 2DIAGNOSTIC,     3, -5.233072377377e-01, 1.797693134862e+308, 0.0000e+00, 0.0000e+00, 
 2DIAGNOSTIC,     4, -5.237360699925e-01, 1.797693134862e+308, 0.0000e+00, 0.0000e+00, 
 2DIAGNOSTIC,     5, -5.242286226809e-01, 1.797693134862e+308, 0.0000e+00, 0.0000e+00, 
 2DIAGNOSTIC,     6, -5.247301490468e-01, 1.797693134862e+308, 0.0000e+00, 0.0000e+00, 
 2DIAGNOSTIC,     7, -5.253190318161e-01, 1.797693134862e+308, 0.0000e+00, 0.0000e+00, 
 2DIAGNOSTIC,     8, -5.253541223342e-01, 1.797693134862e+308, 0.0000e+00, 0.0000e+00, 
