
##########################
# Experiment information #
##########################

EXPERIMENT_NAME: antsRegistration-r8-p23
VFC_BACKENDS: libinterflop_vprec.so --range-binary32=8 --precision-binary32=23 --range-binary64=8 --precision-binary64=23

SIF_IMG: /home/mdugre/projects/rrg-glatard/mdugre/containers/ants-vprec-no_metrics.simg

SUBJECT_ID: s032
INPUT_IMG: /home/mdugre/scratch/mri-registration-rp/datasets/ds004513/derivatives/mri-registration-rp/antsBrainExtraction/sub-s032/BrainExtractionBrain.nii.gz
OUTPUT_DIR: /home/mdugre/scratch/mri-registration-rp/datasets/ds004513/derivatives/mri-registration-rp/1111/antsRegistration-r8-p23/sub-s032

FIXED_IMG: /templateflow/tpl-MNI152NLin2009cAsym/tpl-MNI152NLin2009cAsym_res-01_desc-brain_T1w.nii.gz
DATA_DIR: /home/mdugre/scratch/mri-registration-rp/datasets/ds004513
TEMPLATEFLOW_DIR: /home/mdugre/projects/rrg-glatard/mdugre/templateflow
ITK_GLOBAL_DEFAULT_NUMBER_OF_THREADS: 16
##########################

Info [verificarlo]: loaded backend libinterflop_vprec.so
Info [interflop-vprec]: load backend with: 
Info [interflop-vprec]: precision-binary32 = 23
Info [interflop-vprec]: range-binary32 = 8
Info [interflop-vprec]: precision-binary64 = 23
Info [interflop-vprec]: range-binary64 = 8
Info [interflop-vprec]: mode = ob
Info [interflop-vprec]: error-mode = rel
Info [interflop-vprec]: max-abs-error-exponent = -1022
Info [interflop-vprec]: daz = false
Info [interflop-vprec]: ftz = false
Info [interflop-vprec]: 	instrument = none
Info [interflop-vprec]: 	prec-input-file = (null)
Info [interflop-vprec]: 	prec-output-file = (null)
Info [interflop-vprec]: 	prec-log-file = (null)
All_Command_lines_OK
Using double precision for computations.
=============================================================================
The composite transform comprises the following transforms (in order): 
  1. Center of mass alignment using fixed image: /templateflow/tpl-MNI152NLin2009cAsym/tpl-MNI152NLin2009cAsym_res-01_desc-brain_T1w.nii.gz and moving image: /home/mdugre/scratch/mri-registration-rp/datasets/ds004513/derivatives/mri-registration-rp/antsBrainExtraction/sub-s032/BrainExtractionBrain.nii.gz (type = Euler3DTransform)
=============================================================================
  number of levels = 1
  fixed image: /templateflow/tpl-MNI152NLin2009cAsym/tpl-MNI152NLin2009cAsym_res-01_desc-brain_T1w.nii.gz
  moving image: /home/mdugre/scratch/mri-registration-rp/datasets/ds004513/derivatives/mri-registration-rp/antsBrainExtraction/sub-s032/BrainExtractionBrain.nii.gz
Dimension = 3
Number of stages = 1
Use histogram matching = false
Winsorize image intensities = true
  Lower quantile = 0.005
  Upper quantile = 0.995


Stage 1 State
   Image metric = MattesMI
     Fixed image = Image (0x4611b20)
  RTTI typeinfo:   itk::Image<double, 3u>
  Reference Count: 2
  Modified Time: 2330
  Debug: Off
  Object Name: 
  Observers: 
    none
  Source: (none)
  Source output name: (none)
  Release Data: Off
  Data Released: False
  Global Release Data: Off
  PipelineMTime: 0
  UpdateMTime: 1941
  RealTimeStamp: 0 seconds 
  LargestPossibleRegion: 
    Dimension: 3
    Index: [0, 0, 0]
    Size: [193, 229, 193]
  BufferedRegion: 
    Dimension: 3
    Index: [0, 0, 0]
    Size: [193, 229, 193]
  RequestedRegion: 
    Dimension: 3
    Index: [0, 0, 0]
    Size: [193, 229, 193]
  Spacing: [1, 1, 1]
  Origin: [96, 132, -78]
  Direction: 
-1 0 0
0 -1 0
0 0 1

  IndexToPointMatrix: 
-1 0 0
0 -1 0
0 0 1

  PointToIndexMatrix: 
-1 0 0
0 -1 0
0 0 1

  Inverse Direction: 
-1 0 0
0 -1 0
0 0 1

  PixelContainer: 
    ImportImageContainer (0x473d650)
      RTTI typeinfo:   itk::ImportImageContainer<unsigned long, double>
      Reference Count: 1
      Modified Time: 1938
      Debug: Off
      Object Name: 
      Observers: 
        none
      Pointer: 0x14ba8b204010
      Container manages memory: true
      Size: 8530021
      Capacity: 8530021

     Moving image = Image (0x461a240)
  RTTI typeinfo:   itk::Image<double, 3u>
  Reference Count: 2
  Modified Time: 2331
  Debug: Off
  Object Name: 
  Observers: 
    none
  Source: (none)
  Source output name: (none)
  Release Data: Off
  Data Released: False
  Global Release Data: Off
  PipelineMTime: 0
  UpdateMTime: 2328
  RealTimeStamp: 0 seconds 
  LargestPossibleRegion: 
    Dimension: 3
    Index: [0, 0, 0]
    Size: [160, 240, 256]
  BufferedRegion: 
    Dimension: 3
    Index: [0, 0, 0]
    Size: [160, 240, 256]
  RequestedRegion: 
    Dimension: 3
    Index: [0, 0, 0]
    Size: [160, 240, 256]
  Spacing: [1, 1, 1]
  Origin: [73.279, 104.707, -131.187]
  Direction: 
-0.997527 0.0645574 -0.0278053
-0.0645323 -0.997914 -0.00179875
-0.0278634 4.01097e-08 0.999612

  IndexToPointMatrix: 
-0.997527 0.0645574 -0.0278053
-0.0645323 -0.997914 -0.00179875
-0.0278634 4.01097e-08 0.999612

  PointToIndexMatrix: 
-0.997527 -0.0645323 -0.0278634
0.0645574 -0.997914 9.8953e-10
-0.0278053 -0.00179879 0.999612

  Inverse Direction: 
-0.997527 -0.0645323 -0.0278634
0.0645574 -0.997914 9.8953e-10
-0.0278053 -0.00179879 0.999612

  PixelContainer: 
    ImportImageContainer (0x4727b90)
      RTTI typeinfo:   itk::ImportImageContainer<unsigned long, double>
      Reference Count: 1
      Modified Time: 2325
      Debug: Off
      Object Name: 
      Observers: 
        none
      Pointer: 0x14ba86703010
      Container manages memory: true
      Size: 9830400
      Capacity: 9830400

     Weighting = 1
     Sampling strategy = regular
     Number of bins = 32
     Radius = 4
     Sampling percentage  = 0.25
   Transform = Rigid
     Gradient step = 0.1
     Update field sigma (voxel space) = 0
     Total field sigma (voxel space) = 0
     Update field time sigma = 0
     Total field time sigma  = 0
     Number of time indices = 0
     Number of time point samples = 0
Registration using 1 total stages.

Stage 0
  iterations = 0
  convergence threshold = 1e-06
  convergence window size = 10
  number of levels = 1
  using the Mattes MI metric (number of bins = 32, weight = 1, use gradient filter = 0)
  preprocessing:  winsorizing the image intensities
  Shrink factors (level 1 out of 1): [1, 1, 1]
  smoothing sigmas per level: [0]
  regular sampling (percentage = 0.25)

*** Running Euler3DTransform registration ***

  Elapsed time (stage 0): 0


Total elapsed time: 0
Info [verificarlo]: loaded backend libinterflop_vprec.so
Info [interflop-vprec]: load backend with: 
Info [interflop-vprec]: precision-binary32 = 23
Info [interflop-vprec]: range-binary32 = 8
Info [interflop-vprec]: precision-binary64 = 23
Info [interflop-vprec]: range-binary64 = 8
Info [interflop-vprec]: mode = ob
Info [interflop-vprec]: error-mode = rel
Info [interflop-vprec]: max-abs-error-exponent = -1022
Info [interflop-vprec]: daz = false
Info [interflop-vprec]: ftz = false
Info [interflop-vprec]: 	instrument = none
Info [interflop-vprec]: 	prec-input-file = (null)
Info [interflop-vprec]: 	prec-output-file = (null)
Info [interflop-vprec]: 	prec-log-file = (null)
All_Command_lines_OK
Using double precision for computations.
=============================================================================
The composite transform comprises the following transforms (in order): 
  1. /home/mdugre/scratch/mri-registration-rp/datasets/ds004513/derivatives/mri-registration-rp/1111/antsRegistration-r8-p23/sub-s032/align_Composite.h5[0] (type = Euler3DTransform)
  2. /home/mdugre/scratch/mri-registration-rp/datasets/ds004513/derivatives/mri-registration-rp/1111/antsRegistration-r8-p23/sub-s032/align_Composite.h5[1] (type = Euler3DTransform)
=============================================================================
  number of levels = 4
  fixed image: /templateflow/tpl-MNI152NLin2009cAsym/tpl-MNI152NLin2009cAsym_res-01_desc-brain_T1w.nii.gz
  moving image: /home/mdugre/scratch/mri-registration-rp/datasets/ds004513/derivatives/mri-registration-rp/antsBrainExtraction/sub-s032/BrainExtractionBrain.nii.gz
Dimension = 3
Number of stages = 1
Use histogram matching = false
Winsorize image intensities = true
  Lower quantile = 0.005
  Upper quantile = 0.995


Stage 1 State
   Image metric = MattesMI
     Fixed image = Image (0x43141e0)
  RTTI typeinfo:   itk::Image<double, 3u>
  Reference Count: 2
  Modified Time: 1578
  Debug: Off
  Object Name: 
  Observers: 
    none
  Source: (none)
  Source output name: (none)
  Release Data: Off
  Data Released: False
  Global Release Data: Off
  PipelineMTime: 0
  UpdateMTime: 1189
  RealTimeStamp: 0 seconds 
  LargestPossibleRegion: 
    Dimension: 3
    Index: [0, 0, 0]
    Size: [193, 229, 193]
  BufferedRegion: 
    Dimension: 3
    Index: [0, 0, 0]
    Size: [193, 229, 193]
  RequestedRegion: 
    Dimension: 3
    Index: [0, 0, 0]
    Size: [193, 229, 193]
  Spacing: [1, 1, 1]
  Origin: [96, 132, -78]
  Direction: 
-1 0 0
0 -1 0
0 0 1

  IndexToPointMatrix: 
-1 0 0
0 -1 0
0 0 1

  PointToIndexMatrix: 
-1 0 0
0 -1 0
0 0 1

  Inverse Direction: 
-1 0 0
0 -1 0
0 0 1

  PixelContainer: 
    ImportImageContainer (0x43d3640)
      RTTI typeinfo:   itk::ImportImageContainer<unsigned long, double>
      Reference Count: 1
      Modified Time: 1186
      Debug: Off
      Object Name: 
      Observers: 
        none
      Pointer: 0x14d57bcfa010
      Container manages memory: true
      Size: 8530021
      Capacity: 8530021

     Moving image = Image (0x43cfc90)
  RTTI typeinfo:   itk::Image<double, 3u>
  Reference Count: 2
  Modified Time: 1579
  Debug: Off
  Object Name: 
  Observers: 
    none
  Source: (none)
  Source output name: (none)
  Release Data: Off
  Data Released: False
  Global Release Data: Off
  PipelineMTime: 0
  UpdateMTime: 1576
  RealTimeStamp: 0 seconds 
  LargestPossibleRegion: 
    Dimension: 3
    Index: [0, 0, 0]
    Size: [160, 240, 256]
  BufferedRegion: 
    Dimension: 3
    Index: [0, 0, 0]
    Size: [160, 240, 256]
  RequestedRegion: 
    Dimension: 3
    Index: [0, 0, 0]
    Size: [160, 240, 256]
  Spacing: [1, 1, 1]
  Origin: [73.279, 104.707, -131.187]
  Direction: 
-0.997527 0.0645574 -0.0278053
-0.0645323 -0.997914 -0.00179875
-0.0278634 4.01097e-08 0.999612

  IndexToPointMatrix: 
-0.997527 0.0645574 -0.0278053
-0.0645323 -0.997914 -0.00179875
-0.0278634 4.01097e-08 0.999612

  PointToIndexMatrix: 
-0.997527 -0.0645323 -0.0278634
0.0645574 -0.997914 9.8953e-10
-0.0278053 -0.00179879 0.999612

  Inverse Direction: 
-0.997527 -0.0645323 -0.0278634
0.0645574 -0.997914 9.8953e-10
-0.0278053 -0.00179879 0.999612

  PixelContainer: 
    ImportImageContainer (0x4440d90)
      RTTI typeinfo:   itk::ImportImageContainer<unsigned long, double>
      Reference Count: 1
      Modified Time: 1573
      Debug: Off
      Object Name: 
      Observers: 
        none
      Pointer: 0x14d5771f9010
      Container manages memory: true
      Size: 9830400
      Capacity: 9830400

     Weighting = 1
     Sampling strategy = regular
     Number of bins = 32
     Radius = 4
     Sampling percentage  = 0.25
   Transform = Rigid
     Gradient step = 0.1
     Update field sigma (voxel space) = 0
     Total field sigma (voxel space) = 0
     Update field time sigma = 0
     Total field time sigma  = 0
     Number of time indices = 0
     Number of time point samples = 0
Registration using 1 total stages.

Stage 0
  iterations = 1000x500x250x100
  convergence threshold = 1e-06
  convergence window size = 10
  number of levels = 4
  using the Mattes MI metric (number of bins = 32, weight = 1, use gradient filter = 0)
  preprocessing:  winsorizing the image intensities
  Shrink factors (level 1 out of 4): [8, 8, 8]
  Shrink factors (level 2 out of 4): [4, 4, 4]
  Shrink factors (level 3 out of 4): [2, 2, 2]
  Shrink factors (level 4 out of 4): [1, 1, 1]
  smoothing sigmas per level: [3, 2, 1, 0]
  regular sampling (percentage = 0.25)

*** Running Euler3DTransform registration ***

DIAGNOSTIC,Iteration,metricValue,convergenceValue,ITERATION_TIME_INDEX,SINCE_LAST
 2DIAGNOSTIC,     1, -5.480676814973e-01, 1.797693134862e+308, 0.0000e+00, 0.0000e+00, 
 2DIAGNOSTIC,     2, -5.506266455231e-01, 1.797693134862e+308, 0.0000e+00, 0.0000e+00, 
 2DIAGNOSTIC,     3, -5.545862977219e-01, 1.797693134862e+308, 0.0000e+00, 0.0000e+00, 
 2DIAGNOSTIC,     4, -5.606306372054e-01, 1.797693134862e+308, 0.0000e+00, 0.0000e+00, 
 2DIAGNOSTIC,     5, -5.693719353255e-01, 1.797693134862e+308, 0.0000e+00, 0.0000e+00, 
 2DIAGNOSTIC,     6, -5.854949028063e-01, 1.797693134862e+308, 0.0000e+00, 0.0000e+00, 
 2DIAGNOSTIC,     7, -6.234044321638e-01, 1.797693134862e+308, 0.0000e+00, 0.0000e+00, 
 2DIAGNOSTIC,     8, -6.298586882514e-01, 1.797693134862e+308, 0.0000e+00, 0.0000e+00, 
 2DIAGNOSTIC,     9, -6.365269316144e-01, 1.797693134862e+308, 0.0000e+00, 0.0000e+00, 
 2DIAGNOSTIC,    10, -6.371318094762e-01, 1.200295894026e-02, 0.0000e+00, 0.0000e+00, 
 2DIAGNOSTIC,    11, -6.396058107776e-01, 1.082642897083e-02, 0.0000e+00, 0.0000e+00, 
 2DIAGNOSTIC,    12, -6.427570035990e-01, 9.094680015976e-03, 0.0000e+00, 0.0000e+00, 
 2DIAGNOSTIC,    13, -6.436128044677e-01, 7.000779803069e-03, 0.0000e+00, 0.0000e+00, 
 2DIAGNOSTIC,    14, -6.449400019261e-01, 4.855528959513e-03, 0.0000e+00, 0.0000e+00, 
 2DIAGNOSTIC,    15, -6.494260706620e-01, 2.986446992224e-03, 0.0000e+00, 0.0000e+00, 
 2DIAGNOSTIC,    16, -6.508320904007e-01, 1.572701598275e-03, 0.0000e+00, 0.0000e+00, 
 2DIAGNOSTIC,    17, -6.509447080129e-01, 1.225445643103e-03, 0.0000e+00, 0.0000e+00, 
 2DIAGNOSTIC,    18, -6.512141548550e-01, 9.767562099828e-04, 0.0000e+00, 0.0000e+00, 
 2DIAGNOSTIC,    19, -6.515997691648e-01, 8.375873842502e-04, 0.0000e+00, 0.0000e+00, 
 2DIAGNOSTIC,    20, -6.519220623188e-01, 6.543614577733e-04, 0.0000e+00, 0.0000e+00, 
 2DIAGNOSTIC,    21, -6.525135905758e-01, 4.935280781935e-04, 0.0000e+00, 0.0000e+00, 
 2DIAGNOSTIC,    22, -6.529707353062e-01, 3.782151472879e-04, 0.0000e+00, 0.0000e+00, 
 2DIAGNOSTIC,    23, -6.534236365533e-01, 2.648192376179e-04, 0.0000e+00, 0.0000e+00, 
 2DIAGNOSTIC,    24, -6.539520067143e-01, 1.696537825160e-04, 0.0000e+00, 0.0000e+00, 
 2DIAGNOSTIC,    25, -6.549846872550e-01, 1.661212783340e-04, 0.0000e+00, 0.0000e+00, 
 2DIAGNOSTIC,    26, -6.561158624684e-01, 1.912486483498e-04, 0.0000e+00, 0.0000e+00, 
 2DIAGNOSTIC,    27, -6.564302389222e-01, 2.033747280813e-04, 0.0000e+00, 0.0000e+00, 
 2DIAGNOSTIC,    28, -6.568068540616e-01, 2.061868521115e-04, 0.0000e+00, 0.0000e+00, 
 2DIAGNOSTIC,    29, -6.567663514474e-01, 1.948712690188e-04, 0.0000e+00, 0.0000e+00, 
 2DIAGNOSTIC,    30, -6.575489984125e-01, 1.823824177910e-04, 0.0000e+00, 0.0000e+00, 
 2DIAGNOSTIC,    31, -6.577482913131e-01, 1.644930922928e-04, 0.0000e+00, 0.0000e+00, 
 2DIAGNOSTIC,    32, -6.579548785081e-01, 1.416518405405e-04, 0.0000e+00, 0.0000e+00, 
 2DIAGNOSTIC,    33, -6.580825951055e-01, 1.150625885630e-04, 0.0000e+00, 0.0000e+00, 
 2DIAGNOSTIC,    34, -6.581075633313e-01, 8.641191966637e-05, 0.0000e+00, 0.0000e+00, 
 2DIAGNOSTIC,    35, -6.582648702798e-01, 6.616248124664e-05, 0.0000e+00, 0.0000e+00, 
 2DIAGNOSTIC,    36, -6.583474198340e-01, 5.578589540175e-05, 0.0000e+00, 0.0000e+00, 
 2DIAGNOSTIC,    37, -6.584999644356e-01, 4.637227755561e-05, 0.0000e+00, 0.0000e+00, 
 2DIAGNOSTIC,    38, -6.587651990402e-01, 4.080187158773e-05, 0.0000e+00, 0.0000e+00, 
 2DIAGNOSTIC,    39, -6.589025286561e-01, 3.257312283092e-05, 0.0000e+00, 0.0000e+00, 
 2DIAGNOSTIC,    40, -6.597849980174e-01, 4.026994641278e-05, 0.0000e+00, 0.0000e+00, 
 2DIAGNOSTIC,    41, -6.597408750225e-01, 4.522255077910e-05, 0.0000e+00, 0.0000e+00, 
 2DIAGNOSTIC,    42, -6.597432386251e-01, 4.800706345017e-05, 0.0000e+00, 0.0000e+00, 
 2DIAGNOSTIC,    43, -6.597433200510e-01, 4.758195688781e-05, 0.0000e+00, 0.0000e+00, 
 2DIAGNOSTIC,    44, -6.597432044262e-01, 4.287108405307e-05, 0.0000e+00, 0.0000e+00, 
 2DIAGNOSTIC,    45, -6.597431941383e-01, 3.578933756814e-05, 0.0000e+00, 0.0000e+00, 
 2DIAGNOSTIC,    46, -6.597432554979e-01, 2.645412541620e-05, 0.0000e+00, 0.0000e+00, 
 2DIAGNOSTIC,    47, -6.597432260544e-01, 1.658456528608e-05, 0.0000e+00, 0.0000e+00, 
 2DIAGNOSTIC,    48, -6.597432185936e-01, 8.120868312960e-06, 0.0000e+00, 0.0000e+00, 
DIAGNOSTIC,Iteration,metricValue,convergenceValue,ITERATION_TIME_INDEX,SINCE_LAST
 2DIAGNOSTIC,     1, -5.171102048942e-01, 1.797693134862e+308, 0.0000e+00, 0.0000e+00, 
 2DIAGNOSTIC,     2, -5.178546345503e-01, 1.797693134862e+308, 0.0000e+00, 0.0000e+00, 
 2DIAGNOSTIC,     3, -5.189068636965e-01, 1.797693134862e+308, 0.0000e+00, 0.0000e+00, 
 2DIAGNOSTIC,     4, -5.196157537307e-01, 1.797693134862e+308, 0.0000e+00, 0.0000e+00, 
 2DIAGNOSTIC,     5, -5.201063434856e-01, 1.797693134862e+308, 0.0000e+00, 0.0000e+00, 
 2DIAGNOSTIC,     6, -5.206908096278e-01, 1.797693134862e+308, 0.0000e+00, 0.0000e+00, 
 2DIAGNOSTIC,     7, -5.219054653503e-01, 1.797693134862e+308, 0.0000e+00, 0.0000e+00, 
 2DIAGNOSTIC,     8, -5.242723962521e-01, 1.797693134862e+308, 0.0000e+00, 0.0000e+00, 
 2DIAGNOSTIC,     9, -5.255166743744e-01, 1.797693134862e+308, 0.0000e+00, 0.0000e+00, 
 2DIAGNOSTIC,    10, -5.259981563307e-01, 1.121831290375e-03, 0.0000e+00, 0.0000e+00, 
 2DIAGNOSTIC,    11, -5.279455672987e-01, 1.120664590420e-03, 0.0000e+00, 0.0000e+00, 
 2DIAGNOSTIC,    12, -5.285630268275e-01, 1.077823510553e-03, 0.0000e+00, 0.0000e+00, 
 2DIAGNOSTIC,    13, -5.287131908149e-01, 9.932224179682e-04, 0.0000e+00, 0.0000e+00, 
 2DIAGNOSTIC,    14, -5.286850706030e-01, 8.579498781923e-04, 0.0000e+00, 0.0000e+00, 
 2DIAGNOSTIC,    15, -5.288123591545e-01, 6.862214011733e-04, 0.0000e+00, 0.0000e+00, 
 2DIAGNOSTIC,    16, -5.289325425428e-01, 4.965148907596e-04, 0.0000e+00, 0.0000e+00, 
 2DIAGNOSTIC,    17, -5.289420795555e-01, 3.207683236564e-04, 0.0000e+00, 0.0000e+00, 
 2DIAGNOSTIC,    18, -5.290059021916e-01, 2.084506673492e-04, 0.0000e+00, 0.0000e+00, 
 2DIAGNOSTIC,    19, -5.290321926064e-01, 1.256793582831e-04, 0.0000e+00, 0.0000e+00, 
 2DIAGNOSTIC,    20, -5.290666607057e-01, 5.239082560120e-05, 0.0000e+00, 0.0000e+00, 
 2DIAGNOSTIC,    21, -5.291124818696e-01, 3.229223155661e-05, 0.0000e+00, 0.0000e+00, 
 2DIAGNOSTIC,    22, -5.292041194050e-01, 2.850302872875e-05, 0.0000e+00, 0.0000e+00, 
 2DIAGNOSTIC,    23, -5.294035240787e-01, 3.077192732993e-05, 0.0000e+00, 0.0000e+00, 
 2DIAGNOSTIC,    24, -5.297010604801e-01, 3.601392795928e-05, 0.0000e+00, 0.0000e+00, 
 2DIAGNOSTIC,    25, -5.297598742575e-01, 4.143331381247e-05, 0.0000e+00, 0.0000e+00, 
 2DIAGNOSTIC,    26, -5.298985189253e-01, 4.813590203624e-05, 0.0000e+00, 0.0000e+00, 
 2DIAGNOSTIC,    27, -5.303250337371e-01, 5.860643704423e-05, 0.0000e+00, 0.0000e+00, 
 2DIAGNOSTIC,    28, -5.316504508610e-01, 8.942154853721e-05, 0.0000e+00, 0.0000e+00, 
 2DIAGNOSTIC,    29, -5.317345810928e-01, 1.111517548387e-04, 0.0000e+00, 0.0000e+00, 
 2DIAGNOSTIC,    30, -5.317402603321e-01, 1.221159022421e-04, 0.0000e+00, 0.0000e+00, 
 2DIAGNOSTIC,    31, -5.317427147000e-01, 1.221502132202e-04, 0.0000e+00, 0.0000e+00, 
 2DIAGNOSTIC,    32, -5.317432996966e-01, 1.120522418849e-04, 0.0000e+00, 0.0000e+00, 
 2DIAGNOSTIC,    33, -5.317421322140e-01, 9.479403153514e-05, 0.0000e+00, 0.0000e+00, 
 2DIAGNOSTIC,    34, -5.317325930655e-01, 7.422929029195e-05, 0.0000e+00, 0.0000e+00, 
 2DIAGNOSTIC,    35, -5.317151411624e-01, 4.887247335204e-05, 0.0000e+00, 0.0000e+00, 
 2DIAGNOSTIC,    36, -5.317069782307e-01, 2.240961991699e-05, 0.0000e+00, 0.0000e+00, 
 2DIAGNOSTIC,    37, -5.317089175269e-01, 1.038050993010e-06, 0.0000e+00, 0.0000e+00, 
DIAGNOSTIC,Iteration,metricValue,convergenceValue,ITERATION_TIME_INDEX,SINCE_LAST
 2DIAGNOSTIC,     1, -4.687317027487e-01, 1.797693134862e+308, 0.0000e+00, 0.0000e+00, 
 2DIAGNOSTIC,     2, -4.690831217422e-01, 1.797693134862e+308, 0.0000e+00, 0.0000e+00, 
 2DIAGNOSTIC,     3, -4.696217203360e-01, 1.797693134862e+308, 0.0000e+00, 0.0000e+00, 
 2DIAGNOSTIC,     4, -4.703601509134e-01, 1.797693134862e+308, 0.0000e+00, 0.0000e+00, 
 2DIAGNOSTIC,     5, -4.710864465492e-01, 1.797693134862e+308, 0.0000e+00, 0.0000e+00, 
 2DIAGNOSTIC,     6, -4.715398627059e-01, 1.797693134862e+308, 0.0000e+00, 0.0000e+00, 
 2DIAGNOSTIC,     7, -4.718108607256e-01, 1.797693134862e+308, 0.0000e+00, 0.0000e+00, 
 2DIAGNOSTIC,     8, -4.731497400352e-01, 1.797693134862e+308, 0.0000e+00, 0.0000e+00, 
 2DIAGNOSTIC,     9, -4.782989788164e-01, 1.797693134862e+308, 0.0000e+00, 0.0000e+00, 
 2DIAGNOSTIC,    10, -4.948637867497e-01, 2.247034371529e-03, 0.0000e+00, 0.0000e+00, 
 2DIAGNOSTIC,    11, -4.979857449455e-01, 3.125561603100e-03, 0.0000e+00, 0.0000e+00, 
 2DIAGNOSTIC,    12, -4.986899156865e-01, 3.633786656160e-03, 0.0000e+00, 0.0000e+00, 
 2DIAGNOSTIC,    13, -5.003244191735e-01, 3.842919192023e-03, 0.0000e+00, 0.0000e+00, 
 2DIAGNOSTIC,    14, -5.012508874751e-01, 3.736531893018e-03, 0.0000e+00, 0.0000e+00, 
 2DIAGNOSTIC,    15, -5.014873029553e-01, 3.331076063098e-03, 0.0000e+00, 0.0000e+00, 
 2DIAGNOSTIC,    16, -5.015108146222e-01, 2.691363074448e-03, 0.0000e+00, 0.0000e+00, 
 2DIAGNOSTIC,    17, -5.015129841533e-01, 1.901583984348e-03, 0.0000e+00, 0.0000e+00, 
 2DIAGNOSTIC,    18, -5.015107510078e-01, 1.073093460085e-03, 0.0000e+00, 0.0000e+00, 
 2DIAGNOSTIC,    19, -5.015105360354e-01, 3.799187870243e-04, 0.0000e+00, 0.0000e+00, 
 2DIAGNOSTIC,    20, -5.015102418806e-01, 2.042469686405e-04, 0.0000e+00, 0.0000e+00, 
 2DIAGNOSTIC,    21, -5.015097310780e-01, 1.138639681843e-04, 0.0000e+00, 0.0000e+00, 
 2DIAGNOSTIC,    22, -5.015076712273e-01, 3.916163327285e-05, 0.0000e+00, 0.0000e+00, 
 2DIAGNOSTIC,    23, -5.015079704842e-01, 8.309526663496e-06, 0.0000e+00, 0.0000e+00, 
 2DIAGNOSTIC,    24, -5.015074980391e-01, 1.682878459232e-06, 0.0000e+00, 0.0000e+00, 
 2DIAGNOSTIC,    25, -5.015097959201e-01, 1.088878972509e-06, 0.0000e+00, 0.0000e+00, 
 2DIAGNOSTIC,    26, -5.015108892072e-01, 1.106710601592e-06, 0.0000e+00, 0.0000e+00, 
 2DIAGNOSTIC,    27, -5.015102282287e-01, 1.170825447504e-06, 0.0000e+00, 0.0000e+00, 
 2DIAGNOSTIC,    28, -5.015094505201e-01, 1.172551155525e-06, 0.0000e+00, 0.0000e+00, 
 2DIAGNOSTIC,    29, -5.015094327992e-01, 1.168269883951e-06, 0.0000e+00, 0.0000e+00, 
 2DIAGNOSTIC,    30, -5.015086317766e-01, 1.137244498441e-06, 0.0000e+00, 0.0000e+00, 
 2DIAGNOSTIC,    31, -5.015086435467e-01, 1.094373911811e-06, 0.0000e+00, 0.0000e+00, 
 2DIAGNOSTIC,    32, -5.015086509141e-01, 1.012986444726e-06, 0.0000e+00, 0.0000e+00, 
DIAGNOSTIC,Iteration,metricValue,convergenceValue,ITERATION_TIME_INDEX,SINCE_LAST
 2DIAGNOSTIC,     1, -4.659488091243e-01, 1.797693134862e+308, 0.0000e+00, 0.0000e+00, 
 2DIAGNOSTIC,     2, -4.660074975523e-01, 1.797693134862e+308, 0.0000e+00, 0.0000e+00, 
 2DIAGNOSTIC,     3, -4.660993522187e-01, 1.797693134862e+308, 0.0000e+00, 0.0000e+00, 
 2DIAGNOSTIC,     4, -4.662233974180e-01, 1.797693134862e+308, 0.0000e+00, 0.0000e+00, 
 2DIAGNOSTIC,     5, -4.663374424860e-01, 1.797693134862e+308, 0.0000e+00, 0.0000e+00, 
 2DIAGNOSTIC,     6, -4.664442908579e-01, 1.797693134862e+308, 0.0000e+00, 0.0000e+00, 
 2DIAGNOSTIC,     7, -4.664641910217e-01, 1.797693134862e+308, 0.0000e+00, 0.0000e+00, 
 2DIAGNOSTIC,     8, -4.665100245086e-01, 1.797693134862e+308, 1.2800e+02, 1.2800e+02, 
 2DIAGNOSTIC,     9, -4.665898903323e-01, 1.797693134862e+308, 1.2800e+02, 0.0000e+00, 
 2DIAGNOSTIC,    10, -4.666685746867e-01, 1.035565731288e-04, 1.2800e+02, 0.0000e+00, 
 2DIAGNOSTIC,    11, -4.667153459019e-01, 8.855930661733e-05, 1.2800e+02, 0.0000e+00, 
 2DIAGNOSTIC,    12, -4.667203690675e-01, 7.165468859553e-05, 1.2800e+02, 0.0000e+00, 
 2DIAGNOSTIC,    13, -4.667385957093e-01, 5.628745514201e-05, 1.2800e+02, 0.0000e+00, 
 2DIAGNOSTIC,    14, -4.667985585436e-01, 4.609694805710e-05, 1.2800e+02, 0.0000e+00, 
 2DIAGNOSTIC,    15, -4.668229743750e-01, 3.867439093032e-05, 1.2800e+02, 0.0000e+00, 
 2DIAGNOSTIC,    16, -4.668243293718e-01, 3.296782542070e-05, 1.2800e+02, 0.0000e+00, 
 2DIAGNOSTIC,    17, -4.668226976659e-01, 2.580172959485e-05, 1.2800e+02, 0.0000e+00, 
 2DIAGNOSTIC,    18, -4.668218311320e-01, 1.872102881630e-05, 1.2800e+02, 0.0000e+00, 
 2DIAGNOSTIC,    19, -4.668216577310e-01, 1.328196300186e-05, 1.2800e+02, 0.0000e+00, 
 2DIAGNOSTIC,    20, -4.668216450582e-01, 9.654277627398e-06, 1.2800e+02, 0.0000e+00, 
 2DIAGNOSTIC,    21, -4.668215659136e-01, 7.002525532707e-06, 1.2800e+02, 0.0000e+00, 
 2DIAGNOSTIC,    22, -4.668215627765e-01, 4.235921791163e-06, 1.2800e+02, 0.0000e+00, 
 2DIAGNOSTIC,    23, -4.668215639819e-01, 1.895153777486e-06, 1.2800e+02, 0.0000e+00, 
 2DIAGNOSTIC,    24, -4.668215605219e-01, 1.205421275623e-06, 1.2800e+02, 0.0000e+00, 
 2DIAGNOSTIC,    25, -4.668215584836e-01, 1.175288177030e-06, 1.2800e+02, 0.0000e+00, 
 2DIAGNOSTIC,    26, -4.668215587032e-01, 1.189227324151e-06, 2.5600e+02, 1.2800e+02, 
 2DIAGNOSTIC,    27, -4.668215587253e-01, 1.169114143877e-06, 2.5600e+02, 0.0000e+00, 
 2DIAGNOSTIC,    28, -4.668215581538e-01, 1.132550806839e-06, 2.5600e+02, 0.0000e+00, 
 2DIAGNOSTIC,    29, -4.668215576001e-01, 1.095220078108e-06, 2.5600e+02, 0.0000e+00, 
 2DIAGNOSTIC,    30, -4.668215570754e-01, 1.060356257868e-06, 2.5600e+02, 0.0000e+00, 
 2DIAGNOSTIC,    31, -4.668215501952e-01, 1.026088536027e-06, 2.5600e+02, 0.0000e+00, 
  Elapsed time (stage 0): 2.5600e+02


Total elapsed time: 2.5600e+02
Info [verificarlo]: loaded backend libinterflop_vprec.so
Info [interflop-vprec]: load backend with: 
Info [interflop-vprec]: precision-binary32 = 23
Info [interflop-vprec]: range-binary32 = 8
Info [interflop-vprec]: precision-binary64 = 23
Info [interflop-vprec]: range-binary64 = 8
Info [interflop-vprec]: mode = ob
Info [interflop-vprec]: error-mode = rel
Info [interflop-vprec]: max-abs-error-exponent = -1022
Info [interflop-vprec]: daz = false
Info [interflop-vprec]: ftz = false
Info [interflop-vprec]: 	instrument = none
Info [interflop-vprec]: 	prec-input-file = (null)
Info [interflop-vprec]: 	prec-output-file = (null)
Info [interflop-vprec]: 	prec-log-file = (null)
All_Command_lines_OK
Using double precision for computations.
=============================================================================
The composite transform comprises the following transforms (in order): 
  1. /home/mdugre/scratch/mri-registration-rp/datasets/ds004513/derivatives/mri-registration-rp/1111/antsRegistration-r8-p23/sub-s032/rigid_Composite.h5[0] (type = Euler3DTransform)
  2. /home/mdugre/scratch/mri-registration-rp/datasets/ds004513/derivatives/mri-registration-rp/1111/antsRegistration-r8-p23/sub-s032/rigid_Composite.h5[1] (type = Euler3DTransform)
  3. /home/mdugre/scratch/mri-registration-rp/datasets/ds004513/derivatives/mri-registration-rp/1111/antsRegistration-r8-p23/sub-s032/rigid_Composite.h5[2] (type = Euler3DTransform)
=============================================================================
  number of levels = 4
  fixed image: /templateflow/tpl-MNI152NLin2009cAsym/tpl-MNI152NLin2009cAsym_res-01_desc-brain_T1w.nii.gz
  moving image: /home/mdugre/scratch/mri-registration-rp/datasets/ds004513/derivatives/mri-registration-rp/antsBrainExtraction/sub-s032/BrainExtractionBrain.nii.gz
Dimension = 3
Number of stages = 1
Use histogram matching = false
Winsorize image intensities = true
  Lower quantile = 0.005
  Upper quantile = 0.995


Stage 1 State
   Image metric = MattesMI
     Fixed image = Image (0x44d2490)
  RTTI typeinfo:   itk::Image<double, 3u>
  Reference Count: 2
  Modified Time: 1592
  Debug: Off
  Object Name: 
  Observers: 
    none
  Source: (none)
  Source output name: (none)
  Release Data: Off
  Data Released: False
  Global Release Data: Off
  PipelineMTime: 0
  UpdateMTime: 1203
  RealTimeStamp: 0 seconds 
  LargestPossibleRegion: 
    Dimension: 3
    Index: [0, 0, 0]
    Size: [193, 229, 193]
  BufferedRegion: 
    Dimension: 3
    Index: [0, 0, 0]
    Size: [193, 229, 193]
  RequestedRegion: 
    Dimension: 3
    Index: [0, 0, 0]
    Size: [193, 229, 193]
  Spacing: [1, 1, 1]
  Origin: [96, 132, -78]
  Direction: 
-1 0 0
0 -1 0
0 0 1

  IndexToPointMatrix: 
-1 0 0
0 -1 0
0 0 1

  PointToIndexMatrix: 
-1 0 0
0 -1 0
0 0 1

  Inverse Direction: 
-1 0 0
0 -1 0
0 0 1

  PixelContainer: 
    ImportImageContainer (0x459f8d0)
      RTTI typeinfo:   itk::ImportImageContainer<unsigned long, double>
      Reference Count: 1
      Modified Time: 1200
      Debug: Off
      Object Name: 
      Observers: 
        none
      Pointer: 0x1523f31e8010
      Container manages memory: true
      Size: 8530021
      Capacity: 8530021

     Moving image = Image (0x459ee80)
  RTTI typeinfo:   itk::Image<double, 3u>
  Reference Count: 2
  Modified Time: 1593
  Debug: Off
  Object Name: 
  Observers: 
    none
  Source: (none)
  Source output name: (none)
  Release Data: Off
  Data Released: False
  Global Release Data: Off
  PipelineMTime: 0
  UpdateMTime: 1590
  RealTimeStamp: 0 seconds 
  LargestPossibleRegion: 
    Dimension: 3
    Index: [0, 0, 0]
    Size: [160, 240, 256]
  BufferedRegion: 
    Dimension: 3
    Index: [0, 0, 0]
    Size: [160, 240, 256]
  RequestedRegion: 
    Dimension: 3
    Index: [0, 0, 0]
    Size: [160, 240, 256]
  Spacing: [1, 1, 1]
  Origin: [73.279, 104.707, -131.187]
  Direction: 
-0.997527 0.0645574 -0.0278053
-0.0645323 -0.997914 -0.00179875
-0.0278634 4.01097e-08 0.999612

  IndexToPointMatrix: 
-0.997527 0.0645574 -0.0278053
-0.0645323 -0.997914 -0.00179875
-0.0278634 4.01097e-08 0.999612

  PointToIndexMatrix: 
-0.997527 -0.0645323 -0.0278634
0.0645574 -0.997914 9.8953e-10
-0.0278053 -0.00179879 0.999612

  Inverse Direction: 
-0.997527 -0.0645323 -0.0278634
0.0645574 -0.997914 9.8953e-10
-0.0278053 -0.00179879 0.999612

  PixelContainer: 
    ImportImageContainer (0x44e3ec0)
      RTTI typeinfo:   itk::ImportImageContainer<unsigned long, double>
      Reference Count: 1
      Modified Time: 1587
      Debug: Off
      Object Name: 
      Observers: 
        none
      Pointer: 0x1523ee6e7010
      Container manages memory: true
      Size: 9830400
      Capacity: 9830400

     Weighting = 1
     Sampling strategy = regular
     Number of bins = 32
     Radius = 4
     Sampling percentage  = 0.25
   Transform = Affine
     Gradient step = 0.1
     Update field sigma (voxel space) = 0
     Total field sigma (voxel space) = 0
     Update field time sigma = 0
     Total field time sigma  = 0
     Number of time indices = 0
     Number of time point samples = 0
Registration using 1 total stages.

Stage 0
  iterations = 1000x500x250x100
  convergence threshold = 1e-06
  convergence window size = 10
  number of levels = 4
  using the Mattes MI metric (number of bins = 32, weight = 1, use gradient filter = 0)
  preprocessing:  winsorizing the image intensities
  Shrink factors (level 1 out of 4): [8, 8, 8]
  Shrink factors (level 2 out of 4): [4, 4, 4]
  Shrink factors (level 3 out of 4): [2, 2, 2]
  Shrink factors (level 4 out of 4): [1, 1, 1]
  smoothing sigmas per level: [3, 2, 1, 0]
  regular sampling (percentage = 0.25)

*** Running AffineTransform registration ***

DIAGNOSTIC,Iteration,metricValue,convergenceValue,ITERATION_TIME_INDEX,SINCE_LAST
 2DIAGNOSTIC,     1, -6.841474094994e-01, 1.797693134862e+308, 0.0000e+00, 0.0000e+00, 
 2DIAGNOSTIC,     2, -6.858358947239e-01, 1.797693134862e+308, 0.0000e+00, 0.0000e+00, 
 2DIAGNOSTIC,     3, -6.891991221709e-01, 1.797693134862e+308, 0.0000e+00, 0.0000e+00, 
 2DIAGNOSTIC,     4, -7.007042274108e-01, 1.797693134862e+308, 0.0000e+00, 0.0000e+00, 
 2DIAGNOSTIC,     5, -7.114900373666e-01, 1.797693134862e+308, 0.0000e+00, 0.0000e+00, 
 2DIAGNOSTIC,     6, -7.139351714409e-01, 1.797693134862e+308, 0.0000e+00, 0.0000e+00, 
 2DIAGNOSTIC,     7, -7.179540742096e-01, 1.797693134862e+308, 0.0000e+00, 0.0000e+00, 
 2DIAGNOSTIC,     8, -7.233920574733e-01, 1.797693134862e+308, 0.0000e+00, 0.0000e+00, 
 2DIAGNOSTIC,     9, -7.263651947009e-01, 1.797693134862e+308, 0.0000e+00, 0.0000e+00, 
 2DIAGNOSTIC,    10, -7.286257079640e-01, 4.512162599638e-03, 0.0000e+00, 0.0000e+00, 
 2DIAGNOSTIC,    11, -7.320247016498e-01, 3.817371918470e-03, 0.0000e+00, 0.0000e+00, 
 2DIAGNOSTIC,    12, -7.352850808083e-01, 3.067179214666e-03, 0.0000e+00, 0.0000e+00, 
 2DIAGNOSTIC,    13, -7.355977020380e-01, 2.263265521799e-03, 0.0000e+00, 0.0000e+00, 
 2DIAGNOSTIC,    14, -7.360890125027e-01, 1.706773261782e-03, 0.0000e+00, 0.0000e+00, 
 2DIAGNOSTIC,    15, -7.364320073058e-01, 1.366391321017e-03, 0.0000e+00, 0.0000e+00, 
 2DIAGNOSTIC,    16, -7.368455081559e-01, 1.013457426282e-03, 0.0000e+00, 0.0000e+00, 
 2DIAGNOSTIC,    17, -7.369438124364e-01, 7.022147862256e-04, 0.0000e+00, 0.0000e+00, 
 2DIAGNOSTIC,    18, -7.371339561839e-01, 4.847710778484e-04, 0.0000e+00, 0.0000e+00, 
 2DIAGNOSTIC,    19, -7.378760667077e-01, 3.234812889804e-04, 0.0000e+00, 0.0000e+00, 
 2DIAGNOSTIC,    20, -7.379635535848e-01, 1.934391071055e-04, 0.0000e+00, 0.0000e+00, 
 2DIAGNOSTIC,    21, -7.385609563659e-01, 1.314845309039e-04, 0.0000e+00, 0.0000e+00, 
 2DIAGNOSTIC,    22, -7.393479994954e-01, 1.353074904102e-04, 0.0000e+00, 0.0000e+00, 
 2DIAGNOSTIC,    23, -7.394417789056e-01, 1.328126432604e-04, 0.0000e+00, 0.0000e+00, 
 2DIAGNOSTIC,    24, -7.395907692156e-01, 1.286755266808e-04, 0.0000e+00, 0.0000e+00, 
 2DIAGNOSTIC,    25, -7.395951064898e-01, 1.183021838272e-04, 0.0000e+00, 0.0000e+00, 
 2DIAGNOSTIC,    26, -7.396786175432e-01, 1.052474441518e-04, 0.0000e+00, 0.0000e+00, 
 2DIAGNOSTIC,    27, -7.397974160417e-01, 8.637471941275e-05, 0.0000e+00, 0.0000e+00, 
 2DIAGNOSTIC,    28, -7.400652518806e-01, 6.698693866580e-05, 0.0000e+00, 0.0000e+00, 
 2DIAGNOSTIC,    29, -7.403251862851e-01, 5.637393635849e-05, 0.0000e+00, 0.0000e+00, 
 2DIAGNOSTIC,    30, -7.406978639596e-01, 4.712418356072e-05, 0.0000e+00, 0.0000e+00, 
 2DIAGNOSTIC,    31, -7.407091927706e-01, 4.148375629639e-05, 0.0000e+00, 0.0000e+00, 
 2DIAGNOSTIC,    32, -7.406734252798e-01, 4.157860942567e-05, 0.0000e+00, 0.0000e+00, 
 2DIAGNOSTIC,    33, -7.407119236292e-01, 3.936529587355e-05, 0.0000e+00, 0.0000e+00, 
 2DIAGNOSTIC,    34, -7.411903739152e-01, 4.076899587560e-05, 0.0000e+00, 0.0000e+00, 
 2DIAGNOSTIC,    35, -7.413435463576e-01, 3.986452630175e-05, 0.0000e+00, 0.0000e+00, 
 2DIAGNOSTIC,    36, -7.413744248449e-01, 3.659599687242e-05, 0.0000e+00, 0.0000e+00, 
 2DIAGNOSTIC,    37, -7.413975312777e-01, 3.171536720792e-05, 0.0000e+00, 0.0000e+00, 
 2DIAGNOSTIC,    38, -7.414386764557e-01, 2.729166401911e-05, 0.0000e+00, 0.0000e+00, 
 2DIAGNOSTIC,    39, -7.413800499409e-01, 2.238304845291e-05, 0.0000e+00, 0.0000e+00, 
 2DIAGNOSTIC,    40, -7.413579314018e-01, 1.905396480071e-05, 0.0000e+00, 0.0000e+00, 
 2DIAGNOSTIC,    41, -7.412455288408e-01, 1.327352490923e-05, 0.0000e+00, 0.0000e+00, 
 2DIAGNOSTIC,    42, -7.413166299531e-01, 6.985155834097e-06, 0.0000e+00, 0.0000e+00, 
 2DIAGNOSTIC,    43, -7.417110766410e-01, 4.166530106445e-06, 0.0000e+00, 0.0000e+00, 
 2DIAGNOSTIC,    44, -7.418891421849e-01, 6.810206801336e-06, 0.0000e+00, 0.0000e+00, 
 2DIAGNOSTIC,    45, -7.419785510653e-01, 1.086176216802e-05, 0.0000e+00, 0.0000e+00, 
 2DIAGNOSTIC,    46, -7.420481873950e-01, 1.466762486501e-05, 0.0000e+00, 0.0000e+00, 
 2DIAGNOSTIC,    47, -7.420481204804e-01, 1.714200725881e-05, 0.0000e+00, 0.0000e+00, 
 2DIAGNOSTIC,    48, -7.420482781567e-01, 1.822373286397e-05, 0.0000e+00, 0.0000e+00, 
 2DIAGNOSTIC,    49, -7.420486875649e-01, 1.709302859299e-05, 0.0000e+00, 0.0000e+00, 
 2DIAGNOSTIC,    50, -7.420491127317e-01, 1.432729016836e-05, 0.0000e+00, 0.0000e+00, 
 2DIAGNOSTIC,    51, -7.420501008468e-01, 9.544171621172e-06, 0.0000e+00, 0.0000e+00, 
 2DIAGNOSTIC,    52, -7.420515240084e-01, 4.572944432138e-06, 0.0000e+00, 0.0000e+00, 
 2DIAGNOSTIC,    53, -7.420540260170e-01, 2.291052286194e-06, 0.0000e+00, 0.0000e+00, 
 2DIAGNOSTIC,    54, -7.420581165982e-01, 1.226274781448e-06, 0.0000e+00, 0.0000e+00, 
DIAGNOSTIC,Iteration,metricValue,convergenceValue,ITERATION_TIME_INDEX,SINCE_LAST
 2DIAGNOSTIC,     1, -5.984039214324e-01, 1.797693134862e+308, 0.0000e+00, 0.0000e+00, 
 2DIAGNOSTIC,     2, -5.986453483927e-01, 1.797693134862e+308, 0.0000e+00, 0.0000e+00, 
 2DIAGNOSTIC,     3, -5.991286100218e-01, 1.797693134862e+308, 0.0000e+00, 0.0000e+00, 
 2DIAGNOSTIC,     4, -5.994011149860e-01, 1.797693134862e+308, 0.0000e+00, 0.0000e+00, 
 2DIAGNOSTIC,     5, -5.995220057203e-01, 1.797693134862e+308, 0.0000e+00, 0.0000e+00, 
 2DIAGNOSTIC,     6, -5.995336394941e-01, 1.797693134862e+308, 0.0000e+00, 0.0000e+00, 
 2DIAGNOSTIC,     7, -5.995087175284e-01, 1.797693134862e+308, 0.0000e+00, 0.0000e+00, 
 2DIAGNOSTIC,     8, -5.995068830590e-01, 1.797693134862e+308, 0.0000e+00, 0.0000e+00, 
 2DIAGNOSTIC,     9, -5.995377727864e-01, 1.797693134862e+308, 0.0000e+00, 0.0000e+00, 
 2DIAGNOSTIC,    10, -5.995674917826e-01, 1.104072759594e-04, 0.0000e+00, 0.0000e+00, 
 2DIAGNOSTIC,    11, -5.995766336181e-01, 6.322630151565e-05, 0.0000e+00, 0.0000e+00, 
 2DIAGNOSTIC,    12, -5.995714331893e-01, 2.753676228534e-05, 0.0000e+00, 0.0000e+00, 
 2DIAGNOSTIC,    13, -5.995716658654e-01, 1.253208714462e-05, 0.0000e+00, 0.0000e+00, 
 2DIAGNOSTIC,    14, -5.995665301606e-01, 7.666816613197e-06, 0.0000e+00, 0.0000e+00, 
 2DIAGNOSTIC,    15, -5.995636000050e-01, 6.647460437895e-06, 0.0000e+00, 0.0000e+00, 
 2DIAGNOSTIC,    16, -5.995269079079e-01, 4.626884209089e-06, 0.0000e+00, 0.0000e+00, 
 2DIAGNOSTIC,    17, -5.995200180688e-01, 1.766702236755e-06, 0.0000e+00, 0.0000e+00, 
DIAGNOSTIC,Iteration,metricValue,convergenceValue,ITERATION_TIME_INDEX,SINCE_LAST
 2DIAGNOSTIC,     1, -5.354013449101e-01, 1.797693134862e+308, 0.0000e+00, 0.0000e+00, 
 2DIAGNOSTIC,     2, -5.356403885833e-01, 1.797693134862e+308, 0.0000e+00, 0.0000e+00, 
 2DIAGNOSTIC,     3, -5.360656348314e-01, 1.797693134862e+308, 0.0000e+00, 0.0000e+00, 
 2DIAGNOSTIC,     4, -5.366739519356e-01, 1.797693134862e+308, 0.0000e+00, 0.0000e+00, 
 2DIAGNOSTIC,     5, -5.374352688570e-01, 1.797693134862e+308, 0.0000e+00, 0.0000e+00, 
 2DIAGNOSTIC,     6, -5.388638274068e-01, 1.797693134862e+308, 0.0000e+00, 0.0000e+00, 
 2DIAGNOSTIC,     7, -5.424007738791e-01, 1.797693134862e+308, 0.0000e+00, 0.0000e+00, 
 2DIAGNOSTIC,     8, -5.432197453949e-01, 1.797693134862e+308, 0.0000e+00, 0.0000e+00, 
 2DIAGNOSTIC,     9, -5.432671671705e-01, 1.797693134862e+308, 0.0000e+00, 0.0000e+00, 
 2DIAGNOSTIC,    10, -5.432952850493e-01, 1.188524596848e-03, 0.0000e+00, 0.0000e+00, 
 2DIAGNOSTIC,    11, -5.433293058808e-01, 1.052423779470e-03, 0.0000e+00, 0.0000e+00, 
 2DIAGNOSTIC,    12, -5.433636411318e-01, 8.544385605809e-04, 0.0000e+00, 0.0000e+00, 
 2DIAGNOSTIC,    13, -5.434399568788e-01, 6.300145556056e-04, 0.0000e+00, 0.0000e+00, 
 2DIAGNOSTIC,    14, -5.436759458718e-01, 4.143570497673e-04, 0.0000e+00, 0.0000e+00, 
 2DIAGNOSTIC,    15, -5.438978706711e-01, 2.247767194431e-04, 0.0000e+00, 0.0000e+00, 
 2DIAGNOSTIC,    16, -5.439539338181e-01, 8.429223084035e-05, 0.0000e+00, 0.0000e+00, 
 2DIAGNOSTIC,    17, -5.443299646590e-01, 7.318355834984e-05, 0.0000e+00, 0.0000e+00, 
 2DIAGNOSTIC,    18, -5.446627676587e-01, 9.005816601610e-05, 0.0000e+00, 0.0000e+00, 
 2DIAGNOSTIC,    19, -5.446638569380e-01, 9.805909052168e-05, 0.0000e+00, 0.0000e+00, 
 2DIAGNOSTIC,    20, -5.446629144308e-01, 9.717150446609e-05, 0.0000e+00, 0.0000e+00, 
 2DIAGNOSTIC,    21, -5.446605975869e-01, 8.841124947139e-05, 0.0000e+00, 0.0000e+00, 
 2DIAGNOSTIC,    22, -5.446595582344e-01, 7.305210838768e-05, 0.0000e+00, 0.0000e+00, 
 2DIAGNOSTIC,    23, -5.446590834203e-01, 5.383362093780e-05, 0.0000e+00, 0.0000e+00, 
 2DIAGNOSTIC,    24, -5.446587715640e-01, 3.643850566264e-05, 0.0000e+00, 0.0000e+00, 
 2DIAGNOSTIC,    25, -5.446588405082e-01, 2.197495706928e-05, 0.0000e+00, 0.0000e+00, 
 2DIAGNOSTIC,    26, -5.446569897380e-01, 7.639794837318e-06, 0.0000e+00, 0.0000e+00, 
DIAGNOSTIC,Iteration,metricValue,convergenceValue,ITERATION_TIME_INDEX,SINCE_LAST
 2DIAGNOSTIC,     1, -4.996986665248e-01, 1.797693134862e+308, 0.0000e+00, 0.0000e+00, 
 2DIAGNOSTIC,     2, -4.998676395121e-01, 1.797693134862e+308, 0.0000e+00, 0.0000e+00, 
 2DIAGNOSTIC,     3, -5.001643705366e-01, 1.797693134862e+308, 0.0000e+00, 0.0000e+00, 
