
##########################
# Experiment information #
##########################

EXPERIMENT_NAME: antsRegistration-r8-p18
VFC_BACKENDS: libinterflop_vprec.so --range-binary32=8 --precision-binary32=18 --range-binary64=8 --precision-binary64=18

SIF_IMG: /home/mdugre/projects/rrg-glatard/mdugre/containers/ants-vprec-no_metrics.simg

SUBJECT_ID: s035
INPUT_IMG: /home/mdugre/scratch/mri-registration-rp/datasets/ds004513/derivatives/mri-registration-rp/antsBrainExtraction/sub-s035/BrainExtractionBrain.nii.gz
OUTPUT_DIR: /home/mdugre/scratch/mri-registration-rp/datasets/ds004513/derivatives/mri-registration-rp/1111/antsRegistration-r8-p18/sub-s035

FIXED_IMG: /templateflow/tpl-MNI152NLin2009cAsym/tpl-MNI152NLin2009cAsym_res-01_desc-brain_T1w.nii.gz
DATA_DIR: /home/mdugre/scratch/mri-registration-rp/datasets/ds004513
TEMPLATEFLOW_DIR: /home/mdugre/projects/rrg-glatard/mdugre/templateflow
ITK_GLOBAL_DEFAULT_NUMBER_OF_THREADS: 16
##########################

Info [verificarlo]: loaded backend libinterflop_vprec.so
Info [interflop-vprec]: load backend with: 
Info [interflop-vprec]: precision-binary32 = 18
Info [interflop-vprec]: range-binary32 = 8
Info [interflop-vprec]: precision-binary64 = 18
Info [interflop-vprec]: range-binary64 = 8
Info [interflop-vprec]: mode = ob
Info [interflop-vprec]: error-mode = rel
Info [interflop-vprec]: max-abs-error-exponent = -1022
Info [interflop-vprec]: daz = false
Info [interflop-vprec]: ftz = false
Info [interflop-vprec]: 	instrument = none
Info [interflop-vprec]: 	prec-input-file = (null)
Info [interflop-vprec]: 	prec-output-file = (null)
Info [interflop-vprec]: 	prec-log-file = (null)
All_Command_lines_OK
Using double precision for computations.
=============================================================================
The composite transform comprises the following transforms (in order): 
  1. Center of mass alignment using fixed image: /templateflow/tpl-MNI152NLin2009cAsym/tpl-MNI152NLin2009cAsym_res-01_desc-brain_T1w.nii.gz and moving image: /home/mdugre/scratch/mri-registration-rp/datasets/ds004513/derivatives/mri-registration-rp/antsBrainExtraction/sub-s035/BrainExtractionBrain.nii.gz (type = Euler3DTransform)
=============================================================================
  number of levels = 1
  fixed image: /templateflow/tpl-MNI152NLin2009cAsym/tpl-MNI152NLin2009cAsym_res-01_desc-brain_T1w.nii.gz
  moving image: /home/mdugre/scratch/mri-registration-rp/datasets/ds004513/derivatives/mri-registration-rp/antsBrainExtraction/sub-s035/BrainExtractionBrain.nii.gz
Dimension = 3
Number of stages = 1
Use histogram matching = false
Winsorize image intensities = true
  Lower quantile = 0.005
  Upper quantile = 0.995


Stage 1 State
   Image metric = MattesMI
     Fixed image = Image (0x3782b20)
  RTTI typeinfo:   itk::Image<double, 3u>
  Reference Count: 2
  Modified Time: 2330
  Debug: Off
  Object Name: 
  Observers: 
    none
  Source: (none)
  Source output name: (none)
  Release Data: Off
  Data Released: False
  Global Release Data: Off
  PipelineMTime: 0
  UpdateMTime: 1941
  RealTimeStamp: 0 seconds 
  LargestPossibleRegion: 
    Dimension: 3
    Index: [0, 0, 0]
    Size: [193, 229, 193]
  BufferedRegion: 
    Dimension: 3
    Index: [0, 0, 0]
    Size: [193, 229, 193]
  RequestedRegion: 
    Dimension: 3
    Index: [0, 0, 0]
    Size: [193, 229, 193]
  Spacing: [1, 1, 1]
  Origin: [96, 132, -78]
  Direction: 
-1 0 0
0 -1 0
0 0 1

  IndexToPointMatrix: 
-1 0 0
0 -1 0
0 0 1

  PointToIndexMatrix: 
-1 0 0
0 -1 0
0 0 1

  Inverse Direction: 
-1 0 0
0 -1 0
0 0 1

  PixelContainer: 
    ImportImageContainer (0x38ae650)
      RTTI typeinfo:   itk::ImportImageContainer<unsigned long, double>
      Reference Count: 1
      Modified Time: 1938
      Debug: Off
      Object Name: 
      Observers: 
        none
      Pointer: 0x151498f47010
      Container manages memory: true
      Size: 8530021
      Capacity: 8530021

     Moving image = Image (0x378b240)
  RTTI typeinfo:   itk::Image<double, 3u>
  Reference Count: 2
  Modified Time: 2331
  Debug: Off
  Object Name: 
  Observers: 
    none
  Source: (none)
  Source output name: (none)
  Release Data: Off
  Data Released: False
  Global Release Data: Off
  PipelineMTime: 0
  UpdateMTime: 2328
  RealTimeStamp: 0 seconds 
  LargestPossibleRegion: 
    Dimension: 3
    Index: [0, 0, 0]
    Size: [160, 240, 256]
  BufferedRegion: 
    Dimension: 3
    Index: [0, 0, 0]
    Size: [160, 240, 256]
  RequestedRegion: 
    Dimension: 3
    Index: [0, 0, 0]
    Size: [160, 240, 256]
  Spacing: [1, 1, 1]
  Origin: [98.6438, 87.6357, -117.99]
  Direction: 
-0.993515 -0.100993 -0.0522355
0.100854 -0.994886 0.00530255
-0.0525039 1.93537e-08 0.998621

  IndexToPointMatrix: 
-0.993515 -0.100993 -0.0522355
0.100854 -0.994886 0.00530255
-0.0525039 1.93537e-08 0.998621

  PointToIndexMatrix: 
-0.993515 0.100854 -0.0525039
-0.100993 -0.994888 1.90735e-06
-0.0522356 0.00530243 0.998623

  Inverse Direction: 
-0.993515 0.100854 -0.0525039
-0.100993 -0.994888 1.90735e-06
-0.0522356 0.00530243 0.998623

  PixelContainer: 
    ImportImageContainer (0x3898b90)
      RTTI typeinfo:   itk::ImportImageContainer<unsigned long, double>
      Reference Count: 1
      Modified Time: 2325
      Debug: Off
      Object Name: 
      Observers: 
        none
      Pointer: 0x151494446010
      Container manages memory: true
      Size: 9830400
      Capacity: 9830400

     Weighting = 1
     Sampling strategy = regular
     Number of bins = 32
     Radius = 4
     Sampling percentage  = 0.25
   Transform = Rigid
     Gradient step = 0.1
     Update field sigma (voxel space) = 0
     Total field sigma (voxel space) = 0
     Update field time sigma = 0
     Total field time sigma  = 0
     Number of time indices = 0
     Number of time point samples = 0
Registration using 1 total stages.

Stage 0
  iterations = 0
  convergence threshold = 1e-06
  convergence window size = 10
  number of levels = 1
  using the Mattes MI metric (number of bins = 32, weight = 1, use gradient filter = 0)
  preprocessing:  winsorizing the image intensities
  Shrink factors (level 1 out of 1): [1, 1, 1]
  smoothing sigmas per level: [0]
  regular sampling (percentage = 0.25)

*** Running Euler3DTransform registration ***

  Elapsed time (stage 0): 0


Total elapsed time: 0
Info [verificarlo]: loaded backend libinterflop_vprec.so
Info [interflop-vprec]: load backend with: 
Info [interflop-vprec]: precision-binary32 = 18
Info [interflop-vprec]: range-binary32 = 8
Info [interflop-vprec]: precision-binary64 = 18
Info [interflop-vprec]: range-binary64 = 8
Info [interflop-vprec]: mode = ob
Info [interflop-vprec]: error-mode = rel
Info [interflop-vprec]: max-abs-error-exponent = -1022
Info [interflop-vprec]: daz = false
Info [interflop-vprec]: ftz = false
Info [interflop-vprec]: 	instrument = none
Info [interflop-vprec]: 	prec-input-file = (null)
Info [interflop-vprec]: 	prec-output-file = (null)
Info [interflop-vprec]: 	prec-log-file = (null)
All_Command_lines_OK
Using double precision for computations.
=============================================================================
The composite transform comprises the following transforms (in order): 
  1. /home/mdugre/scratch/mri-registration-rp/datasets/ds004513/derivatives/mri-registration-rp/1111/antsRegistration-r8-p18/sub-s035/align_Composite.h5[0] (type = Euler3DTransform)
  2. /home/mdugre/scratch/mri-registration-rp/datasets/ds004513/derivatives/mri-registration-rp/1111/antsRegistration-r8-p18/sub-s035/align_Composite.h5[1] (type = Euler3DTransform)
=============================================================================
  number of levels = 4
  fixed image: /templateflow/tpl-MNI152NLin2009cAsym/tpl-MNI152NLin2009cAsym_res-01_desc-brain_T1w.nii.gz
  moving image: /home/mdugre/scratch/mri-registration-rp/datasets/ds004513/derivatives/mri-registration-rp/antsBrainExtraction/sub-s035/BrainExtractionBrain.nii.gz
Dimension = 3
Number of stages = 1
Use histogram matching = false
Winsorize image intensities = true
  Lower quantile = 0.005
  Upper quantile = 0.995


Stage 1 State
   Image metric = MattesMI
     Fixed image = Image (0x457d1e0)
  RTTI typeinfo:   itk::Image<double, 3u>
  Reference Count: 2
  Modified Time: 1578
  Debug: Off
  Object Name: 
  Observers: 
    none
  Source: (none)
  Source output name: (none)
  Release Data: Off
  Data Released: False
  Global Release Data: Off
  PipelineMTime: 0
  UpdateMTime: 1189
  RealTimeStamp: 0 seconds 
  LargestPossibleRegion: 
    Dimension: 3
    Index: [0, 0, 0]
    Size: [193, 229, 193]
  BufferedRegion: 
    Dimension: 3
    Index: [0, 0, 0]
    Size: [193, 229, 193]
  RequestedRegion: 
    Dimension: 3
    Index: [0, 0, 0]
    Size: [193, 229, 193]
  Spacing: [1, 1, 1]
  Origin: [96, 132, -78]
  Direction: 
-1 0 0
0 -1 0
0 0 1

  IndexToPointMatrix: 
-1 0 0
0 -1 0
0 0 1

  PointToIndexMatrix: 
-1 0 0
0 -1 0
0 0 1

  Inverse Direction: 
-1 0 0
0 -1 0
0 0 1

  PixelContainer: 
    ImportImageContainer (0x463c6f0)
      RTTI typeinfo:   itk::ImportImageContainer<unsigned long, double>
      Reference Count: 1
      Modified Time: 1186
      Debug: Off
      Object Name: 
      Observers: 
        none
      Pointer: 0x14d166389010
      Container manages memory: true
      Size: 8530021
      Capacity: 8530021

     Moving image = Image (0x4638c90)
  RTTI typeinfo:   itk::Image<double, 3u>
  Reference Count: 2
  Modified Time: 1579
  Debug: Off
  Object Name: 
  Observers: 
    none
  Source: (none)
  Source output name: (none)
  Release Data: Off
  Data Released: False
  Global Release Data: Off
  PipelineMTime: 0
  UpdateMTime: 1576
  RealTimeStamp: 0 seconds 
  LargestPossibleRegion: 
    Dimension: 3
    Index: [0, 0, 0]
    Size: [160, 240, 256]
  BufferedRegion: 
    Dimension: 3
    Index: [0, 0, 0]
    Size: [160, 240, 256]
  RequestedRegion: 
    Dimension: 3
    Index: [0, 0, 0]
    Size: [160, 240, 256]
  Spacing: [1, 1, 1]
  Origin: [98.6438, 87.6357, -117.99]
  Direction: 
-0.993515 -0.100993 -0.0522355
0.100854 -0.994886 0.00530255
-0.0525039 1.93537e-08 0.998621

  IndexToPointMatrix: 
-0.993515 -0.100993 -0.0522355
0.100854 -0.994886 0.00530255
-0.0525039 1.93537e-08 0.998621

  PointToIndexMatrix: 
-0.993515 0.100854 -0.0525039
-0.100993 -0.994888 1.90735e-06
-0.0522356 0.00530243 0.998623

  Inverse Direction: 
-0.993515 0.100854 -0.0525039
-0.100993 -0.994888 1.90735e-06
-0.0522356 0.00530243 0.998623

  PixelContainer: 
    ImportImageContainer (0x45fb010)
      RTTI typeinfo:   itk::ImportImageContainer<unsigned long, double>
      Reference Count: 1
      Modified Time: 1573
      Debug: Off
      Object Name: 
      Observers: 
        none
      Pointer: 0x14d161888010
      Container manages memory: true
      Size: 9830400
      Capacity: 9830400

     Weighting = 1
     Sampling strategy = regular
     Number of bins = 32
     Radius = 4
     Sampling percentage  = 0.25
   Transform = Rigid
     Gradient step = 0.1
     Update field sigma (voxel space) = 0
     Total field sigma (voxel space) = 0
     Update field time sigma = 0
     Total field time sigma  = 0
     Number of time indices = 0
     Number of time point samples = 0
Registration using 1 total stages.

Stage 0
  iterations = 1000x500x250x100
  convergence threshold = 1e-06
  convergence window size = 10
  number of levels = 4
  using the Mattes MI metric (number of bins = 32, weight = 1, use gradient filter = 0)
  preprocessing:  winsorizing the image intensities
  Shrink factors (level 1 out of 4): [8, 8, 8]
  Shrink factors (level 2 out of 4): [4, 4, 4]
  Shrink factors (level 3 out of 4): [2, 2, 2]
  Shrink factors (level 4 out of 4): [1, 1, 1]
  smoothing sigmas per level: [3, 2, 1, 0]
  regular sampling (percentage = 0.25)

*** Running Euler3DTransform registration ***

DIAGNOSTIC,Iteration,metricValue,convergenceValue,ITERATION_TIME_INDEX,SINCE_LAST
 2DIAGNOSTIC,     1, -4.608041589039e-01, 1.797693134862e+308, 0.0000e+00, 0.0000e+00, 
 2DIAGNOSTIC,     2, -4.629584680659e-01, 1.797693134862e+308, 0.0000e+00, 0.0000e+00, 
 2DIAGNOSTIC,     3, -4.663888252693e-01, 1.797693134862e+308, 0.0000e+00, 0.0000e+00, 
 2DIAGNOSTIC,     4, -4.727276018617e-01, 1.797693134862e+308, 0.0000e+00, 0.0000e+00, 
 2DIAGNOSTIC,     5, -4.852886265811e-01, 1.797693134862e+308, 0.0000e+00, 0.0000e+00, 
 2DIAGNOSTIC,     6, -4.954123604889e-01, 1.797693134862e+308, 0.0000e+00, 0.0000e+00, 
 2DIAGNOSTIC,     7, -5.224189731747e-01, 1.797693134862e+308, 0.0000e+00, 0.0000e+00, 
 2DIAGNOSTIC,     8, -5.487309037242e-01, 1.797693134862e+308, 0.0000e+00, 0.0000e+00, 
 2DIAGNOSTIC,     9, -5.580712713747e-01, 1.797693134862e+308, 0.0000e+00, 0.0000e+00, 
 2DIAGNOSTIC,    10, -5.600666729653e-01, 1.497010299575e-02, 0.0000e+00, 0.0000e+00, 
 2DIAGNOSTIC,    11, -5.620290575616e-01, 1.396780469949e-02, 0.0000e+00, 0.0000e+00, 
 2DIAGNOSTIC,    12, -5.625393084447e-01, 1.201586343860e-02, 0.0000e+00, 0.0000e+00, 
 2DIAGNOSTIC,    13, -5.653519657051e-01, 9.556976414201e-03, 0.0000e+00, 0.0000e+00, 
 2DIAGNOSTIC,    14, -5.668410996457e-01, 6.917292782507e-03, 0.0000e+00, 0.0000e+00, 
 2DIAGNOSTIC,    15, -5.676802391900e-01, 4.529238496139e-03, 0.0000e+00, 0.0000e+00, 
 2DIAGNOSTIC,    16, -5.693715067685e-01, 2.437730164060e-03, 0.0000e+00, 0.0000e+00, 
 2DIAGNOSTIC,    17, -5.704657302608e-01, 1.254902872662e-03, 0.0000e+00, 0.0000e+00, 
 2DIAGNOSTIC,    18, -5.718511425544e-01, 9.126663525063e-04, 0.0000e+00, 0.0000e+00, 
 2DIAGNOSTIC,    19, -5.735975059776e-01, 8.337721983867e-04, 0.0000e+00, 0.0000e+00, 
 2DIAGNOSTIC,    20, -5.797020518560e-01, 8.993875621607e-04, 0.0000e+00, 0.0000e+00, 
 2DIAGNOSTIC,    21, -5.849795675329e-01, 1.053433102680e-03, 0.0000e+00, 0.0000e+00, 
 2DIAGNOSTIC,    22, -5.978486459668e-01, 1.409652875097e-03, 0.0000e+00, 0.0000e+00, 
 2DIAGNOSTIC,    23, -6.009952736516e-01, 1.730136363394e-03, 0.0000e+00, 0.0000e+00, 
 2DIAGNOSTIC,    24, -6.024240029642e-01, 1.925286192531e-03, 0.0000e+00, 0.0000e+00, 
 2DIAGNOSTIC,    25, -6.042581293897e-01, 1.979861225457e-03, 0.0000e+00, 0.0000e+00, 
 2DIAGNOSTIC,    26, -6.073761058837e-01, 1.936924132419e-03, 0.0000e+00, 0.0000e+00, 
 2DIAGNOSTIC,    27, -6.093594607764e-01, 1.770183400834e-03, 0.0000e+00, 0.0000e+00, 
 2DIAGNOSTIC,    28, -6.118602965277e-01, 1.521360092954e-03, 0.0000e+00, 0.0000e+00, 
 2DIAGNOSTIC,    29, -6.123249926016e-01, 1.188230513622e-03, 0.0000e+00, 0.0000e+00, 
 2DIAGNOSTIC,    30, -6.165162171133e-01, 9.428079100927e-04, 0.0000e+00, 0.0000e+00, 
 2DIAGNOSTIC,    31, -6.191410709685e-01, 7.476804475593e-04, 0.0000e+00, 0.0000e+00, 
 2DIAGNOSTIC,    32, -6.227437872685e-01, 7.534497382959e-04, 0.0000e+00, 0.0000e+00, 
 2DIAGNOSTIC,    33, -6.230533603897e-01, 7.400567121580e-04, 0.0000e+00, 0.0000e+00, 
 2DIAGNOSTIC,    34, -6.241911645860e-01, 6.963269822483e-04, 0.0000e+00, 0.0000e+00, 
 2DIAGNOSTIC,    35, -6.256617830926e-01, 6.355529692803e-04, 0.0000e+00, 0.0000e+00, 
 2DIAGNOSTIC,    36, -6.262720316150e-01, 5.683455369765e-04, 0.0000e+00, 0.0000e+00, 
 2DIAGNOSTIC,    37, -6.290113493438e-01, 5.140153584227e-04, 0.0000e+00, 0.0000e+00, 
 2DIAGNOSTIC,    38, -6.342236644553e-01, 5.147909390933e-04, 0.0000e+00, 0.0000e+00, 
 2DIAGNOSTIC,    39, -6.400546796080e-01, 5.443316220472e-04, 0.0000e+00, 0.0000e+00, 
 2DIAGNOSTIC,    40, -6.469897130888e-01, 6.560627327299e-04, 0.0000e+00, 0.0000e+00, 
 2DIAGNOSTIC,    41, -6.507523104633e-01, 7.740010926796e-04, 0.0000e+00, 0.0000e+00, 
 2DIAGNOSTIC,    42, -6.520099408943e-01, 8.690565758787e-04, 0.0000e+00, 0.0000e+00, 
 2DIAGNOSTIC,    43, -6.539431891337e-01, 9.018246009654e-04, 0.0000e+00, 0.0000e+00, 
 2DIAGNOSTIC,    44, -6.557758678466e-01, 8.786069233115e-04, 0.0000e+00, 0.0000e+00, 
 2DIAGNOSTIC,    45, -6.564049174160e-01, 7.948067375374e-04, 0.0000e+00, 0.0000e+00, 
 2DIAGNOSTIC,    46, -6.592876767631e-01, 6.762357091671e-04, 0.0000e+00, 0.0000e+00, 
 2DIAGNOSTIC,    47, -6.641584442792e-01, 5.763936198370e-04, 0.0000e+00, 0.0000e+00, 
 2DIAGNOSTIC,    48, -6.755396026327e-01, 5.909308704574e-04, 0.0000e+00, 0.0000e+00, 
 2DIAGNOSTIC,    49, -6.764565455298e-01, 6.106527852299e-04, 0.0000e+00, 0.0000e+00, 
 2DIAGNOSTIC,    50, -6.772018454580e-01, 6.456625281227e-04, 0.0000e+00, 0.0000e+00, 
 2DIAGNOSTIC,    51, -6.776548537938e-01, 6.580369674645e-04, 0.0000e+00, 0.0000e+00, 
 2DIAGNOSTIC,    52, -6.796281423729e-01, 6.351659448618e-04, 0.0000e+00, 0.0000e+00, 
 2DIAGNOSTIC,    53, -6.798787449796e-01, 5.698615497873e-04, 0.0000e+00, 0.0000e+00, 
 2DIAGNOSTIC,    54, -6.810004212542e-01, 4.792073348981e-04, 0.0000e+00, 0.0000e+00, 
 2DIAGNOSTIC,    55, -6.820537980289e-01, 3.621450616869e-04, 0.0000e+00, 0.0000e+00, 
 2DIAGNOSTIC,    56, -6.824086937797e-01, 2.422650876794e-04, 0.0000e+00, 0.0000e+00, 
 2DIAGNOSTIC,    57, -6.827153752687e-01, 1.440563076215e-04, 0.0000e+00, 0.0000e+00, 
 2DIAGNOSTIC,    58, -6.841391747246e-01, 1.393868664968e-04, 0.0000e+00, 0.0000e+00, 
 2DIAGNOSTIC,    59, -6.848167256800e-01, 1.339227695085e-04, 0.0000e+00, 0.0000e+00, 
 2DIAGNOSTIC,    60, -6.848902459315e-01, 1.221986058971e-04, 0.0000e+00, 0.0000e+00, 
 2DIAGNOSTIC,    61, -6.850656395246e-01, 1.039015780852e-04, 0.0000e+00, 0.0000e+00, 
 2DIAGNOSTIC,    62, -6.851255498516e-01, 9.173996889190e-05, 0.0000e+00, 0.0000e+00, 
 2DIAGNOSTIC,    63, -6.851116772579e-01, 7.270281268562e-05, 0.0000e+00, 0.0000e+00, 
 2DIAGNOSTIC,    64, -6.851718319227e-01, 5.570971540910e-05, 0.0000e+00, 0.0000e+00, 
 2DIAGNOSTIC,    65, -6.851627887202e-01, 4.151163024011e-05, 0.0000e+00, 0.0000e+00, 
 2DIAGNOSTIC,    66, -6.853952347368e-01, 2.807961570522e-05, 0.0000e+00, 0.0000e+00, 
 2DIAGNOSTIC,    67, -6.854442537318e-01, 1.462394557745e-05, 0.0000e+00, 0.0000e+00, 
 2DIAGNOSTIC,    68, -6.855031589197e-01, 1.018872425804e-05, 0.0000e+00, 0.0000e+00, 
 2DIAGNOSTIC,    69, -6.854805858588e-01, 9.345834034204e-06, 0.0000e+00, 0.0000e+00, 
 2DIAGNOSTIC,    70, -6.856585468204e-01, 9.305237440103e-06, 0.0000e+00, 0.0000e+00, 
 2DIAGNOSTIC,    71, -6.856269351562e-01, 9.285221318350e-06, 0.0000e+00, 0.0000e+00, 
 2DIAGNOSTIC,    72, -6.857144263200e-01, 9.366344634748e-06, 0.0000e+00, 0.0000e+00, 
 2DIAGNOSTIC,    73, -6.856778123189e-01, 8.278768599570e-06, 0.0000e+00, 0.0000e+00, 
 2DIAGNOSTIC,    74, -6.857551425697e-01, 7.349668878043e-06, 0.0000e+00, 0.0000e+00, 
 2DIAGNOSTIC,    75, -6.859444460877e-01, 6.824076687537e-06, 0.0000e+00, 0.0000e+00, 
 2DIAGNOSTIC,    76, -6.859746770090e-01, 7.233440544171e-06, 0.0000e+00, 0.0000e+00, 
 2DIAGNOSTIC,    77, -6.860658855265e-01, 7.819282129415e-06, 0.0000e+00, 0.0000e+00, 
 2DIAGNOSTIC,    78, -6.860302128928e-01, 7.831170076111e-06, 0.0000e+00, 0.0000e+00, 
 2DIAGNOSTIC,    79, -6.861301943677e-01, 7.555074452483e-06, 0.0000e+00, 0.0000e+00, 
 2DIAGNOSTIC,    80, -6.861364359546e-01, 7.619451086682e-06, 0.0000e+00, 0.0000e+00, 
 2DIAGNOSTIC,    81, -6.861416248614e-01, 6.825139478004e-06, 0.0000e+00, 0.0000e+00, 
 2DIAGNOSTIC,    82, -6.861420141789e-01, 5.946527245492e-06, 0.0000e+00, 0.0000e+00, 
 2DIAGNOSTIC,    83, -6.861456987509e-01, 4.381578878165e-06, 0.0000e+00, 0.0000e+00, 
 2DIAGNOSTIC,    84, -6.861486995142e-01, 2.877434472848e-06, 0.0000e+00, 0.0000e+00, 
 2DIAGNOSTIC,    85, -6.861505895099e-01, 2.181566063103e-06, 0.0000e+00, 0.0000e+00, 
 2DIAGNOSTIC,    86, -6.861530076086e-01, 1.494505165978e-06, 0.0000e+00, 0.0000e+00, 
 2DIAGNOSTIC,    87, -6.861482820808e-01, 1.177246530950e-06, 0.0000e+00, 0.0000e+00, 
DIAGNOSTIC,Iteration,metricValue,convergenceValue,ITERATION_TIME_INDEX,SINCE_LAST
 2DIAGNOSTIC,     1, -5.583305235256e-01, 1.797693134862e+308, 0.0000e+00, 0.0000e+00, 
 2DIAGNOSTIC,     2, -5.587603105269e-01, 1.797693134862e+308, 0.0000e+00, 0.0000e+00, 
 2DIAGNOSTIC,     3, -5.593912577432e-01, 1.797693134862e+308, 0.0000e+00, 0.0000e+00, 
 2DIAGNOSTIC,     4, -5.598429079452e-01, 1.797693134862e+308, 0.0000e+00, 0.0000e+00, 
 2DIAGNOSTIC,     5, -5.602672030240e-01, 1.797693134862e+308, 0.0000e+00, 0.0000e+00, 
 2DIAGNOSTIC,     6, -5.608077952303e-01, 1.797693134862e+308, 0.0000e+00, 0.0000e+00, 
 2DIAGNOSTIC,     7, -5.611994925329e-01, 1.797693134862e+308, 0.0000e+00, 0.0000e+00, 
 2DIAGNOSTIC,     8, -5.627536612777e-01, 1.797693134862e+308, 0.0000e+00, 0.0000e+00, 
 2DIAGNOSTIC,     9, -5.638081458855e-01, 1.797693134862e+308, 0.0000e+00, 0.0000e+00, 
 2DIAGNOSTIC,    10, -5.642750045537e-01, 6.839924640447e-04, 0.0000e+00, 0.0000e+00, 
 2DIAGNOSTIC,    11, -5.657312702529e-01, 7.045993120501e-04, 0.0000e+00, 0.0000e+00, 
 2DIAGNOSTIC,    12, -5.665678992010e-01, 7.105271640130e-04, 0.0000e+00, 0.0000e+00, 
 2DIAGNOSTIC,    13, -5.665586588978e-01, 6.746948436264e-04, 0.0000e+00, 0.0000e+00, 
 2DIAGNOSTIC,    14, -5.665803789828e-01, 6.004154721223e-04, 0.0000e+00, 0.0000e+00, 
 2DIAGNOSTIC,    15, -5.666075151325e-01, 4.970648881011e-04, 0.0000e+00, 0.0000e+00, 
 2DIAGNOSTIC,    16, -5.666094553878e-01, 3.782932754191e-04, 0.0000e+00, 0.0000e+00, 
 2DIAGNOSTIC,    17, -5.666135007097e-01, 2.494137001444e-04, 0.0000e+00, 0.0000e+00, 
 2DIAGNOSTIC,    18, -5.666177559239e-01, 1.556486540127e-04, 0.0000e+00, 0.0000e+00, 
 2DIAGNOSTIC,    19, -5.666148495075e-01, 8.592205703454e-05, 0.0000e+00, 0.0000e+00, 
 2DIAGNOSTIC,    20, -5.666058867346e-01, 2.610823953190e-05, 0.0000e+00, 0.0000e+00, 
 2DIAGNOSTIC,    21, -5.665990917737e-01, 3.957909925030e-06, 0.0000e+00, 0.0000e+00, 
 2DIAGNOSTIC,    22, -5.665971760393e-01, 2.742659589217e-06, 0.0000e+00, 0.0000e+00, 
 2DIAGNOSTIC,    23, -5.665986701467e-01, 1.330614716452e-06, 0.0000e+00, 0.0000e+00, 
DIAGNOSTIC,Iteration,metricValue,convergenceValue,ITERATION_TIME_INDEX,SINCE_LAST
 2DIAGNOSTIC,     1, -5.043589064246e-01, 1.797693134862e+308, 0.0000e+00, 0.0000e+00, 
 2DIAGNOSTIC,     2, -5.044980851264e-01, 1.797693134862e+308, 0.0000e+00, 0.0000e+00, 
 2DIAGNOSTIC,     3, -5.045056963885e-01, 1.797693134862e+308, 0.0000e+00, 0.0000e+00, 
 2DIAGNOSTIC,     4, -5.045118358180e-01, 1.797693134862e+308, 0.0000e+00, 0.0000e+00, 
 2DIAGNOSTIC,     5, -5.045213412222e-01, 1.797693134862e+308, 0.0000e+00, 0.0000e+00, 
 2DIAGNOSTIC,     6, -5.045224207382e-01, 1.797693134862e+308, 0.0000e+00, 0.0000e+00, 
 2DIAGNOSTIC,     7, -5.045200340088e-01, 1.797693134862e+308, 0.0000e+00, 0.0000e+00, 
 2DIAGNOSTIC,     8, -5.045243586233e-01, 1.797693134862e+308, 0.0000e+00, 0.0000e+00, 
 2DIAGNOSTIC,     9, -5.045249370693e-01, 1.797693134862e+308, 0.0000e+00, 0.0000e+00, 
 2DIAGNOSTIC,    10, -5.045389317530e-01, 1.557688939272e-05, 0.0000e+00, 0.0000e+00, 
 2DIAGNOSTIC,    11, -5.045550483236e-01, 7.790693297191e-06, 0.0000e+00, 0.0000e+00, 
 2DIAGNOSTIC,    12, -5.045707698205e-01, 8.120406041340e-06, 0.0000e+00, 0.0000e+00, 
 2DIAGNOSTIC,    13, -5.045831657195e-01, 8.764195901081e-06, 0.0000e+00, 0.0000e+00, 
 2DIAGNOSTIC,    14, -5.045840216018e-01, 9.010281005403e-06, 0.0000e+00, 0.0000e+00, 
 2DIAGNOSTIC,    15, -5.045903067892e-01, 9.202876272416e-06, 0.0000e+00, 0.0000e+00, 
 2DIAGNOSTIC,    16, -5.045896894353e-01, 8.728556239609e-06, 0.0000e+00, 0.0000e+00, 
 2DIAGNOSTIC,    17, -5.045925557379e-01, 7.698526065053e-06, 0.0000e+00, 0.0000e+00, 
 2DIAGNOSTIC,    18, -5.045914909703e-01, 6.349869853046e-06, 0.0000e+00, 0.0000e+00, 
 2DIAGNOSTIC,    19, -5.045961922644e-01, 4.874049383485e-06, 0.0000e+00, 0.0000e+00, 
 2DIAGNOSTIC,    20, -5.045950401475e-01, 3.600862990415e-06, 0.0000e+00, 0.0000e+00, 
 2DIAGNOSTIC,    21, -5.045935004959e-01, 2.644819650198e-06, 0.0000e+00, 0.0000e+00, 
 2DIAGNOSTIC,    22, -5.045938259126e-01, 2.075128470051e-06, 0.0000e+00, 0.0000e+00, 
 2DIAGNOSTIC,    23, -5.045945169355e-01, 1.814915599078e-06, 0.0000e+00, 0.0000e+00, 
 2DIAGNOSTIC,    24, -5.045930452906e-01, 1.514261983165e-06, 0.0000e+00, 0.0000e+00, 
 2DIAGNOSTIC,    25, -5.045918439978e-01, 1.335481530459e-06, 0.0000e+00, 0.0000e+00, 
 2DIAGNOSTIC,    26, -5.045912502547e-01, 1.137956245408e-06, 0.0000e+00, 0.0000e+00, 
 2DIAGNOSTIC,    27, -5.045917729956e-01, 1.033631755465e-06, 0.0000e+00, 0.0000e+00, 
DIAGNOSTIC,Iteration,metricValue,convergenceValue,ITERATION_TIME_INDEX,SINCE_LAST
 2DIAGNOSTIC,     1, -4.670130302150e-01, 1.797693134862e+308, 0.0000e+00, 0.0000e+00, 
 2DIAGNOSTIC,     2, -4.671954231017e-01, 1.797693134862e+308, 0.0000e+00, 0.0000e+00, 
 2DIAGNOSTIC,     3, -4.673838476772e-01, 1.797693134862e+308, 0.0000e+00, 0.0000e+00, 
 2DIAGNOSTIC,     4, -4.673834496872e-01, 1.797693134862e+308, 0.0000e+00, 0.0000e+00, 
 2DIAGNOSTIC,     5, -4.673833689473e-01, 1.797693134862e+308, 0.0000e+00, 0.0000e+00, 
 2DIAGNOSTIC,     6, -4.673836774986e-01, 1.797693134862e+308, 0.0000e+00, 0.0000e+00, 
 2DIAGNOSTIC,     7, -4.673829209194e-01, 1.797693134862e+308, 0.0000e+00, 0.0000e+00, 
 2DIAGNOSTIC,     8, -4.673831181918e-01, 1.797693134862e+308, 0.0000e+00, 0.0000e+00, 
 2DIAGNOSTIC,     9, -4.673831000365e-01, 1.797693134862e+308, 0.0000e+00, 0.0000e+00, 
 2DIAGNOSTIC,    10, -4.673832029693e-01, 3.558960113921e-05, 0.0000e+00, 0.0000e+00, 
 2DIAGNOSTIC,    11, -4.673832929561e-01, 1.319241321401e-05, 0.0000e+00, 0.0000e+00, 
 2DIAGNOSTIC,    12, -4.673828249405e-01, 2.548437304517e-06, 0.0000e+00, 0.0000e+00, 
 2DIAGNOSTIC,    13, -4.673833169305e-01, 2.388109344206e-06, 0.0000e+00, 0.0000e+00, 
 2DIAGNOSTIC,    14, -4.673835520252e-01, 2.245693206226e-06, 0.0000e+00, 0.0000e+00, 
 2DIAGNOSTIC,    15, -4.673833943808e-01, 2.111981457345e-06, 0.0000e+00, 0.0000e+00, 
 2DIAGNOSTIC,    16, -4.673833869650e-01, 2.006819052144e-06, 0.0000e+00, 0.0000e+00, 
 2DIAGNOSTIC,    17, -4.673833869650e-01, 1.883594354518e-06, 0.0000e+00, 0.0000e+00, 
 2DIAGNOSTIC,    18, -4.673833798506e-01, 1.777426226382e-06, 0.0000e+00, 0.0000e+00, 
 2DIAGNOSTIC,    19, -4.673833710225e-01, 1.678562706039e-06, 0.0000e+00, 0.0000e+00, 
 2DIAGNOSTIC,    20, -4.673833710225e-01, 1.590850474992e-06, 0.0000e+00, 0.0000e+00, 
 2DIAGNOSTIC,    21, -4.673833722874e-01, 1.513344859788e-06, 0.0000e+00, 0.0000e+00, 
 2DIAGNOSTIC,    22, -4.673833664129e-01, 1.428154542023e-06, 0.0000e+00, 0.0000e+00, 
 2DIAGNOSTIC,    23, -4.673833664129e-01, 1.363500619571e-06, 0.0000e+00, 0.0000e+00, 
 2DIAGNOSTIC,    24, -4.673833349941e-01, 1.310079287130e-06, 0.0000e+00, 0.0000e+00, 
 2DIAGNOSTIC,    25, -4.673832943047e-01, 1.256356818323e-06, 0.0000e+00, 0.0000e+00, 
 2DIAGNOSTIC,    26, -4.673832943047e-01, 1.206948466156e-06, 0.0000e+00, 0.0000e+00, 
 2DIAGNOSTIC,    27, -4.673832943047e-01, 1.161613279392e-06, 0.0000e+00, 0.0000e+00, 
 2DIAGNOSTIC,    28, -4.673832962213e-01, 1.119873686346e-06, 0.0000e+00, 0.0000e+00, 
 2DIAGNOSTIC,    29, -4.673832962213e-01, 1.081322057360e-06, 0.0000e+00, 0.0000e+00, 
 2DIAGNOSTIC,    30, -4.673832935458e-01, 1.045761530427e-06, 0.0000e+00, 0.0000e+00, 
 2DIAGNOSTIC,    31, -4.673832935458e-01, 1.012918259435e-06, 0.0000e+00, 0.0000e+00, 
  Elapsed time (stage 0): 0.0000e+00


Total elapsed time: 0.0000e+00
Info [verificarlo]: loaded backend libinterflop_vprec.so
Info [interflop-vprec]: load backend with: 
Info [interflop-vprec]: precision-binary32 = 18
Info [interflop-vprec]: range-binary32 = 8
Info [interflop-vprec]: precision-binary64 = 18
Info [interflop-vprec]: range-binary64 = 8
Info [interflop-vprec]: mode = ob
Info [interflop-vprec]: error-mode = rel
Info [interflop-vprec]: max-abs-error-exponent = -1022
Info [interflop-vprec]: daz = false
Info [interflop-vprec]: ftz = false
Info [interflop-vprec]: 	instrument = none
Info [interflop-vprec]: 	prec-input-file = (null)
Info [interflop-vprec]: 	prec-output-file = (null)
Info [interflop-vprec]: 	prec-log-file = (null)
All_Command_lines_OK
Using double precision for computations.
=============================================================================
The composite transform comprises the following transforms (in order): 
  1. /home/mdugre/scratch/mri-registration-rp/datasets/ds004513/derivatives/mri-registration-rp/1111/antsRegistration-r8-p18/sub-s035/rigid_Composite.h5[0] (type = Euler3DTransform)
  2. /home/mdugre/scratch/mri-registration-rp/datasets/ds004513/derivatives/mri-registration-rp/1111/antsRegistration-r8-p18/sub-s035/rigid_Composite.h5[1] (type = Euler3DTransform)
  3. /home/mdugre/scratch/mri-registration-rp/datasets/ds004513/derivatives/mri-registration-rp/1111/antsRegistration-r8-p18/sub-s035/rigid_Composite.h5[2] (type = Euler3DTransform)
=============================================================================
  number of levels = 4
  fixed image: /templateflow/tpl-MNI152NLin2009cAsym/tpl-MNI152NLin2009cAsym_res-01_desc-brain_T1w.nii.gz
  moving image: /home/mdugre/scratch/mri-registration-rp/datasets/ds004513/derivatives/mri-registration-rp/antsBrainExtraction/sub-s035/BrainExtractionBrain.nii.gz
Dimension = 3
Number of stages = 1
Use histogram matching = false
Winsorize image intensities = true
  Lower quantile = 0.005
  Upper quantile = 0.995


Stage 1 State
   Image metric = MattesMI
     Fixed image = Image (0x3f8c490)
  RTTI typeinfo:   itk::Image<double, 3u>
  Reference Count: 2
  Modified Time: 1592
  Debug: Off
  Object Name: 
  Observers: 
    none
  Source: (none)
  Source output name: (none)
  Release Data: Off
  Data Released: False
  Global Release Data: Off
  PipelineMTime: 0
  UpdateMTime: 1203
  RealTimeStamp: 0 seconds 
  LargestPossibleRegion: 
    Dimension: 3
    Index: [0, 0, 0]
    Size: [193, 229, 193]
  BufferedRegion: 
    Dimension: 3
    Index: [0, 0, 0]
    Size: [193, 229, 193]
  RequestedRegion: 
    Dimension: 3
    Index: [0, 0, 0]
    Size: [193, 229, 193]
  Spacing: [1, 1, 1]
  Origin: [96, 132, -78]
  Direction: 
-1 0 0
0 -1 0
0 0 1

  IndexToPointMatrix: 
-1 0 0
0 -1 0
0 0 1

  PointToIndexMatrix: 
-1 0 0
0 -1 0
0 0 1

  Inverse Direction: 
-1 0 0
0 -1 0
0 0 1

  PixelContainer: 
    ImportImageContainer (0x40058b0)
      RTTI typeinfo:   itk::ImportImageContainer<unsigned long, double>
      Reference Count: 1
      Modified Time: 1200
      Debug: Off
      Object Name: 
      Observers: 
        none
      Pointer: 0x151af5bf7010
      Container manages memory: true
      Size: 8530021
      Capacity: 8530021

     Moving image = Image (0x405aa40)
  RTTI typeinfo:   itk::Image<double, 3u>
  Reference Count: 2
  Modified Time: 1593
  Debug: Off
  Object Name: 
  Observers: 
    none
  Source: (none)
  Source output name: (none)
  Release Data: Off
  Data Released: False
  Global Release Data: Off
  PipelineMTime: 0
  UpdateMTime: 1590
  RealTimeStamp: 0 seconds 
  LargestPossibleRegion: 
    Dimension: 3
    Index: [0, 0, 0]
    Size: [160, 240, 256]
  BufferedRegion: 
    Dimension: 3
    Index: [0, 0, 0]
    Size: [160, 240, 256]
  RequestedRegion: 
    Dimension: 3
    Index: [0, 0, 0]
    Size: [160, 240, 256]
  Spacing: [1, 1, 1]
  Origin: [98.6438, 87.6357, -117.99]
  Direction: 
-0.993515 -0.100993 -0.0522355
0.100854 -0.994886 0.00530255
-0.0525039 1.93537e-08 0.998621

  IndexToPointMatrix: 
-0.993515 -0.100993 -0.0522355
0.100854 -0.994886 0.00530255
-0.0525039 1.93537e-08 0.998621

  PointToIndexMatrix: 
-0.993515 0.100854 -0.0525039
-0.100993 -0.994888 1.90735e-06
-0.0522356 0.00530243 0.998623

  Inverse Direction: 
-0.993515 0.100854 -0.0525039
-0.100993 -0.994888 1.90735e-06
-0.0522356 0.00530243 0.998623

  PixelContainer: 
    ImportImageContainer (0x4009d50)
      RTTI typeinfo:   itk::ImportImageContainer<unsigned long, double>
      Reference Count: 1
      Modified Time: 1587
      Debug: Off
      Object Name: 
      Observers: 
        none
      Pointer: 0x151af10f6010
      Container manages memory: true
      Size: 9830400
      Capacity: 9830400

     Weighting = 1
     Sampling strategy = regular
     Number of bins = 32
     Radius = 4
     Sampling percentage  = 0.25
   Transform = Affine
     Gradient step = 0.1
     Update field sigma (voxel space) = 0
     Total field sigma (voxel space) = 0
     Update field time sigma = 0
     Total field time sigma  = 0
     Number of time indices = 0
     Number of time point samples = 0
Registration using 1 total stages.

Stage 0
  iterations = 1000x500x250x100
  convergence threshold = 1e-06
  convergence window size = 10
  number of levels = 4
  using the Mattes MI metric (number of bins = 32, weight = 1, use gradient filter = 0)
  preprocessing:  winsorizing the image intensities
  Shrink factors (level 1 out of 4): [8, 8, 8]
  Shrink factors (level 2 out of 4): [4, 4, 4]
  Shrink factors (level 3 out of 4): [2, 2, 2]
  Shrink factors (level 4 out of 4): [1, 1, 1]
  smoothing sigmas per level: [3, 2, 1, 0]
  regular sampling (percentage = 0.25)

*** Running AffineTransform registration ***

DIAGNOSTIC,Iteration,metricValue,convergenceValue,ITERATION_TIME_INDEX,SINCE_LAST
 2DIAGNOSTIC,     1, -6.761964935101e-01, 1.797693134862e+308, 0.0000e+00, 0.0000e+00, 
 2DIAGNOSTIC,     2, -6.781360553609e-01, 1.797693134862e+308, 0.0000e+00, 0.0000e+00, 
 2DIAGNOSTIC,     3, -6.815858533523e-01, 1.797693134862e+308, 0.0000e+00, 0.0000e+00, 
 2DIAGNOSTIC,     4, -6.877561380310e-01, 1.797693134862e+308, 0.0000e+00, 0.0000e+00, 
 2DIAGNOSTIC,     5, -6.996492936191e-01, 1.797693134862e+308, 0.0000e+00, 0.0000e+00, 
 2DIAGNOSTIC,     6, -7.117882365188e-01, 1.797693134862e+308, 0.0000e+00, 0.0000e+00, 
 2DIAGNOSTIC,     7, -7.241382165809e-01, 1.797693134862e+308, 0.0000e+00, 0.0000e+00, 
 2DIAGNOSTIC,     8, -7.305285722010e-01, 1.797693134862e+308, 0.0000e+00, 0.0000e+00, 
 2DIAGNOSTIC,     9, -7.340346984564e-01, 1.797693134862e+308, 0.0000e+00, 0.0000e+00, 
 2DIAGNOSTIC,    10, -7.328514697293e-01, 6.400595277708e-03, 0.0000e+00, 0.0000e+00, 
 2DIAGNOSTIC,    11, -7.329129063471e-01, 5.421522613224e-03, 0.0000e+00, 0.0000e+00, 
 2DIAGNOSTIC,    12, -7.329441111174e-01, 4.189866368976e-03, 0.0000e+00, 0.0000e+00, 
 2DIAGNOSTIC,    13, -7.330163043518e-01, 2.883586851604e-03, 0.0000e+00, 0.0000e+00, 
 2DIAGNOSTIC,    14, -7.328908906970e-01, 1.677849818683e-03, 0.0000e+00, 0.0000e+00, 
 2DIAGNOSTIC,    15, -7.329500775993e-01, 7.988928175455e-04, 0.0000e+00, 0.0000e+00, 
 2DIAGNOSTIC,    16, -7.329541088805e-01, 2.553476290461e-04, 0.0000e+00, 0.0000e+00, 
 2DIAGNOSTIC,    17, -7.330283363896e-01, 3.983082845128e-05, 0.0000e+00, 0.0000e+00, 
DIAGNOSTIC,Iteration,metricValue,convergenceValue,ITERATION_TIME_INDEX,SINCE_LAST
 2DIAGNOSTIC,     1, -6.083962669628e-01, 1.797693134862e+308, 0.0000e+00, 0.0000e+00, 
 2DIAGNOSTIC,     2, -6.088051523962e-01, 1.797693134862e+308, 0.0000e+00, 0.0000e+00, 
 2DIAGNOSTIC,     3, -6.093237764195e-01, 1.797693134862e+308, 0.0000e+00, 0.0000e+00, 
 2DIAGNOSTIC,     4, -6.097112454742e-01, 1.797693134862e+308, 0.0000e+00, 0.0000e+00, 
 2DIAGNOSTIC,     5, -6.098779681785e-01, 1.797693134862e+308, 0.0000e+00, 0.0000e+00, 
 2DIAGNOSTIC,     6, -6.099604907375e-01, 1.797693134862e+308, 0.0000e+00, 0.0000e+00, 
 2DIAGNOSTIC,     7, -6.100184370560e-01, 1.797693134862e+308, 0.0000e+00, 0.0000e+00, 
 2DIAGNOSTIC,     8, -6.100272526681e-01, 1.797693134862e+308, 0.0000e+00, 0.0000e+00, 
 2DIAGNOSTIC,     9, -6.100423689527e-01, 1.797693134862e+308, 0.0000e+00, 0.0000e+00, 
 2DIAGNOSTIC,    10, -6.100163132000e-01, 1.594169789235e-04, 0.0000e+00, 0.0000e+00, 
 2DIAGNOSTIC,    11, -6.100183259295e-01, 9.313103947678e-05, 0.0000e+00, 0.0000e+00, 
 2DIAGNOSTIC,    12, -6.100206646341e-01, 4.543343765344e-05, 0.0000e+00, 0.0000e+00, 
 2DIAGNOSTIC,    13, -6.100411977333e-01, 2.023509055024e-05, 0.0000e+00, 0.0000e+00, 
 2DIAGNOSTIC,    14, -6.101183953039e-01, 1.237273721399e-05, 0.0000e+00, 0.0000e+00, 
 2DIAGNOSTIC,    15, -6.101375540071e-01, 1.031572489286e-05, 0.0000e+00, 0.0000e+00, 
 2DIAGNOSTIC,    16, -6.101291434279e-01, 9.905954806988e-06, 0.0000e+00, 0.0000e+00, 
 2DIAGNOSTIC,    17, -6.101141146974e-01, 1.002087644161e-05, 0.0000e+00, 0.0000e+00, 
 2DIAGNOSTIC,    18, -6.101365134960e-01, 1.015806413169e-05, 0.0000e+00, 0.0000e+00, 
 2DIAGNOSTIC,    19, -6.101642211888e-01, 1.051284505831e-05, 0.0000e+00, 0.0000e+00, 
 2DIAGNOSTIC,    20, -6.102479998256e-01, 1.132990775703e-05, 0.0000e+00, 0.0000e+00, 
 2DIAGNOSTIC,    21, -6.103230908890e-01, 1.286840766818e-05, 0.0000e+00, 0.0000e+00, 
 2DIAGNOSTIC,    22, -6.103128214179e-01, 1.304120175971e-05, 0.0000e+00, 0.0000e+00, 
 2DIAGNOSTIC,    23, -6.103199772729e-01, 1.267418566373e-05, 0.0000e+00, 0.0000e+00, 
 2DIAGNOSTIC,    24, -6.103222403071e-01, 1.280407478275e-05, 0.0000e+00, 0.0000e+00, 
 2DIAGNOSTIC,    25, -6.103198785807e-01, 1.212930275297e-05, 0.0000e+00, 0.0000e+00, 
 2DIAGNOSTIC,    26, -6.103139082176e-01, 1.022335971339e-05, 0.0000e+00, 0.0000e+00, 
 2DIAGNOSTIC,    27, -6.102967156246e-01, 7.072891761856e-06, 0.0000e+00, 0.0000e+00, 
 2DIAGNOSTIC,    28, -6.103104238129e-01, 4.220162812672e-06, 0.0000e+00, 0.0000e+00, 
 2DIAGNOSTIC,    29, -6.103066734475e-01, 1.618077785134e-06, 0.0000e+00, 0.0000e+00, 
DIAGNOSTIC,Iteration,metricValue,convergenceValue,ITERATION_TIME_INDEX,SINCE_LAST
 2DIAGNOSTIC,     1, -5.344601376831e-01, 1.797693134862e+308, 0.0000e+00, 0.0000e+00, 
 2DIAGNOSTIC,     2, -5.347942545325e-01, 1.797693134862e+308, 0.0000e+00, 0.0000e+00, 
 2DIAGNOSTIC,     3, -5.350459432822e-01, 1.797693134862e+308, 0.0000e+00, 0.0000e+00, 
 2DIAGNOSTIC,     4, -5.351761512382e-01, 1.797693134862e+308, 0.0000e+00, 0.0000e+00, 
 2DIAGNOSTIC,     5, -5.353502185898e-01, 1.797693134862e+308, 0.0000e+00, 0.0000e+00, 
 2DIAGNOSTIC,     6, -5.355702852021e-01, 1.797693134862e+308, 0.0000e+00, 0.0000e+00, 
 2DIAGNOSTIC,     7, -5.356449190747e-01, 1.797693134862e+308, 0.0000e+00, 0.0000e+00, 
 2DIAGNOSTIC,     8, -5.357808893609e-01, 1.797693134862e+308, 0.0000e+00, 0.0000e+00, 
 2DIAGNOSTIC,     9, -5.359245851463e-01, 1.797693134862e+308, 0.0000e+00, 0.0000e+00, 
 2DIAGNOSTIC,    10, -5.359352292733e-01, 1.748204957066e-04, 0.0000e+00, 0.0000e+00, 
 2DIAGNOSTIC,    11, -5.360207078568e-01, 1.351911826696e-04, 0.0000e+00, 0.0000e+00, 
 2DIAGNOSTIC,    12, -5.361189307009e-01, 1.091922985344e-04, 0.0000e+00, 0.0000e+00, 
 2DIAGNOSTIC,    13, -5.362297746033e-01, 9.226186417249e-05, 0.0000e+00, 0.0000e+00, 
 2DIAGNOSTIC,    14, -5.363247208184e-01, 7.794922564522e-05, 0.0000e+00, 0.0000e+00, 
 2DIAGNOSTIC,    15, -5.364824964094e-01, 7.023189085219e-05, 0.0000e+00, 0.0000e+00, 
 2DIAGNOSTIC,    16, -5.364794897988e-01, 6.437891010064e-05, 0.0000e+00, 0.0000e+00, 
 2DIAGNOSTIC,    17, -5.364765438855e-01, 5.568096609085e-05, 0.0000e+00, 0.0000e+00, 
 2DIAGNOSTIC,    18, -5.364765351018e-01, 4.690937714231e-05, 0.0000e+00, 0.0000e+00, 
 2DIAGNOSTIC,    19, -5.364768073517e-01, 3.888668015604e-05, 0.0000e+00, 0.0000e+00, 
 2DIAGNOSTIC,    20, -5.364759472874e-01, 2.840069736183e-05, 0.0000e+00, 0.0000e+00, 
 2DIAGNOSTIC,    21, -5.364758947725e-01, 1.856216849998e-05, 0.0000e+00, 0.0000e+00, 
 2DIAGNOSTIC,    22, -5.364758591684e-01, 1.040735790382e-05, 0.0000e+00, 0.0000e+00, 
 2DIAGNOSTIC,    23, -5.364758287707e-01, 4.657612962262e-06, 0.0000e+00, 0.0000e+00, 
 2DIAGNOSTIC,    24, -5.364758380437e-01, 1.075538155322e-06, 0.0000e+00, 0.0000e+00, 
 2DIAGNOSTIC,    25, -5.364758381624e-01, 1.150464775966e-06, 0.0000e+00, 0.0000e+00, 
 2DIAGNOSTIC,    26, -5.364758381624e-01, 1.170600605220e-06, 0.0000e+00, 0.0000e+00, 
 2DIAGNOSTIC,    27, -5.364758380979e-01, 1.135155970250e-06, 0.0000e+00, 0.0000e+00, 
 2DIAGNOSTIC,    28, -5.364758380979e-01, 1.104789403378e-06, 0.0000e+00, 0.0000e+00, 
 2DIAGNOSTIC,    29, -5.364758380979e-01, 1.083913888852e-06, 0.0000e+00, 0.0000e+00, 
 2DIAGNOSTIC,    30, -5.364758375353e-01, 1.049523536405e-06, 0.0000e+00, 0.0000e+00, 
 2DIAGNOSTIC,    31, -5.364758375353e-01, 1.016585032640e-06, 0.0000e+00, 0.0000e+00, 
DIAGNOSTIC,Iteration,metricValue,convergenceValue,ITERATION_TIME_INDEX,SINCE_LAST
 2DIAGNOSTIC,     1, -4.912988406594e-01, 1.797693134862e+308, 0.0000e+00, 0.0000e+00, 
 2DIAGNOSTIC,     2, -4.916272015305e-01, 1.797693134862e+308, 0.0000e+00, 0.0000e+00, 
 2DIAGNOSTIC,     3, -4.919216959416e-01, 1.797693134862e+308, 0.0000e+00, 0.0000e+00, 
 2DIAGNOSTIC,     4, -4.921787866887e-01, 1.797693134862e+308, 0.0000e+00, 0.0000e+00, 
