
##########################
# Experiment information #
##########################

EXPERIMENT_NAME: antsRegistration-r8-p22
VFC_BACKENDS: libinterflop_vprec.so --range-binary32=8 --precision-binary32=22 --range-binary64=8 --precision-binary64=22

SIF_IMG: /home/mdugre/projects/rrg-glatard/mdugre/containers/ants-vprec-no_metrics.simg

SUBJECT_ID: s020
INPUT_IMG: /home/mdugre/scratch/mri-registration-rp/datasets/ds004513/derivatives/mri-registration-rp/antsBrainExtraction/sub-s020/BrainExtractionBrain.nii.gz
OUTPUT_DIR: /home/mdugre/scratch/mri-registration-rp/datasets/ds004513/derivatives/mri-registration-rp/1111/antsRegistration-r8-p22/sub-s020

FIXED_IMG: /templateflow/tpl-MNI152NLin2009cAsym/tpl-MNI152NLin2009cAsym_res-01_desc-brain_T1w.nii.gz
DATA_DIR: /home/mdugre/scratch/mri-registration-rp/datasets/ds004513
TEMPLATEFLOW_DIR: /home/mdugre/projects/rrg-glatard/mdugre/templateflow
ITK_GLOBAL_DEFAULT_NUMBER_OF_THREADS: 16
##########################

Info [verificarlo]: loaded backend libinterflop_vprec.so
Info [interflop-vprec]: load backend with: 
Info [interflop-vprec]: precision-binary32 = 22
Info [interflop-vprec]: range-binary32 = 8
Info [interflop-vprec]: precision-binary64 = 22
Info [interflop-vprec]: range-binary64 = 8
Info [interflop-vprec]: mode = ob
Info [interflop-vprec]: error-mode = rel
Info [interflop-vprec]: max-abs-error-exponent = -1022
Info [interflop-vprec]: daz = false
Info [interflop-vprec]: ftz = false
Info [interflop-vprec]: 	instrument = none
Info [interflop-vprec]: 	prec-input-file = (null)
Info [interflop-vprec]: 	prec-output-file = (null)
Info [interflop-vprec]: 	prec-log-file = (null)
All_Command_lines_OK
Using double precision for computations.
=============================================================================
The composite transform comprises the following transforms (in order): 
  1. Center of mass alignment using fixed image: /templateflow/tpl-MNI152NLin2009cAsym/tpl-MNI152NLin2009cAsym_res-01_desc-brain_T1w.nii.gz and moving image: /home/mdugre/scratch/mri-registration-rp/datasets/ds004513/derivatives/mri-registration-rp/antsBrainExtraction/sub-s020/BrainExtractionBrain.nii.gz (type = Euler3DTransform)
=============================================================================
  number of levels = 1
  fixed image: /templateflow/tpl-MNI152NLin2009cAsym/tpl-MNI152NLin2009cAsym_res-01_desc-brain_T1w.nii.gz
  moving image: /home/mdugre/scratch/mri-registration-rp/datasets/ds004513/derivatives/mri-registration-rp/antsBrainExtraction/sub-s020/BrainExtractionBrain.nii.gz
Dimension = 3
Number of stages = 1
Use histogram matching = false
Winsorize image intensities = true
  Lower quantile = 0.005
  Upper quantile = 0.995


Stage 1 State
   Image metric = MattesMI
     Fixed image = Image (0x414bb20)
  RTTI typeinfo:   itk::Image<double, 3u>
  Reference Count: 2
  Modified Time: 2334
  Debug: Off
  Object Name: 
  Observers: 
    none
  Source: (none)
  Source output name: (none)
  Release Data: Off
  Data Released: False
  Global Release Data: Off
  PipelineMTime: 0
  UpdateMTime: 1943
  RealTimeStamp: 0 seconds 
  LargestPossibleRegion: 
    Dimension: 3
    Index: [0, 0, 0]
    Size: [193, 229, 193]
  BufferedRegion: 
    Dimension: 3
    Index: [0, 0, 0]
    Size: [193, 229, 193]
  RequestedRegion: 
    Dimension: 3
    Index: [0, 0, 0]
    Size: [193, 229, 193]
  Spacing: [1, 1, 1]
  Origin: [96, 132, -78]
  Direction: 
-1 0 0
0 -1 0
0 0 1

  IndexToPointMatrix: 
-1 0 0
0 -1 0
0 0 1

  PointToIndexMatrix: 
-1 0 0
0 -1 0
0 0 1

  Inverse Direction: 
-1 0 0
0 -1 0
0 0 1

  PixelContainer: 
    ImportImageContainer (0x4277650)
      RTTI typeinfo:   itk::ImportImageContainer<unsigned long, double>
      Reference Count: 1
      Modified Time: 1940
      Debug: Off
      Object Name: 
      Observers: 
        none
      Pointer: 0x146c7cac5010
      Container manages memory: true
      Size: 8530021
      Capacity: 8530021

     Moving image = Image (0x414dad0)
  RTTI typeinfo:   itk::Image<double, 3u>
  Reference Count: 2
  Modified Time: 2335
  Debug: Off
  Object Name: 
  Observers: 
    none
  Source: (none)
  Source output name: (none)
  Release Data: Off
  Data Released: False
  Global Release Data: Off
  PipelineMTime: 0
  UpdateMTime: 2332
  RealTimeStamp: 0 seconds 
  LargestPossibleRegion: 
    Dimension: 3
    Index: [0, 0, 0]
    Size: [160, 240, 256]
  BufferedRegion: 
    Dimension: 3
    Index: [0, 0, 0]
    Size: [160, 240, 256]
  RequestedRegion: 
    Dimension: 3
    Index: [0, 0, 0]
    Size: [160, 240, 256]
  Spacing: [0.999995, 1, 1]
  Origin: [87.0906, 98.7205, -152.377]
  Direction: 
-0.996975 0.0261379 -0.0731913
-0.0260677 -0.999658 -0.00191374
-0.0732163 -2.46403e-08 0.997316

  IndexToPointMatrix: 
-0.996971 0.0261379 -0.0731913
-0.0260676 -0.999658 -0.00191374
-0.0732159 -2.46403e-08 0.997316

  PointToIndexMatrix: 
-0.99698 -0.0260679 -0.0732167
0.0261379 -0.999659 -3.57628e-07
-0.0731913 -0.00191373 0.997316

  Inverse Direction: 
-0.996976 -0.0260677 -0.0732163
0.0261379 -0.999659 -3.57628e-07
-0.0731913 -0.00191367 0.997316

  PixelContainer: 
    ImportImageContainer (0x4195050)
      RTTI typeinfo:   itk::ImportImageContainer<unsigned long, double>
      Reference Count: 1
      Modified Time: 2329
      Debug: Off
      Object Name: 
      Observers: 
        none
      Pointer: 0x146c77fc4010
      Container manages memory: true
      Size: 9830400
      Capacity: 9830400

     Weighting = 1
     Sampling strategy = regular
     Number of bins = 32
     Radius = 4
     Sampling percentage  = 0.25
   Transform = Rigid
     Gradient step = 0.1
     Update field sigma (voxel space) = 0
     Total field sigma (voxel space) = 0
     Update field time sigma = 0
     Total field time sigma  = 0
     Number of time indices = 0
     Number of time point samples = 0
Registration using 1 total stages.

Stage 0
  iterations = 0
  convergence threshold = 1e-06
  convergence window size = 10
  number of levels = 1
  using the Mattes MI metric (number of bins = 32, weight = 1, use gradient filter = 0)
  preprocessing:  winsorizing the image intensities
  Shrink factors (level 1 out of 1): [1, 1, 1]
  smoothing sigmas per level: [0]
  regular sampling (percentage = 0.25)

*** Running Euler3DTransform registration ***

  Elapsed time (stage 0): 0


Total elapsed time: 0
Info [verificarlo]: loaded backend libinterflop_vprec.so
Info [interflop-vprec]: load backend with: 
Info [interflop-vprec]: precision-binary32 = 22
Info [interflop-vprec]: range-binary32 = 8
Info [interflop-vprec]: precision-binary64 = 22
Info [interflop-vprec]: range-binary64 = 8
Info [interflop-vprec]: mode = ob
Info [interflop-vprec]: error-mode = rel
Info [interflop-vprec]: max-abs-error-exponent = -1022
Info [interflop-vprec]: daz = false
Info [interflop-vprec]: ftz = false
Info [interflop-vprec]: 	instrument = none
Info [interflop-vprec]: 	prec-input-file = (null)
Info [interflop-vprec]: 	prec-output-file = (null)
Info [interflop-vprec]: 	prec-log-file = (null)
All_Command_lines_OK
Using double precision for computations.
=============================================================================
The composite transform comprises the following transforms (in order): 
  1. /home/mdugre/scratch/mri-registration-rp/datasets/ds004513/derivatives/mri-registration-rp/1111/antsRegistration-r8-p22/sub-s020/align_Composite.h5[0] (type = Euler3DTransform)
  2. /home/mdugre/scratch/mri-registration-rp/datasets/ds004513/derivatives/mri-registration-rp/1111/antsRegistration-r8-p22/sub-s020/align_Composite.h5[1] (type = Euler3DTransform)
=============================================================================
  number of levels = 4
  fixed image: /templateflow/tpl-MNI152NLin2009cAsym/tpl-MNI152NLin2009cAsym_res-01_desc-brain_T1w.nii.gz
  moving image: /home/mdugre/scratch/mri-registration-rp/datasets/ds004513/derivatives/mri-registration-rp/antsBrainExtraction/sub-s020/BrainExtractionBrain.nii.gz
Dimension = 3
Number of stages = 1
Use histogram matching = false
Winsorize image intensities = true
  Lower quantile = 0.005
  Upper quantile = 0.995


Stage 1 State
   Image metric = MattesMI
     Fixed image = Image (0x3e7f1e0)
  RTTI typeinfo:   itk::Image<double, 3u>
  Reference Count: 2
  Modified Time: 1580
  Debug: Off
  Object Name: 
  Observers: 
    none
  Source: (none)
  Source output name: (none)
  Release Data: Off
  Data Released: False
  Global Release Data: Off
  PipelineMTime: 0
  UpdateMTime: 1189
  RealTimeStamp: 0 seconds 
  LargestPossibleRegion: 
    Dimension: 3
    Index: [0, 0, 0]
    Size: [193, 229, 193]
  BufferedRegion: 
    Dimension: 3
    Index: [0, 0, 0]
    Size: [193, 229, 193]
  RequestedRegion: 
    Dimension: 3
    Index: [0, 0, 0]
    Size: [193, 229, 193]
  Spacing: [1, 1, 1]
  Origin: [96, 132, -78]
  Direction: 
-1 0 0
0 -1 0
0 0 1

  IndexToPointMatrix: 
-1 0 0
0 -1 0
0 0 1

  PointToIndexMatrix: 
-1 0 0
0 -1 0
0 0 1

  Inverse Direction: 
-1 0 0
0 -1 0
0 0 1

  PixelContainer: 
    ImportImageContainer (0x3f3e640)
      RTTI typeinfo:   itk::ImportImageContainer<unsigned long, double>
      Reference Count: 1
      Modified Time: 1186
      Debug: Off
      Object Name: 
      Observers: 
        none
      Pointer: 0x15181bfd0010
      Container manages memory: true
      Size: 8530021
      Capacity: 8530021

     Moving image = Image (0x3f3ac90)
  RTTI typeinfo:   itk::Image<double, 3u>
  Reference Count: 2
  Modified Time: 1581
  Debug: Off
  Object Name: 
  Observers: 
    none
  Source: (none)
  Source output name: (none)
  Release Data: Off
  Data Released: False
  Global Release Data: Off
  PipelineMTime: 0
  UpdateMTime: 1578
  RealTimeStamp: 0 seconds 
  LargestPossibleRegion: 
    Dimension: 3
    Index: [0, 0, 0]
    Size: [160, 240, 256]
  BufferedRegion: 
    Dimension: 3
    Index: [0, 0, 0]
    Size: [160, 240, 256]
  RequestedRegion: 
    Dimension: 3
    Index: [0, 0, 0]
    Size: [160, 240, 256]
  Spacing: [0.999995, 1, 1]
  Origin: [87.0906, 98.7205, -152.377]
  Direction: 
-0.996975 0.0261379 -0.0731913
-0.0260677 -0.999658 -0.00191374
-0.0732163 -2.46403e-08 0.997316

  IndexToPointMatrix: 
-0.996971 0.0261379 -0.0731913
-0.0260676 -0.999658 -0.00191374
-0.0732159 -2.46403e-08 0.997316

  PointToIndexMatrix: 
-0.99698 -0.0260679 -0.0732167
0.0261379 -0.999659 -3.57628e-07
-0.0731913 -0.00191373 0.997316

  Inverse Direction: 
-0.996976 -0.0260677 -0.0732163
0.0261379 -0.999659 -3.57628e-07
-0.0731913 -0.00191367 0.997316

  PixelContainer: 
    ImportImageContainer (0x3fabd90)
      RTTI typeinfo:   itk::ImportImageContainer<unsigned long, double>
      Reference Count: 1
      Modified Time: 1575
      Debug: Off
      Object Name: 
      Observers: 
        none
      Pointer: 0x1518174cf010
      Container manages memory: true
      Size: 9830400
      Capacity: 9830400

     Weighting = 1
     Sampling strategy = regular
     Number of bins = 32
     Radius = 4
     Sampling percentage  = 0.25
   Transform = Rigid
     Gradient step = 0.1
     Update field sigma (voxel space) = 0
     Total field sigma (voxel space) = 0
     Update field time sigma = 0
     Total field time sigma  = 0
     Number of time indices = 0
     Number of time point samples = 0
Registration using 1 total stages.

Stage 0
  iterations = 1000x500x250x100
  convergence threshold = 1e-06
  convergence window size = 10
  number of levels = 4
  using the Mattes MI metric (number of bins = 32, weight = 1, use gradient filter = 0)
  preprocessing:  winsorizing the image intensities
  Shrink factors (level 1 out of 4): [8, 8, 8]
  Shrink factors (level 2 out of 4): [4, 4, 4]
  Shrink factors (level 3 out of 4): [2, 2, 2]
  Shrink factors (level 4 out of 4): [1, 1, 1]
  smoothing sigmas per level: [3, 2, 1, 0]
  regular sampling (percentage = 0.25)

*** Running Euler3DTransform registration ***

DIAGNOSTIC,Iteration,metricValue,convergenceValue,ITERATION_TIME_INDEX,SINCE_LAST
 2DIAGNOSTIC,     1, -3.801876749867e-01, 1.797693134862e+308, 0.0000e+00, 0.0000e+00, 
 2DIAGNOSTIC,     2, -3.815798972692e-01, 1.797693134862e+308, 0.0000e+00, 0.0000e+00, 
 2DIAGNOSTIC,     3, -3.844901169060e-01, 1.797693134862e+308, 0.0000e+00, 0.0000e+00, 
 2DIAGNOSTIC,     4, -3.879645182320e-01, 1.797693134862e+308, 0.0000e+00, 0.0000e+00, 
 2DIAGNOSTIC,     5, -3.904354547684e-01, 1.797693134862e+308, 0.0000e+00, 0.0000e+00, 
 2DIAGNOSTIC,     6, -3.909145731416e-01, 1.797693134862e+308, 0.0000e+00, 0.0000e+00, 
 2DIAGNOSTIC,     7, -3.914488872007e-01, 1.797693134862e+308, 0.0000e+00, 0.0000e+00, 
 2DIAGNOSTIC,     8, -3.931983929548e-01, 1.797693134862e+308, 0.0000e+00, 0.0000e+00, 
 2DIAGNOSTIC,     9, -3.962288954655e-01, 1.797693134862e+308, 0.0000e+00, 0.0000e+00, 
 2DIAGNOSTIC,    10, -4.044298583641e-01, 3.271525880570e-03, 0.0000e+00, 0.0000e+00, 
 2DIAGNOSTIC,    11, -4.116559148991e-01, 3.606169088842e-03, 0.0000e+00, 0.0000e+00, 
 2DIAGNOSTIC,    12, -4.165913514734e-01, 3.932670107311e-03, 0.0000e+00, 0.0000e+00, 
 2DIAGNOSTIC,    13, -4.197209035567e-01, 4.182656676482e-03, 0.0000e+00, 0.0000e+00, 
 2DIAGNOSTIC,    14, -4.253043665307e-01, 4.471780788101e-03, 0.0000e+00, 0.0000e+00, 
 2DIAGNOSTIC,    15, -4.290367382966e-01, 4.595388043128e-03, 0.0000e+00, 0.0000e+00, 
 2DIAGNOSTIC,    16, -4.376905641662e-01, 4.675808878706e-03, 0.0000e+00, 0.0000e+00, 
 2DIAGNOSTIC,    17, -4.427988165796e-01, 4.542992155231e-03, 0.0000e+00, 0.0000e+00, 
 2DIAGNOSTIC,    18, -4.505543928036e-01, 4.375166646426e-03, 0.0000e+00, 0.0000e+00, 
 2DIAGNOSTIC,    19, -4.507211500918e-01, 3.932848191939e-03, 0.0000e+00, 0.0000e+00, 
 2DIAGNOSTIC,    20, -4.507710377293e-01, 3.458760096319e-03, 0.0000e+00, 0.0000e+00, 
 2DIAGNOSTIC,    21, -4.507546115082e-01, 2.947042995011e-03, 0.0000e+00, 0.0000e+00, 
 2DIAGNOSTIC,    22, -4.508068128182e-01, 2.363759754054e-03, 0.0000e+00, 0.0000e+00, 
 2DIAGNOSTIC,    23, -4.508132227334e-01, 1.704366259559e-03, 0.0000e+00, 0.0000e+00, 
 2DIAGNOSTIC,    24, -4.509253011647e-01, 1.107718254350e-03, 0.0000e+00, 0.0000e+00, 
 2DIAGNOSTIC,    25, -4.510197167444e-01, 5.607534191842e-04, 0.0000e+00, 0.0000e+00, 
 2DIAGNOSTIC,    26, -4.510829681760e-01, 2.315189656883e-04, 0.0000e+00, 0.0000e+00, 
 2DIAGNOSTIC,    27, -4.511079566710e-01, 2.932264279938e-05, 0.0000e+00, 0.0000e+00, 
 2DIAGNOSTIC,    28, -4.512461677728e-01, 2.923331790078e-05, 0.0000e+00, 0.0000e+00, 
 2DIAGNOSTIC,    29, -4.516624898704e-01, 3.985596517875e-05, 0.0000e+00, 0.0000e+00, 
 2DIAGNOSTIC,    30, -4.518219077879e-01, 5.049885716774e-05, 0.0000e+00, 0.0000e+00, 
 2DIAGNOSTIC,    31, -4.520835816394e-01, 6.106284544417e-05, 0.0000e+00, 0.0000e+00, 
 2DIAGNOSTIC,    32, -4.522188789211e-01, 6.921496506006e-05, 0.0000e+00, 0.0000e+00, 
 2DIAGNOSTIC,    33, -4.524756547599e-01, 7.562910821514e-05, 0.0000e+00, 0.0000e+00, 
 2DIAGNOSTIC,    34, -4.526237474995e-01, 7.943492843528e-05, 0.0000e+00, 0.0000e+00, 
 2DIAGNOSTIC,    35, -4.527124799522e-01, 7.897170778197e-05, 0.0000e+00, 0.0000e+00, 
 2DIAGNOSTIC,    36, -4.539953505732e-01, 9.596665009863e-05, 0.0000e+00, 0.0000e+00, 
 2DIAGNOSTIC,    37, -4.552789549938e-01, 1.257128580062e-04, 0.0000e+00, 0.0000e+00, 
 2DIAGNOSTIC,    38, -4.568223728512e-01, 1.705711063306e-04, 0.0000e+00, 0.0000e+00, 
 2DIAGNOSTIC,    39, -4.574810589458e-01, 2.148076639351e-04, 0.0000e+00, 0.0000e+00, 
 2DIAGNOSTIC,    40, -4.581619963793e-01, 2.503318701239e-04, 0.0000e+00, 0.0000e+00, 
 2DIAGNOSTIC,    41, -4.585892512303e-01, 2.710876947153e-04, 0.0000e+00, 0.0000e+00, 
 2DIAGNOSTIC,    42, -4.596378346454e-01, 2.830261993260e-04, 0.0000e+00, 0.0000e+00, 
 2DIAGNOSTIC,    43, -4.626004694651e-01, 3.159639249879e-04, 0.0000e+00, 0.0000e+00, 
 2DIAGNOSTIC,    44, -4.687514333883e-01, 4.098984573496e-04, 0.0000e+00, 0.0000e+00, 
 2DIAGNOSTIC,    45, -4.754036392851e-01, 5.558343020134e-04, 0.0000e+00, 0.0000e+00, 
 2DIAGNOSTIC,    46, -4.764089334360e-01, 6.729283401952e-04, 0.0000e+00, 0.0000e+00, 
 2DIAGNOSTIC,    47, -4.804070851186e-01, 7.945220439843e-04, 0.0000e+00, 0.0000e+00, 
 2DIAGNOSTIC,    48, -4.819374968435e-01, 8.751182099557e-04, 0.0000e+00, 0.0000e+00, 
 2DIAGNOSTIC,    49, -4.825764893480e-01, 8.840538980183e-04, 0.0000e+00, 0.0000e+00, 
 2DIAGNOSTIC,    50, -4.827919364646e-01, 8.193250735696e-04, 0.0000e+00, 0.0000e+00, 
 2DIAGNOSTIC,    51, -4.831290925360e-01, 6.896138545692e-04, 0.0000e+00, 0.0000e+00, 
 2DIAGNOSTIC,    52, -4.845098850979e-01, 5.296867418871e-04, 0.0000e+00, 0.0000e+00, 
 2DIAGNOSTIC,    53, -4.871527733681e-01, 3.916364301151e-04, 0.0000e+00, 0.0000e+00, 
 2DIAGNOSTIC,    54, -4.895789319591e-01, 3.212467292111e-04, 0.0000e+00, 0.0000e+00, 
 2DIAGNOSTIC,    55, -4.896832921325e-01, 3.017248087566e-04, 0.0000e+00, 0.0000e+00, 
 2DIAGNOSTIC,    56, -4.900344709365e-01, 2.692270428033e-04, 0.0000e+00, 0.0000e+00, 
 2DIAGNOSTIC,    57, -4.901190563457e-01, 2.574284091188e-04, 0.0000e+00, 0.0000e+00, 
 2DIAGNOSTIC,    58, -4.907406972709e-01, 2.442978579309e-04, 0.0000e+00, 0.0000e+00, 
 2DIAGNOSTIC,    59, -4.928192880207e-01, 2.370295756554e-04, 0.0000e+00, 0.0000e+00, 
 2DIAGNOSTIC,    60, -4.926312659022e-01, 2.074808322726e-04, 0.0000e+00, 0.0000e+00, 
 2DIAGNOSTIC,    61, -4.927628447331e-01, 1.646628933710e-04, 0.0000e+00, 0.0000e+00, 
 2DIAGNOSTIC,    62, -4.929517224090e-01, 1.233568182447e-04, 0.0000e+00, 0.0000e+00, 
 2DIAGNOSTIC,    63, -4.932630938700e-01, 1.003751073000e-04, 0.0000e+00, 0.0000e+00, 
 2DIAGNOSTIC,    64, -4.935909275460e-01, 9.530020809513e-05, 0.0000e+00, 0.0000e+00, 
 2DIAGNOSTIC,    65, -4.939122093223e-01, 8.533587742885e-05, 0.0000e+00, 0.0000e+00, 
 2DIAGNOSTIC,    66, -4.943151233853e-01, 7.506515051308e-05, 0.0000e+00, 0.0000e+00, 
 2DIAGNOSTIC,    67, -4.967398925614e-01, 8.140758902659e-05, 0.0000e+00, 0.0000e+00, 
 2DIAGNOSTIC,    68, -4.973085743556e-01, 8.955800243220e-05, 0.0000e+00, 0.0000e+00, 
 2DIAGNOSTIC,    69, -4.973666405998e-01, 1.084365294040e-04, 0.0000e+00, 0.0000e+00, 
 2DIAGNOSTIC,    70, -4.972952559882e-01, 1.143770341934e-04, 0.0000e+00, 0.0000e+00, 
 2DIAGNOSTIC,    71, -4.973035056576e-01, 1.103822535477e-04, 0.0000e+00, 0.0000e+00, 
 2DIAGNOSTIC,    72, -4.973171503684e-01, 9.728929711911e-05, 0.0000e+00, 0.0000e+00, 
 2DIAGNOSTIC,    73, -4.973401596103e-01, 7.794325266050e-05, 0.0000e+00, 0.0000e+00, 
 2DIAGNOSTIC,    74, -4.972916907725e-01, 5.431364615434e-05, 0.0000e+00, 0.0000e+00, 
 2DIAGNOSTIC,    75, -4.974126124222e-01, 3.008307691992e-05, 0.0000e+00, 0.0000e+00, 
 2DIAGNOSTIC,    76, -4.974869926906e-01, 7.048310508640e-06, 0.0000e+00, 0.0000e+00, 
 2DIAGNOSTIC,    77, -4.975327009878e-01, 3.743770816807e-06, 0.0000e+00, 0.0000e+00, 
 2DIAGNOSTIC,    78, -4.975308254283e-01, 4.699235131763e-06, 0.0000e+00, 0.0000e+00, 
 2DIAGNOSTIC,    79, -4.976496318811e-01, 6.635961403783e-06, 0.0000e+00, 0.0000e+00, 
 2DIAGNOSTIC,    80, -4.976802972180e-01, 7.572994697995e-06, 0.0000e+00, 0.0000e+00, 
 2DIAGNOSTIC,    81, -4.979315668051e-01, 9.753930814139e-06, 0.0000e+00, 0.0000e+00, 
 2DIAGNOSTIC,    82, -4.981842453861e-01, 1.293843379486e-05, 0.0000e+00, 0.0000e+00, 
 2DIAGNOSTIC,    83, -4.984253257654e-01, 1.678777171926e-05, 0.0000e+00, 0.0000e+00, 
 2DIAGNOSTIC,    84, -4.986399113362e-01, 2.014585501098e-05, 0.0000e+00, 0.0000e+00, 
 2DIAGNOSTIC,    85, -4.992160471364e-01, 2.653056481160e-05, 0.0000e+00, 0.0000e+00, 
 2DIAGNOSTIC,    86, -4.996652586875e-01, 3.386290767226e-05, 0.0000e+00, 0.0000e+00, 
 2DIAGNOSTIC,    87, -4.997945077174e-01, 3.896755670028e-05, 0.0000e+00, 0.0000e+00, 
 2DIAGNOSTIC,    88, -4.997119482189e-01, 3.967671985740e-05, 0.0000e+00, 0.0000e+00, 
 2DIAGNOSTIC,    89, -4.997438130894e-01, 3.768278419675e-05, 0.0000e+00, 0.0000e+00, 
 2DIAGNOSTIC,    90, -4.996918375507e-01, 3.190376375656e-05, 0.0000e+00, 0.0000e+00, 
 2DIAGNOSTIC,    91, -4.997178984539e-01, 2.500547267266e-05, 0.0000e+00, 0.0000e+00, 
 2DIAGNOSTIC,    92, -4.998675488101e-01, 1.856141303551e-05, 0.0000e+00, 0.0000e+00, 
 2DIAGNOSTIC,    93, -5.000194274950e-01, 1.311181520542e-05, 0.0000e+00, 0.0000e+00, 
 2DIAGNOSTIC,    94, -5.000421972805e-01, 8.021085121065e-06, 0.0000e+00, 0.0000e+00, 
 2DIAGNOSTIC,    95, -5.000587465350e-01, 6.050948996581e-06, 0.0000e+00, 0.0000e+00, 
 2DIAGNOSTIC,    96, -5.000736156016e-01, 6.499401589659e-06, 0.0000e+00, 0.0000e+00, 
 2DIAGNOSTIC,    97, -5.000945165774e-01, 7.277828959784e-06, 0.0000e+00, 0.0000e+00, 
 2DIAGNOSTIC,    98, -5.003044744924e-01, 8.131337510547e-06, 0.0000e+00, 0.0000e+00, 
 2DIAGNOSTIC,    99, -5.005482349001e-01, 9.890025476396e-06, 0.0000e+00, 0.0000e+00, 
 2DIAGNOSTIC,   100, -5.006425458311e-01, 1.093816071320e-05, 0.0000e+00, 0.0000e+00, 
 2DIAGNOSTIC,   101, -5.006909270039e-01, 1.139246980240e-05, 0.0000e+00, 0.0000e+00, 
 2DIAGNOSTIC,   102, -5.018322021722e-01, 1.842982065730e-05, 0.0000e+00, 0.0000e+00, 
 2DIAGNOSTIC,   103, -5.022818785116e-01, 2.689893668061e-05, 0.0000e+00, 0.0000e+00, 
 2DIAGNOSTIC,   104, -5.025309589714e-01, 3.418302086733e-05, 0.0000e+00, 0.0000e+00, 
 2DIAGNOSTIC,   105, -5.025402368534e-01, 3.829008979966e-05, 0.0000e+00, 0.0000e+00, 
 2DIAGNOSTIC,   106, -5.025422709073e-01, 3.879432372399e-05, 0.0000e+00, 0.0000e+00, 
 2DIAGNOSTIC,   107, -5.025966124129e-01, 3.588269489550e-05, 0.0000e+00, 0.0000e+00, 
 2DIAGNOSTIC,   108, -5.025567100602e-01, 3.042712320244e-05, 0.0000e+00, 0.0000e+00, 
 2DIAGNOSTIC,   109, -5.025723102354e-01, 2.366583257749e-05, 0.0000e+00, 0.0000e+00, 
 2DIAGNOSTIC,   110, -5.026740246389e-01, 1.594950658636e-05, 0.0000e+00, 0.0000e+00, 
 2DIAGNOSTIC,   111, -5.026764223545e-01, 6.995733066627e-06, 0.0000e+00, 0.0000e+00, 
 2DIAGNOSTIC,   112, -5.026769417569e-01, 3.654706392006e-06, 0.0000e+00, 0.0000e+00, 
 2DIAGNOSTIC,   113, -5.026789518090e-01, 2.431503190832e-06, 0.0000e+00, 0.0000e+00, 
 2DIAGNOSTIC,   114, -5.026808001854e-01, 2.349328451327e-06, 0.0000e+00, 0.0000e+00, 
 2DIAGNOSTIC,   115, -5.026827641612e-01, 2.118784923455e-06, 0.0000e+00, 0.0000e+00, 
 2DIAGNOSTIC,   116, -5.026852356977e-01, 1.727459758820e-06, 0.0000e+00, 0.0000e+00, 
 2DIAGNOSTIC,   117, -5.026879262847e-01, 1.511893913593e-06, 0.0000e+00, 0.0000e+00, 
 2DIAGNOSTIC,   118, -5.026928428194e-01, 1.007496342844e-06, 0.0000e+00, 0.0000e+00, 
DIAGNOSTIC,Iteration,metricValue,convergenceValue,ITERATION_TIME_INDEX,SINCE_LAST
 2DIAGNOSTIC,     1, -4.071064518871e-01, 1.797693134862e+308, 0.0000e+00, 0.0000e+00, 
 2DIAGNOSTIC,     2, -4.075571065858e-01, 1.797693134862e+308, 0.0000e+00, 0.0000e+00, 
 2DIAGNOSTIC,     3, -4.080304171474e-01, 1.797693134862e+308, 0.0000e+00, 0.0000e+00, 
 2DIAGNOSTIC,     4, -4.085509481656e-01, 1.797693134862e+308, 0.0000e+00, 0.0000e+00, 
 2DIAGNOSTIC,     5, -4.092952631976e-01, 1.797693134862e+308, 0.0000e+00, 0.0000e+00, 
 2DIAGNOSTIC,     6, -4.098024846885e-01, 1.797693134862e+308, 0.0000e+00, 0.0000e+00, 
 2DIAGNOSTIC,     7, -4.102803620044e-01, 1.797693134862e+308, 0.0000e+00, 0.0000e+00, 
 2DIAGNOSTIC,     8, -4.118134043438e-01, 1.797693134862e+308, 0.0000e+00, 0.0000e+00, 
 2DIAGNOSTIC,     9, -4.134074059310e-01, 1.797693134862e+308, 0.0000e+00, 0.0000e+00, 
 2DIAGNOSTIC,    10, -4.139280162961e-01, 1.076276998017e-03, 0.0000e+00, 0.0000e+00, 
 2DIAGNOSTIC,    11, -4.142213928497e-01, 1.040558130391e-03, 0.0000e+00, 0.0000e+00, 
 2DIAGNOSTIC,    12, -4.145825879829e-01, 9.653720377285e-04, 0.0000e+00, 0.0000e+00, 
 2DIAGNOSTIC,    13, -4.146633130706e-01, 8.428730491837e-04, 0.0000e+00, 0.0000e+00, 
 2DIAGNOSTIC,    14, -4.148826848588e-01, 6.964892788845e-04, 0.0000e+00, 0.0000e+00, 
 2DIAGNOSTIC,    15, -4.155587074020e-01, 5.718146550926e-04, 0.0000e+00, 0.0000e+00, 
 2DIAGNOSTIC,    16, -4.161816782968e-01, 4.596678506039e-04, 0.0000e+00, 0.0000e+00, 
 2DIAGNOSTIC,    17, -4.165941671769e-01, 3.536239530329e-04, 0.0000e+00, 0.0000e+00, 
 2DIAGNOSTIC,    18, -4.166858600498e-01, 2.880066681904e-04, 0.0000e+00, 0.0000e+00, 
 2DIAGNOSTIC,    19, -4.168413828969e-01, 2.662900026251e-04, 0.0000e+00, 0.0000e+00, 
 2DIAGNOSTIC,    20, -4.174108474841e-01, 2.592139519786e-04, 0.0000e+00, 0.0000e+00, 
 2DIAGNOSTIC,    21, -4.173708753769e-01, 2.360446245604e-04, 0.0000e+00, 0.0000e+00, 
 2DIAGNOSTIC,    22, -4.176318894463e-01, 2.129421122932e-04, 0.0000e+00, 0.0000e+00, 
 2DIAGNOSTIC,    23, -4.180626796751e-01, 1.876576093964e-04, 0.0000e+00, 0.0000e+00, 
 2DIAGNOSTIC,    24, -4.184282094326e-01, 1.632119232185e-04, 0.0000e+00, 0.0000e+00, 
 2DIAGNOSTIC,    25, -4.194899306230e-01, 1.726450457451e-04, 0.0000e+00, 0.0000e+00, 
 2DIAGNOSTIC,    26, -4.205424673351e-01, 2.086561656174e-04, 0.0000e+00, 0.0000e+00, 
 2DIAGNOSTIC,    27, -4.212086847476e-01, 2.495967301354e-04, 0.0000e+00, 0.0000e+00, 
 2DIAGNOSTIC,    28, -4.212114431102e-01, 2.665374531706e-04, 0.0000e+00, 0.0000e+00, 
 2DIAGNOSTIC,    29, -4.213125627080e-01, 2.633194940204e-04, 0.0000e+00, 0.0000e+00, 
 2DIAGNOSTIC,    30, -4.213891666306e-01, 2.501916456737e-04, 0.0000e+00, 0.0000e+00, 
 2DIAGNOSTIC,    31, -4.213529983256e-01, 2.121982292794e-04, 0.0000e+00, 0.0000e+00, 
 2DIAGNOSTIC,    32, -4.213823849914e-01, 1.627717905870e-04, 0.0000e+00, 0.0000e+00, 
 2DIAGNOSTIC,    33, -4.213965236280e-01, 1.106049700524e-04, 0.0000e+00, 0.0000e+00, 
 2DIAGNOSTIC,    34, -4.213920850102e-01, 5.821011844204e-05, 0.0000e+00, 0.0000e+00, 
 2DIAGNOSTIC,    35, -4.213987008723e-01, 2.381484291515e-05, 0.0000e+00, 0.0000e+00, 
 2DIAGNOSTIC,    36, -4.214055630658e-01, 8.947495927430e-06, 0.0000e+00, 0.0000e+00, 
 2DIAGNOSTIC,    37, -4.213980115999e-01, 6.313181623276e-06, 0.0000e+00, 0.0000e+00, 
 2DIAGNOSTIC,    38, -4.214054888868e-01, 3.439857924867e-06, 0.0000e+00, 0.0000e+00, 
 2DIAGNOSTIC,    39, -4.213962670144e-01, 2.034936726018e-06, 0.0000e+00, 0.0000e+00, 
 2DIAGNOSTIC,    40, -4.213985600610e-01, 1.960403734683e-06, 0.0000e+00, 0.0000e+00, 
 2DIAGNOSTIC,    41, -4.213947371906e-01, 1.098870212601e-06, 0.0000e+00, 0.0000e+00, 
 2DIAGNOSTIC,    42, -4.214334919713e-01, 1.349879765026e-06, 0.0000e+00, 0.0000e+00, 
 2DIAGNOSTIC,    43, -4.214587359926e-01, 2.143672793904e-06, 0.0000e+00, 0.0000e+00, 
 2DIAGNOSTIC,    44, -4.214684832521e-01, 2.843023924785e-06, 0.0000e+00, 0.0000e+00, 
 2DIAGNOSTIC,    45, -4.214429217034e-01, 3.029677136408e-06, 0.0000e+00, 0.0000e+00, 
 2DIAGNOSTIC,    46, -4.214460418950e-01, 3.153909956897e-06, 0.0000e+00, 0.0000e+00, 
 2DIAGNOSTIC,    47, -4.214616817971e-01, 3.136566407505e-06, 0.0000e+00, 0.0000e+00, 
 2DIAGNOSTIC,    48, -4.214561614855e-01, 2.895604403107e-06, 0.0000e+00, 0.0000e+00, 
 2DIAGNOSTIC,    49, -4.214644872524e-01, 2.449178320808e-06, 0.0000e+00, 0.0000e+00, 
 2DIAGNOSTIC,    50, -4.214659264441e-01, 1.917517329031e-06, 0.0000e+00, 0.0000e+00, 
 2DIAGNOSTIC,    51, -4.214731080559e-01, 1.320034233539e-06, 0.0000e+00, 0.0000e+00, 
 2DIAGNOSTIC,    52, -4.214800875736e-01, 1.260265833292e-06, 0.0000e+00, 0.0000e+00, 
 2DIAGNOSTIC,    53, -4.215006232975e-01, 1.720435656001e-06, 0.0000e+00, 0.0000e+00, 
 2DIAGNOSTIC,    54, -4.215002406049e-01, 2.180700554525e-06, 0.0000e+00, 0.0000e+00, 
 2DIAGNOSTIC,    55, -4.215001761524e-01, 2.158535009466e-06, 0.0000e+00, 0.0000e+00, 
 2DIAGNOSTIC,    56, -4.215000907300e-01, 2.020168813142e-06, 0.0000e+00, 0.0000e+00, 
 2DIAGNOSTIC,    57, -4.215001055188e-01, 1.934872134624e-06, 0.0000e+00, 0.0000e+00, 
 2DIAGNOSTIC,    58, -4.215000595575e-01, 1.649726973512e-06, 0.0000e+00, 0.0000e+00, 
 2DIAGNOSTIC,    59, -4.214999746416e-01, 1.364709871686e-06, 0.0000e+00, 0.0000e+00, 
 2DIAGNOSTIC,    60, -4.214999663461e-01, 1.028862199944e-06, 0.0000e+00, 0.0000e+00, 
DIAGNOSTIC,Iteration,metricValue,convergenceValue,ITERATION_TIME_INDEX,SINCE_LAST
 2DIAGNOSTIC,     1, -3.605766400819e-01, 1.797693134862e+308, 0.0000e+00, 0.0000e+00, 
 2DIAGNOSTIC,     2, -3.607856050399e-01, 1.797693134862e+308, 0.0000e+00, 0.0000e+00, 
 2DIAGNOSTIC,     3, -3.609343176169e-01, 1.797693134862e+308, 0.0000e+00, 0.0000e+00, 
 2DIAGNOSTIC,     4, -3.609904747850e-01, 1.797693134862e+308, 0.0000e+00, 0.0000e+00, 
 2DIAGNOSTIC,     5, -3.610260647750e-01, 1.797693134862e+308, 0.0000e+00, 0.0000e+00, 
 2DIAGNOSTIC,     6, -3.611030395299e-01, 1.797693134862e+308, 0.0000e+00, 0.0000e+00, 
 2DIAGNOSTIC,     7, -3.613007670413e-01, 1.797693134862e+308, 0.0000e+00, 0.0000e+00, 
 2DIAGNOSTIC,     8, -3.615885778165e-01, 1.797693134862e+308, 0.0000e+00, 0.0000e+00, 
 2DIAGNOSTIC,     9, -3.615943535225e-01, 1.797693134862e+308, 0.0000e+00, 0.0000e+00, 
 2DIAGNOSTIC,    10, -3.615961362759e-01, 1.875592585323e-04, 0.0000e+00, 0.0000e+00, 
 2DIAGNOSTIC,    11, -3.615960497251e-01, 1.536716624947e-04, 0.0000e+00, 0.0000e+00, 
 2DIAGNOSTIC,    12, -3.615958797591e-01, 1.251112205952e-04, 0.0000e+00, 0.0000e+00, 
 2DIAGNOSTIC,    13, -3.615954922740e-01, 9.853532262608e-05, 0.0000e+00, 0.0000e+00, 
 2DIAGNOSTIC,    14, -3.615953912956e-01, 7.029187505984e-05, 0.0000e+00, 0.0000e+00, 
 2DIAGNOSTIC,    15, -3.615949673188e-01, 4.170442088886e-05, 0.0000e+00, 0.0000e+00, 
 2DIAGNOSTIC,    16, -3.615943363109e-01, 1.671296076121e-05, 0.0000e+00, 0.0000e+00, 
 2DIAGNOSTIC,    17, -3.615944686126e-01, 2.086124706521e-06, 0.0000e+00, 0.0000e+00, 
 2DIAGNOSTIC,    18, -3.615945266608e-01, 1.637494639287e-06, 0.0000e+00, 0.0000e+00, 
 2DIAGNOSTIC,    19, -3.615945895643e-01, 1.487162455668e-06, 0.0000e+00, 0.0000e+00, 
 2DIAGNOSTIC,    20, -3.615945536782e-01, 1.437989187898e-06, 0.0000e+00, 0.0000e+00, 
 2DIAGNOSTIC,    21, -3.615945684618e-01, 1.405354131290e-06, 0.0000e+00, 0.0000e+00, 
 2DIAGNOSTIC,    22, -3.615946069259e-01, 1.381159762760e-06, 0.0000e+00, 0.0000e+00, 
 2DIAGNOSTIC,    23, -3.615946091900e-01, 1.351270261796e-06, 0.0000e+00, 0.0000e+00, 
 2DIAGNOSTIC,    24, -3.615946258725e-01, 1.324146589876e-06, 0.0000e+00, 0.0000e+00, 
 2DIAGNOSTIC,    25, -3.615946407003e-01, 1.286965193359e-06, 0.0000e+00, 0.0000e+00, 
 2DIAGNOSTIC,    26, -3.615946431351e-01, 1.232048616788e-06, 0.0000e+00, 0.0000e+00, 
 2DIAGNOSTIC,    27, -3.615946410345e-01, 1.183995165188e-06, 0.0000e+00, 0.0000e+00, 
 2DIAGNOSTIC,    28, -3.615946299065e-01, 1.139954427916e-06, 0.0000e+00, 0.0000e+00, 
 2DIAGNOSTIC,    29, -3.615946288194e-01, 1.100180212883e-06, 0.0000e+00, 0.0000e+00, 
 2DIAGNOSTIC,    30, -3.615946287643e-01, 1.061668077527e-06, 0.0000e+00, 0.0000e+00, 
 2DIAGNOSTIC,    31, -3.615946295654e-01, 1.025757634859e-06, 0.0000e+00, 0.0000e+00, 
DIAGNOSTIC,Iteration,metricValue,convergenceValue,ITERATION_TIME_INDEX,SINCE_LAST
 2DIAGNOSTIC,     1, -3.316669832607e-01, 1.797693134862e+308, 0.0000e+00, 0.0000e+00, 
 2DIAGNOSTIC,     2, -3.317744817591e-01, 1.797693134862e+308, 0.0000e+00, 0.0000e+00, 
 2DIAGNOSTIC,     3, -3.323100932028e-01, 1.797693134862e+308, 0.0000e+00, 0.0000e+00, 
 2DIAGNOSTIC,     4, -3.323289510761e-01, 1.797693134862e+308, 0.0000e+00, 0.0000e+00, 
 2DIAGNOSTIC,     5, -3.323671509627e-01, 1.797693134862e+308, 0.0000e+00, 0.0000e+00, 
 2DIAGNOSTIC,     6, -3.324453403271e-01, 1.797693134862e+308, 0.0000e+00, 0.0000e+00, 
 2DIAGNOSTIC,     7, -3.326174357401e-01, 1.797693134862e+308, 0.0000e+00, 0.0000e+00, 
 2DIAGNOSTIC,     8, -3.326770020706e-01, 1.797693134862e+308, 0.0000e+00, 0.0000e+00, 
 2DIAGNOSTIC,     9, -3.326754893191e-01, 1.797693134862e+308, 0.0000e+00, 0.0000e+00, 
 2DIAGNOSTIC,    10, -3.326760497363e-01, 1.914237377911e-04, 0.0000e+00, 0.0000e+00, 
 2DIAGNOSTIC,    11, -3.326760991377e-01, 1.301937522182e-04, 0.0000e+00, 0.0000e+00, 
 2DIAGNOSTIC,    12, -3.326761194813e-01, 7.414498739891e-05, 0.0000e+00, 0.0000e+00, 
 2DIAGNOSTIC,    13, -3.326760444576e-01, 5.546129160454e-05, 0.0000e+00, 0.0000e+00, 
 2DIAGNOSTIC,    14, -3.326759880427e-01, 3.593151949119e-05, 0.0000e+00, 0.0000e+00, 
 2DIAGNOSTIC,    15, -3.326760666261e-01, 1.816163804685e-05, 0.0000e+00, 0.0000e+00, 
 2DIAGNOSTIC,    16, -3.326761075745e-01, 5.095800702681e-06, 0.0000e+00, 0.0000e+00, 
 2DIAGNOSTIC,    17, -3.326760978710e-01, 1.848193418773e-06, 2.5600e+02, 2.5600e+02, 
 2DIAGNOSTIC,    18, -3.326760910037e-01, 1.794477474934e-06, 2.5600e+02, 0.0000e+00, 
 2DIAGNOSTIC,    19, -3.326760762354e-01, 1.674385569000e-06, 2.5600e+02, 0.0000e+00, 
 2DIAGNOSTIC,    20, -3.326761151136e-01, 1.591576544106e-06, 2.5600e+02, 0.0000e+00, 
 2DIAGNOSTIC,    21, -3.326761148525e-01, 1.518189721259e-06, 2.5600e+02, 0.0000e+00, 
 2DIAGNOSTIC,    22, -3.326761148232e-01, 1.451894599290e-06, 2.5600e+02, 0.0000e+00, 
 2DIAGNOSTIC,    23, -3.326761148681e-01, 1.388006968465e-06, 2.5600e+02, 0.0000e+00, 
 2DIAGNOSTIC,    24, -3.326761148681e-01, 1.326746779398e-06, 2.5600e+02, 0.0000e+00, 
 2DIAGNOSTIC,    25, -3.326761148681e-01, 1.272726152690e-06, 2.5600e+02, 0.0000e+00, 
 2DIAGNOSTIC,    26, -3.326761147386e-01, 1.224015290860e-06, 2.5600e+02, 0.0000e+00, 
 2DIAGNOSTIC,    27, -3.326761061836e-01, 1.178156444272e-06, 2.5600e+02, 0.0000e+00, 
 2DIAGNOSTIC,    28, -3.326761061836e-01, 1.135254007238e-06, 2.5600e+02, 0.0000e+00, 
 2DIAGNOSTIC,    29, -3.326761061836e-01, 1.094776398293e-06, 2.5600e+02, 0.0000e+00, 
 2DIAGNOSTIC,    30, -3.326761062688e-01, 1.058167417918e-06, 2.5600e+02, 0.0000e+00, 
 2DIAGNOSTIC,    31, -3.326761062688e-01, 1.023985694557e-06, 2.5600e+02, 0.0000e+00, 
  Elapsed time (stage 0): 2.5600e+02


Total elapsed time: 2.5600e+02
Info [verificarlo]: loaded backend libinterflop_vprec.so
Info [interflop-vprec]: load backend with: 
Info [interflop-vprec]: precision-binary32 = 22
Info [interflop-vprec]: range-binary32 = 8
Info [interflop-vprec]: precision-binary64 = 22
Info [interflop-vprec]: range-binary64 = 8
Info [interflop-vprec]: mode = ob
Info [interflop-vprec]: error-mode = rel
Info [interflop-vprec]: max-abs-error-exponent = -1022
Info [interflop-vprec]: daz = false
Info [interflop-vprec]: ftz = false
Info [interflop-vprec]: 	instrument = none
Info [interflop-vprec]: 	prec-input-file = (null)
Info [interflop-vprec]: 	prec-output-file = (null)
Info [interflop-vprec]: 	prec-log-file = (null)
All_Command_lines_OK
Using double precision for computations.
=============================================================================
The composite transform comprises the following transforms (in order): 
  1. /home/mdugre/scratch/mri-registration-rp/datasets/ds004513/derivatives/mri-registration-rp/1111/antsRegistration-r8-p22/sub-s020/rigid_Composite.h5[0] (type = Euler3DTransform)
  2. /home/mdugre/scratch/mri-registration-rp/datasets/ds004513/derivatives/mri-registration-rp/1111/antsRegistration-r8-p22/sub-s020/rigid_Composite.h5[1] (type = Euler3DTransform)
  3. /home/mdugre/scratch/mri-registration-rp/datasets/ds004513/derivatives/mri-registration-rp/1111/antsRegistration-r8-p22/sub-s020/rigid_Composite.h5[2] (type = Euler3DTransform)
=============================================================================
  number of levels = 4
  fixed image: /templateflow/tpl-MNI152NLin2009cAsym/tpl-MNI152NLin2009cAsym_res-01_desc-brain_T1w.nii.gz
  moving image: /home/mdugre/scratch/mri-registration-rp/datasets/ds004513/derivatives/mri-registration-rp/antsBrainExtraction/sub-s020/BrainExtractionBrain.nii.gz
Dimension = 3
Number of stages = 1
Use histogram matching = false
Winsorize image intensities = true
  Lower quantile = 0.005
  Upper quantile = 0.995


Stage 1 State
   Image metric = MattesMI
     Fixed image = Image (0x3ba7490)
  RTTI typeinfo:   itk::Image<double, 3u>
  Reference Count: 2
  Modified Time: 1594
  Debug: Off
  Object Name: 
  Observers: 
    none
  Source: (none)
  Source output name: (none)
  Release Data: Off
  Data Released: False
  Global Release Data: Off
  PipelineMTime: 0
  UpdateMTime: 1203
  RealTimeStamp: 0 seconds 
  LargestPossibleRegion: 
    Dimension: 3
    Index: [0, 0, 0]
    Size: [193, 229, 193]
  BufferedRegion: 
    Dimension: 3
    Index: [0, 0, 0]
    Size: [193, 229, 193]
  RequestedRegion: 
    Dimension: 3
    Index: [0, 0, 0]
    Size: [193, 229, 193]
  Spacing: [1, 1, 1]
  Origin: [96, 132, -78]
  Direction: 
-1 0 0
0 -1 0
0 0 1

  IndexToPointMatrix: 
-1 0 0
0 -1 0
0 0 1

  PointToIndexMatrix: 
-1 0 0
0 -1 0
0 0 1

  Inverse Direction: 
-1 0 0
0 -1 0
0 0 1

  PixelContainer: 
    ImportImageContainer (0x3c748d0)
      RTTI typeinfo:   itk::ImportImageContainer<unsigned long, double>
      Reference Count: 1
      Modified Time: 1200
      Debug: Off
      Object Name: 
      Observers: 
        none
      Pointer: 0x153aab96f010
      Container manages memory: true
      Size: 8530021
      Capacity: 8530021

     Moving image = Image (0x3c73e80)
  RTTI typeinfo:   itk::Image<double, 3u>
  Reference Count: 2
  Modified Time: 1595
  Debug: Off
  Object Name: 
  Observers: 
    none
  Source: (none)
  Source output name: (none)
  Release Data: Off
  Data Released: False
  Global Release Data: Off
  PipelineMTime: 0
  UpdateMTime: 1592
  RealTimeStamp: 0 seconds 
  LargestPossibleRegion: 
    Dimension: 3
    Index: [0, 0, 0]
    Size: [160, 240, 256]
  BufferedRegion: 
    Dimension: 3
    Index: [0, 0, 0]
    Size: [160, 240, 256]
  RequestedRegion: 
    Dimension: 3
    Index: [0, 0, 0]
    Size: [160, 240, 256]
  Spacing: [0.999995, 1, 1]
  Origin: [87.0906, 98.7205, -152.377]
  Direction: 
-0.996975 0.0261379 -0.0731913
-0.0260677 -0.999658 -0.00191374
-0.0732163 -2.46403e-08 0.997316

  IndexToPointMatrix: 
-0.996971 0.0261379 -0.0731913
-0.0260676 -0.999658 -0.00191374
-0.0732159 -2.46403e-08 0.997316

  PointToIndexMatrix: 
-0.99698 -0.0260679 -0.0732167
0.0261379 -0.999659 -3.57628e-07
-0.0731913 -0.00191373 0.997316

  Inverse Direction: 
-0.996976 -0.0260677 -0.0732163
0.0261379 -0.999659 -3.57628e-07
-0.0731913 -0.00191367 0.997316

  PixelContainer: 
    ImportImageContainer (0x3bb8ec0)
      RTTI typeinfo:   itk::ImportImageContainer<unsigned long, double>
      Reference Count: 1
      Modified Time: 1589
      Debug: Off
      Object Name: 
      Observers: 
        none
      Pointer: 0x153aa6e6e010
      Container manages memory: true
      Size: 9830400
      Capacity: 9830400

     Weighting = 1
     Sampling strategy = regular
     Number of bins = 32
     Radius = 4
     Sampling percentage  = 0.25
   Transform = Affine
     Gradient step = 0.1
     Update field sigma (voxel space) = 0
     Total field sigma (voxel space) = 0
     Update field time sigma = 0
     Total field time sigma  = 0
     Number of time indices = 0
     Number of time point samples = 0
Registration using 1 total stages.

Stage 0
  iterations = 1000x500x250x100
  convergence threshold = 1e-06
  convergence window size = 10
  number of levels = 4
  using the Mattes MI metric (number of bins = 32, weight = 1, use gradient filter = 0)
  preprocessing:  winsorizing the image intensities
  Shrink factors (level 1 out of 4): [8, 8, 8]
  Shrink factors (level 2 out of 4): [4, 4, 4]
  Shrink factors (level 3 out of 4): [2, 2, 2]
  Shrink factors (level 4 out of 4): [1, 1, 1]
  smoothing sigmas per level: [3, 2, 1, 0]
  regular sampling (percentage = 0.25)

*** Running AffineTransform registration ***

DIAGNOSTIC,Iteration,metricValue,convergenceValue,ITERATION_TIME_INDEX,SINCE_LAST
 2DIAGNOSTIC,     1, -5.138750756964e-01, 1.797693134862e+308, 0.0000e+00, 0.0000e+00, 
 2DIAGNOSTIC,     2, -5.153703147013e-01, 1.797693134862e+308, 0.0000e+00, 0.0000e+00, 
 2DIAGNOSTIC,     3, -5.181110700593e-01, 1.797693134862e+308, 0.0000e+00, 0.0000e+00, 
 2DIAGNOSTIC,     4, -5.229860449474e-01, 1.797693134862e+308, 0.0000e+00, 0.0000e+00, 
 2DIAGNOSTIC,     5, -5.336144650070e-01, 1.797693134862e+308, 0.0000e+00, 0.0000e+00, 
 2DIAGNOSTIC,     6, -6.118020492074e-01, 1.797693134862e+308, 0.0000e+00, 0.0000e+00, 
 2DIAGNOSTIC,     7, -6.910588355764e-01, 1.797693134862e+308, 0.0000e+00, 0.0000e+00, 
 2DIAGNOSTIC,     8, -6.916351493585e-01, 1.797693134862e+308, 0.0000e+00, 0.0000e+00, 
 2DIAGNOSTIC,     9, -6.918015261233e-01, 1.797693134862e+308, 0.0000e+00, 0.0000e+00, 
 2DIAGNOSTIC,    10, -6.919416774088e-01, 2.591541173890e-02, 0.0000e+00, 0.0000e+00, 
 2DIAGNOSTIC,    11, -6.919686921015e-01, 2.273632789318e-02, 0.0000e+00, 0.0000e+00, 
