
##########################
# Experiment information #
##########################

EXPERIMENT_NAME: antsRegistration-r7-p17
VFC_BACKENDS: libinterflop_vprec.so --range-binary32=7 --precision-binary32=17 --range-binary64=7 --precision-binary64=17

SIF_IMG: /home/mdugre/projects/rrg-glatard/mdugre/containers/ants-vprec-no_metrics.simg

SUBJECT_ID: s037
INPUT_IMG: /home/mdugre/scratch/mri-registration-rp/datasets/ds004513/derivatives/mri-registration-rp/antsBrainExtraction/sub-s037/BrainExtractionBrain.nii.gz
OUTPUT_DIR: /home/mdugre/scratch/mri-registration-rp/datasets/ds004513/derivatives/mri-registration-rp/1111/antsRegistration-r7-p17/sub-s037

FIXED_IMG: /templateflow/tpl-MNI152NLin2009cAsym/tpl-MNI152NLin2009cAsym_res-01_desc-brain_T1w.nii.gz
DATA_DIR: /home/mdugre/scratch/mri-registration-rp/datasets/ds004513
TEMPLATEFLOW_DIR: /home/mdugre/projects/rrg-glatard/mdugre/templateflow
ITK_GLOBAL_DEFAULT_NUMBER_OF_THREADS: 16
##########################

Info [verificarlo]: loaded backend libinterflop_vprec.so
Info [interflop-vprec]: load backend with: 
Info [interflop-vprec]: precision-binary32 = 17
Info [interflop-vprec]: range-binary32 = 7
Info [interflop-vprec]: precision-binary64 = 17
Info [interflop-vprec]: range-binary64 = 7
Info [interflop-vprec]: mode = ob
Info [interflop-vprec]: error-mode = rel
Info [interflop-vprec]: max-abs-error-exponent = -1022
Info [interflop-vprec]: daz = false
Info [interflop-vprec]: ftz = false
Info [interflop-vprec]: 	instrument = none
Info [interflop-vprec]: 	prec-input-file = (null)
Info [interflop-vprec]: 	prec-output-file = (null)
Info [interflop-vprec]: 	prec-log-file = (null)
All_Command_lines_OK
Using double precision for computations.
=============================================================================
The composite transform comprises the following transforms (in order): 
  1. Center of mass alignment using fixed image: /templateflow/tpl-MNI152NLin2009cAsym/tpl-MNI152NLin2009cAsym_res-01_desc-brain_T1w.nii.gz and moving image: /home/mdugre/scratch/mri-registration-rp/datasets/ds004513/derivatives/mri-registration-rp/antsBrainExtraction/sub-s037/BrainExtractionBrain.nii.gz (type = Euler3DTransform)
=============================================================================
  number of levels = 1
  fixed image: /templateflow/tpl-MNI152NLin2009cAsym/tpl-MNI152NLin2009cAsym_res-01_desc-brain_T1w.nii.gz
  moving image: /home/mdugre/scratch/mri-registration-rp/datasets/ds004513/derivatives/mri-registration-rp/antsBrainExtraction/sub-s037/BrainExtractionBrain.nii.gz
Dimension = 3
Number of stages = 1
Use histogram matching = false
Winsorize image intensities = true
  Lower quantile = 0.005
  Upper quantile = 0.995


Stage 1 State
   Image metric = MattesMI
     Fixed image = Image (0x4297b20)
  RTTI typeinfo:   itk::Image<double, 3u>
  Reference Count: 2
  Modified Time: 2330
  Debug: Off
  Object Name: 
  Observers: 
    none
  Source: (none)
  Source output name: (none)
  Release Data: Off
  Data Released: False
  Global Release Data: Off
  PipelineMTime: 0
  UpdateMTime: 1941
  RealTimeStamp: 0 seconds 
  LargestPossibleRegion: 
    Dimension: 3
    Index: [0, 0, 0]
    Size: [193, 229, 193]
  BufferedRegion: 
    Dimension: 3
    Index: [0, 0, 0]
    Size: [193, 229, 193]
  RequestedRegion: 
    Dimension: 3
    Index: [0, 0, 0]
    Size: [193, 229, 193]
  Spacing: [1, 1, 1]
  Origin: [96, 132, -78]
  Direction: 
-1 0 0
0 -1 0
0 0 1

  IndexToPointMatrix: 
-1 0 0
0 -1 0
0 0 1

  PointToIndexMatrix: 
-1 0 0
0 -1 0
0 0 1

  Inverse Direction: 
-1 0 0
0 -1 0
0 0 1

  PixelContainer: 
    ImportImageContainer (0x43c3650)
      RTTI typeinfo:   itk::ImportImageContainer<unsigned long, double>
      Reference Count: 1
      Modified Time: 1938
      Debug: Off
      Object Name: 
      Observers: 
        none
      Pointer: 0x14ee6e56f010
      Container manages memory: true
      Size: 8530021
      Capacity: 8530021

     Moving image = Image (0x42a0240)
  RTTI typeinfo:   itk::Image<double, 3u>
  Reference Count: 2
  Modified Time: 2331
  Debug: Off
  Object Name: 
  Observers: 
    none
  Source: (none)
  Source output name: (none)
  Release Data: Off
  Data Released: False
  Global Release Data: Off
  PipelineMTime: 0
  UpdateMTime: 2328
  RealTimeStamp: 0 seconds 
  LargestPossibleRegion: 
    Dimension: 3
    Index: [0, 0, 0]
    Size: [160, 240, 256]
  BufferedRegion: 
    Dimension: 3
    Index: [0, 0, 0]
    Size: [160, 240, 256]
  RequestedRegion: 
    Dimension: 3
    Index: [0, 0, 0]
    Size: [160, 240, 256]
  Spacing: [1, 1, 1]
  Origin: [87.9507, 102.562, -147.639]
  Direction: 
-0.998657 -0.043612 -0.027913
0.0435951 -0.99905 0.00121848
-0.0279396 -2.65543e-08 0.999611

  IndexToPointMatrix: 
-0.998657 -0.043612 -0.027913
0.0435951 -0.99905 0.00121848
-0.0279396 -2.65543e-08 0.999611

  PointToIndexMatrix: 
-0.998657 0.0435951 -0.0279396
-0.043612 -0.99905 -2.98023e-08
-0.027913 0.00121847 0.999611

  Inverse Direction: 
-0.998657 0.0435951 -0.0279396
-0.043612 -0.99905 -2.98023e-08
-0.027913 0.00121847 0.999611

  PixelContainer: 
    ImportImageContainer (0x43adb90)
      RTTI typeinfo:   itk::ImportImageContainer<unsigned long, double>
      Reference Count: 1
      Modified Time: 2325
      Debug: Off
      Object Name: 
      Observers: 
        none
      Pointer: 0x14ee69a6e010
      Container manages memory: true
      Size: 9830400
      Capacity: 9830400

     Weighting = 1
     Sampling strategy = regular
     Number of bins = 32
     Radius = 4
     Sampling percentage  = 0.25
   Transform = Rigid
     Gradient step = 0.1
     Update field sigma (voxel space) = 0
     Total field sigma (voxel space) = 0
     Update field time sigma = 0
     Total field time sigma  = 0
     Number of time indices = 0
     Number of time point samples = 0
Registration using 1 total stages.

Stage 0
  iterations = 0
  convergence threshold = 1e-06
  convergence window size = 10
  number of levels = 1
  using the Mattes MI metric (number of bins = 32, weight = 1, use gradient filter = 0)
  preprocessing:  winsorizing the image intensities
  Shrink factors (level 1 out of 1): [1, 1, 1]
  smoothing sigmas per level: [0]
  regular sampling (percentage = 0.25)

*** Running Euler3DTransform registration ***

  Elapsed time (stage 0): 0


Total elapsed time: 0
Info [verificarlo]: loaded backend libinterflop_vprec.so
Info [interflop-vprec]: load backend with: 
Info [interflop-vprec]: precision-binary32 = 17
Info [interflop-vprec]: range-binary32 = 7
Info [interflop-vprec]: precision-binary64 = 17
Info [interflop-vprec]: range-binary64 = 7
Info [interflop-vprec]: mode = ob
Info [interflop-vprec]: error-mode = rel
Info [interflop-vprec]: max-abs-error-exponent = -1022
Info [interflop-vprec]: daz = false
Info [interflop-vprec]: ftz = false
Info [interflop-vprec]: 	instrument = none
Info [interflop-vprec]: 	prec-input-file = (null)
Info [interflop-vprec]: 	prec-output-file = (null)
Info [interflop-vprec]: 	prec-log-file = (null)
All_Command_lines_OK
Using double precision for computations.
=============================================================================
The composite transform comprises the following transforms (in order): 
  1. /home/mdugre/scratch/mri-registration-rp/datasets/ds004513/derivatives/mri-registration-rp/1111/antsRegistration-r7-p17/sub-s037/align_Composite.h5[0] (type = Euler3DTransform)
  2. /home/mdugre/scratch/mri-registration-rp/datasets/ds004513/derivatives/mri-registration-rp/1111/antsRegistration-r7-p17/sub-s037/align_Composite.h5[1] (type = Euler3DTransform)
=============================================================================
  number of levels = 4
  fixed image: /templateflow/tpl-MNI152NLin2009cAsym/tpl-MNI152NLin2009cAsym_res-01_desc-brain_T1w.nii.gz
  moving image: /home/mdugre/scratch/mri-registration-rp/datasets/ds004513/derivatives/mri-registration-rp/antsBrainExtraction/sub-s037/BrainExtractionBrain.nii.gz
Dimension = 3
Number of stages = 1
Use histogram matching = false
Winsorize image intensities = true
  Lower quantile = 0.005
  Upper quantile = 0.995


Stage 1 State
   Image metric = MattesMI
     Fixed image = Image (0x40011e0)
  RTTI typeinfo:   itk::Image<double, 3u>
  Reference Count: 2
  Modified Time: 1578
  Debug: Off
  Object Name: 
  Observers: 
    none
  Source: (none)
  Source output name: (none)
  Release Data: Off
  Data Released: False
  Global Release Data: Off
  PipelineMTime: 0
  UpdateMTime: 1189
  RealTimeStamp: 0 seconds 
  LargestPossibleRegion: 
    Dimension: 3
    Index: [0, 0, 0]
    Size: [193, 229, 193]
  BufferedRegion: 
    Dimension: 3
    Index: [0, 0, 0]
    Size: [193, 229, 193]
  RequestedRegion: 
    Dimension: 3
    Index: [0, 0, 0]
    Size: [193, 229, 193]
  Spacing: [1, 1, 1]
  Origin: [96, 132, -78]
  Direction: 
-1 0 0
0 -1 0
0 0 1

  IndexToPointMatrix: 
-1 0 0
0 -1 0
0 0 1

  PointToIndexMatrix: 
-1 0 0
0 -1 0
0 0 1

  Inverse Direction: 
-1 0 0
0 -1 0
0 0 1

  PixelContainer: 
    ImportImageContainer (0x40c06f0)
      RTTI typeinfo:   itk::ImportImageContainer<unsigned long, double>
      Reference Count: 1
      Modified Time: 1186
      Debug: Off
      Object Name: 
      Observers: 
        none
      Pointer: 0x150e7d91b010
      Container manages memory: true
      Size: 8530021
      Capacity: 8530021

     Moving image = Image (0x40bcc90)
  RTTI typeinfo:   itk::Image<double, 3u>
  Reference Count: 2
  Modified Time: 1579
  Debug: Off
  Object Name: 
  Observers: 
    none
  Source: (none)
  Source output name: (none)
  Release Data: Off
  Data Released: False
  Global Release Data: Off
  PipelineMTime: 0
  UpdateMTime: 1576
  RealTimeStamp: 0 seconds 
  LargestPossibleRegion: 
    Dimension: 3
    Index: [0, 0, 0]
    Size: [160, 240, 256]
  BufferedRegion: 
    Dimension: 3
    Index: [0, 0, 0]
    Size: [160, 240, 256]
  RequestedRegion: 
    Dimension: 3
    Index: [0, 0, 0]
    Size: [160, 240, 256]
  Spacing: [1, 1, 1]
  Origin: [87.9507, 102.562, -147.639]
  Direction: 
-0.998657 -0.043612 -0.027913
0.0435951 -0.99905 0.00121848
-0.0279396 -2.65543e-08 0.999611

  IndexToPointMatrix: 
-0.998657 -0.043612 -0.027913
0.0435951 -0.99905 0.00121848
-0.0279396 -2.65543e-08 0.999611

  PointToIndexMatrix: 
-0.998657 0.0435951 -0.0279396
-0.043612 -0.99905 -2.98023e-08
-0.027913 0.00121847 0.999611

  Inverse Direction: 
-0.998657 0.0435951 -0.0279396
-0.043612 -0.99905 -2.98023e-08
-0.027913 0.00121847 0.999611

  PixelContainer: 
    ImportImageContainer (0x407f010)
      RTTI typeinfo:   itk::ImportImageContainer<unsigned long, double>
      Reference Count: 1
      Modified Time: 1573
      Debug: Off
      Object Name: 
      Observers: 
        none
      Pointer: 0x150e78e1a010
      Container manages memory: true
      Size: 9830400
      Capacity: 9830400

     Weighting = 1
     Sampling strategy = regular
     Number of bins = 32
     Radius = 4
     Sampling percentage  = 0.25
   Transform = Rigid
     Gradient step = 0.1
     Update field sigma (voxel space) = 0
     Total field sigma (voxel space) = 0
     Update field time sigma = 0
     Total field time sigma  = 0
     Number of time indices = 0
     Number of time point samples = 0
Registration using 1 total stages.

Stage 0
  iterations = 1000x500x250x100
  convergence threshold = 1e-06
  convergence window size = 10
  number of levels = 4
  using the Mattes MI metric (number of bins = 32, weight = 1, use gradient filter = 0)
  preprocessing:  winsorizing the image intensities
  Shrink factors (level 1 out of 4): [8, 8, 8]
  Shrink factors (level 2 out of 4): [4, 4, 4]
  Shrink factors (level 3 out of 4): [2, 2, 2]
  Shrink factors (level 4 out of 4): [1, 1, 1]
  smoothing sigmas per level: [3, 2, 1, 0]
  regular sampling (percentage = 0.25)

*** Running Euler3DTransform registration ***

DIAGNOSTIC,Iteration,metricValue,convergenceValue,ITERATION_TIME_INDEX,SINCE_LAST
 2DIAGNOSTIC,     1, -9.847464852131e-02, 1.797693134862e+308, 0.0000e+00, 0.0000e+00, 
 2DIAGNOSTIC,     2, -9.893877478272e-02, 1.797693134862e+308, 0.0000e+00, 0.0000e+00, 
 2DIAGNOSTIC,     3, -9.972744316848e-02, 1.797693134862e+308, 0.0000e+00, 0.0000e+00, 
 2DIAGNOSTIC,     4, -1.021139599103e-01, 1.797693134862e+308, 0.0000e+00, 0.0000e+00, 
 2DIAGNOSTIC,     5, -1.157369504671e-01, 1.797693134862e+308, 0.0000e+00, 0.0000e+00, 
 2DIAGNOSTIC,     6, -1.285638378600e-01, 1.797693134862e+308, 0.0000e+00, 0.0000e+00, 
 2DIAGNOSTIC,     7, -1.562371575308e-01, 1.797693134862e+308, 0.0000e+00, 0.0000e+00, 
 2DIAGNOSTIC,     8, -1.897975370409e-01, 1.797693134862e+308, 0.0000e+00, 0.0000e+00, 
 2DIAGNOSTIC,     9, -3.010925761882e-01, 1.797693134862e+308, 0.0000e+00, 0.0000e+00, 
 2DIAGNOSTIC,    10, -4.572187869268e-01, 1.017836463796e-01, 0.0000e+00, 0.0000e+00, 
 2DIAGNOSTIC,    11, -4.617006756020e-01, 1.098377768732e-01, 0.0000e+00, 0.0000e+00, 
 2DIAGNOSTIC,    12, -4.739845516692e-01, 1.074191429373e-01, 0.0000e+00, 0.0000e+00, 
 2DIAGNOSTIC,    13, -4.794086651576e-01, 9.732078064781e-02, 0.0000e+00, 0.0000e+00, 
 2DIAGNOSTIC,    14, -4.790837542102e-01, 8.160244054632e-02, 0.0000e+00, 0.0000e+00, 
 2DIAGNOSTIC,    15, -4.791067566118e-01, 6.326833860828e-02, 0.0000e+00, 0.0000e+00, 
 2DIAGNOSTIC,    16, -4.792874383179e-01, 4.406075800300e-02, 0.0000e+00, 0.0000e+00, 
 2DIAGNOSTIC,    17, -4.795176254101e-01, 2.628432215244e-02, 0.0000e+00, 0.0000e+00, 
 2DIAGNOSTIC,    18, -4.797281808521e-01, 1.088102706839e-02, 0.0000e+00, 0.0000e+00, 
 2DIAGNOSTIC,    19, -4.799881105223e-01, 1.995339759966e-03, 0.0000e+00, 0.0000e+00, 
 2DIAGNOSTIC,    20, -4.803734480835e-01, 1.064762090538e-03, 0.0000e+00, 0.0000e+00, 
 2DIAGNOSTIC,    21, -4.812668574984e-01, 3.710811601167e-04, 0.0000e+00, 0.0000e+00, 
 2DIAGNOSTIC,    22, -4.820569841786e-01, 2.225490417019e-04, 0.0000e+00, 0.0000e+00, 
 2DIAGNOSTIC,    23, -4.831001310975e-01, 3.024990178909e-04, 0.0000e+00, 0.0000e+00, 
 2DIAGNOSTIC,    24, -4.802739247013e-01, 2.394398259529e-04, 0.0000e+00, 0.0000e+00, 
 2DIAGNOSTIC,    25, -4.826849645753e-01, 2.416656241693e-04, 0.0000e+00, 0.0000e+00, 
 2DIAGNOSTIC,    26, -4.827382553023e-01, 2.252786086277e-04, 0.0000e+00, 0.0000e+00, 
 2DIAGNOSTIC,    27, -4.829683784332e-01, 2.018686337734e-04, 0.0000e+00, 0.0000e+00, 
 2DIAGNOSTIC,    28, -4.833889862692e-01, 1.801948347740e-04, 0.0000e+00, 0.0000e+00, 
 2DIAGNOSTIC,    29, -4.842378365446e-01, 1.737607157468e-04, 0.0000e+00, 0.0000e+00, 
 2DIAGNOSTIC,    30, -4.854489675006e-01, 1.905795152474e-04, 0.0000e+00, 0.0000e+00, 
 2DIAGNOSTIC,    31, -4.867863987210e-01, 2.397863039260e-04, 0.0000e+00, 0.0000e+00, 
 2DIAGNOSTIC,    32, -4.878782558403e-01, 3.051530232587e-04, 0.0000e+00, 0.0000e+00, 
 2DIAGNOSTIC,    33, -4.919828619556e-01, 4.533185725762e-04, 0.0000e+00, 0.0000e+00, 
 2DIAGNOSTIC,    34, -4.988459901683e-01, 6.302485423625e-04, 0.0000e+00, 0.0000e+00, 
 2DIAGNOSTIC,    35, -5.005714419224e-01, 8.170190648467e-04, 0.0000e+00, 0.0000e+00, 
 2DIAGNOSTIC,    36, -5.011615774973e-01, 9.280622728961e-04, 0.0000e+00, 0.0000e+00, 
 2DIAGNOSTIC,    37, -5.017329935089e-01, 9.611449504782e-04, 0.0000e+00, 0.0000e+00, 
 2DIAGNOSTIC,    38, -5.022420561201e-01, 9.171772233035e-04, 0.0000e+00, 0.0000e+00, 
 2DIAGNOSTIC,    39, -5.029043572505e-01, 8.138904094453e-04, 0.0000e+00, 0.0000e+00, 
 2DIAGNOSTIC,    40, -5.033110480400e-01, 6.677231951900e-04, 0.0000e+00, 0.0000e+00, 
 2DIAGNOSTIC,    41, -5.040054235426e-01, 5.032850609848e-04, 0.0000e+00, 0.0000e+00, 
 2DIAGNOSTIC,    42, -5.110157083888e-01, 4.329616219329e-04, 0.0000e+00, 0.0000e+00, 
 2DIAGNOSTIC,    43, -5.163866773784e-01, 4.705127310211e-04, 0.0000e+00, 0.0000e+00, 
 2DIAGNOSTIC,    44, -5.192163586557e-01, 6.095144533716e-04, 0.0000e+00, 0.0000e+00, 
 2DIAGNOSTIC,    45, -5.238845111121e-01, 7.802193511258e-04, 0.0000e+00, 0.0000e+00, 
 2DIAGNOSTIC,    46, -5.272588892183e-01, 9.246392256992e-04, 0.0000e+00, 0.0000e+00, 
 2DIAGNOSTIC,    47, -5.385179656418e-01, 1.139377242498e-03, 0.0000e+00, 0.0000e+00, 
 2DIAGNOSTIC,    48, -5.403752805512e-01, 1.262426653917e-03, 0.0000e+00, 0.0000e+00, 
 2DIAGNOSTIC,    49, -5.419780810155e-01, 1.291611534174e-03, 0.0000e+00, 0.0000e+00, 
 2DIAGNOSTIC,    50, -5.424928704863e-01, 1.211108108524e-03, 0.0000e+00, 0.0000e+00, 
 2DIAGNOSTIC,    51, -5.429647992915e-01, 1.031808545876e-03, 0.0000e+00, 0.0000e+00, 
 2DIAGNOSTIC,    52, -5.436690496540e-01, 8.563795002784e-04, 0.0000e+00, 0.0000e+00, 
 2DIAGNOSTIC,    53, -5.439702388799e-01, 6.761653421153e-04, 0.0000e+00, 0.0000e+00, 
 2DIAGNOSTIC,    54, -5.441618937373e-01, 4.765165762945e-04, 0.0000e+00, 0.0000e+00, 
 2DIAGNOSTIC,    55, -5.450473512518e-01, 3.059542604249e-04, 0.0000e+00, 0.0000e+00, 
 2DIAGNOSTIC,    56, -5.458311833765e-01, 1.577226441328e-04, 0.0000e+00, 0.0000e+00, 
 2DIAGNOSTIC,    57, -5.470939568706e-01, 1.403749677926e-04, 0.0000e+00, 0.0000e+00, 
 2DIAGNOSTIC,    58, -5.479244942287e-01, 1.392368802106e-04, 0.0000e+00, 0.0000e+00, 
 2DIAGNOSTIC,    59, -5.482378536971e-01, 1.454095260873e-04, 0.0000e+00, 0.0000e+00, 
 2DIAGNOSTIC,    60, -5.483130037173e-01, 1.436881073540e-04, 0.0000e+00, 0.0000e+00, 
 2DIAGNOSTIC,    61, -5.486523999916e-01, 1.364728275315e-04, 0.0000e+00, 0.0000e+00, 
 2DIAGNOSTIC,    62, -5.488198150106e-01, 1.250794289669e-04, 0.0000e+00, 0.0000e+00, 
 2DIAGNOSTIC,    63, -5.489582408462e-01, 1.065194867527e-04, 0.0000e+00, 0.0000e+00, 
 2DIAGNOSTIC,    64, -5.490894900630e-01, 8.162400788924e-05, 0.0000e+00, 0.0000e+00, 
 2DIAGNOSTIC,    65, -5.492659442600e-01, 6.002648732086e-05, 0.0000e+00, 0.0000e+00, 
 2DIAGNOSTIC,    66, -5.499193018178e-01, 4.669109079917e-05, 0.0000e+00, 0.0000e+00, 
 2DIAGNOSTIC,    67, -5.536828346656e-01, 7.528219049194e-05, 0.0000e+00, 0.0000e+00, 
 2DIAGNOSTIC,    68, -5.636979156281e-01, 1.927018605127e-04, 0.0000e+00, 0.0000e+00, 
 2DIAGNOSTIC,    69, -5.751726684273e-01, 3.899652127313e-04, 0.0000e+00, 0.0000e+00, 
 2DIAGNOSTIC,    70, -5.757252492351e-01, 5.469398044300e-04, 0.0000e+00, 0.0000e+00, 
 2DIAGNOSTIC,    71, -5.775356649596e-01, 6.665401045162e-04, 0.0000e+00, 0.0000e+00, 
 2DIAGNOSTIC,    72, -5.780293326189e-01, 7.238985527515e-04, 0.0000e+00, 0.0000e+00, 
 2DIAGNOSTIC,    73, -5.781986186945e-01, 7.106443691640e-04, 0.0000e+00, 0.0000e+00, 
 2DIAGNOSTIC,    74, -5.781558577370e-01, 6.291131395666e-04, 0.0000e+00, 0.0000e+00, 
 2DIAGNOSTIC,    75, -5.783274702350e-01, 4.936740944110e-04, 0.0000e+00, 0.0000e+00, 
 2DIAGNOSTIC,    76, -5.793495135509e-01, 3.295824600520e-04, 0.0000e+00, 0.0000e+00, 
 2DIAGNOSTIC,    77, -5.829794523142e-01, 1.948728681523e-04, 0.0000e+00, 0.0000e+00, 
 2DIAGNOSTIC,    78, -5.833568150745e-01, 1.220167465294e-04, 0.0000e+00, 0.0000e+00, 
 2DIAGNOSTIC,    79, -5.834125245111e-01, 1.268030946518e-04, 0.0000e+00, 0.0000e+00, 
 2DIAGNOSTIC,    80, -5.834469035440e-01, 1.237096664887e-04, 0.0000e+00, 0.0000e+00, 
 2DIAGNOSTIC,    81, -5.834674668574e-01, 1.218984182767e-04, 0.0000e+00, 0.0000e+00, 
 2DIAGNOSTIC,    82, -5.834997210223e-01, 1.117238823621e-04, 0.0000e+00, 0.0000e+00, 
 2DIAGNOSTIC,    83, -5.835389666603e-01, 9.259309575770e-05, 0.0000e+00, 0.0000e+00, 
 2DIAGNOSTIC,    84, -5.835781877693e-01, 6.554675993619e-05, 0.0000e+00, 0.0000e+00, 
 2DIAGNOSTIC,    85, -5.835964655122e-01, 3.442742184471e-05, 0.0000e+00, 0.0000e+00, 
 2DIAGNOSTIC,    86, -5.836096209636e-01, 7.247239143013e-06, 0.0000e+00, 0.0000e+00, 
 2DIAGNOSTIC,    87, -5.837543617808e-01, 5.333775873292e-06, 0.0000e+00, 0.0000e+00, 
 2DIAGNOSTIC,    88, -5.838555620014e-01, 6.120194735979e-06, 0.0000e+00, 0.0000e+00, 
 2DIAGNOSTIC,    89, -5.843500221059e-01, 9.903548160276e-06, 0.0000e+00, 0.0000e+00, 
 2DIAGNOSTIC,    90, -5.845820006763e-01, 1.431403449720e-05, 0.0000e+00, 0.0000e+00, 
 2DIAGNOSTIC,    91, -5.845515519223e-01, 1.720719065272e-05, 0.0000e+00, 0.0000e+00, 
 2DIAGNOSTIC,    92, -5.846204643849e-01, 1.909020808153e-05, 0.0000e+00, 0.0000e+00, 
 2DIAGNOSTIC,    93, -5.848355863148e-01, 2.067144056146e-05, 0.0000e+00, 0.0000e+00, 
 2DIAGNOSTIC,    94, -5.848156731515e-01, 2.029098822587e-05, 0.0000e+00, 0.0000e+00, 
 2DIAGNOSTIC,    95, -5.848844179271e-01, 1.853213489024e-05, 0.0000e+00, 0.0000e+00, 
 2DIAGNOSTIC,    96, -5.848538289974e-01, 1.499445095561e-05, 0.0000e+00, 0.0000e+00, 
 2DIAGNOSTIC,    97, -5.849454852453e-01, 1.155778490352e-05, 0.0000e+00, 0.0000e+00, 
 2DIAGNOSTIC,    98, -5.849948362045e-01, 7.895550616258e-06, 0.0000e+00, 0.0000e+00, 
 2DIAGNOSTIC,    99, -5.850226583311e-01, 6.548215255114e-06, 0.0000e+00, 0.0000e+00, 
 2DIAGNOSTIC,   100, -5.849694561654e-01, 5.680879558602e-06, 0.0000e+00, 0.0000e+00, 
 2DIAGNOSTIC,   101, -5.851498692227e-01, 5.176774449502e-06, 0.0000e+00, 0.0000e+00, 
 2DIAGNOSTIC,   102, -5.851864319208e-01, 4.735502969604e-06, 0.0000e+00, 0.0000e+00, 
 2DIAGNOSTIC,   103, -5.852521011257e-01, 5.419253960815e-06, 0.0000e+00, 0.0000e+00, 
 2DIAGNOSTIC,   104, -5.852693410116e-01, 5.584561001875e-06, 0.0000e+00, 0.0000e+00, 
 2DIAGNOSTIC,   105, -5.852678126187e-01, 5.620601753329e-06, 0.0000e+00, 0.0000e+00, 
 2DIAGNOSTIC,   106, -5.852823801148e-01, 5.043601620755e-06, 0.0000e+00, 0.0000e+00, 
 2DIAGNOSTIC,   107, -5.852948411030e-01, 4.551203450928e-06, 0.0000e+00, 0.0000e+00, 
 2DIAGNOSTIC,   108, -5.852997199485e-01, 3.943101041990e-06, 0.0000e+00, 0.0000e+00, 
 2DIAGNOSTIC,   109, -5.853048842106e-01, 3.188733614965e-06, 0.0000e+00, 0.0000e+00, 
 2DIAGNOSTIC,   110, -5.853099636021e-01, 1.910795275324e-06, 0.0000e+00, 0.0000e+00, 
 2DIAGNOSTIC,   111, -5.853096436830e-01, 1.410212355496e-06, 0.0000e+00, 0.0000e+00, 
DIAGNOSTIC,Iteration,metricValue,convergenceValue,ITERATION_TIME_INDEX,SINCE_LAST
 2DIAGNOSTIC,     1, -4.724833823094e-01, 1.797693134862e+308, 0.0000e+00, 0.0000e+00, 
 2DIAGNOSTIC,     2, -4.733283461363e-01, 1.797693134862e+308, 0.0000e+00, 0.0000e+00, 
 2DIAGNOSTIC,     3, -4.748157512545e-01, 1.797693134862e+308, 0.0000e+00, 0.0000e+00, 
 2DIAGNOSTIC,     4, -4.762569331845e-01, 1.797693134862e+308, 0.0000e+00, 0.0000e+00, 
 2DIAGNOSTIC,     5, -4.778142618301e-01, 1.797693134862e+308, 0.0000e+00, 0.0000e+00, 
 2DIAGNOSTIC,     6, -4.798064206488e-01, 1.797693134862e+308, 0.0000e+00, 0.0000e+00, 
 2DIAGNOSTIC,     7, -4.801891366573e-01, 1.797693134862e+308, 0.0000e+00, 0.0000e+00, 
 2DIAGNOSTIC,     8, -4.807658744039e-01, 1.797693134862e+308, 0.0000e+00, 0.0000e+00, 
 2DIAGNOSTIC,     9, -4.813983478690e-01, 1.797693134862e+308, 0.0000e+00, 0.0000e+00, 
 2DIAGNOSTIC,    10, -4.824917085060e-01, 1.394711705689e-03, 0.0000e+00, 0.0000e+00, 
 2DIAGNOSTIC,    11, -4.840711333497e-01, 1.217773375238e-03, 0.0000e+00, 0.0000e+00, 
 2DIAGNOSTIC,    12, -4.843089308931e-01, 1.013449928306e-03, 0.0000e+00, 0.0000e+00, 
 2DIAGNOSTIC,    13, -4.844038639444e-01, 8.230502865470e-04, 0.0000e+00, 0.0000e+00, 
 2DIAGNOSTIC,    14, -4.845128392247e-01, 6.509886782412e-04, 0.0000e+00, 0.0000e+00, 
 2DIAGNOSTIC,    15, -4.845929051931e-01, 5.048302817592e-04, 0.0000e+00, 0.0000e+00, 
 2DIAGNOSTIC,    16, -4.847503642734e-01, 4.095945051404e-04, 0.0000e+00, 0.0000e+00, 
 2DIAGNOSTIC,    17, -4.851816624854e-01, 3.163417447750e-04, 0.0000e+00, 0.0000e+00, 
 2DIAGNOSTIC,    18, -4.865627743821e-01, 2.690305615046e-04, 0.0000e+00, 0.0000e+00, 
 2DIAGNOSTIC,    19, -4.872809374723e-01, 2.426352543230e-04, 0.0000e+00, 0.0000e+00, 
 2DIAGNOSTIC,    20, -4.873956896181e-01, 2.309934756314e-04, 0.0000e+00, 0.0000e+00, 
 2DIAGNOSTIC,    21, -4.877804559988e-01, 2.548129259968e-04, 0.0000e+00, 0.0000e+00, 
 2DIAGNOSTIC,    22, -4.882894643869e-01, 2.725026800696e-04, 0.0000e+00, 0.0000e+00, 
 2DIAGNOSTIC,    23, -4.891609865874e-01, 2.871151490343e-04, 0.0000e+00, 0.0000e+00, 
 2DIAGNOSTIC,    24, -4.892884546323e-01, 2.789421641001e-04, 0.0000e+00, 0.0000e+00, 
 2DIAGNOSTIC,    25, -4.893670905432e-01, 2.498697728360e-04, 0.0000e+00, 0.0000e+00, 
 2DIAGNOSTIC,    26, -4.895179269233e-01, 2.071300211814e-04, 0.0000e+00, 0.0000e+00, 
 2DIAGNOSTIC,    27, -4.897763402339e-01, 1.622704452809e-04, 0.0000e+00, 0.0000e+00, 
 2DIAGNOSTIC,    28, -4.898296124002e-01, 1.348433332014e-04, 0.0000e+00, 0.0000e+00, 
 2DIAGNOSTIC,    29, -4.898545763919e-01, 1.119181288235e-04, 0.0000e+00, 0.0000e+00, 
 2DIAGNOSTIC,    30, -4.901589891256e-01, 8.848148013719e-05, 0.0000e+00, 0.0000e+00, 
 2DIAGNOSTIC,    31, -4.903929711311e-01, 6.976047063685e-05, 0.0000e+00, 0.0000e+00, 
 2DIAGNOSTIC,    32, -4.904036188953e-01, 5.468935902499e-05, 0.0000e+00, 0.0000e+00, 
 2DIAGNOSTIC,    33, -4.904052106081e-01, 5.105729269200e-05, 0.0000e+00, 0.0000e+00, 
 2DIAGNOSTIC,    34, -4.904053840752e-01, 4.518946400298e-05, 0.0000e+00, 0.0000e+00, 
 2DIAGNOSTIC,    35, -4.904097649977e-01, 3.674196590109e-05, 0.0000e+00, 0.0000e+00, 
 2DIAGNOSTIC,    36, -4.904088337047e-01, 2.761271643892e-05, 0.0000e+00, 0.0000e+00, 
 2DIAGNOSTIC,    37, -4.904040088625e-01, 2.049596883852e-05, 0.0000e+00, 0.0000e+00, 
 2DIAGNOSTIC,    38, -4.904152421656e-01, 1.298800064731e-05, 0.0000e+00, 0.0000e+00, 
 2DIAGNOSTIC,    39, -4.904271614005e-01, 5.172220070068e-06, 0.0000e+00, 0.0000e+00, 
 2DIAGNOSTIC,    40, -4.904207032879e-01, 1.592920991937e-06, 0.0000e+00, 0.0000e+00, 
 2DIAGNOSTIC,    41, -4.904355031151e-01, 1.666752780693e-06, 0.0000e+00, 0.0000e+00, 
 2DIAGNOSTIC,    42, -4.904362806332e-01, 1.807755233653e-06, 0.0000e+00, 0.0000e+00, 
 2DIAGNOSTIC,    43, -4.904366243375e-01, 1.866270002846e-06, 0.0000e+00, 0.0000e+00, 
 2DIAGNOSTIC,    44, -4.904487599802e-01, 1.975334574359e-06, 0.0000e+00, 0.0000e+00, 
 2DIAGNOSTIC,    45, -4.904501741906e-01, 2.032737991112e-06, 0.0000e+00, 0.0000e+00, 
 2DIAGNOSTIC,    46, -4.904467026783e-01, 1.909225699561e-06, 0.0000e+00, 0.0000e+00, 
 2DIAGNOSTIC,    47, -4.904491914052e-01, 1.644824653931e-06, 0.0000e+00, 0.0000e+00, 
 2DIAGNOSTIC,    48, -4.904438952334e-01, 1.367056407461e-06, 0.0000e+00, 0.0000e+00, 
 2DIAGNOSTIC,    49, -4.904458058059e-01, 1.201424080884e-06, 0.0000e+00, 0.0000e+00, 
DIAGNOSTIC,Iteration,metricValue,convergenceValue,ITERATION_TIME_INDEX,SINCE_LAST
 2DIAGNOSTIC,     1, -4.344523953352e-01, 1.797693134862e+308, 0.0000e+00, 0.0000e+00, 
 2DIAGNOSTIC,     2, -4.345381464652e-01, 1.797693134862e+308, 0.0000e+00, 0.0000e+00, 
 2DIAGNOSTIC,     3, -4.345594748559e-01, 1.797693134862e+308, 0.0000e+00, 0.0000e+00, 
 2DIAGNOSTIC,     4, -4.345610384597e-01, 1.797693134862e+308, 0.0000e+00, 0.0000e+00, 
 2DIAGNOSTIC,     5, -4.345657762801e-01, 1.797693134862e+308, 0.0000e+00, 0.0000e+00, 
 2DIAGNOSTIC,     6, -4.345660859146e-01, 1.797693134862e+308, 0.0000e+00, 0.0000e+00, 
 2DIAGNOSTIC,     7, -4.345665892352e-01, 1.797693134862e+308, 0.0000e+00, 0.0000e+00, 
 2DIAGNOSTIC,     8, -4.345690903918e-01, 1.797693134862e+308, 0.0000e+00, 0.0000e+00, 
 2DIAGNOSTIC,     9, -4.345707803526e-01, 1.797693134862e+308, 0.0000e+00, 0.0000e+00, 
 2DIAGNOSTIC,    10, -4.345704046435e-01, 1.334689874434e-05, 0.0000e+00, 0.0000e+00, 
 2DIAGNOSTIC,    11, -4.345698610732e-01, 5.820577496332e-06, 0.0000e+00, 0.0000e+00, 
 2DIAGNOSTIC,    12, -4.345698854007e-01, 3.931458068610e-06, 0.0000e+00, 0.0000e+00, 
 2DIAGNOSTIC,    13, -4.345695735720e-01, 3.270011116219e-06, 0.0000e+00, 0.0000e+00, 
 2DIAGNOSTIC,    14, -4.345692546693e-01, 2.676797976747e-06, 0.0000e+00, 0.0000e+00, 
 2DIAGNOSTIC,    15, -4.345694310121e-01, 2.339972118182e-06, 0.0000e+00, 0.0000e+00, 
 2DIAGNOSTIC,    16, -4.345697419299e-01, 2.050231540304e-06, 0.0000e+00, 0.0000e+00, 
 2DIAGNOSTIC,    17, -4.345697667023e-01, 1.804824661958e-06, 0.0000e+00, 0.0000e+00, 
 2DIAGNOSTIC,    18, -4.345683437179e-01, 1.628500747280e-06, 0.0000e+00, 0.0000e+00, 
 2DIAGNOSTIC,    19, -4.345680097931e-01, 1.530615804268e-06, 0.0000e+00, 0.0000e+00, 
 2DIAGNOSTIC,    20, -4.345680660438e-01, 1.443916121821e-06, 0.0000e+00, 0.0000e+00, 
 2DIAGNOSTIC,    21, -4.345680100099e-01, 1.357620178673e-06, 0.0000e+00, 0.0000e+00, 
 2DIAGNOSTIC,    22, -4.345680385557e-01, 1.294284614990e-06, 0.0000e+00, 0.0000e+00, 
 2DIAGNOSTIC,    23, -4.345681082850e-01, 1.243598725144e-06, 0.0000e+00, 0.0000e+00, 
 2DIAGNOSTIC,    24, -4.345681763792e-01, 1.202303575830e-06, 0.0000e+00, 0.0000e+00, 
 2DIAGNOSTIC,    25, -4.345681802157e-01, 1.178532219100e-06, 0.0000e+00, 0.0000e+00, 
 2DIAGNOSTIC,    26, -4.345682424602e-01, 1.173108932377e-06, 0.0000e+00, 0.0000e+00, 
 2DIAGNOSTIC,    27, -4.345682701395e-01, 1.173857879573e-06, 0.0000e+00, 0.0000e+00, 
 2DIAGNOSTIC,    28, -4.345682481980e-01, 1.140302880467e-06, 0.0000e+00, 0.0000e+00, 
 2DIAGNOSTIC,    29, -4.345683362956e-01, 1.102039342810e-06, 0.0000e+00, 0.0000e+00, 
 2DIAGNOSTIC,    30, -4.345685318273e-01, 1.070318259203e-06, 0.0000e+00, 0.0000e+00, 
 2DIAGNOSTIC,    31, -4.345688561853e-01, 1.044272614249e-06, 0.0000e+00, 0.0000e+00, 
 2DIAGNOSTIC,    32, -4.345687443127e-01, 1.015333213839e-06, 0.0000e+00, 0.0000e+00, 
 2DIAGNOSTIC,    33, -4.345694594850e-01, 1.000947080713e-06, 0.0000e+00, 0.0000e+00, 
DIAGNOSTIC,Iteration,metricValue,convergenceValue,ITERATION_TIME_INDEX,SINCE_LAST
 2DIAGNOSTIC,     1, -4.010251422015e-01, 1.797693134862e+308, 0.0000e+00, 0.0000e+00, 
 2DIAGNOSTIC,     2, -4.011629676333e-01, 1.797693134862e+308, 0.0000e+00, 0.0000e+00, 
 2DIAGNOSTIC,     3, -4.013021471996e-01, 1.797693134862e+308, 0.0000e+00, 0.0000e+00, 
 2DIAGNOSTIC,     4, -4.014046498155e-01, 1.797693134862e+308, 0.0000e+00, 0.0000e+00, 
 2DIAGNOSTIC,     5, -4.014188372693e-01, 1.797693134862e+308, 0.0000e+00, 0.0000e+00, 
 2DIAGNOSTIC,     6, -4.014228578027e-01, 1.797693134862e+308, 0.0000e+00, 0.0000e+00, 
 2DIAGNOSTIC,     7, -4.015488866241e-01, 1.797693134862e+308, 0.0000e+00, 0.0000e+00, 
 2DIAGNOSTIC,     8, -4.015598064233e-01, 1.797693134862e+308, 0.0000e+00, 0.0000e+00, 
 2DIAGNOSTIC,     9, -4.015616064150e-01, 1.797693134862e+308, 0.0000e+00, 0.0000e+00, 
 2DIAGNOSTIC,    10, -4.015629245562e-01, 8.350943653279e-05, 0.0000e+00, 0.0000e+00, 
 2DIAGNOSTIC,    11, -4.015630933841e-01, 5.595135466012e-05, 0.0000e+00, 0.0000e+00, 
 2DIAGNOSTIC,    12, -4.015632544925e-01, 3.609400084198e-05, 0.0000e+00, 0.0000e+00, 
 2DIAGNOSTIC,    13, -4.015635495579e-01, 2.368424544780e-05, 0.0000e+00, 0.0000e+00, 
 2DIAGNOSTIC,    14, -4.015635883334e-01, 1.638403185952e-05, 0.0000e+00, 0.0000e+00, 
 2DIAGNOSTIC,    15, -4.015635824364e-01, 9.510027178916e-06, 0.0000e+00, 0.0000e+00, 
 2DIAGNOSTIC,    16, -4.015614373948e-01, 2.746090536590e-06, 0.0000e+00, 0.0000e+00, 
 2DIAGNOSTIC,    17, -4.015597233853e-01, 1.874576001856e-06, 0.0000e+00, 0.0000e+00, 
 2DIAGNOSTIC,    18, -4.015596192331e-01, 1.522705436352e-06, 0.0000e+00, 0.0000e+00, 
 2DIAGNOSTIC,    19, -4.015600646875e-01, 1.309372316918e-06, 0.0000e+00, 0.0000e+00, 
 2DIAGNOSTIC,    20, -4.015603704489e-01, 1.206132595584e-06, 0.0000e+00, 0.0000e+00, 
 2DIAGNOSTIC,    21, -4.015603853193e-01, 1.154555409874e-06, 0.0000e+00, 0.0000e+00, 
 2DIAGNOSTIC,    22, -4.015603853193e-01, 1.146404771210e-06, 0.0000e+00, 0.0000e+00, 
 2DIAGNOSTIC,    23, -4.015603853193e-01, 1.174011461859e-06, 0.0000e+00, 0.0000e+00, 
 2DIAGNOSTIC,    24, -4.015603853193e-01, 1.216987627034e-06, 0.0000e+00, 0.0000e+00, 
 2DIAGNOSTIC,    25, -4.015603853193e-01, 1.266254225613e-06, 0.0000e+00, 0.0000e+00, 
 2DIAGNOSTIC,    26, -4.015603853193e-01, 1.254217778690e-06, 0.0000e+00, 0.0000e+00, 
 2DIAGNOSTIC,    27, -4.015603853193e-01, 1.194475758699e-06, 0.0000e+00, 0.0000e+00, 
 2DIAGNOSTIC,    28, -4.015603853193e-01, 1.133532109635e-06, 0.0000e+00, 0.0000e+00, 
 2DIAGNOSTIC,    29, -4.015603853193e-01, 1.086658954853e-06, 0.0000e+00, 0.0000e+00, 
 2DIAGNOSTIC,    30, -4.015603853193e-01, 1.050081247393e-06, 0.0000e+00, 0.0000e+00, 
 2DIAGNOSTIC,    31, -4.015603853193e-01, 1.016203251047e-06, 0.0000e+00, 0.0000e+00, 
  Elapsed time (stage 0): 0.0000e+00


Total elapsed time: 0.0000e+00
Info [verificarlo]: loaded backend libinterflop_vprec.so
Info [interflop-vprec]: load backend with: 
Info [interflop-vprec]: precision-binary32 = 17
Info [interflop-vprec]: range-binary32 = 7
Info [interflop-vprec]: precision-binary64 = 17
Info [interflop-vprec]: range-binary64 = 7
Info [interflop-vprec]: mode = ob
Info [interflop-vprec]: error-mode = rel
Info [interflop-vprec]: max-abs-error-exponent = -1022
Info [interflop-vprec]: daz = false
Info [interflop-vprec]: ftz = false
Info [interflop-vprec]: 	instrument = none
Info [interflop-vprec]: 	prec-input-file = (null)
Info [interflop-vprec]: 	prec-output-file = (null)
Info [interflop-vprec]: 	prec-log-file = (null)
All_Command_lines_OK
Using double precision for computations.
=============================================================================
The composite transform comprises the following transforms (in order): 
  1. /home/mdugre/scratch/mri-registration-rp/datasets/ds004513/derivatives/mri-registration-rp/1111/antsRegistration-r7-p17/sub-s037/rigid_Composite.h5[0] (type = Euler3DTransform)
  2. /home/mdugre/scratch/mri-registration-rp/datasets/ds004513/derivatives/mri-registration-rp/1111/antsRegistration-r7-p17/sub-s037/rigid_Composite.h5[1] (type = Euler3DTransform)
  3. /home/mdugre/scratch/mri-registration-rp/datasets/ds004513/derivatives/mri-registration-rp/1111/antsRegistration-r7-p17/sub-s037/rigid_Composite.h5[2] (type = Euler3DTransform)
=============================================================================
  number of levels = 4
  fixed image: /templateflow/tpl-MNI152NLin2009cAsym/tpl-MNI152NLin2009cAsym_res-01_desc-brain_T1w.nii.gz
  moving image: /home/mdugre/scratch/mri-registration-rp/datasets/ds004513/derivatives/mri-registration-rp/antsBrainExtraction/sub-s037/BrainExtractionBrain.nii.gz
Dimension = 3
Number of stages = 1
Use histogram matching = false
Winsorize image intensities = true
  Lower quantile = 0.005
  Upper quantile = 0.995


Stage 1 State
   Image metric = MattesMI
     Fixed image = Image (0x4c5c490)
  RTTI typeinfo:   itk::Image<double, 3u>
  Reference Count: 2
  Modified Time: 1592
  Debug: Off
  Object Name: 
  Observers: 
    none
  Source: (none)
  Source output name: (none)
  Release Data: Off
  Data Released: False
  Global Release Data: Off
  PipelineMTime: 0
  UpdateMTime: 1203
  RealTimeStamp: 0 seconds 
  LargestPossibleRegion: 
    Dimension: 3
    Index: [0, 0, 0]
    Size: [193, 229, 193]
  BufferedRegion: 
    Dimension: 3
    Index: [0, 0, 0]
    Size: [193, 229, 193]
  RequestedRegion: 
    Dimension: 3
    Index: [0, 0, 0]
    Size: [193, 229, 193]
  Spacing: [1, 1, 1]
  Origin: [96, 132, -78]
  Direction: 
-1 0 0
0 -1 0
0 0 1

  IndexToPointMatrix: 
-1 0 0
0 -1 0
0 0 1

  PointToIndexMatrix: 
-1 0 0
0 -1 0
0 0 1

  Inverse Direction: 
-1 0 0
0 -1 0
0 0 1

  PixelContainer: 
    ImportImageContainer (0x4cd58b0)
      RTTI typeinfo:   itk::ImportImageContainer<unsigned long, double>
      Reference Count: 1
      Modified Time: 1200
      Debug: Off
      Object Name: 
      Observers: 
        none
      Pointer: 0x1470c76f1010
      Container manages memory: true
      Size: 8530021
      Capacity: 8530021

     Moving image = Image (0x4d2aa40)
  RTTI typeinfo:   itk::Image<double, 3u>
  Reference Count: 2
  Modified Time: 1593
  Debug: Off
  Object Name: 
  Observers: 
    none
  Source: (none)
  Source output name: (none)
  Release Data: Off
  Data Released: False
  Global Release Data: Off
  PipelineMTime: 0
  UpdateMTime: 1590
  RealTimeStamp: 0 seconds 
  LargestPossibleRegion: 
    Dimension: 3
    Index: [0, 0, 0]
    Size: [160, 240, 256]
  BufferedRegion: 
    Dimension: 3
    Index: [0, 0, 0]
    Size: [160, 240, 256]
  RequestedRegion: 
    Dimension: 3
    Index: [0, 0, 0]
    Size: [160, 240, 256]
  Spacing: [1, 1, 1]
  Origin: [87.9507, 102.562, -147.639]
  Direction: 
-0.998657 -0.043612 -0.027913
0.0435951 -0.99905 0.00121848
-0.0279396 -2.65543e-08 0.999611

  IndexToPointMatrix: 
-0.998657 -0.043612 -0.027913
0.0435951 -0.99905 0.00121848
-0.0279396 -2.65543e-08 0.999611

  PointToIndexMatrix: 
-0.998657 0.0435951 -0.0279396
-0.043612 -0.99905 -2.98023e-08
-0.027913 0.00121847 0.999611

  Inverse Direction: 
-0.998657 0.0435951 -0.0279396
-0.043612 -0.99905 -2.98023e-08
-0.027913 0.00121847 0.999611

  PixelContainer: 
    ImportImageContainer (0x4cd9d50)
      RTTI typeinfo:   itk::ImportImageContainer<unsigned long, double>
      Reference Count: 1
      Modified Time: 1587
      Debug: Off
      Object Name: 
      Observers: 
        none
      Pointer: 0x1470c2bf0010
      Container manages memory: true
      Size: 9830400
      Capacity: 9830400

     Weighting = 1
     Sampling strategy = regular
     Number of bins = 32
     Radius = 4
     Sampling percentage  = 0.25
   Transform = Affine
     Gradient step = 0.1
     Update field sigma (voxel space) = 0
     Total field sigma (voxel space) = 0
     Update field time sigma = 0
     Total field time sigma  = 0
     Number of time indices = 0
     Number of time point samples = 0
Registration using 1 total stages.

Stage 0
  iterations = 1000x500x250x100
  convergence threshold = 1e-06
  convergence window size = 10
  number of levels = 4
  using the Mattes MI metric (number of bins = 32, weight = 1, use gradient filter = 0)
  preprocessing:  winsorizing the image intensities
  Shrink factors (level 1 out of 4): [8, 8, 8]
  Shrink factors (level 2 out of 4): [4, 4, 4]
  Shrink factors (level 3 out of 4): [2, 2, 2]
  Shrink factors (level 4 out of 4): [1, 1, 1]
  smoothing sigmas per level: [3, 2, 1, 0]
  regular sampling (percentage = 0.25)

*** Running AffineTransform registration ***

DIAGNOSTIC,Iteration,metricValue,convergenceValue,ITERATION_TIME_INDEX,SINCE_LAST
 2DIAGNOSTIC,     1, -5.834880903856e-01, 1.797693134862e+308, 0.0000e+00, 0.0000e+00, 
 2DIAGNOSTIC,     2, -5.848223288982e-01, 1.797693134862e+308, 0.0000e+00, 0.0000e+00, 
 2DIAGNOSTIC,     3, -5.882526006732e-01, 1.797693134862e+308, 0.0000e+00, 0.0000e+00, 
 2DIAGNOSTIC,     4, -5.974749366290e-01, 1.797693134862e+308, 0.0000e+00, 0.0000e+00, 
 2DIAGNOSTIC,     5, -6.049803667694e-01, 1.797693134862e+308, 0.0000e+00, 0.0000e+00, 
 2DIAGNOSTIC,     6, -6.148537342354e-01, 1.797693134862e+308, 0.0000e+00, 0.0000e+00, 
 2DIAGNOSTIC,     7, -6.433576034856e-01, 1.797693134862e+308, 0.0000e+00, 0.0000e+00, 
 2DIAGNOSTIC,     8, -6.548387158294e-01, 1.797693134862e+308, 0.0000e+00, 0.0000e+00, 
 2DIAGNOSTIC,     9, -6.648315789762e-01, 1.797693134862e+308, 0.0000e+00, 0.0000e+00, 
 2DIAGNOSTIC,    10, -6.825427012257e-01, 1.091341386135e-02, 0.0000e+00, 0.0000e+00, 
 2DIAGNOSTIC,    11, -6.870180195817e-01, 1.069584855903e-02, 0.0000e+00, 0.0000e+00, 
 2DIAGNOSTIC,    12, -6.888659504579e-01, 9.676459875179e-03, 0.0000e+00, 0.0000e+00, 
 2DIAGNOSTIC,    13, -7.027162368392e-01, 8.535505581944e-03, 0.0000e+00, 0.0000e+00, 
 2DIAGNOSTIC,    14, -7.138162667409e-01, 7.429102789631e-03, 0.0000e+00, 0.0000e+00, 
 2DIAGNOSTIC,    15, -7.149932376761e-01, 6.058375370522e-03, 0.0000e+00, 0.0000e+00, 
 2DIAGNOSTIC,    16, -7.159402768600e-01, 4.608410733415e-03, 0.0000e+00, 0.0000e+00, 
 2DIAGNOSTIC,    17, -7.168636655995e-01, 3.675817911498e-03, 0.0000e+00, 0.0000e+00, 
 2DIAGNOSTIC,    18, -7.177923318999e-01, 2.808236920753e-03, 0.0000e+00, 0.0000e+00, 
 2DIAGNOSTIC,    19, -7.183819279308e-01, 2.004316220892e-03, 0.0000e+00, 0.0000e+00, 
 2DIAGNOSTIC,    20, -7.183324455919e-01, 1.480224901726e-03, 0.0000e+00, 0.0000e+00, 
 2DIAGNOSTIC,    21, -7.193314113773e-01, 9.893466671297e-04, 0.0000e+00, 0.0000e+00, 
 2DIAGNOSTIC,    22, -7.195227221832e-01, 4.881955430792e-04, 0.0000e+00, 0.0000e+00, 
 2DIAGNOSTIC,    23, -7.205968948778e-01, 2.567995817135e-04, 0.0000e+00, 0.0000e+00, 
 2DIAGNOSTIC,    24, -7.214125834148e-01, 2.306690209358e-04, 0.0000e+00, 0.0000e+00, 
 2DIAGNOSTIC,    25, -7.223768553917e-01, 2.210356596651e-04, 0.0000e+00, 0.0000e+00, 
 2DIAGNOSTIC,    26, -7.225237498477e-01, 2.088302131988e-04, 0.0000e+00, 0.0000e+00, 
 2DIAGNOSTIC,    27, -7.227610241340e-01, 1.958803237367e-04, 0.0000e+00, 0.0000e+00, 
 2DIAGNOSTIC,    28, -7.226711842789e-01, 1.779006429515e-04, 0.0000e+00, 0.0000e+00, 
