
##########################
# Experiment information #
##########################

EXPERIMENT_NAME: antsRegistration-r8-p22
VFC_BACKENDS: libinterflop_vprec.so --range-binary32=8 --precision-binary32=22 --range-binary64=8 --precision-binary64=22

SIF_IMG: /home/mdugre/projects/rrg-glatard/mdugre/containers/ants-vprec-no_metrics.simg

SUBJECT_ID: s014
INPUT_IMG: /home/mdugre/scratch/mri-registration-rp/datasets/ds004513/derivatives/mri-registration-rp/antsBrainExtraction/sub-s014/BrainExtractionBrain.nii.gz
OUTPUT_DIR: /home/mdugre/scratch/mri-registration-rp/datasets/ds004513/derivatives/mri-registration-rp/1111/antsRegistration-r8-p22/sub-s014

FIXED_IMG: /templateflow/tpl-MNI152NLin2009cAsym/tpl-MNI152NLin2009cAsym_res-01_desc-brain_T1w.nii.gz
DATA_DIR: /home/mdugre/scratch/mri-registration-rp/datasets/ds004513
TEMPLATEFLOW_DIR: /home/mdugre/projects/rrg-glatard/mdugre/templateflow
ITK_GLOBAL_DEFAULT_NUMBER_OF_THREADS: 16
##########################

Info [verificarlo]: loaded backend libinterflop_vprec.so
Info [interflop-vprec]: load backend with: 
Info [interflop-vprec]: precision-binary32 = 22
Info [interflop-vprec]: range-binary32 = 8
Info [interflop-vprec]: precision-binary64 = 22
Info [interflop-vprec]: range-binary64 = 8
Info [interflop-vprec]: mode = ob
Info [interflop-vprec]: error-mode = rel
Info [interflop-vprec]: max-abs-error-exponent = -1022
Info [interflop-vprec]: daz = false
Info [interflop-vprec]: ftz = false
Info [interflop-vprec]: 	instrument = none
Info [interflop-vprec]: 	prec-input-file = (null)
Info [interflop-vprec]: 	prec-output-file = (null)
Info [interflop-vprec]: 	prec-log-file = (null)
All_Command_lines_OK
Using double precision for computations.
=============================================================================
The composite transform comprises the following transforms (in order): 
  1. Center of mass alignment using fixed image: /templateflow/tpl-MNI152NLin2009cAsym/tpl-MNI152NLin2009cAsym_res-01_desc-brain_T1w.nii.gz and moving image: /home/mdugre/scratch/mri-registration-rp/datasets/ds004513/derivatives/mri-registration-rp/antsBrainExtraction/sub-s014/BrainExtractionBrain.nii.gz (type = Euler3DTransform)
=============================================================================
  number of levels = 1
  fixed image: /templateflow/tpl-MNI152NLin2009cAsym/tpl-MNI152NLin2009cAsym_res-01_desc-brain_T1w.nii.gz
  moving image: /home/mdugre/scratch/mri-registration-rp/datasets/ds004513/derivatives/mri-registration-rp/antsBrainExtraction/sub-s014/BrainExtractionBrain.nii.gz
Dimension = 3
Number of stages = 1
Use histogram matching = false
Winsorize image intensities = true
  Lower quantile = 0.005
  Upper quantile = 0.995


Stage 1 State
   Image metric = MattesMI
     Fixed image = Image (0x4934b20)
  RTTI typeinfo:   itk::Image<double, 3u>
  Reference Count: 2
  Modified Time: 2334
  Debug: Off
  Object Name: 
  Observers: 
    none
  Source: (none)
  Source output name: (none)
  Release Data: Off
  Data Released: False
  Global Release Data: Off
  PipelineMTime: 0
  UpdateMTime: 1943
  RealTimeStamp: 0 seconds 
  LargestPossibleRegion: 
    Dimension: 3
    Index: [0, 0, 0]
    Size: [193, 229, 193]
  BufferedRegion: 
    Dimension: 3
    Index: [0, 0, 0]
    Size: [193, 229, 193]
  RequestedRegion: 
    Dimension: 3
    Index: [0, 0, 0]
    Size: [193, 229, 193]
  Spacing: [1, 1, 1]
  Origin: [96, 132, -78]
  Direction: 
-1 0 0
0 -1 0
0 0 1

  IndexToPointMatrix: 
-1 0 0
0 -1 0
0 0 1

  PointToIndexMatrix: 
-1 0 0
0 -1 0
0 0 1

  Inverse Direction: 
-1 0 0
0 -1 0
0 0 1

  PixelContainer: 
    ImportImageContainer (0x4a60650)
      RTTI typeinfo:   itk::ImportImageContainer<unsigned long, double>
      Reference Count: 1
      Modified Time: 1940
      Debug: Off
      Object Name: 
      Observers: 
        none
      Pointer: 0x14e77590d010
      Container manages memory: true
      Size: 8530021
      Capacity: 8530021

     Moving image = Image (0x493d3b0)
  RTTI typeinfo:   itk::Image<double, 3u>
  Reference Count: 2
  Modified Time: 2335
  Debug: Off
  Object Name: 
  Observers: 
    none
  Source: (none)
  Source output name: (none)
  Release Data: Off
  Data Released: False
  Global Release Data: Off
  PipelineMTime: 0
  UpdateMTime: 2332
  RealTimeStamp: 0 seconds 
  LargestPossibleRegion: 
    Dimension: 3
    Index: [0, 0, 0]
    Size: [160, 240, 256]
  BufferedRegion: 
    Dimension: 3
    Index: [0, 0, 0]
    Size: [160, 240, 256]
  RequestedRegion: 
    Dimension: 3
    Index: [0, 0, 0]
    Size: [160, 240, 256]
  Spacing: [1, 1, 1]
  Origin: [84.1637, 106.709, -120.531]
  Direction: 
-0.999619 -0.0226874 -0.0157033
0.0226846 -0.999743 0.00035635
-0.0157073 -7.8229e-09 0.999877

  IndexToPointMatrix: 
-0.999619 -0.0226874 -0.0157033
0.0226845 -0.999743 0.00035635
-0.0157073 -7.8229e-09 0.999877

  PointToIndexMatrix: 
-0.99962 0.0226846 -0.0157073
-0.0226874 -0.999743 -1.19209e-07
-0.0157033 0.000356376 0.999877

  Inverse Direction: 
-0.999619 0.0226846 -0.0157073
-0.0226874 -0.999743 -1.19209e-07
-0.0157033 0.000356376 0.999877

  PixelContainer: 
    ImportImageContainer (0x4a54fd0)
      RTTI typeinfo:   itk::ImportImageContainer<unsigned long, double>
      Reference Count: 1
      Modified Time: 2329
      Debug: Off
      Object Name: 
      Observers: 
        none
      Pointer: 0x14e770e0c010
      Container manages memory: true
      Size: 9830400
      Capacity: 9830400

     Weighting = 1
     Sampling strategy = regular
     Number of bins = 32
     Radius = 4
     Sampling percentage  = 0.25
   Transform = Rigid
     Gradient step = 0.1
     Update field sigma (voxel space) = 0
     Total field sigma (voxel space) = 0
     Update field time sigma = 0
     Total field time sigma  = 0
     Number of time indices = 0
     Number of time point samples = 0
Registration using 1 total stages.

Stage 0
  iterations = 0
  convergence threshold = 1e-06
  convergence window size = 10
  number of levels = 1
  using the Mattes MI metric (number of bins = 32, weight = 1, use gradient filter = 0)
  preprocessing:  winsorizing the image intensities
  Shrink factors (level 1 out of 1): [1, 1, 1]
  smoothing sigmas per level: [0]
  regular sampling (percentage = 0.25)

*** Running Euler3DTransform registration ***

  Elapsed time (stage 0): 0


Total elapsed time: 0
Info [verificarlo]: loaded backend libinterflop_vprec.so
Info [interflop-vprec]: load backend with: 
Info [interflop-vprec]: precision-binary32 = 22
Info [interflop-vprec]: range-binary32 = 8
Info [interflop-vprec]: precision-binary64 = 22
Info [interflop-vprec]: range-binary64 = 8
Info [interflop-vprec]: mode = ob
Info [interflop-vprec]: error-mode = rel
Info [interflop-vprec]: max-abs-error-exponent = -1022
Info [interflop-vprec]: daz = false
Info [interflop-vprec]: ftz = false
Info [interflop-vprec]: 	instrument = none
Info [interflop-vprec]: 	prec-input-file = (null)
Info [interflop-vprec]: 	prec-output-file = (null)
Info [interflop-vprec]: 	prec-log-file = (null)
All_Command_lines_OK
Using double precision for computations.
=============================================================================
The composite transform comprises the following transforms (in order): 
  1. /home/mdugre/scratch/mri-registration-rp/datasets/ds004513/derivatives/mri-registration-rp/1111/antsRegistration-r8-p22/sub-s014/align_Composite.h5[0] (type = Euler3DTransform)
  2. /home/mdugre/scratch/mri-registration-rp/datasets/ds004513/derivatives/mri-registration-rp/1111/antsRegistration-r8-p22/sub-s014/align_Composite.h5[1] (type = Euler3DTransform)
=============================================================================
  number of levels = 4
  fixed image: /templateflow/tpl-MNI152NLin2009cAsym/tpl-MNI152NLin2009cAsym_res-01_desc-brain_T1w.nii.gz
  moving image: /home/mdugre/scratch/mri-registration-rp/datasets/ds004513/derivatives/mri-registration-rp/antsBrainExtraction/sub-s014/BrainExtractionBrain.nii.gz
Dimension = 3
Number of stages = 1
Use histogram matching = false
Winsorize image intensities = true
  Lower quantile = 0.005
  Upper quantile = 0.995


Stage 1 State
   Image metric = MattesMI
     Fixed image = Image (0x43641e0)
  RTTI typeinfo:   itk::Image<double, 3u>
  Reference Count: 2
  Modified Time: 1580
  Debug: Off
  Object Name: 
  Observers: 
    none
  Source: (none)
  Source output name: (none)
  Release Data: Off
  Data Released: False
  Global Release Data: Off
  PipelineMTime: 0
  UpdateMTime: 1189
  RealTimeStamp: 0 seconds 
  LargestPossibleRegion: 
    Dimension: 3
    Index: [0, 0, 0]
    Size: [193, 229, 193]
  BufferedRegion: 
    Dimension: 3
    Index: [0, 0, 0]
    Size: [193, 229, 193]
  RequestedRegion: 
    Dimension: 3
    Index: [0, 0, 0]
    Size: [193, 229, 193]
  Spacing: [1, 1, 1]
  Origin: [96, 132, -78]
  Direction: 
-1 0 0
0 -1 0
0 0 1

  IndexToPointMatrix: 
-1 0 0
0 -1 0
0 0 1

  PointToIndexMatrix: 
-1 0 0
0 -1 0
0 0 1

  Inverse Direction: 
-1 0 0
0 -1 0
0 0 1

  PixelContainer: 
    ImportImageContainer (0x4423640)
      RTTI typeinfo:   itk::ImportImageContainer<unsigned long, double>
      Reference Count: 1
      Modified Time: 1186
      Debug: Off
      Object Name: 
      Observers: 
        none
      Pointer: 0x14e35348e010
      Container manages memory: true
      Size: 8530021
      Capacity: 8530021

     Moving image = Image (0x441fc90)
  RTTI typeinfo:   itk::Image<double, 3u>
  Reference Count: 2
  Modified Time: 1581
  Debug: Off
  Object Name: 
  Observers: 
    none
  Source: (none)
  Source output name: (none)
  Release Data: Off
  Data Released: False
  Global Release Data: Off
  PipelineMTime: 0
  UpdateMTime: 1578
  RealTimeStamp: 0 seconds 
  LargestPossibleRegion: 
    Dimension: 3
    Index: [0, 0, 0]
    Size: [160, 240, 256]
  BufferedRegion: 
    Dimension: 3
    Index: [0, 0, 0]
    Size: [160, 240, 256]
  RequestedRegion: 
    Dimension: 3
    Index: [0, 0, 0]
    Size: [160, 240, 256]
  Spacing: [1, 1, 1]
  Origin: [84.1637, 106.709, -120.531]
  Direction: 
-0.999619 -0.0226874 -0.0157033
0.0226846 -0.999743 0.00035635
-0.0157073 -7.8229e-09 0.999877

  IndexToPointMatrix: 
-0.999619 -0.0226874 -0.0157033
0.0226845 -0.999743 0.00035635
-0.0157073 -7.8229e-09 0.999877

  PointToIndexMatrix: 
-0.99962 0.0226846 -0.0157073
-0.0226874 -0.999743 -1.19209e-07
-0.0157033 0.000356376 0.999877

  Inverse Direction: 
-0.999619 0.0226846 -0.0157073
-0.0226874 -0.999743 -1.19209e-07
-0.0157033 0.000356376 0.999877

  PixelContainer: 
    ImportImageContainer (0x4490d90)
      RTTI typeinfo:   itk::ImportImageContainer<unsigned long, double>
      Reference Count: 1
      Modified Time: 1575
      Debug: Off
      Object Name: 
      Observers: 
        none
      Pointer: 0x14e34e98d010
      Container manages memory: true
      Size: 9830400
      Capacity: 9830400

     Weighting = 1
     Sampling strategy = regular
     Number of bins = 32
     Radius = 4
     Sampling percentage  = 0.25
   Transform = Rigid
     Gradient step = 0.1
     Update field sigma (voxel space) = 0
     Total field sigma (voxel space) = 0
     Update field time sigma = 0
     Total field time sigma  = 0
     Number of time indices = 0
     Number of time point samples = 0
Registration using 1 total stages.

Stage 0
  iterations = 1000x500x250x100
  convergence threshold = 1e-06
  convergence window size = 10
  number of levels = 4
  using the Mattes MI metric (number of bins = 32, weight = 1, use gradient filter = 0)
  preprocessing:  winsorizing the image intensities
  Shrink factors (level 1 out of 4): [8, 8, 8]
  Shrink factors (level 2 out of 4): [4, 4, 4]
  Shrink factors (level 3 out of 4): [2, 2, 2]
  Shrink factors (level 4 out of 4): [1, 1, 1]
  smoothing sigmas per level: [3, 2, 1, 0]
  regular sampling (percentage = 0.25)

*** Running Euler3DTransform registration ***

DIAGNOSTIC,Iteration,metricValue,convergenceValue,ITERATION_TIME_INDEX,SINCE_LAST
 2DIAGNOSTIC,     1, -4.784189501385e-01, 1.797693134862e+308, 0.0000e+00, 0.0000e+00, 
 2DIAGNOSTIC,     2, -4.797593658142e-01, 1.797693134862e+308, 0.0000e+00, 0.0000e+00, 
 2DIAGNOSTIC,     3, -4.819041706538e-01, 1.797693134862e+308, 0.0000e+00, 0.0000e+00, 
 2DIAGNOSTIC,     4, -4.847747642898e-01, 1.797693134862e+308, 0.0000e+00, 0.0000e+00, 
 2DIAGNOSTIC,     5, -4.888302748398e-01, 1.797693134862e+308, 0.0000e+00, 0.0000e+00, 
 2DIAGNOSTIC,     6, -4.954404418346e-01, 1.797693134862e+308, 0.0000e+00, 0.0000e+00, 
 2DIAGNOSTIC,     7, -5.006328527858e-01, 1.797693134862e+308, 0.0000e+00, 0.0000e+00, 
 2DIAGNOSTIC,     8, -5.014458929472e-01, 1.797693134862e+308, 0.0000e+00, 0.0000e+00, 
 2DIAGNOSTIC,     9, -5.063335827837e-01, 1.797693134862e+308, 0.0000e+00, 0.0000e+00, 
 2DIAGNOSTIC,    10, -5.128331163102e-01, 4.605807210023e-03, 0.0000e+00, 0.0000e+00, 
 2DIAGNOSTIC,    11, -5.132432449581e-01, 4.304345913643e-03, 0.0000e+00, 0.0000e+00, 
 2DIAGNOSTIC,    12, -5.139584348598e-01, 3.771304249184e-03, 0.0000e+00, 0.0000e+00, 
 2DIAGNOSTIC,    13, -5.154450761702e-01, 3.147306730832e-03, 0.0000e+00, 0.0000e+00, 
 2DIAGNOSTIC,    14, -5.171710618723e-01, 2.513125917056e-03, 0.0000e+00, 0.0000e+00, 
 2DIAGNOSTIC,    15, -5.186911805530e-01, 1.938373111934e-03, 0.0000e+00, 0.0000e+00, 
 2DIAGNOSTIC,    16, -5.194679613981e-01, 1.518870442015e-03, 0.0000e+00, 0.0000e+00, 
 2DIAGNOSTIC,    17, -5.209121209264e-01, 1.236331993736e-03, 0.0000e+00, 0.0000e+00, 
 2DIAGNOSTIC,    18, -5.221417275123e-01, 9.332898224822e-04, 0.0000e+00, 0.0000e+00, 
 2DIAGNOSTIC,    19, -5.231255238228e-01, 7.445687795736e-04, 0.0000e+00, 0.0000e+00, 
 2DIAGNOSTIC,    20, -5.233553697417e-01, 6.953699534158e-04, 0.0000e+00, 0.0000e+00, 
 2DIAGNOSTIC,    21, -5.244994592357e-01, 6.286434307000e-04, 0.0000e+00, 0.0000e+00, 
 2DIAGNOSTIC,    22, -5.249419024206e-01, 5.380786762788e-04, 0.0000e+00, 0.0000e+00, 
 2DIAGNOSTIC,    23, -5.256752524238e-01, 4.583915863261e-04, 0.0000e+00, 0.0000e+00, 
 2DIAGNOSTIC,    24, -5.258845701086e-01, 3.871028612201e-04, 0.0000e+00, 0.0000e+00, 
 2DIAGNOSTIC,    25, -5.262907580340e-01, 3.287672489422e-04, 0.0000e+00, 0.0000e+00, 
 2DIAGNOSTIC,    26, -5.266201939759e-01, 2.673490786100e-04, 0.0000e+00, 0.0000e+00, 
 2DIAGNOSTIC,    27, -5.267650450923e-01, 2.175846062498e-04, 0.0000e+00, 0.0000e+00, 
 2DIAGNOSTIC,    28, -5.269494129773e-01, 1.788433570368e-04, 0.0000e+00, 0.0000e+00, 
 2DIAGNOSTIC,    29, -5.273581264644e-01, 1.528918348213e-04, 0.0000e+00, 0.0000e+00, 
 2DIAGNOSTIC,    30, -5.278538460614e-01, 1.272051301040e-04, 0.0000e+00, 0.0000e+00, 
 2DIAGNOSTIC,    31, -5.286110758447e-01, 1.250015934453e-04, 0.0000e+00, 0.0000e+00, 
 2DIAGNOSTIC,    32, -5.288215198262e-01, 1.220551949727e-04, 0.0000e+00, 0.0000e+00, 
 2DIAGNOSTIC,    33, -5.288950661153e-01, 1.215098134294e-04, 0.0000e+00, 0.0000e+00, 
 2DIAGNOSTIC,    34, -5.288687590580e-01, 1.125057183562e-04, 0.0000e+00, 0.0000e+00, 
 2DIAGNOSTIC,    35, -5.289402484162e-01, 1.007755554306e-04, 0.0000e+00, 0.0000e+00, 
 2DIAGNOSTIC,    36, -5.290141273232e-01, 8.622246749109e-05, 0.0000e+00, 0.0000e+00, 
 2DIAGNOSTIC,    37, -5.290814472638e-01, 6.751262413136e-05, 0.0000e+00, 0.0000e+00, 
 2DIAGNOSTIC,    38, -5.291641665865e-01, 4.741033925455e-05, 0.0000e+00, 0.0000e+00, 
 2DIAGNOSTIC,    39, -5.294696404074e-01, 3.397767024177e-05, 0.0000e+00, 0.0000e+00, 
 2DIAGNOSTIC,    40, -5.297684038639e-01, 2.863959224370e-05, 0.0000e+00, 0.0000e+00, 
 2DIAGNOSTIC,    41, -5.304386791183e-01, 3.990355024547e-05, 0.0000e+00, 0.0000e+00, 
 2DIAGNOSTIC,    42, -5.306058699654e-01, 5.164609739256e-05, 0.0000e+00, 0.0000e+00, 
 2DIAGNOSTIC,    43, -5.306470554465e-01, 5.954052746680e-05, 0.0000e+00, 0.0000e+00, 
 2DIAGNOSTIC,    44, -5.307364042214e-01, 6.230077977248e-05, 0.0000e+00, 0.0000e+00, 
 2DIAGNOSTIC,    45, -5.310046203474e-01, 6.309170645287e-05, 0.0000e+00, 0.0000e+00, 
 2DIAGNOSTIC,    46, -5.310129463809e-01, 5.868404226858e-05, 0.0000e+00, 0.0000e+00, 
 2DIAGNOSTIC,    47, -5.310428174704e-01, 5.011323570597e-05, 0.0000e+00, 0.0000e+00, 
 2DIAGNOSTIC,    48, -5.310692964000e-01, 3.851020648768e-05, 0.0000e+00, 0.0000e+00, 
 2DIAGNOSTIC,    49, -5.310833267301e-01, 2.732839206701e-05, 0.0000e+00, 0.0000e+00, 
 2DIAGNOSTIC,    50, -5.310852236038e-01, 1.710785821735e-05, 0.0000e+00, 0.0000e+00, 
 2DIAGNOSTIC,    51, -5.310869940981e-01, 1.288562590115e-05, 0.0000e+00, 0.0000e+00, 
 2DIAGNOSTIC,    52, -5.310914852749e-01, 9.499262986080e-06, 0.0000e+00, 0.0000e+00, 
 2DIAGNOSTIC,    53, -5.311002800570e-01, 5.908299402738e-06, 0.0000e+00, 0.0000e+00, 
 2DIAGNOSTIC,    54, -5.311051000463e-01, 2.820022155101e-06, 0.0000e+00, 0.0000e+00, 
 2DIAGNOSTIC,    55, -5.311065158216e-01, 2.314302559491e-06, 0.0000e+00, 0.0000e+00, 
 2DIAGNOSTIC,    56, -5.311080448019e-01, 1.755378472607e-06, 0.0000e+00, 0.0000e+00, 
 2DIAGNOSTIC,    57, -5.311139220032e-01, 1.439516344098e-06, 0.0000e+00, 0.0000e+00, 
 2DIAGNOSTIC,    58, -5.311207623753e-01, 1.358050240978e-06, 0.0000e+00, 0.0000e+00, 
 2DIAGNOSTIC,    59, -5.311208059133e-01, 1.330867737102e-06, 0.0000e+00, 0.0000e+00, 
 2DIAGNOSTIC,    60, -5.311209366498e-01, 1.250286730904e-06, 0.0000e+00, 0.0000e+00, 
 2DIAGNOSTIC,    61, -5.311207943941e-01, 1.119517479879e-06, 0.0000e+00, 0.0000e+00, 
DIAGNOSTIC,Iteration,metricValue,convergenceValue,ITERATION_TIME_INDEX,SINCE_LAST
 2DIAGNOSTIC,     1, -4.294921609272e-01, 1.797693134862e+308, 0.0000e+00, 0.0000e+00, 
 2DIAGNOSTIC,     2, -4.301688251345e-01, 1.797693134862e+308, 0.0000e+00, 0.0000e+00, 
 2DIAGNOSTIC,     3, -4.309812581499e-01, 1.797693134862e+308, 0.0000e+00, 0.0000e+00, 
 2DIAGNOSTIC,     4, -4.315234292004e-01, 1.797693134862e+308, 0.0000e+00, 0.0000e+00, 
 2DIAGNOSTIC,     5, -4.322416499982e-01, 1.797693134862e+308, 0.0000e+00, 0.0000e+00, 
 2DIAGNOSTIC,     6, -4.338288083359e-01, 1.797693134862e+308, 0.0000e+00, 0.0000e+00, 
 2DIAGNOSTIC,     7, -4.352621259233e-01, 1.797693134862e+308, 0.0000e+00, 0.0000e+00, 
 2DIAGNOSTIC,     8, -4.363646449258e-01, 1.797693134862e+308, 0.0000e+00, 0.0000e+00, 
 2DIAGNOSTIC,     9, -4.375170230416e-01, 1.797693134862e+308, 0.0000e+00, 0.0000e+00, 
 2DIAGNOSTIC,    10, -4.392599305652e-01, 1.443314554297e-03, 0.0000e+00, 0.0000e+00, 
 2DIAGNOSTIC,    11, -4.401927713809e-01, 1.408576209297e-03, 0.0000e+00, 0.0000e+00, 
 2DIAGNOSTIC,    12, -4.432142024738e-01, 1.452991119042e-03, 0.0000e+00, 0.0000e+00, 
 2DIAGNOSTIC,    13, -4.437890845616e-01, 1.426355720072e-03, 0.0000e+00, 0.0000e+00, 
 2DIAGNOSTIC,    14, -4.437744246954e-01, 1.300237440890e-03, 0.0000e+00, 0.0000e+00, 
 2DIAGNOSTIC,    15, -4.437543235086e-01, 1.103530744343e-03, 0.0000e+00, 0.0000e+00, 
 2DIAGNOSTIC,    16, -4.438247573193e-01, 8.968847202130e-04, 0.0000e+00, 0.0000e+00, 
 2DIAGNOSTIC,    17, -4.439372571473e-01, 6.897849170084e-04, 0.0000e+00, 0.0000e+00, 
 2DIAGNOSTIC,    18, -4.442036535412e-01, 4.911111951342e-04, 0.0000e+00, 0.0000e+00, 
 2DIAGNOSTIC,    19, -4.442265256608e-01, 3.085542507388e-04, 0.0000e+00, 0.0000e+00, 
 2DIAGNOSTIC,    20, -4.442453609596e-01, 1.738368565362e-04, 0.0000e+00, 0.0000e+00, 
 2DIAGNOSTIC,    21, -4.442478555473e-01, 6.252953739010e-05, 0.0000e+00, 0.0000e+00, 
 2DIAGNOSTIC,    22, -4.442279343664e-01, 4.349579752259e-05, 0.0000e+00, 0.0000e+00, 
 2DIAGNOSTIC,    23, -4.442150773410e-01, 3.793503849518e-05, 0.0000e+00, 0.0000e+00, 
 2DIAGNOSTIC,    24, -4.442172450370e-01, 2.913557730375e-05, 0.0000e+00, 0.0000e+00, 
 2DIAGNOSTIC,    25, -4.442108039089e-01, 1.782236360565e-05, 0.0000e+00, 0.0000e+00, 
 2DIAGNOSTIC,    26, -4.442040648620e-01, 7.423814030710e-06, 0.0000e+00, 0.0000e+00, 
DIAGNOSTIC,Iteration,metricValue,convergenceValue,ITERATION_TIME_INDEX,SINCE_LAST
 2DIAGNOSTIC,     1, -3.878965359524e-01, 1.797693134862e+308, 0.0000e+00, 0.0000e+00, 
 2DIAGNOSTIC,     2, -3.880435204355e-01, 1.797693134862e+308, 0.0000e+00, 0.0000e+00, 
 2DIAGNOSTIC,     3, -3.882710624545e-01, 1.797693134862e+308, 0.0000e+00, 0.0000e+00, 
 2DIAGNOSTIC,     4, -3.884685215024e-01, 1.797693134862e+308, 0.0000e+00, 0.0000e+00, 
 2DIAGNOSTIC,     5, -3.888366940258e-01, 1.797693134862e+308, 0.0000e+00, 0.0000e+00, 
 2DIAGNOSTIC,     6, -3.892255806931e-01, 1.797693134862e+308, 0.0000e+00, 0.0000e+00, 
 2DIAGNOSTIC,     7, -3.895496817546e-01, 1.797693134862e+308, 0.0000e+00, 0.0000e+00, 
 2DIAGNOSTIC,     8, -3.895994872576e-01, 1.797693134862e+308, 0.0000e+00, 0.0000e+00, 
 2DIAGNOSTIC,     9, -3.898532431527e-01, 1.797693134862e+308, 0.0000e+00, 0.0000e+00, 
 2DIAGNOSTIC,    10, -3.898937587915e-01, 3.743543250504e-04, 0.0000e+00, 0.0000e+00, 
 2DIAGNOSTIC,    11, -3.899278676110e-01, 3.139490994615e-04, 0.0000e+00, 0.0000e+00, 
 2DIAGNOSTIC,    12, -3.899580390896e-01, 2.464300910224e-04, 0.0000e+00, 0.0000e+00, 
 2DIAGNOSTIC,    13, -3.900325785413e-01, 1.844078230092e-04, 0.0000e+00, 0.0000e+00, 
 2DIAGNOSTIC,    14, -3.902571803417e-01, 1.364098297089e-04, 0.0000e+00, 0.0000e+00, 
 2DIAGNOSTIC,    15, -3.902960789371e-01, 1.017484772475e-04, 0.0000e+00, 0.0000e+00, 
 2DIAGNOSTIC,    16, -3.903128998976e-01, 8.068387811760e-05, 0.0000e+00, 0.0000e+00, 
 2DIAGNOSTIC,    17, -3.903333134768e-01, 6.986362454001e-05, 0.0000e+00, 0.0000e+00, 
 2DIAGNOSTIC,    18, -3.903929083346e-01, 5.806974939628e-05, 0.0000e+00, 0.0000e+00, 
 2DIAGNOSTIC,    19, -3.904269236835e-01, 5.313586507046e-05, 0.0000e+00, 0.0000e+00, 
 2DIAGNOSTIC,    20, -3.905162699321e-01, 4.861866557063e-05, 0.0000e+00, 0.0000e+00, 
 2DIAGNOSTIC,    21, -3.905236702564e-01, 4.166390962992e-05, 0.0000e+00, 0.0000e+00, 
 2DIAGNOSTIC,    22, -3.905757837887e-01, 3.438811822087e-05, 0.0000e+00, 0.0000e+00, 
 2DIAGNOSTIC,    23, -3.906620021976e-01, 2.954399031291e-05, 0.0000e+00, 0.0000e+00, 
 2DIAGNOSTIC,    24, -3.906734582344e-01, 2.953263974469e-05, 0.0000e+00, 0.0000e+00, 
 2DIAGNOSTIC,    25, -3.906770418771e-01, 2.813119614201e-05, 0.0000e+00, 0.0000e+00, 
 2DIAGNOSTIC,    26, -3.906878069026e-01, 2.512664585103e-05, 0.0000e+00, 0.0000e+00, 
 2DIAGNOSTIC,    27, -3.907088893435e-01, 2.118307066599e-05, 0.0000e+00, 0.0000e+00, 
 2DIAGNOSTIC,    28, -3.907589972935e-01, 1.844172324000e-05, 0.0000e+00, 0.0000e+00, 
 2DIAGNOSTIC,    29, -3.908411839255e-01, 1.709658132122e-05, 0.0000e+00, 0.0000e+00, 
 2DIAGNOSTIC,    30, -3.908596494159e-01, 1.695440067968e-05, 0.0000e+00, 0.0000e+00, 
 2DIAGNOSTIC,    31, -3.908777976001e-01, 1.593489634150e-05, 0.0000e+00, 0.0000e+00, 
 2DIAGNOSTIC,    32, -3.909478153758e-01, 1.630625496857e-05, 0.0000e+00, 0.0000e+00, 
 2DIAGNOSTIC,    33, -3.910278526892e-01, 1.881116347000e-05, 0.0000e+00, 0.0000e+00, 
 2DIAGNOSTIC,    34, -3.910448810505e-01, 2.003259585946e-05, 0.0000e+00, 0.0000e+00, 
 2DIAGNOSTIC,    35, -3.910435663738e-01, 1.945209870620e-05, 0.0000e+00, 0.0000e+00, 
 2DIAGNOSTIC,    36, -3.910432634221e-01, 1.739786898999e-05, 0.0000e+00, 0.0000e+00, 
 2DIAGNOSTIC,    37, -3.910428907565e-01, 1.426305964890e-05, 0.0000e+00, 0.0000e+00, 
 2DIAGNOSTIC,    38, -3.910412801290e-01, 1.087912350716e-05, 0.0000e+00, 0.0000e+00, 
 2DIAGNOSTIC,    39, -3.910414853671e-01, 8.256157996826e-06, 0.0000e+00, 0.0000e+00, 
 2DIAGNOSTIC,    40, -3.910408608829e-01, 5.408287782810e-06, 0.0000e+00, 0.0000e+00, 
 2DIAGNOSTIC,    41, -3.910408887033e-01, 2.568816325481e-06, 0.0000e+00, 0.0000e+00, 
DIAGNOSTIC,Iteration,metricValue,convergenceValue,ITERATION_TIME_INDEX,SINCE_LAST
 2DIAGNOSTIC,     1, -3.637987910946e-01, 1.797693134862e+308, 0.0000e+00, 0.0000e+00, 
 2DIAGNOSTIC,     2, -3.639000700137e-01, 1.797693134862e+308, 0.0000e+00, 0.0000e+00, 
 2DIAGNOSTIC,     3, -3.640209912172e-01, 1.797693134862e+308, 0.0000e+00, 0.0000e+00, 
 2DIAGNOSTIC,     4, -3.641493413456e-01, 1.797693134862e+308, 0.0000e+00, 0.0000e+00, 
 2DIAGNOSTIC,     5, -3.644471306215e-01, 1.797693134862e+308, 0.0000e+00, 0.0000e+00, 
 2DIAGNOSTIC,     6, -3.644836439594e-01, 1.797693134862e+308, 0.0000e+00, 0.0000e+00, 
 2DIAGNOSTIC,     7, -3.647154181516e-01, 1.797693134862e+308, 0.0000e+00, 0.0000e+00, 
 2DIAGNOSTIC,     8, -3.647281982439e-01, 1.797693134862e+308, 0.0000e+00, 0.0000e+00, 
 2DIAGNOSTIC,     9, -3.647499046423e-01, 1.797693134862e+308, 0.0000e+00, 0.0000e+00, 
 2DIAGNOSTIC,    10, -3.647711124958e-01, 1.967356409209e-04, 0.0000e+00, 0.0000e+00, 
 2DIAGNOSTIC,    11, -3.648081263110e-01, 1.556482011645e-04, 0.0000e+00, 0.0000e+00, 
 2DIAGNOSTIC,    12, -3.648176839092e-01, 1.148179353573e-04, 0.0000e+00, 0.0000e+00, 
 2DIAGNOSTIC,    13, -3.649114027563e-01, 8.301212390165e-05, 0.0000e+00, 0.0000e+00, 
 2DIAGNOSTIC,    14, -3.649619137728e-01, 5.802095994288e-05, 0.0000e+00, 0.0000e+00, 
 2DIAGNOSTIC,    15, -3.649981799810e-01, 4.870184141594e-05, 0.0000e+00, 0.0000e+00, 
 2DIAGNOSTIC,    16, -3.651268617722e-01, 4.404341772028e-05, 0.0000e+00, 0.0000e+00, 
 2DIAGNOSTIC,    17, -3.651732613495e-01, 4.868673096228e-05, 0.0000e+00, 0.0000e+00, 
 2DIAGNOSTIC,    18, -3.651985404015e-01, 5.010381396803e-05, 0.0000e+00, 0.0000e+00, 
 2DIAGNOSTIC,    19, -3.651981834579e-01, 4.779237250033e-05, 0.0000e+00, 0.0000e+00, 
 2DIAGNOSTIC,    20, -3.652389135665e-01, 4.385447332491e-05, 0.0000e+00, 0.0000e+00, 
 2DIAGNOSTIC,    21, -3.653074131424e-01, 4.021203465182e-05, 0.0000e+00, 0.0000e+00, 
 2DIAGNOSTIC,    22, -3.653298499740e-01, 3.426820297751e-05, 0.0000e+00, 0.0000e+00, 
 2DIAGNOSTIC,    23, -3.653460152138e-01, 2.953862840084e-05, 0.0000e+00, 0.0000e+00, 
 2DIAGNOSTIC,    24, -3.654338038486e-01, 2.711682153039e-05, 0.0000e+00, 0.0000e+00, 
 2DIAGNOSTIC,    25, -3.660241937389e-01, 4.181546399390e-05, 0.0000e+00, 0.0000e+00, 
 2DIAGNOSTIC,    26, -3.661354069520e-01, 5.821392132561e-05, 0.0000e+00, 0.0000e+00, 
 2DIAGNOSTIC,    27, -3.661502780457e-01, 6.992618600064e-05, 2.5600e+02, 2.5600e+02, 
 2DIAGNOSTIC,    28, -3.661588118538e-01, 7.557481624033e-05, 2.5600e+02, 0.0000e+00, 
 2DIAGNOSTIC,    29, -3.661733429018e-01, 7.413031111787e-05, 2.5600e+02, 0.0000e+00, 
 2DIAGNOSTIC,    30, -3.661789018278e-01, 6.676199103253e-05, 2.5600e+02, 0.0000e+00, 
 2DIAGNOSTIC,    31, -3.661845086639e-01, 5.543696639267e-05, 2.5600e+02, 0.0000e+00, 
 2DIAGNOSTIC,    32, -3.662011769137e-01, 4.085267567538e-05, 2.5600e+02, 0.0000e+00, 
 2DIAGNOSTIC,    33, -3.662090227969e-01, 2.407858647211e-05, 2.5600e+02, 0.0000e+00, 
 2DIAGNOSTIC,    34, -3.662391711002e-01, 8.442464826588e-06, 2.5600e+02, 0.0000e+00, 
 2DIAGNOSTIC,    35, -3.662397423155e-01, 6.049087303391e-06, 2.5600e+02, 0.0000e+00, 
 2DIAGNOSTIC,    36, -3.662397343109e-01, 5.708382466191e-06, 2.5600e+02, 0.0000e+00, 
 2DIAGNOSTIC,    37, -3.662395014224e-01, 5.238834910312e-06, 2.5600e+02, 0.0000e+00, 
 2DIAGNOSTIC,    38, -3.662394530689e-01, 4.539536443936e-06, 2.5600e+02, 0.0000e+00, 
 2DIAGNOSTIC,    39, -3.662392513823e-01, 3.802021701551e-06, 2.5600e+02, 0.0000e+00, 
 2DIAGNOSTIC,    40, -3.662392998311e-01, 2.926689880910e-06, 2.5600e+02, 0.0000e+00, 
 2DIAGNOSTIC,    41, -3.662392507133e-01, 1.998204923057e-06, 2.5600e+02, 0.0000e+00, 
 2DIAGNOSTIC,    42, -3.662392142870e-01, 1.308162584927e-06, 2.5600e+02, 0.0000e+00, 
  Elapsed time (stage 0): 2.5600e+02


Total elapsed time: 2.5600e+02
Info [verificarlo]: loaded backend libinterflop_vprec.so
Info [interflop-vprec]: load backend with: 
Info [interflop-vprec]: precision-binary32 = 22
Info [interflop-vprec]: range-binary32 = 8
Info [interflop-vprec]: precision-binary64 = 22
Info [interflop-vprec]: range-binary64 = 8
Info [interflop-vprec]: mode = ob
Info [interflop-vprec]: error-mode = rel
Info [interflop-vprec]: max-abs-error-exponent = -1022
Info [interflop-vprec]: daz = false
Info [interflop-vprec]: ftz = false
Info [interflop-vprec]: 	instrument = none
Info [interflop-vprec]: 	prec-input-file = (null)
Info [interflop-vprec]: 	prec-output-file = (null)
Info [interflop-vprec]: 	prec-log-file = (null)
All_Command_lines_OK
Using double precision for computations.
=============================================================================
The composite transform comprises the following transforms (in order): 
  1. /home/mdugre/scratch/mri-registration-rp/datasets/ds004513/derivatives/mri-registration-rp/1111/antsRegistration-r8-p22/sub-s014/rigid_Composite.h5[0] (type = Euler3DTransform)
  2. /home/mdugre/scratch/mri-registration-rp/datasets/ds004513/derivatives/mri-registration-rp/1111/antsRegistration-r8-p22/sub-s014/rigid_Composite.h5[1] (type = Euler3DTransform)
  3. /home/mdugre/scratch/mri-registration-rp/datasets/ds004513/derivatives/mri-registration-rp/1111/antsRegistration-r8-p22/sub-s014/rigid_Composite.h5[2] (type = Euler3DTransform)
=============================================================================
  number of levels = 4
  fixed image: /templateflow/tpl-MNI152NLin2009cAsym/tpl-MNI152NLin2009cAsym_res-01_desc-brain_T1w.nii.gz
  moving image: /home/mdugre/scratch/mri-registration-rp/datasets/ds004513/derivatives/mri-registration-rp/antsBrainExtraction/sub-s014/BrainExtractionBrain.nii.gz
Dimension = 3
Number of stages = 1
Use histogram matching = false
Winsorize image intensities = true
  Lower quantile = 0.005
  Upper quantile = 0.995


Stage 1 State
   Image metric = MattesMI
     Fixed image = Image (0x33e5490)
  RTTI typeinfo:   itk::Image<double, 3u>
  Reference Count: 2
  Modified Time: 1594
  Debug: Off
  Object Name: 
  Observers: 
    none
  Source: (none)
  Source output name: (none)
  Release Data: Off
  Data Released: False
  Global Release Data: Off
  PipelineMTime: 0
  UpdateMTime: 1203
  RealTimeStamp: 0 seconds 
  LargestPossibleRegion: 
    Dimension: 3
    Index: [0, 0, 0]
    Size: [193, 229, 193]
  BufferedRegion: 
    Dimension: 3
    Index: [0, 0, 0]
    Size: [193, 229, 193]
  RequestedRegion: 
    Dimension: 3
    Index: [0, 0, 0]
    Size: [193, 229, 193]
  Spacing: [1, 1, 1]
  Origin: [96, 132, -78]
  Direction: 
-1 0 0
0 -1 0
0 0 1

  IndexToPointMatrix: 
-1 0 0
0 -1 0
0 0 1

  PointToIndexMatrix: 
-1 0 0
0 -1 0
0 0 1

  Inverse Direction: 
-1 0 0
0 -1 0
0 0 1

  PixelContainer: 
    ImportImageContainer (0x34ba970)
      RTTI typeinfo:   itk::ImportImageContainer<unsigned long, double>
      Reference Count: 1
      Modified Time: 1200
      Debug: Off
      Object Name: 
      Observers: 
        none
      Pointer: 0x1496a7b3f010
      Container manages memory: true
      Size: 8530021
      Capacity: 8530021

     Moving image = Image (0x34a0cd0)
  RTTI typeinfo:   itk::Image<double, 3u>
  Reference Count: 2
  Modified Time: 1595
  Debug: Off
  Object Name: 
  Observers: 
    none
  Source: (none)
  Source output name: (none)
  Release Data: Off
  Data Released: False
  Global Release Data: Off
  PipelineMTime: 0
  UpdateMTime: 1592
  RealTimeStamp: 0 seconds 
  LargestPossibleRegion: 
    Dimension: 3
    Index: [0, 0, 0]
    Size: [160, 240, 256]
  BufferedRegion: 
    Dimension: 3
    Index: [0, 0, 0]
    Size: [160, 240, 256]
  RequestedRegion: 
    Dimension: 3
    Index: [0, 0, 0]
    Size: [160, 240, 256]
  Spacing: [1, 1, 1]
  Origin: [84.1637, 106.709, -120.531]
  Direction: 
-0.999619 -0.0226874 -0.0157033
0.0226846 -0.999743 0.00035635
-0.0157073 -7.8229e-09 0.999877

  IndexToPointMatrix: 
-0.999619 -0.0226874 -0.0157033
0.0226845 -0.999743 0.00035635
-0.0157073 -7.8229e-09 0.999877

  PointToIndexMatrix: 
-0.99962 0.0226846 -0.0157073
-0.0226874 -0.999743 -1.19209e-07
-0.0157033 0.000356376 0.999877

  Inverse Direction: 
-0.999619 0.0226846 -0.0157073
-0.0226874 -0.999743 -1.19209e-07
-0.0157033 0.000356376 0.999877

  PixelContainer: 
    ImportImageContainer (0x3495b80)
      RTTI typeinfo:   itk::ImportImageContainer<unsigned long, double>
      Reference Count: 1
      Modified Time: 1589
      Debug: Off
      Object Name: 
      Observers: 
        none
      Pointer: 0x1496a303e010
      Container manages memory: true
      Size: 9830400
      Capacity: 9830400

     Weighting = 1
     Sampling strategy = regular
     Number of bins = 32
     Radius = 4
     Sampling percentage  = 0.25
   Transform = Affine
     Gradient step = 0.1
     Update field sigma (voxel space) = 0
     Total field sigma (voxel space) = 0
     Update field time sigma = 0
     Total field time sigma  = 0
     Number of time indices = 0
     Number of time point samples = 0
Registration using 1 total stages.

Stage 0
  iterations = 1000x500x250x100
  convergence threshold = 1e-06
  convergence window size = 10
  number of levels = 4
  using the Mattes MI metric (number of bins = 32, weight = 1, use gradient filter = 0)
  preprocessing:  winsorizing the image intensities
  Shrink factors (level 1 out of 4): [8, 8, 8]
  Shrink factors (level 2 out of 4): [4, 4, 4]
  Shrink factors (level 3 out of 4): [2, 2, 2]
  Shrink factors (level 4 out of 4): [1, 1, 1]
  smoothing sigmas per level: [3, 2, 1, 0]
  regular sampling (percentage = 0.25)

*** Running AffineTransform registration ***

DIAGNOSTIC,Iteration,metricValue,convergenceValue,ITERATION_TIME_INDEX,SINCE_LAST
 2DIAGNOSTIC,     1, -5.231927555236e-01, 1.797693134862e+308, 0.0000e+00, 0.0000e+00, 
 2DIAGNOSTIC,     2, -5.249679658110e-01, 1.797693134862e+308, 0.0000e+00, 0.0000e+00, 
 2DIAGNOSTIC,     3, -5.285071797142e-01, 1.797693134862e+308, 0.0000e+00, 0.0000e+00, 
 2DIAGNOSTIC,     4, -5.350515290487e-01, 1.797693134862e+308, 0.0000e+00, 0.0000e+00, 
 2DIAGNOSTIC,     5, -5.454516756335e-01, 1.797693134862e+308, 0.0000e+00, 0.0000e+00, 
 2DIAGNOSTIC,     6, -6.015513597139e-01, 1.797693134862e+308, 0.0000e+00, 0.0000e+00, 
 2DIAGNOSTIC,     7, -6.407716481540e-01, 1.797693134862e+308, 0.0000e+00, 0.0000e+00, 
 2DIAGNOSTIC,     8, -6.952146850177e-01, 1.797693134862e+308, 0.0000e+00, 0.0000e+00, 
 2DIAGNOSTIC,     9, -7.203866581120e-01, 1.797693134862e+308, 0.0000e+00, 0.0000e+00, 
 2DIAGNOSTIC,    10, -7.238719742207e-01, 2.574992279623e-02, 0.0000e+00, 0.0000e+00, 
 2DIAGNOSTIC,    11, -7.527718647353e-01, 2.531988837672e-02, 0.0000e+00, 0.0000e+00, 
 2DIAGNOSTIC,    12, -7.615178330197e-01, 2.306685650800e-02, 0.0000e+00, 0.0000e+00, 
 2DIAGNOSTIC,    13, -7.643090824408e-01, 1.938179613761e-02, 0.0000e+00, 0.0000e+00, 
 2DIAGNOSTIC,    14, -7.664710725835e-01, 1.487716506579e-02, 0.0000e+00, 0.0000e+00, 
 2DIAGNOSTIC,    15, -7.842997005682e-01, 1.051579066644e-02, 0.0000e+00, 0.0000e+00, 
 2DIAGNOSTIC,    16, -7.946841090841e-01, 7.582892846145e-03, 0.0000e+00, 0.0000e+00, 
 2DIAGNOSTIC,    17, -7.961624102034e-01, 5.338041047008e-03, 0.0000e+00, 0.0000e+00, 
 2DIAGNOSTIC,    18, -7.983904365663e-01, 4.212095018578e-03, 0.0000e+00, 0.0000e+00, 
 2DIAGNOSTIC,    19, -7.994324618111e-01, 3.416317185283e-03, 0.0000e+00, 0.0000e+00, 
 2DIAGNOSTIC,    20, -8.012571149177e-01, 2.485630325241e-03, 0.0000e+00, 0.0000e+00, 
 2DIAGNOSTIC,    21, -8.036369150549e-01, 2.024716218409e-03, 0.0000e+00, 0.0000e+00, 
 2DIAGNOSTIC,    22, -8.041068630563e-01, 1.595906670722e-03, 0.0000e+00, 0.0000e+00, 
 2DIAGNOSTIC,    23, -8.060409348943e-01, 1.149246361497e-03, 0.0000e+00, 0.0000e+00, 
 2DIAGNOSTIC,    24, -8.084197414501e-01, 7.065021410197e-04, 0.0000e+00, 0.0000e+00, 
 2DIAGNOSTIC,    25, -8.109506922320e-01, 5.561600477006e-04, 0.0000e+00, 0.0000e+00, 
 2DIAGNOSTIC,    26, -8.153886227116e-01, 5.911483100507e-04, 0.0000e+00, 0.0000e+00, 
 2DIAGNOSTIC,    27, -8.205138512501e-01, 6.623887976568e-04, 0.0000e+00, 0.0000e+00, 
 2DIAGNOSTIC,    28, -8.239200910297e-01, 7.435022110196e-04, 0.0000e+00, 0.0000e+00, 
 2DIAGNOSTIC,    29, -8.249086311535e-01, 7.752583258243e-04, 0.0000e+00, 0.0000e+00, 
 2DIAGNOSTIC,    30, -8.250776996444e-01, 7.574693773405e-04, 0.0000e+00, 0.0000e+00, 
 2DIAGNOSTIC,    31, -8.252606133886e-01, 7.016614238336e-04, 0.0000e+00, 0.0000e+00, 
 2DIAGNOSTIC,    32, -8.258634747239e-01, 5.954298279989e-04, 0.0000e+00, 0.0000e+00, 
 2DIAGNOSTIC,    33, -8.275386224997e-01, 4.813921778049e-04, 0.0000e+00, 0.0000e+00, 
 2DIAGNOSTIC,    34, -8.335452874146e-01, 4.233976870915e-04, 0.0000e+00, 0.0000e+00, 
 2DIAGNOSTIC,    35, -8.402494405567e-01, 4.276474347179e-04, 0.0000e+00, 0.0000e+00, 
 2DIAGNOSTIC,    36, -8.403761649983e-01, 4.372800192071e-04, 0.0000e+00, 0.0000e+00, 
 2DIAGNOSTIC,    37, -8.402194568314e-01, 4.564422408365e-04, 0.0000e+00, 0.0000e+00, 
 2DIAGNOSTIC,    38, -8.405271368982e-01, 4.684239267406e-04, 0.0000e+00, 0.0000e+00, 
 2DIAGNOSTIC,    39, -8.411312845675e-01, 4.493312732900e-04, 0.0000e+00, 0.0000e+00, 
 2DIAGNOSTIC,    40, -8.414599840644e-01, 3.921542497010e-04, 0.0000e+00, 0.0000e+00, 
 2DIAGNOSTIC,    41, -8.413950501827e-01, 3.025980911964e-04, 0.0000e+00, 0.0000e+00, 
 2DIAGNOSTIC,    42, -8.413183482455e-01, 1.950075963093e-04, 0.0000e+00, 0.0000e+00, 
 2DIAGNOSTIC,    43, -8.412141500335e-01, 8.722107664356e-05, 0.0000e+00, 0.0000e+00, 
 2DIAGNOSTIC,    44, -8.415924052891e-01, 2.865508043205e-05, 0.0000e+00, 0.0000e+00, 
 2DIAGNOSTIC,    45, -8.418539847990e-01, 2.738229684343e-05, 0.0000e+00, 0.0000e+00, 
 2DIAGNOSTIC,    46, -8.419809648141e-01, 2.577454991260e-05, 0.0000e+00, 0.0000e+00, 
 2DIAGNOSTIC,    47, -8.422123778316e-01, 2.252622017020e-05, 0.0000e+00, 0.0000e+00, 
 2DIAGNOSTIC,    48, -8.432856234229e-01, 2.781062342369e-05, 0.0000e+00, 0.0000e+00, 
 2DIAGNOSTIC,    49, -8.431779750690e-01, 3.365746455601e-05, 0.0000e+00, 0.0000e+00, 
 2DIAGNOSTIC,    50, -8.434190086840e-01, 4.036530046320e-05, 0.0000e+00, 0.0000e+00, 
 2DIAGNOSTIC,    51, -8.434908985321e-01, 4.312825041978e-05, 0.0000e+00, 0.0000e+00, 
 2DIAGNOSTIC,    52, -8.435129545063e-01, 4.134370439271e-05, 0.0000e+00, 0.0000e+00, 
 2DIAGNOSTIC,    53, -8.434619907370e-01, 3.452877047108e-05, 0.0000e+00, 0.0000e+00, 
 2DIAGNOSTIC,    54, -8.432388028459e-01, 2.576819977558e-05, 0.0000e+00, 0.0000e+00, 
 2DIAGNOSTIC,    55, -8.432989514260e-01, 1.719235454330e-05, 0.0000e+00, 0.0000e+00, 
 2DIAGNOSTIC,    56, -8.433915500393e-01, 8.761616638518e-06, 0.0000e+00, 0.0000e+00, 
 2DIAGNOSTIC,    57, -8.434230368253e-01, 1.321856097598e-06, 0.0000e+00, 0.0000e+00, 
DIAGNOSTIC,Iteration,metricValue,convergenceValue,ITERATION_TIME_INDEX,SINCE_LAST
 2DIAGNOSTIC,     1, -6.905238329834e-01, 1.797693134862e+308, 0.0000e+00, 0.0000e+00, 
 2DIAGNOSTIC,     2, -6.912724776640e-01, 1.797693134862e+308, 0.0000e+00, 0.0000e+00, 
 2DIAGNOSTIC,     3, -6.916960666109e-01, 1.797693134862e+308, 0.0000e+00, 0.0000e+00, 
 2DIAGNOSTIC,     4, -6.919242826216e-01, 1.797693134862e+308, 0.0000e+00, 0.0000e+00, 
 2DIAGNOSTIC,     5, -6.923212636548e-01, 1.797693134862e+308, 0.0000e+00, 0.0000e+00, 
 2DIAGNOSTIC,     6, -6.926505716669e-01, 1.797693134862e+308, 0.0000e+00, 0.0000e+00, 
 2DIAGNOSTIC,     7, -6.933283989477e-01, 1.797693134862e+308, 0.0000e+00, 0.0000e+00, 
 2DIAGNOSTIC,     8, -6.934528399903e-01, 1.797693134862e+308, 0.0000e+00, 0.0000e+00, 
 2DIAGNOSTIC,     9, -6.934738133068e-01, 1.797693134862e+308, 0.0000e+00, 0.0000e+00, 
 2DIAGNOSTIC,    10, -6.935109173752e-01, 2.844870890097e-04, 0.0000e+00, 0.0000e+00, 
 2DIAGNOSTIC,    11, -6.935577255886e-01, 2.117804066585e-04, 0.0000e+00, 0.0000e+00, 
 2DIAGNOSTIC,    12, -6.935615528760e-01, 1.576439861558e-04, 0.0000e+00, 0.0000e+00, 
 2DIAGNOSTIC,    13, -6.935688741897e-01, 1.114523309494e-04, 0.0000e+00, 0.0000e+00, 
 2DIAGNOSTIC,    14, -6.935797414403e-01, 6.906968440688e-05, 0.0000e+00, 0.0000e+00, 
 2DIAGNOSTIC,    15, -6.936185424999e-01, 3.815684956480e-05, 0.0000e+00, 0.0000e+00, 
 2DIAGNOSTIC,    16, -6.936234142489e-01, 1.587813998741e-05, 0.0000e+00, 0.0000e+00, 
 2DIAGNOSTIC,    17, -6.936128217989e-01, 1.098380302962e-05, 0.0000e+00, 0.0000e+00, 
 2DIAGNOSTIC,    18, -6.936009584212e-01, 8.389619780905e-06, 0.0000e+00, 0.0000e+00, 
 2DIAGNOSTIC,    19, -6.936014129793e-01, 5.906672431708e-06, 0.0000e+00, 0.0000e+00, 
 2DIAGNOSTIC,    20, -6.936023893137e-01, 4.014198269051e-06, 0.0000e+00, 0.0000e+00, 
 2DIAGNOSTIC,    21, -6.935795235403e-01, 2.538948736246e-06, 0.0000e+00, 0.0000e+00, 
DIAGNOSTIC,Iteration,metricValue,convergenceValue,ITERATION_TIME_INDEX,SINCE_LAST
 2DIAGNOSTIC,     1, -5.884861266706e-01, 1.797693134862e+308, 0.0000e+00, 0.0000e+00, 
