
##########################
# Experiment information #
##########################

EXPERIMENT_NAME: antsRegistration-r7-p23
VFC_BACKENDS: libinterflop_vprec.so --range-binary32=7 --precision-binary32=23 --range-binary64=7 --precision-binary64=23

SIF_IMG: /home/mdugre/projects/rrg-glatard/mdugre/containers/ants-vprec-no_metrics.simg

SUBJECT_ID: s020
INPUT_IMG: /home/mdugre/scratch/mri-registration-rp/datasets/ds004513/derivatives/mri-registration-rp/antsBrainExtraction/sub-s020/BrainExtractionBrain.nii.gz
OUTPUT_DIR: /home/mdugre/scratch/mri-registration-rp/datasets/ds004513/derivatives/mri-registration-rp/1111/antsRegistration-r7-p23/sub-s020

FIXED_IMG: /templateflow/tpl-MNI152NLin2009cAsym/tpl-MNI152NLin2009cAsym_res-01_desc-brain_T1w.nii.gz
DATA_DIR: /home/mdugre/scratch/mri-registration-rp/datasets/ds004513
TEMPLATEFLOW_DIR: /home/mdugre/projects/rrg-glatard/mdugre/templateflow
ITK_GLOBAL_DEFAULT_NUMBER_OF_THREADS: 16
##########################

Info [verificarlo]: loaded backend libinterflop_vprec.so
Info [interflop-vprec]: load backend with: 
Info [interflop-vprec]: precision-binary32 = 23
Info [interflop-vprec]: range-binary32 = 7
Info [interflop-vprec]: precision-binary64 = 23
Info [interflop-vprec]: range-binary64 = 7
Info [interflop-vprec]: mode = ob
Info [interflop-vprec]: error-mode = rel
Info [interflop-vprec]: max-abs-error-exponent = -1022
Info [interflop-vprec]: daz = false
Info [interflop-vprec]: ftz = false
Info [interflop-vprec]: 	instrument = none
Info [interflop-vprec]: 	prec-input-file = (null)
Info [interflop-vprec]: 	prec-output-file = (null)
Info [interflop-vprec]: 	prec-log-file = (null)
All_Command_lines_OK
Using double precision for computations.
=============================================================================
The composite transform comprises the following transforms (in order): 
  1. Center of mass alignment using fixed image: /templateflow/tpl-MNI152NLin2009cAsym/tpl-MNI152NLin2009cAsym_res-01_desc-brain_T1w.nii.gz and moving image: /home/mdugre/scratch/mri-registration-rp/datasets/ds004513/derivatives/mri-registration-rp/antsBrainExtraction/sub-s020/BrainExtractionBrain.nii.gz (type = Euler3DTransform)
=============================================================================
  number of levels = 1
  fixed image: /templateflow/tpl-MNI152NLin2009cAsym/tpl-MNI152NLin2009cAsym_res-01_desc-brain_T1w.nii.gz
  moving image: /home/mdugre/scratch/mri-registration-rp/datasets/ds004513/derivatives/mri-registration-rp/antsBrainExtraction/sub-s020/BrainExtractionBrain.nii.gz
Dimension = 3
Number of stages = 1
Use histogram matching = false
Winsorize image intensities = true
  Lower quantile = 0.005
  Upper quantile = 0.995


Stage 1 State
   Image metric = MattesMI
     Fixed image = Image (0x518db20)
  RTTI typeinfo:   itk::Image<double, 3u>
  Reference Count: 2
  Modified Time: 2334
  Debug: Off
  Object Name: 
  Observers: 
    none
  Source: (none)
  Source output name: (none)
  Release Data: Off
  Data Released: False
  Global Release Data: Off
  PipelineMTime: 0
  UpdateMTime: 1943
  RealTimeStamp: 0 seconds 
  LargestPossibleRegion: 
    Dimension: 3
    Index: [0, 0, 0]
    Size: [193, 229, 193]
  BufferedRegion: 
    Dimension: 3
    Index: [0, 0, 0]
    Size: [193, 229, 193]
  RequestedRegion: 
    Dimension: 3
    Index: [0, 0, 0]
    Size: [193, 229, 193]
  Spacing: [1, 1, 1]
  Origin: [96, 132, -78]
  Direction: 
-1 0 0
0 -1 0
0 0 1

  IndexToPointMatrix: 
-1 0 0
0 -1 0
0 0 1

  PointToIndexMatrix: 
-1 0 0
0 -1 0
0 0 1

  Inverse Direction: 
-1 0 0
0 -1 0
0 0 1

  PixelContainer: 
    ImportImageContainer (0x52b9650)
      RTTI typeinfo:   itk::ImportImageContainer<unsigned long, double>
      Reference Count: 1
      Modified Time: 1940
      Debug: Off
      Object Name: 
      Observers: 
        none
      Pointer: 0x148aded6f010
      Container manages memory: true
      Size: 8530021
      Capacity: 8530021

     Moving image = Image (0x518fad0)
  RTTI typeinfo:   itk::Image<double, 3u>
  Reference Count: 2
  Modified Time: 2335
  Debug: Off
  Object Name: 
  Observers: 
    none
  Source: (none)
  Source output name: (none)
  Release Data: Off
  Data Released: False
  Global Release Data: Off
  PipelineMTime: 0
  UpdateMTime: 2332
  RealTimeStamp: 0 seconds 
  LargestPossibleRegion: 
    Dimension: 3
    Index: [0, 0, 0]
    Size: [160, 240, 256]
  BufferedRegion: 
    Dimension: 3
    Index: [0, 0, 0]
    Size: [160, 240, 256]
  RequestedRegion: 
    Dimension: 3
    Index: [0, 0, 0]
    Size: [160, 240, 256]
  Spacing: [0.999995, 1, 1]
  Origin: [87.0906, 98.7205, -152.377]
  Direction: 
-0.996975 0.0261379 -0.0731912
-0.0260677 -0.999658 -0.00191374
-0.0732163 -2.46403e-08 0.997316

  IndexToPointMatrix: 
-0.996971 0.0261379 -0.0731912
-0.0260676 -0.999658 -0.00191374
-0.0732159 -2.46403e-08 0.997316

  PointToIndexMatrix: 
-0.99698 -0.0260679 -0.0732166
0.0261379 -0.999658 -8.19564e-08
-0.0731913 -0.00191373 0.997316

  Inverse Direction: 
-0.996975 -0.0260677 -0.0732163
0.0261379 -0.999659 8.9407e-08
-0.0731913 -0.00191379 0.997316

  PixelContainer: 
    ImportImageContainer (0x51d7050)
      RTTI typeinfo:   itk::ImportImageContainer<unsigned long, double>
      Reference Count: 1
      Modified Time: 2329
      Debug: Off
      Object Name: 
      Observers: 
        none
      Pointer: 0x148ada26e010
      Container manages memory: true
      Size: 9830400
      Capacity: 9830400

     Weighting = 1
     Sampling strategy = regular
     Number of bins = 32
     Radius = 4
     Sampling percentage  = 0.25
   Transform = Rigid
     Gradient step = 0.1
     Update field sigma (voxel space) = 0
     Total field sigma (voxel space) = 0
     Update field time sigma = 0
     Total field time sigma  = 0
     Number of time indices = 0
     Number of time point samples = 0
Registration using 1 total stages.

Stage 0
  iterations = 0
  convergence threshold = 1e-06
  convergence window size = 10
  number of levels = 1
  using the Mattes MI metric (number of bins = 32, weight = 1, use gradient filter = 0)
  preprocessing:  winsorizing the image intensities
  Shrink factors (level 1 out of 1): [1, 1, 1]
  smoothing sigmas per level: [0]
  regular sampling (percentage = 0.25)

*** Running Euler3DTransform registration ***

  Elapsed time (stage 0): 0


Total elapsed time: 0
Info [verificarlo]: loaded backend libinterflop_vprec.so
Info [interflop-vprec]: load backend with: 
Info [interflop-vprec]: precision-binary32 = 23
Info [interflop-vprec]: range-binary32 = 7
Info [interflop-vprec]: precision-binary64 = 23
Info [interflop-vprec]: range-binary64 = 7
Info [interflop-vprec]: mode = ob
Info [interflop-vprec]: error-mode = rel
Info [interflop-vprec]: max-abs-error-exponent = -1022
Info [interflop-vprec]: daz = false
Info [interflop-vprec]: ftz = false
Info [interflop-vprec]: 	instrument = none
Info [interflop-vprec]: 	prec-input-file = (null)
Info [interflop-vprec]: 	prec-output-file = (null)
Info [interflop-vprec]: 	prec-log-file = (null)
All_Command_lines_OK
Using double precision for computations.
=============================================================================
The composite transform comprises the following transforms (in order): 
  1. /home/mdugre/scratch/mri-registration-rp/datasets/ds004513/derivatives/mri-registration-rp/1111/antsRegistration-r7-p23/sub-s020/align_Composite.h5[0] (type = Euler3DTransform)
  2. /home/mdugre/scratch/mri-registration-rp/datasets/ds004513/derivatives/mri-registration-rp/1111/antsRegistration-r7-p23/sub-s020/align_Composite.h5[1] (type = Euler3DTransform)
=============================================================================
  number of levels = 4
  fixed image: /templateflow/tpl-MNI152NLin2009cAsym/tpl-MNI152NLin2009cAsym_res-01_desc-brain_T1w.nii.gz
  moving image: /home/mdugre/scratch/mri-registration-rp/datasets/ds004513/derivatives/mri-registration-rp/antsBrainExtraction/sub-s020/BrainExtractionBrain.nii.gz
Dimension = 3
Number of stages = 1
Use histogram matching = false
Winsorize image intensities = true
  Lower quantile = 0.005
  Upper quantile = 0.995


Stage 1 State
   Image metric = MattesMI
     Fixed image = Image (0x43ae1e0)
  RTTI typeinfo:   itk::Image<double, 3u>
  Reference Count: 2
  Modified Time: 1580
  Debug: Off
  Object Name: 
  Observers: 
    none
  Source: (none)
  Source output name: (none)
  Release Data: Off
  Data Released: False
  Global Release Data: Off
  PipelineMTime: 0
  UpdateMTime: 1189
  RealTimeStamp: 0 seconds 
  LargestPossibleRegion: 
    Dimension: 3
    Index: [0, 0, 0]
    Size: [193, 229, 193]
  BufferedRegion: 
    Dimension: 3
    Index: [0, 0, 0]
    Size: [193, 229, 193]
  RequestedRegion: 
    Dimension: 3
    Index: [0, 0, 0]
    Size: [193, 229, 193]
  Spacing: [1, 1, 1]
  Origin: [96, 132, -78]
  Direction: 
-1 0 0
0 -1 0
0 0 1

  IndexToPointMatrix: 
-1 0 0
0 -1 0
0 0 1

  PointToIndexMatrix: 
-1 0 0
0 -1 0
0 0 1

  Inverse Direction: 
-1 0 0
0 -1 0
0 0 1

  PixelContainer: 
    ImportImageContainer (0x446d640)
      RTTI typeinfo:   itk::ImportImageContainer<unsigned long, double>
      Reference Count: 1
      Modified Time: 1186
      Debug: Off
      Object Name: 
      Observers: 
        none
      Pointer: 0x14d1cc9fa010
      Container manages memory: true
      Size: 8530021
      Capacity: 8530021

     Moving image = Image (0x4469c90)
  RTTI typeinfo:   itk::Image<double, 3u>
  Reference Count: 2
  Modified Time: 1581
  Debug: Off
  Object Name: 
  Observers: 
    none
  Source: (none)
  Source output name: (none)
  Release Data: Off
  Data Released: False
  Global Release Data: Off
  PipelineMTime: 0
  UpdateMTime: 1578
  RealTimeStamp: 0 seconds 
  LargestPossibleRegion: 
    Dimension: 3
    Index: [0, 0, 0]
    Size: [160, 240, 256]
  BufferedRegion: 
    Dimension: 3
    Index: [0, 0, 0]
    Size: [160, 240, 256]
  RequestedRegion: 
    Dimension: 3
    Index: [0, 0, 0]
    Size: [160, 240, 256]
  Spacing: [0.999995, 1, 1]
  Origin: [87.0906, 98.7205, -152.377]
  Direction: 
-0.996975 0.0261379 -0.0731912
-0.0260677 -0.999658 -0.00191374
-0.0732163 -2.46403e-08 0.997316

  IndexToPointMatrix: 
-0.996971 0.0261379 -0.0731912
-0.0260676 -0.999658 -0.00191374
-0.0732159 -2.46403e-08 0.997316

  PointToIndexMatrix: 
-0.99698 -0.0260679 -0.0732166
0.0261379 -0.999658 -8.19564e-08
-0.0731913 -0.00191373 0.997316

  Inverse Direction: 
-0.996975 -0.0260677 -0.0732163
0.0261379 -0.999659 8.9407e-08
-0.0731913 -0.00191379 0.997316

  PixelContainer: 
    ImportImageContainer (0x44dad90)
      RTTI typeinfo:   itk::ImportImageContainer<unsigned long, double>
      Reference Count: 1
      Modified Time: 1575
      Debug: Off
      Object Name: 
      Observers: 
        none
      Pointer: 0x14d1c7ef9010
      Container manages memory: true
      Size: 9830400
      Capacity: 9830400

     Weighting = 1
     Sampling strategy = regular
     Number of bins = 32
     Radius = 4
     Sampling percentage  = 0.25
   Transform = Rigid
     Gradient step = 0.1
     Update field sigma (voxel space) = 0
     Total field sigma (voxel space) = 0
     Update field time sigma = 0
     Total field time sigma  = 0
     Number of time indices = 0
     Number of time point samples = 0
Registration using 1 total stages.

Stage 0
  iterations = 1000x500x250x100
  convergence threshold = 1e-06
  convergence window size = 10
  number of levels = 4
  using the Mattes MI metric (number of bins = 32, weight = 1, use gradient filter = 0)
  preprocessing:  winsorizing the image intensities
  Shrink factors (level 1 out of 4): [8, 8, 8]
  Shrink factors (level 2 out of 4): [4, 4, 4]
  Shrink factors (level 3 out of 4): [2, 2, 2]
  Shrink factors (level 4 out of 4): [1, 1, 1]
  smoothing sigmas per level: [3, 2, 1, 0]
  regular sampling (percentage = 0.25)

*** Running Euler3DTransform registration ***

DIAGNOSTIC,Iteration,metricValue,convergenceValue,ITERATION_TIME_INDEX,SINCE_LAST
 2DIAGNOSTIC,     1, -3.790379704996e-01, 1.797693134862e+308, 0.0000e+00, 0.0000e+00, 
 2DIAGNOSTIC,     2, -3.802592729244e-01, 1.797693134862e+308, 0.0000e+00, 0.0000e+00, 
 2DIAGNOSTIC,     3, -3.827676283671e-01, 1.797693134862e+308, 0.0000e+00, 0.0000e+00, 
 2DIAGNOSTIC,     4, -3.875456885098e-01, 1.797693134862e+308, 0.0000e+00, 0.0000e+00, 
 2DIAGNOSTIC,     5, -3.905727430139e-01, 1.797693134862e+308, 0.0000e+00, 0.0000e+00, 
 2DIAGNOSTIC,     6, -3.911074844617e-01, 1.797693134862e+308, 0.0000e+00, 0.0000e+00, 
 2DIAGNOSTIC,     7, -3.915018671352e-01, 1.797693134862e+308, 0.0000e+00, 0.0000e+00, 
 2DIAGNOSTIC,     8, -3.926524517550e-01, 1.797693134862e+308, 0.0000e+00, 0.0000e+00, 
 2DIAGNOSTIC,     9, -3.979645526275e-01, 1.797693134862e+308, 0.0000e+00, 0.0000e+00, 
 2DIAGNOSTIC,    10, -4.314373743782e-01, 5.560189390645e-03, 0.0000e+00, 0.0000e+00, 
 2DIAGNOSTIC,    11, -4.394421182357e-01, 7.169462390350e-03, 0.0000e+00, 0.0000e+00, 
 2DIAGNOSTIC,    12, -4.447778414496e-01, 8.242958157765e-03, 0.0000e+00, 0.0000e+00, 
 2DIAGNOSTIC,    13, -4.565980444557e-01, 9.170671370798e-03, 0.0000e+00, 0.0000e+00, 
 2DIAGNOSTIC,    14, -4.734071561227e-01, 1.014574580173e-02, 0.0000e+00, 0.0000e+00, 
 2DIAGNOSTIC,    15, -4.908321557313e-01, 1.092139686727e-02, 0.0000e+00, 0.0000e+00, 
 2DIAGNOSTIC,    16, -4.937384388238e-01, 1.072211210932e-02, 0.0000e+00, 0.0000e+00, 
 2DIAGNOSTIC,    17, -4.956306161535e-01, 9.692779681456e-03, 0.0000e+00, 0.0000e+00, 
 2DIAGNOSTIC,    18, -4.960506739300e-01, 7.979543198133e-03, 0.0000e+00, 0.0000e+00, 
 2DIAGNOSTIC,    19, -4.965093656899e-01, 5.901040687320e-03, 0.0000e+00, 0.0000e+00, 
 2DIAGNOSTIC,    20, -4.966086176156e-01, 4.600683952667e-03, 0.0000e+00, 0.0000e+00, 
 2DIAGNOSTIC,    21, -4.966079883691e-01, 3.266873502711e-03, 0.0000e+00, 0.0000e+00, 
 2DIAGNOSTIC,    22, -4.967280737845e-01, 1.929669444188e-03, 0.0000e+00, 0.0000e+00, 
 2DIAGNOSTIC,    23, -4.969759885652e-01, 8.728566976524e-04, 0.0000e+00, 0.0000e+00, 
 2DIAGNOSTIC,    24, -4.977445438666e-01, 2.881082524731e-04, 0.0000e+00, 0.0000e+00, 
 2DIAGNOSTIC,    25, -4.988308417836e-01, 1.966517115237e-04, 0.0000e+00, 0.0000e+00, 
 2DIAGNOSTIC,    26, -4.993093060008e-01, 1.755033941621e-04, 0.0000e+00, 0.0000e+00, 
 2DIAGNOSTIC,    27, -4.992998200027e-01, 1.837261721389e-04, 0.0000e+00, 0.0000e+00, 
 2DIAGNOSTIC,    28, -4.992460042036e-01, 1.824562650461e-04, 0.0000e+00, 0.0000e+00, 
 2DIAGNOSTIC,    29, -4.992025621277e-01, 1.729670275931e-04, 0.0000e+00, 0.0000e+00, 
 2DIAGNOSTIC,    30, -4.993466105228e-01, 1.526757732185e-04, 0.0000e+00, 0.0000e+00, 
 2DIAGNOSTIC,    31, -4.995254292183e-01, 1.229691369637e-04, 0.0000e+00, 0.0000e+00, 
 2DIAGNOSTIC,    32, -4.997509646372e-01, 9.073173735527e-05, 0.0000e+00, 0.0000e+00, 
 2DIAGNOSTIC,    33, -5.004214101072e-01, 6.927614071985e-05, 0.0000e+00, 0.0000e+00, 
 2DIAGNOSTIC,    34, -5.010437270137e-01, 6.721550990584e-05, 0.0000e+00, 0.0000e+00, 
 2DIAGNOSTIC,    35, -5.014818018371e-01, 8.534276459299e-05, 0.0000e+00, 0.0000e+00, 
 2DIAGNOSTIC,    36, -5.018309557751e-01, 1.084703877458e-04, 0.0000e+00, 0.0000e+00, 
 2DIAGNOSTIC,    37, -5.022793224403e-01, 1.273176691337e-04, 0.0000e+00, 0.0000e+00, 
 2DIAGNOSTIC,    38, -5.022318907898e-01, 1.312961810142e-04, 0.0000e+00, 0.0000e+00, 
 2DIAGNOSTIC,    39, -5.025490348780e-01, 1.269155910076e-04, 0.0000e+00, 0.0000e+00, 
 2DIAGNOSTIC,    40, -5.027274408609e-01, 1.155976656208e-04, 0.0000e+00, 0.0000e+00, 
 2DIAGNOSTIC,    41, -5.028748464106e-01, 9.877552904143e-05, 0.0000e+00, 0.0000e+00, 
 2DIAGNOSTIC,    42, -5.030038846804e-01, 7.844102006900e-05, 0.0000e+00, 0.0000e+00, 
 2DIAGNOSTIC,    43, -5.031189868443e-01, 6.264637167985e-05, 0.0000e+00, 0.0000e+00, 
 2DIAGNOSTIC,    44, -5.032192438211e-01, 5.154227952115e-05, 0.0000e+00, 0.0000e+00, 
 2DIAGNOSTIC,    45, -5.032262256677e-01, 4.194965010250e-05, 0.0000e+00, 0.0000e+00, 
 2DIAGNOSTIC,    46, -5.032791067930e-01, 3.400682965752e-05, 0.0000e+00, 0.0000e+00, 
 2DIAGNOSTIC,    47, -5.033425829213e-01, 2.985324524885e-05, 0.0000e+00, 0.0000e+00, 
 2DIAGNOSTIC,    48, -5.034623985313e-01, 2.389676379754e-05, 0.0000e+00, 0.0000e+00, 
 2DIAGNOSTIC,    49, -5.034818145099e-01, 2.003244787734e-05, 0.0000e+00, 0.0000e+00, 
 2DIAGNOSTIC,    50, -5.035018257377e-01, 1.686090015007e-05, 0.0000e+00, 0.0000e+00, 
 2DIAGNOSTIC,    51, -5.035387801898e-01, 1.442955090875e-05, 0.0000e+00, 0.0000e+00, 
 2DIAGNOSTIC,    52, -5.036337242806e-01, 1.330198395203e-05, 0.0000e+00, 0.0000e+00, 
 2DIAGNOSTIC,    53, -5.038102391614e-01, 1.421878695278e-05, 0.0000e+00, 0.0000e+00, 
 2DIAGNOSTIC,    54, -5.038143144688e-01, 1.491877643030e-05, 0.0000e+00, 0.0000e+00, 
 2DIAGNOSTIC,    55, -5.038704944284e-01, 1.494951083260e-05, 0.0000e+00, 0.0000e+00, 
 2DIAGNOSTIC,    56, -5.038985873348e-01, 1.446503293721e-05, 0.0000e+00, 0.0000e+00, 
 2DIAGNOSTIC,    57, -5.038402142016e-01, 1.266478158039e-05, 0.0000e+00, 0.0000e+00, 
 2DIAGNOSTIC,    58, -5.038664336333e-01, 1.126322223629e-05, 0.0000e+00, 0.0000e+00, 
 2DIAGNOSTIC,    59, -5.040092533111e-01, 1.051055821308e-05, 0.0000e+00, 0.0000e+00, 
 2DIAGNOSTIC,    60, -5.039422602507e-01, 8.336798518055e-06, 0.0000e+00, 0.0000e+00, 
 2DIAGNOSTIC,    61, -5.038151856496e-01, 4.645099717589e-06, 0.0000e+00, 0.0000e+00, 
 2DIAGNOSTIC,    62, -5.039684453729e-01, 3.070180322765e-06, 0.0000e+00, 0.0000e+00, 
 2DIAGNOSTIC,    63, -5.039761151961e-01, 2.969123365275e-06, 0.0000e+00, 0.0000e+00, 
 2DIAGNOSTIC,    64, -5.039084639115e-01, 2.004402131463e-06, 0.0000e+00, 0.0000e+00, 
DIAGNOSTIC,Iteration,metricValue,convergenceValue,ITERATION_TIME_INDEX,SINCE_LAST
 2DIAGNOSTIC,     1, -4.096581600331e-01, 1.797693134862e+308, 0.0000e+00, 0.0000e+00, 
 2DIAGNOSTIC,     2, -4.098043260579e-01, 1.797693134862e+308, 0.0000e+00, 0.0000e+00, 
 2DIAGNOSTIC,     3, -4.099346532577e-01, 1.797693134862e+308, 0.0000e+00, 0.0000e+00, 
 2DIAGNOSTIC,     4, -4.101685961979e-01, 1.797693134862e+308, 0.0000e+00, 0.0000e+00, 
 2DIAGNOSTIC,     5, -4.105478560483e-01, 1.797693134862e+308, 0.0000e+00, 0.0000e+00, 
 2DIAGNOSTIC,     6, -4.113360147607e-01, 1.797693134862e+308, 0.0000e+00, 0.0000e+00, 
 2DIAGNOSTIC,     7, -4.133323358893e-01, 1.797693134862e+308, 0.0000e+00, 0.0000e+00, 
 2DIAGNOSTIC,     8, -4.151392060885e-01, 1.797693134862e+308, 0.0000e+00, 0.0000e+00, 
 2DIAGNOSTIC,     9, -4.170730749006e-01, 1.797693134862e+308, 0.0000e+00, 0.0000e+00, 
 2DIAGNOSTIC,    10, -4.173688756057e-01, 1.334662896990e-03, 0.0000e+00, 0.0000e+00, 
 2DIAGNOSTIC,    11, -4.176694277233e-01, 1.359537762928e-03, 0.0000e+00, 0.0000e+00, 
 2DIAGNOSTIC,    12, -4.186277308491e-01, 1.321063514340e-03, 0.0000e+00, 0.0000e+00, 
 2DIAGNOSTIC,    13, -4.193069665211e-01, 1.209446539973e-03, 0.0000e+00, 0.0000e+00, 
 2DIAGNOSTIC,    14, -4.194766694937e-01, 1.023593942551e-03, 0.0000e+00, 0.0000e+00, 
 2DIAGNOSTIC,    15, -4.197030083980e-01, 7.989681470629e-04, 0.0000e+00, 0.0000e+00, 
 2DIAGNOSTIC,    16, -4.199518282056e-01, 5.737980843005e-04, 0.0000e+00, 0.0000e+00, 
 2DIAGNOSTIC,    17, -4.199661250781e-01, 4.019496187744e-04, 0.0000e+00, 0.0000e+00, 
 2DIAGNOSTIC,    18, -4.199596497471e-01, 2.787393427683e-04, 0.0000e+00, 0.0000e+00, 
 2DIAGNOSTIC,    19, -4.199408268212e-01, 2.122062436572e-04, 0.0000e+00, 0.0000e+00, 
 2DIAGNOSTIC,    20, -4.199420154284e-01, 1.433029352855e-04, 0.0000e+00, 0.0000e+00, 
 2DIAGNOSTIC,    21, -4.199220283418e-01, 7.623740625717e-05, 0.0000e+00, 0.0000e+00, 
 2DIAGNOSTIC,    22, -4.199163133656e-01, 3.745586461843e-05, 0.0000e+00, 0.0000e+00, 
 2DIAGNOSTIC,    23, -4.199099348491e-01, 1.873138282949e-05, 0.0000e+00, 0.0000e+00, 
 2DIAGNOSTIC,    24, -4.199033803649e-01, 4.503530115461e-06, 0.0000e+00, 0.0000e+00, 
DIAGNOSTIC,Iteration,metricValue,convergenceValue,ITERATION_TIME_INDEX,SINCE_LAST
 2DIAGNOSTIC,     1, -3.602663591330e-01, 1.797693134862e+308, 0.0000e+00, 0.0000e+00, 
 2DIAGNOSTIC,     2, -3.604595118068e-01, 1.797693134862e+308, 0.0000e+00, 0.0000e+00, 
 2DIAGNOSTIC,     3, -3.606986119746e-01, 1.797693134862e+308, 0.0000e+00, 0.0000e+00, 
 2DIAGNOSTIC,     4, -3.609098706127e-01, 1.797693134862e+308, 0.0000e+00, 0.0000e+00, 
 2DIAGNOSTIC,     5, -3.610539139972e-01, 1.797693134862e+308, 0.0000e+00, 0.0000e+00, 
 2DIAGNOSTIC,     6, -3.611763253880e-01, 1.797693134862e+308, 1.2800e+02, 1.2800e+02, 
 2DIAGNOSTIC,     7, -3.612283693570e-01, 1.797693134862e+308, 1.2800e+02, 0.0000e+00, 
 2DIAGNOSTIC,     8, -3.612750547273e-01, 1.797693134862e+308, 1.2800e+02, 0.0000e+00, 
 2DIAGNOSTIC,     9, -3.613402058501e-01, 1.797693134862e+308, 1.2800e+02, 0.0000e+00, 
 2DIAGNOSTIC,    10, -3.613384677627e-01, 1.933345898558e-04, 1.2800e+02, 0.0000e+00, 
 2DIAGNOSTIC,    11, -3.613387328255e-01, 1.354535412380e-04, 1.2800e+02, 0.0000e+00, 
 2DIAGNOSTIC,    12, -3.613376480308e-01, 8.778225670467e-05, 1.2800e+02, 0.0000e+00, 
 2DIAGNOSTIC,    13, -3.613373718749e-01, 5.401090646208e-05, 1.2800e+02, 0.0000e+00, 
 2DIAGNOSTIC,    14, -3.613360526760e-01, 3.201491690499e-05, 1.2800e+02, 0.0000e+00, 
 2DIAGNOSTIC,    15, -3.613354510190e-01, 1.764344966927e-05, 1.2800e+02, 0.0000e+00, 
 2DIAGNOSTIC,    16, -3.613343948054e-01, 9.622454002114e-06, 1.2800e+02, 0.0000e+00, 
 2DIAGNOSTIC,    17, -3.613341090922e-01, 4.213110854238e-06, 1.2800e+02, 0.0000e+00, 
 2DIAGNOSTIC,    18, -3.613338695660e-01, 1.137136354940e-06, 1.2800e+02, 0.0000e+00, 
 2DIAGNOSTIC,    19, -3.613333548199e-01, 1.122747411278e-06, 1.2800e+02, 0.0000e+00, 
 2DIAGNOSTIC,    20, -3.613316494838e-01, 1.025677512041e-06, 1.2800e+02, 0.0000e+00, 
 2DIAGNOSTIC,    21, -3.613320483443e-01, 1.017900047286e-06, 1.2800e+02, 0.0000e+00, 
 2DIAGNOSTIC,    22, -3.613321312793e-01, 1.019718184100e-06, 1.2800e+02, 0.0000e+00, 
DIAGNOSTIC,Iteration,metricValue,convergenceValue,ITERATION_TIME_INDEX,SINCE_LAST
 2DIAGNOSTIC,     1, -3.314566930825e-01, 1.797693134862e+308, 1.2800e+02, 0.0000e+00, 
 2DIAGNOSTIC,     2, -3.315488159969e-01, 1.797693134862e+308, 1.2800e+02, 0.0000e+00, 
 2DIAGNOSTIC,     3, -3.316512289206e-01, 1.797693134862e+308, 1.2800e+02, 0.0000e+00, 
 2DIAGNOSTIC,     4, -3.319803015646e-01, 1.797693134862e+308, 1.2800e+02, 0.0000e+00, 
 2DIAGNOSTIC,     5, -3.322666802388e-01, 1.797693134862e+308, 1.2800e+02, 0.0000e+00, 
 2DIAGNOSTIC,     6, -3.323372809906e-01, 1.797693134862e+308, 1.2800e+02, 0.0000e+00, 
 2DIAGNOSTIC,     7, -3.324043682972e-01, 1.797693134862e+308, 1.2800e+02, 0.0000e+00, 
 2DIAGNOSTIC,     8, -3.325110018299e-01, 1.797693134862e+308, 1.2800e+02, 0.0000e+00, 
 2DIAGNOSTIC,     9, -3.325360182528e-01, 1.797693134862e+308, 1.2800e+02, 0.0000e+00, 
 2DIAGNOSTIC,    10, -3.325548170416e-01, 2.405508088163e-04, 1.2800e+02, 0.0000e+00, 
 2DIAGNOSTIC,    11, -3.325782131518e-01, 1.844490377617e-04, 1.2800e+02, 0.0000e+00, 
 2DIAGNOSTIC,    12, -3.325940686753e-01, 1.294045888360e-04, 1.2800e+02, 0.0000e+00, 
 2DIAGNOSTIC,    13, -3.326034823007e-01, 7.830251281644e-05, 1.2800e+02, 0.0000e+00, 
 2DIAGNOSTIC,    14, -3.326061837177e-01, 4.747127766654e-05, 1.2800e+02, 0.0000e+00, 
 2DIAGNOSTIC,    15, -3.326059833543e-01, 3.296556053153e-05, 1.2800e+02, 0.0000e+00, 
 2DIAGNOSTIC,    16, -3.326060376094e-01, 2.119326435790e-05, 1.2800e+02, 0.0000e+00, 
 2DIAGNOSTIC,    17, -3.326059025600e-01, 1.226665435854e-05, 1.2800e+02, 0.0000e+00, 
 2DIAGNOSTIC,    18, -3.326058658387e-01, 8.421027593297e-06, 2.5600e+02, 1.2800e+02, 
 2DIAGNOSTIC,    19, -3.326057356377e-01, 5.480640767525e-06, 2.5600e+02, 0.0000e+00, 
 2DIAGNOSTIC,    20, -3.326057635867e-01, 3.271682755893e-06, 2.5600e+02, 0.0000e+00, 
 2DIAGNOSTIC,    21, -3.326056766001e-01, 2.053654591862e-06, 2.5600e+02, 0.0000e+00, 
 2DIAGNOSTIC,    22, -3.326056503421e-01, 1.502200683352e-06, 2.5600e+02, 0.0000e+00, 
 2DIAGNOSTIC,    23, -3.326056753440e-01, 1.341567927728e-06, 2.5600e+02, 0.0000e+00, 
 2DIAGNOSTIC,    24, -3.326057022408e-01, 1.295638777939e-06, 2.5600e+02, 0.0000e+00, 
 2DIAGNOSTIC,    25, -3.326057040286e-01, 1.249318156794e-06, 2.5600e+02, 0.0000e+00, 
 2DIAGNOSTIC,    26, -3.326057036276e-01, 1.210687374423e-06, 2.5600e+02, 0.0000e+00, 
 2DIAGNOSTIC,    27, -3.326057033868e-01, 1.171937676486e-06, 2.5600e+02, 0.0000e+00, 
 2DIAGNOSTIC,    28, -3.326057032720e-01, 1.135547047677e-06, 2.5600e+02, 0.0000e+00, 
 2DIAGNOSTIC,    29, -3.326057032285e-01, 1.097849203116e-06, 2.5600e+02, 0.0000e+00, 
 2DIAGNOSTIC,    30, -3.326057035080e-01, 1.063501923804e-06, 2.5600e+02, 0.0000e+00, 
 2DIAGNOSTIC,    31, -3.326057031776e-01, 1.028753217794e-06, 2.5600e+02, 0.0000e+00, 
  Elapsed time (stage 0): 2.5600e+02


Total elapsed time: 2.5600e+02
Info [verificarlo]: loaded backend libinterflop_vprec.so
Info [interflop-vprec]: load backend with: 
Info [interflop-vprec]: precision-binary32 = 23
Info [interflop-vprec]: range-binary32 = 7
Info [interflop-vprec]: precision-binary64 = 23
Info [interflop-vprec]: range-binary64 = 7
Info [interflop-vprec]: mode = ob
Info [interflop-vprec]: error-mode = rel
Info [interflop-vprec]: max-abs-error-exponent = -1022
Info [interflop-vprec]: daz = false
Info [interflop-vprec]: ftz = false
Info [interflop-vprec]: 	instrument = none
Info [interflop-vprec]: 	prec-input-file = (null)
Info [interflop-vprec]: 	prec-output-file = (null)
Info [interflop-vprec]: 	prec-log-file = (null)
All_Command_lines_OK
Using double precision for computations.
=============================================================================
The composite transform comprises the following transforms (in order): 
  1. /home/mdugre/scratch/mri-registration-rp/datasets/ds004513/derivatives/mri-registration-rp/1111/antsRegistration-r7-p23/sub-s020/rigid_Composite.h5[0] (type = Euler3DTransform)
  2. /home/mdugre/scratch/mri-registration-rp/datasets/ds004513/derivatives/mri-registration-rp/1111/antsRegistration-r7-p23/sub-s020/rigid_Composite.h5[1] (type = Euler3DTransform)
  3. /home/mdugre/scratch/mri-registration-rp/datasets/ds004513/derivatives/mri-registration-rp/1111/antsRegistration-r7-p23/sub-s020/rigid_Composite.h5[2] (type = Euler3DTransform)
=============================================================================
  number of levels = 4
  fixed image: /templateflow/tpl-MNI152NLin2009cAsym/tpl-MNI152NLin2009cAsym_res-01_desc-brain_T1w.nii.gz
  moving image: /home/mdugre/scratch/mri-registration-rp/datasets/ds004513/derivatives/mri-registration-rp/antsBrainExtraction/sub-s020/BrainExtractionBrain.nii.gz
Dimension = 3
Number of stages = 1
Use histogram matching = false
Winsorize image intensities = true
  Lower quantile = 0.005
  Upper quantile = 0.995


Stage 1 State
   Image metric = MattesMI
     Fixed image = Image (0x3e21490)
  RTTI typeinfo:   itk::Image<double, 3u>
  Reference Count: 2
  Modified Time: 1594
  Debug: Off
  Object Name: 
  Observers: 
    none
  Source: (none)
  Source output name: (none)
  Release Data: Off
  Data Released: False
  Global Release Data: Off
  PipelineMTime: 0
  UpdateMTime: 1203
  RealTimeStamp: 0 seconds 
  LargestPossibleRegion: 
    Dimension: 3
    Index: [0, 0, 0]
    Size: [193, 229, 193]
  BufferedRegion: 
    Dimension: 3
    Index: [0, 0, 0]
    Size: [193, 229, 193]
  RequestedRegion: 
    Dimension: 3
    Index: [0, 0, 0]
    Size: [193, 229, 193]
  Spacing: [1, 1, 1]
  Origin: [96, 132, -78]
  Direction: 
-1 0 0
0 -1 0
0 0 1

  IndexToPointMatrix: 
-1 0 0
0 -1 0
0 0 1

  PointToIndexMatrix: 
-1 0 0
0 -1 0
0 0 1

  Inverse Direction: 
-1 0 0
0 -1 0
0 0 1

  PixelContainer: 
    ImportImageContainer (0x3eee8d0)
      RTTI typeinfo:   itk::ImportImageContainer<unsigned long, double>
      Reference Count: 1
      Modified Time: 1200
      Debug: Off
      Object Name: 
      Observers: 
        none
      Pointer: 0x147c71215010
      Container manages memory: true
      Size: 8530021
      Capacity: 8530021

     Moving image = Image (0x3eede80)
  RTTI typeinfo:   itk::Image<double, 3u>
  Reference Count: 2
  Modified Time: 1595
  Debug: Off
  Object Name: 
  Observers: 
    none
  Source: (none)
  Source output name: (none)
  Release Data: Off
  Data Released: False
  Global Release Data: Off
  PipelineMTime: 0
  UpdateMTime: 1592
  RealTimeStamp: 0 seconds 
  LargestPossibleRegion: 
    Dimension: 3
    Index: [0, 0, 0]
    Size: [160, 240, 256]
  BufferedRegion: 
    Dimension: 3
    Index: [0, 0, 0]
    Size: [160, 240, 256]
  RequestedRegion: 
    Dimension: 3
    Index: [0, 0, 0]
    Size: [160, 240, 256]
  Spacing: [0.999995, 1, 1]
  Origin: [87.0906, 98.7205, -152.377]
  Direction: 
-0.996975 0.0261379 -0.0731912
-0.0260677 -0.999658 -0.00191374
-0.0732163 -2.46403e-08 0.997316

  IndexToPointMatrix: 
-0.996971 0.0261379 -0.0731912
-0.0260676 -0.999658 -0.00191374
-0.0732159 -2.46403e-08 0.997316

  PointToIndexMatrix: 
-0.99698 -0.0260679 -0.0732166
0.0261379 -0.999658 -8.19564e-08
-0.0731913 -0.00191373 0.997316

  Inverse Direction: 
-0.996975 -0.0260677 -0.0732163
0.0261379 -0.999659 8.9407e-08
-0.0731913 -0.00191379 0.997316

  PixelContainer: 
    ImportImageContainer (0x3e32ec0)
      RTTI typeinfo:   itk::ImportImageContainer<unsigned long, double>
      Reference Count: 1
      Modified Time: 1589
      Debug: Off
      Object Name: 
      Observers: 
        none
      Pointer: 0x147c6c714010
      Container manages memory: true
      Size: 9830400
      Capacity: 9830400

     Weighting = 1
     Sampling strategy = regular
     Number of bins = 32
     Radius = 4
     Sampling percentage  = 0.25
   Transform = Affine
     Gradient step = 0.1
     Update field sigma (voxel space) = 0
     Total field sigma (voxel space) = 0
     Update field time sigma = 0
     Total field time sigma  = 0
     Number of time indices = 0
     Number of time point samples = 0
Registration using 1 total stages.

Stage 0
  iterations = 1000x500x250x100
  convergence threshold = 1e-06
  convergence window size = 10
  number of levels = 4
  using the Mattes MI metric (number of bins = 32, weight = 1, use gradient filter = 0)
  preprocessing:  winsorizing the image intensities
  Shrink factors (level 1 out of 4): [8, 8, 8]
  Shrink factors (level 2 out of 4): [4, 4, 4]
  Shrink factors (level 3 out of 4): [2, 2, 2]
  Shrink factors (level 4 out of 4): [1, 1, 1]
  smoothing sigmas per level: [3, 2, 1, 0]
  regular sampling (percentage = 0.25)

*** Running AffineTransform registration ***

DIAGNOSTIC,Iteration,metricValue,convergenceValue,ITERATION_TIME_INDEX,SINCE_LAST
 2DIAGNOSTIC,     1, -5.121987076613e-01, 1.797693134862e+308, 0.0000e+00, 0.0000e+00, 
 2DIAGNOSTIC,     2, -5.140663291082e-01, 1.797693134862e+308, 0.0000e+00, 0.0000e+00, 
 2DIAGNOSTIC,     3, -5.169036112990e-01, 1.797693134862e+308, 0.0000e+00, 0.0000e+00, 
 2DIAGNOSTIC,     4, -5.220689592506e-01, 1.797693134862e+308, 0.0000e+00, 0.0000e+00, 
 2DIAGNOSTIC,     5, -5.316570926726e-01, 1.797693134862e+308, 0.0000e+00, 0.0000e+00, 
 2DIAGNOSTIC,     6, -5.862063545195e-01, 1.797693134862e+308, 0.0000e+00, 0.0000e+00, 
 2DIAGNOSTIC,     7, -6.569128127931e-01, 1.797693134862e+308, 0.0000e+00, 0.0000e+00, 
 2DIAGNOSTIC,     8, -7.076836211309e-01, 1.797693134862e+308, 0.0000e+00, 0.0000e+00, 
 2DIAGNOSTIC,     9, -7.251369568328e-01, 1.797693134862e+308, 0.0000e+00, 0.0000e+00, 
 2DIAGNOSTIC,    10, -7.439569975030e-01, 2.938717335917e-02, 0.0000e+00, 0.0000e+00, 
 2DIAGNOSTIC,    11, -7.641826719643e-01, 2.870930895604e-02, 0.0000e+00, 0.0000e+00, 
 2DIAGNOSTIC,    12, -7.871830899653e-01, 2.644414048474e-02, 0.0000e+00, 0.0000e+00, 
 2DIAGNOSTIC,    13, -8.266925519319e-01, 2.357712649481e-02, 0.0000e+00, 0.0000e+00, 
 2DIAGNOSTIC,    14, -8.332532908774e-01, 1.948657284172e-02, 0.0000e+00, 0.0000e+00, 
 2DIAGNOSTIC,    15, -8.343642477569e-01, 1.463522889787e-02, 0.0000e+00, 0.0000e+00, 
 2DIAGNOSTIC,    16, -8.382305702684e-01, 1.070043145912e-02, 0.0000e+00, 0.0000e+00, 
 2DIAGNOSTIC,    17, -8.460615917239e-01, 8.214515085661e-03, 0.0000e+00, 0.0000e+00, 
 2DIAGNOSTIC,    18, -8.487275092804e-01, 6.498099858569e-03, 0.0000e+00, 0.0000e+00, 
 2DIAGNOSTIC,    19, -8.498073147343e-01, 4.792332115176e-03, 0.0000e+00, 0.0000e+00, 
 2DIAGNOSTIC,    20, -8.509977568426e-01, 3.254432206155e-03, 0.0000e+00, 0.0000e+00, 
 2DIAGNOSTIC,    21, -8.512829063659e-01, 1.971005751262e-03, 0.0000e+00, 0.0000e+00, 
 2DIAGNOSTIC,    22, -8.512760839391e-01, 1.029493987162e-03, 0.0000e+00, 0.0000e+00, 
 2DIAGNOSTIC,    23, -8.521487351812e-01, 7.659219136155e-04, 0.0000e+00, 0.0000e+00, 
 2DIAGNOSTIC,    24, -8.530953562278e-01, 5.784894965580e-04, 0.0000e+00, 0.0000e+00, 
 2DIAGNOSTIC,    25, -8.539657374803e-01, 3.845479278178e-04, 0.0000e+00, 0.0000e+00, 
 2DIAGNOSTIC,    26, -8.545875462867e-01, 2.348647177295e-04, 0.0000e+00, 0.0000e+00, 
 2DIAGNOSTIC,    27, -8.550815082866e-01, 1.921056642551e-04, 0.0000e+00, 0.0000e+00, 
 2DIAGNOSTIC,    28, -8.549702804801e-01, 1.689738133595e-04, 0.0000e+00, 0.0000e+00, 
 2DIAGNOSTIC,    29, -8.549940677286e-01, 1.457080647790e-04, 0.0000e+00, 0.0000e+00, 
 2DIAGNOSTIC,    30, -8.549089650966e-01, 1.242349658673e-04, 0.0000e+00, 0.0000e+00, 
 2DIAGNOSTIC,    31, -8.547969765027e-01, 9.492612666404e-05, 0.0000e+00, 0.0000e+00, 
 2DIAGNOSTIC,    32, -8.546825786593e-01, 5.731979000441e-05, 0.0000e+00, 0.0000e+00, 
 2DIAGNOSTIC,    33, -8.545566343045e-01, 2.522002530681e-05, 0.0000e+00, 0.0000e+00, 
 2DIAGNOSTIC,    34, -8.544397232231e-01, 1.813952442462e-06, 0.0000e+00, 0.0000e+00, 
DIAGNOSTIC,Iteration,metricValue,convergenceValue,ITERATION_TIME_INDEX,SINCE_LAST
 2DIAGNOSTIC,     1, -7.162027950158e-01, 1.797693134862e+308, 0.0000e+00, 0.0000e+00, 
 2DIAGNOSTIC,     2, -7.170452985478e-01, 1.797693134862e+308, 0.0000e+00, 0.0000e+00, 
 2DIAGNOSTIC,     3, -7.173924282212e-01, 1.797693134862e+308, 0.0000e+00, 0.0000e+00, 
 2DIAGNOSTIC,     4, -7.174249930540e-01, 1.797693134862e+308, 0.0000e+00, 0.0000e+00, 
 2DIAGNOSTIC,     5, -7.173982145470e-01, 1.797693134862e+308, 0.0000e+00, 0.0000e+00, 
 2DIAGNOSTIC,     6, -7.173853876568e-01, 1.797693134862e+308, 0.0000e+00, 0.0000e+00, 
 2DIAGNOSTIC,     7, -7.173522988461e-01, 1.797693134862e+308, 0.0000e+00, 0.0000e+00, 
 2DIAGNOSTIC,     8, -7.173563287095e-01, 1.797693134862e+308, 0.0000e+00, 0.0000e+00, 
 2DIAGNOSTIC,     9, -7.173317471777e-01, 1.797693134862e+308, 0.0000e+00, 0.0000e+00, 
 2DIAGNOSTIC,    10, -7.173228386945e-01, 5.504736134114e-05, 0.0000e+00, 0.0000e+00, 
 2DIAGNOSTIC,    11, -7.173341253144e-01, 7.846828322972e-06, 0.0000e+00, 0.0000e+00, 
DIAGNOSTIC,Iteration,metricValue,convergenceValue,ITERATION_TIME_INDEX,SINCE_LAST
 2DIAGNOSTIC,     1, -5.953114844467e-01, 1.797693134862e+308, 0.0000e+00, 0.0000e+00, 
 2DIAGNOSTIC,     2, -5.956720368474e-01, 1.797693134862e+308, 0.0000e+00, 0.0000e+00, 
 2DIAGNOSTIC,     3, -5.960035685524e-01, 1.797693134862e+308, 0.0000e+00, 0.0000e+00, 
 2DIAGNOSTIC,     4, -5.963941842210e-01, 1.797693134862e+308, 0.0000e+00, 0.0000e+00, 
 2DIAGNOSTIC,     5, -5.970975050172e-01, 1.797693134862e+308, 0.0000e+00, 0.0000e+00, 
 2DIAGNOSTIC,     6, -5.970969785113e-01, 1.797693134862e+308, 0.0000e+00, 0.0000e+00, 
 2DIAGNOSTIC,     7, -5.970905304573e-01, 1.797693134862e+308, 0.0000e+00, 0.0000e+00, 
 2DIAGNOSTIC,     8, -5.970950466482e-01, 1.797693134862e+308, 0.0000e+00, 0.0000e+00, 
 2DIAGNOSTIC,     9, -5.970927925836e-01, 1.797693134862e+308, 0.0000e+00, 0.0000e+00, 
 2DIAGNOSTIC,    10, -5.970914921296e-01, 1.990966482657e-04, 0.0000e+00, 0.0000e+00, 
 2DIAGNOSTIC,    11, -5.970899022562e-01, 1.265980817940e-04, 0.0000e+00, 0.0000e+00, 
 2DIAGNOSTIC,    12, -5.970934673257e-01, 6.982126579234e-05, 0.0000e+00, 0.0000e+00, 
 2DIAGNOSTIC,    13, -5.970970087454e-01, 2.789016800217e-05, 0.0000e+00, 0.0000e+00, 
 2DIAGNOSTIC,    14, -5.970922398815e-01, 2.076461171216e-06, 0.0000e+00, 0.0000e+00, 
 2DIAGNOSTIC,    15, -5.970971275744e-01, 2.219384300700e-06, 0.0000e+00, 0.0000e+00, 
 2DIAGNOSTIC,    16, -5.971008063471e-01, 2.431733153133e-06, 1.2800e+02, 1.2800e+02, 
 2DIAGNOSTIC,    17, -5.971004082018e-01, 2.376212775358e-06, 1.2800e+02, 0.0000e+00, 
 2DIAGNOSTIC,    18, -5.970991105068e-01, 2.368177379163e-06, 1.2800e+02, 0.0000e+00, 
 2DIAGNOSTIC,    19, -5.971044129408e-01, 2.387216907450e-06, 1.2800e+02, 0.0000e+00, 
 2DIAGNOSTIC,    20, -5.971078444385e-01, 2.386383904089e-06, 1.2800e+02, 0.0000e+00, 
 2DIAGNOSTIC,    21, -5.971152441383e-01, 2.437122666572e-06, 1.2800e+02, 0.0000e+00, 
 2DIAGNOSTIC,    22, -5.971150663653e-01, 2.466921580534e-06, 1.2800e+02, 0.0000e+00, 
 2DIAGNOSTIC,    23, -5.971153240802e-01, 2.485779963472e-06, 1.2800e+02, 0.0000e+00, 
 2DIAGNOSTIC,    24, -5.971143244388e-01, 2.283544409142e-06, 1.2800e+02, 0.0000e+00, 
 2DIAGNOSTIC,    25, -5.971132199070e-01, 2.075655973363e-06, 1.2800e+02, 0.0000e+00, 
 2DIAGNOSTIC,    26, -5.971120733058e-01, 1.854064083845e-06, 1.2800e+02, 0.0000e+00, 
 2DIAGNOSTIC,    27, -5.971109915868e-01, 1.565810295361e-06, 1.2800e+02, 0.0000e+00, 
 2DIAGNOSTIC,    28, -5.971112122298e-01, 1.243465953593e-06, 1.2800e+02, 0.0000e+00, 
 2DIAGNOSTIC,    29, -5.971103855196e-01, 1.006239584024e-06, 1.2800e+02, 0.0000e+00, 
DIAGNOSTIC,Iteration,metricValue,convergenceValue,ITERATION_TIME_INDEX,SINCE_LAST
 2DIAGNOSTIC,     1, -5.293868147998e-01, 1.797693134862e+308, 1.2800e+02, 0.0000e+00, 
 2DIAGNOSTIC,     2, -5.297022260723e-01, 1.797693134862e+308, 1.2800e+02, 0.0000e+00, 
 2DIAGNOSTIC,     3, -5.300173334690e-01, 1.797693134862e+308, 1.2800e+02, 0.0000e+00, 
 2DIAGNOSTIC,     4, -5.304109888439e-01, 1.797693134862e+308, 1.2800e+02, 0.0000e+00, 
 2DIAGNOSTIC,     5, -5.315872384384e-01, 1.797693134862e+308, 1.2800e+02, 0.0000e+00, 
 2DIAGNOSTIC,     6, -5.315970409678e-01, 1.797693134862e+308, 1.2800e+02, 0.0000e+00, 
 2DIAGNOSTIC,     7, -5.315970980616e-01, 1.797693134862e+308, 1.2800e+02, 0.0000e+00, 
 2DIAGNOSTIC,     8, -5.315969566518e-01, 1.797693134862e+308, 1.2800e+02, 0.0000e+00, 
 2DIAGNOSTIC,     9, -5.315969156295e-01, 1.797693134862e+308, 1.2800e+02, 0.0000e+00, 
 2DIAGNOSTIC,    10, -5.315967977126e-01, 2.991955508349e-04, 1.2800e+02, 0.0000e+00, 
 2DIAGNOSTIC,    11, -5.315966521036e-01, 2.029638025467e-04, 1.2800e+02, 0.0000e+00, 
 2DIAGNOSTIC,    12, -5.315967554739e-01, 1.195858553216e-04, 2.5600e+02, 1.2800e+02, 
 2DIAGNOSTIC,    13, -5.315967743504e-01, 5.158926754319e-05, 2.5600e+02, 0.0000e+00, 
 2DIAGNOSTIC,    14, -5.315966239428e-01, 2.608710989185e-06, 2.5600e+02, 0.0000e+00, 
 2DIAGNOSTIC,    15, -5.315966568457e-01, 2.085923504078e-06, 2.5600e+02, 0.0000e+00, 
 2DIAGNOSTIC,    16, -5.315969161601e-01, 1.968243973888e-06, 2.5600e+02, 0.0000e+00, 
 2DIAGNOSTIC,    17, -5.315968335134e-01, 1.865307026387e-06, 2.5600e+02, 0.0000e+00, 
 2DIAGNOSTIC,    18, -5.315966623475e-01, 1.765295621785e-06, 2.5600e+02, 0.0000e+00, 
 2DIAGNOSTIC,    19, -5.315966075330e-01, 1.673804346708e-06, 2.5600e+02, 0.0000e+00, 
 2DIAGNOSTIC,    20, -5.315966122660e-01, 1.588662106526e-06, 2.5600e+02, 0.0000e+00, 
 2DIAGNOSTIC,    21, -5.315966795081e-01, 1.509573769091e-06, 2.5600e+02, 0.0000e+00, 
 2DIAGNOSTIC,    22, -5.315966918599e-01, 1.440979159766e-06, 2.5600e+02, 0.0000e+00, 
 2DIAGNOSTIC,    23, -5.315967983748e-01, 1.382108927354e-06, 2.5600e+02, 0.0000e+00, 
 2DIAGNOSTIC,    24, -5.315966192877e-01, 1.320976720065e-06, 2.5600e+02, 0.0000e+00, 
 2DIAGNOSTIC,    25, -5.315965784017e-01, 1.264949009858e-06, 2.5600e+02, 0.0000e+00, 
 2DIAGNOSTIC,    26, -5.315965877042e-01, 1.219500641900e-06, 2.5600e+02, 0.0000e+00, 
 2DIAGNOSTIC,    27, -5.315966109087e-01, 1.176668719273e-06, 3.8400e+02, 1.2800e+02, 
 2DIAGNOSTIC,    28, -5.315963999758e-01, 1.129797631075e-06, 3.8400e+02, 0.0000e+00, 
 2DIAGNOSTIC,    29, -5.315962868102e-01, 1.083890686510e-06, 3.8400e+02, 0.0000e+00, 
 2DIAGNOSTIC,    30, -5.315961693150e-01, 1.040353006805e-06, 3.8400e+02, 0.0000e+00, 
 2DIAGNOSTIC,    31, -5.315960900609e-01, 1.001291725207e-06, 3.8400e+02, 0.0000e+00, 
  Elapsed time (stage 0): 3.8400e+02


Total elapsed time: 3.8400e+02
Info [verificarlo]: loaded backend libinterflop_vprec.so
Info [interflop-vprec]: load backend with: 
Info [interflop-vprec]: precision-binary32 = 23
