
##########################
# Experiment information #
##########################

EXPERIMENT_NAME: antsRegistration-r7-p21
VFC_BACKENDS: libinterflop_vprec.so --range-binary32=7 --precision-binary32=21 --range-binary64=7 --precision-binary64=21

SIF_IMG: /home/mdugre/projects/rrg-glatard/mdugre/containers/ants-vprec-no_metrics.simg

SUBJECT_ID: s032
INPUT_IMG: /home/mdugre/scratch/mri-registration-rp/datasets/ds004513/derivatives/mri-registration-rp/antsBrainExtraction/sub-s032/BrainExtractionBrain.nii.gz
OUTPUT_DIR: /home/mdugre/scratch/mri-registration-rp/datasets/ds004513/derivatives/mri-registration-rp/1111/antsRegistration-r7-p21/sub-s032

FIXED_IMG: /templateflow/tpl-MNI152NLin2009cAsym/tpl-MNI152NLin2009cAsym_res-01_desc-brain_T1w.nii.gz
DATA_DIR: /home/mdugre/scratch/mri-registration-rp/datasets/ds004513
TEMPLATEFLOW_DIR: /home/mdugre/projects/rrg-glatard/mdugre/templateflow
ITK_GLOBAL_DEFAULT_NUMBER_OF_THREADS: 16
##########################

Info [verificarlo]: loaded backend libinterflop_vprec.so
Info [interflop-vprec]: load backend with: 
Info [interflop-vprec]: precision-binary32 = 21
Info [interflop-vprec]: range-binary32 = 7
Info [interflop-vprec]: precision-binary64 = 21
Info [interflop-vprec]: range-binary64 = 7
Info [interflop-vprec]: mode = ob
Info [interflop-vprec]: error-mode = rel
Info [interflop-vprec]: max-abs-error-exponent = -1022
Info [interflop-vprec]: daz = false
Info [interflop-vprec]: ftz = false
Info [interflop-vprec]: 	instrument = none
Info [interflop-vprec]: 	prec-input-file = (null)
Info [interflop-vprec]: 	prec-output-file = (null)
Info [interflop-vprec]: 	prec-log-file = (null)
All_Command_lines_OK
Using double precision for computations.
=============================================================================
The composite transform comprises the following transforms (in order): 
  1. Center of mass alignment using fixed image: /templateflow/tpl-MNI152NLin2009cAsym/tpl-MNI152NLin2009cAsym_res-01_desc-brain_T1w.nii.gz and moving image: /home/mdugre/scratch/mri-registration-rp/datasets/ds004513/derivatives/mri-registration-rp/antsBrainExtraction/sub-s032/BrainExtractionBrain.nii.gz (type = Euler3DTransform)
=============================================================================
  number of levels = 1
  fixed image: /templateflow/tpl-MNI152NLin2009cAsym/tpl-MNI152NLin2009cAsym_res-01_desc-brain_T1w.nii.gz
  moving image: /home/mdugre/scratch/mri-registration-rp/datasets/ds004513/derivatives/mri-registration-rp/antsBrainExtraction/sub-s032/BrainExtractionBrain.nii.gz
Dimension = 3
Number of stages = 1
Use histogram matching = false
Winsorize image intensities = true
  Lower quantile = 0.005
  Upper quantile = 0.995


Stage 1 State
   Image metric = MattesMI
     Fixed image = Image (0x44f7b20)
  RTTI typeinfo:   itk::Image<double, 3u>
  Reference Count: 2
  Modified Time: 2330
  Debug: Off
  Object Name: 
  Observers: 
    none
  Source: (none)
  Source output name: (none)
  Release Data: Off
  Data Released: False
  Global Release Data: Off
  PipelineMTime: 0
  UpdateMTime: 1941
  RealTimeStamp: 0 seconds 
  LargestPossibleRegion: 
    Dimension: 3
    Index: [0, 0, 0]
    Size: [193, 229, 193]
  BufferedRegion: 
    Dimension: 3
    Index: [0, 0, 0]
    Size: [193, 229, 193]
  RequestedRegion: 
    Dimension: 3
    Index: [0, 0, 0]
    Size: [193, 229, 193]
  Spacing: [1, 1, 1]
  Origin: [96, 132, -78]
  Direction: 
-1 0 0
0 -1 0
0 0 1

  IndexToPointMatrix: 
-1 0 0
0 -1 0
0 0 1

  PointToIndexMatrix: 
-1 0 0
0 -1 0
0 0 1

  Inverse Direction: 
-1 0 0
0 -1 0
0 0 1

  PixelContainer: 
    ImportImageContainer (0x4623650)
      RTTI typeinfo:   itk::ImportImageContainer<unsigned long, double>
      Reference Count: 1
      Modified Time: 1938
      Debug: Off
      Object Name: 
      Observers: 
        none
      Pointer: 0x14c6d7b00010
      Container manages memory: true
      Size: 8530021
      Capacity: 8530021

     Moving image = Image (0x4500240)
  RTTI typeinfo:   itk::Image<double, 3u>
  Reference Count: 2
  Modified Time: 2331
  Debug: Off
  Object Name: 
  Observers: 
    none
  Source: (none)
  Source output name: (none)
  Release Data: Off
  Data Released: False
  Global Release Data: Off
  PipelineMTime: 0
  UpdateMTime: 2328
  RealTimeStamp: 0 seconds 
  LargestPossibleRegion: 
    Dimension: 3
    Index: [0, 0, 0]
    Size: [160, 240, 256]
  BufferedRegion: 
    Dimension: 3
    Index: [0, 0, 0]
    Size: [160, 240, 256]
  RequestedRegion: 
    Dimension: 3
    Index: [0, 0, 0]
    Size: [160, 240, 256]
  Spacing: [1, 1, 1]
  Origin: [73.279, 104.707, -131.187]
  Direction: 
-0.997526 0.0645574 -0.0278053
-0.0645323 -0.997914 -0.00179875
-0.0278634 4.01097e-08 0.999612

  IndexToPointMatrix: 
-0.997526 0.0645574 -0.0278053
-0.0645323 -0.997914 -0.00179875
-0.0278634 4.01097e-08 0.999612

  PointToIndexMatrix: 
-0.997528 -0.0645323 -0.0278634
0.0645573 -0.997913 1.19209e-07
-0.0278053 -0.00179881 0.999612

  Inverse Direction: 
-0.997528 -0.0645323 -0.0278634
0.0645573 -0.997913 1.19209e-07
-0.0278053 -0.00179881 0.999612

  PixelContainer: 
    ImportImageContainer (0x460db90)
      RTTI typeinfo:   itk::ImportImageContainer<unsigned long, double>
      Reference Count: 1
      Modified Time: 2325
      Debug: Off
      Object Name: 
      Observers: 
        none
      Pointer: 0x14c6d2fff010
      Container manages memory: true
      Size: 9830400
      Capacity: 9830400

     Weighting = 1
     Sampling strategy = regular
     Number of bins = 32
     Radius = 4
     Sampling percentage  = 0.25
   Transform = Rigid
     Gradient step = 0.1
     Update field sigma (voxel space) = 0
     Total field sigma (voxel space) = 0
     Update field time sigma = 0
     Total field time sigma  = 0
     Number of time indices = 0
     Number of time point samples = 0
Registration using 1 total stages.

Stage 0
  iterations = 0
  convergence threshold = 1e-06
  convergence window size = 10
  number of levels = 1
  using the Mattes MI metric (number of bins = 32, weight = 1, use gradient filter = 0)
  preprocessing:  winsorizing the image intensities
  Shrink factors (level 1 out of 1): [1, 1, 1]
  smoothing sigmas per level: [0]
  regular sampling (percentage = 0.25)

*** Running Euler3DTransform registration ***

  Elapsed time (stage 0): 0


Total elapsed time: 0
Info [verificarlo]: loaded backend libinterflop_vprec.so
Info [interflop-vprec]: load backend with: 
Info [interflop-vprec]: precision-binary32 = 21
Info [interflop-vprec]: range-binary32 = 7
Info [interflop-vprec]: precision-binary64 = 21
Info [interflop-vprec]: range-binary64 = 7
Info [interflop-vprec]: mode = ob
Info [interflop-vprec]: error-mode = rel
Info [interflop-vprec]: max-abs-error-exponent = -1022
Info [interflop-vprec]: daz = false
Info [interflop-vprec]: ftz = false
Info [interflop-vprec]: 	instrument = none
Info [interflop-vprec]: 	prec-input-file = (null)
Info [interflop-vprec]: 	prec-output-file = (null)
Info [interflop-vprec]: 	prec-log-file = (null)
All_Command_lines_OK
Using double precision for computations.
=============================================================================
The composite transform comprises the following transforms (in order): 
  1. /home/mdugre/scratch/mri-registration-rp/datasets/ds004513/derivatives/mri-registration-rp/1111/antsRegistration-r7-p21/sub-s032/align_Composite.h5[0] (type = Euler3DTransform)
  2. /home/mdugre/scratch/mri-registration-rp/datasets/ds004513/derivatives/mri-registration-rp/1111/antsRegistration-r7-p21/sub-s032/align_Composite.h5[1] (type = Euler3DTransform)
=============================================================================
  number of levels = 4
  fixed image: /templateflow/tpl-MNI152NLin2009cAsym/tpl-MNI152NLin2009cAsym_res-01_desc-brain_T1w.nii.gz
  moving image: /home/mdugre/scratch/mri-registration-rp/datasets/ds004513/derivatives/mri-registration-rp/antsBrainExtraction/sub-s032/BrainExtractionBrain.nii.gz
Dimension = 3
Number of stages = 1
Use histogram matching = false
Winsorize image intensities = true
  Lower quantile = 0.005
  Upper quantile = 0.995


Stage 1 State
   Image metric = MattesMI
     Fixed image = Image (0x44d31e0)
  RTTI typeinfo:   itk::Image<double, 3u>
  Reference Count: 2
  Modified Time: 1578
  Debug: Off
  Object Name: 
  Observers: 
    none
  Source: (none)
  Source output name: (none)
  Release Data: Off
  Data Released: False
  Global Release Data: Off
  PipelineMTime: 0
  UpdateMTime: 1189
  RealTimeStamp: 0 seconds 
  LargestPossibleRegion: 
    Dimension: 3
    Index: [0, 0, 0]
    Size: [193, 229, 193]
  BufferedRegion: 
    Dimension: 3
    Index: [0, 0, 0]
    Size: [193, 229, 193]
  RequestedRegion: 
    Dimension: 3
    Index: [0, 0, 0]
    Size: [193, 229, 193]
  Spacing: [1, 1, 1]
  Origin: [96, 132, -78]
  Direction: 
-1 0 0
0 -1 0
0 0 1

  IndexToPointMatrix: 
-1 0 0
0 -1 0
0 0 1

  PointToIndexMatrix: 
-1 0 0
0 -1 0
0 0 1

  Inverse Direction: 
-1 0 0
0 -1 0
0 0 1

  PixelContainer: 
    ImportImageContainer (0x45926f0)
      RTTI typeinfo:   itk::ImportImageContainer<unsigned long, double>
      Reference Count: 1
      Modified Time: 1186
      Debug: Off
      Object Name: 
      Observers: 
        none
      Pointer: 0x14e86d62a010
      Container manages memory: true
      Size: 8530021
      Capacity: 8530021

     Moving image = Image (0x458ec90)
  RTTI typeinfo:   itk::Image<double, 3u>
  Reference Count: 2
  Modified Time: 1579
  Debug: Off
  Object Name: 
  Observers: 
    none
  Source: (none)
  Source output name: (none)
  Release Data: Off
  Data Released: False
  Global Release Data: Off
  PipelineMTime: 0
  UpdateMTime: 1576
  RealTimeStamp: 0 seconds 
  LargestPossibleRegion: 
    Dimension: 3
    Index: [0, 0, 0]
    Size: [160, 240, 256]
  BufferedRegion: 
    Dimension: 3
    Index: [0, 0, 0]
    Size: [160, 240, 256]
  RequestedRegion: 
    Dimension: 3
    Index: [0, 0, 0]
    Size: [160, 240, 256]
  Spacing: [1, 1, 1]
  Origin: [73.279, 104.707, -131.187]
  Direction: 
-0.997526 0.0645574 -0.0278053
-0.0645323 -0.997914 -0.00179875
-0.0278634 4.01097e-08 0.999612

  IndexToPointMatrix: 
-0.997526 0.0645574 -0.0278053
-0.0645323 -0.997914 -0.00179875
-0.0278634 4.01097e-08 0.999612

  PointToIndexMatrix: 
-0.997528 -0.0645323 -0.0278634
0.0645573 -0.997913 1.19209e-07
-0.0278053 -0.00179881 0.999612

  Inverse Direction: 
-0.997528 -0.0645323 -0.0278634
0.0645573 -0.997913 1.19209e-07
-0.0278053 -0.00179881 0.999612

  PixelContainer: 
    ImportImageContainer (0x4551010)
      RTTI typeinfo:   itk::ImportImageContainer<unsigned long, double>
      Reference Count: 1
      Modified Time: 1573
      Debug: Off
      Object Name: 
      Observers: 
        none
      Pointer: 0x14e868b29010
      Container manages memory: true
      Size: 9830400
      Capacity: 9830400

     Weighting = 1
     Sampling strategy = regular
     Number of bins = 32
     Radius = 4
     Sampling percentage  = 0.25
   Transform = Rigid
     Gradient step = 0.1
     Update field sigma (voxel space) = 0
     Total field sigma (voxel space) = 0
     Update field time sigma = 0
     Total field time sigma  = 0
     Number of time indices = 0
     Number of time point samples = 0
Registration using 1 total stages.

Stage 0
  iterations = 1000x500x250x100
  convergence threshold = 1e-06
  convergence window size = 10
  number of levels = 4
  using the Mattes MI metric (number of bins = 32, weight = 1, use gradient filter = 0)
  preprocessing:  winsorizing the image intensities
  Shrink factors (level 1 out of 4): [8, 8, 8]
  Shrink factors (level 2 out of 4): [4, 4, 4]
  Shrink factors (level 3 out of 4): [2, 2, 2]
  Shrink factors (level 4 out of 4): [1, 1, 1]
  smoothing sigmas per level: [3, 2, 1, 0]
  regular sampling (percentage = 0.25)

*** Running Euler3DTransform registration ***

DIAGNOSTIC,Iteration,metricValue,convergenceValue,ITERATION_TIME_INDEX,SINCE_LAST
 2DIAGNOSTIC,     1, -5.499620571347e-01, 1.797693134862e+308, 0.0000e+00, 0.0000e+00, 
 2DIAGNOSTIC,     2, -5.522660422377e-01, 1.797693134862e+308, 0.0000e+00, 0.0000e+00, 
 2DIAGNOSTIC,     3, -5.563613082491e-01, 1.797693134862e+308, 0.0000e+00, 0.0000e+00, 
 2DIAGNOSTIC,     4, -5.621212999421e-01, 1.797693134862e+308, 0.0000e+00, 0.0000e+00, 
 2DIAGNOSTIC,     5, -5.704036729048e-01, 1.797693134862e+308, 0.0000e+00, 0.0000e+00, 
 2DIAGNOSTIC,     6, -5.884802613522e-01, 1.797693134862e+308, 0.0000e+00, 0.0000e+00, 
 2DIAGNOSTIC,     7, -6.237973935610e-01, 1.797693134862e+308, 0.0000e+00, 0.0000e+00, 
 2DIAGNOSTIC,     8, -6.314057702306e-01, 1.797693134862e+308, 0.0000e+00, 0.0000e+00, 
 2DIAGNOSTIC,     9, -6.333625541267e-01, 1.797693134862e+308, 0.0000e+00, 0.0000e+00, 
 2DIAGNOSTIC,    10, -6.345289989881e-01, 1.155335626028e-02, 0.0000e+00, 0.0000e+00, 
 2DIAGNOSTIC,    11, -6.393994615345e-01, 1.041868779836e-02, 0.0000e+00, 0.0000e+00, 
 2DIAGNOSTIC,    12, -6.482746979550e-01, 8.961662961688e-03, 0.0000e+00, 0.0000e+00, 
 2DIAGNOSTIC,    13, -6.487944486908e-01, 7.100859325474e-03, 0.0000e+00, 0.0000e+00, 
 2DIAGNOSTIC,    14, -6.513180336205e-01, 5.181265974174e-03, 0.0000e+00, 0.0000e+00, 
 2DIAGNOSTIC,    15, -6.540285128866e-01, 3.407483794519e-03, 0.0000e+00, 0.0000e+00, 
 2DIAGNOSTIC,    16, -6.555108791115e-01, 2.096246235119e-03, 0.0000e+00, 0.0000e+00, 
 2DIAGNOSTIC,    17, -6.556409058247e-01, 1.712422596797e-03, 0.0000e+00, 0.0000e+00, 
 2DIAGNOSTIC,    18, -6.560642123493e-01, 1.422971977880e-03, 0.0000e+00, 0.0000e+00, 
 2DIAGNOSTIC,    19, -6.562405367605e-01, 1.089156095809e-03, 0.0000e+00, 0.0000e+00, 
 2DIAGNOSTIC,    20, -6.564817669207e-01, 7.201528031990e-04, 0.0000e+00, 0.0000e+00, 
 2DIAGNOSTIC,    21, -6.579369082302e-01, 4.535928690434e-04, 0.0000e+00, 0.0000e+00, 
 2DIAGNOSTIC,    22, -6.587691628958e-01, 3.715371935571e-04, 0.0000e+00, 0.0000e+00, 
 2DIAGNOSTIC,    23, -6.584897653581e-01, 2.666853214305e-04, 0.0000e+00, 0.0000e+00, 
 2DIAGNOSTIC,    24, -6.587352926565e-01, 1.980506497459e-04, 0.0000e+00, 0.0000e+00, 
 2DIAGNOSTIC,    25, -6.588366959136e-01, 1.668422472682e-04, 0.0000e+00, 0.0000e+00, 
 2DIAGNOSTIC,    26, -6.587488649609e-01, 1.463101999405e-04, 0.0000e+00, 0.0000e+00, 
 2DIAGNOSTIC,    27, -6.588042496083e-01, 1.165414165583e-04, 0.0000e+00, 0.0000e+00, 
 2DIAGNOSTIC,    28, -6.590280106705e-01, 8.886431022372e-05, 0.0000e+00, 0.0000e+00, 
 2DIAGNOSTIC,    29, -6.592346968026e-01, 6.104715854461e-05, 0.0000e+00, 0.0000e+00, 
 2DIAGNOSTIC,    30, -6.594512888221e-01, 3.573514833664e-05, 0.0000e+00, 0.0000e+00, 
 2DIAGNOSTIC,    31, -6.595201744277e-01, 3.054094257582e-05, 0.0000e+00, 0.0000e+00, 
 2DIAGNOSTIC,    32, -6.595652179215e-01, 3.537008975634e-05, 0.0000e+00, 0.0000e+00, 
 2DIAGNOSTIC,    33, -6.598228603181e-01, 3.622641172343e-05, 0.0000e+00, 0.0000e+00, 
 2DIAGNOSTIC,    34, -6.599230506055e-01, 3.804528541111e-05, 0.0000e+00, 0.0000e+00, 
 2DIAGNOSTIC,    35, -6.600686772291e-01, 3.942352600069e-05, 0.0000e+00, 0.0000e+00, 
 2DIAGNOSTIC,    36, -6.604134449125e-01, 4.028901299749e-05, 0.0000e+00, 0.0000e+00, 
 2DIAGNOSTIC,    37, -6.616952781186e-01, 5.333428602056e-05, 0.0000e+00, 0.0000e+00, 
 2DIAGNOSTIC,    38, -6.621362390135e-01, 6.801815263669e-05, 0.0000e+00, 0.0000e+00, 
 2DIAGNOSTIC,    39, -6.621492668414e-01, 7.803748268241e-05, 0.0000e+00, 0.0000e+00, 
 2DIAGNOSTIC,    40, -6.622858863775e-01, 8.437263607860e-05, 0.0000e+00, 0.0000e+00, 
 2DIAGNOSTIC,    41, -6.621605646888e-01, 8.176562790502e-05, 0.0000e+00, 0.0000e+00, 
 2DIAGNOSTIC,    42, -6.623008749049e-01, 7.327465186008e-05, 0.0000e+00, 0.0000e+00, 
 2DIAGNOSTIC,    43, -6.622885542411e-01, 6.068176800728e-05, 0.0000e+00, 0.0000e+00, 
 2DIAGNOSTIC,    44, -6.624525371470e-01, 4.579692272052e-05, 0.0000e+00, 0.0000e+00, 
 2DIAGNOSTIC,    45, -6.625938459608e-01, 3.018830070761e-05, 0.0000e+00, 0.0000e+00, 
 2DIAGNOSTIC,    46, -6.627338113471e-01, 1.680513697185e-05, 0.0000e+00, 0.0000e+00, 
 2DIAGNOSTIC,    47, -6.632275637640e-01, 1.903618725297e-05, 0.0000e+00, 0.0000e+00, 
 2DIAGNOSTIC,    48, -6.634886071820e-01, 2.575955429655e-05, 0.0000e+00, 0.0000e+00, 
 2DIAGNOSTIC,    49, -6.648663683353e-01, 4.226086404458e-05, 0.0000e+00, 0.0000e+00, 
 2DIAGNOSTIC,    50, -6.652066584536e-01, 5.806456128917e-05, 0.0000e+00, 0.0000e+00, 
 2DIAGNOSTIC,    51, -6.652352498854e-01, 6.693433292735e-05, 0.0000e+00, 0.0000e+00, 
 2DIAGNOSTIC,    52, -6.651342498869e-01, 6.960361270017e-05, 0.0000e+00, 0.0000e+00, 
 2DIAGNOSTIC,    53, -6.652120287293e-01, 6.606857603981e-05, 0.0000e+00, 0.0000e+00, 
 2DIAGNOSTIC,    54, -6.653312070882e-01, 5.850764938840e-05, 0.0000e+00, 0.0000e+00, 
 2DIAGNOSTIC,    55, -6.653855606647e-01, 4.716332144530e-05, 0.0000e+00, 0.0000e+00, 
 2DIAGNOSTIC,    56, -6.654574512390e-01, 3.351340555552e-05, 0.0000e+00, 0.0000e+00, 
 2DIAGNOSTIC,    57, -6.654849566745e-01, 2.133392865694e-05, 0.0000e+00, 0.0000e+00, 
 2DIAGNOSTIC,    58, -6.656285237720e-01, 1.038414556708e-05, 0.0000e+00, 0.0000e+00, 
 2DIAGNOSTIC,    59, -6.657685708495e-01, 1.003227515955e-05, 0.0000e+00, 0.0000e+00, 
 2DIAGNOSTIC,    60, -6.658636917229e-01, 1.193097357425e-05, 0.0000e+00, 0.0000e+00, 
 2DIAGNOSTIC,    61, -6.659760214631e-01, 1.372280377471e-05, 0.0000e+00, 0.0000e+00, 
 2DIAGNOSTIC,    62, -6.658281156757e-01, 1.242196877309e-05, 0.0000e+00, 0.0000e+00, 
 2DIAGNOSTIC,    63, -6.658764105713e-01, 1.091219654570e-05, 0.0000e+00, 0.0000e+00, 
 2DIAGNOSTIC,    64, -6.660035974952e-01, 1.010169113945e-05, 0.0000e+00, 0.0000e+00, 
 2DIAGNOSTIC,    65, -6.660383960431e-01, 8.943398005851e-06, 0.0000e+00, 0.0000e+00, 
 2DIAGNOSTIC,    66, -6.659773803731e-01, 7.099200510941e-06, 0.0000e+00, 0.0000e+00, 
 2DIAGNOSTIC,    67, -6.660443633967e-01, 5.325818699633e-06, 0.0000e+00, 0.0000e+00, 
 2DIAGNOSTIC,    68, -6.659863437803e-01, 3.664540541494e-06, 0.0000e+00, 0.0000e+00, 
 2DIAGNOSTIC,    69, -6.662216186967e-01, 4.091086330350e-06, 0.0000e+00, 0.0000e+00, 
 2DIAGNOSTIC,    70, -6.663802558360e-01, 5.668062981828e-06, 0.0000e+00, 0.0000e+00, 
 2DIAGNOSTIC,    71, -6.671398330846e-01, 1.208770537222e-05, 0.0000e+00, 0.0000e+00, 
 2DIAGNOSTIC,    72, -6.675149183581e-01, 1.848328099518e-05, 0.0000e+00, 0.0000e+00, 
 2DIAGNOSTIC,    73, -6.677476512033e-01, 2.461919730183e-05, 0.0000e+00, 0.0000e+00, 
 2DIAGNOSTIC,    74, -6.679019365264e-01, 2.994280552849e-05, 0.0000e+00, 0.0000e+00, 
 2DIAGNOSTIC,    75, -6.683318396728e-01, 3.497311075470e-05, 0.0000e+00, 0.0000e+00, 
 2DIAGNOSTIC,    76, -6.685272418467e-01, 3.718917458397e-05, 0.0000e+00, 0.0000e+00, 
 2DIAGNOSTIC,    77, -6.685311790351e-01, 3.619471713907e-05, 0.0000e+00, 0.0000e+00, 
 2DIAGNOSTIC,    78, -6.685106024894e-01, 3.139539412351e-05, 0.0000e+00, 0.0000e+00, 
 2DIAGNOSTIC,    79, -6.685069775955e-01, 2.505822768853e-05, 0.0000e+00, 0.0000e+00, 
 2DIAGNOSTIC,    80, -6.685004403099e-01, 1.721047287200e-05, 0.0000e+00, 0.0000e+00, 
 2DIAGNOSTIC,    81, -6.685725218403e-01, 1.234829040449e-05, 0.0000e+00, 0.0000e+00, 
 2DIAGNOSTIC,    82, -6.686220587592e-01, 8.701841174817e-06, 0.0000e+00, 0.0000e+00, 
 2DIAGNOSTIC,    83, -6.685842153560e-01, 5.382989942748e-06, 0.0000e+00, 0.0000e+00, 
 2DIAGNOSTIC,    84, -6.686506779435e-01, 2.769382929951e-06, 0.0000e+00, 0.0000e+00, 
 2DIAGNOSTIC,    85, -6.688710386147e-01, 3.274150527298e-06, 0.0000e+00, 0.0000e+00, 
 2DIAGNOSTIC,    86, -6.691698171076e-01, 5.943894554392e-06, 0.0000e+00, 0.0000e+00, 
 2DIAGNOSTIC,    87, -6.691698293157e-01, 8.006015836148e-06, 0.0000e+00, 0.0000e+00, 
 2DIAGNOSTIC,    88, -6.691702010699e-01, 9.225094856832e-06, 0.0000e+00, 0.0000e+00, 
 2DIAGNOSTIC,    89, -6.691709867685e-01, 9.570082365035e-06, 0.0000e+00, 0.0000e+00, 
 2DIAGNOSTIC,    90, -6.691711530314e-01, 8.951706782459e-06, 0.0000e+00, 0.0000e+00, 
 2DIAGNOSTIC,    91, -6.691713201789e-01, 7.829196124373e-06, 0.0000e+00, 0.0000e+00, 
 2DIAGNOSTIC,    92, -6.691716114309e-01, 6.264421929037e-06, 0.0000e+00, 0.0000e+00, 
 2DIAGNOSTIC,    93, -6.691717619548e-01, 4.012579765567e-06, 0.0000e+00, 0.0000e+00, 
 2DIAGNOSTIC,    94, -6.691719256542e-01, 1.749997992698e-06, 0.0000e+00, 0.0000e+00, 
DIAGNOSTIC,Iteration,metricValue,convergenceValue,ITERATION_TIME_INDEX,SINCE_LAST
 2DIAGNOSTIC,     1, -5.298967717079e-01, 1.797693134862e+308, 0.0000e+00, 0.0000e+00, 
 2DIAGNOSTIC,     2, -5.302266674440e-01, 1.797693134862e+308, 0.0000e+00, 0.0000e+00, 
 2DIAGNOSTIC,     3, -5.306089494374e-01, 1.797693134862e+308, 0.0000e+00, 0.0000e+00, 
 2DIAGNOSTIC,     4, -5.308273958744e-01, 1.797693134862e+308, 0.0000e+00, 0.0000e+00, 
 2DIAGNOSTIC,     5, -5.309288341500e-01, 1.797693134862e+308, 0.0000e+00, 0.0000e+00, 
 2DIAGNOSTIC,     6, -5.312680011547e-01, 1.797693134862e+308, 0.0000e+00, 0.0000e+00, 
 2DIAGNOSTIC,     7, -5.317781215040e-01, 1.797693134862e+308, 0.0000e+00, 0.0000e+00, 
 2DIAGNOSTIC,     8, -5.317993606062e-01, 1.797693134862e+308, 0.0000e+00, 0.0000e+00, 
 2DIAGNOSTIC,     9, -5.318045560586e-01, 1.797693134862e+308, 0.0000e+00, 0.0000e+00, 
 2DIAGNOSTIC,    10, -5.318213575527e-01, 2.514205000360e-04, 0.0000e+00, 0.0000e+00, 
 2DIAGNOSTIC,    11, -5.318283812558e-01, 1.895705438673e-04, 0.0000e+00, 0.0000e+00, 
 2DIAGNOSTIC,    12, -5.318218637534e-01, 1.349849150400e-04, 0.0000e+00, 0.0000e+00, 
 2DIAGNOSTIC,    13, -5.318143542749e-01, 9.222962562525e-05, 0.0000e+00, 0.0000e+00, 
 2DIAGNOSTIC,    14, -5.318409704836e-01, 5.716164558854e-05, 0.0000e+00, 0.0000e+00, 
 2DIAGNOSTIC,    15, -5.319267637535e-01, 2.827858970719e-05, 0.0000e+00, 0.0000e+00, 
 2DIAGNOSTIC,    16, -5.320238887698e-01, 1.463731713711e-05, 0.0000e+00, 0.0000e+00, 
 2DIAGNOSTIC,    17, -5.321527070051e-01, 2.149248218945e-05, 0.0000e+00, 0.0000e+00, 
 2DIAGNOSTIC,    18, -5.324666600737e-01, 3.570286645641e-05, 0.0000e+00, 0.0000e+00, 
 2DIAGNOSTIC,    19, -5.327098097343e-01, 5.205857063111e-05, 0.0000e+00, 0.0000e+00, 
 2DIAGNOSTIC,    20, -5.330811686896e-01, 7.237674004031e-05, 0.0000e+00, 0.0000e+00, 
 2DIAGNOSTIC,    21, -5.338528760149e-01, 1.038613312292e-04, 0.0000e+00, 0.0000e+00, 
 2DIAGNOSTIC,    22, -5.365993361062e-01, 1.890527736932e-04, 0.0000e+00, 0.0000e+00, 
 2DIAGNOSTIC,    23, -5.368776048813e-01, 2.539304095146e-04, 0.0000e+00, 0.0000e+00, 
 2DIAGNOSTIC,    24, -5.371073998530e-01, 2.960979449235e-04, 0.0000e+00, 0.0000e+00, 
 2DIAGNOSTIC,    25, -5.400084312821e-01, 3.716234125495e-04, 0.0000e+00, 0.0000e+00, 
 2DIAGNOSTIC,    26, -5.403153427337e-01, 4.127506555261e-04, 0.0000e+00, 0.0000e+00, 
 2DIAGNOSTIC,    27, -5.412292967539e-01, 4.322034551415e-04, 0.0000e+00, 0.0000e+00, 
 2DIAGNOSTIC,    28, -5.445376398647e-01, 4.787778706767e-04, 0.0000e+00, 0.0000e+00, 
 2DIAGNOSTIC,    29, -5.470311555137e-01, 5.261983593666e-04, 0.0000e+00, 0.0000e+00, 
 2DIAGNOSTIC,    30, -5.480431038647e-01, 5.443334875240e-04, 0.0000e+00, 0.0000e+00, 
 2DIAGNOSTIC,    31, -5.508223818788e-01, 5.700175332261e-04, 0.0000e+00, 0.0000e+00, 
 2DIAGNOSTIC,    32, -5.528460511221e-01, 6.189837779247e-04, 0.0000e+00, 0.0000e+00, 
 2DIAGNOSTIC,    33, -5.534914208729e-01, 6.204523157234e-04, 0.0000e+00, 0.0000e+00, 
 2DIAGNOSTIC,    34, -5.538828196753e-01, 5.716226585572e-04, 0.0000e+00, 0.0000e+00, 
 2DIAGNOSTIC,    35, -5.539271890731e-01, 5.167516644924e-04, 0.0000e+00, 0.0000e+00, 
 2DIAGNOSTIC,    36, -5.540548190862e-01, 4.225347417585e-04, 0.0000e+00, 0.0000e+00, 
 2DIAGNOSTIC,    37, -5.543511425946e-01, 3.094240630134e-04, 0.0000e+00, 0.0000e+00, 
 2DIAGNOSTIC,    38, -5.550572434071e-01, 2.282612111244e-04, 0.0000e+00, 0.0000e+00, 
 2DIAGNOSTIC,    39, -5.558023580672e-01, 1.736939458510e-04, 0.0000e+00, 0.0000e+00, 
 2DIAGNOSTIC,    40, -5.561874628234e-01, 1.231334912818e-04, 0.0000e+00, 0.0000e+00, 
 2DIAGNOSTIC,    41, -5.562882968674e-01, 9.994459654897e-05, 0.0000e+00, 0.0000e+00, 
 2DIAGNOSTIC,    42, -5.566758728929e-01, 9.854033699789e-05, 0.0000e+00, 0.0000e+00, 
 2DIAGNOSTIC,    43, -5.569444638449e-01, 9.869914969773e-05, 0.0000e+00, 0.0000e+00, 
 2DIAGNOSTIC,    44, -5.572442196349e-01, 9.759066619957e-05, 0.0000e+00, 0.0000e+00, 
 2DIAGNOSTIC,    45, -5.585467119788e-01, 1.030143149692e-04, 0.0000e+00, 0.0000e+00, 
 2DIAGNOSTIC,    46, -5.592938094812e-01, 1.081380048473e-04, 0.0000e+00, 0.0000e+00, 
 2DIAGNOSTIC,    47, -5.605100830923e-01, 1.194704810542e-04, 0.0000e+00, 0.0000e+00, 
 2DIAGNOSTIC,    48, -5.630851721957e-01, 1.544448827856e-04, 0.0000e+00, 0.0000e+00, 
 2DIAGNOSTIC,    49, -5.653900094965e-01, 2.051188468859e-04, 0.0000e+00, 0.0000e+00, 
 2DIAGNOSTIC,    50, -5.660760195993e-01, 2.449330723684e-04, 0.0000e+00, 0.0000e+00, 
 2DIAGNOSTIC,    51, -5.664493798228e-01, 2.648269955569e-04, 0.0000e+00, 0.0000e+00, 
 2DIAGNOSTIC,    52, -5.664598585493e-01, 2.627906704572e-04, 0.0000e+00, 0.0000e+00, 
 2DIAGNOSTIC,    53, -5.664709273438e-01, 2.382301919797e-04, 0.0000e+00, 0.0000e+00, 
 2DIAGNOSTIC,    54, -5.664552696331e-01, 1.940439262914e-04, 0.0000e+00, 0.0000e+00, 
 2DIAGNOSTIC,    55, -5.664535448476e-01, 1.454167372753e-04, 0.0000e+00, 0.0000e+00, 
 2DIAGNOSTIC,    56, -5.664615587457e-01, 9.193833654119e-05, 0.0000e+00, 0.0000e+00, 
 2DIAGNOSTIC,    57, -5.664595122957e-01, 4.237561776567e-05, 0.0000e+00, 0.0000e+00, 
 2DIAGNOSTIC,    58, -5.664227620810e-01, 1.285463127403e-05, 0.0000e+00, 0.0000e+00, 
 2DIAGNOSTIC,    59, -5.664183934252e-01, 3.325832157140e-06, 0.0000e+00, 0.0000e+00, 
DIAGNOSTIC,Iteration,metricValue,convergenceValue,ITERATION_TIME_INDEX,SINCE_LAST
 2DIAGNOSTIC,     1, -5.003157377761e-01, 1.797693134862e+308, 0.0000e+00, 0.0000e+00, 
 2DIAGNOSTIC,     2, -5.007080986649e-01, 1.797693134862e+308, 0.0000e+00, 0.0000e+00, 
 2DIAGNOSTIC,     3, -5.011709939902e-01, 1.797693134862e+308, 0.0000e+00, 0.0000e+00, 
 2DIAGNOSTIC,     4, -5.016126113122e-01, 1.797693134862e+308, 0.0000e+00, 0.0000e+00, 
 2DIAGNOSTIC,     5, -5.019165566830e-01, 1.797693134862e+308, 0.0000e+00, 0.0000e+00, 
 2DIAGNOSTIC,     6, -5.020107382899e-01, 1.797693134862e+308, 0.0000e+00, 0.0000e+00, 
 2DIAGNOSTIC,     7, -5.020698504508e-01, 1.797693134862e+308, 0.0000e+00, 0.0000e+00, 
 2DIAGNOSTIC,     8, -5.021689865079e-01, 1.797693134862e+308, 0.0000e+00, 0.0000e+00, 
 2DIAGNOSTIC,     9, -5.022441260660e-01, 1.797693134862e+308, 0.0000e+00, 0.0000e+00, 
 2DIAGNOSTIC,    10, -5.023479489498e-01, 2.470155190434e-04, 0.0000e+00, 0.0000e+00, 
 2DIAGNOSTIC,    11, -5.025981476939e-01, 1.825751068401e-04, 0.0000e+00, 0.0000e+00, 
 2DIAGNOSTIC,    12, -5.025906517944e-01, 1.305045987627e-04, 0.0000e+00, 0.0000e+00, 
 2DIAGNOSTIC,    13, -5.025856547200e-01, 9.465549231659e-05, 0.0000e+00, 0.0000e+00, 
 2DIAGNOSTIC,    14, -5.025844730281e-01, 7.319181871215e-05, 0.0000e+00, 0.0000e+00, 
 2DIAGNOSTIC,    15, -5.025855903753e-01, 5.950301532087e-05, 0.0000e+00, 0.0000e+00, 
 2DIAGNOSTIC,    16, -5.025845905471e-01, 4.542234472270e-05, 0.0000e+00, 0.0000e+00, 
 2DIAGNOSTIC,    17, -5.025880518355e-01, 3.105198092067e-05, 0.0000e+00, 0.0000e+00, 
 2DIAGNOSTIC,    18, -5.025867963185e-01, 1.876370524511e-05, 0.0000e+00, 0.0000e+00, 
 2DIAGNOSTIC,    19, -5.025843707381e-01, 8.362311067642e-06, 0.0000e+00, 0.0000e+00, 
 2DIAGNOSTIC,    20, -5.025846765291e-01, 1.122725458429e-06, 0.0000e+00, 0.0000e+00, 
 2DIAGNOSTIC,    21, -5.025827367948e-01, 1.310297070449e-06, 0.0000e+00, 0.0000e+00, 
 2DIAGNOSTIC,    22, -5.025816242899e-01, 1.281746465985e-06, 0.0000e+00, 0.0000e+00, 
 2DIAGNOSTIC,    23, -5.025818638299e-01, 1.155775628071e-06, 0.0000e+00, 0.0000e+00, 
 2DIAGNOSTIC,    24, -5.025811235356e-01, 1.016676235657e-06, 0.0000e+00, 0.0000e+00, 
DIAGNOSTIC,Iteration,metricValue,convergenceValue,ITERATION_TIME_INDEX,SINCE_LAST
 2DIAGNOSTIC,     1, -4.668085934385e-01, 1.797693134862e+308, 0.0000e+00, 0.0000e+00, 
 2DIAGNOSTIC,     2, -4.669090409187e-01, 1.797693134862e+308, 0.0000e+00, 0.0000e+00, 
 2DIAGNOSTIC,     3, -4.670046756398e-01, 1.797693134862e+308, 0.0000e+00, 0.0000e+00, 
 2DIAGNOSTIC,     4, -4.670126086855e-01, 1.797693134862e+308, 0.0000e+00, 0.0000e+00, 
 2DIAGNOSTIC,     5, -4.670118684061e-01, 1.797693134862e+308, 0.0000e+00, 0.0000e+00, 
 2DIAGNOSTIC,     6, -4.670118816884e-01, 1.797693134862e+308, 0.0000e+00, 0.0000e+00, 
 2DIAGNOSTIC,     7, -4.670118385253e-01, 1.797693134862e+308, 0.0000e+00, 0.0000e+00, 
 2DIAGNOSTIC,     8, -4.670118518661e-01, 1.797693134862e+308, 0.0000e+00, 0.0000e+00, 
 2DIAGNOSTIC,     9, -4.670118384832e-01, 1.797693134862e+308, 0.0000e+00, 0.0000e+00, 
 2DIAGNOSTIC,    10, -4.670117976497e-01, 2.130246064805e-05, 0.0000e+00, 0.0000e+00, 
 2DIAGNOSTIC,    11, -4.670117977137e-01, 8.894415551117e-06, 0.0000e+00, 0.0000e+00, 
 2DIAGNOSTIC,    12, -4.670117921889e-01, 2.975879350622e-06, 0.0000e+00, 0.0000e+00, 
 2DIAGNOSTIC,    13, -4.670117918387e-01, 2.405002730660e-06, 0.0000e+00, 0.0000e+00, 
 2DIAGNOSTIC,    14, -4.670117918387e-01, 2.265554496159e-06, 0.0000e+00, 0.0000e+00, 
 2DIAGNOSTIC,    15, -4.670117899206e-01, 2.115456766108e-06, 0.0000e+00, 0.0000e+00, 
 2DIAGNOSTIC,    16, -4.670117793705e-01, 1.985009703345e-06, 0.0000e+00, 0.0000e+00, 
 2DIAGNOSTIC,    17, -4.670117738313e-01, 1.868660495355e-06, 0.0000e+00, 0.0000e+00, 
 2DIAGNOSTIC,    18, -4.670117740882e-01, 1.766152528289e-06, 0.0000e+00, 0.0000e+00, 
 2DIAGNOSTIC,    19, -4.670117740882e-01, 1.674344246874e-06, 0.0000e+00, 0.0000e+00, 
 2DIAGNOSTIC,    20, -4.670117717504e-01, 1.590588890890e-06, 0.0000e+00, 0.0000e+00, 
 2DIAGNOSTIC,    21, -4.670117709890e-01, 1.514985300287e-06, 0.0000e+00, 0.0000e+00, 
 2DIAGNOSTIC,    22, -4.670117717930e-01, 1.446288314277e-06, 0.0000e+00, 0.0000e+00, 
 2DIAGNOSTIC,    23, -4.670117726335e-01, 1.383709856910e-06, 0.0000e+00, 0.0000e+00, 
 2DIAGNOSTIC,    24, -4.670117726335e-01, 1.326445735562e-06, 0.0000e+00, 0.0000e+00, 
 2DIAGNOSTIC,    25, -4.670117739275e-01, 1.273818058131e-06, 0.0000e+00, 0.0000e+00, 
 2DIAGNOSTIC,    26, -4.670117746337e-01, 1.225031965396e-06, 0.0000e+00, 0.0000e+00, 
 2DIAGNOSTIC,    27, -4.670117746387e-01, 1.179733156706e-06, 0.0000e+00, 0.0000e+00, 
 2DIAGNOSTIC,    28, -4.670117751493e-01, 1.137678757840e-06, 0.0000e+00, 0.0000e+00, 
 2DIAGNOSTIC,    29, -4.670117751493e-01, 1.098511330587e-06, 0.0000e+00, 0.0000e+00, 
 2DIAGNOSTIC,    30, -4.670117514770e-01, 1.061407847738e-06, 0.0000e+00, 0.0000e+00, 
 2DIAGNOSTIC,    31, -4.670117711844e-01, 1.027109407636e-06, 0.0000e+00, 0.0000e+00, 
  Elapsed time (stage 0): 0.0000e+00


Total elapsed time: 0.0000e+00
Info [verificarlo]: loaded backend libinterflop_vprec.so
Info [interflop-vprec]: load backend with: 
Info [interflop-vprec]: precision-binary32 = 21
Info [interflop-vprec]: range-binary32 = 7
Info [interflop-vprec]: precision-binary64 = 21
Info [interflop-vprec]: range-binary64 = 7
Info [interflop-vprec]: mode = ob
Info [interflop-vprec]: error-mode = rel
Info [interflop-vprec]: max-abs-error-exponent = -1022
Info [interflop-vprec]: daz = false
Info [interflop-vprec]: ftz = false
Info [interflop-vprec]: 	instrument = none
Info [interflop-vprec]: 	prec-input-file = (null)
Info [interflop-vprec]: 	prec-output-file = (null)
Info [interflop-vprec]: 	prec-log-file = (null)
All_Command_lines_OK
Using double precision for computations.
=============================================================================
The composite transform comprises the following transforms (in order): 
  1. /home/mdugre/scratch/mri-registration-rp/datasets/ds004513/derivatives/mri-registration-rp/1111/antsRegistration-r7-p21/sub-s032/rigid_Composite.h5[0] (type = Euler3DTransform)
  2. /home/mdugre/scratch/mri-registration-rp/datasets/ds004513/derivatives/mri-registration-rp/1111/antsRegistration-r7-p21/sub-s032/rigid_Composite.h5[1] (type = Euler3DTransform)
  3. /home/mdugre/scratch/mri-registration-rp/datasets/ds004513/derivatives/mri-registration-rp/1111/antsRegistration-r7-p21/sub-s032/rigid_Composite.h5[2] (type = Euler3DTransform)
=============================================================================
  number of levels = 4
  fixed image: /templateflow/tpl-MNI152NLin2009cAsym/tpl-MNI152NLin2009cAsym_res-01_desc-brain_T1w.nii.gz
  moving image: /home/mdugre/scratch/mri-registration-rp/datasets/ds004513/derivatives/mri-registration-rp/antsBrainExtraction/sub-s032/BrainExtractionBrain.nii.gz
Dimension = 3
Number of stages = 1
Use histogram matching = false
Winsorize image intensities = true
  Lower quantile = 0.005
  Upper quantile = 0.995


Stage 1 State
   Image metric = MattesMI
     Fixed image = Image (0x4a29490)
  RTTI typeinfo:   itk::Image<double, 3u>
  Reference Count: 2
  Modified Time: 1592
  Debug: Off
  Object Name: 
  Observers: 
    none
  Source: (none)
  Source output name: (none)
  Release Data: Off
  Data Released: False
  Global Release Data: Off
  PipelineMTime: 0
  UpdateMTime: 1203
  RealTimeStamp: 0 seconds 
  LargestPossibleRegion: 
    Dimension: 3
    Index: [0, 0, 0]
    Size: [193, 229, 193]
  BufferedRegion: 
    Dimension: 3
    Index: [0, 0, 0]
    Size: [193, 229, 193]
  RequestedRegion: 
    Dimension: 3
    Index: [0, 0, 0]
    Size: [193, 229, 193]
  Spacing: [1, 1, 1]
  Origin: [96, 132, -78]
  Direction: 
-1 0 0
0 -1 0
0 0 1

  IndexToPointMatrix: 
-1 0 0
0 -1 0
0 0 1

  PointToIndexMatrix: 
-1 0 0
0 -1 0
0 0 1

  Inverse Direction: 
-1 0 0
0 -1 0
0 0 1

  PixelContainer: 
    ImportImageContainer (0x4aa28b0)
      RTTI typeinfo:   itk::ImportImageContainer<unsigned long, double>
      Reference Count: 1
      Modified Time: 1200
      Debug: Off
      Object Name: 
      Observers: 
        none
      Pointer: 0x14a1bde0c010
      Container manages memory: true
      Size: 8530021
      Capacity: 8530021

     Moving image = Image (0x4af7a40)
  RTTI typeinfo:   itk::Image<double, 3u>
  Reference Count: 2
  Modified Time: 1593
  Debug: Off
  Object Name: 
  Observers: 
    none
  Source: (none)
  Source output name: (none)
  Release Data: Off
  Data Released: False
  Global Release Data: Off
  PipelineMTime: 0
  UpdateMTime: 1590
  RealTimeStamp: 0 seconds 
  LargestPossibleRegion: 
    Dimension: 3
    Index: [0, 0, 0]
    Size: [160, 240, 256]
  BufferedRegion: 
    Dimension: 3
    Index: [0, 0, 0]
    Size: [160, 240, 256]
  RequestedRegion: 
    Dimension: 3
    Index: [0, 0, 0]
    Size: [160, 240, 256]
  Spacing: [1, 1, 1]
  Origin: [73.279, 104.707, -131.187]
  Direction: 
-0.997526 0.0645574 -0.0278053
-0.0645323 -0.997914 -0.00179875
-0.0278634 4.01097e-08 0.999612

  IndexToPointMatrix: 
-0.997526 0.0645574 -0.0278053
-0.0645323 -0.997914 -0.00179875
-0.0278634 4.01097e-08 0.999612

  PointToIndexMatrix: 
-0.997528 -0.0645323 -0.0278634
0.0645573 -0.997913 1.19209e-07
-0.0278053 -0.00179881 0.999612

  Inverse Direction: 
-0.997528 -0.0645323 -0.0278634
0.0645573 -0.997913 1.19209e-07
-0.0278053 -0.00179881 0.999612

  PixelContainer: 
    ImportImageContainer (0x4aa6d50)
      RTTI typeinfo:   itk::ImportImageContainer<unsigned long, double>
      Reference Count: 1
      Modified Time: 1587
      Debug: Off
      Object Name: 
      Observers: 
        none
      Pointer: 0x14a1b930b010
      Container manages memory: true
      Size: 9830400
      Capacity: 9830400

     Weighting = 1
     Sampling strategy = regular
     Number of bins = 32
     Radius = 4
     Sampling percentage  = 0.25
   Transform = Affine
     Gradient step = 0.1
     Update field sigma (voxel space) = 0
     Total field sigma (voxel space) = 0
     Update field time sigma = 0
     Total field time sigma  = 0
     Number of time indices = 0
     Number of time point samples = 0
Registration using 1 total stages.

Stage 0
  iterations = 1000x500x250x100
  convergence threshold = 1e-06
  convergence window size = 10
  number of levels = 4
  using the Mattes MI metric (number of bins = 32, weight = 1, use gradient filter = 0)
  preprocessing:  winsorizing the image intensities
  Shrink factors (level 1 out of 4): [8, 8, 8]
  Shrink factors (level 2 out of 4): [4, 4, 4]
  Shrink factors (level 3 out of 4): [2, 2, 2]
  Shrink factors (level 4 out of 4): [1, 1, 1]
  smoothing sigmas per level: [3, 2, 1, 0]
  regular sampling (percentage = 0.25)

*** Running AffineTransform registration ***

DIAGNOSTIC,Iteration,metricValue,convergenceValue,ITERATION_TIME_INDEX,SINCE_LAST
 2DIAGNOSTIC,     1, -6.861090785920e-01, 1.797693134862e+308, 0.0000e+00, 0.0000e+00, 
 2DIAGNOSTIC,     2, -6.878226003037e-01, 1.797693134862e+308, 0.0000e+00, 0.0000e+00, 
 2DIAGNOSTIC,     3, -6.909244692176e-01, 1.797693134862e+308, 0.0000e+00, 0.0000e+00, 
 2DIAGNOSTIC,     4, -6.958472002551e-01, 1.797693134862e+308, 0.0000e+00, 0.0000e+00, 
 2DIAGNOSTIC,     5, -7.063809991845e-01, 1.797693134862e+308, 0.0000e+00, 0.0000e+00, 
 2DIAGNOSTIC,     6, -7.191567922755e-01, 1.797693134862e+308, 0.0000e+00, 0.0000e+00, 
 2DIAGNOSTIC,     7, -7.201125378737e-01, 1.797693134862e+308, 0.0000e+00, 0.0000e+00, 
 2DIAGNOSTIC,     8, -7.207056322034e-01, 1.797693134862e+308, 0.0000e+00, 0.0000e+00, 
 2DIAGNOSTIC,     9, -7.220456647890e-01, 1.797693134862e+308, 0.0000e+00, 0.0000e+00, 
 2DIAGNOSTIC,    10, -7.247876151732e-01, 4.138438737857e-03, 0.0000e+00, 0.0000e+00, 
 2DIAGNOSTIC,    11, -7.281887029510e-01, 3.470394569981e-03, 0.0000e+00, 0.0000e+00, 
 2DIAGNOSTIC,    12, -7.295243303376e-01, 2.708469786737e-03, 0.0000e+00, 0.0000e+00, 
 2DIAGNOSTIC,    13, -7.316062776140e-01, 1.988245525117e-03, 0.0000e+00, 0.0000e+00, 
 2DIAGNOSTIC,    14, -7.343698068654e-01, 1.407188689339e-03, 0.0000e+00, 0.0000e+00, 
 2DIAGNOSTIC,    15, -7.358001989387e-01, 1.082645621527e-03, 0.0000e+00, 0.0000e+00, 
 2DIAGNOSTIC,    16, -7.365360993414e-01, 1.034485986010e-03, 0.0000e+00, 0.0000e+00, 
 2DIAGNOSTIC,    17, -7.372750777945e-01, 9.376213623676e-04, 0.0000e+00, 0.0000e+00, 
 2DIAGNOSTIC,    18, -7.377091859060e-01, 7.882375628527e-04, 0.0000e+00, 0.0000e+00, 
 2DIAGNOSTIC,    19, -7.376982854656e-01, 6.083984143736e-04, 0.0000e+00, 0.0000e+00, 
 2DIAGNOSTIC,    20, -7.381153545474e-01, 4.515761075916e-04, 0.0000e+00, 0.0000e+00, 
 2DIAGNOSTIC,    21, -7.384266125511e-01, 3.378706425397e-04, 0.0000e+00, 0.0000e+00, 
 2DIAGNOSTIC,    22, -7.387194238919e-01, 2.320384502706e-04, 0.0000e+00, 0.0000e+00, 
 2DIAGNOSTIC,    23, -7.387198580917e-01, 1.486393187227e-04, 0.0000e+00, 0.0000e+00, 
 2DIAGNOSTIC,    24, -7.387408667269e-01, 1.038523801557e-04, 0.0000e+00, 0.0000e+00, 
 2DIAGNOSTIC,    25, -7.387675203450e-01, 7.581965555793e-05, 0.0000e+00, 0.0000e+00, 
 2DIAGNOSTIC,    26, -7.387944131837e-01, 5.410918895463e-05, 0.0000e+00, 0.0000e+00, 
 2DIAGNOSTIC,    27, -7.388201905634e-01, 3.998047479696e-05, 0.0000e+00, 0.0000e+00, 
 2DIAGNOSTIC,    28, -7.388527007975e-01, 2.987563893862e-05, 0.0000e+00, 0.0000e+00, 
 2DIAGNOSTIC,    29, -7.389043125458e-01, 1.826312917535e-05, 0.0000e+00, 0.0000e+00, 
 2DIAGNOSTIC,    30, -7.390199522938e-01, 1.267231234227e-05, 0.0000e+00, 0.0000e+00, 
 2DIAGNOSTIC,    31, -7.394523857859e-01, 1.558799549725e-05, 0.0000e+00, 0.0000e+00, 
 2DIAGNOSTIC,    32, -7.394704159403e-01, 2.061125884417e-05, 0.0000e+00, 0.0000e+00, 
 2DIAGNOSTIC,    33, -7.400257007303e-01, 3.010940956188e-05, 0.0000e+00, 0.0000e+00, 
 2DIAGNOSTIC,    34, -7.408009193088e-01, 4.529541720150e-05, 0.0000e+00, 0.0000e+00, 
 2DIAGNOSTIC,    35, -7.412991688202e-01, 6.102421378689e-05, 0.0000e+00, 0.0000e+00, 
 2DIAGNOSTIC,    36, -7.416301624091e-01, 7.399146000998e-05, 0.0000e+00, 0.0000e+00, 
 2DIAGNOSTIC,    37, -7.416569911066e-01, 7.991765274283e-05, 0.0000e+00, 0.0000e+00, 
 2DIAGNOSTIC,    38, -7.418408220709e-01, 8.027943107751e-05, 0.0000e+00, 0.0000e+00, 
 2DIAGNOSTIC,    39, -7.419152954248e-01, 7.417010319274e-05, 0.0000e+00, 0.0000e+00, 
 2DIAGNOSTIC,    40, -7.419440647569e-01, 6.263640872738e-05, 0.0000e+00, 0.0000e+00, 
 2DIAGNOSTIC,    41, -7.419707153384e-01, 5.026693587353e-05, 0.0000e+00, 0.0000e+00, 
 2DIAGNOSTIC,    42, -7.418987190825e-01, 3.327270069085e-05, 0.0000e+00, 0.0000e+00, 
 2DIAGNOSTIC,    43, -7.419080084240e-01, 1.897544999974e-05, 0.0000e+00, 0.0000e+00, 
