
##########################
# Experiment information #
##########################

EXPERIMENT_NAME: antsRegistration-r7-p19
VFC_BACKENDS: libinterflop_vprec.so --range-binary32=7 --precision-binary32=19 --range-binary64=7 --precision-binary64=19

SIF_IMG: /home/mdugre/projects/rrg-glatard/mdugre/containers/ants-vprec-no_metrics.simg

SUBJECT_ID: s035
INPUT_IMG: /home/mdugre/scratch/mri-registration-rp/datasets/ds004513/derivatives/mri-registration-rp/antsBrainExtraction/sub-s035/BrainExtractionBrain.nii.gz
OUTPUT_DIR: /home/mdugre/scratch/mri-registration-rp/datasets/ds004513/derivatives/mri-registration-rp/1111/antsRegistration-r7-p19/sub-s035

FIXED_IMG: /templateflow/tpl-MNI152NLin2009cAsym/tpl-MNI152NLin2009cAsym_res-01_desc-brain_T1w.nii.gz
DATA_DIR: /home/mdugre/scratch/mri-registration-rp/datasets/ds004513
TEMPLATEFLOW_DIR: /home/mdugre/projects/rrg-glatard/mdugre/templateflow
ITK_GLOBAL_DEFAULT_NUMBER_OF_THREADS: 16
##########################

Info [verificarlo]: loaded backend libinterflop_vprec.so
Info [interflop-vprec]: load backend with: 
Info [interflop-vprec]: precision-binary32 = 19
Info [interflop-vprec]: range-binary32 = 7
Info [interflop-vprec]: precision-binary64 = 19
Info [interflop-vprec]: range-binary64 = 7
Info [interflop-vprec]: mode = ob
Info [interflop-vprec]: error-mode = rel
Info [interflop-vprec]: max-abs-error-exponent = -1022
Info [interflop-vprec]: daz = false
Info [interflop-vprec]: ftz = false
Info [interflop-vprec]: 	instrument = none
Info [interflop-vprec]: 	prec-input-file = (null)
Info [interflop-vprec]: 	prec-output-file = (null)
Info [interflop-vprec]: 	prec-log-file = (null)
All_Command_lines_OK
Using double precision for computations.
=============================================================================
The composite transform comprises the following transforms (in order): 
  1. Center of mass alignment using fixed image: /templateflow/tpl-MNI152NLin2009cAsym/tpl-MNI152NLin2009cAsym_res-01_desc-brain_T1w.nii.gz and moving image: /home/mdugre/scratch/mri-registration-rp/datasets/ds004513/derivatives/mri-registration-rp/antsBrainExtraction/sub-s035/BrainExtractionBrain.nii.gz (type = Euler3DTransform)
=============================================================================
  number of levels = 1
  fixed image: /templateflow/tpl-MNI152NLin2009cAsym/tpl-MNI152NLin2009cAsym_res-01_desc-brain_T1w.nii.gz
  moving image: /home/mdugre/scratch/mri-registration-rp/datasets/ds004513/derivatives/mri-registration-rp/antsBrainExtraction/sub-s035/BrainExtractionBrain.nii.gz
Dimension = 3
Number of stages = 1
Use histogram matching = false
Winsorize image intensities = true
  Lower quantile = 0.005
  Upper quantile = 0.995


Stage 1 State
   Image metric = MattesMI
     Fixed image = Image (0x501db20)
  RTTI typeinfo:   itk::Image<double, 3u>
  Reference Count: 2
  Modified Time: 2330
  Debug: Off
  Object Name: 
  Observers: 
    none
  Source: (none)
  Source output name: (none)
  Release Data: Off
  Data Released: False
  Global Release Data: Off
  PipelineMTime: 0
  UpdateMTime: 1941
  RealTimeStamp: 0 seconds 
  LargestPossibleRegion: 
    Dimension: 3
    Index: [0, 0, 0]
    Size: [193, 229, 193]
  BufferedRegion: 
    Dimension: 3
    Index: [0, 0, 0]
    Size: [193, 229, 193]
  RequestedRegion: 
    Dimension: 3
    Index: [0, 0, 0]
    Size: [193, 229, 193]
  Spacing: [1, 1, 1]
  Origin: [96, 132, -78]
  Direction: 
-1 0 0
0 -1 0
0 0 1

  IndexToPointMatrix: 
-1 0 0
0 -1 0
0 0 1

  PointToIndexMatrix: 
-1 0 0
0 -1 0
0 0 1

  Inverse Direction: 
-1 0 0
0 -1 0
0 0 1

  PixelContainer: 
    ImportImageContainer (0x5149650)
      RTTI typeinfo:   itk::ImportImageContainer<unsigned long, double>
      Reference Count: 1
      Modified Time: 1938
      Debug: Off
      Object Name: 
      Observers: 
        none
      Pointer: 0x14f0c67ad010
      Container manages memory: true
      Size: 8530021
      Capacity: 8530021

     Moving image = Image (0x5026240)
  RTTI typeinfo:   itk::Image<double, 3u>
  Reference Count: 2
  Modified Time: 2331
  Debug: Off
  Object Name: 
  Observers: 
    none
  Source: (none)
  Source output name: (none)
  Release Data: Off
  Data Released: False
  Global Release Data: Off
  PipelineMTime: 0
  UpdateMTime: 2328
  RealTimeStamp: 0 seconds 
  LargestPossibleRegion: 
    Dimension: 3
    Index: [0, 0, 0]
    Size: [160, 240, 256]
  BufferedRegion: 
    Dimension: 3
    Index: [0, 0, 0]
    Size: [160, 240, 256]
  RequestedRegion: 
    Dimension: 3
    Index: [0, 0, 0]
    Size: [160, 240, 256]
  Spacing: [1, 1, 1]
  Origin: [98.6438, 87.6359, -117.989]
  Direction: 
-0.993515 -0.100993 -0.0522355
0.100854 -0.994887 0.00530255
-0.0525039 1.93537e-08 0.998621

  IndexToPointMatrix: 
-0.993515 -0.100993 -0.0522355
0.100854 -0.994887 0.00530255
-0.0525039 1.93537e-08 0.998621

  PointToIndexMatrix: 
-0.993515 0.100854 -0.0525039
-0.100993 -0.994887 -2.00048e-06
-0.0522356 0.00530149 0.998621

  Inverse Direction: 
-0.993515 0.100854 -0.0525039
-0.100993 -0.994887 -2.00048e-06
-0.0522356 0.00530149 0.998621

  PixelContainer: 
    ImportImageContainer (0x5133b90)
      RTTI typeinfo:   itk::ImportImageContainer<unsigned long, double>
      Reference Count: 1
      Modified Time: 2325
      Debug: Off
      Object Name: 
      Observers: 
        none
      Pointer: 0x14f0c1cac010
      Container manages memory: true
      Size: 9830400
      Capacity: 9830400

     Weighting = 1
     Sampling strategy = regular
     Number of bins = 32
     Radius = 4
     Sampling percentage  = 0.25
   Transform = Rigid
     Gradient step = 0.1
     Update field sigma (voxel space) = 0
     Total field sigma (voxel space) = 0
     Update field time sigma = 0
     Total field time sigma  = 0
     Number of time indices = 0
     Number of time point samples = 0
Registration using 1 total stages.

Stage 0
  iterations = 0
  convergence threshold = 1e-06
  convergence window size = 10
  number of levels = 1
  using the Mattes MI metric (number of bins = 32, weight = 1, use gradient filter = 0)
  preprocessing:  winsorizing the image intensities
  Shrink factors (level 1 out of 1): [1, 1, 1]
  smoothing sigmas per level: [0]
  regular sampling (percentage = 0.25)

*** Running Euler3DTransform registration ***

  Elapsed time (stage 0): 0


Total elapsed time: 0
Info [verificarlo]: loaded backend libinterflop_vprec.so
Info [interflop-vprec]: load backend with: 
Info [interflop-vprec]: precision-binary32 = 19
Info [interflop-vprec]: range-binary32 = 7
Info [interflop-vprec]: precision-binary64 = 19
Info [interflop-vprec]: range-binary64 = 7
Info [interflop-vprec]: mode = ob
Info [interflop-vprec]: error-mode = rel
Info [interflop-vprec]: max-abs-error-exponent = -1022
Info [interflop-vprec]: daz = false
Info [interflop-vprec]: ftz = false
Info [interflop-vprec]: 	instrument = none
Info [interflop-vprec]: 	prec-input-file = (null)
Info [interflop-vprec]: 	prec-output-file = (null)
Info [interflop-vprec]: 	prec-log-file = (null)
All_Command_lines_OK
Using double precision for computations.
=============================================================================
The composite transform comprises the following transforms (in order): 
  1. /home/mdugre/scratch/mri-registration-rp/datasets/ds004513/derivatives/mri-registration-rp/1111/antsRegistration-r7-p19/sub-s035/align_Composite.h5[0] (type = Euler3DTransform)
  2. /home/mdugre/scratch/mri-registration-rp/datasets/ds004513/derivatives/mri-registration-rp/1111/antsRegistration-r7-p19/sub-s035/align_Composite.h5[1] (type = Euler3DTransform)
=============================================================================
  number of levels = 4
  fixed image: /templateflow/tpl-MNI152NLin2009cAsym/tpl-MNI152NLin2009cAsym_res-01_desc-brain_T1w.nii.gz
  moving image: /home/mdugre/scratch/mri-registration-rp/datasets/ds004513/derivatives/mri-registration-rp/antsBrainExtraction/sub-s035/BrainExtractionBrain.nii.gz
Dimension = 3
Number of stages = 1
Use histogram matching = false
Winsorize image intensities = true
  Lower quantile = 0.005
  Upper quantile = 0.995


Stage 1 State
   Image metric = MattesMI
     Fixed image = Image (0x4e151e0)
  RTTI typeinfo:   itk::Image<double, 3u>
  Reference Count: 2
  Modified Time: 1578
  Debug: Off
  Object Name: 
  Observers: 
    none
  Source: (none)
  Source output name: (none)
  Release Data: Off
  Data Released: False
  Global Release Data: Off
  PipelineMTime: 0
  UpdateMTime: 1189
  RealTimeStamp: 0 seconds 
  LargestPossibleRegion: 
    Dimension: 3
    Index: [0, 0, 0]
    Size: [193, 229, 193]
  BufferedRegion: 
    Dimension: 3
    Index: [0, 0, 0]
    Size: [193, 229, 193]
  RequestedRegion: 
    Dimension: 3
    Index: [0, 0, 0]
    Size: [193, 229, 193]
  Spacing: [1, 1, 1]
  Origin: [96, 132, -78]
  Direction: 
-1 0 0
0 -1 0
0 0 1

  IndexToPointMatrix: 
-1 0 0
0 -1 0
0 0 1

  PointToIndexMatrix: 
-1 0 0
0 -1 0
0 0 1

  Inverse Direction: 
-1 0 0
0 -1 0
0 0 1

  PixelContainer: 
    ImportImageContainer (0x4ed46f0)
      RTTI typeinfo:   itk::ImportImageContainer<unsigned long, double>
      Reference Count: 1
      Modified Time: 1186
      Debug: Off
      Object Name: 
      Observers: 
        none
      Pointer: 0x148d1d147010
      Container manages memory: true
      Size: 8530021
      Capacity: 8530021

     Moving image = Image (0x4ed0c90)
  RTTI typeinfo:   itk::Image<double, 3u>
  Reference Count: 2
  Modified Time: 1579
  Debug: Off
  Object Name: 
  Observers: 
    none
  Source: (none)
  Source output name: (none)
  Release Data: Off
  Data Released: False
  Global Release Data: Off
  PipelineMTime: 0
  UpdateMTime: 1576
  RealTimeStamp: 0 seconds 
  LargestPossibleRegion: 
    Dimension: 3
    Index: [0, 0, 0]
    Size: [160, 240, 256]
  BufferedRegion: 
    Dimension: 3
    Index: [0, 0, 0]
    Size: [160, 240, 256]
  RequestedRegion: 
    Dimension: 3
    Index: [0, 0, 0]
    Size: [160, 240, 256]
  Spacing: [1, 1, 1]
  Origin: [98.6438, 87.6359, -117.989]
  Direction: 
-0.993515 -0.100993 -0.0522355
0.100854 -0.994887 0.00530255
-0.0525039 1.93537e-08 0.998621

  IndexToPointMatrix: 
-0.993515 -0.100993 -0.0522355
0.100854 -0.994887 0.00530255
-0.0525039 1.93537e-08 0.998621

  PointToIndexMatrix: 
-0.993515 0.100854 -0.0525039
-0.100993 -0.994887 -2.00048e-06
-0.0522356 0.00530149 0.998621

  Inverse Direction: 
-0.993515 0.100854 -0.0525039
-0.100993 -0.994887 -2.00048e-06
-0.0522356 0.00530149 0.998621

  PixelContainer: 
    ImportImageContainer (0x4e93010)
      RTTI typeinfo:   itk::ImportImageContainer<unsigned long, double>
      Reference Count: 1
      Modified Time: 1573
      Debug: Off
      Object Name: 
      Observers: 
        none
      Pointer: 0x148d18646010
      Container manages memory: true
      Size: 9830400
      Capacity: 9830400

     Weighting = 1
     Sampling strategy = regular
     Number of bins = 32
     Radius = 4
     Sampling percentage  = 0.25
   Transform = Rigid
     Gradient step = 0.1
     Update field sigma (voxel space) = 0
     Total field sigma (voxel space) = 0
     Update field time sigma = 0
     Total field time sigma  = 0
     Number of time indices = 0
     Number of time point samples = 0
Registration using 1 total stages.

Stage 0
  iterations = 1000x500x250x100
  convergence threshold = 1e-06
  convergence window size = 10
  number of levels = 4
  using the Mattes MI metric (number of bins = 32, weight = 1, use gradient filter = 0)
  preprocessing:  winsorizing the image intensities
  Shrink factors (level 1 out of 4): [8, 8, 8]
  Shrink factors (level 2 out of 4): [4, 4, 4]
  Shrink factors (level 3 out of 4): [2, 2, 2]
  Shrink factors (level 4 out of 4): [1, 1, 1]
  smoothing sigmas per level: [3, 2, 1, 0]
  regular sampling (percentage = 0.25)

*** Running Euler3DTransform registration ***

DIAGNOSTIC,Iteration,metricValue,convergenceValue,ITERATION_TIME_INDEX,SINCE_LAST
 2DIAGNOSTIC,     1, -5.307477131659e-01, 1.797693134862e+308, 0.0000e+00, 0.0000e+00, 
 2DIAGNOSTIC,     2, -5.324560193958e-01, 1.797693134862e+308, 0.0000e+00, 0.0000e+00, 
 2DIAGNOSTIC,     3, -5.361867115070e-01, 1.797693134862e+308, 0.0000e+00, 0.0000e+00, 
 2DIAGNOSTIC,     4, -5.394357396576e-01, 1.797693134862e+308, 0.0000e+00, 0.0000e+00, 
 2DIAGNOSTIC,     5, -5.418581311290e-01, 1.797693134862e+308, 0.0000e+00, 0.0000e+00, 
 2DIAGNOSTIC,     6, -5.477083048800e-01, 1.797693134862e+308, 0.0000e+00, 0.0000e+00, 
 2DIAGNOSTIC,     7, -5.513181149733e-01, 1.797693134862e+308, 0.0000e+00, 0.0000e+00, 
 2DIAGNOSTIC,     8, -5.600392087976e-01, 1.797693134862e+308, 0.0000e+00, 0.0000e+00, 
 2DIAGNOSTIC,     9, -5.609992140558e-01, 1.797693134862e+308, 0.0000e+00, 0.0000e+00, 
 2DIAGNOSTIC,    10, -5.637811503396e-01, 4.227981473275e-03, 0.0000e+00, 0.0000e+00, 
 2DIAGNOSTIC,    11, -5.667689890748e-01, 3.897242072723e-03, 0.0000e+00, 0.0000e+00, 
 2DIAGNOSTIC,    12, -5.664472771608e-01, 3.327246023577e-03, 0.0000e+00, 0.0000e+00, 
 2DIAGNOSTIC,    13, -5.665570283425e-01, 2.698542502798e-03, 0.0000e+00, 0.0000e+00, 
 2DIAGNOSTIC,    14, -5.669975200562e-01, 2.054671226686e-03, 0.0000e+00, 0.0000e+00, 
 2DIAGNOSTIC,    15, -5.679131676463e-01, 1.423854949309e-03, 0.0000e+00, 0.0000e+00, 
 2DIAGNOSTIC,    16, -5.688103267737e-01, 9.578855406067e-04, 0.0000e+00, 0.0000e+00, 
 2DIAGNOSTIC,    17, -5.695129383449e-01, 5.838315948779e-04, 0.0000e+00, 0.0000e+00, 
 2DIAGNOSTIC,    18, -5.698233317288e-01, 4.568106778803e-04, 0.0000e+00, 0.0000e+00, 
 2DIAGNOSTIC,    19, -5.703804232661e-01, 3.408744571875e-04, 0.0000e+00, 0.0000e+00, 
 2DIAGNOSTIC,    20, -5.707726908238e-01, 2.834575549258e-04, 0.0000e+00, 0.0000e+00, 
 2DIAGNOSTIC,    21, -5.711545975065e-01, 2.870489337638e-04, 0.0000e+00, 0.0000e+00, 
 2DIAGNOSTIC,    22, -5.734540867052e-01, 3.094341930007e-04, 0.0000e+00, 0.0000e+00, 
 2DIAGNOSTIC,    23, -5.765329487464e-01, 3.702435620867e-04, 0.0000e+00, 0.0000e+00, 
 2DIAGNOSTIC,    24, -5.774627926781e-01, 4.187602050591e-04, 0.0000e+00, 0.0000e+00, 
 2DIAGNOSTIC,    25, -5.790146112806e-01, 4.746033141408e-04, 0.0000e+00, 0.0000e+00, 
 2DIAGNOSTIC,    26, -5.808438138865e-01, 5.344095638510e-04, 0.0000e+00, 0.0000e+00, 
 2DIAGNOSTIC,    27, -5.817392157650e-01, 5.681186127091e-04, 0.0000e+00, 0.0000e+00, 
 2DIAGNOSTIC,    28, -5.834293063405e-01, 5.810690056463e-04, 0.0000e+00, 0.0000e+00, 
 2DIAGNOSTIC,    29, -5.846225878261e-01, 5.685963645089e-04, 0.0000e+00, 0.0000e+00, 
 2DIAGNOSTIC,    30, -5.860361026007e-01, 5.341660801065e-04, 0.0000e+00, 0.0000e+00, 
 2DIAGNOSTIC,    31, -5.874352360730e-01, 4.796303865619e-04, 0.0000e+00, 0.0000e+00, 
 2DIAGNOSTIC,    32, -5.881626576079e-01, 4.294902243590e-04, 0.0000e+00, 0.0000e+00, 
 2DIAGNOSTIC,    33, -5.902325854372e-01, 4.201587091172e-04, 0.0000e+00, 0.0000e+00, 
 2DIAGNOSTIC,    34, -5.916350367181e-01, 4.049777506293e-04, 0.0000e+00, 0.0000e+00, 
 2DIAGNOSTIC,    35, -5.935093975922e-01, 4.005416704450e-04, 0.0000e+00, 0.0000e+00, 
 2DIAGNOSTIC,    36, -5.945985099472e-01, 3.985868913375e-04, 0.0000e+00, 0.0000e+00, 
 2DIAGNOSTIC,    37, -5.949398881950e-01, 3.753100674013e-04, 0.0000e+00, 0.0000e+00, 
 2DIAGNOSTIC,    38, -5.968972096149e-01, 3.654329674553e-04, 0.0000e+00, 0.0000e+00, 
 2DIAGNOSTIC,    39, -5.974343332794e-01, 3.423719166098e-04, 0.0000e+00, 0.0000e+00, 
 2DIAGNOSTIC,    40, -5.976250916473e-01, 3.076032127039e-04, 0.0000e+00, 0.0000e+00, 
 2DIAGNOSTIC,    41, -5.977458477511e-01, 2.641649177396e-04, 0.0000e+00, 0.0000e+00, 
 2DIAGNOSTIC,    42, -5.990809837542e-01, 2.218495642595e-04, 0.0000e+00, 0.0000e+00, 
 2DIAGNOSTIC,    43, -5.999780246010e-01, 1.938590543407e-04, 0.0000e+00, 0.0000e+00, 
 2DIAGNOSTIC,    44, -6.002514555368e-01, 1.669315305736e-04, 0.0000e+00, 0.0000e+00, 
 2DIAGNOSTIC,    45, -6.010054593474e-01, 1.545056128032e-04, 0.0000e+00, 0.0000e+00, 
 2DIAGNOSTIC,    46, -6.015896503392e-01, 1.460238404100e-04, 0.0000e+00, 0.0000e+00, 
 2DIAGNOSTIC,    47, -6.025320885995e-01, 1.366938956076e-04, 0.0000e+00, 0.0000e+00, 
 2DIAGNOSTIC,    48, -6.035596669392e-01, 1.449901053105e-04, 0.0000e+00, 0.0000e+00, 
 2DIAGNOSTIC,    49, -6.054285481885e-01, 1.632674495546e-04, 0.0000e+00, 0.0000e+00, 
 2DIAGNOSTIC,    50, -6.068511180761e-01, 1.809276322052e-04, 0.0000e+00, 0.0000e+00, 
 2DIAGNOSTIC,    51, -6.073914279078e-01, 1.865647798628e-04, 0.0000e+00, 0.0000e+00, 
 2DIAGNOSTIC,    52, -6.080945006573e-01, 1.933919361295e-04, 0.0000e+00, 0.0000e+00, 
 2DIAGNOSTIC,    53, -6.098340573831e-01, 2.057810823876e-04, 0.0000e+00, 0.0000e+00, 
 2DIAGNOSTIC,    54, -6.150775885646e-01, 2.473606808947e-04, 0.0000e+00, 0.0000e+00, 
 2DIAGNOSTIC,    55, -6.208924922135e-01, 3.208055717916e-04, 0.0000e+00, 0.0000e+00, 
 2DIAGNOSTIC,    56, -6.250405477520e-01, 4.012989478660e-04, 0.0000e+00, 0.0000e+00, 
 2DIAGNOSTIC,    57, -6.454125456126e-01, 6.226337254065e-04, 0.0000e+00, 0.0000e+00, 
 2DIAGNOSTIC,    58, -6.499347581553e-01, 8.179667561184e-04, 0.0000e+00, 0.0000e+00, 
 2DIAGNOSTIC,    59, -6.631636992226e-01, 1.051739423802e-03, 0.0000e+00, 0.0000e+00, 
 2DIAGNOSTIC,    60, -6.645192632057e-01, 1.197368563183e-03, 0.0000e+00, 0.0000e+00, 
 2DIAGNOSTIC,    61, -6.678850499068e-01, 1.254427838695e-03, 0.0000e+00, 0.0000e+00, 
 2DIAGNOSTIC,    62, -6.688252527152e-01, 1.200720088399e-03, 0.0000e+00, 0.0000e+00, 
 2DIAGNOSTIC,    63, -6.688314388558e-01, 1.045623671843e-03, 0.0000e+00, 0.0000e+00, 
 2DIAGNOSTIC,    64, -6.693484253071e-01, 8.390727103886e-04, 0.0000e+00, 0.0000e+00, 
 2DIAGNOSTIC,    65, -6.698503671891e-01, 6.065201157182e-04, 0.0000e+00, 0.0000e+00, 
 2DIAGNOSTIC,    66, -6.700840520856e-01, 3.525963804101e-04, 0.0000e+00, 0.0000e+00, 
 2DIAGNOSTIC,    67, -6.704247250969e-01, 2.211502535932e-04, 0.0000e+00, 0.0000e+00, 
 2DIAGNOSTIC,    68, -6.719791259044e-01, 1.132136238441e-04, 0.0000e+00, 0.0000e+00, 
 2DIAGNOSTIC,    69, -6.732668218361e-01, 9.780395208771e-05, 0.0000e+00, 0.0000e+00, 
 2DIAGNOSTIC,    70, -6.737879256501e-01, 8.551377357373e-05, 0.0000e+00, 0.0000e+00, 
 2DIAGNOSTIC,    71, -6.742647852329e-01, 9.107894776646e-05, 0.0000e+00, 0.0000e+00, 
 2DIAGNOSTIC,    72, -6.755405243898e-01, 1.024065125389e-04, 0.0000e+00, 0.0000e+00, 
 2DIAGNOSTIC,    73, -6.784217355240e-01, 1.218558028587e-04, 0.0000e+00, 0.0000e+00, 
 2DIAGNOSTIC,    74, -6.790258749920e-01, 1.355587138283e-04, 0.0000e+00, 0.0000e+00, 
 2DIAGNOSTIC,    75, -6.811263576630e-01, 1.524443919234e-04, 0.0000e+00, 0.0000e+00, 
 2DIAGNOSTIC,    76, -6.827246423273e-01, 1.655612787427e-04, 0.0000e+00, 0.0000e+00, 
 2DIAGNOSTIC,    77, -6.831186091633e-01, 1.664577017033e-04, 0.0000e+00, 0.0000e+00, 
 2DIAGNOSTIC,    78, -6.836371328772e-01, 1.635497793841e-04, 0.0000e+00, 0.0000e+00, 
 2DIAGNOSTIC,    79, -6.837309418574e-01, 1.531655583785e-04, 0.0000e+00, 0.0000e+00, 
 2DIAGNOSTIC,    80, -6.837880986561e-01, 1.318057728834e-04, 0.0000e+00, 0.0000e+00, 
 2DIAGNOSTIC,    81, -6.838225124575e-01, 1.011905195792e-04, 0.0000e+00, 0.0000e+00, 
 2DIAGNOSTIC,    82, -6.840139584572e-01, 6.970796634915e-05, 0.0000e+00, 0.0000e+00, 
 2DIAGNOSTIC,    83, -6.839327980823e-01, 4.817399892710e-05, 0.0000e+00, 0.0000e+00, 
 2DIAGNOSTIC,    84, -6.839628746324e-01, 2.592496114666e-05, 0.0000e+00, 0.0000e+00, 
 2DIAGNOSTIC,    85, -6.839757930750e-01, 1.314079373920e-05, 0.0000e+00, 0.0000e+00, 
 2DIAGNOSTIC,    86, -6.840851873888e-01, 8.614185487848e-06, 0.0000e+00, 0.0000e+00, 
 2DIAGNOSTIC,    87, -6.841055524770e-01, 5.514813173220e-06, 0.0000e+00, 0.0000e+00, 
 2DIAGNOSTIC,    88, -6.841149472775e-01, 4.769539506700e-06, 0.0000e+00, 0.0000e+00, 
 2DIAGNOSTIC,    89, -6.841327823164e-01, 4.216773672830e-06, 0.0000e+00, 0.0000e+00, 
 2DIAGNOSTIC,    90, -6.841498981006e-01, 3.684288021475e-06, 0.0000e+00, 0.0000e+00, 
 2DIAGNOSTIC,    91, -6.841536839519e-01, 2.998786842729e-06, 0.0000e+00, 0.0000e+00, 
 2DIAGNOSTIC,    92, -6.841565557041e-01, 3.059987393743e-06, 0.0000e+00, 0.0000e+00, 
 2DIAGNOSTIC,    93, -6.841565726128e-01, 2.465513889162e-06, 0.0000e+00, 0.0000e+00, 
 2DIAGNOSTIC,    94, -6.841671360643e-01, 1.886000248528e-06, 0.0000e+00, 0.0000e+00, 
 2DIAGNOSTIC,    95, -6.841717610148e-01, 1.241934289966e-06, 0.0000e+00, 0.0000e+00, 
 2DIAGNOSTIC,    96, -6.841732113310e-01, 1.054671630205e-06, 0.0000e+00, 0.0000e+00, 
DIAGNOSTIC,Iteration,metricValue,convergenceValue,ITERATION_TIME_INDEX,SINCE_LAST
 2DIAGNOSTIC,     1, -5.562807763644e-01, 1.797693134862e+308, 0.0000e+00, 0.0000e+00, 
 2DIAGNOSTIC,     2, -5.570136385302e-01, 1.797693134862e+308, 0.0000e+00, 0.0000e+00, 
 2DIAGNOSTIC,     3, -5.576943586114e-01, 1.797693134862e+308, 0.0000e+00, 0.0000e+00, 
 2DIAGNOSTIC,     4, -5.584080288970e-01, 1.797693134862e+308, 0.0000e+00, 0.0000e+00, 
 2DIAGNOSTIC,     5, -5.591186211730e-01, 1.797693134862e+308, 0.0000e+00, 0.0000e+00, 
 2DIAGNOSTIC,     6, -5.600521679439e-01, 1.797693134862e+308, 0.0000e+00, 0.0000e+00, 
 2DIAGNOSTIC,     7, -5.606552191104e-01, 1.797693134862e+308, 0.0000e+00, 0.0000e+00, 
 2DIAGNOSTIC,     8, -5.626300980906e-01, 1.797693134862e+308, 0.0000e+00, 0.0000e+00, 
 2DIAGNOSTIC,     9, -5.644342774616e-01, 1.797693134862e+308, 0.0000e+00, 0.0000e+00, 
 2DIAGNOSTIC,    10, -5.653790182457e-01, 1.030577298243e-03, 0.0000e+00, 0.0000e+00, 
 2DIAGNOSTIC,    11, -5.658196839041e-01, 9.931645454678e-04, 0.0000e+00, 0.0000e+00, 
 2DIAGNOSTIC,    12, -5.658666420803e-01, 9.065527690061e-04, 0.0000e+00, 0.0000e+00, 
 2DIAGNOSTIC,    13, -5.659372809391e-01, 7.802920368665e-04, 0.0000e+00, 0.0000e+00, 
 2DIAGNOSTIC,    14, -5.660679065284e-01, 6.308263181195e-04, 0.0000e+00, 0.0000e+00, 
 2DIAGNOSTIC,    15, -5.661293019816e-01, 4.696310925094e-04, 0.0000e+00, 0.0000e+00, 
 2DIAGNOSTIC,    16, -5.661466898486e-01, 3.167194765693e-04, 0.0000e+00, 0.0000e+00, 
 2DIAGNOSTIC,    17, -5.661721819751e-01, 1.710384758985e-04, 0.0000e+00, 0.0000e+00, 
 2DIAGNOSTIC,    18, -5.661913394200e-01, 8.099634629743e-05, 0.0000e+00, 0.0000e+00, 
 2DIAGNOSTIC,    19, -5.661840778863e-01, 4.026502327347e-05, 0.0000e+00, 0.0000e+00, 
 2DIAGNOSTIC,    20, -5.661936640758e-01, 2.383310313201e-05, 0.0000e+00, 0.0000e+00, 
 2DIAGNOSTIC,    21, -5.661941013544e-01, 1.752496538796e-05, 0.0000e+00, 0.0000e+00, 
 2DIAGNOSTIC,    22, -5.661939434352e-01, 1.137139355224e-05, 0.0000e+00, 0.0000e+00, 
 2DIAGNOSTIC,    23, -5.661930792803e-01, 6.292719718450e-06, 0.0000e+00, 0.0000e+00, 
 2DIAGNOSTIC,    24, -5.661929785732e-01, 3.898787973668e-06, 0.0000e+00, 0.0000e+00, 
 2DIAGNOSTIC,    25, -5.661933134131e-01, 2.700221534244e-06, 0.0000e+00, 0.0000e+00, 
 2DIAGNOSTIC,    26, -5.661933160486e-01, 1.784039985860e-06, 0.0000e+00, 0.0000e+00, 
 2DIAGNOSTIC,    27, -5.661927777043e-01, 1.340344620473e-06, 0.0000e+00, 0.0000e+00, 
 2DIAGNOSTIC,    28, -5.661927211496e-01, 1.263709902236e-06, 0.0000e+00, 0.0000e+00, 
 2DIAGNOSTIC,    29, -5.661926196591e-01, 1.047795418471e-06, 0.0000e+00, 0.0000e+00, 
 2DIAGNOSTIC,    30, -5.661928091350e-01, 1.014580751330e-06, 0.0000e+00, 0.0000e+00, 
DIAGNOSTIC,Iteration,metricValue,convergenceValue,ITERATION_TIME_INDEX,SINCE_LAST
 2DIAGNOSTIC,     1, -5.039587257626e-01, 1.797693134862e+308, 0.0000e+00, 0.0000e+00, 
 2DIAGNOSTIC,     2, -5.042052775958e-01, 1.797693134862e+308, 0.0000e+00, 0.0000e+00, 
 2DIAGNOSTIC,     3, -5.043477259621e-01, 1.797693134862e+308, 0.0000e+00, 0.0000e+00, 
 2DIAGNOSTIC,     4, -5.044204921961e-01, 1.797693134862e+308, 0.0000e+00, 0.0000e+00, 
 2DIAGNOSTIC,     5, -5.044652166808e-01, 1.797693134862e+308, 0.0000e+00, 0.0000e+00, 
 2DIAGNOSTIC,     6, -5.045307895620e-01, 1.797693134862e+308, 0.0000e+00, 0.0000e+00, 
 2DIAGNOSTIC,     7, -5.046175805165e-01, 1.797693134862e+308, 0.0000e+00, 0.0000e+00, 
 2DIAGNOSTIC,     8, -5.046223323017e-01, 1.797693134862e+308, 0.0000e+00, 0.0000e+00, 
 2DIAGNOSTIC,     9, -5.046231586078e-01, 1.797693134862e+308, 0.0000e+00, 0.0000e+00, 
 2DIAGNOSTIC,    10, -5.046327634120e-01, 7.837454566390e-05, 0.0000e+00, 0.0000e+00, 
 2DIAGNOSTIC,    11, -5.046320273370e-01, 4.927500622270e-05, 0.0000e+00, 0.0000e+00, 
 2DIAGNOSTIC,    12, -5.046397277548e-01, 3.261377310045e-05, 0.0000e+00, 0.0000e+00, 
 2DIAGNOSTIC,    13, -5.046435134798e-01, 2.210626416739e-05, 0.0000e+00, 0.0000e+00, 
 2DIAGNOSTIC,    14, -5.046457317293e-01, 1.436482229848e-05, 0.0000e+00, 0.0000e+00, 
 2DIAGNOSTIC,    15, -5.046450363216e-01, 8.174509316949e-06, 0.0000e+00, 0.0000e+00, 
 2DIAGNOSTIC,    16, -5.046422886832e-01, 4.331381422529e-06, 0.0000e+00, 0.0000e+00, 
 2DIAGNOSTIC,    17, -5.046374263256e-01, 3.439050353084e-06, 0.0000e+00, 0.0000e+00, 
 2DIAGNOSTIC,    18, -5.046355354533e-01, 2.592488968355e-06, 0.0000e+00, 0.0000e+00, 
 2DIAGNOSTIC,    19, -5.046356690322e-01, 1.779040975793e-06, 0.0000e+00, 0.0000e+00, 
 2DIAGNOSTIC,    20, -5.046352613830e-01, 1.298244502346e-06, 0.0000e+00, 0.0000e+00, 
DIAGNOSTIC,Iteration,metricValue,convergenceValue,ITERATION_TIME_INDEX,SINCE_LAST
 2DIAGNOSTIC,     1, -4.673584249056e-01, 1.797693134862e+308, 0.0000e+00, 0.0000e+00, 
 2DIAGNOSTIC,     2, -4.674172716545e-01, 1.797693134862e+308, 0.0000e+00, 0.0000e+00, 
 2DIAGNOSTIC,     3, -4.674174974883e-01, 1.797693134862e+308, 0.0000e+00, 0.0000e+00, 
 2DIAGNOSTIC,     4, -4.674172073485e-01, 1.797693134862e+308, 0.0000e+00, 0.0000e+00, 
 2DIAGNOSTIC,     5, -4.674175026872e-01, 1.797693134862e+308, 0.0000e+00, 0.0000e+00, 
 2DIAGNOSTIC,     6, -4.674173025643e-01, 1.797693134862e+308, 0.0000e+00, 0.0000e+00, 
 2DIAGNOSTIC,     7, -4.674172835524e-01, 1.797693134862e+308, 0.0000e+00, 0.0000e+00, 
 2DIAGNOSTIC,     8, -4.674172907945e-01, 1.797693134862e+308, 0.0000e+00, 0.0000e+00, 
 2DIAGNOSTIC,     9, -4.674172662475e-01, 1.797693134862e+308, 0.0000e+00, 0.0000e+00, 
 2DIAGNOSTIC,    10, -4.674172663603e-01, 6.741886871470e-06, 0.0000e+00, 0.0000e+00, 
 2DIAGNOSTIC,    11, -4.674172612403e-01, 2.869438193775e-06, 0.0000e+00, 0.0000e+00, 
 2DIAGNOSTIC,    12, -4.674172672374e-01, 2.625657386832e-06, 0.0000e+00, 0.0000e+00, 
 2DIAGNOSTIC,    13, -4.674172386708e-01, 2.430672248310e-06, 0.0000e+00, 0.0000e+00, 
 2DIAGNOSTIC,    14, -4.674171272518e-01, 2.246582950657e-06, 0.0000e+00, 0.0000e+00, 
 2DIAGNOSTIC,    15, -4.674171311347e-01, 2.101330234566e-06, 0.0000e+00, 0.0000e+00, 
 2DIAGNOSTIC,    16, -4.674171350007e-01, 1.967996435828e-06, 0.0000e+00, 0.0000e+00, 
 2DIAGNOSTIC,    17, -4.674171424166e-01, 1.851240944227e-06, 0.0000e+00, 0.0000e+00, 
 2DIAGNOSTIC,    18, -4.674171456149e-01, 1.749263398763e-06, 0.0000e+00, 0.0000e+00, 
 2DIAGNOSTIC,    19, -4.674171444310e-01, 1.658513577620e-06, 0.0000e+00, 0.0000e+00, 
 2DIAGNOSTIC,    20, -4.674171266814e-01, 1.577376907029e-06, 0.0000e+00, 0.0000e+00, 
 2DIAGNOSTIC,    21, -4.674171074915e-01, 1.504056972676e-06, 0.0000e+00, 0.0000e+00, 
 2DIAGNOSTIC,    22, -4.674171710106e-01, 1.439957685395e-06, 0.0000e+00, 0.0000e+00, 
 2DIAGNOSTIC,    23, -4.674171734327e-01, 1.380979609431e-06, 0.0000e+00, 0.0000e+00, 
 2DIAGNOSTIC,    24, -4.674171728195e-01, 1.323956851013e-06, 0.0000e+00, 0.0000e+00, 
 2DIAGNOSTIC,    25, -4.674171728195e-01, 1.271449086591e-06, 0.0000e+00, 0.0000e+00, 
 2DIAGNOSTIC,    26, -4.674171723620e-01, 1.222846801839e-06, 0.0000e+00, 0.0000e+00, 
 2DIAGNOSTIC,    27, -4.674171723620e-01, 1.177746753976e-06, 0.0000e+00, 0.0000e+00, 
 2DIAGNOSTIC,    28, -4.674171723620e-01, 1.135677678517e-06, 0.0000e+00, 0.0000e+00, 
 2DIAGNOSTIC,    29, -4.674171627041e-01, 1.096075953375e-06, 0.0000e+00, 0.0000e+00, 
 2DIAGNOSTIC,    30, -4.674171627041e-01, 1.058603110352e-06, 0.0000e+00, 0.0000e+00, 
 2DIAGNOSTIC,    31, -4.674171625523e-01, 1.023041003370e-06, 0.0000e+00, 0.0000e+00, 
  Elapsed time (stage 0): 0.0000e+00


Total elapsed time: 0.0000e+00
Info [verificarlo]: loaded backend libinterflop_vprec.so
Info [interflop-vprec]: load backend with: 
Info [interflop-vprec]: precision-binary32 = 19
Info [interflop-vprec]: range-binary32 = 7
Info [interflop-vprec]: precision-binary64 = 19
Info [interflop-vprec]: range-binary64 = 7
Info [interflop-vprec]: mode = ob
Info [interflop-vprec]: error-mode = rel
Info [interflop-vprec]: max-abs-error-exponent = -1022
Info [interflop-vprec]: daz = false
Info [interflop-vprec]: ftz = false
Info [interflop-vprec]: 	instrument = none
Info [interflop-vprec]: 	prec-input-file = (null)
Info [interflop-vprec]: 	prec-output-file = (null)
Info [interflop-vprec]: 	prec-log-file = (null)
All_Command_lines_OK
Using double precision for computations.
=============================================================================
The composite transform comprises the following transforms (in order): 
  1. /home/mdugre/scratch/mri-registration-rp/datasets/ds004513/derivatives/mri-registration-rp/1111/antsRegistration-r7-p19/sub-s035/rigid_Composite.h5[0] (type = Euler3DTransform)
  2. /home/mdugre/scratch/mri-registration-rp/datasets/ds004513/derivatives/mri-registration-rp/1111/antsRegistration-r7-p19/sub-s035/rigid_Composite.h5[1] (type = Euler3DTransform)
  3. /home/mdugre/scratch/mri-registration-rp/datasets/ds004513/derivatives/mri-registration-rp/1111/antsRegistration-r7-p19/sub-s035/rigid_Composite.h5[2] (type = Euler3DTransform)
=============================================================================
  number of levels = 4
  fixed image: /templateflow/tpl-MNI152NLin2009cAsym/tpl-MNI152NLin2009cAsym_res-01_desc-brain_T1w.nii.gz
  moving image: /home/mdugre/scratch/mri-registration-rp/datasets/ds004513/derivatives/mri-registration-rp/antsBrainExtraction/sub-s035/BrainExtractionBrain.nii.gz
Dimension = 3
Number of stages = 1
Use histogram matching = false
Winsorize image intensities = true
  Lower quantile = 0.005
  Upper quantile = 0.995


Stage 1 State
   Image metric = MattesMI
     Fixed image = Image (0x445f490)
  RTTI typeinfo:   itk::Image<double, 3u>
  Reference Count: 2
  Modified Time: 1592
  Debug: Off
  Object Name: 
  Observers: 
    none
  Source: (none)
  Source output name: (none)
  Release Data: Off
  Data Released: False
  Global Release Data: Off
  PipelineMTime: 0
  UpdateMTime: 1203
  RealTimeStamp: 0 seconds 
  LargestPossibleRegion: 
    Dimension: 3
    Index: [0, 0, 0]
    Size: [193, 229, 193]
  BufferedRegion: 
    Dimension: 3
    Index: [0, 0, 0]
    Size: [193, 229, 193]
  RequestedRegion: 
    Dimension: 3
    Index: [0, 0, 0]
    Size: [193, 229, 193]
  Spacing: [1, 1, 1]
  Origin: [96, 132, -78]
  Direction: 
-1 0 0
0 -1 0
0 0 1

  IndexToPointMatrix: 
-1 0 0
0 -1 0
0 0 1

  PointToIndexMatrix: 
-1 0 0
0 -1 0
0 0 1

  Inverse Direction: 
-1 0 0
0 -1 0
0 0 1

  PixelContainer: 
    ImportImageContainer (0x446b2a0)
      RTTI typeinfo:   itk::ImportImageContainer<unsigned long, double>
      Reference Count: 1
      Modified Time: 1200
      Debug: Off
      Object Name: 
      Observers: 
        none
      Pointer: 0x14f04d0e8010
      Container manages memory: true
      Size: 8530021
      Capacity: 8530021

     Moving image = Image (0x451ad20)
  RTTI typeinfo:   itk::Image<double, 3u>
  Reference Count: 2
  Modified Time: 1593
  Debug: Off
  Object Name: 
  Observers: 
    none
  Source: (none)
  Source output name: (none)
  Release Data: Off
  Data Released: False
  Global Release Data: Off
  PipelineMTime: 0
  UpdateMTime: 1590
  RealTimeStamp: 0 seconds 
  LargestPossibleRegion: 
    Dimension: 3
    Index: [0, 0, 0]
    Size: [160, 240, 256]
  BufferedRegion: 
    Dimension: 3
    Index: [0, 0, 0]
    Size: [160, 240, 256]
  RequestedRegion: 
    Dimension: 3
    Index: [0, 0, 0]
    Size: [160, 240, 256]
  Spacing: [1, 1, 1]
  Origin: [98.6438, 87.6359, -117.989]
  Direction: 
-0.993515 -0.100993 -0.0522355
0.100854 -0.994887 0.00530255
-0.0525039 1.93537e-08 0.998621

  IndexToPointMatrix: 
-0.993515 -0.100993 -0.0522355
0.100854 -0.994887 0.00530255
-0.0525039 1.93537e-08 0.998621

  PointToIndexMatrix: 
-0.993515 0.100854 -0.0525039
-0.100993 -0.994887 -2.00048e-06
-0.0522356 0.00530149 0.998621

  Inverse Direction: 
-0.993515 0.100854 -0.0525039
-0.100993 -0.994887 -2.00048e-06
-0.0522356 0.00530149 0.998621

  PixelContainer: 
    ImportImageContainer (0x4590650)
      RTTI typeinfo:   itk::ImportImageContainer<unsigned long, double>
      Reference Count: 1
      Modified Time: 1587
      Debug: Off
      Object Name: 
      Observers: 
        none
      Pointer: 0x14f0485e7010
      Container manages memory: true
      Size: 9830400
      Capacity: 9830400

     Weighting = 1
     Sampling strategy = regular
     Number of bins = 32
     Radius = 4
     Sampling percentage  = 0.25
   Transform = Affine
     Gradient step = 0.1
     Update field sigma (voxel space) = 0
     Total field sigma (voxel space) = 0
     Update field time sigma = 0
     Total field time sigma  = 0
     Number of time indices = 0
     Number of time point samples = 0
Registration using 1 total stages.

Stage 0
  iterations = 1000x500x250x100
  convergence threshold = 1e-06
  convergence window size = 10
  number of levels = 4
  using the Mattes MI metric (number of bins = 32, weight = 1, use gradient filter = 0)
  preprocessing:  winsorizing the image intensities
  Shrink factors (level 1 out of 4): [8, 8, 8]
  Shrink factors (level 2 out of 4): [4, 4, 4]
  Shrink factors (level 3 out of 4): [2, 2, 2]
  Shrink factors (level 4 out of 4): [1, 1, 1]
  smoothing sigmas per level: [3, 2, 1, 0]
  regular sampling (percentage = 0.25)

*** Running AffineTransform registration ***

DIAGNOSTIC,Iteration,metricValue,convergenceValue,ITERATION_TIME_INDEX,SINCE_LAST
 2DIAGNOSTIC,     1, -6.761804390215e-01, 1.797693134862e+308, 0.0000e+00, 0.0000e+00, 
 2DIAGNOSTIC,     2, -6.784926218817e-01, 1.797693134862e+308, 0.0000e+00, 0.0000e+00, 
 2DIAGNOSTIC,     3, -6.826732271048e-01, 1.797693134862e+308, 0.0000e+00, 0.0000e+00, 
 2DIAGNOSTIC,     4, -6.898367628636e-01, 1.797693134862e+308, 0.0000e+00, 0.0000e+00, 
 2DIAGNOSTIC,     5, -7.004639228999e-01, 1.797693134862e+308, 0.0000e+00, 0.0000e+00, 
 2DIAGNOSTIC,     6, -7.131005802767e-01, 1.797693134862e+308, 0.0000e+00, 0.0000e+00, 
 2DIAGNOSTIC,     7, -7.345020422911e-01, 1.797693134862e+308, 0.0000e+00, 0.0000e+00, 
 2DIAGNOSTIC,     8, -7.374113712019e-01, 1.797693134862e+308, 0.0000e+00, 0.0000e+00, 
 2DIAGNOSTIC,     9, -7.389960727952e-01, 1.797693134862e+308, 0.0000e+00, 0.0000e+00, 
 2DIAGNOSTIC,    10, -7.402851812093e-01, 7.149867639043e-03, 0.0000e+00, 0.0000e+00, 
 2DIAGNOSTIC,    11, -7.409724762728e-01, 6.102662648618e-03, 0.0000e+00, 0.0000e+00, 
 2DIAGNOSTIC,    12, -7.411898092126e-01, 4.766563975587e-03, 0.0000e+00, 0.0000e+00, 
 2DIAGNOSTIC,    13, -7.431988512736e-01, 3.402794519477e-03, 0.0000e+00, 0.0000e+00, 
 2DIAGNOSTIC,    14, -7.441093598352e-01, 2.163506252032e-03, 0.0000e+00, 0.0000e+00, 
 2DIAGNOSTIC,    15, -7.445765492617e-01, 1.187571418562e-03, 0.0000e+00, 0.0000e+00, 
 2DIAGNOSTIC,    16, -7.447744833173e-01, 5.314980291284e-04, 0.0000e+00, 0.0000e+00, 
 2DIAGNOSTIC,    17, -7.442914363635e-01, 3.888184649203e-04, 0.0000e+00, 0.0000e+00, 
 2DIAGNOSTIC,    18, -7.443224937514e-01, 2.901125791368e-04, 0.0000e+00, 0.0000e+00, 
 2DIAGNOSTIC,    19, -7.442654203975e-01, 2.057902761872e-04, 0.0000e+00, 0.0000e+00, 
 2DIAGNOSTIC,    20, -7.440839473590e-01, 1.327952655988e-04, 0.0000e+00, 0.0000e+00, 
 2DIAGNOSTIC,    21, -7.441049859824e-01, 6.853356232460e-05, 0.0000e+00, 0.0000e+00, 
 2DIAGNOSTIC,    22, -7.440356067872e-01, 5.991562513449e-06, 0.0000e+00, 0.0000e+00, 
DIAGNOSTIC,Iteration,metricValue,convergenceValue,ITERATION_TIME_INDEX,SINCE_LAST
 2DIAGNOSTIC,     1, -6.100284989830e-01, 1.797693134862e+308, 0.0000e+00, 0.0000e+00, 
 2DIAGNOSTIC,     2, -6.104496532684e-01, 1.797693134862e+308, 0.0000e+00, 0.0000e+00, 
 2DIAGNOSTIC,     3, -6.111447980281e-01, 1.797693134862e+308, 0.0000e+00, 0.0000e+00, 
 2DIAGNOSTIC,     4, -6.120777739440e-01, 1.797693134862e+308, 0.0000e+00, 0.0000e+00, 
 2DIAGNOSTIC,     5, -6.127770291980e-01, 1.797693134862e+308, 0.0000e+00, 0.0000e+00, 
 2DIAGNOSTIC,     6, -6.128969496332e-01, 1.797693134862e+308, 0.0000e+00, 0.0000e+00, 
 2DIAGNOSTIC,     7, -6.128865718431e-01, 1.797693134862e+308, 0.0000e+00, 0.0000e+00, 
 2DIAGNOSTIC,     8, -6.128974962454e-01, 1.797693134862e+308, 0.0000e+00, 0.0000e+00, 
 2DIAGNOSTIC,     9, -6.128920257047e-01, 1.797693134862e+308, 0.0000e+00, 0.0000e+00, 
 2DIAGNOSTIC,    10, -6.128851509105e-01, 3.104797215983e-04, 0.0000e+00, 0.0000e+00, 
 2DIAGNOSTIC,    11, -6.128807308543e-01, 1.960937888370e-04, 0.0000e+00, 0.0000e+00, 
 2DIAGNOSTIC,    12, -6.128670780416e-01, 9.932641114679e-05, 0.0000e+00, 0.0000e+00, 
 2DIAGNOSTIC,    13, -6.128626896742e-01, 3.281599743962e-05, 0.0000e+00, 0.0000e+00, 
 2DIAGNOSTIC,    14, -6.128570794890e-01, 3.179325198874e-06, 0.0000e+00, 0.0000e+00, 
DIAGNOSTIC,Iteration,metricValue,convergenceValue,ITERATION_TIME_INDEX,SINCE_LAST
 2DIAGNOSTIC,     1, -5.360852352152e-01, 1.797693134862e+308, 0.0000e+00, 0.0000e+00, 
 2DIAGNOSTIC,     2, -5.363355849670e-01, 1.797693134862e+308, 0.0000e+00, 0.0000e+00, 
 2DIAGNOSTIC,     3, -5.365419975217e-01, 1.797693134862e+308, 0.0000e+00, 0.0000e+00, 
 2DIAGNOSTIC,     4, -5.366256574286e-01, 1.797693134862e+308, 0.0000e+00, 0.0000e+00, 
 2DIAGNOSTIC,     5, -5.366167455626e-01, 1.797693134862e+308, 0.0000e+00, 0.0000e+00, 
 2DIAGNOSTIC,     6, -5.366169108718e-01, 1.797693134862e+308, 0.0000e+00, 0.0000e+00, 
 2DIAGNOSTIC,     7, -5.366154343431e-01, 1.797693134862e+308, 0.0000e+00, 0.0000e+00, 
 2DIAGNOSTIC,     8, -5.366156729304e-01, 1.797693134862e+308, 0.0000e+00, 0.0000e+00, 
 2DIAGNOSTIC,     9, -5.366151110440e-01, 1.797693134862e+308, 0.0000e+00, 0.0000e+00, 
 2DIAGNOSTIC,    10, -5.366154037011e-01, 4.668131653052e-05, 0.0000e+00, 0.0000e+00, 
 2DIAGNOSTIC,    11, -5.366156120080e-01, 1.906507486572e-05, 0.0000e+00, 0.0000e+00, 
 2DIAGNOSTIC,    12, -5.366146107737e-01, 5.385520995715e-06, 0.0000e+00, 0.0000e+00, 
 2DIAGNOSTIC,    13, -5.366150347633e-01, 1.890678457031e-06, 0.0000e+00, 0.0000e+00, 
 2DIAGNOSTIC,    14, -5.366137611600e-01, 2.070602688420e-06, 0.0000e+00, 0.0000e+00, 
 2DIAGNOSTIC,    15, -5.366147043774e-01, 1.963138811512e-06, 0.0000e+00, 0.0000e+00, 
 2DIAGNOSTIC,    16, -5.366138272556e-01, 1.859513494420e-06, 0.0000e+00, 0.0000e+00, 
 2DIAGNOSTIC,    17, -5.366123111488e-01, 1.686897922862e-06, 0.0000e+00, 0.0000e+00, 
 2DIAGNOSTIC,    18, -5.366119142058e-01, 1.547543169410e-06, 0.0000e+00, 0.0000e+00, 
 2DIAGNOSTIC,    19, -5.366109774069e-01, 1.400280492746e-06, 0.0000e+00, 0.0000e+00, 
 2DIAGNOSTIC,    20, -5.366098122730e-01, 1.269140015719e-06, 0.0000e+00, 0.0000e+00, 
 2DIAGNOSTIC,    21, -5.366108767882e-01, 1.213315049091e-06, 0.0000e+00, 0.0000e+00, 
 2DIAGNOSTIC,    22, -5.366141387259e-01, 1.243788840269e-06, 0.0000e+00, 0.0000e+00, 
 2DIAGNOSTIC,    23, -5.366143741879e-01, 1.304226787326e-06, 0.0000e+00, 0.0000e+00, 
 2DIAGNOSTIC,    24, -5.366112222281e-01, 1.269232773486e-06, 0.0000e+00, 0.0000e+00, 
 2DIAGNOSTIC,    25, -5.366119052333e-01, 1.279971436639e-06, 0.0000e+00, 0.0000e+00, 
 2DIAGNOSTIC,    26, -5.366100869190e-01, 1.232823908848e-06, 0.0000e+00, 0.0000e+00, 
 2DIAGNOSTIC,    27, -5.366091943247e-01, 1.139377834705e-06, 0.0000e+00, 0.0000e+00, 
 2DIAGNOSTIC,    28, -5.366093512195e-01, 1.052214820961e-06, 0.0000e+00, 0.0000e+00, 
DIAGNOSTIC,Iteration,metricValue,convergenceValue,ITERATION_TIME_INDEX,SINCE_LAST
 2DIAGNOSTIC,     1, -4.919303979534e-01, 1.797693134862e+308, 0.0000e+00, 0.0000e+00, 
 2DIAGNOSTIC,     2, -4.921515880265e-01, 1.797693134862e+308, 0.0000e+00, 0.0000e+00, 
 2DIAGNOSTIC,     3, -4.923667596061e-01, 1.797693134862e+308, 0.0000e+00, 0.0000e+00, 
 2DIAGNOSTIC,     4, -4.924438120194e-01, 1.797693134862e+308, 0.0000e+00, 0.0000e+00, 
 2DIAGNOSTIC,     5, -4.924440731501e-01, 1.797693134862e+308, 0.0000e+00, 0.0000e+00, 
 2DIAGNOSTIC,     6, -4.924441798752e-01, 1.797693134862e+308, 0.0000e+00, 0.0000e+00, 
 2DIAGNOSTIC,     7, -4.924436304137e-01, 1.797693134862e+308, 0.0000e+00, 0.0000e+00, 
 2DIAGNOSTIC,     8, -4.924437168809e-01, 1.797693134862e+308, 0.0000e+00, 0.0000e+00, 
