
##########################
# Experiment information #
##########################

EXPERIMENT_NAME: antsRegistration-r8-p20
VFC_BACKENDS: libinterflop_vprec.so --range-binary32=8 --precision-binary32=20 --range-binary64=8 --precision-binary64=20

SIF_IMG: /home/mdugre/projects/rrg-glatard/mdugre/containers/ants-vprec-no_metrics.simg

SUBJECT_ID: s035
INPUT_IMG: /home/mdugre/scratch/mri-registration-rp/datasets/ds004513/derivatives/mri-registration-rp/antsBrainExtraction/sub-s035/BrainExtractionBrain.nii.gz
OUTPUT_DIR: /home/mdugre/scratch/mri-registration-rp/datasets/ds004513/derivatives/mri-registration-rp/1111/antsRegistration-r8-p20/sub-s035

FIXED_IMG: /templateflow/tpl-MNI152NLin2009cAsym/tpl-MNI152NLin2009cAsym_res-01_desc-brain_T1w.nii.gz
DATA_DIR: /home/mdugre/scratch/mri-registration-rp/datasets/ds004513
TEMPLATEFLOW_DIR: /home/mdugre/projects/rrg-glatard/mdugre/templateflow
ITK_GLOBAL_DEFAULT_NUMBER_OF_THREADS: 16
##########################

Info [verificarlo]: loaded backend libinterflop_vprec.so
Info [interflop-vprec]: load backend with: 
Info [interflop-vprec]: precision-binary32 = 20
Info [interflop-vprec]: range-binary32 = 8
Info [interflop-vprec]: precision-binary64 = 20
Info [interflop-vprec]: range-binary64 = 8
Info [interflop-vprec]: mode = ob
Info [interflop-vprec]: error-mode = rel
Info [interflop-vprec]: max-abs-error-exponent = -1022
Info [interflop-vprec]: daz = false
Info [interflop-vprec]: ftz = false
Info [interflop-vprec]: 	instrument = none
Info [interflop-vprec]: 	prec-input-file = (null)
Info [interflop-vprec]: 	prec-output-file = (null)
Info [interflop-vprec]: 	prec-log-file = (null)
All_Command_lines_OK
Using double precision for computations.
=============================================================================
The composite transform comprises the following transforms (in order): 
  1. Center of mass alignment using fixed image: /templateflow/tpl-MNI152NLin2009cAsym/tpl-MNI152NLin2009cAsym_res-01_desc-brain_T1w.nii.gz and moving image: /home/mdugre/scratch/mri-registration-rp/datasets/ds004513/derivatives/mri-registration-rp/antsBrainExtraction/sub-s035/BrainExtractionBrain.nii.gz (type = Euler3DTransform)
=============================================================================
  number of levels = 1
  fixed image: /templateflow/tpl-MNI152NLin2009cAsym/tpl-MNI152NLin2009cAsym_res-01_desc-brain_T1w.nii.gz
  moving image: /home/mdugre/scratch/mri-registration-rp/datasets/ds004513/derivatives/mri-registration-rp/antsBrainExtraction/sub-s035/BrainExtractionBrain.nii.gz
Dimension = 3
Number of stages = 1
Use histogram matching = false
Winsorize image intensities = true
  Lower quantile = 0.005
  Upper quantile = 0.995


Stage 1 State
   Image metric = MattesMI
     Fixed image = Image (0x49d6b20)
  RTTI typeinfo:   itk::Image<double, 3u>
  Reference Count: 2
  Modified Time: 2330
  Debug: Off
  Object Name: 
  Observers: 
    none
  Source: (none)
  Source output name: (none)
  Release Data: Off
  Data Released: False
  Global Release Data: Off
  PipelineMTime: 0
  UpdateMTime: 1941
  RealTimeStamp: 0 seconds 
  LargestPossibleRegion: 
    Dimension: 3
    Index: [0, 0, 0]
    Size: [193, 229, 193]
  BufferedRegion: 
    Dimension: 3
    Index: [0, 0, 0]
    Size: [193, 229, 193]
  RequestedRegion: 
    Dimension: 3
    Index: [0, 0, 0]
    Size: [193, 229, 193]
  Spacing: [1, 1, 1]
  Origin: [96, 132, -78]
  Direction: 
-1 0 0
0 -1 0
0 0 1

  IndexToPointMatrix: 
-1 0 0
0 -1 0
0 0 1

  PointToIndexMatrix: 
-1 0 0
0 -1 0
0 0 1

  Inverse Direction: 
-1 0 0
0 -1 0
0 0 1

  PixelContainer: 
    ImportImageContainer (0x4b02650)
      RTTI typeinfo:   itk::ImportImageContainer<unsigned long, double>
      Reference Count: 1
      Modified Time: 1938
      Debug: Off
      Object Name: 
      Observers: 
        none
      Pointer: 0x1465e6b57010
      Container manages memory: true
      Size: 8530021
      Capacity: 8530021

     Moving image = Image (0x49df240)
  RTTI typeinfo:   itk::Image<double, 3u>
  Reference Count: 2
  Modified Time: 2331
  Debug: Off
  Object Name: 
  Observers: 
    none
  Source: (none)
  Source output name: (none)
  Release Data: Off
  Data Released: False
  Global Release Data: Off
  PipelineMTime: 0
  UpdateMTime: 2328
  RealTimeStamp: 0 seconds 
  LargestPossibleRegion: 
    Dimension: 3
    Index: [0, 0, 0]
    Size: [160, 240, 256]
  BufferedRegion: 
    Dimension: 3
    Index: [0, 0, 0]
    Size: [160, 240, 256]
  RequestedRegion: 
    Dimension: 3
    Index: [0, 0, 0]
    Size: [160, 240, 256]
  Spacing: [1, 1, 1]
  Origin: [98.6437, 87.6359, -117.989]
  Direction: 
-0.993515 -0.100993 -0.0522355
0.100854 -0.994887 0.00530255
-0.0525039 1.93537e-08 0.998621

  IndexToPointMatrix: 
-0.993515 -0.100993 -0.0522355
0.100854 -0.994887 0.00530255
-0.0525039 1.93537e-08 0.998621

  PointToIndexMatrix: 
-0.993515 0.100854 -0.0525039
-0.100993 -0.994887 -5.69969e-07
-0.0522355 0.00530244 0.998621

  Inverse Direction: 
-0.993515 0.100854 -0.0525039
-0.100993 -0.994887 -5.69969e-07
-0.0522355 0.00530244 0.998621

  PixelContainer: 
    ImportImageContainer (0x4aecb90)
      RTTI typeinfo:   itk::ImportImageContainer<unsigned long, double>
      Reference Count: 1
      Modified Time: 2325
      Debug: Off
      Object Name: 
      Observers: 
        none
      Pointer: 0x1465e2056010
      Container manages memory: true
      Size: 9830400
      Capacity: 9830400

     Weighting = 1
     Sampling strategy = regular
     Number of bins = 32
     Radius = 4
     Sampling percentage  = 0.25
   Transform = Rigid
     Gradient step = 0.1
     Update field sigma (voxel space) = 0
     Total field sigma (voxel space) = 0
     Update field time sigma = 0
     Total field time sigma  = 0
     Number of time indices = 0
     Number of time point samples = 0
Registration using 1 total stages.

Stage 0
  iterations = 0
  convergence threshold = 1e-06
  convergence window size = 10
  number of levels = 1
  using the Mattes MI metric (number of bins = 32, weight = 1, use gradient filter = 0)
  preprocessing:  winsorizing the image intensities
  Shrink factors (level 1 out of 1): [1, 1, 1]
  smoothing sigmas per level: [0]
  regular sampling (percentage = 0.25)

*** Running Euler3DTransform registration ***

  Elapsed time (stage 0): 0


Total elapsed time: 0
Info [verificarlo]: loaded backend libinterflop_vprec.so
Info [interflop-vprec]: load backend with: 
Info [interflop-vprec]: precision-binary32 = 20
Info [interflop-vprec]: range-binary32 = 8
Info [interflop-vprec]: precision-binary64 = 20
Info [interflop-vprec]: range-binary64 = 8
Info [interflop-vprec]: mode = ob
Info [interflop-vprec]: error-mode = rel
Info [interflop-vprec]: max-abs-error-exponent = -1022
Info [interflop-vprec]: daz = false
Info [interflop-vprec]: ftz = false
Info [interflop-vprec]: 	instrument = none
Info [interflop-vprec]: 	prec-input-file = (null)
Info [interflop-vprec]: 	prec-output-file = (null)
Info [interflop-vprec]: 	prec-log-file = (null)
All_Command_lines_OK
Using double precision for computations.
=============================================================================
The composite transform comprises the following transforms (in order): 
  1. /home/mdugre/scratch/mri-registration-rp/datasets/ds004513/derivatives/mri-registration-rp/1111/antsRegistration-r8-p20/sub-s035/align_Composite.h5[0] (type = Euler3DTransform)
  2. /home/mdugre/scratch/mri-registration-rp/datasets/ds004513/derivatives/mri-registration-rp/1111/antsRegistration-r8-p20/sub-s035/align_Composite.h5[1] (type = Euler3DTransform)
=============================================================================
  number of levels = 4
  fixed image: /templateflow/tpl-MNI152NLin2009cAsym/tpl-MNI152NLin2009cAsym_res-01_desc-brain_T1w.nii.gz
  moving image: /home/mdugre/scratch/mri-registration-rp/datasets/ds004513/derivatives/mri-registration-rp/antsBrainExtraction/sub-s035/BrainExtractionBrain.nii.gz
Dimension = 3
Number of stages = 1
Use histogram matching = false
Winsorize image intensities = true
  Lower quantile = 0.005
  Upper quantile = 0.995


Stage 1 State
   Image metric = MattesMI
     Fixed image = Image (0x3c451e0)
  RTTI typeinfo:   itk::Image<double, 3u>
  Reference Count: 2
  Modified Time: 1578
  Debug: Off
  Object Name: 
  Observers: 
    none
  Source: (none)
  Source output name: (none)
  Release Data: Off
  Data Released: False
  Global Release Data: Off
  PipelineMTime: 0
  UpdateMTime: 1189
  RealTimeStamp: 0 seconds 
  LargestPossibleRegion: 
    Dimension: 3
    Index: [0, 0, 0]
    Size: [193, 229, 193]
  BufferedRegion: 
    Dimension: 3
    Index: [0, 0, 0]
    Size: [193, 229, 193]
  RequestedRegion: 
    Dimension: 3
    Index: [0, 0, 0]
    Size: [193, 229, 193]
  Spacing: [1, 1, 1]
  Origin: [96, 132, -78]
  Direction: 
-1 0 0
0 -1 0
0 0 1

  IndexToPointMatrix: 
-1 0 0
0 -1 0
0 0 1

  PointToIndexMatrix: 
-1 0 0
0 -1 0
0 0 1

  Inverse Direction: 
-1 0 0
0 -1 0
0 0 1

  PixelContainer: 
    ImportImageContainer (0x3d046f0)
      RTTI typeinfo:   itk::ImportImageContainer<unsigned long, double>
      Reference Count: 1
      Modified Time: 1186
      Debug: Off
      Object Name: 
      Observers: 
        none
      Pointer: 0x152e30f58010
      Container manages memory: true
      Size: 8530021
      Capacity: 8530021

     Moving image = Image (0x3d00c90)
  RTTI typeinfo:   itk::Image<double, 3u>
  Reference Count: 2
  Modified Time: 1579
  Debug: Off
  Object Name: 
  Observers: 
    none
  Source: (none)
  Source output name: (none)
  Release Data: Off
  Data Released: False
  Global Release Data: Off
  PipelineMTime: 0
  UpdateMTime: 1576
  RealTimeStamp: 0 seconds 
  LargestPossibleRegion: 
    Dimension: 3
    Index: [0, 0, 0]
    Size: [160, 240, 256]
  BufferedRegion: 
    Dimension: 3
    Index: [0, 0, 0]
    Size: [160, 240, 256]
  RequestedRegion: 
    Dimension: 3
    Index: [0, 0, 0]
    Size: [160, 240, 256]
  Spacing: [1, 1, 1]
  Origin: [98.6437, 87.6359, -117.989]
  Direction: 
-0.993515 -0.100993 -0.0522355
0.100854 -0.994887 0.00530255
-0.0525039 1.93537e-08 0.998621

  IndexToPointMatrix: 
-0.993515 -0.100993 -0.0522355
0.100854 -0.994887 0.00530255
-0.0525039 1.93537e-08 0.998621

  PointToIndexMatrix: 
-0.993515 0.100854 -0.0525039
-0.100993 -0.994887 -5.69969e-07
-0.0522355 0.00530244 0.998621

  Inverse Direction: 
-0.993515 0.100854 -0.0525039
-0.100993 -0.994887 -5.69969e-07
-0.0522355 0.00530244 0.998621

  PixelContainer: 
    ImportImageContainer (0x3cc3010)
      RTTI typeinfo:   itk::ImportImageContainer<unsigned long, double>
      Reference Count: 1
      Modified Time: 1573
      Debug: Off
      Object Name: 
      Observers: 
        none
      Pointer: 0x152e2c457010
      Container manages memory: true
      Size: 9830400
      Capacity: 9830400

     Weighting = 1
     Sampling strategy = regular
     Number of bins = 32
     Radius = 4
     Sampling percentage  = 0.25
   Transform = Rigid
     Gradient step = 0.1
     Update field sigma (voxel space) = 0
     Total field sigma (voxel space) = 0
     Update field time sigma = 0
     Total field time sigma  = 0
     Number of time indices = 0
     Number of time point samples = 0
Registration using 1 total stages.

Stage 0
  iterations = 1000x500x250x100
  convergence threshold = 1e-06
  convergence window size = 10
  number of levels = 4
  using the Mattes MI metric (number of bins = 32, weight = 1, use gradient filter = 0)
  preprocessing:  winsorizing the image intensities
  Shrink factors (level 1 out of 4): [8, 8, 8]
  Shrink factors (level 2 out of 4): [4, 4, 4]
  Shrink factors (level 3 out of 4): [2, 2, 2]
  Shrink factors (level 4 out of 4): [1, 1, 1]
  smoothing sigmas per level: [3, 2, 1, 0]
  regular sampling (percentage = 0.25)

*** Running Euler3DTransform registration ***

DIAGNOSTIC,Iteration,metricValue,convergenceValue,ITERATION_TIME_INDEX,SINCE_LAST
 2DIAGNOSTIC,     1, -5.159990672723e-01, 1.797693134862e+308, 0.0000e+00, 0.0000e+00, 
 2DIAGNOSTIC,     2, -5.183335473589e-01, 1.797693134862e+308, 0.0000e+00, 0.0000e+00, 
 2DIAGNOSTIC,     3, -5.218719335108e-01, 1.797693134862e+308, 0.0000e+00, 0.0000e+00, 
 2DIAGNOSTIC,     4, -5.262630679230e-01, 1.797693134862e+308, 0.0000e+00, 0.0000e+00, 
 2DIAGNOSTIC,     5, -5.313794088638e-01, 1.797693134862e+308, 0.0000e+00, 0.0000e+00, 
 2DIAGNOSTIC,     6, -5.398666724982e-01, 1.797693134862e+308, 0.0000e+00, 0.0000e+00, 
 2DIAGNOSTIC,     7, -5.496134916942e-01, 1.797693134862e+308, 0.0000e+00, 0.0000e+00, 
 2DIAGNOSTIC,     8, -5.546203319169e-01, 1.797693134862e+308, 0.0000e+00, 0.0000e+00, 
 2DIAGNOSTIC,     9, -5.589664389872e-01, 1.797693134862e+308, 0.0000e+00, 0.0000e+00, 
 2DIAGNOSTIC,    10, -5.606597366280e-01, 6.105050398009e-03, 0.0000e+00, 0.0000e+00, 
 2DIAGNOSTIC,    11, -5.619769275970e-01, 5.407652686862e-03, 0.0000e+00, 0.0000e+00, 
 2DIAGNOSTIC,    12, -5.644809972108e-01, 4.552075463439e-03, 0.0000e+00, 0.0000e+00, 
 2DIAGNOSTIC,    13, -5.656373217528e-01, 3.608188264240e-03, 0.0000e+00, 0.0000e+00, 
 2DIAGNOSTIC,    14, -5.658547483540e-01, 2.650349945565e-03, 0.0000e+00, 0.0000e+00, 
 2DIAGNOSTIC,    15, -5.661813442852e-01, 1.770509713871e-03, 0.0000e+00, 0.0000e+00, 
 2DIAGNOSTIC,    16, -5.664149036028e-01, 1.119510026778e-03, 0.0000e+00, 0.0000e+00, 
 2DIAGNOSTIC,    17, -5.665772652808e-01, 7.430566036935e-04, 0.0000e+00, 0.0000e+00, 
 2DIAGNOSTIC,    18, -5.668842852827e-01, 4.907286586580e-04, 0.0000e+00, 0.0000e+00, 
 2DIAGNOSTIC,    19, -5.673090828613e-01, 3.498958861923e-04, 0.0000e+00, 0.0000e+00, 
 2DIAGNOSTIC,    20, -5.692035996214e-01, 2.835360766680e-04, 0.0000e+00, 0.0000e+00, 
 2DIAGNOSTIC,    21, -5.699703345741e-01, 2.459212122219e-04, 0.0000e+00, 0.0000e+00, 
 2DIAGNOSTIC,    22, -5.705017936344e-01, 2.593574073665e-04, 0.0000e+00, 0.0000e+00, 
 2DIAGNOSTIC,    23, -5.710423037699e-01, 2.857349868108e-04, 0.0000e+00, 0.0000e+00, 
 2DIAGNOSTIC,    24, -5.756065072692e-01, 3.847787463784e-04, 0.0000e+00, 0.0000e+00, 
 2DIAGNOSTIC,    25, -5.890396014606e-01, 7.171918512180e-04, 0.0000e+00, 0.0000e+00, 
 2DIAGNOSTIC,    26, -5.906968222186e-01, 9.857700482486e-04, 0.0000e+00, 0.0000e+00, 
 2DIAGNOSTIC,    27, -5.938563709302e-01, 1.206892225529e-03, 0.0000e+00, 0.0000e+00, 
 2DIAGNOSTIC,    28, -5.957251314504e-01, 1.339652299667e-03, 0.0000e+00, 0.0000e+00, 
 2DIAGNOSTIC,    29, -5.973405920004e-01, 1.369333823648e-03, 0.0000e+00, 0.0000e+00, 
 2DIAGNOSTIC,    30, -5.980402256609e-01, 1.307568750639e-03, 0.0000e+00, 0.0000e+00, 
 2DIAGNOSTIC,    31, -5.983473500132e-01, 1.144125172353e-03, 0.0000e+00, 0.0000e+00, 
 2DIAGNOSTIC,    32, -5.986272687129e-01, 8.995503660391e-04, 0.0000e+00, 0.0000e+00, 
 2DIAGNOSTIC,    33, -6.009308669529e-01, 6.289947504758e-04, 0.0000e+00, 0.0000e+00, 
 2DIAGNOSTIC,    34, -6.176123918472e-01, 6.222683648356e-04, 0.0000e+00, 0.0000e+00, 
 2DIAGNOSTIC,    35, -6.270665797146e-01, 8.768327812797e-04, 0.0000e+00, 0.0000e+00, 
 2DIAGNOSTIC,    36, -6.483278584991e-01, 1.347083904463e-03, 0.0000e+00, 0.0000e+00, 
 2DIAGNOSTIC,    37, -6.565914326230e-01, 1.809710135766e-03, 0.0000e+00, 0.0000e+00, 
 2DIAGNOSTIC,    38, -6.583040861961e-01, 2.119791326853e-03, 0.0000e+00, 0.0000e+00, 
 2DIAGNOSTIC,    39, -6.599433170341e-01, 2.252166275256e-03, 0.0000e+00, 0.0000e+00, 
 2DIAGNOSTIC,    40, -6.611732191108e-01, 2.184595058950e-03, 0.0000e+00, 0.0000e+00, 
 2DIAGNOSTIC,    41, -6.652774222250e-01, 1.963809595350e-03, 0.0000e+00, 0.0000e+00, 
 2DIAGNOSTIC,    42, -6.773758924498e-01, 1.710516652036e-03, 0.0000e+00, 0.0000e+00, 
 2DIAGNOSTIC,    43, -6.818830842402e-01, 1.380474667701e-03, 0.0000e+00, 0.0000e+00, 
 2DIAGNOSTIC,    44, -6.826851562992e-01, 1.129852550353e-03, 0.0000e+00, 0.0000e+00, 
 2DIAGNOSTIC,    45, -6.832945909670e-01, 8.888054716465e-04, 0.0000e+00, 0.0000e+00, 
 2DIAGNOSTIC,    46, -6.834884302432e-01, 7.960427438464e-04, 0.0000e+00, 0.0000e+00, 
 2DIAGNOSTIC,    47, -6.840747629035e-01, 7.194777155963e-04, 0.0000e+00, 0.0000e+00, 
 2DIAGNOSTIC,    48, -6.842849910950e-01, 5.960758440356e-04, 0.0000e+00, 0.0000e+00, 
 2DIAGNOSTIC,    49, -6.844206899975e-01, 4.405178799231e-04, 0.0000e+00, 0.0000e+00, 
 2DIAGNOSTIC,    50, -6.844025659459e-01, 2.623916427059e-04, 0.0000e+00, 0.0000e+00, 
 2DIAGNOSTIC,    51, -6.849367521277e-01, 1.074935221751e-04, 0.0000e+00, 0.0000e+00, 
 2DIAGNOSTIC,    52, -6.852107771104e-01, 5.991407675622e-05, 0.0000e+00, 0.0000e+00, 
 2DIAGNOSTIC,    53, -6.852934186574e-01, 4.917572629512e-05, 0.0000e+00, 0.0000e+00, 
 2DIAGNOSTIC,    54, -6.854729515816e-01, 4.276455739624e-05, 0.0000e+00, 0.0000e+00, 
 2DIAGNOSTIC,    55, -6.858239487153e-01, 4.076720161208e-05, 0.0000e+00, 0.0000e+00, 
 2DIAGNOSTIC,    56, -6.859317079505e-01, 3.727776950746e-05, 0.0000e+00, 0.0000e+00, 
 2DIAGNOSTIC,    57, -6.859593439808e-01, 3.536125751825e-05, 0.0000e+00, 0.0000e+00, 
 2DIAGNOSTIC,    58, -6.861946797500e-01, 3.381427230610e-05, 0.0000e+00, 0.0000e+00, 
 2DIAGNOSTIC,    59, -6.867616718722e-01, 3.467309755912e-05, 0.0000e+00, 0.0000e+00, 
 2DIAGNOSTIC,    60, -6.870341800622e-01, 3.395337186750e-05, 0.0000e+00, 0.0000e+00, 
 2DIAGNOSTIC,    61, -6.870675577349e-01, 3.431691005122e-05, 0.0000e+00, 0.0000e+00, 
 2DIAGNOSTIC,    62, -6.870687425201e-01, 3.358502091116e-05, 0.0000e+00, 0.0000e+00, 
 2DIAGNOSTIC,    63, -6.870695464790e-01, 3.031151170629e-05, 0.0000e+00, 0.0000e+00, 
 2DIAGNOSTIC,    64, -6.870691056890e-01, 2.543805660402e-05, 0.0000e+00, 0.0000e+00, 
 2DIAGNOSTIC,    65, -6.870713106713e-01, 2.078703810338e-05, 0.0000e+00, 0.0000e+00, 
 2DIAGNOSTIC,    66, -6.870717137731e-01, 1.516124226234e-05, 0.0000e+00, 0.0000e+00, 
 2DIAGNOSTIC,    67, -6.870733821162e-01, 8.543243331376e-06, 0.0000e+00, 0.0000e+00, 
 2DIAGNOSTIC,    68, -6.870752758617e-01, 2.875428043309e-06, 0.0000e+00, 0.0000e+00, 
DIAGNOSTIC,Iteration,metricValue,convergenceValue,ITERATION_TIME_INDEX,SINCE_LAST
 2DIAGNOSTIC,     1, -5.582499253610e-01, 1.797693134862e+308, 0.0000e+00, 0.0000e+00, 
 2DIAGNOSTIC,     2, -5.584452417520e-01, 1.797693134862e+308, 0.0000e+00, 0.0000e+00, 
 2DIAGNOSTIC,     3, -5.587211723205e-01, 1.797693134862e+308, 0.0000e+00, 0.0000e+00, 
 2DIAGNOSTIC,     4, -5.591394598355e-01, 1.797693134862e+308, 0.0000e+00, 0.0000e+00, 
 2DIAGNOSTIC,     5, -5.596945916020e-01, 1.797693134862e+308, 0.0000e+00, 0.0000e+00, 
 2DIAGNOSTIC,     6, -5.611898140364e-01, 1.797693134862e+308, 0.0000e+00, 0.0000e+00, 
 2DIAGNOSTIC,     7, -5.640978951458e-01, 1.797693134862e+308, 0.0000e+00, 0.0000e+00, 
 2DIAGNOSTIC,     8, -5.658718726517e-01, 1.797693134862e+308, 0.0000e+00, 0.0000e+00, 
 2DIAGNOSTIC,     9, -5.658808324483e-01, 1.797693134862e+308, 0.0000e+00, 0.0000e+00, 
 2DIAGNOSTIC,    10, -5.659450527436e-01, 1.104835120925e-03, 0.0000e+00, 0.0000e+00, 
 2DIAGNOSTIC,    11, -5.660347226264e-01, 1.014011232609e-03, 0.0000e+00, 0.0000e+00, 
 2DIAGNOSTIC,    12, -5.661395106906e-01, 8.580463931902e-04, 0.0000e+00, 0.0000e+00, 
 2DIAGNOSTIC,    13, -5.662379219169e-01, 6.626807645843e-04, 0.0000e+00, 0.0000e+00, 
 2DIAGNOSTIC,    14, -5.664551578057e-01, 4.598769000329e-04, 0.0000e+00, 0.0000e+00, 
 2DIAGNOSTIC,    15, -5.666591920744e-01, 2.685911142615e-04, 0.0000e+00, 0.0000e+00, 
 2DIAGNOSTIC,    16, -5.666710251230e-01, 1.223668276013e-04, 0.0000e+00, 0.0000e+00, 
 2DIAGNOSTIC,    17, -5.666686923537e-01, 6.716578789948e-05, 0.0000e+00, 0.0000e+00, 
 2DIAGNOSTIC,    18, -5.666636724669e-01, 6.171261657636e-05, 0.0000e+00, 0.0000e+00, 
 2DIAGNOSTIC,    19, -5.666517730935e-01, 5.111162627416e-05, 0.0000e+00, 0.0000e+00, 
 2DIAGNOSTIC,    20, -5.666464226084e-01, 3.837165941496e-05, 0.0000e+00, 0.0000e+00, 
 2DIAGNOSTIC,    21, -5.666394381585e-01, 2.542524207236e-05, 0.0000e+00, 0.0000e+00, 
 2DIAGNOSTIC,    22, -5.666344125832e-01, 1.378341057348e-05, 0.0000e+00, 0.0000e+00, 
 2DIAGNOSTIC,    23, -5.666400538651e-01, 4.206401883526e-06, 0.0000e+00, 0.0000e+00, 
DIAGNOSTIC,Iteration,metricValue,convergenceValue,ITERATION_TIME_INDEX,SINCE_LAST
 2DIAGNOSTIC,     1, -5.044817819300e-01, 1.797693134862e+308, 0.0000e+00, 0.0000e+00, 
 2DIAGNOSTIC,     2, -5.045933935526e-01, 1.797693134862e+308, 0.0000e+00, 0.0000e+00, 
 2DIAGNOSTIC,     3, -5.046406689564e-01, 1.797693134862e+308, 0.0000e+00, 0.0000e+00, 
 2DIAGNOSTIC,     4, -5.046596810362e-01, 1.797693134862e+308, 0.0000e+00, 0.0000e+00, 
 2DIAGNOSTIC,     5, -5.046689626920e-01, 1.797693134862e+308, 0.0000e+00, 0.0000e+00, 
 2DIAGNOSTIC,     6, -5.046729113015e-01, 1.797693134862e+308, 0.0000e+00, 0.0000e+00, 
 2DIAGNOSTIC,     7, -5.046640617071e-01, 1.797693134862e+308, 0.0000e+00, 0.0000e+00, 
 2DIAGNOSTIC,     8, -5.046628711820e-01, 1.797693134862e+308, 0.0000e+00, 0.0000e+00, 
 2DIAGNOSTIC,     9, -5.046628213840e-01, 1.797693134862e+308, 0.0000e+00, 0.0000e+00, 
 2DIAGNOSTIC,    10, -5.046621635978e-01, 1.778628153391e-05, 0.0000e+00, 0.0000e+00, 
 2DIAGNOSTIC,    11, -5.046607553375e-01, 7.195020202910e-06, 0.0000e+00, 0.0000e+00, 
 2DIAGNOSTIC,    12, -5.046626513336e-01, 3.272696745993e-06, 0.0000e+00, 0.0000e+00, 
 2DIAGNOSTIC,    13, -5.046620435445e-01, 1.902268255569e-06, 0.0000e+00, 0.0000e+00, 
 2DIAGNOSTIC,    14, -5.046620800255e-01, 1.529820841742e-06, 0.0000e+00, 0.0000e+00, 
 2DIAGNOSTIC,    15, -5.046609207236e-01, 1.572283685886e-06, 0.0000e+00, 0.0000e+00, 
 2DIAGNOSTIC,    16, -5.046620428298e-01, 1.848146548022e-06, 0.0000e+00, 0.0000e+00, 
 2DIAGNOSTIC,    17, -5.046612185660e-01, 1.782432004598e-06, 0.0000e+00, 0.0000e+00, 
 2DIAGNOSTIC,    18, -5.046594575293e-01, 1.639639304808e-06, 0.0000e+00, 0.0000e+00, 
 2DIAGNOSTIC,    19, -5.046591396266e-01, 1.515719534745e-06, 0.0000e+00, 0.0000e+00, 
 2DIAGNOSTIC,    20, -5.046594840249e-01, 1.411328381967e-06, 0.0000e+00, 0.0000e+00, 
 2DIAGNOSTIC,    21, -5.046594220512e-01, 1.291081365144e-06, 0.0000e+00, 0.0000e+00, 
 2DIAGNOSTIC,    22, -5.046594008942e-01, 1.251076816915e-06, 0.0000e+00, 0.0000e+00, 
 2DIAGNOSTIC,    23, -5.046593841885e-01, 1.218555354530e-06, 0.0000e+00, 0.0000e+00, 
 2DIAGNOSTIC,    24, -5.046593633974e-01, 1.205565165238e-06, 0.0000e+00, 0.0000e+00, 
 2DIAGNOSTIC,    25, -5.046591895488e-01, 1.173161436614e-06, 0.0000e+00, 0.0000e+00, 
 2DIAGNOSTIC,    26, -5.046591946822e-01, 1.177051101607e-06, 0.0000e+00, 0.0000e+00, 
 2DIAGNOSTIC,    27, -5.046591965749e-01, 1.168938108011e-06, 0.0000e+00, 0.0000e+00, 
 2DIAGNOSTIC,    28, -5.046591965749e-01, 1.127067330339e-06, 0.0000e+00, 0.0000e+00, 
 2DIAGNOSTIC,    29, -5.046591951918e-01, 1.082559456356e-06, 0.0000e+00, 0.0000e+00, 
 2DIAGNOSTIC,    30, -5.046591938453e-01, 1.048910427841e-06, 0.0000e+00, 0.0000e+00, 
 2DIAGNOSTIC,    31, -5.046591938453e-01, 1.017414028123e-06, 0.0000e+00, 0.0000e+00, 
DIAGNOSTIC,Iteration,metricValue,convergenceValue,ITERATION_TIME_INDEX,SINCE_LAST
 2DIAGNOSTIC,     1, -4.669972667865e-01, 1.797693134862e+308, 0.0000e+00, 0.0000e+00, 
 2DIAGNOSTIC,     2, -4.672069332652e-01, 1.797693134862e+308, 0.0000e+00, 0.0000e+00, 
 2DIAGNOSTIC,     3, -4.673615034355e-01, 1.797693134862e+308, 0.0000e+00, 0.0000e+00, 
 2DIAGNOSTIC,     4, -4.673752293388e-01, 1.797693134862e+308, 0.0000e+00, 0.0000e+00, 
 2DIAGNOSTIC,     5, -4.673799094884e-01, 1.797693134862e+308, 0.0000e+00, 0.0000e+00, 
 2DIAGNOSTIC,     6, -4.673905414566e-01, 1.797693134862e+308, 0.0000e+00, 0.0000e+00, 
 2DIAGNOSTIC,     7, -4.673997402745e-01, 1.797693134862e+308, 0.0000e+00, 0.0000e+00, 
 2DIAGNOSTIC,     8, -4.674040963422e-01, 1.797693134862e+308, 0.0000e+00, 0.0000e+00, 
 2DIAGNOSTIC,     9, -4.674480810678e-01, 1.797693134862e+308, 0.0000e+00, 0.0000e+00, 
 2DIAGNOSTIC,    10, -4.674499081688e-01, 4.614071805457e-05, 0.0000e+00, 0.0000e+00, 
 2DIAGNOSTIC,    11, -4.674501100794e-01, 2.414240800062e-05, 0.0000e+00, 0.0000e+00, 
 2DIAGNOSTIC,    12, -4.674497338934e-01, 1.432606638666e-05, 0.0000e+00, 0.0000e+00, 
 2DIAGNOSTIC,    13, -4.674496616157e-01, 1.217472928643e-05, 0.0000e+00, 0.0000e+00, 
 2DIAGNOSTIC,    14, -4.674497059659e-01, 1.001848272141e-05, 0.0000e+00, 0.0000e+00, 
 2DIAGNOSTIC,    15, -4.674496559714e-01, 7.617052926151e-06, 0.0000e+00, 0.0000e+00, 
 2DIAGNOSTIC,    16, -4.674495760523e-01, 5.431843917075e-06, 0.0000e+00, 0.0000e+00, 
 2DIAGNOSTIC,    17, -4.674495996358e-01, 3.532519727151e-06, 0.0000e+00, 0.0000e+00, 
 2DIAGNOSTIC,    18, -4.674496037823e-01, 1.796366784351e-06, 0.0000e+00, 0.0000e+00, 
 2DIAGNOSTIC,    19, -4.674496037823e-01, 1.646178532384e-06, 0.0000e+00, 0.0000e+00, 
 2DIAGNOSTIC,    20, -4.674496032867e-01, 1.568883613523e-06, 0.0000e+00, 0.0000e+00, 
 2DIAGNOSTIC,    21, -4.674496032867e-01, 1.507200061611e-06, 0.0000e+00, 0.0000e+00, 
 2DIAGNOSTIC,    22, -4.674496032867e-01, 1.441513572439e-06, 0.0000e+00, 0.0000e+00, 
 2DIAGNOSTIC,    23, -4.674495949674e-01, 1.379763536896e-06, 0.0000e+00, 0.0000e+00, 
 2DIAGNOSTIC,    24, -4.674495949674e-01, 1.324648329366e-06, 0.0000e+00, 0.0000e+00, 
 2DIAGNOSTIC,    25, -4.674495949674e-01, 1.272889308568e-06, 0.0000e+00, 0.0000e+00, 
 2DIAGNOSTIC,    26, -4.674495736030e-01, 1.222706407268e-06, 0.0000e+00, 0.0000e+00, 
 2DIAGNOSTIC,    27, -4.674495736030e-01, 1.176880287189e-06, 0.0000e+00, 0.0000e+00, 
 2DIAGNOSTIC,    28, -4.674495736030e-01, 1.134558785018e-06, 0.0000e+00, 0.0000e+00, 
 2DIAGNOSTIC,    29, -4.674495753493e-01, 1.095352296268e-06, 0.0000e+00, 0.0000e+00, 
 2DIAGNOSTIC,    30, -4.674495753493e-01, 1.058915488489e-06, 0.0000e+00, 0.0000e+00, 
 2DIAGNOSTIC,    31, -4.674495753493e-01, 1.024990241176e-06, 0.0000e+00, 0.0000e+00, 
  Elapsed time (stage 0): 0.0000e+00


Total elapsed time: 0.0000e+00
Info [verificarlo]: loaded backend libinterflop_vprec.so
Info [interflop-vprec]: load backend with: 
Info [interflop-vprec]: precision-binary32 = 20
Info [interflop-vprec]: range-binary32 = 8
Info [interflop-vprec]: precision-binary64 = 20
Info [interflop-vprec]: range-binary64 = 8
Info [interflop-vprec]: mode = ob
Info [interflop-vprec]: error-mode = rel
Info [interflop-vprec]: max-abs-error-exponent = -1022
Info [interflop-vprec]: daz = false
Info [interflop-vprec]: ftz = false
Info [interflop-vprec]: 	instrument = none
Info [interflop-vprec]: 	prec-input-file = (null)
Info [interflop-vprec]: 	prec-output-file = (null)
Info [interflop-vprec]: 	prec-log-file = (null)
All_Command_lines_OK
Using double precision for computations.
=============================================================================
The composite transform comprises the following transforms (in order): 
  1. /home/mdugre/scratch/mri-registration-rp/datasets/ds004513/derivatives/mri-registration-rp/1111/antsRegistration-r8-p20/sub-s035/rigid_Composite.h5[0] (type = Euler3DTransform)
  2. /home/mdugre/scratch/mri-registration-rp/datasets/ds004513/derivatives/mri-registration-rp/1111/antsRegistration-r8-p20/sub-s035/rigid_Composite.h5[1] (type = Euler3DTransform)
  3. /home/mdugre/scratch/mri-registration-rp/datasets/ds004513/derivatives/mri-registration-rp/1111/antsRegistration-r8-p20/sub-s035/rigid_Composite.h5[2] (type = Euler3DTransform)
=============================================================================
  number of levels = 4
  fixed image: /templateflow/tpl-MNI152NLin2009cAsym/tpl-MNI152NLin2009cAsym_res-01_desc-brain_T1w.nii.gz
  moving image: /home/mdugre/scratch/mri-registration-rp/datasets/ds004513/derivatives/mri-registration-rp/antsBrainExtraction/sub-s035/BrainExtractionBrain.nii.gz
Dimension = 3
Number of stages = 1
Use histogram matching = false
Winsorize image intensities = true
  Lower quantile = 0.005
  Upper quantile = 0.995


Stage 1 State
   Image metric = MattesMI
     Fixed image = Image (0x504d490)
  RTTI typeinfo:   itk::Image<double, 3u>
  Reference Count: 2
  Modified Time: 1592
  Debug: Off
  Object Name: 
  Observers: 
    none
  Source: (none)
  Source output name: (none)
  Release Data: Off
  Data Released: False
  Global Release Data: Off
  PipelineMTime: 0
  UpdateMTime: 1203
  RealTimeStamp: 0 seconds 
  LargestPossibleRegion: 
    Dimension: 3
    Index: [0, 0, 0]
    Size: [193, 229, 193]
  BufferedRegion: 
    Dimension: 3
    Index: [0, 0, 0]
    Size: [193, 229, 193]
  RequestedRegion: 
    Dimension: 3
    Index: [0, 0, 0]
    Size: [193, 229, 193]
  Spacing: [1, 1, 1]
  Origin: [96, 132, -78]
  Direction: 
-1 0 0
0 -1 0
0 0 1

  IndexToPointMatrix: 
-1 0 0
0 -1 0
0 0 1

  PointToIndexMatrix: 
-1 0 0
0 -1 0
0 0 1

  Inverse Direction: 
-1 0 0
0 -1 0
0 0 1

  PixelContainer: 
    ImportImageContainer (0x50c68b0)
      RTTI typeinfo:   itk::ImportImageContainer<unsigned long, double>
      Reference Count: 1
      Modified Time: 1200
      Debug: Off
      Object Name: 
      Observers: 
        none
      Pointer: 0x150bf4a6a010
      Container manages memory: true
      Size: 8530021
      Capacity: 8530021

     Moving image = Image (0x511ba40)
  RTTI typeinfo:   itk::Image<double, 3u>
  Reference Count: 2
  Modified Time: 1593
  Debug: Off
  Object Name: 
  Observers: 
    none
  Source: (none)
  Source output name: (none)
  Release Data: Off
  Data Released: False
  Global Release Data: Off
  PipelineMTime: 0
  UpdateMTime: 1590
  RealTimeStamp: 0 seconds 
  LargestPossibleRegion: 
    Dimension: 3
    Index: [0, 0, 0]
    Size: [160, 240, 256]
  BufferedRegion: 
    Dimension: 3
    Index: [0, 0, 0]
    Size: [160, 240, 256]
  RequestedRegion: 
    Dimension: 3
    Index: [0, 0, 0]
    Size: [160, 240, 256]
  Spacing: [1, 1, 1]
  Origin: [98.6437, 87.6359, -117.989]
  Direction: 
-0.993515 -0.100993 -0.0522355
0.100854 -0.994887 0.00530255
-0.0525039 1.93537e-08 0.998621

  IndexToPointMatrix: 
-0.993515 -0.100993 -0.0522355
0.100854 -0.994887 0.00530255
-0.0525039 1.93537e-08 0.998621

  PointToIndexMatrix: 
-0.993515 0.100854 -0.0525039
-0.100993 -0.994887 -5.69969e-07
-0.0522355 0.00530244 0.998621

  Inverse Direction: 
-0.993515 0.100854 -0.0525039
-0.100993 -0.994887 -5.69969e-07
-0.0522355 0.00530244 0.998621

  PixelContainer: 
    ImportImageContainer (0x50cad50)
      RTTI typeinfo:   itk::ImportImageContainer<unsigned long, double>
      Reference Count: 1
      Modified Time: 1587
      Debug: Off
      Object Name: 
      Observers: 
        none
      Pointer: 0x150beff69010
      Container manages memory: true
      Size: 9830400
      Capacity: 9830400

     Weighting = 1
     Sampling strategy = regular
     Number of bins = 32
     Radius = 4
     Sampling percentage  = 0.25
   Transform = Affine
     Gradient step = 0.1
     Update field sigma (voxel space) = 0
     Total field sigma (voxel space) = 0
     Update field time sigma = 0
     Total field time sigma  = 0
     Number of time indices = 0
     Number of time point samples = 0
Registration using 1 total stages.

Stage 0
  iterations = 1000x500x250x100
  convergence threshold = 1e-06
  convergence window size = 10
  number of levels = 4
  using the Mattes MI metric (number of bins = 32, weight = 1, use gradient filter = 0)
  preprocessing:  winsorizing the image intensities
  Shrink factors (level 1 out of 4): [8, 8, 8]
  Shrink factors (level 2 out of 4): [4, 4, 4]
  Shrink factors (level 3 out of 4): [2, 2, 2]
  Shrink factors (level 4 out of 4): [1, 1, 1]
  smoothing sigmas per level: [3, 2, 1, 0]
  regular sampling (percentage = 0.25)

*** Running AffineTransform registration ***

DIAGNOSTIC,Iteration,metricValue,convergenceValue,ITERATION_TIME_INDEX,SINCE_LAST
 2DIAGNOSTIC,     1, -6.767057253284e-01, 1.797693134862e+308, 0.0000e+00, 0.0000e+00, 
 2DIAGNOSTIC,     2, -6.784891731813e-01, 1.797693134862e+308, 0.0000e+00, 0.0000e+00, 
 2DIAGNOSTIC,     3, -6.819089795594e-01, 1.797693134862e+308, 0.0000e+00, 0.0000e+00, 
 2DIAGNOSTIC,     4, -6.883690070951e-01, 1.797693134862e+308, 0.0000e+00, 0.0000e+00, 
 2DIAGNOSTIC,     5, -7.021271647710e-01, 1.797693134862e+308, 0.0000e+00, 0.0000e+00, 
 2DIAGNOSTIC,     6, -7.142908143590e-01, 1.797693134862e+308, 0.0000e+00, 0.0000e+00, 
 2DIAGNOSTIC,     7, -7.260060620567e-01, 1.797693134862e+308, 0.0000e+00, 0.0000e+00, 
 2DIAGNOSTIC,     8, -7.330526244906e-01, 1.797693134862e+308, 0.0000e+00, 0.0000e+00, 
 2DIAGNOSTIC,     9, -7.368723932284e-01, 1.797693134862e+308, 0.0000e+00, 0.0000e+00, 
 2DIAGNOSTIC,    10, -7.378474059701e-01, 6.736613150005e-03, 0.0000e+00, 0.0000e+00, 
 2DIAGNOSTIC,    11, -7.382603858513e-01, 5.788584574483e-03, 0.0000e+00, 0.0000e+00, 
 2DIAGNOSTIC,    12, -7.382491618045e-01, 4.545952471441e-03, 0.0000e+00, 0.0000e+00, 
 2DIAGNOSTIC,    13, -7.381403749357e-01, 3.193754923108e-03, 0.0000e+00, 0.0000e+00, 
 2DIAGNOSTIC,    14, -7.380586610600e-01, 1.928201707851e-03, 0.0000e+00, 0.0000e+00, 
 2DIAGNOSTIC,    15, -7.381775740582e-01, 1.023730660345e-03, 0.0000e+00, 0.0000e+00, 
 2DIAGNOSTIC,    16, -7.378942818415e-01, 4.302397580231e-04, 0.0000e+00, 0.0000e+00, 
 2DIAGNOSTIC,    17, -7.379556705421e-01, 1.392462653449e-04, 0.0000e+00, 0.0000e+00, 
 2DIAGNOSTIC,    18, -7.378304679536e-01, 1.820036058210e-05, 0.0000e+00, 0.0000e+00, 
DIAGNOSTIC,Iteration,metricValue,convergenceValue,ITERATION_TIME_INDEX,SINCE_LAST
 2DIAGNOSTIC,     1, -6.099981847053e-01, 1.797693134862e+308, 0.0000e+00, 0.0000e+00, 
 2DIAGNOSTIC,     2, -6.103555892732e-01, 1.797693134862e+308, 0.0000e+00, 0.0000e+00, 
 2DIAGNOSTIC,     3, -6.107130130724e-01, 1.797693134862e+308, 0.0000e+00, 0.0000e+00, 
 2DIAGNOSTIC,     4, -6.109665753976e-01, 1.797693134862e+308, 0.0000e+00, 0.0000e+00, 
 2DIAGNOSTIC,     5, -6.112955390367e-01, 1.797693134862e+308, 0.0000e+00, 0.0000e+00, 
 2DIAGNOSTIC,     6, -6.112762831143e-01, 1.797693134862e+308, 0.0000e+00, 0.0000e+00, 
 2DIAGNOSTIC,     7, -6.113134711237e-01, 1.797693134862e+308, 0.0000e+00, 0.0000e+00, 
 2DIAGNOSTIC,     8, -6.112652369933e-01, 1.797693134862e+308, 0.0000e+00, 0.0000e+00, 
 2DIAGNOSTIC,     9, -6.112801728862e-01, 1.797693134862e+308, 0.0000e+00, 0.0000e+00, 
 2DIAGNOSTIC,    10, -6.112739245611e-01, 1.255196618662e-04, 0.0000e+00, 0.0000e+00, 
 2DIAGNOSTIC,    11, -6.111696860411e-01, 6.701447355534e-05, 0.0000e+00, 0.0000e+00, 
 2DIAGNOSTIC,    12, -6.111735703236e-01, 2.655477639750e-05, 0.0000e+00, 0.0000e+00, 
 2DIAGNOSTIC,    13, -6.111419058629e-01, 1.658858732295e-06, 0.0000e+00, 0.0000e+00, 
DIAGNOSTIC,Iteration,metricValue,convergenceValue,ITERATION_TIME_INDEX,SINCE_LAST
 2DIAGNOSTIC,     1, -5.351260982654e-01, 1.797693134862e+308, 0.0000e+00, 0.0000e+00, 
 2DIAGNOSTIC,     2, -5.354324983094e-01, 1.797693134862e+308, 0.0000e+00, 0.0000e+00, 
 2DIAGNOSTIC,     3, -5.356625564708e-01, 1.797693134862e+308, 0.0000e+00, 0.0000e+00, 
 2DIAGNOSTIC,     4, -5.356831978856e-01, 1.797693134862e+308, 0.0000e+00, 0.0000e+00, 
 2DIAGNOSTIC,     5, -5.356798436414e-01, 1.797693134862e+308, 0.0000e+00, 0.0000e+00, 
 2DIAGNOSTIC,     6, -5.356832480598e-01, 1.797693134862e+308, 0.0000e+00, 0.0000e+00, 
 2DIAGNOSTIC,     7, -5.356789076809e-01, 1.797693134862e+308, 0.0000e+00, 0.0000e+00, 
 2DIAGNOSTIC,     8, -5.356806090762e-01, 1.797693134862e+308, 0.0000e+00, 0.0000e+00, 
 2DIAGNOSTIC,     9, -5.356789125170e-01, 1.797693134862e+308, 0.0000e+00, 0.0000e+00, 
 2DIAGNOSTIC,    10, -5.356781466226e-01, 4.449398808098e-05, 0.0000e+00, 0.0000e+00, 
 2DIAGNOSTIC,    11, -5.356790560735e-01, 1.528076955813e-05, 0.0000e+00, 0.0000e+00, 
 2DIAGNOSTIC,    12, -5.356773972938e-01, 3.018053932310e-06, 0.0000e+00, 0.0000e+00, 
 2DIAGNOSTIC,    13, -5.356766988428e-01, 1.948922297906e-06, 0.0000e+00, 0.0000e+00, 
 2DIAGNOSTIC,    14, -5.356777423007e-01, 1.903741850634e-06, 0.0000e+00, 0.0000e+00, 
 2DIAGNOSTIC,    15, -5.356762719104e-01, 1.721530296830e-06, 0.0000e+00, 0.0000e+00, 
 2DIAGNOSTIC,    16, -5.356762533546e-01, 1.716148095271e-06, 0.0000e+00, 0.0000e+00, 
 2DIAGNOSTIC,    17, -5.356758389774e-01, 1.586363604374e-06, 0.0000e+00, 0.0000e+00, 
 2DIAGNOSTIC,    18, -5.356768523567e-01, 1.579025182524e-06, 0.0000e+00, 0.0000e+00, 
 2DIAGNOSTIC,    19, -5.356751551060e-01, 1.494102181060e-06, 0.0000e+00, 0.0000e+00, 
 2DIAGNOSTIC,    20, -5.356753341439e-01, 1.419333918576e-06, 0.0000e+00, 0.0000e+00, 
 2DIAGNOSTIC,    21, -5.356751114893e-01, 1.386393438225e-06, 0.0000e+00, 0.0000e+00, 
 2DIAGNOSTIC,    22, -5.356757715044e-01, 1.344196959206e-06, 0.0000e+00, 0.0000e+00, 
 2DIAGNOSTIC,    23, -5.356757268163e-01, 1.296321982314e-06, 0.0000e+00, 0.0000e+00, 
 2DIAGNOSTIC,    24, -5.356757499948e-01, 1.285607702212e-06, 0.0000e+00, 0.0000e+00, 
 2DIAGNOSTIC,    25, -5.356755547653e-01, 1.244709983396e-06, 0.0000e+00, 0.0000e+00, 
 2DIAGNOSTIC,    26, -5.356758386457e-01, 1.215043404314e-06, 0.0000e+00, 0.0000e+00, 
 2DIAGNOSTIC,    27, -5.356773634897e-01, 1.208896609928e-06, 0.0000e+00, 0.0000e+00, 
 2DIAGNOSTIC,    28, -5.356768625115e-01, 1.210057824434e-06, 0.0000e+00, 0.0000e+00, 
 2DIAGNOSTIC,    29, -5.356756993928e-01, 1.152584296164e-06, 0.0000e+00, 0.0000e+00, 
 2DIAGNOSTIC,    30, -5.356761005738e-01, 1.105157072537e-06, 0.0000e+00, 0.0000e+00, 
 2DIAGNOSTIC,    31, -5.356759755419e-01, 1.049543660023e-06, 0.0000e+00, 0.0000e+00, 
 2DIAGNOSTIC,    32, -5.356758000583e-01, 1.002624279607e-06, 0.0000e+00, 0.0000e+00, 
DIAGNOSTIC,Iteration,metricValue,convergenceValue,ITERATION_TIME_INDEX,SINCE_LAST
 2DIAGNOSTIC,     1, -4.915498381067e-01, 1.797693134862e+308, 0.0000e+00, 0.0000e+00, 
 2DIAGNOSTIC,     2, -4.916831974758e-01, 1.797693134862e+308, 0.0000e+00, 0.0000e+00, 
 2DIAGNOSTIC,     3, -4.918081220886e-01, 1.797693134862e+308, 0.0000e+00, 0.0000e+00, 
 2DIAGNOSTIC,     4, -4.920178664075e-01, 1.797693134862e+308, 0.0000e+00, 0.0000e+00, 
 2DIAGNOSTIC,     5, -4.921725869457e-01, 1.797693134862e+308, 0.0000e+00, 0.0000e+00, 
 2DIAGNOSTIC,     6, -4.925071099994e-01, 1.797693134862e+308, 0.0000e+00, 0.0000e+00, 
 2DIAGNOSTIC,     7, -4.925082308985e-01, 1.797693134862e+308, 0.0000e+00, 0.0000e+00, 
 2DIAGNOSTIC,     8, -4.925094568856e-01, 1.797693134862e+308, 0.0000e+00, 0.0000e+00, 
 2DIAGNOSTIC,     9, -4.925127392069e-01, 1.797693134862e+308, 0.0000e+00, 0.0000e+00, 
 2DIAGNOSTIC,    10, -4.925181961590e-01, 1.457944169107e-04, 0.0000e+00, 0.0000e+00, 
 2DIAGNOSTIC,    11, -4.925274359383e-01, 1.062742665099e-04, 0.0000e+00, 0.0000e+00, 
 2DIAGNOSTIC,    12, -4.925424443141e-01, 7.121636321432e-05, 0.0000e+00, 0.0000e+00, 
 2DIAGNOSTIC,    13, -4.925584680935e-01, 4.167055087902e-05, 0.0000e+00, 0.0000e+00, 
 2DIAGNOSTIC,    14, -4.925748942426e-01, 2.208787752747e-05, 0.0000e+00, 0.0000e+00, 
 2DIAGNOSTIC,    15, -4.925956591628e-01, 9.688118486978e-06, 0.0000e+00, 0.0000e+00, 
 2DIAGNOSTIC,    16, -4.925961852665e-01, 1.022208362192e-05, 0.0000e+00, 0.0000e+00, 
 2DIAGNOSTIC,    17, -4.925951222636e-01, 9.945701782893e-06, 0.0000e+00, 0.0000e+00, 
 2DIAGNOSTIC,    18, -4.925952746727e-01, 9.001942645429e-06, 0.0000e+00, 0.0000e+00, 
 2DIAGNOSTIC,    19, -4.925946727609e-01, 7.561887934708e-06, 0.0000e+00, 0.0000e+00, 
 2DIAGNOSTIC,    20, -4.925946005140e-01, 5.867527650888e-06, 0.0000e+00, 0.0000e+00, 
 2DIAGNOSTIC,    21, -4.925943959357e-01, 4.183090888586e-06, 0.0000e+00, 0.0000e+00, 
 2DIAGNOSTIC,    22, -4.925941325348e-01, 2.791943714803e-06, 0.0000e+00, 0.0000e+00, 
 2DIAGNOSTIC,    23, -4.925941821797e-01, 1.794178383710e-06, 0.0000e+00, 0.0000e+00, 
 2DIAGNOSTIC,    24, -4.925940798357e-01, 1.219150105730e-06, 0.0000e+00, 0.0000e+00, 
 2DIAGNOSTIC,    25, -4.925940024268e-01, 1.177282326507e-06, 0.0000e+00, 0.0000e+00, 
 2DIAGNOSTIC,    26, -4.925940346976e-01, 1.160678988595e-06, 0.0000e+00, 0.0000e+00, 
 2DIAGNOSTIC,    27, -4.925939612599e-01, 1.126739199421e-06, 1.0240e+03, 1.0240e+03, 
 2DIAGNOSTIC,    28, -4.925939062964e-01, 1.102438172536e-06, 1.0240e+03, 0.0000e+00, 
 2DIAGNOSTIC,    29, -4.925939454163e-01, 1.071804428321e-06, 1.0240e+03, 0.0000e+00, 
 2DIAGNOSTIC,    30, -4.925939642209e-01, 1.044643145279e-06, 1.0240e+03, 0.0000e+00, 
 2DIAGNOSTIC,    31, -4.925940401504e-01, 1.018470498153e-06, 1.0240e+03, 0.0000e+00, 
  Elapsed time (stage 0): 1.0240e+03


Total elapsed time: 1.0240e+03
Info [verificarlo]: loaded backend libinterflop_vprec.so
Info [interflop-vprec]: load backend with: 
