
##########################
# Experiment information #
##########################

EXPERIMENT_NAME: antsRegistration-r8-p22
VFC_BACKENDS: libinterflop_vprec.so --range-binary32=8 --precision-binary32=22 --range-binary64=8 --precision-binary64=22

SIF_IMG: /home/mdugre/projects/rrg-glatard/mdugre/containers/ants-vprec-no_metrics.simg

SUBJECT_ID: s035
INPUT_IMG: /home/mdugre/scratch/mri-registration-rp/datasets/ds004513/derivatives/mri-registration-rp/antsBrainExtraction/sub-s035/BrainExtractionBrain.nii.gz
OUTPUT_DIR: /home/mdugre/scratch/mri-registration-rp/datasets/ds004513/derivatives/mri-registration-rp/1111/antsRegistration-r8-p22/sub-s035

FIXED_IMG: /templateflow/tpl-MNI152NLin2009cAsym/tpl-MNI152NLin2009cAsym_res-01_desc-brain_T1w.nii.gz
DATA_DIR: /home/mdugre/scratch/mri-registration-rp/datasets/ds004513
TEMPLATEFLOW_DIR: /home/mdugre/projects/rrg-glatard/mdugre/templateflow
ITK_GLOBAL_DEFAULT_NUMBER_OF_THREADS: 16
##########################

Info [verificarlo]: loaded backend libinterflop_vprec.so
Info [interflop-vprec]: load backend with: 
Info [interflop-vprec]: precision-binary32 = 22
Info [interflop-vprec]: range-binary32 = 8
Info [interflop-vprec]: precision-binary64 = 22
Info [interflop-vprec]: range-binary64 = 8
Info [interflop-vprec]: mode = ob
Info [interflop-vprec]: error-mode = rel
Info [interflop-vprec]: max-abs-error-exponent = -1022
Info [interflop-vprec]: daz = false
Info [interflop-vprec]: ftz = false
Info [interflop-vprec]: 	instrument = none
Info [interflop-vprec]: 	prec-input-file = (null)
Info [interflop-vprec]: 	prec-output-file = (null)
Info [interflop-vprec]: 	prec-log-file = (null)
All_Command_lines_OK
Using double precision for computations.
=============================================================================
The composite transform comprises the following transforms (in order): 
  1. Center of mass alignment using fixed image: /templateflow/tpl-MNI152NLin2009cAsym/tpl-MNI152NLin2009cAsym_res-01_desc-brain_T1w.nii.gz and moving image: /home/mdugre/scratch/mri-registration-rp/datasets/ds004513/derivatives/mri-registration-rp/antsBrainExtraction/sub-s035/BrainExtractionBrain.nii.gz (type = Euler3DTransform)
=============================================================================
  number of levels = 1
  fixed image: /templateflow/tpl-MNI152NLin2009cAsym/tpl-MNI152NLin2009cAsym_res-01_desc-brain_T1w.nii.gz
  moving image: /home/mdugre/scratch/mri-registration-rp/datasets/ds004513/derivatives/mri-registration-rp/antsBrainExtraction/sub-s035/BrainExtractionBrain.nii.gz
Dimension = 3
Number of stages = 1
Use histogram matching = false
Winsorize image intensities = true
  Lower quantile = 0.005
  Upper quantile = 0.995


Stage 1 State
   Image metric = MattesMI
     Fixed image = Image (0x32a5b20)
  RTTI typeinfo:   itk::Image<double, 3u>
  Reference Count: 2
  Modified Time: 2330
  Debug: Off
  Object Name: 
  Observers: 
    none
  Source: (none)
  Source output name: (none)
  Release Data: Off
  Data Released: False
  Global Release Data: Off
  PipelineMTime: 0
  UpdateMTime: 1941
  RealTimeStamp: 0 seconds 
  LargestPossibleRegion: 
    Dimension: 3
    Index: [0, 0, 0]
    Size: [193, 229, 193]
  BufferedRegion: 
    Dimension: 3
    Index: [0, 0, 0]
    Size: [193, 229, 193]
  RequestedRegion: 
    Dimension: 3
    Index: [0, 0, 0]
    Size: [193, 229, 193]
  Spacing: [1, 1, 1]
  Origin: [96, 132, -78]
  Direction: 
-1 0 0
0 -1 0
0 0 1

  IndexToPointMatrix: 
-1 0 0
0 -1 0
0 0 1

  PointToIndexMatrix: 
-1 0 0
0 -1 0
0 0 1

  Inverse Direction: 
-1 0 0
0 -1 0
0 0 1

  PixelContainer: 
    ImportImageContainer (0x33d1650)
      RTTI typeinfo:   itk::ImportImageContainer<unsigned long, double>
      Reference Count: 1
      Modified Time: 1938
      Debug: Off
      Object Name: 
      Observers: 
        none
      Pointer: 0x1498b1bfd010
      Container manages memory: true
      Size: 8530021
      Capacity: 8530021

     Moving image = Image (0x32ae240)
  RTTI typeinfo:   itk::Image<double, 3u>
  Reference Count: 2
  Modified Time: 2331
  Debug: Off
  Object Name: 
  Observers: 
    none
  Source: (none)
  Source output name: (none)
  Release Data: Off
  Data Released: False
  Global Release Data: Off
  PipelineMTime: 0
  UpdateMTime: 2328
  RealTimeStamp: 0 seconds 
  LargestPossibleRegion: 
    Dimension: 3
    Index: [0, 0, 0]
    Size: [160, 240, 256]
  BufferedRegion: 
    Dimension: 3
    Index: [0, 0, 0]
    Size: [160, 240, 256]
  RequestedRegion: 
    Dimension: 3
    Index: [0, 0, 0]
    Size: [160, 240, 256]
  Spacing: [1, 1, 1]
  Origin: [98.6438, 87.6358, -117.989]
  Direction: 
-0.993515 -0.100993 -0.0522355
0.100854 -0.994887 0.00530255
-0.0525039 1.93537e-08 0.998621

  IndexToPointMatrix: 
-0.993515 -0.100993 -0.0522355
0.100854 -0.994887 0.00530255
-0.0525039 1.93537e-08 0.998621

  PointToIndexMatrix: 
-0.993515 0.100854 -0.0525039
-0.100993 -0.994887 -1.78814e-07
-0.0522355 0.00530255 0.998621

  Inverse Direction: 
-0.993515 0.100854 -0.0525039
-0.100993 -0.994887 -1.78814e-07
-0.0522355 0.00530255 0.998621

  PixelContainer: 
    ImportImageContainer (0x33bbb90)
      RTTI typeinfo:   itk::ImportImageContainer<unsigned long, double>
      Reference Count: 1
      Modified Time: 2325
      Debug: Off
      Object Name: 
      Observers: 
        none
      Pointer: 0x1498ad0fc010
      Container manages memory: true
      Size: 9830400
      Capacity: 9830400

     Weighting = 1
     Sampling strategy = regular
     Number of bins = 32
     Radius = 4
     Sampling percentage  = 0.25
   Transform = Rigid
     Gradient step = 0.1
     Update field sigma (voxel space) = 0
     Total field sigma (voxel space) = 0
     Update field time sigma = 0
     Total field time sigma  = 0
     Number of time indices = 0
     Number of time point samples = 0
Registration using 1 total stages.

Stage 0
  iterations = 0
  convergence threshold = 1e-06
  convergence window size = 10
  number of levels = 1
  using the Mattes MI metric (number of bins = 32, weight = 1, use gradient filter = 0)
  preprocessing:  winsorizing the image intensities
  Shrink factors (level 1 out of 1): [1, 1, 1]
  smoothing sigmas per level: [0]
  regular sampling (percentage = 0.25)

*** Running Euler3DTransform registration ***

  Elapsed time (stage 0): 0


Total elapsed time: 0
Info [verificarlo]: loaded backend libinterflop_vprec.so
Info [interflop-vprec]: load backend with: 
Info [interflop-vprec]: precision-binary32 = 22
Info [interflop-vprec]: range-binary32 = 8
Info [interflop-vprec]: precision-binary64 = 22
Info [interflop-vprec]: range-binary64 = 8
Info [interflop-vprec]: mode = ob
Info [interflop-vprec]: error-mode = rel
Info [interflop-vprec]: max-abs-error-exponent = -1022
Info [interflop-vprec]: daz = false
Info [interflop-vprec]: ftz = false
Info [interflop-vprec]: 	instrument = none
Info [interflop-vprec]: 	prec-input-file = (null)
Info [interflop-vprec]: 	prec-output-file = (null)
Info [interflop-vprec]: 	prec-log-file = (null)
All_Command_lines_OK
Using double precision for computations.
=============================================================================
The composite transform comprises the following transforms (in order): 
  1. /home/mdugre/scratch/mri-registration-rp/datasets/ds004513/derivatives/mri-registration-rp/1111/antsRegistration-r8-p22/sub-s035/align_Composite.h5[0] (type = Euler3DTransform)
  2. /home/mdugre/scratch/mri-registration-rp/datasets/ds004513/derivatives/mri-registration-rp/1111/antsRegistration-r8-p22/sub-s035/align_Composite.h5[1] (type = Euler3DTransform)
=============================================================================
  number of levels = 4
  fixed image: /templateflow/tpl-MNI152NLin2009cAsym/tpl-MNI152NLin2009cAsym_res-01_desc-brain_T1w.nii.gz
  moving image: /home/mdugre/scratch/mri-registration-rp/datasets/ds004513/derivatives/mri-registration-rp/antsBrainExtraction/sub-s035/BrainExtractionBrain.nii.gz
Dimension = 3
Number of stages = 1
Use histogram matching = false
Winsorize image intensities = true
  Lower quantile = 0.005
  Upper quantile = 0.995


Stage 1 State
   Image metric = MattesMI
     Fixed image = Image (0x41251e0)
  RTTI typeinfo:   itk::Image<double, 3u>
  Reference Count: 2
  Modified Time: 1578
  Debug: Off
  Object Name: 
  Observers: 
    none
  Source: (none)
  Source output name: (none)
  Release Data: Off
  Data Released: False
  Global Release Data: Off
  PipelineMTime: 0
  UpdateMTime: 1189
  RealTimeStamp: 0 seconds 
  LargestPossibleRegion: 
    Dimension: 3
    Index: [0, 0, 0]
    Size: [193, 229, 193]
  BufferedRegion: 
    Dimension: 3
    Index: [0, 0, 0]
    Size: [193, 229, 193]
  RequestedRegion: 
    Dimension: 3
    Index: [0, 0, 0]
    Size: [193, 229, 193]
  Spacing: [1, 1, 1]
  Origin: [96, 132, -78]
  Direction: 
-1 0 0
0 -1 0
0 0 1

  IndexToPointMatrix: 
-1 0 0
0 -1 0
0 0 1

  PointToIndexMatrix: 
-1 0 0
0 -1 0
0 0 1

  Inverse Direction: 
-1 0 0
0 -1 0
0 0 1

  PixelContainer: 
    ImportImageContainer (0x41e4640)
      RTTI typeinfo:   itk::ImportImageContainer<unsigned long, double>
      Reference Count: 1
      Modified Time: 1186
      Debug: Off
      Object Name: 
      Observers: 
        none
      Pointer: 0x1537f1e24010
      Container manages memory: true
      Size: 8530021
      Capacity: 8530021

     Moving image = Image (0x41e0c90)
  RTTI typeinfo:   itk::Image<double, 3u>
  Reference Count: 2
  Modified Time: 1579
  Debug: Off
  Object Name: 
  Observers: 
    none
  Source: (none)
  Source output name: (none)
  Release Data: Off
  Data Released: False
  Global Release Data: Off
  PipelineMTime: 0
  UpdateMTime: 1576
  RealTimeStamp: 0 seconds 
  LargestPossibleRegion: 
    Dimension: 3
    Index: [0, 0, 0]
    Size: [160, 240, 256]
  BufferedRegion: 
    Dimension: 3
    Index: [0, 0, 0]
    Size: [160, 240, 256]
  RequestedRegion: 
    Dimension: 3
    Index: [0, 0, 0]
    Size: [160, 240, 256]
  Spacing: [1, 1, 1]
  Origin: [98.6438, 87.6358, -117.989]
  Direction: 
-0.993515 -0.100993 -0.0522355
0.100854 -0.994887 0.00530255
-0.0525039 1.93537e-08 0.998621

  IndexToPointMatrix: 
-0.993515 -0.100993 -0.0522355
0.100854 -0.994887 0.00530255
-0.0525039 1.93537e-08 0.998621

  PointToIndexMatrix: 
-0.993515 0.100854 -0.0525039
-0.100993 -0.994887 -1.78814e-07
-0.0522355 0.00530255 0.998621

  Inverse Direction: 
-0.993515 0.100854 -0.0525039
-0.100993 -0.994887 -1.78814e-07
-0.0522355 0.00530255 0.998621

  PixelContainer: 
    ImportImageContainer (0x4251d90)
      RTTI typeinfo:   itk::ImportImageContainer<unsigned long, double>
      Reference Count: 1
      Modified Time: 1573
      Debug: Off
      Object Name: 
      Observers: 
        none
      Pointer: 0x1537ed323010
      Container manages memory: true
      Size: 9830400
      Capacity: 9830400

     Weighting = 1
     Sampling strategy = regular
     Number of bins = 32
     Radius = 4
     Sampling percentage  = 0.25
   Transform = Rigid
     Gradient step = 0.1
     Update field sigma (voxel space) = 0
     Total field sigma (voxel space) = 0
     Update field time sigma = 0
     Total field time sigma  = 0
     Number of time indices = 0
     Number of time point samples = 0
Registration using 1 total stages.

Stage 0
  iterations = 1000x500x250x100
  convergence threshold = 1e-06
  convergence window size = 10
  number of levels = 4
  using the Mattes MI metric (number of bins = 32, weight = 1, use gradient filter = 0)
  preprocessing:  winsorizing the image intensities
  Shrink factors (level 1 out of 4): [8, 8, 8]
  Shrink factors (level 2 out of 4): [4, 4, 4]
  Shrink factors (level 3 out of 4): [2, 2, 2]
  Shrink factors (level 4 out of 4): [1, 1, 1]
  smoothing sigmas per level: [3, 2, 1, 0]
  regular sampling (percentage = 0.25)

*** Running Euler3DTransform registration ***

DIAGNOSTIC,Iteration,metricValue,convergenceValue,ITERATION_TIME_INDEX,SINCE_LAST
 2DIAGNOSTIC,     1, -5.250923360040e-01, 1.797693134862e+308, 0.0000e+00, 0.0000e+00, 
 2DIAGNOSTIC,     2, -5.267958603001e-01, 1.797693134862e+308, 0.0000e+00, 0.0000e+00, 
 2DIAGNOSTIC,     3, -5.287665041893e-01, 1.797693134862e+308, 0.0000e+00, 0.0000e+00, 
 2DIAGNOSTIC,     4, -5.311863401427e-01, 1.797693134862e+308, 0.0000e+00, 0.0000e+00, 
 2DIAGNOSTIC,     5, -5.357217768656e-01, 1.797693134862e+308, 0.0000e+00, 0.0000e+00, 
 2DIAGNOSTIC,     6, -5.429922866091e-01, 1.797693134862e+308, 0.0000e+00, 0.0000e+00, 
 2DIAGNOSTIC,     7, -5.519617164808e-01, 1.797693134862e+308, 0.0000e+00, 0.0000e+00, 
 2DIAGNOSTIC,     8, -5.596941228028e-01, 1.797693134862e+308, 0.0000e+00, 0.0000e+00, 
 2DIAGNOSTIC,     9, -5.620787955604e-01, 1.797693134862e+308, 0.0000e+00, 0.0000e+00, 
 2DIAGNOSTIC,    10, -5.642911014092e-01, 5.376691230757e-03, 0.0000e+00, 0.0000e+00, 
 2DIAGNOSTIC,    11, -5.642846178850e-01, 4.882275114768e-03, 0.0000e+00, 0.0000e+00, 
 2DIAGNOSTIC,    12, -5.644841615985e-01, 4.114982318585e-03, 0.0000e+00, 0.0000e+00, 
 2DIAGNOSTIC,    13, -5.646061071757e-01, 3.180862828744e-03, 0.0000e+00, 0.0000e+00, 
 2DIAGNOSTIC,    14, -5.649818581697e-01, 2.200103333251e-03, 0.0000e+00, 0.0000e+00, 
 2DIAGNOSTIC,    15, -5.653179894177e-01, 1.320203532004e-03, 0.0000e+00, 0.0000e+00, 
 2DIAGNOSTIC,    16, -5.654190257145e-01, 6.656439765808e-04, 0.0000e+00, 0.0000e+00, 
 2DIAGNOSTIC,    17, -5.655256428020e-01, 2.992303796827e-04, 0.0000e+00, 0.0000e+00, 
 2DIAGNOSTIC,    18, -5.657416281788e-01, 1.728953292462e-04, 0.0000e+00, 0.0000e+00, 
 2DIAGNOSTIC,    19, -5.660569828684e-01, 1.153631349159e-04, 0.0000e+00, 0.0000e+00, 
 2DIAGNOSTIC,    20, -5.686856589171e-01, 1.770838436167e-04, 0.0000e+00, 0.0000e+00, 
 2DIAGNOSTIC,    21, -5.714470956527e-01, 2.818894877917e-04, 0.0000e+00, 0.0000e+00, 
 2DIAGNOSTIC,    22, -5.739150771719e-01, 4.117820090523e-04, 0.0000e+00, 0.0000e+00, 
 2DIAGNOSTIC,    23, -5.746358163556e-01, 5.102658606870e-04, 0.0000e+00, 0.0000e+00, 
 2DIAGNOSTIC,    24, -5.752328855727e-01, 5.739621460948e-04, 0.0000e+00, 0.0000e+00, 
 2DIAGNOSTIC,    25, -5.753954339136e-01, 5.884049611437e-04, 0.0000e+00, 0.0000e+00, 
 2DIAGNOSTIC,    26, -5.764687872017e-01, 5.685650486375e-04, 0.0000e+00, 0.0000e+00, 
 2DIAGNOSTIC,    27, -5.771271109578e-01, 5.106080404963e-04, 0.0000e+00, 0.0000e+00, 
 2DIAGNOSTIC,    28, -5.775446338984e-01, 4.211287768464e-04, 0.0000e+00, 0.0000e+00, 
 2DIAGNOSTIC,    29, -5.782366106870e-01, 3.159446202835e-04, 0.0000e+00, 0.0000e+00, 
 2DIAGNOSTIC,    30, -5.812185885788e-01, 2.820188091245e-04, 0.0000e+00, 0.0000e+00, 
 2DIAGNOSTIC,    31, -5.817656540893e-01, 2.754011224781e-04, 0.0000e+00, 0.0000e+00, 
 2DIAGNOSTIC,    32, -5.819654611781e-01, 2.854062609757e-04, 0.0000e+00, 0.0000e+00, 
 2DIAGNOSTIC,    33, -5.871807807738e-01, 3.590912803818e-04, 0.0000e+00, 0.0000e+00, 
 2DIAGNOSTIC,    34, -5.914179671956e-01, 4.637057589897e-04, 0.0000e+00, 0.0000e+00, 
 2DIAGNOSTIC,    35, -5.935682333536e-01, 5.495161431428e-04, 0.0000e+00, 0.0000e+00, 
 2DIAGNOSTIC,    36, -6.079435965741e-01, 7.938718063931e-04, 0.0000e+00, 0.0000e+00, 
 2DIAGNOSTIC,    37, -6.308530925937e-01, 1.262374458169e-03, 0.0000e+00, 0.0000e+00, 
 2DIAGNOSTIC,    38, -6.373779076809e-01, 1.667495767966e-03, 0.0000e+00, 0.0000e+00, 
 2DIAGNOSTIC,    39, -6.388862690027e-01, 1.920912493917e-03, 0.0000e+00, 0.0000e+00, 
 2DIAGNOSTIC,    40, -6.470648120684e-01, 2.119816042873e-03, 0.0000e+00, 0.0000e+00, 
 2DIAGNOSTIC,    41, -6.523345152725e-01, 2.171966936028e-03, 0.0000e+00, 0.0000e+00, 
 2DIAGNOSTIC,    42, -6.582780932763e-01, 2.079636556162e-03, 0.0000e+00, 0.0000e+00, 
 2DIAGNOSTIC,    43, -6.704681795107e-01, 1.991401127425e-03, 0.0000e+00, 0.0000e+00, 
 2DIAGNOSTIC,    44, -6.702463678678e-01, 1.765155576795e-03, 0.0000e+00, 0.0000e+00, 
 2DIAGNOSTIC,    45, -6.722549557219e-01, 1.427792430181e-03, 0.0000e+00, 0.0000e+00, 
 2DIAGNOSTIC,    46, -6.743422519498e-01, 1.138886559167e-03, 0.0000e+00, 0.0000e+00, 
 2DIAGNOSTIC,    47, -6.745910098291e-01, 9.913406426161e-04, 0.0000e+00, 0.0000e+00, 
 2DIAGNOSTIC,    48, -6.749629329190e-01, 8.251733847346e-04, 0.0000e+00, 0.0000e+00, 
 2DIAGNOSTIC,    49, -6.750982176356e-01, 6.031582768633e-04, 0.0000e+00, 0.0000e+00, 
 2DIAGNOSTIC,    50, -6.754598479760e-01, 4.163525846539e-04, 0.0000e+00, 0.0000e+00, 
 2DIAGNOSTIC,    51, -6.757486919335e-01, 2.495413861665e-04, 0.0000e+00, 0.0000e+00, 
 2DIAGNOSTIC,    52, -6.759495457329e-01, 1.194717286381e-04, 0.0000e+00, 0.0000e+00, 
 2DIAGNOSTIC,    53, -6.760767973170e-01, 9.466921411834e-05, 0.0000e+00, 0.0000e+00, 
 2DIAGNOSTIC,    54, -6.767890978766e-01, 6.594703678063e-05, 0.0000e+00, 0.0000e+00, 
 2DIAGNOSTIC,    55, -6.786974673893e-01, 6.521727231407e-05, 0.0000e+00, 0.0000e+00, 
 2DIAGNOSTIC,    56, -6.799101512038e-01, 8.572011239871e-05, 0.0000e+00, 0.0000e+00, 
 2DIAGNOSTIC,    57, -6.803324555856e-01, 1.027323257835e-04, 0.0000e+00, 0.0000e+00, 
 2DIAGNOSTIC,    58, -6.811297187931e-01, 1.190337869919e-04, 0.0000e+00, 0.0000e+00, 
 2DIAGNOSTIC,    59, -6.813761881186e-01, 1.262170315188e-04, 0.0000e+00, 0.0000e+00, 
 2DIAGNOSTIC,    60, -6.818981701882e-01, 1.277028943521e-04, 0.0000e+00, 0.0000e+00, 
 2DIAGNOSTIC,    61, -6.822960079219e-01, 1.220276691804e-04, 0.0000e+00, 0.0000e+00, 
 2DIAGNOSTIC,    62, -6.835150545198e-01, 1.157190919025e-04, 0.0000e+00, 0.0000e+00, 
 2DIAGNOSTIC,    63, -6.844970597082e-01, 1.066499862222e-04, 0.0000e+00, 0.0000e+00, 
 2DIAGNOSTIC,    64, -6.849791529459e-01, 9.601133953479e-05, 0.0000e+00, 0.0000e+00, 
 2DIAGNOSTIC,    65, -6.850383234758e-01, 9.052314816337e-05, 0.0000e+00, 0.0000e+00, 
 2DIAGNOSTIC,    66, -6.852079795564e-01, 8.631878090405e-05, 0.0000e+00, 0.0000e+00, 
 2DIAGNOSTIC,    67, -6.852021951614e-01, 7.664440854515e-05, 0.0000e+00, 0.0000e+00, 
 2DIAGNOSTIC,    68, -6.852790355515e-01, 6.579562420528e-05, 0.0000e+00, 0.0000e+00, 
 2DIAGNOSTIC,    69, -6.853113107173e-01, 5.086146411209e-05, 0.0000e+00, 0.0000e+00, 
 2DIAGNOSTIC,    70, -6.852540517648e-01, 3.470889739115e-05, 0.0000e+00, 0.0000e+00, 
 2DIAGNOSTIC,    71, -6.855166654937e-01, 1.993863384606e-05, 0.0000e+00, 0.0000e+00, 
 2DIAGNOSTIC,    72, -6.856295337656e-01, 1.203764393285e-05, 0.0000e+00, 0.0000e+00, 
 2DIAGNOSTIC,    73, -6.855873472796e-01, 9.075311809173e-06, 0.0000e+00, 0.0000e+00, 
 2DIAGNOSTIC,    74, -6.851209495805e-01, 5.510201485016e-06, 0.0000e+00, 0.0000e+00, 
 2DIAGNOSTIC,    75, -6.851206886996e-01, 1.988676057310e-06, 0.0000e+00, 0.0000e+00, 
DIAGNOSTIC,Iteration,metricValue,convergenceValue,ITERATION_TIME_INDEX,SINCE_LAST
 2DIAGNOSTIC,     1, -5.565710427439e-01, 1.797693134862e+308, 0.0000e+00, 0.0000e+00, 
 2DIAGNOSTIC,     2, -5.568823399932e-01, 1.797693134862e+308, 0.0000e+00, 0.0000e+00, 
 2DIAGNOSTIC,     3, -5.572199932991e-01, 1.797693134862e+308, 0.0000e+00, 0.0000e+00, 
 2DIAGNOSTIC,     4, -5.575859397911e-01, 1.797693134862e+308, 0.0000e+00, 0.0000e+00, 
 2DIAGNOSTIC,     5, -5.581858640153e-01, 1.797693134862e+308, 0.0000e+00, 0.0000e+00, 
 2DIAGNOSTIC,     6, -5.589218670731e-01, 1.797693134862e+308, 0.0000e+00, 0.0000e+00, 
 2DIAGNOSTIC,     7, -5.602766975699e-01, 1.797693134862e+308, 0.0000e+00, 0.0000e+00, 
 2DIAGNOSTIC,     8, -5.610553120195e-01, 1.797693134862e+308, 0.0000e+00, 0.0000e+00, 
 2DIAGNOSTIC,     9, -5.616592501060e-01, 1.797693134862e+308, 0.0000e+00, 0.0000e+00, 
 2DIAGNOSTIC,    10, -5.630148323755e-01, 7.497397975174e-04, 0.0000e+00, 0.0000e+00, 
 2DIAGNOSTIC,    11, -5.641077798281e-01, 7.744718018448e-04, 0.0000e+00, 0.0000e+00, 
 2DIAGNOSTIC,    12, -5.648909229185e-01, 7.708833362226e-04, 0.0000e+00, 0.0000e+00, 
 2DIAGNOSTIC,    13, -5.651035872808e-01, 7.200249400164e-04, 0.0000e+00, 0.0000e+00, 
 2DIAGNOSTIC,    14, -5.651953185439e-01, 6.285185476072e-04, 0.0000e+00, 0.0000e+00, 
 2DIAGNOSTIC,    15, -5.655683825298e-01, 5.247053057899e-04, 0.0000e+00, 0.0000e+00, 
 2DIAGNOSTIC,    16, -5.661066262491e-01, 4.247121234549e-04, 0.0000e+00, 0.0000e+00, 
 2DIAGNOSTIC,    17, -5.662234055372e-01, 3.408686947834e-04, 0.0000e+00, 0.0000e+00, 
 2DIAGNOSTIC,    18, -5.662581167449e-01, 2.585022040529e-04, 0.0000e+00, 0.0000e+00, 
 2DIAGNOSTIC,    19, -5.662261068416e-01, 1.761082502707e-04, 0.0000e+00, 0.0000e+00, 
 2DIAGNOSTIC,    20, -5.662296563058e-01, 1.195490525089e-04, 0.0000e+00, 0.0000e+00, 
 2DIAGNOSTIC,    21, -5.662238036327e-01, 8.287733028832e-05, 0.0000e+00, 0.0000e+00, 
 2DIAGNOSTIC,    22, -5.662268265630e-01, 5.993818298602e-05, 0.0000e+00, 0.0000e+00, 
 2DIAGNOSTIC,    23, -5.662387357402e-01, 3.867694411033e-05, 0.0000e+00, 0.0000e+00, 
 2DIAGNOSTIC,    24, -5.662480117851e-01, 1.777913063911e-05, 0.0000e+00, 0.0000e+00, 
 2DIAGNOSTIC,    25, -5.662506892762e-01, 4.331925051636e-06, 0.0000e+00, 0.0000e+00, 
 2DIAGNOSTIC,    26, -5.662462569747e-01, 1.935951647818e-06, 0.0000e+00, 0.0000e+00, 
 2DIAGNOSTIC,    27, -5.662607032847e-01, 2.083251964220e-06, 0.0000e+00, 0.0000e+00, 
 2DIAGNOSTIC,    28, -5.663001666295e-01, 3.474664596111e-06, 0.0000e+00, 0.0000e+00, 
 2DIAGNOSTIC,    29, -5.663125338179e-01, 4.183919335363e-06, 0.0000e+00, 0.0000e+00, 
 2DIAGNOSTIC,    30, -5.663380149051e-01, 5.053686433880e-06, 0.0000e+00, 0.0000e+00, 
 2DIAGNOSTIC,    31, -5.664411432139e-01, 7.075864759565e-06, 0.0000e+00, 0.0000e+00, 
 2DIAGNOSTIC,    32, -5.665029834828e-01, 9.372542627499e-06, 0.0000e+00, 0.0000e+00, 
 2DIAGNOSTIC,    33, -5.665212610985e-01, 1.117799898700e-05, 0.0000e+00, 0.0000e+00, 
 2DIAGNOSTIC,    34, -5.665377999677e-01, 1.231310462739e-05, 0.0000e+00, 0.0000e+00, 
 2DIAGNOSTIC,    35, -5.665130280971e-01, 1.199633912966e-05, 0.0000e+00, 0.0000e+00, 
 2DIAGNOSTIC,    36, -5.665552587633e-01, 1.116373297136e-05, 0.0000e+00, 0.0000e+00, 
 2DIAGNOSTIC,    37, -5.665565934840e-01, 9.568155008334e-06, 0.0000e+00, 0.0000e+00, 
 2DIAGNOSTIC,    38, -5.665571816119e-01, 7.773219636235e-06, 0.0000e+00, 0.0000e+00, 
 2DIAGNOSTIC,    39, -5.665783027238e-01, 5.867572185337e-06, 0.0000e+00, 0.0000e+00, 
 2DIAGNOSTIC,    40, -5.665890328761e-01, 4.003011432271e-06, 0.0000e+00, 0.0000e+00, 
 2DIAGNOSTIC,    41, -5.666000215348e-01, 3.301370556038e-06, 0.0000e+00, 0.0000e+00, 
 2DIAGNOSTIC,    42, -5.665845780046e-01, 2.939467373907e-06, 0.0000e+00, 0.0000e+00, 
 2DIAGNOSTIC,    43, -5.665860048884e-01, 2.623519918494e-06, 0.0000e+00, 0.0000e+00, 
 2DIAGNOSTIC,    44, -5.665701837641e-01, 2.159382665692e-06, 0.0000e+00, 0.0000e+00, 
 2DIAGNOSTIC,    45, -5.665716325761e-01, 1.303616171101e-06, 0.0000e+00, 0.0000e+00, 
DIAGNOSTIC,Iteration,metricValue,convergenceValue,ITERATION_TIME_INDEX,SINCE_LAST
 2DIAGNOSTIC,     1, -5.035076471780e-01, 1.797693134862e+308, 0.0000e+00, 0.0000e+00, 
 2DIAGNOSTIC,     2, -5.038553385545e-01, 1.797693134862e+308, 0.0000e+00, 0.0000e+00, 
 2DIAGNOSTIC,     3, -5.041934163350e-01, 1.797693134862e+308, 0.0000e+00, 0.0000e+00, 
 2DIAGNOSTIC,     4, -5.044352598232e-01, 1.797693134862e+308, 0.0000e+00, 0.0000e+00, 
 2DIAGNOSTIC,     5, -5.044956778993e-01, 1.797693134862e+308, 0.0000e+00, 0.0000e+00, 
 2DIAGNOSTIC,     6, -5.045378436307e-01, 1.797693134862e+308, 0.0000e+00, 0.0000e+00, 
 2DIAGNOSTIC,     7, -5.045941555713e-01, 1.797693134862e+308, 0.0000e+00, 0.0000e+00, 
 2DIAGNOSTIC,     8, -5.046820799385e-01, 1.797693134862e+308, 0.0000e+00, 0.0000e+00, 
 2DIAGNOSTIC,     9, -5.046809300251e-01, 1.797693134862e+308, 0.0000e+00, 0.0000e+00, 
 2DIAGNOSTIC,    10, -5.046797294855e-01, 1.337714370162e-04, 0.0000e+00, 0.0000e+00, 
 2DIAGNOSTIC,    11, -5.046799730199e-01, 8.066060101411e-05, 0.0000e+00, 0.0000e+00, 
 2DIAGNOSTIC,    12, -5.046791515783e-01, 4.537835704099e-05, 0.0000e+00, 0.0000e+00, 
 2DIAGNOSTIC,    13, -5.046792578634e-01, 2.601341012101e-05, 0.0000e+00, 0.0000e+00, 
 2DIAGNOSTIC,    14, -5.046793510099e-01, 1.698662737799e-05, 0.0000e+00, 0.0000e+00, 
 2DIAGNOSTIC,    15, -5.046783044267e-01, 1.008456587098e-05, 0.0000e+00, 0.0000e+00, 
 2DIAGNOSTIC,    16, -5.046774525878e-01, 4.750836844827e-06, 0.0000e+00, 0.0000e+00, 
 2DIAGNOSTIC,    17, -5.046774370479e-01, 1.572031991887e-06, 0.0000e+00, 0.0000e+00, 
 2DIAGNOSTIC,    18, -5.046775803455e-01, 1.530101250459e-06, 0.0000e+00, 0.0000e+00, 
 2DIAGNOSTIC,    19, -5.046758165076e-01, 1.428185551433e-06, 0.0000e+00, 0.0000e+00, 
 2DIAGNOSTIC,    20, -5.046758433562e-01, 1.327672361398e-06, 0.0000e+00, 0.0000e+00, 
 2DIAGNOSTIC,    21, -5.046757928532e-01, 1.266868006992e-06, 0.0000e+00, 0.0000e+00, 
 2DIAGNOSTIC,    22, -5.046758264371e-01, 1.213269166300e-06, 0.0000e+00, 0.0000e+00, 
 2DIAGNOSTIC,    23, -5.046758114768e-01, 1.187510714366e-06, 0.0000e+00, 0.0000e+00, 
 2DIAGNOSTIC,    24, -5.046758378800e-01, 1.185994272845e-06, 0.0000e+00, 0.0000e+00, 
 2DIAGNOSTIC,    25, -5.046758548622e-01, 1.175051382390e-06, 0.0000e+00, 0.0000e+00, 
 2DIAGNOSTIC,    26, -5.046758837312e-01, 1.155535790068e-06, 0.0000e+00, 0.0000e+00, 
 2DIAGNOSTIC,    27, -5.046759354968e-01, 1.143924733521e-06, 0.0000e+00, 0.0000e+00, 
 2DIAGNOSTIC,    28, -5.046759125020e-01, 1.139623058692e-06, 0.0000e+00, 0.0000e+00, 
 2DIAGNOSTIC,    29, -5.046760049067e-01, 1.102672475689e-06, 0.0000e+00, 0.0000e+00, 
 2DIAGNOSTIC,    30, -5.046759245169e-01, 1.066466160562e-06, 0.0000e+00, 0.0000e+00, 
 2DIAGNOSTIC,    31, -5.046759963202e-01, 1.032285216467e-06, 0.0000e+00, 0.0000e+00, 
 2DIAGNOSTIC,    32, -5.046760134928e-01, 1.000384492265e-06, 0.0000e+00, 0.0000e+00, 
DIAGNOSTIC,Iteration,metricValue,convergenceValue,ITERATION_TIME_INDEX,SINCE_LAST
 2DIAGNOSTIC,     1, -4.672946468963e-01, 1.797693134862e+308, 0.0000e+00, 0.0000e+00, 
 2DIAGNOSTIC,     2, -4.674189239113e-01, 1.797693134862e+308, 0.0000e+00, 0.0000e+00, 
 2DIAGNOSTIC,     3, -4.674208900995e-01, 1.797693134862e+308, 0.0000e+00, 0.0000e+00, 
 2DIAGNOSTIC,     4, -4.674212249590e-01, 1.797693134862e+308, 0.0000e+00, 0.0000e+00, 
 2DIAGNOSTIC,     5, -4.674210963545e-01, 1.797693134862e+308, 0.0000e+00, 0.0000e+00, 
 2DIAGNOSTIC,     6, -4.674211206864e-01, 1.797693134862e+308, 0.0000e+00, 0.0000e+00, 
 2DIAGNOSTIC,     7, -4.674211283372e-01, 1.797693134862e+308, 0.0000e+00, 0.0000e+00, 
 2DIAGNOSTIC,     8, -4.674211239069e-01, 1.797693134862e+308, 0.0000e+00, 0.0000e+00, 
 2DIAGNOSTIC,     9, -4.674211188027e-01, 1.797693134862e+308, 0.0000e+00, 0.0000e+00, 
 2DIAGNOSTIC,    10, -4.674211184985e-01, 1.099006499060e-05, 0.0000e+00, 0.0000e+00, 
 2DIAGNOSTIC,    11, -4.674211094300e-01, 3.015592880434e-06, 0.0000e+00, 0.0000e+00, 
 2DIAGNOSTIC,    12, -4.674211093974e-01, 2.653202815547e-06, 0.0000e+00, 0.0000e+00, 
 2DIAGNOSTIC,    13, -4.674211079248e-01, 2.437351591722e-06, 0.0000e+00, 0.0000e+00, 
 2DIAGNOSTIC,    14, -4.674210414829e-01, 2.264678728908e-06, 0.0000e+00, 0.0000e+00, 
 2DIAGNOSTIC,    15, -4.674210311741e-01, 2.109790912683e-06, 0.0000e+00, 0.0000e+00, 
 2DIAGNOSTIC,    16, -4.674210309353e-01, 1.975830583867e-06, 0.0000e+00, 0.0000e+00, 
 2DIAGNOSTIC,    17, -4.674210324460e-01, 1.858750321923e-06, 0.0000e+00, 0.0000e+00, 
 2DIAGNOSTIC,    18, -4.674209327526e-01, 1.752027917822e-06, 0.0000e+00, 0.0000e+00, 
 2DIAGNOSTIC,    19, -4.674209332599e-01, 1.657657118403e-06, 0.0000e+00, 0.0000e+00, 
 2DIAGNOSTIC,    20, -4.674209332599e-01, 1.573980572593e-06, 0.0000e+00, 0.0000e+00, 
 2DIAGNOSTIC,    21, -4.674209332599e-01, 1.499228261904e-06, 0.0000e+00, 0.0000e+00, 
 2DIAGNOSTIC,    22, -4.674209324046e-01, 1.432449088762e-06, 0.0000e+00, 0.0000e+00, 
 2DIAGNOSTIC,    23, -4.674209324046e-01, 1.372566460912e-06, 0.0000e+00, 0.0000e+00, 
 2DIAGNOSTIC,    24, -4.674209324046e-01, 1.316776464949e-06, 0.0000e+00, 0.0000e+00, 
 2DIAGNOSTIC,    25, -4.674209324046e-01, 1.265765983430e-06, 0.0000e+00, 0.0000e+00, 
 2DIAGNOSTIC,    26, -4.674209324046e-01, 1.219071749367e-06, 0.0000e+00, 0.0000e+00, 
 2DIAGNOSTIC,    27, -4.674209324046e-01, 1.176158814703e-06, 2.5600e+02, 2.5600e+02, 
 2DIAGNOSTIC,    28, -4.674209324046e-01, 1.134150388847e-06, 2.5600e+02, 0.0000e+00, 
 2DIAGNOSTIC,    29, -4.674209314466e-01, 1.095033899084e-06, 2.5600e+02, 0.0000e+00, 
 2DIAGNOSTIC,    30, -4.674209314466e-01, 1.058530621004e-06, 2.5600e+02, 0.0000e+00, 
 2DIAGNOSTIC,    31, -4.674209314466e-01, 1.024387752964e-06, 2.5600e+02, 0.0000e+00, 
  Elapsed time (stage 0): 2.5600e+02


Total elapsed time: 2.5600e+02
Info [verificarlo]: loaded backend libinterflop_vprec.so
Info [interflop-vprec]: load backend with: 
Info [interflop-vprec]: precision-binary32 = 22
Info [interflop-vprec]: range-binary32 = 8
Info [interflop-vprec]: precision-binary64 = 22
Info [interflop-vprec]: range-binary64 = 8
Info [interflop-vprec]: mode = ob
Info [interflop-vprec]: error-mode = rel
Info [interflop-vprec]: max-abs-error-exponent = -1022
Info [interflop-vprec]: daz = false
Info [interflop-vprec]: ftz = false
Info [interflop-vprec]: 	instrument = none
Info [interflop-vprec]: 	prec-input-file = (null)
Info [interflop-vprec]: 	prec-output-file = (null)
Info [interflop-vprec]: 	prec-log-file = (null)
All_Command_lines_OK
Using double precision for computations.
=============================================================================
The composite transform comprises the following transforms (in order): 
  1. /home/mdugre/scratch/mri-registration-rp/datasets/ds004513/derivatives/mri-registration-rp/1111/antsRegistration-r8-p22/sub-s035/rigid_Composite.h5[0] (type = Euler3DTransform)
  2. /home/mdugre/scratch/mri-registration-rp/datasets/ds004513/derivatives/mri-registration-rp/1111/antsRegistration-r8-p22/sub-s035/rigid_Composite.h5[1] (type = Euler3DTransform)
  3. /home/mdugre/scratch/mri-registration-rp/datasets/ds004513/derivatives/mri-registration-rp/1111/antsRegistration-r8-p22/sub-s035/rigid_Composite.h5[2] (type = Euler3DTransform)
=============================================================================
  number of levels = 4
  fixed image: /templateflow/tpl-MNI152NLin2009cAsym/tpl-MNI152NLin2009cAsym_res-01_desc-brain_T1w.nii.gz
  moving image: /home/mdugre/scratch/mri-registration-rp/datasets/ds004513/derivatives/mri-registration-rp/antsBrainExtraction/sub-s035/BrainExtractionBrain.nii.gz
Dimension = 3
Number of stages = 1
Use histogram matching = false
Winsorize image intensities = true
  Lower quantile = 0.005
  Upper quantile = 0.995


Stage 1 State
   Image metric = MattesMI
     Fixed image = Image (0x4a01490)
  RTTI typeinfo:   itk::Image<double, 3u>
  Reference Count: 2
  Modified Time: 1592
  Debug: Off
  Object Name: 
  Observers: 
    none
  Source: (none)
  Source output name: (none)
  Release Data: Off
  Data Released: False
  Global Release Data: Off
  PipelineMTime: 0
  UpdateMTime: 1203
  RealTimeStamp: 0 seconds 
  LargestPossibleRegion: 
    Dimension: 3
    Index: [0, 0, 0]
    Size: [193, 229, 193]
  BufferedRegion: 
    Dimension: 3
    Index: [0, 0, 0]
    Size: [193, 229, 193]
  RequestedRegion: 
    Dimension: 3
    Index: [0, 0, 0]
    Size: [193, 229, 193]
  Spacing: [1, 1, 1]
  Origin: [96, 132, -78]
  Direction: 
-1 0 0
0 -1 0
0 0 1

  IndexToPointMatrix: 
-1 0 0
0 -1 0
0 0 1

  PointToIndexMatrix: 
-1 0 0
0 -1 0
0 0 1

  Inverse Direction: 
-1 0 0
0 -1 0
0 0 1

  PixelContainer: 
    ImportImageContainer (0x4ad6970)
      RTTI typeinfo:   itk::ImportImageContainer<unsigned long, double>
      Reference Count: 1
      Modified Time: 1200
      Debug: Off
      Object Name: 
      Observers: 
        none
      Pointer: 0x15256e04c010
      Container manages memory: true
      Size: 8530021
      Capacity: 8530021

     Moving image = Image (0x4abccd0)
  RTTI typeinfo:   itk::Image<double, 3u>
  Reference Count: 2
  Modified Time: 1593
  Debug: Off
  Object Name: 
  Observers: 
    none
  Source: (none)
  Source output name: (none)
  Release Data: Off
  Data Released: False
  Global Release Data: Off
  PipelineMTime: 0
  UpdateMTime: 1590
  RealTimeStamp: 0 seconds 
  LargestPossibleRegion: 
    Dimension: 3
    Index: [0, 0, 0]
    Size: [160, 240, 256]
  BufferedRegion: 
    Dimension: 3
    Index: [0, 0, 0]
    Size: [160, 240, 256]
  RequestedRegion: 
    Dimension: 3
    Index: [0, 0, 0]
    Size: [160, 240, 256]
  Spacing: [1, 1, 1]
  Origin: [98.6438, 87.6358, -117.989]
  Direction: 
-0.993515 -0.100993 -0.0522355
0.100854 -0.994887 0.00530255
-0.0525039 1.93537e-08 0.998621

  IndexToPointMatrix: 
-0.993515 -0.100993 -0.0522355
0.100854 -0.994887 0.00530255
-0.0525039 1.93537e-08 0.998621

  PointToIndexMatrix: 
-0.993515 0.100854 -0.0525039
-0.100993 -0.994887 -1.78814e-07
-0.0522355 0.00530255 0.998621

  Inverse Direction: 
-0.993515 0.100854 -0.0525039
-0.100993 -0.994887 -1.78814e-07
-0.0522355 0.00530255 0.998621

  PixelContainer: 
    ImportImageContainer (0x4ab1b80)
      RTTI typeinfo:   itk::ImportImageContainer<unsigned long, double>
      Reference Count: 1
      Modified Time: 1587
      Debug: Off
      Object Name: 
      Observers: 
        none
      Pointer: 0x15256954b010
      Container manages memory: true
      Size: 9830400
      Capacity: 9830400

     Weighting = 1
     Sampling strategy = regular
     Number of bins = 32
     Radius = 4
     Sampling percentage  = 0.25
   Transform = Affine
     Gradient step = 0.1
     Update field sigma (voxel space) = 0
     Total field sigma (voxel space) = 0
     Update field time sigma = 0
     Total field time sigma  = 0
     Number of time indices = 0
     Number of time point samples = 0
Registration using 1 total stages.

Stage 0
  iterations = 1000x500x250x100
  convergence threshold = 1e-06
  convergence window size = 10
  number of levels = 4
  using the Mattes MI metric (number of bins = 32, weight = 1, use gradient filter = 0)
  preprocessing:  winsorizing the image intensities
  Shrink factors (level 1 out of 4): [8, 8, 8]
  Shrink factors (level 2 out of 4): [4, 4, 4]
  Shrink factors (level 3 out of 4): [2, 2, 2]
  Shrink factors (level 4 out of 4): [1, 1, 1]
  smoothing sigmas per level: [3, 2, 1, 0]
  regular sampling (percentage = 0.25)

*** Running AffineTransform registration ***

DIAGNOSTIC,Iteration,metricValue,convergenceValue,ITERATION_TIME_INDEX,SINCE_LAST
 2DIAGNOSTIC,     1, -6.764690577956e-01, 1.797693134862e+308, 0.0000e+00, 0.0000e+00, 
 2DIAGNOSTIC,     2, -6.787694169208e-01, 1.797693134862e+308, 0.0000e+00, 0.0000e+00, 
 2DIAGNOSTIC,     3, -6.831628241317e-01, 1.797693134862e+308, 0.0000e+00, 0.0000e+00, 
 2DIAGNOSTIC,     4, -6.918629701818e-01, 1.797693134862e+308, 0.0000e+00, 0.0000e+00, 
 2DIAGNOSTIC,     5, -7.010324370672e-01, 1.797693134862e+308, 0.0000e+00, 0.0000e+00, 
 2DIAGNOSTIC,     6, -7.127829959219e-01, 1.797693134862e+308, 0.0000e+00, 0.0000e+00, 
 2DIAGNOSTIC,     7, -7.356351268800e-01, 1.797693134862e+308, 0.0000e+00, 0.0000e+00, 
 2DIAGNOSTIC,     8, -7.391153231937e-01, 1.797693134862e+308, 0.0000e+00, 0.0000e+00, 
 2DIAGNOSTIC,     9, -7.399351126313e-01, 1.797693134862e+308, 0.0000e+00, 0.0000e+00, 
 2DIAGNOSTIC,    10, -7.422908749876e-01, 7.244164724568e-03, 0.0000e+00, 0.0000e+00, 
 2DIAGNOSTIC,    11, -7.424253079055e-01, 6.185274977340e-03, 0.0000e+00, 0.0000e+00, 
 2DIAGNOSTIC,    12, -7.423960204244e-01, 4.823126583062e-03, 0.0000e+00, 0.0000e+00, 
 2DIAGNOSTIC,    13, -7.423535227397e-01, 3.374738497297e-03, 0.0000e+00, 0.0000e+00, 
 2DIAGNOSTIC,    14, -7.421932847008e-01, 2.081565618626e-03, 0.0000e+00, 0.0000e+00, 
 2DIAGNOSTIC,    15, -7.420312239299e-01, 1.012111930414e-03, 0.0000e+00, 0.0000e+00, 
 2DIAGNOSTIC,    16, -7.420086602692e-01, 2.610737717093e-04, 0.0000e+00, 0.0000e+00, 
 2DIAGNOSTIC,    17, -7.421052878898e-01, 1.060074159341e-04, 0.0000e+00, 0.0000e+00, 
 2DIAGNOSTIC,    18, -7.419145535744e-01, 3.075492525725e-05, 0.0000e+00, 0.0000e+00, 
DIAGNOSTIC,Iteration,metricValue,convergenceValue,ITERATION_TIME_INDEX,SINCE_LAST
 2DIAGNOSTIC,     1, -6.104934984009e-01, 1.797693134862e+308, 0.0000e+00, 0.0000e+00, 
 2DIAGNOSTIC,     2, -6.108825813714e-01, 1.797693134862e+308, 0.0000e+00, 0.0000e+00, 
 2DIAGNOSTIC,     3, -6.113430149899e-01, 1.797693134862e+308, 0.0000e+00, 0.0000e+00, 
 2DIAGNOSTIC,     4, -6.119458052018e-01, 1.797693134862e+308, 0.0000e+00, 0.0000e+00, 
 2DIAGNOSTIC,     5, -6.122182970433e-01, 1.797693134862e+308, 0.0000e+00, 0.0000e+00, 
 2DIAGNOSTIC,     6, -6.122852250348e-01, 1.797693134862e+308, 0.0000e+00, 0.0000e+00, 
 2DIAGNOSTIC,     7, -6.123598194360e-01, 1.797693134862e+308, 0.0000e+00, 0.0000e+00, 
 2DIAGNOSTIC,     8, -6.123381762942e-01, 1.797693134862e+308, 0.0000e+00, 0.0000e+00, 
 2DIAGNOSTIC,     9, -6.123315752386e-01, 1.797693134862e+308, 0.0000e+00, 0.0000e+00, 
 2DIAGNOSTIC,    10, -6.123162409898e-01, 1.885926273522e-04, 0.0000e+00, 0.0000e+00, 
 2DIAGNOSTIC,    11, -6.123237410588e-01, 1.139614354376e-04, 0.0000e+00, 0.0000e+00, 
 2DIAGNOSTIC,    12, -6.123436153767e-01, 5.751366522140e-05, 0.0000e+00, 0.0000e+00, 
 2DIAGNOSTIC,    13, -6.123333245062e-01, 2.039997529810e-05, 0.0000e+00, 0.0000e+00, 
 2DIAGNOSTIC,    14, -6.123307997428e-01, 6.710226898882e-06, 0.0000e+00, 0.0000e+00, 
 2DIAGNOSTIC,    15, -6.123098594727e-01, 2.203020874253e-06, 0.0000e+00, 0.0000e+00, 
DIAGNOSTIC,Iteration,metricValue,convergenceValue,ITERATION_TIME_INDEX,SINCE_LAST
 2DIAGNOSTIC,     1, -5.360874623872e-01, 1.797693134862e+308, 0.0000e+00, 0.0000e+00, 
 2DIAGNOSTIC,     2, -5.363487233100e-01, 1.797693134862e+308, 0.0000e+00, 0.0000e+00, 
 2DIAGNOSTIC,     3, -5.365669805890e-01, 1.797693134862e+308, 0.0000e+00, 0.0000e+00, 
 2DIAGNOSTIC,     4, -5.366452050264e-01, 1.797693134862e+308, 0.0000e+00, 0.0000e+00, 
 2DIAGNOSTIC,     5, -5.366639596073e-01, 1.797693134862e+308, 0.0000e+00, 0.0000e+00, 
 2DIAGNOSTIC,     6, -5.366648796635e-01, 1.797693134862e+308, 0.0000e+00, 0.0000e+00, 
 2DIAGNOSTIC,     7, -5.366634319261e-01, 1.797693134862e+308, 0.0000e+00, 0.0000e+00, 
 2DIAGNOSTIC,     8, -5.366653891860e-01, 1.797693134862e+308, 0.0000e+00, 0.0000e+00, 
 2DIAGNOSTIC,     9, -5.366654046240e-01, 1.797693134862e+308, 0.0000e+00, 0.0000e+00, 
 2DIAGNOSTIC,    10, -5.366646776524e-01, 5.252237693688e-05, 0.0000e+00, 0.0000e+00, 
 2DIAGNOSTIC,    11, -5.366637891149e-01, 2.287171154590e-05, 0.0000e+00, 0.0000e+00, 
 2DIAGNOSTIC,    12, -5.366642320032e-01, 7.703327136732e-06, 0.0000e+00, 0.0000e+00, 
 2DIAGNOSTIC,    13, -5.366628357591e-01, 3.163835838649e-06, 0.0000e+00, 0.0000e+00, 
 2DIAGNOSTIC,    14, -5.366623225142e-01, 2.127661555426e-06, 0.0000e+00, 0.0000e+00, 
 2DIAGNOSTIC,    15, -5.366600906789e-01, 1.826268118704e-06, 0.0000e+00, 0.0000e+00, 
 2DIAGNOSTIC,    16, -5.366604266042e-01, 1.634677283271e-06, 0.0000e+00, 0.0000e+00, 
 2DIAGNOSTIC,    17, -5.366626655522e-01, 1.519057377046e-06, 0.0000e+00, 0.0000e+00, 
 2DIAGNOSTIC,    18, -5.366643098711e-01, 1.551686961143e-06, 0.0000e+00, 0.0000e+00, 
 2DIAGNOSTIC,    19, -5.366636660554e-01, 1.583783479815e-06, 0.0000e+00, 0.0000e+00, 
 2DIAGNOSTIC,    20, -5.366641612859e-01, 1.617898364545e-06, 0.0000e+00, 0.0000e+00, 
 2DIAGNOSTIC,    21, -5.366646910007e-01, 1.635952453560e-06, 0.0000e+00, 0.0000e+00, 
 2DIAGNOSTIC,    22, -5.366638241170e-01, 1.628998010268e-06, 0.0000e+00, 0.0000e+00, 
 2DIAGNOSTIC,    23, -5.366631621514e-01, 1.557883389222e-06, 0.0000e+00, 0.0000e+00, 
 2DIAGNOSTIC,    24, -5.366632923436e-01, 1.470396036152e-06, 0.0000e+00, 0.0000e+00, 
 2DIAGNOSTIC,    25, -5.366624590793e-01, 1.311384981398e-06, 0.0000e+00, 0.0000e+00, 
 2DIAGNOSTIC,    26, -5.366616078064e-01, 1.149279310407e-06, 0.0000e+00, 0.0000e+00, 
 2DIAGNOSTIC,    27, -5.366617153804e-01, 1.051715238010e-06, 0.0000e+00, 0.0000e+00, 
DIAGNOSTIC,Iteration,metricValue,convergenceValue,ITERATION_TIME_INDEX,SINCE_LAST
 2DIAGNOSTIC,     1, -4.922366932739e-01, 1.797693134862e+308, 0.0000e+00, 0.0000e+00, 
 2DIAGNOSTIC,     2, -4.924206528186e-01, 1.797693134862e+308, 0.0000e+00, 0.0000e+00, 
 2DIAGNOSTIC,     3, -4.924839891563e-01, 1.797693134862e+308, 0.0000e+00, 0.0000e+00, 
 2DIAGNOSTIC,     4, -4.924857832008e-01, 1.797693134862e+308, 0.0000e+00, 0.0000e+00, 
 2DIAGNOSTIC,     5, -4.924860122738e-01, 1.797693134862e+308, 0.0000e+00, 0.0000e+00, 
 2DIAGNOSTIC,     6, -4.924851928490e-01, 1.797693134862e+308, 0.0000e+00, 0.0000e+00, 
