
##########################
# Experiment information #
##########################

EXPERIMENT_NAME: antsRegistration-r8-p19
VFC_BACKENDS: libinterflop_vprec.so --range-binary32=8 --precision-binary32=19 --range-binary64=8 --precision-binary64=19

SIF_IMG: /home/mdugre/projects/rrg-glatard/mdugre/containers/ants-vprec-no_metrics.simg

SUBJECT_ID: s035
INPUT_IMG: /home/mdugre/scratch/mri-registration-rp/datasets/ds004513/derivatives/mri-registration-rp/antsBrainExtraction/sub-s035/BrainExtractionBrain.nii.gz
OUTPUT_DIR: /home/mdugre/scratch/mri-registration-rp/datasets/ds004513/derivatives/mri-registration-rp/1111/antsRegistration-r8-p19/sub-s035

FIXED_IMG: /templateflow/tpl-MNI152NLin2009cAsym/tpl-MNI152NLin2009cAsym_res-01_desc-brain_T1w.nii.gz
DATA_DIR: /home/mdugre/scratch/mri-registration-rp/datasets/ds004513
TEMPLATEFLOW_DIR: /home/mdugre/projects/rrg-glatard/mdugre/templateflow
ITK_GLOBAL_DEFAULT_NUMBER_OF_THREADS: 16
##########################

Info [verificarlo]: loaded backend libinterflop_vprec.so
Info [interflop-vprec]: load backend with: 
Info [interflop-vprec]: precision-binary32 = 19
Info [interflop-vprec]: range-binary32 = 8
Info [interflop-vprec]: precision-binary64 = 19
Info [interflop-vprec]: range-binary64 = 8
Info [interflop-vprec]: mode = ob
Info [interflop-vprec]: error-mode = rel
Info [interflop-vprec]: max-abs-error-exponent = -1022
Info [interflop-vprec]: daz = false
Info [interflop-vprec]: ftz = false
Info [interflop-vprec]: 	instrument = none
Info [interflop-vprec]: 	prec-input-file = (null)
Info [interflop-vprec]: 	prec-output-file = (null)
Info [interflop-vprec]: 	prec-log-file = (null)
All_Command_lines_OK
Using double precision for computations.
=============================================================================
The composite transform comprises the following transforms (in order): 
  1. Center of mass alignment using fixed image: /templateflow/tpl-MNI152NLin2009cAsym/tpl-MNI152NLin2009cAsym_res-01_desc-brain_T1w.nii.gz and moving image: /home/mdugre/scratch/mri-registration-rp/datasets/ds004513/derivatives/mri-registration-rp/antsBrainExtraction/sub-s035/BrainExtractionBrain.nii.gz (type = Euler3DTransform)
=============================================================================
  number of levels = 1
  fixed image: /templateflow/tpl-MNI152NLin2009cAsym/tpl-MNI152NLin2009cAsym_res-01_desc-brain_T1w.nii.gz
  moving image: /home/mdugre/scratch/mri-registration-rp/datasets/ds004513/derivatives/mri-registration-rp/antsBrainExtraction/sub-s035/BrainExtractionBrain.nii.gz
Dimension = 3
Number of stages = 1
Use histogram matching = false
Winsorize image intensities = true
  Lower quantile = 0.005
  Upper quantile = 0.995


Stage 1 State
   Image metric = MattesMI
     Fixed image = Image (0x4c56b20)
  RTTI typeinfo:   itk::Image<double, 3u>
  Reference Count: 2
  Modified Time: 2330
  Debug: Off
  Object Name: 
  Observers: 
    none
  Source: (none)
  Source output name: (none)
  Release Data: Off
  Data Released: False
  Global Release Data: Off
  PipelineMTime: 0
  UpdateMTime: 1941
  RealTimeStamp: 0 seconds 
  LargestPossibleRegion: 
    Dimension: 3
    Index: [0, 0, 0]
    Size: [193, 229, 193]
  BufferedRegion: 
    Dimension: 3
    Index: [0, 0, 0]
    Size: [193, 229, 193]
  RequestedRegion: 
    Dimension: 3
    Index: [0, 0, 0]
    Size: [193, 229, 193]
  Spacing: [1, 1, 1]
  Origin: [96, 132, -78]
  Direction: 
-1 0 0
0 -1 0
0 0 1

  IndexToPointMatrix: 
-1 0 0
0 -1 0
0 0 1

  PointToIndexMatrix: 
-1 0 0
0 -1 0
0 0 1

  Inverse Direction: 
-1 0 0
0 -1 0
0 0 1

  PixelContainer: 
    ImportImageContainer (0x4d82650)
      RTTI typeinfo:   itk::ImportImageContainer<unsigned long, double>
      Reference Count: 1
      Modified Time: 1938
      Debug: Off
      Object Name: 
      Observers: 
        none
      Pointer: 0x150af982a010
      Container manages memory: true
      Size: 8530021
      Capacity: 8530021

     Moving image = Image (0x4c5f240)
  RTTI typeinfo:   itk::Image<double, 3u>
  Reference Count: 2
  Modified Time: 2331
  Debug: Off
  Object Name: 
  Observers: 
    none
  Source: (none)
  Source output name: (none)
  Release Data: Off
  Data Released: False
  Global Release Data: Off
  PipelineMTime: 0
  UpdateMTime: 2328
  RealTimeStamp: 0 seconds 
  LargestPossibleRegion: 
    Dimension: 3
    Index: [0, 0, 0]
    Size: [160, 240, 256]
  BufferedRegion: 
    Dimension: 3
    Index: [0, 0, 0]
    Size: [160, 240, 256]
  RequestedRegion: 
    Dimension: 3
    Index: [0, 0, 0]
    Size: [160, 240, 256]
  Spacing: [1, 1, 1]
  Origin: [98.6438, 87.6359, -117.989]
  Direction: 
-0.993515 -0.100993 -0.0522355
0.100854 -0.994887 0.00530255
-0.0525039 1.93537e-08 0.998621

  IndexToPointMatrix: 
-0.993515 -0.100993 -0.0522355
0.100854 -0.994887 0.00530255
-0.0525039 1.93537e-08 0.998621

  PointToIndexMatrix: 
-0.993515 0.100854 -0.0525039
-0.100993 -0.994887 -2.00048e-06
-0.0522356 0.00530149 0.998621

  Inverse Direction: 
-0.993515 0.100854 -0.0525039
-0.100993 -0.994887 -2.00048e-06
-0.0522356 0.00530149 0.998621

  PixelContainer: 
    ImportImageContainer (0x4d6cb90)
      RTTI typeinfo:   itk::ImportImageContainer<unsigned long, double>
      Reference Count: 1
      Modified Time: 2325
      Debug: Off
      Object Name: 
      Observers: 
        none
      Pointer: 0x150af4d29010
      Container manages memory: true
      Size: 9830400
      Capacity: 9830400

     Weighting = 1
     Sampling strategy = regular
     Number of bins = 32
     Radius = 4
     Sampling percentage  = 0.25
   Transform = Rigid
     Gradient step = 0.1
     Update field sigma (voxel space) = 0
     Total field sigma (voxel space) = 0
     Update field time sigma = 0
     Total field time sigma  = 0
     Number of time indices = 0
     Number of time point samples = 0
Registration using 1 total stages.

Stage 0
  iterations = 0
  convergence threshold = 1e-06
  convergence window size = 10
  number of levels = 1
  using the Mattes MI metric (number of bins = 32, weight = 1, use gradient filter = 0)
  preprocessing:  winsorizing the image intensities
  Shrink factors (level 1 out of 1): [1, 1, 1]
  smoothing sigmas per level: [0]
  regular sampling (percentage = 0.25)

*** Running Euler3DTransform registration ***

  Elapsed time (stage 0): 0


Total elapsed time: 0
Info [verificarlo]: loaded backend libinterflop_vprec.so
Info [interflop-vprec]: load backend with: 
Info [interflop-vprec]: precision-binary32 = 19
Info [interflop-vprec]: range-binary32 = 8
Info [interflop-vprec]: precision-binary64 = 19
Info [interflop-vprec]: range-binary64 = 8
Info [interflop-vprec]: mode = ob
Info [interflop-vprec]: error-mode = rel
Info [interflop-vprec]: max-abs-error-exponent = -1022
Info [interflop-vprec]: daz = false
Info [interflop-vprec]: ftz = false
Info [interflop-vprec]: 	instrument = none
Info [interflop-vprec]: 	prec-input-file = (null)
Info [interflop-vprec]: 	prec-output-file = (null)
Info [interflop-vprec]: 	prec-log-file = (null)
All_Command_lines_OK
Using double precision for computations.
=============================================================================
The composite transform comprises the following transforms (in order): 
  1. /home/mdugre/scratch/mri-registration-rp/datasets/ds004513/derivatives/mri-registration-rp/1111/antsRegistration-r8-p19/sub-s035/align_Composite.h5[0] (type = Euler3DTransform)
  2. /home/mdugre/scratch/mri-registration-rp/datasets/ds004513/derivatives/mri-registration-rp/1111/antsRegistration-r8-p19/sub-s035/align_Composite.h5[1] (type = Euler3DTransform)
=============================================================================
  number of levels = 4
  fixed image: /templateflow/tpl-MNI152NLin2009cAsym/tpl-MNI152NLin2009cAsym_res-01_desc-brain_T1w.nii.gz
  moving image: /home/mdugre/scratch/mri-registration-rp/datasets/ds004513/derivatives/mri-registration-rp/antsBrainExtraction/sub-s035/BrainExtractionBrain.nii.gz
Dimension = 3
Number of stages = 1
Use histogram matching = false
Winsorize image intensities = true
  Lower quantile = 0.005
  Upper quantile = 0.995


Stage 1 State
   Image metric = MattesMI
     Fixed image = Image (0x39391e0)
  RTTI typeinfo:   itk::Image<double, 3u>
  Reference Count: 2
  Modified Time: 1578
  Debug: Off
  Object Name: 
  Observers: 
    none
  Source: (none)
  Source output name: (none)
  Release Data: Off
  Data Released: False
  Global Release Data: Off
  PipelineMTime: 0
  UpdateMTime: 1189
  RealTimeStamp: 0 seconds 
  LargestPossibleRegion: 
    Dimension: 3
    Index: [0, 0, 0]
    Size: [193, 229, 193]
  BufferedRegion: 
    Dimension: 3
    Index: [0, 0, 0]
    Size: [193, 229, 193]
  RequestedRegion: 
    Dimension: 3
    Index: [0, 0, 0]
    Size: [193, 229, 193]
  Spacing: [1, 1, 1]
  Origin: [96, 132, -78]
  Direction: 
-1 0 0
0 -1 0
0 0 1

  IndexToPointMatrix: 
-1 0 0
0 -1 0
0 0 1

  PointToIndexMatrix: 
-1 0 0
0 -1 0
0 0 1

  Inverse Direction: 
-1 0 0
0 -1 0
0 0 1

  PixelContainer: 
    ImportImageContainer (0x39f86f0)
      RTTI typeinfo:   itk::ImportImageContainer<unsigned long, double>
      Reference Count: 1
      Modified Time: 1186
      Debug: Off
      Object Name: 
      Observers: 
        none
      Pointer: 0x14603bc03010
      Container manages memory: true
      Size: 8530021
      Capacity: 8530021

     Moving image = Image (0x39f4c90)
  RTTI typeinfo:   itk::Image<double, 3u>
  Reference Count: 2
  Modified Time: 1579
  Debug: Off
  Object Name: 
  Observers: 
    none
  Source: (none)
  Source output name: (none)
  Release Data: Off
  Data Released: False
  Global Release Data: Off
  PipelineMTime: 0
  UpdateMTime: 1576
  RealTimeStamp: 0 seconds 
  LargestPossibleRegion: 
    Dimension: 3
    Index: [0, 0, 0]
    Size: [160, 240, 256]
  BufferedRegion: 
    Dimension: 3
    Index: [0, 0, 0]
    Size: [160, 240, 256]
  RequestedRegion: 
    Dimension: 3
    Index: [0, 0, 0]
    Size: [160, 240, 256]
  Spacing: [1, 1, 1]
  Origin: [98.6438, 87.6359, -117.989]
  Direction: 
-0.993515 -0.100993 -0.0522355
0.100854 -0.994887 0.00530255
-0.0525039 1.93537e-08 0.998621

  IndexToPointMatrix: 
-0.993515 -0.100993 -0.0522355
0.100854 -0.994887 0.00530255
-0.0525039 1.93537e-08 0.998621

  PointToIndexMatrix: 
-0.993515 0.100854 -0.0525039
-0.100993 -0.994887 -2.00048e-06
-0.0522356 0.00530149 0.998621

  Inverse Direction: 
-0.993515 0.100854 -0.0525039
-0.100993 -0.994887 -2.00048e-06
-0.0522356 0.00530149 0.998621

  PixelContainer: 
    ImportImageContainer (0x39b7010)
      RTTI typeinfo:   itk::ImportImageContainer<unsigned long, double>
      Reference Count: 1
      Modified Time: 1573
      Debug: Off
      Object Name: 
      Observers: 
        none
      Pointer: 0x146037102010
      Container manages memory: true
      Size: 9830400
      Capacity: 9830400

     Weighting = 1
     Sampling strategy = regular
     Number of bins = 32
     Radius = 4
     Sampling percentage  = 0.25
   Transform = Rigid
     Gradient step = 0.1
     Update field sigma (voxel space) = 0
     Total field sigma (voxel space) = 0
     Update field time sigma = 0
     Total field time sigma  = 0
     Number of time indices = 0
     Number of time point samples = 0
Registration using 1 total stages.

Stage 0
  iterations = 1000x500x250x100
  convergence threshold = 1e-06
  convergence window size = 10
  number of levels = 4
  using the Mattes MI metric (number of bins = 32, weight = 1, use gradient filter = 0)
  preprocessing:  winsorizing the image intensities
  Shrink factors (level 1 out of 4): [8, 8, 8]
  Shrink factors (level 2 out of 4): [4, 4, 4]
  Shrink factors (level 3 out of 4): [2, 2, 2]
  Shrink factors (level 4 out of 4): [1, 1, 1]
  smoothing sigmas per level: [3, 2, 1, 0]
  regular sampling (percentage = 0.25)

*** Running Euler3DTransform registration ***

DIAGNOSTIC,Iteration,metricValue,convergenceValue,ITERATION_TIME_INDEX,SINCE_LAST
 2DIAGNOSTIC,     1, -5.307477131659e-01, 1.797693134862e+308, 0.0000e+00, 0.0000e+00, 
 2DIAGNOSTIC,     2, -5.324560185818e-01, 1.797693134862e+308, 0.0000e+00, 0.0000e+00, 
 2DIAGNOSTIC,     3, -5.361867107558e-01, 1.797693134862e+308, 0.0000e+00, 0.0000e+00, 
 2DIAGNOSTIC,     4, -5.394357382926e-01, 1.797693134862e+308, 0.0000e+00, 0.0000e+00, 
 2DIAGNOSTIC,     5, -5.418581180829e-01, 1.797693134862e+308, 0.0000e+00, 0.0000e+00, 
 2DIAGNOSTIC,     6, -5.477073385981e-01, 1.797693134862e+308, 0.0000e+00, 0.0000e+00, 
 2DIAGNOSTIC,     7, -5.513172013468e-01, 1.797693134862e+308, 0.0000e+00, 0.0000e+00, 
 2DIAGNOSTIC,     8, -5.600387924272e-01, 1.797693134862e+308, 0.0000e+00, 0.0000e+00, 
 2DIAGNOSTIC,     9, -5.609981847781e-01, 1.797693134862e+308, 0.0000e+00, 0.0000e+00, 
 2DIAGNOSTIC,    10, -5.637823112399e-01, 4.227951287288e-03, 0.0000e+00, 0.0000e+00, 
 2DIAGNOSTIC,    11, -5.667712241230e-01, 3.897352729776e-03, 0.0000e+00, 0.0000e+00, 
 2DIAGNOSTIC,    12, -5.664633314083e-01, 3.328051413886e-03, 0.0000e+00, 0.0000e+00, 
 2DIAGNOSTIC,    13, -5.665686313900e-01, 2.699672772260e-03, 0.0000e+00, 0.0000e+00, 
 2DIAGNOSTIC,    14, -5.670025343197e-01, 2.055747849667e-03, 0.0000e+00, 0.0000e+00, 
 2DIAGNOSTIC,    15, -5.679530114223e-01, 1.425985521284e-03, 0.0000e+00, 0.0000e+00, 
 2DIAGNOSTIC,    16, -5.687752190976e-01, 9.582782468548e-04, 0.0000e+00, 0.0000e+00, 
 2DIAGNOSTIC,    17, -5.694911136981e-01, 5.831245488734e-04, 0.0000e+00, 0.0000e+00, 
 2DIAGNOSTIC,    18, -5.696824741813e-01, 4.518146512459e-04, 0.0000e+00, 0.0000e+00, 
 2DIAGNOSTIC,    19, -5.715193077192e-01, 3.669027931468e-04, 0.0000e+00, 0.0000e+00, 
 2DIAGNOSTIC,    20, -5.717806483051e-01, 3.306755379627e-04, 0.0000e+00, 0.0000e+00, 
 2DIAGNOSTIC,    21, -5.724913511805e-01, 3.574008370127e-04, 0.0000e+00, 0.0000e+00, 
 2DIAGNOSTIC,    22, -5.747597641852e-01, 3.940299296293e-04, 0.0000e+00, 0.0000e+00, 
 2DIAGNOSTIC,    23, -5.765082657965e-01, 4.304162406075e-04, 0.0000e+00, 0.0000e+00, 
 2DIAGNOSTIC,    24, -5.784148567628e-01, 4.718596847903e-04, 0.0000e+00, 0.0000e+00, 
 2DIAGNOSTIC,    25, -5.784538606059e-01, 4.853506272819e-04, 0.0000e+00, 0.0000e+00, 
 2DIAGNOSTIC,    26, -5.788039297854e-01, 4.758834522834e-04, 0.0000e+00, 0.0000e+00, 
 2DIAGNOSTIC,    27, -5.793280421935e-01, 4.455736046887e-04, 0.0000e+00, 0.0000e+00, 
 2DIAGNOSTIC,    28, -5.800146706694e-01, 3.897481623608e-04, 0.0000e+00, 0.0000e+00, 
 2DIAGNOSTIC,    29, -5.806474928877e-01, 3.439943182212e-04, 0.0000e+00, 0.0000e+00, 
 2DIAGNOSTIC,    30, -5.812281450206e-01, 2.835360178288e-04, 0.0000e+00, 0.0000e+00, 
 2DIAGNOSTIC,    31, -5.819260390585e-01, 2.229276024342e-04, 0.0000e+00, 0.0000e+00, 
 2DIAGNOSTIC,    32, -5.833836220759e-01, 2.030595157478e-04, 0.0000e+00, 0.0000e+00, 
 2DIAGNOSTIC,    33, -5.844914233908e-01, 2.073894937949e-04, 0.0000e+00, 0.0000e+00, 
 2DIAGNOSTIC,    34, -5.854104274569e-01, 2.334561572704e-04, 0.0000e+00, 0.0000e+00, 
 2DIAGNOSTIC,    35, -5.871415387807e-01, 2.612828697861e-04, 0.0000e+00, 0.0000e+00, 
 2DIAGNOSTIC,    36, -5.878283609616e-01, 2.766798660386e-04, 0.0000e+00, 0.0000e+00, 
 2DIAGNOSTIC,    37, -5.896017979351e-01, 2.957808155526e-04, 0.0000e+00, 0.0000e+00, 
 2DIAGNOSTIC,    38, -5.906766021561e-01, 3.083731863940e-04, 0.0000e+00, 0.0000e+00, 
 2DIAGNOSTIC,    39, -5.913065787595e-01, 3.070523340003e-04, 0.0000e+00, 0.0000e+00, 
 2DIAGNOSTIC,    40, -5.929076508616e-01, 3.038461213401e-04, 0.0000e+00, 0.0000e+00, 
 2DIAGNOSTIC,    41, -5.954677092480e-01, 3.107346106127e-04, 0.0000e+00, 0.0000e+00, 
 2DIAGNOSTIC,    42, -6.020479276443e-01, 3.819462414549e-04, 0.0000e+00, 0.0000e+00, 
 2DIAGNOSTIC,    43, -6.027887400652e-01, 4.328780775171e-04, 0.0000e+00, 0.0000e+00, 
 2DIAGNOSTIC,    44, -6.058484951924e-01, 4.856666555580e-04, 0.0000e+00, 0.0000e+00, 
 2DIAGNOSTIC,    45, -6.082342998388e-01, 5.350267233485e-04, 0.0000e+00, 0.0000e+00, 
 2DIAGNOSTIC,    46, -6.098705830986e-01, 5.547036436169e-04, 0.0000e+00, 0.0000e+00, 
 2DIAGNOSTIC,    47, -6.120597393052e-01, 5.611992889843e-04, 0.0000e+00, 0.0000e+00, 
 2DIAGNOSTIC,    48, -6.145776024320e-01, 5.505679387108e-04, 0.0000e+00, 0.0000e+00, 
 2DIAGNOSTIC,    49, -6.230181464218e-01, 5.788917667867e-04, 0.0000e+00, 0.0000e+00, 
 2DIAGNOSTIC,    50, -6.350527151896e-01, 6.823345499944e-04, 0.0000e+00, 0.0000e+00, 
 2DIAGNOSTIC,    51, -6.472686697365e-01, 8.542279970577e-04, 0.0000e+00, 0.0000e+00, 
 2DIAGNOSTIC,    52, -6.638902696616e-01, 1.154086180927e-03, 0.0000e+00, 0.0000e+00, 
 2DIAGNOSTIC,    53, -6.785851668824e-01, 1.469703444576e-03, 0.0000e+00, 0.0000e+00, 
 2DIAGNOSTIC,    54, -6.821394482945e-01, 1.688400275028e-03, 0.0000e+00, 0.0000e+00, 
 2DIAGNOSTIC,    55, -6.832837438983e-01, 1.768042016912e-03, 0.0000e+00, 0.0000e+00, 
 2DIAGNOSTIC,    56, -6.845022444494e-01, 1.700000713094e-03, 0.0000e+00, 0.0000e+00, 
 2DIAGNOSTIC,    57, -6.846764426246e-01, 1.490844484226e-03, 0.0000e+00, 0.0000e+00, 
 2DIAGNOSTIC,    58, -6.847550209416e-01, 1.167073796258e-03, 0.0000e+00, 0.0000e+00, 
 2DIAGNOSTIC,    59, -6.850249475035e-01, 8.145968851949e-04, 0.0000e+00, 0.0000e+00, 
 2DIAGNOSTIC,    60, -6.859177938696e-01, 5.008653078957e-04, 0.0000e+00, 0.0000e+00, 
 2DIAGNOSTIC,    61, -6.861862674897e-01, 2.462311278155e-04, 0.0000e+00, 0.0000e+00, 
 2DIAGNOSTIC,    62, -6.861653365523e-01, 1.019647609289e-04, 0.0000e+00, 0.0000e+00, 
 2DIAGNOSTIC,    63, -6.861849002874e-01, 6.357992313957e-05, 0.0000e+00, 0.0000e+00, 
 2DIAGNOSTIC,    64, -6.863351287619e-01, 4.775521688746e-05, 0.0000e+00, 0.0000e+00, 
 2DIAGNOSTIC,    65, -6.865505606285e-01, 3.744227404577e-05, 0.0000e+00, 0.0000e+00, 
 2DIAGNOSTIC,    66, -6.866816171581e-01, 3.349114671238e-05, 0.0000e+00, 0.0000e+00, 
 2DIAGNOSTIC,    67, -6.868759688838e-01, 2.920554068032e-05, 0.0000e+00, 0.0000e+00, 
 2DIAGNOSTIC,    68, -6.869696355465e-01, 2.353623662090e-05, 0.0000e+00, 0.0000e+00, 
 2DIAGNOSTIC,    69, -6.870254505092e-01, 1.788514521837e-05, 0.0000e+00, 0.0000e+00, 
 2DIAGNOSTIC,    70, -6.870772908070e-01, 1.698945055001e-05, 0.0000e+00, 0.0000e+00, 
 2DIAGNOSTIC,    71, -6.870774318841e-01, 1.630297629829e-05, 0.0000e+00, 0.0000e+00, 
 2DIAGNOSTIC,    72, -6.870789862653e-01, 1.400546473784e-05, 0.0000e+00, 0.0000e+00, 
 2DIAGNOSTIC,    73, -6.870779794094e-01, 1.058760566949e-05, 0.0000e+00, 0.0000e+00, 
 2DIAGNOSTIC,    74, -6.870768885796e-01, 7.218051750791e-06, 0.0000e+00, 0.0000e+00, 
 2DIAGNOSTIC,    75, -6.870764645848e-01, 4.622834438292e-06, 0.0000e+00, 0.0000e+00, 
 2DIAGNOSTIC,    76, -6.870767850056e-01, 2.481127427347e-06, 0.0000e+00, 0.0000e+00, 
 2DIAGNOSTIC,    77, -6.870765390997e-01, 1.364640607411e-06, 0.0000e+00, 0.0000e+00, 
DIAGNOSTIC,Iteration,metricValue,convergenceValue,ITERATION_TIME_INDEX,SINCE_LAST
 2DIAGNOSTIC,     1, -5.582228177285e-01, 1.797693134862e+308, 0.0000e+00, 0.0000e+00, 
 2DIAGNOSTIC,     2, -5.584109185172e-01, 1.797693134862e+308, 0.0000e+00, 0.0000e+00, 
 2DIAGNOSTIC,     3, -5.586626118013e-01, 1.797693134862e+308, 0.0000e+00, 0.0000e+00, 
 2DIAGNOSTIC,     4, -5.590660161413e-01, 1.797693134862e+308, 0.0000e+00, 0.0000e+00, 
 2DIAGNOSTIC,     5, -5.596220799101e-01, 1.797693134862e+308, 0.0000e+00, 0.0000e+00, 
 2DIAGNOSTIC,     6, -5.610540283680e-01, 1.797693134862e+308, 0.0000e+00, 0.0000e+00, 
 2DIAGNOSTIC,     7, -5.638082104752e-01, 1.797693134862e+308, 0.0000e+00, 0.0000e+00, 
 2DIAGNOSTIC,     8, -5.647635542428e-01, 1.797693134862e+308, 0.0000e+00, 0.0000e+00, 
 2DIAGNOSTIC,     9, -5.650378084549e-01, 1.797693134862e+308, 0.0000e+00, 0.0000e+00, 
 2DIAGNOSTIC,    10, -5.654659315203e-01, 1.003831708614e-03, 0.0000e+00, 0.0000e+00, 
 2DIAGNOSTIC,    11, -5.663624492952e-01, 9.659599653241e-04, 0.0000e+00, 0.0000e+00, 
 2DIAGNOSTIC,    12, -5.664244391828e-01, 8.559532537347e-04, 0.0000e+00, 0.0000e+00, 
 2DIAGNOSTIC,    13, -5.664303576977e-01, 6.962687696922e-04, 0.0000e+00, 0.0000e+00, 
 2DIAGNOSTIC,    14, -5.664143217507e-01, 5.123889178418e-04, 0.0000e+00, 0.0000e+00, 
 2DIAGNOSTIC,    15, -5.663989732752e-01, 3.247373387014e-04, 0.0000e+00, 0.0000e+00, 
 2DIAGNOSTIC,    16, -5.663877751941e-01, 1.733918217996e-04, 0.0000e+00, 0.0000e+00, 
 2DIAGNOSTIC,    17, -5.663835838574e-01, 1.051202691355e-04, 0.0000e+00, 0.0000e+00, 
 2DIAGNOSTIC,    18, -5.663866060122e-01, 6.210298573683e-05, 0.0000e+00, 0.0000e+00, 
 2DIAGNOSTIC,    19, -5.663874788536e-01, 2.533289051257e-05, 0.0000e+00, 0.0000e+00, 
DIAGNOSTIC,Iteration,metricValue,convergenceValue,ITERATION_TIME_INDEX,SINCE_LAST
 2DIAGNOSTIC,     1, -5.040490170160e-01, 1.797693134862e+308, 0.0000e+00, 0.0000e+00, 
 2DIAGNOSTIC,     2, -5.042257587546e-01, 1.797693134862e+308, 0.0000e+00, 0.0000e+00, 
 2DIAGNOSTIC,     3, -5.043790747987e-01, 1.797693134862e+308, 0.0000e+00, 0.0000e+00, 
 2DIAGNOSTIC,     4, -5.044434880689e-01, 1.797693134862e+308, 0.0000e+00, 0.0000e+00, 
 2DIAGNOSTIC,     5, -5.044704073915e-01, 1.797693134862e+308, 0.0000e+00, 0.0000e+00, 
 2DIAGNOSTIC,     6, -5.044889151255e-01, 1.797693134862e+308, 0.0000e+00, 0.0000e+00, 
 2DIAGNOSTIC,     7, -5.044980055021e-01, 1.797693134862e+308, 0.0000e+00, 0.0000e+00, 
 2DIAGNOSTIC,     8, -5.044941597275e-01, 1.797693134862e+308, 0.0000e+00, 0.0000e+00, 
 2DIAGNOSTIC,     9, -5.044963920333e-01, 1.797693134862e+308, 0.0000e+00, 0.0000e+00, 
 2DIAGNOSTIC,    10, -5.044956899971e-01, 4.782178587631e-05, 0.0000e+00, 0.0000e+00, 
 2DIAGNOSTIC,    11, -5.044944295119e-01, 2.441262857263e-05, 0.0000e+00, 0.0000e+00, 
 2DIAGNOSTIC,    12, -5.044947414191e-01, 1.113246629882e-05, 0.0000e+00, 0.0000e+00, 
 2DIAGNOSTIC,    13, -5.044947854589e-01, 5.722617161460e-06, 0.0000e+00, 0.0000e+00, 
 2DIAGNOSTIC,    14, -5.044937372001e-01, 3.320094892401e-06, 0.0000e+00, 0.0000e+00, 
 2DIAGNOSTIC,    15, -5.044936740017e-01, 2.134003759202e-06, 0.0000e+00, 0.0000e+00, 
 2DIAGNOSTIC,    16, -5.044937090265e-01, 1.738371106383e-06, 0.0000e+00, 0.0000e+00, 
 2DIAGNOSTIC,    17, -5.044928848018e-01, 1.689317630220e-06, 0.0000e+00, 0.0000e+00, 
 2DIAGNOSTIC,    18, -5.044933486720e-01, 1.554108469935e-06, 0.0000e+00, 0.0000e+00, 
 2DIAGNOSTIC,    19, -5.044934467760e-01, 1.521739609781e-06, 0.0000e+00, 0.0000e+00, 
 2DIAGNOSTIC,    20, -5.044933251923e-01, 1.484176823545e-06, 0.0000e+00, 0.0000e+00, 
 2DIAGNOSTIC,    21, -5.044932062668e-01, 1.422443628926e-06, 0.0000e+00, 0.0000e+00, 
 2DIAGNOSTIC,    22, -5.044932117335e-01, 1.382739823898e-06, 0.0000e+00, 0.0000e+00, 
 2DIAGNOSTIC,    23, -5.044931010012e-01, 1.350953244439e-06, 0.0000e+00, 0.0000e+00, 
 2DIAGNOSTIC,    24, -5.044930887347e-01, 1.299307765837e-06, 0.0000e+00, 0.0000e+00, 
 2DIAGNOSTIC,    25, -5.044930887347e-01, 1.252467273581e-06, 0.0000e+00, 0.0000e+00, 
 2DIAGNOSTIC,    26, -5.044930665633e-01, 1.211767396786e-06, 0.0000e+00, 0.0000e+00, 
 2DIAGNOSTIC,    27, -5.044930674085e-01, 1.157449726272e-06, 0.0000e+00, 0.0000e+00, 
 2DIAGNOSTIC,    28, -5.044930674085e-01, 1.117930889943e-06, 0.0000e+00, 0.0000e+00, 
 2DIAGNOSTIC,    29, -5.044930672678e-01, 1.084535903598e-06, 0.0000e+00, 0.0000e+00, 
 2DIAGNOSTIC,    30, -5.044930672678e-01, 1.052030530364e-06, 0.0000e+00, 0.0000e+00, 
 2DIAGNOSTIC,    31, -5.044930600027e-01, 1.019842552560e-06, 0.0000e+00, 0.0000e+00, 
DIAGNOSTIC,Iteration,metricValue,convergenceValue,ITERATION_TIME_INDEX,SINCE_LAST
 2DIAGNOSTIC,     1, -4.670375369088e-01, 1.797693134862e+308, 0.0000e+00, 0.0000e+00, 
 2DIAGNOSTIC,     2, -4.672099811480e-01, 1.797693134862e+308, 0.0000e+00, 0.0000e+00, 
 2DIAGNOSTIC,     3, -4.672659818736e-01, 1.797693134862e+308, 0.0000e+00, 0.0000e+00, 
 2DIAGNOSTIC,     4, -4.672646934754e-01, 1.797693134862e+308, 0.0000e+00, 0.0000e+00, 
 2DIAGNOSTIC,     5, -4.672625892289e-01, 1.797693134862e+308, 0.0000e+00, 0.0000e+00, 
 2DIAGNOSTIC,     6, -4.672629887564e-01, 1.797693134862e+308, 0.0000e+00, 0.0000e+00, 
 2DIAGNOSTIC,     7, -4.672627995430e-01, 1.797693134862e+308, 0.0000e+00, 0.0000e+00, 
 2DIAGNOSTIC,     8, -4.672627485886e-01, 1.797693134862e+308, 0.0000e+00, 0.0000e+00, 
 2DIAGNOSTIC,     9, -4.672621905045e-01, 1.797693134862e+308, 0.0000e+00, 0.0000e+00, 
 2DIAGNOSTIC,    10, -4.672621742332e-01, 1.942359731046e-05, 0.0000e+00, 0.0000e+00, 
 2DIAGNOSTIC,    11, -4.672620914308e-01, 5.487497858780e-06, 0.0000e+00, 0.0000e+00, 
 2DIAGNOSTIC,    12, -4.672617767500e-01, 2.281796209952e-06, 0.0000e+00, 0.0000e+00, 
 2DIAGNOSTIC,    13, -4.672615452586e-01, 2.212863820128e-06, 0.0000e+00, 0.0000e+00, 
 2DIAGNOSTIC,    14, -4.672613009937e-01, 2.111076190567e-06, 0.0000e+00, 0.0000e+00, 
 2DIAGNOSTIC,    15, -4.672615919071e-01, 1.962994684607e-06, 0.0000e+00, 0.0000e+00, 
 2DIAGNOSTIC,    16, -4.672615516959e-01, 1.860423453237e-06, 0.0000e+00, 0.0000e+00, 
 2DIAGNOSTIC,    17, -4.672614977795e-01, 1.772578097935e-06, 0.0000e+00, 0.0000e+00, 
 2DIAGNOSTIC,    18, -4.672615678864e-01, 1.704704802180e-06, 0.0000e+00, 0.0000e+00, 
 2DIAGNOSTIC,    19, -4.672617450641e-01, 1.637002630950e-06, 0.0000e+00, 0.0000e+00, 
 2DIAGNOSTIC,    20, -4.672614828521e-01, 1.570239992782e-06, 0.0000e+00, 0.0000e+00, 
 2DIAGNOSTIC,    21, -4.672615188746e-01, 1.510368162011e-06, 0.0000e+00, 0.0000e+00, 
 2DIAGNOSTIC,    22, -4.672616350552e-01, 1.450726210633e-06, 0.0000e+00, 0.0000e+00, 
 2DIAGNOSTIC,    23, -4.672614518199e-01, 1.384540771907e-06, 0.0000e+00, 0.0000e+00, 
 2DIAGNOSTIC,    24, -4.672613100929e-01, 1.313502606813e-06, 0.0000e+00, 0.0000e+00, 
 2DIAGNOSTIC,    25, -4.672612088936e-01, 1.253789079704e-06, 0.0000e+00, 0.0000e+00, 
 2DIAGNOSTIC,    26, -4.672611957170e-01, 1.198950053287e-06, 0.0000e+00, 0.0000e+00, 
 2DIAGNOSTIC,    27, -4.672614736864e-01, 1.155043638970e-06, 0.0000e+00, 0.0000e+00, 
 2DIAGNOSTIC,    28, -4.672619368449e-01, 1.127448440427e-06, 0.0000e+00, 0.0000e+00, 
 2DIAGNOSTIC,    29, -4.672619259261e-01, 1.105855473270e-06, 0.0000e+00, 0.0000e+00, 
 2DIAGNOSTIC,    30, -4.672619255569e-01, 1.079474963209e-06, 0.0000e+00, 0.0000e+00, 
 2DIAGNOSTIC,    31, -4.672619236595e-01, 1.053384743259e-06, 0.0000e+00, 0.0000e+00, 
 2DIAGNOSTIC,    32, -4.672618066345e-01, 1.025994357425e-06, 0.0000e+00, 0.0000e+00, 
  Elapsed time (stage 0): 0.0000e+00


Total elapsed time: 0.0000e+00
Info [verificarlo]: loaded backend libinterflop_vprec.so
Info [interflop-vprec]: load backend with: 
Info [interflop-vprec]: precision-binary32 = 19
Info [interflop-vprec]: range-binary32 = 8
Info [interflop-vprec]: precision-binary64 = 19
Info [interflop-vprec]: range-binary64 = 8
Info [interflop-vprec]: mode = ob
Info [interflop-vprec]: error-mode = rel
Info [interflop-vprec]: max-abs-error-exponent = -1022
Info [interflop-vprec]: daz = false
Info [interflop-vprec]: ftz = false
Info [interflop-vprec]: 	instrument = none
Info [interflop-vprec]: 	prec-input-file = (null)
Info [interflop-vprec]: 	prec-output-file = (null)
Info [interflop-vprec]: 	prec-log-file = (null)
All_Command_lines_OK
Using double precision for computations.
=============================================================================
The composite transform comprises the following transforms (in order): 
  1. /home/mdugre/scratch/mri-registration-rp/datasets/ds004513/derivatives/mri-registration-rp/1111/antsRegistration-r8-p19/sub-s035/rigid_Composite.h5[0] (type = Euler3DTransform)
  2. /home/mdugre/scratch/mri-registration-rp/datasets/ds004513/derivatives/mri-registration-rp/1111/antsRegistration-r8-p19/sub-s035/rigid_Composite.h5[1] (type = Euler3DTransform)
  3. /home/mdugre/scratch/mri-registration-rp/datasets/ds004513/derivatives/mri-registration-rp/1111/antsRegistration-r8-p19/sub-s035/rigid_Composite.h5[2] (type = Euler3DTransform)
=============================================================================
  number of levels = 4
  fixed image: /templateflow/tpl-MNI152NLin2009cAsym/tpl-MNI152NLin2009cAsym_res-01_desc-brain_T1w.nii.gz
  moving image: /home/mdugre/scratch/mri-registration-rp/datasets/ds004513/derivatives/mri-registration-rp/antsBrainExtraction/sub-s035/BrainExtractionBrain.nii.gz
Dimension = 3
Number of stages = 1
Use histogram matching = false
Winsorize image intensities = true
  Lower quantile = 0.005
  Upper quantile = 0.995


Stage 1 State
   Image metric = MattesMI
     Fixed image = Image (0x3c47490)
  RTTI typeinfo:   itk::Image<double, 3u>
  Reference Count: 2
  Modified Time: 1592
  Debug: Off
  Object Name: 
  Observers: 
    none
  Source: (none)
  Source output name: (none)
  Release Data: Off
  Data Released: False
  Global Release Data: Off
  PipelineMTime: 0
  UpdateMTime: 1203
  RealTimeStamp: 0 seconds 
  LargestPossibleRegion: 
    Dimension: 3
    Index: [0, 0, 0]
    Size: [193, 229, 193]
  BufferedRegion: 
    Dimension: 3
    Index: [0, 0, 0]
    Size: [193, 229, 193]
  RequestedRegion: 
    Dimension: 3
    Index: [0, 0, 0]
    Size: [193, 229, 193]
  Spacing: [1, 1, 1]
  Origin: [96, 132, -78]
  Direction: 
-1 0 0
0 -1 0
0 0 1

  IndexToPointMatrix: 
-1 0 0
0 -1 0
0 0 1

  PointToIndexMatrix: 
-1 0 0
0 -1 0
0 0 1

  Inverse Direction: 
-1 0 0
0 -1 0
0 0 1

  PixelContainer: 
    ImportImageContainer (0x3cc08b0)
      RTTI typeinfo:   itk::ImportImageContainer<unsigned long, double>
      Reference Count: 1
      Modified Time: 1200
      Debug: Off
      Object Name: 
      Observers: 
        none
      Pointer: 0x151d549ba010
      Container manages memory: true
      Size: 8530021
      Capacity: 8530021

     Moving image = Image (0x3d15a40)
  RTTI typeinfo:   itk::Image<double, 3u>
  Reference Count: 2
  Modified Time: 1593
  Debug: Off
  Object Name: 
  Observers: 
    none
  Source: (none)
  Source output name: (none)
  Release Data: Off
  Data Released: False
  Global Release Data: Off
  PipelineMTime: 0
  UpdateMTime: 1590
  RealTimeStamp: 0 seconds 
  LargestPossibleRegion: 
    Dimension: 3
    Index: [0, 0, 0]
    Size: [160, 240, 256]
  BufferedRegion: 
    Dimension: 3
    Index: [0, 0, 0]
    Size: [160, 240, 256]
  RequestedRegion: 
    Dimension: 3
    Index: [0, 0, 0]
    Size: [160, 240, 256]
  Spacing: [1, 1, 1]
  Origin: [98.6438, 87.6359, -117.989]
  Direction: 
-0.993515 -0.100993 -0.0522355
0.100854 -0.994887 0.00530255
-0.0525039 1.93537e-08 0.998621

  IndexToPointMatrix: 
-0.993515 -0.100993 -0.0522355
0.100854 -0.994887 0.00530255
-0.0525039 1.93537e-08 0.998621

  PointToIndexMatrix: 
-0.993515 0.100854 -0.0525039
-0.100993 -0.994887 -2.00048e-06
-0.0522356 0.00530149 0.998621

  Inverse Direction: 
-0.993515 0.100854 -0.0525039
-0.100993 -0.994887 -2.00048e-06
-0.0522356 0.00530149 0.998621

  PixelContainer: 
    ImportImageContainer (0x3cc4d50)
      RTTI typeinfo:   itk::ImportImageContainer<unsigned long, double>
      Reference Count: 1
      Modified Time: 1587
      Debug: Off
      Object Name: 
      Observers: 
        none
      Pointer: 0x151d4feb9010
      Container manages memory: true
      Size: 9830400
      Capacity: 9830400

     Weighting = 1
     Sampling strategy = regular
     Number of bins = 32
     Radius = 4
     Sampling percentage  = 0.25
   Transform = Affine
     Gradient step = 0.1
     Update field sigma (voxel space) = 0
     Total field sigma (voxel space) = 0
     Update field time sigma = 0
     Total field time sigma  = 0
     Number of time indices = 0
     Number of time point samples = 0
Registration using 1 total stages.

Stage 0
  iterations = 1000x500x250x100
  convergence threshold = 1e-06
  convergence window size = 10
  number of levels = 4
  using the Mattes MI metric (number of bins = 32, weight = 1, use gradient filter = 0)
  preprocessing:  winsorizing the image intensities
  Shrink factors (level 1 out of 4): [8, 8, 8]
  Shrink factors (level 2 out of 4): [4, 4, 4]
  Shrink factors (level 3 out of 4): [2, 2, 2]
  Shrink factors (level 4 out of 4): [1, 1, 1]
  smoothing sigmas per level: [3, 2, 1, 0]
  regular sampling (percentage = 0.25)

*** Running AffineTransform registration ***

DIAGNOSTIC,Iteration,metricValue,convergenceValue,ITERATION_TIME_INDEX,SINCE_LAST
 2DIAGNOSTIC,     1, -6.776085710503e-01, 1.797693134862e+308, 0.0000e+00, 0.0000e+00, 
 2DIAGNOSTIC,     2, -6.796760534240e-01, 1.797693134862e+308, 0.0000e+00, 0.0000e+00, 
 2DIAGNOSTIC,     3, -6.834346144107e-01, 1.797693134862e+308, 0.0000e+00, 0.0000e+00, 
 2DIAGNOSTIC,     4, -6.908312172456e-01, 1.797693134862e+308, 0.0000e+00, 0.0000e+00, 
 2DIAGNOSTIC,     5, -7.015916326912e-01, 1.797693134862e+308, 0.0000e+00, 0.0000e+00, 
 2DIAGNOSTIC,     6, -7.130571039102e-01, 1.797693134862e+308, 0.0000e+00, 0.0000e+00, 
 2DIAGNOSTIC,     7, -7.247952185930e-01, 1.797693134862e+308, 0.0000e+00, 0.0000e+00, 
 2DIAGNOSTIC,     8, -7.335925012593e-01, 1.797693134862e+308, 0.0000e+00, 0.0000e+00, 
 2DIAGNOSTIC,     9, -7.363652758654e-01, 1.797693134862e+308, 0.0000e+00, 0.0000e+00, 
 2DIAGNOSTIC,    10, -7.363399668928e-01, 6.477572339847e-03, 0.0000e+00, 0.0000e+00, 
 2DIAGNOSTIC,    11, -7.363763507503e-01, 5.523238789703e-03, 0.0000e+00, 0.0000e+00, 
 2DIAGNOSTIC,    12, -7.363318812292e-01, 4.304657095329e-03, 0.0000e+00, 0.0000e+00, 
 2DIAGNOSTIC,    13, -7.364029076060e-01, 3.006107717739e-03, 0.0000e+00, 0.0000e+00, 
 2DIAGNOSTIC,    14, -7.361560012910e-01, 1.827229037364e-03, 0.0000e+00, 0.0000e+00, 
 2DIAGNOSTIC,    15, -7.361142262472e-01, 9.253094479516e-04, 0.0000e+00, 0.0000e+00, 
 2DIAGNOSTIC,    16, -7.361159986264e-01, 3.333139623167e-04, 0.0000e+00, 0.0000e+00, 
 2DIAGNOSTIC,    17, -7.361658962119e-01, 5.084741496886e-05, 0.0000e+00, 0.0000e+00, 
DIAGNOSTIC,Iteration,metricValue,convergenceValue,ITERATION_TIME_INDEX,SINCE_LAST
 2DIAGNOSTIC,     1, -6.088940618972e-01, 1.797693134862e+308, 0.0000e+00, 0.0000e+00, 
 2DIAGNOSTIC,     2, -6.091494270540e-01, 1.797693134862e+308, 0.0000e+00, 0.0000e+00, 
 2DIAGNOSTIC,     3, -6.095345380129e-01, 1.797693134862e+308, 0.0000e+00, 0.0000e+00, 
 2DIAGNOSTIC,     4, -6.101450978269e-01, 1.797693134862e+308, 0.0000e+00, 0.0000e+00, 
 2DIAGNOSTIC,     5, -6.104244808906e-01, 1.797693134862e+308, 0.0000e+00, 0.0000e+00, 
 2DIAGNOSTIC,     6, -6.105336391490e-01, 1.797693134862e+308, 0.0000e+00, 0.0000e+00, 
 2DIAGNOSTIC,     7, -6.105428989849e-01, 1.797693134862e+308, 0.0000e+00, 0.0000e+00, 
 2DIAGNOSTIC,     8, -6.105864956437e-01, 1.797693134862e+308, 0.0000e+00, 0.0000e+00, 
 2DIAGNOSTIC,     9, -6.105775309441e-01, 1.797693134862e+308, 0.0000e+00, 0.0000e+00, 
 2DIAGNOSTIC,    10, -6.105775986943e-01, 1.836190357651e-04, 0.0000e+00, 0.0000e+00, 
 2DIAGNOSTIC,    11, -6.105793624683e-01, 1.181490726239e-04, 0.0000e+00, 0.0000e+00, 
 2DIAGNOSTIC,    12, -6.105741271171e-01, 6.297055915253e-05, 0.0000e+00, 0.0000e+00, 
 2DIAGNOSTIC,    13, -6.105574314413e-01, 2.357610667043e-05, 0.0000e+00, 0.0000e+00, 
 2DIAGNOSTIC,    14, -6.105594473950e-01, 8.068260994268e-06, 0.0000e+00, 0.0000e+00, 
 2DIAGNOSTIC,    15, -6.105534048317e-01, 2.504874973580e-06, 0.0000e+00, 0.0000e+00, 
DIAGNOSTIC,Iteration,metricValue,convergenceValue,ITERATION_TIME_INDEX,SINCE_LAST
 2DIAGNOSTIC,     1, -5.342048061144e-01, 1.797693134862e+308, 0.0000e+00, 0.0000e+00, 
 2DIAGNOSTIC,     2, -5.344630141541e-01, 1.797693134862e+308, 0.0000e+00, 0.0000e+00, 
 2DIAGNOSTIC,     3, -5.347440019593e-01, 1.797693134862e+308, 0.0000e+00, 0.0000e+00, 
 2DIAGNOSTIC,     4, -5.349252986055e-01, 1.797693134862e+308, 0.0000e+00, 0.0000e+00, 
 2DIAGNOSTIC,     5, -5.349453622984e-01, 1.797693134862e+308, 0.0000e+00, 0.0000e+00, 
 2DIAGNOSTIC,     6, -5.349472329105e-01, 1.797693134862e+308, 0.0000e+00, 0.0000e+00, 
 2DIAGNOSTIC,     7, -5.349669984859e-01, 1.797693134862e+308, 0.0000e+00, 0.0000e+00, 
 2DIAGNOSTIC,     8, -5.350409675279e-01, 1.797693134862e+308, 0.0000e+00, 0.0000e+00, 
 2DIAGNOSTIC,     9, -5.351496778616e-01, 1.797693134862e+308, 0.0000e+00, 0.0000e+00, 
 2DIAGNOSTIC,    10, -5.354067686848e-01, 1.110430796236e-04, 0.0000e+00, 0.0000e+00, 
 2DIAGNOSTIC,    11, -5.354131975673e-01, 8.666642261776e-05, 0.0000e+00, 0.0000e+00, 
 2DIAGNOSTIC,    12, -5.354152509207e-01, 7.030121618751e-05, 0.0000e+00, 0.0000e+00, 
 2DIAGNOSTIC,    13, -5.354142345118e-01, 6.168807757113e-05, 0.0000e+00, 0.0000e+00, 
 2DIAGNOSTIC,    14, -5.354158811590e-01, 5.574718554378e-05, 0.0000e+00, 0.0000e+00, 
 2DIAGNOSTIC,    15, -5.354150826766e-01, 4.627855326644e-05, 0.0000e+00, 0.0000e+00, 
 2DIAGNOSTIC,    16, -5.354143304146e-01, 3.401638096397e-05, 0.0000e+00, 0.0000e+00, 
 2DIAGNOSTIC,    17, -5.354140503777e-01, 2.096283614936e-05, 0.0000e+00, 0.0000e+00, 
 2DIAGNOSTIC,    18, -5.354118237176e-01, 9.715624724065e-06, 0.0000e+00, 0.0000e+00, 
 2DIAGNOSTIC,    19, -5.354125814549e-01, 1.773779392408e-06, 0.0000e+00, 0.0000e+00, 
 2DIAGNOSTIC,    20, -5.354116842534e-01, 1.414209814164e-06, 0.0000e+00, 0.0000e+00, 
 2DIAGNOSTIC,    21, -5.354118030368e-01, 1.269872922829e-06, 0.0000e+00, 0.0000e+00, 
 2DIAGNOSTIC,    22, -5.354104055536e-01, 1.178279113598e-06, 0.0000e+00, 0.0000e+00, 
 2DIAGNOSTIC,    23, -5.354104822896e-01, 1.097561897492e-06, 0.0000e+00, 0.0000e+00, 
 2DIAGNOSTIC,    24, -5.354094960102e-01, 1.064478715840e-06, 0.0000e+00, 0.0000e+00, 
 2DIAGNOSTIC,    25, -5.354094480454e-01, 1.040302838352e-06, 0.0000e+00, 0.0000e+00, 
 2DIAGNOSTIC,    26, -5.354093652129e-01, 1.022318990802e-06, 0.0000e+00, 0.0000e+00, 
 2DIAGNOSTIC,    27, -5.354086471189e-01, 1.006051019256e-06, 0.0000e+00, 0.0000e+00, 
DIAGNOSTIC,Iteration,metricValue,convergenceValue,ITERATION_TIME_INDEX,SINCE_LAST
 2DIAGNOSTIC,     1, -4.908551748518e-01, 1.797693134862e+308, 0.0000e+00, 0.0000e+00, 
 2DIAGNOSTIC,     2, -4.912329775193e-01, 1.797693134862e+308, 0.0000e+00, 0.0000e+00, 
 2DIAGNOSTIC,     3, -4.916218562744e-01, 1.797693134862e+308, 0.0000e+00, 0.0000e+00, 
 2DIAGNOSTIC,     4, -4.919579423339e-01, 1.797693134862e+308, 0.0000e+00, 0.0000e+00, 
 2DIAGNOSTIC,     5, -4.922647219013e-01, 1.797693134862e+308, 0.0000e+00, 0.0000e+00, 
 2DIAGNOSTIC,     6, -4.925477697257e-01, 1.797693134862e+308, 0.0000e+00, 0.0000e+00, 
 2DIAGNOSTIC,     7, -4.927286738304e-01, 1.797693134862e+308, 0.0000e+00, 0.0000e+00, 
 2DIAGNOSTIC,     8, -4.927353538971e-01, 1.797693134862e+308, 0.0000e+00, 0.0000e+00, 
 2DIAGNOSTIC,     9, -4.927353576174e-01, 1.797693134862e+308, 0.0000e+00, 0.0000e+00, 
 2DIAGNOSTIC,    10, -4.927352776971e-01, 2.561730879200e-04, 0.0000e+00, 0.0000e+00, 
 2DIAGNOSTIC,    11, -4.927349961427e-01, 1.745488517470e-04, 0.0000e+00, 0.0000e+00, 
 2DIAGNOSTIC,    12, -4.927350343751e-01, 1.090320116095e-04, 0.0000e+00, 0.0000e+00, 
 2DIAGNOSTIC,    13, -4.927357415786e-01, 6.120661697584e-05, 0.0000e+00, 0.0000e+00, 
 2DIAGNOSTIC,    14, -4.927358319574e-01, 2.864226638932e-05, 0.0000e+00, 0.0000e+00, 
 2DIAGNOSTIC,    15, -4.927356962344e-01, 9.592736836914e-06, 0.0000e+00, 0.0000e+00, 
 2DIAGNOSTIC,    16, -4.927357443471e-01, 2.270514798300e-06, 0.0000e+00, 0.0000e+00, 
 2DIAGNOSTIC,    17, -4.927356352065e-01, 1.915977212399e-06, 0.0000e+00, 0.0000e+00, 
 2DIAGNOSTIC,    18, -4.927355665528e-01, 1.807874968167e-06, 0.0000e+00, 0.0000e+00, 
 2DIAGNOSTIC,    19, -4.927358175242e-01, 1.714740726091e-06, 0.0000e+00, 0.0000e+00, 
 2DIAGNOSTIC,    20, -4.927358285477e-01, 1.625223686151e-06, 0.0000e+00, 0.0000e+00, 
 2DIAGNOSTIC,    21, -4.927361640481e-01, 1.542489796648e-06, 0.0000e+00, 0.0000e+00, 
 2DIAGNOSTIC,    22, -4.927357550991e-01, 1.454038915480e-06, 0.0000e+00, 0.0000e+00, 
 2DIAGNOSTIC,    23, -4.927358511660e-01, 1.392737898322e-06, 0.0000e+00, 0.0000e+00, 
 2DIAGNOSTIC,    24, -4.927355481536e-01, 1.330181363418e-06, 0.0000e+00, 0.0000e+00, 
 2DIAGNOSTIC,    25, -4.927354133478e-01, 1.265616561337e-06, 0.0000e+00, 0.0000e+00, 
 2DIAGNOSTIC,    26, -4.927352796246e-01, 1.204602106279e-06, 0.0000e+00, 0.0000e+00, 
 2DIAGNOSTIC,    27, -4.927353914684e-01, 1.149869476920e-06, 0.0000e+00, 0.0000e+00, 
 2DIAGNOSTIC,    28, -4.927350838501e-01, 1.093573689923e-06, 0.0000e+00, 0.0000e+00, 
 2DIAGNOSTIC,    29, -4.927350918858e-01, 1.050308038660e-06, 0.0000e+00, 0.0000e+00, 
 2DIAGNOSTIC,    30, -4.927354845019e-01, 1.021661669744e-06, 0.0000e+00, 0.0000e+00, 
 2DIAGNOSTIC,    31, -4.927353777279e-01, 1.002459253038e-06, 0.0000e+00, 0.0000e+00, 
