
##########################
# Experiment information #
##########################

EXPERIMENT_NAME: antsRegistration-r7-p22
VFC_BACKENDS: libinterflop_vprec.so --range-binary32=7 --precision-binary32=22 --range-binary64=7 --precision-binary64=22

SIF_IMG: /home/mdugre/projects/rrg-glatard/mdugre/containers/ants-vprec-no_metrics.simg

SUBJECT_ID: s033
INPUT_IMG: /home/mdugre/scratch/mri-registration-rp/datasets/ds004513/derivatives/mri-registration-rp/antsBrainExtraction/sub-s033/BrainExtractionBrain.nii.gz
OUTPUT_DIR: /home/mdugre/scratch/mri-registration-rp/datasets/ds004513/derivatives/mri-registration-rp/1111/antsRegistration-r7-p22/sub-s033

FIXED_IMG: /templateflow/tpl-MNI152NLin2009cAsym/tpl-MNI152NLin2009cAsym_res-01_desc-brain_T1w.nii.gz
DATA_DIR: /home/mdugre/scratch/mri-registration-rp/datasets/ds004513
TEMPLATEFLOW_DIR: /home/mdugre/projects/rrg-glatard/mdugre/templateflow
ITK_GLOBAL_DEFAULT_NUMBER_OF_THREADS: 16
##########################

Info [verificarlo]: loaded backend libinterflop_vprec.so
Info [interflop-vprec]: load backend with: 
Info [interflop-vprec]: precision-binary32 = 22
Info [interflop-vprec]: range-binary32 = 7
Info [interflop-vprec]: precision-binary64 = 22
Info [interflop-vprec]: range-binary64 = 7
Info [interflop-vprec]: mode = ob
Info [interflop-vprec]: error-mode = rel
Info [interflop-vprec]: max-abs-error-exponent = -1022
Info [interflop-vprec]: daz = false
Info [interflop-vprec]: ftz = false
Info [interflop-vprec]: 	instrument = none
Info [interflop-vprec]: 	prec-input-file = (null)
Info [interflop-vprec]: 	prec-output-file = (null)
Info [interflop-vprec]: 	prec-log-file = (null)
All_Command_lines_OK
Using double precision for computations.
=============================================================================
The composite transform comprises the following transforms (in order): 
  1. Center of mass alignment using fixed image: /templateflow/tpl-MNI152NLin2009cAsym/tpl-MNI152NLin2009cAsym_res-01_desc-brain_T1w.nii.gz and moving image: /home/mdugre/scratch/mri-registration-rp/datasets/ds004513/derivatives/mri-registration-rp/antsBrainExtraction/sub-s033/BrainExtractionBrain.nii.gz (type = Euler3DTransform)
=============================================================================
  number of levels = 1
  fixed image: /templateflow/tpl-MNI152NLin2009cAsym/tpl-MNI152NLin2009cAsym_res-01_desc-brain_T1w.nii.gz
  moving image: /home/mdugre/scratch/mri-registration-rp/datasets/ds004513/derivatives/mri-registration-rp/antsBrainExtraction/sub-s033/BrainExtractionBrain.nii.gz
Dimension = 3
Number of stages = 1
Use histogram matching = false
Winsorize image intensities = true
  Lower quantile = 0.005
  Upper quantile = 0.995


Stage 1 State
   Image metric = MattesMI
     Fixed image = Image (0x39f1b20)
  RTTI typeinfo:   itk::Image<double, 3u>
  Reference Count: 2
  Modified Time: 2330
  Debug: Off
  Object Name: 
  Observers: 
    none
  Source: (none)
  Source output name: (none)
  Release Data: Off
  Data Released: False
  Global Release Data: Off
  PipelineMTime: 0
  UpdateMTime: 1941
  RealTimeStamp: 0 seconds 
  LargestPossibleRegion: 
    Dimension: 3
    Index: [0, 0, 0]
    Size: [193, 229, 193]
  BufferedRegion: 
    Dimension: 3
    Index: [0, 0, 0]
    Size: [193, 229, 193]
  RequestedRegion: 
    Dimension: 3
    Index: [0, 0, 0]
    Size: [193, 229, 193]
  Spacing: [1, 1, 1]
  Origin: [96, 132, -78]
  Direction: 
-1 0 0
0 -1 0
0 0 1

  IndexToPointMatrix: 
-1 0 0
0 -1 0
0 0 1

  PointToIndexMatrix: 
-1 0 0
0 -1 0
0 0 1

  Inverse Direction: 
-1 0 0
0 -1 0
0 0 1

  PixelContainer: 
    ImportImageContainer (0x3b1d650)
      RTTI typeinfo:   itk::ImportImageContainer<unsigned long, double>
      Reference Count: 1
      Modified Time: 1938
      Debug: Off
      Object Name: 
      Observers: 
        none
      Pointer: 0x152902ef0010
      Container manages memory: true
      Size: 8530021
      Capacity: 8530021

     Moving image = Image (0x39f3b40)
  RTTI typeinfo:   itk::Image<double, 3u>
  Reference Count: 2
  Modified Time: 2331
  Debug: Off
  Object Name: 
  Observers: 
    none
  Source: (none)
  Source output name: (none)
  Release Data: Off
  Data Released: False
  Global Release Data: Off
  PipelineMTime: 0
  UpdateMTime: 2328
  RealTimeStamp: 0 seconds 
  LargestPossibleRegion: 
    Dimension: 3
    Index: [0, 0, 0]
    Size: [160, 240, 256]
  BufferedRegion: 
    Dimension: 3
    Index: [0, 0, 0]
    Size: [160, 240, 256]
  RequestedRegion: 
    Dimension: 3
    Index: [0, 0, 0]
    Size: [160, 240, 256]
  Spacing: [1, 1, 1]
  Origin: [91.5134, 94.282, -109.927]
  Direction: 
-0.99591 -0.0698718 -0.0572835
0.0697565 -0.997556 0.00401236
-0.0574239 5.01125e-08 0.99835

  IndexToPointMatrix: 
-0.99591 -0.0698718 -0.0572835
0.0697565 -0.997556 0.00401236
-0.0574239 5.01125e-08 0.99835

  PointToIndexMatrix: 
-0.99591 0.0697565 -0.0574239
-0.0698718 -0.997556 -1.57394e-07
-0.0572835 0.00401239 0.99835

  Inverse Direction: 
-0.99591 0.0697565 -0.0574239
-0.0698718 -0.997556 -1.57394e-07
-0.0572835 0.00401239 0.99835

  PixelContainer: 
    ImportImageContainer (0x3a1b010)
      RTTI typeinfo:   itk::ImportImageContainer<unsigned long, double>
      Reference Count: 1
      Modified Time: 2325
      Debug: Off
      Object Name: 
      Observers: 
        none
      Pointer: 0x1528fe3ef010
      Container manages memory: true
      Size: 9830400
      Capacity: 9830400

     Weighting = 1
     Sampling strategy = regular
     Number of bins = 32
     Radius = 4
     Sampling percentage  = 0.25
   Transform = Rigid
     Gradient step = 0.1
     Update field sigma (voxel space) = 0
     Total field sigma (voxel space) = 0
     Update field time sigma = 0
     Total field time sigma  = 0
     Number of time indices = 0
     Number of time point samples = 0
Registration using 1 total stages.

Stage 0
  iterations = 0
  convergence threshold = 1e-06
  convergence window size = 10
  number of levels = 1
  using the Mattes MI metric (number of bins = 32, weight = 1, use gradient filter = 0)
  preprocessing:  winsorizing the image intensities
  Shrink factors (level 1 out of 1): [1, 1, 1]
  smoothing sigmas per level: [0]
  regular sampling (percentage = 0.25)

*** Running Euler3DTransform registration ***

  Elapsed time (stage 0): 0


Total elapsed time: 0
Info [verificarlo]: loaded backend libinterflop_vprec.so
Info [interflop-vprec]: load backend with: 
Info [interflop-vprec]: precision-binary32 = 22
Info [interflop-vprec]: range-binary32 = 7
Info [interflop-vprec]: precision-binary64 = 22
Info [interflop-vprec]: range-binary64 = 7
Info [interflop-vprec]: mode = ob
Info [interflop-vprec]: error-mode = rel
Info [interflop-vprec]: max-abs-error-exponent = -1022
Info [interflop-vprec]: daz = false
Info [interflop-vprec]: ftz = false
Info [interflop-vprec]: 	instrument = none
Info [interflop-vprec]: 	prec-input-file = (null)
Info [interflop-vprec]: 	prec-output-file = (null)
Info [interflop-vprec]: 	prec-log-file = (null)
All_Command_lines_OK
Using double precision for computations.
=============================================================================
The composite transform comprises the following transforms (in order): 
  1. /home/mdugre/scratch/mri-registration-rp/datasets/ds004513/derivatives/mri-registration-rp/1111/antsRegistration-r7-p22/sub-s033/align_Composite.h5[0] (type = Euler3DTransform)
  2. /home/mdugre/scratch/mri-registration-rp/datasets/ds004513/derivatives/mri-registration-rp/1111/antsRegistration-r7-p22/sub-s033/align_Composite.h5[1] (type = Euler3DTransform)
=============================================================================
  number of levels = 4
  fixed image: /templateflow/tpl-MNI152NLin2009cAsym/tpl-MNI152NLin2009cAsym_res-01_desc-brain_T1w.nii.gz
  moving image: /home/mdugre/scratch/mri-registration-rp/datasets/ds004513/derivatives/mri-registration-rp/antsBrainExtraction/sub-s033/BrainExtractionBrain.nii.gz
Dimension = 3
Number of stages = 1
Use histogram matching = false
Winsorize image intensities = true
  Lower quantile = 0.005
  Upper quantile = 0.995


Stage 1 State
   Image metric = MattesMI
     Fixed image = Image (0x4f701e0)
  RTTI typeinfo:   itk::Image<double, 3u>
  Reference Count: 2
  Modified Time: 1578
  Debug: Off
  Object Name: 
  Observers: 
    none
  Source: (none)
  Source output name: (none)
  Release Data: Off
  Data Released: False
  Global Release Data: Off
  PipelineMTime: 0
  UpdateMTime: 1189
  RealTimeStamp: 0 seconds 
  LargestPossibleRegion: 
    Dimension: 3
    Index: [0, 0, 0]
    Size: [193, 229, 193]
  BufferedRegion: 
    Dimension: 3
    Index: [0, 0, 0]
    Size: [193, 229, 193]
  RequestedRegion: 
    Dimension: 3
    Index: [0, 0, 0]
    Size: [193, 229, 193]
  Spacing: [1, 1, 1]
  Origin: [96, 132, -78]
  Direction: 
-1 0 0
0 -1 0
0 0 1

  IndexToPointMatrix: 
-1 0 0
0 -1 0
0 0 1

  PointToIndexMatrix: 
-1 0 0
0 -1 0
0 0 1

  Inverse Direction: 
-1 0 0
0 -1 0
0 0 1

  PixelContainer: 
    ImportImageContainer (0x502f640)
      RTTI typeinfo:   itk::ImportImageContainer<unsigned long, double>
      Reference Count: 1
      Modified Time: 1186
      Debug: Off
      Object Name: 
      Observers: 
        none
      Pointer: 0x14d5f641c010
      Container manages memory: true
      Size: 8530021
      Capacity: 8530021

     Moving image = Image (0x502bc90)
  RTTI typeinfo:   itk::Image<double, 3u>
  Reference Count: 2
  Modified Time: 1579
  Debug: Off
  Object Name: 
  Observers: 
    none
  Source: (none)
  Source output name: (none)
  Release Data: Off
  Data Released: False
  Global Release Data: Off
  PipelineMTime: 0
  UpdateMTime: 1576
  RealTimeStamp: 0 seconds 
  LargestPossibleRegion: 
    Dimension: 3
    Index: [0, 0, 0]
    Size: [160, 240, 256]
  BufferedRegion: 
    Dimension: 3
    Index: [0, 0, 0]
    Size: [160, 240, 256]
  RequestedRegion: 
    Dimension: 3
    Index: [0, 0, 0]
    Size: [160, 240, 256]
  Spacing: [1, 1, 1]
  Origin: [91.5134, 94.282, -109.927]
  Direction: 
-0.99591 -0.0698718 -0.0572835
0.0697565 -0.997556 0.00401236
-0.0574239 5.01125e-08 0.99835

  IndexToPointMatrix: 
-0.99591 -0.0698718 -0.0572835
0.0697565 -0.997556 0.00401236
-0.0574239 5.01125e-08 0.99835

  PointToIndexMatrix: 
-0.99591 0.0697565 -0.0574239
-0.0698718 -0.997556 -1.57394e-07
-0.0572835 0.00401239 0.99835

  Inverse Direction: 
-0.99591 0.0697565 -0.0574239
-0.0698718 -0.997556 -1.57394e-07
-0.0572835 0.00401239 0.99835

  PixelContainer: 
    ImportImageContainer (0x509cd90)
      RTTI typeinfo:   itk::ImportImageContainer<unsigned long, double>
      Reference Count: 1
      Modified Time: 1573
      Debug: Off
      Object Name: 
      Observers: 
        none
      Pointer: 0x14d5f191b010
      Container manages memory: true
      Size: 9830400
      Capacity: 9830400

     Weighting = 1
     Sampling strategy = regular
     Number of bins = 32
     Radius = 4
     Sampling percentage  = 0.25
   Transform = Rigid
     Gradient step = 0.1
     Update field sigma (voxel space) = 0
     Total field sigma (voxel space) = 0
     Update field time sigma = 0
     Total field time sigma  = 0
     Number of time indices = 0
     Number of time point samples = 0
Registration using 1 total stages.

Stage 0
  iterations = 1000x500x250x100
  convergence threshold = 1e-06
  convergence window size = 10
  number of levels = 4
  using the Mattes MI metric (number of bins = 32, weight = 1, use gradient filter = 0)
  preprocessing:  winsorizing the image intensities
  Shrink factors (level 1 out of 4): [8, 8, 8]
  Shrink factors (level 2 out of 4): [4, 4, 4]
  Shrink factors (level 3 out of 4): [2, 2, 2]
  Shrink factors (level 4 out of 4): [1, 1, 1]
  smoothing sigmas per level: [3, 2, 1, 0]
  regular sampling (percentage = 0.25)

*** Running Euler3DTransform registration ***

DIAGNOSTIC,Iteration,metricValue,convergenceValue,ITERATION_TIME_INDEX,SINCE_LAST
 2DIAGNOSTIC,     1, -4.953144326580e-01, 1.797693134862e+308, 0.0000e+00, 0.0000e+00, 
 2DIAGNOSTIC,     2, -4.972405051289e-01, 1.797693134862e+308, 0.0000e+00, 0.0000e+00, 
 2DIAGNOSTIC,     3, -5.002282254257e-01, 1.797693134862e+308, 0.0000e+00, 0.0000e+00, 
 2DIAGNOSTIC,     4, -5.035469160912e-01, 1.797693134862e+308, 0.0000e+00, 0.0000e+00, 
 2DIAGNOSTIC,     5, -5.060739415610e-01, 1.797693134862e+308, 0.0000e+00, 0.0000e+00, 
 2DIAGNOSTIC,     6, -5.093174880922e-01, 1.797693134862e+308, 0.0000e+00, 0.0000e+00, 
 2DIAGNOSTIC,     7, -5.204334539912e-01, 1.797693134862e+308, 0.0000e+00, 0.0000e+00, 
 2DIAGNOSTIC,     8, -5.234237651554e-01, 1.797693134862e+308, 0.0000e+00, 0.0000e+00, 
 2DIAGNOSTIC,     9, -5.281906012543e-01, 1.797693134862e+308, 0.0000e+00, 0.0000e+00, 
 2DIAGNOSTIC,    10, -5.321304179015e-01, 4.922988173475e-03, 0.0000e+00, 0.0000e+00, 
 2DIAGNOSTIC,    11, -5.397232264937e-01, 4.907136985446e-03, 0.0000e+00, 0.0000e+00, 
 2DIAGNOSTIC,    12, -5.451357312742e-01, 4.774512083426e-03, 0.0000e+00, 0.0000e+00, 
 2DIAGNOSTIC,    13, -5.494621813210e-01, 4.534423604393e-03, 0.0000e+00, 0.0000e+00, 
 2DIAGNOSTIC,    14, -5.620654520803e-01, 4.536776154170e-03, 0.0000e+00, 0.0000e+00, 
 2DIAGNOSTIC,    15, -5.701014300076e-01, 4.494792951412e-03, 0.0000e+00, 0.0000e+00, 
 2DIAGNOSTIC,    16, -5.775510592216e-01, 4.391710336915e-03, 0.0000e+00, 0.0000e+00, 
 2DIAGNOSTIC,    17, -5.996971128040e-01, 4.933432338697e-03, 0.0000e+00, 0.0000e+00, 
 2DIAGNOSTIC,    18, -6.022786421872e-01, 5.102783005557e-03, 0.0000e+00, 0.0000e+00, 
 2DIAGNOSTIC,    19, -6.159828284651e-01, 5.290350414605e-03, 0.0000e+00, 0.0000e+00, 
 2DIAGNOSTIC,    20, -6.224121281369e-01, 5.228450801059e-03, 0.0000e+00, 0.0000e+00, 
 2DIAGNOSTIC,    21, -6.302506072551e-01, 5.063969265874e-03, 0.0000e+00, 0.0000e+00, 
 2DIAGNOSTIC,    22, -6.329823064702e-01, 4.632224465232e-03, 0.0000e+00, 0.0000e+00, 
 2DIAGNOSTIC,    23, -6.396328494031e-01, 4.049891011664e-03, 0.0000e+00, 0.0000e+00, 
 2DIAGNOSTIC,    24, -6.407814484192e-01, 3.434714965343e-03, 0.0000e+00, 0.0000e+00, 
 2DIAGNOSTIC,    25, -6.422921280390e-01, 2.747268609506e-03, 0.0000e+00, 0.0000e+00, 
 2DIAGNOSTIC,    26, -6.440209474784e-01, 2.030748006954e-03, 0.0000e+00, 0.0000e+00, 
 2DIAGNOSTIC,    27, -6.446758764515e-01, 1.607034674308e-03, 0.0000e+00, 0.0000e+00, 
 2DIAGNOSTIC,    28, -6.448026434827e-01, 1.109618246038e-03, 0.0000e+00, 0.0000e+00, 
 2DIAGNOSTIC,    29, -6.454270812577e-01, 7.897451883567e-04, 0.0000e+00, 0.0000e+00, 
 2DIAGNOSTIC,    30, -6.467754838180e-01, 5.450669223374e-04, 0.0000e+00, 0.0000e+00, 
 2DIAGNOSTIC,    31, -6.469554788183e-01, 3.928998701399e-04, 0.0000e+00, 0.0000e+00, 
 2DIAGNOSTIC,    32, -6.469992463493e-01, 2.544470705313e-04, 0.0000e+00, 0.0000e+00, 
 2DIAGNOSTIC,    33, -6.471566689306e-01, 2.022830152799e-04, 0.0000e+00, 0.0000e+00, 
 2DIAGNOSTIC,    34, -6.471028297055e-01, 1.496922245654e-04, 0.0000e+00, 0.0000e+00, 
 2DIAGNOSTIC,    35, -6.471112112388e-01, 1.064953837881e-04, 0.0000e+00, 0.0000e+00, 
 2DIAGNOSTIC,    36, -6.472253713147e-01, 8.046244564710e-05, 0.0000e+00, 0.0000e+00, 
 2DIAGNOSTIC,    37, -6.471250995500e-01, 5.590296385953e-05, 0.0000e+00, 0.0000e+00, 
 2DIAGNOSTIC,    38, -6.471249409137e-01, 2.917407335083e-05, 0.0000e+00, 0.0000e+00, 
 2DIAGNOSTIC,    39, -6.471247307705e-01, 8.493664440300e-06, 0.0000e+00, 0.0000e+00, 
 2DIAGNOSTIC,    40, -6.471247205863e-01, 4.279890954299e-06, 0.0000e+00, 0.0000e+00, 
 2DIAGNOSTIC,    41, -6.471245801465e-01, 2.035285711303e-06, 0.0000e+00, 0.0000e+00, 
DIAGNOSTIC,Iteration,metricValue,convergenceValue,ITERATION_TIME_INDEX,SINCE_LAST
 2DIAGNOSTIC,     1, -5.352991983071e-01, 1.797693134862e+308, 0.0000e+00, 0.0000e+00, 
 2DIAGNOSTIC,     2, -5.363123855997e-01, 1.797693134862e+308, 0.0000e+00, 0.0000e+00, 
 2DIAGNOSTIC,     3, -5.376166258973e-01, 1.797693134862e+308, 0.0000e+00, 0.0000e+00, 
 2DIAGNOSTIC,     4, -5.389185828053e-01, 1.797693134862e+308, 0.0000e+00, 0.0000e+00, 
 2DIAGNOSTIC,     5, -5.405954886725e-01, 1.797693134862e+308, 0.0000e+00, 0.0000e+00, 
 2DIAGNOSTIC,     6, -5.420813687480e-01, 1.797693134862e+308, 0.0000e+00, 0.0000e+00, 
 2DIAGNOSTIC,     7, -5.431720337414e-01, 1.797693134862e+308, 0.0000e+00, 0.0000e+00, 
 2DIAGNOSTIC,     8, -5.434114050573e-01, 1.797693134862e+308, 0.0000e+00, 0.0000e+00, 
 2DIAGNOSTIC,     9, -5.439540357341e-01, 1.797693134862e+308, 0.0000e+00, 0.0000e+00, 
 2DIAGNOSTIC,    10, -5.444793261488e-01, 1.168002338616e-03, 0.0000e+00, 0.0000e+00, 
 2DIAGNOSTIC,    11, -5.445028258969e-01, 9.207210679022e-04, 0.0000e+00, 0.0000e+00, 
 2DIAGNOSTIC,    12, -5.447476730690e-01, 6.874691531674e-04, 0.0000e+00, 0.0000e+00, 
 2DIAGNOSTIC,    13, -5.450528793976e-01, 4.934192056009e-04, 0.0000e+00, 0.0000e+00, 
 2DIAGNOSTIC,    14, -5.455465715582e-01, 3.488251880581e-04, 0.0000e+00, 0.0000e+00, 
 2DIAGNOSTIC,    15, -5.465620558392e-01, 2.845775497473e-04, 0.0000e+00, 0.0000e+00, 
 2DIAGNOSTIC,    16, -5.467788662344e-01, 2.569455379683e-04, 0.0000e+00, 0.0000e+00, 
 2DIAGNOSTIC,    17, -5.472994990200e-01, 2.592737686201e-04, 0.0000e+00, 0.0000e+00, 
 2DIAGNOSTIC,    18, -5.477081444602e-01, 2.560434424775e-04, 0.0000e+00, 0.0000e+00, 
 2DIAGNOSTIC,    19, -5.477991451013e-01, 2.463343924748e-04, 0.0000e+00, 0.0000e+00, 
 2DIAGNOSTIC,    20, -5.478275741409e-01, 2.293116768620e-04, 0.0000e+00, 0.0000e+00, 
 2DIAGNOSTIC,    21, -5.480091249812e-01, 1.978736504947e-04, 0.0000e+00, 0.0000e+00, 
 2DIAGNOSTIC,    22, -5.480831198524e-01, 1.585434396153e-04, 0.0000e+00, 0.0000e+00, 
 2DIAGNOSTIC,    23, -5.480836321444e-01, 1.147492684800e-04, 0.0000e+00, 0.0000e+00, 
 2DIAGNOSTIC,    24, -5.480861963599e-01, 7.442753615047e-05, 0.0000e+00, 0.0000e+00, 
 2DIAGNOSTIC,    25, -5.481221097021e-01, 5.257987173601e-05, 0.0000e+00, 0.0000e+00, 
 2DIAGNOSTIC,    26, -5.481565395718e-01, 3.238330297788e-05, 0.0000e+00, 0.0000e+00, 
 2DIAGNOSTIC,    27, -5.481897738282e-01, 2.121883176373e-05, 0.0000e+00, 0.0000e+00, 
 2DIAGNOSTIC,    28, -5.481806488361e-01, 1.641933416720e-05, 0.0000e+00, 0.0000e+00, 
 2DIAGNOSTIC,    29, -5.481717459145e-01, 1.205190313038e-05, 0.0000e+00, 0.0000e+00, 
 2DIAGNOSTIC,    30, -5.481721083773e-01, 7.366695006492e-06, 0.0000e+00, 0.0000e+00, 
 2DIAGNOSTIC,    31, -5.481731374620e-01, 5.406146627480e-06, 0.0000e+00, 0.0000e+00, 
 2DIAGNOSTIC,    32, -5.481947806600e-01, 4.708452555749e-06, 0.0000e+00, 0.0000e+00, 
 2DIAGNOSTIC,    33, -5.481974202209e-01, 3.757187585600e-06, 0.0000e+00, 0.0000e+00, 
 2DIAGNOSTIC,    34, -5.482419959072e-01, 3.324590409262e-06, 0.0000e+00, 0.0000e+00, 
 2DIAGNOSTIC,    35, -5.482523476318e-01, 3.355037224220e-06, 0.0000e+00, 0.0000e+00, 
 2DIAGNOSTIC,    36, -5.482524164043e-01, 3.635874297372e-06, 0.0000e+00, 0.0000e+00, 
 2DIAGNOSTIC,    37, -5.482525352715e-01, 4.118248099441e-06, 0.0000e+00, 0.0000e+00, 
 2DIAGNOSTIC,    38, -5.482524776432e-01, 4.141250324562e-06, 0.0000e+00, 0.0000e+00, 
 2DIAGNOSTIC,    39, -5.482524486229e-01, 3.723277392269e-06, 0.0000e+00, 0.0000e+00, 
 2DIAGNOSTIC,    40, -5.482523905354e-01, 3.052355544177e-06, 0.0000e+00, 0.0000e+00, 
 2DIAGNOSTIC,    41, -5.482523870467e-01, 2.213410172178e-06, 0.0000e+00, 0.0000e+00, 
 2DIAGNOSTIC,    42, -5.482523767465e-01, 1.553442126889e-06, 0.0000e+00, 0.0000e+00, 
DIAGNOSTIC,Iteration,metricValue,convergenceValue,ITERATION_TIME_INDEX,SINCE_LAST
 2DIAGNOSTIC,     1, -4.661352273249e-01, 1.797693134862e+308, 0.0000e+00, 0.0000e+00, 
 2DIAGNOSTIC,     2, -4.663259142026e-01, 1.797693134862e+308, 0.0000e+00, 0.0000e+00, 
 2DIAGNOSTIC,     3, -4.664696109980e-01, 1.797693134862e+308, 0.0000e+00, 0.0000e+00, 
 2DIAGNOSTIC,     4, -4.665901756999e-01, 1.797693134862e+308, 0.0000e+00, 0.0000e+00, 
 2DIAGNOSTIC,     5, -4.667107007371e-01, 1.797693134862e+308, 0.0000e+00, 0.0000e+00, 
 2DIAGNOSTIC,     6, -4.668212790073e-01, 1.797693134862e+308, 0.0000e+00, 0.0000e+00, 
 2DIAGNOSTIC,     7, -4.669404226538e-01, 1.797693134862e+308, 0.0000e+00, 0.0000e+00, 
 2DIAGNOSTIC,     8, -4.669580593067e-01, 1.797693134862e+308, 0.0000e+00, 0.0000e+00, 
 2DIAGNOSTIC,     9, -4.670000333651e-01, 1.797693134862e+308, 0.0000e+00, 0.0000e+00, 
 2DIAGNOSTIC,    10, -4.670652407530e-01, 1.276290926019e-04, 0.0000e+00, 0.0000e+00, 
 2DIAGNOSTIC,    11, -4.671315947982e-01, 9.970413849675e-05, 0.0000e+00, 0.0000e+00, 
 2DIAGNOSTIC,    12, -4.671680353894e-01, 7.909687400819e-05, 0.0000e+00, 0.0000e+00, 
 2DIAGNOSTIC,    13, -4.671969600406e-01, 6.283108398024e-05, 0.0000e+00, 0.0000e+00, 
 2DIAGNOSTIC,    14, -4.674685528272e-01, 6.043452185019e-05, 0.0000e+00, 0.0000e+00, 
 2DIAGNOSTIC,    15, -4.676044650547e-01, 6.305662296695e-05, 0.0000e+00, 0.0000e+00, 
 2DIAGNOSTIC,    16, -4.677341143153e-01, 6.874158021984e-05, 0.0000e+00, 0.0000e+00, 
 2DIAGNOSTIC,    17, -4.677432092666e-01, 7.229011193079e-05, 0.0000e+00, 0.0000e+00, 
 2DIAGNOSTIC,    18, -4.677443564107e-01, 6.965957797650e-05, 0.0000e+00, 0.0000e+00, 
 2DIAGNOSTIC,    19, -4.677444477225e-01, 6.225089958584e-05, 0.0000e+00, 0.0000e+00, 
 2DIAGNOSTIC,    20, -4.677439708582e-01, 5.178363327812e-05, 0.0000e+00, 0.0000e+00, 
 2DIAGNOSTIC,    21, -4.677427904169e-01, 3.955709033192e-05, 0.0000e+00, 0.0000e+00, 
 2DIAGNOSTIC,    22, -4.677420239870e-01, 2.598997836446e-05, 0.0000e+00, 0.0000e+00, 
 2DIAGNOSTIC,    23, -4.677421587824e-01, 1.196807910436e-05, 0.0000e+00, 0.0000e+00, 
 2DIAGNOSTIC,    24, -4.677416945325e-01, 4.939392615040e-06, 0.0000e+00, 0.0000e+00, 
 2DIAGNOSTIC,    25, -4.677406935534e-01, 1.329721865416e-06, 0.0000e+00, 0.0000e+00, 
 2DIAGNOSTIC,    26, -4.677412329686e-01, 1.033627280780e-06, 0.0000e+00, 0.0000e+00, 
DIAGNOSTIC,Iteration,metricValue,convergenceValue,ITERATION_TIME_INDEX,SINCE_LAST
 2DIAGNOSTIC,     1, -4.260568210207e-01, 1.797693134862e+308, 0.0000e+00, 0.0000e+00, 
 2DIAGNOSTIC,     2, -4.260859591186e-01, 1.797693134862e+308, 0.0000e+00, 0.0000e+00, 
 2DIAGNOSTIC,     3, -4.260972110900e-01, 1.797693134862e+308, 0.0000e+00, 0.0000e+00, 
 2DIAGNOSTIC,     4, -4.260951293950e-01, 1.797693134862e+308, 0.0000e+00, 0.0000e+00, 
 2DIAGNOSTIC,     5, -4.260954626691e-01, 1.797693134862e+308, 0.0000e+00, 0.0000e+00, 
 2DIAGNOSTIC,     6, -4.260952982672e-01, 1.797693134862e+308, 0.0000e+00, 0.0000e+00, 
 2DIAGNOSTIC,     7, -4.260952017254e-01, 1.797693134862e+308, 0.0000e+00, 0.0000e+00, 
 2DIAGNOSTIC,     8, -4.260952469501e-01, 1.797693134862e+308, 0.0000e+00, 0.0000e+00, 
 2DIAGNOSTIC,     9, -4.260950644900e-01, 1.797693134862e+308, 0.0000e+00, 0.0000e+00, 
 2DIAGNOSTIC,    10, -4.260947096611e-01, 6.141951808578e-06, 0.0000e+00, 0.0000e+00, 
 2DIAGNOSTIC,    11, -4.260947143360e-01, 3.275618883705e-06, 0.0000e+00, 0.0000e+00, 
 2DIAGNOSTIC,    12, -4.260946378534e-01, 2.448230458155e-06, 0.0000e+00, 0.0000e+00, 
 2DIAGNOSTIC,    13, -4.260946309298e-01, 2.345969479969e-06, 0.0000e+00, 0.0000e+00, 
 2DIAGNOSTIC,    14, -4.260946290480e-01, 2.167396188787e-06, 0.0000e+00, 0.0000e+00, 
 2DIAGNOSTIC,    15, -4.260946252034e-01, 2.036931742277e-06, 2.5600e+02, 2.5600e+02, 
 2DIAGNOSTIC,    16, -4.260946159052e-01, 1.922968894605e-06, 2.5600e+02, 0.0000e+00, 
 2DIAGNOSTIC,    17, -4.260946159672e-01, 1.824017947988e-06, 2.5600e+02, 0.0000e+00, 
 2DIAGNOSTIC,    18, -4.260946127136e-01, 1.741734638808e-06, 2.5600e+02, 0.0000e+00, 
 2DIAGNOSTIC,    19, -4.260946134093e-01, 1.664138804404e-06, 2.5600e+02, 0.0000e+00, 
 2DIAGNOSTIC,    20, -4.260946036096e-01, 1.582783247786e-06, 2.5600e+02, 0.0000e+00, 
 2DIAGNOSTIC,    21, -4.260946212851e-01, 1.510438554307e-06, 2.5600e+02, 0.0000e+00, 
 2DIAGNOSTIC,    22, -4.260946224870e-01, 1.442544261779e-06, 2.5600e+02, 0.0000e+00, 
 2DIAGNOSTIC,    23, -4.260946523112e-01, 1.381306847584e-06, 2.5600e+02, 0.0000e+00, 
 2DIAGNOSTIC,    24, -4.260946635345e-01, 1.325366214201e-06, 2.5600e+02, 0.0000e+00, 
 2DIAGNOSTIC,    25, -4.260946635345e-01, 1.273606914223e-06, 2.5600e+02, 0.0000e+00, 
 2DIAGNOSTIC,    26, -4.260946615937e-01, 1.225237618037e-06, 2.5600e+02, 0.0000e+00, 
 2DIAGNOSTIC,    27, -4.260946560910e-01, 1.179958388844e-06, 2.5600e+02, 0.0000e+00, 
 2DIAGNOSTIC,    28, -4.260946596485e-01, 1.137559661794e-06, 2.5600e+02, 0.0000e+00, 
 2DIAGNOSTIC,    29, -4.260946604298e-01, 1.097801133373e-06, 2.5600e+02, 0.0000e+00, 
 2DIAGNOSTIC,    30, -4.260946515319e-01, 1.060017826113e-06, 2.5600e+02, 0.0000e+00, 
 2DIAGNOSTIC,    31, -4.260946486780e-01, 1.024873809284e-06, 2.5600e+02, 0.0000e+00, 
  Elapsed time (stage 0): 2.5600e+02


Total elapsed time: 2.5600e+02
Info [verificarlo]: loaded backend libinterflop_vprec.so
Info [interflop-vprec]: load backend with: 
Info [interflop-vprec]: precision-binary32 = 22
Info [interflop-vprec]: range-binary32 = 7
Info [interflop-vprec]: precision-binary64 = 22
Info [interflop-vprec]: range-binary64 = 7
Info [interflop-vprec]: mode = ob
Info [interflop-vprec]: error-mode = rel
Info [interflop-vprec]: max-abs-error-exponent = -1022
Info [interflop-vprec]: daz = false
Info [interflop-vprec]: ftz = false
Info [interflop-vprec]: 	instrument = none
Info [interflop-vprec]: 	prec-input-file = (null)
Info [interflop-vprec]: 	prec-output-file = (null)
Info [interflop-vprec]: 	prec-log-file = (null)
All_Command_lines_OK
Using double precision for computations.
=============================================================================
The composite transform comprises the following transforms (in order): 
  1. /home/mdugre/scratch/mri-registration-rp/datasets/ds004513/derivatives/mri-registration-rp/1111/antsRegistration-r7-p22/sub-s033/rigid_Composite.h5[0] (type = Euler3DTransform)
  2. /home/mdugre/scratch/mri-registration-rp/datasets/ds004513/derivatives/mri-registration-rp/1111/antsRegistration-r7-p22/sub-s033/rigid_Composite.h5[1] (type = Euler3DTransform)
  3. /home/mdugre/scratch/mri-registration-rp/datasets/ds004513/derivatives/mri-registration-rp/1111/antsRegistration-r7-p22/sub-s033/rigid_Composite.h5[2] (type = Euler3DTransform)
=============================================================================
  number of levels = 4
  fixed image: /templateflow/tpl-MNI152NLin2009cAsym/tpl-MNI152NLin2009cAsym_res-01_desc-brain_T1w.nii.gz
  moving image: /home/mdugre/scratch/mri-registration-rp/datasets/ds004513/derivatives/mri-registration-rp/antsBrainExtraction/sub-s033/BrainExtractionBrain.nii.gz
Dimension = 3
Number of stages = 1
Use histogram matching = false
Winsorize image intensities = true
  Lower quantile = 0.005
  Upper quantile = 0.995


Stage 1 State
   Image metric = MattesMI
     Fixed image = Image (0x4398490)
  RTTI typeinfo:   itk::Image<double, 3u>
  Reference Count: 2
  Modified Time: 1592
  Debug: Off
  Object Name: 
  Observers: 
    none
  Source: (none)
  Source output name: (none)
  Release Data: Off
  Data Released: False
  Global Release Data: Off
  PipelineMTime: 0
  UpdateMTime: 1203
  RealTimeStamp: 0 seconds 
  LargestPossibleRegion: 
    Dimension: 3
    Index: [0, 0, 0]
    Size: [193, 229, 193]
  BufferedRegion: 
    Dimension: 3
    Index: [0, 0, 0]
    Size: [193, 229, 193]
  RequestedRegion: 
    Dimension: 3
    Index: [0, 0, 0]
    Size: [193, 229, 193]
  Spacing: [1, 1, 1]
  Origin: [96, 132, -78]
  Direction: 
-1 0 0
0 -1 0
0 0 1

  IndexToPointMatrix: 
-1 0 0
0 -1 0
0 0 1

  PointToIndexMatrix: 
-1 0 0
0 -1 0
0 0 1

  Inverse Direction: 
-1 0 0
0 -1 0
0 0 1

  PixelContainer: 
    ImportImageContainer (0x44658d0)
      RTTI typeinfo:   itk::ImportImageContainer<unsigned long, double>
      Reference Count: 1
      Modified Time: 1200
      Debug: Off
      Object Name: 
      Observers: 
        none
      Pointer: 0x14849345c010
      Container manages memory: true
      Size: 8530021
      Capacity: 8530021

     Moving image = Image (0x4464e80)
  RTTI typeinfo:   itk::Image<double, 3u>
  Reference Count: 2
  Modified Time: 1593
  Debug: Off
  Object Name: 
  Observers: 
    none
  Source: (none)
  Source output name: (none)
  Release Data: Off
  Data Released: False
  Global Release Data: Off
  PipelineMTime: 0
  UpdateMTime: 1590
  RealTimeStamp: 0 seconds 
  LargestPossibleRegion: 
    Dimension: 3
    Index: [0, 0, 0]
    Size: [160, 240, 256]
  BufferedRegion: 
    Dimension: 3
    Index: [0, 0, 0]
    Size: [160, 240, 256]
  RequestedRegion: 
    Dimension: 3
    Index: [0, 0, 0]
    Size: [160, 240, 256]
  Spacing: [1, 1, 1]
  Origin: [91.5134, 94.282, -109.927]
  Direction: 
-0.99591 -0.0698718 -0.0572835
0.0697565 -0.997556 0.00401236
-0.0574239 5.01125e-08 0.99835

  IndexToPointMatrix: 
-0.99591 -0.0698718 -0.0572835
0.0697565 -0.997556 0.00401236
-0.0574239 5.01125e-08 0.99835

  PointToIndexMatrix: 
-0.99591 0.0697565 -0.0574239
-0.0698718 -0.997556 -1.57394e-07
-0.0572835 0.00401239 0.99835

  Inverse Direction: 
-0.99591 0.0697565 -0.0574239
-0.0698718 -0.997556 -1.57394e-07
-0.0572835 0.00401239 0.99835

  PixelContainer: 
    ImportImageContainer (0x43a9ec0)
      RTTI typeinfo:   itk::ImportImageContainer<unsigned long, double>
      Reference Count: 1
      Modified Time: 1587
      Debug: Off
      Object Name: 
      Observers: 
        none
      Pointer: 0x14848e95b010
      Container manages memory: true
      Size: 9830400
      Capacity: 9830400

     Weighting = 1
     Sampling strategy = regular
     Number of bins = 32
     Radius = 4
     Sampling percentage  = 0.25
   Transform = Affine
     Gradient step = 0.1
     Update field sigma (voxel space) = 0
     Total field sigma (voxel space) = 0
     Update field time sigma = 0
     Total field time sigma  = 0
     Number of time indices = 0
     Number of time point samples = 0
Registration using 1 total stages.

Stage 0
  iterations = 1000x500x250x100
  convergence threshold = 1e-06
  convergence window size = 10
  number of levels = 4
  using the Mattes MI metric (number of bins = 32, weight = 1, use gradient filter = 0)
  preprocessing:  winsorizing the image intensities
  Shrink factors (level 1 out of 4): [8, 8, 8]
  Shrink factors (level 2 out of 4): [4, 4, 4]
  Shrink factors (level 3 out of 4): [2, 2, 2]
  Shrink factors (level 4 out of 4): [1, 1, 1]
  smoothing sigmas per level: [3, 2, 1, 0]
  regular sampling (percentage = 0.25)

*** Running AffineTransform registration ***

DIAGNOSTIC,Iteration,metricValue,convergenceValue,ITERATION_TIME_INDEX,SINCE_LAST
 2DIAGNOSTIC,     1, -6.378783328156e-01, 1.797693134862e+308, 0.0000e+00, 0.0000e+00, 
 2DIAGNOSTIC,     2, -6.405476626818e-01, 1.797693134862e+308, 0.0000e+00, 0.0000e+00, 
 2DIAGNOSTIC,     3, -6.449918319475e-01, 1.797693134862e+308, 0.0000e+00, 0.0000e+00, 
 2DIAGNOSTIC,     4, -6.521286413827e-01, 1.797693134862e+308, 0.0000e+00, 0.0000e+00, 
 2DIAGNOSTIC,     5, -6.641995991171e-01, 1.797693134862e+308, 0.0000e+00, 0.0000e+00, 
 2DIAGNOSTIC,     6, -6.844017890141e-01, 1.797693134862e+308, 0.0000e+00, 0.0000e+00, 
 2DIAGNOSTIC,     7, -7.169227206571e-01, 1.797693134862e+308, 0.0000e+00, 0.0000e+00, 
 2DIAGNOSTIC,     8, -8.237430045019e-01, 1.797693134862e+308, 0.0000e+00, 0.0000e+00, 
 2DIAGNOSTIC,     9, -8.569726579313e-01, 1.797693134862e+308, 0.0000e+00, 0.0000e+00, 
 2DIAGNOSTIC,    10, -8.680723433029e-01, 2.286538770591e-02, 0.0000e+00, 0.0000e+00, 
 2DIAGNOSTIC,    11, -8.812278749593e-01, 2.321704457960e-02, 0.0000e+00, 0.0000e+00, 
 2DIAGNOSTIC,    12, -8.979799608846e-01, 2.200952921999e-02, 0.0000e+00, 0.0000e+00, 
 2DIAGNOSTIC,    13, -9.010070629105e-01, 1.921918928120e-02, 0.0000e+00, 0.0000e+00, 
 2DIAGNOSTIC,    14, -9.053077244863e-01, 1.546237328971e-02, 0.0000e+00, 0.0000e+00, 
 2DIAGNOSTIC,    15, -9.057006065145e-01, 1.122936664988e-02, 0.0000e+00, 0.0000e+00, 
 2DIAGNOSTIC,    16, -9.065367469601e-01, 7.075892695245e-03, 0.0000e+00, 0.0000e+00, 
 2DIAGNOSTIC,    17, -9.073625102908e-01, 3.478747214411e-03, 0.0000e+00, 0.0000e+00, 
 2DIAGNOSTIC,    18, -9.081765959656e-01, 2.125461648937e-03, 0.0000e+00, 0.0000e+00, 
 2DIAGNOSTIC,    19, -9.082099047172e-01, 1.355282057307e-03, 0.0000e+00, 0.0000e+00, 
 2DIAGNOSTIC,    20, -9.082252255666e-01, 7.388776625989e-04, 0.0000e+00, 0.0000e+00, 
 2DIAGNOSTIC,    21, -9.082551167814e-01, 3.320665844834e-04, 0.0000e+00, 0.0000e+00, 
 2DIAGNOSTIC,    22, -9.083239226152e-01, 1.998298436215e-04, 0.0000e+00, 0.0000e+00, 
 2DIAGNOSTIC,    23, -9.083875371935e-01, 1.063312111056e-04, 0.0000e+00, 0.0000e+00, 
 2DIAGNOSTIC,    24, -9.081047239154e-01, 6.924176083965e-05, 0.0000e+00, 0.0000e+00, 
 2DIAGNOSTIC,    25, -9.080047311499e-01, 3.318562253180e-05, 0.0000e+00, 0.0000e+00, 
 2DIAGNOSTIC,    26, -9.078091878561e-01, 5.394694034419e-06, 0.0000e+00, 0.0000e+00, 
DIAGNOSTIC,Iteration,metricValue,convergenceValue,ITERATION_TIME_INDEX,SINCE_LAST
 2DIAGNOSTIC,     1, -7.436783953080e-01, 1.797693134862e+308, 0.0000e+00, 0.0000e+00, 
 2DIAGNOSTIC,     2, -7.444832733813e-01, 1.797693134862e+308, 0.0000e+00, 0.0000e+00, 
 2DIAGNOSTIC,     3, -7.453095209789e-01, 1.797693134862e+308, 0.0000e+00, 0.0000e+00, 
 2DIAGNOSTIC,     4, -7.463810969560e-01, 1.797693134862e+308, 0.0000e+00, 0.0000e+00, 
 2DIAGNOSTIC,     5, -7.481833973282e-01, 1.797693134862e+308, 0.0000e+00, 0.0000e+00, 
 2DIAGNOSTIC,     6, -7.482831441458e-01, 1.797693134862e+308, 0.0000e+00, 0.0000e+00, 
 2DIAGNOSTIC,     7, -7.483040652967e-01, 1.797693134862e+308, 0.0000e+00, 0.0000e+00, 
 2DIAGNOSTIC,     8, -7.483060640229e-01, 1.797693134862e+308, 0.0000e+00, 0.0000e+00, 
 2DIAGNOSTIC,     9, -7.482952143471e-01, 1.797693134862e+308, 0.0000e+00, 0.0000e+00, 
 2DIAGNOSTIC,    10, -7.483229143487e-01, 4.214421456263e-04, 0.0000e+00, 0.0000e+00, 
 2DIAGNOSTIC,    11, -7.483301195940e-01, 2.755572331062e-04, 0.0000e+00, 0.0000e+00, 
 2DIAGNOSTIC,    12, -7.483240389216e-01, 1.554646688165e-04, 0.0000e+00, 0.0000e+00, 
 2DIAGNOSTIC,    13, -7.483193677348e-01, 6.391708166381e-05, 0.0000e+00, 0.0000e+00, 
 2DIAGNOSTIC,    14, -7.483204026120e-01, 7.662791637664e-06, 0.0000e+00, 0.0000e+00, 
 2DIAGNOSTIC,    15, -7.483448948834e-01, 4.654946754848e-06, 0.0000e+00, 0.0000e+00, 
 2DIAGNOSTIC,    16, -7.483792212514e-01, 4.936303867151e-06, 0.0000e+00, 0.0000e+00, 
 2DIAGNOSTIC,    17, -7.484059599978e-01, 5.971903307610e-06, 0.0000e+00, 0.0000e+00, 
 2DIAGNOSTIC,    18, -7.484470807779e-01, 7.443261386769e-06, 0.0000e+00, 0.0000e+00, 
 2DIAGNOSTIC,    19, -7.484607049995e-01, 8.265146666395e-06, 0.0000e+00, 0.0000e+00, 
 2DIAGNOSTIC,    20, -7.485352237529e-01, 1.032808734359e-05, 0.0000e+00, 0.0000e+00, 
 2DIAGNOSTIC,    21, -7.485688353546e-01, 1.208408019186e-05, 0.0000e+00, 0.0000e+00, 
 2DIAGNOSTIC,    22, -7.485658231796e-01, 1.253576552453e-05, 0.0000e+00, 0.0000e+00, 
 2DIAGNOSTIC,    23, -7.485642698767e-01, 1.183550757097e-05, 0.0000e+00, 0.0000e+00, 
 2DIAGNOSTIC,    24, -7.485496107879e-01, 9.998692839491e-06, 0.0000e+00, 0.0000e+00, 
 2DIAGNOSTIC,    25, -7.485537884390e-01, 7.913952840950e-06, 0.0000e+00, 0.0000e+00, 
 2DIAGNOSTIC,    26, -7.485536657566e-01, 5.847307650353e-06, 0.0000e+00, 0.0000e+00, 
 2DIAGNOSTIC,    27, -7.485928485028e-01, 4.425289157180e-06, 0.0000e+00, 0.0000e+00, 
 2DIAGNOSTIC,    28, -7.486299621965e-01, 3.861589554635e-06, 0.0000e+00, 0.0000e+00, 
 2DIAGNOSTIC,    29, -7.486538102942e-01, 3.542325045791e-06, 0.0000e+00, 0.0000e+00, 
 2DIAGNOSTIC,    30, -7.486722019116e-01, 4.181764587850e-06, 0.0000e+00, 0.0000e+00, 
 2DIAGNOSTIC,    31, -7.486971269643e-01, 5.202233813208e-06, 0.0000e+00, 0.0000e+00, 
 2DIAGNOSTIC,    32, -7.486679341324e-01, 5.369240914592e-06, 0.0000e+00, 0.0000e+00, 
 2DIAGNOSTIC,    33, -7.486451165132e-01, 4.842468378646e-06, 0.0000e+00, 0.0000e+00, 
 2DIAGNOSTIC,    34, -7.486489682440e-01, 3.864510507094e-06, 0.0000e+00, 0.0000e+00, 
 2DIAGNOSTIC,    35, -7.486523843688e-01, 2.743563753665e-06, 0.0000e+00, 0.0000e+00, 
 2DIAGNOSTIC,    36, -7.486409262604e-01, 1.376677653073e-06, 0.0000e+00, 0.0000e+00, 
DIAGNOSTIC,Iteration,metricValue,convergenceValue,ITERATION_TIME_INDEX,SINCE_LAST
 2DIAGNOSTIC,     1, -6.325941382808e-01, 1.797693134862e+308, 0.0000e+00, 0.0000e+00, 
 2DIAGNOSTIC,     2, -6.331949117604e-01, 1.797693134862e+308, 0.0000e+00, 0.0000e+00, 
 2DIAGNOSTIC,     3, -6.338831279508e-01, 1.797693134862e+308, 0.0000e+00, 0.0000e+00, 
 2DIAGNOSTIC,     4, -6.347613380657e-01, 1.797693134862e+308, 0.0000e+00, 0.0000e+00, 
 2DIAGNOSTIC,     5, -6.372242254646e-01, 1.797693134862e+308, 0.0000e+00, 0.0000e+00, 
 2DIAGNOSTIC,     6, -6.372252961871e-01, 1.797693134862e+308, 0.0000e+00, 0.0000e+00, 
 2DIAGNOSTIC,     7, -6.372247204483e-01, 1.797693134862e+308, 0.0000e+00, 0.0000e+00, 
 2DIAGNOSTIC,     8, -6.372216642969e-01, 1.797693134862e+308, 0.0000e+00, 0.0000e+00, 
 2DIAGNOSTIC,     9, -6.372230697265e-01, 1.797693134862e+308, 0.0000e+00, 0.0000e+00, 
 2DIAGNOSTIC,    10, -6.372190914877e-01, 5.234340570462e-04, 0.0000e+00, 0.0000e+00, 
 2DIAGNOSTIC,    11, -6.372190786376e-01, 3.549871261870e-04, 0.0000e+00, 0.0000e+00, 
 2DIAGNOSTIC,    12, -6.372154949557e-01, 2.064964052295e-04, 0.0000e+00, 0.0000e+00, 
 2DIAGNOSTIC,    13, -6.372160266801e-01, 8.631748622565e-05, 0.0000e+00, 0.0000e+00, 
 2DIAGNOSTIC,    14, -6.372154459695e-01, 1.467281842082e-06, 0.0000e+00, 0.0000e+00, 
 2DIAGNOSTIC,    15, -6.372143822553e-01, 1.330845977532e-06, 0.0000e+00, 0.0000e+00, 
 2DIAGNOSTIC,    16, -6.372120167887e-01, 1.249508028878e-06, 0.0000e+00, 0.0000e+00, 
 2DIAGNOSTIC,    17, -6.372124520016e-01, 1.245777620319e-06, 0.0000e+00, 0.0000e+00, 
 2DIAGNOSTIC,    18, -6.372088189667e-01, 1.130745856559e-06, 0.0000e+00, 0.0000e+00, 
 2DIAGNOSTIC,    19, -6.372093497737e-01, 1.135492701212e-06, 0.0000e+00, 0.0000e+00, 
 2DIAGNOSTIC,    20, -6.372088222528e-01, 1.087879050871e-06, 0.0000e+00, 0.0000e+00, 
 2DIAGNOSTIC,    21, -6.372094162208e-01, 1.106116852549e-06, 0.0000e+00, 0.0000e+00, 
 2DIAGNOSTIC,    22, -6.372085048380e-01, 1.068747744852e-06, 0.0000e+00, 0.0000e+00, 
 2DIAGNOSTIC,    23, -6.372060111000e-01, 1.032670156505e-06, 0.0000e+00, 0.0000e+00, 
 2DIAGNOSTIC,    24, -6.372048021672e-01, 1.000661955970e-06, 0.0000e+00, 0.0000e+00, 
DIAGNOSTIC,Iteration,metricValue,convergenceValue,ITERATION_TIME_INDEX,SINCE_LAST
 2DIAGNOSTIC,     1, -5.631700935677e-01, 1.797693134862e+308, 0.0000e+00, 0.0000e+00, 
 2DIAGNOSTIC,     2, -5.632920744287e-01, 1.797693134862e+308, 0.0000e+00, 0.0000e+00, 
 2DIAGNOSTIC,     3, -5.633764258988e-01, 1.797693134862e+308, 0.0000e+00, 0.0000e+00, 
 2DIAGNOSTIC,     4, -5.635196508296e-01, 1.797693134862e+308, 0.0000e+00, 0.0000e+00, 
 2DIAGNOSTIC,     5, -5.636510231185e-01, 1.797693134862e+308, 0.0000e+00, 0.0000e+00, 
 2DIAGNOSTIC,     6, -5.636792222168e-01, 1.797693134862e+308, 0.0000e+00, 0.0000e+00, 
 2DIAGNOSTIC,     7, -5.636935888646e-01, 1.797693134862e+308, 0.0000e+00, 0.0000e+00, 
 2DIAGNOSTIC,     8, -5.637201890508e-01, 1.797693134862e+308, 0.0000e+00, 0.0000e+00, 
 2DIAGNOSTIC,     9, -5.637510373503e-01, 1.797693134862e+308, 0.0000e+00, 0.0000e+00, 
 2DIAGNOSTIC,    10, -5.637845825711e-01, 7.088772098415e-05, 0.0000e+00, 0.0000e+00, 
 2DIAGNOSTIC,    11, -5.638176687881e-01, 5.236652372413e-05, 2.5600e+02, 2.5600e+02, 
 2DIAGNOSTIC,    12, -5.638227583344e-01, 3.787731428434e-05, 2.5600e+02, 0.0000e+00, 
 2DIAGNOSTIC,    13, -5.638441533165e-01, 2.646579595549e-05, 2.5600e+02, 0.0000e+00, 
 2DIAGNOSTIC,    14, -5.638928646579e-01, 2.127374025601e-05, 2.5600e+02, 0.0000e+00, 
 2DIAGNOSTIC,    15, -5.638929419635e-01, 1.938869252484e-05, 2.5600e+02, 0.0000e+00, 
 2DIAGNOSTIC,    16, -5.638928426758e-01, 1.706138613261e-05, 2.5600e+02, 0.0000e+00, 
 2DIAGNOSTIC,    17, -5.638924669485e-01, 1.405472982467e-05, 2.5600e+02, 0.0000e+00, 
 2DIAGNOSTIC,    18, -5.638925231196e-01, 1.098936946081e-05, 2.5600e+02, 0.0000e+00, 
 2DIAGNOSTIC,    19, -5.638923065755e-01, 8.167944354050e-06, 2.5600e+02, 0.0000e+00, 
 2DIAGNOSTIC,    20, -5.638923308033e-01, 5.853161608227e-06, 2.5600e+02, 0.0000e+00, 
 2DIAGNOSTIC,    21, -5.638923096295e-01, 4.177199243650e-06, 2.5600e+02, 0.0000e+00, 
 2DIAGNOSTIC,    22, -5.638921824981e-01, 2.518096650424e-06, 2.5600e+02, 0.0000e+00, 
 2DIAGNOSTIC,    23, -5.638920353057e-01, 1.338016502803e-06, 2.5600e+02, 0.0000e+00, 
