
##########################
# Experiment information #
##########################

EXPERIMENT_NAME: antsRegistration-r8-p22
VFC_BACKENDS: libinterflop_vprec.so --range-binary32=8 --precision-binary32=22 --range-binary64=8 --precision-binary64=22

SIF_IMG: /home/mdugre/projects/rrg-glatard/mdugre/containers/ants-vprec-no_metrics.simg

SUBJECT_ID: s037
INPUT_IMG: /home/mdugre/scratch/mri-registration-rp/datasets/ds004513/derivatives/mri-registration-rp/antsBrainExtraction/sub-s037/BrainExtractionBrain.nii.gz
OUTPUT_DIR: /home/mdugre/scratch/mri-registration-rp/datasets/ds004513/derivatives/mri-registration-rp/1111/antsRegistration-r8-p22/sub-s037

FIXED_IMG: /templateflow/tpl-MNI152NLin2009cAsym/tpl-MNI152NLin2009cAsym_res-01_desc-brain_T1w.nii.gz
DATA_DIR: /home/mdugre/scratch/mri-registration-rp/datasets/ds004513
TEMPLATEFLOW_DIR: /home/mdugre/projects/rrg-glatard/mdugre/templateflow
ITK_GLOBAL_DEFAULT_NUMBER_OF_THREADS: 16
##########################

Info [verificarlo]: loaded backend libinterflop_vprec.so
Info [interflop-vprec]: load backend with: 
Info [interflop-vprec]: precision-binary32 = 22
Info [interflop-vprec]: range-binary32 = 8
Info [interflop-vprec]: precision-binary64 = 22
Info [interflop-vprec]: range-binary64 = 8
Info [interflop-vprec]: mode = ob
Info [interflop-vprec]: error-mode = rel
Info [interflop-vprec]: max-abs-error-exponent = -1022
Info [interflop-vprec]: daz = false
Info [interflop-vprec]: ftz = false
Info [interflop-vprec]: 	instrument = none
Info [interflop-vprec]: 	prec-input-file = (null)
Info [interflop-vprec]: 	prec-output-file = (null)
Info [interflop-vprec]: 	prec-log-file = (null)
All_Command_lines_OK
Using double precision for computations.
=============================================================================
The composite transform comprises the following transforms (in order): 
  1. Center of mass alignment using fixed image: /templateflow/tpl-MNI152NLin2009cAsym/tpl-MNI152NLin2009cAsym_res-01_desc-brain_T1w.nii.gz and moving image: /home/mdugre/scratch/mri-registration-rp/datasets/ds004513/derivatives/mri-registration-rp/antsBrainExtraction/sub-s037/BrainExtractionBrain.nii.gz (type = Euler3DTransform)
=============================================================================
  number of levels = 1
  fixed image: /templateflow/tpl-MNI152NLin2009cAsym/tpl-MNI152NLin2009cAsym_res-01_desc-brain_T1w.nii.gz
  moving image: /home/mdugre/scratch/mri-registration-rp/datasets/ds004513/derivatives/mri-registration-rp/antsBrainExtraction/sub-s037/BrainExtractionBrain.nii.gz
Dimension = 3
Number of stages = 1
Use histogram matching = false
Winsorize image intensities = true
  Lower quantile = 0.005
  Upper quantile = 0.995


Stage 1 State
   Image metric = MattesMI
     Fixed image = Image (0x4e4db20)
  RTTI typeinfo:   itk::Image<double, 3u>
  Reference Count: 2
  Modified Time: 2330
  Debug: Off
  Object Name: 
  Observers: 
    none
  Source: (none)
  Source output name: (none)
  Release Data: Off
  Data Released: False
  Global Release Data: Off
  PipelineMTime: 0
  UpdateMTime: 1941
  RealTimeStamp: 0 seconds 
  LargestPossibleRegion: 
    Dimension: 3
    Index: [0, 0, 0]
    Size: [193, 229, 193]
  BufferedRegion: 
    Dimension: 3
    Index: [0, 0, 0]
    Size: [193, 229, 193]
  RequestedRegion: 
    Dimension: 3
    Index: [0, 0, 0]
    Size: [193, 229, 193]
  Spacing: [1, 1, 1]
  Origin: [96, 132, -78]
  Direction: 
-1 0 0
0 -1 0
0 0 1

  IndexToPointMatrix: 
-1 0 0
0 -1 0
0 0 1

  PointToIndexMatrix: 
-1 0 0
0 -1 0
0 0 1

  Inverse Direction: 
-1 0 0
0 -1 0
0 0 1

  PixelContainer: 
    ImportImageContainer (0x4f79650)
      RTTI typeinfo:   itk::ImportImageContainer<unsigned long, double>
      Reference Count: 1
      Modified Time: 1938
      Debug: Off
      Object Name: 
      Observers: 
        none
      Pointer: 0x1518e0d2d010
      Container manages memory: true
      Size: 8530021
      Capacity: 8530021

     Moving image = Image (0x4e56240)
  RTTI typeinfo:   itk::Image<double, 3u>
  Reference Count: 2
  Modified Time: 2331
  Debug: Off
  Object Name: 
  Observers: 
    none
  Source: (none)
  Source output name: (none)
  Release Data: Off
  Data Released: False
  Global Release Data: Off
  PipelineMTime: 0
  UpdateMTime: 2328
  RealTimeStamp: 0 seconds 
  LargestPossibleRegion: 
    Dimension: 3
    Index: [0, 0, 0]
    Size: [160, 240, 256]
  BufferedRegion: 
    Dimension: 3
    Index: [0, 0, 0]
    Size: [160, 240, 256]
  RequestedRegion: 
    Dimension: 3
    Index: [0, 0, 0]
    Size: [160, 240, 256]
  Spacing: [1, 1, 1]
  Origin: [87.9508, 102.562, -147.639]
  Direction: 
-0.998659 -0.043612 -0.0279129
0.043595 -0.999048 0.00121847
-0.0279395 -2.65543e-08 0.99961

  IndexToPointMatrix: 
-0.998659 -0.043612 -0.0279129
0.043595 -0.999048 0.00121847
-0.0279395 -2.65543e-08 0.99961

  PointToIndexMatrix: 
-0.998659 0.043595 -0.0279395
-0.0436121 -0.999049 9.67412e-08
-0.0279129 0.00121848 0.99961

  Inverse Direction: 
-0.998659 0.043595 -0.0279395
-0.0436121 -0.999049 9.67412e-08
-0.0279129 0.00121848 0.99961

  PixelContainer: 
    ImportImageContainer (0x4f63b90)
      RTTI typeinfo:   itk::ImportImageContainer<unsigned long, double>
      Reference Count: 1
      Modified Time: 2325
      Debug: Off
      Object Name: 
      Observers: 
        none
      Pointer: 0x1518dc22c010
      Container manages memory: true
      Size: 9830400
      Capacity: 9830400

     Weighting = 1
     Sampling strategy = regular
     Number of bins = 32
     Radius = 4
     Sampling percentage  = 0.25
   Transform = Rigid
     Gradient step = 0.1
     Update field sigma (voxel space) = 0
     Total field sigma (voxel space) = 0
     Update field time sigma = 0
     Total field time sigma  = 0
     Number of time indices = 0
     Number of time point samples = 0
Registration using 1 total stages.

Stage 0
  iterations = 0
  convergence threshold = 1e-06
  convergence window size = 10
  number of levels = 1
  using the Mattes MI metric (number of bins = 32, weight = 1, use gradient filter = 0)
  preprocessing:  winsorizing the image intensities
  Shrink factors (level 1 out of 1): [1, 1, 1]
  smoothing sigmas per level: [0]
  regular sampling (percentage = 0.25)

*** Running Euler3DTransform registration ***

  Elapsed time (stage 0): 0


Total elapsed time: 0
Info [verificarlo]: loaded backend libinterflop_vprec.so
Info [interflop-vprec]: load backend with: 
Info [interflop-vprec]: precision-binary32 = 22
Info [interflop-vprec]: range-binary32 = 8
Info [interflop-vprec]: precision-binary64 = 22
Info [interflop-vprec]: range-binary64 = 8
Info [interflop-vprec]: mode = ob
Info [interflop-vprec]: error-mode = rel
Info [interflop-vprec]: max-abs-error-exponent = -1022
Info [interflop-vprec]: daz = false
Info [interflop-vprec]: ftz = false
Info [interflop-vprec]: 	instrument = none
Info [interflop-vprec]: 	prec-input-file = (null)
Info [interflop-vprec]: 	prec-output-file = (null)
Info [interflop-vprec]: 	prec-log-file = (null)
All_Command_lines_OK
Using double precision for computations.
=============================================================================
The composite transform comprises the following transforms (in order): 
  1. /home/mdugre/scratch/mri-registration-rp/datasets/ds004513/derivatives/mri-registration-rp/1111/antsRegistration-r8-p22/sub-s037/align_Composite.h5[0] (type = Euler3DTransform)
  2. /home/mdugre/scratch/mri-registration-rp/datasets/ds004513/derivatives/mri-registration-rp/1111/antsRegistration-r8-p22/sub-s037/align_Composite.h5[1] (type = Euler3DTransform)
=============================================================================
  number of levels = 4
  fixed image: /templateflow/tpl-MNI152NLin2009cAsym/tpl-MNI152NLin2009cAsym_res-01_desc-brain_T1w.nii.gz
  moving image: /home/mdugre/scratch/mri-registration-rp/datasets/ds004513/derivatives/mri-registration-rp/antsBrainExtraction/sub-s037/BrainExtractionBrain.nii.gz
Dimension = 3
Number of stages = 1
Use histogram matching = false
Winsorize image intensities = true
  Lower quantile = 0.005
  Upper quantile = 0.995


Stage 1 State
   Image metric = MattesMI
     Fixed image = Image (0x50f91e0)
  RTTI typeinfo:   itk::Image<double, 3u>
  Reference Count: 2
  Modified Time: 1578
  Debug: Off
  Object Name: 
  Observers: 
    none
  Source: (none)
  Source output name: (none)
  Release Data: Off
  Data Released: False
  Global Release Data: Off
  PipelineMTime: 0
  UpdateMTime: 1189
  RealTimeStamp: 0 seconds 
  LargestPossibleRegion: 
    Dimension: 3
    Index: [0, 0, 0]
    Size: [193, 229, 193]
  BufferedRegion: 
    Dimension: 3
    Index: [0, 0, 0]
    Size: [193, 229, 193]
  RequestedRegion: 
    Dimension: 3
    Index: [0, 0, 0]
    Size: [193, 229, 193]
  Spacing: [1, 1, 1]
  Origin: [96, 132, -78]
  Direction: 
-1 0 0
0 -1 0
0 0 1

  IndexToPointMatrix: 
-1 0 0
0 -1 0
0 0 1

  PointToIndexMatrix: 
-1 0 0
0 -1 0
0 0 1

  Inverse Direction: 
-1 0 0
0 -1 0
0 0 1

  PixelContainer: 
    ImportImageContainer (0x51b8640)
      RTTI typeinfo:   itk::ImportImageContainer<unsigned long, double>
      Reference Count: 1
      Modified Time: 1186
      Debug: Off
      Object Name: 
      Observers: 
        none
      Pointer: 0x1510ac612010
      Container manages memory: true
      Size: 8530021
      Capacity: 8530021

     Moving image = Image (0x51b4c90)
  RTTI typeinfo:   itk::Image<double, 3u>
  Reference Count: 2
  Modified Time: 1579
  Debug: Off
  Object Name: 
  Observers: 
    none
  Source: (none)
  Source output name: (none)
  Release Data: Off
  Data Released: False
  Global Release Data: Off
  PipelineMTime: 0
  UpdateMTime: 1576
  RealTimeStamp: 0 seconds 
  LargestPossibleRegion: 
    Dimension: 3
    Index: [0, 0, 0]
    Size: [160, 240, 256]
  BufferedRegion: 
    Dimension: 3
    Index: [0, 0, 0]
    Size: [160, 240, 256]
  RequestedRegion: 
    Dimension: 3
    Index: [0, 0, 0]
    Size: [160, 240, 256]
  Spacing: [1, 1, 1]
  Origin: [87.9508, 102.562, -147.639]
  Direction: 
-0.998659 -0.043612 -0.0279129
0.043595 -0.999048 0.00121847
-0.0279395 -2.65543e-08 0.99961

  IndexToPointMatrix: 
-0.998659 -0.043612 -0.0279129
0.043595 -0.999048 0.00121847
-0.0279395 -2.65543e-08 0.99961

  PointToIndexMatrix: 
-0.998659 0.043595 -0.0279395
-0.0436121 -0.999049 9.67412e-08
-0.0279129 0.00121848 0.99961

  Inverse Direction: 
-0.998659 0.043595 -0.0279395
-0.0436121 -0.999049 9.67412e-08
-0.0279129 0.00121848 0.99961

  PixelContainer: 
    ImportImageContainer (0x5225d90)
      RTTI typeinfo:   itk::ImportImageContainer<unsigned long, double>
      Reference Count: 1
      Modified Time: 1573
      Debug: Off
      Object Name: 
      Observers: 
        none
      Pointer: 0x1510a7b11010
      Container manages memory: true
      Size: 9830400
      Capacity: 9830400

     Weighting = 1
     Sampling strategy = regular
     Number of bins = 32
     Radius = 4
     Sampling percentage  = 0.25
   Transform = Rigid
     Gradient step = 0.1
     Update field sigma (voxel space) = 0
     Total field sigma (voxel space) = 0
     Update field time sigma = 0
     Total field time sigma  = 0
     Number of time indices = 0
     Number of time point samples = 0
Registration using 1 total stages.

Stage 0
  iterations = 1000x500x250x100
  convergence threshold = 1e-06
  convergence window size = 10
  number of levels = 4
  using the Mattes MI metric (number of bins = 32, weight = 1, use gradient filter = 0)
  preprocessing:  winsorizing the image intensities
  Shrink factors (level 1 out of 4): [8, 8, 8]
  Shrink factors (level 2 out of 4): [4, 4, 4]
  Shrink factors (level 3 out of 4): [2, 2, 2]
  Shrink factors (level 4 out of 4): [1, 1, 1]
  smoothing sigmas per level: [3, 2, 1, 0]
  regular sampling (percentage = 0.25)

*** Running Euler3DTransform registration ***

DIAGNOSTIC,Iteration,metricValue,convergenceValue,ITERATION_TIME_INDEX,SINCE_LAST
 2DIAGNOSTIC,     1, -4.311713252169e-01, 1.797693134862e+308, 0.0000e+00, 0.0000e+00, 
 2DIAGNOSTIC,     2, -4.325259080835e-01, 1.797693134862e+308, 0.0000e+00, 0.0000e+00, 
 2DIAGNOSTIC,     3, -4.351355484435e-01, 1.797693134862e+308, 0.0000e+00, 0.0000e+00, 
 2DIAGNOSTIC,     4, -4.407333020600e-01, 1.797693134862e+308, 0.0000e+00, 0.0000e+00, 
 2DIAGNOSTIC,     5, -4.441304446640e-01, 1.797693134862e+308, 0.0000e+00, 0.0000e+00, 
 2DIAGNOSTIC,     6, -4.466607370243e-01, 1.797693134862e+308, 0.0000e+00, 0.0000e+00, 
 2DIAGNOSTIC,     7, -4.503614095199e-01, 1.797693134862e+308, 0.0000e+00, 0.0000e+00, 
 2DIAGNOSTIC,     8, -4.670470145564e-01, 1.797693134862e+308, 0.0000e+00, 0.0000e+00, 
 2DIAGNOSTIC,     9, -4.773010708427e-01, 1.797693134862e+308, 0.0000e+00, 0.0000e+00, 
 2DIAGNOSTIC,    10, -4.787937511777e-01, 7.200623658238e-03, 0.0000e+00, 0.0000e+00, 
 2DIAGNOSTIC,    11, -4.805196162029e-01, 7.023139402101e-03, 0.0000e+00, 0.0000e+00, 
 2DIAGNOSTIC,    12, -4.835423863826e-01, 6.477182814934e-03, 0.0000e+00, 0.0000e+00, 
 2DIAGNOSTIC,    13, -4.837076593438e-01, 5.548801460383e-03, 0.0000e+00, 0.0000e+00, 
 2DIAGNOSTIC,    14, -4.839903311231e-01, 4.509453648015e-03, 0.0000e+00, 0.0000e+00, 
 2DIAGNOSTIC,    15, -4.844341515530e-01, 3.371937997404e-03, 0.0000e+00, 0.0000e+00, 
 2DIAGNOSTIC,    16, -4.850535558751e-01, 2.203976551673e-03, 0.0000e+00, 0.0000e+00, 
 2DIAGNOSTIC,    17, -4.855054320454e-01, 1.112714102366e-03, 0.0000e+00, 0.0000e+00, 
 2DIAGNOSTIC,    18, -4.856576130957e-01, 6.080489230536e-04, 0.0000e+00, 0.0000e+00, 
 2DIAGNOSTIC,    19, -4.860472956945e-01, 4.449936743317e-04, 0.0000e+00, 0.0000e+00, 
 2DIAGNOSTIC,    20, -4.861170617864e-01, 3.045857673120e-04, 0.0000e+00, 0.0000e+00, 
 2DIAGNOSTIC,    21, -4.861494818231e-01, 1.981395389753e-04, 0.0000e+00, 0.0000e+00, 
 2DIAGNOSTIC,    22, -4.861686735787e-01, 1.672136619269e-04, 0.0000e+00, 0.0000e+00, 
 2DIAGNOSTIC,    23, -4.862111975565e-01, 1.291222414256e-04, 0.0000e+00, 0.0000e+00, 
 2DIAGNOSTIC,    24, -4.863630954512e-01, 9.314857444867e-05, 0.0000e+00, 0.0000e+00, 
 2DIAGNOSTIC,    25, -4.864043968872e-01, 6.285405789566e-05, 0.0000e+00, 0.0000e+00, 
 2DIAGNOSTIC,    26, -4.864789576772e-01, 4.516024441267e-05, 0.0000e+00, 0.0000e+00, 
 2DIAGNOSTIC,    27, -4.867014903590e-01, 3.975323275562e-05, 0.0000e+00, 0.0000e+00, 
 2DIAGNOSTIC,    28, -4.867951001466e-01, 3.604573475160e-05, 0.0000e+00, 0.0000e+00, 
 2DIAGNOSTIC,    29, -4.868067511900e-01, 3.755902005129e-05, 0.0000e+00, 0.0000e+00, 
 2DIAGNOSTIC,    30, -4.868090579830e-01, 3.702551619979e-05, 0.0000e+00, 0.0000e+00, 
 2DIAGNOSTIC,    31, -4.868242633845e-01, 3.408380583721e-05, 0.0000e+00, 0.0000e+00, 
 2DIAGNOSTIC,    32, -4.868993844710e-01, 2.990590765540e-05, 0.0000e+00, 0.0000e+00, 
 2DIAGNOSTIC,    33, -4.869042445714e-01, 2.398141031093e-05, 0.0000e+00, 0.0000e+00, 
 2DIAGNOSTIC,    34, -4.869051042444e-01, 1.898570366652e-05, 0.0000e+00, 0.0000e+00, 
 2DIAGNOSTIC,    35, -4.869098114237e-01, 1.341020807862e-05, 0.0000e+00, 0.0000e+00, 
 2DIAGNOSTIC,    36, -4.869169357805e-01, 8.226472536316e-06, 0.0000e+00, 0.0000e+00, 
 2DIAGNOSTIC,    37, -4.869317885648e-01, 6.397041660205e-06, 0.0000e+00, 0.0000e+00, 
 2DIAGNOSTIC,    38, -4.869862143552e-01, 6.453154727838e-06, 0.0000e+00, 0.0000e+00, 
 2DIAGNOSTIC,    39, -4.870105125065e-01, 6.522867814010e-06, 0.0000e+00, 0.0000e+00, 
 2DIAGNOSTIC,    40, -4.870143704843e-01, 6.147920146787e-06, 0.0000e+00, 0.0000e+00, 
 2DIAGNOSTIC,    41, -4.870146007886e-01, 5.489195715226e-06, 0.0000e+00, 0.0000e+00, 
 2DIAGNOSTIC,    42, -4.870148164876e-01, 5.480151640792e-06, 0.0000e+00, 0.0000e+00, 
 2DIAGNOSTIC,    43, -4.870150650661e-01, 5.080654627340e-06, 0.0000e+00, 0.0000e+00, 
 2DIAGNOSTIC,    44, -4.870152469385e-01, 4.294313374811e-06, 0.0000e+00, 0.0000e+00, 
 2DIAGNOSTIC,    45, -4.870162964419e-01, 3.288697843294e-06, 0.0000e+00, 0.0000e+00, 
 2DIAGNOSTIC,    46, -4.870185089092e-01, 2.209911307793e-06, 0.0000e+00, 0.0000e+00, 
 2DIAGNOSTIC,    47, -4.870244180385e-01, 1.280073180454e-06, 0.0000e+00, 0.0000e+00, 
 2DIAGNOSTIC,    48, -4.870393989464e-01, 1.181754161951e-06, 0.0000e+00, 0.0000e+00, 
 2DIAGNOSTIC,    49, -4.870765701307e-01, 1.778017970262e-06, 0.0000e+00, 0.0000e+00, 
 2DIAGNOSTIC,    50, -4.871266939258e-01, 2.873651308088e-06, 0.0000e+00, 0.0000e+00, 
 2DIAGNOSTIC,    51, -4.872303090045e-01, 4.910199189908e-06, 0.0000e+00, 0.0000e+00, 
 2DIAGNOSTIC,    52, -4.872372229253e-01, 6.516491065346e-06, 0.0000e+00, 0.0000e+00, 
 2DIAGNOSTIC,    53, -4.872408915349e-01, 7.556077914282e-06, 0.0000e+00, 0.0000e+00, 
 2DIAGNOSTIC,    54, -4.872427576481e-01, 7.922002384499e-06, 0.0000e+00, 0.0000e+00, 
 2DIAGNOSTIC,    55, -4.872560139280e-01, 7.714261697513e-06, 0.0000e+00, 0.0000e+00, 
 2DIAGNOSTIC,    56, -4.872677066726e-01, 6.959156016458e-06, 0.0000e+00, 0.0000e+00, 
 2DIAGNOSTIC,    57, -4.872813907595e-01, 5.822943837479e-06, 0.0000e+00, 0.0000e+00, 
 2DIAGNOSTIC,    58, -4.873044361844e-01, 4.620477235161e-06, 0.0000e+00, 0.0000e+00, 
 2DIAGNOSTIC,    59, -4.873966138207e-01, 4.361051333949e-06, 0.0000e+00, 0.0000e+00, 
 2DIAGNOSTIC,    60, -4.873998126150e-01, 4.217636605169e-06, 0.0000e+00, 0.0000e+00, 
 2DIAGNOSTIC,    61, -4.874047013458e-01, 4.786383135873e-06, 0.0000e+00, 0.0000e+00, 
 2DIAGNOSTIC,    62, -4.874153513160e-01, 5.105494413932e-06, 0.0000e+00, 0.0000e+00, 
 2DIAGNOSTIC,    63, -4.874353539033e-01, 5.188655633297e-06, 0.0000e+00, 0.0000e+00, 
 2DIAGNOSTIC,    64, -4.874467397406e-01, 4.922487266662e-06, 0.0000e+00, 0.0000e+00, 
 2DIAGNOSTIC,    65, -4.874647539104e-01, 4.522200158199e-06, 0.0000e+00, 0.0000e+00, 
 2DIAGNOSTIC,    66, -4.874656707471e-01, 3.869980513767e-06, 0.0000e+00, 0.0000e+00, 
 2DIAGNOSTIC,    67, -4.874751113970e-01, 3.120839121219e-06, 0.0000e+00, 0.0000e+00, 
 2DIAGNOSTIC,    68, -4.874800937519e-01, 2.357698177281e-06, 0.0000e+00, 0.0000e+00, 
 2DIAGNOSTIC,    69, -4.874840220012e-01, 2.255935985929e-06, 0.0000e+00, 0.0000e+00, 
 2DIAGNOSTIC,    70, -4.874935011371e-01, 2.092049175451e-06, 0.0000e+00, 0.0000e+00, 
 2DIAGNOSTIC,    71, -4.875206516155e-01, 2.040587049734e-06, 0.0000e+00, 0.0000e+00, 
 2DIAGNOSTIC,    72, -4.876568765603e-01, 3.033662336551e-06, 0.0000e+00, 0.0000e+00, 
 2DIAGNOSTIC,    73, -4.883572275153e-01, 9.542095839591e-06, 0.0000e+00, 0.0000e+00, 
 2DIAGNOSTIC,    74, -4.894544403151e-01, 2.368369021213e-05, 0.0000e+00, 0.0000e+00, 
 2DIAGNOSTIC,    75, -4.919854315612e-01, 5.507468457143e-05, 0.0000e+00, 0.0000e+00, 
 2DIAGNOSTIC,    76, -4.990245133859e-01, 1.345538478377e-04, 0.0000e+00, 0.0000e+00, 
 2DIAGNOSTIC,    77, -5.001422315548e-01, 2.063639654304e-04, 0.0000e+00, 0.0000e+00, 
 2DIAGNOSTIC,    78, -5.008890317104e-01, 2.626492451906e-04, 0.0000e+00, 0.0000e+00, 
 2DIAGNOSTIC,    79, -5.021134138624e-01, 3.018691549294e-04, 0.0000e+00, 0.0000e+00, 
 2DIAGNOSTIC,    80, -5.031141471312e-01, 3.178802444472e-04, 0.0000e+00, 0.0000e+00, 
 2DIAGNOSTIC,    81, -5.033154312298e-01, 3.036714278063e-04, 0.0000e+00, 0.0000e+00, 
 2DIAGNOSTIC,    82, -5.033862766405e-01, 2.621093584459e-04, 0.0000e+00, 0.0000e+00, 
 2DIAGNOSTIC,    83, -5.037301962936e-01, 2.044719588980e-04, 0.0000e+00, 0.0000e+00, 
 2DIAGNOSTIC,    84, -5.041840865613e-01, 1.393705379469e-04, 0.0000e+00, 0.0000e+00, 
 2DIAGNOSTIC,    85, -5.042284395874e-01, 7.879153655324e-05, 0.0000e+00, 0.0000e+00, 
 2DIAGNOSTIC,    86, -5.044487059586e-01, 6.160509908351e-05, 0.0000e+00, 0.0000e+00, 
 2DIAGNOSTIC,    87, -5.045174338114e-01, 4.696183871636e-05, 0.0000e+00, 0.0000e+00, 
 2DIAGNOSTIC,    88, -5.045686211076e-01, 3.330161868196e-05, 0.0000e+00, 0.0000e+00, 
 2DIAGNOSTIC,    89, -5.047606852186e-01, 2.589290742441e-05, 0.0000e+00, 0.0000e+00, 
 2DIAGNOSTIC,    90, -5.067945760800e-01, 3.588380645570e-05, 0.0000e+00, 0.0000e+00, 
 2DIAGNOSTIC,    91, -5.195054962341e-01, 1.248769695628e-04, 0.0000e+00, 0.0000e+00, 
 2DIAGNOSTIC,    92, -5.295542765114e-01, 2.618270696193e-04, 0.0000e+00, 0.0000e+00, 
 2DIAGNOSTIC,    93, -5.307028348810e-01, 3.789550636177e-04, 0.0000e+00, 0.0000e+00, 
 2DIAGNOSTIC,    94, -5.314500800358e-01, 4.659906962766e-04, 0.0000e+00, 0.0000e+00, 
 2DIAGNOSTIC,    95, -5.324761773908e-01, 5.129823101877e-04, 0.0000e+00, 0.0000e+00, 
 2DIAGNOSTIC,    96, -5.331639765371e-01, 5.132576831828e-04, 0.0000e+00, 0.0000e+00, 
 2DIAGNOSTIC,    97, -5.355629348900e-01, 4.775966375423e-04, 0.0000e+00, 0.0000e+00, 
 2DIAGNOSTIC,    98, -5.374638977584e-01, 4.088562998167e-04, 0.0000e+00, 0.0000e+00, 
 2DIAGNOSTIC,    99, -5.383488151600e-01, 3.097448778902e-04, 0.0000e+00, 0.0000e+00, 
 2DIAGNOSTIC,   100, -5.403802981712e-01, 2.052187602567e-04, 0.0000e+00, 0.0000e+00, 
 2DIAGNOSTIC,   101, -5.408569816429e-01, 1.570323547040e-04, 0.0000e+00, 0.0000e+00, 
 2DIAGNOSTIC,   102, -5.421108132352e-01, 1.586506493948e-04, 0.0000e+00, 0.0000e+00, 
 2DIAGNOSTIC,   103, -5.455098091350e-01, 1.702009827079e-04, 0.0000e+00, 0.0000e+00, 
 2DIAGNOSTIC,   104, -5.473824684051e-01, 1.791263532367e-04, 0.0000e+00, 0.0000e+00, 
 2DIAGNOSTIC,   105, -5.479860726878e-01, 1.795558351749e-04, 0.0000e+00, 0.0000e+00, 
 2DIAGNOSTIC,   106, -5.481358910151e-01, 1.672293020722e-04, 0.0000e+00, 0.0000e+00, 
 2DIAGNOSTIC,   107, -5.485950537710e-01, 1.543036707387e-04, 0.0000e+00, 0.0000e+00, 
 2DIAGNOSTIC,   108, -5.489249514554e-01, 1.382724193288e-04, 0.0000e+00, 0.0000e+00, 
 2DIAGNOSTIC,   109, -5.494310548618e-01, 1.161170249738e-04, 0.0000e+00, 0.0000e+00, 
 2DIAGNOSTIC,   110, -5.499654589489e-01, 9.676619962856e-05, 0.0000e+00, 0.0000e+00, 
 2DIAGNOSTIC,   111, -5.500518452590e-01, 7.150002505606e-05, 0.0000e+00, 0.0000e+00, 
 2DIAGNOSTIC,   112, -5.500583140600e-01, 4.596415399576e-05, 0.0000e+00, 0.0000e+00, 
 2DIAGNOSTIC,   113, -5.500689142115e-01, 3.354681392038e-05, 0.0000e+00, 0.0000e+00, 
 2DIAGNOSTIC,   114, -5.500040924846e-01, 2.712077606585e-05, 0.0000e+00, 0.0000e+00, 
 2DIAGNOSTIC,   115, -5.499354661659e-01, 2.086438908212e-05, 0.0000e+00, 0.0000e+00, 
 2DIAGNOSTIC,   116, -5.498721057279e-01, 1.314529928773e-05, 0.0000e+00, 0.0000e+00, 
 2DIAGNOSTIC,   117, -5.498752806846e-01, 6.603006167061e-06, 0.0000e+00, 0.0000e+00, 
 2DIAGNOSTIC,   118, -5.498770478678e-01, 1.131179465659e-06, 0.0000e+00, 0.0000e+00, 
DIAGNOSTIC,Iteration,metricValue,convergenceValue,ITERATION_TIME_INDEX,SINCE_LAST
 2DIAGNOSTIC,     1, -4.464898187537e-01, 1.797693134862e+308, 0.0000e+00, 0.0000e+00, 
 2DIAGNOSTIC,     2, -4.469672793138e-01, 1.797693134862e+308, 0.0000e+00, 0.0000e+00, 
 2DIAGNOSTIC,     3, -4.476909077365e-01, 1.797693134862e+308, 0.0000e+00, 0.0000e+00, 
 2DIAGNOSTIC,     4, -4.488313449119e-01, 1.797693134862e+308, 0.0000e+00, 0.0000e+00, 
 2DIAGNOSTIC,     5, -4.512577414040e-01, 1.797693134862e+308, 0.0000e+00, 0.0000e+00, 
 2DIAGNOSTIC,     6, -4.519809331955e-01, 1.797693134862e+308, 0.0000e+00, 0.0000e+00, 
 2DIAGNOSTIC,     7, -4.531164309356e-01, 1.797693134862e+308, 0.0000e+00, 0.0000e+00, 
 2DIAGNOSTIC,     8, -4.545125421219e-01, 1.797693134862e+308, 0.0000e+00, 0.0000e+00, 
 2DIAGNOSTIC,     9, -4.555525205834e-01, 1.797693134862e+308, 0.0000e+00, 0.0000e+00, 
 2DIAGNOSTIC,    10, -4.572697486608e-01, 1.589269984851e-03, 0.0000e+00, 0.0000e+00, 
 2DIAGNOSTIC,    11, -4.591594575478e-01, 1.545235777463e-03, 0.0000e+00, 0.0000e+00, 
 2DIAGNOSTIC,    12, -4.600548796671e-01, 1.441554404195e-03, 0.0000e+00, 0.0000e+00, 
 2DIAGNOSTIC,    13, -4.630816687394e-01, 1.404541343881e-03, 0.0000e+00, 0.0000e+00, 
 2DIAGNOSTIC,    14, -4.654370386903e-01, 1.396272418413e-03, 0.0000e+00, 0.0000e+00, 
 2DIAGNOSTIC,    15, -4.679717654774e-01, 1.466376396542e-03, 0.0000e+00, 0.0000e+00, 
 2DIAGNOSTIC,    16, -4.705747919708e-01, 1.521078002469e-03, 0.0000e+00, 0.0000e+00, 
 2DIAGNOSTIC,    17, -4.789231787733e-01, 1.773113548737e-03, 0.0000e+00, 0.0000e+00, 
 2DIAGNOSTIC,    18, -4.858065512629e-01, 2.108755931010e-03, 0.0000e+00, 0.0000e+00, 
 2DIAGNOSTIC,    19, -4.882469622276e-01, 2.320768599541e-03, 0.0000e+00, 0.0000e+00, 
 2DIAGNOSTIC,    20, -4.892928775859e-01, 2.383119720080e-03, 0.0000e+00, 0.0000e+00, 
 2DIAGNOSTIC,    21, -4.894501373963e-01, 2.279936359715e-03, 0.0000e+00, 0.0000e+00, 
 2DIAGNOSTIC,    22, -4.895402633602e-01, 1.997785446957e-03, 0.0000e+00, 0.0000e+00, 
 2DIAGNOSTIC,    23, -4.900663467588e-01, 1.645702100961e-03, 0.0000e+00, 0.0000e+00, 
 2DIAGNOSTIC,    24, -4.904351144285e-01, 1.240025117563e-03, 0.0000e+00, 0.0000e+00, 
 2DIAGNOSTIC,    25, -4.919160517503e-01, 8.524365776039e-04, 0.0000e+00, 0.0000e+00, 
 2DIAGNOSTIC,    26, -4.920066103695e-01, 4.755054161254e-04, 0.0000e+00, 0.0000e+00, 
 2DIAGNOSTIC,    27, -4.922496558120e-01, 2.728452809288e-04, 0.0000e+00, 0.0000e+00, 
 2DIAGNOSTIC,    28, -4.924571744066e-01, 2.117597629443e-04, 0.0000e+00, 0.0000e+00, 
 2DIAGNOSTIC,    29, -4.926162069748e-01, 1.884211853776e-04, 0.0000e+00, 0.0000e+00, 
 2DIAGNOSTIC,    30, -4.927180655189e-01, 1.716750695584e-04, 0.0000e+00, 0.0000e+00, 
 2DIAGNOSTIC,    31, -4.928566807677e-01, 1.457519271101e-04, 0.0000e+00, 0.0000e+00, 
 2DIAGNOSTIC,    32, -4.928581257321e-01, 1.096965296751e-04, 0.0000e+00, 0.0000e+00, 
 2DIAGNOSTIC,    33, -4.928478546825e-01, 7.512527295434e-05, 0.0000e+00, 0.0000e+00, 
 2DIAGNOSTIC,    34, -4.929020086366e-01, 4.240926551172e-05, 0.0000e+00, 0.0000e+00, 
 2DIAGNOSTIC,    35, -4.928972278424e-01, 3.293049637586e-05, 0.0000e+00, 0.0000e+00, 
 2DIAGNOSTIC,    36, -4.929371754473e-01, 2.306016891650e-05, 0.0000e+00, 0.0000e+00, 
 2DIAGNOSTIC,    37, -4.929550868362e-01, 1.579799903783e-05, 0.0000e+00, 0.0000e+00, 
 2DIAGNOSTIC,    38, -4.930171995452e-01, 1.172771054691e-05, 0.0000e+00, 0.0000e+00, 
 2DIAGNOSTIC,    39, -4.930835604932e-01, 1.023863800188e-05, 0.0000e+00, 0.0000e+00, 
 2DIAGNOSTIC,    40, -4.931986611236e-01, 1.108360797888e-05, 0.0000e+00, 0.0000e+00, 
 2DIAGNOSTIC,    41, -4.932436875053e-01, 1.355162747592e-05, 0.0000e+00, 0.0000e+00, 
 2DIAGNOSTIC,    42, -4.932347692542e-01, 1.459518955174e-05, 0.0000e+00, 0.0000e+00, 
 2DIAGNOSTIC,    43, -4.932145573249e-01, 1.385337364996e-05, 0.0000e+00, 0.0000e+00, 
 2DIAGNOSTIC,    44, -4.932016126824e-01, 1.245636549286e-05, 0.0000e+00, 0.0000e+00, 
 2DIAGNOSTIC,    45, -4.932216862076e-01, 1.017523173884e-05, 0.0000e+00, 0.0000e+00, 
 2DIAGNOSTIC,    46, -4.932188715911e-01, 7.559784201635e-06, 0.0000e+00, 0.0000e+00, 
 2DIAGNOSTIC,    47, -4.931995504317e-01, 4.399171930566e-06, 0.0000e+00, 0.0000e+00, 
 2DIAGNOSTIC,    48, -4.932077988319e-01, 1.905997369319e-06, 0.0000e+00, 0.0000e+00, 
DIAGNOSTIC,Iteration,metricValue,convergenceValue,ITERATION_TIME_INDEX,SINCE_LAST
 2DIAGNOSTIC,     1, -4.343459212205e-01, 1.797693134862e+308, 0.0000e+00, 0.0000e+00, 
 2DIAGNOSTIC,     2, -4.344608571560e-01, 1.797693134862e+308, 0.0000e+00, 0.0000e+00, 
 2DIAGNOSTIC,     3, -4.345291650480e-01, 1.797693134862e+308, 0.0000e+00, 0.0000e+00, 
 2DIAGNOSTIC,     4, -4.345964160297e-01, 1.797693134862e+308, 0.0000e+00, 0.0000e+00, 
 2DIAGNOSTIC,     5, -4.347421286712e-01, 1.797693134862e+308, 0.0000e+00, 0.0000e+00, 
 2DIAGNOSTIC,     6, -4.347364114736e-01, 1.797693134862e+308, 0.0000e+00, 0.0000e+00, 
 2DIAGNOSTIC,     7, -4.348138736971e-01, 1.797693134862e+308, 0.0000e+00, 0.0000e+00, 
 2DIAGNOSTIC,     8, -4.349209924743e-01, 1.797693134862e+308, 0.0000e+00, 0.0000e+00, 
 2DIAGNOSTIC,     9, -4.349227989229e-01, 1.797693134862e+308, 0.0000e+00, 0.0000e+00, 
 2DIAGNOSTIC,    10, -4.349240495465e-01, 9.192180377220e-05, 0.0000e+00, 0.0000e+00, 
 2DIAGNOSTIC,    11, -4.349240383717e-01, 7.026357562309e-05, 0.0000e+00, 0.0000e+00, 
 2DIAGNOSTIC,    12, -4.349243271504e-01, 5.243047345189e-05, 0.0000e+00, 0.0000e+00, 
 2DIAGNOSTIC,    13, -4.349230572111e-01, 3.609981711450e-05, 0.0000e+00, 0.0000e+00, 
 2DIAGNOSTIC,    14, -4.349215127747e-01, 2.195626705138e-05, 0.0000e+00, 0.0000e+00, 
 2DIAGNOSTIC,    15, -4.349218026479e-01, 1.438890249184e-05, 0.0000e+00, 0.0000e+00, 
 2DIAGNOSTIC,    16, -4.349221552353e-01, 6.384371202539e-06, 0.0000e+00, 0.0000e+00, 
 2DIAGNOSTIC,    17, -4.349213819028e-01, 1.747923936410e-06, 0.0000e+00, 0.0000e+00, 
 2DIAGNOSTIC,    18, -4.349201202852e-01, 1.482821017848e-06, 0.0000e+00, 0.0000e+00, 
 2DIAGNOSTIC,    19, -4.349210198179e-01, 1.365915986776e-06, 0.0000e+00, 0.0000e+00, 
 2DIAGNOSTIC,    20, -4.349212923760e-01, 1.336600724704e-06, 0.0000e+00, 0.0000e+00, 
 2DIAGNOSTIC,    21, -4.349215340087e-01, 1.338502708115e-06, 0.0000e+00, 0.0000e+00, 
 2DIAGNOSTIC,    22, -4.349203201878e-01, 1.330493222700e-06, 0.0000e+00, 0.0000e+00, 
 2DIAGNOSTIC,    23, -4.349210627945e-01, 1.322106569994e-06, 0.0000e+00, 0.0000e+00, 
 2DIAGNOSTIC,    24, -4.349205057984e-01, 1.261079858698e-06, 0.0000e+00, 0.0000e+00, 
 2DIAGNOSTIC,    25, -4.349207570829e-01, 1.223799739054e-06, 0.0000e+00, 0.0000e+00, 
 2DIAGNOSTIC,    26, -4.349195754285e-01, 1.173430129481e-06, 0.0000e+00, 0.0000e+00, 
 2DIAGNOSTIC,    27, -4.349209983436e-01, 1.149382431599e-06, 0.0000e+00, 0.0000e+00, 
 2DIAGNOSTIC,    28, -4.349234968904e-01, 1.156716204570e-06, 0.0000e+00, 0.0000e+00, 
 2DIAGNOSTIC,    29, -4.349257919479e-01, 1.231344531054e-06, 0.0000e+00, 0.0000e+00, 
 2DIAGNOSTIC,    30, -4.349271187854e-01, 1.322549538774e-06, 0.0000e+00, 0.0000e+00, 
 2DIAGNOSTIC,    31, -4.349261229733e-01, 1.368659640753e-06, 0.0000e+00, 0.0000e+00, 
 2DIAGNOSTIC,    32, -4.349266431101e-01, 1.365708803859e-06, 0.0000e+00, 0.0000e+00, 
 2DIAGNOSTIC,    33, -4.349297664029e-01, 1.402887012433e-06, 0.0000e+00, 0.0000e+00, 
 2DIAGNOSTIC,    34, -4.349327286792e-01, 1.439406476202e-06, 0.0000e+00, 0.0000e+00, 
 2DIAGNOSTIC,    35, -4.349324283489e-01, 1.425401953442e-06, 0.0000e+00, 0.0000e+00, 
 2DIAGNOSTIC,    36, -4.349323365469e-01, 1.342197399848e-06, 0.0000e+00, 0.0000e+00, 
 2DIAGNOSTIC,    37, -4.349313285963e-01, 1.227195729023e-06, 0.0000e+00, 0.0000e+00, 
 2DIAGNOSTIC,    38, -4.349297992662e-01, 1.097922526748e-06, 0.0000e+00, 0.0000e+00, 
DIAGNOSTIC,Iteration,metricValue,convergenceValue,ITERATION_TIME_INDEX,SINCE_LAST
 2DIAGNOSTIC,     1, -4.013298038964e-01, 1.797693134862e+308, 0.0000e+00, 0.0000e+00, 
 2DIAGNOSTIC,     2, -4.015049047944e-01, 1.797693134862e+308, 0.0000e+00, 0.0000e+00, 
 2DIAGNOSTIC,     3, -4.016139630402e-01, 1.797693134862e+308, 0.0000e+00, 0.0000e+00, 
 2DIAGNOSTIC,     4, -4.016386500739e-01, 1.797693134862e+308, 0.0000e+00, 0.0000e+00, 
 2DIAGNOSTIC,     5, -4.016445451851e-01, 1.797693134862e+308, 0.0000e+00, 0.0000e+00, 
 2DIAGNOSTIC,     6, -4.016472273829e-01, 1.797693134862e+308, 0.0000e+00, 0.0000e+00, 
 2DIAGNOSTIC,     7, -4.016480141513e-01, 1.797693134862e+308, 0.0000e+00, 0.0000e+00, 
 2DIAGNOSTIC,     8, -4.016475839966e-01, 1.797693134862e+308, 0.0000e+00, 0.0000e+00, 
 2DIAGNOSTIC,     9, -4.016475860610e-01, 1.797693134862e+308, 0.0000e+00, 0.0000e+00, 
 2DIAGNOSTIC,    10, -4.016473452132e-01, 3.648049082089e-05, 0.0000e+00, 0.0000e+00, 
 2DIAGNOSTIC,    11, -4.016471635672e-01, 1.441902939073e-05, 0.0000e+00, 0.0000e+00, 
 2DIAGNOSTIC,    12, -4.016473438044e-01, 5.175517931597e-06, 0.0000e+00, 0.0000e+00, 
 2DIAGNOSTIC,    13, -4.016472592125e-01, 3.025418569738e-06, 0.0000e+00, 0.0000e+00, 
 2DIAGNOSTIC,    14, -4.016472438512e-01, 2.370668520851e-06, 0.0000e+00, 0.0000e+00, 
 2DIAGNOSTIC,    15, -4.016471364204e-01, 2.063779593164e-06, 0.0000e+00, 0.0000e+00, 
 2DIAGNOSTIC,    16, -4.016471159933e-01, 1.916879454125e-06, 0.0000e+00, 0.0000e+00, 
 2DIAGNOSTIC,    17, -4.016469563108e-01, 1.819863131226e-06, 0.0000e+00, 0.0000e+00, 
 2DIAGNOSTIC,    18, -4.016470143060e-01, 1.723361819653e-06, 0.0000e+00, 0.0000e+00, 
 2DIAGNOSTIC,    19, -4.016470418212e-01, 1.642100931794e-06, 0.0000e+00, 0.0000e+00, 
 2DIAGNOSTIC,    20, -4.016470242976e-01, 1.562746738938e-06, 0.0000e+00, 0.0000e+00, 
 2DIAGNOSTIC,    21, -4.016469129748e-01, 1.483315583382e-06, 0.0000e+00, 0.0000e+00, 
 2DIAGNOSTIC,    22, -4.016469157833e-01, 1.419911409041e-06, 0.0000e+00, 0.0000e+00, 
 2DIAGNOSTIC,    23, -4.016469169360e-01, 1.361565515869e-06, 0.0000e+00, 0.0000e+00, 
 2DIAGNOSTIC,    24, -4.016469057888e-01, 1.309040880387e-06, 0.0000e+00, 0.0000e+00, 
 2DIAGNOSTIC,    25, -4.016469063163e-01, 1.259047030307e-06, 0.0000e+00, 0.0000e+00, 
 2DIAGNOSTIC,    26, -4.016469048536e-01, 1.213571544083e-06, 0.0000e+00, 0.0000e+00, 
 2DIAGNOSTIC,    27, -4.016469042726e-01, 1.167974054792e-06, 2.5600e+02, 2.5600e+02, 
 2DIAGNOSTIC,    28, -4.016469040575e-01, 1.127803701553e-06, 2.5600e+02, 0.0000e+00, 
 2DIAGNOSTIC,    29, -4.016469035705e-01, 1.091655435416e-06, 2.5600e+02, 0.0000e+00, 
 2DIAGNOSTIC,    30, -4.016469031404e-01, 1.057899151613e-06, 2.5600e+02, 0.0000e+00, 
 2DIAGNOSTIC,    31, -4.016469027499e-01, 1.023833741461e-06, 2.5600e+02, 0.0000e+00, 
  Elapsed time (stage 0): 2.5600e+02


Total elapsed time: 2.5600e+02
Info [verificarlo]: loaded backend libinterflop_vprec.so
Info [interflop-vprec]: load backend with: 
Info [interflop-vprec]: precision-binary32 = 22
Info [interflop-vprec]: range-binary32 = 8
Info [interflop-vprec]: precision-binary64 = 22
Info [interflop-vprec]: range-binary64 = 8
Info [interflop-vprec]: mode = ob
Info [interflop-vprec]: error-mode = rel
Info [interflop-vprec]: max-abs-error-exponent = -1022
Info [interflop-vprec]: daz = false
Info [interflop-vprec]: ftz = false
Info [interflop-vprec]: 	instrument = none
Info [interflop-vprec]: 	prec-input-file = (null)
Info [interflop-vprec]: 	prec-output-file = (null)
Info [interflop-vprec]: 	prec-log-file = (null)
All_Command_lines_OK
Using double precision for computations.
=============================================================================
The composite transform comprises the following transforms (in order): 
  1. /home/mdugre/scratch/mri-registration-rp/datasets/ds004513/derivatives/mri-registration-rp/1111/antsRegistration-r8-p22/sub-s037/rigid_Composite.h5[0] (type = Euler3DTransform)
  2. /home/mdugre/scratch/mri-registration-rp/datasets/ds004513/derivatives/mri-registration-rp/1111/antsRegistration-r8-p22/sub-s037/rigid_Composite.h5[1] (type = Euler3DTransform)
  3. /home/mdugre/scratch/mri-registration-rp/datasets/ds004513/derivatives/mri-registration-rp/1111/antsRegistration-r8-p22/sub-s037/rigid_Composite.h5[2] (type = Euler3DTransform)
=============================================================================
  number of levels = 4
  fixed image: /templateflow/tpl-MNI152NLin2009cAsym/tpl-MNI152NLin2009cAsym_res-01_desc-brain_T1w.nii.gz
  moving image: /home/mdugre/scratch/mri-registration-rp/datasets/ds004513/derivatives/mri-registration-rp/antsBrainExtraction/sub-s037/BrainExtractionBrain.nii.gz
Dimension = 3
Number of stages = 1
Use histogram matching = false
Winsorize image intensities = true
  Lower quantile = 0.005
  Upper quantile = 0.995


Stage 1 State
   Image metric = MattesMI
     Fixed image = Image (0x3b42490)
  RTTI typeinfo:   itk::Image<double, 3u>
  Reference Count: 2
  Modified Time: 1592
  Debug: Off
  Object Name: 
  Observers: 
    none
  Source: (none)
  Source output name: (none)
  Release Data: Off
  Data Released: False
  Global Release Data: Off
  PipelineMTime: 0
  UpdateMTime: 1203
  RealTimeStamp: 0 seconds 
  LargestPossibleRegion: 
    Dimension: 3
    Index: [0, 0, 0]
    Size: [193, 229, 193]
  BufferedRegion: 
    Dimension: 3
    Index: [0, 0, 0]
    Size: [193, 229, 193]
  RequestedRegion: 
    Dimension: 3
    Index: [0, 0, 0]
    Size: [193, 229, 193]
  Spacing: [1, 1, 1]
  Origin: [96, 132, -78]
  Direction: 
-1 0 0
0 -1 0
0 0 1

  IndexToPointMatrix: 
-1 0 0
0 -1 0
0 0 1

  PointToIndexMatrix: 
-1 0 0
0 -1 0
0 0 1

  Inverse Direction: 
-1 0 0
0 -1 0
0 0 1

  PixelContainer: 
    ImportImageContainer (0x3c0f8d0)
      RTTI typeinfo:   itk::ImportImageContainer<unsigned long, double>
      Reference Count: 1
      Modified Time: 1200
      Debug: Off
      Object Name: 
      Observers: 
        none
      Pointer: 0x149cdf39e010
      Container manages memory: true
      Size: 8530021
      Capacity: 8530021

     Moving image = Image (0x3c0ee80)
  RTTI typeinfo:   itk::Image<double, 3u>
  Reference Count: 2
  Modified Time: 1593
  Debug: Off
  Object Name: 
  Observers: 
    none
  Source: (none)
  Source output name: (none)
  Release Data: Off
  Data Released: False
  Global Release Data: Off
  PipelineMTime: 0
  UpdateMTime: 1590
  RealTimeStamp: 0 seconds 
  LargestPossibleRegion: 
    Dimension: 3
    Index: [0, 0, 0]
    Size: [160, 240, 256]
  BufferedRegion: 
    Dimension: 3
    Index: [0, 0, 0]
    Size: [160, 240, 256]
  RequestedRegion: 
    Dimension: 3
    Index: [0, 0, 0]
    Size: [160, 240, 256]
  Spacing: [1, 1, 1]
  Origin: [87.9508, 102.562, -147.639]
  Direction: 
-0.998659 -0.043612 -0.0279129
0.043595 -0.999048 0.00121847
-0.0279395 -2.65543e-08 0.99961

  IndexToPointMatrix: 
-0.998659 -0.043612 -0.0279129
0.043595 -0.999048 0.00121847
-0.0279395 -2.65543e-08 0.99961

  PointToIndexMatrix: 
-0.998659 0.043595 -0.0279395
-0.0436121 -0.999049 9.67412e-08
-0.0279129 0.00121848 0.99961

  Inverse Direction: 
-0.998659 0.043595 -0.0279395
-0.0436121 -0.999049 9.67412e-08
-0.0279129 0.00121848 0.99961

  PixelContainer: 
    ImportImageContainer (0x3b53ec0)
      RTTI typeinfo:   itk::ImportImageContainer<unsigned long, double>
      Reference Count: 1
      Modified Time: 1587
      Debug: Off
      Object Name: 
      Observers: 
        none
      Pointer: 0x149cda89d010
      Container manages memory: true
      Size: 9830400
      Capacity: 9830400

     Weighting = 1
     Sampling strategy = regular
     Number of bins = 32
     Radius = 4
     Sampling percentage  = 0.25
   Transform = Affine
     Gradient step = 0.1
     Update field sigma (voxel space) = 0
     Total field sigma (voxel space) = 0
     Update field time sigma = 0
     Total field time sigma  = 0
     Number of time indices = 0
     Number of time point samples = 0
Registration using 1 total stages.

Stage 0
  iterations = 1000x500x250x100
  convergence threshold = 1e-06
  convergence window size = 10
  number of levels = 4
  using the Mattes MI metric (number of bins = 32, weight = 1, use gradient filter = 0)
  preprocessing:  winsorizing the image intensities
  Shrink factors (level 1 out of 4): [8, 8, 8]
  Shrink factors (level 2 out of 4): [4, 4, 4]
  Shrink factors (level 3 out of 4): [2, 2, 2]
  Shrink factors (level 4 out of 4): [1, 1, 1]
  smoothing sigmas per level: [3, 2, 1, 0]
  regular sampling (percentage = 0.25)

*** Running AffineTransform registration ***

DIAGNOSTIC,Iteration,metricValue,convergenceValue,ITERATION_TIME_INDEX,SINCE_LAST
 2DIAGNOSTIC,     1, -5.877820608026e-01, 1.797693134862e+308, 0.0000e+00, 0.0000e+00, 
 2DIAGNOSTIC,     2, -5.892438061675e-01, 1.797693134862e+308, 0.0000e+00, 0.0000e+00, 
 2DIAGNOSTIC,     3, -5.921476016211e-01, 1.797693134862e+308, 0.0000e+00, 0.0000e+00, 
 2DIAGNOSTIC,     4, -5.964708792523e-01, 1.797693134862e+308, 0.0000e+00, 0.0000e+00, 
 2DIAGNOSTIC,     5, -6.040016154987e-01, 1.797693134862e+308, 0.0000e+00, 0.0000e+00, 
 2DIAGNOSTIC,     6, -6.142925415739e-01, 1.797693134862e+308, 0.0000e+00, 0.0000e+00, 
 2DIAGNOSTIC,     7, -6.303472884720e-01, 1.797693134862e+308, 0.0000e+00, 0.0000e+00, 
 2DIAGNOSTIC,     8, -6.881948991367e-01, 1.797693134862e+308, 0.0000e+00, 0.0000e+00, 
 2DIAGNOSTIC,     9, -7.019581488573e-01, 1.797693134862e+308, 0.0000e+00, 0.0000e+00, 
 2DIAGNOSTIC,    10, -7.202714011079e-01, 1.419915080213e-02, 0.0000e+00, 0.0000e+00, 
 2DIAGNOSTIC,    11, -7.226466521286e-01, 1.457572722398e-02, 0.0000e+00, 0.0000e+00, 
 2DIAGNOSTIC,    12, -7.236627009072e-01, 1.367610432711e-02, 0.0000e+00, 0.0000e+00, 
 2DIAGNOSTIC,    13, -7.238125753111e-01, 1.178629557662e-02, 0.0000e+00, 0.0000e+00, 
 2DIAGNOSTIC,    14, -7.245683570606e-01, 9.277645911839e-03, 0.0000e+00, 0.0000e+00, 
 2DIAGNOSTIC,    15, -7.246462152387e-01, 6.524260065208e-03, 0.0000e+00, 0.0000e+00, 
 2DIAGNOSTIC,    16, -7.246148696907e-01, 3.833158009320e-03, 0.0000e+00, 0.0000e+00, 
 2DIAGNOSTIC,    17, -7.245525733140e-01, 1.502308242816e-03, 0.0000e+00, 0.0000e+00, 
