
##########################
# Experiment information #
##########################

EXPERIMENT_NAME: antsRegistration-r7-p23
VFC_BACKENDS: libinterflop_vprec.so --range-binary32=7 --precision-binary32=23 --range-binary64=7 --precision-binary64=23

SIF_IMG: /home/mdugre/projects/rrg-glatard/mdugre/containers/ants-vprec-no_metrics.simg

SUBJECT_ID: s033
INPUT_IMG: /home/mdugre/scratch/mri-registration-rp/datasets/ds004513/derivatives/mri-registration-rp/antsBrainExtraction/sub-s033/BrainExtractionBrain.nii.gz
OUTPUT_DIR: /home/mdugre/scratch/mri-registration-rp/datasets/ds004513/derivatives/mri-registration-rp/1111/antsRegistration-r7-p23/sub-s033

FIXED_IMG: /templateflow/tpl-MNI152NLin2009cAsym/tpl-MNI152NLin2009cAsym_res-01_desc-brain_T1w.nii.gz
DATA_DIR: /home/mdugre/scratch/mri-registration-rp/datasets/ds004513
TEMPLATEFLOW_DIR: /home/mdugre/projects/rrg-glatard/mdugre/templateflow
ITK_GLOBAL_DEFAULT_NUMBER_OF_THREADS: 16
##########################

Info [verificarlo]: loaded backend libinterflop_vprec.so
Info [interflop-vprec]: load backend with: 
Info [interflop-vprec]: precision-binary32 = 23
Info [interflop-vprec]: range-binary32 = 7
Info [interflop-vprec]: precision-binary64 = 23
Info [interflop-vprec]: range-binary64 = 7
Info [interflop-vprec]: mode = ob
Info [interflop-vprec]: error-mode = rel
Info [interflop-vprec]: max-abs-error-exponent = -1022
Info [interflop-vprec]: daz = false
Info [interflop-vprec]: ftz = false
Info [interflop-vprec]: 	instrument = none
Info [interflop-vprec]: 	prec-input-file = (null)
Info [interflop-vprec]: 	prec-output-file = (null)
Info [interflop-vprec]: 	prec-log-file = (null)
All_Command_lines_OK
Using double precision for computations.
=============================================================================
The composite transform comprises the following transforms (in order): 
  1. Center of mass alignment using fixed image: /templateflow/tpl-MNI152NLin2009cAsym/tpl-MNI152NLin2009cAsym_res-01_desc-brain_T1w.nii.gz and moving image: /home/mdugre/scratch/mri-registration-rp/datasets/ds004513/derivatives/mri-registration-rp/antsBrainExtraction/sub-s033/BrainExtractionBrain.nii.gz (type = Euler3DTransform)
=============================================================================
  number of levels = 1
  fixed image: /templateflow/tpl-MNI152NLin2009cAsym/tpl-MNI152NLin2009cAsym_res-01_desc-brain_T1w.nii.gz
  moving image: /home/mdugre/scratch/mri-registration-rp/datasets/ds004513/derivatives/mri-registration-rp/antsBrainExtraction/sub-s033/BrainExtractionBrain.nii.gz
Dimension = 3
Number of stages = 1
Use histogram matching = false
Winsorize image intensities = true
  Lower quantile = 0.005
  Upper quantile = 0.995


Stage 1 State
   Image metric = MattesMI
     Fixed image = Image (0x4fc0b20)
  RTTI typeinfo:   itk::Image<double, 3u>
  Reference Count: 2
  Modified Time: 2330
  Debug: Off
  Object Name: 
  Observers: 
    none
  Source: (none)
  Source output name: (none)
  Release Data: Off
  Data Released: False
  Global Release Data: Off
  PipelineMTime: 0
  UpdateMTime: 1941
  RealTimeStamp: 0 seconds 
  LargestPossibleRegion: 
    Dimension: 3
    Index: [0, 0, 0]
    Size: [193, 229, 193]
  BufferedRegion: 
    Dimension: 3
    Index: [0, 0, 0]
    Size: [193, 229, 193]
  RequestedRegion: 
    Dimension: 3
    Index: [0, 0, 0]
    Size: [193, 229, 193]
  Spacing: [1, 1, 1]
  Origin: [96, 132, -78]
  Direction: 
-1 0 0
0 -1 0
0 0 1

  IndexToPointMatrix: 
-1 0 0
0 -1 0
0 0 1

  PointToIndexMatrix: 
-1 0 0
0 -1 0
0 0 1

  Inverse Direction: 
-1 0 0
0 -1 0
0 0 1

  PixelContainer: 
    ImportImageContainer (0x50ec650)
      RTTI typeinfo:   itk::ImportImageContainer<unsigned long, double>
      Reference Count: 1
      Modified Time: 1938
      Debug: Off
      Object Name: 
      Observers: 
        none
      Pointer: 0x14f42a6e9010
      Container manages memory: true
      Size: 8530021
      Capacity: 8530021

     Moving image = Image (0x4fc2b40)
  RTTI typeinfo:   itk::Image<double, 3u>
  Reference Count: 2
  Modified Time: 2331
  Debug: Off
  Object Name: 
  Observers: 
    none
  Source: (none)
  Source output name: (none)
  Release Data: Off
  Data Released: False
  Global Release Data: Off
  PipelineMTime: 0
  UpdateMTime: 2328
  RealTimeStamp: 0 seconds 
  LargestPossibleRegion: 
    Dimension: 3
    Index: [0, 0, 0]
    Size: [160, 240, 256]
  BufferedRegion: 
    Dimension: 3
    Index: [0, 0, 0]
    Size: [160, 240, 256]
  RequestedRegion: 
    Dimension: 3
    Index: [0, 0, 0]
    Size: [160, 240, 256]
  Spacing: [1, 1, 1]
  Origin: [91.5134, 94.282, -109.927]
  Direction: 
-0.99591 -0.0698718 -0.0572835
0.0697565 -0.997556 0.00401236
-0.0574239 5.01125e-08 0.99835

  IndexToPointMatrix: 
-0.99591 -0.0698718 -0.0572835
0.0697565 -0.997556 0.00401236
-0.0574239 5.01125e-08 0.99835

  PointToIndexMatrix: 
-0.99591 0.0697565 -0.0574239
-0.0698718 -0.997556 -8.9407e-08
-0.0572835 0.00401232 0.99835

  Inverse Direction: 
-0.99591 0.0697565 -0.0574239
-0.0698718 -0.997556 -8.9407e-08
-0.0572835 0.00401232 0.99835

  PixelContainer: 
    ImportImageContainer (0x4fea010)
      RTTI typeinfo:   itk::ImportImageContainer<unsigned long, double>
      Reference Count: 1
      Modified Time: 2325
      Debug: Off
      Object Name: 
      Observers: 
        none
      Pointer: 0x14f425be8010
      Container manages memory: true
      Size: 9830400
      Capacity: 9830400

     Weighting = 1
     Sampling strategy = regular
     Number of bins = 32
     Radius = 4
     Sampling percentage  = 0.25
   Transform = Rigid
     Gradient step = 0.1
     Update field sigma (voxel space) = 0
     Total field sigma (voxel space) = 0
     Update field time sigma = 0
     Total field time sigma  = 0
     Number of time indices = 0
     Number of time point samples = 0
Registration using 1 total stages.

Stage 0
  iterations = 0
  convergence threshold = 1e-06
  convergence window size = 10
  number of levels = 1
  using the Mattes MI metric (number of bins = 32, weight = 1, use gradient filter = 0)
  preprocessing:  winsorizing the image intensities
  Shrink factors (level 1 out of 1): [1, 1, 1]
  smoothing sigmas per level: [0]
  regular sampling (percentage = 0.25)

*** Running Euler3DTransform registration ***

  Elapsed time (stage 0): 0


Total elapsed time: 0
Info [verificarlo]: loaded backend libinterflop_vprec.so
Info [interflop-vprec]: load backend with: 
Info [interflop-vprec]: precision-binary32 = 23
Info [interflop-vprec]: range-binary32 = 7
Info [interflop-vprec]: precision-binary64 = 23
Info [interflop-vprec]: range-binary64 = 7
Info [interflop-vprec]: mode = ob
Info [interflop-vprec]: error-mode = rel
Info [interflop-vprec]: max-abs-error-exponent = -1022
Info [interflop-vprec]: daz = false
Info [interflop-vprec]: ftz = false
Info [interflop-vprec]: 	instrument = none
Info [interflop-vprec]: 	prec-input-file = (null)
Info [interflop-vprec]: 	prec-output-file = (null)
Info [interflop-vprec]: 	prec-log-file = (null)
All_Command_lines_OK
Using double precision for computations.
=============================================================================
The composite transform comprises the following transforms (in order): 
  1. /home/mdugre/scratch/mri-registration-rp/datasets/ds004513/derivatives/mri-registration-rp/1111/antsRegistration-r7-p23/sub-s033/align_Composite.h5[0] (type = Euler3DTransform)
  2. /home/mdugre/scratch/mri-registration-rp/datasets/ds004513/derivatives/mri-registration-rp/1111/antsRegistration-r7-p23/sub-s033/align_Composite.h5[1] (type = Euler3DTransform)
=============================================================================
  number of levels = 4
  fixed image: /templateflow/tpl-MNI152NLin2009cAsym/tpl-MNI152NLin2009cAsym_res-01_desc-brain_T1w.nii.gz
  moving image: /home/mdugre/scratch/mri-registration-rp/datasets/ds004513/derivatives/mri-registration-rp/antsBrainExtraction/sub-s033/BrainExtractionBrain.nii.gz
Dimension = 3
Number of stages = 1
Use histogram matching = false
Winsorize image intensities = true
  Lower quantile = 0.005
  Upper quantile = 0.995


Stage 1 State
   Image metric = MattesMI
     Fixed image = Image (0x4fda1e0)
  RTTI typeinfo:   itk::Image<double, 3u>
  Reference Count: 2
  Modified Time: 1578
  Debug: Off
  Object Name: 
  Observers: 
    none
  Source: (none)
  Source output name: (none)
  Release Data: Off
  Data Released: False
  Global Release Data: Off
  PipelineMTime: 0
  UpdateMTime: 1189
  RealTimeStamp: 0 seconds 
  LargestPossibleRegion: 
    Dimension: 3
    Index: [0, 0, 0]
    Size: [193, 229, 193]
  BufferedRegion: 
    Dimension: 3
    Index: [0, 0, 0]
    Size: [193, 229, 193]
  RequestedRegion: 
    Dimension: 3
    Index: [0, 0, 0]
    Size: [193, 229, 193]
  Spacing: [1, 1, 1]
  Origin: [96, 132, -78]
  Direction: 
-1 0 0
0 -1 0
0 0 1

  IndexToPointMatrix: 
-1 0 0
0 -1 0
0 0 1

  PointToIndexMatrix: 
-1 0 0
0 -1 0
0 0 1

  Inverse Direction: 
-1 0 0
0 -1 0
0 0 1

  PixelContainer: 
    ImportImageContainer (0x50996f0)
      RTTI typeinfo:   itk::ImportImageContainer<unsigned long, double>
      Reference Count: 1
      Modified Time: 1186
      Debug: Off
      Object Name: 
      Observers: 
        none
      Pointer: 0x14cf4503f010
      Container manages memory: true
      Size: 8530021
      Capacity: 8530021

     Moving image = Image (0x5095c90)
  RTTI typeinfo:   itk::Image<double, 3u>
  Reference Count: 2
  Modified Time: 1579
  Debug: Off
  Object Name: 
  Observers: 
    none
  Source: (none)
  Source output name: (none)
  Release Data: Off
  Data Released: False
  Global Release Data: Off
  PipelineMTime: 0
  UpdateMTime: 1576
  RealTimeStamp: 0 seconds 
  LargestPossibleRegion: 
    Dimension: 3
    Index: [0, 0, 0]
    Size: [160, 240, 256]
  BufferedRegion: 
    Dimension: 3
    Index: [0, 0, 0]
    Size: [160, 240, 256]
  RequestedRegion: 
    Dimension: 3
    Index: [0, 0, 0]
    Size: [160, 240, 256]
  Spacing: [1, 1, 1]
  Origin: [91.5134, 94.282, -109.927]
  Direction: 
-0.99591 -0.0698718 -0.0572835
0.0697565 -0.997556 0.00401236
-0.0574239 5.01125e-08 0.99835

  IndexToPointMatrix: 
-0.99591 -0.0698718 -0.0572835
0.0697565 -0.997556 0.00401236
-0.0574239 5.01125e-08 0.99835

  PointToIndexMatrix: 
-0.99591 0.0697565 -0.0574239
-0.0698718 -0.997556 -8.9407e-08
-0.0572835 0.00401232 0.99835

  Inverse Direction: 
-0.99591 0.0697565 -0.0574239
-0.0698718 -0.997556 -8.9407e-08
-0.0572835 0.00401232 0.99835

  PixelContainer: 
    ImportImageContainer (0x5058010)
      RTTI typeinfo:   itk::ImportImageContainer<unsigned long, double>
      Reference Count: 1
      Modified Time: 1573
      Debug: Off
      Object Name: 
      Observers: 
        none
      Pointer: 0x14cf4053e010
      Container manages memory: true
      Size: 9830400
      Capacity: 9830400

     Weighting = 1
     Sampling strategy = regular
     Number of bins = 32
     Radius = 4
     Sampling percentage  = 0.25
   Transform = Rigid
     Gradient step = 0.1
     Update field sigma (voxel space) = 0
     Total field sigma (voxel space) = 0
     Update field time sigma = 0
     Total field time sigma  = 0
     Number of time indices = 0
     Number of time point samples = 0
Registration using 1 total stages.

Stage 0
  iterations = 1000x500x250x100
  convergence threshold = 1e-06
  convergence window size = 10
  number of levels = 4
  using the Mattes MI metric (number of bins = 32, weight = 1, use gradient filter = 0)
  preprocessing:  winsorizing the image intensities
  Shrink factors (level 1 out of 4): [8, 8, 8]
  Shrink factors (level 2 out of 4): [4, 4, 4]
  Shrink factors (level 3 out of 4): [2, 2, 2]
  Shrink factors (level 4 out of 4): [1, 1, 1]
  smoothing sigmas per level: [3, 2, 1, 0]
  regular sampling (percentage = 0.25)

*** Running Euler3DTransform registration ***

DIAGNOSTIC,Iteration,metricValue,convergenceValue,ITERATION_TIME_INDEX,SINCE_LAST
 2DIAGNOSTIC,     1, -4.944520195563e-01, 1.797693134862e+308, 0.0000e+00, 0.0000e+00, 
 2DIAGNOSTIC,     2, -4.960597691719e-01, 1.797693134862e+308, 0.0000e+00, 0.0000e+00, 
 2DIAGNOSTIC,     3, -4.990327451356e-01, 1.797693134862e+308, 0.0000e+00, 0.0000e+00, 
 2DIAGNOSTIC,     4, -5.029850586073e-01, 1.797693134862e+308, 0.0000e+00, 0.0000e+00, 
 2DIAGNOSTIC,     5, -5.059052408057e-01, 1.797693134862e+308, 0.0000e+00, 0.0000e+00, 
 2DIAGNOSTIC,     6, -5.092906200224e-01, 1.797693134862e+308, 0.0000e+00, 0.0000e+00, 
 2DIAGNOSTIC,     7, -5.206291214743e-01, 1.797693134862e+308, 0.0000e+00, 0.0000e+00, 
 2DIAGNOSTIC,     8, -5.236882323827e-01, 1.797693134862e+308, 0.0000e+00, 0.0000e+00, 
 2DIAGNOSTIC,     9, -5.262075492184e-01, 1.797693134862e+308, 0.0000e+00, 0.0000e+00, 
 2DIAGNOSTIC,    10, -5.299163110882e-01, 4.894268547187e-03, 0.0000e+00, 0.0000e+00, 
 2DIAGNOSTIC,    11, -5.328812390642e-01, 4.551519132023e-03, 0.0000e+00, 0.0000e+00, 
 2DIAGNOSTIC,    12, -5.392387924784e-01, 4.214329840995e-03, 0.0000e+00, 0.0000e+00, 
 2DIAGNOSTIC,    13, -5.582978781022e-01, 4.462563065779e-03, 0.0000e+00, 0.0000e+00, 
 2DIAGNOSTIC,    14, -5.867224095337e-01, 5.496061712734e-03, 0.0000e+00, 0.0000e+00, 
 2DIAGNOSTIC,    15, -6.065317979942e-01, 6.661533236361e-03, 0.0000e+00, 0.0000e+00, 
 2DIAGNOSTIC,    16, -6.105604601911e-01, 7.291387740042e-03, 0.0000e+00, 0.0000e+00, 
 2DIAGNOSTIC,    17, -6.112341752700e-01, 7.556626409708e-03, 0.0000e+00, 0.0000e+00, 
 2DIAGNOSTIC,    18, -6.129579194282e-01, 7.231581922445e-03, 0.0000e+00, 0.0000e+00, 
 2DIAGNOSTIC,    19, -6.166304020864e-01, 6.431231735303e-03, 0.0000e+00, 0.0000e+00, 
 2DIAGNOSTIC,    20, -6.219327801308e-01, 5.351357701992e-03, 0.0000e+00, 0.0000e+00, 
 2DIAGNOSTIC,    21, -6.281801121540e-01, 4.121701492800e-03, 0.0000e+00, 0.0000e+00, 
 2DIAGNOSTIC,    22, -6.311332580024e-01, 2.851536974401e-03, 0.0000e+00, 0.0000e+00, 
 2DIAGNOSTIC,    23, -6.360926124305e-01, 1.958617360918e-03, 0.0000e+00, 0.0000e+00, 
 2DIAGNOSTIC,    24, -6.423782083640e-01, 1.682527175884e-03, 0.0000e+00, 0.0000e+00, 
 2DIAGNOSTIC,    25, -6.452220160649e-01, 1.722410204563e-03, 0.0000e+00, 0.0000e+00, 
 2DIAGNOSTIC,    26, -6.454104394334e-01, 1.678590071028e-03, 0.0000e+00, 0.0000e+00, 
 2DIAGNOSTIC,    27, -6.458180961309e-01, 1.503238543155e-03, 0.0000e+00, 0.0000e+00, 
 2DIAGNOSTIC,    28, -6.467612724367e-01, 1.247468603431e-03, 0.0000e+00, 0.0000e+00, 
 2DIAGNOSTIC,    29, -6.470943004023e-01, 9.589799520614e-04, 0.0000e+00, 0.0000e+00, 
 2DIAGNOSTIC,    30, -6.471627772123e-01, 6.872788547161e-04, 0.0000e+00, 0.0000e+00, 
 2DIAGNOSTIC,    31, -6.470866534661e-01, 4.686655130814e-04, 0.0000e+00, 0.0000e+00, 
 2DIAGNOSTIC,    32, -6.471006152909e-01, 2.657342896300e-04, 0.0000e+00, 0.0000e+00, 
 2DIAGNOSTIC,    33, -6.471154221028e-01, 1.219880809484e-04, 0.0000e+00, 0.0000e+00, 
 2DIAGNOSTIC,    34, -6.471230490230e-01, 6.429770976806e-05, 0.0000e+00, 0.0000e+00, 
 2DIAGNOSTIC,    35, -6.471313901187e-01, 4.364905454189e-05, 0.0000e+00, 0.0000e+00, 
 2DIAGNOSTIC,    36, -6.471314841423e-01, 2.280710601348e-05, 0.0000e+00, 0.0000e+00, 
 2DIAGNOSTIC,    37, -6.471312371840e-01, 6.114830334095e-06, 0.0000e+00, 0.0000e+00, 
 2DIAGNOSTIC,    38, -6.471312913717e-01, 1.622161640090e-06, 0.0000e+00, 0.0000e+00, 
 2DIAGNOSTIC,    39, -6.471312452757e-01, 1.348261413053e-06, 0.0000e+00, 0.0000e+00, 
 2DIAGNOSTIC,    40, -6.471312389508e-01, 1.888486210511e-06, 0.0000e+00, 0.0000e+00, 
 2DIAGNOSTIC,    41, -6.471312292051e-01, 1.419141515999e-06, 0.0000e+00, 0.0000e+00, 
 2DIAGNOSTIC,    42, -6.471311847275e-01, 1.073482114679e-06, 0.0000e+00, 0.0000e+00, 
DIAGNOSTIC,Iteration,metricValue,convergenceValue,ITERATION_TIME_INDEX,SINCE_LAST
 2DIAGNOSTIC,     1, -5.355967299792e-01, 1.797693134862e+308, 0.0000e+00, 0.0000e+00, 
 2DIAGNOSTIC,     2, -5.365794214246e-01, 1.797693134862e+308, 0.0000e+00, 0.0000e+00, 
 2DIAGNOSTIC,     3, -5.378918766871e-01, 1.797693134862e+308, 0.0000e+00, 0.0000e+00, 
 2DIAGNOSTIC,     4, -5.391723166049e-01, 1.797693134862e+308, 0.0000e+00, 0.0000e+00, 
 2DIAGNOSTIC,     5, -5.405653883529e-01, 1.797693134862e+308, 0.0000e+00, 0.0000e+00, 
 2DIAGNOSTIC,     6, -5.421422551450e-01, 1.797693134862e+308, 0.0000e+00, 0.0000e+00, 
 2DIAGNOSTIC,     7, -5.433149321314e-01, 1.797693134862e+308, 0.0000e+00, 0.0000e+00, 
 2DIAGNOSTIC,     8, -5.434684992628e-01, 1.797693134862e+308, 0.0000e+00, 0.0000e+00, 
 2DIAGNOSTIC,     9, -5.439456502963e-01, 1.797693134862e+308, 0.0000e+00, 0.0000e+00, 
 2DIAGNOSTIC,    10, -5.440608794373e-01, 1.107550533330e-03, 0.0000e+00, 0.0000e+00, 
 2DIAGNOSTIC,    11, -5.440827878983e-01, 8.526963626951e-04, 0.0000e+00, 0.0000e+00, 
 2DIAGNOSTIC,    12, -5.440900233118e-01, 6.069454973769e-04, 0.0000e+00, 0.0000e+00, 
 2DIAGNOSTIC,    13, -5.440912443344e-01, 3.976454363193e-04, 0.0000e+00, 0.0000e+00, 
 2DIAGNOSTIC,    14, -5.440822761462e-01, 2.297607559051e-04, 0.0000e+00, 0.0000e+00, 
 2DIAGNOSTIC,    15, -5.440833706070e-01, 1.112284179647e-04, 0.0000e+00, 0.0000e+00, 
 2DIAGNOSTIC,    16, -5.440920678550e-01, 4.871990152722e-05, 0.0000e+00, 0.0000e+00, 
 2DIAGNOSTIC,    17, -5.441101012827e-01, 2.609612317198e-05, 0.0000e+00, 0.0000e+00, 
 2DIAGNOSTIC,    18, -5.441133762794e-01, 7.966122405730e-06, 0.0000e+00, 0.0000e+00, 
 2DIAGNOSTIC,    19, -5.441354010025e-01, 4.876864617920e-06, 0.0000e+00, 0.0000e+00, 
 2DIAGNOSTIC,    20, -5.441522682863e-01, 5.239506691700e-06, 0.0000e+00, 0.0000e+00, 
 2DIAGNOSTIC,    21, -5.442078806228e-01, 7.144027834818e-06, 0.0000e+00, 0.0000e+00, 
 2DIAGNOSTIC,    22, -5.443034979265e-01, 1.076284500882e-05, 0.0000e+00, 0.0000e+00, 
 2DIAGNOSTIC,    23, -5.444350725274e-01, 1.618252953006e-05, 0.0000e+00, 0.0000e+00, 
 2DIAGNOSTIC,    24, -5.448702620158e-01, 2.902232865978e-05, 0.0000e+00, 0.0000e+00, 
 2DIAGNOSTIC,    25, -5.458038387896e-01, 5.759495268865e-05, 0.0000e+00, 0.0000e+00, 
 2DIAGNOSTIC,    26, -5.461269069430e-01, 8.492087351290e-05, 0.0000e+00, 0.0000e+00, 
 2DIAGNOSTIC,    27, -5.461339316253e-01, 1.029556401812e-04, 0.0000e+00, 0.0000e+00, 
 2DIAGNOSTIC,    28, -5.462030635503e-01, 1.117337485378e-04, 0.0000e+00, 0.0000e+00, 
 2DIAGNOSTIC,    29, -5.462277658467e-01, 1.101909653004e-04, 0.0000e+00, 0.0000e+00, 
 2DIAGNOSTIC,    30, -5.462087660036e-01, 9.811122687165e-05, 0.0000e+00, 0.0000e+00, 
 2DIAGNOSTIC,    31, -5.461972008910e-01, 7.835486020658e-05, 0.0000e+00, 0.0000e+00, 
 2DIAGNOSTIC,    32, -5.461998954583e-01, 5.437465206429e-05, 0.0000e+00, 0.0000e+00, 
 2DIAGNOSTIC,    33, -5.461812861797e-01, 2.861752647623e-05, 0.0000e+00, 0.0000e+00, 
 2DIAGNOSTIC,    34, -5.462051969087e-01, 8.462182043444e-06, 0.0000e+00, 0.0000e+00, 
 2DIAGNOSTIC,    35, -5.462057030565e-01, 2.567852590445e-06, 0.0000e+00, 0.0000e+00, 
 2DIAGNOSTIC,    36, -5.462022156965e-01, 1.502284721948e-06, 0.0000e+00, 0.0000e+00, 
DIAGNOSTIC,Iteration,metricValue,convergenceValue,ITERATION_TIME_INDEX,SINCE_LAST
 2DIAGNOSTIC,     1, -4.640290156702e-01, 1.797693134862e+308, 0.0000e+00, 0.0000e+00, 
 2DIAGNOSTIC,     2, -4.643244184339e-01, 1.797693134862e+308, 0.0000e+00, 0.0000e+00, 
 2DIAGNOSTIC,     3, -4.646234952522e-01, 1.797693134862e+308, 0.0000e+00, 0.0000e+00, 
 2DIAGNOSTIC,     4, -4.648663967764e-01, 1.797693134862e+308, 0.0000e+00, 0.0000e+00, 
 2DIAGNOSTIC,     5, -4.651718220871e-01, 1.797693134862e+308, 0.0000e+00, 0.0000e+00, 
 2DIAGNOSTIC,     6, -4.655882287559e-01, 1.797693134862e+308, 0.0000e+00, 0.0000e+00, 
 2DIAGNOSTIC,     7, -4.659321033964e-01, 1.797693134862e+308, 0.0000e+00, 0.0000e+00, 
 2DIAGNOSTIC,     8, -4.660149827453e-01, 1.797693134862e+308, 0.0000e+00, 0.0000e+00, 
 2DIAGNOSTIC,     9, -4.661599773096e-01, 1.797693134862e+308, 0.0000e+00, 0.0000e+00, 
 2DIAGNOSTIC,    10, -4.663141795031e-01, 3.349718700434e-04, 0.0000e+00, 0.0000e+00, 
 2DIAGNOSTIC,    11, -4.663434218560e-01, 2.724088344328e-04, 1.2800e+02, 1.2800e+02, 
 2DIAGNOSTIC,    12, -4.664093833156e-01, 2.142627830833e-04, 1.2800e+02, 0.0000e+00, 
 2DIAGNOSTIC,    13, -4.666484493784e-01, 1.712980900755e-04, 1.2800e+02, 0.0000e+00, 
 2DIAGNOSTIC,    14, -4.670530788282e-01, 1.470646221100e-04, 1.2800e+02, 0.0000e+00, 
 2DIAGNOSTIC,    15, -4.671435210626e-01, 1.282530805316e-04, 1.2800e+02, 0.0000e+00, 
 2DIAGNOSTIC,    16, -4.672354267912e-01, 1.195533162969e-04, 1.2800e+02, 0.0000e+00, 
 2DIAGNOSTIC,    17, -4.673302738571e-01, 1.169718196984e-04, 1.2800e+02, 0.0000e+00, 
 2DIAGNOSTIC,    18, -4.673438575411e-01, 1.070522716808e-04, 1.2800e+02, 0.0000e+00, 
 2DIAGNOSTIC,    19, -4.673373187349e-01, 9.258602897769e-05, 1.2800e+02, 0.0000e+00, 
 2DIAGNOSTIC,    20, -4.673662942272e-01, 7.677933118340e-05, 1.2800e+02, 0.0000e+00, 
 2DIAGNOSTIC,    21, -4.673603136560e-01, 5.628908798387e-05, 1.2800e+02, 0.0000e+00, 
 2DIAGNOSTIC,    22, -4.673703952465e-01, 3.460169024521e-05, 1.2800e+02, 0.0000e+00, 
 2DIAGNOSTIC,    23, -4.673730074948e-01, 1.785632658864e-05, 1.2800e+02, 0.0000e+00, 
 2DIAGNOSTIC,    24, -4.673770179084e-01, 1.134103248903e-05, 1.2800e+02, 0.0000e+00, 
 2DIAGNOSTIC,    25, -4.673819498163e-01, 6.692853168018e-06, 1.2800e+02, 0.0000e+00, 
 2DIAGNOSTIC,    26, -4.673887069735e-01, 4.140940164946e-06, 1.2800e+02, 0.0000e+00, 
 2DIAGNOSTIC,    27, -4.674058175197e-01, 4.025238960252e-06, 1.2800e+02, 0.0000e+00, 
 2DIAGNOSTIC,    28, -4.674311665442e-01, 4.496901745678e-06, 1.2800e+02, 0.0000e+00, 
 2DIAGNOSTIC,    29, -4.676179040550e-01, 8.377706392344e-06, 1.2800e+02, 0.0000e+00, 
 2DIAGNOSTIC,    30, -4.676183986479e-01, 1.181715491413e-05, 1.2800e+02, 0.0000e+00, 
 2DIAGNOSTIC,    31, -4.676183813330e-01, 1.394280348443e-05, 1.2800e+02, 0.0000e+00, 
 2DIAGNOSTIC,    32, -4.676184482815e-01, 1.495607836488e-05, 1.2800e+02, 0.0000e+00, 
 2DIAGNOSTIC,    33, -4.676174671643e-01, 1.459294247841e-05, 1.2800e+02, 0.0000e+00, 
 2DIAGNOSTIC,    34, -4.676184553376e-01, 1.299337533516e-05, 1.2800e+02, 0.0000e+00, 
 2DIAGNOSTIC,    35, -4.676175210111e-01, 1.040380848255e-05, 1.2800e+02, 0.0000e+00, 
 2DIAGNOSTIC,    36, -4.676175895579e-01, 7.219819785541e-06, 1.2800e+02, 0.0000e+00, 
 2DIAGNOSTIC,    37, -4.676185054313e-01, 3.927362122982e-06, 1.2800e+02, 0.0000e+00, 
DIAGNOSTIC,Iteration,metricValue,convergenceValue,ITERATION_TIME_INDEX,SINCE_LAST
 2DIAGNOSTIC,     1, -4.258204573355e-01, 1.797693134862e+308, 1.2800e+02, 0.0000e+00, 
 2DIAGNOSTIC,     2, -4.260074616953e-01, 1.797693134862e+308, 1.2800e+02, 0.0000e+00, 
 2DIAGNOSTIC,     3, -4.260240323737e-01, 1.797693134862e+308, 1.2800e+02, 0.0000e+00, 
 2DIAGNOSTIC,     4, -4.260251909560e-01, 1.797693134862e+308, 1.2800e+02, 0.0000e+00, 
 2DIAGNOSTIC,     5, -4.260244191258e-01, 1.797693134862e+308, 1.2800e+02, 0.0000e+00, 
 2DIAGNOSTIC,     6, -4.260243835912e-01, 1.797693134862e+308, 1.2800e+02, 0.0000e+00, 
 2DIAGNOSTIC,     7, -4.260243143934e-01, 1.797693134862e+308, 1.2800e+02, 0.0000e+00, 
 2DIAGNOSTIC,     8, -4.260242227637e-01, 1.797693134862e+308, 1.2800e+02, 0.0000e+00, 
 2DIAGNOSTIC,     9, -4.260241258310e-01, 1.797693134862e+308, 1.2800e+02, 0.0000e+00, 
 2DIAGNOSTIC,    10, -4.260240414976e-01, 1.771578865294e-05, 2.5600e+02, 1.2800e+02, 
 2DIAGNOSTIC,    11, -4.260240097806e-01, 3.844457317936e-06, 2.5600e+02, 0.0000e+00, 
 2DIAGNOSTIC,    12, -4.260238290927e-01, 2.560003251537e-06, 2.5600e+02, 0.0000e+00, 
 2DIAGNOSTIC,    13, -4.260237877744e-01, 2.327723194598e-06, 2.5600e+02, 0.0000e+00, 
 2DIAGNOSTIC,    14, -4.260239553664e-01, 2.203676463822e-06, 2.5600e+02, 0.0000e+00, 
 2DIAGNOSTIC,    15, -4.260239328568e-01, 2.066758386973e-06, 2.5600e+02, 0.0000e+00, 
 2DIAGNOSTIC,    16, -4.260239261869e-01, 1.950263031139e-06, 2.5600e+02, 0.0000e+00, 
 2DIAGNOSTIC,    17, -4.260238789524e-01, 1.846632954314e-06, 2.5600e+02, 0.0000e+00, 
 2DIAGNOSTIC,    18, -4.260238011527e-01, 1.750617523742e-06, 2.5600e+02, 0.0000e+00, 
 2DIAGNOSTIC,    19, -4.260237975967e-01, 1.662655285617e-06, 2.5600e+02, 0.0000e+00, 
 2DIAGNOSTIC,    20, -4.260238006058e-01, 1.581728393360e-06, 2.5600e+02, 0.0000e+00, 
 2DIAGNOSTIC,    21, -4.260237672784e-01, 1.507466394456e-06, 2.5600e+02, 0.0000e+00, 
 2DIAGNOSTIC,    22, -4.260237644056e-01, 1.435221611723e-06, 2.5600e+02, 0.0000e+00, 
 2DIAGNOSTIC,    23, -4.260237691613e-01, 1.369086599430e-06, 2.5600e+02, 0.0000e+00, 
 2DIAGNOSTIC,    24, -4.260237482988e-01, 1.313836445319e-06, 3.8400e+02, 1.2800e+02, 
 2DIAGNOSTIC,    25, -4.260237869136e-01, 1.264500429241e-06, 3.8400e+02, 0.0000e+00, 
 2DIAGNOSTIC,    26, -4.260237895867e-01, 1.219592917934e-06, 3.8400e+02, 0.0000e+00, 
 2DIAGNOSTIC,    27, -4.260238670836e-01, 1.179186289689e-06, 3.8400e+02, 0.0000e+00, 
 2DIAGNOSTIC,    28, -4.260238346173e-01, 1.138896121945e-06, 3.8400e+02, 0.0000e+00, 
 2DIAGNOSTIC,    29, -4.260238314047e-01, 1.100999695323e-06, 3.8400e+02, 0.0000e+00, 
 2DIAGNOSTIC,    30, -4.260236984119e-01, 1.062383597282e-06, 3.8400e+02, 0.0000e+00, 
 2DIAGNOSTIC,    31, -4.260236998961e-01, 1.025435905647e-06, 3.8400e+02, 0.0000e+00, 
  Elapsed time (stage 0): 3.8400e+02


Total elapsed time: 3.8400e+02
Info [verificarlo]: loaded backend libinterflop_vprec.so
Info [interflop-vprec]: load backend with: 
Info [interflop-vprec]: precision-binary32 = 23
Info [interflop-vprec]: range-binary32 = 7
Info [interflop-vprec]: precision-binary64 = 23
Info [interflop-vprec]: range-binary64 = 7
Info [interflop-vprec]: mode = ob
Info [interflop-vprec]: error-mode = rel
Info [interflop-vprec]: max-abs-error-exponent = -1022
Info [interflop-vprec]: daz = false
Info [interflop-vprec]: ftz = false
Info [interflop-vprec]: 	instrument = none
Info [interflop-vprec]: 	prec-input-file = (null)
Info [interflop-vprec]: 	prec-output-file = (null)
Info [interflop-vprec]: 	prec-log-file = (null)
All_Command_lines_OK
Using double precision for computations.
=============================================================================
The composite transform comprises the following transforms (in order): 
  1. /home/mdugre/scratch/mri-registration-rp/datasets/ds004513/derivatives/mri-registration-rp/1111/antsRegistration-r7-p23/sub-s033/rigid_Composite.h5[0] (type = Euler3DTransform)
  2. /home/mdugre/scratch/mri-registration-rp/datasets/ds004513/derivatives/mri-registration-rp/1111/antsRegistration-r7-p23/sub-s033/rigid_Composite.h5[1] (type = Euler3DTransform)
  3. /home/mdugre/scratch/mri-registration-rp/datasets/ds004513/derivatives/mri-registration-rp/1111/antsRegistration-r7-p23/sub-s033/rigid_Composite.h5[2] (type = Euler3DTransform)
=============================================================================
  number of levels = 4
  fixed image: /templateflow/tpl-MNI152NLin2009cAsym/tpl-MNI152NLin2009cAsym_res-01_desc-brain_T1w.nii.gz
  moving image: /home/mdugre/scratch/mri-registration-rp/datasets/ds004513/derivatives/mri-registration-rp/antsBrainExtraction/sub-s033/BrainExtractionBrain.nii.gz
Dimension = 3
Number of stages = 1
Use histogram matching = false
Winsorize image intensities = true
  Lower quantile = 0.005
  Upper quantile = 0.995


Stage 1 State
   Image metric = MattesMI
     Fixed image = Image (0x43bd490)
  RTTI typeinfo:   itk::Image<double, 3u>
  Reference Count: 2
  Modified Time: 1592
  Debug: Off
  Object Name: 
  Observers: 
    none
  Source: (none)
  Source output name: (none)
  Release Data: Off
  Data Released: False
  Global Release Data: Off
  PipelineMTime: 0
  UpdateMTime: 1203
  RealTimeStamp: 0 seconds 
  LargestPossibleRegion: 
    Dimension: 3
    Index: [0, 0, 0]
    Size: [193, 229, 193]
  BufferedRegion: 
    Dimension: 3
    Index: [0, 0, 0]
    Size: [193, 229, 193]
  RequestedRegion: 
    Dimension: 3
    Index: [0, 0, 0]
    Size: [193, 229, 193]
  Spacing: [1, 1, 1]
  Origin: [96, 132, -78]
  Direction: 
-1 0 0
0 -1 0
0 0 1

  IndexToPointMatrix: 
-1 0 0
0 -1 0
0 0 1

  PointToIndexMatrix: 
-1 0 0
0 -1 0
0 0 1

  Inverse Direction: 
-1 0 0
0 -1 0
0 0 1

  PixelContainer: 
    ImportImageContainer (0x43c92a0)
      RTTI typeinfo:   itk::ImportImageContainer<unsigned long, double>
      Reference Count: 1
      Modified Time: 1200
      Debug: Off
      Object Name: 
      Observers: 
        none
      Pointer: 0x14c1ac0c2010
      Container manages memory: true
      Size: 8530021
      Capacity: 8530021

     Moving image = Image (0x4478cd0)
  RTTI typeinfo:   itk::Image<double, 3u>
  Reference Count: 2
  Modified Time: 1593
  Debug: Off
  Object Name: 
  Observers: 
    none
  Source: (none)
  Source output name: (none)
  Release Data: Off
  Data Released: False
  Global Release Data: Off
  PipelineMTime: 0
  UpdateMTime: 1590
  RealTimeStamp: 0 seconds 
  LargestPossibleRegion: 
    Dimension: 3
    Index: [0, 0, 0]
    Size: [160, 240, 256]
  BufferedRegion: 
    Dimension: 3
    Index: [0, 0, 0]
    Size: [160, 240, 256]
  RequestedRegion: 
    Dimension: 3
    Index: [0, 0, 0]
    Size: [160, 240, 256]
  Spacing: [1, 1, 1]
  Origin: [91.5134, 94.282, -109.927]
  Direction: 
-0.99591 -0.0698718 -0.0572835
0.0697565 -0.997556 0.00401236
-0.0574239 5.01125e-08 0.99835

  IndexToPointMatrix: 
-0.99591 -0.0698718 -0.0572835
0.0697565 -0.997556 0.00401236
-0.0574239 5.01125e-08 0.99835

  PointToIndexMatrix: 
-0.99591 0.0697565 -0.0574239
-0.0698718 -0.997556 -8.9407e-08
-0.0572835 0.00401232 0.99835

  Inverse Direction: 
-0.99591 0.0697565 -0.0574239
-0.0698718 -0.997556 -8.9407e-08
-0.0572835 0.00401232 0.99835

  PixelContainer: 
    ImportImageContainer (0x442e890)
      RTTI typeinfo:   itk::ImportImageContainer<unsigned long, double>
      Reference Count: 1
      Modified Time: 1587
      Debug: Off
      Object Name: 
      Observers: 
        none
      Pointer: 0x14c1a75c1010
      Container manages memory: true
      Size: 9830400
      Capacity: 9830400

     Weighting = 1
     Sampling strategy = regular
     Number of bins = 32
     Radius = 4
     Sampling percentage  = 0.25
   Transform = Affine
     Gradient step = 0.1
     Update field sigma (voxel space) = 0
     Total field sigma (voxel space) = 0
     Update field time sigma = 0
     Total field time sigma  = 0
     Number of time indices = 0
     Number of time point samples = 0
Registration using 1 total stages.

Stage 0
  iterations = 1000x500x250x100
  convergence threshold = 1e-06
  convergence window size = 10
  number of levels = 4
  using the Mattes MI metric (number of bins = 32, weight = 1, use gradient filter = 0)
  preprocessing:  winsorizing the image intensities
  Shrink factors (level 1 out of 4): [8, 8, 8]
  Shrink factors (level 2 out of 4): [4, 4, 4]
  Shrink factors (level 3 out of 4): [2, 2, 2]
  Shrink factors (level 4 out of 4): [1, 1, 1]
  smoothing sigmas per level: [3, 2, 1, 0]
  regular sampling (percentage = 0.25)

*** Running AffineTransform registration ***

DIAGNOSTIC,Iteration,metricValue,convergenceValue,ITERATION_TIME_INDEX,SINCE_LAST
 2DIAGNOSTIC,     1, -6.393865302853e-01, 1.797693134862e+308, 0.0000e+00, 0.0000e+00, 
 2DIAGNOSTIC,     2, -6.420763659711e-01, 1.797693134862e+308, 0.0000e+00, 0.0000e+00, 
 2DIAGNOSTIC,     3, -6.464855560522e-01, 1.797693134862e+308, 0.0000e+00, 0.0000e+00, 
 2DIAGNOSTIC,     4, -6.531870719487e-01, 1.797693134862e+308, 0.0000e+00, 0.0000e+00, 
 2DIAGNOSTIC,     5, -6.635049118040e-01, 1.797693134862e+308, 0.0000e+00, 0.0000e+00, 
 2DIAGNOSTIC,     6, -6.818941594458e-01, 1.797693134862e+308, 0.0000e+00, 0.0000e+00, 
 2DIAGNOSTIC,     7, -7.403382990375e-01, 1.797693134862e+308, 0.0000e+00, 0.0000e+00, 
 2DIAGNOSTIC,     8, -7.852604360002e-01, 1.797693134862e+308, 0.0000e+00, 0.0000e+00, 
 2DIAGNOSTIC,     9, -8.535897575064e-01, 1.797693134862e+308, 0.0000e+00, 0.0000e+00, 
 2DIAGNOSTIC,    10, -8.553033843786e-01, 2.150842818886e-02, 0.0000e+00, 0.0000e+00, 
 2DIAGNOSTIC,    11, -8.622658749871e-01, 2.160480696334e-02, 0.0000e+00, 0.0000e+00, 
 2DIAGNOSTIC,    12, -8.705163109932e-01, 2.010051467506e-02, 0.0000e+00, 0.0000e+00, 
 2DIAGNOSTIC,    13, -8.793919171090e-01, 1.741191417631e-02, 0.0000e+00, 0.0000e+00, 
 2DIAGNOSTIC,    14, -8.886223746393e-01, 1.400477127531e-02, 0.0000e+00, 0.0000e+00, 
 2DIAGNOSTIC,    15, -9.067292717133e-01, 1.055463771843e-02, 0.0000e+00, 0.0000e+00, 
 2DIAGNOSTIC,    16, -9.073284903174e-01, 7.071184189514e-03, 0.0000e+00, 0.0000e+00, 
 2DIAGNOSTIC,    17, -9.073184069675e-01, 4.650392179289e-03, 0.0000e+00, 0.0000e+00, 
 2DIAGNOSTIC,    18, -9.071548735072e-01, 2.966818161892e-03, 0.0000e+00, 0.0000e+00, 
 2DIAGNOSTIC,    19, -9.069829542618e-01, 2.484813162068e-03, 0.0000e+00, 0.0000e+00, 
 2DIAGNOSTIC,    20, -9.069990673292e-01, 1.853230753177e-03, 0.0000e+00, 0.0000e+00, 
 2DIAGNOSTIC,    21, -9.068972889038e-01, 1.231141315488e-03, 0.0000e+00, 0.0000e+00, 
 2DIAGNOSTIC,    22, -9.071386008877e-01, 6.949293903294e-04, 0.0000e+00, 0.0000e+00, 
 2DIAGNOSTIC,    23, -9.071879273277e-01, 2.799648620849e-04, 0.0000e+00, 0.0000e+00, 
DIAGNOSTIC,Iteration,metricValue,convergenceValue,ITERATION_TIME_INDEX,SINCE_LAST
 2DIAGNOSTIC,     1, -7.450925269989e-01, 1.797693134862e+308, 0.0000e+00, 0.0000e+00, 
 2DIAGNOSTIC,     2, -7.455512850250e-01, 1.797693134862e+308, 0.0000e+00, 0.0000e+00, 
 2DIAGNOSTIC,     3, -7.461356561117e-01, 1.797693134862e+308, 0.0000e+00, 0.0000e+00, 
 2DIAGNOSTIC,     4, -7.468484344839e-01, 1.797693134862e+308, 0.0000e+00, 0.0000e+00, 
 2DIAGNOSTIC,     5, -7.475925486364e-01, 1.797693134862e+308, 0.0000e+00, 0.0000e+00, 
 2DIAGNOSTIC,     6, -7.481468457307e-01, 1.797693134862e+308, 0.0000e+00, 0.0000e+00, 
 2DIAGNOSTIC,     7, -7.485035267548e-01, 1.797693134862e+308, 0.0000e+00, 0.0000e+00, 
 2DIAGNOSTIC,     8, -7.484829068037e-01, 1.797693134862e+308, 0.0000e+00, 0.0000e+00, 
 2DIAGNOSTIC,     9, -7.484941772084e-01, 1.797693134862e+308, 0.0000e+00, 0.0000e+00, 
 2DIAGNOSTIC,    10, -7.485051415883e-01, 3.262767388543e-04, 0.0000e+00, 0.0000e+00, 
 2DIAGNOSTIC,    11, -7.485264622806e-01, 2.336415161037e-04, 0.0000e+00, 0.0000e+00, 
 2DIAGNOSTIC,    12, -7.485427253985e-01, 1.506911680574e-04, 0.0000e+00, 0.0000e+00, 
 2DIAGNOSTIC,    13, -7.485958032345e-01, 8.569139206299e-05, 0.0000e+00, 0.0000e+00, 
 2DIAGNOSTIC,    14, -7.486425782524e-01, 4.278066144767e-05, 0.0000e+00, 0.0000e+00, 
 2DIAGNOSTIC,    15, -7.486496583558e-01, 2.061392406849e-05, 0.0000e+00, 0.0000e+00, 
 2DIAGNOSTIC,    16, -7.486363695745e-01, 1.215014573935e-05, 0.0000e+00, 0.0000e+00, 
 2DIAGNOSTIC,    17, -7.486726516321e-01, 1.256774953411e-05, 0.0000e+00, 0.0000e+00, 
 2DIAGNOSTIC,    18, -7.486706047488e-01, 1.142901063189e-05, 0.0000e+00, 0.0000e+00, 
 2DIAGNOSTIC,    19, -7.486718972951e-01, 9.755822960783e-06, 0.0000e+00, 0.0000e+00, 
 2DIAGNOSTIC,    20, -7.486537440213e-01, 7.376722270608e-06, 0.0000e+00, 0.0000e+00, 
 2DIAGNOSTIC,    21, -7.486456544763e-01, 4.952040410747e-06, 0.0000e+00, 0.0000e+00, 
 2DIAGNOSTIC,    22, -7.486481157693e-01, 2.726986314212e-06, 0.0000e+00, 0.0000e+00, 
DIAGNOSTIC,Iteration,metricValue,convergenceValue,ITERATION_TIME_INDEX,SINCE_LAST
 2DIAGNOSTIC,     1, -6.325413460698e-01, 1.797693134862e+308, 0.0000e+00, 0.0000e+00, 
 2DIAGNOSTIC,     2, -6.331246495738e-01, 1.797693134862e+308, 0.0000e+00, 0.0000e+00, 
 2DIAGNOSTIC,     3, -6.337721574723e-01, 1.797693134862e+308, 0.0000e+00, 0.0000e+00, 
 2DIAGNOSTIC,     4, -6.346173005225e-01, 1.797693134862e+308, 0.0000e+00, 0.0000e+00, 
 2DIAGNOSTIC,     5, -6.368955574750e-01, 1.797693134862e+308, 0.0000e+00, 0.0000e+00, 
 2DIAGNOSTIC,     6, -6.368706426236e-01, 1.797693134862e+308, 0.0000e+00, 0.0000e+00, 
 2DIAGNOSTIC,     7, -6.368720391812e-01, 1.797693134862e+308, 0.0000e+00, 0.0000e+00, 
 2DIAGNOSTIC,     8, -6.368701250418e-01, 1.797693134862e+308, 0.0000e+00, 0.0000e+00, 
 2DIAGNOSTIC,     9, -6.368708993209e-01, 1.797693134862e+308, 0.0000e+00, 0.0000e+00, 
 2DIAGNOSTIC,    10, -6.368690086181e-01, 4.872316914291e-04, 0.0000e+00, 0.0000e+00, 
 2DIAGNOSTIC,    11, -6.368696175120e-01, 3.289329365941e-04, 0.0000e+00, 0.0000e+00, 
 2DIAGNOSTIC,    12, -6.368671590752e-01, 1.905474125977e-04, 0.0000e+00, 0.0000e+00, 
 2DIAGNOSTIC,    13, -6.368661316667e-01, 7.885159682346e-05, 0.0000e+00, 0.0000e+00, 
 2DIAGNOSTIC,    14, -6.368651083566e-01, 1.050760092533e-06, 0.0000e+00, 0.0000e+00, 
 2DIAGNOSTIC,    15, -6.368629102991e-01, 1.580346267058e-06, 0.0000e+00, 0.0000e+00, 
 2DIAGNOSTIC,    16, -6.368640074192e-01, 1.427980465943e-06, 0.0000e+00, 0.0000e+00, 
 2DIAGNOSTIC,    17, -6.368650927888e-01, 1.410647161526e-06, 0.0000e+00, 0.0000e+00, 
 2DIAGNOSTIC,    18, -6.368619271599e-01, 1.310465863873e-06, 0.0000e+00, 0.0000e+00, 
 2DIAGNOSTIC,    19, -6.368622905563e-01, 1.294158267690e-06, 0.0000e+00, 0.0000e+00, 
 2DIAGNOSTIC,    20, -6.368615697891e-01, 1.255343945704e-06, 0.0000e+00, 0.0000e+00, 
 2DIAGNOSTIC,    21, -6.368610107309e-01, 1.252676295894e-06, 0.0000e+00, 0.0000e+00, 
 2DIAGNOSTIC,    22, -6.368591627702e-01, 1.187100589245e-06, 0.0000e+00, 0.0000e+00, 
 2DIAGNOSTIC,    23, -6.368574830071e-01, 1.101001671777e-06, 0.0000e+00, 0.0000e+00, 
 2DIAGNOSTIC,    24, -6.368570926329e-01, 1.024546190775e-06, 0.0000e+00, 0.0000e+00, 
DIAGNOSTIC,Iteration,metricValue,convergenceValue,ITERATION_TIME_INDEX,SINCE_LAST
 2DIAGNOSTIC,     1, -5.628766140903e-01, 1.797693134862e+308, 0.0000e+00, 0.0000e+00, 
 2DIAGNOSTIC,     2, -5.630448912867e-01, 1.797693134862e+308, 1.2800e+02, 1.2800e+02, 
 2DIAGNOSTIC,     3, -5.632045935626e-01, 1.797693134862e+308, 1.2800e+02, 0.0000e+00, 
 2DIAGNOSTIC,     4, -5.635168351355e-01, 1.797693134862e+308, 1.2800e+02, 0.0000e+00, 
 2DIAGNOSTIC,     5, -5.639812883052e-01, 1.797693134862e+308, 1.2800e+02, 0.0000e+00, 
 2DIAGNOSTIC,     6, -5.639794966574e-01, 1.797693134862e+308, 1.2800e+02, 0.0000e+00, 
 2DIAGNOSTIC,     7, -5.639799216901e-01, 1.797693134862e+308, 1.2800e+02, 0.0000e+00, 
 2DIAGNOSTIC,     8, -5.639797809149e-01, 1.797693134862e+308, 1.2800e+02, 0.0000e+00, 
 2DIAGNOSTIC,     9, -5.639798098117e-01, 1.797693134862e+308, 1.2800e+02, 0.0000e+00, 
 2DIAGNOSTIC,    10, -5.639794612913e-01, 1.383029195937e-04, 1.2800e+02, 0.0000e+00, 
 2DIAGNOSTIC,    11, -5.639794208906e-01, 9.162842277645e-05, 1.2800e+02, 0.0000e+00, 
 2DIAGNOSTIC,    12, -5.639794025462e-01, 5.213413378882e-05, 1.2800e+02, 0.0000e+00, 
 2DIAGNOSTIC,    13, -5.639792418841e-01, 2.030686046813e-05, 1.2800e+02, 0.0000e+00, 
 2DIAGNOSTIC,    14, -5.639792603324e-01, 2.170782931979e-06, 1.2800e+02, 0.0000e+00, 
 2DIAGNOSTIC,    15, -5.639790855894e-01, 2.068915635894e-06, 1.2800e+02, 0.0000e+00, 
 2DIAGNOSTIC,    16, -5.639791740349e-01, 1.930666928232e-06, 2.5600e+02, 1.2800e+02, 
 2DIAGNOSTIC,    17, -5.639792018500e-01, 1.827336875017e-06, 2.5600e+02, 0.0000e+00, 
 2DIAGNOSTIC,    18, -5.639791526765e-01, 1.734124781438e-06, 2.5600e+02, 0.0000e+00, 
 2DIAGNOSTIC,    19, -5.639790441407e-01, 1.652088065004e-06, 2.5600e+02, 0.0000e+00, 
 2DIAGNOSTIC,    20, -5.639789197520e-01, 1.568537444138e-06, 2.5600e+02, 0.0000e+00, 
 2DIAGNOSTIC,    21, -5.639787850006e-01, 1.490816157322e-06, 2.5600e+02, 0.0000e+00, 
 2DIAGNOSTIC,    22, -5.639786645225e-01, 1.419300777260e-06, 2.5600e+02, 0.0000e+00, 
 2DIAGNOSTIC,    23, -5.639787150434e-01, 1.354110738754e-06, 2.5600e+02, 0.0000e+00, 
 2DIAGNOSTIC,    24, -5.639787386106e-01, 1.298063728360e-06, 2.5600e+02, 0.0000e+00, 
 2DIAGNOSTIC,    25, -5.639784663409e-01, 1.240046483490e-06, 2.5600e+02, 0.0000e+00, 
 2DIAGNOSTIC,    26, -5.639783517920e-01, 1.189230481924e-06, 2.5600e+02, 0.0000e+00, 
 2DIAGNOSTIC,    27, -5.639783996781e-01, 1.146857157193e-06, 2.5600e+02, 0.0000e+00, 
 2DIAGNOSTIC,    28, -5.639783030846e-01, 1.107713375664e-06, 2.5600e+02, 0.0000e+00, 
 2DIAGNOSTIC,    29, -5.639783595509e-01, 1.073097486412e-06, 2.5600e+02, 0.0000e+00, 
 2DIAGNOSTIC,    30, -5.639784545642e-01, 1.042670531047e-06, 3.8400e+02, 1.2800e+02, 
 2DIAGNOSTIC,    31, -5.639785744870e-01, 1.015715521913e-06, 3.8400e+02, 0.0000e+00, 
  Elapsed time (stage 0): 3.8400e+02


Total elapsed time: 3.8400e+02
Info [verificarlo]: loaded backend libinterflop_vprec.so
Info [interflop-vprec]: load backend with: 
Info [interflop-vprec]: precision-binary32 = 23
Info [interflop-vprec]: range-binary32 = 7
