
##########################
# Experiment information #
##########################

EXPERIMENT_NAME: antsRegistration-r7-p20
VFC_BACKENDS: libinterflop_vprec.so --range-binary32=7 --precision-binary32=20 --range-binary64=7 --precision-binary64=20

SIF_IMG: /home/mdugre/projects/rrg-glatard/mdugre/containers/ants-vprec-no_metrics.simg

SUBJECT_ID: s035
INPUT_IMG: /home/mdugre/scratch/mri-registration-rp/datasets/ds004513/derivatives/mri-registration-rp/antsBrainExtraction/sub-s035/BrainExtractionBrain.nii.gz
OUTPUT_DIR: /home/mdugre/scratch/mri-registration-rp/datasets/ds004513/derivatives/mri-registration-rp/1111/antsRegistration-r7-p20/sub-s035

FIXED_IMG: /templateflow/tpl-MNI152NLin2009cAsym/tpl-MNI152NLin2009cAsym_res-01_desc-brain_T1w.nii.gz
DATA_DIR: /home/mdugre/scratch/mri-registration-rp/datasets/ds004513
TEMPLATEFLOW_DIR: /home/mdugre/projects/rrg-glatard/mdugre/templateflow
ITK_GLOBAL_DEFAULT_NUMBER_OF_THREADS: 16
##########################

Info [verificarlo]: loaded backend libinterflop_vprec.so
Info [interflop-vprec]: load backend with: 
Info [interflop-vprec]: precision-binary32 = 20
Info [interflop-vprec]: range-binary32 = 7
Info [interflop-vprec]: precision-binary64 = 20
Info [interflop-vprec]: range-binary64 = 7
Info [interflop-vprec]: mode = ob
Info [interflop-vprec]: error-mode = rel
Info [interflop-vprec]: max-abs-error-exponent = -1022
Info [interflop-vprec]: daz = false
Info [interflop-vprec]: ftz = false
Info [interflop-vprec]: 	instrument = none
Info [interflop-vprec]: 	prec-input-file = (null)
Info [interflop-vprec]: 	prec-output-file = (null)
Info [interflop-vprec]: 	prec-log-file = (null)
All_Command_lines_OK
Using double precision for computations.
=============================================================================
The composite transform comprises the following transforms (in order): 
  1. Center of mass alignment using fixed image: /templateflow/tpl-MNI152NLin2009cAsym/tpl-MNI152NLin2009cAsym_res-01_desc-brain_T1w.nii.gz and moving image: /home/mdugre/scratch/mri-registration-rp/datasets/ds004513/derivatives/mri-registration-rp/antsBrainExtraction/sub-s035/BrainExtractionBrain.nii.gz (type = Euler3DTransform)
=============================================================================
  number of levels = 1
  fixed image: /templateflow/tpl-MNI152NLin2009cAsym/tpl-MNI152NLin2009cAsym_res-01_desc-brain_T1w.nii.gz
  moving image: /home/mdugre/scratch/mri-registration-rp/datasets/ds004513/derivatives/mri-registration-rp/antsBrainExtraction/sub-s035/BrainExtractionBrain.nii.gz
Dimension = 3
Number of stages = 1
Use histogram matching = false
Winsorize image intensities = true
  Lower quantile = 0.005
  Upper quantile = 0.995


Stage 1 State
   Image metric = MattesMI
     Fixed image = Image (0x4ab5b20)
  RTTI typeinfo:   itk::Image<double, 3u>
  Reference Count: 2
  Modified Time: 2330
  Debug: Off
  Object Name: 
  Observers: 
    none
  Source: (none)
  Source output name: (none)
  Release Data: Off
  Data Released: False
  Global Release Data: Off
  PipelineMTime: 0
  UpdateMTime: 1941
  RealTimeStamp: 0 seconds 
  LargestPossibleRegion: 
    Dimension: 3
    Index: [0, 0, 0]
    Size: [193, 229, 193]
  BufferedRegion: 
    Dimension: 3
    Index: [0, 0, 0]
    Size: [193, 229, 193]
  RequestedRegion: 
    Dimension: 3
    Index: [0, 0, 0]
    Size: [193, 229, 193]
  Spacing: [1, 1, 1]
  Origin: [96, 132, -78]
  Direction: 
-1 0 0
0 -1 0
0 0 1

  IndexToPointMatrix: 
-1 0 0
0 -1 0
0 0 1

  PointToIndexMatrix: 
-1 0 0
0 -1 0
0 0 1

  Inverse Direction: 
-1 0 0
0 -1 0
0 0 1

  PixelContainer: 
    ImportImageContainer (0x4be1650)
      RTTI typeinfo:   itk::ImportImageContainer<unsigned long, double>
      Reference Count: 1
      Modified Time: 1938
      Debug: Off
      Object Name: 
      Observers: 
        none
      Pointer: 0x14aaf4ac8010
      Container manages memory: true
      Size: 8530021
      Capacity: 8530021

     Moving image = Image (0x4abe240)
  RTTI typeinfo:   itk::Image<double, 3u>
  Reference Count: 2
  Modified Time: 2331
  Debug: Off
  Object Name: 
  Observers: 
    none
  Source: (none)
  Source output name: (none)
  Release Data: Off
  Data Released: False
  Global Release Data: Off
  PipelineMTime: 0
  UpdateMTime: 2328
  RealTimeStamp: 0 seconds 
  LargestPossibleRegion: 
    Dimension: 3
    Index: [0, 0, 0]
    Size: [160, 240, 256]
  BufferedRegion: 
    Dimension: 3
    Index: [0, 0, 0]
    Size: [160, 240, 256]
  RequestedRegion: 
    Dimension: 3
    Index: [0, 0, 0]
    Size: [160, 240, 256]
  Spacing: [1, 1, 1]
  Origin: [98.6437, 87.6359, -117.989]
  Direction: 
-0.993515 -0.100993 -0.0522355
0.100854 -0.994887 0.00530255
-0.0525039 1.93537e-08 0.998621

  IndexToPointMatrix: 
-0.993515 -0.100993 -0.0522355
0.100854 -0.994887 0.00530255
-0.0525039 1.93537e-08 0.998621

  PointToIndexMatrix: 
-0.993515 0.100854 -0.0525039
-0.100993 -0.994887 -5.69969e-07
-0.0522355 0.00530244 0.998621

  Inverse Direction: 
-0.993515 0.100854 -0.0525039
-0.100993 -0.994887 -5.69969e-07
-0.0522355 0.00530244 0.998621

  PixelContainer: 
    ImportImageContainer (0x4bcbb90)
      RTTI typeinfo:   itk::ImportImageContainer<unsigned long, double>
      Reference Count: 1
      Modified Time: 2325
      Debug: Off
      Object Name: 
      Observers: 
        none
      Pointer: 0x14aaeffc7010
      Container manages memory: true
      Size: 9830400
      Capacity: 9830400

     Weighting = 1
     Sampling strategy = regular
     Number of bins = 32
     Radius = 4
     Sampling percentage  = 0.25
   Transform = Rigid
     Gradient step = 0.1
     Update field sigma (voxel space) = 0
     Total field sigma (voxel space) = 0
     Update field time sigma = 0
     Total field time sigma  = 0
     Number of time indices = 0
     Number of time point samples = 0
Registration using 1 total stages.

Stage 0
  iterations = 0
  convergence threshold = 1e-06
  convergence window size = 10
  number of levels = 1
  using the Mattes MI metric (number of bins = 32, weight = 1, use gradient filter = 0)
  preprocessing:  winsorizing the image intensities
  Shrink factors (level 1 out of 1): [1, 1, 1]
  smoothing sigmas per level: [0]
  regular sampling (percentage = 0.25)

*** Running Euler3DTransform registration ***

  Elapsed time (stage 0): 0


Total elapsed time: 0
Info [verificarlo]: loaded backend libinterflop_vprec.so
Info [interflop-vprec]: load backend with: 
Info [interflop-vprec]: precision-binary32 = 20
Info [interflop-vprec]: range-binary32 = 7
Info [interflop-vprec]: precision-binary64 = 20
Info [interflop-vprec]: range-binary64 = 7
Info [interflop-vprec]: mode = ob
Info [interflop-vprec]: error-mode = rel
Info [interflop-vprec]: max-abs-error-exponent = -1022
Info [interflop-vprec]: daz = false
Info [interflop-vprec]: ftz = false
Info [interflop-vprec]: 	instrument = none
Info [interflop-vprec]: 	prec-input-file = (null)
Info [interflop-vprec]: 	prec-output-file = (null)
Info [interflop-vprec]: 	prec-log-file = (null)
All_Command_lines_OK
Using double precision for computations.
=============================================================================
The composite transform comprises the following transforms (in order): 
  1. /home/mdugre/scratch/mri-registration-rp/datasets/ds004513/derivatives/mri-registration-rp/1111/antsRegistration-r7-p20/sub-s035/align_Composite.h5[0] (type = Euler3DTransform)
  2. /home/mdugre/scratch/mri-registration-rp/datasets/ds004513/derivatives/mri-registration-rp/1111/antsRegistration-r7-p20/sub-s035/align_Composite.h5[1] (type = Euler3DTransform)
=============================================================================
  number of levels = 4
  fixed image: /templateflow/tpl-MNI152NLin2009cAsym/tpl-MNI152NLin2009cAsym_res-01_desc-brain_T1w.nii.gz
  moving image: /home/mdugre/scratch/mri-registration-rp/datasets/ds004513/derivatives/mri-registration-rp/antsBrainExtraction/sub-s035/BrainExtractionBrain.nii.gz
Dimension = 3
Number of stages = 1
Use histogram matching = false
Winsorize image intensities = true
  Lower quantile = 0.005
  Upper quantile = 0.995


Stage 1 State
   Image metric = MattesMI
     Fixed image = Image (0x47791e0)
  RTTI typeinfo:   itk::Image<double, 3u>
  Reference Count: 2
  Modified Time: 1578
  Debug: Off
  Object Name: 
  Observers: 
    none
  Source: (none)
  Source output name: (none)
  Release Data: Off
  Data Released: False
  Global Release Data: Off
  PipelineMTime: 0
  UpdateMTime: 1189
  RealTimeStamp: 0 seconds 
  LargestPossibleRegion: 
    Dimension: 3
    Index: [0, 0, 0]
    Size: [193, 229, 193]
  BufferedRegion: 
    Dimension: 3
    Index: [0, 0, 0]
    Size: [193, 229, 193]
  RequestedRegion: 
    Dimension: 3
    Index: [0, 0, 0]
    Size: [193, 229, 193]
  Spacing: [1, 1, 1]
  Origin: [96, 132, -78]
  Direction: 
-1 0 0
0 -1 0
0 0 1

  IndexToPointMatrix: 
-1 0 0
0 -1 0
0 0 1

  PointToIndexMatrix: 
-1 0 0
0 -1 0
0 0 1

  Inverse Direction: 
-1 0 0
0 -1 0
0 0 1

  PixelContainer: 
    ImportImageContainer (0x48386f0)
      RTTI typeinfo:   itk::ImportImageContainer<unsigned long, double>
      Reference Count: 1
      Modified Time: 1186
      Debug: Off
      Object Name: 
      Observers: 
        none
      Pointer: 0x14646f610010
      Container manages memory: true
      Size: 8530021
      Capacity: 8530021

     Moving image = Image (0x4834c90)
  RTTI typeinfo:   itk::Image<double, 3u>
  Reference Count: 2
  Modified Time: 1579
  Debug: Off
  Object Name: 
  Observers: 
    none
  Source: (none)
  Source output name: (none)
  Release Data: Off
  Data Released: False
  Global Release Data: Off
  PipelineMTime: 0
  UpdateMTime: 1576
  RealTimeStamp: 0 seconds 
  LargestPossibleRegion: 
    Dimension: 3
    Index: [0, 0, 0]
    Size: [160, 240, 256]
  BufferedRegion: 
    Dimension: 3
    Index: [0, 0, 0]
    Size: [160, 240, 256]
  RequestedRegion: 
    Dimension: 3
    Index: [0, 0, 0]
    Size: [160, 240, 256]
  Spacing: [1, 1, 1]
  Origin: [98.6437, 87.6359, -117.989]
  Direction: 
-0.993515 -0.100993 -0.0522355
0.100854 -0.994887 0.00530255
-0.0525039 1.93537e-08 0.998621

  IndexToPointMatrix: 
-0.993515 -0.100993 -0.0522355
0.100854 -0.994887 0.00530255
-0.0525039 1.93537e-08 0.998621

  PointToIndexMatrix: 
-0.993515 0.100854 -0.0525039
-0.100993 -0.994887 -5.69969e-07
-0.0522355 0.00530244 0.998621

  Inverse Direction: 
-0.993515 0.100854 -0.0525039
-0.100993 -0.994887 -5.69969e-07
-0.0522355 0.00530244 0.998621

  PixelContainer: 
    ImportImageContainer (0x47f7010)
      RTTI typeinfo:   itk::ImportImageContainer<unsigned long, double>
      Reference Count: 1
      Modified Time: 1573
      Debug: Off
      Object Name: 
      Observers: 
        none
      Pointer: 0x14646ab0f010
      Container manages memory: true
      Size: 9830400
      Capacity: 9830400

     Weighting = 1
     Sampling strategy = regular
     Number of bins = 32
     Radius = 4
     Sampling percentage  = 0.25
   Transform = Rigid
     Gradient step = 0.1
     Update field sigma (voxel space) = 0
     Total field sigma (voxel space) = 0
     Update field time sigma = 0
     Total field time sigma  = 0
     Number of time indices = 0
     Number of time point samples = 0
Registration using 1 total stages.

Stage 0
  iterations = 1000x500x250x100
  convergence threshold = 1e-06
  convergence window size = 10
  number of levels = 4
  using the Mattes MI metric (number of bins = 32, weight = 1, use gradient filter = 0)
  preprocessing:  winsorizing the image intensities
  Shrink factors (level 1 out of 4): [8, 8, 8]
  Shrink factors (level 2 out of 4): [4, 4, 4]
  Shrink factors (level 3 out of 4): [2, 2, 2]
  Shrink factors (level 4 out of 4): [1, 1, 1]
  smoothing sigmas per level: [3, 2, 1, 0]
  regular sampling (percentage = 0.25)

*** Running Euler3DTransform registration ***

DIAGNOSTIC,Iteration,metricValue,convergenceValue,ITERATION_TIME_INDEX,SINCE_LAST
 2DIAGNOSTIC,     1, -5.159990672725e-01, 1.797693134862e+308, 0.0000e+00, 0.0000e+00, 
 2DIAGNOSTIC,     2, -5.183335473592e-01, 1.797693134862e+308, 0.0000e+00, 0.0000e+00, 
 2DIAGNOSTIC,     3, -5.218719335111e-01, 1.797693134862e+308, 0.0000e+00, 0.0000e+00, 
 2DIAGNOSTIC,     4, -5.262630679233e-01, 1.797693134862e+308, 0.0000e+00, 0.0000e+00, 
 2DIAGNOSTIC,     5, -5.313794088640e-01, 1.797693134862e+308, 0.0000e+00, 0.0000e+00, 
 2DIAGNOSTIC,     6, -5.398666724982e-01, 1.797693134862e+308, 0.0000e+00, 0.0000e+00, 
 2DIAGNOSTIC,     7, -5.496134916942e-01, 1.797693134862e+308, 0.0000e+00, 0.0000e+00, 
 2DIAGNOSTIC,     8, -5.546203319169e-01, 1.797693134862e+308, 0.0000e+00, 0.0000e+00, 
 2DIAGNOSTIC,     9, -5.589664389872e-01, 1.797693134862e+308, 0.0000e+00, 0.0000e+00, 
 2DIAGNOSTIC,    10, -5.606597366280e-01, 6.105050397967e-03, 0.0000e+00, 0.0000e+00, 
 2DIAGNOSTIC,    11, -5.619769275970e-01, 5.407652686824e-03, 0.0000e+00, 0.0000e+00, 
 2DIAGNOSTIC,    12, -5.644809972108e-01, 4.552075463409e-03, 0.0000e+00, 0.0000e+00, 
 2DIAGNOSTIC,    13, -5.656373217527e-01, 3.608188264218e-03, 0.0000e+00, 0.0000e+00, 
 2DIAGNOSTIC,    14, -5.658547483539e-01, 2.650349945549e-03, 0.0000e+00, 0.0000e+00, 
 2DIAGNOSTIC,    15, -5.661813442852e-01, 1.770509713861e-03, 0.0000e+00, 0.0000e+00, 
 2DIAGNOSTIC,    16, -5.664149036028e-01, 1.119510026770e-03, 0.0000e+00, 0.0000e+00, 
 2DIAGNOSTIC,    17, -5.665772652807e-01, 7.430566036856e-04, 0.0000e+00, 0.0000e+00, 
 2DIAGNOSTIC,    18, -5.668842852826e-01, 4.907286586517e-04, 0.0000e+00, 0.0000e+00, 
 2DIAGNOSTIC,    19, -5.673090828613e-01, 3.498958861899e-04, 0.0000e+00, 0.0000e+00, 
 2DIAGNOSTIC,    20, -5.692035996214e-01, 2.835360766691e-04, 0.0000e+00, 0.0000e+00, 
 2DIAGNOSTIC,    21, -5.699703345741e-01, 2.459212122261e-04, 0.0000e+00, 0.0000e+00, 
 2DIAGNOSTIC,    22, -5.705017936344e-01, 2.593574073728e-04, 0.0000e+00, 0.0000e+00, 
 2DIAGNOSTIC,    23, -5.710423037699e-01, 2.857349868171e-04, 0.0000e+00, 0.0000e+00, 
 2DIAGNOSTIC,    24, -5.756065072692e-01, 3.847787463836e-04, 0.0000e+00, 0.0000e+00, 
 2DIAGNOSTIC,    25, -5.890396014606e-01, 7.171918512224e-04, 0.0000e+00, 0.0000e+00, 
 2DIAGNOSTIC,    26, -5.906968222186e-01, 9.857700482518e-04, 0.0000e+00, 0.0000e+00, 
 2DIAGNOSTIC,    27, -5.938563709302e-01, 1.206892225530e-03, 0.0000e+00, 0.0000e+00, 
 2DIAGNOSTIC,    28, -5.957251314504e-01, 1.339652299667e-03, 0.0000e+00, 0.0000e+00, 
 2DIAGNOSTIC,    29, -5.973405920004e-01, 1.369333823648e-03, 0.0000e+00, 0.0000e+00, 
 2DIAGNOSTIC,    30, -5.980402256609e-01, 1.307568750639e-03, 0.0000e+00, 0.0000e+00, 
 2DIAGNOSTIC,    31, -5.983473500132e-01, 1.144125172353e-03, 0.0000e+00, 0.0000e+00, 
 2DIAGNOSTIC,    32, -5.986272687130e-01, 8.995503660393e-04, 0.0000e+00, 0.0000e+00, 
 2DIAGNOSTIC,    33, -6.009308669529e-01, 6.289947504760e-04, 0.0000e+00, 0.0000e+00, 
 2DIAGNOSTIC,    34, -6.176123918472e-01, 6.222683648358e-04, 0.0000e+00, 0.0000e+00, 
 2DIAGNOSTIC,    35, -6.270665797147e-01, 8.768327812802e-04, 0.0000e+00, 0.0000e+00, 
 2DIAGNOSTIC,    36, -6.483278584991e-01, 1.347083904463e-03, 0.0000e+00, 0.0000e+00, 
 2DIAGNOSTIC,    37, -6.565914326230e-01, 1.809710135766e-03, 0.0000e+00, 0.0000e+00, 
 2DIAGNOSTIC,    38, -6.583040861961e-01, 2.119791326852e-03, 0.0000e+00, 0.0000e+00, 
 2DIAGNOSTIC,    39, -6.599433170341e-01, 2.252166275256e-03, 0.0000e+00, 0.0000e+00, 
 2DIAGNOSTIC,    40, -6.611732191108e-01, 2.184595058949e-03, 0.0000e+00, 0.0000e+00, 
 2DIAGNOSTIC,    41, -6.652774222250e-01, 1.963809595350e-03, 0.0000e+00, 0.0000e+00, 
 2DIAGNOSTIC,    42, -6.773758924499e-01, 1.710516652037e-03, 0.0000e+00, 0.0000e+00, 
 2DIAGNOSTIC,    43, -6.818830842402e-01, 1.380474667702e-03, 0.0000e+00, 0.0000e+00, 
 2DIAGNOSTIC,    44, -6.826851562993e-01, 1.129852550355e-03, 0.0000e+00, 0.0000e+00, 
 2DIAGNOSTIC,    45, -6.832945909670e-01, 8.888054716484e-04, 0.0000e+00, 0.0000e+00, 
 2DIAGNOSTIC,    46, -6.834884302432e-01, 7.960427438476e-04, 0.0000e+00, 0.0000e+00, 
 2DIAGNOSTIC,    47, -6.840747629036e-01, 7.194777155981e-04, 0.0000e+00, 0.0000e+00, 
 2DIAGNOSTIC,    48, -6.842849910950e-01, 5.960758440364e-04, 0.0000e+00, 0.0000e+00, 
 2DIAGNOSTIC,    49, -6.844206899976e-01, 4.405178799242e-04, 0.0000e+00, 0.0000e+00, 
 2DIAGNOSTIC,    50, -6.844025659459e-01, 2.623916427059e-04, 0.0000e+00, 0.0000e+00, 
 2DIAGNOSTIC,    51, -6.849367521277e-01, 1.074935221741e-04, 0.0000e+00, 0.0000e+00, 
 2DIAGNOSTIC,    52, -6.852107771104e-01, 5.991407675549e-05, 0.0000e+00, 0.0000e+00, 
 2DIAGNOSTIC,    53, -6.852934186574e-01, 4.917572629351e-05, 0.0000e+00, 0.0000e+00, 
 2DIAGNOSTIC,    54, -6.854729515816e-01, 4.276455739521e-05, 0.0000e+00, 0.0000e+00, 
 2DIAGNOSTIC,    55, -6.858239487153e-01, 4.076720161051e-05, 0.0000e+00, 0.0000e+00, 
 2DIAGNOSTIC,    56, -6.859317079505e-01, 3.727776950550e-05, 0.0000e+00, 0.0000e+00, 
 2DIAGNOSTIC,    57, -6.859593439808e-01, 3.536125751727e-05, 0.0000e+00, 0.0000e+00, 
 2DIAGNOSTIC,    58, -6.861946797500e-01, 3.381427230500e-05, 0.0000e+00, 0.0000e+00, 
 2DIAGNOSTIC,    59, -6.867616718722e-01, 3.467309755913e-05, 0.0000e+00, 0.0000e+00, 
 2DIAGNOSTIC,    60, -6.870341800622e-01, 3.395337186752e-05, 0.0000e+00, 0.0000e+00, 
 2DIAGNOSTIC,    61, -6.870675577349e-01, 3.431691005124e-05, 0.0000e+00, 0.0000e+00, 
 2DIAGNOSTIC,    62, -6.870687425201e-01, 3.358502091118e-05, 0.0000e+00, 0.0000e+00, 
 2DIAGNOSTIC,    63, -6.870695464790e-01, 3.031151170630e-05, 0.0000e+00, 0.0000e+00, 
 2DIAGNOSTIC,    64, -6.870691056890e-01, 2.543805660403e-05, 0.0000e+00, 0.0000e+00, 
 2DIAGNOSTIC,    65, -6.870713106713e-01, 2.078703810339e-05, 0.0000e+00, 0.0000e+00, 
 2DIAGNOSTIC,    66, -6.870717137731e-01, 1.516124226235e-05, 0.0000e+00, 0.0000e+00, 
 2DIAGNOSTIC,    67, -6.870733821162e-01, 8.543243331383e-06, 0.0000e+00, 0.0000e+00, 
 2DIAGNOSTIC,    68, -6.870752758617e-01, 2.875428043312e-06, 0.0000e+00, 0.0000e+00, 
DIAGNOSTIC,Iteration,metricValue,convergenceValue,ITERATION_TIME_INDEX,SINCE_LAST
 2DIAGNOSTIC,     1, -5.582499253610e-01, 1.797693134862e+308, 0.0000e+00, 0.0000e+00, 
 2DIAGNOSTIC,     2, -5.584452417520e-01, 1.797693134862e+308, 0.0000e+00, 0.0000e+00, 
 2DIAGNOSTIC,     3, -5.587211723205e-01, 1.797693134862e+308, 0.0000e+00, 0.0000e+00, 
 2DIAGNOSTIC,     4, -5.591394598355e-01, 1.797693134862e+308, 0.0000e+00, 0.0000e+00, 
 2DIAGNOSTIC,     5, -5.596945916020e-01, 1.797693134862e+308, 0.0000e+00, 0.0000e+00, 
 2DIAGNOSTIC,     6, -5.611898140364e-01, 1.797693134862e+308, 0.0000e+00, 0.0000e+00, 
 2DIAGNOSTIC,     7, -5.640978951458e-01, 1.797693134862e+308, 0.0000e+00, 0.0000e+00, 
 2DIAGNOSTIC,     8, -5.658718726517e-01, 1.797693134862e+308, 0.0000e+00, 0.0000e+00, 
 2DIAGNOSTIC,     9, -5.658808324483e-01, 1.797693134862e+308, 0.0000e+00, 0.0000e+00, 
 2DIAGNOSTIC,    10, -5.659450527436e-01, 1.104835120925e-03, 0.0000e+00, 0.0000e+00, 
 2DIAGNOSTIC,    11, -5.660347226264e-01, 1.014011232609e-03, 0.0000e+00, 0.0000e+00, 
 2DIAGNOSTIC,    12, -5.661395106906e-01, 8.580463931902e-04, 0.0000e+00, 0.0000e+00, 
 2DIAGNOSTIC,    13, -5.662379219169e-01, 6.626807645843e-04, 0.0000e+00, 0.0000e+00, 
 2DIAGNOSTIC,    14, -5.664551578057e-01, 4.598769000329e-04, 0.0000e+00, 0.0000e+00, 
 2DIAGNOSTIC,    15, -5.666591920744e-01, 2.685911142615e-04, 0.0000e+00, 0.0000e+00, 
 2DIAGNOSTIC,    16, -5.666710251230e-01, 1.223668276013e-04, 0.0000e+00, 0.0000e+00, 
 2DIAGNOSTIC,    17, -5.666686923537e-01, 6.716578789948e-05, 0.0000e+00, 0.0000e+00, 
 2DIAGNOSTIC,    18, -5.666636724669e-01, 6.171261657636e-05, 0.0000e+00, 0.0000e+00, 
 2DIAGNOSTIC,    19, -5.666517730935e-01, 5.111162627416e-05, 0.0000e+00, 0.0000e+00, 
 2DIAGNOSTIC,    20, -5.666464226084e-01, 3.837165941496e-05, 0.0000e+00, 0.0000e+00, 
 2DIAGNOSTIC,    21, -5.666394381585e-01, 2.542524207236e-05, 0.0000e+00, 0.0000e+00, 
 2DIAGNOSTIC,    22, -5.666344125832e-01, 1.378341057348e-05, 0.0000e+00, 0.0000e+00, 
 2DIAGNOSTIC,    23, -5.666400538651e-01, 4.206401883526e-06, 0.0000e+00, 0.0000e+00, 
DIAGNOSTIC,Iteration,metricValue,convergenceValue,ITERATION_TIME_INDEX,SINCE_LAST
 2DIAGNOSTIC,     1, -5.044817819300e-01, 1.797693134862e+308, 0.0000e+00, 0.0000e+00, 
 2DIAGNOSTIC,     2, -5.045933935526e-01, 1.797693134862e+308, 0.0000e+00, 0.0000e+00, 
 2DIAGNOSTIC,     3, -5.046406689564e-01, 1.797693134862e+308, 0.0000e+00, 0.0000e+00, 
 2DIAGNOSTIC,     4, -5.046596810362e-01, 1.797693134862e+308, 0.0000e+00, 0.0000e+00, 
 2DIAGNOSTIC,     5, -5.046689626920e-01, 1.797693134862e+308, 0.0000e+00, 0.0000e+00, 
 2DIAGNOSTIC,     6, -5.046729113015e-01, 1.797693134862e+308, 0.0000e+00, 0.0000e+00, 
 2DIAGNOSTIC,     7, -5.046640617071e-01, 1.797693134862e+308, 0.0000e+00, 0.0000e+00, 
 2DIAGNOSTIC,     8, -5.046628711820e-01, 1.797693134862e+308, 0.0000e+00, 0.0000e+00, 
 2DIAGNOSTIC,     9, -5.046628213840e-01, 1.797693134862e+308, 0.0000e+00, 0.0000e+00, 
 2DIAGNOSTIC,    10, -5.046621635978e-01, 1.778628153391e-05, 0.0000e+00, 0.0000e+00, 
 2DIAGNOSTIC,    11, -5.046607553375e-01, 7.195020202910e-06, 0.0000e+00, 0.0000e+00, 
 2DIAGNOSTIC,    12, -5.046626513336e-01, 3.272696745993e-06, 0.0000e+00, 0.0000e+00, 
 2DIAGNOSTIC,    13, -5.046620435445e-01, 1.902268255569e-06, 0.0000e+00, 0.0000e+00, 
 2DIAGNOSTIC,    14, -5.046620800255e-01, 1.529820841742e-06, 0.0000e+00, 0.0000e+00, 
 2DIAGNOSTIC,    15, -5.046609207236e-01, 1.572283685886e-06, 0.0000e+00, 0.0000e+00, 
 2DIAGNOSTIC,    16, -5.046620428298e-01, 1.848146548022e-06, 0.0000e+00, 0.0000e+00, 
 2DIAGNOSTIC,    17, -5.046612185660e-01, 1.782432004598e-06, 0.0000e+00, 0.0000e+00, 
 2DIAGNOSTIC,    18, -5.046594575293e-01, 1.639639304808e-06, 0.0000e+00, 0.0000e+00, 
 2DIAGNOSTIC,    19, -5.046591396266e-01, 1.515719534745e-06, 0.0000e+00, 0.0000e+00, 
 2DIAGNOSTIC,    20, -5.046594840249e-01, 1.411328381967e-06, 0.0000e+00, 0.0000e+00, 
 2DIAGNOSTIC,    21, -5.046594220512e-01, 1.291081365144e-06, 0.0000e+00, 0.0000e+00, 
 2DIAGNOSTIC,    22, -5.046594008942e-01, 1.251076816915e-06, 0.0000e+00, 0.0000e+00, 
 2DIAGNOSTIC,    23, -5.046593841885e-01, 1.218555354530e-06, 0.0000e+00, 0.0000e+00, 
 2DIAGNOSTIC,    24, -5.046593633974e-01, 1.205565165238e-06, 0.0000e+00, 0.0000e+00, 
 2DIAGNOSTIC,    25, -5.046591895488e-01, 1.173161436614e-06, 0.0000e+00, 0.0000e+00, 
 2DIAGNOSTIC,    26, -5.046591946822e-01, 1.177051101607e-06, 0.0000e+00, 0.0000e+00, 
 2DIAGNOSTIC,    27, -5.046591965749e-01, 1.168938108011e-06, 0.0000e+00, 0.0000e+00, 
 2DIAGNOSTIC,    28, -5.046591965749e-01, 1.127067330339e-06, 0.0000e+00, 0.0000e+00, 
 2DIAGNOSTIC,    29, -5.046591951918e-01, 1.082559456356e-06, 0.0000e+00, 0.0000e+00, 
 2DIAGNOSTIC,    30, -5.046591938453e-01, 1.048910427841e-06, 0.0000e+00, 0.0000e+00, 
 2DIAGNOSTIC,    31, -5.046591938453e-01, 1.017414028123e-06, 0.0000e+00, 0.0000e+00, 
DIAGNOSTIC,Iteration,metricValue,convergenceValue,ITERATION_TIME_INDEX,SINCE_LAST
 2DIAGNOSTIC,     1, -4.669972667865e-01, 1.797693134862e+308, 0.0000e+00, 0.0000e+00, 
 2DIAGNOSTIC,     2, -4.672069332652e-01, 1.797693134862e+308, 0.0000e+00, 0.0000e+00, 
 2DIAGNOSTIC,     3, -4.673615034355e-01, 1.797693134862e+308, 0.0000e+00, 0.0000e+00, 
 2DIAGNOSTIC,     4, -4.673752293388e-01, 1.797693134862e+308, 0.0000e+00, 0.0000e+00, 
 2DIAGNOSTIC,     5, -4.673799094884e-01, 1.797693134862e+308, 0.0000e+00, 0.0000e+00, 
 2DIAGNOSTIC,     6, -4.673905414566e-01, 1.797693134862e+308, 0.0000e+00, 0.0000e+00, 
 2DIAGNOSTIC,     7, -4.673997402745e-01, 1.797693134862e+308, 0.0000e+00, 0.0000e+00, 
 2DIAGNOSTIC,     8, -4.674040963422e-01, 1.797693134862e+308, 0.0000e+00, 0.0000e+00, 
 2DIAGNOSTIC,     9, -4.674480810678e-01, 1.797693134862e+308, 0.0000e+00, 0.0000e+00, 
 2DIAGNOSTIC,    10, -4.674499081688e-01, 4.614071805457e-05, 0.0000e+00, 0.0000e+00, 
 2DIAGNOSTIC,    11, -4.674501100794e-01, 2.414240800062e-05, 0.0000e+00, 0.0000e+00, 
 2DIAGNOSTIC,    12, -4.674497338934e-01, 1.432606638666e-05, 0.0000e+00, 0.0000e+00, 
 2DIAGNOSTIC,    13, -4.674496616157e-01, 1.217472928643e-05, 0.0000e+00, 0.0000e+00, 
 2DIAGNOSTIC,    14, -4.674497059659e-01, 1.001848272141e-05, 0.0000e+00, 0.0000e+00, 
 2DIAGNOSTIC,    15, -4.674496559714e-01, 7.617052926151e-06, 0.0000e+00, 0.0000e+00, 
 2DIAGNOSTIC,    16, -4.674495760523e-01, 5.431843917075e-06, 0.0000e+00, 0.0000e+00, 
 2DIAGNOSTIC,    17, -4.674495996358e-01, 3.532519727151e-06, 0.0000e+00, 0.0000e+00, 
 2DIAGNOSTIC,    18, -4.674496037823e-01, 1.796366784351e-06, 0.0000e+00, 0.0000e+00, 
 2DIAGNOSTIC,    19, -4.674496037823e-01, 1.646178532384e-06, 0.0000e+00, 0.0000e+00, 
 2DIAGNOSTIC,    20, -4.674496032867e-01, 1.568883613523e-06, 0.0000e+00, 0.0000e+00, 
 2DIAGNOSTIC,    21, -4.674496032867e-01, 1.507200061611e-06, 0.0000e+00, 0.0000e+00, 
 2DIAGNOSTIC,    22, -4.674496032867e-01, 1.441513572439e-06, 0.0000e+00, 0.0000e+00, 
 2DIAGNOSTIC,    23, -4.674495949674e-01, 1.379763536896e-06, 0.0000e+00, 0.0000e+00, 
 2DIAGNOSTIC,    24, -4.674495949674e-01, 1.324648329366e-06, 0.0000e+00, 0.0000e+00, 
 2DIAGNOSTIC,    25, -4.674495949674e-01, 1.272889308568e-06, 0.0000e+00, 0.0000e+00, 
 2DIAGNOSTIC,    26, -4.674495736030e-01, 1.222706407268e-06, 0.0000e+00, 0.0000e+00, 
 2DIAGNOSTIC,    27, -4.674495736030e-01, 1.176880287189e-06, 0.0000e+00, 0.0000e+00, 
 2DIAGNOSTIC,    28, -4.674495736030e-01, 1.134558785018e-06, 0.0000e+00, 0.0000e+00, 
 2DIAGNOSTIC,    29, -4.674495753493e-01, 1.095352296268e-06, 0.0000e+00, 0.0000e+00, 
 2DIAGNOSTIC,    30, -4.674495753493e-01, 1.058915488489e-06, 0.0000e+00, 0.0000e+00, 
 2DIAGNOSTIC,    31, -4.674495753493e-01, 1.024990241176e-06, 0.0000e+00, 0.0000e+00, 
  Elapsed time (stage 0): 0.0000e+00


Total elapsed time: 0.0000e+00
Info [verificarlo]: loaded backend libinterflop_vprec.so
Info [interflop-vprec]: load backend with: 
Info [interflop-vprec]: precision-binary32 = 20
Info [interflop-vprec]: range-binary32 = 7
Info [interflop-vprec]: precision-binary64 = 20
Info [interflop-vprec]: range-binary64 = 7
Info [interflop-vprec]: mode = ob
Info [interflop-vprec]: error-mode = rel
Info [interflop-vprec]: max-abs-error-exponent = -1022
Info [interflop-vprec]: daz = false
Info [interflop-vprec]: ftz = false
Info [interflop-vprec]: 	instrument = none
Info [interflop-vprec]: 	prec-input-file = (null)
Info [interflop-vprec]: 	prec-output-file = (null)
Info [interflop-vprec]: 	prec-log-file = (null)
All_Command_lines_OK
Using double precision for computations.
=============================================================================
The composite transform comprises the following transforms (in order): 
  1. /home/mdugre/scratch/mri-registration-rp/datasets/ds004513/derivatives/mri-registration-rp/1111/antsRegistration-r7-p20/sub-s035/rigid_Composite.h5[0] (type = Euler3DTransform)
  2. /home/mdugre/scratch/mri-registration-rp/datasets/ds004513/derivatives/mri-registration-rp/1111/antsRegistration-r7-p20/sub-s035/rigid_Composite.h5[1] (type = Euler3DTransform)
  3. /home/mdugre/scratch/mri-registration-rp/datasets/ds004513/derivatives/mri-registration-rp/1111/antsRegistration-r7-p20/sub-s035/rigid_Composite.h5[2] (type = Euler3DTransform)
=============================================================================
  number of levels = 4
  fixed image: /templateflow/tpl-MNI152NLin2009cAsym/tpl-MNI152NLin2009cAsym_res-01_desc-brain_T1w.nii.gz
  moving image: /home/mdugre/scratch/mri-registration-rp/datasets/ds004513/derivatives/mri-registration-rp/antsBrainExtraction/sub-s035/BrainExtractionBrain.nii.gz
Dimension = 3
Number of stages = 1
Use histogram matching = false
Winsorize image intensities = true
  Lower quantile = 0.005
  Upper quantile = 0.995


Stage 1 State
   Image metric = MattesMI
     Fixed image = Image (0x3e6e490)
  RTTI typeinfo:   itk::Image<double, 3u>
  Reference Count: 2
  Modified Time: 1592
  Debug: Off
  Object Name: 
  Observers: 
    none
  Source: (none)
  Source output name: (none)
  Release Data: Off
  Data Released: False
  Global Release Data: Off
  PipelineMTime: 0
  UpdateMTime: 1203
  RealTimeStamp: 0 seconds 
  LargestPossibleRegion: 
    Dimension: 3
    Index: [0, 0, 0]
    Size: [193, 229, 193]
  BufferedRegion: 
    Dimension: 3
    Index: [0, 0, 0]
    Size: [193, 229, 193]
  RequestedRegion: 
    Dimension: 3
    Index: [0, 0, 0]
    Size: [193, 229, 193]
  Spacing: [1, 1, 1]
  Origin: [96, 132, -78]
  Direction: 
-1 0 0
0 -1 0
0 0 1

  IndexToPointMatrix: 
-1 0 0
0 -1 0
0 0 1

  PointToIndexMatrix: 
-1 0 0
0 -1 0
0 0 1

  Inverse Direction: 
-1 0 0
0 -1 0
0 0 1

  PixelContainer: 
    ImportImageContainer (0x3ee78b0)
      RTTI typeinfo:   itk::ImportImageContainer<unsigned long, double>
      Reference Count: 1
      Modified Time: 1200
      Debug: Off
      Object Name: 
      Observers: 
        none
      Pointer: 0x14a4d9f64010
      Container manages memory: true
      Size: 8530021
      Capacity: 8530021

     Moving image = Image (0x3f3ca40)
  RTTI typeinfo:   itk::Image<double, 3u>
  Reference Count: 2
  Modified Time: 1593
  Debug: Off
  Object Name: 
  Observers: 
    none
  Source: (none)
  Source output name: (none)
  Release Data: Off
  Data Released: False
  Global Release Data: Off
  PipelineMTime: 0
  UpdateMTime: 1590
  RealTimeStamp: 0 seconds 
  LargestPossibleRegion: 
    Dimension: 3
    Index: [0, 0, 0]
    Size: [160, 240, 256]
  BufferedRegion: 
    Dimension: 3
    Index: [0, 0, 0]
    Size: [160, 240, 256]
  RequestedRegion: 
    Dimension: 3
    Index: [0, 0, 0]
    Size: [160, 240, 256]
  Spacing: [1, 1, 1]
  Origin: [98.6437, 87.6359, -117.989]
  Direction: 
-0.993515 -0.100993 -0.0522355
0.100854 -0.994887 0.00530255
-0.0525039 1.93537e-08 0.998621

  IndexToPointMatrix: 
-0.993515 -0.100993 -0.0522355
0.100854 -0.994887 0.00530255
-0.0525039 1.93537e-08 0.998621

  PointToIndexMatrix: 
-0.993515 0.100854 -0.0525039
-0.100993 -0.994887 -5.69969e-07
-0.0522355 0.00530244 0.998621

  Inverse Direction: 
-0.993515 0.100854 -0.0525039
-0.100993 -0.994887 -5.69969e-07
-0.0522355 0.00530244 0.998621

  PixelContainer: 
    ImportImageContainer (0x3eebd50)
      RTTI typeinfo:   itk::ImportImageContainer<unsigned long, double>
      Reference Count: 1
      Modified Time: 1587
      Debug: Off
      Object Name: 
      Observers: 
        none
      Pointer: 0x14a4d5463010
      Container manages memory: true
      Size: 9830400
      Capacity: 9830400

     Weighting = 1
     Sampling strategy = regular
     Number of bins = 32
     Radius = 4
     Sampling percentage  = 0.25
   Transform = Affine
     Gradient step = 0.1
     Update field sigma (voxel space) = 0
     Total field sigma (voxel space) = 0
     Update field time sigma = 0
     Total field time sigma  = 0
     Number of time indices = 0
     Number of time point samples = 0
Registration using 1 total stages.

Stage 0
  iterations = 1000x500x250x100
  convergence threshold = 1e-06
  convergence window size = 10
  number of levels = 4
  using the Mattes MI metric (number of bins = 32, weight = 1, use gradient filter = 0)
  preprocessing:  winsorizing the image intensities
  Shrink factors (level 1 out of 4): [8, 8, 8]
  Shrink factors (level 2 out of 4): [4, 4, 4]
  Shrink factors (level 3 out of 4): [2, 2, 2]
  Shrink factors (level 4 out of 4): [1, 1, 1]
  smoothing sigmas per level: [3, 2, 1, 0]
  regular sampling (percentage = 0.25)

*** Running AffineTransform registration ***

DIAGNOSTIC,Iteration,metricValue,convergenceValue,ITERATION_TIME_INDEX,SINCE_LAST
 2DIAGNOSTIC,     1, -6.767057253285e-01, 1.797693134862e+308, 0.0000e+00, 0.0000e+00, 
 2DIAGNOSTIC,     2, -6.784891731814e-01, 1.797693134862e+308, 0.0000e+00, 0.0000e+00, 
 2DIAGNOSTIC,     3, -6.819089795594e-01, 1.797693134862e+308, 0.0000e+00, 0.0000e+00, 
 2DIAGNOSTIC,     4, -6.883690070952e-01, 1.797693134862e+308, 0.0000e+00, 0.0000e+00, 
 2DIAGNOSTIC,     5, -7.021271647710e-01, 1.797693134862e+308, 0.0000e+00, 0.0000e+00, 
 2DIAGNOSTIC,     6, -7.142908143590e-01, 1.797693134862e+308, 0.0000e+00, 0.0000e+00, 
 2DIAGNOSTIC,     7, -7.260060625179e-01, 1.797693134862e+308, 0.0000e+00, 0.0000e+00, 
 2DIAGNOSTIC,     8, -7.330526632754e-01, 1.797693134862e+308, 0.0000e+00, 0.0000e+00, 
 2DIAGNOSTIC,     9, -7.368725557690e-01, 1.797693134862e+308, 0.0000e+00, 0.0000e+00, 
 2DIAGNOSTIC,    10, -7.375395602771e-01, 6.724547536023e-03, 0.0000e+00, 0.0000e+00, 
 2DIAGNOSTIC,    11, -7.375648622739e-01, 5.754250199940e-03, 0.0000e+00, 0.0000e+00, 
 2DIAGNOSTIC,    12, -7.376023954600e-01, 4.497953524058e-03, 0.0000e+00, 0.0000e+00, 
 2DIAGNOSTIC,    13, -7.374845475555e-01, 3.137848532887e-03, 0.0000e+00, 0.0000e+00, 
 2DIAGNOSTIC,    14, -7.374280265305e-01, 1.871124505379e-03, 0.0000e+00, 0.0000e+00, 
 2DIAGNOSTIC,    15, -7.376063288136e-01, 9.726044322056e-04, 0.0000e+00, 0.0000e+00, 
 2DIAGNOSTIC,    16, -7.377062337283e-01, 3.986350554745e-04, 0.0000e+00, 0.0000e+00, 
 2DIAGNOSTIC,    17, -7.376395881235e-01, 1.245038733083e-04, 0.0000e+00, 0.0000e+00, 
 2DIAGNOSTIC,    18, -7.375598435026e-01, 2.078604615550e-05, 0.0000e+00, 0.0000e+00, 
 2DIAGNOSTIC,    19, -7.377068076604e-01, 8.382600351596e-06, 0.0000e+00, 0.0000e+00, 
 2DIAGNOSTIC,    20, -7.376380060447e-01, 8.162576432366e-06, 0.0000e+00, 0.0000e+00, 
 2DIAGNOSTIC,    21, -7.376072982171e-01, 7.196548038060e-06, 0.0000e+00, 0.0000e+00, 
 2DIAGNOSTIC,    22, -7.374705844051e-01, 4.185439873960e-06, 0.0000e+00, 0.0000e+00, 
DIAGNOSTIC,Iteration,metricValue,convergenceValue,ITERATION_TIME_INDEX,SINCE_LAST
 2DIAGNOSTIC,     1, -6.100019434968e-01, 1.797693134862e+308, 0.0000e+00, 0.0000e+00, 
 2DIAGNOSTIC,     2, -6.102926980684e-01, 1.797693134862e+308, 0.0000e+00, 0.0000e+00, 
 2DIAGNOSTIC,     3, -6.106002399103e-01, 1.797693134862e+308, 0.0000e+00, 0.0000e+00, 
 2DIAGNOSTIC,     4, -6.110163719027e-01, 1.797693134862e+308, 0.0000e+00, 0.0000e+00, 
 2DIAGNOSTIC,     5, -6.111554969154e-01, 1.797693134862e+308, 0.0000e+00, 0.0000e+00, 
 2DIAGNOSTIC,     6, -6.111570237255e-01, 1.797693134862e+308, 0.0000e+00, 0.0000e+00, 
 2DIAGNOSTIC,     7, -6.111737111234e-01, 1.797693134862e+308, 0.0000e+00, 0.0000e+00, 
 2DIAGNOSTIC,     8, -6.112130624955e-01, 1.797693134862e+308, 0.0000e+00, 0.0000e+00, 
 2DIAGNOSTIC,     9, -6.112312770279e-01, 1.797693134862e+308, 0.0000e+00, 0.0000e+00, 
 2DIAGNOSTIC,    10, -6.112074372228e-01, 1.208584534431e-04, 0.0000e+00, 0.0000e+00, 
 2DIAGNOSTIC,    11, -6.112635408201e-01, 7.401813757396e-05, 0.0000e+00, 0.0000e+00, 
 2DIAGNOSTIC,    12, -6.112312176477e-01, 3.849158452135e-05, 0.0000e+00, 0.0000e+00, 
 2DIAGNOSTIC,    13, -6.112394860727e-01, 1.614617275324e-05, 0.0000e+00, 0.0000e+00, 
 2DIAGNOSTIC,    14, -6.111844880099e-01, 7.623554144839e-06, 0.0000e+00, 0.0000e+00, 
 2DIAGNOSTIC,    15, -6.112010690929e-01, 4.641662152208e-06, 0.0000e+00, 0.0000e+00, 
 2DIAGNOSTIC,    16, -6.111989639026e-01, 1.742756912976e-06, 0.0000e+00, 0.0000e+00, 
DIAGNOSTIC,Iteration,metricValue,convergenceValue,ITERATION_TIME_INDEX,SINCE_LAST
 2DIAGNOSTIC,     1, -5.351112314475e-01, 1.797693134862e+308, 0.0000e+00, 0.0000e+00, 
 2DIAGNOSTIC,     2, -5.354166447287e-01, 1.797693134862e+308, 0.0000e+00, 0.0000e+00, 
 2DIAGNOSTIC,     3, -5.356236414136e-01, 1.797693134862e+308, 0.0000e+00, 0.0000e+00, 
 2DIAGNOSTIC,     4, -5.356629394415e-01, 1.797693134862e+308, 0.0000e+00, 0.0000e+00, 
 2DIAGNOSTIC,     5, -5.356639535459e-01, 1.797693134862e+308, 0.0000e+00, 0.0000e+00, 
 2DIAGNOSTIC,     6, -5.356552995629e-01, 1.797693134862e+308, 0.0000e+00, 0.0000e+00, 
 2DIAGNOSTIC,     7, -5.356571650685e-01, 1.797693134862e+308, 0.0000e+00, 0.0000e+00, 
 2DIAGNOSTIC,     8, -5.356579207131e-01, 1.797693134862e+308, 0.0000e+00, 0.0000e+00, 
 2DIAGNOSTIC,     9, -5.356576027748e-01, 1.797693134862e+308, 0.0000e+00, 0.0000e+00, 
 2DIAGNOSTIC,    10, -5.356562290459e-01, 4.433083611312e-05, 0.0000e+00, 0.0000e+00, 
 2DIAGNOSTIC,    11, -5.356565745135e-01, 1.553862452215e-05, 0.0000e+00, 0.0000e+00, 
 2DIAGNOSTIC,    12, -5.356559681620e-01, 3.648330337419e-06, 0.0000e+00, 0.0000e+00, 
 2DIAGNOSTIC,    13, -5.356551768994e-01, 1.862522709214e-06, 0.0000e+00, 0.0000e+00, 
 2DIAGNOSTIC,    14, -5.356546846086e-01, 1.853024255233e-06, 0.0000e+00, 0.0000e+00, 
 2DIAGNOSTIC,    15, -5.356553912201e-01, 1.954613811944e-06, 0.0000e+00, 0.0000e+00, 
 2DIAGNOSTIC,    16, -5.356548945633e-01, 1.752414002562e-06, 0.0000e+00, 0.0000e+00, 
 2DIAGNOSTIC,    17, -5.356541773979e-01, 1.630924543632e-06, 0.0000e+00, 0.0000e+00, 
 2DIAGNOSTIC,    18, -5.356537668397e-01, 1.556570224312e-06, 0.0000e+00, 0.0000e+00, 
 2DIAGNOSTIC,    19, -5.356545368656e-01, 1.523264661941e-06, 0.0000e+00, 0.0000e+00, 
 2DIAGNOSTIC,    20, -5.356543248676e-01, 1.463235524919e-06, 0.0000e+00, 0.0000e+00, 
 2DIAGNOSTIC,    21, -5.356531199738e-01, 1.399521900397e-06, 0.0000e+00, 0.0000e+00, 
 2DIAGNOSTIC,    22, -5.356530926134e-01, 1.339232605618e-06, 0.0000e+00, 0.0000e+00, 
 2DIAGNOSTIC,    23, -5.356517904490e-01, 1.245992698927e-06, 0.0000e+00, 0.0000e+00, 
 2DIAGNOSTIC,    24, -5.356517324932e-01, 1.160537129868e-06, 0.0000e+00, 0.0000e+00, 
 2DIAGNOSTIC,    25, -5.356518056952e-01, 1.113755878260e-06, 0.0000e+00, 0.0000e+00, 
 2DIAGNOSTIC,    26, -5.356501338624e-01, 1.041780899505e-06, 0.0000e+00, 0.0000e+00, 
 2DIAGNOSTIC,    27, -5.356513506250e-01, 1.003567476600e-06, 0.0000e+00, 0.0000e+00, 
DIAGNOSTIC,Iteration,metricValue,convergenceValue,ITERATION_TIME_INDEX,SINCE_LAST
 2DIAGNOSTIC,     1, -4.913409585961e-01, 1.797693134862e+308, 0.0000e+00, 0.0000e+00, 
 2DIAGNOSTIC,     2, -4.915591905969e-01, 1.797693134862e+308, 0.0000e+00, 0.0000e+00, 
 2DIAGNOSTIC,     3, -4.917847937561e-01, 1.797693134862e+308, 0.0000e+00, 0.0000e+00, 
 2DIAGNOSTIC,     4, -4.919719476383e-01, 1.797693134862e+308, 0.0000e+00, 0.0000e+00, 
 2DIAGNOSTIC,     5, -4.922393702362e-01, 1.797693134862e+308, 0.0000e+00, 0.0000e+00, 
 2DIAGNOSTIC,     6, -4.922522368214e-01, 1.797693134862e+308, 0.0000e+00, 0.0000e+00, 
 2DIAGNOSTIC,     7, -4.923092938996e-01, 1.797693134862e+308, 0.0000e+00, 0.0000e+00, 
 2DIAGNOSTIC,     8, -4.923335712451e-01, 1.797693134862e+308, 0.0000e+00, 0.0000e+00, 
 2DIAGNOSTIC,     9, -4.923389950556e-01, 1.797693134862e+308, 0.0000e+00, 0.0000e+00, 
 2DIAGNOSTIC,    10, -4.923569155958e-01, 1.326871884227e-04, 0.0000e+00, 0.0000e+00, 
 2DIAGNOSTIC,    11, -4.923659617308e-01, 8.783324032884e-05, 0.0000e+00, 0.0000e+00, 
 2DIAGNOSTIC,    12, -4.923686668979e-01, 5.343300740414e-05, 0.0000e+00, 0.0000e+00, 
 2DIAGNOSTIC,    13, -4.923699076361e-01, 2.972026062799e-05, 0.0000e+00, 0.0000e+00, 
 2DIAGNOSTIC,    14, -4.923698867987e-01, 1.436293962938e-05, 0.0000e+00, 0.0000e+00, 
 2DIAGNOSTIC,    15, -4.923701797240e-01, 1.027329469475e-05, 0.0000e+00, 0.0000e+00, 
 2DIAGNOSTIC,    16, -4.923699537136e-01, 6.350613020775e-06, 0.0000e+00, 0.0000e+00, 
 2DIAGNOSTIC,    17, -4.923699582255e-01, 4.412308935123e-06, 0.0000e+00, 0.0000e+00, 
 2DIAGNOSTIC,    18, -4.923698608944e-01, 3.236227916439e-06, 0.0000e+00, 0.0000e+00, 
 2DIAGNOSTIC,    19, -4.923698455012e-01, 2.201155124927e-06, 0.0000e+00, 0.0000e+00, 
 2DIAGNOSTIC,    20, -4.923698390477e-01, 1.731829071830e-06, 0.0000e+00, 0.0000e+00, 
 2DIAGNOSTIC,    21, -4.923698389528e-01, 1.541143072714e-06, 0.0000e+00, 0.0000e+00, 
 2DIAGNOSTIC,    22, -4.923698272180e-01, 1.435293472227e-06, 0.0000e+00, 0.0000e+00, 
 2DIAGNOSTIC,    23, -4.923698328025e-01, 1.371048812697e-06, 0.0000e+00, 0.0000e+00, 
 2DIAGNOSTIC,    24, -4.923698330077e-01, 1.312583596841e-06, 0.0000e+00, 0.0000e+00, 
 2DIAGNOSTIC,    25, -4.923698330077e-01, 1.266932394176e-06, 0.0000e+00, 0.0000e+00, 
 2DIAGNOSTIC,    26, -4.923698330077e-01, 1.220305076509e-06, 0.0000e+00, 0.0000e+00, 
 2DIAGNOSTIC,    27, -4.923698326750e-01, 1.177620548312e-06, 0.0000e+00, 0.0000e+00, 
 2DIAGNOSTIC,    28, -4.923698326750e-01, 1.136076476956e-06, 0.0000e+00, 0.0000e+00, 
 2DIAGNOSTIC,    29, -4.923698326750e-01, 1.097129601592e-06, 0.0000e+00, 0.0000e+00, 
 2DIAGNOSTIC,    30, -4.923698326750e-01, 1.060669438453e-06, 0.0000e+00, 0.0000e+00, 
 2DIAGNOSTIC,    31, -4.923698326750e-01, 1.026571079241e-06, 0.0000e+00, 0.0000e+00, 
