
##########################
# Experiment information #
##########################

EXPERIMENT_NAME: antsRegistration-r8-p8
VFC_BACKENDS: libinterflop_vprec.so --range-binary32=8 --precision-binary32=8 --range-binary64=8 --precision-binary64=8

SIF_IMG: /home/mdugre/projects/rrg-glatard/mdugre/containers/ants-vprec-no_metrics.simg

SUBJECT_ID: s020
INPUT_IMG: /home/mdugre/scratch/mri-registration-rp/datasets/ds004513/derivatives/mri-registration-rp/antsBrainExtraction/sub-s020/BrainExtractionBrain.nii.gz
OUTPUT_DIR: /home/mdugre/scratch/mri-registration-rp/datasets/ds004513/derivatives/mri-registration-rp/0100/antsRegistration-r8-p8/sub-s020

FIXED_IMG: /templateflow/tpl-MNI152NLin2009cAsym/tpl-MNI152NLin2009cAsym_res-01_desc-brain_T1w.nii.gz
DATA_DIR: /home/mdugre/scratch/mri-registration-rp/datasets/ds004513
TEMPLATEFLOW_DIR: /home/mdugre/projects/rrg-glatard/mdugre/templateflow
ITK_GLOBAL_DEFAULT_NUMBER_OF_THREADS: 16
##########################

Info [verificarlo]: loaded backend libinterflop_ieee.so
Info [interflop-ieee]: load backend with:
Info [interflop-ieee]: debug = false
Info [interflop-ieee]: debug-binary = false
Info [interflop-ieee]: no-backend-name = false
Info [interflop-ieee]: print-new-line = false
Info [interflop-ieee]: print-subnormal-normalized = false
Info [interflop-ieee]: count-op = false
All_Command_lines_OK
Using double precision for computations.
=============================================================================
The composite transform comprises the following transforms (in order): 
  1. Center of mass alignment using fixed image: /templateflow/tpl-MNI152NLin2009cAsym/tpl-MNI152NLin2009cAsym_res-01_desc-brain_T1w.nii.gz and moving image: /home/mdugre/scratch/mri-registration-rp/datasets/ds004513/derivatives/mri-registration-rp/antsBrainExtraction/sub-s020/BrainExtractionBrain.nii.gz (type = Euler3DTransform)
=============================================================================
  number of levels = 1
  fixed image: /templateflow/tpl-MNI152NLin2009cAsym/tpl-MNI152NLin2009cAsym_res-01_desc-brain_T1w.nii.gz
  moving image: /home/mdugre/scratch/mri-registration-rp/datasets/ds004513/derivatives/mri-registration-rp/antsBrainExtraction/sub-s020/BrainExtractionBrain.nii.gz
Dimension = 3
Number of stages = 1
Use histogram matching = false
Winsorize image intensities = true
  Lower quantile = 0.005
  Upper quantile = 0.995


Stage 1 State
   Image metric = MattesMI
     Fixed image = Image (0x5189bd0)
  RTTI typeinfo:   itk::Image<double, 3u>
  Reference Count: 2
  Modified Time: 2334
  Debug: Off
  Object Name: 
  Observers: 
    none
  Source: (none)
  Source output name: (none)
  Release Data: Off
  Data Released: False
  Global Release Data: Off
  PipelineMTime: 0
  UpdateMTime: 1943
  RealTimeStamp: 0 seconds 
  LargestPossibleRegion: 
    Dimension: 3
    Index: [0, 0, 0]
    Size: [193, 229, 193]
  BufferedRegion: 
    Dimension: 3
    Index: [0, 0, 0]
    Size: [193, 229, 193]
  RequestedRegion: 
    Dimension: 3
    Index: [0, 0, 0]
    Size: [193, 229, 193]
  Spacing: [1, 1, 1]
  Origin: [96, 132, -78]
  Direction: 
-1 0 0
0 -1 0
0 0 1

  IndexToPointMatrix: 
-1 0 0
0 -1 0
0 0 1

  PointToIndexMatrix: 
-1 0 0
0 -1 0
0 0 1

  Inverse Direction: 
-1 0 0
0 -1 0
0 0 1

  PixelContainer: 
    ImportImageContainer (0x51929e0)
      RTTI typeinfo:   itk::ImportImageContainer<unsigned long, double>
      Reference Count: 1
      Modified Time: 1940
      Debug: Off
      Object Name: 
      Observers: 
        none
      Pointer: 0x151d006fe010
      Container manages memory: true
      Size: 8530021
      Capacity: 8530021

     Moving image = Image (0x5193bd0)
  RTTI typeinfo:   itk::Image<double, 3u>
  Reference Count: 2
  Modified Time: 2335
  Debug: Off
  Object Name: 
  Observers: 
    none
  Source: (none)
  Source output name: (none)
  Release Data: Off
  Data Released: False
  Global Release Data: Off
  PipelineMTime: 0
  UpdateMTime: 2332
  RealTimeStamp: 0 seconds 
  LargestPossibleRegion: 
    Dimension: 3
    Index: [0, 0, 0]
    Size: [160, 240, 256]
  BufferedRegion: 
    Dimension: 3
    Index: [0, 0, 0]
    Size: [160, 240, 256]
  RequestedRegion: 
    Dimension: 3
    Index: [0, 0, 0]
    Size: [160, 240, 256]
  Spacing: [0.999995, 1, 1]
  Origin: [87.0906, 98.7205, -152.377]
  Direction: 
-0.996975 0.0261379 -0.0731913
-0.0260677 -0.999658 -0.00191374
-0.0732163 -2.46403e-08 0.997316

  IndexToPointMatrix: 
-0.996971 0.0261379 -0.0731913
-0.0260676 -0.999658 -0.00191374
-0.0732159 -2.46403e-08 0.997316

  PointToIndexMatrix: 
-0.99698 -0.0260679 -0.0732166
0.0261379 -0.999658 -2.46993e-08
-0.0731913 -0.00191374 0.997316

  Inverse Direction: 
-0.996975 -0.0260677 -0.0732163
0.0261379 -0.999658 -2.46993e-08
-0.0731913 -0.00191374 0.997316

  PixelContainer: 
    ImportImageContainer (0x5319b50)
      RTTI typeinfo:   itk::ImportImageContainer<unsigned long, double>
      Reference Count: 1
      Modified Time: 2329
      Debug: Off
      Object Name: 
      Observers: 
        none
      Pointer: 0x151cfbbfd010
      Container manages memory: true
      Size: 9830400
      Capacity: 9830400

     Weighting = 1
     Sampling strategy = regular
     Number of bins = 32
     Radius = 4
     Sampling percentage  = 0.25
   Transform = Rigid
     Gradient step = 0.1
     Update field sigma (voxel space) = 0
     Total field sigma (voxel space) = 0
     Update field time sigma = 0
     Total field time sigma  = 0
     Number of time indices = 0
     Number of time point samples = 0
Registration using 1 total stages.

Stage 0
  iterations = 0
  convergence threshold = 1e-06
  convergence window size = 10
  number of levels = 1
  using the Mattes MI metric (number of bins = 32, weight = 1, use gradient filter = 0)
  preprocessing:  winsorizing the image intensities
  Shrink factors (level 1 out of 1): [1, 1, 1]
  smoothing sigmas per level: [0]
  regular sampling (percentage = 0.25)

*** Running Euler3DTransform registration ***

  Elapsed time (stage 0): 1.09175


Total elapsed time: 1.09399
Info [verificarlo]: loaded backend libinterflop_vprec.so
Info [interflop-vprec]: load backend with: 
Info [interflop-vprec]: precision-binary32 = 8
Info [interflop-vprec]: range-binary32 = 8
Info [interflop-vprec]: precision-binary64 = 8
Info [interflop-vprec]: range-binary64 = 8
Info [interflop-vprec]: mode = ob
Info [interflop-vprec]: error-mode = rel
Info [interflop-vprec]: max-abs-error-exponent = -1022
Info [interflop-vprec]: daz = false
Info [interflop-vprec]: ftz = false
Info [interflop-vprec]: 	instrument = none
Info [interflop-vprec]: 	prec-input-file = (null)
Info [interflop-vprec]: 	prec-output-file = (null)
Info [interflop-vprec]: 	prec-log-file = (null)
All_Command_lines_OK
Using double precision for computations.
=============================================================================
The composite transform comprises the following transforms (in order): 
  1. /home/mdugre/scratch/mri-registration-rp/datasets/ds004513/derivatives/mri-registration-rp/0100/antsRegistration-r8-p8/sub-s020/align_Composite.h5[0] (type = Euler3DTransform)
  2. /home/mdugre/scratch/mri-registration-rp/datasets/ds004513/derivatives/mri-registration-rp/0100/antsRegistration-r8-p8/sub-s020/align_Composite.h5[1] (type = Euler3DTransform)
=============================================================================
  number of levels = 4
  fixed image: /templateflow/tpl-MNI152NLin2009cAsym/tpl-MNI152NLin2009cAsym_res-01_desc-brain_T1w.nii.gz
  moving image: /home/mdugre/scratch/mri-registration-rp/datasets/ds004513/derivatives/mri-registration-rp/antsBrainExtraction/sub-s020/BrainExtractionBrain.nii.gz
Dimension = 3
Number of stages = 1
Use histogram matching = false
Winsorize image intensities = true
  Lower quantile = 0.005
  Upper quantile = 0.995


Stage 1 State
   Image metric = MattesMI
     Fixed image = Image (0x3b341e0)
  RTTI typeinfo:   itk::Image<double, 3u>
  Reference Count: 2
  Modified Time: 1578
  Debug: Off
  Object Name: 
  Observers: 
    none
  Source: (none)
  Source output name: (none)
  Release Data: Off
  Data Released: False
  Global Release Data: Off
  PipelineMTime: 0
  UpdateMTime: 1189
  RealTimeStamp: 0 seconds 
  LargestPossibleRegion: 
    Dimension: 3
    Index: [0, 0, 0]
    Size: [193, 229, 193]
  BufferedRegion: 
    Dimension: 3
    Index: [0, 0, 0]
    Size: [193, 229, 193]
  RequestedRegion: 
    Dimension: 3
    Index: [0, 0, 0]
    Size: [193, 229, 193]
  Spacing: [1, 1, 1]
  Origin: [96, 132, -78]
  Direction: 
-1 0 0
0 -1 0
0 0 1

  IndexToPointMatrix: 
-1 0 0
0 -1 0
0 0 1

  PointToIndexMatrix: 
-1 0 0
0 -1 0
0 0 1

  Inverse Direction: 
-1 0 0
0 -1 0
0 0 1

  PixelContainer: 
    ImportImageContainer (0x3bf3680)
      RTTI typeinfo:   itk::ImportImageContainer<unsigned long, double>
      Reference Count: 1
      Modified Time: 1186
      Debug: Off
      Object Name: 
      Observers: 
        none
      Pointer: 0x153b28bb0010
      Container manages memory: true
      Size: 8530021
      Capacity: 8530021

     Moving image = Image (0x3befb20)
  RTTI typeinfo:   itk::Image<double, 3u>
  Reference Count: 2
  Modified Time: 1579
  Debug: Off
  Object Name: 
  Observers: 
    none
  Source: (none)
  Source output name: (none)
  Release Data: Off
  Data Released: False
  Global Release Data: Off
  PipelineMTime: 0
  UpdateMTime: 1576
  RealTimeStamp: 0 seconds 
  LargestPossibleRegion: 
    Dimension: 3
    Index: [0, 0, 0]
    Size: [160, 240, 256]
  BufferedRegion: 
    Dimension: 3
    Index: [0, 0, 0]
    Size: [160, 240, 256]
  RequestedRegion: 
    Dimension: 3
    Index: [0, 0, 0]
    Size: [160, 240, 256]
  Spacing: [1, 1, 1]
  Origin: [87, 98.75, -152.5]
  Direction: 
-0.996094 0.0261841 -0.0732422
-0.026062 -1 -0.00191498
-0.0732422 0 0.996094

  IndexToPointMatrix: 
-0.996094 0.0261841 -0.0732422
-0.026062 -1 -0.00191498
-0.0732422 0 0.996094

  PointToIndexMatrix: 
-1.00391 -0.0263062 -0.0737305
0.0262451 -1 3.8147e-06
-0.0737305 -0.00193024 1

  Inverse Direction: 
-1.00391 -0.0263062 -0.0737305
0.0262451 -1 3.8147e-06
-0.0737305 -0.00193024 1

  PixelContainer: 
    ImportImageContainer (0x3c58d50)
      RTTI typeinfo:   itk::ImportImageContainer<unsigned long, double>
      Reference Count: 1
      Modified Time: 1573
      Debug: Off
      Object Name: 
      Observers: 
        none
      Pointer: 0x153b240af010
      Container manages memory: true
      Size: 9830400
      Capacity: 9830400

     Weighting = 1
     Sampling strategy = regular
     Number of bins = 32
     Radius = 4
     Sampling percentage  = 0.25
   Transform = Rigid
     Gradient step = 0.1
     Update field sigma (voxel space) = 0
     Total field sigma (voxel space) = 0
     Update field time sigma = 0
     Total field time sigma  = 0
     Number of time indices = 0
     Number of time point samples = 0
Registration using 1 total stages.

Stage 0
  iterations = 1000x500x250x100
  convergence threshold = 1e-06
  convergence window size = 10
  number of levels = 4
  using the Mattes MI metric (number of bins = 32, weight = 1, use gradient filter = 0)
  preprocessing:  winsorizing the image intensities
  Shrink factors (level 1 out of 4): [8, 8, 8]
  Shrink factors (level 2 out of 4): [4, 4, 4]
  Shrink factors (level 3 out of 4): [2, 2, 2]
  Shrink factors (level 4 out of 4): [1, 1, 1]
  smoothing sigmas per level: [3, 2, 1, 0]
  regular sampling (percentage = 0.25)

*** Running Euler3DTransform registration ***

DIAGNOSTIC,Iteration,metricValue,convergenceValue,ITERATION_TIME_INDEX,SINCE_LAST
 2DIAGNOSTIC,     1, -4.105977041046e-01, 1.797693134862e+308, 0.0000e+00, 0.0000e+00, 
 2DIAGNOSTIC,     2, -4.111168792738e-01, 1.797693134862e+308, 0.0000e+00, 0.0000e+00, 
 2DIAGNOSTIC,     3, -4.117660197772e-01, 1.797693134862e+308, 0.0000e+00, 0.0000e+00, 
 2DIAGNOSTIC,     4, -4.126125415097e-01, 1.797693134862e+308, 0.0000e+00, 0.0000e+00, 
 2DIAGNOSTIC,     5, -4.123133684520e-01, 1.797693134862e+308, 0.0000e+00, 0.0000e+00, 
 2DIAGNOSTIC,     6, -4.122237314748e-01, 1.797693134862e+308, 0.0000e+00, 0.0000e+00, 
 2DIAGNOSTIC,     7, -4.122935887007e-01, 1.797693134862e+308, 0.0000e+00, 0.0000e+00, 
 2DIAGNOSTIC,     8, -4.121072680462e-01, 1.797693134862e+308, 0.0000e+00, 0.0000e+00, 
 2DIAGNOSTIC,     9, -4.121671295855e-01, 1.797693134862e+308, 0.0000e+00, 0.0000e+00, 
 2DIAGNOSTIC,    10, -4.122012081814e-01, 1.793244390388e-04, 0.0000e+00, 0.0000e+00, 
 2DIAGNOSTIC,    11, -4.121577545406e-01, 6.426273297953e-05, 0.0000e+00, 0.0000e+00, 
DIAGNOSTIC,Iteration,metricValue,convergenceValue,ITERATION_TIME_INDEX,SINCE_LAST
 2DIAGNOSTIC,     1, -3.172995564445e-01, 1.797693134862e+308, 0.0000e+00, 0.0000e+00, 
 2DIAGNOSTIC,     2, -3.178993702946e-01, 1.797693134862e+308, 0.0000e+00, 0.0000e+00, 
 2DIAGNOSTIC,     3, -3.182580788909e-01, 1.797693134862e+308, 0.0000e+00, 0.0000e+00, 
 2DIAGNOSTIC,     4, -3.187952233597e-01, 1.797693134862e+308, 0.0000e+00, 0.0000e+00, 
 2DIAGNOSTIC,     5, -3.210647244696e-01, 1.797693134862e+308, 0.0000e+00, 0.0000e+00, 
 2DIAGNOSTIC,     6, -3.225472006848e-01, 1.797693134862e+308, 0.0000e+00, 0.0000e+00, 
 2DIAGNOSTIC,     7, -3.251665833272e-01, 1.797693134862e+308, 0.0000e+00, 0.0000e+00, 
 2DIAGNOSTIC,     8, -3.312415661401e-01, 1.797693134862e+308, 0.0000e+00, 0.0000e+00, 
 2DIAGNOSTIC,     9, -3.424736860897e-01, 1.797693134862e+308, 0.0000e+00, 0.0000e+00, 
 2DIAGNOSTIC,    10, -3.568791901166e-01, 6.379325807919e-03, 0.0000e+00, 0.0000e+00, 
 2DIAGNOSTIC,    11, -3.893352266497e-01, 9.865101433823e-03, 0.0000e+00, 0.0000e+00, 
 2DIAGNOSTIC,    12, -4.201121568856e-01, 1.386300482087e-02, 0.0000e+00, 0.0000e+00, 
 2DIAGNOSTIC,    13, -4.200022175293e-01, 1.587667224585e-02, 0.0000e+00, 0.0000e+00, 
 2DIAGNOSTIC,    14, -4.209046759374e-01, 1.624276563147e-02, 0.0000e+00, 0.0000e+00, 
 2DIAGNOSTIC,    15, -4.221287701869e-01, 1.527792425596e-02, 0.0000e+00, 0.0000e+00, 
 2DIAGNOSTIC,    16, -4.215905056466e-01, 1.309079304616e-02, 0.0000e+00, 0.0000e+00, 
 2DIAGNOSTIC,    17, -4.213721290140e-01, 1.010234358968e-02, 0.0000e+00, 0.0000e+00, 
 2DIAGNOSTIC,    18, -4.212903053149e-01, 6.838706690018e-03, 0.0000e+00, 0.0000e+00, 
 2DIAGNOSTIC,    19, -4.210347334267e-01, 3.799523679726e-03, 0.0000e+00, 0.0000e+00, 
 2DIAGNOSTIC,    20, -4.219696307107e-01, 1.316108520211e-03, 0.0000e+00, 0.0000e+00, 
 2DIAGNOSTIC,    21, -4.220181116980e-01, 1.188200782160e-04, 0.0000e+00, 0.0000e+00, 
 2DIAGNOSTIC,    22, -4.220369994666e-01, 8.994619946499e-05, 0.0000e+00, 0.0000e+00, 
 2DIAGNOSTIC,    23, -4.220385286222e-01, 5.189962664032e-05, 0.0000e+00, 0.0000e+00, 
 2DIAGNOSTIC,    24, -4.220007652563e-01, 3.805794780530e-05, 0.0000e+00, 0.0000e+00, 
 2DIAGNOSTIC,    25, -4.220007652563e-01, 5.830257045038e-05, 0.0000e+00, 0.0000e+00, 
 2DIAGNOSTIC,    26, -4.220007652563e-01, 5.591503364274e-05, 0.0000e+00, 0.0000e+00, 
 2DIAGNOSTIC,    27, -4.220007652563e-01, 4.286994795152e-05, 0.0000e+00, 0.0000e+00, 
 2DIAGNOSTIC,    28, -4.220007652563e-01, 2.516849489160e-05, 0.0000e+00, 0.0000e+00, 
DIAGNOSTIC,Iteration,metricValue,convergenceValue,ITERATION_TIME_INDEX,SINCE_LAST
 2DIAGNOSTIC,     1, -3.564946145197e-01, 1.797693134862e+308, 0.0000e+00, 0.0000e+00, 
 2DIAGNOSTIC,     2, -3.567444733815e-01, 1.797693134862e+308, 0.0000e+00, 0.0000e+00, 
 2DIAGNOSTIC,     3, -3.567219167547e-01, 1.797693134862e+308, 0.0000e+00, 0.0000e+00, 
 2DIAGNOSTIC,     4, -3.558094247240e-01, 1.797693134862e+308, 0.0000e+00, 0.0000e+00, 
 2DIAGNOSTIC,     5, -3.558156368190e-01, 1.797693134862e+308, 0.0000e+00, 0.0000e+00, 
 2DIAGNOSTIC,     6, -3.559507489138e-01, 1.797693134862e+308, 0.0000e+00, 0.0000e+00, 
 2DIAGNOSTIC,     7, -3.559239528686e-01, 1.797693134862e+308, 0.0000e+00, 0.0000e+00, 
 2DIAGNOSTIC,     8, -3.558926085157e-01, 1.797693134862e+308, 0.0000e+00, 0.0000e+00, 
 2DIAGNOSTIC,     9, -3.558816378116e-01, 1.797693134862e+308, 0.0000e+00, 0.0000e+00, 
DIAGNOSTIC,Iteration,metricValue,convergenceValue,ITERATION_TIME_INDEX,SINCE_LAST
 2DIAGNOSTIC,     1, -3.278931287634e-01, 1.797693134862e+308, 0.0000e+00, 0.0000e+00, 
 2DIAGNOSTIC,     2, -3.272441729330e-01, 1.797693134862e+308, 0.0000e+00, 0.0000e+00, 
 2DIAGNOSTIC,     3, -3.272975777863e-01, 1.797693134862e+308, 0.0000e+00, 0.0000e+00, 
 2DIAGNOSTIC,     4, -3.274181945333e-01, 1.797693134862e+308, 0.0000e+00, 0.0000e+00, 
 2DIAGNOSTIC,     5, -3.274322427364e-01, 1.797693134862e+308, 0.0000e+00, 0.0000e+00, 
 2DIAGNOSTIC,     6, -3.272982678611e-01, 1.797693134862e+308, 0.0000e+00, 0.0000e+00, 
 2DIAGNOSTIC,     7, -3.273072426607e-01, 1.797693134862e+308, 0.0000e+00, 0.0000e+00, 
 2DIAGNOSTIC,     8, -3.273072426607e-01, 1.797693134862e+308, 0.0000e+00, 0.0000e+00, 
 2DIAGNOSTIC,     9, -3.273032712226e-01, 1.797693134862e+308, 0.0000e+00, 0.0000e+00, 
  Elapsed time (stage 0): 0.0000e+00


Total elapsed time: 0.0000e+00
Info [verificarlo]: loaded backend libinterflop_ieee.so
Info [interflop-ieee]: load backend with:
Info [interflop-ieee]: debug = false
Info [interflop-ieee]: debug-binary = false
Info [interflop-ieee]: no-backend-name = false
Info [interflop-ieee]: print-new-line = false
Info [interflop-ieee]: print-subnormal-normalized = false
Info [interflop-ieee]: count-op = false
All_Command_lines_OK
Using double precision for computations.
=============================================================================
The composite transform comprises the following transforms (in order): 
  1. /home/mdugre/scratch/mri-registration-rp/datasets/ds004513/derivatives/mri-registration-rp/0100/antsRegistration-r8-p8/sub-s020/rigid_Composite.h5[0] (type = Euler3DTransform)
  2. /home/mdugre/scratch/mri-registration-rp/datasets/ds004513/derivatives/mri-registration-rp/0100/antsRegistration-r8-p8/sub-s020/rigid_Composite.h5[1] (type = Euler3DTransform)
  3. /home/mdugre/scratch/mri-registration-rp/datasets/ds004513/derivatives/mri-registration-rp/0100/antsRegistration-r8-p8/sub-s020/rigid_Composite.h5[2] (type = Euler3DTransform)
=============================================================================
  number of levels = 4
  fixed image: /templateflow/tpl-MNI152NLin2009cAsym/tpl-MNI152NLin2009cAsym_res-01_desc-brain_T1w.nii.gz
  moving image: /home/mdugre/scratch/mri-registration-rp/datasets/ds004513/derivatives/mri-registration-rp/antsBrainExtraction/sub-s020/BrainExtractionBrain.nii.gz
Dimension = 3
Number of stages = 1
Use histogram matching = false
Winsorize image intensities = true
  Lower quantile = 0.005
  Upper quantile = 0.995


Stage 1 State
   Image metric = MattesMI
     Fixed image = Image (0x394f530)
  RTTI typeinfo:   itk::Image<double, 3u>
  Reference Count: 2
  Modified Time: 1594
  Debug: Off
  Object Name: 
  Observers: 
    none
  Source: (none)
  Source output name: (none)
  Release Data: Off
  Data Released: False
  Global Release Data: Off
  PipelineMTime: 0
  UpdateMTime: 1203
  RealTimeStamp: 0 seconds 
  LargestPossibleRegion: 
    Dimension: 3
    Index: [0, 0, 0]
    Size: [193, 229, 193]
  BufferedRegion: 
    Dimension: 3
    Index: [0, 0, 0]
    Size: [193, 229, 193]
  RequestedRegion: 
    Dimension: 3
    Index: [0, 0, 0]
    Size: [193, 229, 193]
  Spacing: [1, 1, 1]
  Origin: [96, 132, -78]
  Direction: 
-1 0 0
0 -1 0
0 0 1

  IndexToPointMatrix: 
-1 0 0
0 -1 0
0 0 1

  PointToIndexMatrix: 
-1 0 0
0 -1 0
0 0 1

  Inverse Direction: 
-1 0 0
0 -1 0
0 0 1

  PixelContainer: 
    ImportImageContainer (0x395c2b0)
      RTTI typeinfo:   itk::ImportImageContainer<unsigned long, double>
      Reference Count: 1
      Modified Time: 1200
      Debug: Off
      Object Name: 
      Observers: 
        none
      Pointer: 0x14762a3f1010
      Container manages memory: true
      Size: 8530021
      Capacity: 8530021

     Moving image = Image (0x3a0afd0)
  RTTI typeinfo:   itk::Image<double, 3u>
  Reference Count: 2
  Modified Time: 1595
  Debug: Off
  Object Name: 
  Observers: 
    none
  Source: (none)
  Source output name: (none)
  Release Data: Off
  Data Released: False
  Global Release Data: Off
  PipelineMTime: 0
  UpdateMTime: 1592
  RealTimeStamp: 0 seconds 
  LargestPossibleRegion: 
    Dimension: 3
    Index: [0, 0, 0]
    Size: [160, 240, 256]
  BufferedRegion: 
    Dimension: 3
    Index: [0, 0, 0]
    Size: [160, 240, 256]
  RequestedRegion: 
    Dimension: 3
    Index: [0, 0, 0]
    Size: [160, 240, 256]
  Spacing: [0.999995, 1, 1]
  Origin: [87.0906, 98.7205, -152.377]
  Direction: 
-0.996975 0.0261379 -0.0731913
-0.0260677 -0.999658 -0.00191374
-0.0732163 -2.46403e-08 0.997316

  IndexToPointMatrix: 
-0.996971 0.0261379 -0.0731913
-0.0260676 -0.999658 -0.00191374
-0.0732159 -2.46403e-08 0.997316

  PointToIndexMatrix: 
-0.99698 -0.0260679 -0.0732166
0.0261379 -0.999658 -2.46993e-08
-0.0731913 -0.00191374 0.997316

  Inverse Direction: 
-0.996975 -0.0260677 -0.0732163
0.0261379 -0.999658 -2.46993e-08
-0.0731913 -0.00191374 0.997316

  PixelContainer: 
    ImportImageContainer (0x3aa6650)
      RTTI typeinfo:   itk::ImportImageContainer<unsigned long, double>
      Reference Count: 1
      Modified Time: 1589
      Debug: Off
      Object Name: 
      Observers: 
        none
      Pointer: 0x1476258f0010
      Container manages memory: true
      Size: 9830400
      Capacity: 9830400

     Weighting = 1
     Sampling strategy = regular
     Number of bins = 32
     Radius = 4
     Sampling percentage  = 0.25
   Transform = Affine
     Gradient step = 0.1
     Update field sigma (voxel space) = 0
     Total field sigma (voxel space) = 0
     Update field time sigma = 0
     Total field time sigma  = 0
     Number of time indices = 0
     Number of time point samples = 0
Registration using 1 total stages.

Stage 0
  iterations = 1000x500x250x100
  convergence threshold = 1e-06
  convergence window size = 10
  number of levels = 4
  using the Mattes MI metric (number of bins = 32, weight = 1, use gradient filter = 0)
  preprocessing:  winsorizing the image intensities
  Shrink factors (level 1 out of 4): [8, 8, 8]
  Shrink factors (level 2 out of 4): [4, 4, 4]
  Shrink factors (level 3 out of 4): [2, 2, 2]
  Shrink factors (level 4 out of 4): [1, 1, 1]
  smoothing sigmas per level: [3, 2, 1, 0]
  regular sampling (percentage = 0.25)

*** Running AffineTransform registration ***

DIAGNOSTIC,Iteration,metricValue,convergenceValue,ITERATION_TIME_INDEX,SINCE_LAST
 2DIAGNOSTIC,     1, -5.147972716283e-01, 1.797693134862e+308, 8.0187e-01, 8.0187e-01, 
 2DIAGNOSTIC,     2, -5.164853564585e-01, 1.797693134862e+308, 8.0615e-01, 4.2839e-03, 
 2DIAGNOSTIC,     3, -5.190583907341e-01, 1.797693134862e+308, 8.1057e-01, 4.4191e-03, 
 2DIAGNOSTIC,     4, -5.228443520040e-01, 1.797693134862e+308, 8.1453e-01, 3.9551e-03, 
 2DIAGNOSTIC,     5, -5.293960166124e-01, 1.797693134862e+308, 8.1864e-01, 4.1120e-03, 
 2DIAGNOSTIC,     6, -5.394744676585e-01, 1.797693134862e+308, 8.2266e-01, 4.0200e-03, 
 2DIAGNOSTIC,     7, -5.607240335769e-01, 1.797693134862e+308, 8.2743e-01, 4.7679e-03, 
 2DIAGNOSTIC,     8, -6.354293094643e-01, 1.797693134862e+308, 8.3219e-01, 4.7600e-03, 
 2DIAGNOSTIC,     9, -6.765002187671e-01, 1.797693134862e+308, 8.3937e-01, 7.1800e-03, 
 2DIAGNOSTIC,    10, -6.840476949194e-01, 2.045568753906e-02, 8.4388e-01, 4.5140e-03, 
 2DIAGNOSTIC,    11, -7.120803990201e-01, 2.219706223214e-02, 8.4850e-01, 4.6189e-03, 
 2DIAGNOSTIC,    12, -7.566238508252e-01, 2.330969182340e-02, 8.5300e-01, 4.5009e-03, 
 2DIAGNOSTIC,    13, -7.731867455306e-01, 2.270871001660e-02, 8.5746e-01, 4.4582e-03, 
 2DIAGNOSTIC,    14, -8.028530238934e-01, 2.120274383915e-02, 8.6330e-01, 5.8451e-03, 
 2DIAGNOSTIC,    15, -8.125231665788e-01, 1.854102278497e-02, 8.6916e-01, 5.8591e-03, 
 2DIAGNOSTIC,    16, -8.218724240924e-01, 1.516170639073e-02, 8.7515e-01, 5.9819e-03, 
 2DIAGNOSTIC,    17, -8.247289450075e-01, 1.145960902868e-02, 8.7970e-01, 4.5500e-03, 
 2DIAGNOSTIC,    18, -8.394575594265e-01, 9.299700563587e-03, 8.8428e-01, 4.5829e-03, 
 2DIAGNOSTIC,    19, -8.502385863409e-01, 7.709022844513e-03, 8.8894e-01, 4.6632e-03, 
 2DIAGNOSTIC,    20, -8.517200225371e-01, 5.785972374145e-03, 8.9369e-01, 4.7460e-03, 
 2DIAGNOSTIC,    21, -8.545803297657e-01, 4.146169428916e-03, 8.9899e-01, 5.3022e-03, 
 2DIAGNOSTIC,    22, -8.589531978465e-01, 3.203762438551e-03, 9.0714e-01, 8.1501e-03, 
 2DIAGNOSTIC,    23, -8.588836090393e-01, 2.334649195068e-03, 9.1201e-01, 4.8709e-03, 
 2DIAGNOSTIC,    24, -8.589308236762e-01, 1.823056995483e-03, 9.1695e-01, 4.9379e-03, 
 2DIAGNOSTIC,    25, -8.586969934292e-01, 1.339232618872e-03, 9.2183e-01, 4.8831e-03, 
 2DIAGNOSTIC,    26, -8.584531033862e-01, 9.145933993151e-04, 9.2672e-01, 4.8931e-03, 
 2DIAGNOSTIC,    27, -8.582147387502e-01, 4.741083467750e-04, 9.3165e-01, 4.9272e-03, 
 2DIAGNOSTIC,    28, -8.579817659477e-01, 2.223151673748e-04, 9.3616e-01, 4.5130e-03, 
 2DIAGNOSTIC,    29, -8.579017861672e-01, 1.124155728585e-04, 9.4201e-01, 5.8429e-03, 
 2DIAGNOSTIC,    30, -8.579183159843e-01, 1.919516519019e-05, 9.4647e-01, 4.4630e-03, 
DIAGNOSTIC,Iteration,metricValue,convergenceValue,ITERATION_TIME_INDEX,SINCE_LAST
 2DIAGNOSTIC,     1, -7.192457653267e-01, 1.797693134862e+308, 1.6582e+00, 7.1170e-01, 
 2DIAGNOSTIC,     2, -7.196830915152e-01, 1.797693134862e+308, 1.7053e+00, 4.7116e-02, 
 2DIAGNOSTIC,     3, -7.198635899116e-01, 1.797693134862e+308, 1.7689e+00, 6.3627e-02, 
 2DIAGNOSTIC,     4, -7.198747394274e-01, 1.797693134862e+308, 1.8074e+00, 3.8517e-02, 
 2DIAGNOSTIC,     5, -7.198480530181e-01, 1.797693134862e+308, 1.8488e+00, 4.1356e-02, 
 2DIAGNOSTIC,     6, -7.198551003959e-01, 1.797693134862e+308, 1.8846e+00, 3.5820e-02, 
 2DIAGNOSTIC,     7, -7.198469764068e-01, 1.797693134862e+308, 1.9161e+00, 3.1511e-02, 
 2DIAGNOSTIC,     8, -7.198423253260e-01, 1.797693134862e+308, 1.9562e+00, 4.0131e-02, 
 2DIAGNOSTIC,     9, -7.198345445864e-01, 1.797693134862e+308, 1.9969e+00, 4.0697e-02, 
 2DIAGNOSTIC,    10, -7.198120241240e-01, 2.970936191339e-05, 2.0338e+00, 3.6840e-02, 
 2DIAGNOSTIC,    11, -7.198054692630e-01, 4.510651886697e-06, 2.0696e+00, 3.5821e-02, 
DIAGNOSTIC,Iteration,metricValue,convergenceValue,ITERATION_TIME_INDEX,SINCE_LAST
 2DIAGNOSTIC,     1, -5.961490560271e-01, 1.797693134862e+308, 3.1540e+00, 1.0844e+00, 
 2DIAGNOSTIC,     2, -5.964481711811e-01, 1.797693134862e+308, 3.3860e+00, 2.3201e-01, 
 2DIAGNOSTIC,     3, -5.966798159498e-01, 1.797693134862e+308, 3.6520e+00, 2.6594e-01, 
 2DIAGNOSTIC,     4, -5.968539413294e-01, 1.797693134862e+308, 3.9093e+00, 2.5734e-01, 
 2DIAGNOSTIC,     5, -5.970823592092e-01, 1.797693134862e+308, 4.2065e+00, 2.9718e-01, 
 2DIAGNOSTIC,     6, -5.971835272081e-01, 1.797693134862e+308, 4.4785e+00, 2.7199e-01, 
 2DIAGNOSTIC,     7, -5.972705844070e-01, 1.797693134862e+308, 4.8269e+00, 3.4841e-01, 
 2DIAGNOSTIC,     8, -5.972718314277e-01, 1.797693134862e+308, 5.1257e+00, 2.9885e-01, 
 2DIAGNOSTIC,     9, -5.972735493597e-01, 1.797693134862e+308, 5.4535e+00, 3.2780e-01, 
 2DIAGNOSTIC,    10, -5.972709185093e-01, 1.207694912355e-04, 5.7510e+00, 2.9743e-01, 
 2DIAGNOSTIC,    11, -5.972725535531e-01, 7.812357893890e-05, 6.0475e+00, 2.9653e-01, 
 2DIAGNOSTIC,    12, -5.972712149653e-01, 4.754874157645e-05, 6.3316e+00, 2.8409e-01, 
 2DIAGNOSTIC,    13, -5.972715586891e-01, 2.608719146220e-05, 6.6104e+00, 2.7877e-01, 
 2DIAGNOSTIC,    14, -5.972721693919e-01, 1.135335915485e-05, 6.8851e+00, 2.7470e-01, 
 2DIAGNOSTIC,    15, -5.972720929647e-01, 4.943894094486e-06, 7.1618e+00, 2.7670e-01, 
 2DIAGNOSTIC,    16, -5.972727590495e-01, 2.033757283526e-06, 7.4629e+00, 3.0112e-01, 
 2DIAGNOSTIC,    17, -5.972706522181e-01, 1.839090349204e-06, 7.7616e+00, 2.9866e-01, 
 2DIAGNOSTIC,    18, -5.972679484692e-01, 1.630814876065e-06, 8.0030e+00, 2.4141e-01, 
 2DIAGNOSTIC,    19, -5.972791372372e-01, 1.783607277858e-06, 8.2846e+00, 2.8165e-01, 
 2DIAGNOSTIC,    20, -5.972764934762e-01, 1.774811429614e-06, 8.5318e+00, 2.4720e-01, 
 2DIAGNOSTIC,    21, -5.972789024115e-01, 1.846269902711e-06, 8.8047e+00, 2.7294e-01, 
 2DIAGNOSTIC,    22, -5.972769908266e-01, 1.812620975747e-06, 9.0599e+00, 2.5512e-01, 
 2DIAGNOSTIC,    23, -5.972769140498e-01, 1.754065103443e-06, 9.3264e+00, 2.6649e-01, 
 2DIAGNOSTIC,    24, -5.972779289920e-01, 1.694424219725e-06, 9.5935e+00, 2.6719e-01, 
 2DIAGNOSTIC,    25, -5.972800530239e-01, 1.640938847400e-06, 9.9523e+00, 3.5872e-01, 
 2DIAGNOSTIC,    26, -5.972811213247e-01, 1.591190674569e-06, 1.0252e+01, 3.0020e-01, 
 2DIAGNOSTIC,    27, -5.972793118092e-01, 1.445085149286e-06, 1.0527e+01, 2.7490e-01, 
 2DIAGNOSTIC,    28, -5.972772564489e-01, 1.199807759561e-06, 1.0767e+01, 2.3947e-01, 
 2DIAGNOSTIC,    29, -5.972779798979e-01, 1.162643242153e-06, 1.1012e+01, 2.4544e-01, 
 2DIAGNOSTIC,    30, -5.972767208127e-01, 1.056481637590e-06, 1.1278e+01, 2.6583e-01, 
 2DIAGNOSTIC,    31, -5.972776181364e-01, 1.009271635169e-06, 1.1547e+01, 2.6896e-01, 
DIAGNOSTIC,Iteration,metricValue,convergenceValue,ITERATION_TIME_INDEX,SINCE_LAST
 2DIAGNOSTIC,     1, -5.293428383760e-01, 1.797693134862e+308, 1.4371e+01, 2.8237e+00, 
 2DIAGNOSTIC,     2, -5.296784197801e-01, 1.797693134862e+308, 1.6205e+01, 1.8342e+00, 
 2DIAGNOSTIC,     3, -5.299840652118e-01, 1.797693134862e+308, 1.7963e+01, 1.7577e+00, 
 2DIAGNOSTIC,     4, -5.303072145621e-01, 1.797693134862e+308, 1.9816e+01, 1.8534e+00, 
 2DIAGNOSTIC,     5, -5.305570136219e-01, 1.797693134862e+308, 2.1580e+01, 1.7643e+00, 
 2DIAGNOSTIC,     6, -5.313997927199e-01, 1.797693134862e+308, 2.5024e+01, 3.4439e+00, 
 2DIAGNOSTIC,     7, -5.314048021160e-01, 1.797693134862e+308, 2.9126e+01, 4.1019e+00, 
 2DIAGNOSTIC,     8, -5.314048966284e-01, 1.797693134862e+308, 3.0925e+01, 1.7993e+00, 
 2DIAGNOSTIC,     9, -5.314046980552e-01, 1.797693134862e+308, 3.3048e+01, 2.1226e+00, 
 2DIAGNOSTIC,    10, -5.314047374319e-01, 2.826987844868e-04, 3.5298e+01, 2.2504e+00, 
 2DIAGNOSTIC,    11, -5.314045692457e-01, 2.041589112233e-04, 3.7314e+01, 2.0159e+00, 
 2DIAGNOSTIC,    12, -5.314044987126e-01, 1.354691072475e-04, 3.9423e+01, 2.1087e+00, 
 2DIAGNOSTIC,    13, -5.314044281327e-01, 7.825923619209e-05, 4.1522e+01, 2.0989e+00, 
 2DIAGNOSTIC,    14, -5.314043831616e-01, 3.481785641905e-05, 4.3501e+01, 1.9794e+00, 
 2DIAGNOSTIC,    15, -5.314043544715e-01, 2.256249720042e-06, 4.5797e+01, 2.2962e+00, 
 2DIAGNOSTIC,    16, -5.314042703487e-01, 1.943543692193e-06, 4.7883e+01, 2.0852e+00, 
 2DIAGNOSTIC,    17, -5.314041862246e-01, 1.826955127557e-06, 4.9669e+01, 1.7862e+00, 
 2DIAGNOSTIC,    18, -5.314040036254e-01, 1.725110861973e-06, 5.1644e+01, 1.9752e+00, 
 2DIAGNOSTIC,    19, -5.314038543402e-01, 1.628210844734e-06, 5.3866e+01, 2.2222e+00, 
 2DIAGNOSTIC,    20, -5.314039363522e-01, 1.548759908272e-06, 5.5928e+01, 2.0619e+00, 
 2DIAGNOSTIC,    21, -5.314036427686e-01, 1.468977369870e-06, 5.8017e+01, 2.0888e+00, 
 2DIAGNOSTIC,    22, -5.314037057751e-01, 1.400886737828e-06, 6.0109e+01, 2.0922e+00, 
 2DIAGNOSTIC,    23, -5.314036652357e-01, 1.340418843684e-06, 6.2098e+01, 1.9894e+00, 
 2DIAGNOSTIC,    24, -5.314035928351e-01, 1.286412579314e-06, 6.3892e+01, 1.7934e+00, 
 2DIAGNOSTIC,    25, -5.314035605332e-01, 1.239183713656e-06, 6.5733e+01, 1.8413e+00, 
 2DIAGNOSTIC,    26, -5.314034654408e-01, 1.195121831235e-06, 6.7661e+01, 1.9283e+00, 
 2DIAGNOSTIC,    27, -5.314034841437e-01, 1.155878764265e-06, 6.9818e+01, 2.1563e+00, 
 2DIAGNOSTIC,    28, -5.314033347550e-01, 1.115232174144e-06, 7.1827e+01, 2.0098e+00, 
 2DIAGNOSTIC,    29, -5.314032762983e-01, 1.075568621098e-06, 7.3698e+01, 1.8705e+00, 
 2DIAGNOSTIC,    30, -5.314032674890e-01, 1.042096587626e-06, 7.5815e+01, 2.1171e+00, 
 2DIAGNOSTIC,    31, -5.314034122448e-01, 1.009905753621e-06, 7.7540e+01, 1.7248e+00, 
  Elapsed time (stage 0): 7.8637e+01


Total elapsed time: 7.8640e+01
Info [verificarlo]: loaded backend libinterflop_ieee.so
Info [interflop-ieee]: load backend with:
Info [interflop-ieee]: debug = false
Info [interflop-ieee]: debug-binary = false
Info [interflop-ieee]: no-backend-name = false
Info [interflop-ieee]: print-new-line = false
Info [interflop-ieee]: print-subnormal-normalized = false
Info [interflop-ieee]: count-op = false
All_Command_lines_OK
Using double precision for computations.
=============================================================================
The composite transform comprises the following transforms (in order): 
  1. /home/mdugre/scratch/mri-registration-rp/datasets/ds004513/derivatives/mri-registration-rp/0100/antsRegistration-r8-p8/sub-s020/affine_Composite.h5[0] (type = Euler3DTransform)
  2. /home/mdugre/scratch/mri-registration-rp/datasets/ds004513/derivatives/mri-registration-rp/0100/antsRegistration-r8-p8/sub-s020/affine_Composite.h5[1] (type = Euler3DTransform)
  3. /home/mdugre/scratch/mri-registration-rp/datasets/ds004513/derivatives/mri-registration-rp/0100/antsRegistration-r8-p8/sub-s020/affine_Composite.h5[2] (type = Euler3DTransform)
  4. /home/mdugre/scratch/mri-registration-rp/datasets/ds004513/derivatives/mri-registration-rp/0100/antsRegistration-r8-p8/sub-s020/affine_Composite.h5[3] (type = AffineTransform)
=============================================================================
  number of levels = 4
  fixed image: /templateflow/tpl-MNI152NLin2009cAsym/tpl-MNI152NLin2009cAsym_res-01_desc-brain_T1w.nii.gz
  moving image: /home/mdugre/scratch/mri-registration-rp/datasets/ds004513/derivatives/mri-registration-rp/antsBrainExtraction/sub-s020/BrainExtractionBrain.nii.gz
Dimension = 3
Number of stages = 1
Use histogram matching = false
Winsorize image intensities = true
  Lower quantile = 0.005
  Upper quantile = 0.995


Stage 1 State
   Image metric = CC
     Fixed image = Image (0x415fa40)
  RTTI typeinfo:   itk::Image<double, 3u>
  Reference Count: 2
  Modified Time: 1608
  Debug: Off
  Object Name: 
  Observers: 
    none
  Source: (none)
  Source output name: (none)
  Release Data: Off
  Data Released: False
  Global Release Data: Off
  PipelineMTime: 0
  UpdateMTime: 1217
  RealTimeStamp: 0 seconds 
  LargestPossibleRegion: 
    Dimension: 3
    Index: [0, 0, 0]
    Size: [193, 229, 193]
  BufferedRegion: 
    Dimension: 3
    Index: [0, 0, 0]
    Size: [193, 229, 193]
  RequestedRegion: 
    Dimension: 3
    Index: [0, 0, 0]
    Size: [193, 229, 193]
  Spacing: [1, 1, 1]
  Origin: [96, 132, -78]
  Direction: 
-1 0 0
0 -1 0
0 0 1

  IndexToPointMatrix: 
-1 0 0
0 -1 0
0 0 1

  PointToIndexMatrix: 
-1 0 0
0 -1 0
0 0 1

  Inverse Direction: 
-1 0 0
0 -1 0
0 0 1

  PixelContainer: 
    ImportImageContainer (0x422dc30)
      RTTI typeinfo:   itk::ImportImageContainer<unsigned long, double>
      Reference Count: 1
      Modified Time: 1214
      Debug: Off
      Object Name: 
      Observers: 
        none
      Pointer: 0x147396c44010
      Container manages memory: true
      Size: 8530021
      Capacity: 8530021

     Moving image = Image (0x4236b70)
  RTTI typeinfo:   itk::Image<double, 3u>
  Reference Count: 2
  Modified Time: 1609
  Debug: Off
  Object Name: 
  Observers: 
    none
  Source: (none)
  Source output name: (none)
  Release Data: Off
  Data Released: False
  Global Release Data: Off
  PipelineMTime: 0
  UpdateMTime: 1606
  RealTimeStamp: 0 seconds 
  LargestPossibleRegion: 
    Dimension: 3
    Index: [0, 0, 0]
    Size: [160, 240, 256]
  BufferedRegion: 
    Dimension: 3
    Index: [0, 0, 0]
    Size: [160, 240, 256]
  RequestedRegion: 
    Dimension: 3
    Index: [0, 0, 0]
    Size: [160, 240, 256]
  Spacing: [0.999995, 1, 1]
  Origin: [87.0906, 98.7205, -152.377]
  Direction: 
-0.996975 0.0261379 -0.0731913
-0.0260677 -0.999658 -0.00191374
-0.0732163 -2.46403e-08 0.997316

  IndexToPointMatrix: 
-0.996971 0.0261379 -0.0731913
-0.0260676 -0.999658 -0.00191374
-0.0732159 -2.46403e-08 0.997316

  PointToIndexMatrix: 
-0.99698 -0.0260679 -0.0732166
0.0261379 -0.999658 -2.46993e-08
-0.0731913 -0.00191374 0.997316

  Inverse Direction: 
-0.996975 -0.0260677 -0.0732163
0.0261379 -0.999658 -2.46993e-08
-0.0731913 -0.00191374 0.997316

  PixelContainer: 
    ImportImageContainer (0x42575d0)
      RTTI typeinfo:   itk::ImportImageContainer<unsigned long, double>
      Reference Count: 1
      Modified Time: 1603
      Debug: Off
      Object Name: 
      Observers: 
        none
      Pointer: 0x147392143010
      Container manages memory: true
      Size: 9830400
      Capacity: 9830400

     Weighting = 1
     Sampling strategy = none
     Number of bins = 32
     Radius = 4
     Sampling percentage  = 1
   Transform = SyN
     Gradient step = 0.1
     Update field sigma (voxel space) = 3
     Total field sigma (voxel space) = 0
     Update field time sigma = 0
     Total field time sigma  = 0
     Number of time indices = 0
     Number of time point samples = 0
Registration using 1 total stages.

Stage 0
  iterations = 100x70x50x20
  convergence threshold = 1e-06
  convergence window size = 10
  number of levels = 4
  using the CC metric (radius = 4, weight = 1, use gradient filter = 0)
  preprocessing:  winsorizing the image intensities
  Shrink factors (level 1 out of 4): [8, 8, 8]
  Shrink factors (level 2 out of 4): [4, 4, 4]
  Shrink factors (level 3 out of 4): [2, 2, 2]
  Shrink factors (level 4 out of 4): [1, 1, 1]
  smoothing sigmas per level: [3, 2, 1, 0]
  Using default NONE metricSamplingStrategy 

*** Running SyN registration (varianceForUpdateField = 3, varianceForTotalField = 0) ***

XXDIAGNOSTIC,Iteration,metricValue,convergenceValue,ITERATION_TIME_INDEX,SINCE_LAST
 1DIAGNOSTIC,     1, -9.072135763003e-01, 1.797693134862e+308, 1.0098e+00, 1.0098e+00, 
 1DIAGNOSTIC,     2, -9.147055902021e-01, 1.797693134862e+308, 1.3420e+00, 3.3213e-01, 
 1DIAGNOSTIC,     3, -9.199955824706e-01, 1.797693134862e+308, 1.6754e+00, 3.3344e-01, 
 1DIAGNOSTIC,     4, -9.234094948935e-01, 1.797693134862e+308, 2.0287e+00, 3.5328e-01, 
 1DIAGNOSTIC,     5, -9.258333756346e-01, 1.797693134862e+308, 2.3631e+00, 3.3441e-01, 
 1DIAGNOSTIC,     6, -9.274354206042e-01, 1.797693134862e+308, 2.6985e+00, 3.3539e-01, 
 1DIAGNOSTIC,     7, -9.286670687600e-01, 1.797693134862e+308, 3.0237e+00, 3.2525e-01, 
 1DIAGNOSTIC,     8, -9.295799084424e-01, 1.797693134862e+308, 3.3596e+00, 3.3591e-01, 
 1DIAGNOSTIC,     9, -9.303173350265e-01, 1.797693134862e+308, 3.6958e+00, 3.3618e-01, 
 1DIAGNOSTIC,    10, -9.308795515631e-01, 1.441545431052e-03, 4.0355e+00, 3.3973e-01, 
 1DIAGNOSTIC,    11, -9.313851577251e-01, 9.249011995820e-04, 4.3769e+00, 3.4139e-01, 
 1DIAGNOSTIC,    12, -9.318351837061e-01, 6.131652741723e-04, 4.7128e+00, 3.3584e-01, 
 1DIAGNOSTIC,    13, -9.322426188337e-01, 4.276847614017e-04, 5.0571e+00, 3.4429e-01, 
 1DIAGNOSTIC,    14, -9.326165691827e-01, 3.122846607573e-04, 5.3994e+00, 3.4235e-01, 
 1DIAGNOSTIC,    15, -9.329619189043e-01, 2.401151117552e-04, 5.7442e+00, 3.4477e-01, 
 1DIAGNOSTIC,    16, -9.332821564564e-01, 1.915935178227e-04, 6.1014e+00, 3.5723e-01, 
 1DIAGNOSTIC,    17, -9.335748341336e-01, 1.585201841413e-04, 6.4392e+00, 3.3782e-01, 
 1DIAGNOSTIC,    18, -9.338391551850e-01, 1.344567053634e-04, 6.7697e+00, 3.3048e-01, 
 1DIAGNOSTIC,    19, -9.340981317288e-01, 1.165373970002e-04, 7.1014e+00, 3.3165e-01, 
 1DIAGNOSTIC,    20, -9.343406324237e-01, 1.019098001096e-04, 7.4296e+00, 3.2828e-01, 
 1DIAGNOSTIC,    21, -9.345801110888e-01, 9.006476636577e-05, 7.7660e+00, 3.3632e-01, 
 1DIAGNOSTIC,    22, -9.348096087141e-01, 8.037052875514e-05, 8.1094e+00, 3.4344e-01, 
 1DIAGNOSTIC,    23, -9.350303316730e-01, 7.239411707004e-05, 8.4407e+00, 3.3125e-01, 
 1DIAGNOSTIC,    24, -9.352425651122e-01, 6.580824938263e-05, 8.7768e+00, 3.3616e-01, 
 1DIAGNOSTIC,    25, -9.354451354100e-01, 6.031333762727e-05, 9.1068e+00, 3.3003e-01, 
 1DIAGNOSTIC,    26, -9.356371485133e-01, 5.563771113098e-05, 9.4682e+00, 3.6133e-01, 
 1DIAGNOSTIC,    27, -9.358189665609e-01, 5.149160498838e-05, 9.8061e+00, 3.3798e-01, 
 1DIAGNOSTIC,    28, -9.359905785163e-01, 4.759426875505e-05, 1.0164e+01, 3.5757e-01, 
 1DIAGNOSTIC,    29, -9.361533200970e-01, 4.396862201619e-05, 1.0517e+01, 3.5371e-01, 
 1DIAGNOSTIC,    30, -9.363021325733e-01, 4.046487946886e-05, 1.0860e+01, 3.4213e-01, 
