
##########################
# Experiment information #
##########################

EXPERIMENT_NAME: antsRegistration-r8-p20
VFC_BACKENDS: libinterflop_vprec.so --range-binary32=8 --precision-binary32=20 --range-binary64=8 --precision-binary64=20

SIF_IMG: /home/mdugre/projects/rrg-glatard/mdugre/containers/ants-vprec-no_metrics.simg

SUBJECT_ID: s033
INPUT_IMG: /home/mdugre/scratch/mri-registration-rp/datasets/ds004513/derivatives/mri-registration-rp/antsBrainExtraction/sub-s033/BrainExtractionBrain.nii.gz
OUTPUT_DIR: /home/mdugre/scratch/mri-registration-rp/datasets/ds004513/derivatives/mri-registration-rp/0100/antsRegistration-r8-p20/sub-s033

FIXED_IMG: /templateflow/tpl-MNI152NLin2009cAsym/tpl-MNI152NLin2009cAsym_res-01_desc-brain_T1w.nii.gz
DATA_DIR: /home/mdugre/scratch/mri-registration-rp/datasets/ds004513
TEMPLATEFLOW_DIR: /home/mdugre/projects/rrg-glatard/mdugre/templateflow
ITK_GLOBAL_DEFAULT_NUMBER_OF_THREADS: 16
##########################

Info [verificarlo]: loaded backend libinterflop_ieee.so
Info [interflop-ieee]: load backend with:
Info [interflop-ieee]: debug = false
Info [interflop-ieee]: debug-binary = false
Info [interflop-ieee]: no-backend-name = false
Info [interflop-ieee]: print-new-line = false
Info [interflop-ieee]: print-subnormal-normalized = false
Info [interflop-ieee]: count-op = false
All_Command_lines_OK
Using double precision for computations.
=============================================================================
The composite transform comprises the following transforms (in order): 
  1. Center of mass alignment using fixed image: /templateflow/tpl-MNI152NLin2009cAsym/tpl-MNI152NLin2009cAsym_res-01_desc-brain_T1w.nii.gz and moving image: /home/mdugre/scratch/mri-registration-rp/datasets/ds004513/derivatives/mri-registration-rp/antsBrainExtraction/sub-s033/BrainExtractionBrain.nii.gz (type = Euler3DTransform)
=============================================================================
  number of levels = 1
  fixed image: /templateflow/tpl-MNI152NLin2009cAsym/tpl-MNI152NLin2009cAsym_res-01_desc-brain_T1w.nii.gz
  moving image: /home/mdugre/scratch/mri-registration-rp/datasets/ds004513/derivatives/mri-registration-rp/antsBrainExtraction/sub-s033/BrainExtractionBrain.nii.gz
Dimension = 3
Number of stages = 1
Use histogram matching = false
Winsorize image intensities = true
  Lower quantile = 0.005
  Upper quantile = 0.995


Stage 1 State
   Image metric = MattesMI
     Fixed image = Image (0x328be70)
  RTTI typeinfo:   itk::Image<double, 3u>
  Reference Count: 2
  Modified Time: 2330
  Debug: Off
  Object Name: 
  Observers: 
    none
  Source: (none)
  Source output name: (none)
  Release Data: Off
  Data Released: False
  Global Release Data: Off
  PipelineMTime: 0
  UpdateMTime: 1941
  RealTimeStamp: 0 seconds 
  LargestPossibleRegion: 
    Dimension: 3
    Index: [0, 0, 0]
    Size: [193, 229, 193]
  BufferedRegion: 
    Dimension: 3
    Index: [0, 0, 0]
    Size: [193, 229, 193]
  RequestedRegion: 
    Dimension: 3
    Index: [0, 0, 0]
    Size: [193, 229, 193]
  Spacing: [1, 1, 1]
  Origin: [96, 132, -78]
  Direction: 
-1 0 0
0 -1 0
0 0 1

  IndexToPointMatrix: 
-1 0 0
0 -1 0
0 0 1

  PointToIndexMatrix: 
-1 0 0
0 -1 0
0 0 1

  Inverse Direction: 
-1 0 0
0 -1 0
0 0 1

  PixelContainer: 
    ImportImageContainer (0x3294c60)
      RTTI typeinfo:   itk::ImportImageContainer<unsigned long, double>
      Reference Count: 1
      Modified Time: 1938
      Debug: Off
      Object Name: 
      Observers: 
        none
      Pointer: 0x14f6ca00b010
      Container manages memory: true
      Size: 8530021
      Capacity: 8530021

     Moving image = Image (0x328e540)
  RTTI typeinfo:   itk::Image<double, 3u>
  Reference Count: 2
  Modified Time: 2331
  Debug: Off
  Object Name: 
  Observers: 
    none
  Source: (none)
  Source output name: (none)
  Release Data: Off
  Data Released: False
  Global Release Data: Off
  PipelineMTime: 0
  UpdateMTime: 2328
  RealTimeStamp: 0 seconds 
  LargestPossibleRegion: 
    Dimension: 3
    Index: [0, 0, 0]
    Size: [160, 240, 256]
  BufferedRegion: 
    Dimension: 3
    Index: [0, 0, 0]
    Size: [160, 240, 256]
  RequestedRegion: 
    Dimension: 3
    Index: [0, 0, 0]
    Size: [160, 240, 256]
  Spacing: [1, 1, 1]
  Origin: [91.5134, 94.282, -109.927]
  Direction: 
-0.99591 -0.0698718 -0.0572835
0.0697565 -0.997556 0.00401236
-0.0574239 5.01125e-08 0.99835

  IndexToPointMatrix: 
-0.99591 -0.0698718 -0.0572835
0.0697565 -0.997556 0.00401236
-0.0574239 5.01125e-08 0.99835

  PointToIndexMatrix: 
-0.99591 0.0697565 -0.0574239
-0.0698718 -0.997556 5.01483e-08
-0.0572835 0.00401236 0.99835

  Inverse Direction: 
-0.99591 0.0697565 -0.0574239
-0.0698718 -0.997556 5.01483e-08
-0.0572835 0.00401236 0.99835

  PixelContainer: 
    ImportImageContainer (0x33a0610)
      RTTI typeinfo:   itk::ImportImageContainer<unsigned long, double>
      Reference Count: 1
      Modified Time: 2325
      Debug: Off
      Object Name: 
      Observers: 
        none
      Pointer: 0x14f6c550a010
      Container manages memory: true
      Size: 9830400
      Capacity: 9830400

     Weighting = 1
     Sampling strategy = regular
     Number of bins = 32
     Radius = 4
     Sampling percentage  = 0.25
   Transform = Rigid
     Gradient step = 0.1
     Update field sigma (voxel space) = 0
     Total field sigma (voxel space) = 0
     Update field time sigma = 0
     Total field time sigma  = 0
     Number of time indices = 0
     Number of time point samples = 0
Registration using 1 total stages.

Stage 0
  iterations = 0
  convergence threshold = 1e-06
  convergence window size = 10
  number of levels = 1
  using the Mattes MI metric (number of bins = 32, weight = 1, use gradient filter = 0)
  preprocessing:  winsorizing the image intensities
  Shrink factors (level 1 out of 1): [1, 1, 1]
  smoothing sigmas per level: [0]
  regular sampling (percentage = 0.25)

*** Running Euler3DTransform registration ***

  Elapsed time (stage 0): 1.08296


Total elapsed time: 1.0853
Info [verificarlo]: loaded backend libinterflop_vprec.so
Info [interflop-vprec]: load backend with: 
Info [interflop-vprec]: precision-binary32 = 20
Info [interflop-vprec]: range-binary32 = 8
Info [interflop-vprec]: precision-binary64 = 20
Info [interflop-vprec]: range-binary64 = 8
Info [interflop-vprec]: mode = ob
Info [interflop-vprec]: error-mode = rel
Info [interflop-vprec]: max-abs-error-exponent = -1022
Info [interflop-vprec]: daz = false
Info [interflop-vprec]: ftz = false
Info [interflop-vprec]: 	instrument = none
Info [interflop-vprec]: 	prec-input-file = (null)
Info [interflop-vprec]: 	prec-output-file = (null)
Info [interflop-vprec]: 	prec-log-file = (null)
All_Command_lines_OK
Using double precision for computations.
=============================================================================
The composite transform comprises the following transforms (in order): 
  1. /home/mdugre/scratch/mri-registration-rp/datasets/ds004513/derivatives/mri-registration-rp/0100/antsRegistration-r8-p20/sub-s033/align_Composite.h5[0] (type = Euler3DTransform)
  2. /home/mdugre/scratch/mri-registration-rp/datasets/ds004513/derivatives/mri-registration-rp/0100/antsRegistration-r8-p20/sub-s033/align_Composite.h5[1] (type = Euler3DTransform)
=============================================================================
  number of levels = 4
  fixed image: /templateflow/tpl-MNI152NLin2009cAsym/tpl-MNI152NLin2009cAsym_res-01_desc-brain_T1w.nii.gz
  moving image: /home/mdugre/scratch/mri-registration-rp/datasets/ds004513/derivatives/mri-registration-rp/antsBrainExtraction/sub-s033/BrainExtractionBrain.nii.gz
Dimension = 3
Number of stages = 1
Use histogram matching = false
Winsorize image intensities = true
  Lower quantile = 0.005
  Upper quantile = 0.995


Stage 1 State
   Image metric = MattesMI
     Fixed image = Image (0x4d971e0)
  RTTI typeinfo:   itk::Image<double, 3u>
  Reference Count: 2
  Modified Time: 1578
  Debug: Off
  Object Name: 
  Observers: 
    none
  Source: (none)
  Source output name: (none)
  Release Data: Off
  Data Released: False
  Global Release Data: Off
  PipelineMTime: 0
  UpdateMTime: 1189
  RealTimeStamp: 0 seconds 
  LargestPossibleRegion: 
    Dimension: 3
    Index: [0, 0, 0]
    Size: [193, 229, 193]
  BufferedRegion: 
    Dimension: 3
    Index: [0, 0, 0]
    Size: [193, 229, 193]
  RequestedRegion: 
    Dimension: 3
    Index: [0, 0, 0]
    Size: [193, 229, 193]
  Spacing: [1, 1, 1]
  Origin: [96, 132, -78]
  Direction: 
-1 0 0
0 -1 0
0 0 1

  IndexToPointMatrix: 
-1 0 0
0 -1 0
0 0 1

  PointToIndexMatrix: 
-1 0 0
0 -1 0
0 0 1

  Inverse Direction: 
-1 0 0
0 -1 0
0 0 1

  PixelContainer: 
    ImportImageContainer (0x4e56680)
      RTTI typeinfo:   itk::ImportImageContainer<unsigned long, double>
      Reference Count: 1
      Modified Time: 1186
      Debug: Off
      Object Name: 
      Observers: 
        none
      Pointer: 0x14da6f856010
      Container manages memory: true
      Size: 8530021
      Capacity: 8530021

     Moving image = Image (0x4e52b20)
  RTTI typeinfo:   itk::Image<double, 3u>
  Reference Count: 2
  Modified Time: 1579
  Debug: Off
  Object Name: 
  Observers: 
    none
  Source: (none)
  Source output name: (none)
  Release Data: Off
  Data Released: False
  Global Release Data: Off
  PipelineMTime: 0
  UpdateMTime: 1576
  RealTimeStamp: 0 seconds 
  LargestPossibleRegion: 
    Dimension: 3
    Index: [0, 0, 0]
    Size: [160, 240, 256]
  BufferedRegion: 
    Dimension: 3
    Index: [0, 0, 0]
    Size: [160, 240, 256]
  RequestedRegion: 
    Dimension: 3
    Index: [0, 0, 0]
    Size: [160, 240, 256]
  Spacing: [1, 1, 1]
  Origin: [91.5134, 94.282, -109.927]
  Direction: 
-0.99591 -0.0698718 -0.0572835
0.0697565 -0.997556 0.00401236
-0.0574239 5.01125e-08 0.99835

  IndexToPointMatrix: 
-0.99591 -0.0698718 -0.0572835
0.0697565 -0.997556 0.00401236
-0.0574239 5.01125e-08 0.99835

  PointToIndexMatrix: 
-0.995912 0.0697566 -0.057424
-0.069872 -0.997557 5.02915e-08
-0.0572836 0.00401236 0.99835

  Inverse Direction: 
-0.995912 0.0697566 -0.057424
-0.069872 -0.997557 5.02915e-08
-0.0572836 0.00401236 0.99835

  PixelContainer: 
    ImportImageContainer (0x4ebbd50)
      RTTI typeinfo:   itk::ImportImageContainer<unsigned long, double>
      Reference Count: 1
      Modified Time: 1573
      Debug: Off
      Object Name: 
      Observers: 
        none
      Pointer: 0x14da6ad55010
      Container manages memory: true
      Size: 9830400
      Capacity: 9830400

     Weighting = 1
     Sampling strategy = regular
     Number of bins = 32
     Radius = 4
     Sampling percentage  = 0.25
   Transform = Rigid
     Gradient step = 0.1
     Update field sigma (voxel space) = 0
     Total field sigma (voxel space) = 0
     Update field time sigma = 0
     Total field time sigma  = 0
     Number of time indices = 0
     Number of time point samples = 0
Registration using 1 total stages.

Stage 0
  iterations = 1000x500x250x100
  convergence threshold = 1e-06
  convergence window size = 10
  number of levels = 4
  using the Mattes MI metric (number of bins = 32, weight = 1, use gradient filter = 0)
  preprocessing:  winsorizing the image intensities
  Shrink factors (level 1 out of 4): [8, 8, 8]
  Shrink factors (level 2 out of 4): [4, 4, 4]
  Shrink factors (level 3 out of 4): [2, 2, 2]
  Shrink factors (level 4 out of 4): [1, 1, 1]
  smoothing sigmas per level: [3, 2, 1, 0]
  regular sampling (percentage = 0.25)

*** Running Euler3DTransform registration ***

DIAGNOSTIC,Iteration,metricValue,convergenceValue,ITERATION_TIME_INDEX,SINCE_LAST
 2DIAGNOSTIC,     1, -4.945341734465e-01, 1.797693134862e+308, 0.0000e+00, 0.0000e+00, 
 2DIAGNOSTIC,     2, -4.961490478667e-01, 1.797693134862e+308, 0.0000e+00, 0.0000e+00, 
 2DIAGNOSTIC,     3, -4.991070843222e-01, 1.797693134862e+308, 0.0000e+00, 0.0000e+00, 
 2DIAGNOSTIC,     4, -5.030199348322e-01, 1.797693134862e+308, 0.0000e+00, 0.0000e+00, 
 2DIAGNOSTIC,     5, -5.058996078426e-01, 1.797693134862e+308, 0.0000e+00, 0.0000e+00, 
 2DIAGNOSTIC,     6, -5.092586114591e-01, 1.797693134862e+308, 0.0000e+00, 0.0000e+00, 
 2DIAGNOSTIC,     7, -5.205524407850e-01, 1.797693134862e+308, 0.0000e+00, 0.0000e+00, 
 2DIAGNOSTIC,     8, -5.236678575403e-01, 1.797693134862e+308, 0.0000e+00, 0.0000e+00, 
 2DIAGNOSTIC,     9, -5.255659387828e-01, 1.797693134862e+308, 0.0000e+00, 0.0000e+00, 
 2DIAGNOSTIC,    10, -5.291133482105e-01, 4.803882462585e-03, 0.0000e+00, 0.0000e+00, 
 2DIAGNOSTIC,    11, -5.331304202049e-01, 4.497143734840e-03, 0.0000e+00, 0.0000e+00, 
 2DIAGNOSTIC,    12, -5.344501395763e-01, 3.964653866995e-03, 0.0000e+00, 0.0000e+00, 
 2DIAGNOSTIC,    13, -5.363837473854e-01, 3.364202703041e-03, 0.0000e+00, 0.0000e+00, 
 2DIAGNOSTIC,    14, -5.390097488081e-01, 2.807913770466e-03, 0.0000e+00, 0.0000e+00, 
 2DIAGNOSTIC,    15, -5.408747151829e-01, 2.244978363229e-03, 0.0000e+00, 0.0000e+00, 
 2DIAGNOSTIC,    16, -5.487136881226e-01, 1.918856679925e-03, 0.0000e+00, 0.0000e+00, 
 2DIAGNOSTIC,    17, -5.530970871406e-01, 1.950634391676e-03, 0.0000e+00, 0.0000e+00, 
 2DIAGNOSTIC,    18, -5.543158345203e-01, 1.929578404972e-03, 0.0000e+00, 0.0000e+00, 
 2DIAGNOSTIC,    19, -5.550875089630e-01, 1.810047460645e-03, 0.0000e+00, 0.0000e+00, 
 2DIAGNOSTIC,    20, -5.558819903171e-01, 1.650265975195e-03, 0.0000e+00, 0.0000e+00, 
 2DIAGNOSTIC,    21, -5.568967308620e-01, 1.478724884770e-03, 0.0000e+00, 0.0000e+00, 
 2DIAGNOSTIC,    22, -5.576073547048e-01, 1.232689976217e-03, 0.0000e+00, 0.0000e+00, 
 2DIAGNOSTIC,    23, -5.589839697540e-01, 9.718970324854e-04, 0.0000e+00, 0.0000e+00, 
 2DIAGNOSTIC,    24, -5.617586427192e-01, 7.646882981665e-04, 0.0000e+00, 0.0000e+00, 
 2DIAGNOSTIC,    25, -5.664928410059e-01, 6.388452398025e-04, 0.0000e+00, 0.0000e+00, 
 2DIAGNOSTIC,    26, -5.828936009160e-01, 9.528839362357e-04, 0.0000e+00, 0.0000e+00, 
 2DIAGNOSTIC,    27, -5.978836583804e-01, 1.522027232949e-03, 0.0000e+00, 0.0000e+00, 
 2DIAGNOSTIC,    28, -6.077672759454e-01, 2.106894580733e-03, 0.0000e+00, 0.0000e+00, 
 2DIAGNOSTIC,    29, -6.119251102522e-01, 2.538608101516e-03, 0.0000e+00, 0.0000e+00, 
 2DIAGNOSTIC,    30, -6.165772668280e-01, 2.794521935516e-03, 0.0000e+00, 0.0000e+00, 
 2DIAGNOSTIC,    31, -6.211142427268e-01, 2.856766338871e-03, 0.0000e+00, 0.0000e+00, 
 2DIAGNOSTIC,    32, -6.233459514615e-01, 2.687646680148e-03, 0.0000e+00, 0.0000e+00, 
 2DIAGNOSTIC,    33, -6.242142397938e-01, 2.312275246583e-03, 0.0000e+00, 0.0000e+00, 
 2DIAGNOSTIC,    34, -6.329095666080e-01, 1.918898813516e-03, 0.0000e+00, 0.0000e+00, 
 2DIAGNOSTIC,    35, -6.369663000282e-01, 1.490845983157e-03, 0.0000e+00, 0.0000e+00, 
 2DIAGNOSTIC,    36, -6.375034396929e-01, 1.182750012105e-03, 0.0000e+00, 0.0000e+00, 
 2DIAGNOSTIC,    37, -6.382261189772e-01, 9.957157287147e-04, 0.0000e+00, 0.0000e+00, 
 2DIAGNOSTIC,    38, -6.388558975818e-01, 8.649234571669e-04, 0.0000e+00, 0.0000e+00, 
 2DIAGNOSTIC,    39, -6.390062265467e-01, 7.124384960246e-04, 0.0000e+00, 0.0000e+00, 
 2DIAGNOSTIC,    40, -6.390222374795e-01, 5.571063514530e-04, 0.0000e+00, 0.0000e+00, 
 2DIAGNOSTIC,    41, -6.397276508110e-01, 4.220524039574e-04, 0.0000e+00, 0.0000e+00, 
 2DIAGNOSTIC,    42, -6.403437632419e-01, 2.891644088272e-04, 0.0000e+00, 0.0000e+00, 
 2DIAGNOSTIC,    43, -6.404539294738e-01, 1.445339347973e-04, 0.0000e+00, 0.0000e+00, 
 2DIAGNOSTIC,    44, -6.405340046876e-01, 9.125395929230e-05, 0.0000e+00, 0.0000e+00, 
 2DIAGNOSTIC,    45, -6.403821685734e-01, 7.491543258198e-05, 0.0000e+00, 0.0000e+00, 
 2DIAGNOSTIC,    46, -6.404190845946e-01, 5.824298211684e-05, 0.0000e+00, 0.0000e+00, 
 2DIAGNOSTIC,    47, -6.403639694326e-01, 4.352004040980e-05, 0.0000e+00, 0.0000e+00, 
 2DIAGNOSTIC,    48, -6.403181691766e-01, 3.137616507616e-05, 0.0000e+00, 0.0000e+00, 
 2DIAGNOSTIC,    49, -6.403868068640e-01, 1.921545935172e-05, 0.0000e+00, 0.0000e+00, 
 2DIAGNOSTIC,    50, -6.406055321974e-01, 7.991517523245e-06, 0.0000e+00, 0.0000e+00, 
 2DIAGNOSTIC,    51, -6.407080447414e-01, 4.069722857457e-06, 0.0000e+00, 0.0000e+00, 
 2DIAGNOSTIC,    52, -6.409739128621e-01, 8.209651453671e-06, 0.0000e+00, 0.0000e+00, 
 2DIAGNOSTIC,    53, -6.412031122649e-01, 1.451275088912e-05, 0.0000e+00, 0.0000e+00, 
 2DIAGNOSTIC,    54, -6.417124030605e-01, 2.452403426197e-05, 0.0000e+00, 0.0000e+00, 
 2DIAGNOSTIC,    55, -6.423072658002e-01, 3.561800083836e-05, 0.0000e+00, 0.0000e+00, 
 2DIAGNOSTIC,    56, -6.426288692888e-01, 4.594124945815e-05, 0.0000e+00, 0.0000e+00, 
 2DIAGNOSTIC,    57, -6.426643572893e-01, 5.140805450242e-05, 0.0000e+00, 0.0000e+00, 
 2DIAGNOSTIC,    58, -6.426116998950e-01, 5.104423283408e-05, 0.0000e+00, 0.0000e+00, 
 2DIAGNOSTIC,    59, -6.425313946782e-01, 4.571277101243e-05, 0.0000e+00, 0.0000e+00, 
 2DIAGNOSTIC,    60, -6.425440866939e-01, 3.803563132693e-05, 0.0000e+00, 0.0000e+00, 
 2DIAGNOSTIC,    61, -6.429398914239e-01, 3.089548235390e-05, 0.0000e+00, 0.0000e+00, 
 2DIAGNOSTIC,    62, -6.433243978737e-01, 2.607278952191e-05, 0.0000e+00, 0.0000e+00, 
 2DIAGNOSTIC,    63, -6.435589646079e-01, 2.242668894028e-05, 0.0000e+00, 0.0000e+00, 
 2DIAGNOSTIC,    64, -6.436065483787e-01, 2.090301298818e-05, 0.0000e+00, 0.0000e+00, 
 2DIAGNOSTIC,    65, -6.438284969620e-01, 2.343749834325e-05, 0.0000e+00, 0.0000e+00, 
 2DIAGNOSTIC,    66, -6.443112037552e-01, 2.939299658326e-05, 0.0000e+00, 0.0000e+00, 
 2DIAGNOSTIC,    67, -6.453547606877e-01, 3.990543010356e-05, 0.0000e+00, 0.0000e+00, 
 2DIAGNOSTIC,    68, -6.463889310545e-01, 5.302798514425e-05, 0.0000e+00, 0.0000e+00, 
 2DIAGNOSTIC,    69, -6.470095827473e-01, 6.439064523947e-05, 0.0000e+00, 0.0000e+00, 
 2DIAGNOSTIC,    70, -6.471237490854e-01, 7.012917380587e-05, 0.0000e+00, 0.0000e+00, 
 2DIAGNOSTIC,    71, -6.470998392344e-01, 7.146969864624e-05, 0.0000e+00, 0.0000e+00, 
 2DIAGNOSTIC,    72, -6.471612868233e-01, 6.876944751301e-05, 0.0000e+00, 0.0000e+00, 
 2DIAGNOSTIC,    73, -6.470949729950e-01, 6.056078880061e-05, 0.0000e+00, 0.0000e+00, 
 2DIAGNOSTIC,    74, -6.470341368436e-01, 4.673860599786e-05, 0.0000e+00, 0.0000e+00, 
 2DIAGNOSTIC,    75, -6.471818788124e-01, 3.125803943426e-05, 0.0000e+00, 0.0000e+00, 
 2DIAGNOSTIC,    76, -6.472199079633e-01, 1.638651214053e-05, 0.0000e+00, 0.0000e+00, 
 2DIAGNOSTIC,    77, -6.472575187070e-01, 6.868335496261e-06, 0.0000e+00, 0.0000e+00, 
 2DIAGNOSTIC,    78, -6.474154803401e-01, 4.092704114333e-06, 0.0000e+00, 0.0000e+00, 
 2DIAGNOSTIC,    79, -6.474261955859e-01, 4.761776950411e-06, 0.0000e+00, 0.0000e+00, 
 2DIAGNOSTIC,    80, -6.475010627053e-01, 6.104697582724e-06, 0.0000e+00, 0.0000e+00, 
 2DIAGNOSTIC,    81, -6.475661506843e-01, 7.077246274264e-06, 0.0000e+00, 0.0000e+00, 
 2DIAGNOSTIC,    82, -6.475668427000e-01, 7.744861498715e-06, 0.0000e+00, 0.0000e+00, 
 2DIAGNOSTIC,    83, -6.475675520664e-01, 7.336007153748e-06, 0.0000e+00, 0.0000e+00, 
 2DIAGNOSTIC,    84, -6.475682617547e-01, 5.916069157928e-06, 0.0000e+00, 0.0000e+00, 
 2DIAGNOSTIC,    85, -6.476755047902e-01, 5.403408118852e-06, 0.0000e+00, 0.0000e+00, 
 2DIAGNOSTIC,    86, -6.476808110254e-01, 4.636662279999e-06, 0.0000e+00, 0.0000e+00, 
 2DIAGNOSTIC,    87, -6.476841462026e-01, 3.686070455122e-06, 0.0000e+00, 0.0000e+00, 
 2DIAGNOSTIC,    88, -6.476900877429e-01, 3.326169771936e-06, 0.0000e+00, 0.0000e+00, 
 2DIAGNOSTIC,    89, -6.476952774925e-01, 2.764306398314e-06, 0.0000e+00, 0.0000e+00, 
 2DIAGNOSTIC,    90, -6.475918903946e-01, 1.818494396288e-06, 0.0000e+00, 0.0000e+00, 
DIAGNOSTIC,Iteration,metricValue,convergenceValue,ITERATION_TIME_INDEX,SINCE_LAST
 2DIAGNOSTIC,     1, -5.365046632188e-01, 1.797693134862e+308, 0.0000e+00, 0.0000e+00, 
 2DIAGNOSTIC,     2, -5.375185123517e-01, 1.797693134862e+308, 0.0000e+00, 0.0000e+00, 
 2DIAGNOSTIC,     3, -5.391124417342e-01, 1.797693134862e+308, 0.0000e+00, 0.0000e+00, 
 2DIAGNOSTIC,     4, -5.409526334058e-01, 1.797693134862e+308, 0.0000e+00, 0.0000e+00, 
 2DIAGNOSTIC,     5, -5.421900742429e-01, 1.797693134862e+308, 0.0000e+00, 0.0000e+00, 
 2DIAGNOSTIC,     6, -5.441275255975e-01, 1.797693134862e+308, 0.0000e+00, 0.0000e+00, 
 2DIAGNOSTIC,     7, -5.447997999198e-01, 1.797693134862e+308, 0.0000e+00, 0.0000e+00, 
 2DIAGNOSTIC,     8, -5.447949055841e-01, 1.797693134862e+308, 0.0000e+00, 0.0000e+00, 
 2DIAGNOSTIC,     9, -5.465582348445e-01, 1.797693134862e+308, 0.0000e+00, 0.0000e+00, 
 2DIAGNOSTIC,    10, -5.468707919166e-01, 1.280221530505e-03, 0.0000e+00, 0.0000e+00, 
 2DIAGNOSTIC,    11, -5.468306566134e-01, 1.019386862110e-03, 0.0000e+00, 0.0000e+00, 
 2DIAGNOSTIC,    12, -5.468343533051e-01, 7.561251475507e-04, 0.0000e+00, 0.0000e+00, 
 2DIAGNOSTIC,    13, -5.468134630186e-01, 5.284837027786e-04, 0.0000e+00, 0.0000e+00, 
 2DIAGNOSTIC,    14, -5.468057464649e-01, 3.530309413205e-04, 0.0000e+00, 0.0000e+00, 
 2DIAGNOSTIC,    15, -5.467909139066e-01, 2.096229232138e-04, 0.0000e+00, 0.0000e+00, 
 2DIAGNOSTIC,    16, -5.467839679414e-01, 1.285365775556e-04, 0.0000e+00, 0.0000e+00, 
 2DIAGNOSTIC,    17, -5.467792911192e-01, 6.671560867028e-05, 0.0000e+00, 0.0000e+00, 
 2DIAGNOSTIC,    18, -5.467698752806e-01, 4.019997830243e-06, 0.0000e+00, 0.0000e+00, 
DIAGNOSTIC,Iteration,metricValue,convergenceValue,ITERATION_TIME_INDEX,SINCE_LAST
 2DIAGNOSTIC,     1, -4.646134964157e-01, 1.797693134862e+308, 0.0000e+00, 0.0000e+00, 
 2DIAGNOSTIC,     2, -4.649462220706e-01, 1.797693134862e+308, 0.0000e+00, 0.0000e+00, 
 2DIAGNOSTIC,     3, -4.652567441788e-01, 1.797693134862e+308, 0.0000e+00, 0.0000e+00, 
 2DIAGNOSTIC,     4, -4.653934526607e-01, 1.797693134862e+308, 0.0000e+00, 0.0000e+00, 
 2DIAGNOSTIC,     5, -4.655603467549e-01, 1.797693134862e+308, 0.0000e+00, 0.0000e+00, 
 2DIAGNOSTIC,     6, -4.657833990131e-01, 1.797693134862e+308, 0.0000e+00, 0.0000e+00, 
 2DIAGNOSTIC,     7, -4.659948981662e-01, 1.797693134862e+308, 0.0000e+00, 0.0000e+00, 
 2DIAGNOSTIC,     8, -4.670456245356e-01, 1.797693134862e+308, 0.0000e+00, 0.0000e+00, 
 2DIAGNOSTIC,     9, -4.670647978883e-01, 1.797693134862e+308, 0.0000e+00, 0.0000e+00, 
 2DIAGNOSTIC,    10, -4.670794460521e-01, 3.625352162730e-04, 0.0000e+00, 0.0000e+00, 
 2DIAGNOSTIC,    11, -4.671029013019e-01, 3.162090760686e-04, 0.0000e+00, 0.0000e+00, 
 2DIAGNOSTIC,    12, -4.672269208122e-01, 2.720727210407e-04, 0.0000e+00, 0.0000e+00, 
 2DIAGNOSTIC,    13, -4.672536913948e-01, 2.253052692063e-04, 0.0000e+00, 0.0000e+00, 
 2DIAGNOSTIC,    14, -4.673674940519e-01, 1.758178380558e-04, 0.0000e+00, 0.0000e+00, 
 2DIAGNOSTIC,    15, -4.675108308569e-01, 1.301908642256e-04, 0.0000e+00, 0.0000e+00, 
 2DIAGNOSTIC,    16, -4.675282644004e-01, 8.783824502109e-05, 0.0000e+00, 0.0000e+00, 
 2DIAGNOSTIC,    17, -4.675283552657e-01, 4.912617647985e-05, 0.0000e+00, 0.0000e+00, 
 2DIAGNOSTIC,    18, -4.675289808092e-01, 4.598226274422e-05, 0.0000e+00, 0.0000e+00, 
 2DIAGNOSTIC,    19, -4.675273538009e-01, 3.962296583235e-05, 0.0000e+00, 0.0000e+00, 
 2DIAGNOSTIC,    20, -4.675266161441e-01, 3.075013815033e-05, 0.0000e+00, 0.0000e+00, 
 2DIAGNOSTIC,    21, -4.675255791382e-01, 2.059432083510e-05, 0.0000e+00, 0.0000e+00, 
 2DIAGNOSTIC,    22, -4.675249728072e-01, 1.307771263558e-05, 0.0000e+00, 0.0000e+00, 
 2DIAGNOSTIC,    23, -4.675256036418e-01, 5.819817263823e-06, 0.0000e+00, 0.0000e+00, 
 2DIAGNOSTIC,    24, -4.675277449977e-01, 1.594185092386e-06, 0.0000e+00, 0.0000e+00, 
 2DIAGNOSTIC,    25, -4.675272354034e-01, 1.147458763749e-06, 0.0000e+00, 0.0000e+00, 
 2DIAGNOSTIC,    26, -4.675266280962e-01, 1.142287807558e-06, 0.0000e+00, 0.0000e+00, 
 2DIAGNOSTIC,    27, -4.675269762540e-01, 1.155414029140e-06, 0.0000e+00, 0.0000e+00, 
 2DIAGNOSTIC,    28, -4.675272083896e-01, 1.188102342592e-06, 0.0000e+00, 0.0000e+00, 
 2DIAGNOSTIC,    29, -4.675270485358e-01, 1.175221303419e-06, 0.0000e+00, 0.0000e+00, 
 2DIAGNOSTIC,    30, -4.675273293650e-01, 1.147660655489e-06, 0.0000e+00, 0.0000e+00, 
 2DIAGNOSTIC,    31, -4.675268218608e-01, 1.084698554206e-06, 0.0000e+00, 0.0000e+00, 
 2DIAGNOSTIC,    32, -4.675270812052e-01, 1.013853291161e-06, 0.0000e+00, 0.0000e+00, 
DIAGNOSTIC,Iteration,metricValue,convergenceValue,ITERATION_TIME_INDEX,SINCE_LAST
 2DIAGNOSTIC,     1, -4.257348326735e-01, 1.797693134862e+308, 0.0000e+00, 0.0000e+00, 
 2DIAGNOSTIC,     2, -4.258233233474e-01, 1.797693134862e+308, 0.0000e+00, 0.0000e+00, 
 2DIAGNOSTIC,     3, -4.259271380342e-01, 1.797693134862e+308, 0.0000e+00, 0.0000e+00, 
 2DIAGNOSTIC,     4, -4.259344573478e-01, 1.797693134862e+308, 0.0000e+00, 0.0000e+00, 
 2DIAGNOSTIC,     5, -4.259416596048e-01, 1.797693134862e+308, 0.0000e+00, 0.0000e+00, 
 2DIAGNOSTIC,     6, -4.259426159396e-01, 1.797693134862e+308, 0.0000e+00, 0.0000e+00, 
 2DIAGNOSTIC,     7, -4.259533958773e-01, 1.797693134862e+308, 0.0000e+00, 0.0000e+00, 
 2DIAGNOSTIC,     8, -4.259812239677e-01, 1.797693134862e+308, 0.0000e+00, 0.0000e+00, 
 2DIAGNOSTIC,     9, -4.260221019884e-01, 1.797693134862e+308, 0.0000e+00, 0.0000e+00, 
 2DIAGNOSTIC,    10, -4.260754074048e-01, 4.062770939624e-05, 0.0000e+00, 0.0000e+00, 
 2DIAGNOSTIC,    11, -4.260757615021e-01, 3.102298572949e-05, 0.0000e+00, 0.0000e+00, 
 2DIAGNOSTIC,    12, -4.260759686949e-01, 2.533103441718e-05, 0.0000e+00, 0.0000e+00, 
 2DIAGNOSTIC,    13, -4.260760949556e-01, 2.380690615277e-05, 0.0000e+00, 0.0000e+00, 
 2DIAGNOSTIC,    14, -4.260760616369e-01, 2.085971388917e-05, 0.0000e+00, 0.0000e+00, 
 2DIAGNOSTIC,    15, -4.260760614720e-01, 1.690721011829e-05, 0.0000e+00, 0.0000e+00, 
 2DIAGNOSTIC,    16, -4.260758701151e-01, 1.214523832783e-05, 0.0000e+00, 0.0000e+00, 
 2DIAGNOSTIC,    17, -4.260758694885e-01, 7.453772675643e-06, 0.0000e+00, 0.0000e+00, 
 2DIAGNOSTIC,    18, -4.260758689785e-01, 3.779831780203e-06, 0.0000e+00, 0.0000e+00, 
 2DIAGNOSTIC,    19, -4.260758221187e-01, 1.686451349930e-06, 0.0000e+00, 0.0000e+00, 
 2DIAGNOSTIC,    20, -4.260758127456e-01, 1.579072110056e-06, 0.0000e+00, 0.0000e+00, 
 2DIAGNOSTIC,    21, -4.260758090522e-01, 1.494097042726e-06, 0.0000e+00, 0.0000e+00, 
 2DIAGNOSTIC,    22, -4.260758095135e-01, 1.424992400016e-06, 0.0000e+00, 0.0000e+00, 
 2DIAGNOSTIC,    23, -4.260758085719e-01, 1.367464451049e-06, 0.0000e+00, 0.0000e+00, 
 2DIAGNOSTIC,    24, -4.260758303093e-01, 1.315863306997e-06, 0.0000e+00, 0.0000e+00, 
 2DIAGNOSTIC,    25, -4.260758333283e-01, 1.269536293633e-06, 0.0000e+00, 0.0000e+00, 
 2DIAGNOSTIC,    26, -4.260758376809e-01, 1.222263306143e-06, 0.0000e+00, 0.0000e+00, 
 2DIAGNOSTIC,    27, -4.260758053672e-01, 1.177810791814e-06, 0.0000e+00, 0.0000e+00, 
 2DIAGNOSTIC,    28, -4.260757895202e-01, 1.136254970002e-06, 0.0000e+00, 0.0000e+00, 
 2DIAGNOSTIC,    29, -4.260757934197e-01, 1.096586466735e-06, 0.0000e+00, 0.0000e+00, 
 2DIAGNOSTIC,    30, -4.260757945853e-01, 1.059415539968e-06, 0.0000e+00, 0.0000e+00, 
 2DIAGNOSTIC,    31, -4.260757959147e-01, 1.024705948358e-06, 0.0000e+00, 0.0000e+00, 
  Elapsed time (stage 0): 0.0000e+00


Total elapsed time: 0.0000e+00
Info [verificarlo]: loaded backend libinterflop_ieee.so
Info [interflop-ieee]: load backend with:
Info [interflop-ieee]: debug = false
Info [interflop-ieee]: debug-binary = false
Info [interflop-ieee]: no-backend-name = false
Info [interflop-ieee]: print-new-line = false
Info [interflop-ieee]: print-subnormal-normalized = false
Info [interflop-ieee]: count-op = false
All_Command_lines_OK
Using double precision for computations.
=============================================================================
The composite transform comprises the following transforms (in order): 
  1. /home/mdugre/scratch/mri-registration-rp/datasets/ds004513/derivatives/mri-registration-rp/0100/antsRegistration-r8-p20/sub-s033/rigid_Composite.h5[0] (type = Euler3DTransform)
  2. /home/mdugre/scratch/mri-registration-rp/datasets/ds004513/derivatives/mri-registration-rp/0100/antsRegistration-r8-p20/sub-s033/rigid_Composite.h5[1] (type = Euler3DTransform)
  3. /home/mdugre/scratch/mri-registration-rp/datasets/ds004513/derivatives/mri-registration-rp/0100/antsRegistration-r8-p20/sub-s033/rigid_Composite.h5[2] (type = Euler3DTransform)
=============================================================================
  number of levels = 4
  fixed image: /templateflow/tpl-MNI152NLin2009cAsym/tpl-MNI152NLin2009cAsym_res-01_desc-brain_T1w.nii.gz
  moving image: /home/mdugre/scratch/mri-registration-rp/datasets/ds004513/derivatives/mri-registration-rp/antsBrainExtraction/sub-s033/BrainExtractionBrain.nii.gz
Dimension = 3
Number of stages = 1
Use histogram matching = false
Winsorize image intensities = true
  Lower quantile = 0.005
  Upper quantile = 0.995


Stage 1 State
   Image metric = MattesMI
     Fixed image = Image (0x339b7e0)
  RTTI typeinfo:   itk::Image<double, 3u>
  Reference Count: 2
  Modified Time: 1592
  Debug: Off
  Object Name: 
  Observers: 
    none
  Source: (none)
  Source output name: (none)
  Release Data: Off
  Data Released: False
  Global Release Data: Off
  PipelineMTime: 0
  UpdateMTime: 1203
  RealTimeStamp: 0 seconds 
  LargestPossibleRegion: 
    Dimension: 3
    Index: [0, 0, 0]
    Size: [193, 229, 193]
  BufferedRegion: 
    Dimension: 3
    Index: [0, 0, 0]
    Size: [193, 229, 193]
  RequestedRegion: 
    Dimension: 3
    Index: [0, 0, 0]
    Size: [193, 229, 193]
  Spacing: [1, 1, 1]
  Origin: [96, 132, -78]
  Direction: 
-1 0 0
0 -1 0
0 0 1

  IndexToPointMatrix: 
-1 0 0
0 -1 0
0 0 1

  PointToIndexMatrix: 
-1 0 0
0 -1 0
0 0 1

  Inverse Direction: 
-1 0 0
0 -1 0
0 0 1

  PixelContainer: 
    ImportImageContainer (0x3466880)
      RTTI typeinfo:   itk::ImportImageContainer<unsigned long, double>
      Reference Count: 1
      Modified Time: 1200
      Debug: Off
      Object Name: 
      Observers: 
        none
      Pointer: 0x145e7e10d010
      Container manages memory: true
      Size: 8530021
      Capacity: 8530021

     Moving image = Image (0x3457050)
  RTTI typeinfo:   itk::Image<double, 3u>
  Reference Count: 2
  Modified Time: 1593
  Debug: Off
  Object Name: 
  Observers: 
    none
  Source: (none)
  Source output name: (none)
  Release Data: Off
  Data Released: False
  Global Release Data: Off
  PipelineMTime: 0
  UpdateMTime: 1590
  RealTimeStamp: 0 seconds 
  LargestPossibleRegion: 
    Dimension: 3
    Index: [0, 0, 0]
    Size: [160, 240, 256]
  BufferedRegion: 
    Dimension: 3
    Index: [0, 0, 0]
    Size: [160, 240, 256]
  RequestedRegion: 
    Dimension: 3
    Index: [0, 0, 0]
    Size: [160, 240, 256]
  Spacing: [1, 1, 1]
  Origin: [91.5134, 94.282, -109.927]
  Direction: 
-0.99591 -0.0698718 -0.0572835
0.0697565 -0.997556 0.00401236
-0.0574239 5.01125e-08 0.99835

  IndexToPointMatrix: 
-0.99591 -0.0698718 -0.0572835
0.0697565 -0.997556 0.00401236
-0.0574239 5.01125e-08 0.99835

  PointToIndexMatrix: 
-0.99591 0.0697565 -0.0574239
-0.0698718 -0.997556 5.01483e-08
-0.0572835 0.00401236 0.99835

  Inverse Direction: 
-0.99591 0.0697565 -0.0574239
-0.0698718 -0.997556 5.01483e-08
-0.0572835 0.00401236 0.99835

  PixelContainer: 
    ImportImageContainer (0x350a690)
      RTTI typeinfo:   itk::ImportImageContainer<unsigned long, double>
      Reference Count: 1
      Modified Time: 1587
      Debug: Off
      Object Name: 
      Observers: 
        none
      Pointer: 0x145e7960c010
      Container manages memory: true
      Size: 9830400
      Capacity: 9830400

     Weighting = 1
     Sampling strategy = regular
     Number of bins = 32
     Radius = 4
     Sampling percentage  = 0.25
   Transform = Affine
     Gradient step = 0.1
     Update field sigma (voxel space) = 0
     Total field sigma (voxel space) = 0
     Update field time sigma = 0
     Total field time sigma  = 0
     Number of time indices = 0
     Number of time point samples = 0
Registration using 1 total stages.

Stage 0
  iterations = 1000x500x250x100
  convergence threshold = 1e-06
  convergence window size = 10
  number of levels = 4
  using the Mattes MI metric (number of bins = 32, weight = 1, use gradient filter = 0)
  preprocessing:  winsorizing the image intensities
  Shrink factors (level 1 out of 4): [8, 8, 8]
  Shrink factors (level 2 out of 4): [4, 4, 4]
  Shrink factors (level 3 out of 4): [2, 2, 2]
  Shrink factors (level 4 out of 4): [1, 1, 1]
  smoothing sigmas per level: [3, 2, 1, 0]
  regular sampling (percentage = 0.25)

*** Running AffineTransform registration ***

DIAGNOSTIC,Iteration,metricValue,convergenceValue,ITERATION_TIME_INDEX,SINCE_LAST
 2DIAGNOSTIC,     1, -6.384918406425e-01, 1.797693134862e+308, 7.7421e-01, 7.7421e-01, 
 2DIAGNOSTIC,     2, -6.411301348688e-01, 1.797693134862e+308, 7.7980e-01, 5.5940e-03, 
 2DIAGNOSTIC,     3, -6.455003309334e-01, 1.797693134862e+308, 7.8506e-01, 5.2629e-03, 
 2DIAGNOSTIC,     4, -6.522330194991e-01, 1.797693134862e+308, 7.9037e-01, 5.3082e-03, 
 2DIAGNOSTIC,     5, -6.629145431889e-01, 1.797693134862e+308, 7.9542e-01, 5.0528e-03, 
 2DIAGNOSTIC,     6, -6.811050296059e-01, 1.797693134862e+308, 8.0056e-01, 5.1379e-03, 
 2DIAGNOSTIC,     7, -7.293467085855e-01, 1.797693134862e+308, 8.0669e-01, 6.1281e-03, 
 2DIAGNOSTIC,     8, -8.375580264745e-01, 1.797693134862e+308, 8.1266e-01, 5.9710e-03, 
 2DIAGNOSTIC,     9, -8.652347251603e-01, 1.797693134862e+308, 8.1857e-01, 5.9080e-03, 
 2DIAGNOSTIC,    10, -8.740119432805e-01, 2.379997709210e-02, 8.2564e-01, 7.0741e-03, 
 2DIAGNOSTIC,    11, -8.799862380159e-01, 2.375410755070e-02, 8.3104e-01, 5.3918e-03, 
 2DIAGNOSTIC,    12, -9.015368024930e-01, 2.230844038709e-02, 8.3695e-01, 5.9152e-03, 
 2DIAGNOSTIC,    13, -9.056661567803e-01, 1.931278730763e-02, 8.4276e-01, 5.8081e-03, 
 2DIAGNOSTIC,    14, -9.056277873282e-01, 1.526462300208e-02, 8.4917e-01, 6.4139e-03, 
 2DIAGNOSTIC,    15, -9.052730119096e-01, 1.076214944279e-02, 8.5475e-01, 5.5790e-03, 
 2DIAGNOSTIC,    16, -9.053862383122e-01, 6.345121776371e-03, 8.6124e-01, 6.4900e-03, 
 2DIAGNOSTIC,    17, -9.051684641259e-01, 2.884643035198e-03, 8.6702e-01, 5.7778e-03, 
 2DIAGNOSTIC,    18, -9.051096937617e-01, 1.707619607602e-03, 8.7206e-01, 5.0380e-03, 
 2DIAGNOSTIC,    19, -9.051025013816e-01, 1.027817565262e-03, 8.7797e-01, 5.9159e-03, 
 2DIAGNOSTIC,    20, -9.050374508910e-01, 4.840905134488e-04, 8.8343e-01, 5.4610e-03, 
 2DIAGNOSTIC,    21, -9.051724621994e-01, 4.483759583863e-05, 8.8891e-01, 5.4750e-03, 
DIAGNOSTIC,Iteration,metricValue,convergenceValue,ITERATION_TIME_INDEX,SINCE_LAST
 2DIAGNOSTIC,     1, -7.420739821990e-01, 1.797693134862e+308, 1.6240e+00, 7.3510e-01, 
 2DIAGNOSTIC,     2, -7.429359305355e-01, 1.797693134862e+308, 1.6641e+00, 4.0079e-02, 
 2DIAGNOSTIC,     3, -7.439872937671e-01, 1.797693134862e+308, 1.7067e+00, 4.2593e-02, 
 2DIAGNOSTIC,     4, -7.449904331738e-01, 1.797693134862e+308, 1.7444e+00, 3.7769e-02, 
 2DIAGNOSTIC,     5, -7.461729781320e-01, 1.797693134862e+308, 1.7810e+00, 3.6524e-02, 
 2DIAGNOSTIC,     6, -7.473889250081e-01, 1.797693134862e+308, 1.8243e+00, 4.3284e-02, 
 2DIAGNOSTIC,     7, -7.482679467402e-01, 1.797693134862e+308, 1.8878e+00, 6.3546e-02, 
 2DIAGNOSTIC,     8, -7.482335783754e-01, 1.797693134862e+308, 1.9228e+00, 3.4956e-02, 
 2DIAGNOSTIC,     9, -7.482618145545e-01, 1.797693134862e+308, 1.9654e+00, 4.2646e-02, 
 2DIAGNOSTIC,    10, -7.482872501647e-01, 5.966360270476e-04, 2.0063e+00, 4.0880e-02, 
 2DIAGNOSTIC,    11, -7.483016633296e-01, 4.365838727712e-04, 2.0455e+00, 3.9218e-02, 
 2DIAGNOSTIC,    12, -7.483099553082e-01, 2.914480925834e-04, 2.0878e+00, 4.2325e-02, 
 2DIAGNOSTIC,    13, -7.483243011470e-01, 1.739129949053e-04, 2.1299e+00, 4.2060e-02, 
 2DIAGNOSTIC,    14, -7.483141361475e-01, 8.448265192690e-05, 2.1699e+00, 4.0016e-02, 
 2DIAGNOSTIC,    15, -7.483281961922e-01, 2.922573410255e-05, 2.2165e+00, 4.6595e-02, 
 2DIAGNOSTIC,    16, -7.483466570779e-01, 7.147041054700e-06, 2.2612e+00, 4.4666e-02, 
 2DIAGNOSTIC,    17, -7.483615791001e-01, 7.224823027473e-06, 2.3048e+00, 4.3674e-02, 
 2DIAGNOSTIC,    18, -7.483989677286e-01, 6.853411876541e-06, 2.3559e+00, 5.1045e-02, 
 2DIAGNOSTIC,    19, -7.484468504674e-01, 7.555160731913e-06, 2.3999e+00, 4.4056e-02, 
 2DIAGNOSTIC,    20, -7.485057516647e-01, 9.224821443582e-06, 2.4492e+00, 4.9283e-02, 
 2DIAGNOSTIC,    21, -7.485308332146e-01, 1.071874935071e-05, 2.4937e+00, 4.4433e-02, 
 2DIAGNOSTIC,    22, -7.485651971124e-01, 1.195499220226e-05, 2.5388e+00, 4.5126e-02, 
 2DIAGNOSTIC,    23, -7.485929055140e-01, 1.279874955821e-05, 2.5859e+00, 4.7088e-02, 
 2DIAGNOSTIC,    24, -7.485956974977e-01, 1.236837383609e-05, 2.6381e+00, 5.2213e-02, 
 2DIAGNOSTIC,    25, -7.486033589530e-01, 1.126317628918e-05, 2.6896e+00, 5.1547e-02, 
 2DIAGNOSTIC,    26, -7.486342069694e-01, 1.002902639156e-05, 2.7407e+00, 5.1062e-02, 
 2DIAGNOSTIC,    27, -7.486500947891e-01, 8.476146775960e-06, 2.7848e+00, 4.4094e-02, 
 2DIAGNOSTIC,    28, -7.486734310666e-01, 7.159502265937e-06, 2.8366e+00, 5.1809e-02, 
 2DIAGNOSTIC,    29, -7.486777748429e-01, 6.036849188241e-06, 2.8995e+00, 6.2952e-02, 
 2DIAGNOSTIC,    30, -7.486734710260e-01, 5.217886527041e-06, 2.9426e+00, 4.3010e-02, 
 2DIAGNOSTIC,    31, -7.486625439107e-01, 4.223904913017e-06, 2.9937e+00, 5.1160e-02, 
 2DIAGNOSTIC,    32, -7.486668983734e-01, 3.439908391252e-06, 3.0392e+00, 4.5492e-02, 
 2DIAGNOSTIC,    33, -7.486607046198e-01, 2.716186024695e-06, 3.0854e+00, 4.6170e-02, 
 2DIAGNOSTIC,    34, -7.486532806523e-01, 1.820625905046e-06, 3.1304e+00, 4.5020e-02, 
DIAGNOSTIC,Iteration,metricValue,convergenceValue,ITERATION_TIME_INDEX,SINCE_LAST
 2DIAGNOSTIC,     1, -6.325032258794e-01, 1.797693134862e+308, 4.3363e+00, 1.2059e+00, 
 2DIAGNOSTIC,     2, -6.331054298953e-01, 1.797693134862e+308, 4.6704e+00, 3.3407e-01, 
 2DIAGNOSTIC,     3, -6.337478994028e-01, 1.797693134862e+308, 4.9945e+00, 3.2416e-01, 
 2DIAGNOSTIC,     4, -6.345898572253e-01, 1.797693134862e+308, 5.3059e+00, 3.1137e-01, 
 2DIAGNOSTIC,     5, -6.367739733241e-01, 1.797693134862e+308, 6.0325e+00, 7.2660e-01, 
 2DIAGNOSTIC,     6, -6.367687781683e-01, 1.797693134862e+308, 6.3662e+00, 3.3371e-01, 
 2DIAGNOSTIC,     7, -6.367685601390e-01, 1.797693134862e+308, 6.7132e+00, 3.4704e-01, 
 2DIAGNOSTIC,     8, -6.367657201257e-01, 1.797693134862e+308, 7.0191e+00, 3.0589e-01, 
 2DIAGNOSTIC,     9, -6.367623937662e-01, 1.797693134862e+308, 7.3405e+00, 3.2136e-01, 
 2DIAGNOSTIC,    10, -6.367632671835e-01, 4.768177209999e-04, 7.6873e+00, 3.4682e-01, 
 2DIAGNOSTIC,    11, -6.367635002864e-01, 3.205476706500e-04, 7.9978e+00, 3.1054e-01, 
 2DIAGNOSTIC,    12, -6.367648213675e-01, 1.853947968151e-04, 8.3590e+00, 3.6121e-01, 
 2DIAGNOSTIC,    13, -6.367609281999e-01, 7.660317478951e-05, 8.7793e+00, 4.2029e-01, 
 2DIAGNOSTIC,    14, -6.367611937371e-01, 1.536221797202e-06, 9.1383e+00, 3.5899e-01, 
 2DIAGNOSTIC,    15, -6.367576092094e-01, 1.533676312643e-06, 9.4500e+00, 3.1171e-01, 
 2DIAGNOSTIC,    16, -6.367568521838e-01, 1.417825616856e-06, 9.7416e+00, 2.9157e-01, 
 2DIAGNOSTIC,    17, -6.367565420114e-01, 1.355255082242e-06, 1.0062e+01, 3.2045e-01, 
 2DIAGNOSTIC,    18, -6.367566792105e-01, 1.283162613969e-06, 1.0335e+01, 2.7329e-01, 
 2DIAGNOSTIC,    19, -6.367550025534e-01, 1.146122855754e-06, 1.0711e+01, 3.7549e-01, 
 2DIAGNOSTIC,    20, -6.367527916994e-01, 1.043336418281e-06, 1.1018e+01, 3.0710e-01, 
 2DIAGNOSTIC,    21, -6.367534070086e-01, 1.019351986320e-06, 1.1333e+01, 3.1543e-01, 
 2DIAGNOSTIC,    22, -6.367523877538e-01, 1.049916547924e-06, 1.1610e+01, 2.7654e-01, 
 2DIAGNOSTIC,    23, -6.367516382774e-01, 1.023702284442e-06, 1.1953e+01, 3.4345e-01, 
 2DIAGNOSTIC,    24, -6.367524241550e-01, 1.055719808865e-06, 1.2225e+01, 2.7197e-01, 
 2DIAGNOSTIC,    25, -6.367523211800e-01, 1.044952897745e-06, 1.2593e+01, 3.6725e-01, 
 2DIAGNOSTIC,    26, -6.367529124192e-01, 1.053399673996e-06, 1.2903e+01, 3.1061e-01, 
 2DIAGNOSTIC,    27, -6.367496618707e-01, 1.017631473990e-06, 1.3216e+01, 3.1250e-01, 
 2DIAGNOSTIC,    28, -6.367513274817e-01, 1.030687938684e-06, 1.3643e+01, 4.2763e-01, 
 2DIAGNOSTIC,    29, -6.367517895903e-01, 1.033658309904e-06, 1.3969e+01, 3.2597e-01, 
DIAGNOSTIC,Iteration,metricValue,convergenceValue,ITERATION_TIME_INDEX,SINCE_LAST
 2DIAGNOSTIC,     1, -5.628046643988e-01, 1.797693134862e+308, 1.7076e+01, 3.1063e+00, 
