
##########################
# Experiment information #
##########################

EXPERIMENT_NAME: antsRegistration-r8-p9
VFC_BACKENDS: libinterflop_vprec.so --range-binary32=8 --precision-binary32=9 --range-binary64=8 --precision-binary64=9

SIF_IMG: /home/mdugre/projects/rrg-glatard/mdugre/containers/ants-vprec-no_metrics.simg

SUBJECT_ID: s017
INPUT_IMG: /home/mdugre/scratch/mri-registration-rp/datasets/ds004513/derivatives/mri-registration-rp/antsBrainExtraction/sub-s017/BrainExtractionBrain.nii.gz
OUTPUT_DIR: /home/mdugre/scratch/mri-registration-rp/datasets/ds004513/derivatives/mri-registration-rp/0100/antsRegistration-r8-p9/sub-s017

FIXED_IMG: /templateflow/tpl-MNI152NLin2009cAsym/tpl-MNI152NLin2009cAsym_res-01_desc-brain_T1w.nii.gz
DATA_DIR: /home/mdugre/scratch/mri-registration-rp/datasets/ds004513
TEMPLATEFLOW_DIR: /home/mdugre/projects/rrg-glatard/mdugre/templateflow
ITK_GLOBAL_DEFAULT_NUMBER_OF_THREADS: 16
##########################

Info [verificarlo]: loaded backend libinterflop_ieee.so
Info [interflop-ieee]: load backend with:
Info [interflop-ieee]: debug = false
Info [interflop-ieee]: debug-binary = false
Info [interflop-ieee]: no-backend-name = false
Info [interflop-ieee]: print-new-line = false
Info [interflop-ieee]: print-subnormal-normalized = false
Info [interflop-ieee]: count-op = false
All_Command_lines_OK
Using double precision for computations.
=============================================================================
The composite transform comprises the following transforms (in order): 
  1. Center of mass alignment using fixed image: /templateflow/tpl-MNI152NLin2009cAsym/tpl-MNI152NLin2009cAsym_res-01_desc-brain_T1w.nii.gz and moving image: /home/mdugre/scratch/mri-registration-rp/datasets/ds004513/derivatives/mri-registration-rp/antsBrainExtraction/sub-s017/BrainExtractionBrain.nii.gz (type = Euler3DTransform)
=============================================================================
  number of levels = 1
  fixed image: /templateflow/tpl-MNI152NLin2009cAsym/tpl-MNI152NLin2009cAsym_res-01_desc-brain_T1w.nii.gz
  moving image: /home/mdugre/scratch/mri-registration-rp/datasets/ds004513/derivatives/mri-registration-rp/antsBrainExtraction/sub-s017/BrainExtractionBrain.nii.gz
Dimension = 3
Number of stages = 1
Use histogram matching = false
Winsorize image intensities = true
  Lower quantile = 0.005
  Upper quantile = 0.995


Stage 1 State
   Image metric = MattesMI
     Fixed image = Image (0x328dbd0)
  RTTI typeinfo:   itk::Image<double, 3u>
  Reference Count: 2
  Modified Time: 2334
  Debug: Off
  Object Name: 
  Observers: 
    none
  Source: (none)
  Source output name: (none)
  Release Data: Off
  Data Released: False
  Global Release Data: Off
  PipelineMTime: 0
  UpdateMTime: 1943
  RealTimeStamp: 0 seconds 
  LargestPossibleRegion: 
    Dimension: 3
    Index: [0, 0, 0]
    Size: [193, 229, 193]
  BufferedRegion: 
    Dimension: 3
    Index: [0, 0, 0]
    Size: [193, 229, 193]
  RequestedRegion: 
    Dimension: 3
    Index: [0, 0, 0]
    Size: [193, 229, 193]
  Spacing: [1, 1, 1]
  Origin: [96, 132, -78]
  Direction: 
-1 0 0
0 -1 0
0 0 1

  IndexToPointMatrix: 
-1 0 0
0 -1 0
0 0 1

  PointToIndexMatrix: 
-1 0 0
0 -1 0
0 0 1

  Inverse Direction: 
-1 0 0
0 -1 0
0 0 1

  PixelContainer: 
    ImportImageContainer (0x32969e0)
      RTTI typeinfo:   itk::ImportImageContainer<unsigned long, double>
      Reference Count: 1
      Modified Time: 1940
      Debug: Off
      Object Name: 
      Observers: 
        none
      Pointer: 0x1474afd79010
      Container manages memory: true
      Size: 8530021
      Capacity: 8530021

     Moving image = Image (0x3297bd0)
  RTTI typeinfo:   itk::Image<double, 3u>
  Reference Count: 2
  Modified Time: 2335
  Debug: Off
  Object Name: 
  Observers: 
    none
  Source: (none)
  Source output name: (none)
  Release Data: Off
  Data Released: False
  Global Release Data: Off
  PipelineMTime: 0
  UpdateMTime: 2332
  RealTimeStamp: 0 seconds 
  LargestPossibleRegion: 
    Dimension: 3
    Index: [0, 0, 0]
    Size: [160, 240, 256]
  BufferedRegion: 
    Dimension: 3
    Index: [0, 0, 0]
    Size: [160, 240, 256]
  RequestedRegion: 
    Dimension: 3
    Index: [0, 0, 0]
    Size: [160, 240, 256]
  Spacing: [1, 1, 1]
  Origin: [91.3357, 102.231, -120.042]
  Direction: 
-0.997442 -5.36781e-05 -0.0714818
5.35416e-05 -1 3.82465e-06
-0.0714818 -1.23894e-08 0.997442

  IndexToPointMatrix: 
-0.997444 -5.36781e-05 -0.0714818
5.35418e-05 -1 3.82465e-06
-0.0714819 -1.23894e-08 0.997442

  PointToIndexMatrix: 
-0.99744 5.35415e-05 -0.0714816
-5.36781e-05 -1 -1.23894e-08
-0.0714818 3.82465e-06 0.997442

  Inverse Direction: 
-0.997442 5.35416e-05 -0.0714818
-5.36781e-05 -1 -1.23894e-08
-0.0714818 3.82465e-06 0.997442

  PixelContainer: 
    ImportImageContainer (0x341db50)
      RTTI typeinfo:   itk::ImportImageContainer<unsigned long, double>
      Reference Count: 1
      Modified Time: 2329
      Debug: Off
      Object Name: 
      Observers: 
        none
      Pointer: 0x1474ab278010
      Container manages memory: true
      Size: 9830400
      Capacity: 9830400

     Weighting = 1
     Sampling strategy = regular
     Number of bins = 32
     Radius = 4
     Sampling percentage  = 0.25
   Transform = Rigid
     Gradient step = 0.1
     Update field sigma (voxel space) = 0
     Total field sigma (voxel space) = 0
     Update field time sigma = 0
     Total field time sigma  = 0
     Number of time indices = 0
     Number of time point samples = 0
Registration using 1 total stages.

Stage 0
  iterations = 0
  convergence threshold = 1e-06
  convergence window size = 10
  number of levels = 1
  using the Mattes MI metric (number of bins = 32, weight = 1, use gradient filter = 0)
  preprocessing:  winsorizing the image intensities
  Shrink factors (level 1 out of 1): [1, 1, 1]
  smoothing sigmas per level: [0]
  regular sampling (percentage = 0.25)

*** Running Euler3DTransform registration ***

  Elapsed time (stage 0): 1.16637


Total elapsed time: 1.16859
Info [verificarlo]: loaded backend libinterflop_vprec.so
Info [interflop-vprec]: load backend with: 
Info [interflop-vprec]: precision-binary32 = 9
Info [interflop-vprec]: range-binary32 = 8
Info [interflop-vprec]: precision-binary64 = 9
Info [interflop-vprec]: range-binary64 = 8
Info [interflop-vprec]: mode = ob
Info [interflop-vprec]: error-mode = rel
Info [interflop-vprec]: max-abs-error-exponent = -1022
Info [interflop-vprec]: daz = false
Info [interflop-vprec]: ftz = false
Info [interflop-vprec]: 	instrument = none
Info [interflop-vprec]: 	prec-input-file = (null)
Info [interflop-vprec]: 	prec-output-file = (null)
Info [interflop-vprec]: 	prec-log-file = (null)
All_Command_lines_OK
Using double precision for computations.
=============================================================================
The composite transform comprises the following transforms (in order): 
  1. /home/mdugre/scratch/mri-registration-rp/datasets/ds004513/derivatives/mri-registration-rp/0100/antsRegistration-r8-p9/sub-s017/align_Composite.h5[0] (type = Euler3DTransform)
  2. /home/mdugre/scratch/mri-registration-rp/datasets/ds004513/derivatives/mri-registration-rp/0100/antsRegistration-r8-p9/sub-s017/align_Composite.h5[1] (type = Euler3DTransform)
=============================================================================
  number of levels = 4
  fixed image: /templateflow/tpl-MNI152NLin2009cAsym/tpl-MNI152NLin2009cAsym_res-01_desc-brain_T1w.nii.gz
  moving image: /home/mdugre/scratch/mri-registration-rp/datasets/ds004513/derivatives/mri-registration-rp/antsBrainExtraction/sub-s017/BrainExtractionBrain.nii.gz
Dimension = 3
Number of stages = 1
Use histogram matching = false
Winsorize image intensities = true
  Lower quantile = 0.005
  Upper quantile = 0.995


Stage 1 State
   Image metric = MattesMI
     Fixed image = Image (0x4ed91e0)
  RTTI typeinfo:   itk::Image<double, 3u>
  Reference Count: 2
  Modified Time: 1578
  Debug: Off
  Object Name: 
  Observers: 
    none
  Source: (none)
  Source output name: (none)
  Release Data: Off
  Data Released: False
  Global Release Data: Off
  PipelineMTime: 0
  UpdateMTime: 1189
  RealTimeStamp: 0 seconds 
  LargestPossibleRegion: 
    Dimension: 3
    Index: [0, 0, 0]
    Size: [193, 229, 193]
  BufferedRegion: 
    Dimension: 3
    Index: [0, 0, 0]
    Size: [193, 229, 193]
  RequestedRegion: 
    Dimension: 3
    Index: [0, 0, 0]
    Size: [193, 229, 193]
  Spacing: [1, 1, 1]
  Origin: [96, 132, -78]
  Direction: 
-1 0 0
0 -1 0
0 0 1

  IndexToPointMatrix: 
-1 0 0
0 -1 0
0 0 1

  PointToIndexMatrix: 
-1 0 0
0 -1 0
0 0 1

  Inverse Direction: 
-1 0 0
0 -1 0
0 0 1

  PixelContainer: 
    ImportImageContainer (0x4f98680)
      RTTI typeinfo:   itk::ImportImageContainer<unsigned long, double>
      Reference Count: 1
      Modified Time: 1186
      Debug: Off
      Object Name: 
      Observers: 
        none
      Pointer: 0x1483f8ecc010
      Container manages memory: true
      Size: 8530021
      Capacity: 8530021

     Moving image = Image (0x4f94b20)
  RTTI typeinfo:   itk::Image<double, 3u>
  Reference Count: 2
  Modified Time: 1579
  Debug: Off
  Object Name: 
  Observers: 
    none
  Source: (none)
  Source output name: (none)
  Release Data: Off
  Data Released: False
  Global Release Data: Off
  PipelineMTime: 0
  UpdateMTime: 1576
  RealTimeStamp: 0 seconds 
  LargestPossibleRegion: 
    Dimension: 3
    Index: [0, 0, 0]
    Size: [160, 240, 256]
  BufferedRegion: 
    Dimension: 3
    Index: [0, 0, 0]
    Size: [160, 240, 256]
  RequestedRegion: 
    Dimension: 3
    Index: [0, 0, 0]
    Size: [160, 240, 256]
  Spacing: [1, 1, 1]
  Origin: [91.375, 102.25, -120]
  Direction: 
-0.99707 -5.36442e-05 -0.0714111
5.34654e-05 -1 3.8147e-06
-0.0714111 -1.30385e-08 0.99707

  IndexToPointMatrix: 
-0.99707 -5.36442e-05 -0.0714111
5.34654e-05 -1 3.8147e-06
-0.0714111 -1.30385e-08 0.99707

  PointToIndexMatrix: 
-0.996094 5.34654e-05 -0.0714111
-5.35846e-05 -1 -1.30385e-08
-0.0714111 3.8147e-06 0.99707

  Inverse Direction: 
-0.996094 5.34654e-05 -0.0714111
-5.35846e-05 -1 -1.30385e-08
-0.0714111 3.8147e-06 0.99707

  PixelContainer: 
    ImportImageContainer (0x4ffdd50)
      RTTI typeinfo:   itk::ImportImageContainer<unsigned long, double>
      Reference Count: 1
      Modified Time: 1573
      Debug: Off
      Object Name: 
      Observers: 
        none
      Pointer: 0x1483f43cb010
      Container manages memory: true
      Size: 9830400
      Capacity: 9830400

     Weighting = 1
     Sampling strategy = regular
     Number of bins = 32
     Radius = 4
     Sampling percentage  = 0.25
   Transform = Rigid
     Gradient step = 0.1
     Update field sigma (voxel space) = 0
     Total field sigma (voxel space) = 0
     Update field time sigma = 0
     Total field time sigma  = 0
     Number of time indices = 0
     Number of time point samples = 0
Registration using 1 total stages.

Stage 0
  iterations = 1000x500x250x100
  convergence threshold = 1e-06
  convergence window size = 10
  number of levels = 4
  using the Mattes MI metric (number of bins = 32, weight = 1, use gradient filter = 0)
  preprocessing:  winsorizing the image intensities
  Shrink factors (level 1 out of 4): [8, 8, 8]
  Shrink factors (level 2 out of 4): [4, 4, 4]
  Shrink factors (level 3 out of 4): [2, 2, 2]
  Shrink factors (level 4 out of 4): [1, 1, 1]
  smoothing sigmas per level: [3, 2, 1, 0]
  regular sampling (percentage = 0.25)

*** Running Euler3DTransform registration ***

DIAGNOSTIC,Iteration,metricValue,convergenceValue,ITERATION_TIME_INDEX,SINCE_LAST
 2DIAGNOSTIC,     1, -5.509743917635e-01, 1.797693134862e+308, 0.0000e+00, 0.0000e+00, 
 2DIAGNOSTIC,     2, -5.516497102230e-01, 1.797693134862e+308, 0.0000e+00, 0.0000e+00, 
 2DIAGNOSTIC,     3, -5.521735509584e-01, 1.797693134862e+308, 0.0000e+00, 0.0000e+00, 
 2DIAGNOSTIC,     4, -5.524045087838e-01, 1.797693134862e+308, 0.0000e+00, 0.0000e+00, 
 2DIAGNOSTIC,     5, -5.528597722028e-01, 1.797693134862e+308, 0.0000e+00, 0.0000e+00, 
 2DIAGNOSTIC,     6, -5.544320009486e-01, 1.797693134862e+308, 0.0000e+00, 0.0000e+00, 
 2DIAGNOSTIC,     7, -5.564960972873e-01, 1.797693134862e+308, 0.0000e+00, 0.0000e+00, 
 2DIAGNOSTIC,     8, -5.573153259912e-01, 1.797693134862e+308, 0.0000e+00, 0.0000e+00, 
 2DIAGNOSTIC,     9, -5.577551310741e-01, 1.797693134862e+308, 0.0000e+00, 0.0000e+00, 
 2DIAGNOSTIC,    10, -5.590079662538e-01, 9.814145444605e-04, 0.0000e+00, 0.0000e+00, 
 2DIAGNOSTIC,    11, -5.602873779452e-01, 9.676448870366e-04, 0.0000e+00, 0.0000e+00, 
 2DIAGNOSTIC,    12, -5.615786785525e-01, 9.504298795989e-04, 0.0000e+00, 0.0000e+00, 
 2DIAGNOSTIC,    13, -5.616881999673e-01, 8.750656155274e-04, 0.0000e+00, 0.0000e+00, 
 2DIAGNOSTIC,    14, -5.618669025107e-01, 7.482178599606e-04, 0.0000e+00, 0.0000e+00, 
 2DIAGNOSTIC,    15, -5.623808119588e-01, 6.025232061488e-04, 0.0000e+00, 0.0000e+00, 
 2DIAGNOSTIC,    16, -5.624640658397e-01, 4.700528958835e-04, 0.0000e+00, 0.0000e+00, 
 2DIAGNOSTIC,    17, -5.623993989015e-01, 3.694742442758e-04, 0.0000e+00, 0.0000e+00, 
 2DIAGNOSTIC,    18, -5.624083816073e-01, 2.702858114372e-04, 0.0000e+00, 0.0000e+00, 
 2DIAGNOSTIC,    19, -5.623283471945e-01, 1.661160768744e-04, 0.0000e+00, 0.0000e+00, 
 2DIAGNOSTIC,    20, -5.622908147339e-01, 8.722523153626e-05, 0.0000e+00, 0.0000e+00, 
 2DIAGNOSTIC,    21, -5.622083106644e-01, 3.592070303285e-05, 0.0000e+00, 0.0000e+00, 
 2DIAGNOSTIC,    22, -5.622286267968e-01, 1.650418960945e-05, 0.0000e+00, 0.0000e+00, 
DIAGNOSTIC,Iteration,metricValue,convergenceValue,ITERATION_TIME_INDEX,SINCE_LAST
 2DIAGNOSTIC,     1, -4.721158667022e-01, 1.797693134862e+308, 0.0000e+00, 0.0000e+00, 
 2DIAGNOSTIC,     2, -4.722448727071e-01, 1.797693134862e+308, 0.0000e+00, 0.0000e+00, 
 2DIAGNOSTIC,     3, -4.725585070019e-01, 1.797693134862e+308, 0.0000e+00, 0.0000e+00, 
 2DIAGNOSTIC,     4, -4.733474347479e-01, 1.797693134862e+308, 0.0000e+00, 0.0000e+00, 
 2DIAGNOSTIC,     5, -4.731300930503e-01, 1.797693134862e+308, 0.0000e+00, 0.0000e+00, 
 2DIAGNOSTIC,     6, -4.732926790544e-01, 1.797693134862e+308, 0.0000e+00, 0.0000e+00, 
 2DIAGNOSTIC,     7, -4.746169616605e-01, 1.797693134862e+308, 0.0000e+00, 0.0000e+00, 
 2DIAGNOSTIC,     8, -4.745108927187e-01, 1.797693134862e+308, 0.0000e+00, 0.0000e+00, 
 2DIAGNOSTIC,     9, -4.749799030017e-01, 1.797693134862e+308, 0.0000e+00, 0.0000e+00, 
 2DIAGNOSTIC,    10, -4.761294799069e-01, 5.035899947155e-04, 0.0000e+00, 0.0000e+00, 
 2DIAGNOSTIC,    11, -4.764908410941e-01, 5.111162393655e-04, 0.0000e+00, 0.0000e+00, 
 2DIAGNOSTIC,    12, -4.766240032410e-01, 4.838736447402e-04, 0.0000e+00, 0.0000e+00, 
 2DIAGNOSTIC,    13, -4.775703008772e-01, 4.748267942538e-04, 0.0000e+00, 0.0000e+00, 
 2DIAGNOSTIC,    14, -4.777569481911e-01, 4.656426828460e-04, 0.0000e+00, 0.0000e+00, 
 2DIAGNOSTIC,    15, -4.791380935321e-01, 4.613115685205e-04, 0.0000e+00, 0.0000e+00, 
 2DIAGNOSTIC,    16, -4.802490840501e-01, 4.603845669808e-04, 0.0000e+00, 0.0000e+00, 
 2DIAGNOSTIC,    17, -4.815436231275e-01, 5.094909579778e-04, 0.0000e+00, 0.0000e+00, 
 2DIAGNOSTIC,    18, -4.816008545163e-01, 5.040034121216e-04, 0.0000e+00, 0.0000e+00, 
 2DIAGNOSTIC,    19, -4.814572869494e-01, 4.624608134774e-04, 0.0000e+00, 0.0000e+00, 
 2DIAGNOSTIC,    20, -4.814436664757e-01, 4.161906619167e-04, 0.0000e+00, 0.0000e+00, 
 2DIAGNOSTIC,    21, -4.814433171972e-01, 3.453222059116e-04, 0.0000e+00, 0.0000e+00, 
 2DIAGNOSTIC,    22, -4.814528100756e-01, 2.517437490649e-04, 0.0000e+00, 0.0000e+00, 
 2DIAGNOSTIC,    23, -4.814345445917e-01, 1.674872835598e-04, 0.0000e+00, 0.0000e+00, 
 2DIAGNOSTIC,    24, -4.814550453887e-01, 7.971018838077e-05, 0.0000e+00, 0.0000e+00, 
 2DIAGNOSTIC,    25, -4.814658939710e-01, 2.430069234055e-05, 0.0000e+00, 0.0000e+00, 
DIAGNOSTIC,Iteration,metricValue,convergenceValue,ITERATION_TIME_INDEX,SINCE_LAST
 2DIAGNOSTIC,     1, -4.154489499369e-01, 1.797693134862e+308, 0.0000e+00, 0.0000e+00, 
 2DIAGNOSTIC,     2, -4.154521976146e-01, 1.797693134862e+308, 0.0000e+00, 0.0000e+00, 
 2DIAGNOSTIC,     3, -4.154480251217e-01, 1.797693134862e+308, 0.0000e+00, 0.0000e+00, 
 2DIAGNOSTIC,     4, -4.153586817935e-01, 1.797693134862e+308, 0.0000e+00, 0.0000e+00, 
 2DIAGNOSTIC,     5, -4.153839916571e-01, 1.797693134862e+308, 0.0000e+00, 0.0000e+00, 
 2DIAGNOSTIC,     6, -4.153895039526e-01, 1.797693134862e+308, 0.0000e+00, 0.0000e+00, 
 2DIAGNOSTIC,     7, -4.153944295677e-01, 1.797693134862e+308, 0.0000e+00, 0.0000e+00, 
 2DIAGNOSTIC,     8, -4.153937223086e-01, 1.797693134862e+308, 0.0000e+00, 0.0000e+00, 
 2DIAGNOSTIC,     9, -4.153974325230e-01, 1.797693134862e+308, 0.0000e+00, 0.0000e+00, 
DIAGNOSTIC,Iteration,metricValue,convergenceValue,ITERATION_TIME_INDEX,SINCE_LAST
 2DIAGNOSTIC,     1, -3.828559401260e-01, 1.797693134862e+308, 0.0000e+00, 0.0000e+00, 
 2DIAGNOSTIC,     2, -3.828551880036e-01, 1.797693134862e+308, 0.0000e+00, 0.0000e+00, 
 2DIAGNOSTIC,     3, -3.828549354676e-01, 1.797693134862e+308, 0.0000e+00, 0.0000e+00, 
 2DIAGNOSTIC,     4, -3.828551955560e-01, 1.797693134862e+308, 0.0000e+00, 0.0000e+00, 
 2DIAGNOSTIC,     5, -3.828538898216e-01, 1.797693134862e+308, 0.0000e+00, 0.0000e+00, 
 2DIAGNOSTIC,     6, -3.828532846237e-01, 1.797693134862e+308, 0.0000e+00, 0.0000e+00, 
 2DIAGNOSTIC,     7, -3.828515999537e-01, 1.797693134862e+308, 0.0000e+00, 0.0000e+00, 
 2DIAGNOSTIC,     8, -3.828513642374e-01, 1.797693134862e+308, 0.0000e+00, 0.0000e+00, 
 2DIAGNOSTIC,     9, -3.828514442167e-01, 1.797693134862e+308, 0.0000e+00, 0.0000e+00, 
  Elapsed time (stage 0): 0.0000e+00


Total elapsed time: 0.0000e+00
Info [verificarlo]: loaded backend libinterflop_ieee.so
Info [interflop-ieee]: load backend with:
Info [interflop-ieee]: debug = false
Info [interflop-ieee]: debug-binary = false
Info [interflop-ieee]: no-backend-name = false
Info [interflop-ieee]: print-new-line = false
Info [interflop-ieee]: print-subnormal-normalized = false
Info [interflop-ieee]: count-op = false
All_Command_lines_OK
Using double precision for computations.
=============================================================================
The composite transform comprises the following transforms (in order): 
  1. /home/mdugre/scratch/mri-registration-rp/datasets/ds004513/derivatives/mri-registration-rp/0100/antsRegistration-r8-p9/sub-s017/rigid_Composite.h5[0] (type = Euler3DTransform)
  2. /home/mdugre/scratch/mri-registration-rp/datasets/ds004513/derivatives/mri-registration-rp/0100/antsRegistration-r8-p9/sub-s017/rigid_Composite.h5[1] (type = Euler3DTransform)
  3. /home/mdugre/scratch/mri-registration-rp/datasets/ds004513/derivatives/mri-registration-rp/0100/antsRegistration-r8-p9/sub-s017/rigid_Composite.h5[2] (type = Euler3DTransform)
=============================================================================
  number of levels = 4
  fixed image: /templateflow/tpl-MNI152NLin2009cAsym/tpl-MNI152NLin2009cAsym_res-01_desc-brain_T1w.nii.gz
  moving image: /home/mdugre/scratch/mri-registration-rp/datasets/ds004513/derivatives/mri-registration-rp/antsBrainExtraction/sub-s017/BrainExtractionBrain.nii.gz
Dimension = 3
Number of stages = 1
Use histogram matching = false
Winsorize image intensities = true
  Lower quantile = 0.005
  Upper quantile = 0.995


Stage 1 State
   Image metric = MattesMI
     Fixed image = Image (0x5217530)
  RTTI typeinfo:   itk::Image<double, 3u>
  Reference Count: 2
  Modified Time: 1594
  Debug: Off
  Object Name: 
  Observers: 
    none
  Source: (none)
  Source output name: (none)
  Release Data: Off
  Data Released: False
  Global Release Data: Off
  PipelineMTime: 0
  UpdateMTime: 1203
  RealTimeStamp: 0 seconds 
  LargestPossibleRegion: 
    Dimension: 3
    Index: [0, 0, 0]
    Size: [193, 229, 193]
  BufferedRegion: 
    Dimension: 3
    Index: [0, 0, 0]
    Size: [193, 229, 193]
  RequestedRegion: 
    Dimension: 3
    Index: [0, 0, 0]
    Size: [193, 229, 193]
  Spacing: [1, 1, 1]
  Origin: [96, 132, -78]
  Direction: 
-1 0 0
0 -1 0
0 0 1

  IndexToPointMatrix: 
-1 0 0
0 -1 0
0 0 1

  PointToIndexMatrix: 
-1 0 0
0 -1 0
0 0 1

  Inverse Direction: 
-1 0 0
0 -1 0
0 0 1

  PixelContainer: 
    ImportImageContainer (0x52242b0)
      RTTI typeinfo:   itk::ImportImageContainer<unsigned long, double>
      Reference Count: 1
      Modified Time: 1200
      Debug: Off
      Object Name: 
      Observers: 
        none
      Pointer: 0x14f43e63d010
      Container manages memory: true
      Size: 8530021
      Capacity: 8530021

     Moving image = Image (0x52d2fd0)
  RTTI typeinfo:   itk::Image<double, 3u>
  Reference Count: 2
  Modified Time: 1595
  Debug: Off
  Object Name: 
  Observers: 
    none
  Source: (none)
  Source output name: (none)
  Release Data: Off
  Data Released: False
  Global Release Data: Off
  PipelineMTime: 0
  UpdateMTime: 1592
  RealTimeStamp: 0 seconds 
  LargestPossibleRegion: 
    Dimension: 3
    Index: [0, 0, 0]
    Size: [160, 240, 256]
  BufferedRegion: 
    Dimension: 3
    Index: [0, 0, 0]
    Size: [160, 240, 256]
  RequestedRegion: 
    Dimension: 3
    Index: [0, 0, 0]
    Size: [160, 240, 256]
  Spacing: [1, 1, 1]
  Origin: [91.3357, 102.231, -120.042]
  Direction: 
-0.997442 -5.36781e-05 -0.0714818
5.35416e-05 -1 3.82465e-06
-0.0714818 -1.23894e-08 0.997442

  IndexToPointMatrix: 
-0.997444 -5.36781e-05 -0.0714818
5.35418e-05 -1 3.82465e-06
-0.0714819 -1.23894e-08 0.997442

  PointToIndexMatrix: 
-0.99744 5.35415e-05 -0.0714816
-5.36781e-05 -1 -1.23894e-08
-0.0714818 3.82465e-06 0.997442

  Inverse Direction: 
-0.997442 5.35416e-05 -0.0714818
-5.36781e-05 -1 -1.23894e-08
-0.0714818 3.82465e-06 0.997442

  PixelContainer: 
    ImportImageContainer (0x52ea990)
      RTTI typeinfo:   itk::ImportImageContainer<unsigned long, double>
      Reference Count: 1
      Modified Time: 1589
      Debug: Off
      Object Name: 
      Observers: 
        none
      Pointer: 0x14f439b3c010
      Container manages memory: true
      Size: 9830400
      Capacity: 9830400

     Weighting = 1
     Sampling strategy = regular
     Number of bins = 32
     Radius = 4
     Sampling percentage  = 0.25
   Transform = Affine
     Gradient step = 0.1
     Update field sigma (voxel space) = 0
     Total field sigma (voxel space) = 0
     Update field time sigma = 0
     Total field time sigma  = 0
     Number of time indices = 0
     Number of time point samples = 0
Registration using 1 total stages.

Stage 0
  iterations = 1000x500x250x100
  convergence threshold = 1e-06
  convergence window size = 10
  number of levels = 4
  using the Mattes MI metric (number of bins = 32, weight = 1, use gradient filter = 0)
  preprocessing:  winsorizing the image intensities
  Shrink factors (level 1 out of 4): [8, 8, 8]
  Shrink factors (level 2 out of 4): [4, 4, 4]
  Shrink factors (level 3 out of 4): [2, 2, 2]
  Shrink factors (level 4 out of 4): [1, 1, 1]
  smoothing sigmas per level: [3, 2, 1, 0]
  regular sampling (percentage = 0.25)

*** Running AffineTransform registration ***

DIAGNOSTIC,Iteration,metricValue,convergenceValue,ITERATION_TIME_INDEX,SINCE_LAST
 2DIAGNOSTIC,     1, -5.788514987712e-01, 1.797693134862e+308, 1.2159e+00, 1.2159e+00, 
 2DIAGNOSTIC,     2, -5.812959190701e-01, 1.797693134862e+308, 1.2228e+00, 6.8512e-03, 
 2DIAGNOSTIC,     3, -5.855083072907e-01, 1.797693134862e+308, 1.2297e+00, 6.9261e-03, 
 2DIAGNOSTIC,     4, -5.922960530186e-01, 1.797693134862e+308, 1.2365e+00, 6.8140e-03, 
 2DIAGNOSTIC,     5, -6.042655770236e-01, 1.797693134862e+308, 1.2431e+00, 6.5949e-03, 
 2DIAGNOSTIC,     6, -6.240305954253e-01, 1.797693134862e+308, 1.2501e+00, 6.9618e-03, 
 2DIAGNOSTIC,     7, -6.570952322706e-01, 1.797693134862e+308, 1.2575e+00, 7.3779e-03, 
 2DIAGNOSTIC,     8, -7.707529870700e-01, 1.797693134862e+308, 1.2664e+00, 8.9769e-03, 
 2DIAGNOSTIC,     9, -8.243363604288e-01, 1.797693134862e+308, 1.2792e+00, 1.2759e-02, 
 2DIAGNOSTIC,    10, -8.286992068745e-01, 2.675843125574e-02, 1.2871e+00, 7.9300e-03, 
 2DIAGNOSTIC,    11, -8.427962534704e-01, 2.732605487996e-02, 1.2956e+00, 8.4600e-03, 
 2DIAGNOSTIC,    12, -8.576081877763e-01, 2.590610617692e-02, 1.3039e+00, 8.3480e-03, 
 2DIAGNOSTIC,    13, -8.654385303787e-01, 2.273907222818e-02, 1.3135e+00, 9.5551e-03, 
 2DIAGNOSTIC,    14, -8.688549006992e-01, 1.834395731632e-02, 1.3222e+00, 8.7471e-03, 
 2DIAGNOSTIC,    15, -8.770158544511e-01, 1.354833678438e-02, 1.3299e+00, 7.6251e-03, 
 2DIAGNOSTIC,    16, -8.819159641788e-01, 8.847340622079e-03, 1.3395e+00, 9.6769e-03, 
 2DIAGNOSTIC,    17, -8.826598269876e-01, 4.683933171434e-03, 1.3533e+00, 1.3724e-02, 
 2DIAGNOSTIC,    18, -8.830727315687e-01, 2.988319272965e-03, 1.3621e+00, 8.8310e-03, 
 2DIAGNOSTIC,    19, -8.835292799985e-01, 2.289816271470e-03, 1.3705e+00, 8.4291e-03, 
 2DIAGNOSTIC,    20, -8.846464525940e-01, 1.557007304382e-03, 1.3785e+00, 7.9420e-03, 
 2DIAGNOSTIC,    21, -8.860247057721e-01, 1.023339469150e-03, 1.3885e+00, 1.0048e-02, 
 2DIAGNOSTIC,    22, -8.860348086756e-01, 6.940576477294e-04, 1.3961e+00, 7.5650e-03, 
 2DIAGNOSTIC,    23, -8.868104273603e-01, 4.699786800271e-04, 1.4049e+00, 8.7769e-03, 
 2DIAGNOSTIC,    24, -8.874632882370e-01, 2.817078074426e-04, 1.4175e+00, 1.2631e-02, 
 2DIAGNOSTIC,    25, -8.876216450347e-01, 2.011965127482e-04, 1.4258e+00, 8.2829e-03, 
 2DIAGNOSTIC,    26, -8.875054185575e-01, 1.743037276532e-04, 1.4361e+00, 1.0358e-02, 
 2DIAGNOSTIC,    27, -8.872262149906e-01, 1.397790578169e-04, 1.4449e+00, 8.8060e-03, 
 2DIAGNOSTIC,    28, -8.872328397679e-01, 1.004851466111e-04, 1.4526e+00, 7.6981e-03, 
 2DIAGNOSTIC,    29, -8.870990006813e-01, 5.833731923049e-05, 1.4598e+00, 7.2050e-03, 
 2DIAGNOSTIC,    30, -8.871128732668e-01, 2.677273560794e-05, 1.4675e+00, 7.7031e-03, 
 2DIAGNOSTIC,    31, -8.871322841123e-01, 1.105455910252e-05, 1.4755e+00, 7.9031e-03, 
DIAGNOSTIC,Iteration,metricValue,convergenceValue,ITERATION_TIME_INDEX,SINCE_LAST
 2DIAGNOSTIC,     1, -7.457444823187e-01, 1.797693134862e+308, 2.6748e+00, 1.1993e+00, 
 2DIAGNOSTIC,     2, -7.464577304653e-01, 1.797693134862e+308, 2.7246e+00, 4.9876e-02, 
 2DIAGNOSTIC,     3, -7.470510798079e-01, 1.797693134862e+308, 2.7639e+00, 3.9284e-02, 
 2DIAGNOSTIC,     4, -7.478465411494e-01, 1.797693134862e+308, 2.8034e+00, 3.9476e-02, 
 2DIAGNOSTIC,     5, -7.490543483237e-01, 1.797693134862e+308, 2.8468e+00, 4.3381e-02, 
 2DIAGNOSTIC,     6, -7.509846440972e-01, 1.797693134862e+308, 2.9020e+00, 5.5219e-02, 
 2DIAGNOSTIC,     7, -7.509444033287e-01, 1.797693134862e+308, 2.9447e+00, 4.2675e-02, 
 2DIAGNOSTIC,     8, -7.509863684496e-01, 1.797693134862e+308, 2.9925e+00, 4.7798e-02, 
 2DIAGNOSTIC,     9, -7.509736340121e-01, 1.797693134862e+308, 3.0374e+00, 4.4973e-02, 
 2DIAGNOSTIC,    10, -7.509815712719e-01, 5.233581717957e-04, 3.0846e+00, 4.7187e-02, 
 2DIAGNOSTIC,    11, -7.509690503939e-01, 3.834464404319e-04, 3.1230e+00, 3.8399e-02, 
 2DIAGNOSTIC,    12, -7.509673002756e-01, 2.554554444542e-04, 3.1708e+00, 4.7777e-02, 
 2DIAGNOSTIC,    13, -7.509529397139e-01, 1.419230786422e-04, 3.2130e+00, 4.2236e-02, 
 2DIAGNOSTIC,    14, -7.509346658152e-01, 5.269918351804e-05, 3.2521e+00, 3.9019e-02, 
DIAGNOSTIC,Iteration,metricValue,convergenceValue,ITERATION_TIME_INDEX,SINCE_LAST
 2DIAGNOSTIC,     1, -6.310692169324e-01, 1.797693134862e+308, 4.5421e+00, 1.2901e+00, 
 2DIAGNOSTIC,     2, -6.314592635960e-01, 1.797693134862e+308, 4.9022e+00, 3.6007e-01, 
 2DIAGNOSTIC,     3, -6.318283828952e-01, 1.797693134862e+308, 5.2539e+00, 3.5174e-01, 
 2DIAGNOSTIC,     4, -6.321787916579e-01, 1.797693134862e+308, 5.6018e+00, 3.4783e-01, 
 2DIAGNOSTIC,     5, -6.324918315462e-01, 1.797693134862e+308, 6.0238e+00, 4.2199e-01, 
 2DIAGNOSTIC,     6, -6.325117043108e-01, 1.797693134862e+308, 6.3769e+00, 3.5314e-01, 
 2DIAGNOSTIC,     7, -6.325132915420e-01, 1.797693134862e+308, 6.8595e+00, 4.8258e-01, 
 2DIAGNOSTIC,     8, -6.325253101599e-01, 1.797693134862e+308, 7.5471e+00, 6.8766e-01, 
 2DIAGNOSTIC,     9, -6.325260746590e-01, 1.797693134862e+308, 7.9409e+00, 3.9374e-01, 
 2DIAGNOSTIC,    10, -6.325252571052e-01, 1.397100020451e-04, 8.3669e+00, 4.2604e-01, 
 2DIAGNOSTIC,    11, -6.325231545711e-01, 8.186883052268e-05, 8.7509e+00, 3.8397e-01, 
 2DIAGNOSTIC,    12, -6.325227335213e-01, 4.113738707895e-05, 9.0767e+00, 3.2584e-01, 
 2DIAGNOSTIC,    13, -6.325215794508e-01, 1.571012231801e-05, 9.4746e+00, 3.9792e-01, 
 2DIAGNOSTIC,    14, -6.325224579347e-01, 3.709650496633e-06, 9.8193e+00, 3.4467e-01, 
 2DIAGNOSTIC,    15, -6.325204447034e-01, 2.487673515641e-06, 1.0243e+01, 4.2369e-01, 
 2DIAGNOSTIC,    16, -6.325194021909e-01, 1.919572559655e-06, 1.0609e+01, 3.6608e-01, 
 2DIAGNOSTIC,    17, -6.325172088770e-01, 1.400496920885e-06, 1.0958e+01, 3.4877e-01, 
 2DIAGNOSTIC,    18, -6.325168110016e-01, 1.272055722368e-06, 1.1284e+01, 3.2586e-01, 
 2DIAGNOSTIC,    19, -6.325156861084e-01, 1.193516143722e-06, 1.1676e+01, 3.9224e-01, 
 2DIAGNOSTIC,    20, -6.325139631548e-01, 1.111861599817e-06, 1.2106e+01, 4.2992e-01, 
 2DIAGNOSTIC,    21, -6.325129940799e-01, 1.018483527904e-06, 1.2487e+01, 3.8107e-01, 
DIAGNOSTIC,Iteration,metricValue,convergenceValue,ITERATION_TIME_INDEX,SINCE_LAST
 2DIAGNOSTIC,     1, -5.631110772619e-01, 1.797693134862e+308, 1.5817e+01, 3.3302e+00, 
 2DIAGNOSTIC,     2, -5.636251420296e-01, 1.797693134862e+308, 1.7937e+01, 2.1197e+00, 
 2DIAGNOSTIC,     3, -5.641738530264e-01, 1.797693134862e+308, 2.0158e+01, 2.2212e+00, 
 2DIAGNOSTIC,     4, -5.651021892382e-01, 1.797693134862e+308, 2.2328e+01, 2.1695e+00, 
 2DIAGNOSTIC,     5, -5.666592241224e-01, 1.797693134862e+308, 2.7002e+01, 4.6740e+00, 
 2DIAGNOSTIC,     6, -5.666580921874e-01, 1.797693134862e+308, 2.9805e+01, 2.8034e+00, 
 2DIAGNOSTIC,     7, -5.666583663373e-01, 1.797693134862e+308, 3.2881e+01, 3.0760e+00, 
 2DIAGNOSTIC,     8, -5.666580388788e-01, 1.797693134862e+308, 3.5182e+01, 2.3007e+00, 
 2DIAGNOSTIC,     9, -5.666577652582e-01, 1.797693134862e+308, 3.7386e+01, 2.2045e+00, 
 2DIAGNOSTIC,    10, -5.666577437457e-01, 4.386689554930e-04, 3.9618e+01, 2.2315e+00, 
 2DIAGNOSTIC,    11, -5.666577765690e-01, 2.903814280530e-04, 4.1889e+01, 2.2717e+00, 
 2DIAGNOSTIC,    12, -5.666575891203e-01, 1.634583160475e-04, 4.4071e+01, 2.1816e+00, 
 2DIAGNOSTIC,    13, -5.666576691304e-01, 6.247265696351e-05, 4.6267e+01, 2.1961e+00, 
 2DIAGNOSTIC,    14, -5.666574948802e-01, 2.175791406142e-06, 4.8525e+01, 2.2583e+00, 
 2DIAGNOSTIC,    15, -5.666573730133e-01, 2.062487666779e-06, 5.0984e+01, 2.4591e+00, 
 2DIAGNOSTIC,    16, -5.666573199878e-01, 1.931333125246e-06, 5.3175e+01, 2.1903e+00, 
 2DIAGNOSTIC,    17, -5.666572669635e-01, 1.827766693920e-06, 5.5212e+01, 2.0376e+00, 
 2DIAGNOSTIC,    18, -5.666572801804e-01, 1.731350581076e-06, 5.7447e+01, 2.2345e+00, 
 2DIAGNOSTIC,    19, -5.666573243074e-01, 1.642501570413e-06, 5.9333e+01, 1.8861e+00, 
 2DIAGNOSTIC,    20, -5.666576505799e-01, 1.573270811010e-06, 6.1265e+01, 1.9317e+00, 
 2DIAGNOSTIC,    21, -5.666574143868e-01, 1.507437104031e-06, 6.3158e+01, 1.8935e+00, 
 2DIAGNOSTIC,    22, -5.666572524669e-01, 1.440569986633e-06, 6.5470e+01, 2.3119e+00, 
 2DIAGNOSTIC,    23, -5.666572973945e-01, 1.383072251802e-06, 6.7837e+01, 2.3669e+00, 
 2DIAGNOSTIC,    24, -5.666573193455e-01, 1.327138225267e-06, 7.0182e+01, 2.3451e+00, 
 2DIAGNOSTIC,    25, -5.666574140962e-01, 1.274944354167e-06, 7.2517e+01, 2.3351e+00, 
 2DIAGNOSTIC,    26, -5.666574443995e-01, 1.226257978978e-06, 7.4934e+01, 2.4165e+00, 
 2DIAGNOSTIC,    27, -5.666571556236e-01, 1.174824054810e-06, 7.6988e+01, 2.0546e+00, 
 2DIAGNOSTIC,    28, -5.666571248744e-01, 1.127299450385e-06, 7.9015e+01, 2.0264e+00, 
 2DIAGNOSTIC,    29, -5.666572973283e-01, 1.087393646161e-06, 8.1118e+01, 2.1032e+00, 
 2DIAGNOSTIC,    30, -5.666573004137e-01, 1.056520445956e-06, 8.2899e+01, 1.7816e+00, 
 2DIAGNOSTIC,    31, -5.666574084179e-01, 1.026105691353e-06, 8.4879e+01, 1.9797e+00, 
  Elapsed time (stage 0): 8.6095e+01


Total elapsed time: 8.6097e+01
Info [verificarlo]: loaded backend libinterflop_ieee.so
Info [interflop-ieee]: load backend with:
Info [interflop-ieee]: debug = false
Info [interflop-ieee]: debug-binary = false
Info [interflop-ieee]: no-backend-name = false
Info [interflop-ieee]: print-new-line = false
Info [interflop-ieee]: print-subnormal-normalized = false
Info [interflop-ieee]: count-op = false
All_Command_lines_OK
Using double precision for computations.
=============================================================================
The composite transform comprises the following transforms (in order): 
  1. /home/mdugre/scratch/mri-registration-rp/datasets/ds004513/derivatives/mri-registration-rp/0100/antsRegistration-r8-p9/sub-s017/affine_Composite.h5[0] (type = Euler3DTransform)
  2. /home/mdugre/scratch/mri-registration-rp/datasets/ds004513/derivatives/mri-registration-rp/0100/antsRegistration-r8-p9/sub-s017/affine_Composite.h5[1] (type = Euler3DTransform)
  3. /home/mdugre/scratch/mri-registration-rp/datasets/ds004513/derivatives/mri-registration-rp/0100/antsRegistration-r8-p9/sub-s017/affine_Composite.h5[2] (type = Euler3DTransform)
  4. /home/mdugre/scratch/mri-registration-rp/datasets/ds004513/derivatives/mri-registration-rp/0100/antsRegistration-r8-p9/sub-s017/affine_Composite.h5[3] (type = AffineTransform)
=============================================================================
  number of levels = 4
  fixed image: /templateflow/tpl-MNI152NLin2009cAsym/tpl-MNI152NLin2009cAsym_res-01_desc-brain_T1w.nii.gz
  moving image: /home/mdugre/scratch/mri-registration-rp/datasets/ds004513/derivatives/mri-registration-rp/antsBrainExtraction/sub-s017/BrainExtractionBrain.nii.gz
Dimension = 3
Number of stages = 1
Use histogram matching = false
Winsorize image intensities = true
  Lower quantile = 0.005
  Upper quantile = 0.995


Stage 1 State
   Image metric = CC
     Fixed image = Image (0x3854a40)
  RTTI typeinfo:   itk::Image<double, 3u>
  Reference Count: 2
  Modified Time: 1608
  Debug: Off
  Object Name: 
  Observers: 
    none
  Source: (none)
  Source output name: (none)
  Release Data: Off
  Data Released: False
  Global Release Data: Off
  PipelineMTime: 0
  UpdateMTime: 1217
  RealTimeStamp: 0 seconds 
  LargestPossibleRegion: 
    Dimension: 3
    Index: [0, 0, 0]
    Size: [193, 229, 193]
  BufferedRegion: 
    Dimension: 3
    Index: [0, 0, 0]
    Size: [193, 229, 193]
  RequestedRegion: 
    Dimension: 3
    Index: [0, 0, 0]
    Size: [193, 229, 193]
  Spacing: [1, 1, 1]
  Origin: [96, 132, -78]
  Direction: 
-1 0 0
0 -1 0
0 0 1

  IndexToPointMatrix: 
-1 0 0
0 -1 0
0 0 1

  PointToIndexMatrix: 
-1 0 0
0 -1 0
0 0 1

  Inverse Direction: 
-1 0 0
0 -1 0
0 0 1

  PixelContainer: 
    ImportImageContainer (0x3923780)
      RTTI typeinfo:   itk::ImportImageContainer<unsigned long, double>
      Reference Count: 1
      Modified Time: 1214
      Debug: Off
      Object Name: 
      Observers: 
        none
      Pointer: 0x15519eb3d010
      Container manages memory: true
      Size: 8530021
      Capacity: 8530021

     Moving image = Image (0x3925390)
  RTTI typeinfo:   itk::Image<double, 3u>
  Reference Count: 2
  Modified Time: 1609
  Debug: Off
  Object Name: 
  Observers: 
    none
  Source: (none)
  Source output name: (none)
  Release Data: Off
  Data Released: False
  Global Release Data: Off
  PipelineMTime: 0
  UpdateMTime: 1606
  RealTimeStamp: 0 seconds 
  LargestPossibleRegion: 
    Dimension: 3
    Index: [0, 0, 0]
    Size: [160, 240, 256]
  BufferedRegion: 
    Dimension: 3
    Index: [0, 0, 0]
    Size: [160, 240, 256]
  RequestedRegion: 
    Dimension: 3
    Index: [0, 0, 0]
    Size: [160, 240, 256]
  Spacing: [1, 1, 1]
  Origin: [91.3357, 102.231, -120.042]
  Direction: 
-0.997442 -5.36781e-05 -0.0714818
5.35416e-05 -1 3.82465e-06
-0.0714818 -1.23894e-08 0.997442

  IndexToPointMatrix: 
-0.997444 -5.36781e-05 -0.0714818
5.35418e-05 -1 3.82465e-06
-0.0714819 -1.23894e-08 0.997442

  PointToIndexMatrix: 
-0.99744 5.35415e-05 -0.0714816
-5.36781e-05 -1 -1.23894e-08
-0.0714818 3.82465e-06 0.997442

  Inverse Direction: 
-0.997442 5.35416e-05 -0.0714818
-5.36781e-05 -1 -1.23894e-08
-0.0714818 3.82465e-06 0.997442

  PixelContainer: 
    ImportImageContainer (0x38da6f0)
      RTTI typeinfo:   itk::ImportImageContainer<unsigned long, double>
      Reference Count: 1
      Modified Time: 1603
      Debug: Off
      Object Name: 
      Observers: 
        none
      Pointer: 0x15519a03c010
      Container manages memory: true
      Size: 9830400
      Capacity: 9830400

     Weighting = 1
     Sampling strategy = none
     Number of bins = 32
     Radius = 4
     Sampling percentage  = 1
   Transform = SyN
     Gradient step = 0.1
     Update field sigma (voxel space) = 3
     Total field sigma (voxel space) = 0
     Update field time sigma = 0
     Total field time sigma  = 0
     Number of time indices = 0
     Number of time point samples = 0
Registration using 1 total stages.

Stage 0
  iterations = 100x70x50x20
  convergence threshold = 1e-06
  convergence window size = 10
  number of levels = 4
  using the CC metric (radius = 4, weight = 1, use gradient filter = 0)
  preprocessing:  winsorizing the image intensities
  Shrink factors (level 1 out of 4): [8, 8, 8]
  Shrink factors (level 2 out of 4): [4, 4, 4]
  Shrink factors (level 3 out of 4): [2, 2, 2]
  Shrink factors (level 4 out of 4): [1, 1, 1]
  smoothing sigmas per level: [3, 2, 1, 0]
  Using default NONE metricSamplingStrategy 

*** Running SyN registration (varianceForUpdateField = 3, varianceForTotalField = 0) ***

XXDIAGNOSTIC,Iteration,metricValue,convergenceValue,ITERATION_TIME_INDEX,SINCE_LAST
 1DIAGNOSTIC,     1, -9.271531101415e-01, 1.797693134862e+308, 1.8088e+00, 1.8088e+00, 
 1DIAGNOSTIC,     2, -9.339116258621e-01, 1.797693134862e+308, 2.3266e+00, 5.1781e-01, 
 1DIAGNOSTIC,     3, -9.395857180567e-01, 1.797693134862e+308, 2.7877e+00, 4.6108e-01, 
 1DIAGNOSTIC,     4, -9.442025824066e-01, 1.797693134862e+308, 3.2824e+00, 4.9470e-01, 
 1DIAGNOSTIC,     5, -9.472185143883e-01, 1.797693134862e+308, 3.7237e+00, 4.4128e-01, 
 1DIAGNOSTIC,     6, -9.494990826382e-01, 1.797693134862e+308, 4.1127e+00, 3.8905e-01, 
 1DIAGNOSTIC,     7, -9.517116096415e-01, 1.797693134862e+308, 4.4801e+00, 3.6738e-01, 
 1DIAGNOSTIC,     8, -9.545398760016e-01, 1.797693134862e+308, 4.8507e+00, 3.7055e-01, 
 1DIAGNOSTIC,     9, -9.582347947260e-01, 1.797693134862e+308, 5.2382e+00, 3.8758e-01, 
 1DIAGNOSTIC,    10, -9.619983135487e-01, 2.118706794661e-03, 5.5994e+00, 3.6115e-01, 
 1DIAGNOSTIC,    11, -9.653348177020e-01, 1.763677639190e-03, 6.1913e+00, 5.9190e-01, 
 1DIAGNOSTIC,    12, -9.659997552673e-01, 1.493544715787e-03, 6.6580e+00, 4.6667e-01, 
 1DIAGNOSTIC,    13, -9.663420275682e-01, 1.268365107150e-03, 7.0711e+00, 4.1318e-01, 
 1DIAGNOSTIC,    14, -9.667043862938e-01, 1.065873435712e-03, 7.4502e+00, 3.7910e-01, 
 1DIAGNOSTIC,    15, -9.673334113217e-01, 8.646207948830e-04, 7.8847e+00, 4.3446e-01, 
 1DIAGNOSTIC,    16, -9.676318438627e-01, 6.569191595275e-04, 8.3508e+00, 4.6605e-01, 
 1DIAGNOSTIC,    17, -9.682391640133e-01, 4.631637429950e-04, 8.8271e+00, 4.7639e-01, 
 1DIAGNOSTIC,    18, -9.685107083855e-01, 2.995229264341e-04, 9.1858e+00, 3.5869e-01, 
 1DIAGNOSTIC,    19, -9.690934850293e-01, 1.916750875820e-04, 9.5607e+00, 3.7490e-01, 
 1DIAGNOSTIC,    20, -9.693122000137e-01, 1.347630951703e-04, 9.9202e+00, 3.5945e-01, 
 1DIAGNOSTIC,    21, -9.697785644052e-01, 1.244861015343e-04, 1.0282e+01, 3.6211e-01, 
 1DIAGNOSTIC,    22, -9.699271418122e-01, 1.145290075162e-04, 1.0671e+01, 3.8912e-01, 
 1DIAGNOSTIC,    23, -9.703024343785e-01, 1.040940883406e-04, 1.1064e+01, 3.9217e-01, 
 1DIAGNOSTIC,    24, -9.704008883535e-01, 9.038845195371e-05, 1.1438e+01, 3.7481e-01, 
 1DIAGNOSTIC,    25, -9.707068495178e-01, 8.050379758808e-05, 1.1812e+01, 3.7330e-01, 
 1DIAGNOSTIC,    26, -9.707670225015e-01, 6.784834202681e-05, 1.2174e+01, 3.6200e-01, 
 1DIAGNOSTIC,    27, -9.710225606661e-01, 5.933114415390e-05, 1.2564e+01, 3.9052e-01, 
 1DIAGNOSTIC,    28, -9.710574232704e-01, 4.902150643400e-05, 1.2939e+01, 3.7511e-01, 
