
##########################
# Experiment information #
##########################

EXPERIMENT_NAME: antsRegistration-r8-p8
VFC_BACKENDS: libinterflop_vprec.so --range-binary32=8 --precision-binary32=8 --range-binary64=8 --precision-binary64=8

SIF_IMG: /home/mdugre/projects/rrg-glatard/mdugre/containers/ants-vprec-no_metrics.simg

SUBJECT_ID: s025
INPUT_IMG: /home/mdugre/scratch/mri-registration-rp/datasets/ds004513/derivatives/mri-registration-rp/antsBrainExtraction/sub-s025/BrainExtractionBrain.nii.gz
OUTPUT_DIR: /home/mdugre/scratch/mri-registration-rp/datasets/ds004513/derivatives/mri-registration-rp/0100/antsRegistration-r8-p8/sub-s025

FIXED_IMG: /templateflow/tpl-MNI152NLin2009cAsym/tpl-MNI152NLin2009cAsym_res-01_desc-brain_T1w.nii.gz
DATA_DIR: /home/mdugre/scratch/mri-registration-rp/datasets/ds004513
TEMPLATEFLOW_DIR: /home/mdugre/projects/rrg-glatard/mdugre/templateflow
ITK_GLOBAL_DEFAULT_NUMBER_OF_THREADS: 16
##########################

Info [verificarlo]: loaded backend libinterflop_ieee.so
Info [interflop-ieee]: load backend with:
Info [interflop-ieee]: debug = false
Info [interflop-ieee]: debug-binary = false
Info [interflop-ieee]: no-backend-name = false
Info [interflop-ieee]: print-new-line = false
Info [interflop-ieee]: print-subnormal-normalized = false
Info [interflop-ieee]: count-op = false
All_Command_lines_OK
Using double precision for computations.
=============================================================================
The composite transform comprises the following transforms (in order): 
  1. Center of mass alignment using fixed image: /templateflow/tpl-MNI152NLin2009cAsym/tpl-MNI152NLin2009cAsym_res-01_desc-brain_T1w.nii.gz and moving image: /home/mdugre/scratch/mri-registration-rp/datasets/ds004513/derivatives/mri-registration-rp/antsBrainExtraction/sub-s025/BrainExtractionBrain.nii.gz (type = Euler3DTransform)
=============================================================================
  number of levels = 1
  fixed image: /templateflow/tpl-MNI152NLin2009cAsym/tpl-MNI152NLin2009cAsym_res-01_desc-brain_T1w.nii.gz
  moving image: /home/mdugre/scratch/mri-registration-rp/datasets/ds004513/derivatives/mri-registration-rp/antsBrainExtraction/sub-s025/BrainExtractionBrain.nii.gz
Dimension = 3
Number of stages = 1
Use histogram matching = false
Winsorize image intensities = true
  Lower quantile = 0.005
  Upper quantile = 0.995


Stage 1 State
   Image metric = MattesMI
     Fixed image = Image (0x4549bd0)
  RTTI typeinfo:   itk::Image<double, 3u>
  Reference Count: 2
  Modified Time: 2334
  Debug: Off
  Object Name: 
  Observers: 
    none
  Source: (none)
  Source output name: (none)
  Release Data: Off
  Data Released: False
  Global Release Data: Off
  PipelineMTime: 0
  UpdateMTime: 1943
  RealTimeStamp: 0 seconds 
  LargestPossibleRegion: 
    Dimension: 3
    Index: [0, 0, 0]
    Size: [193, 229, 193]
  BufferedRegion: 
    Dimension: 3
    Index: [0, 0, 0]
    Size: [193, 229, 193]
  RequestedRegion: 
    Dimension: 3
    Index: [0, 0, 0]
    Size: [193, 229, 193]
  Spacing: [1, 1, 1]
  Origin: [96, 132, -78]
  Direction: 
-1 0 0
0 -1 0
0 0 1

  IndexToPointMatrix: 
-1 0 0
0 -1 0
0 0 1

  PointToIndexMatrix: 
-1 0 0
0 -1 0
0 0 1

  Inverse Direction: 
-1 0 0
0 -1 0
0 0 1

  PixelContainer: 
    ImportImageContainer (0x45529e0)
      RTTI typeinfo:   itk::ImportImageContainer<unsigned long, double>
      Reference Count: 1
      Modified Time: 1940
      Debug: Off
      Object Name: 
      Observers: 
        none
      Pointer: 0x150ad9ce6010
      Container manages memory: true
      Size: 8530021
      Capacity: 8530021

     Moving image = Image (0x4553bd0)
  RTTI typeinfo:   itk::Image<double, 3u>
  Reference Count: 2
  Modified Time: 2335
  Debug: Off
  Object Name: 
  Observers: 
    none
  Source: (none)
  Source output name: (none)
  Release Data: Off
  Data Released: False
  Global Release Data: Off
  PipelineMTime: 0
  UpdateMTime: 2332
  RealTimeStamp: 0 seconds 
  LargestPossibleRegion: 
    Dimension: 3
    Index: [0, 0, 0]
    Size: [176, 240, 256]
  BufferedRegion: 
    Dimension: 3
    Index: [0, 0, 0]
    Size: [176, 240, 256]
  RequestedRegion: 
    Dimension: 3
    Index: [0, 0, 0]
    Size: [176, 240, 256]
  Spacing: [0.999999, 1, 1]
  Origin: [90.3778, 84.5091, -154.071]
  Direction: 
-0.999391 7.48184e-06 -0.0348969
-7.47664e-06 -1 -2.7953e-07
-0.0348969 -1.84481e-08 0.999391

  IndexToPointMatrix: 
-0.99939 7.48184e-06 -0.0348969
-7.47663e-06 -1 -2.7953e-07
-0.0348968 -1.84481e-08 0.999391

  PointToIndexMatrix: 
-0.999392 -7.47665e-06 -0.0348969
7.48184e-06 -1 -1.84481e-08
-0.0348969 -2.7953e-07 0.999391

  Inverse Direction: 
-0.999391 -7.47664e-06 -0.0348969
7.48184e-06 -1 -1.84481e-08
-0.0348969 -2.7953e-07 0.999391

  PixelContainer: 
    ImportImageContainer (0x46d9b50)
      RTTI typeinfo:   itk::ImportImageContainer<unsigned long, double>
      Reference Count: 1
      Modified Time: 2329
      Debug: Off
      Object Name: 
      Observers: 
        none
      Pointer: 0x150ad4a65010
      Container manages memory: true
      Size: 10813440
      Capacity: 10813440

     Weighting = 1
     Sampling strategy = regular
     Number of bins = 32
     Radius = 4
     Sampling percentage  = 0.25
   Transform = Rigid
     Gradient step = 0.1
     Update field sigma (voxel space) = 0
     Total field sigma (voxel space) = 0
     Update field time sigma = 0
     Total field time sigma  = 0
     Number of time indices = 0
     Number of time point samples = 0
Registration using 1 total stages.

Stage 0
  iterations = 0
  convergence threshold = 1e-06
  convergence window size = 10
  number of levels = 1
  using the Mattes MI metric (number of bins = 32, weight = 1, use gradient filter = 0)
  preprocessing:  winsorizing the image intensities
  Shrink factors (level 1 out of 1): [1, 1, 1]
  smoothing sigmas per level: [0]
  regular sampling (percentage = 0.25)

*** Running Euler3DTransform registration ***

  Elapsed time (stage 0): 1.12004


Total elapsed time: 1.12234
Info [verificarlo]: loaded backend libinterflop_vprec.so
Info [interflop-vprec]: load backend with: 
Info [interflop-vprec]: precision-binary32 = 8
Info [interflop-vprec]: range-binary32 = 8
Info [interflop-vprec]: precision-binary64 = 8
Info [interflop-vprec]: range-binary64 = 8
Info [interflop-vprec]: mode = ob
Info [interflop-vprec]: error-mode = rel
Info [interflop-vprec]: max-abs-error-exponent = -1022
Info [interflop-vprec]: daz = false
Info [interflop-vprec]: ftz = false
Info [interflop-vprec]: 	instrument = none
Info [interflop-vprec]: 	prec-input-file = (null)
Info [interflop-vprec]: 	prec-output-file = (null)
Info [interflop-vprec]: 	prec-log-file = (null)
All_Command_lines_OK
Using double precision for computations.
=============================================================================
The composite transform comprises the following transforms (in order): 
  1. /home/mdugre/scratch/mri-registration-rp/datasets/ds004513/derivatives/mri-registration-rp/0100/antsRegistration-r8-p8/sub-s025/align_Composite.h5[0] (type = Euler3DTransform)
  2. /home/mdugre/scratch/mri-registration-rp/datasets/ds004513/derivatives/mri-registration-rp/0100/antsRegistration-r8-p8/sub-s025/align_Composite.h5[1] (type = Euler3DTransform)
=============================================================================
  number of levels = 4
  fixed image: /templateflow/tpl-MNI152NLin2009cAsym/tpl-MNI152NLin2009cAsym_res-01_desc-brain_T1w.nii.gz
  moving image: /home/mdugre/scratch/mri-registration-rp/datasets/ds004513/derivatives/mri-registration-rp/antsBrainExtraction/sub-s025/BrainExtractionBrain.nii.gz
Dimension = 3
Number of stages = 1
Use histogram matching = false
Winsorize image intensities = true
  Lower quantile = 0.005
  Upper quantile = 0.995


Stage 1 State
   Image metric = MattesMI
     Fixed image = Image (0x51741e0)
  RTTI typeinfo:   itk::Image<double, 3u>
  Reference Count: 2
  Modified Time: 1578
  Debug: Off
  Object Name: 
  Observers: 
    none
  Source: (none)
  Source output name: (none)
  Release Data: Off
  Data Released: False
  Global Release Data: Off
  PipelineMTime: 0
  UpdateMTime: 1189
  RealTimeStamp: 0 seconds 
  LargestPossibleRegion: 
    Dimension: 3
    Index: [0, 0, 0]
    Size: [193, 229, 193]
  BufferedRegion: 
    Dimension: 3
    Index: [0, 0, 0]
    Size: [193, 229, 193]
  RequestedRegion: 
    Dimension: 3
    Index: [0, 0, 0]
    Size: [193, 229, 193]
  Spacing: [1, 1, 1]
  Origin: [96, 132, -78]
  Direction: 
-1 0 0
0 -1 0
0 0 1

  IndexToPointMatrix: 
-1 0 0
0 -1 0
0 0 1

  PointToIndexMatrix: 
-1 0 0
0 -1 0
0 0 1

  Inverse Direction: 
-1 0 0
0 -1 0
0 0 1

  PixelContainer: 
    ImportImageContainer (0x5233680)
      RTTI typeinfo:   itk::ImportImageContainer<unsigned long, double>
      Reference Count: 1
      Modified Time: 1186
      Debug: Off
      Object Name: 
      Observers: 
        none
      Pointer: 0x15275ee3e010
      Container manages memory: true
      Size: 8530021
      Capacity: 8530021

     Moving image = Image (0x522fb20)
  RTTI typeinfo:   itk::Image<double, 3u>
  Reference Count: 2
  Modified Time: 1579
  Debug: Off
  Object Name: 
  Observers: 
    none
  Source: (none)
  Source output name: (none)
  Release Data: Off
  Data Released: False
  Global Release Data: Off
  PipelineMTime: 0
  UpdateMTime: 1576
  RealTimeStamp: 0 seconds 
  LargestPossibleRegion: 
    Dimension: 3
    Index: [0, 0, 0]
    Size: [176, 240, 256]
  BufferedRegion: 
    Dimension: 3
    Index: [0, 0, 0]
    Size: [176, 240, 256]
  RequestedRegion: 
    Dimension: 3
    Index: [0, 0, 0]
    Size: [176, 240, 256]
  Spacing: [1, 1, 1]
  Origin: [90.5, 84.5, -154]
  Direction: 
-1 7.48038e-06 -0.0349121
-7.48038e-06 -1 -2.79397e-07
-0.0349121 -1.86265e-08 1

  IndexToPointMatrix: 
-1 7.48038e-06 -0.0349121
-7.48038e-06 -1 -2.79397e-07
-0.0349121 -1.86265e-08 1

  PointToIndexMatrix: 
-1 -7.48038e-06 -0.0349121
7.48038e-06 -1 -1.86265e-08
-0.0349121 -2.79397e-07 1

  Inverse Direction: 
-1 -7.48038e-06 -0.0349121
7.48038e-06 -1 -1.86265e-08
-0.0349121 -2.79397e-07 1

  PixelContainer: 
    ImportImageContainer (0x5298d50)
      RTTI typeinfo:   itk::ImportImageContainer<unsigned long, double>
      Reference Count: 1
      Modified Time: 1573
      Debug: Off
      Object Name: 
      Observers: 
        none
      Pointer: 0x152759bbd010
      Container manages memory: true
      Size: 10813440
      Capacity: 10813440

     Weighting = 1
     Sampling strategy = regular
     Number of bins = 32
     Radius = 4
     Sampling percentage  = 0.25
   Transform = Rigid
     Gradient step = 0.1
     Update field sigma (voxel space) = 0
     Total field sigma (voxel space) = 0
     Update field time sigma = 0
     Total field time sigma  = 0
     Number of time indices = 0
     Number of time point samples = 0
Registration using 1 total stages.

Stage 0
  iterations = 1000x500x250x100
  convergence threshold = 1e-06
  convergence window size = 10
  number of levels = 4
  using the Mattes MI metric (number of bins = 32, weight = 1, use gradient filter = 0)
  preprocessing:  winsorizing the image intensities
  Shrink factors (level 1 out of 4): [8, 8, 8]
  Shrink factors (level 2 out of 4): [4, 4, 4]
  Shrink factors (level 3 out of 4): [2, 2, 2]
  Shrink factors (level 4 out of 4): [1, 1, 1]
  smoothing sigmas per level: [3, 2, 1, 0]
  regular sampling (percentage = 0.25)

*** Running Euler3DTransform registration ***

DIAGNOSTIC,Iteration,metricValue,convergenceValue,ITERATION_TIME_INDEX,SINCE_LAST
 2DIAGNOSTIC,     1, -5.698668781768e-01, 1.797693134862e+308, 0.0000e+00, 0.0000e+00, 
 2DIAGNOSTIC,     2, -5.700333877379e-01, 1.797693134862e+308, 0.0000e+00, 0.0000e+00, 
 2DIAGNOSTIC,     3, -5.704495999236e-01, 1.797693134862e+308, 0.0000e+00, 0.0000e+00, 
 2DIAGNOSTIC,     4, -5.712672131685e-01, 1.797693134862e+308, 0.0000e+00, 0.0000e+00, 
 2DIAGNOSTIC,     5, -5.713608873363e-01, 1.797693134862e+308, 0.0000e+00, 0.0000e+00, 
 2DIAGNOSTIC,     6, -5.709741067658e-01, 1.797693134862e+308, 0.0000e+00, 0.0000e+00, 
 2DIAGNOSTIC,     7, -5.710102466104e-01, 1.797693134862e+308, 0.0000e+00, 0.0000e+00, 
 2DIAGNOSTIC,     8, -5.710085344615e-01, 1.797693134862e+308, 0.0000e+00, 0.0000e+00, 
 2DIAGNOSTIC,     9, -5.710025323989e-01, 1.797693134862e+308, 0.0000e+00, 0.0000e+00, 
 2DIAGNOSTIC,    10, -5.710025777893e-01, 1.091959284687e-04, 0.0000e+00, 0.0000e+00, 
 2DIAGNOSTIC,    11, -5.709461031007e-01, 4.764000337239e-05, 0.0000e+00, 0.0000e+00, 
DIAGNOSTIC,Iteration,metricValue,convergenceValue,ITERATION_TIME_INDEX,SINCE_LAST
 2DIAGNOSTIC,     1, -4.302243398966e-01, 1.797693134862e+308, 0.0000e+00, 0.0000e+00, 
 2DIAGNOSTIC,     2, -4.306827676430e-01, 1.797693134862e+308, 0.0000e+00, 0.0000e+00, 
 2DIAGNOSTIC,     3, -4.309634252617e-01, 1.797693134862e+308, 0.0000e+00, 0.0000e+00, 
 2DIAGNOSTIC,     4, -4.323169448297e-01, 1.797693134862e+308, 0.0000e+00, 0.0000e+00, 
 2DIAGNOSTIC,     5, -4.337131304400e-01, 1.797693134862e+308, 0.0000e+00, 0.0000e+00, 
 2DIAGNOSTIC,     6, -4.370050337718e-01, 1.797693134862e+308, 0.0000e+00, 0.0000e+00, 
 2DIAGNOSTIC,     7, -4.415658942796e-01, 1.797693134862e+308, 0.0000e+00, 0.0000e+00, 
 2DIAGNOSTIC,     8, -4.494191044531e-01, 1.797693134862e+308, 0.0000e+00, 0.0000e+00, 
 2DIAGNOSTIC,     9, -4.615325372182e-01, 1.797693134862e+308, 0.0000e+00, 0.0000e+00, 
 2DIAGNOSTIC,    10, -4.895324855918e-01, 6.671399813767e-03, 0.0000e+00, 0.0000e+00, 
 2DIAGNOSTIC,    11, -5.556857351444e-01, 1.166501453721e-02, 0.0000e+00, 0.0000e+00, 
 2DIAGNOSTIC,    12, -6.169962766365e-01, 1.752947460105e-02, 0.0000e+00, 0.0000e+00, 
 2DIAGNOSTIC,    13, -6.195020132409e-01, 2.077408181409e-02, 0.0000e+00, 0.0000e+00, 
 2DIAGNOSTIC,    14, -6.196292598403e-01, 2.170508508428e-02, 0.0000e+00, 0.0000e+00, 
 2DIAGNOSTIC,    15, -6.197215679815e-01, 2.060398222106e-02, 0.0000e+00, 0.0000e+00, 
 2DIAGNOSTIC,    16, -6.198682606605e-01, 1.788946373569e-02, 0.0000e+00, 0.0000e+00, 
 2DIAGNOSTIC,    17, -6.196289420152e-01, 1.404985846157e-02, 0.0000e+00, 0.0000e+00, 
 2DIAGNOSTIC,    18, -6.196276378937e-01, 9.699719219077e-03, 0.0000e+00, 0.0000e+00, 
 2DIAGNOSTIC,    19, -6.196276378937e-01, 5.375546035122e-03, 0.0000e+00, 0.0000e+00, 
 2DIAGNOSTIC,    20, -6.196276378937e-01, 1.786269846154e-03, 0.0000e+00, 0.0000e+00, 
 2DIAGNOSTIC,    21, -6.196276378937e-01, 6.756339528797e-05, 0.0000e+00, 0.0000e+00, 
DIAGNOSTIC,Iteration,metricValue,convergenceValue,ITERATION_TIME_INDEX,SINCE_LAST
 2DIAGNOSTIC,     1, -5.299180246810e-01, 1.797693134862e+308, 0.0000e+00, 0.0000e+00, 
 2DIAGNOSTIC,     2, -5.299081921445e-01, 1.797693134862e+308, 0.0000e+00, 0.0000e+00, 
 2DIAGNOSTIC,     3, -5.298552949231e-01, 1.797693134862e+308, 0.0000e+00, 0.0000e+00, 
 2DIAGNOSTIC,     4, -5.298214939942e-01, 1.797693134862e+308, 0.0000e+00, 0.0000e+00, 
 2DIAGNOSTIC,     5, -5.298474237017e-01, 1.797693134862e+308, 0.0000e+00, 0.0000e+00, 
 2DIAGNOSTIC,     6, -5.298298792996e-01, 1.797693134862e+308, 0.0000e+00, 0.0000e+00, 
 2DIAGNOSTIC,     7, -5.298370662153e-01, 1.797693134862e+308, 0.0000e+00, 0.0000e+00, 
 2DIAGNOSTIC,     8, -5.299418572876e-01, 1.797693134862e+308, 0.0000e+00, 0.0000e+00, 
 2DIAGNOSTIC,     9, -5.299654387948e-01, 1.797693134862e+308, 0.0000e+00, 0.0000e+00, 
 2DIAGNOSTIC,    10, -5.299477436252e-01, 7.776128998951e-06, 0.0000e+00, 0.0000e+00, 
 2DIAGNOSTIC,    11, -5.299325541354e-01, 1.226616551481e-05, 0.0000e+00, 0.0000e+00, 
 2DIAGNOSTIC,    12, -5.300036142622e-01, 1.772127838714e-05, 0.0000e+00, 0.0000e+00, 
 2DIAGNOSTIC,    13, -5.300176079066e-01, 1.899757852980e-05, 0.0000e+00, 0.0000e+00, 
 2DIAGNOSTIC,    14, -5.299836662615e-01, 1.571503575812e-05, 0.0000e+00, 0.0000e+00, 
 2DIAGNOSTIC,    15, -5.300021004939e-01, 1.319561612786e-05, 0.0000e+00, 0.0000e+00, 
 2DIAGNOSTIC,    16, -5.300445091180e-01, 1.063845593278e-05, 0.0000e+00, 0.0000e+00, 
 2DIAGNOSTIC,    17, -5.300237044525e-01, 6.794597886758e-06, 0.0000e+00, 0.0000e+00, 
 2DIAGNOSTIC,    18, -5.300304408442e-01, 6.072902989880e-06, 0.0000e+00, 0.0000e+00, 
 2DIAGNOSTIC,    19, -5.300009721009e-01, 4.757191826139e-06, 0.0000e+00, 0.0000e+00, 
 2DIAGNOSTIC,    20, -5.300087281422e-01, 2.912197325830e-06, 0.0000e+00, 0.0000e+00, 
DIAGNOSTIC,Iteration,metricValue,convergenceValue,ITERATION_TIME_INDEX,SINCE_LAST
 2DIAGNOSTIC,     1, -4.828846542672e-01, 1.797693134862e+308, 0.0000e+00, 0.0000e+00, 
 2DIAGNOSTIC,     2, -4.829474952786e-01, 1.797693134862e+308, 0.0000e+00, 0.0000e+00, 
 2DIAGNOSTIC,     3, -4.829556527066e-01, 1.797693134862e+308, 0.0000e+00, 0.0000e+00, 
 2DIAGNOSTIC,     4, -4.830146845882e-01, 1.797693134862e+308, 0.0000e+00, 0.0000e+00, 
 2DIAGNOSTIC,     5, -4.830635436743e-01, 1.797693134862e+308, 0.0000e+00, 0.0000e+00, 
 2DIAGNOSTIC,     6, -4.830457185909e-01, 1.797693134862e+308, 0.0000e+00, 0.0000e+00, 
 2DIAGNOSTIC,     7, -4.830882944160e-01, 1.797693134862e+308, 0.0000e+00, 0.0000e+00, 
 2DIAGNOSTIC,     8, -4.830890548532e-01, 1.797693134862e+308, 0.0000e+00, 0.0000e+00, 
 2DIAGNOSTIC,     9, -4.830931465339e-01, 1.797693134862e+308, 0.0000e+00, 0.0000e+00, 
 2DIAGNOSTIC,    10, -4.830882546121e-01, 2.684474184859e-05, 0.0000e+00, 0.0000e+00, 
 2DIAGNOSTIC,    11, -4.830753279828e-01, 1.700333801073e-05, 0.0000e+00, 0.0000e+00, 
 2DIAGNOSTIC,    12, -4.830754110156e-01, 1.041897543101e-05, 0.0000e+00, 0.0000e+00, 
 2DIAGNOSTIC,    13, -4.830714613956e-01, 4.012628373615e-06, 0.0000e+00, 0.0000e+00, 
  Elapsed time (stage 0): 0.0000e+00


Total elapsed time: 0.0000e+00
Info [verificarlo]: loaded backend libinterflop_ieee.so
Info [interflop-ieee]: load backend with:
Info [interflop-ieee]: debug = false
Info [interflop-ieee]: debug-binary = false
Info [interflop-ieee]: no-backend-name = false
Info [interflop-ieee]: print-new-line = false
Info [interflop-ieee]: print-subnormal-normalized = false
Info [interflop-ieee]: count-op = false
All_Command_lines_OK
Using double precision for computations.
=============================================================================
The composite transform comprises the following transforms (in order): 
  1. /home/mdugre/scratch/mri-registration-rp/datasets/ds004513/derivatives/mri-registration-rp/0100/antsRegistration-r8-p8/sub-s025/rigid_Composite.h5[0] (type = Euler3DTransform)
  2. /home/mdugre/scratch/mri-registration-rp/datasets/ds004513/derivatives/mri-registration-rp/0100/antsRegistration-r8-p8/sub-s025/rigid_Composite.h5[1] (type = Euler3DTransform)
  3. /home/mdugre/scratch/mri-registration-rp/datasets/ds004513/derivatives/mri-registration-rp/0100/antsRegistration-r8-p8/sub-s025/rigid_Composite.h5[2] (type = Euler3DTransform)
=============================================================================
  number of levels = 4
  fixed image: /templateflow/tpl-MNI152NLin2009cAsym/tpl-MNI152NLin2009cAsym_res-01_desc-brain_T1w.nii.gz
  moving image: /home/mdugre/scratch/mri-registration-rp/datasets/ds004513/derivatives/mri-registration-rp/antsBrainExtraction/sub-s025/BrainExtractionBrain.nii.gz
Dimension = 3
Number of stages = 1
Use histogram matching = false
Winsorize image intensities = true
  Lower quantile = 0.005
  Upper quantile = 0.995


Stage 1 State
   Image metric = MattesMI
     Fixed image = Image (0x4bd8530)
  RTTI typeinfo:   itk::Image<double, 3u>
  Reference Count: 2
  Modified Time: 1594
  Debug: Off
  Object Name: 
  Observers: 
    none
  Source: (none)
  Source output name: (none)
  Release Data: Off
  Data Released: False
  Global Release Data: Off
  PipelineMTime: 0
  UpdateMTime: 1203
  RealTimeStamp: 0 seconds 
  LargestPossibleRegion: 
    Dimension: 3
    Index: [0, 0, 0]
    Size: [193, 229, 193]
  BufferedRegion: 
    Dimension: 3
    Index: [0, 0, 0]
    Size: [193, 229, 193]
  RequestedRegion: 
    Dimension: 3
    Index: [0, 0, 0]
    Size: [193, 229, 193]
  Spacing: [1, 1, 1]
  Origin: [96, 132, -78]
  Direction: 
-1 0 0
0 -1 0
0 0 1

  IndexToPointMatrix: 
-1 0 0
0 -1 0
0 0 1

  PointToIndexMatrix: 
-1 0 0
0 -1 0
0 0 1

  Inverse Direction: 
-1 0 0
0 -1 0
0 0 1

  PixelContainer: 
    ImportImageContainer (0x4be52b0)
      RTTI typeinfo:   itk::ImportImageContainer<unsigned long, double>
      Reference Count: 1
      Modified Time: 1200
      Debug: Off
      Object Name: 
      Observers: 
        none
      Pointer: 0x14bac433a010
      Container manages memory: true
      Size: 8530021
      Capacity: 8530021

     Moving image = Image (0x4c93fd0)
  RTTI typeinfo:   itk::Image<double, 3u>
  Reference Count: 2
  Modified Time: 1595
  Debug: Off
  Object Name: 
  Observers: 
    none
  Source: (none)
  Source output name: (none)
  Release Data: Off
  Data Released: False
  Global Release Data: Off
  PipelineMTime: 0
  UpdateMTime: 1592
  RealTimeStamp: 0 seconds 
  LargestPossibleRegion: 
    Dimension: 3
    Index: [0, 0, 0]
    Size: [176, 240, 256]
  BufferedRegion: 
    Dimension: 3
    Index: [0, 0, 0]
    Size: [176, 240, 256]
  RequestedRegion: 
    Dimension: 3
    Index: [0, 0, 0]
    Size: [176, 240, 256]
  Spacing: [0.999999, 1, 1]
  Origin: [90.3778, 84.5091, -154.071]
  Direction: 
-0.999391 7.48184e-06 -0.0348969
-7.47664e-06 -1 -2.7953e-07
-0.0348969 -1.84481e-08 0.999391

  IndexToPointMatrix: 
-0.99939 7.48184e-06 -0.0348969
-7.47663e-06 -1 -2.7953e-07
-0.0348968 -1.84481e-08 0.999391

  PointToIndexMatrix: 
-0.999392 -7.47665e-06 -0.0348969
7.48184e-06 -1 -1.84481e-08
-0.0348969 -2.7953e-07 0.999391

  Inverse Direction: 
-0.999391 -7.47664e-06 -0.0348969
7.48184e-06 -1 -1.84481e-08
-0.0348969 -2.7953e-07 0.999391

  PixelContainer: 
    ImportImageContainer (0x4cab990)
      RTTI typeinfo:   itk::ImportImageContainer<unsigned long, double>
      Reference Count: 1
      Modified Time: 1589
      Debug: Off
      Object Name: 
      Observers: 
        none
      Pointer: 0x14babf0b9010
      Container manages memory: true
      Size: 10813440
      Capacity: 10813440

     Weighting = 1
     Sampling strategy = regular
     Number of bins = 32
     Radius = 4
     Sampling percentage  = 0.25
   Transform = Affine
     Gradient step = 0.1
     Update field sigma (voxel space) = 0
     Total field sigma (voxel space) = 0
     Update field time sigma = 0
     Total field time sigma  = 0
     Number of time indices = 0
     Number of time point samples = 0
Registration using 1 total stages.

Stage 0
  iterations = 1000x500x250x100
  convergence threshold = 1e-06
  convergence window size = 10
  number of levels = 4
  using the Mattes MI metric (number of bins = 32, weight = 1, use gradient filter = 0)
  preprocessing:  winsorizing the image intensities
  Shrink factors (level 1 out of 4): [8, 8, 8]
  Shrink factors (level 2 out of 4): [4, 4, 4]
  Shrink factors (level 3 out of 4): [2, 2, 2]
  Shrink factors (level 4 out of 4): [1, 1, 1]
  smoothing sigmas per level: [3, 2, 1, 0]
  regular sampling (percentage = 0.25)

*** Running AffineTransform registration ***

DIAGNOSTIC,Iteration,metricValue,convergenceValue,ITERATION_TIME_INDEX,SINCE_LAST
 2DIAGNOSTIC,     1, -7.427157515582e-01, 1.797693134862e+308, 7.1503e-01, 7.1503e-01, 
 2DIAGNOSTIC,     2, -7.449087506464e-01, 1.797693134862e+308, 7.1931e-01, 4.2880e-03, 
 2DIAGNOSTIC,     3, -7.484374802783e-01, 1.797693134862e+308, 7.2353e-01, 4.2131e-03, 
 2DIAGNOSTIC,     4, -7.544910320287e-01, 1.797693134862e+308, 7.2811e-01, 4.5879e-03, 
 2DIAGNOSTIC,     5, -7.657174858002e-01, 1.797693134862e+308, 7.3281e-01, 4.6930e-03, 
 2DIAGNOSTIC,     6, -7.902103682402e-01, 1.797693134862e+308, 7.3780e-01, 4.9880e-03, 
 2DIAGNOSTIC,     7, -8.093184308450e-01, 1.797693134862e+308, 7.4196e-01, 4.1640e-03, 
 2DIAGNOSTIC,     8, -8.538397818732e-01, 1.797693134862e+308, 7.4614e-01, 4.1790e-03, 
 2DIAGNOSTIC,     9, -8.875593568471e-01, 1.797693134862e+308, 7.5086e-01, 4.7240e-03, 
 2DIAGNOSTIC,    10, -9.215179059392e-01, 1.443106936328e-02, 7.5590e-01, 5.0361e-03, 
 2DIAGNOSTIC,    11, -9.251404750990e-01, 1.491146456890e-02, 7.6110e-01, 5.2049e-03, 
 2DIAGNOSTIC,    12, -9.285416197773e-01, 1.414878005661e-02, 7.6650e-01, 5.3928e-03, 
 2DIAGNOSTIC,    13, -9.304400889377e-01, 1.239080226097e-02, 7.7134e-01, 4.8411e-03, 
 2DIAGNOSTIC,    14, -9.348577540017e-01, 1.003292524938e-02, 7.7598e-01, 4.6430e-03, 
 2DIAGNOSTIC,    15, -9.354996456170e-01, 7.368611626108e-03, 7.8010e-01, 4.1230e-03, 
 2DIAGNOSTIC,    16, -9.360011260176e-01, 4.929829274509e-03, 7.8459e-01, 4.4880e-03, 
 2DIAGNOSTIC,    17, -9.369488119465e-01, 2.739217655410e-03, 7.8947e-01, 4.8761e-03, 
 2DIAGNOSTIC,    18, -9.378560496022e-01, 1.385537602092e-03, 7.9434e-01, 4.8730e-03, 
 2DIAGNOSTIC,    19, -9.378035104514e-01, 6.248337907371e-04, 8.0011e-01, 5.7652e-03, 
 2DIAGNOSTIC,    20, -9.379268339985e-01, 4.461080384420e-04, 8.0703e-01, 6.9220e-03, 
 2DIAGNOSTIC,    21, -9.380974255309e-01, 3.032802520672e-04, 8.1214e-01, 5.1079e-03, 
 2DIAGNOSTIC,    22, -9.382297735051e-01, 1.982821460709e-04, 8.1674e-01, 4.6051e-03, 
 2DIAGNOSTIC,    23, -9.382373372795e-01, 1.097338373460e-04, 8.2129e-01, 4.5531e-03, 
 2DIAGNOSTIC,    24, -9.384273941706e-01, 8.102158760099e-05, 8.2586e-01, 4.5700e-03, 
 2DIAGNOSTIC,    25, -9.382987724731e-01, 5.399244752808e-05, 8.3094e-01, 5.0752e-03, 
 2DIAGNOSTIC,    26, -9.381242231706e-01, 2.808945807983e-05, 8.3598e-01, 5.0390e-03, 
 2DIAGNOSTIC,    27, -9.382576601687e-01, 1.429185065793e-05, 8.4055e-01, 4.5719e-03, 
 2DIAGNOSTIC,    28, -9.382764985632e-01, 1.085165977177e-05, 8.4567e-01, 5.1160e-03, 
 2DIAGNOSTIC,    29, -9.384851479676e-01, 8.428824621404e-06, 8.5024e-01, 4.5691e-03, 
 2DIAGNOSTIC,    30, -9.386123564491e-01, 8.102975769933e-06, 8.5534e-01, 5.1019e-03, 
 2DIAGNOSTIC,    31, -9.386061549769e-01, 8.842244873471e-06, 8.6089e-01, 5.5559e-03, 
 2DIAGNOSTIC,    32, -9.384212576925e-01, 8.310795545384e-06, 8.6632e-01, 5.4228e-03, 
 2DIAGNOSTIC,    33, -9.382588795093e-01, 5.596202628411e-06, 8.7094e-01, 4.6289e-03, 
 2DIAGNOSTIC,    34, -9.381573966104e-01, 3.458063235151e-06, 8.7559e-01, 4.6420e-03, 
DIAGNOSTIC,Iteration,metricValue,convergenceValue,ITERATION_TIME_INDEX,SINCE_LAST
 2DIAGNOSTIC,     1, -7.506144767474e-01, 1.797693134862e+308, 1.6704e+00, 7.9477e-01, 
 2DIAGNOSTIC,     2, -7.510295357304e-01, 1.797693134862e+308, 1.7136e+00, 4.3286e-02, 
 2DIAGNOSTIC,     3, -7.515596506600e-01, 1.797693134862e+308, 1.7502e+00, 3.6515e-02, 
 2DIAGNOSTIC,     4, -7.521717241360e-01, 1.797693134862e+308, 1.7833e+00, 3.3180e-02, 
 2DIAGNOSTIC,     5, -7.535358615662e-01, 1.797693134862e+308, 1.8165e+00, 3.3150e-02, 
 2DIAGNOSTIC,     6, -7.542486779435e-01, 1.797693134862e+308, 1.8698e+00, 5.3284e-02, 
 2DIAGNOSTIC,     7, -7.542684148404e-01, 1.797693134862e+308, 1.9070e+00, 3.7245e-02, 
 2DIAGNOSTIC,     8, -7.542720636310e-01, 1.797693134862e+308, 1.9461e+00, 3.9110e-02, 
 2DIAGNOSTIC,     9, -7.542806710606e-01, 1.797693134862e+308, 1.9800e+00, 3.3877e-02, 
 2DIAGNOSTIC,    10, -7.542629285132e-01, 3.613460238807e-04, 2.0154e+00, 3.5437e-02, 
 2DIAGNOSTIC,    11, -7.542828522840e-01, 2.582228944388e-04, 2.0504e+00, 3.4950e-02, 
 2DIAGNOSTIC,    12, -7.542890035519e-01, 1.630025390950e-04, 2.0869e+00, 3.6543e-02, 
 2DIAGNOSTIC,    13, -7.542874850093e-01, 8.360857102963e-05, 2.1199e+00, 3.2961e-02, 
 2DIAGNOSTIC,    14, -7.543378360882e-01, 2.524438822180e-05, 2.1579e+00, 3.7981e-02, 
 2DIAGNOSTIC,    15, -7.543877083486e-01, 7.597085995029e-06, 2.1952e+00, 3.7288e-02, 
 2DIAGNOSTIC,    16, -7.544162724335e-01, 9.097611074760e-06, 2.2292e+00, 3.4073e-02, 
 2DIAGNOSTIC,    17, -7.544307353618e-01, 1.052899826107e-05, 2.2672e+00, 3.8013e-02, 
 2DIAGNOSTIC,    18, -7.544595348355e-01, 1.169018910920e-05, 2.3059e+00, 3.8648e-02, 
 2DIAGNOSTIC,    19, -7.544771634069e-01, 1.232315308225e-05, 2.3422e+00, 3.6337e-02, 
 2DIAGNOSTIC,    20, -7.544885664148e-01, 1.175405959262e-05, 2.3793e+00, 3.7116e-02, 
 2DIAGNOSTIC,    21, -7.544816827652e-01, 1.053139775582e-05, 2.4102e+00, 3.0802e-02, 
 2DIAGNOSTIC,    22, -7.544985793994e-01, 9.001142812035e-06, 2.4444e+00, 3.4242e-02, 
 2DIAGNOSTIC,    23, -7.544914107366e-01, 6.732595223012e-06, 2.4822e+00, 3.7815e-02, 
 2DIAGNOSTIC,    24, -7.544749579987e-01, 4.668712530423e-06, 2.5166e+00, 3.4419e-02, 
 2DIAGNOSTIC,    25, -7.544475748227e-01, 2.799208721142e-06, 2.5552e+00, 3.8536e-02, 
DIAGNOSTIC,Iteration,metricValue,convergenceValue,ITERATION_TIME_INDEX,SINCE_LAST
 2DIAGNOSTIC,     1, -6.416228443163e-01, 1.797693134862e+308, 3.7142e+00, 1.1590e+00, 
 2DIAGNOSTIC,     2, -6.421037465280e-01, 1.797693134862e+308, 3.9443e+00, 2.3004e-01, 
 2DIAGNOSTIC,     3, -6.426111752307e-01, 1.797693134862e+308, 4.1740e+00, 2.2979e-01, 
 2DIAGNOSTIC,     4, -6.430907347962e-01, 1.797693134862e+308, 4.4178e+00, 2.4379e-01, 
 2DIAGNOSTIC,     5, -6.438797441286e-01, 1.797693134862e+308, 4.6825e+00, 2.6470e-01, 
 2DIAGNOSTIC,     6, -6.449762002395e-01, 1.797693134862e+308, 5.0012e+00, 3.1869e-01, 
 2DIAGNOSTIC,     7, -6.450376064883e-01, 1.797693134862e+308, 5.4657e+00, 4.6445e-01, 
 2DIAGNOSTIC,     8, -6.450351739845e-01, 1.797693134862e+308, 5.8617e+00, 3.9599e-01, 
 2DIAGNOSTIC,     9, -6.450398813628e-01, 1.797693134862e+308, 6.1810e+00, 3.1928e-01, 
 2DIAGNOSTIC,    10, -6.450385729475e-01, 3.904347755130e-04, 6.4218e+00, 2.4089e-01, 
 2DIAGNOSTIC,    11, -6.450383354171e-01, 2.826816217973e-04, 6.6781e+00, 2.5621e-01, 
 2DIAGNOSTIC,    12, -6.450385897010e-01, 1.854900087552e-04, 6.9366e+00, 2.5859e-01, 
 2DIAGNOSTIC,    13, -6.450381233246e-01, 1.044279328094e-04, 7.2420e+00, 3.0532e-01, 
 2DIAGNOSTIC,    14, -6.450345076845e-01, 4.043224922567e-05, 7.5330e+00, 2.9100e-01, 
 2DIAGNOSTIC,    15, -6.450342238038e-01, 3.792206497377e-06, 7.7834e+00, 2.5040e-01, 
 2DIAGNOSTIC,    16, -6.450330005907e-01, 1.731880939063e-06, 8.0369e+00, 2.5358e-01, 
 2DIAGNOSTIC,    17, -6.450343256196e-01, 1.567644991346e-06, 8.3102e+00, 2.7325e-01, 
 2DIAGNOSTIC,    18, -6.450360972530e-01, 1.429017071217e-06, 8.5667e+00, 2.5656e-01, 
 2DIAGNOSTIC,    19, -6.450357588568e-01, 1.439031813814e-06, 8.8268e+00, 2.6008e-01, 
 2DIAGNOSTIC,    20, -6.450361710523e-01, 1.452002190296e-06, 9.0927e+00, 2.6587e-01, 
 2DIAGNOSTIC,    21, -6.450345118027e-01, 1.436057976020e-06, 9.3750e+00, 2.8232e-01, 
 2DIAGNOSTIC,    22, -6.450333389152e-01, 1.410376768318e-06, 9.6446e+00, 2.6956e-01, 
 2DIAGNOSTIC,    23, -6.450328711810e-01, 1.373744116968e-06, 9.8895e+00, 2.4493e-01, 
 2DIAGNOSTIC,    24, -6.450349657198e-01, 1.312911694085e-06, 1.0148e+01, 2.5875e-01, 
 2DIAGNOSTIC,    25, -6.450327574610e-01, 1.214193114690e-06, 1.0427e+01, 2.7859e-01, 
 2DIAGNOSTIC,    26, -6.450314212999e-01, 1.086750174933e-06, 1.0683e+01, 2.5572e-01, 
DIAGNOSTIC,Iteration,metricValue,convergenceValue,ITERATION_TIME_INDEX,SINCE_LAST
 2DIAGNOSTIC,     1, -5.764299451613e-01, 1.797693134862e+308, 1.3466e+01, 2.7830e+00, 
 2DIAGNOSTIC,     2, -5.768741935233e-01, 1.797693134862e+308, 1.5089e+01, 1.6235e+00, 
 2DIAGNOSTIC,     3, -5.774030914418e-01, 1.797693134862e+308, 1.6711e+01, 1.6220e+00, 
 2DIAGNOSTIC,     4, -5.779809707720e-01, 1.797693134862e+308, 1.8328e+01, 1.6166e+00, 
 2DIAGNOSTIC,     5, -5.784924068770e-01, 1.797693134862e+308, 2.0152e+01, 1.8248e+00, 
 2DIAGNOSTIC,     6, -5.798960563888e-01, 1.797693134862e+308, 2.3154e+01, 3.0011e+00, 
 2DIAGNOSTIC,     7, -5.798993679570e-01, 1.797693134862e+308, 2.5504e+01, 2.3505e+00, 
 2DIAGNOSTIC,     8, -5.798980384480e-01, 1.797693134862e+308, 2.7341e+01, 1.8370e+00, 
 2DIAGNOSTIC,     9, -5.798966109533e-01, 1.797693134862e+308, 2.9158e+01, 1.8171e+00, 
 2DIAGNOSTIC,    10, -5.798966993400e-01, 4.445489699294e-04, 3.0939e+01, 1.7808e+00, 
 2DIAGNOSTIC,    11, -5.798964484729e-01, 3.244161010158e-04, 3.2777e+01, 1.8379e+00, 
 2DIAGNOSTIC,    12, -5.798946814671e-01, 2.134078541899e-04, 3.4550e+01, 1.7729e+00, 
 2DIAGNOSTIC,    13, -5.798936840468e-01, 1.208878320542e-04, 3.6412e+01, 1.8619e+00, 
 2DIAGNOSTIC,    14, -5.798923220013e-01, 5.114402332769e-05, 3.8406e+01, 1.9940e+00, 
 2DIAGNOSTIC,    15, -5.798921991117e-01, 1.665189024058e-06, 4.0319e+01, 1.9130e+00, 
 2DIAGNOSTIC,    16, -5.798922097091e-01, 1.470233317077e-06, 4.2142e+01, 1.8235e+00, 
 2DIAGNOSTIC,    17, -5.798925070149e-01, 1.451279448270e-06, 4.3981e+01, 1.8388e+00, 
 2DIAGNOSTIC,    18, -5.798928922129e-01, 1.449224119737e-06, 4.5941e+01, 1.9595e+00, 
 2DIAGNOSTIC,    19, -5.798925973798e-01, 1.432193235118e-06, 4.7889e+01, 1.9487e+00, 
 2DIAGNOSTIC,    20, -5.798921716037e-01, 1.431121747532e-06, 4.9718e+01, 1.8290e+00, 
 2DIAGNOSTIC,    21, -5.798922937572e-01, 1.442860644019e-06, 5.1476e+01, 1.7573e+00, 
 2DIAGNOSTIC,    22, -5.798920452643e-01, 1.415225422567e-06, 5.3943e+01, 2.4676e+00, 
 2DIAGNOSTIC,    23, -5.798921222460e-01, 1.374065509790e-06, 5.5762e+01, 1.8189e+00, 
 2DIAGNOSTIC,    24, -5.798920392792e-01, 1.307977264824e-06, 5.7603e+01, 1.8406e+00, 
 2DIAGNOSTIC,    25, -5.798919482796e-01, 1.245057279969e-06, 5.9354e+01, 1.7513e+00, 
 2DIAGNOSTIC,    26, -5.798918360940e-01, 1.187636185916e-06, 6.0947e+01, 1.5933e+00, 
 2DIAGNOSTIC,    27, -5.798917505783e-01, 1.141471958198e-06, 6.2550e+01, 1.6025e+00, 
 2DIAGNOSTIC,    28, -5.798916775035e-01, 1.107706520176e-06, 6.4254e+01, 1.7045e+00, 
 2DIAGNOSTIC,    29, -5.798916192456e-01, 1.073233653358e-06, 6.5998e+01, 1.7436e+00, 
 2DIAGNOSTIC,    30, -5.798914740857e-01, 1.033980824613e-06, 6.7778e+01, 1.7797e+00, 
  Elapsed time (stage 0): 6.8791e+01


Total elapsed time: 6.8793e+01
Info [verificarlo]: loaded backend libinterflop_ieee.so
Info [interflop-ieee]: load backend with:
Info [interflop-ieee]: debug = false
Info [interflop-ieee]: debug-binary = false
Info [interflop-ieee]: no-backend-name = false
Info [interflop-ieee]: print-new-line = false
Info [interflop-ieee]: print-subnormal-normalized = false
Info [interflop-ieee]: count-op = false
All_Command_lines_OK
Using double precision for computations.
=============================================================================
The composite transform comprises the following transforms (in order): 
  1. /home/mdugre/scratch/mri-registration-rp/datasets/ds004513/derivatives/mri-registration-rp/0100/antsRegistration-r8-p8/sub-s025/affine_Composite.h5[0] (type = Euler3DTransform)
  2. /home/mdugre/scratch/mri-registration-rp/datasets/ds004513/derivatives/mri-registration-rp/0100/antsRegistration-r8-p8/sub-s025/affine_Composite.h5[1] (type = Euler3DTransform)
  3. /home/mdugre/scratch/mri-registration-rp/datasets/ds004513/derivatives/mri-registration-rp/0100/antsRegistration-r8-p8/sub-s025/affine_Composite.h5[2] (type = Euler3DTransform)
  4. /home/mdugre/scratch/mri-registration-rp/datasets/ds004513/derivatives/mri-registration-rp/0100/antsRegistration-r8-p8/sub-s025/affine_Composite.h5[3] (type = AffineTransform)
=============================================================================
  number of levels = 4
  fixed image: /templateflow/tpl-MNI152NLin2009cAsym/tpl-MNI152NLin2009cAsym_res-01_desc-brain_T1w.nii.gz
  moving image: /home/mdugre/scratch/mri-registration-rp/datasets/ds004513/derivatives/mri-registration-rp/antsBrainExtraction/sub-s025/BrainExtractionBrain.nii.gz
Dimension = 3
Number of stages = 1
Use histogram matching = false
Winsorize image intensities = true
  Lower quantile = 0.005
  Upper quantile = 0.995


Stage 1 State
   Image metric = CC
     Fixed image = Image (0x44a9a40)
  RTTI typeinfo:   itk::Image<double, 3u>
  Reference Count: 2
  Modified Time: 1608
  Debug: Off
  Object Name: 
  Observers: 
    none
  Source: (none)
  Source output name: (none)
  Release Data: Off
  Data Released: False
  Global Release Data: Off
  PipelineMTime: 0
  UpdateMTime: 1217
  RealTimeStamp: 0 seconds 
  LargestPossibleRegion: 
    Dimension: 3
    Index: [0, 0, 0]
    Size: [193, 229, 193]
  BufferedRegion: 
    Dimension: 3
    Index: [0, 0, 0]
    Size: [193, 229, 193]
  RequestedRegion: 
    Dimension: 3
    Index: [0, 0, 0]
    Size: [193, 229, 193]
  Spacing: [1, 1, 1]
  Origin: [96, 132, -78]
  Direction: 
-1 0 0
0 -1 0
0 0 1

  IndexToPointMatrix: 
-1 0 0
0 -1 0
0 0 1

  PointToIndexMatrix: 
-1 0 0
0 -1 0
0 0 1

  Inverse Direction: 
-1 0 0
0 -1 0
0 0 1

  PixelContainer: 
    ImportImageContainer (0x4578780)
      RTTI typeinfo:   itk::ImportImageContainer<unsigned long, double>
      Reference Count: 1
      Modified Time: 1214
      Debug: Off
      Object Name: 
      Observers: 
        none
      Pointer: 0x14e39623c010
      Container manages memory: true
      Size: 8530021
      Capacity: 8530021

     Moving image = Image (0x457a390)
  RTTI typeinfo:   itk::Image<double, 3u>
  Reference Count: 2
  Modified Time: 1609
  Debug: Off
  Object Name: 
  Observers: 
    none
  Source: (none)
  Source output name: (none)
  Release Data: Off
  Data Released: False
  Global Release Data: Off
  PipelineMTime: 0
  UpdateMTime: 1606
  RealTimeStamp: 0 seconds 
  LargestPossibleRegion: 
    Dimension: 3
    Index: [0, 0, 0]
    Size: [176, 240, 256]
  BufferedRegion: 
    Dimension: 3
    Index: [0, 0, 0]
    Size: [176, 240, 256]
  RequestedRegion: 
    Dimension: 3
    Index: [0, 0, 0]
    Size: [176, 240, 256]
  Spacing: [0.999999, 1, 1]
  Origin: [90.3778, 84.5091, -154.071]
  Direction: 
-0.999391 7.48184e-06 -0.0348969
-7.47664e-06 -1 -2.7953e-07
-0.0348969 -1.84481e-08 0.999391

  IndexToPointMatrix: 
-0.99939 7.48184e-06 -0.0348969
-7.47663e-06 -1 -2.7953e-07
-0.0348968 -1.84481e-08 0.999391

  PointToIndexMatrix: 
-0.999392 -7.47665e-06 -0.0348969
7.48184e-06 -1 -1.84481e-08
-0.0348969 -2.7953e-07 0.999391

  Inverse Direction: 
-0.999391 -7.47664e-06 -0.0348969
7.48184e-06 -1 -1.84481e-08
-0.0348969 -2.7953e-07 0.999391

  PixelContainer: 
    ImportImageContainer (0x452f6f0)
      RTTI typeinfo:   itk::ImportImageContainer<unsigned long, double>
      Reference Count: 1
      Modified Time: 1603
      Debug: Off
      Object Name: 
      Observers: 
        none
      Pointer: 0x14e390fbb010
      Container manages memory: true
      Size: 10813440
      Capacity: 10813440

     Weighting = 1
     Sampling strategy = none
     Number of bins = 32
     Radius = 4
     Sampling percentage  = 1
   Transform = SyN
     Gradient step = 0.1
     Update field sigma (voxel space) = 3
     Total field sigma (voxel space) = 0
     Update field time sigma = 0
     Total field time sigma  = 0
     Number of time indices = 0
     Number of time point samples = 0
Registration using 1 total stages.

Stage 0
  iterations = 100x70x50x20
  convergence threshold = 1e-06
  convergence window size = 10
  number of levels = 4
  using the CC metric (radius = 4, weight = 1, use gradient filter = 0)
  preprocessing:  winsorizing the image intensities
  Shrink factors (level 1 out of 4): [8, 8, 8]
  Shrink factors (level 2 out of 4): [4, 4, 4]
  Shrink factors (level 3 out of 4): [2, 2, 2]
  Shrink factors (level 4 out of 4): [1, 1, 1]
  smoothing sigmas per level: [3, 2, 1, 0]
  Using default NONE metricSamplingStrategy 

*** Running SyN registration (varianceForUpdateField = 3, varianceForTotalField = 0) ***

XXDIAGNOSTIC,Iteration,metricValue,convergenceValue,ITERATION_TIME_INDEX,SINCE_LAST
 1DIAGNOSTIC,     1, -9.076020035944e-01, 1.797693134862e+308, 1.1682e+00, 1.1682e+00, 
 1DIAGNOSTIC,     2, -9.182828018442e-01, 1.797693134862e+308, 1.5048e+00, 3.3667e-01, 
 1DIAGNOSTIC,     3, -9.268515376880e-01, 1.797693134862e+308, 1.8527e+00, 3.4782e-01, 
 1DIAGNOSTIC,     4, -9.333367653184e-01, 1.797693134862e+308, 2.1883e+00, 3.3567e-01, 
 1DIAGNOSTIC,     5, -9.381381697711e-01, 1.797693134862e+308, 2.5231e+00, 3.3479e-01, 
 1DIAGNOSTIC,     6, -9.414564049749e-01, 1.797693134862e+308, 2.8484e+00, 3.2531e-01, 
 1DIAGNOSTIC,     7, -9.446085187702e-01, 1.797693134862e+308, 3.1897e+00, 3.4124e-01, 
 1DIAGNOSTIC,     8, -9.479290353657e-01, 1.797693134862e+308, 3.5366e+00, 3.4690e-01, 
 1DIAGNOSTIC,     9, -9.512972075422e-01, 1.797693134862e+308, 3.8782e+00, 3.4159e-01, 
 1DIAGNOSTIC,    10, -9.542341913276e-01, 2.919509235363e-03, 4.2130e+00, 3.3480e-01, 
