
##########################
# Experiment information #
##########################

EXPERIMENT_NAME: antsRegistration-r8-p8
VFC_BACKENDS: libinterflop_vprec.so --range-binary32=8 --precision-binary32=8 --range-binary64=8 --precision-binary64=8

SIF_IMG: /home/mdugre/projects/rrg-glatard/mdugre/containers/ants-vprec-no_metrics.simg

SUBJECT_ID: s017
INPUT_IMG: /home/mdugre/scratch/mri-registration-rp/datasets/ds004513/derivatives/mri-registration-rp/antsBrainExtraction/sub-s017/BrainExtractionBrain.nii.gz
OUTPUT_DIR: /home/mdugre/scratch/mri-registration-rp/datasets/ds004513/derivatives/mri-registration-rp/0100/antsRegistration-r8-p8/sub-s017

FIXED_IMG: /templateflow/tpl-MNI152NLin2009cAsym/tpl-MNI152NLin2009cAsym_res-01_desc-brain_T1w.nii.gz
DATA_DIR: /home/mdugre/scratch/mri-registration-rp/datasets/ds004513
TEMPLATEFLOW_DIR: /home/mdugre/projects/rrg-glatard/mdugre/templateflow
ITK_GLOBAL_DEFAULT_NUMBER_OF_THREADS: 16
##########################

Info [verificarlo]: loaded backend libinterflop_ieee.so
Info [interflop-ieee]: load backend with:
Info [interflop-ieee]: debug = false
Info [interflop-ieee]: debug-binary = false
Info [interflop-ieee]: no-backend-name = false
Info [interflop-ieee]: print-new-line = false
Info [interflop-ieee]: print-subnormal-normalized = false
Info [interflop-ieee]: count-op = false
All_Command_lines_OK
Using double precision for computations.
=============================================================================
The composite transform comprises the following transforms (in order): 
  1. Center of mass alignment using fixed image: /templateflow/tpl-MNI152NLin2009cAsym/tpl-MNI152NLin2009cAsym_res-01_desc-brain_T1w.nii.gz and moving image: /home/mdugre/scratch/mri-registration-rp/datasets/ds004513/derivatives/mri-registration-rp/antsBrainExtraction/sub-s017/BrainExtractionBrain.nii.gz (type = Euler3DTransform)
=============================================================================
  number of levels = 1
  fixed image: /templateflow/tpl-MNI152NLin2009cAsym/tpl-MNI152NLin2009cAsym_res-01_desc-brain_T1w.nii.gz
  moving image: /home/mdugre/scratch/mri-registration-rp/datasets/ds004513/derivatives/mri-registration-rp/antsBrainExtraction/sub-s017/BrainExtractionBrain.nii.gz
Dimension = 3
Number of stages = 1
Use histogram matching = false
Winsorize image intensities = true
  Lower quantile = 0.005
  Upper quantile = 0.995


Stage 1 State
   Image metric = MattesMI
     Fixed image = Image (0x40a0bd0)
  RTTI typeinfo:   itk::Image<double, 3u>
  Reference Count: 2
  Modified Time: 2334
  Debug: Off
  Object Name: 
  Observers: 
    none
  Source: (none)
  Source output name: (none)
  Release Data: Off
  Data Released: False
  Global Release Data: Off
  PipelineMTime: 0
  UpdateMTime: 1943
  RealTimeStamp: 0 seconds 
  LargestPossibleRegion: 
    Dimension: 3
    Index: [0, 0, 0]
    Size: [193, 229, 193]
  BufferedRegion: 
    Dimension: 3
    Index: [0, 0, 0]
    Size: [193, 229, 193]
  RequestedRegion: 
    Dimension: 3
    Index: [0, 0, 0]
    Size: [193, 229, 193]
  Spacing: [1, 1, 1]
  Origin: [96, 132, -78]
  Direction: 
-1 0 0
0 -1 0
0 0 1

  IndexToPointMatrix: 
-1 0 0
0 -1 0
0 0 1

  PointToIndexMatrix: 
-1 0 0
0 -1 0
0 0 1

  Inverse Direction: 
-1 0 0
0 -1 0
0 0 1

  PixelContainer: 
    ImportImageContainer (0x40a99e0)
      RTTI typeinfo:   itk::ImportImageContainer<unsigned long, double>
      Reference Count: 1
      Modified Time: 1940
      Debug: Off
      Object Name: 
      Observers: 
        none
      Pointer: 0x14d58b37c010
      Container manages memory: true
      Size: 8530021
      Capacity: 8530021

     Moving image = Image (0x40aabd0)
  RTTI typeinfo:   itk::Image<double, 3u>
  Reference Count: 2
  Modified Time: 2335
  Debug: Off
  Object Name: 
  Observers: 
    none
  Source: (none)
  Source output name: (none)
  Release Data: Off
  Data Released: False
  Global Release Data: Off
  PipelineMTime: 0
  UpdateMTime: 2332
  RealTimeStamp: 0 seconds 
  LargestPossibleRegion: 
    Dimension: 3
    Index: [0, 0, 0]
    Size: [160, 240, 256]
  BufferedRegion: 
    Dimension: 3
    Index: [0, 0, 0]
    Size: [160, 240, 256]
  RequestedRegion: 
    Dimension: 3
    Index: [0, 0, 0]
    Size: [160, 240, 256]
  Spacing: [1, 1, 1]
  Origin: [91.3357, 102.231, -120.042]
  Direction: 
-0.997442 -5.36781e-05 -0.0714818
5.35416e-05 -1 3.82465e-06
-0.0714818 -1.23894e-08 0.997442

  IndexToPointMatrix: 
-0.997444 -5.36781e-05 -0.0714818
5.35418e-05 -1 3.82465e-06
-0.0714819 -1.23894e-08 0.997442

  PointToIndexMatrix: 
-0.99744 5.35415e-05 -0.0714816
-5.36781e-05 -1 -1.23894e-08
-0.0714818 3.82465e-06 0.997442

  Inverse Direction: 
-0.997442 5.35416e-05 -0.0714818
-5.36781e-05 -1 -1.23894e-08
-0.0714818 3.82465e-06 0.997442

  PixelContainer: 
    ImportImageContainer (0x4230b50)
      RTTI typeinfo:   itk::ImportImageContainer<unsigned long, double>
      Reference Count: 1
      Modified Time: 2329
      Debug: Off
      Object Name: 
      Observers: 
        none
      Pointer: 0x14d58687b010
      Container manages memory: true
      Size: 9830400
      Capacity: 9830400

     Weighting = 1
     Sampling strategy = regular
     Number of bins = 32
     Radius = 4
     Sampling percentage  = 0.25
   Transform = Rigid
     Gradient step = 0.1
     Update field sigma (voxel space) = 0
     Total field sigma (voxel space) = 0
     Update field time sigma = 0
     Total field time sigma  = 0
     Number of time indices = 0
     Number of time point samples = 0
Registration using 1 total stages.

Stage 0
  iterations = 0
  convergence threshold = 1e-06
  convergence window size = 10
  number of levels = 1
  using the Mattes MI metric (number of bins = 32, weight = 1, use gradient filter = 0)
  preprocessing:  winsorizing the image intensities
  Shrink factors (level 1 out of 1): [1, 1, 1]
  smoothing sigmas per level: [0]
  regular sampling (percentage = 0.25)

*** Running Euler3DTransform registration ***

  Elapsed time (stage 0): 1.0902


Total elapsed time: 1.09233
Info [verificarlo]: loaded backend libinterflop_vprec.so
Info [interflop-vprec]: load backend with: 
Info [interflop-vprec]: precision-binary32 = 8
Info [interflop-vprec]: range-binary32 = 8
Info [interflop-vprec]: precision-binary64 = 8
Info [interflop-vprec]: range-binary64 = 8
Info [interflop-vprec]: mode = ob
Info [interflop-vprec]: error-mode = rel
Info [interflop-vprec]: max-abs-error-exponent = -1022
Info [interflop-vprec]: daz = false
Info [interflop-vprec]: ftz = false
Info [interflop-vprec]: 	instrument = none
Info [interflop-vprec]: 	prec-input-file = (null)
Info [interflop-vprec]: 	prec-output-file = (null)
Info [interflop-vprec]: 	prec-log-file = (null)
All_Command_lines_OK
Using double precision for computations.
=============================================================================
The composite transform comprises the following transforms (in order): 
  1. /home/mdugre/scratch/mri-registration-rp/datasets/ds004513/derivatives/mri-registration-rp/0100/antsRegistration-r8-p8/sub-s017/align_Composite.h5[0] (type = Euler3DTransform)
  2. /home/mdugre/scratch/mri-registration-rp/datasets/ds004513/derivatives/mri-registration-rp/0100/antsRegistration-r8-p8/sub-s017/align_Composite.h5[1] (type = Euler3DTransform)
=============================================================================
  number of levels = 4
  fixed image: /templateflow/tpl-MNI152NLin2009cAsym/tpl-MNI152NLin2009cAsym_res-01_desc-brain_T1w.nii.gz
  moving image: /home/mdugre/scratch/mri-registration-rp/datasets/ds004513/derivatives/mri-registration-rp/antsBrainExtraction/sub-s017/BrainExtractionBrain.nii.gz
Dimension = 3
Number of stages = 1
Use histogram matching = false
Winsorize image intensities = true
  Lower quantile = 0.005
  Upper quantile = 0.995


Stage 1 State
   Image metric = MattesMI
     Fixed image = Image (0x4ba01e0)
  RTTI typeinfo:   itk::Image<double, 3u>
  Reference Count: 2
  Modified Time: 1578
  Debug: Off
  Object Name: 
  Observers: 
    none
  Source: (none)
  Source output name: (none)
  Release Data: Off
  Data Released: False
  Global Release Data: Off
  PipelineMTime: 0
  UpdateMTime: 1189
  RealTimeStamp: 0 seconds 
  LargestPossibleRegion: 
    Dimension: 3
    Index: [0, 0, 0]
    Size: [193, 229, 193]
  BufferedRegion: 
    Dimension: 3
    Index: [0, 0, 0]
    Size: [193, 229, 193]
  RequestedRegion: 
    Dimension: 3
    Index: [0, 0, 0]
    Size: [193, 229, 193]
  Spacing: [1, 1, 1]
  Origin: [96, 132, -78]
  Direction: 
-1 0 0
0 -1 0
0 0 1

  IndexToPointMatrix: 
-1 0 0
0 -1 0
0 0 1

  PointToIndexMatrix: 
-1 0 0
0 -1 0
0 0 1

  Inverse Direction: 
-1 0 0
0 -1 0
0 0 1

  PixelContainer: 
    ImportImageContainer (0x4c5f680)
      RTTI typeinfo:   itk::ImportImageContainer<unsigned long, double>
      Reference Count: 1
      Modified Time: 1186
      Debug: Off
      Object Name: 
      Observers: 
        none
      Pointer: 0x1496ffe8d010
      Container manages memory: true
      Size: 8530021
      Capacity: 8530021

     Moving image = Image (0x4c5bb20)
  RTTI typeinfo:   itk::Image<double, 3u>
  Reference Count: 2
  Modified Time: 1579
  Debug: Off
  Object Name: 
  Observers: 
    none
  Source: (none)
  Source output name: (none)
  Release Data: Off
  Data Released: False
  Global Release Data: Off
  PipelineMTime: 0
  UpdateMTime: 1576
  RealTimeStamp: 0 seconds 
  LargestPossibleRegion: 
    Dimension: 3
    Index: [0, 0, 0]
    Size: [160, 240, 256]
  BufferedRegion: 
    Dimension: 3
    Index: [0, 0, 0]
    Size: [160, 240, 256]
  RequestedRegion: 
    Dimension: 3
    Index: [0, 0, 0]
    Size: [160, 240, 256]
  Spacing: [1, 1, 1]
  Origin: [91.25, 102.25, -120]
  Direction: 
-0.996094 -5.37634e-05 -0.0715332
5.3525e-05 -1 3.8147e-06
-0.0715332 -7.45058e-09 0.996094

  IndexToPointMatrix: 
-0.996094 -5.37634e-05 -0.0715332
5.3525e-05 -1 3.8147e-06
-0.0715332 -7.45058e-09 0.996094

  PointToIndexMatrix: 
-1.00391 5.40018e-05 -0.0720215
-5.38826e-05 -1 -1.49012e-08
-0.0720215 3.8594e-06 1

  Inverse Direction: 
-1.00391 5.40018e-05 -0.0720215
-5.38826e-05 -1 -1.49012e-08
-0.0720215 3.8594e-06 1

  PixelContainer: 
    ImportImageContainer (0x4cc4d50)
      RTTI typeinfo:   itk::ImportImageContainer<unsigned long, double>
      Reference Count: 1
      Modified Time: 1573
      Debug: Off
      Object Name: 
      Observers: 
        none
      Pointer: 0x1496fb38c010
      Container manages memory: true
      Size: 9830400
      Capacity: 9830400

     Weighting = 1
     Sampling strategy = regular
     Number of bins = 32
     Radius = 4
     Sampling percentage  = 0.25
   Transform = Rigid
     Gradient step = 0.1
     Update field sigma (voxel space) = 0
     Total field sigma (voxel space) = 0
     Update field time sigma = 0
     Total field time sigma  = 0
     Number of time indices = 0
     Number of time point samples = 0
Registration using 1 total stages.

Stage 0
  iterations = 1000x500x250x100
  convergence threshold = 1e-06
  convergence window size = 10
  number of levels = 4
  using the Mattes MI metric (number of bins = 32, weight = 1, use gradient filter = 0)
  preprocessing:  winsorizing the image intensities
  Shrink factors (level 1 out of 4): [8, 8, 8]
  Shrink factors (level 2 out of 4): [4, 4, 4]
  Shrink factors (level 3 out of 4): [2, 2, 2]
  Shrink factors (level 4 out of 4): [1, 1, 1]
  smoothing sigmas per level: [3, 2, 1, 0]
  regular sampling (percentage = 0.25)

*** Running Euler3DTransform registration ***

DIAGNOSTIC,Iteration,metricValue,convergenceValue,ITERATION_TIME_INDEX,SINCE_LAST
 2DIAGNOSTIC,     1, -5.865835691687e-01, 1.797693134862e+308, 0.0000e+00, 0.0000e+00, 
 2DIAGNOSTIC,     2, -5.865115907584e-01, 1.797693134862e+308, 0.0000e+00, 0.0000e+00, 
 2DIAGNOSTIC,     3, -5.868120763779e-01, 1.797693134862e+308, 0.0000e+00, 0.0000e+00, 
 2DIAGNOSTIC,     4, -5.871967472029e-01, 1.797693134862e+308, 0.0000e+00, 0.0000e+00, 
 2DIAGNOSTIC,     5, -5.873315181764e-01, 1.797693134862e+308, 0.0000e+00, 0.0000e+00, 
 2DIAGNOSTIC,     6, -5.872943439257e-01, 1.797693134862e+308, 0.0000e+00, 0.0000e+00, 
 2DIAGNOSTIC,     7, -5.873021839335e-01, 1.797693134862e+308, 0.0000e+00, 0.0000e+00, 
 2DIAGNOSTIC,     8, -5.872790139143e-01, 1.797693134862e+308, 0.0000e+00, 0.0000e+00, 
 2DIAGNOSTIC,     9, -5.871949027979e-01, 1.797693134862e+308, 0.0000e+00, 0.0000e+00, 
 2DIAGNOSTIC,    10, -5.871975482588e-01, 7.663295578969e-05, 0.0000e+00, 0.0000e+00, 
 2DIAGNOSTIC,    11, -5.872327194347e-01, 4.551566104406e-05, 0.0000e+00, 0.0000e+00, 
 2DIAGNOSTIC,    12, -5.871798794374e-01, 1.029749866840e-05, 0.0000e+00, 0.0000e+00, 
DIAGNOSTIC,Iteration,metricValue,convergenceValue,ITERATION_TIME_INDEX,SINCE_LAST
 2DIAGNOSTIC,     1, -4.654386153393e-01, 1.797693134862e+308, 0.0000e+00, 0.0000e+00, 
 2DIAGNOSTIC,     2, -4.657313648564e-01, 1.797693134862e+308, 0.0000e+00, 0.0000e+00, 
 2DIAGNOSTIC,     3, -4.660936467063e-01, 1.797693134862e+308, 0.0000e+00, 0.0000e+00, 
 2DIAGNOSTIC,     4, -4.663425917817e-01, 1.797693134862e+308, 0.0000e+00, 0.0000e+00, 
 2DIAGNOSTIC,     5, -4.664203746059e-01, 1.797693134862e+308, 0.0000e+00, 0.0000e+00, 
 2DIAGNOSTIC,     6, -4.686094302724e-01, 1.797693134862e+308, 0.0000e+00, 0.0000e+00, 
 2DIAGNOSTIC,     7, -4.715157311637e-01, 1.797693134862e+308, 0.0000e+00, 0.0000e+00, 
 2DIAGNOSTIC,     8, -4.749175271498e-01, 1.797693134862e+308, 0.0000e+00, 0.0000e+00, 
 2DIAGNOSTIC,     9, -4.787130441511e-01, 1.797693134862e+308, 0.0000e+00, 0.0000e+00, 
 2DIAGNOSTIC,    10, -4.791480347730e-01, 2.057241672446e-03, 0.0000e+00, 0.0000e+00, 
 2DIAGNOSTIC,    11, -4.792102312801e-01, 2.086010498829e-03, 0.0000e+00, 0.0000e+00, 
 2DIAGNOSTIC,    12, -4.792051813348e-01, 1.937106697826e-03, 0.0000e+00, 0.0000e+00, 
 2DIAGNOSTIC,    13, -4.792184556214e-01, 1.652127598792e-03, 0.0000e+00, 0.0000e+00, 
 2DIAGNOSTIC,    14, -4.792194427941e-01, 1.269144741461e-03, 0.0000e+00, 0.0000e+00, 
 2DIAGNOSTIC,    15, -4.792196351636e-01, 8.253298728160e-04, 0.0000e+00, 0.0000e+00, 
 2DIAGNOSTIC,    16, -4.792229873748e-01, 4.448891788320e-04, 0.0000e+00, 0.0000e+00, 
 2DIAGNOSTIC,    17, -4.792221575345e-01, 1.697024226592e-04, 0.0000e+00, 0.0000e+00, 
 2DIAGNOSTIC,    18, -4.792211851247e-01, 1.961841955794e-05, 0.0000e+00, 0.0000e+00, 
 2DIAGNOSTIC,    19, -4.792186187960e-01, 2.972520005327e-06, 0.0000e+00, 0.0000e+00, 
DIAGNOSTIC,Iteration,metricValue,convergenceValue,ITERATION_TIME_INDEX,SINCE_LAST
 2DIAGNOSTIC,     1, -4.080899170329e-01, 1.797693134862e+308, 0.0000e+00, 0.0000e+00, 
 2DIAGNOSTIC,     2, -4.081479128687e-01, 1.797693134862e+308, 0.0000e+00, 0.0000e+00, 
 2DIAGNOSTIC,     3, -4.081767206776e-01, 1.797693134862e+308, 0.0000e+00, 0.0000e+00, 
 2DIAGNOSTIC,     4, -4.081749232923e-01, 1.797693134862e+308, 0.0000e+00, 0.0000e+00, 
 2DIAGNOSTIC,     5, -4.081462412701e-01, 1.797693134862e+308, 0.0000e+00, 0.0000e+00, 
 2DIAGNOSTIC,     6, -4.082140626922e-01, 1.797693134862e+308, 0.0000e+00, 0.0000e+00, 
 2DIAGNOSTIC,     7, -4.082171403296e-01, 1.797693134862e+308, 0.0000e+00, 0.0000e+00, 
 2DIAGNOSTIC,     8, -4.082166220172e-01, 1.797693134862e+308, 0.0000e+00, 0.0000e+00, 
 2DIAGNOSTIC,     9, -4.082186072187e-01, 1.797693134862e+308, 0.0000e+00, 0.0000e+00, 
 2DIAGNOSTIC,    10, -4.082163412981e-01, 1.721296631908e-05, 0.0000e+00, 0.0000e+00, 
 2DIAGNOSTIC,    11, -4.082139203672e-01, 1.042754936197e-05, 0.0000e+00, 0.0000e+00, 
 2DIAGNOSTIC,    12, -4.082119136598e-01, 6.997220598978e-06, 0.0000e+00, 0.0000e+00, 
 2DIAGNOSTIC,    13, -4.082118890514e-01, 5.048352234166e-06, 0.0000e+00, 0.0000e+00, 
 2DIAGNOSTIC,    14, -4.082163854394e-01, 3.133401540970e-06, 0.0000e+00, 0.0000e+00, 
DIAGNOSTIC,Iteration,metricValue,convergenceValue,ITERATION_TIME_INDEX,SINCE_LAST
 2DIAGNOSTIC,     1, -3.769925759400e-01, 1.797693134862e+308, 0.0000e+00, 0.0000e+00, 
 2DIAGNOSTIC,     2, -3.770257587613e-01, 1.797693134862e+308, 0.0000e+00, 0.0000e+00, 
 2DIAGNOSTIC,     3, -3.770261603892e-01, 1.797693134862e+308, 0.0000e+00, 0.0000e+00, 
 2DIAGNOSTIC,     4, -3.770282434727e-01, 1.797693134862e+308, 0.0000e+00, 0.0000e+00, 
 2DIAGNOSTIC,     5, -3.770254095092e-01, 1.797693134862e+308, 0.0000e+00, 0.0000e+00, 
 2DIAGNOSTIC,     6, -3.770257502551e-01, 1.797693134862e+308, 0.0000e+00, 0.0000e+00, 
 2DIAGNOSTIC,     7, -3.770240251038e-01, 1.797693134862e+308, 0.0000e+00, 0.0000e+00, 
 2DIAGNOSTIC,     8, -3.770231301126e-01, 1.797693134862e+308, 0.0000e+00, 0.0000e+00, 
 2DIAGNOSTIC,     9, -3.770245185847e-01, 1.797693134862e+308, 0.0000e+00, 0.0000e+00, 
 2DIAGNOSTIC,    10, -3.770224514857e-01, 1.867822350357e-06, 0.0000e+00, 0.0000e+00, 
  Elapsed time (stage 0): 0.0000e+00


Total elapsed time: 0.0000e+00
Info [verificarlo]: loaded backend libinterflop_ieee.so
Info [interflop-ieee]: load backend with:
Info [interflop-ieee]: debug = false
Info [interflop-ieee]: debug-binary = false
Info [interflop-ieee]: no-backend-name = false
Info [interflop-ieee]: print-new-line = false
Info [interflop-ieee]: print-subnormal-normalized = false
Info [interflop-ieee]: count-op = false
All_Command_lines_OK
Using double precision for computations.
=============================================================================
The composite transform comprises the following transforms (in order): 
  1. /home/mdugre/scratch/mri-registration-rp/datasets/ds004513/derivatives/mri-registration-rp/0100/antsRegistration-r8-p8/sub-s017/rigid_Composite.h5[0] (type = Euler3DTransform)
  2. /home/mdugre/scratch/mri-registration-rp/datasets/ds004513/derivatives/mri-registration-rp/0100/antsRegistration-r8-p8/sub-s017/rigid_Composite.h5[1] (type = Euler3DTransform)
  3. /home/mdugre/scratch/mri-registration-rp/datasets/ds004513/derivatives/mri-registration-rp/0100/antsRegistration-r8-p8/sub-s017/rigid_Composite.h5[2] (type = Euler3DTransform)
=============================================================================
  number of levels = 4
  fixed image: /templateflow/tpl-MNI152NLin2009cAsym/tpl-MNI152NLin2009cAsym_res-01_desc-brain_T1w.nii.gz
  moving image: /home/mdugre/scratch/mri-registration-rp/datasets/ds004513/derivatives/mri-registration-rp/antsBrainExtraction/sub-s017/BrainExtractionBrain.nii.gz
Dimension = 3
Number of stages = 1
Use histogram matching = false
Winsorize image intensities = true
  Lower quantile = 0.005
  Upper quantile = 0.995


Stage 1 State
   Image metric = MattesMI
     Fixed image = Image (0x336a530)
  RTTI typeinfo:   itk::Image<double, 3u>
  Reference Count: 2
  Modified Time: 1594
  Debug: Off
  Object Name: 
  Observers: 
    none
  Source: (none)
  Source output name: (none)
  Release Data: Off
  Data Released: False
  Global Release Data: Off
  PipelineMTime: 0
  UpdateMTime: 1203
  RealTimeStamp: 0 seconds 
  LargestPossibleRegion: 
    Dimension: 3
    Index: [0, 0, 0]
    Size: [193, 229, 193]
  BufferedRegion: 
    Dimension: 3
    Index: [0, 0, 0]
    Size: [193, 229, 193]
  RequestedRegion: 
    Dimension: 3
    Index: [0, 0, 0]
    Size: [193, 229, 193]
  Spacing: [1, 1, 1]
  Origin: [96, 132, -78]
  Direction: 
-1 0 0
0 -1 0
0 0 1

  IndexToPointMatrix: 
-1 0 0
0 -1 0
0 0 1

  PointToIndexMatrix: 
-1 0 0
0 -1 0
0 0 1

  Inverse Direction: 
-1 0 0
0 -1 0
0 0 1

  PixelContainer: 
    ImportImageContainer (0x33772b0)
      RTTI typeinfo:   itk::ImportImageContainer<unsigned long, double>
      Reference Count: 1
      Modified Time: 1200
      Debug: Off
      Object Name: 
      Observers: 
        none
      Pointer: 0x14c58166b010
      Container manages memory: true
      Size: 8530021
      Capacity: 8530021

     Moving image = Image (0x3425fd0)
  RTTI typeinfo:   itk::Image<double, 3u>
  Reference Count: 2
  Modified Time: 1595
  Debug: Off
  Object Name: 
  Observers: 
    none
  Source: (none)
  Source output name: (none)
  Release Data: Off
  Data Released: False
  Global Release Data: Off
  PipelineMTime: 0
  UpdateMTime: 1592
  RealTimeStamp: 0 seconds 
  LargestPossibleRegion: 
    Dimension: 3
    Index: [0, 0, 0]
    Size: [160, 240, 256]
  BufferedRegion: 
    Dimension: 3
    Index: [0, 0, 0]
    Size: [160, 240, 256]
  RequestedRegion: 
    Dimension: 3
    Index: [0, 0, 0]
    Size: [160, 240, 256]
  Spacing: [1, 1, 1]
  Origin: [91.3357, 102.231, -120.042]
  Direction: 
-0.997442 -5.36781e-05 -0.0714818
5.35416e-05 -1 3.82465e-06
-0.0714818 -1.23894e-08 0.997442

  IndexToPointMatrix: 
-0.997444 -5.36781e-05 -0.0714818
5.35418e-05 -1 3.82465e-06
-0.0714819 -1.23894e-08 0.997442

  PointToIndexMatrix: 
-0.99744 5.35415e-05 -0.0714816
-5.36781e-05 -1 -1.23894e-08
-0.0714818 3.82465e-06 0.997442

  Inverse Direction: 
-0.997442 5.35416e-05 -0.0714818
-5.36781e-05 -1 -1.23894e-08
-0.0714818 3.82465e-06 0.997442

  PixelContainer: 
    ImportImageContainer (0x343d990)
      RTTI typeinfo:   itk::ImportImageContainer<unsigned long, double>
      Reference Count: 1
      Modified Time: 1589
      Debug: Off
      Object Name: 
      Observers: 
        none
      Pointer: 0x14c57cb6a010
      Container manages memory: true
      Size: 9830400
      Capacity: 9830400

     Weighting = 1
     Sampling strategy = regular
     Number of bins = 32
     Radius = 4
     Sampling percentage  = 0.25
   Transform = Affine
     Gradient step = 0.1
     Update field sigma (voxel space) = 0
     Total field sigma (voxel space) = 0
     Update field time sigma = 0
     Total field time sigma  = 0
     Number of time indices = 0
     Number of time point samples = 0
Registration using 1 total stages.

Stage 0
  iterations = 1000x500x250x100
  convergence threshold = 1e-06
  convergence window size = 10
  number of levels = 4
  using the Mattes MI metric (number of bins = 32, weight = 1, use gradient filter = 0)
  preprocessing:  winsorizing the image intensities
  Shrink factors (level 1 out of 4): [8, 8, 8]
  Shrink factors (level 2 out of 4): [4, 4, 4]
  Shrink factors (level 3 out of 4): [2, 2, 2]
  Shrink factors (level 4 out of 4): [1, 1, 1]
  smoothing sigmas per level: [3, 2, 1, 0]
  regular sampling (percentage = 0.25)

*** Running AffineTransform registration ***

DIAGNOSTIC,Iteration,metricValue,convergenceValue,ITERATION_TIME_INDEX,SINCE_LAST
 2DIAGNOSTIC,     1, -5.778526959816e-01, 1.797693134862e+308, 6.5781e-01, 6.5781e-01, 
 2DIAGNOSTIC,     2, -5.803116675770e-01, 1.797693134862e+308, 6.6206e-01, 4.2431e-03, 
 2DIAGNOSTIC,     3, -5.841498762305e-01, 1.797693134862e+308, 6.6647e-01, 4.4150e-03, 
 2DIAGNOSTIC,     4, -5.903831846399e-01, 1.797693134862e+308, 6.7043e-01, 3.9570e-03, 
 2DIAGNOSTIC,     5, -6.014194084664e-01, 1.797693134862e+308, 6.7538e-01, 4.9510e-03, 
 2DIAGNOSTIC,     6, -6.212623318935e-01, 1.797693134862e+308, 6.8064e-01, 5.2600e-03, 
 2DIAGNOSTIC,     7, -6.504365180550e-01, 1.797693134862e+308, 6.8501e-01, 4.3719e-03, 
 2DIAGNOSTIC,     8, -7.418703402718e-01, 1.797693134862e+308, 6.8984e-01, 4.8330e-03, 
 2DIAGNOSTIC,     9, -7.948441877117e-01, 1.797693134862e+308, 6.9636e-01, 6.5141e-03, 
 2DIAGNOSTIC,    10, -8.040706703455e-01, 2.412754600175e-02, 7.0130e-01, 4.9469e-03, 
 2DIAGNOSTIC,    11, -8.341378538623e-01, 2.541348045635e-02, 7.0684e-01, 5.5308e-03, 
 2DIAGNOSTIC,    12, -8.665397645761e-01, 2.528890998045e-02, 7.1247e-01, 5.6329e-03, 
 2DIAGNOSTIC,    13, -8.677642575572e-01, 2.304267043770e-02, 7.1854e-01, 6.0761e-03, 
 2DIAGNOSTIC,    14, -8.707464384089e-01, 1.938498007358e-02, 7.2387e-01, 5.3282e-03, 
 2DIAGNOSTIC,    15, -8.764943178100e-01, 1.503469711728e-02, 7.2844e-01, 4.5631e-03, 
 2DIAGNOSTIC,    16, -8.850573747741e-01, 1.066208406537e-02, 7.3392e-01, 5.4860e-03, 
 2DIAGNOSTIC,    17, -8.863704969598e-01, 6.558749486353e-03, 7.4040e-01, 6.4769e-03, 
 2DIAGNOSTIC,    18, -8.866923713224e-01, 4.303710118207e-03, 7.4572e-01, 5.3248e-03, 
 2DIAGNOSTIC,    19, -8.866797843178e-01, 2.989884492209e-03, 7.5091e-01, 5.1889e-03, 
 2DIAGNOSTIC,    20, -8.866727924205e-01, 1.713884865905e-03, 7.5604e-01, 5.1270e-03, 
 2DIAGNOSTIC,    21, -8.865892935458e-01, 9.279966661948e-04, 7.6069e-01, 4.6492e-03, 
 2DIAGNOSTIC,    22, -8.865757068716e-01, 6.779021198647e-04, 7.6604e-01, 5.3480e-03, 
 2DIAGNOSTIC,    23, -8.866887801812e-01, 4.125776073548e-04, 7.7165e-01, 5.6090e-03, 
 2DIAGNOSTIC,    24, -8.865017973844e-01, 1.753921824455e-04, 7.7709e-01, 5.4460e-03, 
 2DIAGNOSTIC,    25, -8.863952719666e-01, 2.142305568547e-05, 7.8205e-01, 4.9560e-03, 
DIAGNOSTIC,Iteration,metricValue,convergenceValue,ITERATION_TIME_INDEX,SINCE_LAST
 2DIAGNOSTIC,     1, -7.411518222281e-01, 1.797693134862e+308, 1.4749e+00, 6.9288e-01, 
 2DIAGNOSTIC,     2, -7.426139816612e-01, 1.797693134862e+308, 1.5122e+00, 3.7298e-02, 
 2DIAGNOSTIC,     3, -7.440987328427e-01, 1.797693134862e+308, 1.5491e+00, 3.6878e-02, 
 2DIAGNOSTIC,     4, -7.451928138913e-01, 1.797693134862e+308, 1.5854e+00, 3.6295e-02, 
 2DIAGNOSTIC,     5, -7.462157551803e-01, 1.797693134862e+308, 1.6213e+00, 3.5919e-02, 
 2DIAGNOSTIC,     6, -7.474216449852e-01, 1.797693134862e+308, 1.6588e+00, 3.7489e-02, 
 2DIAGNOSTIC,     7, -7.488607054891e-01, 1.797693134862e+308, 1.6977e+00, 3.8902e-02, 
 2DIAGNOSTIC,     8, -7.500575993498e-01, 1.797693134862e+308, 1.7599e+00, 6.2148e-02, 
 2DIAGNOSTIC,     9, -7.500044076734e-01, 1.797693134862e+308, 1.8004e+00, 4.0498e-02, 
 2DIAGNOSTIC,    10, -7.500102077812e-01, 8.182493418030e-04, 1.8528e+00, 5.2439e-02, 
 2DIAGNOSTIC,    11, -7.499816933687e-01, 6.235651144408e-04, 1.8903e+00, 3.7533e-02, 
 2DIAGNOSTIC,    12, -7.499879828453e-01, 4.509118189562e-04, 1.9335e+00, 4.3152e-02, 
 2DIAGNOSTIC,    13, -7.499765832247e-01, 3.068163690198e-04, 1.9848e+00, 5.1314e-02, 
 2DIAGNOSTIC,    14, -7.499684262338e-01, 1.853611534706e-04, 2.0262e+00, 4.1411e-02, 
 2DIAGNOSTIC,    15, -7.499600362618e-01, 8.921643472264e-05, 2.0680e+00, 4.1810e-02, 
 2DIAGNOSTIC,    16, -7.499494642912e-01, 2.488217303249e-05, 2.1059e+00, 3.7892e-02, 
DIAGNOSTIC,Iteration,metricValue,convergenceValue,ITERATION_TIME_INDEX,SINCE_LAST
 2DIAGNOSTIC,     1, -6.287781978108e-01, 1.797693134862e+308, 3.2223e+00, 1.1164e+00, 
 2DIAGNOSTIC,     2, -6.293797860176e-01, 1.797693134862e+308, 3.4960e+00, 2.7369e-01, 
 2DIAGNOSTIC,     3, -6.301100928331e-01, 1.797693134862e+308, 3.7722e+00, 2.7625e-01, 
 2DIAGNOSTIC,     4, -6.309855582359e-01, 1.797693134862e+308, 4.0429e+00, 2.7073e-01, 
 2DIAGNOSTIC,     5, -6.325138067530e-01, 1.797693134862e+308, 4.3319e+00, 2.8895e-01, 
 2DIAGNOSTIC,     6, -6.329231804051e-01, 1.797693134862e+308, 4.6711e+00, 3.3921e-01, 
 2DIAGNOSTIC,     7, -6.329514991403e-01, 1.797693134862e+308, 5.0684e+00, 3.9732e-01, 
 2DIAGNOSTIC,     8, -6.329478455727e-01, 1.797693134862e+308, 5.4778e+00, 4.0934e-01, 
 2DIAGNOSTIC,     9, -6.329464393032e-01, 1.797693134862e+308, 5.7848e+00, 3.0707e-01, 
 2DIAGNOSTIC,    10, -6.329474557315e-01, 4.649634059166e-04, 6.0867e+00, 3.0183e-01, 
 2DIAGNOSTIC,    11, -6.329467144658e-01, 3.149305280783e-04, 6.4010e+00, 3.1431e-01, 
 2DIAGNOSTIC,    12, -6.329459699826e-01, 1.849638622688e-04, 6.6948e+00, 2.9384e-01, 
 2DIAGNOSTIC,    13, -6.329453457881e-01, 8.380801514539e-05, 6.9681e+00, 2.7328e-01, 
 2DIAGNOSTIC,    14, -6.329445146414e-01, 1.659563121033e-05, 7.2815e+00, 3.1341e-01, 
 2DIAGNOSTIC,    15, -6.329425262361e-01, 2.457732130978e-06, 7.5833e+00, 3.0185e-01, 
 2DIAGNOSTIC,    16, -6.329420810542e-01, 1.526342518113e-06, 7.8795e+00, 2.9611e-01, 
 2DIAGNOSTIC,    17, -6.329406375925e-01, 1.460704504019e-06, 8.1647e+00, 2.8525e-01, 
 2DIAGNOSTIC,    18, -6.329387100398e-01, 1.302619283348e-06, 8.4287e+00, 2.6395e-01, 
 2DIAGNOSTIC,    19, -6.329359746552e-01, 1.106542685862e-06, 8.7146e+00, 2.8596e-01, 
 2DIAGNOSTIC,    20, -6.329370339174e-01, 1.031272587125e-06, 8.9958e+00, 2.8119e-01, 
DIAGNOSTIC,Iteration,metricValue,convergenceValue,ITERATION_TIME_INDEX,SINCE_LAST
 2DIAGNOSTIC,     1, -5.643268585796e-01, 1.797693134862e+308, 1.2027e+01, 3.0313e+00, 
 2DIAGNOSTIC,     2, -5.647079422981e-01, 1.797693134862e+308, 1.3771e+01, 1.7439e+00, 
 2DIAGNOSTIC,     3, -5.651764132756e-01, 1.797693134862e+308, 1.5568e+01, 1.7975e+00, 
 2DIAGNOSTIC,     4, -5.657581698148e-01, 1.797693134862e+308, 1.8101e+01, 2.5330e+00, 
 2DIAGNOSTIC,     5, -5.658593473083e-01, 1.797693134862e+308, 2.2214e+01, 4.1121e+00, 
 2DIAGNOSTIC,     6, -5.658591551886e-01, 1.797693134862e+308, 2.4374e+01, 2.1608e+00, 
 2DIAGNOSTIC,     7, -5.658589493549e-01, 1.797693134862e+308, 2.6310e+01, 1.9356e+00, 
 2DIAGNOSTIC,     8, -5.658588676524e-01, 1.797693134862e+308, 2.8338e+01, 2.0280e+00, 
 2DIAGNOSTIC,     9, -5.658586660362e-01, 1.797693134862e+308, 3.0312e+01, 1.9746e+00, 
 2DIAGNOSTIC,    10, -5.658583565741e-01, 1.571181563848e-04, 3.2305e+01, 1.9926e+00, 
 2DIAGNOSTIC,    11, -5.658582207237e-01, 8.587163493023e-05, 3.4411e+01, 2.1061e+00, 
 2DIAGNOSTIC,    12, -5.658579885511e-01, 3.481486358278e-05, 3.6447e+01, 2.0354e+00, 
 2DIAGNOSTIC,    13, -5.658578968306e-01, 6.219682808839e-06, 3.8220e+01, 1.7731e+00, 
 2DIAGNOSTIC,    14, -5.658579919227e-01, 2.148140618899e-06, 4.0273e+01, 2.0535e+00, 
 2DIAGNOSTIC,    15, -5.658579137817e-01, 2.017743969060e-06, 4.2369e+01, 2.0955e+00, 
 2DIAGNOSTIC,    16, -5.658578356440e-01, 1.904929251395e-06, 4.4334e+01, 1.9653e+00, 
 2DIAGNOSTIC,    17, -5.658574367968e-01, 1.795322168464e-06, 4.6038e+01, 1.7036e+00, 
 2DIAGNOSTIC,    18, -5.658573653544e-01, 1.701001625089e-06, 4.7970e+01, 1.9321e+00, 
 2DIAGNOSTIC,    19, -5.658572938095e-01, 1.615540028553e-06, 4.9613e+01, 1.6433e+00, 
 2DIAGNOSTIC,    20, -5.658569787688e-01, 1.528328831303e-06, 5.1647e+01, 2.0342e+00, 
 2DIAGNOSTIC,    21, -5.658570736865e-01, 1.454694372044e-06, 5.3645e+01, 1.9979e+00, 
 2DIAGNOSTIC,    22, -5.658567422876e-01, 1.380583503331e-06, 5.5543e+01, 1.8979e+00, 
 2DIAGNOSTIC,    23, -5.658567282606e-01, 1.316834684705e-06, 5.7479e+01, 1.9361e+00, 
 2DIAGNOSTIC,    24, -5.658565659011e-01, 1.263135885610e-06, 5.9395e+01, 1.9154e+00, 
 2DIAGNOSTIC,    25, -5.658564605100e-01, 1.215936724697e-06, 6.1415e+01, 2.0208e+00, 
 2DIAGNOSTIC,    26, -5.658561394151e-01, 1.170208474323e-06, 6.3597e+01, 2.1812e+00, 
 2DIAGNOSTIC,    27, -5.658560471865e-01, 1.123896419770e-06, 6.5501e+01, 1.9050e+00, 
 2DIAGNOSTIC,    28, -5.658558002169e-01, 1.080303204171e-06, 6.7456e+01, 1.9549e+00, 
 2DIAGNOSTIC,    29, -5.658558435520e-01, 1.044668429033e-06, 6.9295e+01, 1.8384e+00, 
 2DIAGNOSTIC,    30, -5.658557687749e-01, 1.009690013029e-06, 7.1346e+01, 2.0515e+00, 
  Elapsed time (stage 0): 7.2475e+01


Total elapsed time: 7.2477e+01
Info [verificarlo]: loaded backend libinterflop_ieee.so
Info [interflop-ieee]: load backend with:
Info [interflop-ieee]: debug = false
Info [interflop-ieee]: debug-binary = false
Info [interflop-ieee]: no-backend-name = false
Info [interflop-ieee]: print-new-line = false
Info [interflop-ieee]: print-subnormal-normalized = false
Info [interflop-ieee]: count-op = false
All_Command_lines_OK
Using double precision for computations.
=============================================================================
The composite transform comprises the following transforms (in order): 
  1. /home/mdugre/scratch/mri-registration-rp/datasets/ds004513/derivatives/mri-registration-rp/0100/antsRegistration-r8-p8/sub-s017/affine_Composite.h5[0] (type = Euler3DTransform)
  2. /home/mdugre/scratch/mri-registration-rp/datasets/ds004513/derivatives/mri-registration-rp/0100/antsRegistration-r8-p8/sub-s017/affine_Composite.h5[1] (type = Euler3DTransform)
  3. /home/mdugre/scratch/mri-registration-rp/datasets/ds004513/derivatives/mri-registration-rp/0100/antsRegistration-r8-p8/sub-s017/affine_Composite.h5[2] (type = Euler3DTransform)
  4. /home/mdugre/scratch/mri-registration-rp/datasets/ds004513/derivatives/mri-registration-rp/0100/antsRegistration-r8-p8/sub-s017/affine_Composite.h5[3] (type = AffineTransform)
=============================================================================
  number of levels = 4
  fixed image: /templateflow/tpl-MNI152NLin2009cAsym/tpl-MNI152NLin2009cAsym_res-01_desc-brain_T1w.nii.gz
  moving image: /home/mdugre/scratch/mri-registration-rp/datasets/ds004513/derivatives/mri-registration-rp/antsBrainExtraction/sub-s017/BrainExtractionBrain.nii.gz
Dimension = 3
Number of stages = 1
Use histogram matching = false
Winsorize image intensities = true
  Lower quantile = 0.005
  Upper quantile = 0.995


Stage 1 State
   Image metric = CC
     Fixed image = Image (0x4a57a40)
  RTTI typeinfo:   itk::Image<double, 3u>
  Reference Count: 2
  Modified Time: 1608
  Debug: Off
  Object Name: 
  Observers: 
    none
  Source: (none)
  Source output name: (none)
  Release Data: Off
  Data Released: False
  Global Release Data: Off
  PipelineMTime: 0
  UpdateMTime: 1217
  RealTimeStamp: 0 seconds 
  LargestPossibleRegion: 
    Dimension: 3
    Index: [0, 0, 0]
    Size: [193, 229, 193]
  BufferedRegion: 
    Dimension: 3
    Index: [0, 0, 0]
    Size: [193, 229, 193]
  RequestedRegion: 
    Dimension: 3
    Index: [0, 0, 0]
    Size: [193, 229, 193]
  Spacing: [1, 1, 1]
  Origin: [96, 132, -78]
  Direction: 
-1 0 0
0 -1 0
0 0 1

  IndexToPointMatrix: 
-1 0 0
0 -1 0
0 0 1

  PointToIndexMatrix: 
-1 0 0
0 -1 0
0 0 1

  Inverse Direction: 
-1 0 0
0 -1 0
0 0 1

  PixelContainer: 
    ImportImageContainer (0x4b26780)
      RTTI typeinfo:   itk::ImportImageContainer<unsigned long, double>
      Reference Count: 1
      Modified Time: 1214
      Debug: Off
      Object Name: 
      Observers: 
        none
      Pointer: 0x1503fff92010
      Container manages memory: true
      Size: 8530021
      Capacity: 8530021

     Moving image = Image (0x4b28390)
  RTTI typeinfo:   itk::Image<double, 3u>
  Reference Count: 2
  Modified Time: 1609
  Debug: Off
  Object Name: 
  Observers: 
    none
  Source: (none)
  Source output name: (none)
  Release Data: Off
  Data Released: False
  Global Release Data: Off
  PipelineMTime: 0
  UpdateMTime: 1606
  RealTimeStamp: 0 seconds 
  LargestPossibleRegion: 
    Dimension: 3
    Index: [0, 0, 0]
    Size: [160, 240, 256]
  BufferedRegion: 
    Dimension: 3
    Index: [0, 0, 0]
    Size: [160, 240, 256]
  RequestedRegion: 
    Dimension: 3
    Index: [0, 0, 0]
    Size: [160, 240, 256]
  Spacing: [1, 1, 1]
  Origin: [91.3357, 102.231, -120.042]
  Direction: 
-0.997442 -5.36781e-05 -0.0714818
5.35416e-05 -1 3.82465e-06
-0.0714818 -1.23894e-08 0.997442

  IndexToPointMatrix: 
-0.997444 -5.36781e-05 -0.0714818
5.35418e-05 -1 3.82465e-06
-0.0714819 -1.23894e-08 0.997442

  PointToIndexMatrix: 
-0.99744 5.35415e-05 -0.0714816
-5.36781e-05 -1 -1.23894e-08
-0.0714818 3.82465e-06 0.997442

  Inverse Direction: 
-0.997442 5.35416e-05 -0.0714818
-5.36781e-05 -1 -1.23894e-08
-0.0714818 3.82465e-06 0.997442

  PixelContainer: 
    ImportImageContainer (0x4add6f0)
      RTTI typeinfo:   itk::ImportImageContainer<unsigned long, double>
      Reference Count: 1
      Modified Time: 1603
      Debug: Off
      Object Name: 
      Observers: 
        none
      Pointer: 0x1503fb491010
      Container manages memory: true
      Size: 9830400
      Capacity: 9830400

     Weighting = 1
     Sampling strategy = none
     Number of bins = 32
     Radius = 4
     Sampling percentage  = 1
   Transform = SyN
     Gradient step = 0.1
     Update field sigma (voxel space) = 3
     Total field sigma (voxel space) = 0
     Update field time sigma = 0
     Total field time sigma  = 0
     Number of time indices = 0
     Number of time point samples = 0
Registration using 1 total stages.

Stage 0
  iterations = 100x70x50x20
  convergence threshold = 1e-06
  convergence window size = 10
  number of levels = 4
  using the CC metric (radius = 4, weight = 1, use gradient filter = 0)
  preprocessing:  winsorizing the image intensities
  Shrink factors (level 1 out of 4): [8, 8, 8]
  Shrink factors (level 2 out of 4): [4, 4, 4]
  Shrink factors (level 3 out of 4): [2, 2, 2]
  Shrink factors (level 4 out of 4): [1, 1, 1]
  smoothing sigmas per level: [3, 2, 1, 0]
  Using default NONE metricSamplingStrategy 

*** Running SyN registration (varianceForUpdateField = 3, varianceForTotalField = 0) ***

XXDIAGNOSTIC,Iteration,metricValue,convergenceValue,ITERATION_TIME_INDEX,SINCE_LAST
 1DIAGNOSTIC,     1, -9.271818307112e-01, 1.797693134862e+308, 1.0703e+00, 1.0703e+00, 
 1DIAGNOSTIC,     2, -9.336211116041e-01, 1.797693134862e+308, 1.4172e+00, 3.4693e-01, 
 1DIAGNOSTIC,     3, -9.390569165525e-01, 1.797693134862e+308, 1.7821e+00, 3.6487e-01, 
 1DIAGNOSTIC,     4, -9.435218228328e-01, 1.797693134862e+308, 2.1215e+00, 3.3934e-01, 
 1DIAGNOSTIC,     5, -9.466026082917e-01, 1.797693134862e+308, 2.4677e+00, 3.4621e-01, 
 1DIAGNOSTIC,     6, -9.489856521469e-01, 1.797693134862e+308, 2.8214e+00, 3.5374e-01, 
 1DIAGNOSTIC,     7, -9.512440024259e-01, 1.797693134862e+308, 3.1564e+00, 3.3502e-01, 
 1DIAGNOSTIC,     8, -9.540161594853e-01, 1.797693134862e+308, 3.4938e+00, 3.3734e-01, 
 1DIAGNOSTIC,     9, -9.574597580272e-01, 1.797693134862e+308, 3.8232e+00, 3.2944e-01, 
 1DIAGNOSTIC,    10, -9.612551725964e-01, 2.087559161793e-03, 4.1601e+00, 3.3695e-01, 
 1DIAGNOSTIC,    11, -9.648617646975e-01, 1.754116182526e-03, 4.4986e+00, 3.3843e-01, 
 1DIAGNOSTIC,    12, -9.655343302570e-01, 1.494936770814e-03, 4.8286e+00, 3.2999e-01, 
 1DIAGNOSTIC,    13, -9.658908652985e-01, 1.274072922656e-03, 5.1570e+00, 3.2842e-01, 
 1DIAGNOSTIC,    14, -9.662276595933e-01, 1.071208168980e-03, 5.4867e+00, 3.2969e-01, 
 1DIAGNOSTIC,    15, -9.669103725355e-01, 8.714806493472e-04, 5.8184e+00, 3.3174e-01, 
 1DIAGNOSTIC,    16, -9.672161068173e-01, 6.663219384008e-04, 6.1460e+00, 3.2755e-01, 
 1DIAGNOSTIC,    17, -9.679281221197e-01, 4.765649429856e-04, 6.4898e+00, 3.4386e-01, 
 1DIAGNOSTIC,    18, -9.682036261571e-01, 3.145640872094e-04, 6.8176e+00, 3.2778e-01, 
 1DIAGNOSTIC,    19, -9.688088687031e-01, 2.033030383580e-04, 7.1536e+00, 3.3598e-01, 
 1DIAGNOSTIC,    20, -9.690053234565e-01, 1.423100013405e-04, 7.4859e+00, 3.3237e-01, 
 1DIAGNOSTIC,    21, -9.694784672043e-01, 1.315797202225e-04, 7.8144e+00, 3.2843e-01, 
 1DIAGNOSTIC,    22, -9.696091273547e-01, 1.203920607749e-04, 8.1582e+00, 3.4378e-01, 
 1DIAGNOSTIC,    23, -9.700261595827e-01, 1.090279886870e-04, 8.4945e+00, 3.3634e-01, 
 1DIAGNOSTIC,    24, -9.701162244001e-01, 9.357589643866e-05, 8.8241e+00, 3.2957e-01, 
 1DIAGNOSTIC,    25, -9.704437338749e-01, 8.270518275166e-05, 9.1736e+00, 3.4953e-01, 
 1DIAGNOSTIC,    26, -9.704979881623e-01, 6.892156328956e-05, 9.5152e+00, 3.4159e-01, 
 1DIAGNOSTIC,    27, -9.707771362598e-01, 6.067263262480e-05, 9.8528e+00, 3.3759e-01, 
 1DIAGNOSTIC,    28, -9.708046451456e-01, 5.043195407912e-05, 1.0189e+01, 3.3608e-01, 
 1DIAGNOSTIC,    29, -9.710471883218e-01, 4.491190635207e-05, 1.0557e+01, 3.6802e-01, 
 1DIAGNOSTIC,    30, -9.710569100323e-01, 3.752399889947e-05, 1.0887e+01, 3.2990e-01, 
 1DIAGNOSTIC,    31, -9.712713359052e-01, 3.374848632520e-05, 1.1224e+01, 3.3732e-01, 
 1DIAGNOSTIC,    32, -9.712666641214e-01, 2.815937375338e-05, 1.1552e+01, 3.2820e-01, 
 1DIAGNOSTIC,    33, -9.714603371541e-01, 2.582766325245e-05, 1.1890e+01, 3.3822e-01, 
 1DIAGNOSTIC,    34, -9.714474182233e-01, 2.185414071880e-05, 1.2219e+01, 3.2898e-01, 
 1DIAGNOSTIC,    35, -9.716223645877e-01, 2.038674967803e-05, 1.2547e+01, 3.2747e-01, 
 1DIAGNOSTIC,    36, -9.716029656982e-01, 1.735965127545e-05, 1.2892e+01, 3.4537e-01, 
 1DIAGNOSTIC,    37, -9.717634118763e-01, 1.646255038581e-05, 1.3227e+01, 3.3454e-01, 
 1DIAGNOSTIC,    38, -9.717384688449e-01, 1.408197013609e-05, 1.3563e+01, 3.3608e-01, 
 1DIAGNOSTIC,    39, -9.718887749945e-01, 1.355961347454e-05, 1.3905e+01, 3.4181e-01, 
 1DIAGNOSTIC,    40, -9.718562309952e-01, 1.162296028796e-05, 1.4235e+01, 3.3011e-01, 
 1DIAGNOSTIC,    41, -9.719992494138e-01, 1.134556222507e-05, 1.4570e+01, 3.3534e-01, 
 1DIAGNOSTIC,    42, -9.719634093243e-01, 9.736600853762e-06, 1.4914e+01, 3.4391e-01, 
 1DIAGNOSTIC,    43, -9.720989973075e-01, 9.627337564187e-06, 1.5256e+01, 3.4170e-01, 
 1DIAGNOSTIC,    44, -9.720577277007e-01, 8.264942596724e-06, 1.5590e+01, 3.3423e-01, 
