
##########################
# Experiment information #
##########################

EXPERIMENT_NAME: antsRegistration-r8-p7
VFC_BACKENDS: libinterflop_vprec.so --range-binary32=8 --precision-binary32=7 --range-binary64=8 --precision-binary64=7

SIF_IMG: /home/mdugre/projects/rrg-glatard/mdugre/containers/ants-vprec-no_metrics.simg

SUBJECT_ID: s014
INPUT_IMG: /home/mdugre/scratch/mri-registration-rp/datasets/ds004513/derivatives/mri-registration-rp/antsBrainExtraction/sub-s014/BrainExtractionBrain.nii.gz
OUTPUT_DIR: /home/mdugre/scratch/mri-registration-rp/datasets/ds004513/derivatives/mri-registration-rp/0100/antsRegistration-r8-p7/sub-s014

FIXED_IMG: /templateflow/tpl-MNI152NLin2009cAsym/tpl-MNI152NLin2009cAsym_res-01_desc-brain_T1w.nii.gz
DATA_DIR: /home/mdugre/scratch/mri-registration-rp/datasets/ds004513
TEMPLATEFLOW_DIR: /home/mdugre/projects/rrg-glatard/mdugre/templateflow
ITK_GLOBAL_DEFAULT_NUMBER_OF_THREADS: 16
##########################

Info [verificarlo]: loaded backend libinterflop_ieee.so
Info [interflop-ieee]: load backend with:
Info [interflop-ieee]: debug = false
Info [interflop-ieee]: debug-binary = false
Info [interflop-ieee]: no-backend-name = false
Info [interflop-ieee]: print-new-line = false
Info [interflop-ieee]: print-subnormal-normalized = false
Info [interflop-ieee]: count-op = false
All_Command_lines_OK
Using double precision for computations.
=============================================================================
The composite transform comprises the following transforms (in order): 
  1. Center of mass alignment using fixed image: /templateflow/tpl-MNI152NLin2009cAsym/tpl-MNI152NLin2009cAsym_res-01_desc-brain_T1w.nii.gz and moving image: /home/mdugre/scratch/mri-registration-rp/datasets/ds004513/derivatives/mri-registration-rp/antsBrainExtraction/sub-s014/BrainExtractionBrain.nii.gz (type = Euler3DTransform)
=============================================================================
  number of levels = 1
  fixed image: /templateflow/tpl-MNI152NLin2009cAsym/tpl-MNI152NLin2009cAsym_res-01_desc-brain_T1w.nii.gz
  moving image: /home/mdugre/scratch/mri-registration-rp/datasets/ds004513/derivatives/mri-registration-rp/antsBrainExtraction/sub-s014/BrainExtractionBrain.nii.gz
Dimension = 3
Number of stages = 1
Use histogram matching = false
Winsorize image intensities = true
  Lower quantile = 0.005
  Upper quantile = 0.995


Stage 1 State
   Image metric = MattesMI
     Fixed image = Image (0x46f4bd0)
  RTTI typeinfo:   itk::Image<double, 3u>
  Reference Count: 2
  Modified Time: 2334
  Debug: Off
  Object Name: 
  Observers: 
    none
  Source: (none)
  Source output name: (none)
  Release Data: Off
  Data Released: False
  Global Release Data: Off
  PipelineMTime: 0
  UpdateMTime: 1943
  RealTimeStamp: 0 seconds 
  LargestPossibleRegion: 
    Dimension: 3
    Index: [0, 0, 0]
    Size: [193, 229, 193]
  BufferedRegion: 
    Dimension: 3
    Index: [0, 0, 0]
    Size: [193, 229, 193]
  RequestedRegion: 
    Dimension: 3
    Index: [0, 0, 0]
    Size: [193, 229, 193]
  Spacing: [1, 1, 1]
  Origin: [96, 132, -78]
  Direction: 
-1 0 0
0 -1 0
0 0 1

  IndexToPointMatrix: 
-1 0 0
0 -1 0
0 0 1

  PointToIndexMatrix: 
-1 0 0
0 -1 0
0 0 1

  Inverse Direction: 
-1 0 0
0 -1 0
0 0 1

  PixelContainer: 
    ImportImageContainer (0x474c930)
      RTTI typeinfo:   itk::ImportImageContainer<unsigned long, double>
      Reference Count: 1
      Modified Time: 1940
      Debug: Off
      Object Name: 
      Observers: 
        none
      Pointer: 0x14ff4e440010
      Container manages memory: true
      Size: 8530021
      Capacity: 8530021

     Moving image = Image (0x47e4610)
  RTTI typeinfo:   itk::Image<double, 3u>
  Reference Count: 2
  Modified Time: 2335
  Debug: Off
  Object Name: 
  Observers: 
    none
  Source: (none)
  Source output name: (none)
  Release Data: Off
  Data Released: False
  Global Release Data: Off
  PipelineMTime: 0
  UpdateMTime: 2332
  RealTimeStamp: 0 seconds 
  LargestPossibleRegion: 
    Dimension: 3
    Index: [0, 0, 0]
    Size: [160, 240, 256]
  BufferedRegion: 
    Dimension: 3
    Index: [0, 0, 0]
    Size: [160, 240, 256]
  RequestedRegion: 
    Dimension: 3
    Index: [0, 0, 0]
    Size: [160, 240, 256]
  Spacing: [0.999999, 1, 1]
  Origin: [84.1637, 106.709, -120.531]
  Direction: 
-0.999619 -0.0226874 -0.0157033
0.0226846 -0.999743 0.00035635
-0.0157073 -7.8229e-09 0.999877

  IndexToPointMatrix: 
-0.999619 -0.0226874 -0.0157033
0.0226845 -0.999743 0.00035635
-0.0157073 -7.8229e-09 0.999877

  PointToIndexMatrix: 
-0.99962 0.0226846 -0.0157073
-0.0226874 -0.999743 -7.83127e-09
-0.0157033 0.00035635 0.999877

  Inverse Direction: 
-0.999619 0.0226846 -0.0157073
-0.0226874 -0.999743 -7.83127e-09
-0.0157033 0.00035635 0.999877

  PixelContainer: 
    ImportImageContainer (0x4724850)
      RTTI typeinfo:   itk::ImportImageContainer<unsigned long, double>
      Reference Count: 1
      Modified Time: 2329
      Debug: Off
      Object Name: 
      Observers: 
        none
      Pointer: 0x14ff4993f010
      Container manages memory: true
      Size: 9830400
      Capacity: 9830400

     Weighting = 1
     Sampling strategy = regular
     Number of bins = 32
     Radius = 4
     Sampling percentage  = 0.25
   Transform = Rigid
     Gradient step = 0.1
     Update field sigma (voxel space) = 0
     Total field sigma (voxel space) = 0
     Update field time sigma = 0
     Total field time sigma  = 0
     Number of time indices = 0
     Number of time point samples = 0
Registration using 1 total stages.

Stage 0
  iterations = 0
  convergence threshold = 1e-06
  convergence window size = 10
  number of levels = 1
  using the Mattes MI metric (number of bins = 32, weight = 1, use gradient filter = 0)
  preprocessing:  winsorizing the image intensities
  Shrink factors (level 1 out of 1): [1, 1, 1]
  smoothing sigmas per level: [0]
  regular sampling (percentage = 0.25)

*** Running Euler3DTransform registration ***

  Elapsed time (stage 0): 1.18769


Total elapsed time: 1.19672
Info [verificarlo]: loaded backend libinterflop_vprec.so
Info [interflop-vprec]: load backend with: 
Info [interflop-vprec]: precision-binary32 = 7
Info [interflop-vprec]: range-binary32 = 8
Info [interflop-vprec]: precision-binary64 = 7
Info [interflop-vprec]: range-binary64 = 8
Info [interflop-vprec]: mode = ob
Info [interflop-vprec]: error-mode = rel
Info [interflop-vprec]: max-abs-error-exponent = -1022
Info [interflop-vprec]: daz = false
Info [interflop-vprec]: ftz = false
Info [interflop-vprec]: 	instrument = none
Info [interflop-vprec]: 	prec-input-file = (null)
Info [interflop-vprec]: 	prec-output-file = (null)
Info [interflop-vprec]: 	prec-log-file = (null)
All_Command_lines_OK
Using double precision for computations.
=============================================================================
The composite transform comprises the following transforms (in order): 
  1. /home/mdugre/scratch/mri-registration-rp/datasets/ds004513/derivatives/mri-registration-rp/0100/antsRegistration-r8-p7/sub-s014/align_Composite.h5[0] (type = Euler3DTransform)
  2. /home/mdugre/scratch/mri-registration-rp/datasets/ds004513/derivatives/mri-registration-rp/0100/antsRegistration-r8-p7/sub-s014/align_Composite.h5[1] (type = Euler3DTransform)
=============================================================================
  number of levels = 4
  fixed image: /templateflow/tpl-MNI152NLin2009cAsym/tpl-MNI152NLin2009cAsym_res-01_desc-brain_T1w.nii.gz
  moving image: /home/mdugre/scratch/mri-registration-rp/datasets/ds004513/derivatives/mri-registration-rp/antsBrainExtraction/sub-s014/BrainExtractionBrain.nii.gz
Dimension = 3
Number of stages = 1
Use histogram matching = false
Winsorize image intensities = true
  Lower quantile = 0.005
  Upper quantile = 0.995


Stage 1 State
   Image metric = MattesMI
     Fixed image = Image (0x363f1e0)
  RTTI typeinfo:   itk::Image<double, 3u>
  Reference Count: 2
  Modified Time: 1578
  Debug: Off
  Object Name: 
  Observers: 
    none
  Source: (none)
  Source output name: (none)
  Release Data: Off
  Data Released: False
  Global Release Data: Off
  PipelineMTime: 0
  UpdateMTime: 1189
  RealTimeStamp: 0 seconds 
  LargestPossibleRegion: 
    Dimension: 3
    Index: [0, 0, 0]
    Size: [193, 229, 193]
  BufferedRegion: 
    Dimension: 3
    Index: [0, 0, 0]
    Size: [193, 229, 193]
  RequestedRegion: 
    Dimension: 3
    Index: [0, 0, 0]
    Size: [193, 229, 193]
  Spacing: [1, 1, 1]
  Origin: [96, 132, -78]
  Direction: 
-1 0 0
0 -1 0
0 0 1

  IndexToPointMatrix: 
-1 0 0
0 -1 0
0 0 1

  PointToIndexMatrix: 
-1 0 0
0 -1 0
0 0 1

  Inverse Direction: 
-1 0 0
0 -1 0
0 0 1

  PixelContainer: 
    ImportImageContainer (0x36fe680)
      RTTI typeinfo:   itk::ImportImageContainer<unsigned long, double>
      Reference Count: 1
      Modified Time: 1186
      Debug: Off
      Object Name: 
      Observers: 
        none
      Pointer: 0x14b5466e9010
      Container manages memory: true
      Size: 8530021
      Capacity: 8530021

     Moving image = Image (0x36fab20)
  RTTI typeinfo:   itk::Image<double, 3u>
  Reference Count: 2
  Modified Time: 1579
  Debug: Off
  Object Name: 
  Observers: 
    none
  Source: (none)
  Source output name: (none)
  Release Data: Off
  Data Released: False
  Global Release Data: Off
  PipelineMTime: 0
  UpdateMTime: 1576
  RealTimeStamp: 0 seconds 
  LargestPossibleRegion: 
    Dimension: 3
    Index: [0, 0, 0]
    Size: [160, 240, 256]
  BufferedRegion: 
    Dimension: 3
    Index: [0, 0, 0]
    Size: [160, 240, 256]
  RequestedRegion: 
    Dimension: 3
    Index: [0, 0, 0]
    Size: [160, 240, 256]
  Spacing: [1, 1, 1]
  Origin: [84, 106.5, -120.5]
  Direction: 
-1 -0.0227051 -0.0157471
0.0227051 -1 0.000356674
-0.0157471 0 1

  IndexToPointMatrix: 
-1 -0.0227051 -0.0157471
0.0227051 -1 0.000356674
-0.0157471 0 1

  PointToIndexMatrix: 
-1 0.0227051 -0.0157471
-0.0227051 -1 0
-0.0157471 0.000356674 1

  Inverse Direction: 
-1 0.0227051 -0.0157471
-0.0227051 -1 0
-0.0157471 0.000356674 1

  PixelContainer: 
    ImportImageContainer (0x3763d50)
      RTTI typeinfo:   itk::ImportImageContainer<unsigned long, double>
      Reference Count: 1
      Modified Time: 1573
      Debug: Off
      Object Name: 
      Observers: 
        none
      Pointer: 0x14b541be8010
      Container manages memory: true
      Size: 9830400
      Capacity: 9830400

     Weighting = 1
     Sampling strategy = regular
     Number of bins = 32
     Radius = 4
     Sampling percentage  = 0.25
   Transform = Rigid
     Gradient step = 0.1
     Update field sigma (voxel space) = 0
     Total field sigma (voxel space) = 0
     Update field time sigma = 0
     Total field time sigma  = 0
     Number of time indices = 0
     Number of time point samples = 0
Registration using 1 total stages.

Stage 0
  iterations = 1000x500x250x100
  convergence threshold = 1e-06
  convergence window size = 10
  number of levels = 4
  using the Mattes MI metric (number of bins = 32, weight = 1, use gradient filter = 0)
  preprocessing:  winsorizing the image intensities
  Shrink factors (level 1 out of 4): [8, 8, 8]
  Shrink factors (level 2 out of 4): [4, 4, 4]
  Shrink factors (level 3 out of 4): [2, 2, 2]
  Shrink factors (level 4 out of 4): [1, 1, 1]
  smoothing sigmas per level: [3, 2, 1, 0]
  regular sampling (percentage = 0.25)

*** Running Euler3DTransform registration ***

DIAGNOSTIC,Iteration,metricValue,convergenceValue,ITERATION_TIME_INDEX,SINCE_LAST
 2DIAGNOSTIC,     1, -4.952249625165e-01, 1.797693134862e+308, 0.0000e+00, 0.0000e+00, 
 2DIAGNOSTIC,     2, -4.952686449192e-01, 1.797693134862e+308, 0.0000e+00, 0.0000e+00, 
 2DIAGNOSTIC,     3, -4.956498257306e-01, 1.797693134862e+308, 0.0000e+00, 0.0000e+00, 
 2DIAGNOSTIC,     4, -4.965706835866e-01, 1.797693134862e+308, 0.0000e+00, 0.0000e+00, 
 2DIAGNOSTIC,     5, -4.974040672599e-01, 1.797693134862e+308, 0.0000e+00, 0.0000e+00, 
 2DIAGNOSTIC,     6, -4.994210909158e-01, 1.797693134862e+308, 0.0000e+00, 0.0000e+00, 
 2DIAGNOSTIC,     7, -5.040116225832e-01, 1.797693134862e+308, 0.0000e+00, 0.0000e+00, 
 2DIAGNOSTIC,     8, -5.037597859219e-01, 1.797693134862e+308, 0.0000e+00, 0.0000e+00, 
 2DIAGNOSTIC,     9, -5.057425018257e-01, 1.797693134862e+308, 0.0000e+00, 0.0000e+00, 
 2DIAGNOSTIC,    10, -5.047823647242e-01, 1.602727620893e-03, 0.0000e+00, 0.0000e+00, 
 2DIAGNOSTIC,    11, -5.046423943958e-01, 1.419567786803e-03, 0.0000e+00, 0.0000e+00, 
 2DIAGNOSTIC,    12, -5.043582033049e-01, 1.127609413939e-03, 0.0000e+00, 0.0000e+00, 
 2DIAGNOSTIC,    13, -5.043491543041e-01, 7.938461854108e-04, 0.0000e+00, 0.0000e+00, 
 2DIAGNOSTIC,    14, -5.039682161980e-01, 4.603100770002e-04, 0.0000e+00, 0.0000e+00, 
 2DIAGNOSTIC,    15, -5.038962048919e-01, 1.578106847473e-04, 0.0000e+00, 0.0000e+00, 
DIAGNOSTIC,Iteration,metricValue,convergenceValue,ITERATION_TIME_INDEX,SINCE_LAST
 2DIAGNOSTIC,     1, -4.019876683102e-01, 1.797693134862e+308, 0.0000e+00, 0.0000e+00, 
 2DIAGNOSTIC,     2, -4.027239524237e-01, 1.797693134862e+308, 0.0000e+00, 0.0000e+00, 
 2DIAGNOSTIC,     3, -4.030906390523e-01, 1.797693134862e+308, 0.0000e+00, 0.0000e+00, 
 2DIAGNOSTIC,     4, -4.030084515494e-01, 1.797693134862e+308, 0.0000e+00, 0.0000e+00, 
 2DIAGNOSTIC,     5, -4.039144588846e-01, 1.797693134862e+308, 0.0000e+00, 0.0000e+00, 
 2DIAGNOSTIC,     6, -4.048544102189e-01, 1.797693134862e+308, 0.0000e+00, 0.0000e+00, 
 2DIAGNOSTIC,     7, -4.050711055564e-01, 1.797693134862e+308, 0.0000e+00, 0.0000e+00, 
 2DIAGNOSTIC,     8, -4.075011771937e-01, 1.797693134862e+308, 0.0000e+00, 0.0000e+00, 
 2DIAGNOSTIC,     9, -4.076322649449e-01, 1.797693134862e+308, 0.0000e+00, 0.0000e+00, 
 2DIAGNOSTIC,    10, -4.081068079613e-01, 1.025602807999e-03, 0.0000e+00, 0.0000e+00, 
 2DIAGNOSTIC,    11, -4.097255117097e-01, 1.040938426260e-03, 0.0000e+00, 0.0000e+00, 
 2DIAGNOSTIC,    12, -4.099195112957e-01, 1.011315782395e-03, 0.0000e+00, 0.0000e+00, 
 2DIAGNOSTIC,    13, -4.113576954893e-01, 9.927150590492e-04, 0.0000e+00, 0.0000e+00, 
 2DIAGNOSTIC,    14, -4.165940578400e-01, 1.140725227604e-03, 0.0000e+00, 0.0000e+00, 
 2DIAGNOSTIC,    15, -4.207125173510e-01, 1.391360509420e-03, 0.0000e+00, 0.0000e+00, 
 2DIAGNOSTIC,    16, -4.287952912213e-01, 1.870216829611e-03, 0.0000e+00, 0.0000e+00, 
 2DIAGNOSTIC,    17, -4.346523085471e-01, 2.357103499559e-03, 0.0000e+00, 0.0000e+00, 
 2DIAGNOSTIC,    18, -4.386136506999e-01, 2.811903539638e-03, 0.0000e+00, 0.0000e+00, 
 2DIAGNOSTIC,    19, -4.440373351388e-01, 3.154793896094e-03, 0.0000e+00, 0.0000e+00, 
 2DIAGNOSTIC,    20, -4.463596514164e-01, 3.258132480812e-03, 0.0000e+00, 0.0000e+00, 
 2DIAGNOSTIC,    21, -4.468105148234e-01, 3.115409104975e-03, 0.0000e+00, 0.0000e+00, 
 2DIAGNOSTIC,    22, -4.490909398546e-01, 2.773516921057e-03, 0.0000e+00, 0.0000e+00, 
 2DIAGNOSTIC,    23, -4.495500201073e-01, 2.257612749752e-03, 0.0000e+00, 0.0000e+00, 
 2DIAGNOSTIC,    24, -4.476362301638e-01, 1.669798121066e-03, 0.0000e+00, 0.0000e+00, 
 2DIAGNOSTIC,    25, -4.478397473719e-01, 1.090097439630e-03, 0.0000e+00, 0.0000e+00, 
 2DIAGNOSTIC,    26, -4.478267310086e-01, 6.616708596016e-04, 0.0000e+00, 0.0000e+00, 
 2DIAGNOSTIC,    27, -4.477775320160e-01, 3.466871557191e-04, 0.0000e+00, 0.0000e+00, 
 2DIAGNOSTIC,    28, -4.477775320160e-01, 1.144967194468e-04, 0.0000e+00, 0.0000e+00, 
 2DIAGNOSTIC,    29, -4.477775320160e-01, 1.311444994843e-05, 0.0000e+00, 0.0000e+00, 
DIAGNOSTIC,Iteration,metricValue,convergenceValue,ITERATION_TIME_INDEX,SINCE_LAST
 2DIAGNOSTIC,     1, -3.886777141254e-01, 1.797693134862e+308, 0.0000e+00, 0.0000e+00, 
 2DIAGNOSTIC,     2, -3.887044162838e-01, 1.797693134862e+308, 0.0000e+00, 0.0000e+00, 
 2DIAGNOSTIC,     3, -3.887000430340e-01, 1.797693134862e+308, 0.0000e+00, 0.0000e+00, 
 2DIAGNOSTIC,     4, -3.886505731876e-01, 1.797693134862e+308, 0.0000e+00, 0.0000e+00, 
 2DIAGNOSTIC,     5, -3.886145521779e-01, 1.797693134862e+308, 0.0000e+00, 0.0000e+00, 
 2DIAGNOSTIC,     6, -3.886381828279e-01, 1.797693134862e+308, 0.0000e+00, 0.0000e+00, 
 2DIAGNOSTIC,     7, -3.886539466318e-01, 1.797693134862e+308, 0.0000e+00, 0.0000e+00, 
 2DIAGNOSTIC,     8, -3.886262779014e-01, 1.797693134862e+308, 0.0000e+00, 0.0000e+00, 
 2DIAGNOSTIC,     9, -3.886091903216e-01, 1.797693134862e+308, 0.0000e+00, 0.0000e+00, 
DIAGNOSTIC,Iteration,metricValue,convergenceValue,ITERATION_TIME_INDEX,SINCE_LAST
 2DIAGNOSTIC,     1, -3.603580898095e-01, 1.797693134862e+308, 0.0000e+00, 0.0000e+00, 
 2DIAGNOSTIC,     2, -3.618963556178e-01, 1.797693134862e+308, 0.0000e+00, 0.0000e+00, 
 2DIAGNOSTIC,     3, -3.618963556178e-01, 1.797693134862e+308, 0.0000e+00, 0.0000e+00, 
 2DIAGNOSTIC,     4, -3.618963556178e-01, 1.797693134862e+308, 0.0000e+00, 0.0000e+00, 
 2DIAGNOSTIC,     5, -3.618963556178e-01, 1.797693134862e+308, 0.0000e+00, 0.0000e+00, 
 2DIAGNOSTIC,     6, -3.618963556178e-01, 1.797693134862e+308, 0.0000e+00, 0.0000e+00, 
 2DIAGNOSTIC,     7, -3.618963556178e-01, 1.797693134862e+308, 0.0000e+00, 0.0000e+00, 
 2DIAGNOSTIC,     8, -3.618963556178e-01, 1.797693134862e+308, 0.0000e+00, 0.0000e+00, 
 2DIAGNOSTIC,     9, -3.618963556178e-01, 1.797693134862e+308, 0.0000e+00, 0.0000e+00, 
 2DIAGNOSTIC,    10, -3.618963556178e-01, 1.206979905683e-04, 0.0000e+00, 0.0000e+00, 
  Elapsed time (stage 0): 0.0000e+00


Total elapsed time: 0.0000e+00
Info [verificarlo]: loaded backend libinterflop_ieee.so
Info [interflop-ieee]: load backend with:
Info [interflop-ieee]: debug = false
Info [interflop-ieee]: debug-binary = false
Info [interflop-ieee]: no-backend-name = false
Info [interflop-ieee]: print-new-line = false
Info [interflop-ieee]: print-subnormal-normalized = false
Info [interflop-ieee]: count-op = false
All_Command_lines_OK
Using double precision for computations.
=============================================================================
The composite transform comprises the following transforms (in order): 
  1. /home/mdugre/scratch/mri-registration-rp/datasets/ds004513/derivatives/mri-registration-rp/0100/antsRegistration-r8-p7/sub-s014/rigid_Composite.h5[0] (type = Euler3DTransform)
  2. /home/mdugre/scratch/mri-registration-rp/datasets/ds004513/derivatives/mri-registration-rp/0100/antsRegistration-r8-p7/sub-s014/rigid_Composite.h5[1] (type = Euler3DTransform)
  3. /home/mdugre/scratch/mri-registration-rp/datasets/ds004513/derivatives/mri-registration-rp/0100/antsRegistration-r8-p7/sub-s014/rigid_Composite.h5[2] (type = Euler3DTransform)
=============================================================================
  number of levels = 4
  fixed image: /templateflow/tpl-MNI152NLin2009cAsym/tpl-MNI152NLin2009cAsym_res-01_desc-brain_T1w.nii.gz
  moving image: /home/mdugre/scratch/mri-registration-rp/datasets/ds004513/derivatives/mri-registration-rp/antsBrainExtraction/sub-s014/BrainExtractionBrain.nii.gz
Dimension = 3
Number of stages = 1
Use histogram matching = false
Winsorize image intensities = true
  Lower quantile = 0.005
  Upper quantile = 0.995


Stage 1 State
   Image metric = MattesMI
     Fixed image = Image (0x51b2530)
  RTTI typeinfo:   itk::Image<double, 3u>
  Reference Count: 2
  Modified Time: 1594
  Debug: Off
  Object Name: 
  Observers: 
    none
  Source: (none)
  Source output name: (none)
  Release Data: Off
  Data Released: False
  Global Release Data: Off
  PipelineMTime: 0
  UpdateMTime: 1203
  RealTimeStamp: 0 seconds 
  LargestPossibleRegion: 
    Dimension: 3
    Index: [0, 0, 0]
    Size: [193, 229, 193]
  BufferedRegion: 
    Dimension: 3
    Index: [0, 0, 0]
    Size: [193, 229, 193]
  RequestedRegion: 
    Dimension: 3
    Index: [0, 0, 0]
    Size: [193, 229, 193]
  Spacing: [1, 1, 1]
  Origin: [96, 132, -78]
  Direction: 
-1 0 0
0 -1 0
0 0 1

  IndexToPointMatrix: 
-1 0 0
0 -1 0
0 0 1

  PointToIndexMatrix: 
-1 0 0
0 -1 0
0 0 1

  Inverse Direction: 
-1 0 0
0 -1 0
0 0 1

  PixelContainer: 
    ImportImageContainer (0x51bf2b0)
      RTTI typeinfo:   itk::ImportImageContainer<unsigned long, double>
      Reference Count: 1
      Modified Time: 1200
      Debug: Off
      Object Name: 
      Observers: 
        none
      Pointer: 0x14d405039010
      Container manages memory: true
      Size: 8530021
      Capacity: 8530021

     Moving image = Image (0x526dfd0)
  RTTI typeinfo:   itk::Image<double, 3u>
  Reference Count: 2
  Modified Time: 1595
  Debug: Off
  Object Name: 
  Observers: 
    none
  Source: (none)
  Source output name: (none)
  Release Data: Off
  Data Released: False
  Global Release Data: Off
  PipelineMTime: 0
  UpdateMTime: 1592
  RealTimeStamp: 0 seconds 
  LargestPossibleRegion: 
    Dimension: 3
    Index: [0, 0, 0]
    Size: [160, 240, 256]
  BufferedRegion: 
    Dimension: 3
    Index: [0, 0, 0]
    Size: [160, 240, 256]
  RequestedRegion: 
    Dimension: 3
    Index: [0, 0, 0]
    Size: [160, 240, 256]
  Spacing: [0.999999, 1, 1]
  Origin: [84.1637, 106.709, -120.531]
  Direction: 
-0.999619 -0.0226874 -0.0157033
0.0226846 -0.999743 0.00035635
-0.0157073 -7.8229e-09 0.999877

  IndexToPointMatrix: 
-0.999619 -0.0226874 -0.0157033
0.0226845 -0.999743 0.00035635
-0.0157073 -7.8229e-09 0.999877

  PointToIndexMatrix: 
-0.99962 0.0226846 -0.0157073
-0.0226874 -0.999743 -7.83127e-09
-0.0157033 0.00035635 0.999877

  Inverse Direction: 
-0.999619 0.0226846 -0.0157073
-0.0226874 -0.999743 -7.83127e-09
-0.0157033 0.00035635 0.999877

  PixelContainer: 
    ImportImageContainer (0x5285990)
      RTTI typeinfo:   itk::ImportImageContainer<unsigned long, double>
      Reference Count: 1
      Modified Time: 1589
      Debug: Off
      Object Name: 
      Observers: 
        none
      Pointer: 0x14d400538010
      Container manages memory: true
      Size: 9830400
      Capacity: 9830400

     Weighting = 1
     Sampling strategy = regular
     Number of bins = 32
     Radius = 4
     Sampling percentage  = 0.25
   Transform = Affine
     Gradient step = 0.1
     Update field sigma (voxel space) = 0
     Total field sigma (voxel space) = 0
     Update field time sigma = 0
     Total field time sigma  = 0
     Number of time indices = 0
     Number of time point samples = 0
Registration using 1 total stages.

Stage 0
  iterations = 1000x500x250x100
  convergence threshold = 1e-06
  convergence window size = 10
  number of levels = 4
  using the Mattes MI metric (number of bins = 32, weight = 1, use gradient filter = 0)
  preprocessing:  winsorizing the image intensities
  Shrink factors (level 1 out of 4): [8, 8, 8]
  Shrink factors (level 2 out of 4): [4, 4, 4]
  Shrink factors (level 3 out of 4): [2, 2, 2]
  Shrink factors (level 4 out of 4): [1, 1, 1]
  smoothing sigmas per level: [3, 2, 1, 0]
  regular sampling (percentage = 0.25)

*** Running AffineTransform registration ***

DIAGNOSTIC,Iteration,metricValue,convergenceValue,ITERATION_TIME_INDEX,SINCE_LAST
 2DIAGNOSTIC,     1, -5.264903182196e-01, 1.797693134862e+308, 7.2103e-01, 7.2103e-01, 
 2DIAGNOSTIC,     2, -5.283084843550e-01, 1.797693134862e+308, 7.2562e-01, 4.5941e-03, 
 2DIAGNOSTIC,     3, -5.314321001661e-01, 1.797693134862e+308, 7.3012e-01, 4.4961e-03, 
 2DIAGNOSTIC,     4, -5.365966612954e-01, 1.797693134862e+308, 7.3453e-01, 4.4150e-03, 
 2DIAGNOSTIC,     5, -5.460483601963e-01, 1.797693134862e+308, 7.3896e-01, 4.4310e-03, 
 2DIAGNOSTIC,     6, -5.760304040530e-01, 1.797693134862e+308, 7.4351e-01, 4.5471e-03, 
 2DIAGNOSTIC,     7, -6.360078055927e-01, 1.797693134862e+308, 7.4924e-01, 5.7321e-03, 
 2DIAGNOSTIC,     8, -6.794183223636e-01, 1.797693134862e+308, 7.5442e-01, 5.1799e-03, 
 2DIAGNOSTIC,     9, -7.196395012167e-01, 1.797693134862e+308, 7.5913e-01, 4.7109e-03, 
 2DIAGNOSTIC,    10, -7.424219022971e-01, 2.540879475013e-02, 7.6467e-01, 5.5411e-03, 
 2DIAGNOSTIC,    11, -7.637299017566e-01, 2.598736543771e-02, 7.7130e-01, 6.6209e-03, 
 2DIAGNOSTIC,    12, -7.676457624730e-01, 2.433595773297e-02, 7.7619e-01, 4.8978e-03, 
 2DIAGNOSTIC,    13, -7.811347866568e-01, 2.135670631097e-02, 7.8108e-01, 4.8902e-03, 
 2DIAGNOSTIC,    14, -7.880166635778e-01, 1.734542749744e-02, 7.8649e-01, 5.4090e-03, 
 2DIAGNOSTIC,    15, -7.913038738264e-01, 1.277115795528e-02, 7.9190e-01, 5.4071e-03, 
 2DIAGNOSTIC,    16, -7.969519791616e-01, 8.636785310372e-03, 7.9957e-01, 7.6749e-03, 
 2DIAGNOSTIC,    17, -7.971396522130e-01, 5.760015592631e-03, 8.0449e-01, 4.9150e-03, 
 2DIAGNOSTIC,    18, -7.994023781920e-01, 3.767646562297e-03, 8.0996e-01, 5.4700e-03, 
 2DIAGNOSTIC,    19, -7.997658981866e-01, 2.541938681854e-03, 8.1573e-01, 5.7662e-03, 
 2DIAGNOSTIC,    20, -7.997820292668e-01, 1.680236116706e-03, 8.2140e-01, 5.6701e-03, 
 2DIAGNOSTIC,    21, -7.996766405122e-01, 1.168589478369e-03, 8.2703e-01, 5.6360e-03, 
 2DIAGNOSTIC,    22, -7.997197790404e-01, 6.690001237397e-04, 8.3206e-01, 5.0318e-03, 
 2DIAGNOSTIC,    23, -7.997088348171e-01, 3.893686578456e-04, 8.3713e-01, 5.0640e-03, 
 2DIAGNOSTIC,    24, -8.000946423426e-01, 2.198239503346e-04, 8.4278e-01, 5.6529e-03, 
 2DIAGNOSTIC,    25, -8.002397291467e-01, 9.736884359048e-05, 8.4785e-01, 5.0681e-03, 
 2DIAGNOSTIC,    26, -8.011014220922e-01, 7.575593777720e-05, 8.5296e-01, 5.1081e-03, 
 2DIAGNOSTIC,    27, -8.037179141521e-01, 8.865425016477e-05, 8.5812e-01, 5.1589e-03, 
 2DIAGNOSTIC,    28, -8.062131383403e-01, 1.578133307099e-04, 8.6386e-01, 5.7421e-03, 
 2DIAGNOSTIC,    29, -8.097757211232e-01, 2.592867269251e-04, 8.7247e-01, 8.6081e-03, 
 2DIAGNOSTIC,    30, -8.107048401792e-01, 3.407613999809e-04, 8.7811e-01, 5.6438e-03, 
 2DIAGNOSTIC,    31, -8.109723771290e-01, 3.868790555634e-04, 8.8431e-01, 6.2020e-03, 
 2DIAGNOSTIC,    32, -8.109051473189e-01, 3.932460917578e-04, 8.8994e-01, 5.6250e-03, 
 2DIAGNOSTIC,    33, -8.110483614538e-01, 3.631774694890e-04, 8.9553e-01, 5.5981e-03, 
 2DIAGNOSTIC,    34, -8.109931891547e-01, 3.042203910675e-04, 9.0115e-01, 5.6171e-03, 
 2DIAGNOSTIC,    35, -8.108347801162e-01, 2.202812003942e-04, 9.0622e-01, 5.0709e-03, 
 2DIAGNOSTIC,    36, -8.110533798905e-01, 1.321961173508e-04, 9.1128e-01, 5.0559e-03, 
 2DIAGNOSTIC,    37, -8.116400601868e-01, 6.955446019249e-05, 9.1638e-01, 5.1019e-03, 
 2DIAGNOSTIC,    38, -8.127015175366e-01, 3.847380617639e-05, 9.2147e-01, 5.0931e-03, 
 2DIAGNOSTIC,    39, -8.148740300623e-01, 6.086526250285e-05, 9.2662e-01, 5.1441e-03, 
 2DIAGNOSTIC,    40, -8.213798448656e-01, 1.461855842199e-04, 9.3289e-01, 6.2680e-03, 
 2DIAGNOSTIC,    41, -8.225561265537e-01, 2.250727210857e-04, 9.3797e-01, 5.0869e-03, 
 2DIAGNOSTIC,    42, -8.247591919479e-01, 2.981451043051e-04, 9.4317e-01, 5.1959e-03, 
 2DIAGNOSTIC,    43, -8.312586235550e-01, 3.973906541264e-04, 9.5007e-01, 6.9029e-03, 
 2DIAGNOSTIC,    44, -8.319762819313e-01, 4.578925432577e-04, 9.5517e-01, 5.1031e-03, 
 2DIAGNOSTIC,    45, -8.331767297353e-01, 4.803802686823e-04, 9.6083e-01, 5.6570e-03, 
 2DIAGNOSTIC,    46, -8.338979004613e-01, 4.640924731600e-04, 9.6620e-01, 5.3639e-03, 
 2DIAGNOSTIC,    47, -8.350031330189e-01, 4.180114346818e-04, 9.7225e-01, 6.0570e-03, 
 2DIAGNOSTIC,    48, -8.380250581089e-01, 3.650340131096e-04, 9.7853e-01, 6.2780e-03, 
 2DIAGNOSTIC,    49, -8.382333977943e-01, 2.957902482832e-04, 9.8403e-01, 5.4970e-03, 
 2DIAGNOSTIC,    50, -8.388431749185e-01, 2.549091759299e-04, 9.8975e-01, 5.7251e-03, 
 2DIAGNOSTIC,    51, -8.392997062852e-01, 2.035608609096e-04, 9.9543e-01, 5.6729e-03, 
 2DIAGNOSTIC,    52, -8.398846005991e-01, 1.533355801449e-04, 1.0005e+00, 5.0890e-03, 
 2DIAGNOSTIC,    53, -8.403601177761e-01, 1.386406783513e-04, 1.0056e+00, 5.0702e-03, 
 2DIAGNOSTIC,    54, -8.415381922763e-01, 1.240488819203e-04, 1.0124e+00, 6.8150e-03, 
 2DIAGNOSTIC,    55, -8.423878529062e-01, 1.119490933871e-04, 1.0180e+00, 5.6250e-03, 
 2DIAGNOSTIC,    56, -8.422763766304e-01, 9.358834679536e-05, 1.0231e+00, 5.0910e-03, 
 2DIAGNOSTIC,    57, -8.426337832054e-01, 7.603937711125e-05, 1.0288e+00, 5.6849e-03, 
 2DIAGNOSTIC,    58, -8.428511986322e-01, 7.228529114705e-05, 1.0344e+00, 5.6000e-03, 
 2DIAGNOSTIC,    59, -8.425869562657e-01, 6.124787440060e-05, 1.0400e+00, 5.6410e-03, 
 2DIAGNOSTIC,    60, -8.425260503262e-01, 4.810959204800e-05, 1.0451e+00, 5.0380e-03, 
 2DIAGNOSTIC,    61, -8.424521045933e-01, 3.319566065550e-05, 1.0502e+00, 5.1050e-03, 
 2DIAGNOSTIC,    62, -8.425539307049e-01, 1.971772583422e-05, 1.0558e+00, 5.6469e-03, 
 2DIAGNOSTIC,    63, -8.425719053978e-01, 7.503514743264e-06, 1.0609e+00, 5.0421e-03, 
DIAGNOSTIC,Iteration,metricValue,convergenceValue,ITERATION_TIME_INDEX,SINCE_LAST
 2DIAGNOSTIC,     1, -6.878889336107e-01, 1.797693134862e+308, 1.8328e+00, 7.7194e-01, 
 2DIAGNOSTIC,     2, -6.884795277967e-01, 1.797693134862e+308, 1.8694e+00, 3.6615e-02, 
 2DIAGNOSTIC,     3, -6.890691140313e-01, 1.797693134862e+308, 1.9059e+00, 3.6503e-02, 
 2DIAGNOSTIC,     4, -6.895173563561e-01, 1.797693134862e+308, 1.9436e+00, 3.7632e-02, 
 2DIAGNOSTIC,     5, -6.903801593078e-01, 1.797693134862e+308, 1.9855e+00, 4.1897e-02, 
 2DIAGNOSTIC,     6, -6.922292043700e-01, 1.797693134862e+308, 2.0292e+00, 4.3691e-02, 
 2DIAGNOSTIC,     7, -6.927755899576e-01, 1.797693134862e+308, 2.0829e+00, 5.3793e-02, 
 2DIAGNOSTIC,     8, -6.928180942076e-01, 1.797693134862e+308, 2.1198e+00, 3.6846e-02, 
 2DIAGNOSTIC,     9, -6.930266485228e-01, 1.797693134862e+308, 2.1609e+00, 4.1062e-02, 
 2DIAGNOSTIC,    10, -6.932513366675e-01, 5.705621217469e-04, 2.1989e+00, 3.8046e-02, 
 2DIAGNOSTIC,    11, -6.932888957465e-01, 4.572921428359e-04, 2.2386e+00, 3.9749e-02, 
 2DIAGNOSTIC,    12, -6.934343013092e-01, 3.471308119136e-04, 2.2760e+00, 3.7346e-02, 
 2DIAGNOSTIC,    13, -6.936888224637e-01, 2.503106603536e-04, 2.3267e+00, 5.0688e-02, 
 2DIAGNOSTIC,    14, -6.937839096534e-01, 1.607122931379e-04, 2.3773e+00, 5.0647e-02, 
 2DIAGNOSTIC,    15, -6.937787049875e-01, 9.081271798343e-05, 2.4194e+00, 4.2032e-02, 
 2DIAGNOSTIC,    16, -6.937609377180e-01, 6.833952367427e-05, 2.4658e+00, 4.6486e-02, 
 2DIAGNOSTIC,    17, -6.937503335814e-01, 5.543514808292e-05, 2.5076e+00, 4.1739e-02, 
 2DIAGNOSTIC,    18, -6.937400656894e-01, 3.957700985543e-05, 2.5502e+00, 4.2655e-02, 
 2DIAGNOSTIC,    19, -6.937297285075e-01, 2.603637744848e-05, 2.5933e+00, 4.3106e-02, 
 2DIAGNOSTIC,    20, -6.937190328539e-01, 1.607675558195e-05, 2.6337e+00, 4.0373e-02, 
 2DIAGNOSTIC,    21, -6.937090293594e-01, 6.273175555752e-06, 2.6759e+00, 4.2197e-02, 
DIAGNOSTIC,Iteration,metricValue,convergenceValue,ITERATION_TIME_INDEX,SINCE_LAST
 2DIAGNOSTIC,     1, -5.887615916243e-01, 1.797693134862e+308, 3.7916e+00, 1.1157e+00, 
 2DIAGNOSTIC,     2, -5.893895243947e-01, 1.797693134862e+308, 4.0713e+00, 2.7970e-01, 
 2DIAGNOSTIC,     3, -5.900930837288e-01, 1.797693134862e+308, 4.3531e+00, 2.8184e-01, 
 2DIAGNOSTIC,     4, -5.909319207581e-01, 1.797693134862e+308, 4.6332e+00, 2.8010e-01, 
 2DIAGNOSTIC,     5, -5.920731013969e-01, 1.797693134862e+308, 4.9092e+00, 2.7599e-01, 
 2DIAGNOSTIC,     6, -5.926372665872e-01, 1.797693134862e+308, 5.2199e+00, 3.1072e-01, 
 2DIAGNOSTIC,     7, -5.937611604378e-01, 1.797693134862e+308, 5.6173e+00, 3.9732e-01, 
 2DIAGNOSTIC,     8, -5.937586891032e-01, 1.797693134862e+308, 5.9632e+00, 3.4591e-01, 
 2DIAGNOSTIC,     9, -5.937476993543e-01, 1.797693134862e+308, 6.3312e+00, 3.6802e-01, 
 2DIAGNOSTIC,    10, -5.937390687164e-01, 6.164832578775e-04, 6.6989e+00, 3.6776e-01, 
 2DIAGNOSTIC,    11, -5.937362962320e-01, 4.603106269267e-04, 7.0495e+00, 3.5060e-01, 
 2DIAGNOSTIC,    12, -5.937355694201e-01, 3.138065619247e-04, 7.3366e+00, 2.8703e-01, 
 2DIAGNOSTIC,    13, -5.937353994348e-01, 1.875703544716e-04, 7.6418e+00, 3.0522e-01, 
 2DIAGNOSTIC,    14, -5.937318285132e-01, 9.096548368175e-05, 7.9291e+00, 2.8729e-01, 
 2DIAGNOSTIC,    15, -5.937304014309e-01, 3.554377069824e-05, 8.2379e+00, 3.0882e-01, 
DIAGNOSTIC,Iteration,metricValue,convergenceValue,ITERATION_TIME_INDEX,SINCE_LAST
 2DIAGNOSTIC,     1, -5.277824655452e-01, 1.797693134862e+308, 1.1466e+01, 3.2281e+00, 
 2DIAGNOSTIC,     2, -5.278555434510e-01, 1.797693134862e+308, 1.5347e+01, 3.8811e+00, 
 2DIAGNOSTIC,     3, -5.278560682473e-01, 1.797693134862e+308, 1.7635e+01, 2.2877e+00, 
 2DIAGNOSTIC,     4, -5.278557906999e-01, 1.797693134862e+308, 1.9940e+01, 2.3056e+00, 
 2DIAGNOSTIC,     5, -5.278556040759e-01, 1.797693134862e+308, 2.2059e+01, 2.1182e+00, 
 2DIAGNOSTIC,     6, -5.278555009817e-01, 1.797693134862e+308, 2.3879e+01, 1.8208e+00, 
 2DIAGNOSTIC,     7, -5.278554501489e-01, 1.797693134862e+308, 2.6012e+01, 2.1323e+00, 
 2DIAGNOSTIC,     8, -5.278553987158e-01, 1.797693134862e+308, 2.8225e+01, 2.2130e+00, 
 2DIAGNOSTIC,     9, -5.278552751718e-01, 1.797693134862e+308, 3.0255e+01, 2.0308e+00, 
 2DIAGNOSTIC,    10, -5.278553362059e-01, 7.057216885806e-06, 3.2511e+01, 2.2553e+00, 
 2DIAGNOSTIC,    11, -5.278552840275e-01, 2.825024504757e-06, 3.4295e+01, 1.7846e+00, 
 2DIAGNOSTIC,    12, -5.278551182647e-01, 2.574822966298e-06, 3.6202e+01, 1.9066e+00, 
 2DIAGNOSTIC,    13, -5.278551428384e-01, 2.393174544466e-06, 3.8211e+01, 2.0089e+00, 
 2DIAGNOSTIC,    14, -5.278549852399e-01, 2.225693001859e-06, 3.9978e+01, 1.7671e+00, 
 2DIAGNOSTIC,    15, -5.278550236548e-01, 2.079580680062e-06, 4.1942e+01, 1.9639e+00, 
 2DIAGNOSTIC,    16, -5.278549342244e-01, 1.948938659971e-06, 4.4046e+01, 2.1046e+00, 
 2DIAGNOSTIC,    17, -5.278548447768e-01, 1.832969273322e-06, 4.6286e+01, 2.2400e+00, 
 2DIAGNOSTIC,    18, -5.278547830868e-01, 1.730221794755e-06, 4.8588e+01, 2.3012e+00, 
 2DIAGNOSTIC,    19, -5.278545631310e-01, 1.631888124298e-06, 5.0643e+01, 2.0549e+00, 
 2DIAGNOSTIC,    20, -5.278544961541e-01, 1.547276298461e-06, 5.2808e+01, 2.1650e+00, 
 2DIAGNOSTIC,    21, -5.278545355607e-01, 1.474484968497e-06, 5.4737e+01, 1.9296e+00, 
 2DIAGNOSTIC,    22, -5.278544741127e-01, 1.406378767985e-06, 5.6928e+01, 2.1907e+00, 
 2DIAGNOSTIC,    23, -5.278545534191e-01, 1.350486353094e-06, 5.8724e+01, 1.7959e+00, 
 2DIAGNOSTIC,    24, -5.278545594653e-01, 1.298863225793e-06, 6.0795e+01, 2.0710e+00, 
 2DIAGNOSTIC,    25, -5.278546458069e-01, 1.256595053588e-06, 6.2659e+01, 1.8640e+00, 
 2DIAGNOSTIC,    26, -5.278546634815e-01, 1.217515881793e-06, 6.4653e+01, 1.9944e+00, 
 2DIAGNOSTIC,    27, -5.278547820737e-01, 1.182457806469e-06, 6.6838e+01, 2.1852e+00, 
 2DIAGNOSTIC,    28, -5.278549630419e-01, 1.151853489825e-06, 6.9247e+01, 2.4083e+00, 
 2DIAGNOSTIC,    29, -5.278548055091e-01, 1.114809244286e-06, 7.1472e+01, 2.2249e+00, 
 2DIAGNOSTIC,    30, -5.278546478703e-01, 1.074626472572e-06, 7.3507e+01, 2.0357e+00, 
 2DIAGNOSTIC,    31, -5.278546600718e-01, 1.036706605610e-06, 7.5622e+01, 2.1144e+00, 
  Elapsed time (stage 0): 7.6885e+01


Total elapsed time: 7.6887e+01
Info [verificarlo]: loaded backend libinterflop_ieee.so
Info [interflop-ieee]: load backend with:
Info [interflop-ieee]: debug = false
Info [interflop-ieee]: debug-binary = false
Info [interflop-ieee]: no-backend-name = false
Info [interflop-ieee]: print-new-line = false
Info [interflop-ieee]: print-subnormal-normalized = false
Info [interflop-ieee]: count-op = false
All_Command_lines_OK
Using double precision for computations.
=============================================================================
The composite transform comprises the following transforms (in order): 
  1. /home/mdugre/scratch/mri-registration-rp/datasets/ds004513/derivatives/mri-registration-rp/0100/antsRegistration-r8-p7/sub-s014/affine_Composite.h5[0] (type = Euler3DTransform)
  2. /home/mdugre/scratch/mri-registration-rp/datasets/ds004513/derivatives/mri-registration-rp/0100/antsRegistration-r8-p7/sub-s014/affine_Composite.h5[1] (type = Euler3DTransform)
  3. /home/mdugre/scratch/mri-registration-rp/datasets/ds004513/derivatives/mri-registration-rp/0100/antsRegistration-r8-p7/sub-s014/affine_Composite.h5[2] (type = Euler3DTransform)
  4. /home/mdugre/scratch/mri-registration-rp/datasets/ds004513/derivatives/mri-registration-rp/0100/antsRegistration-r8-p7/sub-s014/affine_Composite.h5[3] (type = AffineTransform)
=============================================================================
  number of levels = 4
  fixed image: /templateflow/tpl-MNI152NLin2009cAsym/tpl-MNI152NLin2009cAsym_res-01_desc-brain_T1w.nii.gz
  moving image: /home/mdugre/scratch/mri-registration-rp/datasets/ds004513/derivatives/mri-registration-rp/antsBrainExtraction/sub-s014/BrainExtractionBrain.nii.gz
Dimension = 3
Number of stages = 1
Use histogram matching = false
Winsorize image intensities = true
  Lower quantile = 0.005
  Upper quantile = 0.995


Stage 1 State
   Image metric = CC
     Fixed image = Image (0x3314a40)
  RTTI typeinfo:   itk::Image<double, 3u>
  Reference Count: 2
  Modified Time: 1608
  Debug: Off
  Object Name: 
  Observers: 
    none
  Source: (none)
  Source output name: (none)
  Release Data: Off
  Data Released: False
  Global Release Data: Off
  PipelineMTime: 0
  UpdateMTime: 1217
  RealTimeStamp: 0 seconds 
  LargestPossibleRegion: 
    Dimension: 3
    Index: [0, 0, 0]
    Size: [193, 229, 193]
  BufferedRegion: 
    Dimension: 3
    Index: [0, 0, 0]
    Size: [193, 229, 193]
  RequestedRegion: 
    Dimension: 3
    Index: [0, 0, 0]
    Size: [193, 229, 193]
  Spacing: [1, 1, 1]
  Origin: [96, 132, -78]
  Direction: 
-1 0 0
0 -1 0
0 0 1

  IndexToPointMatrix: 
-1 0 0
0 -1 0
0 0 1

  PointToIndexMatrix: 
-1 0 0
0 -1 0
0 0 1

  Inverse Direction: 
-1 0 0
0 -1 0
0 0 1

  PixelContainer: 
    ImportImageContainer (0x33e3780)
      RTTI typeinfo:   itk::ImportImageContainer<unsigned long, double>
      Reference Count: 1
      Modified Time: 1214
      Debug: Off
      Object Name: 
      Observers: 
        none
      Pointer: 0x1522332c7010
      Container manages memory: true
      Size: 8530021
      Capacity: 8530021

     Moving image = Image (0x33e5390)
  RTTI typeinfo:   itk::Image<double, 3u>
  Reference Count: 2
  Modified Time: 1609
  Debug: Off
  Object Name: 
  Observers: 
    none
  Source: (none)
  Source output name: (none)
  Release Data: Off
  Data Released: False
  Global Release Data: Off
  PipelineMTime: 0
  UpdateMTime: 1606
  RealTimeStamp: 0 seconds 
  LargestPossibleRegion: 
    Dimension: 3
    Index: [0, 0, 0]
    Size: [160, 240, 256]
  BufferedRegion: 
    Dimension: 3
    Index: [0, 0, 0]
    Size: [160, 240, 256]
  RequestedRegion: 
    Dimension: 3
    Index: [0, 0, 0]
    Size: [160, 240, 256]
  Spacing: [0.999999, 1, 1]
  Origin: [84.1637, 106.709, -120.531]
  Direction: 
-0.999619 -0.0226874 -0.0157033
0.0226846 -0.999743 0.00035635
-0.0157073 -7.8229e-09 0.999877

  IndexToPointMatrix: 
-0.999619 -0.0226874 -0.0157033
0.0226845 -0.999743 0.00035635
-0.0157073 -7.8229e-09 0.999877

  PointToIndexMatrix: 
-0.99962 0.0226846 -0.0157073
-0.0226874 -0.999743 -7.83127e-09
-0.0157033 0.00035635 0.999877

  Inverse Direction: 
-0.999619 0.0226846 -0.0157073
-0.0226874 -0.999743 -7.83127e-09
-0.0157033 0.00035635 0.999877

  PixelContainer: 
    ImportImageContainer (0x339a6f0)
      RTTI typeinfo:   itk::ImportImageContainer<unsigned long, double>
      Reference Count: 1
      Modified Time: 1603
      Debug: Off
      Object Name: 
      Observers: 
        none
      Pointer: 0x15222e7c6010
      Container manages memory: true
      Size: 9830400
      Capacity: 9830400

     Weighting = 1
     Sampling strategy = none
     Number of bins = 32
     Radius = 4
     Sampling percentage  = 1
   Transform = SyN
     Gradient step = 0.1
     Update field sigma (voxel space) = 3
     Total field sigma (voxel space) = 0
     Update field time sigma = 0
     Total field time sigma  = 0
     Number of time indices = 0
     Number of time point samples = 0
Registration using 1 total stages.

Stage 0
  iterations = 100x70x50x20
  convergence threshold = 1e-06
  convergence window size = 10
  number of levels = 4
  using the CC metric (radius = 4, weight = 1, use gradient filter = 0)
  preprocessing:  winsorizing the image intensities
  Shrink factors (level 1 out of 4): [8, 8, 8]
  Shrink factors (level 2 out of 4): [4, 4, 4]
  Shrink factors (level 3 out of 4): [2, 2, 2]
  Shrink factors (level 4 out of 4): [1, 1, 1]
  smoothing sigmas per level: [3, 2, 1, 0]
  Using default NONE metricSamplingStrategy 

