
##########################
# Experiment information #
##########################

EXPERIMENT_NAME: antsRegistration-r7-p11
VFC_BACKENDS: libinterflop_vprec.so --range-binary32=7 --precision-binary32=11 --range-binary64=7 --precision-binary64=11

SIF_IMG: /home/mdugre/projects/rrg-glatard/mdugre/containers/ants-vprec-no_metrics.simg

SUBJECT_ID: s003
INPUT_IMG: /home/mdugre/scratch/mri-registration-rp/datasets/ds004513/derivatives/mri-registration-rp/antsBrainExtraction/sub-s003/BrainExtractionBrain.nii.gz
OUTPUT_DIR: /home/mdugre/scratch/mri-registration-rp/datasets/ds004513/derivatives/mri-registration-rp/0100/antsRegistration-r7-p11/sub-s003

FIXED_IMG: /templateflow/tpl-MNI152NLin2009cAsym/tpl-MNI152NLin2009cAsym_res-01_desc-brain_T1w.nii.gz
DATA_DIR: /home/mdugre/scratch/mri-registration-rp/datasets/ds004513
TEMPLATEFLOW_DIR: /home/mdugre/projects/rrg-glatard/mdugre/templateflow
ITK_GLOBAL_DEFAULT_NUMBER_OF_THREADS: 16
##########################

Info [verificarlo]: loaded backend libinterflop_ieee.so
Info [interflop-ieee]: load backend with:
Info [interflop-ieee]: debug = false
Info [interflop-ieee]: debug-binary = false
Info [interflop-ieee]: no-backend-name = false
Info [interflop-ieee]: print-new-line = false
Info [interflop-ieee]: print-subnormal-normalized = false
Info [interflop-ieee]: count-op = false
All_Command_lines_OK
Using double precision for computations.
=============================================================================
The composite transform comprises the following transforms (in order): 
  1. Center of mass alignment using fixed image: /templateflow/tpl-MNI152NLin2009cAsym/tpl-MNI152NLin2009cAsym_res-01_desc-brain_T1w.nii.gz and moving image: /home/mdugre/scratch/mri-registration-rp/datasets/ds004513/derivatives/mri-registration-rp/antsBrainExtraction/sub-s003/BrainExtractionBrain.nii.gz (type = Euler3DTransform)
=============================================================================
  number of levels = 1
  fixed image: /templateflow/tpl-MNI152NLin2009cAsym/tpl-MNI152NLin2009cAsym_res-01_desc-brain_T1w.nii.gz
  moving image: /home/mdugre/scratch/mri-registration-rp/datasets/ds004513/derivatives/mri-registration-rp/antsBrainExtraction/sub-s003/BrainExtractionBrain.nii.gz
Dimension = 3
Number of stages = 1
Use histogram matching = false
Winsorize image intensities = true
  Lower quantile = 0.005
  Upper quantile = 0.995


Stage 1 State
   Image metric = MattesMI
     Fixed image = Image (0x3aaee70)
  RTTI typeinfo:   itk::Image<double, 3u>
  Reference Count: 2
  Modified Time: 2334
  Debug: Off
  Object Name: 
  Observers: 
    none
  Source: (none)
  Source output name: (none)
  Release Data: Off
  Data Released: False
  Global Release Data: Off
  PipelineMTime: 0
  UpdateMTime: 1943
  RealTimeStamp: 0 seconds 
  LargestPossibleRegion: 
    Dimension: 3
    Index: [0, 0, 0]
    Size: [193, 229, 193]
  BufferedRegion: 
    Dimension: 3
    Index: [0, 0, 0]
    Size: [193, 229, 193]
  RequestedRegion: 
    Dimension: 3
    Index: [0, 0, 0]
    Size: [193, 229, 193]
  Spacing: [1, 1, 1]
  Origin: [96, 132, -78]
  Direction: 
-1 0 0
0 -1 0
0 0 1

  IndexToPointMatrix: 
-1 0 0
0 -1 0
0 0 1

  PointToIndexMatrix: 
-1 0 0
0 -1 0
0 0 1

  Inverse Direction: 
-1 0 0
0 -1 0
0 0 1

  PixelContainer: 
    ImportImageContainer (0x3abb140)
      RTTI typeinfo:   itk::ImportImageContainer<unsigned long, double>
      Reference Count: 1
      Modified Time: 1940
      Debug: Off
      Object Name: 
      Observers: 
        none
      Pointer: 0x1496ba15d010
      Container manages memory: true
      Size: 8530021
      Capacity: 8530021

     Moving image = Image (0x3ab8310)
  RTTI typeinfo:   itk::Image<double, 3u>
  Reference Count: 2
  Modified Time: 2335
  Debug: Off
  Object Name: 
  Observers: 
    none
  Source: (none)
  Source output name: (none)
  Release Data: Off
  Data Released: False
  Global Release Data: Off
  PipelineMTime: 0
  UpdateMTime: 2332
  RealTimeStamp: 0 seconds 
  LargestPossibleRegion: 
    Dimension: 3
    Index: [0, 0, 0]
    Size: [176, 240, 256]
  BufferedRegion: 
    Dimension: 3
    Index: [0, 0, 0]
    Size: [176, 240, 256]
  RequestedRegion: 
    Dimension: 3
    Index: [0, 0, 0]
    Size: [176, 240, 256]
  Spacing: [0.999999, 1, 1]
  Origin: [93.3499, 86.9368, -128.957]
  Direction: 
-0.999513 -0.0279216 -0.0139567
0.0279189 -0.99961 0.000389866
-0.0139622 2.01492e-08 0.999903

  IndexToPointMatrix: 
-0.999512 -0.0279216 -0.0139567
0.0279189 -0.99961 0.000389866
-0.0139621 2.01492e-08 0.999903

  PointToIndexMatrix: 
-0.999514 0.0279189 -0.0139622
-0.0279216 -0.99961 2.01716e-08
-0.0139567 0.000389866 0.999903

  Inverse Direction: 
-0.999513 0.0279189 -0.0139622
-0.0279216 -0.99961 2.01716e-08
-0.0139567 0.000389866 0.999903

  PixelContainer: 
    ImportImageContainer (0x3be3610)
      RTTI typeinfo:   itk::ImportImageContainer<unsigned long, double>
      Reference Count: 1
      Modified Time: 2329
      Debug: Off
      Object Name: 
      Observers: 
        none
      Pointer: 0x1496b4edc010
      Container manages memory: true
      Size: 10813440
      Capacity: 10813440

     Weighting = 1
     Sampling strategy = regular
     Number of bins = 32
     Radius = 4
     Sampling percentage  = 0.25
   Transform = Rigid
     Gradient step = 0.1
     Update field sigma (voxel space) = 0
     Total field sigma (voxel space) = 0
     Update field time sigma = 0
     Total field time sigma  = 0
     Number of time indices = 0
     Number of time point samples = 0
Registration using 1 total stages.

Stage 0
  iterations = 0
  convergence threshold = 1e-06
  convergence window size = 10
  number of levels = 1
  using the Mattes MI metric (number of bins = 32, weight = 1, use gradient filter = 0)
  preprocessing:  winsorizing the image intensities
  Shrink factors (level 1 out of 1): [1, 1, 1]
  smoothing sigmas per level: [0]
  regular sampling (percentage = 0.25)

*** Running Euler3DTransform registration ***

  Elapsed time (stage 0): 1.19809


Total elapsed time: 1.20035
Info [verificarlo]: loaded backend libinterflop_vprec.so
Info [interflop-vprec]: load backend with: 
Info [interflop-vprec]: precision-binary32 = 11
Info [interflop-vprec]: range-binary32 = 7
Info [interflop-vprec]: precision-binary64 = 11
Info [interflop-vprec]: range-binary64 = 7
Info [interflop-vprec]: mode = ob
Info [interflop-vprec]: error-mode = rel
Info [interflop-vprec]: max-abs-error-exponent = -1022
Info [interflop-vprec]: daz = false
Info [interflop-vprec]: ftz = false
Info [interflop-vprec]: 	instrument = none
Info [interflop-vprec]: 	prec-input-file = (null)
Info [interflop-vprec]: 	prec-output-file = (null)
Info [interflop-vprec]: 	prec-log-file = (null)
All_Command_lines_OK
Using double precision for computations.
=============================================================================
The composite transform comprises the following transforms (in order): 
  1. /home/mdugre/scratch/mri-registration-rp/datasets/ds004513/derivatives/mri-registration-rp/0100/antsRegistration-r7-p11/sub-s003/align_Composite.h5[0] (type = Euler3DTransform)
  2. /home/mdugre/scratch/mri-registration-rp/datasets/ds004513/derivatives/mri-registration-rp/0100/antsRegistration-r7-p11/sub-s003/align_Composite.h5[1] (type = Euler3DTransform)
=============================================================================
  number of levels = 4
  fixed image: /templateflow/tpl-MNI152NLin2009cAsym/tpl-MNI152NLin2009cAsym_res-01_desc-brain_T1w.nii.gz
  moving image: /home/mdugre/scratch/mri-registration-rp/datasets/ds004513/derivatives/mri-registration-rp/antsBrainExtraction/sub-s003/BrainExtractionBrain.nii.gz
Dimension = 3
Number of stages = 1
Use histogram matching = false
Winsorize image intensities = true
  Lower quantile = 0.005
  Upper quantile = 0.995


Stage 1 State
   Image metric = MattesMI
     Fixed image = Image (0x3f1f1e0)
  RTTI typeinfo:   itk::Image<double, 3u>
  Reference Count: 2
  Modified Time: 1578
  Debug: Off
  Object Name: 
  Observers: 
    none
  Source: (none)
  Source output name: (none)
  Release Data: Off
  Data Released: False
  Global Release Data: Off
  PipelineMTime: 0
  UpdateMTime: 1189
  RealTimeStamp: 0 seconds 
  LargestPossibleRegion: 
    Dimension: 3
    Index: [0, 0, 0]
    Size: [193, 229, 193]
  BufferedRegion: 
    Dimension: 3
    Index: [0, 0, 0]
    Size: [193, 229, 193]
  RequestedRegion: 
    Dimension: 3
    Index: [0, 0, 0]
    Size: [193, 229, 193]
  Spacing: [1, 1, 1]
  Origin: [96, 132, -78]
  Direction: 
-1 0 0
0 -1 0
0 0 1

  IndexToPointMatrix: 
-1 0 0
0 -1 0
0 0 1

  PointToIndexMatrix: 
-1 0 0
0 -1 0
0 0 1

  Inverse Direction: 
-1 0 0
0 -1 0
0 0 1

  PixelContainer: 
    ImportImageContainer (0x3fde680)
      RTTI typeinfo:   itk::ImportImageContainer<unsigned long, double>
      Reference Count: 1
      Modified Time: 1186
      Debug: Off
      Object Name: 
      Observers: 
        none
      Pointer: 0x1505cf36b010
      Container manages memory: true
      Size: 8530021
      Capacity: 8530021

     Moving image = Image (0x3fdab20)
  RTTI typeinfo:   itk::Image<double, 3u>
  Reference Count: 2
  Modified Time: 1579
  Debug: Off
  Object Name: 
  Observers: 
    none
  Source: (none)
  Source output name: (none)
  Release Data: Off
  Data Released: False
  Global Release Data: Off
  PipelineMTime: 0
  UpdateMTime: 1576
  RealTimeStamp: 0 seconds 
  LargestPossibleRegion: 
    Dimension: 3
    Index: [0, 0, 0]
    Size: [176, 240, 256]
  BufferedRegion: 
    Dimension: 3
    Index: [0, 0, 0]
    Size: [176, 240, 256]
  RequestedRegion: 
    Dimension: 3
    Index: [0, 0, 0]
    Size: [176, 240, 256]
  Spacing: [1, 1, 1]
  Origin: [93.3438, 86.9375, -128.938]
  Direction: 
-0.999512 -0.0279236 -0.0139542
0.0279236 -0.999512 0.000389814
-0.0139618 5.96046e-08 1

  IndexToPointMatrix: 
-0.999512 -0.0279236 -0.0139542
0.0279236 -0.999512 0.000389814
-0.0139618 5.96046e-08 1

  PointToIndexMatrix: 
-0.999512 0.0279236 -0.0139618
-0.0279388 -1 -0.000195086
-0.0139618 0.000194967 1

  Inverse Direction: 
-0.999512 0.0279236 -0.0139618
-0.0279388 -1 -0.000195086
-0.0139618 0.000194967 1

  PixelContainer: 
    ImportImageContainer (0x4043d50)
      RTTI typeinfo:   itk::ImportImageContainer<unsigned long, double>
      Reference Count: 1
      Modified Time: 1573
      Debug: Off
      Object Name: 
      Observers: 
        none
      Pointer: 0x1505ca0ea010
      Container manages memory: true
      Size: 10813440
      Capacity: 10813440

     Weighting = 1
     Sampling strategy = regular
     Number of bins = 32
     Radius = 4
     Sampling percentage  = 0.25
   Transform = Rigid
     Gradient step = 0.1
     Update field sigma (voxel space) = 0
     Total field sigma (voxel space) = 0
     Update field time sigma = 0
     Total field time sigma  = 0
     Number of time indices = 0
     Number of time point samples = 0
Registration using 1 total stages.

Stage 0
  iterations = 1000x500x250x100
  convergence threshold = 1e-06
  convergence window size = 10
  number of levels = 4
  using the Mattes MI metric (number of bins = 32, weight = 1, use gradient filter = 0)
  preprocessing:  winsorizing the image intensities
  Shrink factors (level 1 out of 4): [8, 8, 8]
  Shrink factors (level 2 out of 4): [4, 4, 4]
  Shrink factors (level 3 out of 4): [2, 2, 2]
  Shrink factors (level 4 out of 4): [1, 1, 1]
  smoothing sigmas per level: [3, 2, 1, 0]
  regular sampling (percentage = 0.25)

*** Running Euler3DTransform registration ***

DIAGNOSTIC,Iteration,metricValue,convergenceValue,ITERATION_TIME_INDEX,SINCE_LAST
 2DIAGNOSTIC,     1, -4.852703218366e-01, 1.797693134862e+308, 0.0000e+00, 0.0000e+00, 
 2DIAGNOSTIC,     2, -4.857346680760e-01, 1.797693134862e+308, 0.0000e+00, 0.0000e+00, 
 2DIAGNOSTIC,     3, -4.858439108362e-01, 1.797693134862e+308, 0.0000e+00, 0.0000e+00, 
 2DIAGNOSTIC,     4, -4.869118943333e-01, 1.797693134862e+308, 0.0000e+00, 0.0000e+00, 
 2DIAGNOSTIC,     5, -4.886553990003e-01, 1.797693134862e+308, 0.0000e+00, 0.0000e+00, 
 2DIAGNOSTIC,     6, -4.950553582257e-01, 1.797693134862e+308, 0.0000e+00, 0.0000e+00, 
 2DIAGNOSTIC,     7, -5.042847769790e-01, 1.797693134862e+308, 0.0000e+00, 0.0000e+00, 
 2DIAGNOSTIC,     8, -5.053984016400e-01, 1.797693134862e+308, 0.0000e+00, 0.0000e+00, 
 2DIAGNOSTIC,     9, -5.072180847122e-01, 1.797693134862e+308, 0.0000e+00, 0.0000e+00, 
 2DIAGNOSTIC,    10, -5.300269507800e-01, 4.937276820799e-03, 0.0000e+00, 0.0000e+00, 
 2DIAGNOSTIC,    11, -5.693078181159e-01, 7.472476423649e-03, 0.0000e+00, 0.0000e+00, 
 2DIAGNOSTIC,    12, -5.895777431350e-01, 9.759176243713e-03, 0.0000e+00, 0.0000e+00, 
 2DIAGNOSTIC,    13, -5.853362359371e-01, 1.061870965794e-02, 0.0000e+00, 0.0000e+00, 
 2DIAGNOSTIC,    14, -6.281388300496e-01, 1.206276850646e-02, 0.0000e+00, 0.0000e+00, 
 2DIAGNOSTIC,    15, -6.404318989572e-01, 1.261817859317e-02, 0.0000e+00, 0.0000e+00, 
 2DIAGNOSTIC,    16, -6.398336334646e-01, 1.210899013957e-02, 0.0000e+00, 0.0000e+00, 
 2DIAGNOSTIC,    17, -6.438142813108e-01, 1.099089313141e-02, 0.0000e+00, 0.0000e+00, 
 2DIAGNOSTIC,    18, -6.461814416857e-01, 9.132855372741e-03, 0.0000e+00, 0.0000e+00, 
 2DIAGNOSTIC,    19, -6.457894173386e-01, 6.684927043825e-03, 0.0000e+00, 0.0000e+00, 
 2DIAGNOSTIC,    20, -6.461374534513e-01, 4.459167573050e-03, 0.0000e+00, 0.0000e+00, 
 2DIAGNOSTIC,    21, -6.472070089395e-01, 3.031581393992e-03, 0.0000e+00, 0.0000e+00, 
 2DIAGNOSTIC,    22, -6.470358222566e-01, 1.944078193919e-03, 0.0000e+00, 0.0000e+00, 
 2DIAGNOSTIC,    23, -6.475881508060e-01, 6.788834350413e-04, 0.0000e+00, 0.0000e+00, 
 2DIAGNOSTIC,    24, -6.475223133070e-01, 3.431831175782e-04, 0.0000e+00, 0.0000e+00, 
 2DIAGNOSTIC,    25, -6.476631688254e-01, 2.521033505353e-04, 0.0000e+00, 0.0000e+00, 
 2DIAGNOSTIC,    26, -6.482246164104e-01, 1.425334003366e-04, 0.0000e+00, 0.0000e+00, 
 2DIAGNOSTIC,    27, -6.481565830178e-01, 9.770854333237e-05, 0.0000e+00, 0.0000e+00, 
 2DIAGNOSTIC,    28, -6.480397623308e-01, 8.687961820315e-05, 0.0000e+00, 0.0000e+00, 
 2DIAGNOSTIC,    29, -6.479379169104e-01, 6.063723870164e-05, 0.0000e+00, 0.0000e+00, 
 2DIAGNOSTIC,    30, -6.479535249050e-01, 3.600454203035e-05, 0.0000e+00, 0.0000e+00, 
 2DIAGNOSTIC,    31, -6.479682833238e-01, 2.647686838125e-05, 0.0000e+00, 0.0000e+00, 
 2DIAGNOSTIC,    32, -6.479756096462e-01, 1.239559469601e-05, 0.0000e+00, 0.0000e+00, 
 2DIAGNOSTIC,    33, -6.479626878535e-01, 6.106276810448e-06, 0.0000e+00, 0.0000e+00, 
DIAGNOSTIC,Iteration,metricValue,convergenceValue,ITERATION_TIME_INDEX,SINCE_LAST
 2DIAGNOSTIC,     1, -5.263299173332e-01, 1.797693134862e+308, 0.0000e+00, 0.0000e+00, 
 2DIAGNOSTIC,     2, -5.264757952657e-01, 1.797693134862e+308, 0.0000e+00, 0.0000e+00, 
 2DIAGNOSTIC,     3, -5.266813313049e-01, 1.797693134862e+308, 0.0000e+00, 0.0000e+00, 
 2DIAGNOSTIC,     4, -5.269152265562e-01, 1.797693134862e+308, 0.0000e+00, 0.0000e+00, 
 2DIAGNOSTIC,     5, -5.276373879965e-01, 1.797693134862e+308, 0.0000e+00, 0.0000e+00, 
 2DIAGNOSTIC,     6, -5.285535406165e-01, 1.797693134862e+308, 0.0000e+00, 0.0000e+00, 
 2DIAGNOSTIC,     7, -5.300198345375e-01, 1.797693134862e+308, 0.0000e+00, 0.0000e+00, 
 2DIAGNOSTIC,     8, -5.313539678126e-01, 1.797693134862e+308, 0.0000e+00, 0.0000e+00, 
 2DIAGNOSTIC,     9, -5.325883949931e-01, 1.797693134862e+308, 0.0000e+00, 0.0000e+00, 
 2DIAGNOSTIC,    10, -5.341979963410e-01, 9.716643346298e-04, 0.0000e+00, 0.0000e+00, 
 2DIAGNOSTIC,    11, -5.350866156296e-01, 1.031127683434e-03, 0.0000e+00, 0.0000e+00, 
 2DIAGNOSTIC,    12, -5.358475883998e-01, 1.028136615082e-03, 0.0000e+00, 0.0000e+00, 
 2DIAGNOSTIC,    13, -5.361312563077e-01, 9.529514556812e-04, 0.0000e+00, 0.0000e+00, 
 2DIAGNOSTIC,    14, -5.364724275294e-01, 8.239900395091e-04, 0.0000e+00, 0.0000e+00, 
 2DIAGNOSTIC,    15, -5.365515959973e-01, 6.652080629403e-04, 0.0000e+00, 0.0000e+00, 
 2DIAGNOSTIC,    16, -5.365384586647e-01, 4.948836503888e-04, 0.0000e+00, 0.0000e+00, 
 2DIAGNOSTIC,    17, -5.366566404606e-01, 3.487829047507e-04, 0.0000e+00, 0.0000e+00, 
 2DIAGNOSTIC,    18, -5.367235427802e-01, 2.280279762123e-04, 0.0000e+00, 0.0000e+00, 
 2DIAGNOSTIC,    19, -5.366267881736e-01, 1.300541890666e-04, 0.0000e+00, 0.0000e+00, 
 2DIAGNOSTIC,    20, -5.365867063199e-01, 7.150295980273e-05, 0.0000e+00, 0.0000e+00, 
 2DIAGNOSTIC,    21, -5.366910895719e-01, 3.681415516170e-05, 0.0000e+00, 0.0000e+00, 
 2DIAGNOSTIC,    22, -5.367202840062e-01, 2.076985973735e-05, 0.0000e+00, 0.0000e+00, 
 2DIAGNOSTIC,    23, -5.366985691914e-01, 1.001440186887e-05, 0.0000e+00, 0.0000e+00, 
 2DIAGNOSTIC,    24, -5.366957400302e-01, 6.816821367182e-06, 0.0000e+00, 0.0000e+00, 
 2DIAGNOSTIC,    25, -5.366957400302e-01, 5.005758555110e-06, 0.0000e+00, 0.0000e+00, 
 2DIAGNOSTIC,    26, -5.366948502178e-01, 2.448213919343e-06, 0.0000e+00, 0.0000e+00, 
 2DIAGNOSTIC,    27, -5.366948502178e-01, 2.091391265988e-06, 0.0000e+00, 0.0000e+00, 
 2DIAGNOSTIC,    28, -5.366948502178e-01, 2.916055411958e-06, 0.0000e+00, 0.0000e+00, 
 2DIAGNOSTIC,    29, -5.366948502178e-01, 1.687804898794e-06, 0.0000e+00, 0.0000e+00, 
DIAGNOSTIC,Iteration,metricValue,convergenceValue,ITERATION_TIME_INDEX,SINCE_LAST
 2DIAGNOSTIC,     1, -4.776178379723e-01, 1.797693134862e+308, 0.0000e+00, 0.0000e+00, 
 2DIAGNOSTIC,     2, -4.777093429201e-01, 1.797693134862e+308, 0.0000e+00, 0.0000e+00, 
 2DIAGNOSTIC,     3, -4.778180904983e-01, 1.797693134862e+308, 0.0000e+00, 0.0000e+00, 
 2DIAGNOSTIC,     4, -4.779711675008e-01, 1.797693134862e+308, 0.0000e+00, 0.0000e+00, 
 2DIAGNOSTIC,     5, -4.781594978748e-01, 1.797693134862e+308, 0.0000e+00, 0.0000e+00, 
 2DIAGNOSTIC,     6, -4.783921958107e-01, 1.797693134862e+308, 0.0000e+00, 0.0000e+00, 
 2DIAGNOSTIC,     7, -4.784232702887e-01, 1.797693134862e+308, 0.0000e+00, 0.0000e+00, 
 2DIAGNOSTIC,     8, -4.784267823207e-01, 1.797693134862e+308, 0.0000e+00, 0.0000e+00, 
 2DIAGNOSTIC,     9, -4.782987164919e-01, 1.797693134862e+308, 0.0000e+00, 0.0000e+00, 
 2DIAGNOSTIC,    10, -4.782902662614e-01, 1.108163933115e-04, 0.0000e+00, 0.0000e+00, 
 2DIAGNOSTIC,    11, -4.782607774596e-01, 7.153725714697e-05, 0.0000e+00, 0.0000e+00, 
 2DIAGNOSTIC,    12, -4.783372758121e-01, 4.066695636887e-05, 0.0000e+00, 0.0000e+00, 
 2DIAGNOSTIC,    13, -4.783595308268e-01, 1.683337010698e-05, 0.0000e+00, 0.0000e+00, 
DIAGNOSTIC,Iteration,metricValue,convergenceValue,ITERATION_TIME_INDEX,SINCE_LAST
 2DIAGNOSTIC,     1, -4.449885841029e-01, 1.797693134862e+308, 0.0000e+00, 0.0000e+00, 
 2DIAGNOSTIC,     2, -4.449892475662e-01, 1.797693134862e+308, 0.0000e+00, 0.0000e+00, 
 2DIAGNOSTIC,     3, -4.449860581976e-01, 1.797693134862e+308, 0.0000e+00, 0.0000e+00, 
 2DIAGNOSTIC,     4, -4.449912361165e-01, 1.797693134862e+308, 0.0000e+00, 0.0000e+00, 
 2DIAGNOSTIC,     5, -4.449911102157e-01, 1.797693134862e+308, 0.0000e+00, 0.0000e+00, 
 2DIAGNOSTIC,     6, -4.449902570406e-01, 1.797693134862e+308, 0.0000e+00, 0.0000e+00, 
 2DIAGNOSTIC,     7, -4.449897669612e-01, 1.797693134862e+308, 0.0000e+00, 0.0000e+00, 
 2DIAGNOSTIC,     8, -4.449896212040e-01, 1.797693134862e+308, 0.0000e+00, 0.0000e+00, 
 2DIAGNOSTIC,     9, -4.449896019287e-01, 1.797693134862e+308, 0.0000e+00, 0.0000e+00, 
  Elapsed time (stage 0): 0.0000e+00


Total elapsed time: 0.0000e+00
Info [verificarlo]: loaded backend libinterflop_ieee.so
Info [interflop-ieee]: load backend with:
Info [interflop-ieee]: debug = false
Info [interflop-ieee]: debug-binary = false
Info [interflop-ieee]: no-backend-name = false
Info [interflop-ieee]: print-new-line = false
Info [interflop-ieee]: print-subnormal-normalized = false
Info [interflop-ieee]: count-op = false
All_Command_lines_OK
Using double precision for computations.
=============================================================================
The composite transform comprises the following transforms (in order): 
  1. /home/mdugre/scratch/mri-registration-rp/datasets/ds004513/derivatives/mri-registration-rp/0100/antsRegistration-r7-p11/sub-s003/rigid_Composite.h5[0] (type = Euler3DTransform)
  2. /home/mdugre/scratch/mri-registration-rp/datasets/ds004513/derivatives/mri-registration-rp/0100/antsRegistration-r7-p11/sub-s003/rigid_Composite.h5[1] (type = Euler3DTransform)
  3. /home/mdugre/scratch/mri-registration-rp/datasets/ds004513/derivatives/mri-registration-rp/0100/antsRegistration-r7-p11/sub-s003/rigid_Composite.h5[2] (type = Euler3DTransform)
=============================================================================
  number of levels = 4
  fixed image: /templateflow/tpl-MNI152NLin2009cAsym/tpl-MNI152NLin2009cAsym_res-01_desc-brain_T1w.nii.gz
  moving image: /home/mdugre/scratch/mri-registration-rp/datasets/ds004513/derivatives/mri-registration-rp/antsBrainExtraction/sub-s003/BrainExtractionBrain.nii.gz
Dimension = 3
Number of stages = 1
Use histogram matching = false
Winsorize image intensities = true
  Lower quantile = 0.005
  Upper quantile = 0.995


Stage 1 State
   Image metric = MattesMI
     Fixed image = Image (0x4d157e0)
  RTTI typeinfo:   itk::Image<double, 3u>
  Reference Count: 2
  Modified Time: 1594
  Debug: Off
  Object Name: 
  Observers: 
    none
  Source: (none)
  Source output name: (none)
  Release Data: Off
  Data Released: False
  Global Release Data: Off
  PipelineMTime: 0
  UpdateMTime: 1203
  RealTimeStamp: 0 seconds 
  LargestPossibleRegion: 
    Dimension: 3
    Index: [0, 0, 0]
    Size: [193, 229, 193]
  BufferedRegion: 
    Dimension: 3
    Index: [0, 0, 0]
    Size: [193, 229, 193]
  RequestedRegion: 
    Dimension: 3
    Index: [0, 0, 0]
    Size: [193, 229, 193]
  Spacing: [1, 1, 1]
  Origin: [96, 132, -78]
  Direction: 
-1 0 0
0 -1 0
0 0 1

  IndexToPointMatrix: 
-1 0 0
0 -1 0
0 0 1

  PointToIndexMatrix: 
-1 0 0
0 -1 0
0 0 1

  Inverse Direction: 
-1 0 0
0 -1 0
0 0 1

  PixelContainer: 
    ImportImageContainer (0x4dd5a20)
      RTTI typeinfo:   itk::ImportImageContainer<unsigned long, double>
      Reference Count: 1
      Modified Time: 1200
      Debug: Off
      Object Name: 
      Observers: 
        none
      Pointer: 0x14888186b010
      Container manages memory: true
      Size: 8530021
      Capacity: 8530021

     Moving image = Image (0x4d8ae20)
  RTTI typeinfo:   itk::Image<double, 3u>
  Reference Count: 2
  Modified Time: 1595
  Debug: Off
  Object Name: 
  Observers: 
    none
  Source: (none)
  Source output name: (none)
  Release Data: Off
  Data Released: False
  Global Release Data: Off
  PipelineMTime: 0
  UpdateMTime: 1592
  RealTimeStamp: 0 seconds 
  LargestPossibleRegion: 
    Dimension: 3
    Index: [0, 0, 0]
    Size: [176, 240, 256]
  BufferedRegion: 
    Dimension: 3
    Index: [0, 0, 0]
    Size: [176, 240, 256]
  RequestedRegion: 
    Dimension: 3
    Index: [0, 0, 0]
    Size: [176, 240, 256]
  Spacing: [0.999999, 1, 1]
  Origin: [93.3499, 86.9368, -128.957]
  Direction: 
-0.999513 -0.0279216 -0.0139567
0.0279189 -0.99961 0.000389866
-0.0139622 2.01492e-08 0.999903

  IndexToPointMatrix: 
-0.999512 -0.0279216 -0.0139567
0.0279189 -0.99961 0.000389866
-0.0139621 2.01492e-08 0.999903

  PointToIndexMatrix: 
-0.999514 0.0279189 -0.0139622
-0.0279216 -0.99961 2.01716e-08
-0.0139567 0.000389866 0.999903

  Inverse Direction: 
-0.999513 0.0279189 -0.0139622
-0.0279216 -0.99961 2.01716e-08
-0.0139567 0.000389866 0.999903

  PixelContainer: 
    ImportImageContainer (0x4e24550)
      RTTI typeinfo:   itk::ImportImageContainer<unsigned long, double>
      Reference Count: 1
      Modified Time: 1589
      Debug: Off
      Object Name: 
      Observers: 
        none
      Pointer: 0x14887c5ea010
      Container manages memory: true
      Size: 10813440
      Capacity: 10813440

     Weighting = 1
     Sampling strategy = regular
     Number of bins = 32
     Radius = 4
     Sampling percentage  = 0.25
   Transform = Affine
     Gradient step = 0.1
     Update field sigma (voxel space) = 0
     Total field sigma (voxel space) = 0
     Update field time sigma = 0
     Total field time sigma  = 0
     Number of time indices = 0
     Number of time point samples = 0
Registration using 1 total stages.

Stage 0
  iterations = 1000x500x250x100
  convergence threshold = 1e-06
  convergence window size = 10
  number of levels = 4
  using the Mattes MI metric (number of bins = 32, weight = 1, use gradient filter = 0)
  preprocessing:  winsorizing the image intensities
  Shrink factors (level 1 out of 4): [8, 8, 8]
  Shrink factors (level 2 out of 4): [4, 4, 4]
  Shrink factors (level 3 out of 4): [2, 2, 2]
  Shrink factors (level 4 out of 4): [1, 1, 1]
  smoothing sigmas per level: [3, 2, 1, 0]
  regular sampling (percentage = 0.25)

*** Running AffineTransform registration ***

DIAGNOSTIC,Iteration,metricValue,convergenceValue,ITERATION_TIME_INDEX,SINCE_LAST
 2DIAGNOSTIC,     1, -6.618920368372e-01, 1.797693134862e+308, 8.9593e-01, 8.9593e-01, 
 2DIAGNOSTIC,     2, -6.644461213560e-01, 1.797693134862e+308, 9.0147e-01, 5.5389e-03, 
 2DIAGNOSTIC,     3, -6.687030540750e-01, 1.797693134862e+308, 9.0638e-01, 4.9121e-03, 
 2DIAGNOSTIC,     4, -6.748889940715e-01, 1.797693134862e+308, 9.1131e-01, 4.9329e-03, 
 2DIAGNOSTIC,     5, -6.825692898063e-01, 1.797693134862e+308, 9.1600e-01, 4.6849e-03, 
 2DIAGNOSTIC,     6, -6.920048977709e-01, 1.797693134862e+308, 9.2064e-01, 4.6461e-03, 
 2DIAGNOSTIC,     7, -7.054292892056e-01, 1.797693134862e+308, 9.2553e-01, 4.8840e-03, 
 2DIAGNOSTIC,     8, -7.156470720481e-01, 1.797693134862e+308, 9.3313e-01, 7.5970e-03, 
 2DIAGNOSTIC,     9, -7.175438790652e-01, 1.797693134862e+308, 9.3786e-01, 4.7350e-03, 
 2DIAGNOSTIC,    10, -7.201206122175e-01, 6.318423277891e-03, 9.4294e-01, 5.0809e-03, 
 2DIAGNOSTIC,    11, -7.247273041577e-01, 5.696390180805e-03, 9.4867e-01, 5.7280e-03, 
 2DIAGNOSTIC,    12, -7.247439005514e-01, 4.751231418947e-03, 9.5363e-01, 4.9601e-03, 
 2DIAGNOSTIC,    13, -7.244938181599e-01, 3.653160012399e-03, 9.5977e-01, 6.1371e-03, 
 2DIAGNOSTIC,    14, -7.238175710572e-01, 2.549988302594e-03, 9.6925e-01, 9.4860e-03, 
 2DIAGNOSTIC,    15, -7.239426932379e-01, 1.577426137550e-03, 9.7479e-01, 5.5418e-03, 
 2DIAGNOSTIC,    16, -7.239689072027e-01, 8.164949024605e-04, 9.8039e-01, 5.5940e-03, 
 2DIAGNOSTIC,    17, -7.238035376155e-01, 3.814287815285e-04, 9.8553e-01, 5.1429e-03, 
 2DIAGNOSTIC,    18, -7.238599793185e-01, 1.924164990130e-04, 9.9083e-01, 5.2938e-03, 
 2DIAGNOSTIC,    19, -7.239505289079e-01, 4.804329209952e-05, 9.9605e-01, 5.2271e-03, 
DIAGNOSTIC,Iteration,metricValue,convergenceValue,ITERATION_TIME_INDEX,SINCE_LAST
 2DIAGNOSTIC,     1, -5.976027297247e-01, 1.797693134862e+308, 1.7813e+00, 7.8523e-01, 
 2DIAGNOSTIC,     2, -5.977648751552e-01, 1.797693134862e+308, 1.8211e+00, 3.9821e-02, 
 2DIAGNOSTIC,     3, -5.979866921652e-01, 1.797693134862e+308, 1.8572e+00, 3.6081e-02, 
 2DIAGNOSTIC,     4, -5.981518472617e-01, 1.797693134862e+308, 1.8934e+00, 3.6186e-02, 
 2DIAGNOSTIC,     5, -5.983193076409e-01, 1.797693134862e+308, 1.9303e+00, 3.6891e-02, 
 2DIAGNOSTIC,     6, -5.989113785532e-01, 1.797693134862e+308, 1.9663e+00, 3.6064e-02, 
 2DIAGNOSTIC,     7, -5.995930627284e-01, 1.797693134862e+308, 2.0028e+00, 3.6424e-02, 
 2DIAGNOSTIC,     8, -6.004325309474e-01, 1.797693134862e+308, 2.0554e+00, 5.2650e-02, 
 2DIAGNOSTIC,     9, -6.006740356847e-01, 1.797693134862e+308, 2.0917e+00, 3.6310e-02, 
 2DIAGNOSTIC,    10, -6.006934090464e-01, 3.884504828466e-04, 2.1278e+00, 3.6065e-02, 
 2DIAGNOSTIC,    11, -6.008775113604e-01, 3.628343420004e-04, 2.1645e+00, 3.6693e-02, 
 2DIAGNOSTIC,    12, -6.010014339083e-01, 3.197568528040e-04, 2.2028e+00, 3.8317e-02, 
 2DIAGNOSTIC,    13, -6.011122890137e-01, 2.664004258767e-04, 2.2573e+00, 5.4526e-02, 
 2DIAGNOSTIC,    14, -6.013185384400e-01, 2.095391005717e-04, 2.2965e+00, 3.9225e-02, 
 2DIAGNOSTIC,    15, -6.013765429171e-01, 1.484981805242e-04, 2.3373e+00, 4.0715e-02, 
 2DIAGNOSTIC,    16, -6.015034911377e-01, 1.027857624884e-04, 2.3742e+00, 3.6929e-02, 
 2DIAGNOSTIC,    17, -6.017715855826e-01, 7.899469870169e-05, 2.4163e+00, 4.2142e-02, 
 2DIAGNOSTIC,    18, -6.021328357664e-01, 8.200814066974e-05, 2.4618e+00, 4.5454e-02, 
 2DIAGNOSTIC,    19, -6.020719228686e-01, 8.163484749934e-05, 2.4982e+00, 3.6440e-02, 
 2DIAGNOSTIC,    20, -6.020998854713e-01, 7.513875435071e-05, 2.5360e+00, 3.7824e-02, 
 2DIAGNOSTIC,    21, -6.021222460274e-01, 6.711521508619e-05, 2.5852e+00, 4.9198e-02, 
 2DIAGNOSTIC,    22, -6.021202377337e-01, 5.616310257572e-05, 2.6193e+00, 3.4077e-02, 
 2DIAGNOSTIC,    23, -6.021201335147e-01, 4.313639561075e-05, 2.6597e+00, 4.0425e-02, 
 2DIAGNOSTIC,    24, -6.021485776357e-01, 3.199419834198e-05, 2.7016e+00, 4.1847e-02, 
 2DIAGNOSTIC,    25, -6.021835905664e-01, 2.070840546665e-05, 2.7484e+00, 4.6791e-02, 
 2DIAGNOSTIC,    26, -6.021947000253e-01, 1.087822883413e-05, 2.7850e+00, 3.6647e-02, 
 2DIAGNOSTIC,    27, -6.022809089358e-01, 6.899465446006e-06, 2.8456e+00, 6.0609e-02, 
 2DIAGNOSTIC,    28, -6.022916962426e-01, 8.961543527704e-06, 2.8884e+00, 4.2792e-02, 
 2DIAGNOSTIC,    29, -6.022902419739e-01, 9.120776252418e-06, 2.9263e+00, 3.7879e-02, 
 2DIAGNOSTIC,    30, -6.022835043805e-01, 8.848287070297e-06, 2.9635e+00, 3.7236e-02, 
 2DIAGNOSTIC,    31, -6.022756143411e-01, 8.080728436312e-06, 3.0028e+00, 3.9250e-02, 
 2DIAGNOSTIC,    32, -6.022889726783e-01, 6.853373263470e-06, 3.0494e+00, 4.6587e-02, 
 2DIAGNOSTIC,    33, -6.022713453799e-01, 4.872342678194e-06, 3.0874e+00, 3.8069e-02, 
 2DIAGNOSTIC,    34, -6.022727295557e-01, 3.067091676450e-06, 3.1206e+00, 3.3111e-02, 
 2DIAGNOSTIC,    35, -6.022660409867e-01, 1.559149028964e-06, 3.1624e+00, 4.1872e-02, 
DIAGNOSTIC,Iteration,metricValue,convergenceValue,ITERATION_TIME_INDEX,SINCE_LAST
 2DIAGNOSTIC,     1, -5.258577872629e-01, 1.797693134862e+308, 4.2669e+00, 1.1044e+00, 
 2DIAGNOSTIC,     2, -5.262147666393e-01, 1.797693134862e+308, 4.5464e+00, 2.7947e-01, 
 2DIAGNOSTIC,     3, -5.265758828180e-01, 1.797693134862e+308, 4.8270e+00, 2.8063e-01, 
 2DIAGNOSTIC,     4, -5.268621677022e-01, 1.797693134862e+308, 5.1146e+00, 2.8759e-01, 
 2DIAGNOSTIC,     5, -5.272037838025e-01, 1.797693134862e+308, 5.4001e+00, 2.8556e-01, 
 2DIAGNOSTIC,     6, -5.276958286848e-01, 1.797693134862e+308, 5.6934e+00, 2.9325e-01, 
 2DIAGNOSTIC,     7, -5.283868492256e-01, 1.797693134862e+308, 5.9695e+00, 2.7608e-01, 
 2DIAGNOSTIC,     8, -5.326828036974e-01, 1.797693134862e+308, 6.3315e+00, 3.6202e-01, 
 2DIAGNOSTIC,     9, -5.331842128991e-01, 1.797693134862e+308, 6.7612e+00, 4.2976e-01, 
 2DIAGNOSTIC,    10, -5.331617787092e-01, 9.961097756393e-04, 7.0661e+00, 3.0486e-01, 
 2DIAGNOSTIC,    11, -5.331648913771e-01, 9.703277396446e-04, 7.3694e+00, 3.0327e-01, 
 2DIAGNOSTIC,    12, -5.331649330400e-01, 8.771151315891e-04, 7.6754e+00, 3.0606e-01, 
 2DIAGNOSTIC,    13, -5.331552162506e-01, 7.308972706180e-04, 8.1754e+00, 4.9995e-01, 
 2DIAGNOSTIC,    14, -5.331571736625e-01, 5.499547605784e-04, 8.5763e+00, 4.0088e-01, 
 2DIAGNOSTIC,    15, -5.331571717627e-01, 3.577351482208e-04, 8.9349e+00, 3.5864e-01, 
 2DIAGNOSTIC,    16, -5.331565749276e-01, 1.748680136150e-04, 9.2970e+00, 3.6208e-01, 
 2DIAGNOSTIC,    17, -5.331557987103e-01, 1.575718271302e-05, 9.6247e+00, 3.2769e-01, 
DIAGNOSTIC,Iteration,metricValue,convergenceValue,ITERATION_TIME_INDEX,SINCE_LAST
 2DIAGNOSTIC,     1, -4.884403234884e-01, 1.797693134862e+308, 1.2651e+01, 3.0265e+00, 
 2DIAGNOSTIC,     2, -4.886169069139e-01, 1.797693134862e+308, 1.4516e+01, 1.8650e+00, 
 2DIAGNOSTIC,     3, -4.888193401454e-01, 1.797693134862e+308, 1.6328e+01, 1.8116e+00, 
 2DIAGNOSTIC,     4, -4.891061863660e-01, 1.797693134862e+308, 1.8256e+01, 1.9281e+00, 
 2DIAGNOSTIC,     5, -4.892450661711e-01, 1.797693134862e+308, 2.0490e+01, 2.2338e+00, 
 2DIAGNOSTIC,     6, -4.892372487224e-01, 1.797693134862e+308, 2.2361e+01, 1.8715e+00, 
 2DIAGNOSTIC,     7, -4.893148993090e-01, 1.797693134862e+308, 2.4213e+01, 1.8521e+00, 
 2DIAGNOSTIC,     8, -4.894631343381e-01, 1.797693134862e+308, 2.6053e+01, 1.8393e+00, 
 2DIAGNOSTIC,     9, -4.896962993547e-01, 1.797693134862e+308, 2.8734e+01, 2.6810e+00, 
 2DIAGNOSTIC,    10, -4.897848760964e-01, 1.679342821249e-04, 3.0788e+01, 2.0547e+00, 
 2DIAGNOSTIC,    11, -4.898331825786e-01, 1.396085394229e-04, 3.2632e+01, 1.8435e+00, 
 2DIAGNOSTIC,    12, -4.899924174255e-01, 1.200798210691e-04, 3.4458e+01, 1.8262e+00, 
 2DIAGNOSTIC,    13, -4.901613275915e-01, 1.089698225409e-04, 3.6492e+01, 2.0337e+00, 
 2DIAGNOSTIC,    14, -4.903210749211e-01, 1.078922383237e-04, 3.8565e+01, 2.0734e+00, 
 2DIAGNOSTIC,    15, -4.905166973027e-01, 1.103043954761e-04, 4.0874e+01, 2.3088e+00, 
 2DIAGNOSTIC,    16, -4.906874894685e-01, 1.084314133396e-04, 4.2939e+01, 2.0652e+00, 
 2DIAGNOSTIC,    17, -4.907027965800e-01, 1.000384350542e-04, 4.4863e+01, 1.9236e+00, 
 2DIAGNOSTIC,    18, -4.907376831446e-01, 8.928521236464e-05, 4.8065e+01, 3.2029e+00, 
 2DIAGNOSTIC,    19, -4.907376879143e-01, 7.863446022411e-05, 4.9924e+01, 1.8583e+00, 
 2DIAGNOSTIC,    20, -4.907345543623e-01, 6.436233113445e-05, 5.2085e+01, 2.1611e+00, 
 2DIAGNOSTIC,    21, -4.907345695307e-01, 4.685887849893e-05, 5.4297e+01, 2.2123e+00, 
 2DIAGNOSTIC,    22, -4.907345476967e-01, 3.089373887167e-05, 5.6585e+01, 2.2875e+00, 
 2DIAGNOSTIC,    23, -4.907343772843e-01, 1.781698359298e-05, 5.9234e+01, 2.6492e+00, 
 2DIAGNOSTIC,    24, -4.907344245186e-01, 8.071064387168e-06, 6.1280e+01, 2.0463e+00, 
 2DIAGNOSTIC,    25, -4.907344530128e-01, 2.917107698522e-06, 6.2909e+01, 1.6289e+00, 
 2DIAGNOSTIC,    26, -4.907342468654e-01, 1.810825734118e-06, 6.4783e+01, 1.8740e+00, 
 2DIAGNOSTIC,    27, -4.907341502978e-01, 1.035757842174e-06, 6.6730e+01, 1.9467e+00, 
 2DIAGNOSTIC,    28, -4.907339433198e-01, 1.047288279467e-06, 6.8601e+01, 1.8711e+00, 
 2DIAGNOSTIC,    29, -4.907339282250e-01, 1.068161497787e-06, 7.0590e+01, 1.9891e+00, 
 2DIAGNOSTIC,    30, -4.907339689483e-01, 1.030575350690e-06, 7.2520e+01, 1.9305e+00, 
  Elapsed time (stage 0): 7.3605e+01


Total elapsed time: 7.3608e+01
Info [verificarlo]: loaded backend libinterflop_ieee.so
Info [interflop-ieee]: load backend with:
Info [interflop-ieee]: debug = false
Info [interflop-ieee]: debug-binary = false
Info [interflop-ieee]: no-backend-name = false
Info [interflop-ieee]: print-new-line = false
Info [interflop-ieee]: print-subnormal-normalized = false
Info [interflop-ieee]: count-op = false
All_Command_lines_OK
Using double precision for computations.
=============================================================================
The composite transform comprises the following transforms (in order): 
  1. /home/mdugre/scratch/mri-registration-rp/datasets/ds004513/derivatives/mri-registration-rp/0100/antsRegistration-r7-p11/sub-s003/affine_Composite.h5[0] (type = Euler3DTransform)
  2. /home/mdugre/scratch/mri-registration-rp/datasets/ds004513/derivatives/mri-registration-rp/0100/antsRegistration-r7-p11/sub-s003/affine_Composite.h5[1] (type = Euler3DTransform)
  3. /home/mdugre/scratch/mri-registration-rp/datasets/ds004513/derivatives/mri-registration-rp/0100/antsRegistration-r7-p11/sub-s003/affine_Composite.h5[2] (type = Euler3DTransform)
  4. /home/mdugre/scratch/mri-registration-rp/datasets/ds004513/derivatives/mri-registration-rp/0100/antsRegistration-r7-p11/sub-s003/affine_Composite.h5[3] (type = AffineTransform)
=============================================================================
  number of levels = 4
  fixed image: /templateflow/tpl-MNI152NLin2009cAsym/tpl-MNI152NLin2009cAsym_res-01_desc-brain_T1w.nii.gz
  moving image: /home/mdugre/scratch/mri-registration-rp/datasets/ds004513/derivatives/mri-registration-rp/antsBrainExtraction/sub-s003/BrainExtractionBrain.nii.gz
Dimension = 3
Number of stages = 1
Use histogram matching = false
Winsorize image intensities = true
  Lower quantile = 0.005
  Upper quantile = 0.995


Stage 1 State
   Image metric = CC
     Fixed image = Image (0x4e8ea40)
  RTTI typeinfo:   itk::Image<double, 3u>
  Reference Count: 2
  Modified Time: 1608
  Debug: Off
  Object Name: 
  Observers: 
    none
  Source: (none)
  Source output name: (none)
  Release Data: Off
  Data Released: False
  Global Release Data: Off
  PipelineMTime: 0
  UpdateMTime: 1217
  RealTimeStamp: 0 seconds 
  LargestPossibleRegion: 
    Dimension: 3
    Index: [0, 0, 0]
    Size: [193, 229, 193]
  BufferedRegion: 
    Dimension: 3
    Index: [0, 0, 0]
    Size: [193, 229, 193]
  RequestedRegion: 
    Dimension: 3
    Index: [0, 0, 0]
    Size: [193, 229, 193]
  Spacing: [1, 1, 1]
  Origin: [96, 132, -78]
  Direction: 
-1 0 0
0 -1 0
0 0 1

  IndexToPointMatrix: 
-1 0 0
0 -1 0
0 0 1

  PointToIndexMatrix: 
-1 0 0
0 -1 0
0 0 1

  Inverse Direction: 
-1 0 0
0 -1 0
0 0 1

  PixelContainer: 
    ImportImageContainer (0x4f5d780)
      RTTI typeinfo:   itk::ImportImageContainer<unsigned long, double>
      Reference Count: 1
      Modified Time: 1214
      Debug: Off
      Object Name: 
      Observers: 
        none
      Pointer: 0x14fa09748010
      Container manages memory: true
      Size: 8530021
      Capacity: 8530021

     Moving image = Image (0x4f5f390)
  RTTI typeinfo:   itk::Image<double, 3u>
  Reference Count: 2
  Modified Time: 1609
  Debug: Off
  Object Name: 
  Observers: 
    none
  Source: (none)
  Source output name: (none)
  Release Data: Off
  Data Released: False
  Global Release Data: Off
  PipelineMTime: 0
  UpdateMTime: 1606
  RealTimeStamp: 0 seconds 
  LargestPossibleRegion: 
    Dimension: 3
    Index: [0, 0, 0]
    Size: [176, 240, 256]
  BufferedRegion: 
    Dimension: 3
    Index: [0, 0, 0]
    Size: [176, 240, 256]
  RequestedRegion: 
    Dimension: 3
    Index: [0, 0, 0]
    Size: [176, 240, 256]
  Spacing: [0.999999, 1, 1]
  Origin: [93.3499, 86.9368, -128.957]
  Direction: 
-0.999513 -0.0279216 -0.0139567
0.0279189 -0.99961 0.000389866
-0.0139622 2.01492e-08 0.999903

  IndexToPointMatrix: 
-0.999512 -0.0279216 -0.0139567
0.0279189 -0.99961 0.000389866
-0.0139621 2.01492e-08 0.999903

  PointToIndexMatrix: 
-0.999514 0.0279189 -0.0139622
-0.0279216 -0.99961 2.01716e-08
-0.0139567 0.000389866 0.999903

  Inverse Direction: 
-0.999513 0.0279189 -0.0139622
-0.0279216 -0.99961 2.01716e-08
-0.0139567 0.000389866 0.999903

  PixelContainer: 
    ImportImageContainer (0x4f146f0)
      RTTI typeinfo:   itk::ImportImageContainer<unsigned long, double>
      Reference Count: 1
      Modified Time: 1603
      Debug: Off
      Object Name: 
      Observers: 
        none
      Pointer: 0x14fa044c7010
      Container manages memory: true
      Size: 10813440
      Capacity: 10813440

     Weighting = 1
     Sampling strategy = none
     Number of bins = 32
     Radius = 4
     Sampling percentage  = 1
   Transform = SyN
     Gradient step = 0.1
     Update field sigma (voxel space) = 3
     Total field sigma (voxel space) = 0
     Update field time sigma = 0
     Total field time sigma  = 0
     Number of time indices = 0
     Number of time point samples = 0
Registration using 1 total stages.

Stage 0
  iterations = 100x70x50x20
  convergence threshold = 1e-06
  convergence window size = 10
  number of levels = 4
  using the CC metric (radius = 4, weight = 1, use gradient filter = 0)
  preprocessing:  winsorizing the image intensities
  Shrink factors (level 1 out of 4): [8, 8, 8]
  Shrink factors (level 2 out of 4): [4, 4, 4]
  Shrink factors (level 3 out of 4): [2, 2, 2]
  Shrink factors (level 4 out of 4): [1, 1, 1]
  smoothing sigmas per level: [3, 2, 1, 0]
  Using default NONE metricSamplingStrategy 

*** Running SyN registration (varianceForUpdateField = 3, varianceForTotalField = 0) ***

XXDIAGNOSTIC,Iteration,metricValue,convergenceValue,ITERATION_TIME_INDEX,SINCE_LAST
 1DIAGNOSTIC,     1, -8.484888603843e-01, 1.797693134862e+308, 1.1144e+00, 1.1144e+00, 
 1DIAGNOSTIC,     2, -8.637824925084e-01, 1.797693134862e+308, 1.5155e+00, 4.0110e-01, 
 1DIAGNOSTIC,     3, -8.778420990620e-01, 1.797693134862e+308, 1.8596e+00, 3.4410e-01, 
 1DIAGNOSTIC,     4, -8.899790852886e-01, 1.797693134862e+308, 2.2193e+00, 3.5976e-01, 
