
##########################
# Experiment information #
##########################

EXPERIMENT_NAME: antsRegistration-r8-p14
VFC_BACKENDS: libinterflop_vprec.so --range-binary32=8 --precision-binary32=14 --range-binary64=8 --precision-binary64=14

SIF_IMG: /home/mdugre/projects/rrg-glatard/mdugre/containers/ants-vprec-no_metrics.simg

SUBJECT_ID: s017
INPUT_IMG: /home/mdugre/scratch/mri-registration-rp/datasets/ds004513/derivatives/mri-registration-rp/antsBrainExtraction/sub-s017/BrainExtractionBrain.nii.gz
OUTPUT_DIR: /home/mdugre/scratch/mri-registration-rp/datasets/ds004513/derivatives/mri-registration-rp/0100/antsRegistration-r8-p14/sub-s017

FIXED_IMG: /templateflow/tpl-MNI152NLin2009cAsym/tpl-MNI152NLin2009cAsym_res-01_desc-brain_T1w.nii.gz
DATA_DIR: /home/mdugre/scratch/mri-registration-rp/datasets/ds004513
TEMPLATEFLOW_DIR: /home/mdugre/projects/rrg-glatard/mdugre/templateflow
ITK_GLOBAL_DEFAULT_NUMBER_OF_THREADS: 16
##########################

Info [verificarlo]: loaded backend libinterflop_ieee.so
Info [interflop-ieee]: load backend with:
Info [interflop-ieee]: debug = false
Info [interflop-ieee]: debug-binary = false
Info [interflop-ieee]: no-backend-name = false
Info [interflop-ieee]: print-new-line = false
Info [interflop-ieee]: print-subnormal-normalized = false
Info [interflop-ieee]: count-op = false
All_Command_lines_OK
Using double precision for computations.
=============================================================================
The composite transform comprises the following transforms (in order): 
  1. Center of mass alignment using fixed image: /templateflow/tpl-MNI152NLin2009cAsym/tpl-MNI152NLin2009cAsym_res-01_desc-brain_T1w.nii.gz and moving image: /home/mdugre/scratch/mri-registration-rp/datasets/ds004513/derivatives/mri-registration-rp/antsBrainExtraction/sub-s017/BrainExtractionBrain.nii.gz (type = Euler3DTransform)
=============================================================================
  number of levels = 1
  fixed image: /templateflow/tpl-MNI152NLin2009cAsym/tpl-MNI152NLin2009cAsym_res-01_desc-brain_T1w.nii.gz
  moving image: /home/mdugre/scratch/mri-registration-rp/datasets/ds004513/derivatives/mri-registration-rp/antsBrainExtraction/sub-s017/BrainExtractionBrain.nii.gz
Dimension = 3
Number of stages = 1
Use histogram matching = false
Winsorize image intensities = true
  Lower quantile = 0.005
  Upper quantile = 0.995


Stage 1 State
   Image metric = MattesMI
     Fixed image = Image (0x42b7e70)
  RTTI typeinfo:   itk::Image<double, 3u>
  Reference Count: 2
  Modified Time: 2334
  Debug: Off
  Object Name: 
  Observers: 
    none
  Source: (none)
  Source output name: (none)
  Release Data: Off
  Data Released: False
  Global Release Data: Off
  PipelineMTime: 0
  UpdateMTime: 1943
  RealTimeStamp: 0 seconds 
  LargestPossibleRegion: 
    Dimension: 3
    Index: [0, 0, 0]
    Size: [193, 229, 193]
  BufferedRegion: 
    Dimension: 3
    Index: [0, 0, 0]
    Size: [193, 229, 193]
  RequestedRegion: 
    Dimension: 3
    Index: [0, 0, 0]
    Size: [193, 229, 193]
  Spacing: [1, 1, 1]
  Origin: [96, 132, -78]
  Direction: 
-1 0 0
0 -1 0
0 0 1

  IndexToPointMatrix: 
-1 0 0
0 -1 0
0 0 1

  PointToIndexMatrix: 
-1 0 0
0 -1 0
0 0 1

  Inverse Direction: 
-1 0 0
0 -1 0
0 0 1

  PixelContainer: 
    ImportImageContainer (0x42c0c60)
      RTTI typeinfo:   itk::ImportImageContainer<unsigned long, double>
      Reference Count: 1
      Modified Time: 1940
      Debug: Off
      Object Name: 
      Observers: 
        none
      Pointer: 0x14f71ae2a010
      Container manages memory: true
      Size: 8530021
      Capacity: 8530021

     Moving image = Image (0x42c3610)
  RTTI typeinfo:   itk::Image<double, 3u>
  Reference Count: 2
  Modified Time: 2335
  Debug: Off
  Object Name: 
  Observers: 
    none
  Source: (none)
  Source output name: (none)
  Release Data: Off
  Data Released: False
  Global Release Data: Off
  PipelineMTime: 0
  UpdateMTime: 2332
  RealTimeStamp: 0 seconds 
  LargestPossibleRegion: 
    Dimension: 3
    Index: [0, 0, 0]
    Size: [160, 240, 256]
  BufferedRegion: 
    Dimension: 3
    Index: [0, 0, 0]
    Size: [160, 240, 256]
  RequestedRegion: 
    Dimension: 3
    Index: [0, 0, 0]
    Size: [160, 240, 256]
  Spacing: [1, 1, 1]
  Origin: [91.3357, 102.231, -120.042]
  Direction: 
-0.997442 -5.36781e-05 -0.0714818
5.35416e-05 -1 3.82465e-06
-0.0714818 -1.23894e-08 0.997442

  IndexToPointMatrix: 
-0.997444 -5.36781e-05 -0.0714818
5.35418e-05 -1 3.82465e-06
-0.0714819 -1.23894e-08 0.997442

  PointToIndexMatrix: 
-0.99744 5.35415e-05 -0.0714816
-5.36781e-05 -1 -1.23894e-08
-0.0714818 3.82465e-06 0.997442

  Inverse Direction: 
-0.997442 5.35416e-05 -0.0714818
-5.36781e-05 -1 -1.23894e-08
-0.0714818 3.82465e-06 0.997442

  PixelContainer: 
    ImportImageContainer (0x435cef0)
      RTTI typeinfo:   itk::ImportImageContainer<unsigned long, double>
      Reference Count: 1
      Modified Time: 2329
      Debug: Off
      Object Name: 
      Observers: 
        none
      Pointer: 0x14f716329010
      Container manages memory: true
      Size: 9830400
      Capacity: 9830400

     Weighting = 1
     Sampling strategy = regular
     Number of bins = 32
     Radius = 4
     Sampling percentage  = 0.25
   Transform = Rigid
     Gradient step = 0.1
     Update field sigma (voxel space) = 0
     Total field sigma (voxel space) = 0
     Update field time sigma = 0
     Total field time sigma  = 0
     Number of time indices = 0
     Number of time point samples = 0
Registration using 1 total stages.

Stage 0
  iterations = 0
  convergence threshold = 1e-06
  convergence window size = 10
  number of levels = 1
  using the Mattes MI metric (number of bins = 32, weight = 1, use gradient filter = 0)
  preprocessing:  winsorizing the image intensities
  Shrink factors (level 1 out of 1): [1, 1, 1]
  smoothing sigmas per level: [0]
  regular sampling (percentage = 0.25)

*** Running Euler3DTransform registration ***

  Elapsed time (stage 0): 1.1419


Total elapsed time: 1.14448
Info [verificarlo]: loaded backend libinterflop_vprec.so
Info [interflop-vprec]: load backend with: 
Info [interflop-vprec]: precision-binary32 = 14
Info [interflop-vprec]: range-binary32 = 8
Info [interflop-vprec]: precision-binary64 = 14
Info [interflop-vprec]: range-binary64 = 8
Info [interflop-vprec]: mode = ob
Info [interflop-vprec]: error-mode = rel
Info [interflop-vprec]: max-abs-error-exponent = -1022
Info [interflop-vprec]: daz = false
Info [interflop-vprec]: ftz = false
Info [interflop-vprec]: 	instrument = none
Info [interflop-vprec]: 	prec-input-file = (null)
Info [interflop-vprec]: 	prec-output-file = (null)
Info [interflop-vprec]: 	prec-log-file = (null)
All_Command_lines_OK
Using double precision for computations.
=============================================================================
The composite transform comprises the following transforms (in order): 
  1. /home/mdugre/scratch/mri-registration-rp/datasets/ds004513/derivatives/mri-registration-rp/0100/antsRegistration-r8-p14/sub-s017/align_Composite.h5[0] (type = Euler3DTransform)
  2. /home/mdugre/scratch/mri-registration-rp/datasets/ds004513/derivatives/mri-registration-rp/0100/antsRegistration-r8-p14/sub-s017/align_Composite.h5[1] (type = Euler3DTransform)
=============================================================================
  number of levels = 4
  fixed image: /templateflow/tpl-MNI152NLin2009cAsym/tpl-MNI152NLin2009cAsym_res-01_desc-brain_T1w.nii.gz
  moving image: /home/mdugre/scratch/mri-registration-rp/datasets/ds004513/derivatives/mri-registration-rp/antsBrainExtraction/sub-s017/BrainExtractionBrain.nii.gz
Dimension = 3
Number of stages = 1
Use histogram matching = false
Winsorize image intensities = true
  Lower quantile = 0.005
  Upper quantile = 0.995


Stage 1 State
   Image metric = MattesMI
     Fixed image = Image (0x3aeb1e0)
  RTTI typeinfo:   itk::Image<double, 3u>
  Reference Count: 2
  Modified Time: 1578
  Debug: Off
  Object Name: 
  Observers: 
    none
  Source: (none)
  Source output name: (none)
  Release Data: Off
  Data Released: False
  Global Release Data: Off
  PipelineMTime: 0
  UpdateMTime: 1189
  RealTimeStamp: 0 seconds 
  LargestPossibleRegion: 
    Dimension: 3
    Index: [0, 0, 0]
    Size: [193, 229, 193]
  BufferedRegion: 
    Dimension: 3
    Index: [0, 0, 0]
    Size: [193, 229, 193]
  RequestedRegion: 
    Dimension: 3
    Index: [0, 0, 0]
    Size: [193, 229, 193]
  Spacing: [1, 1, 1]
  Origin: [96, 132, -78]
  Direction: 
-1 0 0
0 -1 0
0 0 1

  IndexToPointMatrix: 
-1 0 0
0 -1 0
0 0 1

  PointToIndexMatrix: 
-1 0 0
0 -1 0
0 0 1

  Inverse Direction: 
-1 0 0
0 -1 0
0 0 1

  PixelContainer: 
    ImportImageContainer (0x3baa680)
      RTTI typeinfo:   itk::ImportImageContainer<unsigned long, double>
      Reference Count: 1
      Modified Time: 1186
      Debug: Off
      Object Name: 
      Observers: 
        none
      Pointer: 0x1495bfc62010
      Container manages memory: true
      Size: 8530021
      Capacity: 8530021

     Moving image = Image (0x3ba6b20)
  RTTI typeinfo:   itk::Image<double, 3u>
  Reference Count: 2
  Modified Time: 1579
  Debug: Off
  Object Name: 
  Observers: 
    none
  Source: (none)
  Source output name: (none)
  Release Data: Off
  Data Released: False
  Global Release Data: Off
  PipelineMTime: 0
  UpdateMTime: 1576
  RealTimeStamp: 0 seconds 
  LargestPossibleRegion: 
    Dimension: 3
    Index: [0, 0, 0]
    Size: [160, 240, 256]
  BufferedRegion: 
    Dimension: 3
    Index: [0, 0, 0]
    Size: [160, 240, 256]
  RequestedRegion: 
    Dimension: 3
    Index: [0, 0, 0]
    Size: [160, 240, 256]
  Spacing: [1, 1, 1]
  Origin: [91.3359, 102.23, -120.043]
  Direction: 
-0.997437 -5.36777e-05 -0.0714836
5.35417e-05 -1 3.82471e-06
-0.0714836 -1.23896e-08 0.997437

  IndexToPointMatrix: 
-0.997437 -5.36777e-05 -0.0714836
5.35417e-05 -1 3.82471e-06
-0.0714836 -1.23896e-08 0.997437

  PointToIndexMatrix: 
-0.997437 5.35417e-05 -0.0714836
-5.36777e-05 -1 -1.234e-08
-0.0714836 3.82471e-06 0.997437

  Inverse Direction: 
-0.997437 5.35417e-05 -0.0714836
-5.36777e-05 -1 -1.234e-08
-0.0714836 3.82471e-06 0.997437

  PixelContainer: 
    ImportImageContainer (0x3c0fd50)
      RTTI typeinfo:   itk::ImportImageContainer<unsigned long, double>
      Reference Count: 1
      Modified Time: 1573
      Debug: Off
      Object Name: 
      Observers: 
        none
      Pointer: 0x1495bb161010
      Container manages memory: true
      Size: 9830400
      Capacity: 9830400

     Weighting = 1
     Sampling strategy = regular
     Number of bins = 32
     Radius = 4
     Sampling percentage  = 0.25
   Transform = Rigid
     Gradient step = 0.1
     Update field sigma (voxel space) = 0
     Total field sigma (voxel space) = 0
     Update field time sigma = 0
     Total field time sigma  = 0
     Number of time indices = 0
     Number of time point samples = 0
Registration using 1 total stages.

Stage 0
  iterations = 1000x500x250x100
  convergence threshold = 1e-06
  convergence window size = 10
  number of levels = 4
  using the Mattes MI metric (number of bins = 32, weight = 1, use gradient filter = 0)
  preprocessing:  winsorizing the image intensities
  Shrink factors (level 1 out of 4): [8, 8, 8]
  Shrink factors (level 2 out of 4): [4, 4, 4]
  Shrink factors (level 3 out of 4): [2, 2, 2]
  Shrink factors (level 4 out of 4): [1, 1, 1]
  smoothing sigmas per level: [3, 2, 1, 0]
  regular sampling (percentage = 0.25)

*** Running Euler3DTransform registration ***

DIAGNOSTIC,Iteration,metricValue,convergenceValue,ITERATION_TIME_INDEX,SINCE_LAST
 2DIAGNOSTIC,     1, -5.571896094238e-01, 1.797693134862e+308, 0.0000e+00, 0.0000e+00, 
 2DIAGNOSTIC,     2, -5.589227555367e-01, 1.797693134862e+308, 0.0000e+00, 0.0000e+00, 
 2DIAGNOSTIC,     3, -5.617184035089e-01, 1.797693134862e+308, 0.0000e+00, 0.0000e+00, 
 2DIAGNOSTIC,     4, -5.643007488554e-01, 1.797693134862e+308, 0.0000e+00, 0.0000e+00, 
 2DIAGNOSTIC,     5, -5.665684948252e-01, 1.797693134862e+308, 0.0000e+00, 0.0000e+00, 
 2DIAGNOSTIC,     6, -5.705173726344e-01, 1.797693134862e+308, 0.0000e+00, 0.0000e+00, 
 2DIAGNOSTIC,     7, -5.747651481734e-01, 1.797693134862e+308, 0.0000e+00, 0.0000e+00, 
 2DIAGNOSTIC,     8, -5.767120932608e-01, 1.797693134862e+308, 0.0000e+00, 0.0000e+00, 
 2DIAGNOSTIC,     9, -5.782224937233e-01, 1.797693134862e+308, 0.0000e+00, 0.0000e+00, 
 2DIAGNOSTIC,    10, -5.792729811187e-01, 2.751436053786e-03, 0.0000e+00, 0.0000e+00, 
 2DIAGNOSTIC,    11, -5.801301978502e-01, 2.349286800336e-03, 0.0000e+00, 0.0000e+00, 
 2DIAGNOSTIC,    12, -5.834933195318e-01, 2.011821479311e-03, 0.0000e+00, 0.0000e+00, 
 2DIAGNOSTIC,    13, -5.860526579224e-01, 1.746253552278e-03, 0.0000e+00, 0.0000e+00, 
 2DIAGNOSTIC,    14, -5.879747033555e-01, 1.520404588886e-03, 0.0000e+00, 0.0000e+00, 
 2DIAGNOSTIC,    15, -5.888345842236e-01, 1.289214095317e-03, 0.0000e+00, 0.0000e+00, 
 2DIAGNOSTIC,    16, -5.893795131937e-01, 1.106464457169e-03, 0.0000e+00, 0.0000e+00, 
 2DIAGNOSTIC,    17, -5.897083136118e-01, 9.750943346486e-04, 0.0000e+00, 0.0000e+00, 
 2DIAGNOSTIC,    18, -5.899955359202e-01, 8.280992114037e-04, 0.0000e+00, 0.0000e+00, 
 2DIAGNOSTIC,    19, -5.901533811388e-01, 6.634698581843e-04, 0.0000e+00, 0.0000e+00, 
 2DIAGNOSTIC,    20, -5.908234243173e-01, 4.973991451406e-04, 0.0000e+00, 0.0000e+00, 
 2DIAGNOSTIC,    21, -5.911527427985e-01, 3.276408260578e-04, 0.0000e+00, 0.0000e+00, 
 2DIAGNOSTIC,    22, -5.915916819323e-01, 2.269883531596e-04, 0.0000e+00, 0.0000e+00, 
 2DIAGNOSTIC,    23, -5.916556439534e-01, 1.692082646102e-04, 0.0000e+00, 0.0000e+00, 
 2DIAGNOSTIC,    24, -5.916697724882e-01, 1.399024047192e-04, 0.0000e+00, 0.0000e+00, 
 2DIAGNOSTIC,    25, -5.916728102958e-01, 1.166149537934e-04, 0.0000e+00, 0.0000e+00, 
 2DIAGNOSTIC,    26, -5.916445802568e-01, 9.379277819432e-05, 0.0000e+00, 0.0000e+00, 
 2DIAGNOSTIC,    27, -5.916337060674e-01, 6.966374360521e-05, 0.0000e+00, 0.0000e+00, 
 2DIAGNOSTIC,    28, -5.917007863691e-01, 4.710892064425e-05, 0.0000e+00, 0.0000e+00, 
 2DIAGNOSTIC,    29, -5.917007343952e-01, 2.425632345097e-05, 0.0000e+00, 0.0000e+00, 
 2DIAGNOSTIC,    30, -5.917001708564e-01, 1.159924730902e-05, 0.0000e+00, 0.0000e+00, 
 2DIAGNOSTIC,    31, -5.916998043318e-01, 3.782963569170e-06, 0.0000e+00, 0.0000e+00, 
 2DIAGNOSTIC,    32, -5.916994839668e-01, 2.849308338673e-06, 0.0000e+00, 0.0000e+00, 
 2DIAGNOSTIC,    33, -5.916993677974e-01, 2.704278804951e-06, 0.0000e+00, 0.0000e+00, 
 2DIAGNOSTIC,    34, -5.916989241029e-01, 2.579680722190e-06, 0.0000e+00, 0.0000e+00, 
 2DIAGNOSTIC,    35, -5.916990549263e-01, 2.368552094918e-06, 0.0000e+00, 0.0000e+00, 
 2DIAGNOSTIC,    36, -5.916990352960e-01, 1.657502259278e-06, 0.0000e+00, 0.0000e+00, 
DIAGNOSTIC,Iteration,metricValue,convergenceValue,ITERATION_TIME_INDEX,SINCE_LAST
 2DIAGNOSTIC,     1, -4.783804707269e-01, 1.797693134862e+308, 0.0000e+00, 0.0000e+00, 
 2DIAGNOSTIC,     2, -4.784422027268e-01, 1.797693134862e+308, 0.0000e+00, 0.0000e+00, 
 2DIAGNOSTIC,     3, -4.784461634005e-01, 1.797693134862e+308, 0.0000e+00, 0.0000e+00, 
 2DIAGNOSTIC,     4, -4.785031365775e-01, 1.797693134862e+308, 0.0000e+00, 0.0000e+00, 
 2DIAGNOSTIC,     5, -4.785182669581e-01, 1.797693134862e+308, 0.0000e+00, 0.0000e+00, 
 2DIAGNOSTIC,     6, -4.786969879282e-01, 1.797693134862e+308, 0.0000e+00, 0.0000e+00, 
 2DIAGNOSTIC,     7, -4.789276362659e-01, 1.797693134862e+308, 0.0000e+00, 0.0000e+00, 
 2DIAGNOSTIC,     8, -4.792786128155e-01, 1.797693134862e+308, 0.0000e+00, 0.0000e+00, 
 2DIAGNOSTIC,     9, -4.803536785337e-01, 1.797693134862e+308, 0.0000e+00, 0.0000e+00, 
 2DIAGNOSTIC,    10, -4.835778670623e-01, 4.582548442246e-04, 0.0000e+00, 0.0000e+00, 
 2DIAGNOSTIC,    11, -4.836344638855e-01, 6.149091592492e-04, 0.0000e+00, 0.0000e+00, 
 2DIAGNOSTIC,    12, -4.836390431719e-01, 6.961206391723e-04, 0.0000e+00, 0.0000e+00, 
 2DIAGNOSTIC,    13, -4.836389823017e-01, 7.043221284235e-04, 0.0000e+00, 0.0000e+00, 
 2DIAGNOSTIC,    14, -4.836390255390e-01, 6.489545681529e-04, 0.0000e+00, 0.0000e+00, 
 2DIAGNOSTIC,    15, -4.836390139562e-01, 5.404088061249e-04, 0.0000e+00, 0.0000e+00, 
 2DIAGNOSTIC,    16, -4.836390139562e-01, 4.028240110302e-04, 0.0000e+00, 0.0000e+00, 
 2DIAGNOSTIC,    17, -4.836390139562e-01, 2.545403537905e-04, 0.0000e+00, 0.0000e+00, 
 2DIAGNOSTIC,    18, -4.836355184481e-01, 1.111602937367e-04, 0.0000e+00, 0.0000e+00, 
 2DIAGNOSTIC,    19, -4.836355184481e-01, 3.357504384065e-06, 0.0000e+00, 0.0000e+00, 
 2DIAGNOSTIC,    20, -4.836355184481e-01, 1.328623691517e-06, 0.0000e+00, 0.0000e+00, 
 2DIAGNOSTIC,    21, -4.836355184481e-01, 1.091338839736e-06, 0.0000e+00, 0.0000e+00, 
 2DIAGNOSTIC,    22, -4.836355184481e-01, 1.026869643012e-06, 0.0000e+00, 0.0000e+00, 
DIAGNOSTIC,Iteration,metricValue,convergenceValue,ITERATION_TIME_INDEX,SINCE_LAST
 2DIAGNOSTIC,     1, -4.162025087661e-01, 1.797693134862e+308, 0.0000e+00, 0.0000e+00, 
 2DIAGNOSTIC,     2, -4.162290050143e-01, 1.797693134862e+308, 0.0000e+00, 0.0000e+00, 
 2DIAGNOSTIC,     3, -4.162443162402e-01, 1.797693134862e+308, 0.0000e+00, 0.0000e+00, 
 2DIAGNOSTIC,     4, -4.162487672561e-01, 1.797693134862e+308, 0.0000e+00, 0.0000e+00, 
 2DIAGNOSTIC,     5, -4.162526427328e-01, 1.797693134862e+308, 0.0000e+00, 0.0000e+00, 
 2DIAGNOSTIC,     6, -4.162575743165e-01, 1.797693134862e+308, 0.0000e+00, 0.0000e+00, 
 2DIAGNOSTIC,     7, -4.162579084757e-01, 1.797693134862e+308, 0.0000e+00, 0.0000e+00, 
 2DIAGNOSTIC,     8, -4.162462550707e-01, 1.797693134862e+308, 0.0000e+00, 0.0000e+00, 
 2DIAGNOSTIC,     9, -4.162524548476e-01, 1.797693134862e+308, 0.0000e+00, 0.0000e+00, 
 2DIAGNOSTIC,    10, -4.162388367056e-01, 7.226746196742e-06, 0.0000e+00, 0.0000e+00, 
 2DIAGNOSTIC,    11, -4.162376911842e-01, 2.864559598276e-06, 0.0000e+00, 0.0000e+00, 
DIAGNOSTIC,Iteration,metricValue,convergenceValue,ITERATION_TIME_INDEX,SINCE_LAST
 2DIAGNOSTIC,     1, -3.833169254461e-01, 1.797693134862e+308, 0.0000e+00, 0.0000e+00, 
 2DIAGNOSTIC,     2, -3.834350282872e-01, 1.797693134862e+308, 0.0000e+00, 0.0000e+00, 
 2DIAGNOSTIC,     3, -3.835361650272e-01, 1.797693134862e+308, 0.0000e+00, 0.0000e+00, 
 2DIAGNOSTIC,     4, -3.835773538501e-01, 1.797693134862e+308, 0.0000e+00, 0.0000e+00, 
 2DIAGNOSTIC,     5, -3.836718003865e-01, 1.797693134862e+308, 0.0000e+00, 0.0000e+00, 
 2DIAGNOSTIC,     6, -3.836784715406e-01, 1.797693134862e+308, 0.0000e+00, 0.0000e+00, 
 2DIAGNOSTIC,     7, -3.836644952285e-01, 1.797693134862e+308, 0.0000e+00, 0.0000e+00, 
 2DIAGNOSTIC,     8, -3.836632733920e-01, 1.797693134862e+308, 0.0000e+00, 0.0000e+00, 
 2DIAGNOSTIC,     9, -3.836470851986e-01, 1.797693134862e+308, 0.0000e+00, 0.0000e+00, 
 2DIAGNOSTIC,    10, -3.836288128940e-01, 4.945136918698e-05, 0.0000e+00, 0.0000e+00, 
 2DIAGNOSTIC,    11, -3.836264157015e-01, 2.386150458493e-05, 0.0000e+00, 0.0000e+00, 
 2DIAGNOSTIC,    12, -3.836229992147e-01, 7.650100449647e-06, 0.0000e+00, 0.0000e+00, 
  Elapsed time (stage 0): 0.0000e+00


Total elapsed time: 0.0000e+00
Info [verificarlo]: loaded backend libinterflop_ieee.so
Info [interflop-ieee]: load backend with:
Info [interflop-ieee]: debug = false
Info [interflop-ieee]: debug-binary = false
Info [interflop-ieee]: no-backend-name = false
Info [interflop-ieee]: print-new-line = false
Info [interflop-ieee]: print-subnormal-normalized = false
Info [interflop-ieee]: count-op = false
All_Command_lines_OK
Using double precision for computations.
=============================================================================
The composite transform comprises the following transforms (in order): 
  1. /home/mdugre/scratch/mri-registration-rp/datasets/ds004513/derivatives/mri-registration-rp/0100/antsRegistration-r8-p14/sub-s017/rigid_Composite.h5[0] (type = Euler3DTransform)
  2. /home/mdugre/scratch/mri-registration-rp/datasets/ds004513/derivatives/mri-registration-rp/0100/antsRegistration-r8-p14/sub-s017/rigid_Composite.h5[1] (type = Euler3DTransform)
  3. /home/mdugre/scratch/mri-registration-rp/datasets/ds004513/derivatives/mri-registration-rp/0100/antsRegistration-r8-p14/sub-s017/rigid_Composite.h5[2] (type = Euler3DTransform)
=============================================================================
  number of levels = 4
  fixed image: /templateflow/tpl-MNI152NLin2009cAsym/tpl-MNI152NLin2009cAsym_res-01_desc-brain_T1w.nii.gz
  moving image: /home/mdugre/scratch/mri-registration-rp/datasets/ds004513/derivatives/mri-registration-rp/antsBrainExtraction/sub-s017/BrainExtractionBrain.nii.gz
Dimension = 3
Number of stages = 1
Use histogram matching = false
Winsorize image intensities = true
  Lower quantile = 0.005
  Upper quantile = 0.995


Stage 1 State
   Image metric = MattesMI
     Fixed image = Image (0x36317e0)
  RTTI typeinfo:   itk::Image<double, 3u>
  Reference Count: 2
  Modified Time: 1594
  Debug: Off
  Object Name: 
  Observers: 
    none
  Source: (none)
  Source output name: (none)
  Release Data: Off
  Data Released: False
  Global Release Data: Off
  PipelineMTime: 0
  UpdateMTime: 1203
  RealTimeStamp: 0 seconds 
  LargestPossibleRegion: 
    Dimension: 3
    Index: [0, 0, 0]
    Size: [193, 229, 193]
  BufferedRegion: 
    Dimension: 3
    Index: [0, 0, 0]
    Size: [193, 229, 193]
  RequestedRegion: 
    Dimension: 3
    Index: [0, 0, 0]
    Size: [193, 229, 193]
  Spacing: [1, 1, 1]
  Origin: [96, 132, -78]
  Direction: 
-1 0 0
0 -1 0
0 0 1

  IndexToPointMatrix: 
-1 0 0
0 -1 0
0 0 1

  PointToIndexMatrix: 
-1 0 0
0 -1 0
0 0 1

  Inverse Direction: 
-1 0 0
0 -1 0
0 0 1

  PixelContainer: 
    ImportImageContainer (0x36f1a20)
      RTTI typeinfo:   itk::ImportImageContainer<unsigned long, double>
      Reference Count: 1
      Modified Time: 1200
      Debug: Off
      Object Name: 
      Observers: 
        none
      Pointer: 0x150c53989010
      Container manages memory: true
      Size: 8530021
      Capacity: 8530021

     Moving image = Image (0x36a4cf0)
  RTTI typeinfo:   itk::Image<double, 3u>
  Reference Count: 2
  Modified Time: 1595
  Debug: Off
  Object Name: 
  Observers: 
    none
  Source: (none)
  Source output name: (none)
  Release Data: Off
  Data Released: False
  Global Release Data: Off
  PipelineMTime: 0
  UpdateMTime: 1592
  RealTimeStamp: 0 seconds 
  LargestPossibleRegion: 
    Dimension: 3
    Index: [0, 0, 0]
    Size: [160, 240, 256]
  BufferedRegion: 
    Dimension: 3
    Index: [0, 0, 0]
    Size: [160, 240, 256]
  RequestedRegion: 
    Dimension: 3
    Index: [0, 0, 0]
    Size: [160, 240, 256]
  Spacing: [1, 1, 1]
  Origin: [91.3357, 102.231, -120.042]
  Direction: 
-0.997442 -5.36781e-05 -0.0714818
5.35416e-05 -1 3.82465e-06
-0.0714818 -1.23894e-08 0.997442

  IndexToPointMatrix: 
-0.997444 -5.36781e-05 -0.0714818
5.35418e-05 -1 3.82465e-06
-0.0714819 -1.23894e-08 0.997442

  PointToIndexMatrix: 
-0.99744 5.35415e-05 -0.0714816
-5.36781e-05 -1 -1.23894e-08
-0.0714818 3.82465e-06 0.997442

  Inverse Direction: 
-0.997442 5.35416e-05 -0.0714818
-5.36781e-05 -1 -1.23894e-08
-0.0714818 3.82465e-06 0.997442

  PixelContainer: 
    ImportImageContainer (0x3720550)
      RTTI typeinfo:   itk::ImportImageContainer<unsigned long, double>
      Reference Count: 1
      Modified Time: 1589
      Debug: Off
      Object Name: 
      Observers: 
        none
      Pointer: 0x150c4ee88010
      Container manages memory: true
      Size: 9830400
      Capacity: 9830400

     Weighting = 1
     Sampling strategy = regular
     Number of bins = 32
     Radius = 4
     Sampling percentage  = 0.25
   Transform = Affine
     Gradient step = 0.1
     Update field sigma (voxel space) = 0
     Total field sigma (voxel space) = 0
     Update field time sigma = 0
     Total field time sigma  = 0
     Number of time indices = 0
     Number of time point samples = 0
Registration using 1 total stages.

Stage 0
  iterations = 1000x500x250x100
  convergence threshold = 1e-06
  convergence window size = 10
  number of levels = 4
  using the Mattes MI metric (number of bins = 32, weight = 1, use gradient filter = 0)
  preprocessing:  winsorizing the image intensities
  Shrink factors (level 1 out of 4): [8, 8, 8]
  Shrink factors (level 2 out of 4): [4, 4, 4]
  Shrink factors (level 3 out of 4): [2, 2, 2]
  Shrink factors (level 4 out of 4): [1, 1, 1]
  smoothing sigmas per level: [3, 2, 1, 0]
  regular sampling (percentage = 0.25)

*** Running AffineTransform registration ***

DIAGNOSTIC,Iteration,metricValue,convergenceValue,ITERATION_TIME_INDEX,SINCE_LAST
 2DIAGNOSTIC,     1, -5.792948249230e-01, 1.797693134862e+308, 7.2006e-01, 7.2006e-01, 
 2DIAGNOSTIC,     2, -5.818252396545e-01, 1.797693134862e+308, 7.2582e-01, 5.7590e-03, 
 2DIAGNOSTIC,     3, -5.860005319531e-01, 1.797693134862e+308, 7.3106e-01, 5.2428e-03, 
 2DIAGNOSTIC,     4, -5.935216326197e-01, 1.797693134862e+308, 7.3609e-01, 5.0242e-03, 
 2DIAGNOSTIC,     5, -6.074370062125e-01, 1.797693134862e+308, 7.4129e-01, 5.2021e-03, 
 2DIAGNOSTIC,     6, -6.291868415308e-01, 1.797693134862e+308, 7.4658e-01, 5.2891e-03, 
 2DIAGNOSTIC,     7, -6.811526500409e-01, 1.797693134862e+308, 7.5218e-01, 5.6012e-03, 
 2DIAGNOSTIC,     8, -7.291334905420e-01, 1.797693134862e+308, 7.5987e-01, 7.6921e-03, 
 2DIAGNOSTIC,     9, -7.866531847574e-01, 1.797693134862e+308, 7.6930e-01, 9.4249e-03, 
 2DIAGNOSTIC,    10, -7.912454522565e-01, 2.320099846325e-02, 7.7533e-01, 6.0320e-03, 
 2DIAGNOSTIC,    11, -8.050626430180e-01, 2.327590312550e-02, 7.8128e-01, 5.9500e-03, 
 2DIAGNOSTIC,    12, -8.319518676400e-01, 2.222147489477e-02, 7.8696e-01, 5.6760e-03, 
 2DIAGNOSTIC,    13, -8.572076510960e-01, 2.021204115734e-02, 7.9265e-01, 5.6899e-03, 
 2DIAGNOSTIC,    14, -8.718084782659e-01, 1.733450365618e-02, 7.9947e-01, 6.8290e-03, 
 2DIAGNOSTIC,    15, -8.769897895756e-01, 1.387873013388e-02, 8.0535e-01, 5.8730e-03, 
 2DIAGNOSTIC,    16, -8.804501652346e-01, 1.029910509738e-02, 8.1198e-01, 6.6328e-03, 
 2DIAGNOSTIC,    17, -8.884693378194e-01, 7.613051095240e-03, 8.1973e-01, 7.7519e-03, 
 2DIAGNOSTIC,    18, -8.886934547567e-01, 5.560075350014e-03, 8.2624e-01, 6.5110e-03, 
 2DIAGNOSTIC,    19, -8.903286751061e-01, 4.427135880501e-03, 8.3255e-01, 6.3081e-03, 
 2DIAGNOSTIC,    20, -8.907187859869e-01, 3.116789657190e-03, 8.4141e-01, 8.8599e-03, 
 2DIAGNOSTIC,    21, -8.908427236623e-01, 1.903015805355e-03, 8.4761e-01, 6.1951e-03, 
 2DIAGNOSTIC,    22, -8.908017659072e-01, 1.078327789670e-03, 8.5398e-01, 6.3741e-03, 
 2DIAGNOSTIC,    23, -8.907450923704e-01, 6.299731090228e-04, 8.6029e-01, 6.3071e-03, 
 2DIAGNOSTIC,    24, -8.904106728643e-01, 3.810460556492e-04, 8.6589e-01, 5.6021e-03, 
 2DIAGNOSTIC,    25, -8.905790705515e-01, 1.962948986035e-04, 8.7222e-01, 6.3319e-03, 
 2DIAGNOSTIC,    26, -8.905356804723e-01, 5.350192406879e-05, 8.7780e-01, 5.5740e-03, 
 2DIAGNOSTIC,    27, -8.904082180683e-01, 2.230863858205e-05, 8.8402e-01, 6.2230e-03, 
DIAGNOSTIC,Iteration,metricValue,convergenceValue,ITERATION_TIME_INDEX,SINCE_LAST
 2DIAGNOSTIC,     1, -7.460249421810e-01, 1.797693134862e+308, 1.6399e+00, 7.5590e-01, 
 2DIAGNOSTIC,     2, -7.471078124991e-01, 1.797693134862e+308, 1.6937e+00, 5.3806e-02, 
 2DIAGNOSTIC,     3, -7.479056047168e-01, 1.797693134862e+308, 1.7438e+00, 5.0092e-02, 
 2DIAGNOSTIC,     4, -7.484715717628e-01, 1.797693134862e+308, 1.7878e+00, 4.4015e-02, 
 2DIAGNOSTIC,     5, -7.489046223783e-01, 1.797693134862e+308, 1.8290e+00, 4.1203e-02, 
 2DIAGNOSTIC,     6, -7.493992960359e-01, 1.797693134862e+308, 1.8746e+00, 4.5583e-02, 
 2DIAGNOSTIC,     7, -7.498758183619e-01, 1.797693134862e+308, 1.9220e+00, 4.7427e-02, 
 2DIAGNOSTIC,     8, -7.497967751177e-01, 1.797693134862e+308, 1.9714e+00, 4.9382e-02, 
 2DIAGNOSTIC,     9, -7.498416823918e-01, 1.797693134862e+308, 2.0125e+00, 4.1067e-02, 
 2DIAGNOSTIC,    10, -7.500501450870e-01, 3.250172936075e-04, 2.0663e+00, 5.3824e-02, 
 2DIAGNOSTIC,    11, -7.502820627399e-01, 2.273216157479e-04, 2.1077e+00, 4.1377e-02, 
 2DIAGNOSTIC,    12, -7.504491307250e-01, 1.646431524547e-04, 2.1556e+00, 4.7901e-02, 
 2DIAGNOSTIC,    13, -7.505895773947e-01, 1.243174389987e-04, 2.2201e+00, 6.4468e-02, 
 2DIAGNOSTIC,    14, -7.505627261687e-01, 9.335340840512e-05, 2.2659e+00, 4.5845e-02, 
 2DIAGNOSTIC,    15, -7.505900456101e-01, 6.962135308340e-05, 2.3082e+00, 4.2311e-02, 
 2DIAGNOSTIC,    16, -7.505699345767e-01, 5.349294585959e-05, 2.3516e+00, 4.3407e-02, 
 2DIAGNOSTIC,    17, -7.505459145075e-01, 4.467266828870e-05, 2.3897e+00, 3.8084e-02, 
 2DIAGNOSTIC,    18, -7.505389658054e-01, 3.113205851056e-05, 2.4365e+00, 4.6798e-02, 
 2DIAGNOSTIC,    19, -7.505420662050e-01, 1.723485003641e-05, 2.4842e+00, 4.7641e-02, 
 2DIAGNOSTIC,    20, -7.505289298079e-01, 6.925600888150e-06, 2.5271e+00, 4.2967e-02, 
DIAGNOSTIC,Iteration,metricValue,convergenceValue,ITERATION_TIME_INDEX,SINCE_LAST
 2DIAGNOSTIC,     1, -6.295483604137e-01, 1.797693134862e+308, 3.6894e+00, 1.1623e+00, 
 2DIAGNOSTIC,     2, -6.300811082889e-01, 1.797693134862e+308, 4.0317e+00, 3.4230e-01, 
 2DIAGNOSTIC,     3, -6.306686835889e-01, 1.797693134862e+308, 4.3451e+00, 3.1342e-01, 
 2DIAGNOSTIC,     4, -6.312532474192e-01, 1.797693134862e+308, 4.6467e+00, 3.0157e-01, 
 2DIAGNOSTIC,     5, -6.324137306866e-01, 1.797693134862e+308, 4.9812e+00, 3.3448e-01, 
 2DIAGNOSTIC,     6, -6.324334215312e-01, 1.797693134862e+308, 5.3485e+00, 3.6735e-01, 
 2DIAGNOSTIC,     7, -6.324596450284e-01, 1.797693134862e+308, 5.6428e+00, 2.9426e-01, 
 2DIAGNOSTIC,     8, -6.324817647167e-01, 1.797693134862e+308, 6.0089e+00, 3.6613e-01, 
 2DIAGNOSTIC,     9, -6.324815747408e-01, 1.797693134862e+308, 6.4395e+00, 4.3057e-01, 
 2DIAGNOSTIC,    10, -6.324816691657e-01, 3.122964702244e-04, 6.7861e+00, 3.4665e-01, 
 2DIAGNOSTIC,    11, -6.324779294445e-01, 2.024590530195e-04, 7.2296e+00, 4.4354e-01, 
 2DIAGNOSTIC,    12, -6.324803036438e-01, 1.134409593295e-04, 7.6177e+00, 3.8809e-01, 
 2DIAGNOSTIC,    13, -6.324779057660e-01, 4.827318460095e-05, 7.9410e+00, 3.2328e-01, 
 2DIAGNOSTIC,    14, -6.324769715000e-01, 5.963650212909e-06, 8.2656e+00, 3.2459e-01, 
 2DIAGNOSTIC,    15, -6.324745229697e-01, 3.691174758125e-06, 8.5991e+00, 3.3348e-01, 
 2DIAGNOSTIC,    16, -6.324748177920e-01, 2.109260560809e-06, 8.9235e+00, 3.2438e-01, 
 2DIAGNOSTIC,    17, -6.324723841954e-01, 1.313281970193e-06, 9.2599e+00, 3.3645e-01, 
 2DIAGNOSTIC,    18, -6.324726933193e-01, 1.218169432105e-06, 9.5567e+00, 2.9680e-01, 
 2DIAGNOSTIC,    19, -6.324718215720e-01, 1.158747105358e-06, 9.8960e+00, 3.3925e-01, 
 2DIAGNOSTIC,    20, -6.324723402523e-01, 1.169971378931e-06, 1.0186e+01, 2.8989e-01, 
 2DIAGNOSTIC,    21, -6.324718203160e-01, 1.125640721793e-06, 1.0515e+01, 3.2884e-01, 
 2DIAGNOSTIC,    22, -6.324714529650e-01, 1.164071225253e-06, 1.0834e+01, 3.1970e-01, 
 2DIAGNOSTIC,    23, -6.324708112946e-01, 1.166618928496e-06, 1.1182e+01, 3.4727e-01, 
 2DIAGNOSTIC,    24, -6.324713615208e-01, 1.183078262718e-06, 1.1546e+01, 3.6458e-01, 
 2DIAGNOSTIC,    25, -6.324705157291e-01, 1.151227528633e-06, 1.1872e+01, 3.2579e-01, 
 2DIAGNOSTIC,    26, -6.324658649885e-01, 1.059487757700e-06, 1.2219e+01, 3.4665e-01, 
DIAGNOSTIC,Iteration,metricValue,convergenceValue,ITERATION_TIME_INDEX,SINCE_LAST
 2DIAGNOSTIC,     1, -5.630389060677e-01, 1.797693134862e+308, 1.5395e+01, 3.1759e+00, 
 2DIAGNOSTIC,     2, -5.635725261217e-01, 1.797693134862e+308, 1.7228e+01, 1.8336e+00, 
 2DIAGNOSTIC,     3, -5.641541774062e-01, 1.797693134862e+308, 1.9075e+01, 1.8464e+00, 
 2DIAGNOSTIC,     4, -5.650905537089e-01, 1.797693134862e+308, 2.1029e+01, 1.9539e+00, 
 2DIAGNOSTIC,     5, -5.658475642721e-01, 1.797693134862e+308, 2.5580e+01, 4.5516e+00, 
 2DIAGNOSTIC,     6, -5.658473623933e-01, 1.797693134862e+308, 2.8135e+01, 2.5544e+00, 
 2DIAGNOSTIC,     7, -5.658471766499e-01, 1.797693134862e+308, 3.0318e+01, 2.1839e+00, 
 2DIAGNOSTIC,     8, -5.658469777284e-01, 1.797693134862e+308, 3.2586e+01, 2.2671e+00, 
 2DIAGNOSTIC,     9, -5.658469451486e-01, 1.797693134862e+308, 3.4415e+01, 1.8297e+00, 
 2DIAGNOSTIC,    10, -5.658468451033e-01, 3.218791774847e-04, 3.6435e+01, 2.0200e+00, 
 2DIAGNOSTIC,    11, -5.658465319658e-01, 1.987212236128e-04, 3.8452e+01, 2.0165e+00, 
 2DIAGNOSTIC,    12, -5.658465133813e-01, 1.012069483538e-04, 4.0936e+01, 2.4843e+00, 
 2DIAGNOSTIC,    13, -5.658462855633e-01, 3.161393858928e-05, 4.2943e+01, 2.0066e+00, 
 2DIAGNOSTIC,    14, -5.658461815356e-01, 2.166072993706e-06, 4.4909e+01, 1.9659e+00, 
 2DIAGNOSTIC,    15, -5.658461078037e-01, 2.026584593431e-06, 4.6803e+01, 1.8947e+00, 
 2DIAGNOSTIC,    16, -5.658460849865e-01, 1.906451716022e-06, 4.8877e+01, 2.0738e+00, 
 2DIAGNOSTIC,    17, -5.658460176604e-01, 1.800771859954e-06, 5.0972e+01, 2.0954e+00, 
 2DIAGNOSTIC,    18, -5.658456256477e-01, 1.696962785395e-06, 5.3035e+01, 2.0622e+00, 
 2DIAGNOSTIC,    19, -5.658453914182e-01, 1.603971466903e-06, 5.5219e+01, 2.1846e+00, 
 2DIAGNOSTIC,    20, -5.658454312514e-01, 1.525599397548e-06, 5.7252e+01, 2.0331e+00, 
 2DIAGNOSTIC,    21, -5.658450441565e-01, 1.443762277120e-06, 5.9273e+01, 2.0205e+00, 
 2DIAGNOSTIC,    22, -5.658450808966e-01, 1.376833542302e-06, 6.1324e+01, 2.0512e+00, 
 2DIAGNOSTIC,    23, -5.658449766102e-01, 1.315111699075e-06, 6.3274e+01, 1.9503e+00, 
 2DIAGNOSTIC,    24, -5.658447544011e-01, 1.258212863751e-06, 6.5237e+01, 1.9628e+00, 
 2DIAGNOSTIC,    25, -5.658445825919e-01, 1.207328006674e-06, 6.7352e+01, 2.1146e+00, 
 2DIAGNOSTIC,    26, -5.658446925307e-01, 1.168229512724e-06, 6.9397e+01, 2.0455e+00, 
 2DIAGNOSTIC,    27, -5.658446558648e-01, 1.135381185610e-06, 7.2062e+01, 2.6645e+00, 
 2DIAGNOSTIC,    28, -5.658443973333e-01, 1.097345570071e-06, 7.4270e+01, 2.2084e+00, 
 2DIAGNOSTIC,    29, -5.658442735085e-01, 1.059582048143e-06, 7.6304e+01, 2.0335e+00, 
 2DIAGNOSTIC,    30, -5.658440183892e-01, 1.024524296393e-06, 7.8292e+01, 1.9886e+00, 
  Elapsed time (stage 0): 7.9465e+01


Total elapsed time: 7.9468e+01
Info [verificarlo]: loaded backend libinterflop_ieee.so
Info [interflop-ieee]: load backend with:
Info [interflop-ieee]: debug = false
Info [interflop-ieee]: debug-binary = false
Info [interflop-ieee]: no-backend-name = false
Info [interflop-ieee]: print-new-line = false
Info [interflop-ieee]: print-subnormal-normalized = false
Info [interflop-ieee]: count-op = false
All_Command_lines_OK
Using double precision for computations.
=============================================================================
The composite transform comprises the following transforms (in order): 
  1. /home/mdugre/scratch/mri-registration-rp/datasets/ds004513/derivatives/mri-registration-rp/0100/antsRegistration-r8-p14/sub-s017/affine_Composite.h5[0] (type = Euler3DTransform)
  2. /home/mdugre/scratch/mri-registration-rp/datasets/ds004513/derivatives/mri-registration-rp/0100/antsRegistration-r8-p14/sub-s017/affine_Composite.h5[1] (type = Euler3DTransform)
  3. /home/mdugre/scratch/mri-registration-rp/datasets/ds004513/derivatives/mri-registration-rp/0100/antsRegistration-r8-p14/sub-s017/affine_Composite.h5[2] (type = Euler3DTransform)
  4. /home/mdugre/scratch/mri-registration-rp/datasets/ds004513/derivatives/mri-registration-rp/0100/antsRegistration-r8-p14/sub-s017/affine_Composite.h5[3] (type = AffineTransform)
=============================================================================
  number of levels = 4
  fixed image: /templateflow/tpl-MNI152NLin2009cAsym/tpl-MNI152NLin2009cAsym_res-01_desc-brain_T1w.nii.gz
  moving image: /home/mdugre/scratch/mri-registration-rp/datasets/ds004513/derivatives/mri-registration-rp/antsBrainExtraction/sub-s017/BrainExtractionBrain.nii.gz
Dimension = 3
Number of stages = 1
Use histogram matching = false
Winsorize image intensities = true
  Lower quantile = 0.005
  Upper quantile = 0.995


Stage 1 State
   Image metric = CC
     Fixed image = Image (0x47cda40)
  RTTI typeinfo:   itk::Image<double, 3u>
  Reference Count: 2
  Modified Time: 1608
  Debug: Off
  Object Name: 
  Observers: 
    none
  Source: (none)
  Source output name: (none)
  Release Data: Off
  Data Released: False
  Global Release Data: Off
  PipelineMTime: 0
  UpdateMTime: 1217
  RealTimeStamp: 0 seconds 
  LargestPossibleRegion: 
    Dimension: 3
    Index: [0, 0, 0]
    Size: [193, 229, 193]
  BufferedRegion: 
    Dimension: 3
    Index: [0, 0, 0]
    Size: [193, 229, 193]
  RequestedRegion: 
    Dimension: 3
    Index: [0, 0, 0]
    Size: [193, 229, 193]
  Spacing: [1, 1, 1]
  Origin: [96, 132, -78]
  Direction: 
-1 0 0
0 -1 0
0 0 1

  IndexToPointMatrix: 
-1 0 0
0 -1 0
0 0 1

  PointToIndexMatrix: 
-1 0 0
0 -1 0
0 0 1

  Inverse Direction: 
-1 0 0
0 -1 0
0 0 1

  PixelContainer: 
    ImportImageContainer (0x489c780)
      RTTI typeinfo:   itk::ImportImageContainer<unsigned long, double>
      Reference Count: 1
      Modified Time: 1214
      Debug: Off
      Object Name: 
      Observers: 
        none
      Pointer: 0x1456fb3a8010
      Container manages memory: true
      Size: 8530021
      Capacity: 8530021

     Moving image = Image (0x48893b0)
  RTTI typeinfo:   itk::Image<double, 3u>
  Reference Count: 2
  Modified Time: 1609
  Debug: Off
  Object Name: 
  Observers: 
    none
  Source: (none)
  Source output name: (none)
  Release Data: Off
  Data Released: False
  Global Release Data: Off
  PipelineMTime: 0
  UpdateMTime: 1606
  RealTimeStamp: 0 seconds 
  LargestPossibleRegion: 
    Dimension: 3
    Index: [0, 0, 0]
    Size: [160, 240, 256]
  BufferedRegion: 
    Dimension: 3
    Index: [0, 0, 0]
    Size: [160, 240, 256]
  RequestedRegion: 
    Dimension: 3
    Index: [0, 0, 0]
    Size: [160, 240, 256]
  Spacing: [1, 1, 1]
  Origin: [91.3357, 102.231, -120.042]
  Direction: 
-0.997442 -5.36781e-05 -0.0714818
5.35416e-05 -1 3.82465e-06
-0.0714818 -1.23894e-08 0.997442

  IndexToPointMatrix: 
-0.997444 -5.36781e-05 -0.0714818
5.35418e-05 -1 3.82465e-06
-0.0714819 -1.23894e-08 0.997442

  PointToIndexMatrix: 
-0.99744 5.35415e-05 -0.0714816
-5.36781e-05 -1 -1.23894e-08
-0.0714818 3.82465e-06 0.997442

  Inverse Direction: 
-0.997442 5.35416e-05 -0.0714818
-5.36781e-05 -1 -1.23894e-08
-0.0714818 3.82465e-06 0.997442

  PixelContainer: 
    ImportImageContainer (0x48e5550)
      RTTI typeinfo:   itk::ImportImageContainer<unsigned long, double>
      Reference Count: 1
      Modified Time: 1603
      Debug: Off
      Object Name: 
      Observers: 
        none
      Pointer: 0x1456f68a7010
      Container manages memory: true
      Size: 9830400
      Capacity: 9830400

     Weighting = 1
     Sampling strategy = none
     Number of bins = 32
     Radius = 4
     Sampling percentage  = 1
   Transform = SyN
     Gradient step = 0.1
     Update field sigma (voxel space) = 3
     Total field sigma (voxel space) = 0
     Update field time sigma = 0
     Total field time sigma  = 0
     Number of time indices = 0
     Number of time point samples = 0
Registration using 1 total stages.

Stage 0
  iterations = 100x70x50x20
  convergence threshold = 1e-06
  convergence window size = 10
  number of levels = 4
  using the CC metric (radius = 4, weight = 1, use gradient filter = 0)
  preprocessing:  winsorizing the image intensities
  Shrink factors (level 1 out of 4): [8, 8, 8]
  Shrink factors (level 2 out of 4): [4, 4, 4]
  Shrink factors (level 3 out of 4): [2, 2, 2]
  Shrink factors (level 4 out of 4): [1, 1, 1]
  smoothing sigmas per level: [3, 2, 1, 0]
  Using default NONE metricSamplingStrategy 

*** Running SyN registration (varianceForUpdateField = 3, varianceForTotalField = 0) ***

XXDIAGNOSTIC,Iteration,metricValue,convergenceValue,ITERATION_TIME_INDEX,SINCE_LAST
 1DIAGNOSTIC,     1, -9.270831593639e-01, 1.797693134862e+308, 1.0907e+00, 1.0907e+00, 
 1DIAGNOSTIC,     2, -9.334499787063e-01, 1.797693134862e+308, 1.4527e+00, 3.6197e-01, 
 1DIAGNOSTIC,     3, -9.388588096323e-01, 1.797693134862e+308, 1.8182e+00, 3.6550e-01, 
 1DIAGNOSTIC,     4, -9.433549874519e-01, 1.797693134862e+308, 2.1585e+00, 3.4030e-01, 
 1DIAGNOSTIC,     5, -9.464826256105e-01, 1.797693134862e+308, 2.5070e+00, 3.4855e-01, 
 1DIAGNOSTIC,     6, -9.489449048981e-01, 1.797693134862e+308, 2.8502e+00, 3.4312e-01, 
