
##########################
# Experiment information #
##########################

EXPERIMENT_NAME: antsRegistration-r8-p9
VFC_BACKENDS: libinterflop_vprec.so --range-binary32=8 --precision-binary32=9 --range-binary64=8 --precision-binary64=9

SIF_IMG: /home/mdugre/projects/rrg-glatard/mdugre/containers/ants-vprec-no_metrics.simg

SUBJECT_ID: s020
INPUT_IMG: /home/mdugre/scratch/mri-registration-rp/datasets/ds004513/derivatives/mri-registration-rp/antsBrainExtraction/sub-s020/BrainExtractionBrain.nii.gz
OUTPUT_DIR: /home/mdugre/scratch/mri-registration-rp/datasets/ds004513/derivatives/mri-registration-rp/0100/antsRegistration-r8-p9/sub-s020

FIXED_IMG: /templateflow/tpl-MNI152NLin2009cAsym/tpl-MNI152NLin2009cAsym_res-01_desc-brain_T1w.nii.gz
DATA_DIR: /home/mdugre/scratch/mri-registration-rp/datasets/ds004513
TEMPLATEFLOW_DIR: /home/mdugre/projects/rrg-glatard/mdugre/templateflow
ITK_GLOBAL_DEFAULT_NUMBER_OF_THREADS: 16
##########################

Info [verificarlo]: loaded backend libinterflop_ieee.so
Info [interflop-ieee]: load backend with:
Info [interflop-ieee]: debug = false
Info [interflop-ieee]: debug-binary = false
Info [interflop-ieee]: no-backend-name = false
Info [interflop-ieee]: print-new-line = false
Info [interflop-ieee]: print-subnormal-normalized = false
Info [interflop-ieee]: count-op = false
All_Command_lines_OK
Using double precision for computations.
=============================================================================
The composite transform comprises the following transforms (in order): 
  1. Center of mass alignment using fixed image: /templateflow/tpl-MNI152NLin2009cAsym/tpl-MNI152NLin2009cAsym_res-01_desc-brain_T1w.nii.gz and moving image: /home/mdugre/scratch/mri-registration-rp/datasets/ds004513/derivatives/mri-registration-rp/antsBrainExtraction/sub-s020/BrainExtractionBrain.nii.gz (type = Euler3DTransform)
=============================================================================
  number of levels = 1
  fixed image: /templateflow/tpl-MNI152NLin2009cAsym/tpl-MNI152NLin2009cAsym_res-01_desc-brain_T1w.nii.gz
  moving image: /home/mdugre/scratch/mri-registration-rp/datasets/ds004513/derivatives/mri-registration-rp/antsBrainExtraction/sub-s020/BrainExtractionBrain.nii.gz
Dimension = 3
Number of stages = 1
Use histogram matching = false
Winsorize image intensities = true
  Lower quantile = 0.005
  Upper quantile = 0.995


Stage 1 State
   Image metric = MattesMI
     Fixed image = Image (0x36cabd0)
  RTTI typeinfo:   itk::Image<double, 3u>
  Reference Count: 2
  Modified Time: 2334
  Debug: Off
  Object Name: 
  Observers: 
    none
  Source: (none)
  Source output name: (none)
  Release Data: Off
  Data Released: False
  Global Release Data: Off
  PipelineMTime: 0
  UpdateMTime: 1943
  RealTimeStamp: 0 seconds 
  LargestPossibleRegion: 
    Dimension: 3
    Index: [0, 0, 0]
    Size: [193, 229, 193]
  BufferedRegion: 
    Dimension: 3
    Index: [0, 0, 0]
    Size: [193, 229, 193]
  RequestedRegion: 
    Dimension: 3
    Index: [0, 0, 0]
    Size: [193, 229, 193]
  Spacing: [1, 1, 1]
  Origin: [96, 132, -78]
  Direction: 
-1 0 0
0 -1 0
0 0 1

  IndexToPointMatrix: 
-1 0 0
0 -1 0
0 0 1

  PointToIndexMatrix: 
-1 0 0
0 -1 0
0 0 1

  Inverse Direction: 
-1 0 0
0 -1 0
0 0 1

  PixelContainer: 
    ImportImageContainer (0x36d39e0)
      RTTI typeinfo:   itk::ImportImageContainer<unsigned long, double>
      Reference Count: 1
      Modified Time: 1940
      Debug: Off
      Object Name: 
      Observers: 
        none
      Pointer: 0x14b7ff5cb010
      Container manages memory: true
      Size: 8530021
      Capacity: 8530021

     Moving image = Image (0x36d4bd0)
  RTTI typeinfo:   itk::Image<double, 3u>
  Reference Count: 2
  Modified Time: 2335
  Debug: Off
  Object Name: 
  Observers: 
    none
  Source: (none)
  Source output name: (none)
  Release Data: Off
  Data Released: False
  Global Release Data: Off
  PipelineMTime: 0
  UpdateMTime: 2332
  RealTimeStamp: 0 seconds 
  LargestPossibleRegion: 
    Dimension: 3
    Index: [0, 0, 0]
    Size: [160, 240, 256]
  BufferedRegion: 
    Dimension: 3
    Index: [0, 0, 0]
    Size: [160, 240, 256]
  RequestedRegion: 
    Dimension: 3
    Index: [0, 0, 0]
    Size: [160, 240, 256]
  Spacing: [0.999995, 1, 1]
  Origin: [87.0906, 98.7205, -152.377]
  Direction: 
-0.996975 0.0261379 -0.0731913
-0.0260677 -0.999658 -0.00191374
-0.0732163 -2.46403e-08 0.997316

  IndexToPointMatrix: 
-0.996971 0.0261379 -0.0731913
-0.0260676 -0.999658 -0.00191374
-0.0732159 -2.46403e-08 0.997316

  PointToIndexMatrix: 
-0.99698 -0.0260679 -0.0732166
0.0261379 -0.999658 -2.46993e-08
-0.0731913 -0.00191374 0.997316

  Inverse Direction: 
-0.996975 -0.0260677 -0.0732163
0.0261379 -0.999658 -2.46993e-08
-0.0731913 -0.00191374 0.997316

  PixelContainer: 
    ImportImageContainer (0x385ab50)
      RTTI typeinfo:   itk::ImportImageContainer<unsigned long, double>
      Reference Count: 1
      Modified Time: 2329
      Debug: Off
      Object Name: 
      Observers: 
        none
      Pointer: 0x14b7faaca010
      Container manages memory: true
      Size: 9830400
      Capacity: 9830400

     Weighting = 1
     Sampling strategy = regular
     Number of bins = 32
     Radius = 4
     Sampling percentage  = 0.25
   Transform = Rigid
     Gradient step = 0.1
     Update field sigma (voxel space) = 0
     Total field sigma (voxel space) = 0
     Update field time sigma = 0
     Total field time sigma  = 0
     Number of time indices = 0
     Number of time point samples = 0
Registration using 1 total stages.

Stage 0
  iterations = 0
  convergence threshold = 1e-06
  convergence window size = 10
  number of levels = 1
  using the Mattes MI metric (number of bins = 32, weight = 1, use gradient filter = 0)
  preprocessing:  winsorizing the image intensities
  Shrink factors (level 1 out of 1): [1, 1, 1]
  smoothing sigmas per level: [0]
  regular sampling (percentage = 0.25)

*** Running Euler3DTransform registration ***

  Elapsed time (stage 0): 1.088


Total elapsed time: 1.09011
Info [verificarlo]: loaded backend libinterflop_vprec.so
Info [interflop-vprec]: load backend with: 
Info [interflop-vprec]: precision-binary32 = 9
Info [interflop-vprec]: range-binary32 = 8
Info [interflop-vprec]: precision-binary64 = 9
Info [interflop-vprec]: range-binary64 = 8
Info [interflop-vprec]: mode = ob
Info [interflop-vprec]: error-mode = rel
Info [interflop-vprec]: max-abs-error-exponent = -1022
Info [interflop-vprec]: daz = false
Info [interflop-vprec]: ftz = false
Info [interflop-vprec]: 	instrument = none
Info [interflop-vprec]: 	prec-input-file = (null)
Info [interflop-vprec]: 	prec-output-file = (null)
Info [interflop-vprec]: 	prec-log-file = (null)
All_Command_lines_OK
Using double precision for computations.
=============================================================================
The composite transform comprises the following transforms (in order): 
  1. /home/mdugre/scratch/mri-registration-rp/datasets/ds004513/derivatives/mri-registration-rp/0100/antsRegistration-r8-p9/sub-s020/align_Composite.h5[0] (type = Euler3DTransform)
  2. /home/mdugre/scratch/mri-registration-rp/datasets/ds004513/derivatives/mri-registration-rp/0100/antsRegistration-r8-p9/sub-s020/align_Composite.h5[1] (type = Euler3DTransform)
=============================================================================
  number of levels = 4
  fixed image: /templateflow/tpl-MNI152NLin2009cAsym/tpl-MNI152NLin2009cAsym_res-01_desc-brain_T1w.nii.gz
  moving image: /home/mdugre/scratch/mri-registration-rp/datasets/ds004513/derivatives/mri-registration-rp/antsBrainExtraction/sub-s020/BrainExtractionBrain.nii.gz
Dimension = 3
Number of stages = 1
Use histogram matching = false
Winsorize image intensities = true
  Lower quantile = 0.005
  Upper quantile = 0.995


Stage 1 State
   Image metric = MattesMI
     Fixed image = Image (0x4b0b1e0)
  RTTI typeinfo:   itk::Image<double, 3u>
  Reference Count: 2
  Modified Time: 1578
  Debug: Off
  Object Name: 
  Observers: 
    none
  Source: (none)
  Source output name: (none)
  Release Data: Off
  Data Released: False
  Global Release Data: Off
  PipelineMTime: 0
  UpdateMTime: 1189
  RealTimeStamp: 0 seconds 
  LargestPossibleRegion: 
    Dimension: 3
    Index: [0, 0, 0]
    Size: [193, 229, 193]
  BufferedRegion: 
    Dimension: 3
    Index: [0, 0, 0]
    Size: [193, 229, 193]
  RequestedRegion: 
    Dimension: 3
    Index: [0, 0, 0]
    Size: [193, 229, 193]
  Spacing: [1, 1, 1]
  Origin: [96, 132, -78]
  Direction: 
-1 0 0
0 -1 0
0 0 1

  IndexToPointMatrix: 
-1 0 0
0 -1 0
0 0 1

  PointToIndexMatrix: 
-1 0 0
0 -1 0
0 0 1

  Inverse Direction: 
-1 0 0
0 -1 0
0 0 1

  PixelContainer: 
    ImportImageContainer (0x4bca680)
      RTTI typeinfo:   itk::ImportImageContainer<unsigned long, double>
      Reference Count: 1
      Modified Time: 1186
      Debug: Off
      Object Name: 
      Observers: 
        none
      Pointer: 0x1526eae5c010
      Container manages memory: true
      Size: 8530021
      Capacity: 8530021

     Moving image = Image (0x4bc6b20)
  RTTI typeinfo:   itk::Image<double, 3u>
  Reference Count: 2
  Modified Time: 1579
  Debug: Off
  Object Name: 
  Observers: 
    none
  Source: (none)
  Source output name: (none)
  Release Data: Off
  Data Released: False
  Global Release Data: Off
  PipelineMTime: 0
  UpdateMTime: 1576
  RealTimeStamp: 0 seconds 
  LargestPossibleRegion: 
    Dimension: 3
    Index: [0, 0, 0]
    Size: [160, 240, 256]
  BufferedRegion: 
    Dimension: 3
    Index: [0, 0, 0]
    Size: [160, 240, 256]
  RequestedRegion: 
    Dimension: 3
    Index: [0, 0, 0]
    Size: [160, 240, 256]
  Spacing: [1, 1, 1]
  Origin: [87.125, 98.75, -152.5]
  Direction: 
-0.99707 0.026123 -0.0732422
-0.026062 -0.999023 -0.00191307
-0.0732422 0 0.99707

  IndexToPointMatrix: 
-0.99707 0.026123 -0.0732422
-0.026062 -0.999023 -0.00191307
-0.0732422 0 0.99707

  PointToIndexMatrix: 
-0.996094 -0.026062 -0.0732422
0.0261841 -1.00195 -9.55537e-07
-0.0732422 -0.00191498 0.99707

  Inverse Direction: 
-0.996094 -0.026062 -0.0732422
0.0261841 -1.00195 -9.55537e-07
-0.0732422 -0.00191498 0.99707

  PixelContainer: 
    ImportImageContainer (0x4c2fd50)
      RTTI typeinfo:   itk::ImportImageContainer<unsigned long, double>
      Reference Count: 1
      Modified Time: 1573
      Debug: Off
      Object Name: 
      Observers: 
        none
      Pointer: 0x1526e635b010
      Container manages memory: true
      Size: 9830400
      Capacity: 9830400

     Weighting = 1
     Sampling strategy = regular
     Number of bins = 32
     Radius = 4
     Sampling percentage  = 0.25
   Transform = Rigid
     Gradient step = 0.1
     Update field sigma (voxel space) = 0
     Total field sigma (voxel space) = 0
     Update field time sigma = 0
     Total field time sigma  = 0
     Number of time indices = 0
     Number of time point samples = 0
Registration using 1 total stages.

Stage 0
  iterations = 1000x500x250x100
  convergence threshold = 1e-06
  convergence window size = 10
  number of levels = 4
  using the Mattes MI metric (number of bins = 32, weight = 1, use gradient filter = 0)
  preprocessing:  winsorizing the image intensities
  Shrink factors (level 1 out of 4): [8, 8, 8]
  Shrink factors (level 2 out of 4): [4, 4, 4]
  Shrink factors (level 3 out of 4): [2, 2, 2]
  Shrink factors (level 4 out of 4): [1, 1, 1]
  smoothing sigmas per level: [3, 2, 1, 0]
  regular sampling (percentage = 0.25)

*** Running Euler3DTransform registration ***

DIAGNOSTIC,Iteration,metricValue,convergenceValue,ITERATION_TIME_INDEX,SINCE_LAST
 2DIAGNOSTIC,     1, -3.835392315718e-01, 1.797693134862e+308, 0.0000e+00, 0.0000e+00, 
 2DIAGNOSTIC,     2, -3.836584402431e-01, 1.797693134862e+308, 0.0000e+00, 0.0000e+00, 
 2DIAGNOSTIC,     3, -3.841924436497e-01, 1.797693134862e+308, 0.0000e+00, 0.0000e+00, 
 2DIAGNOSTIC,     4, -3.847735928818e-01, 1.797693134862e+308, 0.0000e+00, 0.0000e+00, 
 2DIAGNOSTIC,     5, -3.855118590014e-01, 1.797693134862e+308, 0.0000e+00, 0.0000e+00, 
 2DIAGNOSTIC,     6, -3.853263223501e-01, 1.797693134862e+308, 0.0000e+00, 0.0000e+00, 
 2DIAGNOSTIC,     7, -3.863957628573e-01, 1.797693134862e+308, 0.0000e+00, 0.0000e+00, 
 2DIAGNOSTIC,     8, -3.864483420037e-01, 1.797693134862e+308, 0.0000e+00, 0.0000e+00, 
 2DIAGNOSTIC,     9, -3.866687147045e-01, 1.797693134862e+308, 0.0000e+00, 0.0000e+00, 
 2DIAGNOSTIC,    10, -3.874993898007e-01, 6.563453061141e-04, 0.0000e+00, 0.0000e+00, 
 2DIAGNOSTIC,    11, -3.879947345866e-01, 6.143863058004e-04, 0.0000e+00, 0.0000e+00, 
 2DIAGNOSTIC,    12, -3.882056952024e-01, 5.437197549312e-04, 0.0000e+00, 0.0000e+00, 
 2DIAGNOSTIC,    13, -3.901551670921e-01, 5.751857976203e-04, 0.0000e+00, 0.0000e+00, 
 2DIAGNOSTIC,    14, -3.975863715442e-01, 9.664788179754e-04, 0.0000e+00, 0.0000e+00, 
 2DIAGNOSTIC,    15, -3.999240629034e-01, 1.356885482673e-03, 0.0000e+00, 0.0000e+00, 
 2DIAGNOSTIC,    16, -4.040809352061e-01, 1.753910101442e-03, 0.0000e+00, 0.0000e+00, 
 2DIAGNOSTIC,    17, -4.118008877760e-01, 2.317300993430e-03, 0.0000e+00, 0.0000e+00, 
 2DIAGNOSTIC,    18, -4.331716489405e-01, 3.447815120576e-03, 0.0000e+00, 0.0000e+00, 
 2DIAGNOSTIC,    19, -4.673846253383e-01, 5.387051991749e-03, 0.0000e+00, 0.0000e+00, 
 2DIAGNOSTIC,    20, -5.125657960251e-01, 8.168255026630e-03, 0.0000e+00, 0.0000e+00, 
 2DIAGNOSTIC,    21, -5.131047776221e-01, 9.882114057625e-03, 0.0000e+00, 0.0000e+00, 
 2DIAGNOSTIC,    22, -5.134976421033e-01, 1.053802426055e-02, 0.0000e+00, 0.0000e+00, 
 2DIAGNOSTIC,    23, -5.135848270423e-01, 1.021175448986e-02, 0.0000e+00, 0.0000e+00, 
 2DIAGNOSTIC,    24, -5.135546349399e-01, 9.158577918370e-03, 0.0000e+00, 0.0000e+00, 
 2DIAGNOSTIC,    25, -5.126810098812e-01, 7.379141558236e-03, 0.0000e+00, 0.0000e+00, 
 2DIAGNOSTIC,    26, -5.133861888914e-01, 5.210707509652e-03, 0.0000e+00, 0.0000e+00, 
 2DIAGNOSTIC,    27, -5.139152317306e-01, 2.960120988980e-03, 0.0000e+00, 0.0000e+00, 
 2DIAGNOSTIC,    28, -5.141241156370e-01, 1.116203412652e-03, 0.0000e+00, 0.0000e+00, 
 2DIAGNOSTIC,    29, -5.137346766735e-01, 4.744949599379e-05, 0.0000e+00, 0.0000e+00, 
 2DIAGNOSTIC,    30, -5.138492334386e-01, 3.482720917960e-05, 0.0000e+00, 0.0000e+00, 
 2DIAGNOSTIC,    31, -5.138492334386e-01, 3.051412841731e-05, 0.0000e+00, 0.0000e+00, 
 2DIAGNOSTIC,    32, -5.138492334386e-01, 3.078401956022e-05, 0.0000e+00, 0.0000e+00, 
 2DIAGNOSTIC,    33, -5.138492334386e-01, 2.981701309517e-05, 0.0000e+00, 0.0000e+00, 
 2DIAGNOSTIC,    34, -5.138492334386e-01, 2.643178436888e-05, 0.0000e+00, 0.0000e+00, 
 2DIAGNOSTIC,    35, -5.138492334386e-01, 4.799598945483e-06, 0.0000e+00, 0.0000e+00, 
DIAGNOSTIC,Iteration,metricValue,convergenceValue,ITERATION_TIME_INDEX,SINCE_LAST
 2DIAGNOSTIC,     1, -4.195130755542e-01, 1.797693134862e+308, 0.0000e+00, 0.0000e+00, 
 2DIAGNOSTIC,     2, -4.199364348430e-01, 1.797693134862e+308, 0.0000e+00, 0.0000e+00, 
 2DIAGNOSTIC,     3, -4.199829961564e-01, 1.797693134862e+308, 0.0000e+00, 0.0000e+00, 
 2DIAGNOSTIC,     4, -4.197955933602e-01, 1.797693134862e+308, 0.0000e+00, 0.0000e+00, 
 2DIAGNOSTIC,     5, -4.198284433565e-01, 1.797693134862e+308, 0.0000e+00, 0.0000e+00, 
 2DIAGNOSTIC,     6, -4.198806335783e-01, 1.797693134862e+308, 0.0000e+00, 0.0000e+00, 
 2DIAGNOSTIC,     7, -4.200498765377e-01, 1.797693134862e+308, 0.0000e+00, 0.0000e+00, 
 2DIAGNOSTIC,     8, -4.200500421062e-01, 1.797693134862e+308, 0.0000e+00, 0.0000e+00, 
 2DIAGNOSTIC,     9, -4.200155553139e-01, 1.797693134862e+308, 0.0000e+00, 0.0000e+00, 
 2DIAGNOSTIC,    10, -4.199801766941e-01, 4.810539118205e-05, 0.0000e+00, 0.0000e+00, 
 2DIAGNOSTIC,    11, -4.199624720128e-01, 1.904375654864e-05, 0.0000e+00, 0.0000e+00, 
 2DIAGNOSTIC,    12, -4.199756085979e-01, 1.736688718408e-05, 0.0000e+00, 0.0000e+00, 
 2DIAGNOSTIC,    13, -4.199423542384e-01, 1.533313190305e-05, 0.0000e+00, 0.0000e+00, 
 2DIAGNOSTIC,    14, -4.199194845690e-01, 2.227548879991e-06, 0.0000e+00, 0.0000e+00, 
DIAGNOSTIC,Iteration,metricValue,convergenceValue,ITERATION_TIME_INDEX,SINCE_LAST
 2DIAGNOSTIC,     1, -3.602159889223e-01, 1.797693134862e+308, 0.0000e+00, 0.0000e+00, 
 2DIAGNOSTIC,     2, -3.602712319745e-01, 1.797693134862e+308, 0.0000e+00, 0.0000e+00, 
 2DIAGNOSTIC,     3, -3.602939105169e-01, 1.797693134862e+308, 0.0000e+00, 0.0000e+00, 
 2DIAGNOSTIC,     4, -3.602903688245e-01, 1.797693134862e+308, 0.0000e+00, 0.0000e+00, 
 2DIAGNOSTIC,     5, -3.602902397360e-01, 1.797693134862e+308, 0.0000e+00, 0.0000e+00, 
 2DIAGNOSTIC,     6, -3.602776417304e-01, 1.797693134862e+308, 0.0000e+00, 0.0000e+00, 
 2DIAGNOSTIC,     7, -3.602730780480e-01, 1.797693134862e+308, 0.0000e+00, 0.0000e+00, 
 2DIAGNOSTIC,     8, -3.602699876058e-01, 1.797693134862e+308, 0.0000e+00, 0.0000e+00, 
 2DIAGNOSTIC,     9, -3.602790256293e-01, 1.797693134862e+308, 0.0000e+00, 0.0000e+00, 
 2DIAGNOSTIC,    10, -3.602937764240e-01, 4.547992356010e-06, 0.0000e+00, 0.0000e+00, 
DIAGNOSTIC,Iteration,metricValue,convergenceValue,ITERATION_TIME_INDEX,SINCE_LAST
 2DIAGNOSTIC,     1, -3.311777231819e-01, 1.797693134862e+308, 0.0000e+00, 0.0000e+00, 
 2DIAGNOSTIC,     2, -3.311871571298e-01, 1.797693134862e+308, 0.0000e+00, 0.0000e+00, 
 2DIAGNOSTIC,     3, -3.315806436824e-01, 1.797693134862e+308, 0.0000e+00, 0.0000e+00, 
 2DIAGNOSTIC,     4, -3.315632004112e-01, 1.797693134862e+308, 0.0000e+00, 0.0000e+00, 
 2DIAGNOSTIC,     5, -3.312515456602e-01, 1.797693134862e+308, 0.0000e+00, 0.0000e+00, 
 2DIAGNOSTIC,     6, -3.312586426767e-01, 1.797693134862e+308, 0.0000e+00, 0.0000e+00, 
 2DIAGNOSTIC,     7, -3.312583141678e-01, 1.797693134862e+308, 0.0000e+00, 0.0000e+00, 
 2DIAGNOSTIC,     8, -3.312543849677e-01, 1.797693134862e+308, 0.0000e+00, 0.0000e+00, 
 2DIAGNOSTIC,     9, -3.312575857468e-01, 1.797693134862e+308, 0.0000e+00, 0.0000e+00, 
  Elapsed time (stage 0): 0.0000e+00


Total elapsed time: 0.0000e+00
Info [verificarlo]: loaded backend libinterflop_ieee.so
Info [interflop-ieee]: load backend with:
Info [interflop-ieee]: debug = false
Info [interflop-ieee]: debug-binary = false
Info [interflop-ieee]: no-backend-name = false
Info [interflop-ieee]: print-new-line = false
Info [interflop-ieee]: print-subnormal-normalized = false
Info [interflop-ieee]: count-op = false
All_Command_lines_OK
Using double precision for computations.
=============================================================================
The composite transform comprises the following transforms (in order): 
  1. /home/mdugre/scratch/mri-registration-rp/datasets/ds004513/derivatives/mri-registration-rp/0100/antsRegistration-r8-p9/sub-s020/rigid_Composite.h5[0] (type = Euler3DTransform)
  2. /home/mdugre/scratch/mri-registration-rp/datasets/ds004513/derivatives/mri-registration-rp/0100/antsRegistration-r8-p9/sub-s020/rigid_Composite.h5[1] (type = Euler3DTransform)
  3. /home/mdugre/scratch/mri-registration-rp/datasets/ds004513/derivatives/mri-registration-rp/0100/antsRegistration-r8-p9/sub-s020/rigid_Composite.h5[2] (type = Euler3DTransform)
=============================================================================
  number of levels = 4
  fixed image: /templateflow/tpl-MNI152NLin2009cAsym/tpl-MNI152NLin2009cAsym_res-01_desc-brain_T1w.nii.gz
  moving image: /home/mdugre/scratch/mri-registration-rp/datasets/ds004513/derivatives/mri-registration-rp/antsBrainExtraction/sub-s020/BrainExtractionBrain.nii.gz
Dimension = 3
Number of stages = 1
Use histogram matching = false
Winsorize image intensities = true
  Lower quantile = 0.005
  Upper quantile = 0.995


Stage 1 State
   Image metric = MattesMI
     Fixed image = Image (0x3401530)
  RTTI typeinfo:   itk::Image<double, 3u>
  Reference Count: 2
  Modified Time: 1594
  Debug: Off
  Object Name: 
  Observers: 
    none
  Source: (none)
  Source output name: (none)
  Release Data: Off
  Data Released: False
  Global Release Data: Off
  PipelineMTime: 0
  UpdateMTime: 1203
  RealTimeStamp: 0 seconds 
  LargestPossibleRegion: 
    Dimension: 3
    Index: [0, 0, 0]
    Size: [193, 229, 193]
  BufferedRegion: 
    Dimension: 3
    Index: [0, 0, 0]
    Size: [193, 229, 193]
  RequestedRegion: 
    Dimension: 3
    Index: [0, 0, 0]
    Size: [193, 229, 193]
  Spacing: [1, 1, 1]
  Origin: [96, 132, -78]
  Direction: 
-1 0 0
0 -1 0
0 0 1

  IndexToPointMatrix: 
-1 0 0
0 -1 0
0 0 1

  PointToIndexMatrix: 
-1 0 0
0 -1 0
0 0 1

  Inverse Direction: 
-1 0 0
0 -1 0
0 0 1

  PixelContainer: 
    ImportImageContainer (0x340e2b0)
      RTTI typeinfo:   itk::ImportImageContainer<unsigned long, double>
      Reference Count: 1
      Modified Time: 1200
      Debug: Off
      Object Name: 
      Observers: 
        none
      Pointer: 0x14e688307010
      Container manages memory: true
      Size: 8530021
      Capacity: 8530021

     Moving image = Image (0x34bcfd0)
  RTTI typeinfo:   itk::Image<double, 3u>
  Reference Count: 2
  Modified Time: 1595
  Debug: Off
  Object Name: 
  Observers: 
    none
  Source: (none)
  Source output name: (none)
  Release Data: Off
  Data Released: False
  Global Release Data: Off
  PipelineMTime: 0
  UpdateMTime: 1592
  RealTimeStamp: 0 seconds 
  LargestPossibleRegion: 
    Dimension: 3
    Index: [0, 0, 0]
    Size: [160, 240, 256]
  BufferedRegion: 
    Dimension: 3
    Index: [0, 0, 0]
    Size: [160, 240, 256]
  RequestedRegion: 
    Dimension: 3
    Index: [0, 0, 0]
    Size: [160, 240, 256]
  Spacing: [0.999995, 1, 1]
  Origin: [87.0906, 98.7205, -152.377]
  Direction: 
-0.996975 0.0261379 -0.0731913
-0.0260677 -0.999658 -0.00191374
-0.0732163 -2.46403e-08 0.997316

  IndexToPointMatrix: 
-0.996971 0.0261379 -0.0731913
-0.0260676 -0.999658 -0.00191374
-0.0732159 -2.46403e-08 0.997316

  PointToIndexMatrix: 
-0.99698 -0.0260679 -0.0732166
0.0261379 -0.999658 -2.46993e-08
-0.0731913 -0.00191374 0.997316

  Inverse Direction: 
-0.996975 -0.0260677 -0.0732163
0.0261379 -0.999658 -2.46993e-08
-0.0731913 -0.00191374 0.997316

  PixelContainer: 
    ImportImageContainer (0x34d4990)
      RTTI typeinfo:   itk::ImportImageContainer<unsigned long, double>
      Reference Count: 1
      Modified Time: 1589
      Debug: Off
      Object Name: 
      Observers: 
        none
      Pointer: 0x14e683806010
      Container manages memory: true
      Size: 9830400
      Capacity: 9830400

     Weighting = 1
     Sampling strategy = regular
     Number of bins = 32
     Radius = 4
     Sampling percentage  = 0.25
   Transform = Affine
     Gradient step = 0.1
     Update field sigma (voxel space) = 0
     Total field sigma (voxel space) = 0
     Update field time sigma = 0
     Total field time sigma  = 0
     Number of time indices = 0
     Number of time point samples = 0
Registration using 1 total stages.

Stage 0
  iterations = 1000x500x250x100
  convergence threshold = 1e-06
  convergence window size = 10
  number of levels = 4
  using the Mattes MI metric (number of bins = 32, weight = 1, use gradient filter = 0)
  preprocessing:  winsorizing the image intensities
  Shrink factors (level 1 out of 4): [8, 8, 8]
  Shrink factors (level 2 out of 4): [4, 4, 4]
  Shrink factors (level 3 out of 4): [2, 2, 2]
  Shrink factors (level 4 out of 4): [1, 1, 1]
  smoothing sigmas per level: [3, 2, 1, 0]
  regular sampling (percentage = 0.25)

*** Running AffineTransform registration ***

DIAGNOSTIC,Iteration,metricValue,convergenceValue,ITERATION_TIME_INDEX,SINCE_LAST
 2DIAGNOSTIC,     1, -5.159930705311e-01, 1.797693134862e+308, 7.7262e-01, 7.7262e-01, 
 2DIAGNOSTIC,     2, -5.180573004033e-01, 1.797693134862e+308, 7.7713e-01, 4.5049e-03, 
 2DIAGNOSTIC,     3, -5.210687290440e-01, 1.797693134862e+308, 7.8123e-01, 4.1020e-03, 
 2DIAGNOSTIC,     4, -5.255659152523e-01, 1.797693134862e+308, 7.8531e-01, 4.0751e-03, 
 2DIAGNOSTIC,     5, -5.331839588650e-01, 1.797693134862e+308, 7.8945e-01, 4.1440e-03, 
 2DIAGNOSTIC,     6, -5.468593571614e-01, 1.797693134862e+308, 7.9361e-01, 4.1561e-03, 
 2DIAGNOSTIC,     7, -5.948070838054e-01, 1.797693134862e+308, 7.9802e-01, 4.4191e-03, 
 2DIAGNOSTIC,     8, -6.548309630929e-01, 1.797693134862e+308, 8.0310e-01, 5.0778e-03, 
 2DIAGNOSTIC,     9, -6.963519259254e-01, 1.797693134862e+308, 8.1016e-01, 7.0620e-03, 
 2DIAGNOSTIC,    10, -7.036238641286e-01, 2.308547311719e-02, 8.1577e-01, 5.6081e-03, 
 2DIAGNOSTIC,    11, -7.128902618833e-01, 2.348396886862e-02, 8.2166e-01, 5.8861e-03, 
 2DIAGNOSTIC,    12, -7.478533533484e-01, 2.305687382608e-02, 8.2694e-01, 5.2772e-03, 
 2DIAGNOSTIC,    13, -7.853867390261e-01, 2.193053915272e-02, 8.3266e-01, 5.7220e-03, 
 2DIAGNOSTIC,    14, -8.063461057604e-01, 1.979793888806e-02, 8.3888e-01, 6.2211e-03, 
 2DIAGNOSTIC,    15, -8.117888209136e-01, 1.665819341556e-02, 8.4441e-01, 5.5361e-03, 
 2DIAGNOSTIC,    16, -8.393598923389e-01, 1.359499017386e-02, 8.4986e-01, 5.4440e-03, 
 2DIAGNOSTIC,    17, -8.524097186046e-01, 1.121121219335e-02, 8.5635e-01, 6.4871e-03, 
 2DIAGNOSTIC,    18, -8.517820714873e-01, 9.481514099378e-03, 8.6225e-01, 5.9061e-03, 
 2DIAGNOSTIC,    19, -8.522859897855e-01, 8.036684401639e-03, 8.6909e-01, 6.8431e-03, 
 2DIAGNOSTIC,    20, -8.522402489988e-01, 6.192447922438e-03, 8.7509e-01, 5.9929e-03, 
 2DIAGNOSTIC,    21, -8.520885969144e-01, 4.151399099779e-03, 8.8008e-01, 4.9958e-03, 
 2DIAGNOSTIC,    22, -8.520105797542e-01, 2.564661216549e-03, 8.8585e-01, 5.7650e-03, 
 2DIAGNOSTIC,    23, -8.521320384431e-01, 1.551512621495e-03, 8.9112e-01, 5.2722e-03, 
 2DIAGNOSTIC,    24, -8.521733122327e-01, 8.444039318473e-04, 8.9623e-01, 5.1141e-03, 
 2DIAGNOSTIC,    25, -8.520717374729e-01, 1.983955365567e-04, 9.0153e-01, 5.2981e-03, 
DIAGNOSTIC,Iteration,metricValue,convergenceValue,ITERATION_TIME_INDEX,SINCE_LAST
 2DIAGNOSTIC,     1, -7.107343806957e-01, 1.797693134862e+308, 1.6838e+00, 7.8231e-01, 
 2DIAGNOSTIC,     2, -7.111709233008e-01, 1.797693134862e+308, 1.7166e+00, 3.2747e-02, 
 2DIAGNOSTIC,     3, -7.115802869987e-01, 1.797693134862e+308, 1.7482e+00, 3.1630e-02, 
 2DIAGNOSTIC,     4, -7.118492959760e-01, 1.797693134862e+308, 1.7833e+00, 3.5104e-02, 
 2DIAGNOSTIC,     5, -7.128020471728e-01, 1.797693134862e+308, 1.8154e+00, 3.2040e-02, 
 2DIAGNOSTIC,     6, -7.135106030022e-01, 1.797693134862e+308, 1.8617e+00, 4.6342e-02, 
 2DIAGNOSTIC,     7, -7.136848422777e-01, 1.797693134862e+308, 1.8938e+00, 3.2131e-02, 
 2DIAGNOSTIC,     8, -7.142045358051e-01, 1.797693134862e+308, 1.9346e+00, 4.0727e-02, 
 2DIAGNOSTIC,     9, -7.144789162083e-01, 1.797693134862e+308, 2.0191e+00, 8.4583e-02, 
 2DIAGNOSTIC,    10, -7.145077906364e-01, 3.811356833992e-04, 2.0552e+00, 3.6073e-02, 
 2DIAGNOSTIC,    11, -7.145086680449e-01, 3.081967884733e-04, 2.0905e+00, 3.5284e-02, 
 2DIAGNOSTIC,    12, -7.144970862721e-01, 2.343244292317e-04, 2.1310e+00, 4.0512e-02, 
 2DIAGNOSTIC,    13, -7.144981473218e-01, 1.636776168035e-04, 2.1679e+00, 3.6935e-02, 
 2DIAGNOSTIC,    14, -7.144868933605e-01, 9.518496476599e-05, 2.2062e+00, 3.8213e-02, 
 2DIAGNOSTIC,    15, -7.144889928662e-01, 5.242219282274e-05, 2.2422e+00, 3.6060e-02, 
 2DIAGNOSTIC,    16, -7.144775009447e-01, 2.789179460588e-05, 2.2755e+00, 3.3240e-02, 
 2DIAGNOSTIC,    17, -7.144670580167e-01, 7.452464462883e-06, 2.3108e+00, 3.5365e-02, 
DIAGNOSTIC,Iteration,metricValue,convergenceValue,ITERATION_TIME_INDEX,SINCE_LAST
 2DIAGNOSTIC,     1, -5.940190886179e-01, 1.797693134862e+308, 3.4237e+00, 1.1129e+00, 
 2DIAGNOSTIC,     2, -5.945859685231e-01, 1.797693134862e+308, 3.6973e+00, 2.7364e-01, 
 2DIAGNOSTIC,     3, -5.951984894227e-01, 1.797693134862e+308, 3.9699e+00, 2.7256e-01, 
 2DIAGNOSTIC,     4, -5.958270294036e-01, 1.797693134862e+308, 4.2426e+00, 2.7267e-01, 
 2DIAGNOSTIC,     5, -5.967739266553e-01, 1.797693134862e+308, 4.5193e+00, 2.7677e-01, 
 2DIAGNOSTIC,     6, -5.972500025865e-01, 1.797693134862e+308, 4.9620e+00, 4.4263e-01, 
 2DIAGNOSTIC,     7, -5.972611016081e-01, 1.797693134862e+308, 5.3042e+00, 3.4220e-01, 
 2DIAGNOSTIC,     8, -5.972606199743e-01, 1.797693134862e+308, 5.6084e+00, 3.0421e-01, 
 2DIAGNOSTIC,     9, -5.972589604773e-01, 1.797693134862e+308, 5.9437e+00, 3.3539e-01, 
 2DIAGNOSTIC,    10, -5.972569346189e-01, 3.734886272149e-04, 6.2514e+00, 3.0767e-01, 
 2DIAGNOSTIC,    11, -5.972498916263e-01, 2.497019764062e-04, 6.5568e+00, 3.0542e-01, 
 2DIAGNOSTIC,    12, -5.972488682216e-01, 1.470621042125e-04, 6.8712e+00, 3.1438e-01, 
 2DIAGNOSTIC,    13, -5.972485702161e-01, 6.967251097047e-05, 7.1297e+00, 2.5849e-01, 
 2DIAGNOSTIC,    14, -5.972451698656e-01, 1.779465495430e-05, 7.4351e+00, 3.0536e-01, 
 2DIAGNOSTIC,    15, -5.972452887926e-01, 1.075987942592e-06, 7.7942e+00, 3.5913e-01, 
DIAGNOSTIC,Iteration,metricValue,convergenceValue,ITERATION_TIME_INDEX,SINCE_LAST
 2DIAGNOSTIC,     1, -5.296356668249e-01, 1.797693134862e+308, 1.0964e+01, 3.1699e+00, 
 2DIAGNOSTIC,     2, -5.299194992705e-01, 1.797693134862e+308, 1.2928e+01, 1.9635e+00, 
 2DIAGNOSTIC,     3, -5.301338997048e-01, 1.797693134862e+308, 1.4722e+01, 1.7944e+00, 
 2DIAGNOSTIC,     4, -5.305802421103e-01, 1.797693134862e+308, 1.7265e+01, 2.5434e+00, 
 2DIAGNOSTIC,     5, -5.308831662207e-01, 1.797693134862e+308, 2.0503e+01, 3.2378e+00, 
 2DIAGNOSTIC,     6, -5.308904327713e-01, 1.797693134862e+308, 2.2485e+01, 1.9822e+00, 
 2DIAGNOSTIC,     7, -5.309368305041e-01, 1.797693134862e+308, 2.4485e+01, 1.9995e+00, 
 2DIAGNOSTIC,     8, -5.310014787088e-01, 1.797693134862e+308, 2.6398e+01, 1.9135e+00, 
 2DIAGNOSTIC,     9, -5.310732536334e-01, 1.797693134862e+308, 2.8355e+01, 1.9570e+00, 
 2DIAGNOSTIC,    10, -5.311181599858e-01, 1.781823243551e-04, 3.0476e+01, 2.1203e+00, 
 2DIAGNOSTIC,    11, -5.311219097555e-01, 1.232178488502e-04, 3.3184e+01, 2.7078e+00, 
 2DIAGNOSTIC,    12, -5.311219879740e-01, 7.951468200851e-05, 3.5131e+01, 1.9470e+00, 
 2DIAGNOSTIC,    13, -5.311220576790e-01, 4.403179967157e-05, 3.7775e+01, 2.6441e+00, 
 2DIAGNOSTIC,    14, -5.311220097370e-01, 2.655486655899e-05, 3.9697e+01, 1.9220e+00, 
 2DIAGNOSTIC,    15, -5.311221347370e-01, 2.002405908587e-05, 4.1626e+01, 1.9293e+00, 
 2DIAGNOSTIC,    16, -5.311220023878e-01, 1.292009984886e-05, 4.4005e+01, 2.3789e+00, 
 2DIAGNOSTIC,    17, -5.311218061128e-01, 7.092786889686e-06, 4.5987e+01, 1.9822e+00, 
 2DIAGNOSTIC,    18, -5.311217519713e-01, 3.309166509362e-06, 4.7939e+01, 1.9524e+00, 
 2DIAGNOSTIC,    19, -5.311215821513e-01, 1.763846688867e-06, 4.9954e+01, 2.0143e+00, 
 2DIAGNOSTIC,    20, -5.311216484637e-01, 1.565891932627e-06, 5.1720e+01, 1.7657e+00, 
 2DIAGNOSTIC,    21, -5.311215005098e-01, 1.480867756053e-06, 5.3497e+01, 1.7775e+00, 
 2DIAGNOSTIC,    22, -5.311215600588e-01, 1.410296484171e-06, 5.5411e+01, 1.9142e+00, 
 2DIAGNOSTIC,    23, -5.311215523484e-01, 1.350711534259e-06, 5.7406e+01, 1.9943e+00, 
 2DIAGNOSTIC,    24, -5.311214000709e-01, 1.294555107119e-06, 5.9140e+01, 1.7340e+00, 
 2DIAGNOSTIC,    25, -5.311213219398e-01, 1.246968809439e-06, 6.1075e+01, 1.9353e+00, 
 2DIAGNOSTIC,    26, -5.311210654833e-01, 1.197569198121e-06, 6.2830e+01, 1.7551e+00, 
 2DIAGNOSTIC,    27, -5.311206413309e-01, 1.142091332854e-06, 6.5312e+01, 2.4818e+00, 
 2DIAGNOSTIC,    28, -5.311207438640e-01, 1.095162075061e-06, 6.7475e+01, 2.1628e+00, 
 2DIAGNOSTIC,    29, -5.311203456501e-01, 1.044663023426e-06, 6.9605e+01, 2.1300e+00, 
  Elapsed time (stage 0): 7.0681e+01


Total elapsed time: 7.0683e+01
Info [verificarlo]: loaded backend libinterflop_ieee.so
Info [interflop-ieee]: load backend with:
Info [interflop-ieee]: debug = false
Info [interflop-ieee]: debug-binary = false
Info [interflop-ieee]: no-backend-name = false
Info [interflop-ieee]: print-new-line = false
Info [interflop-ieee]: print-subnormal-normalized = false
Info [interflop-ieee]: count-op = false
All_Command_lines_OK
Using double precision for computations.
=============================================================================
The composite transform comprises the following transforms (in order): 
  1. /home/mdugre/scratch/mri-registration-rp/datasets/ds004513/derivatives/mri-registration-rp/0100/antsRegistration-r8-p9/sub-s020/affine_Composite.h5[0] (type = Euler3DTransform)
  2. /home/mdugre/scratch/mri-registration-rp/datasets/ds004513/derivatives/mri-registration-rp/0100/antsRegistration-r8-p9/sub-s020/affine_Composite.h5[1] (type = Euler3DTransform)
  3. /home/mdugre/scratch/mri-registration-rp/datasets/ds004513/derivatives/mri-registration-rp/0100/antsRegistration-r8-p9/sub-s020/affine_Composite.h5[2] (type = Euler3DTransform)
  4. /home/mdugre/scratch/mri-registration-rp/datasets/ds004513/derivatives/mri-registration-rp/0100/antsRegistration-r8-p9/sub-s020/affine_Composite.h5[3] (type = AffineTransform)
=============================================================================
  number of levels = 4
  fixed image: /templateflow/tpl-MNI152NLin2009cAsym/tpl-MNI152NLin2009cAsym_res-01_desc-brain_T1w.nii.gz
  moving image: /home/mdugre/scratch/mri-registration-rp/datasets/ds004513/derivatives/mri-registration-rp/antsBrainExtraction/sub-s020/BrainExtractionBrain.nii.gz
Dimension = 3
Number of stages = 1
Use histogram matching = false
Winsorize image intensities = true
  Lower quantile = 0.005
  Upper quantile = 0.995


Stage 1 State
   Image metric = CC
     Fixed image = Image (0x4baea40)
  RTTI typeinfo:   itk::Image<double, 3u>
  Reference Count: 2
  Modified Time: 1608
  Debug: Off
  Object Name: 
  Observers: 
    none
  Source: (none)
  Source output name: (none)
  Release Data: Off
  Data Released: False
  Global Release Data: Off
  PipelineMTime: 0
  UpdateMTime: 1217
  RealTimeStamp: 0 seconds 
  LargestPossibleRegion: 
    Dimension: 3
    Index: [0, 0, 0]
    Size: [193, 229, 193]
  BufferedRegion: 
    Dimension: 3
    Index: [0, 0, 0]
    Size: [193, 229, 193]
  RequestedRegion: 
    Dimension: 3
    Index: [0, 0, 0]
    Size: [193, 229, 193]
  Spacing: [1, 1, 1]
  Origin: [96, 132, -78]
  Direction: 
-1 0 0
0 -1 0
0 0 1

  IndexToPointMatrix: 
-1 0 0
0 -1 0
0 0 1

  PointToIndexMatrix: 
-1 0 0
0 -1 0
0 0 1

  Inverse Direction: 
-1 0 0
0 -1 0
0 0 1

  PixelContainer: 
    ImportImageContainer (0x4c7d780)
      RTTI typeinfo:   itk::ImportImageContainer<unsigned long, double>
      Reference Count: 1
      Modified Time: 1214
      Debug: Off
      Object Name: 
      Observers: 
        none
      Pointer: 0x14ef82225010
      Container manages memory: true
      Size: 8530021
      Capacity: 8530021

     Moving image = Image (0x4c7f390)
  RTTI typeinfo:   itk::Image<double, 3u>
  Reference Count: 2
  Modified Time: 1609
  Debug: Off
  Object Name: 
  Observers: 
    none
  Source: (none)
  Source output name: (none)
  Release Data: Off
  Data Released: False
  Global Release Data: Off
  PipelineMTime: 0
  UpdateMTime: 1606
  RealTimeStamp: 0 seconds 
  LargestPossibleRegion: 
    Dimension: 3
    Index: [0, 0, 0]
    Size: [160, 240, 256]
  BufferedRegion: 
    Dimension: 3
    Index: [0, 0, 0]
    Size: [160, 240, 256]
  RequestedRegion: 
    Dimension: 3
    Index: [0, 0, 0]
    Size: [160, 240, 256]
  Spacing: [0.999995, 1, 1]
  Origin: [87.0906, 98.7205, -152.377]
  Direction: 
-0.996975 0.0261379 -0.0731913
-0.0260677 -0.999658 -0.00191374
-0.0732163 -2.46403e-08 0.997316

  IndexToPointMatrix: 
-0.996971 0.0261379 -0.0731913
-0.0260676 -0.999658 -0.00191374
-0.0732159 -2.46403e-08 0.997316

  PointToIndexMatrix: 
-0.99698 -0.0260679 -0.0732166
0.0261379 -0.999658 -2.46993e-08
-0.0731913 -0.00191374 0.997316

  Inverse Direction: 
-0.996975 -0.0260677 -0.0732163
0.0261379 -0.999658 -2.46993e-08
-0.0731913 -0.00191374 0.997316

  PixelContainer: 
    ImportImageContainer (0x4c346f0)
      RTTI typeinfo:   itk::ImportImageContainer<unsigned long, double>
      Reference Count: 1
      Modified Time: 1603
      Debug: Off
      Object Name: 
      Observers: 
        none
      Pointer: 0x14ef7d724010
      Container manages memory: true
      Size: 9830400
      Capacity: 9830400

     Weighting = 1
     Sampling strategy = none
     Number of bins = 32
     Radius = 4
     Sampling percentage  = 1
   Transform = SyN
     Gradient step = 0.1
     Update field sigma (voxel space) = 3
     Total field sigma (voxel space) = 0
     Update field time sigma = 0
     Total field time sigma  = 0
     Number of time indices = 0
     Number of time point samples = 0
Registration using 1 total stages.

Stage 0
  iterations = 100x70x50x20
  convergence threshold = 1e-06
  convergence window size = 10
  number of levels = 4
  using the CC metric (radius = 4, weight = 1, use gradient filter = 0)
  preprocessing:  winsorizing the image intensities
  Shrink factors (level 1 out of 4): [8, 8, 8]
  Shrink factors (level 2 out of 4): [4, 4, 4]
  Shrink factors (level 3 out of 4): [2, 2, 2]
  Shrink factors (level 4 out of 4): [1, 1, 1]
  smoothing sigmas per level: [3, 2, 1, 0]
  Using default NONE metricSamplingStrategy 

*** Running SyN registration (varianceForUpdateField = 3, varianceForTotalField = 0) ***

XXDIAGNOSTIC,Iteration,metricValue,convergenceValue,ITERATION_TIME_INDEX,SINCE_LAST
 1DIAGNOSTIC,     1, -9.062687999609e-01, 1.797693134862e+308, 1.0901e+00, 1.0901e+00, 
 1DIAGNOSTIC,     2, -9.136563191271e-01, 1.797693134862e+308, 1.4223e+00, 3.3222e-01, 
 1DIAGNOSTIC,     3, -9.188924508469e-01, 1.797693134862e+308, 1.7574e+00, 3.3511e-01, 
 1DIAGNOSTIC,     4, -9.223078450372e-01, 1.797693134862e+308, 2.1010e+00, 3.4360e-01, 
 1DIAGNOSTIC,     5, -9.247891126321e-01, 1.797693134862e+308, 2.4289e+00, 3.2787e-01, 
 1DIAGNOSTIC,     6, -9.264478669123e-01, 1.797693134862e+308, 2.7817e+00, 3.5280e-01, 
 1DIAGNOSTIC,     7, -9.277194285725e-01, 1.797693134862e+308, 3.1163e+00, 3.3460e-01, 
 1DIAGNOSTIC,     8, -9.286902564131e-01, 1.797693134862e+308, 3.4500e+00, 3.3371e-01, 
 1DIAGNOSTIC,     9, -9.294759990870e-01, 1.797693134862e+308, 3.7871e+00, 3.3712e-01, 
 1DIAGNOSTIC,    10, -9.301403822072e-01, 1.462094735810e-03, 4.1318e+00, 3.4469e-01, 
 1DIAGNOSTIC,    11, -9.306798103717e-01, 9.516745392905e-04, 4.4830e+00, 3.5119e-01, 
 1DIAGNOSTIC,    12, -9.311634907142e-01, 6.411858024104e-04, 4.8182e+00, 3.3521e-01, 
 1DIAGNOSTIC,    13, -9.316003347261e-01, 4.538259528065e-04, 5.1549e+00, 3.3668e-01, 
 1DIAGNOSTIC,    14, -9.319934310233e-01, 3.349454780962e-04, 5.4975e+00, 3.4267e-01, 
 1DIAGNOSTIC,    15, -9.323454499002e-01, 2.590237648295e-04, 5.8521e+00, 3.5454e-01, 
 1DIAGNOSTIC,    16, -9.326749776113e-01, 2.067860317557e-04, 6.2104e+00, 3.5835e-01, 
 1DIAGNOSTIC,    17, -9.329732720545e-01, 1.698842026365e-04, 6.5763e+00, 3.6587e-01, 
 1DIAGNOSTIC,    18, -9.332658919811e-01, 1.428549314815e-04, 6.9491e+00, 3.7275e-01, 
 1DIAGNOSTIC,    19, -9.335432429822e-01, 1.225475288006e-04, 7.3251e+00, 3.7605e-01, 
 1DIAGNOSTIC,    20, -9.337975492286e-01, 1.069646502143e-04, 7.6855e+00, 3.6041e-01, 
 1DIAGNOSTIC,    21, -9.340378403836e-01, 9.429746174600e-05, 8.0455e+00, 3.6001e-01, 
 1DIAGNOSTIC,    22, -9.342730966501e-01, 8.401330574068e-05, 8.3923e+00, 3.4681e-01, 
 1DIAGNOSTIC,    23, -9.344972132250e-01, 7.559014624382e-05, 8.7425e+00, 3.5018e-01, 
 1DIAGNOSTIC,    24, -9.347035946908e-01, 6.846526862516e-05, 9.0931e+00, 3.5054e-01, 
 1DIAGNOSTIC,    25, -9.349033338530e-01, 6.228131167581e-05, 9.4363e+00, 3.4321e-01, 
 1DIAGNOSTIC,    26, -9.350920909207e-01, 5.686622448459e-05, 9.7791e+00, 3.4283e-01, 
 1DIAGNOSTIC,    27, -9.352769884893e-01, 5.201662820079e-05, 1.0123e+01, 3.4394e-01, 
 1DIAGNOSTIC,    28, -9.354442645122e-01, 4.767566228101e-05, 1.0467e+01, 3.4359e-01, 
 1DIAGNOSTIC,    29, -9.356044383777e-01, 4.379922241030e-05, 1.0811e+01, 3.4424e-01, 
 1DIAGNOSTIC,    30, -9.357570160451e-01, 4.024178956854e-05, 1.1153e+01, 3.4225e-01, 
 1DIAGNOSTIC,    31, -9.358980729452e-01, 3.691632604974e-05, 1.1486e+01, 3.3283e-01, 
 1DIAGNOSTIC,    32, -9.360325011639e-01, 3.388380926176e-05, 1.1828e+01, 3.4248e-01, 
 1DIAGNOSTIC,    33, -9.361668947312e-01, 3.119638020276e-05, 1.2174e+01, 3.4602e-01, 
 1DIAGNOSTIC,    34, -9.362906537431e-01, 2.872523092485e-05, 1.2509e+01, 3.3453e-01, 
 1DIAGNOSTIC,    35, -9.364154728646e-01, 2.655341690176e-05, 1.2852e+01, 3.4324e-01, 
