
##########################
# Experiment information #
##########################

EXPERIMENT_NAME: antsRegistration-r7-p23
VFC_BACKENDS: libinterflop_vprec.so --range-binary32=7 --precision-binary32=23 --range-binary64=7 --precision-binary64=23

SIF_IMG: /home/mdugre/projects/rrg-glatard/mdugre/containers/ants-vprec-no_metrics.simg

SUBJECT_ID: s025
INPUT_IMG: /home/mdugre/scratch/mri-registration-rp/datasets/ds004513/derivatives/mri-registration-rp/antsBrainExtraction/sub-s025/BrainExtractionBrain.nii.gz
OUTPUT_DIR: /home/mdugre/scratch/mri-registration-rp/datasets/ds004513/derivatives/mri-registration-rp/0100/antsRegistration-r7-p23/sub-s025

FIXED_IMG: /templateflow/tpl-MNI152NLin2009cAsym/tpl-MNI152NLin2009cAsym_res-01_desc-brain_T1w.nii.gz
DATA_DIR: /home/mdugre/scratch/mri-registration-rp/datasets/ds004513
TEMPLATEFLOW_DIR: /home/mdugre/projects/rrg-glatard/mdugre/templateflow
ITK_GLOBAL_DEFAULT_NUMBER_OF_THREADS: 16
##########################

Info [verificarlo]: loaded backend libinterflop_ieee.so
Info [interflop-ieee]: load backend with:
Info [interflop-ieee]: debug = false
Info [interflop-ieee]: debug-binary = false
Info [interflop-ieee]: no-backend-name = false
Info [interflop-ieee]: print-new-line = false
Info [interflop-ieee]: print-subnormal-normalized = false
Info [interflop-ieee]: count-op = false
All_Command_lines_OK
Using double precision for computations.
=============================================================================
The composite transform comprises the following transforms (in order): 
  1. Center of mass alignment using fixed image: /templateflow/tpl-MNI152NLin2009cAsym/tpl-MNI152NLin2009cAsym_res-01_desc-brain_T1w.nii.gz and moving image: /home/mdugre/scratch/mri-registration-rp/datasets/ds004513/derivatives/mri-registration-rp/antsBrainExtraction/sub-s025/BrainExtractionBrain.nii.gz (type = Euler3DTransform)
=============================================================================
  number of levels = 1
  fixed image: /templateflow/tpl-MNI152NLin2009cAsym/tpl-MNI152NLin2009cAsym_res-01_desc-brain_T1w.nii.gz
  moving image: /home/mdugre/scratch/mri-registration-rp/datasets/ds004513/derivatives/mri-registration-rp/antsBrainExtraction/sub-s025/BrainExtractionBrain.nii.gz
Dimension = 3
Number of stages = 1
Use histogram matching = false
Winsorize image intensities = true
  Lower quantile = 0.005
  Upper quantile = 0.995


Stage 1 State
   Image metric = MattesMI
     Fixed image = Image (0x3f74e70)
  RTTI typeinfo:   itk::Image<double, 3u>
  Reference Count: 2
  Modified Time: 2334
  Debug: Off
  Object Name: 
  Observers: 
    none
  Source: (none)
  Source output name: (none)
  Release Data: Off
  Data Released: False
  Global Release Data: Off
  PipelineMTime: 0
  UpdateMTime: 1943
  RealTimeStamp: 0 seconds 
  LargestPossibleRegion: 
    Dimension: 3
    Index: [0, 0, 0]
    Size: [193, 229, 193]
  BufferedRegion: 
    Dimension: 3
    Index: [0, 0, 0]
    Size: [193, 229, 193]
  RequestedRegion: 
    Dimension: 3
    Index: [0, 0, 0]
    Size: [193, 229, 193]
  Spacing: [1, 1, 1]
  Origin: [96, 132, -78]
  Direction: 
-1 0 0
0 -1 0
0 0 1

  IndexToPointMatrix: 
-1 0 0
0 -1 0
0 0 1

  PointToIndexMatrix: 
-1 0 0
0 -1 0
0 0 1

  Inverse Direction: 
-1 0 0
0 -1 0
0 0 1

  PixelContainer: 
    ImportImageContainer (0x3f7dc60)
      RTTI typeinfo:   itk::ImportImageContainer<unsigned long, double>
      Reference Count: 1
      Modified Time: 1940
      Debug: Off
      Object Name: 
      Observers: 
        none
      Pointer: 0x15400707d010
      Container manages memory: true
      Size: 8530021
      Capacity: 8530021

     Moving image = Image (0x3f80610)
  RTTI typeinfo:   itk::Image<double, 3u>
  Reference Count: 2
  Modified Time: 2335
  Debug: Off
  Object Name: 
  Observers: 
    none
  Source: (none)
  Source output name: (none)
  Release Data: Off
  Data Released: False
  Global Release Data: Off
  PipelineMTime: 0
  UpdateMTime: 2332
  RealTimeStamp: 0 seconds 
  LargestPossibleRegion: 
    Dimension: 3
    Index: [0, 0, 0]
    Size: [176, 240, 256]
  BufferedRegion: 
    Dimension: 3
    Index: [0, 0, 0]
    Size: [176, 240, 256]
  RequestedRegion: 
    Dimension: 3
    Index: [0, 0, 0]
    Size: [176, 240, 256]
  Spacing: [0.999999, 1, 1]
  Origin: [90.3778, 84.5091, -154.071]
  Direction: 
-0.999391 7.48184e-06 -0.0348969
-7.47664e-06 -1 -2.7953e-07
-0.0348969 -1.84481e-08 0.999391

  IndexToPointMatrix: 
-0.99939 7.48184e-06 -0.0348969
-7.47663e-06 -1 -2.7953e-07
-0.0348968 -1.84481e-08 0.999391

  PointToIndexMatrix: 
-0.999392 -7.47665e-06 -0.0348969
7.48184e-06 -1 -1.84481e-08
-0.0348969 -2.7953e-07 0.999391

  Inverse Direction: 
-0.999391 -7.47664e-06 -0.0348969
7.48184e-06 -1 -1.84481e-08
-0.0348969 -2.7953e-07 0.999391

  PixelContainer: 
    ImportImageContainer (0x4019ef0)
      RTTI typeinfo:   itk::ImportImageContainer<unsigned long, double>
      Reference Count: 1
      Modified Time: 2329
      Debug: Off
      Object Name: 
      Observers: 
        none
      Pointer: 0x154001dfc010
      Container manages memory: true
      Size: 10813440
      Capacity: 10813440

     Weighting = 1
     Sampling strategy = regular
     Number of bins = 32
     Radius = 4
     Sampling percentage  = 0.25
   Transform = Rigid
     Gradient step = 0.1
     Update field sigma (voxel space) = 0
     Total field sigma (voxel space) = 0
     Update field time sigma = 0
     Total field time sigma  = 0
     Number of time indices = 0
     Number of time point samples = 0
Registration using 1 total stages.

Stage 0
  iterations = 0
  convergence threshold = 1e-06
  convergence window size = 10
  number of levels = 1
  using the Mattes MI metric (number of bins = 32, weight = 1, use gradient filter = 0)
  preprocessing:  winsorizing the image intensities
  Shrink factors (level 1 out of 1): [1, 1, 1]
  smoothing sigmas per level: [0]
  regular sampling (percentage = 0.25)

*** Running Euler3DTransform registration ***

  Elapsed time (stage 0): 1.10039


Total elapsed time: 1.10253
Info [verificarlo]: loaded backend libinterflop_vprec.so
Info [interflop-vprec]: load backend with: 
Info [interflop-vprec]: precision-binary32 = 23
Info [interflop-vprec]: range-binary32 = 7
Info [interflop-vprec]: precision-binary64 = 23
Info [interflop-vprec]: range-binary64 = 7
Info [interflop-vprec]: mode = ob
Info [interflop-vprec]: error-mode = rel
Info [interflop-vprec]: max-abs-error-exponent = -1022
Info [interflop-vprec]: daz = false
Info [interflop-vprec]: ftz = false
Info [interflop-vprec]: 	instrument = none
Info [interflop-vprec]: 	prec-input-file = (null)
Info [interflop-vprec]: 	prec-output-file = (null)
Info [interflop-vprec]: 	prec-log-file = (null)
All_Command_lines_OK
Using double precision for computations.
=============================================================================
The composite transform comprises the following transforms (in order): 
  1. /home/mdugre/scratch/mri-registration-rp/datasets/ds004513/derivatives/mri-registration-rp/0100/antsRegistration-r7-p23/sub-s025/align_Composite.h5[0] (type = Euler3DTransform)
  2. /home/mdugre/scratch/mri-registration-rp/datasets/ds004513/derivatives/mri-registration-rp/0100/antsRegistration-r7-p23/sub-s025/align_Composite.h5[1] (type = Euler3DTransform)
=============================================================================
  number of levels = 4
  fixed image: /templateflow/tpl-MNI152NLin2009cAsym/tpl-MNI152NLin2009cAsym_res-01_desc-brain_T1w.nii.gz
  moving image: /home/mdugre/scratch/mri-registration-rp/datasets/ds004513/derivatives/mri-registration-rp/antsBrainExtraction/sub-s025/BrainExtractionBrain.nii.gz
Dimension = 3
Number of stages = 1
Use histogram matching = false
Winsorize image intensities = true
  Lower quantile = 0.005
  Upper quantile = 0.995


Stage 1 State
   Image metric = MattesMI
     Fixed image = Image (0x45551e0)
  RTTI typeinfo:   itk::Image<double, 3u>
  Reference Count: 2
  Modified Time: 1580
  Debug: Off
  Object Name: 
  Observers: 
    none
  Source: (none)
  Source output name: (none)
  Release Data: Off
  Data Released: False
  Global Release Data: Off
  PipelineMTime: 0
  UpdateMTime: 1189
  RealTimeStamp: 0 seconds 
  LargestPossibleRegion: 
    Dimension: 3
    Index: [0, 0, 0]
    Size: [193, 229, 193]
  BufferedRegion: 
    Dimension: 3
    Index: [0, 0, 0]
    Size: [193, 229, 193]
  RequestedRegion: 
    Dimension: 3
    Index: [0, 0, 0]
    Size: [193, 229, 193]
  Spacing: [1, 1, 1]
  Origin: [96, 132, -78]
  Direction: 
-1 0 0
0 -1 0
0 0 1

  IndexToPointMatrix: 
-1 0 0
0 -1 0
0 0 1

  PointToIndexMatrix: 
-1 0 0
0 -1 0
0 0 1

  Inverse Direction: 
-1 0 0
0 -1 0
0 0 1

  PixelContainer: 
    ImportImageContainer (0x4614680)
      RTTI typeinfo:   itk::ImportImageContainer<unsigned long, double>
      Reference Count: 1
      Modified Time: 1186
      Debug: Off
      Object Name: 
      Observers: 
        none
      Pointer: 0x14b0f4bd9010
      Container manages memory: true
      Size: 8530021
      Capacity: 8530021

     Moving image = Image (0x4610b20)
  RTTI typeinfo:   itk::Image<double, 3u>
  Reference Count: 2
  Modified Time: 1581
  Debug: Off
  Object Name: 
  Observers: 
    none
  Source: (none)
  Source output name: (none)
  Release Data: Off
  Data Released: False
  Global Release Data: Off
  PipelineMTime: 0
  UpdateMTime: 1578
  RealTimeStamp: 0 seconds 
  LargestPossibleRegion: 
    Dimension: 3
    Index: [0, 0, 0]
    Size: [176, 240, 256]
  BufferedRegion: 
    Dimension: 3
    Index: [0, 0, 0]
    Size: [176, 240, 256]
  RequestedRegion: 
    Dimension: 3
    Index: [0, 0, 0]
    Size: [176, 240, 256]
  Spacing: [0.999999, 1, 1]
  Origin: [90.3778, 84.5091, -154.071]
  Direction: 
-0.999391 7.48184e-06 -0.0348969
-7.47664e-06 -1 -2.7953e-07
-0.0348969 -1.84481e-08 0.999391

  IndexToPointMatrix: 
-0.99939 7.48184e-06 -0.0348969
-7.47663e-06 -1 -2.7953e-07
-0.0348968 -1.84481e-08 0.999391

  PointToIndexMatrix: 
-0.999392 -7.47665e-06 -0.0348969
7.48496e-06 -1 -1.07778e-07
-0.0348969 -3.68914e-07 0.999391

  Inverse Direction: 
-0.999391 -7.47664e-06 -0.0348969
7.48496e-06 -1 -1.07778e-07
-0.0348969 -3.68914e-07 0.999391

  PixelContainer: 
    ImportImageContainer (0x4679d50)
      RTTI typeinfo:   itk::ImportImageContainer<unsigned long, double>
      Reference Count: 1
      Modified Time: 1575
      Debug: Off
      Object Name: 
      Observers: 
        none
      Pointer: 0x14b0ef958010
      Container manages memory: true
      Size: 10813440
      Capacity: 10813440

     Weighting = 1
     Sampling strategy = regular
     Number of bins = 32
     Radius = 4
     Sampling percentage  = 0.25
   Transform = Rigid
     Gradient step = 0.1
     Update field sigma (voxel space) = 0
     Total field sigma (voxel space) = 0
     Update field time sigma = 0
     Total field time sigma  = 0
     Number of time indices = 0
     Number of time point samples = 0
Registration using 1 total stages.

Stage 0
  iterations = 1000x500x250x100
  convergence threshold = 1e-06
  convergence window size = 10
  number of levels = 4
  using the Mattes MI metric (number of bins = 32, weight = 1, use gradient filter = 0)
  preprocessing:  winsorizing the image intensities
  Shrink factors (level 1 out of 4): [8, 8, 8]
  Shrink factors (level 2 out of 4): [4, 4, 4]
  Shrink factors (level 3 out of 4): [2, 2, 2]
  Shrink factors (level 4 out of 4): [1, 1, 1]
  smoothing sigmas per level: [3, 2, 1, 0]
  regular sampling (percentage = 0.25)

*** Running Euler3DTransform registration ***

DIAGNOSTIC,Iteration,metricValue,convergenceValue,ITERATION_TIME_INDEX,SINCE_LAST
 2DIAGNOSTIC,     1, -5.323240376544e-01, 1.797693134862e+308, 0.0000e+00, 0.0000e+00, 
 2DIAGNOSTIC,     2, -5.346186923793e-01, 1.797693134862e+308, 0.0000e+00, 0.0000e+00, 
 2DIAGNOSTIC,     3, -5.378033681847e-01, 1.797693134862e+308, 0.0000e+00, 0.0000e+00, 
 2DIAGNOSTIC,     4, -5.422958737394e-01, 1.797693134862e+308, 0.0000e+00, 0.0000e+00, 
 2DIAGNOSTIC,     5, -5.486859310261e-01, 1.797693134862e+308, 0.0000e+00, 0.0000e+00, 
 2DIAGNOSTIC,     6, -5.542807813419e-01, 1.797693134862e+308, 0.0000e+00, 0.0000e+00, 
 2DIAGNOSTIC,     7, -5.627185206188e-01, 1.797693134862e+308, 0.0000e+00, 0.0000e+00, 
 2DIAGNOSTIC,     8, -5.766795083391e-01, 1.797693134862e+308, 0.0000e+00, 0.0000e+00, 
 2DIAGNOSTIC,     9, -5.880944941129e-01, 1.797693134862e+308, 0.0000e+00, 0.0000e+00, 
 2DIAGNOSTIC,    10, -6.000928254949e-01, 7.760630219552e-03, 0.0000e+00, 0.0000e+00, 
 2DIAGNOSTIC,    11, -6.190357674299e-01, 8.508666075449e-03, 0.0000e+00, 0.0000e+00, 
 2DIAGNOSTIC,    12, -6.213717702833e-01, 8.539562641537e-03, 0.0000e+00, 0.0000e+00, 
 2DIAGNOSTIC,    13, -6.250312290707e-01, 8.060814029454e-03, 0.0000e+00, 0.0000e+00, 
 2DIAGNOSTIC,    14, -6.325118490457e-01, 7.342772667962e-03, 0.0000e+00, 0.0000e+00, 
 2DIAGNOSTIC,    15, -6.380060889947e-01, 6.437885560657e-03, 0.0000e+00, 0.0000e+00, 
 2DIAGNOSTIC,    16, -6.408157246002e-01, 5.315594141417e-03, 0.0000e+00, 0.0000e+00, 
 2DIAGNOSTIC,    17, -6.418575542182e-01, 4.117533198527e-03, 0.0000e+00, 0.0000e+00, 
 2DIAGNOSTIC,    18, -6.439719746997e-01, 3.117865683351e-03, 0.0000e+00, 0.0000e+00, 
 2DIAGNOSTIC,    19, -6.519768589408e-01, 2.426242695325e-03, 0.0000e+00, 0.0000e+00, 
 2DIAGNOSTIC,    20, -6.646551021556e-01, 2.152404374799e-03, 0.0000e+00, 0.0000e+00, 
 2DIAGNOSTIC,    21, -6.853471817234e-01, 2.591744627328e-03, 0.0000e+00, 0.0000e+00, 
 2DIAGNOSTIC,    22, -7.367698228791e-01, 3.871250463137e-03, 0.0000e+00, 0.0000e+00, 
 2DIAGNOSTIC,    23, -7.412169281318e-01, 4.796248429315e-03, 0.0000e+00, 0.0000e+00, 
 2DIAGNOSTIC,    24, -7.447197894215e-01, 5.402326656618e-03, 0.0000e+00, 0.0000e+00, 
 2DIAGNOSTIC,    25, -7.484970991676e-01, 5.622888835372e-03, 0.0000e+00, 0.0000e+00, 
 2DIAGNOSTIC,    26, -7.499726091759e-01, 5.364570142825e-03, 0.0000e+00, 0.0000e+00, 
 2DIAGNOSTIC,    27, -7.506241655763e-01, 4.644294267740e-03, 0.0000e+00, 0.0000e+00, 
 2DIAGNOSTIC,    28, -7.516236544933e-01, 3.599454841092e-03, 0.0000e+00, 0.0000e+00, 
 2DIAGNOSTIC,    29, -7.552277831581e-01, 2.487717098834e-03, 0.0000e+00, 0.0000e+00, 
 2DIAGNOSTIC,    30, -7.555626531047e-01, 1.418832467586e-03, 0.0000e+00, 0.0000e+00, 
 2DIAGNOSTIC,    31, -7.559538470974e-01, 5.752143999547e-04, 0.0000e+00, 0.0000e+00, 
 2DIAGNOSTIC,    32, -7.560713266766e-01, 4.399082724139e-04, 0.0000e+00, 0.0000e+00, 
 2DIAGNOSTIC,    33, -7.562555985577e-01, 3.327004835786e-04, 0.0000e+00, 0.0000e+00, 
 2DIAGNOSTIC,    34, -7.565195957908e-01, 2.473638500400e-04, 0.0000e+00, 0.0000e+00, 
 2DIAGNOSTIC,    35, -7.570649360348e-01, 1.968265720230e-04, 0.0000e+00, 0.0000e+00, 
 2DIAGNOSTIC,    36, -7.571943998157e-01, 1.504261669780e-04, 0.0000e+00, 0.0000e+00, 
 2DIAGNOSTIC,    37, -7.582233998519e-01, 1.123285376238e-04, 0.0000e+00, 0.0000e+00, 
 2DIAGNOSTIC,    38, -7.582665785521e-01, 7.628581316153e-05, 0.0000e+00, 0.0000e+00, 
 2DIAGNOSTIC,    39, -7.597260799323e-01, 9.015162665471e-05, 0.0000e+00, 0.0000e+00, 
 2DIAGNOSTIC,    40, -7.607105821932e-01, 1.082204051669e-04, 0.0000e+00, 0.0000e+00, 
 2DIAGNOSTIC,    41, -7.608462138429e-01, 1.203376318347e-04, 0.0000e+00, 0.0000e+00, 
 2DIAGNOSTIC,    42, -7.608112646116e-01, 1.214631657831e-04, 0.0000e+00, 0.0000e+00, 
 2DIAGNOSTIC,    43, -7.610176934712e-01, 1.149309355342e-04, 0.0000e+00, 0.0000e+00, 
 2DIAGNOSTIC,    44, -7.610099314280e-01, 9.999689710306e-05, 0.0000e+00, 0.0000e+00, 
 2DIAGNOSTIC,    45, -7.608815594090e-01, 8.009078049797e-05, 0.0000e+00, 0.0000e+00, 
 2DIAGNOSTIC,    46, -7.608465562406e-01, 5.439081104075e-05, 0.0000e+00, 0.0000e+00, 
 2DIAGNOSTIC,    47, -7.608960204160e-01, 3.454999304123e-05, 0.0000e+00, 0.0000e+00, 
 2DIAGNOSTIC,    48, -7.610482724936e-01, 1.377272234404e-05, 0.0000e+00, 0.0000e+00, 
 2DIAGNOSTIC,    49, -7.610858616737e-01, 5.006181139456e-06, 0.0000e+00, 0.0000e+00, 
 2DIAGNOSTIC,    50, -7.612619212159e-01, 5.783054150141e-06, 0.0000e+00, 0.0000e+00, 
 2DIAGNOSTIC,    51, -7.618802837050e-01, 1.212350129938e-05, 0.0000e+00, 0.0000e+00, 
 2DIAGNOSTIC,    52, -7.616684879896e-01, 1.496619983557e-05, 0.0000e+00, 0.0000e+00, 
 2DIAGNOSTIC,    53, -7.616738912997e-01, 1.804525579619e-05, 0.0000e+00, 0.0000e+00, 
 2DIAGNOSTIC,    54, -7.617990038148e-01, 2.029228131127e-05, 0.0000e+00, 0.0000e+00, 
 2DIAGNOSTIC,    55, -7.618116610288e-01, 1.964762674685e-05, 0.0000e+00, 0.0000e+00, 
 2DIAGNOSTIC,    56, -7.618326818214e-01, 1.704434140260e-05, 0.0000e+00, 0.0000e+00, 
 2DIAGNOSTIC,    57, -7.620302475956e-01, 1.473689630671e-05, 0.0000e+00, 0.0000e+00, 
 2DIAGNOSTIC,    58, -7.620380558561e-01, 1.232183960601e-05, 0.0000e+00, 0.0000e+00, 
 2DIAGNOSTIC,    59, -7.619451365017e-01, 8.485191927386e-06, 0.0000e+00, 0.0000e+00, 
 2DIAGNOSTIC,    60, -7.618520467501e-01, 4.486434058346e-06, 0.0000e+00, 0.0000e+00, 
 2DIAGNOSTIC,    61, -7.620337663664e-01, 5.606509209138e-06, 0.0000e+00, 0.0000e+00, 
 2DIAGNOSTIC,    62, -7.630921391465e-01, 1.164446673162e-05, 0.0000e+00, 0.0000e+00, 
 2DIAGNOSTIC,    63, -7.628053303025e-01, 1.439846787799e-05, 0.0000e+00, 0.0000e+00, 
 2DIAGNOSTIC,    64, -7.629746126607e-01, 1.775877932766e-05, 0.0000e+00, 0.0000e+00, 
 2DIAGNOSTIC,    65, -7.627772668001e-01, 1.828459017668e-05, 0.0000e+00, 0.0000e+00, 
 2DIAGNOSTIC,    66, -7.627201857217e-01, 1.679997590629e-05, 0.0000e+00, 0.0000e+00, 
 2DIAGNOSTIC,    67, -7.626538958698e-01, 1.447179034719e-05, 0.0000e+00, 0.0000e+00, 
 2DIAGNOSTIC,    68, -7.622655509811e-01, 8.649264355551e-06, 0.0000e+00, 0.0000e+00, 
 2DIAGNOSTIC,    69, -7.625002529034e-01, 3.221344325254e-06, 0.0000e+00, 0.0000e+00, 
DIAGNOSTIC,Iteration,metricValue,convergenceValue,ITERATION_TIME_INDEX,SINCE_LAST
 2DIAGNOSTIC,     1, -6.094769971805e-01, 1.797693134862e+308, 0.0000e+00, 0.0000e+00, 
 2DIAGNOSTIC,     2, -6.103567549931e-01, 1.797693134862e+308, 0.0000e+00, 0.0000e+00, 
 2DIAGNOSTIC,     3, -6.112794873354e-01, 1.797693134862e+308, 0.0000e+00, 0.0000e+00, 
 2DIAGNOSTIC,     4, -6.120262668147e-01, 1.797693134862e+308, 0.0000e+00, 0.0000e+00, 
 2DIAGNOSTIC,     5, -6.125596852178e-01, 1.797693134862e+308, 0.0000e+00, 0.0000e+00, 
 2DIAGNOSTIC,     6, -6.135352497904e-01, 1.797693134862e+308, 0.0000e+00, 0.0000e+00, 
 2DIAGNOSTIC,     7, -6.162701202393e-01, 1.797693134862e+308, 0.0000e+00, 0.0000e+00, 
 2DIAGNOSTIC,     8, -6.168758450114e-01, 1.797693134862e+308, 0.0000e+00, 0.0000e+00, 
 2DIAGNOSTIC,     9, -6.177587292188e-01, 1.797693134862e+308, 0.0000e+00, 0.0000e+00, 
 2DIAGNOSTIC,    10, -6.180307765880e-01, 9.797729994129e-04, 0.0000e+00, 0.0000e+00, 
 2DIAGNOSTIC,    11, -6.187225133284e-01, 8.759176774410e-04, 0.0000e+00, 0.0000e+00, 
 2DIAGNOSTIC,    12, -6.198575259702e-01, 7.863450388707e-04, 0.0000e+00, 0.0000e+00, 
 2DIAGNOSTIC,    13, -6.202026166813e-01, 6.834616972343e-04, 0.0000e+00, 0.0000e+00, 
 2DIAGNOSTIC,    14, -6.202036534931e-01, 5.594866084908e-04, 0.0000e+00, 0.0000e+00, 
 2DIAGNOSTIC,    15, -6.202011844738e-01, 4.184824400526e-04, 0.0000e+00, 0.0000e+00, 
 2DIAGNOSTIC,    16, -6.201833919944e-01, 2.827128567125e-04, 0.0000e+00, 0.0000e+00, 
 2DIAGNOSTIC,    17, -6.201681504690e-01, 2.102804144210e-04, 0.0000e+00, 0.0000e+00, 
 2DIAGNOSTIC,    18, -6.201762285083e-01, 1.418876490194e-04, 0.0000e+00, 0.0000e+00, 
 2DIAGNOSTIC,    19, -6.201672219400e-01, 8.936314261818e-05, 0.0000e+00, 0.0000e+00, 
 2DIAGNOSTIC,    20, -6.201876309951e-01, 4.070291642057e-05, 0.0000e+00, 0.0000e+00, 
 2DIAGNOSTIC,    21, -6.201896430043e-01, 7.647577900269e-06, 0.0000e+00, 0.0000e+00, 
DIAGNOSTIC,Iteration,metricValue,convergenceValue,ITERATION_TIME_INDEX,SINCE_LAST
 2DIAGNOSTIC,     1, -5.330080475098e-01, 1.797693134862e+308, 0.0000e+00, 0.0000e+00, 
 2DIAGNOSTIC,     2, -5.332607044803e-01, 1.797693134862e+308, 0.0000e+00, 0.0000e+00, 
 2DIAGNOSTIC,     3, -5.336264516342e-01, 1.797693134862e+308, 0.0000e+00, 0.0000e+00, 
 2DIAGNOSTIC,     4, -5.340386058065e-01, 1.797693134862e+308, 0.0000e+00, 0.0000e+00, 
 2DIAGNOSTIC,     5, -5.345555593105e-01, 1.797693134862e+308, 0.0000e+00, 0.0000e+00, 
 2DIAGNOSTIC,     6, -5.356895734496e-01, 1.797693134862e+308, 0.0000e+00, 0.0000e+00, 
 2DIAGNOSTIC,     7, -5.358947923408e-01, 1.797693134862e+308, 0.0000e+00, 0.0000e+00, 
 2DIAGNOSTIC,     8, -5.358921609268e-01, 1.797693134862e+308, 0.0000e+00, 0.0000e+00, 
 2DIAGNOSTIC,     9, -5.358915344630e-01, 1.797693134862e+308, 0.0000e+00, 0.0000e+00, 
 2DIAGNOSTIC,    10, -5.358897430723e-01, 4.190335614415e-04, 0.0000e+00, 0.0000e+00, 
 2DIAGNOSTIC,    11, -5.358879161336e-01, 3.199340608682e-04, 0.0000e+00, 0.0000e+00, 
 2DIAGNOSTIC,    12, -5.358852780692e-01, 2.198148738458e-04, 0.0000e+00, 0.0000e+00, 
 2DIAGNOSTIC,    13, -5.358855478453e-01, 1.309732796558e-04, 0.0000e+00, 0.0000e+00, 
 2DIAGNOSTIC,    14, -5.358837586026e-01, 5.882044399404e-05, 0.0000e+00, 0.0000e+00, 
 2DIAGNOSTIC,    15, -5.358828246019e-01, 8.346112304658e-06, 0.0000e+00, 0.0000e+00, 
 2DIAGNOSTIC,    16, -5.358820011914e-01, 1.034773099179e-06, 0.0000e+00, 0.0000e+00, 
 2DIAGNOSTIC,    17, -5.358824569140e-01, 1.099252209605e-06, 0.0000e+00, 0.0000e+00, 
 2DIAGNOSTIC,    18, -5.358826011785e-01, 1.152953270543e-06, 0.0000e+00, 0.0000e+00, 
 2DIAGNOSTIC,    19, -5.358816293131e-01, 1.213633609762e-06, 0.0000e+00, 0.0000e+00, 
 2DIAGNOSTIC,    20, -5.358816193464e-01, 1.265710664736e-06, 0.0000e+00, 0.0000e+00, 
 2DIAGNOSTIC,    21, -5.358806540823e-01, 1.274069152991e-06, 0.0000e+00, 0.0000e+00, 
 2DIAGNOSTIC,    22, -5.358807180362e-01, 1.241246949821e-06, 0.0000e+00, 0.0000e+00, 
 2DIAGNOSTIC,    23, -5.358796757233e-01, 1.213015887035e-06, 0.0000e+00, 0.0000e+00, 
 2DIAGNOSTIC,    24, -5.358775989412e-01, 1.118905665162e-06, 0.0000e+00, 0.0000e+00, 
 2DIAGNOSTIC,    25, -5.358775972427e-01, 1.033804172622e-06, 0.0000e+00, 0.0000e+00, 
DIAGNOSTIC,Iteration,metricValue,convergenceValue,ITERATION_TIME_INDEX,SINCE_LAST
 2DIAGNOSTIC,     1, -4.895149639398e-01, 1.797693134862e+308, 0.0000e+00, 0.0000e+00, 
 2DIAGNOSTIC,     2, -4.895169714607e-01, 1.797693134862e+308, 0.0000e+00, 0.0000e+00, 
 2DIAGNOSTIC,     3, -4.895167860330e-01, 1.797693134862e+308, 0.0000e+00, 0.0000e+00, 
 2DIAGNOSTIC,     4, -4.895169412607e-01, 1.797693134862e+308, 0.0000e+00, 0.0000e+00, 
 2DIAGNOSTIC,     5, -4.895169766742e-01, 1.797693134862e+308, 0.0000e+00, 0.0000e+00, 
 2DIAGNOSTIC,     6, -4.895167022361e-01, 1.797693134862e+308, 0.0000e+00, 0.0000e+00, 
 2DIAGNOSTIC,     7, -4.895165912527e-01, 1.797693134862e+308, 0.0000e+00, 0.0000e+00, 
 2DIAGNOSTIC,     8, -4.895164633238e-01, 1.797693134862e+308, 0.0000e+00, 0.0000e+00, 
 2DIAGNOSTIC,     9, -4.895163186244e-01, 1.797693134862e+308, 0.0000e+00, 0.0000e+00, 
 2DIAGNOSTIC,    10, -4.895161630488e-01, 3.192228358734e-06, 0.0000e+00, 0.0000e+00, 
 2DIAGNOSTIC,    11, -4.895160072136e-01, 2.775501756092e-06, 0.0000e+00, 0.0000e+00, 
 2DIAGNOSTIC,    12, -4.895159746562e-01, 2.534763118622e-06, 0.0000e+00, 0.0000e+00, 
 2DIAGNOSTIC,    13, -4.895162367797e-01, 2.344569416529e-06, 1.2800e+02, 1.2800e+02, 
 2DIAGNOSTIC,    14, -4.895158666671e-01, 2.181390054284e-06, 1.2800e+02, 0.0000e+00, 
 2DIAGNOSTIC,    15, -4.895156094930e-01, 2.040498193787e-06, 1.2800e+02, 0.0000e+00, 
 2DIAGNOSTIC,    16, -4.895156364040e-01, 1.915941696060e-06, 1.2800e+02, 0.0000e+00, 
 2DIAGNOSTIC,    17, -4.895155370237e-01, 1.805145243103e-06, 1.2800e+02, 0.0000e+00, 
 2DIAGNOSTIC,    18, -4.895155615361e-01, 1.709287773294e-06, 1.2800e+02, 0.0000e+00, 
 2DIAGNOSTIC,    19, -4.895155641838e-01, 1.624756130185e-06, 1.2800e+02, 0.0000e+00, 
 2DIAGNOSTIC,    20, -4.895153449992e-01, 1.542758898437e-06, 1.2800e+02, 0.0000e+00, 
 2DIAGNOSTIC,    21, -4.895153757106e-01, 1.469714477627e-06, 1.2800e+02, 0.0000e+00, 
 2DIAGNOSTIC,    22, -4.895153814969e-01, 1.406329974661e-06, 1.2800e+02, 0.0000e+00, 
 2DIAGNOSTIC,    23, -4.895153760330e-01, 1.358753189393e-06, 1.2800e+02, 0.0000e+00, 
 2DIAGNOSTIC,    24, -4.895154737489e-01, 1.311009138298e-06, 1.2800e+02, 0.0000e+00, 
 2DIAGNOSTIC,    25, -4.895154679128e-01, 1.262311195141e-06, 1.2800e+02, 0.0000e+00, 
 2DIAGNOSTIC,    26, -4.895154682488e-01, 1.219021734902e-06, 1.2800e+02, 0.0000e+00, 
 2DIAGNOSTIC,    27, -4.895154674966e-01, 1.177140580039e-06, 1.2800e+02, 0.0000e+00, 
 2DIAGNOSTIC,    28, -4.895154668413e-01, 1.138786674112e-06, 1.2800e+02, 0.0000e+00, 
 2DIAGNOSTIC,    29, -4.895154668413e-01, 1.102977402148e-06, 1.2800e+02, 0.0000e+00, 
 2DIAGNOSTIC,    30, -4.895154668413e-01, 1.064715135717e-06, 1.2800e+02, 0.0000e+00, 
 2DIAGNOSTIC,    31, -4.895154668100e-01, 1.029106560940e-06, 1.2800e+02, 0.0000e+00, 
  Elapsed time (stage 0): 1.2800e+02


Total elapsed time: 1.2800e+02
Info [verificarlo]: loaded backend libinterflop_ieee.so
Info [interflop-ieee]: load backend with:
Info [interflop-ieee]: debug = false
Info [interflop-ieee]: debug-binary = false
Info [interflop-ieee]: no-backend-name = false
Info [interflop-ieee]: print-new-line = false
Info [interflop-ieee]: print-subnormal-normalized = false
Info [interflop-ieee]: count-op = false
All_Command_lines_OK
Using double precision for computations.
=============================================================================
The composite transform comprises the following transforms (in order): 
  1. /home/mdugre/scratch/mri-registration-rp/datasets/ds004513/derivatives/mri-registration-rp/0100/antsRegistration-r7-p23/sub-s025/rigid_Composite.h5[0] (type = Euler3DTransform)
  2. /home/mdugre/scratch/mri-registration-rp/datasets/ds004513/derivatives/mri-registration-rp/0100/antsRegistration-r7-p23/sub-s025/rigid_Composite.h5[1] (type = Euler3DTransform)
  3. /home/mdugre/scratch/mri-registration-rp/datasets/ds004513/derivatives/mri-registration-rp/0100/antsRegistration-r7-p23/sub-s025/rigid_Composite.h5[2] (type = Euler3DTransform)
=============================================================================
  number of levels = 4
  fixed image: /templateflow/tpl-MNI152NLin2009cAsym/tpl-MNI152NLin2009cAsym_res-01_desc-brain_T1w.nii.gz
  moving image: /home/mdugre/scratch/mri-registration-rp/datasets/ds004513/derivatives/mri-registration-rp/antsBrainExtraction/sub-s025/BrainExtractionBrain.nii.gz
Dimension = 3
Number of stages = 1
Use histogram matching = false
Winsorize image intensities = true
  Lower quantile = 0.005
  Upper quantile = 0.995


Stage 1 State
   Image metric = MattesMI
     Fixed image = Image (0x473f7e0)
  RTTI typeinfo:   itk::Image<double, 3u>
  Reference Count: 2
  Modified Time: 1594
  Debug: Off
  Object Name: 
  Observers: 
    none
  Source: (none)
  Source output name: (none)
  Release Data: Off
  Data Released: False
  Global Release Data: Off
  PipelineMTime: 0
  UpdateMTime: 1203
  RealTimeStamp: 0 seconds 
  LargestPossibleRegion: 
    Dimension: 3
    Index: [0, 0, 0]
    Size: [193, 229, 193]
  BufferedRegion: 
    Dimension: 3
    Index: [0, 0, 0]
    Size: [193, 229, 193]
  RequestedRegion: 
    Dimension: 3
    Index: [0, 0, 0]
    Size: [193, 229, 193]
  Spacing: [1, 1, 1]
  Origin: [96, 132, -78]
  Direction: 
-1 0 0
0 -1 0
0 0 1

  IndexToPointMatrix: 
-1 0 0
0 -1 0
0 0 1

  PointToIndexMatrix: 
-1 0 0
0 -1 0
0 0 1

  Inverse Direction: 
-1 0 0
0 -1 0
0 0 1

  PixelContainer: 
    ImportImageContainer (0x47ffa20)
      RTTI typeinfo:   itk::ImportImageContainer<unsigned long, double>
      Reference Count: 1
      Modified Time: 1200
      Debug: Off
      Object Name: 
      Observers: 
        none
      Pointer: 0x14b8f4825010
      Container manages memory: true
      Size: 8530021
      Capacity: 8530021

     Moving image = Image (0x480a840)
  RTTI typeinfo:   itk::Image<double, 3u>
  Reference Count: 2
  Modified Time: 1595
  Debug: Off
  Object Name: 
  Observers: 
    none
  Source: (none)
  Source output name: (none)
  Release Data: Off
  Data Released: False
  Global Release Data: Off
  PipelineMTime: 0
  UpdateMTime: 1592
  RealTimeStamp: 0 seconds 
  LargestPossibleRegion: 
    Dimension: 3
    Index: [0, 0, 0]
    Size: [176, 240, 256]
  BufferedRegion: 
    Dimension: 3
    Index: [0, 0, 0]
    Size: [176, 240, 256]
  RequestedRegion: 
    Dimension: 3
    Index: [0, 0, 0]
    Size: [176, 240, 256]
  Spacing: [0.999999, 1, 1]
  Origin: [90.3778, 84.5091, -154.071]
  Direction: 
-0.999391 7.48184e-06 -0.0348969
-7.47664e-06 -1 -2.7953e-07
-0.0348969 -1.84481e-08 0.999391

  IndexToPointMatrix: 
-0.99939 7.48184e-06 -0.0348969
-7.47663e-06 -1 -2.7953e-07
-0.0348968 -1.84481e-08 0.999391

  PointToIndexMatrix: 
-0.999392 -7.47665e-06 -0.0348969
7.48184e-06 -1 -1.84481e-08
-0.0348969 -2.7953e-07 0.999391

  Inverse Direction: 
-0.999391 -7.47664e-06 -0.0348969
7.48184e-06 -1 -1.84481e-08
-0.0348969 -2.7953e-07 0.999391

  PixelContainer: 
    ImportImageContainer (0x47b2c90)
      RTTI typeinfo:   itk::ImportImageContainer<unsigned long, double>
      Reference Count: 1
      Modified Time: 1589
      Debug: Off
      Object Name: 
      Observers: 
        none
      Pointer: 0x14b8ef5a4010
      Container manages memory: true
      Size: 10813440
      Capacity: 10813440

     Weighting = 1
     Sampling strategy = regular
     Number of bins = 32
     Radius = 4
     Sampling percentage  = 0.25
   Transform = Affine
     Gradient step = 0.1
     Update field sigma (voxel space) = 0
     Total field sigma (voxel space) = 0
     Update field time sigma = 0
     Total field time sigma  = 0
     Number of time indices = 0
     Number of time point samples = 0
Registration using 1 total stages.

Stage 0
  iterations = 1000x500x250x100
  convergence threshold = 1e-06
  convergence window size = 10
  number of levels = 4
  using the Mattes MI metric (number of bins = 32, weight = 1, use gradient filter = 0)
  preprocessing:  winsorizing the image intensities
  Shrink factors (level 1 out of 4): [8, 8, 8]
  Shrink factors (level 2 out of 4): [4, 4, 4]
  Shrink factors (level 3 out of 4): [2, 2, 2]
  Shrink factors (level 4 out of 4): [1, 1, 1]
  smoothing sigmas per level: [3, 2, 1, 0]
  regular sampling (percentage = 0.25)

*** Running AffineTransform registration ***

DIAGNOSTIC,Iteration,metricValue,convergenceValue,ITERATION_TIME_INDEX,SINCE_LAST
 2DIAGNOSTIC,     1, -7.472752935371e-01, 1.797693134862e+308, 7.0438e-01, 7.0438e-01, 
 2DIAGNOSTIC,     2, -7.496757048815e-01, 1.797693134862e+308, 7.0928e-01, 4.8990e-03, 
 2DIAGNOSTIC,     3, -7.533165390830e-01, 1.797693134862e+308, 7.1347e-01, 4.1919e-03, 
 2DIAGNOSTIC,     4, -7.597418556678e-01, 1.797693134862e+308, 7.1793e-01, 4.4520e-03, 
 2DIAGNOSTIC,     5, -7.758447099954e-01, 1.797693134862e+308, 7.2196e-01, 4.0319e-03, 
 2DIAGNOSTIC,     6, -7.932269159825e-01, 1.797693134862e+308, 7.2627e-01, 4.3101e-03, 
 2DIAGNOSTIC,     7, -8.275974263274e-01, 1.797693134862e+308, 7.3140e-01, 5.1360e-03, 
 2DIAGNOSTIC,     8, -8.984358578867e-01, 1.797693134862e+308, 7.3653e-01, 5.1241e-03, 
 2DIAGNOSTIC,     9, -9.215857107067e-01, 1.797693134862e+308, 7.4149e-01, 4.9639e-03, 
 2DIAGNOSTIC,    10, -9.264640272680e-01, 1.624094330459e-02, 7.4622e-01, 4.7290e-03, 
 2DIAGNOSTIC,    11, -9.326605071674e-01, 1.598076220822e-02, 7.5261e-01, 6.3851e-03, 
 2DIAGNOSTIC,    12, -9.336862568252e-01, 1.443554539256e-02, 7.5789e-01, 5.2800e-03, 
 2DIAGNOSTIC,    13, -9.366315356982e-01, 1.200428042391e-02, 7.6310e-01, 5.2118e-03, 
 2DIAGNOSTIC,    14, -9.370076811105e-01, 9.028673011398e-03, 7.6792e-01, 4.8182e-03, 
 2DIAGNOSTIC,    15, -9.378287753352e-01, 6.064163557154e-03, 7.7519e-01, 7.2711e-03, 
 2DIAGNOSTIC,    16, -9.380976077163e-01, 3.318284621925e-03, 7.7981e-01, 4.6201e-03, 
 2DIAGNOSTIC,    17, -9.382755564249e-01, 1.253473377596e-03, 7.8445e-01, 4.6370e-03, 
 2DIAGNOSTIC,    18, -9.384831998445e-01, 6.018819362823e-04, 7.8914e-01, 4.6968e-03, 
 2DIAGNOSTIC,    19, -9.387158667256e-01, 3.682061616746e-04, 7.9524e-01, 6.0940e-03, 
 2DIAGNOSTIC,    20, -9.387663582675e-01, 2.033990949209e-04, 8.0045e-01, 5.2121e-03, 
 2DIAGNOSTIC,    21, -9.384898120313e-01, 1.278955551910e-04, 8.0550e-01, 5.0561e-03, 
 2DIAGNOSTIC,    22, -9.385327454225e-01, 6.273362288760e-05, 8.1004e-01, 4.5359e-03, 
 2DIAGNOSTIC,    23, -9.384432604750e-01, 3.770844312317e-05, 8.1510e-01, 5.0619e-03, 
 2DIAGNOSTIC,    24, -9.383808052367e-01, 1.537543206319e-05, 8.2016e-01, 5.0611e-03, 
 2DIAGNOSTIC,    25, -9.383143672078e-01, 3.256122214947e-06, 8.2468e-01, 4.5149e-03, 
DIAGNOSTIC,Iteration,metricValue,convergenceValue,ITERATION_TIME_INDEX,SINCE_LAST
 2DIAGNOSTIC,     1, -7.515825607584e-01, 1.797693134862e+308, 1.5106e+00, 6.8588e-01, 
 2DIAGNOSTIC,     2, -7.518497370103e-01, 1.797693134862e+308, 1.5443e+00, 3.3784e-02, 
 2DIAGNOSTIC,     3, -7.521456728006e-01, 1.797693134862e+308, 1.5767e+00, 3.2344e-02, 
 2DIAGNOSTIC,     4, -7.526137095501e-01, 1.797693134862e+308, 1.6093e+00, 3.2661e-02, 
 2DIAGNOSTIC,     5, -7.534701363137e-01, 1.797693134862e+308, 1.6493e+00, 3.9970e-02, 
 2DIAGNOSTIC,     6, -7.540415507499e-01, 1.797693134862e+308, 1.7123e+00, 6.2965e-02, 
 2DIAGNOSTIC,     7, -7.540602000009e-01, 1.797693134862e+308, 1.7433e+00, 3.1056e-02, 
 2DIAGNOSTIC,     8, -7.540650154346e-01, 1.797693134862e+308, 1.7755e+00, 3.2169e-02, 
 2DIAGNOSTIC,     9, -7.540756042586e-01, 1.797693134862e+308, 1.8112e+00, 3.5739e-02, 
 2DIAGNOSTIC,    10, -7.541040670130e-01, 2.515950921154e-04, 1.8436e+00, 3.2379e-02, 
 2DIAGNOSTIC,    11, -7.541099603860e-01, 1.839375677843e-04, 1.8754e+00, 3.1813e-02, 
 2DIAGNOSTIC,    12, -7.541233840381e-01, 1.204401894379e-04, 1.9113e+00, 3.5894e-02, 
 2DIAGNOSTIC,    13, -7.541640781341e-01, 6.603396453907e-05, 1.9436e+00, 3.2314e-02, 
 2DIAGNOSTIC,    14, -7.541839419346e-01, 2.627723053618e-05, 1.9765e+00, 3.2884e-02, 
 2DIAGNOSTIC,    15, -7.542122909003e-01, 1.146813428191e-05, 2.0090e+00, 3.2477e-02, 
 2DIAGNOSTIC,    16, -7.541913361624e-01, 1.061934151943e-05, 2.0449e+00, 3.5859e-02, 
 2DIAGNOSTIC,    17, -7.541638774574e-01, 8.909888540645e-06, 2.0808e+00, 3.5903e-02, 
 2DIAGNOSTIC,    18, -7.541439793570e-01, 6.431135902527e-06, 2.1173e+00, 3.6515e-02, 
 2DIAGNOSTIC,    19, -7.541516229948e-01, 4.118980380538e-06, 2.1549e+00, 3.7579e-02, 
 2DIAGNOSTIC,    20, -7.541269967823e-01, 1.869845989468e-06, 2.1882e+00, 3.3378e-02, 
DIAGNOSTIC,Iteration,metricValue,convergenceValue,ITERATION_TIME_INDEX,SINCE_LAST
 2DIAGNOSTIC,     1, -6.417159305465e-01, 1.797693134862e+308, 3.2785e+00, 1.0903e+00, 
 2DIAGNOSTIC,     2, -6.421174572433e-01, 1.797693134862e+308, 3.5147e+00, 2.3613e-01, 
 2DIAGNOSTIC,     3, -6.425579686842e-01, 1.797693134862e+308, 3.7623e+00, 2.4763e-01, 
 2DIAGNOSTIC,     4, -6.430437302358e-01, 1.797693134862e+308, 4.0179e+00, 2.5559e-01, 
 2DIAGNOSTIC,     5, -6.439118406934e-01, 1.797693134862e+308, 4.2714e+00, 2.5351e-01, 
 2DIAGNOSTIC,     6, -6.451598013389e-01, 1.797693134862e+308, 4.6405e+00, 3.6914e-01, 
 2DIAGNOSTIC,     7, -6.452106989102e-01, 1.797693134862e+308, 5.0336e+00, 3.9303e-01, 
 2DIAGNOSTIC,     8, -6.452097268173e-01, 1.797693134862e+308, 5.3505e+00, 3.1697e-01, 
 2DIAGNOSTIC,     9, -6.452035166534e-01, 1.797693134862e+308, 5.6256e+00, 2.7509e-01, 
 2DIAGNOSTIC,    10, -6.451953823584e-01, 4.116729702373e-04, 6.0533e+00, 4.2763e-01, 
 2DIAGNOSTIC,    11, -6.451959595654e-01, 3.043053513578e-04, 6.3560e+00, 3.0274e-01, 
 2DIAGNOSTIC,    12, -6.451947921725e-01, 2.026203355955e-04, 6.5887e+00, 2.3271e-01, 
 2DIAGNOSTIC,    13, -6.451923762509e-01, 1.139821298639e-04, 6.8540e+00, 2.6525e-01, 
 2DIAGNOSTIC,    14, -6.451930083505e-01, 4.294284211093e-05, 7.1598e+00, 3.0582e-01, 
 2DIAGNOSTIC,    15, -6.451920447553e-01, 2.141934864947e-06, 7.3889e+00, 2.2906e-01, 
DIAGNOSTIC,Iteration,metricValue,convergenceValue,ITERATION_TIME_INDEX,SINCE_LAST
 2DIAGNOSTIC,     1, -5.765702139115e-01, 1.797693134862e+308, 1.0052e+01, 2.6631e+00, 
 2DIAGNOSTIC,     2, -5.769797556398e-01, 1.797693134862e+308, 1.1690e+01, 1.6377e+00, 
 2DIAGNOSTIC,     3, -5.774452140859e-01, 1.797693134862e+308, 1.3310e+01, 1.6206e+00, 
 2DIAGNOSTIC,     4, -5.779716391407e-01, 1.797693134862e+308, 1.4975e+01, 1.6650e+00, 
 2DIAGNOSTIC,     5, -5.785976015347e-01, 1.797693134862e+308, 1.6510e+01, 1.5343e+00, 
 2DIAGNOSTIC,     6, -5.793831991163e-01, 1.797693134862e+308, 2.0533e+01, 4.0237e+00, 
 2DIAGNOSTIC,     7, -5.793834923281e-01, 1.797693134862e+308, 2.3032e+01, 2.4983e+00, 
 2DIAGNOSTIC,     8, -5.793834181489e-01, 1.797693134862e+308, 2.4879e+01, 1.8475e+00, 
 2DIAGNOSTIC,     9, -5.793830434718e-01, 1.797693134862e+308, 2.6563e+01, 1.6835e+00, 
 2DIAGNOSTIC,    10, -5.793830214032e-01, 3.501663906883e-04, 2.8431e+01, 1.8679e+00, 
 2DIAGNOSTIC,    11, -5.793826833434e-01, 2.464544883412e-04, 3.0270e+01, 1.8398e+00, 
 2DIAGNOSTIC,    12, -5.793828438466e-01, 1.549962530156e-04, 3.1995e+01, 1.7250e+00, 
 2DIAGNOSTIC,    13, -5.793826468108e-01, 8.164883799051e-05, 3.3650e+01, 1.6545e+00, 
 2DIAGNOSTIC,    14, -5.793823707927e-01, 2.975863187492e-05, 3.5557e+01, 1.9066e+00, 
 2DIAGNOSTIC,    15, -5.793825246942e-01, 2.046179331430e-06, 3.7403e+01, 1.8468e+00, 
 2DIAGNOSTIC,    16, -5.793821732654e-01, 1.906644759145e-06, 3.9119e+01, 1.7155e+00, 
 2DIAGNOSTIC,    17, -5.793820872435e-01, 1.797325259185e-06, 4.0874e+01, 1.7554e+00, 
 2DIAGNOSTIC,    18, -5.793820284426e-01, 1.703779884253e-06, 4.2423e+01, 1.5487e+00, 
 2DIAGNOSTIC,    19, -5.793821835026e-01, 1.620411567427e-06, 4.4134e+01, 1.7110e+00, 
 2DIAGNOSTIC,    20, -5.793822975262e-01, 1.552814861361e-06, 4.5980e+01, 1.8464e+00, 
 2DIAGNOSTIC,    21, -5.793820977160e-01, 1.482526189048e-06, 4.7725e+01, 1.7445e+00, 
 2DIAGNOSTIC,    22, -5.793820362107e-01, 1.424348339094e-06, 4.9477e+01, 1.7517e+00, 
 2DIAGNOSTIC,    23, -5.793819643196e-01, 1.367737121241e-06, 5.1328e+01, 1.8515e+00, 
 2DIAGNOSTIC,    24, -5.793818715731e-01, 1.309526691938e-06, 5.3054e+01, 1.7257e+00, 
 2DIAGNOSTIC,    25, -5.793817583746e-01, 1.258490426717e-06, 5.4602e+01, 1.5478e+00, 
 2DIAGNOSTIC,    26, -5.793815205283e-01, 1.201801757396e-06, 5.6323e+01, 1.7211e+00, 
 2DIAGNOSTIC,    27, -5.793815830833e-01, 1.151206643617e-06, 5.8255e+01, 1.9327e+00, 
 2DIAGNOSTIC,    28, -5.793814578042e-01, 1.103414515508e-06, 6.0127e+01, 1.8711e+00, 
 2DIAGNOSTIC,    29, -5.793813372756e-01, 1.062583265293e-06, 6.1722e+01, 1.5954e+00, 
 2DIAGNOSTIC,    30, -5.793812372421e-01, 1.028168683449e-06, 6.3320e+01, 1.5981e+00, 
  Elapsed time (stage 0): 6.4318e+01


Total elapsed time: 6.4321e+01
Info [verificarlo]: loaded backend libinterflop_ieee.so
Info [interflop-ieee]: load backend with:
Info [interflop-ieee]: debug = false
Info [interflop-ieee]: debug-binary = false
Info [interflop-ieee]: no-backend-name = false
Info [interflop-ieee]: print-new-line = false
Info [interflop-ieee]: print-subnormal-normalized = false
Info [interflop-ieee]: count-op = false
All_Command_lines_OK
Using double precision for computations.
=============================================================================
The composite transform comprises the following transforms (in order): 
  1. /home/mdugre/scratch/mri-registration-rp/datasets/ds004513/derivatives/mri-registration-rp/0100/antsRegistration-r7-p23/sub-s025/affine_Composite.h5[0] (type = Euler3DTransform)
  2. /home/mdugre/scratch/mri-registration-rp/datasets/ds004513/derivatives/mri-registration-rp/0100/antsRegistration-r7-p23/sub-s025/affine_Composite.h5[1] (type = Euler3DTransform)
  3. /home/mdugre/scratch/mri-registration-rp/datasets/ds004513/derivatives/mri-registration-rp/0100/antsRegistration-r7-p23/sub-s025/affine_Composite.h5[2] (type = Euler3DTransform)
  4. /home/mdugre/scratch/mri-registration-rp/datasets/ds004513/derivatives/mri-registration-rp/0100/antsRegistration-r7-p23/sub-s025/affine_Composite.h5[3] (type = AffineTransform)
=============================================================================
  number of levels = 4
  fixed image: /templateflow/tpl-MNI152NLin2009cAsym/tpl-MNI152NLin2009cAsym_res-01_desc-brain_T1w.nii.gz
