
##########################
# Experiment information #
##########################

EXPERIMENT_NAME: antsRegistration-r7-p9
VFC_BACKENDS: libinterflop_vprec.so --range-binary32=7 --precision-binary32=9 --range-binary64=7 --precision-binary64=9

SIF_IMG: /home/mdugre/projects/rrg-glatard/mdugre/containers/ants-vprec-no_metrics.simg

SUBJECT_ID: s003
INPUT_IMG: /home/mdugre/scratch/mri-registration-rp/datasets/ds004513/derivatives/mri-registration-rp/antsBrainExtraction/sub-s003/BrainExtractionBrain.nii.gz
OUTPUT_DIR: /home/mdugre/scratch/mri-registration-rp/datasets/ds004513/derivatives/mri-registration-rp/0100/antsRegistration-r7-p9/sub-s003

FIXED_IMG: /templateflow/tpl-MNI152NLin2009cAsym/tpl-MNI152NLin2009cAsym_res-01_desc-brain_T1w.nii.gz
DATA_DIR: /home/mdugre/scratch/mri-registration-rp/datasets/ds004513
TEMPLATEFLOW_DIR: /home/mdugre/projects/rrg-glatard/mdugre/templateflow
ITK_GLOBAL_DEFAULT_NUMBER_OF_THREADS: 16
##########################

Info [verificarlo]: loaded backend libinterflop_ieee.so
Info [interflop-ieee]: load backend with:
Info [interflop-ieee]: debug = false
Info [interflop-ieee]: debug-binary = false
Info [interflop-ieee]: no-backend-name = false
Info [interflop-ieee]: print-new-line = false
Info [interflop-ieee]: print-subnormal-normalized = false
Info [interflop-ieee]: count-op = false
All_Command_lines_OK
Using double precision for computations.
=============================================================================
The composite transform comprises the following transforms (in order): 
  1. Center of mass alignment using fixed image: /templateflow/tpl-MNI152NLin2009cAsym/tpl-MNI152NLin2009cAsym_res-01_desc-brain_T1w.nii.gz and moving image: /home/mdugre/scratch/mri-registration-rp/datasets/ds004513/derivatives/mri-registration-rp/antsBrainExtraction/sub-s003/BrainExtractionBrain.nii.gz (type = Euler3DTransform)
=============================================================================
  number of levels = 1
  fixed image: /templateflow/tpl-MNI152NLin2009cAsym/tpl-MNI152NLin2009cAsym_res-01_desc-brain_T1w.nii.gz
  moving image: /home/mdugre/scratch/mri-registration-rp/datasets/ds004513/derivatives/mri-registration-rp/antsBrainExtraction/sub-s003/BrainExtractionBrain.nii.gz
Dimension = 3
Number of stages = 1
Use histogram matching = false
Winsorize image intensities = true
  Lower quantile = 0.005
  Upper quantile = 0.995


Stage 1 State
   Image metric = MattesMI
     Fixed image = Image (0x3840bd0)
  RTTI typeinfo:   itk::Image<double, 3u>
  Reference Count: 2
  Modified Time: 2334
  Debug: Off
  Object Name: 
  Observers: 
    none
  Source: (none)
  Source output name: (none)
  Release Data: Off
  Data Released: False
  Global Release Data: Off
  PipelineMTime: 0
  UpdateMTime: 1943
  RealTimeStamp: 0 seconds 
  LargestPossibleRegion: 
    Dimension: 3
    Index: [0, 0, 0]
    Size: [193, 229, 193]
  BufferedRegion: 
    Dimension: 3
    Index: [0, 0, 0]
    Size: [193, 229, 193]
  RequestedRegion: 
    Dimension: 3
    Index: [0, 0, 0]
    Size: [193, 229, 193]
  Spacing: [1, 1, 1]
  Origin: [96, 132, -78]
  Direction: 
-1 0 0
0 -1 0
0 0 1

  IndexToPointMatrix: 
-1 0 0
0 -1 0
0 0 1

  PointToIndexMatrix: 
-1 0 0
0 -1 0
0 0 1

  Inverse Direction: 
-1 0 0
0 -1 0
0 0 1

  PixelContainer: 
    ImportImageContainer (0x3898930)
      RTTI typeinfo:   itk::ImportImageContainer<unsigned long, double>
      Reference Count: 1
      Modified Time: 1940
      Debug: Off
      Object Name: 
      Observers: 
        none
      Pointer: 0x145b6d104010
      Container manages memory: true
      Size: 8530021
      Capacity: 8530021

     Moving image = Image (0x3930610)
  RTTI typeinfo:   itk::Image<double, 3u>
  Reference Count: 2
  Modified Time: 2335
  Debug: Off
  Object Name: 
  Observers: 
    none
  Source: (none)
  Source output name: (none)
  Release Data: Off
  Data Released: False
  Global Release Data: Off
  PipelineMTime: 0
  UpdateMTime: 2332
  RealTimeStamp: 0 seconds 
  LargestPossibleRegion: 
    Dimension: 3
    Index: [0, 0, 0]
    Size: [176, 240, 256]
  BufferedRegion: 
    Dimension: 3
    Index: [0, 0, 0]
    Size: [176, 240, 256]
  RequestedRegion: 
    Dimension: 3
    Index: [0, 0, 0]
    Size: [176, 240, 256]
  Spacing: [0.999999, 1, 1]
  Origin: [93.3499, 86.9368, -128.957]
  Direction: 
-0.999513 -0.0279216 -0.0139567
0.0279189 -0.99961 0.000389866
-0.0139622 2.01492e-08 0.999903

  IndexToPointMatrix: 
-0.999512 -0.0279216 -0.0139567
0.0279189 -0.99961 0.000389866
-0.0139621 2.01492e-08 0.999903

  PointToIndexMatrix: 
-0.999514 0.0279189 -0.0139622
-0.0279216 -0.99961 2.01716e-08
-0.0139567 0.000389866 0.999903

  Inverse Direction: 
-0.999513 0.0279189 -0.0139622
-0.0279216 -0.99961 2.01716e-08
-0.0139567 0.000389866 0.999903

  PixelContainer: 
    ImportImageContainer (0x3870850)
      RTTI typeinfo:   itk::ImportImageContainer<unsigned long, double>
      Reference Count: 1
      Modified Time: 2329
      Debug: Off
      Object Name: 
      Observers: 
        none
      Pointer: 0x145b67e83010
      Container manages memory: true
      Size: 10813440
      Capacity: 10813440

     Weighting = 1
     Sampling strategy = regular
     Number of bins = 32
     Radius = 4
     Sampling percentage  = 0.25
   Transform = Rigid
     Gradient step = 0.1
     Update field sigma (voxel space) = 0
     Total field sigma (voxel space) = 0
     Update field time sigma = 0
     Total field time sigma  = 0
     Number of time indices = 0
     Number of time point samples = 0
Registration using 1 total stages.

Stage 0
  iterations = 0
  convergence threshold = 1e-06
  convergence window size = 10
  number of levels = 1
  using the Mattes MI metric (number of bins = 32, weight = 1, use gradient filter = 0)
  preprocessing:  winsorizing the image intensities
  Shrink factors (level 1 out of 1): [1, 1, 1]
  smoothing sigmas per level: [0]
  regular sampling (percentage = 0.25)

*** Running Euler3DTransform registration ***

  Elapsed time (stage 0): 1.1677


Total elapsed time: 1.16998
Info [verificarlo]: loaded backend libinterflop_vprec.so
Info [interflop-vprec]: load backend with: 
Info [interflop-vprec]: precision-binary32 = 9
Info [interflop-vprec]: range-binary32 = 7
Info [interflop-vprec]: precision-binary64 = 9
Info [interflop-vprec]: range-binary64 = 7
Info [interflop-vprec]: mode = ob
Info [interflop-vprec]: error-mode = rel
Info [interflop-vprec]: max-abs-error-exponent = -1022
Info [interflop-vprec]: daz = false
Info [interflop-vprec]: ftz = false
Info [interflop-vprec]: 	instrument = none
Info [interflop-vprec]: 	prec-input-file = (null)
Info [interflop-vprec]: 	prec-output-file = (null)
Info [interflop-vprec]: 	prec-log-file = (null)
All_Command_lines_OK
Using double precision for computations.
=============================================================================
The composite transform comprises the following transforms (in order): 
  1. /home/mdugre/scratch/mri-registration-rp/datasets/ds004513/derivatives/mri-registration-rp/0100/antsRegistration-r7-p9/sub-s003/align_Composite.h5[0] (type = Euler3DTransform)
  2. /home/mdugre/scratch/mri-registration-rp/datasets/ds004513/derivatives/mri-registration-rp/0100/antsRegistration-r7-p9/sub-s003/align_Composite.h5[1] (type = Euler3DTransform)
=============================================================================
  number of levels = 4
  fixed image: /templateflow/tpl-MNI152NLin2009cAsym/tpl-MNI152NLin2009cAsym_res-01_desc-brain_T1w.nii.gz
  moving image: /home/mdugre/scratch/mri-registration-rp/datasets/ds004513/derivatives/mri-registration-rp/antsBrainExtraction/sub-s003/BrainExtractionBrain.nii.gz
Dimension = 3
Number of stages = 1
Use histogram matching = false
Winsorize image intensities = true
  Lower quantile = 0.005
  Upper quantile = 0.995


Stage 1 State
   Image metric = MattesMI
     Fixed image = Image (0x37031e0)
  RTTI typeinfo:   itk::Image<double, 3u>
  Reference Count: 2
  Modified Time: 1578
  Debug: Off
  Object Name: 
  Observers: 
    none
  Source: (none)
  Source output name: (none)
  Release Data: Off
  Data Released: False
  Global Release Data: Off
  PipelineMTime: 0
  UpdateMTime: 1189
  RealTimeStamp: 0 seconds 
  LargestPossibleRegion: 
    Dimension: 3
    Index: [0, 0, 0]
    Size: [193, 229, 193]
  BufferedRegion: 
    Dimension: 3
    Index: [0, 0, 0]
    Size: [193, 229, 193]
  RequestedRegion: 
    Dimension: 3
    Index: [0, 0, 0]
    Size: [193, 229, 193]
  Spacing: [1, 1, 1]
  Origin: [96, 132, -78]
  Direction: 
-1 0 0
0 -1 0
0 0 1

  IndexToPointMatrix: 
-1 0 0
0 -1 0
0 0 1

  PointToIndexMatrix: 
-1 0 0
0 -1 0
0 0 1

  Inverse Direction: 
-1 0 0
0 -1 0
0 0 1

  PixelContainer: 
    ImportImageContainer (0x37c2680)
      RTTI typeinfo:   itk::ImportImageContainer<unsigned long, double>
      Reference Count: 1
      Modified Time: 1186
      Debug: Off
      Object Name: 
      Observers: 
        none
      Pointer: 0x14b29c257010
      Container manages memory: true
      Size: 8530021
      Capacity: 8530021

     Moving image = Image (0x37beb20)
  RTTI typeinfo:   itk::Image<double, 3u>
  Reference Count: 2
  Modified Time: 1579
  Debug: Off
  Object Name: 
  Observers: 
    none
  Source: (none)
  Source output name: (none)
  Release Data: Off
  Data Released: False
  Global Release Data: Off
  PipelineMTime: 0
  UpdateMTime: 1576
  RealTimeStamp: 0 seconds 
  LargestPossibleRegion: 
    Dimension: 3
    Index: [0, 0, 0]
    Size: [176, 240, 256]
  BufferedRegion: 
    Dimension: 3
    Index: [0, 0, 0]
    Size: [176, 240, 256]
  RequestedRegion: 
    Dimension: 3
    Index: [0, 0, 0]
    Size: [176, 240, 256]
  Spacing: [1, 1, 1]
  Origin: [93.375, 86.875, -129]
  Direction: 
-1 -0.0279236 -0.0139618
0.0279236 -1 0.000390053
-0.0139618 0 1

  IndexToPointMatrix: 
-1 -0.0279236 -0.0139618
0.0279236 -1 0.000390053
-0.0139618 0 1

  PointToIndexMatrix: 
-1 0.0279236 -0.0139618
-0.0279236 -1 0
-0.0139618 0.000390053 1

  Inverse Direction: 
-1 0.0279236 -0.0139618
-0.0279236 -1 0
-0.0139618 0.000390053 1

  PixelContainer: 
    ImportImageContainer (0x3827d50)
      RTTI typeinfo:   itk::ImportImageContainer<unsigned long, double>
      Reference Count: 1
      Modified Time: 1573
      Debug: Off
      Object Name: 
      Observers: 
        none
      Pointer: 0x14b296fd6010
      Container manages memory: true
      Size: 10813440
      Capacity: 10813440

     Weighting = 1
     Sampling strategy = regular
     Number of bins = 32
     Radius = 4
     Sampling percentage  = 0.25
   Transform = Rigid
     Gradient step = 0.1
     Update field sigma (voxel space) = 0
     Total field sigma (voxel space) = 0
     Update field time sigma = 0
     Total field time sigma  = 0
     Number of time indices = 0
     Number of time point samples = 0
Registration using 1 total stages.

Stage 0
  iterations = 1000x500x250x100
  convergence threshold = 1e-06
  convergence window size = 10
  number of levels = 4
  using the Mattes MI metric (number of bins = 32, weight = 1, use gradient filter = 0)
  preprocessing:  winsorizing the image intensities
  Shrink factors (level 1 out of 4): [8, 8, 8]
  Shrink factors (level 2 out of 4): [4, 4, 4]
  Shrink factors (level 3 out of 4): [2, 2, 2]
  Shrink factors (level 4 out of 4): [1, 1, 1]
  smoothing sigmas per level: [3, 2, 1, 0]
  regular sampling (percentage = 0.25)

*** Running Euler3DTransform registration ***

DIAGNOSTIC,Iteration,metricValue,convergenceValue,ITERATION_TIME_INDEX,SINCE_LAST
 2DIAGNOSTIC,     1, -4.836280563420e-01, 1.797693134862e+308, 0.0000e+00, 0.0000e+00, 
 2DIAGNOSTIC,     2, -4.837550560384e-01, 1.797693134862e+308, 0.0000e+00, 0.0000e+00, 
 2DIAGNOSTIC,     3, -4.839453843826e-01, 1.797693134862e+308, 0.0000e+00, 0.0000e+00, 
 2DIAGNOSTIC,     4, -4.842910627363e-01, 1.797693134862e+308, 0.0000e+00, 0.0000e+00, 
 2DIAGNOSTIC,     5, -4.843579049539e-01, 1.797693134862e+308, 0.0000e+00, 0.0000e+00, 
 2DIAGNOSTIC,     6, -4.843645561376e-01, 1.797693134862e+308, 0.0000e+00, 0.0000e+00, 
 2DIAGNOSTIC,     7, -4.843576136461e-01, 1.797693134862e+308, 0.0000e+00, 0.0000e+00, 
 2DIAGNOSTIC,     8, -4.843576136963e-01, 1.797693134862e+308, 0.0000e+00, 0.0000e+00, 
 2DIAGNOSTIC,     9, -4.843555355820e-01, 1.797693134862e+308, 0.0000e+00, 0.0000e+00, 
 2DIAGNOSTIC,    10, -4.843437369204e-01, 9.167805191884e-05, 0.0000e+00, 0.0000e+00, 
 2DIAGNOSTIC,    11, -4.843663555811e-01, 5.353728601355e-05, 0.0000e+00, 0.0000e+00, 
 2DIAGNOSTIC,    12, -4.843486108793e-01, 2.225031971999e-05, 0.0000e+00, 0.0000e+00, 
 2DIAGNOSTIC,    13, -4.843479995397e-01, 1.953483874703e-06, 0.0000e+00, 0.0000e+00, 
DIAGNOSTIC,Iteration,metricValue,convergenceValue,ITERATION_TIME_INDEX,SINCE_LAST
 2DIAGNOSTIC,     1, -3.988135596245e-01, 1.797693134862e+308, 0.0000e+00, 0.0000e+00, 
 2DIAGNOSTIC,     2, -3.990175435490e-01, 1.797693134862e+308, 0.0000e+00, 0.0000e+00, 
 2DIAGNOSTIC,     3, -3.992902694360e-01, 1.797693134862e+308, 0.0000e+00, 0.0000e+00, 
 2DIAGNOSTIC,     4, -4.000629299015e-01, 1.797693134862e+308, 0.0000e+00, 0.0000e+00, 
 2DIAGNOSTIC,     5, -4.005450327401e-01, 1.797693134862e+308, 0.0000e+00, 0.0000e+00, 
 2DIAGNOSTIC,     6, -4.010518523062e-01, 1.797693134862e+308, 0.0000e+00, 0.0000e+00, 
 2DIAGNOSTIC,     7, -4.026223598711e-01, 1.797693134862e+308, 0.0000e+00, 0.0000e+00, 
 2DIAGNOSTIC,     8, -4.046288776492e-01, 1.797693134862e+308, 0.0000e+00, 0.0000e+00, 
 2DIAGNOSTIC,     9, -4.082031534289e-01, 1.797693134862e+308, 0.0000e+00, 0.0000e+00, 
 2DIAGNOSTIC,    10, -4.148242108612e-01, 2.050080613054e-03, 0.0000e+00, 0.0000e+00, 
 2DIAGNOSTIC,    11, -4.249733354672e-01, 3.025134455467e-03, 0.0000e+00, 0.0000e+00, 
 2DIAGNOSTIC,    12, -4.480035166719e-01, 4.880193225319e-03, 0.0000e+00, 0.0000e+00, 
 2DIAGNOSTIC,    13, -4.934250830278e-01, 8.318010610395e-03, 0.0000e+00, 0.0000e+00, 
 2DIAGNOSTIC,    14, -5.253223120000e-01, 1.190116695651e-02, 0.0000e+00, 0.0000e+00, 
 2DIAGNOSTIC,    15, -5.259435512630e-01, 1.387289279914e-02, 0.0000e+00, 0.0000e+00, 
 2DIAGNOSTIC,    16, -5.258817483039e-01, 1.434662758656e-02, 0.0000e+00, 0.0000e+00, 
 2DIAGNOSTIC,    17, -5.256686511847e-01, 1.350222158955e-02, 0.0000e+00, 0.0000e+00, 
 2DIAGNOSTIC,    18, -5.261770742231e-01, 1.159300391501e-02, 0.0000e+00, 0.0000e+00, 
 2DIAGNOSTIC,    19, -5.261488925900e-01, 8.958225726758e-03, 0.0000e+00, 0.0000e+00, 
 2DIAGNOSTIC,    20, -5.262995575192e-01, 6.034881375638e-03, 0.0000e+00, 0.0000e+00, 
 2DIAGNOSTIC,    21, -5.264267830012e-01, 3.190405469218e-03, 0.0000e+00, 0.0000e+00, 
 2DIAGNOSTIC,    22, -5.265077684031e-01, 9.682715605498e-04, 0.0000e+00, 0.0000e+00, 
 2DIAGNOSTIC,    23, -5.248057341208e-01, 1.730352782797e-05, 0.0000e+00, 0.0000e+00, 
DIAGNOSTIC,Iteration,metricValue,convergenceValue,ITERATION_TIME_INDEX,SINCE_LAST
 2DIAGNOSTIC,     1, -4.732446012187e-01, 1.797693134862e+308, 0.0000e+00, 0.0000e+00, 
 2DIAGNOSTIC,     2, -4.733149824334e-01, 1.797693134862e+308, 0.0000e+00, 0.0000e+00, 
 2DIAGNOSTIC,     3, -4.733740687277e-01, 1.797693134862e+308, 0.0000e+00, 0.0000e+00, 
 2DIAGNOSTIC,     4, -4.733800418454e-01, 1.797693134862e+308, 0.0000e+00, 0.0000e+00, 
 2DIAGNOSTIC,     5, -4.733698099215e-01, 1.797693134862e+308, 0.0000e+00, 0.0000e+00, 
 2DIAGNOSTIC,     6, -4.733844289064e-01, 1.797693134862e+308, 0.0000e+00, 0.0000e+00, 
 2DIAGNOSTIC,     7, -4.733844289064e-01, 1.797693134862e+308, 0.0000e+00, 0.0000e+00, 
 2DIAGNOSTIC,     8, -4.733844289064e-01, 1.797693134862e+308, 0.0000e+00, 0.0000e+00, 
 2DIAGNOSTIC,     9, -4.733844289064e-01, 1.797693134862e+308, 0.0000e+00, 0.0000e+00, 
 2DIAGNOSTIC,    10, -4.733844289064e-01, 1.274354860908e-05, 0.0000e+00, 0.0000e+00, 
 2DIAGNOSTIC,    11, -4.733844289064e-01, 4.825733777011e-06, 0.0000e+00, 0.0000e+00, 
 2DIAGNOSTIC,    12, -4.733844289064e-01, 1.223603625158e-06, 0.0000e+00, 0.0000e+00, 
DIAGNOSTIC,Iteration,metricValue,convergenceValue,ITERATION_TIME_INDEX,SINCE_LAST
 2DIAGNOSTIC,     1, -4.396642804218e-01, 1.797693134862e+308, 0.0000e+00, 0.0000e+00, 
 2DIAGNOSTIC,     2, -4.397011675877e-01, 1.797693134862e+308, 0.0000e+00, 0.0000e+00, 
 2DIAGNOSTIC,     3, -4.396902798227e-01, 1.797693134862e+308, 0.0000e+00, 0.0000e+00, 
 2DIAGNOSTIC,     4, -4.396736052764e-01, 1.797693134862e+308, 0.0000e+00, 0.0000e+00, 
 2DIAGNOSTIC,     5, -4.396789862165e-01, 1.797693134862e+308, 0.0000e+00, 0.0000e+00, 
 2DIAGNOSTIC,     6, -4.396789862165e-01, 1.797693134862e+308, 0.0000e+00, 0.0000e+00, 
 2DIAGNOSTIC,     7, -4.396789862165e-01, 1.797693134862e+308, 0.0000e+00, 0.0000e+00, 
 2DIAGNOSTIC,     8, -4.396789862165e-01, 1.797693134862e+308, 0.0000e+00, 0.0000e+00, 
 2DIAGNOSTIC,     9, -4.396789862165e-01, 1.797693134862e+308, 0.0000e+00, 0.0000e+00, 
  Elapsed time (stage 0): 0.0000e+00


Total elapsed time: 0.0000e+00
Info [verificarlo]: loaded backend libinterflop_ieee.so
Info [interflop-ieee]: load backend with:
Info [interflop-ieee]: debug = false
Info [interflop-ieee]: debug-binary = false
Info [interflop-ieee]: no-backend-name = false
Info [interflop-ieee]: print-new-line = false
Info [interflop-ieee]: print-subnormal-normalized = false
Info [interflop-ieee]: count-op = false
All_Command_lines_OK
Using double precision for computations.
=============================================================================
The composite transform comprises the following transforms (in order): 
  1. /home/mdugre/scratch/mri-registration-rp/datasets/ds004513/derivatives/mri-registration-rp/0100/antsRegistration-r7-p9/sub-s003/rigid_Composite.h5[0] (type = Euler3DTransform)
  2. /home/mdugre/scratch/mri-registration-rp/datasets/ds004513/derivatives/mri-registration-rp/0100/antsRegistration-r7-p9/sub-s003/rigid_Composite.h5[1] (type = Euler3DTransform)
  3. /home/mdugre/scratch/mri-registration-rp/datasets/ds004513/derivatives/mri-registration-rp/0100/antsRegistration-r7-p9/sub-s003/rigid_Composite.h5[2] (type = Euler3DTransform)
=============================================================================
  number of levels = 4
  fixed image: /templateflow/tpl-MNI152NLin2009cAsym/tpl-MNI152NLin2009cAsym_res-01_desc-brain_T1w.nii.gz
  moving image: /home/mdugre/scratch/mri-registration-rp/datasets/ds004513/derivatives/mri-registration-rp/antsBrainExtraction/sub-s003/BrainExtractionBrain.nii.gz
Dimension = 3
Number of stages = 1
Use histogram matching = false
Winsorize image intensities = true
  Lower quantile = 0.005
  Upper quantile = 0.995


Stage 1 State
   Image metric = MattesMI
     Fixed image = Image (0x3b75530)
  RTTI typeinfo:   itk::Image<double, 3u>
  Reference Count: 2
  Modified Time: 1594
  Debug: Off
  Object Name: 
  Observers: 
    none
  Source: (none)
  Source output name: (none)
  Release Data: Off
  Data Released: False
  Global Release Data: Off
  PipelineMTime: 0
  UpdateMTime: 1203
  RealTimeStamp: 0 seconds 
  LargestPossibleRegion: 
    Dimension: 3
    Index: [0, 0, 0]
    Size: [193, 229, 193]
  BufferedRegion: 
    Dimension: 3
    Index: [0, 0, 0]
    Size: [193, 229, 193]
  RequestedRegion: 
    Dimension: 3
    Index: [0, 0, 0]
    Size: [193, 229, 193]
  Spacing: [1, 1, 1]
  Origin: [96, 132, -78]
  Direction: 
-1 0 0
0 -1 0
0 0 1

  IndexToPointMatrix: 
-1 0 0
0 -1 0
0 0 1

  PointToIndexMatrix: 
-1 0 0
0 -1 0
0 0 1

  Inverse Direction: 
-1 0 0
0 -1 0
0 0 1

  PixelContainer: 
    ImportImageContainer (0x3b822b0)
      RTTI typeinfo:   itk::ImportImageContainer<unsigned long, double>
      Reference Count: 1
      Modified Time: 1200
      Debug: Off
      Object Name: 
      Observers: 
        none
      Pointer: 0x145a2154e010
      Container manages memory: true
      Size: 8530021
      Capacity: 8530021

     Moving image = Image (0x3c30fd0)
  RTTI typeinfo:   itk::Image<double, 3u>
  Reference Count: 2
  Modified Time: 1595
  Debug: Off
  Object Name: 
  Observers: 
    none
  Source: (none)
  Source output name: (none)
  Release Data: Off
  Data Released: False
  Global Release Data: Off
  PipelineMTime: 0
  UpdateMTime: 1592
  RealTimeStamp: 0 seconds 
  LargestPossibleRegion: 
    Dimension: 3
    Index: [0, 0, 0]
    Size: [176, 240, 256]
  BufferedRegion: 
    Dimension: 3
    Index: [0, 0, 0]
    Size: [176, 240, 256]
  RequestedRegion: 
    Dimension: 3
    Index: [0, 0, 0]
    Size: [176, 240, 256]
  Spacing: [0.999999, 1, 1]
  Origin: [93.3499, 86.9368, -128.957]
  Direction: 
-0.999513 -0.0279216 -0.0139567
0.0279189 -0.99961 0.000389866
-0.0139622 2.01492e-08 0.999903

  IndexToPointMatrix: 
-0.999512 -0.0279216 -0.0139567
0.0279189 -0.99961 0.000389866
-0.0139621 2.01492e-08 0.999903

  PointToIndexMatrix: 
-0.999514 0.0279189 -0.0139622
-0.0279216 -0.99961 2.01716e-08
-0.0139567 0.000389866 0.999903

  Inverse Direction: 
-0.999513 0.0279189 -0.0139622
-0.0279216 -0.99961 2.01716e-08
-0.0139567 0.000389866 0.999903

  PixelContainer: 
    ImportImageContainer (0x3c48990)
      RTTI typeinfo:   itk::ImportImageContainer<unsigned long, double>
      Reference Count: 1
      Modified Time: 1589
      Debug: Off
      Object Name: 
      Observers: 
        none
      Pointer: 0x145a1c2cd010
      Container manages memory: true
      Size: 10813440
      Capacity: 10813440

     Weighting = 1
     Sampling strategy = regular
     Number of bins = 32
     Radius = 4
     Sampling percentage  = 0.25
   Transform = Affine
     Gradient step = 0.1
     Update field sigma (voxel space) = 0
     Total field sigma (voxel space) = 0
     Update field time sigma = 0
     Total field time sigma  = 0
     Number of time indices = 0
     Number of time point samples = 0
Registration using 1 total stages.

Stage 0
  iterations = 1000x500x250x100
  convergence threshold = 1e-06
  convergence window size = 10
  number of levels = 4
  using the Mattes MI metric (number of bins = 32, weight = 1, use gradient filter = 0)
  preprocessing:  winsorizing the image intensities
  Shrink factors (level 1 out of 4): [8, 8, 8]
  Shrink factors (level 2 out of 4): [4, 4, 4]
  Shrink factors (level 3 out of 4): [2, 2, 2]
  Shrink factors (level 4 out of 4): [1, 1, 1]
  smoothing sigmas per level: [3, 2, 1, 0]
  regular sampling (percentage = 0.25)

*** Running AffineTransform registration ***

DIAGNOSTIC,Iteration,metricValue,convergenceValue,ITERATION_TIME_INDEX,SINCE_LAST
 2DIAGNOSTIC,     1, -6.423264464793e-01, 1.797693134862e+308, 7.5359e-01, 7.5359e-01, 
 2DIAGNOSTIC,     2, -6.444662296938e-01, 1.797693134862e+308, 7.5892e-01, 5.3270e-03, 
 2DIAGNOSTIC,     3, -6.476667997905e-01, 1.797693134862e+308, 7.6467e-01, 5.7459e-03, 
 2DIAGNOSTIC,     4, -6.531273168787e-01, 1.797693134862e+308, 7.7028e-01, 5.6131e-03, 
 2DIAGNOSTIC,     5, -6.622619209935e-01, 1.797693134862e+308, 7.7524e-01, 4.9610e-03, 
 2DIAGNOSTIC,     6, -6.754481238200e-01, 1.797693134862e+308, 7.8009e-01, 4.8470e-03, 
 2DIAGNOSTIC,     7, -6.866669558834e-01, 1.797693134862e+308, 7.8491e-01, 4.8180e-03, 
 2DIAGNOSTIC,     8, -7.066671338338e-01, 1.797693134862e+308, 7.9099e-01, 6.0880e-03, 
 2DIAGNOSTIC,     9, -7.113860519879e-01, 1.797693134862e+308, 7.9676e-01, 5.7681e-03, 
 2DIAGNOSTIC,    10, -7.157394013501e-01, 8.056125455917e-03, 8.0346e-01, 6.6988e-03, 
 2DIAGNOSTIC,    11, -7.172069772537e-01, 7.455595997036e-03, 8.0935e-01, 5.8889e-03, 
 2DIAGNOSTIC,    12, -7.178533909375e-01, 6.388004661783e-03, 8.1529e-01, 5.9409e-03, 
 2DIAGNOSTIC,    13, -7.192872886010e-01, 5.060608976766e-03, 8.2095e-01, 5.6601e-03, 
 2DIAGNOSTIC,    14, -7.199048004977e-01, 3.650340656566e-03, 8.2630e-01, 5.3442e-03, 
 2DIAGNOSTIC,    15, -7.201651655825e-01, 2.362554742063e-03, 8.3238e-01, 6.0880e-03, 
 2DIAGNOSTIC,    16, -7.208388473403e-01, 1.382077816823e-03, 8.3774e-01, 5.3539e-03, 
 2DIAGNOSTIC,    17, -7.225166506018e-01, 6.944263901305e-04, 8.4396e-01, 6.2199e-03, 
 2DIAGNOSTIC,    18, -7.256259318051e-01, 5.446467937626e-04, 8.5039e-01, 6.4359e-03, 
 2DIAGNOSTIC,    19, -7.268940244992e-01, 4.859528250068e-04, 8.5810e-01, 7.7031e-03, 
 2DIAGNOSTIC,    20, -7.270705853398e-01, 4.808411923480e-04, 8.6368e-01, 5.5790e-03, 
 2DIAGNOSTIC,    21, -7.273254464895e-01, 4.659871003654e-04, 8.6896e-01, 5.2888e-03, 
 2DIAGNOSTIC,    22, -7.275811714648e-01, 4.248325370395e-04, 8.7428e-01, 5.3120e-03, 
 2DIAGNOSTIC,    23, -7.279348930737e-01, 3.780983750243e-04, 8.8244e-01, 8.1639e-03, 
 2DIAGNOSTIC,    24, -7.279663127620e-01, 3.109268640305e-04, 8.8826e-01, 5.8191e-03, 
 2DIAGNOSTIC,    25, -7.277867395868e-01, 2.224059639362e-04, 8.9369e-01, 5.4328e-03, 
 2DIAGNOSTIC,    26, -7.278145786248e-01, 1.312635233887e-04, 8.9890e-01, 5.2040e-03, 
 2DIAGNOSTIC,    27, -7.278518995636e-01, 5.923665186650e-05, 9.0429e-01, 5.3902e-03, 
 2DIAGNOSTIC,    28, -7.279079850136e-01, 3.192631812989e-05, 9.0952e-01, 5.2371e-03, 
 2DIAGNOSTIC,    29, -7.279896465697e-01, 2.235735669655e-05, 9.1533e-01, 5.8069e-03, 
 2DIAGNOSTIC,    30, -7.281618900366e-01, 1.614991413013e-05, 9.2117e-01, 5.8401e-03, 
 2DIAGNOSTIC,    31, -7.284919401573e-01, 1.642460362786e-05, 9.2763e-01, 6.4621e-03, 
 2DIAGNOSTIC,    32, -7.285099677679e-01, 1.840781423253e-05, 9.3346e-01, 5.8241e-03, 
 2DIAGNOSTIC,    33, -7.284260045264e-01, 2.192004193422e-05, 9.3891e-01, 5.4572e-03, 
 2DIAGNOSTIC,    34, -7.283605260739e-01, 2.297366131934e-05, 9.4433e-01, 5.4150e-03, 
 2DIAGNOSTIC,    35, -7.289320918394e-01, 2.632035541187e-05, 9.5016e-01, 5.8310e-03, 
 2DIAGNOSTIC,    36, -7.287500874656e-01, 2.508881694887e-05, 9.5686e-01, 6.6979e-03, 
 2DIAGNOSTIC,    37, -7.288775639767e-01, 2.353244166242e-05, 9.6274e-01, 5.8870e-03, 
 2DIAGNOSTIC,    38, -7.292306932602e-01, 2.430659116530e-05, 9.7114e-01, 8.3921e-03, 
 2DIAGNOSTIC,    39, -7.291825366646e-01, 2.301693977538e-05, 9.7707e-01, 5.9359e-03, 
 2DIAGNOSTIC,    40, -7.292464193011e-01, 2.191535429651e-05, 9.8309e-01, 6.0132e-03, 
 2DIAGNOSTIC,    41, -7.292033323436e-01, 2.165508992173e-05, 9.8823e-01, 5.1470e-03, 
 2DIAGNOSTIC,    42, -7.292002085700e-01, 1.964643673614e-05, 9.9393e-01, 5.6930e-03, 
 2DIAGNOSTIC,    43, -7.292144302453e-01, 1.528709796819e-05, 9.9959e-01, 5.6620e-03, 
 2DIAGNOSTIC,    44, -7.291186513591e-01, 8.117675986328e-06, 1.0047e+00, 5.1091e-03, 
 2DIAGNOSTIC,    45, -7.289220367696e-01, 4.009112920728e-06, 1.0098e+00, 5.0790e-03, 
DIAGNOSTIC,Iteration,metricValue,convergenceValue,ITERATION_TIME_INDEX,SINCE_LAST
 2DIAGNOSTIC,     1, -5.998917435638e-01, 1.797693134862e+308, 1.7750e+00, 7.6518e-01, 
 2DIAGNOSTIC,     2, -6.001083252003e-01, 1.797693134862e+308, 1.8154e+00, 4.0428e-02, 
 2DIAGNOSTIC,     3, -6.005085073902e-01, 1.797693134862e+308, 1.8512e+00, 3.5826e-02, 
 2DIAGNOSTIC,     4, -6.007303470586e-01, 1.797693134862e+308, 1.8928e+00, 4.1580e-02, 
 2DIAGNOSTIC,     5, -6.008728772497e-01, 1.797693134862e+308, 1.9294e+00, 3.6606e-02, 
 2DIAGNOSTIC,     6, -6.011915746638e-01, 1.797693134862e+308, 1.9680e+00, 3.8566e-02, 
 2DIAGNOSTIC,     7, -6.015831841391e-01, 1.797693134862e+308, 2.0048e+00, 3.6868e-02, 
 2DIAGNOSTIC,     8, -6.021528777281e-01, 1.797693134862e+308, 2.0512e+00, 4.6401e-02, 
 2DIAGNOSTIC,     9, -6.023939986962e-01, 1.797693134862e+308, 2.0971e+00, 4.5900e-02, 
 2DIAGNOSTIC,    10, -6.026872639647e-01, 3.056157204201e-04, 2.1443e+00, 4.7184e-02, 
 2DIAGNOSTIC,    11, -6.028004028438e-01, 2.789752596392e-04, 2.1840e+00, 3.9699e-02, 
 2DIAGNOSTIC,    12, -6.033141006762e-01, 2.602916228925e-04, 2.2220e+00, 3.7979e-02, 
 2DIAGNOSTIC,    13, -6.037445455928e-01, 2.506754049340e-04, 2.2590e+00, 3.7047e-02, 
 2DIAGNOSTIC,    14, -6.040468284761e-01, 2.373837214989e-04, 2.2948e+00, 3.5737e-02, 
 2DIAGNOSTIC,    15, -6.046785847713e-01, 2.288750180473e-04, 2.3360e+00, 4.1264e-02, 
 2DIAGNOSTIC,    16, -6.049710578948e-01, 2.182901276735e-04, 2.3954e+00, 5.9384e-02, 
 2DIAGNOSTIC,    17, -6.049894347144e-01, 2.000053771996e-04, 2.4366e+00, 4.1216e-02, 
 2DIAGNOSTIC,    18, -6.050032793378e-01, 1.807906129164e-04, 2.4802e+00, 4.3507e-02, 
 2DIAGNOSTIC,    19, -6.050110494522e-01, 1.531196700931e-04, 2.5186e+00, 3.8419e-02, 
 2DIAGNOSTIC,    20, -6.050056379988e-01, 1.208794047022e-04, 2.5577e+00, 3.9099e-02, 
 2DIAGNOSTIC,    21, -6.049904632165e-01, 8.255100351669e-05, 2.5962e+00, 3.8516e-02, 
 2DIAGNOSTIC,    22, -6.049883028226e-01, 5.112711880081e-05, 2.6315e+00, 3.5299e-02, 
 2DIAGNOSTIC,    23, -6.049999979255e-01, 2.692181301293e-05, 2.6727e+00, 4.1192e-02, 
 2DIAGNOSTIC,    24, -6.050035040445e-01, 8.054544456494e-06, 2.7167e+00, 4.4029e-02, 
 2DIAGNOSTIC,    25, -6.050083770243e-01, 1.920291357177e-06, 2.7591e+00, 4.2426e-02, 
 2DIAGNOSTIC,    26, -6.049855173737e-01, 1.086458306522e-06, 2.7986e+00, 3.9451e-02, 
DIAGNOSTIC,Iteration,metricValue,convergenceValue,ITERATION_TIME_INDEX,SINCE_LAST
 2DIAGNOSTIC,     1, -5.304975076120e-01, 1.797693134862e+308, 4.0355e+00, 1.2369e+00, 
 2DIAGNOSTIC,     2, -5.307133857185e-01, 1.797693134862e+308, 4.3819e+00, 3.4643e-01, 
 2DIAGNOSTIC,     3, -5.308579915276e-01, 1.797693134862e+308, 4.7277e+00, 3.4571e-01, 
 2DIAGNOSTIC,     4, -5.309710499693e-01, 1.797693134862e+308, 5.0615e+00, 3.3382e-01, 
 2DIAGNOSTIC,     5, -5.311085993682e-01, 1.797693134862e+308, 5.3879e+00, 3.2644e-01, 
 2DIAGNOSTIC,     6, -5.313930012234e-01, 1.797693134862e+308, 5.7059e+00, 3.1795e-01, 
 2DIAGNOSTIC,     7, -5.318258962648e-01, 1.797693134862e+308, 6.1779e+00, 4.7206e-01, 
 2DIAGNOSTIC,     8, -5.319776645188e-01, 1.797693134862e+308, 6.4694e+00, 2.9144e-01, 
 2DIAGNOSTIC,     9, -5.322138473133e-01, 1.797693134862e+308, 6.7618e+00, 2.9239e-01, 
 2DIAGNOSTIC,    10, -5.324794480156e-01, 2.451871997489e-04, 7.1391e+00, 3.7730e-01, 
 2DIAGNOSTIC,    11, -5.326883514398e-01, 2.333676947419e-04, 7.4587e+00, 3.1968e-01, 
 2DIAGNOSTIC,    12, -5.327441626238e-01, 2.145884408864e-04, 7.7580e+00, 2.9928e-01, 
 2DIAGNOSTIC,    13, -5.330935896849e-01, 2.000065644347e-04, 8.2686e+00, 5.1060e-01, 
 2DIAGNOSTIC,    14, -5.330870535448e-01, 1.734507323977e-04, 8.6835e+00, 4.1484e-01, 
 2DIAGNOSTIC,    15, -5.330859261533e-01, 1.396315672827e-04, 9.0224e+00, 3.3891e-01, 
 2DIAGNOSTIC,    16, -5.330853941739e-01, 1.067248946920e-04, 9.3835e+00, 3.6117e-01, 
 2DIAGNOSTIC,    17, -5.330847342332e-01, 8.162810826535e-05, 9.7516e+00, 3.6808e-01, 
 2DIAGNOSTIC,    18, -5.330832952702e-01, 5.623344614284e-05, 1.0134e+01, 3.8269e-01, 
 2DIAGNOSTIC,    19, -5.330837652617e-01, 3.497136976781e-05, 1.0480e+01, 3.4607e-01, 
 2DIAGNOSTIC,    20, -5.330834208275e-01, 1.983832825069e-05, 1.0844e+01, 3.6400e-01, 
 2DIAGNOSTIC,    21, -5.330792165791e-01, 9.718185923914e-06, 1.1166e+01, 3.2162e-01, 
DIAGNOSTIC,Iteration,metricValue,convergenceValue,ITERATION_TIME_INDEX,SINCE_LAST
 2DIAGNOSTIC,     1, -4.898455155609e-01, 1.797693134862e+308, 1.5120e+01, 3.9540e+00, 
 2DIAGNOSTIC,     2, -4.900403572193e-01, 1.797693134862e+308, 1.7309e+01, 2.1888e+00, 
 2DIAGNOSTIC,     3, -4.902357196810e-01, 1.797693134862e+308, 1.9410e+01, 2.1016e+00, 
 2DIAGNOSTIC,     4, -4.904153089885e-01, 1.797693134862e+308, 2.2003e+01, 2.5925e+00, 
 2DIAGNOSTIC,     5, -4.905503055926e-01, 1.797693134862e+308, 2.4357e+01, 2.3543e+00, 
 2DIAGNOSTIC,     6, -4.906073354396e-01, 1.797693134862e+308, 2.6601e+01, 2.2436e+00, 
 2DIAGNOSTIC,     7, -4.906776625734e-01, 1.797693134862e+308, 2.8679e+01, 2.0780e+00, 
 2DIAGNOSTIC,     8, -4.907198112337e-01, 1.797693134862e+308, 3.0621e+01, 1.9421e+00, 
 2DIAGNOSTIC,     9, -4.907492861514e-01, 1.797693134862e+308, 3.3316e+01, 2.6954e+00, 
 2DIAGNOSTIC,    10, -4.907494231533e-01, 1.187882714754e-04, 3.5300e+01, 1.9832e+00, 
 2DIAGNOSTIC,    11, -4.907492679413e-01, 8.100871810218e-05, 3.7196e+01, 1.8966e+00, 
 2DIAGNOSTIC,    12, -4.907484009475e-01, 5.177967642814e-05, 3.9124e+01, 1.9279e+00, 
 2DIAGNOSTIC,    13, -4.907478998131e-01, 3.113581014980e-05, 4.1276e+01, 2.1523e+00, 
 2DIAGNOSTIC,    14, -4.907475611693e-01, 1.814350426239e-05, 4.5038e+01, 3.7611e+00, 
 2DIAGNOSTIC,    15, -4.907475892953e-01, 1.064196524768e-05, 5.1121e+01, 6.0831e+00, 
 2DIAGNOSTIC,    16, -4.907475892926e-01, 5.324654598474e-06, 5.6897e+01, 5.7769e+00, 
 2DIAGNOSTIC,    17, -4.907475892926e-01, 2.694090218261e-06, 5.9054e+01, 2.1566e+00, 
 2DIAGNOSTIC,    18, -4.907475892926e-01, 1.609689546996e-06, 6.1072e+01, 2.0175e+00, 
 2DIAGNOSTIC,    19, -4.907475892926e-01, 1.552443900016e-06, 6.3990e+01, 2.9187e+00, 
 2DIAGNOSTIC,    20, -4.907475892926e-01, 1.515867982839e-06, 6.6096e+01, 2.1060e+00, 
 2DIAGNOSTIC,    21, -4.907475892926e-01, 1.485854376509e-06, 6.8288e+01, 2.1918e+00, 
 2DIAGNOSTIC,    22, -4.907475892926e-01, 1.438762052448e-06, 7.0432e+01, 2.1437e+00, 
 2DIAGNOSTIC,    23, -4.907475892926e-01, 1.384101664934e-06, 7.2531e+01, 2.0996e+00, 
 2DIAGNOSTIC,    24, -4.907475892926e-01, 1.325737834991e-06, 7.4670e+01, 2.1384e+00, 
 2DIAGNOSTIC,    25, -4.907475892926e-01, 1.272695922740e-06, 7.6691e+01, 2.0208e+00, 
 2DIAGNOSTIC,    26, -4.907475892926e-01, 1.223735019221e-06, 7.8568e+01, 1.8778e+00, 
 2DIAGNOSTIC,    27, -4.907475892926e-01, 1.178401638359e-06, 8.0480e+01, 1.9116e+00, 
 2DIAGNOSTIC,    28, -4.907475892926e-01, 1.136307035562e-06, 8.2355e+01, 1.8754e+00, 
 2DIAGNOSTIC,    29, -4.907475892926e-01, 1.097116096853e-06, 8.4273e+01, 1.9180e+00, 
 2DIAGNOSTIC,    30, -4.907475892926e-01, 1.060538399017e-06, 8.6186e+01, 1.9126e+00, 
 2DIAGNOSTIC,    31, -4.907475892926e-01, 1.026320999853e-06, 8.8206e+01, 2.0203e+00, 
  Elapsed time (stage 0): 8.9472e+01


Total elapsed time: 8.9475e+01
Info [verificarlo]: loaded backend libinterflop_ieee.so
Info [interflop-ieee]: load backend with:
Info [interflop-ieee]: debug = false
Info [interflop-ieee]: debug-binary = false
Info [interflop-ieee]: no-backend-name = false
Info [interflop-ieee]: print-new-line = false
Info [interflop-ieee]: print-subnormal-normalized = false
Info [interflop-ieee]: count-op = false
All_Command_lines_OK
Using double precision for computations.
=============================================================================
The composite transform comprises the following transforms (in order): 
  1. /home/mdugre/scratch/mri-registration-rp/datasets/ds004513/derivatives/mri-registration-rp/0100/antsRegistration-r7-p9/sub-s003/affine_Composite.h5[0] (type = Euler3DTransform)
  2. /home/mdugre/scratch/mri-registration-rp/datasets/ds004513/derivatives/mri-registration-rp/0100/antsRegistration-r7-p9/sub-s003/affine_Composite.h5[1] (type = Euler3DTransform)
  3. /home/mdugre/scratch/mri-registration-rp/datasets/ds004513/derivatives/mri-registration-rp/0100/antsRegistration-r7-p9/sub-s003/affine_Composite.h5[2] (type = Euler3DTransform)
  4. /home/mdugre/scratch/mri-registration-rp/datasets/ds004513/derivatives/mri-registration-rp/0100/antsRegistration-r7-p9/sub-s003/affine_Composite.h5[3] (type = AffineTransform)
=============================================================================
  number of levels = 4
  fixed image: /templateflow/tpl-MNI152NLin2009cAsym/tpl-MNI152NLin2009cAsym_res-01_desc-brain_T1w.nii.gz
  moving image: /home/mdugre/scratch/mri-registration-rp/datasets/ds004513/derivatives/mri-registration-rp/antsBrainExtraction/sub-s003/BrainExtractionBrain.nii.gz
Dimension = 3
Number of stages = 1
Use histogram matching = false
Winsorize image intensities = true
  Lower quantile = 0.005
  Upper quantile = 0.995


Stage 1 State
   Image metric = CC
     Fixed image = Image (0x515ba40)
  RTTI typeinfo:   itk::Image<double, 3u>
  Reference Count: 2
  Modified Time: 1608
  Debug: Off
  Object Name: 
  Observers: 
    none
  Source: (none)
  Source output name: (none)
  Release Data: Off
  Data Released: False
  Global Release Data: Off
  PipelineMTime: 0
  UpdateMTime: 1217
  RealTimeStamp: 0 seconds 
  LargestPossibleRegion: 
    Dimension: 3
    Index: [0, 0, 0]
    Size: [193, 229, 193]
  BufferedRegion: 
    Dimension: 3
    Index: [0, 0, 0]
    Size: [193, 229, 193]
  RequestedRegion: 
    Dimension: 3
    Index: [0, 0, 0]
    Size: [193, 229, 193]
  Spacing: [1, 1, 1]
  Origin: [96, 132, -78]
  Direction: 
-1 0 0
0 -1 0
0 0 1

  IndexToPointMatrix: 
-1 0 0
0 -1 0
0 0 1

  PointToIndexMatrix: 
-1 0 0
0 -1 0
0 0 1

  Inverse Direction: 
-1 0 0
0 -1 0
0 0 1

  PixelContainer: 
    ImportImageContainer (0x522a780)
      RTTI typeinfo:   itk::ImportImageContainer<unsigned long, double>
      Reference Count: 1
      Modified Time: 1214
      Debug: Off
      Object Name: 
      Observers: 
        none
      Pointer: 0x14a79ca51010
      Container manages memory: true
      Size: 8530021
      Capacity: 8530021

     Moving image = Image (0x522c390)
  RTTI typeinfo:   itk::Image<double, 3u>
  Reference Count: 2
  Modified Time: 1609
  Debug: Off
  Object Name: 
  Observers: 
    none
  Source: (none)
  Source output name: (none)
  Release Data: Off
  Data Released: False
  Global Release Data: Off
  PipelineMTime: 0
  UpdateMTime: 1606
  RealTimeStamp: 0 seconds 
  LargestPossibleRegion: 
    Dimension: 3
    Index: [0, 0, 0]
    Size: [176, 240, 256]
  BufferedRegion: 
    Dimension: 3
    Index: [0, 0, 0]
    Size: [176, 240, 256]
  RequestedRegion: 
    Dimension: 3
    Index: [0, 0, 0]
    Size: [176, 240, 256]
  Spacing: [0.999999, 1, 1]
  Origin: [93.3499, 86.9368, -128.957]
  Direction: 
-0.999513 -0.0279216 -0.0139567
0.0279189 -0.99961 0.000389866
-0.0139622 2.01492e-08 0.999903

  IndexToPointMatrix: 
-0.999512 -0.0279216 -0.0139567
0.0279189 -0.99961 0.000389866
-0.0139621 2.01492e-08 0.999903

  PointToIndexMatrix: 
-0.999514 0.0279189 -0.0139622
-0.0279216 -0.99961 2.01716e-08
-0.0139567 0.000389866 0.999903

  Inverse Direction: 
-0.999513 0.0279189 -0.0139622
-0.0279216 -0.99961 2.01716e-08
-0.0139567 0.000389866 0.999903

  PixelContainer: 
    ImportImageContainer (0x51e16f0)
      RTTI typeinfo:   itk::ImportImageContainer<unsigned long, double>
      Reference Count: 1
      Modified Time: 1603
      Debug: Off
      Object Name: 
      Observers: 
        none
      Pointer: 0x14a7977d0010
      Container manages memory: true
      Size: 10813440
      Capacity: 10813440

     Weighting = 1
     Sampling strategy = none
     Number of bins = 32
     Radius = 4
     Sampling percentage  = 1
   Transform = SyN
     Gradient step = 0.1
     Update field sigma (voxel space) = 3
     Total field sigma (voxel space) = 0
     Update field time sigma = 0
     Total field time sigma  = 0
     Number of time indices = 0
     Number of time point samples = 0
Registration using 1 total stages.

Stage 0
  iterations = 100x70x50x20
  convergence threshold = 1e-06
  convergence window size = 10
  number of levels = 4
  using the CC metric (radius = 4, weight = 1, use gradient filter = 0)
  preprocessing:  winsorizing the image intensities
  Shrink factors (level 1 out of 4): [8, 8, 8]
  Shrink factors (level 2 out of 4): [4, 4, 4]
  Shrink factors (level 3 out of 4): [2, 2, 2]
  Shrink factors (level 4 out of 4): [1, 1, 1]
  smoothing sigmas per level: [3, 2, 1, 0]
  Using default NONE metricSamplingStrategy 

*** Running SyN registration (varianceForUpdateField = 3, varianceForTotalField = 0) ***

XXDIAGNOSTIC,Iteration,metricValue,convergenceValue,ITERATION_TIME_INDEX,SINCE_LAST
 1DIAGNOSTIC,     1, -8.486972370002e-01, 1.797693134862e+308, 1.1524e+00, 1.1524e+00, 
 1DIAGNOSTIC,     2, -8.636248735448e-01, 1.797693134862e+308, 1.5075e+00, 3.5509e-01, 
 1DIAGNOSTIC,     3, -8.773953250808e-01, 1.797693134862e+308, 1.8416e+00, 3.3415e-01, 
 1DIAGNOSTIC,     4, -8.892547260312e-01, 1.797693134862e+308, 2.1815e+00, 3.3988e-01, 
 1DIAGNOSTIC,     5, -8.983594108190e-01, 1.797693134862e+308, 2.5315e+00, 3.4996e-01, 
 1DIAGNOSTIC,     6, -9.059842480837e-01, 1.797693134862e+308, 2.9046e+00, 3.7315e-01, 
 1DIAGNOSTIC,     7, -9.123377895292e-01, 1.797693134862e+308, 3.2537e+00, 3.4911e-01, 
 1DIAGNOSTIC,     8, -9.177767282714e-01, 1.797693134862e+308, 3.5993e+00, 3.4562e-01, 
 1DIAGNOSTIC,     9, -9.224713310584e-01, 1.797693134862e+308, 3.9424e+00, 3.4308e-01, 
 1DIAGNOSTIC,    10, -9.263007737212e-01, 5.375228181608e-03, 4.3063e+00, 3.6384e-01, 
 1DIAGNOSTIC,    11, -9.290099947279e-01, 4.070025788993e-03, 4.6408e+00, 3.3455e-01, 
