
##########################
# Experiment information #
##########################

EXPERIMENT_NAME: antsRegistration-r7-p23
VFC_BACKENDS: libinterflop_vprec.so --range-binary32=7 --precision-binary32=23 --range-binary64=7 --precision-binary64=23

SIF_IMG: /home/mdugre/projects/rrg-glatard/mdugre/containers/ants-vprec-no_metrics.simg

SUBJECT_ID: s020
INPUT_IMG: /home/mdugre/scratch/mri-registration-rp/datasets/ds004513/derivatives/mri-registration-rp/antsBrainExtraction/sub-s020/BrainExtractionBrain.nii.gz
OUTPUT_DIR: /home/mdugre/scratch/mri-registration-rp/datasets/ds004513/derivatives/mri-registration-rp/0100/antsRegistration-r7-p23/sub-s020

FIXED_IMG: /templateflow/tpl-MNI152NLin2009cAsym/tpl-MNI152NLin2009cAsym_res-01_desc-brain_T1w.nii.gz
DATA_DIR: /home/mdugre/scratch/mri-registration-rp/datasets/ds004513
TEMPLATEFLOW_DIR: /home/mdugre/projects/rrg-glatard/mdugre/templateflow
ITK_GLOBAL_DEFAULT_NUMBER_OF_THREADS: 16
##########################

Info [verificarlo]: loaded backend libinterflop_ieee.so
Info [interflop-ieee]: load backend with:
Info [interflop-ieee]: debug = false
Info [interflop-ieee]: debug-binary = false
Info [interflop-ieee]: no-backend-name = false
Info [interflop-ieee]: print-new-line = false
Info [interflop-ieee]: print-subnormal-normalized = false
Info [interflop-ieee]: count-op = false
All_Command_lines_OK
Using double precision for computations.
=============================================================================
The composite transform comprises the following transforms (in order): 
  1. Center of mass alignment using fixed image: /templateflow/tpl-MNI152NLin2009cAsym/tpl-MNI152NLin2009cAsym_res-01_desc-brain_T1w.nii.gz and moving image: /home/mdugre/scratch/mri-registration-rp/datasets/ds004513/derivatives/mri-registration-rp/antsBrainExtraction/sub-s020/BrainExtractionBrain.nii.gz (type = Euler3DTransform)
=============================================================================
  number of levels = 1
  fixed image: /templateflow/tpl-MNI152NLin2009cAsym/tpl-MNI152NLin2009cAsym_res-01_desc-brain_T1w.nii.gz
  moving image: /home/mdugre/scratch/mri-registration-rp/datasets/ds004513/derivatives/mri-registration-rp/antsBrainExtraction/sub-s020/BrainExtractionBrain.nii.gz
Dimension = 3
Number of stages = 1
Use histogram matching = false
Winsorize image intensities = true
  Lower quantile = 0.005
  Upper quantile = 0.995


Stage 1 State
   Image metric = MattesMI
     Fixed image = Image (0x3abbe70)
  RTTI typeinfo:   itk::Image<double, 3u>
  Reference Count: 2
  Modified Time: 2334
  Debug: Off
  Object Name: 
  Observers: 
    none
  Source: (none)
  Source output name: (none)
  Release Data: Off
  Data Released: False
  Global Release Data: Off
  PipelineMTime: 0
  UpdateMTime: 1943
  RealTimeStamp: 0 seconds 
  LargestPossibleRegion: 
    Dimension: 3
    Index: [0, 0, 0]
    Size: [193, 229, 193]
  BufferedRegion: 
    Dimension: 3
    Index: [0, 0, 0]
    Size: [193, 229, 193]
  RequestedRegion: 
    Dimension: 3
    Index: [0, 0, 0]
    Size: [193, 229, 193]
  Spacing: [1, 1, 1]
  Origin: [96, 132, -78]
  Direction: 
-1 0 0
0 -1 0
0 0 1

  IndexToPointMatrix: 
-1 0 0
0 -1 0
0 0 1

  PointToIndexMatrix: 
-1 0 0
0 -1 0
0 0 1

  Inverse Direction: 
-1 0 0
0 -1 0
0 0 1

  PixelContainer: 
    ImportImageContainer (0x3ac4c60)
      RTTI typeinfo:   itk::ImportImageContainer<unsigned long, double>
      Reference Count: 1
      Modified Time: 1940
      Debug: Off
      Object Name: 
      Observers: 
        none
      Pointer: 0x1492f993a010
      Container manages memory: true
      Size: 8530021
      Capacity: 8530021

     Moving image = Image (0x3ac7610)
  RTTI typeinfo:   itk::Image<double, 3u>
  Reference Count: 2
  Modified Time: 2335
  Debug: Off
  Object Name: 
  Observers: 
    none
  Source: (none)
  Source output name: (none)
  Release Data: Off
  Data Released: False
  Global Release Data: Off
  PipelineMTime: 0
  UpdateMTime: 2332
  RealTimeStamp: 0 seconds 
  LargestPossibleRegion: 
    Dimension: 3
    Index: [0, 0, 0]
    Size: [160, 240, 256]
  BufferedRegion: 
    Dimension: 3
    Index: [0, 0, 0]
    Size: [160, 240, 256]
  RequestedRegion: 
    Dimension: 3
    Index: [0, 0, 0]
    Size: [160, 240, 256]
  Spacing: [0.999995, 1, 1]
  Origin: [87.0906, 98.7205, -152.377]
  Direction: 
-0.996975 0.0261379 -0.0731913
-0.0260677 -0.999658 -0.00191374
-0.0732163 -2.46403e-08 0.997316

  IndexToPointMatrix: 
-0.996971 0.0261379 -0.0731913
-0.0260676 -0.999658 -0.00191374
-0.0732159 -2.46403e-08 0.997316

  PointToIndexMatrix: 
-0.99698 -0.0260679 -0.0732166
0.0261379 -0.999658 -2.46993e-08
-0.0731913 -0.00191374 0.997316

  Inverse Direction: 
-0.996975 -0.0260677 -0.0732163
0.0261379 -0.999658 -2.46993e-08
-0.0731913 -0.00191374 0.997316

  PixelContainer: 
    ImportImageContainer (0x3b60ef0)
      RTTI typeinfo:   itk::ImportImageContainer<unsigned long, double>
      Reference Count: 1
      Modified Time: 2329
      Debug: Off
      Object Name: 
      Observers: 
        none
      Pointer: 0x1492f4e39010
      Container manages memory: true
      Size: 9830400
      Capacity: 9830400

     Weighting = 1
     Sampling strategy = regular
     Number of bins = 32
     Radius = 4
     Sampling percentage  = 0.25
   Transform = Rigid
     Gradient step = 0.1
     Update field sigma (voxel space) = 0
     Total field sigma (voxel space) = 0
     Update field time sigma = 0
     Total field time sigma  = 0
     Number of time indices = 0
     Number of time point samples = 0
Registration using 1 total stages.

Stage 0
  iterations = 0
  convergence threshold = 1e-06
  convergence window size = 10
  number of levels = 1
  using the Mattes MI metric (number of bins = 32, weight = 1, use gradient filter = 0)
  preprocessing:  winsorizing the image intensities
  Shrink factors (level 1 out of 1): [1, 1, 1]
  smoothing sigmas per level: [0]
  regular sampling (percentage = 0.25)

*** Running Euler3DTransform registration ***

  Elapsed time (stage 0): 1.16816


Total elapsed time: 1.17038
Info [verificarlo]: loaded backend libinterflop_vprec.so
Info [interflop-vprec]: load backend with: 
Info [interflop-vprec]: precision-binary32 = 23
Info [interflop-vprec]: range-binary32 = 7
Info [interflop-vprec]: precision-binary64 = 23
Info [interflop-vprec]: range-binary64 = 7
Info [interflop-vprec]: mode = ob
Info [interflop-vprec]: error-mode = rel
Info [interflop-vprec]: max-abs-error-exponent = -1022
Info [interflop-vprec]: daz = false
Info [interflop-vprec]: ftz = false
Info [interflop-vprec]: 	instrument = none
Info [interflop-vprec]: 	prec-input-file = (null)
Info [interflop-vprec]: 	prec-output-file = (null)
Info [interflop-vprec]: 	prec-log-file = (null)
All_Command_lines_OK
Using double precision for computations.
=============================================================================
The composite transform comprises the following transforms (in order): 
  1. /home/mdugre/scratch/mri-registration-rp/datasets/ds004513/derivatives/mri-registration-rp/0100/antsRegistration-r7-p23/sub-s020/align_Composite.h5[0] (type = Euler3DTransform)
  2. /home/mdugre/scratch/mri-registration-rp/datasets/ds004513/derivatives/mri-registration-rp/0100/antsRegistration-r7-p23/sub-s020/align_Composite.h5[1] (type = Euler3DTransform)
=============================================================================
  number of levels = 4
  fixed image: /templateflow/tpl-MNI152NLin2009cAsym/tpl-MNI152NLin2009cAsym_res-01_desc-brain_T1w.nii.gz
  moving image: /home/mdugre/scratch/mri-registration-rp/datasets/ds004513/derivatives/mri-registration-rp/antsBrainExtraction/sub-s020/BrainExtractionBrain.nii.gz
Dimension = 3
Number of stages = 1
Use histogram matching = false
Winsorize image intensities = true
  Lower quantile = 0.005
  Upper quantile = 0.995


Stage 1 State
   Image metric = MattesMI
     Fixed image = Image (0x40281e0)
  RTTI typeinfo:   itk::Image<double, 3u>
  Reference Count: 2
  Modified Time: 1580
  Debug: Off
  Object Name: 
  Observers: 
    none
  Source: (none)
  Source output name: (none)
  Release Data: Off
  Data Released: False
  Global Release Data: Off
  PipelineMTime: 0
  UpdateMTime: 1189
  RealTimeStamp: 0 seconds 
  LargestPossibleRegion: 
    Dimension: 3
    Index: [0, 0, 0]
    Size: [193, 229, 193]
  BufferedRegion: 
    Dimension: 3
    Index: [0, 0, 0]
    Size: [193, 229, 193]
  RequestedRegion: 
    Dimension: 3
    Index: [0, 0, 0]
    Size: [193, 229, 193]
  Spacing: [1, 1, 1]
  Origin: [96, 132, -78]
  Direction: 
-1 0 0
0 -1 0
0 0 1

  IndexToPointMatrix: 
-1 0 0
0 -1 0
0 0 1

  PointToIndexMatrix: 
-1 0 0
0 -1 0
0 0 1

  Inverse Direction: 
-1 0 0
0 -1 0
0 0 1

  PixelContainer: 
    ImportImageContainer (0x40e7680)
      RTTI typeinfo:   itk::ImportImageContainer<unsigned long, double>
      Reference Count: 1
      Modified Time: 1186
      Debug: Off
      Object Name: 
      Observers: 
        none
      Pointer: 0x150e6634e010
      Container manages memory: true
      Size: 8530021
      Capacity: 8530021

     Moving image = Image (0x40e3b20)
  RTTI typeinfo:   itk::Image<double, 3u>
  Reference Count: 2
  Modified Time: 1581
  Debug: Off
  Object Name: 
  Observers: 
    none
  Source: (none)
  Source output name: (none)
  Release Data: Off
  Data Released: False
  Global Release Data: Off
  PipelineMTime: 0
  UpdateMTime: 1578
  RealTimeStamp: 0 seconds 
  LargestPossibleRegion: 
    Dimension: 3
    Index: [0, 0, 0]
    Size: [160, 240, 256]
  BufferedRegion: 
    Dimension: 3
    Index: [0, 0, 0]
    Size: [160, 240, 256]
  RequestedRegion: 
    Dimension: 3
    Index: [0, 0, 0]
    Size: [160, 240, 256]
  Spacing: [0.999995, 1, 1]
  Origin: [87.0906, 98.7205, -152.377]
  Direction: 
-0.996975 0.0261379 -0.0731912
-0.0260677 -0.999658 -0.00191374
-0.0732163 -2.46403e-08 0.997316

  IndexToPointMatrix: 
-0.996971 0.0261379 -0.0731912
-0.0260676 -0.999658 -0.00191374
-0.0732159 -2.46403e-08 0.997316

  PointToIndexMatrix: 
-0.99698 -0.0260679 -0.0732166
0.0261379 -0.999658 -8.19564e-08
-0.0731913 -0.00191373 0.997316

  Inverse Direction: 
-0.996975 -0.0260677 -0.0732163
0.0261379 -0.999659 8.9407e-08
-0.0731913 -0.00191379 0.997316

  PixelContainer: 
    ImportImageContainer (0x414cd50)
      RTTI typeinfo:   itk::ImportImageContainer<unsigned long, double>
      Reference Count: 1
      Modified Time: 1575
      Debug: Off
      Object Name: 
      Observers: 
        none
      Pointer: 0x150e6184d010
      Container manages memory: true
      Size: 9830400
      Capacity: 9830400

     Weighting = 1
     Sampling strategy = regular
     Number of bins = 32
     Radius = 4
     Sampling percentage  = 0.25
   Transform = Rigid
     Gradient step = 0.1
     Update field sigma (voxel space) = 0
     Total field sigma (voxel space) = 0
     Update field time sigma = 0
     Total field time sigma  = 0
     Number of time indices = 0
     Number of time point samples = 0
Registration using 1 total stages.

Stage 0
  iterations = 1000x500x250x100
  convergence threshold = 1e-06
  convergence window size = 10
  number of levels = 4
  using the Mattes MI metric (number of bins = 32, weight = 1, use gradient filter = 0)
  preprocessing:  winsorizing the image intensities
  Shrink factors (level 1 out of 4): [8, 8, 8]
  Shrink factors (level 2 out of 4): [4, 4, 4]
  Shrink factors (level 3 out of 4): [2, 2, 2]
  Shrink factors (level 4 out of 4): [1, 1, 1]
  smoothing sigmas per level: [3, 2, 1, 0]
  regular sampling (percentage = 0.25)

*** Running Euler3DTransform registration ***

DIAGNOSTIC,Iteration,metricValue,convergenceValue,ITERATION_TIME_INDEX,SINCE_LAST
 2DIAGNOSTIC,     1, -3.791271321016e-01, 1.797693134862e+308, 1.2800e+02, 1.2800e+02, 
 2DIAGNOSTIC,     2, -3.803602946150e-01, 1.797693134862e+308, 1.2800e+02, 0.0000e+00, 
 2DIAGNOSTIC,     3, -3.828956004464e-01, 1.797693134862e+308, 1.2800e+02, 0.0000e+00, 
 2DIAGNOSTIC,     4, -3.876111461184e-01, 1.797693134862e+308, 1.2800e+02, 0.0000e+00, 
 2DIAGNOSTIC,     5, -3.904928081411e-01, 1.797693134862e+308, 1.2800e+02, 0.0000e+00, 
 2DIAGNOSTIC,     6, -3.911040812535e-01, 1.797693134862e+308, 1.2800e+02, 0.0000e+00, 
 2DIAGNOSTIC,     7, -3.914906907272e-01, 1.797693134862e+308, 1.2800e+02, 0.0000e+00, 
 2DIAGNOSTIC,     8, -3.925640784184e-01, 1.797693134862e+308, 1.2800e+02, 0.0000e+00, 
 2DIAGNOSTIC,     9, -3.981711522628e-01, 1.797693134862e+308, 1.2800e+02, 0.0000e+00, 
 2DIAGNOSTIC,    10, -4.078703311743e-01, 3.864046250673e-03, 1.2800e+02, 0.0000e+00, 
 2DIAGNOSTIC,    11, -4.243481467254e-01, 4.880927994184e-03, 1.2800e+02, 0.0000e+00, 
 2DIAGNOSTIC,    12, -4.299142550718e-01, 5.667120953936e-03, 1.2800e+02, 0.0000e+00, 
 2DIAGNOSTIC,    13, -4.400144326110e-01, 6.498268263091e-03, 1.2800e+02, 0.0000e+00, 
 2DIAGNOSTIC,    14, -4.400143187586e-01, 6.843724095816e-03, 1.2800e+02, 0.0000e+00, 
 2DIAGNOSTIC,    15, -4.400154487945e-01, 6.651879023035e-03, 1.2800e+02, 0.0000e+00, 
 2DIAGNOSTIC,    16, -4.400172221641e-01, 5.902796340996e-03, 1.2800e+02, 0.0000e+00, 
 2DIAGNOSTIC,    17, -4.400202094945e-01, 4.723780715516e-03, 1.2800e+02, 0.0000e+00, 
 2DIAGNOSTIC,    18, -4.400252593401e-01, 3.293401278796e-03, 1.2800e+02, 0.0000e+00, 
 2DIAGNOSTIC,    19, -4.400337273430e-01, 1.922483667046e-03, 1.2800e+02, 0.0000e+00, 
 2DIAGNOSTIC,    20, -4.400481350655e-01, 8.447629979190e-04, 1.2800e+02, 0.0000e+00, 
 2DIAGNOSTIC,    21, -4.400723954211e-01, 3.344033272182e-04, 1.2800e+02, 0.0000e+00, 
 2DIAGNOSTIC,    22, -4.401134386632e-01, 7.153998344243e-06, 1.2800e+02, 0.0000e+00, 
 2DIAGNOSTIC,    23, -4.401823418067e-01, 1.054472001132e-05, 1.2800e+02, 0.0000e+00, 
 2DIAGNOSTIC,    24, -4.402972707886e-01, 1.600353350483e-05, 1.2800e+02, 0.0000e+00, 
 2DIAGNOSTIC,    25, -4.404884442129e-01, 2.479397119077e-05, 1.2800e+02, 0.0000e+00, 
 2DIAGNOSTIC,    26, -4.408582437879e-01, 4.025398872844e-05, 1.2800e+02, 0.0000e+00, 
 2DIAGNOSTIC,    27, -4.413836806623e-01, 6.388663029384e-05, 1.2800e+02, 0.0000e+00, 
 2DIAGNOSTIC,    28, -4.420921626843e-01, 9.681648409600e-05, 1.2800e+02, 0.0000e+00, 
 2DIAGNOSTIC,    29, -4.427958642339e-01, 1.346368024281e-04, 1.2800e+02, 0.0000e+00, 
 2DIAGNOSTIC,    30, -4.440140282811e-01, 1.846477972854e-04, 1.2800e+02, 0.0000e+00, 
 2DIAGNOSTIC,    31, -4.449887233531e-01, 2.350512664646e-04, 1.2800e+02, 0.0000e+00, 
 2DIAGNOSTIC,    32, -4.461457740190e-01, 2.848129635251e-04, 1.2800e+02, 0.0000e+00, 
 2DIAGNOSTIC,    33, -4.478213247497e-01, 3.395774950184e-04, 1.2800e+02, 0.0000e+00, 
 2DIAGNOSTIC,    34, -4.471723136114e-01, 3.478084905020e-04, 1.2800e+02, 0.0000e+00, 
 2DIAGNOSTIC,    35, -4.474270339364e-01, 3.318490164033e-04, 1.2800e+02, 0.0000e+00, 
 2DIAGNOSTIC,    36, -4.479027654001e-01, 3.008682103381e-04, 1.2800e+02, 0.0000e+00, 
 2DIAGNOSTIC,    37, -4.486133214534e-01, 2.645645076727e-04, 1.2800e+02, 0.0000e+00, 
 2DIAGNOSTIC,    38, -4.487522938859e-01, 2.194608384018e-04, 1.2800e+02, 0.0000e+00, 
 2DIAGNOSTIC,    39, -4.488091598381e-01, 1.691018259060e-04, 1.2800e+02, 0.0000e+00, 
 2DIAGNOSTIC,    40, -4.488645075582e-01, 1.267881233976e-04, 1.2800e+02, 0.0000e+00, 
 2DIAGNOSTIC,    41, -4.489990260144e-01, 9.197534671157e-05, 1.2800e+02, 0.0000e+00, 
 2DIAGNOSTIC,    42, -4.493286759546e-01, 7.251426061142e-05, 1.2800e+02, 0.0000e+00, 
 2DIAGNOSTIC,    43, -4.515117384848e-01, 1.066427698684e-04, 1.2800e+02, 0.0000e+00, 
 2DIAGNOSTIC,    44, -4.565547397059e-01, 1.941081777331e-04, 1.2800e+02, 0.0000e+00, 
 2DIAGNOSTIC,    45, -4.584865609655e-01, 2.892398906293e-04, 1.2800e+02, 0.0000e+00, 
 2DIAGNOSTIC,    46, -4.754749412500e-01, 6.017402044403e-04, 1.2800e+02, 0.0000e+00, 
 2DIAGNOSTIC,    47, -4.865808433181e-01, 1.000936361548e-03, 1.2800e+02, 0.0000e+00, 
 2DIAGNOSTIC,    48, -4.948142335353e-01, 1.397515724719e-03, 1.2800e+02, 0.0000e+00, 
 2DIAGNOSTIC,    49, -4.991254301245e-01, 1.701056062502e-03, 1.2800e+02, 0.0000e+00, 
 2DIAGNOSTIC,    50, -5.002567725842e-01, 1.844542028112e-03, 1.2800e+02, 0.0000e+00, 
 2DIAGNOSTIC,    51, -5.005369082446e-01, 1.809483164460e-03, 1.2800e+02, 0.0000e+00, 
 2DIAGNOSTIC,    52, -5.012435669897e-01, 1.613526871719e-03, 1.2800e+02, 0.0000e+00, 
 2DIAGNOSTIC,    53, -5.013025417368e-01, 1.298351597088e-03, 1.2800e+02, 0.0000e+00, 
 2DIAGNOSTIC,    54, -5.014450136458e-01, 9.366019748462e-04, 1.2800e+02, 0.0000e+00, 
 2DIAGNOSTIC,    55, -5.016700613689e-01, 5.223051156221e-04, 1.2800e+02, 0.0000e+00, 
 2DIAGNOSTIC,    56, -5.017350981259e-01, 2.675288336451e-04, 1.2800e+02, 0.0000e+00, 
 2DIAGNOSTIC,    57, -5.016994805701e-01, 1.191538792133e-04, 1.2800e+02, 0.0000e+00, 
 2DIAGNOSTIC,    58, -5.016811053454e-01, 5.417126142278e-05, 1.2800e+02, 0.0000e+00, 
 2DIAGNOSTIC,    59, -5.016196181022e-01, 3.205790950660e-05, 1.2800e+02, 0.0000e+00, 
 2DIAGNOSTIC,    60, -5.016204719358e-01, 1.968895266331e-05, 1.2800e+02, 0.0000e+00, 
 2DIAGNOSTIC,    61, -5.021209630931e-01, 1.382667526575e-05, 1.2800e+02, 0.0000e+00, 
 2DIAGNOSTIC,    62, -5.026461204267e-01, 1.933475014691e-05, 1.2800e+02, 0.0000e+00, 
 2DIAGNOSTIC,    63, -5.028473091989e-01, 2.536154069428e-05, 1.2800e+02, 0.0000e+00, 
 2DIAGNOSTIC,    64, -5.030183595617e-01, 3.191218429553e-05, 1.2800e+02, 0.0000e+00, 
 2DIAGNOSTIC,    65, -5.031723949997e-01, 3.890406348093e-05, 1.2800e+02, 0.0000e+00, 
 2DIAGNOSTIC,    66, -5.032890476479e-01, 4.360538701721e-05, 1.2800e+02, 0.0000e+00, 
 2DIAGNOSTIC,    67, -5.034351727062e-01, 4.494299036991e-05, 1.2800e+02, 0.0000e+00, 
 2DIAGNOSTIC,    68, -5.044567984748e-01, 5.121500768364e-05, 1.2800e+02, 0.0000e+00, 
 2DIAGNOSTIC,    69, -5.048206218184e-01, 5.500206060620e-05, 1.2800e+02, 0.0000e+00, 
 2DIAGNOSTIC,    70, -5.048874958064e-01, 5.398929496163e-05, 1.2800e+02, 0.0000e+00, 
 2DIAGNOSTIC,    71, -5.048604155229e-01, 5.205942302781e-05, 1.2800e+02, 0.0000e+00, 
 2DIAGNOSTIC,    72, -5.049598505995e-01, 5.060647023106e-05, 1.2800e+02, 0.0000e+00, 
 2DIAGNOSTIC,    73, -5.052433938800e-01, 4.829692537550e-05, 1.2800e+02, 0.0000e+00, 
 2DIAGNOSTIC,    74, -5.054328706092e-01, 4.431341169018e-05, 1.2800e+02, 0.0000e+00, 
 2DIAGNOSTIC,    75, -5.054817724465e-01, 3.799648192301e-05, 1.2800e+02, 0.0000e+00, 
 2DIAGNOSTIC,    76, -5.054959934977e-01, 2.946564154683e-05, 1.2800e+02, 0.0000e+00, 
 2DIAGNOSTIC,    77, -5.055114853287e-01, 1.949019688414e-05, 1.2800e+02, 0.0000e+00, 
 2DIAGNOSTIC,    78, -5.055123591187e-01, 1.591471608806e-05, 1.2800e+02, 0.0000e+00, 
 2DIAGNOSTIC,    79, -5.055133071538e-01, 1.375150126802e-05, 1.2800e+02, 0.0000e+00, 
 2DIAGNOSTIC,    80, -5.055152345251e-01, 1.093216681507e-05, 1.2800e+02, 0.0000e+00, 
 2DIAGNOSTIC,    81, -5.055184704832e-01, 7.018994935992e-06, 1.2800e+02, 0.0000e+00, 
 2DIAGNOSTIC,    82, -5.055222788879e-01, 3.305531465197e-06, 1.2800e+02, 0.0000e+00, 
 2DIAGNOSTIC,    83, -5.055282587428e-01, 1.513424407329e-06, 1.2800e+02, 0.0000e+00, 
 2DIAGNOSTIC,    84, -5.055284256247e-01, 1.035748658174e-06, 1.2800e+02, 0.0000e+00, 
DIAGNOSTIC,Iteration,metricValue,convergenceValue,ITERATION_TIME_INDEX,SINCE_LAST
 2DIAGNOSTIC,     1, -4.105929832667e-01, 1.797693134862e+308, 1.2800e+02, 0.0000e+00, 
 2DIAGNOSTIC,     2, -4.108418830829e-01, 1.797693134862e+308, 1.2800e+02, 0.0000e+00, 
 2DIAGNOSTIC,     3, -4.109719518231e-01, 1.797693134862e+308, 1.2800e+02, 0.0000e+00, 
 2DIAGNOSTIC,     4, -4.111417794900e-01, 1.797693134862e+308, 1.2800e+02, 0.0000e+00, 
 2DIAGNOSTIC,     5, -4.112778308119e-01, 1.797693134862e+308, 1.2800e+02, 0.0000e+00, 
 2DIAGNOSTIC,     6, -4.120167620020e-01, 1.797693134862e+308, 1.2800e+02, 0.0000e+00, 
 2DIAGNOSTIC,     7, -4.126272148169e-01, 1.797693134862e+308, 1.2800e+02, 0.0000e+00, 
 2DIAGNOSTIC,     8, -4.126530162178e-01, 1.797693134862e+308, 1.2800e+02, 0.0000e+00, 
 2DIAGNOSTIC,     9, -4.140943522488e-01, 1.797693134862e+308, 1.2800e+02, 0.0000e+00, 
 2DIAGNOSTIC,    10, -4.152009406023e-01, 6.545001650331e-04, 1.2800e+02, 0.0000e+00, 
 2DIAGNOSTIC,    11, -4.156530158639e-01, 7.120923540554e-04, 1.2800e+02, 0.0000e+00, 
 2DIAGNOSTIC,    12, -4.164089362724e-01, 7.546607639987e-04, 1.2800e+02, 0.0000e+00, 
 2DIAGNOSTIC,    13, -4.173484106023e-01, 7.793773779200e-04, 1.2800e+02, 0.0000e+00, 
 2DIAGNOSTIC,    14, -4.176327721407e-01, 7.511009200501e-04, 1.2800e+02, 0.0000e+00, 
 2DIAGNOSTIC,    15, -4.178095033317e-01, 6.715336314548e-04, 1.2800e+02, 0.0000e+00, 
 2DIAGNOSTIC,    16, -4.178152353485e-01, 5.728364410541e-04, 1.2800e+02, 0.0000e+00, 
 2DIAGNOSTIC,    17, -4.178052256420e-01, 4.585030765300e-04, 1.2800e+02, 0.0000e+00, 
 2DIAGNOSTIC,    18, -4.178011361276e-01, 3.142267944962e-04, 1.2800e+02, 0.0000e+00, 
 2DIAGNOSTIC,    19, -4.177894615798e-01, 2.070695750171e-04, 1.2800e+02, 0.0000e+00, 
 2DIAGNOSTIC,    20, -4.177850157253e-01, 1.296476859480e-04, 1.2800e+02, 0.0000e+00, 
 2DIAGNOSTIC,    21, -4.177816372293e-01, 6.214965450763e-05, 1.2800e+02, 0.0000e+00, 
 2DIAGNOSTIC,    22, -4.177972037949e-01, 1.854157258024e-05, 1.2800e+02, 0.0000e+00, 
 2DIAGNOSTIC,    23, -4.177852428509e-01, 4.569763582735e-06, 1.2800e+02, 0.0000e+00, 
DIAGNOSTIC,Iteration,metricValue,convergenceValue,ITERATION_TIME_INDEX,SINCE_LAST
 2DIAGNOSTIC,     1, -3.576835470728e-01, 1.797693134862e+308, 1.2800e+02, 0.0000e+00, 
 2DIAGNOSTIC,     2, -3.579502080479e-01, 1.797693134862e+308, 1.2800e+02, 0.0000e+00, 
 2DIAGNOSTIC,     3, -3.584029515846e-01, 1.797693134862e+308, 1.2800e+02, 0.0000e+00, 
 2DIAGNOSTIC,     4, -3.587381011866e-01, 1.797693134862e+308, 1.2800e+02, 0.0000e+00, 
 2DIAGNOSTIC,     5, -3.588984504734e-01, 1.797693134862e+308, 1.2800e+02, 0.0000e+00, 
 2DIAGNOSTIC,     6, -3.590467051090e-01, 1.797693134862e+308, 1.2800e+02, 0.0000e+00, 
 2DIAGNOSTIC,     7, -3.595773492916e-01, 1.797693134862e+308, 1.2800e+02, 0.0000e+00, 
 2DIAGNOSTIC,     8, -3.602904878576e-01, 1.797693134862e+308, 1.2800e+02, 0.0000e+00, 
 2DIAGNOSTIC,     9, -3.607863894052e-01, 1.797693134862e+308, 1.2800e+02, 0.0000e+00, 
 2DIAGNOSTIC,    10, -3.607823964276e-01, 5.821878632348e-04, 1.2800e+02, 0.0000e+00, 
 2DIAGNOSTIC,    11, -3.607950276451e-01, 5.133146894857e-04, 1.2800e+02, 0.0000e+00, 
 2DIAGNOSTIC,    12, -3.608136815659e-01, 4.282933359610e-04, 1.2800e+02, 0.0000e+00, 
 2DIAGNOSTIC,    13, -3.608408535746e-01, 3.458403807406e-04, 1.2800e+02, 0.0000e+00, 
 2DIAGNOSTIC,    14, -3.608501402074e-01, 2.631511689890e-04, 1.2800e+02, 0.0000e+00, 
 2DIAGNOSTIC,    15, -3.608446755844e-01, 1.765152484414e-04, 1.2800e+02, 0.0000e+00, 
 2DIAGNOSTIC,    16, -3.608412986980e-01, 9.199746939369e-05, 1.2800e+02, 0.0000e+00, 
 2DIAGNOSTIC,    17, -3.608413098870e-01, 3.312804703103e-05, 1.2800e+02, 0.0000e+00, 
 2DIAGNOSTIC,    18, -3.608405637888e-01, 8.533036528958e-06, 1.2800e+02, 0.0000e+00, 
 2DIAGNOSTIC,    19, -3.608408971576e-01, 6.539301329538e-06, 1.2800e+02, 0.0000e+00, 
 2DIAGNOSTIC,    20, -3.608401539261e-01, 4.120899259781e-06, 1.2800e+02, 0.0000e+00, 
 2DIAGNOSTIC,    21, -3.608404036875e-01, 2.183417091690e-06, 1.2800e+02, 0.0000e+00, 
DIAGNOSTIC,Iteration,metricValue,convergenceValue,ITERATION_TIME_INDEX,SINCE_LAST
 2DIAGNOSTIC,     1, -3.317977642637e-01, 1.797693134862e+308, 1.2800e+02, 0.0000e+00, 
 2DIAGNOSTIC,     2, -3.318344407703e-01, 1.797693134862e+308, 1.2800e+02, 0.0000e+00, 
 2DIAGNOSTIC,     3, -3.318755874309e-01, 1.797693134862e+308, 1.2800e+02, 0.0000e+00, 
 2DIAGNOSTIC,     4, -3.320605490498e-01, 1.797693134862e+308, 1.2800e+02, 0.0000e+00, 
 2DIAGNOSTIC,     5, -3.320653479512e-01, 1.797693134862e+308, 1.2800e+02, 0.0000e+00, 
 2DIAGNOSTIC,     6, -3.320880700917e-01, 1.797693134862e+308, 1.2800e+02, 0.0000e+00, 
 2DIAGNOSTIC,     7, -3.321277341680e-01, 1.797693134862e+308, 1.2800e+02, 0.0000e+00, 
 2DIAGNOSTIC,     8, -3.321350465752e-01, 1.797693134862e+308, 1.2800e+02, 0.0000e+00, 
 2DIAGNOSTIC,     9, -3.321348445256e-01, 1.797693134862e+308, 1.2800e+02, 0.0000e+00, 
 2DIAGNOSTIC,    10, -3.321350321704e-01, 7.311631767862e-05, 1.2800e+02, 0.0000e+00, 
 2DIAGNOSTIC,    11, -3.321346112568e-01, 5.098674467806e-05, 2.5600e+02, 1.2800e+02, 
 2DIAGNOSTIC,    12, -3.321346696174e-01, 3.087999992581e-05, 2.5600e+02, 0.0000e+00, 
 2DIAGNOSTIC,    13, -3.321344565571e-01, 1.367455757952e-05, 2.5600e+02, 0.0000e+00, 
 2DIAGNOSTIC,    14, -3.321343685119e-01, 9.256774850128e-06, 2.5600e+02, 0.0000e+00, 
 2DIAGNOSTIC,    15, -3.321344793133e-01, 5.067622353500e-06, 2.5600e+02, 0.0000e+00, 
 2DIAGNOSTIC,    16, -3.321344552503e-01, 2.289815670423e-06, 2.5600e+02, 0.0000e+00, 
 2DIAGNOSTIC,    17, -3.321343890103e-01, 1.794284420403e-06, 2.5600e+02, 0.0000e+00, 
 2DIAGNOSTIC,    18, -3.321343283970e-01, 1.706162435305e-06, 2.5600e+02, 0.0000e+00, 
 2DIAGNOSTIC,    19, -3.321343400790e-01, 1.624110974957e-06, 2.5600e+02, 0.0000e+00, 
 2DIAGNOSTIC,    20, -3.321343342885e-01, 1.562974260787e-06, 2.5600e+02, 0.0000e+00, 
 2DIAGNOSTIC,    21, -3.321342808934e-01, 1.490669542616e-06, 2.5600e+02, 0.0000e+00, 
 2DIAGNOSTIC,    22, -3.321342757808e-01, 1.429668259070e-06, 2.5600e+02, 0.0000e+00, 
 2DIAGNOSTIC,    23, -3.321342714267e-01, 1.367574258247e-06, 2.5600e+02, 0.0000e+00, 
 2DIAGNOSTIC,    24, -3.321342729540e-01, 1.308849380682e-06, 2.5600e+02, 0.0000e+00, 
 2DIAGNOSTIC,    25, -3.321342868144e-01, 1.260628012117e-06, 2.5600e+02, 0.0000e+00, 
 2DIAGNOSTIC,    26, -3.321342788528e-01, 1.216245857492e-06, 2.5600e+02, 0.0000e+00, 
 2DIAGNOSTIC,    27, -3.321342853769e-01, 1.174032223959e-06, 3.8400e+02, 1.2800e+02, 
 2DIAGNOSTIC,    28, -3.321342937361e-01, 1.133600416738e-06, 3.8400e+02, 0.0000e+00, 
 2DIAGNOSTIC,    29, -3.321342890291e-01, 1.096381874191e-06, 3.8400e+02, 0.0000e+00, 
 2DIAGNOSTIC,    30, -3.321342897185e-01, 1.061603109635e-06, 3.8400e+02, 0.0000e+00, 
 2DIAGNOSTIC,    31, -3.321342880606e-01, 1.027445595020e-06, 3.8400e+02, 0.0000e+00, 
  Elapsed time (stage 0): 3.8400e+02


Total elapsed time: 3.8400e+02
Info [verificarlo]: loaded backend libinterflop_ieee.so
Info [interflop-ieee]: load backend with:
Info [interflop-ieee]: debug = false
Info [interflop-ieee]: debug-binary = false
Info [interflop-ieee]: no-backend-name = false
Info [interflop-ieee]: print-new-line = false
Info [interflop-ieee]: print-subnormal-normalized = false
Info [interflop-ieee]: count-op = false
All_Command_lines_OK
Using double precision for computations.
=============================================================================
The composite transform comprises the following transforms (in order): 
  1. /home/mdugre/scratch/mri-registration-rp/datasets/ds004513/derivatives/mri-registration-rp/0100/antsRegistration-r7-p23/sub-s020/rigid_Composite.h5[0] (type = Euler3DTransform)
  2. /home/mdugre/scratch/mri-registration-rp/datasets/ds004513/derivatives/mri-registration-rp/0100/antsRegistration-r7-p23/sub-s020/rigid_Composite.h5[1] (type = Euler3DTransform)
  3. /home/mdugre/scratch/mri-registration-rp/datasets/ds004513/derivatives/mri-registration-rp/0100/antsRegistration-r7-p23/sub-s020/rigid_Composite.h5[2] (type = Euler3DTransform)
=============================================================================
  number of levels = 4
  fixed image: /templateflow/tpl-MNI152NLin2009cAsym/tpl-MNI152NLin2009cAsym_res-01_desc-brain_T1w.nii.gz
  moving image: /home/mdugre/scratch/mri-registration-rp/datasets/ds004513/derivatives/mri-registration-rp/antsBrainExtraction/sub-s020/BrainExtractionBrain.nii.gz
Dimension = 3
Number of stages = 1
Use histogram matching = false
Winsorize image intensities = true
  Lower quantile = 0.005
  Upper quantile = 0.995


Stage 1 State
   Image metric = MattesMI
     Fixed image = Image (0x3aeb7e0)
  RTTI typeinfo:   itk::Image<double, 3u>
  Reference Count: 2
  Modified Time: 1594
  Debug: Off
  Object Name: 
  Observers: 
    none
  Source: (none)
  Source output name: (none)
  Release Data: Off
  Data Released: False
  Global Release Data: Off
  PipelineMTime: 0
  UpdateMTime: 1203
  RealTimeStamp: 0 seconds 
  LargestPossibleRegion: 
    Dimension: 3
    Index: [0, 0, 0]
    Size: [193, 229, 193]
  BufferedRegion: 
    Dimension: 3
    Index: [0, 0, 0]
    Size: [193, 229, 193]
  RequestedRegion: 
    Dimension: 3
    Index: [0, 0, 0]
    Size: [193, 229, 193]
  Spacing: [1, 1, 1]
  Origin: [96, 132, -78]
  Direction: 
-1 0 0
0 -1 0
0 0 1

  IndexToPointMatrix: 
-1 0 0
0 -1 0
0 0 1

  PointToIndexMatrix: 
-1 0 0
0 -1 0
0 0 1

  Inverse Direction: 
-1 0 0
0 -1 0
0 0 1

  PixelContainer: 
    ImportImageContainer (0x3baba20)
      RTTI typeinfo:   itk::ImportImageContainer<unsigned long, double>
      Reference Count: 1
      Modified Time: 1200
      Debug: Off
      Object Name: 
      Observers: 
        none
      Pointer: 0x154eeaf26010
      Container manages memory: true
      Size: 8530021
      Capacity: 8530021

     Moving image = Image (0x3bb6840)
  RTTI typeinfo:   itk::Image<double, 3u>
  Reference Count: 2
  Modified Time: 1595
  Debug: Off
  Object Name: 
  Observers: 
    none
  Source: (none)
  Source output name: (none)
  Release Data: Off
  Data Released: False
  Global Release Data: Off
  PipelineMTime: 0
  UpdateMTime: 1592
  RealTimeStamp: 0 seconds 
  LargestPossibleRegion: 
    Dimension: 3
    Index: [0, 0, 0]
    Size: [160, 240, 256]
  BufferedRegion: 
    Dimension: 3
    Index: [0, 0, 0]
    Size: [160, 240, 256]
  RequestedRegion: 
    Dimension: 3
    Index: [0, 0, 0]
    Size: [160, 240, 256]
  Spacing: [0.999995, 1, 1]
  Origin: [87.0906, 98.7205, -152.377]
  Direction: 
-0.996975 0.0261379 -0.0731913
-0.0260677 -0.999658 -0.00191374
-0.0732163 -2.46403e-08 0.997316

  IndexToPointMatrix: 
-0.996971 0.0261379 -0.0731913
-0.0260676 -0.999658 -0.00191374
-0.0732159 -2.46403e-08 0.997316

  PointToIndexMatrix: 
-0.99698 -0.0260679 -0.0732166
0.0261379 -0.999658 -2.46993e-08
-0.0731913 -0.00191374 0.997316

  Inverse Direction: 
-0.996975 -0.0260677 -0.0732163
0.0261379 -0.999658 -2.46993e-08
-0.0731913 -0.00191374 0.997316

  PixelContainer: 
    ImportImageContainer (0x3b5ec90)
      RTTI typeinfo:   itk::ImportImageContainer<unsigned long, double>
      Reference Count: 1
      Modified Time: 1589
      Debug: Off
      Object Name: 
      Observers: 
        none
      Pointer: 0x154ee6425010
      Container manages memory: true
      Size: 9830400
      Capacity: 9830400

     Weighting = 1
     Sampling strategy = regular
     Number of bins = 32
     Radius = 4
     Sampling percentage  = 0.25
   Transform = Affine
     Gradient step = 0.1
     Update field sigma (voxel space) = 0
     Total field sigma (voxel space) = 0
     Update field time sigma = 0
     Total field time sigma  = 0
     Number of time indices = 0
     Number of time point samples = 0
Registration using 1 total stages.

Stage 0
  iterations = 1000x500x250x100
  convergence threshold = 1e-06
  convergence window size = 10
  number of levels = 4
  using the Mattes MI metric (number of bins = 32, weight = 1, use gradient filter = 0)
  preprocessing:  winsorizing the image intensities
  Shrink factors (level 1 out of 4): [8, 8, 8]
  Shrink factors (level 2 out of 4): [4, 4, 4]
  Shrink factors (level 3 out of 4): [2, 2, 2]
  Shrink factors (level 4 out of 4): [1, 1, 1]
  smoothing sigmas per level: [3, 2, 1, 0]
  regular sampling (percentage = 0.25)

*** Running AffineTransform registration ***

DIAGNOSTIC,Iteration,metricValue,convergenceValue,ITERATION_TIME_INDEX,SINCE_LAST
 2DIAGNOSTIC,     1, -5.089034939280e-01, 1.797693134862e+308, 7.2928e-01, 7.2928e-01, 
 2DIAGNOSTIC,     2, -5.106245193810e-01, 1.797693134862e+308, 7.3417e-01, 4.8881e-03, 
 2DIAGNOSTIC,     3, -5.133537263888e-01, 1.797693134862e+308, 7.3933e-01, 5.1599e-03, 
 2DIAGNOSTIC,     4, -5.176414873942e-01, 1.797693134862e+308, 7.4433e-01, 4.9980e-03, 
 2DIAGNOSTIC,     5, -5.253410938979e-01, 1.797693134862e+308, 7.4966e-01, 5.3380e-03, 
 2DIAGNOSTIC,     6, -5.424660397491e-01, 1.797693134862e+308, 7.5512e-01, 5.4510e-03, 
 2DIAGNOSTIC,     7, -5.899261674445e-01, 1.797693134862e+308, 7.6171e-01, 6.5911e-03, 
 2DIAGNOSTIC,     8, -6.777881193457e-01, 1.797693134862e+308, 7.6861e-01, 6.9039e-03, 
 2DIAGNOSTIC,     9, -7.266861160981e-01, 1.797693134862e+308, 7.7557e-01, 6.9609e-03, 
 2DIAGNOSTIC,    10, -7.463403384980e-01, 2.805119662177e-02, 7.8299e-01, 7.4189e-03, 
 2DIAGNOSTIC,    11, -7.775495023746e-01, 2.981935690501e-02, 7.9119e-01, 8.1949e-03, 
 2DIAGNOSTIC,    12, -8.110217064816e-01, 2.978399471927e-02, 7.9914e-01, 7.9539e-03, 
 2DIAGNOSTIC,    13, -8.130809665927e-01, 2.722275692070e-02, 8.0615e-01, 7.0100e-03, 
 2DIAGNOSTIC,    14, -8.261041746370e-01, 2.321750117668e-02, 8.1286e-01, 6.7060e-03, 
 2DIAGNOSTIC,    15, -8.343575573698e-01, 1.827140016779e-02, 8.2218e-01, 9.3219e-03, 
 2DIAGNOSTIC,    16, -8.354113087887e-01, 1.291614498022e-02, 8.2862e-01, 6.4409e-03, 
 2DIAGNOSTIC,    17, -8.408047366932e-01, 8.403116429155e-03, 8.3496e-01, 6.3379e-03, 
 2DIAGNOSTIC,    18, -8.440055664251e-01, 5.793378073828e-03, 8.4264e-01, 7.6821e-03, 
 2DIAGNOSTIC,    19, -8.443257449998e-01, 4.039494972004e-03, 8.4929e-01, 6.6500e-03, 
 2DIAGNOSTIC,    20, -8.473615975834e-01, 2.569002138869e-03, 8.5670e-01, 7.4100e-03, 
 2DIAGNOSTIC,    21, -8.507840155837e-01, 1.669008015711e-03, 8.6734e-01, 1.0644e-02, 
 2DIAGNOSTIC,    22, -8.509659995689e-01, 1.316688918935e-03, 8.7579e-01, 8.4500e-03, 
 2DIAGNOSTIC,    23, -8.508735645939e-01, 9.075431863150e-04, 8.8336e-01, 7.5710e-03, 
 2DIAGNOSTIC,    24, -8.506378652903e-01, 6.593496329662e-04, 8.8967e-01, 6.3050e-03, 
 2DIAGNOSTIC,    25, -8.506832721990e-01, 5.014966732105e-04, 8.9659e-01, 6.9251e-03, 
 2DIAGNOSTIC,    26, -8.506033408292e-01, 3.224922891635e-04, 9.0284e-01, 6.2420e-03, 
 2DIAGNOSTIC,    27, -8.504099036670e-01, 2.013635720563e-04, 9.0900e-01, 6.1669e-03, 
 2DIAGNOSTIC,    28, -8.507781888115e-01, 1.209733919608e-04, 9.1585e-01, 6.8510e-03, 
 2DIAGNOSTIC,    29, -8.511509756834e-01, 4.395972362861e-05, 9.2169e-01, 5.8401e-03, 
 2DIAGNOSTIC,    30, -8.511816219756e-01, 5.872370174409e-06, 9.2760e-01, 5.9111e-03, 
 2DIAGNOSTIC,    31, -8.517331219868e-01, 1.819614248429e-05, 9.3365e-01, 6.0430e-03, 
 2DIAGNOSTIC,    32, -8.530530182945e-01, 4.550225382945e-05, 9.4013e-01, 6.4821e-03, 
 2DIAGNOSTIC,    33, -8.550055246064e-01, 8.738089650174e-05, 9.4652e-01, 6.3879e-03, 
 2DIAGNOSTIC,    34, -8.574253044613e-01, 1.416736337348e-04, 9.5736e-01, 1.0840e-02, 
 2DIAGNOSTIC,    35, -8.572740302254e-01, 1.778385460247e-04, 9.6401e-01, 6.6528e-03, 
 2DIAGNOSTIC,    36, -8.571722473612e-01, 1.938349445261e-04, 9.7070e-01, 6.6872e-03, 
 2DIAGNOSTIC,    37, -8.570604909007e-01, 1.875778414847e-04, 9.7641e-01, 5.7111e-03, 
 2DIAGNOSTIC,    38, -8.569445937375e-01, 1.659229283389e-04, 9.8335e-01, 6.9380e-03, 
 2DIAGNOSTIC,    39, -8.569508651132e-01, 1.331708981537e-04, 9.8963e-01, 6.2809e-03, 
 2DIAGNOSTIC,    40, -8.568217953211e-01, 8.894284039216e-05, 9.9513e-01, 5.5041e-03, 
 2DIAGNOSTIC,    41, -8.565613657561e-01, 4.153939856181e-05, 1.0007e+00, 5.5640e-03, 
 2DIAGNOSTIC,    42, -8.564418373244e-01, 2.914267962319e-06, 1.0064e+00, 5.7149e-03, 
DIAGNOSTIC,Iteration,metricValue,convergenceValue,ITERATION_TIME_INDEX,SINCE_LAST
 2DIAGNOSTIC,     1, -7.179984946001e-01, 1.797693134862e+308, 1.8151e+00, 8.0871e-01, 
 2DIAGNOSTIC,     2, -7.183734730730e-01, 1.797693134862e+308, 1.8562e+00, 4.1090e-02, 
 2DIAGNOSTIC,     3, -7.184812979570e-01, 1.797693134862e+308, 1.9185e+00, 6.2294e-02, 
 2DIAGNOSTIC,     4, -7.184924110163e-01, 1.797693134862e+308, 1.9693e+00, 5.0805e-02, 
 2DIAGNOSTIC,     5, -7.184920112908e-01, 1.797693134862e+308, 2.0185e+00, 4.9223e-02, 
 2DIAGNOSTIC,     6, -7.184728838228e-01, 1.797693134862e+308, 2.0623e+00, 4.3728e-02, 
 2DIAGNOSTIC,     7, -7.184531155842e-01, 1.797693134862e+308, 2.1042e+00, 4.1949e-02, 
 2DIAGNOSTIC,     8, -7.183933814004e-01, 1.797693134862e+308, 2.1504e+00, 4.6173e-02, 
 2DIAGNOSTIC,     9, -7.183888799335e-01, 1.797693134862e+308, 2.1924e+00, 4.2007e-02, 
 2DIAGNOSTIC,    10, -7.183812514065e-01, 1.556293803369e-05, 2.2308e+00, 3.8402e-02, 
DIAGNOSTIC,Iteration,metricValue,convergenceValue,ITERATION_TIME_INDEX,SINCE_LAST
 2DIAGNOSTIC,     1, -5.958006831473e-01, 1.797693134862e+308, 3.4887e+00, 1.2580e+00, 
 2DIAGNOSTIC,     2, -5.961164614746e-01, 1.797693134862e+308, 3.8048e+00, 3.1606e-01, 
 2DIAGNOSTIC,     3, -5.963432985462e-01, 1.797693134862e+308, 4.1086e+00, 3.0379e-01, 
 2DIAGNOSTIC,     4, -5.965965441026e-01, 1.797693134862e+308, 4.4476e+00, 3.3898e-01, 
 2DIAGNOSTIC,     5, -5.968795030737e-01, 1.797693134862e+308, 4.8411e+00, 3.9352e-01, 
 2DIAGNOSTIC,     6, -5.971853953181e-01, 1.797693134862e+308, 5.4109e+00, 5.6976e-01, 
 2DIAGNOSTIC,     7, -5.971843115568e-01, 1.797693134862e+308, 5.7853e+00, 3.7444e-01, 
 2DIAGNOSTIC,     8, -5.971877409284e-01, 1.797693134862e+308, 6.1959e+00, 4.1061e-01, 
 2DIAGNOSTIC,     9, -5.971897435832e-01, 1.797693134862e+308, 6.5541e+00, 3.5821e-01, 
 2DIAGNOSTIC,    10, -5.971877490382e-01, 1.576070249975e-04, 6.9326e+00, 3.7844e-01, 
 2DIAGNOSTIC,    11, -5.971851160355e-01, 1.053483571320e-04, 7.3365e+00, 4.0389e-01, 
 2DIAGNOSTIC,    12, -5.971838852132e-01, 6.510476285880e-05, 7.7249e+00, 3.8842e-01, 
 2DIAGNOSTIC,    13, -5.971827211665e-01, 3.372168399955e-05, 8.0624e+00, 3.3755e-01, 
 2DIAGNOSTIC,    14, -5.971817854488e-01, 1.241172905293e-05, 8.4427e+00, 3.8023e-01, 
 2DIAGNOSTIC,    15, -5.971876845336e-01, 1.911760840509e-06, 8.8074e+00, 3.6473e-01, 
 2DIAGNOSTIC,    16, -5.971914421931e-01, 1.957510710082e-06, 9.1180e+00, 3.1057e-01, 
 2DIAGNOSTIC,    17, -5.971905967912e-01, 1.943291678332e-06, 9.5174e+00, 3.9944e-01, 
 2DIAGNOSTIC,    18, -5.971940139328e-01, 2.106972492533e-06, 9.9063e+00, 3.8891e-01, 
 2DIAGNOSTIC,    19, -5.971942521681e-01, 2.277063483484e-06, 1.0322e+01, 4.1522e-01, 
 2DIAGNOSTIC,    20, -5.971933310845e-01, 2.303636793467e-06, 1.0745e+01, 4.2340e-01, 
 2DIAGNOSTIC,    21, -5.971965770742e-01, 2.275385105742e-06, 1.1128e+01, 3.8316e-01, 
 2DIAGNOSTIC,    22, -5.971958154971e-01, 2.135739991582e-06, 1.1527e+01, 3.9921e-01, 
 2DIAGNOSTIC,    23, -5.971970846581e-01, 1.949019406991e-06, 1.1868e+01, 3.4045e-01, 
 2DIAGNOSTIC,    24, -5.971995415650e-01, 1.752173227482e-06, 1.2242e+01, 3.7396e-01, 
 2DIAGNOSTIC,    25, -5.972062154886e-01, 1.768029474720e-06, 1.2637e+01, 3.9557e-01, 
 2DIAGNOSTIC,    26, -5.972092861055e-01, 1.858913830997e-06, 1.3050e+01, 4.1241e-01, 
 2DIAGNOSTIC,    27, -5.972093668036e-01, 1.868320739930e-06, 1.3548e+01, 4.9838e-01, 
 2DIAGNOSTIC,    28, -5.972087388456e-01, 1.861970590399e-06, 1.3981e+01, 4.3244e-01, 
 2DIAGNOSTIC,    29, -5.972082277353e-01, 1.783887619081e-06, 1.4398e+01, 4.1733e-01, 
 2DIAGNOSTIC,    30, -5.972078378447e-01, 1.622002375808e-06, 1.4757e+01, 3.5932e-01, 
 2DIAGNOSTIC,    31, -5.972067514869e-01, 1.450505645310e-06, 1.5150e+01, 3.9262e-01, 
 2DIAGNOSTIC,    32, -5.972079493757e-01, 1.257660729677e-06, 1.5505e+01, 3.5557e-01, 
 2DIAGNOSTIC,    33, -5.972073979695e-01, 1.062148560660e-06, 1.5878e+01, 3.7281e-01, 
DIAGNOSTIC,Iteration,metricValue,convergenceValue,ITERATION_TIME_INDEX,SINCE_LAST
 2DIAGNOSTIC,     1, -5.294232506399e-01, 1.797693134862e+308, 1.9214e+01, 3.3355e+00, 
 2DIAGNOSTIC,     2, -5.297677489778e-01, 1.797693134862e+308, 2.1425e+01, 2.2112e+00, 
 2DIAGNOSTIC,     3, -5.300488637809e-01, 1.797693134862e+308, 2.3528e+01, 2.1030e+00, 
 2DIAGNOSTIC,     4, -5.303376243256e-01, 1.797693134862e+308, 2.5939e+01, 2.4107e+00, 
 2DIAGNOSTIC,     5, -5.313268522228e-01, 1.797693134862e+308, 2.9067e+01, 3.1286e+00, 
 2DIAGNOSTIC,     6, -5.316870426169e-01, 1.797693134862e+308, 3.1915e+01, 2.8474e+00, 
 2DIAGNOSTIC,     7, -5.316840157439e-01, 1.797693134862e+308, 3.3985e+01, 2.0708e+00, 
 2DIAGNOSTIC,     8, -5.317356076972e-01, 1.797693134862e+308, 3.6060e+01, 2.0747e+00, 
 2DIAGNOSTIC,     9, -5.317850145309e-01, 1.797693134862e+308, 3.9166e+01, 3.1059e+00, 
 2DIAGNOSTIC,    10, -5.317889040256e-01, 3.243633124655e-04, 4.1802e+01, 2.6358e+00, 
 2DIAGNOSTIC,    11, -5.317893705571e-01, 2.339236606793e-04, 4.4272e+01, 2.4704e+00, 
