
##########################
# Experiment information #
##########################

EXPERIMENT_NAME: antsRegistration-r8-p11
VFC_BACKENDS: libinterflop_vprec.so --range-binary32=8 --precision-binary32=11 --range-binary64=8 --precision-binary64=11

SIF_IMG: /home/mdugre/projects/rrg-glatard/mdugre/containers/ants-vprec-no_metrics.simg

SUBJECT_ID: s003
INPUT_IMG: /home/mdugre/scratch/mri-registration-rp/datasets/ds004513/derivatives/mri-registration-rp/antsBrainExtraction/sub-s003/BrainExtractionBrain.nii.gz
OUTPUT_DIR: /home/mdugre/scratch/mri-registration-rp/datasets/ds004513/derivatives/mri-registration-rp/0100/antsRegistration-r8-p11/sub-s003

FIXED_IMG: /templateflow/tpl-MNI152NLin2009cAsym/tpl-MNI152NLin2009cAsym_res-01_desc-brain_T1w.nii.gz
DATA_DIR: /home/mdugre/scratch/mri-registration-rp/datasets/ds004513
TEMPLATEFLOW_DIR: /home/mdugre/projects/rrg-glatard/mdugre/templateflow
ITK_GLOBAL_DEFAULT_NUMBER_OF_THREADS: 16
##########################

Info [verificarlo]: loaded backend libinterflop_ieee.so
Info [interflop-ieee]: load backend with:
Info [interflop-ieee]: debug = false
Info [interflop-ieee]: debug-binary = false
Info [interflop-ieee]: no-backend-name = false
Info [interflop-ieee]: print-new-line = false
Info [interflop-ieee]: print-subnormal-normalized = false
Info [interflop-ieee]: count-op = false
All_Command_lines_OK
Using double precision for computations.
=============================================================================
The composite transform comprises the following transforms (in order): 
  1. Center of mass alignment using fixed image: /templateflow/tpl-MNI152NLin2009cAsym/tpl-MNI152NLin2009cAsym_res-01_desc-brain_T1w.nii.gz and moving image: /home/mdugre/scratch/mri-registration-rp/datasets/ds004513/derivatives/mri-registration-rp/antsBrainExtraction/sub-s003/BrainExtractionBrain.nii.gz (type = Euler3DTransform)
=============================================================================
  number of levels = 1
  fixed image: /templateflow/tpl-MNI152NLin2009cAsym/tpl-MNI152NLin2009cAsym_res-01_desc-brain_T1w.nii.gz
  moving image: /home/mdugre/scratch/mri-registration-rp/datasets/ds004513/derivatives/mri-registration-rp/antsBrainExtraction/sub-s003/BrainExtractionBrain.nii.gz
Dimension = 3
Number of stages = 1
Use histogram matching = false
Winsorize image intensities = true
  Lower quantile = 0.005
  Upper quantile = 0.995


Stage 1 State
   Image metric = MattesMI
     Fixed image = Image (0x4cdbe70)
  RTTI typeinfo:   itk::Image<double, 3u>
  Reference Count: 2
  Modified Time: 2334
  Debug: Off
  Object Name: 
  Observers: 
    none
  Source: (none)
  Source output name: (none)
  Release Data: Off
  Data Released: False
  Global Release Data: Off
  PipelineMTime: 0
  UpdateMTime: 1943
  RealTimeStamp: 0 seconds 
  LargestPossibleRegion: 
    Dimension: 3
    Index: [0, 0, 0]
    Size: [193, 229, 193]
  BufferedRegion: 
    Dimension: 3
    Index: [0, 0, 0]
    Size: [193, 229, 193]
  RequestedRegion: 
    Dimension: 3
    Index: [0, 0, 0]
    Size: [193, 229, 193]
  Spacing: [1, 1, 1]
  Origin: [96, 132, -78]
  Direction: 
-1 0 0
0 -1 0
0 0 1

  IndexToPointMatrix: 
-1 0 0
0 -1 0
0 0 1

  PointToIndexMatrix: 
-1 0 0
0 -1 0
0 0 1

  Inverse Direction: 
-1 0 0
0 -1 0
0 0 1

  PixelContainer: 
    ImportImageContainer (0x4ce8140)
      RTTI typeinfo:   itk::ImportImageContainer<unsigned long, double>
      Reference Count: 1
      Modified Time: 1940
      Debug: Off
      Object Name: 
      Observers: 
        none
      Pointer: 0x14938c493010
      Container manages memory: true
      Size: 8530021
      Capacity: 8530021

     Moving image = Image (0x4ce5310)
  RTTI typeinfo:   itk::Image<double, 3u>
  Reference Count: 2
  Modified Time: 2335
  Debug: Off
  Object Name: 
  Observers: 
    none
  Source: (none)
  Source output name: (none)
  Release Data: Off
  Data Released: False
  Global Release Data: Off
  PipelineMTime: 0
  UpdateMTime: 2332
  RealTimeStamp: 0 seconds 
  LargestPossibleRegion: 
    Dimension: 3
    Index: [0, 0, 0]
    Size: [176, 240, 256]
  BufferedRegion: 
    Dimension: 3
    Index: [0, 0, 0]
    Size: [176, 240, 256]
  RequestedRegion: 
    Dimension: 3
    Index: [0, 0, 0]
    Size: [176, 240, 256]
  Spacing: [0.999999, 1, 1]
  Origin: [93.3499, 86.9368, -128.957]
  Direction: 
-0.999513 -0.0279216 -0.0139567
0.0279189 -0.99961 0.000389866
-0.0139622 2.01492e-08 0.999903

  IndexToPointMatrix: 
-0.999512 -0.0279216 -0.0139567
0.0279189 -0.99961 0.000389866
-0.0139621 2.01492e-08 0.999903

  PointToIndexMatrix: 
-0.999514 0.0279189 -0.0139622
-0.0279216 -0.99961 2.01716e-08
-0.0139567 0.000389866 0.999903

  Inverse Direction: 
-0.999513 0.0279189 -0.0139622
-0.0279216 -0.99961 2.01716e-08
-0.0139567 0.000389866 0.999903

  PixelContainer: 
    ImportImageContainer (0x4e10610)
      RTTI typeinfo:   itk::ImportImageContainer<unsigned long, double>
      Reference Count: 1
      Modified Time: 2329
      Debug: Off
      Object Name: 
      Observers: 
        none
      Pointer: 0x149387212010
      Container manages memory: true
      Size: 10813440
      Capacity: 10813440

     Weighting = 1
     Sampling strategy = regular
     Number of bins = 32
     Radius = 4
     Sampling percentage  = 0.25
   Transform = Rigid
     Gradient step = 0.1
     Update field sigma (voxel space) = 0
     Total field sigma (voxel space) = 0
     Update field time sigma = 0
     Total field time sigma  = 0
     Number of time indices = 0
     Number of time point samples = 0
Registration using 1 total stages.

Stage 0
  iterations = 0
  convergence threshold = 1e-06
  convergence window size = 10
  number of levels = 1
  using the Mattes MI metric (number of bins = 32, weight = 1, use gradient filter = 0)
  preprocessing:  winsorizing the image intensities
  Shrink factors (level 1 out of 1): [1, 1, 1]
  smoothing sigmas per level: [0]
  regular sampling (percentage = 0.25)

*** Running Euler3DTransform registration ***

  Elapsed time (stage 0): 1.11076


Total elapsed time: 1.11292
Info [verificarlo]: loaded backend libinterflop_vprec.so
Info [interflop-vprec]: load backend with: 
Info [interflop-vprec]: precision-binary32 = 11
Info [interflop-vprec]: range-binary32 = 8
Info [interflop-vprec]: precision-binary64 = 11
Info [interflop-vprec]: range-binary64 = 8
Info [interflop-vprec]: mode = ob
Info [interflop-vprec]: error-mode = rel
Info [interflop-vprec]: max-abs-error-exponent = -1022
Info [interflop-vprec]: daz = false
Info [interflop-vprec]: ftz = false
Info [interflop-vprec]: 	instrument = none
Info [interflop-vprec]: 	prec-input-file = (null)
Info [interflop-vprec]: 	prec-output-file = (null)
Info [interflop-vprec]: 	prec-log-file = (null)
All_Command_lines_OK
Using double precision for computations.
=============================================================================
The composite transform comprises the following transforms (in order): 
  1. /home/mdugre/scratch/mri-registration-rp/datasets/ds004513/derivatives/mri-registration-rp/0100/antsRegistration-r8-p11/sub-s003/align_Composite.h5[0] (type = Euler3DTransform)
  2. /home/mdugre/scratch/mri-registration-rp/datasets/ds004513/derivatives/mri-registration-rp/0100/antsRegistration-r8-p11/sub-s003/align_Composite.h5[1] (type = Euler3DTransform)
=============================================================================
  number of levels = 4
  fixed image: /templateflow/tpl-MNI152NLin2009cAsym/tpl-MNI152NLin2009cAsym_res-01_desc-brain_T1w.nii.gz
  moving image: /home/mdugre/scratch/mri-registration-rp/datasets/ds004513/derivatives/mri-registration-rp/antsBrainExtraction/sub-s003/BrainExtractionBrain.nii.gz
Dimension = 3
Number of stages = 1
Use histogram matching = false
Winsorize image intensities = true
  Lower quantile = 0.005
  Upper quantile = 0.995


Stage 1 State
   Image metric = MattesMI
     Fixed image = Image (0x41021e0)
  RTTI typeinfo:   itk::Image<double, 3u>
  Reference Count: 2
  Modified Time: 1578
  Debug: Off
  Object Name: 
  Observers: 
    none
  Source: (none)
  Source output name: (none)
  Release Data: Off
  Data Released: False
  Global Release Data: Off
  PipelineMTime: 0
  UpdateMTime: 1189
  RealTimeStamp: 0 seconds 
  LargestPossibleRegion: 
    Dimension: 3
    Index: [0, 0, 0]
    Size: [193, 229, 193]
  BufferedRegion: 
    Dimension: 3
    Index: [0, 0, 0]
    Size: [193, 229, 193]
  RequestedRegion: 
    Dimension: 3
    Index: [0, 0, 0]
    Size: [193, 229, 193]
  Spacing: [1, 1, 1]
  Origin: [96, 132, -78]
  Direction: 
-1 0 0
0 -1 0
0 0 1

  IndexToPointMatrix: 
-1 0 0
0 -1 0
0 0 1

  PointToIndexMatrix: 
-1 0 0
0 -1 0
0 0 1

  Inverse Direction: 
-1 0 0
0 -1 0
0 0 1

  PixelContainer: 
    ImportImageContainer (0x41c1680)
      RTTI typeinfo:   itk::ImportImageContainer<unsigned long, double>
      Reference Count: 1
      Modified Time: 1186
      Debug: Off
      Object Name: 
      Observers: 
        none
      Pointer: 0x14b860f13010
      Container manages memory: true
      Size: 8530021
      Capacity: 8530021

     Moving image = Image (0x41bdb20)
  RTTI typeinfo:   itk::Image<double, 3u>
  Reference Count: 2
  Modified Time: 1579
  Debug: Off
  Object Name: 
  Observers: 
    none
  Source: (none)
  Source output name: (none)
  Release Data: Off
  Data Released: False
  Global Release Data: Off
  PipelineMTime: 0
  UpdateMTime: 1576
  RealTimeStamp: 0 seconds 
  LargestPossibleRegion: 
    Dimension: 3
    Index: [0, 0, 0]
    Size: [176, 240, 256]
  BufferedRegion: 
    Dimension: 3
    Index: [0, 0, 0]
    Size: [176, 240, 256]
  RequestedRegion: 
    Dimension: 3
    Index: [0, 0, 0]
    Size: [176, 240, 256]
  Spacing: [1, 1, 1]
  Origin: [93.3438, 86.9375, -128.938]
  Direction: 
-0.999512 -0.0279236 -0.0139542
0.0279236 -0.999512 0.000389814
-0.0139618 5.96046e-08 1

  IndexToPointMatrix: 
-0.999512 -0.0279236 -0.0139542
0.0279236 -0.999512 0.000389814
-0.0139618 5.96046e-08 1

  PointToIndexMatrix: 
-0.999512 0.0279236 -0.0139618
-0.0279388 -1 -0.000195086
-0.0139618 0.000194967 1

  Inverse Direction: 
-0.999512 0.0279236 -0.0139618
-0.0279388 -1 -0.000195086
-0.0139618 0.000194967 1

  PixelContainer: 
    ImportImageContainer (0x4226d50)
      RTTI typeinfo:   itk::ImportImageContainer<unsigned long, double>
      Reference Count: 1
      Modified Time: 1573
      Debug: Off
      Object Name: 
      Observers: 
        none
      Pointer: 0x14b85bc92010
      Container manages memory: true
      Size: 10813440
      Capacity: 10813440

     Weighting = 1
     Sampling strategy = regular
     Number of bins = 32
     Radius = 4
     Sampling percentage  = 0.25
   Transform = Rigid
     Gradient step = 0.1
     Update field sigma (voxel space) = 0
     Total field sigma (voxel space) = 0
     Update field time sigma = 0
     Total field time sigma  = 0
     Number of time indices = 0
     Number of time point samples = 0
Registration using 1 total stages.

Stage 0
  iterations = 1000x500x250x100
  convergence threshold = 1e-06
  convergence window size = 10
  number of levels = 4
  using the Mattes MI metric (number of bins = 32, weight = 1, use gradient filter = 0)
  preprocessing:  winsorizing the image intensities
  Shrink factors (level 1 out of 4): [8, 8, 8]
  Shrink factors (level 2 out of 4): [4, 4, 4]
  Shrink factors (level 3 out of 4): [2, 2, 2]
  Shrink factors (level 4 out of 4): [1, 1, 1]
  smoothing sigmas per level: [3, 2, 1, 0]
  regular sampling (percentage = 0.25)

*** Running Euler3DTransform registration ***

DIAGNOSTIC,Iteration,metricValue,convergenceValue,ITERATION_TIME_INDEX,SINCE_LAST
 2DIAGNOSTIC,     1, -4.852703218391e-01, 1.797693134862e+308, 0.0000e+00, 0.0000e+00, 
 2DIAGNOSTIC,     2, -4.857346680736e-01, 1.797693134862e+308, 0.0000e+00, 0.0000e+00, 
 2DIAGNOSTIC,     3, -4.858439108387e-01, 1.797693134862e+308, 0.0000e+00, 0.0000e+00, 
 2DIAGNOSTIC,     4, -4.869118958177e-01, 1.797693134862e+308, 0.0000e+00, 0.0000e+00, 
 2DIAGNOSTIC,     5, -4.886554004876e-01, 1.797693134862e+308, 0.0000e+00, 0.0000e+00, 
 2DIAGNOSTIC,     6, -4.950553597139e-01, 1.797693134862e+308, 0.0000e+00, 0.0000e+00, 
 2DIAGNOSTIC,     7, -5.042847752098e-01, 1.797693134862e+308, 0.0000e+00, 0.0000e+00, 
 2DIAGNOSTIC,     8, -5.053984015796e-01, 1.797693134862e+308, 0.0000e+00, 0.0000e+00, 
 2DIAGNOSTIC,     9, -5.072180846548e-01, 1.797693134862e+308, 0.0000e+00, 0.0000e+00, 
 2DIAGNOSTIC,    10, -5.300269507797e-01, 4.937276726070e-03, 0.0000e+00, 0.0000e+00, 
 2DIAGNOSTIC,    11, -5.693078181224e-01, 7.472476300330e-03, 0.0000e+00, 0.0000e+00, 
 2DIAGNOSTIC,    12, -5.895777431342e-01, 9.759176110900e-03, 0.0000e+00, 0.0000e+00, 
 2DIAGNOSTIC,    13, -5.853362359368e-01, 1.061870952701e-02, 0.0000e+00, 0.0000e+00, 
 2DIAGNOSTIC,    14, -6.281388300508e-01, 1.206276844406e-02, 0.0000e+00, 0.0000e+00, 
 2DIAGNOSTIC,    15, -6.404318989570e-01, 1.261817859364e-02, 0.0000e+00, 0.0000e+00, 
 2DIAGNOSTIC,    16, -6.398336335301e-01, 1.210899019934e-02, 0.0000e+00, 0.0000e+00, 
 2DIAGNOSTIC,    17, -6.438142813103e-01, 1.099089313332e-02, 0.0000e+00, 0.0000e+00, 
 2DIAGNOSTIC,    18, -6.461814416858e-01, 9.132855373149e-03, 0.0000e+00, 0.0000e+00, 
 2DIAGNOSTIC,    19, -6.457894173386e-01, 6.684927042832e-03, 0.0000e+00, 0.0000e+00, 
 2DIAGNOSTIC,    20, -6.461374534513e-01, 4.459167572111e-03, 0.0000e+00, 0.0000e+00, 
 2DIAGNOSTIC,    21, -6.472070089395e-01, 3.031581393062e-03, 0.0000e+00, 0.0000e+00, 
 2DIAGNOSTIC,    22, -6.470358222562e-01, 1.944078192794e-03, 0.0000e+00, 0.0000e+00, 
 2DIAGNOSTIC,    23, -6.475881508060e-01, 6.788834338877e-04, 0.0000e+00, 0.0000e+00, 
 2DIAGNOSTIC,    24, -6.475223133069e-01, 3.431831163381e-04, 0.0000e+00, 0.0000e+00, 
 2DIAGNOSTIC,    25, -6.476631688248e-01, 2.521033491923e-04, 0.0000e+00, 0.0000e+00, 
 2DIAGNOSTIC,    26, -6.482246164097e-01, 1.425334002961e-04, 0.0000e+00, 0.0000e+00, 
 2DIAGNOSTIC,    27, -6.481565830177e-01, 9.770854329449e-05, 0.0000e+00, 0.0000e+00, 
 2DIAGNOSTIC,    28, -6.480397623302e-01, 8.687961816519e-05, 0.0000e+00, 0.0000e+00, 
 2DIAGNOSTIC,    29, -6.479379169099e-01, 6.063723867081e-05, 0.0000e+00, 0.0000e+00, 
 2DIAGNOSTIC,    30, -6.479535249048e-01, 3.600454201085e-05, 0.0000e+00, 0.0000e+00, 
 2DIAGNOSTIC,    31, -6.479682833235e-01, 2.647686837226e-05, 0.0000e+00, 0.0000e+00, 
 2DIAGNOSTIC,    32, -6.479756096460e-01, 1.239559469230e-05, 0.0000e+00, 0.0000e+00, 
 2DIAGNOSTIC,    33, -6.479626878532e-01, 6.106276815271e-06, 0.0000e+00, 0.0000e+00, 
DIAGNOSTIC,Iteration,metricValue,convergenceValue,ITERATION_TIME_INDEX,SINCE_LAST
 2DIAGNOSTIC,     1, -5.263299173332e-01, 1.797693134862e+308, 0.0000e+00, 0.0000e+00, 
 2DIAGNOSTIC,     2, -5.264757952657e-01, 1.797693134862e+308, 0.0000e+00, 0.0000e+00, 
 2DIAGNOSTIC,     3, -5.266813313049e-01, 1.797693134862e+308, 0.0000e+00, 0.0000e+00, 
 2DIAGNOSTIC,     4, -5.269152265562e-01, 1.797693134862e+308, 0.0000e+00, 0.0000e+00, 
 2DIAGNOSTIC,     5, -5.276373879965e-01, 1.797693134862e+308, 0.0000e+00, 0.0000e+00, 
 2DIAGNOSTIC,     6, -5.285535406165e-01, 1.797693134862e+308, 0.0000e+00, 0.0000e+00, 
 2DIAGNOSTIC,     7, -5.300198345375e-01, 1.797693134862e+308, 0.0000e+00, 0.0000e+00, 
 2DIAGNOSTIC,     8, -5.313539678126e-01, 1.797693134862e+308, 0.0000e+00, 0.0000e+00, 
 2DIAGNOSTIC,     9, -5.325883949931e-01, 1.797693134862e+308, 0.0000e+00, 0.0000e+00, 
 2DIAGNOSTIC,    10, -5.341979963410e-01, 9.716643346298e-04, 0.0000e+00, 0.0000e+00, 
 2DIAGNOSTIC,    11, -5.350866156296e-01, 1.031127683434e-03, 0.0000e+00, 0.0000e+00, 
 2DIAGNOSTIC,    12, -5.358475883998e-01, 1.028136615082e-03, 0.0000e+00, 0.0000e+00, 
 2DIAGNOSTIC,    13, -5.361312563077e-01, 9.529514556812e-04, 0.0000e+00, 0.0000e+00, 
 2DIAGNOSTIC,    14, -5.364724275294e-01, 8.239900395091e-04, 0.0000e+00, 0.0000e+00, 
 2DIAGNOSTIC,    15, -5.365515959973e-01, 6.652080629403e-04, 0.0000e+00, 0.0000e+00, 
 2DIAGNOSTIC,    16, -5.365384586647e-01, 4.948836503888e-04, 0.0000e+00, 0.0000e+00, 
 2DIAGNOSTIC,    17, -5.366566404606e-01, 3.487829047507e-04, 0.0000e+00, 0.0000e+00, 
 2DIAGNOSTIC,    18, -5.367235427802e-01, 2.280279762123e-04, 0.0000e+00, 0.0000e+00, 
 2DIAGNOSTIC,    19, -5.366267881736e-01, 1.300541890666e-04, 0.0000e+00, 0.0000e+00, 
 2DIAGNOSTIC,    20, -5.365867063199e-01, 7.150295980273e-05, 0.0000e+00, 0.0000e+00, 
 2DIAGNOSTIC,    21, -5.366910895719e-01, 3.681415516170e-05, 0.0000e+00, 0.0000e+00, 
 2DIAGNOSTIC,    22, -5.367202840062e-01, 2.076985973735e-05, 0.0000e+00, 0.0000e+00, 
 2DIAGNOSTIC,    23, -5.366985691914e-01, 1.001440186887e-05, 0.0000e+00, 0.0000e+00, 
 2DIAGNOSTIC,    24, -5.366957400302e-01, 6.816821367182e-06, 0.0000e+00, 0.0000e+00, 
 2DIAGNOSTIC,    25, -5.366957400302e-01, 5.005758555110e-06, 0.0000e+00, 0.0000e+00, 
 2DIAGNOSTIC,    26, -5.366948502178e-01, 2.448213919343e-06, 0.0000e+00, 0.0000e+00, 
 2DIAGNOSTIC,    27, -5.366948502178e-01, 2.091391265988e-06, 0.0000e+00, 0.0000e+00, 
 2DIAGNOSTIC,    28, -5.366948502178e-01, 2.916055411958e-06, 0.0000e+00, 0.0000e+00, 
 2DIAGNOSTIC,    29, -5.366948502178e-01, 1.687804898794e-06, 0.0000e+00, 0.0000e+00, 
DIAGNOSTIC,Iteration,metricValue,convergenceValue,ITERATION_TIME_INDEX,SINCE_LAST
 2DIAGNOSTIC,     1, -4.776178379723e-01, 1.797693134862e+308, 0.0000e+00, 0.0000e+00, 
 2DIAGNOSTIC,     2, -4.777093429201e-01, 1.797693134862e+308, 0.0000e+00, 0.0000e+00, 
 2DIAGNOSTIC,     3, -4.778180904983e-01, 1.797693134862e+308, 0.0000e+00, 0.0000e+00, 
 2DIAGNOSTIC,     4, -4.779711675008e-01, 1.797693134862e+308, 0.0000e+00, 0.0000e+00, 
 2DIAGNOSTIC,     5, -4.781594978748e-01, 1.797693134862e+308, 0.0000e+00, 0.0000e+00, 
 2DIAGNOSTIC,     6, -4.783921958107e-01, 1.797693134862e+308, 0.0000e+00, 0.0000e+00, 
 2DIAGNOSTIC,     7, -4.784232702887e-01, 1.797693134862e+308, 0.0000e+00, 0.0000e+00, 
 2DIAGNOSTIC,     8, -4.784267823207e-01, 1.797693134862e+308, 0.0000e+00, 0.0000e+00, 
 2DIAGNOSTIC,     9, -4.782987164919e-01, 1.797693134862e+308, 0.0000e+00, 0.0000e+00, 
 2DIAGNOSTIC,    10, -4.782902662614e-01, 1.108163933115e-04, 0.0000e+00, 0.0000e+00, 
 2DIAGNOSTIC,    11, -4.782607774596e-01, 7.153725714697e-05, 0.0000e+00, 0.0000e+00, 
 2DIAGNOSTIC,    12, -4.783372758121e-01, 4.066695636887e-05, 0.0000e+00, 0.0000e+00, 
 2DIAGNOSTIC,    13, -4.783595308268e-01, 1.683337010698e-05, 0.0000e+00, 0.0000e+00, 
DIAGNOSTIC,Iteration,metricValue,convergenceValue,ITERATION_TIME_INDEX,SINCE_LAST
 2DIAGNOSTIC,     1, -4.449885841029e-01, 1.797693134862e+308, 0.0000e+00, 0.0000e+00, 
 2DIAGNOSTIC,     2, -4.449892475662e-01, 1.797693134862e+308, 0.0000e+00, 0.0000e+00, 
 2DIAGNOSTIC,     3, -4.449860581976e-01, 1.797693134862e+308, 0.0000e+00, 0.0000e+00, 
 2DIAGNOSTIC,     4, -4.449912361165e-01, 1.797693134862e+308, 0.0000e+00, 0.0000e+00, 
 2DIAGNOSTIC,     5, -4.449911102157e-01, 1.797693134862e+308, 0.0000e+00, 0.0000e+00, 
 2DIAGNOSTIC,     6, -4.449902570406e-01, 1.797693134862e+308, 0.0000e+00, 0.0000e+00, 
 2DIAGNOSTIC,     7, -4.449897669612e-01, 1.797693134862e+308, 0.0000e+00, 0.0000e+00, 
 2DIAGNOSTIC,     8, -4.449896212040e-01, 1.797693134862e+308, 0.0000e+00, 0.0000e+00, 
 2DIAGNOSTIC,     9, -4.449896019287e-01, 1.797693134862e+308, 0.0000e+00, 0.0000e+00, 
  Elapsed time (stage 0): 0.0000e+00


Total elapsed time: 0.0000e+00
Info [verificarlo]: loaded backend libinterflop_ieee.so
Info [interflop-ieee]: load backend with:
Info [interflop-ieee]: debug = false
Info [interflop-ieee]: debug-binary = false
Info [interflop-ieee]: no-backend-name = false
Info [interflop-ieee]: print-new-line = false
Info [interflop-ieee]: print-subnormal-normalized = false
Info [interflop-ieee]: count-op = false
All_Command_lines_OK
Using double precision for computations.
=============================================================================
The composite transform comprises the following transforms (in order): 
  1. /home/mdugre/scratch/mri-registration-rp/datasets/ds004513/derivatives/mri-registration-rp/0100/antsRegistration-r8-p11/sub-s003/rigid_Composite.h5[0] (type = Euler3DTransform)
  2. /home/mdugre/scratch/mri-registration-rp/datasets/ds004513/derivatives/mri-registration-rp/0100/antsRegistration-r8-p11/sub-s003/rigid_Composite.h5[1] (type = Euler3DTransform)
  3. /home/mdugre/scratch/mri-registration-rp/datasets/ds004513/derivatives/mri-registration-rp/0100/antsRegistration-r8-p11/sub-s003/rigid_Composite.h5[2] (type = Euler3DTransform)
=============================================================================
  number of levels = 4
  fixed image: /templateflow/tpl-MNI152NLin2009cAsym/tpl-MNI152NLin2009cAsym_res-01_desc-brain_T1w.nii.gz
  moving image: /home/mdugre/scratch/mri-registration-rp/datasets/ds004513/derivatives/mri-registration-rp/antsBrainExtraction/sub-s003/BrainExtractionBrain.nii.gz
Dimension = 3
Number of stages = 1
Use histogram matching = false
Winsorize image intensities = true
  Lower quantile = 0.005
  Upper quantile = 0.995


Stage 1 State
   Image metric = MattesMI
     Fixed image = Image (0x4b257e0)
  RTTI typeinfo:   itk::Image<double, 3u>
  Reference Count: 2
  Modified Time: 1594
  Debug: Off
  Object Name: 
  Observers: 
    none
  Source: (none)
  Source output name: (none)
  Release Data: Off
  Data Released: False
  Global Release Data: Off
  PipelineMTime: 0
  UpdateMTime: 1203
  RealTimeStamp: 0 seconds 
  LargestPossibleRegion: 
    Dimension: 3
    Index: [0, 0, 0]
    Size: [193, 229, 193]
  BufferedRegion: 
    Dimension: 3
    Index: [0, 0, 0]
    Size: [193, 229, 193]
  RequestedRegion: 
    Dimension: 3
    Index: [0, 0, 0]
    Size: [193, 229, 193]
  Spacing: [1, 1, 1]
  Origin: [96, 132, -78]
  Direction: 
-1 0 0
0 -1 0
0 0 1

  IndexToPointMatrix: 
-1 0 0
0 -1 0
0 0 1

  PointToIndexMatrix: 
-1 0 0
0 -1 0
0 0 1

  Inverse Direction: 
-1 0 0
0 -1 0
0 0 1

  PixelContainer: 
    ImportImageContainer (0x4be5a20)
      RTTI typeinfo:   itk::ImportImageContainer<unsigned long, double>
      Reference Count: 1
      Modified Time: 1200
      Debug: Off
      Object Name: 
      Observers: 
        none
      Pointer: 0x147d6c8bc010
      Container manages memory: true
      Size: 8530021
      Capacity: 8530021

     Moving image = Image (0x4b9ae20)
  RTTI typeinfo:   itk::Image<double, 3u>
  Reference Count: 2
  Modified Time: 1595
  Debug: Off
  Object Name: 
  Observers: 
    none
  Source: (none)
  Source output name: (none)
  Release Data: Off
  Data Released: False
  Global Release Data: Off
  PipelineMTime: 0
  UpdateMTime: 1592
  RealTimeStamp: 0 seconds 
  LargestPossibleRegion: 
    Dimension: 3
    Index: [0, 0, 0]
    Size: [176, 240, 256]
  BufferedRegion: 
    Dimension: 3
    Index: [0, 0, 0]
    Size: [176, 240, 256]
  RequestedRegion: 
    Dimension: 3
    Index: [0, 0, 0]
    Size: [176, 240, 256]
  Spacing: [0.999999, 1, 1]
  Origin: [93.3499, 86.9368, -128.957]
  Direction: 
-0.999513 -0.0279216 -0.0139567
0.0279189 -0.99961 0.000389866
-0.0139622 2.01492e-08 0.999903

  IndexToPointMatrix: 
-0.999512 -0.0279216 -0.0139567
0.0279189 -0.99961 0.000389866
-0.0139621 2.01492e-08 0.999903

  PointToIndexMatrix: 
-0.999514 0.0279189 -0.0139622
-0.0279216 -0.99961 2.01716e-08
-0.0139567 0.000389866 0.999903

  Inverse Direction: 
-0.999513 0.0279189 -0.0139622
-0.0279216 -0.99961 2.01716e-08
-0.0139567 0.000389866 0.999903

  PixelContainer: 
    ImportImageContainer (0x4c34550)
      RTTI typeinfo:   itk::ImportImageContainer<unsigned long, double>
      Reference Count: 1
      Modified Time: 1589
      Debug: Off
      Object Name: 
      Observers: 
        none
      Pointer: 0x147d6763b010
      Container manages memory: true
      Size: 10813440
      Capacity: 10813440

     Weighting = 1
     Sampling strategy = regular
     Number of bins = 32
     Radius = 4
     Sampling percentage  = 0.25
   Transform = Affine
     Gradient step = 0.1
     Update field sigma (voxel space) = 0
     Total field sigma (voxel space) = 0
     Update field time sigma = 0
     Total field time sigma  = 0
     Number of time indices = 0
     Number of time point samples = 0
Registration using 1 total stages.

Stage 0
  iterations = 1000x500x250x100
  convergence threshold = 1e-06
  convergence window size = 10
  number of levels = 4
  using the Mattes MI metric (number of bins = 32, weight = 1, use gradient filter = 0)
  preprocessing:  winsorizing the image intensities
  Shrink factors (level 1 out of 4): [8, 8, 8]
  Shrink factors (level 2 out of 4): [4, 4, 4]
  Shrink factors (level 3 out of 4): [2, 2, 2]
  Shrink factors (level 4 out of 4): [1, 1, 1]
  smoothing sigmas per level: [3, 2, 1, 0]
  regular sampling (percentage = 0.25)

*** Running AffineTransform registration ***

DIAGNOSTIC,Iteration,metricValue,convergenceValue,ITERATION_TIME_INDEX,SINCE_LAST
 2DIAGNOSTIC,     1, -6.618920368372e-01, 1.797693134862e+308, 7.9811e-01, 7.9811e-01, 
 2DIAGNOSTIC,     2, -6.644461213560e-01, 1.797693134862e+308, 8.0254e-01, 4.4320e-03, 
 2DIAGNOSTIC,     3, -6.687030540750e-01, 1.797693134862e+308, 8.0683e-01, 4.2851e-03, 
 2DIAGNOSTIC,     4, -6.748889940715e-01, 1.797693134862e+308, 8.1113e-01, 4.3039e-03, 
 2DIAGNOSTIC,     5, -6.825692898063e-01, 1.797693134862e+308, 8.1558e-01, 4.4510e-03, 
 2DIAGNOSTIC,     6, -6.920048977709e-01, 1.797693134862e+308, 8.1956e-01, 3.9730e-03, 
 2DIAGNOSTIC,     7, -7.054292892056e-01, 1.797693134862e+308, 8.2364e-01, 4.0820e-03, 
 2DIAGNOSTIC,     8, -7.156470720481e-01, 1.797693134862e+308, 8.3026e-01, 6.6249e-03, 
 2DIAGNOSTIC,     9, -7.175438790652e-01, 1.797693134862e+308, 8.3434e-01, 4.0751e-03, 
 2DIAGNOSTIC,    10, -7.201206122175e-01, 6.318423277891e-03, 8.3874e-01, 4.4031e-03, 
 2DIAGNOSTIC,    11, -7.247273041577e-01, 5.696390180806e-03, 8.4358e-01, 4.8320e-03, 
 2DIAGNOSTIC,    12, -7.247439005514e-01, 4.751231418947e-03, 8.4789e-01, 4.3192e-03, 
 2DIAGNOSTIC,    13, -7.244938181599e-01, 3.653160012399e-03, 8.5327e-01, 5.3759e-03, 
 2DIAGNOSTIC,    14, -7.238175710572e-01, 2.549988302593e-03, 8.6189e-01, 8.6200e-03, 
 2DIAGNOSTIC,    15, -7.239426932379e-01, 1.577426137550e-03, 8.6671e-01, 4.8192e-03, 
 2DIAGNOSTIC,    16, -7.239689072026e-01, 8.164949024595e-04, 8.7158e-01, 4.8718e-03, 
 2DIAGNOSTIC,    17, -7.238035376155e-01, 3.814287815274e-04, 8.7622e-01, 4.6399e-03, 
 2DIAGNOSTIC,    18, -7.238599793185e-01, 1.924164990119e-04, 8.8067e-01, 4.4451e-03, 
 2DIAGNOSTIC,    19, -7.239505289079e-01, 4.804329209850e-05, 8.8514e-01, 4.4780e-03, 
DIAGNOSTIC,Iteration,metricValue,convergenceValue,ITERATION_TIME_INDEX,SINCE_LAST
 2DIAGNOSTIC,     1, -5.976027297247e-01, 1.797693134862e+308, 1.6495e+00, 7.6436e-01, 
 2DIAGNOSTIC,     2, -5.977648751552e-01, 1.797693134862e+308, 1.6913e+00, 4.1842e-02, 
 2DIAGNOSTIC,     3, -5.979866921652e-01, 1.797693134862e+308, 1.7240e+00, 3.2689e-02, 
 2DIAGNOSTIC,     4, -5.981518472617e-01, 1.797693134862e+308, 1.7589e+00, 3.4868e-02, 
 2DIAGNOSTIC,     5, -5.983193076409e-01, 1.797693134862e+308, 1.7933e+00, 3.4363e-02, 
 2DIAGNOSTIC,     6, -5.989113785532e-01, 1.797693134862e+308, 1.8263e+00, 3.3061e-02, 
 2DIAGNOSTIC,     7, -5.995930627284e-01, 1.797693134862e+308, 1.8621e+00, 3.5749e-02, 
 2DIAGNOSTIC,     8, -6.004325309474e-01, 1.797693134862e+308, 1.9122e+00, 5.0078e-02, 
 2DIAGNOSTIC,     9, -6.006740356847e-01, 1.797693134862e+308, 1.9455e+00, 3.3362e-02, 
 2DIAGNOSTIC,    10, -6.006934090464e-01, 3.884504828468e-04, 1.9786e+00, 3.3084e-02, 
 2DIAGNOSTIC,    11, -6.008775113604e-01, 3.628343420006e-04, 2.0120e+00, 3.3450e-02, 
 2DIAGNOSTIC,    12, -6.010014339083e-01, 3.197568528042e-04, 2.0458e+00, 3.3780e-02, 
 2DIAGNOSTIC,    13, -6.011122890137e-01, 2.664004258768e-04, 2.0953e+00, 4.9442e-02, 
 2DIAGNOSTIC,    14, -6.013185384400e-01, 2.095391005718e-04, 2.1327e+00, 3.7462e-02, 
 2DIAGNOSTIC,    15, -6.013765429171e-01, 1.484981805242e-04, 2.1677e+00, 3.4924e-02, 
 2DIAGNOSTIC,    16, -6.015034911377e-01, 1.027857624884e-04, 2.2017e+00, 3.4059e-02, 
 2DIAGNOSTIC,    17, -6.017715855826e-01, 7.899469870164e-05, 2.2395e+00, 3.7784e-02, 
 2DIAGNOSTIC,    18, -6.021328357664e-01, 8.200814066966e-05, 2.2817e+00, 4.2161e-02, 
 2DIAGNOSTIC,    19, -6.020719228686e-01, 8.163484749923e-05, 2.3150e+00, 3.3342e-02, 
 2DIAGNOSTIC,    20, -6.020998854713e-01, 7.513875435048e-05, 2.3523e+00, 3.7282e-02, 
 2DIAGNOSTIC,    21, -6.021222460274e-01, 6.711521508582e-05, 2.4019e+00, 4.9634e-02, 
 2DIAGNOSTIC,    22, -6.021202377337e-01, 5.616310257475e-05, 2.4350e+00, 3.3096e-02, 
 2DIAGNOSTIC,    23, -6.021201335147e-01, 4.313639560921e-05, 2.4733e+00, 3.8268e-02, 
 2DIAGNOSTIC,    24, -6.021485776357e-01, 3.199419834073e-05, 2.5072e+00, 3.3883e-02, 
 2DIAGNOSTIC,    25, -6.021835905664e-01, 2.070840546585e-05, 2.5441e+00, 3.6947e-02, 
 2DIAGNOSTIC,    26, -6.021947000253e-01, 1.087822883382e-05, 2.5771e+00, 3.3006e-02, 
 2DIAGNOSTIC,    27, -6.022809089356e-01, 6.899465442044e-06, 2.6303e+00, 5.3174e-02, 
 2DIAGNOSTIC,    28, -6.022916962425e-01, 8.961543523922e-06, 2.6688e+00, 3.8517e-02, 
 2DIAGNOSTIC,    29, -6.022902419739e-01, 9.120776249913e-06, 2.7036e+00, 3.4747e-02, 
 2DIAGNOSTIC,    30, -6.022835043805e-01, 8.848287069201e-06, 2.7371e+00, 3.3515e-02, 
 2DIAGNOSTIC,    31, -6.022756143411e-01, 8.080728436742e-06, 2.7746e+00, 3.7573e-02, 
 2DIAGNOSTIC,    32, -6.022889726783e-01, 6.853373264948e-06, 2.8124e+00, 3.7746e-02, 
 2DIAGNOSTIC,    33, -6.022713453799e-01, 4.872342680408e-06, 2.8495e+00, 3.7109e-02, 
 2DIAGNOSTIC,    34, -6.022727295557e-01, 3.067091679576e-06, 2.8828e+00, 3.3332e-02, 
 2DIAGNOSTIC,    35, -6.022660409867e-01, 1.559149032663e-06, 2.9241e+00, 4.1269e-02, 
DIAGNOSTIC,Iteration,metricValue,convergenceValue,ITERATION_TIME_INDEX,SINCE_LAST
 2DIAGNOSTIC,     1, -5.258577872628e-01, 1.797693134862e+308, 4.0010e+00, 1.0769e+00, 
 2DIAGNOSTIC,     2, -5.262147666393e-01, 1.797693134862e+308, 4.2227e+00, 2.2171e-01, 
 2DIAGNOSTIC,     3, -5.265758828180e-01, 1.797693134862e+308, 4.4573e+00, 2.3460e-01, 
 2DIAGNOSTIC,     4, -5.268621677022e-01, 1.797693134862e+308, 4.7071e+00, 2.4977e-01, 
 2DIAGNOSTIC,     5, -5.272037838025e-01, 1.797693134862e+308, 4.9417e+00, 2.3457e-01, 
 2DIAGNOSTIC,     6, -5.276958286848e-01, 1.797693134862e+308, 5.1680e+00, 2.2632e-01, 
 2DIAGNOSTIC,     7, -5.283868492256e-01, 1.797693134862e+308, 5.4145e+00, 2.4652e-01, 
 2DIAGNOSTIC,     8, -5.326828036981e-01, 1.797693134862e+308, 5.7470e+00, 3.3253e-01, 
 2DIAGNOSTIC,     9, -5.331842129000e-01, 1.797693134862e+308, 6.1547e+00, 4.0768e-01, 
 2DIAGNOSTIC,    10, -5.331617787100e-01, 9.961097757541e-04, 6.4395e+00, 2.8477e-01, 
 2DIAGNOSTIC,    11, -5.331648913778e-01, 9.703277397625e-04, 6.7042e+00, 2.6477e-01, 
 2DIAGNOSTIC,    12, -5.331649330407e-01, 8.771151317006e-04, 6.9616e+00, 2.5733e-01, 
 2DIAGNOSTIC,    13, -5.331552162514e-01, 7.308972707144e-04, 7.3374e+00, 3.7583e-01, 
 2DIAGNOSTIC,    14, -5.331571736633e-01, 5.499547606544e-04, 7.6346e+00, 2.9716e-01, 
 2DIAGNOSTIC,    15, -5.331571717635e-01, 3.577351482731e-04, 7.9413e+00, 3.0678e-01, 
 2DIAGNOSTIC,    16, -5.331565749284e-01, 1.748680136419e-04, 8.2262e+00, 2.8482e-01, 
 2DIAGNOSTIC,    17, -5.331557987111e-01, 1.575718271217e-05, 8.4985e+00, 2.7233e-01, 
DIAGNOSTIC,Iteration,metricValue,convergenceValue,ITERATION_TIME_INDEX,SINCE_LAST
 2DIAGNOSTIC,     1, -4.884403234891e-01, 1.797693134862e+308, 1.1335e+01, 2.8367e+00, 
 2DIAGNOSTIC,     2, -4.886169069144e-01, 1.797693134862e+308, 1.3130e+01, 1.7952e+00, 
 2DIAGNOSTIC,     3, -4.888193401459e-01, 1.797693134862e+308, 1.4909e+01, 1.7783e+00, 
 2DIAGNOSTIC,     4, -4.891061863665e-01, 1.797693134862e+308, 1.6630e+01, 1.7211e+00, 
 2DIAGNOSTIC,     5, -4.892450661714e-01, 1.797693134862e+308, 1.8875e+01, 2.2456e+00, 
 2DIAGNOSTIC,     6, -4.892372487227e-01, 1.797693134862e+308, 2.0546e+01, 1.6704e+00, 
 2DIAGNOSTIC,     7, -4.893148993094e-01, 1.797693134862e+308, 2.2288e+01, 1.7424e+00, 
 2DIAGNOSTIC,     8, -4.894631343392e-01, 1.797693134862e+308, 2.3998e+01, 1.7098e+00, 
 2DIAGNOSTIC,     9, -4.896962993563e-01, 1.797693134862e+308, 2.6591e+01, 2.5928e+00, 
 2DIAGNOSTIC,    10, -4.897848760969e-01, 1.679342821915e-04, 2.8525e+01, 1.9345e+00, 
 2DIAGNOSTIC,    11, -4.898331825862e-01, 1.396085398545e-04, 3.0278e+01, 1.7524e+00, 
 2DIAGNOSTIC,    12, -4.899924174365e-01, 1.200798219169e-04, 3.1937e+01, 1.6594e+00, 
 2DIAGNOSTIC,    13, -4.901613275966e-01, 1.089698233964e-04, 3.3894e+01, 1.9570e+00, 
 2DIAGNOSTIC,    14, -4.903210750620e-01, 1.078922447527e-04, 3.5905e+01, 2.0111e+00, 
 2DIAGNOSTIC,    15, -4.905166987423e-01, 1.103044562380e-04, 3.7949e+01, 2.0441e+00, 
 2DIAGNOSTIC,    16, -4.906874906369e-01, 1.084315049203e-04, 3.9929e+01, 1.9793e+00, 
 2DIAGNOSTIC,    17, -4.907027973956e-01, 1.000385342197e-04, 4.1687e+01, 1.7589e+00, 
 2DIAGNOSTIC,    18, -4.907376835169e-01, 8.928529573789e-05, 4.4472e+01, 2.7845e+00, 
 2DIAGNOSTIC,    19, -4.907376883109e-01, 7.863452240833e-05, 4.6390e+01, 1.9177e+00, 
 2DIAGNOSTIC,    20, -4.907345547778e-01, 6.436236802227e-05, 4.8657e+01, 2.2677e+00, 
 2DIAGNOSTIC,    21, -4.907345699573e-01, 4.685888945036e-05, 5.0971e+01, 2.3138e+00, 
 2DIAGNOSTIC,    22, -4.907345481165e-01, 3.089372597601e-05, 5.2844e+01, 1.8731e+00, 
 2DIAGNOSTIC,    23, -4.907344059795e-01, 1.781766349003e-05, 5.4723e+01, 1.8791e+00, 
 2DIAGNOSTIC,    24, -4.907339199056e-01, 8.059409382012e-06, 5.6715e+01, 1.9917e+00, 
 2DIAGNOSTIC,    25, -4.907338907097e-01, 2.894253345369e-06, 5.8655e+01, 1.9402e+00, 
 2DIAGNOSTIC,    26, -4.907339631423e-01, 1.785896150124e-06, 6.0557e+01, 1.9020e+00, 
 2DIAGNOSTIC,    27, -4.907338160077e-01, 1.009786469032e-06, 6.2213e+01, 1.6554e+00, 
 2DIAGNOSTIC,    28, -4.907340857097e-01, 1.032774242800e-06, 6.4184e+01, 1.9710e+00, 
 2DIAGNOSTIC,    29, -4.907344746554e-01, 1.073751992847e-06, 6.6206e+01, 2.0221e+00, 
 2DIAGNOSTIC,    30, -4.907344127574e-01, 1.052334575903e-06, 6.8246e+01, 2.0405e+00, 
 2DIAGNOSTIC,    31, -4.907343254885e-01, 1.031859559082e-06, 7.0565e+01, 2.3192e+00, 
 2DIAGNOSTIC,    32, -4.907339971080e-01, 1.006022654688e-06, 7.3010e+01, 2.4450e+00, 
  Elapsed time (stage 0): 7.4092e+01


Total elapsed time: 7.4094e+01
Info [verificarlo]: loaded backend libinterflop_ieee.so
Info [interflop-ieee]: load backend with:
Info [interflop-ieee]: debug = false
Info [interflop-ieee]: debug-binary = false
Info [interflop-ieee]: no-backend-name = false
Info [interflop-ieee]: print-new-line = false
Info [interflop-ieee]: print-subnormal-normalized = false
Info [interflop-ieee]: count-op = false
All_Command_lines_OK
Using double precision for computations.
=============================================================================
The composite transform comprises the following transforms (in order): 
  1. /home/mdugre/scratch/mri-registration-rp/datasets/ds004513/derivatives/mri-registration-rp/0100/antsRegistration-r8-p11/sub-s003/affine_Composite.h5[0] (type = Euler3DTransform)
  2. /home/mdugre/scratch/mri-registration-rp/datasets/ds004513/derivatives/mri-registration-rp/0100/antsRegistration-r8-p11/sub-s003/affine_Composite.h5[1] (type = Euler3DTransform)
  3. /home/mdugre/scratch/mri-registration-rp/datasets/ds004513/derivatives/mri-registration-rp/0100/antsRegistration-r8-p11/sub-s003/affine_Composite.h5[2] (type = Euler3DTransform)
  4. /home/mdugre/scratch/mri-registration-rp/datasets/ds004513/derivatives/mri-registration-rp/0100/antsRegistration-r8-p11/sub-s003/affine_Composite.h5[3] (type = AffineTransform)
=============================================================================
  number of levels = 4
  fixed image: /templateflow/tpl-MNI152NLin2009cAsym/tpl-MNI152NLin2009cAsym_res-01_desc-brain_T1w.nii.gz
  moving image: /home/mdugre/scratch/mri-registration-rp/datasets/ds004513/derivatives/mri-registration-rp/antsBrainExtraction/sub-s003/BrainExtractionBrain.nii.gz
Dimension = 3
Number of stages = 1
Use histogram matching = false
Winsorize image intensities = true
  Lower quantile = 0.005
  Upper quantile = 0.995


Stage 1 State
   Image metric = CC
     Fixed image = Image (0x4317a40)
  RTTI typeinfo:   itk::Image<double, 3u>
  Reference Count: 2
  Modified Time: 1608
  Debug: Off
  Object Name: 
  Observers: 
    none
  Source: (none)
  Source output name: (none)
  Release Data: Off
  Data Released: False
  Global Release Data: Off
  PipelineMTime: 0
  UpdateMTime: 1217
  RealTimeStamp: 0 seconds 
  LargestPossibleRegion: 
    Dimension: 3
    Index: [0, 0, 0]
    Size: [193, 229, 193]
  BufferedRegion: 
    Dimension: 3
    Index: [0, 0, 0]
    Size: [193, 229, 193]
  RequestedRegion: 
    Dimension: 3
    Index: [0, 0, 0]
    Size: [193, 229, 193]
  Spacing: [1, 1, 1]
  Origin: [96, 132, -78]
  Direction: 
-1 0 0
0 -1 0
0 0 1

  IndexToPointMatrix: 
-1 0 0
0 -1 0
0 0 1

  PointToIndexMatrix: 
-1 0 0
0 -1 0
0 0 1

  Inverse Direction: 
-1 0 0
0 -1 0
0 0 1

  PixelContainer: 
    ImportImageContainer (0x43e6780)
      RTTI typeinfo:   itk::ImportImageContainer<unsigned long, double>
      Reference Count: 1
      Modified Time: 1214
      Debug: Off
      Object Name: 
      Observers: 
        none
      Pointer: 0x14d21dffb010
      Container manages memory: true
      Size: 8530021
      Capacity: 8530021

     Moving image = Image (0x43e8390)
  RTTI typeinfo:   itk::Image<double, 3u>
  Reference Count: 2
  Modified Time: 1609
  Debug: Off
  Object Name: 
  Observers: 
    none
  Source: (none)
  Source output name: (none)
  Release Data: Off
  Data Released: False
  Global Release Data: Off
  PipelineMTime: 0
  UpdateMTime: 1606
  RealTimeStamp: 0 seconds 
  LargestPossibleRegion: 
    Dimension: 3
    Index: [0, 0, 0]
    Size: [176, 240, 256]
  BufferedRegion: 
    Dimension: 3
    Index: [0, 0, 0]
    Size: [176, 240, 256]
  RequestedRegion: 
    Dimension: 3
    Index: [0, 0, 0]
    Size: [176, 240, 256]
  Spacing: [0.999999, 1, 1]
  Origin: [93.3499, 86.9368, -128.957]
  Direction: 
-0.999513 -0.0279216 -0.0139567
0.0279189 -0.99961 0.000389866
-0.0139622 2.01492e-08 0.999903

  IndexToPointMatrix: 
-0.999512 -0.0279216 -0.0139567
0.0279189 -0.99961 0.000389866
-0.0139621 2.01492e-08 0.999903

  PointToIndexMatrix: 
-0.999514 0.0279189 -0.0139622
-0.0279216 -0.99961 2.01716e-08
-0.0139567 0.000389866 0.999903

  Inverse Direction: 
-0.999513 0.0279189 -0.0139622
-0.0279216 -0.99961 2.01716e-08
-0.0139567 0.000389866 0.999903

  PixelContainer: 
    ImportImageContainer (0x439d6f0)
      RTTI typeinfo:   itk::ImportImageContainer<unsigned long, double>
      Reference Count: 1
      Modified Time: 1603
      Debug: Off
      Object Name: 
      Observers: 
        none
      Pointer: 0x14d218d7a010
      Container manages memory: true
      Size: 10813440
      Capacity: 10813440

     Weighting = 1
     Sampling strategy = none
     Number of bins = 32
     Radius = 4
     Sampling percentage  = 1
   Transform = SyN
     Gradient step = 0.1
     Update field sigma (voxel space) = 3
     Total field sigma (voxel space) = 0
     Update field time sigma = 0
     Total field time sigma  = 0
     Number of time indices = 0
     Number of time point samples = 0
Registration using 1 total stages.

Stage 0
  iterations = 100x70x50x20
  convergence threshold = 1e-06
  convergence window size = 10
  number of levels = 4
  using the CC metric (radius = 4, weight = 1, use gradient filter = 0)
  preprocessing:  winsorizing the image intensities
  Shrink factors (level 1 out of 4): [8, 8, 8]
  Shrink factors (level 2 out of 4): [4, 4, 4]
  Shrink factors (level 3 out of 4): [2, 2, 2]
  Shrink factors (level 4 out of 4): [1, 1, 1]
  smoothing sigmas per level: [3, 2, 1, 0]
  Using default NONE metricSamplingStrategy 

*** Running SyN registration (varianceForUpdateField = 3, varianceForTotalField = 0) ***

XXDIAGNOSTIC,Iteration,metricValue,convergenceValue,ITERATION_TIME_INDEX,SINCE_LAST
 1DIAGNOSTIC,     1, -8.484888606662e-01, 1.797693134862e+308, 1.2981e+00, 1.2981e+00, 
 1DIAGNOSTIC,     2, -8.637824921957e-01, 1.797693134862e+308, 1.6440e+00, 3.4587e-01, 
