
##########################
# Experiment information #
##########################

EXPERIMENT_NAME: antsRegistration-r8-p11
VFC_BACKENDS: libinterflop_vprec.so --range-binary32=8 --precision-binary32=11 --range-binary64=8 --precision-binary64=11

SIF_IMG: /home/mdugre/projects/rrg-glatard/mdugre/containers/ants-vprec-no_metrics.simg

SUBJECT_ID: s035
INPUT_IMG: /home/mdugre/scratch/mri-registration-rp/datasets/ds004513/derivatives/mri-registration-rp/antsBrainExtraction/sub-s035/BrainExtractionBrain.nii.gz
OUTPUT_DIR: /home/mdugre/scratch/mri-registration-rp/datasets/ds004513/derivatives/mri-registration-rp/0100/antsRegistration-r8-p11/sub-s035

FIXED_IMG: /templateflow/tpl-MNI152NLin2009cAsym/tpl-MNI152NLin2009cAsym_res-01_desc-brain_T1w.nii.gz
DATA_DIR: /home/mdugre/scratch/mri-registration-rp/datasets/ds004513
TEMPLATEFLOW_DIR: /home/mdugre/projects/rrg-glatard/mdugre/templateflow
ITK_GLOBAL_DEFAULT_NUMBER_OF_THREADS: 16
##########################

Info [verificarlo]: loaded backend libinterflop_ieee.so
Info [interflop-ieee]: load backend with:
Info [interflop-ieee]: debug = false
Info [interflop-ieee]: debug-binary = false
Info [interflop-ieee]: no-backend-name = false
Info [interflop-ieee]: print-new-line = false
Info [interflop-ieee]: print-subnormal-normalized = false
Info [interflop-ieee]: count-op = false
All_Command_lines_OK
Using double precision for computations.
=============================================================================
The composite transform comprises the following transforms (in order): 
  1. Center of mass alignment using fixed image: /templateflow/tpl-MNI152NLin2009cAsym/tpl-MNI152NLin2009cAsym_res-01_desc-brain_T1w.nii.gz and moving image: /home/mdugre/scratch/mri-registration-rp/datasets/ds004513/derivatives/mri-registration-rp/antsBrainExtraction/sub-s035/BrainExtractionBrain.nii.gz (type = Euler3DTransform)
=============================================================================
  number of levels = 1
  fixed image: /templateflow/tpl-MNI152NLin2009cAsym/tpl-MNI152NLin2009cAsym_res-01_desc-brain_T1w.nii.gz
  moving image: /home/mdugre/scratch/mri-registration-rp/datasets/ds004513/derivatives/mri-registration-rp/antsBrainExtraction/sub-s035/BrainExtractionBrain.nii.gz
Dimension = 3
Number of stages = 1
Use histogram matching = false
Winsorize image intensities = true
  Lower quantile = 0.005
  Upper quantile = 0.995


Stage 1 State
   Image metric = MattesMI
     Fixed image = Image (0x34a7e70)
  RTTI typeinfo:   itk::Image<double, 3u>
  Reference Count: 2
  Modified Time: 2330
  Debug: Off
  Object Name: 
  Observers: 
    none
  Source: (none)
  Source output name: (none)
  Release Data: Off
  Data Released: False
  Global Release Data: Off
  PipelineMTime: 0
  UpdateMTime: 1941
  RealTimeStamp: 0 seconds 
  LargestPossibleRegion: 
    Dimension: 3
    Index: [0, 0, 0]
    Size: [193, 229, 193]
  BufferedRegion: 
    Dimension: 3
    Index: [0, 0, 0]
    Size: [193, 229, 193]
  RequestedRegion: 
    Dimension: 3
    Index: [0, 0, 0]
    Size: [193, 229, 193]
  Spacing: [1, 1, 1]
  Origin: [96, 132, -78]
  Direction: 
-1 0 0
0 -1 0
0 0 1

  IndexToPointMatrix: 
-1 0 0
0 -1 0
0 0 1

  PointToIndexMatrix: 
-1 0 0
0 -1 0
0 0 1

  Inverse Direction: 
-1 0 0
0 -1 0
0 0 1

  PixelContainer: 
    ImportImageContainer (0x34b0c60)
      RTTI typeinfo:   itk::ImportImageContainer<unsigned long, double>
      Reference Count: 1
      Modified Time: 1938
      Debug: Off
      Object Name: 
      Observers: 
        none
      Pointer: 0x15253cf92010
      Container manages memory: true
      Size: 8530021
      Capacity: 8530021

     Moving image = Image (0x3544ec0)
  RTTI typeinfo:   itk::Image<double, 3u>
  Reference Count: 2
  Modified Time: 2331
  Debug: Off
  Object Name: 
  Observers: 
    none
  Source: (none)
  Source output name: (none)
  Release Data: Off
  Data Released: False
  Global Release Data: Off
  PipelineMTime: 0
  UpdateMTime: 2328
  RealTimeStamp: 0 seconds 
  LargestPossibleRegion: 
    Dimension: 3
    Index: [0, 0, 0]
    Size: [160, 240, 256]
  BufferedRegion: 
    Dimension: 3
    Index: [0, 0, 0]
    Size: [160, 240, 256]
  RequestedRegion: 
    Dimension: 3
    Index: [0, 0, 0]
    Size: [160, 240, 256]
  Spacing: [1, 1, 1]
  Origin: [98.6438, 87.6358, -117.989]
  Direction: 
-0.993515 -0.100993 -0.0522355
0.100854 -0.994887 0.00530255
-0.0525039 1.93537e-08 0.998621

  IndexToPointMatrix: 
-0.993515 -0.100993 -0.0522355
0.100854 -0.994887 0.00530255
-0.0525039 1.93537e-08 0.998621

  PointToIndexMatrix: 
-0.993515 0.100854 -0.0525039
-0.100993 -0.994887 1.93006e-08
-0.0522355 0.00530255 0.998621

  Inverse Direction: 
-0.993515 0.100854 -0.0525039
-0.100993 -0.994887 1.93006e-08
-0.0522355 0.00530255 0.998621

  PixelContainer: 
    ImportImageContainer (0x35dc610)
      RTTI typeinfo:   itk::ImportImageContainer<unsigned long, double>
      Reference Count: 1
      Modified Time: 2325
      Debug: Off
      Object Name: 
      Observers: 
        none
      Pointer: 0x152538491010
      Container manages memory: true
      Size: 9830400
      Capacity: 9830400

     Weighting = 1
     Sampling strategy = regular
     Number of bins = 32
     Radius = 4
     Sampling percentage  = 0.25
   Transform = Rigid
     Gradient step = 0.1
     Update field sigma (voxel space) = 0
     Total field sigma (voxel space) = 0
     Update field time sigma = 0
     Total field time sigma  = 0
     Number of time indices = 0
     Number of time point samples = 0
Registration using 1 total stages.

Stage 0
  iterations = 0
  convergence threshold = 1e-06
  convergence window size = 10
  number of levels = 1
  using the Mattes MI metric (number of bins = 32, weight = 1, use gradient filter = 0)
  preprocessing:  winsorizing the image intensities
  Shrink factors (level 1 out of 1): [1, 1, 1]
  smoothing sigmas per level: [0]
  regular sampling (percentage = 0.25)

*** Running Euler3DTransform registration ***

  Elapsed time (stage 0): 1.22434


Total elapsed time: 1.22647
Info [verificarlo]: loaded backend libinterflop_vprec.so
Info [interflop-vprec]: load backend with: 
Info [interflop-vprec]: precision-binary32 = 11
Info [interflop-vprec]: range-binary32 = 8
Info [interflop-vprec]: precision-binary64 = 11
Info [interflop-vprec]: range-binary64 = 8
Info [interflop-vprec]: mode = ob
Info [interflop-vprec]: error-mode = rel
Info [interflop-vprec]: max-abs-error-exponent = -1022
Info [interflop-vprec]: daz = false
Info [interflop-vprec]: ftz = false
Info [interflop-vprec]: 	instrument = none
Info [interflop-vprec]: 	prec-input-file = (null)
Info [interflop-vprec]: 	prec-output-file = (null)
Info [interflop-vprec]: 	prec-log-file = (null)
All_Command_lines_OK
Using double precision for computations.
=============================================================================
The composite transform comprises the following transforms (in order): 
  1. /home/mdugre/scratch/mri-registration-rp/datasets/ds004513/derivatives/mri-registration-rp/0100/antsRegistration-r8-p11/sub-s035/align_Composite.h5[0] (type = Euler3DTransform)
  2. /home/mdugre/scratch/mri-registration-rp/datasets/ds004513/derivatives/mri-registration-rp/0100/antsRegistration-r8-p11/sub-s035/align_Composite.h5[1] (type = Euler3DTransform)
=============================================================================
  number of levels = 4
  fixed image: /templateflow/tpl-MNI152NLin2009cAsym/tpl-MNI152NLin2009cAsym_res-01_desc-brain_T1w.nii.gz
  moving image: /home/mdugre/scratch/mri-registration-rp/datasets/ds004513/derivatives/mri-registration-rp/antsBrainExtraction/sub-s035/BrainExtractionBrain.nii.gz
Dimension = 3
Number of stages = 1
Use histogram matching = false
Winsorize image intensities = true
  Lower quantile = 0.005
  Upper quantile = 0.995


Stage 1 State
   Image metric = MattesMI
     Fixed image = Image (0x51b51e0)
  RTTI typeinfo:   itk::Image<double, 3u>
  Reference Count: 2
  Modified Time: 1578
  Debug: Off
  Object Name: 
  Observers: 
    none
  Source: (none)
  Source output name: (none)
  Release Data: Off
  Data Released: False
  Global Release Data: Off
  PipelineMTime: 0
  UpdateMTime: 1189
  RealTimeStamp: 0 seconds 
  LargestPossibleRegion: 
    Dimension: 3
    Index: [0, 0, 0]
    Size: [193, 229, 193]
  BufferedRegion: 
    Dimension: 3
    Index: [0, 0, 0]
    Size: [193, 229, 193]
  RequestedRegion: 
    Dimension: 3
    Index: [0, 0, 0]
    Size: [193, 229, 193]
  Spacing: [1, 1, 1]
  Origin: [96, 132, -78]
  Direction: 
-1 0 0
0 -1 0
0 0 1

  IndexToPointMatrix: 
-1 0 0
0 -1 0
0 0 1

  PointToIndexMatrix: 
-1 0 0
0 -1 0
0 0 1

  Inverse Direction: 
-1 0 0
0 -1 0
0 0 1

  PixelContainer: 
    ImportImageContainer (0x5274680)
      RTTI typeinfo:   itk::ImportImageContainer<unsigned long, double>
      Reference Count: 1
      Modified Time: 1186
      Debug: Off
      Object Name: 
      Observers: 
        none
      Pointer: 0x1463cf48d010
      Container manages memory: true
      Size: 8530021
      Capacity: 8530021

     Moving image = Image (0x5270b20)
  RTTI typeinfo:   itk::Image<double, 3u>
  Reference Count: 2
  Modified Time: 1579
  Debug: Off
  Object Name: 
  Observers: 
    none
  Source: (none)
  Source output name: (none)
  Release Data: Off
  Data Released: False
  Global Release Data: Off
  PipelineMTime: 0
  UpdateMTime: 1576
  RealTimeStamp: 0 seconds 
  LargestPossibleRegion: 
    Dimension: 3
    Index: [0, 0, 0]
    Size: [160, 240, 256]
  BufferedRegion: 
    Dimension: 3
    Index: [0, 0, 0]
    Size: [160, 240, 256]
  RequestedRegion: 
    Dimension: 3
    Index: [0, 0, 0]
    Size: [160, 240, 256]
  Spacing: [1, 1, 1]
  Origin: [98.6562, 87.625, -118]
  Direction: 
-0.993408 -0.100952 -0.0522308
0.10083 -0.994873 0.00530243
-0.0524902 0 0.998535

  IndexToPointMatrix: 
-0.993408 -0.100952 -0.0522308
0.10083 -0.994873 0.00530243
-0.0524902 0 0.998535

  PointToIndexMatrix: 
-0.993164 0.10083 -0.0524902
-0.100983 -0.994873 -9.53674e-07
-0.0522156 0.00529861 0.998535

  Inverse Direction: 
-0.993164 0.10083 -0.0524902
-0.100983 -0.994873 -9.53674e-07
-0.0522156 0.00529861 0.998535

  PixelContainer: 
    ImportImageContainer (0x52d9d50)
      RTTI typeinfo:   itk::ImportImageContainer<unsigned long, double>
      Reference Count: 1
      Modified Time: 1573
      Debug: Off
      Object Name: 
      Observers: 
        none
      Pointer: 0x1463ca98c010
      Container manages memory: true
      Size: 9830400
      Capacity: 9830400

     Weighting = 1
     Sampling strategy = regular
     Number of bins = 32
     Radius = 4
     Sampling percentage  = 0.25
   Transform = Rigid
     Gradient step = 0.1
     Update field sigma (voxel space) = 0
     Total field sigma (voxel space) = 0
     Update field time sigma = 0
     Total field time sigma  = 0
     Number of time indices = 0
     Number of time point samples = 0
Registration using 1 total stages.

Stage 0
  iterations = 1000x500x250x100
  convergence threshold = 1e-06
  convergence window size = 10
  number of levels = 4
  using the Mattes MI metric (number of bins = 32, weight = 1, use gradient filter = 0)
  preprocessing:  winsorizing the image intensities
  Shrink factors (level 1 out of 4): [8, 8, 8]
  Shrink factors (level 2 out of 4): [4, 4, 4]
  Shrink factors (level 3 out of 4): [2, 2, 2]
  Shrink factors (level 4 out of 4): [1, 1, 1]
  smoothing sigmas per level: [3, 2, 1, 0]
  regular sampling (percentage = 0.25)

*** Running Euler3DTransform registration ***

DIAGNOSTIC,Iteration,metricValue,convergenceValue,ITERATION_TIME_INDEX,SINCE_LAST
 2DIAGNOSTIC,     1, -5.218917032636e-01, 1.797693134862e+308, 0.0000e+00, 0.0000e+00, 
 2DIAGNOSTIC,     2, -5.222880798085e-01, 1.797693134862e+308, 0.0000e+00, 0.0000e+00, 
 2DIAGNOSTIC,     3, -5.231666485475e-01, 1.797693134862e+308, 0.0000e+00, 0.0000e+00, 
 2DIAGNOSTIC,     4, -5.235799632574e-01, 1.797693134862e+308, 0.0000e+00, 0.0000e+00, 
 2DIAGNOSTIC,     5, -5.247875309568e-01, 1.797693134862e+308, 0.0000e+00, 0.0000e+00, 
 2DIAGNOSTIC,     6, -5.264762022707e-01, 1.797693134862e+308, 0.0000e+00, 0.0000e+00, 
 2DIAGNOSTIC,     7, -5.296456393659e-01, 1.797693134862e+308, 0.0000e+00, 0.0000e+00, 
 2DIAGNOSTIC,     8, -5.356183887352e-01, 1.797693134862e+308, 0.0000e+00, 0.0000e+00, 
 2DIAGNOSTIC,     9, -5.477023508268e-01, 1.797693134862e+308, 0.0000e+00, 0.0000e+00, 
 2DIAGNOSTIC,    10, -5.531610853056e-01, 3.497173782800e-03, 0.0000e+00, 0.0000e+00, 
 2DIAGNOSTIC,    11, -5.914358625480e-01, 5.677581691561e-03, 0.0000e+00, 0.0000e+00, 
 2DIAGNOSTIC,    12, -6.668730771013e-01, 1.011812980527e-02, 0.0000e+00, 0.0000e+00, 
 2DIAGNOSTIC,    13, -6.779438231490e-01, 1.322239993023e-02, 0.0000e+00, 0.0000e+00, 
 2DIAGNOSTIC,    14, -6.810922228201e-01, 1.477078493062e-02, 0.0000e+00, 0.0000e+00, 
 2DIAGNOSTIC,    15, -6.818450245101e-01, 1.484288543345e-02, 0.0000e+00, 0.0000e+00, 
 2DIAGNOSTIC,    16, -6.820209514924e-01, 1.359831039616e-02, 0.0000e+00, 0.0000e+00, 
 2DIAGNOSTIC,    17, -6.818809292541e-01, 1.133282292811e-02, 0.0000e+00, 0.0000e+00, 
 2DIAGNOSTIC,    18, -6.818692840151e-01, 8.475762565105e-03, 0.0000e+00, 0.0000e+00, 
 2DIAGNOSTIC,    19, -6.818926495466e-01, 5.522932222180e-03, 0.0000e+00, 0.0000e+00, 
 2DIAGNOSTIC,    20, -6.819493549526e-01, 2.525296395282e-03, 0.0000e+00, 0.0000e+00, 
 2DIAGNOSTIC,    21, -6.822115318127e-01, 4.338510886516e-04, 0.0000e+00, 0.0000e+00, 
 2DIAGNOSTIC,    22, -6.820589672740e-01, 1.084039881397e-04, 0.0000e+00, 0.0000e+00, 
 2DIAGNOSTIC,    23, -6.822028362342e-01, 2.964977633933e-05, 0.0000e+00, 0.0000e+00, 
 2DIAGNOSTIC,    24, -6.821006961472e-01, 1.366166746673e-05, 0.0000e+00, 0.0000e+00, 
 2DIAGNOSTIC,    25, -6.822812427639e-01, 1.487777849780e-05, 0.0000e+00, 0.0000e+00, 
 2DIAGNOSTIC,    26, -6.821960094758e-01, 1.612791163305e-05, 0.0000e+00, 0.0000e+00, 
 2DIAGNOSTIC,    27, -6.822291284423e-01, 1.404930059428e-05, 0.0000e+00, 0.0000e+00, 
 2DIAGNOSTIC,    28, -6.821389754765e-01, 9.217990499022e-06, 0.0000e+00, 0.0000e+00, 
 2DIAGNOSTIC,    29, -6.821311290081e-01, 4.143966368379e-06, 0.0000e+00, 0.0000e+00, 
DIAGNOSTIC,Iteration,metricValue,convergenceValue,ITERATION_TIME_INDEX,SINCE_LAST
 2DIAGNOSTIC,     1, -5.586340649878e-01, 1.797693134862e+308, 0.0000e+00, 0.0000e+00, 
 2DIAGNOSTIC,     2, -5.588311263114e-01, 1.797693134862e+308, 0.0000e+00, 0.0000e+00, 
 2DIAGNOSTIC,     3, -5.588633414668e-01, 1.797693134862e+308, 0.0000e+00, 0.0000e+00, 
 2DIAGNOSTIC,     4, -5.590178154270e-01, 1.797693134862e+308, 0.0000e+00, 0.0000e+00, 
 2DIAGNOSTIC,     5, -5.590374837089e-01, 1.797693134862e+308, 0.0000e+00, 0.0000e+00, 
 2DIAGNOSTIC,     6, -5.589694435115e-01, 1.797693134862e+308, 0.0000e+00, 0.0000e+00, 
 2DIAGNOSTIC,     7, -5.591368070098e-01, 1.797693134862e+308, 0.0000e+00, 0.0000e+00, 
 2DIAGNOSTIC,     8, -5.592642541418e-01, 1.797693134862e+308, 0.0000e+00, 0.0000e+00, 
 2DIAGNOSTIC,     9, -5.596286865028e-01, 1.797693134862e+308, 0.0000e+00, 0.0000e+00, 
 2DIAGNOSTIC,    10, -5.599005936164e-01, 1.163503434923e-04, 0.0000e+00, 0.0000e+00, 
 2DIAGNOSTIC,    11, -5.602096452248e-01, 1.315361019590e-04, 0.0000e+00, 0.0000e+00, 
 2DIAGNOSTIC,    12, -5.608888521469e-01, 1.694190114868e-04, 0.0000e+00, 0.0000e+00, 
 2DIAGNOSTIC,    13, -5.612688070786e-01, 2.014502305727e-04, 0.0000e+00, 0.0000e+00, 
 2DIAGNOSTIC,    14, -5.620960084259e-01, 2.460351471164e-04, 0.0000e+00, 0.0000e+00, 
 2DIAGNOSTIC,    15, -5.628945148504e-01, 2.895485731018e-04, 0.0000e+00, 0.0000e+00, 
 2DIAGNOSTIC,    16, -5.639555668149e-01, 3.320984618552e-04, 0.0000e+00, 0.0000e+00, 
 2DIAGNOSTIC,    17, -5.647595702612e-01, 3.675116838253e-04, 0.0000e+00, 0.0000e+00, 
 2DIAGNOSTIC,    18, -5.648027289834e-01, 3.695096169503e-04, 0.0000e+00, 0.0000e+00, 
 2DIAGNOSTIC,    19, -5.648956144489e-01, 3.496431719466e-04, 0.0000e+00, 0.0000e+00, 
 2DIAGNOSTIC,    20, -5.652169918408e-01, 3.142114494879e-04, 0.0000e+00, 0.0000e+00, 
 2DIAGNOSTIC,    21, -5.654032005821e-01, 2.640631347775e-04, 0.0000e+00, 0.0000e+00, 
 2DIAGNOSTIC,    22, -5.659871587145e-01, 2.227783652788e-04, 0.0000e+00, 0.0000e+00, 
 2DIAGNOSTIC,    23, -5.665752011178e-01, 1.853384935224e-04, 0.0000e+00, 0.0000e+00, 
 2DIAGNOSTIC,    24, -5.666476302325e-01, 1.524932868728e-04, 0.0000e+00, 0.0000e+00, 
 2DIAGNOSTIC,    25, -5.666778655125e-01, 1.244988757078e-04, 0.0000e+00, 0.0000e+00, 
 2DIAGNOSTIC,    26, -5.664189193370e-01, 1.022138487917e-04, 0.0000e+00, 0.0000e+00, 
 2DIAGNOSTIC,    27, -5.665305328411e-01, 8.912319005929e-05, 0.0000e+00, 0.0000e+00, 
 2DIAGNOSTIC,    28, -5.665506215242e-01, 6.945800956928e-05, 0.0000e+00, 0.0000e+00, 
 2DIAGNOSTIC,    29, -5.664667913997e-01, 4.468193382087e-05, 0.0000e+00, 0.0000e+00, 
 2DIAGNOSTIC,    30, -5.664824785118e-01, 2.328546930546e-05, 0.0000e+00, 0.0000e+00, 
 2DIAGNOSTIC,    31, -5.664292570091e-01, 3.147660720779e-06, 0.0000e+00, 0.0000e+00, 
DIAGNOSTIC,Iteration,metricValue,convergenceValue,ITERATION_TIME_INDEX,SINCE_LAST
 2DIAGNOSTIC,     1, -5.037540950168e-01, 1.797693134862e+308, 0.0000e+00, 0.0000e+00, 
 2DIAGNOSTIC,     2, -5.038052742386e-01, 1.797693134862e+308, 0.0000e+00, 0.0000e+00, 
 2DIAGNOSTIC,     3, -5.038277948021e-01, 1.797693134862e+308, 0.0000e+00, 0.0000e+00, 
 2DIAGNOSTIC,     4, -5.037797146486e-01, 1.797693134862e+308, 0.0000e+00, 0.0000e+00, 
 2DIAGNOSTIC,     5, -5.038239361930e-01, 1.797693134862e+308, 0.0000e+00, 0.0000e+00, 
 2DIAGNOSTIC,     6, -5.038283526312e-01, 1.797693134862e+308, 0.0000e+00, 0.0000e+00, 
 2DIAGNOSTIC,     7, -5.038312468186e-01, 1.797693134862e+308, 0.0000e+00, 0.0000e+00, 
 2DIAGNOSTIC,     8, -5.038786487647e-01, 1.797693134862e+308, 0.0000e+00, 0.0000e+00, 
 2DIAGNOSTIC,     9, -5.039149946736e-01, 1.797693134862e+308, 0.0000e+00, 0.0000e+00, 
 2DIAGNOSTIC,    10, -5.038806253133e-01, 1.596220137465e-05, 0.0000e+00, 0.0000e+00, 
 2DIAGNOSTIC,    11, -5.041006917209e-01, 2.372532020260e-05, 0.0000e+00, 0.0000e+00, 
 2DIAGNOSTIC,    12, -5.041261731094e-01, 3.134721689343e-05, 0.0000e+00, 0.0000e+00, 
 2DIAGNOSTIC,    13, -5.041285048780e-01, 3.614847114894e-05, 0.0000e+00, 0.0000e+00, 
 2DIAGNOSTIC,    14, -5.042268507393e-01, 3.908554487299e-05, 0.0000e+00, 0.0000e+00, 
 2DIAGNOSTIC,    15, -5.043192713346e-01, 4.312274737138e-05, 0.0000e+00, 0.0000e+00, 
 2DIAGNOSTIC,    16, -5.045308688793e-01, 5.016924410174e-05, 0.0000e+00, 0.0000e+00, 
 2DIAGNOSTIC,    17, -5.047714455996e-01, 5.963998328102e-05, 0.0000e+00, 0.0000e+00, 
 2DIAGNOSTIC,    18, -5.046969628037e-01, 6.166343552919e-05, 0.0000e+00, 0.0000e+00, 
 2DIAGNOSTIC,    19, -5.047170645025e-01, 5.974730914907e-05, 0.0000e+00, 0.0000e+00, 
 2DIAGNOSTIC,    20, -5.047568651255e-01, 5.244917959046e-05, 0.0000e+00, 0.0000e+00, 
 2DIAGNOSTIC,    21, -5.047066399580e-01, 4.535812788681e-05, 0.0000e+00, 0.0000e+00, 
 2DIAGNOSTIC,    22, -5.046772826805e-01, 3.458538806703e-05, 0.0000e+00, 0.0000e+00, 
 2DIAGNOSTIC,    23, -5.046781000244e-01, 2.166447170975e-05, 0.0000e+00, 0.0000e+00, 
 2DIAGNOSTIC,    24, -5.046717987701e-01, 1.000917844203e-05, 0.0000e+00, 0.0000e+00, 
DIAGNOSTIC,Iteration,metricValue,convergenceValue,ITERATION_TIME_INDEX,SINCE_LAST
 2DIAGNOSTIC,     1, -4.673232438113e-01, 1.797693134862e+308, 0.0000e+00, 0.0000e+00, 
 2DIAGNOSTIC,     2, -4.673809076818e-01, 1.797693134862e+308, 0.0000e+00, 0.0000e+00, 
 2DIAGNOSTIC,     3, -4.674466536404e-01, 1.797693134862e+308, 0.0000e+00, 0.0000e+00, 
 2DIAGNOSTIC,     4, -4.674386767714e-01, 1.797693134862e+308, 0.0000e+00, 0.0000e+00, 
 2DIAGNOSTIC,     5, -4.674372050405e-01, 1.797693134862e+308, 0.0000e+00, 0.0000e+00, 
 2DIAGNOSTIC,     6, -4.674418879196e-01, 1.797693134862e+308, 0.0000e+00, 0.0000e+00, 
 2DIAGNOSTIC,     7, -4.674925596453e-01, 1.797693134862e+308, 0.0000e+00, 0.0000e+00, 
 2DIAGNOSTIC,     8, -4.674300002816e-01, 1.797693134862e+308, 0.0000e+00, 0.0000e+00, 
 2DIAGNOSTIC,     9, -4.675410950630e-01, 1.797693134862e+308, 0.0000e+00, 0.0000e+00, 
 2DIAGNOSTIC,    10, -4.676034588395e-01, 2.641372737350e-05, 0.0000e+00, 0.0000e+00, 
 2DIAGNOSTIC,    11, -4.676168296161e-01, 2.486729978089e-05, 0.0000e+00, 0.0000e+00, 
 2DIAGNOSTIC,    12, -4.676143182080e-01, 2.411947551166e-05, 0.0000e+00, 0.0000e+00, 
 2DIAGNOSTIC,    13, -4.676144653905e-01, 2.448502226111e-05, 0.0000e+00, 0.0000e+00, 
 2DIAGNOSTIC,    14, -4.676132337735e-01, 2.214082864031e-05, 0.0000e+00, 0.0000e+00, 
 2DIAGNOSTIC,    15, -4.676127708067e-01, 1.792620257168e-05, 0.0000e+00, 0.0000e+00, 
 2DIAGNOSTIC,    16, -4.675739278231e-01, 1.126543440289e-05, 0.0000e+00, 0.0000e+00, 
 2DIAGNOSTIC,    17, -4.675820771411e-01, 6.642041632643e-06, 0.0000e+00, 0.0000e+00, 
  Elapsed time (stage 0): 0.0000e+00


Total elapsed time: 0.0000e+00
Info [verificarlo]: loaded backend libinterflop_ieee.so
Info [interflop-ieee]: load backend with:
Info [interflop-ieee]: debug = false
Info [interflop-ieee]: debug-binary = false
Info [interflop-ieee]: no-backend-name = false
Info [interflop-ieee]: print-new-line = false
Info [interflop-ieee]: print-subnormal-normalized = false
Info [interflop-ieee]: count-op = false
All_Command_lines_OK
Using double precision for computations.
=============================================================================
The composite transform comprises the following transforms (in order): 
  1. /home/mdugre/scratch/mri-registration-rp/datasets/ds004513/derivatives/mri-registration-rp/0100/antsRegistration-r8-p11/sub-s035/rigid_Composite.h5[0] (type = Euler3DTransform)
  2. /home/mdugre/scratch/mri-registration-rp/datasets/ds004513/derivatives/mri-registration-rp/0100/antsRegistration-r8-p11/sub-s035/rigid_Composite.h5[1] (type = Euler3DTransform)
  3. /home/mdugre/scratch/mri-registration-rp/datasets/ds004513/derivatives/mri-registration-rp/0100/antsRegistration-r8-p11/sub-s035/rigid_Composite.h5[2] (type = Euler3DTransform)
=============================================================================
  number of levels = 4
  fixed image: /templateflow/tpl-MNI152NLin2009cAsym/tpl-MNI152NLin2009cAsym_res-01_desc-brain_T1w.nii.gz
  moving image: /home/mdugre/scratch/mri-registration-rp/datasets/ds004513/derivatives/mri-registration-rp/antsBrainExtraction/sub-s035/BrainExtractionBrain.nii.gz
Dimension = 3
Number of stages = 1
Use histogram matching = false
Winsorize image intensities = true
  Lower quantile = 0.005
  Upper quantile = 0.995


Stage 1 State
   Image metric = MattesMI
     Fixed image = Image (0x43b17e0)
  RTTI typeinfo:   itk::Image<double, 3u>
  Reference Count: 2
  Modified Time: 1592
  Debug: Off
  Object Name: 
  Observers: 
    none
  Source: (none)
  Source output name: (none)
  Release Data: Off
  Data Released: False
  Global Release Data: Off
  PipelineMTime: 0
  UpdateMTime: 1203
  RealTimeStamp: 0 seconds 
  LargestPossibleRegion: 
    Dimension: 3
    Index: [0, 0, 0]
    Size: [193, 229, 193]
  BufferedRegion: 
    Dimension: 3
    Index: [0, 0, 0]
    Size: [193, 229, 193]
  RequestedRegion: 
    Dimension: 3
    Index: [0, 0, 0]
    Size: [193, 229, 193]
  Spacing: [1, 1, 1]
  Origin: [96, 132, -78]
  Direction: 
-1 0 0
0 -1 0
0 0 1

  IndexToPointMatrix: 
-1 0 0
0 -1 0
0 0 1

  PointToIndexMatrix: 
-1 0 0
0 -1 0
0 0 1

  Inverse Direction: 
-1 0 0
0 -1 0
0 0 1

  PixelContainer: 
    ImportImageContainer (0x4471a20)
      RTTI typeinfo:   itk::ImportImageContainer<unsigned long, double>
      Reference Count: 1
      Modified Time: 1200
      Debug: Off
      Object Name: 
      Observers: 
        none
      Pointer: 0x1519c6be5010
      Container manages memory: true
      Size: 8530021
      Capacity: 8530021

     Moving image = Image (0x4426e20)
  RTTI typeinfo:   itk::Image<double, 3u>
  Reference Count: 2
  Modified Time: 1593
  Debug: Off
  Object Name: 
  Observers: 
    none
  Source: (none)
  Source output name: (none)
  Release Data: Off
  Data Released: False
  Global Release Data: Off
  PipelineMTime: 0
  UpdateMTime: 1590
  RealTimeStamp: 0 seconds 
  LargestPossibleRegion: 
    Dimension: 3
    Index: [0, 0, 0]
    Size: [160, 240, 256]
  BufferedRegion: 
    Dimension: 3
    Index: [0, 0, 0]
    Size: [160, 240, 256]
  RequestedRegion: 
    Dimension: 3
    Index: [0, 0, 0]
    Size: [160, 240, 256]
  Spacing: [1, 1, 1]
  Origin: [98.6438, 87.6358, -117.989]
  Direction: 
-0.993515 -0.100993 -0.0522355
0.100854 -0.994887 0.00530255
-0.0525039 1.93537e-08 0.998621

  IndexToPointMatrix: 
-0.993515 -0.100993 -0.0522355
0.100854 -0.994887 0.00530255
-0.0525039 1.93537e-08 0.998621

  PointToIndexMatrix: 
-0.993515 0.100854 -0.0525039
-0.100993 -0.994887 1.93006e-08
-0.0522355 0.00530255 0.998621

  Inverse Direction: 
-0.993515 0.100854 -0.0525039
-0.100993 -0.994887 1.93006e-08
-0.0522355 0.00530255 0.998621

  PixelContainer: 
    ImportImageContainer (0x44c0550)
      RTTI typeinfo:   itk::ImportImageContainer<unsigned long, double>
      Reference Count: 1
      Modified Time: 1587
      Debug: Off
      Object Name: 
      Observers: 
        none
      Pointer: 0x1519c20e4010
      Container manages memory: true
      Size: 9830400
      Capacity: 9830400

     Weighting = 1
     Sampling strategy = regular
     Number of bins = 32
     Radius = 4
     Sampling percentage  = 0.25
   Transform = Affine
     Gradient step = 0.1
     Update field sigma (voxel space) = 0
     Total field sigma (voxel space) = 0
     Update field time sigma = 0
     Total field time sigma  = 0
     Number of time indices = 0
     Number of time point samples = 0
Registration using 1 total stages.

Stage 0
  iterations = 1000x500x250x100
  convergence threshold = 1e-06
  convergence window size = 10
  number of levels = 4
  using the Mattes MI metric (number of bins = 32, weight = 1, use gradient filter = 0)
  preprocessing:  winsorizing the image intensities
  Shrink factors (level 1 out of 4): [8, 8, 8]
  Shrink factors (level 2 out of 4): [4, 4, 4]
  Shrink factors (level 3 out of 4): [2, 2, 2]
  Shrink factors (level 4 out of 4): [1, 1, 1]
  smoothing sigmas per level: [3, 2, 1, 0]
  regular sampling (percentage = 0.25)

*** Running AffineTransform registration ***

DIAGNOSTIC,Iteration,metricValue,convergenceValue,ITERATION_TIME_INDEX,SINCE_LAST
 2DIAGNOSTIC,     1, -6.774549204315e-01, 1.797693134862e+308, 7.5673e-01, 7.5673e-01, 
 2DIAGNOSTIC,     2, -6.798746524587e-01, 1.797693134862e+308, 7.6204e-01, 5.3060e-03, 
 2DIAGNOSTIC,     3, -6.841783631715e-01, 1.797693134862e+308, 7.6757e-01, 5.5280e-03, 
 2DIAGNOSTIC,     4, -6.915426205002e-01, 1.797693134862e+308, 7.7232e-01, 4.7522e-03, 
 2DIAGNOSTIC,     5, -7.008896666685e-01, 1.797693134862e+308, 7.7709e-01, 4.7719e-03, 
 2DIAGNOSTIC,     6, -7.127704275396e-01, 1.797693134862e+308, 7.8193e-01, 4.8420e-03, 
 2DIAGNOSTIC,     7, -7.350089134190e-01, 1.797693134862e+308, 7.8793e-01, 5.9948e-03, 
 2DIAGNOSTIC,     8, -7.378992665190e-01, 1.797693134862e+308, 7.9318e-01, 5.2540e-03, 
 2DIAGNOSTIC,     9, -7.385304984733e-01, 1.797693134862e+308, 7.9790e-01, 4.7181e-03, 
 2DIAGNOSTIC,    10, -7.393056436602e-01, 6.933421914486e-03, 8.0344e-01, 5.5339e-03, 
 2DIAGNOSTIC,    11, -7.406177729882e-01, 5.907753521088e-03, 8.0836e-01, 4.9231e-03, 
 2DIAGNOSTIC,    12, -7.448999605378e-01, 4.740176471108e-03, 8.1456e-01, 6.1970e-03, 
 2DIAGNOSTIC,    13, -7.465844108500e-01, 3.510441249597e-03, 8.2195e-01, 7.3910e-03, 
 2DIAGNOSTIC,    14, -7.467206137795e-01, 2.363484565431e-03, 8.2801e-01, 6.0611e-03, 
 2DIAGNOSTIC,    15, -7.468043514599e-01, 1.408473476008e-03, 8.3416e-01, 6.1550e-03, 
 2DIAGNOSTIC,    16, -7.468106073460e-01, 7.251583548934e-04, 8.4065e-01, 6.4869e-03, 
 2DIAGNOSTIC,    17, -7.466291422303e-01, 5.639425242379e-04, 8.4635e-01, 5.7008e-03, 
 2DIAGNOSTIC,    18, -7.466546205177e-01, 4.322015608673e-04, 8.5205e-01, 5.7042e-03, 
 2DIAGNOSTIC,    19, -7.464595484593e-01, 2.849283552181e-04, 8.5721e-01, 5.1601e-03, 
 2DIAGNOSTIC,    20, -7.463875347529e-01, 1.410369756197e-04, 8.6219e-01, 4.9770e-03, 
 2DIAGNOSTIC,    21, -7.463384165066e-01, 1.981413942056e-05, 8.6782e-01, 5.6272e-03, 
DIAGNOSTIC,Iteration,metricValue,convergenceValue,ITERATION_TIME_INDEX,SINCE_LAST
 2DIAGNOSTIC,     1, -6.107478326229e-01, 1.797693134862e+308, 1.6139e+00, 7.4607e-01, 
 2DIAGNOSTIC,     2, -6.111458879115e-01, 1.797693134862e+308, 1.6512e+00, 3.7356e-02, 
 2DIAGNOSTIC,     3, -6.115115831458e-01, 1.797693134862e+308, 1.6926e+00, 4.1315e-02, 
 2DIAGNOSTIC,     4, -6.117200184988e-01, 1.797693134862e+308, 1.7282e+00, 3.5680e-02, 
 2DIAGNOSTIC,     5, -6.117943444080e-01, 1.797693134862e+308, 1.7695e+00, 4.1235e-02, 
 2DIAGNOSTIC,     6, -6.121650068589e-01, 1.797693134862e+308, 1.8110e+00, 4.1554e-02, 
 2DIAGNOSTIC,     7, -6.123428262427e-01, 1.797693134862e+308, 1.8517e+00, 4.0703e-02, 
 2DIAGNOSTIC,     8, -6.123207484550e-01, 1.797693134862e+308, 1.8892e+00, 3.7502e-02, 
 2DIAGNOSTIC,     9, -6.124333328061e-01, 1.797693134862e+308, 1.9436e+00, 5.4408e-02, 
 2DIAGNOSTIC,    10, -6.124503884335e-01, 1.772470795127e-04, 1.9852e+00, 4.1600e-02, 
 2DIAGNOSTIC,    11, -6.124366594625e-01, 1.247867588097e-04, 2.0264e+00, 4.1127e-02, 
 2DIAGNOSTIC,    12, -6.124238863886e-01, 8.472518148012e-05, 2.0670e+00, 4.0609e-02, 
 2DIAGNOSTIC,    13, -6.124298764832e-01, 5.672479297705e-05, 2.1090e+00, 4.2006e-02, 
 2DIAGNOSTIC,    14, -6.124094416332e-01, 3.412678151161e-05, 2.1506e+00, 4.1627e-02, 
 2DIAGNOSTIC,    15, -6.123887078032e-01, 1.301444201170e-05, 2.2037e+00, 5.3088e-02, 
 2DIAGNOSTIC,    16, -6.123651668828e-01, 3.534422461857e-06, 2.2470e+00, 4.3342e-02, 
DIAGNOSTIC,Iteration,metricValue,convergenceValue,ITERATION_TIME_INDEX,SINCE_LAST
 2DIAGNOSTIC,     1, -5.356780319112e-01, 1.797693134862e+308, 3.3699e+00, 1.1228e+00, 
 2DIAGNOSTIC,     2, -5.359319288964e-01, 1.797693134862e+308, 3.6660e+00, 2.9612e-01, 
 2DIAGNOSTIC,     3, -5.361503127155e-01, 1.797693134862e+308, 3.9666e+00, 3.0063e-01, 
 2DIAGNOSTIC,     4, -5.362858229246e-01, 1.797693134862e+308, 4.4206e+00, 4.5397e-01, 
 2DIAGNOSTIC,     5, -5.362884580255e-01, 1.797693134862e+308, 4.8047e+00, 3.8408e-01, 
 2DIAGNOSTIC,     6, -5.362832184162e-01, 1.797693134862e+308, 5.2616e+00, 4.5693e-01, 
 2DIAGNOSTIC,     7, -5.362825123546e-01, 1.797693134862e+308, 5.6017e+00, 3.4011e-01, 
 2DIAGNOSTIC,     8, -5.362837631517e-01, 1.797693134862e+308, 5.9107e+00, 3.0901e-01, 
 2DIAGNOSTIC,     9, -5.362835987122e-01, 1.797693134862e+308, 6.2822e+00, 3.7151e-01, 
 2DIAGNOSTIC,    10, -5.362823288279e-01, 5.633677899985e-05, 6.6640e+00, 3.8175e-01, 
 2DIAGNOSTIC,    11, -5.362812695281e-01, 2.509647891447e-05, 6.9785e+00, 3.1445e-01, 
 2DIAGNOSTIC,    12, -5.362798551765e-01, 8.024456167155e-06, 7.2982e+00, 3.1976e-01, 
 2DIAGNOSTIC,    13, -5.362778865917e-01, 1.756913569836e-06, 7.6595e+00, 3.6126e-01, 
 2DIAGNOSTIC,    14, -5.362772978458e-01, 1.550950008880e-06, 7.9718e+00, 3.1230e-01, 
 2DIAGNOSTIC,    15, -5.362757910532e-01, 1.483784454928e-06, 8.2814e+00, 3.0959e-01, 
 2DIAGNOSTIC,    16, -5.362752804126e-01, 1.295092383571e-06, 8.5946e+00, 3.1322e-01, 
 2DIAGNOSTIC,    17, -5.362747128521e-01, 1.151578829559e-06, 8.8762e+00, 2.8160e-01, 
 2DIAGNOSTIC,    18, -5.362744410392e-01, 1.119287774798e-06, 9.1425e+00, 2.6635e-01, 
 2DIAGNOSTIC,    19, -5.362746643686e-01, 1.152548717853e-06, 9.4666e+00, 3.2409e-01, 
 2DIAGNOSTIC,    20, -5.362754487640e-01, 1.217889966126e-06, 9.8156e+00, 3.4894e-01, 
 2DIAGNOSTIC,    21, -5.362750285099e-01, 1.274376850574e-06, 1.0107e+01, 2.9126e-01, 
 2DIAGNOSTIC,    22, -5.362750042130e-01, 1.315028647496e-06, 1.0420e+01, 3.1348e-01, 
 2DIAGNOSTIC,    23, -5.362756456197e-01, 1.333925209832e-06, 1.0741e+01, 3.2104e-01, 
 2DIAGNOSTIC,    24, -5.362765862658e-01, 1.363556935544e-06, 1.1015e+01, 2.7359e-01, 
 2DIAGNOSTIC,    25, -5.362788402646e-01, 1.402476491441e-06, 1.1354e+01, 3.3894e-01, 
 2DIAGNOSTIC,    26, -5.362793156457e-01, 1.425013199954e-06, 1.1655e+01, 3.0150e-01, 
 2DIAGNOSTIC,    27, -5.362787913325e-01, 1.406487015944e-06, 1.1956e+01, 3.0081e-01, 
 2DIAGNOSTIC,    28, -5.362768813519e-01, 1.327203412074e-06, 1.2261e+01, 3.0475e-01, 
 2DIAGNOSTIC,    29, -5.362765788417e-01, 1.233921675885e-06, 1.2558e+01, 2.9716e-01, 
 2DIAGNOSTIC,    30, -5.362754104031e-01, 1.126347985728e-06, 1.2864e+01, 3.0565e-01, 
 2DIAGNOSTIC,    31, -5.362750188522e-01, 1.005728064510e-06, 1.3126e+01, 2.6254e-01, 
DIAGNOSTIC,Iteration,metricValue,convergenceValue,ITERATION_TIME_INDEX,SINCE_LAST
 2DIAGNOSTIC,     1, -4.920367027618e-01, 1.797693134862e+308, 1.6147e+01, 3.0204e+00, 
 2DIAGNOSTIC,     2, -4.922141147511e-01, 1.797693134862e+308, 1.7820e+01, 1.6731e+00, 
 2DIAGNOSTIC,     3, -4.923010407299e-01, 1.797693134862e+308, 1.9992e+01, 2.1723e+00, 
 2DIAGNOSTIC,     4, -4.923049205108e-01, 1.797693134862e+308, 2.2714e+01, 2.7217e+00, 
 2DIAGNOSTIC,     5, -4.923068276979e-01, 1.797693134862e+308, 2.5308e+01, 2.5945e+00, 
 2DIAGNOSTIC,     6, -4.923065930366e-01, 1.797693134862e+308, 2.7551e+01, 2.2422e+00, 
 2DIAGNOSTIC,     7, -4.923068063568e-01, 1.797693134862e+308, 2.9585e+01, 2.0345e+00, 
 2DIAGNOSTIC,     8, -4.923065018487e-01, 1.797693134862e+308, 3.1708e+01, 2.1230e+00, 
 2DIAGNOSTIC,     9, -4.923063039077e-01, 1.797693134862e+308, 3.3871e+01, 2.1631e+00, 
 2DIAGNOSTIC,    10, -4.923059242103e-01, 2.364390621323e-05, 3.6014e+01, 2.1426e+00, 
 2DIAGNOSTIC,    11, -4.923058641699e-01, 7.976301447041e-06, 3.8023e+01, 2.0093e+00, 
 2DIAGNOSTIC,    12, -4.923062642503e-01, 2.902519576145e-06, 4.0025e+01, 2.0016e+00, 
 2DIAGNOSTIC,    13, -4.923059378295e-01, 2.427910528180e-06, 4.2453e+01, 2.4280e+00, 
 2DIAGNOSTIC,    14, -4.923057994398e-01, 2.175692225437e-06, 4.4855e+01, 2.4019e+00, 
 2DIAGNOSTIC,    15, -4.923057433766e-01, 2.037870924385e-06, 4.6902e+01, 2.0477e+00, 
 2DIAGNOSTIC,    16, -4.923056082954e-01, 1.910908029937e-06, 4.9094e+01, 2.1917e+00, 
 2DIAGNOSTIC,    17, -4.923056405272e-01, 1.814195425644e-06, 5.1318e+01, 2.2240e+00, 
 2DIAGNOSTIC,    18, -4.923055467859e-01, 1.720764649112e-06, 5.3448e+01, 2.1296e+00, 
 2DIAGNOSTIC,    19, -4.923057247673e-01, 1.641521798823e-06, 5.5395e+01, 1.9477e+00, 
 2DIAGNOSTIC,    20, -4.923057606722e-01, 1.563250572677e-06, 5.7509e+01, 2.1138e+00, 
 2DIAGNOSTIC,    21, -4.923057965349e-01, 1.493880883267e-06, 6.0153e+01, 2.6443e+00, 
 2DIAGNOSTIC,    22, -4.923057590503e-01, 1.442534050336e-06, 6.2035e+01, 1.8820e+00, 
 2DIAGNOSTIC,    23, -4.923055525027e-01, 1.382694061719e-06, 6.4060e+01, 2.0247e+00, 
 2DIAGNOSTIC,    24, -4.923055871577e-01, 1.325472514808e-06, 6.6272e+01, 2.2119e+00, 
 2DIAGNOSTIC,    25, -4.923053864861e-01, 1.266834668459e-06, 6.8493e+01, 2.2212e+00, 
 2DIAGNOSTIC,    26, -4.923053590886e-01, 1.209693887699e-06, 7.0475e+01, 1.9813e+00, 
 2DIAGNOSTIC,    27, -4.923053879061e-01, 1.159511258210e-06, 7.2715e+01, 2.2401e+00, 
 2DIAGNOSTIC,    28, -4.923052249600e-01, 1.109277911880e-06, 7.4920e+01, 2.2055e+00, 
 2DIAGNOSTIC,    29, -4.923052798965e-01, 1.069764314993e-06, 7.7141e+01, 2.2210e+00, 
 2DIAGNOSTIC,    30, -4.923049680727e-01, 1.030055617295e-06, 7.9442e+01, 2.3011e+00, 
  Elapsed time (stage 0): 8.0618e+01


Total elapsed time: 8.0621e+01
Info [verificarlo]: loaded backend libinterflop_ieee.so
Info [interflop-ieee]: load backend with:
Info [interflop-ieee]: debug = false
Info [interflop-ieee]: debug-binary = false
Info [interflop-ieee]: no-backend-name = false
Info [interflop-ieee]: print-new-line = false
Info [interflop-ieee]: print-subnormal-normalized = false
Info [interflop-ieee]: count-op = false
All_Command_lines_OK
Using double precision for computations.
=============================================================================
The composite transform comprises the following transforms (in order): 
  1. /home/mdugre/scratch/mri-registration-rp/datasets/ds004513/derivatives/mri-registration-rp/0100/antsRegistration-r8-p11/sub-s035/affine_Composite.h5[0] (type = Euler3DTransform)
  2. /home/mdugre/scratch/mri-registration-rp/datasets/ds004513/derivatives/mri-registration-rp/0100/antsRegistration-r8-p11/sub-s035/affine_Composite.h5[1] (type = Euler3DTransform)
  3. /home/mdugre/scratch/mri-registration-rp/datasets/ds004513/derivatives/mri-registration-rp/0100/antsRegistration-r8-p11/sub-s035/affine_Composite.h5[2] (type = Euler3DTransform)
  4. /home/mdugre/scratch/mri-registration-rp/datasets/ds004513/derivatives/mri-registration-rp/0100/antsRegistration-r8-p11/sub-s035/affine_Composite.h5[3] (type = AffineTransform)
=============================================================================
  number of levels = 4
  fixed image: /templateflow/tpl-MNI152NLin2009cAsym/tpl-MNI152NLin2009cAsym_res-01_desc-brain_T1w.nii.gz
  moving image: /home/mdugre/scratch/mri-registration-rp/datasets/ds004513/derivatives/mri-registration-rp/antsBrainExtraction/sub-s035/BrainExtractionBrain.nii.gz
Dimension = 3
Number of stages = 1
Use histogram matching = false
Winsorize image intensities = true
  Lower quantile = 0.005
  Upper quantile = 0.995


Stage 1 State
   Image metric = CC
     Fixed image = Image (0x4b63a40)
  RTTI typeinfo:   itk::Image<double, 3u>
  Reference Count: 2
  Modified Time: 1606
  Debug: Off
  Object Name: 
  Observers: 
    none
  Source: (none)
  Source output name: (none)
  Release Data: Off
  Data Released: False
  Global Release Data: Off
  PipelineMTime: 0
  UpdateMTime: 1217
  RealTimeStamp: 0 seconds 
  LargestPossibleRegion: 
    Dimension: 3
    Index: [0, 0, 0]
    Size: [193, 229, 193]
  BufferedRegion: 
    Dimension: 3
    Index: [0, 0, 0]
    Size: [193, 229, 193]
  RequestedRegion: 
    Dimension: 3
    Index: [0, 0, 0]
    Size: [193, 229, 193]
  Spacing: [1, 1, 1]
  Origin: [96, 132, -78]
  Direction: 
-1 0 0
0 -1 0
0 0 1

  IndexToPointMatrix: 
-1 0 0
0 -1 0
0 0 1

  PointToIndexMatrix: 
-1 0 0
0 -1 0
0 0 1

  Inverse Direction: 
-1 0 0
0 -1 0
0 0 1

  PixelContainer: 
    ImportImageContainer (0x4c32780)
      RTTI typeinfo:   itk::ImportImageContainer<unsigned long, double>
      Reference Count: 1
      Modified Time: 1214
      Debug: Off
      Object Name: 
      Observers: 
        none
      Pointer: 0x14d80c967010
      Container manages memory: true
      Size: 8530021
      Capacity: 8530021

     Moving image = Image (0x4c34390)
  RTTI typeinfo:   itk::Image<double, 3u>
  Reference Count: 2
  Modified Time: 1607
  Debug: Off
  Object Name: 
  Observers: 
    none
  Source: (none)
  Source output name: (none)
  Release Data: Off
  Data Released: False
  Global Release Data: Off
  PipelineMTime: 0
  UpdateMTime: 1604
  RealTimeStamp: 0 seconds 
  LargestPossibleRegion: 
    Dimension: 3
    Index: [0, 0, 0]
    Size: [160, 240, 256]
  BufferedRegion: 
    Dimension: 3
    Index: [0, 0, 0]
    Size: [160, 240, 256]
  RequestedRegion: 
    Dimension: 3
    Index: [0, 0, 0]
    Size: [160, 240, 256]
  Spacing: [1, 1, 1]
  Origin: [98.6438, 87.6358, -117.989]
  Direction: 
-0.993515 -0.100993 -0.0522355
0.100854 -0.994887 0.00530255
-0.0525039 1.93537e-08 0.998621

  IndexToPointMatrix: 
-0.993515 -0.100993 -0.0522355
0.100854 -0.994887 0.00530255
-0.0525039 1.93537e-08 0.998621

  PointToIndexMatrix: 
-0.993515 0.100854 -0.0525039
-0.100993 -0.994887 1.93006e-08
-0.0522355 0.00530255 0.998621

  Inverse Direction: 
-0.993515 0.100854 -0.0525039
-0.100993 -0.994887 1.93006e-08
-0.0522355 0.00530255 0.998621

  PixelContainer: 
    ImportImageContainer (0x4be96f0)
      RTTI typeinfo:   itk::ImportImageContainer<unsigned long, double>
      Reference Count: 1
      Modified Time: 1601
      Debug: Off
      Object Name: 
      Observers: 
        none
      Pointer: 0x14d807e66010
      Container manages memory: true
      Size: 9830400
      Capacity: 9830400

     Weighting = 1
     Sampling strategy = none
     Number of bins = 32
     Radius = 4
     Sampling percentage  = 1
   Transform = SyN
     Gradient step = 0.1
     Update field sigma (voxel space) = 3
     Total field sigma (voxel space) = 0
     Update field time sigma = 0
     Total field time sigma  = 0
     Number of time indices = 0
