
##########################
# Experiment information #
##########################

EXPERIMENT_NAME: antsRegistration-r8-p21
VFC_BACKENDS: libinterflop_vprec.so --range-binary32=8 --precision-binary32=21 --range-binary64=8 --precision-binary64=21

SIF_IMG: /home/mdugre/projects/rrg-glatard/mdugre/containers/ants-vprec-no_metrics.simg

SUBJECT_ID: s003
INPUT_IMG: /home/mdugre/scratch/mri-registration-rp/datasets/ds004513/derivatives/mri-registration-rp/antsBrainExtraction/sub-s003/BrainExtractionBrain.nii.gz
OUTPUT_DIR: /home/mdugre/scratch/mri-registration-rp/datasets/ds004513/derivatives/mri-registration-rp/0100/antsRegistration-r8-p21/sub-s003

FIXED_IMG: /templateflow/tpl-MNI152NLin2009cAsym/tpl-MNI152NLin2009cAsym_res-01_desc-brain_T1w.nii.gz
DATA_DIR: /home/mdugre/scratch/mri-registration-rp/datasets/ds004513
TEMPLATEFLOW_DIR: /home/mdugre/projects/rrg-glatard/mdugre/templateflow
ITK_GLOBAL_DEFAULT_NUMBER_OF_THREADS: 16
##########################

Info [verificarlo]: loaded backend libinterflop_ieee.so
Info [interflop-ieee]: load backend with:
Info [interflop-ieee]: debug = false
Info [interflop-ieee]: debug-binary = false
Info [interflop-ieee]: no-backend-name = false
Info [interflop-ieee]: print-new-line = false
Info [interflop-ieee]: print-subnormal-normalized = false
Info [interflop-ieee]: count-op = false
All_Command_lines_OK
Using double precision for computations.
=============================================================================
The composite transform comprises the following transforms (in order): 
  1. Center of mass alignment using fixed image: /templateflow/tpl-MNI152NLin2009cAsym/tpl-MNI152NLin2009cAsym_res-01_desc-brain_T1w.nii.gz and moving image: /home/mdugre/scratch/mri-registration-rp/datasets/ds004513/derivatives/mri-registration-rp/antsBrainExtraction/sub-s003/BrainExtractionBrain.nii.gz (type = Euler3DTransform)
=============================================================================
  number of levels = 1
  fixed image: /templateflow/tpl-MNI152NLin2009cAsym/tpl-MNI152NLin2009cAsym_res-01_desc-brain_T1w.nii.gz
  moving image: /home/mdugre/scratch/mri-registration-rp/datasets/ds004513/derivatives/mri-registration-rp/antsBrainExtraction/sub-s003/BrainExtractionBrain.nii.gz
Dimension = 3
Number of stages = 1
Use histogram matching = false
Winsorize image intensities = true
  Lower quantile = 0.005
  Upper quantile = 0.995


Stage 1 State
   Image metric = MattesMI
     Fixed image = Image (0x394ae70)
  RTTI typeinfo:   itk::Image<double, 3u>
  Reference Count: 2
  Modified Time: 2334
  Debug: Off
  Object Name: 
  Observers: 
    none
  Source: (none)
  Source output name: (none)
  Release Data: Off
  Data Released: False
  Global Release Data: Off
  PipelineMTime: 0
  UpdateMTime: 1943
  RealTimeStamp: 0 seconds 
  LargestPossibleRegion: 
    Dimension: 3
    Index: [0, 0, 0]
    Size: [193, 229, 193]
  BufferedRegion: 
    Dimension: 3
    Index: [0, 0, 0]
    Size: [193, 229, 193]
  RequestedRegion: 
    Dimension: 3
    Index: [0, 0, 0]
    Size: [193, 229, 193]
  Spacing: [1, 1, 1]
  Origin: [96, 132, -78]
  Direction: 
-1 0 0
0 -1 0
0 0 1

  IndexToPointMatrix: 
-1 0 0
0 -1 0
0 0 1

  PointToIndexMatrix: 
-1 0 0
0 -1 0
0 0 1

  Inverse Direction: 
-1 0 0
0 -1 0
0 0 1

  PixelContainer: 
    ImportImageContainer (0x3957140)
      RTTI typeinfo:   itk::ImportImageContainer<unsigned long, double>
      Reference Count: 1
      Modified Time: 1940
      Debug: Off
      Object Name: 
      Observers: 
        none
      Pointer: 0x145ae3c39010
      Container manages memory: true
      Size: 8530021
      Capacity: 8530021

     Moving image = Image (0x3954310)
  RTTI typeinfo:   itk::Image<double, 3u>
  Reference Count: 2
  Modified Time: 2335
  Debug: Off
  Object Name: 
  Observers: 
    none
  Source: (none)
  Source output name: (none)
  Release Data: Off
  Data Released: False
  Global Release Data: Off
  PipelineMTime: 0
  UpdateMTime: 2332
  RealTimeStamp: 0 seconds 
  LargestPossibleRegion: 
    Dimension: 3
    Index: [0, 0, 0]
    Size: [176, 240, 256]
  BufferedRegion: 
    Dimension: 3
    Index: [0, 0, 0]
    Size: [176, 240, 256]
  RequestedRegion: 
    Dimension: 3
    Index: [0, 0, 0]
    Size: [176, 240, 256]
  Spacing: [0.999999, 1, 1]
  Origin: [93.3499, 86.9368, -128.957]
  Direction: 
-0.999513 -0.0279216 -0.0139567
0.0279189 -0.99961 0.000389866
-0.0139622 2.01492e-08 0.999903

  IndexToPointMatrix: 
-0.999512 -0.0279216 -0.0139567
0.0279189 -0.99961 0.000389866
-0.0139621 2.01492e-08 0.999903

  PointToIndexMatrix: 
-0.999514 0.0279189 -0.0139622
-0.0279216 -0.99961 2.01716e-08
-0.0139567 0.000389866 0.999903

  Inverse Direction: 
-0.999513 0.0279189 -0.0139622
-0.0279216 -0.99961 2.01716e-08
-0.0139567 0.000389866 0.999903

  PixelContainer: 
    ImportImageContainer (0x3a7f610)
      RTTI typeinfo:   itk::ImportImageContainer<unsigned long, double>
      Reference Count: 1
      Modified Time: 2329
      Debug: Off
      Object Name: 
      Observers: 
        none
      Pointer: 0x145ade9b8010
      Container manages memory: true
      Size: 10813440
      Capacity: 10813440

     Weighting = 1
     Sampling strategy = regular
     Number of bins = 32
     Radius = 4
     Sampling percentage  = 0.25
   Transform = Rigid
     Gradient step = 0.1
     Update field sigma (voxel space) = 0
     Total field sigma (voxel space) = 0
     Update field time sigma = 0
     Total field time sigma  = 0
     Number of time indices = 0
     Number of time point samples = 0
Registration using 1 total stages.

Stage 0
  iterations = 0
  convergence threshold = 1e-06
  convergence window size = 10
  number of levels = 1
  using the Mattes MI metric (number of bins = 32, weight = 1, use gradient filter = 0)
  preprocessing:  winsorizing the image intensities
  Shrink factors (level 1 out of 1): [1, 1, 1]
  smoothing sigmas per level: [0]
  regular sampling (percentage = 0.25)

*** Running Euler3DTransform registration ***

  Elapsed time (stage 0): 1.11155


Total elapsed time: 1.11444
Info [verificarlo]: loaded backend libinterflop_vprec.so
Info [interflop-vprec]: load backend with: 
Info [interflop-vprec]: precision-binary32 = 21
Info [interflop-vprec]: range-binary32 = 8
Info [interflop-vprec]: precision-binary64 = 21
Info [interflop-vprec]: range-binary64 = 8
Info [interflop-vprec]: mode = ob
Info [interflop-vprec]: error-mode = rel
Info [interflop-vprec]: max-abs-error-exponent = -1022
Info [interflop-vprec]: daz = false
Info [interflop-vprec]: ftz = false
Info [interflop-vprec]: 	instrument = none
Info [interflop-vprec]: 	prec-input-file = (null)
Info [interflop-vprec]: 	prec-output-file = (null)
Info [interflop-vprec]: 	prec-log-file = (null)
All_Command_lines_OK
Using double precision for computations.
=============================================================================
The composite transform comprises the following transforms (in order): 
  1. /home/mdugre/scratch/mri-registration-rp/datasets/ds004513/derivatives/mri-registration-rp/0100/antsRegistration-r8-p21/sub-s003/align_Composite.h5[0] (type = Euler3DTransform)
  2. /home/mdugre/scratch/mri-registration-rp/datasets/ds004513/derivatives/mri-registration-rp/0100/antsRegistration-r8-p21/sub-s003/align_Composite.h5[1] (type = Euler3DTransform)
=============================================================================
  number of levels = 4
  fixed image: /templateflow/tpl-MNI152NLin2009cAsym/tpl-MNI152NLin2009cAsym_res-01_desc-brain_T1w.nii.gz
  moving image: /home/mdugre/scratch/mri-registration-rp/datasets/ds004513/derivatives/mri-registration-rp/antsBrainExtraction/sub-s003/BrainExtractionBrain.nii.gz
Dimension = 3
Number of stages = 1
Use histogram matching = false
Winsorize image intensities = true
  Lower quantile = 0.005
  Upper quantile = 0.995


Stage 1 State
   Image metric = MattesMI
     Fixed image = Image (0x3dd41e0)
  RTTI typeinfo:   itk::Image<double, 3u>
  Reference Count: 2
  Modified Time: 1580
  Debug: Off
  Object Name: 
  Observers: 
    none
  Source: (none)
  Source output name: (none)
  Release Data: Off
  Data Released: False
  Global Release Data: Off
  PipelineMTime: 0
  UpdateMTime: 1189
  RealTimeStamp: 0 seconds 
  LargestPossibleRegion: 
    Dimension: 3
    Index: [0, 0, 0]
    Size: [193, 229, 193]
  BufferedRegion: 
    Dimension: 3
    Index: [0, 0, 0]
    Size: [193, 229, 193]
  RequestedRegion: 
    Dimension: 3
    Index: [0, 0, 0]
    Size: [193, 229, 193]
  Spacing: [1, 1, 1]
  Origin: [96, 132, -78]
  Direction: 
-1 0 0
0 -1 0
0 0 1

  IndexToPointMatrix: 
-1 0 0
0 -1 0
0 0 1

  PointToIndexMatrix: 
-1 0 0
0 -1 0
0 0 1

  Inverse Direction: 
-1 0 0
0 -1 0
0 0 1

  PixelContainer: 
    ImportImageContainer (0x3e93680)
      RTTI typeinfo:   itk::ImportImageContainer<unsigned long, double>
      Reference Count: 1
      Modified Time: 1186
      Debug: Off
      Object Name: 
      Observers: 
        none
      Pointer: 0x14809d13c010
      Container manages memory: true
      Size: 8530021
      Capacity: 8530021

     Moving image = Image (0x3e8fb20)
  RTTI typeinfo:   itk::Image<double, 3u>
  Reference Count: 2
  Modified Time: 1581
  Debug: Off
  Object Name: 
  Observers: 
    none
  Source: (none)
  Source output name: (none)
  Release Data: Off
  Data Released: False
  Global Release Data: Off
  PipelineMTime: 0
  UpdateMTime: 1578
  RealTimeStamp: 0 seconds 
  LargestPossibleRegion: 
    Dimension: 3
    Index: [0, 0, 0]
    Size: [176, 240, 256]
  BufferedRegion: 
    Dimension: 3
    Index: [0, 0, 0]
    Size: [176, 240, 256]
  RequestedRegion: 
    Dimension: 3
    Index: [0, 0, 0]
    Size: [176, 240, 256]
  Spacing: [0.999999, 1, 1]
  Origin: [93.3499, 86.9368, -128.957]
  Direction: 
-0.999513 -0.0279216 -0.0139567
0.0279189 -0.99961 0.000389866
-0.0139622 2.01492e-08 0.999902

  IndexToPointMatrix: 
-0.999512 -0.0279216 -0.0139567
0.0279189 -0.99961 0.000389866
-0.0139621 2.01492e-08 0.999902

  PointToIndexMatrix: 
-0.999514 0.0279189 -0.0139622
-0.0279216 -0.99961 5.59958e-08
-0.0139567 0.000389902 0.999902

  Inverse Direction: 
-0.999513 0.0279189 -0.0139622
-0.0279216 -0.99961 5.59958e-08
-0.0139567 0.000389902 0.999902

  PixelContainer: 
    ImportImageContainer (0x3ef8d50)
      RTTI typeinfo:   itk::ImportImageContainer<unsigned long, double>
      Reference Count: 1
      Modified Time: 1575
      Debug: Off
      Object Name: 
      Observers: 
        none
      Pointer: 0x148097ebb010
      Container manages memory: true
      Size: 10813440
      Capacity: 10813440

     Weighting = 1
     Sampling strategy = regular
     Number of bins = 32
     Radius = 4
     Sampling percentage  = 0.25
   Transform = Rigid
     Gradient step = 0.1
     Update field sigma (voxel space) = 0
     Total field sigma (voxel space) = 0
     Update field time sigma = 0
     Total field time sigma  = 0
     Number of time indices = 0
     Number of time point samples = 0
Registration using 1 total stages.

Stage 0
  iterations = 1000x500x250x100
  convergence threshold = 1e-06
  convergence window size = 10
  number of levels = 4
  using the Mattes MI metric (number of bins = 32, weight = 1, use gradient filter = 0)
  preprocessing:  winsorizing the image intensities
  Shrink factors (level 1 out of 4): [8, 8, 8]
  Shrink factors (level 2 out of 4): [4, 4, 4]
  Shrink factors (level 3 out of 4): [2, 2, 2]
  Shrink factors (level 4 out of 4): [1, 1, 1]
  smoothing sigmas per level: [3, 2, 1, 0]
  regular sampling (percentage = 0.25)

*** Running Euler3DTransform registration ***

DIAGNOSTIC,Iteration,metricValue,convergenceValue,ITERATION_TIME_INDEX,SINCE_LAST
 2DIAGNOSTIC,     1, -4.871194443132e-01, 1.797693134862e+308, 0.0000e+00, 0.0000e+00, 
 2DIAGNOSTIC,     2, -4.887953065868e-01, 1.797693134862e+308, 0.0000e+00, 0.0000e+00, 
 2DIAGNOSTIC,     3, -4.919190974116e-01, 1.797693134862e+308, 0.0000e+00, 0.0000e+00, 
 2DIAGNOSTIC,     4, -5.018784748370e-01, 1.797693134862e+308, 0.0000e+00, 0.0000e+00, 
 2DIAGNOSTIC,     5, -5.198182231445e-01, 1.797693134862e+308, 0.0000e+00, 0.0000e+00, 
 2DIAGNOSTIC,     6, -5.250982675179e-01, 1.797693134862e+308, 0.0000e+00, 0.0000e+00, 
 2DIAGNOSTIC,     7, -5.364723792480e-01, 1.797693134862e+308, 0.0000e+00, 0.0000e+00, 
 2DIAGNOSTIC,     8, -5.563396455250e-01, 1.797693134862e+308, 0.0000e+00, 0.0000e+00, 
 2DIAGNOSTIC,     9, -5.571596616491e-01, 1.797693134862e+308, 0.0000e+00, 0.0000e+00, 
 2DIAGNOSTIC,    10, -5.583712191435e-01, 1.051788188475e-02, 0.0000e+00, 0.0000e+00, 
 2DIAGNOSTIC,    11, -5.609122482829e-01, 9.236657370767e-03, 0.0000e+00, 0.0000e+00, 
 2DIAGNOSTIC,    12, -5.626182163444e-01, 7.507728041625e-03, 0.0000e+00, 0.0000e+00, 
 2DIAGNOSTIC,    13, -5.645242483930e-01, 5.576509435480e-03, 0.0000e+00, 0.0000e+00, 
 2DIAGNOSTIC,    14, -5.660465460141e-01, 3.855311771058e-03, 0.0000e+00, 0.0000e+00, 
 2DIAGNOSTIC,    15, -5.664509123458e-01, 2.684129443976e-03, 0.0000e+00, 0.0000e+00, 
 2DIAGNOSTIC,    16, -5.677028844561e-01, 1.634412197396e-03, 0.0000e+00, 0.0000e+00, 
 2DIAGNOSTIC,    17, -5.680446833328e-01, 9.091574982827e-04, 0.0000e+00, 0.0000e+00, 
 2DIAGNOSTIC,    18, -5.681228355129e-01, 7.664313580197e-04, 0.0000e+00, 0.0000e+00, 
 2DIAGNOSTIC,    19, -5.682465018830e-01, 5.950716393043e-04, 0.0000e+00, 0.0000e+00, 
 2DIAGNOSTIC,    20, -5.683967323258e-01, 4.212269842299e-04, 0.0000e+00, 0.0000e+00, 
 2DIAGNOSTIC,    21, -5.688405755073e-01, 2.990385880585e-04, 0.0000e+00, 0.0000e+00, 
 2DIAGNOSTIC,    22, -5.692093248848e-01, 2.085702415866e-04, 0.0000e+00, 0.0000e+00, 
 2DIAGNOSTIC,    23, -5.698107752457e-01, 1.629876963665e-04, 0.0000e+00, 0.0000e+00, 
 2DIAGNOSTIC,    24, -5.736315075158e-01, 2.215554194085e-04, 0.0000e+00, 0.0000e+00, 
 2DIAGNOSTIC,    25, -5.760963391426e-01, 3.111762958643e-04, 0.0000e+00, 0.0000e+00, 
 2DIAGNOSTIC,    26, -5.780538693264e-01, 4.275317296036e-04, 0.0000e+00, 0.0000e+00, 
 2DIAGNOSTIC,    27, -5.794120554003e-01, 5.276887892999e-04, 0.0000e+00, 0.0000e+00, 
 2DIAGNOSTIC,    28, -5.803660318906e-01, 5.897766534230e-04, 0.0000e+00, 0.0000e+00, 
 2DIAGNOSTIC,    29, -5.839564701649e-01, 6.566155206471e-04, 0.0000e+00, 0.0000e+00, 
 2DIAGNOSTIC,    30, -5.898281021896e-01, 7.572025805707e-04, 0.0000e+00, 0.0000e+00, 
 2DIAGNOSTIC,    31, -5.927161254900e-01, 8.326503654015e-04, 0.0000e+00, 0.0000e+00, 
 2DIAGNOSTIC,    32, -6.143385062539e-01, 1.174680770712e-03, 0.0000e+00, 0.0000e+00, 
 2DIAGNOSTIC,    33, -6.200138678226e-01, 1.470313928037e-03, 0.0000e+00, 0.0000e+00, 
 2DIAGNOSTIC,    34, -6.229826216622e-01, 1.708967690895e-03, 0.0000e+00, 0.0000e+00, 
 2DIAGNOSTIC,    35, -6.272194293437e-01, 1.869624536887e-03, 0.0000e+00, 0.0000e+00, 
 2DIAGNOSTIC,    36, -6.331776456403e-01, 1.951576813599e-03, 0.0000e+00, 0.0000e+00, 
 2DIAGNOSTIC,    37, -6.360140119553e-01, 1.895240606508e-03, 0.0000e+00, 0.0000e+00, 
 2DIAGNOSTIC,    38, -6.367043433371e-01, 1.682427584687e-03, 0.0000e+00, 0.0000e+00, 
 2DIAGNOSTIC,    39, -6.386867497259e-01, 1.396097319828e-03, 0.0000e+00, 0.0000e+00, 
 2DIAGNOSTIC,    40, -6.408890173601e-01, 1.095125369716e-03, 0.0000e+00, 0.0000e+00, 
 2DIAGNOSTIC,    41, -6.407011380424e-01, 7.310500510692e-04, 0.0000e+00, 0.0000e+00, 
 2DIAGNOSTIC,    42, -6.408699239296e-01, 5.718857964824e-04, 0.0000e+00, 0.0000e+00, 
 2DIAGNOSTIC,    43, -6.412217380887e-01, 4.361894421123e-04, 0.0000e+00, 0.0000e+00, 
 2DIAGNOSTIC,    44, -6.416857298468e-01, 3.034368648275e-04, 0.0000e+00, 0.0000e+00, 
 2DIAGNOSTIC,    45, -6.420468652420e-01, 1.964437857492e-04, 0.0000e+00, 0.0000e+00, 
 2DIAGNOSTIC,    46, -6.425645474264e-01, 1.441858087378e-04, 0.0000e+00, 0.0000e+00, 
 2DIAGNOSTIC,    47, -6.427513779380e-01, 1.123763533748e-04, 0.0000e+00, 0.0000e+00, 
 2DIAGNOSTIC,    48, -6.429129699545e-01, 7.963333718266e-05, 0.0000e+00, 0.0000e+00, 
 2DIAGNOSTIC,    49, -6.429318134841e-01, 5.997009846310e-05, 0.0000e+00, 0.0000e+00, 
 2DIAGNOSTIC,    50, -6.429038610025e-01, 5.664004968597e-05, 0.0000e+00, 0.0000e+00, 
 2DIAGNOSTIC,    51, -6.430526960064e-01, 4.772619613649e-05, 0.0000e+00, 0.0000e+00, 
 2DIAGNOSTIC,    52, -6.436127029720e-01, 4.136499601087e-05, 0.0000e+00, 0.0000e+00, 
 2DIAGNOSTIC,    53, -6.446761638359e-01, 4.405979091670e-05, 0.0000e+00, 0.0000e+00, 
 2DIAGNOSTIC,    54, -6.461085096957e-01, 5.916532123148e-05, 0.0000e+00, 0.0000e+00, 
 2DIAGNOSTIC,    55, -6.467564127801e-01, 7.661215235249e-05, 0.0000e+00, 0.0000e+00, 
 2DIAGNOSTIC,    56, -6.485230787545e-01, 1.057088838091e-04, 0.0000e+00, 0.0000e+00, 
 2DIAGNOSTIC,    57, -6.487807773032e-01, 1.270179887510e-04, 0.0000e+00, 0.0000e+00, 
 2DIAGNOSTIC,    58, -6.488465362456e-01, 1.372706369635e-04, 0.0000e+00, 0.0000e+00, 
 2DIAGNOSTIC,    59, -6.488588337539e-01, 1.343648190141e-04, 0.0000e+00, 0.0000e+00, 
 2DIAGNOSTIC,    60, -6.487752014429e-01, 1.178424922578e-04, 0.0000e+00, 0.0000e+00, 
 2DIAGNOSTIC,    61, -6.488008810225e-01, 9.192883553208e-05, 0.0000e+00, 0.0000e+00, 
 2DIAGNOSTIC,    62, -6.488656696375e-01, 6.280881976568e-05, 0.0000e+00, 0.0000e+00, 
 2DIAGNOSTIC,    63, -6.487360768010e-01, 3.566475027006e-05, 0.0000e+00, 0.0000e+00, 
 2DIAGNOSTIC,    64, -6.487667826236e-01, 1.697594108268e-05, 0.0000e+00, 0.0000e+00, 
 2DIAGNOSTIC,    65, -6.488113703466e-01, 2.027983231914e-06, 0.0000e+00, 0.0000e+00, 
DIAGNOSTIC,Iteration,metricValue,convergenceValue,ITERATION_TIME_INDEX,SINCE_LAST
 2DIAGNOSTIC,     1, -5.226886534828e-01, 1.797693134862e+308, 0.0000e+00, 0.0000e+00, 
 2DIAGNOSTIC,     2, -5.229298165000e-01, 1.797693134862e+308, 0.0000e+00, 0.0000e+00, 
 2DIAGNOSTIC,     3, -5.232094456865e-01, 1.797693134862e+308, 0.0000e+00, 0.0000e+00, 
 2DIAGNOSTIC,     4, -5.236203844748e-01, 1.797693134862e+308, 0.0000e+00, 0.0000e+00, 
 2DIAGNOSTIC,     5, -5.242299768938e-01, 1.797693134862e+308, 0.0000e+00, 0.0000e+00, 
 2DIAGNOSTIC,     6, -5.253008245058e-01, 1.797693134862e+308, 0.0000e+00, 0.0000e+00, 
 2DIAGNOSTIC,     7, -5.264396342462e-01, 1.797693134862e+308, 0.0000e+00, 0.0000e+00, 
 2DIAGNOSTIC,     8, -5.271409135957e-01, 1.797693134862e+308, 0.0000e+00, 0.0000e+00, 
 2DIAGNOSTIC,     9, -5.277117738810e-01, 1.797693134862e+308, 0.0000e+00, 0.0000e+00, 
 2DIAGNOSTIC,    10, -5.285058551217e-01, 7.742505280321e-04, 0.0000e+00, 0.0000e+00, 
 2DIAGNOSTIC,    11, -5.303998723390e-01, 8.147367961877e-04, 0.0000e+00, 0.0000e+00, 
 2DIAGNOSTIC,    12, -5.309070118739e-01, 8.068636206572e-04, 0.0000e+00, 0.0000e+00, 
 2DIAGNOSTIC,    13, -5.308986828687e-01, 7.395844257729e-04, 0.0000e+00, 0.0000e+00, 
 2DIAGNOSTIC,    14, -5.311236494442e-01, 6.409532847848e-04, 0.0000e+00, 0.0000e+00, 
 2DIAGNOSTIC,    15, -5.312697987916e-01, 5.235048669324e-04, 0.0000e+00, 0.0000e+00, 
 2DIAGNOSTIC,    16, -5.316939111407e-01, 4.215973413211e-04, 0.0000e+00, 0.0000e+00, 
 2DIAGNOSTIC,    17, -5.321698340220e-01, 3.435893519994e-04, 0.0000e+00, 0.0000e+00, 
 2DIAGNOSTIC,    18, -5.328230564708e-01, 2.837184012242e-04, 0.0000e+00, 0.0000e+00, 
 2DIAGNOSTIC,    19, -5.329383257712e-01, 2.234624805747e-04, 0.0000e+00, 0.0000e+00, 
 2DIAGNOSTIC,    20, -5.329902886550e-01, 1.703342001655e-04, 0.0000e+00, 0.0000e+00, 
 2DIAGNOSTIC,    21, -5.330985081902e-01, 1.575968268271e-04, 0.0000e+00, 0.0000e+00, 
 2DIAGNOSTIC,    22, -5.333161890237e-01, 1.489830927480e-04, 0.0000e+00, 0.0000e+00, 
 2DIAGNOSTIC,    23, -5.336422300068e-01, 1.343908729731e-04, 0.0000e+00, 0.0000e+00, 
 2DIAGNOSTIC,    24, -5.349426926671e-01, 1.426574296894e-04, 0.0000e+00, 0.0000e+00, 
 2DIAGNOSTIC,    25, -5.352642384291e-01, 1.464439411680e-04, 0.0000e+00, 0.0000e+00, 
 2DIAGNOSTIC,    26, -5.352882178236e-01, 1.456386435040e-04, 0.0000e+00, 0.0000e+00, 
 2DIAGNOSTIC,    27, -5.352598422488e-01, 1.402376294229e-04, 0.0000e+00, 0.0000e+00, 
 2DIAGNOSTIC,    28, -5.352628678335e-01, 1.345686837071e-04, 0.0000e+00, 0.0000e+00, 
 2DIAGNOSTIC,    29, -5.352511837222e-01, 1.182233848051e-04, 0.0000e+00, 0.0000e+00, 
 2DIAGNOSTIC,    30, -5.352485103455e-01, 9.268631465743e-05, 0.0000e+00, 0.0000e+00, 
 2DIAGNOSTIC,    31, -5.352519995035e-01, 6.237136332381e-05, 0.0000e+00, 0.0000e+00, 
 2DIAGNOSTIC,    32, -5.352417775631e-01, 3.182228913627e-05, 0.0000e+00, 0.0000e+00, 
 2DIAGNOSTIC,    33, -5.352468765579e-01, 5.059131906668e-06, 0.0000e+00, 0.0000e+00, 
DIAGNOSTIC,Iteration,metricValue,convergenceValue,ITERATION_TIME_INDEX,SINCE_LAST
 2DIAGNOSTIC,     1, -4.738448770549e-01, 1.797693134862e+308, 0.0000e+00, 0.0000e+00, 
 2DIAGNOSTIC,     2, -4.740254638010e-01, 1.797693134862e+308, 0.0000e+00, 0.0000e+00, 
 2DIAGNOSTIC,     3, -4.742467318294e-01, 1.797693134862e+308, 0.0000e+00, 0.0000e+00, 
 2DIAGNOSTIC,     4, -4.744966765315e-01, 1.797693134862e+308, 0.0000e+00, 0.0000e+00, 
 2DIAGNOSTIC,     5, -4.748476538977e-01, 1.797693134862e+308, 0.0000e+00, 0.0000e+00, 
 2DIAGNOSTIC,     6, -4.750007055217e-01, 1.797693134862e+308, 0.0000e+00, 0.0000e+00, 
 2DIAGNOSTIC,     7, -4.753826843056e-01, 1.797693134862e+308, 0.0000e+00, 0.0000e+00, 
 2DIAGNOSTIC,     8, -4.766347896150e-01, 1.797693134862e+308, 0.0000e+00, 0.0000e+00, 
 2DIAGNOSTIC,     9, -4.778730270633e-01, 1.797693134862e+308, 0.0000e+00, 0.0000e+00, 
 2DIAGNOSTIC,    10, -4.782005071768e-01, 5.909338269030e-04, 0.0000e+00, 0.0000e+00, 
 2DIAGNOSTIC,    11, -4.783337222484e-01, 6.019816524545e-04, 0.0000e+00, 0.0000e+00, 
 2DIAGNOSTIC,    12, -4.784222797370e-01, 5.714188588049e-04, 0.0000e+00, 0.0000e+00, 
 2DIAGNOSTIC,    13, -4.785849152908e-01, 5.107943028819e-04, 0.0000e+00, 0.0000e+00, 
 2DIAGNOSTIC,    14, -4.787039288237e-01, 4.271462761886e-04, 0.0000e+00, 0.0000e+00, 
 2DIAGNOSTIC,    15, -4.788128476300e-01, 3.346070876160e-04, 0.0000e+00, 0.0000e+00, 
 2DIAGNOSTIC,    16, -4.788097486428e-01, 2.295984855439e-04, 0.0000e+00, 0.0000e+00, 
 2DIAGNOSTIC,    17, -4.788068720827e-01, 1.288202495267e-04, 0.0000e+00, 0.0000e+00, 
 2DIAGNOSTIC,    18, -4.788069346063e-01, 6.799056459529e-05, 0.0000e+00, 0.0000e+00, 
 2DIAGNOSTIC,    19, -4.788065192606e-01, 4.597630470627e-05, 0.0000e+00, 0.0000e+00, 
 2DIAGNOSTIC,    20, -4.788050302307e-01, 3.169488966383e-05, 0.0000e+00, 0.0000e+00, 
 2DIAGNOSTIC,    21, -4.788019691359e-01, 1.969663453371e-05, 0.0000e+00, 0.0000e+00, 
 2DIAGNOSTIC,    22, -4.788014107324e-01, 9.442174703604e-06, 0.0000e+00, 0.0000e+00, 
 2DIAGNOSTIC,    23, -4.787993896283e-01, 3.436459367061e-06, 0.0000e+00, 0.0000e+00, 
DIAGNOSTIC,Iteration,metricValue,convergenceValue,ITERATION_TIME_INDEX,SINCE_LAST
 2DIAGNOSTIC,     1, -4.452756783803e-01, 1.797693134862e+308, 0.0000e+00, 0.0000e+00, 
 2DIAGNOSTIC,     2, -4.453005261375e-01, 1.797693134862e+308, 0.0000e+00, 0.0000e+00, 
 2DIAGNOSTIC,     3, -4.453110022757e-01, 1.797693134862e+308, 0.0000e+00, 0.0000e+00, 
 2DIAGNOSTIC,     4, -4.453083183527e-01, 1.797693134862e+308, 0.0000e+00, 0.0000e+00, 
 2DIAGNOSTIC,     5, -4.453076173125e-01, 1.797693134862e+308, 0.0000e+00, 0.0000e+00, 
 2DIAGNOSTIC,     6, -4.453078360123e-01, 1.797693134862e+308, 0.0000e+00, 0.0000e+00, 
 2DIAGNOSTIC,     7, -4.453079743977e-01, 1.797693134862e+308, 0.0000e+00, 0.0000e+00, 
 2DIAGNOSTIC,     8, -4.453079182853e-01, 1.797693134862e+308, 0.0000e+00, 0.0000e+00, 
 2DIAGNOSTIC,     9, -4.453079040848e-01, 1.797693134862e+308, 0.0000e+00, 0.0000e+00, 
 2DIAGNOSTIC,    10, -4.453078176559e-01, 5.501420674917e-06, 0.0000e+00, 0.0000e+00, 
 2DIAGNOSTIC,    11, -4.453079328641e-01, 3.156409749128e-06, 0.0000e+00, 0.0000e+00, 
 2DIAGNOSTIC,    12, -4.453077593703e-01, 2.472468413284e-06, 0.0000e+00, 0.0000e+00, 
 2DIAGNOSTIC,    13, -4.453075765745e-01, 2.419315707228e-06, 0.0000e+00, 0.0000e+00, 
 2DIAGNOSTIC,    14, -4.453075381850e-01, 2.253841925232e-06, 0.0000e+00, 0.0000e+00, 
 2DIAGNOSTIC,    15, -4.453075595785e-01, 2.083088769048e-06, 0.0000e+00, 0.0000e+00, 
 2DIAGNOSTIC,    16, -4.453074604687e-01, 1.941746631304e-06, 0.0000e+00, 0.0000e+00, 
 2DIAGNOSTIC,    17, -4.453074617928e-01, 1.826991357139e-06, 0.0000e+00, 0.0000e+00, 
 2DIAGNOSTIC,    18, -4.453074393880e-01, 1.726652525576e-06, 0.0000e+00, 0.0000e+00, 
 2DIAGNOSTIC,    19, -4.453074461347e-01, 1.640635645971e-06, 0.0000e+00, 0.0000e+00, 
 2DIAGNOSTIC,    20, -4.453074404625e-01, 1.563320599210e-06, 0.0000e+00, 0.0000e+00, 
 2DIAGNOSTIC,    21, -4.453075845719e-01, 1.504077971101e-06, 0.0000e+00, 0.0000e+00, 
 2DIAGNOSTIC,    22, -4.453075850040e-01, 1.446418897481e-06, 0.0000e+00, 0.0000e+00, 
 2DIAGNOSTIC,    23, -4.453075854421e-01, 1.388883544479e-06, 0.0000e+00, 0.0000e+00, 
 2DIAGNOSTIC,    24, -4.453075854421e-01, 1.334752041858e-06, 0.0000e+00, 0.0000e+00, 
 2DIAGNOSTIC,    25, -4.453075680170e-01, 1.284384187339e-06, 0.0000e+00, 0.0000e+00, 
 2DIAGNOSTIC,    26, -4.453075680170e-01, 1.234429585974e-06, 0.0000e+00, 0.0000e+00, 
 2DIAGNOSTIC,    27, -4.453075680170e-01, 1.187315353798e-06, 0.0000e+00, 0.0000e+00, 
 2DIAGNOSTIC,    28, -4.453075680170e-01, 1.142371693984e-06, 0.0000e+00, 0.0000e+00, 
 2DIAGNOSTIC,    29, -4.453075680170e-01, 1.100259332101e-06, 0.0000e+00, 0.0000e+00, 
 2DIAGNOSTIC,    30, -4.453075680170e-01, 1.060564773815e-06, 0.0000e+00, 0.0000e+00, 
 2DIAGNOSTIC,    31, -4.453075680170e-01, 1.026503566696e-06, 0.0000e+00, 0.0000e+00, 
  Elapsed time (stage 0): 0.0000e+00


Total elapsed time: 0.0000e+00
Info [verificarlo]: loaded backend libinterflop_ieee.so
Info [interflop-ieee]: load backend with:
Info [interflop-ieee]: debug = false
Info [interflop-ieee]: debug-binary = false
Info [interflop-ieee]: no-backend-name = false
Info [interflop-ieee]: print-new-line = false
Info [interflop-ieee]: print-subnormal-normalized = false
Info [interflop-ieee]: count-op = false
All_Command_lines_OK
Using double precision for computations.
=============================================================================
The composite transform comprises the following transforms (in order): 
  1. /home/mdugre/scratch/mri-registration-rp/datasets/ds004513/derivatives/mri-registration-rp/0100/antsRegistration-r8-p21/sub-s003/rigid_Composite.h5[0] (type = Euler3DTransform)
  2. /home/mdugre/scratch/mri-registration-rp/datasets/ds004513/derivatives/mri-registration-rp/0100/antsRegistration-r8-p21/sub-s003/rigid_Composite.h5[1] (type = Euler3DTransform)
  3. /home/mdugre/scratch/mri-registration-rp/datasets/ds004513/derivatives/mri-registration-rp/0100/antsRegistration-r8-p21/sub-s003/rigid_Composite.h5[2] (type = Euler3DTransform)
=============================================================================
  number of levels = 4
  fixed image: /templateflow/tpl-MNI152NLin2009cAsym/tpl-MNI152NLin2009cAsym_res-01_desc-brain_T1w.nii.gz
  moving image: /home/mdugre/scratch/mri-registration-rp/datasets/ds004513/derivatives/mri-registration-rp/antsBrainExtraction/sub-s003/BrainExtractionBrain.nii.gz
Dimension = 3
Number of stages = 1
Use histogram matching = false
Winsorize image intensities = true
  Lower quantile = 0.005
  Upper quantile = 0.995


Stage 1 State
   Image metric = MattesMI
     Fixed image = Image (0x391e7e0)
  RTTI typeinfo:   itk::Image<double, 3u>
  Reference Count: 2
  Modified Time: 1594
  Debug: Off
  Object Name: 
  Observers: 
    none
  Source: (none)
  Source output name: (none)
  Release Data: Off
  Data Released: False
  Global Release Data: Off
  PipelineMTime: 0
  UpdateMTime: 1203
  RealTimeStamp: 0 seconds 
  LargestPossibleRegion: 
    Dimension: 3
    Index: [0, 0, 0]
    Size: [193, 229, 193]
  BufferedRegion: 
    Dimension: 3
    Index: [0, 0, 0]
    Size: [193, 229, 193]
  RequestedRegion: 
    Dimension: 3
    Index: [0, 0, 0]
    Size: [193, 229, 193]
  Spacing: [1, 1, 1]
  Origin: [96, 132, -78]
  Direction: 
-1 0 0
0 -1 0
0 0 1

  IndexToPointMatrix: 
-1 0 0
0 -1 0
0 0 1

  PointToIndexMatrix: 
-1 0 0
0 -1 0
0 0 1

  Inverse Direction: 
-1 0 0
0 -1 0
0 0 1

  PixelContainer: 
    ImportImageContainer (0x39e9880)
      RTTI typeinfo:   itk::ImportImageContainer<unsigned long, double>
      Reference Count: 1
      Modified Time: 1200
      Debug: Off
      Object Name: 
      Observers: 
        none
      Pointer: 0x14cab7b5b010
      Container manages memory: true
      Size: 8530021
      Capacity: 8530021

     Moving image = Image (0x39da050)
  RTTI typeinfo:   itk::Image<double, 3u>
  Reference Count: 2
  Modified Time: 1595
  Debug: Off
  Object Name: 
  Observers: 
    none
  Source: (none)
  Source output name: (none)
  Release Data: Off
  Data Released: False
  Global Release Data: Off
  PipelineMTime: 0
  UpdateMTime: 1592
  RealTimeStamp: 0 seconds 
  LargestPossibleRegion: 
    Dimension: 3
    Index: [0, 0, 0]
    Size: [176, 240, 256]
  BufferedRegion: 
    Dimension: 3
    Index: [0, 0, 0]
    Size: [176, 240, 256]
  RequestedRegion: 
    Dimension: 3
    Index: [0, 0, 0]
    Size: [176, 240, 256]
  Spacing: [0.999999, 1, 1]
  Origin: [93.3499, 86.9368, -128.957]
  Direction: 
-0.999513 -0.0279216 -0.0139567
0.0279189 -0.99961 0.000389866
-0.0139622 2.01492e-08 0.999903

  IndexToPointMatrix: 
-0.999512 -0.0279216 -0.0139567
0.0279189 -0.99961 0.000389866
-0.0139621 2.01492e-08 0.999903

  PointToIndexMatrix: 
-0.999514 0.0279189 -0.0139622
-0.0279216 -0.99961 2.01716e-08
-0.0139567 0.000389866 0.999903

  Inverse Direction: 
-0.999513 0.0279189 -0.0139622
-0.0279216 -0.99961 2.01716e-08
-0.0139567 0.000389866 0.999903

  PixelContainer: 
    ImportImageContainer (0x3a8d690)
      RTTI typeinfo:   itk::ImportImageContainer<unsigned long, double>
      Reference Count: 1
      Modified Time: 1589
      Debug: Off
      Object Name: 
      Observers: 
        none
      Pointer: 0x14cab28da010
      Container manages memory: true
      Size: 10813440
      Capacity: 10813440

     Weighting = 1
     Sampling strategy = regular
     Number of bins = 32
     Radius = 4
     Sampling percentage  = 0.25
   Transform = Affine
     Gradient step = 0.1
     Update field sigma (voxel space) = 0
     Total field sigma (voxel space) = 0
     Update field time sigma = 0
     Total field time sigma  = 0
     Number of time indices = 0
     Number of time point samples = 0
Registration using 1 total stages.

Stage 0
  iterations = 1000x500x250x100
  convergence threshold = 1e-06
  convergence window size = 10
  number of levels = 4
  using the Mattes MI metric (number of bins = 32, weight = 1, use gradient filter = 0)
  preprocessing:  winsorizing the image intensities
  Shrink factors (level 1 out of 4): [8, 8, 8]
  Shrink factors (level 2 out of 4): [4, 4, 4]
  Shrink factors (level 3 out of 4): [2, 2, 2]
  Shrink factors (level 4 out of 4): [1, 1, 1]
  smoothing sigmas per level: [3, 2, 1, 0]
  regular sampling (percentage = 0.25)

*** Running AffineTransform registration ***

DIAGNOSTIC,Iteration,metricValue,convergenceValue,ITERATION_TIME_INDEX,SINCE_LAST
 2DIAGNOSTIC,     1, -6.607444781983e-01, 1.797693134862e+308, 9.1077e-01, 9.1077e-01, 
 2DIAGNOSTIC,     2, -6.631427957362e-01, 1.797693134862e+308, 9.1627e-01, 5.5020e-03, 
 2DIAGNOSTIC,     3, -6.671884386599e-01, 1.797693134862e+308, 9.2144e-01, 5.1661e-03, 
 2DIAGNOSTIC,     4, -6.730417938595e-01, 1.797693134862e+308, 9.2734e-01, 5.9059e-03, 
 2DIAGNOSTIC,     5, -6.808113662267e-01, 1.797693134862e+308, 9.3262e-01, 5.2779e-03, 
 2DIAGNOSTIC,     6, -6.960640597717e-01, 1.797693134862e+308, 9.3825e-01, 5.6350e-03, 
 2DIAGNOSTIC,     7, -7.179233736025e-01, 1.797693134862e+308, 9.5049e-01, 1.2235e-02, 
 2DIAGNOSTIC,     8, -7.174217290819e-01, 1.797693134862e+308, 9.5589e-01, 5.4030e-03, 
 2DIAGNOSTIC,     9, -7.174507231422e-01, 1.797693134862e+308, 9.6096e-01, 5.0671e-03, 
 2DIAGNOSTIC,    10, -7.178057915476e-01, 6.716025412371e-03, 9.6656e-01, 5.6021e-03, 
 2DIAGNOSTIC,    11, -7.186712957803e-01, 5.650860116829e-03, 9.7193e-01, 5.3651e-03, 
 2DIAGNOSTIC,    12, -7.197941813315e-01, 4.371105835191e-03, 9.7793e-01, 6.0000e-03, 
 2DIAGNOSTIC,    13, -7.204669910616e-01, 3.051382097618e-03, 9.8377e-01, 5.8439e-03, 
 2DIAGNOSTIC,    14, -7.206430878001e-01, 1.834054794704e-03, 9.8981e-01, 6.0420e-03, 
 2DIAGNOSTIC,    15, -7.204565167379e-01, 8.171907434413e-04, 9.9632e-01, 6.5019e-03, 
 2DIAGNOSTIC,    16, -7.203458310111e-01, 2.232672300288e-04, 1.0031e+00, 6.7840e-03, 
 2DIAGNOSTIC,    17, -7.203590602813e-01, 2.006885965080e-04, 1.0090e+00, 5.8601e-03, 
 2DIAGNOSTIC,    18, -7.202424356818e-01, 1.483980979493e-04, 1.0148e+00, 5.8341e-03, 
 2DIAGNOSTIC,    19, -7.202244714273e-01, 8.872647898304e-05, 1.0206e+00, 5.8501e-03, 
 2DIAGNOSTIC,    20, -7.201219029636e-01, 3.219197213065e-05, 1.0260e+00, 5.3079e-03, 
DIAGNOSTIC,Iteration,metricValue,convergenceValue,ITERATION_TIME_INDEX,SINCE_LAST
 2DIAGNOSTIC,     1, -5.933852159399e-01, 1.797693134862e+308, 1.7687e+00, 7.4270e-01, 
 2DIAGNOSTIC,     2, -5.935542401970e-01, 1.797693134862e+308, 1.8140e+00, 4.5389e-02, 
 2DIAGNOSTIC,     3, -5.935575700813e-01, 1.797693134862e+308, 1.8572e+00, 4.3146e-02, 
 2DIAGNOSTIC,     4, -5.936013350262e-01, 1.797693134862e+308, 1.8962e+00, 3.9012e-02, 
 2DIAGNOSTIC,     5, -5.935641055366e-01, 1.797693134862e+308, 1.9473e+00, 5.1105e-02, 
 2DIAGNOSTIC,     6, -5.935626226781e-01, 1.797693134862e+308, 1.9903e+00, 4.3022e-02, 
 2DIAGNOSTIC,     7, -5.935558760600e-01, 1.797693134862e+308, 2.0295e+00, 3.9176e-02, 
 2DIAGNOSTIC,     8, -5.935534589593e-01, 1.797693134862e+308, 2.0685e+00, 3.9030e-02, 
 2DIAGNOSTIC,     9, -5.935465845118e-01, 1.797693134862e+308, 2.1064e+00, 3.7914e-02, 
 2DIAGNOSTIC,    10, -5.935200917635e-01, 8.153507482928e-06, 2.1481e+00, 4.1634e-02, 
DIAGNOSTIC,Iteration,metricValue,convergenceValue,ITERATION_TIME_INDEX,SINCE_LAST
 2DIAGNOSTIC,     1, -5.222599848434e-01, 1.797693134862e+308, 3.2768e+00, 1.1287e+00, 
 2DIAGNOSTIC,     2, -5.225807740961e-01, 1.797693134862e+308, 3.5716e+00, 2.9476e-01, 
 2DIAGNOSTIC,     3, -5.229468681667e-01, 1.797693134862e+308, 3.9186e+00, 3.4697e-01, 
 2DIAGNOSTIC,     4, -5.231114485098e-01, 1.797693134862e+308, 4.2648e+00, 3.4620e-01, 
 2DIAGNOSTIC,     5, -5.231744141182e-01, 1.797693134862e+308, 4.5364e+00, 2.7168e-01, 
 2DIAGNOSTIC,     6, -5.232451367206e-01, 1.797693134862e+308, 4.8343e+00, 2.9789e-01, 
 2DIAGNOSTIC,     7, -5.235670693899e-01, 1.797693134862e+308, 5.1397e+00, 3.0534e-01, 
 2DIAGNOSTIC,     8, -5.244504727415e-01, 1.797693134862e+308, 5.4270e+00, 2.8730e-01, 
 2DIAGNOSTIC,     9, -5.255294267357e-01, 1.797693134862e+308, 5.7545e+00, 3.2750e-01, 
 2DIAGNOSTIC,    10, -5.269413780713e-01, 4.664270849307e-04, 6.0803e+00, 3.2586e-01, 
 2DIAGNOSTIC,    11, -5.276339971266e-01, 5.396882055854e-04, 6.3632e+00, 2.8286e-01, 
 2DIAGNOSTIC,    12, -5.280374126819e-01, 5.851515934509e-04, 6.6797e+00, 3.1656e-01, 
 2DIAGNOSTIC,    13, -5.311842735982e-01, 7.169059326218e-04, 7.1106e+00, 4.3088e-01, 
 2DIAGNOSTIC,    14, -5.320377889018e-01, 8.003132865905e-04, 7.3811e+00, 2.7047e-01, 
 2DIAGNOSTIC,    15, -5.325357222450e-01, 8.200421853026e-04, 7.6884e+00, 3.0732e-01, 
 2DIAGNOSTIC,    16, -5.326295209908e-01, 7.694896909019e-04, 7.9708e+00, 2.8235e-01, 
 2DIAGNOSTIC,    17, -5.327622600171e-01, 6.689776887139e-04, 8.4274e+00, 4.5662e-01, 
 2DIAGNOSTIC,    18, -5.327680206376e-01, 5.431563640913e-04, 8.7722e+00, 3.4479e-01, 
 2DIAGNOSTIC,    19, -5.327825852011e-01, 4.101536595723e-04, 9.0730e+00, 3.0085e-01, 
 2DIAGNOSTIC,    20, -5.327991124240e-01, 2.918201846530e-04, 9.3839e+00, 3.1083e-01, 
 2DIAGNOSTIC,    21, -5.327992615669e-01, 1.765255381990e-04, 9.7480e+00, 3.6417e-01, 
 2DIAGNOSTIC,    22, -5.327883091107e-01, 6.326248203350e-05, 1.0077e+01, 3.2914e-01, 
 2DIAGNOSTIC,    23, -5.327753863957e-01, 2.705388036989e-05, 1.0808e+01, 7.3060e-01, 
 2DIAGNOSTIC,    24, -5.327759010853e-01, 1.037055364373e-05, 1.1158e+01, 3.5037e-01, 
 2DIAGNOSTIC,    25, -5.327745366226e-01, 4.826079717801e-06, 1.1453e+01, 2.9443e-01, 
 2DIAGNOSTIC,    26, -5.327745847345e-01, 1.241674475336e-06, 1.1813e+01, 3.6054e-01, 
DIAGNOSTIC,Iteration,metricValue,convergenceValue,ITERATION_TIME_INDEX,SINCE_LAST
 2DIAGNOSTIC,     1, -4.889342903936e-01, 1.797693134862e+308, 1.4769e+01, 2.9559e+00, 
 2DIAGNOSTIC,     2, -4.890609092330e-01, 1.797693134862e+308, 1.6548e+01, 1.7788e+00, 
 2DIAGNOSTIC,     3, -4.892265957265e-01, 1.797693134862e+308, 1.8660e+01, 2.1117e+00, 
 2DIAGNOSTIC,     4, -4.892884505657e-01, 1.797693134862e+308, 2.2039e+01, 3.3798e+00, 
 2DIAGNOSTIC,     5, -4.892881842148e-01, 1.797693134862e+308, 2.4506e+01, 2.4670e+00, 
 2DIAGNOSTIC,     6, -4.892880535483e-01, 1.797693134862e+308, 2.6869e+01, 2.3623e+00, 
 2DIAGNOSTIC,     7, -4.892880463417e-01, 1.797693134862e+308, 2.8807e+01, 1.9384e+00, 
 2DIAGNOSTIC,     8, -4.892879302902e-01, 1.797693134862e+308, 3.0938e+01, 2.1306e+00, 
 2DIAGNOSTIC,     9, -4.892878961759e-01, 1.797693134862e+308, 3.2885e+01, 1.9477e+00, 
 2DIAGNOSTIC,    10, -4.892878620333e-01, 3.773065504326e-05, 3.4851e+01, 1.9656e+00, 
 2DIAGNOSTIC,    11, -4.892877101803e-01, 1.766946326764e-05, 3.7294e+01, 2.4426e+00, 
 2DIAGNOSTIC,    12, -4.892875868366e-01, 5.556995957431e-06, 3.9425e+01, 2.1317e+00, 
 2DIAGNOSTIC,    13, -4.892875391220e-01, 2.368244845882e-06, 4.1549e+01, 2.1238e+00, 
 2DIAGNOSTIC,    14, -4.892873825207e-01, 2.202551264263e-06, 4.3776e+01, 2.2274e+00, 
 2DIAGNOSTIC,    15, -4.892872375303e-01, 2.049585282715e-06, 4.5820e+01, 2.0437e+00, 
 2DIAGNOSTIC,    16, -4.892872844419e-01, 1.919340059733e-06, 4.7918e+01, 2.0978e+00, 
 2DIAGNOSTIC,    17, -4.892872425208e-01, 1.809071740362e-06, 4.9882e+01, 1.9643e+00, 
 2DIAGNOSTIC,    18, -4.892871202926e-01, 1.709095628667e-06, 5.2495e+01, 2.6127e+00, 
 2DIAGNOSTIC,    19, -4.892870730865e-01, 1.622685754259e-06, 5.4471e+01, 1.9756e+00, 
 2DIAGNOSTIC,    20, -4.892869597064e-01, 1.545551134137e-06, 5.6428e+01, 1.9571e+00, 
 2DIAGNOSTIC,    21, -4.892871084065e-01, 1.479899894352e-06, 5.8609e+01, 2.1817e+00, 
 2DIAGNOSTIC,    22, -4.892868413910e-01, 1.412955071507e-06, 6.0738e+01, 2.1289e+00, 
 2DIAGNOSTIC,    23, -4.892868797400e-01, 1.355026635480e-06, 6.2920e+01, 2.1821e+00, 
 2DIAGNOSTIC,    24, -4.892868255526e-01, 1.299549946626e-06, 6.4825e+01, 1.9050e+00, 
 2DIAGNOSTIC,    25, -4.892867001664e-01, 1.244556416910e-06, 6.6901e+01, 2.0754e+00, 
 2DIAGNOSTIC,    26, -4.892868316625e-01, 1.200436029018e-06, 6.8951e+01, 2.0506e+00, 
 2DIAGNOSTIC,    27, -4.892867702895e-01, 1.159508634566e-06, 7.0902e+01, 1.9510e+00, 
 2DIAGNOSTIC,    28, -4.892864725259e-01, 1.114643473202e-06, 7.2980e+01, 2.0778e+00, 
 2DIAGNOSTIC,    29, -4.892866098233e-01, 1.076942743601e-06, 7.5038e+01, 2.0575e+00, 
 2DIAGNOSTIC,    30, -4.892866381980e-01, 1.041738167340e-06, 7.7416e+01, 2.3787e+00, 
 2DIAGNOSTIC,    31, -4.892865917006e-01, 1.012516374785e-06, 7.9482e+01, 2.0656e+00, 
  Elapsed time (stage 0): 8.0695e+01


Total elapsed time: 8.0698e+01
Info [verificarlo]: loaded backend libinterflop_ieee.so
Info [interflop-ieee]: load backend with:
Info [interflop-ieee]: debug = false
Info [interflop-ieee]: debug-binary = false
Info [interflop-ieee]: no-backend-name = false
Info [interflop-ieee]: print-new-line = false
Info [interflop-ieee]: print-subnormal-normalized = false
Info [interflop-ieee]: count-op = false
All_Command_lines_OK
Using double precision for computations.
=============================================================================
The composite transform comprises the following transforms (in order): 
  1. /home/mdugre/scratch/mri-registration-rp/datasets/ds004513/derivatives/mri-registration-rp/0100/antsRegistration-r8-p21/sub-s003/affine_Composite.h5[0] (type = Euler3DTransform)
  2. /home/mdugre/scratch/mri-registration-rp/datasets/ds004513/derivatives/mri-registration-rp/0100/antsRegistration-r8-p21/sub-s003/affine_Composite.h5[1] (type = Euler3DTransform)
  3. /home/mdugre/scratch/mri-registration-rp/datasets/ds004513/derivatives/mri-registration-rp/0100/antsRegistration-r8-p21/sub-s003/affine_Composite.h5[2] (type = Euler3DTransform)
  4. /home/mdugre/scratch/mri-registration-rp/datasets/ds004513/derivatives/mri-registration-rp/0100/antsRegistration-r8-p21/sub-s003/affine_Composite.h5[3] (type = AffineTransform)
