
##########################
# Experiment information #
##########################

EXPERIMENT_NAME: antsRegistration-r8-p16
VFC_BACKENDS: libinterflop_vprec.so --range-binary32=8 --precision-binary32=16 --range-binary64=8 --precision-binary64=16

SIF_IMG: /home/mdugre/projects/rrg-glatard/mdugre/containers/ants-vprec-no_metrics.simg

SUBJECT_ID: s025
INPUT_IMG: /home/mdugre/scratch/mri-registration-rp/datasets/ds004513/derivatives/mri-registration-rp/antsBrainExtraction/sub-s025/BrainExtractionBrain.nii.gz
OUTPUT_DIR: /home/mdugre/scratch/mri-registration-rp/datasets/ds004513/derivatives/mri-registration-rp/0100/antsRegistration-r8-p16/sub-s025

FIXED_IMG: /templateflow/tpl-MNI152NLin2009cAsym/tpl-MNI152NLin2009cAsym_res-01_desc-brain_T1w.nii.gz
DATA_DIR: /home/mdugre/scratch/mri-registration-rp/datasets/ds004513
TEMPLATEFLOW_DIR: /home/mdugre/projects/rrg-glatard/mdugre/templateflow
ITK_GLOBAL_DEFAULT_NUMBER_OF_THREADS: 16
##########################

Info [verificarlo]: loaded backend libinterflop_ieee.so
Info [interflop-ieee]: load backend with:
Info [interflop-ieee]: debug = false
Info [interflop-ieee]: debug-binary = false
Info [interflop-ieee]: no-backend-name = false
Info [interflop-ieee]: print-new-line = false
Info [interflop-ieee]: print-subnormal-normalized = false
Info [interflop-ieee]: count-op = false
All_Command_lines_OK
Using double precision for computations.
=============================================================================
The composite transform comprises the following transforms (in order): 
  1. Center of mass alignment using fixed image: /templateflow/tpl-MNI152NLin2009cAsym/tpl-MNI152NLin2009cAsym_res-01_desc-brain_T1w.nii.gz and moving image: /home/mdugre/scratch/mri-registration-rp/datasets/ds004513/derivatives/mri-registration-rp/antsBrainExtraction/sub-s025/BrainExtractionBrain.nii.gz (type = Euler3DTransform)
=============================================================================
  number of levels = 1
  fixed image: /templateflow/tpl-MNI152NLin2009cAsym/tpl-MNI152NLin2009cAsym_res-01_desc-brain_T1w.nii.gz
  moving image: /home/mdugre/scratch/mri-registration-rp/datasets/ds004513/derivatives/mri-registration-rp/antsBrainExtraction/sub-s025/BrainExtractionBrain.nii.gz
Dimension = 3
Number of stages = 1
Use histogram matching = false
Winsorize image intensities = true
  Lower quantile = 0.005
  Upper quantile = 0.995


Stage 1 State
   Image metric = MattesMI
     Fixed image = Image (0x4c34e70)
  RTTI typeinfo:   itk::Image<double, 3u>
  Reference Count: 2
  Modified Time: 2334
  Debug: Off
  Object Name: 
  Observers: 
    none
  Source: (none)
  Source output name: (none)
  Release Data: Off
  Data Released: False
  Global Release Data: Off
  PipelineMTime: 0
  UpdateMTime: 1943
  RealTimeStamp: 0 seconds 
  LargestPossibleRegion: 
    Dimension: 3
    Index: [0, 0, 0]
    Size: [193, 229, 193]
  BufferedRegion: 
    Dimension: 3
    Index: [0, 0, 0]
    Size: [193, 229, 193]
  RequestedRegion: 
    Dimension: 3
    Index: [0, 0, 0]
    Size: [193, 229, 193]
  Spacing: [1, 1, 1]
  Origin: [96, 132, -78]
  Direction: 
-1 0 0
0 -1 0
0 0 1

  IndexToPointMatrix: 
-1 0 0
0 -1 0
0 0 1

  PointToIndexMatrix: 
-1 0 0
0 -1 0
0 0 1

  Inverse Direction: 
-1 0 0
0 -1 0
0 0 1

  PixelContainer: 
    ImportImageContainer (0x4c3dc60)
      RTTI typeinfo:   itk::ImportImageContainer<unsigned long, double>
      Reference Count: 1
      Modified Time: 1940
      Debug: Off
      Object Name: 
      Observers: 
        none
      Pointer: 0x1479c5cf1010
      Container manages memory: true
      Size: 8530021
      Capacity: 8530021

     Moving image = Image (0x4c40610)
  RTTI typeinfo:   itk::Image<double, 3u>
  Reference Count: 2
  Modified Time: 2335
  Debug: Off
  Object Name: 
  Observers: 
    none
  Source: (none)
  Source output name: (none)
  Release Data: Off
  Data Released: False
  Global Release Data: Off
  PipelineMTime: 0
  UpdateMTime: 2332
  RealTimeStamp: 0 seconds 
  LargestPossibleRegion: 
    Dimension: 3
    Index: [0, 0, 0]
    Size: [176, 240, 256]
  BufferedRegion: 
    Dimension: 3
    Index: [0, 0, 0]
    Size: [176, 240, 256]
  RequestedRegion: 
    Dimension: 3
    Index: [0, 0, 0]
    Size: [176, 240, 256]
  Spacing: [0.999999, 1, 1]
  Origin: [90.3778, 84.5091, -154.071]
  Direction: 
-0.999391 7.48184e-06 -0.0348969
-7.47664e-06 -1 -2.7953e-07
-0.0348969 -1.84481e-08 0.999391

  IndexToPointMatrix: 
-0.99939 7.48184e-06 -0.0348969
-7.47663e-06 -1 -2.7953e-07
-0.0348968 -1.84481e-08 0.999391

  PointToIndexMatrix: 
-0.999392 -7.47665e-06 -0.0348969
7.48184e-06 -1 -1.84481e-08
-0.0348969 -2.7953e-07 0.999391

  Inverse Direction: 
-0.999391 -7.47664e-06 -0.0348969
7.48184e-06 -1 -1.84481e-08
-0.0348969 -2.7953e-07 0.999391

  PixelContainer: 
    ImportImageContainer (0x4cd9ef0)
      RTTI typeinfo:   itk::ImportImageContainer<unsigned long, double>
      Reference Count: 1
      Modified Time: 2329
      Debug: Off
      Object Name: 
      Observers: 
        none
      Pointer: 0x1479c0a70010
      Container manages memory: true
      Size: 10813440
      Capacity: 10813440

     Weighting = 1
     Sampling strategy = regular
     Number of bins = 32
     Radius = 4
     Sampling percentage  = 0.25
   Transform = Rigid
     Gradient step = 0.1
     Update field sigma (voxel space) = 0
     Total field sigma (voxel space) = 0
     Update field time sigma = 0
     Total field time sigma  = 0
     Number of time indices = 0
     Number of time point samples = 0
Registration using 1 total stages.

Stage 0
  iterations = 0
  convergence threshold = 1e-06
  convergence window size = 10
  number of levels = 1
  using the Mattes MI metric (number of bins = 32, weight = 1, use gradient filter = 0)
  preprocessing:  winsorizing the image intensities
  Shrink factors (level 1 out of 1): [1, 1, 1]
  smoothing sigmas per level: [0]
  regular sampling (percentage = 0.25)

*** Running Euler3DTransform registration ***

  Elapsed time (stage 0): 1.11683


Total elapsed time: 1.11909
Info [verificarlo]: loaded backend libinterflop_vprec.so
Info [interflop-vprec]: load backend with: 
Info [interflop-vprec]: precision-binary32 = 16
Info [interflop-vprec]: range-binary32 = 8
Info [interflop-vprec]: precision-binary64 = 16
Info [interflop-vprec]: range-binary64 = 8
Info [interflop-vprec]: mode = ob
Info [interflop-vprec]: error-mode = rel
Info [interflop-vprec]: max-abs-error-exponent = -1022
Info [interflop-vprec]: daz = false
Info [interflop-vprec]: ftz = false
Info [interflop-vprec]: 	instrument = none
Info [interflop-vprec]: 	prec-input-file = (null)
Info [interflop-vprec]: 	prec-output-file = (null)
Info [interflop-vprec]: 	prec-log-file = (null)
All_Command_lines_OK
Using double precision for computations.
=============================================================================
The composite transform comprises the following transforms (in order): 
  1. /home/mdugre/scratch/mri-registration-rp/datasets/ds004513/derivatives/mri-registration-rp/0100/antsRegistration-r8-p16/sub-s025/align_Composite.h5[0] (type = Euler3DTransform)
  2. /home/mdugre/scratch/mri-registration-rp/datasets/ds004513/derivatives/mri-registration-rp/0100/antsRegistration-r8-p16/sub-s025/align_Composite.h5[1] (type = Euler3DTransform)
=============================================================================
  number of levels = 4
  fixed image: /templateflow/tpl-MNI152NLin2009cAsym/tpl-MNI152NLin2009cAsym_res-01_desc-brain_T1w.nii.gz
  moving image: /home/mdugre/scratch/mri-registration-rp/datasets/ds004513/derivatives/mri-registration-rp/antsBrainExtraction/sub-s025/BrainExtractionBrain.nii.gz
Dimension = 3
Number of stages = 1
Use histogram matching = false
Winsorize image intensities = true
  Lower quantile = 0.005
  Upper quantile = 0.995


Stage 1 State
   Image metric = MattesMI
     Fixed image = Image (0x4eca1e0)
  RTTI typeinfo:   itk::Image<double, 3u>
  Reference Count: 2
  Modified Time: 1578
  Debug: Off
  Object Name: 
  Observers: 
    none
  Source: (none)
  Source output name: (none)
  Release Data: Off
  Data Released: False
  Global Release Data: Off
  PipelineMTime: 0
  UpdateMTime: 1189
  RealTimeStamp: 0 seconds 
  LargestPossibleRegion: 
    Dimension: 3
    Index: [0, 0, 0]
    Size: [193, 229, 193]
  BufferedRegion: 
    Dimension: 3
    Index: [0, 0, 0]
    Size: [193, 229, 193]
  RequestedRegion: 
    Dimension: 3
    Index: [0, 0, 0]
    Size: [193, 229, 193]
  Spacing: [1, 1, 1]
  Origin: [96, 132, -78]
  Direction: 
-1 0 0
0 -1 0
0 0 1

  IndexToPointMatrix: 
-1 0 0
0 -1 0
0 0 1

  PointToIndexMatrix: 
-1 0 0
0 -1 0
0 0 1

  Inverse Direction: 
-1 0 0
0 -1 0
0 0 1

  PixelContainer: 
    ImportImageContainer (0x4f89680)
      RTTI typeinfo:   itk::ImportImageContainer<unsigned long, double>
      Reference Count: 1
      Modified Time: 1186
      Debug: Off
      Object Name: 
      Observers: 
        none
      Pointer: 0x14e84449d010
      Container manages memory: true
      Size: 8530021
      Capacity: 8530021

     Moving image = Image (0x4f85b20)
  RTTI typeinfo:   itk::Image<double, 3u>
  Reference Count: 2
  Modified Time: 1579
  Debug: Off
  Object Name: 
  Observers: 
    none
  Source: (none)
  Source output name: (none)
  Release Data: Off
  Data Released: False
  Global Release Data: Off
  PipelineMTime: 0
  UpdateMTime: 1576
  RealTimeStamp: 0 seconds 
  LargestPossibleRegion: 
    Dimension: 3
    Index: [0, 0, 0]
    Size: [176, 240, 256]
  BufferedRegion: 
    Dimension: 3
    Index: [0, 0, 0]
    Size: [176, 240, 256]
  RequestedRegion: 
    Dimension: 3
    Index: [0, 0, 0]
    Size: [176, 240, 256]
  Spacing: [1, 1, 1]
  Origin: [90.3779, 84.5088, -154.07]
  Direction: 
-0.99939 7.48184e-06 -0.0348969
-7.47666e-06 -1 -2.79531e-07
-0.0348969 -1.84482e-08 0.99939

  IndexToPointMatrix: 
-0.99939 7.48184e-06 -0.0348969
-7.47666e-06 -1 -2.79531e-07
-0.0348969 -1.84482e-08 0.99939

  PointToIndexMatrix: 
-0.99939 -7.47666e-06 -0.0348969
7.47666e-06 -1 1.30496e-07
-0.0348969 -1.30494e-07 0.99939

  Inverse Direction: 
-0.99939 -7.47666e-06 -0.0348969
7.47666e-06 -1 1.30496e-07
-0.0348969 -1.30494e-07 0.99939

  PixelContainer: 
    ImportImageContainer (0x4feed50)
      RTTI typeinfo:   itk::ImportImageContainer<unsigned long, double>
      Reference Count: 1
      Modified Time: 1573
      Debug: Off
      Object Name: 
      Observers: 
        none
      Pointer: 0x14e83f21c010
      Container manages memory: true
      Size: 10813440
      Capacity: 10813440

     Weighting = 1
     Sampling strategy = regular
     Number of bins = 32
     Radius = 4
     Sampling percentage  = 0.25
   Transform = Rigid
     Gradient step = 0.1
     Update field sigma (voxel space) = 0
     Total field sigma (voxel space) = 0
     Update field time sigma = 0
     Total field time sigma  = 0
     Number of time indices = 0
     Number of time point samples = 0
Registration using 1 total stages.

Stage 0
  iterations = 1000x500x250x100
  convergence threshold = 1e-06
  convergence window size = 10
  number of levels = 4
  using the Mattes MI metric (number of bins = 32, weight = 1, use gradient filter = 0)
  preprocessing:  winsorizing the image intensities
  Shrink factors (level 1 out of 4): [8, 8, 8]
  Shrink factors (level 2 out of 4): [4, 4, 4]
  Shrink factors (level 3 out of 4): [2, 2, 2]
  Shrink factors (level 4 out of 4): [1, 1, 1]
  smoothing sigmas per level: [3, 2, 1, 0]
  regular sampling (percentage = 0.25)

*** Running Euler3DTransform registration ***

DIAGNOSTIC,Iteration,metricValue,convergenceValue,ITERATION_TIME_INDEX,SINCE_LAST
 2DIAGNOSTIC,     1, -5.321105071655e-01, 1.797693134862e+308, 0.0000e+00, 0.0000e+00, 
 2DIAGNOSTIC,     2, -5.342640872598e-01, 1.797693134862e+308, 0.0000e+00, 0.0000e+00, 
 2DIAGNOSTIC,     3, -5.374075607459e-01, 1.797693134862e+308, 0.0000e+00, 0.0000e+00, 
 2DIAGNOSTIC,     4, -5.424447765851e-01, 1.797693134862e+308, 0.0000e+00, 0.0000e+00, 
 2DIAGNOSTIC,     5, -5.500803897928e-01, 1.797693134862e+308, 0.0000e+00, 0.0000e+00, 
 2DIAGNOSTIC,     6, -5.554367938633e-01, 1.797693134862e+308, 0.0000e+00, 0.0000e+00, 
 2DIAGNOSTIC,     7, -5.641809824191e-01, 1.797693134862e+308, 0.0000e+00, 0.0000e+00, 
 2DIAGNOSTIC,     8, -5.765233291184e-01, 1.797693134862e+308, 0.0000e+00, 0.0000e+00, 
 2DIAGNOSTIC,     9, -5.880695325990e-01, 1.797693134862e+308, 0.0000e+00, 0.0000e+00, 
 2DIAGNOSTIC,    10, -5.893252389151e-01, 7.285453993411e-03, 0.0000e+00, 0.0000e+00, 
 2DIAGNOSTIC,    11, -5.905916356338e-01, 6.808123412961e-03, 0.0000e+00, 0.0000e+00, 
 2DIAGNOSTIC,    12, -5.923387451717e-01, 5.971587174607e-03, 0.0000e+00, 0.0000e+00, 
 2DIAGNOSTIC,    13, -5.961977200168e-01, 4.991331206813e-03, 0.0000e+00, 0.0000e+00, 
 2DIAGNOSTIC,    14, -6.024460137600e-01, 4.095623630114e-03, 0.0000e+00, 0.0000e+00, 
 2DIAGNOSTIC,    15, -6.076039560789e-01, 3.376275355148e-03, 0.0000e+00, 0.0000e+00, 
 2DIAGNOSTIC,    16, -6.132771520284e-01, 2.785748418985e-03, 0.0000e+00, 0.0000e+00, 
 2DIAGNOSTIC,    17, -6.165931588356e-01, 2.356483921637e-03, 0.0000e+00, 0.0000e+00, 
 2DIAGNOSTIC,    18, -6.184110141180e-01, 2.138727786181e-03, 0.0000e+00, 0.0000e+00, 
 2DIAGNOSTIC,    19, -6.245775557865e-01, 2.202130905720e-03, 0.0000e+00, 0.0000e+00, 
 2DIAGNOSTIC,    20, -6.309542850968e-01, 2.235409690600e-03, 0.0000e+00, 0.0000e+00, 
 2DIAGNOSTIC,    21, -6.409379017448e-01, 2.313696997457e-03, 0.0000e+00, 0.0000e+00, 
 2DIAGNOSTIC,    22, -6.426248183757e-01, 2.241225415308e-03, 0.0000e+00, 0.0000e+00, 
 2DIAGNOSTIC,    23, -6.435129518507e-01, 2.067823587962e-03, 0.0000e+00, 0.0000e+00, 
 2DIAGNOSTIC,    24, -6.458903440765e-01, 1.888985615452e-03, 0.0000e+00, 0.0000e+00, 
 2DIAGNOSTIC,    25, -6.470458430410e-01, 1.663935746730e-03, 0.0000e+00, 0.0000e+00, 
 2DIAGNOSTIC,    26, -6.481757779028e-01, 1.423237515032e-03, 0.0000e+00, 0.0000e+00, 
 2DIAGNOSTIC,    27, -6.498287201759e-01, 1.156836622995e-03, 0.0000e+00, 0.0000e+00, 
 2DIAGNOSTIC,    28, -6.504498548239e-01, 8.437929521263e-04, 0.0000e+00, 0.0000e+00, 
 2DIAGNOSTIC,    29, -6.506721313918e-01, 5.775422445779e-04, 0.0000e+00, 0.0000e+00, 
 2DIAGNOSTIC,    30, -6.519681891307e-01, 3.922648195474e-04, 0.0000e+00, 0.0000e+00, 
 2DIAGNOSTIC,    31, -6.518102698542e-01, 3.307734412586e-04, 0.0000e+00, 0.0000e+00, 
 2DIAGNOSTIC,    32, -6.525859781988e-01, 2.784018620308e-04, 0.0000e+00, 0.0000e+00, 
 2DIAGNOSTIC,    33, -6.527740797267e-01, 2.176111550321e-04, 0.0000e+00, 0.0000e+00, 
 2DIAGNOSTIC,    34, -6.535233722426e-01, 1.829301096825e-04, 0.0000e+00, 0.0000e+00, 
 2DIAGNOSTIC,    35, -6.548735240338e-01, 1.659723239892e-04, 0.0000e+00, 0.0000e+00, 
 2DIAGNOSTIC,    36, -6.620851316619e-01, 2.408984641313e-04, 0.0000e+00, 0.0000e+00, 
 2DIAGNOSTIC,    37, -6.647410675753e-01, 3.402083187868e-04, 0.0000e+00, 0.0000e+00, 
 2DIAGNOSTIC,    38, -6.658566811337e-01, 4.230835724744e-04, 0.0000e+00, 0.0000e+00, 
 2DIAGNOSTIC,    39, -6.783054502367e-01, 6.114447753114e-04, 0.0000e+00, 0.0000e+00, 
 2DIAGNOSTIC,    40, -6.873862783207e-01, 8.463984704666e-04, 0.0000e+00, 0.0000e+00, 
 2DIAGNOSTIC,    41, -6.905894606338e-01, 1.019433663221e-03, 0.0000e+00, 0.0000e+00, 
 2DIAGNOSTIC,    42, -6.936343136416e-01, 1.129583904512e-03, 0.0000e+00, 0.0000e+00, 
 2DIAGNOSTIC,    43, -7.108638388842e-01, 1.311543948484e-03, 0.0000e+00, 0.0000e+00, 
 2DIAGNOSTIC,    44, -7.351458838174e-01, 1.610104442995e-03, 0.0000e+00, 0.0000e+00, 
 2DIAGNOSTIC,    45, -7.418124396713e-01, 1.811767109395e-03, 0.0000e+00, 0.0000e+00, 
 2DIAGNOSTIC,    46, -7.555187081959e-01, 2.038188528859e-03, 0.0000e+00, 0.0000e+00, 
 2DIAGNOSTIC,    47, -7.585518831407e-01, 2.114985906128e-03, 0.0000e+00, 0.0000e+00, 
 2DIAGNOSTIC,    48, -7.601867706170e-01, 2.008006958015e-03, 0.0000e+00, 0.0000e+00, 
 2DIAGNOSTIC,    49, -7.626409947295e-01, 1.845379586332e-03, 0.0000e+00, 0.0000e+00, 
 2DIAGNOSTIC,    50, -7.625575837070e-01, 1.593648169798e-03, 0.0000e+00, 0.0000e+00, 
 2DIAGNOSTIC,    51, -7.624261893503e-01, 1.230594689134e-03, 0.0000e+00, 0.0000e+00, 
 2DIAGNOSTIC,    52, -7.625888609748e-01, 7.921610536539e-04, 0.0000e+00, 0.0000e+00, 
 2DIAGNOSTIC,    53, -7.626316698600e-01, 4.363859703719e-04, 0.0000e+00, 0.0000e+00, 
 2DIAGNOSTIC,    54, -7.625495231666e-01, 2.496485796526e-04, 0.0000e+00, 0.0000e+00, 
 2DIAGNOSTIC,    55, -7.624928795293e-01, 9.664396558359e-05, 0.0000e+00, 0.0000e+00, 
 2DIAGNOSTIC,    56, -7.624193422912e-01, 4.617891105808e-05, 0.0000e+00, 0.0000e+00, 
 2DIAGNOSTIC,    57, -7.624469851468e-01, 1.646460538149e-05, 0.0000e+00, 0.0000e+00, 
DIAGNOSTIC,Iteration,metricValue,convergenceValue,ITERATION_TIME_INDEX,SINCE_LAST
 2DIAGNOSTIC,     1, -6.061413223173e-01, 1.797693134862e+308, 0.0000e+00, 0.0000e+00, 
 2DIAGNOSTIC,     2, -6.067788888866e-01, 1.797693134862e+308, 0.0000e+00, 0.0000e+00, 
 2DIAGNOSTIC,     3, -6.076742075850e-01, 1.797693134862e+308, 0.0000e+00, 0.0000e+00, 
 2DIAGNOSTIC,     4, -6.085620672198e-01, 1.797693134862e+308, 0.0000e+00, 0.0000e+00, 
 2DIAGNOSTIC,     5, -6.095914361641e-01, 1.797693134862e+308, 0.0000e+00, 0.0000e+00, 
 2DIAGNOSTIC,     6, -6.110316589094e-01, 1.797693134862e+308, 0.0000e+00, 0.0000e+00, 
 2DIAGNOSTIC,     7, -6.138136957072e-01, 1.797693134862e+308, 0.0000e+00, 0.0000e+00, 
 2DIAGNOSTIC,     8, -6.146850849956e-01, 1.797693134862e+308, 0.0000e+00, 0.0000e+00, 
 2DIAGNOSTIC,     9, -6.162704127076e-01, 1.797693134862e+308, 0.0000e+00, 0.0000e+00, 
 2DIAGNOSTIC,    10, -6.207611090575e-01, 1.421737066075e-03, 0.0000e+00, 0.0000e+00, 
 2DIAGNOSTIC,    11, -6.211247029010e-01, 1.438519810965e-03, 0.0000e+00, 0.0000e+00, 
 2DIAGNOSTIC,    12, -6.211098398815e-01, 1.348562699537e-03, 0.0000e+00, 0.0000e+00, 
 2DIAGNOSTIC,    13, -6.211119480153e-01, 1.185218806596e-03, 0.0000e+00, 0.0000e+00, 
 2DIAGNOSTIC,    14, -6.211149733813e-01, 9.673107332275e-04, 0.0000e+00, 0.0000e+00, 
 2DIAGNOSTIC,    15, -6.211164032841e-01, 7.201230573161e-04, 0.0000e+00, 0.0000e+00, 
 2DIAGNOSTIC,    16, -6.211172772694e-01, 4.780351486523e-04, 0.0000e+00, 0.0000e+00, 
 2DIAGNOSTIC,    17, -6.211124690451e-01, 2.981278485491e-04, 0.0000e+00, 0.0000e+00, 
 2DIAGNOSTIC,    18, -6.211125716378e-01, 1.337543006387e-04, 0.0000e+00, 0.0000e+00, 
 2DIAGNOSTIC,    19, -6.211131670052e-01, 1.007699245822e-05, 0.0000e+00, 0.0000e+00, 
 2DIAGNOSTIC,    20, -6.211187520341e-01, 1.507058900722e-06, 0.0000e+00, 0.0000e+00, 
 2DIAGNOSTIC,    21, -6.211321716496e-01, 2.050571008119e-06, 0.0000e+00, 0.0000e+00, 
 2DIAGNOSTIC,    22, -6.211753706530e-01, 3.082946677752e-06, 0.0000e+00, 0.0000e+00, 
 2DIAGNOSTIC,    23, -6.211800608068e-01, 3.987401078584e-06, 0.0000e+00, 0.0000e+00, 
 2DIAGNOSTIC,    24, -6.212016324728e-01, 5.052713016200e-06, 0.0000e+00, 0.0000e+00, 
 2DIAGNOSTIC,    25, -6.212153308731e-01, 5.959255139999e-06, 0.0000e+00, 0.0000e+00, 
 2DIAGNOSTIC,    26, -6.212400658659e-01, 6.802527495978e-06, 0.0000e+00, 0.0000e+00, 
 2DIAGNOSTIC,    27, -6.212208850807e-01, 6.633343037764e-06, 0.0000e+00, 0.0000e+00, 
 2DIAGNOSTIC,    28, -6.212250661359e-01, 6.048775300069e-06, 0.0000e+00, 0.0000e+00, 
 2DIAGNOSTIC,    29, -6.212217441003e-01, 5.002577205600e-06, 0.0000e+00, 0.0000e+00, 
 2DIAGNOSTIC,    30, -6.212214700367e-01, 3.732951863601e-06, 0.0000e+00, 0.0000e+00, 
 2DIAGNOSTIC,    31, -6.212223575366e-01, 2.487036296413e-06, 0.0000e+00, 0.0000e+00, 
 2DIAGNOSTIC,    32, -6.212212717469e-01, 1.792723141422e-06, 0.0000e+00, 0.0000e+00, 
 2DIAGNOSTIC,    33, -6.212202692943e-01, 1.116090415323e-06, 0.0000e+00, 0.0000e+00, 
DIAGNOSTIC,Iteration,metricValue,convergenceValue,ITERATION_TIME_INDEX,SINCE_LAST
 2DIAGNOSTIC,     1, -5.347525760640e-01, 1.797693134862e+308, 0.0000e+00, 0.0000e+00, 
 2DIAGNOSTIC,     2, -5.349955053113e-01, 1.797693134862e+308, 0.0000e+00, 0.0000e+00, 
 2DIAGNOSTIC,     3, -5.351798430933e-01, 1.797693134862e+308, 0.0000e+00, 0.0000e+00, 
 2DIAGNOSTIC,     4, -5.353301485289e-01, 1.797693134862e+308, 0.0000e+00, 0.0000e+00, 
 2DIAGNOSTIC,     5, -5.354693936580e-01, 1.797693134862e+308, 0.0000e+00, 0.0000e+00, 
 2DIAGNOSTIC,     6, -5.358741536000e-01, 1.797693134862e+308, 0.0000e+00, 0.0000e+00, 
 2DIAGNOSTIC,     7, -5.358693711038e-01, 1.797693134862e+308, 0.0000e+00, 0.0000e+00, 
 2DIAGNOSTIC,     8, -5.358706046448e-01, 1.797693134862e+308, 0.0000e+00, 0.0000e+00, 
 2DIAGNOSTIC,     9, -5.358680862047e-01, 1.797693134862e+308, 0.0000e+00, 0.0000e+00, 
 2DIAGNOSTIC,    10, -5.358665756071e-01, 1.453885450349e-04, 0.0000e+00, 0.0000e+00, 
 2DIAGNOSTIC,    11, -5.358601260480e-01, 1.007483556305e-04, 0.0000e+00, 0.0000e+00, 
 2DIAGNOSTIC,    12, -5.358547612419e-01, 6.517101964003e-05, 0.0000e+00, 0.0000e+00, 
 2DIAGNOSTIC,    13, -5.358533588783e-01, 3.705509566301e-05, 0.0000e+00, 0.0000e+00, 
 2DIAGNOSTIC,    14, -5.358524020779e-01, 1.550085445676e-05, 0.0000e+00, 0.0000e+00, 
DIAGNOSTIC,Iteration,metricValue,convergenceValue,ITERATION_TIME_INDEX,SINCE_LAST
 2DIAGNOSTIC,     1, -4.894883185852e-01, 1.797693134862e+308, 0.0000e+00, 0.0000e+00, 
 2DIAGNOSTIC,     2, -4.895028331323e-01, 1.797693134862e+308, 0.0000e+00, 0.0000e+00, 
 2DIAGNOSTIC,     3, -4.895142023721e-01, 1.797693134862e+308, 0.0000e+00, 0.0000e+00, 
 2DIAGNOSTIC,     4, -4.895141318609e-01, 1.797693134862e+308, 0.0000e+00, 0.0000e+00, 
 2DIAGNOSTIC,     5, -4.895243926541e-01, 1.797693134862e+308, 0.0000e+00, 0.0000e+00, 
 2DIAGNOSTIC,     6, -4.895518677013e-01, 1.797693134862e+308, 0.0000e+00, 0.0000e+00, 
 2DIAGNOSTIC,     7, -4.896592390927e-01, 1.797693134862e+308, 0.0000e+00, 0.0000e+00, 
 2DIAGNOSTIC,     8, -4.896676230439e-01, 1.797693134862e+308, 0.0000e+00, 0.0000e+00, 
 2DIAGNOSTIC,     9, -4.896717727403e-01, 1.797693134862e+308, 0.0000e+00, 0.0000e+00, 
 2DIAGNOSTIC,    10, -4.896714863091e-01, 3.280726945049e-05, 0.0000e+00, 0.0000e+00, 
 2DIAGNOSTIC,    11, -4.896749936249e-01, 2.951342604464e-05, 0.0000e+00, 0.0000e+00, 
 2DIAGNOSTIC,    12, -4.896786412545e-01, 2.515472817148e-05, 0.0000e+00, 0.0000e+00, 
 2DIAGNOSTIC,    13, -4.896814752721e-01, 2.006491291025e-05, 0.0000e+00, 0.0000e+00, 
 2DIAGNOSTIC,    14, -4.896957848253e-01, 1.476164389301e-05, 0.0000e+00, 0.0000e+00, 
 2DIAGNOSTIC,    15, -4.896952597426e-01, 9.412395644962e-06, 0.0000e+00, 0.0000e+00, 
 2DIAGNOSTIC,    16, -4.897044930295e-01, 5.293821551997e-06, 0.0000e+00, 0.0000e+00, 
 2DIAGNOSTIC,    17, -4.897271610229e-01, 5.783518855662e-06, 0.0000e+00, 0.0000e+00, 
 2DIAGNOSTIC,    18, -4.897892649798e-01, 8.105616953122e-06, 0.0000e+00, 0.0000e+00, 
 2DIAGNOSTIC,    19, -4.897857816853e-01, 9.569425568824e-06, 0.0000e+00, 0.0000e+00, 
 2DIAGNOSTIC,    20, -4.897856716690e-01, 1.017324018133e-05, 0.0000e+00, 0.0000e+00, 
 2DIAGNOSTIC,    21, -4.897860404887e-01, 1.005084676880e-05, 0.0000e+00, 0.0000e+00, 
 2DIAGNOSTIC,    22, -4.897833914252e-01, 9.151110209639e-06, 0.0000e+00, 0.0000e+00, 
 2DIAGNOSTIC,    23, -4.897842458829e-01, 7.667813725402e-06, 0.0000e+00, 0.0000e+00, 
 2DIAGNOSTIC,    24, -4.897808406809e-01, 5.988368107585e-06, 0.0000e+00, 0.0000e+00, 
 2DIAGNOSTIC,    25, -4.897814780308e-01, 4.032667563582e-06, 0.0000e+00, 0.0000e+00, 
 2DIAGNOSTIC,    26, -4.897814792412e-01, 2.173115250539e-06, 0.0000e+00, 0.0000e+00, 
  Elapsed time (stage 0): 0.0000e+00


Total elapsed time: 0.0000e+00
Info [verificarlo]: loaded backend libinterflop_ieee.so
Info [interflop-ieee]: load backend with:
Info [interflop-ieee]: debug = false
Info [interflop-ieee]: debug-binary = false
Info [interflop-ieee]: no-backend-name = false
Info [interflop-ieee]: print-new-line = false
Info [interflop-ieee]: print-subnormal-normalized = false
Info [interflop-ieee]: count-op = false
All_Command_lines_OK
Using double precision for computations.
=============================================================================
The composite transform comprises the following transforms (in order): 
  1. /home/mdugre/scratch/mri-registration-rp/datasets/ds004513/derivatives/mri-registration-rp/0100/antsRegistration-r8-p16/sub-s025/rigid_Composite.h5[0] (type = Euler3DTransform)
  2. /home/mdugre/scratch/mri-registration-rp/datasets/ds004513/derivatives/mri-registration-rp/0100/antsRegistration-r8-p16/sub-s025/rigid_Composite.h5[1] (type = Euler3DTransform)
  3. /home/mdugre/scratch/mri-registration-rp/datasets/ds004513/derivatives/mri-registration-rp/0100/antsRegistration-r8-p16/sub-s025/rigid_Composite.h5[2] (type = Euler3DTransform)
=============================================================================
  number of levels = 4
  fixed image: /templateflow/tpl-MNI152NLin2009cAsym/tpl-MNI152NLin2009cAsym_res-01_desc-brain_T1w.nii.gz
  moving image: /home/mdugre/scratch/mri-registration-rp/datasets/ds004513/derivatives/mri-registration-rp/antsBrainExtraction/sub-s025/BrainExtractionBrain.nii.gz
Dimension = 3
Number of stages = 1
Use histogram matching = false
Winsorize image intensities = true
  Lower quantile = 0.005
  Upper quantile = 0.995


Stage 1 State
   Image metric = MattesMI
     Fixed image = Image (0x453a7e0)
  RTTI typeinfo:   itk::Image<double, 3u>
  Reference Count: 2
  Modified Time: 1594
  Debug: Off
  Object Name: 
  Observers: 
    none
  Source: (none)
  Source output name: (none)
  Release Data: Off
  Data Released: False
  Global Release Data: Off
  PipelineMTime: 0
  UpdateMTime: 1203
  RealTimeStamp: 0 seconds 
  LargestPossibleRegion: 
    Dimension: 3
    Index: [0, 0, 0]
    Size: [193, 229, 193]
  BufferedRegion: 
    Dimension: 3
    Index: [0, 0, 0]
    Size: [193, 229, 193]
  RequestedRegion: 
    Dimension: 3
    Index: [0, 0, 0]
    Size: [193, 229, 193]
  Spacing: [1, 1, 1]
  Origin: [96, 132, -78]
  Direction: 
-1 0 0
0 -1 0
0 0 1

  IndexToPointMatrix: 
-1 0 0
0 -1 0
0 0 1

  PointToIndexMatrix: 
-1 0 0
0 -1 0
0 0 1

  Inverse Direction: 
-1 0 0
0 -1 0
0 0 1

  PixelContainer: 
    ImportImageContainer (0x45faa20)
      RTTI typeinfo:   itk::ImportImageContainer<unsigned long, double>
      Reference Count: 1
      Modified Time: 1200
      Debug: Off
      Object Name: 
      Observers: 
        none
      Pointer: 0x1545b86ea010
      Container manages memory: true
      Size: 8530021
      Capacity: 8530021

     Moving image = Image (0x45adcf0)
  RTTI typeinfo:   itk::Image<double, 3u>
  Reference Count: 2
  Modified Time: 1595
  Debug: Off
  Object Name: 
  Observers: 
    none
  Source: (none)
  Source output name: (none)
  Release Data: Off
  Data Released: False
  Global Release Data: Off
  PipelineMTime: 0
  UpdateMTime: 1592
  RealTimeStamp: 0 seconds 
  LargestPossibleRegion: 
    Dimension: 3
    Index: [0, 0, 0]
    Size: [176, 240, 256]
  BufferedRegion: 
    Dimension: 3
    Index: [0, 0, 0]
    Size: [176, 240, 256]
  RequestedRegion: 
    Dimension: 3
    Index: [0, 0, 0]
    Size: [176, 240, 256]
  Spacing: [0.999999, 1, 1]
  Origin: [90.3778, 84.5091, -154.071]
  Direction: 
-0.999391 7.48184e-06 -0.0348969
-7.47664e-06 -1 -2.7953e-07
-0.0348969 -1.84481e-08 0.999391

  IndexToPointMatrix: 
-0.99939 7.48184e-06 -0.0348969
-7.47663e-06 -1 -2.7953e-07
-0.0348968 -1.84481e-08 0.999391

  PointToIndexMatrix: 
-0.999392 -7.47665e-06 -0.0348969
7.48184e-06 -1 -1.84481e-08
-0.0348969 -2.7953e-07 0.999391

  Inverse Direction: 
-0.999391 -7.47664e-06 -0.0348969
7.48184e-06 -1 -1.84481e-08
-0.0348969 -2.7953e-07 0.999391

  PixelContainer: 
    ImportImageContainer (0x4629550)
      RTTI typeinfo:   itk::ImportImageContainer<unsigned long, double>
      Reference Count: 1
      Modified Time: 1589
      Debug: Off
      Object Name: 
      Observers: 
        none
      Pointer: 0x1545b3469010
      Container manages memory: true
      Size: 10813440
      Capacity: 10813440

     Weighting = 1
     Sampling strategy = regular
     Number of bins = 32
     Radius = 4
     Sampling percentage  = 0.25
   Transform = Affine
     Gradient step = 0.1
     Update field sigma (voxel space) = 0
     Total field sigma (voxel space) = 0
     Update field time sigma = 0
     Total field time sigma  = 0
     Number of time indices = 0
     Number of time point samples = 0
Registration using 1 total stages.

Stage 0
  iterations = 1000x500x250x100
  convergence threshold = 1e-06
  convergence window size = 10
  number of levels = 4
  using the Mattes MI metric (number of bins = 32, weight = 1, use gradient filter = 0)
  preprocessing:  winsorizing the image intensities
  Shrink factors (level 1 out of 4): [8, 8, 8]
  Shrink factors (level 2 out of 4): [4, 4, 4]
  Shrink factors (level 3 out of 4): [2, 2, 2]
  Shrink factors (level 4 out of 4): [1, 1, 1]
  smoothing sigmas per level: [3, 2, 1, 0]
  regular sampling (percentage = 0.25)

*** Running AffineTransform registration ***

DIAGNOSTIC,Iteration,metricValue,convergenceValue,ITERATION_TIME_INDEX,SINCE_LAST
 2DIAGNOSTIC,     1, -7.477292213426e-01, 1.797693134862e+308, 7.9108e-01, 7.9108e-01, 
 2DIAGNOSTIC,     2, -7.497171688926e-01, 1.797693134862e+308, 7.9596e-01, 4.8730e-03, 
 2DIAGNOSTIC,     3, -7.528016966889e-01, 1.797693134862e+308, 8.0031e-01, 4.3540e-03, 
 2DIAGNOSTIC,     4, -7.575535245112e-01, 1.797693134862e+308, 8.0463e-01, 4.3230e-03, 
 2DIAGNOSTIC,     5, -7.653546277090e-01, 1.797693134862e+308, 8.0905e-01, 4.4179e-03, 
 2DIAGNOSTIC,     6, -7.788093800323e-01, 1.797693134862e+308, 8.1362e-01, 4.5719e-03, 
 2DIAGNOSTIC,     7, -8.020074586470e-01, 1.797693134862e+308, 8.1812e-01, 4.4961e-03, 
 2DIAGNOSTIC,     8, -8.792242317971e-01, 1.797693134862e+308, 8.2363e-01, 5.5089e-03, 
 2DIAGNOSTIC,     9, -9.120920646740e-01, 1.797693134862e+308, 8.3040e-01, 6.7680e-03, 
 2DIAGNOSTIC,    10, -9.148929049050e-01, 1.483954682038e-02, 8.3510e-01, 4.7021e-03, 
 2DIAGNOSTIC,    11, -9.238228074071e-01, 1.522591209890e-02, 8.4002e-01, 4.9229e-03, 
 2DIAGNOSTIC,    12, -9.285114184311e-01, 1.436551489109e-02, 8.4472e-01, 4.6999e-03, 
 2DIAGNOSTIC,    13, -9.320129396551e-01, 1.250204306010e-02, 8.4993e-01, 5.2121e-03, 
 2DIAGNOSTIC,    14, -9.336508900807e-01, 9.949952659999e-03, 8.5791e-01, 7.9761e-03, 
 2DIAGNOSTIC,    15, -9.339970548282e-01, 7.075986245798e-03, 8.6250e-01, 4.5898e-03, 
 2DIAGNOSTIC,    16, -9.353227614352e-01, 4.272665091340e-03, 8.6774e-01, 5.2428e-03, 
 2DIAGNOSTIC,    17, -9.362851551230e-01, 1.871631476441e-03, 8.7256e-01, 4.8220e-03, 
 2DIAGNOSTIC,    18, -9.367871727784e-01, 9.960383973781e-04, 8.7828e-01, 5.7189e-03, 
 2DIAGNOSTIC,    19, -9.370842462147e-01, 7.025417160687e-04, 8.8365e-01, 5.3630e-03, 
 2DIAGNOSTIC,    20, -9.369447086398e-01, 4.169146744320e-04, 8.8830e-01, 4.6582e-03, 
 2DIAGNOSTIC,    21, -9.369095435244e-01, 2.586566014487e-04, 8.9301e-01, 4.7030e-03, 
 2DIAGNOSTIC,    22, -9.371722625176e-01, 1.635138159274e-04, 8.9771e-01, 4.7030e-03, 
 2DIAGNOSTIC,    23, -9.376616530255e-01, 1.175934512810e-04, 9.0242e-01, 4.7090e-03, 
 2DIAGNOSTIC,    24, -9.384000597504e-01, 9.688334873500e-05, 9.0727e-01, 4.8501e-03, 
 2DIAGNOSTIC,    25, -9.389432978372e-01, 8.007809148497e-05, 9.1318e-01, 5.9140e-03, 
 2DIAGNOSTIC,    26, -9.384445726441e-01, 6.727952425557e-05, 9.1837e-01, 5.1901e-03, 
 2DIAGNOSTIC,    27, -9.384949507670e-01, 6.145645768590e-05, 9.2373e-01, 5.3530e-03, 
 2DIAGNOSTIC,    28, -9.386192810843e-01, 5.730974017797e-05, 9.2917e-01, 5.4419e-03, 
 2DIAGNOSTIC,    29, -9.386065848932e-01, 5.108823072103e-05, 9.3442e-01, 5.2521e-03, 
 2DIAGNOSTIC,    30, -9.382840596113e-01, 3.573682894924e-05, 9.4021e-01, 5.7862e-03, 
 2DIAGNOSTIC,    31, -9.381903178486e-01, 1.711505028650e-05, 9.4543e-01, 5.2199e-03, 
DIAGNOSTIC,Iteration,metricValue,convergenceValue,ITERATION_TIME_INDEX,SINCE_LAST
 2DIAGNOSTIC,     1, -7.506185439729e-01, 1.797693134862e+308, 1.6661e+00, 7.2069e-01, 
 2DIAGNOSTIC,     2, -7.510803224334e-01, 1.797693134862e+308, 1.7023e+00, 3.6173e-02, 
 2DIAGNOSTIC,     3, -7.514396571347e-01, 1.797693134862e+308, 1.7337e+00, 3.1393e-02, 
 2DIAGNOSTIC,     4, -7.520398935500e-01, 1.797693134862e+308, 1.7686e+00, 3.4920e-02, 
 2DIAGNOSTIC,     5, -7.532941876412e-01, 1.797693134862e+308, 1.8108e+00, 4.2246e-02, 
 2DIAGNOSTIC,     6, -7.541648072217e-01, 1.797693134862e+308, 1.8712e+00, 6.0343e-02, 
 2DIAGNOSTIC,     7, -7.541859908826e-01, 1.797693134862e+308, 1.9050e+00, 3.3822e-02, 
 2DIAGNOSTIC,     8, -7.541951696596e-01, 1.797693134862e+308, 1.9396e+00, 3.4561e-02, 
 2DIAGNOSTIC,     9, -7.542092705808e-01, 1.797693134862e+308, 1.9750e+00, 3.5474e-02, 
 2DIAGNOSTIC,    10, -7.542594932943e-01, 3.600674466040e-04, 2.0087e+00, 3.3644e-02, 
 2DIAGNOSTIC,    11, -7.542887452878e-01, 2.643014843950e-04, 2.0455e+00, 3.6860e-02, 
 2DIAGNOSTIC,    12, -7.543347920843e-01, 1.774843252721e-04, 2.0791e+00, 3.3584e-02, 
 2DIAGNOSTIC,    13, -7.543461183661e-01, 9.935558021625e-05, 2.1205e+00, 4.1366e-02, 
 2DIAGNOSTIC,    14, -7.543614897283e-01, 3.952057140998e-05, 2.1561e+00, 3.5604e-02, 
 2DIAGNOSTIC,    15, -7.543592856486e-01, 1.513020697660e-05, 2.1983e+00, 4.2191e-02, 
 2DIAGNOSTIC,    16, -7.543584172177e-01, 1.308778269968e-05, 2.2319e+00, 3.3594e-02, 
 2DIAGNOSTIC,    17, -7.543653698262e-01, 1.088959778351e-05, 2.2692e+00, 3.7298e-02, 
 2DIAGNOSTIC,    18, -7.543870073883e-01, 8.748913726542e-06, 2.3068e+00, 3.7648e-02, 
 2DIAGNOSTIC,    19, -7.543842762238e-01, 6.389306655141e-06, 2.3384e+00, 3.1536e-02, 
 2DIAGNOSTIC,    20, -7.544021963284e-01, 5.119098813039e-06, 2.3773e+00, 3.8950e-02, 
 2DIAGNOSTIC,    21, -7.543923582038e-01, 3.969764538057e-06, 2.4134e+00, 3.6116e-02, 
 2DIAGNOSTIC,    22, -7.543677206595e-01, 3.064302253566e-06, 2.4541e+00, 4.0672e-02, 
 2DIAGNOSTIC,    23, -7.543635600518e-01, 2.204080846176e-06, 2.4993e+00, 4.5200e-02, 
 2DIAGNOSTIC,    24, -7.543411963931e-01, 1.224594669925e-06, 2.5375e+00, 3.8149e-02, 
DIAGNOSTIC,Iteration,metricValue,convergenceValue,ITERATION_TIME_INDEX,SINCE_LAST
 2DIAGNOSTIC,     1, -6.417154883763e-01, 1.797693134862e+308, 3.7067e+00, 1.1693e+00, 
 2DIAGNOSTIC,     2, -6.421351759388e-01, 1.797693134862e+308, 3.9919e+00, 2.8514e-01, 
 2DIAGNOSTIC,     3, -6.425719979349e-01, 1.797693134862e+308, 4.2354e+00, 2.4356e-01, 
 2DIAGNOSTIC,     4, -6.430915090341e-01, 1.797693134862e+308, 4.4955e+00, 2.6004e-01, 
 2DIAGNOSTIC,     5, -6.438848708169e-01, 1.797693134862e+308, 4.7559e+00, 2.6041e-01, 
 2DIAGNOSTIC,     6, -6.450692770676e-01, 1.797693134862e+308, 5.1785e+00, 4.2263e-01, 
 2DIAGNOSTIC,     7, -6.451258292343e-01, 1.797693134862e+308, 5.5972e+00, 4.1866e-01, 
 2DIAGNOSTIC,     8, -6.451297158863e-01, 1.797693134862e+308, 5.9491e+00, 3.5199e-01, 
 2DIAGNOSTIC,     9, -6.451342825455e-01, 1.797693134862e+308, 6.2510e+00, 3.0188e-01, 
 2DIAGNOSTIC,    10, -6.451309127833e-01, 3.994043082468e-04, 6.6047e+00, 3.5363e-01, 
 2DIAGNOSTIC,    11, -6.451332492275e-01, 2.940919591610e-04, 6.9573e+00, 3.5261e-01, 
 2DIAGNOSTIC,    12, -6.451316542843e-01, 1.956723007228e-04, 7.2205e+00, 2.6323e-01, 
 2DIAGNOSTIC,    13, -6.451309185845e-01, 1.102560280764e-04, 7.4933e+00, 2.7282e-01, 
 2DIAGNOSTIC,    14, -6.451302147418e-01, 4.337678213687e-05, 7.7802e+00, 2.8687e-01, 
 2DIAGNOSTIC,    15, -6.451308951670e-01, 4.048164616924e-06, 8.0313e+00, 2.5106e-01, 
 2DIAGNOSTIC,    16, -6.451325316368e-01, 2.117707673971e-06, 8.2835e+00, 2.5227e-01, 
 2DIAGNOSTIC,    17, -6.451337626786e-01, 1.898368691314e-06, 8.6138e+00, 3.3027e-01, 
 2DIAGNOSTIC,    18, -6.451318563895e-01, 1.746769053096e-06, 8.9377e+00, 3.2386e-01, 
 2DIAGNOSTIC,    19, -6.451319310465e-01, 1.725739082949e-06, 9.2835e+00, 3.4589e-01, 
 2DIAGNOSTIC,    20, -6.451294431361e-01, 1.570425302036e-06, 9.5834e+00, 2.9983e-01, 
 2DIAGNOSTIC,    21, -6.451270257558e-01, 1.430893875588e-06, 9.8845e+00, 3.0111e-01, 
 2DIAGNOSTIC,    22, -6.451273484344e-01, 1.287406178788e-06, 1.0182e+01, 2.9721e-01, 
 2DIAGNOSTIC,    23, -6.451263037882e-01, 1.137289174474e-06, 1.0444e+01, 2.6219e-01, 
DIAGNOSTIC,Iteration,metricValue,convergenceValue,ITERATION_TIME_INDEX,SINCE_LAST
 2DIAGNOSTIC,     1, -5.764424930744e-01, 1.797693134862e+308, 1.3209e+01, 2.7651e+00, 
 2DIAGNOSTIC,     2, -5.768990524133e-01, 1.797693134862e+308, 1.4817e+01, 1.6078e+00, 
 2DIAGNOSTIC,     3, -5.774296650937e-01, 1.797693134862e+308, 1.6484e+01, 1.6669e+00, 
 2DIAGNOSTIC,     4, -5.780507969140e-01, 1.797693134862e+308, 1.8052e+01, 1.5681e+00, 
 2DIAGNOSTIC,     5, -5.785301759298e-01, 1.797693134862e+308, 1.9805e+01, 1.7529e+00, 
 2DIAGNOSTIC,     6, -5.796396205278e-01, 1.797693134862e+308, 2.4897e+01, 5.0920e+00, 
 2DIAGNOSTIC,     7, -5.796397012568e-01, 1.797693134862e+308, 2.6772e+01, 1.8750e+00, 
 2DIAGNOSTIC,     8, -5.796393457043e-01, 1.797693134862e+308, 2.8710e+01, 1.9385e+00, 
 2DIAGNOSTIC,     9, -5.796391813199e-01, 1.797693134862e+308, 3.0653e+01, 1.9423e+00, 
 2DIAGNOSTIC,    10, -5.796391189747e-01, 3.994663538914e-04, 3.2411e+01, 1.7583e+00, 
 2DIAGNOSTIC,    11, -5.796389672558e-01, 2.843320531917e-04, 3.4245e+01, 1.8340e+00, 
 2DIAGNOSTIC,    12, -5.796389944285e-01, 1.817040990402e-04, 3.5971e+01, 1.7267e+00, 
 2DIAGNOSTIC,    13, -5.796387203570e-01, 9.898400562046e-05, 3.7676e+01, 1.7045e+00, 
 2DIAGNOSTIC,    14, -5.796387003934e-01, 4.109953361003e-05, 3.9560e+01, 1.8839e+00, 
 2DIAGNOSTIC,    15, -5.796386342214e-01, 2.044364948245e-06, 4.1334e+01, 1.7740e+00, 
 2DIAGNOSTIC,    16, -5.796383876878e-01, 1.915145039846e-06, 4.2926e+01, 1.5924e+00, 
 2DIAGNOSTIC,    17, -5.796381786234e-01, 1.804782783797e-06, 4.4642e+01, 1.7160e+00, 
 2DIAGNOSTIC,    18, -5.796381201067e-01, 1.701946249523e-06, 4.6382e+01, 1.7395e+00, 
 2DIAGNOSTIC,    19, -5.796380615196e-01, 1.610330458493e-06, 4.8282e+01, 1.8999e+00, 
 2DIAGNOSTIC,    20, -5.796376600680e-01, 1.522589937068e-06, 4.9853e+01, 1.5717e+00, 
 2DIAGNOSTIC,    21, -5.796375939875e-01, 1.444835284387e-06, 5.1790e+01, 1.9367e+00, 
 2DIAGNOSTIC,    22, -5.796375278205e-01, 1.380102853610e-06, 5.3518e+01, 1.7283e+00, 
 2DIAGNOSTIC,    23, -5.796372188299e-01, 1.314671166937e-06, 5.5278e+01, 1.7593e+00, 
 2DIAGNOSTIC,    24, -5.796373105978e-01, 1.262784586759e-06, 5.6850e+01, 1.5728e+00, 
 2DIAGNOSTIC,    25, -5.796373151221e-01, 1.219886624278e-06, 5.8837e+01, 1.9862e+00, 
 2DIAGNOSTIC,    26, -5.796372648229e-01, 1.179776420460e-06, 6.0830e+01, 1.9934e+00, 
 2DIAGNOSTIC,    27, -5.796370374904e-01, 1.138905147774e-06, 6.2810e+01, 1.9798e+00, 
 2DIAGNOSTIC,    28, -5.796368014464e-01, 1.099691569556e-06, 6.4625e+01, 1.8147e+00, 
 2DIAGNOSTIC,    29, -5.796368491670e-01, 1.066717422067e-06, 6.6234e+01, 1.6099e+00, 
 2DIAGNOSTIC,    30, -5.796367792277e-01, 1.030955971551e-06, 6.7983e+01, 1.7482e+00, 
  Elapsed time (stage 0): 6.9033e+01


Total elapsed time: 6.9036e+01
Info [verificarlo]: loaded backend libinterflop_ieee.so
Info [interflop-ieee]: load backend with:
Info [interflop-ieee]: debug = false
Info [interflop-ieee]: debug-binary = false
Info [interflop-ieee]: no-backend-name = false
Info [interflop-ieee]: print-new-line = false
Info [interflop-ieee]: print-subnormal-normalized = false
Info [interflop-ieee]: count-op = false
All_Command_lines_OK
Using double precision for computations.
=============================================================================
The composite transform comprises the following transforms (in order): 
  1. /home/mdugre/scratch/mri-registration-rp/datasets/ds004513/derivatives/mri-registration-rp/0100/antsRegistration-r8-p16/sub-s025/affine_Composite.h5[0] (type = Euler3DTransform)
  2. /home/mdugre/scratch/mri-registration-rp/datasets/ds004513/derivatives/mri-registration-rp/0100/antsRegistration-r8-p16/sub-s025/affine_Composite.h5[1] (type = Euler3DTransform)
  3. /home/mdugre/scratch/mri-registration-rp/datasets/ds004513/derivatives/mri-registration-rp/0100/antsRegistration-r8-p16/sub-s025/affine_Composite.h5[2] (type = Euler3DTransform)
  4. /home/mdugre/scratch/mri-registration-rp/datasets/ds004513/derivatives/mri-registration-rp/0100/antsRegistration-r8-p16/sub-s025/affine_Composite.h5[3] (type = AffineTransform)
=============================================================================
  number of levels = 4
