
##########################
# Experiment information #
##########################

EXPERIMENT_NAME: antsRegistration-r7-p21
VFC_BACKENDS: libinterflop_vprec.so --range-binary32=7 --precision-binary32=21 --range-binary64=7 --precision-binary64=21

SIF_IMG: /home/mdugre/projects/rrg-glatard/mdugre/containers/ants-vprec-no_metrics.simg

SUBJECT_ID: s003
INPUT_IMG: /home/mdugre/scratch/mri-registration-rp/datasets/ds004513/derivatives/mri-registration-rp/antsBrainExtraction/sub-s003/BrainExtractionBrain.nii.gz
OUTPUT_DIR: /home/mdugre/scratch/mri-registration-rp/datasets/ds004513/derivatives/mri-registration-rp/0100/antsRegistration-r7-p21/sub-s003

FIXED_IMG: /templateflow/tpl-MNI152NLin2009cAsym/tpl-MNI152NLin2009cAsym_res-01_desc-brain_T1w.nii.gz
DATA_DIR: /home/mdugre/scratch/mri-registration-rp/datasets/ds004513
TEMPLATEFLOW_DIR: /home/mdugre/projects/rrg-glatard/mdugre/templateflow
ITK_GLOBAL_DEFAULT_NUMBER_OF_THREADS: 16
##########################

Info [verificarlo]: loaded backend libinterflop_ieee.so
Info [interflop-ieee]: load backend with:
Info [interflop-ieee]: debug = false
Info [interflop-ieee]: debug-binary = false
Info [interflop-ieee]: no-backend-name = false
Info [interflop-ieee]: print-new-line = false
Info [interflop-ieee]: print-subnormal-normalized = false
Info [interflop-ieee]: count-op = false
All_Command_lines_OK
Using double precision for computations.
=============================================================================
The composite transform comprises the following transforms (in order): 
  1. Center of mass alignment using fixed image: /templateflow/tpl-MNI152NLin2009cAsym/tpl-MNI152NLin2009cAsym_res-01_desc-brain_T1w.nii.gz and moving image: /home/mdugre/scratch/mri-registration-rp/datasets/ds004513/derivatives/mri-registration-rp/antsBrainExtraction/sub-s003/BrainExtractionBrain.nii.gz (type = Euler3DTransform)
=============================================================================
  number of levels = 1
  fixed image: /templateflow/tpl-MNI152NLin2009cAsym/tpl-MNI152NLin2009cAsym_res-01_desc-brain_T1w.nii.gz
  moving image: /home/mdugre/scratch/mri-registration-rp/datasets/ds004513/derivatives/mri-registration-rp/antsBrainExtraction/sub-s003/BrainExtractionBrain.nii.gz
Dimension = 3
Number of stages = 1
Use histogram matching = false
Winsorize image intensities = true
  Lower quantile = 0.005
  Upper quantile = 0.995


Stage 1 State
   Image metric = MattesMI
     Fixed image = Image (0x40a0e70)
  RTTI typeinfo:   itk::Image<double, 3u>
  Reference Count: 2
  Modified Time: 2334
  Debug: Off
  Object Name: 
  Observers: 
    none
  Source: (none)
  Source output name: (none)
  Release Data: Off
  Data Released: False
  Global Release Data: Off
  PipelineMTime: 0
  UpdateMTime: 1943
  RealTimeStamp: 0 seconds 
  LargestPossibleRegion: 
    Dimension: 3
    Index: [0, 0, 0]
    Size: [193, 229, 193]
  BufferedRegion: 
    Dimension: 3
    Index: [0, 0, 0]
    Size: [193, 229, 193]
  RequestedRegion: 
    Dimension: 3
    Index: [0, 0, 0]
    Size: [193, 229, 193]
  Spacing: [1, 1, 1]
  Origin: [96, 132, -78]
  Direction: 
-1 0 0
0 -1 0
0 0 1

  IndexToPointMatrix: 
-1 0 0
0 -1 0
0 0 1

  PointToIndexMatrix: 
-1 0 0
0 -1 0
0 0 1

  Inverse Direction: 
-1 0 0
0 -1 0
0 0 1

  PixelContainer: 
    ImportImageContainer (0x40ad140)
      RTTI typeinfo:   itk::ImportImageContainer<unsigned long, double>
      Reference Count: 1
      Modified Time: 1940
      Debug: Off
      Object Name: 
      Observers: 
        none
      Pointer: 0x149cbf827010
      Container manages memory: true
      Size: 8530021
      Capacity: 8530021

     Moving image = Image (0x40aa310)
  RTTI typeinfo:   itk::Image<double, 3u>
  Reference Count: 2
  Modified Time: 2335
  Debug: Off
  Object Name: 
  Observers: 
    none
  Source: (none)
  Source output name: (none)
  Release Data: Off
  Data Released: False
  Global Release Data: Off
  PipelineMTime: 0
  UpdateMTime: 2332
  RealTimeStamp: 0 seconds 
  LargestPossibleRegion: 
    Dimension: 3
    Index: [0, 0, 0]
    Size: [176, 240, 256]
  BufferedRegion: 
    Dimension: 3
    Index: [0, 0, 0]
    Size: [176, 240, 256]
  RequestedRegion: 
    Dimension: 3
    Index: [0, 0, 0]
    Size: [176, 240, 256]
  Spacing: [0.999999, 1, 1]
  Origin: [93.3499, 86.9368, -128.957]
  Direction: 
-0.999513 -0.0279216 -0.0139567
0.0279189 -0.99961 0.000389866
-0.0139622 2.01492e-08 0.999903

  IndexToPointMatrix: 
-0.999512 -0.0279216 -0.0139567
0.0279189 -0.99961 0.000389866
-0.0139621 2.01492e-08 0.999903

  PointToIndexMatrix: 
-0.999514 0.0279189 -0.0139622
-0.0279216 -0.99961 2.01716e-08
-0.0139567 0.000389866 0.999903

  Inverse Direction: 
-0.999513 0.0279189 -0.0139622
-0.0279216 -0.99961 2.01716e-08
-0.0139567 0.000389866 0.999903

  PixelContainer: 
    ImportImageContainer (0x41d5610)
      RTTI typeinfo:   itk::ImportImageContainer<unsigned long, double>
      Reference Count: 1
      Modified Time: 2329
      Debug: Off
      Object Name: 
      Observers: 
        none
      Pointer: 0x149cba5a6010
      Container manages memory: true
      Size: 10813440
      Capacity: 10813440

     Weighting = 1
     Sampling strategy = regular
     Number of bins = 32
     Radius = 4
     Sampling percentage  = 0.25
   Transform = Rigid
     Gradient step = 0.1
     Update field sigma (voxel space) = 0
     Total field sigma (voxel space) = 0
     Update field time sigma = 0
     Total field time sigma  = 0
     Number of time indices = 0
     Number of time point samples = 0
Registration using 1 total stages.

Stage 0
  iterations = 0
  convergence threshold = 1e-06
  convergence window size = 10
  number of levels = 1
  using the Mattes MI metric (number of bins = 32, weight = 1, use gradient filter = 0)
  preprocessing:  winsorizing the image intensities
  Shrink factors (level 1 out of 1): [1, 1, 1]
  smoothing sigmas per level: [0]
  regular sampling (percentage = 0.25)

*** Running Euler3DTransform registration ***

  Elapsed time (stage 0): 1.17523


Total elapsed time: 1.18332
Info [verificarlo]: loaded backend libinterflop_vprec.so
Info [interflop-vprec]: load backend with: 
Info [interflop-vprec]: precision-binary32 = 21
Info [interflop-vprec]: range-binary32 = 7
Info [interflop-vprec]: precision-binary64 = 21
Info [interflop-vprec]: range-binary64 = 7
Info [interflop-vprec]: mode = ob
Info [interflop-vprec]: error-mode = rel
Info [interflop-vprec]: max-abs-error-exponent = -1022
Info [interflop-vprec]: daz = false
Info [interflop-vprec]: ftz = false
Info [interflop-vprec]: 	instrument = none
Info [interflop-vprec]: 	prec-input-file = (null)
Info [interflop-vprec]: 	prec-output-file = (null)
Info [interflop-vprec]: 	prec-log-file = (null)
All_Command_lines_OK
Using double precision for computations.
=============================================================================
The composite transform comprises the following transforms (in order): 
  1. /home/mdugre/scratch/mri-registration-rp/datasets/ds004513/derivatives/mri-registration-rp/0100/antsRegistration-r7-p21/sub-s003/align_Composite.h5[0] (type = Euler3DTransform)
  2. /home/mdugre/scratch/mri-registration-rp/datasets/ds004513/derivatives/mri-registration-rp/0100/antsRegistration-r7-p21/sub-s003/align_Composite.h5[1] (type = Euler3DTransform)
=============================================================================
  number of levels = 4
  fixed image: /templateflow/tpl-MNI152NLin2009cAsym/tpl-MNI152NLin2009cAsym_res-01_desc-brain_T1w.nii.gz
  moving image: /home/mdugre/scratch/mri-registration-rp/datasets/ds004513/derivatives/mri-registration-rp/antsBrainExtraction/sub-s003/BrainExtractionBrain.nii.gz
Dimension = 3
Number of stages = 1
Use histogram matching = false
Winsorize image intensities = true
  Lower quantile = 0.005
  Upper quantile = 0.995


Stage 1 State
   Image metric = MattesMI
     Fixed image = Image (0x50861e0)
  RTTI typeinfo:   itk::Image<double, 3u>
  Reference Count: 2
  Modified Time: 1580
  Debug: Off
  Object Name: 
  Observers: 
    none
  Source: (none)
  Source output name: (none)
  Release Data: Off
  Data Released: False
  Global Release Data: Off
  PipelineMTime: 0
  UpdateMTime: 1189
  RealTimeStamp: 0 seconds 
  LargestPossibleRegion: 
    Dimension: 3
    Index: [0, 0, 0]
    Size: [193, 229, 193]
  BufferedRegion: 
    Dimension: 3
    Index: [0, 0, 0]
    Size: [193, 229, 193]
  RequestedRegion: 
    Dimension: 3
    Index: [0, 0, 0]
    Size: [193, 229, 193]
  Spacing: [1, 1, 1]
  Origin: [96, 132, -78]
  Direction: 
-1 0 0
0 -1 0
0 0 1

  IndexToPointMatrix: 
-1 0 0
0 -1 0
0 0 1

  PointToIndexMatrix: 
-1 0 0
0 -1 0
0 0 1

  Inverse Direction: 
-1 0 0
0 -1 0
0 0 1

  PixelContainer: 
    ImportImageContainer (0x5145680)
      RTTI typeinfo:   itk::ImportImageContainer<unsigned long, double>
      Reference Count: 1
      Modified Time: 1186
      Debug: Off
      Object Name: 
      Observers: 
        none
      Pointer: 0x149f1c9e3010
      Container manages memory: true
      Size: 8530021
      Capacity: 8530021

     Moving image = Image (0x5141b20)
  RTTI typeinfo:   itk::Image<double, 3u>
  Reference Count: 2
  Modified Time: 1581
  Debug: Off
  Object Name: 
  Observers: 
    none
  Source: (none)
  Source output name: (none)
  Release Data: Off
  Data Released: False
  Global Release Data: Off
  PipelineMTime: 0
  UpdateMTime: 1578
  RealTimeStamp: 0 seconds 
  LargestPossibleRegion: 
    Dimension: 3
    Index: [0, 0, 0]
    Size: [176, 240, 256]
  BufferedRegion: 
    Dimension: 3
    Index: [0, 0, 0]
    Size: [176, 240, 256]
  RequestedRegion: 
    Dimension: 3
    Index: [0, 0, 0]
    Size: [176, 240, 256]
  Spacing: [0.999999, 1, 1]
  Origin: [93.3499, 86.9368, -128.957]
  Direction: 
-0.999513 -0.0279216 -0.0139567
0.0279189 -0.99961 0.000389866
-0.0139622 2.01492e-08 0.999902

  IndexToPointMatrix: 
-0.999512 -0.0279216 -0.0139567
0.0279189 -0.99961 0.000389866
-0.0139621 2.01492e-08 0.999902

  PointToIndexMatrix: 
-0.999514 0.0279189 -0.0139622
-0.0279216 -0.99961 5.59958e-08
-0.0139567 0.000389902 0.999902

  Inverse Direction: 
-0.999513 0.0279189 -0.0139622
-0.0279216 -0.99961 5.59958e-08
-0.0139567 0.000389902 0.999902

  PixelContainer: 
    ImportImageContainer (0x51aad50)
      RTTI typeinfo:   itk::ImportImageContainer<unsigned long, double>
      Reference Count: 1
      Modified Time: 1575
      Debug: Off
      Object Name: 
      Observers: 
        none
      Pointer: 0x149f17762010
      Container manages memory: true
      Size: 10813440
      Capacity: 10813440

     Weighting = 1
     Sampling strategy = regular
     Number of bins = 32
     Radius = 4
     Sampling percentage  = 0.25
   Transform = Rigid
     Gradient step = 0.1
     Update field sigma (voxel space) = 0
     Total field sigma (voxel space) = 0
     Update field time sigma = 0
     Total field time sigma  = 0
     Number of time indices = 0
     Number of time point samples = 0
Registration using 1 total stages.

Stage 0
  iterations = 1000x500x250x100
  convergence threshold = 1e-06
  convergence window size = 10
  number of levels = 4
  using the Mattes MI metric (number of bins = 32, weight = 1, use gradient filter = 0)
  preprocessing:  winsorizing the image intensities
  Shrink factors (level 1 out of 4): [8, 8, 8]
  Shrink factors (level 2 out of 4): [4, 4, 4]
  Shrink factors (level 3 out of 4): [2, 2, 2]
  Shrink factors (level 4 out of 4): [1, 1, 1]
  smoothing sigmas per level: [3, 2, 1, 0]
  regular sampling (percentage = 0.25)

*** Running Euler3DTransform registration ***

DIAGNOSTIC,Iteration,metricValue,convergenceValue,ITERATION_TIME_INDEX,SINCE_LAST
 2DIAGNOSTIC,     1, -4.871194443132e-01, 1.797693134862e+308, 0.0000e+00, 0.0000e+00, 
 2DIAGNOSTIC,     2, -4.887953065869e-01, 1.797693134862e+308, 0.0000e+00, 0.0000e+00, 
 2DIAGNOSTIC,     3, -4.919190974116e-01, 1.797693134862e+308, 0.0000e+00, 0.0000e+00, 
 2DIAGNOSTIC,     4, -5.018784748370e-01, 1.797693134862e+308, 0.0000e+00, 0.0000e+00, 
 2DIAGNOSTIC,     5, -5.198182231445e-01, 1.797693134862e+308, 0.0000e+00, 0.0000e+00, 
 2DIAGNOSTIC,     6, -5.250982675180e-01, 1.797693134862e+308, 0.0000e+00, 0.0000e+00, 
 2DIAGNOSTIC,     7, -5.364723792480e-01, 1.797693134862e+308, 0.0000e+00, 0.0000e+00, 
 2DIAGNOSTIC,     8, -5.563396455250e-01, 1.797693134862e+308, 0.0000e+00, 0.0000e+00, 
 2DIAGNOSTIC,     9, -5.571596616492e-01, 1.797693134862e+308, 0.0000e+00, 0.0000e+00, 
 2DIAGNOSTIC,    10, -5.583712191435e-01, 1.051788188475e-02, 0.0000e+00, 0.0000e+00, 
 2DIAGNOSTIC,    11, -5.609122482829e-01, 9.236657370767e-03, 0.0000e+00, 0.0000e+00, 
 2DIAGNOSTIC,    12, -5.626182163444e-01, 7.507728041623e-03, 0.0000e+00, 0.0000e+00, 
 2DIAGNOSTIC,    13, -5.645242483930e-01, 5.576509435477e-03, 0.0000e+00, 0.0000e+00, 
 2DIAGNOSTIC,    14, -5.660465460141e-01, 3.855311771053e-03, 0.0000e+00, 0.0000e+00, 
 2DIAGNOSTIC,    15, -5.664509123458e-01, 2.684129443970e-03, 0.0000e+00, 0.0000e+00, 
 2DIAGNOSTIC,    16, -5.677028844561e-01, 1.634412197390e-03, 0.0000e+00, 0.0000e+00, 
 2DIAGNOSTIC,    17, -5.680446833327e-01, 9.091574982790e-04, 0.0000e+00, 0.0000e+00, 
 2DIAGNOSTIC,    18, -5.681228355129e-01, 7.664313580159e-04, 0.0000e+00, 0.0000e+00, 
 2DIAGNOSTIC,    19, -5.682465018830e-01, 5.950716393041e-04, 0.0000e+00, 0.0000e+00, 
 2DIAGNOSTIC,    20, -5.683967323257e-01, 4.212269842296e-04, 0.0000e+00, 0.0000e+00, 
 2DIAGNOSTIC,    21, -5.688405755073e-01, 2.990385880583e-04, 0.0000e+00, 0.0000e+00, 
 2DIAGNOSTIC,    22, -5.692093248848e-01, 2.085702415864e-04, 0.0000e+00, 0.0000e+00, 
 2DIAGNOSTIC,    23, -5.698107752457e-01, 1.629876963664e-04, 0.0000e+00, 0.0000e+00, 
 2DIAGNOSTIC,    24, -5.736315075158e-01, 2.215554194087e-04, 0.0000e+00, 0.0000e+00, 
 2DIAGNOSTIC,    25, -5.760963391426e-01, 3.111762958646e-04, 0.0000e+00, 0.0000e+00, 
 2DIAGNOSTIC,    26, -5.780538693264e-01, 4.275317296040e-04, 0.0000e+00, 0.0000e+00, 
 2DIAGNOSTIC,    27, -5.794120554004e-01, 5.276887893013e-04, 0.0000e+00, 0.0000e+00, 
 2DIAGNOSTIC,    28, -5.803660318906e-01, 5.897766534254e-04, 0.0000e+00, 0.0000e+00, 
 2DIAGNOSTIC,    29, -5.839564701649e-01, 6.566155206492e-04, 0.0000e+00, 0.0000e+00, 
 2DIAGNOSTIC,    30, -5.898281021896e-01, 7.572025805722e-04, 0.0000e+00, 0.0000e+00, 
 2DIAGNOSTIC,    31, -5.927161254900e-01, 8.326503654024e-04, 0.0000e+00, 0.0000e+00, 
 2DIAGNOSTIC,    32, -6.143385062539e-01, 1.174680770712e-03, 0.0000e+00, 0.0000e+00, 
 2DIAGNOSTIC,    33, -6.200138678227e-01, 1.470313928038e-03, 0.0000e+00, 0.0000e+00, 
 2DIAGNOSTIC,    34, -6.229826216621e-01, 1.708967690895e-03, 0.0000e+00, 0.0000e+00, 
 2DIAGNOSTIC,    35, -6.272194293437e-01, 1.869624536886e-03, 0.0000e+00, 0.0000e+00, 
 2DIAGNOSTIC,    36, -6.331776456403e-01, 1.951576813598e-03, 0.0000e+00, 0.0000e+00, 
 2DIAGNOSTIC,    37, -6.360140119553e-01, 1.895240606508e-03, 0.0000e+00, 0.0000e+00, 
 2DIAGNOSTIC,    38, -6.367043433371e-01, 1.682427584686e-03, 0.0000e+00, 0.0000e+00, 
 2DIAGNOSTIC,    39, -6.386867497259e-01, 1.396097319827e-03, 0.0000e+00, 0.0000e+00, 
 2DIAGNOSTIC,    40, -6.408890173601e-01, 1.095125369716e-03, 0.0000e+00, 0.0000e+00, 
 2DIAGNOSTIC,    41, -6.407011380424e-01, 7.310500510685e-04, 0.0000e+00, 0.0000e+00, 
 2DIAGNOSTIC,    42, -6.408699239296e-01, 5.718857964815e-04, 0.0000e+00, 0.0000e+00, 
 2DIAGNOSTIC,    43, -6.412217380887e-01, 4.361894421123e-04, 0.0000e+00, 0.0000e+00, 
 2DIAGNOSTIC,    44, -6.416857298468e-01, 3.034368648276e-04, 0.0000e+00, 0.0000e+00, 
 2DIAGNOSTIC,    45, -6.420468652420e-01, 1.964437857493e-04, 0.0000e+00, 0.0000e+00, 
 2DIAGNOSTIC,    46, -6.425645474264e-01, 1.441858087379e-04, 0.0000e+00, 0.0000e+00, 
 2DIAGNOSTIC,    47, -6.427513779380e-01, 1.123763533749e-04, 0.0000e+00, 0.0000e+00, 
 2DIAGNOSTIC,    48, -6.429129699545e-01, 7.963333718268e-05, 0.0000e+00, 0.0000e+00, 
 2DIAGNOSTIC,    49, -6.429318134841e-01, 5.997009846309e-05, 0.0000e+00, 0.0000e+00, 
 2DIAGNOSTIC,    50, -6.429038610025e-01, 5.664004968595e-05, 0.0000e+00, 0.0000e+00, 
 2DIAGNOSTIC,    51, -6.430526960064e-01, 4.772619613649e-05, 0.0000e+00, 0.0000e+00, 
 2DIAGNOSTIC,    52, -6.436127029720e-01, 4.136499601024e-05, 0.0000e+00, 0.0000e+00, 
 2DIAGNOSTIC,    53, -6.446761638359e-01, 4.405979091615e-05, 0.0000e+00, 0.0000e+00, 
 2DIAGNOSTIC,    54, -6.461085096957e-01, 5.916532123104e-05, 0.0000e+00, 0.0000e+00, 
 2DIAGNOSTIC,    55, -6.467564127800e-01, 7.661215235158e-05, 0.0000e+00, 0.0000e+00, 
 2DIAGNOSTIC,    56, -6.485230787546e-01, 1.057088838086e-04, 0.0000e+00, 0.0000e+00, 
 2DIAGNOSTIC,    57, -6.487807773032e-01, 1.270179887511e-04, 0.0000e+00, 0.0000e+00, 
 2DIAGNOSTIC,    58, -6.488465362456e-01, 1.372706369641e-04, 0.0000e+00, 0.0000e+00, 
 2DIAGNOSTIC,    59, -6.488588337539e-01, 1.343648190152e-04, 0.0000e+00, 0.0000e+00, 
 2DIAGNOSTIC,    60, -6.487752014430e-01, 1.178424922593e-04, 0.0000e+00, 0.0000e+00, 
 2DIAGNOSTIC,    61, -6.488008810225e-01, 9.192883553388e-05, 0.0000e+00, 0.0000e+00, 
 2DIAGNOSTIC,    62, -6.488656696375e-01, 6.280881976706e-05, 0.0000e+00, 0.0000e+00, 
 2DIAGNOSTIC,    63, -6.487360768011e-01, 3.566475027144e-05, 0.0000e+00, 0.0000e+00, 
 2DIAGNOSTIC,    64, -6.487667826237e-01, 1.697594108389e-05, 0.0000e+00, 0.0000e+00, 
 2DIAGNOSTIC,    65, -6.488113703466e-01, 2.027983232296e-06, 0.0000e+00, 0.0000e+00, 
DIAGNOSTIC,Iteration,metricValue,convergenceValue,ITERATION_TIME_INDEX,SINCE_LAST
 2DIAGNOSTIC,     1, -5.226886534828e-01, 1.797693134862e+308, 0.0000e+00, 0.0000e+00, 
 2DIAGNOSTIC,     2, -5.229298165000e-01, 1.797693134862e+308, 0.0000e+00, 0.0000e+00, 
 2DIAGNOSTIC,     3, -5.232094456865e-01, 1.797693134862e+308, 0.0000e+00, 0.0000e+00, 
 2DIAGNOSTIC,     4, -5.236203844748e-01, 1.797693134862e+308, 0.0000e+00, 0.0000e+00, 
 2DIAGNOSTIC,     5, -5.242299768938e-01, 1.797693134862e+308, 0.0000e+00, 0.0000e+00, 
 2DIAGNOSTIC,     6, -5.253008245058e-01, 1.797693134862e+308, 0.0000e+00, 0.0000e+00, 
 2DIAGNOSTIC,     7, -5.264396342462e-01, 1.797693134862e+308, 0.0000e+00, 0.0000e+00, 
 2DIAGNOSTIC,     8, -5.271409135957e-01, 1.797693134862e+308, 0.0000e+00, 0.0000e+00, 
 2DIAGNOSTIC,     9, -5.277117738810e-01, 1.797693134862e+308, 0.0000e+00, 0.0000e+00, 
 2DIAGNOSTIC,    10, -5.285058551217e-01, 7.742505280321e-04, 0.0000e+00, 0.0000e+00, 
 2DIAGNOSTIC,    11, -5.303998723390e-01, 8.147367961877e-04, 0.0000e+00, 0.0000e+00, 
 2DIAGNOSTIC,    12, -5.309070118739e-01, 8.068636206572e-04, 0.0000e+00, 0.0000e+00, 
 2DIAGNOSTIC,    13, -5.308986828687e-01, 7.395844257729e-04, 0.0000e+00, 0.0000e+00, 
 2DIAGNOSTIC,    14, -5.311236494442e-01, 6.409532847848e-04, 0.0000e+00, 0.0000e+00, 
 2DIAGNOSTIC,    15, -5.312697987916e-01, 5.235048669324e-04, 0.0000e+00, 0.0000e+00, 
 2DIAGNOSTIC,    16, -5.316939111407e-01, 4.215973413211e-04, 0.0000e+00, 0.0000e+00, 
 2DIAGNOSTIC,    17, -5.321698340220e-01, 3.435893519994e-04, 0.0000e+00, 0.0000e+00, 
 2DIAGNOSTIC,    18, -5.328230564708e-01, 2.837184012242e-04, 0.0000e+00, 0.0000e+00, 
 2DIAGNOSTIC,    19, -5.329383257712e-01, 2.234624805747e-04, 0.0000e+00, 0.0000e+00, 
 2DIAGNOSTIC,    20, -5.329902886550e-01, 1.703342001655e-04, 0.0000e+00, 0.0000e+00, 
 2DIAGNOSTIC,    21, -5.330985081902e-01, 1.575968268271e-04, 0.0000e+00, 0.0000e+00, 
 2DIAGNOSTIC,    22, -5.333161890237e-01, 1.489830927480e-04, 0.0000e+00, 0.0000e+00, 
 2DIAGNOSTIC,    23, -5.336422300068e-01, 1.343908729731e-04, 0.0000e+00, 0.0000e+00, 
 2DIAGNOSTIC,    24, -5.349426926671e-01, 1.426574296894e-04, 0.0000e+00, 0.0000e+00, 
 2DIAGNOSTIC,    25, -5.352642384291e-01, 1.464439411680e-04, 0.0000e+00, 0.0000e+00, 
 2DIAGNOSTIC,    26, -5.352882178236e-01, 1.456386435040e-04, 0.0000e+00, 0.0000e+00, 
 2DIAGNOSTIC,    27, -5.352598422488e-01, 1.402376294229e-04, 0.0000e+00, 0.0000e+00, 
 2DIAGNOSTIC,    28, -5.352628678335e-01, 1.345686837071e-04, 0.0000e+00, 0.0000e+00, 
 2DIAGNOSTIC,    29, -5.352511837222e-01, 1.182233848051e-04, 0.0000e+00, 0.0000e+00, 
 2DIAGNOSTIC,    30, -5.352485103455e-01, 9.268631465743e-05, 0.0000e+00, 0.0000e+00, 
 2DIAGNOSTIC,    31, -5.352519995035e-01, 6.237136332381e-05, 0.0000e+00, 0.0000e+00, 
 2DIAGNOSTIC,    32, -5.352417775631e-01, 3.182228913627e-05, 0.0000e+00, 0.0000e+00, 
 2DIAGNOSTIC,    33, -5.352468765579e-01, 5.059131906668e-06, 0.0000e+00, 0.0000e+00, 
DIAGNOSTIC,Iteration,metricValue,convergenceValue,ITERATION_TIME_INDEX,SINCE_LAST
 2DIAGNOSTIC,     1, -4.738448770549e-01, 1.797693134862e+308, 0.0000e+00, 0.0000e+00, 
 2DIAGNOSTIC,     2, -4.740254638010e-01, 1.797693134862e+308, 0.0000e+00, 0.0000e+00, 
 2DIAGNOSTIC,     3, -4.742467318294e-01, 1.797693134862e+308, 0.0000e+00, 0.0000e+00, 
 2DIAGNOSTIC,     4, -4.744966765315e-01, 1.797693134862e+308, 0.0000e+00, 0.0000e+00, 
 2DIAGNOSTIC,     5, -4.748476538977e-01, 1.797693134862e+308, 0.0000e+00, 0.0000e+00, 
 2DIAGNOSTIC,     6, -4.750007055217e-01, 1.797693134862e+308, 0.0000e+00, 0.0000e+00, 
 2DIAGNOSTIC,     7, -4.753826843056e-01, 1.797693134862e+308, 0.0000e+00, 0.0000e+00, 
 2DIAGNOSTIC,     8, -4.766347896150e-01, 1.797693134862e+308, 0.0000e+00, 0.0000e+00, 
 2DIAGNOSTIC,     9, -4.778730270633e-01, 1.797693134862e+308, 0.0000e+00, 0.0000e+00, 
 2DIAGNOSTIC,    10, -4.782005071768e-01, 5.909338269030e-04, 0.0000e+00, 0.0000e+00, 
 2DIAGNOSTIC,    11, -4.783337222484e-01, 6.019816524545e-04, 0.0000e+00, 0.0000e+00, 
 2DIAGNOSTIC,    12, -4.784222797370e-01, 5.714188588049e-04, 0.0000e+00, 0.0000e+00, 
 2DIAGNOSTIC,    13, -4.785849152908e-01, 5.107943028819e-04, 0.0000e+00, 0.0000e+00, 
 2DIAGNOSTIC,    14, -4.787039288237e-01, 4.271462761886e-04, 0.0000e+00, 0.0000e+00, 
 2DIAGNOSTIC,    15, -4.788128476300e-01, 3.346070876160e-04, 0.0000e+00, 0.0000e+00, 
 2DIAGNOSTIC,    16, -4.788097486428e-01, 2.295984855439e-04, 0.0000e+00, 0.0000e+00, 
 2DIAGNOSTIC,    17, -4.788068720827e-01, 1.288202495267e-04, 0.0000e+00, 0.0000e+00, 
 2DIAGNOSTIC,    18, -4.788069346063e-01, 6.799056459529e-05, 0.0000e+00, 0.0000e+00, 
 2DIAGNOSTIC,    19, -4.788065192606e-01, 4.597630470627e-05, 0.0000e+00, 0.0000e+00, 
 2DIAGNOSTIC,    20, -4.788050302307e-01, 3.169488966383e-05, 0.0000e+00, 0.0000e+00, 
 2DIAGNOSTIC,    21, -4.788019691359e-01, 1.969663453371e-05, 0.0000e+00, 0.0000e+00, 
 2DIAGNOSTIC,    22, -4.788014107324e-01, 9.442174703604e-06, 0.0000e+00, 0.0000e+00, 
 2DIAGNOSTIC,    23, -4.787993896283e-01, 3.436459367061e-06, 0.0000e+00, 0.0000e+00, 
DIAGNOSTIC,Iteration,metricValue,convergenceValue,ITERATION_TIME_INDEX,SINCE_LAST
 2DIAGNOSTIC,     1, -4.452756783803e-01, 1.797693134862e+308, 0.0000e+00, 0.0000e+00, 
 2DIAGNOSTIC,     2, -4.453005261375e-01, 1.797693134862e+308, 0.0000e+00, 0.0000e+00, 
 2DIAGNOSTIC,     3, -4.453110022757e-01, 1.797693134862e+308, 0.0000e+00, 0.0000e+00, 
 2DIAGNOSTIC,     4, -4.453083183527e-01, 1.797693134862e+308, 0.0000e+00, 0.0000e+00, 
 2DIAGNOSTIC,     5, -4.453076173125e-01, 1.797693134862e+308, 0.0000e+00, 0.0000e+00, 
 2DIAGNOSTIC,     6, -4.453078360123e-01, 1.797693134862e+308, 0.0000e+00, 0.0000e+00, 
 2DIAGNOSTIC,     7, -4.453079743977e-01, 1.797693134862e+308, 0.0000e+00, 0.0000e+00, 
 2DIAGNOSTIC,     8, -4.453079182853e-01, 1.797693134862e+308, 0.0000e+00, 0.0000e+00, 
 2DIAGNOSTIC,     9, -4.453079040848e-01, 1.797693134862e+308, 0.0000e+00, 0.0000e+00, 
 2DIAGNOSTIC,    10, -4.453078176559e-01, 5.501420674917e-06, 0.0000e+00, 0.0000e+00, 
 2DIAGNOSTIC,    11, -4.453079328641e-01, 3.156409749128e-06, 0.0000e+00, 0.0000e+00, 
 2DIAGNOSTIC,    12, -4.453077593703e-01, 2.472468413284e-06, 0.0000e+00, 0.0000e+00, 
 2DIAGNOSTIC,    13, -4.453075765745e-01, 2.419315707228e-06, 0.0000e+00, 0.0000e+00, 
 2DIAGNOSTIC,    14, -4.453075381850e-01, 2.253841925232e-06, 0.0000e+00, 0.0000e+00, 
 2DIAGNOSTIC,    15, -4.453075595785e-01, 2.083088769048e-06, 0.0000e+00, 0.0000e+00, 
 2DIAGNOSTIC,    16, -4.453074604687e-01, 1.941746631304e-06, 0.0000e+00, 0.0000e+00, 
 2DIAGNOSTIC,    17, -4.453074617928e-01, 1.826991357139e-06, 0.0000e+00, 0.0000e+00, 
 2DIAGNOSTIC,    18, -4.453074393880e-01, 1.726652525576e-06, 0.0000e+00, 0.0000e+00, 
 2DIAGNOSTIC,    19, -4.453074461347e-01, 1.640635645971e-06, 0.0000e+00, 0.0000e+00, 
 2DIAGNOSTIC,    20, -4.453074404625e-01, 1.563320599210e-06, 0.0000e+00, 0.0000e+00, 
 2DIAGNOSTIC,    21, -4.453075845719e-01, 1.504077971101e-06, 0.0000e+00, 0.0000e+00, 
 2DIAGNOSTIC,    22, -4.453075850040e-01, 1.446418897481e-06, 0.0000e+00, 0.0000e+00, 
 2DIAGNOSTIC,    23, -4.453075854421e-01, 1.388883544479e-06, 0.0000e+00, 0.0000e+00, 
 2DIAGNOSTIC,    24, -4.453075854421e-01, 1.334752041858e-06, 0.0000e+00, 0.0000e+00, 
 2DIAGNOSTIC,    25, -4.453075680170e-01, 1.284384187339e-06, 0.0000e+00, 0.0000e+00, 
 2DIAGNOSTIC,    26, -4.453075680170e-01, 1.234429585974e-06, 0.0000e+00, 0.0000e+00, 
 2DIAGNOSTIC,    27, -4.453075680170e-01, 1.187315353798e-06, 0.0000e+00, 0.0000e+00, 
 2DIAGNOSTIC,    28, -4.453075680170e-01, 1.142371693984e-06, 0.0000e+00, 0.0000e+00, 
 2DIAGNOSTIC,    29, -4.453075680170e-01, 1.100259332101e-06, 5.1200e+02, 5.1200e+02, 
 2DIAGNOSTIC,    30, -4.453075680170e-01, 1.060564773815e-06, 5.1200e+02, 0.0000e+00, 
 2DIAGNOSTIC,    31, -4.453075680170e-01, 1.026503566696e-06, 5.1200e+02, 0.0000e+00, 
  Elapsed time (stage 0): 5.1200e+02


Total elapsed time: 5.1200e+02
Info [verificarlo]: loaded backend libinterflop_ieee.so
Info [interflop-ieee]: load backend with:
Info [interflop-ieee]: debug = false
Info [interflop-ieee]: debug-binary = false
Info [interflop-ieee]: no-backend-name = false
Info [interflop-ieee]: print-new-line = false
Info [interflop-ieee]: print-subnormal-normalized = false
Info [interflop-ieee]: count-op = false
All_Command_lines_OK
Using double precision for computations.
=============================================================================
The composite transform comprises the following transforms (in order): 
  1. /home/mdugre/scratch/mri-registration-rp/datasets/ds004513/derivatives/mri-registration-rp/0100/antsRegistration-r7-p21/sub-s003/rigid_Composite.h5[0] (type = Euler3DTransform)
  2. /home/mdugre/scratch/mri-registration-rp/datasets/ds004513/derivatives/mri-registration-rp/0100/antsRegistration-r7-p21/sub-s003/rigid_Composite.h5[1] (type = Euler3DTransform)
  3. /home/mdugre/scratch/mri-registration-rp/datasets/ds004513/derivatives/mri-registration-rp/0100/antsRegistration-r7-p21/sub-s003/rigid_Composite.h5[2] (type = Euler3DTransform)
=============================================================================
  number of levels = 4
  fixed image: /templateflow/tpl-MNI152NLin2009cAsym/tpl-MNI152NLin2009cAsym_res-01_desc-brain_T1w.nii.gz
  moving image: /home/mdugre/scratch/mri-registration-rp/datasets/ds004513/derivatives/mri-registration-rp/antsBrainExtraction/sub-s003/BrainExtractionBrain.nii.gz
Dimension = 3
Number of stages = 1
Use histogram matching = false
Winsorize image intensities = true
  Lower quantile = 0.005
  Upper quantile = 0.995


Stage 1 State
   Image metric = MattesMI
     Fixed image = Image (0x44c37e0)
  RTTI typeinfo:   itk::Image<double, 3u>
  Reference Count: 2
  Modified Time: 1594
  Debug: Off
  Object Name: 
  Observers: 
    none
  Source: (none)
  Source output name: (none)
  Release Data: Off
  Data Released: False
  Global Release Data: Off
  PipelineMTime: 0
  UpdateMTime: 1203
  RealTimeStamp: 0 seconds 
  LargestPossibleRegion: 
    Dimension: 3
    Index: [0, 0, 0]
    Size: [193, 229, 193]
  BufferedRegion: 
    Dimension: 3
    Index: [0, 0, 0]
    Size: [193, 229, 193]
  RequestedRegion: 
    Dimension: 3
    Index: [0, 0, 0]
    Size: [193, 229, 193]
  Spacing: [1, 1, 1]
  Origin: [96, 132, -78]
  Direction: 
-1 0 0
0 -1 0
0 0 1

  IndexToPointMatrix: 
-1 0 0
0 -1 0
0 0 1

  PointToIndexMatrix: 
-1 0 0
0 -1 0
0 0 1

  Inverse Direction: 
-1 0 0
0 -1 0
0 0 1

  PixelContainer: 
    ImportImageContainer (0x458e880)
      RTTI typeinfo:   itk::ImportImageContainer<unsigned long, double>
      Reference Count: 1
      Modified Time: 1200
      Debug: Off
      Object Name: 
      Observers: 
        none
      Pointer: 0x14982d8a3010
      Container manages memory: true
      Size: 8530021
      Capacity: 8530021

     Moving image = Image (0x457f050)
  RTTI typeinfo:   itk::Image<double, 3u>
  Reference Count: 2
  Modified Time: 1595
  Debug: Off
  Object Name: 
  Observers: 
    none
  Source: (none)
  Source output name: (none)
  Release Data: Off
  Data Released: False
  Global Release Data: Off
  PipelineMTime: 0
  UpdateMTime: 1592
  RealTimeStamp: 0 seconds 
  LargestPossibleRegion: 
    Dimension: 3
    Index: [0, 0, 0]
    Size: [176, 240, 256]
  BufferedRegion: 
    Dimension: 3
    Index: [0, 0, 0]
    Size: [176, 240, 256]
  RequestedRegion: 
    Dimension: 3
    Index: [0, 0, 0]
    Size: [176, 240, 256]
  Spacing: [0.999999, 1, 1]
  Origin: [93.3499, 86.9368, -128.957]
  Direction: 
-0.999513 -0.0279216 -0.0139567
0.0279189 -0.99961 0.000389866
-0.0139622 2.01492e-08 0.999903

  IndexToPointMatrix: 
-0.999512 -0.0279216 -0.0139567
0.0279189 -0.99961 0.000389866
-0.0139621 2.01492e-08 0.999903

  PointToIndexMatrix: 
-0.999514 0.0279189 -0.0139622
-0.0279216 -0.99961 2.01716e-08
-0.0139567 0.000389866 0.999903

  Inverse Direction: 
-0.999513 0.0279189 -0.0139622
-0.0279216 -0.99961 2.01716e-08
-0.0139567 0.000389866 0.999903

  PixelContainer: 
    ImportImageContainer (0x4632690)
      RTTI typeinfo:   itk::ImportImageContainer<unsigned long, double>
      Reference Count: 1
      Modified Time: 1589
      Debug: Off
      Object Name: 
      Observers: 
        none
      Pointer: 0x149828622010
      Container manages memory: true
      Size: 10813440
      Capacity: 10813440

     Weighting = 1
     Sampling strategy = regular
     Number of bins = 32
     Radius = 4
     Sampling percentage  = 0.25
   Transform = Affine
     Gradient step = 0.1
     Update field sigma (voxel space) = 0
     Total field sigma (voxel space) = 0
     Update field time sigma = 0
     Total field time sigma  = 0
     Number of time indices = 0
     Number of time point samples = 0
Registration using 1 total stages.

Stage 0
  iterations = 1000x500x250x100
  convergence threshold = 1e-06
  convergence window size = 10
  number of levels = 4
  using the Mattes MI metric (number of bins = 32, weight = 1, use gradient filter = 0)
  preprocessing:  winsorizing the image intensities
  Shrink factors (level 1 out of 4): [8, 8, 8]
  Shrink factors (level 2 out of 4): [4, 4, 4]
  Shrink factors (level 3 out of 4): [2, 2, 2]
  Shrink factors (level 4 out of 4): [1, 1, 1]
  smoothing sigmas per level: [3, 2, 1, 0]
  regular sampling (percentage = 0.25)

*** Running AffineTransform registration ***

DIAGNOSTIC,Iteration,metricValue,convergenceValue,ITERATION_TIME_INDEX,SINCE_LAST
 2DIAGNOSTIC,     1, -6.607444781983e-01, 1.797693134862e+308, 8.3490e-01, 8.3490e-01, 
 2DIAGNOSTIC,     2, -6.631427957362e-01, 1.797693134862e+308, 8.4064e-01, 5.7340e-03, 
 2DIAGNOSTIC,     3, -6.671884386599e-01, 1.797693134862e+308, 8.4629e-01, 5.6570e-03, 
 2DIAGNOSTIC,     4, -6.730417938595e-01, 1.797693134862e+308, 8.5121e-01, 4.9129e-03, 
 2DIAGNOSTIC,     5, -6.808113662267e-01, 1.797693134862e+308, 8.5630e-01, 5.0960e-03, 
 2DIAGNOSTIC,     6, -6.960640597717e-01, 1.797693134862e+308, 8.6140e-01, 5.0988e-03, 
 2DIAGNOSTIC,     7, -7.179233736025e-01, 1.797693134862e+308, 8.7253e-01, 1.1125e-02, 
 2DIAGNOSTIC,     8, -7.174217290819e-01, 1.797693134862e+308, 8.7779e-01, 5.2640e-03, 
 2DIAGNOSTIC,     9, -7.174507231422e-01, 1.797693134862e+308, 8.8299e-01, 5.1999e-03, 
 2DIAGNOSTIC,    10, -7.178057915476e-01, 6.716025412371e-03, 8.8858e-01, 5.5881e-03, 
 2DIAGNOSTIC,    11, -7.186712957803e-01, 5.650860116829e-03, 8.9520e-01, 6.6249e-03, 
 2DIAGNOSTIC,    12, -7.197941813315e-01, 4.371105835191e-03, 9.0122e-01, 6.0170e-03, 
 2DIAGNOSTIC,    13, -7.204669910616e-01, 3.051382097618e-03, 9.0862e-01, 7.4050e-03, 
 2DIAGNOSTIC,    14, -7.206430878001e-01, 1.834054794704e-03, 9.1482e-01, 6.1982e-03, 
 2DIAGNOSTIC,    15, -7.204565167379e-01, 8.171907434413e-04, 9.2180e-01, 6.9780e-03, 
 2DIAGNOSTIC,    16, -7.203458310111e-01, 2.232672300289e-04, 9.2870e-01, 6.8951e-03, 
 2DIAGNOSTIC,    17, -7.203590602813e-01, 2.006885965080e-04, 9.3484e-01, 6.1409e-03, 
 2DIAGNOSTIC,    18, -7.202424356818e-01, 1.483980979493e-04, 9.4101e-01, 6.1729e-03, 
 2DIAGNOSTIC,    19, -7.202244714273e-01, 8.872647898307e-05, 9.4717e-01, 6.1610e-03, 
 2DIAGNOSTIC,    20, -7.201219029636e-01, 3.219197213065e-05, 9.5288e-01, 5.7142e-03, 
DIAGNOSTIC,Iteration,metricValue,convergenceValue,ITERATION_TIME_INDEX,SINCE_LAST
 2DIAGNOSTIC,     1, -5.933852159399e-01, 1.797693134862e+308, 1.7638e+00, 8.1088e-01, 
 2DIAGNOSTIC,     2, -5.935542401970e-01, 1.797693134862e+308, 1.8210e+00, 5.7286e-02, 
 2DIAGNOSTIC,     3, -5.935575700813e-01, 1.797693134862e+308, 1.8656e+00, 4.4590e-02, 
 2DIAGNOSTIC,     4, -5.936013350262e-01, 1.797693134862e+308, 1.9096e+00, 4.3996e-02, 
 2DIAGNOSTIC,     5, -5.935641055366e-01, 1.797693134862e+308, 1.9628e+00, 5.3142e-02, 
 2DIAGNOSTIC,     6, -5.935626226781e-01, 1.797693134862e+308, 2.0040e+00, 4.1219e-02, 
 2DIAGNOSTIC,     7, -5.935558760600e-01, 1.797693134862e+308, 2.0441e+00, 4.0071e-02, 
 2DIAGNOSTIC,     8, -5.935534589593e-01, 1.797693134862e+308, 2.0852e+00, 4.1163e-02, 
 2DIAGNOSTIC,     9, -5.935465845118e-01, 1.797693134862e+308, 2.1262e+00, 4.0971e-02, 
 2DIAGNOSTIC,    10, -5.935200917635e-01, 8.153507482872e-06, 2.1673e+00, 4.1117e-02, 
DIAGNOSTIC,Iteration,metricValue,convergenceValue,ITERATION_TIME_INDEX,SINCE_LAST
 2DIAGNOSTIC,     1, -5.222599848434e-01, 1.797693134862e+308, 3.2780e+00, 1.1107e+00, 
 2DIAGNOSTIC,     2, -5.225807740961e-01, 1.797693134862e+308, 3.5434e+00, 2.6541e-01, 
 2DIAGNOSTIC,     3, -5.229468681667e-01, 1.797693134862e+308, 3.8942e+00, 3.5078e-01, 
 2DIAGNOSTIC,     4, -5.231114485098e-01, 1.797693134862e+308, 4.2520e+00, 3.5774e-01, 
 2DIAGNOSTIC,     5, -5.231744141182e-01, 1.797693134862e+308, 4.5549e+00, 3.0290e-01, 
 2DIAGNOSTIC,     6, -5.232451367206e-01, 1.797693134862e+308, 4.8685e+00, 3.1367e-01, 
 2DIAGNOSTIC,     7, -5.235670693899e-01, 1.797693134862e+308, 5.1753e+00, 3.0679e-01, 
 2DIAGNOSTIC,     8, -5.244504727415e-01, 1.797693134862e+308, 5.4843e+00, 3.0899e-01, 
 2DIAGNOSTIC,     9, -5.255294267357e-01, 1.797693134862e+308, 5.8464e+00, 3.6212e-01, 
 2DIAGNOSTIC,    10, -5.269413780713e-01, 4.664270849277e-04, 6.1936e+00, 3.4721e-01, 
 2DIAGNOSTIC,    11, -5.276339971266e-01, 5.396882055830e-04, 6.5211e+00, 3.2746e-01, 
 2DIAGNOSTIC,    12, -5.280374126819e-01, 5.851515934485e-04, 6.8355e+00, 3.1443e-01, 
 2DIAGNOSTIC,    13, -5.311842735981e-01, 7.169059326147e-04, 7.3326e+00, 4.9704e-01, 
 2DIAGNOSTIC,    14, -5.320377889018e-01, 8.003132865842e-04, 7.6441e+00, 3.1156e-01, 
 2DIAGNOSTIC,    15, -5.325357222453e-01, 8.200421853126e-04, 7.9978e+00, 3.5365e-01, 
 2DIAGNOSTIC,    16, -5.326295209910e-01, 7.694896909172e-04, 8.3069e+00, 3.0911e-01, 
 2DIAGNOSTIC,    17, -5.327622600171e-01, 6.689776887293e-04, 8.8104e+00, 5.0356e-01, 
 2DIAGNOSTIC,    18, -5.327680206376e-01, 5.431563641053e-04, 9.1611e+00, 3.5065e-01, 
 2DIAGNOSTIC,    19, -5.327825852011e-01, 4.101536595840e-04, 9.4712e+00, 3.1006e-01, 
 2DIAGNOSTIC,    20, -5.327991124240e-01, 2.918201846596e-04, 9.8051e+00, 3.3394e-01, 
 2DIAGNOSTIC,    21, -5.327992615669e-01, 1.765255382008e-04, 1.0194e+01, 3.8897e-01, 
 2DIAGNOSTIC,    22, -5.327883091107e-01, 6.326248203106e-05, 1.0557e+01, 3.6306e-01, 
 2DIAGNOSTIC,    23, -5.327753863958e-01, 2.705388036095e-05, 1.1275e+01, 7.1801e-01, 
 2DIAGNOSTIC,    24, -5.327759010853e-01, 1.037055363173e-05, 1.1621e+01, 3.4604e-01, 
 2DIAGNOSTIC,    25, -5.327745366226e-01, 4.826079713235e-06, 1.1939e+01, 3.1770e-01, 
 2DIAGNOSTIC,    26, -5.327745847345e-01, 1.241674473566e-06, 1.2324e+01, 3.8518e-01, 
DIAGNOSTIC,Iteration,metricValue,convergenceValue,ITERATION_TIME_INDEX,SINCE_LAST
 2DIAGNOSTIC,     1, -4.889342903934e-01, 1.797693134862e+308, 1.5288e+01, 2.9638e+00, 
 2DIAGNOSTIC,     2, -4.890609092329e-01, 1.797693134862e+308, 1.7025e+01, 1.7372e+00, 
 2DIAGNOSTIC,     3, -4.892265957266e-01, 1.797693134862e+308, 1.8776e+01, 1.7508e+00, 
 2DIAGNOSTIC,     4, -4.892884505655e-01, 1.797693134862e+308, 2.2087e+01, 3.3109e+00, 
 2DIAGNOSTIC,     5, -4.892881842146e-01, 1.797693134862e+308, 2.4405e+01, 2.3179e+00, 
 2DIAGNOSTIC,     6, -4.892880535481e-01, 1.797693134862e+308, 2.6730e+01, 2.3253e+00, 
 2DIAGNOSTIC,     7, -4.892880463416e-01, 1.797693134862e+308, 2.8617e+01, 1.8869e+00, 
 2DIAGNOSTIC,     8, -4.892879302901e-01, 1.797693134862e+308, 3.0504e+01, 1.8867e+00, 
 2DIAGNOSTIC,     9, -4.892878961757e-01, 1.797693134862e+308, 3.2400e+01, 1.8964e+00, 
 2DIAGNOSTIC,    10, -4.892878620331e-01, 3.773065502637e-05, 3.4326e+01, 1.9260e+00, 
 2DIAGNOSTIC,    11, -4.892877101802e-01, 1.766946325218e-05, 3.6255e+01, 1.9289e+00, 
 2DIAGNOSTIC,    12, -4.892875868365e-01, 5.556995947675e-06, 3.8246e+01, 1.9912e+00, 
 2DIAGNOSTIC,    13, -4.892875391219e-01, 2.368244846160e-06, 4.0145e+01, 1.8994e+00, 
 2DIAGNOSTIC,    14, -4.892873825206e-01, 2.202551264541e-06, 4.2129e+01, 1.9835e+00, 
 2DIAGNOSTIC,    15, -4.892872375301e-01, 2.049585283034e-06, 4.4079e+01, 1.9503e+00, 
 2DIAGNOSTIC,    16, -4.892872844418e-01, 1.919340060025e-06, 4.6044e+01, 1.9642e+00, 
 2DIAGNOSTIC,    17, -4.892872425206e-01, 1.809071740584e-06, 4.7931e+01, 1.8873e+00, 
 2DIAGNOSTIC,    18, -4.892871202925e-01, 1.709095628799e-06, 4.9870e+01, 1.9392e+00, 
 2DIAGNOSTIC,    19, -4.892870730863e-01, 1.622685754321e-06, 5.1736e+01, 1.8657e+00, 
 2DIAGNOSTIC,    20, -4.892869597063e-01, 1.545551134123e-06, 5.3821e+01, 2.0848e+00, 
 2DIAGNOSTIC,    21, -4.892871084064e-01, 1.479899894311e-06, 5.5932e+01, 2.1116e+00, 
 2DIAGNOSTIC,    22, -4.892868413908e-01, 1.412955071473e-06, 5.7876e+01, 1.9439e+00, 
 2DIAGNOSTIC,    23, -4.892868797398e-01, 1.355026635425e-06, 5.9787e+01, 1.9113e+00, 
 2DIAGNOSTIC,    24, -4.892868255525e-01, 1.299549946598e-06, 6.1505e+01, 1.7181e+00, 
 2DIAGNOSTIC,    25, -4.892867001662e-01, 1.244556416910e-06, 6.3441e+01, 1.9355e+00, 
 2DIAGNOSTIC,    26, -4.892868316623e-01, 1.200436029011e-06, 6.5133e+01, 1.6919e+00, 
 2DIAGNOSTIC,    27, -4.892867702893e-01, 1.159508634586e-06, 6.7069e+01, 1.9364e+00, 
 2DIAGNOSTIC,    28, -4.892864725257e-01, 1.114643473209e-06, 6.8957e+01, 1.8877e+00, 
 2DIAGNOSTIC,    29, -4.892866098231e-01, 1.076942743601e-06, 7.1030e+01, 2.0735e+00, 
 2DIAGNOSTIC,    30, -4.892866381978e-01, 1.041738167347e-06, 7.3394e+01, 2.3638e+00, 
 2DIAGNOSTIC,    31, -4.892865917004e-01, 1.012516374813e-06, 7.5521e+01, 2.1263e+00, 
  Elapsed time (stage 0): 7.6795e+01


Total elapsed time: 7.6809e+01
Info [verificarlo]: loaded backend libinterflop_ieee.so
Info [interflop-ieee]: load backend with:
Info [interflop-ieee]: debug = false
Info [interflop-ieee]: debug-binary = false
Info [interflop-ieee]: no-backend-name = false
Info [interflop-ieee]: print-new-line = false
Info [interflop-ieee]: print-subnormal-normalized = false
Info [interflop-ieee]: count-op = false
All_Command_lines_OK
Using double precision for computations.
=============================================================================
The composite transform comprises the following transforms (in order): 
  1. /home/mdugre/scratch/mri-registration-rp/datasets/ds004513/derivatives/mri-registration-rp/0100/antsRegistration-r7-p21/sub-s003/affine_Composite.h5[0] (type = Euler3DTransform)
  2. /home/mdugre/scratch/mri-registration-rp/datasets/ds004513/derivatives/mri-registration-rp/0100/antsRegistration-r7-p21/sub-s003/affine_Composite.h5[1] (type = Euler3DTransform)
  3. /home/mdugre/scratch/mri-registration-rp/datasets/ds004513/derivatives/mri-registration-rp/0100/antsRegistration-r7-p21/sub-s003/affine_Composite.h5[2] (type = Euler3DTransform)
  4. /home/mdugre/scratch/mri-registration-rp/datasets/ds004513/derivatives/mri-registration-rp/0100/antsRegistration-r7-p21/sub-s003/affine_Composite.h5[3] (type = AffineTransform)
