
##########################
# Experiment information #
##########################

EXPERIMENT_NAME: antsRegistration-r7-p9
VFC_BACKENDS: libinterflop_vprec.so --range-binary32=7 --precision-binary32=9 --range-binary64=7 --precision-binary64=9

SIF_IMG: /home/mdugre/projects/rrg-glatard/mdugre/containers/ants-vprec-no_metrics.simg

SUBJECT_ID: s025
INPUT_IMG: /home/mdugre/scratch/mri-registration-rp/datasets/ds004513/derivatives/mri-registration-rp/antsBrainExtraction/sub-s025/BrainExtractionBrain.nii.gz
OUTPUT_DIR: /home/mdugre/scratch/mri-registration-rp/datasets/ds004513/derivatives/mri-registration-rp/0100/antsRegistration-r7-p9/sub-s025

FIXED_IMG: /templateflow/tpl-MNI152NLin2009cAsym/tpl-MNI152NLin2009cAsym_res-01_desc-brain_T1w.nii.gz
DATA_DIR: /home/mdugre/scratch/mri-registration-rp/datasets/ds004513
TEMPLATEFLOW_DIR: /home/mdugre/projects/rrg-glatard/mdugre/templateflow
ITK_GLOBAL_DEFAULT_NUMBER_OF_THREADS: 16
##########################

Info [verificarlo]: loaded backend libinterflop_ieee.so
Info [interflop-ieee]: load backend with:
Info [interflop-ieee]: debug = false
Info [interflop-ieee]: debug-binary = false
Info [interflop-ieee]: no-backend-name = false
Info [interflop-ieee]: print-new-line = false
Info [interflop-ieee]: print-subnormal-normalized = false
Info [interflop-ieee]: count-op = false
All_Command_lines_OK
Using double precision for computations.
=============================================================================
The composite transform comprises the following transforms (in order): 
  1. Center of mass alignment using fixed image: /templateflow/tpl-MNI152NLin2009cAsym/tpl-MNI152NLin2009cAsym_res-01_desc-brain_T1w.nii.gz and moving image: /home/mdugre/scratch/mri-registration-rp/datasets/ds004513/derivatives/mri-registration-rp/antsBrainExtraction/sub-s025/BrainExtractionBrain.nii.gz (type = Euler3DTransform)
=============================================================================
  number of levels = 1
  fixed image: /templateflow/tpl-MNI152NLin2009cAsym/tpl-MNI152NLin2009cAsym_res-01_desc-brain_T1w.nii.gz
  moving image: /home/mdugre/scratch/mri-registration-rp/datasets/ds004513/derivatives/mri-registration-rp/antsBrainExtraction/sub-s025/BrainExtractionBrain.nii.gz
Dimension = 3
Number of stages = 1
Use histogram matching = false
Winsorize image intensities = true
  Lower quantile = 0.005
  Upper quantile = 0.995


Stage 1 State
   Image metric = MattesMI
     Fixed image = Image (0x3963bd0)
  RTTI typeinfo:   itk::Image<double, 3u>
  Reference Count: 2
  Modified Time: 2334
  Debug: Off
  Object Name: 
  Observers: 
    none
  Source: (none)
  Source output name: (none)
  Release Data: Off
  Data Released: False
  Global Release Data: Off
  PipelineMTime: 0
  UpdateMTime: 1943
  RealTimeStamp: 0 seconds 
  LargestPossibleRegion: 
    Dimension: 3
    Index: [0, 0, 0]
    Size: [193, 229, 193]
  BufferedRegion: 
    Dimension: 3
    Index: [0, 0, 0]
    Size: [193, 229, 193]
  RequestedRegion: 
    Dimension: 3
    Index: [0, 0, 0]
    Size: [193, 229, 193]
  Spacing: [1, 1, 1]
  Origin: [96, 132, -78]
  Direction: 
-1 0 0
0 -1 0
0 0 1

  IndexToPointMatrix: 
-1 0 0
0 -1 0
0 0 1

  PointToIndexMatrix: 
-1 0 0
0 -1 0
0 0 1

  Inverse Direction: 
-1 0 0
0 -1 0
0 0 1

  PixelContainer: 
    ImportImageContainer (0x396c9e0)
      RTTI typeinfo:   itk::ImportImageContainer<unsigned long, double>
      Reference Count: 1
      Modified Time: 1940
      Debug: Off
      Object Name: 
      Observers: 
        none
      Pointer: 0x145c8bce3010
      Container manages memory: true
      Size: 8530021
      Capacity: 8530021

     Moving image = Image (0x396dbd0)
  RTTI typeinfo:   itk::Image<double, 3u>
  Reference Count: 2
  Modified Time: 2335
  Debug: Off
  Object Name: 
  Observers: 
    none
  Source: (none)
  Source output name: (none)
  Release Data: Off
  Data Released: False
  Global Release Data: Off
  PipelineMTime: 0
  UpdateMTime: 2332
  RealTimeStamp: 0 seconds 
  LargestPossibleRegion: 
    Dimension: 3
    Index: [0, 0, 0]
    Size: [176, 240, 256]
  BufferedRegion: 
    Dimension: 3
    Index: [0, 0, 0]
    Size: [176, 240, 256]
  RequestedRegion: 
    Dimension: 3
    Index: [0, 0, 0]
    Size: [176, 240, 256]
  Spacing: [0.999999, 1, 1]
  Origin: [90.3778, 84.5091, -154.071]
  Direction: 
-0.999391 7.48184e-06 -0.0348969
-7.47664e-06 -1 -2.7953e-07
-0.0348969 -1.84481e-08 0.999391

  IndexToPointMatrix: 
-0.99939 7.48184e-06 -0.0348969
-7.47663e-06 -1 -2.7953e-07
-0.0348968 -1.84481e-08 0.999391

  PointToIndexMatrix: 
-0.999392 -7.47665e-06 -0.0348969
7.48184e-06 -1 -1.84481e-08
-0.0348969 -2.7953e-07 0.999391

  Inverse Direction: 
-0.999391 -7.47664e-06 -0.0348969
7.48184e-06 -1 -1.84481e-08
-0.0348969 -2.7953e-07 0.999391

  PixelContainer: 
    ImportImageContainer (0x3af3b50)
      RTTI typeinfo:   itk::ImportImageContainer<unsigned long, double>
      Reference Count: 1
      Modified Time: 2329
      Debug: Off
      Object Name: 
      Observers: 
        none
      Pointer: 0x145c86a62010
      Container manages memory: true
      Size: 10813440
      Capacity: 10813440

     Weighting = 1
     Sampling strategy = regular
     Number of bins = 32
     Radius = 4
     Sampling percentage  = 0.25
   Transform = Rigid
     Gradient step = 0.1
     Update field sigma (voxel space) = 0
     Total field sigma (voxel space) = 0
     Update field time sigma = 0
     Total field time sigma  = 0
     Number of time indices = 0
     Number of time point samples = 0
Registration using 1 total stages.

Stage 0
  iterations = 0
  convergence threshold = 1e-06
  convergence window size = 10
  number of levels = 1
  using the Mattes MI metric (number of bins = 32, weight = 1, use gradient filter = 0)
  preprocessing:  winsorizing the image intensities
  Shrink factors (level 1 out of 1): [1, 1, 1]
  smoothing sigmas per level: [0]
  regular sampling (percentage = 0.25)

*** Running Euler3DTransform registration ***

  Elapsed time (stage 0): 1.12765


Total elapsed time: 1.12985
Info [verificarlo]: loaded backend libinterflop_vprec.so
Info [interflop-vprec]: load backend with: 
Info [interflop-vprec]: precision-binary32 = 9
Info [interflop-vprec]: range-binary32 = 7
Info [interflop-vprec]: precision-binary64 = 9
Info [interflop-vprec]: range-binary64 = 7
Info [interflop-vprec]: mode = ob
Info [interflop-vprec]: error-mode = rel
Info [interflop-vprec]: max-abs-error-exponent = -1022
Info [interflop-vprec]: daz = false
Info [interflop-vprec]: ftz = false
Info [interflop-vprec]: 	instrument = none
Info [interflop-vprec]: 	prec-input-file = (null)
Info [interflop-vprec]: 	prec-output-file = (null)
Info [interflop-vprec]: 	prec-log-file = (null)
All_Command_lines_OK
Using double precision for computations.
=============================================================================
The composite transform comprises the following transforms (in order): 
  1. /home/mdugre/scratch/mri-registration-rp/datasets/ds004513/derivatives/mri-registration-rp/0100/antsRegistration-r7-p9/sub-s025/align_Composite.h5[0] (type = Euler3DTransform)
  2. /home/mdugre/scratch/mri-registration-rp/datasets/ds004513/derivatives/mri-registration-rp/0100/antsRegistration-r7-p9/sub-s025/align_Composite.h5[1] (type = Euler3DTransform)
=============================================================================
  number of levels = 4
  fixed image: /templateflow/tpl-MNI152NLin2009cAsym/tpl-MNI152NLin2009cAsym_res-01_desc-brain_T1w.nii.gz
  moving image: /home/mdugre/scratch/mri-registration-rp/datasets/ds004513/derivatives/mri-registration-rp/antsBrainExtraction/sub-s025/BrainExtractionBrain.nii.gz
Dimension = 3
Number of stages = 1
Use histogram matching = false
Winsorize image intensities = true
  Lower quantile = 0.005
  Upper quantile = 0.995


Stage 1 State
   Image metric = MattesMI
     Fixed image = Image (0x38f81e0)
  RTTI typeinfo:   itk::Image<double, 3u>
  Reference Count: 2
  Modified Time: 1578
  Debug: Off
  Object Name: 
  Observers: 
    none
  Source: (none)
  Source output name: (none)
  Release Data: Off
  Data Released: False
  Global Release Data: Off
  PipelineMTime: 0
  UpdateMTime: 1189
  RealTimeStamp: 0 seconds 
  LargestPossibleRegion: 
    Dimension: 3
    Index: [0, 0, 0]
    Size: [193, 229, 193]
  BufferedRegion: 
    Dimension: 3
    Index: [0, 0, 0]
    Size: [193, 229, 193]
  RequestedRegion: 
    Dimension: 3
    Index: [0, 0, 0]
    Size: [193, 229, 193]
  Spacing: [1, 1, 1]
  Origin: [96, 132, -78]
  Direction: 
-1 0 0
0 -1 0
0 0 1

  IndexToPointMatrix: 
-1 0 0
0 -1 0
0 0 1

  PointToIndexMatrix: 
-1 0 0
0 -1 0
0 0 1

  Inverse Direction: 
-1 0 0
0 -1 0
0 0 1

  PixelContainer: 
    ImportImageContainer (0x39b7680)
      RTTI typeinfo:   itk::ImportImageContainer<unsigned long, double>
      Reference Count: 1
      Modified Time: 1186
      Debug: Off
      Object Name: 
      Observers: 
        none
      Pointer: 0x149709f91010
      Container manages memory: true
      Size: 8530021
      Capacity: 8530021

     Moving image = Image (0x39b3b20)
  RTTI typeinfo:   itk::Image<double, 3u>
  Reference Count: 2
  Modified Time: 1579
  Debug: Off
  Object Name: 
  Observers: 
    none
  Source: (none)
  Source output name: (none)
  Release Data: Off
  Data Released: False
  Global Release Data: Off
  PipelineMTime: 0
  UpdateMTime: 1576
  RealTimeStamp: 0 seconds 
  LargestPossibleRegion: 
    Dimension: 3
    Index: [0, 0, 0]
    Size: [176, 240, 256]
  BufferedRegion: 
    Dimension: 3
    Index: [0, 0, 0]
    Size: [176, 240, 256]
  RequestedRegion: 
    Dimension: 3
    Index: [0, 0, 0]
    Size: [176, 240, 256]
  Spacing: [1, 1, 1]
  Origin: [90.375, 84.5, -154]
  Direction: 
-0.999023 7.48038e-06 -0.0348511
-7.47293e-06 -1 -2.78931e-07
-0.0348511 -1.83936e-08 0.999023

  IndexToPointMatrix: 
-0.999023 7.48038e-06 -0.0348511
-7.47293e-06 -1 -2.78931e-07
-0.0348511 -1.83936e-08 0.999023

  PointToIndexMatrix: 
-1 -7.47293e-06 -0.0348511
7.47293e-06 -1 1.30152e-07
-0.0348511 -1.30152e-07 0.999023

  Inverse Direction: 
-1 -7.47293e-06 -0.0348511
7.47293e-06 -1 1.30152e-07
-0.0348511 -1.30152e-07 0.999023

  PixelContainer: 
    ImportImageContainer (0x3a1cd50)
      RTTI typeinfo:   itk::ImportImageContainer<unsigned long, double>
      Reference Count: 1
      Modified Time: 1573
      Debug: Off
      Object Name: 
      Observers: 
        none
      Pointer: 0x149704d10010
      Container manages memory: true
      Size: 10813440
      Capacity: 10813440

     Weighting = 1
     Sampling strategy = regular
     Number of bins = 32
     Radius = 4
     Sampling percentage  = 0.25
   Transform = Rigid
     Gradient step = 0.1
     Update field sigma (voxel space) = 0
     Total field sigma (voxel space) = 0
     Update field time sigma = 0
     Total field time sigma  = 0
     Number of time indices = 0
     Number of time point samples = 0
Registration using 1 total stages.

Stage 0
  iterations = 1000x500x250x100
  convergence threshold = 1e-06
  convergence window size = 10
  number of levels = 4
  using the Mattes MI metric (number of bins = 32, weight = 1, use gradient filter = 0)
  preprocessing:  winsorizing the image intensities
  Shrink factors (level 1 out of 4): [8, 8, 8]
  Shrink factors (level 2 out of 4): [4, 4, 4]
  Shrink factors (level 3 out of 4): [2, 2, 2]
  Shrink factors (level 4 out of 4): [1, 1, 1]
  smoothing sigmas per level: [3, 2, 1, 0]
  regular sampling (percentage = 0.25)

*** Running Euler3DTransform registration ***

DIAGNOSTIC,Iteration,metricValue,convergenceValue,ITERATION_TIME_INDEX,SINCE_LAST
 2DIAGNOSTIC,     1, -5.334320207652e-01, 1.797693134862e+308, 0.0000e+00, 0.0000e+00, 
 2DIAGNOSTIC,     2, -5.336340161659e-01, 1.797693134862e+308, 0.0000e+00, 0.0000e+00, 
 2DIAGNOSTIC,     3, -5.335559640040e-01, 1.797693134862e+308, 0.0000e+00, 0.0000e+00, 
 2DIAGNOSTIC,     4, -5.335844779531e-01, 1.797693134862e+308, 0.0000e+00, 0.0000e+00, 
 2DIAGNOSTIC,     5, -5.336102259670e-01, 1.797693134862e+308, 0.0000e+00, 0.0000e+00, 
 2DIAGNOSTIC,     6, -5.335436065488e-01, 1.797693134862e+308, 0.0000e+00, 0.0000e+00, 
 2DIAGNOSTIC,     7, -5.335647033383e-01, 1.797693134862e+308, 0.0000e+00, 0.0000e+00, 
 2DIAGNOSTIC,     8, -5.335647033381e-01, 1.797693134862e+308, 0.0000e+00, 0.0000e+00, 
 2DIAGNOSTIC,     9, -5.335640222570e-01, 1.797693134862e+308, 0.0000e+00, 0.0000e+00, 
 2DIAGNOSTIC,    10, -5.335582622579e-01, 2.716127474933e-06, 0.0000e+00, 0.0000e+00, 
DIAGNOSTIC,Iteration,metricValue,convergenceValue,ITERATION_TIME_INDEX,SINCE_LAST
 2DIAGNOSTIC,     1, -4.265892519036e-01, 1.797693134862e+308, 0.0000e+00, 0.0000e+00, 
 2DIAGNOSTIC,     2, -4.268397282014e-01, 1.797693134862e+308, 0.0000e+00, 0.0000e+00, 
 2DIAGNOSTIC,     3, -4.275945741845e-01, 1.797693134862e+308, 0.0000e+00, 0.0000e+00, 
 2DIAGNOSTIC,     4, -4.288897549330e-01, 1.797693134862e+308, 0.0000e+00, 0.0000e+00, 
 2DIAGNOSTIC,     5, -4.309169315145e-01, 1.797693134862e+308, 0.0000e+00, 0.0000e+00, 
 2DIAGNOSTIC,     6, -4.352874850599e-01, 1.797693134862e+308, 0.0000e+00, 0.0000e+00, 
 2DIAGNOSTIC,     7, -4.427230657041e-01, 1.797693134862e+308, 0.0000e+00, 0.0000e+00, 
 2DIAGNOSTIC,     8, -4.529275453659e-01, 1.797693134862e+308, 0.0000e+00, 0.0000e+00, 
 2DIAGNOSTIC,     9, -4.722151963322e-01, 1.797693134862e+308, 0.0000e+00, 0.0000e+00, 
 2DIAGNOSTIC,    10, -5.184343413711e-01, 9.964735089351e-03, 0.0000e+00, 0.0000e+00, 
 2DIAGNOSTIC,    11, -5.918857791003e-01, 1.610101860530e-02, 0.0000e+00, 0.0000e+00, 
 2DIAGNOSTIC,    12, -6.141484344009e-01, 2.052263119065e-02, 0.0000e+00, 0.0000e+00, 
 2DIAGNOSTIC,    13, -6.155457822860e-01, 2.239668700379e-02, 0.0000e+00, 0.0000e+00, 
 2DIAGNOSTIC,    14, -6.157125421900e-01, 2.204350468424e-02, 0.0000e+00, 0.0000e+00, 
 2DIAGNOSTIC,    15, -6.156011524760e-01, 1.981757788192e-02, 0.0000e+00, 0.0000e+00, 
 2DIAGNOSTIC,    16, -6.152250410353e-01, 1.623271496374e-02, 0.0000e+00, 0.0000e+00, 
 2DIAGNOSTIC,    17, -6.152698481980e-01, 1.192112373617e-02, 0.0000e+00, 0.0000e+00, 
 2DIAGNOSTIC,    18, -6.152300305909e-01, 7.429453503826e-03, 0.0000e+00, 0.0000e+00, 
 2DIAGNOSTIC,    19, -6.152195724994e-01, 3.356195852618e-03, 0.0000e+00, 0.0000e+00, 
 2DIAGNOSTIC,    20, -6.152298746454e-01, 6.384435317990e-04, 0.0000e+00, 0.0000e+00, 
 2DIAGNOSTIC,    21, -6.152152894755e-01, 7.079856574867e-06, 0.0000e+00, 0.0000e+00, 
DIAGNOSTIC,Iteration,metricValue,convergenceValue,ITERATION_TIME_INDEX,SINCE_LAST
 2DIAGNOSTIC,     1, -5.299393671922e-01, 1.797693134862e+308, 0.0000e+00, 0.0000e+00, 
 2DIAGNOSTIC,     2, -5.303913719643e-01, 1.797693134862e+308, 0.0000e+00, 0.0000e+00, 
 2DIAGNOSTIC,     3, -5.308985219180e-01, 1.797693134862e+308, 0.0000e+00, 0.0000e+00, 
 2DIAGNOSTIC,     4, -5.310768116168e-01, 1.797693134862e+308, 0.0000e+00, 0.0000e+00, 
 2DIAGNOSTIC,     5, -5.316413164366e-01, 1.797693134862e+308, 0.0000e+00, 0.0000e+00, 
 2DIAGNOSTIC,     6, -5.320557662558e-01, 1.797693134862e+308, 0.0000e+00, 0.0000e+00, 
 2DIAGNOSTIC,     7, -5.323015048665e-01, 1.797693134862e+308, 0.0000e+00, 0.0000e+00, 
 2DIAGNOSTIC,     8, -5.325715370581e-01, 1.797693134862e+308, 0.0000e+00, 0.0000e+00, 
 2DIAGNOSTIC,     9, -5.332126246050e-01, 1.797693134862e+308, 0.0000e+00, 0.0000e+00, 
 2DIAGNOSTIC,    10, -5.334757986524e-01, 4.177482605219e-04, 0.0000e+00, 0.0000e+00, 
 2DIAGNOSTIC,    11, -5.333956005287e-01, 3.512016519483e-04, 0.0000e+00, 0.0000e+00, 
 2DIAGNOSTIC,    12, -5.337484036901e-01, 3.003946190493e-04, 0.0000e+00, 0.0000e+00, 
 2DIAGNOSTIC,    13, -5.340396595703e-01, 2.628494060114e-04, 0.0000e+00, 0.0000e+00, 
 2DIAGNOSTIC,    14, -5.339344686469e-01, 2.086136535541e-04, 0.0000e+00, 0.0000e+00, 
 2DIAGNOSTIC,    15, -5.346899136499e-01, 1.895936580865e-04, 0.0000e+00, 0.0000e+00, 
 2DIAGNOSTIC,    16, -5.353567116218e-01, 1.912256168381e-04, 0.0000e+00, 0.0000e+00, 
 2DIAGNOSTIC,    17, -5.361341688789e-01, 2.066904305228e-04, 0.0000e+00, 0.0000e+00, 
 2DIAGNOSTIC,    18, -5.358611525766e-01, 2.005279302832e-04, 0.0000e+00, 0.0000e+00, 
 2DIAGNOSTIC,    19, -5.365000329906e-01, 2.130071067280e-04, 0.0000e+00, 0.0000e+00, 
 2DIAGNOSTIC,    20, -5.366643658271e-01, 2.155007174600e-04, 0.0000e+00, 0.0000e+00, 
 2DIAGNOSTIC,    21, -5.367894074568e-01, 1.981184167560e-04, 0.0000e+00, 0.0000e+00, 
 2DIAGNOSTIC,    22, -5.367842921192e-01, 1.721819134656e-04, 0.0000e+00, 0.0000e+00, 
 2DIAGNOSTIC,    23, -5.367823994512e-01, 1.397356994196e-04, 0.0000e+00, 0.0000e+00, 
 2DIAGNOSTIC,    24, -5.367790417459e-01, 9.429420076958e-05, 0.0000e+00, 0.0000e+00, 
 2DIAGNOSTIC,    25, -5.367790417459e-01, 5.930209441659e-05, 0.0000e+00, 0.0000e+00, 
 2DIAGNOSTIC,    26, -5.367790417459e-01, 3.472262204105e-05, 0.0000e+00, 0.0000e+00, 
 2DIAGNOSTIC,    27, -5.367790417459e-01, 2.437279416399e-05, 0.0000e+00, 0.0000e+00, 
 2DIAGNOSTIC,    28, -5.367790417459e-01, 7.007870646648e-06, 0.0000e+00, 0.0000e+00, 
 2DIAGNOSTIC,    29, -5.367790417459e-01, 1.840819477676e-06, 0.0000e+00, 0.0000e+00, 
DIAGNOSTIC,Iteration,metricValue,convergenceValue,ITERATION_TIME_INDEX,SINCE_LAST
 2DIAGNOSTIC,     1, -4.904765064772e-01, 1.797693134862e+308, 0.0000e+00, 0.0000e+00, 
 2DIAGNOSTIC,     2, -4.904954365591e-01, 1.797693134862e+308, 0.0000e+00, 0.0000e+00, 
 2DIAGNOSTIC,     3, -4.904888373899e-01, 1.797693134862e+308, 0.0000e+00, 0.0000e+00, 
 2DIAGNOSTIC,     4, -4.904865439905e-01, 1.797693134862e+308, 0.0000e+00, 0.0000e+00, 
 2DIAGNOSTIC,     5, -4.904840087757e-01, 1.797693134862e+308, 0.0000e+00, 0.0000e+00, 
 2DIAGNOSTIC,     6, -4.904856101092e-01, 1.797693134862e+308, 0.0000e+00, 0.0000e+00, 
 2DIAGNOSTIC,     7, -4.904756442437e-01, 1.797693134862e+308, 0.0000e+00, 0.0000e+00, 
 2DIAGNOSTIC,     8, -4.904716777768e-01, 1.797693134862e+308, 0.0000e+00, 0.0000e+00, 
 2DIAGNOSTIC,     9, -4.904715295515e-01, 1.797693134862e+308, 0.0000e+00, 0.0000e+00, 
  Elapsed time (stage 0): 0.0000e+00


Total elapsed time: 0.0000e+00
Info [verificarlo]: loaded backend libinterflop_ieee.so
Info [interflop-ieee]: load backend with:
Info [interflop-ieee]: debug = false
Info [interflop-ieee]: debug-binary = false
Info [interflop-ieee]: no-backend-name = false
Info [interflop-ieee]: print-new-line = false
Info [interflop-ieee]: print-subnormal-normalized = false
Info [interflop-ieee]: count-op = false
All_Command_lines_OK
Using double precision for computations.
=============================================================================
The composite transform comprises the following transforms (in order): 
  1. /home/mdugre/scratch/mri-registration-rp/datasets/ds004513/derivatives/mri-registration-rp/0100/antsRegistration-r7-p9/sub-s025/rigid_Composite.h5[0] (type = Euler3DTransform)
  2. /home/mdugre/scratch/mri-registration-rp/datasets/ds004513/derivatives/mri-registration-rp/0100/antsRegistration-r7-p9/sub-s025/rigid_Composite.h5[1] (type = Euler3DTransform)
  3. /home/mdugre/scratch/mri-registration-rp/datasets/ds004513/derivatives/mri-registration-rp/0100/antsRegistration-r7-p9/sub-s025/rigid_Composite.h5[2] (type = Euler3DTransform)
=============================================================================
  number of levels = 4
  fixed image: /templateflow/tpl-MNI152NLin2009cAsym/tpl-MNI152NLin2009cAsym_res-01_desc-brain_T1w.nii.gz
  moving image: /home/mdugre/scratch/mri-registration-rp/datasets/ds004513/derivatives/mri-registration-rp/antsBrainExtraction/sub-s025/BrainExtractionBrain.nii.gz
Dimension = 3
Number of stages = 1
Use histogram matching = false
Winsorize image intensities = true
  Lower quantile = 0.005
  Upper quantile = 0.995


Stage 1 State
   Image metric = MattesMI
     Fixed image = Image (0x409b530)
  RTTI typeinfo:   itk::Image<double, 3u>
  Reference Count: 2
  Modified Time: 1594
  Debug: Off
  Object Name: 
  Observers: 
    none
  Source: (none)
  Source output name: (none)
  Release Data: Off
  Data Released: False
  Global Release Data: Off
  PipelineMTime: 0
  UpdateMTime: 1203
  RealTimeStamp: 0 seconds 
  LargestPossibleRegion: 
    Dimension: 3
    Index: [0, 0, 0]
    Size: [193, 229, 193]
  BufferedRegion: 
    Dimension: 3
    Index: [0, 0, 0]
    Size: [193, 229, 193]
  RequestedRegion: 
    Dimension: 3
    Index: [0, 0, 0]
    Size: [193, 229, 193]
  Spacing: [1, 1, 1]
  Origin: [96, 132, -78]
  Direction: 
-1 0 0
0 -1 0
0 0 1

  IndexToPointMatrix: 
-1 0 0
0 -1 0
0 0 1

  PointToIndexMatrix: 
-1 0 0
0 -1 0
0 0 1

  Inverse Direction: 
-1 0 0
0 -1 0
0 0 1

  PixelContainer: 
    ImportImageContainer (0x40a82b0)
      RTTI typeinfo:   itk::ImportImageContainer<unsigned long, double>
      Reference Count: 1
      Modified Time: 1200
      Debug: Off
      Object Name: 
      Observers: 
        none
      Pointer: 0x1538a1009010
      Container manages memory: true
      Size: 8530021
      Capacity: 8530021

     Moving image = Image (0x4156fd0)
  RTTI typeinfo:   itk::Image<double, 3u>
  Reference Count: 2
  Modified Time: 1595
  Debug: Off
  Object Name: 
  Observers: 
    none
  Source: (none)
  Source output name: (none)
  Release Data: Off
  Data Released: False
  Global Release Data: Off
  PipelineMTime: 0
  UpdateMTime: 1592
  RealTimeStamp: 0 seconds 
  LargestPossibleRegion: 
    Dimension: 3
    Index: [0, 0, 0]
    Size: [176, 240, 256]
  BufferedRegion: 
    Dimension: 3
    Index: [0, 0, 0]
    Size: [176, 240, 256]
  RequestedRegion: 
    Dimension: 3
    Index: [0, 0, 0]
    Size: [176, 240, 256]
  Spacing: [0.999999, 1, 1]
  Origin: [90.3778, 84.5091, -154.071]
  Direction: 
-0.999391 7.48184e-06 -0.0348969
-7.47664e-06 -1 -2.7953e-07
-0.0348969 -1.84481e-08 0.999391

  IndexToPointMatrix: 
-0.99939 7.48184e-06 -0.0348969
-7.47663e-06 -1 -2.7953e-07
-0.0348968 -1.84481e-08 0.999391

  PointToIndexMatrix: 
-0.999392 -7.47665e-06 -0.0348969
7.48184e-06 -1 -1.84481e-08
-0.0348969 -2.7953e-07 0.999391

  Inverse Direction: 
-0.999391 -7.47664e-06 -0.0348969
7.48184e-06 -1 -1.84481e-08
-0.0348969 -2.7953e-07 0.999391

  PixelContainer: 
    ImportImageContainer (0x416e990)
      RTTI typeinfo:   itk::ImportImageContainer<unsigned long, double>
      Reference Count: 1
      Modified Time: 1589
      Debug: Off
      Object Name: 
      Observers: 
        none
      Pointer: 0x15389bd88010
      Container manages memory: true
      Size: 10813440
      Capacity: 10813440

     Weighting = 1
     Sampling strategy = regular
     Number of bins = 32
     Radius = 4
     Sampling percentage  = 0.25
   Transform = Affine
     Gradient step = 0.1
     Update field sigma (voxel space) = 0
     Total field sigma (voxel space) = 0
     Update field time sigma = 0
     Total field time sigma  = 0
     Number of time indices = 0
     Number of time point samples = 0
Registration using 1 total stages.

Stage 0
  iterations = 1000x500x250x100
  convergence threshold = 1e-06
  convergence window size = 10
  number of levels = 4
  using the Mattes MI metric (number of bins = 32, weight = 1, use gradient filter = 0)
  preprocessing:  winsorizing the image intensities
  Shrink factors (level 1 out of 4): [8, 8, 8]
  Shrink factors (level 2 out of 4): [4, 4, 4]
  Shrink factors (level 3 out of 4): [2, 2, 2]
  Shrink factors (level 4 out of 4): [1, 1, 1]
  smoothing sigmas per level: [3, 2, 1, 0]
  regular sampling (percentage = 0.25)

*** Running AffineTransform registration ***

DIAGNOSTIC,Iteration,metricValue,convergenceValue,ITERATION_TIME_INDEX,SINCE_LAST
 2DIAGNOSTIC,     1, -7.462107097312e-01, 1.797693134862e+308, 9.4772e-01, 9.4772e-01, 
 2DIAGNOSTIC,     2, -7.482359266754e-01, 1.797693134862e+308, 9.5299e-01, 5.2691e-03, 
 2DIAGNOSTIC,     3, -7.512792739330e-01, 1.797693134862e+308, 9.5855e-01, 5.5649e-03, 
 2DIAGNOSTIC,     4, -7.564615012806e-01, 1.797693134862e+308, 9.6324e-01, 4.6830e-03, 
 2DIAGNOSTIC,     5, -7.667939275117e-01, 1.797693134862e+308, 9.6828e-01, 5.0409e-03, 
 2DIAGNOSTIC,     6, -7.825791804498e-01, 1.797693134862e+308, 9.7347e-01, 5.1970e-03, 
 2DIAGNOSTIC,     7, -8.237587822607e-01, 1.797693134862e+308, 9.7968e-01, 6.2060e-03, 
 2DIAGNOSTIC,     8, -8.944590597993e-01, 1.797693134862e+308, 9.8554e-01, 5.8591e-03, 
 2DIAGNOSTIC,     9, -9.205377929232e-01, 1.797693134862e+308, 9.9074e-01, 5.2040e-03, 
 2DIAGNOSTIC,    10, -9.254767716869e-01, 1.626433219697e-02, 9.9704e-01, 6.2990e-03, 
 2DIAGNOSTIC,    11, -9.303281281774e-01, 1.621068078797e-02, 1.0031e+00, 6.0251e-03, 
 2DIAGNOSTIC,    12, -9.324743192305e-01, 1.483006104311e-02, 1.0095e+00, 6.4008e-03, 
 2DIAGNOSTIC,    13, -9.341286910817e-01, 1.244997676950e-02, 1.0167e+00, 7.2079e-03, 
 2DIAGNOSTIC,    14, -9.346698090767e-01, 9.458154432785e-03, 1.0216e+00, 4.9679e-03, 
 2DIAGNOSTIC,    15, -9.359437066019e-01, 6.327092698065e-03, 1.0267e+00, 5.0640e-03, 
 2DIAGNOSTIC,    16, -9.365418977729e-01, 3.385737970935e-03, 1.0321e+00, 5.4190e-03, 
 2DIAGNOSTIC,    17, -9.372929840799e-01, 1.290804412806e-03, 1.0378e+00, 5.6279e-03, 
 2DIAGNOSTIC,    18, -9.380682763261e-01, 6.201536022553e-04, 1.0443e+00, 6.5949e-03, 
 2DIAGNOSTIC,    19, -9.382719215437e-01, 4.191247906750e-04, 1.0498e+00, 5.4569e-03, 
 2DIAGNOSTIC,    20, -9.382676972861e-01, 2.797656646245e-04, 1.0552e+00, 5.3971e-03, 
 2DIAGNOSTIC,    21, -9.382305590914e-01, 2.025760082575e-04, 1.0606e+00, 5.4371e-03, 
 2DIAGNOSTIC,    22, -9.381701071613e-01, 1.443132454698e-04, 1.0661e+00, 5.4860e-03, 
 2DIAGNOSTIC,    23, -9.379328870198e-01, 9.789351263943e-05, 1.0711e+00, 5.0211e-03, 
 2DIAGNOSTIC,    24, -9.379043151503e-01, 5.318488225373e-05, 1.0760e+00, 4.8518e-03, 
 2DIAGNOSTIC,    25, -9.379462168997e-01, 2.429649459183e-05, 1.0808e+00, 4.8039e-03, 
 2DIAGNOSTIC,    26, -9.382168311894e-01, 6.124512223572e-06, 1.0856e+00, 4.8301e-03, 
 2DIAGNOSTIC,    27, -9.385392919395e-01, 1.307891461876e-06, 1.0916e+00, 5.9218e-03, 
 2DIAGNOSTIC,    28, -9.386978507096e-01, 7.388286753909e-06, 1.0964e+00, 4.8261e-03, 
 2DIAGNOSTIC,    29, -9.385548628340e-01, 1.314988879016e-05, 1.1031e+00, 6.6690e-03, 
 2DIAGNOSTIC,    30, -9.382724270656e-01, 1.440723959861e-05, 1.1081e+00, 5.0731e-03, 
 2DIAGNOSTIC,    31, -9.383164697850e-01, 1.440806841860e-05, 1.1138e+00, 5.6670e-03, 
 2DIAGNOSTIC,    32, -9.382528119384e-01, 1.185123096065e-05, 1.1197e+00, 5.8899e-03, 
 2DIAGNOSTIC,    33, -9.380400419735e-01, 4.122769876679e-06, 1.1250e+00, 5.3420e-03, 
DIAGNOSTIC,Iteration,metricValue,convergenceValue,ITERATION_TIME_INDEX,SINCE_LAST
 2DIAGNOSTIC,     1, -7.506088419767e-01, 1.797693134862e+308, 1.8758e+00, 7.5082e-01, 
 2DIAGNOSTIC,     2, -7.510948940781e-01, 1.797693134862e+308, 1.9107e+00, 3.4897e-02, 
 2DIAGNOSTIC,     3, -7.515655335303e-01, 1.797693134862e+308, 1.9453e+00, 3.4548e-02, 
 2DIAGNOSTIC,     4, -7.521475732733e-01, 1.797693134862e+308, 1.9803e+00, 3.4983e-02, 
 2DIAGNOSTIC,     5, -7.535122516167e-01, 1.797693134862e+308, 2.0158e+00, 3.5556e-02, 
 2DIAGNOSTIC,     6, -7.542508709090e-01, 1.797693134862e+308, 2.0705e+00, 5.4699e-02, 
 2DIAGNOSTIC,     7, -7.542600684351e-01, 1.797693134862e+308, 2.1055e+00, 3.4959e-02, 
 2DIAGNOSTIC,     8, -7.542741032638e-01, 1.797693134862e+308, 2.1480e+00, 4.2524e-02, 
 2DIAGNOSTIC,     9, -7.542793556827e-01, 1.797693134862e+308, 2.1833e+00, 3.5332e-02, 
 2DIAGNOSTIC,    10, -7.542612694896e-01, 3.596349175945e-04, 2.2207e+00, 3.7318e-02, 
 2DIAGNOSTIC,    11, -7.542635237582e-01, 2.559929408278e-04, 2.2608e+00, 4.0164e-02, 
 2DIAGNOSTIC,    12, -7.542603652259e-01, 1.625374449801e-04, 2.2951e+00, 3.4236e-02, 
 2DIAGNOSTIC,    13, -7.542783303557e-01, 8.355247543235e-05, 2.3304e+00, 3.5344e-02, 
 2DIAGNOSTIC,    14, -7.543068914872e-01, 2.412556759741e-05, 2.3683e+00, 3.7888e-02, 
 2DIAGNOSTIC,    15, -7.543165143960e-01, 4.663459133580e-06, 2.4044e+00, 3.6101e-02, 
 2DIAGNOSTIC,    16, -7.543974454486e-01, 6.733231821501e-06, 2.4491e+00, 4.4666e-02, 
 2DIAGNOSTIC,    17, -7.544318178148e-01, 9.036173188606e-06, 2.4944e+00, 4.5317e-02, 
 2DIAGNOSTIC,    18, -7.544274503432e-01, 1.061163466945e-05, 2.5368e+00, 4.2421e-02, 
 2DIAGNOSTIC,    19, -7.544297656922e-01, 1.138699116642e-05, 2.5791e+00, 4.2303e-02, 
 2DIAGNOSTIC,    20, -7.544362072830e-01, 1.096389735831e-05, 2.6211e+00, 4.2002e-02, 
 2DIAGNOSTIC,    21, -7.544482098522e-01, 9.946413820086e-06, 2.6718e+00, 5.0712e-02, 
 2DIAGNOSTIC,    22, -7.544313931354e-01, 7.873077201924e-06, 2.7077e+00, 3.5863e-02, 
 2DIAGNOSTIC,    23, -7.544354169618e-01, 5.760486253781e-06, 2.7456e+00, 3.7932e-02, 
 2DIAGNOSTIC,    24, -7.544625608372e-01, 4.306102378976e-06, 2.7889e+00, 4.3312e-02, 
 2DIAGNOSTIC,    25, -7.544620709064e-01, 2.778727656402e-06, 2.8360e+00, 4.7062e-02, 
 2DIAGNOSTIC,    26, -7.544717164112e-01, 2.529746878435e-06, 2.8719e+00, 3.5969e-02, 
 2DIAGNOSTIC,    27, -7.544723290645e-01, 2.673727707299e-06, 2.9234e+00, 5.1453e-02, 
 2DIAGNOSTIC,    28, -7.544561911220e-01, 2.392941982614e-06, 2.9679e+00, 4.4533e-02, 
 2DIAGNOSTIC,    29, -7.544488504765e-01, 1.945524529881e-06, 3.0146e+00, 4.6684e-02, 
 2DIAGNOSTIC,    30, -7.544144501512e-01, 1.089129240642e-06, 3.0526e+00, 3.7977e-02, 
DIAGNOSTIC,Iteration,metricValue,convergenceValue,ITERATION_TIME_INDEX,SINCE_LAST
 2DIAGNOSTIC,     1, -6.416377880521e-01, 1.797693134862e+308, 4.1977e+00, 1.1451e+00, 
 2DIAGNOSTIC,     2, -6.421212732859e-01, 1.797693134862e+308, 4.4912e+00, 2.9344e-01, 
 2DIAGNOSTIC,     3, -6.425875159930e-01, 1.797693134862e+308, 4.7739e+00, 2.8274e-01, 
 2DIAGNOSTIC,     4, -6.431010691641e-01, 1.797693134862e+308, 5.0548e+00, 2.8089e-01, 
 2DIAGNOSTIC,     5, -6.438999564174e-01, 1.797693134862e+308, 5.3595e+00, 3.0473e-01, 
 2DIAGNOSTIC,     6, -6.449986331144e-01, 1.797693134862e+308, 5.7016e+00, 3.4211e-01, 
 2DIAGNOSTIC,     7, -6.450452871255e-01, 1.797693134862e+308, 6.2071e+00, 5.0552e-01, 
 2DIAGNOSTIC,     8, -6.450518864974e-01, 1.797693134862e+308, 6.5009e+00, 2.9373e-01, 
 2DIAGNOSTIC,     9, -6.450553970726e-01, 1.797693134862e+308, 7.0846e+00, 5.8371e-01, 
 2DIAGNOSTIC,    10, -6.450558775676e-01, 3.916674113360e-04, 7.4159e+00, 3.3131e-01, 
 2DIAGNOSTIC,    11, -6.450521625946e-01, 2.839462447511e-04, 7.6961e+00, 2.8021e-01, 
 2DIAGNOSTIC,    12, -6.450514145941e-01, 1.868015338613e-04, 7.9672e+00, 2.7113e-01, 
 2DIAGNOSTIC,    13, -6.450511366160e-01, 1.042385056425e-04, 8.2826e+00, 3.1537e-01, 
 2DIAGNOSTIC,    14, -6.450491240448e-01, 4.007662125496e-05, 8.6050e+00, 3.2237e-01, 
 2DIAGNOSTIC,    15, -6.450486996309e-01, 3.606095658262e-06, 8.9251e+00, 3.2010e-01, 
 2DIAGNOSTIC,    16, -6.450487019808e-01, 1.821959845563e-06, 9.2197e+00, 2.9467e-01, 
 2DIAGNOSTIC,    17, -6.450472728276e-01, 1.432988935179e-06, 9.4977e+00, 2.7798e-01, 
 2DIAGNOSTIC,    18, -6.450468275231e-01, 1.276133505854e-06, 9.9117e+00, 4.1399e-01, 
 2DIAGNOSTIC,    19, -6.450476362823e-01, 1.280841947233e-06, 1.0200e+01, 2.8795e-01, 
 2DIAGNOSTIC,    20, -6.450461435520e-01, 1.300696235856e-06, 1.0512e+01, 3.1247e-01, 
 2DIAGNOSTIC,    21, -6.450441641963e-01, 1.226998905916e-06, 1.0841e+01, 3.2852e-01, 
 2DIAGNOSTIC,    22, -6.450416568130e-01, 1.122837849844e-06, 1.1160e+01, 3.1917e-01, 
 2DIAGNOSTIC,    23, -6.450421560804e-01, 1.063971490016e-06, 1.1436e+01, 2.7570e-01, 
DIAGNOSTIC,Iteration,metricValue,convergenceValue,ITERATION_TIME_INDEX,SINCE_LAST
 2DIAGNOSTIC,     1, -5.764454909777e-01, 1.797693134862e+308, 1.4175e+01, 2.7396e+00, 
 2DIAGNOSTIC,     2, -5.768853884572e-01, 1.797693134862e+308, 1.5826e+01, 1.6504e+00, 
 2DIAGNOSTIC,     3, -5.774039325808e-01, 1.797693134862e+308, 1.7522e+01, 1.6961e+00, 
 2DIAGNOSTIC,     4, -5.779729462203e-01, 1.797693134862e+308, 1.9145e+01, 1.6232e+00, 
 2DIAGNOSTIC,     5, -5.784692485400e-01, 1.797693134862e+308, 2.0755e+01, 1.6100e+00, 
 2DIAGNOSTIC,     6, -5.798320065855e-01, 1.797693134862e+308, 2.4417e+01, 3.6625e+00, 
 2DIAGNOSTIC,     7, -5.798302389492e-01, 1.797693134862e+308, 2.7376e+01, 2.9591e+00, 
 2DIAGNOSTIC,     8, -5.798302473433e-01, 1.797693134862e+308, 2.9389e+01, 2.0129e+00, 
 2DIAGNOSTIC,     9, -5.798299159531e-01, 1.797693134862e+308, 3.1994e+01, 2.6046e+00, 
 2DIAGNOSTIC,    10, -5.798299611788e-01, 4.330910464640e-04, 3.3816e+01, 1.8220e+00, 
 2DIAGNOSTIC,    11, -5.798298556598e-01, 3.155213772193e-04, 3.5591e+01, 1.7757e+00, 
 2DIAGNOSTIC,    12, -5.798296187185e-01, 2.073382756901e-04, 3.7403e+01, 1.8115e+00, 
 2DIAGNOSTIC,    13, -5.798295324909e-01, 1.173757049341e-04, 3.9217e+01, 1.8142e+00, 
 2DIAGNOSTIC,    14, -5.798294234037e-01, 4.987047704834e-05, 4.0871e+01, 1.6534e+00, 
 2DIAGNOSTIC,    15, -5.798293430637e-01, 1.991577795346e-06, 4.2720e+01, 1.8496e+00, 
 2DIAGNOSTIC,    16, -5.798292761679e-01, 1.918976097831e-06, 4.4602e+01, 1.8820e+00, 
 2DIAGNOSTIC,    17, -5.798292252062e-01, 1.809039192356e-06, 4.6225e+01, 1.6231e+00, 
 2DIAGNOSTIC,    18, -5.798290923742e-01, 1.714172995888e-06, 4.8155e+01, 1.9299e+00, 
 2DIAGNOSTIC,    19, -5.798291833194e-01, 1.628148427739e-06, 5.0026e+01, 1.8704e+00, 
 2DIAGNOSTIC,    20, -5.798287365223e-01, 1.545228277063e-06, 5.1645e+01, 1.6193e+00, 
 2DIAGNOSTIC,    21, -5.798288498189e-01, 1.475168719151e-06, 5.3434e+01, 1.7890e+00, 
 2DIAGNOSTIC,    22, -5.798284172302e-01, 1.400262049867e-06, 5.5221e+01, 1.7875e+00, 
 2DIAGNOSTIC,    23, -5.798285271916e-01, 1.336983186932e-06, 5.6875e+01, 1.6537e+00, 
 2DIAGNOSTIC,    24, -5.798284116363e-01, 1.278717621379e-06, 5.8746e+01, 1.8706e+00, 
 2DIAGNOSTIC,    25, -5.798286329375e-01, 1.232442940861e-06, 6.0615e+01, 1.8692e+00, 
 2DIAGNOSTIC,    26, -5.798284441910e-01, 1.188703850089e-06, 6.2473e+01, 1.8578e+00, 
 2DIAGNOSTIC,    27, -5.798284638545e-01, 1.151189722430e-06, 6.4330e+01, 1.8576e+00, 
 2DIAGNOSTIC,    28, -5.798284231454e-01, 1.115853709009e-06, 6.6037e+01, 1.7072e+00, 
 2DIAGNOSTIC,    29, -5.798283076268e-01, 1.084632981319e-06, 6.7902e+01, 1.8650e+00, 
 2DIAGNOSTIC,    30, -5.798284276683e-01, 1.051285405132e-06, 6.9652e+01, 1.7495e+00, 
 2DIAGNOSTIC,    31, -5.798284801617e-01, 1.023775685054e-06, 7.1330e+01, 1.6781e+00, 
  Elapsed time (stage 0): 7.2542e+01


Total elapsed time: 7.2545e+01
Info [verificarlo]: loaded backend libinterflop_ieee.so
Info [interflop-ieee]: load backend with:
Info [interflop-ieee]: debug = false
Info [interflop-ieee]: debug-binary = false
Info [interflop-ieee]: no-backend-name = false
Info [interflop-ieee]: print-new-line = false
Info [interflop-ieee]: print-subnormal-normalized = false
Info [interflop-ieee]: count-op = false
All_Command_lines_OK
Using double precision for computations.
=============================================================================
The composite transform comprises the following transforms (in order): 
  1. /home/mdugre/scratch/mri-registration-rp/datasets/ds004513/derivatives/mri-registration-rp/0100/antsRegistration-r7-p9/sub-s025/affine_Composite.h5[0] (type = Euler3DTransform)
  2. /home/mdugre/scratch/mri-registration-rp/datasets/ds004513/derivatives/mri-registration-rp/0100/antsRegistration-r7-p9/sub-s025/affine_Composite.h5[1] (type = Euler3DTransform)
  3. /home/mdugre/scratch/mri-registration-rp/datasets/ds004513/derivatives/mri-registration-rp/0100/antsRegistration-r7-p9/sub-s025/affine_Composite.h5[2] (type = Euler3DTransform)
  4. /home/mdugre/scratch/mri-registration-rp/datasets/ds004513/derivatives/mri-registration-rp/0100/antsRegistration-r7-p9/sub-s025/affine_Composite.h5[3] (type = AffineTransform)
=============================================================================
  number of levels = 4
  fixed image: /templateflow/tpl-MNI152NLin2009cAsym/tpl-MNI152NLin2009cAsym_res-01_desc-brain_T1w.nii.gz
  moving image: /home/mdugre/scratch/mri-registration-rp/datasets/ds004513/derivatives/mri-registration-rp/antsBrainExtraction/sub-s025/BrainExtractionBrain.nii.gz
Dimension = 3
Number of stages = 1
Use histogram matching = false
Winsorize image intensities = true
  Lower quantile = 0.005
  Upper quantile = 0.995


Stage 1 State
   Image metric = CC
     Fixed image = Image (0x3f73a40)
  RTTI typeinfo:   itk::Image<double, 3u>
  Reference Count: 2
  Modified Time: 1608
  Debug: Off
  Object Name: 
  Observers: 
    none
  Source: (none)
  Source output name: (none)
  Release Data: Off
  Data Released: False
  Global Release Data: Off
  PipelineMTime: 0
  UpdateMTime: 1217
  RealTimeStamp: 0 seconds 
  LargestPossibleRegion: 
    Dimension: 3
    Index: [0, 0, 0]
    Size: [193, 229, 193]
  BufferedRegion: 
    Dimension: 3
    Index: [0, 0, 0]
    Size: [193, 229, 193]
  RequestedRegion: 
    Dimension: 3
    Index: [0, 0, 0]
    Size: [193, 229, 193]
  Spacing: [1, 1, 1]
  Origin: [96, 132, -78]
  Direction: 
-1 0 0
0 -1 0
0 0 1

  IndexToPointMatrix: 
-1 0 0
0 -1 0
0 0 1

  PointToIndexMatrix: 
-1 0 0
0 -1 0
0 0 1

  Inverse Direction: 
-1 0 0
0 -1 0
0 0 1

  PixelContainer: 
    ImportImageContainer (0x4042780)
      RTTI typeinfo:   itk::ImportImageContainer<unsigned long, double>
      Reference Count: 1
      Modified Time: 1214
      Debug: Off
      Object Name: 
      Observers: 
        none
      Pointer: 0x145abafca010
      Container manages memory: true
      Size: 8530021
      Capacity: 8530021

     Moving image = Image (0x4044390)
  RTTI typeinfo:   itk::Image<double, 3u>
  Reference Count: 2
  Modified Time: 1609
  Debug: Off
  Object Name: 
  Observers: 
    none
  Source: (none)
  Source output name: (none)
  Release Data: Off
  Data Released: False
  Global Release Data: Off
  PipelineMTime: 0
  UpdateMTime: 1606
  RealTimeStamp: 0 seconds 
  LargestPossibleRegion: 
    Dimension: 3
    Index: [0, 0, 0]
    Size: [176, 240, 256]
  BufferedRegion: 
    Dimension: 3
    Index: [0, 0, 0]
    Size: [176, 240, 256]
  RequestedRegion: 
    Dimension: 3
    Index: [0, 0, 0]
    Size: [176, 240, 256]
  Spacing: [0.999999, 1, 1]
  Origin: [90.3778, 84.5091, -154.071]
  Direction: 
-0.999391 7.48184e-06 -0.0348969
-7.47664e-06 -1 -2.7953e-07
-0.0348969 -1.84481e-08 0.999391

  IndexToPointMatrix: 
-0.99939 7.48184e-06 -0.0348969
-7.47663e-06 -1 -2.7953e-07
-0.0348968 -1.84481e-08 0.999391

  PointToIndexMatrix: 
-0.999392 -7.47665e-06 -0.0348969
7.48184e-06 -1 -1.84481e-08
-0.0348969 -2.7953e-07 0.999391

  Inverse Direction: 
-0.999391 -7.47664e-06 -0.0348969
7.48184e-06 -1 -1.84481e-08
-0.0348969 -2.7953e-07 0.999391

  PixelContainer: 
    ImportImageContainer (0x3ff96f0)
      RTTI typeinfo:   itk::ImportImageContainer<unsigned long, double>
      Reference Count: 1
      Modified Time: 1603
      Debug: Off
      Object Name: 
      Observers: 
        none
      Pointer: 0x145ab5d49010
      Container manages memory: true
      Size: 10813440
      Capacity: 10813440

     Weighting = 1
     Sampling strategy = none
     Number of bins = 32
     Radius = 4
     Sampling percentage  = 1
   Transform = SyN
     Gradient step = 0.1
     Update field sigma (voxel space) = 3
     Total field sigma (voxel space) = 0
     Update field time sigma = 0
     Total field time sigma  = 0
     Number of time indices = 0
     Number of time point samples = 0
Registration using 1 total stages.

Stage 0
  iterations = 100x70x50x20
  convergence threshold = 1e-06
  convergence window size = 10
  number of levels = 4
  using the CC metric (radius = 4, weight = 1, use gradient filter = 0)
  preprocessing:  winsorizing the image intensities
  Shrink factors (level 1 out of 4): [8, 8, 8]
  Shrink factors (level 2 out of 4): [4, 4, 4]
  Shrink factors (level 3 out of 4): [2, 2, 2]
  Shrink factors (level 4 out of 4): [1, 1, 1]
  smoothing sigmas per level: [3, 2, 1, 0]
  Using default NONE metricSamplingStrategy 

*** Running SyN registration (varianceForUpdateField = 3, varianceForTotalField = 0) ***

XXDIAGNOSTIC,Iteration,metricValue,convergenceValue,ITERATION_TIME_INDEX,SINCE_LAST
 1DIAGNOSTIC,     1, -9.076814658491e-01, 1.797693134862e+308, 1.2070e+00, 1.2070e+00, 
 1DIAGNOSTIC,     2, -9.182604629886e-01, 1.797693134862e+308, 1.5655e+00, 3.5852e-01, 
 1DIAGNOSTIC,     3, -9.267552794612e-01, 1.797693134862e+308, 1.9495e+00, 3.8403e-01, 
 1DIAGNOSTIC,     4, -9.332116001089e-01, 1.797693134862e+308, 2.3581e+00, 4.0859e-01, 
