
##########################
# Experiment information #
##########################

EXPERIMENT_NAME: antsRegistration-r7-p8
VFC_BACKENDS: libinterflop_vprec.so --range-binary32=7 --precision-binary32=8 --range-binary64=7 --precision-binary64=8

SIF_IMG: /home/mdugre/projects/rrg-glatard/mdugre/containers/ants-vprec-no_metrics.simg

SUBJECT_ID: s033
INPUT_IMG: /home/mdugre/scratch/mri-registration-rp/datasets/ds004513/derivatives/mri-registration-rp/antsBrainExtraction/sub-s033/BrainExtractionBrain.nii.gz
OUTPUT_DIR: /home/mdugre/scratch/mri-registration-rp/datasets/ds004513/derivatives/mri-registration-rp/0100/antsRegistration-r7-p8/sub-s033

FIXED_IMG: /templateflow/tpl-MNI152NLin2009cAsym/tpl-MNI152NLin2009cAsym_res-01_desc-brain_T1w.nii.gz
DATA_DIR: /home/mdugre/scratch/mri-registration-rp/datasets/ds004513
TEMPLATEFLOW_DIR: /home/mdugre/projects/rrg-glatard/mdugre/templateflow
ITK_GLOBAL_DEFAULT_NUMBER_OF_THREADS: 16
##########################

Info [verificarlo]: loaded backend libinterflop_ieee.so
Info [interflop-ieee]: load backend with:
Info [interflop-ieee]: debug = false
Info [interflop-ieee]: debug-binary = false
Info [interflop-ieee]: no-backend-name = false
Info [interflop-ieee]: print-new-line = false
Info [interflop-ieee]: print-subnormal-normalized = false
Info [interflop-ieee]: count-op = false
All_Command_lines_OK
Using double precision for computations.
=============================================================================
The composite transform comprises the following transforms (in order): 
  1. Center of mass alignment using fixed image: /templateflow/tpl-MNI152NLin2009cAsym/tpl-MNI152NLin2009cAsym_res-01_desc-brain_T1w.nii.gz and moving image: /home/mdugre/scratch/mri-registration-rp/datasets/ds004513/derivatives/mri-registration-rp/antsBrainExtraction/sub-s033/BrainExtractionBrain.nii.gz (type = Euler3DTransform)
=============================================================================
  number of levels = 1
  fixed image: /templateflow/tpl-MNI152NLin2009cAsym/tpl-MNI152NLin2009cAsym_res-01_desc-brain_T1w.nii.gz
  moving image: /home/mdugre/scratch/mri-registration-rp/datasets/ds004513/derivatives/mri-registration-rp/antsBrainExtraction/sub-s033/BrainExtractionBrain.nii.gz
Dimension = 3
Number of stages = 1
Use histogram matching = false
Winsorize image intensities = true
  Lower quantile = 0.005
  Upper quantile = 0.995


Stage 1 State
   Image metric = MattesMI
     Fixed image = Image (0x4c0cbd0)
  RTTI typeinfo:   itk::Image<double, 3u>
  Reference Count: 2
  Modified Time: 2330
  Debug: Off
  Object Name: 
  Observers: 
    none
  Source: (none)
  Source output name: (none)
  Release Data: Off
  Data Released: False
  Global Release Data: Off
  PipelineMTime: 0
  UpdateMTime: 1941
  RealTimeStamp: 0 seconds 
  LargestPossibleRegion: 
    Dimension: 3
    Index: [0, 0, 0]
    Size: [193, 229, 193]
  BufferedRegion: 
    Dimension: 3
    Index: [0, 0, 0]
    Size: [193, 229, 193]
  RequestedRegion: 
    Dimension: 3
    Index: [0, 0, 0]
    Size: [193, 229, 193]
  Spacing: [1, 1, 1]
  Origin: [96, 132, -78]
  Direction: 
-1 0 0
0 -1 0
0 0 1

  IndexToPointMatrix: 
-1 0 0
0 -1 0
0 0 1

  PointToIndexMatrix: 
-1 0 0
0 -1 0
0 0 1

  Inverse Direction: 
-1 0 0
0 -1 0
0 0 1

  PixelContainer: 
    ImportImageContainer (0x4c159e0)
      RTTI typeinfo:   itk::ImportImageContainer<unsigned long, double>
      Reference Count: 1
      Modified Time: 1938
      Debug: Off
      Object Name: 
      Observers: 
        none
      Pointer: 0x146f579ba010
      Container manages memory: true
      Size: 8530021
      Capacity: 8530021

     Moving image = Image (0x4c16910)
  RTTI typeinfo:   itk::Image<double, 3u>
  Reference Count: 2
  Modified Time: 2331
  Debug: Off
  Object Name: 
  Observers: 
    none
  Source: (none)
  Source output name: (none)
  Release Data: Off
  Data Released: False
  Global Release Data: Off
  PipelineMTime: 0
  UpdateMTime: 2328
  RealTimeStamp: 0 seconds 
  LargestPossibleRegion: 
    Dimension: 3
    Index: [0, 0, 0]
    Size: [160, 240, 256]
  BufferedRegion: 
    Dimension: 3
    Index: [0, 0, 0]
    Size: [160, 240, 256]
  RequestedRegion: 
    Dimension: 3
    Index: [0, 0, 0]
    Size: [160, 240, 256]
  Spacing: [1, 1, 1]
  Origin: [91.5134, 94.282, -109.927]
  Direction: 
-0.99591 -0.0698718 -0.0572835
0.0697565 -0.997556 0.00401236
-0.0574239 5.01125e-08 0.99835

  IndexToPointMatrix: 
-0.99591 -0.0698718 -0.0572835
0.0697565 -0.997556 0.00401236
-0.0574239 5.01125e-08 0.99835

  PointToIndexMatrix: 
-0.99591 0.0697565 -0.0574239
-0.0698718 -0.997556 5.01483e-08
-0.0572835 0.00401236 0.99835

  Inverse Direction: 
-0.99591 0.0697565 -0.0574239
-0.0698718 -0.997556 5.01483e-08
-0.0572835 0.00401236 0.99835

  PixelContainer: 
    ImportImageContainer (0x4cfca50)
      RTTI typeinfo:   itk::ImportImageContainer<unsigned long, double>
      Reference Count: 1
      Modified Time: 2325
      Debug: Off
      Object Name: 
      Observers: 
        none
      Pointer: 0x146f52eb9010
      Container manages memory: true
      Size: 9830400
      Capacity: 9830400

     Weighting = 1
     Sampling strategy = regular
     Number of bins = 32
     Radius = 4
     Sampling percentage  = 0.25
   Transform = Rigid
     Gradient step = 0.1
     Update field sigma (voxel space) = 0
     Total field sigma (voxel space) = 0
     Update field time sigma = 0
     Total field time sigma  = 0
     Number of time indices = 0
     Number of time point samples = 0
Registration using 1 total stages.

Stage 0
  iterations = 0
  convergence threshold = 1e-06
  convergence window size = 10
  number of levels = 1
  using the Mattes MI metric (number of bins = 32, weight = 1, use gradient filter = 0)
  preprocessing:  winsorizing the image intensities
  Shrink factors (level 1 out of 1): [1, 1, 1]
  smoothing sigmas per level: [0]
  regular sampling (percentage = 0.25)

*** Running Euler3DTransform registration ***

  Elapsed time (stage 0): 1.10764


Total elapsed time: 1.10977
Info [verificarlo]: loaded backend libinterflop_vprec.so
Info [interflop-vprec]: load backend with: 
Info [interflop-vprec]: precision-binary32 = 8
Info [interflop-vprec]: range-binary32 = 7
Info [interflop-vprec]: precision-binary64 = 8
Info [interflop-vprec]: range-binary64 = 7
Info [interflop-vprec]: mode = ob
Info [interflop-vprec]: error-mode = rel
Info [interflop-vprec]: max-abs-error-exponent = -1022
Info [interflop-vprec]: daz = false
Info [interflop-vprec]: ftz = false
Info [interflop-vprec]: 	instrument = none
Info [interflop-vprec]: 	prec-input-file = (null)
Info [interflop-vprec]: 	prec-output-file = (null)
Info [interflop-vprec]: 	prec-log-file = (null)
All_Command_lines_OK
Using double precision for computations.
=============================================================================
The composite transform comprises the following transforms (in order): 
  1. /home/mdugre/scratch/mri-registration-rp/datasets/ds004513/derivatives/mri-registration-rp/0100/antsRegistration-r7-p8/sub-s033/align_Composite.h5[0] (type = Euler3DTransform)
  2. /home/mdugre/scratch/mri-registration-rp/datasets/ds004513/derivatives/mri-registration-rp/0100/antsRegistration-r7-p8/sub-s033/align_Composite.h5[1] (type = Euler3DTransform)
=============================================================================
  number of levels = 4
  fixed image: /templateflow/tpl-MNI152NLin2009cAsym/tpl-MNI152NLin2009cAsym_res-01_desc-brain_T1w.nii.gz
  moving image: /home/mdugre/scratch/mri-registration-rp/datasets/ds004513/derivatives/mri-registration-rp/antsBrainExtraction/sub-s033/BrainExtractionBrain.nii.gz
Dimension = 3
Number of stages = 1
Use histogram matching = false
Winsorize image intensities = true
  Lower quantile = 0.005
  Upper quantile = 0.995


Stage 1 State
   Image metric = MattesMI
     Fixed image = Image (0x43621e0)
  RTTI typeinfo:   itk::Image<double, 3u>
  Reference Count: 2
  Modified Time: 1578
  Debug: Off
  Object Name: 
  Observers: 
    none
  Source: (none)
  Source output name: (none)
  Release Data: Off
  Data Released: False
  Global Release Data: Off
  PipelineMTime: 0
  UpdateMTime: 1189
  RealTimeStamp: 0 seconds 
  LargestPossibleRegion: 
    Dimension: 3
    Index: [0, 0, 0]
    Size: [193, 229, 193]
  BufferedRegion: 
    Dimension: 3
    Index: [0, 0, 0]
    Size: [193, 229, 193]
  RequestedRegion: 
    Dimension: 3
    Index: [0, 0, 0]
    Size: [193, 229, 193]
  Spacing: [1, 1, 1]
  Origin: [96, 132, -78]
  Direction: 
-1 0 0
0 -1 0
0 0 1

  IndexToPointMatrix: 
-1 0 0
0 -1 0
0 0 1

  PointToIndexMatrix: 
-1 0 0
0 -1 0
0 0 1

  Inverse Direction: 
-1 0 0
0 -1 0
0 0 1

  PixelContainer: 
    ImportImageContainer (0x4421680)
      RTTI typeinfo:   itk::ImportImageContainer<unsigned long, double>
      Reference Count: 1
      Modified Time: 1186
      Debug: Off
      Object Name: 
      Observers: 
        none
      Pointer: 0x147ca39cb010
      Container manages memory: true
      Size: 8530021
      Capacity: 8530021

     Moving image = Image (0x441db20)
  RTTI typeinfo:   itk::Image<double, 3u>
  Reference Count: 2
  Modified Time: 1579
  Debug: Off
  Object Name: 
  Observers: 
    none
  Source: (none)
  Source output name: (none)
  Release Data: Off
  Data Released: False
  Global Release Data: Off
  PipelineMTime: 0
  UpdateMTime: 1576
  RealTimeStamp: 0 seconds 
  LargestPossibleRegion: 
    Dimension: 3
    Index: [0, 0, 0]
    Size: [160, 240, 256]
  BufferedRegion: 
    Dimension: 3
    Index: [0, 0, 0]
    Size: [160, 240, 256]
  RequestedRegion: 
    Dimension: 3
    Index: [0, 0, 0]
    Size: [160, 240, 256]
  Spacing: [1, 1, 1]
  Origin: [91.5, 94.25, -110]
  Direction: 
-0.996094 -0.0700684 -0.0571289
0.0698242 -0.998047 0.0039978
-0.0574951 0 0.998047

  IndexToPointMatrix: 
-0.996094 -0.0700684 -0.0571289
0.0698242 -0.998047 0.0039978
-0.0574951 0 0.998047

  PointToIndexMatrix: 
-0.996094 0.0698242 -0.0574951
-0.0703125 -1 0.00189209
-0.057251 0.00592041 0.998047

  Inverse Direction: 
-0.996094 0.0698242 -0.0574951
-0.0703125 -1 0.00189209
-0.057251 0.00592041 0.998047

  PixelContainer: 
    ImportImageContainer (0x4486d50)
      RTTI typeinfo:   itk::ImportImageContainer<unsigned long, double>
      Reference Count: 1
      Modified Time: 1573
      Debug: Off
      Object Name: 
      Observers: 
        none
      Pointer: 0x147c9eeca010
      Container manages memory: true
      Size: 9830400
      Capacity: 9830400

     Weighting = 1
     Sampling strategy = regular
     Number of bins = 32
     Radius = 4
     Sampling percentage  = 0.25
   Transform = Rigid
     Gradient step = 0.1
     Update field sigma (voxel space) = 0
     Total field sigma (voxel space) = 0
     Update field time sigma = 0
     Total field time sigma  = 0
     Number of time indices = 0
     Number of time point samples = 0
Registration using 1 total stages.

Stage 0
  iterations = 1000x500x250x100
  convergence threshold = 1e-06
  convergence window size = 10
  number of levels = 4
  using the Mattes MI metric (number of bins = 32, weight = 1, use gradient filter = 0)
  preprocessing:  winsorizing the image intensities
  Shrink factors (level 1 out of 4): [8, 8, 8]
  Shrink factors (level 2 out of 4): [4, 4, 4]
  Shrink factors (level 3 out of 4): [2, 2, 2]
  Shrink factors (level 4 out of 4): [1, 1, 1]
  smoothing sigmas per level: [3, 2, 1, 0]
  regular sampling (percentage = 0.25)

*** Running Euler3DTransform registration ***

DIAGNOSTIC,Iteration,metricValue,convergenceValue,ITERATION_TIME_INDEX,SINCE_LAST
 2DIAGNOSTIC,     1, -5.373061974467e-01, 1.797693134862e+308, 0.0000e+00, 0.0000e+00, 
 2DIAGNOSTIC,     2, -5.378783732782e-01, 1.797693134862e+308, 0.0000e+00, 0.0000e+00, 
 2DIAGNOSTIC,     3, -5.388896836794e-01, 1.797693134862e+308, 0.0000e+00, 0.0000e+00, 
 2DIAGNOSTIC,     4, -5.387607566087e-01, 1.797693134862e+308, 0.0000e+00, 0.0000e+00, 
 2DIAGNOSTIC,     5, -5.386496574718e-01, 1.797693134862e+308, 0.0000e+00, 0.0000e+00, 
 2DIAGNOSTIC,     6, -5.386583089744e-01, 1.797693134862e+308, 0.0000e+00, 0.0000e+00, 
 2DIAGNOSTIC,     7, -5.384858811201e-01, 1.797693134862e+308, 0.0000e+00, 0.0000e+00, 
 2DIAGNOSTIC,     8, -5.385387685353e-01, 1.797693134862e+308, 0.0000e+00, 0.0000e+00, 
 2DIAGNOSTIC,     9, -5.385379368240e-01, 1.797693134862e+308, 0.0000e+00, 0.0000e+00, 
 2DIAGNOSTIC,    10, -5.384725219912e-01, 7.234625412102e-05, 0.0000e+00, 0.0000e+00, 
 2DIAGNOSTIC,    11, -5.385657363323e-01, 4.162332941912e-06, 0.0000e+00, 0.0000e+00, 
DIAGNOSTIC,Iteration,metricValue,convergenceValue,ITERATION_TIME_INDEX,SINCE_LAST
 2DIAGNOSTIC,     1, -4.292658188373e-01, 1.797693134862e+308, 0.0000e+00, 0.0000e+00, 
 2DIAGNOSTIC,     2, -4.297071737268e-01, 1.797693134862e+308, 0.0000e+00, 0.0000e+00, 
 2DIAGNOSTIC,     3, -4.304327494200e-01, 1.797693134862e+308, 0.0000e+00, 0.0000e+00, 
 2DIAGNOSTIC,     4, -4.318868500181e-01, 1.797693134862e+308, 0.0000e+00, 0.0000e+00, 
 2DIAGNOSTIC,     5, -4.329454698083e-01, 1.797693134862e+308, 0.0000e+00, 0.0000e+00, 
 2DIAGNOSTIC,     6, -4.338258223317e-01, 1.797693134862e+308, 0.0000e+00, 0.0000e+00, 
 2DIAGNOSTIC,     7, -4.359522195081e-01, 1.797693134862e+308, 0.0000e+00, 0.0000e+00, 
 2DIAGNOSTIC,     8, -4.401642354215e-01, 1.797693134862e+308, 0.0000e+00, 0.0000e+00, 
 2DIAGNOSTIC,     9, -4.482594095430e-01, 1.797693134862e+308, 0.0000e+00, 0.0000e+00, 
 2DIAGNOSTIC,    10, -4.589714709681e-01, 3.564659099626e-03, 0.0000e+00, 0.0000e+00, 
 2DIAGNOSTIC,    11, -4.740125252937e-01, 4.957067496415e-03, 0.0000e+00, 0.0000e+00, 
 2DIAGNOSTIC,    12, -4.973792970006e-01, 6.890940996103e-03, 0.0000e+00, 0.0000e+00, 
 2DIAGNOSTIC,    13, -5.297576524529e-01, 9.417248220906e-03, 0.0000e+00, 0.0000e+00, 
 2DIAGNOSTIC,    14, -5.430611007336e-01, 1.128665765498e-02, 0.0000e+00, 0.0000e+00, 
 2DIAGNOSTIC,    15, -5.463119356878e-01, 1.202442509926e-02, 0.0000e+00, 0.0000e+00, 
 2DIAGNOSTIC,    16, -5.441374941470e-01, 1.153109885298e-02, 0.0000e+00, 0.0000e+00, 
 2DIAGNOSTIC,    17, -5.449984858611e-01, 1.015386674712e-02, 0.0000e+00, 0.0000e+00, 
 2DIAGNOSTIC,    18, -5.447095205903e-01, 8.134348480495e-03, 0.0000e+00, 0.0000e+00, 
 2DIAGNOSTIC,    19, -5.449275741997e-01, 5.861889120085e-03, 0.0000e+00, 0.0000e+00, 
 2DIAGNOSTIC,    20, -5.450939004240e-01, 3.631462935349e-03, 0.0000e+00, 0.0000e+00, 
 2DIAGNOSTIC,    21, -5.455071539840e-01, 1.730114212531e-03, 0.0000e+00, 0.0000e+00, 
 2DIAGNOSTIC,    22, -5.448837706769e-01, 4.415953905118e-04, 0.0000e+00, 0.0000e+00, 
 2DIAGNOSTIC,    23, -5.442666687252e-01, 2.512822155813e-05, 0.0000e+00, 0.0000e+00, 
DIAGNOSTIC,Iteration,metricValue,convergenceValue,ITERATION_TIME_INDEX,SINCE_LAST
 2DIAGNOSTIC,     1, -4.617481234819e-01, 1.797693134862e+308, 0.0000e+00, 0.0000e+00, 
 2DIAGNOSTIC,     2, -4.618872430456e-01, 1.797693134862e+308, 0.0000e+00, 0.0000e+00, 
 2DIAGNOSTIC,     3, -4.619838512211e-01, 1.797693134862e+308, 0.0000e+00, 0.0000e+00, 
 2DIAGNOSTIC,     4, -4.622921541691e-01, 1.797693134862e+308, 0.0000e+00, 0.0000e+00, 
 2DIAGNOSTIC,     5, -4.623108567022e-01, 1.797693134862e+308, 0.0000e+00, 0.0000e+00, 
 2DIAGNOSTIC,     6, -4.609792873428e-01, 1.797693134862e+308, 0.0000e+00, 0.0000e+00, 
 2DIAGNOSTIC,     7, -4.607819007651e-01, 1.797693134862e+308, 0.0000e+00, 0.0000e+00, 
 2DIAGNOSTIC,     8, -4.608905090120e-01, 1.797693134862e+308, 0.0000e+00, 0.0000e+00, 
 2DIAGNOSTIC,     9, -4.608636679216e-01, 1.797693134862e+308, 0.0000e+00, 0.0000e+00, 
DIAGNOSTIC,Iteration,metricValue,convergenceValue,ITERATION_TIME_INDEX,SINCE_LAST
 2DIAGNOSTIC,     1, -4.197810107884e-01, 1.797693134862e+308, 0.0000e+00, 0.0000e+00, 
 2DIAGNOSTIC,     2, -4.197194422540e-01, 1.797693134862e+308, 0.0000e+00, 0.0000e+00, 
 2DIAGNOSTIC,     3, -4.197935025816e-01, 1.797693134862e+308, 0.0000e+00, 0.0000e+00, 
 2DIAGNOSTIC,     4, -4.189253145947e-01, 1.797693134862e+308, 0.0000e+00, 0.0000e+00, 
 2DIAGNOSTIC,     5, -4.189939245750e-01, 1.797693134862e+308, 0.0000e+00, 0.0000e+00, 
 2DIAGNOSTIC,     6, -4.190710392630e-01, 1.797693134862e+308, 0.0000e+00, 0.0000e+00, 
 2DIAGNOSTIC,     7, -4.191352935633e-01, 1.797693134862e+308, 0.0000e+00, 0.0000e+00, 
 2DIAGNOSTIC,     8, -4.191657142891e-01, 1.797693134862e+308, 0.0000e+00, 0.0000e+00, 
 2DIAGNOSTIC,     9, -4.191760756055e-01, 1.797693134862e+308, 0.0000e+00, 0.0000e+00, 
  Elapsed time (stage 0): 0.0000e+00


Total elapsed time: 0.0000e+00
Info [verificarlo]: loaded backend libinterflop_ieee.so
Info [interflop-ieee]: load backend with:
Info [interflop-ieee]: debug = false
Info [interflop-ieee]: debug-binary = false
Info [interflop-ieee]: no-backend-name = false
Info [interflop-ieee]: print-new-line = false
Info [interflop-ieee]: print-subnormal-normalized = false
Info [interflop-ieee]: count-op = false
All_Command_lines_OK
Using double precision for computations.
=============================================================================
The composite transform comprises the following transforms (in order): 
  1. /home/mdugre/scratch/mri-registration-rp/datasets/ds004513/derivatives/mri-registration-rp/0100/antsRegistration-r7-p8/sub-s033/rigid_Composite.h5[0] (type = Euler3DTransform)
  2. /home/mdugre/scratch/mri-registration-rp/datasets/ds004513/derivatives/mri-registration-rp/0100/antsRegistration-r7-p8/sub-s033/rigid_Composite.h5[1] (type = Euler3DTransform)
  3. /home/mdugre/scratch/mri-registration-rp/datasets/ds004513/derivatives/mri-registration-rp/0100/antsRegistration-r7-p8/sub-s033/rigid_Composite.h5[2] (type = Euler3DTransform)
=============================================================================
  number of levels = 4
  fixed image: /templateflow/tpl-MNI152NLin2009cAsym/tpl-MNI152NLin2009cAsym_res-01_desc-brain_T1w.nii.gz
  moving image: /home/mdugre/scratch/mri-registration-rp/datasets/ds004513/derivatives/mri-registration-rp/antsBrainExtraction/sub-s033/BrainExtractionBrain.nii.gz
Dimension = 3
Number of stages = 1
Use histogram matching = false
Winsorize image intensities = true
  Lower quantile = 0.005
  Upper quantile = 0.995


Stage 1 State
   Image metric = MattesMI
     Fixed image = Image (0x3bdc530)
  RTTI typeinfo:   itk::Image<double, 3u>
  Reference Count: 2
  Modified Time: 1592
  Debug: Off
  Object Name: 
  Observers: 
    none
  Source: (none)
  Source output name: (none)
  Release Data: Off
  Data Released: False
  Global Release Data: Off
  PipelineMTime: 0
  UpdateMTime: 1203
  RealTimeStamp: 0 seconds 
  LargestPossibleRegion: 
    Dimension: 3
    Index: [0, 0, 0]
    Size: [193, 229, 193]
  BufferedRegion: 
    Dimension: 3
    Index: [0, 0, 0]
    Size: [193, 229, 193]
  RequestedRegion: 
    Dimension: 3
    Index: [0, 0, 0]
    Size: [193, 229, 193]
  Spacing: [1, 1, 1]
  Origin: [96, 132, -78]
  Direction: 
-1 0 0
0 -1 0
0 0 1

  IndexToPointMatrix: 
-1 0 0
0 -1 0
0 0 1

  PointToIndexMatrix: 
-1 0 0
0 -1 0
0 0 1

  Inverse Direction: 
-1 0 0
0 -1 0
0 0 1

  PixelContainer: 
    ImportImageContainer (0x3be92b0)
      RTTI typeinfo:   itk::ImportImageContainer<unsigned long, double>
      Reference Count: 1
      Modified Time: 1200
      Debug: Off
      Object Name: 
      Observers: 
        none
      Pointer: 0x15514f54d010
      Container manages memory: true
      Size: 8530021
      Capacity: 8530021

     Moving image = Image (0x3c97fd0)
  RTTI typeinfo:   itk::Image<double, 3u>
  Reference Count: 2
  Modified Time: 1593
  Debug: Off
  Object Name: 
  Observers: 
    none
  Source: (none)
  Source output name: (none)
  Release Data: Off
  Data Released: False
  Global Release Data: Off
  PipelineMTime: 0
  UpdateMTime: 1590
  RealTimeStamp: 0 seconds 
  LargestPossibleRegion: 
    Dimension: 3
    Index: [0, 0, 0]
    Size: [160, 240, 256]
  BufferedRegion: 
    Dimension: 3
    Index: [0, 0, 0]
    Size: [160, 240, 256]
  RequestedRegion: 
    Dimension: 3
    Index: [0, 0, 0]
    Size: [160, 240, 256]
  Spacing: [1, 1, 1]
  Origin: [91.5134, 94.282, -109.927]
  Direction: 
-0.99591 -0.0698718 -0.0572835
0.0697565 -0.997556 0.00401236
-0.0574239 5.01125e-08 0.99835

  IndexToPointMatrix: 
-0.99591 -0.0698718 -0.0572835
0.0697565 -0.997556 0.00401236
-0.0574239 5.01125e-08 0.99835

  PointToIndexMatrix: 
-0.99591 0.0697565 -0.0574239
-0.0698718 -0.997556 5.01483e-08
-0.0572835 0.00401236 0.99835

  Inverse Direction: 
-0.99591 0.0697565 -0.0574239
-0.0698718 -0.997556 5.01483e-08
-0.0572835 0.00401236 0.99835

  PixelContainer: 
    ImportImageContainer (0x3d33650)
      RTTI typeinfo:   itk::ImportImageContainer<unsigned long, double>
      Reference Count: 1
      Modified Time: 1587
      Debug: Off
      Object Name: 
      Observers: 
        none
      Pointer: 0x15514aa4c010
      Container manages memory: true
      Size: 9830400
      Capacity: 9830400

     Weighting = 1
     Sampling strategy = regular
     Number of bins = 32
     Radius = 4
     Sampling percentage  = 0.25
   Transform = Affine
     Gradient step = 0.1
     Update field sigma (voxel space) = 0
     Total field sigma (voxel space) = 0
     Update field time sigma = 0
     Total field time sigma  = 0
     Number of time indices = 0
     Number of time point samples = 0
Registration using 1 total stages.

Stage 0
  iterations = 1000x500x250x100
  convergence threshold = 1e-06
  convergence window size = 10
  number of levels = 4
  using the Mattes MI metric (number of bins = 32, weight = 1, use gradient filter = 0)
  preprocessing:  winsorizing the image intensities
  Shrink factors (level 1 out of 4): [8, 8, 8]
  Shrink factors (level 2 out of 4): [4, 4, 4]
  Shrink factors (level 3 out of 4): [2, 2, 2]
  Shrink factors (level 4 out of 4): [1, 1, 1]
  smoothing sigmas per level: [3, 2, 1, 0]
  regular sampling (percentage = 0.25)

*** Running AffineTransform registration ***

DIAGNOSTIC,Iteration,metricValue,convergenceValue,ITERATION_TIME_INDEX,SINCE_LAST
 2DIAGNOSTIC,     1, -6.347849617368e-01, 1.797693134862e+308, 7.1474e-01, 7.1474e-01, 
 2DIAGNOSTIC,     2, -6.375239188735e-01, 1.797693134862e+308, 7.1905e-01, 4.3008e-03, 
 2DIAGNOSTIC,     3, -6.422796113282e-01, 1.797693134862e+308, 7.2316e-01, 4.1111e-03, 
 2DIAGNOSTIC,     4, -6.500418016469e-01, 1.797693134862e+308, 7.2765e-01, 4.4889e-03, 
 2DIAGNOSTIC,     5, -6.629579369445e-01, 1.797693134862e+308, 7.3184e-01, 4.1940e-03, 
 2DIAGNOSTIC,     6, -6.841597451659e-01, 1.797693134862e+308, 7.3590e-01, 4.0560e-03, 
 2DIAGNOSTIC,     7, -7.188206579598e-01, 1.797693134862e+308, 7.4013e-01, 4.2329e-03, 
 2DIAGNOSTIC,     8, -7.636133947783e-01, 1.797693134862e+308, 7.4513e-01, 5.0061e-03, 
 2DIAGNOSTIC,     9, -8.293597235523e-01, 1.797693134862e+308, 7.5114e-01, 6.0019e-03, 
 2DIAGNOSTIC,    10, -8.731200429930e-01, 2.109750845679e-02, 7.5598e-01, 4.8440e-03, 
 2DIAGNOSTIC,    11, -8.892375838318e-01, 2.249506213983e-02, 7.6158e-01, 5.5969e-03, 
 2DIAGNOSTIC,    12, -8.974389529719e-01, 2.197812136567e-02, 7.6658e-01, 5.0032e-03, 
 2DIAGNOSTIC,    13, -9.013768465698e-01, 1.984312903078e-02, 7.7137e-01, 4.7929e-03, 
 2DIAGNOSTIC,    14, -9.056187083688e-01, 1.658425577717e-02, 7.7655e-01, 5.1751e-03, 
 2DIAGNOSTIC,    15, -9.060042432742e-01, 1.265381515507e-02, 7.8140e-01, 4.8530e-03, 
 2DIAGNOSTIC,    16, -9.064704834607e-01, 8.643264141012e-03, 7.8655e-01, 5.1510e-03, 
 2DIAGNOSTIC,    17, -9.061416419216e-01, 5.116110345323e-03, 7.9081e-01, 4.2601e-03, 
 2DIAGNOSTIC,    18, -9.063203988885e-01, 2.436195697388e-03, 7.9520e-01, 4.3831e-03, 
 2DIAGNOSTIC,    19, -9.066736670272e-01, 1.066673372902e-03, 8.0037e-01, 5.1730e-03, 
 2DIAGNOSTIC,    20, -9.067196868482e-01, 5.188300654929e-04, 8.0673e-01, 6.3629e-03, 
 2DIAGNOSTIC,    21, -9.066240405121e-01, 2.467112409269e-04, 8.1398e-01, 7.2522e-03, 
 2DIAGNOSTIC,    22, -9.066282726223e-01, 1.086329284590e-04, 8.1866e-01, 4.6771e-03, 
 2DIAGNOSTIC,    23, -9.066344511625e-01, 3.163957549690e-05, 8.2296e-01, 4.3008e-03, 
 2DIAGNOSTIC,    24, -9.066420003366e-01, 1.976042704786e-05, 8.2721e-01, 4.2479e-03, 
 2DIAGNOSTIC,    25, -9.066493418080e-01, 1.239304474240e-05, 8.3193e-01, 4.7171e-03, 
 2DIAGNOSTIC,    26, -9.068060688602e-01, 1.307043180265e-05, 8.3701e-01, 5.0819e-03, 
 2DIAGNOSTIC,    27, -9.066630288268e-01, 6.572658349357e-06, 8.4126e-01, 4.2520e-03, 
DIAGNOSTIC,Iteration,metricValue,convergenceValue,ITERATION_TIME_INDEX,SINCE_LAST
 2DIAGNOSTIC,     1, -7.439362011787e-01, 1.797693134862e+308, 1.5356e+00, 6.9432e-01, 
 2DIAGNOSTIC,     2, -7.447095958762e-01, 1.797693134862e+308, 1.5667e+00, 3.1123e-02, 
 2DIAGNOSTIC,     3, -7.455241297943e-01, 1.797693134862e+308, 1.5984e+00, 3.1711e-02, 
 2DIAGNOSTIC,     4, -7.464614820767e-01, 1.797693134862e+308, 1.6333e+00, 3.4861e-02, 
 2DIAGNOSTIC,     5, -7.481429712534e-01, 1.797693134862e+308, 1.6706e+00, 3.7351e-02, 
 2DIAGNOSTIC,     6, -7.482332819655e-01, 1.797693134862e+308, 1.7061e+00, 3.5519e-02, 
 2DIAGNOSTIC,     7, -7.484187936175e-01, 1.797693134862e+308, 1.7412e+00, 3.5018e-02, 
 2DIAGNOSTIC,     8, -7.485801960137e-01, 1.797693134862e+308, 1.7769e+00, 3.5786e-02, 
 2DIAGNOSTIC,     9, -7.486623616944e-01, 1.797693134862e+308, 1.8152e+00, 3.8260e-02, 
 2DIAGNOSTIC,    10, -7.486553637440e-01, 4.310071714701e-04, 1.8469e+00, 3.1731e-02, 
 2DIAGNOSTIC,    11, -7.486615884556e-01, 2.956663324307e-04, 1.8918e+00, 4.4871e-02, 
 2DIAGNOSTIC,    12, -7.486906000719e-01, 1.824930383287e-04, 1.9243e+00, 3.2496e-02, 
 2DIAGNOSTIC,    13, -7.486805730489e-01, 9.376886041440e-05, 1.9602e+00, 3.5917e-02, 
 2DIAGNOSTIC,    14, -7.486849445455e-01, 3.378673077008e-05, 1.9932e+00, 3.2976e-02, 
 2DIAGNOSTIC,    15, -7.486603653218e-01, 2.098539109974e-05, 2.0280e+00, 3.4782e-02, 
 2DIAGNOSTIC,    16, -7.486080127853e-01, 8.919867766605e-06, 2.0640e+00, 3.5989e-02, 
 2DIAGNOSTIC,    17, -7.486099769984e-01, 1.763034350670e-06, 2.0964e+00, 3.2417e-02, 
DIAGNOSTIC,Iteration,metricValue,convergenceValue,ITERATION_TIME_INDEX,SINCE_LAST
 2DIAGNOSTIC,     1, -6.325683705978e-01, 1.797693134862e+308, 3.1596e+00, 1.0633e+00, 
 2DIAGNOSTIC,     2, -6.331415339174e-01, 1.797693134862e+308, 3.4315e+00, 2.7184e-01, 
 2DIAGNOSTIC,     3, -6.337888394739e-01, 1.797693134862e+308, 3.6857e+00, 2.5418e-01, 
 2DIAGNOSTIC,     4, -6.345026228347e-01, 1.797693134862e+308, 3.9619e+00, 2.7628e-01, 
 2DIAGNOSTIC,     5, -6.363448030258e-01, 1.797693134862e+308, 4.3081e+00, 3.4615e-01, 
 2DIAGNOSTIC,     6, -6.378520760676e-01, 1.797693134862e+308, 4.7126e+00, 4.0448e-01, 
 2DIAGNOSTIC,     7, -6.378576737480e-01, 1.797693134862e+308, 5.0637e+00, 3.5110e-01, 
 2DIAGNOSTIC,     8, -6.378553227978e-01, 1.797693134862e+308, 5.4252e+00, 3.6154e-01, 
 2DIAGNOSTIC,     9, -6.378538952021e-01, 1.797693134862e+308, 5.7311e+00, 3.0590e-01, 
 2DIAGNOSTIC,    10, -6.378533711010e-01, 6.320668925381e-04, 6.0358e+00, 3.0464e-01, 
 2DIAGNOSTIC,    11, -6.378507048248e-01, 4.626343246308e-04, 6.3904e+00, 3.5462e-01, 
 2DIAGNOSTIC,    12, -6.378439405699e-01, 3.019167887000e-04, 6.6888e+00, 2.9845e-01, 
 2DIAGNOSTIC,    13, -6.378440822564e-01, 1.621184062099e-04, 6.9780e+00, 2.8916e-01, 
 2DIAGNOSTIC,    14, -6.378416724602e-01, 4.941681434981e-05, 7.2748e+00, 2.9685e-01, 
 2DIAGNOSTIC,    15, -6.378433862172e-01, 1.063835308374e-06, 7.6109e+00, 3.3605e-01, 
DIAGNOSTIC,Iteration,metricValue,convergenceValue,ITERATION_TIME_INDEX,SINCE_LAST
 2DIAGNOSTIC,     1, -5.636989335254e-01, 1.797693134862e+308, 1.0690e+01, 3.0787e+00, 
 2DIAGNOSTIC,     2, -5.638063938850e-01, 1.797693134862e+308, 1.2841e+01, 2.1516e+00, 
 2DIAGNOSTIC,     3, -5.638161976754e-01, 1.797693134862e+308, 1.5306e+01, 2.4649e+00, 
 2DIAGNOSTIC,     4, -5.638162536142e-01, 1.797693134862e+308, 1.7312e+01, 2.0056e+00, 
 2DIAGNOSTIC,     5, -5.638158877735e-01, 1.797693134862e+308, 1.9002e+01, 1.6902e+00, 
 2DIAGNOSTIC,     6, -5.638158953672e-01, 1.797693134862e+308, 2.1005e+01, 2.0028e+00, 
 2DIAGNOSTIC,     7, -5.638153012126e-01, 1.797693134862e+308, 2.3184e+01, 2.1788e+00, 
 2DIAGNOSTIC,     8, -5.638156933517e-01, 1.797693134862e+308, 2.5039e+01, 1.8554e+00, 
 2DIAGNOSTIC,     9, -5.638152008783e-01, 1.797693134862e+308, 2.7168e+01, 2.1286e+00, 
 2DIAGNOSTIC,    10, -5.638150872811e-01, 9.383922398992e-06, 2.9568e+01, 2.4004e+00, 
 2DIAGNOSTIC,    11, -5.638151487386e-01, 3.206085768537e-06, 3.1724e+01, 2.1559e+00, 
 2DIAGNOSTIC,    12, -5.638149900818e-01, 2.525096763184e-06, 3.3564e+01, 1.8406e+00, 
 2DIAGNOSTIC,    13, -5.638148569131e-01, 2.335032033202e-06, 3.5400e+01, 1.8360e+00, 
 2DIAGNOSTIC,    14, -5.638148135785e-01, 2.183137544035e-06, 3.7258e+01, 1.8576e+00, 
 2DIAGNOSTIC,    15, -5.638147580195e-01, 2.045449217405e-06, 3.9146e+01, 1.8880e+00, 
 2DIAGNOSTIC,    16, -5.638147024253e-01, 1.930757392438e-06, 4.0843e+01, 1.6975e+00, 
 2DIAGNOSTIC,    17, -5.638147095475e-01, 1.816964395052e-06, 4.3118e+01, 2.2749e+00, 
 2DIAGNOSTIC,    18, -5.638146148078e-01, 1.729573480810e-06, 4.4856e+01, 1.7381e+00, 
 2DIAGNOSTIC,    19, -5.638145557052e-01, 1.640363917581e-06, 4.6680e+01, 1.8234e+00, 
 2DIAGNOSTIC,    20, -5.638143873674e-01, 1.556018401190e-06, 4.8424e+01, 1.7437e+00, 
 2DIAGNOSTIC,    21, -5.638144514250e-01, 1.486074007233e-06, 5.0296e+01, 1.8724e+00, 
 2DIAGNOSTIC,    22, -5.638144597917e-01, 1.421678664341e-06, 5.2229e+01, 1.9329e+00, 
 2DIAGNOSTIC,    23, -5.638143216222e-01, 1.359187668852e-06, 5.4049e+01, 1.8204e+00, 
 2DIAGNOSTIC,    24, -5.638144367354e-01, 1.305819418519e-06, 5.5897e+01, 1.8478e+00, 
 2DIAGNOSTIC,    25, -5.638146013413e-01, 1.260722618752e-06, 5.8053e+01, 2.1565e+00, 
 2DIAGNOSTIC,    26, -5.638144498201e-01, 1.216016234443e-06, 5.9956e+01, 1.9024e+00, 
 2DIAGNOSTIC,    27, -5.638142609961e-01, 1.172072833795e-06, 6.2035e+01, 2.0787e+00, 
 2DIAGNOSTIC,    28, -5.638140353461e-01, 1.126233006458e-06, 6.3933e+01, 1.8979e+00, 
 2DIAGNOSTIC,    29, -5.638141312829e-01, 1.085218306766e-06, 6.5845e+01, 1.9125e+00, 
 2DIAGNOSTIC,    30, -5.638140991248e-01, 1.044418838157e-06, 6.7747e+01, 1.9023e+00, 
 2DIAGNOSTIC,    31, -5.638140887918e-01, 1.008648584017e-06, 6.9714e+01, 1.9669e+00, 
  Elapsed time (stage 0): 7.0899e+01


Total elapsed time: 7.0901e+01
Info [verificarlo]: loaded backend libinterflop_ieee.so
Info [interflop-ieee]: load backend with:
Info [interflop-ieee]: debug = false
Info [interflop-ieee]: debug-binary = false
Info [interflop-ieee]: no-backend-name = false
Info [interflop-ieee]: print-new-line = false
Info [interflop-ieee]: print-subnormal-normalized = false
Info [interflop-ieee]: count-op = false
All_Command_lines_OK
Using double precision for computations.
=============================================================================
The composite transform comprises the following transforms (in order): 
  1. /home/mdugre/scratch/mri-registration-rp/datasets/ds004513/derivatives/mri-registration-rp/0100/antsRegistration-r7-p8/sub-s033/affine_Composite.h5[0] (type = Euler3DTransform)
  2. /home/mdugre/scratch/mri-registration-rp/datasets/ds004513/derivatives/mri-registration-rp/0100/antsRegistration-r7-p8/sub-s033/affine_Composite.h5[1] (type = Euler3DTransform)
  3. /home/mdugre/scratch/mri-registration-rp/datasets/ds004513/derivatives/mri-registration-rp/0100/antsRegistration-r7-p8/sub-s033/affine_Composite.h5[2] (type = Euler3DTransform)
  4. /home/mdugre/scratch/mri-registration-rp/datasets/ds004513/derivatives/mri-registration-rp/0100/antsRegistration-r7-p8/sub-s033/affine_Composite.h5[3] (type = AffineTransform)
=============================================================================
  number of levels = 4
  fixed image: /templateflow/tpl-MNI152NLin2009cAsym/tpl-MNI152NLin2009cAsym_res-01_desc-brain_T1w.nii.gz
  moving image: /home/mdugre/scratch/mri-registration-rp/datasets/ds004513/derivatives/mri-registration-rp/antsBrainExtraction/sub-s033/BrainExtractionBrain.nii.gz
Dimension = 3
Number of stages = 1
Use histogram matching = false
Winsorize image intensities = true
  Lower quantile = 0.005
  Upper quantile = 0.995


Stage 1 State
   Image metric = CC
     Fixed image = Image (0x435aa40)
  RTTI typeinfo:   itk::Image<double, 3u>
  Reference Count: 2
  Modified Time: 1606
  Debug: Off
  Object Name: 
  Observers: 
    none
  Source: (none)
  Source output name: (none)
  Release Data: Off
  Data Released: False
  Global Release Data: Off
  PipelineMTime: 0
  UpdateMTime: 1217
  RealTimeStamp: 0 seconds 
  LargestPossibleRegion: 
    Dimension: 3
    Index: [0, 0, 0]
    Size: [193, 229, 193]
  BufferedRegion: 
    Dimension: 3
    Index: [0, 0, 0]
    Size: [193, 229, 193]
  RequestedRegion: 
    Dimension: 3
    Index: [0, 0, 0]
    Size: [193, 229, 193]
  Spacing: [1, 1, 1]
  Origin: [96, 132, -78]
  Direction: 
-1 0 0
0 -1 0
0 0 1

  IndexToPointMatrix: 
-1 0 0
0 -1 0
0 0 1

  PointToIndexMatrix: 
-1 0 0
0 -1 0
0 0 1

  Inverse Direction: 
-1 0 0
0 -1 0
0 0 1

  PixelContainer: 
    ImportImageContainer (0x4428c30)
      RTTI typeinfo:   itk::ImportImageContainer<unsigned long, double>
      Reference Count: 1
      Modified Time: 1214
      Debug: Off
      Object Name: 
      Observers: 
        none
      Pointer: 0x14b467110010
      Container manages memory: true
      Size: 8530021
      Capacity: 8530021

     Moving image = Image (0x4431b70)
  RTTI typeinfo:   itk::Image<double, 3u>
  Reference Count: 2
  Modified Time: 1607
  Debug: Off
  Object Name: 
  Observers: 
    none
  Source: (none)
  Source output name: (none)
  Release Data: Off
  Data Released: False
  Global Release Data: Off
  PipelineMTime: 0
  UpdateMTime: 1604
  RealTimeStamp: 0 seconds 
  LargestPossibleRegion: 
    Dimension: 3
    Index: [0, 0, 0]
    Size: [160, 240, 256]
  BufferedRegion: 
    Dimension: 3
    Index: [0, 0, 0]
    Size: [160, 240, 256]
  RequestedRegion: 
    Dimension: 3
    Index: [0, 0, 0]
    Size: [160, 240, 256]
  Spacing: [1, 1, 1]
  Origin: [91.5134, 94.282, -109.927]
  Direction: 
-0.99591 -0.0698718 -0.0572835
0.0697565 -0.997556 0.00401236
-0.0574239 5.01125e-08 0.99835

  IndexToPointMatrix: 
-0.99591 -0.0698718 -0.0572835
0.0697565 -0.997556 0.00401236
-0.0574239 5.01125e-08 0.99835

  PointToIndexMatrix: 
-0.99591 0.0697565 -0.0574239
-0.0698718 -0.997556 5.01483e-08
-0.0572835 0.00401236 0.99835

  Inverse Direction: 
-0.99591 0.0697565 -0.0574239
-0.0698718 -0.997556 5.01483e-08
-0.0572835 0.00401236 0.99835

  PixelContainer: 
    ImportImageContainer (0x44525d0)
      RTTI typeinfo:   itk::ImportImageContainer<unsigned long, double>
      Reference Count: 1
      Modified Time: 1601
      Debug: Off
      Object Name: 
      Observers: 
        none
      Pointer: 0x14b46260f010
      Container manages memory: true
      Size: 9830400
      Capacity: 9830400

     Weighting = 1
     Sampling strategy = none
     Number of bins = 32
     Radius = 4
     Sampling percentage  = 1
   Transform = SyN
     Gradient step = 0.1
     Update field sigma (voxel space) = 3
     Total field sigma (voxel space) = 0
     Update field time sigma = 0
     Total field time sigma  = 0
     Number of time indices = 0
     Number of time point samples = 0
Registration using 1 total stages.

Stage 0
  iterations = 100x70x50x20
  convergence threshold = 1e-06
  convergence window size = 10
  number of levels = 4
  using the CC metric (radius = 4, weight = 1, use gradient filter = 0)
  preprocessing:  winsorizing the image intensities
  Shrink factors (level 1 out of 4): [8, 8, 8]
  Shrink factors (level 2 out of 4): [4, 4, 4]
  Shrink factors (level 3 out of 4): [2, 2, 2]
  Shrink factors (level 4 out of 4): [1, 1, 1]
  smoothing sigmas per level: [3, 2, 1, 0]
  Using default NONE metricSamplingStrategy 

*** Running SyN registration (varianceForUpdateField = 3, varianceForTotalField = 0) ***

XXDIAGNOSTIC,Iteration,metricValue,convergenceValue,ITERATION_TIME_INDEX,SINCE_LAST
 1DIAGNOSTIC,     1, -9.289742920768e-01, 1.797693134862e+308, 1.3281e+00, 1.3281e+00, 
 1DIAGNOSTIC,     2, -9.380418225290e-01, 1.797693134862e+308, 1.6868e+00, 3.5870e-01, 
 1DIAGNOSTIC,     3, -9.448024054186e-01, 1.797693134862e+308, 2.0322e+00, 3.4541e-01, 
 1DIAGNOSTIC,     4, -9.495134548181e-01, 1.797693134862e+308, 2.3642e+00, 3.3195e-01, 
 1DIAGNOSTIC,     5, -9.523614232597e-01, 1.797693134862e+308, 2.7035e+00, 3.3935e-01, 
 1DIAGNOSTIC,     6, -9.549992235998e-01, 1.797693134862e+308, 3.0344e+00, 3.3090e-01, 
 1DIAGNOSTIC,     7, -9.580707533111e-01, 1.797693134862e+308, 3.3652e+00, 3.3078e-01, 
 1DIAGNOSTIC,     8, -9.611468573742e-01, 1.797693134862e+308, 3.6975e+00, 3.3230e-01, 
 1DIAGNOSTIC,     9, -9.639750344332e-01, 1.797693134862e+308, 4.0414e+00, 3.4396e-01, 
 1DIAGNOSTIC,    10, -9.666196622611e-01, 2.278625725223e-03, 4.3813e+00, 3.3987e-01, 
 1DIAGNOSTIC,    11, -9.689530538968e-01, 1.757173200245e-03, 4.7334e+00, 3.5209e-01, 
 1DIAGNOSTIC,    12, -9.705597586532e-01, 1.427663496803e-03, 5.0925e+00, 3.5907e-01, 
 1DIAGNOSTIC,    13, -9.705993759207e-01, 1.174180429023e-03, 5.4286e+00, 3.3611e-01, 
 1DIAGNOSTIC,    14, -9.705879664295e-01, 9.505267754920e-04, 5.7695e+00, 3.4093e-01, 
 1DIAGNOSTIC,    15, -9.706694436493e-01, 7.280313318101e-04, 6.1093e+00, 3.3983e-01, 
 1DIAGNOSTIC,    16, -9.707307969383e-01, 5.160378555849e-04, 6.4497e+00, 3.4035e-01, 
 1DIAGNOSTIC,    17, -9.707897218660e-01, 3.356981492720e-04, 6.7939e+00, 3.4419e-01, 
 1DIAGNOSTIC,    18, -9.709331654091e-01, 1.974594091829e-04, 7.1386e+00, 3.4475e-01, 
 1DIAGNOSTIC,    19, -9.709857419833e-01, 1.002834249574e-04, 7.5206e+00, 3.8198e-01, 
 1DIAGNOSTIC,    20, -9.710470689766e-01, 4.307261572808e-05, 7.8959e+00, 3.7531e-01, 
 1DIAGNOSTIC,    21, -9.710837034406e-01, 2.020663034794e-05, 8.2391e+00, 3.4321e-01, 
 1DIAGNOSTIC,    22, -9.711433790862e-01, 2.005504542500e-05, 8.5812e+00, 3.4209e-01, 
 1DIAGNOSTIC,    23, -9.711824672710e-01, 1.917780833929e-05, 8.9138e+00, 3.3253e-01, 
 1DIAGNOSTIC,    24, -9.712334573530e-01, 1.716897659432e-05, 9.2377e+00, 3.2398e-01, 
 1DIAGNOSTIC,    25, -9.712701269203e-01, 1.522931958665e-05, 9.5815e+00, 3.4377e-01, 
 1DIAGNOSTIC,    26, -9.713309712749e-01, 1.351536678201e-05, 9.9213e+00, 3.3975e-01, 
 1DIAGNOSTIC,    27, -9.713702714839e-01, 1.179927661461e-05, 1.0256e+01, 3.3488e-01, 
 1DIAGNOSTIC,    28, -9.714019716152e-01, 1.103905836803e-05, 1.0581e+01, 3.2439e-01, 
 1DIAGNOSTIC,    29, -9.714434011199e-01, 1.034332238212e-05, 1.0920e+01, 3.3933e-01, 
 1DIAGNOSTIC,    30, -9.714649920230e-01, 9.626556398398e-06, 1.1252e+01, 3.3262e-01, 
 1DIAGNOSTIC,    31, -9.715070293604e-01, 8.881365105191e-06, 1.1584e+01, 3.3166e-01, 
 1DIAGNOSTIC,    32, -9.715210069285e-01, 8.106496560134e-06, 1.1962e+01, 3.7805e-01, 
 1DIAGNOSTIC,    33, -9.715610249321e-01, 7.407237814311e-06, 1.2290e+01, 3.2771e-01, 
 1DIAGNOSTIC,    34, -9.715694561512e-01, 6.645378164749e-06, 1.2636e+01, 3.4623e-01, 
 1DIAGNOSTIC,    35, -9.716094925316e-01, 6.022399792575e-06, 1.2972e+01, 3.3587e-01, 
 1DIAGNOSTIC,    36, -9.716120641404e-01, 5.456334309647e-06, 1.3306e+01, 3.3411e-01, 
 1DIAGNOSTIC,    37, -9.716523763875e-01, 5.119092963995e-06, 1.3660e+01, 3.5408e-01, 
 1DIAGNOSTIC,    38, -9.716497303042e-01, 4.608138973503e-06, 1.3988e+01, 3.2764e-01, 
 1DIAGNOSTIC,    39, -9.716910620469e-01, 4.390920721496e-06, 1.4323e+01, 3.3549e-01, 
 1DIAGNOSTIC,    40, -9.716831842680e-01, 3.932782399709e-06, 1.4652e+01, 3.2894e-01, 
 1DIAGNOSTIC,    41, -9.717251895517e-01, 3.804906406994e-06, 1.4977e+01, 3.2484e-01, 
 1DIAGNOSTIC,    42, -9.717134941007e-01, 3.398472385067e-06, 1.5320e+01, 3.4289e-01, 
 1DIAGNOSTIC,    43, -9.717569037512e-01, 3.334520557584e-06, 1.5645e+01, 3.2499e-01, 
 1DIAGNOSTIC,    44, -9.717408569509e-01, 2.962851281155e-06, 1.5978e+01, 3.3347e-01, 
 1DIAGNOSTIC,    45, -9.717864265130e-01, 2.959470207665e-06, 1.6320e+01, 3.4180e-01, 
 1DIAGNOSTIC,    46, -9.717653308120e-01, 2.610327613485e-06, 1.6653e+01, 3.3241e-01, 
 1DIAGNOSTIC,    47, -9.718134824284e-01, 2.653441753472e-06, 1.6985e+01, 3.3223e-01, 
 1DIAGNOSTIC,    48, -9.717866939942e-01, 2.312662615567e-06, 1.7313e+01, 3.2773e-01, 
