
##########################
# Experiment information #
##########################

EXPERIMENT_NAME: antsRegistration-r7-p9
VFC_BACKENDS: libinterflop_vprec.so --range-binary32=7 --precision-binary32=9 --range-binary64=7 --precision-binary64=9

SIF_IMG: /home/mdugre/projects/rrg-glatard/mdugre/containers/ants-vprec-no_metrics.simg

SUBJECT_ID: s033
INPUT_IMG: /home/mdugre/scratch/mri-registration-rp/datasets/ds004513/derivatives/mri-registration-rp/antsBrainExtraction/sub-s033/BrainExtractionBrain.nii.gz
OUTPUT_DIR: /home/mdugre/scratch/mri-registration-rp/datasets/ds004513/derivatives/mri-registration-rp/0100/antsRegistration-r7-p9/sub-s033

FIXED_IMG: /templateflow/tpl-MNI152NLin2009cAsym/tpl-MNI152NLin2009cAsym_res-01_desc-brain_T1w.nii.gz
DATA_DIR: /home/mdugre/scratch/mri-registration-rp/datasets/ds004513
TEMPLATEFLOW_DIR: /home/mdugre/projects/rrg-glatard/mdugre/templateflow
ITK_GLOBAL_DEFAULT_NUMBER_OF_THREADS: 16
##########################

Info [verificarlo]: loaded backend libinterflop_ieee.so
Info [interflop-ieee]: load backend with:
Info [interflop-ieee]: debug = false
Info [interflop-ieee]: debug-binary = false
Info [interflop-ieee]: no-backend-name = false
Info [interflop-ieee]: print-new-line = false
Info [interflop-ieee]: print-subnormal-normalized = false
Info [interflop-ieee]: count-op = false
All_Command_lines_OK
Using double precision for computations.
=============================================================================
The composite transform comprises the following transforms (in order): 
  1. Center of mass alignment using fixed image: /templateflow/tpl-MNI152NLin2009cAsym/tpl-MNI152NLin2009cAsym_res-01_desc-brain_T1w.nii.gz and moving image: /home/mdugre/scratch/mri-registration-rp/datasets/ds004513/derivatives/mri-registration-rp/antsBrainExtraction/sub-s033/BrainExtractionBrain.nii.gz (type = Euler3DTransform)
=============================================================================
  number of levels = 1
  fixed image: /templateflow/tpl-MNI152NLin2009cAsym/tpl-MNI152NLin2009cAsym_res-01_desc-brain_T1w.nii.gz
  moving image: /home/mdugre/scratch/mri-registration-rp/datasets/ds004513/derivatives/mri-registration-rp/antsBrainExtraction/sub-s033/BrainExtractionBrain.nii.gz
Dimension = 3
Number of stages = 1
Use histogram matching = false
Winsorize image intensities = true
  Lower quantile = 0.005
  Upper quantile = 0.995


Stage 1 State
   Image metric = MattesMI
     Fixed image = Image (0x3933bd0)
  RTTI typeinfo:   itk::Image<double, 3u>
  Reference Count: 2
  Modified Time: 2330
  Debug: Off
  Object Name: 
  Observers: 
    none
  Source: (none)
  Source output name: (none)
  Release Data: Off
  Data Released: False
  Global Release Data: Off
  PipelineMTime: 0
  UpdateMTime: 1941
  RealTimeStamp: 0 seconds 
  LargestPossibleRegion: 
    Dimension: 3
    Index: [0, 0, 0]
    Size: [193, 229, 193]
  BufferedRegion: 
    Dimension: 3
    Index: [0, 0, 0]
    Size: [193, 229, 193]
  RequestedRegion: 
    Dimension: 3
    Index: [0, 0, 0]
    Size: [193, 229, 193]
  Spacing: [1, 1, 1]
  Origin: [96, 132, -78]
  Direction: 
-1 0 0
0 -1 0
0 0 1

  IndexToPointMatrix: 
-1 0 0
0 -1 0
0 0 1

  PointToIndexMatrix: 
-1 0 0
0 -1 0
0 0 1

  Inverse Direction: 
-1 0 0
0 -1 0
0 0 1

  PixelContainer: 
    ImportImageContainer (0x393c9e0)
      RTTI typeinfo:   itk::ImportImageContainer<unsigned long, double>
      Reference Count: 1
      Modified Time: 1938
      Debug: Off
      Object Name: 
      Observers: 
        none
      Pointer: 0x14d532baf010
      Container manages memory: true
      Size: 8530021
      Capacity: 8530021

     Moving image = Image (0x393d910)
  RTTI typeinfo:   itk::Image<double, 3u>
  Reference Count: 2
  Modified Time: 2331
  Debug: Off
  Object Name: 
  Observers: 
    none
  Source: (none)
  Source output name: (none)
  Release Data: Off
  Data Released: False
  Global Release Data: Off
  PipelineMTime: 0
  UpdateMTime: 2328
  RealTimeStamp: 0 seconds 
  LargestPossibleRegion: 
    Dimension: 3
    Index: [0, 0, 0]
    Size: [160, 240, 256]
  BufferedRegion: 
    Dimension: 3
    Index: [0, 0, 0]
    Size: [160, 240, 256]
  RequestedRegion: 
    Dimension: 3
    Index: [0, 0, 0]
    Size: [160, 240, 256]
  Spacing: [1, 1, 1]
  Origin: [91.5134, 94.282, -109.927]
  Direction: 
-0.99591 -0.0698718 -0.0572835
0.0697565 -0.997556 0.00401236
-0.0574239 5.01125e-08 0.99835

  IndexToPointMatrix: 
-0.99591 -0.0698718 -0.0572835
0.0697565 -0.997556 0.00401236
-0.0574239 5.01125e-08 0.99835

  PointToIndexMatrix: 
-0.99591 0.0697565 -0.0574239
-0.0698718 -0.997556 5.01483e-08
-0.0572835 0.00401236 0.99835

  Inverse Direction: 
-0.99591 0.0697565 -0.0574239
-0.0698718 -0.997556 5.01483e-08
-0.0572835 0.00401236 0.99835

  PixelContainer: 
    ImportImageContainer (0x3a23a50)
      RTTI typeinfo:   itk::ImportImageContainer<unsigned long, double>
      Reference Count: 1
      Modified Time: 2325
      Debug: Off
      Object Name: 
      Observers: 
        none
      Pointer: 0x14d52e0ae010
      Container manages memory: true
      Size: 9830400
      Capacity: 9830400

     Weighting = 1
     Sampling strategy = regular
     Number of bins = 32
     Radius = 4
     Sampling percentage  = 0.25
   Transform = Rigid
     Gradient step = 0.1
     Update field sigma (voxel space) = 0
     Total field sigma (voxel space) = 0
     Update field time sigma = 0
     Total field time sigma  = 0
     Number of time indices = 0
     Number of time point samples = 0
Registration using 1 total stages.

Stage 0
  iterations = 0
  convergence threshold = 1e-06
  convergence window size = 10
  number of levels = 1
  using the Mattes MI metric (number of bins = 32, weight = 1, use gradient filter = 0)
  preprocessing:  winsorizing the image intensities
  Shrink factors (level 1 out of 1): [1, 1, 1]
  smoothing sigmas per level: [0]
  regular sampling (percentage = 0.25)

*** Running Euler3DTransform registration ***

  Elapsed time (stage 0): 1.0946


Total elapsed time: 1.09666
Info [verificarlo]: loaded backend libinterflop_vprec.so
Info [interflop-vprec]: load backend with: 
Info [interflop-vprec]: precision-binary32 = 9
Info [interflop-vprec]: range-binary32 = 7
Info [interflop-vprec]: precision-binary64 = 9
Info [interflop-vprec]: range-binary64 = 7
Info [interflop-vprec]: mode = ob
Info [interflop-vprec]: error-mode = rel
Info [interflop-vprec]: max-abs-error-exponent = -1022
Info [interflop-vprec]: daz = false
Info [interflop-vprec]: ftz = false
Info [interflop-vprec]: 	instrument = none
Info [interflop-vprec]: 	prec-input-file = (null)
Info [interflop-vprec]: 	prec-output-file = (null)
Info [interflop-vprec]: 	prec-log-file = (null)
All_Command_lines_OK
Using double precision for computations.
=============================================================================
The composite transform comprises the following transforms (in order): 
  1. /home/mdugre/scratch/mri-registration-rp/datasets/ds004513/derivatives/mri-registration-rp/0100/antsRegistration-r7-p9/sub-s033/align_Composite.h5[0] (type = Euler3DTransform)
  2. /home/mdugre/scratch/mri-registration-rp/datasets/ds004513/derivatives/mri-registration-rp/0100/antsRegistration-r7-p9/sub-s033/align_Composite.h5[1] (type = Euler3DTransform)
=============================================================================
  number of levels = 4
  fixed image: /templateflow/tpl-MNI152NLin2009cAsym/tpl-MNI152NLin2009cAsym_res-01_desc-brain_T1w.nii.gz
  moving image: /home/mdugre/scratch/mri-registration-rp/datasets/ds004513/derivatives/mri-registration-rp/antsBrainExtraction/sub-s033/BrainExtractionBrain.nii.gz
Dimension = 3
Number of stages = 1
Use histogram matching = false
Winsorize image intensities = true
  Lower quantile = 0.005
  Upper quantile = 0.995


Stage 1 State
   Image metric = MattesMI
     Fixed image = Image (0x34c01e0)
  RTTI typeinfo:   itk::Image<double, 3u>
  Reference Count: 2
  Modified Time: 1578
  Debug: Off
  Object Name: 
  Observers: 
    none
  Source: (none)
  Source output name: (none)
  Release Data: Off
  Data Released: False
  Global Release Data: Off
  PipelineMTime: 0
  UpdateMTime: 1189
  RealTimeStamp: 0 seconds 
  LargestPossibleRegion: 
    Dimension: 3
    Index: [0, 0, 0]
    Size: [193, 229, 193]
  BufferedRegion: 
    Dimension: 3
    Index: [0, 0, 0]
    Size: [193, 229, 193]
  RequestedRegion: 
    Dimension: 3
    Index: [0, 0, 0]
    Size: [193, 229, 193]
  Spacing: [1, 1, 1]
  Origin: [96, 132, -78]
  Direction: 
-1 0 0
0 -1 0
0 0 1

  IndexToPointMatrix: 
-1 0 0
0 -1 0
0 0 1

  PointToIndexMatrix: 
-1 0 0
0 -1 0
0 0 1

  Inverse Direction: 
-1 0 0
0 -1 0
0 0 1

  PixelContainer: 
    ImportImageContainer (0x357f680)
      RTTI typeinfo:   itk::ImportImageContainer<unsigned long, double>
      Reference Count: 1
      Modified Time: 1186
      Debug: Off
      Object Name: 
      Observers: 
        none
      Pointer: 0x14e51bb53010
      Container manages memory: true
      Size: 8530021
      Capacity: 8530021

     Moving image = Image (0x357bb20)
  RTTI typeinfo:   itk::Image<double, 3u>
  Reference Count: 2
  Modified Time: 1579
  Debug: Off
  Object Name: 
  Observers: 
    none
  Source: (none)
  Source output name: (none)
  Release Data: Off
  Data Released: False
  Global Release Data: Off
  PipelineMTime: 0
  UpdateMTime: 1576
  RealTimeStamp: 0 seconds 
  LargestPossibleRegion: 
    Dimension: 3
    Index: [0, 0, 0]
    Size: [160, 240, 256]
  BufferedRegion: 
    Dimension: 3
    Index: [0, 0, 0]
    Size: [160, 240, 256]
  RequestedRegion: 
    Dimension: 3
    Index: [0, 0, 0]
    Size: [160, 240, 256]
  Spacing: [1, 1, 1]
  Origin: [91.5, 94.25, -109.875]
  Direction: 
-0.996094 -0.0698242 -0.057312
0.0698242 -0.998047 0.00401306
-0.0574341 0 0.998047

  IndexToPointMatrix: 
-0.996094 -0.0698242 -0.057312
0.0698242 -0.998047 0.00401306
-0.0574341 0 0.998047

  PointToIndexMatrix: 
-0.996094 0.0698242 -0.0574341
-0.0699463 -0.99707 -3.8147e-06
-0.057312 0.00401306 0.998047

  Inverse Direction: 
-0.996094 0.0698242 -0.0574341
-0.0699463 -0.99707 -3.8147e-06
-0.057312 0.00401306 0.998047

  PixelContainer: 
    ImportImageContainer (0x35e4d50)
      RTTI typeinfo:   itk::ImportImageContainer<unsigned long, double>
      Reference Count: 1
      Modified Time: 1573
      Debug: Off
      Object Name: 
      Observers: 
        none
      Pointer: 0x14e517052010
      Container manages memory: true
      Size: 9830400
      Capacity: 9830400

     Weighting = 1
     Sampling strategy = regular
     Number of bins = 32
     Radius = 4
     Sampling percentage  = 0.25
   Transform = Rigid
     Gradient step = 0.1
     Update field sigma (voxel space) = 0
     Total field sigma (voxel space) = 0
     Update field time sigma = 0
     Total field time sigma  = 0
     Number of time indices = 0
     Number of time point samples = 0
Registration using 1 total stages.

Stage 0
  iterations = 1000x500x250x100
  convergence threshold = 1e-06
  convergence window size = 10
  number of levels = 4
  using the Mattes MI metric (number of bins = 32, weight = 1, use gradient filter = 0)
  preprocessing:  winsorizing the image intensities
  Shrink factors (level 1 out of 4): [8, 8, 8]
  Shrink factors (level 2 out of 4): [4, 4, 4]
  Shrink factors (level 3 out of 4): [2, 2, 2]
  Shrink factors (level 4 out of 4): [1, 1, 1]
  smoothing sigmas per level: [3, 2, 1, 0]
  regular sampling (percentage = 0.25)

*** Running Euler3DTransform registration ***

DIAGNOSTIC,Iteration,metricValue,convergenceValue,ITERATION_TIME_INDEX,SINCE_LAST
 2DIAGNOSTIC,     1, -4.931848898538e-01, 1.797693134862e+308, 0.0000e+00, 0.0000e+00, 
 2DIAGNOSTIC,     2, -4.935277809367e-01, 1.797693134862e+308, 0.0000e+00, 0.0000e+00, 
 2DIAGNOSTIC,     3, -4.937334097961e-01, 1.797693134862e+308, 0.0000e+00, 0.0000e+00, 
 2DIAGNOSTIC,     4, -4.946423006573e-01, 1.797693134862e+308, 0.0000e+00, 0.0000e+00, 
 2DIAGNOSTIC,     5, -4.946940957834e-01, 1.797693134862e+308, 0.0000e+00, 0.0000e+00, 
 2DIAGNOSTIC,     6, -4.946305126636e-01, 1.797693134862e+308, 0.0000e+00, 0.0000e+00, 
 2DIAGNOSTIC,     7, -4.946309207159e-01, 1.797693134862e+308, 0.0000e+00, 0.0000e+00, 
 2DIAGNOSTIC,     8, -4.946321694923e-01, 1.797693134862e+308, 0.0000e+00, 0.0000e+00, 
 2DIAGNOSTIC,     9, -4.946017686565e-01, 1.797693134862e+308, 0.0000e+00, 0.0000e+00, 
 2DIAGNOSTIC,    10, -4.946017686565e-01, 1.707828130490e-04, 0.0000e+00, 0.0000e+00, 
 2DIAGNOSTIC,    11, -4.946017686565e-01, 9.279217689839e-05, 0.0000e+00, 0.0000e+00, 
 2DIAGNOSTIC,    12, -4.946017686565e-01, 3.617550310989e-05, 0.0000e+00, 0.0000e+00, 
DIAGNOSTIC,Iteration,metricValue,convergenceValue,ITERATION_TIME_INDEX,SINCE_LAST
 2DIAGNOSTIC,     1, -4.258153468401e-01, 1.797693134862e+308, 0.0000e+00, 0.0000e+00, 
 2DIAGNOSTIC,     2, -4.260604663174e-01, 1.797693134862e+308, 0.0000e+00, 0.0000e+00, 
 2DIAGNOSTIC,     3, -4.266295972451e-01, 1.797693134862e+308, 0.0000e+00, 0.0000e+00, 
 2DIAGNOSTIC,     4, -4.276728543952e-01, 1.797693134862e+308, 0.0000e+00, 0.0000e+00, 
 2DIAGNOSTIC,     5, -4.292908227596e-01, 1.797693134862e+308, 0.0000e+00, 0.0000e+00, 
 2DIAGNOSTIC,     6, -4.323508504608e-01, 1.797693134862e+308, 0.0000e+00, 0.0000e+00, 
 2DIAGNOSTIC,     7, -4.368559929170e-01, 1.797693134862e+308, 0.0000e+00, 0.0000e+00, 
 2DIAGNOSTIC,     8, -4.458053092355e-01, 1.797693134862e+308, 0.0000e+00, 0.0000e+00, 
 2DIAGNOSTIC,     9, -4.625873161398e-01, 1.797693134862e+308, 0.0000e+00, 0.0000e+00, 
 2DIAGNOSTIC,    10, -4.859034143630e-01, 7.123477062091e-03, 0.0000e+00, 0.0000e+00, 
 2DIAGNOSTIC,    11, -5.205644808276e-01, 1.035594118146e-02, 0.0000e+00, 0.0000e+00, 
 2DIAGNOSTIC,    12, -5.424903838206e-01, 1.313094635548e-02, 0.0000e+00, 0.0000e+00, 
 2DIAGNOSTIC,    13, -5.449588683295e-01, 1.437289498587e-02, 0.0000e+00, 0.0000e+00, 
 2DIAGNOSTIC,    14, -5.455343334551e-01, 1.420677186902e-02, 0.0000e+00, 0.0000e+00, 
 2DIAGNOSTIC,    15, -5.446318560038e-01, 1.280966694425e-02, 0.0000e+00, 0.0000e+00, 
 2DIAGNOSTIC,    16, -5.444979341490e-01, 1.054068257764e-02, 0.0000e+00, 0.0000e+00, 
 2DIAGNOSTIC,    17, -5.450236182138e-01, 7.778870783029e-03, 0.0000e+00, 0.0000e+00, 
 2DIAGNOSTIC,    18, -5.458185309662e-01, 4.972308046467e-03, 0.0000e+00, 0.0000e+00, 
 2DIAGNOSTIC,    19, -5.448977783029e-01, 2.526573183556e-03, 0.0000e+00, 0.0000e+00, 
 2DIAGNOSTIC,    20, -5.446381542640e-01, 7.674621884826e-04, 0.0000e+00, 0.0000e+00, 
 2DIAGNOSTIC,    21, -5.447312449944e-01, 5.909288488801e-05, 0.0000e+00, 0.0000e+00, 
DIAGNOSTIC,Iteration,metricValue,convergenceValue,ITERATION_TIME_INDEX,SINCE_LAST
 2DIAGNOSTIC,     1, -4.654875115138e-01, 1.797693134862e+308, 0.0000e+00, 0.0000e+00, 
 2DIAGNOSTIC,     2, -4.654875115138e-01, 1.797693134862e+308, 0.0000e+00, 0.0000e+00, 
 2DIAGNOSTIC,     3, -4.654875115138e-01, 1.797693134862e+308, 0.0000e+00, 0.0000e+00, 
 2DIAGNOSTIC,     4, -4.654875115138e-01, 1.797693134862e+308, 0.0000e+00, 0.0000e+00, 
 2DIAGNOSTIC,     5, -4.654875115138e-01, 1.797693134862e+308, 0.0000e+00, 0.0000e+00, 
 2DIAGNOSTIC,     6, -4.654875115138e-01, 1.797693134862e+308, 0.0000e+00, 0.0000e+00, 
 2DIAGNOSTIC,     7, -4.654875115138e-01, 1.797693134862e+308, 0.0000e+00, 0.0000e+00, 
 2DIAGNOSTIC,     8, -4.654875115138e-01, 1.797693134862e+308, 0.0000e+00, 0.0000e+00, 
 2DIAGNOSTIC,     9, -4.654875115138e-01, 1.797693134862e+308, 0.0000e+00, 0.0000e+00, 
DIAGNOSTIC,Iteration,metricValue,convergenceValue,ITERATION_TIME_INDEX,SINCE_LAST
 2DIAGNOSTIC,     1, -4.240266734673e-01, 1.797693134862e+308, 0.0000e+00, 0.0000e+00, 
 2DIAGNOSTIC,     2, -4.239400325430e-01, 1.797693134862e+308, 0.0000e+00, 0.0000e+00, 
 2DIAGNOSTIC,     3, -4.243220153433e-01, 1.797693134862e+308, 0.0000e+00, 0.0000e+00, 
 2DIAGNOSTIC,     4, -4.242580779847e-01, 1.797693134862e+308, 0.0000e+00, 0.0000e+00, 
 2DIAGNOSTIC,     5, -4.243485703637e-01, 1.797693134862e+308, 0.0000e+00, 0.0000e+00, 
 2DIAGNOSTIC,     6, -4.242479632438e-01, 1.797693134862e+308, 0.0000e+00, 0.0000e+00, 
 2DIAGNOSTIC,     7, -4.242532684309e-01, 1.797693134862e+308, 0.0000e+00, 0.0000e+00, 
 2DIAGNOSTIC,     8, -4.242730334449e-01, 1.797693134862e+308, 0.0000e+00, 0.0000e+00, 
 2DIAGNOSTIC,     9, -4.242837894388e-01, 1.797693134862e+308, 0.0000e+00, 0.0000e+00, 
 2DIAGNOSTIC,    10, -4.242894481247e-01, 3.415172633836e-05, 0.0000e+00, 0.0000e+00, 
 2DIAGNOSTIC,    11, -4.243353026171e-01, 2.134899145391e-05, 0.0000e+00, 0.0000e+00, 
 2DIAGNOSTIC,    12, -4.243457120601e-01, 3.888430692767e-06, 0.0000e+00, 0.0000e+00, 
 2DIAGNOSTIC,    13, -4.243555033498e-01, 9.014369292820e-06, 0.0000e+00, 0.0000e+00, 
 2DIAGNOSTIC,    14, -4.243760014513e-01, 1.034846877158e-05, 0.0000e+00, 0.0000e+00, 
 2DIAGNOSTIC,    15, -4.243760014513e-01, 1.472215262585e-05, 0.0000e+00, 0.0000e+00, 
 2DIAGNOSTIC,    16, -4.243760014513e-01, 1.297817782663e-05, 0.0000e+00, 0.0000e+00, 
 2DIAGNOSTIC,    17, -4.243760014513e-01, 1.043835921320e-05, 0.0000e+00, 0.0000e+00, 
 2DIAGNOSTIC,    18, -4.243760014513e-01, 7.961310548352e-06, 0.0000e+00, 0.0000e+00, 
 2DIAGNOSTIC,    19, -4.243760014513e-01, 5.392186806702e-06, 0.0000e+00, 0.0000e+00, 
 2DIAGNOSTIC,    20, -4.243760014513e-01, 2.731254051126e-06, 0.0000e+00, 0.0000e+00, 
 2DIAGNOSTIC,    21, -4.243760014513e-01, 1.537346842856e-06, 0.0000e+00, 0.0000e+00, 
  Elapsed time (stage 0): 0.0000e+00


Total elapsed time: 0.0000e+00
Info [verificarlo]: loaded backend libinterflop_ieee.so
Info [interflop-ieee]: load backend with:
Info [interflop-ieee]: debug = false
Info [interflop-ieee]: debug-binary = false
Info [interflop-ieee]: no-backend-name = false
Info [interflop-ieee]: print-new-line = false
Info [interflop-ieee]: print-subnormal-normalized = false
Info [interflop-ieee]: count-op = false
All_Command_lines_OK
Using double precision for computations.
=============================================================================
The composite transform comprises the following transforms (in order): 
  1. /home/mdugre/scratch/mri-registration-rp/datasets/ds004513/derivatives/mri-registration-rp/0100/antsRegistration-r7-p9/sub-s033/rigid_Composite.h5[0] (type = Euler3DTransform)
  2. /home/mdugre/scratch/mri-registration-rp/datasets/ds004513/derivatives/mri-registration-rp/0100/antsRegistration-r7-p9/sub-s033/rigid_Composite.h5[1] (type = Euler3DTransform)
  3. /home/mdugre/scratch/mri-registration-rp/datasets/ds004513/derivatives/mri-registration-rp/0100/antsRegistration-r7-p9/sub-s033/rigid_Composite.h5[2] (type = Euler3DTransform)
=============================================================================
  number of levels = 4
  fixed image: /templateflow/tpl-MNI152NLin2009cAsym/tpl-MNI152NLin2009cAsym_res-01_desc-brain_T1w.nii.gz
  moving image: /home/mdugre/scratch/mri-registration-rp/datasets/ds004513/derivatives/mri-registration-rp/antsBrainExtraction/sub-s033/BrainExtractionBrain.nii.gz
Dimension = 3
Number of stages = 1
Use histogram matching = false
Winsorize image intensities = true
  Lower quantile = 0.005
  Upper quantile = 0.995


Stage 1 State
   Image metric = MattesMI
     Fixed image = Image (0x3697530)
  RTTI typeinfo:   itk::Image<double, 3u>
  Reference Count: 2
  Modified Time: 1592
  Debug: Off
  Object Name: 
  Observers: 
    none
  Source: (none)
  Source output name: (none)
  Release Data: Off
  Data Released: False
  Global Release Data: Off
  PipelineMTime: 0
  UpdateMTime: 1203
  RealTimeStamp: 0 seconds 
  LargestPossibleRegion: 
    Dimension: 3
    Index: [0, 0, 0]
    Size: [193, 229, 193]
  BufferedRegion: 
    Dimension: 3
    Index: [0, 0, 0]
    Size: [193, 229, 193]
  RequestedRegion: 
    Dimension: 3
    Index: [0, 0, 0]
    Size: [193, 229, 193]
  Spacing: [1, 1, 1]
  Origin: [96, 132, -78]
  Direction: 
-1 0 0
0 -1 0
0 0 1

  IndexToPointMatrix: 
-1 0 0
0 -1 0
0 0 1

  PointToIndexMatrix: 
-1 0 0
0 -1 0
0 0 1

  Inverse Direction: 
-1 0 0
0 -1 0
0 0 1

  PixelContainer: 
    ImportImageContainer (0x36a42b0)
      RTTI typeinfo:   itk::ImportImageContainer<unsigned long, double>
      Reference Count: 1
      Modified Time: 1200
      Debug: Off
      Object Name: 
      Observers: 
        none
      Pointer: 0x14c334ce7010
      Container manages memory: true
      Size: 8530021
      Capacity: 8530021

     Moving image = Image (0x3752fd0)
  RTTI typeinfo:   itk::Image<double, 3u>
  Reference Count: 2
  Modified Time: 1593
  Debug: Off
  Object Name: 
  Observers: 
    none
  Source: (none)
  Source output name: (none)
  Release Data: Off
  Data Released: False
  Global Release Data: Off
  PipelineMTime: 0
  UpdateMTime: 1590
  RealTimeStamp: 0 seconds 
  LargestPossibleRegion: 
    Dimension: 3
    Index: [0, 0, 0]
    Size: [160, 240, 256]
  BufferedRegion: 
    Dimension: 3
    Index: [0, 0, 0]
    Size: [160, 240, 256]
  RequestedRegion: 
    Dimension: 3
    Index: [0, 0, 0]
    Size: [160, 240, 256]
  Spacing: [1, 1, 1]
  Origin: [91.5134, 94.282, -109.927]
  Direction: 
-0.99591 -0.0698718 -0.0572835
0.0697565 -0.997556 0.00401236
-0.0574239 5.01125e-08 0.99835

  IndexToPointMatrix: 
-0.99591 -0.0698718 -0.0572835
0.0697565 -0.997556 0.00401236
-0.0574239 5.01125e-08 0.99835

  PointToIndexMatrix: 
-0.99591 0.0697565 -0.0574239
-0.0698718 -0.997556 5.01483e-08
-0.0572835 0.00401236 0.99835

  Inverse Direction: 
-0.99591 0.0697565 -0.0574239
-0.0698718 -0.997556 5.01483e-08
-0.0572835 0.00401236 0.99835

  PixelContainer: 
    ImportImageContainer (0x376a990)
      RTTI typeinfo:   itk::ImportImageContainer<unsigned long, double>
      Reference Count: 1
      Modified Time: 1587
      Debug: Off
      Object Name: 
      Observers: 
        none
      Pointer: 0x14c3301e6010
      Container manages memory: true
      Size: 9830400
      Capacity: 9830400

     Weighting = 1
     Sampling strategy = regular
     Number of bins = 32
     Radius = 4
     Sampling percentage  = 0.25
   Transform = Affine
     Gradient step = 0.1
     Update field sigma (voxel space) = 0
     Total field sigma (voxel space) = 0
     Update field time sigma = 0
     Total field time sigma  = 0
     Number of time indices = 0
     Number of time point samples = 0
Registration using 1 total stages.

Stage 0
  iterations = 1000x500x250x100
  convergence threshold = 1e-06
  convergence window size = 10
  number of levels = 4
  using the Mattes MI metric (number of bins = 32, weight = 1, use gradient filter = 0)
  preprocessing:  winsorizing the image intensities
  Shrink factors (level 1 out of 4): [8, 8, 8]
  Shrink factors (level 2 out of 4): [4, 4, 4]
  Shrink factors (level 3 out of 4): [2, 2, 2]
  Shrink factors (level 4 out of 4): [1, 1, 1]
  smoothing sigmas per level: [3, 2, 1, 0]
  regular sampling (percentage = 0.25)

*** Running AffineTransform registration ***

DIAGNOSTIC,Iteration,metricValue,convergenceValue,ITERATION_TIME_INDEX,SINCE_LAST
 2DIAGNOSTIC,     1, -6.365472306364e-01, 1.797693134862e+308, 8.6484e-01, 8.6484e-01, 
 2DIAGNOSTIC,     2, -6.393532465185e-01, 1.797693134862e+308, 8.6897e-01, 4.1339e-03, 
 2DIAGNOSTIC,     3, -6.439669516481e-01, 1.797693134862e+308, 8.7325e-01, 4.2801e-03, 
 2DIAGNOSTIC,     4, -6.508960431530e-01, 1.797693134862e+308, 8.7774e-01, 4.4892e-03, 
 2DIAGNOSTIC,     5, -6.629209553088e-01, 1.797693134862e+308, 8.8225e-01, 4.5140e-03, 
 2DIAGNOSTIC,     6, -6.825918810119e-01, 1.797693134862e+308, 8.8644e-01, 4.1828e-03, 
 2DIAGNOSTIC,     7, -7.356283006952e-01, 1.797693134862e+308, 8.9088e-01, 4.4398e-03, 
 2DIAGNOSTIC,     8, -7.777910603029e-01, 1.797693134862e+308, 8.9722e-01, 6.3441e-03, 
 2DIAGNOSTIC,     9, -8.053695525240e-01, 1.797693134862e+308, 9.0239e-01, 5.1661e-03, 
 2DIAGNOSTIC,    10, -8.171542864616e-01, 1.863850041942e-02, 9.0742e-01, 5.0311e-03, 
 2DIAGNOSTIC,    11, -8.668807939765e-01, 1.973020849107e-02, 9.1219e-01, 4.7731e-03, 
 2DIAGNOSTIC,    12, -8.869833321697e-01, 1.950511188138e-02, 9.1692e-01, 4.7250e-03, 
 2DIAGNOSTIC,    13, -9.039841742472e-01, 1.817446237334e-02, 9.2532e-01, 8.4050e-03, 
 2DIAGNOSTIC,    14, -9.047054252083e-01, 1.566574408521e-02, 9.3009e-01, 4.7700e-03, 
 2DIAGNOSTIC,    15, -9.061520938216e-01, 1.248949019083e-02, 9.3477e-01, 4.6771e-03, 
 2DIAGNOSTIC,    16, -9.075773875100e-01, 9.096313242369e-03, 9.3947e-01, 4.7050e-03, 
 2DIAGNOSTIC,    17, -9.081933727324e-01, 6.451681667977e-03, 9.4462e-01, 5.1498e-03, 
 2DIAGNOSTIC,    18, -9.083045211568e-01, 4.393450487325e-03, 9.4970e-01, 5.0740e-03, 
 2DIAGNOSTIC,    19, -9.077870927273e-01, 2.695847233398e-03, 9.5479e-01, 5.0969e-03, 
 2DIAGNOSTIC,    20, -9.077274584881e-01, 1.132876612882e-03, 9.5940e-01, 4.6041e-03, 
 2DIAGNOSTIC,    21, -9.076845794643e-01, 4.579877554640e-04, 9.6447e-01, 5.0681e-03, 
 2DIAGNOSTIC,    22, -9.074351432533e-01, 1.172975866592e-04, 9.6966e-01, 5.1930e-03, 
 2DIAGNOSTIC,    23, -9.070366257984e-01, 5.032573765357e-05, 9.7485e-01, 5.1899e-03, 
DIAGNOSTIC,Iteration,metricValue,convergenceValue,ITERATION_TIME_INDEX,SINCE_LAST
 2DIAGNOSTIC,     1, -7.449084688260e-01, 1.797693134862e+308, 1.7133e+00, 7.3848e-01, 
 2DIAGNOSTIC,     2, -7.454944717845e-01, 1.797693134862e+308, 1.7483e+00, 3.4929e-02, 
 2DIAGNOSTIC,     3, -7.462169701512e-01, 1.797693134862e+308, 1.7828e+00, 3.4492e-02, 
 2DIAGNOSTIC,     4, -7.469691545921e-01, 1.797693134862e+308, 1.8138e+00, 3.1021e-02, 
 2DIAGNOSTIC,     5, -7.477042016833e-01, 1.797693134862e+308, 1.8450e+00, 3.1247e-02, 
 2DIAGNOSTIC,     6, -7.482572804544e-01, 1.797693134862e+308, 1.8884e+00, 4.3348e-02, 
 2DIAGNOSTIC,     7, -7.484491005773e-01, 1.797693134862e+308, 1.9386e+00, 5.0194e-02, 
 2DIAGNOSTIC,     8, -7.484597103199e-01, 1.797693134862e+308, 1.9705e+00, 3.1927e-02, 
 2DIAGNOSTIC,     9, -7.485723778250e-01, 1.797693134862e+308, 2.0044e+00, 3.3897e-02, 
 2DIAGNOSTIC,    10, -7.486602298101e-01, 3.377367495327e-04, 2.0371e+00, 3.2702e-02, 
 2DIAGNOSTIC,    11, -7.486671450900e-01, 2.385326709513e-04, 2.0800e+00, 4.2921e-02, 
 2DIAGNOSTIC,    12, -7.486661978510e-01, 1.532228224678e-04, 2.1194e+00, 3.9384e-02, 
 2DIAGNOSTIC,    13, -7.486712074278e-01, 8.863292506082e-05, 2.1514e+00, 3.1983e-02, 
 2DIAGNOSTIC,    14, -7.486491943839e-01, 4.490928639503e-05, 2.1872e+00, 3.5841e-02, 
 2DIAGNOSTIC,    15, -7.486424598264e-01, 2.121299456458e-05, 2.2197e+00, 3.2451e-02, 
 2DIAGNOSTIC,    16, -7.486537054967e-01, 1.204106080167e-05, 2.2658e+00, 4.6175e-02, 
 2DIAGNOSTIC,    17, -7.486903699705e-01, 8.169361619299e-06, 2.3013e+00, 3.5492e-02, 
 2DIAGNOSTIC,    18, -7.486566358747e-01, 3.593511134235e-06, 2.3387e+00, 3.7391e-02, 
 2DIAGNOSTIC,    19, -7.486475712686e-01, 1.392908638473e-06, 2.3740e+00, 3.5238e-02, 
 2DIAGNOSTIC,    20, -7.486545595864e-01, 1.249621831567e-06, 2.4134e+00, 3.9413e-02, 
 2DIAGNOSTIC,    21, -7.486598051193e-01, 1.345963079574e-06, 2.4475e+00, 3.4076e-02, 
 2DIAGNOSTIC,    22, -7.486385328818e-01, 1.043854992527e-06, 2.4854e+00, 3.7968e-02, 
 2DIAGNOSTIC,    23, -7.486440391376e-01, 1.012224290060e-06, 2.5208e+00, 3.5425e-02, 
DIAGNOSTIC,Iteration,metricValue,convergenceValue,ITERATION_TIME_INDEX,SINCE_LAST
 2DIAGNOSTIC,     1, -6.324355940567e-01, 1.797693134862e+308, 3.5930e+00, 1.0721e+00, 
 2DIAGNOSTIC,     2, -6.330162243867e-01, 1.797693134862e+308, 3.8339e+00, 2.4097e-01, 
 2DIAGNOSTIC,     3, -6.336731198352e-01, 1.797693134862e+308, 4.0593e+00, 2.2538e-01, 
 2DIAGNOSTIC,     4, -6.344989538548e-01, 1.797693134862e+308, 4.3085e+00, 2.4919e-01, 
 2DIAGNOSTIC,     5, -6.368204452673e-01, 1.797693134862e+308, 4.6304e+00, 3.2185e-01, 
 2DIAGNOSTIC,     6, -6.378533504977e-01, 1.797693134862e+308, 4.9083e+00, 2.7791e-01, 
 2DIAGNOSTIC,     7, -6.378759027852e-01, 1.797693134862e+308, 5.3384e+00, 4.3015e-01, 
 2DIAGNOSTIC,     8, -6.378754164365e-01, 1.797693134862e+308, 5.5892e+00, 2.5077e-01, 
 2DIAGNOSTIC,     9, -6.378756072513e-01, 1.797693134862e+308, 5.8352e+00, 2.4604e-01, 
 2DIAGNOSTIC,    10, -6.378722678414e-01, 6.457813736178e-04, 6.0939e+00, 2.5872e-01, 
 2DIAGNOSTIC,    11, -6.378733738975e-01, 4.656106624938e-04, 6.3504e+00, 2.5644e-01, 
 2DIAGNOSTIC,    12, -6.378738255122e-01, 2.966103617365e-04, 6.6139e+00, 2.6356e-01, 
 2DIAGNOSTIC,    13, -6.378666053140e-01, 1.501735694555e-04, 6.8787e+00, 2.6480e-01, 
 2DIAGNOSTIC,    14, -6.378664785820e-01, 3.591321156614e-05, 7.1395e+00, 2.6076e-01, 
 2DIAGNOSTIC,    15, -6.378663231389e-01, 2.062474039777e-06, 7.4300e+00, 2.9054e-01, 
 2DIAGNOSTIC,    16, -6.378642495395e-01, 1.194579405062e-06, 7.7330e+00, 3.0292e-01, 
 2DIAGNOSTIC,    17, -6.378649883572e-01, 1.114722472606e-06, 8.0210e+00, 2.8803e-01, 
 2DIAGNOSTIC,    18, -6.378631933601e-01, 1.058462465078e-06, 8.3109e+00, 2.8990e-01, 
 2DIAGNOSTIC,    19, -6.378626967310e-01, 1.070951355139e-06, 8.5543e+00, 2.4343e-01, 
 2DIAGNOSTIC,    20, -6.378628394944e-01, 1.064295757927e-06, 8.8227e+00, 2.6835e-01, 
 2DIAGNOSTIC,    21, -6.378638499126e-01, 1.150169728695e-06, 9.1200e+00, 2.9737e-01, 
 2DIAGNOSTIC,    22, -6.378630779523e-01, 1.259413094173e-06, 9.3746e+00, 2.5457e-01, 
 2DIAGNOSTIC,    23, -6.378627565328e-01, 1.231144160049e-06, 9.6618e+00, 2.8723e-01, 
 2DIAGNOSTIC,    24, -6.378635668552e-01, 1.232761442031e-06, 9.9615e+00, 2.9963e-01, 
 2DIAGNOSTIC,    25, -6.378616831182e-01, 1.206630256427e-06, 1.0218e+01, 2.5608e-01, 
 2DIAGNOSTIC,    26, -6.378618871185e-01, 1.156637928393e-06, 1.0473e+01, 2.5537e-01, 
 2DIAGNOSTIC,    27, -6.378632086169e-01, 1.151522947378e-06, 1.0730e+01, 2.5690e-01, 
 2DIAGNOSTIC,    28, -6.378607777176e-01, 1.081638767782e-06, 1.1044e+01, 3.1401e-01, 
 2DIAGNOSTIC,    29, -6.378620775349e-01, 1.035397753819e-06, 1.1309e+01, 2.6541e-01, 
DIAGNOSTIC,Iteration,metricValue,convergenceValue,ITERATION_TIME_INDEX,SINCE_LAST
 2DIAGNOSTIC,     1, -5.637392270563e-01, 1.797693134862e+308, 1.4199e+01, 2.8901e+00, 
 2DIAGNOSTIC,     2, -5.638404370417e-01, 1.797693134862e+308, 1.6088e+01, 1.8886e+00, 
 2DIAGNOSTIC,     3, -5.638538361841e-01, 1.797693134862e+308, 1.8680e+01, 2.5920e+00, 
 2DIAGNOSTIC,     4, -5.638543746614e-01, 1.797693134862e+308, 2.0548e+01, 1.8677e+00, 
 2DIAGNOSTIC,     5, -5.638528129062e-01, 1.797693134862e+308, 2.2657e+01, 2.1090e+00, 
 2DIAGNOSTIC,     6, -5.638524302004e-01, 1.797693134862e+308, 2.5025e+01, 2.3681e+00, 
 2DIAGNOSTIC,     7, -5.638518348303e-01, 1.797693134862e+308, 2.6968e+01, 1.9431e+00, 
 2DIAGNOSTIC,     8, -5.638519477412e-01, 1.797693134862e+308, 2.9112e+01, 2.1443e+00, 
 2DIAGNOSTIC,     9, -5.638518056458e-01, 1.797693134862e+308, 3.1441e+01, 2.3289e+00, 
 2DIAGNOSTIC,    10, -5.638518584182e-01, 9.229158205726e-06, 3.3461e+01, 2.0197e+00, 
 2DIAGNOSTIC,    11, -5.638517884229e-01, 3.227177417520e-06, 3.5544e+01, 2.0837e+00, 
 2DIAGNOSTIC,    12, -5.638517309087e-01, 2.427931570279e-06, 3.7733e+01, 2.1883e+00, 
 2DIAGNOSTIC,    13, -5.638516498518e-01, 2.286698759013e-06, 3.9473e+01, 1.7406e+00, 
 2DIAGNOSTIC,    14, -5.638514674520e-01, 2.194197079683e-06, 4.1411e+01, 1.9380e+00, 
 2DIAGNOSTIC,    15, -5.638516252836e-01, 2.074267407073e-06, 4.3277e+01, 1.8658e+00, 
 2DIAGNOSTIC,    16, -5.638513438908e-01, 1.952957681448e-06, 4.5145e+01, 1.8677e+00, 
 2DIAGNOSTIC,    17, -5.638512392687e-01, 1.828535443192e-06, 4.7472e+01, 2.3271e+00, 
 2DIAGNOSTIC,    18, -5.638513143716e-01, 1.727368226068e-06, 4.9448e+01, 1.9762e+00, 
 2DIAGNOSTIC,    19, -5.638510698646e-01, 1.630063260850e-06, 5.1372e+01, 1.9238e+00, 
 2DIAGNOSTIC,    20, -5.638509718319e-01, 1.545584652290e-06, 5.3233e+01, 1.8614e+00, 
 2DIAGNOSTIC,    21, -5.638509072507e-01, 1.470186642351e-06, 5.4956e+01, 1.7222e+00, 
 2DIAGNOSTIC,    22, -5.638508992094e-01, 1.404347939070e-06, 5.6709e+01, 1.7537e+00, 
 2DIAGNOSTIC,    23, -5.638509866965e-01, 1.348274390078e-06, 5.8641e+01, 1.9319e+00, 
 2DIAGNOSTIC,    24, -5.638509912403e-01, 1.296207807241e-06, 6.0430e+01, 1.7884e+00, 
 2DIAGNOSTIC,    25, -5.638512466096e-01, 1.259615589881e-06, 6.2324e+01, 1.8946e+00, 
 2DIAGNOSTIC,    26, -5.638511711450e-01, 1.220037360118e-06, 6.4231e+01, 1.9065e+00, 
 2DIAGNOSTIC,    27, -5.638510179969e-01, 1.178876759877e-06, 6.5996e+01, 1.7656e+00, 
 2DIAGNOSTIC,    28, -5.638513090222e-01, 1.147375884990e-06, 6.8133e+01, 2.1364e+00, 
 2DIAGNOSTIC,    29, -5.638513404892e-01, 1.113088632147e-06, 7.0664e+01, 2.5311e+00, 
 2DIAGNOSTIC,    30, -5.638512757853e-01, 1.076809841925e-06, 7.2728e+01, 2.0645e+00, 
 2DIAGNOSTIC,    31, -5.638511821015e-01, 1.038889038588e-06, 7.4702e+01, 1.9737e+00, 
 2DIAGNOSTIC,    32, -5.638511109361e-01, 1.000974805078e-06, 7.6778e+01, 2.0764e+00, 
  Elapsed time (stage 0): 7.7877e+01


Total elapsed time: 7.7879e+01
Info [verificarlo]: loaded backend libinterflop_ieee.so
Info [interflop-ieee]: load backend with:
Info [interflop-ieee]: debug = false
Info [interflop-ieee]: debug-binary = false
Info [interflop-ieee]: no-backend-name = false
Info [interflop-ieee]: print-new-line = false
Info [interflop-ieee]: print-subnormal-normalized = false
Info [interflop-ieee]: count-op = false
All_Command_lines_OK
Using double precision for computations.
=============================================================================
The composite transform comprises the following transforms (in order): 
  1. /home/mdugre/scratch/mri-registration-rp/datasets/ds004513/derivatives/mri-registration-rp/0100/antsRegistration-r7-p9/sub-s033/affine_Composite.h5[0] (type = Euler3DTransform)
  2. /home/mdugre/scratch/mri-registration-rp/datasets/ds004513/derivatives/mri-registration-rp/0100/antsRegistration-r7-p9/sub-s033/affine_Composite.h5[1] (type = Euler3DTransform)
  3. /home/mdugre/scratch/mri-registration-rp/datasets/ds004513/derivatives/mri-registration-rp/0100/antsRegistration-r7-p9/sub-s033/affine_Composite.h5[2] (type = Euler3DTransform)
  4. /home/mdugre/scratch/mri-registration-rp/datasets/ds004513/derivatives/mri-registration-rp/0100/antsRegistration-r7-p9/sub-s033/affine_Composite.h5[3] (type = AffineTransform)
=============================================================================
  number of levels = 4
  fixed image: /templateflow/tpl-MNI152NLin2009cAsym/tpl-MNI152NLin2009cAsym_res-01_desc-brain_T1w.nii.gz
  moving image: /home/mdugre/scratch/mri-registration-rp/datasets/ds004513/derivatives/mri-registration-rp/antsBrainExtraction/sub-s033/BrainExtractionBrain.nii.gz
Dimension = 3
Number of stages = 1
Use histogram matching = false
Winsorize image intensities = true
  Lower quantile = 0.005
  Upper quantile = 0.995


Stage 1 State
   Image metric = CC
     Fixed image = Image (0x33d1a40)
  RTTI typeinfo:   itk::Image<double, 3u>
  Reference Count: 2
  Modified Time: 1606
  Debug: Off
  Object Name: 
  Observers: 
    none
  Source: (none)
  Source output name: (none)
  Release Data: Off
  Data Released: False
  Global Release Data: Off
  PipelineMTime: 0
  UpdateMTime: 1217
  RealTimeStamp: 0 seconds 
  LargestPossibleRegion: 
    Dimension: 3
    Index: [0, 0, 0]
    Size: [193, 229, 193]
  BufferedRegion: 
    Dimension: 3
    Index: [0, 0, 0]
    Size: [193, 229, 193]
  RequestedRegion: 
    Dimension: 3
    Index: [0, 0, 0]
    Size: [193, 229, 193]
  Spacing: [1, 1, 1]
  Origin: [96, 132, -78]
  Direction: 
-1 0 0
0 -1 0
0 0 1

  IndexToPointMatrix: 
-1 0 0
0 -1 0
0 0 1

  PointToIndexMatrix: 
-1 0 0
0 -1 0
0 0 1

  Inverse Direction: 
-1 0 0
0 -1 0
0 0 1

  PixelContainer: 
    ImportImageContainer (0x34a0780)
      RTTI typeinfo:   itk::ImportImageContainer<unsigned long, double>
      Reference Count: 1
      Modified Time: 1214
      Debug: Off
      Object Name: 
      Observers: 
        none
      Pointer: 0x15543125e010
      Container manages memory: true
      Size: 8530021
      Capacity: 8530021

     Moving image = Image (0x34a2390)
  RTTI typeinfo:   itk::Image<double, 3u>
  Reference Count: 2
  Modified Time: 1607
  Debug: Off
  Object Name: 
  Observers: 
    none
  Source: (none)
  Source output name: (none)
  Release Data: Off
  Data Released: False
  Global Release Data: Off
  PipelineMTime: 0
  UpdateMTime: 1604
  RealTimeStamp: 0 seconds 
  LargestPossibleRegion: 
    Dimension: 3
    Index: [0, 0, 0]
    Size: [160, 240, 256]
  BufferedRegion: 
    Dimension: 3
    Index: [0, 0, 0]
    Size: [160, 240, 256]
  RequestedRegion: 
    Dimension: 3
    Index: [0, 0, 0]
    Size: [160, 240, 256]
  Spacing: [1, 1, 1]
  Origin: [91.5134, 94.282, -109.927]
  Direction: 
-0.99591 -0.0698718 -0.0572835
0.0697565 -0.997556 0.00401236
-0.0574239 5.01125e-08 0.99835

  IndexToPointMatrix: 
-0.99591 -0.0698718 -0.0572835
0.0697565 -0.997556 0.00401236
-0.0574239 5.01125e-08 0.99835

  PointToIndexMatrix: 
-0.99591 0.0697565 -0.0574239
-0.0698718 -0.997556 5.01483e-08
-0.0572835 0.00401236 0.99835

  Inverse Direction: 
-0.99591 0.0697565 -0.0574239
-0.0698718 -0.997556 5.01483e-08
-0.0572835 0.00401236 0.99835

  PixelContainer: 
    ImportImageContainer (0x34576f0)
      RTTI typeinfo:   itk::ImportImageContainer<unsigned long, double>
      Reference Count: 1
      Modified Time: 1601
      Debug: Off
      Object Name: 
      Observers: 
        none
      Pointer: 0x15542c75d010
      Container manages memory: true
      Size: 9830400
      Capacity: 9830400

     Weighting = 1
     Sampling strategy = none
     Number of bins = 32
     Radius = 4
     Sampling percentage  = 1
   Transform = SyN
     Gradient step = 0.1
     Update field sigma (voxel space) = 3
     Total field sigma (voxel space) = 0
     Update field time sigma = 0
     Total field time sigma  = 0
     Number of time indices = 0
     Number of time point samples = 0
Registration using 1 total stages.

Stage 0
  iterations = 100x70x50x20
  convergence threshold = 1e-06
  convergence window size = 10
  number of levels = 4
  using the CC metric (radius = 4, weight = 1, use gradient filter = 0)
  preprocessing:  winsorizing the image intensities
  Shrink factors (level 1 out of 4): [8, 8, 8]
  Shrink factors (level 2 out of 4): [4, 4, 4]
  Shrink factors (level 3 out of 4): [2, 2, 2]
  Shrink factors (level 4 out of 4): [1, 1, 1]
  smoothing sigmas per level: [3, 2, 1, 0]
  Using default NONE metricSamplingStrategy 

*** Running SyN registration (varianceForUpdateField = 3, varianceForTotalField = 0) ***

XXDIAGNOSTIC,Iteration,metricValue,convergenceValue,ITERATION_TIME_INDEX,SINCE_LAST
 1DIAGNOSTIC,     1, -9.290118152696e-01, 1.797693134862e+308, 1.3502e+00, 1.3502e+00, 
 1DIAGNOSTIC,     2, -9.381280459835e-01, 1.797693134862e+308, 1.6980e+00, 3.4784e-01, 
 1DIAGNOSTIC,     3, -9.449059800475e-01, 1.797693134862e+308, 2.0442e+00, 3.4612e-01, 
 1DIAGNOSTIC,     4, -9.496053780006e-01, 1.797693134862e+308, 2.3909e+00, 3.4674e-01, 
 1DIAGNOSTIC,     5, -9.524371227229e-01, 1.797693134862e+308, 2.7295e+00, 3.3860e-01, 
 1DIAGNOSTIC,     6, -9.550473095073e-01, 1.797693134862e+308, 3.0613e+00, 3.3181e-01, 
 1DIAGNOSTIC,     7, -9.581386099792e-01, 1.797693134862e+308, 3.3946e+00, 3.3332e-01, 
 1DIAGNOSTIC,     8, -9.611339217725e-01, 1.797693134862e+308, 3.7443e+00, 3.4965e-01, 
 1DIAGNOSTIC,     9, -9.639848954669e-01, 1.797693134862e+308, 4.1058e+00, 3.6151e-01, 
 1DIAGNOSTIC,    10, -9.666214022534e-01, 2.272529225178e-03, 4.4475e+00, 3.4168e-01, 
 1DIAGNOSTIC,    11, -9.689608386660e-01, 1.749956390220e-03, 4.7985e+00, 3.5103e-01, 
 1DIAGNOSTIC,    12, -9.705361948366e-01, 1.420563561697e-03, 5.1464e+00, 3.4788e-01, 
 1DIAGNOSTIC,    13, -9.704164260048e-01, 1.164616450599e-03, 5.5065e+00, 3.6014e-01, 
 1DIAGNOSTIC,    14, -9.703229149843e-01, 9.378301017516e-04, 5.8703e+00, 3.6381e-01, 
 1DIAGNOSTIC,    15, -9.705747920247e-01, 7.168085944796e-04, 6.2180e+00, 3.4771e-01, 
 1DIAGNOSTIC,    16, -9.705967449933e-01, 5.057106799645e-04, 6.5695e+00, 3.5142e-01, 
 1DIAGNOSTIC,    17, -9.707010435733e-01, 3.283360640991e-04, 6.9097e+00, 3.4021e-01, 
 1DIAGNOSTIC,    18, -9.708407671311e-01, 1.920757710826e-04, 7.2393e+00, 3.2968e-01, 
 1DIAGNOSTIC,    19, -9.709184495287e-01, 9.792995257209e-05, 7.5792e+00, 3.3985e-01, 
 1DIAGNOSTIC,    20, -9.709761533917e-01, 4.340609289057e-05, 7.9359e+00, 3.5673e-01, 
