
##########################
# Experiment information #
##########################

EXPERIMENT_NAME: antsRegistration-r7-p7
VFC_BACKENDS: libinterflop_vprec.so --range-binary32=7 --precision-binary32=7 --range-binary64=7 --precision-binary64=7

SIF_IMG: /home/mdugre/projects/rrg-glatard/mdugre/containers/ants-vprec-no_metrics.simg

SUBJECT_ID: s025
INPUT_IMG: /home/mdugre/scratch/mri-registration-rp/datasets/ds004513/derivatives/mri-registration-rp/antsBrainExtraction/sub-s025/BrainExtractionBrain.nii.gz
OUTPUT_DIR: /home/mdugre/scratch/mri-registration-rp/datasets/ds004513/derivatives/mri-registration-rp/0100/antsRegistration-r7-p7/sub-s025

FIXED_IMG: /templateflow/tpl-MNI152NLin2009cAsym/tpl-MNI152NLin2009cAsym_res-01_desc-brain_T1w.nii.gz
DATA_DIR: /home/mdugre/scratch/mri-registration-rp/datasets/ds004513
TEMPLATEFLOW_DIR: /home/mdugre/projects/rrg-glatard/mdugre/templateflow
ITK_GLOBAL_DEFAULT_NUMBER_OF_THREADS: 16
##########################

Info [verificarlo]: loaded backend libinterflop_ieee.so
Info [interflop-ieee]: load backend with:
Info [interflop-ieee]: debug = false
Info [interflop-ieee]: debug-binary = false
Info [interflop-ieee]: no-backend-name = false
Info [interflop-ieee]: print-new-line = false
Info [interflop-ieee]: print-subnormal-normalized = false
Info [interflop-ieee]: count-op = false
All_Command_lines_OK
Using double precision for computations.
=============================================================================
The composite transform comprises the following transforms (in order): 
  1. Center of mass alignment using fixed image: /templateflow/tpl-MNI152NLin2009cAsym/tpl-MNI152NLin2009cAsym_res-01_desc-brain_T1w.nii.gz and moving image: /home/mdugre/scratch/mri-registration-rp/datasets/ds004513/derivatives/mri-registration-rp/antsBrainExtraction/sub-s025/BrainExtractionBrain.nii.gz (type = Euler3DTransform)
=============================================================================
  number of levels = 1
  fixed image: /templateflow/tpl-MNI152NLin2009cAsym/tpl-MNI152NLin2009cAsym_res-01_desc-brain_T1w.nii.gz
  moving image: /home/mdugre/scratch/mri-registration-rp/datasets/ds004513/derivatives/mri-registration-rp/antsBrainExtraction/sub-s025/BrainExtractionBrain.nii.gz
Dimension = 3
Number of stages = 1
Use histogram matching = false
Winsorize image intensities = true
  Lower quantile = 0.005
  Upper quantile = 0.995


Stage 1 State
   Image metric = MattesMI
     Fixed image = Image (0x4bcfbd0)
  RTTI typeinfo:   itk::Image<double, 3u>
  Reference Count: 2
  Modified Time: 2334
  Debug: Off
  Object Name: 
  Observers: 
    none
  Source: (none)
  Source output name: (none)
  Release Data: Off
  Data Released: False
  Global Release Data: Off
  PipelineMTime: 0
  UpdateMTime: 1943
  RealTimeStamp: 0 seconds 
  LargestPossibleRegion: 
    Dimension: 3
    Index: [0, 0, 0]
    Size: [193, 229, 193]
  BufferedRegion: 
    Dimension: 3
    Index: [0, 0, 0]
    Size: [193, 229, 193]
  RequestedRegion: 
    Dimension: 3
    Index: [0, 0, 0]
    Size: [193, 229, 193]
  Spacing: [1, 1, 1]
  Origin: [96, 132, -78]
  Direction: 
-1 0 0
0 -1 0
0 0 1

  IndexToPointMatrix: 
-1 0 0
0 -1 0
0 0 1

  PointToIndexMatrix: 
-1 0 0
0 -1 0
0 0 1

  Inverse Direction: 
-1 0 0
0 -1 0
0 0 1

  PixelContainer: 
    ImportImageContainer (0x4bd89e0)
      RTTI typeinfo:   itk::ImportImageContainer<unsigned long, double>
      Reference Count: 1
      Modified Time: 1940
      Debug: Off
      Object Name: 
      Observers: 
        none
      Pointer: 0x1494257f1010
      Container manages memory: true
      Size: 8530021
      Capacity: 8530021

     Moving image = Image (0x4bd9bd0)
  RTTI typeinfo:   itk::Image<double, 3u>
  Reference Count: 2
  Modified Time: 2335
  Debug: Off
  Object Name: 
  Observers: 
    none
  Source: (none)
  Source output name: (none)
  Release Data: Off
  Data Released: False
  Global Release Data: Off
  PipelineMTime: 0
  UpdateMTime: 2332
  RealTimeStamp: 0 seconds 
  LargestPossibleRegion: 
    Dimension: 3
    Index: [0, 0, 0]
    Size: [176, 240, 256]
  BufferedRegion: 
    Dimension: 3
    Index: [0, 0, 0]
    Size: [176, 240, 256]
  RequestedRegion: 
    Dimension: 3
    Index: [0, 0, 0]
    Size: [176, 240, 256]
  Spacing: [0.999999, 1, 1]
  Origin: [90.3778, 84.5091, -154.071]
  Direction: 
-0.999391 7.48184e-06 -0.0348969
-7.47664e-06 -1 -2.7953e-07
-0.0348969 -1.84481e-08 0.999391

  IndexToPointMatrix: 
-0.99939 7.48184e-06 -0.0348969
-7.47663e-06 -1 -2.7953e-07
-0.0348968 -1.84481e-08 0.999391

  PointToIndexMatrix: 
-0.999392 -7.47665e-06 -0.0348969
7.48184e-06 -1 -1.84481e-08
-0.0348969 -2.7953e-07 0.999391

  Inverse Direction: 
-0.999391 -7.47664e-06 -0.0348969
7.48184e-06 -1 -1.84481e-08
-0.0348969 -2.7953e-07 0.999391

  PixelContainer: 
    ImportImageContainer (0x4d5fb50)
      RTTI typeinfo:   itk::ImportImageContainer<unsigned long, double>
      Reference Count: 1
      Modified Time: 2329
      Debug: Off
      Object Name: 
      Observers: 
        none
      Pointer: 0x149420570010
      Container manages memory: true
      Size: 10813440
      Capacity: 10813440

     Weighting = 1
     Sampling strategy = regular
     Number of bins = 32
     Radius = 4
     Sampling percentage  = 0.25
   Transform = Rigid
     Gradient step = 0.1
     Update field sigma (voxel space) = 0
     Total field sigma (voxel space) = 0
     Update field time sigma = 0
     Total field time sigma  = 0
     Number of time indices = 0
     Number of time point samples = 0
Registration using 1 total stages.

Stage 0
  iterations = 0
  convergence threshold = 1e-06
  convergence window size = 10
  number of levels = 1
  using the Mattes MI metric (number of bins = 32, weight = 1, use gradient filter = 0)
  preprocessing:  winsorizing the image intensities
  Shrink factors (level 1 out of 1): [1, 1, 1]
  smoothing sigmas per level: [0]
  regular sampling (percentage = 0.25)

*** Running Euler3DTransform registration ***

  Elapsed time (stage 0): 1.13318


Total elapsed time: 1.13561
Info [verificarlo]: loaded backend libinterflop_vprec.so
Info [interflop-vprec]: load backend with: 
Info [interflop-vprec]: precision-binary32 = 7
Info [interflop-vprec]: range-binary32 = 7
Info [interflop-vprec]: precision-binary64 = 7
Info [interflop-vprec]: range-binary64 = 7
Info [interflop-vprec]: mode = ob
Info [interflop-vprec]: error-mode = rel
Info [interflop-vprec]: max-abs-error-exponent = -1022
Info [interflop-vprec]: daz = false
Info [interflop-vprec]: ftz = false
Info [interflop-vprec]: 	instrument = none
Info [interflop-vprec]: 	prec-input-file = (null)
Info [interflop-vprec]: 	prec-output-file = (null)
Info [interflop-vprec]: 	prec-log-file = (null)
All_Command_lines_OK
Using double precision for computations.
=============================================================================
The composite transform comprises the following transforms (in order): 
  1. /home/mdugre/scratch/mri-registration-rp/datasets/ds004513/derivatives/mri-registration-rp/0100/antsRegistration-r7-p7/sub-s025/align_Composite.h5[0] (type = Euler3DTransform)
  2. /home/mdugre/scratch/mri-registration-rp/datasets/ds004513/derivatives/mri-registration-rp/0100/antsRegistration-r7-p7/sub-s025/align_Composite.h5[1] (type = Euler3DTransform)
=============================================================================
  number of levels = 4
  fixed image: /templateflow/tpl-MNI152NLin2009cAsym/tpl-MNI152NLin2009cAsym_res-01_desc-brain_T1w.nii.gz
  moving image: /home/mdugre/scratch/mri-registration-rp/datasets/ds004513/derivatives/mri-registration-rp/antsBrainExtraction/sub-s025/BrainExtractionBrain.nii.gz
Dimension = 3
Number of stages = 1
Use histogram matching = false
Winsorize image intensities = true
  Lower quantile = 0.005
  Upper quantile = 0.995


Stage 1 State
   Image metric = MattesMI
     Fixed image = Image (0x39191e0)
  RTTI typeinfo:   itk::Image<double, 3u>
  Reference Count: 2
  Modified Time: 1578
  Debug: Off
  Object Name: 
  Observers: 
    none
  Source: (none)
  Source output name: (none)
  Release Data: Off
  Data Released: False
  Global Release Data: Off
  PipelineMTime: 0
  UpdateMTime: 1189
  RealTimeStamp: 0 seconds 
  LargestPossibleRegion: 
    Dimension: 3
    Index: [0, 0, 0]
    Size: [193, 229, 193]
  BufferedRegion: 
    Dimension: 3
    Index: [0, 0, 0]
    Size: [193, 229, 193]
  RequestedRegion: 
    Dimension: 3
    Index: [0, 0, 0]
    Size: [193, 229, 193]
  Spacing: [1, 1, 1]
  Origin: [96, 132, -78]
  Direction: 
-1 0 0
0 -1 0
0 0 1

  IndexToPointMatrix: 
-1 0 0
0 -1 0
0 0 1

  PointToIndexMatrix: 
-1 0 0
0 -1 0
0 0 1

  Inverse Direction: 
-1 0 0
0 -1 0
0 0 1

  PixelContainer: 
    ImportImageContainer (0x39d8680)
      RTTI typeinfo:   itk::ImportImageContainer<unsigned long, double>
      Reference Count: 1
      Modified Time: 1186
      Debug: Off
      Object Name: 
      Observers: 
        none
      Pointer: 0x1543dbcb9010
      Container manages memory: true
      Size: 8530021
      Capacity: 8530021

     Moving image = Image (0x39d4b20)
  RTTI typeinfo:   itk::Image<double, 3u>
  Reference Count: 2
  Modified Time: 1579
  Debug: Off
  Object Name: 
  Observers: 
    none
  Source: (none)
  Source output name: (none)
  Release Data: Off
  Data Released: False
  Global Release Data: Off
  PipelineMTime: 0
  UpdateMTime: 1576
  RealTimeStamp: 0 seconds 
  LargestPossibleRegion: 
    Dimension: 3
    Index: [0, 0, 0]
    Size: [176, 240, 256]
  BufferedRegion: 
    Dimension: 3
    Index: [0, 0, 0]
    Size: [176, 240, 256]
  RequestedRegion: 
    Dimension: 3
    Index: [0, 0, 0]
    Size: [176, 240, 256]
  Spacing: [1, 1, 1]
  Origin: [90.5, 84.5, -154]
  Direction: 
-1 7.48038e-06 -0.0349121
-7.48038e-06 -1 -2.79397e-07
-0.0349121 -1.86265e-08 1

  IndexToPointMatrix: 
-1 7.48038e-06 -0.0349121
-7.48038e-06 -1 -2.79397e-07
-0.0349121 -1.86265e-08 1

  PointToIndexMatrix: 
-1 -7.48038e-06 -0.0349121
7.48038e-06 -1 -1.86265e-08
-0.0349121 -2.79397e-07 1

  Inverse Direction: 
-1 -7.48038e-06 -0.0349121
7.48038e-06 -1 -1.86265e-08
-0.0349121 -2.79397e-07 1

  PixelContainer: 
    ImportImageContainer (0x3a3dd50)
      RTTI typeinfo:   itk::ImportImageContainer<unsigned long, double>
      Reference Count: 1
      Modified Time: 1573
      Debug: Off
      Object Name: 
      Observers: 
        none
      Pointer: 0x1543d6a38010
      Container manages memory: true
      Size: 10813440
      Capacity: 10813440

     Weighting = 1
     Sampling strategy = regular
     Number of bins = 32
     Radius = 4
     Sampling percentage  = 0.25
   Transform = Rigid
     Gradient step = 0.1
     Update field sigma (voxel space) = 0
     Total field sigma (voxel space) = 0
     Update field time sigma = 0
     Total field time sigma  = 0
     Number of time indices = 0
     Number of time point samples = 0
Registration using 1 total stages.

Stage 0
  iterations = 1000x500x250x100
  convergence threshold = 1e-06
  convergence window size = 10
  number of levels = 4
  using the Mattes MI metric (number of bins = 32, weight = 1, use gradient filter = 0)
  preprocessing:  winsorizing the image intensities
  Shrink factors (level 1 out of 4): [8, 8, 8]
  Shrink factors (level 2 out of 4): [4, 4, 4]
  Shrink factors (level 3 out of 4): [2, 2, 2]
  Shrink factors (level 4 out of 4): [1, 1, 1]
  smoothing sigmas per level: [3, 2, 1, 0]
  regular sampling (percentage = 0.25)

*** Running Euler3DTransform registration ***

DIAGNOSTIC,Iteration,metricValue,convergenceValue,ITERATION_TIME_INDEX,SINCE_LAST
 2DIAGNOSTIC,     1, -5.473195479759e-01, 1.797693134862e+308, 0.0000e+00, 0.0000e+00, 
 2DIAGNOSTIC,     2, -5.475096203126e-01, 1.797693134862e+308, 0.0000e+00, 0.0000e+00, 
 2DIAGNOSTIC,     3, -5.476967766003e-01, 1.797693134862e+308, 0.0000e+00, 0.0000e+00, 
 2DIAGNOSTIC,     4, -5.478300116589e-01, 1.797693134862e+308, 0.0000e+00, 0.0000e+00, 
 2DIAGNOSTIC,     5, -5.478710734133e-01, 1.797693134862e+308, 0.0000e+00, 0.0000e+00, 
 2DIAGNOSTIC,     6, -5.479536105510e-01, 1.797693134862e+308, 0.0000e+00, 0.0000e+00, 
 2DIAGNOSTIC,     7, -5.467839603611e-01, 1.797693134862e+308, 0.0000e+00, 0.0000e+00, 
 2DIAGNOSTIC,     8, -5.468156178233e-01, 1.797693134862e+308, 0.0000e+00, 0.0000e+00, 
 2DIAGNOSTIC,     9, -5.467165588649e-01, 1.797693134862e+308, 0.0000e+00, 0.0000e+00, 
DIAGNOSTIC,Iteration,metricValue,convergenceValue,ITERATION_TIME_INDEX,SINCE_LAST
 2DIAGNOSTIC,     1, -4.288349626609e-01, 1.797693134862e+308, 0.0000e+00, 0.0000e+00, 
 2DIAGNOSTIC,     2, -4.291126872488e-01, 1.797693134862e+308, 0.0000e+00, 0.0000e+00, 
 2DIAGNOSTIC,     3, -4.291994612392e-01, 1.797693134862e+308, 0.0000e+00, 0.0000e+00, 
 2DIAGNOSTIC,     4, -4.293688586977e-01, 1.797693134862e+308, 0.0000e+00, 0.0000e+00, 
 2DIAGNOSTIC,     5, -4.294906751342e-01, 1.797693134862e+308, 0.0000e+00, 0.0000e+00, 
 2DIAGNOSTIC,     6, -4.294456164312e-01, 1.797693134862e+308, 0.0000e+00, 0.0000e+00, 
 2DIAGNOSTIC,     7, -4.294807571603e-01, 1.797693134862e+308, 0.0000e+00, 0.0000e+00, 
 2DIAGNOSTIC,     8, -4.294578494561e-01, 1.797693134862e+308, 0.0000e+00, 0.0000e+00, 
 2DIAGNOSTIC,     9, -4.294578150863e-01, 1.797693134862e+308, 0.0000e+00, 0.0000e+00, 
 2DIAGNOSTIC,    10, -4.294286806823e-01, 7.417943107721e-05, 0.0000e+00, 0.0000e+00, 
 2DIAGNOSTIC,    11, -4.294027338593e-01, 3.266101027287e-05, 0.0000e+00, 0.0000e+00, 
 2DIAGNOSTIC,    12, -4.294021068977e-01, 1.051028200102e-05, 0.0000e+00, 0.0000e+00, 
DIAGNOSTIC,Iteration,metricValue,convergenceValue,ITERATION_TIME_INDEX,SINCE_LAST
 2DIAGNOSTIC,     1, -3.751050479985e-01, 1.797693134862e+308, 0.0000e+00, 0.0000e+00, 
 2DIAGNOSTIC,     2, -3.753118325571e-01, 1.797693134862e+308, 0.0000e+00, 0.0000e+00, 
 2DIAGNOSTIC,     3, -3.758238592538e-01, 1.797693134862e+308, 0.0000e+00, 0.0000e+00, 
 2DIAGNOSTIC,     4, -3.766063468294e-01, 1.797693134862e+308, 0.0000e+00, 0.0000e+00, 
 2DIAGNOSTIC,     5, -3.777293625572e-01, 1.797693134862e+308, 0.0000e+00, 0.0000e+00, 
 2DIAGNOSTIC,     6, -3.797017798769e-01, 1.797693134862e+308, 0.0000e+00, 0.0000e+00, 
 2DIAGNOSTIC,     7, -3.825170716284e-01, 1.797693134862e+308, 0.0000e+00, 0.0000e+00, 
 2DIAGNOSTIC,     8, -3.898337861938e-01, 1.797693134862e+308, 0.0000e+00, 0.0000e+00, 
 2DIAGNOSTIC,     9, -3.999158338123e-01, 1.797693134862e+308, 0.0000e+00, 0.0000e+00, 
 2DIAGNOSTIC,    10, -4.154331905348e-01, 5.515580197474e-03, 0.0000e+00, 0.0000e+00, 
 2DIAGNOSTIC,    11, -4.599544559631e-01, 9.341399063031e-03, 0.0000e+00, 0.0000e+00, 
 2DIAGNOSTIC,    12, -5.147442040826e-01, 1.465243502291e-02, 0.0000e+00, 0.0000e+00, 
 2DIAGNOSTIC,    13, -5.290476720925e-01, 1.833411810669e-02, 0.0000e+00, 0.0000e+00, 
 2DIAGNOSTIC,    14, -5.270316641539e-01, 1.970300653309e-02, 0.0000e+00, 0.0000e+00, 
 2DIAGNOSTIC,    15, -5.271551362028e-01, 1.916491961456e-02, 0.0000e+00, 0.0000e+00, 
 2DIAGNOSTIC,    16, -5.272137097750e-01, 1.703470881191e-02, 0.0000e+00, 0.0000e+00, 
 2DIAGNOSTIC,    17, -5.289429796481e-01, 1.379188274382e-02, 0.0000e+00, 0.0000e+00, 
 2DIAGNOSTIC,    18, -5.290088375975e-01, 9.984322950305e-03, 0.0000e+00, 0.0000e+00, 
 2DIAGNOSTIC,    19, -5.289451071599e-01, 6.098882339380e-03, 0.0000e+00, 0.0000e+00, 
 2DIAGNOSTIC,    20, -5.289680397333e-01, 2.582050484111e-03, 0.0000e+00, 0.0000e+00, 
 2DIAGNOSTIC,    21, -5.290236992899e-01, 4.949008254853e-04, 0.0000e+00, 0.0000e+00, 
 2DIAGNOSTIC,    22, -5.290359656342e-01, 1.073843243827e-04, 0.0000e+00, 0.0000e+00, 
 2DIAGNOSTIC,    23, -5.290359656342e-01, 1.313363769854e-04, 0.0000e+00, 0.0000e+00, 
 2DIAGNOSTIC,    24, -5.290359656342e-01, 9.028774639856e-05, 0.0000e+00, 0.0000e+00, 
 2DIAGNOSTIC,    25, -5.290359656342e-01, 4.791738493651e-05, 0.0000e+00, 0.0000e+00, 
 2DIAGNOSTIC,    26, -5.290359656342e-01, 4.974551449884e-06, 0.0000e+00, 0.0000e+00, 
 2DIAGNOSTIC,    27, -5.290359656342e-01, 3.562031351469e-06, 0.0000e+00, 0.0000e+00, 
 2DIAGNOSTIC,    28, -5.290359656342e-01, 3.396160938855e-06, 0.0000e+00, 0.0000e+00, 
 2DIAGNOSTIC,    29, -5.290359656342e-01, 1.616692663374e-06, 0.0000e+00, 0.0000e+00, 
DIAGNOSTIC,Iteration,metricValue,convergenceValue,ITERATION_TIME_INDEX,SINCE_LAST
 2DIAGNOSTIC,     1, -4.760187648832e-01, 1.797693134862e+308, 0.0000e+00, 0.0000e+00, 
 2DIAGNOSTIC,     2, -4.760187648832e-01, 1.797693134862e+308, 0.0000e+00, 0.0000e+00, 
 2DIAGNOSTIC,     3, -4.760187648832e-01, 1.797693134862e+308, 0.0000e+00, 0.0000e+00, 
 2DIAGNOSTIC,     4, -4.760187648832e-01, 1.797693134862e+308, 0.0000e+00, 0.0000e+00, 
 2DIAGNOSTIC,     5, -4.760187648832e-01, 1.797693134862e+308, 0.0000e+00, 0.0000e+00, 
 2DIAGNOSTIC,     6, -4.760187648832e-01, 1.797693134862e+308, 0.0000e+00, 0.0000e+00, 
 2DIAGNOSTIC,     7, -4.760187648832e-01, 1.797693134862e+308, 0.0000e+00, 0.0000e+00, 
 2DIAGNOSTIC,     8, -4.760187648832e-01, 1.797693134862e+308, 0.0000e+00, 0.0000e+00, 
 2DIAGNOSTIC,     9, -4.760187648832e-01, 1.797693134862e+308, 0.0000e+00, 0.0000e+00, 
  Elapsed time (stage 0): 0.0000e+00


Total elapsed time: 0.0000e+00
Info [verificarlo]: loaded backend libinterflop_ieee.so
Info [interflop-ieee]: load backend with:
Info [interflop-ieee]: debug = false
Info [interflop-ieee]: debug-binary = false
Info [interflop-ieee]: no-backend-name = false
Info [interflop-ieee]: print-new-line = false
Info [interflop-ieee]: print-subnormal-normalized = false
Info [interflop-ieee]: count-op = false
All_Command_lines_OK
Using double precision for computations.
=============================================================================
The composite transform comprises the following transforms (in order): 
  1. /home/mdugre/scratch/mri-registration-rp/datasets/ds004513/derivatives/mri-registration-rp/0100/antsRegistration-r7-p7/sub-s025/rigid_Composite.h5[0] (type = Euler3DTransform)
  2. /home/mdugre/scratch/mri-registration-rp/datasets/ds004513/derivatives/mri-registration-rp/0100/antsRegistration-r7-p7/sub-s025/rigid_Composite.h5[1] (type = Euler3DTransform)
  3. /home/mdugre/scratch/mri-registration-rp/datasets/ds004513/derivatives/mri-registration-rp/0100/antsRegistration-r7-p7/sub-s025/rigid_Composite.h5[2] (type = Euler3DTransform)
=============================================================================
  number of levels = 4
  fixed image: /templateflow/tpl-MNI152NLin2009cAsym/tpl-MNI152NLin2009cAsym_res-01_desc-brain_T1w.nii.gz
  moving image: /home/mdugre/scratch/mri-registration-rp/datasets/ds004513/derivatives/mri-registration-rp/antsBrainExtraction/sub-s025/BrainExtractionBrain.nii.gz
Dimension = 3
Number of stages = 1
Use histogram matching = false
Winsorize image intensities = true
  Lower quantile = 0.005
  Upper quantile = 0.995


Stage 1 State
   Image metric = MattesMI
     Fixed image = Image (0x384a530)
  RTTI typeinfo:   itk::Image<double, 3u>
  Reference Count: 2
  Modified Time: 1594
  Debug: Off
  Object Name: 
  Observers: 
    none
  Source: (none)
  Source output name: (none)
  Release Data: Off
  Data Released: False
  Global Release Data: Off
  PipelineMTime: 0
  UpdateMTime: 1203
  RealTimeStamp: 0 seconds 
  LargestPossibleRegion: 
    Dimension: 3
    Index: [0, 0, 0]
    Size: [193, 229, 193]
  BufferedRegion: 
    Dimension: 3
    Index: [0, 0, 0]
    Size: [193, 229, 193]
  RequestedRegion: 
    Dimension: 3
    Index: [0, 0, 0]
    Size: [193, 229, 193]
  Spacing: [1, 1, 1]
  Origin: [96, 132, -78]
  Direction: 
-1 0 0
0 -1 0
0 0 1

  IndexToPointMatrix: 
-1 0 0
0 -1 0
0 0 1

  PointToIndexMatrix: 
-1 0 0
0 -1 0
0 0 1

  Inverse Direction: 
-1 0 0
0 -1 0
0 0 1

  PixelContainer: 
    ImportImageContainer (0x38572b0)
      RTTI typeinfo:   itk::ImportImageContainer<unsigned long, double>
      Reference Count: 1
      Modified Time: 1200
      Debug: Off
      Object Name: 
      Observers: 
        none
      Pointer: 0x14b34c7fe010
      Container manages memory: true
      Size: 8530021
      Capacity: 8530021

     Moving image = Image (0x3905fd0)
  RTTI typeinfo:   itk::Image<double, 3u>
  Reference Count: 2
  Modified Time: 1595
  Debug: Off
  Object Name: 
  Observers: 
    none
  Source: (none)
  Source output name: (none)
  Release Data: Off
  Data Released: False
  Global Release Data: Off
  PipelineMTime: 0
  UpdateMTime: 1592
  RealTimeStamp: 0 seconds 
  LargestPossibleRegion: 
    Dimension: 3
    Index: [0, 0, 0]
    Size: [176, 240, 256]
  BufferedRegion: 
    Dimension: 3
    Index: [0, 0, 0]
    Size: [176, 240, 256]
  RequestedRegion: 
    Dimension: 3
    Index: [0, 0, 0]
    Size: [176, 240, 256]
  Spacing: [0.999999, 1, 1]
  Origin: [90.3778, 84.5091, -154.071]
  Direction: 
-0.999391 7.48184e-06 -0.0348969
-7.47664e-06 -1 -2.7953e-07
-0.0348969 -1.84481e-08 0.999391

  IndexToPointMatrix: 
-0.99939 7.48184e-06 -0.0348969
-7.47663e-06 -1 -2.7953e-07
-0.0348968 -1.84481e-08 0.999391

  PointToIndexMatrix: 
-0.999392 -7.47665e-06 -0.0348969
7.48184e-06 -1 -1.84481e-08
-0.0348969 -2.7953e-07 0.999391

  Inverse Direction: 
-0.999391 -7.47664e-06 -0.0348969
7.48184e-06 -1 -1.84481e-08
-0.0348969 -2.7953e-07 0.999391

  PixelContainer: 
    ImportImageContainer (0x39a1650)
      RTTI typeinfo:   itk::ImportImageContainer<unsigned long, double>
      Reference Count: 1
      Modified Time: 1589
      Debug: Off
      Object Name: 
      Observers: 
        none
      Pointer: 0x14b34757d010
      Container manages memory: true
      Size: 10813440
      Capacity: 10813440

     Weighting = 1
     Sampling strategy = regular
     Number of bins = 32
     Radius = 4
     Sampling percentage  = 0.25
   Transform = Affine
     Gradient step = 0.1
     Update field sigma (voxel space) = 0
     Total field sigma (voxel space) = 0
     Update field time sigma = 0
     Total field time sigma  = 0
     Number of time indices = 0
     Number of time point samples = 0
Registration using 1 total stages.

Stage 0
  iterations = 1000x500x250x100
  convergence threshold = 1e-06
  convergence window size = 10
  number of levels = 4
  using the Mattes MI metric (number of bins = 32, weight = 1, use gradient filter = 0)
  preprocessing:  winsorizing the image intensities
  Shrink factors (level 1 out of 4): [8, 8, 8]
  Shrink factors (level 2 out of 4): [4, 4, 4]
  Shrink factors (level 3 out of 4): [2, 2, 2]
  Shrink factors (level 4 out of 4): [1, 1, 1]
  smoothing sigmas per level: [3, 2, 1, 0]
  regular sampling (percentage = 0.25)

*** Running AffineTransform registration ***

DIAGNOSTIC,Iteration,metricValue,convergenceValue,ITERATION_TIME_INDEX,SINCE_LAST
 2DIAGNOSTIC,     1, -7.345360121358e-01, 1.797693134862e+308, 1.2671e+00, 1.2671e+00, 
 2DIAGNOSTIC,     2, -7.365242023747e-01, 1.797693134862e+308, 1.2734e+00, 6.3388e-03, 
 2DIAGNOSTIC,     3, -7.402587778425e-01, 1.797693134862e+308, 1.2803e+00, 6.8941e-03, 
 2DIAGNOSTIC,     4, -7.475461792761e-01, 1.797693134862e+308, 1.2866e+00, 6.3419e-03, 
 2DIAGNOSTIC,     5, -7.599401736188e-01, 1.797693134862e+308, 1.2924e+00, 5.7201e-03, 
 2DIAGNOSTIC,     6, -7.716235077443e-01, 1.797693134862e+308, 1.2986e+00, 6.2780e-03, 
 2DIAGNOSTIC,     7, -8.034426946272e-01, 1.797693134862e+308, 1.3058e+00, 7.1800e-03, 
 2DIAGNOSTIC,     8, -8.792329171583e-01, 1.797693134862e+308, 1.3131e+00, 7.2620e-03, 
 2DIAGNOSTIC,     9, -9.085737550308e-01, 1.797693134862e+308, 1.3191e+00, 5.9750e-03, 
 2DIAGNOSTIC,    10, -9.137476822624e-01, 1.618113952721e-02, 1.3257e+00, 6.6829e-03, 
 2DIAGNOSTIC,    11, -9.169456685503e-01, 1.613867207371e-02, 1.3322e+00, 6.4690e-03, 
 2DIAGNOSTIC,    12, -9.207316134110e-01, 1.482754122400e-02, 1.3382e+00, 5.9850e-03, 
 2DIAGNOSTIC,    13, -9.271070823042e-01, 1.263868937275e-02, 1.3468e+00, 8.5762e-03, 
 2DIAGNOSTIC,    14, -9.301732499520e-01, 9.894244387914e-03, 1.3540e+00, 7.2472e-03, 
 2DIAGNOSTIC,    15, -9.320261711353e-01, 7.003260007865e-03, 1.3609e+00, 6.8879e-03, 
 2DIAGNOSTIC,    16, -9.320262512643e-01, 4.127190085007e-03, 1.3677e+00, 6.8009e-03, 
 2DIAGNOSTIC,    17, -9.340591207981e-01, 1.872960561037e-03, 1.3746e+00, 6.8660e-03, 
 2DIAGNOSTIC,    18, -9.344190936089e-01, 1.106783292325e-03, 1.3809e+00, 6.3639e-03, 
 2DIAGNOSTIC,    19, -9.353133647408e-01, 8.495103329056e-04, 1.3884e+00, 7.4630e-03, 
 2DIAGNOSTIC,    20, -9.361038483791e-01, 6.400701875275e-04, 1.3944e+00, 6.0160e-03, 
 2DIAGNOSTIC,    21, -9.362952312832e-01, 4.457041014598e-04, 1.4014e+00, 6.9780e-03, 
 2DIAGNOSTIC,    22, -9.363808040659e-01, 2.844512809557e-04, 1.4073e+00, 5.9259e-03, 
 2DIAGNOSTIC,    23, -9.368528781337e-01, 2.076502442291e-04, 1.4139e+00, 6.6271e-03, 
 2DIAGNOSTIC,    24, -9.381952154962e-01, 1.772979406599e-04, 1.4324e+00, 1.8433e-02, 
 2DIAGNOSTIC,    25, -9.381951811208e-01, 1.567883988342e-04, 1.4383e+00, 5.9240e-03, 
 2DIAGNOSTIC,    26, -9.381952291202e-01, 1.231051429700e-04, 1.4444e+00, 6.0861e-03, 
 2DIAGNOSTIC,    27, -9.381953102729e-01, 1.052173173579e-04, 1.4504e+00, 5.9741e-03, 
 2DIAGNOSTIC,    28, -9.381954474533e-01, 8.272433577221e-05, 1.4563e+00, 5.9469e-03, 
 2DIAGNOSTIC,    29, -9.381956792872e-01, 6.358851436058e-05, 1.4623e+00, 5.9860e-03, 
 2DIAGNOSTIC,    30, -9.381960709266e-01, 4.831561859998e-05, 1.4682e+00, 5.9059e-03, 
 2DIAGNOSTIC,    31, -9.381967320761e-01, 3.185656021586e-05, 1.4740e+00, 5.8520e-03, 
 2DIAGNOSTIC,    32, -9.381978469206e-01, 1.445719248857e-05, 1.4799e+00, 5.8551e-03, 
 2DIAGNOSTIC,    33, -9.381997226760e-01, 1.091999309970e-06, 1.4863e+00, 6.4380e-03, 
 2DIAGNOSTIC,    34, -9.382028676783e-01, 1.112252818319e-06, 1.4925e+00, 6.1440e-03, 
 2DIAGNOSTIC,    35, -9.382081148923e-01, 1.165552404564e-06, 1.4988e+00, 6.2671e-03, 
 2DIAGNOSTIC,    36, -9.382167884534e-01, 1.271333804856e-06, 1.5046e+00, 5.8310e-03, 
 2DIAGNOSTIC,    37, -9.382309606762e-01, 1.458653593637e-06, 1.5107e+00, 6.1018e-03, 
 2DIAGNOSTIC,    38, -9.382536618491e-01, 1.770141414569e-06, 1.5169e+00, 6.2459e-03, 
 2DIAGNOSTIC,    39, -9.382887309135e-01, 2.262043580538e-06, 1.5227e+00, 5.8110e-03, 
 2DIAGNOSTIC,    40, -9.381802963586e-01, 1.737369713567e-06, 1.5286e+00, 5.8079e-03, 
 2DIAGNOSTIC,    41, -9.382531989797e-01, 1.746315445021e-06, 1.5344e+00, 5.8379e-03, 
 2DIAGNOSTIC,    42, -9.383540329650e-01, 2.405784829476e-06, 1.5407e+00, 6.3479e-03, 
 2DIAGNOSTIC,    43, -9.383623732707e-01, 2.922675832701e-06, 1.5472e+00, 6.4740e-03, 
 2DIAGNOSTIC,    44, -9.384125379282e-01, 3.604855715905e-06, 1.5550e+00, 7.8371e-03, 
 2DIAGNOSTIC,    45, -9.382895542913e-01, 3.175696530681e-06, 1.5609e+00, 5.8200e-03, 
 2DIAGNOSTIC,    46, -9.382998553680e-01, 2.685461348927e-06, 1.5667e+00, 5.7819e-03, 
 2DIAGNOSTIC,    47, -9.383303065360e-01, 2.292881745244e-06, 1.5733e+00, 6.6948e-03, 
 2DIAGNOSTIC,    48, -9.383639454919e-01, 2.102465578323e-06, 1.5794e+00, 6.0718e-03, 
 2DIAGNOSTIC,    49, -9.382463644108e-01, 1.288019092677e-06, 1.5931e+00, 1.3727e-02, 
DIAGNOSTIC,Iteration,metricValue,convergenceValue,ITERATION_TIME_INDEX,SINCE_LAST
 2DIAGNOSTIC,     1, -7.505354843957e-01, 1.797693134862e+308, 2.3235e+00, 7.3040e-01, 
 2DIAGNOSTIC,     2, -7.509437085466e-01, 1.797693134862e+308, 2.3614e+00, 3.7847e-02, 
 2DIAGNOSTIC,     3, -7.513975214469e-01, 1.797693134862e+308, 2.3983e+00, 3.6930e-02, 
 2DIAGNOSTIC,     4, -7.520624003281e-01, 1.797693134862e+308, 2.4295e+00, 3.1159e-02, 
 2DIAGNOSTIC,     5, -7.533533580436e-01, 1.797693134862e+308, 2.4707e+00, 4.1219e-02, 
 2DIAGNOSTIC,     6, -7.544716844651e-01, 1.797693134862e+308, 2.5501e+00, 7.9363e-02, 
 2DIAGNOSTIC,     7, -7.544872999987e-01, 1.797693134862e+308, 2.5855e+00, 3.5478e-02, 
 2DIAGNOSTIC,     8, -7.544897362598e-01, 1.797693134862e+308, 2.6182e+00, 3.2619e-02, 
 2DIAGNOSTIC,     9, -7.544941693582e-01, 1.797693134862e+308, 2.6548e+00, 3.6621e-02, 
 2DIAGNOSTIC,    10, -7.545014771398e-01, 4.015516965403e-04, 2.6915e+00, 3.6712e-02, 
 2DIAGNOSTIC,    11, -7.545133694815e-01, 2.952185901580e-04, 2.7253e+00, 3.3861e-02, 
 2DIAGNOSTIC,    12, -7.545472117246e-01, 1.946851939274e-04, 2.7622e+00, 3.6805e-02, 
 2DIAGNOSTIC,    13, -7.545724761946e-01, 1.066106908822e-04, 2.8041e+00, 4.1904e-02, 
 2DIAGNOSTIC,    14, -7.546185832310e-01, 4.019816605176e-05, 2.8441e+00, 4.0071e-02, 
 2DIAGNOSTIC,    15, -7.546369328085e-01, 1.129446823625e-05, 2.8851e+00, 4.0954e-02, 
 2DIAGNOSTIC,    16, -7.546556887638e-01, 1.196221529737e-05, 2.9220e+00, 3.6961e-02, 
 2DIAGNOSTIC,    17, -7.547168610552e-01, 1.333272805573e-05, 2.9617e+00, 3.9611e-02, 
 2DIAGNOSTIC,    18, -7.547745445961e-01, 1.471385524104e-05, 3.0017e+00, 4.0073e-02, 
 2DIAGNOSTIC,    19, -7.547674799363e-01, 1.467668084220e-05, 3.0423e+00, 4.0590e-02, 
 2DIAGNOSTIC,    20, -7.547802333793e-01, 1.384767861833e-05, 3.0859e+00, 4.3549e-02, 
 2DIAGNOSTIC,    21, -7.547788779524e-01, 1.214456523740e-05, 3.1199e+00, 3.3988e-02, 
 2DIAGNOSTIC,    22, -7.547563626434e-01, 9.779235570884e-06, 3.1536e+00, 3.3705e-02, 
 2DIAGNOSTIC,    23, -7.548034605169e-01, 8.007564028620e-06, 3.1890e+00, 3.5463e-02, 
 2DIAGNOSTIC,    24, -7.548345601218e-01, 6.958299804398e-06, 3.2331e+00, 4.4060e-02, 
 2DIAGNOSTIC,    25, -7.548497030502e-01, 5.973247482922e-06, 3.2714e+00, 3.8295e-02, 
 2DIAGNOSTIC,    26, -7.548444329420e-01, 4.811676684119e-06, 3.3120e+00, 4.0648e-02, 
 2DIAGNOSTIC,    27, -7.548363827871e-01, 4.133130806848e-06, 3.3539e+00, 4.1850e-02, 
 2DIAGNOSTIC,    28, -7.548274017364e-01, 3.878953964129e-06, 3.3946e+00, 4.0675e-02, 
 2DIAGNOSTIC,    29, -7.548181910379e-01, 3.153257229174e-06, 3.4307e+00, 3.6159e-02, 
 2DIAGNOSTIC,    30, -7.548097653840e-01, 2.338610635026e-06, 3.4668e+00, 3.6086e-02, 
 2DIAGNOSTIC,    31, -7.548051505354e-01, 1.404555949644e-06, 3.5038e+00, 3.6961e-02, 
DIAGNOSTIC,Iteration,metricValue,convergenceValue,ITERATION_TIME_INDEX,SINCE_LAST
 2DIAGNOSTIC,     1, -6.416447407696e-01, 1.797693134862e+308, 4.7637e+00, 1.2600e+00, 
 2DIAGNOSTIC,     2, -6.420738737044e-01, 1.797693134862e+308, 5.0650e+00, 3.0130e-01, 
 2DIAGNOSTIC,     3, -6.425530696935e-01, 1.797693134862e+308, 5.3444e+00, 2.7938e-01, 
 2DIAGNOSTIC,     4, -6.430658017337e-01, 1.797693134862e+308, 5.6264e+00, 2.8201e-01, 
 2DIAGNOSTIC,     5, -6.437915484223e-01, 1.797693134862e+308, 5.9164e+00, 2.8996e-01, 
 2DIAGNOSTIC,     6, -6.448994965453e-01, 1.797693134862e+308, 6.3042e+00, 3.8776e-01, 
 2DIAGNOSTIC,     7, -6.449210666577e-01, 1.797693134862e+308, 7.1539e+00, 8.4975e-01, 
 2DIAGNOSTIC,     8, -6.449229172080e-01, 1.797693134862e+308, 7.5436e+00, 3.8973e-01, 
 2DIAGNOSTIC,     9, -6.449232894269e-01, 1.797693134862e+308, 7.8942e+00, 3.5055e-01, 
 2DIAGNOSTIC,    10, -6.449208029145e-01, 3.774853505756e-04, 8.2335e+00, 3.3931e-01, 
 2DIAGNOSTIC,    11, -6.449183873334e-01, 2.737107861746e-04, 8.5715e+00, 3.3800e-01, 
 2DIAGNOSTIC,    12, -6.449160544774e-01, 1.786679862321e-04, 8.8752e+00, 3.0374e-01, 
 2DIAGNOSTIC,    13, -6.449140787333e-01, 9.898359317029e-05, 9.1706e+00, 2.9540e-01, 
 2DIAGNOSTIC,    14, -6.449169778827e-01, 3.795733108590e-05, 9.4580e+00, 2.8733e-01, 
 2DIAGNOSTIC,    15, -6.449166007642e-01, 2.227587288822e-06, 9.7502e+00, 2.9223e-01, 
 2DIAGNOSTIC,    16, -6.449192950529e-01, 1.569951855060e-06, 1.0073e+01, 3.2258e-01, 
 2DIAGNOSTIC,    17, -6.449176517320e-01, 1.543817127067e-06, 1.0450e+01, 3.7761e-01, 
 2DIAGNOSTIC,    18, -6.449163932136e-01, 1.566118243590e-06, 1.0784e+01, 3.3372e-01, 
 2DIAGNOSTIC,    19, -6.449131362694e-01, 1.538459511841e-06, 1.1118e+01, 3.3361e-01, 
 2DIAGNOSTIC,    20, -6.449129182879e-01, 1.467684381494e-06, 1.1449e+01, 3.3109e-01, 
 2DIAGNOSTIC,    21, -6.449139802772e-01, 1.386776019796e-06, 1.1780e+01, 3.3135e-01, 
 2DIAGNOSTIC,    22, -6.449169119709e-01, 1.337735047985e-06, 1.2080e+01, 2.9968e-01, 
 2DIAGNOSTIC,    23, -6.449137259002e-01, 1.202705621997e-06, 1.2403e+01, 3.2276e-01, 
 2DIAGNOSTIC,    24, -6.449147814680e-01, 1.172666653927e-06, 1.2691e+01, 2.8872e-01, 
 2DIAGNOSTIC,    25, -6.449161023897e-01, 1.173884186641e-06, 1.3011e+01, 3.1973e-01, 
 2DIAGNOSTIC,    26, -6.449183397882e-01, 1.265862171605e-06, 1.3413e+01, 4.0159e-01, 
 2DIAGNOSTIC,    27, -6.449179322637e-01, 1.312320941305e-06, 1.3706e+01, 2.9343e-01, 
 2DIAGNOSTIC,    28, -6.449161002111e-01, 1.297464248005e-06, 1.3970e+01, 2.6417e-01, 
 2DIAGNOSTIC,    29, -6.449158835244e-01, 1.217769320355e-06, 1.4260e+01, 2.8987e-01, 
 2DIAGNOSTIC,    30, -6.449155173383e-01, 1.121906385591e-06, 1.4550e+01, 2.9026e-01, 
 2DIAGNOSTIC,    31, -6.449150186861e-01, 1.032079777523e-06, 1.4838e+01, 2.8754e-01, 
DIAGNOSTIC,Iteration,metricValue,convergenceValue,ITERATION_TIME_INDEX,SINCE_LAST
 2DIAGNOSTIC,     1, -5.762654422199e-01, 1.797693134862e+308, 1.7676e+01, 2.8384e+00, 
 2DIAGNOSTIC,     2, -5.767217320616e-01, 1.797693134862e+308, 1.9963e+01, 2.2869e+00, 
 2DIAGNOSTIC,     3, -5.772875333998e-01, 1.797693134862e+308, 2.2609e+01, 2.6460e+00, 
 2DIAGNOSTIC,     4, -5.779110547195e-01, 1.797693134862e+308, 2.5086e+01, 2.4766e+00, 
 2DIAGNOSTIC,     5, -5.794887193674e-01, 1.797693134862e+308, 2.9450e+01, 4.3639e+00, 
 2DIAGNOSTIC,     6, -5.794888094369e-01, 1.797693134862e+308, 3.1427e+01, 1.9775e+00, 
 2DIAGNOSTIC,     7, -5.794887548577e-01, 1.797693134862e+308, 3.3459e+01, 2.0321e+00, 
 2DIAGNOSTIC,     8, -5.794886567298e-01, 1.797693134862e+308, 3.5736e+01, 2.2766e+00, 
 2DIAGNOSTIC,     9, -5.794883846854e-01, 1.797693134862e+308, 3.7504e+01, 1.7681e+00, 
 2DIAGNOSTIC,    10, -5.794881323053e-01, 3.923529421112e-04, 3.9263e+01, 1.7587e+00, 
 2DIAGNOSTIC,    11, -5.794880131299e-01, 2.617266131034e-04, 4.1072e+01, 1.8089e+00, 
 2DIAGNOSTIC,    12, -5.794878902804e-01, 1.490639880822e-04, 4.3060e+01, 1.9885e+00, 
 2DIAGNOSTIC,    13, -5.794877641830e-01, 6.195065800732e-05, 4.4706e+01, 1.6459e+00, 
 2DIAGNOSTIC,    14, -5.794875044769e-01, 2.166944941304e-06, 4.6935e+01, 2.2285e+00, 
 2DIAGNOSTIC,    15, -5.794875345425e-01, 2.016846211178e-06, 4.8990e+01, 2.0559e+00, 
 2DIAGNOSTIC,    16, -5.794875705369e-01, 1.898930936065e-06, 5.0788e+01, 1.7975e+00, 
 2DIAGNOSTIC,    17, -5.794872933314e-01, 1.793536527538e-06, 5.2441e+01, 1.6528e+00, 
 2DIAGNOSTIC,    18, -5.794871824287e-01, 1.701921304928e-06, 5.4670e+01, 2.2289e+00, 
 2DIAGNOSTIC,    19, -5.794870668730e-01, 1.616379648045e-06, 5.6322e+01, 1.6523e+00, 
 2DIAGNOSTIC,    20, -5.794868078447e-01, 1.532301929751e-06, 5.8291e+01, 1.9694e+00, 
 2DIAGNOSTIC,    21, -5.794868570721e-01, 1.460202513251e-06, 6.0098e+01, 1.8072e+00, 
 2DIAGNOSTIC,    22, -5.794866398041e-01, 1.392271033823e-06, 6.1890e+01, 1.7914e+00, 
 2DIAGNOSTIC,    23, -5.794867804373e-01, 1.335988295437e-06, 6.4020e+01, 2.1305e+00, 
 2DIAGNOSTIC,    24, -5.794867066296e-01, 1.281931949718e-06, 6.6115e+01, 2.0950e+00, 
 2DIAGNOSTIC,    25, -5.794867628163e-01, 1.238040784488e-06, 6.7894e+01, 1.7784e+00, 
 2DIAGNOSTIC,    26, -5.794866925477e-01, 1.200296492330e-06, 6.9484e+01, 1.5904e+00, 
 2DIAGNOSTIC,    27, -5.794865269501e-01, 1.159593928331e-06, 7.1276e+01, 1.7913e+00, 
 2DIAGNOSTIC,    28, -5.794865111823e-01, 1.121478581147e-06, 7.3209e+01, 1.9331e+00, 
 2DIAGNOSTIC,    29, -5.794863449119e-01, 1.082705636986e-06, 7.5634e+01, 2.4259e+00, 
 2DIAGNOSTIC,    30, -5.794862277627e-01, 1.041762869539e-06, 7.7517e+01, 1.8826e+00, 
 2DIAGNOSTIC,    31, -5.794861066430e-01, 1.004287871267e-06, 7.9192e+01, 1.6753e+00, 
  Elapsed time (stage 0): 8.0261e+01


Total elapsed time: 8.0264e+01
Info [verificarlo]: loaded backend libinterflop_ieee.so
Info [interflop-ieee]: load backend with:
Info [interflop-ieee]: debug = false
Info [interflop-ieee]: debug-binary = false
Info [interflop-ieee]: no-backend-name = false
Info [interflop-ieee]: print-new-line = false
Info [interflop-ieee]: print-subnormal-normalized = false
Info [interflop-ieee]: count-op = false
All_Command_lines_OK
Using double precision for computations.
=============================================================================
The composite transform comprises the following transforms (in order): 
  1. /home/mdugre/scratch/mri-registration-rp/datasets/ds004513/derivatives/mri-registration-rp/0100/antsRegistration-r7-p7/sub-s025/affine_Composite.h5[0] (type = Euler3DTransform)
  2. /home/mdugre/scratch/mri-registration-rp/datasets/ds004513/derivatives/mri-registration-rp/0100/antsRegistration-r7-p7/sub-s025/affine_Composite.h5[1] (type = Euler3DTransform)
  3. /home/mdugre/scratch/mri-registration-rp/datasets/ds004513/derivatives/mri-registration-rp/0100/antsRegistration-r7-p7/sub-s025/affine_Composite.h5[2] (type = Euler3DTransform)
  4. /home/mdugre/scratch/mri-registration-rp/datasets/ds004513/derivatives/mri-registration-rp/0100/antsRegistration-r7-p7/sub-s025/affine_Composite.h5[3] (type = AffineTransform)
=============================================================================
  number of levels = 4
  fixed image: /templateflow/tpl-MNI152NLin2009cAsym/tpl-MNI152NLin2009cAsym_res-01_desc-brain_T1w.nii.gz
  moving image: /home/mdugre/scratch/mri-registration-rp/datasets/ds004513/derivatives/mri-registration-rp/antsBrainExtraction/sub-s025/BrainExtractionBrain.nii.gz
Dimension = 3
Number of stages = 1
Use histogram matching = false
Winsorize image intensities = true
  Lower quantile = 0.005
  Upper quantile = 0.995


Stage 1 State
   Image metric = CC
     Fixed image = Image (0x4127a40)
  RTTI typeinfo:   itk::Image<double, 3u>
  Reference Count: 2
  Modified Time: 1608
  Debug: Off
  Object Name: 
  Observers: 
    none
  Source: (none)
  Source output name: (none)
  Release Data: Off
  Data Released: False
  Global Release Data: Off
  PipelineMTime: 0
  UpdateMTime: 1217
  RealTimeStamp: 0 seconds 
  LargestPossibleRegion: 
    Dimension: 3
    Index: [0, 0, 0]
    Size: [193, 229, 193]
  BufferedRegion: 
    Dimension: 3
    Index: [0, 0, 0]
    Size: [193, 229, 193]
  RequestedRegion: 
    Dimension: 3
    Index: [0, 0, 0]
    Size: [193, 229, 193]
  Spacing: [1, 1, 1]
  Origin: [96, 132, -78]
  Direction: 
-1 0 0
0 -1 0
0 0 1

  IndexToPointMatrix: 
-1 0 0
0 -1 0
0 0 1

  PointToIndexMatrix: 
-1 0 0
0 -1 0
0 0 1

  Inverse Direction: 
-1 0 0
0 -1 0
0 0 1

  PixelContainer: 
    ImportImageContainer (0x41f5c30)
      RTTI typeinfo:   itk::ImportImageContainer<unsigned long, double>
      Reference Count: 1
      Modified Time: 1214
      Debug: Off
      Object Name: 
      Observers: 
        none
      Pointer: 0x1542955c3010
      Container manages memory: true
      Size: 8530021
      Capacity: 8530021

     Moving image = Image (0x41feb70)
  RTTI typeinfo:   itk::Image<double, 3u>
  Reference Count: 2
  Modified Time: 1609
  Debug: Off
  Object Name: 
  Observers: 
    none
  Source: (none)
  Source output name: (none)
  Release Data: Off
  Data Released: False
  Global Release Data: Off
  PipelineMTime: 0
  UpdateMTime: 1606
  RealTimeStamp: 0 seconds 
  LargestPossibleRegion: 
    Dimension: 3
    Index: [0, 0, 0]
    Size: [176, 240, 256]
  BufferedRegion: 
    Dimension: 3
    Index: [0, 0, 0]
    Size: [176, 240, 256]
  RequestedRegion: 
    Dimension: 3
    Index: [0, 0, 0]
    Size: [176, 240, 256]
  Spacing: [0.999999, 1, 1]
  Origin: [90.3778, 84.5091, -154.071]
  Direction: 
-0.999391 7.48184e-06 -0.0348969
-7.47664e-06 -1 -2.7953e-07
-0.0348969 -1.84481e-08 0.999391

  IndexToPointMatrix: 
-0.99939 7.48184e-06 -0.0348969
-7.47663e-06 -1 -2.7953e-07
-0.0348968 -1.84481e-08 0.999391

  PointToIndexMatrix: 
-0.999392 -7.47665e-06 -0.0348969
7.48184e-06 -1 -1.84481e-08
-0.0348969 -2.7953e-07 0.999391

  Inverse Direction: 
-0.999391 -7.47664e-06 -0.0348969
7.48184e-06 -1 -1.84481e-08
-0.0348969 -2.7953e-07 0.999391

  PixelContainer: 
    ImportImageContainer (0x421f5d0)
      RTTI typeinfo:   itk::ImportImageContainer<unsigned long, double>
      Reference Count: 1
      Modified Time: 1603
      Debug: Off
      Object Name: 
      Observers: 
        none
      Pointer: 0x154290342010
      Container manages memory: true
      Size: 10813440
      Capacity: 10813440

     Weighting = 1
     Sampling strategy = none
     Number of bins = 32
     Radius = 4
     Sampling percentage  = 1
   Transform = SyN
     Gradient step = 0.1
     Update field sigma (voxel space) = 3
