
##########################
# Experiment information #
##########################

EXPERIMENT_NAME: antsRegistration-r7-p8
VFC_BACKENDS: libinterflop_vprec.so --range-binary32=7 --precision-binary32=8 --range-binary64=7 --precision-binary64=8

SIF_IMG: /home/mdugre/projects/rrg-glatard/mdugre/containers/ants-vprec-no_metrics.simg

SUBJECT_ID: s037
INPUT_IMG: /home/mdugre/scratch/mri-registration-rp/datasets/ds004513/derivatives/mri-registration-rp/antsBrainExtraction/sub-s037/BrainExtractionBrain.nii.gz
OUTPUT_DIR: /home/mdugre/scratch/mri-registration-rp/datasets/ds004513/derivatives/mri-registration-rp/0100/antsRegistration-r7-p8/sub-s037

FIXED_IMG: /templateflow/tpl-MNI152NLin2009cAsym/tpl-MNI152NLin2009cAsym_res-01_desc-brain_T1w.nii.gz
DATA_DIR: /home/mdugre/scratch/mri-registration-rp/datasets/ds004513
TEMPLATEFLOW_DIR: /home/mdugre/projects/rrg-glatard/mdugre/templateflow
ITK_GLOBAL_DEFAULT_NUMBER_OF_THREADS: 16
##########################

Info [verificarlo]: loaded backend libinterflop_ieee.so
Info [interflop-ieee]: load backend with:
Info [interflop-ieee]: debug = false
Info [interflop-ieee]: debug-binary = false
Info [interflop-ieee]: no-backend-name = false
Info [interflop-ieee]: print-new-line = false
Info [interflop-ieee]: print-subnormal-normalized = false
Info [interflop-ieee]: count-op = false
All_Command_lines_OK
Using double precision for computations.
=============================================================================
The composite transform comprises the following transforms (in order): 
  1. Center of mass alignment using fixed image: /templateflow/tpl-MNI152NLin2009cAsym/tpl-MNI152NLin2009cAsym_res-01_desc-brain_T1w.nii.gz and moving image: /home/mdugre/scratch/mri-registration-rp/datasets/ds004513/derivatives/mri-registration-rp/antsBrainExtraction/sub-s037/BrainExtractionBrain.nii.gz (type = Euler3DTransform)
=============================================================================
  number of levels = 1
  fixed image: /templateflow/tpl-MNI152NLin2009cAsym/tpl-MNI152NLin2009cAsym_res-01_desc-brain_T1w.nii.gz
  moving image: /home/mdugre/scratch/mri-registration-rp/datasets/ds004513/derivatives/mri-registration-rp/antsBrainExtraction/sub-s037/BrainExtractionBrain.nii.gz
Dimension = 3
Number of stages = 1
Use histogram matching = false
Winsorize image intensities = true
  Lower quantile = 0.005
  Upper quantile = 0.995


Stage 1 State
   Image metric = MattesMI
     Fixed image = Image (0x48adbd0)
  RTTI typeinfo:   itk::Image<double, 3u>
  Reference Count: 2
  Modified Time: 2330
  Debug: Off
  Object Name: 
  Observers: 
    none
  Source: (none)
  Source output name: (none)
  Release Data: Off
  Data Released: False
  Global Release Data: Off
  PipelineMTime: 0
  UpdateMTime: 1941
  RealTimeStamp: 0 seconds 
  LargestPossibleRegion: 
    Dimension: 3
    Index: [0, 0, 0]
    Size: [193, 229, 193]
  BufferedRegion: 
    Dimension: 3
    Index: [0, 0, 0]
    Size: [193, 229, 193]
  RequestedRegion: 
    Dimension: 3
    Index: [0, 0, 0]
    Size: [193, 229, 193]
  Spacing: [1, 1, 1]
  Origin: [96, 132, -78]
  Direction: 
-1 0 0
0 -1 0
0 0 1

  IndexToPointMatrix: 
-1 0 0
0 -1 0
0 0 1

  PointToIndexMatrix: 
-1 0 0
0 -1 0
0 0 1

  Inverse Direction: 
-1 0 0
0 -1 0
0 0 1

  PixelContainer: 
    ImportImageContainer (0x48b69e0)
      RTTI typeinfo:   itk::ImportImageContainer<unsigned long, double>
      Reference Count: 1
      Modified Time: 1938
      Debug: Off
      Object Name: 
      Observers: 
        none
      Pointer: 0x154bd9501010
      Container manages memory: true
      Size: 8530021
      Capacity: 8530021

     Moving image = Image (0x48b7d40)
  RTTI typeinfo:   itk::Image<double, 3u>
  Reference Count: 2
  Modified Time: 2331
  Debug: Off
  Object Name: 
  Observers: 
    none
  Source: (none)
  Source output name: (none)
  Release Data: Off
  Data Released: False
  Global Release Data: Off
  PipelineMTime: 0
  UpdateMTime: 2328
  RealTimeStamp: 0 seconds 
  LargestPossibleRegion: 
    Dimension: 3
    Index: [0, 0, 0]
    Size: [160, 240, 256]
  BufferedRegion: 
    Dimension: 3
    Index: [0, 0, 0]
    Size: [160, 240, 256]
  RequestedRegion: 
    Dimension: 3
    Index: [0, 0, 0]
    Size: [160, 240, 256]
  Spacing: [1, 1, 1]
  Origin: [87.9508, 102.562, -147.639]
  Direction: 
-0.998659 -0.0436121 -0.0279129
0.043595 -0.999049 0.00121847
-0.0279395 -2.65543e-08 0.99961

  IndexToPointMatrix: 
-0.998659 -0.0436121 -0.0279129
0.043595 -0.999049 0.00121847
-0.0279395 -2.65543e-08 0.99961

  PointToIndexMatrix: 
-0.998659 0.043595 -0.0279395
-0.0436121 -0.999049 -2.65517e-08
-0.0279129 0.00121847 0.99961

  Inverse Direction: 
-0.998659 0.043595 -0.0279395
-0.0436121 -0.999049 -2.65517e-08
-0.0279129 0.00121847 0.99961

  PixelContainer: 
    ImportImageContainer (0x48dd850)
      RTTI typeinfo:   itk::ImportImageContainer<unsigned long, double>
      Reference Count: 1
      Modified Time: 2325
      Debug: Off
      Object Name: 
      Observers: 
        none
      Pointer: 0x154bd4a00010
      Container manages memory: true
      Size: 9830400
      Capacity: 9830400

     Weighting = 1
     Sampling strategy = regular
     Number of bins = 32
     Radius = 4
     Sampling percentage  = 0.25
   Transform = Rigid
     Gradient step = 0.1
     Update field sigma (voxel space) = 0
     Total field sigma (voxel space) = 0
     Update field time sigma = 0
     Total field time sigma  = 0
     Number of time indices = 0
     Number of time point samples = 0
Registration using 1 total stages.

Stage 0
  iterations = 0
  convergence threshold = 1e-06
  convergence window size = 10
  number of levels = 1
  using the Mattes MI metric (number of bins = 32, weight = 1, use gradient filter = 0)
  preprocessing:  winsorizing the image intensities
  Shrink factors (level 1 out of 1): [1, 1, 1]
  smoothing sigmas per level: [0]
  regular sampling (percentage = 0.25)

*** Running Euler3DTransform registration ***

  Elapsed time (stage 0): 1.11488


Total elapsed time: 1.11706
Info [verificarlo]: loaded backend libinterflop_vprec.so
Info [interflop-vprec]: load backend with: 
Info [interflop-vprec]: precision-binary32 = 8
Info [interflop-vprec]: range-binary32 = 7
Info [interflop-vprec]: precision-binary64 = 8
Info [interflop-vprec]: range-binary64 = 7
Info [interflop-vprec]: mode = ob
Info [interflop-vprec]: error-mode = rel
Info [interflop-vprec]: max-abs-error-exponent = -1022
Info [interflop-vprec]: daz = false
Info [interflop-vprec]: ftz = false
Info [interflop-vprec]: 	instrument = none
Info [interflop-vprec]: 	prec-input-file = (null)
Info [interflop-vprec]: 	prec-output-file = (null)
Info [interflop-vprec]: 	prec-log-file = (null)
All_Command_lines_OK
Using double precision for computations.
=============================================================================
The composite transform comprises the following transforms (in order): 
  1. /home/mdugre/scratch/mri-registration-rp/datasets/ds004513/derivatives/mri-registration-rp/0100/antsRegistration-r7-p8/sub-s037/align_Composite.h5[0] (type = Euler3DTransform)
  2. /home/mdugre/scratch/mri-registration-rp/datasets/ds004513/derivatives/mri-registration-rp/0100/antsRegistration-r7-p8/sub-s037/align_Composite.h5[1] (type = Euler3DTransform)
=============================================================================
  number of levels = 4
  fixed image: /templateflow/tpl-MNI152NLin2009cAsym/tpl-MNI152NLin2009cAsym_res-01_desc-brain_T1w.nii.gz
  moving image: /home/mdugre/scratch/mri-registration-rp/datasets/ds004513/derivatives/mri-registration-rp/antsBrainExtraction/sub-s037/BrainExtractionBrain.nii.gz
Dimension = 3
Number of stages = 1
Use histogram matching = false
Winsorize image intensities = true
  Lower quantile = 0.005
  Upper quantile = 0.995


Stage 1 State
   Image metric = MattesMI
     Fixed image = Image (0x42fc1e0)
  RTTI typeinfo:   itk::Image<double, 3u>
  Reference Count: 2
  Modified Time: 1578
  Debug: Off
  Object Name: 
  Observers: 
    none
  Source: (none)
  Source output name: (none)
  Release Data: Off
  Data Released: False
  Global Release Data: Off
  PipelineMTime: 0
  UpdateMTime: 1189
  RealTimeStamp: 0 seconds 
  LargestPossibleRegion: 
    Dimension: 3
    Index: [0, 0, 0]
    Size: [193, 229, 193]
  BufferedRegion: 
    Dimension: 3
    Index: [0, 0, 0]
    Size: [193, 229, 193]
  RequestedRegion: 
    Dimension: 3
    Index: [0, 0, 0]
    Size: [193, 229, 193]
  Spacing: [1, 1, 1]
  Origin: [96, 132, -78]
  Direction: 
-1 0 0
0 -1 0
0 0 1

  IndexToPointMatrix: 
-1 0 0
0 -1 0
0 0 1

  PointToIndexMatrix: 
-1 0 0
0 -1 0
0 0 1

  Inverse Direction: 
-1 0 0
0 -1 0
0 0 1

  PixelContainer: 
    ImportImageContainer (0x43bb680)
      RTTI typeinfo:   itk::ImportImageContainer<unsigned long, double>
      Reference Count: 1
      Modified Time: 1186
      Debug: Off
      Object Name: 
      Observers: 
        none
      Pointer: 0x1475df7d8010
      Container manages memory: true
      Size: 8530021
      Capacity: 8530021

     Moving image = Image (0x43b7b20)
  RTTI typeinfo:   itk::Image<double, 3u>
  Reference Count: 2
  Modified Time: 1579
  Debug: Off
  Object Name: 
  Observers: 
    none
  Source: (none)
  Source output name: (none)
  Release Data: Off
  Data Released: False
  Global Release Data: Off
  PipelineMTime: 0
  UpdateMTime: 1576
  RealTimeStamp: 0 seconds 
  LargestPossibleRegion: 
    Dimension: 3
    Index: [0, 0, 0]
    Size: [160, 240, 256]
  BufferedRegion: 
    Dimension: 3
    Index: [0, 0, 0]
    Size: [160, 240, 256]
  RequestedRegion: 
    Dimension: 3
    Index: [0, 0, 0]
    Size: [160, 240, 256]
  Spacing: [1, 1, 1]
  Origin: [88, 102.5, -147.5]
  Direction: 
-1 -0.0435791 -0.0279541
0.0435791 -1 0.00121689
-0.0279541 0 1

  IndexToPointMatrix: 
-1 -0.0435791 -0.0279541
0.0435791 -1 0.00121689
-0.0279541 0 1

  PointToIndexMatrix: 
-1 0.0435791 -0.0279541
-0.0435791 -1 0
-0.0279541 0.00121689 1

  Inverse Direction: 
-1 0.0435791 -0.0279541
-0.0435791 -1 0
-0.0279541 0.00121689 1

  PixelContainer: 
    ImportImageContainer (0x4420d50)
      RTTI typeinfo:   itk::ImportImageContainer<unsigned long, double>
      Reference Count: 1
      Modified Time: 1573
      Debug: Off
      Object Name: 
      Observers: 
        none
      Pointer: 0x1475dacd7010
      Container manages memory: true
      Size: 9830400
      Capacity: 9830400

     Weighting = 1
     Sampling strategy = regular
     Number of bins = 32
     Radius = 4
     Sampling percentage  = 0.25
   Transform = Rigid
     Gradient step = 0.1
     Update field sigma (voxel space) = 0
     Total field sigma (voxel space) = 0
     Update field time sigma = 0
     Total field time sigma  = 0
     Number of time indices = 0
     Number of time point samples = 0
Registration using 1 total stages.

Stage 0
  iterations = 1000x500x250x100
  convergence threshold = 1e-06
  convergence window size = 10
  number of levels = 4
  using the Mattes MI metric (number of bins = 32, weight = 1, use gradient filter = 0)
  preprocessing:  winsorizing the image intensities
  Shrink factors (level 1 out of 4): [8, 8, 8]
  Shrink factors (level 2 out of 4): [4, 4, 4]
  Shrink factors (level 3 out of 4): [2, 2, 2]
  Shrink factors (level 4 out of 4): [1, 1, 1]
  smoothing sigmas per level: [3, 2, 1, 0]
  regular sampling (percentage = 0.25)

*** Running Euler3DTransform registration ***

DIAGNOSTIC,Iteration,metricValue,convergenceValue,ITERATION_TIME_INDEX,SINCE_LAST
 2DIAGNOSTIC,     1, -4.547049265570e-01, 1.797693134862e+308, 0.0000e+00, 0.0000e+00, 
 2DIAGNOSTIC,     2, -4.552277476553e-01, 1.797693134862e+308, 0.0000e+00, 0.0000e+00, 
 2DIAGNOSTIC,     3, -4.563276582772e-01, 1.797693134862e+308, 0.0000e+00, 0.0000e+00, 
 2DIAGNOSTIC,     4, -4.561583568292e-01, 1.797693134862e+308, 0.0000e+00, 0.0000e+00, 
 2DIAGNOSTIC,     5, -4.567606208513e-01, 1.797693134862e+308, 0.0000e+00, 0.0000e+00, 
 2DIAGNOSTIC,     6, -4.572901040892e-01, 1.797693134862e+308, 0.0000e+00, 0.0000e+00, 
 2DIAGNOSTIC,     7, -4.588493754554e-01, 1.797693134862e+308, 0.0000e+00, 0.0000e+00, 
 2DIAGNOSTIC,     8, -4.631002843943e-01, 1.797693134862e+308, 0.0000e+00, 0.0000e+00, 
 2DIAGNOSTIC,     9, -4.677656064209e-01, 1.797693134862e+308, 0.0000e+00, 0.0000e+00, 
 2DIAGNOSTIC,    10, -4.858799257479e-01, 2.974159494290e-03, 0.0000e+00, 0.0000e+00, 
 2DIAGNOSTIC,    11, -5.009514283714e-01, 4.611726734995e-03, 0.0000e+00, 0.0000e+00, 
 2DIAGNOSTIC,    12, -5.193573956393e-01, 6.473267910522e-03, 0.0000e+00, 0.0000e+00, 
 2DIAGNOSTIC,    13, -5.906304334005e-01, 1.065796625162e-02, 0.0000e+00, 0.0000e+00, 
 2DIAGNOSTIC,    14, -6.099574027555e-01, 1.385237232802e-02, 0.0000e+00, 0.0000e+00, 
 2DIAGNOSTIC,    15, -6.165626293381e-01, 1.555226886816e-02, 0.0000e+00, 0.0000e+00, 
 2DIAGNOSTIC,    16, -6.178151670317e-01, 1.567900520051e-02, 0.0000e+00, 0.0000e+00, 
 2DIAGNOSTIC,    17, -6.183152148868e-01, 1.442710690033e-02, 0.0000e+00, 0.0000e+00, 
 2DIAGNOSTIC,    18, -6.189951984613e-01, 1.214970419462e-02, 0.0000e+00, 0.0000e+00, 
 2DIAGNOSTIC,    19, -6.189829927799e-01, 9.156049031718e-03, 0.0000e+00, 0.0000e+00, 
 2DIAGNOSTIC,    20, -6.173903688683e-01, 6.138266554178e-03, 0.0000e+00, 0.0000e+00, 
 2DIAGNOSTIC,    21, -6.158633085427e-01, 3.249039577289e-03, 0.0000e+00, 0.0000e+00, 
 2DIAGNOSTIC,    22, -6.158633085427e-01, 7.642349571648e-04, 0.0000e+00, 0.0000e+00, 
 2DIAGNOSTIC,    23, -6.158633085427e-01, 8.018641217871e-05, 0.0000e+00, 0.0000e+00, 
DIAGNOSTIC,Iteration,metricValue,convergenceValue,ITERATION_TIME_INDEX,SINCE_LAST
 2DIAGNOSTIC,     1, -4.809360811392e-01, 1.797693134862e+308, 0.0000e+00, 0.0000e+00, 
 2DIAGNOSTIC,     2, -4.815380732172e-01, 1.797693134862e+308, 0.0000e+00, 0.0000e+00, 
 2DIAGNOSTIC,     3, -4.816405080888e-01, 1.797693134862e+308, 0.0000e+00, 0.0000e+00, 
 2DIAGNOSTIC,     4, -4.810287157331e-01, 1.797693134862e+308, 0.0000e+00, 0.0000e+00, 
 2DIAGNOSTIC,     5, -4.813717156785e-01, 1.797693134862e+308, 0.0000e+00, 0.0000e+00, 
 2DIAGNOSTIC,     6, -4.821877973097e-01, 1.797693134862e+308, 0.0000e+00, 0.0000e+00, 
 2DIAGNOSTIC,     7, -4.822697287360e-01, 1.797693134862e+308, 0.0000e+00, 0.0000e+00, 
 2DIAGNOSTIC,     8, -4.816247488053e-01, 1.797693134862e+308, 0.0000e+00, 0.0000e+00, 
 2DIAGNOSTIC,     9, -4.829253636068e-01, 1.797693134862e+308, 0.0000e+00, 0.0000e+00, 
 2DIAGNOSTIC,    10, -4.828854589867e-01, 2.280305722293e-04, 0.0000e+00, 0.0000e+00, 
 2DIAGNOSTIC,    11, -4.830914152964e-01, 2.201705071365e-04, 0.0000e+00, 0.0000e+00, 
 2DIAGNOSTIC,    12, -4.830284150160e-01, 2.207922403073e-04, 0.0000e+00, 0.0000e+00, 
 2DIAGNOSTIC,    13, -4.829325731095e-01, 2.035899771029e-04, 0.0000e+00, 0.0000e+00, 
 2DIAGNOSTIC,    14, -4.832153302519e-01, 1.560748481844e-04, 0.0000e+00, 0.0000e+00, 
 2DIAGNOSTIC,    15, -4.834172096243e-01, 1.201332666411e-04, 0.0000e+00, 0.0000e+00, 
 2DIAGNOSTIC,    16, -4.835878799913e-01, 1.142148362739e-04, 0.0000e+00, 0.0000e+00, 
 2DIAGNOSTIC,    17, -4.838188217524e-01, 1.105732868206e-04, 0.0000e+00, 0.0000e+00, 
 2DIAGNOSTIC,    18, -4.837653131167e-01, 7.307897914027e-05, 0.0000e+00, 0.0000e+00, 
 2DIAGNOSTIC,    19, -4.839331814799e-01, 7.848175668133e-05, 0.0000e+00, 0.0000e+00, 
 2DIAGNOSTIC,    20, -4.841457592109e-01, 8.069483209887e-05, 0.0000e+00, 0.0000e+00, 
 2DIAGNOSTIC,    21, -4.843176567172e-01, 8.566299376691e-05, 0.0000e+00, 0.0000e+00, 
 2DIAGNOSTIC,    22, -4.843255002180e-01, 8.085637970454e-05, 0.0000e+00, 0.0000e+00, 
 2DIAGNOSTIC,    23, -4.843461780931e-01, 6.701107657384e-05, 0.0000e+00, 0.0000e+00, 
 2DIAGNOSTIC,    24, -4.846205199910e-01, 6.168925686927e-05, 0.0000e+00, 0.0000e+00, 
 2DIAGNOSTIC,    25, -4.850030488196e-01, 6.440696927473e-05, 0.0000e+00, 0.0000e+00, 
 2DIAGNOSTIC,    26, -4.852148657417e-01, 6.916583763217e-05, 0.0000e+00, 0.0000e+00, 
 2DIAGNOSTIC,    27, -4.852577640765e-01, 7.322047436981e-05, 0.0000e+00, 0.0000e+00, 
 2DIAGNOSTIC,    28, -4.853954094595e-01, 7.198041508525e-05, 0.0000e+00, 0.0000e+00, 
 2DIAGNOSTIC,    29, -4.853954094595e-01, 6.723493206465e-05, 0.0000e+00, 0.0000e+00, 
 2DIAGNOSTIC,    30, -4.853954094595e-01, 6.042242991441e-05, 0.0000e+00, 0.0000e+00, 
 2DIAGNOSTIC,    31, -4.853954094595e-01, 5.162607319725e-05, 0.0000e+00, 0.0000e+00, 
 2DIAGNOSTIC,    32, -4.853954094595e-01, 3.875639318004e-05, 0.0000e+00, 0.0000e+00, 
 2DIAGNOSTIC,    33, -4.853954094595e-01, 2.332318215068e-05, 0.0000e+00, 0.0000e+00, 
 2DIAGNOSTIC,    34, -4.853954094595e-01, 1.118631755893e-05, 0.0000e+00, 0.0000e+00, 
 2DIAGNOSTIC,    35, -4.853954094595e-01, 5.053546134653e-06, 0.0000e+00, 0.0000e+00, 
 2DIAGNOSTIC,    36, -4.853954094595e-01, 2.248423842877e-06, 0.0000e+00, 0.0000e+00, 
DIAGNOSTIC,Iteration,metricValue,convergenceValue,ITERATION_TIME_INDEX,SINCE_LAST
 2DIAGNOSTIC,     1, -4.215803063057e-01, 1.797693134862e+308, 0.0000e+00, 0.0000e+00, 
 2DIAGNOSTIC,     2, -4.216557809774e-01, 1.797693134862e+308, 0.0000e+00, 0.0000e+00, 
 2DIAGNOSTIC,     3, -4.216557809774e-01, 1.797693134862e+308, 0.0000e+00, 0.0000e+00, 
 2DIAGNOSTIC,     4, -4.216557809774e-01, 1.797693134862e+308, 0.0000e+00, 0.0000e+00, 
 2DIAGNOSTIC,     5, -4.216557809774e-01, 1.797693134862e+308, 0.0000e+00, 0.0000e+00, 
 2DIAGNOSTIC,     6, -4.216557809774e-01, 1.797693134862e+308, 0.0000e+00, 0.0000e+00, 
 2DIAGNOSTIC,     7, -4.216557809774e-01, 1.797693134862e+308, 0.0000e+00, 0.0000e+00, 
 2DIAGNOSTIC,     8, -4.216557809774e-01, 1.797693134862e+308, 0.0000e+00, 0.0000e+00, 
 2DIAGNOSTIC,     9, -4.216557809774e-01, 1.797693134862e+308, 0.0000e+00, 0.0000e+00, 
 2DIAGNOSTIC,    10, -4.216557809774e-01, 5.092026640938e-06, 0.0000e+00, 0.0000e+00, 
DIAGNOSTIC,Iteration,metricValue,convergenceValue,ITERATION_TIME_INDEX,SINCE_LAST
 2DIAGNOSTIC,     1, -3.889935776746e-01, 1.797693134862e+308, 0.0000e+00, 0.0000e+00, 
 2DIAGNOSTIC,     2, -3.890388472667e-01, 1.797693134862e+308, 0.0000e+00, 0.0000e+00, 
 2DIAGNOSTIC,     3, -3.890928125095e-01, 1.797693134862e+308, 0.0000e+00, 0.0000e+00, 
 2DIAGNOSTIC,     4, -3.891301029157e-01, 1.797693134862e+308, 0.0000e+00, 0.0000e+00, 
 2DIAGNOSTIC,     5, -3.891244395780e-01, 1.797693134862e+308, 0.0000e+00, 0.0000e+00, 
 2DIAGNOSTIC,     6, -3.890973546365e-01, 1.797693134862e+308, 0.0000e+00, 0.0000e+00, 
 2DIAGNOSTIC,     7, -3.890686581570e-01, 1.797693134862e+308, 0.0000e+00, 0.0000e+00, 
 2DIAGNOSTIC,     8, -3.890984161262e-01, 1.797693134862e+308, 0.0000e+00, 0.0000e+00, 
 2DIAGNOSTIC,     9, -3.883952787877e-01, 1.797693134862e+308, 0.0000e+00, 0.0000e+00, 
  Elapsed time (stage 0): 0.0000e+00


Total elapsed time: 0.0000e+00
Info [verificarlo]: loaded backend libinterflop_ieee.so
Info [interflop-ieee]: load backend with:
Info [interflop-ieee]: debug = false
Info [interflop-ieee]: debug-binary = false
Info [interflop-ieee]: no-backend-name = false
Info [interflop-ieee]: print-new-line = false
Info [interflop-ieee]: print-subnormal-normalized = false
Info [interflop-ieee]: count-op = false
All_Command_lines_OK
Using double precision for computations.
=============================================================================
The composite transform comprises the following transforms (in order): 
  1. /home/mdugre/scratch/mri-registration-rp/datasets/ds004513/derivatives/mri-registration-rp/0100/antsRegistration-r7-p8/sub-s037/rigid_Composite.h5[0] (type = Euler3DTransform)
  2. /home/mdugre/scratch/mri-registration-rp/datasets/ds004513/derivatives/mri-registration-rp/0100/antsRegistration-r7-p8/sub-s037/rigid_Composite.h5[1] (type = Euler3DTransform)
  3. /home/mdugre/scratch/mri-registration-rp/datasets/ds004513/derivatives/mri-registration-rp/0100/antsRegistration-r7-p8/sub-s037/rigid_Composite.h5[2] (type = Euler3DTransform)
=============================================================================
  number of levels = 4
  fixed image: /templateflow/tpl-MNI152NLin2009cAsym/tpl-MNI152NLin2009cAsym_res-01_desc-brain_T1w.nii.gz
  moving image: /home/mdugre/scratch/mri-registration-rp/datasets/ds004513/derivatives/mri-registration-rp/antsBrainExtraction/sub-s037/BrainExtractionBrain.nii.gz
Dimension = 3
Number of stages = 1
Use histogram matching = false
Winsorize image intensities = true
  Lower quantile = 0.005
  Upper quantile = 0.995


Stage 1 State
   Image metric = MattesMI
     Fixed image = Image (0x4edb530)
  RTTI typeinfo:   itk::Image<double, 3u>
  Reference Count: 2
  Modified Time: 1592
  Debug: Off
  Object Name: 
  Observers: 
    none
  Source: (none)
  Source output name: (none)
  Release Data: Off
  Data Released: False
  Global Release Data: Off
  PipelineMTime: 0
  UpdateMTime: 1203
  RealTimeStamp: 0 seconds 
  LargestPossibleRegion: 
    Dimension: 3
    Index: [0, 0, 0]
    Size: [193, 229, 193]
  BufferedRegion: 
    Dimension: 3
    Index: [0, 0, 0]
    Size: [193, 229, 193]
  RequestedRegion: 
    Dimension: 3
    Index: [0, 0, 0]
    Size: [193, 229, 193]
  Spacing: [1, 1, 1]
  Origin: [96, 132, -78]
  Direction: 
-1 0 0
0 -1 0
0 0 1

  IndexToPointMatrix: 
-1 0 0
0 -1 0
0 0 1

  PointToIndexMatrix: 
-1 0 0
0 -1 0
0 0 1

  Inverse Direction: 
-1 0 0
0 -1 0
0 0 1

  PixelContainer: 
    ImportImageContainer (0x4ee82b0)
      RTTI typeinfo:   itk::ImportImageContainer<unsigned long, double>
      Reference Count: 1
      Modified Time: 1200
      Debug: Off
      Object Name: 
      Observers: 
        none
      Pointer: 0x150c6a562010
      Container manages memory: true
      Size: 8530021
      Capacity: 8530021

     Moving image = Image (0x4f96fd0)
  RTTI typeinfo:   itk::Image<double, 3u>
  Reference Count: 2
  Modified Time: 1593
  Debug: Off
  Object Name: 
  Observers: 
    none
  Source: (none)
  Source output name: (none)
  Release Data: Off
  Data Released: False
  Global Release Data: Off
  PipelineMTime: 0
  UpdateMTime: 1590
  RealTimeStamp: 0 seconds 
  LargestPossibleRegion: 
    Dimension: 3
    Index: [0, 0, 0]
    Size: [160, 240, 256]
  BufferedRegion: 
    Dimension: 3
    Index: [0, 0, 0]
    Size: [160, 240, 256]
  RequestedRegion: 
    Dimension: 3
    Index: [0, 0, 0]
    Size: [160, 240, 256]
  Spacing: [1, 1, 1]
  Origin: [87.9508, 102.562, -147.639]
  Direction: 
-0.998659 -0.0436121 -0.0279129
0.043595 -0.999049 0.00121847
-0.0279395 -2.65543e-08 0.99961

  IndexToPointMatrix: 
-0.998659 -0.0436121 -0.0279129
0.043595 -0.999049 0.00121847
-0.0279395 -2.65543e-08 0.99961

  PointToIndexMatrix: 
-0.998659 0.043595 -0.0279395
-0.0436121 -0.999049 -2.65517e-08
-0.0279129 0.00121847 0.99961

  Inverse Direction: 
-0.998659 0.043595 -0.0279395
-0.0436121 -0.999049 -2.65517e-08
-0.0279129 0.00121847 0.99961

  PixelContainer: 
    ImportImageContainer (0x4fae990)
      RTTI typeinfo:   itk::ImportImageContainer<unsigned long, double>
      Reference Count: 1
      Modified Time: 1587
      Debug: Off
      Object Name: 
      Observers: 
        none
      Pointer: 0x150c65a61010
      Container manages memory: true
      Size: 9830400
      Capacity: 9830400

     Weighting = 1
     Sampling strategy = regular
     Number of bins = 32
     Radius = 4
     Sampling percentage  = 0.25
   Transform = Affine
     Gradient step = 0.1
     Update field sigma (voxel space) = 0
     Total field sigma (voxel space) = 0
     Update field time sigma = 0
     Total field time sigma  = 0
     Number of time indices = 0
     Number of time point samples = 0
Registration using 1 total stages.

Stage 0
  iterations = 1000x500x250x100
  convergence threshold = 1e-06
  convergence window size = 10
  number of levels = 4
  using the Mattes MI metric (number of bins = 32, weight = 1, use gradient filter = 0)
  preprocessing:  winsorizing the image intensities
  Shrink factors (level 1 out of 4): [8, 8, 8]
  Shrink factors (level 2 out of 4): [4, 4, 4]
  Shrink factors (level 3 out of 4): [2, 2, 2]
  Shrink factors (level 4 out of 4): [1, 1, 1]
  smoothing sigmas per level: [3, 2, 1, 0]
  regular sampling (percentage = 0.25)

*** Running AffineTransform registration ***

DIAGNOSTIC,Iteration,metricValue,convergenceValue,ITERATION_TIME_INDEX,SINCE_LAST
 2DIAGNOSTIC,     1, -5.859708971810e-01, 1.797693134862e+308, 8.1787e-01, 8.1787e-01, 
 2DIAGNOSTIC,     2, -5.876985347218e-01, 1.797693134862e+308, 8.2286e-01, 4.9858e-03, 
 2DIAGNOSTIC,     3, -5.907072871552e-01, 1.797693134862e+308, 8.2785e-01, 4.9851e-03, 
 2DIAGNOSTIC,     4, -5.948366294508e-01, 1.797693134862e+308, 8.3265e-01, 4.8041e-03, 
 2DIAGNOSTIC,     5, -6.008782587272e-01, 1.797693134862e+308, 8.3743e-01, 4.7810e-03, 
 2DIAGNOSTIC,     6, -6.087508507958e-01, 1.797693134862e+308, 8.4238e-01, 4.9520e-03, 
 2DIAGNOSTIC,     7, -6.186378050997e-01, 1.797693134862e+308, 8.4739e-01, 5.0089e-03, 
 2DIAGNOSTIC,     8, -6.594494823166e-01, 1.797693134862e+308, 8.5254e-01, 5.1520e-03, 
 2DIAGNOSTIC,     9, -6.871535427156e-01, 1.797693134862e+308, 8.5909e-01, 6.5460e-03, 
 2DIAGNOSTIC,    10, -6.906080653823e-01, 1.151824198160e-02, 8.6522e-01, 6.1331e-03, 
 2DIAGNOSTIC,    11, -6.959582221013e-01, 1.188476519346e-02, 8.7063e-01, 5.4071e-03, 
 2DIAGNOSTIC,    12, -6.999472355477e-01, 1.133761246706e-02, 8.7601e-01, 5.3849e-03, 
 2DIAGNOSTIC,    13, -7.071631271756e-01, 1.018219715313e-02, 8.8517e-01, 9.1538e-03, 
 2DIAGNOSTIC,    14, -7.092100268278e-01, 8.462675515817e-03, 8.9098e-01, 5.8100e-03, 
 2DIAGNOSTIC,    15, -7.100991924140e-01, 6.441312596131e-03, 8.9693e-01, 5.9471e-03, 
 2DIAGNOSTIC,    16, -7.108500506814e-01, 4.359379617323e-03, 9.0221e-01, 5.2810e-03, 
 2DIAGNOSTIC,    17, -7.111340673230e-01, 2.379951757786e-03, 9.0798e-01, 5.7771e-03, 
 2DIAGNOSTIC,    18, -7.114689438832e-01, 1.384124113275e-03, 9.1552e-01, 7.5331e-03, 
 2DIAGNOSTIC,    19, -7.114563854676e-01, 9.976424392266e-04, 9.2186e-01, 6.3460e-03, 
 2DIAGNOSTIC,    20, -7.114569554235e-01, 6.340235714587e-04, 9.2713e-01, 5.2640e-03, 
 2DIAGNOSTIC,    21, -7.114256014545e-01, 3.563557599961e-04, 9.3308e-01, 5.9521e-03, 
 2DIAGNOSTIC,    22, -7.113915004414e-01, 1.454260451415e-04, 9.3896e-01, 5.8842e-03, 
 2DIAGNOSTIC,    23, -7.112997385159e-01, 7.089812325584e-05, 9.4468e-01, 5.7180e-03, 
 2DIAGNOSTIC,    24, -7.113661966403e-01, 3.344043011255e-05, 9.5017e-01, 5.4922e-03, 
 2DIAGNOSTIC,    25, -7.113172146282e-01, 1.003411833257e-05, 9.5519e-01, 5.0211e-03, 
DIAGNOSTIC,Iteration,metricValue,convergenceValue,ITERATION_TIME_INDEX,SINCE_LAST
 2DIAGNOSTIC,     1, -5.911245505351e-01, 1.797693134862e+308, 1.6416e+00, 6.8642e-01, 
 2DIAGNOSTIC,     2, -5.916220081180e-01, 1.797693134862e+308, 1.6778e+00, 3.6225e-02, 
 2DIAGNOSTIC,     3, -5.922593002005e-01, 1.797693134862e+308, 1.7256e+00, 4.7804e-02, 
 2DIAGNOSTIC,     4, -5.932535140097e-01, 1.797693134862e+308, 1.7681e+00, 4.2473e-02, 
 2DIAGNOSTIC,     5, -5.947029948371e-01, 1.797693134862e+308, 1.8144e+00, 4.6270e-02, 
 2DIAGNOSTIC,     6, -5.983423365646e-01, 1.797693134862e+308, 1.8660e+00, 5.1662e-02, 
 2DIAGNOSTIC,     7, -6.006791733586e-01, 1.797693134862e+308, 1.9144e+00, 4.8397e-02, 
 2DIAGNOSTIC,     8, -6.013197537404e-01, 1.797693134862e+308, 1.9626e+00, 4.8188e-02, 
 2DIAGNOSTIC,     9, -6.013006380943e-01, 1.797693134862e+308, 2.0039e+00, 4.1246e-02, 
 2DIAGNOSTIC,    10, -6.012948929265e-01, 1.387344900341e-03, 2.0443e+00, 4.0468e-02, 
 2DIAGNOSTIC,    11, -6.013182843788e-01, 1.159040346611e-03, 2.0841e+00, 3.9797e-02, 
 2DIAGNOSTIC,    12, -6.013133007941e-01, 8.834080392528e-04, 2.1252e+00, 4.1015e-02, 
 2DIAGNOSTIC,    13, -6.013232318271e-01, 5.956954363824e-04, 2.1801e+00, 5.4975e-02, 
 2DIAGNOSTIC,    14, -6.013301129527e-01, 3.307497826679e-04, 2.2214e+00, 4.1309e-02, 
 2DIAGNOSTIC,    15, -6.013265299343e-01, 1.150560307886e-04, 2.2621e+00, 4.0621e-02, 
 2DIAGNOSTIC,    16, -6.013036957344e-01, 2.169607013303e-05, 2.3016e+00, 3.9580e-02, 
 2DIAGNOSTIC,    17, -6.012915316068e-01, 1.986863346168e-06, 2.3404e+00, 3.8784e-02, 
 2DIAGNOSTIC,    18, -6.012822592750e-01, 1.135441600568e-06, 2.3803e+00, 3.9857e-02, 
DIAGNOSTIC,Iteration,metricValue,convergenceValue,ITERATION_TIME_INDEX,SINCE_LAST
 2DIAGNOSTIC,     1, -5.245353238462e-01, 1.797693134862e+308, 3.4660e+00, 1.0857e+00, 
 2DIAGNOSTIC,     2, -5.248274504178e-01, 1.797693134862e+308, 3.7745e+00, 3.0856e-01, 
 2DIAGNOSTIC,     3, -5.252311138540e-01, 1.797693134862e+308, 4.0806e+00, 3.0604e-01, 
 2DIAGNOSTIC,     4, -5.258229046213e-01, 1.797693134862e+308, 4.3392e+00, 2.5858e-01, 
 2DIAGNOSTIC,     5, -5.266048086486e-01, 1.797693134862e+308, 4.6137e+00, 2.7453e-01, 
 2DIAGNOSTIC,     6, -5.273821406147e-01, 1.797693134862e+308, 4.9064e+00, 2.9274e-01, 
 2DIAGNOSTIC,     7, -5.278647031603e-01, 1.797693134862e+308, 5.3802e+00, 4.7380e-01, 
 2DIAGNOSTIC,     8, -5.279124671140e-01, 1.797693134862e+308, 5.7718e+00, 3.9156e-01, 
 2DIAGNOSTIC,     9, -5.279162483870e-01, 1.797693134862e+308, 6.0890e+00, 3.1717e-01, 
 2DIAGNOSTIC,    10, -5.279144753695e-01, 4.911743292904e-04, 6.4687e+00, 3.7973e-01, 
 2DIAGNOSTIC,    11, -5.279132912155e-01, 3.752090367360e-04, 6.8129e+00, 3.4424e-01, 
 2DIAGNOSTIC,    12, -5.279112625063e-01, 2.581485156533e-04, 7.1581e+00, 3.4513e-01, 
 2DIAGNOSTIC,    13, -5.279093461936e-01, 1.528405120968e-04, 7.6115e+00, 4.5340e-01, 
 2DIAGNOSTIC,    14, -5.279091305619e-01, 7.152650192933e-05, 7.9163e+00, 3.0480e-01, 
 2DIAGNOSTIC,    15, -5.279072603234e-01, 2.222827846869e-05, 8.2392e+00, 3.2294e-01, 
 2DIAGNOSTIC,    16, -5.279049916412e-01, 2.935238817822e-06, 8.6010e+00, 3.6180e-01, 
 2DIAGNOSTIC,    17, -5.279043788692e-01, 1.073203357876e-06, 8.8963e+00, 2.9526e-01, 
DIAGNOSTIC,Iteration,metricValue,convergenceValue,ITERATION_TIME_INDEX,SINCE_LAST
 2DIAGNOSTIC,     1, -4.828661559455e-01, 1.797693134862e+308, 1.1773e+01, 2.8768e+00, 
 2DIAGNOSTIC,     2, -4.830495228112e-01, 1.797693134862e+308, 1.3544e+01, 1.7705e+00, 
 2DIAGNOSTIC,     3, -4.833580894118e-01, 1.797693134862e+308, 1.5269e+01, 1.7256e+00, 
 2DIAGNOSTIC,     4, -4.839587739961e-01, 1.797693134862e+308, 1.7320e+01, 2.0507e+00, 
 2DIAGNOSTIC,     5, -4.847437073005e-01, 1.797693134862e+308, 1.9443e+01, 2.1234e+00, 
 2DIAGNOSTIC,     6, -4.848371736481e-01, 1.797693134862e+308, 2.1758e+01, 2.3147e+00, 
 2DIAGNOSTIC,     7, -4.848387418768e-01, 1.797693134862e+308, 2.5205e+01, 3.4471e+00, 
 2DIAGNOSTIC,     8, -4.848387758487e-01, 1.797693134862e+308, 2.7506e+01, 2.3011e+00, 
 2DIAGNOSTIC,     9, -4.848387818150e-01, 1.797693134862e+308, 2.9695e+01, 2.1887e+00, 
 2DIAGNOSTIC,    10, -4.848387469355e-01, 2.967480471938e-04, 3.1660e+01, 1.9651e+00, 
 2DIAGNOSTIC,    11, -4.848386539663e-01, 2.027092738177e-04, 3.3879e+01, 2.2186e+00, 
 2DIAGNOSTIC,    12, -4.848387220296e-01, 1.159454886794e-04, 3.5734e+01, 1.8549e+00, 
 2DIAGNOSTIC,    13, -4.848384387019e-01, 4.594757230003e-05, 3.7703e+01, 1.9697e+00, 
 2DIAGNOSTIC,    14, -4.848384909572e-01, 6.289662546857e-06, 3.9490e+01, 1.7866e+00, 
 2DIAGNOSTIC,    15, -4.848383608944e-01, 2.149386973474e-06, 4.1392e+01, 1.9025e+00, 
 2DIAGNOSTIC,    16, -4.848385953271e-01, 1.958698937793e-06, 4.3350e+01, 1.9573e+00, 
 2DIAGNOSTIC,    17, -4.848385258668e-01, 1.844739324519e-06, 4.5430e+01, 2.0801e+00, 
 2DIAGNOSTIC,    18, -4.848384559733e-01, 1.745012499645e-06, 4.7383e+01, 1.9530e+00, 
 2DIAGNOSTIC,    19, -4.848382309910e-01, 1.651408502099e-06, 4.9075e+01, 1.6919e+00, 
 2DIAGNOSTIC,    20, -4.848380424169e-01, 1.562971213107e-06, 5.0931e+01, 1.8560e+00, 
 2DIAGNOSTIC,    21, -4.848380693660e-01, 1.483604175727e-06, 5.3368e+01, 2.4372e+00, 
 2DIAGNOSTIC,    22, -4.848379381223e-01, 1.412780083962e-06, 5.5405e+01, 2.0367e+00, 
 2DIAGNOSTIC,    23, -4.848379156623e-01, 1.343601413732e-06, 5.7375e+01, 1.9708e+00, 
 2DIAGNOSTIC,    24, -4.848378623430e-01, 1.284170715182e-06, 5.9293e+01, 1.9177e+00, 
 2DIAGNOSTIC,    25, -4.848378195861e-01, 1.229248929639e-06, 6.1266e+01, 1.9724e+00, 
 2DIAGNOSTIC,    26, -4.848376800671e-01, 1.184779404445e-06, 6.3265e+01, 1.9997e+00, 
 2DIAGNOSTIC,    27, -4.848377584199e-01, 1.147520617202e-06, 6.5184e+01, 1.9192e+00, 
 2DIAGNOSTIC,    28, -4.848375242506e-01, 1.109519651640e-06, 6.7103e+01, 1.9184e+00, 
 2DIAGNOSTIC,    29, -4.848375484048e-01, 1.072839951349e-06, 6.9133e+01, 2.0300e+00, 
 2DIAGNOSTIC,    30, -4.848373396273e-01, 1.033090803980e-06, 7.1252e+01, 2.1193e+00, 
 2DIAGNOSTIC,    31, -4.848374803873e-01, 1.001838766015e-06, 7.3142e+01, 1.8903e+00, 
  Elapsed time (stage 0): 7.4276e+01


Total elapsed time: 7.4279e+01
Info [verificarlo]: loaded backend libinterflop_ieee.so
Info [interflop-ieee]: load backend with:
Info [interflop-ieee]: debug = false
Info [interflop-ieee]: debug-binary = false
Info [interflop-ieee]: no-backend-name = false
Info [interflop-ieee]: print-new-line = false
Info [interflop-ieee]: print-subnormal-normalized = false
Info [interflop-ieee]: count-op = false
All_Command_lines_OK
Using double precision for computations.
=============================================================================
The composite transform comprises the following transforms (in order): 
  1. /home/mdugre/scratch/mri-registration-rp/datasets/ds004513/derivatives/mri-registration-rp/0100/antsRegistration-r7-p8/sub-s037/affine_Composite.h5[0] (type = Euler3DTransform)
  2. /home/mdugre/scratch/mri-registration-rp/datasets/ds004513/derivatives/mri-registration-rp/0100/antsRegistration-r7-p8/sub-s037/affine_Composite.h5[1] (type = Euler3DTransform)
  3. /home/mdugre/scratch/mri-registration-rp/datasets/ds004513/derivatives/mri-registration-rp/0100/antsRegistration-r7-p8/sub-s037/affine_Composite.h5[2] (type = Euler3DTransform)
  4. /home/mdugre/scratch/mri-registration-rp/datasets/ds004513/derivatives/mri-registration-rp/0100/antsRegistration-r7-p8/sub-s037/affine_Composite.h5[3] (type = AffineTransform)
=============================================================================
  number of levels = 4
  fixed image: /templateflow/tpl-MNI152NLin2009cAsym/tpl-MNI152NLin2009cAsym_res-01_desc-brain_T1w.nii.gz
  moving image: /home/mdugre/scratch/mri-registration-rp/datasets/ds004513/derivatives/mri-registration-rp/antsBrainExtraction/sub-s037/BrainExtractionBrain.nii.gz
Dimension = 3
Number of stages = 1
Use histogram matching = false
Winsorize image intensities = true
  Lower quantile = 0.005
  Upper quantile = 0.995


Stage 1 State
   Image metric = CC
     Fixed image = Image (0x4de2a40)
  RTTI typeinfo:   itk::Image<double, 3u>
  Reference Count: 2
  Modified Time: 1606
  Debug: Off
  Object Name: 
  Observers: 
    none
  Source: (none)
  Source output name: (none)
  Release Data: Off
  Data Released: False
  Global Release Data: Off
  PipelineMTime: 0
  UpdateMTime: 1217
  RealTimeStamp: 0 seconds 
  LargestPossibleRegion: 
    Dimension: 3
    Index: [0, 0, 0]
    Size: [193, 229, 193]
  BufferedRegion: 
    Dimension: 3
    Index: [0, 0, 0]
    Size: [193, 229, 193]
  RequestedRegion: 
    Dimension: 3
    Index: [0, 0, 0]
    Size: [193, 229, 193]
  Spacing: [1, 1, 1]
  Origin: [96, 132, -78]
  Direction: 
-1 0 0
0 -1 0
0 0 1

  IndexToPointMatrix: 
-1 0 0
0 -1 0
0 0 1

  PointToIndexMatrix: 
-1 0 0
0 -1 0
0 0 1

  Inverse Direction: 
-1 0 0
0 -1 0
0 0 1

  PixelContainer: 
    ImportImageContainer (0x4eb1780)
      RTTI typeinfo:   itk::ImportImageContainer<unsigned long, double>
      Reference Count: 1
      Modified Time: 1214
      Debug: Off
      Object Name: 
      Observers: 
        none
      Pointer: 0x14bc79fd1010
      Container manages memory: true
      Size: 8530021
      Capacity: 8530021

     Moving image = Image (0x4eb3390)
  RTTI typeinfo:   itk::Image<double, 3u>
  Reference Count: 2
  Modified Time: 1607
  Debug: Off
  Object Name: 
  Observers: 
    none
  Source: (none)
  Source output name: (none)
  Release Data: Off
  Data Released: False
  Global Release Data: Off
  PipelineMTime: 0
  UpdateMTime: 1604
  RealTimeStamp: 0 seconds 
  LargestPossibleRegion: 
    Dimension: 3
    Index: [0, 0, 0]
    Size: [160, 240, 256]
  BufferedRegion: 
    Dimension: 3
    Index: [0, 0, 0]
    Size: [160, 240, 256]
  RequestedRegion: 
    Dimension: 3
    Index: [0, 0, 0]
    Size: [160, 240, 256]
  Spacing: [1, 1, 1]
  Origin: [87.9508, 102.562, -147.639]
  Direction: 
-0.998659 -0.0436121 -0.0279129
0.043595 -0.999049 0.00121847
-0.0279395 -2.65543e-08 0.99961

  IndexToPointMatrix: 
-0.998659 -0.0436121 -0.0279129
0.043595 -0.999049 0.00121847
-0.0279395 -2.65543e-08 0.99961

  PointToIndexMatrix: 
-0.998659 0.043595 -0.0279395
-0.0436121 -0.999049 -2.65517e-08
-0.0279129 0.00121847 0.99961

  Inverse Direction: 
-0.998659 0.043595 -0.0279395
-0.0436121 -0.999049 -2.65517e-08
-0.0279129 0.00121847 0.99961

  PixelContainer: 
    ImportImageContainer (0x4e686f0)
      RTTI typeinfo:   itk::ImportImageContainer<unsigned long, double>
      Reference Count: 1
      Modified Time: 1601
      Debug: Off
      Object Name: 
      Observers: 
        none
      Pointer: 0x14bc754d0010
      Container manages memory: true
      Size: 9830400
      Capacity: 9830400

     Weighting = 1
     Sampling strategy = none
     Number of bins = 32
     Radius = 4
     Sampling percentage  = 1
   Transform = SyN
     Gradient step = 0.1
     Update field sigma (voxel space) = 3
     Total field sigma (voxel space) = 0
     Update field time sigma = 0
     Total field time sigma  = 0
     Number of time indices = 0
     Number of time point samples = 0
Registration using 1 total stages.

Stage 0
  iterations = 100x70x50x20
  convergence threshold = 1e-06
  convergence window size = 10
  number of levels = 4
  using the CC metric (radius = 4, weight = 1, use gradient filter = 0)
  preprocessing:  winsorizing the image intensities
  Shrink factors (level 1 out of 4): [8, 8, 8]
  Shrink factors (level 2 out of 4): [4, 4, 4]
  Shrink factors (level 3 out of 4): [2, 2, 2]
  Shrink factors (level 4 out of 4): [1, 1, 1]
  smoothing sigmas per level: [3, 2, 1, 0]
  Using default NONE metricSamplingStrategy 

*** Running SyN registration (varianceForUpdateField = 3, varianceForTotalField = 0) ***

XXDIAGNOSTIC,Iteration,metricValue,convergenceValue,ITERATION_TIME_INDEX,SINCE_LAST
 1DIAGNOSTIC,     1, -8.463591386598e-01, 1.797693134862e+308, 1.0196e+00, 1.0196e+00, 
 1DIAGNOSTIC,     2, -8.658044495920e-01, 1.797693134862e+308, 1.3935e+00, 3.7387e-01, 
 1DIAGNOSTIC,     3, -8.816969178117e-01, 1.797693134862e+308, 1.7357e+00, 3.4221e-01, 
 1DIAGNOSTIC,     4, -8.932554934573e-01, 1.797693134862e+308, 2.0905e+00, 3.5481e-01, 
 1DIAGNOSTIC,     5, -9.019896171626e-01, 1.797693134862e+308, 2.4165e+00, 3.2600e-01, 
 1DIAGNOSTIC,     6, -9.076725603780e-01, 1.797693134862e+308, 2.7457e+00, 3.2913e-01, 
 1DIAGNOSTIC,     7, -9.121300545343e-01, 1.797693134862e+308, 3.0832e+00, 3.3751e-01, 
 1DIAGNOSTIC,     8, -9.156777630477e-01, 1.797693134862e+308, 3.4168e+00, 3.3360e-01, 
 1DIAGNOSTIC,     9, -9.187175110374e-01, 1.797693134862e+308, 3.7517e+00, 3.3494e-01, 
 1DIAGNOSTIC,    10, -9.211564756529e-01, 4.905631198497e-03, 4.0880e+00, 3.3625e-01, 
 1DIAGNOSTIC,    11, -9.231546410948e-01, 3.360973083879e-03, 4.4218e+00, 3.3387e-01, 
 1DIAGNOSTIC,    12, -9.248146163152e-01, 2.327301171774e-03, 4.7553e+00, 3.3350e-01, 
 1DIAGNOSTIC,    13, -9.262533921753e-01, 1.661550046963e-03, 5.1098e+00, 3.5452e-01, 
 1DIAGNOSTIC,    14, -9.275544130571e-01, 1.227366863909e-03, 5.4404e+00, 3.3054e-01, 
 1DIAGNOSTIC,    15, -9.287752725808e-01, 9.466502166052e-04, 5.7723e+00, 3.3186e-01, 
 1DIAGNOSTIC,    16, -9.299506132324e-01, 7.479320466571e-04, 6.1170e+00, 3.4474e-01, 
 1DIAGNOSTIC,    17, -9.311228924293e-01, 6.068649652223e-04, 6.4652e+00, 3.4821e-01, 
 1DIAGNOSTIC,    18, -9.323348041639e-01, 5.074856956792e-04, 6.8122e+00, 3.4699e-01, 
 1DIAGNOSTIC,    19, -9.336113783754e-01, 4.419410435313e-04, 7.1529e+00, 3.4072e-01, 
 1DIAGNOSTIC,    20, -9.348659989420e-01, 3.989918143504e-04, 7.5153e+00, 3.6240e-01, 
 1DIAGNOSTIC,    21, -9.361484302326e-01, 3.712365951349e-04, 7.8498e+00, 3.3449e-01, 
 1DIAGNOSTIC,    22, -9.372683256369e-01, 3.503167383423e-04, 8.1801e+00, 3.3033e-01, 
