
##########################
# Experiment information #
##########################

EXPERIMENT_NAME: antsRegistration-r8-p19
VFC_BACKENDS: libinterflop_vprec.so --range-binary32=8 --precision-binary32=19 --range-binary64=8 --precision-binary64=19

SIF_IMG: /home/mdugre/projects/rrg-glatard/mdugre/containers/ants-vprec-no_metrics.simg

SUBJECT_ID: s035
INPUT_IMG: /home/mdugre/scratch/mri-registration-rp/datasets/ds004513/derivatives/mri-registration-rp/antsBrainExtraction/sub-s035/BrainExtractionBrain.nii.gz
OUTPUT_DIR: /home/mdugre/scratch/mri-registration-rp/datasets/ds004513/derivatives/mri-registration-rp/0100/antsRegistration-r8-p19/sub-s035

FIXED_IMG: /templateflow/tpl-MNI152NLin2009cAsym/tpl-MNI152NLin2009cAsym_res-01_desc-brain_T1w.nii.gz
DATA_DIR: /home/mdugre/scratch/mri-registration-rp/datasets/ds004513
TEMPLATEFLOW_DIR: /home/mdugre/projects/rrg-glatard/mdugre/templateflow
ITK_GLOBAL_DEFAULT_NUMBER_OF_THREADS: 16
##########################

Info [verificarlo]: loaded backend libinterflop_ieee.so
Info [interflop-ieee]: load backend with:
Info [interflop-ieee]: debug = false
Info [interflop-ieee]: debug-binary = false
Info [interflop-ieee]: no-backend-name = false
Info [interflop-ieee]: print-new-line = false
Info [interflop-ieee]: print-subnormal-normalized = false
Info [interflop-ieee]: count-op = false
All_Command_lines_OK
Using double precision for computations.
=============================================================================
The composite transform comprises the following transforms (in order): 
  1. Center of mass alignment using fixed image: /templateflow/tpl-MNI152NLin2009cAsym/tpl-MNI152NLin2009cAsym_res-01_desc-brain_T1w.nii.gz and moving image: /home/mdugre/scratch/mri-registration-rp/datasets/ds004513/derivatives/mri-registration-rp/antsBrainExtraction/sub-s035/BrainExtractionBrain.nii.gz (type = Euler3DTransform)
=============================================================================
  number of levels = 1
  fixed image: /templateflow/tpl-MNI152NLin2009cAsym/tpl-MNI152NLin2009cAsym_res-01_desc-brain_T1w.nii.gz
  moving image: /home/mdugre/scratch/mri-registration-rp/datasets/ds004513/derivatives/mri-registration-rp/antsBrainExtraction/sub-s035/BrainExtractionBrain.nii.gz
Dimension = 3
Number of stages = 1
Use histogram matching = false
Winsorize image intensities = true
  Lower quantile = 0.005
  Upper quantile = 0.995


Stage 1 State
   Image metric = MattesMI
     Fixed image = Image (0x3e13e70)
  RTTI typeinfo:   itk::Image<double, 3u>
  Reference Count: 2
  Modified Time: 2330
  Debug: Off
  Object Name: 
  Observers: 
    none
  Source: (none)
  Source output name: (none)
  Release Data: Off
  Data Released: False
  Global Release Data: Off
  PipelineMTime: 0
  UpdateMTime: 1941
  RealTimeStamp: 0 seconds 
  LargestPossibleRegion: 
    Dimension: 3
    Index: [0, 0, 0]
    Size: [193, 229, 193]
  BufferedRegion: 
    Dimension: 3
    Index: [0, 0, 0]
    Size: [193, 229, 193]
  RequestedRegion: 
    Dimension: 3
    Index: [0, 0, 0]
    Size: [193, 229, 193]
  Spacing: [1, 1, 1]
  Origin: [96, 132, -78]
  Direction: 
-1 0 0
0 -1 0
0 0 1

  IndexToPointMatrix: 
-1 0 0
0 -1 0
0 0 1

  PointToIndexMatrix: 
-1 0 0
0 -1 0
0 0 1

  Inverse Direction: 
-1 0 0
0 -1 0
0 0 1

  PixelContainer: 
    ImportImageContainer (0x3e1cc60)
      RTTI typeinfo:   itk::ImportImageContainer<unsigned long, double>
      Reference Count: 1
      Modified Time: 1938
      Debug: Off
      Object Name: 
      Observers: 
        none
      Pointer: 0x147315d83010
      Container manages memory: true
      Size: 8530021
      Capacity: 8530021

     Moving image = Image (0x3eb0ec0)
  RTTI typeinfo:   itk::Image<double, 3u>
  Reference Count: 2
  Modified Time: 2331
  Debug: Off
  Object Name: 
  Observers: 
    none
  Source: (none)
  Source output name: (none)
  Release Data: Off
  Data Released: False
  Global Release Data: Off
  PipelineMTime: 0
  UpdateMTime: 2328
  RealTimeStamp: 0 seconds 
  LargestPossibleRegion: 
    Dimension: 3
    Index: [0, 0, 0]
    Size: [160, 240, 256]
  BufferedRegion: 
    Dimension: 3
    Index: [0, 0, 0]
    Size: [160, 240, 256]
  RequestedRegion: 
    Dimension: 3
    Index: [0, 0, 0]
    Size: [160, 240, 256]
  Spacing: [1, 1, 1]
  Origin: [98.6438, 87.6358, -117.989]
  Direction: 
-0.993515 -0.100993 -0.0522355
0.100854 -0.994887 0.00530255
-0.0525039 1.93537e-08 0.998621

  IndexToPointMatrix: 
-0.993515 -0.100993 -0.0522355
0.100854 -0.994887 0.00530255
-0.0525039 1.93537e-08 0.998621

  PointToIndexMatrix: 
-0.993515 0.100854 -0.0525039
-0.100993 -0.994887 1.93006e-08
-0.0522355 0.00530255 0.998621

  Inverse Direction: 
-0.993515 0.100854 -0.0525039
-0.100993 -0.994887 1.93006e-08
-0.0522355 0.00530255 0.998621

  PixelContainer: 
    ImportImageContainer (0x3f48610)
      RTTI typeinfo:   itk::ImportImageContainer<unsigned long, double>
      Reference Count: 1
      Modified Time: 2325
      Debug: Off
      Object Name: 
      Observers: 
        none
      Pointer: 0x147311282010
      Container manages memory: true
      Size: 9830400
      Capacity: 9830400

     Weighting = 1
     Sampling strategy = regular
     Number of bins = 32
     Radius = 4
     Sampling percentage  = 0.25
   Transform = Rigid
     Gradient step = 0.1
     Update field sigma (voxel space) = 0
     Total field sigma (voxel space) = 0
     Update field time sigma = 0
     Total field time sigma  = 0
     Number of time indices = 0
     Number of time point samples = 0
Registration using 1 total stages.

Stage 0
  iterations = 0
  convergence threshold = 1e-06
  convergence window size = 10
  number of levels = 1
  using the Mattes MI metric (number of bins = 32, weight = 1, use gradient filter = 0)
  preprocessing:  winsorizing the image intensities
  Shrink factors (level 1 out of 1): [1, 1, 1]
  smoothing sigmas per level: [0]
  regular sampling (percentage = 0.25)

*** Running Euler3DTransform registration ***

  Elapsed time (stage 0): 1.08094


Total elapsed time: 1.08335
Info [verificarlo]: loaded backend libinterflop_vprec.so
Info [interflop-vprec]: load backend with: 
Info [interflop-vprec]: precision-binary32 = 19
Info [interflop-vprec]: range-binary32 = 8
Info [interflop-vprec]: precision-binary64 = 19
Info [interflop-vprec]: range-binary64 = 8
Info [interflop-vprec]: mode = ob
Info [interflop-vprec]: error-mode = rel
Info [interflop-vprec]: max-abs-error-exponent = -1022
Info [interflop-vprec]: daz = false
Info [interflop-vprec]: ftz = false
Info [interflop-vprec]: 	instrument = none
Info [interflop-vprec]: 	prec-input-file = (null)
Info [interflop-vprec]: 	prec-output-file = (null)
Info [interflop-vprec]: 	prec-log-file = (null)
All_Command_lines_OK
Using double precision for computations.
=============================================================================
The composite transform comprises the following transforms (in order): 
  1. /home/mdugre/scratch/mri-registration-rp/datasets/ds004513/derivatives/mri-registration-rp/0100/antsRegistration-r8-p19/sub-s035/align_Composite.h5[0] (type = Euler3DTransform)
  2. /home/mdugre/scratch/mri-registration-rp/datasets/ds004513/derivatives/mri-registration-rp/0100/antsRegistration-r8-p19/sub-s035/align_Composite.h5[1] (type = Euler3DTransform)
=============================================================================
  number of levels = 4
  fixed image: /templateflow/tpl-MNI152NLin2009cAsym/tpl-MNI152NLin2009cAsym_res-01_desc-brain_T1w.nii.gz
  moving image: /home/mdugre/scratch/mri-registration-rp/datasets/ds004513/derivatives/mri-registration-rp/antsBrainExtraction/sub-s035/BrainExtractionBrain.nii.gz
Dimension = 3
Number of stages = 1
Use histogram matching = false
Winsorize image intensities = true
  Lower quantile = 0.005
  Upper quantile = 0.995


Stage 1 State
   Image metric = MattesMI
     Fixed image = Image (0x3f911e0)
  RTTI typeinfo:   itk::Image<double, 3u>
  Reference Count: 2
  Modified Time: 1578
  Debug: Off
  Object Name: 
  Observers: 
    none
  Source: (none)
  Source output name: (none)
  Release Data: Off
  Data Released: False
  Global Release Data: Off
  PipelineMTime: 0
  UpdateMTime: 1189
  RealTimeStamp: 0 seconds 
  LargestPossibleRegion: 
    Dimension: 3
    Index: [0, 0, 0]
    Size: [193, 229, 193]
  BufferedRegion: 
    Dimension: 3
    Index: [0, 0, 0]
    Size: [193, 229, 193]
  RequestedRegion: 
    Dimension: 3
    Index: [0, 0, 0]
    Size: [193, 229, 193]
  Spacing: [1, 1, 1]
  Origin: [96, 132, -78]
  Direction: 
-1 0 0
0 -1 0
0 0 1

  IndexToPointMatrix: 
-1 0 0
0 -1 0
0 0 1

  PointToIndexMatrix: 
-1 0 0
0 -1 0
0 0 1

  Inverse Direction: 
-1 0 0
0 -1 0
0 0 1

  PixelContainer: 
    ImportImageContainer (0x4050680)
      RTTI typeinfo:   itk::ImportImageContainer<unsigned long, double>
      Reference Count: 1
      Modified Time: 1186
      Debug: Off
      Object Name: 
      Observers: 
        none
      Pointer: 0x150fd74bd010
      Container manages memory: true
      Size: 8530021
      Capacity: 8530021

     Moving image = Image (0x404cb20)
  RTTI typeinfo:   itk::Image<double, 3u>
  Reference Count: 2
  Modified Time: 1579
  Debug: Off
  Object Name: 
  Observers: 
    none
  Source: (none)
  Source output name: (none)
  Release Data: Off
  Data Released: False
  Global Release Data: Off
  PipelineMTime: 0
  UpdateMTime: 1576
  RealTimeStamp: 0 seconds 
  LargestPossibleRegion: 
    Dimension: 3
    Index: [0, 0, 0]
    Size: [160, 240, 256]
  BufferedRegion: 
    Dimension: 3
    Index: [0, 0, 0]
    Size: [160, 240, 256]
  RequestedRegion: 
    Dimension: 3
    Index: [0, 0, 0]
    Size: [160, 240, 256]
  Spacing: [1, 1, 1]
  Origin: [98.6438, 87.6359, -117.989]
  Direction: 
-0.993515 -0.100993 -0.0522355
0.100854 -0.994887 0.00530255
-0.0525039 1.93537e-08 0.998621

  IndexToPointMatrix: 
-0.993515 -0.100993 -0.0522355
0.100854 -0.994887 0.00530255
-0.0525039 1.93537e-08 0.998621

  PointToIndexMatrix: 
-0.993515 0.100854 -0.0525039
-0.100993 -0.994887 -2.00048e-06
-0.0522356 0.00530149 0.998621

  Inverse Direction: 
-0.993515 0.100854 -0.0525039
-0.100993 -0.994887 -2.00048e-06
-0.0522356 0.00530149 0.998621

  PixelContainer: 
    ImportImageContainer (0x40b5d50)
      RTTI typeinfo:   itk::ImportImageContainer<unsigned long, double>
      Reference Count: 1
      Modified Time: 1573
      Debug: Off
      Object Name: 
      Observers: 
        none
      Pointer: 0x150fd29bc010
      Container manages memory: true
      Size: 9830400
      Capacity: 9830400

     Weighting = 1
     Sampling strategy = regular
     Number of bins = 32
     Radius = 4
     Sampling percentage  = 0.25
   Transform = Rigid
     Gradient step = 0.1
     Update field sigma (voxel space) = 0
     Total field sigma (voxel space) = 0
     Update field time sigma = 0
     Total field time sigma  = 0
     Number of time indices = 0
     Number of time point samples = 0
Registration using 1 total stages.

Stage 0
  iterations = 1000x500x250x100
  convergence threshold = 1e-06
  convergence window size = 10
  number of levels = 4
  using the Mattes MI metric (number of bins = 32, weight = 1, use gradient filter = 0)
  preprocessing:  winsorizing the image intensities
  Shrink factors (level 1 out of 4): [8, 8, 8]
  Shrink factors (level 2 out of 4): [4, 4, 4]
  Shrink factors (level 3 out of 4): [2, 2, 2]
  Shrink factors (level 4 out of 4): [1, 1, 1]
  smoothing sigmas per level: [3, 2, 1, 0]
  regular sampling (percentage = 0.25)

*** Running Euler3DTransform registration ***

DIAGNOSTIC,Iteration,metricValue,convergenceValue,ITERATION_TIME_INDEX,SINCE_LAST
 2DIAGNOSTIC,     1, -5.238659395922e-01, 1.797693134862e+308, 0.0000e+00, 0.0000e+00, 
 2DIAGNOSTIC,     2, -5.258068801663e-01, 1.797693134862e+308, 0.0000e+00, 0.0000e+00, 
 2DIAGNOSTIC,     3, -5.278863227341e-01, 1.797693134862e+308, 0.0000e+00, 0.0000e+00, 
 2DIAGNOSTIC,     4, -5.301993975266e-01, 1.797693134862e+308, 0.0000e+00, 0.0000e+00, 
 2DIAGNOSTIC,     5, -5.344216814831e-01, 1.797693134862e+308, 0.0000e+00, 0.0000e+00, 
 2DIAGNOSTIC,     6, -5.400511907425e-01, 1.797693134862e+308, 0.0000e+00, 0.0000e+00, 
 2DIAGNOSTIC,     7, -5.492037680173e-01, 1.797693134862e+308, 0.0000e+00, 0.0000e+00, 
 2DIAGNOSTIC,     8, -5.543780953833e-01, 1.797693134862e+308, 0.0000e+00, 0.0000e+00, 
 2DIAGNOSTIC,     9, -5.605703056670e-01, 1.797693134862e+308, 0.0000e+00, 0.0000e+00, 
 2DIAGNOSTIC,    10, -5.617767539286e-01, 5.084032689865e-03, 0.0000e+00, 0.0000e+00, 
 2DIAGNOSTIC,    11, -5.647867647771e-01, 4.796396973312e-03, 0.0000e+00, 0.0000e+00, 
 2DIAGNOSTIC,    12, -5.655188127565e-01, 4.240232727851e-03, 0.0000e+00, 0.0000e+00, 
 2DIAGNOSTIC,    13, -5.664787804857e-01, 3.510896743584e-03, 0.0000e+00, 0.0000e+00, 
 2DIAGNOSTIC,    14, -5.734092186933e-01, 2.911182249254e-03, 0.0000e+00, 0.0000e+00, 
 2DIAGNOSTIC,    15, -5.783395772778e-01, 2.437070922085e-03, 0.0000e+00, 0.0000e+00, 
 2DIAGNOSTIC,    16, -5.825356485323e-01, 2.111117027424e-03, 0.0000e+00, 0.0000e+00, 
 2DIAGNOSTIC,    17, -5.863124458653e-01, 2.020257294015e-03, 0.0000e+00, 0.0000e+00, 
 2DIAGNOSTIC,    18, -5.885036510923e-01, 1.958973098333e-03, 0.0000e+00, 0.0000e+00, 
 2DIAGNOSTIC,    19, -5.895962933001e-01, 1.916770709307e-03, 0.0000e+00, 0.0000e+00, 
 2DIAGNOSTIC,    20, -5.908193031579e-01, 1.759752071830e-03, 0.0000e+00, 0.0000e+00, 
 2DIAGNOSTIC,    21, -5.919271069476e-01, 1.554624712215e-03, 0.0000e+00, 0.0000e+00, 
 2DIAGNOSTIC,    22, -5.948517608545e-01, 1.309254858133e-03, 0.0000e+00, 0.0000e+00, 
 2DIAGNOSTIC,    23, -6.049597566073e-01, 1.201934661016e-03, 0.0000e+00, 0.0000e+00, 
 2DIAGNOSTIC,    24, -6.056288301975e-01, 1.144635129439e-03, 0.0000e+00, 0.0000e+00, 
 2DIAGNOSTIC,    25, -6.069089794194e-01, 1.111039508201e-03, 0.0000e+00, 0.0000e+00, 
 2DIAGNOSTIC,    26, -6.089229295251e-01, 1.095886526447e-03, 0.0000e+00, 0.0000e+00, 
 2DIAGNOSTIC,    27, -6.117538417101e-01, 1.097891310060e-03, 0.0000e+00, 0.0000e+00, 
 2DIAGNOSTIC,    28, -6.163335194327e-01, 1.112415159656e-03, 0.0000e+00, 0.0000e+00, 
 2DIAGNOSTIC,    29, -6.223665797256e-01, 1.140821456981e-03, 0.0000e+00, 0.0000e+00, 
 2DIAGNOSTIC,    30, -6.272566800360e-01, 1.161007825037e-03, 0.0000e+00, 0.0000e+00, 
 2DIAGNOSTIC,    31, -6.332326810152e-01, 1.182407140814e-03, 0.0000e+00, 0.0000e+00, 
 2DIAGNOSTIC,    32, -6.333029040198e-01, 1.131298593907e-03, 0.0000e+00, 0.0000e+00, 
 2DIAGNOSTIC,    33, -6.338538196983e-01, 1.135538940522e-03, 0.0000e+00, 0.0000e+00, 
 2DIAGNOSTIC,    34, -6.350735084553e-01, 1.058801725206e-03, 0.0000e+00, 0.0000e+00, 
 2DIAGNOSTIC,    35, -6.375559958869e-01, 9.372951583022e-04, 0.0000e+00, 0.0000e+00, 
 2DIAGNOSTIC,    36, -6.390169461895e-01, 7.798047915176e-04, 0.0000e+00, 0.0000e+00, 
 2DIAGNOSTIC,    37, -6.396023926092e-01, 6.023291097656e-04, 0.0000e+00, 0.0000e+00, 
 2DIAGNOSTIC,    38, -6.403960187263e-01, 4.462204504432e-04, 0.0000e+00, 0.0000e+00, 
 2DIAGNOSTIC,    39, -6.415936043705e-01, 3.445908211733e-04, 0.0000e+00, 0.0000e+00, 
 2DIAGNOSTIC,    40, -6.417542895319e-01, 2.736859618993e-04, 0.0000e+00, 0.0000e+00, 
 2DIAGNOSTIC,    41, -6.419362925117e-01, 2.526879050495e-04, 0.0000e+00, 0.0000e+00, 
 2DIAGNOSTIC,    42, -6.422464246944e-01, 2.135254700519e-04, 0.0000e+00, 0.0000e+00, 
 2DIAGNOSTIC,    43, -6.423431563369e-01, 1.631784931942e-04, 0.0000e+00, 0.0000e+00, 
 2DIAGNOSTIC,    44, -6.426520807953e-01, 1.156724999388e-04, 0.0000e+00, 0.0000e+00, 
 2DIAGNOSTIC,    45, -6.429979734706e-01, 8.903843726821e-05, 0.0000e+00, 0.0000e+00, 
 2DIAGNOSTIC,    46, -6.430567872011e-01, 7.094294099907e-05, 0.0000e+00, 0.0000e+00, 
 2DIAGNOSTIC,    47, -6.430754685351e-01, 5.301637776491e-05, 0.0000e+00, 0.0000e+00, 
 2DIAGNOSTIC,    48, -6.435048566990e-01, 4.268482389204e-05, 0.0000e+00, 0.0000e+00, 
 2DIAGNOSTIC,    49, -6.433082926828e-01, 3.830280926689e-05, 0.0000e+00, 0.0000e+00, 
 2DIAGNOSTIC,    50, -6.434723462868e-01, 3.361270066697e-05, 0.0000e+00, 0.0000e+00, 
 2DIAGNOSTIC,    51, -6.438879225951e-01, 3.144338425468e-05, 0.0000e+00, 0.0000e+00, 
 2DIAGNOSTIC,    52, -6.470635365862e-01, 5.790205995494e-05, 0.0000e+00, 0.0000e+00, 
 2DIAGNOSTIC,    53, -6.638985303598e-01, 2.271018580803e-04, 0.0000e+00, 0.0000e+00, 
 2DIAGNOSTIC,    54, -6.667988896761e-01, 3.917224169437e-04, 0.0000e+00, 0.0000e+00, 
 2DIAGNOSTIC,    55, -6.674005149026e-01, 5.218118607244e-04, 0.0000e+00, 0.0000e+00, 
 2DIAGNOSTIC,    56, -6.678798578222e-01, 6.035917242011e-04, 0.0000e+00, 0.0000e+00, 
 2DIAGNOSTIC,    57, -6.685350136113e-01, 6.291496091269e-04, 0.0000e+00, 0.0000e+00, 
 2DIAGNOSTIC,    58, -6.689972885391e-01, 5.982030879328e-04, 0.0000e+00, 0.0000e+00, 
 2DIAGNOSTIC,    59, -6.695244212119e-01, 5.131609246781e-04, 0.0000e+00, 0.0000e+00, 
 2DIAGNOSTIC,    60, -6.699516564775e-01, 3.887294385371e-04, 0.0000e+00, 0.0000e+00, 
 2DIAGNOSTIC,    61, -6.702162501636e-01, 2.377631929697e-04, 0.0000e+00, 0.0000e+00, 
 2DIAGNOSTIC,    62, -6.712286074559e-01, 9.725433426691e-05, 0.0000e+00, 0.0000e+00, 
 2DIAGNOSTIC,    63, -6.712272894547e-01, 7.510386937289e-05, 0.0000e+00, 0.0000e+00, 
 2DIAGNOSTIC,    64, -6.712343358132e-01, 6.753363285120e-05, 0.0000e+00, 0.0000e+00, 
 2DIAGNOSTIC,    65, -6.712450045614e-01, 5.817098030007e-05, 0.0000e+00, 0.0000e+00, 
 2DIAGNOSTIC,    66, -6.712630893991e-01, 4.693809217627e-05, 0.0000e+00, 0.0000e+00, 
 2DIAGNOSTIC,    67, -6.712908699741e-01, 3.616331971755e-05, 0.0000e+00, 0.0000e+00, 
 2DIAGNOSTIC,    68, -6.713392778593e-01, 2.568231640051e-05, 0.0000e+00, 0.0000e+00, 
 2DIAGNOSTIC,    69, -6.714115645510e-01, 1.713363674664e-05, 0.0000e+00, 0.0000e+00, 
 2DIAGNOSTIC,    70, -6.714574109392e-01, 1.036422746453e-05, 0.0000e+00, 0.0000e+00, 
 2DIAGNOSTIC,    71, -6.713125223105e-01, 3.434115765522e-06, 0.0000e+00, 0.0000e+00, 
 2DIAGNOSTIC,    72, -6.713930697590e-01, 3.398834282305e-06, 0.0000e+00, 0.0000e+00, 
 2DIAGNOSTIC,    73, -6.715069821625e-01, 3.760229635698e-06, 0.0000e+00, 0.0000e+00, 
 2DIAGNOSTIC,    74, -6.716205770806e-01, 4.501120837297e-06, 0.0000e+00, 0.0000e+00, 
 2DIAGNOSTIC,    75, -6.717138202182e-01, 5.459658350962e-06, 0.0000e+00, 0.0000e+00, 
 2DIAGNOSTIC,    76, -6.716319285214e-01, 5.547371213759e-06, 0.0000e+00, 0.0000e+00, 
 2DIAGNOSTIC,    77, -6.716343163831e-01, 5.344433861616e-06, 0.0000e+00, 0.0000e+00, 
 2DIAGNOSTIC,    78, -6.716405900003e-01, 4.957280771128e-06, 0.0000e+00, 0.0000e+00, 
 2DIAGNOSTIC,    79, -6.716423865239e-01, 4.535931827856e-06, 0.0000e+00, 0.0000e+00, 
 2DIAGNOSTIC,    80, -6.718400881751e-01, 5.140193161829e-06, 0.0000e+00, 0.0000e+00, 
 2DIAGNOSTIC,    81, -6.716487567277e-01, 3.373129569847e-06, 0.0000e+00, 0.0000e+00, 
 2DIAGNOSTIC,    82, -6.716481205706e-01, 1.850826021828e-06, 0.0000e+00, 0.0000e+00, 
DIAGNOSTIC,Iteration,metricValue,convergenceValue,ITERATION_TIME_INDEX,SINCE_LAST
 2DIAGNOSTIC,     1, -5.448829310082e-01, 1.797693134862e+308, 0.0000e+00, 0.0000e+00, 
 2DIAGNOSTIC,     2, -5.452037464753e-01, 1.797693134862e+308, 0.0000e+00, 0.0000e+00, 
 2DIAGNOSTIC,     3, -5.456936316265e-01, 1.797693134862e+308, 0.0000e+00, 0.0000e+00, 
 2DIAGNOSTIC,     4, -5.464190216113e-01, 1.797693134862e+308, 0.0000e+00, 0.0000e+00, 
 2DIAGNOSTIC,     5, -5.474019295119e-01, 1.797693134862e+308, 0.0000e+00, 0.0000e+00, 
 2DIAGNOSTIC,     6, -5.488613389278e-01, 1.797693134862e+308, 0.0000e+00, 0.0000e+00, 
 2DIAGNOSTIC,     7, -5.516564964489e-01, 1.797693134862e+308, 0.0000e+00, 0.0000e+00, 
 2DIAGNOSTIC,     8, -5.547465448435e-01, 1.797693134862e+308, 0.0000e+00, 0.0000e+00, 
 2DIAGNOSTIC,     9, -5.570285152246e-01, 1.797693134862e+308, 0.0000e+00, 0.0000e+00, 
 2DIAGNOSTIC,    10, -5.576005474834e-01, 1.661571352344e-03, 0.0000e+00, 0.0000e+00, 
 2DIAGNOSTIC,    11, -5.578198290490e-01, 1.614964430569e-03, 0.0000e+00, 0.0000e+00, 
 2DIAGNOSTIC,    12, -5.598665277492e-01, 1.532395062112e-03, 0.0000e+00, 0.0000e+00, 
 2DIAGNOSTIC,    13, -5.612000061440e-01, 1.392618394458e-03, 0.0000e+00, 0.0000e+00, 
 2DIAGNOSTIC,    14, -5.612205570077e-01, 1.173386095783e-03, 0.0000e+00, 0.0000e+00, 
 2DIAGNOSTIC,    15, -5.612394205987e-01, 9.137564063775e-04, 0.0000e+00, 0.0000e+00, 
 2DIAGNOSTIC,    16, -5.613313095073e-01, 6.533034592768e-04, 0.0000e+00, 0.0000e+00, 
 2DIAGNOSTIC,    17, -5.614103851012e-01, 4.478087781797e-04, 0.0000e+00, 0.0000e+00, 
 2DIAGNOSTIC,    18, -5.615827900020e-01, 3.146627324123e-04, 0.0000e+00, 0.0000e+00, 
 2DIAGNOSTIC,    19, -5.619454322915e-01, 2.382943331260e-04, 0.0000e+00, 0.0000e+00, 
 2DIAGNOSTIC,    20, -5.619873354118e-01, 1.642140122939e-04, 0.0000e+00, 0.0000e+00, 
 2DIAGNOSTIC,    21, -5.621201754962e-01, 8.977089919626e-05, 0.0000e+00, 0.0000e+00, 
 2DIAGNOSTIC,    22, -5.627436162961e-01, 7.509469891575e-05, 0.0000e+00, 0.0000e+00, 
 2DIAGNOSTIC,    23, -5.629747776498e-01, 8.915003419691e-05, 0.0000e+00, 0.0000e+00, 
 2DIAGNOSTIC,    24, -5.630051399568e-01, 9.483901243695e-05, 0.0000e+00, 0.0000e+00, 
 2DIAGNOSTIC,    25, -5.633889617232e-01, 9.972586193687e-05, 0.0000e+00, 0.0000e+00, 
 2DIAGNOSTIC,    26, -5.636319830091e-01, 1.014314562365e-04, 0.0000e+00, 0.0000e+00, 
 2DIAGNOSTIC,    27, -5.636452006672e-01, 9.506132885205e-05, 0.0000e+00, 0.0000e+00, 
 2DIAGNOSTIC,    28, -5.636427281009e-01, 8.329730611333e-05, 0.0000e+00, 0.0000e+00, 
 2DIAGNOSTIC,    29, -5.636496349293e-01, 7.129901051002e-05, 0.0000e+00, 0.0000e+00, 
 2DIAGNOSTIC,    30, -5.636598282172e-01, 5.435753992387e-05, 0.0000e+00, 0.0000e+00, 
 2DIAGNOSTIC,    31, -5.636706297076e-01, 3.550036026710e-05, 0.0000e+00, 0.0000e+00, 
 2DIAGNOSTIC,    32, -5.636743568856e-01, 2.452397674747e-05, 0.0000e+00, 0.0000e+00, 
 2DIAGNOSTIC,    33, -5.637446709804e-01, 1.675812975235e-05, 0.0000e+00, 0.0000e+00, 
 2DIAGNOSTIC,    34, -5.638065407409e-01, 9.188006464246e-06, 0.0000e+00, 0.0000e+00, 
 2DIAGNOSTIC,    35, -5.640376033247e-01, 1.008938472282e-05, 0.0000e+00, 0.0000e+00, 
 2DIAGNOSTIC,    36, -5.640948995679e-01, 1.423504517941e-05, 0.0000e+00, 0.0000e+00, 
 2DIAGNOSTIC,    37, -5.641811799152e-01, 1.828043820224e-05, 0.0000e+00, 0.0000e+00, 
 2DIAGNOSTIC,    38, -5.660290880671e-01, 4.513513346356e-05, 0.0000e+00, 0.0000e+00, 
 2DIAGNOSTIC,    39, -5.663191738070e-01, 6.955148404676e-05, 0.0000e+00, 0.0000e+00, 
 2DIAGNOSTIC,    40, -5.663068284745e-01, 8.630368730794e-05, 0.0000e+00, 0.0000e+00, 
 2DIAGNOSTIC,    41, -5.663865115709e-01, 9.560773780374e-05, 0.0000e+00, 0.0000e+00, 
 2DIAGNOSTIC,    42, -5.664887592697e-01, 9.664545087339e-05, 0.0000e+00, 0.0000e+00, 
 2DIAGNOSTIC,    43, -5.665014260963e-01, 8.906835458716e-05, 0.0000e+00, 0.0000e+00, 
 2DIAGNOSTIC,    44, -5.664934410525e-01, 7.385676592124e-05, 0.0000e+00, 0.0000e+00, 
 2DIAGNOSTIC,    45, -5.664944238559e-01, 5.529384226495e-05, 0.0000e+00, 0.0000e+00, 
 2DIAGNOSTIC,    46, -5.664953834782e-01, 3.321985419603e-05, 0.0000e+00, 0.0000e+00, 
 2DIAGNOSTIC,    47, -5.664956833911e-01, 9.355871207109e-06, 0.0000e+00, 0.0000e+00, 
 2DIAGNOSTIC,    48, -5.665054207801e-01, 5.197016833509e-06, 0.0000e+00, 0.0000e+00, 
 2DIAGNOSTIC,    49, -5.665064197009e-01, 3.814610750556e-06, 0.0000e+00, 0.0000e+00, 
 2DIAGNOSTIC,    50, -5.665073499197e-01, 2.061949655935e-06, 0.0000e+00, 0.0000e+00, 
DIAGNOSTIC,Iteration,metricValue,convergenceValue,ITERATION_TIME_INDEX,SINCE_LAST
 2DIAGNOSTIC,     1, -5.042952321604e-01, 1.797693134862e+308, 0.0000e+00, 0.0000e+00, 
 2DIAGNOSTIC,     2, -5.045182433573e-01, 1.797693134862e+308, 0.0000e+00, 0.0000e+00, 
 2DIAGNOSTIC,     3, -5.045557862185e-01, 1.797693134862e+308, 0.0000e+00, 0.0000e+00, 
 2DIAGNOSTIC,     4, -5.045622018087e-01, 1.797693134862e+308, 0.0000e+00, 0.0000e+00, 
 2DIAGNOSTIC,     5, -5.045652053607e-01, 1.797693134862e+308, 0.0000e+00, 0.0000e+00, 
 2DIAGNOSTIC,     6, -5.045664347395e-01, 1.797693134862e+308, 0.0000e+00, 0.0000e+00, 
 2DIAGNOSTIC,     7, -5.045643796903e-01, 1.797693134862e+308, 0.0000e+00, 0.0000e+00, 
 2DIAGNOSTIC,     8, -5.045635433928e-01, 1.797693134862e+308, 0.0000e+00, 0.0000e+00, 
 2DIAGNOSTIC,     9, -5.045622424906e-01, 1.797693134862e+308, 0.0000e+00, 0.0000e+00, 
 2DIAGNOSTIC,    10, -5.045628951848e-01, 2.079162391960e-05, 0.0000e+00, 0.0000e+00, 
 2DIAGNOSTIC,    11, -5.045650591230e-01, 5.544446937483e-06, 0.0000e+00, 0.0000e+00, 
 2DIAGNOSTIC,    12, -5.045651393726e-01, 3.025989382122e-06, 0.0000e+00, 0.0000e+00, 
 2DIAGNOSTIC,    13, -5.045650450920e-01, 2.480350407078e-06, 0.0000e+00, 0.0000e+00, 
 2DIAGNOSTIC,    14, -5.045650154247e-01, 2.264278477493e-06, 0.0000e+00, 0.0000e+00, 
 2DIAGNOSTIC,    15, -5.045650107863e-01, 2.186575181889e-06, 0.0000e+00, 0.0000e+00, 
 2DIAGNOSTIC,    16, -5.045650107863e-01, 2.154868468093e-06, 0.0000e+00, 0.0000e+00, 
 2DIAGNOSTIC,    17, -5.045650089792e-01, 2.043238058518e-06, 0.0000e+00, 0.0000e+00, 
 2DIAGNOSTIC,    18, -5.045649908158e-01, 1.903506943179e-06, 0.0000e+00, 0.0000e+00, 
 2DIAGNOSTIC,    19, -5.045649917426e-01, 1.727204351015e-06, 0.0000e+00, 0.0000e+00, 
 2DIAGNOSTIC,    20, -5.045649917426e-01, 1.579836173847e-06, 0.0000e+00, 0.0000e+00, 
 2DIAGNOSTIC,    21, -5.045649914333e-01, 1.505050690603e-06, 0.0000e+00, 0.0000e+00, 
 2DIAGNOSTIC,    22, -5.045649914333e-01, 1.439733079041e-06, 0.0000e+00, 0.0000e+00, 
 2DIAGNOSTIC,    23, -5.045649877457e-01, 1.377962313559e-06, 0.0000e+00, 0.0000e+00, 
 2DIAGNOSTIC,    24, -5.045650023933e-01, 1.321144412619e-06, 0.0000e+00, 0.0000e+00, 
 2DIAGNOSTIC,    25, -5.045650023933e-01, 1.268839275689e-06, 0.0000e+00, 0.0000e+00, 
 2DIAGNOSTIC,    26, -5.045650023933e-01, 1.220592014017e-06, 0.0000e+00, 0.0000e+00, 
 2DIAGNOSTIC,    27, -5.045650008279e-01, 1.175846093375e-06, 0.0000e+00, 0.0000e+00, 
 2DIAGNOSTIC,    28, -5.045650008279e-01, 1.133869794924e-06, 0.0000e+00, 0.0000e+00, 
 2DIAGNOSTIC,    29, -5.045650012406e-01, 1.094748248810e-06, 0.0000e+00, 0.0000e+00, 
 2DIAGNOSTIC,    30, -5.045650012406e-01, 1.058174977413e-06, 0.0000e+00, 0.0000e+00, 
 2DIAGNOSTIC,    31, -5.045650012406e-01, 1.023911743371e-06, 0.0000e+00, 0.0000e+00, 
DIAGNOSTIC,Iteration,metricValue,convergenceValue,ITERATION_TIME_INDEX,SINCE_LAST
 2DIAGNOSTIC,     1, -4.670134463816e-01, 1.797693134862e+308, 0.0000e+00, 0.0000e+00, 
 2DIAGNOSTIC,     2, -4.672256482348e-01, 1.797693134862e+308, 0.0000e+00, 0.0000e+00, 
 2DIAGNOSTIC,     3, -4.674483060111e-01, 1.797693134862e+308, 0.0000e+00, 0.0000e+00, 
 2DIAGNOSTIC,     4, -4.674483138085e-01, 1.797693134862e+308, 0.0000e+00, 0.0000e+00, 
 2DIAGNOSTIC,     5, -4.674481871516e-01, 1.797693134862e+308, 0.0000e+00, 0.0000e+00, 
 2DIAGNOSTIC,     6, -4.674479495449e-01, 1.797693134862e+308, 0.0000e+00, 0.0000e+00, 
 2DIAGNOSTIC,     7, -4.674479164299e-01, 1.797693134862e+308, 0.0000e+00, 0.0000e+00, 
 2DIAGNOSTIC,     8, -4.674475542926e-01, 1.797693134862e+308, 0.0000e+00, 0.0000e+00, 
 2DIAGNOSTIC,     9, -4.674481762408e-01, 1.797693134862e+308, 0.0000e+00, 0.0000e+00, 
 2DIAGNOSTIC,    10, -4.674469951928e-01, 4.131129800973e-05, 2.0480e+03, 2.0480e+03, 
 2DIAGNOSTIC,    11, -4.674469351721e-01, 1.503238567671e-05, 2.0480e+03, 0.0000e+00, 
 2DIAGNOSTIC,    12, -4.674470489437e-01, 2.479613480461e-06, 2.0480e+03, 0.0000e+00, 
 2DIAGNOSTIC,    13, -4.674470579278e-01, 2.287117112906e-06, 2.0480e+03, 0.0000e+00, 
 2DIAGNOSTIC,    14, -4.674469434653e-01, 2.131278726891e-06, 2.0480e+03, 0.0000e+00, 
 2DIAGNOSTIC,    15, -4.674468426850e-01, 2.000310786648e-06, 2.0480e+03, 0.0000e+00, 
 2DIAGNOSTIC,    16, -4.674468404289e-01, 1.887671157330e-06, 2.0480e+03, 0.0000e+00, 
 2DIAGNOSTIC,    17, -4.674468490628e-01, 1.795989846301e-06, 2.0480e+03, 0.0000e+00, 
 2DIAGNOSTIC,    18, -4.674468425119e-01, 1.707377146255e-06, 2.0480e+03, 0.0000e+00, 
 2DIAGNOSTIC,    19, -4.674468430917e-01, 1.654359970099e-06, 2.0480e+03, 0.0000e+00, 
 2DIAGNOSTIC,    20, -4.674467969009e-01, 1.570960688195e-06, 2.0480e+03, 0.0000e+00, 
 2DIAGNOSTIC,    21, -4.674467977972e-01, 1.495149053815e-06, 2.0480e+03, 0.0000e+00, 
 2DIAGNOSTIC,    22, -4.674468025866e-01, 1.430879312279e-06, 2.0480e+03, 0.0000e+00, 
 2DIAGNOSTIC,    23, -4.674466966124e-01, 1.370739128891e-06, 2.0480e+03, 0.0000e+00, 
 2DIAGNOSTIC,    24, -4.674467002127e-01, 1.313794511362e-06, 2.0480e+03, 0.0000e+00, 
 2DIAGNOSTIC,    25, -4.674466958956e-01, 1.259621502998e-06, 2.0480e+03, 0.0000e+00, 
 2DIAGNOSTIC,    26, -4.674467067144e-01, 1.210680811464e-06, 2.0480e+03, 0.0000e+00, 
 2DIAGNOSTIC,    27, -4.674466008234e-01, 1.164081199864e-06, 2.0480e+03, 0.0000e+00, 
 2DIAGNOSTIC,    28, -4.674468058185e-01, 1.126263456885e-06, 2.0480e+03, 0.0000e+00, 
 2DIAGNOSTIC,    29, -4.674468041797e-01, 1.091582683264e-06, 2.0480e+03, 0.0000e+00, 
 2DIAGNOSTIC,    30, -4.674468059780e-01, 1.058541006960e-06, 2.0480e+03, 0.0000e+00, 
 2DIAGNOSTIC,    31, -4.674468027342e-01, 1.027547266538e-06, 2.0480e+03, 0.0000e+00, 
  Elapsed time (stage 0): 2.0480e+03


Total elapsed time: 2.0480e+03
Info [verificarlo]: loaded backend libinterflop_ieee.so
Info [interflop-ieee]: load backend with:
Info [interflop-ieee]: debug = false
Info [interflop-ieee]: debug-binary = false
Info [interflop-ieee]: no-backend-name = false
Info [interflop-ieee]: print-new-line = false
Info [interflop-ieee]: print-subnormal-normalized = false
Info [interflop-ieee]: count-op = false
All_Command_lines_OK
Using double precision for computations.
=============================================================================
The composite transform comprises the following transforms (in order): 
  1. /home/mdugre/scratch/mri-registration-rp/datasets/ds004513/derivatives/mri-registration-rp/0100/antsRegistration-r8-p19/sub-s035/rigid_Composite.h5[0] (type = Euler3DTransform)
  2. /home/mdugre/scratch/mri-registration-rp/datasets/ds004513/derivatives/mri-registration-rp/0100/antsRegistration-r8-p19/sub-s035/rigid_Composite.h5[1] (type = Euler3DTransform)
  3. /home/mdugre/scratch/mri-registration-rp/datasets/ds004513/derivatives/mri-registration-rp/0100/antsRegistration-r8-p19/sub-s035/rigid_Composite.h5[2] (type = Euler3DTransform)
=============================================================================
  number of levels = 4
  fixed image: /templateflow/tpl-MNI152NLin2009cAsym/tpl-MNI152NLin2009cAsym_res-01_desc-brain_T1w.nii.gz
  moving image: /home/mdugre/scratch/mri-registration-rp/datasets/ds004513/derivatives/mri-registration-rp/antsBrainExtraction/sub-s035/BrainExtractionBrain.nii.gz
Dimension = 3
Number of stages = 1
Use histogram matching = false
Winsorize image intensities = true
  Lower quantile = 0.005
  Upper quantile = 0.995


Stage 1 State
   Image metric = MattesMI
     Fixed image = Image (0x420e7e0)
  RTTI typeinfo:   itk::Image<double, 3u>
  Reference Count: 2
  Modified Time: 1592
  Debug: Off
  Object Name: 
  Observers: 
    none
  Source: (none)
  Source output name: (none)
  Release Data: Off
  Data Released: False
  Global Release Data: Off
  PipelineMTime: 0
  UpdateMTime: 1203
  RealTimeStamp: 0 seconds 
  LargestPossibleRegion: 
    Dimension: 3
    Index: [0, 0, 0]
    Size: [193, 229, 193]
  BufferedRegion: 
    Dimension: 3
    Index: [0, 0, 0]
    Size: [193, 229, 193]
  RequestedRegion: 
    Dimension: 3
    Index: [0, 0, 0]
    Size: [193, 229, 193]
  Spacing: [1, 1, 1]
  Origin: [96, 132, -78]
  Direction: 
-1 0 0
0 -1 0
0 0 1

  IndexToPointMatrix: 
-1 0 0
0 -1 0
0 0 1

  PointToIndexMatrix: 
-1 0 0
0 -1 0
0 0 1

  Inverse Direction: 
-1 0 0
0 -1 0
0 0 1

  PixelContainer: 
    ImportImageContainer (0x42d9880)
      RTTI typeinfo:   itk::ImportImageContainer<unsigned long, double>
      Reference Count: 1
      Modified Time: 1200
      Debug: Off
      Object Name: 
      Observers: 
        none
      Pointer: 0x14d495307010
      Container manages memory: true
      Size: 8530021
      Capacity: 8530021

     Moving image = Image (0x42ca050)
  RTTI typeinfo:   itk::Image<double, 3u>
  Reference Count: 2
  Modified Time: 1593
  Debug: Off
  Object Name: 
  Observers: 
    none
  Source: (none)
  Source output name: (none)
  Release Data: Off
  Data Released: False
  Global Release Data: Off
  PipelineMTime: 0
  UpdateMTime: 1590
  RealTimeStamp: 0 seconds 
  LargestPossibleRegion: 
    Dimension: 3
    Index: [0, 0, 0]
    Size: [160, 240, 256]
  BufferedRegion: 
    Dimension: 3
    Index: [0, 0, 0]
    Size: [160, 240, 256]
  RequestedRegion: 
    Dimension: 3
    Index: [0, 0, 0]
    Size: [160, 240, 256]
  Spacing: [1, 1, 1]
  Origin: [98.6438, 87.6358, -117.989]
  Direction: 
-0.993515 -0.100993 -0.0522355
0.100854 -0.994887 0.00530255
-0.0525039 1.93537e-08 0.998621

  IndexToPointMatrix: 
-0.993515 -0.100993 -0.0522355
0.100854 -0.994887 0.00530255
-0.0525039 1.93537e-08 0.998621

  PointToIndexMatrix: 
-0.993515 0.100854 -0.0525039
-0.100993 -0.994887 1.93006e-08
-0.0522355 0.00530255 0.998621

  Inverse Direction: 
-0.993515 0.100854 -0.0525039
-0.100993 -0.994887 1.93006e-08
-0.0522355 0.00530255 0.998621

  PixelContainer: 
    ImportImageContainer (0x437d690)
      RTTI typeinfo:   itk::ImportImageContainer<unsigned long, double>
      Reference Count: 1
      Modified Time: 1587
      Debug: Off
      Object Name: 
      Observers: 
        none
      Pointer: 0x14d490806010
      Container manages memory: true
      Size: 9830400
      Capacity: 9830400

     Weighting = 1
     Sampling strategy = regular
     Number of bins = 32
     Radius = 4
     Sampling percentage  = 0.25
   Transform = Affine
     Gradient step = 0.1
     Update field sigma (voxel space) = 0
     Total field sigma (voxel space) = 0
     Update field time sigma = 0
     Total field time sigma  = 0
     Number of time indices = 0
     Number of time point samples = 0
Registration using 1 total stages.

Stage 0
  iterations = 1000x500x250x100
  convergence threshold = 1e-06
  convergence window size = 10
  number of levels = 4
  using the Mattes MI metric (number of bins = 32, weight = 1, use gradient filter = 0)
  preprocessing:  winsorizing the image intensities
  Shrink factors (level 1 out of 4): [8, 8, 8]
  Shrink factors (level 2 out of 4): [4, 4, 4]
  Shrink factors (level 3 out of 4): [2, 2, 2]
  Shrink factors (level 4 out of 4): [1, 1, 1]
  smoothing sigmas per level: [3, 2, 1, 0]
  regular sampling (percentage = 0.25)

*** Running AffineTransform registration ***

DIAGNOSTIC,Iteration,metricValue,convergenceValue,ITERATION_TIME_INDEX,SINCE_LAST
 2DIAGNOSTIC,     1, -6.762756190776e-01, 1.797693134862e+308, 6.4600e-01, 6.4600e-01, 
 2DIAGNOSTIC,     2, -6.782171217470e-01, 1.797693134862e+308, 6.5150e-01, 5.5010e-03, 
 2DIAGNOSTIC,     3, -6.813641641668e-01, 1.797693134862e+308, 6.5651e-01, 5.0139e-03, 
 2DIAGNOSTIC,     4, -6.870466544409e-01, 1.797693134862e+308, 6.6159e-01, 5.0781e-03, 
 2DIAGNOSTIC,     5, -6.987583294133e-01, 1.797693134862e+308, 6.6653e-01, 4.9338e-03, 
 2DIAGNOSTIC,     6, -7.107140070527e-01, 1.797693134862e+308, 6.7159e-01, 5.0621e-03, 
 2DIAGNOSTIC,     7, -7.249604678178e-01, 1.797693134862e+308, 6.7729e-01, 5.7061e-03, 
 2DIAGNOSTIC,     8, -7.353297402340e-01, 1.797693134862e+308, 6.8356e-01, 6.2690e-03, 
 2DIAGNOSTIC,     9, -7.377261842257e-01, 1.797693134862e+308, 6.8855e-01, 4.9820e-03, 
 2DIAGNOSTIC,    10, -7.387660640787e-01, 6.920068913938e-03, 6.9387e-01, 5.3248e-03, 
 2DIAGNOSTIC,    11, -7.395803299006e-01, 6.063654805221e-03, 6.9971e-01, 5.8429e-03, 
 2DIAGNOSTIC,    12, -7.405850824657e-01, 4.907061660206e-03, 7.0495e-01, 5.2381e-03, 
 2DIAGNOSTIC,    13, -7.414271670960e-01, 3.613087982329e-03, 7.1137e-01, 6.4220e-03, 
 2DIAGNOSTIC,    14, -7.415877754682e-01, 2.347633860987e-03, 7.1783e-01, 6.4549e-03, 
 2DIAGNOSTIC,    15, -7.419144194764e-01, 1.360040178078e-03, 7.2382e-01, 5.9969e-03, 
 2DIAGNOSTIC,    16, -7.419782083628e-01, 6.656550852278e-04, 7.2972e-01, 5.8911e-03, 
 2DIAGNOSTIC,    17, -7.418992994430e-01, 3.165707353048e-04, 7.3556e-01, 5.8410e-03, 
 2DIAGNOSTIC,    18, -7.419544094261e-01, 2.050476251510e-04, 7.4148e-01, 5.9240e-03, 
 2DIAGNOSTIC,    19, -7.418933210639e-01, 1.348087927154e-04, 7.4741e-01, 5.9240e-03, 
 2DIAGNOSTIC,    20, -7.417123651149e-01, 7.621576543300e-05, 7.5331e-01, 5.9090e-03, 
 2DIAGNOSTIC,    21, -7.415620981872e-01, 2.854909902632e-05, 7.5927e-01, 5.9538e-03, 
 2DIAGNOSTIC,    22, -7.416739292322e-01, 2.402064747740e-06, 7.6512e-01, 5.8560e-03, 
DIAGNOSTIC,Iteration,metricValue,convergenceValue,ITERATION_TIME_INDEX,SINCE_LAST
 2DIAGNOSTIC,     1, -6.121622302340e-01, 1.797693134862e+308, 1.5274e+00, 7.6224e-01, 
 2DIAGNOSTIC,     2, -6.125050272613e-01, 1.797693134862e+308, 1.5626e+00, 3.5202e-02, 
 2DIAGNOSTIC,     3, -6.128000806310e-01, 1.797693134862e+308, 1.6012e+00, 3.8616e-02, 
 2DIAGNOSTIC,     4, -6.130154112365e-01, 1.797693134862e+308, 1.6477e+00, 4.6494e-02, 
 2DIAGNOSTIC,     5, -6.130308926098e-01, 1.797693134862e+308, 1.6888e+00, 4.1070e-02, 
 2DIAGNOSTIC,     6, -6.130210220634e-01, 1.797693134862e+308, 1.7312e+00, 4.2455e-02, 
 2DIAGNOSTIC,     7, -6.130212937866e-01, 1.797693134862e+308, 1.7897e+00, 5.8471e-02, 
 2DIAGNOSTIC,     8, -6.130263927470e-01, 1.797693134862e+308, 1.8362e+00, 4.6489e-02, 
 2DIAGNOSTIC,     9, -6.130127997265e-01, 1.797693134862e+308, 1.8756e+00, 3.9400e-02, 
 2DIAGNOSTIC,    10, -6.129934817763e-01, 6.972224634422e-05, 1.9123e+00, 3.6688e-02, 
 2DIAGNOSTIC,    11, -6.129907906852e-01, 3.032930893003e-05, 1.9576e+00, 4.5332e-02, 
 2DIAGNOSTIC,    12, -6.129964400371e-01, 8.277366438117e-06, 2.0007e+00, 4.3138e-02, 
DIAGNOSTIC,Iteration,metricValue,convergenceValue,ITERATION_TIME_INDEX,SINCE_LAST
 2DIAGNOSTIC,     1, -5.364605702098e-01, 1.797693134862e+308, 3.0911e+00, 1.0904e+00, 
 2DIAGNOSTIC,     2, -5.367178509824e-01, 1.797693134862e+308, 3.3583e+00, 2.6727e-01, 
 2DIAGNOSTIC,     3, -5.369478117603e-01, 1.797693134862e+308, 3.7001e+00, 3.4179e-01, 
 2DIAGNOSTIC,     4, -5.370453343552e-01, 1.797693134862e+308, 4.2141e+00, 5.1392e-01, 
 2DIAGNOSTIC,     5, -5.370457078832e-01, 1.797693134862e+308, 4.5504e+00, 3.3633e-01, 
 2DIAGNOSTIC,     6, -5.370465433727e-01, 1.797693134862e+308, 4.9628e+00, 4.1241e-01, 
 2DIAGNOSTIC,     7, -5.370457212824e-01, 1.797693134862e+308, 5.2667e+00, 3.0386e-01, 
 2DIAGNOSTIC,     8, -5.370438957593e-01, 1.797693134862e+308, 5.5723e+00, 3.0561e-01, 
 2DIAGNOSTIC,     9, -5.370422895767e-01, 1.797693134862e+308, 5.8906e+00, 3.1836e-01, 
 2DIAGNOSTIC,    10, -5.370406359344e-01, 5.247444255396e-05, 6.2508e+00, 3.6016e-01, 
 2DIAGNOSTIC,    11, -5.370389632938e-01, 2.209516898954e-05, 6.6040e+00, 3.5323e-01, 
 2DIAGNOSTIC,    12, -5.370374685467e-01, 6.102368222488e-06, 6.9254e+00, 3.2142e-01, 
 2DIAGNOSTIC,    13, -5.370384392384e-01, 1.549320013491e-06, 7.2062e+00, 2.8073e-01, 
 2DIAGNOSTIC,    14, -5.370390788200e-01, 1.437698654086e-06, 7.5659e+00, 3.5974e-01, 
 2DIAGNOSTIC,    15, -5.370387318056e-01, 1.416184145564e-06, 7.8723e+00, 3.0638e-01, 
 2DIAGNOSTIC,    16, -5.370385074488e-01, 1.483816754938e-06, 8.1924e+00, 3.2014e-01, 
 2DIAGNOSTIC,    17, -5.370374293470e-01, 1.532228427734e-06, 8.5290e+00, 3.3661e-01, 
 2DIAGNOSTIC,    18, -5.370357465623e-01, 1.503674479056e-06, 8.8477e+00, 3.1864e-01, 
 2DIAGNOSTIC,    19, -5.370357148830e-01, 1.457530686692e-06, 9.1625e+00, 3.1477e-01, 
 2DIAGNOSTIC,    20, -5.370345733010e-01, 1.362528445709e-06, 9.4815e+00, 3.1903e-01, 
 2DIAGNOSTIC,    21, -5.370322043066e-01, 1.197956279494e-06, 9.7548e+00, 2.7334e-01, 
 2DIAGNOSTIC,    22, -5.370319529754e-01, 1.037207303226e-06, 1.0089e+01, 3.3370e-01, 
DIAGNOSTIC,Iteration,metricValue,convergenceValue,ITERATION_TIME_INDEX,SINCE_LAST
 2DIAGNOSTIC,     1, -4.923784514887e-01, 1.797693134862e+308, 1.3141e+01, 3.0529e+00, 
 2DIAGNOSTIC,     2, -4.925167538076e-01, 1.797693134862e+308, 1.5017e+01, 1.8756e+00, 
 2DIAGNOSTIC,     3, -4.926075927006e-01, 1.797693134862e+308, 1.7441e+01, 2.4236e+00, 
 2DIAGNOSTIC,     4, -4.926082214977e-01, 1.797693134862e+308, 1.9615e+01, 2.1745e+00, 
 2DIAGNOSTIC,     5, -4.926077713279e-01, 1.797693134862e+308, 2.1885e+01, 2.2696e+00, 
 2DIAGNOSTIC,     6, -4.926057881101e-01, 1.797693134862e+308, 2.4190e+01, 2.3056e+00, 
