
##########################
# Experiment information #
##########################

EXPERIMENT_NAME: antsRegistration-r8-p8
VFC_BACKENDS: libinterflop_vprec.so --range-binary32=8 --precision-binary32=8 --range-binary64=8 --precision-binary64=8

SIF_IMG: /home/mdugre/projects/rrg-glatard/mdugre/containers/ants-vprec-no_metrics.simg

SUBJECT_ID: s032
INPUT_IMG: /home/mdugre/scratch/mri-registration-rp/datasets/ds004513/derivatives/mri-registration-rp/antsBrainExtraction/sub-s032/BrainExtractionBrain.nii.gz
OUTPUT_DIR: /home/mdugre/scratch/mri-registration-rp/datasets/ds004513/derivatives/mri-registration-rp/0100/antsRegistration-r8-p8/sub-s032

FIXED_IMG: /templateflow/tpl-MNI152NLin2009cAsym/tpl-MNI152NLin2009cAsym_res-01_desc-brain_T1w.nii.gz
DATA_DIR: /home/mdugre/scratch/mri-registration-rp/datasets/ds004513
TEMPLATEFLOW_DIR: /home/mdugre/projects/rrg-glatard/mdugre/templateflow
ITK_GLOBAL_DEFAULT_NUMBER_OF_THREADS: 16
##########################

Info [verificarlo]: loaded backend libinterflop_ieee.so
Info [interflop-ieee]: load backend with:
Info [interflop-ieee]: debug = false
Info [interflop-ieee]: debug-binary = false
Info [interflop-ieee]: no-backend-name = false
Info [interflop-ieee]: print-new-line = false
Info [interflop-ieee]: print-subnormal-normalized = false
Info [interflop-ieee]: count-op = false
All_Command_lines_OK
Using double precision for computations.
=============================================================================
The composite transform comprises the following transforms (in order): 
  1. Center of mass alignment using fixed image: /templateflow/tpl-MNI152NLin2009cAsym/tpl-MNI152NLin2009cAsym_res-01_desc-brain_T1w.nii.gz and moving image: /home/mdugre/scratch/mri-registration-rp/datasets/ds004513/derivatives/mri-registration-rp/antsBrainExtraction/sub-s032/BrainExtractionBrain.nii.gz (type = Euler3DTransform)
=============================================================================
  number of levels = 1
  fixed image: /templateflow/tpl-MNI152NLin2009cAsym/tpl-MNI152NLin2009cAsym_res-01_desc-brain_T1w.nii.gz
  moving image: /home/mdugre/scratch/mri-registration-rp/datasets/ds004513/derivatives/mri-registration-rp/antsBrainExtraction/sub-s032/BrainExtractionBrain.nii.gz
Dimension = 3
Number of stages = 1
Use histogram matching = false
Winsorize image intensities = true
  Lower quantile = 0.005
  Upper quantile = 0.995


Stage 1 State
   Image metric = MattesMI
     Fixed image = Image (0x482ebd0)
  RTTI typeinfo:   itk::Image<double, 3u>
  Reference Count: 2
  Modified Time: 2330
  Debug: Off
  Object Name: 
  Observers: 
    none
  Source: (none)
  Source output name: (none)
  Release Data: Off
  Data Released: False
  Global Release Data: Off
  PipelineMTime: 0
  UpdateMTime: 1941
  RealTimeStamp: 0 seconds 
  LargestPossibleRegion: 
    Dimension: 3
    Index: [0, 0, 0]
    Size: [193, 229, 193]
  BufferedRegion: 
    Dimension: 3
    Index: [0, 0, 0]
    Size: [193, 229, 193]
  RequestedRegion: 
    Dimension: 3
    Index: [0, 0, 0]
    Size: [193, 229, 193]
  Spacing: [1, 1, 1]
  Origin: [96, 132, -78]
  Direction: 
-1 0 0
0 -1 0
0 0 1

  IndexToPointMatrix: 
-1 0 0
0 -1 0
0 0 1

  PointToIndexMatrix: 
-1 0 0
0 -1 0
0 0 1

  Inverse Direction: 
-1 0 0
0 -1 0
0 0 1

  PixelContainer: 
    ImportImageContainer (0x48379e0)
      RTTI typeinfo:   itk::ImportImageContainer<unsigned long, double>
      Reference Count: 1
      Modified Time: 1938
      Debug: Off
      Object Name: 
      Observers: 
        none
      Pointer: 0x14fbac84a010
      Container manages memory: true
      Size: 8530021
      Capacity: 8530021

     Moving image = Image (0x4838d40)
  RTTI typeinfo:   itk::Image<double, 3u>
  Reference Count: 2
  Modified Time: 2331
  Debug: Off
  Object Name: 
  Observers: 
    none
  Source: (none)
  Source output name: (none)
  Release Data: Off
  Data Released: False
  Global Release Data: Off
  PipelineMTime: 0
  UpdateMTime: 2328
  RealTimeStamp: 0 seconds 
  LargestPossibleRegion: 
    Dimension: 3
    Index: [0, 0, 0]
    Size: [160, 240, 256]
  BufferedRegion: 
    Dimension: 3
    Index: [0, 0, 0]
    Size: [160, 240, 256]
  RequestedRegion: 
    Dimension: 3
    Index: [0, 0, 0]
    Size: [160, 240, 256]
  Spacing: [1, 1, 1]
  Origin: [73.279, 104.707, -131.187]
  Direction: 
-0.997527 0.0645574 -0.0278053
-0.0645323 -0.997914 -0.00179875
-0.0278634 4.01097e-08 0.999612

  IndexToPointMatrix: 
-0.997527 0.0645574 -0.0278053
-0.0645323 -0.997914 -0.00179875
-0.0278634 4.01097e-08 0.999612

  PointToIndexMatrix: 
-0.997527 -0.0645323 -0.0278634
0.0645574 -0.997914 4.01049e-08
-0.0278053 -0.00179875 0.999612

  Inverse Direction: 
-0.997527 -0.0645323 -0.0278634
0.0645574 -0.997914 4.01049e-08
-0.0278053 -0.00179875 0.999612

  PixelContainer: 
    ImportImageContainer (0x485e850)
      RTTI typeinfo:   itk::ImportImageContainer<unsigned long, double>
      Reference Count: 1
      Modified Time: 2325
      Debug: Off
      Object Name: 
      Observers: 
        none
      Pointer: 0x14fba7d49010
      Container manages memory: true
      Size: 9830400
      Capacity: 9830400

     Weighting = 1
     Sampling strategy = regular
     Number of bins = 32
     Radius = 4
     Sampling percentage  = 0.25
   Transform = Rigid
     Gradient step = 0.1
     Update field sigma (voxel space) = 0
     Total field sigma (voxel space) = 0
     Update field time sigma = 0
     Total field time sigma  = 0
     Number of time indices = 0
     Number of time point samples = 0
Registration using 1 total stages.

Stage 0
  iterations = 0
  convergence threshold = 1e-06
  convergence window size = 10
  number of levels = 1
  using the Mattes MI metric (number of bins = 32, weight = 1, use gradient filter = 0)
  preprocessing:  winsorizing the image intensities
  Shrink factors (level 1 out of 1): [1, 1, 1]
  smoothing sigmas per level: [0]
  regular sampling (percentage = 0.25)

*** Running Euler3DTransform registration ***

  Elapsed time (stage 0): 1.09683


Total elapsed time: 1.09906
Info [verificarlo]: loaded backend libinterflop_vprec.so
Info [interflop-vprec]: load backend with: 
Info [interflop-vprec]: precision-binary32 = 8
Info [interflop-vprec]: range-binary32 = 8
Info [interflop-vprec]: precision-binary64 = 8
Info [interflop-vprec]: range-binary64 = 8
Info [interflop-vprec]: mode = ob
Info [interflop-vprec]: error-mode = rel
Info [interflop-vprec]: max-abs-error-exponent = -1022
Info [interflop-vprec]: daz = false
Info [interflop-vprec]: ftz = false
Info [interflop-vprec]: 	instrument = none
Info [interflop-vprec]: 	prec-input-file = (null)
Info [interflop-vprec]: 	prec-output-file = (null)
Info [interflop-vprec]: 	prec-log-file = (null)
All_Command_lines_OK
Using double precision for computations.
=============================================================================
The composite transform comprises the following transforms (in order): 
  1. /home/mdugre/scratch/mri-registration-rp/datasets/ds004513/derivatives/mri-registration-rp/0100/antsRegistration-r8-p8/sub-s032/align_Composite.h5[0] (type = Euler3DTransform)
  2. /home/mdugre/scratch/mri-registration-rp/datasets/ds004513/derivatives/mri-registration-rp/0100/antsRegistration-r8-p8/sub-s032/align_Composite.h5[1] (type = Euler3DTransform)
=============================================================================
  number of levels = 4
  fixed image: /templateflow/tpl-MNI152NLin2009cAsym/tpl-MNI152NLin2009cAsym_res-01_desc-brain_T1w.nii.gz
  moving image: /home/mdugre/scratch/mri-registration-rp/datasets/ds004513/derivatives/mri-registration-rp/antsBrainExtraction/sub-s032/BrainExtractionBrain.nii.gz
Dimension = 3
Number of stages = 1
Use histogram matching = false
Winsorize image intensities = true
  Lower quantile = 0.005
  Upper quantile = 0.995


Stage 1 State
   Image metric = MattesMI
     Fixed image = Image (0x4e241e0)
  RTTI typeinfo:   itk::Image<double, 3u>
  Reference Count: 2
  Modified Time: 1578
  Debug: Off
  Object Name: 
  Observers: 
    none
  Source: (none)
  Source output name: (none)
  Release Data: Off
  Data Released: False
  Global Release Data: Off
  PipelineMTime: 0
  UpdateMTime: 1189
  RealTimeStamp: 0 seconds 
  LargestPossibleRegion: 
    Dimension: 3
    Index: [0, 0, 0]
    Size: [193, 229, 193]
  BufferedRegion: 
    Dimension: 3
    Index: [0, 0, 0]
    Size: [193, 229, 193]
  RequestedRegion: 
    Dimension: 3
    Index: [0, 0, 0]
    Size: [193, 229, 193]
  Spacing: [1, 1, 1]
  Origin: [96, 132, -78]
  Direction: 
-1 0 0
0 -1 0
0 0 1

  IndexToPointMatrix: 
-1 0 0
0 -1 0
0 0 1

  PointToIndexMatrix: 
-1 0 0
0 -1 0
0 0 1

  Inverse Direction: 
-1 0 0
0 -1 0
0 0 1

  PixelContainer: 
    ImportImageContainer (0x4ee3680)
      RTTI typeinfo:   itk::ImportImageContainer<unsigned long, double>
      Reference Count: 1
      Modified Time: 1186
      Debug: Off
      Object Name: 
      Observers: 
        none
      Pointer: 0x1486c5623010
      Container manages memory: true
      Size: 8530021
      Capacity: 8530021

     Moving image = Image (0x4edfb20)
  RTTI typeinfo:   itk::Image<double, 3u>
  Reference Count: 2
  Modified Time: 1579
  Debug: Off
  Object Name: 
  Observers: 
    none
  Source: (none)
  Source output name: (none)
  Release Data: Off
  Data Released: False
  Global Release Data: Off
  PipelineMTime: 0
  UpdateMTime: 1576
  RealTimeStamp: 0 seconds 
  LargestPossibleRegion: 
    Dimension: 3
    Index: [0, 0, 0]
    Size: [160, 240, 256]
  BufferedRegion: 
    Dimension: 3
    Index: [0, 0, 0]
    Size: [160, 240, 256]
  RequestedRegion: 
    Dimension: 3
    Index: [0, 0, 0]
    Size: [160, 240, 256]
  Spacing: [1, 1, 1]
  Origin: [73.25, 104.75, -131]
  Direction: 
-0.998047 0.0646973 -0.027832
-0.0646973 -0.998047 -0.00180054
-0.0278931 0 1

  IndexToPointMatrix: 
-0.998047 0.0646973 -0.027832
-0.0646973 -0.998047 -0.00180054
-0.0278931 0 1

  PointToIndexMatrix: 
-1 -0.0646973 -0.0278931
0.0651855 -1.00391 -0.00146484
-0.0279541 -0.00146484 1

  Inverse Direction: 
-1 -0.0646973 -0.0278931
0.0651855 -1.00391 -0.00146484
-0.0279541 -0.00146484 1

  PixelContainer: 
    ImportImageContainer (0x4f48d50)
      RTTI typeinfo:   itk::ImportImageContainer<unsigned long, double>
      Reference Count: 1
      Modified Time: 1573
      Debug: Off
      Object Name: 
      Observers: 
        none
      Pointer: 0x1486c0b22010
      Container manages memory: true
      Size: 9830400
      Capacity: 9830400

     Weighting = 1
     Sampling strategy = regular
     Number of bins = 32
     Radius = 4
     Sampling percentage  = 0.25
   Transform = Rigid
     Gradient step = 0.1
     Update field sigma (voxel space) = 0
     Total field sigma (voxel space) = 0
     Update field time sigma = 0
     Total field time sigma  = 0
     Number of time indices = 0
     Number of time point samples = 0
Registration using 1 total stages.

Stage 0
  iterations = 1000x500x250x100
  convergence threshold = 1e-06
  convergence window size = 10
  number of levels = 4
  using the Mattes MI metric (number of bins = 32, weight = 1, use gradient filter = 0)
  preprocessing:  winsorizing the image intensities
  Shrink factors (level 1 out of 4): [8, 8, 8]
  Shrink factors (level 2 out of 4): [4, 4, 4]
  Shrink factors (level 3 out of 4): [2, 2, 2]
  Shrink factors (level 4 out of 4): [1, 1, 1]
  smoothing sigmas per level: [3, 2, 1, 0]
  regular sampling (percentage = 0.25)

*** Running Euler3DTransform registration ***

DIAGNOSTIC,Iteration,metricValue,convergenceValue,ITERATION_TIME_INDEX,SINCE_LAST
 2DIAGNOSTIC,     1, -5.767642735103e-01, 1.797693134862e+308, 0.0000e+00, 0.0000e+00, 
 2DIAGNOSTIC,     2, -5.763916797816e-01, 1.797693134862e+308, 0.0000e+00, 0.0000e+00, 
 2DIAGNOSTIC,     3, -5.767110185269e-01, 1.797693134862e+308, 0.0000e+00, 0.0000e+00, 
 2DIAGNOSTIC,     4, -5.770817763404e-01, 1.797693134862e+308, 0.0000e+00, 0.0000e+00, 
 2DIAGNOSTIC,     5, -5.776416649317e-01, 1.797693134862e+308, 0.0000e+00, 0.0000e+00, 
 2DIAGNOSTIC,     6, -5.791291530629e-01, 1.797693134862e+308, 0.0000e+00, 0.0000e+00, 
 2DIAGNOSTIC,     7, -5.790659697425e-01, 1.797693134862e+308, 0.0000e+00, 0.0000e+00, 
 2DIAGNOSTIC,     8, -5.809992770374e-01, 1.797693134862e+308, 0.0000e+00, 0.0000e+00, 
 2DIAGNOSTIC,     9, -5.822471229486e-01, 1.797693134862e+308, 0.0000e+00, 0.0000e+00, 
 2DIAGNOSTIC,    10, -5.828017664321e-01, 7.533431387181e-04, 0.0000e+00, 0.0000e+00, 
 2DIAGNOSTIC,    11, -5.846891350426e-01, 8.389658510397e-04, 0.0000e+00, 0.0000e+00, 
 2DIAGNOSTIC,    12, -5.887377116595e-01, 9.831899787297e-04, 0.0000e+00, 0.0000e+00, 
 2DIAGNOSTIC,    13, -5.883395882221e-01, 1.009581381111e-03, 0.0000e+00, 0.0000e+00, 
 2DIAGNOSTIC,    14, -5.905051547155e-01, 1.031035161669e-03, 0.0000e+00, 0.0000e+00, 
 2DIAGNOSTIC,    15, -5.915195121758e-01, 1.005545778425e-03, 0.0000e+00, 0.0000e+00, 
 2DIAGNOSTIC,    16, -5.907573971485e-01, 9.129474258226e-04, 0.0000e+00, 0.0000e+00, 
 2DIAGNOSTIC,    17, -5.907487812018e-01, 7.444914509925e-04, 0.0000e+00, 0.0000e+00, 
 2DIAGNOSTIC,    18, -5.915030427649e-01, 5.986298036600e-04, 0.0000e+00, 0.0000e+00, 
 2DIAGNOSTIC,    19, -5.914385508175e-01, 4.432930113096e-04, 0.0000e+00, 0.0000e+00, 
 2DIAGNOSTIC,    20, -5.914385508175e-01, 2.754254383537e-04, 0.0000e+00, 0.0000e+00, 
 2DIAGNOSTIC,    21, -5.914385508175e-01, 1.402249614916e-04, 0.0000e+00, 0.0000e+00, 
 2DIAGNOSTIC,    22, -5.914385508175e-01, 9.500551986789e-05, 0.0000e+00, 0.0000e+00, 
 2DIAGNOSTIC,    23, -5.914385508175e-01, 3.490200751297e-05, 0.0000e+00, 0.0000e+00, 
 2DIAGNOSTIC,    24, -5.914385508175e-01, 1.959210433747e-05, 0.0000e+00, 0.0000e+00, 
 2DIAGNOSTIC,    25, -5.914385508175e-01, 2.405142632327e-05, 0.0000e+00, 0.0000e+00, 
 2DIAGNOSTIC,    26, -5.914385508175e-01, 1.182627866646e-05, 0.0000e+00, 0.0000e+00, 
DIAGNOSTIC,Iteration,metricValue,convergenceValue,ITERATION_TIME_INDEX,SINCE_LAST
 2DIAGNOSTIC,     1, -4.605624915232e-01, 1.797693134862e+308, 0.0000e+00, 0.0000e+00, 
 2DIAGNOSTIC,     2, -4.608429093131e-01, 1.797693134862e+308, 0.0000e+00, 0.0000e+00, 
 2DIAGNOSTIC,     3, -4.608047657466e-01, 1.797693134862e+308, 0.0000e+00, 0.0000e+00, 
 2DIAGNOSTIC,     4, -4.608304709792e-01, 1.797693134862e+308, 0.0000e+00, 0.0000e+00, 
 2DIAGNOSTIC,     5, -4.607418323518e-01, 1.797693134862e+308, 0.0000e+00, 0.0000e+00, 
 2DIAGNOSTIC,     6, -4.607672086484e-01, 1.797693134862e+308, 0.0000e+00, 0.0000e+00, 
 2DIAGNOSTIC,     7, -4.609153170643e-01, 1.797693134862e+308, 0.0000e+00, 0.0000e+00, 
 2DIAGNOSTIC,     8, -4.608611895955e-01, 1.797693134862e+308, 0.0000e+00, 0.0000e+00, 
 2DIAGNOSTIC,     9, -4.609078571213e-01, 1.797693134862e+308, 0.0000e+00, 0.0000e+00, 
 2DIAGNOSTIC,    10, -4.608863866418e-01, 2.864020375293e-05, 0.0000e+00, 0.0000e+00, 
 2DIAGNOSTIC,    11, -4.608732445963e-01, 1.323834378715e-05, 0.0000e+00, 0.0000e+00, 
 2DIAGNOSTIC,    12, -4.608844300248e-01, 1.415498573379e-05, 0.0000e+00, 0.0000e+00, 
 2DIAGNOSTIC,    13, -4.608691008064e-01, 1.100504009487e-05, 0.0000e+00, 0.0000e+00, 
 2DIAGNOSTIC,    14, -4.608739225984e-01, 8.884235235360e-06, 0.0000e+00, 0.0000e+00, 
 2DIAGNOSTIC,    15, -4.608739225984e-01, 2.594193528979e-06, 0.0000e+00, 0.0000e+00, 
DIAGNOSTIC,Iteration,metricValue,convergenceValue,ITERATION_TIME_INDEX,SINCE_LAST
 2DIAGNOSTIC,     1, -4.097075324892e-01, 1.797693134862e+308, 0.0000e+00, 0.0000e+00, 
 2DIAGNOSTIC,     2, -4.099628897809e-01, 1.797693134862e+308, 0.0000e+00, 0.0000e+00, 
 2DIAGNOSTIC,     3, -4.105326939972e-01, 1.797693134862e+308, 0.0000e+00, 0.0000e+00, 
 2DIAGNOSTIC,     4, -4.112211588251e-01, 1.797693134862e+308, 0.0000e+00, 0.0000e+00, 
 2DIAGNOSTIC,     5, -4.127658880433e-01, 1.797693134862e+308, 0.0000e+00, 0.0000e+00, 
 2DIAGNOSTIC,     6, -4.156225817961e-01, 1.797693134862e+308, 0.0000e+00, 0.0000e+00, 
 2DIAGNOSTIC,     7, -4.192013070185e-01, 1.797693134862e+308, 0.0000e+00, 0.0000e+00, 
 2DIAGNOSTIC,     8, -4.244608527370e-01, 1.797693134862e+308, 0.0000e+00, 0.0000e+00, 
 2DIAGNOSTIC,     9, -4.376735139435e-01, 1.797693134862e+308, 0.0000e+00, 0.0000e+00, 
 2DIAGNOSTIC,    10, -4.572419552663e-01, 5.792948656344e-03, 0.0000e+00, 0.0000e+00, 
 2DIAGNOSTIC,    11, -4.907837424670e-01, 8.851516750155e-03, 0.0000e+00, 0.0000e+00, 
 2DIAGNOSTIC,    12, -4.951183396132e-01, 1.075758480317e-02, 0.0000e+00, 0.0000e+00, 
 2DIAGNOSTIC,    13, -4.948779817869e-01, 1.141214194251e-02, 0.0000e+00, 0.0000e+00, 
 2DIAGNOSTIC,    14, -4.948277581734e-01, 1.098014676473e-02, 0.0000e+00, 0.0000e+00, 
 2DIAGNOSTIC,    15, -4.944950137462e-01, 9.653300223327e-03, 0.0000e+00, 0.0000e+00, 
 2DIAGNOSTIC,    16, -4.949590517962e-01, 7.744489390442e-03, 0.0000e+00, 0.0000e+00, 
 2DIAGNOSTIC,    17, -4.950253082971e-01, 5.511913399153e-03, 0.0000e+00, 0.0000e+00, 
 2DIAGNOSTIC,    18, -4.950356984878e-01, 3.240391477766e-03, 0.0000e+00, 0.0000e+00, 
 2DIAGNOSTIC,    19, -4.950113664765e-01, 1.360194784305e-03, 0.0000e+00, 0.0000e+00, 
 2DIAGNOSTIC,    20, -4.950113664765e-01, 1.371525665970e-04, 0.0000e+00, 0.0000e+00, 
 2DIAGNOSTIC,    21, -4.950113664765e-01, 1.183260948556e-05, 0.0000e+00, 0.0000e+00, 
 2DIAGNOSTIC,    22, -4.950113664765e-01, 1.913298082520e-05, 0.0000e+00, 0.0000e+00, 
 2DIAGNOSTIC,    23, -4.950113664765e-01, 1.766844854856e-05, 0.0000e+00, 0.0000e+00, 
 2DIAGNOSTIC,    24, -4.950113664765e-01, 1.382068201186e-05, 0.0000e+00, 0.0000e+00, 
DIAGNOSTIC,Iteration,metricValue,convergenceValue,ITERATION_TIME_INDEX,SINCE_LAST
 2DIAGNOSTIC,     1, -4.580425286958e-01, 1.797693134862e+308, 0.0000e+00, 0.0000e+00, 
 2DIAGNOSTIC,     2, -4.579805767262e-01, 1.797693134862e+308, 0.0000e+00, 0.0000e+00, 
 2DIAGNOSTIC,     3, -4.579740763518e-01, 1.797693134862e+308, 0.0000e+00, 0.0000e+00, 
 2DIAGNOSTIC,     4, -4.579702942187e-01, 1.797693134862e+308, 0.0000e+00, 0.0000e+00, 
 2DIAGNOSTIC,     5, -4.579498314739e-01, 1.797693134862e+308, 0.0000e+00, 0.0000e+00, 
 2DIAGNOSTIC,     6, -4.579435340820e-01, 1.797693134862e+308, 0.0000e+00, 0.0000e+00, 
 2DIAGNOSTIC,     7, -4.579677477953e-01, 1.797693134862e+308, 0.0000e+00, 0.0000e+00, 
 2DIAGNOSTIC,     8, -4.579672995542e-01, 1.797693134862e+308, 0.0000e+00, 0.0000e+00, 
 2DIAGNOSTIC,     9, -4.579678325481e-01, 1.797693134862e+308, 0.0000e+00, 0.0000e+00, 
  Elapsed time (stage 0): 0.0000e+00


Total elapsed time: 0.0000e+00
Info [verificarlo]: loaded backend libinterflop_ieee.so
Info [interflop-ieee]: load backend with:
Info [interflop-ieee]: debug = false
Info [interflop-ieee]: debug-binary = false
Info [interflop-ieee]: no-backend-name = false
Info [interflop-ieee]: print-new-line = false
Info [interflop-ieee]: print-subnormal-normalized = false
Info [interflop-ieee]: count-op = false
All_Command_lines_OK
Using double precision for computations.
=============================================================================
The composite transform comprises the following transforms (in order): 
  1. /home/mdugre/scratch/mri-registration-rp/datasets/ds004513/derivatives/mri-registration-rp/0100/antsRegistration-r8-p8/sub-s032/rigid_Composite.h5[0] (type = Euler3DTransform)
  2. /home/mdugre/scratch/mri-registration-rp/datasets/ds004513/derivatives/mri-registration-rp/0100/antsRegistration-r8-p8/sub-s032/rigid_Composite.h5[1] (type = Euler3DTransform)
  3. /home/mdugre/scratch/mri-registration-rp/datasets/ds004513/derivatives/mri-registration-rp/0100/antsRegistration-r8-p8/sub-s032/rigid_Composite.h5[2] (type = Euler3DTransform)
=============================================================================
  number of levels = 4
  fixed image: /templateflow/tpl-MNI152NLin2009cAsym/tpl-MNI152NLin2009cAsym_res-01_desc-brain_T1w.nii.gz
  moving image: /home/mdugre/scratch/mri-registration-rp/datasets/ds004513/derivatives/mri-registration-rp/antsBrainExtraction/sub-s032/BrainExtractionBrain.nii.gz
Dimension = 3
Number of stages = 1
Use histogram matching = false
Winsorize image intensities = true
  Lower quantile = 0.005
  Upper quantile = 0.995


Stage 1 State
   Image metric = MattesMI
     Fixed image = Image (0x3390530)
  RTTI typeinfo:   itk::Image<double, 3u>
  Reference Count: 2
  Modified Time: 1592
  Debug: Off
  Object Name: 
  Observers: 
    none
  Source: (none)
  Source output name: (none)
  Release Data: Off
  Data Released: False
  Global Release Data: Off
  PipelineMTime: 0
  UpdateMTime: 1203
  RealTimeStamp: 0 seconds 
  LargestPossibleRegion: 
    Dimension: 3
    Index: [0, 0, 0]
    Size: [193, 229, 193]
  BufferedRegion: 
    Dimension: 3
    Index: [0, 0, 0]
    Size: [193, 229, 193]
  RequestedRegion: 
    Dimension: 3
    Index: [0, 0, 0]
    Size: [193, 229, 193]
  Spacing: [1, 1, 1]
  Origin: [96, 132, -78]
  Direction: 
-1 0 0
0 -1 0
0 0 1

  IndexToPointMatrix: 
-1 0 0
0 -1 0
0 0 1

  PointToIndexMatrix: 
-1 0 0
0 -1 0
0 0 1

  Inverse Direction: 
-1 0 0
0 -1 0
0 0 1

  PixelContainer: 
    ImportImageContainer (0x339d2b0)
      RTTI typeinfo:   itk::ImportImageContainer<unsigned long, double>
      Reference Count: 1
      Modified Time: 1200
      Debug: Off
      Object Name: 
      Observers: 
        none
      Pointer: 0x1529c06ea010
      Container manages memory: true
      Size: 8530021
      Capacity: 8530021

     Moving image = Image (0x344bfd0)
  RTTI typeinfo:   itk::Image<double, 3u>
  Reference Count: 2
  Modified Time: 1593
  Debug: Off
  Object Name: 
  Observers: 
    none
  Source: (none)
  Source output name: (none)
  Release Data: Off
  Data Released: False
  Global Release Data: Off
  PipelineMTime: 0
  UpdateMTime: 1590
  RealTimeStamp: 0 seconds 
  LargestPossibleRegion: 
    Dimension: 3
    Index: [0, 0, 0]
    Size: [160, 240, 256]
  BufferedRegion: 
    Dimension: 3
    Index: [0, 0, 0]
    Size: [160, 240, 256]
  RequestedRegion: 
    Dimension: 3
    Index: [0, 0, 0]
    Size: [160, 240, 256]
  Spacing: [1, 1, 1]
  Origin: [73.279, 104.707, -131.187]
  Direction: 
-0.997527 0.0645574 -0.0278053
-0.0645323 -0.997914 -0.00179875
-0.0278634 4.01097e-08 0.999612

  IndexToPointMatrix: 
-0.997527 0.0645574 -0.0278053
-0.0645323 -0.997914 -0.00179875
-0.0278634 4.01097e-08 0.999612

  PointToIndexMatrix: 
-0.997527 -0.0645323 -0.0278634
0.0645574 -0.997914 4.01049e-08
-0.0278053 -0.00179875 0.999612

  Inverse Direction: 
-0.997527 -0.0645323 -0.0278634
0.0645574 -0.997914 4.01049e-08
-0.0278053 -0.00179875 0.999612

  PixelContainer: 
    ImportImageContainer (0x3463990)
      RTTI typeinfo:   itk::ImportImageContainer<unsigned long, double>
      Reference Count: 1
      Modified Time: 1587
      Debug: Off
      Object Name: 
      Observers: 
        none
      Pointer: 0x1529bbbe9010
      Container manages memory: true
      Size: 9830400
      Capacity: 9830400

     Weighting = 1
     Sampling strategy = regular
     Number of bins = 32
     Radius = 4
     Sampling percentage  = 0.25
   Transform = Affine
     Gradient step = 0.1
     Update field sigma (voxel space) = 0
     Total field sigma (voxel space) = 0
     Update field time sigma = 0
     Total field time sigma  = 0
     Number of time indices = 0
     Number of time point samples = 0
Registration using 1 total stages.

Stage 0
  iterations = 1000x500x250x100
  convergence threshold = 1e-06
  convergence window size = 10
  number of levels = 4
  using the Mattes MI metric (number of bins = 32, weight = 1, use gradient filter = 0)
  preprocessing:  winsorizing the image intensities
  Shrink factors (level 1 out of 4): [8, 8, 8]
  Shrink factors (level 2 out of 4): [4, 4, 4]
  Shrink factors (level 3 out of 4): [2, 2, 2]
  Shrink factors (level 4 out of 4): [1, 1, 1]
  smoothing sigmas per level: [3, 2, 1, 0]
  regular sampling (percentage = 0.25)

*** Running AffineTransform registration ***

DIAGNOSTIC,Iteration,metricValue,convergenceValue,ITERATION_TIME_INDEX,SINCE_LAST
 2DIAGNOSTIC,     1, -6.821389311364e-01, 1.797693134862e+308, 6.8725e-01, 6.8725e-01, 
 2DIAGNOSTIC,     2, -6.835794373213e-01, 1.797693134862e+308, 6.9186e-01, 4.6060e-03, 
 2DIAGNOSTIC,     3, -6.858286411472e-01, 1.797693134862e+308, 6.9592e-01, 4.0600e-03, 
 2DIAGNOSTIC,     4, -6.897826515165e-01, 1.797693134862e+308, 7.0019e-01, 4.2689e-03, 
 2DIAGNOSTIC,     5, -7.005461179850e-01, 1.797693134862e+308, 7.0448e-01, 4.2899e-03, 
 2DIAGNOSTIC,     6, -7.176353431456e-01, 1.797693134862e+308, 7.1054e-01, 6.0620e-03, 
 2DIAGNOSTIC,     7, -7.191415983395e-01, 1.797693134862e+308, 7.1472e-01, 4.1850e-03, 
 2DIAGNOSTIC,     8, -7.211631781111e-01, 1.797693134862e+308, 7.1862e-01, 3.8941e-03, 
 2DIAGNOSTIC,     9, -7.253494269907e-01, 1.797693134862e+308, 7.2322e-01, 4.6051e-03, 
 2DIAGNOSTIC,    10, -7.265377863396e-01, 4.929433490438e-03, 7.2764e-01, 4.4141e-03, 
 2DIAGNOSTIC,    11, -7.289234468499e-01, 4.231156440119e-03, 7.3253e-01, 4.8919e-03, 
 2DIAGNOSTIC,    12, -7.306213928086e-01, 3.381028174092e-03, 7.3759e-01, 5.0590e-03, 
 2DIAGNOSTIC,    13, -7.335313644636e-01, 2.526201268557e-03, 7.4322e-01, 5.6300e-03, 
 2DIAGNOSTIC,    14, -7.348431578682e-01, 1.712846936058e-03, 7.4776e-01, 4.5459e-03, 
 2DIAGNOSTIC,    15, -7.358248926146e-01, 1.154501327482e-03, 7.5280e-01, 5.0418e-03, 
 2DIAGNOSTIC,    16, -7.371377543545e-01, 1.019876203212e-03, 7.5782e-01, 5.0120e-03, 
 2DIAGNOSTIC,    17, -7.374193740350e-01, 8.487030975091e-04, 7.6236e-01, 4.5450e-03, 
 2DIAGNOSTIC,    18, -7.379521615309e-01, 6.728102262566e-04, 7.6738e-01, 5.0189e-03, 
 2DIAGNOSTIC,    19, -7.379994094486e-01, 5.417659839186e-04, 7.7264e-01, 5.2571e-03, 
 2DIAGNOSTIC,    20, -7.382018661704e-01, 4.011279310443e-04, 7.8651e-01, 1.3870e-02, 
 2DIAGNOSTIC,    21, -7.382018508291e-01, 2.815134851401e-04, 7.9117e-01, 4.6630e-03, 
 2DIAGNOSTIC,    22, -7.382018883911e-01, 1.762203767562e-04, 7.9560e-01, 4.4291e-03, 
 2DIAGNOSTIC,    23, -7.382019518897e-01, 1.135219406490e-04, 8.0003e-01, 4.4332e-03, 
 2DIAGNOSTIC,    24, -7.382020591993e-01, 6.695377744621e-05, 8.0445e-01, 4.4169e-03, 
 2DIAGNOSTIC,    25, -7.382022404693e-01, 3.299455208428e-05, 8.0886e-01, 4.4069e-03, 
 2DIAGNOSTIC,    26, -7.382025450806e-01, 1.851046854536e-05, 8.1349e-01, 4.6301e-03, 
 2DIAGNOSTIC,    27, -7.382030584926e-01, 7.425325441859e-06, 8.1785e-01, 4.3650e-03, 
 2DIAGNOSTIC,    28, -7.382039223253e-01, 4.042052164734e-06, 8.2230e-01, 4.4460e-03, 
 2DIAGNOSTIC,    29, -7.382053720513e-01, 1.202660479073e-06, 8.2687e-01, 4.5691e-03, 
 2DIAGNOSTIC,    30, -7.382077827271e-01, 1.219720941428e-06, 8.3114e-01, 4.2779e-03, 
 2DIAGNOSTIC,    31, -7.382117649884e-01, 1.271741140813e-06, 8.3541e-01, 4.2648e-03, 
 2DIAGNOSTIC,    32, -7.382182221283e-01, 1.377218162395e-06, 8.3969e-01, 4.2791e-03, 
DIAGNOSTIC,Iteration,metricValue,convergenceValue,ITERATION_TIME_INDEX,SINCE_LAST
 2DIAGNOSTIC,     1, -5.954531554226e-01, 1.797693134862e+308, 1.5662e+00, 7.2649e-01, 
 2DIAGNOSTIC,     2, -5.954722814338e-01, 1.797693134862e+308, 1.6032e+00, 3.7024e-02, 
 2DIAGNOSTIC,     3, -5.955205501381e-01, 1.797693134862e+308, 1.6481e+00, 4.4926e-02, 
 2DIAGNOSTIC,     4, -5.955243797770e-01, 1.797693134862e+308, 1.6895e+00, 4.1384e-02, 
 2DIAGNOSTIC,     5, -5.955322493463e-01, 1.797693134862e+308, 1.7249e+00, 3.5435e-02, 
 2DIAGNOSTIC,     6, -5.955151858163e-01, 1.797693134862e+308, 1.7582e+00, 3.3241e-02, 
 2DIAGNOSTIC,     7, -5.955244569384e-01, 1.797693134862e+308, 1.7925e+00, 3.4271e-02, 
 2DIAGNOSTIC,     8, -5.954993735134e-01, 1.797693134862e+308, 1.8334e+00, 4.0971e-02, 
 2DIAGNOSTIC,     9, -5.955014288238e-01, 1.797693134862e+308, 1.8689e+00, 3.5448e-02, 
 2DIAGNOSTIC,    10, -5.954857982420e-01, 5.111405945141e-06, 1.9053e+00, 3.6439e-02, 
DIAGNOSTIC,Iteration,metricValue,convergenceValue,ITERATION_TIME_INDEX,SINCE_LAST
 2DIAGNOSTIC,     1, -5.308043807399e-01, 1.797693134862e+308, 2.9573e+00, 1.0520e+00, 
 2DIAGNOSTIC,     2, -5.311354045756e-01, 1.797693134862e+308, 3.2003e+00, 2.4294e-01, 
 2DIAGNOSTIC,     3, -5.316286217223e-01, 1.797693134862e+308, 3.4291e+00, 2.2888e-01, 
 2DIAGNOSTIC,     4, -5.323378208960e-01, 1.797693134862e+308, 3.6706e+00, 2.4149e-01, 
 2DIAGNOSTIC,     5, -5.333316914796e-01, 1.797693134862e+308, 3.9051e+00, 2.3448e-01, 
 2DIAGNOSTIC,     6, -5.343583121466e-01, 1.797693134862e+308, 4.1292e+00, 2.2413e-01, 
 2DIAGNOSTIC,     7, -5.354290824658e-01, 1.797693134862e+308, 4.3826e+00, 2.5335e-01, 
 2DIAGNOSTIC,     8, -5.364719030026e-01, 1.797693134862e+308, 4.7203e+00, 3.3767e-01, 
 2DIAGNOSTIC,     9, -5.369086261278e-01, 1.797693134862e+308, 4.9832e+00, 2.6298e-01, 
 2DIAGNOSTIC,    10, -5.373162881370e-01, 8.850645163457e-04, 5.2314e+00, 2.4816e-01, 
 2DIAGNOSTIC,    11, -5.388917139812e-01, 8.526875918363e-04, 5.5284e+00, 2.9697e-01, 
 2DIAGNOSTIC,    12, -5.399473800862e-01, 8.087467524707e-04, 5.8468e+00, 3.1841e-01, 
 2DIAGNOSTIC,    13, -5.403519573662e-01, 7.347284030034e-04, 6.0702e+00, 2.2342e-01, 
 2DIAGNOSTIC,    14, -5.436212063579e-01, 7.559347152171e-04, 6.3170e+00, 2.4678e-01, 
 2DIAGNOSTIC,    15, -5.441688770818e-01, 7.569213526605e-04, 6.5964e+00, 2.7940e-01, 
 2DIAGNOSTIC,    16, -5.442175865718e-01, 7.237787518141e-04, 6.8735e+00, 2.7717e-01, 
 2DIAGNOSTIC,    17, -5.442320053667e-01, 6.624265546889e-04, 7.1969e+00, 3.2336e-01, 
 2DIAGNOSTIC,    18, -5.442307821204e-01, 5.776997516789e-04, 7.4791e+00, 2.8218e-01, 
 2DIAGNOSTIC,    19, -5.442315110864e-01, 4.598974802272e-04, 7.7686e+00, 2.8949e-01, 
 2DIAGNOSTIC,    20, -5.442321787736e-01, 3.209763981240e-04, 8.1423e+00, 3.7376e-01, 
 2DIAGNOSTIC,    21, -5.442323344225e-01, 2.058991520295e-04, 8.3943e+00, 2.5200e-01, 
 2DIAGNOSTIC,    22, -5.442314508754e-01, 1.084694471487e-04, 8.6391e+00, 2.4474e-01, 
 2DIAGNOSTIC,    23, -5.442306159568e-01, 1.685797986535e-05, 8.8836e+00, 2.4454e-01, 
 2DIAGNOSTIC,    24, -5.442298496533e-01, 2.935723196464e-06, 9.1204e+00, 2.3675e-01, 
 2DIAGNOSTIC,    25, -5.442292423786e-01, 1.486815085050e-06, 9.3898e+00, 2.6947e-01, 
 2DIAGNOSTIC,    26, -5.442296326989e-01, 1.116985817687e-06, 9.6122e+00, 2.2238e-01, 
 2DIAGNOSTIC,    27, -5.442282945133e-01, 1.041587640645e-06, 9.8780e+00, 2.6580e-01, 
DIAGNOSTIC,Iteration,metricValue,convergenceValue,ITERATION_TIME_INDEX,SINCE_LAST
 2DIAGNOSTIC,     1, -4.996682909206e-01, 1.797693134862e+308, 1.2721e+01, 2.8432e+00, 
 2DIAGNOSTIC,     2, -4.998829592361e-01, 1.797693134862e+308, 1.4444e+01, 1.7231e+00, 
 2DIAGNOSTIC,     3, -5.000767311537e-01, 1.797693134862e+308, 1.6284e+01, 1.8401e+00, 
 2DIAGNOSTIC,     4, -5.000917588585e-01, 1.797693134862e+308, 1.8857e+01, 2.5730e+00, 
 2DIAGNOSTIC,     5, -5.000910136219e-01, 1.797693134862e+308, 2.0521e+01, 1.6634e+00, 
 2DIAGNOSTIC,     6, -5.001020075302e-01, 1.797693134862e+308, 2.2119e+01, 1.5984e+00, 
 2DIAGNOSTIC,     7, -5.001149661863e-01, 1.797693134862e+308, 2.3793e+01, 1.6743e+00, 
 2DIAGNOSTIC,     8, -5.001215922301e-01, 1.797693134862e+308, 2.5397e+01, 1.6031e+00, 
 2DIAGNOSTIC,     9, -5.001722227456e-01, 1.797693134862e+308, 2.7207e+01, 1.8104e+00, 
 2DIAGNOSTIC,    10, -5.001960641281e-01, 5.004847670331e-05, 2.9620e+01, 2.4127e+00, 
 2DIAGNOSTIC,    11, -5.002001154801e-01, 2.843253777490e-05, 3.1257e+01, 1.6376e+00, 
 2DIAGNOSTIC,    12, -5.002218737363e-01, 1.910600414784e-05, 3.4857e+01, 3.5998e+00, 
 2DIAGNOSTIC,    13, -5.002219328894e-01, 1.816789855555e-05, 3.6508e+01, 1.6507e+00, 
 2DIAGNOSTIC,    14, -5.002216793558e-01, 1.652450754373e-05, 3.8374e+01, 1.8663e+00, 
 2DIAGNOSTIC,    15, -5.002215591320e-01, 1.375518996485e-05, 4.0223e+01, 1.8489e+00, 
 2DIAGNOSTIC,    16, -5.002214287846e-01, 1.066161215657e-05, 4.2034e+01, 1.8107e+00, 
 2DIAGNOSTIC,    17, -5.002212883835e-01, 7.576319911717e-06, 4.3917e+01, 1.8832e+00, 
 2DIAGNOSTIC,    18, -5.002208977840e-01, 4.466504755982e-06, 4.5891e+01, 1.9739e+00, 
 2DIAGNOSTIC,    19, -5.002209129757e-01, 2.940740759107e-06, 4.7720e+01, 1.8292e+00, 
 2DIAGNOSTIC,    20, -5.002208140899e-01, 2.128588599548e-06, 4.9368e+01, 1.6484e+00, 
 2DIAGNOSTIC,    21, -5.002206139406e-01, 1.430925571630e-06, 5.1120e+01, 1.7520e+00, 
 2DIAGNOSTIC,    22, -5.002206369001e-01, 1.367215481683e-06, 5.2982e+01, 1.8621e+00, 
 2DIAGNOSTIC,    23, -5.002205587288e-01, 1.316109858401e-06, 5.4911e+01, 1.9286e+00, 
 2DIAGNOSTIC,    24, -5.002199417388e-01, 1.254955983077e-06, 5.6732e+01, 1.8211e+00, 
 2DIAGNOSTIC,    25, -5.002198530834e-01, 1.200924630469e-06, 5.8504e+01, 1.7722e+00, 
 2DIAGNOSTIC,    26, -5.002197629966e-01, 1.152906445340e-06, 6.0167e+01, 1.6625e+00, 
 2DIAGNOSTIC,    27, -5.002195796045e-01, 1.108331304761e-06, 6.1923e+01, 1.7564e+00, 
 2DIAGNOSTIC,    28, -5.002195017203e-01, 1.064059797301e-06, 6.3910e+01, 1.9868e+00, 
 2DIAGNOSTIC,    29, -5.002191916075e-01, 1.024080246971e-06, 6.5753e+01, 1.8430e+00, 
  Elapsed time (stage 0): 6.6787e+01


Total elapsed time: 6.6789e+01
Info [verificarlo]: loaded backend libinterflop_ieee.so
Info [interflop-ieee]: load backend with:
Info [interflop-ieee]: debug = false
Info [interflop-ieee]: debug-binary = false
Info [interflop-ieee]: no-backend-name = false
Info [interflop-ieee]: print-new-line = false
Info [interflop-ieee]: print-subnormal-normalized = false
Info [interflop-ieee]: count-op = false
All_Command_lines_OK
Using double precision for computations.
=============================================================================
The composite transform comprises the following transforms (in order): 
  1. /home/mdugre/scratch/mri-registration-rp/datasets/ds004513/derivatives/mri-registration-rp/0100/antsRegistration-r8-p8/sub-s032/affine_Composite.h5[0] (type = Euler3DTransform)
  2. /home/mdugre/scratch/mri-registration-rp/datasets/ds004513/derivatives/mri-registration-rp/0100/antsRegistration-r8-p8/sub-s032/affine_Composite.h5[1] (type = Euler3DTransform)
  3. /home/mdugre/scratch/mri-registration-rp/datasets/ds004513/derivatives/mri-registration-rp/0100/antsRegistration-r8-p8/sub-s032/affine_Composite.h5[2] (type = Euler3DTransform)
  4. /home/mdugre/scratch/mri-registration-rp/datasets/ds004513/derivatives/mri-registration-rp/0100/antsRegistration-r8-p8/sub-s032/affine_Composite.h5[3] (type = AffineTransform)
=============================================================================
  number of levels = 4
  fixed image: /templateflow/tpl-MNI152NLin2009cAsym/tpl-MNI152NLin2009cAsym_res-01_desc-brain_T1w.nii.gz
  moving image: /home/mdugre/scratch/mri-registration-rp/datasets/ds004513/derivatives/mri-registration-rp/antsBrainExtraction/sub-s032/BrainExtractionBrain.nii.gz
Dimension = 3
Number of stages = 1
Use histogram matching = false
Winsorize image intensities = true
  Lower quantile = 0.005
  Upper quantile = 0.995


Stage 1 State
   Image metric = CC
     Fixed image = Image (0x442ba40)
  RTTI typeinfo:   itk::Image<double, 3u>
  Reference Count: 2
  Modified Time: 1606
  Debug: Off
  Object Name: 
  Observers: 
    none
  Source: (none)
  Source output name: (none)
  Release Data: Off
  Data Released: False
  Global Release Data: Off
  PipelineMTime: 0
  UpdateMTime: 1217
  RealTimeStamp: 0 seconds 
  LargestPossibleRegion: 
    Dimension: 3
    Index: [0, 0, 0]
    Size: [193, 229, 193]
  BufferedRegion: 
    Dimension: 3
    Index: [0, 0, 0]
    Size: [193, 229, 193]
  RequestedRegion: 
    Dimension: 3
    Index: [0, 0, 0]
    Size: [193, 229, 193]
  Spacing: [1, 1, 1]
  Origin: [96, 132, -78]
  Direction: 
-1 0 0
0 -1 0
0 0 1

  IndexToPointMatrix: 
-1 0 0
0 -1 0
0 0 1

  PointToIndexMatrix: 
-1 0 0
0 -1 0
0 0 1

  Inverse Direction: 
-1 0 0
0 -1 0
0 0 1

  PixelContainer: 
    ImportImageContainer (0x44fa780)
      RTTI typeinfo:   itk::ImportImageContainer<unsigned long, double>
      Reference Count: 1
      Modified Time: 1214
      Debug: Off
      Object Name: 
      Observers: 
        none
      Pointer: 0x14ffb0435010
      Container manages memory: true
      Size: 8530021
      Capacity: 8530021

     Moving image = Image (0x44fc390)
  RTTI typeinfo:   itk::Image<double, 3u>
  Reference Count: 2
  Modified Time: 1607
  Debug: Off
  Object Name: 
  Observers: 
    none
  Source: (none)
  Source output name: (none)
  Release Data: Off
  Data Released: False
  Global Release Data: Off
  PipelineMTime: 0
  UpdateMTime: 1604
  RealTimeStamp: 0 seconds 
  LargestPossibleRegion: 
    Dimension: 3
    Index: [0, 0, 0]
    Size: [160, 240, 256]
  BufferedRegion: 
    Dimension: 3
    Index: [0, 0, 0]
    Size: [160, 240, 256]
  RequestedRegion: 
    Dimension: 3
    Index: [0, 0, 0]
    Size: [160, 240, 256]
  Spacing: [1, 1, 1]
  Origin: [73.279, 104.707, -131.187]
  Direction: 
-0.997527 0.0645574 -0.0278053
-0.0645323 -0.997914 -0.00179875
-0.0278634 4.01097e-08 0.999612

  IndexToPointMatrix: 
-0.997527 0.0645574 -0.0278053
-0.0645323 -0.997914 -0.00179875
-0.0278634 4.01097e-08 0.999612

  PointToIndexMatrix: 
-0.997527 -0.0645323 -0.0278634
0.0645574 -0.997914 4.01049e-08
-0.0278053 -0.00179875 0.999612

  Inverse Direction: 
-0.997527 -0.0645323 -0.0278634
0.0645574 -0.997914 4.01049e-08
-0.0278053 -0.00179875 0.999612

  PixelContainer: 
    ImportImageContainer (0x44b16f0)
      RTTI typeinfo:   itk::ImportImageContainer<unsigned long, double>
      Reference Count: 1
      Modified Time: 1601
      Debug: Off
      Object Name: 
      Observers: 
        none
      Pointer: 0x14ffab934010
      Container manages memory: true
      Size: 9830400
      Capacity: 9830400

     Weighting = 1
     Sampling strategy = none
     Number of bins = 32
     Radius = 4
     Sampling percentage  = 1
   Transform = SyN
     Gradient step = 0.1
     Update field sigma (voxel space) = 3
     Total field sigma (voxel space) = 0
     Update field time sigma = 0
     Total field time sigma  = 0
     Number of time indices = 0
     Number of time point samples = 0
Registration using 1 total stages.

Stage 0
  iterations = 100x70x50x20
  convergence threshold = 1e-06
  convergence window size = 10
  number of levels = 4
  using the CC metric (radius = 4, weight = 1, use gradient filter = 0)
  preprocessing:  winsorizing the image intensities
  Shrink factors (level 1 out of 4): [8, 8, 8]
  Shrink factors (level 2 out of 4): [4, 4, 4]
  Shrink factors (level 3 out of 4): [2, 2, 2]
  Shrink factors (level 4 out of 4): [1, 1, 1]
  smoothing sigmas per level: [3, 2, 1, 0]
  Using default NONE metricSamplingStrategy 

*** Running SyN registration (varianceForUpdateField = 3, varianceForTotalField = 0) ***

XXDIAGNOSTIC,Iteration,metricValue,convergenceValue,ITERATION_TIME_INDEX,SINCE_LAST
 1DIAGNOSTIC,     1, -8.285346430852e-01, 1.797693134862e+308, 1.0195e+00, 1.0195e+00, 
 1DIAGNOSTIC,     2, -8.449614778740e-01, 1.797693134862e+308, 1.3545e+00, 3.3503e-01, 
 1DIAGNOSTIC,     3, -8.603860943782e-01, 1.797693134862e+308, 1.6866e+00, 3.3213e-01, 
 1DIAGNOSTIC,     4, -8.742531173638e-01, 1.797693134862e+308, 2.0535e+00, 3.6690e-01, 
 1DIAGNOSTIC,     5, -8.838622526389e-01, 1.797693134862e+308, 2.3816e+00, 3.2803e-01, 
 1DIAGNOSTIC,     6, -8.912648844196e-01, 1.797693134862e+308, 2.7199e+00, 3.3838e-01, 
 1DIAGNOSTIC,     7, -8.971274326415e-01, 1.797693134862e+308, 3.0570e+00, 3.3708e-01, 
 1DIAGNOSTIC,     8, -9.011990729145e-01, 1.797693134862e+308, 3.3851e+00, 3.2806e-01, 
 1DIAGNOSTIC,     9, -9.043920971063e-01, 1.797693134862e+308, 3.7129e+00, 3.2781e-01, 
 1DIAGNOSTIC,    10, -9.069183601510e-01, 5.525842160252e-03, 4.0675e+00, 3.5463e-01, 
 1DIAGNOSTIC,    11, -9.089825760386e-01, 3.954574813512e-03, 4.3939e+00, 3.2634e-01, 
 1DIAGNOSTIC,    12, -9.108119462156e-01, 2.781257461581e-03, 4.7201e+00, 3.2619e-01, 
 1DIAGNOSTIC,    13, -9.122863446357e-01, 1.953484777027e-03, 5.0581e+00, 3.3801e-01, 
 1DIAGNOSTIC,    14, -9.136349632706e-01, 1.414295214595e-03, 5.3842e+00, 3.2616e-01, 
 1DIAGNOSTIC,    15, -9.147680541292e-01, 1.046060941390e-03, 5.7336e+00, 3.4938e-01, 
 1DIAGNOSTIC,    16, -9.159689591455e-01, 7.985926175590e-04, 6.0647e+00, 3.3113e-01, 
 1DIAGNOSTIC,    17, -9.168230100134e-01, 6.319394188528e-04, 6.4228e+00, 3.5812e-01, 
 1DIAGNOSTIC,    18, -9.175663733502e-01, 5.101202589226e-04, 6.7649e+00, 3.4209e-01, 
