
##########################
# Experiment information #
##########################

EXPERIMENT_NAME: antsRegistration-r7-p22
VFC_BACKENDS: libinterflop_vprec.so --range-binary32=7 --precision-binary32=22 --range-binary64=7 --precision-binary64=22

SIF_IMG: /home/mdugre/projects/rrg-glatard/mdugre/containers/ants-vprec-no_metrics.simg

SUBJECT_ID: s032
INPUT_IMG: /home/mdugre/scratch/mri-registration-rp/datasets/ds004513/derivatives/mri-registration-rp/antsBrainExtraction/sub-s032/BrainExtractionBrain.nii.gz
OUTPUT_DIR: /home/mdugre/scratch/mri-registration-rp/datasets/ds004513/derivatives/mri-registration-rp/0100/antsRegistration-r7-p22/sub-s032

FIXED_IMG: /templateflow/tpl-MNI152NLin2009cAsym/tpl-MNI152NLin2009cAsym_res-01_desc-brain_T1w.nii.gz
DATA_DIR: /home/mdugre/scratch/mri-registration-rp/datasets/ds004513
TEMPLATEFLOW_DIR: /home/mdugre/projects/rrg-glatard/mdugre/templateflow
ITK_GLOBAL_DEFAULT_NUMBER_OF_THREADS: 16
##########################

Info [verificarlo]: loaded backend libinterflop_ieee.so
Info [interflop-ieee]: load backend with:
Info [interflop-ieee]: debug = false
Info [interflop-ieee]: debug-binary = false
Info [interflop-ieee]: no-backend-name = false
Info [interflop-ieee]: print-new-line = false
Info [interflop-ieee]: print-subnormal-normalized = false
Info [interflop-ieee]: count-op = false
All_Command_lines_OK
Using double precision for computations.
=============================================================================
The composite transform comprises the following transforms (in order): 
  1. Center of mass alignment using fixed image: /templateflow/tpl-MNI152NLin2009cAsym/tpl-MNI152NLin2009cAsym_res-01_desc-brain_T1w.nii.gz and moving image: /home/mdugre/scratch/mri-registration-rp/datasets/ds004513/derivatives/mri-registration-rp/antsBrainExtraction/sub-s032/BrainExtractionBrain.nii.gz (type = Euler3DTransform)
=============================================================================
  number of levels = 1
  fixed image: /templateflow/tpl-MNI152NLin2009cAsym/tpl-MNI152NLin2009cAsym_res-01_desc-brain_T1w.nii.gz
  moving image: /home/mdugre/scratch/mri-registration-rp/datasets/ds004513/derivatives/mri-registration-rp/antsBrainExtraction/sub-s032/BrainExtractionBrain.nii.gz
Dimension = 3
Number of stages = 1
Use histogram matching = false
Winsorize image intensities = true
  Lower quantile = 0.005
  Upper quantile = 0.995


Stage 1 State
   Image metric = MattesMI
     Fixed image = Image (0x50dfe70)
  RTTI typeinfo:   itk::Image<double, 3u>
  Reference Count: 2
  Modified Time: 2330
  Debug: Off
  Object Name: 
  Observers: 
    none
  Source: (none)
  Source output name: (none)
  Release Data: Off
  Data Released: False
  Global Release Data: Off
  PipelineMTime: 0
  UpdateMTime: 1941
  RealTimeStamp: 0 seconds 
  LargestPossibleRegion: 
    Dimension: 3
    Index: [0, 0, 0]
    Size: [193, 229, 193]
  BufferedRegion: 
    Dimension: 3
    Index: [0, 0, 0]
    Size: [193, 229, 193]
  RequestedRegion: 
    Dimension: 3
    Index: [0, 0, 0]
    Size: [193, 229, 193]
  Spacing: [1, 1, 1]
  Origin: [96, 132, -78]
  Direction: 
-1 0 0
0 -1 0
0 0 1

  IndexToPointMatrix: 
-1 0 0
0 -1 0
0 0 1

  PointToIndexMatrix: 
-1 0 0
0 -1 0
0 0 1

  Inverse Direction: 
-1 0 0
0 -1 0
0 0 1

  PixelContainer: 
    ImportImageContainer (0x50e8c60)
      RTTI typeinfo:   itk::ImportImageContainer<unsigned long, double>
      Reference Count: 1
      Modified Time: 1938
      Debug: Off
      Object Name: 
      Observers: 
        none
      Pointer: 0x1536c7e9e010
      Container manages memory: true
      Size: 8530021
      Capacity: 8530021

     Moving image = Image (0x517cec0)
  RTTI typeinfo:   itk::Image<double, 3u>
  Reference Count: 2
  Modified Time: 2331
  Debug: Off
  Object Name: 
  Observers: 
    none
  Source: (none)
  Source output name: (none)
  Release Data: Off
  Data Released: False
  Global Release Data: Off
  PipelineMTime: 0
  UpdateMTime: 2328
  RealTimeStamp: 0 seconds 
  LargestPossibleRegion: 
    Dimension: 3
    Index: [0, 0, 0]
    Size: [160, 240, 256]
  BufferedRegion: 
    Dimension: 3
    Index: [0, 0, 0]
    Size: [160, 240, 256]
  RequestedRegion: 
    Dimension: 3
    Index: [0, 0, 0]
    Size: [160, 240, 256]
  Spacing: [1, 1, 1]
  Origin: [73.279, 104.707, -131.187]
  Direction: 
-0.997527 0.0645574 -0.0278053
-0.0645323 -0.997914 -0.00179875
-0.0278634 4.01097e-08 0.999612

  IndexToPointMatrix: 
-0.997527 0.0645574 -0.0278053
-0.0645323 -0.997914 -0.00179875
-0.0278634 4.01097e-08 0.999612

  PointToIndexMatrix: 
-0.997527 -0.0645323 -0.0278634
0.0645574 -0.997914 4.01049e-08
-0.0278053 -0.00179875 0.999612

  Inverse Direction: 
-0.997527 -0.0645323 -0.0278634
0.0645574 -0.997914 4.01049e-08
-0.0278053 -0.00179875 0.999612

  PixelContainer: 
    ImportImageContainer (0x5214610)
      RTTI typeinfo:   itk::ImportImageContainer<unsigned long, double>
      Reference Count: 1
      Modified Time: 2325
      Debug: Off
      Object Name: 
      Observers: 
        none
      Pointer: 0x1536c339d010
      Container manages memory: true
      Size: 9830400
      Capacity: 9830400

     Weighting = 1
     Sampling strategy = regular
     Number of bins = 32
     Radius = 4
     Sampling percentage  = 0.25
   Transform = Rigid
     Gradient step = 0.1
     Update field sigma (voxel space) = 0
     Total field sigma (voxel space) = 0
     Update field time sigma = 0
     Total field time sigma  = 0
     Number of time indices = 0
     Number of time point samples = 0
Registration using 1 total stages.

Stage 0
  iterations = 0
  convergence threshold = 1e-06
  convergence window size = 10
  number of levels = 1
  using the Mattes MI metric (number of bins = 32, weight = 1, use gradient filter = 0)
  preprocessing:  winsorizing the image intensities
  Shrink factors (level 1 out of 1): [1, 1, 1]
  smoothing sigmas per level: [0]
  regular sampling (percentage = 0.25)

*** Running Euler3DTransform registration ***

  Elapsed time (stage 0): 1.09025


Total elapsed time: 1.09244
Info [verificarlo]: loaded backend libinterflop_vprec.so
Info [interflop-vprec]: load backend with: 
Info [interflop-vprec]: precision-binary32 = 22
Info [interflop-vprec]: range-binary32 = 7
Info [interflop-vprec]: precision-binary64 = 22
Info [interflop-vprec]: range-binary64 = 7
Info [interflop-vprec]: mode = ob
Info [interflop-vprec]: error-mode = rel
Info [interflop-vprec]: max-abs-error-exponent = -1022
Info [interflop-vprec]: daz = false
Info [interflop-vprec]: ftz = false
Info [interflop-vprec]: 	instrument = none
Info [interflop-vprec]: 	prec-input-file = (null)
Info [interflop-vprec]: 	prec-output-file = (null)
Info [interflop-vprec]: 	prec-log-file = (null)
All_Command_lines_OK
Using double precision for computations.
=============================================================================
The composite transform comprises the following transforms (in order): 
  1. /home/mdugre/scratch/mri-registration-rp/datasets/ds004513/derivatives/mri-registration-rp/0100/antsRegistration-r7-p22/sub-s032/align_Composite.h5[0] (type = Euler3DTransform)
  2. /home/mdugre/scratch/mri-registration-rp/datasets/ds004513/derivatives/mri-registration-rp/0100/antsRegistration-r7-p22/sub-s032/align_Composite.h5[1] (type = Euler3DTransform)
=============================================================================
  number of levels = 4
  fixed image: /templateflow/tpl-MNI152NLin2009cAsym/tpl-MNI152NLin2009cAsym_res-01_desc-brain_T1w.nii.gz
  moving image: /home/mdugre/scratch/mri-registration-rp/datasets/ds004513/derivatives/mri-registration-rp/antsBrainExtraction/sub-s032/BrainExtractionBrain.nii.gz
Dimension = 3
Number of stages = 1
Use histogram matching = false
Winsorize image intensities = true
  Lower quantile = 0.005
  Upper quantile = 0.995


Stage 1 State
   Image metric = MattesMI
     Fixed image = Image (0x344e1e0)
  RTTI typeinfo:   itk::Image<double, 3u>
  Reference Count: 2
  Modified Time: 1578
  Debug: Off
  Object Name: 
  Observers: 
    none
  Source: (none)
  Source output name: (none)
  Release Data: Off
  Data Released: False
  Global Release Data: Off
  PipelineMTime: 0
  UpdateMTime: 1189
  RealTimeStamp: 0 seconds 
  LargestPossibleRegion: 
    Dimension: 3
    Index: [0, 0, 0]
    Size: [193, 229, 193]
  BufferedRegion: 
    Dimension: 3
    Index: [0, 0, 0]
    Size: [193, 229, 193]
  RequestedRegion: 
    Dimension: 3
    Index: [0, 0, 0]
    Size: [193, 229, 193]
  Spacing: [1, 1, 1]
  Origin: [96, 132, -78]
  Direction: 
-1 0 0
0 -1 0
0 0 1

  IndexToPointMatrix: 
-1 0 0
0 -1 0
0 0 1

  PointToIndexMatrix: 
-1 0 0
0 -1 0
0 0 1

  Inverse Direction: 
-1 0 0
0 -1 0
0 0 1

  PixelContainer: 
    ImportImageContainer (0x350d680)
      RTTI typeinfo:   itk::ImportImageContainer<unsigned long, double>
      Reference Count: 1
      Modified Time: 1186
      Debug: Off
      Object Name: 
      Observers: 
        none
      Pointer: 0x153c40883010
      Container manages memory: true
      Size: 8530021
      Capacity: 8530021

     Moving image = Image (0x3509b20)
  RTTI typeinfo:   itk::Image<double, 3u>
  Reference Count: 2
  Modified Time: 1579
  Debug: Off
  Object Name: 
  Observers: 
    none
  Source: (none)
  Source output name: (none)
  Release Data: Off
  Data Released: False
  Global Release Data: Off
  PipelineMTime: 0
  UpdateMTime: 1576
  RealTimeStamp: 0 seconds 
  LargestPossibleRegion: 
    Dimension: 3
    Index: [0, 0, 0]
    Size: [160, 240, 256]
  BufferedRegion: 
    Dimension: 3
    Index: [0, 0, 0]
    Size: [160, 240, 256]
  RequestedRegion: 
    Dimension: 3
    Index: [0, 0, 0]
    Size: [160, 240, 256]
  Spacing: [1, 1, 1]
  Origin: [73.279, 104.707, -131.187]
  Direction: 
-0.997527 0.0645574 -0.0278053
-0.0645323 -0.997914 -0.00179875
-0.0278634 4.01097e-08 0.999612

  IndexToPointMatrix: 
-0.997527 0.0645574 -0.0278053
-0.0645323 -0.997914 -0.00179875
-0.0278634 4.01097e-08 0.999612

  PointToIndexMatrix: 
-0.997527 -0.0645323 -0.0278634
0.0645574 -0.997914 1.20141e-07
-0.0278053 -0.00179879 0.999612

  Inverse Direction: 
-0.997527 -0.0645323 -0.0278634
0.0645574 -0.997914 1.20141e-07
-0.0278053 -0.00179879 0.999612

  PixelContainer: 
    ImportImageContainer (0x3572d50)
      RTTI typeinfo:   itk::ImportImageContainer<unsigned long, double>
      Reference Count: 1
      Modified Time: 1573
      Debug: Off
      Object Name: 
      Observers: 
        none
      Pointer: 0x153c3bd82010
      Container manages memory: true
      Size: 9830400
      Capacity: 9830400

     Weighting = 1
     Sampling strategy = regular
     Number of bins = 32
     Radius = 4
     Sampling percentage  = 0.25
   Transform = Rigid
     Gradient step = 0.1
     Update field sigma (voxel space) = 0
     Total field sigma (voxel space) = 0
     Update field time sigma = 0
     Total field time sigma  = 0
     Number of time indices = 0
     Number of time point samples = 0
Registration using 1 total stages.

Stage 0
  iterations = 1000x500x250x100
  convergence threshold = 1e-06
  convergence window size = 10
  number of levels = 4
  using the Mattes MI metric (number of bins = 32, weight = 1, use gradient filter = 0)
  preprocessing:  winsorizing the image intensities
  Shrink factors (level 1 out of 4): [8, 8, 8]
  Shrink factors (level 2 out of 4): [4, 4, 4]
  Shrink factors (level 3 out of 4): [2, 2, 2]
  Shrink factors (level 4 out of 4): [1, 1, 1]
  smoothing sigmas per level: [3, 2, 1, 0]
  regular sampling (percentage = 0.25)

*** Running Euler3DTransform registration ***

DIAGNOSTIC,Iteration,metricValue,convergenceValue,ITERATION_TIME_INDEX,SINCE_LAST
 2DIAGNOSTIC,     1, -5.480496539163e-01, 1.797693134862e+308, 0.0000e+00, 0.0000e+00, 
 2DIAGNOSTIC,     2, -5.506820685036e-01, 1.797693134862e+308, 0.0000e+00, 0.0000e+00, 
 2DIAGNOSTIC,     3, -5.546528299182e-01, 1.797693134862e+308, 0.0000e+00, 0.0000e+00, 
 2DIAGNOSTIC,     4, -5.606874426643e-01, 1.797693134862e+308, 0.0000e+00, 0.0000e+00, 
 2DIAGNOSTIC,     5, -5.693706353780e-01, 1.797693134862e+308, 0.0000e+00, 0.0000e+00, 
 2DIAGNOSTIC,     6, -5.853954908169e-01, 1.797693134862e+308, 0.0000e+00, 0.0000e+00, 
 2DIAGNOSTIC,     7, -6.232652083085e-01, 1.797693134862e+308, 0.0000e+00, 0.0000e+00, 
 2DIAGNOSTIC,     8, -6.298309205744e-01, 1.797693134862e+308, 0.0000e+00, 0.0000e+00, 
 2DIAGNOSTIC,     9, -6.363078365223e-01, 1.797693134862e+308, 0.0000e+00, 0.0000e+00, 
 2DIAGNOSTIC,    10, -6.372391055365e-01, 1.198949544758e-02, 0.0000e+00, 0.0000e+00, 
 2DIAGNOSTIC,    11, -6.405911929497e-01, 1.085788978433e-02, 0.0000e+00, 0.0000e+00, 
 2DIAGNOSTIC,    12, -6.435061217483e-01, 9.153423559236e-03, 0.0000e+00, 0.0000e+00, 
 2DIAGNOSTIC,    13, -6.443358877120e-01, 7.077494028634e-03, 0.0000e+00, 0.0000e+00, 
 2DIAGNOSTIC,    14, -6.468783870310e-01, 4.980923009529e-03, 0.0000e+00, 0.0000e+00, 
 2DIAGNOSTIC,    15, -6.495850099504e-01, 3.084668639715e-03, 0.0000e+00, 0.0000e+00, 
 2DIAGNOSTIC,    16, -6.518176533437e-01, 1.660590009439e-03, 0.0000e+00, 0.0000e+00, 
 2DIAGNOSTIC,    17, -6.536051806820e-01, 1.339467462601e-03, 0.0000e+00, 0.0000e+00, 
 2DIAGNOSTIC,    18, -6.548295801213e-01, 1.129380866172e-03, 0.0000e+00, 0.0000e+00, 
 2DIAGNOSTIC,    19, -6.552632509947e-01, 1.006606894890e-03, 0.0000e+00, 0.0000e+00, 
 2DIAGNOSTIC,    20, -6.563452515340e-01, 8.480039005629e-04, 0.0000e+00, 0.0000e+00, 
 2DIAGNOSTIC,    21, -6.569760633873e-01, 7.114396079090e-04, 0.0000e+00, 0.0000e+00, 
 2DIAGNOSTIC,    22, -6.571286452745e-01, 5.856684132391e-04, 0.0000e+00, 0.0000e+00, 
 2DIAGNOSTIC,    23, -6.572280279476e-01, 4.350254144340e-04, 0.0000e+00, 0.0000e+00, 
 2DIAGNOSTIC,    24, -6.575766179287e-01, 3.111709689263e-04, 0.0000e+00, 0.0000e+00, 
 2DIAGNOSTIC,    25, -6.583582383246e-01, 2.309695676455e-04, 0.0000e+00, 0.0000e+00, 
 2DIAGNOSTIC,    26, -6.584129353090e-01, 1.743990753480e-04, 0.0000e+00, 0.0000e+00, 
 2DIAGNOSTIC,    27, -6.584319617456e-01, 1.360751720533e-04, 0.0000e+00, 0.0000e+00, 
 2DIAGNOSTIC,    28, -6.587885103037e-01, 1.136847448719e-04, 0.0000e+00, 0.0000e+00, 
 2DIAGNOSTIC,    29, -6.596109394058e-01, 1.011763827267e-04, 0.0000e+00, 0.0000e+00, 
 2DIAGNOSTIC,    30, -6.596356006118e-01, 9.594656764655e-05, 0.0000e+00, 0.0000e+00, 
 2DIAGNOSTIC,    31, -6.597820327251e-01, 9.354953241453e-05, 0.0000e+00, 0.0000e+00, 
 2DIAGNOSTIC,    32, -6.597317205657e-01, 8.429328490946e-05, 0.0000e+00, 0.0000e+00, 
 2DIAGNOSTIC,    33, -6.597636982236e-01, 6.944241444699e-05, 0.0000e+00, 0.0000e+00, 
 2DIAGNOSTIC,    34, -6.598393900227e-01, 5.411493662774e-05, 0.0000e+00, 0.0000e+00, 
 2DIAGNOSTIC,    35, -6.598448140574e-01, 4.466606673803e-05, 0.0000e+00, 0.0000e+00, 
 2DIAGNOSTIC,    36, -6.598486756584e-01, 3.253189592771e-05, 0.0000e+00, 0.0000e+00, 
 2DIAGNOSTIC,    37, -6.598587885202e-01, 1.843880532638e-05, 0.0000e+00, 0.0000e+00, 
 2DIAGNOSTIC,    38, -6.598586735937e-01, 7.365290914021e-06, 0.0000e+00, 0.0000e+00, 
 2DIAGNOSTIC,    39, -6.598585191173e-01, 5.628686210041e-06, 0.0000e+00, 0.0000e+00, 
 2DIAGNOSTIC,    40, -6.598583773622e-01, 3.747899002090e-06, 0.0000e+00, 0.0000e+00, 
 2DIAGNOSTIC,    41, -6.598584558713e-01, 3.301679827688e-06, 0.0000e+00, 0.0000e+00, 
 2DIAGNOSTIC,    42, -6.597664248670e-01, 1.133115942072e-06, 0.0000e+00, 0.0000e+00, 
DIAGNOSTIC,Iteration,metricValue,convergenceValue,ITERATION_TIME_INDEX,SINCE_LAST
 2DIAGNOSTIC,     1, -5.174755760663e-01, 1.797693134862e+308, 0.0000e+00, 0.0000e+00, 
 2DIAGNOSTIC,     2, -5.181207284805e-01, 1.797693134862e+308, 0.0000e+00, 0.0000e+00, 
 2DIAGNOSTIC,     3, -5.190965306472e-01, 1.797693134862e+308, 0.0000e+00, 0.0000e+00, 
 2DIAGNOSTIC,     4, -5.198098189945e-01, 1.797693134862e+308, 0.0000e+00, 0.0000e+00, 
 2DIAGNOSTIC,     5, -5.202033961390e-01, 1.797693134862e+308, 0.0000e+00, 0.0000e+00, 
 2DIAGNOSTIC,     6, -5.208935071297e-01, 1.797693134862e+308, 0.0000e+00, 0.0000e+00, 
 2DIAGNOSTIC,     7, -5.219960628018e-01, 1.797693134862e+308, 0.0000e+00, 0.0000e+00, 
 2DIAGNOSTIC,     8, -5.244312278096e-01, 1.797693134862e+308, 0.0000e+00, 0.0000e+00, 
 2DIAGNOSTIC,     9, -5.249979155383e-01, 1.797693134862e+308, 0.0000e+00, 0.0000e+00, 
 2DIAGNOSTIC,    10, -5.250819387445e-01, 1.011671130585e-03, 0.0000e+00, 0.0000e+00, 
 2DIAGNOSTIC,    11, -5.256237635162e-01, 9.207655834394e-04, 0.0000e+00, 0.0000e+00, 
 2DIAGNOSTIC,    12, -5.261065662972e-01, 8.117866639363e-04, 0.0000e+00, 0.0000e+00, 
 2DIAGNOSTIC,    13, -5.262402905229e-01, 6.906961860803e-04, 0.0000e+00, 0.0000e+00, 
 2DIAGNOSTIC,    14, -5.269784695937e-01, 5.811356183870e-04, 0.0000e+00, 0.0000e+00, 
 2DIAGNOSTIC,    15, -5.275791261062e-01, 4.700461549508e-04, 0.0000e+00, 0.0000e+00, 
 2DIAGNOSTIC,    16, -5.277145259360e-01, 3.577372349770e-04, 0.0000e+00, 0.0000e+00, 
 2DIAGNOSTIC,    17, -5.280127386504e-01, 2.689175152977e-04, 0.0000e+00, 0.0000e+00, 
 2DIAGNOSTIC,    18, -5.285566026325e-01, 2.548613837409e-04, 0.0000e+00, 0.0000e+00, 
 2DIAGNOSTIC,    19, -5.313456011741e-01, 3.141739926844e-04, 0.0000e+00, 0.0000e+00, 
 2DIAGNOSTIC,    20, -5.330361322801e-01, 3.840495894759e-04, 0.0000e+00, 0.0000e+00, 
 2DIAGNOSTIC,    21, -5.349316936461e-01, 4.740077079112e-04, 0.0000e+00, 0.0000e+00, 
 2DIAGNOSTIC,    22, -5.366503378822e-01, 5.660530362350e-04, 0.0000e+00, 0.0000e+00, 
 2DIAGNOSTIC,    23, -5.371599629699e-01, 6.115070559543e-04, 0.0000e+00, 0.0000e+00, 
 2DIAGNOSTIC,    24, -5.381828604738e-01, 6.348489265582e-04, 0.0000e+00, 0.0000e+00, 
 2DIAGNOSTIC,    25, -5.401990824676e-01, 6.524795521162e-04, 0.0000e+00, 0.0000e+00, 
 2DIAGNOSTIC,    26, -5.468875996985e-01, 7.477209858430e-04, 0.0000e+00, 0.0000e+00, 
 2DIAGNOSTIC,    27, -5.501079565802e-01, 8.324709642784e-04, 0.0000e+00, 0.0000e+00, 
 2DIAGNOSTIC,    28, -5.505643909703e-01, 8.512827180701e-04, 0.0000e+00, 0.0000e+00, 
 2DIAGNOSTIC,    29, -5.509951272943e-01, 8.500906587661e-04, 0.0000e+00, 0.0000e+00, 
 2DIAGNOSTIC,    30, -5.511517626073e-01, 8.009982417287e-04, 0.0000e+00, 0.0000e+00, 
 2DIAGNOSTIC,    31, -5.522585993992e-01, 7.286873252571e-04, 0.0000e+00, 0.0000e+00, 
 2DIAGNOSTIC,    32, -5.559926494199e-01, 6.817983555664e-04, 0.0000e+00, 0.0000e+00, 
 2DIAGNOSTIC,    33, -5.571156253168e-01, 5.995874819114e-04, 0.0000e+00, 0.0000e+00, 
 2DIAGNOSTIC,    34, -5.583546083817e-01, 5.025611954787e-04, 0.0000e+00, 0.0000e+00, 
 2DIAGNOSTIC,    35, -5.590325660012e-01, 4.028847398512e-04, 0.0000e+00, 0.0000e+00, 
 2DIAGNOSTIC,    36, -5.603364725730e-01, 3.871915185459e-04, 0.0000e+00, 0.0000e+00, 
 2DIAGNOSTIC,    37, -5.605353052275e-01, 3.834345129697e-04, 0.0000e+00, 0.0000e+00, 
 2DIAGNOSTIC,    38, -5.605741690616e-01, 3.502707617938e-04, 0.0000e+00, 0.0000e+00, 
 2DIAGNOSTIC,    39, -5.607896339524e-01, 2.952568863068e-04, 0.0000e+00, 0.0000e+00, 
 2DIAGNOSTIC,    40, -5.609948307971e-01, 2.199486825900e-04, 0.0000e+00, 0.0000e+00, 
 2DIAGNOSTIC,    41, -5.611460039640e-01, 1.424692719716e-04, 0.0000e+00, 0.0000e+00, 
 2DIAGNOSTIC,    42, -5.615766347176e-01, 1.074375966520e-04, 0.0000e+00, 0.0000e+00, 
 2DIAGNOSTIC,    43, -5.616412462998e-01, 7.828095588967e-05, 0.0000e+00, 0.0000e+00, 
 2DIAGNOSTIC,    44, -5.617206489292e-01, 5.887766091878e-05, 0.0000e+00, 0.0000e+00, 
 2DIAGNOSTIC,    45, -5.617895119354e-01, 4.314859839042e-05, 0.0000e+00, 0.0000e+00, 
 2DIAGNOSTIC,    46, -5.617979962227e-01, 3.898712926063e-05, 0.0000e+00, 0.0000e+00, 
 2DIAGNOSTIC,    47, -5.618162420289e-01, 3.375781254838e-05, 0.0000e+00, 0.0000e+00, 
 2DIAGNOSTIC,    48, -5.618475654093e-01, 2.631896658157e-05, 0.0000e+00, 0.0000e+00, 
 2DIAGNOSTIC,    49, -5.619431105176e-01, 2.007315067234e-05, 0.0000e+00, 0.0000e+00, 
 2DIAGNOSTIC,    50, -5.623502182980e-01, 1.862358263349e-05, 0.0000e+00, 0.0000e+00, 
 2DIAGNOSTIC,    51, -5.624850796798e-01, 1.823360228543e-05, 0.0000e+00, 0.0000e+00, 
 2DIAGNOSTIC,    52, -5.626953293836e-01, 2.264216513387e-05, 0.0000e+00, 0.0000e+00, 
 2DIAGNOSTIC,    53, -5.653884510752e-01, 5.195557789499e-05, 0.0000e+00, 0.0000e+00, 
 2DIAGNOSTIC,    54, -5.659334231356e-01, 8.050689406108e-05, 0.0000e+00, 0.0000e+00, 
 2DIAGNOSTIC,    55, -5.661161487348e-01, 1.028218506171e-04, 0.0000e+00, 0.0000e+00, 
 2DIAGNOSTIC,    56, -5.667819805868e-01, 1.211631039155e-04, 0.0000e+00, 0.0000e+00, 
 2DIAGNOSTIC,    57, -5.670775220250e-01, 1.299842591538e-04, 0.0000e+00, 0.0000e+00, 
 2DIAGNOSTIC,    58, -5.671753150533e-01, 1.268458501348e-04, 0.0000e+00, 0.0000e+00, 
 2DIAGNOSTIC,    59, -5.672355564410e-01, 1.129248392066e-04, 0.0000e+00, 0.0000e+00, 
 2DIAGNOSTIC,    60, -5.672637117790e-01, 9.279682564652e-05, 0.0000e+00, 0.0000e+00, 
 2DIAGNOSTIC,    61, -5.672706327319e-01, 6.589443422518e-05, 0.0000e+00, 0.0000e+00, 
 2DIAGNOSTIC,    62, -5.672683942324e-01, 3.472503725055e-05, 0.0000e+00, 0.0000e+00, 
 2DIAGNOSTIC,    63, -5.672698272778e-01, 2.345213310815e-05, 0.0000e+00, 0.0000e+00, 
 2DIAGNOSTIC,    64, -5.672757875517e-01, 1.485332398674e-05, 0.0000e+00, 0.0000e+00, 
 2DIAGNOSTIC,    65, -5.672737311847e-01, 6.470768904539e-06, 0.0000e+00, 0.0000e+00, 
 2DIAGNOSTIC,    66, -5.672976424406e-01, 3.142488555805e-06, 0.0000e+00, 0.0000e+00, 
 2DIAGNOSTIC,    67, -5.672864551186e-01, 1.843348476270e-06, 0.0000e+00, 0.0000e+00, 
 2DIAGNOSTIC,    68, -5.672951384039e-01, 1.258350619676e-06, 0.0000e+00, 0.0000e+00, 
 2DIAGNOSTIC,    69, -5.673335036151e-01, 1.349215818028e-06, 0.0000e+00, 0.0000e+00, 
 2DIAGNOSTIC,    70, -5.673434153196e-01, 1.623706529482e-06, 0.0000e+00, 0.0000e+00, 
 2DIAGNOSTIC,    71, -5.673392449332e-01, 1.799942061174e-06, 0.0000e+00, 0.0000e+00, 
 2DIAGNOSTIC,    72, -5.673327345601e-01, 1.785957304882e-06, 0.0000e+00, 0.0000e+00, 
 2DIAGNOSTIC,    73, -5.673261953556e-01, 1.609607236734e-06, 0.0000e+00, 0.0000e+00, 
 2DIAGNOSTIC,    74, -5.673206638905e-01, 1.325606910609e-06, 0.0000e+00, 0.0000e+00, 
 2DIAGNOSTIC,    75, -5.673304133268e-01, 1.010239043951e-06, 0.0000e+00, 0.0000e+00, 
DIAGNOSTIC,Iteration,metricValue,convergenceValue,ITERATION_TIME_INDEX,SINCE_LAST
 2DIAGNOSTIC,     1, -5.009225606753e-01, 1.797693134862e+308, 0.0000e+00, 0.0000e+00, 
 2DIAGNOSTIC,     2, -5.012859283932e-01, 1.797693134862e+308, 0.0000e+00, 0.0000e+00, 
 2DIAGNOSTIC,     3, -5.016427991354e-01, 1.797693134862e+308, 0.0000e+00, 0.0000e+00, 
 2DIAGNOSTIC,     4, -5.018871751142e-01, 1.797693134862e+308, 0.0000e+00, 0.0000e+00, 
 2DIAGNOSTIC,     5, -5.019240967626e-01, 1.797693134862e+308, 0.0000e+00, 0.0000e+00, 
 2DIAGNOSTIC,     6, -5.020001587254e-01, 1.797693134862e+308, 0.0000e+00, 0.0000e+00, 
 2DIAGNOSTIC,     7, -5.021952554152e-01, 1.797693134862e+308, 0.0000e+00, 0.0000e+00, 
 2DIAGNOSTIC,     8, -5.023374835376e-01, 1.797693134862e+308, 0.0000e+00, 0.0000e+00, 
 2DIAGNOSTIC,     9, -5.023601845766e-01, 1.797693134862e+308, 0.0000e+00, 0.0000e+00, 
 2DIAGNOSTIC,    10, -5.023567649822e-01, 1.740125385048e-04, 0.0000e+00, 0.0000e+00, 
 2DIAGNOSTIC,    11, -5.023623279049e-01, 1.190905901031e-04, 0.0000e+00, 0.0000e+00, 
 2DIAGNOSTIC,    12, -5.023606493328e-01, 7.947509832885e-05, 0.0000e+00, 0.0000e+00, 
 2DIAGNOSTIC,    13, -5.023614895890e-01, 5.423146598532e-05, 0.0000e+00, 0.0000e+00, 
 2DIAGNOSTIC,    14, -5.023586428820e-01, 3.774814651929e-05, 0.0000e+00, 0.0000e+00, 
 2DIAGNOSTIC,    15, -5.023585980032e-01, 2.171147628029e-05, 0.0000e+00, 0.0000e+00, 
 2DIAGNOSTIC,    16, -5.023575551727e-01, 8.410579238005e-06, 0.0000e+00, 0.0000e+00, 
 2DIAGNOSTIC,    17, -5.023559277067e-01, 2.397000747917e-06, 0.0000e+00, 0.0000e+00, 
 2DIAGNOSTIC,    18, -5.023548504605e-01, 1.424153518406e-06, 0.0000e+00, 0.0000e+00, 
 2DIAGNOSTIC,    19, -5.023549034586e-01, 1.268502338683e-06, 0.0000e+00, 0.0000e+00, 
 2DIAGNOSTIC,    20, -5.023545129830e-01, 1.052686947958e-06, 0.0000e+00, 0.0000e+00, 
 2DIAGNOSTIC,    21, -5.023536803348e-01, 1.035658631070e-06, 0.0000e+00, 0.0000e+00, 
 2DIAGNOSTIC,    22, -5.023540328190e-01, 1.030525198294e-06, 0.0000e+00, 0.0000e+00, 
 2DIAGNOSTIC,    23, -5.023530889283e-01, 1.063503124052e-06, 0.0000e+00, 0.0000e+00, 
 2DIAGNOSTIC,    24, -5.023525764153e-01, 1.043937586521e-06, 0.0000e+00, 0.0000e+00, 
 2DIAGNOSTIC,    25, -5.023527398207e-01, 1.055148043043e-06, 0.0000e+00, 0.0000e+00, 
 2DIAGNOSTIC,    26, -5.023514933866e-01, 1.036433184429e-06, 0.0000e+00, 0.0000e+00, 
DIAGNOSTIC,Iteration,metricValue,convergenceValue,ITERATION_TIME_INDEX,SINCE_LAST
 2DIAGNOSTIC,     1, -4.666631783131e-01, 1.797693134862e+308, 0.0000e+00, 0.0000e+00, 
 2DIAGNOSTIC,     2, -4.668618589408e-01, 1.797693134862e+308, 0.0000e+00, 0.0000e+00, 
 2DIAGNOSTIC,     3, -4.669665515321e-01, 1.797693134862e+308, 0.0000e+00, 0.0000e+00, 
 2DIAGNOSTIC,     4, -4.669987320371e-01, 1.797693134862e+308, 0.0000e+00, 0.0000e+00, 
 2DIAGNOSTIC,     5, -4.670088990664e-01, 1.797693134862e+308, 0.0000e+00, 0.0000e+00, 
 2DIAGNOSTIC,     6, -4.670109316116e-01, 1.797693134862e+308, 2.5600e+02, 2.5600e+02, 
 2DIAGNOSTIC,     7, -4.670241386394e-01, 1.797693134862e+308, 2.5600e+02, 0.0000e+00, 
 2DIAGNOSTIC,     8, -4.670495660275e-01, 1.797693134862e+308, 2.5600e+02, 0.0000e+00, 
 2DIAGNOSTIC,     9, -4.670658162704e-01, 1.797693134862e+308, 2.5600e+02, 0.0000e+00, 
 2DIAGNOSTIC,    10, -4.670657271507e-01, 4.280981400932e-05, 2.5600e+02, 0.0000e+00, 
 2DIAGNOSTIC,    11, -4.670653841426e-01, 2.271886333970e-05, 2.5600e+02, 0.0000e+00, 
 2DIAGNOSTIC,    12, -4.670654674933e-01, 1.415269731424e-05, 2.5600e+02, 0.0000e+00, 
 2DIAGNOSTIC,    13, -4.670651351004e-01, 1.068983032557e-05, 2.5600e+02, 0.0000e+00, 
 2DIAGNOSTIC,    14, -4.670649291158e-01, 8.344581846301e-06, 2.5600e+02, 0.0000e+00, 
 2DIAGNOSTIC,    15, -4.670646480178e-01, 6.177171626390e-06, 2.5600e+02, 0.0000e+00, 
 2DIAGNOSTIC,    16, -4.670645796469e-01, 3.990711579527e-06, 2.5600e+02, 0.0000e+00, 
 2DIAGNOSTIC,    17, -4.670645151436e-01, 2.328080012402e-06, 2.5600e+02, 0.0000e+00, 
 2DIAGNOSTIC,    18, -4.670645206148e-01, 1.651704162123e-06, 2.5600e+02, 0.0000e+00, 
 2DIAGNOSTIC,    19, -4.670645204458e-01, 1.577584522197e-06, 2.5600e+02, 0.0000e+00, 
 2DIAGNOSTIC,    20, -4.670645200737e-01, 1.517202358879e-06, 2.5600e+02, 0.0000e+00, 
 2DIAGNOSTIC,    21, -4.670645189776e-01, 1.458987859686e-06, 2.5600e+02, 0.0000e+00, 
 2DIAGNOSTIC,    22, -4.670645192643e-01, 1.413471426022e-06, 2.5600e+02, 0.0000e+00, 
 2DIAGNOSTIC,    23, -4.670645189759e-01, 1.365974027973e-06, 2.5600e+02, 0.0000e+00, 
 2DIAGNOSTIC,    24, -4.670645158346e-01, 1.318684899908e-06, 2.5600e+02, 0.0000e+00, 
 2DIAGNOSTIC,    25, -4.670645158346e-01, 1.268806137739e-06, 2.5600e+02, 0.0000e+00, 
 2DIAGNOSTIC,    26, -4.670645120159e-01, 1.221268094750e-06, 2.5600e+02, 0.0000e+00, 
 2DIAGNOSTIC,    27, -4.670645120960e-01, 1.175821485483e-06, 2.5600e+02, 0.0000e+00, 
 2DIAGNOSTIC,    28, -4.670645120960e-01, 1.133782425833e-06, 2.5600e+02, 0.0000e+00, 
 2DIAGNOSTIC,    29, -4.670645123749e-01, 1.094690836735e-06, 2.5600e+02, 0.0000e+00, 
 2DIAGNOSTIC,    30, -4.670645123749e-01, 1.058242621671e-06, 2.5600e+02, 0.0000e+00, 
 2DIAGNOSTIC,    31, -4.670645123412e-01, 1.024162037559e-06, 2.5600e+02, 0.0000e+00, 
  Elapsed time (stage 0): 2.5600e+02


Total elapsed time: 2.5600e+02
Info [verificarlo]: loaded backend libinterflop_ieee.so
Info [interflop-ieee]: load backend with:
Info [interflop-ieee]: debug = false
Info [interflop-ieee]: debug-binary = false
Info [interflop-ieee]: no-backend-name = false
Info [interflop-ieee]: print-new-line = false
Info [interflop-ieee]: print-subnormal-normalized = false
Info [interflop-ieee]: count-op = false
All_Command_lines_OK
Using double precision for computations.
=============================================================================
The composite transform comprises the following transforms (in order): 
  1. /home/mdugre/scratch/mri-registration-rp/datasets/ds004513/derivatives/mri-registration-rp/0100/antsRegistration-r7-p22/sub-s032/rigid_Composite.h5[0] (type = Euler3DTransform)
  2. /home/mdugre/scratch/mri-registration-rp/datasets/ds004513/derivatives/mri-registration-rp/0100/antsRegistration-r7-p22/sub-s032/rigid_Composite.h5[1] (type = Euler3DTransform)
  3. /home/mdugre/scratch/mri-registration-rp/datasets/ds004513/derivatives/mri-registration-rp/0100/antsRegistration-r7-p22/sub-s032/rigid_Composite.h5[2] (type = Euler3DTransform)
=============================================================================
  number of levels = 4
  fixed image: /templateflow/tpl-MNI152NLin2009cAsym/tpl-MNI152NLin2009cAsym_res-01_desc-brain_T1w.nii.gz
  moving image: /home/mdugre/scratch/mri-registration-rp/datasets/ds004513/derivatives/mri-registration-rp/antsBrainExtraction/sub-s032/BrainExtractionBrain.nii.gz
Dimension = 3
Number of stages = 1
Use histogram matching = false
Winsorize image intensities = true
  Lower quantile = 0.005
  Upper quantile = 0.995


Stage 1 State
   Image metric = MattesMI
     Fixed image = Image (0x37cc7e0)
  RTTI typeinfo:   itk::Image<double, 3u>
  Reference Count: 2
  Modified Time: 1592
  Debug: Off
  Object Name: 
  Observers: 
    none
  Source: (none)
  Source output name: (none)
  Release Data: Off
  Data Released: False
  Global Release Data: Off
  PipelineMTime: 0
  UpdateMTime: 1203
  RealTimeStamp: 0 seconds 
  LargestPossibleRegion: 
    Dimension: 3
    Index: [0, 0, 0]
    Size: [193, 229, 193]
  BufferedRegion: 
    Dimension: 3
    Index: [0, 0, 0]
    Size: [193, 229, 193]
  RequestedRegion: 
    Dimension: 3
    Index: [0, 0, 0]
    Size: [193, 229, 193]
  Spacing: [1, 1, 1]
  Origin: [96, 132, -78]
  Direction: 
-1 0 0
0 -1 0
0 0 1

  IndexToPointMatrix: 
-1 0 0
0 -1 0
0 0 1

  PointToIndexMatrix: 
-1 0 0
0 -1 0
0 0 1

  Inverse Direction: 
-1 0 0
0 -1 0
0 0 1

  PixelContainer: 
    ImportImageContainer (0x388ca20)
      RTTI typeinfo:   itk::ImportImageContainer<unsigned long, double>
      Reference Count: 1
      Modified Time: 1200
      Debug: Off
      Object Name: 
      Observers: 
        none
      Pointer: 0x146910e9e010
      Container manages memory: true
      Size: 8530021
      Capacity: 8530021

     Moving image = Image (0x3897840)
  RTTI typeinfo:   itk::Image<double, 3u>
  Reference Count: 2
  Modified Time: 1593
  Debug: Off
  Object Name: 
  Observers: 
    none
  Source: (none)
  Source output name: (none)
  Release Data: Off
  Data Released: False
  Global Release Data: Off
  PipelineMTime: 0
  UpdateMTime: 1590
  RealTimeStamp: 0 seconds 
  LargestPossibleRegion: 
    Dimension: 3
    Index: [0, 0, 0]
    Size: [160, 240, 256]
  BufferedRegion: 
    Dimension: 3
    Index: [0, 0, 0]
    Size: [160, 240, 256]
  RequestedRegion: 
    Dimension: 3
    Index: [0, 0, 0]
    Size: [160, 240, 256]
  Spacing: [1, 1, 1]
  Origin: [73.279, 104.707, -131.187]
  Direction: 
-0.997527 0.0645574 -0.0278053
-0.0645323 -0.997914 -0.00179875
-0.0278634 4.01097e-08 0.999612

  IndexToPointMatrix: 
-0.997527 0.0645574 -0.0278053
-0.0645323 -0.997914 -0.00179875
-0.0278634 4.01097e-08 0.999612

  PointToIndexMatrix: 
-0.997527 -0.0645323 -0.0278634
0.0645574 -0.997914 4.01049e-08
-0.0278053 -0.00179875 0.999612

  Inverse Direction: 
-0.997527 -0.0645323 -0.0278634
0.0645574 -0.997914 4.01049e-08
-0.0278053 -0.00179875 0.999612

  PixelContainer: 
    ImportImageContainer (0x383fc90)
      RTTI typeinfo:   itk::ImportImageContainer<unsigned long, double>
      Reference Count: 1
      Modified Time: 1587
      Debug: Off
      Object Name: 
      Observers: 
        none
      Pointer: 0x14690c39d010
      Container manages memory: true
      Size: 9830400
      Capacity: 9830400

     Weighting = 1
     Sampling strategy = regular
     Number of bins = 32
     Radius = 4
     Sampling percentage  = 0.25
   Transform = Affine
     Gradient step = 0.1
     Update field sigma (voxel space) = 0
     Total field sigma (voxel space) = 0
     Update field time sigma = 0
     Total field time sigma  = 0
     Number of time indices = 0
     Number of time point samples = 0
Registration using 1 total stages.

Stage 0
  iterations = 1000x500x250x100
  convergence threshold = 1e-06
  convergence window size = 10
  number of levels = 4
  using the Mattes MI metric (number of bins = 32, weight = 1, use gradient filter = 0)
  preprocessing:  winsorizing the image intensities
  Shrink factors (level 1 out of 4): [8, 8, 8]
  Shrink factors (level 2 out of 4): [4, 4, 4]
  Shrink factors (level 3 out of 4): [2, 2, 2]
  Shrink factors (level 4 out of 4): [1, 1, 1]
  smoothing sigmas per level: [3, 2, 1, 0]
  regular sampling (percentage = 0.25)

*** Running AffineTransform registration ***

DIAGNOSTIC,Iteration,metricValue,convergenceValue,ITERATION_TIME_INDEX,SINCE_LAST
 2DIAGNOSTIC,     1, -6.840232043286e-01, 1.797693134862e+308, 7.6728e-01, 7.6728e-01, 
 2DIAGNOSTIC,     2, -6.860603720954e-01, 1.797693134862e+308, 7.7228e-01, 4.9992e-03, 
 2DIAGNOSTIC,     3, -6.889980790254e-01, 1.797693134862e+308, 7.7697e-01, 4.6880e-03, 
 2DIAGNOSTIC,     4, -6.929657638127e-01, 1.797693134862e+308, 7.8168e-01, 4.7081e-03, 
 2DIAGNOSTIC,     5, -7.034638572514e-01, 1.797693134862e+308, 7.8713e-01, 5.4500e-03, 
 2DIAGNOSTIC,     6, -7.215361171391e-01, 1.797693134862e+308, 7.9451e-01, 7.3791e-03, 
 2DIAGNOSTIC,     7, -7.220009665504e-01, 1.797693134862e+308, 7.9973e-01, 5.2271e-03, 
 2DIAGNOSTIC,     8, -7.223717319777e-01, 1.797693134862e+308, 8.0453e-01, 4.7908e-03, 
 2DIAGNOSTIC,     9, -7.232814054321e-01, 1.797693134862e+308, 8.0906e-01, 4.5321e-03, 
 2DIAGNOSTIC,    10, -7.242084869449e-01, 4.533366759137e-03, 8.1382e-01, 4.7650e-03, 
 2DIAGNOSTIC,    11, -7.249516126334e-01, 3.643670403910e-03, 8.1884e-01, 5.0189e-03, 
 2DIAGNOSTIC,    12, -7.253568609838e-01, 2.663027560179e-03, 8.2354e-01, 4.7030e-03, 
 2DIAGNOSTIC,    13, -7.262075688535e-01, 1.722267974466e-03, 8.2832e-01, 4.7781e-03, 
 2DIAGNOSTIC,    14, -7.278423717084e-01, 9.191543641448e-04, 8.3372e-01, 5.3971e-03, 
 2DIAGNOSTIC,    15, -7.316320069183e-01, 5.061609466863e-04, 8.3908e-01, 5.3599e-03, 
 2DIAGNOSTIC,    16, -7.322865818669e-01, 5.630668896670e-04, 8.4735e-01, 8.2688e-03, 
 2DIAGNOSTIC,    17, -7.322917792289e-01, 5.738383972832e-04, 8.5243e-01, 5.0778e-03, 
 2DIAGNOSTIC,    18, -7.336193551654e-01, 5.689561821673e-04, 8.5723e-01, 4.8020e-03, 
 2DIAGNOSTIC,    19, -7.350159325834e-01, 5.583791451055e-04, 8.6272e-01, 5.4939e-03, 
 2DIAGNOSTIC,    20, -7.359990081018e-01, 5.329951192651e-04, 8.6948e-01, 6.7580e-03, 
 2DIAGNOSTIC,    21, -7.360746357598e-01, 4.762318011737e-04, 8.7433e-01, 4.8511e-03, 
 2DIAGNOSTIC,    22, -7.365906887632e-01, 3.984489888560e-04, 8.7967e-01, 5.3360e-03, 
 2DIAGNOSTIC,    23, -7.372414602794e-01, 3.159164333550e-04, 8.8615e-01, 6.4850e-03, 
 2DIAGNOSTIC,    24, -7.373006179766e-01, 2.363848490640e-04, 8.9089e-01, 4.7419e-03, 
 2DIAGNOSTIC,    25, -7.370805836854e-01, 1.974055732067e-04, 8.9660e-01, 5.7080e-03, 
 2DIAGNOSTIC,    26, -7.371116163059e-01, 1.541664032355e-04, 9.0134e-01, 4.7340e-03, 
 2DIAGNOSTIC,    27, -7.370298409670e-01, 9.840403259082e-05, 9.0663e-01, 5.2950e-03, 
 2DIAGNOSTIC,    28, -7.370433912960e-01, 5.576460015130e-05, 9.1250e-01, 5.8720e-03, 
 2DIAGNOSTIC,    29, -7.370529505938e-01, 2.968524445505e-05, 9.1865e-01, 6.1510e-03, 
 2DIAGNOSTIC,    30, -7.369791019193e-01, 1.477563372731e-05, 9.2375e-01, 5.0912e-03, 
DIAGNOSTIC,Iteration,metricValue,convergenceValue,ITERATION_TIME_INDEX,SINCE_LAST
 2DIAGNOSTIC,     1, -5.950770131846e-01, 1.797693134862e+308, 1.6634e+00, 7.3963e-01, 
 2DIAGNOSTIC,     2, -5.954687932706e-01, 1.797693134862e+308, 1.7019e+00, 3.8538e-02, 
 2DIAGNOSTIC,     3, -5.960607639572e-01, 1.797693134862e+308, 1.7388e+00, 3.6854e-02, 
 2DIAGNOSTIC,     4, -5.965703852302e-01, 1.797693134862e+308, 1.7766e+00, 3.7816e-02, 
 2DIAGNOSTIC,     5, -5.971620572773e-01, 1.797693134862e+308, 1.8135e+00, 3.6869e-02, 
 2DIAGNOSTIC,     6, -5.975887744519e-01, 1.797693134862e+308, 1.8547e+00, 4.1251e-02, 
 2DIAGNOSTIC,     7, -5.979672098377e-01, 1.797693134862e+308, 1.8909e+00, 3.6175e-02, 
 2DIAGNOSTIC,     8, -6.006515559574e-01, 1.797693134862e+308, 1.9337e+00, 4.2828e-02, 
 2DIAGNOSTIC,     9, -6.012222639071e-01, 1.797693134862e+308, 1.9756e+00, 4.1941e-02, 
 2DIAGNOSTIC,    10, -6.018106506510e-01, 7.496871258009e-04, 2.0144e+00, 3.8778e-02, 
 2DIAGNOSTIC,    11, -6.036034818503e-01, 7.849724107592e-04, 2.0806e+00, 6.6214e-02, 
 2DIAGNOSTIC,    12, -6.036484919913e-01, 7.593844321939e-04, 2.1225e+00, 4.1855e-02, 
 2DIAGNOSTIC,    13, -6.035995924297e-01, 6.885852066641e-04, 2.1631e+00, 4.0654e-02, 
 2DIAGNOSTIC,    14, -6.035970506978e-01, 5.829710982186e-04, 2.2096e+00, 4.6460e-02, 
 2DIAGNOSTIC,    15, -6.036066804387e-01, 4.580834704321e-04, 2.2505e+00, 4.0873e-02, 
 2DIAGNOSTIC,    16, -6.036038111410e-01, 3.195645103585e-04, 2.2918e+00, 4.1362e-02, 
 2DIAGNOSTIC,    17, -6.035839679022e-01, 1.763093549464e-04, 2.3298e+00, 3.7945e-02, 
 2DIAGNOSTIC,    18, -6.035886542262e-01, 1.042148057537e-04, 2.3686e+00, 3.8860e-02, 
 2DIAGNOSTIC,    19, -6.035932276887e-01, 4.471424286957e-05, 2.4060e+00, 3.7365e-02, 
DIAGNOSTIC,Iteration,metricValue,convergenceValue,ITERATION_TIME_INDEX,SINCE_LAST
 2DIAGNOSTIC,     1, -5.397347742665e-01, 1.797693134862e+308, 3.5756e+00, 1.1696e+00, 
 2DIAGNOSTIC,     2, -5.400278496390e-01, 1.797693134862e+308, 3.8504e+00, 2.7482e-01, 
 2DIAGNOSTIC,     3, -5.403851465029e-01, 1.797693134862e+308, 4.1143e+00, 2.6389e-01, 
 2DIAGNOSTIC,     4, -5.407776952913e-01, 1.797693134862e+308, 4.4061e+00, 2.9179e-01, 
 2DIAGNOSTIC,     5, -5.413921406662e-01, 1.797693134862e+308, 4.6830e+00, 2.7687e-01, 
 2DIAGNOSTIC,     6, -5.421545410395e-01, 1.797693134862e+308, 4.9762e+00, 2.9325e-01, 
 2DIAGNOSTIC,     7, -5.431813776766e-01, 1.797693134862e+308, 5.4230e+00, 4.4674e-01, 
 2DIAGNOSTIC,     8, -5.432009035925e-01, 1.797693134862e+308, 5.6781e+00, 2.5510e-01, 
 2DIAGNOSTIC,     9, -5.432550457235e-01, 1.797693134862e+308, 5.9448e+00, 2.6670e-01, 
 2DIAGNOSTIC,    10, -5.434042075745e-01, 5.127800085367e-04, 6.2204e+00, 2.7560e-01, 
 2DIAGNOSTIC,    11, -5.436619323328e-01, 4.331787584312e-04, 6.5049e+00, 2.8455e-01, 
 2DIAGNOSTIC,    12, -5.442225560883e-01, 3.646875703872e-04, 6.8142e+00, 3.0931e-01, 
 2DIAGNOSTIC,    13, -5.449101554384e-01, 3.159326273185e-04, 7.2138e+00, 3.9957e-01, 
 2DIAGNOSTIC,    14, -5.449144941611e-01, 2.604891309519e-04, 7.5045e+00, 2.9072e-01, 
 2DIAGNOSTIC,    15, -5.449102580049e-01, 2.103629847481e-04, 7.8388e+00, 3.3423e-01, 
 2DIAGNOSTIC,    16, -5.449035258988e-01, 1.713805693992e-04, 8.1431e+00, 3.0433e-01, 
 2DIAGNOSTIC,    17, -5.448952816342e-01, 1.524590976594e-04, 8.5053e+00, 3.6223e-01, 
 2DIAGNOSTIC,    18, -5.448954016949e-01, 1.220432713521e-04, 8.8172e+00, 3.1184e-01, 
 2DIAGNOSTIC,    19, -5.448944233472e-01, 8.530149796935e-05, 9.1117e+00, 2.9453e-01, 
 2DIAGNOSTIC,    20, -5.448953290522e-01, 4.867776693897e-05, 9.4097e+00, 2.9803e-01, 
 2DIAGNOSTIC,    21, -5.448937804470e-01, 1.735897641401e-05, 9.7682e+00, 3.5845e-01, 
DIAGNOSTIC,Iteration,metricValue,convergenceValue,ITERATION_TIME_INDEX,SINCE_LAST
 2DIAGNOSTIC,     1, -4.997157591314e-01, 1.797693134862e+308, 1.2532e+01, 2.7636e+00, 
 2DIAGNOSTIC,     2, -4.999224918180e-01, 1.797693134862e+308, 1.4182e+01, 1.6499e+00, 
 2DIAGNOSTIC,     3, -5.001513512938e-01, 1.797693134862e+308, 1.5951e+01, 1.7693e+00, 
 2DIAGNOSTIC,     4, -5.003889029377e-01, 1.797693134862e+308, 1.7549e+01, 1.5984e+00, 
 2DIAGNOSTIC,     5, -5.007861112593e-01, 1.797693134862e+308, 2.0285e+01, 2.7357e+00, 
 2DIAGNOSTIC,     6, -5.007860471075e-01, 1.797693134862e+308, 2.2772e+01, 2.4867e+00, 
 2DIAGNOSTIC,     7, -5.007859930395e-01, 1.797693134862e+308, 2.5276e+01, 2.5040e+00, 
 2DIAGNOSTIC,     8, -5.007860413429e-01, 1.797693134862e+308, 2.7976e+01, 2.6999e+00, 
 2DIAGNOSTIC,     9, -5.007860710181e-01, 1.797693134862e+308, 2.9852e+01, 1.8766e+00, 
 2DIAGNOSTIC,    10, -5.007858728710e-01, 1.426219683488e-04, 3.1505e+01, 1.6525e+00, 
 2DIAGNOSTIC,    11, -5.007854706483e-01, 9.044973990256e-05, 3.3467e+01, 1.9620e+00, 
