
##########################
# Experiment information #
##########################

EXPERIMENT_NAME: antsRegistration-r8-p7
VFC_BACKENDS: libinterflop_vprec.so --range-binary32=8 --precision-binary32=7 --range-binary64=8 --precision-binary64=7

SIF_IMG: /home/mdugre/projects/rrg-glatard/mdugre/containers/ants-vprec-no_metrics.simg

SUBJECT_ID: s003
INPUT_IMG: /home/mdugre/scratch/mri-registration-rp/datasets/ds004513/derivatives/mri-registration-rp/antsBrainExtraction/sub-s003/BrainExtractionBrain.nii.gz
OUTPUT_DIR: /home/mdugre/scratch/mri-registration-rp/datasets/ds004513/derivatives/mri-registration-rp/0100/antsRegistration-r8-p7/sub-s003

FIXED_IMG: /templateflow/tpl-MNI152NLin2009cAsym/tpl-MNI152NLin2009cAsym_res-01_desc-brain_T1w.nii.gz
DATA_DIR: /home/mdugre/scratch/mri-registration-rp/datasets/ds004513
TEMPLATEFLOW_DIR: /home/mdugre/projects/rrg-glatard/mdugre/templateflow
ITK_GLOBAL_DEFAULT_NUMBER_OF_THREADS: 16
##########################

Info [verificarlo]: loaded backend libinterflop_ieee.so
Info [interflop-ieee]: load backend with:
Info [interflop-ieee]: debug = false
Info [interflop-ieee]: debug-binary = false
Info [interflop-ieee]: no-backend-name = false
Info [interflop-ieee]: print-new-line = false
Info [interflop-ieee]: print-subnormal-normalized = false
Info [interflop-ieee]: count-op = false
All_Command_lines_OK
Using double precision for computations.
=============================================================================
The composite transform comprises the following transforms (in order): 
  1. Center of mass alignment using fixed image: /templateflow/tpl-MNI152NLin2009cAsym/tpl-MNI152NLin2009cAsym_res-01_desc-brain_T1w.nii.gz and moving image: /home/mdugre/scratch/mri-registration-rp/datasets/ds004513/derivatives/mri-registration-rp/antsBrainExtraction/sub-s003/BrainExtractionBrain.nii.gz (type = Euler3DTransform)
=============================================================================
  number of levels = 1
  fixed image: /templateflow/tpl-MNI152NLin2009cAsym/tpl-MNI152NLin2009cAsym_res-01_desc-brain_T1w.nii.gz
  moving image: /home/mdugre/scratch/mri-registration-rp/datasets/ds004513/derivatives/mri-registration-rp/antsBrainExtraction/sub-s003/BrainExtractionBrain.nii.gz
Dimension = 3
Number of stages = 1
Use histogram matching = false
Winsorize image intensities = true
  Lower quantile = 0.005
  Upper quantile = 0.995


Stage 1 State
   Image metric = MattesMI
     Fixed image = Image (0x495bbd0)
  RTTI typeinfo:   itk::Image<double, 3u>
  Reference Count: 2
  Modified Time: 2334
  Debug: Off
  Object Name: 
  Observers: 
    none
  Source: (none)
  Source output name: (none)
  Release Data: Off
  Data Released: False
  Global Release Data: Off
  PipelineMTime: 0
  UpdateMTime: 1943
  RealTimeStamp: 0 seconds 
  LargestPossibleRegion: 
    Dimension: 3
    Index: [0, 0, 0]
    Size: [193, 229, 193]
  BufferedRegion: 
    Dimension: 3
    Index: [0, 0, 0]
    Size: [193, 229, 193]
  RequestedRegion: 
    Dimension: 3
    Index: [0, 0, 0]
    Size: [193, 229, 193]
  Spacing: [1, 1, 1]
  Origin: [96, 132, -78]
  Direction: 
-1 0 0
0 -1 0
0 0 1

  IndexToPointMatrix: 
-1 0 0
0 -1 0
0 0 1

  PointToIndexMatrix: 
-1 0 0
0 -1 0
0 0 1

  Inverse Direction: 
-1 0 0
0 -1 0
0 0 1

  PixelContainer: 
    ImportImageContainer (0x49b3930)
      RTTI typeinfo:   itk::ImportImageContainer<unsigned long, double>
      Reference Count: 1
      Modified Time: 1940
      Debug: Off
      Object Name: 
      Observers: 
        none
      Pointer: 0x14d7a3b5b010
      Container manages memory: true
      Size: 8530021
      Capacity: 8530021

     Moving image = Image (0x4a4b610)
  RTTI typeinfo:   itk::Image<double, 3u>
  Reference Count: 2
  Modified Time: 2335
  Debug: Off
  Object Name: 
  Observers: 
    none
  Source: (none)
  Source output name: (none)
  Release Data: Off
  Data Released: False
  Global Release Data: Off
  PipelineMTime: 0
  UpdateMTime: 2332
  RealTimeStamp: 0 seconds 
  LargestPossibleRegion: 
    Dimension: 3
    Index: [0, 0, 0]
    Size: [176, 240, 256]
  BufferedRegion: 
    Dimension: 3
    Index: [0, 0, 0]
    Size: [176, 240, 256]
  RequestedRegion: 
    Dimension: 3
    Index: [0, 0, 0]
    Size: [176, 240, 256]
  Spacing: [0.999999, 1, 1]
  Origin: [93.3499, 86.9368, -128.957]
  Direction: 
-0.999513 -0.0279216 -0.0139567
0.0279189 -0.99961 0.000389866
-0.0139622 2.01492e-08 0.999903

  IndexToPointMatrix: 
-0.999512 -0.0279216 -0.0139567
0.0279189 -0.99961 0.000389866
-0.0139621 2.01492e-08 0.999903

  PointToIndexMatrix: 
-0.999514 0.0279189 -0.0139622
-0.0279216 -0.99961 2.01716e-08
-0.0139567 0.000389866 0.999903

  Inverse Direction: 
-0.999513 0.0279189 -0.0139622
-0.0279216 -0.99961 2.01716e-08
-0.0139567 0.000389866 0.999903

  PixelContainer: 
    ImportImageContainer (0x498b850)
      RTTI typeinfo:   itk::ImportImageContainer<unsigned long, double>
      Reference Count: 1
      Modified Time: 2329
      Debug: Off
      Object Name: 
      Observers: 
        none
      Pointer: 0x14d79e8da010
      Container manages memory: true
      Size: 10813440
      Capacity: 10813440

     Weighting = 1
     Sampling strategy = regular
     Number of bins = 32
     Radius = 4
     Sampling percentage  = 0.25
   Transform = Rigid
     Gradient step = 0.1
     Update field sigma (voxel space) = 0
     Total field sigma (voxel space) = 0
     Update field time sigma = 0
     Total field time sigma  = 0
     Number of time indices = 0
     Number of time point samples = 0
Registration using 1 total stages.

Stage 0
  iterations = 0
  convergence threshold = 1e-06
  convergence window size = 10
  number of levels = 1
  using the Mattes MI metric (number of bins = 32, weight = 1, use gradient filter = 0)
  preprocessing:  winsorizing the image intensities
  Shrink factors (level 1 out of 1): [1, 1, 1]
  smoothing sigmas per level: [0]
  regular sampling (percentage = 0.25)

*** Running Euler3DTransform registration ***

  Elapsed time (stage 0): 1.10149


Total elapsed time: 1.10381
Info [verificarlo]: loaded backend libinterflop_vprec.so
Info [interflop-vprec]: load backend with: 
Info [interflop-vprec]: precision-binary32 = 7
Info [interflop-vprec]: range-binary32 = 8
Info [interflop-vprec]: precision-binary64 = 7
Info [interflop-vprec]: range-binary64 = 8
Info [interflop-vprec]: mode = ob
Info [interflop-vprec]: error-mode = rel
Info [interflop-vprec]: max-abs-error-exponent = -1022
Info [interflop-vprec]: daz = false
Info [interflop-vprec]: ftz = false
Info [interflop-vprec]: 	instrument = none
Info [interflop-vprec]: 	prec-input-file = (null)
Info [interflop-vprec]: 	prec-output-file = (null)
Info [interflop-vprec]: 	prec-log-file = (null)
All_Command_lines_OK
Using double precision for computations.
=============================================================================
The composite transform comprises the following transforms (in order): 
  1. /home/mdugre/scratch/mri-registration-rp/datasets/ds004513/derivatives/mri-registration-rp/0100/antsRegistration-r8-p7/sub-s003/align_Composite.h5[0] (type = Euler3DTransform)
  2. /home/mdugre/scratch/mri-registration-rp/datasets/ds004513/derivatives/mri-registration-rp/0100/antsRegistration-r8-p7/sub-s003/align_Composite.h5[1] (type = Euler3DTransform)
=============================================================================
  number of levels = 4
  fixed image: /templateflow/tpl-MNI152NLin2009cAsym/tpl-MNI152NLin2009cAsym_res-01_desc-brain_T1w.nii.gz
  moving image: /home/mdugre/scratch/mri-registration-rp/datasets/ds004513/derivatives/mri-registration-rp/antsBrainExtraction/sub-s003/BrainExtractionBrain.nii.gz
Dimension = 3
Number of stages = 1
Use histogram matching = false
Winsorize image intensities = true
  Lower quantile = 0.005
  Upper quantile = 0.995


Stage 1 State
   Image metric = MattesMI
     Fixed image = Image (0x36641e0)
  RTTI typeinfo:   itk::Image<double, 3u>
  Reference Count: 2
  Modified Time: 1578
  Debug: Off
  Object Name: 
  Observers: 
    none
  Source: (none)
  Source output name: (none)
  Release Data: Off
  Data Released: False
  Global Release Data: Off
  PipelineMTime: 0
  UpdateMTime: 1189
  RealTimeStamp: 0 seconds 
  LargestPossibleRegion: 
    Dimension: 3
    Index: [0, 0, 0]
    Size: [193, 229, 193]
  BufferedRegion: 
    Dimension: 3
    Index: [0, 0, 0]
    Size: [193, 229, 193]
  RequestedRegion: 
    Dimension: 3
    Index: [0, 0, 0]
    Size: [193, 229, 193]
  Spacing: [1, 1, 1]
  Origin: [96, 132, -78]
  Direction: 
-1 0 0
0 -1 0
0 0 1

  IndexToPointMatrix: 
-1 0 0
0 -1 0
0 0 1

  PointToIndexMatrix: 
-1 0 0
0 -1 0
0 0 1

  Inverse Direction: 
-1 0 0
0 -1 0
0 0 1

  PixelContainer: 
    ImportImageContainer (0x3723680)
      RTTI typeinfo:   itk::ImportImageContainer<unsigned long, double>
      Reference Count: 1
      Modified Time: 1186
      Debug: Off
      Object Name: 
      Observers: 
        none
      Pointer: 0x14ffcc8dd010
      Container manages memory: true
      Size: 8530021
      Capacity: 8530021

     Moving image = Image (0x371fb20)
  RTTI typeinfo:   itk::Image<double, 3u>
  Reference Count: 2
  Modified Time: 1579
  Debug: Off
  Object Name: 
  Observers: 
    none
  Source: (none)
  Source output name: (none)
  Release Data: Off
  Data Released: False
  Global Release Data: Off
  PipelineMTime: 0
  UpdateMTime: 1576
  RealTimeStamp: 0 seconds 
  LargestPossibleRegion: 
    Dimension: 3
    Index: [0, 0, 0]
    Size: [176, 240, 256]
  BufferedRegion: 
    Dimension: 3
    Index: [0, 0, 0]
    Size: [176, 240, 256]
  RequestedRegion: 
    Dimension: 3
    Index: [0, 0, 0]
    Size: [176, 240, 256]
  Spacing: [1, 1, 1]
  Origin: [93.5, 87, -129]
  Direction: 
-1 -0.0279541 -0.0139771
0.0279541 -1 0.000389099
-0.0139771 0 1

  IndexToPointMatrix: 
-1 -0.0279541 -0.0139771
0.0279541 -1 0.000389099
-0.0139771 0 1

  PointToIndexMatrix: 
-1 0.0279541 -0.0139771
-0.0279541 -1 0
-0.0139771 0.000391006 1

  Inverse Direction: 
-1 0.0279541 -0.0139771
-0.0279541 -1 0
-0.0139771 0.000391006 1

  PixelContainer: 
    ImportImageContainer (0x3788d50)
      RTTI typeinfo:   itk::ImportImageContainer<unsigned long, double>
      Reference Count: 1
      Modified Time: 1573
      Debug: Off
      Object Name: 
      Observers: 
        none
      Pointer: 0x14ffc765c010
      Container manages memory: true
      Size: 10813440
      Capacity: 10813440

     Weighting = 1
     Sampling strategy = regular
     Number of bins = 32
     Radius = 4
     Sampling percentage  = 0.25
   Transform = Rigid
     Gradient step = 0.1
     Update field sigma (voxel space) = 0
     Total field sigma (voxel space) = 0
     Update field time sigma = 0
     Total field time sigma  = 0
     Number of time indices = 0
     Number of time point samples = 0
Registration using 1 total stages.

Stage 0
  iterations = 1000x500x250x100
  convergence threshold = 1e-06
  convergence window size = 10
  number of levels = 4
  using the Mattes MI metric (number of bins = 32, weight = 1, use gradient filter = 0)
  preprocessing:  winsorizing the image intensities
  Shrink factors (level 1 out of 4): [8, 8, 8]
  Shrink factors (level 2 out of 4): [4, 4, 4]
  Shrink factors (level 3 out of 4): [2, 2, 2]
  Shrink factors (level 4 out of 4): [1, 1, 1]
  smoothing sigmas per level: [3, 2, 1, 0]
  regular sampling (percentage = 0.25)

*** Running Euler3DTransform registration ***

DIAGNOSTIC,Iteration,metricValue,convergenceValue,ITERATION_TIME_INDEX,SINCE_LAST
 2DIAGNOSTIC,     1, -5.161866091816e-01, 1.797693134862e+308, 0.0000e+00, 0.0000e+00, 
 2DIAGNOSTIC,     2, -5.162025419604e-01, 1.797693134862e+308, 0.0000e+00, 0.0000e+00, 
 2DIAGNOSTIC,     3, -5.162132902566e-01, 1.797693134862e+308, 0.0000e+00, 0.0000e+00, 
 2DIAGNOSTIC,     4, -5.161904234357e-01, 1.797693134862e+308, 0.0000e+00, 0.0000e+00, 
 2DIAGNOSTIC,     5, -5.161821991632e-01, 1.797693134862e+308, 0.0000e+00, 0.0000e+00, 
 2DIAGNOSTIC,     6, -5.161883379688e-01, 1.797693134862e+308, 0.0000e+00, 0.0000e+00, 
 2DIAGNOSTIC,     7, -5.162350645184e-01, 1.797693134862e+308, 0.0000e+00, 0.0000e+00, 
 2DIAGNOSTIC,     8, -5.163530511844e-01, 1.797693134862e+308, 0.0000e+00, 0.0000e+00, 
 2DIAGNOSTIC,     9, -5.164561514068e-01, 1.797693134862e+308, 0.0000e+00, 0.0000e+00, 
 2DIAGNOSTIC,    10, -5.167562705868e-01, 5.011239733950e-05, 0.0000e+00, 0.0000e+00, 
 2DIAGNOSTIC,    11, -5.164536001406e-01, 4.998564785751e-05, 0.0000e+00, 0.0000e+00, 
 2DIAGNOSTIC,    12, -5.163647937914e-01, 4.255819019615e-05, 0.0000e+00, 0.0000e+00, 
 2DIAGNOSTIC,    13, -5.163037463628e-01, 3.043442485370e-05, 0.0000e+00, 0.0000e+00, 
 2DIAGNOSTIC,    14, -5.163037479671e-01, 1.607696987631e-05, 0.0000e+00, 0.0000e+00, 
 2DIAGNOSTIC,    15, -5.162994147786e-01, 1.635233182973e-06, 0.0000e+00, 0.0000e+00, 
DIAGNOSTIC,Iteration,metricValue,convergenceValue,ITERATION_TIME_INDEX,SINCE_LAST
 2DIAGNOSTIC,     1, -4.027922862974e-01, 1.797693134862e+308, 0.0000e+00, 0.0000e+00, 
 2DIAGNOSTIC,     2, -4.028506871107e-01, 1.797693134862e+308, 0.0000e+00, 0.0000e+00, 
 2DIAGNOSTIC,     3, -4.028648267388e-01, 1.797693134862e+308, 0.0000e+00, 0.0000e+00, 
 2DIAGNOSTIC,     4, -4.028496754722e-01, 1.797693134862e+308, 0.0000e+00, 0.0000e+00, 
 2DIAGNOSTIC,     5, -4.028169663790e-01, 1.797693134862e+308, 0.0000e+00, 0.0000e+00, 
 2DIAGNOSTIC,     6, -4.028169663790e-01, 1.797693134862e+308, 0.0000e+00, 0.0000e+00, 
 2DIAGNOSTIC,     7, -4.028169663790e-01, 1.797693134862e+308, 0.0000e+00, 0.0000e+00, 
 2DIAGNOSTIC,     8, -4.028169663790e-01, 1.797693134862e+308, 0.0000e+00, 0.0000e+00, 
 2DIAGNOSTIC,     9, -4.028169663790e-01, 1.797693134862e+308, 0.0000e+00, 0.0000e+00, 
DIAGNOSTIC,Iteration,metricValue,convergenceValue,ITERATION_TIME_INDEX,SINCE_LAST
 2DIAGNOSTIC,     1, -3.599422912582e-01, 1.797693134862e+308, 0.0000e+00, 0.0000e+00, 
 2DIAGNOSTIC,     2, -3.599655567437e-01, 1.797693134862e+308, 0.0000e+00, 0.0000e+00, 
 2DIAGNOSTIC,     3, -3.599672340346e-01, 1.797693134862e+308, 0.0000e+00, 0.0000e+00, 
 2DIAGNOSTIC,     4, -3.599581342334e-01, 1.797693134862e+308, 0.0000e+00, 0.0000e+00, 
 2DIAGNOSTIC,     5, -3.599491080374e-01, 1.797693134862e+308, 0.0000e+00, 0.0000e+00, 
 2DIAGNOSTIC,     6, -3.599483659170e-01, 1.797693134862e+308, 0.0000e+00, 0.0000e+00, 
 2DIAGNOSTIC,     7, -3.599432694512e-01, 1.797693134862e+308, 0.0000e+00, 0.0000e+00, 
 2DIAGNOSTIC,     8, -3.599446014816e-01, 1.797693134862e+308, 0.0000e+00, 0.0000e+00, 
 2DIAGNOSTIC,     9, -3.599425012231e-01, 1.797693134862e+308, 0.0000e+00, 0.0000e+00, 
DIAGNOSTIC,Iteration,metricValue,convergenceValue,ITERATION_TIME_INDEX,SINCE_LAST
 2DIAGNOSTIC,     1, -3.352442205213e-01, 1.797693134862e+308, 0.0000e+00, 0.0000e+00, 
 2DIAGNOSTIC,     2, -3.353053649628e-01, 1.797693134862e+308, 0.0000e+00, 0.0000e+00, 
 2DIAGNOSTIC,     3, -3.354648252684e-01, 1.797693134862e+308, 0.0000e+00, 0.0000e+00, 
 2DIAGNOSTIC,     4, -3.361193868994e-01, 1.797693134862e+308, 0.0000e+00, 0.0000e+00, 
 2DIAGNOSTIC,     5, -3.367645519492e-01, 1.797693134862e+308, 0.0000e+00, 0.0000e+00, 
 2DIAGNOSTIC,     6, -3.375672197975e-01, 1.797693134862e+308, 0.0000e+00, 0.0000e+00, 
 2DIAGNOSTIC,     7, -3.397275469770e-01, 1.797693134862e+308, 0.0000e+00, 0.0000e+00, 
 2DIAGNOSTIC,     8, -3.500693633833e-01, 1.797693134862e+308, 0.0000e+00, 0.0000e+00, 
 2DIAGNOSTIC,     9, -3.568857455576e-01, 1.797693134862e+308, 0.0000e+00, 0.0000e+00, 
 2DIAGNOSTIC,    10, -3.691154339341e-01, 5.360535324491e-03, 0.0000e+00, 0.0000e+00, 
 2DIAGNOSTIC,    11, -3.948159432216e-01, 8.165795721083e-03, 0.0000e+00, 0.0000e+00, 
 2DIAGNOSTIC,    12, -4.313962704519e-01, 1.204499692156e-02, 0.0000e+00, 0.0000e+00, 
 2DIAGNOSTIC,    13, -4.310159093780e-01, 1.408629198767e-02, 0.0000e+00, 0.0000e+00, 
 2DIAGNOSTIC,    14, -4.316462692208e-01, 1.462595136673e-02, 0.0000e+00, 0.0000e+00, 
 2DIAGNOSTIC,    15, -4.317396025874e-01, 1.382303742468e-02, 0.0000e+00, 0.0000e+00, 
 2DIAGNOSTIC,    16, -4.335223735984e-01, 1.197747031233e-02, 0.0000e+00, 0.0000e+00, 
 2DIAGNOSTIC,    17, -4.334836298488e-01, 9.354339522093e-03, 0.0000e+00, 0.0000e+00, 
 2DIAGNOSTIC,    18, -4.321639068745e-01, 6.587611455598e-03, 0.0000e+00, 0.0000e+00, 
 2DIAGNOSTIC,    19, -4.323045624824e-01, 3.839164232019e-03, 0.0000e+00, 0.0000e+00, 
 2DIAGNOSTIC,    20, -4.328061536190e-01, 1.498406410559e-03, 0.0000e+00, 0.0000e+00, 
 2DIAGNOSTIC,    21, -4.323802964747e-01, 1.116171660608e-04, 0.0000e+00, 0.0000e+00, 
 2DIAGNOSTIC,    22, -4.327296342523e-01, 7.673229930742e-05, 0.0000e+00, 0.0000e+00, 
 2DIAGNOSTIC,    23, -4.329427137990e-01, 3.362071317414e-05, 0.0000e+00, 0.0000e+00, 
 2DIAGNOSTIC,    24, -4.342662170393e-01, 5.025743195850e-05, 0.0000e+00, 0.0000e+00, 
 2DIAGNOSTIC,    25, -4.330002495811e-01, 2.408534677754e-05, 0.0000e+00, 0.0000e+00, 
 2DIAGNOSTIC,    26, -4.330286397935e-01, 4.880817961295e-05, 0.0000e+00, 0.0000e+00, 
 2DIAGNOSTIC,    27, -4.333294222202e-01, 7.530788692268e-05, 0.0000e+00, 0.0000e+00, 
 2DIAGNOSTIC,    28, -4.326549359470e-01, 4.074541207068e-05, 0.0000e+00, 0.0000e+00, 
  Elapsed time (stage 0): 0.0000e+00


Total elapsed time: 0.0000e+00
Info [verificarlo]: loaded backend libinterflop_ieee.so
Info [interflop-ieee]: load backend with:
Info [interflop-ieee]: debug = false
Info [interflop-ieee]: debug-binary = false
Info [interflop-ieee]: no-backend-name = false
Info [interflop-ieee]: print-new-line = false
Info [interflop-ieee]: print-subnormal-normalized = false
Info [interflop-ieee]: count-op = false
All_Command_lines_OK
Using double precision for computations.
=============================================================================
The composite transform comprises the following transforms (in order): 
  1. /home/mdugre/scratch/mri-registration-rp/datasets/ds004513/derivatives/mri-registration-rp/0100/antsRegistration-r8-p7/sub-s003/rigid_Composite.h5[0] (type = Euler3DTransform)
  2. /home/mdugre/scratch/mri-registration-rp/datasets/ds004513/derivatives/mri-registration-rp/0100/antsRegistration-r8-p7/sub-s003/rigid_Composite.h5[1] (type = Euler3DTransform)
  3. /home/mdugre/scratch/mri-registration-rp/datasets/ds004513/derivatives/mri-registration-rp/0100/antsRegistration-r8-p7/sub-s003/rigid_Composite.h5[2] (type = Euler3DTransform)
=============================================================================
  number of levels = 4
  fixed image: /templateflow/tpl-MNI152NLin2009cAsym/tpl-MNI152NLin2009cAsym_res-01_desc-brain_T1w.nii.gz
  moving image: /home/mdugre/scratch/mri-registration-rp/datasets/ds004513/derivatives/mri-registration-rp/antsBrainExtraction/sub-s003/BrainExtractionBrain.nii.gz
Dimension = 3
Number of stages = 1
Use histogram matching = false
Winsorize image intensities = true
  Lower quantile = 0.005
  Upper quantile = 0.995


Stage 1 State
   Image metric = MattesMI
     Fixed image = Image (0x3396530)
  RTTI typeinfo:   itk::Image<double, 3u>
  Reference Count: 2
  Modified Time: 1594
  Debug: Off
  Object Name: 
  Observers: 
    none
  Source: (none)
  Source output name: (none)
  Release Data: Off
  Data Released: False
  Global Release Data: Off
  PipelineMTime: 0
  UpdateMTime: 1203
  RealTimeStamp: 0 seconds 
  LargestPossibleRegion: 
    Dimension: 3
    Index: [0, 0, 0]
    Size: [193, 229, 193]
  BufferedRegion: 
    Dimension: 3
    Index: [0, 0, 0]
    Size: [193, 229, 193]
  RequestedRegion: 
    Dimension: 3
    Index: [0, 0, 0]
    Size: [193, 229, 193]
  Spacing: [1, 1, 1]
  Origin: [96, 132, -78]
  Direction: 
-1 0 0
0 -1 0
0 0 1

  IndexToPointMatrix: 
-1 0 0
0 -1 0
0 0 1

  PointToIndexMatrix: 
-1 0 0
0 -1 0
0 0 1

  Inverse Direction: 
-1 0 0
0 -1 0
0 0 1

  PixelContainer: 
    ImportImageContainer (0x33a32b0)
      RTTI typeinfo:   itk::ImportImageContainer<unsigned long, double>
      Reference Count: 1
      Modified Time: 1200
      Debug: Off
      Object Name: 
      Observers: 
        none
      Pointer: 0x151acb167010
      Container manages memory: true
      Size: 8530021
      Capacity: 8530021

     Moving image = Image (0x3451fd0)
  RTTI typeinfo:   itk::Image<double, 3u>
  Reference Count: 2
  Modified Time: 1595
  Debug: Off
  Object Name: 
  Observers: 
    none
  Source: (none)
  Source output name: (none)
  Release Data: Off
  Data Released: False
  Global Release Data: Off
  PipelineMTime: 0
  UpdateMTime: 1592
  RealTimeStamp: 0 seconds 
  LargestPossibleRegion: 
    Dimension: 3
    Index: [0, 0, 0]
    Size: [176, 240, 256]
  BufferedRegion: 
    Dimension: 3
    Index: [0, 0, 0]
    Size: [176, 240, 256]
  RequestedRegion: 
    Dimension: 3
    Index: [0, 0, 0]
    Size: [176, 240, 256]
  Spacing: [0.999999, 1, 1]
  Origin: [93.3499, 86.9368, -128.957]
  Direction: 
-0.999513 -0.0279216 -0.0139567
0.0279189 -0.99961 0.000389866
-0.0139622 2.01492e-08 0.999903

  IndexToPointMatrix: 
-0.999512 -0.0279216 -0.0139567
0.0279189 -0.99961 0.000389866
-0.0139621 2.01492e-08 0.999903

  PointToIndexMatrix: 
-0.999514 0.0279189 -0.0139622
-0.0279216 -0.99961 2.01716e-08
-0.0139567 0.000389866 0.999903

  Inverse Direction: 
-0.999513 0.0279189 -0.0139622
-0.0279216 -0.99961 2.01716e-08
-0.0139567 0.000389866 0.999903

  PixelContainer: 
    ImportImageContainer (0x34ed650)
      RTTI typeinfo:   itk::ImportImageContainer<unsigned long, double>
      Reference Count: 1
      Modified Time: 1589
      Debug: Off
      Object Name: 
      Observers: 
        none
      Pointer: 0x151ac5ee6010
      Container manages memory: true
      Size: 10813440
      Capacity: 10813440

     Weighting = 1
     Sampling strategy = regular
     Number of bins = 32
     Radius = 4
     Sampling percentage  = 0.25
   Transform = Affine
     Gradient step = 0.1
     Update field sigma (voxel space) = 0
     Total field sigma (voxel space) = 0
     Update field time sigma = 0
     Total field time sigma  = 0
     Number of time indices = 0
     Number of time point samples = 0
Registration using 1 total stages.

Stage 0
  iterations = 1000x500x250x100
  convergence threshold = 1e-06
  convergence window size = 10
  number of levels = 4
  using the Mattes MI metric (number of bins = 32, weight = 1, use gradient filter = 0)
  preprocessing:  winsorizing the image intensities
  Shrink factors (level 1 out of 4): [8, 8, 8]
  Shrink factors (level 2 out of 4): [4, 4, 4]
  Shrink factors (level 3 out of 4): [2, 2, 2]
  Shrink factors (level 4 out of 4): [1, 1, 1]
  smoothing sigmas per level: [3, 2, 1, 0]
  regular sampling (percentage = 0.25)

*** Running AffineTransform registration ***

DIAGNOSTIC,Iteration,metricValue,convergenceValue,ITERATION_TIME_INDEX,SINCE_LAST
 2DIAGNOSTIC,     1, -6.429454205059e-01, 1.797693134862e+308, 9.4325e-01, 9.4325e-01, 
 2DIAGNOSTIC,     2, -6.449580295683e-01, 1.797693134862e+308, 9.4931e-01, 6.0639e-03, 
 2DIAGNOSTIC,     3, -6.478608570484e-01, 1.797693134862e+308, 9.5549e-01, 6.1750e-03, 
 2DIAGNOSTIC,     4, -6.518860205636e-01, 1.797693134862e+308, 9.6167e-01, 6.1870e-03, 
 2DIAGNOSTIC,     5, -6.572702094550e-01, 1.797693134862e+308, 9.6761e-01, 5.9371e-03, 
 2DIAGNOSTIC,     6, -6.693236492911e-01, 1.797693134862e+308, 9.7366e-01, 6.0458e-03, 
 2DIAGNOSTIC,     7, -7.062668497599e-01, 1.797693134862e+308, 9.8060e-01, 6.9430e-03, 
 2DIAGNOSTIC,     8, -7.168361905075e-01, 1.797693134862e+308, 9.9303e-01, 1.2433e-02, 
 2DIAGNOSTIC,     9, -7.171325162277e-01, 1.797693134862e+308, 9.9928e-01, 6.2430e-03, 
 2DIAGNOSTIC,    10, -7.176085185212e-01, 8.964265275589e-03, 1.0059e+00, 6.6159e-03, 
 2DIAGNOSTIC,    11, -7.194653497236e-01, 8.165621941592e-03, 1.0124e+00, 6.4650e-03, 
 2DIAGNOSTIC,    12, -7.207744935409e-01, 6.868205241487e-03, 1.0190e+00, 6.5980e-03, 
 2DIAGNOSTIC,    13, -7.237120907770e-01, 5.341139753767e-03, 1.0255e+00, 6.5022e-03, 
 2DIAGNOSTIC,    14, -7.264317058787e-01, 3.772175898974e-03, 1.0366e+00, 1.1181e-02, 
 2DIAGNOSTIC,    15, -7.283498033944e-01, 2.285442139063e-03, 1.0480e+00, 1.1335e-02, 
 2DIAGNOSTIC,    16, -7.282699303038e-01, 1.066820158197e-03, 1.0547e+00, 6.7158e-03, 
 2DIAGNOSTIC,    17, -7.283465475179e-01, 7.820583732211e-04, 1.0620e+00, 7.2958e-03, 
 2DIAGNOSTIC,    18, -7.281747646428e-01, 6.931823639659e-04, 1.0685e+00, 6.4940e-03, 
 2DIAGNOSTIC,    19, -7.282100739120e-01, 5.565659652773e-04, 1.0745e+00, 6.0201e-03, 
 2DIAGNOSTIC,    20, -7.281683588240e-01, 3.907911729334e-04, 1.0815e+00, 7.0200e-03, 
 2DIAGNOSTIC,    21, -7.282516254143e-01, 2.432143886969e-04, 1.0875e+00, 5.9931e-03, 
 2DIAGNOSTIC,    22, -7.281890671767e-01, 1.094464396581e-04, 1.0942e+00, 6.7189e-03, 
 2DIAGNOSTIC,    23, -7.281244480367e-01, 2.705432340520e-05, 1.1010e+00, 6.7391e-03, 
DIAGNOSTIC,Iteration,metricValue,convergenceValue,ITERATION_TIME_INDEX,SINCE_LAST
 2DIAGNOSTIC,     1, -6.009293134497e-01, 1.797693134862e+308, 2.0929e+00, 9.9191e-01, 
 2DIAGNOSTIC,     2, -6.012297017497e-01, 1.797693134862e+308, 2.1428e+00, 4.9946e-02, 
 2DIAGNOSTIC,     3, -6.016038394511e-01, 1.797693134862e+308, 2.1895e+00, 4.6628e-02, 
 2DIAGNOSTIC,     4, -6.017458919082e-01, 1.797693134862e+308, 2.2360e+00, 4.6502e-02, 
 2DIAGNOSTIC,     5, -6.017412347552e-01, 1.797693134862e+308, 2.2841e+00, 4.8191e-02, 
 2DIAGNOSTIC,     6, -6.017415559596e-01, 1.797693134862e+308, 2.3306e+00, 4.6474e-02, 
 2DIAGNOSTIC,     7, -6.017155848593e-01, 1.797693134862e+308, 2.3754e+00, 4.4775e-02, 
 2DIAGNOSTIC,     8, -6.018675817661e-01, 1.797693134862e+308, 2.4210e+00, 4.5563e-02, 
 2DIAGNOSTIC,     9, -6.019626099032e-01, 1.797693134862e+308, 2.4722e+00, 5.1226e-02, 
 2DIAGNOSTIC,    10, -6.019686874476e-01, 9.060643805782e-05, 2.5155e+00, 4.3281e-02, 
 2DIAGNOSTIC,    11, -6.020377797546e-01, 6.016134227893e-05, 2.5727e+00, 5.7267e-02, 
 2DIAGNOSTIC,    12, -6.020614848184e-01, 4.203781724353e-05, 2.6234e+00, 5.0716e-02, 
 2DIAGNOSTIC,    13, -6.020201343769e-01, 3.499569697503e-05, 2.6787e+00, 5.5231e-02, 
 2DIAGNOSTIC,    14, -6.020032162720e-01, 3.022918590488e-05, 2.7284e+00, 4.9745e-02, 
 2DIAGNOSTIC,    15, -6.020092238826e-01, 2.364573875470e-05, 2.7725e+00, 4.4101e-02, 
 2DIAGNOSTIC,    16, -6.020929212688e-01, 1.844464006495e-05, 2.8196e+00, 4.7075e-02, 
 2DIAGNOSTIC,    17, -6.021671120331e-01, 1.350752645911e-05, 2.8698e+00, 5.0191e-02, 
 2DIAGNOSTIC,    18, -6.021588751476e-01, 1.176701507752e-05, 2.9141e+00, 4.4335e-02, 
 2DIAGNOSTIC,    19, -6.021772943889e-01, 1.220118450977e-05, 2.9560e+00, 4.1855e-02, 
 2DIAGNOSTIC,    20, -6.022572202839e-01, 1.359369905408e-05, 3.0025e+00, 4.6499e-02, 
 2DIAGNOSTIC,    21, -6.023267052269e-01, 1.673059589753e-05, 3.0482e+00, 4.5739e-02, 
 2DIAGNOSTIC,    22, -6.024127064055e-01, 2.049062648883e-05, 3.0927e+00, 4.4447e-02, 
 2DIAGNOSTIC,    23, -6.027086589563e-01, 2.739610023848e-05, 3.1390e+00, 4.6367e-02, 
 2DIAGNOSTIC,    24, -6.033053652335e-01, 4.259541107630e-05, 3.2065e+00, 6.7494e-02, 
 2DIAGNOSTIC,    25, -6.033908666406e-01, 5.413784366683e-05, 3.2570e+00, 5.0429e-02, 
 2DIAGNOSTIC,    26, -6.035061272689e-01, 6.353648462534e-05, 3.3010e+00, 4.4054e-02, 
 2DIAGNOSTIC,    27, -6.037988872626e-01, 7.289345507781e-05, 3.3522e+00, 5.1149e-02, 
 2DIAGNOSTIC,    28, -6.046985515068e-01, 8.964067208909e-05, 3.4196e+00, 6.7472e-02, 
 2DIAGNOSTIC,    29, -6.048458278797e-01, 9.904769233078e-05, 3.4745e+00, 5.4902e-02, 
 2DIAGNOSTIC,    30, -6.048271791441e-01, 9.970399912095e-05, 3.5373e+00, 6.2793e-02, 
 2DIAGNOSTIC,    31, -6.048267278263e-01, 9.240403002805e-05, 3.5882e+00, 5.0832e-02, 
 2DIAGNOSTIC,    32, -6.048254058267e-01, 7.805728973410e-05, 3.6436e+00, 5.5408e-02, 
 2DIAGNOSTIC,    33, -6.048094909909e-01, 6.082947312149e-05, 3.6881e+00, 4.4539e-02, 
 2DIAGNOSTIC,    34, -6.048049312645e-01, 4.712550497902e-05, 3.7397e+00, 5.1604e-02, 
 2DIAGNOSTIC,    35, -6.048008854965e-01, 3.111271635510e-05, 3.7858e+00, 4.6051e-02, 
 2DIAGNOSTIC,    36, -6.048001796781e-01, 1.468290491209e-05, 3.8369e+00, 5.1169e-02, 
 2DIAGNOSTIC,    37, -6.047959474316e-01, 1.196950379104e-06, 3.8798e+00, 4.2839e-02, 
DIAGNOSTIC,Iteration,metricValue,convergenceValue,ITERATION_TIME_INDEX,SINCE_LAST
 2DIAGNOSTIC,     1, -5.288247128952e-01, 1.797693134862e+308, 5.3290e+00, 1.4492e+00, 
 2DIAGNOSTIC,     2, -5.291220281647e-01, 1.797693134862e+308, 5.6621e+00, 3.3309e-01, 
 2DIAGNOSTIC,     3, -5.294239949492e-01, 1.797693134862e+308, 5.9766e+00, 3.1447e-01, 
 2DIAGNOSTIC,     4, -5.296929536040e-01, 1.797693134862e+308, 6.3228e+00, 3.4620e-01, 
 2DIAGNOSTIC,     5, -5.298663952298e-01, 1.797693134862e+308, 6.6515e+00, 3.2870e-01, 
 2DIAGNOSTIC,     6, -5.301069121129e-01, 1.797693134862e+308, 7.0063e+00, 3.5486e-01, 
 2DIAGNOSTIC,     7, -5.303184052059e-01, 1.797693134862e+308, 7.3313e+00, 3.2497e-01, 
 2DIAGNOSTIC,     8, -5.310276382691e-01, 1.797693134862e+308, 7.6665e+00, 3.3517e-01, 
 2DIAGNOSTIC,     9, -5.315796043745e-01, 1.797693134862e+308, 8.0758e+00, 4.0932e-01, 
 2DIAGNOSTIC,    10, -5.317275837760e-01, 3.520318060888e-04, 8.4010e+00, 3.2518e-01, 
 2DIAGNOSTIC,    11, -5.323388989497e-01, 3.502852653762e-04, 8.7638e+00, 3.6282e-01, 
 2DIAGNOSTIC,    12, -5.327451862070e-01, 3.483463573589e-04, 9.1939e+00, 4.3004e-01, 
 2DIAGNOSTIC,    13, -5.328247986825e-01, 3.304615922737e-04, 9.5580e+00, 3.6415e-01, 
 2DIAGNOSTIC,    14, -5.330709376721e-01, 3.050980322550e-04, 1.0208e+01, 6.4990e-01, 
 2DIAGNOSTIC,    15, -5.330661100933e-01, 2.615389958047e-04, 1.0555e+01, 3.4746e-01, 
 2DIAGNOSTIC,    16, -5.330653912796e-01, 2.077974172646e-04, 1.0932e+01, 3.7665e-01, 
 2DIAGNOSTIC,    17, -5.330648429643e-01, 1.475679607671e-04, 1.1372e+01, 4.4037e-01, 
 2DIAGNOSTIC,    18, -5.330642561168e-01, 1.014157876368e-04, 1.1691e+01, 3.1821e-01, 
 2DIAGNOSTIC,    19, -5.330629499606e-01, 6.655241218250e-05, 1.2017e+01, 3.2608e-01, 
 2DIAGNOSTIC,    20, -5.330621021468e-01, 3.276632801859e-05, 1.2357e+01, 3.4048e-01, 
 2DIAGNOSTIC,    21, -5.330640225293e-01, 1.474545775711e-05, 1.2747e+01, 3.8938e-01, 
 2DIAGNOSTIC,    22, -5.330622950091e-01, 6.974976152194e-06, 1.3176e+01, 4.2927e-01, 
DIAGNOSTIC,Iteration,metricValue,convergenceValue,ITERATION_TIME_INDEX,SINCE_LAST
 2DIAGNOSTIC,     1, -4.900635035774e-01, 1.797693134862e+308, 1.6859e+01, 3.6837e+00, 
 2DIAGNOSTIC,     2, -4.902123441900e-01, 1.797693134862e+308, 1.9187e+01, 2.3279e+00, 
 2DIAGNOSTIC,     3, -4.903911241711e-01, 1.797693134862e+308, 2.1527e+01, 2.3393e+00, 
 2DIAGNOSTIC,     4, -4.906915990888e-01, 1.797693134862e+308, 2.4107e+01, 2.5803e+00, 
 2DIAGNOSTIC,     5, -4.908004108063e-01, 1.797693134862e+308, 2.7700e+01, 3.5926e+00, 
 2DIAGNOSTIC,     6, -4.907999284297e-01, 1.797693134862e+308, 3.1969e+01, 4.2692e+00, 
 2DIAGNOSTIC,     7, -4.907998920152e-01, 1.797693134862e+308, 3.4516e+01, 2.5477e+00, 
 2DIAGNOSTIC,     8, -4.907999435024e-01, 1.797693134862e+308, 3.7468e+01, 2.9519e+00, 
 2DIAGNOSTIC,     9, -4.907999069304e-01, 1.797693134862e+308, 4.0066e+01, 2.5973e+00, 
 2DIAGNOSTIC,    10, -4.907999713857e-01, 9.513219931999e-05, 4.2655e+01, 2.5898e+00, 
 2DIAGNOSTIC,    11, -4.907998159347e-01, 5.663057023129e-05, 4.5240e+01, 2.5846e+00, 
 2DIAGNOSTIC,    12, -4.907997979430e-01, 2.692695005516e-05, 4.7568e+01, 2.3279e+00, 
 2DIAGNOSTIC,    13, -4.907994673671e-01, 7.227937586549e-06, 5.0233e+01, 2.6645e+00, 
 2DIAGNOSTIC,    14, -4.907996857989e-01, 2.221330934055e-06, 5.2814e+01, 2.5817e+00, 
 2DIAGNOSTIC,    15, -4.907995738800e-01, 2.084676092431e-06, 5.5418e+01, 2.6036e+00, 
 2DIAGNOSTIC,    16, -4.907995919448e-01, 1.951790363428e-06, 5.8300e+01, 2.8820e+00, 
 2DIAGNOSTIC,    17, -4.907995516560e-01, 1.835416725084e-06, 6.0965e+01, 2.6652e+00, 
 2DIAGNOSTIC,    18, -4.907993766480e-01, 1.731460599189e-06, 6.3303e+01, 2.3381e+00, 
 2DIAGNOSTIC,    19, -4.907993429070e-01, 1.639616311042e-06, 6.5887e+01, 2.5838e+00, 
 2DIAGNOSTIC,    20, -4.907994337603e-01, 1.564643975167e-06, 6.8710e+01, 2.8232e+00, 
 2DIAGNOSTIC,    21, -4.907992552040e-01, 1.489885859622e-06, 7.1450e+01, 2.7396e+00, 
 2DIAGNOSTIC,    22, -4.907991718462e-01, 1.422057589531e-06, 7.3768e+01, 2.3180e+00, 
 2DIAGNOSTIC,    23, -4.907991066907e-01, 1.352357800848e-06, 7.6418e+01, 2.6502e+00, 
 2DIAGNOSTIC,    24, -4.907991512523e-01, 1.297749586869e-06, 7.8751e+01, 2.3334e+00, 
 2DIAGNOSTIC,    25, -4.907992265013e-01, 1.249092577718e-06, 8.1292e+01, 2.5409e+00, 
 2DIAGNOSTIC,    26, -4.907991917673e-01, 1.205990651836e-06, 8.3934e+01, 2.6412e+00, 
 2DIAGNOSTIC,    27, -4.907991572627e-01, 1.166376336757e-06, 8.6742e+01, 2.8080e+00, 
 2DIAGNOSTIC,    28, -4.907990773844e-01, 1.125490685948e-06, 8.9299e+01, 2.5572e+00, 
 2DIAGNOSTIC,    29, -4.907988839608e-01, 1.083789959555e-06, 9.1850e+01, 2.5516e+00, 
 2DIAGNOSTIC,    30, -4.907989010014e-01, 1.048315923215e-06, 9.4391e+01, 2.5404e+00, 
 2DIAGNOSTIC,    31, -4.907988080766e-01, 1.011183493764e-06, 9.6789e+01, 2.3980e+00, 
  Elapsed time (stage 0): 9.8253e+01


Total elapsed time: 9.8256e+01
Info [verificarlo]: loaded backend libinterflop_ieee.so
Info [interflop-ieee]: load backend with:
Info [interflop-ieee]: debug = false
Info [interflop-ieee]: debug-binary = false
Info [interflop-ieee]: no-backend-name = false
Info [interflop-ieee]: print-new-line = false
Info [interflop-ieee]: print-subnormal-normalized = false
Info [interflop-ieee]: count-op = false
All_Command_lines_OK
Using double precision for computations.
=============================================================================
The composite transform comprises the following transforms (in order): 
  1. /home/mdugre/scratch/mri-registration-rp/datasets/ds004513/derivatives/mri-registration-rp/0100/antsRegistration-r8-p7/sub-s003/affine_Composite.h5[0] (type = Euler3DTransform)
  2. /home/mdugre/scratch/mri-registration-rp/datasets/ds004513/derivatives/mri-registration-rp/0100/antsRegistration-r8-p7/sub-s003/affine_Composite.h5[1] (type = Euler3DTransform)
  3. /home/mdugre/scratch/mri-registration-rp/datasets/ds004513/derivatives/mri-registration-rp/0100/antsRegistration-r8-p7/sub-s003/affine_Composite.h5[2] (type = Euler3DTransform)
  4. /home/mdugre/scratch/mri-registration-rp/datasets/ds004513/derivatives/mri-registration-rp/0100/antsRegistration-r8-p7/sub-s003/affine_Composite.h5[3] (type = AffineTransform)
=============================================================================
  number of levels = 4
  fixed image: /templateflow/tpl-MNI152NLin2009cAsym/tpl-MNI152NLin2009cAsym_res-01_desc-brain_T1w.nii.gz
  moving image: /home/mdugre/scratch/mri-registration-rp/datasets/ds004513/derivatives/mri-registration-rp/antsBrainExtraction/sub-s003/BrainExtractionBrain.nii.gz
Dimension = 3
Number of stages = 1
Use histogram matching = false
Winsorize image intensities = true
  Lower quantile = 0.005
  Upper quantile = 0.995


Stage 1 State
   Image metric = CC
     Fixed image = Image (0x3d33a40)
  RTTI typeinfo:   itk::Image<double, 3u>
  Reference Count: 2
  Modified Time: 1608
  Debug: Off
  Object Name: 
  Observers: 
    none
  Source: (none)
  Source output name: (none)
  Release Data: Off
  Data Released: False
  Global Release Data: Off
  PipelineMTime: 0
  UpdateMTime: 1217
  RealTimeStamp: 0 seconds 
  LargestPossibleRegion: 
    Dimension: 3
    Index: [0, 0, 0]
    Size: [193, 229, 193]
  BufferedRegion: 
    Dimension: 3
    Index: [0, 0, 0]
    Size: [193, 229, 193]
  RequestedRegion: 
    Dimension: 3
    Index: [0, 0, 0]
    Size: [193, 229, 193]
  Spacing: [1, 1, 1]
  Origin: [96, 132, -78]
  Direction: 
-1 0 0
0 -1 0
0 0 1

  IndexToPointMatrix: 
-1 0 0
0 -1 0
0 0 1

  PointToIndexMatrix: 
-1 0 0
0 -1 0
0 0 1

  Inverse Direction: 
-1 0 0
0 -1 0
0 0 1

  PixelContainer: 
    ImportImageContainer (0x3e01c30)
      RTTI typeinfo:   itk::ImportImageContainer<unsigned long, double>
      Reference Count: 1
      Modified Time: 1214
      Debug: Off
      Object Name: 
      Observers: 
        none
      Pointer: 0x14e9a8569010
      Container manages memory: true
      Size: 8530021
      Capacity: 8530021

     Moving image = Image (0x3e0ab70)
  RTTI typeinfo:   itk::Image<double, 3u>
  Reference Count: 2
  Modified Time: 1609
  Debug: Off
  Object Name: 
  Observers: 
    none
  Source: (none)
  Source output name: (none)
  Release Data: Off
  Data Released: False
  Global Release Data: Off
  PipelineMTime: 0
  UpdateMTime: 1606
  RealTimeStamp: 0 seconds 
  LargestPossibleRegion: 
    Dimension: 3
    Index: [0, 0, 0]
    Size: [176, 240, 256]
  BufferedRegion: 
    Dimension: 3
    Index: [0, 0, 0]
    Size: [176, 240, 256]
  RequestedRegion: 
    Dimension: 3
    Index: [0, 0, 0]
    Size: [176, 240, 256]
  Spacing: [0.999999, 1, 1]
  Origin: [93.3499, 86.9368, -128.957]
  Direction: 
-0.999513 -0.0279216 -0.0139567
0.0279189 -0.99961 0.000389866
-0.0139622 2.01492e-08 0.999903

  IndexToPointMatrix: 
-0.999512 -0.0279216 -0.0139567
0.0279189 -0.99961 0.000389866
-0.0139621 2.01492e-08 0.999903

  PointToIndexMatrix: 
-0.999514 0.0279189 -0.0139622
-0.0279216 -0.99961 2.01716e-08
-0.0139567 0.000389866 0.999903

  Inverse Direction: 
-0.999513 0.0279189 -0.0139622
-0.0279216 -0.99961 2.01716e-08
-0.0139567 0.000389866 0.999903

  PixelContainer: 
    ImportImageContainer (0x3e2b5d0)
      RTTI typeinfo:   itk::ImportImageContainer<unsigned long, double>
      Reference Count: 1
      Modified Time: 1603
      Debug: Off
      Object Name: 
      Observers: 
        none
      Pointer: 0x14e9a32e8010
      Container manages memory: true
      Size: 10813440
      Capacity: 10813440

     Weighting = 1
     Sampling strategy = none
     Number of bins = 32
     Radius = 4
     Sampling percentage  = 1
   Transform = SyN
     Gradient step = 0.1
     Update field sigma (voxel space) = 3
     Total field sigma (voxel space) = 0
     Update field time sigma = 0
     Total field time sigma  = 0
     Number of time indices = 0
     Number of time point samples = 0
Registration using 1 total stages.

Stage 0
  iterations = 100x70x50x20
  convergence threshold = 1e-06
  convergence window size = 10
  number of levels = 4
  using the CC metric (radius = 4, weight = 1, use gradient filter = 0)
  preprocessing:  winsorizing the image intensities
  Shrink factors (level 1 out of 4): [8, 8, 8]
  Shrink factors (level 2 out of 4): [4, 4, 4]
  Shrink factors (level 3 out of 4): [2, 2, 2]
  Shrink factors (level 4 out of 4): [1, 1, 1]
  smoothing sigmas per level: [3, 2, 1, 0]
  Using default NONE metricSamplingStrategy 

*** Running SyN registration (varianceForUpdateField = 3, varianceForTotalField = 0) ***

XXDIAGNOSTIC,Iteration,metricValue,convergenceValue,ITERATION_TIME_INDEX,SINCE_LAST
 1DIAGNOSTIC,     1, -8.482733036879e-01, 1.797693134862e+308, 1.3398e+00, 1.3398e+00, 
 1DIAGNOSTIC,     2, -8.637775571722e-01, 1.797693134862e+308, 1.7663e+00, 4.2649e-01, 
 1DIAGNOSTIC,     3, -8.780728847730e-01, 1.797693134862e+308, 2.2059e+00, 4.3962e-01, 
 1DIAGNOSTIC,     4, -8.901872714753e-01, 1.797693134862e+308, 2.6319e+00, 4.2603e-01, 
 1DIAGNOSTIC,     5, -8.991722107916e-01, 1.797693134862e+308, 3.0531e+00, 4.2122e-01, 
 1DIAGNOSTIC,     6, -9.067363825831e-01, 1.797693134862e+308, 3.4891e+00, 4.3594e-01, 
 1DIAGNOSTIC,     7, -9.128612664608e-01, 1.797693134862e+308, 3.9275e+00, 4.3847e-01, 
 1DIAGNOSTIC,     8, -9.185099208803e-01, 1.797693134862e+308, 4.3385e+00, 4.1094e-01, 
 1DIAGNOSTIC,     9, -9.230866979918e-01, 1.797693134862e+308, 4.7734e+00, 4.3497e-01, 
 1DIAGNOSTIC,    10, -9.267791191837e-01, 5.408357130653e-03, 5.2028e+00, 4.2939e-01, 
 1DIAGNOSTIC,    11, -9.295250362794e-01, 4.064514729770e-03, 5.6362e+00, 4.3334e-01, 
 1DIAGNOSTIC,    12, -9.317501225382e-01, 3.047012769550e-03, 6.0706e+00, 4.3443e-01, 
 1DIAGNOSTIC,    13, -9.336391375078e-01, 2.301945233168e-03, 6.4982e+00, 4.2763e-01, 
 1DIAGNOSTIC,    14, -9.353004326765e-01, 1.762615263029e-03, 6.9237e+00, 4.2546e-01, 
 1DIAGNOSTIC,    15, -9.366984122646e-01, 1.350539332913e-03, 7.3480e+00, 4.2427e-01, 
 1DIAGNOSTIC,    16, -9.381642269944e-01, 1.042289059078e-03, 7.7750e+00, 4.2702e-01, 
 1DIAGNOSTIC,    17, -9.395250274194e-01, 8.109979597969e-04, 8.2067e+00, 4.3169e-01, 
