
##########################
# Experiment information #
##########################

EXPERIMENT_NAME: antsRegistration-r8-p10
VFC_BACKENDS: libinterflop_vprec.so --range-binary32=8 --precision-binary32=10 --range-binary64=8 --precision-binary64=10

SIF_IMG: /home/mdugre/projects/rrg-glatard/mdugre/containers/ants-vprec-no_metrics.simg

SUBJECT_ID: s017
INPUT_IMG: /home/mdugre/scratch/mri-registration-rp/datasets/ds004513/derivatives/mri-registration-rp/antsBrainExtraction/sub-s017/BrainExtractionBrain.nii.gz
OUTPUT_DIR: /home/mdugre/scratch/mri-registration-rp/datasets/ds004513/derivatives/mri-registration-rp/0100/antsRegistration-r8-p10/sub-s017

FIXED_IMG: /templateflow/tpl-MNI152NLin2009cAsym/tpl-MNI152NLin2009cAsym_res-01_desc-brain_T1w.nii.gz
DATA_DIR: /home/mdugre/scratch/mri-registration-rp/datasets/ds004513
TEMPLATEFLOW_DIR: /home/mdugre/projects/rrg-glatard/mdugre/templateflow
ITK_GLOBAL_DEFAULT_NUMBER_OF_THREADS: 16
##########################

Info [verificarlo]: loaded backend libinterflop_ieee.so
Info [interflop-ieee]: load backend with:
Info [interflop-ieee]: debug = false
Info [interflop-ieee]: debug-binary = false
Info [interflop-ieee]: no-backend-name = false
Info [interflop-ieee]: print-new-line = false
Info [interflop-ieee]: print-subnormal-normalized = false
Info [interflop-ieee]: count-op = false
All_Command_lines_OK
Using double precision for computations.
=============================================================================
The composite transform comprises the following transforms (in order): 
  1. Center of mass alignment using fixed image: /templateflow/tpl-MNI152NLin2009cAsym/tpl-MNI152NLin2009cAsym_res-01_desc-brain_T1w.nii.gz and moving image: /home/mdugre/scratch/mri-registration-rp/datasets/ds004513/derivatives/mri-registration-rp/antsBrainExtraction/sub-s017/BrainExtractionBrain.nii.gz (type = Euler3DTransform)
=============================================================================
  number of levels = 1
  fixed image: /templateflow/tpl-MNI152NLin2009cAsym/tpl-MNI152NLin2009cAsym_res-01_desc-brain_T1w.nii.gz
  moving image: /home/mdugre/scratch/mri-registration-rp/datasets/ds004513/derivatives/mri-registration-rp/antsBrainExtraction/sub-s017/BrainExtractionBrain.nii.gz
Dimension = 3
Number of stages = 1
Use histogram matching = false
Winsorize image intensities = true
  Lower quantile = 0.005
  Upper quantile = 0.995


Stage 1 State
   Image metric = MattesMI
     Fixed image = Image (0x4859e70)
  RTTI typeinfo:   itk::Image<double, 3u>
  Reference Count: 2
  Modified Time: 2334
  Debug: Off
  Object Name: 
  Observers: 
    none
  Source: (none)
  Source output name: (none)
  Release Data: Off
  Data Released: False
  Global Release Data: Off
  PipelineMTime: 0
  UpdateMTime: 1943
  RealTimeStamp: 0 seconds 
  LargestPossibleRegion: 
    Dimension: 3
    Index: [0, 0, 0]
    Size: [193, 229, 193]
  BufferedRegion: 
    Dimension: 3
    Index: [0, 0, 0]
    Size: [193, 229, 193]
  RequestedRegion: 
    Dimension: 3
    Index: [0, 0, 0]
    Size: [193, 229, 193]
  Spacing: [1, 1, 1]
  Origin: [96, 132, -78]
  Direction: 
-1 0 0
0 -1 0
0 0 1

  IndexToPointMatrix: 
-1 0 0
0 -1 0
0 0 1

  PointToIndexMatrix: 
-1 0 0
0 -1 0
0 0 1

  Inverse Direction: 
-1 0 0
0 -1 0
0 0 1

  PixelContainer: 
    ImportImageContainer (0x4862c60)
      RTTI typeinfo:   itk::ImportImageContainer<unsigned long, double>
      Reference Count: 1
      Modified Time: 1940
      Debug: Off
      Object Name: 
      Observers: 
        none
      Pointer: 0x152d21078010
      Container manages memory: true
      Size: 8530021
      Capacity: 8530021

     Moving image = Image (0x4865610)
  RTTI typeinfo:   itk::Image<double, 3u>
  Reference Count: 2
  Modified Time: 2335
  Debug: Off
  Object Name: 
  Observers: 
    none
  Source: (none)
  Source output name: (none)
  Release Data: Off
  Data Released: False
  Global Release Data: Off
  PipelineMTime: 0
  UpdateMTime: 2332
  RealTimeStamp: 0 seconds 
  LargestPossibleRegion: 
    Dimension: 3
    Index: [0, 0, 0]
    Size: [160, 240, 256]
  BufferedRegion: 
    Dimension: 3
    Index: [0, 0, 0]
    Size: [160, 240, 256]
  RequestedRegion: 
    Dimension: 3
    Index: [0, 0, 0]
    Size: [160, 240, 256]
  Spacing: [1, 1, 1]
  Origin: [91.3357, 102.231, -120.042]
  Direction: 
-0.997442 -5.36781e-05 -0.0714818
5.35416e-05 -1 3.82465e-06
-0.0714818 -1.23894e-08 0.997442

  IndexToPointMatrix: 
-0.997444 -5.36781e-05 -0.0714818
5.35418e-05 -1 3.82465e-06
-0.0714819 -1.23894e-08 0.997442

  PointToIndexMatrix: 
-0.99744 5.35415e-05 -0.0714816
-5.36781e-05 -1 -1.23894e-08
-0.0714818 3.82465e-06 0.997442

  Inverse Direction: 
-0.997442 5.35416e-05 -0.0714818
-5.36781e-05 -1 -1.23894e-08
-0.0714818 3.82465e-06 0.997442

  PixelContainer: 
    ImportImageContainer (0x48feef0)
      RTTI typeinfo:   itk::ImportImageContainer<unsigned long, double>
      Reference Count: 1
      Modified Time: 2329
      Debug: Off
      Object Name: 
      Observers: 
        none
      Pointer: 0x152d1c577010
      Container manages memory: true
      Size: 9830400
      Capacity: 9830400

     Weighting = 1
     Sampling strategy = regular
     Number of bins = 32
     Radius = 4
     Sampling percentage  = 0.25
   Transform = Rigid
     Gradient step = 0.1
     Update field sigma (voxel space) = 0
     Total field sigma (voxel space) = 0
     Update field time sigma = 0
     Total field time sigma  = 0
     Number of time indices = 0
     Number of time point samples = 0
Registration using 1 total stages.

Stage 0
  iterations = 0
  convergence threshold = 1e-06
  convergence window size = 10
  number of levels = 1
  using the Mattes MI metric (number of bins = 32, weight = 1, use gradient filter = 0)
  preprocessing:  winsorizing the image intensities
  Shrink factors (level 1 out of 1): [1, 1, 1]
  smoothing sigmas per level: [0]
  regular sampling (percentage = 0.25)

*** Running Euler3DTransform registration ***

  Elapsed time (stage 0): 1.10338


Total elapsed time: 1.10559
Info [verificarlo]: loaded backend libinterflop_vprec.so
Info [interflop-vprec]: load backend with: 
Info [interflop-vprec]: precision-binary32 = 10
Info [interflop-vprec]: range-binary32 = 8
Info [interflop-vprec]: precision-binary64 = 10
Info [interflop-vprec]: range-binary64 = 8
Info [interflop-vprec]: mode = ob
Info [interflop-vprec]: error-mode = rel
Info [interflop-vprec]: max-abs-error-exponent = -1022
Info [interflop-vprec]: daz = false
Info [interflop-vprec]: ftz = false
Info [interflop-vprec]: 	instrument = none
Info [interflop-vprec]: 	prec-input-file = (null)
Info [interflop-vprec]: 	prec-output-file = (null)
Info [interflop-vprec]: 	prec-log-file = (null)
All_Command_lines_OK
Using double precision for computations.
=============================================================================
The composite transform comprises the following transforms (in order): 
  1. /home/mdugre/scratch/mri-registration-rp/datasets/ds004513/derivatives/mri-registration-rp/0100/antsRegistration-r8-p10/sub-s017/align_Composite.h5[0] (type = Euler3DTransform)
  2. /home/mdugre/scratch/mri-registration-rp/datasets/ds004513/derivatives/mri-registration-rp/0100/antsRegistration-r8-p10/sub-s017/align_Composite.h5[1] (type = Euler3DTransform)
=============================================================================
  number of levels = 4
  fixed image: /templateflow/tpl-MNI152NLin2009cAsym/tpl-MNI152NLin2009cAsym_res-01_desc-brain_T1w.nii.gz
  moving image: /home/mdugre/scratch/mri-registration-rp/datasets/ds004513/derivatives/mri-registration-rp/antsBrainExtraction/sub-s017/BrainExtractionBrain.nii.gz
Dimension = 3
Number of stages = 1
Use histogram matching = false
Winsorize image intensities = true
  Lower quantile = 0.005
  Upper quantile = 0.995


Stage 1 State
   Image metric = MattesMI
     Fixed image = Image (0x358c1e0)
  RTTI typeinfo:   itk::Image<double, 3u>
  Reference Count: 2
  Modified Time: 1578
  Debug: Off
  Object Name: 
  Observers: 
    none
  Source: (none)
  Source output name: (none)
  Release Data: Off
  Data Released: False
  Global Release Data: Off
  PipelineMTime: 0
  UpdateMTime: 1189
  RealTimeStamp: 0 seconds 
  LargestPossibleRegion: 
    Dimension: 3
    Index: [0, 0, 0]
    Size: [193, 229, 193]
  BufferedRegion: 
    Dimension: 3
    Index: [0, 0, 0]
    Size: [193, 229, 193]
  RequestedRegion: 
    Dimension: 3
    Index: [0, 0, 0]
    Size: [193, 229, 193]
  Spacing: [1, 1, 1]
  Origin: [96, 132, -78]
  Direction: 
-1 0 0
0 -1 0
0 0 1

  IndexToPointMatrix: 
-1 0 0
0 -1 0
0 0 1

  PointToIndexMatrix: 
-1 0 0
0 -1 0
0 0 1

  Inverse Direction: 
-1 0 0
0 -1 0
0 0 1

  PixelContainer: 
    ImportImageContainer (0x364b680)
      RTTI typeinfo:   itk::ImportImageContainer<unsigned long, double>
      Reference Count: 1
      Modified Time: 1186
      Debug: Off
      Object Name: 
      Observers: 
        none
      Pointer: 0x1466998d8010
      Container manages memory: true
      Size: 8530021
      Capacity: 8530021

     Moving image = Image (0x3647b20)
  RTTI typeinfo:   itk::Image<double, 3u>
  Reference Count: 2
  Modified Time: 1579
  Debug: Off
  Object Name: 
  Observers: 
    none
  Source: (none)
  Source output name: (none)
  Release Data: Off
  Data Released: False
  Global Release Data: Off
  PipelineMTime: 0
  UpdateMTime: 1576
  RealTimeStamp: 0 seconds 
  LargestPossibleRegion: 
    Dimension: 3
    Index: [0, 0, 0]
    Size: [160, 240, 256]
  BufferedRegion: 
    Dimension: 3
    Index: [0, 0, 0]
    Size: [160, 240, 256]
  RequestedRegion: 
    Dimension: 3
    Index: [0, 0, 0]
    Size: [160, 240, 256]
  Spacing: [1, 1, 1]
  Origin: [91.3125, 102.25, -120.062]
  Direction: 
-0.997559 -5.3674e-05 -0.0715332
5.35846e-05 -1 3.8296e-06
-0.0715332 -1.21072e-08 0.997559

  IndexToPointMatrix: 
-0.997559 -5.3674e-05 -0.0715332
5.35846e-05 -1 3.8296e-06
-0.0715332 -1.21072e-08 0.997559

  PointToIndexMatrix: 
-0.998047 5.35846e-05 -0.0715332
-5.35846e-05 -1 -1.91852e-06
-0.0715332 1.91852e-06 0.997559

  Inverse Direction: 
-0.998047 5.35846e-05 -0.0715332
-5.35846e-05 -1 -1.91852e-06
-0.0715332 1.91852e-06 0.997559

  PixelContainer: 
    ImportImageContainer (0x36b0d50)
      RTTI typeinfo:   itk::ImportImageContainer<unsigned long, double>
      Reference Count: 1
      Modified Time: 1573
      Debug: Off
      Object Name: 
      Observers: 
        none
      Pointer: 0x146694dd7010
      Container manages memory: true
      Size: 9830400
      Capacity: 9830400

     Weighting = 1
     Sampling strategy = regular
     Number of bins = 32
     Radius = 4
     Sampling percentage  = 0.25
   Transform = Rigid
     Gradient step = 0.1
     Update field sigma (voxel space) = 0
     Total field sigma (voxel space) = 0
     Update field time sigma = 0
     Total field time sigma  = 0
     Number of time indices = 0
     Number of time point samples = 0
Registration using 1 total stages.

Stage 0
  iterations = 1000x500x250x100
  convergence threshold = 1e-06
  convergence window size = 10
  number of levels = 4
  using the Mattes MI metric (number of bins = 32, weight = 1, use gradient filter = 0)
  preprocessing:  winsorizing the image intensities
  Shrink factors (level 1 out of 4): [8, 8, 8]
  Shrink factors (level 2 out of 4): [4, 4, 4]
  Shrink factors (level 3 out of 4): [2, 2, 2]
  Shrink factors (level 4 out of 4): [1, 1, 1]
  smoothing sigmas per level: [3, 2, 1, 0]
  regular sampling (percentage = 0.25)

*** Running Euler3DTransform registration ***

DIAGNOSTIC,Iteration,metricValue,convergenceValue,ITERATION_TIME_INDEX,SINCE_LAST
 2DIAGNOSTIC,     1, -5.545801050717e-01, 1.797693134862e+308, 0.0000e+00, 0.0000e+00, 
 2DIAGNOSTIC,     2, -5.551015662767e-01, 1.797693134862e+308, 0.0000e+00, 0.0000e+00, 
 2DIAGNOSTIC,     3, -5.554284164297e-01, 1.797693134862e+308, 0.0000e+00, 0.0000e+00, 
 2DIAGNOSTIC,     4, -5.554189649338e-01, 1.797693134862e+308, 0.0000e+00, 0.0000e+00, 
 2DIAGNOSTIC,     5, -5.553322856766e-01, 1.797693134862e+308, 0.0000e+00, 0.0000e+00, 
 2DIAGNOSTIC,     6, -5.553237125046e-01, 1.797693134862e+308, 0.0000e+00, 0.0000e+00, 
 2DIAGNOSTIC,     7, -5.553600253061e-01, 1.797693134862e+308, 0.0000e+00, 0.0000e+00, 
 2DIAGNOSTIC,     8, -5.554080522798e-01, 1.797693134862e+308, 0.0000e+00, 0.0000e+00, 
 2DIAGNOSTIC,     9, -5.554078717835e-01, 1.797693134862e+308, 0.0000e+00, 0.0000e+00, 
 2DIAGNOSTIC,    10, -5.554094821562e-01, 5.393117711802e-05, 0.0000e+00, 0.0000e+00, 
 2DIAGNOSTIC,    11, -5.554094821562e-01, 1.511583613147e-05, 0.0000e+00, 0.0000e+00, 
 2DIAGNOSTIC,    12, -5.554085069744e-01, 3.118818098960e-06, 0.0000e+00, 0.0000e+00, 
 2DIAGNOSTIC,    13, -5.554085069779e-01, 5.483324905839e-06, 0.0000e+00, 0.0000e+00, 
 2DIAGNOSTIC,    14, -5.553872314379e-01, 5.990657198099e-06, 0.0000e+00, 0.0000e+00, 
 2DIAGNOSTIC,    15, -5.553872199326e-01, 2.994230261039e-06, 0.0000e+00, 0.0000e+00, 
DIAGNOSTIC,Iteration,metricValue,convergenceValue,ITERATION_TIME_INDEX,SINCE_LAST
 2DIAGNOSTIC,     1, -4.664783292115e-01, 1.797693134862e+308, 0.0000e+00, 0.0000e+00, 
 2DIAGNOSTIC,     2, -4.666835151740e-01, 1.797693134862e+308, 0.0000e+00, 0.0000e+00, 
 2DIAGNOSTIC,     3, -4.673947003895e-01, 1.797693134862e+308, 0.0000e+00, 0.0000e+00, 
 2DIAGNOSTIC,     4, -4.676249352331e-01, 1.797693134862e+308, 0.0000e+00, 0.0000e+00, 
 2DIAGNOSTIC,     5, -4.686957941869e-01, 1.797693134862e+308, 0.0000e+00, 0.0000e+00, 
 2DIAGNOSTIC,     6, -4.702942160477e-01, 1.797693134862e+308, 0.0000e+00, 0.0000e+00, 
 2DIAGNOSTIC,     7, -4.732176232866e-01, 1.797693134862e+308, 0.0000e+00, 0.0000e+00, 
 2DIAGNOSTIC,     8, -4.773415979646e-01, 1.797693134862e+308, 0.0000e+00, 0.0000e+00, 
 2DIAGNOSTIC,     9, -4.821773719811e-01, 1.797693134862e+308, 0.0000e+00, 0.0000e+00, 
 2DIAGNOSTIC,    10, -4.826680971624e-01, 2.382429671482e-03, 0.0000e+00, 0.0000e+00, 
 2DIAGNOSTIC,    11, -4.825358025228e-01, 2.399063589142e-03, 0.0000e+00, 0.0000e+00, 
 2DIAGNOSTIC,    12, -4.829921731977e-01, 2.231851057776e-03, 0.0000e+00, 0.0000e+00, 
 2DIAGNOSTIC,    13, -4.831239689567e-01, 1.925031067887e-03, 0.0000e+00, 0.0000e+00, 
 2DIAGNOSTIC,    14, -4.831518412105e-01, 1.496403348890e-03, 0.0000e+00, 0.0000e+00, 
 2DIAGNOSTIC,    15, -4.831214505423e-01, 1.032381322729e-03, 0.0000e+00, 0.0000e+00, 
 2DIAGNOSTIC,    16, -4.830098796160e-01, 5.898269375701e-04, 0.0000e+00, 0.0000e+00, 
 2DIAGNOSTIC,    17, -4.829727363786e-01, 2.450478658514e-04, 0.0000e+00, 0.0000e+00, 
 2DIAGNOSTIC,    18, -4.829822823858e-01, 4.862343088351e-05, 0.0000e+00, 0.0000e+00, 
 2DIAGNOSTIC,    19, -4.829443157344e-01, 1.862017836307e-05, 0.0000e+00, 0.0000e+00, 
 2DIAGNOSTIC,    20, -4.829384520305e-01, 4.736603277988e-06, 0.0000e+00, 0.0000e+00, 
DIAGNOSTIC,Iteration,metricValue,convergenceValue,ITERATION_TIME_INDEX,SINCE_LAST
 2DIAGNOSTIC,     1, -4.154980981251e-01, 1.797693134862e+308, 0.0000e+00, 0.0000e+00, 
 2DIAGNOSTIC,     2, -4.155751684799e-01, 1.797693134862e+308, 0.0000e+00, 0.0000e+00, 
 2DIAGNOSTIC,     3, -4.155788223999e-01, 1.797693134862e+308, 0.0000e+00, 0.0000e+00, 
 2DIAGNOSTIC,     4, -4.155884132585e-01, 1.797693134862e+308, 0.0000e+00, 0.0000e+00, 
 2DIAGNOSTIC,     5, -4.155912347817e-01, 1.797693134862e+308, 0.0000e+00, 0.0000e+00, 
 2DIAGNOSTIC,     6, -4.155897871708e-01, 1.797693134862e+308, 0.0000e+00, 0.0000e+00, 
 2DIAGNOSTIC,     7, -4.155891601039e-01, 1.797693134862e+308, 0.0000e+00, 0.0000e+00, 
 2DIAGNOSTIC,     8, -4.155891364210e-01, 1.797693134862e+308, 0.0000e+00, 0.0000e+00, 
 2DIAGNOSTIC,     9, -4.155837990022e-01, 1.797693134862e+308, 0.0000e+00, 0.0000e+00, 
 2DIAGNOSTIC,    10, -4.155823941177e-01, 6.777231657248e-06, 0.0000e+00, 0.0000e+00, 
DIAGNOSTIC,Iteration,metricValue,convergenceValue,ITERATION_TIME_INDEX,SINCE_LAST
 2DIAGNOSTIC,     1, -3.831885240802e-01, 1.797693134862e+308, 0.0000e+00, 0.0000e+00, 
 2DIAGNOSTIC,     2, -3.832333904877e-01, 1.797693134862e+308, 0.0000e+00, 0.0000e+00, 
 2DIAGNOSTIC,     3, -3.832590007572e-01, 1.797693134862e+308, 0.0000e+00, 0.0000e+00, 
 2DIAGNOSTIC,     4, -3.832779371400e-01, 1.797693134862e+308, 0.0000e+00, 0.0000e+00, 
 2DIAGNOSTIC,     5, -3.833101730450e-01, 1.797693134862e+308, 0.0000e+00, 0.0000e+00, 
 2DIAGNOSTIC,     6, -3.833119193170e-01, 1.797693134862e+308, 0.0000e+00, 0.0000e+00, 
 2DIAGNOSTIC,     7, -3.833374196967e-01, 1.797693134862e+308, 0.0000e+00, 0.0000e+00, 
 2DIAGNOSTIC,     8, -3.830902780233e-01, 1.797693134862e+308, 0.0000e+00, 0.0000e+00, 
 2DIAGNOSTIC,     9, -3.828450773579e-01, 1.797693134862e+308, 0.0000e+00, 0.0000e+00, 
  Elapsed time (stage 0): 0.0000e+00


Total elapsed time: 0.0000e+00
Info [verificarlo]: loaded backend libinterflop_ieee.so
Info [interflop-ieee]: load backend with:
Info [interflop-ieee]: debug = false
Info [interflop-ieee]: debug-binary = false
Info [interflop-ieee]: no-backend-name = false
Info [interflop-ieee]: print-new-line = false
Info [interflop-ieee]: print-subnormal-normalized = false
Info [interflop-ieee]: count-op = false
All_Command_lines_OK
Using double precision for computations.
=============================================================================
The composite transform comprises the following transforms (in order): 
  1. /home/mdugre/scratch/mri-registration-rp/datasets/ds004513/derivatives/mri-registration-rp/0100/antsRegistration-r8-p10/sub-s017/rigid_Composite.h5[0] (type = Euler3DTransform)
  2. /home/mdugre/scratch/mri-registration-rp/datasets/ds004513/derivatives/mri-registration-rp/0100/antsRegistration-r8-p10/sub-s017/rigid_Composite.h5[1] (type = Euler3DTransform)
  3. /home/mdugre/scratch/mri-registration-rp/datasets/ds004513/derivatives/mri-registration-rp/0100/antsRegistration-r8-p10/sub-s017/rigid_Composite.h5[2] (type = Euler3DTransform)
=============================================================================
  number of levels = 4
  fixed image: /templateflow/tpl-MNI152NLin2009cAsym/tpl-MNI152NLin2009cAsym_res-01_desc-brain_T1w.nii.gz
  moving image: /home/mdugre/scratch/mri-registration-rp/datasets/ds004513/derivatives/mri-registration-rp/antsBrainExtraction/sub-s017/BrainExtractionBrain.nii.gz
Dimension = 3
Number of stages = 1
Use histogram matching = false
Winsorize image intensities = true
  Lower quantile = 0.005
  Upper quantile = 0.995


Stage 1 State
   Image metric = MattesMI
     Fixed image = Image (0x49f47e0)
  RTTI typeinfo:   itk::Image<double, 3u>
  Reference Count: 2
  Modified Time: 1594
  Debug: Off
  Object Name: 
  Observers: 
    none
  Source: (none)
  Source output name: (none)
  Release Data: Off
  Data Released: False
  Global Release Data: Off
  PipelineMTime: 0
  UpdateMTime: 1203
  RealTimeStamp: 0 seconds 
  LargestPossibleRegion: 
    Dimension: 3
    Index: [0, 0, 0]
    Size: [193, 229, 193]
  BufferedRegion: 
    Dimension: 3
    Index: [0, 0, 0]
    Size: [193, 229, 193]
  RequestedRegion: 
    Dimension: 3
    Index: [0, 0, 0]
    Size: [193, 229, 193]
  Spacing: [1, 1, 1]
  Origin: [96, 132, -78]
  Direction: 
-1 0 0
0 -1 0
0 0 1

  IndexToPointMatrix: 
-1 0 0
0 -1 0
0 0 1

  PointToIndexMatrix: 
-1 0 0
0 -1 0
0 0 1

  Inverse Direction: 
-1 0 0
0 -1 0
0 0 1

  PixelContainer: 
    ImportImageContainer (0x4ab4a20)
      RTTI typeinfo:   itk::ImportImageContainer<unsigned long, double>
      Reference Count: 1
      Modified Time: 1200
      Debug: Off
      Object Name: 
      Observers: 
        none
      Pointer: 0x151ecfb58010
      Container manages memory: true
      Size: 8530021
      Capacity: 8530021

     Moving image = Image (0x4a69e20)
  RTTI typeinfo:   itk::Image<double, 3u>
  Reference Count: 2
  Modified Time: 1595
  Debug: Off
  Object Name: 
  Observers: 
    none
  Source: (none)
  Source output name: (none)
  Release Data: Off
  Data Released: False
  Global Release Data: Off
  PipelineMTime: 0
  UpdateMTime: 1592
  RealTimeStamp: 0 seconds 
  LargestPossibleRegion: 
    Dimension: 3
    Index: [0, 0, 0]
    Size: [160, 240, 256]
  BufferedRegion: 
    Dimension: 3
    Index: [0, 0, 0]
    Size: [160, 240, 256]
  RequestedRegion: 
    Dimension: 3
    Index: [0, 0, 0]
    Size: [160, 240, 256]
  Spacing: [1, 1, 1]
  Origin: [91.3357, 102.231, -120.042]
  Direction: 
-0.997442 -5.36781e-05 -0.0714818
5.35416e-05 -1 3.82465e-06
-0.0714818 -1.23894e-08 0.997442

  IndexToPointMatrix: 
-0.997444 -5.36781e-05 -0.0714818
5.35418e-05 -1 3.82465e-06
-0.0714819 -1.23894e-08 0.997442

  PointToIndexMatrix: 
-0.99744 5.35415e-05 -0.0714816
-5.36781e-05 -1 -1.23894e-08
-0.0714818 3.82465e-06 0.997442

  Inverse Direction: 
-0.997442 5.35416e-05 -0.0714818
-5.36781e-05 -1 -1.23894e-08
-0.0714818 3.82465e-06 0.997442

  PixelContainer: 
    ImportImageContainer (0x4b03550)
      RTTI typeinfo:   itk::ImportImageContainer<unsigned long, double>
      Reference Count: 1
      Modified Time: 1589
      Debug: Off
      Object Name: 
      Observers: 
        none
      Pointer: 0x151ecb057010
      Container manages memory: true
      Size: 9830400
      Capacity: 9830400

     Weighting = 1
     Sampling strategy = regular
     Number of bins = 32
     Radius = 4
     Sampling percentage  = 0.25
   Transform = Affine
     Gradient step = 0.1
     Update field sigma (voxel space) = 0
     Total field sigma (voxel space) = 0
     Update field time sigma = 0
     Total field time sigma  = 0
     Number of time indices = 0
     Number of time point samples = 0
Registration using 1 total stages.

Stage 0
  iterations = 1000x500x250x100
  convergence threshold = 1e-06
  convergence window size = 10
  number of levels = 4
  using the Mattes MI metric (number of bins = 32, weight = 1, use gradient filter = 0)
  preprocessing:  winsorizing the image intensities
  Shrink factors (level 1 out of 4): [8, 8, 8]
  Shrink factors (level 2 out of 4): [4, 4, 4]
  Shrink factors (level 3 out of 4): [2, 2, 2]
  Shrink factors (level 4 out of 4): [1, 1, 1]
  smoothing sigmas per level: [3, 2, 1, 0]
  regular sampling (percentage = 0.25)

*** Running AffineTransform registration ***

DIAGNOSTIC,Iteration,metricValue,convergenceValue,ITERATION_TIME_INDEX,SINCE_LAST
 2DIAGNOSTIC,     1, -5.800608710508e-01, 1.797693134862e+308, 6.8689e-01, 6.8689e-01, 
 2DIAGNOSTIC,     2, -5.827218711071e-01, 1.797693134862e+308, 6.9125e-01, 4.3559e-03, 
 2DIAGNOSTIC,     3, -5.868467343933e-01, 1.797693134862e+308, 6.9544e-01, 4.1919e-03, 
 2DIAGNOSTIC,     4, -5.944324379702e-01, 1.797693134862e+308, 6.9961e-01, 4.1671e-03, 
 2DIAGNOSTIC,     5, -6.081126488577e-01, 1.797693134862e+308, 7.0382e-01, 4.2090e-03, 
 2DIAGNOSTIC,     6, -6.306032789106e-01, 1.797693134862e+308, 7.0808e-01, 4.2629e-03, 
 2DIAGNOSTIC,     7, -6.955898569434e-01, 1.797693134862e+308, 7.1375e-01, 5.6710e-03, 
 2DIAGNOSTIC,     8, -8.214002748025e-01, 1.797693134862e+308, 7.1835e-01, 4.5960e-03, 
 2DIAGNOSTIC,     9, -8.452584914750e-01, 1.797693134862e+308, 7.2358e-01, 5.2369e-03, 
 2DIAGNOSTIC,    10, -8.668146573401e-01, 3.053349438165e-02, 7.3305e-01, 9.4669e-03, 
 2DIAGNOSTIC,    11, -8.673943259465e-01, 3.019102642614e-02, 7.3777e-01, 4.7169e-03, 
 2DIAGNOSTIC,    12, -8.705249991423e-01, 2.742002082349e-02, 7.4251e-01, 4.7400e-03, 
 2DIAGNOSTIC,    13, -8.741272526844e-01, 2.289505412456e-02, 7.4747e-01, 4.9670e-03, 
 2DIAGNOSTIC,    14, -8.767783265242e-01, 1.736515773906e-02, 7.5242e-01, 4.9481e-03, 
 2DIAGNOSTIC,    15, -8.788346638468e-01, 1.158031448170e-02, 7.5723e-01, 4.8082e-03, 
 2DIAGNOSTIC,    16, -8.806512275961e-01, 6.160053967728e-03, 7.6210e-01, 4.8690e-03, 
 2DIAGNOSTIC,    17, -8.838224610118e-01, 2.346152386331e-03, 7.6993e-01, 7.8290e-03, 
 2DIAGNOSTIC,    18, -8.844538233586e-01, 1.392985845126e-03, 7.8010e-01, 1.0170e-02, 
 2DIAGNOSTIC,    19, -8.844403714351e-01, 8.760171490236e-04, 7.8511e-01, 5.0149e-03, 
 2DIAGNOSTIC,    20, -8.841775373063e-01, 7.266441789127e-04, 7.9034e-01, 5.2269e-03, 
 2DIAGNOSTIC,    21, -8.841937713455e-01, 5.358597705266e-04, 7.9548e-01, 5.1429e-03, 
 2DIAGNOSTIC,    22, -8.842209614641e-01, 3.648903362301e-04, 8.0102e-01, 5.5399e-03, 
 2DIAGNOSTIC,    23, -8.842532226881e-01, 2.325149801951e-04, 8.0609e-01, 5.0690e-03, 
 2DIAGNOSTIC,    24, -8.841630708557e-01, 1.290615451213e-04, 8.1159e-01, 5.4998e-03, 
 2DIAGNOSTIC,    25, -8.840818437462e-01, 5.092060637202e-05, 8.1656e-01, 4.9641e-03, 
DIAGNOSTIC,Iteration,metricValue,convergenceValue,ITERATION_TIME_INDEX,SINCE_LAST
 2DIAGNOSTIC,     1, -7.457818501944e-01, 1.797693134862e+308, 1.5606e+00, 7.4402e-01, 
 2DIAGNOSTIC,     2, -7.463978891155e-01, 1.797693134862e+308, 1.5983e+00, 3.7712e-02, 
 2DIAGNOSTIC,     3, -7.471603231457e-01, 1.797693134862e+308, 1.6399e+00, 4.1583e-02, 
 2DIAGNOSTIC,     4, -7.482102659265e-01, 1.797693134862e+308, 1.6822e+00, 4.2348e-02, 
 2DIAGNOSTIC,     5, -7.501310076533e-01, 1.797693134862e+308, 1.7297e+00, 4.7520e-02, 
 2DIAGNOSTIC,     6, -7.501864816124e-01, 1.797693134862e+308, 1.7654e+00, 3.5678e-02, 
 2DIAGNOSTIC,     7, -7.503121979806e-01, 1.797693134862e+308, 1.8085e+00, 4.3109e-02, 
 2DIAGNOSTIC,     8, -7.503750159125e-01, 1.797693134862e+308, 1.8497e+00, 4.1136e-02, 
 2DIAGNOSTIC,     9, -7.504518496002e-01, 1.797693134862e+308, 1.9111e+00, 6.1442e-02, 
 2DIAGNOSTIC,    10, -7.504607338447e-01, 4.383669464607e-04, 1.9540e+00, 4.2847e-02, 
 2DIAGNOSTIC,    11, -7.504565151288e-01, 3.012680810490e-04, 1.9924e+00, 3.8480e-02, 
 2DIAGNOSTIC,    12, -7.504420066436e-01, 1.799897274350e-04, 2.0333e+00, 4.0822e-02, 
 2DIAGNOSTIC,    13, -7.504503640160e-01, 8.366332286791e-05, 2.0748e+00, 4.1547e-02, 
 2DIAGNOSTIC,    14, -7.504359392574e-01, 2.032024066734e-05, 2.1175e+00, 4.2678e-02, 
 2DIAGNOSTIC,    15, -7.504540654961e-01, 1.282523623504e-05, 2.1546e+00, 3.7093e-02, 
 2DIAGNOSTIC,    16, -7.504918194317e-01, 7.447628731061e-06, 2.1974e+00, 4.2803e-02, 
 2DIAGNOSTIC,    17, -7.505072630661e-01, 5.313871170885e-06, 2.2335e+00, 3.6142e-02, 
 2DIAGNOSTIC,    18, -7.505138392494e-01, 4.521540304815e-06, 2.3086e+00, 7.5121e-02, 
 2DIAGNOSTIC,    19, -7.505006791090e-01, 4.832476256891e-06, 2.3453e+00, 3.6627e-02, 
 2DIAGNOSTIC,    20, -7.504876566492e-01, 4.748075100452e-06, 2.3802e+00, 3.4964e-02, 
 2DIAGNOSTIC,    21, -7.504755930864e-01, 4.080942050566e-06, 2.4195e+00, 3.9237e-02, 
 2DIAGNOSTIC,    22, -7.504628763946e-01, 2.756138007730e-06, 2.4608e+00, 4.1347e-02, 
 2DIAGNOSTIC,    23, -7.504366352785e-01, 1.148172120380e-06, 2.5030e+00, 4.2186e-02, 
DIAGNOSTIC,Iteration,metricValue,convergenceValue,ITERATION_TIME_INDEX,SINCE_LAST
 2DIAGNOSTIC,     1, -6.292954410870e-01, 1.797693134862e+308, 3.6102e+00, 1.1072e+00, 
 2DIAGNOSTIC,     2, -6.298486527912e-01, 1.797693134862e+308, 3.8880e+00, 2.7779e-01, 
 2DIAGNOSTIC,     3, -6.304545741743e-01, 1.797693134862e+308, 4.1637e+00, 2.7564e-01, 
 2DIAGNOSTIC,     4, -6.310887454073e-01, 1.797693134862e+308, 4.4344e+00, 2.7076e-01, 
 2DIAGNOSTIC,     5, -6.320899176430e-01, 1.797693134862e+308, 4.7407e+00, 3.0627e-01, 
 2DIAGNOSTIC,     6, -6.331480299123e-01, 1.797693134862e+308, 5.3103e+00, 5.6958e-01, 
 2DIAGNOSTIC,     7, -6.331484963222e-01, 1.797693134862e+308, 5.5908e+00, 2.8050e-01, 
 2DIAGNOSTIC,     8, -6.331453767228e-01, 1.797693134862e+308, 5.8850e+00, 2.9429e-01, 
 2DIAGNOSTIC,     9, -6.331454104490e-01, 1.797693134862e+308, 6.1708e+00, 2.8579e-01, 
 2DIAGNOSTIC,    10, -6.331454169514e-01, 4.420000119805e-04, 6.5251e+00, 3.5425e-01, 
 2DIAGNOSTIC,    11, -6.331451314072e-01, 3.129591297030e-04, 6.8078e+00, 2.8267e-01, 
 2DIAGNOSTIC,    12, -6.331420482311e-01, 1.983773066572e-04, 7.0983e+00, 2.9052e-01, 
 2DIAGNOSTIC,    13, -6.331399676484e-01, 1.050549381673e-04, 7.3921e+00, 2.9386e-01, 
 2DIAGNOSTIC,    14, -6.331404283431e-01, 3.563245624172e-05, 7.6667e+00, 2.7458e-01, 
 2DIAGNOSTIC,    15, -6.331382894882e-01, 1.458204982416e-06, 7.9569e+00, 2.9017e-01, 
 2DIAGNOSTIC,    16, -6.331387126916e-01, 1.357868067445e-06, 8.2366e+00, 2.7971e-01, 
 2DIAGNOSTIC,    17, -6.331380295254e-01, 1.325057212107e-06, 8.5588e+00, 3.2219e-01, 
 2DIAGNOSTIC,    18, -6.331386582279e-01, 1.285088581771e-06, 8.8650e+00, 3.0624e-01, 
 2DIAGNOSTIC,    19, -6.331381554252e-01, 1.281557941053e-06, 9.1224e+00, 2.5736e-01, 
 2DIAGNOSTIC,    20, -6.331382645708e-01, 1.317194949522e-06, 9.4449e+00, 3.2252e-01, 
 2DIAGNOSTIC,    21, -6.331393677218e-01, 1.394150244811e-06, 9.7157e+00, 2.7081e-01, 
 2DIAGNOSTIC,    22, -6.331392787022e-01, 1.410704216678e-06, 1.0029e+01, 3.1312e-01, 
 2DIAGNOSTIC,    23, -6.331390311989e-01, 1.383355735032e-06, 1.0302e+01, 2.7271e-01, 
 2DIAGNOSTIC,    24, -6.331395735211e-01, 1.378740020465e-06, 1.0588e+01, 2.8619e-01, 
 2DIAGNOSTIC,    25, -6.331404751540e-01, 1.346744117836e-06, 1.0876e+01, 2.8837e-01, 
 2DIAGNOSTIC,    26, -6.331377584870e-01, 1.270293792849e-06, 1.1126e+01, 2.5022e-01, 
 2DIAGNOSTIC,    27, -6.331374527207e-01, 1.179956236476e-06, 1.1407e+01, 2.8028e-01, 
 2DIAGNOSTIC,    28, -6.331340420851e-01, 1.051791364462e-06, 1.1701e+01, 2.9391e-01, 
DIAGNOSTIC,Iteration,metricValue,convergenceValue,ITERATION_TIME_INDEX,SINCE_LAST
 2DIAGNOSTIC,     1, -5.646874484632e-01, 1.797693134862e+308, 1.4537e+01, 2.8368e+00, 
 2DIAGNOSTIC,     2, -5.649219567515e-01, 1.797693134862e+308, 1.6274e+01, 1.7370e+00, 
 2DIAGNOSTIC,     3, -5.651296946957e-01, 1.797693134862e+308, 1.7970e+01, 1.6961e+00, 
 2DIAGNOSTIC,     4, -5.653778741016e-01, 1.797693134862e+308, 2.0222e+01, 2.2512e+00, 
 2DIAGNOSTIC,     5, -5.653964078434e-01, 1.797693134862e+308, 2.2308e+01, 2.0858e+00, 
 2DIAGNOSTIC,     6, -5.653957596450e-01, 1.797693134862e+308, 2.4294e+01, 1.9868e+00, 
 2DIAGNOSTIC,     7, -5.653932523608e-01, 1.797693134862e+308, 2.7162e+01, 2.8675e+00, 
 2DIAGNOSTIC,     8, -5.653930744563e-01, 1.797693134862e+308, 2.9042e+01, 1.8800e+00, 
 2DIAGNOSTIC,     9, -5.653930023934e-01, 1.797693134862e+308, 3.0931e+01, 1.8887e+00, 
 2DIAGNOSTIC,    10, -5.653929100402e-01, 6.899740524192e-05, 3.2711e+01, 1.7806e+00, 
 2DIAGNOSTIC,    11, -5.653930026103e-01, 3.532825443214e-05, 3.5264e+01, 2.5531e+00, 
 2DIAGNOSTIC,    12, -5.653928858222e-01, 1.407439230273e-05, 3.7262e+01, 1.9980e+00, 
 2DIAGNOSTIC,    13, -5.653927747490e-01, 2.823175419525e-06, 3.9323e+01, 2.0610e+00, 
 2DIAGNOSTIC,    14, -5.653926708225e-01, 2.033717619726e-06, 4.1317e+01, 1.9939e+00, 
 2DIAGNOSTIC,    15, -5.653925515539e-01, 1.988104715453e-06, 4.3296e+01, 1.9789e+00, 
 2DIAGNOSTIC,    16, -5.653922845320e-01, 1.933766934872e-06, 4.5223e+01, 1.9272e+00, 
 2DIAGNOSTIC,    17, -5.653921616490e-01, 1.813346266373e-06, 4.6912e+01, 1.6889e+00, 
 2DIAGNOSTIC,    18, -5.653920433276e-01, 1.703500183747e-06, 4.8775e+01, 1.8627e+00, 
 2DIAGNOSTIC,    19, -5.653919172403e-01, 1.605956819008e-06, 5.0842e+01, 2.0671e+00, 
 2DIAGNOSTIC,    20, -5.653914883317e-01, 1.511371805714e-06, 5.2942e+01, 2.0998e+00, 
 2DIAGNOSTIC,    21, -5.653912070168e-01, 1.429015744285e-06, 5.4656e+01, 1.7145e+00, 
 2DIAGNOSTIC,    22, -5.653910828624e-01, 1.356763312109e-06, 5.6383e+01, 1.7272e+00, 
 2DIAGNOSTIC,    23, -5.653911224303e-01, 1.297440527827e-06, 5.8424e+01, 2.0405e+00, 
 2DIAGNOSTIC,    24, -5.653911514224e-01, 1.249429190574e-06, 6.0136e+01, 1.7123e+00, 
 2DIAGNOSTIC,    25, -5.653910526005e-01, 1.208235631059e-06, 6.2021e+01, 1.8853e+00, 
 2DIAGNOSTIC,    26, -5.653909537927e-01, 1.169390791825e-06, 6.3794e+01, 1.7727e+00, 
 2DIAGNOSTIC,    27, -5.653910364021e-01, 1.137777292312e-06, 6.5608e+01, 1.8133e+00, 
 2DIAGNOSTIC,    28, -5.653910278015e-01, 1.109752598233e-06, 6.7307e+01, 1.6996e+00, 
 2DIAGNOSTIC,    29, -5.653903037337e-01, 1.071526987438e-06, 6.9164e+01, 1.8574e+00, 
 2DIAGNOSTIC,    30, -5.653902590388e-01, 1.030842164469e-06, 7.1049e+01, 1.8845e+00, 
  Elapsed time (stage 0): 7.2145e+01


Total elapsed time: 7.2148e+01
Info [verificarlo]: loaded backend libinterflop_ieee.so
Info [interflop-ieee]: load backend with:
Info [interflop-ieee]: debug = false
Info [interflop-ieee]: debug-binary = false
Info [interflop-ieee]: no-backend-name = false
Info [interflop-ieee]: print-new-line = false
Info [interflop-ieee]: print-subnormal-normalized = false
Info [interflop-ieee]: count-op = false
All_Command_lines_OK
Using double precision for computations.
=============================================================================
The composite transform comprises the following transforms (in order): 
  1. /home/mdugre/scratch/mri-registration-rp/datasets/ds004513/derivatives/mri-registration-rp/0100/antsRegistration-r8-p10/sub-s017/affine_Composite.h5[0] (type = Euler3DTransform)
  2. /home/mdugre/scratch/mri-registration-rp/datasets/ds004513/derivatives/mri-registration-rp/0100/antsRegistration-r8-p10/sub-s017/affine_Composite.h5[1] (type = Euler3DTransform)
  3. /home/mdugre/scratch/mri-registration-rp/datasets/ds004513/derivatives/mri-registration-rp/0100/antsRegistration-r8-p10/sub-s017/affine_Composite.h5[2] (type = Euler3DTransform)
  4. /home/mdugre/scratch/mri-registration-rp/datasets/ds004513/derivatives/mri-registration-rp/0100/antsRegistration-r8-p10/sub-s017/affine_Composite.h5[3] (type = AffineTransform)
=============================================================================
  number of levels = 4
  fixed image: /templateflow/tpl-MNI152NLin2009cAsym/tpl-MNI152NLin2009cAsym_res-01_desc-brain_T1w.nii.gz
  moving image: /home/mdugre/scratch/mri-registration-rp/datasets/ds004513/derivatives/mri-registration-rp/antsBrainExtraction/sub-s017/BrainExtractionBrain.nii.gz
Dimension = 3
Number of stages = 1
Use histogram matching = false
Winsorize image intensities = true
  Lower quantile = 0.005
  Upper quantile = 0.995


Stage 1 State
   Image metric = CC
     Fixed image = Image (0x37c7a40)
  RTTI typeinfo:   itk::Image<double, 3u>
  Reference Count: 2
  Modified Time: 1608
  Debug: Off
  Object Name: 
  Observers: 
    none
  Source: (none)
  Source output name: (none)
  Release Data: Off
  Data Released: False
  Global Release Data: Off
  PipelineMTime: 0
  UpdateMTime: 1217
  RealTimeStamp: 0 seconds 
  LargestPossibleRegion: 
    Dimension: 3
    Index: [0, 0, 0]
    Size: [193, 229, 193]
  BufferedRegion: 
    Dimension: 3
    Index: [0, 0, 0]
    Size: [193, 229, 193]
  RequestedRegion: 
    Dimension: 3
    Index: [0, 0, 0]
    Size: [193, 229, 193]
  Spacing: [1, 1, 1]
  Origin: [96, 132, -78]
  Direction: 
-1 0 0
0 -1 0
0 0 1

  IndexToPointMatrix: 
-1 0 0
0 -1 0
0 0 1

  PointToIndexMatrix: 
-1 0 0
0 -1 0
0 0 1

  Inverse Direction: 
-1 0 0
0 -1 0
0 0 1

  PixelContainer: 
    ImportImageContainer (0x3896780)
      RTTI typeinfo:   itk::ImportImageContainer<unsigned long, double>
      Reference Count: 1
      Modified Time: 1214
      Debug: Off
      Object Name: 
      Observers: 
        none
      Pointer: 0x1528ddb29010
      Container manages memory: true
      Size: 8530021
      Capacity: 8530021

     Moving image = Image (0x3898390)
  RTTI typeinfo:   itk::Image<double, 3u>
  Reference Count: 2
  Modified Time: 1609
  Debug: Off
  Object Name: 
  Observers: 
    none
  Source: (none)
  Source output name: (none)
  Release Data: Off
  Data Released: False
  Global Release Data: Off
  PipelineMTime: 0
  UpdateMTime: 1606
  RealTimeStamp: 0 seconds 
  LargestPossibleRegion: 
    Dimension: 3
    Index: [0, 0, 0]
    Size: [160, 240, 256]
  BufferedRegion: 
    Dimension: 3
    Index: [0, 0, 0]
    Size: [160, 240, 256]
  RequestedRegion: 
    Dimension: 3
    Index: [0, 0, 0]
    Size: [160, 240, 256]
  Spacing: [1, 1, 1]
  Origin: [91.3357, 102.231, -120.042]
  Direction: 
-0.997442 -5.36781e-05 -0.0714818
5.35416e-05 -1 3.82465e-06
-0.0714818 -1.23894e-08 0.997442

  IndexToPointMatrix: 
-0.997444 -5.36781e-05 -0.0714818
5.35418e-05 -1 3.82465e-06
-0.0714819 -1.23894e-08 0.997442

  PointToIndexMatrix: 
-0.99744 5.35415e-05 -0.0714816
-5.36781e-05 -1 -1.23894e-08
-0.0714818 3.82465e-06 0.997442

  Inverse Direction: 
-0.997442 5.35416e-05 -0.0714818
-5.36781e-05 -1 -1.23894e-08
-0.0714818 3.82465e-06 0.997442

  PixelContainer: 
    ImportImageContainer (0x384d6f0)
      RTTI typeinfo:   itk::ImportImageContainer<unsigned long, double>
      Reference Count: 1
      Modified Time: 1603
      Debug: Off
      Object Name: 
      Observers: 
        none
      Pointer: 0x1528d9028010
      Container manages memory: true
      Size: 9830400
      Capacity: 9830400

     Weighting = 1
     Sampling strategy = none
     Number of bins = 32
     Radius = 4
     Sampling percentage  = 1
   Transform = SyN
     Gradient step = 0.1
     Update field sigma (voxel space) = 3
     Total field sigma (voxel space) = 0
     Update field time sigma = 0
     Total field time sigma  = 0
     Number of time indices = 0
     Number of time point samples = 0
Registration using 1 total stages.

Stage 0
  iterations = 100x70x50x20
  convergence threshold = 1e-06
  convergence window size = 10
  number of levels = 4
  using the CC metric (radius = 4, weight = 1, use gradient filter = 0)
  preprocessing:  winsorizing the image intensities
  Shrink factors (level 1 out of 4): [8, 8, 8]
  Shrink factors (level 2 out of 4): [4, 4, 4]
  Shrink factors (level 3 out of 4): [2, 2, 2]
  Shrink factors (level 4 out of 4): [1, 1, 1]
  smoothing sigmas per level: [3, 2, 1, 0]
  Using default NONE metricSamplingStrategy 

*** Running SyN registration (varianceForUpdateField = 3, varianceForTotalField = 0) ***

XXDIAGNOSTIC,Iteration,metricValue,convergenceValue,ITERATION_TIME_INDEX,SINCE_LAST
 1DIAGNOSTIC,     1, -9.269901353056e-01, 1.797693134862e+308, 1.0782e+00, 1.0782e+00, 
 1DIAGNOSTIC,     2, -9.332366900629e-01, 1.797693134862e+308, 1.4136e+00, 3.3533e-01, 
 1DIAGNOSTIC,     3, -9.385759526470e-01, 1.797693134862e+308, 1.7412e+00, 3.2766e-01, 
 1DIAGNOSTIC,     4, -9.430967333994e-01, 1.797693134862e+308, 2.0649e+00, 3.2363e-01, 
 1DIAGNOSTIC,     5, -9.462203745006e-01, 1.797693134862e+308, 2.3963e+00, 3.3139e-01, 
 1DIAGNOSTIC,     6, -9.487180680231e-01, 1.797693134862e+308, 2.7275e+00, 3.3125e-01, 
 1DIAGNOSTIC,     7, -9.510662676681e-01, 1.797693134862e+308, 3.0588e+00, 3.3132e-01, 
 1DIAGNOSTIC,     8, -9.537870095277e-01, 1.797693134862e+308, 3.3887e+00, 3.2984e-01, 
 1DIAGNOSTIC,     9, -9.571989350764e-01, 1.797693134862e+308, 3.7186e+00, 3.2998e-01, 
 1DIAGNOSTIC,    10, -9.608467072504e-01, 2.094348337571e-03, 4.0408e+00, 3.2212e-01, 
 1DIAGNOSTIC,    11, -9.645085357063e-01, 1.762789737849e-03, 4.3797e+00, 3.3896e-01, 
 1DIAGNOSTIC,    12, -9.653274604754e-01, 1.503243257282e-03, 4.7015e+00, 3.2180e-01, 
 1DIAGNOSTIC,    13, -9.656444341943e-01, 1.278138589549e-03, 5.0316e+00, 3.3005e-01, 
 1DIAGNOSTIC,    14, -9.660779563017e-01, 1.074704873962e-03, 5.3624e+00, 3.3087e-01, 
 1DIAGNOSTIC,    15, -9.668244641374e-01, 8.762811304036e-04, 5.7063e+00, 3.4383e-01, 
 1DIAGNOSTIC,    16, -9.671298084085e-01, 6.738588974163e-04, 6.0491e+00, 3.4287e-01, 
 1DIAGNOSTIC,    17, -9.678560254840e-01, 4.876342149485e-04, 6.3761e+00, 3.2700e-01, 
 1DIAGNOSTIC,    18, -9.681014776262e-01, 3.264240526465e-04, 6.7135e+00, 3.3732e-01, 
 1DIAGNOSTIC,    19, -9.686821704363e-01, 2.140129802003e-04, 7.0480e+00, 3.3453e-01, 
 1DIAGNOSTIC,    20, -9.688452047999e-01, 1.482979272083e-04, 7.3878e+00, 3.3979e-01, 
 1DIAGNOSTIC,    21, -9.693134401671e-01, 1.334244156399e-04, 7.7282e+00, 3.4045e-01, 
 1DIAGNOSTIC,    22, -9.694221677646e-01, 1.200185682865e-04, 8.0708e+00, 3.4258e-01, 
 1DIAGNOSTIC,    23, -9.698118033559e-01, 1.057869410178e-04, 8.3965e+00, 3.2570e-01, 
 1DIAGNOSTIC,    24, -9.698824650084e-01, 8.896296433041e-05, 8.7223e+00, 3.2578e-01, 
 1DIAGNOSTIC,    25, -9.702313457933e-01, 7.827950605790e-05, 9.0499e+00, 3.2758e-01, 
 1DIAGNOSTIC,    26, -9.702731363494e-01, 6.491449733879e-05, 9.3802e+00, 3.3034e-01, 
 1DIAGNOSTIC,    27, -9.705595249861e-01, 5.767678006056e-05, 9.7248e+00, 3.4457e-01, 
 1DIAGNOSTIC,    28, -9.705768036617e-01, 4.824053961602e-05, 1.0058e+01, 3.3316e-01, 
 1DIAGNOSTIC,    29, -9.708553253143e-01, 4.380528006157e-05, 1.0391e+01, 3.3326e-01, 
 1DIAGNOSTIC,    30, -9.708576588704e-01, 3.711371138412e-05, 1.0725e+01, 3.3346e-01, 
