
##########################
# Experiment information #
##########################

EXPERIMENT_NAME: antsRegistration-r8-p10
VFC_BACKENDS: libinterflop_vprec.so --range-binary32=8 --precision-binary32=10 --range-binary64=8 --precision-binary64=10

SIF_IMG: /home/mdugre/projects/rrg-glatard/mdugre/containers/ants-vprec-no_metrics.simg

SUBJECT_ID: s025
INPUT_IMG: /home/mdugre/scratch/mri-registration-rp/datasets/ds004513/derivatives/mri-registration-rp/antsBrainExtraction/sub-s025/BrainExtractionBrain.nii.gz
OUTPUT_DIR: /home/mdugre/scratch/mri-registration-rp/datasets/ds004513/derivatives/mri-registration-rp/0100/antsRegistration-r8-p10/sub-s025

FIXED_IMG: /templateflow/tpl-MNI152NLin2009cAsym/tpl-MNI152NLin2009cAsym_res-01_desc-brain_T1w.nii.gz
DATA_DIR: /home/mdugre/scratch/mri-registration-rp/datasets/ds004513
TEMPLATEFLOW_DIR: /home/mdugre/projects/rrg-glatard/mdugre/templateflow
ITK_GLOBAL_DEFAULT_NUMBER_OF_THREADS: 16
##########################

Info [verificarlo]: loaded backend libinterflop_ieee.so
Info [interflop-ieee]: load backend with:
Info [interflop-ieee]: debug = false
Info [interflop-ieee]: debug-binary = false
Info [interflop-ieee]: no-backend-name = false
Info [interflop-ieee]: print-new-line = false
Info [interflop-ieee]: print-subnormal-normalized = false
Info [interflop-ieee]: count-op = false
All_Command_lines_OK
Using double precision for computations.
=============================================================================
The composite transform comprises the following transforms (in order): 
  1. Center of mass alignment using fixed image: /templateflow/tpl-MNI152NLin2009cAsym/tpl-MNI152NLin2009cAsym_res-01_desc-brain_T1w.nii.gz and moving image: /home/mdugre/scratch/mri-registration-rp/datasets/ds004513/derivatives/mri-registration-rp/antsBrainExtraction/sub-s025/BrainExtractionBrain.nii.gz (type = Euler3DTransform)
=============================================================================
  number of levels = 1
  fixed image: /templateflow/tpl-MNI152NLin2009cAsym/tpl-MNI152NLin2009cAsym_res-01_desc-brain_T1w.nii.gz
  moving image: /home/mdugre/scratch/mri-registration-rp/datasets/ds004513/derivatives/mri-registration-rp/antsBrainExtraction/sub-s025/BrainExtractionBrain.nii.gz
Dimension = 3
Number of stages = 1
Use histogram matching = false
Winsorize image intensities = true
  Lower quantile = 0.005
  Upper quantile = 0.995


Stage 1 State
   Image metric = MattesMI
     Fixed image = Image (0x421ce70)
  RTTI typeinfo:   itk::Image<double, 3u>
  Reference Count: 2
  Modified Time: 2334
  Debug: Off
  Object Name: 
  Observers: 
    none
  Source: (none)
  Source output name: (none)
  Release Data: Off
  Data Released: False
  Global Release Data: Off
  PipelineMTime: 0
  UpdateMTime: 1943
  RealTimeStamp: 0 seconds 
  LargestPossibleRegion: 
    Dimension: 3
    Index: [0, 0, 0]
    Size: [193, 229, 193]
  BufferedRegion: 
    Dimension: 3
    Index: [0, 0, 0]
    Size: [193, 229, 193]
  RequestedRegion: 
    Dimension: 3
    Index: [0, 0, 0]
    Size: [193, 229, 193]
  Spacing: [1, 1, 1]
  Origin: [96, 132, -78]
  Direction: 
-1 0 0
0 -1 0
0 0 1

  IndexToPointMatrix: 
-1 0 0
0 -1 0
0 0 1

  PointToIndexMatrix: 
-1 0 0
0 -1 0
0 0 1

  Inverse Direction: 
-1 0 0
0 -1 0
0 0 1

  PixelContainer: 
    ImportImageContainer (0x4225c60)
      RTTI typeinfo:   itk::ImportImageContainer<unsigned long, double>
      Reference Count: 1
      Modified Time: 1940
      Debug: Off
      Object Name: 
      Observers: 
        none
      Pointer: 0x14fdc488c010
      Container manages memory: true
      Size: 8530021
      Capacity: 8530021

     Moving image = Image (0x4228610)
  RTTI typeinfo:   itk::Image<double, 3u>
  Reference Count: 2
  Modified Time: 2335
  Debug: Off
  Object Name: 
  Observers: 
    none
  Source: (none)
  Source output name: (none)
  Release Data: Off
  Data Released: False
  Global Release Data: Off
  PipelineMTime: 0
  UpdateMTime: 2332
  RealTimeStamp: 0 seconds 
  LargestPossibleRegion: 
    Dimension: 3
    Index: [0, 0, 0]
    Size: [176, 240, 256]
  BufferedRegion: 
    Dimension: 3
    Index: [0, 0, 0]
    Size: [176, 240, 256]
  RequestedRegion: 
    Dimension: 3
    Index: [0, 0, 0]
    Size: [176, 240, 256]
  Spacing: [0.999999, 1, 1]
  Origin: [90.3778, 84.5091, -154.071]
  Direction: 
-0.999391 7.48184e-06 -0.0348969
-7.47664e-06 -1 -2.7953e-07
-0.0348969 -1.84481e-08 0.999391

  IndexToPointMatrix: 
-0.99939 7.48184e-06 -0.0348969
-7.47663e-06 -1 -2.7953e-07
-0.0348968 -1.84481e-08 0.999391

  PointToIndexMatrix: 
-0.999392 -7.47665e-06 -0.0348969
7.48184e-06 -1 -1.84481e-08
-0.0348969 -2.7953e-07 0.999391

  Inverse Direction: 
-0.999391 -7.47664e-06 -0.0348969
7.48184e-06 -1 -1.84481e-08
-0.0348969 -2.7953e-07 0.999391

  PixelContainer: 
    ImportImageContainer (0x42c1ef0)
      RTTI typeinfo:   itk::ImportImageContainer<unsigned long, double>
      Reference Count: 1
      Modified Time: 2329
      Debug: Off
      Object Name: 
      Observers: 
        none
      Pointer: 0x14fdbf60b010
      Container manages memory: true
      Size: 10813440
      Capacity: 10813440

     Weighting = 1
     Sampling strategy = regular
     Number of bins = 32
     Radius = 4
     Sampling percentage  = 0.25
   Transform = Rigid
     Gradient step = 0.1
     Update field sigma (voxel space) = 0
     Total field sigma (voxel space) = 0
     Update field time sigma = 0
     Total field time sigma  = 0
     Number of time indices = 0
     Number of time point samples = 0
Registration using 1 total stages.

Stage 0
  iterations = 0
  convergence threshold = 1e-06
  convergence window size = 10
  number of levels = 1
  using the Mattes MI metric (number of bins = 32, weight = 1, use gradient filter = 0)
  preprocessing:  winsorizing the image intensities
  Shrink factors (level 1 out of 1): [1, 1, 1]
  smoothing sigmas per level: [0]
  regular sampling (percentage = 0.25)

*** Running Euler3DTransform registration ***

  Elapsed time (stage 0): 0.985755


Total elapsed time: 0.988428
Info [verificarlo]: loaded backend libinterflop_vprec.so
Info [interflop-vprec]: load backend with: 
Info [interflop-vprec]: precision-binary32 = 10
Info [interflop-vprec]: range-binary32 = 8
Info [interflop-vprec]: precision-binary64 = 10
Info [interflop-vprec]: range-binary64 = 8
Info [interflop-vprec]: mode = ob
Info [interflop-vprec]: error-mode = rel
Info [interflop-vprec]: max-abs-error-exponent = -1022
Info [interflop-vprec]: daz = false
Info [interflop-vprec]: ftz = false
Info [interflop-vprec]: 	instrument = none
Info [interflop-vprec]: 	prec-input-file = (null)
Info [interflop-vprec]: 	prec-output-file = (null)
Info [interflop-vprec]: 	prec-log-file = (null)
All_Command_lines_OK
Using double precision for computations.
=============================================================================
The composite transform comprises the following transforms (in order): 
  1. /home/mdugre/scratch/mri-registration-rp/datasets/ds004513/derivatives/mri-registration-rp/0100/antsRegistration-r8-p10/sub-s025/align_Composite.h5[0] (type = Euler3DTransform)
  2. /home/mdugre/scratch/mri-registration-rp/datasets/ds004513/derivatives/mri-registration-rp/0100/antsRegistration-r8-p10/sub-s025/align_Composite.h5[1] (type = Euler3DTransform)
=============================================================================
  number of levels = 4
  fixed image: /templateflow/tpl-MNI152NLin2009cAsym/tpl-MNI152NLin2009cAsym_res-01_desc-brain_T1w.nii.gz
  moving image: /home/mdugre/scratch/mri-registration-rp/datasets/ds004513/derivatives/mri-registration-rp/antsBrainExtraction/sub-s025/BrainExtractionBrain.nii.gz
Dimension = 3
Number of stages = 1
Use histogram matching = false
Winsorize image intensities = true
  Lower quantile = 0.005
  Upper quantile = 0.995


Stage 1 State
   Image metric = MattesMI
     Fixed image = Image (0x4afb1e0)
  RTTI typeinfo:   itk::Image<double, 3u>
  Reference Count: 2
  Modified Time: 1578
  Debug: Off
  Object Name: 
  Observers: 
    none
  Source: (none)
  Source output name: (none)
  Release Data: Off
  Data Released: False
  Global Release Data: Off
  PipelineMTime: 0
  UpdateMTime: 1189
  RealTimeStamp: 0 seconds 
  LargestPossibleRegion: 
    Dimension: 3
    Index: [0, 0, 0]
    Size: [193, 229, 193]
  BufferedRegion: 
    Dimension: 3
    Index: [0, 0, 0]
    Size: [193, 229, 193]
  RequestedRegion: 
    Dimension: 3
    Index: [0, 0, 0]
    Size: [193, 229, 193]
  Spacing: [1, 1, 1]
  Origin: [96, 132, -78]
  Direction: 
-1 0 0
0 -1 0
0 0 1

  IndexToPointMatrix: 
-1 0 0
0 -1 0
0 0 1

  PointToIndexMatrix: 
-1 0 0
0 -1 0
0 0 1

  Inverse Direction: 
-1 0 0
0 -1 0
0 0 1

  PixelContainer: 
    ImportImageContainer (0x4bba680)
      RTTI typeinfo:   itk::ImportImageContainer<unsigned long, double>
      Reference Count: 1
      Modified Time: 1186
      Debug: Off
      Object Name: 
      Observers: 
        none
      Pointer: 0x14bcbe694010
      Container manages memory: true
      Size: 8530021
      Capacity: 8530021

     Moving image = Image (0x4bb6b20)
  RTTI typeinfo:   itk::Image<double, 3u>
  Reference Count: 2
  Modified Time: 1579
  Debug: Off
  Object Name: 
  Observers: 
    none
  Source: (none)
  Source output name: (none)
  Release Data: Off
  Data Released: False
  Global Release Data: Off
  PipelineMTime: 0
  UpdateMTime: 1576
  RealTimeStamp: 0 seconds 
  LargestPossibleRegion: 
    Dimension: 3
    Index: [0, 0, 0]
    Size: [176, 240, 256]
  BufferedRegion: 
    Dimension: 3
    Index: [0, 0, 0]
    Size: [176, 240, 256]
  RequestedRegion: 
    Dimension: 3
    Index: [0, 0, 0]
    Size: [176, 240, 256]
  Spacing: [1, 1, 1]
  Origin: [90.375, 84.5, -154.125]
  Direction: 
-0.999512 7.48411e-06 -0.0349426
-7.48038e-06 -1 -2.7963e-07
-0.0349426 -1.851e-08 0.999512

  IndexToPointMatrix: 
-0.999512 7.48411e-06 -0.0349426
-7.48038e-06 -1 -2.7963e-07
-0.0349426 -1.851e-08 0.999512

  PointToIndexMatrix: 
-1 -7.48038e-06 -0.0349426
7.48038e-06 -1 1.30734e-07
-0.0349426 -1.30734e-07 0.999512

  Inverse Direction: 
-1 -7.48038e-06 -0.0349426
7.48038e-06 -1 1.30734e-07
-0.0349426 -1.30734e-07 0.999512

  PixelContainer: 
    ImportImageContainer (0x4c1fd50)
      RTTI typeinfo:   itk::ImportImageContainer<unsigned long, double>
      Reference Count: 1
      Modified Time: 1573
      Debug: Off
      Object Name: 
      Observers: 
        none
      Pointer: 0x14bcb9413010
      Container manages memory: true
      Size: 10813440
      Capacity: 10813440

     Weighting = 1
     Sampling strategy = regular
     Number of bins = 32
     Radius = 4
     Sampling percentage  = 0.25
   Transform = Rigid
     Gradient step = 0.1
     Update field sigma (voxel space) = 0
     Total field sigma (voxel space) = 0
     Update field time sigma = 0
     Total field time sigma  = 0
     Number of time indices = 0
     Number of time point samples = 0
Registration using 1 total stages.

Stage 0
  iterations = 1000x500x250x100
  convergence threshold = 1e-06
  convergence window size = 10
  number of levels = 4
  using the Mattes MI metric (number of bins = 32, weight = 1, use gradient filter = 0)
  preprocessing:  winsorizing the image intensities
  Shrink factors (level 1 out of 4): [8, 8, 8]
  Shrink factors (level 2 out of 4): [4, 4, 4]
  Shrink factors (level 3 out of 4): [2, 2, 2]
  Shrink factors (level 4 out of 4): [1, 1, 1]
  smoothing sigmas per level: [3, 2, 1, 0]
  regular sampling (percentage = 0.25)

*** Running Euler3DTransform registration ***

DIAGNOSTIC,Iteration,metricValue,convergenceValue,ITERATION_TIME_INDEX,SINCE_LAST
 2DIAGNOSTIC,     1, -5.326732712821e-01, 1.797693134862e+308, 0.0000e+00, 0.0000e+00, 
 2DIAGNOSTIC,     2, -5.329364166054e-01, 1.797693134862e+308, 0.0000e+00, 0.0000e+00, 
 2DIAGNOSTIC,     3, -5.330954619028e-01, 1.797693134862e+308, 0.0000e+00, 0.0000e+00, 
 2DIAGNOSTIC,     4, -5.337398209585e-01, 1.797693134862e+308, 0.0000e+00, 0.0000e+00, 
 2DIAGNOSTIC,     5, -5.351444547176e-01, 1.797693134862e+308, 0.0000e+00, 0.0000e+00, 
 2DIAGNOSTIC,     6, -5.377672484311e-01, 1.797693134862e+308, 0.0000e+00, 0.0000e+00, 
 2DIAGNOSTIC,     7, -5.411453998586e-01, 1.797693134862e+308, 0.0000e+00, 0.0000e+00, 
 2DIAGNOSTIC,     8, -5.462831782259e-01, 1.797693134862e+308, 0.0000e+00, 0.0000e+00, 
 2DIAGNOSTIC,     9, -5.647245667411e-01, 1.797693134862e+308, 0.0000e+00, 0.0000e+00, 
 2DIAGNOSTIC,    10, -5.843950163079e-01, 4.838753629945e-03, 0.0000e+00, 0.0000e+00, 
 2DIAGNOSTIC,    11, -6.473463174986e-01, 8.716863457592e-03, 0.0000e+00, 0.0000e+00, 
 2DIAGNOSTIC,    12, -7.146687712663e-01, 1.373702662457e-02, 0.0000e+00, 0.0000e+00, 
 2DIAGNOSTIC,    13, -7.540459355941e-01, 1.795080290118e-02, 0.0000e+00, 0.0000e+00, 
 2DIAGNOSTIC,    14, -7.527996422103e-01, 1.979774104553e-02, 0.0000e+00, 0.0000e+00, 
 2DIAGNOSTIC,    15, -7.519598786429e-01, 1.961428590508e-02, 0.0000e+00, 0.0000e+00, 
 2DIAGNOSTIC,    16, -7.518508918050e-01, 1.774627742725e-02, 0.0000e+00, 0.0000e+00, 
 2DIAGNOSTIC,    17, -7.517924305055e-01, 1.459019684541e-02, 0.0000e+00, 0.0000e+00, 
 2DIAGNOSTIC,    18, -7.518340288871e-01, 1.064607615642e-02, 0.0000e+00, 0.0000e+00, 
 2DIAGNOSTIC,    19, -7.518147558656e-01, 6.678513756715e-03, 0.0000e+00, 0.0000e+00, 
 2DIAGNOSTIC,    20, -7.518330086583e-01, 2.990348178982e-03, 0.0000e+00, 0.0000e+00, 
 2DIAGNOSTIC,    21, -7.518778974422e-01, 7.228291796262e-04, 0.0000e+00, 0.0000e+00, 
DIAGNOSTIC,Iteration,metricValue,convergenceValue,ITERATION_TIME_INDEX,SINCE_LAST
 2DIAGNOSTIC,     1, -6.149480393209e-01, 1.797693134862e+308, 0.0000e+00, 0.0000e+00, 
 2DIAGNOSTIC,     2, -6.148545898690e-01, 1.797693134862e+308, 0.0000e+00, 0.0000e+00, 
 2DIAGNOSTIC,     3, -6.149040293123e-01, 1.797693134862e+308, 0.0000e+00, 0.0000e+00, 
 2DIAGNOSTIC,     4, -6.150129855057e-01, 1.797693134862e+308, 0.0000e+00, 0.0000e+00, 
 2DIAGNOSTIC,     5, -6.148220989442e-01, 1.797693134862e+308, 0.0000e+00, 0.0000e+00, 
 2DIAGNOSTIC,     6, -6.148151706104e-01, 1.797693134862e+308, 0.0000e+00, 0.0000e+00, 
 2DIAGNOSTIC,     7, -6.148164725442e-01, 1.797693134862e+308, 0.0000e+00, 0.0000e+00, 
 2DIAGNOSTIC,     8, -6.148094716243e-01, 1.797693134862e+308, 0.0000e+00, 0.0000e+00, 
 2DIAGNOSTIC,     9, -6.149075458973e-01, 1.797693134862e+308, 0.0000e+00, 0.0000e+00, 
DIAGNOSTIC,Iteration,metricValue,convergenceValue,ITERATION_TIME_INDEX,SINCE_LAST
 2DIAGNOSTIC,     1, -5.277526270055e-01, 1.797693134862e+308, 0.0000e+00, 0.0000e+00, 
 2DIAGNOSTIC,     2, -5.277971777392e-01, 1.797693134862e+308, 0.0000e+00, 0.0000e+00, 
 2DIAGNOSTIC,     3, -5.279055405897e-01, 1.797693134862e+308, 0.0000e+00, 0.0000e+00, 
 2DIAGNOSTIC,     4, -5.279487090253e-01, 1.797693134862e+308, 0.0000e+00, 0.0000e+00, 
 2DIAGNOSTIC,     5, -5.281162227951e-01, 1.797693134862e+308, 0.0000e+00, 0.0000e+00, 
 2DIAGNOSTIC,     6, -5.281291442574e-01, 1.797693134862e+308, 0.0000e+00, 0.0000e+00, 
 2DIAGNOSTIC,     7, -5.281486334841e-01, 1.797693134862e+308, 0.0000e+00, 0.0000e+00, 
 2DIAGNOSTIC,     8, -5.281915512578e-01, 1.797693134862e+308, 0.0000e+00, 0.0000e+00, 
 2DIAGNOSTIC,     9, -5.285471101418e-01, 1.797693134862e+308, 0.0000e+00, 0.0000e+00, 
 2DIAGNOSTIC,    10, -5.291964571202e-01, 1.288918651070e-04, 0.0000e+00, 0.0000e+00, 
 2DIAGNOSTIC,    11, -5.293180455435e-01, 1.519729533804e-04, 0.0000e+00, 0.0000e+00, 
 2DIAGNOSTIC,    12, -5.302237619457e-01, 2.005892388009e-04, 0.0000e+00, 0.0000e+00, 
 2DIAGNOSTIC,    13, -5.304472424028e-01, 2.366868339774e-04, 0.0000e+00, 0.0000e+00, 
 2DIAGNOSTIC,    14, -5.311370966690e-01, 2.740031491602e-04, 0.0000e+00, 0.0000e+00, 
 2DIAGNOSTIC,    15, -5.320262973506e-01, 3.186023341707e-04, 0.0000e+00, 0.0000e+00, 
 2DIAGNOSTIC,    16, -5.327694810118e-01, 3.532329349780e-04, 0.0000e+00, 0.0000e+00, 
 2DIAGNOSTIC,    17, -5.337809723238e-01, 3.836872038663e-04, 0.0000e+00, 0.0000e+00, 
 2DIAGNOSTIC,    18, -5.343963056283e-01, 3.944442293301e-04, 0.0000e+00, 0.0000e+00, 
 2DIAGNOSTIC,    19, -5.350006497897e-01, 3.942630123161e-04, 0.0000e+00, 0.0000e+00, 
 2DIAGNOSTIC,    20, -5.349713283366e-01, 3.740279357494e-04, 0.0000e+00, 0.0000e+00, 
 2DIAGNOSTIC,    21, -5.350945889421e-01, 3.268076873465e-04, 0.0000e+00, 0.0000e+00, 
 2DIAGNOSTIC,    22, -5.350730573162e-01, 2.749384891427e-04, 0.0000e+00, 0.0000e+00, 
 2DIAGNOSTIC,    23, -5.350724319226e-01, 2.068204438818e-04, 0.0000e+00, 0.0000e+00, 
 2DIAGNOSTIC,    24, -5.350987579792e-01, 1.407659237815e-04, 0.0000e+00, 0.0000e+00, 
 2DIAGNOSTIC,    25, -5.349468418329e-01, 8.255514074142e-05, 0.0000e+00, 0.0000e+00, 
 2DIAGNOSTIC,    26, -5.349431441482e-01, 3.611496055066e-05, 0.0000e+00, 0.0000e+00, 
 2DIAGNOSTIC,    27, -5.349407473503e-01, 9.482448398601e-06, 0.0000e+00, 0.0000e+00, 
DIAGNOSTIC,Iteration,metricValue,convergenceValue,ITERATION_TIME_INDEX,SINCE_LAST
 2DIAGNOSTIC,     1, -4.887935588939e-01, 1.797693134862e+308, 0.0000e+00, 0.0000e+00, 
 2DIAGNOSTIC,     2, -4.888138618754e-01, 1.797693134862e+308, 0.0000e+00, 0.0000e+00, 
 2DIAGNOSTIC,     3, -4.889343074124e-01, 1.797693134862e+308, 0.0000e+00, 0.0000e+00, 
 2DIAGNOSTIC,     4, -4.889859185145e-01, 1.797693134862e+308, 0.0000e+00, 0.0000e+00, 
 2DIAGNOSTIC,     5, -4.890043264603e-01, 1.797693134862e+308, 0.0000e+00, 0.0000e+00, 
 2DIAGNOSTIC,     6, -4.888169976383e-01, 1.797693134862e+308, 0.0000e+00, 0.0000e+00, 
 2DIAGNOSTIC,     7, -4.888059423695e-01, 1.797693134862e+308, 0.0000e+00, 0.0000e+00, 
 2DIAGNOSTIC,     8, -4.888091426804e-01, 1.797693134862e+308, 0.0000e+00, 0.0000e+00, 
 2DIAGNOSTIC,     9, -4.888709464312e-01, 1.797693134862e+308, 0.0000e+00, 0.0000e+00, 
  Elapsed time (stage 0): 0.0000e+00


Total elapsed time: 0.0000e+00
Info [verificarlo]: loaded backend libinterflop_ieee.so
Info [interflop-ieee]: load backend with:
Info [interflop-ieee]: debug = false
Info [interflop-ieee]: debug-binary = false
Info [interflop-ieee]: no-backend-name = false
Info [interflop-ieee]: print-new-line = false
Info [interflop-ieee]: print-subnormal-normalized = false
Info [interflop-ieee]: count-op = false
All_Command_lines_OK
Using double precision for computations.
=============================================================================
The composite transform comprises the following transforms (in order): 
  1. /home/mdugre/scratch/mri-registration-rp/datasets/ds004513/derivatives/mri-registration-rp/0100/antsRegistration-r8-p10/sub-s025/rigid_Composite.h5[0] (type = Euler3DTransform)
  2. /home/mdugre/scratch/mri-registration-rp/datasets/ds004513/derivatives/mri-registration-rp/0100/antsRegistration-r8-p10/sub-s025/rigid_Composite.h5[1] (type = Euler3DTransform)
  3. /home/mdugre/scratch/mri-registration-rp/datasets/ds004513/derivatives/mri-registration-rp/0100/antsRegistration-r8-p10/sub-s025/rigid_Composite.h5[2] (type = Euler3DTransform)
=============================================================================
  number of levels = 4
  fixed image: /templateflow/tpl-MNI152NLin2009cAsym/tpl-MNI152NLin2009cAsym_res-01_desc-brain_T1w.nii.gz
  moving image: /home/mdugre/scratch/mri-registration-rp/datasets/ds004513/derivatives/mri-registration-rp/antsBrainExtraction/sub-s025/BrainExtractionBrain.nii.gz
Dimension = 3
Number of stages = 1
Use histogram matching = false
Winsorize image intensities = true
  Lower quantile = 0.005
  Upper quantile = 0.995


Stage 1 State
   Image metric = MattesMI
     Fixed image = Image (0x32a87e0)
  RTTI typeinfo:   itk::Image<double, 3u>
  Reference Count: 2
  Modified Time: 1594
  Debug: Off
  Object Name: 
  Observers: 
    none
  Source: (none)
  Source output name: (none)
  Release Data: Off
  Data Released: False
  Global Release Data: Off
  PipelineMTime: 0
  UpdateMTime: 1203
  RealTimeStamp: 0 seconds 
  LargestPossibleRegion: 
    Dimension: 3
    Index: [0, 0, 0]
    Size: [193, 229, 193]
  BufferedRegion: 
    Dimension: 3
    Index: [0, 0, 0]
    Size: [193, 229, 193]
  RequestedRegion: 
    Dimension: 3
    Index: [0, 0, 0]
    Size: [193, 229, 193]
  Spacing: [1, 1, 1]
  Origin: [96, 132, -78]
  Direction: 
-1 0 0
0 -1 0
0 0 1

  IndexToPointMatrix: 
-1 0 0
0 -1 0
0 0 1

  PointToIndexMatrix: 
-1 0 0
0 -1 0
0 0 1

  Inverse Direction: 
-1 0 0
0 -1 0
0 0 1

  PixelContainer: 
    ImportImageContainer (0x3368a20)
      RTTI typeinfo:   itk::ImportImageContainer<unsigned long, double>
      Reference Count: 1
      Modified Time: 1200
      Debug: Off
      Object Name: 
      Observers: 
        none
      Pointer: 0x14f5a268c010
      Container manages memory: true
      Size: 8530021
      Capacity: 8530021

     Moving image = Image (0x331de20)
  RTTI typeinfo:   itk::Image<double, 3u>
  Reference Count: 2
  Modified Time: 1595
  Debug: Off
  Object Name: 
  Observers: 
    none
  Source: (none)
  Source output name: (none)
  Release Data: Off
  Data Released: False
  Global Release Data: Off
  PipelineMTime: 0
  UpdateMTime: 1592
  RealTimeStamp: 0 seconds 
  LargestPossibleRegion: 
    Dimension: 3
    Index: [0, 0, 0]
    Size: [176, 240, 256]
  BufferedRegion: 
    Dimension: 3
    Index: [0, 0, 0]
    Size: [176, 240, 256]
  RequestedRegion: 
    Dimension: 3
    Index: [0, 0, 0]
    Size: [176, 240, 256]
  Spacing: [0.999999, 1, 1]
  Origin: [90.3778, 84.5091, -154.071]
  Direction: 
-0.999391 7.48184e-06 -0.0348969
-7.47664e-06 -1 -2.7953e-07
-0.0348969 -1.84481e-08 0.999391

  IndexToPointMatrix: 
-0.99939 7.48184e-06 -0.0348969
-7.47663e-06 -1 -2.7953e-07
-0.0348968 -1.84481e-08 0.999391

  PointToIndexMatrix: 
-0.999392 -7.47665e-06 -0.0348969
7.48184e-06 -1 -1.84481e-08
-0.0348969 -2.7953e-07 0.999391

  Inverse Direction: 
-0.999391 -7.47664e-06 -0.0348969
7.48184e-06 -1 -1.84481e-08
-0.0348969 -2.7953e-07 0.999391

  PixelContainer: 
    ImportImageContainer (0x33b7550)
      RTTI typeinfo:   itk::ImportImageContainer<unsigned long, double>
      Reference Count: 1
      Modified Time: 1589
      Debug: Off
      Object Name: 
      Observers: 
        none
      Pointer: 0x14f59d40b010
      Container manages memory: true
      Size: 10813440
      Capacity: 10813440

     Weighting = 1
     Sampling strategy = regular
     Number of bins = 32
     Radius = 4
     Sampling percentage  = 0.25
   Transform = Affine
     Gradient step = 0.1
     Update field sigma (voxel space) = 0
     Total field sigma (voxel space) = 0
     Update field time sigma = 0
     Total field time sigma  = 0
     Number of time indices = 0
     Number of time point samples = 0
Registration using 1 total stages.

Stage 0
  iterations = 1000x500x250x100
  convergence threshold = 1e-06
  convergence window size = 10
  number of levels = 4
  using the Mattes MI metric (number of bins = 32, weight = 1, use gradient filter = 0)
  preprocessing:  winsorizing the image intensities
  Shrink factors (level 1 out of 4): [8, 8, 8]
  Shrink factors (level 2 out of 4): [4, 4, 4]
  Shrink factors (level 3 out of 4): [2, 2, 2]
  Shrink factors (level 4 out of 4): [1, 1, 1]
  smoothing sigmas per level: [3, 2, 1, 0]
  regular sampling (percentage = 0.25)

*** Running AffineTransform registration ***

DIAGNOSTIC,Iteration,metricValue,convergenceValue,ITERATION_TIME_INDEX,SINCE_LAST
 2DIAGNOSTIC,     1, -7.461116996261e-01, 1.797693134862e+308, 7.2363e-01, 7.2362e-01, 
 2DIAGNOSTIC,     2, -7.482664370432e-01, 1.797693134862e+308, 7.2768e-01, 4.0510e-03, 
 2DIAGNOSTIC,     3, -7.518781315746e-01, 1.797693134862e+308, 7.3139e-01, 3.7131e-03, 
 2DIAGNOSTIC,     4, -7.573987159342e-01, 1.797693134862e+308, 7.3487e-01, 3.4790e-03, 
 2DIAGNOSTIC,     5, -7.667444407913e-01, 1.797693134862e+308, 7.3845e-01, 3.5810e-03, 
 2DIAGNOSTIC,     6, -7.821560440696e-01, 1.797693134862e+308, 7.4199e-01, 3.5381e-03, 
 2DIAGNOSTIC,     7, -8.097355817996e-01, 1.797693134862e+308, 7.4555e-01, 3.5660e-03, 
 2DIAGNOSTIC,     8, -8.490365317394e-01, 1.797693134862e+308, 7.5011e-01, 4.5590e-03, 
 2DIAGNOSTIC,     9, -8.819917972513e-01, 1.797693134862e+308, 7.5604e-01, 5.9261e-03, 
 2DIAGNOSTIC,    10, -8.850757703613e-01, 1.250605597853e-02, 7.5969e-01, 3.6480e-03, 
 2DIAGNOSTIC,    11, -8.953486640599e-01, 1.261881082007e-02, 7.6346e-01, 3.7720e-03, 
 2DIAGNOSTIC,    12, -9.078423238379e-01, 1.199279553891e-02, 7.6719e-01, 3.7301e-03, 
 2DIAGNOSTIC,    13, -9.188456602906e-01, 1.075434241667e-02, 7.7102e-01, 3.8300e-03, 
 2DIAGNOSTIC,    14, -9.266800564458e-01, 9.055383792251e-03, 7.7489e-01, 3.8671e-03, 
 2DIAGNOSTIC,    15, -9.316959106489e-01, 7.119106222931e-03, 7.8046e-01, 5.5759e-03, 
 2DIAGNOSTIC,    16, -9.324791936872e-01, 5.145615827625e-03, 7.8470e-01, 4.2400e-03, 
 2DIAGNOSTIC,    17, -9.336387096415e-01, 3.506859833023e-03, 7.8844e-01, 3.7410e-03, 
 2DIAGNOSTIC,    18, -9.358951366096e-01, 2.496532817297e-03, 7.9204e-01, 3.5999e-03, 
 2DIAGNOSTIC,    19, -9.364731364639e-01, 1.957151015257e-03, 7.9565e-01, 3.6049e-03, 
 2DIAGNOSTIC,    20, -9.371035498168e-01, 1.355869786038e-03, 7.9952e-01, 3.8760e-03, 
 2DIAGNOSTIC,    21, -9.377176161831e-01, 8.595288427003e-04, 8.0373e-01, 4.2071e-03, 
 2DIAGNOSTIC,    22, -9.382842342783e-01, 5.237836324969e-04, 8.0880e-01, 5.0700e-03, 
 2DIAGNOSTIC,    23, -9.382500208952e-01, 3.235146337280e-04, 8.1314e-01, 4.3392e-03, 
 2DIAGNOSTIC,    24, -9.385533234862e-01, 2.196590453182e-04, 8.1779e-01, 4.6539e-03, 
 2DIAGNOSTIC,    25, -9.384228937046e-01, 1.677626139860e-04, 8.2204e-01, 4.2441e-03, 
 2DIAGNOSTIC,    26, -9.385530731900e-01, 1.158138456711e-04, 8.2637e-01, 4.3349e-03, 
 2DIAGNOSTIC,    27, -9.383086306369e-01, 6.741880048988e-05, 8.3027e-01, 3.8979e-03, 
 2DIAGNOSTIC,    28, -9.383677211253e-01, 4.312240402686e-05, 8.3452e-01, 4.2529e-03, 
 2DIAGNOSTIC,    29, -9.382680276384e-01, 2.185196870408e-05, 8.3831e-01, 3.7818e-03, 
 2DIAGNOSTIC,    30, -9.381740171028e-01, 5.736768360756e-06, 8.4256e-01, 4.2520e-03, 
DIAGNOSTIC,Iteration,metricValue,convergenceValue,ITERATION_TIME_INDEX,SINCE_LAST
 2DIAGNOSTIC,     1, -7.502952880374e-01, 1.797693134862e+308, 1.5473e+00, 7.0478e-01, 
 2DIAGNOSTIC,     2, -7.507525808904e-01, 1.797693134862e+308, 1.5748e+00, 2.7484e-02, 
 2DIAGNOSTIC,     3, -7.511237968795e-01, 1.797693134862e+308, 1.5993e+00, 2.4501e-02, 
 2DIAGNOSTIC,     4, -7.515874850839e-01, 1.797693134862e+308, 1.6226e+00, 2.3319e-02, 
 2DIAGNOSTIC,     5, -7.523629334713e-01, 1.797693134862e+308, 1.6471e+00, 2.4419e-02, 
 2DIAGNOSTIC,     6, -7.536572831849e-01, 1.797693134862e+308, 1.6745e+00, 2.7464e-02, 
 2DIAGNOSTIC,     7, -7.545078231614e-01, 1.797693134862e+308, 1.7257e+00, 5.1167e-02, 
 2DIAGNOSTIC,     8, -7.545085951813e-01, 1.797693134862e+308, 1.7490e+00, 2.3295e-02, 
 2DIAGNOSTIC,     9, -7.545116241400e-01, 1.797693134862e+308, 1.7754e+00, 2.6442e-02, 
 2DIAGNOSTIC,    10, -7.545168664421e-01, 4.358200593169e-04, 1.7991e+00, 2.3678e-02, 
 2DIAGNOSTIC,    11, -7.545107995201e-01, 3.432233957828e-04, 1.8264e+00, 2.7251e-02, 
 2DIAGNOSTIC,    12, -7.545221992622e-01, 2.499630467878e-04, 1.8520e+00, 2.5627e-02, 
 2DIAGNOSTIC,    13, -7.545154508357e-01, 1.597245808790e-04, 1.8753e+00, 2.3301e-02, 
 2DIAGNOSTIC,    14, -7.545134043380e-01, 8.075601069038e-05, 1.9012e+00, 2.5922e-02, 
 2DIAGNOSTIC,    15, -7.545237891474e-01, 2.425953012984e-05, 1.9252e+00, 2.3965e-02, 
 2DIAGNOSTIC,    16, -7.545404694367e-01, 3.131868709413e-06, 1.9564e+00, 3.1265e-02, 
 2DIAGNOSTIC,    17, -7.545490244306e-01, 3.439857199250e-06, 1.9793e+00, 2.2864e-02, 
 2DIAGNOSTIC,    18, -7.545480766619e-01, 3.566939105158e-06, 2.0025e+00, 2.3211e-02, 
 2DIAGNOSTIC,    19, -7.545837642346e-01, 4.290168814737e-06, 2.0289e+00, 2.6337e-02, 
 2DIAGNOSTIC,    20, -7.546006576619e-01, 5.098095344852e-06, 2.0577e+00, 2.8817e-02, 
 2DIAGNOSTIC,    21, -7.546014064547e-01, 5.391434269343e-06, 2.0851e+00, 2.7432e-02, 
 2DIAGNOSTIC,    22, -7.546033465963e-01, 5.540333301253e-06, 2.1086e+00, 2.3517e-02, 
 2DIAGNOSTIC,    23, -7.545845805666e-01, 4.883868446978e-06, 2.1361e+00, 2.7460e-02, 
 2DIAGNOSTIC,    24, -7.545744337856e-01, 3.761874377103e-06, 2.1628e+00, 2.6758e-02, 
 2DIAGNOSTIC,    25, -7.545563498983e-01, 2.374169974659e-06, 2.1887e+00, 2.5865e-02, 
 2DIAGNOSTIC,    26, -7.545540431179e-01, 1.203018470362e-06, 2.2153e+00, 2.6637e-02, 
DIAGNOSTIC,Iteration,metricValue,convergenceValue,ITERATION_TIME_INDEX,SINCE_LAST
 2DIAGNOSTIC,     1, -6.417508128931e-01, 1.797693134862e+308, 3.1830e+00, 9.6761e-01, 
 2DIAGNOSTIC,     2, -6.421671415195e-01, 1.797693134862e+308, 3.3769e+00, 1.9392e-01, 
 2DIAGNOSTIC,     3, -6.426313027707e-01, 1.797693134862e+308, 3.5798e+00, 2.0293e-01, 
 2DIAGNOSTIC,     4, -6.431261748175e-01, 1.797693134862e+308, 3.7791e+00, 1.9934e-01, 
 2DIAGNOSTIC,     5, -6.439013848255e-01, 1.797693134862e+308, 3.9716e+00, 1.9242e-01, 
 2DIAGNOSTIC,     6, -6.449051834889e-01, 1.797693134862e+308, 4.2652e+00, 2.9359e-01, 
 2DIAGNOSTIC,     7, -6.449281317913e-01, 1.797693134862e+308, 4.5229e+00, 2.5778e-01, 
 2DIAGNOSTIC,     8, -6.449292856654e-01, 1.797693134862e+308, 4.7374e+00, 2.1446e-01, 
 2DIAGNOSTIC,     9, -6.449205963658e-01, 1.797693134862e+308, 5.0455e+00, 3.0808e-01, 
 2DIAGNOSTIC,    10, -6.449207467813e-01, 3.649866954599e-04, 5.2702e+00, 2.2467e-01, 
 2DIAGNOSTIC,    11, -6.449198079522e-01, 2.635579262641e-04, 5.4855e+00, 2.1536e-01, 
 2DIAGNOSTIC,    12, -6.449167498706e-01, 1.709254071886e-04, 5.7075e+00, 2.2200e-01, 
 2DIAGNOSTIC,    13, -6.449156310649e-01, 9.348004641223e-05, 5.9395e+00, 2.3194e-01, 
 2DIAGNOSTIC,    14, -6.449163196806e-01, 3.415912695026e-05, 6.1495e+00, 2.1006e-01, 
 2DIAGNOSTIC,    15, -6.449153372904e-01, 1.778824948895e-06, 6.3530e+00, 2.0349e-01, 
 2DIAGNOSTIC,    16, -6.449146616770e-01, 1.120307955613e-06, 6.5471e+00, 1.9408e-01, 
 2DIAGNOSTIC,    17, -6.449130879717e-01, 1.172588179131e-06, 6.7839e+00, 2.3686e-01, 
 2DIAGNOSTIC,    18, -6.449121702408e-01, 1.296515334377e-06, 7.0101e+00, 2.2613e-01, 
 2DIAGNOSTIC,    19, -6.449125434156e-01, 1.256402315825e-06, 7.2021e+00, 1.9203e-01, 
 2DIAGNOSTIC,    20, -6.449117449307e-01, 1.243671780539e-06, 7.4200e+00, 2.1791e-01, 
 2DIAGNOSTIC,    21, -6.449121486914e-01, 1.255845809893e-06, 7.6404e+00, 2.2038e-01, 
 2DIAGNOSTIC,    22, -6.449110777302e-01, 1.209264088316e-06, 7.8291e+00, 1.8873e-01, 
 2DIAGNOSTIC,    23, -6.449102505104e-01, 1.151663087791e-06, 8.0215e+00, 1.9242e-01, 
 2DIAGNOSTIC,    24, -6.449098339757e-01, 1.125867309409e-06, 8.2434e+00, 2.2184e-01, 
 2DIAGNOSTIC,    25, -6.449126941555e-01, 1.153738393378e-06, 8.4942e+00, 2.5079e-01, 
 2DIAGNOSTIC,    26, -6.449104087495e-01, 1.139469214130e-06, 8.7214e+00, 2.2723e-01, 
 2DIAGNOSTIC,    27, -6.449079212105e-01, 1.070046662291e-06, 8.9236e+00, 2.0221e-01, 
DIAGNOSTIC,Iteration,metricValue,convergenceValue,ITERATION_TIME_INDEX,SINCE_LAST
 2DIAGNOSTIC,     1, -5.762273957533e-01, 1.797693134862e+308, 1.1450e+01, 2.5261e+00, 
 2DIAGNOSTIC,     2, -5.766706825065e-01, 1.797693134862e+308, 1.3042e+01, 1.5924e+00, 
 2DIAGNOSTIC,     3, -5.771908627941e-01, 1.797693134862e+308, 1.4595e+01, 1.5524e+00, 
 2DIAGNOSTIC,     4, -5.777570335739e-01, 1.797693134862e+308, 1.6119e+01, 1.5249e+00, 
 2DIAGNOSTIC,     5, -5.788173761871e-01, 1.797693134862e+308, 1.7739e+01, 1.6199e+00, 
 2DIAGNOSTIC,     6, -5.799984133921e-01, 1.797693134862e+308, 1.9559e+01, 1.8193e+00, 
 2DIAGNOSTIC,     7, -5.800382262915e-01, 1.797693134862e+308, 2.2159e+01, 2.6005e+00, 
 2DIAGNOSTIC,     8, -5.800372126890e-01, 1.797693134862e+308, 2.4009e+01, 1.8504e+00, 
 2DIAGNOSTIC,     9, -5.800369892063e-01, 1.797693134862e+308, 2.6242e+01, 2.2325e+00, 
 2DIAGNOSTIC,    10, -5.800369518958e-01, 4.947565846969e-04, 2.7763e+01, 1.5212e+00, 
 2DIAGNOSTIC,    11, -5.800369646648e-01, 3.613238581531e-04, 2.9408e+01, 1.6445e+00, 
 2DIAGNOSTIC,    12, -5.800367430871e-01, 2.363351131195e-04, 3.0791e+01, 1.3830e+00, 
 2DIAGNOSTIC,    13, -5.800368320384e-01, 1.297513152921e-04, 3.2609e+01, 1.8180e+00, 
 2DIAGNOSTIC,    14, -5.800366265403e-01, 4.615563399180e-05, 3.4178e+01, 1.5694e+00, 
 2DIAGNOSTIC,    15, -5.800365720052e-01, 3.314245368702e-06, 3.5901e+01, 1.7225e+00, 
 2DIAGNOSTIC,    16, -5.800365586428e-01, 1.912069573992e-06, 3.7613e+01, 1.7125e+00, 
 2DIAGNOSTIC,    17, -5.800361509614e-01, 1.820418809889e-06, 3.9415e+01, 1.8021e+00, 
 2DIAGNOSTIC,    18, -5.800362292621e-01, 1.718857507195e-06, 4.0939e+01, 1.5239e+00, 
 2DIAGNOSTIC,    19, -5.800359848776e-01, 1.620447867785e-06, 4.2469e+01, 1.5296e+00, 
 2DIAGNOSTIC,    20, -5.800359024992e-01, 1.534177086954e-06, 4.3831e+01, 1.3622e+00, 
 2DIAGNOSTIC,    21, -5.800358675112e-01, 1.461189415006e-06, 4.5200e+01, 1.3691e+00, 
 2DIAGNOSTIC,    22, -5.800357616634e-01, 1.392630005793e-06, 4.6730e+01, 1.5295e+00, 
 2DIAGNOSTIC,    23, -5.800358067742e-01, 1.338183420102e-06, 4.8399e+01, 1.6698e+00, 
 2DIAGNOSTIC,    24, -5.800354319938e-01, 1.280669884564e-06, 4.9902e+01, 1.5021e+00, 
 2DIAGNOSTIC,    25, -5.800355251200e-01, 1.233012302336e-06, 5.1579e+01, 1.6778e+00, 
 2DIAGNOSTIC,    26, -5.800354342390e-01, 1.190939842334e-06, 5.2939e+01, 1.3594e+00, 
 2DIAGNOSTIC,    27, -5.800353848508e-01, 1.146720710408e-06, 5.4477e+01, 1.5380e+00, 
 2DIAGNOSTIC,    28, -5.800352277811e-01, 1.107489208341e-06, 5.5938e+01, 1.4608e+00, 
 2DIAGNOSTIC,    29, -5.800354725280e-01, 1.073902462373e-06, 5.7307e+01, 1.3699e+00, 
 2DIAGNOSTIC,    30, -5.800357346782e-01, 1.047604299940e-06, 5.9244e+01, 1.9366e+00, 
 2DIAGNOSTIC,    31, -5.800358507865e-01, 1.025439053289e-06, 6.0965e+01, 1.7207e+00, 
  Elapsed time (stage 0): 6.1857e+01


Total elapsed time: 6.1860e+01
Info [verificarlo]: loaded backend libinterflop_ieee.so
Info [interflop-ieee]: load backend with:
Info [interflop-ieee]: debug = false
Info [interflop-ieee]: debug-binary = false
Info [interflop-ieee]: no-backend-name = false
Info [interflop-ieee]: print-new-line = false
Info [interflop-ieee]: print-subnormal-normalized = false
Info [interflop-ieee]: count-op = false
All_Command_lines_OK
Using double precision for computations.
=============================================================================
The composite transform comprises the following transforms (in order): 
  1. /home/mdugre/scratch/mri-registration-rp/datasets/ds004513/derivatives/mri-registration-rp/0100/antsRegistration-r8-p10/sub-s025/affine_Composite.h5[0] (type = Euler3DTransform)
  2. /home/mdugre/scratch/mri-registration-rp/datasets/ds004513/derivatives/mri-registration-rp/0100/antsRegistration-r8-p10/sub-s025/affine_Composite.h5[1] (type = Euler3DTransform)
  3. /home/mdugre/scratch/mri-registration-rp/datasets/ds004513/derivatives/mri-registration-rp/0100/antsRegistration-r8-p10/sub-s025/affine_Composite.h5[2] (type = Euler3DTransform)
  4. /home/mdugre/scratch/mri-registration-rp/datasets/ds004513/derivatives/mri-registration-rp/0100/antsRegistration-r8-p10/sub-s025/affine_Composite.h5[3] (type = AffineTransform)
=============================================================================
  number of levels = 4
  fixed image: /templateflow/tpl-MNI152NLin2009cAsym/tpl-MNI152NLin2009cAsym_res-01_desc-brain_T1w.nii.gz
  moving image: /home/mdugre/scratch/mri-registration-rp/datasets/ds004513/derivatives/mri-registration-rp/antsBrainExtraction/sub-s025/BrainExtractionBrain.nii.gz
Dimension = 3
Number of stages = 1
Use histogram matching = false
Winsorize image intensities = true
  Lower quantile = 0.005
  Upper quantile = 0.995


Stage 1 State
   Image metric = CC
     Fixed image = Image (0x41a9a40)
  RTTI typeinfo:   itk::Image<double, 3u>
  Reference Count: 2
  Modified Time: 1608
  Debug: Off
  Object Name: 
  Observers: 
    none
  Source: (none)
  Source output name: (none)
  Release Data: Off
  Data Released: False
  Global Release Data: Off
  PipelineMTime: 0
  UpdateMTime: 1217
  RealTimeStamp: 0 seconds 
  LargestPossibleRegion: 
    Dimension: 3
    Index: [0, 0, 0]
    Size: [193, 229, 193]
  BufferedRegion: 
    Dimension: 3
    Index: [0, 0, 0]
    Size: [193, 229, 193]
  RequestedRegion: 
    Dimension: 3
    Index: [0, 0, 0]
    Size: [193, 229, 193]
  Spacing: [1, 1, 1]
  Origin: [96, 132, -78]
  Direction: 
-1 0 0
0 -1 0
0 0 1

  IndexToPointMatrix: 
-1 0 0
0 -1 0
0 0 1

  PointToIndexMatrix: 
-1 0 0
0 -1 0
0 0 1

  Inverse Direction: 
-1 0 0
0 -1 0
0 0 1

  PixelContainer: 
    ImportImageContainer (0x4278780)
      RTTI typeinfo:   itk::ImportImageContainer<unsigned long, double>
      Reference Count: 1
      Modified Time: 1214
      Debug: Off
      Object Name: 
      Observers: 
        none
      Pointer: 0x149b7c3a5010
      Container manages memory: true
      Size: 8530021
      Capacity: 8530021

     Moving image = Image (0x427a390)
  RTTI typeinfo:   itk::Image<double, 3u>
  Reference Count: 2
  Modified Time: 1609
  Debug: Off
  Object Name: 
  Observers: 
    none
  Source: (none)
  Source output name: (none)
  Release Data: Off
  Data Released: False
  Global Release Data: Off
  PipelineMTime: 0
  UpdateMTime: 1606
  RealTimeStamp: 0 seconds 
  LargestPossibleRegion: 
    Dimension: 3
    Index: [0, 0, 0]
    Size: [176, 240, 256]
  BufferedRegion: 
    Dimension: 3
    Index: [0, 0, 0]
    Size: [176, 240, 256]
  RequestedRegion: 
    Dimension: 3
    Index: [0, 0, 0]
    Size: [176, 240, 256]
  Spacing: [0.999999, 1, 1]
  Origin: [90.3778, 84.5091, -154.071]
  Direction: 
-0.999391 7.48184e-06 -0.0348969
-7.47664e-06 -1 -2.7953e-07
-0.0348969 -1.84481e-08 0.999391

  IndexToPointMatrix: 
-0.99939 7.48184e-06 -0.0348969
-7.47663e-06 -1 -2.7953e-07
-0.0348968 -1.84481e-08 0.999391

  PointToIndexMatrix: 
-0.999392 -7.47665e-06 -0.0348969
7.48184e-06 -1 -1.84481e-08
-0.0348969 -2.7953e-07 0.999391

  Inverse Direction: 
-0.999391 -7.47664e-06 -0.0348969
7.48184e-06 -1 -1.84481e-08
-0.0348969 -2.7953e-07 0.999391

  PixelContainer: 
    ImportImageContainer (0x422f6f0)
      RTTI typeinfo:   itk::ImportImageContainer<unsigned long, double>
      Reference Count: 1
      Modified Time: 1603
      Debug: Off
      Object Name: 
      Observers: 
        none
      Pointer: 0x149b77124010
      Container manages memory: true
      Size: 10813440
      Capacity: 10813440

     Weighting = 1
     Sampling strategy = none
     Number of bins = 32
     Radius = 4
     Sampling percentage  = 1
   Transform = SyN
     Gradient step = 0.1
     Update field sigma (voxel space) = 3
     Total field sigma (voxel space) = 0
     Update field time sigma = 0
     Total field time sigma  = 0
     Number of time indices = 0
     Number of time point samples = 0
Registration using 1 total stages.

Stage 0
  iterations = 100x70x50x20
  convergence threshold = 1e-06
  convergence window size = 10
  number of levels = 4
  using the CC metric (radius = 4, weight = 1, use gradient filter = 0)
  preprocessing:  winsorizing the image intensities
  Shrink factors (level 1 out of 4): [8, 8, 8]
  Shrink factors (level 2 out of 4): [4, 4, 4]
  Shrink factors (level 3 out of 4): [2, 2, 2]
  Shrink factors (level 4 out of 4): [1, 1, 1]
  smoothing sigmas per level: [3, 2, 1, 0]
  Using default NONE metricSamplingStrategy 

*** Running SyN registration (varianceForUpdateField = 3, varianceForTotalField = 0) ***

XXDIAGNOSTIC,Iteration,metricValue,convergenceValue,ITERATION_TIME_INDEX,SINCE_LAST
 1DIAGNOSTIC,     1, -9.075487678458e-01, 1.797693134862e+308, 1.0182e+00, 1.0182e+00, 
 1DIAGNOSTIC,     2, -9.181623979615e-01, 1.797693134862e+308, 1.2722e+00, 2.5399e-01, 
 1DIAGNOSTIC,     3, -9.266863628555e-01, 1.797693134862e+308, 1.5216e+00, 2.4939e-01, 
 1DIAGNOSTIC,     4, -9.332196326934e-01, 1.797693134862e+308, 1.7701e+00, 2.4854e-01, 
 1DIAGNOSTIC,     5, -9.380016335998e-01, 1.797693134862e+308, 2.0207e+00, 2.5062e-01, 
 1DIAGNOSTIC,     6, -9.413280381285e-01, 1.797693134862e+308, 2.2674e+00, 2.4663e-01, 
 1DIAGNOSTIC,     7, -9.444364212056e-01, 1.797693134862e+308, 2.5208e+00, 2.5343e-01, 
 1DIAGNOSTIC,     8, -9.477260255136e-01, 1.797693134862e+308, 2.7745e+00, 2.5365e-01, 
 1DIAGNOSTIC,     9, -9.511118778476e-01, 1.797693134862e+308, 3.0288e+00, 2.5438e-01, 
