
##########################
# Experiment information #
##########################

EXPERIMENT_NAME: antsRegistration-r8-p11
VFC_BACKENDS: libinterflop_vprec.so --range-binary32=8 --precision-binary32=11 --range-binary64=8 --precision-binary64=11

SIF_IMG: /home/mdugre/projects/rrg-glatard/mdugre/containers/ants-vprec-no_metrics.simg

SUBJECT_ID: s025
INPUT_IMG: /home/mdugre/scratch/mri-registration-rp/datasets/ds004513/derivatives/mri-registration-rp/antsBrainExtraction/sub-s025/BrainExtractionBrain.nii.gz
OUTPUT_DIR: /home/mdugre/scratch/mri-registration-rp/datasets/ds004513/derivatives/mri-registration-rp/0100/antsRegistration-r8-p11/sub-s025

FIXED_IMG: /templateflow/tpl-MNI152NLin2009cAsym/tpl-MNI152NLin2009cAsym_res-01_desc-brain_T1w.nii.gz
DATA_DIR: /home/mdugre/scratch/mri-registration-rp/datasets/ds004513
TEMPLATEFLOW_DIR: /home/mdugre/projects/rrg-glatard/mdugre/templateflow
ITK_GLOBAL_DEFAULT_NUMBER_OF_THREADS: 16
##########################

Info [verificarlo]: loaded backend libinterflop_ieee.so
Info [interflop-ieee]: load backend with:
Info [interflop-ieee]: debug = false
Info [interflop-ieee]: debug-binary = false
Info [interflop-ieee]: no-backend-name = false
Info [interflop-ieee]: print-new-line = false
Info [interflop-ieee]: print-subnormal-normalized = false
Info [interflop-ieee]: count-op = false
All_Command_lines_OK
Using double precision for computations.
=============================================================================
The composite transform comprises the following transforms (in order): 
  1. Center of mass alignment using fixed image: /templateflow/tpl-MNI152NLin2009cAsym/tpl-MNI152NLin2009cAsym_res-01_desc-brain_T1w.nii.gz and moving image: /home/mdugre/scratch/mri-registration-rp/datasets/ds004513/derivatives/mri-registration-rp/antsBrainExtraction/sub-s025/BrainExtractionBrain.nii.gz (type = Euler3DTransform)
=============================================================================
  number of levels = 1
  fixed image: /templateflow/tpl-MNI152NLin2009cAsym/tpl-MNI152NLin2009cAsym_res-01_desc-brain_T1w.nii.gz
  moving image: /home/mdugre/scratch/mri-registration-rp/datasets/ds004513/derivatives/mri-registration-rp/antsBrainExtraction/sub-s025/BrainExtractionBrain.nii.gz
Dimension = 3
Number of stages = 1
Use histogram matching = false
Winsorize image intensities = true
  Lower quantile = 0.005
  Upper quantile = 0.995


Stage 1 State
   Image metric = MattesMI
     Fixed image = Image (0x4cd1e70)
  RTTI typeinfo:   itk::Image<double, 3u>
  Reference Count: 2
  Modified Time: 2334
  Debug: Off
  Object Name: 
  Observers: 
    none
  Source: (none)
  Source output name: (none)
  Release Data: Off
  Data Released: False
  Global Release Data: Off
  PipelineMTime: 0
  UpdateMTime: 1943
  RealTimeStamp: 0 seconds 
  LargestPossibleRegion: 
    Dimension: 3
    Index: [0, 0, 0]
    Size: [193, 229, 193]
  BufferedRegion: 
    Dimension: 3
    Index: [0, 0, 0]
    Size: [193, 229, 193]
  RequestedRegion: 
    Dimension: 3
    Index: [0, 0, 0]
    Size: [193, 229, 193]
  Spacing: [1, 1, 1]
  Origin: [96, 132, -78]
  Direction: 
-1 0 0
0 -1 0
0 0 1

  IndexToPointMatrix: 
-1 0 0
0 -1 0
0 0 1

  PointToIndexMatrix: 
-1 0 0
0 -1 0
0 0 1

  Inverse Direction: 
-1 0 0
0 -1 0
0 0 1

  PixelContainer: 
    ImportImageContainer (0x4cdac60)
      RTTI typeinfo:   itk::ImportImageContainer<unsigned long, double>
      Reference Count: 1
      Modified Time: 1940
      Debug: Off
      Object Name: 
      Observers: 
        none
      Pointer: 0x14ca90456010
      Container manages memory: true
      Size: 8530021
      Capacity: 8530021

     Moving image = Image (0x4cdd610)
  RTTI typeinfo:   itk::Image<double, 3u>
  Reference Count: 2
  Modified Time: 2335
  Debug: Off
  Object Name: 
  Observers: 
    none
  Source: (none)
  Source output name: (none)
  Release Data: Off
  Data Released: False
  Global Release Data: Off
  PipelineMTime: 0
  UpdateMTime: 2332
  RealTimeStamp: 0 seconds 
  LargestPossibleRegion: 
    Dimension: 3
    Index: [0, 0, 0]
    Size: [176, 240, 256]
  BufferedRegion: 
    Dimension: 3
    Index: [0, 0, 0]
    Size: [176, 240, 256]
  RequestedRegion: 
    Dimension: 3
    Index: [0, 0, 0]
    Size: [176, 240, 256]
  Spacing: [0.999999, 1, 1]
  Origin: [90.3778, 84.5091, -154.071]
  Direction: 
-0.999391 7.48184e-06 -0.0348969
-7.47664e-06 -1 -2.7953e-07
-0.0348969 -1.84481e-08 0.999391

  IndexToPointMatrix: 
-0.99939 7.48184e-06 -0.0348969
-7.47663e-06 -1 -2.7953e-07
-0.0348968 -1.84481e-08 0.999391

  PointToIndexMatrix: 
-0.999392 -7.47665e-06 -0.0348969
7.48184e-06 -1 -1.84481e-08
-0.0348969 -2.7953e-07 0.999391

  Inverse Direction: 
-0.999391 -7.47664e-06 -0.0348969
7.48184e-06 -1 -1.84481e-08
-0.0348969 -2.7953e-07 0.999391

  PixelContainer: 
    ImportImageContainer (0x4d76ef0)
      RTTI typeinfo:   itk::ImportImageContainer<unsigned long, double>
      Reference Count: 1
      Modified Time: 2329
      Debug: Off
      Object Name: 
      Observers: 
        none
      Pointer: 0x14ca8b1d5010
      Container manages memory: true
      Size: 10813440
      Capacity: 10813440

     Weighting = 1
     Sampling strategy = regular
     Number of bins = 32
     Radius = 4
     Sampling percentage  = 0.25
   Transform = Rigid
     Gradient step = 0.1
     Update field sigma (voxel space) = 0
     Total field sigma (voxel space) = 0
     Update field time sigma = 0
     Total field time sigma  = 0
     Number of time indices = 0
     Number of time point samples = 0
Registration using 1 total stages.

Stage 0
  iterations = 0
  convergence threshold = 1e-06
  convergence window size = 10
  number of levels = 1
  using the Mattes MI metric (number of bins = 32, weight = 1, use gradient filter = 0)
  preprocessing:  winsorizing the image intensities
  Shrink factors (level 1 out of 1): [1, 1, 1]
  smoothing sigmas per level: [0]
  regular sampling (percentage = 0.25)

*** Running Euler3DTransform registration ***

  Elapsed time (stage 0): 1.12171


Total elapsed time: 1.1239
Info [verificarlo]: loaded backend libinterflop_vprec.so
Info [interflop-vprec]: load backend with: 
Info [interflop-vprec]: precision-binary32 = 11
Info [interflop-vprec]: range-binary32 = 8
Info [interflop-vprec]: precision-binary64 = 11
Info [interflop-vprec]: range-binary64 = 8
Info [interflop-vprec]: mode = ob
Info [interflop-vprec]: error-mode = rel
Info [interflop-vprec]: max-abs-error-exponent = -1022
Info [interflop-vprec]: daz = false
Info [interflop-vprec]: ftz = false
Info [interflop-vprec]: 	instrument = none
Info [interflop-vprec]: 	prec-input-file = (null)
Info [interflop-vprec]: 	prec-output-file = (null)
Info [interflop-vprec]: 	prec-log-file = (null)
All_Command_lines_OK
Using double precision for computations.
=============================================================================
The composite transform comprises the following transforms (in order): 
  1. /home/mdugre/scratch/mri-registration-rp/datasets/ds004513/derivatives/mri-registration-rp/0100/antsRegistration-r8-p11/sub-s025/align_Composite.h5[0] (type = Euler3DTransform)
  2. /home/mdugre/scratch/mri-registration-rp/datasets/ds004513/derivatives/mri-registration-rp/0100/antsRegistration-r8-p11/sub-s025/align_Composite.h5[1] (type = Euler3DTransform)
=============================================================================
  number of levels = 4
  fixed image: /templateflow/tpl-MNI152NLin2009cAsym/tpl-MNI152NLin2009cAsym_res-01_desc-brain_T1w.nii.gz
  moving image: /home/mdugre/scratch/mri-registration-rp/datasets/ds004513/derivatives/mri-registration-rp/antsBrainExtraction/sub-s025/BrainExtractionBrain.nii.gz
Dimension = 3
Number of stages = 1
Use histogram matching = false
Winsorize image intensities = true
  Lower quantile = 0.005
  Upper quantile = 0.995


Stage 1 State
   Image metric = MattesMI
     Fixed image = Image (0x4d721e0)
  RTTI typeinfo:   itk::Image<double, 3u>
  Reference Count: 2
  Modified Time: 1578
  Debug: Off
  Object Name: 
  Observers: 
    none
  Source: (none)
  Source output name: (none)
  Release Data: Off
  Data Released: False
  Global Release Data: Off
  PipelineMTime: 0
  UpdateMTime: 1189
  RealTimeStamp: 0 seconds 
  LargestPossibleRegion: 
    Dimension: 3
    Index: [0, 0, 0]
    Size: [193, 229, 193]
  BufferedRegion: 
    Dimension: 3
    Index: [0, 0, 0]
    Size: [193, 229, 193]
  RequestedRegion: 
    Dimension: 3
    Index: [0, 0, 0]
    Size: [193, 229, 193]
  Spacing: [1, 1, 1]
  Origin: [96, 132, -78]
  Direction: 
-1 0 0
0 -1 0
0 0 1

  IndexToPointMatrix: 
-1 0 0
0 -1 0
0 0 1

  PointToIndexMatrix: 
-1 0 0
0 -1 0
0 0 1

  Inverse Direction: 
-1 0 0
0 -1 0
0 0 1

  PixelContainer: 
    ImportImageContainer (0x4e31680)
      RTTI typeinfo:   itk::ImportImageContainer<unsigned long, double>
      Reference Count: 1
      Modified Time: 1186
      Debug: Off
      Object Name: 
      Observers: 
        none
      Pointer: 0x14ac4b6d2010
      Container manages memory: true
      Size: 8530021
      Capacity: 8530021

     Moving image = Image (0x4e2db20)
  RTTI typeinfo:   itk::Image<double, 3u>
  Reference Count: 2
  Modified Time: 1579
  Debug: Off
  Object Name: 
  Observers: 
    none
  Source: (none)
  Source output name: (none)
  Release Data: Off
  Data Released: False
  Global Release Data: Off
  PipelineMTime: 0
  UpdateMTime: 1576
  RealTimeStamp: 0 seconds 
  LargestPossibleRegion: 
    Dimension: 3
    Index: [0, 0, 0]
    Size: [176, 240, 256]
  BufferedRegion: 
    Dimension: 3
    Index: [0, 0, 0]
    Size: [176, 240, 256]
  RequestedRegion: 
    Dimension: 3
    Index: [0, 0, 0]
    Size: [176, 240, 256]
  Spacing: [1, 1, 1]
  Origin: [90.375, 84.5, -154.062]
  Direction: 
-0.999512 7.48038e-06 -0.0348969
-7.47666e-06 -1 -2.7963e-07
-0.0348969 -1.84518e-08 0.999512

  IndexToPointMatrix: 
-0.999512 7.48038e-06 -0.0348969
-7.47666e-06 -1 -2.7963e-07
-0.0348969 -1.84518e-08 0.999512

  PointToIndexMatrix: 
-0.999512 -7.47666e-06 -0.0348969
7.47666e-06 -1 1.30502e-07
-0.0348969 -1.30502e-07 0.999512

  Inverse Direction: 
-0.999512 -7.47666e-06 -0.0348969
7.47666e-06 -1 1.30502e-07
-0.0348969 -1.30502e-07 0.999512

  PixelContainer: 
    ImportImageContainer (0x4e96d50)
      RTTI typeinfo:   itk::ImportImageContainer<unsigned long, double>
      Reference Count: 1
      Modified Time: 1573
      Debug: Off
      Object Name: 
      Observers: 
        none
      Pointer: 0x14ac46451010
      Container manages memory: true
      Size: 10813440
      Capacity: 10813440

     Weighting = 1
     Sampling strategy = regular
     Number of bins = 32
     Radius = 4
     Sampling percentage  = 0.25
   Transform = Rigid
     Gradient step = 0.1
     Update field sigma (voxel space) = 0
     Total field sigma (voxel space) = 0
     Update field time sigma = 0
     Total field time sigma  = 0
     Number of time indices = 0
     Number of time point samples = 0
Registration using 1 total stages.

Stage 0
  iterations = 1000x500x250x100
  convergence threshold = 1e-06
  convergence window size = 10
  number of levels = 4
  using the Mattes MI metric (number of bins = 32, weight = 1, use gradient filter = 0)
  preprocessing:  winsorizing the image intensities
  Shrink factors (level 1 out of 4): [8, 8, 8]
  Shrink factors (level 2 out of 4): [4, 4, 4]
  Shrink factors (level 3 out of 4): [2, 2, 2]
  Shrink factors (level 4 out of 4): [1, 1, 1]
  smoothing sigmas per level: [3, 2, 1, 0]
  regular sampling (percentage = 0.25)

*** Running Euler3DTransform registration ***

DIAGNOSTIC,Iteration,metricValue,convergenceValue,ITERATION_TIME_INDEX,SINCE_LAST
 2DIAGNOSTIC,     1, -5.318590567627e-01, 1.797693134862e+308, 0.0000e+00, 0.0000e+00, 
 2DIAGNOSTIC,     2, -5.324648132658e-01, 1.797693134862e+308, 0.0000e+00, 0.0000e+00, 
 2DIAGNOSTIC,     3, -5.334995203014e-01, 1.797693134862e+308, 0.0000e+00, 0.0000e+00, 
 2DIAGNOSTIC,     4, -5.348868267282e-01, 1.797693134862e+308, 0.0000e+00, 0.0000e+00, 
 2DIAGNOSTIC,     5, -5.375296622247e-01, 1.797693134862e+308, 0.0000e+00, 0.0000e+00, 
 2DIAGNOSTIC,     6, -5.407012304925e-01, 1.797693134862e+308, 0.0000e+00, 0.0000e+00, 
 2DIAGNOSTIC,     7, -5.447388383449e-01, 1.797693134862e+308, 0.0000e+00, 0.0000e+00, 
 2DIAGNOSTIC,     8, -5.640394573345e-01, 1.797693134862e+308, 0.0000e+00, 0.0000e+00, 
 2DIAGNOSTIC,     9, -5.783148894287e-01, 1.797693134862e+308, 0.0000e+00, 0.0000e+00, 
 2DIAGNOSTIC,    10, -7.129568082602e-01, 1.254630337683e-02, 0.0000e+00, 0.0000e+00, 
 2DIAGNOSTIC,    11, -7.475711435785e-01, 1.856560937315e-02, 0.0000e+00, 0.0000e+00, 
 2DIAGNOSTIC,    12, -7.476621319517e-01, 2.175098765138e-02, 0.0000e+00, 0.0000e+00, 
 2DIAGNOSTIC,    13, -7.473704958384e-01, 2.251437208594e-02, 0.0000e+00, 0.0000e+00, 
 2DIAGNOSTIC,    14, -7.474349390186e-01, 2.117525932702e-02, 0.0000e+00, 0.0000e+00, 
 2DIAGNOSTIC,    15, -7.472135203338e-01, 1.815139366979e-02, 0.0000e+00, 0.0000e+00, 
 2DIAGNOSTIC,    16, -7.471943297110e-01, 1.399923971891e-02, 0.0000e+00, 0.0000e+00, 
 2DIAGNOSTIC,    17, -7.471865114378e-01, 9.294282371806e-03, 0.0000e+00, 0.0000e+00, 
 2DIAGNOSTIC,    18, -7.471562110561e-01, 4.861735904784e-03, 0.0000e+00, 0.0000e+00, 
 2DIAGNOSTIC,    19, -7.471377636515e-01, 7.685723205204e-04, 0.0000e+00, 0.0000e+00, 
DIAGNOSTIC,Iteration,metricValue,convergenceValue,ITERATION_TIME_INDEX,SINCE_LAST
 2DIAGNOSTIC,     1, -6.144299320849e-01, 1.797693134862e+308, 0.0000e+00, 0.0000e+00, 
 2DIAGNOSTIC,     2, -6.144812850665e-01, 1.797693134862e+308, 0.0000e+00, 0.0000e+00, 
 2DIAGNOSTIC,     3, -6.146122818719e-01, 1.797693134862e+308, 0.0000e+00, 0.0000e+00, 
 2DIAGNOSTIC,     4, -6.146204294577e-01, 1.797693134862e+308, 0.0000e+00, 0.0000e+00, 
 2DIAGNOSTIC,     5, -6.146079790066e-01, 1.797693134862e+308, 0.0000e+00, 0.0000e+00, 
 2DIAGNOSTIC,     6, -6.146079790066e-01, 1.797693134862e+308, 0.0000e+00, 0.0000e+00, 
 2DIAGNOSTIC,     7, -6.146079790066e-01, 1.797693134862e+308, 0.0000e+00, 0.0000e+00, 
 2DIAGNOSTIC,     8, -6.145455115081e-01, 1.797693134862e+308, 0.0000e+00, 0.0000e+00, 
 2DIAGNOSTIC,     9, -6.145455115081e-01, 1.797693134862e+308, 0.0000e+00, 0.0000e+00, 
 2DIAGNOSTIC,    10, -6.145455115081e-01, 5.508692399459e-06, 0.0000e+00, 0.0000e+00, 
DIAGNOSTIC,Iteration,metricValue,convergenceValue,ITERATION_TIME_INDEX,SINCE_LAST
 2DIAGNOSTIC,     1, -5.274755643666e-01, 1.797693134862e+308, 0.0000e+00, 0.0000e+00, 
 2DIAGNOSTIC,     2, -5.274087190292e-01, 1.797693134862e+308, 0.0000e+00, 0.0000e+00, 
 2DIAGNOSTIC,     3, -5.274497023819e-01, 1.797693134862e+308, 0.0000e+00, 0.0000e+00, 
 2DIAGNOSTIC,     4, -5.274649416135e-01, 1.797693134862e+308, 0.0000e+00, 0.0000e+00, 
 2DIAGNOSTIC,     5, -5.275130452040e-01, 1.797693134862e+308, 0.0000e+00, 0.0000e+00, 
 2DIAGNOSTIC,     6, -5.275793063451e-01, 1.797693134862e+308, 0.0000e+00, 0.0000e+00, 
 2DIAGNOSTIC,     7, -5.276932099346e-01, 1.797693134862e+308, 0.0000e+00, 0.0000e+00, 
 2DIAGNOSTIC,     8, -5.280345140362e-01, 1.797693134862e+308, 0.0000e+00, 0.0000e+00, 
 2DIAGNOSTIC,     9, -5.284276485596e-01, 1.797693134862e+308, 0.0000e+00, 0.0000e+00, 
 2DIAGNOSTIC,    10, -5.289583522051e-01, 1.562081656629e-04, 0.0000e+00, 0.0000e+00, 
 2DIAGNOSTIC,    11, -5.299595686804e-01, 2.352129362218e-04, 0.0000e+00, 0.0000e+00, 
 2DIAGNOSTIC,    12, -5.308612437031e-01, 3.164349007120e-04, 0.0000e+00, 0.0000e+00, 
 2DIAGNOSTIC,    13, -5.322618021446e-01, 4.156143772959e-04, 0.0000e+00, 0.0000e+00, 
 2DIAGNOSTIC,    14, -5.335423604244e-01, 5.116274905392e-04, 0.0000e+00, 0.0000e+00, 
 2DIAGNOSTIC,    15, -5.344421537105e-01, 5.814137348219e-04, 0.0000e+00, 0.0000e+00, 
 2DIAGNOSTIC,    16, -5.349368825714e-01, 6.078070785472e-04, 0.0000e+00, 0.0000e+00, 
 2DIAGNOSTIC,    17, -5.352628295253e-01, 5.889036217893e-04, 0.0000e+00, 0.0000e+00, 
 2DIAGNOSTIC,    18, -5.351200543233e-01, 5.233949422718e-04, 0.0000e+00, 0.0000e+00, 
 2DIAGNOSTIC,    19, -5.351585215800e-01, 4.284579644119e-04, 0.0000e+00, 0.0000e+00, 
 2DIAGNOSTIC,    20, -5.354783825369e-01, 3.256756523651e-04, 0.0000e+00, 0.0000e+00, 
 2DIAGNOSTIC,    21, -5.357865557308e-01, 2.354981269091e-04, 0.0000e+00, 0.0000e+00, 
 2DIAGNOSTIC,    22, -5.358554935529e-01, 1.546968263659e-04, 0.0000e+00, 0.0000e+00, 
 2DIAGNOSTIC,    23, -5.356246118309e-01, 9.348504494303e-05, 0.0000e+00, 0.0000e+00, 
 2DIAGNOSTIC,    24, -5.358136574268e-01, 6.131330841683e-05, 0.0000e+00, 0.0000e+00, 
 2DIAGNOSTIC,    25, -5.356584192181e-01, 4.133197775514e-05, 0.0000e+00, 0.0000e+00, 
 2DIAGNOSTIC,    26, -5.358954824560e-01, 3.375825237459e-05, 0.0000e+00, 0.0000e+00, 
 2DIAGNOSTIC,    27, -5.360704927633e-01, 3.353447661245e-05, 0.0000e+00, 0.0000e+00, 
 2DIAGNOSTIC,    28, -5.361288439594e-01, 2.867146027579e-05, 0.0000e+00, 0.0000e+00, 
 2DIAGNOSTIC,    29, -5.361101080406e-01, 2.176905236062e-05, 0.0000e+00, 0.0000e+00, 
 2DIAGNOSTIC,    30, -5.361891948648e-01, 2.025257317030e-05, 0.0000e+00, 0.0000e+00, 
 2DIAGNOSTIC,    31, -5.361258968465e-01, 2.100656773345e-05, 0.0000e+00, 0.0000e+00, 
 2DIAGNOSTIC,    32, -5.360477805203e-01, 1.964959691494e-05, 0.0000e+00, 0.0000e+00, 
 2DIAGNOSTIC,    33, -5.360620596220e-01, 1.297523183132e-05, 0.0000e+00, 0.0000e+00, 
 2DIAGNOSTIC,    34, -5.361054423404e-01, 9.229109047194e-06, 0.0000e+00, 0.0000e+00, 
 2DIAGNOSTIC,    35, -5.360899571138e-01, 2.112457499630e-06, 0.0000e+00, 0.0000e+00, 
DIAGNOSTIC,Iteration,metricValue,convergenceValue,ITERATION_TIME_INDEX,SINCE_LAST
 2DIAGNOSTIC,     1, -4.900008343556e-01, 1.797693134862e+308, 0.0000e+00, 0.0000e+00, 
 2DIAGNOSTIC,     2, -4.900242149540e-01, 1.797693134862e+308, 0.0000e+00, 0.0000e+00, 
 2DIAGNOSTIC,     3, -4.899340174296e-01, 1.797693134862e+308, 0.0000e+00, 0.0000e+00, 
 2DIAGNOSTIC,     4, -4.899472337357e-01, 1.797693134862e+308, 0.0000e+00, 0.0000e+00, 
 2DIAGNOSTIC,     5, -4.899497421975e-01, 1.797693134862e+308, 0.0000e+00, 0.0000e+00, 
 2DIAGNOSTIC,     6, -4.899453478020e-01, 1.797693134862e+308, 0.0000e+00, 0.0000e+00, 
 2DIAGNOSTIC,     7, -4.899453447788e-01, 1.797693134862e+308, 0.0000e+00, 0.0000e+00, 
 2DIAGNOSTIC,     8, -4.899433193663e-01, 1.797693134862e+308, 0.0000e+00, 0.0000e+00, 
 2DIAGNOSTIC,     9, -4.899419437817e-01, 1.797693134862e+308, 0.0000e+00, 0.0000e+00, 
  Elapsed time (stage 0): 0.0000e+00


Total elapsed time: 0.0000e+00
Info [verificarlo]: loaded backend libinterflop_ieee.so
Info [interflop-ieee]: load backend with:
Info [interflop-ieee]: debug = false
Info [interflop-ieee]: debug-binary = false
Info [interflop-ieee]: no-backend-name = false
Info [interflop-ieee]: print-new-line = false
Info [interflop-ieee]: print-subnormal-normalized = false
Info [interflop-ieee]: count-op = false
All_Command_lines_OK
Using double precision for computations.
=============================================================================
The composite transform comprises the following transforms (in order): 
  1. /home/mdugre/scratch/mri-registration-rp/datasets/ds004513/derivatives/mri-registration-rp/0100/antsRegistration-r8-p11/sub-s025/rigid_Composite.h5[0] (type = Euler3DTransform)
  2. /home/mdugre/scratch/mri-registration-rp/datasets/ds004513/derivatives/mri-registration-rp/0100/antsRegistration-r8-p11/sub-s025/rigid_Composite.h5[1] (type = Euler3DTransform)
  3. /home/mdugre/scratch/mri-registration-rp/datasets/ds004513/derivatives/mri-registration-rp/0100/antsRegistration-r8-p11/sub-s025/rigid_Composite.h5[2] (type = Euler3DTransform)
=============================================================================
  number of levels = 4
  fixed image: /templateflow/tpl-MNI152NLin2009cAsym/tpl-MNI152NLin2009cAsym_res-01_desc-brain_T1w.nii.gz
  moving image: /home/mdugre/scratch/mri-registration-rp/datasets/ds004513/derivatives/mri-registration-rp/antsBrainExtraction/sub-s025/BrainExtractionBrain.nii.gz
Dimension = 3
Number of stages = 1
Use histogram matching = false
Winsorize image intensities = true
  Lower quantile = 0.005
  Upper quantile = 0.995


Stage 1 State
   Image metric = MattesMI
     Fixed image = Image (0x50887e0)
  RTTI typeinfo:   itk::Image<double, 3u>
  Reference Count: 2
  Modified Time: 1594
  Debug: Off
  Object Name: 
  Observers: 
    none
  Source: (none)
  Source output name: (none)
  Release Data: Off
  Data Released: False
  Global Release Data: Off
  PipelineMTime: 0
  UpdateMTime: 1203
  RealTimeStamp: 0 seconds 
  LargestPossibleRegion: 
    Dimension: 3
    Index: [0, 0, 0]
    Size: [193, 229, 193]
  BufferedRegion: 
    Dimension: 3
    Index: [0, 0, 0]
    Size: [193, 229, 193]
  RequestedRegion: 
    Dimension: 3
    Index: [0, 0, 0]
    Size: [193, 229, 193]
  Spacing: [1, 1, 1]
  Origin: [96, 132, -78]
  Direction: 
-1 0 0
0 -1 0
0 0 1

  IndexToPointMatrix: 
-1 0 0
0 -1 0
0 0 1

  PointToIndexMatrix: 
-1 0 0
0 -1 0
0 0 1

  Inverse Direction: 
-1 0 0
0 -1 0
0 0 1

  PixelContainer: 
    ImportImageContainer (0x5148a20)
      RTTI typeinfo:   itk::ImportImageContainer<unsigned long, double>
      Reference Count: 1
      Modified Time: 1200
      Debug: Off
      Object Name: 
      Observers: 
        none
      Pointer: 0x1466f790e010
      Container manages memory: true
      Size: 8530021
      Capacity: 8530021

     Moving image = Image (0x50fde20)
  RTTI typeinfo:   itk::Image<double, 3u>
  Reference Count: 2
  Modified Time: 1595
  Debug: Off
  Object Name: 
  Observers: 
    none
  Source: (none)
  Source output name: (none)
  Release Data: Off
  Data Released: False
  Global Release Data: Off
  PipelineMTime: 0
  UpdateMTime: 1592
  RealTimeStamp: 0 seconds 
  LargestPossibleRegion: 
    Dimension: 3
    Index: [0, 0, 0]
    Size: [176, 240, 256]
  BufferedRegion: 
    Dimension: 3
    Index: [0, 0, 0]
    Size: [176, 240, 256]
  RequestedRegion: 
    Dimension: 3
    Index: [0, 0, 0]
    Size: [176, 240, 256]
  Spacing: [0.999999, 1, 1]
  Origin: [90.3778, 84.5091, -154.071]
  Direction: 
-0.999391 7.48184e-06 -0.0348969
-7.47664e-06 -1 -2.7953e-07
-0.0348969 -1.84481e-08 0.999391

  IndexToPointMatrix: 
-0.99939 7.48184e-06 -0.0348969
-7.47663e-06 -1 -2.7953e-07
-0.0348968 -1.84481e-08 0.999391

  PointToIndexMatrix: 
-0.999392 -7.47665e-06 -0.0348969
7.48184e-06 -1 -1.84481e-08
-0.0348969 -2.7953e-07 0.999391

  Inverse Direction: 
-0.999391 -7.47664e-06 -0.0348969
7.48184e-06 -1 -1.84481e-08
-0.0348969 -2.7953e-07 0.999391

  PixelContainer: 
    ImportImageContainer (0x5197550)
      RTTI typeinfo:   itk::ImportImageContainer<unsigned long, double>
      Reference Count: 1
      Modified Time: 1589
      Debug: Off
      Object Name: 
      Observers: 
        none
      Pointer: 0x1466f268d010
      Container manages memory: true
      Size: 10813440
      Capacity: 10813440

     Weighting = 1
     Sampling strategy = regular
     Number of bins = 32
     Radius = 4
     Sampling percentage  = 0.25
   Transform = Affine
     Gradient step = 0.1
     Update field sigma (voxel space) = 0
     Total field sigma (voxel space) = 0
     Update field time sigma = 0
     Total field time sigma  = 0
     Number of time indices = 0
     Number of time point samples = 0
Registration using 1 total stages.

Stage 0
  iterations = 1000x500x250x100
  convergence threshold = 1e-06
  convergence window size = 10
  number of levels = 4
  using the Mattes MI metric (number of bins = 32, weight = 1, use gradient filter = 0)
  preprocessing:  winsorizing the image intensities
  Shrink factors (level 1 out of 4): [8, 8, 8]
  Shrink factors (level 2 out of 4): [4, 4, 4]
  Shrink factors (level 3 out of 4): [2, 2, 2]
  Shrink factors (level 4 out of 4): [1, 1, 1]
  smoothing sigmas per level: [3, 2, 1, 0]
  regular sampling (percentage = 0.25)

*** Running AffineTransform registration ***

DIAGNOSTIC,Iteration,metricValue,convergenceValue,ITERATION_TIME_INDEX,SINCE_LAST
 2DIAGNOSTIC,     1, -7.470246337952e-01, 1.797693134862e+308, 8.1464e-01, 8.1464e-01, 
 2DIAGNOSTIC,     2, -7.494505985858e-01, 1.797693134862e+308, 8.2057e-01, 5.9330e-03, 
 2DIAGNOSTIC,     3, -7.527149264593e-01, 1.797693134862e+308, 8.2590e-01, 5.3289e-03, 
 2DIAGNOSTIC,     4, -7.580072267671e-01, 1.797693134862e+308, 8.3080e-01, 4.8931e-03, 
 2DIAGNOSTIC,     5, -7.677002834339e-01, 1.797693134862e+308, 8.3553e-01, 4.7340e-03, 
 2DIAGNOSTIC,     6, -7.850760332069e-01, 1.797693134862e+308, 8.4083e-01, 5.3000e-03, 
 2DIAGNOSTIC,     7, -8.110149848806e-01, 1.797693134862e+308, 8.4701e-01, 6.1820e-03, 
 2DIAGNOSTIC,     8, -8.714628957873e-01, 1.797693134862e+308, 8.5402e-01, 7.0031e-03, 
 2DIAGNOSTIC,     9, -9.162559146675e-01, 1.797693134862e+308, 8.5962e-01, 5.6050e-03, 
 2DIAGNOSTIC,    10, -9.231091443393e-01, 1.522325905542e-02, 8.6682e-01, 7.1990e-03, 
 2DIAGNOSTIC,    11, -9.283168182431e-01, 1.550841777311e-02, 8.7311e-01, 6.2859e-03, 
 2DIAGNOSTIC,    12, -9.330768656696e-01, 1.456559908863e-02, 8.8005e-01, 6.9480e-03, 
 2DIAGNOSTIC,    13, -9.362457304723e-01, 1.262062856619e-02, 8.8584e-01, 5.7840e-03, 
 2DIAGNOSTIC,    14, -9.366342912174e-01, 9.969289119469e-03, 8.9152e-01, 5.6870e-03, 
 2DIAGNOSTIC,    15, -9.371836513344e-01, 7.045473114924e-03, 8.9722e-01, 5.6980e-03, 
 2DIAGNOSTIC,    16, -9.373726761803e-01, 4.257741764723e-03, 9.0317e-01, 5.9528e-03, 
 2DIAGNOSTIC,    17, -9.379624570019e-01, 1.930014517739e-03, 9.0890e-01, 5.7299e-03, 
 2DIAGNOSTIC,    18, -9.381371519359e-01, 7.905742426553e-04, 9.1630e-01, 7.3910e-03, 
 2DIAGNOSTIC,    19, -9.382950671008e-01, 4.807174864278e-04, 9.2159e-01, 5.2979e-03, 
 2DIAGNOSTIC,    20, -9.385055901079e-01, 2.742344916041e-04, 9.2782e-01, 6.2299e-03, 
 2DIAGNOSTIC,    21, -9.385848743617e-01, 1.437250891401e-04, 9.3296e-01, 5.1339e-03, 
 2DIAGNOSTIC,    22, -9.385201419257e-01, 8.047958512648e-05, 9.3869e-01, 5.7359e-03, 
 2DIAGNOSTIC,    23, -9.386122796290e-01, 6.146450920237e-05, 9.4437e-01, 5.6770e-03, 
 2DIAGNOSTIC,    24, -9.383031334706e-01, 3.945535812542e-05, 9.4973e-01, 5.3580e-03, 
 2DIAGNOSTIC,    25, -9.382363532067e-01, 2.205981420154e-05, 9.5600e-01, 6.2699e-03, 
 2DIAGNOSTIC,    26, -9.381038041671e-01, 4.653429956411e-06, 9.6294e-01, 6.9458e-03, 
DIAGNOSTIC,Iteration,metricValue,convergenceValue,ITERATION_TIME_INDEX,SINCE_LAST
 2DIAGNOSTIC,     1, -7.505848064399e-01, 1.797693134862e+308, 1.7610e+00, 7.9808e-01, 
 2DIAGNOSTIC,     2, -7.509701675994e-01, 1.797693134862e+308, 1.7950e+00, 3.4019e-02, 
 2DIAGNOSTIC,     3, -7.514519377611e-01, 1.797693134862e+308, 1.8274e+00, 3.2400e-02, 
 2DIAGNOSTIC,     4, -7.521177087072e-01, 1.797693134862e+308, 1.8630e+00, 3.5600e-02, 
 2DIAGNOSTIC,     5, -7.535267727947e-01, 1.797693134862e+308, 1.8959e+00, 3.2816e-02, 
 2DIAGNOSTIC,     6, -7.542294400796e-01, 1.797693134862e+308, 1.9511e+00, 5.5248e-02, 
 2DIAGNOSTIC,     7, -7.543263192143e-01, 1.797693134862e+308, 1.9875e+00, 3.6398e-02, 
 2DIAGNOSTIC,     8, -7.543292452368e-01, 1.797693134862e+308, 2.0240e+00, 3.6502e-02, 
 2DIAGNOSTIC,     9, -7.543230672492e-01, 1.797693134862e+308, 2.0590e+00, 3.4969e-02, 
 2DIAGNOSTIC,    10, -7.543391626351e-01, 3.749792295159e-04, 2.0957e+00, 3.6752e-02, 
 2DIAGNOSTIC,    11, -7.544428146175e-01, 2.750771272190e-04, 2.1318e+00, 3.6025e-02, 
 2DIAGNOSTIC,    12, -7.544750243524e-01, 1.808945727761e-04, 2.1676e+00, 3.5818e-02, 
 2DIAGNOSTIC,    13, -7.545314772143e-01, 1.010277195404e-04, 2.2042e+00, 3.6637e-02, 
 2DIAGNOSTIC,    14, -7.545775493465e-01, 4.200933855807e-05, 2.2387e+00, 3.4536e-02, 
 2DIAGNOSTIC,    15, -7.546047962907e-01, 2.286508654939e-05, 2.2755e+00, 3.6786e-02, 
 2DIAGNOSTIC,    16, -7.546107347124e-01, 2.082190940579e-05, 2.3159e+00, 4.0376e-02, 
 2DIAGNOSTIC,    17, -7.546029333333e-01, 1.925902886610e-05, 2.3523e+00, 3.6356e-02, 
 2DIAGNOSTIC,    18, -7.545947668592e-01, 1.618681781990e-05, 2.3845e+00, 3.2260e-02, 
 2DIAGNOSTIC,    19, -7.545900659819e-01, 1.189561930634e-05, 2.4212e+00, 3.6662e-02, 
 2DIAGNOSTIC,    20, -7.545579495067e-01, 6.736983755036e-06, 2.4553e+00, 3.4137e-02, 
 2DIAGNOSTIC,    21, -7.545758734697e-01, 3.792668815998e-06, 2.5009e+00, 4.5573e-02, 
DIAGNOSTIC,Iteration,metricValue,convergenceValue,ITERATION_TIME_INDEX,SINCE_LAST
 2DIAGNOSTIC,     1, -6.415493450855e-01, 1.797693134862e+308, 3.6455e+00, 1.1446e+00, 
 2DIAGNOSTIC,     2, -6.420237078465e-01, 1.797693134862e+308, 3.9020e+00, 2.5655e-01, 
 2DIAGNOSTIC,     3, -6.425379736799e-01, 1.797693134862e+308, 4.1820e+00, 2.8000e-01, 
 2DIAGNOSTIC,     4, -6.430498772834e-01, 1.797693134862e+308, 4.4753e+00, 2.9332e-01, 
 2DIAGNOSTIC,     5, -6.438154253260e-01, 1.797693134862e+308, 4.7975e+00, 3.2215e-01, 
 2DIAGNOSTIC,     6, -6.449194837199e-01, 1.797693134862e+308, 5.0809e+00, 2.8341e-01, 
 2DIAGNOSTIC,     7, -6.449930161999e-01, 1.797693134862e+308, 5.5236e+00, 4.4271e-01, 
 2DIAGNOSTIC,     8, -6.449909243216e-01, 1.797693134862e+308, 5.7999e+00, 2.7630e-01, 
 2DIAGNOSTIC,     9, -6.449844496579e-01, 1.797693134862e+308, 6.0399e+00, 2.4000e-01, 
 2DIAGNOSTIC,    10, -6.449771925835e-01, 3.928307232984e-04, 6.3248e+00, 2.8489e-01, 
 2DIAGNOSTIC,    11, -6.449760023814e-01, 2.838779434796e-04, 6.6183e+00, 2.9352e-01, 
 2DIAGNOSTIC,    12, -6.449717461578e-01, 1.851510945688e-04, 6.9118e+00, 2.9344e-01, 
 2DIAGNOSTIC,    13, -6.449737250893e-01, 1.031009781949e-04, 7.1647e+00, 2.5292e-01, 
 2DIAGNOSTIC,    14, -6.449737369701e-01, 3.954665003934e-05, 7.4790e+00, 3.1434e-01, 
 2DIAGNOSTIC,    15, -6.449731292245e-01, 2.670384155162e-06, 7.7644e+00, 2.8534e-01, 
DIAGNOSTIC,Iteration,metricValue,convergenceValue,ITERATION_TIME_INDEX,SINCE_LAST
 2DIAGNOSTIC,     1, -5.763931078395e-01, 1.797693134862e+308, 1.0702e+01, 2.9379e+00, 
 2DIAGNOSTIC,     2, -5.768276141339e-01, 1.797693134862e+308, 1.2433e+01, 1.7310e+00, 
 2DIAGNOSTIC,     3, -5.773795306028e-01, 1.797693134862e+308, 1.4063e+01, 1.6302e+00, 
 2DIAGNOSTIC,     4, -5.779649802577e-01, 1.797693134862e+308, 1.5782e+01, 1.7185e+00, 
 2DIAGNOSTIC,     5, -5.786700718135e-01, 1.797693134862e+308, 1.7612e+01, 1.8302e+00, 
 2DIAGNOSTIC,     6, -5.800105089870e-01, 1.797693134862e+308, 2.0573e+01, 2.9612e+00, 
 2DIAGNOSTIC,     7, -5.800069357490e-01, 1.797693134862e+308, 2.2734e+01, 2.1607e+00, 
 2DIAGNOSTIC,     8, -5.800081475751e-01, 1.797693134862e+308, 2.5586e+01, 2.8524e+00, 
 2DIAGNOSTIC,     9, -5.800088309774e-01, 1.797693134862e+308, 2.7481e+01, 1.8945e+00, 
 2DIAGNOSTIC,    10, -5.800086074982e-01, 4.655483165180e-04, 2.9383e+01, 1.9021e+00, 
 2DIAGNOSTIC,    11, -5.800083899669e-01, 3.392986478599e-04, 3.1594e+01, 2.2109e+00, 
 2DIAGNOSTIC,    12, -5.800084830404e-01, 2.216590022833e-04, 3.3315e+01, 1.7211e+00, 
 2DIAGNOSTIC,    13, -5.800083606449e-01, 1.237234382123e-04, 3.5270e+01, 1.9553e+00, 
 2DIAGNOSTIC,    14, -5.800083256562e-01, 4.916463242742e-05, 3.7601e+01, 2.3304e+00, 
 2DIAGNOSTIC,    15, -5.800082136936e-01, 2.086822725955e-06, 3.9386e+01, 1.7851e+00, 
 2DIAGNOSTIC,    16, -5.800079581402e-01, 2.010048895884e-06, 4.1121e+01, 1.7349e+00, 
 2DIAGNOSTIC,    17, -5.800078624898e-01, 1.833939812290e-06, 4.2908e+01, 1.7876e+00, 
 2DIAGNOSTIC,    18, -5.800075030132e-01, 1.703605594906e-06, 4.5077e+01, 2.1684e+00, 
 2DIAGNOSTIC,    19, -5.800074634849e-01, 1.610030093718e-06, 4.6617e+01, 1.5406e+00, 
 2DIAGNOSTIC,    20, -5.800074452305e-01, 1.526125407908e-06, 4.8287e+01, 1.6694e+00, 
 2DIAGNOSTIC,    21, -5.800073799408e-01, 1.449646699195e-06, 5.0236e+01, 1.9495e+00, 
 2DIAGNOSTIC,    22, -5.800073512655e-01, 1.387929283871e-06, 5.1956e+01, 1.7204e+00, 
 2DIAGNOSTIC,    23, -5.800074072427e-01, 1.335765407964e-06, 5.3901e+01, 1.9448e+00, 
 2DIAGNOSTIC,    24, -5.800076538727e-01, 1.296785018097e-06, 5.6053e+01, 2.1519e+00, 
 2DIAGNOSTIC,    25, -5.800074502504e-01, 1.257423199473e-06, 5.7981e+01, 1.9277e+00, 
 2DIAGNOSTIC,    26, -5.800069865465e-01, 1.209204060430e-06, 5.9725e+01, 1.7443e+00, 
 2DIAGNOSTIC,    27, -5.800067708950e-01, 1.160797855317e-06, 6.1415e+01, 1.6899e+00, 
 2DIAGNOSTIC,    28, -5.800069802002e-01, 1.114867113412e-06, 6.3116e+01, 1.7005e+00, 
 2DIAGNOSTIC,    29, -5.800071828359e-01, 1.076604924127e-06, 6.4834e+01, 1.7187e+00, 
 2DIAGNOSTIC,    30, -5.800073852627e-01, 1.045901383279e-06, 6.6534e+01, 1.6997e+00, 
 2DIAGNOSTIC,    31, -5.800074626491e-01, 1.019048044434e-06, 6.8227e+01, 1.6932e+00, 
  Elapsed time (stage 0): 6.9301e+01


Total elapsed time: 6.9304e+01
Info [verificarlo]: loaded backend libinterflop_ieee.so
Info [interflop-ieee]: load backend with:
Info [interflop-ieee]: debug = false
Info [interflop-ieee]: debug-binary = false
Info [interflop-ieee]: no-backend-name = false
Info [interflop-ieee]: print-new-line = false
Info [interflop-ieee]: print-subnormal-normalized = false
Info [interflop-ieee]: count-op = false
All_Command_lines_OK
Using double precision for computations.
=============================================================================
The composite transform comprises the following transforms (in order): 
  1. /home/mdugre/scratch/mri-registration-rp/datasets/ds004513/derivatives/mri-registration-rp/0100/antsRegistration-r8-p11/sub-s025/affine_Composite.h5[0] (type = Euler3DTransform)
  2. /home/mdugre/scratch/mri-registration-rp/datasets/ds004513/derivatives/mri-registration-rp/0100/antsRegistration-r8-p11/sub-s025/affine_Composite.h5[1] (type = Euler3DTransform)
  3. /home/mdugre/scratch/mri-registration-rp/datasets/ds004513/derivatives/mri-registration-rp/0100/antsRegistration-r8-p11/sub-s025/affine_Composite.h5[2] (type = Euler3DTransform)
  4. /home/mdugre/scratch/mri-registration-rp/datasets/ds004513/derivatives/mri-registration-rp/0100/antsRegistration-r8-p11/sub-s025/affine_Composite.h5[3] (type = AffineTransform)
=============================================================================
  number of levels = 4
  fixed image: /templateflow/tpl-MNI152NLin2009cAsym/tpl-MNI152NLin2009cAsym_res-01_desc-brain_T1w.nii.gz
  moving image: /home/mdugre/scratch/mri-registration-rp/datasets/ds004513/derivatives/mri-registration-rp/antsBrainExtraction/sub-s025/BrainExtractionBrain.nii.gz
Dimension = 3
Number of stages = 1
Use histogram matching = false
Winsorize image intensities = true
  Lower quantile = 0.005
  Upper quantile = 0.995


Stage 1 State
   Image metric = CC
     Fixed image = Image (0x3890a40)
  RTTI typeinfo:   itk::Image<double, 3u>
  Reference Count: 2
  Modified Time: 1608
  Debug: Off
  Object Name: 
  Observers: 
    none
  Source: (none)
  Source output name: (none)
  Release Data: Off
  Data Released: False
  Global Release Data: Off
  PipelineMTime: 0
  UpdateMTime: 1217
  RealTimeStamp: 0 seconds 
  LargestPossibleRegion: 
    Dimension: 3
    Index: [0, 0, 0]
    Size: [193, 229, 193]
  BufferedRegion: 
    Dimension: 3
    Index: [0, 0, 0]
    Size: [193, 229, 193]
  RequestedRegion: 
    Dimension: 3
    Index: [0, 0, 0]
    Size: [193, 229, 193]
  Spacing: [1, 1, 1]
  Origin: [96, 132, -78]
  Direction: 
-1 0 0
0 -1 0
0 0 1

  IndexToPointMatrix: 
-1 0 0
0 -1 0
0 0 1

  PointToIndexMatrix: 
-1 0 0
0 -1 0
0 0 1

  Inverse Direction: 
-1 0 0
0 -1 0
0 0 1

  PixelContainer: 
    ImportImageContainer (0x395f780)
      RTTI typeinfo:   itk::ImportImageContainer<unsigned long, double>
      Reference Count: 1
      Modified Time: 1214
      Debug: Off
      Object Name: 
      Observers: 
        none
      Pointer: 0x14ab837b5010
      Container manages memory: true
      Size: 8530021
      Capacity: 8530021

     Moving image = Image (0x3961390)
  RTTI typeinfo:   itk::Image<double, 3u>
  Reference Count: 2
  Modified Time: 1609
  Debug: Off
  Object Name: 
  Observers: 
    none
  Source: (none)
  Source output name: (none)
  Release Data: Off
  Data Released: False
  Global Release Data: Off
  PipelineMTime: 0
  UpdateMTime: 1606
  RealTimeStamp: 0 seconds 
  LargestPossibleRegion: 
    Dimension: 3
    Index: [0, 0, 0]
    Size: [176, 240, 256]
  BufferedRegion: 
    Dimension: 3
    Index: [0, 0, 0]
    Size: [176, 240, 256]
  RequestedRegion: 
    Dimension: 3
    Index: [0, 0, 0]
    Size: [176, 240, 256]
  Spacing: [0.999999, 1, 1]
  Origin: [90.3778, 84.5091, -154.071]
  Direction: 
-0.999391 7.48184e-06 -0.0348969
-7.47664e-06 -1 -2.7953e-07
-0.0348969 -1.84481e-08 0.999391

  IndexToPointMatrix: 
-0.99939 7.48184e-06 -0.0348969
-7.47663e-06 -1 -2.7953e-07
-0.0348968 -1.84481e-08 0.999391

  PointToIndexMatrix: 
-0.999392 -7.47665e-06 -0.0348969
7.48184e-06 -1 -1.84481e-08
-0.0348969 -2.7953e-07 0.999391

  Inverse Direction: 
-0.999391 -7.47664e-06 -0.0348969
7.48184e-06 -1 -1.84481e-08
-0.0348969 -2.7953e-07 0.999391

  PixelContainer: 
    ImportImageContainer (0x39166f0)
      RTTI typeinfo:   itk::ImportImageContainer<unsigned long, double>
      Reference Count: 1
      Modified Time: 1603
      Debug: Off
      Object Name: 
      Observers: 
        none
      Pointer: 0x14ab7e534010
      Container manages memory: true
      Size: 10813440
      Capacity: 10813440

     Weighting = 1
     Sampling strategy = none
     Number of bins = 32
     Radius = 4
     Sampling percentage  = 1
   Transform = SyN
     Gradient step = 0.1
     Update field sigma (voxel space) = 3
     Total field sigma (voxel space) = 0
     Update field time sigma = 0
     Total field time sigma  = 0
     Number of time indices = 0
     Number of time point samples = 0
Registration using 1 total stages.

Stage 0
  iterations = 100x70x50x20
  convergence threshold = 1e-06
  convergence window size = 10
  number of levels = 4
  using the CC metric (radius = 4, weight = 1, use gradient filter = 0)
  preprocessing:  winsorizing the image intensities
  Shrink factors (level 1 out of 4): [8, 8, 8]
  Shrink factors (level 2 out of 4): [4, 4, 4]
  Shrink factors (level 3 out of 4): [2, 2, 2]
  Shrink factors (level 4 out of 4): [1, 1, 1]
  smoothing sigmas per level: [3, 2, 1, 0]
  Using default NONE metricSamplingStrategy 

*** Running SyN registration (varianceForUpdateField = 3, varianceForTotalField = 0) ***

XXDIAGNOSTIC,Iteration,metricValue,convergenceValue,ITERATION_TIME_INDEX,SINCE_LAST
 1DIAGNOSTIC,     1, -9.075001834108e-01, 1.797693134862e+308, 1.2604e+00, 1.2604e+00, 
 1DIAGNOSTIC,     2, -9.181690932999e-01, 1.797693134862e+308, 1.5992e+00, 3.3886e-01, 
 1DIAGNOSTIC,     3, -9.267697250578e-01, 1.797693134862e+308, 1.9454e+00, 3.4612e-01, 
 1DIAGNOSTIC,     4, -9.333042553081e-01, 1.797693134862e+308, 2.2830e+00, 3.3766e-01, 
 1DIAGNOSTIC,     5, -9.381099598971e-01, 1.797693134862e+308, 2.6254e+00, 3.4241e-01, 
 1DIAGNOSTIC,     6, -9.414356221757e-01, 1.797693134862e+308, 2.9550e+00, 3.2953e-01, 
 1DIAGNOSTIC,     7, -9.445290102329e-01, 1.797693134862e+308, 3.2977e+00, 3.4273e-01, 
 1DIAGNOSTIC,     8, -9.478538919393e-01, 1.797693134862e+308, 3.6407e+00, 3.4297e-01, 
 1DIAGNOSTIC,     9, -9.511672402881e-01, 1.797693134862e+308, 3.9902e+00, 3.4954e-01, 
 1DIAGNOSTIC,    10, -9.541265375061e-01, 2.918654938704e-03, 4.3324e+00, 3.4220e-01, 
 1DIAGNOSTIC,    11, -9.569706835234e-01, 2.214423226713e-03, 4.7047e+00, 3.7225e-01, 
 1DIAGNOSTIC,    12, -9.594306151876e-01, 1.758262115218e-03, 5.0500e+00, 3.4534e-01, 
 1DIAGNOSTIC,    13, -9.613820591098e-01, 1.456841033961e-03, 5.3970e+00, 3.4703e-01, 
 1DIAGNOSTIC,    14, -9.631903125323e-01, 1.244553563080e-03, 5.8071e+00, 4.1011e-01, 
 1DIAGNOSTIC,    15, -9.644502259208e-01, 1.068166286381e-03, 6.1780e+00, 3.7089e-01, 
 1DIAGNOSTIC,    16, -9.651922884929e-01, 8.921353684082e-04, 6.5822e+00, 4.0414e-01, 
 1DIAGNOSTIC,    17, -9.653243800299e-01, 7.115396626622e-04, 6.9274e+00, 3.4523e-01, 
 1DIAGNOSTIC,    18, -9.652371362365e-01, 5.392136094850e-04, 7.2695e+00, 3.4209e-01, 
 1DIAGNOSTIC,    19, -9.654384507682e-01, 3.904048967988e-04, 7.6136e+00, 3.4411e-01, 
 1DIAGNOSTIC,    20, -9.654238540582e-01, 2.638626811178e-04, 7.9586e+00, 3.4496e-01, 
 1DIAGNOSTIC,    21, -9.655252088618e-01, 1.666075187691e-04, 8.2933e+00, 3.3478e-01, 
 1DIAGNOSTIC,    22, -9.655043312638e-01, 9.580649176939e-05, 8.6342e+00, 3.4081e-01, 
 1DIAGNOSTIC,    23, -9.655719990667e-01, 4.834753492434e-05, 8.9605e+00, 3.2638e-01, 
