
##########################
# Experiment information #
##########################

EXPERIMENT_NAME: antsRegistration-r7-p23
VFC_BACKENDS: libinterflop_vprec.so --range-binary32=7 --precision-binary32=23 --range-binary64=7 --precision-binary64=23

SIF_IMG: /home/mdugre/projects/rrg-glatard/mdugre/containers/ants-vprec-no_metrics.simg

SUBJECT_ID: s032
INPUT_IMG: /home/mdugre/scratch/mri-registration-rp/datasets/ds004513/derivatives/mri-registration-rp/antsBrainExtraction/sub-s032/BrainExtractionBrain.nii.gz
OUTPUT_DIR: /home/mdugre/scratch/mri-registration-rp/datasets/ds004513/derivatives/mri-registration-rp/0100/antsRegistration-r7-p23/sub-s032

FIXED_IMG: /templateflow/tpl-MNI152NLin2009cAsym/tpl-MNI152NLin2009cAsym_res-01_desc-brain_T1w.nii.gz
DATA_DIR: /home/mdugre/scratch/mri-registration-rp/datasets/ds004513
TEMPLATEFLOW_DIR: /home/mdugre/projects/rrg-glatard/mdugre/templateflow
ITK_GLOBAL_DEFAULT_NUMBER_OF_THREADS: 16
##########################

Info [verificarlo]: loaded backend libinterflop_ieee.so
Info [interflop-ieee]: load backend with:
Info [interflop-ieee]: debug = false
Info [interflop-ieee]: debug-binary = false
Info [interflop-ieee]: no-backend-name = false
Info [interflop-ieee]: print-new-line = false
Info [interflop-ieee]: print-subnormal-normalized = false
Info [interflop-ieee]: count-op = false
All_Command_lines_OK
Using double precision for computations.
=============================================================================
The composite transform comprises the following transforms (in order): 
  1. Center of mass alignment using fixed image: /templateflow/tpl-MNI152NLin2009cAsym/tpl-MNI152NLin2009cAsym_res-01_desc-brain_T1w.nii.gz and moving image: /home/mdugre/scratch/mri-registration-rp/datasets/ds004513/derivatives/mri-registration-rp/antsBrainExtraction/sub-s032/BrainExtractionBrain.nii.gz (type = Euler3DTransform)
=============================================================================
  number of levels = 1
  fixed image: /templateflow/tpl-MNI152NLin2009cAsym/tpl-MNI152NLin2009cAsym_res-01_desc-brain_T1w.nii.gz
  moving image: /home/mdugre/scratch/mri-registration-rp/datasets/ds004513/derivatives/mri-registration-rp/antsBrainExtraction/sub-s032/BrainExtractionBrain.nii.gz
Dimension = 3
Number of stages = 1
Use histogram matching = false
Winsorize image intensities = true
  Lower quantile = 0.005
  Upper quantile = 0.995


Stage 1 State
   Image metric = MattesMI
     Fixed image = Image (0x429fe70)
  RTTI typeinfo:   itk::Image<double, 3u>
  Reference Count: 2
  Modified Time: 2330
  Debug: Off
  Object Name: 
  Observers: 
    none
  Source: (none)
  Source output name: (none)
  Release Data: Off
  Data Released: False
  Global Release Data: Off
  PipelineMTime: 0
  UpdateMTime: 1941
  RealTimeStamp: 0 seconds 
  LargestPossibleRegion: 
    Dimension: 3
    Index: [0, 0, 0]
    Size: [193, 229, 193]
  BufferedRegion: 
    Dimension: 3
    Index: [0, 0, 0]
    Size: [193, 229, 193]
  RequestedRegion: 
    Dimension: 3
    Index: [0, 0, 0]
    Size: [193, 229, 193]
  Spacing: [1, 1, 1]
  Origin: [96, 132, -78]
  Direction: 
-1 0 0
0 -1 0
0 0 1

  IndexToPointMatrix: 
-1 0 0
0 -1 0
0 0 1

  PointToIndexMatrix: 
-1 0 0
0 -1 0
0 0 1

  Inverse Direction: 
-1 0 0
0 -1 0
0 0 1

  PixelContainer: 
    ImportImageContainer (0x42a8c60)
      RTTI typeinfo:   itk::ImportImageContainer<unsigned long, double>
      Reference Count: 1
      Modified Time: 1938
      Debug: Off
      Object Name: 
      Observers: 
        none
      Pointer: 0x14c6ddb61010
      Container manages memory: true
      Size: 8530021
      Capacity: 8530021

     Moving image = Image (0x433cec0)
  RTTI typeinfo:   itk::Image<double, 3u>
  Reference Count: 2
  Modified Time: 2331
  Debug: Off
  Object Name: 
  Observers: 
    none
  Source: (none)
  Source output name: (none)
  Release Data: Off
  Data Released: False
  Global Release Data: Off
  PipelineMTime: 0
  UpdateMTime: 2328
  RealTimeStamp: 0 seconds 
  LargestPossibleRegion: 
    Dimension: 3
    Index: [0, 0, 0]
    Size: [160, 240, 256]
  BufferedRegion: 
    Dimension: 3
    Index: [0, 0, 0]
    Size: [160, 240, 256]
  RequestedRegion: 
    Dimension: 3
    Index: [0, 0, 0]
    Size: [160, 240, 256]
  Spacing: [1, 1, 1]
  Origin: [73.279, 104.707, -131.187]
  Direction: 
-0.997527 0.0645574 -0.0278053
-0.0645323 -0.997914 -0.00179875
-0.0278634 4.01097e-08 0.999612

  IndexToPointMatrix: 
-0.997527 0.0645574 -0.0278053
-0.0645323 -0.997914 -0.00179875
-0.0278634 4.01097e-08 0.999612

  PointToIndexMatrix: 
-0.997527 -0.0645323 -0.0278634
0.0645574 -0.997914 4.01049e-08
-0.0278053 -0.00179875 0.999612

  Inverse Direction: 
-0.997527 -0.0645323 -0.0278634
0.0645574 -0.997914 4.01049e-08
-0.0278053 -0.00179875 0.999612

  PixelContainer: 
    ImportImageContainer (0x43d4610)
      RTTI typeinfo:   itk::ImportImageContainer<unsigned long, double>
      Reference Count: 1
      Modified Time: 2325
      Debug: Off
      Object Name: 
      Observers: 
        none
      Pointer: 0x14c6d9060010
      Container manages memory: true
      Size: 9830400
      Capacity: 9830400

     Weighting = 1
     Sampling strategy = regular
     Number of bins = 32
     Radius = 4
     Sampling percentage  = 0.25
   Transform = Rigid
     Gradient step = 0.1
     Update field sigma (voxel space) = 0
     Total field sigma (voxel space) = 0
     Update field time sigma = 0
     Total field time sigma  = 0
     Number of time indices = 0
     Number of time point samples = 0
Registration using 1 total stages.

Stage 0
  iterations = 0
  convergence threshold = 1e-06
  convergence window size = 10
  number of levels = 1
  using the Mattes MI metric (number of bins = 32, weight = 1, use gradient filter = 0)
  preprocessing:  winsorizing the image intensities
  Shrink factors (level 1 out of 1): [1, 1, 1]
  smoothing sigmas per level: [0]
  regular sampling (percentage = 0.25)

*** Running Euler3DTransform registration ***

  Elapsed time (stage 0): 1.13791


Total elapsed time: 1.14018
Info [verificarlo]: loaded backend libinterflop_vprec.so
Info [interflop-vprec]: load backend with: 
Info [interflop-vprec]: precision-binary32 = 23
Info [interflop-vprec]: range-binary32 = 7
Info [interflop-vprec]: precision-binary64 = 23
Info [interflop-vprec]: range-binary64 = 7
Info [interflop-vprec]: mode = ob
Info [interflop-vprec]: error-mode = rel
Info [interflop-vprec]: max-abs-error-exponent = -1022
Info [interflop-vprec]: daz = false
Info [interflop-vprec]: ftz = false
Info [interflop-vprec]: 	instrument = none
Info [interflop-vprec]: 	prec-input-file = (null)
Info [interflop-vprec]: 	prec-output-file = (null)
Info [interflop-vprec]: 	prec-log-file = (null)
All_Command_lines_OK
Using double precision for computations.
=============================================================================
The composite transform comprises the following transforms (in order): 
  1. /home/mdugre/scratch/mri-registration-rp/datasets/ds004513/derivatives/mri-registration-rp/0100/antsRegistration-r7-p23/sub-s032/align_Composite.h5[0] (type = Euler3DTransform)
  2. /home/mdugre/scratch/mri-registration-rp/datasets/ds004513/derivatives/mri-registration-rp/0100/antsRegistration-r7-p23/sub-s032/align_Composite.h5[1] (type = Euler3DTransform)
=============================================================================
  number of levels = 4
  fixed image: /templateflow/tpl-MNI152NLin2009cAsym/tpl-MNI152NLin2009cAsym_res-01_desc-brain_T1w.nii.gz
  moving image: /home/mdugre/scratch/mri-registration-rp/datasets/ds004513/derivatives/mri-registration-rp/antsBrainExtraction/sub-s032/BrainExtractionBrain.nii.gz
Dimension = 3
Number of stages = 1
Use histogram matching = false
Winsorize image intensities = true
  Lower quantile = 0.005
  Upper quantile = 0.995


Stage 1 State
   Image metric = MattesMI
     Fixed image = Image (0x36df1e0)
  RTTI typeinfo:   itk::Image<double, 3u>
  Reference Count: 2
  Modified Time: 1578
  Debug: Off
  Object Name: 
  Observers: 
    none
  Source: (none)
  Source output name: (none)
  Release Data: Off
  Data Released: False
  Global Release Data: Off
  PipelineMTime: 0
  UpdateMTime: 1189
  RealTimeStamp: 0 seconds 
  LargestPossibleRegion: 
    Dimension: 3
    Index: [0, 0, 0]
    Size: [193, 229, 193]
  BufferedRegion: 
    Dimension: 3
    Index: [0, 0, 0]
    Size: [193, 229, 193]
  RequestedRegion: 
    Dimension: 3
    Index: [0, 0, 0]
    Size: [193, 229, 193]
  Spacing: [1, 1, 1]
  Origin: [96, 132, -78]
  Direction: 
-1 0 0
0 -1 0
0 0 1

  IndexToPointMatrix: 
-1 0 0
0 -1 0
0 0 1

  PointToIndexMatrix: 
-1 0 0
0 -1 0
0 0 1

  Inverse Direction: 
-1 0 0
0 -1 0
0 0 1

  PixelContainer: 
    ImportImageContainer (0x379e680)
      RTTI typeinfo:   itk::ImportImageContainer<unsigned long, double>
      Reference Count: 1
      Modified Time: 1186
      Debug: Off
      Object Name: 
      Observers: 
        none
      Pointer: 0x1470e83c0010
      Container manages memory: true
      Size: 8530021
      Capacity: 8530021

     Moving image = Image (0x379ab20)
  RTTI typeinfo:   itk::Image<double, 3u>
  Reference Count: 2
  Modified Time: 1579
  Debug: Off
  Object Name: 
  Observers: 
    none
  Source: (none)
  Source output name: (none)
  Release Data: Off
  Data Released: False
  Global Release Data: Off
  PipelineMTime: 0
  UpdateMTime: 1576
  RealTimeStamp: 0 seconds 
  LargestPossibleRegion: 
    Dimension: 3
    Index: [0, 0, 0]
    Size: [160, 240, 256]
  BufferedRegion: 
    Dimension: 3
    Index: [0, 0, 0]
    Size: [160, 240, 256]
  RequestedRegion: 
    Dimension: 3
    Index: [0, 0, 0]
    Size: [160, 240, 256]
  Spacing: [1, 1, 1]
  Origin: [73.279, 104.707, -131.187]
  Direction: 
-0.997527 0.0645574 -0.0278053
-0.0645323 -0.997914 -0.00179875
-0.0278634 4.01097e-08 0.999612

  IndexToPointMatrix: 
-0.997527 0.0645574 -0.0278053
-0.0645323 -0.997914 -0.00179875
-0.0278634 4.01097e-08 0.999612

  PointToIndexMatrix: 
-0.997527 -0.0645323 -0.0278634
0.0645574 -0.997914 9.8953e-10
-0.0278053 -0.00179879 0.999612

  Inverse Direction: 
-0.997527 -0.0645323 -0.0278634
0.0645574 -0.997914 9.8953e-10
-0.0278053 -0.00179879 0.999612

  PixelContainer: 
    ImportImageContainer (0x3803d50)
      RTTI typeinfo:   itk::ImportImageContainer<unsigned long, double>
      Reference Count: 1
      Modified Time: 1573
      Debug: Off
      Object Name: 
      Observers: 
        none
      Pointer: 0x1470e38bf010
      Container manages memory: true
      Size: 9830400
      Capacity: 9830400

     Weighting = 1
     Sampling strategy = regular
     Number of bins = 32
     Radius = 4
     Sampling percentage  = 0.25
   Transform = Rigid
     Gradient step = 0.1
     Update field sigma (voxel space) = 0
     Total field sigma (voxel space) = 0
     Update field time sigma = 0
     Total field time sigma  = 0
     Number of time indices = 0
     Number of time point samples = 0
Registration using 1 total stages.

Stage 0
  iterations = 1000x500x250x100
  convergence threshold = 1e-06
  convergence window size = 10
  number of levels = 4
  using the Mattes MI metric (number of bins = 32, weight = 1, use gradient filter = 0)
  preprocessing:  winsorizing the image intensities
  Shrink factors (level 1 out of 4): [8, 8, 8]
  Shrink factors (level 2 out of 4): [4, 4, 4]
  Shrink factors (level 3 out of 4): [2, 2, 2]
  Shrink factors (level 4 out of 4): [1, 1, 1]
  smoothing sigmas per level: [3, 2, 1, 0]
  regular sampling (percentage = 0.25)

*** Running Euler3DTransform registration ***

DIAGNOSTIC,Iteration,metricValue,convergenceValue,ITERATION_TIME_INDEX,SINCE_LAST
 2DIAGNOSTIC,     1, -5.480496455882e-01, 1.797693134862e+308, 0.0000e+00, 0.0000e+00, 
 2DIAGNOSTIC,     2, -5.506814953107e-01, 1.797693134862e+308, 0.0000e+00, 0.0000e+00, 
 2DIAGNOSTIC,     3, -5.546526224332e-01, 1.797693134862e+308, 0.0000e+00, 0.0000e+00, 
 2DIAGNOSTIC,     4, -5.606886823573e-01, 1.797693134862e+308, 0.0000e+00, 0.0000e+00, 
 2DIAGNOSTIC,     5, -5.693706384958e-01, 1.797693134862e+308, 0.0000e+00, 0.0000e+00, 
 2DIAGNOSTIC,     6, -5.854103313470e-01, 1.797693134862e+308, 0.0000e+00, 0.0000e+00, 
 2DIAGNOSTIC,     7, -6.232904024052e-01, 1.797693134862e+308, 0.0000e+00, 0.0000e+00, 
 2DIAGNOSTIC,     8, -6.297890198905e-01, 1.797693134862e+308, 0.0000e+00, 0.0000e+00, 
 2DIAGNOSTIC,     9, -6.366046637485e-01, 1.797693134862e+308, 0.0000e+00, 0.0000e+00, 
 2DIAGNOSTIC,    10, -6.374071533391e-01, 1.200842730687e-02, 0.0000e+00, 0.0000e+00, 
 2DIAGNOSTIC,    11, -6.403164814011e-01, 1.086030320708e-02, 0.0000e+00, 0.0000e+00, 
 2DIAGNOSTIC,    12, -6.432300215439e-01, 9.142518010458e-03, 0.0000e+00, 0.0000e+00, 
 2DIAGNOSTIC,    13, -6.441053377308e-01, 7.057672266803e-03, 0.0000e+00, 0.0000e+00, 
 2DIAGNOSTIC,    14, -6.456465417245e-01, 4.921846387181e-03, 0.0000e+00, 0.0000e+00, 
 2DIAGNOSTIC,    15, -6.476507350912e-01, 2.976112321856e-03, 0.0000e+00, 0.0000e+00, 
 2DIAGNOSTIC,    16, -6.479306168945e-01, 1.463199865363e-03, 0.0000e+00, 0.0000e+00, 
 2DIAGNOSTIC,    17, -6.488028467660e-01, 1.059087215777e-03, 0.0000e+00, 0.0000e+00, 
 2DIAGNOSTIC,    18, -6.504407022986e-01, 8.098767660078e-04, 0.0000e+00, 0.0000e+00, 
 2DIAGNOSTIC,    19, -6.516479126658e-01, 7.080462756231e-04, 0.0000e+00, 0.0000e+00, 
 2DIAGNOSTIC,    20, -6.527587578079e-01, 5.936877967981e-04, 0.0000e+00, 0.0000e+00, 
 2DIAGNOSTIC,    21, -6.540608242762e-01, 5.264796149462e-04, 0.0000e+00, 0.0000e+00, 
 2DIAGNOSTIC,    22, -6.566957005967e-01, 5.320100543126e-04, 0.0000e+00, 0.0000e+00, 
 2DIAGNOSTIC,    23, -6.572599774643e-01, 5.142068108685e-04, 0.0000e+00, 0.0000e+00, 
 2DIAGNOSTIC,    24, -6.572622678443e-01, 4.786253091800e-04, 0.0000e+00, 0.0000e+00, 
 2DIAGNOSTIC,    25, -6.573463690820e-01, 4.401521612514e-04, 0.0000e+00, 0.0000e+00, 
 2DIAGNOSTIC,    26, -6.578518510907e-01, 3.770039940308e-04, 0.0000e+00, 0.0000e+00, 
 2DIAGNOSTIC,    27, -6.591176411237e-01, 3.178896373495e-04, 0.0000e+00, 0.0000e+00, 
 2DIAGNOSTIC,    28, -6.593647420329e-01, 2.629920605576e-04, 0.0000e+00, 0.0000e+00, 
 2DIAGNOSTIC,    29, -6.595124893115e-01, 2.090585565156e-04, 0.0000e+00, 0.0000e+00, 
 2DIAGNOSTIC,    30, -6.597191308943e-01, 1.593074025789e-04, 0.0000e+00, 0.0000e+00, 
 2DIAGNOSTIC,    31, -6.597553513143e-01, 1.161548857566e-04, 0.0000e+00, 0.0000e+00, 
 2DIAGNOSTIC,    32, -6.597402894930e-01, 1.011692232825e-04, 0.0000e+00, 0.0000e+00, 
 2DIAGNOSTIC,    33, -6.598802254797e-01, 8.726002401500e-05, 0.0000e+00, 0.0000e+00, 
 2DIAGNOSTIC,    34, -6.597978645393e-01, 6.518568669575e-05, 0.0000e+00, 0.0000e+00, 
 2DIAGNOSTIC,    35, -6.597169994546e-01, 3.842395859907e-05, 0.0000e+00, 0.0000e+00, 
 2DIAGNOSTIC,    36, -6.596349523166e-01, 1.454193276149e-05, 0.0000e+00, 0.0000e+00, 
 2DIAGNOSTIC,    37, -6.595591345228e-01, 5.025590336875e-06, 0.0000e+00, 0.0000e+00, 
DIAGNOSTIC,Iteration,metricValue,convergenceValue,ITERATION_TIME_INDEX,SINCE_LAST
 2DIAGNOSTIC,     1, -5.178037658706e-01, 1.797693134862e+308, 0.0000e+00, 0.0000e+00, 
 2DIAGNOSTIC,     2, -5.184970223013e-01, 1.797693134862e+308, 0.0000e+00, 0.0000e+00, 
 2DIAGNOSTIC,     3, -5.193995821219e-01, 1.797693134862e+308, 0.0000e+00, 0.0000e+00, 
 2DIAGNOSTIC,     4, -5.200154902875e-01, 1.797693134862e+308, 0.0000e+00, 0.0000e+00, 
 2DIAGNOSTIC,     5, -5.204204369497e-01, 1.797693134862e+308, 0.0000e+00, 0.0000e+00, 
 2DIAGNOSTIC,     6, -5.210266572148e-01, 1.797693134862e+308, 0.0000e+00, 0.0000e+00, 
 2DIAGNOSTIC,     7, -5.220967354530e-01, 1.797693134862e+308, 0.0000e+00, 0.0000e+00, 
 2DIAGNOSTIC,     8, -5.251983398893e-01, 1.797693134862e+308, 0.0000e+00, 0.0000e+00, 
 2DIAGNOSTIC,     9, -5.292596089287e-01, 1.797693134862e+308, 0.0000e+00, 0.0000e+00, 
 2DIAGNOSTIC,    10, -5.308717287751e-01, 1.505296520286e-03, 0.0000e+00, 0.0000e+00, 
 2DIAGNOSTIC,    11, -5.310376723555e-01, 1.556408227343e-03, 0.0000e+00, 0.0000e+00, 
 2DIAGNOSTIC,    12, -5.311053710948e-01, 1.495824576574e-03, 0.0000e+00, 0.0000e+00, 
 2DIAGNOSTIC,    13, -5.312735771230e-01, 1.352599127579e-03, 0.0000e+00, 0.0000e+00, 
 2DIAGNOSTIC,    14, -5.315520156332e-01, 1.139231748796e-03, 0.0000e+00, 0.0000e+00, 
 2DIAGNOSTIC,    15, -5.318860854296e-01, 8.774849927136e-04, 0.0000e+00, 0.0000e+00, 
 2DIAGNOSTIC,    16, -5.323505293517e-01, 6.067981538712e-04, 0.0000e+00, 0.0000e+00, 
 2DIAGNOSTIC,    17, -5.330939213838e-01, 3.696086461115e-04, 0.0000e+00, 0.0000e+00, 
 2DIAGNOSTIC,    18, -5.339979855280e-01, 2.419569671608e-04, 0.0000e+00, 0.0000e+00, 
 2DIAGNOSTIC,    19, -5.355028979430e-01, 2.619233763970e-04, 0.0000e+00, 0.0000e+00, 
 2DIAGNOSTIC,    20, -5.363693172103e-01, 3.216328803542e-04, 0.0000e+00, 0.0000e+00, 
 2DIAGNOSTIC,    21, -5.369943800768e-01, 3.660504608770e-04, 0.0000e+00, 0.0000e+00, 
 2DIAGNOSTIC,    22, -5.385731131847e-01, 4.126281778060e-04, 0.0000e+00, 0.0000e+00, 
 2DIAGNOSTIC,    23, -5.426268892490e-01, 5.140740350825e-04, 0.0000e+00, 0.0000e+00, 
 2DIAGNOSTIC,    24, -5.447731989075e-01, 6.104811703402e-04, 0.0000e+00, 0.0000e+00, 
 2DIAGNOSTIC,    25, -5.451679247085e-01, 6.574534406647e-04, 0.0000e+00, 0.0000e+00, 
 2DIAGNOSTIC,    26, -5.459996857531e-01, 6.672558415623e-04, 0.0000e+00, 0.0000e+00, 
 2DIAGNOSTIC,    27, -5.463697969490e-01, 6.352434888890e-04, 0.0000e+00, 0.0000e+00, 
 2DIAGNOSTIC,    28, -5.467076098342e-01, 5.676214414981e-04, 0.0000e+00, 0.0000e+00, 
 2DIAGNOSTIC,    29, -5.485700505223e-01, 5.125685570697e-04, 0.0000e+00, 0.0000e+00, 
 2DIAGNOSTIC,    30, -5.492455752022e-01, 4.404660713566e-04, 0.0000e+00, 0.0000e+00, 
 2DIAGNOSTIC,    31, -5.495385652431e-01, 3.478819342260e-04, 0.0000e+00, 0.0000e+00, 
 2DIAGNOSTIC,    32, -5.496674096938e-01, 2.557272574980e-04, 0.0000e+00, 0.0000e+00, 
 2DIAGNOSTIC,    33, -5.499259726362e-01, 2.138764962307e-04, 0.0000e+00, 0.0000e+00, 
 2DIAGNOSTIC,    34, -5.501718786896e-01, 1.912289057167e-04, 0.0000e+00, 0.0000e+00, 
 2DIAGNOSTIC,    35, -5.502843560326e-01, 1.590002696613e-04, 0.0000e+00, 0.0000e+00, 
 2DIAGNOSTIC,    36, -5.504970959963e-01, 1.292628075900e-04, 0.0000e+00, 0.0000e+00, 
 2DIAGNOSTIC,    37, -5.516553460820e-01, 1.111149524314e-04, 0.0000e+00, 0.0000e+00, 
 2DIAGNOSTIC,    38, -5.524576446482e-01, 9.829168142322e-05, 0.0000e+00, 0.0000e+00, 
 2DIAGNOSTIC,    39, -5.525758201334e-01, 1.033920005250e-04, 0.0000e+00, 0.0000e+00, 
 2DIAGNOSTIC,    40, -5.534925283153e-01, 1.197417332929e-04, 0.0000e+00, 0.0000e+00, 
 2DIAGNOSTIC,    41, -5.541946843457e-01, 1.365311016196e-04, 0.0000e+00, 0.0000e+00, 
 2DIAGNOSTIC,    42, -5.550261504396e-01, 1.511922410693e-04, 0.0000e+00, 0.0000e+00, 
 2DIAGNOSTIC,    43, -5.555297174869e-01, 1.598778513211e-04, 0.0000e+00, 0.0000e+00, 
 2DIAGNOSTIC,    44, -5.558771138011e-01, 1.602625454995e-04, 0.0000e+00, 0.0000e+00, 
 2DIAGNOSTIC,    45, -5.565059820775e-01, 1.541968314294e-04, 0.0000e+00, 0.0000e+00, 
 2DIAGNOSTIC,    46, -5.568396549911e-01, 1.394549454952e-04, 0.0000e+00, 0.0000e+00, 
 2DIAGNOSTIC,    47, -5.570311075534e-01, 1.269472611054e-04, 0.0000e+00, 0.0000e+00, 
 2DIAGNOSTIC,    48, -5.572262346569e-01, 1.139768495866e-04, 0.0000e+00, 0.0000e+00, 
 2DIAGNOSTIC,    49, -5.579238361763e-01, 9.931338372423e-05, 0.0000e+00, 0.0000e+00, 
 2DIAGNOSTIC,    50, -5.615220549546e-01, 1.228749919358e-04, 0.0000e+00, 0.0000e+00, 
 2DIAGNOSTIC,    51, -5.641089741239e-01, 1.664209320687e-04, 0.0000e+00, 0.0000e+00, 
 2DIAGNOSTIC,    52, -5.654688605566e-01, 2.141584981001e-04, 0.0000e+00, 0.0000e+00, 
 2DIAGNOSTIC,    53, -5.659181780827e-01, 2.494207884730e-04, 0.0000e+00, 0.0000e+00, 
 2DIAGNOSTIC,    54, -5.664937575247e-01, 2.684767726150e-04, 0.0000e+00, 0.0000e+00, 
 2DIAGNOSTIC,    55, -5.665202931557e-01, 2.667073396285e-04, 0.0000e+00, 0.0000e+00, 
 2DIAGNOSTIC,    56, -5.668410474015e-01, 2.451816828124e-04, 0.0000e+00, 0.0000e+00, 
 2DIAGNOSTIC,    57, -5.671487594339e-01, 2.057766337389e-04, 0.0000e+00, 0.0000e+00, 
 2DIAGNOSTIC,    58, -5.671686341509e-01, 1.504235662937e-04, 0.0000e+00, 0.0000e+00, 
 2DIAGNOSTIC,    59, -5.671444016937e-01, 8.810341750523e-05, 0.0000e+00, 0.0000e+00, 
 2DIAGNOSTIC,    60, -5.671454498014e-01, 5.035301210247e-05, 0.0000e+00, 0.0000e+00, 
 2DIAGNOSTIC,    61, -5.671297251374e-01, 3.077671118376e-05, 0.0000e+00, 0.0000e+00, 
 2DIAGNOSTIC,    62, -5.671133405735e-01, 2.012031913460e-05, 0.0000e+00, 0.0000e+00, 
 2DIAGNOSTIC,    63, -5.670937555815e-01, 1.137711227679e-05, 0.0000e+00, 0.0000e+00, 
 2DIAGNOSTIC,    64, -5.671016608620e-01, 6.679222690677e-06, 0.0000e+00, 0.0000e+00, 
 2DIAGNOSTIC,    65, -5.671142902745e-01, 1.804655493765e-06, 0.0000e+00, 0.0000e+00, 
DIAGNOSTIC,Iteration,metricValue,convergenceValue,ITERATION_TIME_INDEX,SINCE_LAST
 2DIAGNOSTIC,     1, -5.012550381440e-01, 1.797693134862e+308, 1.2800e+02, 1.2800e+02, 
 2DIAGNOSTIC,     2, -5.014644400741e-01, 1.797693134862e+308, 1.2800e+02, 0.0000e+00, 
 2DIAGNOSTIC,     3, -5.016998689372e-01, 1.797693134862e+308, 1.2800e+02, 0.0000e+00, 
 2DIAGNOSTIC,     4, -5.019085810365e-01, 1.797693134862e+308, 1.2800e+02, 0.0000e+00, 
 2DIAGNOSTIC,     5, -5.019554386621e-01, 1.797693134862e+308, 1.2800e+02, 0.0000e+00, 
 2DIAGNOSTIC,     6, -5.020285717423e-01, 1.797693134862e+308, 1.2800e+02, 0.0000e+00, 
 2DIAGNOSTIC,     7, -5.020997758536e-01, 1.797693134862e+308, 1.2800e+02, 0.0000e+00, 
 2DIAGNOSTIC,     8, -5.022584209761e-01, 1.797693134862e+308, 1.2800e+02, 0.0000e+00, 
 2DIAGNOSTIC,     9, -5.023660357087e-01, 1.797693134862e+308, 1.2800e+02, 0.0000e+00, 
 2DIAGNOSTIC,    10, -5.023798919575e-01, 1.394147216568e-04, 1.2800e+02, 0.0000e+00, 
 2DIAGNOSTIC,    11, -5.023810908961e-01, 1.050671888864e-04, 1.2800e+02, 0.0000e+00, 
 2DIAGNOSTIC,    12, -5.023857789821e-01, 7.721551495211e-05, 1.2800e+02, 0.0000e+00, 
 2DIAGNOSTIC,    13, -5.023965663471e-01, 5.731614085398e-05, 1.2800e+02, 0.0000e+00, 
 2DIAGNOSTIC,    14, -5.024030976714e-01, 4.390049317206e-05, 1.2800e+02, 0.0000e+00, 
 2DIAGNOSTIC,    15, -5.024261986305e-01, 3.114183530960e-05, 1.2800e+02, 0.0000e+00, 
 2DIAGNOSTIC,    16, -5.024696632577e-01, 2.148257216414e-05, 1.2800e+02, 0.0000e+00, 
 2DIAGNOSTIC,    17, -5.025257378231e-01, 1.526993084682e-05, 1.2800e+02, 0.0000e+00, 
 2DIAGNOSTIC,    18, -5.025239833036e-01, 1.332321647896e-05, 1.2800e+02, 0.0000e+00, 
 2DIAGNOSTIC,    19, -5.025246489166e-01, 1.376268684185e-05, 1.2800e+02, 0.0000e+00, 
 2DIAGNOSTIC,    20, -5.025322123852e-01, 1.365507085614e-05, 1.2800e+02, 0.0000e+00, 
 2DIAGNOSTIC,    21, -5.025461655768e-01, 1.281081064407e-05, 1.2800e+02, 0.0000e+00, 
 2DIAGNOSTIC,    22, -5.025541484235e-01, 1.128244078812e-05, 1.2800e+02, 0.0000e+00, 
 2DIAGNOSTIC,    23, -5.025537209965e-01, 9.238442000195e-06, 1.2800e+02, 0.0000e+00, 
 2DIAGNOSTIC,    24, -5.025515003166e-01, 6.755687231859e-06, 1.2800e+02, 0.0000e+00, 
 2DIAGNOSTIC,    25, -5.025522264369e-01, 4.487708598962e-06, 1.2800e+02, 0.0000e+00, 
 2DIAGNOSTIC,    26, -5.025501767345e-01, 2.950462046673e-06, 1.2800e+02, 0.0000e+00, 
 2DIAGNOSTIC,    27, -5.025520855191e-01, 2.580246833334e-06, 1.2800e+02, 0.0000e+00, 
 2DIAGNOSTIC,    28, -5.025514771614e-01, 2.060954032476e-06, 1.2800e+02, 0.0000e+00, 
 2DIAGNOSTIC,    29, -5.025482942397e-01, 1.443523043279e-06, 1.2800e+02, 0.0000e+00, 
DIAGNOSTIC,Iteration,metricValue,convergenceValue,ITERATION_TIME_INDEX,SINCE_LAST
 2DIAGNOSTIC,     1, -4.667957550492e-01, 1.797693134862e+308, 1.2800e+02, 0.0000e+00, 
 2DIAGNOSTIC,     2, -4.669530971684e-01, 1.797693134862e+308, 1.2800e+02, 0.0000e+00, 
 2DIAGNOSTIC,     3, -4.670090529071e-01, 1.797693134862e+308, 1.2800e+02, 0.0000e+00, 
 2DIAGNOSTIC,     4, -4.670125676306e-01, 1.797693134862e+308, 1.2800e+02, 0.0000e+00, 
 2DIAGNOSTIC,     5, -4.670249048373e-01, 1.797693134862e+308, 1.2800e+02, 0.0000e+00, 
 2DIAGNOSTIC,     6, -4.670278905917e-01, 1.797693134862e+308, 1.2800e+02, 0.0000e+00, 
 2DIAGNOSTIC,     7, -4.670277955257e-01, 1.797693134862e+308, 1.2800e+02, 0.0000e+00, 
 2DIAGNOSTIC,     8, -4.670278486653e-01, 1.797693134862e+308, 1.2800e+02, 0.0000e+00, 
 2DIAGNOSTIC,     9, -4.670271149414e-01, 1.797693134862e+308, 1.2800e+02, 0.0000e+00, 
 2DIAGNOSTIC,    10, -4.670268748153e-01, 2.244786300315e-05, 1.2800e+02, 0.0000e+00, 
 2DIAGNOSTIC,    11, -4.670269916357e-01, 8.482020499787e-06, 1.2800e+02, 0.0000e+00, 
 2DIAGNOSTIC,    12, -4.670269086234e-01, 4.247798685117e-06, 1.2800e+02, 0.0000e+00, 
 2DIAGNOSTIC,    13, -4.670269439306e-01, 3.146661786760e-06, 1.2800e+02, 0.0000e+00, 
 2DIAGNOSTIC,    14, -4.670268929675e-01, 2.276545053040e-06, 1.2800e+02, 0.0000e+00, 
 2DIAGNOSTIC,    15, -4.670270335023e-01, 2.025100226011e-06, 2.5600e+02, 1.2800e+02, 
 2DIAGNOSTIC,    16, -4.670268731260e-01, 1.920816877971e-06, 2.5600e+02, 0.0000e+00, 
 2DIAGNOSTIC,    17, -4.670266101310e-01, 1.821902423718e-06, 2.5600e+02, 0.0000e+00, 
 2DIAGNOSTIC,    18, -4.670268616524e-01, 1.749779200887e-06, 2.5600e+02, 0.0000e+00, 
 2DIAGNOSTIC,    19, -4.670268589665e-01, 1.663096359988e-06, 2.5600e+02, 0.0000e+00, 
 2DIAGNOSTIC,    20, -4.670268246953e-01, 1.577572171924e-06, 2.5600e+02, 0.0000e+00, 
 2DIAGNOSTIC,    21, -4.670268341848e-01, 1.505358395992e-06, 2.5600e+02, 0.0000e+00, 
 2DIAGNOSTIC,    22, -4.670268490937e-01, 1.438819695068e-06, 2.5600e+02, 0.0000e+00, 
 2DIAGNOSTIC,    23, -4.670268625788e-01, 1.379931009536e-06, 2.5600e+02, 0.0000e+00, 
 2DIAGNOSTIC,    24, -4.670267733493e-01, 1.322409702360e-06, 2.5600e+02, 0.0000e+00, 
 2DIAGNOSTIC,    25, -4.670266936237e-01, 1.271476432294e-06, 2.5600e+02, 0.0000e+00, 
 2DIAGNOSTIC,    26, -4.670267056528e-01, 1.221356726526e-06, 2.5600e+02, 0.0000e+00, 
 2DIAGNOSTIC,    27, -4.670267045230e-01, 1.168951841483e-06, 2.5600e+02, 0.0000e+00, 
 2DIAGNOSTIC,    28, -4.670265883290e-01, 1.124074546666e-06, 2.5600e+02, 0.0000e+00, 
 2DIAGNOSTIC,    29, -4.670266130715e-01, 1.084029116624e-06, 2.5600e+02, 0.0000e+00, 
 2DIAGNOSTIC,    30, -4.670266140860e-01, 1.047190401046e-06, 2.5600e+02, 0.0000e+00, 
 2DIAGNOSTIC,    31, -4.670266113825e-01, 1.014044194746e-06, 2.5600e+02, 0.0000e+00, 
  Elapsed time (stage 0): 2.5600e+02


Total elapsed time: 2.5600e+02
Info [verificarlo]: loaded backend libinterflop_ieee.so
Info [interflop-ieee]: load backend with:
Info [interflop-ieee]: debug = false
Info [interflop-ieee]: debug-binary = false
Info [interflop-ieee]: no-backend-name = false
Info [interflop-ieee]: print-new-line = false
Info [interflop-ieee]: print-subnormal-normalized = false
Info [interflop-ieee]: count-op = false
All_Command_lines_OK
Using double precision for computations.
=============================================================================
The composite transform comprises the following transforms (in order): 
  1. /home/mdugre/scratch/mri-registration-rp/datasets/ds004513/derivatives/mri-registration-rp/0100/antsRegistration-r7-p23/sub-s032/rigid_Composite.h5[0] (type = Euler3DTransform)
  2. /home/mdugre/scratch/mri-registration-rp/datasets/ds004513/derivatives/mri-registration-rp/0100/antsRegistration-r7-p23/sub-s032/rigid_Composite.h5[1] (type = Euler3DTransform)
  3. /home/mdugre/scratch/mri-registration-rp/datasets/ds004513/derivatives/mri-registration-rp/0100/antsRegistration-r7-p23/sub-s032/rigid_Composite.h5[2] (type = Euler3DTransform)
=============================================================================
  number of levels = 4
  fixed image: /templateflow/tpl-MNI152NLin2009cAsym/tpl-MNI152NLin2009cAsym_res-01_desc-brain_T1w.nii.gz
  moving image: /home/mdugre/scratch/mri-registration-rp/datasets/ds004513/derivatives/mri-registration-rp/antsBrainExtraction/sub-s032/BrainExtractionBrain.nii.gz
Dimension = 3
Number of stages = 1
Use histogram matching = false
Winsorize image intensities = true
  Lower quantile = 0.005
  Upper quantile = 0.995


Stage 1 State
   Image metric = MattesMI
     Fixed image = Image (0x3f697e0)
  RTTI typeinfo:   itk::Image<double, 3u>
  Reference Count: 2
  Modified Time: 1592
  Debug: Off
  Object Name: 
  Observers: 
    none
  Source: (none)
  Source output name: (none)
  Release Data: Off
  Data Released: False
  Global Release Data: Off
  PipelineMTime: 0
  UpdateMTime: 1203
  RealTimeStamp: 0 seconds 
  LargestPossibleRegion: 
    Dimension: 3
    Index: [0, 0, 0]
    Size: [193, 229, 193]
  BufferedRegion: 
    Dimension: 3
    Index: [0, 0, 0]
    Size: [193, 229, 193]
  RequestedRegion: 
    Dimension: 3
    Index: [0, 0, 0]
    Size: [193, 229, 193]
  Spacing: [1, 1, 1]
  Origin: [96, 132, -78]
  Direction: 
-1 0 0
0 -1 0
0 0 1

  IndexToPointMatrix: 
-1 0 0
0 -1 0
0 0 1

  PointToIndexMatrix: 
-1 0 0
0 -1 0
0 0 1

  Inverse Direction: 
-1 0 0
0 -1 0
0 0 1

  PixelContainer: 
    ImportImageContainer (0x4029a20)
      RTTI typeinfo:   itk::ImportImageContainer<unsigned long, double>
      Reference Count: 1
      Modified Time: 1200
      Debug: Off
      Object Name: 
      Observers: 
        none
      Pointer: 0x15490deaf010
      Container manages memory: true
      Size: 8530021
      Capacity: 8530021

     Moving image = Image (0x4034840)
  RTTI typeinfo:   itk::Image<double, 3u>
  Reference Count: 2
  Modified Time: 1593
  Debug: Off
  Object Name: 
  Observers: 
    none
  Source: (none)
  Source output name: (none)
  Release Data: Off
  Data Released: False
  Global Release Data: Off
  PipelineMTime: 0
  UpdateMTime: 1590
  RealTimeStamp: 0 seconds 
  LargestPossibleRegion: 
    Dimension: 3
    Index: [0, 0, 0]
    Size: [160, 240, 256]
  BufferedRegion: 
    Dimension: 3
    Index: [0, 0, 0]
    Size: [160, 240, 256]
  RequestedRegion: 
    Dimension: 3
    Index: [0, 0, 0]
    Size: [160, 240, 256]
  Spacing: [1, 1, 1]
  Origin: [73.279, 104.707, -131.187]
  Direction: 
-0.997527 0.0645574 -0.0278053
-0.0645323 -0.997914 -0.00179875
-0.0278634 4.01097e-08 0.999612

  IndexToPointMatrix: 
-0.997527 0.0645574 -0.0278053
-0.0645323 -0.997914 -0.00179875
-0.0278634 4.01097e-08 0.999612

  PointToIndexMatrix: 
-0.997527 -0.0645323 -0.0278634
0.0645574 -0.997914 4.01049e-08
-0.0278053 -0.00179875 0.999612

  Inverse Direction: 
-0.997527 -0.0645323 -0.0278634
0.0645574 -0.997914 4.01049e-08
-0.0278053 -0.00179875 0.999612

  PixelContainer: 
    ImportImageContainer (0x3fdcc90)
      RTTI typeinfo:   itk::ImportImageContainer<unsigned long, double>
      Reference Count: 1
      Modified Time: 1587
      Debug: Off
      Object Name: 
      Observers: 
        none
      Pointer: 0x1549093ae010
      Container manages memory: true
      Size: 9830400
      Capacity: 9830400

     Weighting = 1
     Sampling strategy = regular
     Number of bins = 32
     Radius = 4
     Sampling percentage  = 0.25
   Transform = Affine
     Gradient step = 0.1
     Update field sigma (voxel space) = 0
     Total field sigma (voxel space) = 0
     Update field time sigma = 0
     Total field time sigma  = 0
     Number of time indices = 0
     Number of time point samples = 0
Registration using 1 total stages.

Stage 0
  iterations = 1000x500x250x100
  convergence threshold = 1e-06
  convergence window size = 10
  number of levels = 4
  using the Mattes MI metric (number of bins = 32, weight = 1, use gradient filter = 0)
  preprocessing:  winsorizing the image intensities
  Shrink factors (level 1 out of 4): [8, 8, 8]
  Shrink factors (level 2 out of 4): [4, 4, 4]
  Shrink factors (level 3 out of 4): [2, 2, 2]
  Shrink factors (level 4 out of 4): [1, 1, 1]
  smoothing sigmas per level: [3, 2, 1, 0]
  regular sampling (percentage = 0.25)

*** Running AffineTransform registration ***

DIAGNOSTIC,Iteration,metricValue,convergenceValue,ITERATION_TIME_INDEX,SINCE_LAST
 2DIAGNOSTIC,     1, -6.853793536909e-01, 1.797693134862e+308, 7.3615e-01, 7.3615e-01, 
 2DIAGNOSTIC,     2, -6.873059065544e-01, 1.797693134862e+308, 7.4178e-01, 5.6338e-03, 
 2DIAGNOSTIC,     3, -6.913960272078e-01, 1.797693134862e+308, 7.4774e-01, 5.9590e-03, 
 2DIAGNOSTIC,     4, -7.194051081502e-01, 1.797693134862e+308, 7.5476e-01, 7.0150e-03, 
 2DIAGNOSTIC,     5, -7.224365797708e-01, 1.797693134862e+308, 7.6050e-01, 5.7459e-03, 
 2DIAGNOSTIC,     6, -7.225390145249e-01, 1.797693134862e+308, 7.6721e-01, 6.7029e-03, 
 2DIAGNOSTIC,     7, -7.223884386700e-01, 1.797693134862e+308, 7.7195e-01, 4.7481e-03, 
 2DIAGNOSTIC,     8, -7.226347136554e-01, 1.797693134862e+308, 7.7751e-01, 5.5549e-03, 
 2DIAGNOSTIC,     9, -7.227690310101e-01, 1.797693134862e+308, 7.8228e-01, 4.7710e-03, 
 2DIAGNOSTIC,    10, -7.230310522581e-01, 3.675066561923e-03, 7.8732e-01, 5.0399e-03, 
 2DIAGNOSTIC,    11, -7.234548905366e-01, 2.402379556925e-03, 7.9234e-01, 5.0242e-03, 
 2DIAGNOSTIC,    12, -7.240386705192e-01, 1.221754580323e-03, 7.9732e-01, 4.9729e-03, 
 2DIAGNOSTIC,    13, -7.248665501577e-01, 2.418601503935e-04, 8.0229e-01, 4.9689e-03, 
 2DIAGNOSTIC,    14, -7.259684532817e-01, 2.051500504490e-04, 8.0720e-01, 4.9181e-03, 
 2DIAGNOSTIC,    15, -7.275400177025e-01, 2.761165886973e-04, 8.1227e-01, 5.0671e-03, 
 2DIAGNOSTIC,    16, -7.313347578741e-01, 4.089168214138e-04, 8.1837e-01, 6.0959e-03, 
 2DIAGNOSTIC,    17, -7.337001065375e-01, 5.378110729659e-04, 8.2438e-01, 6.0129e-03, 
 2DIAGNOSTIC,    18, -7.354431483327e-01, 6.460069078813e-04, 8.3100e-01, 6.6221e-03, 
 2DIAGNOSTIC,    19, -7.369313746684e-01, 7.169872574955e-04, 8.3758e-01, 6.5820e-03, 
 2DIAGNOSTIC,    20, -7.378140688947e-01, 7.364539402503e-04, 8.4278e-01, 5.1999e-03, 
 2DIAGNOSTIC,    21, -7.392607890816e-01, 7.197769623315e-04, 8.4804e-01, 5.2581e-03, 
 2DIAGNOSTIC,    22, -7.405007351948e-01, 6.692815778063e-04, 8.5352e-01, 5.4820e-03, 
 2DIAGNOSTIC,    23, -7.408590477302e-01, 5.811412609228e-04, 8.5938e-01, 5.8560e-03, 
 2DIAGNOSTIC,    24, -7.411997707599e-01, 4.703365196787e-04, 8.6685e-01, 7.4689e-03, 
 2DIAGNOSTIC,    25, -7.412040710864e-01, 3.483216964894e-04, 8.7161e-01, 4.7569e-03, 
 2DIAGNOSTIC,    26, -7.412005852936e-01, 2.597233626967e-04, 8.7660e-01, 4.9961e-03, 
 2DIAGNOSTIC,    27, -7.412945470872e-01, 1.885722402400e-04, 8.8145e-01, 4.8492e-03, 
 2DIAGNOSTIC,    28, -7.413733301658e-01, 1.300698815233e-04, 8.8626e-01, 4.8039e-03, 
 2DIAGNOSTIC,    29, -7.415551974530e-01, 8.607637443978e-05, 8.9106e-01, 4.8029e-03, 
 2DIAGNOSTIC,    30, -7.416594454875e-01, 4.957020903323e-05, 8.9639e-01, 5.3291e-03, 
 2DIAGNOSTIC,    31, -7.418361035988e-01, 3.099468846828e-05, 9.0172e-01, 5.3329e-03, 
 2DIAGNOSTIC,    32, -7.419090963434e-01, 2.666294391689e-05, 9.0814e-01, 6.4240e-03, 
 2DIAGNOSTIC,    33, -7.419657392488e-01, 2.494618550537e-05, 9.1295e-01, 4.8091e-03, 
 2DIAGNOSTIC,    34, -7.419535702861e-01, 2.482082878198e-05, 9.1861e-01, 5.6570e-03, 
 2DIAGNOSTIC,    35, -7.423332060948e-01, 2.672582442043e-05, 9.2393e-01, 5.3241e-03, 
 2DIAGNOSTIC,    36, -7.423577641902e-01, 2.616332267553e-05, 9.3069e-01, 6.7530e-03, 
 2DIAGNOSTIC,    37, -7.422947366264e-01, 2.358732534605e-05, 9.3555e-01, 4.8599e-03, 
 2DIAGNOSTIC,    38, -7.424447539565e-01, 2.139004836418e-05, 9.4110e-01, 5.5492e-03, 
 2DIAGNOSTIC,    39, -7.424994860218e-01, 1.965160998678e-05, 9.4590e-01, 4.8048e-03, 
 2DIAGNOSTIC,    40, -7.424473855760e-01, 1.661167302084e-05, 9.5069e-01, 4.7898e-03, 
 2DIAGNOSTIC,    41, -7.424853288240e-01, 1.426104515705e-05, 9.5582e-01, 5.1248e-03, 
 2DIAGNOSTIC,    42, -7.423329444288e-01, 1.004094964526e-05, 9.6089e-01, 5.0769e-03, 
 2DIAGNOSTIC,    43, -7.423892556327e-01, 6.215365043857e-06, 9.6628e-01, 5.3892e-03, 
 2DIAGNOSTIC,    44, -7.424275825036e-01, 2.135690351155e-06, 9.7138e-01, 5.1019e-03, 
DIAGNOSTIC,Iteration,metricValue,convergenceValue,ITERATION_TIME_INDEX,SINCE_LAST
 2DIAGNOSTIC,     1, -5.968386620224e-01, 1.797693134862e+308, 1.6837e+00, 7.1234e-01, 
 2DIAGNOSTIC,     2, -5.975548854040e-01, 1.797693134862e+308, 1.7181e+00, 3.4344e-02, 
 2DIAGNOSTIC,     3, -5.982970456483e-01, 1.797693134862e+308, 1.7513e+00, 3.3270e-02, 
 2DIAGNOSTIC,     4, -5.993428282123e-01, 1.797693134862e+308, 1.7838e+00, 3.2448e-02, 
 2DIAGNOSTIC,     5, -6.005288746428e-01, 1.797693134862e+308, 1.8173e+00, 3.3490e-02, 
 2DIAGNOSTIC,     6, -6.028737090128e-01, 1.797693134862e+308, 1.8548e+00, 3.7550e-02, 
 2DIAGNOSTIC,     7, -6.077184067807e-01, 1.797693134862e+308, 1.9206e+00, 6.5755e-02, 
 2DIAGNOSTIC,     8, -6.077340830502e-01, 1.797693134862e+308, 1.9570e+00, 3.6400e-02, 
 2DIAGNOSTIC,     9, -6.076968609440e-01, 1.797693134862e+308, 2.0045e+00, 4.7489e-02, 
 2DIAGNOSTIC,    10, -6.076738655677e-01, 1.447213462586e-03, 2.0413e+00, 3.6866e-02, 
 2DIAGNOSTIC,    11, -6.076694218938e-01, 1.216864564379e-03, 2.0767e+00, 3.5347e-02, 
 2DIAGNOSTIC,    12, -6.076671449600e-01, 9.412505441992e-04, 2.1128e+00, 3.6103e-02, 
 2DIAGNOSTIC,    13, -6.076525864535e-01, 6.500968798327e-04, 2.1448e+00, 3.2045e-02, 
 2DIAGNOSTIC,    14, -6.076508717784e-01, 3.795703144757e-04, 2.1800e+00, 3.5187e-02, 
 2DIAGNOSTIC,    15, -6.076490647129e-01, 1.477572741071e-04, 2.2140e+00, 3.3957e-02, 
DIAGNOSTIC,Iteration,metricValue,convergenceValue,ITERATION_TIME_INDEX,SINCE_LAST
 2DIAGNOSTIC,     1, -5.431396868600e-01, 1.797693134862e+308, 3.3236e+00, 1.1097e+00, 
 2DIAGNOSTIC,     2, -5.434411340929e-01, 1.797693134862e+308, 3.5969e+00, 2.7329e-01, 
 2DIAGNOSTIC,     3, -5.437212070584e-01, 1.797693134862e+308, 3.8799e+00, 2.8295e-01, 
 2DIAGNOSTIC,     4, -5.439301450214e-01, 1.797693134862e+308, 4.1538e+00, 2.7396e-01, 
 2DIAGNOSTIC,     5, -5.440356415434e-01, 1.797693134862e+308, 4.4541e+00, 3.0030e-01, 
 2DIAGNOSTIC,     6, -5.441466333382e-01, 1.797693134862e+308, 5.0513e+00, 5.9719e-01, 
 2DIAGNOSTIC,     7, -5.441466100941e-01, 1.797693134862e+308, 5.3616e+00, 3.1025e-01, 
 2DIAGNOSTIC,     8, -5.441472090693e-01, 1.797693134862e+308, 5.6281e+00, 2.6649e-01, 
 2DIAGNOSTIC,     9, -5.441503970628e-01, 1.797693134862e+308, 5.9123e+00, 2.8422e-01, 
 2DIAGNOSTIC,    10, -5.441569406744e-01, 1.105824777945e-04, 6.1870e+00, 2.7467e-01, 
 2DIAGNOSTIC,    11, -5.441659472805e-01, 6.522326259602e-05, 6.4622e+00, 2.7524e-01, 
 2DIAGNOSTIC,    12, -5.441800247849e-01, 3.538782261008e-05, 6.7414e+00, 2.7916e-01, 
 2DIAGNOSTIC,    13, -5.441961607036e-01, 1.896801807512e-05, 7.0115e+00, 2.7017e-01, 
 2DIAGNOSTIC,    14, -5.442248162957e-01, 1.218956655911e-05, 7.2909e+00, 2.7934e-01, 
 2DIAGNOSTIC,    15, -5.442550261750e-01, 1.000674864066e-05, 7.5718e+00, 2.8096e-01, 
 2DIAGNOSTIC,    16, -5.443143420060e-01, 1.292061601822e-05, 7.8397e+00, 2.6787e-01, 
 2DIAGNOSTIC,    17, -5.443759258800e-01, 1.634385304474e-05, 8.1185e+00, 2.7875e-01, 
 2DIAGNOSTIC,    18, -5.444559904394e-01, 2.036559596638e-05, 8.3792e+00, 2.6075e-01, 
 2DIAGNOSTIC,    19, -5.445580303468e-01, 2.510313106051e-05, 8.6561e+00, 2.7685e-01, 
 2DIAGNOSTIC,    20, -5.446893189995e-01, 3.074661334626e-05, 9.2800e+00, 6.2395e-01, 
 2DIAGNOSTIC,    21, -5.446889515294e-01, 3.329369650119e-05, 9.6278e+00, 3.4780e-01, 
 2DIAGNOSTIC,    22, -5.446881091042e-01, 3.300536959301e-05, 1.0039e+01, 4.1137e-01, 
 2DIAGNOSTIC,    23, -5.446875445544e-01, 3.015914679866e-05, 1.0287e+01, 2.4755e-01, 
 2DIAGNOSTIC,    24, -5.446842929191e-01, 2.536967632672e-05, 1.0584e+01, 2.9747e-01, 
 2DIAGNOSTIC,    25, -5.446849969301e-01, 1.930633256573e-05, 1.0872e+01, 2.8828e-01, 
 2DIAGNOSTIC,    26, -5.446846031316e-01, 1.320345246286e-05, 1.1157e+01, 2.8442e-01, 
 2DIAGNOSTIC,    27, -5.446833056689e-01, 7.611145142535e-06, 1.1454e+01, 2.9756e-01, 
 2DIAGNOSTIC,    28, -5.446834548772e-01, 3.283941684640e-06, 1.1787e+01, 3.3267e-01, 
DIAGNOSTIC,Iteration,metricValue,convergenceValue,ITERATION_TIME_INDEX,SINCE_LAST
 2DIAGNOSTIC,     1, -4.998009982168e-01, 1.797693134862e+308, 1.4533e+01, 2.7455e+00, 
 2DIAGNOSTIC,     2, -4.999698416503e-01, 1.797693134862e+308, 1.6077e+01, 1.5441e+00, 
 2DIAGNOSTIC,     3, -5.001771075886e-01, 1.797693134862e+308, 1.7619e+01, 1.5426e+00, 
 2DIAGNOSTIC,     4, -5.004808265793e-01, 1.797693134862e+308, 1.9754e+01, 2.1348e+00, 
 2DIAGNOSTIC,     5, -5.005169945480e-01, 1.797693134862e+308, 2.2729e+01, 2.9753e+00, 
 2DIAGNOSTIC,     6, -5.005177370396e-01, 1.797693134862e+308, 2.5570e+01, 2.8405e+00, 
