
##########################
# Experiment information #
##########################

EXPERIMENT_NAME: antsRegistration-r8-p11
VFC_BACKENDS: libinterflop_vprec.so --range-binary32=8 --precision-binary32=11 --range-binary64=8 --precision-binary64=11

SIF_IMG: /home/mdugre/projects/rrg-glatard/mdugre/containers/ants-vprec-no_metrics.simg

SUBJECT_ID: s017
INPUT_IMG: /home/mdugre/scratch/mri-registration-rp/datasets/ds004513/derivatives/mri-registration-rp/antsBrainExtraction/sub-s017/BrainExtractionBrain.nii.gz
OUTPUT_DIR: /home/mdugre/scratch/mri-registration-rp/datasets/ds004513/derivatives/mri-registration-rp/0100/antsRegistration-r8-p11/sub-s017

FIXED_IMG: /templateflow/tpl-MNI152NLin2009cAsym/tpl-MNI152NLin2009cAsym_res-01_desc-brain_T1w.nii.gz
DATA_DIR: /home/mdugre/scratch/mri-registration-rp/datasets/ds004513
TEMPLATEFLOW_DIR: /home/mdugre/projects/rrg-glatard/mdugre/templateflow
ITK_GLOBAL_DEFAULT_NUMBER_OF_THREADS: 16
##########################

Info [verificarlo]: loaded backend libinterflop_ieee.so
Info [interflop-ieee]: load backend with:
Info [interflop-ieee]: debug = false
Info [interflop-ieee]: debug-binary = false
Info [interflop-ieee]: no-backend-name = false
Info [interflop-ieee]: print-new-line = false
Info [interflop-ieee]: print-subnormal-normalized = false
Info [interflop-ieee]: count-op = false
All_Command_lines_OK
Using double precision for computations.
=============================================================================
The composite transform comprises the following transforms (in order): 
  1. Center of mass alignment using fixed image: /templateflow/tpl-MNI152NLin2009cAsym/tpl-MNI152NLin2009cAsym_res-01_desc-brain_T1w.nii.gz and moving image: /home/mdugre/scratch/mri-registration-rp/datasets/ds004513/derivatives/mri-registration-rp/antsBrainExtraction/sub-s017/BrainExtractionBrain.nii.gz (type = Euler3DTransform)
=============================================================================
  number of levels = 1
  fixed image: /templateflow/tpl-MNI152NLin2009cAsym/tpl-MNI152NLin2009cAsym_res-01_desc-brain_T1w.nii.gz
  moving image: /home/mdugre/scratch/mri-registration-rp/datasets/ds004513/derivatives/mri-registration-rp/antsBrainExtraction/sub-s017/BrainExtractionBrain.nii.gz
Dimension = 3
Number of stages = 1
Use histogram matching = false
Winsorize image intensities = true
  Lower quantile = 0.005
  Upper quantile = 0.995


Stage 1 State
   Image metric = MattesMI
     Fixed image = Image (0x3a0ce70)
  RTTI typeinfo:   itk::Image<double, 3u>
  Reference Count: 2
  Modified Time: 2334
  Debug: Off
  Object Name: 
  Observers: 
    none
  Source: (none)
  Source output name: (none)
  Release Data: Off
  Data Released: False
  Global Release Data: Off
  PipelineMTime: 0
  UpdateMTime: 1943
  RealTimeStamp: 0 seconds 
  LargestPossibleRegion: 
    Dimension: 3
    Index: [0, 0, 0]
    Size: [193, 229, 193]
  BufferedRegion: 
    Dimension: 3
    Index: [0, 0, 0]
    Size: [193, 229, 193]
  RequestedRegion: 
    Dimension: 3
    Index: [0, 0, 0]
    Size: [193, 229, 193]
  Spacing: [1, 1, 1]
  Origin: [96, 132, -78]
  Direction: 
-1 0 0
0 -1 0
0 0 1

  IndexToPointMatrix: 
-1 0 0
0 -1 0
0 0 1

  PointToIndexMatrix: 
-1 0 0
0 -1 0
0 0 1

  Inverse Direction: 
-1 0 0
0 -1 0
0 0 1

  PixelContainer: 
    ImportImageContainer (0x3a15c60)
      RTTI typeinfo:   itk::ImportImageContainer<unsigned long, double>
      Reference Count: 1
      Modified Time: 1940
      Debug: Off
      Object Name: 
      Observers: 
        none
      Pointer: 0x14f29b071010
      Container manages memory: true
      Size: 8530021
      Capacity: 8530021

     Moving image = Image (0x3a18610)
  RTTI typeinfo:   itk::Image<double, 3u>
  Reference Count: 2
  Modified Time: 2335
  Debug: Off
  Object Name: 
  Observers: 
    none
  Source: (none)
  Source output name: (none)
  Release Data: Off
  Data Released: False
  Global Release Data: Off
  PipelineMTime: 0
  UpdateMTime: 2332
  RealTimeStamp: 0 seconds 
  LargestPossibleRegion: 
    Dimension: 3
    Index: [0, 0, 0]
    Size: [160, 240, 256]
  BufferedRegion: 
    Dimension: 3
    Index: [0, 0, 0]
    Size: [160, 240, 256]
  RequestedRegion: 
    Dimension: 3
    Index: [0, 0, 0]
    Size: [160, 240, 256]
  Spacing: [1, 1, 1]
  Origin: [91.3357, 102.231, -120.042]
  Direction: 
-0.997442 -5.36781e-05 -0.0714818
5.35416e-05 -1 3.82465e-06
-0.0714818 -1.23894e-08 0.997442

  IndexToPointMatrix: 
-0.997444 -5.36781e-05 -0.0714818
5.35418e-05 -1 3.82465e-06
-0.0714819 -1.23894e-08 0.997442

  PointToIndexMatrix: 
-0.99744 5.35415e-05 -0.0714816
-5.36781e-05 -1 -1.23894e-08
-0.0714818 3.82465e-06 0.997442

  Inverse Direction: 
-0.997442 5.35416e-05 -0.0714818
-5.36781e-05 -1 -1.23894e-08
-0.0714818 3.82465e-06 0.997442

  PixelContainer: 
    ImportImageContainer (0x3ab1ef0)
      RTTI typeinfo:   itk::ImportImageContainer<unsigned long, double>
      Reference Count: 1
      Modified Time: 2329
      Debug: Off
      Object Name: 
      Observers: 
        none
      Pointer: 0x14f296570010
      Container manages memory: true
      Size: 9830400
      Capacity: 9830400

     Weighting = 1
     Sampling strategy = regular
     Number of bins = 32
     Radius = 4
     Sampling percentage  = 0.25
   Transform = Rigid
     Gradient step = 0.1
     Update field sigma (voxel space) = 0
     Total field sigma (voxel space) = 0
     Update field time sigma = 0
     Total field time sigma  = 0
     Number of time indices = 0
     Number of time point samples = 0
Registration using 1 total stages.

Stage 0
  iterations = 0
  convergence threshold = 1e-06
  convergence window size = 10
  number of levels = 1
  using the Mattes MI metric (number of bins = 32, weight = 1, use gradient filter = 0)
  preprocessing:  winsorizing the image intensities
  Shrink factors (level 1 out of 1): [1, 1, 1]
  smoothing sigmas per level: [0]
  regular sampling (percentage = 0.25)

*** Running Euler3DTransform registration ***

  Elapsed time (stage 0): 1.0793


Total elapsed time: 1.08145
Info [verificarlo]: loaded backend libinterflop_vprec.so
Info [interflop-vprec]: load backend with: 
Info [interflop-vprec]: precision-binary32 = 11
Info [interflop-vprec]: range-binary32 = 8
Info [interflop-vprec]: precision-binary64 = 11
Info [interflop-vprec]: range-binary64 = 8
Info [interflop-vprec]: mode = ob
Info [interflop-vprec]: error-mode = rel
Info [interflop-vprec]: max-abs-error-exponent = -1022
Info [interflop-vprec]: daz = false
Info [interflop-vprec]: ftz = false
Info [interflop-vprec]: 	instrument = none
Info [interflop-vprec]: 	prec-input-file = (null)
Info [interflop-vprec]: 	prec-output-file = (null)
Info [interflop-vprec]: 	prec-log-file = (null)
All_Command_lines_OK
Using double precision for computations.
=============================================================================
The composite transform comprises the following transforms (in order): 
  1. /home/mdugre/scratch/mri-registration-rp/datasets/ds004513/derivatives/mri-registration-rp/0100/antsRegistration-r8-p11/sub-s017/align_Composite.h5[0] (type = Euler3DTransform)
  2. /home/mdugre/scratch/mri-registration-rp/datasets/ds004513/derivatives/mri-registration-rp/0100/antsRegistration-r8-p11/sub-s017/align_Composite.h5[1] (type = Euler3DTransform)
=============================================================================
  number of levels = 4
  fixed image: /templateflow/tpl-MNI152NLin2009cAsym/tpl-MNI152NLin2009cAsym_res-01_desc-brain_T1w.nii.gz
  moving image: /home/mdugre/scratch/mri-registration-rp/datasets/ds004513/derivatives/mri-registration-rp/antsBrainExtraction/sub-s017/BrainExtractionBrain.nii.gz
Dimension = 3
Number of stages = 1
Use histogram matching = false
Winsorize image intensities = true
  Lower quantile = 0.005
  Upper quantile = 0.995


Stage 1 State
   Image metric = MattesMI
     Fixed image = Image (0x49481e0)
  RTTI typeinfo:   itk::Image<double, 3u>
  Reference Count: 2
  Modified Time: 1578
  Debug: Off
  Object Name: 
  Observers: 
    none
  Source: (none)
  Source output name: (none)
  Release Data: Off
  Data Released: False
  Global Release Data: Off
  PipelineMTime: 0
  UpdateMTime: 1189
  RealTimeStamp: 0 seconds 
  LargestPossibleRegion: 
    Dimension: 3
    Index: [0, 0, 0]
    Size: [193, 229, 193]
  BufferedRegion: 
    Dimension: 3
    Index: [0, 0, 0]
    Size: [193, 229, 193]
  RequestedRegion: 
    Dimension: 3
    Index: [0, 0, 0]
    Size: [193, 229, 193]
  Spacing: [1, 1, 1]
  Origin: [96, 132, -78]
  Direction: 
-1 0 0
0 -1 0
0 0 1

  IndexToPointMatrix: 
-1 0 0
0 -1 0
0 0 1

  PointToIndexMatrix: 
-1 0 0
0 -1 0
0 0 1

  Inverse Direction: 
-1 0 0
0 -1 0
0 0 1

  PixelContainer: 
    ImportImageContainer (0x4a07680)
      RTTI typeinfo:   itk::ImportImageContainer<unsigned long, double>
      Reference Count: 1
      Modified Time: 1186
      Debug: Off
      Object Name: 
      Observers: 
        none
      Pointer: 0x153655837010
      Container manages memory: true
      Size: 8530021
      Capacity: 8530021

     Moving image = Image (0x4a03b20)
  RTTI typeinfo:   itk::Image<double, 3u>
  Reference Count: 2
  Modified Time: 1579
  Debug: Off
  Object Name: 
  Observers: 
    none
  Source: (none)
  Source output name: (none)
  Release Data: Off
  Data Released: False
  Global Release Data: Off
  PipelineMTime: 0
  UpdateMTime: 1576
  RealTimeStamp: 0 seconds 
  LargestPossibleRegion: 
    Dimension: 3
    Index: [0, 0, 0]
    Size: [160, 240, 256]
  BufferedRegion: 
    Dimension: 3
    Index: [0, 0, 0]
    Size: [160, 240, 256]
  RequestedRegion: 
    Dimension: 3
    Index: [0, 0, 0]
    Size: [160, 240, 256]
  Spacing: [1, 1, 1]
  Origin: [91.3438, 102.219, -120.031]
  Direction: 
-0.997559 -5.36889e-05 -0.0714722
5.35399e-05 -1 3.82401e-06
-0.0714722 -1.25729e-08 0.997559

  IndexToPointMatrix: 
-0.997559 -5.36889e-05 -0.0714722
5.35399e-05 -1 3.82401e-06
-0.0714722 -1.25729e-08 0.997559

  PointToIndexMatrix: 
-0.997559 5.35399e-05 -0.0714722
-5.3674e-05 -1 -1.11759e-08
-0.0714722 3.82587e-06 0.997559

  Inverse Direction: 
-0.997559 5.35399e-05 -0.0714722
-5.3674e-05 -1 -1.11759e-08
-0.0714722 3.82587e-06 0.997559

  PixelContainer: 
    ImportImageContainer (0x4a6cd50)
      RTTI typeinfo:   itk::ImportImageContainer<unsigned long, double>
      Reference Count: 1
      Modified Time: 1573
      Debug: Off
      Object Name: 
      Observers: 
        none
      Pointer: 0x153650d36010
      Container manages memory: true
      Size: 9830400
      Capacity: 9830400

     Weighting = 1
     Sampling strategy = regular
     Number of bins = 32
     Radius = 4
     Sampling percentage  = 0.25
   Transform = Rigid
     Gradient step = 0.1
     Update field sigma (voxel space) = 0
     Total field sigma (voxel space) = 0
     Update field time sigma = 0
     Total field time sigma  = 0
     Number of time indices = 0
     Number of time point samples = 0
Registration using 1 total stages.

Stage 0
  iterations = 1000x500x250x100
  convergence threshold = 1e-06
  convergence window size = 10
  number of levels = 4
  using the Mattes MI metric (number of bins = 32, weight = 1, use gradient filter = 0)
  preprocessing:  winsorizing the image intensities
  Shrink factors (level 1 out of 4): [8, 8, 8]
  Shrink factors (level 2 out of 4): [4, 4, 4]
  Shrink factors (level 3 out of 4): [2, 2, 2]
  Shrink factors (level 4 out of 4): [1, 1, 1]
  smoothing sigmas per level: [3, 2, 1, 0]
  regular sampling (percentage = 0.25)

*** Running Euler3DTransform registration ***

DIAGNOSTIC,Iteration,metricValue,convergenceValue,ITERATION_TIME_INDEX,SINCE_LAST
 2DIAGNOSTIC,     1, -5.536169431080e-01, 1.797693134862e+308, 0.0000e+00, 0.0000e+00, 
 2DIAGNOSTIC,     2, -5.538857809742e-01, 1.797693134862e+308, 0.0000e+00, 0.0000e+00, 
 2DIAGNOSTIC,     3, -5.539308746713e-01, 1.797693134862e+308, 0.0000e+00, 0.0000e+00, 
 2DIAGNOSTIC,     4, -5.544231454510e-01, 1.797693134862e+308, 0.0000e+00, 0.0000e+00, 
 2DIAGNOSTIC,     5, -5.552810199254e-01, 1.797693134862e+308, 0.0000e+00, 0.0000e+00, 
 2DIAGNOSTIC,     6, -5.557871786820e-01, 1.797693134862e+308, 0.0000e+00, 0.0000e+00, 
 2DIAGNOSTIC,     7, -5.572984833529e-01, 1.797693134862e+308, 0.0000e+00, 0.0000e+00, 
 2DIAGNOSTIC,     8, -5.594256124572e-01, 1.797693134862e+308, 0.0000e+00, 0.0000e+00, 
 2DIAGNOSTIC,     9, -5.634462685028e-01, 1.797693134862e+308, 0.0000e+00, 0.0000e+00, 
 2DIAGNOSTIC,    10, -5.684681383701e-01, 1.451976080619e-03, 0.0000e+00, 0.0000e+00, 
 2DIAGNOSTIC,    11, -5.719815916508e-01, 1.817459152714e-03, 0.0000e+00, 0.0000e+00, 
 2DIAGNOSTIC,    12, -5.740897332165e-01, 2.058333074491e-03, 0.0000e+00, 0.0000e+00, 
 2DIAGNOSTIC,    13, -5.757284170993e-01, 2.141376066245e-03, 0.0000e+00, 0.0000e+00, 
 2DIAGNOSTIC,    14, -5.761339449763e-01, 2.048525574313e-03, 0.0000e+00, 0.0000e+00, 
 2DIAGNOSTIC,    15, -5.760803984585e-01, 1.807597297638e-03, 0.0000e+00, 0.0000e+00, 
 2DIAGNOSTIC,    16, -5.756033792608e-01, 1.432737067380e-03, 0.0000e+00, 0.0000e+00, 
 2DIAGNOSTIC,    17, -5.755449658094e-01, 1.015112743461e-03, 0.0000e+00, 0.0000e+00, 
 2DIAGNOSTIC,    18, -5.756300493941e-01, 6.117245181893e-04, 0.0000e+00, 0.0000e+00, 
 2DIAGNOSTIC,    19, -5.756930785031e-01, 3.004312566511e-04, 0.0000e+00, 0.0000e+00, 
 2DIAGNOSTIC,    20, -5.756225186741e-01, 1.158705649636e-04, 0.0000e+00, 0.0000e+00, 
 2DIAGNOSTIC,    21, -5.756221218863e-01, 2.173783384745e-05, 0.0000e+00, 0.0000e+00, 
DIAGNOSTIC,Iteration,metricValue,convergenceValue,ITERATION_TIME_INDEX,SINCE_LAST
 2DIAGNOSTIC,     1, -4.788295112828e-01, 1.797693134862e+308, 0.0000e+00, 0.0000e+00, 
 2DIAGNOSTIC,     2, -4.793996961847e-01, 1.797693134862e+308, 0.0000e+00, 0.0000e+00, 
 2DIAGNOSTIC,     3, -4.794323765195e-01, 1.797693134862e+308, 0.0000e+00, 0.0000e+00, 
 2DIAGNOSTIC,     4, -4.797509496980e-01, 1.797693134862e+308, 0.0000e+00, 0.0000e+00, 
 2DIAGNOSTIC,     5, -4.804050712831e-01, 1.797693134862e+308, 0.0000e+00, 0.0000e+00, 
 2DIAGNOSTIC,     6, -4.814767934451e-01, 1.797693134862e+308, 0.0000e+00, 0.0000e+00, 
 2DIAGNOSTIC,     7, -4.817721629839e-01, 1.797693134862e+308, 0.0000e+00, 0.0000e+00, 
 2DIAGNOSTIC,     8, -4.823197464196e-01, 1.797693134862e+308, 0.0000e+00, 0.0000e+00, 
 2DIAGNOSTIC,     9, -4.825299444960e-01, 1.797693134862e+308, 0.0000e+00, 0.0000e+00, 
 2DIAGNOSTIC,    10, -4.827208608342e-01, 5.776462325329e-04, 0.0000e+00, 0.0000e+00, 
 2DIAGNOSTIC,    11, -4.830669216878e-01, 5.066452103935e-04, 0.0000e+00, 0.0000e+00, 
 2DIAGNOSTIC,    12, -4.831390595045e-01, 4.336380400384e-04, 0.0000e+00, 0.0000e+00, 
 2DIAGNOSTIC,    13, -4.830157898057e-01, 3.291227171197e-04, 0.0000e+00, 0.0000e+00, 
 2DIAGNOSTIC,    14, -4.833908598420e-01, 2.390461289919e-04, 0.0000e+00, 0.0000e+00, 
 2DIAGNOSTIC,    15, -4.836180520585e-01, 1.725071920737e-04, 0.0000e+00, 0.0000e+00, 
 2DIAGNOSTIC,    16, -4.835590304636e-01, 1.354952840211e-04, 0.0000e+00, 0.0000e+00, 
 2DIAGNOSTIC,    17, -4.834936573823e-01, 9.830866105792e-05, 0.0000e+00, 0.0000e+00, 
 2DIAGNOSTIC,    18, -4.834750889834e-01, 7.375443334742e-05, 0.0000e+00, 0.0000e+00, 
 2DIAGNOSTIC,    19, -4.834738214544e-01, 5.118989876347e-05, 0.0000e+00, 0.0000e+00, 
 2DIAGNOSTIC,    20, -4.834645359022e-01, 3.097401448741e-05, 0.0000e+00, 0.0000e+00, 
 2DIAGNOSTIC,    21, -4.834465736160e-01, 1.909411275765e-05, 0.0000e+00, 0.0000e+00, 
 2DIAGNOSTIC,    22, -4.834429581581e-01, 8.713275027522e-06, 0.0000e+00, 0.0000e+00, 
DIAGNOSTIC,Iteration,metricValue,convergenceValue,ITERATION_TIME_INDEX,SINCE_LAST
 2DIAGNOSTIC,     1, -4.157399573699e-01, 1.797693134862e+308, 0.0000e+00, 0.0000e+00, 
 2DIAGNOSTIC,     2, -4.157771508441e-01, 1.797693134862e+308, 0.0000e+00, 0.0000e+00, 
 2DIAGNOSTIC,     3, -4.157621524672e-01, 1.797693134862e+308, 0.0000e+00, 0.0000e+00, 
 2DIAGNOSTIC,     4, -4.157670111308e-01, 1.797693134862e+308, 0.0000e+00, 0.0000e+00, 
 2DIAGNOSTIC,     5, -4.157972006469e-01, 1.797693134862e+308, 0.0000e+00, 0.0000e+00, 
 2DIAGNOSTIC,     6, -4.158433475608e-01, 1.797693134862e+308, 0.0000e+00, 0.0000e+00, 
 2DIAGNOSTIC,     7, -4.158830416645e-01, 1.797693134862e+308, 0.0000e+00, 0.0000e+00, 
 2DIAGNOSTIC,     8, -4.158951288183e-01, 1.797693134862e+308, 0.0000e+00, 0.0000e+00, 
 2DIAGNOSTIC,     9, -4.159027783273e-01, 1.797693134862e+308, 0.0000e+00, 0.0000e+00, 
 2DIAGNOSTIC,    10, -4.159775832442e-01, 3.435115843237e-05, 0.0000e+00, 0.0000e+00, 
 2DIAGNOSTIC,    11, -4.160233458077e-01, 3.616333180606e-05, 0.0000e+00, 0.0000e+00, 
 2DIAGNOSTIC,    12, -4.160286693907e-01, 3.684163301372e-05, 0.0000e+00, 0.0000e+00, 
 2DIAGNOSTIC,    13, -4.160314446835e-01, 3.356395687913e-05, 0.0000e+00, 0.0000e+00, 
 2DIAGNOSTIC,    14, -4.160281082090e-01, 2.781146275301e-05, 0.0000e+00, 0.0000e+00, 
 2DIAGNOSTIC,    15, -4.160256025467e-01, 2.146205147188e-05, 0.0000e+00, 0.0000e+00, 
 2DIAGNOSTIC,    16, -4.160272195521e-01, 1.589897895753e-05, 0.0000e+00, 0.0000e+00, 
 2DIAGNOSTIC,    17, -4.160268595702e-01, 1.113104033761e-05, 0.0000e+00, 0.0000e+00, 
 2DIAGNOSTIC,    18, -4.160259826799e-01, 6.342509527142e-06, 0.0000e+00, 0.0000e+00, 
 2DIAGNOSTIC,    19, -4.160256649978e-01, 1.684099952791e-06, 0.0000e+00, 0.0000e+00, 
DIAGNOSTIC,Iteration,metricValue,convergenceValue,ITERATION_TIME_INDEX,SINCE_LAST
 2DIAGNOSTIC,     1, -3.835647915713e-01, 1.797693134862e+308, 0.0000e+00, 0.0000e+00, 
 2DIAGNOSTIC,     2, -3.836479408543e-01, 1.797693134862e+308, 0.0000e+00, 0.0000e+00, 
 2DIAGNOSTIC,     3, -3.837142586947e-01, 1.797693134862e+308, 0.0000e+00, 0.0000e+00, 
 2DIAGNOSTIC,     4, -3.837215034132e-01, 1.797693134862e+308, 0.0000e+00, 0.0000e+00, 
 2DIAGNOSTIC,     5, -3.836436359181e-01, 1.797693134862e+308, 0.0000e+00, 0.0000e+00, 
 2DIAGNOSTIC,     6, -3.836500436582e-01, 1.797693134862e+308, 0.0000e+00, 0.0000e+00, 
 2DIAGNOSTIC,     7, -3.837134479025e-01, 1.797693134862e+308, 0.0000e+00, 0.0000e+00, 
 2DIAGNOSTIC,     8, -3.837370397877e-01, 1.797693134862e+308, 0.0000e+00, 0.0000e+00, 
 2DIAGNOSTIC,     9, -3.837711529371e-01, 1.797693134862e+308, 0.0000e+00, 0.0000e+00, 
 2DIAGNOSTIC,    10, -3.837674024391e-01, 2.396989394715e-05, 0.0000e+00, 0.0000e+00, 
 2DIAGNOSTIC,    11, -3.837689480920e-01, 1.726886984238e-05, 0.0000e+00, 0.0000e+00, 
 2DIAGNOSTIC,    12, -3.837636227318e-01, 1.470502723667e-05, 0.0000e+00, 0.0000e+00, 
 2DIAGNOSTIC,    13, -3.837621100117e-01, 1.480389051972e-05, 0.0000e+00, 0.0000e+00, 
 2DIAGNOSTIC,    14, -3.837602688493e-01, 1.397277789381e-05, 0.0000e+00, 0.0000e+00, 
 2DIAGNOSTIC,    15, -3.837613864534e-01, 8.229904008700e-06, 0.0000e+00, 0.0000e+00, 
 2DIAGNOSTIC,    16, -3.837612588769e-01, 2.692946284660e-06, 0.0000e+00, 0.0000e+00, 
  Elapsed time (stage 0): 0.0000e+00


Total elapsed time: 0.0000e+00
Info [verificarlo]: loaded backend libinterflop_ieee.so
Info [interflop-ieee]: load backend with:
Info [interflop-ieee]: debug = false
Info [interflop-ieee]: debug-binary = false
Info [interflop-ieee]: no-backend-name = false
Info [interflop-ieee]: print-new-line = false
Info [interflop-ieee]: print-subnormal-normalized = false
Info [interflop-ieee]: count-op = false
All_Command_lines_OK
Using double precision for computations.
=============================================================================
The composite transform comprises the following transforms (in order): 
  1. /home/mdugre/scratch/mri-registration-rp/datasets/ds004513/derivatives/mri-registration-rp/0100/antsRegistration-r8-p11/sub-s017/rigid_Composite.h5[0] (type = Euler3DTransform)
  2. /home/mdugre/scratch/mri-registration-rp/datasets/ds004513/derivatives/mri-registration-rp/0100/antsRegistration-r8-p11/sub-s017/rigid_Composite.h5[1] (type = Euler3DTransform)
  3. /home/mdugre/scratch/mri-registration-rp/datasets/ds004513/derivatives/mri-registration-rp/0100/antsRegistration-r8-p11/sub-s017/rigid_Composite.h5[2] (type = Euler3DTransform)
=============================================================================
  number of levels = 4
  fixed image: /templateflow/tpl-MNI152NLin2009cAsym/tpl-MNI152NLin2009cAsym_res-01_desc-brain_T1w.nii.gz
  moving image: /home/mdugre/scratch/mri-registration-rp/datasets/ds004513/derivatives/mri-registration-rp/antsBrainExtraction/sub-s017/BrainExtractionBrain.nii.gz
Dimension = 3
Number of stages = 1
Use histogram matching = false
Winsorize image intensities = true
  Lower quantile = 0.005
  Upper quantile = 0.995


Stage 1 State
   Image metric = MattesMI
     Fixed image = Image (0x32cd7e0)
  RTTI typeinfo:   itk::Image<double, 3u>
  Reference Count: 2
  Modified Time: 1594
  Debug: Off
  Object Name: 
  Observers: 
    none
  Source: (none)
  Source output name: (none)
  Release Data: Off
  Data Released: False
  Global Release Data: Off
  PipelineMTime: 0
  UpdateMTime: 1203
  RealTimeStamp: 0 seconds 
  LargestPossibleRegion: 
    Dimension: 3
    Index: [0, 0, 0]
    Size: [193, 229, 193]
  BufferedRegion: 
    Dimension: 3
    Index: [0, 0, 0]
    Size: [193, 229, 193]
  RequestedRegion: 
    Dimension: 3
    Index: [0, 0, 0]
    Size: [193, 229, 193]
  Spacing: [1, 1, 1]
  Origin: [96, 132, -78]
  Direction: 
-1 0 0
0 -1 0
0 0 1

  IndexToPointMatrix: 
-1 0 0
0 -1 0
0 0 1

  PointToIndexMatrix: 
-1 0 0
0 -1 0
0 0 1

  Inverse Direction: 
-1 0 0
0 -1 0
0 0 1

  PixelContainer: 
    ImportImageContainer (0x338da20)
      RTTI typeinfo:   itk::ImportImageContainer<unsigned long, double>
      Reference Count: 1
      Modified Time: 1200
      Debug: Off
      Object Name: 
      Observers: 
        none
      Pointer: 0x14f4a75d6010
      Container manages memory: true
      Size: 8530021
      Capacity: 8530021

     Moving image = Image (0x3342e20)
  RTTI typeinfo:   itk::Image<double, 3u>
  Reference Count: 2
  Modified Time: 1595
  Debug: Off
  Object Name: 
  Observers: 
    none
  Source: (none)
  Source output name: (none)
  Release Data: Off
  Data Released: False
  Global Release Data: Off
  PipelineMTime: 0
  UpdateMTime: 1592
  RealTimeStamp: 0 seconds 
  LargestPossibleRegion: 
    Dimension: 3
    Index: [0, 0, 0]
    Size: [160, 240, 256]
  BufferedRegion: 
    Dimension: 3
    Index: [0, 0, 0]
    Size: [160, 240, 256]
  RequestedRegion: 
    Dimension: 3
    Index: [0, 0, 0]
    Size: [160, 240, 256]
  Spacing: [1, 1, 1]
  Origin: [91.3357, 102.231, -120.042]
  Direction: 
-0.997442 -5.36781e-05 -0.0714818
5.35416e-05 -1 3.82465e-06
-0.0714818 -1.23894e-08 0.997442

  IndexToPointMatrix: 
-0.997444 -5.36781e-05 -0.0714818
5.35418e-05 -1 3.82465e-06
-0.0714819 -1.23894e-08 0.997442

  PointToIndexMatrix: 
-0.99744 5.35415e-05 -0.0714816
-5.36781e-05 -1 -1.23894e-08
-0.0714818 3.82465e-06 0.997442

  Inverse Direction: 
-0.997442 5.35416e-05 -0.0714818
-5.36781e-05 -1 -1.23894e-08
-0.0714818 3.82465e-06 0.997442

  PixelContainer: 
    ImportImageContainer (0x33dc550)
      RTTI typeinfo:   itk::ImportImageContainer<unsigned long, double>
      Reference Count: 1
      Modified Time: 1589
      Debug: Off
      Object Name: 
      Observers: 
        none
      Pointer: 0x14f4a2ad5010
      Container manages memory: true
      Size: 9830400
      Capacity: 9830400

     Weighting = 1
     Sampling strategy = regular
     Number of bins = 32
     Radius = 4
     Sampling percentage  = 0.25
   Transform = Affine
     Gradient step = 0.1
     Update field sigma (voxel space) = 0
     Total field sigma (voxel space) = 0
     Update field time sigma = 0
     Total field time sigma  = 0
     Number of time indices = 0
     Number of time point samples = 0
Registration using 1 total stages.

Stage 0
  iterations = 1000x500x250x100
  convergence threshold = 1e-06
  convergence window size = 10
  number of levels = 4
  using the Mattes MI metric (number of bins = 32, weight = 1, use gradient filter = 0)
  preprocessing:  winsorizing the image intensities
  Shrink factors (level 1 out of 4): [8, 8, 8]
  Shrink factors (level 2 out of 4): [4, 4, 4]
  Shrink factors (level 3 out of 4): [2, 2, 2]
  Shrink factors (level 4 out of 4): [1, 1, 1]
  smoothing sigmas per level: [3, 2, 1, 0]
  regular sampling (percentage = 0.25)

*** Running AffineTransform registration ***

DIAGNOSTIC,Iteration,metricValue,convergenceValue,ITERATION_TIME_INDEX,SINCE_LAST
 2DIAGNOSTIC,     1, -5.803655498813e-01, 1.797693134862e+308, 8.8514e-01, 8.8514e-01, 
 2DIAGNOSTIC,     2, -5.826240190530e-01, 1.797693134862e+308, 8.8950e-01, 4.3650e-03, 
 2DIAGNOSTIC,     3, -5.866836078143e-01, 1.797693134862e+308, 8.9374e-01, 4.2350e-03, 
 2DIAGNOSTIC,     4, -5.941805204618e-01, 1.797693134862e+308, 8.9791e-01, 4.1661e-03, 
 2DIAGNOSTIC,     5, -6.063756317899e-01, 1.797693134862e+308, 9.0201e-01, 4.1001e-03, 
 2DIAGNOSTIC,     6, -6.258631909572e-01, 1.797693134862e+308, 9.0623e-01, 4.2229e-03, 
 2DIAGNOSTIC,     7, -7.417628755551e-01, 1.797693134862e+308, 9.1081e-01, 4.5850e-03, 
 2DIAGNOSTIC,     8, -8.034893887025e-01, 1.797693134862e+308, 9.1577e-01, 4.9610e-03, 
 2DIAGNOSTIC,     9, -8.325132770391e-01, 1.797693134862e+308, 9.2072e-01, 4.9469e-03, 
 2DIAGNOSTIC,    10, -8.644753803044e-01, 3.029653431215e-02, 9.2724e-01, 6.5210e-03, 
 2DIAGNOSTIC,    11, -8.680879528002e-01, 2.982945947167e-02, 9.3205e-01, 4.8070e-03, 
 2DIAGNOSTIC,    12, -8.868919002329e-01, 2.743096234138e-02, 9.3899e-01, 6.9370e-03, 
 2DIAGNOSTIC,    13, -8.868080946587e-01, 2.313115398750e-02, 9.4503e-01, 6.0461e-03, 
 2DIAGNOSTIC,    14, -8.869989455127e-01, 1.774439033729e-02, 9.5027e-01, 5.2421e-03, 
 2DIAGNOSTIC,    15, -8.866146844566e-01, 1.194661999350e-02, 9.5545e-01, 5.1720e-03, 
 2DIAGNOSTIC,    16, -8.867594573202e-01, 6.319484042437e-03, 9.6167e-01, 6.2280e-03, 
 2DIAGNOSTIC,    17, -8.867534249366e-01, 3.389120466392e-03, 9.6701e-01, 5.3351e-03, 
 2DIAGNOSTIC,    18, -8.865496079634e-01, 1.771705028539e-03, 9.7170e-01, 4.6940e-03, 
 2DIAGNOSTIC,    19, -8.865074800152e-01, 7.321291052111e-04, 9.7706e-01, 5.3601e-03, 
 2DIAGNOSTIC,    20, -8.863367844483e-01, 3.218254823624e-04, 9.8178e-01, 4.7140e-03, 
DIAGNOSTIC,Iteration,metricValue,convergenceValue,ITERATION_TIME_INDEX,SINCE_LAST
 2DIAGNOSTIC,     1, -7.454172035254e-01, 1.797693134862e+308, 1.6956e+00, 7.1382e-01, 
 2DIAGNOSTIC,     2, -7.462186360067e-01, 1.797693134862e+308, 1.7310e+00, 3.5423e-02, 
 2DIAGNOSTIC,     3, -7.469607745762e-01, 1.797693134862e+308, 1.7667e+00, 3.5730e-02, 
 2DIAGNOSTIC,     4, -7.475709818353e-01, 1.797693134862e+308, 1.8022e+00, 3.5428e-02, 
 2DIAGNOSTIC,     5, -7.482561864381e-01, 1.797693134862e+308, 1.8381e+00, 3.5907e-02, 
 2DIAGNOSTIC,     6, -7.493488073391e-01, 1.797693134862e+308, 1.8766e+00, 3.8554e-02, 
 2DIAGNOSTIC,     7, -7.500316400906e-01, 1.797693134862e+308, 1.9197e+00, 4.3108e-02, 
 2DIAGNOSTIC,     8, -7.501443197298e-01, 1.797693134862e+308, 1.9606e+00, 4.0877e-02, 
 2DIAGNOSTIC,     9, -7.501640274254e-01, 1.797693134862e+308, 2.0008e+00, 4.0133e-02, 
 2DIAGNOSTIC,    10, -7.501732075082e-01, 4.500327666751e-04, 2.0338e+00, 3.3040e-02, 
 2DIAGNOSTIC,    11, -7.502330753438e-01, 3.354664242934e-04, 2.0687e+00, 3.4885e-02, 
 2DIAGNOSTIC,    12, -7.503170740364e-01, 2.375897932975e-04, 2.1031e+00, 3.4404e-02, 
 2DIAGNOSTIC,    13, -7.504573669382e-01, 1.594242087357e-04, 2.1416e+00, 3.8560e-02, 
 2DIAGNOSTIC,    14, -7.505059572386e-01, 9.609759265210e-05, 2.1838e+00, 4.2152e-02, 
 2DIAGNOSTIC,    15, -7.504742096454e-01, 4.868787381231e-05, 2.2193e+00, 3.5459e-02, 
 2DIAGNOSTIC,    16, -7.505620752980e-01, 3.056756413890e-05, 2.2791e+00, 5.9848e-02, 
 2DIAGNOSTIC,    17, -7.505586576849e-01, 2.695334637307e-05, 2.3197e+00, 4.0570e-02, 
 2DIAGNOSTIC,    18, -7.505436494724e-01, 2.344696939221e-05, 2.3609e+00, 4.1180e-02, 
 2DIAGNOSTIC,    19, -7.505410049276e-01, 1.869062094726e-05, 2.4020e+00, 4.1099e-02, 
 2DIAGNOSTIC,    20, -7.505334353311e-01, 1.288766344059e-05, 2.4392e+00, 3.7203e-02, 
 2DIAGNOSTIC,    21, -7.504947988417e-01, 6.945331712610e-06, 2.4751e+00, 3.5961e-02, 
 2DIAGNOSTIC,    22, -7.504842266193e-01, 2.247435157303e-06, 2.5108e+00, 3.5715e-02, 
DIAGNOSTIC,Iteration,metricValue,convergenceValue,ITERATION_TIME_INDEX,SINCE_LAST
 2DIAGNOSTIC,     1, -6.294556047662e-01, 1.797693134862e+308, 3.5987e+00, 1.0879e+00, 
 2DIAGNOSTIC,     2, -6.299700351336e-01, 1.797693134862e+308, 3.8445e+00, 2.4574e-01, 
 2DIAGNOSTIC,     3, -6.305494100487e-01, 1.797693134862e+308, 4.1043e+00, 2.5984e-01, 
 2DIAGNOSTIC,     4, -6.311871851019e-01, 1.797693134862e+308, 4.3651e+00, 2.6082e-01, 
 2DIAGNOSTIC,     5, -6.320315793169e-01, 1.797693134862e+308, 4.6450e+00, 2.7984e-01, 
 2DIAGNOSTIC,     6, -6.325028750170e-01, 1.797693134862e+308, 4.9230e+00, 2.7798e-01, 
 2DIAGNOSTIC,     7, -6.324977295727e-01, 1.797693134862e+308, 5.2963e+00, 3.7336e-01, 
 2DIAGNOSTIC,     8, -6.324876161990e-01, 1.797693134862e+308, 5.5978e+00, 3.0151e-01, 
 2DIAGNOSTIC,     9, -6.324835067173e-01, 1.797693134862e+308, 5.9269e+00, 3.2909e-01, 
 2DIAGNOSTIC,    10, -6.324837080268e-01, 3.305378805496e-04, 6.2014e+00, 2.7446e-01, 
 2DIAGNOSTIC,    11, -6.324813795361e-01, 2.206447800036e-04, 6.4944e+00, 2.9300e-01, 
 2DIAGNOSTIC,    12, -6.324807456955e-01, 1.289503953078e-04, 6.7839e+00, 2.8954e-01, 
 2DIAGNOSTIC,    13, -6.324795001062e-01, 5.997438896238e-05, 7.0978e+00, 3.1383e-01, 
 2DIAGNOSTIC,    14, -6.324787968095e-01, 1.551198558719e-05, 7.3746e+00, 2.7683e-01, 
DIAGNOSTIC,Iteration,metricValue,convergenceValue,ITERATION_TIME_INDEX,SINCE_LAST
 2DIAGNOSTIC,     1, -5.631217362460e-01, 1.797693134862e+308, 1.0294e+01, 2.9195e+00, 
 2DIAGNOSTIC,     2, -5.636749777898e-01, 1.797693134862e+308, 1.2023e+01, 1.7288e+00, 
 2DIAGNOSTIC,     3, -5.642395206169e-01, 1.797693134862e+308, 1.3786e+01, 1.7629e+00, 
 2DIAGNOSTIC,     4, -5.650303652713e-01, 1.797693134862e+308, 1.5564e+01, 1.7785e+00, 
 2DIAGNOSTIC,     5, -5.664076992251e-01, 1.797693134862e+308, 2.0211e+01, 4.6466e+00, 
 2DIAGNOSTIC,     6, -5.664070412746e-01, 1.797693134862e+308, 2.2353e+01, 2.1418e+00, 
 2DIAGNOSTIC,     7, -5.664062637424e-01, 1.797693134862e+308, 2.4838e+01, 2.4855e+00, 
 2DIAGNOSTIC,     8, -5.664060968796e-01, 1.797693134862e+308, 2.6948e+01, 2.1104e+00, 
 2DIAGNOSTIC,     9, -5.664061678343e-01, 1.797693134862e+308, 2.8681e+01, 1.7327e+00, 
 2DIAGNOSTIC,    10, -5.664059906622e-01, 3.969204591689e-04, 3.0696e+01, 2.0145e+00, 
 2DIAGNOSTIC,    11, -5.664059195943e-01, 2.582242490492e-04, 3.2433e+01, 1.7378e+00, 
 2DIAGNOSTIC,    12, -5.664059020164e-01, 1.436141543441e-04, 3.4376e+01, 1.9425e+00, 
 2DIAGNOSTIC,    13, -5.664059092775e-01, 5.551724526673e-05, 3.6284e+01, 1.9084e+00, 
 2DIAGNOSTIC,    14, -5.664056490421e-01, 2.152689812338e-06, 3.8189e+01, 1.9046e+00, 
 2DIAGNOSTIC,    15, -5.664057210549e-01, 2.051892972421e-06, 4.0135e+01, 1.9458e+00, 
 2DIAGNOSTIC,    16, -5.664054992678e-01, 1.943189818873e-06, 4.2041e+01, 1.9062e+00, 
 2DIAGNOSTIC,    17, -5.664054757211e-01, 1.828133538329e-06, 4.4128e+01, 2.0868e+00, 
 2DIAGNOSTIC,    18, -5.664053275829e-01, 1.721085429444e-06, 4.6224e+01, 2.0964e+00, 
 2DIAGNOSTIC,    19, -5.664050898961e-01, 1.625558000234e-06, 4.8106e+01, 1.8820e+00, 
 2DIAGNOSTIC,    20, -5.664048775372e-01, 1.534649110790e-06, 5.0044e+01, 1.9376e+00, 
 2DIAGNOSTIC,    21, -5.664048136673e-01, 1.454522402820e-06, 5.1936e+01, 1.8926e+00, 
 2DIAGNOSTIC,    22, -5.664044887843e-01, 1.379492607555e-06, 5.4003e+01, 2.0665e+00, 
 2DIAGNOSTIC,    23, -5.664045667248e-01, 1.319458559558e-06, 5.6007e+01, 2.0043e+00, 
 2DIAGNOSTIC,    24, -5.664045109378e-01, 1.263728680319e-06, 5.7989e+01, 1.9822e+00, 
 2DIAGNOSTIC,    25, -5.664041756400e-01, 1.213164799875e-06, 5.9890e+01, 1.9004e+00, 
 2DIAGNOSTIC,    26, -5.664041374396e-01, 1.167283837297e-06, 6.1615e+01, 1.7248e+00, 
 2DIAGNOSTIC,    27, -5.664040268244e-01, 1.127664975058e-06, 6.3306e+01, 1.6917e+00, 
 2DIAGNOSTIC,    28, -5.664039516725e-01, 1.091714606244e-06, 6.5263e+01, 1.9567e+00, 
 2DIAGNOSTIC,    29, -5.664039986818e-01, 1.059233867680e-06, 6.7197e+01, 1.9337e+00, 
 2DIAGNOSTIC,    30, -5.664040226391e-01, 1.029406820147e-06, 6.9078e+01, 1.8817e+00, 
 2DIAGNOSTIC,    31, -5.664038525586e-01, 1.000867065525e-06, 7.1156e+01, 2.0774e+00, 
  Elapsed time (stage 0): 7.2327e+01


Total elapsed time: 7.2330e+01
Info [verificarlo]: loaded backend libinterflop_ieee.so
Info [interflop-ieee]: load backend with:
Info [interflop-ieee]: debug = false
Info [interflop-ieee]: debug-binary = false
Info [interflop-ieee]: no-backend-name = false
Info [interflop-ieee]: print-new-line = false
Info [interflop-ieee]: print-subnormal-normalized = false
Info [interflop-ieee]: count-op = false
All_Command_lines_OK
Using double precision for computations.
=============================================================================
The composite transform comprises the following transforms (in order): 
  1. /home/mdugre/scratch/mri-registration-rp/datasets/ds004513/derivatives/mri-registration-rp/0100/antsRegistration-r8-p11/sub-s017/affine_Composite.h5[0] (type = Euler3DTransform)
  2. /home/mdugre/scratch/mri-registration-rp/datasets/ds004513/derivatives/mri-registration-rp/0100/antsRegistration-r8-p11/sub-s017/affine_Composite.h5[1] (type = Euler3DTransform)
  3. /home/mdugre/scratch/mri-registration-rp/datasets/ds004513/derivatives/mri-registration-rp/0100/antsRegistration-r8-p11/sub-s017/affine_Composite.h5[2] (type = Euler3DTransform)
  4. /home/mdugre/scratch/mri-registration-rp/datasets/ds004513/derivatives/mri-registration-rp/0100/antsRegistration-r8-p11/sub-s017/affine_Composite.h5[3] (type = AffineTransform)
=============================================================================
  number of levels = 4
  fixed image: /templateflow/tpl-MNI152NLin2009cAsym/tpl-MNI152NLin2009cAsym_res-01_desc-brain_T1w.nii.gz
  moving image: /home/mdugre/scratch/mri-registration-rp/datasets/ds004513/derivatives/mri-registration-rp/antsBrainExtraction/sub-s017/BrainExtractionBrain.nii.gz
Dimension = 3
Number of stages = 1
Use histogram matching = false
Winsorize image intensities = true
  Lower quantile = 0.005
  Upper quantile = 0.995


Stage 1 State
   Image metric = CC
     Fixed image = Image (0x51d6a40)
  RTTI typeinfo:   itk::Image<double, 3u>
  Reference Count: 2
  Modified Time: 1608
  Debug: Off
  Object Name: 
  Observers: 
    none
  Source: (none)
  Source output name: (none)
  Release Data: Off
  Data Released: False
  Global Release Data: Off
  PipelineMTime: 0
  UpdateMTime: 1217
  RealTimeStamp: 0 seconds 
  LargestPossibleRegion: 
    Dimension: 3
    Index: [0, 0, 0]
    Size: [193, 229, 193]
  BufferedRegion: 
    Dimension: 3
    Index: [0, 0, 0]
    Size: [193, 229, 193]
  RequestedRegion: 
    Dimension: 3
    Index: [0, 0, 0]
    Size: [193, 229, 193]
  Spacing: [1, 1, 1]
  Origin: [96, 132, -78]
  Direction: 
-1 0 0
0 -1 0
0 0 1

  IndexToPointMatrix: 
-1 0 0
0 -1 0
0 0 1

  PointToIndexMatrix: 
-1 0 0
0 -1 0
0 0 1

  Inverse Direction: 
-1 0 0
0 -1 0
0 0 1

  PixelContainer: 
    ImportImageContainer (0x52a5780)
      RTTI typeinfo:   itk::ImportImageContainer<unsigned long, double>
      Reference Count: 1
      Modified Time: 1214
      Debug: Off
      Object Name: 
      Observers: 
        none
      Pointer: 0x15060b1db010
      Container manages memory: true
      Size: 8530021
      Capacity: 8530021

     Moving image = Image (0x52a7390)
  RTTI typeinfo:   itk::Image<double, 3u>
  Reference Count: 2
  Modified Time: 1609
  Debug: Off
  Object Name: 
  Observers: 
    none
  Source: (none)
  Source output name: (none)
  Release Data: Off
  Data Released: False
  Global Release Data: Off
  PipelineMTime: 0
  UpdateMTime: 1606
  RealTimeStamp: 0 seconds 
  LargestPossibleRegion: 
    Dimension: 3
    Index: [0, 0, 0]
    Size: [160, 240, 256]
  BufferedRegion: 
    Dimension: 3
    Index: [0, 0, 0]
    Size: [160, 240, 256]
  RequestedRegion: 
    Dimension: 3
    Index: [0, 0, 0]
    Size: [160, 240, 256]
  Spacing: [1, 1, 1]
  Origin: [91.3357, 102.231, -120.042]
  Direction: 
-0.997442 -5.36781e-05 -0.0714818
5.35416e-05 -1 3.82465e-06
-0.0714818 -1.23894e-08 0.997442

  IndexToPointMatrix: 
-0.997444 -5.36781e-05 -0.0714818
5.35418e-05 -1 3.82465e-06
-0.0714819 -1.23894e-08 0.997442

  PointToIndexMatrix: 
-0.99744 5.35415e-05 -0.0714816
-5.36781e-05 -1 -1.23894e-08
-0.0714818 3.82465e-06 0.997442

  Inverse Direction: 
-0.997442 5.35416e-05 -0.0714818
-5.36781e-05 -1 -1.23894e-08
-0.0714818 3.82465e-06 0.997442

  PixelContainer: 
    ImportImageContainer (0x525c6f0)
      RTTI typeinfo:   itk::ImportImageContainer<unsigned long, double>
      Reference Count: 1
      Modified Time: 1603
      Debug: Off
      Object Name: 
      Observers: 
        none
      Pointer: 0x1506066da010
      Container manages memory: true
      Size: 9830400
      Capacity: 9830400

     Weighting = 1
     Sampling strategy = none
     Number of bins = 32
     Radius = 4
     Sampling percentage  = 1
   Transform = SyN
     Gradient step = 0.1
     Update field sigma (voxel space) = 3
     Total field sigma (voxel space) = 0
     Update field time sigma = 0
     Total field time sigma  = 0
     Number of time indices = 0
     Number of time point samples = 0
Registration using 1 total stages.

Stage 0
  iterations = 100x70x50x20
  convergence threshold = 1e-06
  convergence window size = 10
  number of levels = 4
  using the CC metric (radius = 4, weight = 1, use gradient filter = 0)
  preprocessing:  winsorizing the image intensities
  Shrink factors (level 1 out of 4): [8, 8, 8]
  Shrink factors (level 2 out of 4): [4, 4, 4]
  Shrink factors (level 3 out of 4): [2, 2, 2]
  Shrink factors (level 4 out of 4): [1, 1, 1]
  smoothing sigmas per level: [3, 2, 1, 0]
  Using default NONE metricSamplingStrategy 

*** Running SyN registration (varianceForUpdateField = 3, varianceForTotalField = 0) ***

XXDIAGNOSTIC,Iteration,metricValue,convergenceValue,ITERATION_TIME_INDEX,SINCE_LAST
 1DIAGNOSTIC,     1, -9.271117370940e-01, 1.797693134862e+308, 9.7225e-01, 9.7225e-01, 
 1DIAGNOSTIC,     2, -9.337254007331e-01, 1.797693134862e+308, 1.3523e+00, 3.8010e-01, 
 1DIAGNOSTIC,     3, -9.393125095965e-01, 1.797693134862e+308, 1.6916e+00, 3.3921e-01, 
 1DIAGNOSTIC,     4, -9.438986401710e-01, 1.797693134862e+308, 2.0325e+00, 3.4090e-01, 
 1DIAGNOSTIC,     5, -9.469755269988e-01, 1.797693134862e+308, 2.3559e+00, 3.2342e-01, 
 1DIAGNOSTIC,     6, -9.493094702616e-01, 1.797693134862e+308, 2.6926e+00, 3.3669e-01, 
 1DIAGNOSTIC,     7, -9.515504609210e-01, 1.797693134862e+308, 3.0257e+00, 3.3312e-01, 
 1DIAGNOSTIC,     8, -9.543188206359e-01, 1.797693134862e+308, 3.3627e+00, 3.3704e-01, 
 1DIAGNOSTIC,     9, -9.578752764447e-01, 1.797693134862e+308, 3.6957e+00, 3.3297e-01, 
 1DIAGNOSTIC,    10, -9.616736263912e-01, 2.109535616101e-03, 4.0268e+00, 3.3110e-01, 
 1DIAGNOSTIC,    11, -9.651703817439e-01, 1.762806036777e-03, 4.3621e+00, 3.3528e-01, 
 1DIAGNOSTIC,    12, -9.658167937729e-01, 1.495525681983e-03, 4.7134e+00, 3.5126e-01, 
 1DIAGNOSTIC,    13, -9.661540551815e-01, 1.270652964351e-03, 5.0467e+00, 3.3338e-01, 
 1DIAGNOSTIC,    14, -9.664768411678e-01, 1.066837495086e-03, 5.3807e+00, 3.3393e-01, 
 1DIAGNOSTIC,    15, -9.671236165908e-01, 8.658907753745e-04, 5.7051e+00, 3.2448e-01, 
 1DIAGNOSTIC,    16, -9.674385253724e-01, 6.595089029152e-04, 6.0371e+00, 3.3197e-01, 
 1DIAGNOSTIC,    17, -9.681120499671e-01, 4.683353305245e-04, 6.3776e+00, 3.4049e-01, 
 1DIAGNOSTIC,    18, -9.683805417508e-01, 3.055786088292e-04, 6.7181e+00, 3.4050e-01, 
 1DIAGNOSTIC,    19, -9.689843954497e-01, 1.961763122700e-04, 7.0464e+00, 3.2833e-01, 
 1DIAGNOSTIC,    20, -9.691830798303e-01, 1.376127809788e-04, 7.3823e+00, 3.3583e-01, 
 1DIAGNOSTIC,    21, -9.696472612598e-01, 1.278237399931e-04, 7.7101e+00, 3.2786e-01, 
 1DIAGNOSTIC,    22, -9.697816357916e-01, 1.175451910241e-04, 8.0487e+00, 3.3857e-01, 
 1DIAGNOSTIC,    23, -9.701596862170e-01, 1.065258267196e-04, 8.4122e+00, 3.6354e-01, 
 1DIAGNOSTIC,    24, -9.702445980479e-01, 9.140522342796e-05, 8.7675e+00, 3.5527e-01, 
