
##########################
# Experiment information #
##########################

EXPERIMENT_NAME: antsRegistration-r8-p12
VFC_BACKENDS: libinterflop_vprec.so --range-binary32=8 --precision-binary32=12 --range-binary64=8 --precision-binary64=12

SIF_IMG: /home/mdugre/projects/rrg-glatard/mdugre/containers/ants-vprec-no_metrics.simg

SUBJECT_ID: s033
INPUT_IMG: /home/mdugre/scratch/mri-registration-rp/datasets/ds004513/derivatives/mri-registration-rp/antsBrainExtraction/sub-s033/BrainExtractionBrain.nii.gz
OUTPUT_DIR: /home/mdugre/scratch/mri-registration-rp/datasets/ds004513/derivatives/mri-registration-rp/0100/antsRegistration-r8-p12/sub-s033

FIXED_IMG: /templateflow/tpl-MNI152NLin2009cAsym/tpl-MNI152NLin2009cAsym_res-01_desc-brain_T1w.nii.gz
DATA_DIR: /home/mdugre/scratch/mri-registration-rp/datasets/ds004513
TEMPLATEFLOW_DIR: /home/mdugre/projects/rrg-glatard/mdugre/templateflow
ITK_GLOBAL_DEFAULT_NUMBER_OF_THREADS: 16
##########################

Info [verificarlo]: loaded backend libinterflop_ieee.so
Info [interflop-ieee]: load backend with:
Info [interflop-ieee]: debug = false
Info [interflop-ieee]: debug-binary = false
Info [interflop-ieee]: no-backend-name = false
Info [interflop-ieee]: print-new-line = false
Info [interflop-ieee]: print-subnormal-normalized = false
Info [interflop-ieee]: count-op = false
All_Command_lines_OK
Using double precision for computations.
=============================================================================
The composite transform comprises the following transforms (in order): 
  1. Center of mass alignment using fixed image: /templateflow/tpl-MNI152NLin2009cAsym/tpl-MNI152NLin2009cAsym_res-01_desc-brain_T1w.nii.gz and moving image: /home/mdugre/scratch/mri-registration-rp/datasets/ds004513/derivatives/mri-registration-rp/antsBrainExtraction/sub-s033/BrainExtractionBrain.nii.gz (type = Euler3DTransform)
=============================================================================
  number of levels = 1
  fixed image: /templateflow/tpl-MNI152NLin2009cAsym/tpl-MNI152NLin2009cAsym_res-01_desc-brain_T1w.nii.gz
  moving image: /home/mdugre/scratch/mri-registration-rp/datasets/ds004513/derivatives/mri-registration-rp/antsBrainExtraction/sub-s033/BrainExtractionBrain.nii.gz
Dimension = 3
Number of stages = 1
Use histogram matching = false
Winsorize image intensities = true
  Lower quantile = 0.005
  Upper quantile = 0.995


Stage 1 State
   Image metric = MattesMI
     Fixed image = Image (0x49bce70)
  RTTI typeinfo:   itk::Image<double, 3u>
  Reference Count: 2
  Modified Time: 2330
  Debug: Off
  Object Name: 
  Observers: 
    none
  Source: (none)
  Source output name: (none)
  Release Data: Off
  Data Released: False
  Global Release Data: Off
  PipelineMTime: 0
  UpdateMTime: 1941
  RealTimeStamp: 0 seconds 
  LargestPossibleRegion: 
    Dimension: 3
    Index: [0, 0, 0]
    Size: [193, 229, 193]
  BufferedRegion: 
    Dimension: 3
    Index: [0, 0, 0]
    Size: [193, 229, 193]
  RequestedRegion: 
    Dimension: 3
    Index: [0, 0, 0]
    Size: [193, 229, 193]
  Spacing: [1, 1, 1]
  Origin: [96, 132, -78]
  Direction: 
-1 0 0
0 -1 0
0 0 1

  IndexToPointMatrix: 
-1 0 0
0 -1 0
0 0 1

  PointToIndexMatrix: 
-1 0 0
0 -1 0
0 0 1

  Inverse Direction: 
-1 0 0
0 -1 0
0 0 1

  PixelContainer: 
    ImportImageContainer (0x49c5c60)
      RTTI typeinfo:   itk::ImportImageContainer<unsigned long, double>
      Reference Count: 1
      Modified Time: 1938
      Debug: Off
      Object Name: 
      Observers: 
        none
      Pointer: 0x14dab668d010
      Container manages memory: true
      Size: 8530021
      Capacity: 8530021

     Moving image = Image (0x49bf540)
  RTTI typeinfo:   itk::Image<double, 3u>
  Reference Count: 2
  Modified Time: 2331
  Debug: Off
  Object Name: 
  Observers: 
    none
  Source: (none)
  Source output name: (none)
  Release Data: Off
  Data Released: False
  Global Release Data: Off
  PipelineMTime: 0
  UpdateMTime: 2328
  RealTimeStamp: 0 seconds 
  LargestPossibleRegion: 
    Dimension: 3
    Index: [0, 0, 0]
    Size: [160, 240, 256]
  BufferedRegion: 
    Dimension: 3
    Index: [0, 0, 0]
    Size: [160, 240, 256]
  RequestedRegion: 
    Dimension: 3
    Index: [0, 0, 0]
    Size: [160, 240, 256]
  Spacing: [1, 1, 1]
  Origin: [91.5134, 94.282, -109.927]
  Direction: 
-0.99591 -0.0698718 -0.0572835
0.0697565 -0.997556 0.00401236
-0.0574239 5.01125e-08 0.99835

  IndexToPointMatrix: 
-0.99591 -0.0698718 -0.0572835
0.0697565 -0.997556 0.00401236
-0.0574239 5.01125e-08 0.99835

  PointToIndexMatrix: 
-0.99591 0.0697565 -0.0574239
-0.0698718 -0.997556 5.01483e-08
-0.0572835 0.00401236 0.99835

  Inverse Direction: 
-0.99591 0.0697565 -0.0574239
-0.0698718 -0.997556 5.01483e-08
-0.0572835 0.00401236 0.99835

  PixelContainer: 
    ImportImageContainer (0x4ad1610)
      RTTI typeinfo:   itk::ImportImageContainer<unsigned long, double>
      Reference Count: 1
      Modified Time: 2325
      Debug: Off
      Object Name: 
      Observers: 
        none
      Pointer: 0x14dab1b8c010
      Container manages memory: true
      Size: 9830400
      Capacity: 9830400

     Weighting = 1
     Sampling strategy = regular
     Number of bins = 32
     Radius = 4
     Sampling percentage  = 0.25
   Transform = Rigid
     Gradient step = 0.1
     Update field sigma (voxel space) = 0
     Total field sigma (voxel space) = 0
     Update field time sigma = 0
     Total field time sigma  = 0
     Number of time indices = 0
     Number of time point samples = 0
Registration using 1 total stages.

Stage 0
  iterations = 0
  convergence threshold = 1e-06
  convergence window size = 10
  number of levels = 1
  using the Mattes MI metric (number of bins = 32, weight = 1, use gradient filter = 0)
  preprocessing:  winsorizing the image intensities
  Shrink factors (level 1 out of 1): [1, 1, 1]
  smoothing sigmas per level: [0]
  regular sampling (percentage = 0.25)

*** Running Euler3DTransform registration ***

  Elapsed time (stage 0): 1.11613


Total elapsed time: 1.11857
Info [verificarlo]: loaded backend libinterflop_vprec.so
Info [interflop-vprec]: load backend with: 
Info [interflop-vprec]: precision-binary32 = 12
Info [interflop-vprec]: range-binary32 = 8
Info [interflop-vprec]: precision-binary64 = 12
Info [interflop-vprec]: range-binary64 = 8
Info [interflop-vprec]: mode = ob
Info [interflop-vprec]: error-mode = rel
Info [interflop-vprec]: max-abs-error-exponent = -1022
Info [interflop-vprec]: daz = false
Info [interflop-vprec]: ftz = false
Info [interflop-vprec]: 	instrument = none
Info [interflop-vprec]: 	prec-input-file = (null)
Info [interflop-vprec]: 	prec-output-file = (null)
Info [interflop-vprec]: 	prec-log-file = (null)
All_Command_lines_OK
Using double precision for computations.
=============================================================================
The composite transform comprises the following transforms (in order): 
  1. /home/mdugre/scratch/mri-registration-rp/datasets/ds004513/derivatives/mri-registration-rp/0100/antsRegistration-r8-p12/sub-s033/align_Composite.h5[0] (type = Euler3DTransform)
  2. /home/mdugre/scratch/mri-registration-rp/datasets/ds004513/derivatives/mri-registration-rp/0100/antsRegistration-r8-p12/sub-s033/align_Composite.h5[1] (type = Euler3DTransform)
=============================================================================
  number of levels = 4
  fixed image: /templateflow/tpl-MNI152NLin2009cAsym/tpl-MNI152NLin2009cAsym_res-01_desc-brain_T1w.nii.gz
  moving image: /home/mdugre/scratch/mri-registration-rp/datasets/ds004513/derivatives/mri-registration-rp/antsBrainExtraction/sub-s033/BrainExtractionBrain.nii.gz
Dimension = 3
Number of stages = 1
Use histogram matching = false
Winsorize image intensities = true
  Lower quantile = 0.005
  Upper quantile = 0.995


Stage 1 State
   Image metric = MattesMI
     Fixed image = Image (0x34bd1e0)
  RTTI typeinfo:   itk::Image<double, 3u>
  Reference Count: 2
  Modified Time: 1578
  Debug: Off
  Object Name: 
  Observers: 
    none
  Source: (none)
  Source output name: (none)
  Release Data: Off
  Data Released: False
  Global Release Data: Off
  PipelineMTime: 0
  UpdateMTime: 1189
  RealTimeStamp: 0 seconds 
  LargestPossibleRegion: 
    Dimension: 3
    Index: [0, 0, 0]
    Size: [193, 229, 193]
  BufferedRegion: 
    Dimension: 3
    Index: [0, 0, 0]
    Size: [193, 229, 193]
  RequestedRegion: 
    Dimension: 3
    Index: [0, 0, 0]
    Size: [193, 229, 193]
  Spacing: [1, 1, 1]
  Origin: [96, 132, -78]
  Direction: 
-1 0 0
0 -1 0
0 0 1

  IndexToPointMatrix: 
-1 0 0
0 -1 0
0 0 1

  PointToIndexMatrix: 
-1 0 0
0 -1 0
0 0 1

  Inverse Direction: 
-1 0 0
0 -1 0
0 0 1

  PixelContainer: 
    ImportImageContainer (0x357c680)
      RTTI typeinfo:   itk::ImportImageContainer<unsigned long, double>
      Reference Count: 1
      Modified Time: 1186
      Debug: Off
      Object Name: 
      Observers: 
        none
      Pointer: 0x1534f5843010
      Container manages memory: true
      Size: 8530021
      Capacity: 8530021

     Moving image = Image (0x3578b20)
  RTTI typeinfo:   itk::Image<double, 3u>
  Reference Count: 2
  Modified Time: 1579
  Debug: Off
  Object Name: 
  Observers: 
    none
  Source: (none)
  Source output name: (none)
  Release Data: Off
  Data Released: False
  Global Release Data: Off
  PipelineMTime: 0
  UpdateMTime: 1576
  RealTimeStamp: 0 seconds 
  LargestPossibleRegion: 
    Dimension: 3
    Index: [0, 0, 0]
    Size: [160, 240, 256]
  BufferedRegion: 
    Dimension: 3
    Index: [0, 0, 0]
    Size: [160, 240, 256]
  RequestedRegion: 
    Dimension: 3
    Index: [0, 0, 0]
    Size: [160, 240, 256]
  Spacing: [1, 1, 1]
  Origin: [91.5156, 94.2812, -109.922]
  Direction: 
-0.99585 -0.06987 -0.0572815
0.0697479 -0.997559 0.00401211
-0.0574188 0 0.998291

  IndexToPointMatrix: 
-0.99585 -0.06987 -0.0572815
0.0697479 -0.997559 0.00401211
-0.0574188 0 0.998291

  PointToIndexMatrix: 
-0.99585 0.0697479 -0.0574188
-0.06987 -0.997803 -0.00012207
-0.0572891 0.00396729 0.998535

  Inverse Direction: 
-0.99585 0.0697479 -0.0574188
-0.06987 -0.997803 -0.00012207
-0.0572891 0.00396729 0.998535

  PixelContainer: 
    ImportImageContainer (0x35e1d50)
      RTTI typeinfo:   itk::ImportImageContainer<unsigned long, double>
      Reference Count: 1
      Modified Time: 1573
      Debug: Off
      Object Name: 
      Observers: 
        none
      Pointer: 0x1534f0d42010
      Container manages memory: true
      Size: 9830400
      Capacity: 9830400

     Weighting = 1
     Sampling strategy = regular
     Number of bins = 32
     Radius = 4
     Sampling percentage  = 0.25
   Transform = Rigid
     Gradient step = 0.1
     Update field sigma (voxel space) = 0
     Total field sigma (voxel space) = 0
     Update field time sigma = 0
     Total field time sigma  = 0
     Number of time indices = 0
     Number of time point samples = 0
Registration using 1 total stages.

Stage 0
  iterations = 1000x500x250x100
  convergence threshold = 1e-06
  convergence window size = 10
  number of levels = 4
  using the Mattes MI metric (number of bins = 32, weight = 1, use gradient filter = 0)
  preprocessing:  winsorizing the image intensities
  Shrink factors (level 1 out of 4): [8, 8, 8]
  Shrink factors (level 2 out of 4): [4, 4, 4]
  Shrink factors (level 3 out of 4): [2, 2, 2]
  Shrink factors (level 4 out of 4): [1, 1, 1]
  smoothing sigmas per level: [3, 2, 1, 0]
  regular sampling (percentage = 0.25)

*** Running Euler3DTransform registration ***

DIAGNOSTIC,Iteration,metricValue,convergenceValue,ITERATION_TIME_INDEX,SINCE_LAST
 2DIAGNOSTIC,     1, -4.956520959769e-01, 1.797693134862e+308, 0.0000e+00, 0.0000e+00, 
 2DIAGNOSTIC,     2, -4.971196036924e-01, 1.797693134862e+308, 0.0000e+00, 0.0000e+00, 
 2DIAGNOSTIC,     3, -4.994528660332e-01, 1.797693134862e+308, 0.0000e+00, 0.0000e+00, 
 2DIAGNOSTIC,     4, -5.032403544934e-01, 1.797693134862e+308, 0.0000e+00, 0.0000e+00, 
 2DIAGNOSTIC,     5, -5.064055495396e-01, 1.797693134862e+308, 0.0000e+00, 0.0000e+00, 
 2DIAGNOSTIC,     6, -5.097042703386e-01, 1.797693134862e+308, 0.0000e+00, 0.0000e+00, 
 2DIAGNOSTIC,     7, -5.186972664191e-01, 1.797693134862e+308, 0.0000e+00, 0.0000e+00, 
 2DIAGNOSTIC,     8, -5.311016095081e-01, 1.797693134862e+308, 0.0000e+00, 0.0000e+00, 
 2DIAGNOSTIC,     9, -5.386004245905e-01, 1.797693134862e+308, 0.0000e+00, 0.0000e+00, 
 2DIAGNOSTIC,    10, -5.480217696268e-01, 6.550959149268e-03, 0.0000e+00, 0.0000e+00, 
 2DIAGNOSTIC,    11, -5.822240102714e-01, 8.205787394491e-03, 0.0000e+00, 0.0000e+00, 
 2DIAGNOSTIC,    12, -6.053173077278e-01, 9.855290121372e-03, 0.0000e+00, 0.0000e+00, 
 2DIAGNOSTIC,    13, -6.160339276365e-01, 1.083947183291e-02, 0.0000e+00, 0.0000e+00, 
 2DIAGNOSTIC,    14, -6.178158999085e-01, 1.091192281929e-02, 0.0000e+00, 0.0000e+00, 
 2DIAGNOSTIC,    15, -6.219950848815e-01, 1.024887636967e-02, 0.0000e+00, 0.0000e+00, 
 2DIAGNOSTIC,    16, -6.243717316737e-01, 8.908976350751e-03, 0.0000e+00, 0.0000e+00, 
 2DIAGNOSTIC,    17, -6.255084085530e-01, 7.217075838885e-03, 0.0000e+00, 0.0000e+00, 
 2DIAGNOSTIC,    18, -6.280749872235e-01, 5.501750612095e-03, 0.0000e+00, 0.0000e+00, 
 2DIAGNOSTIC,    19, -6.293005832974e-01, 3.723798934208e-03, 0.0000e+00, 0.0000e+00, 
 2DIAGNOSTIC,    20, -6.300440440937e-01, 2.039467180615e-03, 0.0000e+00, 0.0000e+00, 
 2DIAGNOSTIC,    21, -6.332562270266e-01, 1.220125269867e-03, 0.0000e+00, 0.0000e+00, 
 2DIAGNOSTIC,    22, -6.359620989374e-01, 9.447754536986e-04, 0.0000e+00, 0.0000e+00, 
 2DIAGNOSTIC,    23, -6.358526970513e-01, 8.350353059997e-04, 0.0000e+00, 0.0000e+00, 
 2DIAGNOSTIC,    24, -6.370043546347e-01, 7.172856289228e-04, 0.0000e+00, 0.0000e+00, 
 2DIAGNOSTIC,    25, -6.383874881369e-01, 6.512316403822e-04, 0.0000e+00, 0.0000e+00, 
 2DIAGNOSTIC,    26, -6.394356471786e-01, 5.926797935258e-04, 0.0000e+00, 0.0000e+00, 
 2DIAGNOSTIC,    27, -6.400933772389e-01, 5.139087324048e-04, 0.0000e+00, 0.0000e+00, 
 2DIAGNOSTIC,    28, -6.405293270632e-01, 4.455552510657e-04, 0.0000e+00, 0.0000e+00, 
 2DIAGNOSTIC,    29, -6.411099607357e-01, 3.714162438549e-04, 0.0000e+00, 0.0000e+00, 
 2DIAGNOSTIC,    30, -6.412142020906e-01, 2.798707284360e-04, 0.0000e+00, 0.0000e+00, 
 2DIAGNOSTIC,    31, -6.416297821011e-01, 2.234570878431e-04, 0.0000e+00, 0.0000e+00, 
 2DIAGNOSTIC,    32, -6.428306432946e-01, 2.086274067532e-04, 0.0000e+00, 0.0000e+00, 
 2DIAGNOSTIC,    33, -6.440145213689e-01, 1.901285849879e-04, 0.0000e+00, 0.0000e+00, 
 2DIAGNOSTIC,    34, -6.444393611526e-01, 1.764330260336e-04, 0.0000e+00, 0.0000e+00, 
 2DIAGNOSTIC,    35, -6.448359350047e-01, 1.711504449111e-04, 0.0000e+00, 0.0000e+00, 
 2DIAGNOSTIC,    36, -6.457744403806e-01, 1.761788467187e-04, 0.0000e+00, 0.0000e+00, 
 2DIAGNOSTIC,    37, -6.476657205535e-01, 1.963000682409e-04, 0.0000e+00, 0.0000e+00, 
 2DIAGNOSTIC,    38, -6.475890768367e-01, 2.003164408654e-04, 0.0000e+00, 0.0000e+00, 
 2DIAGNOSTIC,    39, -6.476738048340e-01, 1.937896353114e-04, 0.0000e+00, 0.0000e+00, 
 2DIAGNOSTIC,    40, -6.477830904218e-01, 1.722164221876e-04, 0.0000e+00, 0.0000e+00, 
 2DIAGNOSTIC,    41, -6.476524417541e-01, 1.382583727974e-04, 0.0000e+00, 0.0000e+00, 
 2DIAGNOSTIC,    42, -6.476528458642e-01, 1.057851268171e-04, 0.0000e+00, 0.0000e+00, 
 2DIAGNOSTIC,    43, -6.475686774569e-01, 7.691785419618e-05, 0.0000e+00, 0.0000e+00, 
 2DIAGNOSTIC,    44, -6.475737231563e-01, 4.707685244605e-05, 0.0000e+00, 0.0000e+00, 
 2DIAGNOSTIC,    45, -6.475681692179e-01, 1.821116065419e-05, 0.0000e+00, 0.0000e+00, 
DIAGNOSTIC,Iteration,metricValue,convergenceValue,ITERATION_TIME_INDEX,SINCE_LAST
 2DIAGNOSTIC,     1, -5.370443791656e-01, 1.797693134862e+308, 0.0000e+00, 0.0000e+00, 
 2DIAGNOSTIC,     2, -5.375941166387e-01, 1.797693134862e+308, 0.0000e+00, 0.0000e+00, 
 2DIAGNOSTIC,     3, -5.385481015155e-01, 1.797693134862e+308, 0.0000e+00, 0.0000e+00, 
 2DIAGNOSTIC,     4, -5.395843159149e-01, 1.797693134862e+308, 0.0000e+00, 0.0000e+00, 
 2DIAGNOSTIC,     5, -5.414419489859e-01, 1.797693134862e+308, 0.0000e+00, 0.0000e+00, 
 2DIAGNOSTIC,     6, -5.435498279377e-01, 1.797693134862e+308, 0.0000e+00, 0.0000e+00, 
 2DIAGNOSTIC,     7, -5.453568735661e-01, 1.797693134862e+308, 0.0000e+00, 0.0000e+00, 
 2DIAGNOSTIC,     8, -5.470792460650e-01, 1.797693134862e+308, 0.0000e+00, 0.0000e+00, 
 2DIAGNOSTIC,     9, -5.470716402998e-01, 1.797693134862e+308, 0.0000e+00, 0.0000e+00, 
 2DIAGNOSTIC,    10, -5.474403903115e-01, 1.455587963525e-03, 0.0000e+00, 0.0000e+00, 
 2DIAGNOSTIC,    11, -5.475180836067e-01, 1.235101569515e-03, 0.0000e+00, 0.0000e+00, 
 2DIAGNOSTIC,    12, -5.476385106764e-01, 9.693036499557e-04, 0.0000e+00, 0.0000e+00, 
 2DIAGNOSTIC,    13, -5.476941021468e-01, 6.979074369453e-04, 0.0000e+00, 0.0000e+00, 
 2DIAGNOSTIC,    14, -5.476963115053e-01, 4.410318522721e-04, 0.0000e+00, 0.0000e+00, 
 2DIAGNOSTIC,    15, -5.477201182235e-01, 2.436357597189e-04, 0.0000e+00, 0.0000e+00, 
 2DIAGNOSTIC,    16, -5.476772590435e-01, 1.152369836743e-04, 0.0000e+00, 0.0000e+00, 
 2DIAGNOSTIC,    17, -5.476617678977e-01, 4.527999466411e-05, 0.0000e+00, 0.0000e+00, 
 2DIAGNOSTIC,    18, -5.476706445663e-01, 2.948430416454e-05, 0.0000e+00, 0.0000e+00, 
 2DIAGNOSTIC,    19, -5.476705769579e-01, 1.236708615140e-05, 0.0000e+00, 0.0000e+00, 
 2DIAGNOSTIC,    20, -5.476591376248e-01, 5.319955658202e-06, 0.0000e+00, 0.0000e+00, 
DIAGNOSTIC,Iteration,metricValue,convergenceValue,ITERATION_TIME_INDEX,SINCE_LAST
 2DIAGNOSTIC,     1, -4.659485915529e-01, 1.797693134862e+308, 0.0000e+00, 0.0000e+00, 
 2DIAGNOSTIC,     2, -4.660270683174e-01, 1.797693134862e+308, 0.0000e+00, 0.0000e+00, 
 2DIAGNOSTIC,     3, -4.661508925305e-01, 1.797693134862e+308, 0.0000e+00, 0.0000e+00, 
 2DIAGNOSTIC,     4, -4.660714286666e-01, 1.797693134862e+308, 0.0000e+00, 0.0000e+00, 
 2DIAGNOSTIC,     5, -4.661375185111e-01, 1.797693134862e+308, 0.0000e+00, 0.0000e+00, 
 2DIAGNOSTIC,     6, -4.662614213926e-01, 1.797693134862e+308, 0.0000e+00, 0.0000e+00, 
 2DIAGNOSTIC,     7, -4.664194339263e-01, 1.797693134862e+308, 0.0000e+00, 0.0000e+00, 
 2DIAGNOSTIC,     8, -4.664989093300e-01, 1.797693134862e+308, 0.0000e+00, 0.0000e+00, 
 2DIAGNOSTIC,     9, -4.665103718235e-01, 1.797693134862e+308, 0.0000e+00, 0.0000e+00, 
 2DIAGNOSTIC,    10, -4.665714593416e-01, 9.362195524286e-05, 0.0000e+00, 0.0000e+00, 
 2DIAGNOSTIC,    11, -4.666454639689e-01, 8.601765430363e-05, 0.0000e+00, 0.0000e+00, 
 2DIAGNOSTIC,    12, -4.666777941275e-01, 7.750401348273e-05, 0.0000e+00, 0.0000e+00, 
 2DIAGNOSTIC,    13, -4.667722976149e-01, 7.401983967714e-05, 0.0000e+00, 0.0000e+00, 
 2DIAGNOSTIC,    14, -4.669415509833e-01, 6.850287091609e-05, 0.0000e+00, 0.0000e+00, 
 2DIAGNOSTIC,    15, -4.668962449348e-01, 5.836884164902e-05, 0.0000e+00, 0.0000e+00, 
 2DIAGNOSTIC,    16, -4.669047160330e-01, 4.942429245540e-05, 0.0000e+00, 0.0000e+00, 
 2DIAGNOSTIC,    17, -4.669195226415e-01, 4.338641740315e-05, 0.0000e+00, 0.0000e+00, 
 2DIAGNOSTIC,    18, -4.669181414221e-01, 3.680534404881e-05, 0.0000e+00, 0.0000e+00, 
 2DIAGNOSTIC,    19, -4.669211658064e-01, 2.807498384486e-05, 0.0000e+00, 0.0000e+00, 
 2DIAGNOSTIC,    20, -4.669202502783e-01, 1.963295430545e-05, 0.0000e+00, 0.0000e+00, 
 2DIAGNOSTIC,    21, -4.669202502783e-01, 1.258021154928e-05, 0.0000e+00, 0.0000e+00, 
 2DIAGNOSTIC,    22, -4.669144924689e-01, 5.857390105231e-06, 0.0000e+00, 0.0000e+00, 
 2DIAGNOSTIC,    23, -4.669144924689e-01, 1.702618243733e-06, 0.0000e+00, 0.0000e+00, 
 2DIAGNOSTIC,    24, -4.669144924689e-01, 2.226895865258e-06, 0.0000e+00, 0.0000e+00, 
 2DIAGNOSTIC,    25, -4.669099427372e-01, 1.432922389126e-06, 0.0000e+00, 0.0000e+00, 
DIAGNOSTIC,Iteration,metricValue,convergenceValue,ITERATION_TIME_INDEX,SINCE_LAST
 2DIAGNOSTIC,     1, -4.252551024353e-01, 1.797693134862e+308, 0.0000e+00, 0.0000e+00, 
 2DIAGNOSTIC,     2, -4.253131544046e-01, 1.797693134862e+308, 0.0000e+00, 0.0000e+00, 
 2DIAGNOSTIC,     3, -4.253030619808e-01, 1.797693134862e+308, 0.0000e+00, 0.0000e+00, 
 2DIAGNOSTIC,     4, -4.253080176487e-01, 1.797693134862e+308, 0.0000e+00, 0.0000e+00, 
 2DIAGNOSTIC,     5, -4.253083033734e-01, 1.797693134862e+308, 0.0000e+00, 0.0000e+00, 
 2DIAGNOSTIC,     6, -4.253078224793e-01, 1.797693134862e+308, 0.0000e+00, 0.0000e+00, 
 2DIAGNOSTIC,     7, -4.253171929759e-01, 1.797693134862e+308, 0.0000e+00, 0.0000e+00, 
 2DIAGNOSTIC,     8, -4.253171672986e-01, 1.797693134862e+308, 0.0000e+00, 0.0000e+00, 
 2DIAGNOSTIC,     9, -4.253171672986e-01, 1.797693134862e+308, 0.0000e+00, 0.0000e+00, 
 2DIAGNOSTIC,    10, -4.253203221583e-01, 9.410275277080e-06, 0.0000e+00, 0.0000e+00, 
 2DIAGNOSTIC,    11, -4.253203221583e-01, 5.609835225212e-06, 0.0000e+00, 0.0000e+00, 
 2DIAGNOSTIC,    12, -4.253200487718e-01, 5.486311609862e-06, 0.0000e+00, 0.0000e+00, 
 2DIAGNOSTIC,    13, -4.253180103144e-01, 4.548161950391e-06, 0.0000e+00, 0.0000e+00, 
 2DIAGNOSTIC,    14, -4.253182436098e-01, 3.857995646589e-06, 0.0000e+00, 0.0000e+00, 
 2DIAGNOSTIC,    15, -4.253056089947e-01, 2.611931780139e-06, 0.0000e+00, 0.0000e+00, 
 2DIAGNOSTIC,    16, -4.253056089947e-01, 1.501037858134e-06, 0.0000e+00, 0.0000e+00, 
  Elapsed time (stage 0): 0.0000e+00


Total elapsed time: 0.0000e+00
Info [verificarlo]: loaded backend libinterflop_ieee.so
Info [interflop-ieee]: load backend with:
Info [interflop-ieee]: debug = false
Info [interflop-ieee]: debug-binary = false
Info [interflop-ieee]: no-backend-name = false
Info [interflop-ieee]: print-new-line = false
Info [interflop-ieee]: print-subnormal-normalized = false
Info [interflop-ieee]: count-op = false
All_Command_lines_OK
Using double precision for computations.
=============================================================================
The composite transform comprises the following transforms (in order): 
  1. /home/mdugre/scratch/mri-registration-rp/datasets/ds004513/derivatives/mri-registration-rp/0100/antsRegistration-r8-p12/sub-s033/rigid_Composite.h5[0] (type = Euler3DTransform)
  2. /home/mdugre/scratch/mri-registration-rp/datasets/ds004513/derivatives/mri-registration-rp/0100/antsRegistration-r8-p12/sub-s033/rigid_Composite.h5[1] (type = Euler3DTransform)
  3. /home/mdugre/scratch/mri-registration-rp/datasets/ds004513/derivatives/mri-registration-rp/0100/antsRegistration-r8-p12/sub-s033/rigid_Composite.h5[2] (type = Euler3DTransform)
=============================================================================
  number of levels = 4
  fixed image: /templateflow/tpl-MNI152NLin2009cAsym/tpl-MNI152NLin2009cAsym_res-01_desc-brain_T1w.nii.gz
  moving image: /home/mdugre/scratch/mri-registration-rp/datasets/ds004513/derivatives/mri-registration-rp/antsBrainExtraction/sub-s033/BrainExtractionBrain.nii.gz
Dimension = 3
Number of stages = 1
Use histogram matching = false
Winsorize image intensities = true
  Lower quantile = 0.005
  Upper quantile = 0.995


Stage 1 State
   Image metric = MattesMI
     Fixed image = Image (0x47ce7e0)
  RTTI typeinfo:   itk::Image<double, 3u>
  Reference Count: 2
  Modified Time: 1592
  Debug: Off
  Object Name: 
  Observers: 
    none
  Source: (none)
  Source output name: (none)
  Release Data: Off
  Data Released: False
  Global Release Data: Off
  PipelineMTime: 0
  UpdateMTime: 1203
  RealTimeStamp: 0 seconds 
  LargestPossibleRegion: 
    Dimension: 3
    Index: [0, 0, 0]
    Size: [193, 229, 193]
  BufferedRegion: 
    Dimension: 3
    Index: [0, 0, 0]
    Size: [193, 229, 193]
  RequestedRegion: 
    Dimension: 3
    Index: [0, 0, 0]
    Size: [193, 229, 193]
  Spacing: [1, 1, 1]
  Origin: [96, 132, -78]
  Direction: 
-1 0 0
0 -1 0
0 0 1

  IndexToPointMatrix: 
-1 0 0
0 -1 0
0 0 1

  PointToIndexMatrix: 
-1 0 0
0 -1 0
0 0 1

  Inverse Direction: 
-1 0 0
0 -1 0
0 0 1

  PixelContainer: 
    ImportImageContainer (0x488ea20)
      RTTI typeinfo:   itk::ImportImageContainer<unsigned long, double>
      Reference Count: 1
      Modified Time: 1200
      Debug: Off
      Object Name: 
      Observers: 
        none
      Pointer: 0x15144c657010
      Container manages memory: true
      Size: 8530021
      Capacity: 8530021

     Moving image = Image (0x4843e20)
  RTTI typeinfo:   itk::Image<double, 3u>
  Reference Count: 2
  Modified Time: 1593
  Debug: Off
  Object Name: 
  Observers: 
    none
  Source: (none)
  Source output name: (none)
  Release Data: Off
  Data Released: False
  Global Release Data: Off
  PipelineMTime: 0
  UpdateMTime: 1590
  RealTimeStamp: 0 seconds 
  LargestPossibleRegion: 
    Dimension: 3
    Index: [0, 0, 0]
    Size: [160, 240, 256]
  BufferedRegion: 
    Dimension: 3
    Index: [0, 0, 0]
    Size: [160, 240, 256]
  RequestedRegion: 
    Dimension: 3
    Index: [0, 0, 0]
    Size: [160, 240, 256]
  Spacing: [1, 1, 1]
  Origin: [91.5134, 94.282, -109.927]
  Direction: 
-0.99591 -0.0698718 -0.0572835
0.0697565 -0.997556 0.00401236
-0.0574239 5.01125e-08 0.99835

  IndexToPointMatrix: 
-0.99591 -0.0698718 -0.0572835
0.0697565 -0.997556 0.00401236
-0.0574239 5.01125e-08 0.99835

  PointToIndexMatrix: 
-0.99591 0.0697565 -0.0574239
-0.0698718 -0.997556 5.01483e-08
-0.0572835 0.00401236 0.99835

  Inverse Direction: 
-0.99591 0.0697565 -0.0574239
-0.0698718 -0.997556 5.01483e-08
-0.0572835 0.00401236 0.99835

  PixelContainer: 
    ImportImageContainer (0x48dd550)
      RTTI typeinfo:   itk::ImportImageContainer<unsigned long, double>
      Reference Count: 1
      Modified Time: 1587
      Debug: Off
      Object Name: 
      Observers: 
        none
      Pointer: 0x151447b56010
      Container manages memory: true
      Size: 9830400
      Capacity: 9830400

     Weighting = 1
     Sampling strategy = regular
     Number of bins = 32
     Radius = 4
     Sampling percentage  = 0.25
   Transform = Affine
     Gradient step = 0.1
     Update field sigma (voxel space) = 0
     Total field sigma (voxel space) = 0
     Update field time sigma = 0
     Total field time sigma  = 0
     Number of time indices = 0
     Number of time point samples = 0
Registration using 1 total stages.

Stage 0
  iterations = 1000x500x250x100
  convergence threshold = 1e-06
  convergence window size = 10
  number of levels = 4
  using the Mattes MI metric (number of bins = 32, weight = 1, use gradient filter = 0)
  preprocessing:  winsorizing the image intensities
  Shrink factors (level 1 out of 4): [8, 8, 8]
  Shrink factors (level 2 out of 4): [4, 4, 4]
  Shrink factors (level 3 out of 4): [2, 2, 2]
  Shrink factors (level 4 out of 4): [1, 1, 1]
  smoothing sigmas per level: [3, 2, 1, 0]
  regular sampling (percentage = 0.25)

*** Running AffineTransform registration ***

DIAGNOSTIC,Iteration,metricValue,convergenceValue,ITERATION_TIME_INDEX,SINCE_LAST
 2DIAGNOSTIC,     1, -6.386301942668e-01, 1.797693134862e+308, 1.0370e+00, 1.0370e+00, 
 2DIAGNOSTIC,     2, -6.408629244007e-01, 1.797693134862e+308, 1.0424e+00, 5.4240e-03, 
 2DIAGNOSTIC,     3, -6.449798289901e-01, 1.797693134862e+308, 1.0475e+00, 5.1408e-03, 
 2DIAGNOSTIC,     4, -6.513154873420e-01, 1.797693134862e+308, 1.0527e+00, 5.1799e-03, 
 2DIAGNOSTIC,     5, -6.620379174226e-01, 1.797693134862e+308, 1.0579e+00, 5.1789e-03, 
 2DIAGNOSTIC,     6, -6.803740369830e-01, 1.797693134862e+308, 1.0632e+00, 5.3110e-03, 
 2DIAGNOSTIC,     7, -7.306981087809e-01, 1.797693134862e+308, 1.0700e+00, 6.7880e-03, 
 2DIAGNOSTIC,     8, -8.406867859002e-01, 1.797693134862e+308, 1.0770e+00, 7.0441e-03, 
 2DIAGNOSTIC,     9, -8.721402468736e-01, 1.797693134862e+308, 1.0830e+00, 5.9950e-03, 
 2DIAGNOSTIC,    10, -8.863384400919e-01, 2.459909570433e-02, 1.0917e+00, 8.7061e-03, 
 2DIAGNOSTIC,    11, -8.942400978624e-01, 2.482022796852e-02, 1.0980e+00, 6.2969e-03, 
 2DIAGNOSTIC,    12, -8.995943109091e-01, 2.301201595756e-02, 1.1035e+00, 5.4550e-03, 
 2DIAGNOSTIC,    13, -9.041767662693e-01, 1.967389832671e-02, 1.1096e+00, 6.1250e-03, 
 2DIAGNOSTIC,    14, -9.051170445193e-01, 1.531233694070e-02, 1.1157e+00, 6.0649e-03, 
 2DIAGNOSTIC,    15, -9.059294688534e-01, 1.055702036066e-02, 1.1213e+00, 5.5821e-03, 
 2DIAGNOSTIC,    16, -9.066590691653e-01, 5.956789687659e-03, 1.1279e+00, 6.6762e-03, 
 2DIAGNOSTIC,    17, -9.072847063487e-01, 2.438611069010e-03, 1.1345e+00, 6.5739e-03, 
 2DIAGNOSTIC,    18, -9.074133218978e-01, 1.285851167875e-03, 1.1408e+00, 6.3071e-03, 
 2DIAGNOSTIC,    19, -9.072137375289e-01, 7.236994756835e-04, 1.1464e+00, 5.6260e-03, 
 2DIAGNOSTIC,    20, -9.069971251213e-01, 3.998070809429e-04, 1.1523e+00, 5.9001e-03, 
 2DIAGNOSTIC,    21, -9.065757937986e-01, 1.952384843598e-04, 1.1586e+00, 6.2230e-03, 
 2DIAGNOSTIC,    22, -9.064352443921e-01, 7.321474600298e-05, 1.1643e+00, 5.7662e-03, 
 2DIAGNOSTIC,    23, -9.062967556740e-01, 2.238365779594e-05, 1.1700e+00, 5.6269e-03, 
DIAGNOSTIC,Iteration,metricValue,convergenceValue,ITERATION_TIME_INDEX,SINCE_LAST
 2DIAGNOSTIC,     1, -7.444844635654e-01, 1.797693134862e+308, 1.8839e+00, 7.1392e-01, 
 2DIAGNOSTIC,     2, -7.451464505182e-01, 1.797693134862e+308, 1.9222e+00, 3.8296e-02, 
 2DIAGNOSTIC,     3, -7.459476266967e-01, 1.797693134862e+308, 1.9608e+00, 3.8614e-02, 
 2DIAGNOSTIC,     4, -7.468694338193e-01, 1.797693134862e+308, 1.9982e+00, 3.7426e-02, 
 2DIAGNOSTIC,     5, -7.484523350933e-01, 1.797693134862e+308, 2.0448e+00, 4.6562e-02, 
 2DIAGNOSTIC,     6, -7.484962834623e-01, 1.797693134862e+308, 2.0814e+00, 3.6589e-02, 
 2DIAGNOSTIC,     7, -7.485404002140e-01, 1.797693134862e+308, 2.1188e+00, 3.7443e-02, 
 2DIAGNOSTIC,     8, -7.486559568314e-01, 1.797693134862e+308, 2.1905e+00, 7.1717e-02, 
 2DIAGNOSTIC,     9, -7.486706130041e-01, 1.797693134862e+308, 2.2312e+00, 4.0705e-02, 
 2DIAGNOSTIC,    10, -7.486393706111e-01, 3.805055711348e-04, 2.2687e+00, 3.7420e-02, 
 2DIAGNOSTIC,    11, -7.486552370144e-01, 2.527068358582e-04, 2.3051e+00, 3.6429e-02, 
 2DIAGNOSTIC,    12, -7.486445758456e-01, 1.448569507068e-04, 2.3455e+00, 4.0368e-02, 
 2DIAGNOSTIC,    13, -7.486537777352e-01, 6.422028230217e-05, 2.3865e+00, 4.1023e-02, 
 2DIAGNOSTIC,    14, -7.486441662154e-01, 1.305485884945e-05, 2.4228e+00, 3.6348e-02, 
 2DIAGNOSTIC,    15, -7.486357873221e-01, 7.674069369176e-06, 2.4586e+00, 3.5820e-02, 
 2DIAGNOSTIC,    16, -7.486424185674e-01, 3.671541155020e-06, 2.4954e+00, 3.6804e-02, 
 2DIAGNOSTIC,    17, -7.486495237156e-01, 1.040948801406e-06, 2.5355e+00, 4.0026e-02, 
 2DIAGNOSTIC,    18, -7.486571384931e-01, 1.361452781630e-06, 2.5734e+00, 3.7931e-02, 
 2DIAGNOSTIC,    19, -7.486507577544e-01, 1.872409472262e-06, 2.6158e+00, 4.2374e-02, 
 2DIAGNOSTIC,    20, -7.486540948797e-01, 1.785883080342e-06, 2.6567e+00, 4.0876e-02, 
 2DIAGNOSTIC,    21, -7.486422917331e-01, 1.764946262223e-06, 2.6938e+00, 3.7127e-02, 
 2DIAGNOSTIC,    22, -7.486315270038e-01, 1.345482145712e-06, 2.7351e+00, 4.1290e-02, 
DIAGNOSTIC,Iteration,metricValue,convergenceValue,ITERATION_TIME_INDEX,SINCE_LAST
 2DIAGNOSTIC,     1, -6.324113300673e-01, 1.797693134862e+308, 3.9758e+00, 1.2408e+00, 
 2DIAGNOSTIC,     2, -6.330763271219e-01, 1.797693134862e+308, 4.3435e+00, 3.6770e-01, 
 2DIAGNOSTIC,     3, -6.338297065341e-01, 1.797693134862e+308, 4.6732e+00, 3.2965e-01, 
 2DIAGNOSTIC,     4, -6.347061503686e-01, 1.797693134862e+308, 5.0431e+00, 3.6989e-01, 
 2DIAGNOSTIC,     5, -6.375935745536e-01, 1.797693134862e+308, 5.7462e+00, 7.0316e-01, 
 2DIAGNOSTIC,     6, -6.375889450390e-01, 1.797693134862e+308, 6.1986e+00, 4.5237e-01, 
 2DIAGNOSTIC,     7, -6.375877562388e-01, 1.797693134862e+308, 6.6832e+00, 4.8457e-01, 
 2DIAGNOSTIC,     8, -6.375873510268e-01, 1.797693134862e+308, 6.9988e+00, 3.1560e-01, 
 2DIAGNOSTIC,     9, -6.375847992857e-01, 1.797693134862e+308, 7.3773e+00, 3.7853e-01, 
 2DIAGNOSTIC,    10, -6.375854792545e-01, 5.884228093577e-04, 7.7428e+00, 3.6556e-01, 
 2DIAGNOSTIC,    11, -6.375844967784e-01, 4.012584542794e-04, 8.1003e+00, 3.5741e-01, 
 2DIAGNOSTIC,    12, -6.375837009557e-01, 2.357122891744e-04, 8.4206e+00, 3.2030e-01, 
 2DIAGNOSTIC,    13, -6.375833357330e-01, 1.008482090762e-04, 8.7820e+00, 3.6141e-01, 
 2DIAGNOSTIC,    14, -6.375826895798e-01, 1.643037128171e-06, 9.0906e+00, 3.0859e-01, 
 2DIAGNOSTIC,    15, -6.375825756844e-01, 1.698891875332e-06, 9.4186e+00, 3.2808e-01, 
 2DIAGNOSTIC,    16, -6.375808819516e-01, 1.610148089512e-06, 9.7602e+00, 3.4154e-01, 
 2DIAGNOSTIC,    17, -6.375794051533e-01, 1.498180613631e-06, 1.0082e+01, 3.2186e-01, 
 2DIAGNOSTIC,    18, -6.375788772336e-01, 1.412648337244e-06, 1.0448e+01, 3.6562e-01, 
 2DIAGNOSTIC,    19, -6.375799272829e-01, 1.332483043154e-06, 1.0778e+01, 3.3042e-01, 
 2DIAGNOSTIC,    20, -6.375765877160e-01, 1.232127880425e-06, 1.1107e+01, 3.2923e-01, 
 2DIAGNOSTIC,    21, -6.375760875166e-01, 1.146420154807e-06, 1.1447e+01, 3.3987e-01, 
 2DIAGNOSTIC,    22, -6.375740558060e-01, 1.046230606448e-06, 1.1773e+01, 3.2600e-01, 
DIAGNOSTIC,Iteration,metricValue,convergenceValue,ITERATION_TIME_INDEX,SINCE_LAST
 2DIAGNOSTIC,     1, -5.634596188205e-01, 1.797693134862e+308, 1.4853e+01, 3.0799e+00, 
 2DIAGNOSTIC,     2, -5.635582917791e-01, 1.797693134862e+308, 1.6737e+01, 1.8839e+00, 
 2DIAGNOSTIC,     3, -5.635646258162e-01, 1.797693134862e+308, 1.8707e+01, 1.9698e+00, 
 2DIAGNOSTIC,     4, -5.635709802776e-01, 1.797693134862e+308, 2.0607e+01, 1.9004e+00, 
 2DIAGNOSTIC,     5, -5.635741247792e-01, 1.797693134862e+308, 2.2362e+01, 1.7553e+00, 
 2DIAGNOSTIC,     6, -5.635824435275e-01, 1.797693134862e+308, 2.4097e+01, 1.7350e+00, 
 2DIAGNOSTIC,     7, -5.636045683015e-01, 1.797693134862e+308, 2.6028e+01, 1.9308e+00, 
 2DIAGNOSTIC,     8, -5.636357068978e-01, 1.797693134862e+308, 2.7887e+01, 1.8590e+00, 
 2DIAGNOSTIC,     9, -5.636630543022e-01, 1.797693134862e+308, 3.0505e+01, 2.6180e+00, 
 2DIAGNOSTIC,    10, -5.636693495882e-01, 2.174955805498e-05, 3.2196e+01, 1.6909e+00, 
 2DIAGNOSTIC,    11, -5.636766057883e-01, 1.695915275352e-05, 3.3868e+01, 1.6721e+00, 
 2DIAGNOSTIC,    12, -5.636895251634e-01, 1.638435387945e-05, 3.5564e+01, 1.6961e+00, 
 2DIAGNOSTIC,    13, -5.637094518093e-01, 1.564171070582e-05, 3.7247e+01, 1.6824e+00, 
 2DIAGNOSTIC,    14, -5.637374237137e-01, 1.502406925662e-05, 3.8923e+01, 1.6760e+00, 
 2DIAGNOSTIC,    15, -5.637990435474e-01, 1.549996459350e-05, 4.0592e+01, 1.6695e+00, 
 2DIAGNOSTIC,    16, -5.638502085556e-01, 1.652905029027e-05, 4.3795e+01, 3.2031e+00, 
 2DIAGNOSTIC,    17, -5.638499542051e-01, 1.671610382733e-05, 4.5813e+01, 2.0182e+00, 
 2DIAGNOSTIC,    18, -5.638497321066e-01, 1.639242730050e-05, 4.8006e+01, 2.1927e+00, 
 2DIAGNOSTIC,    19, -5.638497601258e-01, 1.547876788596e-05, 5.0140e+01, 2.1344e+00, 
 2DIAGNOSTIC,    20, -5.638496379725e-01, 1.350238324653e-05, 5.2113e+01, 1.9725e+00, 
 2DIAGNOSTIC,    21, -5.638490933847e-01, 1.074737170056e-05, 5.3995e+01, 1.8823e+00, 
 2DIAGNOSTIC,    22, -5.638489895760e-01, 7.688298970389e-06, 5.6007e+01, 2.0121e+00, 
 2DIAGNOSTIC,    23, -5.638488624309e-01, 4.762284478661e-06, 5.7888e+01, 1.8804e+00, 
 2DIAGNOSTIC,    24, -5.638487301685e-01, 2.323893405952e-06, 5.9733e+01, 1.8454e+00, 
 2DIAGNOSTIC,    25, -5.638484617332e-01, 1.194514486762e-06, 6.1691e+01, 1.9578e+00, 
 2DIAGNOSTIC,    26, -5.638483509518e-01, 1.149745108509e-06, 6.3566e+01, 1.8752e+00, 
 2DIAGNOSTIC,    27, -5.638478158124e-01, 1.100646295854e-06, 6.5472e+01, 1.9059e+00, 
 2DIAGNOSTIC,    28, -5.638475673939e-01, 1.053943205730e-06, 6.7356e+01, 1.8837e+00, 
 2DIAGNOSTIC,    29, -5.638476123558e-01, 1.019470288549e-06, 6.9240e+01, 1.8845e+00, 
  Elapsed time (stage 0): 7.0441e+01


Total elapsed time: 7.0443e+01
Info [verificarlo]: loaded backend libinterflop_ieee.so
Info [interflop-ieee]: load backend with:
Info [interflop-ieee]: debug = false
Info [interflop-ieee]: debug-binary = false
Info [interflop-ieee]: no-backend-name = false
Info [interflop-ieee]: print-new-line = false
Info [interflop-ieee]: print-subnormal-normalized = false
Info [interflop-ieee]: count-op = false
All_Command_lines_OK
Using double precision for computations.
=============================================================================
The composite transform comprises the following transforms (in order): 
  1. /home/mdugre/scratch/mri-registration-rp/datasets/ds004513/derivatives/mri-registration-rp/0100/antsRegistration-r8-p12/sub-s033/affine_Composite.h5[0] (type = Euler3DTransform)
  2. /home/mdugre/scratch/mri-registration-rp/datasets/ds004513/derivatives/mri-registration-rp/0100/antsRegistration-r8-p12/sub-s033/affine_Composite.h5[1] (type = Euler3DTransform)
  3. /home/mdugre/scratch/mri-registration-rp/datasets/ds004513/derivatives/mri-registration-rp/0100/antsRegistration-r8-p12/sub-s033/affine_Composite.h5[2] (type = Euler3DTransform)
  4. /home/mdugre/scratch/mri-registration-rp/datasets/ds004513/derivatives/mri-registration-rp/0100/antsRegistration-r8-p12/sub-s033/affine_Composite.h5[3] (type = AffineTransform)
=============================================================================
  number of levels = 4
  fixed image: /templateflow/tpl-MNI152NLin2009cAsym/tpl-MNI152NLin2009cAsym_res-01_desc-brain_T1w.nii.gz
  moving image: /home/mdugre/scratch/mri-registration-rp/datasets/ds004513/derivatives/mri-registration-rp/antsBrainExtraction/sub-s033/BrainExtractionBrain.nii.gz
Dimension = 3
Number of stages = 1
Use histogram matching = false
Winsorize image intensities = true
  Lower quantile = 0.005
  Upper quantile = 0.995


Stage 1 State
   Image metric = CC
     Fixed image = Image (0x490da40)
  RTTI typeinfo:   itk::Image<double, 3u>
  Reference Count: 2
  Modified Time: 1606
  Debug: Off
  Object Name: 
  Observers: 
    none
  Source: (none)
  Source output name: (none)
  Release Data: Off
  Data Released: False
  Global Release Data: Off
  PipelineMTime: 0
  UpdateMTime: 1217
  RealTimeStamp: 0 seconds 
  LargestPossibleRegion: 
    Dimension: 3
    Index: [0, 0, 0]
    Size: [193, 229, 193]
  BufferedRegion: 
    Dimension: 3
    Index: [0, 0, 0]
    Size: [193, 229, 193]
  RequestedRegion: 
    Dimension: 3
    Index: [0, 0, 0]
    Size: [193, 229, 193]
  Spacing: [1, 1, 1]
  Origin: [96, 132, -78]
  Direction: 
-1 0 0
0 -1 0
0 0 1

  IndexToPointMatrix: 
-1 0 0
0 -1 0
0 0 1

  PointToIndexMatrix: 
-1 0 0
0 -1 0
0 0 1

  Inverse Direction: 
-1 0 0
0 -1 0
0 0 1

  PixelContainer: 
    ImportImageContainer (0x49dc780)
      RTTI typeinfo:   itk::ImportImageContainer<unsigned long, double>
      Reference Count: 1
      Modified Time: 1214
      Debug: Off
      Object Name: 
      Observers: 
        none
      Pointer: 0x14cc24721010
      Container manages memory: true
      Size: 8530021
      Capacity: 8530021

     Moving image = Image (0x49de390)
  RTTI typeinfo:   itk::Image<double, 3u>
  Reference Count: 2
  Modified Time: 1607
  Debug: Off
  Object Name: 
  Observers: 
    none
  Source: (none)
  Source output name: (none)
  Release Data: Off
  Data Released: False
  Global Release Data: Off
  PipelineMTime: 0
  UpdateMTime: 1604
  RealTimeStamp: 0 seconds 
  LargestPossibleRegion: 
    Dimension: 3
    Index: [0, 0, 0]
    Size: [160, 240, 256]
  BufferedRegion: 
    Dimension: 3
    Index: [0, 0, 0]
    Size: [160, 240, 256]
  RequestedRegion: 
    Dimension: 3
    Index: [0, 0, 0]
    Size: [160, 240, 256]
  Spacing: [1, 1, 1]
  Origin: [91.5134, 94.282, -109.927]
  Direction: 
-0.99591 -0.0698718 -0.0572835
0.0697565 -0.997556 0.00401236
-0.0574239 5.01125e-08 0.99835

  IndexToPointMatrix: 
-0.99591 -0.0698718 -0.0572835
0.0697565 -0.997556 0.00401236
-0.0574239 5.01125e-08 0.99835

  PointToIndexMatrix: 
-0.99591 0.0697565 -0.0574239
-0.0698718 -0.997556 5.01483e-08
-0.0572835 0.00401236 0.99835

  Inverse Direction: 
-0.99591 0.0697565 -0.0574239
-0.0698718 -0.997556 5.01483e-08
-0.0572835 0.00401236 0.99835

  PixelContainer: 
    ImportImageContainer (0x49936f0)
      RTTI typeinfo:   itk::ImportImageContainer<unsigned long, double>
      Reference Count: 1
      Modified Time: 1601
      Debug: Off
      Object Name: 
      Observers: 
        none
      Pointer: 0x14cc1fc20010
      Container manages memory: true
      Size: 9830400
      Capacity: 9830400

     Weighting = 1
     Sampling strategy = none
     Number of bins = 32
     Radius = 4
