
##########################
# Experiment information #
##########################

EXPERIMENT_NAME: antsRegistration-r7-p22
VFC_BACKENDS: libinterflop_vprec.so --range-binary32=7 --precision-binary32=22 --range-binary64=7 --precision-binary64=22

SIF_IMG: /home/mdugre/projects/rrg-glatard/mdugre/containers/ants-vprec-no_metrics.simg

SUBJECT_ID: s017
INPUT_IMG: /home/mdugre/scratch/mri-registration-rp/datasets/ds004513/derivatives/mri-registration-rp/antsBrainExtraction/sub-s017/BrainExtractionBrain.nii.gz
OUTPUT_DIR: /home/mdugre/scratch/mri-registration-rp/datasets/ds004513/derivatives/mri-registration-rp/0100/antsRegistration-r7-p22/sub-s017

FIXED_IMG: /templateflow/tpl-MNI152NLin2009cAsym/tpl-MNI152NLin2009cAsym_res-01_desc-brain_T1w.nii.gz
DATA_DIR: /home/mdugre/scratch/mri-registration-rp/datasets/ds004513
TEMPLATEFLOW_DIR: /home/mdugre/projects/rrg-glatard/mdugre/templateflow
ITK_GLOBAL_DEFAULT_NUMBER_OF_THREADS: 16
##########################

Info [verificarlo]: loaded backend libinterflop_ieee.so
Info [interflop-ieee]: load backend with:
Info [interflop-ieee]: debug = false
Info [interflop-ieee]: debug-binary = false
Info [interflop-ieee]: no-backend-name = false
Info [interflop-ieee]: print-new-line = false
Info [interflop-ieee]: print-subnormal-normalized = false
Info [interflop-ieee]: count-op = false
All_Command_lines_OK
Using double precision for computations.
=============================================================================
The composite transform comprises the following transforms (in order): 
  1. Center of mass alignment using fixed image: /templateflow/tpl-MNI152NLin2009cAsym/tpl-MNI152NLin2009cAsym_res-01_desc-brain_T1w.nii.gz and moving image: /home/mdugre/scratch/mri-registration-rp/datasets/ds004513/derivatives/mri-registration-rp/antsBrainExtraction/sub-s017/BrainExtractionBrain.nii.gz (type = Euler3DTransform)
=============================================================================
  number of levels = 1
  fixed image: /templateflow/tpl-MNI152NLin2009cAsym/tpl-MNI152NLin2009cAsym_res-01_desc-brain_T1w.nii.gz
  moving image: /home/mdugre/scratch/mri-registration-rp/datasets/ds004513/derivatives/mri-registration-rp/antsBrainExtraction/sub-s017/BrainExtractionBrain.nii.gz
Dimension = 3
Number of stages = 1
Use histogram matching = false
Winsorize image intensities = true
  Lower quantile = 0.005
  Upper quantile = 0.995


Stage 1 State
   Image metric = MattesMI
     Fixed image = Image (0x438ce70)
  RTTI typeinfo:   itk::Image<double, 3u>
  Reference Count: 2
  Modified Time: 2334
  Debug: Off
  Object Name: 
  Observers: 
    none
  Source: (none)
  Source output name: (none)
  Release Data: Off
  Data Released: False
  Global Release Data: Off
  PipelineMTime: 0
  UpdateMTime: 1943
  RealTimeStamp: 0 seconds 
  LargestPossibleRegion: 
    Dimension: 3
    Index: [0, 0, 0]
    Size: [193, 229, 193]
  BufferedRegion: 
    Dimension: 3
    Index: [0, 0, 0]
    Size: [193, 229, 193]
  RequestedRegion: 
    Dimension: 3
    Index: [0, 0, 0]
    Size: [193, 229, 193]
  Spacing: [1, 1, 1]
  Origin: [96, 132, -78]
  Direction: 
-1 0 0
0 -1 0
0 0 1

  IndexToPointMatrix: 
-1 0 0
0 -1 0
0 0 1

  PointToIndexMatrix: 
-1 0 0
0 -1 0
0 0 1

  Inverse Direction: 
-1 0 0
0 -1 0
0 0 1

  PixelContainer: 
    ImportImageContainer (0x4395c60)
      RTTI typeinfo:   itk::ImportImageContainer<unsigned long, double>
      Reference Count: 1
      Modified Time: 1940
      Debug: Off
      Object Name: 
      Observers: 
        none
      Pointer: 0x150edfff4010
      Container manages memory: true
      Size: 8530021
      Capacity: 8530021

     Moving image = Image (0x4398610)
  RTTI typeinfo:   itk::Image<double, 3u>
  Reference Count: 2
  Modified Time: 2335
  Debug: Off
  Object Name: 
  Observers: 
    none
  Source: (none)
  Source output name: (none)
  Release Data: Off
  Data Released: False
  Global Release Data: Off
  PipelineMTime: 0
  UpdateMTime: 2332
  RealTimeStamp: 0 seconds 
  LargestPossibleRegion: 
    Dimension: 3
    Index: [0, 0, 0]
    Size: [160, 240, 256]
  BufferedRegion: 
    Dimension: 3
    Index: [0, 0, 0]
    Size: [160, 240, 256]
  RequestedRegion: 
    Dimension: 3
    Index: [0, 0, 0]
    Size: [160, 240, 256]
  Spacing: [1, 1, 1]
  Origin: [91.3357, 102.231, -120.042]
  Direction: 
-0.997442 -5.36781e-05 -0.0714818
5.35416e-05 -1 3.82465e-06
-0.0714818 -1.23894e-08 0.997442

  IndexToPointMatrix: 
-0.997444 -5.36781e-05 -0.0714818
5.35418e-05 -1 3.82465e-06
-0.0714819 -1.23894e-08 0.997442

  PointToIndexMatrix: 
-0.99744 5.35415e-05 -0.0714816
-5.36781e-05 -1 -1.23894e-08
-0.0714818 3.82465e-06 0.997442

  Inverse Direction: 
-0.997442 5.35416e-05 -0.0714818
-5.36781e-05 -1 -1.23894e-08
-0.0714818 3.82465e-06 0.997442

  PixelContainer: 
    ImportImageContainer (0x4431ef0)
      RTTI typeinfo:   itk::ImportImageContainer<unsigned long, double>
      Reference Count: 1
      Modified Time: 2329
      Debug: Off
      Object Name: 
      Observers: 
        none
      Pointer: 0x150edb4f3010
      Container manages memory: true
      Size: 9830400
      Capacity: 9830400

     Weighting = 1
     Sampling strategy = regular
     Number of bins = 32
     Radius = 4
     Sampling percentage  = 0.25
   Transform = Rigid
     Gradient step = 0.1
     Update field sigma (voxel space) = 0
     Total field sigma (voxel space) = 0
     Update field time sigma = 0
     Total field time sigma  = 0
     Number of time indices = 0
     Number of time point samples = 0
Registration using 1 total stages.

Stage 0
  iterations = 0
  convergence threshold = 1e-06
  convergence window size = 10
  number of levels = 1
  using the Mattes MI metric (number of bins = 32, weight = 1, use gradient filter = 0)
  preprocessing:  winsorizing the image intensities
  Shrink factors (level 1 out of 1): [1, 1, 1]
  smoothing sigmas per level: [0]
  regular sampling (percentage = 0.25)

*** Running Euler3DTransform registration ***

  Elapsed time (stage 0): 1.11634


Total elapsed time: 1.11847
Info [verificarlo]: loaded backend libinterflop_vprec.so
Info [interflop-vprec]: load backend with: 
Info [interflop-vprec]: precision-binary32 = 22
Info [interflop-vprec]: range-binary32 = 7
Info [interflop-vprec]: precision-binary64 = 22
Info [interflop-vprec]: range-binary64 = 7
Info [interflop-vprec]: mode = ob
Info [interflop-vprec]: error-mode = rel
Info [interflop-vprec]: max-abs-error-exponent = -1022
Info [interflop-vprec]: daz = false
Info [interflop-vprec]: ftz = false
Info [interflop-vprec]: 	instrument = none
Info [interflop-vprec]: 	prec-input-file = (null)
Info [interflop-vprec]: 	prec-output-file = (null)
Info [interflop-vprec]: 	prec-log-file = (null)
All_Command_lines_OK
Using double precision for computations.
=============================================================================
The composite transform comprises the following transforms (in order): 
  1. /home/mdugre/scratch/mri-registration-rp/datasets/ds004513/derivatives/mri-registration-rp/0100/antsRegistration-r7-p22/sub-s017/align_Composite.h5[0] (type = Euler3DTransform)
  2. /home/mdugre/scratch/mri-registration-rp/datasets/ds004513/derivatives/mri-registration-rp/0100/antsRegistration-r7-p22/sub-s017/align_Composite.h5[1] (type = Euler3DTransform)
=============================================================================
  number of levels = 4
  fixed image: /templateflow/tpl-MNI152NLin2009cAsym/tpl-MNI152NLin2009cAsym_res-01_desc-brain_T1w.nii.gz
  moving image: /home/mdugre/scratch/mri-registration-rp/datasets/ds004513/derivatives/mri-registration-rp/antsBrainExtraction/sub-s017/BrainExtractionBrain.nii.gz
Dimension = 3
Number of stages = 1
Use histogram matching = false
Winsorize image intensities = true
  Lower quantile = 0.005
  Upper quantile = 0.995


Stage 1 State
   Image metric = MattesMI
     Fixed image = Image (0x483f1e0)
  RTTI typeinfo:   itk::Image<double, 3u>
  Reference Count: 2
  Modified Time: 1580
  Debug: Off
  Object Name: 
  Observers: 
    none
  Source: (none)
  Source output name: (none)
  Release Data: Off
  Data Released: False
  Global Release Data: Off
  PipelineMTime: 0
  UpdateMTime: 1189
  RealTimeStamp: 0 seconds 
  LargestPossibleRegion: 
    Dimension: 3
    Index: [0, 0, 0]
    Size: [193, 229, 193]
  BufferedRegion: 
    Dimension: 3
    Index: [0, 0, 0]
    Size: [193, 229, 193]
  RequestedRegion: 
    Dimension: 3
    Index: [0, 0, 0]
    Size: [193, 229, 193]
  Spacing: [1, 1, 1]
  Origin: [96, 132, -78]
  Direction: 
-1 0 0
0 -1 0
0 0 1

  IndexToPointMatrix: 
-1 0 0
0 -1 0
0 0 1

  PointToIndexMatrix: 
-1 0 0
0 -1 0
0 0 1

  Inverse Direction: 
-1 0 0
0 -1 0
0 0 1

  PixelContainer: 
    ImportImageContainer (0x48fe680)
      RTTI typeinfo:   itk::ImportImageContainer<unsigned long, double>
      Reference Count: 1
      Modified Time: 1186
      Debug: Off
      Object Name: 
      Observers: 
        none
      Pointer: 0x154107176010
      Container manages memory: true
      Size: 8530021
      Capacity: 8530021

     Moving image = Image (0x48fab20)
  RTTI typeinfo:   itk::Image<double, 3u>
  Reference Count: 2
  Modified Time: 1581
  Debug: Off
  Object Name: 
  Observers: 
    none
  Source: (none)
  Source output name: (none)
  Release Data: Off
  Data Released: False
  Global Release Data: Off
  PipelineMTime: 0
  UpdateMTime: 1578
  RealTimeStamp: 0 seconds 
  LargestPossibleRegion: 
    Dimension: 3
    Index: [0, 0, 0]
    Size: [160, 240, 256]
  BufferedRegion: 
    Dimension: 3
    Index: [0, 0, 0]
    Size: [160, 240, 256]
  RequestedRegion: 
    Dimension: 3
    Index: [0, 0, 0]
    Size: [160, 240, 256]
  Spacing: [1, 1, 1]
  Origin: [91.3357, 102.231, -120.042]
  Direction: 
-0.997442 -5.36781e-05 -0.0714818
5.35416e-05 -1 3.82465e-06
-0.0714818 -1.23894e-08 0.997442

  IndexToPointMatrix: 
-0.997444 -5.36781e-05 -0.0714818
5.35417e-05 -1 3.82465e-06
-0.0714819 -1.23894e-08 0.997442

  PointToIndexMatrix: 
-0.99744 5.35415e-05 -0.0714816
-5.3678e-05 -1 -1.36206e-08
-0.0714818 3.82343e-06 0.997442

  Inverse Direction: 
-0.997442 5.35417e-05 -0.0714818
-5.36781e-05 -1 -1.239e-08
-0.0714818 3.82465e-06 0.997442

  PixelContainer: 
    ImportImageContainer (0x4963d50)
      RTTI typeinfo:   itk::ImportImageContainer<unsigned long, double>
      Reference Count: 1
      Modified Time: 1575
      Debug: Off
      Object Name: 
      Observers: 
        none
      Pointer: 0x154102675010
      Container manages memory: true
      Size: 9830400
      Capacity: 9830400

     Weighting = 1
     Sampling strategy = regular
     Number of bins = 32
     Radius = 4
     Sampling percentage  = 0.25
   Transform = Rigid
     Gradient step = 0.1
     Update field sigma (voxel space) = 0
     Total field sigma (voxel space) = 0
     Update field time sigma = 0
     Total field time sigma  = 0
     Number of time indices = 0
     Number of time point samples = 0
Registration using 1 total stages.

Stage 0
  iterations = 1000x500x250x100
  convergence threshold = 1e-06
  convergence window size = 10
  number of levels = 4
  using the Mattes MI metric (number of bins = 32, weight = 1, use gradient filter = 0)
  preprocessing:  winsorizing the image intensities
  Shrink factors (level 1 out of 4): [8, 8, 8]
  Shrink factors (level 2 out of 4): [4, 4, 4]
  Shrink factors (level 3 out of 4): [2, 2, 2]
  Shrink factors (level 4 out of 4): [1, 1, 1]
  smoothing sigmas per level: [3, 2, 1, 0]
  regular sampling (percentage = 0.25)

*** Running Euler3DTransform registration ***

DIAGNOSTIC,Iteration,metricValue,convergenceValue,ITERATION_TIME_INDEX,SINCE_LAST
 2DIAGNOSTIC,     1, -5.567763681080e-01, 1.797693134862e+308, 0.0000e+00, 0.0000e+00, 
 2DIAGNOSTIC,     2, -5.584235827555e-01, 1.797693134862e+308, 0.0000e+00, 0.0000e+00, 
 2DIAGNOSTIC,     3, -5.612709631567e-01, 1.797693134862e+308, 0.0000e+00, 0.0000e+00, 
 2DIAGNOSTIC,     4, -5.637773312237e-01, 1.797693134862e+308, 0.0000e+00, 0.0000e+00, 
 2DIAGNOSTIC,     5, -5.658214635794e-01, 1.797693134862e+308, 0.0000e+00, 0.0000e+00, 
 2DIAGNOSTIC,     6, -5.696425127560e-01, 1.797693134862e+308, 0.0000e+00, 0.0000e+00, 
 2DIAGNOSTIC,     7, -5.734083539600e-01, 1.797693134862e+308, 0.0000e+00, 0.0000e+00, 
 2DIAGNOSTIC,     8, -5.754515694501e-01, 1.797693134862e+308, 0.0000e+00, 0.0000e+00, 
 2DIAGNOSTIC,     9, -5.762121561586e-01, 1.797693134862e+308, 0.0000e+00, 0.0000e+00, 
 2DIAGNOSTIC,    10, -5.762289624646e-01, 2.510190228755e-03, 0.0000e+00, 0.0000e+00, 
 2DIAGNOSTIC,    11, -5.785981800377e-01, 2.142352013405e-03, 0.0000e+00, 0.0000e+00, 
 2DIAGNOSTIC,    12, -5.804297886655e-01, 1.782832348652e-03, 0.0000e+00, 0.0000e+00, 
 2DIAGNOSTIC,    13, -5.817123002383e-01, 1.474797199392e-03, 0.0000e+00, 0.0000e+00, 
 2DIAGNOSTIC,    14, -5.818807873010e-01, 1.174887054583e-03, 0.0000e+00, 0.0000e+00, 
 2DIAGNOSTIC,    15, -5.838786434985e-01, 9.422925087515e-04, 0.0000e+00, 0.0000e+00, 
 2DIAGNOSTIC,    16, -5.862687056528e-01, 8.408451103777e-04, 0.0000e+00, 0.0000e+00, 
 2DIAGNOSTIC,    17, -5.868004445347e-01, 7.956808603560e-04, 0.0000e+00, 0.0000e+00, 
 2DIAGNOSTIC,    18, -5.883891065921e-01, 7.830103967409e-04, 0.0000e+00, 0.0000e+00, 
 2DIAGNOSTIC,    19, -5.896519214215e-01, 7.530213123293e-04, 0.0000e+00, 0.0000e+00, 
 2DIAGNOSTIC,    20, -5.907818111258e-01, 6.826941464503e-04, 0.0000e+00, 0.0000e+00, 
 2DIAGNOSTIC,    21, -5.909650825260e-01, 6.139515768773e-04, 0.0000e+00, 0.0000e+00, 
 2DIAGNOSTIC,    22, -5.912124329308e-01, 5.410367142194e-04, 0.0000e+00, 0.0000e+00, 
 2DIAGNOSTIC,    23, -5.913223968144e-01, 4.547461682015e-04, 0.0000e+00, 0.0000e+00, 
 2DIAGNOSTIC,    24, -5.914596775420e-01, 3.386075586755e-04, 0.0000e+00, 0.0000e+00, 
 2DIAGNOSTIC,    25, -5.916604911549e-01, 2.422966169944e-04, 0.0000e+00, 0.0000e+00, 
 2DIAGNOSTIC,    26, -5.917115262135e-01, 1.771865422015e-04, 0.0000e+00, 0.0000e+00, 
 2DIAGNOSTIC,    27, -5.917274778712e-01, 1.101181520548e-04, 0.0000e+00, 0.0000e+00, 
 2DIAGNOSTIC,    28, -5.917302540151e-01, 6.514720323335e-05, 0.0000e+00, 0.0000e+00, 
 2DIAGNOSTIC,    29, -5.917424108275e-01, 3.831773999247e-05, 0.0000e+00, 0.0000e+00, 
 2DIAGNOSTIC,    30, -5.917418766265e-01, 2.812172498162e-05, 0.0000e+00, 0.0000e+00, 
 2DIAGNOSTIC,    31, -5.917419300358e-01, 1.884697597290e-05, 0.0000e+00, 0.0000e+00, 
 2DIAGNOSTIC,    32, -5.917418345866e-01, 1.227136037404e-05, 0.0000e+00, 0.0000e+00, 
 2DIAGNOSTIC,    33, -5.917418650584e-01, 6.647438491186e-06, 0.0000e+00, 0.0000e+00, 
 2DIAGNOSTIC,    34, -5.917418372377e-01, 2.717765530777e-06, 0.0000e+00, 0.0000e+00, 
 2DIAGNOSTIC,    35, -5.917416533860e-01, 1.625689647403e-06, 0.0000e+00, 0.0000e+00, 
 2DIAGNOSTIC,    36, -5.917417497403e-01, 1.217552110327e-06, 0.0000e+00, 0.0000e+00, 
 2DIAGNOSTIC,    37, -5.917416927826e-01, 1.011151419657e-06, 0.0000e+00, 0.0000e+00, 
DIAGNOSTIC,Iteration,metricValue,convergenceValue,ITERATION_TIME_INDEX,SINCE_LAST
 2DIAGNOSTIC,     1, -4.783274287286e-01, 1.797693134862e+308, 0.0000e+00, 0.0000e+00, 
 2DIAGNOSTIC,     2, -4.784367823917e-01, 1.797693134862e+308, 0.0000e+00, 0.0000e+00, 
 2DIAGNOSTIC,     3, -4.785914334020e-01, 1.797693134862e+308, 0.0000e+00, 0.0000e+00, 
 2DIAGNOSTIC,     4, -4.786630498405e-01, 1.797693134862e+308, 0.0000e+00, 0.0000e+00, 
 2DIAGNOSTIC,     5, -4.787764711150e-01, 1.797693134862e+308, 0.0000e+00, 0.0000e+00, 
 2DIAGNOSTIC,     6, -4.793333780471e-01, 1.797693134862e+308, 0.0000e+00, 0.0000e+00, 
 2DIAGNOSTIC,     7, -4.807941467126e-01, 1.797693134862e+308, 0.0000e+00, 0.0000e+00, 
 2DIAGNOSTIC,     8, -4.821773510743e-01, 1.797693134862e+308, 0.0000e+00, 0.0000e+00, 
 2DIAGNOSTIC,     9, -4.822407458724e-01, 1.797693134862e+308, 0.0000e+00, 0.0000e+00, 
 2DIAGNOSTIC,    10, -4.823619276349e-01, 6.523030024193e-04, 0.0000e+00, 0.0000e+00, 
 2DIAGNOSTIC,    11, -4.826293620900e-01, 6.392515956486e-04, 0.0000e+00, 0.0000e+00, 
 2DIAGNOSTIC,    12, -4.829092338429e-01, 5.885973846015e-04, 0.0000e+00, 0.0000e+00, 
 2DIAGNOSTIC,    13, -4.830460427690e-01, 5.050679198133e-04, 0.0000e+00, 0.0000e+00, 
 2DIAGNOSTIC,    14, -4.831722487326e-01, 3.972655394248e-04, 0.0000e+00, 0.0000e+00, 
 2DIAGNOSTIC,    15, -4.831664857726e-01, 2.730217795108e-04, 0.0000e+00, 0.0000e+00, 
 2DIAGNOSTIC,    16, -4.831529459693e-01, 1.586316896003e-04, 0.0000e+00, 0.0000e+00, 
 2DIAGNOSTIC,    17, -4.831613964989e-01, 9.296040923715e-05, 0.0000e+00, 0.0000e+00, 
 2DIAGNOSTIC,    18, -4.831720446332e-01, 7.191290427790e-05, 0.0000e+00, 0.0000e+00, 
 2DIAGNOSTIC,    19, -4.831816478697e-01, 4.889784214965e-05, 0.0000e+00, 0.0000e+00, 
 2DIAGNOSTIC,    20, -4.831727464891e-01, 2.704788600012e-05, 0.0000e+00, 0.0000e+00, 
 2DIAGNOSTIC,    21, -4.832259526105e-01, 1.382523012814e-05, 0.0000e+00, 0.0000e+00, 
 2DIAGNOSTIC,    22, -4.832559460684e-01, 8.860089344802e-06, 0.0000e+00, 0.0000e+00, 
 2DIAGNOSTIC,    23, -4.832172485094e-01, 6.035392180713e-06, 0.0000e+00, 0.0000e+00, 
 2DIAGNOSTIC,    24, -4.832423687119e-01, 6.786919680826e-06, 0.0000e+00, 0.0000e+00, 
 2DIAGNOSTIC,    25, -4.832420959559e-01, 6.820341552249e-06, 0.0000e+00, 0.0000e+00, 
 2DIAGNOSTIC,    26, -4.831991348393e-01, 5.019599128048e-06, 0.0000e+00, 0.0000e+00, 
 2DIAGNOSTIC,    27, -4.831922742968e-01, 3.046066884289e-06, 0.0000e+00, 0.0000e+00, 
 2DIAGNOSTIC,    28, -4.831939111199e-01, 1.309212132969e-06, 0.0000e+00, 0.0000e+00, 
DIAGNOSTIC,Iteration,metricValue,convergenceValue,ITERATION_TIME_INDEX,SINCE_LAST
 2DIAGNOSTIC,     1, -4.159202331599e-01, 1.797693134862e+308, 0.0000e+00, 0.0000e+00, 
 2DIAGNOSTIC,     2, -4.159466380379e-01, 1.797693134862e+308, 0.0000e+00, 0.0000e+00, 
 2DIAGNOSTIC,     3, -4.159611246414e-01, 1.797693134862e+308, 0.0000e+00, 0.0000e+00, 
 2DIAGNOSTIC,     4, -4.159583279804e-01, 1.797693134862e+308, 0.0000e+00, 0.0000e+00, 
 2DIAGNOSTIC,     5, -4.159569335539e-01, 1.797693134862e+308, 0.0000e+00, 0.0000e+00, 
 2DIAGNOSTIC,     6, -4.159585732503e-01, 1.797693134862e+308, 0.0000e+00, 0.0000e+00, 
 2DIAGNOSTIC,     7, -4.159575547955e-01, 1.797693134862e+308, 0.0000e+00, 0.0000e+00, 
 2DIAGNOSTIC,     8, -4.159568824718e-01, 1.797693134862e+308, 0.0000e+00, 0.0000e+00, 
 2DIAGNOSTIC,     9, -4.159563454017e-01, 1.797693134862e+308, 0.0000e+00, 0.0000e+00, 
 2DIAGNOSTIC,    10, -4.159567534730e-01, 6.040778805227e-06, 0.0000e+00, 0.0000e+00, 
 2DIAGNOSTIC,    11, -4.159560499922e-01, 3.136081698912e-06, 0.0000e+00, 0.0000e+00, 
 2DIAGNOSTIC,    12, -4.159552984658e-01, 2.128692448686e-06, 0.0000e+00, 0.0000e+00, 
 2DIAGNOSTIC,    13, -4.159552460844e-01, 2.088368125305e-06, 0.0000e+00, 0.0000e+00, 
 2DIAGNOSTIC,    14, -4.159552285077e-01, 1.950322427197e-06, 0.0000e+00, 0.0000e+00, 
 2DIAGNOSTIC,    15, -4.159552720329e-01, 1.794318594428e-06, 0.0000e+00, 0.0000e+00, 
 2DIAGNOSTIC,    16, -4.159544771756e-01, 1.724490878902e-06, 0.0000e+00, 0.0000e+00, 
 2DIAGNOSTIC,    17, -4.159544838043e-01, 1.648506760751e-06, 0.0000e+00, 0.0000e+00, 
 2DIAGNOSTIC,    18, -4.159544935319e-01, 1.576233144306e-06, 0.0000e+00, 0.0000e+00, 
 2DIAGNOSTIC,    19, -4.159544904378e-01, 1.507941152119e-06, 0.0000e+00, 0.0000e+00, 
 2DIAGNOSTIC,    20, -4.159545059262e-01, 1.476582155373e-06, 0.0000e+00, 0.0000e+00, 
 2DIAGNOSTIC,    21, -4.159545216946e-01, 1.437291415933e-06, 0.0000e+00, 0.0000e+00, 
 2DIAGNOSTIC,    22, -4.159545195193e-01, 1.385303725017e-06, 0.0000e+00, 0.0000e+00, 
 2DIAGNOSTIC,    23, -4.159546292627e-01, 1.344641961838e-06, 0.0000e+00, 0.0000e+00, 
 2DIAGNOSTIC,    24, -4.159546284869e-01, 1.309841766384e-06, 0.0000e+00, 0.0000e+00, 
 2DIAGNOSTIC,    25, -4.159546276362e-01, 1.280905101868e-06, 0.0000e+00, 0.0000e+00, 
 2DIAGNOSTIC,    26, -4.159546178045e-01, 1.232084923933e-06, 0.0000e+00, 0.0000e+00, 
 2DIAGNOSTIC,    27, -4.159538100721e-01, 1.165599597494e-06, 0.0000e+00, 0.0000e+00, 
 2DIAGNOSTIC,    28, -4.159538092816e-01, 1.105609209552e-06, 0.0000e+00, 0.0000e+00, 
 2DIAGNOSTIC,    29, -4.159538088368e-01, 1.052123079923e-06, 0.0000e+00, 0.0000e+00, 
 2DIAGNOSTIC,    30, -4.159538088368e-01, 1.006348286037e-06, 0.0000e+00, 0.0000e+00, 
DIAGNOSTIC,Iteration,metricValue,convergenceValue,ITERATION_TIME_INDEX,SINCE_LAST
 2DIAGNOSTIC,     1, -3.831129689657e-01, 1.797693134862e+308, 0.0000e+00, 0.0000e+00, 
 2DIAGNOSTIC,     2, -3.832102052396e-01, 1.797693134862e+308, 0.0000e+00, 0.0000e+00, 
 2DIAGNOSTIC,     3, -3.832919708019e-01, 1.797693134862e+308, 0.0000e+00, 0.0000e+00, 
 2DIAGNOSTIC,     4, -3.833681033479e-01, 1.797693134862e+308, 0.0000e+00, 0.0000e+00, 
 2DIAGNOSTIC,     5, -3.833704552624e-01, 1.797693134862e+308, 0.0000e+00, 0.0000e+00, 
 2DIAGNOSTIC,     6, -3.833704431628e-01, 1.797693134862e+308, 0.0000e+00, 0.0000e+00, 
 2DIAGNOSTIC,     7, -3.833704812476e-01, 1.797693134862e+308, 0.0000e+00, 0.0000e+00, 
 2DIAGNOSTIC,     8, -3.833703435028e-01, 1.797693134862e+308, 0.0000e+00, 0.0000e+00, 
 2DIAGNOSTIC,     9, -3.833702859592e-01, 1.797693134862e+308, 0.0000e+00, 0.0000e+00, 
 2DIAGNOSTIC,    10, -3.833702374993e-01, 3.678198865791e-05, 0.0000e+00, 0.0000e+00, 
 2DIAGNOSTIC,    11, -3.833700962302e-01, 1.837285595943e-05, 0.0000e+00, 0.0000e+00, 
 2DIAGNOSTIC,    12, -3.833701461685e-01, 7.569004666585e-06, 0.0000e+00, 0.0000e+00, 
 2DIAGNOSTIC,    13, -3.833701445104e-01, 2.523196473939e-06, 0.0000e+00, 0.0000e+00, 
 2DIAGNOSTIC,    14, -3.833701456280e-01, 2.219373371859e-06, 0.0000e+00, 0.0000e+00, 
 2DIAGNOSTIC,    15, -3.833701400623e-01, 2.076574051255e-06, 0.0000e+00, 0.0000e+00, 
 2DIAGNOSTIC,    16, -3.833701398763e-01, 1.954740166246e-06, 0.0000e+00, 0.0000e+00, 
 2DIAGNOSTIC,    17, -3.833701397748e-01, 1.851774350484e-06, 0.0000e+00, 0.0000e+00, 
 2DIAGNOSTIC,    18, -3.833701397310e-01, 1.756031999818e-06, 0.0000e+00, 0.0000e+00, 
 2DIAGNOSTIC,    19, -3.833701396161e-01, 1.668915467844e-06, 0.0000e+00, 0.0000e+00, 
 2DIAGNOSTIC,    20, -3.833701395485e-01, 1.589131755325e-06, 0.0000e+00, 0.0000e+00, 
 2DIAGNOSTIC,    21, -3.833701396476e-01, 1.511804561642e-06, 0.0000e+00, 0.0000e+00, 
 2DIAGNOSTIC,    22, -3.833701405855e-01, 1.443271197873e-06, 2.5600e+02, 2.5600e+02, 
 2DIAGNOSTIC,    23, -3.833701408333e-01, 1.380678417907e-06, 2.5600e+02, 0.0000e+00, 
 2DIAGNOSTIC,    24, -3.833701349610e-01, 1.323174142427e-06, 2.5600e+02, 0.0000e+00, 
 2DIAGNOSTIC,    25, -3.833701349610e-01, 1.270121918813e-06, 2.5600e+02, 0.0000e+00, 
 2DIAGNOSTIC,    26, -3.833701349610e-01, 1.221165476212e-06, 2.5600e+02, 0.0000e+00, 
 2DIAGNOSTIC,    27, -3.833701349610e-01, 1.175860566180e-06, 2.5600e+02, 0.0000e+00, 
 2DIAGNOSTIC,    28, -3.833701349610e-01, 1.133827987665e-06, 2.5600e+02, 0.0000e+00, 
 2DIAGNOSTIC,    29, -3.833701349610e-01, 1.094733263360e-06, 2.5600e+02, 0.0000e+00, 
 2DIAGNOSTIC,    30, -3.833701349610e-01, 1.058281309155e-06, 2.5600e+02, 0.0000e+00, 
 2DIAGNOSTIC,    31, -3.833701349610e-01, 1.024212802105e-06, 2.5600e+02, 0.0000e+00, 
  Elapsed time (stage 0): 2.5600e+02


Total elapsed time: 2.5600e+02
Info [verificarlo]: loaded backend libinterflop_ieee.so
Info [interflop-ieee]: load backend with:
Info [interflop-ieee]: debug = false
Info [interflop-ieee]: debug-binary = false
Info [interflop-ieee]: no-backend-name = false
Info [interflop-ieee]: print-new-line = false
Info [interflop-ieee]: print-subnormal-normalized = false
Info [interflop-ieee]: count-op = false
All_Command_lines_OK
Using double precision for computations.
=============================================================================
The composite transform comprises the following transforms (in order): 
  1. /home/mdugre/scratch/mri-registration-rp/datasets/ds004513/derivatives/mri-registration-rp/0100/antsRegistration-r7-p22/sub-s017/rigid_Composite.h5[0] (type = Euler3DTransform)
  2. /home/mdugre/scratch/mri-registration-rp/datasets/ds004513/derivatives/mri-registration-rp/0100/antsRegistration-r7-p22/sub-s017/rigid_Composite.h5[1] (type = Euler3DTransform)
  3. /home/mdugre/scratch/mri-registration-rp/datasets/ds004513/derivatives/mri-registration-rp/0100/antsRegistration-r7-p22/sub-s017/rigid_Composite.h5[2] (type = Euler3DTransform)
=============================================================================
  number of levels = 4
  fixed image: /templateflow/tpl-MNI152NLin2009cAsym/tpl-MNI152NLin2009cAsym_res-01_desc-brain_T1w.nii.gz
  moving image: /home/mdugre/scratch/mri-registration-rp/datasets/ds004513/derivatives/mri-registration-rp/antsBrainExtraction/sub-s017/BrainExtractionBrain.nii.gz
Dimension = 3
Number of stages = 1
Use histogram matching = false
Winsorize image intensities = true
  Lower quantile = 0.005
  Upper quantile = 0.995


Stage 1 State
   Image metric = MattesMI
     Fixed image = Image (0x38d97e0)
  RTTI typeinfo:   itk::Image<double, 3u>
  Reference Count: 2
  Modified Time: 1594
  Debug: Off
  Object Name: 
  Observers: 
    none
  Source: (none)
  Source output name: (none)
  Release Data: Off
  Data Released: False
  Global Release Data: Off
  PipelineMTime: 0
  UpdateMTime: 1203
  RealTimeStamp: 0 seconds 
  LargestPossibleRegion: 
    Dimension: 3
    Index: [0, 0, 0]
    Size: [193, 229, 193]
  BufferedRegion: 
    Dimension: 3
    Index: [0, 0, 0]
    Size: [193, 229, 193]
  RequestedRegion: 
    Dimension: 3
    Index: [0, 0, 0]
    Size: [193, 229, 193]
  Spacing: [1, 1, 1]
  Origin: [96, 132, -78]
  Direction: 
-1 0 0
0 -1 0
0 0 1

  IndexToPointMatrix: 
-1 0 0
0 -1 0
0 0 1

  PointToIndexMatrix: 
-1 0 0
0 -1 0
0 0 1

  Inverse Direction: 
-1 0 0
0 -1 0
0 0 1

  PixelContainer: 
    ImportImageContainer (0x3999a20)
      RTTI typeinfo:   itk::ImportImageContainer<unsigned long, double>
      Reference Count: 1
      Modified Time: 1200
      Debug: Off
      Object Name: 
      Observers: 
        none
      Pointer: 0x1468774bd010
      Container manages memory: true
      Size: 8530021
      Capacity: 8530021

     Moving image = Image (0x39a4840)
  RTTI typeinfo:   itk::Image<double, 3u>
  Reference Count: 2
  Modified Time: 1595
  Debug: Off
  Object Name: 
  Observers: 
    none
  Source: (none)
  Source output name: (none)
  Release Data: Off
  Data Released: False
  Global Release Data: Off
  PipelineMTime: 0
  UpdateMTime: 1592
  RealTimeStamp: 0 seconds 
  LargestPossibleRegion: 
    Dimension: 3
    Index: [0, 0, 0]
    Size: [160, 240, 256]
  BufferedRegion: 
    Dimension: 3
    Index: [0, 0, 0]
    Size: [160, 240, 256]
  RequestedRegion: 
    Dimension: 3
    Index: [0, 0, 0]
    Size: [160, 240, 256]
  Spacing: [1, 1, 1]
  Origin: [91.3357, 102.231, -120.042]
  Direction: 
-0.997442 -5.36781e-05 -0.0714818
5.35416e-05 -1 3.82465e-06
-0.0714818 -1.23894e-08 0.997442

  IndexToPointMatrix: 
-0.997444 -5.36781e-05 -0.0714818
5.35418e-05 -1 3.82465e-06
-0.0714819 -1.23894e-08 0.997442

  PointToIndexMatrix: 
-0.99744 5.35415e-05 -0.0714816
-5.36781e-05 -1 -1.23894e-08
-0.0714818 3.82465e-06 0.997442

  Inverse Direction: 
-0.997442 5.35416e-05 -0.0714818
-5.36781e-05 -1 -1.23894e-08
-0.0714818 3.82465e-06 0.997442

  PixelContainer: 
    ImportImageContainer (0x394cc90)
      RTTI typeinfo:   itk::ImportImageContainer<unsigned long, double>
      Reference Count: 1
      Modified Time: 1589
      Debug: Off
      Object Name: 
      Observers: 
        none
      Pointer: 0x1468729bc010
      Container manages memory: true
      Size: 9830400
      Capacity: 9830400

     Weighting = 1
     Sampling strategy = regular
     Number of bins = 32
     Radius = 4
     Sampling percentage  = 0.25
   Transform = Affine
     Gradient step = 0.1
     Update field sigma (voxel space) = 0
     Total field sigma (voxel space) = 0
     Update field time sigma = 0
     Total field time sigma  = 0
     Number of time indices = 0
     Number of time point samples = 0
Registration using 1 total stages.

Stage 0
  iterations = 1000x500x250x100
  convergence threshold = 1e-06
  convergence window size = 10
  number of levels = 4
  using the Mattes MI metric (number of bins = 32, weight = 1, use gradient filter = 0)
  preprocessing:  winsorizing the image intensities
  Shrink factors (level 1 out of 4): [8, 8, 8]
  Shrink factors (level 2 out of 4): [4, 4, 4]
  Shrink factors (level 3 out of 4): [2, 2, 2]
  Shrink factors (level 4 out of 4): [1, 1, 1]
  smoothing sigmas per level: [3, 2, 1, 0]
  regular sampling (percentage = 0.25)

*** Running AffineTransform registration ***

DIAGNOSTIC,Iteration,metricValue,convergenceValue,ITERATION_TIME_INDEX,SINCE_LAST
 2DIAGNOSTIC,     1, -5.804011917581e-01, 1.797693134862e+308, 9.4626e-01, 9.4626e-01, 
 2DIAGNOSTIC,     2, -5.831957289835e-01, 1.797693134862e+308, 9.5118e-01, 4.9219e-03, 
 2DIAGNOSTIC,     3, -5.884085085979e-01, 1.797693134862e+308, 9.5578e-01, 4.5991e-03, 
 2DIAGNOSTIC,     4, -5.967897078481e-01, 1.797693134862e+308, 9.6031e-01, 4.5319e-03, 
 2DIAGNOSTIC,     5, -6.115636920961e-01, 1.797693134862e+308, 9.6480e-01, 4.4861e-03, 
 2DIAGNOSTIC,     6, -6.396330565278e-01, 1.797693134862e+308, 9.6961e-01, 4.8101e-03, 
 2DIAGNOSTIC,     7, -7.005880201992e-01, 1.797693134862e+308, 9.7429e-01, 4.6880e-03, 
 2DIAGNOSTIC,     8, -7.740643284594e-01, 1.797693134862e+308, 9.7979e-01, 5.4920e-03, 
 2DIAGNOSTIC,     9, -8.253510764364e-01, 1.797693134862e+308, 9.8845e-01, 8.6670e-03, 
 2DIAGNOSTIC,    10, -8.307611587686e-01, 2.725368791737e-02, 9.9370e-01, 5.2490e-03, 
 2DIAGNOSTIC,    11, -8.465140228427e-01, 2.706334441539e-02, 9.9877e-01, 5.0681e-03, 
 2DIAGNOSTIC,    12, -8.638377854325e-01, 2.513155167482e-02, 1.0040e+00, 5.2211e-03, 
 2DIAGNOSTIC,    13, -8.731614597842e-01, 2.170561851224e-02, 1.0091e+00, 5.0609e-03, 
 2DIAGNOSTIC,    14, -8.814119664177e-01, 1.737446311426e-02, 1.0156e+00, 6.5851e-03, 
 2DIAGNOSTIC,    15, -8.872320881956e-01, 1.271447910113e-02, 1.0215e+00, 5.8570e-03, 
 2DIAGNOSTIC,    16, -8.879289752916e-01, 8.269623199584e-03, 1.0271e+00, 5.5749e-03, 
 2DIAGNOSTIC,    17, -8.891357118298e-01, 5.023831891638e-03, 1.0351e+00, 8.0459e-03, 
 2DIAGNOSTIC,    18, -8.892677958624e-01, 3.232391240483e-03, 1.0415e+00, 6.3498e-03, 
 2DIAGNOSTIC,    19, -8.891149890898e-01, 2.357410672702e-03, 1.0465e+00, 5.0709e-03, 
 2DIAGNOSTIC,    20, -8.890936566239e-01, 1.460455743237e-03, 1.0533e+00, 6.7880e-03, 
 2DIAGNOSTIC,    21, -8.889752444066e-01, 7.914121239934e-04, 1.0590e+00, 5.7120e-03, 
 2DIAGNOSTIC,    22, -8.889940709475e-01, 4.010772096810e-04, 1.0641e+00, 5.0960e-03, 
 2DIAGNOSTIC,    23, -8.888798881280e-01, 1.530288501859e-04, 1.0698e+00, 5.6870e-03, 
 2DIAGNOSTIC,    24, -8.888988081661e-01, 3.510814318849e-05, 1.0749e+00, 5.0380e-03, 
 2DIAGNOSTIC,    25, -8.887843218365e-01, 5.684746520684e-06, 1.0800e+00, 5.1491e-03, 
DIAGNOSTIC,Iteration,metricValue,convergenceValue,ITERATION_TIME_INDEX,SINCE_LAST
 2DIAGNOSTIC,     1, -7.479796902460e-01, 1.797693134862e+308, 1.8381e+00, 7.5812e-01, 
 2DIAGNOSTIC,     2, -7.482944926103e-01, 1.797693134862e+308, 1.8767e+00, 3.8545e-02, 
 2DIAGNOSTIC,     3, -7.487339703782e-01, 1.797693134862e+308, 1.9144e+00, 3.7693e-02, 
 2DIAGNOSTIC,     4, -7.490745928527e-01, 1.797693134862e+308, 1.9500e+00, 3.5678e-02, 
 2DIAGNOSTIC,     5, -7.494667486276e-01, 1.797693134862e+308, 1.9923e+00, 4.2254e-02, 
 2DIAGNOSTIC,     6, -7.499009874704e-01, 1.797693134862e+308, 2.0579e+00, 6.5600e-02, 
 2DIAGNOSTIC,     7, -7.499286929835e-01, 1.797693134862e+308, 2.0948e+00, 3.6881e-02, 
 2DIAGNOSTIC,     8, -7.499801916623e-01, 1.797693134862e+308, 2.1357e+00, 4.0894e-02, 
 2DIAGNOSTIC,     9, -7.500501559620e-01, 1.797693134862e+308, 2.1717e+00, 3.6070e-02, 
 2DIAGNOSTIC,    10, -7.501745784062e-01, 1.956278011478e-04, 2.2089e+00, 3.7153e-02, 
 2DIAGNOSTIC,    11, -7.506362796823e-01, 1.590424722791e-04, 2.2647e+00, 5.5789e-02, 
 2DIAGNOSTIC,    12, -7.506339494714e-01, 1.239649248552e-04, 2.3068e+00, 4.2111e-02, 
 2DIAGNOSTIC,    13, -7.506421907936e-01, 9.664251980797e-05, 2.3463e+00, 3.9466e-02, 
 2DIAGNOSTIC,    14, -7.506190269451e-01, 7.326595252971e-05, 2.3857e+00, 3.9459e-02, 
 2DIAGNOSTIC,    15, -7.506219449879e-01, 5.614246320726e-05, 2.4238e+00, 3.8130e-02, 
 2DIAGNOSTIC,    16, -7.506120511946e-01, 4.608305958988e-05, 2.4650e+00, 4.1196e-02, 
 2DIAGNOSTIC,    17, -7.505859611263e-01, 3.317664841287e-05, 2.5059e+00, 4.0808e-02, 
 2DIAGNOSTIC,    18, -7.505893147065e-01, 2.012994705670e-05, 2.5418e+00, 3.5957e-02, 
 2DIAGNOSTIC,    19, -7.505515030298e-01, 7.432386052504e-06, 2.5774e+00, 3.5577e-02, 
DIAGNOSTIC,Iteration,metricValue,convergenceValue,ITERATION_TIME_INDEX,SINCE_LAST
 2DIAGNOSTIC,     1, -6.293429606452e-01, 1.797693134862e+308, 3.8105e+00, 1.2331e+00, 
 2DIAGNOSTIC,     2, -6.299070330188e-01, 1.797693134862e+308, 4.1297e+00, 3.1921e-01, 
 2DIAGNOSTIC,     3, -6.304637688862e-01, 1.797693134862e+308, 4.4519e+00, 3.2217e-01, 
 2DIAGNOSTIC,     4, -6.311278827858e-01, 1.797693134862e+308, 4.7972e+00, 3.4531e-01, 
 2DIAGNOSTIC,     5, -6.320365488993e-01, 1.797693134862e+308, 5.1204e+00, 3.2320e-01, 
 2DIAGNOSTIC,     6, -6.328921630172e-01, 1.797693134862e+308, 5.8546e+00, 7.3418e-01, 
 2DIAGNOSTIC,     7, -6.328929261717e-01, 1.797693134862e+308, 6.2355e+00, 3.8093e-01, 
 2DIAGNOSTIC,     8, -6.328895802579e-01, 1.797693134862e+308, 6.5857e+00, 3.5021e-01, 
 2DIAGNOSTIC,     9, -6.328901913569e-01, 1.797693134862e+308, 6.9315e+00, 3.4583e-01, 
 2DIAGNOSTIC,    10, -6.328892410311e-01, 4.000284245171e-04, 7.2490e+00, 3.1750e-01, 
 2DIAGNOSTIC,    11, -6.328885967608e-01, 2.783515269980e-04, 7.5366e+00, 2.8758e-01, 
 2DIAGNOSTIC,    12, -6.328884619440e-01, 1.735633072737e-04, 7.8808e+00, 3.4417e-01, 
 2DIAGNOSTIC,    13, -6.328871454094e-01, 8.890661155307e-05, 8.2599e+00, 3.7912e-01, 
 2DIAGNOSTIC,    14, -6.328863281265e-01, 2.930726209976e-05, 8.6018e+00, 3.4191e-01, 
 2DIAGNOSTIC,    15, -6.328829619261e-01, 1.596057274025e-06, 8.9745e+00, 3.7266e-01, 
 2DIAGNOSTIC,    16, -6.328833332517e-01, 1.454051667932e-06, 9.2576e+00, 2.8316e-01, 
 2DIAGNOSTIC,    17, -6.328811663025e-01, 1.341895678166e-06, 9.6043e+00, 3.4666e-01, 
 2DIAGNOSTIC,    18, -6.328803882706e-01, 1.188248452959e-06, 9.9182e+00, 3.1389e-01, 
 2DIAGNOSTIC,    19, -6.328795359236e-01, 1.100101392967e-06, 1.0262e+01, 3.4345e-01, 
DIAGNOSTIC,Iteration,metricValue,convergenceValue,ITERATION_TIME_INDEX,SINCE_LAST
 2DIAGNOSTIC,     1, -5.639728929066e-01, 1.797693134862e+308, 1.3382e+01, 3.1203e+00, 
 2DIAGNOSTIC,     2, -5.643728845806e-01, 1.797693134862e+308, 1.5270e+01, 1.8881e+00, 
 2DIAGNOSTIC,     3, -5.647898231511e-01, 1.797693134862e+308, 1.7068e+01, 1.7979e+00, 
 2DIAGNOSTIC,     4, -5.658226475262e-01, 1.797693134862e+308, 2.0811e+01, 3.7428e+00, 
 2DIAGNOSTIC,     5, -5.658213133706e-01, 1.797693134862e+308, 2.3914e+01, 3.1031e+00, 
 2DIAGNOSTIC,     6, -5.658212650212e-01, 1.797693134862e+308, 2.5969e+01, 2.0553e+00, 
 2DIAGNOSTIC,     7, -5.658210736110e-01, 1.797693134862e+308, 2.8042e+01, 2.0733e+00, 
 2DIAGNOSTIC,     8, -5.658204375585e-01, 1.797693134862e+308, 3.0349e+01, 2.3064e+00, 
 2DIAGNOSTIC,     9, -5.658201080057e-01, 1.797693134862e+308, 3.2569e+01, 2.2207e+00, 
 2DIAGNOSTIC,    10, -5.658197264590e-01, 1.959143881425e-04, 3.4498e+01, 1.9285e+00, 
 2DIAGNOSTIC,    11, -5.658196835268e-01, 1.100125101408e-04, 3.6490e+01, 1.9922e+00, 
 2DIAGNOSTIC,    12, -5.658197604654e-01, 4.560913825789e-05, 3.8492e+01, 2.0019e+00, 
 2DIAGNOSTIC,    13, -5.658194260617e-01, 2.202015300296e-06, 4.0451e+01, 1.9584e+00, 
 2DIAGNOSTIC,    14, -5.658196100921e-01, 2.106564667190e-06, 4.2576e+01, 2.1258e+00, 
 2DIAGNOSTIC,    15, -5.658197926459e-01, 2.000107244063e-06, 4.4547e+01, 1.9705e+00, 
 2DIAGNOSTIC,    16, -5.658197791755e-01, 1.915731151783e-06, 4.6572e+01, 2.0248e+00, 
 2DIAGNOSTIC,    17, -5.658195819576e-01, 1.836956319591e-06, 4.8661e+01, 2.0896e+00, 
 2DIAGNOSTIC,    18, -5.658196006029e-01, 1.753421796022e-06, 5.0916e+01, 2.2552e+00, 
 2DIAGNOSTIC,    19, -5.658196896135e-01, 1.673829075226e-06, 5.3009e+01, 2.0927e+00, 
 2DIAGNOSTIC,    20, -5.658194830910e-01, 1.587206161800e-06, 5.4996e+01, 1.9866e+00, 
 2DIAGNOSTIC,    21, -5.658193211852e-01, 1.504401470412e-06, 5.7041e+01, 2.0456e+00, 
 2DIAGNOSTIC,    22, -5.658190100305e-01, 1.425291650300e-06, 5.9037e+01, 1.9952e+00, 
 2DIAGNOSTIC,    23, -5.658190463007e-01, 1.348533785722e-06, 6.1152e+01, 2.1153e+00, 
 2DIAGNOSTIC,    24, -5.658190784804e-01, 1.285626014653e-06, 6.3263e+01, 2.1108e+00, 
 2DIAGNOSTIC,    25, -5.658191078865e-01, 1.235717878467e-06, 6.5461e+01, 2.1981e+00, 
 2DIAGNOSTIC,    26, -5.658186916329e-01, 1.185066935756e-06, 6.7478e+01, 2.0176e+00, 
 2DIAGNOSTIC,    27, -5.658186564619e-01, 1.137785970280e-06, 6.9254e+01, 1.7761e+00, 
 2DIAGNOSTIC,    28, -5.658184027168e-01, 1.093309324449e-06, 7.1478e+01, 2.2233e+00, 
 2DIAGNOSTIC,    29, -5.658184890298e-01, 1.058973624832e-06, 7.3678e+01, 2.1998e+00, 
 2DIAGNOSTIC,    30, -5.658183754523e-01, 1.025118033057e-06, 7.5830e+01, 2.1523e+00, 
  Elapsed time (stage 0): 7.7069e+01


Total elapsed time: 7.7071e+01
Info [verificarlo]: loaded backend libinterflop_ieee.so
Info [interflop-ieee]: load backend with:
Info [interflop-ieee]: debug = false
Info [interflop-ieee]: debug-binary = false
Info [interflop-ieee]: no-backend-name = false
Info [interflop-ieee]: print-new-line = false
Info [interflop-ieee]: print-subnormal-normalized = false
Info [interflop-ieee]: count-op = false
All_Command_lines_OK
Using double precision for computations.
=============================================================================
The composite transform comprises the following transforms (in order): 
  1. /home/mdugre/scratch/mri-registration-rp/datasets/ds004513/derivatives/mri-registration-rp/0100/antsRegistration-r7-p22/sub-s017/affine_Composite.h5[0] (type = Euler3DTransform)
  2. /home/mdugre/scratch/mri-registration-rp/datasets/ds004513/derivatives/mri-registration-rp/0100/antsRegistration-r7-p22/sub-s017/affine_Composite.h5[1] (type = Euler3DTransform)
  3. /home/mdugre/scratch/mri-registration-rp/datasets/ds004513/derivatives/mri-registration-rp/0100/antsRegistration-r7-p22/sub-s017/affine_Composite.h5[2] (type = Euler3DTransform)
  4. /home/mdugre/scratch/mri-registration-rp/datasets/ds004513/derivatives/mri-registration-rp/0100/antsRegistration-r7-p22/sub-s017/affine_Composite.h5[3] (type = AffineTransform)
=============================================================================
  number of levels = 4
  fixed image: /templateflow/tpl-MNI152NLin2009cAsym/tpl-MNI152NLin2009cAsym_res-01_desc-brain_T1w.nii.gz
  moving image: /home/mdugre/scratch/mri-registration-rp/datasets/ds004513/derivatives/mri-registration-rp/antsBrainExtraction/sub-s017/BrainExtractionBrain.nii.gz
Dimension = 3
Number of stages = 1
Use histogram matching = false
Winsorize image intensities = true
  Lower quantile = 0.005
  Upper quantile = 0.995


Stage 1 State
   Image metric = CC
     Fixed image = Image (0x4792a40)
  RTTI typeinfo:   itk::Image<double, 3u>
  Reference Count: 2
  Modified Time: 1608
  Debug: Off
  Object Name: 
  Observers: 
    none
  Source: (none)
  Source output name: (none)
  Release Data: Off
  Data Released: False
  Global Release Data: Off
  PipelineMTime: 0
  UpdateMTime: 1217
  RealTimeStamp: 0 seconds 
  LargestPossibleRegion: 
    Dimension: 3
    Index: [0, 0, 0]
    Size: [193, 229, 193]
  BufferedRegion: 
    Dimension: 3
    Index: [0, 0, 0]
    Size: [193, 229, 193]
  RequestedRegion: 
    Dimension: 3
    Index: [0, 0, 0]
    Size: [193, 229, 193]
  Spacing: [1, 1, 1]
  Origin: [96, 132, -78]
  Direction: 
-1 0 0
0 -1 0
0 0 1

  IndexToPointMatrix: 
-1 0 0
0 -1 0
0 0 1

  PointToIndexMatrix: 
-1 0 0
0 -1 0
0 0 1

  Inverse Direction: 
-1 0 0
0 -1 0
0 0 1

  PixelContainer: 
    ImportImageContainer (0x485eea0)
      RTTI typeinfo:   itk::ImportImageContainer<unsigned long, double>
      Reference Count: 1
      Modified Time: 1214
      Debug: Off
      Object Name: 
      Observers: 
        none
      Pointer: 0x153d80caf010
      Container manages memory: true
      Size: 8530021
      Capacity: 8530021

     Moving image = Image (0x484e240)
  RTTI typeinfo:   itk::Image<double, 3u>
