
##########################
# Experiment information #
##########################

EXPERIMENT_NAME: antsRegistration-r7-p11
VFC_BACKENDS: libinterflop_vprec.so --range-binary32=7 --precision-binary32=11 --range-binary64=7 --precision-binary64=11

SIF_IMG: /home/mdugre/projects/rrg-glatard/mdugre/containers/ants-vprec-no_metrics.simg

SUBJECT_ID: s037
INPUT_IMG: /home/mdugre/scratch/mri-registration-rp/datasets/ds004513/derivatives/mri-registration-rp/antsBrainExtraction/sub-s037/BrainExtractionBrain.nii.gz
OUTPUT_DIR: /home/mdugre/scratch/mri-registration-rp/datasets/ds004513/derivatives/mri-registration-rp/0100/antsRegistration-r7-p11/sub-s037

FIXED_IMG: /templateflow/tpl-MNI152NLin2009cAsym/tpl-MNI152NLin2009cAsym_res-01_desc-brain_T1w.nii.gz
DATA_DIR: /home/mdugre/scratch/mri-registration-rp/datasets/ds004513
TEMPLATEFLOW_DIR: /home/mdugre/projects/rrg-glatard/mdugre/templateflow
ITK_GLOBAL_DEFAULT_NUMBER_OF_THREADS: 16
##########################

Info [verificarlo]: loaded backend libinterflop_ieee.so
Info [interflop-ieee]: load backend with:
Info [interflop-ieee]: debug = false
Info [interflop-ieee]: debug-binary = false
Info [interflop-ieee]: no-backend-name = false
Info [interflop-ieee]: print-new-line = false
Info [interflop-ieee]: print-subnormal-normalized = false
Info [interflop-ieee]: count-op = false
All_Command_lines_OK
Using double precision for computations.
=============================================================================
The composite transform comprises the following transforms (in order): 
  1. Center of mass alignment using fixed image: /templateflow/tpl-MNI152NLin2009cAsym/tpl-MNI152NLin2009cAsym_res-01_desc-brain_T1w.nii.gz and moving image: /home/mdugre/scratch/mri-registration-rp/datasets/ds004513/derivatives/mri-registration-rp/antsBrainExtraction/sub-s037/BrainExtractionBrain.nii.gz (type = Euler3DTransform)
=============================================================================
  number of levels = 1
  fixed image: /templateflow/tpl-MNI152NLin2009cAsym/tpl-MNI152NLin2009cAsym_res-01_desc-brain_T1w.nii.gz
  moving image: /home/mdugre/scratch/mri-registration-rp/datasets/ds004513/derivatives/mri-registration-rp/antsBrainExtraction/sub-s037/BrainExtractionBrain.nii.gz
Dimension = 3
Number of stages = 1
Use histogram matching = false
Winsorize image intensities = true
  Lower quantile = 0.005
  Upper quantile = 0.995


Stage 1 State
   Image metric = MattesMI
     Fixed image = Image (0x4d6ee70)
  RTTI typeinfo:   itk::Image<double, 3u>
  Reference Count: 2
  Modified Time: 2330
  Debug: Off
  Object Name: 
  Observers: 
    none
  Source: (none)
  Source output name: (none)
  Release Data: Off
  Data Released: False
  Global Release Data: Off
  PipelineMTime: 0
  UpdateMTime: 1941
  RealTimeStamp: 0 seconds 
  LargestPossibleRegion: 
    Dimension: 3
    Index: [0, 0, 0]
    Size: [193, 229, 193]
  BufferedRegion: 
    Dimension: 3
    Index: [0, 0, 0]
    Size: [193, 229, 193]
  RequestedRegion: 
    Dimension: 3
    Index: [0, 0, 0]
    Size: [193, 229, 193]
  Spacing: [1, 1, 1]
  Origin: [96, 132, -78]
  Direction: 
-1 0 0
0 -1 0
0 0 1

  IndexToPointMatrix: 
-1 0 0
0 -1 0
0 0 1

  PointToIndexMatrix: 
-1 0 0
0 -1 0
0 0 1

  Inverse Direction: 
-1 0 0
0 -1 0
0 0 1

  PixelContainer: 
    ImportImageContainer (0x4d77c60)
      RTTI typeinfo:   itk::ImportImageContainer<unsigned long, double>
      Reference Count: 1
      Modified Time: 1938
      Debug: Off
      Object Name: 
      Observers: 
        none
      Pointer: 0x14fdecd72010
      Container manages memory: true
      Size: 8530021
      Capacity: 8530021

     Moving image = Image (0x4e0bec0)
  RTTI typeinfo:   itk::Image<double, 3u>
  Reference Count: 2
  Modified Time: 2331
  Debug: Off
  Object Name: 
  Observers: 
    none
  Source: (none)
  Source output name: (none)
  Release Data: Off
  Data Released: False
  Global Release Data: Off
  PipelineMTime: 0
  UpdateMTime: 2328
  RealTimeStamp: 0 seconds 
  LargestPossibleRegion: 
    Dimension: 3
    Index: [0, 0, 0]
    Size: [160, 240, 256]
  BufferedRegion: 
    Dimension: 3
    Index: [0, 0, 0]
    Size: [160, 240, 256]
  RequestedRegion: 
    Dimension: 3
    Index: [0, 0, 0]
    Size: [160, 240, 256]
  Spacing: [1, 1, 1]
  Origin: [87.9508, 102.562, -147.639]
  Direction: 
-0.998659 -0.0436121 -0.0279129
0.043595 -0.999049 0.00121847
-0.0279395 -2.65543e-08 0.99961

  IndexToPointMatrix: 
-0.998659 -0.0436121 -0.0279129
0.043595 -0.999049 0.00121847
-0.0279395 -2.65543e-08 0.99961

  PointToIndexMatrix: 
-0.998659 0.043595 -0.0279395
-0.0436121 -0.999049 -2.65517e-08
-0.0279129 0.00121847 0.99961

  Inverse Direction: 
-0.998659 0.043595 -0.0279395
-0.0436121 -0.999049 -2.65517e-08
-0.0279129 0.00121847 0.99961

  PixelContainer: 
    ImportImageContainer (0x4ea3610)
      RTTI typeinfo:   itk::ImportImageContainer<unsigned long, double>
      Reference Count: 1
      Modified Time: 2325
      Debug: Off
      Object Name: 
      Observers: 
        none
      Pointer: 0x14fde8271010
      Container manages memory: true
      Size: 9830400
      Capacity: 9830400

     Weighting = 1
     Sampling strategy = regular
     Number of bins = 32
     Radius = 4
     Sampling percentage  = 0.25
   Transform = Rigid
     Gradient step = 0.1
     Update field sigma (voxel space) = 0
     Total field sigma (voxel space) = 0
     Update field time sigma = 0
     Total field time sigma  = 0
     Number of time indices = 0
     Number of time point samples = 0
Registration using 1 total stages.

Stage 0
  iterations = 0
  convergence threshold = 1e-06
  convergence window size = 10
  number of levels = 1
  using the Mattes MI metric (number of bins = 32, weight = 1, use gradient filter = 0)
  preprocessing:  winsorizing the image intensities
  Shrink factors (level 1 out of 1): [1, 1, 1]
  smoothing sigmas per level: [0]
  regular sampling (percentage = 0.25)

*** Running Euler3DTransform registration ***

  Elapsed time (stage 0): 1.11848


Total elapsed time: 1.12069
Info [verificarlo]: loaded backend libinterflop_vprec.so
Info [interflop-vprec]: load backend with: 
Info [interflop-vprec]: precision-binary32 = 11
Info [interflop-vprec]: range-binary32 = 7
Info [interflop-vprec]: precision-binary64 = 11
Info [interflop-vprec]: range-binary64 = 7
Info [interflop-vprec]: mode = ob
Info [interflop-vprec]: error-mode = rel
Info [interflop-vprec]: max-abs-error-exponent = -1022
Info [interflop-vprec]: daz = false
Info [interflop-vprec]: ftz = false
Info [interflop-vprec]: 	instrument = none
Info [interflop-vprec]: 	prec-input-file = (null)
Info [interflop-vprec]: 	prec-output-file = (null)
Info [interflop-vprec]: 	prec-log-file = (null)
All_Command_lines_OK
Using double precision for computations.
=============================================================================
The composite transform comprises the following transforms (in order): 
  1. /home/mdugre/scratch/mri-registration-rp/datasets/ds004513/derivatives/mri-registration-rp/0100/antsRegistration-r7-p11/sub-s037/align_Composite.h5[0] (type = Euler3DTransform)
  2. /home/mdugre/scratch/mri-registration-rp/datasets/ds004513/derivatives/mri-registration-rp/0100/antsRegistration-r7-p11/sub-s037/align_Composite.h5[1] (type = Euler3DTransform)
=============================================================================
  number of levels = 4
  fixed image: /templateflow/tpl-MNI152NLin2009cAsym/tpl-MNI152NLin2009cAsym_res-01_desc-brain_T1w.nii.gz
  moving image: /home/mdugre/scratch/mri-registration-rp/datasets/ds004513/derivatives/mri-registration-rp/antsBrainExtraction/sub-s037/BrainExtractionBrain.nii.gz
Dimension = 3
Number of stages = 1
Use histogram matching = false
Winsorize image intensities = true
  Lower quantile = 0.005
  Upper quantile = 0.995


Stage 1 State
   Image metric = MattesMI
     Fixed image = Image (0x35a21e0)
  RTTI typeinfo:   itk::Image<double, 3u>
  Reference Count: 2
  Modified Time: 1578
  Debug: Off
  Object Name: 
  Observers: 
    none
  Source: (none)
  Source output name: (none)
  Release Data: Off
  Data Released: False
  Global Release Data: Off
  PipelineMTime: 0
  UpdateMTime: 1189
  RealTimeStamp: 0 seconds 
  LargestPossibleRegion: 
    Dimension: 3
    Index: [0, 0, 0]
    Size: [193, 229, 193]
  BufferedRegion: 
    Dimension: 3
    Index: [0, 0, 0]
    Size: [193, 229, 193]
  RequestedRegion: 
    Dimension: 3
    Index: [0, 0, 0]
    Size: [193, 229, 193]
  Spacing: [1, 1, 1]
  Origin: [96, 132, -78]
  Direction: 
-1 0 0
0 -1 0
0 0 1

  IndexToPointMatrix: 
-1 0 0
0 -1 0
0 0 1

  PointToIndexMatrix: 
-1 0 0
0 -1 0
0 0 1

  Inverse Direction: 
-1 0 0
0 -1 0
0 0 1

  PixelContainer: 
    ImportImageContainer (0x3661680)
      RTTI typeinfo:   itk::ImportImageContainer<unsigned long, double>
      Reference Count: 1
      Modified Time: 1186
      Debug: Off
      Object Name: 
      Observers: 
        none
      Pointer: 0x146cd6462010
      Container manages memory: true
      Size: 8530021
      Capacity: 8530021

     Moving image = Image (0x365db20)
  RTTI typeinfo:   itk::Image<double, 3u>
  Reference Count: 2
  Modified Time: 1579
  Debug: Off
  Object Name: 
  Observers: 
    none
  Source: (none)
  Source output name: (none)
  Release Data: Off
  Data Released: False
  Global Release Data: Off
  PipelineMTime: 0
  UpdateMTime: 1576
  RealTimeStamp: 0 seconds 
  LargestPossibleRegion: 
    Dimension: 3
    Index: [0, 0, 0]
    Size: [160, 240, 256]
  BufferedRegion: 
    Dimension: 3
    Index: [0, 0, 0]
    Size: [160, 240, 256]
  RequestedRegion: 
    Dimension: 3
    Index: [0, 0, 0]
    Size: [160, 240, 256]
  Spacing: [1, 1, 1]
  Origin: [87.9375, 102.562, -147.625]
  Direction: 
-0.998535 -0.0436249 -0.0279083
0.0435944 -0.999023 0.00121832
-0.0279388 0 0.999512

  IndexToPointMatrix: 
-0.998535 -0.0436249 -0.0279083
0.0435944 -0.999023 0.00121832
-0.0279388 0 0.999512

  PointToIndexMatrix: 
-0.998535 0.0435944 -0.0279388
-0.0436249 -0.999023 0
-0.027916 0.00134277 0.999756

  Inverse Direction: 
-0.998535 0.0435944 -0.0279388
-0.0436249 -0.999023 0
-0.027916 0.00134277 0.999756

  PixelContainer: 
    ImportImageContainer (0x36c6d50)
      RTTI typeinfo:   itk::ImportImageContainer<unsigned long, double>
      Reference Count: 1
      Modified Time: 1573
      Debug: Off
      Object Name: 
      Observers: 
        none
      Pointer: 0x146cd1961010
      Container manages memory: true
      Size: 9830400
      Capacity: 9830400

     Weighting = 1
     Sampling strategy = regular
     Number of bins = 32
     Radius = 4
     Sampling percentage  = 0.25
   Transform = Rigid
     Gradient step = 0.1
     Update field sigma (voxel space) = 0
     Total field sigma (voxel space) = 0
     Update field time sigma = 0
     Total field time sigma  = 0
     Number of time indices = 0
     Number of time point samples = 0
Registration using 1 total stages.

Stage 0
  iterations = 1000x500x250x100
  convergence threshold = 1e-06
  convergence window size = 10
  number of levels = 4
  using the Mattes MI metric (number of bins = 32, weight = 1, use gradient filter = 0)
  preprocessing:  winsorizing the image intensities
  Shrink factors (level 1 out of 4): [8, 8, 8]
  Shrink factors (level 2 out of 4): [4, 4, 4]
  Shrink factors (level 3 out of 4): [2, 2, 2]
  Shrink factors (level 4 out of 4): [1, 1, 1]
  smoothing sigmas per level: [3, 2, 1, 0]
  regular sampling (percentage = 0.25)

*** Running Euler3DTransform registration ***

DIAGNOSTIC,Iteration,metricValue,convergenceValue,ITERATION_TIME_INDEX,SINCE_LAST
 2DIAGNOSTIC,     1, -4.284693855086e-01, 1.797693134862e+308, 0.0000e+00, 0.0000e+00, 
 2DIAGNOSTIC,     2, -4.285127846612e-01, 1.797693134862e+308, 0.0000e+00, 0.0000e+00, 
 2DIAGNOSTIC,     3, -4.285318897367e-01, 1.797693134862e+308, 0.0000e+00, 0.0000e+00, 
 2DIAGNOSTIC,     4, -4.286067973453e-01, 1.797693134862e+308, 0.0000e+00, 0.0000e+00, 
 2DIAGNOSTIC,     5, -4.287028184055e-01, 1.797693134862e+308, 0.0000e+00, 0.0000e+00, 
 2DIAGNOSTIC,     6, -4.289536761291e-01, 1.797693134862e+308, 0.0000e+00, 0.0000e+00, 
 2DIAGNOSTIC,     7, -4.290404085974e-01, 1.797693134862e+308, 0.0000e+00, 0.0000e+00, 
 2DIAGNOSTIC,     8, -4.291618314620e-01, 1.797693134862e+308, 0.0000e+00, 0.0000e+00, 
 2DIAGNOSTIC,     9, -4.293347686611e-01, 1.797693134862e+308, 0.0000e+00, 0.0000e+00, 
 2DIAGNOSTIC,    10, -4.293284583403e-01, 1.499885176964e-04, 0.0000e+00, 0.0000e+00, 
 2DIAGNOSTIC,    11, -4.293115381272e-01, 1.345954727215e-04, 0.0000e+00, 0.0000e+00, 
 2DIAGNOSTIC,    12, -4.293048049957e-01, 1.118554261467e-04, 0.0000e+00, 0.0000e+00, 
 2DIAGNOSTIC,    13, -4.293008948394e-01, 8.329102615907e-05, 0.0000e+00, 0.0000e+00, 
 2DIAGNOSTIC,    14, -4.292942521054e-01, 5.438487960185e-05, 0.0000e+00, 0.0000e+00, 
 2DIAGNOSTIC,    15, -4.293007421245e-01, 2.869544079304e-05, 0.0000e+00, 0.0000e+00, 
 2DIAGNOSTIC,    16, -4.292984176773e-01, 1.395229263276e-05, 0.0000e+00, 0.0000e+00, 
 2DIAGNOSTIC,    17, -4.292983616205e-01, 2.988499057090e-06, 0.0000e+00, 0.0000e+00, 
DIAGNOSTIC,Iteration,metricValue,convergenceValue,ITERATION_TIME_INDEX,SINCE_LAST
 2DIAGNOSTIC,     1, -3.582834683855e-01, 1.797693134862e+308, 0.0000e+00, 0.0000e+00, 
 2DIAGNOSTIC,     2, -3.585513112934e-01, 1.797693134862e+308, 0.0000e+00, 0.0000e+00, 
 2DIAGNOSTIC,     3, -3.592066698590e-01, 1.797693134862e+308, 0.0000e+00, 0.0000e+00, 
 2DIAGNOSTIC,     4, -3.601768216893e-01, 1.797693134862e+308, 0.0000e+00, 0.0000e+00, 
 2DIAGNOSTIC,     5, -3.616901094034e-01, 1.797693134862e+308, 0.0000e+00, 0.0000e+00, 
 2DIAGNOSTIC,     6, -3.636805187062e-01, 1.797693134862e+308, 0.0000e+00, 0.0000e+00, 
 2DIAGNOSTIC,     7, -3.662186384618e-01, 1.797693134862e+308, 0.0000e+00, 0.0000e+00, 
 2DIAGNOSTIC,     8, -3.728555286147e-01, 1.797693134862e+308, 0.0000e+00, 0.0000e+00, 
 2DIAGNOSTIC,     9, -3.817532952668e-01, 1.797693134862e+308, 0.0000e+00, 0.0000e+00, 
 2DIAGNOSTIC,    10, -3.995932050568e-01, 5.735490716297e-03, 0.0000e+00, 0.0000e+00, 
 2DIAGNOSTIC,    11, -4.274013822542e-01, 8.638213818666e-03, 0.0000e+00, 0.0000e+00, 
 2DIAGNOSTIC,    12, -4.796607991769e-01, 1.333439536664e-02, 0.0000e+00, 0.0000e+00, 
 2DIAGNOSTIC,    13, -4.806616140643e-01, 1.599438392698e-02, 0.0000e+00, 0.0000e+00, 
 2DIAGNOSTIC,    14, -4.843062167439e-01, 1.703262340812e-02, 0.0000e+00, 0.0000e+00, 
 2DIAGNOSTIC,    15, -4.857942200519e-01, 1.652805025439e-02, 0.0000e+00, 0.0000e+00, 
 2DIAGNOSTIC,    16, -4.861375803850e-01, 1.467866409836e-02, 0.0000e+00, 0.0000e+00, 
 2DIAGNOSTIC,    17, -4.863848301894e-01, 1.183261696325e-02, 0.0000e+00, 0.0000e+00, 
 2DIAGNOSTIC,    18, -4.863241317566e-01, 8.530843682193e-03, 0.0000e+00, 0.0000e+00, 
 2DIAGNOSTIC,    19, -4.865773746945e-01, 5.195101017725e-03, 0.0000e+00, 0.0000e+00, 
 2DIAGNOSTIC,    20, -4.862681210997e-01, 2.345228474722e-03, 0.0000e+00, 0.0000e+00, 
 2DIAGNOSTIC,    21, -4.862035282358e-01, 4.226856558739e-04, 0.0000e+00, 0.0000e+00, 
 2DIAGNOSTIC,    22, -4.858437689844e-01, 2.217104801577e-04, 0.0000e+00, 0.0000e+00, 
 2DIAGNOSTIC,    23, -4.859088485376e-01, 4.807476901185e-05, 0.0000e+00, 0.0000e+00, 
DIAGNOSTIC,Iteration,metricValue,convergenceValue,ITERATION_TIME_INDEX,SINCE_LAST
 2DIAGNOSTIC,     1, -4.269392116276e-01, 1.797693134862e+308, 0.0000e+00, 0.0000e+00, 
 2DIAGNOSTIC,     2, -4.270524618689e-01, 1.797693134862e+308, 0.0000e+00, 0.0000e+00, 
 2DIAGNOSTIC,     3, -4.274354327514e-01, 1.797693134862e+308, 0.0000e+00, 0.0000e+00, 
 2DIAGNOSTIC,     4, -4.276652377137e-01, 1.797693134862e+308, 0.0000e+00, 0.0000e+00, 
 2DIAGNOSTIC,     5, -4.279368722689e-01, 1.797693134862e+308, 0.0000e+00, 0.0000e+00, 
 2DIAGNOSTIC,     6, -4.281250751996e-01, 1.797693134862e+308, 0.0000e+00, 0.0000e+00, 
 2DIAGNOSTIC,     7, -4.284612216865e-01, 1.797693134862e+308, 0.0000e+00, 0.0000e+00, 
 2DIAGNOSTIC,     8, -4.290761612562e-01, 1.797693134862e+308, 0.0000e+00, 0.0000e+00, 
 2DIAGNOSTIC,     9, -4.295851440143e-01, 1.797693134862e+308, 0.0000e+00, 0.0000e+00, 
 2DIAGNOSTIC,    10, -4.303288774616e-01, 4.749237448008e-04, 0.0000e+00, 0.0000e+00, 
 2DIAGNOSTIC,    11, -4.311146385105e-01, 5.139869706488e-04, 0.0000e+00, 0.0000e+00, 
 2DIAGNOSTIC,    12, -4.324160013896e-01, 5.774564911424e-04, 0.0000e+00, 0.0000e+00, 
 2DIAGNOSTIC,    13, -4.333277630527e-01, 6.433291798471e-04, 0.0000e+00, 0.0000e+00, 
 2DIAGNOSTIC,    14, -4.340982668410e-01, 6.879717901221e-04, 0.0000e+00, 0.0000e+00, 
 2DIAGNOSTIC,    15, -4.345347531008e-01, 6.950667225752e-04, 0.0000e+00, 0.0000e+00, 
 2DIAGNOSTIC,    16, -4.346410438757e-01, 6.495911331266e-04, 0.0000e+00, 0.0000e+00, 
 2DIAGNOSTIC,    17, -4.348815775146e-01, 5.716254277179e-04, 0.0000e+00, 0.0000e+00, 
 2DIAGNOSTIC,    18, -4.348903174177e-01, 4.719625841082e-04, 0.0000e+00, 0.0000e+00, 
 2DIAGNOSTIC,    19, -4.348897980043e-01, 3.566743154025e-04, 0.0000e+00, 0.0000e+00, 
 2DIAGNOSTIC,    20, -4.348184258394e-01, 2.420983551837e-04, 0.0000e+00, 0.0000e+00, 
 2DIAGNOSTIC,    21, -4.348373717973e-01, 1.407328269281e-04, 0.0000e+00, 0.0000e+00, 
 2DIAGNOSTIC,    22, -4.347772080400e-01, 7.221249852623e-05, 0.0000e+00, 0.0000e+00, 
 2DIAGNOSTIC,    23, -4.348959180558e-01, 3.200231712977e-05, 0.0000e+00, 0.0000e+00, 
 2DIAGNOSTIC,    24, -4.348901164546e-01, 1.284329635912e-05, 0.0000e+00, 0.0000e+00, 
 2DIAGNOSTIC,    25, -4.348917233228e-01, 5.600326739998e-06, 0.0000e+00, 0.0000e+00, 
 2DIAGNOSTIC,    26, -4.348956332085e-01, 1.058398830918e-06, 0.0000e+00, 0.0000e+00, 
 2DIAGNOSTIC,    27, -4.349036715748e-01, 2.784223785891e-06, 0.0000e+00, 0.0000e+00, 
 2DIAGNOSTIC,    28, -4.349236583564e-01, 4.739945176510e-06, 0.0000e+00, 0.0000e+00, 
 2DIAGNOSTIC,    29, -4.349238312880e-01, 6.117027534745e-06, 0.0000e+00, 0.0000e+00, 
 2DIAGNOSTIC,    30, -4.348858526946e-01, 4.450250501796e-06, 0.0000e+00, 0.0000e+00, 
 2DIAGNOSTIC,    31, -4.349430841552e-01, 4.178267632882e-06, 0.0000e+00, 0.0000e+00, 
 2DIAGNOSTIC,    32, -4.349442499289e-01, 2.198017269528e-06, 0.0000e+00, 0.0000e+00, 
 2DIAGNOSTIC,    33, -4.349306161244e-01, 2.220193349854e-06, 0.0000e+00, 0.0000e+00, 
DIAGNOSTIC,Iteration,metricValue,convergenceValue,ITERATION_TIME_INDEX,SINCE_LAST
 2DIAGNOSTIC,     1, -4.019061751678e-01, 1.797693134862e+308, 0.0000e+00, 0.0000e+00, 
 2DIAGNOSTIC,     2, -4.019057250005e-01, 1.797693134862e+308, 0.0000e+00, 0.0000e+00, 
 2DIAGNOSTIC,     3, -4.019139793055e-01, 1.797693134862e+308, 0.0000e+00, 0.0000e+00, 
 2DIAGNOSTIC,     4, -4.018737108686e-01, 1.797693134862e+308, 0.0000e+00, 0.0000e+00, 
 2DIAGNOSTIC,     5, -4.018884081247e-01, 1.797693134862e+308, 0.0000e+00, 0.0000e+00, 
 2DIAGNOSTIC,     6, -4.018991163983e-01, 1.797693134862e+308, 0.0000e+00, 0.0000e+00, 
 2DIAGNOSTIC,     7, -4.018988315851e-01, 1.797693134862e+308, 0.0000e+00, 0.0000e+00, 
 2DIAGNOSTIC,     8, -4.018913922795e-01, 1.797693134862e+308, 0.0000e+00, 0.0000e+00, 
 2DIAGNOSTIC,     9, -4.018985560714e-01, 1.797693134862e+308, 0.0000e+00, 0.0000e+00, 
  Elapsed time (stage 0): 0.0000e+00


Total elapsed time: 0.0000e+00
Info [verificarlo]: loaded backend libinterflop_ieee.so
Info [interflop-ieee]: load backend with:
Info [interflop-ieee]: debug = false
Info [interflop-ieee]: debug-binary = false
Info [interflop-ieee]: no-backend-name = false
Info [interflop-ieee]: print-new-line = false
Info [interflop-ieee]: print-subnormal-normalized = false
Info [interflop-ieee]: count-op = false
All_Command_lines_OK
Using double precision for computations.
=============================================================================
The composite transform comprises the following transforms (in order): 
  1. /home/mdugre/scratch/mri-registration-rp/datasets/ds004513/derivatives/mri-registration-rp/0100/antsRegistration-r7-p11/sub-s037/rigid_Composite.h5[0] (type = Euler3DTransform)
  2. /home/mdugre/scratch/mri-registration-rp/datasets/ds004513/derivatives/mri-registration-rp/0100/antsRegistration-r7-p11/sub-s037/rigid_Composite.h5[1] (type = Euler3DTransform)
  3. /home/mdugre/scratch/mri-registration-rp/datasets/ds004513/derivatives/mri-registration-rp/0100/antsRegistration-r7-p11/sub-s037/rigid_Composite.h5[2] (type = Euler3DTransform)
=============================================================================
  number of levels = 4
  fixed image: /templateflow/tpl-MNI152NLin2009cAsym/tpl-MNI152NLin2009cAsym_res-01_desc-brain_T1w.nii.gz
  moving image: /home/mdugre/scratch/mri-registration-rp/datasets/ds004513/derivatives/mri-registration-rp/antsBrainExtraction/sub-s037/BrainExtractionBrain.nii.gz
Dimension = 3
Number of stages = 1
Use histogram matching = false
Winsorize image intensities = true
  Lower quantile = 0.005
  Upper quantile = 0.995


Stage 1 State
   Image metric = MattesMI
     Fixed image = Image (0x49a07e0)
  RTTI typeinfo:   itk::Image<double, 3u>
  Reference Count: 2
  Modified Time: 1592
  Debug: Off
  Object Name: 
  Observers: 
    none
  Source: (none)
  Source output name: (none)
  Release Data: Off
  Data Released: False
  Global Release Data: Off
  PipelineMTime: 0
  UpdateMTime: 1203
  RealTimeStamp: 0 seconds 
  LargestPossibleRegion: 
    Dimension: 3
    Index: [0, 0, 0]
    Size: [193, 229, 193]
  BufferedRegion: 
    Dimension: 3
    Index: [0, 0, 0]
    Size: [193, 229, 193]
  RequestedRegion: 
    Dimension: 3
    Index: [0, 0, 0]
    Size: [193, 229, 193]
  Spacing: [1, 1, 1]
  Origin: [96, 132, -78]
  Direction: 
-1 0 0
0 -1 0
0 0 1

  IndexToPointMatrix: 
-1 0 0
0 -1 0
0 0 1

  PointToIndexMatrix: 
-1 0 0
0 -1 0
0 0 1

  Inverse Direction: 
-1 0 0
0 -1 0
0 0 1

  PixelContainer: 
    ImportImageContainer (0x4a60a20)
      RTTI typeinfo:   itk::ImportImageContainer<unsigned long, double>
      Reference Count: 1
      Modified Time: 1200
      Debug: Off
      Object Name: 
      Observers: 
        none
      Pointer: 0x1485330a3010
      Container manages memory: true
      Size: 8530021
      Capacity: 8530021

     Moving image = Image (0x4a15e20)
  RTTI typeinfo:   itk::Image<double, 3u>
  Reference Count: 2
  Modified Time: 1593
  Debug: Off
  Object Name: 
  Observers: 
    none
  Source: (none)
  Source output name: (none)
  Release Data: Off
  Data Released: False
  Global Release Data: Off
  PipelineMTime: 0
  UpdateMTime: 1590
  RealTimeStamp: 0 seconds 
  LargestPossibleRegion: 
    Dimension: 3
    Index: [0, 0, 0]
    Size: [160, 240, 256]
  BufferedRegion: 
    Dimension: 3
    Index: [0, 0, 0]
    Size: [160, 240, 256]
  RequestedRegion: 
    Dimension: 3
    Index: [0, 0, 0]
    Size: [160, 240, 256]
  Spacing: [1, 1, 1]
  Origin: [87.9508, 102.562, -147.639]
  Direction: 
-0.998659 -0.0436121 -0.0279129
0.043595 -0.999049 0.00121847
-0.0279395 -2.65543e-08 0.99961

  IndexToPointMatrix: 
-0.998659 -0.0436121 -0.0279129
0.043595 -0.999049 0.00121847
-0.0279395 -2.65543e-08 0.99961

  PointToIndexMatrix: 
-0.998659 0.043595 -0.0279395
-0.0436121 -0.999049 -2.65517e-08
-0.0279129 0.00121847 0.99961

  Inverse Direction: 
-0.998659 0.043595 -0.0279395
-0.0436121 -0.999049 -2.65517e-08
-0.0279129 0.00121847 0.99961

  PixelContainer: 
    ImportImageContainer (0x4aaf550)
      RTTI typeinfo:   itk::ImportImageContainer<unsigned long, double>
      Reference Count: 1
      Modified Time: 1587
      Debug: Off
      Object Name: 
      Observers: 
        none
      Pointer: 0x14852e5a2010
      Container manages memory: true
      Size: 9830400
      Capacity: 9830400

     Weighting = 1
     Sampling strategy = regular
     Number of bins = 32
     Radius = 4
     Sampling percentage  = 0.25
   Transform = Affine
     Gradient step = 0.1
     Update field sigma (voxel space) = 0
     Total field sigma (voxel space) = 0
     Update field time sigma = 0
     Total field time sigma  = 0
     Number of time indices = 0
     Number of time point samples = 0
Registration using 1 total stages.

Stage 0
  iterations = 1000x500x250x100
  convergence threshold = 1e-06
  convergence window size = 10
  number of levels = 4
  using the Mattes MI metric (number of bins = 32, weight = 1, use gradient filter = 0)
  preprocessing:  winsorizing the image intensities
  Shrink factors (level 1 out of 4): [8, 8, 8]
  Shrink factors (level 2 out of 4): [4, 4, 4]
  Shrink factors (level 3 out of 4): [2, 2, 2]
  Shrink factors (level 4 out of 4): [1, 1, 1]
  smoothing sigmas per level: [3, 2, 1, 0]
  regular sampling (percentage = 0.25)

*** Running AffineTransform registration ***

DIAGNOSTIC,Iteration,metricValue,convergenceValue,ITERATION_TIME_INDEX,SINCE_LAST
 2DIAGNOSTIC,     1, -5.864571640735e-01, 1.797693134862e+308, 7.1098e-01, 7.1098e-01, 
 2DIAGNOSTIC,     2, -5.876900837135e-01, 1.797693134862e+308, 7.1614e-01, 5.1630e-03, 
 2DIAGNOSTIC,     3, -5.903643285544e-01, 1.797693134862e+308, 7.2109e-01, 4.9481e-03, 
 2DIAGNOSTIC,     4, -5.955471817363e-01, 1.797693134862e+308, 7.2599e-01, 4.9021e-03, 
 2DIAGNOSTIC,     5, -6.049989569218e-01, 1.797693134862e+308, 7.3090e-01, 4.9062e-03, 
 2DIAGNOSTIC,     6, -6.139061108505e-01, 1.797693134862e+308, 7.3591e-01, 5.0161e-03, 
 2DIAGNOSTIC,     7, -6.301984695751e-01, 1.797693134862e+308, 7.4101e-01, 5.0981e-03, 
 2DIAGNOSTIC,     8, -6.590387486663e-01, 1.797693134862e+308, 7.4766e-01, 6.6431e-03, 
 2DIAGNOSTIC,     9, -6.932664022251e-01, 1.797693134862e+308, 7.5544e-01, 7.7820e-03, 
 2DIAGNOSTIC,    10, -6.963122709305e-01, 1.217276215067e-02, 7.6093e-01, 5.4920e-03, 
 2DIAGNOSTIC,    11, -7.049022431904e-01, 1.250585895646e-02, 7.6627e-01, 5.3401e-03, 
 2DIAGNOSTIC,    12, -7.114105701173e-01, 1.194664330212e-02, 7.7160e-01, 5.3298e-03, 
 2DIAGNOSTIC,    13, -7.169948709419e-01, 1.066564340831e-02, 7.7937e-01, 7.7710e-03, 
 2DIAGNOSTIC,    14, -7.181020365479e-01, 8.803898733092e-03, 7.8731e-01, 7.9379e-03, 
 2DIAGNOSTIC,    15, -7.182435284792e-01, 6.703431718512e-03, 7.9377e-01, 6.4621e-03, 
 2DIAGNOSTIC,    16, -7.184416145142e-01, 4.533212791426e-03, 8.0014e-01, 6.3741e-03, 
 2DIAGNOSTIC,    17, -7.183714191429e-01, 2.621246443473e-03, 8.0542e-01, 5.2791e-03, 
 2DIAGNOSTIC,    18, -7.186105715199e-01, 1.365540521643e-03, 8.1128e-01, 5.8539e-03, 
 2DIAGNOSTIC,    19, -7.189958904181e-01, 9.023030428018e-04, 8.1770e-01, 6.4249e-03, 
 2DIAGNOSTIC,    20, -7.190519751761e-01, 4.690455338727e-04, 8.2357e-01, 5.8689e-03, 
 2DIAGNOSTIC,    21, -7.190323903383e-01, 2.067589015892e-04, 8.2881e-01, 5.2361e-03, 
 2DIAGNOSTIC,    22, -7.188720494365e-01, 6.955273473965e-05, 8.3461e-01, 5.7981e-03, 
 2DIAGNOSTIC,    23, -7.190970799470e-01, 4.416462330670e-05, 8.3982e-01, 5.2190e-03, 
 2DIAGNOSTIC,    24, -7.189976862752e-01, 3.426692649455e-05, 8.4675e-01, 6.9261e-03, 
 2DIAGNOSTIC,    25, -7.190268575071e-01, 2.494386072743e-05, 8.5253e-01, 5.7759e-03, 
 2DIAGNOSTIC,    26, -7.189419643568e-01, 1.619305972936e-05, 8.5777e-01, 5.2388e-03, 
 2DIAGNOSTIC,    27, -7.188633695007e-01, 4.459215702003e-06, 8.6296e-01, 5.1970e-03, 
DIAGNOSTIC,Iteration,metricValue,convergenceValue,ITERATION_TIME_INDEX,SINCE_LAST
 2DIAGNOSTIC,     1, -5.923960399009e-01, 1.797693134862e+308, 1.6650e+00, 8.0207e-01, 
 2DIAGNOSTIC,     2, -5.931539574115e-01, 1.797693134862e+308, 1.7055e+00, 4.0477e-02, 
 2DIAGNOSTIC,     3, -5.940343678576e-01, 1.797693134862e+308, 1.7448e+00, 3.9248e-02, 
 2DIAGNOSTIC,     4, -5.950624952712e-01, 1.797693134862e+308, 1.7838e+00, 3.9004e-02, 
 2DIAGNOSTIC,     5, -5.963166678882e-01, 1.797693134862e+308, 1.8254e+00, 4.1644e-02, 
 2DIAGNOSTIC,     6, -5.975726678294e-01, 1.797693134862e+308, 1.8645e+00, 3.9054e-02, 
 2DIAGNOSTIC,     7, -5.985843258521e-01, 1.797693134862e+308, 1.9065e+00, 4.2034e-02, 
 2DIAGNOSTIC,     8, -6.006013850699e-01, 1.797693134862e+308, 1.9568e+00, 5.0259e-02, 
 2DIAGNOSTIC,     9, -6.009132353074e-01, 1.797693134862e+308, 2.0001e+00, 4.3309e-02, 
 2DIAGNOSTIC,    10, -6.008988530793e-01, 1.038416791761e-03, 2.0601e+00, 6.0035e-02, 
 2DIAGNOSTIC,    11, -6.009034561000e-01, 8.689508851617e-04, 2.1029e+00, 4.2757e-02, 
 2DIAGNOSTIC,    12, -6.008697160321e-01, 6.783005420633e-04, 2.1423e+00, 3.9453e-02, 
 2DIAGNOSTIC,    13, -6.008541777454e-01, 4.866045546205e-04, 2.1925e+00, 5.0209e-02, 
 2DIAGNOSTIC,    14, -6.008554867008e-01, 3.128283129979e-04, 2.2342e+00, 4.1671e-02, 
 2DIAGNOSTIC,    15, -6.008475188527e-01, 1.736820981333e-04, 2.2699e+00, 3.5683e-02, 
 2DIAGNOSTIC,    16, -6.008405709519e-01, 7.336306562021e-05, 2.3061e+00, 3.6236e-02, 
 2DIAGNOSTIC,    17, -6.008351953753e-01, 4.932044881945e-06, 2.3486e+00, 4.2510e-02, 
DIAGNOSTIC,Iteration,metricValue,convergenceValue,ITERATION_TIME_INDEX,SINCE_LAST
 2DIAGNOSTIC,     1, -5.254335951551e-01, 1.797693134862e+308, 3.4925e+00, 1.1439e+00, 
 2DIAGNOSTIC,     2, -5.256892956754e-01, 1.797693134862e+308, 3.7893e+00, 2.9685e-01, 
 2DIAGNOSTIC,     3, -5.260239839111e-01, 1.797693134862e+308, 4.1055e+00, 3.1619e-01, 
 2DIAGNOSTIC,     4, -5.264226123262e-01, 1.797693134862e+308, 4.4253e+00, 3.1978e-01, 
 2DIAGNOSTIC,     5, -5.268393102120e-01, 1.797693134862e+308, 4.7399e+00, 3.1463e-01, 
 2DIAGNOSTIC,     6, -5.272691467024e-01, 1.797693134862e+308, 5.0485e+00, 3.0853e-01, 
 2DIAGNOSTIC,     7, -5.276593521129e-01, 1.797693134862e+308, 5.4750e+00, 4.2652e-01, 
 2DIAGNOSTIC,     8, -5.277249566543e-01, 1.797693134862e+308, 5.9363e+00, 4.6131e-01, 
 2DIAGNOSTIC,     9, -5.277360190481e-01, 1.797693134862e+308, 6.3057e+00, 3.6938e-01, 
 2DIAGNOSTIC,    10, -5.277566557304e-01, 3.243545967844e-04, 6.6552e+00, 3.4947e-01, 
 2DIAGNOSTIC,    11, -5.277618278385e-01, 2.473861604234e-04, 6.9779e+00, 3.2273e-01, 
 2DIAGNOSTIC,    12, -5.277731251724e-01, 1.730671521267e-04, 7.2999e+00, 3.2201e-01, 
 2DIAGNOSTIC,    13, -5.278064704948e-01, 1.099970047220e-04, 7.6100e+00, 3.1007e-01, 
 2DIAGNOSTIC,    14, -5.278587249711e-01, 6.348187382635e-05, 7.9064e+00, 2.9646e-01, 
 2DIAGNOSTIC,    15, -5.278912296143e-01, 3.345140628151e-05, 8.3927e+00, 4.8630e-01, 
 2DIAGNOSTIC,    16, -5.278906757586e-01, 1.842722172189e-05, 8.7267e+00, 3.3399e-01, 
 2DIAGNOSTIC,    17, -5.278908531366e-01, 1.602233029192e-05, 9.0162e+00, 2.8948e-01, 
 2DIAGNOSTIC,    18, -5.278901187057e-01, 1.451241509422e-05, 9.3147e+00, 2.9853e-01, 
 2DIAGNOSTIC,    19, -5.278913649752e-01, 1.228853271066e-05, 9.5985e+00, 2.8377e-01, 
 2DIAGNOSTIC,    20, -5.278916070933e-01, 9.856968376090e-06, 9.8812e+00, 2.8266e-01, 
 2DIAGNOSTIC,    21, -5.278929036555e-01, 7.074172174749e-06, 1.0165e+01, 2.8417e-01, 
 2DIAGNOSTIC,    22, -5.278963418488e-01, 4.391314879254e-06, 1.0507e+01, 3.4126e-01, 
 2DIAGNOSTIC,    23, -5.278988784405e-01, 2.479362387696e-06, 1.0862e+01, 3.5580e-01, 
 2DIAGNOSTIC,    24, -5.278969517864e-01, 1.732509563104e-06, 1.1240e+01, 3.7753e-01, 
 2DIAGNOSTIC,    25, -5.278991619982e-01, 1.758431380998e-06, 1.1627e+01, 3.8715e-01, 
 2DIAGNOSTIC,    26, -5.278991902988e-01, 1.724311262621e-06, 1.1908e+01, 2.8080e-01, 
 2DIAGNOSTIC,    27, -5.278993147531e-01, 1.650902138509e-06, 1.2234e+01, 3.2605e-01, 
 2DIAGNOSTIC,    28, -5.278983329414e-01, 1.504686538499e-06, 1.2544e+01, 3.0967e-01, 
 2DIAGNOSTIC,    29, -5.278984001471e-01, 1.360263501109e-06, 1.2861e+01, 3.1714e-01, 
 2DIAGNOSTIC,    30, -5.278985748051e-01, 1.208199429795e-06, 1.3219e+01, 3.5873e-01, 
 2DIAGNOSTIC,    31, -5.278985608533e-01, 1.072074619031e-06, 1.3529e+01, 3.0945e-01, 
 2DIAGNOSTIC,    32, -5.278995559575e-01, 1.013885506072e-06, 1.3884e+01, 3.5461e-01, 
 2DIAGNOSTIC,    33, -5.278997545111e-01, 1.003238442494e-06, 1.4236e+01, 3.5255e-01, 
DIAGNOSTIC,Iteration,metricValue,convergenceValue,ITERATION_TIME_INDEX,SINCE_LAST
 2DIAGNOSTIC,     1, -4.828150989313e-01, 1.797693134862e+308, 1.7496e+01, 3.2597e+00, 
 2DIAGNOSTIC,     2, -4.830994643111e-01, 1.797693134862e+308, 1.9474e+01, 1.9783e+00, 
 2DIAGNOSTIC,     3, -4.834482461791e-01, 1.797693134862e+308, 2.1522e+01, 2.0483e+00, 
 2DIAGNOSTIC,     4, -4.837927545534e-01, 1.797693134862e+308, 2.3471e+01, 1.9486e+00, 
 2DIAGNOSTIC,     5, -4.849082651217e-01, 1.797693134862e+308, 2.6208e+01, 2.7376e+00, 
 2DIAGNOSTIC,     6, -4.850286698486e-01, 1.797693134862e+308, 2.9710e+01, 3.5019e+00, 
 2DIAGNOSTIC,     7, -4.850279798839e-01, 1.797693134862e+308, 3.2908e+01, 3.1974e+00, 
 2DIAGNOSTIC,     8, -4.850279000146e-01, 1.797693134862e+308, 3.5894e+01, 2.9861e+00, 
 2DIAGNOSTIC,     9, -4.850278365219e-01, 1.797693134862e+308, 3.8335e+01, 2.4412e+00, 
 2DIAGNOSTIC,    10, -4.850277455503e-01, 3.319724359905e-04, 4.0707e+01, 2.3721e+00, 
 2DIAGNOSTIC,    11, -4.850276623473e-01, 2.285802049173e-04, 4.2880e+01, 2.1725e+00, 
 2DIAGNOSTIC,    12, -4.850274748605e-01, 1.366829713557e-04, 4.4792e+01, 1.9125e+00, 
 2DIAGNOSTIC,    13, -4.850274179264e-01, 6.282546322260e-05, 4.7049e+01, 2.2571e+00, 
 2DIAGNOSTIC,    14, -4.850274517091e-01, 7.202286809491e-06, 4.9263e+01, 2.2138e+00, 
 2DIAGNOSTIC,    15, -4.850273643182e-01, 2.033258464609e-06, 5.1139e+01, 1.8760e+00, 
 2DIAGNOSTIC,    16, -4.850272919812e-01, 1.930917478452e-06, 5.3169e+01, 2.0294e+00, 
 2DIAGNOSTIC,    17, -4.850273445524e-01, 1.824253352996e-06, 5.5066e+01, 1.8972e+00, 
 2DIAGNOSTIC,    18, -4.850273240311e-01, 1.730567900690e-06, 5.6809e+01, 1.7437e+00, 
 2DIAGNOSTIC,    19, -4.850272551400e-01, 1.646150272400e-06, 5.9177e+01, 2.3671e+00, 
 2DIAGNOSTIC,    20, -4.850272970742e-01, 1.571568720507e-06, 6.1343e+01, 2.1661e+00, 
 2DIAGNOSTIC,    21, -4.850271205389e-01, 1.498832052881e-06, 6.3472e+01, 2.1292e+00, 
 2DIAGNOSTIC,    22, -4.850270384763e-01, 1.427233421773e-06, 6.5347e+01, 1.8751e+00, 
 2DIAGNOSTIC,    23, -4.850269751498e-01, 1.360587366411e-06, 6.7370e+01, 2.0230e+00, 
 2DIAGNOSTIC,    24, -4.850270526011e-01, 1.304439772989e-06, 6.9575e+01, 2.2046e+00, 
 2DIAGNOSTIC,    25, -4.850272118515e-01, 1.256476268495e-06, 7.1653e+01, 2.0784e+00, 
 2DIAGNOSTIC,    26, -4.850271740081e-01, 1.211187630058e-06, 7.3805e+01, 2.1521e+00, 
 2DIAGNOSTIC,    27, -4.850268924898e-01, 1.165656597281e-06, 7.5953e+01, 2.1479e+00, 
 2DIAGNOSTIC,    28, -4.850268239210e-01, 1.122979783511e-06, 7.8367e+01, 2.4134e+00, 
 2DIAGNOSTIC,    29, -4.850267309197e-01, 1.081097386196e-06, 8.0488e+01, 2.1219e+00, 
 2DIAGNOSTIC,    30, -4.850266359988e-01, 1.042469015604e-06, 8.2341e+01, 1.8525e+00, 
 2DIAGNOSTIC,    31, -4.850265509452e-01, 1.003210340828e-06, 8.4203e+01, 1.8621e+00, 
  Elapsed time (stage 0): 8.5429e+01


Total elapsed time: 8.5432e+01
Info [verificarlo]: loaded backend libinterflop_ieee.so
Info [interflop-ieee]: load backend with:
Info [interflop-ieee]: debug = false
Info [interflop-ieee]: debug-binary = false
Info [interflop-ieee]: no-backend-name = false
Info [interflop-ieee]: print-new-line = false
Info [interflop-ieee]: print-subnormal-normalized = false
Info [interflop-ieee]: count-op = false
All_Command_lines_OK
Using double precision for computations.
=============================================================================
The composite transform comprises the following transforms (in order): 
  1. /home/mdugre/scratch/mri-registration-rp/datasets/ds004513/derivatives/mri-registration-rp/0100/antsRegistration-r7-p11/sub-s037/affine_Composite.h5[0] (type = Euler3DTransform)
  2. /home/mdugre/scratch/mri-registration-rp/datasets/ds004513/derivatives/mri-registration-rp/0100/antsRegistration-r7-p11/sub-s037/affine_Composite.h5[1] (type = Euler3DTransform)
  3. /home/mdugre/scratch/mri-registration-rp/datasets/ds004513/derivatives/mri-registration-rp/0100/antsRegistration-r7-p11/sub-s037/affine_Composite.h5[2] (type = Euler3DTransform)
  4. /home/mdugre/scratch/mri-registration-rp/datasets/ds004513/derivatives/mri-registration-rp/0100/antsRegistration-r7-p11/sub-s037/affine_Composite.h5[3] (type = AffineTransform)
=============================================================================
  number of levels = 4
  fixed image: /templateflow/tpl-MNI152NLin2009cAsym/tpl-MNI152NLin2009cAsym_res-01_desc-brain_T1w.nii.gz
  moving image: /home/mdugre/scratch/mri-registration-rp/datasets/ds004513/derivatives/mri-registration-rp/antsBrainExtraction/sub-s037/BrainExtractionBrain.nii.gz
Dimension = 3
Number of stages = 1
Use histogram matching = false
Winsorize image intensities = true
  Lower quantile = 0.005
  Upper quantile = 0.995


Stage 1 State
   Image metric = CC
     Fixed image = Image (0x5125a40)
  RTTI typeinfo:   itk::Image<double, 3u>
  Reference Count: 2
  Modified Time: 1606
  Debug: Off
  Object Name: 
  Observers: 
    none
  Source: (none)
  Source output name: (none)
  Release Data: Off
  Data Released: False
  Global Release Data: Off
  PipelineMTime: 0
  UpdateMTime: 1217
  RealTimeStamp: 0 seconds 
  LargestPossibleRegion: 
    Dimension: 3
    Index: [0, 0, 0]
    Size: [193, 229, 193]
  BufferedRegion: 
    Dimension: 3
    Index: [0, 0, 0]
    Size: [193, 229, 193]
  RequestedRegion: 
    Dimension: 3
    Index: [0, 0, 0]
    Size: [193, 229, 193]
  Spacing: [1, 1, 1]
  Origin: [96, 132, -78]
  Direction: 
-1 0 0
0 -1 0
0 0 1

  IndexToPointMatrix: 
-1 0 0
0 -1 0
0 0 1

  PointToIndexMatrix: 
-1 0 0
0 -1 0
0 0 1

  Inverse Direction: 
-1 0 0
0 -1 0
0 0 1

  PixelContainer: 
    ImportImageContainer (0x51f4780)
      RTTI typeinfo:   itk::ImportImageContainer<unsigned long, double>
      Reference Count: 1
      Modified Time: 1214
      Debug: Off
      Object Name: 
      Observers: 
        none
      Pointer: 0x14f6891f4010
      Container manages memory: true
      Size: 8530021
      Capacity: 8530021

     Moving image = Image (0x51f6390)
  RTTI typeinfo:   itk::Image<double, 3u>
  Reference Count: 2
  Modified Time: 1607
  Debug: Off
  Object Name: 
  Observers: 
    none
  Source: (none)
  Source output name: (none)
  Release Data: Off
  Data Released: False
  Global Release Data: Off
  PipelineMTime: 0
  UpdateMTime: 1604
  RealTimeStamp: 0 seconds 
  LargestPossibleRegion: 
    Dimension: 3
    Index: [0, 0, 0]
    Size: [160, 240, 256]
  BufferedRegion: 
    Dimension: 3
    Index: [0, 0, 0]
    Size: [160, 240, 256]
  RequestedRegion: 
    Dimension: 3
    Index: [0, 0, 0]
    Size: [160, 240, 256]
  Spacing: [1, 1, 1]
  Origin: [87.9508, 102.562, -147.639]
  Direction: 
-0.998659 -0.0436121 -0.0279129
0.043595 -0.999049 0.00121847
-0.0279395 -2.65543e-08 0.99961

  IndexToPointMatrix: 
-0.998659 -0.0436121 -0.0279129
0.043595 -0.999049 0.00121847
-0.0279395 -2.65543e-08 0.99961

  PointToIndexMatrix: 
-0.998659 0.043595 -0.0279395
-0.0436121 -0.999049 -2.65517e-08
-0.0279129 0.00121847 0.99961

  Inverse Direction: 
-0.998659 0.043595 -0.0279395
-0.0436121 -0.999049 -2.65517e-08
-0.0279129 0.00121847 0.99961

  PixelContainer: 
    ImportImageContainer (0x51ab6f0)
      RTTI typeinfo:   itk::ImportImageContainer<unsigned long, double>
      Reference Count: 1
      Modified Time: 1601
      Debug: Off
      Object Name: 
      Observers: 
        none
      Pointer: 0x14f6846f3010
      Container manages memory: true
      Size: 9830400
      Capacity: 9830400

     Weighting = 1
     Sampling strategy = none
     Number of bins = 32
     Radius = 4
     Sampling percentage  = 1
   Transform = SyN
     Gradient step = 0.1
     Update field sigma (voxel space) = 3
     Total field sigma (voxel space) = 0
     Update field time sigma = 0
     Total field time sigma  = 0
     Number of time indices = 0
     Number of time point samples = 0
Registration using 1 total stages.

Stage 0
  iterations = 100x70x50x20
  convergence threshold = 1e-06
  convergence window size = 10
  number of levels = 4
  using the CC metric (radius = 4, weight = 1, use gradient filter = 0)
  preprocessing:  winsorizing the image intensities
  Shrink factors (level 1 out of 4): [8, 8, 8]
  Shrink factors (level 2 out of 4): [4, 4, 4]
  Shrink factors (level 3 out of 4): [2, 2, 2]
  Shrink factors (level 4 out of 4): [1, 1, 1]
  smoothing sigmas per level: [3, 2, 1, 0]
  Using default NONE metricSamplingStrategy 

*** Running SyN registration (varianceForUpdateField = 3, varianceForTotalField = 0) ***

XXDIAGNOSTIC,Iteration,metricValue,convergenceValue,ITERATION_TIME_INDEX,SINCE_LAST
