
##########################
# Experiment information #
##########################

EXPERIMENT_NAME: antsRegistration-r8-p21
VFC_BACKENDS: libinterflop_vprec.so --range-binary32=8 --precision-binary32=21 --range-binary64=8 --precision-binary64=21

SIF_IMG: /home/mdugre/projects/rrg-glatard/mdugre/containers/ants-vprec-no_metrics.simg

SUBJECT_ID: s033
INPUT_IMG: /home/mdugre/scratch/mri-registration-rp/datasets/ds004513/derivatives/mri-registration-rp/antsBrainExtraction/sub-s033/BrainExtractionBrain.nii.gz
OUTPUT_DIR: /home/mdugre/scratch/mri-registration-rp/datasets/ds004513/derivatives/mri-registration-rp/0100/antsRegistration-r8-p21/sub-s033

FIXED_IMG: /templateflow/tpl-MNI152NLin2009cAsym/tpl-MNI152NLin2009cAsym_res-01_desc-brain_T1w.nii.gz
DATA_DIR: /home/mdugre/scratch/mri-registration-rp/datasets/ds004513
TEMPLATEFLOW_DIR: /home/mdugre/projects/rrg-glatard/mdugre/templateflow
ITK_GLOBAL_DEFAULT_NUMBER_OF_THREADS: 16
##########################

Info [verificarlo]: loaded backend libinterflop_ieee.so
Info [interflop-ieee]: load backend with:
Info [interflop-ieee]: debug = false
Info [interflop-ieee]: debug-binary = false
Info [interflop-ieee]: no-backend-name = false
Info [interflop-ieee]: print-new-line = false
Info [interflop-ieee]: print-subnormal-normalized = false
Info [interflop-ieee]: count-op = false
All_Command_lines_OK
Using double precision for computations.
=============================================================================
The composite transform comprises the following transforms (in order): 
  1. Center of mass alignment using fixed image: /templateflow/tpl-MNI152NLin2009cAsym/tpl-MNI152NLin2009cAsym_res-01_desc-brain_T1w.nii.gz and moving image: /home/mdugre/scratch/mri-registration-rp/datasets/ds004513/derivatives/mri-registration-rp/antsBrainExtraction/sub-s033/BrainExtractionBrain.nii.gz (type = Euler3DTransform)
=============================================================================
  number of levels = 1
  fixed image: /templateflow/tpl-MNI152NLin2009cAsym/tpl-MNI152NLin2009cAsym_res-01_desc-brain_T1w.nii.gz
  moving image: /home/mdugre/scratch/mri-registration-rp/datasets/ds004513/derivatives/mri-registration-rp/antsBrainExtraction/sub-s033/BrainExtractionBrain.nii.gz
Dimension = 3
Number of stages = 1
Use histogram matching = false
Winsorize image intensities = true
  Lower quantile = 0.005
  Upper quantile = 0.995


Stage 1 State
   Image metric = MattesMI
     Fixed image = Image (0x471be70)
  RTTI typeinfo:   itk::Image<double, 3u>
  Reference Count: 2
  Modified Time: 2330
  Debug: Off
  Object Name: 
  Observers: 
    none
  Source: (none)
  Source output name: (none)
  Release Data: Off
  Data Released: False
  Global Release Data: Off
  PipelineMTime: 0
  UpdateMTime: 1941
  RealTimeStamp: 0 seconds 
  LargestPossibleRegion: 
    Dimension: 3
    Index: [0, 0, 0]
    Size: [193, 229, 193]
  BufferedRegion: 
    Dimension: 3
    Index: [0, 0, 0]
    Size: [193, 229, 193]
  RequestedRegion: 
    Dimension: 3
    Index: [0, 0, 0]
    Size: [193, 229, 193]
  Spacing: [1, 1, 1]
  Origin: [96, 132, -78]
  Direction: 
-1 0 0
0 -1 0
0 0 1

  IndexToPointMatrix: 
-1 0 0
0 -1 0
0 0 1

  PointToIndexMatrix: 
-1 0 0
0 -1 0
0 0 1

  Inverse Direction: 
-1 0 0
0 -1 0
0 0 1

  PixelContainer: 
    ImportImageContainer (0x4724c60)
      RTTI typeinfo:   itk::ImportImageContainer<unsigned long, double>
      Reference Count: 1
      Modified Time: 1938
      Debug: Off
      Object Name: 
      Observers: 
        none
      Pointer: 0x148a07998010
      Container manages memory: true
      Size: 8530021
      Capacity: 8530021

     Moving image = Image (0x471e540)
  RTTI typeinfo:   itk::Image<double, 3u>
  Reference Count: 2
  Modified Time: 2331
  Debug: Off
  Object Name: 
  Observers: 
    none
  Source: (none)
  Source output name: (none)
  Release Data: Off
  Data Released: False
  Global Release Data: Off
  PipelineMTime: 0
  UpdateMTime: 2328
  RealTimeStamp: 0 seconds 
  LargestPossibleRegion: 
    Dimension: 3
    Index: [0, 0, 0]
    Size: [160, 240, 256]
  BufferedRegion: 
    Dimension: 3
    Index: [0, 0, 0]
    Size: [160, 240, 256]
  RequestedRegion: 
    Dimension: 3
    Index: [0, 0, 0]
    Size: [160, 240, 256]
  Spacing: [1, 1, 1]
  Origin: [91.5134, 94.282, -109.927]
  Direction: 
-0.99591 -0.0698718 -0.0572835
0.0697565 -0.997556 0.00401236
-0.0574239 5.01125e-08 0.99835

  IndexToPointMatrix: 
-0.99591 -0.0698718 -0.0572835
0.0697565 -0.997556 0.00401236
-0.0574239 5.01125e-08 0.99835

  PointToIndexMatrix: 
-0.99591 0.0697565 -0.0574239
-0.0698718 -0.997556 5.01483e-08
-0.0572835 0.00401236 0.99835

  Inverse Direction: 
-0.99591 0.0697565 -0.0574239
-0.0698718 -0.997556 5.01483e-08
-0.0572835 0.00401236 0.99835

  PixelContainer: 
    ImportImageContainer (0x4830610)
      RTTI typeinfo:   itk::ImportImageContainer<unsigned long, double>
      Reference Count: 1
      Modified Time: 2325
      Debug: Off
      Object Name: 
      Observers: 
        none
      Pointer: 0x148a02e97010
      Container manages memory: true
      Size: 9830400
      Capacity: 9830400

     Weighting = 1
     Sampling strategy = regular
     Number of bins = 32
     Radius = 4
     Sampling percentage  = 0.25
   Transform = Rigid
     Gradient step = 0.1
     Update field sigma (voxel space) = 0
     Total field sigma (voxel space) = 0
     Update field time sigma = 0
     Total field time sigma  = 0
     Number of time indices = 0
     Number of time point samples = 0
Registration using 1 total stages.

Stage 0
  iterations = 0
  convergence threshold = 1e-06
  convergence window size = 10
  number of levels = 1
  using the Mattes MI metric (number of bins = 32, weight = 1, use gradient filter = 0)
  preprocessing:  winsorizing the image intensities
  Shrink factors (level 1 out of 1): [1, 1, 1]
  smoothing sigmas per level: [0]
  regular sampling (percentage = 0.25)

*** Running Euler3DTransform registration ***

  Elapsed time (stage 0): 1.08563


Total elapsed time: 1.08777
Info [verificarlo]: loaded backend libinterflop_vprec.so
Info [interflop-vprec]: load backend with: 
Info [interflop-vprec]: precision-binary32 = 21
Info [interflop-vprec]: range-binary32 = 8
Info [interflop-vprec]: precision-binary64 = 21
Info [interflop-vprec]: range-binary64 = 8
Info [interflop-vprec]: mode = ob
Info [interflop-vprec]: error-mode = rel
Info [interflop-vprec]: max-abs-error-exponent = -1022
Info [interflop-vprec]: daz = false
Info [interflop-vprec]: ftz = false
Info [interflop-vprec]: 	instrument = none
Info [interflop-vprec]: 	prec-input-file = (null)
Info [interflop-vprec]: 	prec-output-file = (null)
Info [interflop-vprec]: 	prec-log-file = (null)
All_Command_lines_OK
Using double precision for computations.
=============================================================================
The composite transform comprises the following transforms (in order): 
  1. /home/mdugre/scratch/mri-registration-rp/datasets/ds004513/derivatives/mri-registration-rp/0100/antsRegistration-r8-p21/sub-s033/align_Composite.h5[0] (type = Euler3DTransform)
  2. /home/mdugre/scratch/mri-registration-rp/datasets/ds004513/derivatives/mri-registration-rp/0100/antsRegistration-r8-p21/sub-s033/align_Composite.h5[1] (type = Euler3DTransform)
=============================================================================
  number of levels = 4
  fixed image: /templateflow/tpl-MNI152NLin2009cAsym/tpl-MNI152NLin2009cAsym_res-01_desc-brain_T1w.nii.gz
  moving image: /home/mdugre/scratch/mri-registration-rp/datasets/ds004513/derivatives/mri-registration-rp/antsBrainExtraction/sub-s033/BrainExtractionBrain.nii.gz
Dimension = 3
Number of stages = 1
Use histogram matching = false
Winsorize image intensities = true
  Lower quantile = 0.005
  Upper quantile = 0.995


Stage 1 State
   Image metric = MattesMI
     Fixed image = Image (0x494e1e0)
  RTTI typeinfo:   itk::Image<double, 3u>
  Reference Count: 2
  Modified Time: 1578
  Debug: Off
  Object Name: 
  Observers: 
    none
  Source: (none)
  Source output name: (none)
  Release Data: Off
  Data Released: False
  Global Release Data: Off
  PipelineMTime: 0
  UpdateMTime: 1189
  RealTimeStamp: 0 seconds 
  LargestPossibleRegion: 
    Dimension: 3
    Index: [0, 0, 0]
    Size: [193, 229, 193]
  BufferedRegion: 
    Dimension: 3
    Index: [0, 0, 0]
    Size: [193, 229, 193]
  RequestedRegion: 
    Dimension: 3
    Index: [0, 0, 0]
    Size: [193, 229, 193]
  Spacing: [1, 1, 1]
  Origin: [96, 132, -78]
  Direction: 
-1 0 0
0 -1 0
0 0 1

  IndexToPointMatrix: 
-1 0 0
0 -1 0
0 0 1

  PointToIndexMatrix: 
-1 0 0
0 -1 0
0 0 1

  Inverse Direction: 
-1 0 0
0 -1 0
0 0 1

  PixelContainer: 
    ImportImageContainer (0x4a0d680)
      RTTI typeinfo:   itk::ImportImageContainer<unsigned long, double>
      Reference Count: 1
      Modified Time: 1186
      Debug: Off
      Object Name: 
      Observers: 
        none
      Pointer: 0x14af13e99010
      Container manages memory: true
      Size: 8530021
      Capacity: 8530021

     Moving image = Image (0x4a09b20)
  RTTI typeinfo:   itk::Image<double, 3u>
  Reference Count: 2
  Modified Time: 1579
  Debug: Off
  Object Name: 
  Observers: 
    none
  Source: (none)
  Source output name: (none)
  Release Data: Off
  Data Released: False
  Global Release Data: Off
  PipelineMTime: 0
  UpdateMTime: 1576
  RealTimeStamp: 0 seconds 
  LargestPossibleRegion: 
    Dimension: 3
    Index: [0, 0, 0]
    Size: [160, 240, 256]
  BufferedRegion: 
    Dimension: 3
    Index: [0, 0, 0]
    Size: [160, 240, 256]
  RequestedRegion: 
    Dimension: 3
    Index: [0, 0, 0]
    Size: [160, 240, 256]
  Spacing: [1, 1, 1]
  Origin: [91.5134, 94.282, -109.927]
  Direction: 
-0.99591 -0.0698718 -0.0572835
0.0697565 -0.997556 0.00401236
-0.0574239 5.01125e-08 0.99835

  IndexToPointMatrix: 
-0.99591 -0.0698718 -0.0572835
0.0697565 -0.997556 0.00401236
-0.0574239 5.01125e-08 0.99835

  PointToIndexMatrix: 
-0.99591 0.0697565 -0.0574239
-0.0698718 -0.997556 3.57628e-07
-0.0572835 0.00401223 0.99835

  Inverse Direction: 
-0.99591 0.0697565 -0.0574239
-0.0698718 -0.997556 3.57628e-07
-0.0572835 0.00401223 0.99835

  PixelContainer: 
    ImportImageContainer (0x4a72d50)
      RTTI typeinfo:   itk::ImportImageContainer<unsigned long, double>
      Reference Count: 1
      Modified Time: 1573
      Debug: Off
      Object Name: 
      Observers: 
        none
      Pointer: 0x14af0f398010
      Container manages memory: true
      Size: 9830400
      Capacity: 9830400

     Weighting = 1
     Sampling strategy = regular
     Number of bins = 32
     Radius = 4
     Sampling percentage  = 0.25
   Transform = Rigid
     Gradient step = 0.1
     Update field sigma (voxel space) = 0
     Total field sigma (voxel space) = 0
     Update field time sigma = 0
     Total field time sigma  = 0
     Number of time indices = 0
     Number of time point samples = 0
Registration using 1 total stages.

Stage 0
  iterations = 1000x500x250x100
  convergence threshold = 1e-06
  convergence window size = 10
  number of levels = 4
  using the Mattes MI metric (number of bins = 32, weight = 1, use gradient filter = 0)
  preprocessing:  winsorizing the image intensities
  Shrink factors (level 1 out of 4): [8, 8, 8]
  Shrink factors (level 2 out of 4): [4, 4, 4]
  Shrink factors (level 3 out of 4): [2, 2, 2]
  Shrink factors (level 4 out of 4): [1, 1, 1]
  smoothing sigmas per level: [3, 2, 1, 0]
  regular sampling (percentage = 0.25)

*** Running Euler3DTransform registration ***

DIAGNOSTIC,Iteration,metricValue,convergenceValue,ITERATION_TIME_INDEX,SINCE_LAST
 2DIAGNOSTIC,     1, -4.945384246168e-01, 1.797693134862e+308, 0.0000e+00, 0.0000e+00, 
 2DIAGNOSTIC,     2, -4.961573077192e-01, 1.797693134862e+308, 0.0000e+00, 0.0000e+00, 
 2DIAGNOSTIC,     3, -4.991238527788e-01, 1.797693134862e+308, 0.0000e+00, 0.0000e+00, 
 2DIAGNOSTIC,     4, -5.030401965246e-01, 1.797693134862e+308, 0.0000e+00, 0.0000e+00, 
 2DIAGNOSTIC,     5, -5.059164760010e-01, 1.797693134862e+308, 0.0000e+00, 0.0000e+00, 
 2DIAGNOSTIC,     6, -5.092885799239e-01, 1.797693134862e+308, 0.0000e+00, 0.0000e+00, 
 2DIAGNOSTIC,     7, -5.206054249325e-01, 1.797693134862e+308, 0.0000e+00, 0.0000e+00, 
 2DIAGNOSTIC,     8, -5.236821135127e-01, 1.797693134862e+308, 0.0000e+00, 0.0000e+00, 
 2DIAGNOSTIC,     9, -5.261572976830e-01, 1.797693134862e+308, 0.0000e+00, 0.0000e+00, 
 2DIAGNOSTIC,    10, -5.314251599982e-01, 4.958544151077e-03, 0.0000e+00, 0.0000e+00, 
 2DIAGNOSTIC,    11, -5.456629232731e-01, 5.235132139792e-03, 0.0000e+00, 0.0000e+00, 
 2DIAGNOSTIC,    12, -5.679003689609e-01, 6.044591200116e-03, 0.0000e+00, 0.0000e+00, 
 2DIAGNOSTIC,    13, -6.040383073964e-01, 7.751140060545e-03, 0.0000e+00, 0.0000e+00, 
 2DIAGNOSTIC,    14, -6.238886717055e-01, 9.350133153866e-03, 0.0000e+00, 0.0000e+00, 
 2DIAGNOSTIC,    15, -6.304446738048e-01, 1.018796443724e-02, 0.0000e+00, 0.0000e+00, 
 2DIAGNOSTIC,    16, -6.321374531845e-01, 1.014520965021e-02, 0.0000e+00, 0.0000e+00, 
 2DIAGNOSTIC,    17, -6.326627387882e-01, 9.537216472539e-03, 0.0000e+00, 0.0000e+00, 
 2DIAGNOSTIC,    18, -6.341380836461e-01, 8.248916602074e-03, 0.0000e+00, 0.0000e+00, 
 2DIAGNOSTIC,    19, -6.347311839641e-01, 6.434631618677e-03, 0.0000e+00, 0.0000e+00, 
 2DIAGNOSTIC,    20, -6.377216954569e-01, 4.445536994016e-03, 0.0000e+00, 0.0000e+00, 
 2DIAGNOSTIC,    21, -6.385149131992e-01, 2.617819537516e-03, 0.0000e+00, 0.0000e+00, 
 2DIAGNOSTIC,    22, -6.390236358908e-01, 1.233790073073e-03, 0.0000e+00, 0.0000e+00, 
 2DIAGNOSTIC,    23, -6.411433563330e-01, 6.852317938720e-04, 0.0000e+00, 0.0000e+00, 
 2DIAGNOSTIC,    24, -6.443058111363e-01, 5.925073383130e-04, 0.0000e+00, 0.0000e+00, 
 2DIAGNOSTIC,    25, -6.459815939872e-01, 6.119635876853e-04, 0.0000e+00, 0.0000e+00, 
 2DIAGNOSTIC,    26, -6.462824168021e-01, 6.102782842327e-04, 0.0000e+00, 0.0000e+00, 
 2DIAGNOSTIC,    27, -6.463359819519e-01, 5.630850263815e-04, 0.0000e+00, 0.0000e+00, 
 2DIAGNOSTIC,    28, -6.463412974965e-01, 4.926886836345e-04, 0.0000e+00, 0.0000e+00, 
 2DIAGNOSTIC,    29, -6.464230839441e-01, 3.904632567495e-04, 0.0000e+00, 0.0000e+00, 
 2DIAGNOSTIC,    30, -6.467655455445e-01, 3.121553884065e-04, 0.0000e+00, 0.0000e+00, 
 2DIAGNOSTIC,    31, -6.467329384988e-01, 2.224646927374e-04, 0.0000e+00, 0.0000e+00, 
 2DIAGNOSTIC,    32, -6.467283493435e-01, 1.256513647517e-04, 0.0000e+00, 0.0000e+00, 
 2DIAGNOSTIC,    33, -6.467663808356e-01, 5.378489059159e-05, 0.0000e+00, 0.0000e+00, 
 2DIAGNOSTIC,    34, -6.469490190143e-01, 2.771224125615e-05, 0.0000e+00, 0.0000e+00, 
 2DIAGNOSTIC,    35, -6.471313807345e-01, 2.570045288899e-05, 0.0000e+00, 0.0000e+00, 
 2DIAGNOSTIC,    36, -6.473234877833e-01, 2.791422870227e-05, 0.0000e+00, 0.0000e+00, 
 2DIAGNOSTIC,    37, -6.471613855316e-01, 2.612979628289e-05, 0.0000e+00, 0.0000e+00, 
 2DIAGNOSTIC,    38, -6.471602194197e-01, 2.222505010597e-05, 0.0000e+00, 0.0000e+00, 
 2DIAGNOSTIC,    39, -6.471608003821e-01, 1.734526939873e-05, 0.0000e+00, 0.0000e+00, 
 2DIAGNOSTIC,    40, -6.471607044747e-01, 1.511925639392e-05, 0.0000e+00, 0.0000e+00, 
 2DIAGNOSTIC,    41, -6.471608155803e-01, 1.128088506099e-05, 0.0000e+00, 0.0000e+00, 
 2DIAGNOSTIC,    42, -6.471609209000e-01, 6.659571280650e-06, 0.0000e+00, 0.0000e+00, 
 2DIAGNOSTIC,    43, -6.471606993120e-01, 2.128793834336e-06, 0.0000e+00, 0.0000e+00, 
DIAGNOSTIC,Iteration,metricValue,convergenceValue,ITERATION_TIME_INDEX,SINCE_LAST
 2DIAGNOSTIC,     1, -5.374491495193e-01, 1.797693134862e+308, 0.0000e+00, 0.0000e+00, 
 2DIAGNOSTIC,     2, -5.384044987118e-01, 1.797693134862e+308, 0.0000e+00, 0.0000e+00, 
 2DIAGNOSTIC,     3, -5.398290832420e-01, 1.797693134862e+308, 0.0000e+00, 0.0000e+00, 
 2DIAGNOSTIC,     4, -5.408311823302e-01, 1.797693134862e+308, 0.0000e+00, 0.0000e+00, 
 2DIAGNOSTIC,     5, -5.419227670331e-01, 1.797693134862e+308, 0.0000e+00, 0.0000e+00, 
 2DIAGNOSTIC,     6, -5.440358018258e-01, 1.797693134862e+308, 0.0000e+00, 0.0000e+00, 
 2DIAGNOSTIC,     7, -5.447854416860e-01, 1.797693134862e+308, 0.0000e+00, 0.0000e+00, 
 2DIAGNOSTIC,     8, -5.449546595305e-01, 1.797693134862e+308, 0.0000e+00, 0.0000e+00, 
 2DIAGNOSTIC,     9, -5.454594477213e-01, 1.797693134862e+308, 0.0000e+00, 0.0000e+00, 
 2DIAGNOSTIC,    10, -5.457125281372e-01, 1.062831611866e-03, 0.0000e+00, 0.0000e+00, 
 2DIAGNOSTIC,    11, -5.465791573867e-01, 8.647369449706e-04, 0.0000e+00, 0.0000e+00, 
 2DIAGNOSTIC,    12, -5.471781329612e-01, 6.883762138761e-04, 0.0000e+00, 0.0000e+00, 
 2DIAGNOSTIC,    13, -5.484357887973e-01, 5.856157222395e-04, 0.0000e+00, 0.0000e+00, 
 2DIAGNOSTIC,    14, -5.484453354734e-01, 4.818039380694e-04, 0.0000e+00, 0.0000e+00, 
 2DIAGNOSTIC,    15, -5.484493371712e-01, 3.851678575000e-04, 0.0000e+00, 0.0000e+00, 
 2DIAGNOSTIC,    16, -5.484180916898e-01, 3.332379091784e-04, 0.0000e+00, 0.0000e+00, 
 2DIAGNOSTIC,    17, -5.484233009179e-01, 2.797911322050e-04, 0.0000e+00, 0.0000e+00, 
 2DIAGNOSTIC,    18, -5.484150690727e-01, 2.107078309927e-04, 0.0000e+00, 0.0000e+00, 
 2DIAGNOSTIC,    19, -5.484073234102e-01, 1.434432574306e-04, 0.0000e+00, 0.0000e+00, 
 2DIAGNOSTIC,    20, -5.483973649479e-01, 7.619331245301e-05, 0.0000e+00, 0.0000e+00, 
 2DIAGNOSTIC,    21, -5.483972551799e-01, 2.990742337074e-05, 0.0000e+00, 0.0000e+00, 
DIAGNOSTIC,Iteration,metricValue,convergenceValue,ITERATION_TIME_INDEX,SINCE_LAST
 2DIAGNOSTIC,     1, -4.666332094859e-01, 1.797693134862e+308, 0.0000e+00, 0.0000e+00, 
 2DIAGNOSTIC,     2, -4.668369898287e-01, 1.797693134862e+308, 0.0000e+00, 0.0000e+00, 
 2DIAGNOSTIC,     3, -4.669673062104e-01, 1.797693134862e+308, 0.0000e+00, 0.0000e+00, 
 2DIAGNOSTIC,     4, -4.670093906033e-01, 1.797693134862e+308, 0.0000e+00, 0.0000e+00, 
 2DIAGNOSTIC,     5, -4.670223647333e-01, 1.797693134862e+308, 0.0000e+00, 0.0000e+00, 
 2DIAGNOSTIC,     6, -4.670655069518e-01, 1.797693134862e+308, 0.0000e+00, 0.0000e+00, 
 2DIAGNOSTIC,     7, -4.671375644582e-01, 1.797693134862e+308, 0.0000e+00, 0.0000e+00, 
 2DIAGNOSTIC,     8, -4.672739614360e-01, 1.797693134862e+308, 0.0000e+00, 0.0000e+00, 
 2DIAGNOSTIC,     9, -4.675123764949e-01, 1.797693134862e+308, 0.0000e+00, 0.0000e+00, 
 2DIAGNOSTIC,    10, -4.675737609343e-01, 1.134868024898e-04, 0.0000e+00, 0.0000e+00, 
 2DIAGNOSTIC,    11, -4.675722949871e-01, 9.955547491564e-05, 0.0000e+00, 0.0000e+00, 
 2DIAGNOSTIC,    12, -4.675702723760e-01, 8.949795165854e-05, 0.0000e+00, 0.0000e+00, 
 2DIAGNOSTIC,    13, -4.675645538813e-01, 7.884895284914e-05, 0.0000e+00, 0.0000e+00, 
 2DIAGNOSTIC,    14, -4.675661340535e-01, 6.453628618254e-05, 0.0000e+00, 0.0000e+00, 
 2DIAGNOSTIC,    15, -4.675647155252e-01, 4.690934568673e-05, 0.0000e+00, 0.0000e+00, 
 2DIAGNOSTIC,    16, -4.675686588362e-01, 2.929332967527e-05, 0.0000e+00, 0.0000e+00, 
 2DIAGNOSTIC,    17, -4.675713650210e-01, 1.390965427376e-05, 0.0000e+00, 0.0000e+00, 
 2DIAGNOSTIC,    18, -4.675704383210e-01, 3.496416770971e-06, 0.0000e+00, 0.0000e+00, 
 2DIAGNOSTIC,    19, -4.675693200546e-01, 1.561506063612e-06, 0.0000e+00, 0.0000e+00, 
 2DIAGNOSTIC,    20, -4.675687051087e-01, 1.678552863808e-06, 0.0000e+00, 0.0000e+00, 
 2DIAGNOSTIC,    21, -4.675696862382e-01, 1.760508009256e-06, 0.0000e+00, 0.0000e+00, 
 2DIAGNOSTIC,    22, -4.675688237307e-01, 1.733922099345e-06, 0.0000e+00, 0.0000e+00, 
 2DIAGNOSTIC,    23, -4.675676807637e-01, 1.502525787317e-06, 0.0000e+00, 0.0000e+00, 
 2DIAGNOSTIC,    24, -4.675674211267e-01, 1.317847602683e-06, 0.0000e+00, 0.0000e+00, 
 2DIAGNOSTIC,    25, -4.675677346982e-01, 1.119434624497e-06, 0.0000e+00, 0.0000e+00, 
 2DIAGNOSTIC,    26, -4.675688336540e-01, 1.065321629946e-06, 0.0000e+00, 0.0000e+00, 
 2DIAGNOSTIC,    27, -4.675674243343e-01, 1.059203391558e-06, 0.0000e+00, 0.0000e+00, 
 2DIAGNOSTIC,    28, -4.675668999666e-01, 1.036076741609e-06, 0.0000e+00, 0.0000e+00, 
DIAGNOSTIC,Iteration,metricValue,convergenceValue,ITERATION_TIME_INDEX,SINCE_LAST
 2DIAGNOSTIC,     1, -4.260346425407e-01, 1.797693134862e+308, 0.0000e+00, 0.0000e+00, 
 2DIAGNOSTIC,     2, -4.260392305759e-01, 1.797693134862e+308, 0.0000e+00, 0.0000e+00, 
 2DIAGNOSTIC,     3, -4.260386770895e-01, 1.797693134862e+308, 0.0000e+00, 0.0000e+00, 
 2DIAGNOSTIC,     4, -4.260389869153e-01, 1.797693134862e+308, 0.0000e+00, 0.0000e+00, 
 2DIAGNOSTIC,     5, -4.260387611190e-01, 1.797693134862e+308, 0.0000e+00, 0.0000e+00, 
 2DIAGNOSTIC,     6, -4.260384819159e-01, 1.797693134862e+308, 0.0000e+00, 0.0000e+00, 
 2DIAGNOSTIC,     7, -4.260385245787e-01, 1.797693134862e+308, 0.0000e+00, 0.0000e+00, 
 2DIAGNOSTIC,     8, -4.260384285419e-01, 1.797693134862e+308, 0.0000e+00, 0.0000e+00, 
 2DIAGNOSTIC,     9, -4.260384542863e-01, 1.797693134862e+308, 0.0000e+00, 0.0000e+00, 
 2DIAGNOSTIC,    10, -4.260384190623e-01, 3.362571720955e-06, 0.0000e+00, 0.0000e+00, 
 2DIAGNOSTIC,    11, -4.260383943505e-01, 2.799394639069e-06, 0.0000e+00, 0.0000e+00, 
 2DIAGNOSTIC,    12, -4.260383708719e-01, 2.593407501542e-06, 0.0000e+00, 0.0000e+00, 
 2DIAGNOSTIC,    13, -4.260383101236e-01, 2.392306663934e-06, 0.0000e+00, 0.0000e+00, 
 2DIAGNOSTIC,    14, -4.260383192531e-01, 2.240606549422e-06, 0.0000e+00, 0.0000e+00, 
 2DIAGNOSTIC,    15, -4.260382216815e-01, 2.098165804792e-06, 0.0000e+00, 0.0000e+00, 
 2DIAGNOSTIC,    16, -4.260382945295e-01, 1.967258000113e-06, 0.0000e+00, 0.0000e+00, 
 2DIAGNOSTIC,    17, -4.260382863673e-01, 1.855259478691e-06, 0.0000e+00, 0.0000e+00, 
 2DIAGNOSTIC,    18, -4.260382779691e-01, 1.753486172436e-06, 0.0000e+00, 0.0000e+00, 
 2DIAGNOSTIC,    19, -4.260382398539e-01, 1.663543618476e-06, 0.0000e+00, 0.0000e+00, 
 2DIAGNOSTIC,    20, -4.260382476706e-01, 1.582921762187e-06, 0.0000e+00, 0.0000e+00, 
 2DIAGNOSTIC,    21, -4.260382516204e-01, 1.510160875712e-06, 0.0000e+00, 0.0000e+00, 
 2DIAGNOSTIC,    22, -4.260382245848e-01, 1.443075245487e-06, 0.0000e+00, 0.0000e+00, 
 2DIAGNOSTIC,    23, -4.260382167037e-01, 1.380296832387e-06, 0.0000e+00, 0.0000e+00, 
 2DIAGNOSTIC,    24, -4.260381973769e-01, 1.323002041434e-06, 0.0000e+00, 0.0000e+00, 
 2DIAGNOSTIC,    25, -4.260381965895e-01, 1.267987392854e-06, 0.0000e+00, 0.0000e+00, 
 2DIAGNOSTIC,    26, -4.260382036617e-01, 1.219799233690e-06, 0.0000e+00, 0.0000e+00, 
 2DIAGNOSTIC,    27, -4.260383064115e-01, 1.178003327766e-06, 0.0000e+00, 0.0000e+00, 
 2DIAGNOSTIC,    28, -4.260383039848e-01, 1.139056854907e-06, 0.0000e+00, 0.0000e+00, 
 2DIAGNOSTIC,    29, -4.260382749908e-01, 1.101132022424e-06, 0.0000e+00, 0.0000e+00, 
 2DIAGNOSTIC,    30, -4.260382686420e-01, 1.065541495482e-06, 0.0000e+00, 0.0000e+00, 
 2DIAGNOSTIC,    31, -4.260382693915e-01, 1.031973718459e-06, 0.0000e+00, 0.0000e+00, 
  Elapsed time (stage 0): 0.0000e+00


Total elapsed time: 0.0000e+00
Info [verificarlo]: loaded backend libinterflop_ieee.so
Info [interflop-ieee]: load backend with:
Info [interflop-ieee]: debug = false
Info [interflop-ieee]: debug-binary = false
Info [interflop-ieee]: no-backend-name = false
Info [interflop-ieee]: print-new-line = false
Info [interflop-ieee]: print-subnormal-normalized = false
Info [interflop-ieee]: count-op = false
All_Command_lines_OK
Using double precision for computations.
=============================================================================
The composite transform comprises the following transforms (in order): 
  1. /home/mdugre/scratch/mri-registration-rp/datasets/ds004513/derivatives/mri-registration-rp/0100/antsRegistration-r8-p21/sub-s033/rigid_Composite.h5[0] (type = Euler3DTransform)
  2. /home/mdugre/scratch/mri-registration-rp/datasets/ds004513/derivatives/mri-registration-rp/0100/antsRegistration-r8-p21/sub-s033/rigid_Composite.h5[1] (type = Euler3DTransform)
  3. /home/mdugre/scratch/mri-registration-rp/datasets/ds004513/derivatives/mri-registration-rp/0100/antsRegistration-r8-p21/sub-s033/rigid_Composite.h5[2] (type = Euler3DTransform)
=============================================================================
  number of levels = 4
  fixed image: /templateflow/tpl-MNI152NLin2009cAsym/tpl-MNI152NLin2009cAsym_res-01_desc-brain_T1w.nii.gz
  moving image: /home/mdugre/scratch/mri-registration-rp/datasets/ds004513/derivatives/mri-registration-rp/antsBrainExtraction/sub-s033/BrainExtractionBrain.nii.gz
Dimension = 3
Number of stages = 1
Use histogram matching = false
Winsorize image intensities = true
  Lower quantile = 0.005
  Upper quantile = 0.995


Stage 1 State
   Image metric = MattesMI
     Fixed image = Image (0x510e7e0)
  RTTI typeinfo:   itk::Image<double, 3u>
  Reference Count: 2
  Modified Time: 1592
  Debug: Off
  Object Name: 
  Observers: 
    none
  Source: (none)
  Source output name: (none)
  Release Data: Off
  Data Released: False
  Global Release Data: Off
  PipelineMTime: 0
  UpdateMTime: 1203
  RealTimeStamp: 0 seconds 
  LargestPossibleRegion: 
    Dimension: 3
    Index: [0, 0, 0]
    Size: [193, 229, 193]
  BufferedRegion: 
    Dimension: 3
    Index: [0, 0, 0]
    Size: [193, 229, 193]
  RequestedRegion: 
    Dimension: 3
    Index: [0, 0, 0]
    Size: [193, 229, 193]
  Spacing: [1, 1, 1]
  Origin: [96, 132, -78]
  Direction: 
-1 0 0
0 -1 0
0 0 1

  IndexToPointMatrix: 
-1 0 0
0 -1 0
0 0 1

  PointToIndexMatrix: 
-1 0 0
0 -1 0
0 0 1

  Inverse Direction: 
-1 0 0
0 -1 0
0 0 1

  PixelContainer: 
    ImportImageContainer (0x51d9880)
      RTTI typeinfo:   itk::ImportImageContainer<unsigned long, double>
      Reference Count: 1
      Modified Time: 1200
      Debug: Off
      Object Name: 
      Observers: 
        none
      Pointer: 0x14aa8e1b5010
      Container manages memory: true
      Size: 8530021
      Capacity: 8530021

     Moving image = Image (0x51ca050)
  RTTI typeinfo:   itk::Image<double, 3u>
  Reference Count: 2
  Modified Time: 1593
  Debug: Off
  Object Name: 
  Observers: 
    none
  Source: (none)
  Source output name: (none)
  Release Data: Off
  Data Released: False
  Global Release Data: Off
  PipelineMTime: 0
  UpdateMTime: 1590
  RealTimeStamp: 0 seconds 
  LargestPossibleRegion: 
    Dimension: 3
    Index: [0, 0, 0]
    Size: [160, 240, 256]
  BufferedRegion: 
    Dimension: 3
    Index: [0, 0, 0]
    Size: [160, 240, 256]
  RequestedRegion: 
    Dimension: 3
    Index: [0, 0, 0]
    Size: [160, 240, 256]
  Spacing: [1, 1, 1]
  Origin: [91.5134, 94.282, -109.927]
  Direction: 
-0.99591 -0.0698718 -0.0572835
0.0697565 -0.997556 0.00401236
-0.0574239 5.01125e-08 0.99835

  IndexToPointMatrix: 
-0.99591 -0.0698718 -0.0572835
0.0697565 -0.997556 0.00401236
-0.0574239 5.01125e-08 0.99835

  PointToIndexMatrix: 
-0.99591 0.0697565 -0.0574239
-0.0698718 -0.997556 5.01483e-08
-0.0572835 0.00401236 0.99835

  Inverse Direction: 
-0.99591 0.0697565 -0.0574239
-0.0698718 -0.997556 5.01483e-08
-0.0572835 0.00401236 0.99835

  PixelContainer: 
    ImportImageContainer (0x527d690)
      RTTI typeinfo:   itk::ImportImageContainer<unsigned long, double>
      Reference Count: 1
      Modified Time: 1587
      Debug: Off
      Object Name: 
      Observers: 
        none
      Pointer: 0x14aa896b4010
      Container manages memory: true
      Size: 9830400
      Capacity: 9830400

     Weighting = 1
     Sampling strategy = regular
     Number of bins = 32
     Radius = 4
     Sampling percentage  = 0.25
   Transform = Affine
     Gradient step = 0.1
     Update field sigma (voxel space) = 0
     Total field sigma (voxel space) = 0
     Update field time sigma = 0
     Total field time sigma  = 0
     Number of time indices = 0
     Number of time point samples = 0
Registration using 1 total stages.

Stage 0
  iterations = 1000x500x250x100
  convergence threshold = 1e-06
  convergence window size = 10
  number of levels = 4
  using the Mattes MI metric (number of bins = 32, weight = 1, use gradient filter = 0)
  preprocessing:  winsorizing the image intensities
  Shrink factors (level 1 out of 4): [8, 8, 8]
  Shrink factors (level 2 out of 4): [4, 4, 4]
  Shrink factors (level 3 out of 4): [2, 2, 2]
  Shrink factors (level 4 out of 4): [1, 1, 1]
  smoothing sigmas per level: [3, 2, 1, 0]
  regular sampling (percentage = 0.25)

*** Running AffineTransform registration ***

DIAGNOSTIC,Iteration,metricValue,convergenceValue,ITERATION_TIME_INDEX,SINCE_LAST
 2DIAGNOSTIC,     1, -6.384720229216e-01, 1.797693134862e+308, 7.6831e-01, 7.6831e-01, 
 2DIAGNOSTIC,     2, -6.411065965972e-01, 1.797693134862e+308, 7.7385e-01, 5.5449e-03, 
 2DIAGNOSTIC,     3, -6.452150682327e-01, 1.797693134862e+308, 7.7894e-01, 5.0900e-03, 
 2DIAGNOSTIC,     4, -6.523100060714e-01, 1.797693134862e+308, 7.8408e-01, 5.1410e-03, 
 2DIAGNOSTIC,     5, -6.638023673982e-01, 1.797693134862e+308, 7.8922e-01, 5.1379e-03, 
 2DIAGNOSTIC,     6, -6.833806672794e-01, 1.797693134862e+308, 7.9452e-01, 5.2960e-03, 
 2DIAGNOSTIC,     7, -7.234131836976e-01, 1.797693134862e+308, 8.0076e-01, 6.2470e-03, 
 2DIAGNOSTIC,     8, -8.418986741683e-01, 1.797693134862e+308, 8.1017e-01, 9.4080e-03, 
 2DIAGNOSTIC,     9, -8.452073360075e-01, 1.797693134862e+308, 8.1681e-01, 6.6421e-03, 
 2DIAGNOSTIC,    10, -8.463430864512e-01, 2.219451362612e-02, 8.2247e-01, 5.6520e-03, 
 2DIAGNOSTIC,    11, -8.493751641977e-01, 2.156202113049e-02, 8.2808e-01, 5.6119e-03, 
 2DIAGNOSTIC,    12, -8.540328987167e-01, 1.933281691355e-02, 8.3360e-01, 5.5249e-03, 
 2DIAGNOSTIC,    13, -8.613500624111e-01, 1.603312361852e-02, 8.3915e-01, 5.5492e-03, 
 2DIAGNOSTIC,    14, -8.692924321810e-01, 1.222105424200e-02, 8.4468e-01, 5.5270e-03, 
 2DIAGNOSTIC,    15, -8.854138685034e-01, 8.595923467432e-03, 8.5011e-01, 5.4350e-03, 
 2DIAGNOSTIC,    16, -8.975314325644e-01, 5.430914481581e-03, 8.5691e-01, 6.7952e-03, 
 2DIAGNOSTIC,    17, -9.024631675834e-01, 3.083678480000e-03, 8.6300e-01, 6.0880e-03, 
 2DIAGNOSTIC,    18, -9.029515924771e-01, 3.134381248230e-03, 8.6901e-01, 6.0120e-03, 
 2DIAGNOSTIC,    19, -9.049447993945e-01, 2.992189228122e-03, 8.7532e-01, 6.3109e-03, 
 2DIAGNOSTIC,    20, -9.060378205202e-01, 2.625403803783e-03, 8.8153e-01, 6.2070e-03, 
 2DIAGNOSTIC,    21, -9.066756399584e-01, 2.113236731304e-03, 8.8729e-01, 5.7631e-03, 
 2DIAGNOSTIC,    22, -9.065183907386e-01, 1.529616614115e-03, 8.9275e-01, 5.4572e-03, 
 2DIAGNOSTIC,    23, -9.060736604533e-01, 9.669567850411e-04, 8.9827e-01, 5.5230e-03, 
 2DIAGNOSTIC,    24, -9.058090073307e-01, 4.735703346976e-04, 9.0514e-01, 6.8729e-03, 
 2DIAGNOSTIC,    25, -9.058118976234e-01, 1.983265959011e-04, 9.1034e-01, 5.1949e-03, 
 2DIAGNOSTIC,    26, -9.058174930643e-01, 8.680694766136e-05, 9.1665e-01, 6.3081e-03, 
 2DIAGNOSTIC,    27, -9.058189138761e-01, 3.933712156258e-05, 9.2174e-01, 5.0888e-03, 
DIAGNOSTIC,Iteration,metricValue,convergenceValue,ITERATION_TIME_INDEX,SINCE_LAST
 2DIAGNOSTIC,     1, -7.439354041378e-01, 1.797693134862e+308, 1.7157e+00, 7.9399e-01, 
 2DIAGNOSTIC,     2, -7.446227747006e-01, 1.797693134862e+308, 1.7548e+00, 3.9075e-02, 
 2DIAGNOSTIC,     3, -7.454408770538e-01, 1.797693134862e+308, 1.7911e+00, 3.6253e-02, 
 2DIAGNOSTIC,     4, -7.463609172340e-01, 1.797693134862e+308, 1.8267e+00, 3.5670e-02, 
 2DIAGNOSTIC,     5, -7.475941225252e-01, 1.797693134862e+308, 1.8703e+00, 4.3589e-02, 
 2DIAGNOSTIC,     6, -7.483914877675e-01, 1.797693134862e+308, 1.9100e+00, 3.9718e-02, 
 2DIAGNOSTIC,     7, -7.484648898444e-01, 1.797693134862e+308, 1.9484e+00, 3.8413e-02, 
 2DIAGNOSTIC,     8, -7.484939299376e-01, 1.797693134862e+308, 1.9852e+00, 3.6782e-02, 
 2DIAGNOSTIC,     9, -7.485852215944e-01, 1.797693134862e+308, 2.0177e+00, 3.2442e-02, 
 2DIAGNOSTIC,    10, -7.486466448470e-01, 4.380427334358e-04, 2.0528e+00, 3.5108e-02, 
 2DIAGNOSTIC,    11, -7.486733976869e-01, 3.087484431681e-04, 2.1076e+00, 5.4864e-02, 
 2DIAGNOSTIC,    12, -7.486809143056e-01, 1.957991042319e-04, 2.1468e+00, 3.9114e-02, 
 2DIAGNOSTIC,    13, -7.486697900008e-01, 1.064668334857e-04, 2.1808e+00, 3.4072e-02, 
 2DIAGNOSTIC,    14, -7.486581086286e-01, 4.444340873228e-05, 2.2187e+00, 3.7854e-02, 
 2DIAGNOSTIC,    15, -7.486602738457e-01, 1.758768062181e-05, 2.2580e+00, 3.9348e-02, 
 2DIAGNOSTIC,    16, -7.486495973958e-01, 1.133361888284e-05, 2.2930e+00, 3.4975e-02, 
 2DIAGNOSTIC,    17, -7.486493239026e-01, 6.618687089795e-06, 2.3342e+00, 4.1193e-02, 
 2DIAGNOSTIC,    18, -7.486519407792e-01, 2.630425070115e-06, 2.3773e+00, 4.3086e-02, 
DIAGNOSTIC,Iteration,metricValue,convergenceValue,ITERATION_TIME_INDEX,SINCE_LAST
 2DIAGNOSTIC,     1, -6.324410144849e-01, 1.797693134862e+308, 3.4431e+00, 1.0658e+00, 
 2DIAGNOSTIC,     2, -6.330611057409e-01, 1.797693134862e+308, 3.6833e+00, 2.4023e-01, 
 2DIAGNOSTIC,     3, -6.337274836273e-01, 1.797693134862e+308, 3.9281e+00, 2.4481e-01, 
 2DIAGNOSTIC,     4, -6.345701953184e-01, 1.797693134862e+308, 4.1891e+00, 2.6097e-01, 
 2DIAGNOSTIC,     5, -6.369754299095e-01, 1.797693134862e+308, 4.7939e+00, 6.0487e-01, 
 2DIAGNOSTIC,     6, -6.369728412436e-01, 1.797693134862e+308, 5.1350e+00, 3.4111e-01, 
 2DIAGNOSTIC,     7, -6.369730768052e-01, 1.797693134862e+308, 5.4469e+00, 3.1182e-01, 
 2DIAGNOSTIC,     8, -6.369725726780e-01, 1.797693134862e+308, 5.7199e+00, 2.7310e-01, 
 2DIAGNOSTIC,     9, -6.369710651593e-01, 1.797693134862e+308, 6.0655e+00, 3.4555e-01, 
 2DIAGNOSTIC,    10, -6.369694635239e-01, 5.104572590830e-04, 6.3734e+00, 3.0786e-01, 
 2DIAGNOSTIC,    11, -6.369688419446e-01, 3.453055445841e-04, 6.6904e+00, 3.1705e-01, 
 2DIAGNOSTIC,    12, -6.369681229989e-01, 2.012330009944e-04, 6.9661e+00, 2.7574e-01, 
 2DIAGNOSTIC,    13, -6.369664761268e-01, 8.445469073662e-05, 7.2539e+00, 2.8772e-01, 
 2DIAGNOSTIC,    14, -6.369670684491e-01, 1.656252773222e-06, 7.5659e+00, 3.1205e-01, 
 2DIAGNOSTIC,    15, -6.369685275292e-01, 1.667415382947e-06, 7.8487e+00, 2.8280e-01, 
 2DIAGNOSTIC,    16, -6.369667182261e-01, 1.593989382959e-06, 8.1633e+00, 3.1461e-01, 
 2DIAGNOSTIC,    17, -6.369592074691e-01, 1.376392786780e-06, 8.4949e+00, 3.3156e-01, 
 2DIAGNOSTIC,    18, -6.369579009113e-01, 1.190416879418e-06, 8.8145e+00, 3.1963e-01, 
 2DIAGNOSTIC,    19, -6.369563961517e-01, 1.005333751990e-06, 9.2068e+00, 3.9226e-01, 
DIAGNOSTIC,Iteration,metricValue,convergenceValue,ITERATION_TIME_INDEX,SINCE_LAST
 2DIAGNOSTIC,     1, -5.629868693659e-01, 1.797693134862e+308, 1.2303e+01, 3.0967e+00, 
 2DIAGNOSTIC,     2, -5.631389415569e-01, 1.797693134862e+308, 1.4294e+01, 1.9904e+00, 
 2DIAGNOSTIC,     3, -5.632668616993e-01, 1.797693134862e+308, 1.6256e+01, 1.9626e+00, 
 2DIAGNOSTIC,     4, -5.635045996222e-01, 1.797693134862e+308, 1.8413e+01, 2.1562e+00, 
 2DIAGNOSTIC,     5, -5.637943533054e-01, 1.797693134862e+308, 2.2542e+01, 4.1292e+00, 
 2DIAGNOSTIC,     6, -5.637948724771e-01, 1.797693134862e+308, 2.4530e+01, 1.9884e+00, 
 2DIAGNOSTIC,     7, -5.637961992491e-01, 1.797693134862e+308, 2.6500e+01, 1.9695e+00, 
 2DIAGNOSTIC,     8, -5.637979961700e-01, 1.797693134862e+308, 2.8459e+01, 1.9588e+00, 
 2DIAGNOSTIC,     9, -5.638017707795e-01, 1.797693134862e+308, 3.0420e+01, 1.9616e+00, 
 2DIAGNOSTIC,    10, -5.638063773637e-01, 9.938725348736e-05, 3.2384e+01, 1.9640e+00, 
 2DIAGNOSTIC,    11, -5.638146494837e-01, 6.513084420000e-05, 3.4364e+01, 1.9803e+00, 
 2DIAGNOSTIC,    12, -5.638267261856e-01, 3.806199609263e-05, 3.6331e+01, 1.9662e+00, 
 2DIAGNOSTIC,    13, -5.638394671471e-01, 1.728076823629e-05, 3.8305e+01, 1.9740e+00, 
 2DIAGNOSTIC,    14, -5.638488121448e-01, 6.716766241366e-06, 4.0442e+01, 2.1375e+00, 
 2DIAGNOSTIC,    15, -5.638537458526e-01, 7.061676034925e-06, 4.3810e+01, 3.3676e+00, 
 2DIAGNOSTIC,    16, -5.638535652552e-01, 6.921795176140e-06, 4.6051e+01, 2.2409e+00, 
 2DIAGNOSTIC,    17, -5.638533329080e-01, 6.376797952803e-06, 4.8257e+01, 2.2065e+00, 
 2DIAGNOSTIC,    18, -5.638531201721e-01, 5.516976929541e-06, 5.0407e+01, 2.1504e+00, 
 2DIAGNOSTIC,    19, -5.638533461739e-01, 4.504852638018e-06, 5.2837e+01, 2.4298e+00, 
 2DIAGNOSTIC,    20, -5.638531752277e-01, 3.442435328543e-06, 5.5009e+01, 2.1718e+00, 
 2DIAGNOSTIC,    21, -5.638530558969e-01, 2.503259944595e-06, 5.7139e+01, 2.1304e+00, 
 2DIAGNOSTIC,    22, -5.638531154658e-01, 1.831640605271e-06, 5.9525e+01, 2.3860e+00, 
 2DIAGNOSTIC,    23, -5.638531849436e-01, 1.458498908369e-06, 6.1878e+01, 2.3526e+00, 
 2DIAGNOSTIC,    24, -5.638531209658e-01, 1.301163019177e-06, 6.4099e+01, 2.2211e+00, 
 2DIAGNOSTIC,    25, -5.638532388210e-01, 1.260692819326e-06, 6.6320e+01, 2.2207e+00, 
 2DIAGNOSTIC,    26, -5.638531786635e-01, 1.219933435812e-06, 6.8293e+01, 1.9731e+00, 
 2DIAGNOSTIC,    27, -5.638531783075e-01, 1.178340454100e-06, 7.0352e+01, 2.0595e+00, 
 2DIAGNOSTIC,    28, -5.638531259364e-01, 1.134760724351e-06, 7.2408e+01, 2.0551e+00, 
 2DIAGNOSTIC,    29, -5.638531951816e-01, 1.099555515395e-06, 7.4565e+01, 2.1579e+00, 
 2DIAGNOSTIC,    30, -5.638529527024e-01, 1.059536467833e-06, 7.6588e+01, 2.0223e+00, 
 2DIAGNOSTIC,    31, -5.638528923554e-01, 1.019360932830e-06, 7.8784e+01, 2.1966e+00, 
  Elapsed time (stage 0): 8.0085e+01


Total elapsed time: 8.0087e+01
Info [verificarlo]: loaded backend libinterflop_ieee.so
Info [interflop-ieee]: load backend with:
Info [interflop-ieee]: debug = false
Info [interflop-ieee]: debug-binary = false
Info [interflop-ieee]: no-backend-name = false
Info [interflop-ieee]: print-new-line = false
Info [interflop-ieee]: print-subnormal-normalized = false
Info [interflop-ieee]: count-op = false
All_Command_lines_OK
Using double precision for computations.
=============================================================================
The composite transform comprises the following transforms (in order): 
  1. /home/mdugre/scratch/mri-registration-rp/datasets/ds004513/derivatives/mri-registration-rp/0100/antsRegistration-r8-p21/sub-s033/affine_Composite.h5[0] (type = Euler3DTransform)
  2. /home/mdugre/scratch/mri-registration-rp/datasets/ds004513/derivatives/mri-registration-rp/0100/antsRegistration-r8-p21/sub-s033/affine_Composite.h5[1] (type = Euler3DTransform)
  3. /home/mdugre/scratch/mri-registration-rp/datasets/ds004513/derivatives/mri-registration-rp/0100/antsRegistration-r8-p21/sub-s033/affine_Composite.h5[2] (type = Euler3DTransform)
  4. /home/mdugre/scratch/mri-registration-rp/datasets/ds004513/derivatives/mri-registration-rp/0100/antsRegistration-r8-p21/sub-s033/affine_Composite.h5[3] (type = AffineTransform)
=============================================================================
  number of levels = 4
  fixed image: /templateflow/tpl-MNI152NLin2009cAsym/tpl-MNI152NLin2009cAsym_res-01_desc-brain_T1w.nii.gz
  moving image: /home/mdugre/scratch/mri-registration-rp/datasets/ds004513/derivatives/mri-registration-rp/antsBrainExtraction/sub-s033/BrainExtractionBrain.nii.gz
Dimension = 3
Number of stages = 1
Use histogram matching = false
Winsorize image intensities = true
  Lower quantile = 0.005
  Upper quantile = 0.995


Stage 1 State
   Image metric = CC
     Fixed image = Image (0x4a1ba40)
  RTTI typeinfo:   itk::Image<double, 3u>
  Reference Count: 2
  Modified Time: 1606
  Debug: Off
  Object Name: 
  Observers: 
    none
  Source: (none)
  Source output name: (none)
  Release Data: Off
  Data Released: False
  Global Release Data: Off
  PipelineMTime: 0
  UpdateMTime: 1217
  RealTimeStamp: 0 seconds 
  LargestPossibleRegion: 
    Dimension: 3
    Index: [0, 0, 0]
    Size: [193, 229, 193]
  BufferedRegion: 
    Dimension: 3
    Index: [0, 0, 0]
    Size: [193, 229, 193]
  RequestedRegion: 
    Dimension: 3
    Index: [0, 0, 0]
    Size: [193, 229, 193]
  Spacing: [1, 1, 1]
  Origin: [96, 132, -78]
  Direction: 
-1 0 0
0 -1 0
0 0 1

  IndexToPointMatrix: 
-1 0 0
0 -1 0
0 0 1

  PointToIndexMatrix: 
-1 0 0
0 -1 0
0 0 1

  Inverse Direction: 
-1 0 0
0 -1 0
0 0 1

  PixelContainer: 
    ImportImageContainer (0x4aea780)
      RTTI typeinfo:   itk::ImportImageContainer<unsigned long, double>
      Reference Count: 1
      Modified Time: 1214
      Debug: Off
      Object Name: 
      Observers: 
        none
      Pointer: 0x149840f41010
      Container manages memory: true
      Size: 8530021
      Capacity: 8530021

     Moving image = Image (0x4aec3b0)
  RTTI typeinfo:   itk::Image<double, 3u>
  Reference Count: 2
  Modified Time: 1607
  Debug: Off
  Object Name: 
  Observers: 
    none
  Source: (none)
