
##########################
# Experiment information #
##########################

EXPERIMENT_NAME: antsRegistration-r8-p8
VFC_BACKENDS: libinterflop_vprec.so --range-binary32=8 --precision-binary32=8 --range-binary64=8 --precision-binary64=8

SIF_IMG: /home/mdugre/projects/rrg-glatard/mdugre/containers/ants-vprec-no_metrics.simg

SUBJECT_ID: s003
INPUT_IMG: /home/mdugre/scratch/mri-registration-rp/datasets/ds004513/derivatives/mri-registration-rp/antsBrainExtraction/sub-s003/BrainExtractionBrain.nii.gz
OUTPUT_DIR: /home/mdugre/scratch/mri-registration-rp/datasets/ds004513/derivatives/mri-registration-rp/0100/antsRegistration-r8-p8/sub-s003

FIXED_IMG: /templateflow/tpl-MNI152NLin2009cAsym/tpl-MNI152NLin2009cAsym_res-01_desc-brain_T1w.nii.gz
DATA_DIR: /home/mdugre/scratch/mri-registration-rp/datasets/ds004513
TEMPLATEFLOW_DIR: /home/mdugre/projects/rrg-glatard/mdugre/templateflow
ITK_GLOBAL_DEFAULT_NUMBER_OF_THREADS: 16
##########################

Info [verificarlo]: loaded backend libinterflop_ieee.so
Info [interflop-ieee]: load backend with:
Info [interflop-ieee]: debug = false
Info [interflop-ieee]: debug-binary = false
Info [interflop-ieee]: no-backend-name = false
Info [interflop-ieee]: print-new-line = false
Info [interflop-ieee]: print-subnormal-normalized = false
Info [interflop-ieee]: count-op = false
All_Command_lines_OK
Using double precision for computations.
=============================================================================
The composite transform comprises the following transforms (in order): 
  1. Center of mass alignment using fixed image: /templateflow/tpl-MNI152NLin2009cAsym/tpl-MNI152NLin2009cAsym_res-01_desc-brain_T1w.nii.gz and moving image: /home/mdugre/scratch/mri-registration-rp/datasets/ds004513/derivatives/mri-registration-rp/antsBrainExtraction/sub-s003/BrainExtractionBrain.nii.gz (type = Euler3DTransform)
=============================================================================
  number of levels = 1
  fixed image: /templateflow/tpl-MNI152NLin2009cAsym/tpl-MNI152NLin2009cAsym_res-01_desc-brain_T1w.nii.gz
  moving image: /home/mdugre/scratch/mri-registration-rp/datasets/ds004513/derivatives/mri-registration-rp/antsBrainExtraction/sub-s003/BrainExtractionBrain.nii.gz
Dimension = 3
Number of stages = 1
Use histogram matching = false
Winsorize image intensities = true
  Lower quantile = 0.005
  Upper quantile = 0.995


Stage 1 State
   Image metric = MattesMI
     Fixed image = Image (0x516bbd0)
  RTTI typeinfo:   itk::Image<double, 3u>
  Reference Count: 2
  Modified Time: 2334
  Debug: Off
  Object Name: 
  Observers: 
    none
  Source: (none)
  Source output name: (none)
  Release Data: Off
  Data Released: False
  Global Release Data: Off
  PipelineMTime: 0
  UpdateMTime: 1943
  RealTimeStamp: 0 seconds 
  LargestPossibleRegion: 
    Dimension: 3
    Index: [0, 0, 0]
    Size: [193, 229, 193]
  BufferedRegion: 
    Dimension: 3
    Index: [0, 0, 0]
    Size: [193, 229, 193]
  RequestedRegion: 
    Dimension: 3
    Index: [0, 0, 0]
    Size: [193, 229, 193]
  Spacing: [1, 1, 1]
  Origin: [96, 132, -78]
  Direction: 
-1 0 0
0 -1 0
0 0 1

  IndexToPointMatrix: 
-1 0 0
0 -1 0
0 0 1

  PointToIndexMatrix: 
-1 0 0
0 -1 0
0 0 1

  Inverse Direction: 
-1 0 0
0 -1 0
0 0 1

  PixelContainer: 
    ImportImageContainer (0x51c3930)
      RTTI typeinfo:   itk::ImportImageContainer<unsigned long, double>
      Reference Count: 1
      Modified Time: 1940
      Debug: Off
      Object Name: 
      Observers: 
        none
      Pointer: 0x151fc48ec010
      Container manages memory: true
      Size: 8530021
      Capacity: 8530021

     Moving image = Image (0x525b610)
  RTTI typeinfo:   itk::Image<double, 3u>
  Reference Count: 2
  Modified Time: 2335
  Debug: Off
  Object Name: 
  Observers: 
    none
  Source: (none)
  Source output name: (none)
  Release Data: Off
  Data Released: False
  Global Release Data: Off
  PipelineMTime: 0
  UpdateMTime: 2332
  RealTimeStamp: 0 seconds 
  LargestPossibleRegion: 
    Dimension: 3
    Index: [0, 0, 0]
    Size: [176, 240, 256]
  BufferedRegion: 
    Dimension: 3
    Index: [0, 0, 0]
    Size: [176, 240, 256]
  RequestedRegion: 
    Dimension: 3
    Index: [0, 0, 0]
    Size: [176, 240, 256]
  Spacing: [0.999999, 1, 1]
  Origin: [93.3499, 86.9368, -128.957]
  Direction: 
-0.999513 -0.0279216 -0.0139567
0.0279189 -0.99961 0.000389866
-0.0139622 2.01492e-08 0.999903

  IndexToPointMatrix: 
-0.999512 -0.0279216 -0.0139567
0.0279189 -0.99961 0.000389866
-0.0139621 2.01492e-08 0.999903

  PointToIndexMatrix: 
-0.999514 0.0279189 -0.0139622
-0.0279216 -0.99961 2.01716e-08
-0.0139567 0.000389866 0.999903

  Inverse Direction: 
-0.999513 0.0279189 -0.0139622
-0.0279216 -0.99961 2.01716e-08
-0.0139567 0.000389866 0.999903

  PixelContainer: 
    ImportImageContainer (0x519b850)
      RTTI typeinfo:   itk::ImportImageContainer<unsigned long, double>
      Reference Count: 1
      Modified Time: 2329
      Debug: Off
      Object Name: 
      Observers: 
        none
      Pointer: 0x151fbf66b010
      Container manages memory: true
      Size: 10813440
      Capacity: 10813440

     Weighting = 1
     Sampling strategy = regular
     Number of bins = 32
     Radius = 4
     Sampling percentage  = 0.25
   Transform = Rigid
     Gradient step = 0.1
     Update field sigma (voxel space) = 0
     Total field sigma (voxel space) = 0
     Update field time sigma = 0
     Total field time sigma  = 0
     Number of time indices = 0
     Number of time point samples = 0
Registration using 1 total stages.

Stage 0
  iterations = 0
  convergence threshold = 1e-06
  convergence window size = 10
  number of levels = 1
  using the Mattes MI metric (number of bins = 32, weight = 1, use gradient filter = 0)
  preprocessing:  winsorizing the image intensities
  Shrink factors (level 1 out of 1): [1, 1, 1]
  smoothing sigmas per level: [0]
  regular sampling (percentage = 0.25)

*** Running Euler3DTransform registration ***

  Elapsed time (stage 0): 1.12741


Total elapsed time: 1.1296
Info [verificarlo]: loaded backend libinterflop_vprec.so
Info [interflop-vprec]: load backend with: 
Info [interflop-vprec]: precision-binary32 = 8
Info [interflop-vprec]: range-binary32 = 8
Info [interflop-vprec]: precision-binary64 = 8
Info [interflop-vprec]: range-binary64 = 8
Info [interflop-vprec]: mode = ob
Info [interflop-vprec]: error-mode = rel
Info [interflop-vprec]: max-abs-error-exponent = -1022
Info [interflop-vprec]: daz = false
Info [interflop-vprec]: ftz = false
Info [interflop-vprec]: 	instrument = none
Info [interflop-vprec]: 	prec-input-file = (null)
Info [interflop-vprec]: 	prec-output-file = (null)
Info [interflop-vprec]: 	prec-log-file = (null)
All_Command_lines_OK
Using double precision for computations.
=============================================================================
The composite transform comprises the following transforms (in order): 
  1. /home/mdugre/scratch/mri-registration-rp/datasets/ds004513/derivatives/mri-registration-rp/0100/antsRegistration-r8-p8/sub-s003/align_Composite.h5[0] (type = Euler3DTransform)
  2. /home/mdugre/scratch/mri-registration-rp/datasets/ds004513/derivatives/mri-registration-rp/0100/antsRegistration-r8-p8/sub-s003/align_Composite.h5[1] (type = Euler3DTransform)
=============================================================================
  number of levels = 4
  fixed image: /templateflow/tpl-MNI152NLin2009cAsym/tpl-MNI152NLin2009cAsym_res-01_desc-brain_T1w.nii.gz
  moving image: /home/mdugre/scratch/mri-registration-rp/datasets/ds004513/derivatives/mri-registration-rp/antsBrainExtraction/sub-s003/BrainExtractionBrain.nii.gz
Dimension = 3
Number of stages = 1
Use histogram matching = false
Winsorize image intensities = true
  Lower quantile = 0.005
  Upper quantile = 0.995


Stage 1 State
   Image metric = MattesMI
     Fixed image = Image (0x42221e0)
  RTTI typeinfo:   itk::Image<double, 3u>
  Reference Count: 2
  Modified Time: 1578
  Debug: Off
  Object Name: 
  Observers: 
    none
  Source: (none)
  Source output name: (none)
  Release Data: Off
  Data Released: False
  Global Release Data: Off
  PipelineMTime: 0
  UpdateMTime: 1189
  RealTimeStamp: 0 seconds 
  LargestPossibleRegion: 
    Dimension: 3
    Index: [0, 0, 0]
    Size: [193, 229, 193]
  BufferedRegion: 
    Dimension: 3
    Index: [0, 0, 0]
    Size: [193, 229, 193]
  RequestedRegion: 
    Dimension: 3
    Index: [0, 0, 0]
    Size: [193, 229, 193]
  Spacing: [1, 1, 1]
  Origin: [96, 132, -78]
  Direction: 
-1 0 0
0 -1 0
0 0 1

  IndexToPointMatrix: 
-1 0 0
0 -1 0
0 0 1

  PointToIndexMatrix: 
-1 0 0
0 -1 0
0 0 1

  Inverse Direction: 
-1 0 0
0 -1 0
0 0 1

  PixelContainer: 
    ImportImageContainer (0x42e1680)
      RTTI typeinfo:   itk::ImportImageContainer<unsigned long, double>
      Reference Count: 1
      Modified Time: 1186
      Debug: Off
      Object Name: 
      Observers: 
        none
      Pointer: 0x1550141d4010
      Container manages memory: true
      Size: 8530021
      Capacity: 8530021

     Moving image = Image (0x42ddb20)
  RTTI typeinfo:   itk::Image<double, 3u>
  Reference Count: 2
  Modified Time: 1579
  Debug: Off
  Object Name: 
  Observers: 
    none
  Source: (none)
  Source output name: (none)
  Release Data: Off
  Data Released: False
  Global Release Data: Off
  PipelineMTime: 0
  UpdateMTime: 1576
  RealTimeStamp: 0 seconds 
  LargestPossibleRegion: 
    Dimension: 3
    Index: [0, 0, 0]
    Size: [176, 240, 256]
  BufferedRegion: 
    Dimension: 3
    Index: [0, 0, 0]
    Size: [176, 240, 256]
  RequestedRegion: 
    Dimension: 3
    Index: [0, 0, 0]
    Size: [176, 240, 256]
  Spacing: [1, 1, 1]
  Origin: [93.25, 87, -129]
  Direction: 
-1 -0.0278931 -0.0139465
0.0278931 -1 0.000390053
-0.0139465 0 1

  IndexToPointMatrix: 
-1 -0.0278931 -0.0139465
0.0278931 -1 0.000390053
-0.0139465 0 1

  PointToIndexMatrix: 
-1 0.0278931 -0.0139465
-0.0278931 -1 0
-0.0139465 0.000389099 1

  Inverse Direction: 
-1 0.0278931 -0.0139465
-0.0278931 -1 0
-0.0139465 0.000389099 1

  PixelContainer: 
    ImportImageContainer (0x4346d50)
      RTTI typeinfo:   itk::ImportImageContainer<unsigned long, double>
      Reference Count: 1
      Modified Time: 1573
      Debug: Off
      Object Name: 
      Observers: 
        none
      Pointer: 0x15500ef53010
      Container manages memory: true
      Size: 10813440
      Capacity: 10813440

     Weighting = 1
     Sampling strategy = regular
     Number of bins = 32
     Radius = 4
     Sampling percentage  = 0.25
   Transform = Rigid
     Gradient step = 0.1
     Update field sigma (voxel space) = 0
     Total field sigma (voxel space) = 0
     Update field time sigma = 0
     Total field time sigma  = 0
     Number of time indices = 0
     Number of time point samples = 0
Registration using 1 total stages.

Stage 0
  iterations = 1000x500x250x100
  convergence threshold = 1e-06
  convergence window size = 10
  number of levels = 4
  using the Mattes MI metric (number of bins = 32, weight = 1, use gradient filter = 0)
  preprocessing:  winsorizing the image intensities
  Shrink factors (level 1 out of 4): [8, 8, 8]
  Shrink factors (level 2 out of 4): [4, 4, 4]
  Shrink factors (level 3 out of 4): [2, 2, 2]
  Shrink factors (level 4 out of 4): [1, 1, 1]
  smoothing sigmas per level: [3, 2, 1, 0]
  regular sampling (percentage = 0.25)

*** Running Euler3DTransform registration ***

DIAGNOSTIC,Iteration,metricValue,convergenceValue,ITERATION_TIME_INDEX,SINCE_LAST
 2DIAGNOSTIC,     1, -5.240987754654e-01, 1.797693134862e+308, 0.0000e+00, 0.0000e+00, 
 2DIAGNOSTIC,     2, -5.241844942629e-01, 1.797693134862e+308, 0.0000e+00, 0.0000e+00, 
 2DIAGNOSTIC,     3, -5.241943709957e-01, 1.797693134862e+308, 0.0000e+00, 0.0000e+00, 
 2DIAGNOSTIC,     4, -5.240746584449e-01, 1.797693134862e+308, 0.0000e+00, 0.0000e+00, 
 2DIAGNOSTIC,     5, -5.243589091196e-01, 1.797693134862e+308, 0.0000e+00, 0.0000e+00, 
 2DIAGNOSTIC,     6, -5.263021136747e-01, 1.797693134862e+308, 0.0000e+00, 0.0000e+00, 
 2DIAGNOSTIC,     7, -5.273513275589e-01, 1.797693134862e+308, 0.0000e+00, 0.0000e+00, 
 2DIAGNOSTIC,     8, -5.276044381653e-01, 1.797693134862e+308, 0.0000e+00, 0.0000e+00, 
 2DIAGNOSTIC,     9, -5.273526926904e-01, 1.797693134862e+308, 0.0000e+00, 0.0000e+00, 
 2DIAGNOSTIC,    10, -5.273155816468e-01, 5.532502069971e-04, 0.0000e+00, 0.0000e+00, 
 2DIAGNOSTIC,    11, -5.272617573550e-01, 4.814453427334e-04, 0.0000e+00, 0.0000e+00, 
 2DIAGNOSTIC,    12, -5.271695910919e-01, 3.770423388068e-04, 0.0000e+00, 0.0000e+00, 
 2DIAGNOSTIC,    13, -5.271552211154e-01, 2.558611745550e-04, 0.0000e+00, 0.0000e+00, 
 2DIAGNOSTIC,    14, -5.271552211154e-01, 1.254403558244e-04, 0.0000e+00, 0.0000e+00, 
 2DIAGNOSTIC,    15, -5.271552211154e-01, 9.816399716298e-06, 0.0000e+00, 0.0000e+00, 
DIAGNOSTIC,Iteration,metricValue,convergenceValue,ITERATION_TIME_INDEX,SINCE_LAST
 2DIAGNOSTIC,     1, -4.034967602612e-01, 1.797693134862e+308, 0.0000e+00, 0.0000e+00, 
 2DIAGNOSTIC,     2, -4.036892288858e-01, 1.797693134862e+308, 0.0000e+00, 0.0000e+00, 
 2DIAGNOSTIC,     3, -4.040000506460e-01, 1.797693134862e+308, 0.0000e+00, 0.0000e+00, 
 2DIAGNOSTIC,     4, -4.050462583988e-01, 1.797693134862e+308, 0.0000e+00, 0.0000e+00, 
 2DIAGNOSTIC,     5, -4.054133387298e-01, 1.797693134862e+308, 0.0000e+00, 0.0000e+00, 
 2DIAGNOSTIC,     6, -4.075262832059e-01, 1.797693134862e+308, 0.0000e+00, 0.0000e+00, 
 2DIAGNOSTIC,     7, -4.104427546464e-01, 1.797693134862e+308, 0.0000e+00, 0.0000e+00, 
 2DIAGNOSTIC,     8, -4.134618644419e-01, 1.797693134862e+308, 0.0000e+00, 0.0000e+00, 
 2DIAGNOSTIC,     9, -4.225468807325e-01, 1.797693134862e+308, 0.0000e+00, 0.0000e+00, 
 2DIAGNOSTIC,    10, -4.431758616155e-01, 4.534307577128e-03, 0.0000e+00, 0.0000e+00, 
 2DIAGNOSTIC,    11, -4.785799528765e-01, 7.772797666442e-03, 0.0000e+00, 0.0000e+00, 
 2DIAGNOSTIC,    12, -5.289206891407e-01, 1.238261728775e-02, 0.0000e+00, 0.0000e+00, 
 2DIAGNOSTIC,    13, -5.310829607300e-01, 1.511099553419e-02, 0.0000e+00, 0.0000e+00, 
 2DIAGNOSTIC,    14, -5.309850643655e-01, 1.610629615719e-02, 0.0000e+00, 0.0000e+00, 
 2DIAGNOSTIC,    15, -5.307613608464e-01, 1.551520752039e-02, 0.0000e+00, 0.0000e+00, 
 2DIAGNOSTIC,    16, -5.302627908227e-01, 1.364068630771e-02, 0.0000e+00, 0.0000e+00, 
 2DIAGNOSTIC,    17, -5.303009381038e-01, 1.086618499905e-02, 0.0000e+00, 0.0000e+00, 
 2DIAGNOSTIC,    18, -5.299835269256e-01, 7.553307648272e-03, 0.0000e+00, 0.0000e+00, 
 2DIAGNOSTIC,    19, -5.304713871492e-01, 4.271369228870e-03, 0.0000e+00, 0.0000e+00, 
 2DIAGNOSTIC,    20, -5.304709510411e-01, 1.580818127246e-03, 0.0000e+00, 0.0000e+00, 
DIAGNOSTIC,Iteration,metricValue,convergenceValue,ITERATION_TIME_INDEX,SINCE_LAST
 2DIAGNOSTIC,     1, -4.731465856914e-01, 1.797693134862e+308, 0.0000e+00, 0.0000e+00, 
 2DIAGNOSTIC,     2, -4.731760484199e-01, 1.797693134862e+308, 0.0000e+00, 0.0000e+00, 
 2DIAGNOSTIC,     3, -4.731566747756e-01, 1.797693134862e+308, 0.0000e+00, 0.0000e+00, 
 2DIAGNOSTIC,     4, -4.731477415764e-01, 1.797693134862e+308, 0.0000e+00, 0.0000e+00, 
 2DIAGNOSTIC,     5, -4.731477415764e-01, 1.797693134862e+308, 0.0000e+00, 0.0000e+00, 
 2DIAGNOSTIC,     6, -4.731477415764e-01, 1.797693134862e+308, 0.0000e+00, 0.0000e+00, 
 2DIAGNOSTIC,     7, -4.731477415764e-01, 1.797693134862e+308, 0.0000e+00, 0.0000e+00, 
 2DIAGNOSTIC,     8, -4.731477415764e-01, 1.797693134862e+308, 0.0000e+00, 0.0000e+00, 
 2DIAGNOSTIC,     9, -4.731477415764e-01, 1.797693134862e+308, 0.0000e+00, 0.0000e+00, 
DIAGNOSTIC,Iteration,metricValue,convergenceValue,ITERATION_TIME_INDEX,SINCE_LAST
 2DIAGNOSTIC,     1, -4.385580943441e-01, 1.797693134862e+308, 0.0000e+00, 0.0000e+00, 
 2DIAGNOSTIC,     2, -4.385919389602e-01, 1.797693134862e+308, 0.0000e+00, 0.0000e+00, 
 2DIAGNOSTIC,     3, -4.387964499930e-01, 1.797693134862e+308, 0.0000e+00, 0.0000e+00, 
 2DIAGNOSTIC,     4, -4.387780178991e-01, 1.797693134862e+308, 0.0000e+00, 0.0000e+00, 
 2DIAGNOSTIC,     5, -4.388203768492e-01, 1.797693134862e+308, 0.0000e+00, 0.0000e+00, 
 2DIAGNOSTIC,     6, -4.388340373474e-01, 1.797693134862e+308, 0.0000e+00, 0.0000e+00, 
 2DIAGNOSTIC,     7, -4.388297959845e-01, 1.797693134862e+308, 0.0000e+00, 0.0000e+00, 
 2DIAGNOSTIC,     8, -4.387588353662e-01, 1.797693134862e+308, 0.0000e+00, 0.0000e+00, 
 2DIAGNOSTIC,     9, -4.387623940015e-01, 1.797693134862e+308, 0.0000e+00, 0.0000e+00, 
 2DIAGNOSTIC,    10, -4.387724202777e-01, 2.354649388445e-05, 0.0000e+00, 0.0000e+00, 
 2DIAGNOSTIC,    11, -4.387742926323e-01, 7.132917626398e-06, 0.0000e+00, 0.0000e+00, 
  Elapsed time (stage 0): 0.0000e+00


Total elapsed time: 0.0000e+00
Info [verificarlo]: loaded backend libinterflop_ieee.so
Info [interflop-ieee]: load backend with:
Info [interflop-ieee]: debug = false
Info [interflop-ieee]: debug-binary = false
Info [interflop-ieee]: no-backend-name = false
Info [interflop-ieee]: print-new-line = false
Info [interflop-ieee]: print-subnormal-normalized = false
Info [interflop-ieee]: count-op = false
All_Command_lines_OK
Using double precision for computations.
=============================================================================
The composite transform comprises the following transforms (in order): 
  1. /home/mdugre/scratch/mri-registration-rp/datasets/ds004513/derivatives/mri-registration-rp/0100/antsRegistration-r8-p8/sub-s003/rigid_Composite.h5[0] (type = Euler3DTransform)
  2. /home/mdugre/scratch/mri-registration-rp/datasets/ds004513/derivatives/mri-registration-rp/0100/antsRegistration-r8-p8/sub-s003/rigid_Composite.h5[1] (type = Euler3DTransform)
  3. /home/mdugre/scratch/mri-registration-rp/datasets/ds004513/derivatives/mri-registration-rp/0100/antsRegistration-r8-p8/sub-s003/rigid_Composite.h5[2] (type = Euler3DTransform)
=============================================================================
  number of levels = 4
  fixed image: /templateflow/tpl-MNI152NLin2009cAsym/tpl-MNI152NLin2009cAsym_res-01_desc-brain_T1w.nii.gz
  moving image: /home/mdugre/scratch/mri-registration-rp/datasets/ds004513/derivatives/mri-registration-rp/antsBrainExtraction/sub-s003/BrainExtractionBrain.nii.gz
Dimension = 3
Number of stages = 1
Use histogram matching = false
Winsorize image intensities = true
  Lower quantile = 0.005
  Upper quantile = 0.995


Stage 1 State
   Image metric = MattesMI
     Fixed image = Image (0x3a5d530)
  RTTI typeinfo:   itk::Image<double, 3u>
  Reference Count: 2
  Modified Time: 1594
  Debug: Off
  Object Name: 
  Observers: 
    none
  Source: (none)
  Source output name: (none)
  Release Data: Off
  Data Released: False
  Global Release Data: Off
  PipelineMTime: 0
  UpdateMTime: 1203
  RealTimeStamp: 0 seconds 
  LargestPossibleRegion: 
    Dimension: 3
    Index: [0, 0, 0]
    Size: [193, 229, 193]
  BufferedRegion: 
    Dimension: 3
    Index: [0, 0, 0]
    Size: [193, 229, 193]
  RequestedRegion: 
    Dimension: 3
    Index: [0, 0, 0]
    Size: [193, 229, 193]
  Spacing: [1, 1, 1]
  Origin: [96, 132, -78]
  Direction: 
-1 0 0
0 -1 0
0 0 1

  IndexToPointMatrix: 
-1 0 0
0 -1 0
0 0 1

  PointToIndexMatrix: 
-1 0 0
0 -1 0
0 0 1

  Inverse Direction: 
-1 0 0
0 -1 0
0 0 1

  PixelContainer: 
    ImportImageContainer (0x3a6a2b0)
      RTTI typeinfo:   itk::ImportImageContainer<unsigned long, double>
      Reference Count: 1
      Modified Time: 1200
      Debug: Off
      Object Name: 
      Observers: 
        none
      Pointer: 0x14605ad71010
      Container manages memory: true
      Size: 8530021
      Capacity: 8530021

     Moving image = Image (0x3b18fd0)
  RTTI typeinfo:   itk::Image<double, 3u>
  Reference Count: 2
  Modified Time: 1595
  Debug: Off
  Object Name: 
  Observers: 
    none
  Source: (none)
  Source output name: (none)
  Release Data: Off
  Data Released: False
  Global Release Data: Off
  PipelineMTime: 0
  UpdateMTime: 1592
  RealTimeStamp: 0 seconds 
  LargestPossibleRegion: 
    Dimension: 3
    Index: [0, 0, 0]
    Size: [176, 240, 256]
  BufferedRegion: 
    Dimension: 3
    Index: [0, 0, 0]
    Size: [176, 240, 256]
  RequestedRegion: 
    Dimension: 3
    Index: [0, 0, 0]
    Size: [176, 240, 256]
  Spacing: [0.999999, 1, 1]
  Origin: [93.3499, 86.9368, -128.957]
  Direction: 
-0.999513 -0.0279216 -0.0139567
0.0279189 -0.99961 0.000389866
-0.0139622 2.01492e-08 0.999903

  IndexToPointMatrix: 
-0.999512 -0.0279216 -0.0139567
0.0279189 -0.99961 0.000389866
-0.0139621 2.01492e-08 0.999903

  PointToIndexMatrix: 
-0.999514 0.0279189 -0.0139622
-0.0279216 -0.99961 2.01716e-08
-0.0139567 0.000389866 0.999903

  Inverse Direction: 
-0.999513 0.0279189 -0.0139622
-0.0279216 -0.99961 2.01716e-08
-0.0139567 0.000389866 0.999903

  PixelContainer: 
    ImportImageContainer (0x3b30990)
      RTTI typeinfo:   itk::ImportImageContainer<unsigned long, double>
      Reference Count: 1
      Modified Time: 1589
      Debug: Off
      Object Name: 
      Observers: 
        none
      Pointer: 0x146055af0010
      Container manages memory: true
      Size: 10813440
      Capacity: 10813440

     Weighting = 1
     Sampling strategy = regular
     Number of bins = 32
     Radius = 4
     Sampling percentage  = 0.25
   Transform = Affine
     Gradient step = 0.1
     Update field sigma (voxel space) = 0
     Total field sigma (voxel space) = 0
     Update field time sigma = 0
     Total field time sigma  = 0
     Number of time indices = 0
     Number of time point samples = 0
Registration using 1 total stages.

Stage 0
  iterations = 1000x500x250x100
  convergence threshold = 1e-06
  convergence window size = 10
  number of levels = 4
  using the Mattes MI metric (number of bins = 32, weight = 1, use gradient filter = 0)
  preprocessing:  winsorizing the image intensities
  Shrink factors (level 1 out of 4): [8, 8, 8]
  Shrink factors (level 2 out of 4): [4, 4, 4]
  Shrink factors (level 3 out of 4): [2, 2, 2]
  Shrink factors (level 4 out of 4): [1, 1, 1]
  smoothing sigmas per level: [3, 2, 1, 0]
  regular sampling (percentage = 0.25)

*** Running AffineTransform registration ***

DIAGNOSTIC,Iteration,metricValue,convergenceValue,ITERATION_TIME_INDEX,SINCE_LAST
 2DIAGNOSTIC,     1, -6.481270931022e-01, 1.797693134862e+308, 7.2280e-01, 7.2280e-01, 
 2DIAGNOSTIC,     2, -6.500697489404e-01, 1.797693134862e+308, 7.2730e-01, 4.4920e-03, 
 2DIAGNOSTIC,     3, -6.528311200976e-01, 1.797693134862e+308, 7.3145e-01, 4.1549e-03, 
 2DIAGNOSTIC,     4, -6.574070931732e-01, 1.797693134862e+308, 7.3610e-01, 4.6542e-03, 
 2DIAGNOSTIC,     5, -6.643025960932e-01, 1.797693134862e+308, 7.4050e-01, 4.3931e-03, 
 2DIAGNOSTIC,     6, -6.752330094686e-01, 1.797693134862e+308, 7.4508e-01, 4.5810e-03, 
 2DIAGNOSTIC,     7, -7.080800449382e-01, 1.797693134862e+308, 7.5098e-01, 5.9030e-03, 
 2DIAGNOSTIC,     8, -7.223306701217e-01, 1.797693134862e+308, 7.5892e-01, 7.9379e-03, 
 2DIAGNOSTIC,     9, -7.227510441512e-01, 1.797693134862e+308, 7.6439e-01, 5.4669e-03, 
 2DIAGNOSTIC,    10, -7.226762221116e-01, 8.845569071273e-03, 7.7146e-01, 7.0741e-03, 
 2DIAGNOSTIC,    11, -7.227233460614e-01, 7.989596240474e-03, 7.7750e-01, 6.0439e-03, 
 2DIAGNOSTIC,    12, -7.225569831308e-01, 6.612400906372e-03, 7.8246e-01, 4.9570e-03, 
 2DIAGNOSTIC,    13, -7.224972334491e-01, 4.940097585778e-03, 7.8779e-01, 5.3301e-03, 
 2DIAGNOSTIC,    14, -7.224647882625e-01, 3.214443424180e-03, 7.9331e-01, 5.5220e-03, 
 2DIAGNOSTIC,    15, -7.223134336968e-01, 1.627444557409e-03, 7.9866e-01, 5.3489e-03, 
 2DIAGNOSTIC,    16, -7.221950095222e-01, 3.532385824458e-04, 8.0409e-01, 5.4321e-03, 
DIAGNOSTIC,Iteration,metricValue,convergenceValue,ITERATION_TIME_INDEX,SINCE_LAST
 2DIAGNOSTIC,     1, -5.963973738125e-01, 1.797693134862e+308, 1.5436e+00, 7.3953e-01, 
 2DIAGNOSTIC,     2, -5.963987343270e-01, 1.797693134862e+308, 1.5814e+00, 3.7750e-02, 
 2DIAGNOSTIC,     3, -5.964845092550e-01, 1.797693134862e+308, 1.6186e+00, 3.7205e-02, 
 2DIAGNOSTIC,     4, -5.964707044073e-01, 1.797693134862e+308, 1.6685e+00, 4.9932e-02, 
 2DIAGNOSTIC,     5, -5.964738875666e-01, 1.797693134862e+308, 1.7066e+00, 3.8098e-02, 
 2DIAGNOSTIC,     6, -5.964632904265e-01, 1.797693134862e+308, 1.7395e+00, 3.2860e-02, 
 2DIAGNOSTIC,     7, -5.964654194835e-01, 1.797693134862e+308, 1.7758e+00, 3.6314e-02, 
 2DIAGNOSTIC,     8, -5.964284702934e-01, 1.797693134862e+308, 1.8128e+00, 3.7066e-02, 
 2DIAGNOSTIC,     9, -5.964208215047e-01, 1.797693134862e+308, 1.8544e+00, 4.1550e-02, 
 2DIAGNOSTIC,    10, -5.964211503777e-01, 3.156976241092e-06, 1.8919e+00, 3.7462e-02, 
DIAGNOSTIC,Iteration,metricValue,convergenceValue,ITERATION_TIME_INDEX,SINCE_LAST
 2DIAGNOSTIC,     1, -5.249280938045e-01, 1.797693134862e+308, 2.9655e+00, 1.0736e+00, 
 2DIAGNOSTIC,     2, -5.251303968447e-01, 1.797693134862e+308, 3.2103e+00, 2.4486e-01, 
 2DIAGNOSTIC,     3, -5.253324174150e-01, 1.797693134862e+308, 3.4897e+00, 2.7931e-01, 
 2DIAGNOSTIC,     4, -5.254225458499e-01, 1.797693134862e+308, 3.8299e+00, 3.4027e-01, 
 2DIAGNOSTIC,     5, -5.254204624851e-01, 1.797693134862e+308, 4.0961e+00, 2.6616e-01, 
 2DIAGNOSTIC,     6, -5.254314150715e-01, 1.797693134862e+308, 4.3626e+00, 2.6652e-01, 
 2DIAGNOSTIC,     7, -5.254242091296e-01, 1.797693134862e+308, 4.6412e+00, 2.7860e-01, 
 2DIAGNOSTIC,     8, -5.254261903819e-01, 1.797693134862e+308, 4.9115e+00, 2.7033e-01, 
 2DIAGNOSTIC,     9, -5.254256565492e-01, 1.797693134862e+308, 5.2282e+00, 3.1666e-01, 
 2DIAGNOSTIC,    10, -5.254251353663e-01, 4.772780058791e-05, 5.5039e+00, 2.7567e-01, 
 2DIAGNOSTIC,    11, -5.254181155021e-01, 2.120629866238e-05, 5.7652e+00, 2.6129e-01, 
 2DIAGNOSTIC,    12, -5.254193285524e-01, 6.436490482389e-06, 6.0201e+00, 2.5491e-01, 
 2DIAGNOSTIC,    13, -5.254175152081e-01, 1.822287568190e-06, 6.2743e+00, 2.5419e-01, 
 2DIAGNOSTIC,    14, -5.254183008503e-01, 1.438307455262e-06, 6.5949e+00, 3.2068e-01, 
 2DIAGNOSTIC,    15, -5.254160741666e-01, 1.013398547287e-06, 6.8629e+00, 2.6794e-01, 
 2DIAGNOSTIC,    16, -5.254153316861e-01, 1.101268896173e-06, 7.1183e+00, 2.5543e-01, 
 2DIAGNOSTIC,    17, -5.254149308068e-01, 1.016752056847e-06, 7.5726e+00, 4.5428e-01, 
 2DIAGNOSTIC,    18, -5.254151833117e-01, 1.084214487190e-06, 7.8557e+00, 2.8307e-01, 
 2DIAGNOSTIC,    19, -5.254144578852e-01, 1.169974629671e-06, 8.1192e+00, 2.6350e-01, 
 2DIAGNOSTIC,    20, -5.254127843874e-01, 1.241184639338e-06, 8.3703e+00, 2.5110e-01, 
 2DIAGNOSTIC,    21, -5.254112648021e-01, 1.118749348647e-06, 8.5984e+00, 2.2817e-01, 
 2DIAGNOSTIC,    22, -5.254119014706e-01, 1.091024188667e-06, 8.8618e+00, 2.6335e-01, 
 2DIAGNOSTIC,    23, -5.254115148996e-01, 1.044233365360e-06, 9.1513e+00, 2.8953e-01, 
 2DIAGNOSTIC,    24, -5.254112353724e-01, 1.045867746401e-06, 9.4184e+00, 2.6712e-01, 
 2DIAGNOSTIC,    25, -5.254112410446e-01, 1.027104991648e-06, 9.6870e+00, 2.6855e-01, 
DIAGNOSTIC,Iteration,metricValue,convergenceValue,ITERATION_TIME_INDEX,SINCE_LAST
 2DIAGNOSTIC,     1, -4.792903828289e-01, 1.797693134862e+308, 1.2521e+01, 2.8342e+00, 
 2DIAGNOSTIC,     2, -4.795835000305e-01, 1.797693134862e+308, 1.4280e+01, 1.7589e+00, 
 2DIAGNOSTIC,     3, -4.799731752626e-01, 1.797693134862e+308, 1.6017e+01, 1.7367e+00, 
 2DIAGNOSTIC,     4, -4.804491898450e-01, 1.797693134862e+308, 1.7759e+01, 1.7425e+00, 
 2DIAGNOSTIC,     5, -4.810130485747e-01, 1.797693134862e+308, 1.9594e+01, 1.8346e+00, 
 2DIAGNOSTIC,     6, -4.820791192916e-01, 1.797693134862e+308, 2.1351e+01, 1.7568e+00, 
 2DIAGNOSTIC,     7, -4.839556701516e-01, 1.797693134862e+308, 2.3074e+01, 1.7233e+00, 
 2DIAGNOSTIC,     8, -4.857788078115e-01, 1.797693134862e+308, 2.5368e+01, 2.2943e+00, 
 2DIAGNOSTIC,     9, -4.865043142101e-01, 1.797693134862e+308, 2.7112e+01, 1.7438e+00, 
 2DIAGNOSTIC,    10, -4.869885013938e-01, 1.159522652185e-03, 2.8956e+01, 1.8444e+00, 
 2DIAGNOSTIC,    11, -4.876920569718e-01, 1.127444567707e-03, 3.1060e+01, 2.1040e+00, 
 2DIAGNOSTIC,    12, -4.878089128754e-01, 1.018056784344e-03, 3.2943e+01, 1.8825e+00, 
 2DIAGNOSTIC,    13, -4.879481213614e-01, 8.571374208045e-04, 3.4859e+01, 1.9160e+00, 
 2DIAGNOSTIC,    14, -4.884297154048e-01, 6.825606487158e-04, 3.7570e+01, 2.7108e+00, 
 2DIAGNOSTIC,    15, -4.885356856809e-01, 4.955040972774e-04, 3.9294e+01, 1.7239e+00, 
 2DIAGNOSTIC,    16, -4.888711097639e-01, 3.370826425348e-04, 4.1132e+01, 1.8380e+00, 
 2DIAGNOSTIC,    17, -4.890844753279e-01, 2.372413625349e-04, 4.2929e+01, 1.7978e+00, 
 2DIAGNOSTIC,    18, -4.894230133160e-01, 1.969184792836e-04, 4.4659e+01, 1.7298e+00, 
 2DIAGNOSTIC,    19, -4.897350809038e-01, 1.743311012788e-04, 4.7186e+01, 2.5267e+00, 
 2DIAGNOSTIC,    20, -4.897415563713e-01, 1.516779842715e-04, 5.0712e+01, 3.5262e+00, 
 2DIAGNOSTIC,    21, -4.897418222425e-01, 1.370651597179e-04, 5.2915e+01, 2.2025e+00, 
 2DIAGNOSTIC,    22, -4.897416368450e-01, 1.143098256544e-04, 5.4844e+01, 1.9298e+00, 
 2DIAGNOSTIC,    23, -4.897415085028e-01, 8.615536759694e-05, 5.6905e+01, 2.0605e+00, 
 2DIAGNOSTIC,    24, -4.897415489150e-01, 6.409789817568e-05, 5.8621e+01, 1.7159e+00, 
 2DIAGNOSTIC,    25, -4.897413990445e-01, 4.033213051898e-05, 6.0891e+01, 2.2696e+00, 
 2DIAGNOSTIC,    26, -4.897414260357e-01, 2.233828123009e-05, 6.2696e+01, 1.8055e+00, 
 2DIAGNOSTIC,    27, -4.897413491947e-01, 8.184611412346e-06, 6.4484e+01, 1.7883e+00, 
 2DIAGNOSTIC,    28, -4.897411858151e-01, 1.258439675057e-06, 6.6242e+01, 1.7576e+00, 
 2DIAGNOSTIC,    29, -4.897411681413e-01, 1.078916481496e-06, 6.8186e+01, 1.9440e+00, 
 2DIAGNOSTIC,    30, -4.897412753596e-01, 1.041539992690e-06, 7.0095e+01, 1.9086e+00, 
 2DIAGNOSTIC,    31, -4.897412448703e-01, 1.013338548468e-06, 7.1901e+01, 1.8064e+00, 
  Elapsed time (stage 0): 7.3016e+01


Total elapsed time: 7.3018e+01
Info [verificarlo]: loaded backend libinterflop_ieee.so
Info [interflop-ieee]: load backend with:
Info [interflop-ieee]: debug = false
Info [interflop-ieee]: debug-binary = false
Info [interflop-ieee]: no-backend-name = false
Info [interflop-ieee]: print-new-line = false
Info [interflop-ieee]: print-subnormal-normalized = false
Info [interflop-ieee]: count-op = false
All_Command_lines_OK
Using double precision for computations.
=============================================================================
The composite transform comprises the following transforms (in order): 
  1. /home/mdugre/scratch/mri-registration-rp/datasets/ds004513/derivatives/mri-registration-rp/0100/antsRegistration-r8-p8/sub-s003/affine_Composite.h5[0] (type = Euler3DTransform)
  2. /home/mdugre/scratch/mri-registration-rp/datasets/ds004513/derivatives/mri-registration-rp/0100/antsRegistration-r8-p8/sub-s003/affine_Composite.h5[1] (type = Euler3DTransform)
  3. /home/mdugre/scratch/mri-registration-rp/datasets/ds004513/derivatives/mri-registration-rp/0100/antsRegistration-r8-p8/sub-s003/affine_Composite.h5[2] (type = Euler3DTransform)
  4. /home/mdugre/scratch/mri-registration-rp/datasets/ds004513/derivatives/mri-registration-rp/0100/antsRegistration-r8-p8/sub-s003/affine_Composite.h5[3] (type = AffineTransform)
=============================================================================
  number of levels = 4
  fixed image: /templateflow/tpl-MNI152NLin2009cAsym/tpl-MNI152NLin2009cAsym_res-01_desc-brain_T1w.nii.gz
  moving image: /home/mdugre/scratch/mri-registration-rp/datasets/ds004513/derivatives/mri-registration-rp/antsBrainExtraction/sub-s003/BrainExtractionBrain.nii.gz
Dimension = 3
Number of stages = 1
Use histogram matching = false
Winsorize image intensities = true
  Lower quantile = 0.005
  Upper quantile = 0.995


Stage 1 State
   Image metric = CC
     Fixed image = Image (0x4675a40)
  RTTI typeinfo:   itk::Image<double, 3u>
  Reference Count: 2
  Modified Time: 1608
  Debug: Off
  Object Name: 
  Observers: 
    none
  Source: (none)
  Source output name: (none)
  Release Data: Off
  Data Released: False
  Global Release Data: Off
  PipelineMTime: 0
  UpdateMTime: 1217
  RealTimeStamp: 0 seconds 
  LargestPossibleRegion: 
    Dimension: 3
    Index: [0, 0, 0]
    Size: [193, 229, 193]
  BufferedRegion: 
    Dimension: 3
    Index: [0, 0, 0]
    Size: [193, 229, 193]
  RequestedRegion: 
    Dimension: 3
    Index: [0, 0, 0]
    Size: [193, 229, 193]
  Spacing: [1, 1, 1]
  Origin: [96, 132, -78]
  Direction: 
-1 0 0
0 -1 0
0 0 1

  IndexToPointMatrix: 
-1 0 0
0 -1 0
0 0 1

  PointToIndexMatrix: 
-1 0 0
0 -1 0
0 0 1

  Inverse Direction: 
-1 0 0
0 -1 0
0 0 1

  PixelContainer: 
    ImportImageContainer (0x4744780)
      RTTI typeinfo:   itk::ImportImageContainer<unsigned long, double>
      Reference Count: 1
      Modified Time: 1214
      Debug: Off
      Object Name: 
      Observers: 
        none
      Pointer: 0x1471488a1010
      Container manages memory: true
      Size: 8530021
      Capacity: 8530021

     Moving image = Image (0x4746390)
  RTTI typeinfo:   itk::Image<double, 3u>
  Reference Count: 2
  Modified Time: 1609
  Debug: Off
  Object Name: 
  Observers: 
    none
  Source: (none)
  Source output name: (none)
  Release Data: Off
  Data Released: False
  Global Release Data: Off
  PipelineMTime: 0
  UpdateMTime: 1606
  RealTimeStamp: 0 seconds 
  LargestPossibleRegion: 
    Dimension: 3
    Index: [0, 0, 0]
    Size: [176, 240, 256]
  BufferedRegion: 
    Dimension: 3
    Index: [0, 0, 0]
    Size: [176, 240, 256]
  RequestedRegion: 
    Dimension: 3
    Index: [0, 0, 0]
    Size: [176, 240, 256]
  Spacing: [0.999999, 1, 1]
  Origin: [93.3499, 86.9368, -128.957]
  Direction: 
-0.999513 -0.0279216 -0.0139567
0.0279189 -0.99961 0.000389866
-0.0139622 2.01492e-08 0.999903

  IndexToPointMatrix: 
-0.999512 -0.0279216 -0.0139567
0.0279189 -0.99961 0.000389866
-0.0139621 2.01492e-08 0.999903

  PointToIndexMatrix: 
-0.999514 0.0279189 -0.0139622
-0.0279216 -0.99961 2.01716e-08
-0.0139567 0.000389866 0.999903

  Inverse Direction: 
-0.999513 0.0279189 -0.0139622
-0.0279216 -0.99961 2.01716e-08
-0.0139567 0.000389866 0.999903

  PixelContainer: 
    ImportImageContainer (0x46fb6f0)
      RTTI typeinfo:   itk::ImportImageContainer<unsigned long, double>
      Reference Count: 1
      Modified Time: 1603
      Debug: Off
      Object Name: 
      Observers: 
        none
      Pointer: 0x147143620010
      Container manages memory: true
      Size: 10813440
      Capacity: 10813440

     Weighting = 1
     Sampling strategy = none
     Number of bins = 32
     Radius = 4
     Sampling percentage  = 1
   Transform = SyN
     Gradient step = 0.1
     Update field sigma (voxel space) = 3
     Total field sigma (voxel space) = 0
     Update field time sigma = 0
     Total field time sigma  = 0
     Number of time indices = 0
     Number of time point samples = 0
Registration using 1 total stages.

Stage 0
  iterations = 100x70x50x20
  convergence threshold = 1e-06
  convergence window size = 10
  number of levels = 4
  using the CC metric (radius = 4, weight = 1, use gradient filter = 0)
  preprocessing:  winsorizing the image intensities
  Shrink factors (level 1 out of 4): [8, 8, 8]
  Shrink factors (level 2 out of 4): [4, 4, 4]
  Shrink factors (level 3 out of 4): [2, 2, 2]
  Shrink factors (level 4 out of 4): [1, 1, 1]
  smoothing sigmas per level: [3, 2, 1, 0]
  Using default NONE metricSamplingStrategy 

*** Running SyN registration (varianceForUpdateField = 3, varianceForTotalField = 0) ***

XXDIAGNOSTIC,Iteration,metricValue,convergenceValue,ITERATION_TIME_INDEX,SINCE_LAST
 1DIAGNOSTIC,     1, -8.481082164558e-01, 1.797693134862e+308, 9.8910e-01, 9.8910e-01, 
 1DIAGNOSTIC,     2, -8.621453072534e-01, 1.797693134862e+308, 1.3312e+00, 3.4207e-01, 
 1DIAGNOSTIC,     3, -8.750390538676e-01, 1.797693134862e+308, 1.6735e+00, 3.4231e-01, 
 1DIAGNOSTIC,     4, -8.856247291978e-01, 1.797693134862e+308, 2.0067e+00, 3.3323e-01, 
 1DIAGNOSTIC,     5, -8.950828375682e-01, 1.797693134862e+308, 2.3602e+00, 3.5351e-01, 
 1DIAGNOSTIC,     6, -9.024333673905e-01, 1.797693134862e+308, 2.6906e+00, 3.3036e-01, 
 1DIAGNOSTIC,     7, -9.087867077349e-01, 1.797693134862e+308, 3.0186e+00, 3.2801e-01, 
 1DIAGNOSTIC,     8, -9.140421149945e-01, 1.797693134862e+308, 3.3456e+00, 3.2706e-01, 
 1DIAGNOSTIC,     9, -9.180694621252e-01, 1.797693134862e+308, 3.6816e+00, 3.3599e-01, 
 1DIAGNOSTIC,    10, -9.213522577943e-01, 5.143136737892e-03, 4.0092e+00, 3.2760e-01, 
 1DIAGNOSTIC,    11, -9.240966035053e-01, 3.898925651025e-03, 4.3504e+00, 3.4117e-01, 
 1DIAGNOSTIC,    12, -9.264361866290e-01, 2.945118244622e-03, 4.6915e+00, 3.4105e-01, 
 1DIAGNOSTIC,    13, -9.284630832279e-01, 2.234730789715e-03, 5.0255e+00, 3.3399e-01, 
 1DIAGNOSTIC,    14, -9.302196913804e-01, 1.700045505415e-03, 5.3671e+00, 3.4165e-01, 
 1DIAGNOSTIC,    15, -9.318104740909e-01, 1.312786195711e-03, 5.7056e+00, 3.3845e-01, 
 1DIAGNOSTIC,    16, -9.332479545672e-01, 1.025240563148e-03, 6.0461e+00, 3.4051e-01, 
 1DIAGNOSTIC,    17, -9.345578227961e-01, 8.176022180371e-04, 6.3765e+00, 3.3043e-01, 
 1DIAGNOSTIC,    18, -9.357598858982e-01, 6.691670551051e-04, 6.7175e+00, 3.4100e-01, 
 1DIAGNOSTIC,    19, -9.368616187383e-01, 5.581965758194e-04, 7.0498e+00, 3.3234e-01, 
 1DIAGNOSTIC,    20, -9.378747151296e-01, 4.730505719277e-04, 7.3755e+00, 3.2566e-01, 
 1DIAGNOSTIC,    21, -9.388170833452e-01, 4.062865219214e-04, 7.7163e+00, 3.4081e-01, 
 1DIAGNOSTIC,    22, -9.396884503585e-01, 3.527700986698e-04, 8.0578e+00, 3.4146e-01, 
 1DIAGNOSTIC,    23, -9.404949243455e-01, 3.089481263694e-04, 8.3989e+00, 3.4110e-01, 
 1DIAGNOSTIC,    24, -9.412484555537e-01, 2.720785396738e-04, 8.7422e+00, 3.4329e-01, 
 1DIAGNOSTIC,    25, -9.419473272834e-01, 2.408341062388e-04, 9.0702e+00, 3.2803e-01, 
 1DIAGNOSTIC,    26, -9.425560454840e-01, 2.135724327719e-04, 9.4034e+00, 3.3316e-01, 
 1DIAGNOSTIC,    27, -9.431598338159e-01, 1.900336282580e-04, 9.7300e+00, 3.2666e-01, 
 1DIAGNOSTIC,    28, -9.437184518204e-01, 1.695829352737e-04, 1.0057e+01, 3.2739e-01, 
 1DIAGNOSTIC,    29, -9.442375386952e-01, 1.516982455106e-04, 1.0397e+01, 3.3950e-01, 
 1DIAGNOSTIC,    30, -9.447201227263e-01, 1.359777967808e-04, 1.0734e+01, 3.3683e-01, 
 1DIAGNOSTIC,    31, -9.451701090103e-01, 1.221985802856e-04, 1.1073e+01, 3.3900e-01, 
 1DIAGNOSTIC,    32, -9.455873444050e-01, 1.100645708832e-04, 1.1410e+01, 3.3720e-01, 
 1DIAGNOSTIC,    33, -9.459752805769e-01, 9.932802200704e-05, 1.1761e+01, 3.5093e-01, 
 1DIAGNOSTIC,    34, -9.463383330919e-01, 8.986657405666e-05, 1.2110e+01, 3.4877e-01, 
 1DIAGNOSTIC,    35, -9.466779835840e-01, 8.152077963007e-05, 1.2440e+01, 3.3023e-01, 
 1DIAGNOSTIC,    36, -9.469972714695e-01, 7.379474042184e-05, 1.2777e+01, 3.3717e-01, 
 1DIAGNOSTIC,    37, -9.472971954671e-01, 6.695822524797e-05, 1.3106e+01, 3.2904e-01, 
 1DIAGNOSTIC,    38, -9.475793466115e-01, 6.089530246440e-05, 1.3453e+01, 3.4672e-01, 
 1DIAGNOSTIC,    39, -9.478444072144e-01, 5.551211184168e-05, 1.3798e+01, 3.4536e-01, 
 1DIAGNOSTIC,    40, -9.480929503597e-01, 5.071660174930e-05, 1.4136e+01, 3.3824e-01, 
 1DIAGNOSTIC,    41, -9.483260971769e-01, 4.643404194540e-05, 1.4475e+01, 3.3908e-01, 
 1DIAGNOSTIC,    42, -9.485435867480e-01, 4.256721723198e-05, 1.4824e+01, 3.4864e-01, 
 1DIAGNOSTIC,    43, -9.487500445622e-01, 3.906522968910e-05, 1.5154e+01, 3.3032e-01, 
 1DIAGNOSTIC,    44, -9.489478250450e-01, 3.591066156022e-05, 1.5499e+01, 3.4426e-01, 
 1DIAGNOSTIC,    45, -9.491341202837e-01, 3.306040010546e-05, 1.5836e+01, 3.3726e-01, 
 1DIAGNOSTIC,    46, -9.493081188156e-01, 3.047557820253e-05, 1.6174e+01, 3.3800e-01, 
 1DIAGNOSTIC,    47, -9.494713583376e-01, 2.812371525767e-05, 1.6521e+01, 3.4707e-01, 
 1DIAGNOSTIC,    48, -9.496238775683e-01, 2.597271160977e-05, 1.6911e+01, 3.9006e-01, 
 1DIAGNOSTIC,    49, -9.497675570368e-01, 2.399908179741e-05, 1.7257e+01, 3.4610e-01, 
 1DIAGNOSTIC,    50, -9.499018081222e-01, 2.217304571651e-05, 1.7600e+01, 3.4284e-01, 
 1DIAGNOSTIC,    51, -9.500277528694e-01, 2.047510454260e-05, 1.7938e+01, 3.3792e-01, 
 1DIAGNOSTIC,    52, -9.501472274161e-01, 1.889014536119e-05, 1.8275e+01, 3.3752e-01, 
 1DIAGNOSTIC,    53, -9.502599219382e-01, 1.742352096599e-05, 1.8613e+01, 3.3755e-01, 
 1DIAGNOSTIC,    54, -9.503621243630e-01, 1.606766060269e-05, 1.8944e+01, 3.3123e-01, 
