
##########################
# Experiment information #
##########################

EXPERIMENT_NAME: antsRegistration-r8-p23
VFC_BACKENDS: libinterflop_vprec.so --range-binary32=8 --precision-binary32=23 --range-binary64=8 --precision-binary64=23

SIF_IMG: /home/mdugre/projects/rrg-glatard/mdugre/containers/ants-vprec-no_metrics.simg

SUBJECT_ID: s025
INPUT_IMG: /home/mdugre/scratch/mri-registration-rp/datasets/ds004513/derivatives/mri-registration-rp/antsBrainExtraction/sub-s025/BrainExtractionBrain.nii.gz
OUTPUT_DIR: /home/mdugre/scratch/mri-registration-rp/datasets/ds004513/derivatives/mri-registration-rp/0100/antsRegistration-r8-p23/sub-s025

FIXED_IMG: /templateflow/tpl-MNI152NLin2009cAsym/tpl-MNI152NLin2009cAsym_res-01_desc-brain_T1w.nii.gz
DATA_DIR: /home/mdugre/scratch/mri-registration-rp/datasets/ds004513
TEMPLATEFLOW_DIR: /home/mdugre/projects/rrg-glatard/mdugre/templateflow
ITK_GLOBAL_DEFAULT_NUMBER_OF_THREADS: 16
##########################

Info [verificarlo]: loaded backend libinterflop_ieee.so
Info [interflop-ieee]: load backend with:
Info [interflop-ieee]: debug = false
Info [interflop-ieee]: debug-binary = false
Info [interflop-ieee]: no-backend-name = false
Info [interflop-ieee]: print-new-line = false
Info [interflop-ieee]: print-subnormal-normalized = false
Info [interflop-ieee]: count-op = false
All_Command_lines_OK
Using double precision for computations.
=============================================================================
The composite transform comprises the following transforms (in order): 
  1. Center of mass alignment using fixed image: /templateflow/tpl-MNI152NLin2009cAsym/tpl-MNI152NLin2009cAsym_res-01_desc-brain_T1w.nii.gz and moving image: /home/mdugre/scratch/mri-registration-rp/datasets/ds004513/derivatives/mri-registration-rp/antsBrainExtraction/sub-s025/BrainExtractionBrain.nii.gz (type = Euler3DTransform)
=============================================================================
  number of levels = 1
  fixed image: /templateflow/tpl-MNI152NLin2009cAsym/tpl-MNI152NLin2009cAsym_res-01_desc-brain_T1w.nii.gz
  moving image: /home/mdugre/scratch/mri-registration-rp/datasets/ds004513/derivatives/mri-registration-rp/antsBrainExtraction/sub-s025/BrainExtractionBrain.nii.gz
Dimension = 3
Number of stages = 1
Use histogram matching = false
Winsorize image intensities = true
  Lower quantile = 0.005
  Upper quantile = 0.995


Stage 1 State
   Image metric = MattesMI
     Fixed image = Image (0x4f7de70)
  RTTI typeinfo:   itk::Image<double, 3u>
  Reference Count: 2
  Modified Time: 2334
  Debug: Off
  Object Name: 
  Observers: 
    none
  Source: (none)
  Source output name: (none)
  Release Data: Off
  Data Released: False
  Global Release Data: Off
  PipelineMTime: 0
  UpdateMTime: 1943
  RealTimeStamp: 0 seconds 
  LargestPossibleRegion: 
    Dimension: 3
    Index: [0, 0, 0]
    Size: [193, 229, 193]
  BufferedRegion: 
    Dimension: 3
    Index: [0, 0, 0]
    Size: [193, 229, 193]
  RequestedRegion: 
    Dimension: 3
    Index: [0, 0, 0]
    Size: [193, 229, 193]
  Spacing: [1, 1, 1]
  Origin: [96, 132, -78]
  Direction: 
-1 0 0
0 -1 0
0 0 1

  IndexToPointMatrix: 
-1 0 0
0 -1 0
0 0 1

  PointToIndexMatrix: 
-1 0 0
0 -1 0
0 0 1

  Inverse Direction: 
-1 0 0
0 -1 0
0 0 1

  PixelContainer: 
    ImportImageContainer (0x4f86c60)
      RTTI typeinfo:   itk::ImportImageContainer<unsigned long, double>
      Reference Count: 1
      Modified Time: 1940
      Debug: Off
      Object Name: 
      Observers: 
        none
      Pointer: 0x151253956010
      Container manages memory: true
      Size: 8530021
      Capacity: 8530021

     Moving image = Image (0x4f89610)
  RTTI typeinfo:   itk::Image<double, 3u>
  Reference Count: 2
  Modified Time: 2335
  Debug: Off
  Object Name: 
  Observers: 
    none
  Source: (none)
  Source output name: (none)
  Release Data: Off
  Data Released: False
  Global Release Data: Off
  PipelineMTime: 0
  UpdateMTime: 2332
  RealTimeStamp: 0 seconds 
  LargestPossibleRegion: 
    Dimension: 3
    Index: [0, 0, 0]
    Size: [176, 240, 256]
  BufferedRegion: 
    Dimension: 3
    Index: [0, 0, 0]
    Size: [176, 240, 256]
  RequestedRegion: 
    Dimension: 3
    Index: [0, 0, 0]
    Size: [176, 240, 256]
  Spacing: [0.999999, 1, 1]
  Origin: [90.3778, 84.5091, -154.071]
  Direction: 
-0.999391 7.48184e-06 -0.0348969
-7.47664e-06 -1 -2.7953e-07
-0.0348969 -1.84481e-08 0.999391

  IndexToPointMatrix: 
-0.99939 7.48184e-06 -0.0348969
-7.47663e-06 -1 -2.7953e-07
-0.0348968 -1.84481e-08 0.999391

  PointToIndexMatrix: 
-0.999392 -7.47665e-06 -0.0348969
7.48184e-06 -1 -1.84481e-08
-0.0348969 -2.7953e-07 0.999391

  Inverse Direction: 
-0.999391 -7.47664e-06 -0.0348969
7.48184e-06 -1 -1.84481e-08
-0.0348969 -2.7953e-07 0.999391

  PixelContainer: 
    ImportImageContainer (0x5022ef0)
      RTTI typeinfo:   itk::ImportImageContainer<unsigned long, double>
      Reference Count: 1
      Modified Time: 2329
      Debug: Off
      Object Name: 
      Observers: 
        none
      Pointer: 0x15124e6d5010
      Container manages memory: true
      Size: 10813440
      Capacity: 10813440

     Weighting = 1
     Sampling strategy = regular
     Number of bins = 32
     Radius = 4
     Sampling percentage  = 0.25
   Transform = Rigid
     Gradient step = 0.1
     Update field sigma (voxel space) = 0
     Total field sigma (voxel space) = 0
     Update field time sigma = 0
     Total field time sigma  = 0
     Number of time indices = 0
     Number of time point samples = 0
Registration using 1 total stages.

Stage 0
  iterations = 0
  convergence threshold = 1e-06
  convergence window size = 10
  number of levels = 1
  using the Mattes MI metric (number of bins = 32, weight = 1, use gradient filter = 0)
  preprocessing:  winsorizing the image intensities
  Shrink factors (level 1 out of 1): [1, 1, 1]
  smoothing sigmas per level: [0]
  regular sampling (percentage = 0.25)

*** Running Euler3DTransform registration ***

  Elapsed time (stage 0): 1.13161


Total elapsed time: 1.13374
Info [verificarlo]: loaded backend libinterflop_vprec.so
Info [interflop-vprec]: load backend with: 
Info [interflop-vprec]: precision-binary32 = 23
Info [interflop-vprec]: range-binary32 = 8
Info [interflop-vprec]: precision-binary64 = 23
Info [interflop-vprec]: range-binary64 = 8
Info [interflop-vprec]: mode = ob
Info [interflop-vprec]: error-mode = rel
Info [interflop-vprec]: max-abs-error-exponent = -1022
Info [interflop-vprec]: daz = false
Info [interflop-vprec]: ftz = false
Info [interflop-vprec]: 	instrument = none
Info [interflop-vprec]: 	prec-input-file = (null)
Info [interflop-vprec]: 	prec-output-file = (null)
Info [interflop-vprec]: 	prec-log-file = (null)
All_Command_lines_OK
Using double precision for computations.
=============================================================================
The composite transform comprises the following transforms (in order): 
  1. /home/mdugre/scratch/mri-registration-rp/datasets/ds004513/derivatives/mri-registration-rp/0100/antsRegistration-r8-p23/sub-s025/align_Composite.h5[0] (type = Euler3DTransform)
  2. /home/mdugre/scratch/mri-registration-rp/datasets/ds004513/derivatives/mri-registration-rp/0100/antsRegistration-r8-p23/sub-s025/align_Composite.h5[1] (type = Euler3DTransform)
=============================================================================
  number of levels = 4
  fixed image: /templateflow/tpl-MNI152NLin2009cAsym/tpl-MNI152NLin2009cAsym_res-01_desc-brain_T1w.nii.gz
  moving image: /home/mdugre/scratch/mri-registration-rp/datasets/ds004513/derivatives/mri-registration-rp/antsBrainExtraction/sub-s025/BrainExtractionBrain.nii.gz
Dimension = 3
Number of stages = 1
Use histogram matching = false
Winsorize image intensities = true
  Lower quantile = 0.005
  Upper quantile = 0.995


Stage 1 State
   Image metric = MattesMI
     Fixed image = Image (0x3d311e0)
  RTTI typeinfo:   itk::Image<double, 3u>
  Reference Count: 2
  Modified Time: 1580
  Debug: Off
  Object Name: 
  Observers: 
    none
  Source: (none)
  Source output name: (none)
  Release Data: Off
  Data Released: False
  Global Release Data: Off
  PipelineMTime: 0
  UpdateMTime: 1189
  RealTimeStamp: 0 seconds 
  LargestPossibleRegion: 
    Dimension: 3
    Index: [0, 0, 0]
    Size: [193, 229, 193]
  BufferedRegion: 
    Dimension: 3
    Index: [0, 0, 0]
    Size: [193, 229, 193]
  RequestedRegion: 
    Dimension: 3
    Index: [0, 0, 0]
    Size: [193, 229, 193]
  Spacing: [1, 1, 1]
  Origin: [96, 132, -78]
  Direction: 
-1 0 0
0 -1 0
0 0 1

  IndexToPointMatrix: 
-1 0 0
0 -1 0
0 0 1

  PointToIndexMatrix: 
-1 0 0
0 -1 0
0 0 1

  Inverse Direction: 
-1 0 0
0 -1 0
0 0 1

  PixelContainer: 
    ImportImageContainer (0x3df0680)
      RTTI typeinfo:   itk::ImportImageContainer<unsigned long, double>
      Reference Count: 1
      Modified Time: 1186
      Debug: Off
      Object Name: 
      Observers: 
        none
      Pointer: 0x1506fc1b7010
      Container manages memory: true
      Size: 8530021
      Capacity: 8530021

     Moving image = Image (0x3decb20)
  RTTI typeinfo:   itk::Image<double, 3u>
  Reference Count: 2
  Modified Time: 1581
  Debug: Off
  Object Name: 
  Observers: 
    none
  Source: (none)
  Source output name: (none)
  Release Data: Off
  Data Released: False
  Global Release Data: Off
  PipelineMTime: 0
  UpdateMTime: 1578
  RealTimeStamp: 0 seconds 
  LargestPossibleRegion: 
    Dimension: 3
    Index: [0, 0, 0]
    Size: [176, 240, 256]
  BufferedRegion: 
    Dimension: 3
    Index: [0, 0, 0]
    Size: [176, 240, 256]
  RequestedRegion: 
    Dimension: 3
    Index: [0, 0, 0]
    Size: [176, 240, 256]
  Spacing: [0.999999, 1, 1]
  Origin: [90.3778, 84.5091, -154.071]
  Direction: 
-0.999391 7.48184e-06 -0.0348969
-7.47664e-06 -1 -2.7953e-07
-0.0348969 -1.84481e-08 0.999391

  IndexToPointMatrix: 
-0.99939 7.48184e-06 -0.0348969
-7.47663e-06 -1 -2.7953e-07
-0.0348968 -1.84481e-08 0.999391

  PointToIndexMatrix: 
-0.999392 -7.47665e-06 -0.0348969
7.48496e-06 -1 -1.07778e-07
-0.0348969 -3.68914e-07 0.999391

  Inverse Direction: 
-0.999391 -7.47664e-06 -0.0348969
7.48496e-06 -1 -1.07778e-07
-0.0348969 -3.68914e-07 0.999391

  PixelContainer: 
    ImportImageContainer (0x3e55d50)
      RTTI typeinfo:   itk::ImportImageContainer<unsigned long, double>
      Reference Count: 1
      Modified Time: 1575
      Debug: Off
      Object Name: 
      Observers: 
        none
      Pointer: 0x1506f6f36010
      Container manages memory: true
      Size: 10813440
      Capacity: 10813440

     Weighting = 1
     Sampling strategy = regular
     Number of bins = 32
     Radius = 4
     Sampling percentage  = 0.25
   Transform = Rigid
     Gradient step = 0.1
     Update field sigma (voxel space) = 0
     Total field sigma (voxel space) = 0
     Update field time sigma = 0
     Total field time sigma  = 0
     Number of time indices = 0
     Number of time point samples = 0
Registration using 1 total stages.

Stage 0
  iterations = 1000x500x250x100
  convergence threshold = 1e-06
  convergence window size = 10
  number of levels = 4
  using the Mattes MI metric (number of bins = 32, weight = 1, use gradient filter = 0)
  preprocessing:  winsorizing the image intensities
  Shrink factors (level 1 out of 4): [8, 8, 8]
  Shrink factors (level 2 out of 4): [4, 4, 4]
  Shrink factors (level 3 out of 4): [2, 2, 2]
  Shrink factors (level 4 out of 4): [1, 1, 1]
  smoothing sigmas per level: [3, 2, 1, 0]
  regular sampling (percentage = 0.25)

*** Running Euler3DTransform registration ***

DIAGNOSTIC,Iteration,metricValue,convergenceValue,ITERATION_TIME_INDEX,SINCE_LAST
 2DIAGNOSTIC,     1, -5.323240376544e-01, 1.797693134862e+308, 0.0000e+00, 0.0000e+00, 
 2DIAGNOSTIC,     2, -5.346186923793e-01, 1.797693134862e+308, 0.0000e+00, 0.0000e+00, 
 2DIAGNOSTIC,     3, -5.378033681848e-01, 1.797693134862e+308, 0.0000e+00, 0.0000e+00, 
 2DIAGNOSTIC,     4, -5.422958737394e-01, 1.797693134862e+308, 0.0000e+00, 0.0000e+00, 
 2DIAGNOSTIC,     5, -5.486859310261e-01, 1.797693134862e+308, 0.0000e+00, 0.0000e+00, 
 2DIAGNOSTIC,     6, -5.542807813419e-01, 1.797693134862e+308, 0.0000e+00, 0.0000e+00, 
 2DIAGNOSTIC,     7, -5.627185206188e-01, 1.797693134862e+308, 0.0000e+00, 0.0000e+00, 
 2DIAGNOSTIC,     8, -5.766795083391e-01, 1.797693134862e+308, 0.0000e+00, 0.0000e+00, 
 2DIAGNOSTIC,     9, -5.880944941129e-01, 1.797693134862e+308, 0.0000e+00, 0.0000e+00, 
 2DIAGNOSTIC,    10, -6.000928254949e-01, 7.760630219549e-03, 0.0000e+00, 0.0000e+00, 
 2DIAGNOSTIC,    11, -6.190357674299e-01, 8.508666075448e-03, 0.0000e+00, 0.0000e+00, 
 2DIAGNOSTIC,    12, -6.213717702833e-01, 8.539562641536e-03, 0.0000e+00, 0.0000e+00, 
 2DIAGNOSTIC,    13, -6.250312290707e-01, 8.060814029453e-03, 0.0000e+00, 0.0000e+00, 
 2DIAGNOSTIC,    14, -6.325118490457e-01, 7.342772667962e-03, 0.0000e+00, 0.0000e+00, 
 2DIAGNOSTIC,    15, -6.380060889947e-01, 6.437885560657e-03, 0.0000e+00, 0.0000e+00, 
 2DIAGNOSTIC,    16, -6.408157246002e-01, 5.315594141417e-03, 0.0000e+00, 0.0000e+00, 
 2DIAGNOSTIC,    17, -6.418575542182e-01, 4.117533198527e-03, 0.0000e+00, 0.0000e+00, 
 2DIAGNOSTIC,    18, -6.439719746997e-01, 3.117865683351e-03, 0.0000e+00, 0.0000e+00, 
 2DIAGNOSTIC,    19, -6.519768589408e-01, 2.426242695325e-03, 0.0000e+00, 0.0000e+00, 
 2DIAGNOSTIC,    20, -6.646551021556e-01, 2.152404374799e-03, 0.0000e+00, 0.0000e+00, 
 2DIAGNOSTIC,    21, -6.853471817234e-01, 2.591744627328e-03, 0.0000e+00, 0.0000e+00, 
 2DIAGNOSTIC,    22, -7.367698228791e-01, 3.871250463137e-03, 0.0000e+00, 0.0000e+00, 
 2DIAGNOSTIC,    23, -7.412169281318e-01, 4.796248429315e-03, 0.0000e+00, 0.0000e+00, 
 2DIAGNOSTIC,    24, -7.447197894215e-01, 5.402326656618e-03, 0.0000e+00, 0.0000e+00, 
 2DIAGNOSTIC,    25, -7.484970991676e-01, 5.622888835372e-03, 0.0000e+00, 0.0000e+00, 
 2DIAGNOSTIC,    26, -7.499726091759e-01, 5.364570142825e-03, 0.0000e+00, 0.0000e+00, 
 2DIAGNOSTIC,    27, -7.506241655763e-01, 4.644294267740e-03, 0.0000e+00, 0.0000e+00, 
 2DIAGNOSTIC,    28, -7.516236544933e-01, 3.599454841092e-03, 0.0000e+00, 0.0000e+00, 
 2DIAGNOSTIC,    29, -7.552277831581e-01, 2.487717098834e-03, 0.0000e+00, 0.0000e+00, 
 2DIAGNOSTIC,    30, -7.555626531047e-01, 1.418832467586e-03, 0.0000e+00, 0.0000e+00, 
 2DIAGNOSTIC,    31, -7.559538470974e-01, 5.752143999546e-04, 0.0000e+00, 0.0000e+00, 
 2DIAGNOSTIC,    32, -7.560713266766e-01, 4.399082724138e-04, 0.0000e+00, 0.0000e+00, 
 2DIAGNOSTIC,    33, -7.562555985577e-01, 3.327004835785e-04, 0.0000e+00, 0.0000e+00, 
 2DIAGNOSTIC,    34, -7.565195957908e-01, 2.473638500399e-04, 0.0000e+00, 0.0000e+00, 
 2DIAGNOSTIC,    35, -7.570649360348e-01, 1.968265720230e-04, 0.0000e+00, 0.0000e+00, 
 2DIAGNOSTIC,    36, -7.571943998157e-01, 1.504261669780e-04, 0.0000e+00, 0.0000e+00, 
 2DIAGNOSTIC,    37, -7.582233998519e-01, 1.123285376239e-04, 0.0000e+00, 0.0000e+00, 
 2DIAGNOSTIC,    38, -7.582665785521e-01, 7.628581316155e-05, 0.0000e+00, 0.0000e+00, 
 2DIAGNOSTIC,    39, -7.597260799324e-01, 9.015162665473e-05, 0.0000e+00, 0.0000e+00, 
 2DIAGNOSTIC,    40, -7.607105821932e-01, 1.082204051669e-04, 0.0000e+00, 0.0000e+00, 
 2DIAGNOSTIC,    41, -7.608462138429e-01, 1.203376318347e-04, 0.0000e+00, 0.0000e+00, 
 2DIAGNOSTIC,    42, -7.608112646116e-01, 1.214631657831e-04, 0.0000e+00, 0.0000e+00, 
 2DIAGNOSTIC,    43, -7.610176934712e-01, 1.149309355342e-04, 0.0000e+00, 0.0000e+00, 
 2DIAGNOSTIC,    44, -7.610099314280e-01, 9.999689710307e-05, 0.0000e+00, 0.0000e+00, 
 2DIAGNOSTIC,    45, -7.608815594090e-01, 8.009078049799e-05, 0.0000e+00, 0.0000e+00, 
 2DIAGNOSTIC,    46, -7.608465562406e-01, 5.439081104077e-05, 0.0000e+00, 0.0000e+00, 
 2DIAGNOSTIC,    47, -7.608960204160e-01, 3.454999304122e-05, 0.0000e+00, 0.0000e+00, 
 2DIAGNOSTIC,    48, -7.610482724936e-01, 1.377272234403e-05, 0.0000e+00, 0.0000e+00, 
 2DIAGNOSTIC,    49, -7.610858616737e-01, 5.006181139435e-06, 0.0000e+00, 0.0000e+00, 
 2DIAGNOSTIC,    50, -7.612619212159e-01, 5.783054150121e-06, 0.0000e+00, 0.0000e+00, 
 2DIAGNOSTIC,    51, -7.618802837050e-01, 1.212350129936e-05, 0.0000e+00, 0.0000e+00, 
 2DIAGNOSTIC,    52, -7.616684879896e-01, 1.496619983554e-05, 0.0000e+00, 0.0000e+00, 
 2DIAGNOSTIC,    53, -7.616738912997e-01, 1.804525579618e-05, 0.0000e+00, 0.0000e+00, 
 2DIAGNOSTIC,    54, -7.617990038148e-01, 2.029228131126e-05, 0.0000e+00, 0.0000e+00, 
 2DIAGNOSTIC,    55, -7.618116610288e-01, 1.964762674684e-05, 0.0000e+00, 0.0000e+00, 
 2DIAGNOSTIC,    56, -7.618326818214e-01, 1.704434140260e-05, 0.0000e+00, 0.0000e+00, 
 2DIAGNOSTIC,    57, -7.620302475956e-01, 1.473689630671e-05, 0.0000e+00, 0.0000e+00, 
 2DIAGNOSTIC,    58, -7.620380558561e-01, 1.232183960601e-05, 0.0000e+00, 0.0000e+00, 
 2DIAGNOSTIC,    59, -7.619451365017e-01, 8.485191927386e-06, 0.0000e+00, 0.0000e+00, 
 2DIAGNOSTIC,    60, -7.618520467501e-01, 4.486434058343e-06, 0.0000e+00, 0.0000e+00, 
 2DIAGNOSTIC,    61, -7.620337663664e-01, 5.606509209138e-06, 0.0000e+00, 0.0000e+00, 
 2DIAGNOSTIC,    62, -7.630921391465e-01, 1.164446673162e-05, 0.0000e+00, 0.0000e+00, 
 2DIAGNOSTIC,    63, -7.628053303025e-01, 1.439846787798e-05, 0.0000e+00, 0.0000e+00, 
 2DIAGNOSTIC,    64, -7.629746126607e-01, 1.775877932765e-05, 0.0000e+00, 0.0000e+00, 
 2DIAGNOSTIC,    65, -7.627772668001e-01, 1.828459017667e-05, 0.0000e+00, 0.0000e+00, 
 2DIAGNOSTIC,    66, -7.627201857217e-01, 1.679997590628e-05, 0.0000e+00, 0.0000e+00, 
 2DIAGNOSTIC,    67, -7.626538958698e-01, 1.447179034718e-05, 0.0000e+00, 0.0000e+00, 
 2DIAGNOSTIC,    68, -7.622655509811e-01, 8.649264355551e-06, 0.0000e+00, 0.0000e+00, 
 2DIAGNOSTIC,    69, -7.625002529034e-01, 3.221344325260e-06, 0.0000e+00, 0.0000e+00, 
DIAGNOSTIC,Iteration,metricValue,convergenceValue,ITERATION_TIME_INDEX,SINCE_LAST
 2DIAGNOSTIC,     1, -6.094769971805e-01, 1.797693134862e+308, 0.0000e+00, 0.0000e+00, 
 2DIAGNOSTIC,     2, -6.103567549931e-01, 1.797693134862e+308, 0.0000e+00, 0.0000e+00, 
 2DIAGNOSTIC,     3, -6.112794873354e-01, 1.797693134862e+308, 0.0000e+00, 0.0000e+00, 
 2DIAGNOSTIC,     4, -6.120262668147e-01, 1.797693134862e+308, 0.0000e+00, 0.0000e+00, 
 2DIAGNOSTIC,     5, -6.125596852178e-01, 1.797693134862e+308, 0.0000e+00, 0.0000e+00, 
 2DIAGNOSTIC,     6, -6.135352497904e-01, 1.797693134862e+308, 0.0000e+00, 0.0000e+00, 
 2DIAGNOSTIC,     7, -6.162701202393e-01, 1.797693134862e+308, 0.0000e+00, 0.0000e+00, 
 2DIAGNOSTIC,     8, -6.168758450114e-01, 1.797693134862e+308, 0.0000e+00, 0.0000e+00, 
 2DIAGNOSTIC,     9, -6.177587292188e-01, 1.797693134862e+308, 0.0000e+00, 0.0000e+00, 
 2DIAGNOSTIC,    10, -6.180307765880e-01, 9.797729994129e-04, 0.0000e+00, 0.0000e+00, 
 2DIAGNOSTIC,    11, -6.187225133284e-01, 8.759176774410e-04, 0.0000e+00, 0.0000e+00, 
 2DIAGNOSTIC,    12, -6.198575259702e-01, 7.863450388707e-04, 0.0000e+00, 0.0000e+00, 
 2DIAGNOSTIC,    13, -6.202026166813e-01, 6.834616972343e-04, 0.0000e+00, 0.0000e+00, 
 2DIAGNOSTIC,    14, -6.202036534931e-01, 5.594866084908e-04, 0.0000e+00, 0.0000e+00, 
 2DIAGNOSTIC,    15, -6.202011844738e-01, 4.184824400526e-04, 0.0000e+00, 0.0000e+00, 
 2DIAGNOSTIC,    16, -6.201833919944e-01, 2.827128567125e-04, 0.0000e+00, 0.0000e+00, 
 2DIAGNOSTIC,    17, -6.201681504690e-01, 2.102804144210e-04, 0.0000e+00, 0.0000e+00, 
 2DIAGNOSTIC,    18, -6.201762285083e-01, 1.418876490194e-04, 0.0000e+00, 0.0000e+00, 
 2DIAGNOSTIC,    19, -6.201672219400e-01, 8.936314261818e-05, 0.0000e+00, 0.0000e+00, 
 2DIAGNOSTIC,    20, -6.201876309951e-01, 4.070291642057e-05, 0.0000e+00, 0.0000e+00, 
 2DIAGNOSTIC,    21, -6.201896430043e-01, 7.647577900269e-06, 0.0000e+00, 0.0000e+00, 
DIAGNOSTIC,Iteration,metricValue,convergenceValue,ITERATION_TIME_INDEX,SINCE_LAST
 2DIAGNOSTIC,     1, -5.330080475098e-01, 1.797693134862e+308, 0.0000e+00, 0.0000e+00, 
 2DIAGNOSTIC,     2, -5.332607044803e-01, 1.797693134862e+308, 0.0000e+00, 0.0000e+00, 
 2DIAGNOSTIC,     3, -5.336264516342e-01, 1.797693134862e+308, 0.0000e+00, 0.0000e+00, 
 2DIAGNOSTIC,     4, -5.340386058065e-01, 1.797693134862e+308, 0.0000e+00, 0.0000e+00, 
 2DIAGNOSTIC,     5, -5.345555593105e-01, 1.797693134862e+308, 0.0000e+00, 0.0000e+00, 
 2DIAGNOSTIC,     6, -5.356895734496e-01, 1.797693134862e+308, 0.0000e+00, 0.0000e+00, 
 2DIAGNOSTIC,     7, -5.358947923408e-01, 1.797693134862e+308, 0.0000e+00, 0.0000e+00, 
 2DIAGNOSTIC,     8, -5.358921609268e-01, 1.797693134862e+308, 0.0000e+00, 0.0000e+00, 
 2DIAGNOSTIC,     9, -5.358915344630e-01, 1.797693134862e+308, 0.0000e+00, 0.0000e+00, 
 2DIAGNOSTIC,    10, -5.358897430723e-01, 4.190335614415e-04, 0.0000e+00, 0.0000e+00, 
 2DIAGNOSTIC,    11, -5.358879161336e-01, 3.199340608682e-04, 0.0000e+00, 0.0000e+00, 
 2DIAGNOSTIC,    12, -5.358852780692e-01, 2.198148738458e-04, 0.0000e+00, 0.0000e+00, 
 2DIAGNOSTIC,    13, -5.358855478453e-01, 1.309732796558e-04, 0.0000e+00, 0.0000e+00, 
 2DIAGNOSTIC,    14, -5.358837586026e-01, 5.882044399404e-05, 0.0000e+00, 0.0000e+00, 
 2DIAGNOSTIC,    15, -5.358828246019e-01, 8.346112304658e-06, 0.0000e+00, 0.0000e+00, 
 2DIAGNOSTIC,    16, -5.358820011914e-01, 1.034773099179e-06, 0.0000e+00, 0.0000e+00, 
 2DIAGNOSTIC,    17, -5.358824569140e-01, 1.099252209605e-06, 0.0000e+00, 0.0000e+00, 
 2DIAGNOSTIC,    18, -5.358826011785e-01, 1.152953270543e-06, 1.2800e+02, 1.2800e+02, 
 2DIAGNOSTIC,    19, -5.358816293131e-01, 1.213633609762e-06, 1.2800e+02, 0.0000e+00, 
 2DIAGNOSTIC,    20, -5.358816193464e-01, 1.265710664736e-06, 1.2800e+02, 0.0000e+00, 
 2DIAGNOSTIC,    21, -5.358806540823e-01, 1.274069152991e-06, 1.2800e+02, 0.0000e+00, 
 2DIAGNOSTIC,    22, -5.358807180362e-01, 1.241246949821e-06, 1.2800e+02, 0.0000e+00, 
 2DIAGNOSTIC,    23, -5.358796757233e-01, 1.213015887035e-06, 1.2800e+02, 0.0000e+00, 
 2DIAGNOSTIC,    24, -5.358775989412e-01, 1.118905665162e-06, 1.2800e+02, 0.0000e+00, 
 2DIAGNOSTIC,    25, -5.358775972427e-01, 1.033804172622e-06, 1.2800e+02, 0.0000e+00, 
DIAGNOSTIC,Iteration,metricValue,convergenceValue,ITERATION_TIME_INDEX,SINCE_LAST
 2DIAGNOSTIC,     1, -4.895149639398e-01, 1.797693134862e+308, 1.2800e+02, 0.0000e+00, 
 2DIAGNOSTIC,     2, -4.895169714607e-01, 1.797693134862e+308, 1.2800e+02, 0.0000e+00, 
 2DIAGNOSTIC,     3, -4.895167860330e-01, 1.797693134862e+308, 1.2800e+02, 0.0000e+00, 
 2DIAGNOSTIC,     4, -4.895169412607e-01, 1.797693134862e+308, 1.2800e+02, 0.0000e+00, 
 2DIAGNOSTIC,     5, -4.895169766742e-01, 1.797693134862e+308, 1.2800e+02, 0.0000e+00, 
 2DIAGNOSTIC,     6, -4.895167022361e-01, 1.797693134862e+308, 1.2800e+02, 0.0000e+00, 
 2DIAGNOSTIC,     7, -4.895165912527e-01, 1.797693134862e+308, 1.2800e+02, 0.0000e+00, 
 2DIAGNOSTIC,     8, -4.895164633238e-01, 1.797693134862e+308, 1.2800e+02, 0.0000e+00, 
 2DIAGNOSTIC,     9, -4.895163186244e-01, 1.797693134862e+308, 1.2800e+02, 0.0000e+00, 
 2DIAGNOSTIC,    10, -4.895161630488e-01, 3.192228358734e-06, 1.2800e+02, 0.0000e+00, 
 2DIAGNOSTIC,    11, -4.895160072136e-01, 2.775501756092e-06, 1.2800e+02, 0.0000e+00, 
 2DIAGNOSTIC,    12, -4.895159746562e-01, 2.534763118622e-06, 1.2800e+02, 0.0000e+00, 
 2DIAGNOSTIC,    13, -4.895162367797e-01, 2.344569416529e-06, 1.2800e+02, 0.0000e+00, 
 2DIAGNOSTIC,    14, -4.895158666671e-01, 2.181390054284e-06, 1.2800e+02, 0.0000e+00, 
 2DIAGNOSTIC,    15, -4.895156094930e-01, 2.040498193787e-06, 1.2800e+02, 0.0000e+00, 
 2DIAGNOSTIC,    16, -4.895156364040e-01, 1.915941696060e-06, 1.2800e+02, 0.0000e+00, 
 2DIAGNOSTIC,    17, -4.895155370237e-01, 1.805145243103e-06, 2.5600e+02, 1.2800e+02, 
 2DIAGNOSTIC,    18, -4.895155615361e-01, 1.709287773294e-06, 2.5600e+02, 0.0000e+00, 
 2DIAGNOSTIC,    19, -4.895155641838e-01, 1.624756130185e-06, 2.5600e+02, 0.0000e+00, 
 2DIAGNOSTIC,    20, -4.895153449992e-01, 1.542758898437e-06, 2.5600e+02, 0.0000e+00, 
 2DIAGNOSTIC,    21, -4.895153757106e-01, 1.469714477627e-06, 2.5600e+02, 0.0000e+00, 
 2DIAGNOSTIC,    22, -4.895153814969e-01, 1.406329974661e-06, 2.5600e+02, 0.0000e+00, 
 2DIAGNOSTIC,    23, -4.895153760330e-01, 1.358753189393e-06, 2.5600e+02, 0.0000e+00, 
 2DIAGNOSTIC,    24, -4.895154737489e-01, 1.311009138298e-06, 2.5600e+02, 0.0000e+00, 
 2DIAGNOSTIC,    25, -4.895154679128e-01, 1.262311195141e-06, 2.5600e+02, 0.0000e+00, 
 2DIAGNOSTIC,    26, -4.895154682488e-01, 1.219021734902e-06, 2.5600e+02, 0.0000e+00, 
 2DIAGNOSTIC,    27, -4.895154674966e-01, 1.177140580039e-06, 2.5600e+02, 0.0000e+00, 
 2DIAGNOSTIC,    28, -4.895154668413e-01, 1.138786674112e-06, 2.5600e+02, 0.0000e+00, 
 2DIAGNOSTIC,    29, -4.895154668413e-01, 1.102977402148e-06, 2.5600e+02, 0.0000e+00, 
 2DIAGNOSTIC,    30, -4.895154668413e-01, 1.064715135717e-06, 2.5600e+02, 0.0000e+00, 
 2DIAGNOSTIC,    31, -4.895154668100e-01, 1.029106560940e-06, 2.5600e+02, 0.0000e+00, 
  Elapsed time (stage 0): 2.5600e+02


Total elapsed time: 2.5600e+02
Info [verificarlo]: loaded backend libinterflop_ieee.so
Info [interflop-ieee]: load backend with:
Info [interflop-ieee]: debug = false
Info [interflop-ieee]: debug-binary = false
Info [interflop-ieee]: no-backend-name = false
Info [interflop-ieee]: print-new-line = false
Info [interflop-ieee]: print-subnormal-normalized = false
Info [interflop-ieee]: count-op = false
All_Command_lines_OK
Using double precision for computations.
=============================================================================
The composite transform comprises the following transforms (in order): 
  1. /home/mdugre/scratch/mri-registration-rp/datasets/ds004513/derivatives/mri-registration-rp/0100/antsRegistration-r8-p23/sub-s025/rigid_Composite.h5[0] (type = Euler3DTransform)
  2. /home/mdugre/scratch/mri-registration-rp/datasets/ds004513/derivatives/mri-registration-rp/0100/antsRegistration-r8-p23/sub-s025/rigid_Composite.h5[1] (type = Euler3DTransform)
  3. /home/mdugre/scratch/mri-registration-rp/datasets/ds004513/derivatives/mri-registration-rp/0100/antsRegistration-r8-p23/sub-s025/rigid_Composite.h5[2] (type = Euler3DTransform)
=============================================================================
  number of levels = 4
  fixed image: /templateflow/tpl-MNI152NLin2009cAsym/tpl-MNI152NLin2009cAsym_res-01_desc-brain_T1w.nii.gz
  moving image: /home/mdugre/scratch/mri-registration-rp/datasets/ds004513/derivatives/mri-registration-rp/antsBrainExtraction/sub-s025/BrainExtractionBrain.nii.gz
Dimension = 3
Number of stages = 1
Use histogram matching = false
Winsorize image intensities = true
  Lower quantile = 0.005
  Upper quantile = 0.995


Stage 1 State
   Image metric = MattesMI
     Fixed image = Image (0x3c7a7e0)
  RTTI typeinfo:   itk::Image<double, 3u>
  Reference Count: 2
  Modified Time: 1594
  Debug: Off
  Object Name: 
  Observers: 
    none
  Source: (none)
  Source output name: (none)
  Release Data: Off
  Data Released: False
  Global Release Data: Off
  PipelineMTime: 0
  UpdateMTime: 1203
  RealTimeStamp: 0 seconds 
  LargestPossibleRegion: 
    Dimension: 3
    Index: [0, 0, 0]
    Size: [193, 229, 193]
  BufferedRegion: 
    Dimension: 3
    Index: [0, 0, 0]
    Size: [193, 229, 193]
  RequestedRegion: 
    Dimension: 3
    Index: [0, 0, 0]
    Size: [193, 229, 193]
  Spacing: [1, 1, 1]
  Origin: [96, 132, -78]
  Direction: 
-1 0 0
0 -1 0
0 0 1

  IndexToPointMatrix: 
-1 0 0
0 -1 0
0 0 1

  PointToIndexMatrix: 
-1 0 0
0 -1 0
0 0 1

  Inverse Direction: 
-1 0 0
0 -1 0
0 0 1

  PixelContainer: 
    ImportImageContainer (0x3d3aa20)
      RTTI typeinfo:   itk::ImportImageContainer<unsigned long, double>
      Reference Count: 1
      Modified Time: 1200
      Debug: Off
      Object Name: 
      Observers: 
        none
      Pointer: 0x14fddc915010
      Container manages memory: true
      Size: 8530021
      Capacity: 8530021

     Moving image = Image (0x3d45840)
  RTTI typeinfo:   itk::Image<double, 3u>
  Reference Count: 2
  Modified Time: 1595
  Debug: Off
  Object Name: 
  Observers: 
    none
  Source: (none)
  Source output name: (none)
  Release Data: Off
  Data Released: False
  Global Release Data: Off
  PipelineMTime: 0
  UpdateMTime: 1592
  RealTimeStamp: 0 seconds 
  LargestPossibleRegion: 
    Dimension: 3
    Index: [0, 0, 0]
    Size: [176, 240, 256]
  BufferedRegion: 
    Dimension: 3
    Index: [0, 0, 0]
    Size: [176, 240, 256]
  RequestedRegion: 
    Dimension: 3
    Index: [0, 0, 0]
    Size: [176, 240, 256]
  Spacing: [0.999999, 1, 1]
  Origin: [90.3778, 84.5091, -154.071]
  Direction: 
-0.999391 7.48184e-06 -0.0348969
-7.47664e-06 -1 -2.7953e-07
-0.0348969 -1.84481e-08 0.999391

  IndexToPointMatrix: 
-0.99939 7.48184e-06 -0.0348969
-7.47663e-06 -1 -2.7953e-07
-0.0348968 -1.84481e-08 0.999391

  PointToIndexMatrix: 
-0.999392 -7.47665e-06 -0.0348969
7.48184e-06 -1 -1.84481e-08
-0.0348969 -2.7953e-07 0.999391

  Inverse Direction: 
-0.999391 -7.47664e-06 -0.0348969
7.48184e-06 -1 -1.84481e-08
-0.0348969 -2.7953e-07 0.999391

  PixelContainer: 
    ImportImageContainer (0x3cedc90)
      RTTI typeinfo:   itk::ImportImageContainer<unsigned long, double>
      Reference Count: 1
      Modified Time: 1589
      Debug: Off
      Object Name: 
      Observers: 
        none
      Pointer: 0x14fdd7694010
      Container manages memory: true
      Size: 10813440
      Capacity: 10813440

     Weighting = 1
     Sampling strategy = regular
     Number of bins = 32
     Radius = 4
     Sampling percentage  = 0.25
   Transform = Affine
     Gradient step = 0.1
     Update field sigma (voxel space) = 0
     Total field sigma (voxel space) = 0
     Update field time sigma = 0
     Total field time sigma  = 0
     Number of time indices = 0
     Number of time point samples = 0
Registration using 1 total stages.

Stage 0
  iterations = 1000x500x250x100
  convergence threshold = 1e-06
  convergence window size = 10
  number of levels = 4
  using the Mattes MI metric (number of bins = 32, weight = 1, use gradient filter = 0)
  preprocessing:  winsorizing the image intensities
  Shrink factors (level 1 out of 4): [8, 8, 8]
  Shrink factors (level 2 out of 4): [4, 4, 4]
  Shrink factors (level 3 out of 4): [2, 2, 2]
  Shrink factors (level 4 out of 4): [1, 1, 1]
  smoothing sigmas per level: [3, 2, 1, 0]
  regular sampling (percentage = 0.25)

*** Running AffineTransform registration ***

DIAGNOSTIC,Iteration,metricValue,convergenceValue,ITERATION_TIME_INDEX,SINCE_LAST
 2DIAGNOSTIC,     1, -7.472752935371e-01, 1.797693134862e+308, 8.3095e-01, 8.3095e-01, 
 2DIAGNOSTIC,     2, -7.496757048815e-01, 1.797693134862e+308, 8.3509e-01, 4.1311e-03, 
 2DIAGNOSTIC,     3, -7.533165390830e-01, 1.797693134862e+308, 8.3904e-01, 3.9539e-03, 
 2DIAGNOSTIC,     4, -7.597418556678e-01, 1.797693134862e+308, 8.4298e-01, 3.9401e-03, 
 2DIAGNOSTIC,     5, -7.758447099954e-01, 1.797693134862e+308, 8.4705e-01, 4.0739e-03, 
 2DIAGNOSTIC,     6, -7.932269159825e-01, 1.797693134862e+308, 8.5089e-01, 3.8350e-03, 
 2DIAGNOSTIC,     7, -8.275974263274e-01, 1.797693134862e+308, 8.5537e-01, 4.4801e-03, 
 2DIAGNOSTIC,     8, -8.984358578867e-01, 1.797693134862e+308, 8.6004e-01, 4.6699e-03, 
 2DIAGNOSTIC,     9, -9.215857107067e-01, 1.797693134862e+308, 8.6482e-01, 4.7860e-03, 
 2DIAGNOSTIC,    10, -9.264640272680e-01, 1.624094330459e-02, 8.6918e-01, 4.3559e-03, 
 2DIAGNOSTIC,    11, -9.326605071674e-01, 1.598076220822e-02, 8.7504e-01, 5.8599e-03, 
 2DIAGNOSTIC,    12, -9.336862568252e-01, 1.443554539256e-02, 8.7985e-01, 4.8070e-03, 
 2DIAGNOSTIC,    13, -9.366315356982e-01, 1.200428042391e-02, 8.8475e-01, 4.9059e-03, 
 2DIAGNOSTIC,    14, -9.370076811105e-01, 9.028673011398e-03, 8.8924e-01, 4.4868e-03, 
 2DIAGNOSTIC,    15, -9.378287753352e-01, 6.064163557154e-03, 8.9612e-01, 6.8810e-03, 
 2DIAGNOSTIC,    16, -9.380976077163e-01, 3.318284621925e-03, 9.0046e-01, 4.3349e-03, 
 2DIAGNOSTIC,    17, -9.382755564249e-01, 1.253473377596e-03, 9.0494e-01, 4.4889e-03, 
 2DIAGNOSTIC,    18, -9.384831998445e-01, 6.018819362823e-04, 9.0928e-01, 4.3349e-03, 
 2DIAGNOSTIC,    19, -9.387158667256e-01, 3.682061616746e-04, 9.1512e-01, 5.8370e-03, 
 2DIAGNOSTIC,    20, -9.387663582675e-01, 2.033990949210e-04, 9.1995e-01, 4.8380e-03, 
 2DIAGNOSTIC,    21, -9.384898120313e-01, 1.278955551911e-04, 9.2506e-01, 5.1031e-03, 
 2DIAGNOSTIC,    22, -9.385327454225e-01, 6.273362288764e-05, 9.2955e-01, 4.4949e-03, 
 2DIAGNOSTIC,    23, -9.384432604750e-01, 3.770844312320e-05, 9.3448e-01, 4.9322e-03, 
 2DIAGNOSTIC,    24, -9.383808052367e-01, 1.537543206320e-05, 9.3942e-01, 4.9319e-03, 
 2DIAGNOSTIC,    25, -9.383143672078e-01, 3.256122214960e-06, 9.4385e-01, 4.4310e-03, 
DIAGNOSTIC,Iteration,metricValue,convergenceValue,ITERATION_TIME_INDEX,SINCE_LAST
 2DIAGNOSTIC,     1, -7.515825607584e-01, 1.797693134862e+308, 1.7203e+00, 7.7646e-01, 
 2DIAGNOSTIC,     2, -7.518497370103e-01, 1.797693134862e+308, 1.7577e+00, 3.7395e-02, 
 2DIAGNOSTIC,     3, -7.521456728006e-01, 1.797693134862e+308, 1.7893e+00, 3.1582e-02, 
 2DIAGNOSTIC,     4, -7.526137095501e-01, 1.797693134862e+308, 1.8219e+00, 3.2615e-02, 
 2DIAGNOSTIC,     5, -7.534701363137e-01, 1.797693134862e+308, 1.8616e+00, 3.9718e-02, 
 2DIAGNOSTIC,     6, -7.540415507499e-01, 1.797693134862e+308, 1.9235e+00, 6.1922e-02, 
 2DIAGNOSTIC,     7, -7.540602000009e-01, 1.797693134862e+308, 1.9556e+00, 3.2050e-02, 
 2DIAGNOSTIC,     8, -7.540650154346e-01, 1.797693134862e+308, 1.9875e+00, 3.1883e-02, 
 2DIAGNOSTIC,     9, -7.540756042586e-01, 1.797693134862e+308, 2.0230e+00, 3.5508e-02, 
 2DIAGNOSTIC,    10, -7.541040670130e-01, 2.515950921153e-04, 2.0549e+00, 3.1936e-02, 
 2DIAGNOSTIC,    11, -7.541099603860e-01, 1.839375677841e-04, 2.0867e+00, 3.1743e-02, 
 2DIAGNOSTIC,    12, -7.541233840381e-01, 1.204401894378e-04, 2.1226e+00, 3.5984e-02, 
 2DIAGNOSTIC,    13, -7.541640781341e-01, 6.603396453907e-05, 2.1543e+00, 3.1695e-02, 
 2DIAGNOSTIC,    14, -7.541839419345e-01, 2.627723053622e-05, 2.1866e+00, 3.2286e-02, 
 2DIAGNOSTIC,    15, -7.542122909003e-01, 1.146813428198e-05, 2.2185e+00, 3.1881e-02, 
 2DIAGNOSTIC,    16, -7.541913361624e-01, 1.061934151951e-05, 2.2544e+00, 3.5880e-02, 
 2DIAGNOSTIC,    17, -7.541638774574e-01, 8.909888540763e-06, 2.2899e+00, 3.5524e-02, 
 2DIAGNOSTIC,    18, -7.541439793570e-01, 6.431135902617e-06, 2.3262e+00, 3.6247e-02, 
 2DIAGNOSTIC,    19, -7.541516229948e-01, 4.118980380600e-06, 2.3618e+00, 3.5628e-02, 
 2DIAGNOSTIC,    20, -7.541269967823e-01, 1.869845989523e-06, 2.3945e+00, 3.2709e-02, 
DIAGNOSTIC,Iteration,metricValue,convergenceValue,ITERATION_TIME_INDEX,SINCE_LAST
 2DIAGNOSTIC,     1, -6.417159305465e-01, 1.797693134862e+308, 3.4524e+00, 1.0579e+00, 
 2DIAGNOSTIC,     2, -6.421174572433e-01, 1.797693134862e+308, 3.7298e+00, 2.7741e-01, 
 2DIAGNOSTIC,     3, -6.425579686842e-01, 1.797693134862e+308, 3.9799e+00, 2.5003e-01, 
 2DIAGNOSTIC,     4, -6.430437302358e-01, 1.797693134862e+308, 4.2290e+00, 2.4917e-01, 
 2DIAGNOSTIC,     5, -6.439118406934e-01, 1.797693134862e+308, 4.4784e+00, 2.4940e-01, 
 2DIAGNOSTIC,     6, -6.451598013389e-01, 1.797693134862e+308, 4.8421e+00, 3.6367e-01, 
 2DIAGNOSTIC,     7, -6.452106989102e-01, 1.797693134862e+308, 5.2638e+00, 4.2165e-01, 
 2DIAGNOSTIC,     8, -6.452097268173e-01, 1.797693134862e+308, 5.5669e+00, 3.0318e-01, 
 2DIAGNOSTIC,     9, -6.452035166534e-01, 1.797693134862e+308, 5.8217e+00, 2.5475e-01, 
 2DIAGNOSTIC,    10, -6.451953823584e-01, 4.116729702415e-04, 6.2317e+00, 4.0998e-01, 
 2DIAGNOSTIC,    11, -6.451959595654e-01, 3.043053513613e-04, 6.5535e+00, 3.2182e-01, 
 2DIAGNOSTIC,    12, -6.451947921725e-01, 2.026203355981e-04, 6.8045e+00, 2.5103e-01, 
 2DIAGNOSTIC,    13, -6.451923762509e-01, 1.139821298657e-04, 7.0701e+00, 2.6556e-01, 
 2DIAGNOSTIC,    14, -6.451930083506e-01, 4.294284211168e-05, 7.3510e+00, 2.8096e-01, 
 2DIAGNOSTIC,    15, -6.451920447553e-01, 2.141934864724e-06, 7.6056e+00, 2.5455e-01, 
DIAGNOSTIC,Iteration,metricValue,convergenceValue,ITERATION_TIME_INDEX,SINCE_LAST
 2DIAGNOSTIC,     1, -5.765702139115e-01, 1.797693134862e+308, 1.0528e+01, 2.9228e+00, 
 2DIAGNOSTIC,     2, -5.769797556398e-01, 1.797693134862e+308, 1.2198e+01, 1.6692e+00, 
 2DIAGNOSTIC,     3, -5.774452140859e-01, 1.797693134862e+308, 1.3945e+01, 1.7470e+00, 
 2DIAGNOSTIC,     4, -5.779716391407e-01, 1.797693134862e+308, 1.5577e+01, 1.6324e+00, 
 2DIAGNOSTIC,     5, -5.785976015347e-01, 1.797693134862e+308, 1.7141e+01, 1.5641e+00, 
 2DIAGNOSTIC,     6, -5.793831991163e-01, 1.797693134862e+308, 2.1155e+01, 4.0143e+00, 
 2DIAGNOSTIC,     7, -5.793834923281e-01, 1.797693134862e+308, 2.3639e+01, 2.4834e+00, 
 2DIAGNOSTIC,     8, -5.793834181489e-01, 1.797693134862e+308, 2.5552e+01, 1.9136e+00, 
 2DIAGNOSTIC,     9, -5.793830434718e-01, 1.797693134862e+308, 2.7100e+01, 1.5480e+00, 
 2DIAGNOSTIC,    10, -5.793830214032e-01, 3.501663906852e-04, 2.9010e+01, 1.9100e+00, 
 2DIAGNOSTIC,    11, -5.793826833434e-01, 2.464544883387e-04, 3.0804e+01, 1.7938e+00, 
 2DIAGNOSTIC,    12, -5.793828438466e-01, 1.549962530136e-04, 3.2655e+01, 1.8510e+00, 
 2DIAGNOSTIC,    13, -5.793826468108e-01, 8.164883798932e-05, 3.4279e+01, 1.6236e+00, 
 2DIAGNOSTIC,    14, -5.793823707927e-01, 2.975863187439e-05, 3.6053e+01, 1.7743e+00, 
 2DIAGNOSTIC,    15, -5.793825246942e-01, 2.046179331430e-06, 3.7799e+01, 1.7462e+00, 
 2DIAGNOSTIC,    16, -5.793821732654e-01, 1.906644759131e-06, 3.9662e+01, 1.8623e+00, 
 2DIAGNOSTIC,    17, -5.793820872435e-01, 1.797325259172e-06, 4.1395e+01, 1.7336e+00, 
 2DIAGNOSTIC,    18, -5.793820284426e-01, 1.703779884232e-06, 4.3025e+01, 1.6295e+00, 
 2DIAGNOSTIC,    19, -5.793821835026e-01, 1.620411567434e-06, 4.4799e+01, 1.7738e+00, 
 2DIAGNOSTIC,    20, -5.793822975262e-01, 1.552814861375e-06, 4.6532e+01, 1.7333e+00, 
 2DIAGNOSTIC,    21, -5.793820977160e-01, 1.482526189041e-06, 4.8383e+01, 1.8515e+00, 
 2DIAGNOSTIC,    22, -5.793820362107e-01, 1.424348339121e-06, 5.0369e+01, 1.9861e+00, 
 2DIAGNOSTIC,    23, -5.793819643196e-01, 1.367737121234e-06, 5.2303e+01, 1.9332e+00, 
 2DIAGNOSTIC,    24, -5.793818715731e-01, 1.309526691931e-06, 5.4026e+01, 1.7238e+00, 
 2DIAGNOSTIC,    25, -5.793817583746e-01, 1.258490426710e-06, 5.5731e+01, 1.7044e+00, 
 2DIAGNOSTIC,    26, -5.793815205283e-01, 1.201801757361e-06, 5.7636e+01, 1.9049e+00, 
 2DIAGNOSTIC,    27, -5.793815830833e-01, 1.151206643603e-06, 5.9753e+01, 2.1171e+00, 
 2DIAGNOSTIC,    28, -5.793814578042e-01, 1.103414515508e-06, 6.1575e+01, 1.8221e+00, 
 2DIAGNOSTIC,    29, -5.793813372756e-01, 1.062583265279e-06, 6.3339e+01, 1.7643e+00, 
 2DIAGNOSTIC,    30, -5.793812372421e-01, 1.028168683456e-06, 6.5086e+01, 1.7468e+00, 
  Elapsed time (stage 0): 6.6103e+01


Total elapsed time: 6.6105e+01
Info [verificarlo]: loaded backend libinterflop_ieee.so
Info [interflop-ieee]: load backend with:
Info [interflop-ieee]: debug = false
Info [interflop-ieee]: debug-binary = false
Info [interflop-ieee]: no-backend-name = false
Info [interflop-ieee]: print-new-line = false
Info [interflop-ieee]: print-subnormal-normalized = false
Info [interflop-ieee]: count-op = false
All_Command_lines_OK
Using double precision for computations.
=============================================================================
The composite transform comprises the following transforms (in order): 
  1. /home/mdugre/scratch/mri-registration-rp/datasets/ds004513/derivatives/mri-registration-rp/0100/antsRegistration-r8-p23/sub-s025/affine_Composite.h5[0] (type = Euler3DTransform)
  2. /home/mdugre/scratch/mri-registration-rp/datasets/ds004513/derivatives/mri-registration-rp/0100/antsRegistration-r8-p23/sub-s025/affine_Composite.h5[1] (type = Euler3DTransform)
  3. /home/mdugre/scratch/mri-registration-rp/datasets/ds004513/derivatives/mri-registration-rp/0100/antsRegistration-r8-p23/sub-s025/affine_Composite.h5[2] (type = Euler3DTransform)
  4. /home/mdugre/scratch/mri-registration-rp/datasets/ds004513/derivatives/mri-registration-rp/0100/antsRegistration-r8-p23/sub-s025/affine_Composite.h5[3] (type = AffineTransform)
=============================================================================
  number of levels = 4
  fixed image: /templateflow/tpl-MNI152NLin2009cAsym/tpl-MNI152NLin2009cAsym_res-01_desc-brain_T1w.nii.gz
