
##########################
# Experiment information #
##########################

EXPERIMENT_NAME: antsRegistration-r7-p11
VFC_BACKENDS: libinterflop_vprec.so --range-binary32=7 --precision-binary32=11 --range-binary64=7 --precision-binary64=11

SIF_IMG: /home/mdugre/projects/rrg-glatard/mdugre/containers/ants-vprec-no_metrics.simg

SUBJECT_ID: s025
INPUT_IMG: /home/mdugre/scratch/mri-registration-rp/datasets/ds004513/derivatives/mri-registration-rp/antsBrainExtraction/sub-s025/BrainExtractionBrain.nii.gz
OUTPUT_DIR: /home/mdugre/scratch/mri-registration-rp/datasets/ds004513/derivatives/mri-registration-rp/0100/antsRegistration-r7-p11/sub-s025

FIXED_IMG: /templateflow/tpl-MNI152NLin2009cAsym/tpl-MNI152NLin2009cAsym_res-01_desc-brain_T1w.nii.gz
DATA_DIR: /home/mdugre/scratch/mri-registration-rp/datasets/ds004513
TEMPLATEFLOW_DIR: /home/mdugre/projects/rrg-glatard/mdugre/templateflow
ITK_GLOBAL_DEFAULT_NUMBER_OF_THREADS: 16
##########################

Info [verificarlo]: loaded backend libinterflop_ieee.so
Info [interflop-ieee]: load backend with:
Info [interflop-ieee]: debug = false
Info [interflop-ieee]: debug-binary = false
Info [interflop-ieee]: no-backend-name = false
Info [interflop-ieee]: print-new-line = false
Info [interflop-ieee]: print-subnormal-normalized = false
Info [interflop-ieee]: count-op = false
All_Command_lines_OK
Using double precision for computations.
=============================================================================
The composite transform comprises the following transforms (in order): 
  1. Center of mass alignment using fixed image: /templateflow/tpl-MNI152NLin2009cAsym/tpl-MNI152NLin2009cAsym_res-01_desc-brain_T1w.nii.gz and moving image: /home/mdugre/scratch/mri-registration-rp/datasets/ds004513/derivatives/mri-registration-rp/antsBrainExtraction/sub-s025/BrainExtractionBrain.nii.gz (type = Euler3DTransform)
=============================================================================
  number of levels = 1
  fixed image: /templateflow/tpl-MNI152NLin2009cAsym/tpl-MNI152NLin2009cAsym_res-01_desc-brain_T1w.nii.gz
  moving image: /home/mdugre/scratch/mri-registration-rp/datasets/ds004513/derivatives/mri-registration-rp/antsBrainExtraction/sub-s025/BrainExtractionBrain.nii.gz
Dimension = 3
Number of stages = 1
Use histogram matching = false
Winsorize image intensities = true
  Lower quantile = 0.005
  Upper quantile = 0.995


Stage 1 State
   Image metric = MattesMI
     Fixed image = Image (0x3662e70)
  RTTI typeinfo:   itk::Image<double, 3u>
  Reference Count: 2
  Modified Time: 2334
  Debug: Off
  Object Name: 
  Observers: 
    none
  Source: (none)
  Source output name: (none)
  Release Data: Off
  Data Released: False
  Global Release Data: Off
  PipelineMTime: 0
  UpdateMTime: 1943
  RealTimeStamp: 0 seconds 
  LargestPossibleRegion: 
    Dimension: 3
    Index: [0, 0, 0]
    Size: [193, 229, 193]
  BufferedRegion: 
    Dimension: 3
    Index: [0, 0, 0]
    Size: [193, 229, 193]
  RequestedRegion: 
    Dimension: 3
    Index: [0, 0, 0]
    Size: [193, 229, 193]
  Spacing: [1, 1, 1]
  Origin: [96, 132, -78]
  Direction: 
-1 0 0
0 -1 0
0 0 1

  IndexToPointMatrix: 
-1 0 0
0 -1 0
0 0 1

  PointToIndexMatrix: 
-1 0 0
0 -1 0
0 0 1

  Inverse Direction: 
-1 0 0
0 -1 0
0 0 1

  PixelContainer: 
    ImportImageContainer (0x366bc60)
      RTTI typeinfo:   itk::ImportImageContainer<unsigned long, double>
      Reference Count: 1
      Modified Time: 1940
      Debug: Off
      Object Name: 
      Observers: 
        none
      Pointer: 0x154eca3fc010
      Container manages memory: true
      Size: 8530021
      Capacity: 8530021

     Moving image = Image (0x366e610)
  RTTI typeinfo:   itk::Image<double, 3u>
  Reference Count: 2
  Modified Time: 2335
  Debug: Off
  Object Name: 
  Observers: 
    none
  Source: (none)
  Source output name: (none)
  Release Data: Off
  Data Released: False
  Global Release Data: Off
  PipelineMTime: 0
  UpdateMTime: 2332
  RealTimeStamp: 0 seconds 
  LargestPossibleRegion: 
    Dimension: 3
    Index: [0, 0, 0]
    Size: [176, 240, 256]
  BufferedRegion: 
    Dimension: 3
    Index: [0, 0, 0]
    Size: [176, 240, 256]
  RequestedRegion: 
    Dimension: 3
    Index: [0, 0, 0]
    Size: [176, 240, 256]
  Spacing: [0.999999, 1, 1]
  Origin: [90.3778, 84.5091, -154.071]
  Direction: 
-0.999391 7.48184e-06 -0.0348969
-7.47664e-06 -1 -2.7953e-07
-0.0348969 -1.84481e-08 0.999391

  IndexToPointMatrix: 
-0.99939 7.48184e-06 -0.0348969
-7.47663e-06 -1 -2.7953e-07
-0.0348968 -1.84481e-08 0.999391

  PointToIndexMatrix: 
-0.999392 -7.47665e-06 -0.0348969
7.48184e-06 -1 -1.84481e-08
-0.0348969 -2.7953e-07 0.999391

  Inverse Direction: 
-0.999391 -7.47664e-06 -0.0348969
7.48184e-06 -1 -1.84481e-08
-0.0348969 -2.7953e-07 0.999391

  PixelContainer: 
    ImportImageContainer (0x3707ef0)
      RTTI typeinfo:   itk::ImportImageContainer<unsigned long, double>
      Reference Count: 1
      Modified Time: 2329
      Debug: Off
      Object Name: 
      Observers: 
        none
      Pointer: 0x154ec517b010
      Container manages memory: true
      Size: 10813440
      Capacity: 10813440

     Weighting = 1
     Sampling strategy = regular
     Number of bins = 32
     Radius = 4
     Sampling percentage  = 0.25
   Transform = Rigid
     Gradient step = 0.1
     Update field sigma (voxel space) = 0
     Total field sigma (voxel space) = 0
     Update field time sigma = 0
     Total field time sigma  = 0
     Number of time indices = 0
     Number of time point samples = 0
Registration using 1 total stages.

Stage 0
  iterations = 0
  convergence threshold = 1e-06
  convergence window size = 10
  number of levels = 1
  using the Mattes MI metric (number of bins = 32, weight = 1, use gradient filter = 0)
  preprocessing:  winsorizing the image intensities
  Shrink factors (level 1 out of 1): [1, 1, 1]
  smoothing sigmas per level: [0]
  regular sampling (percentage = 0.25)

*** Running Euler3DTransform registration ***

  Elapsed time (stage 0): 1.15026


Total elapsed time: 1.15244
Info [verificarlo]: loaded backend libinterflop_vprec.so
Info [interflop-vprec]: load backend with: 
Info [interflop-vprec]: precision-binary32 = 11
Info [interflop-vprec]: range-binary32 = 7
Info [interflop-vprec]: precision-binary64 = 11
Info [interflop-vprec]: range-binary64 = 7
Info [interflop-vprec]: mode = ob
Info [interflop-vprec]: error-mode = rel
Info [interflop-vprec]: max-abs-error-exponent = -1022
Info [interflop-vprec]: daz = false
Info [interflop-vprec]: ftz = false
Info [interflop-vprec]: 	instrument = none
Info [interflop-vprec]: 	prec-input-file = (null)
Info [interflop-vprec]: 	prec-output-file = (null)
Info [interflop-vprec]: 	prec-log-file = (null)
All_Command_lines_OK
Using double precision for computations.
=============================================================================
The composite transform comprises the following transforms (in order): 
  1. /home/mdugre/scratch/mri-registration-rp/datasets/ds004513/derivatives/mri-registration-rp/0100/antsRegistration-r7-p11/sub-s025/align_Composite.h5[0] (type = Euler3DTransform)
  2. /home/mdugre/scratch/mri-registration-rp/datasets/ds004513/derivatives/mri-registration-rp/0100/antsRegistration-r7-p11/sub-s025/align_Composite.h5[1] (type = Euler3DTransform)
=============================================================================
  number of levels = 4
  fixed image: /templateflow/tpl-MNI152NLin2009cAsym/tpl-MNI152NLin2009cAsym_res-01_desc-brain_T1w.nii.gz
  moving image: /home/mdugre/scratch/mri-registration-rp/datasets/ds004513/derivatives/mri-registration-rp/antsBrainExtraction/sub-s025/BrainExtractionBrain.nii.gz
Dimension = 3
Number of stages = 1
Use histogram matching = false
Winsorize image intensities = true
  Lower quantile = 0.005
  Upper quantile = 0.995


Stage 1 State
   Image metric = MattesMI
     Fixed image = Image (0x3c591e0)
  RTTI typeinfo:   itk::Image<double, 3u>
  Reference Count: 2
  Modified Time: 1578
  Debug: Off
  Object Name: 
  Observers: 
    none
  Source: (none)
  Source output name: (none)
  Release Data: Off
  Data Released: False
  Global Release Data: Off
  PipelineMTime: 0
  UpdateMTime: 1189
  RealTimeStamp: 0 seconds 
  LargestPossibleRegion: 
    Dimension: 3
    Index: [0, 0, 0]
    Size: [193, 229, 193]
  BufferedRegion: 
    Dimension: 3
    Index: [0, 0, 0]
    Size: [193, 229, 193]
  RequestedRegion: 
    Dimension: 3
    Index: [0, 0, 0]
    Size: [193, 229, 193]
  Spacing: [1, 1, 1]
  Origin: [96, 132, -78]
  Direction: 
-1 0 0
0 -1 0
0 0 1

  IndexToPointMatrix: 
-1 0 0
0 -1 0
0 0 1

  PointToIndexMatrix: 
-1 0 0
0 -1 0
0 0 1

  Inverse Direction: 
-1 0 0
0 -1 0
0 0 1

  PixelContainer: 
    ImportImageContainer (0x3d18680)
      RTTI typeinfo:   itk::ImportImageContainer<unsigned long, double>
      Reference Count: 1
      Modified Time: 1186
      Debug: Off
      Object Name: 
      Observers: 
        none
      Pointer: 0x14f9915e2010
      Container manages memory: true
      Size: 8530021
      Capacity: 8530021

     Moving image = Image (0x3d14b20)
  RTTI typeinfo:   itk::Image<double, 3u>
  Reference Count: 2
  Modified Time: 1579
  Debug: Off
  Object Name: 
  Observers: 
    none
  Source: (none)
  Source output name: (none)
  Release Data: Off
  Data Released: False
  Global Release Data: Off
  PipelineMTime: 0
  UpdateMTime: 1576
  RealTimeStamp: 0 seconds 
  LargestPossibleRegion: 
    Dimension: 3
    Index: [0, 0, 0]
    Size: [176, 240, 256]
  BufferedRegion: 
    Dimension: 3
    Index: [0, 0, 0]
    Size: [176, 240, 256]
  RequestedRegion: 
    Dimension: 3
    Index: [0, 0, 0]
    Size: [176, 240, 256]
  Spacing: [1, 1, 1]
  Origin: [90.375, 84.5, -154.062]
  Direction: 
-0.999512 7.48038e-06 -0.0348969
-7.47666e-06 -1 -2.7963e-07
-0.0348969 -1.84518e-08 0.999512

  IndexToPointMatrix: 
-0.999512 7.48038e-06 -0.0348969
-7.47666e-06 -1 -2.7963e-07
-0.0348969 -1.84518e-08 0.999512

  PointToIndexMatrix: 
-0.999512 -7.47666e-06 -0.0348969
7.47666e-06 -1 1.30502e-07
-0.0348969 -1.30502e-07 0.999512

  Inverse Direction: 
-0.999512 -7.47666e-06 -0.0348969
7.47666e-06 -1 1.30502e-07
-0.0348969 -1.30502e-07 0.999512

  PixelContainer: 
    ImportImageContainer (0x3d7dd50)
      RTTI typeinfo:   itk::ImportImageContainer<unsigned long, double>
      Reference Count: 1
      Modified Time: 1573
      Debug: Off
      Object Name: 
      Observers: 
        none
      Pointer: 0x14f98c361010
      Container manages memory: true
      Size: 10813440
      Capacity: 10813440

     Weighting = 1
     Sampling strategy = regular
     Number of bins = 32
     Radius = 4
     Sampling percentage  = 0.25
   Transform = Rigid
     Gradient step = 0.1
     Update field sigma (voxel space) = 0
     Total field sigma (voxel space) = 0
     Update field time sigma = 0
     Total field time sigma  = 0
     Number of time indices = 0
     Number of time point samples = 0
Registration using 1 total stages.

Stage 0
  iterations = 1000x500x250x100
  convergence threshold = 1e-06
  convergence window size = 10
  number of levels = 4
  using the Mattes MI metric (number of bins = 32, weight = 1, use gradient filter = 0)
  preprocessing:  winsorizing the image intensities
  Shrink factors (level 1 out of 4): [8, 8, 8]
  Shrink factors (level 2 out of 4): [4, 4, 4]
  Shrink factors (level 3 out of 4): [2, 2, 2]
  Shrink factors (level 4 out of 4): [1, 1, 1]
  smoothing sigmas per level: [3, 2, 1, 0]
  regular sampling (percentage = 0.25)

*** Running Euler3DTransform registration ***

DIAGNOSTIC,Iteration,metricValue,convergenceValue,ITERATION_TIME_INDEX,SINCE_LAST
 2DIAGNOSTIC,     1, -5.318590567629e-01, 1.797693134862e+308, 0.0000e+00, 0.0000e+00, 
 2DIAGNOSTIC,     2, -5.324648132661e-01, 1.797693134862e+308, 0.0000e+00, 0.0000e+00, 
 2DIAGNOSTIC,     3, -5.334995203017e-01, 1.797693134862e+308, 0.0000e+00, 0.0000e+00, 
 2DIAGNOSTIC,     4, -5.348868267285e-01, 1.797693134862e+308, 0.0000e+00, 0.0000e+00, 
 2DIAGNOSTIC,     5, -5.375296622249e-01, 1.797693134862e+308, 0.0000e+00, 0.0000e+00, 
 2DIAGNOSTIC,     6, -5.407012304927e-01, 1.797693134862e+308, 0.0000e+00, 0.0000e+00, 
 2DIAGNOSTIC,     7, -5.447388383451e-01, 1.797693134862e+308, 0.0000e+00, 0.0000e+00, 
 2DIAGNOSTIC,     8, -5.640394573345e-01, 1.797693134862e+308, 0.0000e+00, 0.0000e+00, 
 2DIAGNOSTIC,     9, -5.783148894288e-01, 1.797693134862e+308, 0.0000e+00, 0.0000e+00, 
 2DIAGNOSTIC,    10, -7.129568082605e-01, 1.254630337681e-02, 0.0000e+00, 0.0000e+00, 
 2DIAGNOSTIC,    11, -7.475711435785e-01, 1.856560937312e-02, 0.0000e+00, 0.0000e+00, 
 2DIAGNOSTIC,    12, -7.476621319518e-01, 2.175098765135e-02, 0.0000e+00, 0.0000e+00, 
 2DIAGNOSTIC,    13, -7.473704958385e-01, 2.251437208592e-02, 0.0000e+00, 0.0000e+00, 
 2DIAGNOSTIC,    14, -7.474349390185e-01, 2.117525932700e-02, 0.0000e+00, 0.0000e+00, 
 2DIAGNOSTIC,    15, -7.472135203338e-01, 1.815139366977e-02, 0.0000e+00, 0.0000e+00, 
 2DIAGNOSTIC,    16, -7.471943297110e-01, 1.399923971890e-02, 0.0000e+00, 0.0000e+00, 
 2DIAGNOSTIC,    17, -7.471865114378e-01, 9.294282371796e-03, 0.0000e+00, 0.0000e+00, 
 2DIAGNOSTIC,    18, -7.471562110561e-01, 4.861735904774e-03, 0.0000e+00, 0.0000e+00, 
 2DIAGNOSTIC,    19, -7.471377636515e-01, 7.685723205125e-04, 0.0000e+00, 0.0000e+00, 
DIAGNOSTIC,Iteration,metricValue,convergenceValue,ITERATION_TIME_INDEX,SINCE_LAST
 2DIAGNOSTIC,     1, -6.144299320849e-01, 1.797693134862e+308, 0.0000e+00, 0.0000e+00, 
 2DIAGNOSTIC,     2, -6.144812850665e-01, 1.797693134862e+308, 0.0000e+00, 0.0000e+00, 
 2DIAGNOSTIC,     3, -6.146122818719e-01, 1.797693134862e+308, 0.0000e+00, 0.0000e+00, 
 2DIAGNOSTIC,     4, -6.146204294577e-01, 1.797693134862e+308, 0.0000e+00, 0.0000e+00, 
 2DIAGNOSTIC,     5, -6.146079790066e-01, 1.797693134862e+308, 0.0000e+00, 0.0000e+00, 
 2DIAGNOSTIC,     6, -6.146079790066e-01, 1.797693134862e+308, 0.0000e+00, 0.0000e+00, 
 2DIAGNOSTIC,     7, -6.146079790066e-01, 1.797693134862e+308, 0.0000e+00, 0.0000e+00, 
 2DIAGNOSTIC,     8, -6.145455115081e-01, 1.797693134862e+308, 0.0000e+00, 0.0000e+00, 
 2DIAGNOSTIC,     9, -6.145455115081e-01, 1.797693134862e+308, 0.0000e+00, 0.0000e+00, 
 2DIAGNOSTIC,    10, -6.145455115081e-01, 5.508692399459e-06, 0.0000e+00, 0.0000e+00, 
DIAGNOSTIC,Iteration,metricValue,convergenceValue,ITERATION_TIME_INDEX,SINCE_LAST
 2DIAGNOSTIC,     1, -5.274755643666e-01, 1.797693134862e+308, 0.0000e+00, 0.0000e+00, 
 2DIAGNOSTIC,     2, -5.274087190292e-01, 1.797693134862e+308, 0.0000e+00, 0.0000e+00, 
 2DIAGNOSTIC,     3, -5.274497023819e-01, 1.797693134862e+308, 0.0000e+00, 0.0000e+00, 
 2DIAGNOSTIC,     4, -5.274649416135e-01, 1.797693134862e+308, 0.0000e+00, 0.0000e+00, 
 2DIAGNOSTIC,     5, -5.275130452040e-01, 1.797693134862e+308, 0.0000e+00, 0.0000e+00, 
 2DIAGNOSTIC,     6, -5.275793063451e-01, 1.797693134862e+308, 0.0000e+00, 0.0000e+00, 
 2DIAGNOSTIC,     7, -5.276932099346e-01, 1.797693134862e+308, 0.0000e+00, 0.0000e+00, 
 2DIAGNOSTIC,     8, -5.280345140362e-01, 1.797693134862e+308, 0.0000e+00, 0.0000e+00, 
 2DIAGNOSTIC,     9, -5.284276485596e-01, 1.797693134862e+308, 0.0000e+00, 0.0000e+00, 
 2DIAGNOSTIC,    10, -5.289583522051e-01, 1.562081656629e-04, 0.0000e+00, 0.0000e+00, 
 2DIAGNOSTIC,    11, -5.299595686804e-01, 2.352129362218e-04, 0.0000e+00, 0.0000e+00, 
 2DIAGNOSTIC,    12, -5.308612437031e-01, 3.164349007120e-04, 0.0000e+00, 0.0000e+00, 
 2DIAGNOSTIC,    13, -5.322618021446e-01, 4.156143772959e-04, 0.0000e+00, 0.0000e+00, 
 2DIAGNOSTIC,    14, -5.335423604244e-01, 5.116274905392e-04, 0.0000e+00, 0.0000e+00, 
 2DIAGNOSTIC,    15, -5.344421537105e-01, 5.814137348219e-04, 0.0000e+00, 0.0000e+00, 
 2DIAGNOSTIC,    16, -5.349368825714e-01, 6.078070785472e-04, 0.0000e+00, 0.0000e+00, 
 2DIAGNOSTIC,    17, -5.352628295253e-01, 5.889036217893e-04, 0.0000e+00, 0.0000e+00, 
 2DIAGNOSTIC,    18, -5.351200543233e-01, 5.233949422718e-04, 0.0000e+00, 0.0000e+00, 
 2DIAGNOSTIC,    19, -5.351585215800e-01, 4.284579644119e-04, 0.0000e+00, 0.0000e+00, 
 2DIAGNOSTIC,    20, -5.354783825369e-01, 3.256756523651e-04, 0.0000e+00, 0.0000e+00, 
 2DIAGNOSTIC,    21, -5.357865557308e-01, 2.354981269091e-04, 0.0000e+00, 0.0000e+00, 
 2DIAGNOSTIC,    22, -5.358554935529e-01, 1.546968263659e-04, 0.0000e+00, 0.0000e+00, 
 2DIAGNOSTIC,    23, -5.356246118309e-01, 9.348504494303e-05, 0.0000e+00, 0.0000e+00, 
 2DIAGNOSTIC,    24, -5.358136574268e-01, 6.131330841683e-05, 0.0000e+00, 0.0000e+00, 
 2DIAGNOSTIC,    25, -5.356584192181e-01, 4.133197775514e-05, 0.0000e+00, 0.0000e+00, 
 2DIAGNOSTIC,    26, -5.358954824560e-01, 3.375825237459e-05, 0.0000e+00, 0.0000e+00, 
 2DIAGNOSTIC,    27, -5.360704927633e-01, 3.353447661245e-05, 0.0000e+00, 0.0000e+00, 
 2DIAGNOSTIC,    28, -5.361288439594e-01, 2.867146027579e-05, 0.0000e+00, 0.0000e+00, 
 2DIAGNOSTIC,    29, -5.361101080406e-01, 2.176905236062e-05, 0.0000e+00, 0.0000e+00, 
 2DIAGNOSTIC,    30, -5.361891948648e-01, 2.025257317030e-05, 0.0000e+00, 0.0000e+00, 
 2DIAGNOSTIC,    31, -5.361258968465e-01, 2.100656773345e-05, 0.0000e+00, 0.0000e+00, 
 2DIAGNOSTIC,    32, -5.360477805203e-01, 1.964959691494e-05, 0.0000e+00, 0.0000e+00, 
 2DIAGNOSTIC,    33, -5.360620596220e-01, 1.297523183132e-05, 0.0000e+00, 0.0000e+00, 
 2DIAGNOSTIC,    34, -5.361054423404e-01, 9.229109047194e-06, 0.0000e+00, 0.0000e+00, 
 2DIAGNOSTIC,    35, -5.360899571138e-01, 2.112457499630e-06, 0.0000e+00, 0.0000e+00, 
DIAGNOSTIC,Iteration,metricValue,convergenceValue,ITERATION_TIME_INDEX,SINCE_LAST
 2DIAGNOSTIC,     1, -4.900008343556e-01, 1.797693134862e+308, 0.0000e+00, 0.0000e+00, 
 2DIAGNOSTIC,     2, -4.900242149540e-01, 1.797693134862e+308, 0.0000e+00, 0.0000e+00, 
 2DIAGNOSTIC,     3, -4.899340174296e-01, 1.797693134862e+308, 0.0000e+00, 0.0000e+00, 
 2DIAGNOSTIC,     4, -4.899472337357e-01, 1.797693134862e+308, 0.0000e+00, 0.0000e+00, 
 2DIAGNOSTIC,     5, -4.899497421975e-01, 1.797693134862e+308, 0.0000e+00, 0.0000e+00, 
 2DIAGNOSTIC,     6, -4.899453478020e-01, 1.797693134862e+308, 0.0000e+00, 0.0000e+00, 
 2DIAGNOSTIC,     7, -4.899453447788e-01, 1.797693134862e+308, 0.0000e+00, 0.0000e+00, 
 2DIAGNOSTIC,     8, -4.899433193663e-01, 1.797693134862e+308, 0.0000e+00, 0.0000e+00, 
 2DIAGNOSTIC,     9, -4.899419437817e-01, 1.797693134862e+308, 0.0000e+00, 0.0000e+00, 
  Elapsed time (stage 0): 0.0000e+00


Total elapsed time: 0.0000e+00
Info [verificarlo]: loaded backend libinterflop_ieee.so
Info [interflop-ieee]: load backend with:
Info [interflop-ieee]: debug = false
Info [interflop-ieee]: debug-binary = false
Info [interflop-ieee]: no-backend-name = false
Info [interflop-ieee]: print-new-line = false
Info [interflop-ieee]: print-subnormal-normalized = false
Info [interflop-ieee]: count-op = false
All_Command_lines_OK
Using double precision for computations.
=============================================================================
The composite transform comprises the following transforms (in order): 
  1. /home/mdugre/scratch/mri-registration-rp/datasets/ds004513/derivatives/mri-registration-rp/0100/antsRegistration-r7-p11/sub-s025/rigid_Composite.h5[0] (type = Euler3DTransform)
  2. /home/mdugre/scratch/mri-registration-rp/datasets/ds004513/derivatives/mri-registration-rp/0100/antsRegistration-r7-p11/sub-s025/rigid_Composite.h5[1] (type = Euler3DTransform)
  3. /home/mdugre/scratch/mri-registration-rp/datasets/ds004513/derivatives/mri-registration-rp/0100/antsRegistration-r7-p11/sub-s025/rigid_Composite.h5[2] (type = Euler3DTransform)
=============================================================================
  number of levels = 4
  fixed image: /templateflow/tpl-MNI152NLin2009cAsym/tpl-MNI152NLin2009cAsym_res-01_desc-brain_T1w.nii.gz
  moving image: /home/mdugre/scratch/mri-registration-rp/datasets/ds004513/derivatives/mri-registration-rp/antsBrainExtraction/sub-s025/BrainExtractionBrain.nii.gz
Dimension = 3
Number of stages = 1
Use histogram matching = false
Winsorize image intensities = true
  Lower quantile = 0.005
  Upper quantile = 0.995


Stage 1 State
   Image metric = MattesMI
     Fixed image = Image (0x36aa7e0)
  RTTI typeinfo:   itk::Image<double, 3u>
  Reference Count: 2
  Modified Time: 1594
  Debug: Off
  Object Name: 
  Observers: 
    none
  Source: (none)
  Source output name: (none)
  Release Data: Off
  Data Released: False
  Global Release Data: Off
  PipelineMTime: 0
  UpdateMTime: 1203
  RealTimeStamp: 0 seconds 
  LargestPossibleRegion: 
    Dimension: 3
    Index: [0, 0, 0]
    Size: [193, 229, 193]
  BufferedRegion: 
    Dimension: 3
    Index: [0, 0, 0]
    Size: [193, 229, 193]
  RequestedRegion: 
    Dimension: 3
    Index: [0, 0, 0]
    Size: [193, 229, 193]
  Spacing: [1, 1, 1]
  Origin: [96, 132, -78]
  Direction: 
-1 0 0
0 -1 0
0 0 1

  IndexToPointMatrix: 
-1 0 0
0 -1 0
0 0 1

  PointToIndexMatrix: 
-1 0 0
0 -1 0
0 0 1

  Inverse Direction: 
-1 0 0
0 -1 0
0 0 1

  PixelContainer: 
    ImportImageContainer (0x376aa20)
      RTTI typeinfo:   itk::ImportImageContainer<unsigned long, double>
      Reference Count: 1
      Modified Time: 1200
      Debug: Off
      Object Name: 
      Observers: 
        none
      Pointer: 0x14a92e759010
      Container manages memory: true
      Size: 8530021
      Capacity: 8530021

     Moving image = Image (0x371fe20)
  RTTI typeinfo:   itk::Image<double, 3u>
  Reference Count: 2
  Modified Time: 1595
  Debug: Off
  Object Name: 
  Observers: 
    none
  Source: (none)
  Source output name: (none)
  Release Data: Off
  Data Released: False
  Global Release Data: Off
  PipelineMTime: 0
  UpdateMTime: 1592
  RealTimeStamp: 0 seconds 
  LargestPossibleRegion: 
    Dimension: 3
    Index: [0, 0, 0]
    Size: [176, 240, 256]
  BufferedRegion: 
    Dimension: 3
    Index: [0, 0, 0]
    Size: [176, 240, 256]
  RequestedRegion: 
    Dimension: 3
    Index: [0, 0, 0]
    Size: [176, 240, 256]
  Spacing: [0.999999, 1, 1]
  Origin: [90.3778, 84.5091, -154.071]
  Direction: 
-0.999391 7.48184e-06 -0.0348969
-7.47664e-06 -1 -2.7953e-07
-0.0348969 -1.84481e-08 0.999391

  IndexToPointMatrix: 
-0.99939 7.48184e-06 -0.0348969
-7.47663e-06 -1 -2.7953e-07
-0.0348968 -1.84481e-08 0.999391

  PointToIndexMatrix: 
-0.999392 -7.47665e-06 -0.0348969
7.48184e-06 -1 -1.84481e-08
-0.0348969 -2.7953e-07 0.999391

  Inverse Direction: 
-0.999391 -7.47664e-06 -0.0348969
7.48184e-06 -1 -1.84481e-08
-0.0348969 -2.7953e-07 0.999391

  PixelContainer: 
    ImportImageContainer (0x37b9550)
      RTTI typeinfo:   itk::ImportImageContainer<unsigned long, double>
      Reference Count: 1
      Modified Time: 1589
      Debug: Off
      Object Name: 
      Observers: 
        none
      Pointer: 0x14a9294d8010
      Container manages memory: true
      Size: 10813440
      Capacity: 10813440

     Weighting = 1
     Sampling strategy = regular
     Number of bins = 32
     Radius = 4
     Sampling percentage  = 0.25
   Transform = Affine
     Gradient step = 0.1
     Update field sigma (voxel space) = 0
     Total field sigma (voxel space) = 0
     Update field time sigma = 0
     Total field time sigma  = 0
     Number of time indices = 0
     Number of time point samples = 0
Registration using 1 total stages.

Stage 0
  iterations = 1000x500x250x100
  convergence threshold = 1e-06
  convergence window size = 10
  number of levels = 4
  using the Mattes MI metric (number of bins = 32, weight = 1, use gradient filter = 0)
  preprocessing:  winsorizing the image intensities
  Shrink factors (level 1 out of 4): [8, 8, 8]
  Shrink factors (level 2 out of 4): [4, 4, 4]
  Shrink factors (level 3 out of 4): [2, 2, 2]
  Shrink factors (level 4 out of 4): [1, 1, 1]
  smoothing sigmas per level: [3, 2, 1, 0]
  regular sampling (percentage = 0.25)

*** Running AffineTransform registration ***

DIAGNOSTIC,Iteration,metricValue,convergenceValue,ITERATION_TIME_INDEX,SINCE_LAST
 2DIAGNOSTIC,     1, -7.470246337952e-01, 1.797693134862e+308, 1.0181e+00, 1.0181e+00, 
 2DIAGNOSTIC,     2, -7.494505985858e-01, 1.797693134862e+308, 1.0234e+00, 5.2471e-03, 
 2DIAGNOSTIC,     3, -7.527149264593e-01, 1.797693134862e+308, 1.0283e+00, 4.9601e-03, 
 2DIAGNOSTIC,     4, -7.580072267671e-01, 1.797693134862e+308, 1.0332e+00, 4.8730e-03, 
 2DIAGNOSTIC,     5, -7.677002834339e-01, 1.797693134862e+308, 1.0380e+00, 4.8330e-03, 
 2DIAGNOSTIC,     6, -7.850760332069e-01, 1.797693134862e+308, 1.0429e+00, 4.8242e-03, 
 2DIAGNOSTIC,     7, -8.110149848806e-01, 1.797693134862e+308, 1.0486e+00, 5.7371e-03, 
 2DIAGNOSTIC,     8, -8.714628957873e-01, 1.797693134862e+308, 1.0553e+00, 6.7022e-03, 
 2DIAGNOSTIC,     9, -9.162559146675e-01, 1.797693134862e+308, 1.0605e+00, 5.2409e-03, 
 2DIAGNOSTIC,    10, -9.231091443393e-01, 1.522325905542e-02, 1.0677e+00, 7.1371e-03, 
 2DIAGNOSTIC,    11, -9.283168182431e-01, 1.550841777311e-02, 1.0738e+00, 6.0830e-03, 
 2DIAGNOSTIC,    12, -9.330768656696e-01, 1.456559908863e-02, 1.0796e+00, 5.8241e-03, 
 2DIAGNOSTIC,    13, -9.362457304723e-01, 1.262062856619e-02, 1.0853e+00, 5.7201e-03, 
 2DIAGNOSTIC,    14, -9.366342912174e-01, 9.969289119469e-03, 1.0912e+00, 5.8560e-03, 
 2DIAGNOSTIC,    15, -9.371836513344e-01, 7.045473114924e-03, 1.0971e+00, 5.9810e-03, 
 2DIAGNOSTIC,    16, -9.373726761803e-01, 4.257741764723e-03, 1.1032e+00, 6.0990e-03, 
 2DIAGNOSTIC,    17, -9.379624570019e-01, 1.930014517739e-03, 1.1091e+00, 5.8911e-03, 
 2DIAGNOSTIC,    18, -9.381371519359e-01, 7.905742426553e-04, 1.1163e+00, 7.1921e-03, 
 2DIAGNOSTIC,    19, -9.382950671008e-01, 4.807174864278e-04, 1.1216e+00, 5.2471e-03, 
 2DIAGNOSTIC,    20, -9.385055901079e-01, 2.742344916041e-04, 1.1276e+00, 6.0551e-03, 
 2DIAGNOSTIC,    21, -9.385848743617e-01, 1.437250891401e-04, 1.1330e+00, 5.3279e-03, 
 2DIAGNOSTIC,    22, -9.385201419257e-01, 8.047958512651e-05, 1.1389e+00, 5.9249e-03, 
 2DIAGNOSTIC,    23, -9.386122796290e-01, 6.146450920241e-05, 1.1448e+00, 5.9001e-03, 
 2DIAGNOSTIC,    24, -9.383031334706e-01, 3.945535812545e-05, 1.1501e+00, 5.2910e-03, 
 2DIAGNOSTIC,    25, -9.382363532067e-01, 2.205981420153e-05, 1.1559e+00, 5.8479e-03, 
 2DIAGNOSTIC,    26, -9.381038041671e-01, 4.653429956411e-06, 1.1623e+00, 6.4249e-03, 
DIAGNOSTIC,Iteration,metricValue,convergenceValue,ITERATION_TIME_INDEX,SINCE_LAST
 2DIAGNOSTIC,     1, -7.505848064399e-01, 1.797693134862e+308, 1.9238e+00, 7.6144e-01, 
 2DIAGNOSTIC,     2, -7.509701675994e-01, 1.797693134862e+308, 1.9641e+00, 4.0289e-02, 
 2DIAGNOSTIC,     3, -7.514519377611e-01, 1.797693134862e+308, 2.0003e+00, 3.6206e-02, 
 2DIAGNOSTIC,     4, -7.521177087072e-01, 1.797693134862e+308, 2.0381e+00, 3.7841e-02, 
 2DIAGNOSTIC,     5, -7.535267727947e-01, 1.797693134862e+308, 2.0753e+00, 3.7197e-02, 
 2DIAGNOSTIC,     6, -7.542294400796e-01, 1.797693134862e+308, 2.1310e+00, 5.5671e-02, 
 2DIAGNOSTIC,     7, -7.543263192143e-01, 1.797693134862e+308, 2.1693e+00, 3.8268e-02, 
 2DIAGNOSTIC,     8, -7.543292452368e-01, 1.797693134862e+308, 2.2084e+00, 3.9098e-02, 
 2DIAGNOSTIC,     9, -7.543230672492e-01, 1.797693134862e+308, 2.2466e+00, 3.8286e-02, 
 2DIAGNOSTIC,    10, -7.543391626351e-01, 3.749792295160e-04, 2.2863e+00, 3.9670e-02, 
 2DIAGNOSTIC,    11, -7.544428146175e-01, 2.750771272190e-04, 2.3248e+00, 3.8461e-02, 
 2DIAGNOSTIC,    12, -7.544750243524e-01, 1.808945727761e-04, 2.3657e+00, 4.0874e-02, 
 2DIAGNOSTIC,    13, -7.545314772143e-01, 1.010277195404e-04, 2.4071e+00, 4.1400e-02, 
 2DIAGNOSTIC,    14, -7.545775493465e-01, 4.200933855801e-05, 2.4518e+00, 4.4704e-02, 
 2DIAGNOSTIC,    15, -7.546047962907e-01, 2.286508654945e-05, 2.4868e+00, 3.5088e-02, 
 2DIAGNOSTIC,    16, -7.546027883356e-01, 2.063462401894e-05, 2.5269e+00, 4.0096e-02, 
 2DIAGNOSTIC,    17, -7.545919279814e-01, 1.886094895518e-05, 2.5723e+00, 4.5382e-02, 
 2DIAGNOSTIC,    18, -7.545585034983e-01, 1.510890189160e-05, 2.6093e+00, 3.6960e-02, 
 2DIAGNOSTIC,    19, -7.545730266955e-01, 1.070187947447e-05, 2.6598e+00, 5.0470e-02, 
 2DIAGNOSTIC,    20, -7.545761691364e-01, 6.198112367899e-06, 2.7000e+00, 4.0250e-02, 
 2DIAGNOSTIC,    21, -7.545360599220e-01, 2.835880954559e-06, 2.7426e+00, 4.2593e-02, 
DIAGNOSTIC,Iteration,metricValue,convergenceValue,ITERATION_TIME_INDEX,SINCE_LAST
 2DIAGNOSTIC,     1, -6.415500189672e-01, 1.797693134862e+308, 3.9753e+00, 1.2327e+00, 
 2DIAGNOSTIC,     2, -6.420242599508e-01, 1.797693134862e+308, 4.2769e+00, 3.0163e-01, 
 2DIAGNOSTIC,     3, -6.425398752798e-01, 1.797693134862e+308, 4.5903e+00, 3.1338e-01, 
 2DIAGNOSTIC,     4, -6.430518003375e-01, 1.797693134862e+308, 4.8915e+00, 3.0118e-01, 
 2DIAGNOSTIC,     5, -6.438144968174e-01, 1.797693134862e+308, 5.2257e+00, 3.3417e-01, 
 2DIAGNOSTIC,     6, -6.449159557277e-01, 1.797693134862e+308, 5.5683e+00, 3.4268e-01, 
 2DIAGNOSTIC,     7, -6.449936450638e-01, 1.797693134862e+308, 6.0977e+00, 5.2935e-01, 
 2DIAGNOSTIC,     8, -6.449897735133e-01, 1.797693134862e+308, 6.5406e+00, 4.4293e-01, 
 2DIAGNOSTIC,     9, -6.449876660519e-01, 1.797693134862e+308, 6.9208e+00, 3.8019e-01, 
 2DIAGNOSTIC,    10, -6.449846998173e-01, 3.930941928359e-04, 7.2488e+00, 3.2795e-01, 
 2DIAGNOSTIC,    11, -6.449858569374e-01, 2.845067339853e-04, 7.5588e+00, 3.1006e-01, 
 2DIAGNOSTIC,    12, -6.449851728371e-01, 1.861517760679e-04, 7.8339e+00, 2.7505e-01, 
 2DIAGNOSTIC,    13, -6.449849995362e-01, 1.042960143773e-04, 8.1708e+00, 3.3695e-01, 
 2DIAGNOSTIC,    14, -6.449827132242e-01, 4.073361544525e-05, 8.5015e+00, 3.3066e-01, 
 2DIAGNOSTIC,    15, -6.449791060442e-01, 3.572662509319e-06, 8.7882e+00, 2.8676e-01, 
 2DIAGNOSTIC,    16, -6.449788198742e-01, 1.229573416917e-06, 9.0921e+00, 3.0389e-01, 
 2DIAGNOSTIC,    17, -6.449758887472e-01, 1.171661780409e-06, 9.3575e+00, 2.6536e-01, 
 2DIAGNOSTIC,    18, -6.449738775283e-01, 1.042779242531e-06, 9.6617e+00, 3.0422e-01, 
 2DIAGNOSTIC,    19, -6.449767581532e-01, 1.016390661794e-06, 9.9605e+00, 2.9876e-01, 
DIAGNOSTIC,Iteration,metricValue,convergenceValue,ITERATION_TIME_INDEX,SINCE_LAST
 2DIAGNOSTIC,     1, -5.763904678258e-01, 1.797693134862e+308, 1.3020e+01, 3.0592e+00, 
 2DIAGNOSTIC,     2, -5.768261446454e-01, 1.797693134862e+308, 1.4687e+01, 1.6678e+00, 
 2DIAGNOSTIC,     3, -5.773785084256e-01, 1.797693134862e+308, 1.6376e+01, 1.6886e+00, 
 2DIAGNOSTIC,     4, -5.779656814780e-01, 1.797693134862e+308, 1.8173e+01, 1.7974e+00, 
 2DIAGNOSTIC,     5, -5.786445503312e-01, 1.797693134862e+308, 2.0210e+01, 2.0363e+00, 
 2DIAGNOSTIC,     6, -5.800229438781e-01, 1.797693134862e+308, 2.4610e+01, 4.3999e+00, 
 2DIAGNOSTIC,     7, -5.800226617155e-01, 1.797693134862e+308, 2.6425e+01, 1.8153e+00, 
 2DIAGNOSTIC,     8, -5.800222293308e-01, 1.797693134862e+308, 2.8346e+01, 1.9209e+00, 
 2DIAGNOSTIC,     9, -5.800207451400e-01, 1.797693134862e+308, 3.0392e+01, 2.0461e+00, 
 2DIAGNOSTIC,    10, -5.800204692688e-01, 4.680051662762e-04, 3.2486e+01, 2.0942e+00, 
 2DIAGNOSTIC,    11, -5.800200017537e-01, 3.415831195325e-04, 3.4659e+01, 2.1729e+00, 
 2DIAGNOSTIC,    12, -5.800195459623e-01, 2.235944475623e-04, 3.6676e+01, 2.0167e+00, 
 2DIAGNOSTIC,    13, -5.800201707277e-01, 1.252449068050e-04, 3.9854e+01, 3.1786e+00, 
 2DIAGNOSTIC,    14, -5.800201761317e-01, 5.029963250522e-05, 4.1957e+01, 2.1027e+00, 
 2DIAGNOSTIC,    15, -5.800200121400e-01, 1.888729749294e-06, 4.3776e+01, 1.8195e+00, 
 2DIAGNOSTIC,    16, -5.800199828213e-01, 1.830495816244e-06, 4.5639e+01, 1.8623e+00, 
 2DIAGNOSTIC,    17, -5.800196513965e-01, 1.776063726727e-06, 4.7507e+01, 1.8678e+00, 
 2DIAGNOSTIC,    18, -5.800194709758e-01, 1.720793033531e-06, 4.9568e+01, 2.0612e+00, 
 2DIAGNOSTIC,    19, -5.800192905713e-01, 1.632709528007e-06, 5.1244e+01, 1.6763e+00, 
 2DIAGNOSTIC,    20, -5.800193451883e-01, 1.552509985708e-06, 5.3307e+01, 2.0626e+00, 
 2DIAGNOSTIC,    21, -5.800193062216e-01, 1.472211887191e-06, 5.5182e+01, 1.8749e+00, 
 2DIAGNOSTIC,    22, -5.800190866295e-01, 1.387943802104e-06, 5.6901e+01, 1.7196e+00, 
 2DIAGNOSTIC,    23, -5.800190750074e-01, 1.329838332904e-06, 5.8754e+01, 1.8530e+00, 
 2DIAGNOSTIC,    24, -5.800191229353e-01, 1.282771425928e-06, 6.0842e+01, 2.0882e+00, 
 2DIAGNOSTIC,    25, -5.800190802664e-01, 1.239316958404e-06, 6.2679e+01, 1.8364e+00, 
 2DIAGNOSTIC,    26, -5.800188865552e-01, 1.198355993139e-06, 6.4604e+01, 1.9247e+00, 
 2DIAGNOSTIC,    27, -5.800186544778e-01, 1.152906543345e-06, 6.6317e+01, 1.7138e+00, 
 2DIAGNOSTIC,    28, -5.800186217602e-01, 1.109613984931e-06, 6.8233e+01, 1.9157e+00, 
 2DIAGNOSTIC,    29, -5.800187088204e-01, 1.070124290278e-06, 7.0087e+01, 1.8540e+00, 
 2DIAGNOSTIC,    30, -5.800187050398e-01, 1.036594292861e-06, 7.2106e+01, 2.0193e+00, 
 2DIAGNOSTIC,    31, -5.800187720131e-01, 1.008180766170e-06, 7.4049e+01, 1.9424e+00, 
  Elapsed time (stage 0): 7.5240e+01


Total elapsed time: 7.5243e+01
Info [verificarlo]: loaded backend libinterflop_ieee.so
Info [interflop-ieee]: load backend with:
Info [interflop-ieee]: debug = false
Info [interflop-ieee]: debug-binary = false
Info [interflop-ieee]: no-backend-name = false
Info [interflop-ieee]: print-new-line = false
Info [interflop-ieee]: print-subnormal-normalized = false
Info [interflop-ieee]: count-op = false
All_Command_lines_OK
Using double precision for computations.
=============================================================================
The composite transform comprises the following transforms (in order): 
  1. /home/mdugre/scratch/mri-registration-rp/datasets/ds004513/derivatives/mri-registration-rp/0100/antsRegistration-r7-p11/sub-s025/affine_Composite.h5[0] (type = Euler3DTransform)
  2. /home/mdugre/scratch/mri-registration-rp/datasets/ds004513/derivatives/mri-registration-rp/0100/antsRegistration-r7-p11/sub-s025/affine_Composite.h5[1] (type = Euler3DTransform)
  3. /home/mdugre/scratch/mri-registration-rp/datasets/ds004513/derivatives/mri-registration-rp/0100/antsRegistration-r7-p11/sub-s025/affine_Composite.h5[2] (type = Euler3DTransform)
  4. /home/mdugre/scratch/mri-registration-rp/datasets/ds004513/derivatives/mri-registration-rp/0100/antsRegistration-r7-p11/sub-s025/affine_Composite.h5[3] (type = AffineTransform)
=============================================================================
  number of levels = 4
  fixed image: /templateflow/tpl-MNI152NLin2009cAsym/tpl-MNI152NLin2009cAsym_res-01_desc-brain_T1w.nii.gz
  moving image: /home/mdugre/scratch/mri-registration-rp/datasets/ds004513/derivatives/mri-registration-rp/antsBrainExtraction/sub-s025/BrainExtractionBrain.nii.gz
Dimension = 3
Number of stages = 1
Use histogram matching = false
Winsorize image intensities = true
  Lower quantile = 0.005
  Upper quantile = 0.995


Stage 1 State
   Image metric = CC
     Fixed image = Image (0x3708a40)
  RTTI typeinfo:   itk::Image<double, 3u>
  Reference Count: 2
  Modified Time: 1608
  Debug: Off
  Object Name: 
  Observers: 
    none
  Source: (none)
  Source output name: (none)
  Release Data: Off
  Data Released: False
  Global Release Data: Off
  PipelineMTime: 0
  UpdateMTime: 1217
  RealTimeStamp: 0 seconds 
  LargestPossibleRegion: 
    Dimension: 3
    Index: [0, 0, 0]
    Size: [193, 229, 193]
  BufferedRegion: 
    Dimension: 3
    Index: [0, 0, 0]
    Size: [193, 229, 193]
  RequestedRegion: 
    Dimension: 3
    Index: [0, 0, 0]
    Size: [193, 229, 193]
  Spacing: [1, 1, 1]
  Origin: [96, 132, -78]
  Direction: 
-1 0 0
0 -1 0
0 0 1

  IndexToPointMatrix: 
-1 0 0
0 -1 0
0 0 1

  PointToIndexMatrix: 
-1 0 0
0 -1 0
0 0 1

  Inverse Direction: 
-1 0 0
0 -1 0
0 0 1

  PixelContainer: 
    ImportImageContainer (0x37d7780)
      RTTI typeinfo:   itk::ImportImageContainer<unsigned long, double>
      Reference Count: 1
      Modified Time: 1214
      Debug: Off
      Object Name: 
      Observers: 
        none
      Pointer: 0x15383c874010
      Container manages memory: true
      Size: 8530021
      Capacity: 8530021

     Moving image = Image (0x37d9390)
  RTTI typeinfo:   itk::Image<double, 3u>
  Reference Count: 2
  Modified Time: 1609
  Debug: Off
  Object Name: 
  Observers: 
    none
  Source: (none)
  Source output name: (none)
  Release Data: Off
  Data Released: False
  Global Release Data: Off
  PipelineMTime: 0
  UpdateMTime: 1606
  RealTimeStamp: 0 seconds 
  LargestPossibleRegion: 
    Dimension: 3
    Index: [0, 0, 0]
    Size: [176, 240, 256]
  BufferedRegion: 
    Dimension: 3
    Index: [0, 0, 0]
    Size: [176, 240, 256]
  RequestedRegion: 
    Dimension: 3
    Index: [0, 0, 0]
    Size: [176, 240, 256]
  Spacing: [0.999999, 1, 1]
  Origin: [90.3778, 84.5091, -154.071]
  Direction: 
-0.999391 7.48184e-06 -0.0348969
-7.47664e-06 -1 -2.7953e-07
-0.0348969 -1.84481e-08 0.999391

  IndexToPointMatrix: 
-0.99939 7.48184e-06 -0.0348969
-7.47663e-06 -1 -2.7953e-07
-0.0348968 -1.84481e-08 0.999391

  PointToIndexMatrix: 
-0.999392 -7.47665e-06 -0.0348969
7.48184e-06 -1 -1.84481e-08
-0.0348969 -2.7953e-07 0.999391

  Inverse Direction: 
-0.999391 -7.47664e-06 -0.0348969
7.48184e-06 -1 -1.84481e-08
-0.0348969 -2.7953e-07 0.999391

  PixelContainer: 
    ImportImageContainer (0x378e6f0)
      RTTI typeinfo:   itk::ImportImageContainer<unsigned long, double>
      Reference Count: 1
      Modified Time: 1603
      Debug: Off
      Object Name: 
      Observers: 
        none
      Pointer: 0x1538375f3010
      Container manages memory: true
      Size: 10813440
      Capacity: 10813440

     Weighting = 1
     Sampling strategy = none
     Number of bins = 32
     Radius = 4
     Sampling percentage  = 1
   Transform = SyN
     Gradient step = 0.1
     Update field sigma (voxel space) = 3
     Total field sigma (voxel space) = 0
     Update field time sigma = 0
     Total field time sigma  = 0
     Number of time indices = 0
     Number of time point samples = 0
Registration using 1 total stages.

Stage 0
  iterations = 100x70x50x20
  convergence threshold = 1e-06
  convergence window size = 10
  number of levels = 4
  using the CC metric (radius = 4, weight = 1, use gradient filter = 0)
  preprocessing:  winsorizing the image intensities
  Shrink factors (level 1 out of 4): [8, 8, 8]
  Shrink factors (level 2 out of 4): [4, 4, 4]
  Shrink factors (level 3 out of 4): [2, 2, 2]
  Shrink factors (level 4 out of 4): [1, 1, 1]
  smoothing sigmas per level: [3, 2, 1, 0]
  Using default NONE metricSamplingStrategy 

*** Running SyN registration (varianceForUpdateField = 3, varianceForTotalField = 0) ***

XXDIAGNOSTIC,Iteration,metricValue,convergenceValue,ITERATION_TIME_INDEX,SINCE_LAST
 1DIAGNOSTIC,     1, -9.075181831861e-01, 1.797693134862e+308, 1.1719e+00, 1.1719e+00, 
 1DIAGNOSTIC,     2, -9.181733479669e-01, 1.797693134862e+308, 1.5247e+00, 3.5278e-01, 
 1DIAGNOSTIC,     3, -9.267441467359e-01, 1.797693134862e+308, 1.8772e+00, 3.5252e-01, 
 1DIAGNOSTIC,     4, -9.332714300421e-01, 1.797693134862e+308, 2.2123e+00, 3.3510e-01, 
 1DIAGNOSTIC,     5, -9.380701554366e-01, 1.797693134862e+308, 2.5511e+00, 3.3884e-01, 
 1DIAGNOSTIC,     6, -9.413920660743e-01, 1.797693134862e+308, 2.8842e+00, 3.3302e-01, 
 1DIAGNOSTIC,     7, -9.444829215919e-01, 1.797693134862e+308, 3.2267e+00, 3.4254e-01, 
 1DIAGNOSTIC,     8, -9.478032482306e-01, 1.797693134862e+308, 3.6038e+00, 3.7705e-01, 
 1DIAGNOSTIC,     9, -9.511194907410e-01, 1.797693134862e+308, 3.9393e+00, 3.3556e-01, 
 1DIAGNOSTIC,    10, -9.540820613731e-01, 2.914734410806e-03, 4.2721e+00, 3.3278e-01, 
 1DIAGNOSTIC,    11, -9.569288731616e-01, 2.212335436107e-03, 4.6113e+00, 3.3920e-01, 
 1DIAGNOSTIC,    12, -9.593924923177e-01, 1.757657698124e-03, 4.9525e+00, 3.4115e-01, 
 1DIAGNOSTIC,    13, -9.614297450652e-01, 1.458841932513e-03, 5.2935e+00, 3.4106e-01, 
 1DIAGNOSTIC,    14, -9.632793482688e-01, 1.249286811997e-03, 5.6365e+00, 3.4302e-01, 
 1DIAGNOSTIC,    15, -9.644827539585e-01, 1.073561016231e-03, 5.9805e+00, 3.4401e-01, 
 1DIAGNOSTIC,    16, -9.652075540811e-01, 8.972874545485e-04, 6.3155e+00, 3.3500e-01, 
 1DIAGNOSTIC,    17, -9.652272371113e-01, 7.139871739242e-04, 6.6647e+00, 3.4916e-01, 
 1DIAGNOSTIC,    18, -9.652193436576e-01, 5.402870306127e-04, 7.0260e+00, 3.6134e-01, 
 1DIAGNOSTIC,    19, -9.653807016939e-01, 3.894953622825e-04, 7.3653e+00, 3.3929e-01, 
