
##########################
# Experiment information #
##########################

EXPERIMENT_NAME: antsRegistration-r8-p15
VFC_BACKENDS: libinterflop_vprec.so --range-binary32=8 --precision-binary32=15 --range-binary64=8 --precision-binary64=15

SIF_IMG: /home/mdugre/projects/rrg-glatard/mdugre/containers/ants-vprec-no_metrics.simg

SUBJECT_ID: s025
INPUT_IMG: /home/mdugre/scratch/mri-registration-rp/datasets/ds004513/derivatives/mri-registration-rp/antsBrainExtraction/sub-s025/BrainExtractionBrain.nii.gz
OUTPUT_DIR: /home/mdugre/scratch/mri-registration-rp/datasets/ds004513/derivatives/mri-registration-rp/0100/antsRegistration-r8-p15/sub-s025

FIXED_IMG: /templateflow/tpl-MNI152NLin2009cAsym/tpl-MNI152NLin2009cAsym_res-01_desc-brain_T1w.nii.gz
DATA_DIR: /home/mdugre/scratch/mri-registration-rp/datasets/ds004513
TEMPLATEFLOW_DIR: /home/mdugre/projects/rrg-glatard/mdugre/templateflow
ITK_GLOBAL_DEFAULT_NUMBER_OF_THREADS: 16
##########################

Info [verificarlo]: loaded backend libinterflop_ieee.so
Info [interflop-ieee]: load backend with:
Info [interflop-ieee]: debug = false
Info [interflop-ieee]: debug-binary = false
Info [interflop-ieee]: no-backend-name = false
Info [interflop-ieee]: print-new-line = false
Info [interflop-ieee]: print-subnormal-normalized = false
Info [interflop-ieee]: count-op = false
All_Command_lines_OK
Using double precision for computations.
=============================================================================
The composite transform comprises the following transforms (in order): 
  1. Center of mass alignment using fixed image: /templateflow/tpl-MNI152NLin2009cAsym/tpl-MNI152NLin2009cAsym_res-01_desc-brain_T1w.nii.gz and moving image: /home/mdugre/scratch/mri-registration-rp/datasets/ds004513/derivatives/mri-registration-rp/antsBrainExtraction/sub-s025/BrainExtractionBrain.nii.gz (type = Euler3DTransform)
=============================================================================
  number of levels = 1
  fixed image: /templateflow/tpl-MNI152NLin2009cAsym/tpl-MNI152NLin2009cAsym_res-01_desc-brain_T1w.nii.gz
  moving image: /home/mdugre/scratch/mri-registration-rp/datasets/ds004513/derivatives/mri-registration-rp/antsBrainExtraction/sub-s025/BrainExtractionBrain.nii.gz
Dimension = 3
Number of stages = 1
Use histogram matching = false
Winsorize image intensities = true
  Lower quantile = 0.005
  Upper quantile = 0.995


Stage 1 State
   Image metric = MattesMI
     Fixed image = Image (0x40f0e70)
  RTTI typeinfo:   itk::Image<double, 3u>
  Reference Count: 2
  Modified Time: 2334
  Debug: Off
  Object Name: 
  Observers: 
    none
  Source: (none)
  Source output name: (none)
  Release Data: Off
  Data Released: False
  Global Release Data: Off
  PipelineMTime: 0
  UpdateMTime: 1943
  RealTimeStamp: 0 seconds 
  LargestPossibleRegion: 
    Dimension: 3
    Index: [0, 0, 0]
    Size: [193, 229, 193]
  BufferedRegion: 
    Dimension: 3
    Index: [0, 0, 0]
    Size: [193, 229, 193]
  RequestedRegion: 
    Dimension: 3
    Index: [0, 0, 0]
    Size: [193, 229, 193]
  Spacing: [1, 1, 1]
  Origin: [96, 132, -78]
  Direction: 
-1 0 0
0 -1 0
0 0 1

  IndexToPointMatrix: 
-1 0 0
0 -1 0
0 0 1

  PointToIndexMatrix: 
-1 0 0
0 -1 0
0 0 1

  Inverse Direction: 
-1 0 0
0 -1 0
0 0 1

  PixelContainer: 
    ImportImageContainer (0x40f9c60)
      RTTI typeinfo:   itk::ImportImageContainer<unsigned long, double>
      Reference Count: 1
      Modified Time: 1940
      Debug: Off
      Object Name: 
      Observers: 
        none
      Pointer: 0x145ba2f99010
      Container manages memory: true
      Size: 8530021
      Capacity: 8530021

     Moving image = Image (0x40fc610)
  RTTI typeinfo:   itk::Image<double, 3u>
  Reference Count: 2
  Modified Time: 2335
  Debug: Off
  Object Name: 
  Observers: 
    none
  Source: (none)
  Source output name: (none)
  Release Data: Off
  Data Released: False
  Global Release Data: Off
  PipelineMTime: 0
  UpdateMTime: 2332
  RealTimeStamp: 0 seconds 
  LargestPossibleRegion: 
    Dimension: 3
    Index: [0, 0, 0]
    Size: [176, 240, 256]
  BufferedRegion: 
    Dimension: 3
    Index: [0, 0, 0]
    Size: [176, 240, 256]
  RequestedRegion: 
    Dimension: 3
    Index: [0, 0, 0]
    Size: [176, 240, 256]
  Spacing: [0.999999, 1, 1]
  Origin: [90.3778, 84.5091, -154.071]
  Direction: 
-0.999391 7.48184e-06 -0.0348969
-7.47664e-06 -1 -2.7953e-07
-0.0348969 -1.84481e-08 0.999391

  IndexToPointMatrix: 
-0.99939 7.48184e-06 -0.0348969
-7.47663e-06 -1 -2.7953e-07
-0.0348968 -1.84481e-08 0.999391

  PointToIndexMatrix: 
-0.999392 -7.47665e-06 -0.0348969
7.48184e-06 -1 -1.84481e-08
-0.0348969 -2.7953e-07 0.999391

  Inverse Direction: 
-0.999391 -7.47664e-06 -0.0348969
7.48184e-06 -1 -1.84481e-08
-0.0348969 -2.7953e-07 0.999391

  PixelContainer: 
    ImportImageContainer (0x4195ef0)
      RTTI typeinfo:   itk::ImportImageContainer<unsigned long, double>
      Reference Count: 1
      Modified Time: 2329
      Debug: Off
      Object Name: 
      Observers: 
        none
      Pointer: 0x145b9dd18010
      Container manages memory: true
      Size: 10813440
      Capacity: 10813440

     Weighting = 1
     Sampling strategy = regular
     Number of bins = 32
     Radius = 4
     Sampling percentage  = 0.25
   Transform = Rigid
     Gradient step = 0.1
     Update field sigma (voxel space) = 0
     Total field sigma (voxel space) = 0
     Update field time sigma = 0
     Total field time sigma  = 0
     Number of time indices = 0
     Number of time point samples = 0
Registration using 1 total stages.

Stage 0
  iterations = 0
  convergence threshold = 1e-06
  convergence window size = 10
  number of levels = 1
  using the Mattes MI metric (number of bins = 32, weight = 1, use gradient filter = 0)
  preprocessing:  winsorizing the image intensities
  Shrink factors (level 1 out of 1): [1, 1, 1]
  smoothing sigmas per level: [0]
  regular sampling (percentage = 0.25)

*** Running Euler3DTransform registration ***

  Elapsed time (stage 0): 1.12036


Total elapsed time: 1.1226
Info [verificarlo]: loaded backend libinterflop_vprec.so
Info [interflop-vprec]: load backend with: 
Info [interflop-vprec]: precision-binary32 = 15
Info [interflop-vprec]: range-binary32 = 8
Info [interflop-vprec]: precision-binary64 = 15
Info [interflop-vprec]: range-binary64 = 8
Info [interflop-vprec]: mode = ob
Info [interflop-vprec]: error-mode = rel
Info [interflop-vprec]: max-abs-error-exponent = -1022
Info [interflop-vprec]: daz = false
Info [interflop-vprec]: ftz = false
Info [interflop-vprec]: 	instrument = none
Info [interflop-vprec]: 	prec-input-file = (null)
Info [interflop-vprec]: 	prec-output-file = (null)
Info [interflop-vprec]: 	prec-log-file = (null)
All_Command_lines_OK
Using double precision for computations.
=============================================================================
The composite transform comprises the following transforms (in order): 
  1. /home/mdugre/scratch/mri-registration-rp/datasets/ds004513/derivatives/mri-registration-rp/0100/antsRegistration-r8-p15/sub-s025/align_Composite.h5[0] (type = Euler3DTransform)
  2. /home/mdugre/scratch/mri-registration-rp/datasets/ds004513/derivatives/mri-registration-rp/0100/antsRegistration-r8-p15/sub-s025/align_Composite.h5[1] (type = Euler3DTransform)
=============================================================================
  number of levels = 4
  fixed image: /templateflow/tpl-MNI152NLin2009cAsym/tpl-MNI152NLin2009cAsym_res-01_desc-brain_T1w.nii.gz
  moving image: /home/mdugre/scratch/mri-registration-rp/datasets/ds004513/derivatives/mri-registration-rp/antsBrainExtraction/sub-s025/BrainExtractionBrain.nii.gz
Dimension = 3
Number of stages = 1
Use histogram matching = false
Winsorize image intensities = true
  Lower quantile = 0.005
  Upper quantile = 0.995


Stage 1 State
   Image metric = MattesMI
     Fixed image = Image (0x3ce21e0)
  RTTI typeinfo:   itk::Image<double, 3u>
  Reference Count: 2
  Modified Time: 1578
  Debug: Off
  Object Name: 
  Observers: 
    none
  Source: (none)
  Source output name: (none)
  Release Data: Off
  Data Released: False
  Global Release Data: Off
  PipelineMTime: 0
  UpdateMTime: 1189
  RealTimeStamp: 0 seconds 
  LargestPossibleRegion: 
    Dimension: 3
    Index: [0, 0, 0]
    Size: [193, 229, 193]
  BufferedRegion: 
    Dimension: 3
    Index: [0, 0, 0]
    Size: [193, 229, 193]
  RequestedRegion: 
    Dimension: 3
    Index: [0, 0, 0]
    Size: [193, 229, 193]
  Spacing: [1, 1, 1]
  Origin: [96, 132, -78]
  Direction: 
-1 0 0
0 -1 0
0 0 1

  IndexToPointMatrix: 
-1 0 0
0 -1 0
0 0 1

  PointToIndexMatrix: 
-1 0 0
0 -1 0
0 0 1

  Inverse Direction: 
-1 0 0
0 -1 0
0 0 1

  PixelContainer: 
    ImportImageContainer (0x3da1680)
      RTTI typeinfo:   itk::ImportImageContainer<unsigned long, double>
      Reference Count: 1
      Modified Time: 1186
      Debug: Off
      Object Name: 
      Observers: 
        none
      Pointer: 0x14e23a62c010
      Container manages memory: true
      Size: 8530021
      Capacity: 8530021

     Moving image = Image (0x3d9db20)
  RTTI typeinfo:   itk::Image<double, 3u>
  Reference Count: 2
  Modified Time: 1579
  Debug: Off
  Object Name: 
  Observers: 
    none
  Source: (none)
  Source output name: (none)
  Release Data: Off
  Data Released: False
  Global Release Data: Off
  PipelineMTime: 0
  UpdateMTime: 1576
  RealTimeStamp: 0 seconds 
  LargestPossibleRegion: 
    Dimension: 3
    Index: [0, 0, 0]
    Size: [176, 240, 256]
  BufferedRegion: 
    Dimension: 3
    Index: [0, 0, 0]
    Size: [176, 240, 256]
  RequestedRegion: 
    Dimension: 3
    Index: [0, 0, 0]
    Size: [176, 240, 256]
  Spacing: [1, 1, 1]
  Origin: [90.377, 84.5098, -154.07]
  Direction: 
-0.99939 7.4819e-06 -0.0348969
-7.47666e-06 -1 -2.79528e-07
-0.0348969 -1.84482e-08 0.99939

  IndexToPointMatrix: 
-0.99939 7.4819e-06 -0.0348969
-7.47666e-06 -1 -2.79528e-07
-0.0348969 -1.84482e-08 0.99939

  PointToIndexMatrix: 
-0.99939 -7.47666e-06 -0.0348969
7.4819e-06 -1 -1.84446e-08
-0.0348969 -2.79528e-07 0.99939

  Inverse Direction: 
-0.99939 -7.47666e-06 -0.0348969
7.4819e-06 -1 -1.84446e-08
-0.0348969 -2.79528e-07 0.99939

  PixelContainer: 
    ImportImageContainer (0x3e06d50)
      RTTI typeinfo:   itk::ImportImageContainer<unsigned long, double>
      Reference Count: 1
      Modified Time: 1573
      Debug: Off
      Object Name: 
      Observers: 
        none
      Pointer: 0x14e2353ab010
      Container manages memory: true
      Size: 10813440
      Capacity: 10813440

     Weighting = 1
     Sampling strategy = regular
     Number of bins = 32
     Radius = 4
     Sampling percentage  = 0.25
   Transform = Rigid
     Gradient step = 0.1
     Update field sigma (voxel space) = 0
     Total field sigma (voxel space) = 0
     Update field time sigma = 0
     Total field time sigma  = 0
     Number of time indices = 0
     Number of time point samples = 0
Registration using 1 total stages.

Stage 0
  iterations = 1000x500x250x100
  convergence threshold = 1e-06
  convergence window size = 10
  number of levels = 4
  using the Mattes MI metric (number of bins = 32, weight = 1, use gradient filter = 0)
  preprocessing:  winsorizing the image intensities
  Shrink factors (level 1 out of 4): [8, 8, 8]
  Shrink factors (level 2 out of 4): [4, 4, 4]
  Shrink factors (level 3 out of 4): [2, 2, 2]
  Shrink factors (level 4 out of 4): [1, 1, 1]
  smoothing sigmas per level: [3, 2, 1, 0]
  regular sampling (percentage = 0.25)

*** Running Euler3DTransform registration ***

DIAGNOSTIC,Iteration,metricValue,convergenceValue,ITERATION_TIME_INDEX,SINCE_LAST
 2DIAGNOSTIC,     1, -5.322137893513e-01, 1.797693134862e+308, 0.0000e+00, 0.0000e+00, 
 2DIAGNOSTIC,     2, -5.344721068553e-01, 1.797693134862e+308, 0.0000e+00, 0.0000e+00, 
 2DIAGNOSTIC,     3, -5.376855136614e-01, 1.797693134862e+308, 0.0000e+00, 0.0000e+00, 
 2DIAGNOSTIC,     4, -5.430980381485e-01, 1.797693134862e+308, 0.0000e+00, 0.0000e+00, 
 2DIAGNOSTIC,     5, -5.507136532547e-01, 1.797693134862e+308, 0.0000e+00, 0.0000e+00, 
 2DIAGNOSTIC,     6, -5.557768449043e-01, 1.797693134862e+308, 0.0000e+00, 0.0000e+00, 
 2DIAGNOSTIC,     7, -5.644264302123e-01, 1.797693134862e+308, 0.0000e+00, 0.0000e+00, 
 2DIAGNOSTIC,     8, -5.820642072473e-01, 1.797693134862e+308, 0.0000e+00, 0.0000e+00, 
 2DIAGNOSTIC,     9, -5.920413168262e-01, 1.797693134862e+308, 0.0000e+00, 0.0000e+00, 
 2DIAGNOSTIC,    10, -5.948569729225e-01, 7.882098262038e-03, 0.0000e+00, 0.0000e+00, 
 2DIAGNOSTIC,    11, -5.960229031697e-01, 7.445788800984e-03, 0.0000e+00, 0.0000e+00, 
 2DIAGNOSTIC,    12, -6.017369276124e-01, 6.751950002791e-03, 0.0000e+00, 0.0000e+00, 
 2DIAGNOSTIC,    13, -6.066705962373e-01, 5.856927170217e-03, 0.0000e+00, 0.0000e+00, 
 2DIAGNOSTIC,    14, -6.108742290429e-01, 4.896410308773e-03, 0.0000e+00, 0.0000e+00, 
 2DIAGNOSTIC,    15, -6.109338304895e-01, 3.886878558112e-03, 0.0000e+00, 0.0000e+00, 
 2DIAGNOSTIC,    16, -6.112484299384e-01, 2.828179461003e-03, 0.0000e+00, 0.0000e+00, 
 2DIAGNOSTIC,    17, -6.116230915026e-01, 1.890978144708e-03, 0.0000e+00, 0.0000e+00, 
 2DIAGNOSTIC,    18, -6.123457103476e-01, 1.379120283353e-03, 0.0000e+00, 0.0000e+00, 
 2DIAGNOSTIC,    19, -6.128364931476e-01, 1.063701954659e-03, 0.0000e+00, 0.0000e+00, 
 2DIAGNOSTIC,    20, -6.136195434360e-01, 7.729485722715e-04, 0.0000e+00, 0.0000e+00, 
 2DIAGNOSTIC,    21, -6.146025124351e-01, 4.881272227875e-04, 0.0000e+00, 0.0000e+00, 
 2DIAGNOSTIC,    22, -6.156160324897e-01, 3.308244735936e-04, 0.0000e+00, 0.0000e+00, 
 2DIAGNOSTIC,    23, -6.175647295414e-01, 2.989034332801e-04, 0.0000e+00, 0.0000e+00, 
 2DIAGNOSTIC,    24, -6.199390964945e-01, 3.734327163172e-04, 0.0000e+00, 0.0000e+00, 
 2DIAGNOSTIC,    25, -6.238218123059e-01, 4.818560973495e-04, 0.0000e+00, 0.0000e+00, 
 2DIAGNOSTIC,    26, -6.450776215985e-01, 9.321699845943e-04, 0.0000e+00, 0.0000e+00, 
 2DIAGNOSTIC,    27, -6.530396741082e-01, 1.395998383641e-03, 0.0000e+00, 0.0000e+00, 
 2DIAGNOSTIC,    28, -6.555542538899e-01, 1.748244664260e-03, 0.0000e+00, 0.0000e+00, 
 2DIAGNOSTIC,    29, -6.569481347862e-01, 1.945295999530e-03, 0.0000e+00, 0.0000e+00, 
 2DIAGNOSTIC,    30, -6.583994395565e-01, 1.979524095818e-03, 0.0000e+00, 0.0000e+00, 
 2DIAGNOSTIC,    31, -6.605523800356e-01, 1.866729699315e-03, 0.0000e+00, 0.0000e+00, 
 2DIAGNOSTIC,    32, -6.637424148877e-01, 1.643760161053e-03, 0.0000e+00, 0.0000e+00, 
 2DIAGNOSTIC,    33, -6.682417279709e-01, 1.374364621939e-03, 0.0000e+00, 0.0000e+00, 
 2DIAGNOSTIC,    34, -6.779632720249e-01, 1.160420135678e-03, 0.0000e+00, 0.0000e+00, 
 2DIAGNOSTIC,    35, -6.878026060165e-01, 1.023067154603e-03, 0.0000e+00, 0.0000e+00, 
 2DIAGNOSTIC,    36, -6.902429876369e-01, 1.098163742906e-03, 0.0000e+00, 0.0000e+00, 
 2DIAGNOSTIC,    37, -6.907702010657e-01, 1.171765758123e-03, 0.0000e+00, 0.0000e+00, 
 2DIAGNOSTIC,    38, -6.909070807884e-01, 1.162757339798e-03, 0.0000e+00, 0.0000e+00, 
 2DIAGNOSTIC,    39, -6.911737463951e-01, 1.061761061383e-03, 0.0000e+00, 0.0000e+00, 
 2DIAGNOSTIC,    40, -6.915612901363e-01, 8.847075295535e-04, 0.0000e+00, 0.0000e+00, 
 2DIAGNOSTIC,    41, -6.936430285371e-01, 6.806001997798e-04, 0.0000e+00, 0.0000e+00, 
 2DIAGNOSTIC,    42, -7.021225471478e-01, 5.496551603846e-04, 0.0000e+00, 0.0000e+00, 
 2DIAGNOSTIC,    43, -7.044920253887e-01, 4.421101337957e-04, 0.0000e+00, 0.0000e+00, 
 2DIAGNOSTIC,    44, -7.046277630336e-01, 3.974176131233e-04, 0.0000e+00, 0.0000e+00, 
 2DIAGNOSTIC,    45, -7.046571897003e-01, 4.168897589787e-04, 0.0000e+00, 0.0000e+00, 
 2DIAGNOSTIC,    46, -7.046660415253e-01, 4.192861660760e-04, 0.0000e+00, 0.0000e+00, 
 2DIAGNOSTIC,    47, -7.046991077986e-01, 3.855045575579e-04, 0.0000e+00, 0.0000e+00, 
 2DIAGNOSTIC,    48, -7.046403599490e-01, 3.168661195910e-04, 0.0000e+00, 0.0000e+00, 
 2DIAGNOSTIC,    49, -7.046886772403e-01, 2.252888025465e-04, 0.0000e+00, 0.0000e+00, 
 2DIAGNOSTIC,    50, -7.046457316357e-01, 1.200563389411e-04, 0.0000e+00, 0.0000e+00, 
 2DIAGNOSTIC,    51, -7.047412698471e-01, 2.509825678338e-05, 0.0000e+00, 0.0000e+00, 
 2DIAGNOSTIC,    52, -7.048734051057e-01, 4.760364023051e-06, 0.0000e+00, 0.0000e+00, 
 2DIAGNOSTIC,    53, -7.049740264479e-01, 5.478531996624e-06, 0.0000e+00, 0.0000e+00, 
 2DIAGNOSTIC,    54, -7.051841516221e-01, 8.539690500235e-06, 0.0000e+00, 0.0000e+00, 
 2DIAGNOSTIC,    55, -7.050337767129e-01, 9.729406874159e-06, 0.0000e+00, 0.0000e+00, 
 2DIAGNOSTIC,    56, -7.050519254714e-01, 1.026147064652e-05, 0.0000e+00, 0.0000e+00, 
 2DIAGNOSTIC,    57, -7.050849872912e-01, 1.036044269363e-05, 0.0000e+00, 0.0000e+00, 
 2DIAGNOSTIC,    58, -7.051558357596e-01, 9.566113360122e-06, 0.0000e+00, 0.0000e+00, 
 2DIAGNOSTIC,    59, -7.051921211885e-01, 8.571847426541e-06, 0.0000e+00, 0.0000e+00, 
 2DIAGNOSTIC,    60, -7.051849811971e-01, 6.503379157859e-06, 0.0000e+00, 0.0000e+00, 
 2DIAGNOSTIC,    61, -7.051821459407e-01, 4.627516727838e-06, 0.0000e+00, 0.0000e+00, 
 2DIAGNOSTIC,    62, -7.051969789760e-01, 3.444068272830e-06, 0.0000e+00, 0.0000e+00, 
 2DIAGNOSTIC,    63, -7.051937768682e-01, 2.635539726851e-06, 0.0000e+00, 0.0000e+00, 
 2DIAGNOSTIC,    64, -7.051927694143e-01, 3.110749033201e-06, 0.0000e+00, 0.0000e+00, 
 2DIAGNOSTIC,    65, -7.051900256691e-01, 2.309652657500e-06, 0.0000e+00, 0.0000e+00, 
 2DIAGNOSTIC,    66, -7.051925989511e-01, 1.506767888158e-06, 0.0000e+00, 0.0000e+00, 
DIAGNOSTIC,Iteration,metricValue,convergenceValue,ITERATION_TIME_INDEX,SINCE_LAST
 2DIAGNOSTIC,     1, -5.656112650286e-01, 1.797693134862e+308, 0.0000e+00, 0.0000e+00, 
 2DIAGNOSTIC,     2, -5.666891780579e-01, 1.797693134862e+308, 0.0000e+00, 0.0000e+00, 
 2DIAGNOSTIC,     3, -5.681985712211e-01, 1.797693134862e+308, 0.0000e+00, 0.0000e+00, 
 2DIAGNOSTIC,     4, -5.700306616599e-01, 1.797693134862e+308, 0.0000e+00, 0.0000e+00, 
 2DIAGNOSTIC,     5, -5.723307865022e-01, 1.797693134862e+308, 0.0000e+00, 0.0000e+00, 
 2DIAGNOSTIC,     6, -5.750611841907e-01, 1.797693134862e+308, 0.0000e+00, 0.0000e+00, 
 2DIAGNOSTIC,     7, -5.775987895993e-01, 1.797693134862e+308, 0.0000e+00, 0.0000e+00, 
 2DIAGNOSTIC,     8, -5.825959729782e-01, 1.797693134862e+308, 0.0000e+00, 0.0000e+00, 
 2DIAGNOSTIC,     9, -5.873357614382e-01, 1.797693134862e+308, 0.0000e+00, 0.0000e+00, 
 2DIAGNOSTIC,    10, -6.099911260273e-01, 3.768391814591e-03, 0.0000e+00, 0.0000e+00, 
 2DIAGNOSTIC,    11, -6.176815253620e-01, 4.664786268069e-03, 0.0000e+00, 0.0000e+00, 
 2DIAGNOSTIC,    12, -6.186000582558e-01, 5.070718599284e-03, 0.0000e+00, 0.0000e+00, 
 2DIAGNOSTIC,    13, -6.190242051378e-01, 5.039859412401e-03, 0.0000e+00, 0.0000e+00, 
 2DIAGNOSTIC,    14, -6.192588369017e-01, 4.627190567891e-03, 0.0000e+00, 0.0000e+00, 
 2DIAGNOSTIC,    15, -6.195884910096e-01, 3.923256975004e-03, 0.0000e+00, 0.0000e+00, 
 2DIAGNOSTIC,    16, -6.196377485578e-01, 3.031414477782e-03, 0.0000e+00, 0.0000e+00, 
 2DIAGNOSTIC,    17, -6.199346298009e-01, 2.057254567800e-03, 0.0000e+00, 0.0000e+00, 
 2DIAGNOSTIC,    18, -6.201586126024e-01, 1.151127545832e-03, 0.0000e+00, 0.0000e+00, 
 2DIAGNOSTIC,    19, -6.201824314822e-01, 3.432530358573e-04, 0.0000e+00, 0.0000e+00, 
 2DIAGNOSTIC,    20, -6.201898943202e-01, 1.207376341435e-04, 0.0000e+00, 0.0000e+00, 
 2DIAGNOSTIC,    21, -6.202126279060e-01, 8.282001152938e-05, 0.0000e+00, 0.0000e+00, 
 2DIAGNOSTIC,    22, -6.202810628333e-01, 6.191332662555e-05, 0.0000e+00, 0.0000e+00, 
 2DIAGNOSTIC,    23, -6.203102256086e-01, 4.638713239837e-05, 0.0000e+00, 0.0000e+00, 
 2DIAGNOSTIC,    24, -6.203519934387e-01, 3.333302270931e-05, 0.0000e+00, 0.0000e+00, 
 2DIAGNOSTIC,    25, -6.204961667092e-01, 2.740838420515e-05, 0.0000e+00, 0.0000e+00, 
 2DIAGNOSTIC,    26, -6.208157074905e-01, 2.602033076608e-05, 0.0000e+00, 0.0000e+00, 
 2DIAGNOSTIC,    27, -6.212919835979e-01, 3.563950544756e-05, 0.0000e+00, 0.0000e+00, 
 2DIAGNOSTIC,    28, -6.213683010030e-01, 4.621268852925e-05, 0.0000e+00, 0.0000e+00, 
 2DIAGNOSTIC,    29, -6.213579585768e-01, 5.215187912269e-05, 0.0000e+00, 0.0000e+00, 
 2DIAGNOSTIC,    30, -6.213764257666e-01, 5.336840356634e-05, 0.0000e+00, 0.0000e+00, 
 2DIAGNOSTIC,    31, -6.213733316963e-01, 4.974168192986e-05, 0.0000e+00, 0.0000e+00, 
 2DIAGNOSTIC,    32, -6.213710829744e-01, 4.260446509210e-05, 0.0000e+00, 0.0000e+00, 
 2DIAGNOSTIC,    33, -6.213707389143e-01, 3.242657487183e-05, 0.0000e+00, 0.0000e+00, 
 2DIAGNOSTIC,    34, -6.213683509666e-01, 2.052560831821e-05, 0.0000e+00, 0.0000e+00, 
 2DIAGNOSTIC,    35, -6.213732962711e-01, 9.426433705023e-06, 0.0000e+00, 0.0000e+00, 
 2DIAGNOSTIC,    36, -6.213761747109e-01, 2.168602851581e-06, 0.0000e+00, 0.0000e+00, 
 2DIAGNOSTIC,    37, -6.213763793896e-01, 1.182541313038e-06, 0.0000e+00, 0.0000e+00, 
 2DIAGNOSTIC,    38, -6.213759068331e-01, 1.164692375270e-06, 0.0000e+00, 0.0000e+00, 
DIAGNOSTIC,Iteration,metricValue,convergenceValue,ITERATION_TIME_INDEX,SINCE_LAST
 2DIAGNOSTIC,     1, -5.349058000954e-01, 1.797693134862e+308, 0.0000e+00, 0.0000e+00, 
 2DIAGNOSTIC,     2, -5.350895428654e-01, 1.797693134862e+308, 0.0000e+00, 0.0000e+00, 
 2DIAGNOSTIC,     3, -5.352006368258e-01, 1.797693134862e+308, 0.0000e+00, 0.0000e+00, 
 2DIAGNOSTIC,     4, -5.352699060624e-01, 1.797693134862e+308, 0.0000e+00, 0.0000e+00, 
 2DIAGNOSTIC,     5, -5.353896458422e-01, 1.797693134862e+308, 0.0000e+00, 0.0000e+00, 
 2DIAGNOSTIC,     6, -5.355745090162e-01, 1.797693134862e+308, 0.0000e+00, 0.0000e+00, 
 2DIAGNOSTIC,     7, -5.359571538970e-01, 1.797693134862e+308, 0.0000e+00, 0.0000e+00, 
 2DIAGNOSTIC,     8, -5.359546078798e-01, 1.797693134862e+308, 0.0000e+00, 0.0000e+00, 
 2DIAGNOSTIC,     9, -5.359468597549e-01, 1.797693134862e+308, 0.0000e+00, 0.0000e+00, 
 2DIAGNOSTIC,    10, -5.359400027632e-01, 1.447768864350e-04, 0.0000e+00, 0.0000e+00, 
 2DIAGNOSTIC,    11, -5.359364115224e-01, 1.138131748617e-04, 0.0000e+00, 0.0000e+00, 
 2DIAGNOSTIC,    12, -5.359375638948e-01, 8.592439205378e-05, 0.0000e+00, 0.0000e+00, 
 2DIAGNOSTIC,    13, -5.359363191193e-01, 5.934809789045e-05, 0.0000e+00, 0.0000e+00, 
 2DIAGNOSTIC,    14, -5.359347684629e-01, 3.418134221304e-05, 0.0000e+00, 0.0000e+00, 
 2DIAGNOSTIC,    15, -5.359347684629e-01, 1.369007770922e-05, 0.0000e+00, 0.0000e+00, 
DIAGNOSTIC,Iteration,metricValue,convergenceValue,ITERATION_TIME_INDEX,SINCE_LAST
 2DIAGNOSTIC,     1, -4.895976145713e-01, 1.797693134862e+308, 0.0000e+00, 0.0000e+00, 
 2DIAGNOSTIC,     2, -4.896023103635e-01, 1.797693134862e+308, 0.0000e+00, 0.0000e+00, 
 2DIAGNOSTIC,     3, -4.896016067355e-01, 1.797693134862e+308, 0.0000e+00, 0.0000e+00, 
 2DIAGNOSTIC,     4, -4.895973006623e-01, 1.797693134862e+308, 0.0000e+00, 0.0000e+00, 
 2DIAGNOSTIC,     5, -4.895985245569e-01, 1.797693134862e+308, 0.0000e+00, 0.0000e+00, 
 2DIAGNOSTIC,     6, -4.895971815107e-01, 1.797693134862e+308, 0.0000e+00, 0.0000e+00, 
 2DIAGNOSTIC,     7, -4.896044603916e-01, 1.797693134862e+308, 0.0000e+00, 0.0000e+00, 
 2DIAGNOSTIC,     8, -4.896030056516e-01, 1.797693134862e+308, 0.0000e+00, 0.0000e+00, 
 2DIAGNOSTIC,     9, -4.896031139073e-01, 1.797693134862e+308, 0.0000e+00, 0.0000e+00, 
 2DIAGNOSTIC,    10, -4.896029948960e-01, 3.990505527601e-06, 0.0000e+00, 0.0000e+00, 
 2DIAGNOSTIC,    11, -4.896029948960e-01, 3.579731597869e-06, 0.0000e+00, 0.0000e+00, 
 2DIAGNOSTIC,    12, -4.896029948960e-01, 3.414709568994e-06, 0.0000e+00, 0.0000e+00, 
 2DIAGNOSTIC,    13, -4.896004549741e-01, 3.082668089002e-06, 0.0000e+00, 0.0000e+00, 
 2DIAGNOSTIC,    14, -4.896004549741e-01, 2.583004880971e-06, 0.0000e+00, 0.0000e+00, 
 2DIAGNOSTIC,    15, -4.896004669720e-01, 2.186495686923e-06, 0.0000e+00, 0.0000e+00, 
 2DIAGNOSTIC,    16, -4.896004669720e-01, 1.788487692805e-06, 0.0000e+00, 0.0000e+00, 
 2DIAGNOSTIC,    17, -4.896004669720e-01, 1.718530433965e-06, 0.0000e+00, 0.0000e+00, 
 2DIAGNOSTIC,    18, -4.896004669720e-01, 1.636639070851e-06, 0.0000e+00, 0.0000e+00, 
 2DIAGNOSTIC,    19, -4.896004669720e-01, 1.590410561685e-06, 0.0000e+00, 0.0000e+00, 
 2DIAGNOSTIC,    20, -4.896003963631e-01, 1.560557126128e-06, 0.0000e+00, 0.0000e+00, 
 2DIAGNOSTIC,    21, -4.896003963631e-01, 1.545713802002e-06, 0.0000e+00, 0.0000e+00, 
 2DIAGNOSTIC,    22, -4.896003963631e-01, 1.540942083086e-06, 0.0000e+00, 0.0000e+00, 
 2DIAGNOSTIC,    23, -4.896003857700e-01, 1.472581097853e-06, 0.0000e+00, 0.0000e+00, 
 2DIAGNOSTIC,    24, -4.896003857700e-01, 1.410427217075e-06, 0.0000e+00, 0.0000e+00, 
 2DIAGNOSTIC,    25, -4.896003857700e-01, 1.354108443895e-06, 0.0000e+00, 0.0000e+00, 
 2DIAGNOSTIC,    26, -4.896003857700e-01, 1.302652696579e-06, 0.0000e+00, 0.0000e+00, 
 2DIAGNOSTIC,    27, -4.896003692338e-01, 1.255079319293e-06, 0.0000e+00, 0.0000e+00, 
 2DIAGNOSTIC,    28, -4.896003692338e-01, 1.211270603180e-06, 0.0000e+00, 0.0000e+00, 
 2DIAGNOSTIC,    29, -4.896003692338e-01, 1.170782541166e-06, 0.0000e+00, 0.0000e+00, 
 2DIAGNOSTIC,    30, -4.896003692338e-01, 1.131751104937e-06, 0.0000e+00, 0.0000e+00, 
 2DIAGNOSTIC,    31, -4.896003692338e-01, 1.095365102670e-06, 0.0000e+00, 0.0000e+00, 
 2DIAGNOSTIC,    32, -4.896003692338e-01, 1.061376717369e-06, 0.0000e+00, 0.0000e+00, 
 2DIAGNOSTIC,    33, -4.896003246716e-01, 1.028565709146e-06, 0.0000e+00, 0.0000e+00, 
  Elapsed time (stage 0): 0.0000e+00


Total elapsed time: 0.0000e+00
Info [verificarlo]: loaded backend libinterflop_ieee.so
Info [interflop-ieee]: load backend with:
Info [interflop-ieee]: debug = false
Info [interflop-ieee]: debug-binary = false
Info [interflop-ieee]: no-backend-name = false
Info [interflop-ieee]: print-new-line = false
Info [interflop-ieee]: print-subnormal-normalized = false
Info [interflop-ieee]: count-op = false
All_Command_lines_OK
Using double precision for computations.
=============================================================================
The composite transform comprises the following transforms (in order): 
  1. /home/mdugre/scratch/mri-registration-rp/datasets/ds004513/derivatives/mri-registration-rp/0100/antsRegistration-r8-p15/sub-s025/rigid_Composite.h5[0] (type = Euler3DTransform)
  2. /home/mdugre/scratch/mri-registration-rp/datasets/ds004513/derivatives/mri-registration-rp/0100/antsRegistration-r8-p15/sub-s025/rigid_Composite.h5[1] (type = Euler3DTransform)
  3. /home/mdugre/scratch/mri-registration-rp/datasets/ds004513/derivatives/mri-registration-rp/0100/antsRegistration-r8-p15/sub-s025/rigid_Composite.h5[2] (type = Euler3DTransform)
=============================================================================
  number of levels = 4
  fixed image: /templateflow/tpl-MNI152NLin2009cAsym/tpl-MNI152NLin2009cAsym_res-01_desc-brain_T1w.nii.gz
  moving image: /home/mdugre/scratch/mri-registration-rp/datasets/ds004513/derivatives/mri-registration-rp/antsBrainExtraction/sub-s025/BrainExtractionBrain.nii.gz
Dimension = 3
Number of stages = 1
Use histogram matching = false
Winsorize image intensities = true
  Lower quantile = 0.005
  Upper quantile = 0.995


Stage 1 State
   Image metric = MattesMI
     Fixed image = Image (0x3f0e7e0)
  RTTI typeinfo:   itk::Image<double, 3u>
  Reference Count: 2
  Modified Time: 1594
  Debug: Off
  Object Name: 
  Observers: 
    none
  Source: (none)
  Source output name: (none)
  Release Data: Off
  Data Released: False
  Global Release Data: Off
  PipelineMTime: 0
  UpdateMTime: 1203
  RealTimeStamp: 0 seconds 
  LargestPossibleRegion: 
    Dimension: 3
    Index: [0, 0, 0]
    Size: [193, 229, 193]
  BufferedRegion: 
    Dimension: 3
    Index: [0, 0, 0]
    Size: [193, 229, 193]
  RequestedRegion: 
    Dimension: 3
    Index: [0, 0, 0]
    Size: [193, 229, 193]
  Spacing: [1, 1, 1]
  Origin: [96, 132, -78]
  Direction: 
-1 0 0
0 -1 0
0 0 1

  IndexToPointMatrix: 
-1 0 0
0 -1 0
0 0 1

  PointToIndexMatrix: 
-1 0 0
0 -1 0
0 0 1

  Inverse Direction: 
-1 0 0
0 -1 0
0 0 1

  PixelContainer: 
    ImportImageContainer (0x3fd9880)
      RTTI typeinfo:   itk::ImportImageContainer<unsigned long, double>
      Reference Count: 1
      Modified Time: 1200
      Debug: Off
      Object Name: 
      Observers: 
        none
      Pointer: 0x14f7a99c4010
      Container manages memory: true
      Size: 8530021
      Capacity: 8530021

     Moving image = Image (0x3fca050)
  RTTI typeinfo:   itk::Image<double, 3u>
  Reference Count: 2
  Modified Time: 1595
  Debug: Off
  Object Name: 
  Observers: 
    none
  Source: (none)
  Source output name: (none)
  Release Data: Off
  Data Released: False
  Global Release Data: Off
  PipelineMTime: 0
  UpdateMTime: 1592
  RealTimeStamp: 0 seconds 
  LargestPossibleRegion: 
    Dimension: 3
    Index: [0, 0, 0]
    Size: [176, 240, 256]
  BufferedRegion: 
    Dimension: 3
    Index: [0, 0, 0]
    Size: [176, 240, 256]
  RequestedRegion: 
    Dimension: 3
    Index: [0, 0, 0]
    Size: [176, 240, 256]
  Spacing: [0.999999, 1, 1]
  Origin: [90.3778, 84.5091, -154.071]
  Direction: 
-0.999391 7.48184e-06 -0.0348969
-7.47664e-06 -1 -2.7953e-07
-0.0348969 -1.84481e-08 0.999391

  IndexToPointMatrix: 
-0.99939 7.48184e-06 -0.0348969
-7.47663e-06 -1 -2.7953e-07
-0.0348968 -1.84481e-08 0.999391

  PointToIndexMatrix: 
-0.999392 -7.47665e-06 -0.0348969
7.48184e-06 -1 -1.84481e-08
-0.0348969 -2.7953e-07 0.999391

  Inverse Direction: 
-0.999391 -7.47664e-06 -0.0348969
7.48184e-06 -1 -1.84481e-08
-0.0348969 -2.7953e-07 0.999391

  PixelContainer: 
    ImportImageContainer (0x407d690)
      RTTI typeinfo:   itk::ImportImageContainer<unsigned long, double>
      Reference Count: 1
      Modified Time: 1589
      Debug: Off
      Object Name: 
      Observers: 
        none
      Pointer: 0x14f7a4743010
      Container manages memory: true
      Size: 10813440
      Capacity: 10813440

     Weighting = 1
     Sampling strategy = regular
     Number of bins = 32
     Radius = 4
     Sampling percentage  = 0.25
   Transform = Affine
     Gradient step = 0.1
     Update field sigma (voxel space) = 0
     Total field sigma (voxel space) = 0
     Update field time sigma = 0
     Total field time sigma  = 0
     Number of time indices = 0
     Number of time point samples = 0
Registration using 1 total stages.

Stage 0
  iterations = 1000x500x250x100
  convergence threshold = 1e-06
  convergence window size = 10
  number of levels = 4
  using the Mattes MI metric (number of bins = 32, weight = 1, use gradient filter = 0)
  preprocessing:  winsorizing the image intensities
  Shrink factors (level 1 out of 4): [8, 8, 8]
  Shrink factors (level 2 out of 4): [4, 4, 4]
  Shrink factors (level 3 out of 4): [2, 2, 2]
  Shrink factors (level 4 out of 4): [1, 1, 1]
  smoothing sigmas per level: [3, 2, 1, 0]
  regular sampling (percentage = 0.25)

*** Running AffineTransform registration ***

DIAGNOSTIC,Iteration,metricValue,convergenceValue,ITERATION_TIME_INDEX,SINCE_LAST
 2DIAGNOSTIC,     1, -7.484341342290e-01, 1.797693134862e+308, 7.9165e-01, 7.9165e-01, 
 2DIAGNOSTIC,     2, -7.506772396825e-01, 1.797693134862e+308, 7.9675e-01, 5.1010e-03, 
 2DIAGNOSTIC,     3, -7.542939407016e-01, 1.797693134862e+308, 8.0184e-01, 5.0881e-03, 
 2DIAGNOSTIC,     4, -7.609557169207e-01, 1.797693134862e+308, 8.0677e-01, 4.9269e-03, 
 2DIAGNOSTIC,     5, -7.721590693997e-01, 1.797693134862e+308, 8.1173e-01, 4.9632e-03, 
 2DIAGNOSTIC,     6, -7.872513075579e-01, 1.797693134862e+308, 8.1638e-01, 4.6461e-03, 
 2DIAGNOSTIC,     7, -8.208425295709e-01, 1.797693134862e+308, 8.2203e-01, 5.6520e-03, 
 2DIAGNOSTIC,     8, -8.847171682726e-01, 1.797693134862e+308, 8.2729e-01, 5.2590e-03, 
 2DIAGNOSTIC,     9, -9.163851554163e-01, 1.797693134862e+308, 8.3198e-01, 4.6868e-03, 
 2DIAGNOSTIC,    10, -9.252947936708e-01, 1.552953034688e-02, 8.3778e-01, 5.8088e-03, 
 2DIAGNOSTIC,    11, -9.318419346169e-01, 1.563046425552e-02, 8.4637e-01, 8.5831e-03, 
 2DIAGNOSTIC,    12, -9.322025413143e-01, 1.439258897602e-02, 8.5131e-01, 4.9379e-03, 
 2DIAGNOSTIC,    13, -9.340722546154e-01, 1.219558997901e-02, 8.5696e-01, 5.6572e-03, 
 2DIAGNOSTIC,    14, -9.362395601970e-01, 9.447966033950e-03, 8.6247e-01, 5.5039e-03, 
 2DIAGNOSTIC,    15, -9.371885810267e-01, 6.531035620626e-03, 8.6772e-01, 5.2500e-03, 
 2DIAGNOSTIC,    16, -9.375071225610e-01, 3.740523687864e-03, 8.7311e-01, 5.3952e-03, 
 2DIAGNOSTIC,    17, -9.377914952719e-01, 1.595523485501e-03, 8.7789e-01, 4.7760e-03, 
 2DIAGNOSTIC,    18, -9.384214573193e-01, 7.233678253515e-04, 8.8392e-01, 6.0301e-03, 
 2DIAGNOSTIC,    19, -9.387041512325e-01, 4.285318555199e-04, 8.8956e-01, 5.6410e-03, 
 2DIAGNOSTIC,    20, -9.385702197330e-01, 2.656830998483e-04, 8.9808e-01, 8.5208e-03, 
 2DIAGNOSTIC,    21, -9.383291827664e-01, 1.930630805631e-04, 9.0350e-01, 5.4169e-03, 
 2DIAGNOSTIC,    22, -9.383470188113e-01, 1.150654437767e-04, 9.0842e-01, 4.9281e-03, 
 2DIAGNOSTIC,    23, -9.382146093508e-01, 5.711900546545e-05, 9.1330e-01, 4.8740e-03, 
 2DIAGNOSTIC,    24, -9.382560011130e-01, 2.831019479332e-05, 9.1815e-01, 4.8499e-03, 
 2DIAGNOSTIC,    25, -9.383177998994e-01, 1.242789972464e-05, 9.2301e-01, 4.8640e-03, 
 2DIAGNOSTIC,    26, -9.384102768485e-01, 1.912170167824e-06, 9.2785e-01, 4.8389e-03, 
DIAGNOSTIC,Iteration,metricValue,convergenceValue,ITERATION_TIME_INDEX,SINCE_LAST
 2DIAGNOSTIC,     1, -7.500625772267e-01, 1.797693134862e+308, 1.7790e+00, 8.5120e-01, 
 2DIAGNOSTIC,     2, -7.504953739989e-01, 1.797693134862e+308, 1.8202e+00, 4.1176e-02, 
 2DIAGNOSTIC,     3, -7.509097842698e-01, 1.797693134862e+308, 1.8553e+00, 3.5105e-02, 
 2DIAGNOSTIC,     4, -7.516270447007e-01, 1.797693134862e+308, 1.8902e+00, 3.4843e-02, 
 2DIAGNOSTIC,     5, -7.528939927297e-01, 1.797693134862e+308, 1.9336e+00, 4.3391e-02, 
 2DIAGNOSTIC,     6, -7.540820249366e-01, 1.797693134862e+308, 2.0007e+00, 6.7159e-02, 
 2DIAGNOSTIC,     7, -7.541257216870e-01, 1.797693134862e+308, 2.0360e+00, 3.5248e-02, 
 2DIAGNOSTIC,     8, -7.541344636778e-01, 1.797693134862e+308, 2.0706e+00, 3.4633e-02, 
 2DIAGNOSTIC,     9, -7.541481399273e-01, 1.797693134862e+308, 2.1058e+00, 3.5218e-02, 
 2DIAGNOSTIC,    10, -7.541833880706e-01, 4.162359466559e-04, 2.1426e+00, 3.6827e-02, 
 2DIAGNOSTIC,    11, -7.542418449686e-01, 3.105060587536e-04, 2.1787e+00, 3.6031e-02, 
 2DIAGNOSTIC,    12, -7.542794997225e-01, 2.100003881142e-04, 2.2183e+00, 3.9651e-02, 
 2DIAGNOSTIC,    13, -7.542976112695e-01, 1.192249102351e-04, 2.2554e+00, 3.7106e-02, 
 2DIAGNOSTIC,    14, -7.543244947390e-01, 5.032998656246e-05, 2.2964e+00, 4.0982e-02, 
 2DIAGNOSTIC,    15, -7.543593918443e-01, 1.813606557900e-05, 2.3416e+00, 4.5167e-02, 
 2DIAGNOSTIC,    16, -7.543547389860e-01, 1.634873590449e-05, 2.3770e+00, 3.5439e-02, 
 2DIAGNOSTIC,    17, -7.543412653182e-01, 1.413338368304e-05, 2.4179e+00, 4.0887e-02, 
 2DIAGNOSTIC,    18, -7.543321503631e-01, 1.105220380305e-05, 2.4579e+00, 4.0004e-02, 
 2DIAGNOSTIC,    19, -7.543614202232e-01, 8.281769079417e-06, 2.4933e+00, 3.5365e-02, 
 2DIAGNOSTIC,    20, -7.543939345443e-01, 6.400680968272e-06, 2.5436e+00, 5.0350e-02, 
 2DIAGNOSTIC,    21, -7.543931148798e-01, 5.265553611120e-06, 2.5786e+00, 3.4995e-02, 
 2DIAGNOSTIC,    22, -7.543894384981e-01, 4.492683206674e-06, 2.6176e+00, 3.8955e-02, 
 2DIAGNOSTIC,    23, -7.543722834996e-01, 3.522689564592e-06, 2.6562e+00, 3.8640e-02, 
 2DIAGNOSTIC,    24, -7.543655196483e-01, 2.726923574149e-06, 2.6907e+00, 3.4524e-02, 
 2DIAGNOSTIC,    25, -7.543628192518e-01, 2.335387716448e-06, 2.7298e+00, 3.9019e-02, 
 2DIAGNOSTIC,    26, -7.543403255205e-01, 1.485878066823e-06, 2.7689e+00, 3.9123e-02, 
DIAGNOSTIC,Iteration,metricValue,convergenceValue,ITERATION_TIME_INDEX,SINCE_LAST
 2DIAGNOSTIC,     1, -6.416598235027e-01, 1.797693134862e+308, 3.9543e+00, 1.1855e+00, 
 2DIAGNOSTIC,     2, -6.420850511481e-01, 1.797693134862e+308, 4.2121e+00, 2.5771e-01, 
 2DIAGNOSTIC,     3, -6.425267534047e-01, 1.797693134862e+308, 4.4626e+00, 2.5054e-01, 
 2DIAGNOSTIC,     4, -6.430576995217e-01, 1.797693134862e+308, 4.7233e+00, 2.6067e-01, 
 2DIAGNOSTIC,     5, -6.438265038580e-01, 1.797693134862e+308, 4.9753e+00, 2.5200e-01, 
 2DIAGNOSTIC,     6, -6.450830482825e-01, 1.797693134862e+308, 5.4196e+00, 4.4434e-01, 
 2DIAGNOSTIC,     7, -6.450975783334e-01, 1.797693134862e+308, 5.7151e+00, 2.9547e-01, 
 2DIAGNOSTIC,     8, -6.450914209795e-01, 1.797693134862e+308, 5.9954e+00, 2.8033e-01, 
 2DIAGNOSTIC,     9, -6.450875183517e-01, 1.797693134862e+308, 6.3140e+00, 3.1863e-01, 
 2DIAGNOSTIC,    10, -6.450889320579e-01, 4.010179917895e-04, 6.5974e+00, 2.8331e-01, 
 2DIAGNOSTIC,    11, -6.450759942400e-01, 2.936705508548e-04, 6.9492e+00, 3.5182e-01, 
 2DIAGNOSTIC,    12, -6.450774838264e-01, 1.939266504550e-04, 7.3646e+00, 4.1539e-01, 
 2DIAGNOSTIC,    13, -6.450767270109e-01, 1.077377346815e-04, 7.6476e+00, 2.8300e-01, 
 2DIAGNOSTIC,    14, -6.450771593852e-01, 4.084855878890e-05, 7.9030e+00, 2.5547e-01, 
DIAGNOSTIC,Iteration,metricValue,convergenceValue,ITERATION_TIME_INDEX,SINCE_LAST
 2DIAGNOSTIC,     1, -5.764402700916e-01, 1.797693134862e+308, 1.0801e+01, 2.8981e+00, 
 2DIAGNOSTIC,     2, -5.768617155713e-01, 1.797693134862e+308, 1.2457e+01, 1.6564e+00, 
 2DIAGNOSTIC,     3, -5.773481849139e-01, 1.797693134862e+308, 1.4173e+01, 1.7159e+00, 
 2DIAGNOSTIC,     4, -5.778944222380e-01, 1.797693134862e+308, 1.5828e+01, 1.6543e+00, 
 2DIAGNOSTIC,     5, -5.787030633588e-01, 1.797693134862e+308, 1.7608e+01, 1.7804e+00, 
 2DIAGNOSTIC,     6, -5.795508118607e-01, 1.797693134862e+308, 2.2222e+01, 4.6144e+00, 
 2DIAGNOSTIC,     7, -5.795507924092e-01, 1.797693134862e+308, 2.4136e+01, 1.9133e+00, 
 2DIAGNOSTIC,     8, -5.795505022972e-01, 1.797693134862e+308, 2.6627e+01, 2.4912e+00, 
 2DIAGNOSTIC,     9, -5.795501794546e-01, 1.797693134862e+308, 2.8433e+01, 1.8062e+00, 
 2DIAGNOSTIC,    10, -5.795499115648e-01, 3.921806292573e-04, 3.0603e+01, 2.1700e+00, 
 2DIAGNOSTIC,    11, -5.795493831125e-01, 2.783836091189e-04, 3.2440e+01, 1.8374e+00, 
 2DIAGNOSTIC,    12, -5.795494368127e-01, 1.762430370820e-04, 3.4050e+01, 1.6093e+00, 
 2DIAGNOSTIC,    13, -5.795493771403e-01, 9.283977253770e-05, 3.5830e+01, 1.7806e+00, 
 2DIAGNOSTIC,    14, -5.795493560547e-01, 3.186062542933e-05, 3.7647e+01, 1.8171e+00, 
 2DIAGNOSTIC,    15, -5.795490587943e-01, 1.984704869257e-06, 3.9430e+01, 1.7830e+00, 
 2DIAGNOSTIC,    16, -5.795487432561e-01, 1.863680622619e-06, 4.1263e+01, 1.8327e+00, 
 2DIAGNOSTIC,    17, -5.795487538670e-01, 1.768503630477e-06, 4.3038e+01, 1.7752e+00, 
 2DIAGNOSTIC,    18, -5.795484941387e-01, 1.678295331806e-06, 4.4797e+01, 1.7586e+00, 
 2DIAGNOSTIC,    19, -5.795481645897e-01, 1.589304740715e-06, 4.6902e+01, 2.1053e+00, 
 2DIAGNOSTIC,    20, -5.795482314734e-01, 1.513002210463e-06, 4.8819e+01, 1.9172e+00, 
 2DIAGNOSTIC,    21, -5.795478295701e-01, 1.429433733442e-06, 5.0479e+01, 1.6592e+00, 
 2DIAGNOSTIC,    22, -5.795476118871e-01, 1.358021899059e-06, 5.2493e+01, 2.0147e+00, 
 2DIAGNOSTIC,    23, -5.795473849990e-01, 1.295042114845e-06, 5.4127e+01, 1.6336e+00, 
 2DIAGNOSTIC,    24, -5.795469082566e-01, 1.235659231560e-06, 5.5967e+01, 1.8404e+00, 
 2DIAGNOSTIC,    25, -5.795469065608e-01, 1.183956627168e-06, 5.8193e+01, 2.2257e+00, 
 2DIAGNOSTIC,    26, -5.795467926694e-01, 1.136327999640e-06, 6.0115e+01, 1.9216e+00, 
 2DIAGNOSTIC,    27, -5.795465154705e-01, 1.095781846941e-06, 6.1831e+01, 1.7159e+00, 
 2DIAGNOSTIC,    28, -5.795462427652e-01, 1.056937588194e-06, 6.3663e+01, 1.8326e+00, 
 2DIAGNOSTIC,    29, -5.795461105054e-01, 1.020522094074e-06, 6.5362e+01, 1.6994e+00, 
  Elapsed time (stage 0): 6.6363e+01


Total elapsed time: 6.6365e+01
Info [verificarlo]: loaded backend libinterflop_ieee.so
Info [interflop-ieee]: load backend with:
Info [interflop-ieee]: debug = false
Info [interflop-ieee]: debug-binary = false
Info [interflop-ieee]: no-backend-name = false
Info [interflop-ieee]: print-new-line = false
Info [interflop-ieee]: print-subnormal-normalized = false
Info [interflop-ieee]: count-op = false
All_Command_lines_OK
Using double precision for computations.
=============================================================================
The composite transform comprises the following transforms (in order): 
