
##########################
# Experiment information #
##########################

EXPERIMENT_NAME: antsRegistration-r8-p11
VFC_BACKENDS: libinterflop_vprec.so --range-binary32=8 --precision-binary32=11 --range-binary64=8 --precision-binary64=11

SIF_IMG: /home/mdugre/projects/rrg-glatard/mdugre/containers/ants-vprec-no_metrics.simg

SUBJECT_ID: s014
INPUT_IMG: /home/mdugre/scratch/mri-registration-rp/datasets/ds004513/derivatives/mri-registration-rp/antsBrainExtraction/sub-s014/BrainExtractionBrain.nii.gz
OUTPUT_DIR: /home/mdugre/scratch/mri-registration-rp/datasets/ds004513/derivatives/mri-registration-rp/0100/antsRegistration-r8-p11/sub-s014

FIXED_IMG: /templateflow/tpl-MNI152NLin2009cAsym/tpl-MNI152NLin2009cAsym_res-01_desc-brain_T1w.nii.gz
DATA_DIR: /home/mdugre/scratch/mri-registration-rp/datasets/ds004513
TEMPLATEFLOW_DIR: /home/mdugre/projects/rrg-glatard/mdugre/templateflow
ITK_GLOBAL_DEFAULT_NUMBER_OF_THREADS: 16
##########################

Info [verificarlo]: loaded backend libinterflop_ieee.so
Info [interflop-ieee]: load backend with:
Info [interflop-ieee]: debug = false
Info [interflop-ieee]: debug-binary = false
Info [interflop-ieee]: no-backend-name = false
Info [interflop-ieee]: print-new-line = false
Info [interflop-ieee]: print-subnormal-normalized = false
Info [interflop-ieee]: count-op = false
All_Command_lines_OK
Using double precision for computations.
=============================================================================
The composite transform comprises the following transforms (in order): 
  1. Center of mass alignment using fixed image: /templateflow/tpl-MNI152NLin2009cAsym/tpl-MNI152NLin2009cAsym_res-01_desc-brain_T1w.nii.gz and moving image: /home/mdugre/scratch/mri-registration-rp/datasets/ds004513/derivatives/mri-registration-rp/antsBrainExtraction/sub-s014/BrainExtractionBrain.nii.gz (type = Euler3DTransform)
=============================================================================
  number of levels = 1
  fixed image: /templateflow/tpl-MNI152NLin2009cAsym/tpl-MNI152NLin2009cAsym_res-01_desc-brain_T1w.nii.gz
  moving image: /home/mdugre/scratch/mri-registration-rp/datasets/ds004513/derivatives/mri-registration-rp/antsBrainExtraction/sub-s014/BrainExtractionBrain.nii.gz
Dimension = 3
Number of stages = 1
Use histogram matching = false
Winsorize image intensities = true
  Lower quantile = 0.005
  Upper quantile = 0.995


Stage 1 State
   Image metric = MattesMI
     Fixed image = Image (0x4f32e70)
  RTTI typeinfo:   itk::Image<double, 3u>
  Reference Count: 2
  Modified Time: 2334
  Debug: Off
  Object Name: 
  Observers: 
    none
  Source: (none)
  Source output name: (none)
  Release Data: Off
  Data Released: False
  Global Release Data: Off
  PipelineMTime: 0
  UpdateMTime: 1943
  RealTimeStamp: 0 seconds 
  LargestPossibleRegion: 
    Dimension: 3
    Index: [0, 0, 0]
    Size: [193, 229, 193]
  BufferedRegion: 
    Dimension: 3
    Index: [0, 0, 0]
    Size: [193, 229, 193]
  RequestedRegion: 
    Dimension: 3
    Index: [0, 0, 0]
    Size: [193, 229, 193]
  Spacing: [1, 1, 1]
  Origin: [96, 132, -78]
  Direction: 
-1 0 0
0 -1 0
0 0 1

  IndexToPointMatrix: 
-1 0 0
0 -1 0
0 0 1

  PointToIndexMatrix: 
-1 0 0
0 -1 0
0 0 1

  Inverse Direction: 
-1 0 0
0 -1 0
0 0 1

  PixelContainer: 
    ImportImageContainer (0x4f3f140)
      RTTI typeinfo:   itk::ImportImageContainer<unsigned long, double>
      Reference Count: 1
      Modified Time: 1940
      Debug: Off
      Object Name: 
      Observers: 
        none
      Pointer: 0x153b95fc9010
      Container manages memory: true
      Size: 8530021
      Capacity: 8530021

     Moving image = Image (0x4f3c310)
  RTTI typeinfo:   itk::Image<double, 3u>
  Reference Count: 2
  Modified Time: 2335
  Debug: Off
  Object Name: 
  Observers: 
    none
  Source: (none)
  Source output name: (none)
  Release Data: Off
  Data Released: False
  Global Release Data: Off
  PipelineMTime: 0
  UpdateMTime: 2332
  RealTimeStamp: 0 seconds 
  LargestPossibleRegion: 
    Dimension: 3
    Index: [0, 0, 0]
    Size: [160, 240, 256]
  BufferedRegion: 
    Dimension: 3
    Index: [0, 0, 0]
    Size: [160, 240, 256]
  RequestedRegion: 
    Dimension: 3
    Index: [0, 0, 0]
    Size: [160, 240, 256]
  Spacing: [0.999999, 1, 1]
  Origin: [84.1637, 106.709, -120.531]
  Direction: 
-0.999619 -0.0226874 -0.0157033
0.0226846 -0.999743 0.00035635
-0.0157073 -7.8229e-09 0.999877

  IndexToPointMatrix: 
-0.999619 -0.0226874 -0.0157033
0.0226845 -0.999743 0.00035635
-0.0157073 -7.8229e-09 0.999877

  PointToIndexMatrix: 
-0.99962 0.0226846 -0.0157073
-0.0226874 -0.999743 -7.83127e-09
-0.0157033 0.00035635 0.999877

  Inverse Direction: 
-0.999619 0.0226846 -0.0157073
-0.0226874 -0.999743 -7.83127e-09
-0.0157033 0.00035635 0.999877

  PixelContainer: 
    ImportImageContainer (0x5067610)
      RTTI typeinfo:   itk::ImportImageContainer<unsigned long, double>
      Reference Count: 1
      Modified Time: 2329
      Debug: Off
      Object Name: 
      Observers: 
        none
      Pointer: 0x153b914c8010
      Container manages memory: true
      Size: 9830400
      Capacity: 9830400

     Weighting = 1
     Sampling strategy = regular
     Number of bins = 32
     Radius = 4
     Sampling percentage  = 0.25
   Transform = Rigid
     Gradient step = 0.1
     Update field sigma (voxel space) = 0
     Total field sigma (voxel space) = 0
     Update field time sigma = 0
     Total field time sigma  = 0
     Number of time indices = 0
     Number of time point samples = 0
Registration using 1 total stages.

Stage 0
  iterations = 0
  convergence threshold = 1e-06
  convergence window size = 10
  number of levels = 1
  using the Mattes MI metric (number of bins = 32, weight = 1, use gradient filter = 0)
  preprocessing:  winsorizing the image intensities
  Shrink factors (level 1 out of 1): [1, 1, 1]
  smoothing sigmas per level: [0]
  regular sampling (percentage = 0.25)

*** Running Euler3DTransform registration ***

  Elapsed time (stage 0): 1.29786


Total elapsed time: 1.29994
Info [verificarlo]: loaded backend libinterflop_vprec.so
Info [interflop-vprec]: load backend with: 
Info [interflop-vprec]: precision-binary32 = 11
Info [interflop-vprec]: range-binary32 = 8
Info [interflop-vprec]: precision-binary64 = 11
Info [interflop-vprec]: range-binary64 = 8
Info [interflop-vprec]: mode = ob
Info [interflop-vprec]: error-mode = rel
Info [interflop-vprec]: max-abs-error-exponent = -1022
Info [interflop-vprec]: daz = false
Info [interflop-vprec]: ftz = false
Info [interflop-vprec]: 	instrument = none
Info [interflop-vprec]: 	prec-input-file = (null)
Info [interflop-vprec]: 	prec-output-file = (null)
Info [interflop-vprec]: 	prec-log-file = (null)
All_Command_lines_OK
Using double precision for computations.
=============================================================================
The composite transform comprises the following transforms (in order): 
  1. /home/mdugre/scratch/mri-registration-rp/datasets/ds004513/derivatives/mri-registration-rp/0100/antsRegistration-r8-p11/sub-s014/align_Composite.h5[0] (type = Euler3DTransform)
  2. /home/mdugre/scratch/mri-registration-rp/datasets/ds004513/derivatives/mri-registration-rp/0100/antsRegistration-r8-p11/sub-s014/align_Composite.h5[1] (type = Euler3DTransform)
=============================================================================
  number of levels = 4
  fixed image: /templateflow/tpl-MNI152NLin2009cAsym/tpl-MNI152NLin2009cAsym_res-01_desc-brain_T1w.nii.gz
  moving image: /home/mdugre/scratch/mri-registration-rp/datasets/ds004513/derivatives/mri-registration-rp/antsBrainExtraction/sub-s014/BrainExtractionBrain.nii.gz
Dimension = 3
Number of stages = 1
Use histogram matching = false
Winsorize image intensities = true
  Lower quantile = 0.005
  Upper quantile = 0.995


Stage 1 State
   Image metric = MattesMI
     Fixed image = Image (0x4cc01e0)
  RTTI typeinfo:   itk::Image<double, 3u>
  Reference Count: 2
  Modified Time: 1578
  Debug: Off
  Object Name: 
  Observers: 
    none
  Source: (none)
  Source output name: (none)
  Release Data: Off
  Data Released: False
  Global Release Data: Off
  PipelineMTime: 0
  UpdateMTime: 1189
  RealTimeStamp: 0 seconds 
  LargestPossibleRegion: 
    Dimension: 3
    Index: [0, 0, 0]
    Size: [193, 229, 193]
  BufferedRegion: 
    Dimension: 3
    Index: [0, 0, 0]
    Size: [193, 229, 193]
  RequestedRegion: 
    Dimension: 3
    Index: [0, 0, 0]
    Size: [193, 229, 193]
  Spacing: [1, 1, 1]
  Origin: [96, 132, -78]
  Direction: 
-1 0 0
0 -1 0
0 0 1

  IndexToPointMatrix: 
-1 0 0
0 -1 0
0 0 1

  PointToIndexMatrix: 
-1 0 0
0 -1 0
0 0 1

  Inverse Direction: 
-1 0 0
0 -1 0
0 0 1

  PixelContainer: 
    ImportImageContainer (0x4d7f680)
      RTTI typeinfo:   itk::ImportImageContainer<unsigned long, double>
      Reference Count: 1
      Modified Time: 1186
      Debug: Off
      Object Name: 
      Observers: 
        none
      Pointer: 0x14678b14e010
      Container manages memory: true
      Size: 8530021
      Capacity: 8530021

     Moving image = Image (0x4d7bb20)
  RTTI typeinfo:   itk::Image<double, 3u>
  Reference Count: 2
  Modified Time: 1579
  Debug: Off
  Object Name: 
  Observers: 
    none
  Source: (none)
  Source output name: (none)
  Release Data: Off
  Data Released: False
  Global Release Data: Off
  PipelineMTime: 0
  UpdateMTime: 1576
  RealTimeStamp: 0 seconds 
  LargestPossibleRegion: 
    Dimension: 3
    Index: [0, 0, 0]
    Size: [160, 240, 256]
  BufferedRegion: 
    Dimension: 3
    Index: [0, 0, 0]
    Size: [160, 240, 256]
  RequestedRegion: 
    Dimension: 3
    Index: [0, 0, 0]
    Size: [160, 240, 256]
  Spacing: [1, 1, 1]
  Origin: [84.1562, 106.719, -120.531]
  Direction: 
-0.999512 -0.0226898 -0.0157013
0.0226822 -0.999756 0.000356197
-0.0157089 0 0.999756

  IndexToPointMatrix: 
-0.999512 -0.0226898 -0.0157013
0.0226822 -0.999756 0.000356197
-0.0157089 0 0.999756

  PointToIndexMatrix: 
-0.999512 0.0226822 -0.0157089
-0.0226822 -0.999756 5.96046e-08
-0.0157013 0.000356436 0.999756

  Inverse Direction: 
-0.999512 0.0226822 -0.0157089
-0.0226822 -0.999756 5.96046e-08
-0.0157013 0.000356436 0.999756

  PixelContainer: 
    ImportImageContainer (0x4de4d50)
      RTTI typeinfo:   itk::ImportImageContainer<unsigned long, double>
      Reference Count: 1
      Modified Time: 1573
      Debug: Off
      Object Name: 
      Observers: 
        none
      Pointer: 0x14678664d010
      Container manages memory: true
      Size: 9830400
      Capacity: 9830400

     Weighting = 1
     Sampling strategy = regular
     Number of bins = 32
     Radius = 4
     Sampling percentage  = 0.25
   Transform = Rigid
     Gradient step = 0.1
     Update field sigma (voxel space) = 0
     Total field sigma (voxel space) = 0
     Update field time sigma = 0
     Total field time sigma  = 0
     Number of time indices = 0
     Number of time point samples = 0
Registration using 1 total stages.

Stage 0
  iterations = 1000x500x250x100
  convergence threshold = 1e-06
  convergence window size = 10
  number of levels = 4
  using the Mattes MI metric (number of bins = 32, weight = 1, use gradient filter = 0)
  preprocessing:  winsorizing the image intensities
  Shrink factors (level 1 out of 4): [8, 8, 8]
  Shrink factors (level 2 out of 4): [4, 4, 4]
  Shrink factors (level 3 out of 4): [2, 2, 2]
  Shrink factors (level 4 out of 4): [1, 1, 1]
  smoothing sigmas per level: [3, 2, 1, 0]
  regular sampling (percentage = 0.25)

*** Running Euler3DTransform registration ***

DIAGNOSTIC,Iteration,metricValue,convergenceValue,ITERATION_TIME_INDEX,SINCE_LAST
 2DIAGNOSTIC,     1, -4.765668616066e-01, 1.797693134862e+308, 0.0000e+00, 0.0000e+00, 
 2DIAGNOSTIC,     2, -4.768564933861e-01, 1.797693134862e+308, 0.0000e+00, 0.0000e+00, 
 2DIAGNOSTIC,     3, -4.772112918746e-01, 1.797693134862e+308, 0.0000e+00, 0.0000e+00, 
 2DIAGNOSTIC,     4, -4.779157367241e-01, 1.797693134862e+308, 0.0000e+00, 0.0000e+00, 
 2DIAGNOSTIC,     5, -4.796725825863e-01, 1.797693134862e+308, 0.0000e+00, 0.0000e+00, 
 2DIAGNOSTIC,     6, -4.819172001286e-01, 1.797693134862e+308, 0.0000e+00, 0.0000e+00, 
 2DIAGNOSTIC,     7, -4.864537379829e-01, 1.797693134862e+308, 0.0000e+00, 0.0000e+00, 
 2DIAGNOSTIC,     8, -4.928272495887e-01, 1.797693134862e+308, 0.0000e+00, 0.0000e+00, 
 2DIAGNOSTIC,     9, -5.009749148284e-01, 1.797693134862e+308, 0.0000e+00, 0.0000e+00, 
 2DIAGNOSTIC,    10, -5.057135309621e-01, 3.835336024985e-03, 0.0000e+00, 0.0000e+00, 
 2DIAGNOSTIC,    11, -5.084867683283e-01, 4.217380148095e-03, 0.0000e+00, 0.0000e+00, 
 2DIAGNOSTIC,    12, -5.180222439930e-01, 4.625745168344e-03, 0.0000e+00, 0.0000e+00, 
 2DIAGNOSTIC,    13, -5.231304119560e-01, 4.778460172442e-03, 0.0000e+00, 0.0000e+00, 
 2DIAGNOSTIC,    14, -5.230678058474e-01, 4.497647887561e-03, 0.0000e+00, 0.0000e+00, 
 2DIAGNOSTIC,    15, -5.230638499016e-01, 3.921400107162e-03, 0.0000e+00, 0.0000e+00, 
 2DIAGNOSTIC,    16, -5.230746526901e-01, 3.144943844929e-03, 0.0000e+00, 0.0000e+00, 
 2DIAGNOSTIC,    17, -5.232325504929e-01, 2.325635296516e-03, 0.0000e+00, 0.0000e+00, 
 2DIAGNOSTIC,    18, -5.233867856726e-01, 1.584567727194e-03, 0.0000e+00, 0.0000e+00, 
 2DIAGNOSTIC,    19, -5.236016750891e-01, 1.028223658247e-03, 0.0000e+00, 0.0000e+00, 
 2DIAGNOSTIC,    20, -5.236494204163e-01, 5.728060359512e-04, 0.0000e+00, 0.0000e+00, 
 2DIAGNOSTIC,    21, -5.238328437292e-01, 1.828561264650e-04, 0.0000e+00, 0.0000e+00, 
 2DIAGNOSTIC,    22, -5.236908265554e-01, 4.886818492784e-05, 0.0000e+00, 0.0000e+00, 
 2DIAGNOSTIC,    23, -5.236687094696e-01, 4.666368412568e-05, 0.0000e+00, 0.0000e+00, 
 2DIAGNOSTIC,    24, -5.236398526621e-01, 3.815207702545e-05, 0.0000e+00, 0.0000e+00, 
 2DIAGNOSTIC,    25, -5.236062570955e-01, 2.592638345175e-05, 0.0000e+00, 0.0000e+00, 
 2DIAGNOSTIC,    26, -5.235665329745e-01, 1.157612937096e-05, 0.0000e+00, 0.0000e+00, 
DIAGNOSTIC,Iteration,metricValue,convergenceValue,ITERATION_TIME_INDEX,SINCE_LAST
 2DIAGNOSTIC,     1, -4.456697805481e-01, 1.797693134862e+308, 0.0000e+00, 0.0000e+00, 
 2DIAGNOSTIC,     2, -4.457724107048e-01, 1.797693134862e+308, 0.0000e+00, 0.0000e+00, 
 2DIAGNOSTIC,     3, -4.459584009619e-01, 1.797693134862e+308, 0.0000e+00, 0.0000e+00, 
 2DIAGNOSTIC,     4, -4.462964883977e-01, 1.797693134862e+308, 0.0000e+00, 0.0000e+00, 
 2DIAGNOSTIC,     5, -4.462885827948e-01, 1.797693134862e+308, 0.0000e+00, 0.0000e+00, 
 2DIAGNOSTIC,     6, -4.464945287807e-01, 1.797693134862e+308, 0.0000e+00, 0.0000e+00, 
 2DIAGNOSTIC,     7, -4.465976369026e-01, 1.797693134862e+308, 0.0000e+00, 0.0000e+00, 
 2DIAGNOSTIC,     8, -4.466540081484e-01, 1.797693134862e+308, 0.0000e+00, 0.0000e+00, 
 2DIAGNOSTIC,     9, -4.467034187828e-01, 1.797693134862e+308, 0.0000e+00, 0.0000e+00, 
 2DIAGNOSTIC,    10, -4.466216704603e-01, 1.546283086911e-04, 0.0000e+00, 0.0000e+00, 
 2DIAGNOSTIC,    11, -4.466329822899e-01, 1.107550223595e-04, 0.0000e+00, 0.0000e+00, 
 2DIAGNOSTIC,    12, -4.466510012299e-01, 7.042552592244e-05, 0.0000e+00, 0.0000e+00, 
 2DIAGNOSTIC,    13, -4.466442129957e-01, 3.824914548964e-05, 0.0000e+00, 0.0000e+00, 
 2DIAGNOSTIC,    14, -4.466355170417e-01, 2.236925417577e-05, 0.0000e+00, 0.0000e+00, 
 2DIAGNOSTIC,    15, -4.466135618852e-01, 5.209855608646e-06, 0.0000e+00, 0.0000e+00, 
DIAGNOSTIC,Iteration,metricValue,convergenceValue,ITERATION_TIME_INDEX,SINCE_LAST
 2DIAGNOSTIC,     1, -3.913690837668e-01, 1.797693134862e+308, 0.0000e+00, 0.0000e+00, 
 2DIAGNOSTIC,     2, -3.913774782607e-01, 1.797693134862e+308, 0.0000e+00, 0.0000e+00, 
 2DIAGNOSTIC,     3, -3.915580227671e-01, 1.797693134862e+308, 0.0000e+00, 0.0000e+00, 
 2DIAGNOSTIC,     4, -3.916086376494e-01, 1.797693134862e+308, 0.0000e+00, 0.0000e+00, 
 2DIAGNOSTIC,     5, -3.916452093529e-01, 1.797693134862e+308, 0.0000e+00, 0.0000e+00, 
 2DIAGNOSTIC,     6, -3.916461900246e-01, 1.797693134862e+308, 0.0000e+00, 0.0000e+00, 
 2DIAGNOSTIC,     7, -3.916443326434e-01, 1.797693134862e+308, 0.0000e+00, 0.0000e+00, 
 2DIAGNOSTIC,     8, -3.915388381216e-01, 1.797693134862e+308, 0.0000e+00, 0.0000e+00, 
 2DIAGNOSTIC,     9, -3.915376019949e-01, 1.797693134862e+308, 0.0000e+00, 0.0000e+00, 
 2DIAGNOSTIC,    10, -3.915280045683e-01, 2.193613837975e-05, 0.0000e+00, 0.0000e+00, 
 2DIAGNOSTIC,    11, -3.915265606675e-01, 1.525042941750e-06, 0.0000e+00, 0.0000e+00, 
DIAGNOSTIC,Iteration,metricValue,convergenceValue,ITERATION_TIME_INDEX,SINCE_LAST
 2DIAGNOSTIC,     1, -3.648022783387e-01, 1.797693134862e+308, 0.0000e+00, 0.0000e+00, 
 2DIAGNOSTIC,     2, -3.648059520270e-01, 1.797693134862e+308, 0.0000e+00, 0.0000e+00, 
 2DIAGNOSTIC,     3, -3.648075007759e-01, 1.797693134862e+308, 0.0000e+00, 0.0000e+00, 
 2DIAGNOSTIC,     4, -3.647829103904e-01, 1.797693134862e+308, 0.0000e+00, 0.0000e+00, 
 2DIAGNOSTIC,     5, -3.647829103904e-01, 1.797693134862e+308, 0.0000e+00, 0.0000e+00, 
 2DIAGNOSTIC,     6, -3.647829103904e-01, 1.797693134862e+308, 0.0000e+00, 0.0000e+00, 
 2DIAGNOSTIC,     7, -3.647829103904e-01, 1.797693134862e+308, 0.0000e+00, 0.0000e+00, 
 2DIAGNOSTIC,     8, -3.647829103904e-01, 1.797693134862e+308, 0.0000e+00, 0.0000e+00, 
 2DIAGNOSTIC,     9, -3.647829103904e-01, 1.797693134862e+308, 0.0000e+00, 0.0000e+00, 
  Elapsed time (stage 0): 0.0000e+00


Total elapsed time: 0.0000e+00
Info [verificarlo]: loaded backend libinterflop_ieee.so
Info [interflop-ieee]: load backend with:
Info [interflop-ieee]: debug = false
Info [interflop-ieee]: debug-binary = false
Info [interflop-ieee]: no-backend-name = false
Info [interflop-ieee]: print-new-line = false
Info [interflop-ieee]: print-subnormal-normalized = false
Info [interflop-ieee]: count-op = false
All_Command_lines_OK
Using double precision for computations.
=============================================================================
The composite transform comprises the following transforms (in order): 
  1. /home/mdugre/scratch/mri-registration-rp/datasets/ds004513/derivatives/mri-registration-rp/0100/antsRegistration-r8-p11/sub-s014/rigid_Composite.h5[0] (type = Euler3DTransform)
  2. /home/mdugre/scratch/mri-registration-rp/datasets/ds004513/derivatives/mri-registration-rp/0100/antsRegistration-r8-p11/sub-s014/rigid_Composite.h5[1] (type = Euler3DTransform)
  3. /home/mdugre/scratch/mri-registration-rp/datasets/ds004513/derivatives/mri-registration-rp/0100/antsRegistration-r8-p11/sub-s014/rigid_Composite.h5[2] (type = Euler3DTransform)
=============================================================================
  number of levels = 4
  fixed image: /templateflow/tpl-MNI152NLin2009cAsym/tpl-MNI152NLin2009cAsym_res-01_desc-brain_T1w.nii.gz
  moving image: /home/mdugre/scratch/mri-registration-rp/datasets/ds004513/derivatives/mri-registration-rp/antsBrainExtraction/sub-s014/BrainExtractionBrain.nii.gz
Dimension = 3
Number of stages = 1
Use histogram matching = false
Winsorize image intensities = true
  Lower quantile = 0.005
  Upper quantile = 0.995


Stage 1 State
   Image metric = MattesMI
     Fixed image = Image (0x4fcb7e0)
  RTTI typeinfo:   itk::Image<double, 3u>
  Reference Count: 2
  Modified Time: 1594
  Debug: Off
  Object Name: 
  Observers: 
    none
  Source: (none)
  Source output name: (none)
  Release Data: Off
  Data Released: False
  Global Release Data: Off
  PipelineMTime: 0
  UpdateMTime: 1203
  RealTimeStamp: 0 seconds 
  LargestPossibleRegion: 
    Dimension: 3
    Index: [0, 0, 0]
    Size: [193, 229, 193]
  BufferedRegion: 
    Dimension: 3
    Index: [0, 0, 0]
    Size: [193, 229, 193]
  RequestedRegion: 
    Dimension: 3
    Index: [0, 0, 0]
    Size: [193, 229, 193]
  Spacing: [1, 1, 1]
  Origin: [96, 132, -78]
  Direction: 
-1 0 0
0 -1 0
0 0 1

  IndexToPointMatrix: 
-1 0 0
0 -1 0
0 0 1

  PointToIndexMatrix: 
-1 0 0
0 -1 0
0 0 1

  Inverse Direction: 
-1 0 0
0 -1 0
0 0 1

  PixelContainer: 
    ImportImageContainer (0x508ba20)
      RTTI typeinfo:   itk::ImportImageContainer<unsigned long, double>
      Reference Count: 1
      Modified Time: 1200
      Debug: Off
      Object Name: 
      Observers: 
        none
      Pointer: 0x14b153052010
      Container manages memory: true
      Size: 8530021
      Capacity: 8530021

     Moving image = Image (0x5040e20)
  RTTI typeinfo:   itk::Image<double, 3u>
  Reference Count: 2
  Modified Time: 1595
  Debug: Off
  Object Name: 
  Observers: 
    none
  Source: (none)
  Source output name: (none)
  Release Data: Off
  Data Released: False
  Global Release Data: Off
  PipelineMTime: 0
  UpdateMTime: 1592
  RealTimeStamp: 0 seconds 
  LargestPossibleRegion: 
    Dimension: 3
    Index: [0, 0, 0]
    Size: [160, 240, 256]
  BufferedRegion: 
    Dimension: 3
    Index: [0, 0, 0]
    Size: [160, 240, 256]
  RequestedRegion: 
    Dimension: 3
    Index: [0, 0, 0]
    Size: [160, 240, 256]
  Spacing: [0.999999, 1, 1]
  Origin: [84.1637, 106.709, -120.531]
  Direction: 
-0.999619 -0.0226874 -0.0157033
0.0226846 -0.999743 0.00035635
-0.0157073 -7.8229e-09 0.999877

  IndexToPointMatrix: 
-0.999619 -0.0226874 -0.0157033
0.0226845 -0.999743 0.00035635
-0.0157073 -7.8229e-09 0.999877

  PointToIndexMatrix: 
-0.99962 0.0226846 -0.0157073
-0.0226874 -0.999743 -7.83127e-09
-0.0157033 0.00035635 0.999877

  Inverse Direction: 
-0.999619 0.0226846 -0.0157073
-0.0226874 -0.999743 -7.83127e-09
-0.0157033 0.00035635 0.999877

  PixelContainer: 
    ImportImageContainer (0x50da550)
      RTTI typeinfo:   itk::ImportImageContainer<unsigned long, double>
      Reference Count: 1
      Modified Time: 1589
      Debug: Off
      Object Name: 
      Observers: 
        none
      Pointer: 0x14b14e551010
      Container manages memory: true
      Size: 9830400
      Capacity: 9830400

     Weighting = 1
     Sampling strategy = regular
     Number of bins = 32
     Radius = 4
     Sampling percentage  = 0.25
   Transform = Affine
     Gradient step = 0.1
     Update field sigma (voxel space) = 0
     Total field sigma (voxel space) = 0
     Update field time sigma = 0
     Total field time sigma  = 0
     Number of time indices = 0
     Number of time point samples = 0
Registration using 1 total stages.

Stage 0
  iterations = 1000x500x250x100
  convergence threshold = 1e-06
  convergence window size = 10
  number of levels = 4
  using the Mattes MI metric (number of bins = 32, weight = 1, use gradient filter = 0)
  preprocessing:  winsorizing the image intensities
  Shrink factors (level 1 out of 4): [8, 8, 8]
  Shrink factors (level 2 out of 4): [4, 4, 4]
  Shrink factors (level 3 out of 4): [2, 2, 2]
  Shrink factors (level 4 out of 4): [1, 1, 1]
  smoothing sigmas per level: [3, 2, 1, 0]
  regular sampling (percentage = 0.25)

*** Running AffineTransform registration ***

DIAGNOSTIC,Iteration,metricValue,convergenceValue,ITERATION_TIME_INDEX,SINCE_LAST
 2DIAGNOSTIC,     1, -5.265188181977e-01, 1.797693134862e+308, 7.4277e-01, 7.4277e-01, 
 2DIAGNOSTIC,     2, -5.282792123819e-01, 1.797693134862e+308, 7.4767e-01, 4.9031e-03, 
 2DIAGNOSTIC,     3, -5.312529126631e-01, 1.797693134862e+308, 7.5239e-01, 4.7169e-03, 
 2DIAGNOSTIC,     4, -5.360055816775e-01, 1.797693134862e+308, 7.5690e-01, 4.5128e-03, 
 2DIAGNOSTIC,     5, -5.446812904962e-01, 1.797693134862e+308, 7.6144e-01, 4.5319e-03, 
 2DIAGNOSTIC,     6, -5.647518813850e-01, 1.797693134862e+308, 7.6603e-01, 4.5910e-03, 
 2DIAGNOSTIC,     7, -6.050255147235e-01, 1.797693134862e+308, 7.7087e-01, 4.8418e-03, 
 2DIAGNOSTIC,     8, -6.820207381830e-01, 1.797693134862e+308, 7.7630e-01, 5.4300e-03, 
 2DIAGNOSTIC,     9, -7.277731008612e-01, 1.797693134862e+308, 7.8126e-01, 4.9629e-03, 
 2DIAGNOSTIC,    10, -7.541005860005e-01, 2.573453608455e-02, 7.8765e-01, 6.3910e-03, 
 2DIAGNOSTIC,    11, -7.679325599860e-01, 2.686659231799e-02, 7.9451e-01, 6.8538e-03, 
 2DIAGNOSTIC,    12, -7.705190978655e-01, 2.555327020259e-02, 7.9956e-01, 5.0559e-03, 
 2DIAGNOSTIC,    13, -7.779649571882e-01, 2.252473549481e-02, 8.0526e-01, 5.6982e-03, 
 2DIAGNOSTIC,    14, -7.798393077014e-01, 1.818854962393e-02, 8.1030e-01, 5.0399e-03, 
 2DIAGNOSTIC,    15, -7.814069783240e-01, 1.320797283889e-02, 8.1529e-01, 4.9860e-03, 
 2DIAGNOSTIC,    16, -7.848048518306e-01, 8.391036902600e-03, 8.2027e-01, 4.9801e-03, 
 2DIAGNOSTIC,    17, -7.912605499345e-01, 4.593093689976e-03, 8.2666e-01, 6.3908e-03, 
 2DIAGNOSTIC,    18, -7.991416893938e-01, 2.810160647644e-03, 8.3631e-01, 9.6519e-03, 
 2DIAGNOSTIC,    19, -7.991857828729e-01, 1.969555316870e-03, 8.4175e-01, 5.4390e-03, 
 2DIAGNOSTIC,    20, -7.996054508235e-01, 1.591467637826e-03, 8.4659e-01, 4.8440e-03, 
 2DIAGNOSTIC,    21, -8.000484622457e-01, 1.385971356394e-03, 8.5141e-01, 4.8139e-03, 
 2DIAGNOSTIC,    22, -8.005258162331e-01, 1.123732110439e-03, 8.5668e-01, 5.2769e-03, 
 2DIAGNOSTIC,    23, -8.012267349580e-01, 9.229745861279e-04, 8.6154e-01, 4.8580e-03, 
 2DIAGNOSTIC,    24, -8.016358827405e-01, 6.942596430081e-04, 8.6760e-01, 6.0599e-03, 
 2DIAGNOSTIC,    25, -8.017403277635e-01, 4.496327588269e-04, 8.7383e-01, 6.2289e-03, 
 2DIAGNOSTIC,    26, -8.016096651215e-01, 2.325145493608e-04, 8.7898e-01, 5.1529e-03, 
 2DIAGNOSTIC,    27, -8.016658437743e-01, 1.035036829413e-04, 8.8467e-01, 5.6920e-03, 
 2DIAGNOSTIC,    28, -8.017113954401e-01, 8.620670023411e-05, 8.9028e-01, 5.6078e-03, 
 2DIAGNOSTIC,    29, -8.015700482183e-01, 6.076527228904e-05, 8.9548e-01, 5.1990e-03, 
 2DIAGNOSTIC,    30, -8.014877813030e-01, 3.605651031763e-05, 9.0136e-01, 5.8801e-03, 
 2DIAGNOSTIC,    31, -8.016179501503e-01, 1.704522723842e-05, 9.0789e-01, 6.5310e-03, 
 2DIAGNOSTIC,    32, -8.014767503549e-01, 1.643985796371e-06, 9.1385e-01, 5.9600e-03, 
DIAGNOSTIC,Iteration,metricValue,convergenceValue,ITERATION_TIME_INDEX,SINCE_LAST
 2DIAGNOSTIC,     1, -6.563941021045e-01, 1.797693134862e+308, 1.6387e+00, 7.2485e-01, 
 2DIAGNOSTIC,     2, -6.569151493304e-01, 1.797693134862e+308, 1.6773e+00, 3.8565e-02, 
 2DIAGNOSTIC,     3, -6.576494842635e-01, 1.797693134862e+308, 1.7167e+00, 3.9437e-02, 
 2DIAGNOSTIC,     4, -6.584032326355e-01, 1.797693134862e+308, 1.7544e+00, 3.7713e-02, 
 2DIAGNOSTIC,     5, -6.597134545779e-01, 1.797693134862e+308, 1.7926e+00, 3.8160e-02, 
 2DIAGNOSTIC,     6, -6.631257892198e-01, 1.797693134862e+308, 1.8321e+00, 3.9504e-02, 
 2DIAGNOSTIC,     7, -6.723242506839e-01, 1.797693134862e+308, 1.8707e+00, 3.8636e-02, 
 2DIAGNOSTIC,     8, -6.756929817345e-01, 1.797693134862e+308, 1.9271e+00, 5.6377e-02, 
 2DIAGNOSTIC,     9, -6.778389467044e-01, 1.797693134862e+308, 1.9654e+00, 3.8340e-02, 
 2DIAGNOSTIC,    10, -6.796423431117e-01, 2.618238988961e-03, 2.0045e+00, 3.9069e-02, 
 2DIAGNOSTIC,    11, -6.826459285594e-01, 2.619125462620e-03, 2.0440e+00, 3.9470e-02, 
 2DIAGNOSTIC,    12, -6.879617814088e-01, 2.583681296969e-03, 2.0990e+00, 5.4996e-02, 
 2DIAGNOSTIC,    13, -6.909741382340e-01, 2.438183358614e-03, 2.1369e+00, 3.7965e-02, 
 2DIAGNOSTIC,    14, -6.913241283992e-01, 2.130324606871e-03, 2.1839e+00, 4.6928e-02, 
 2DIAGNOSTIC,    15, -6.915828317359e-01, 1.718481740267e-03, 2.2254e+00, 4.1517e-02, 
 2DIAGNOSTIC,    16, -6.921232134798e-01, 1.300517043232e-03, 2.2687e+00, 4.3300e-02, 
 2DIAGNOSTIC,    17, -6.928824474327e-01, 1.055912963058e-03, 2.3235e+00, 5.4866e-02, 
 2DIAGNOSTIC,    18, -6.928890535811e-01, 8.189414819260e-04, 2.3739e+00, 5.0392e-02, 
 2DIAGNOSTIC,    19, -6.928886578349e-01, 5.807864199986e-04, 2.4119e+00, 3.8000e-02, 
 2DIAGNOSTIC,    20, -6.928890815515e-01, 3.516679201512e-04, 2.4580e+00, 4.6021e-02, 
 2DIAGNOSTIC,    21, -6.928820449420e-01, 1.695122524785e-04, 2.5003e+00, 4.2306e-02, 
 2DIAGNOSTIC,    22, -6.928741490484e-01, 8.770778564746e-05, 2.5347e+00, 3.4477e-02, 
 2DIAGNOSTIC,    23, -6.928566825392e-01, 5.947890099266e-05, 2.5705e+00, 3.5796e-02, 
 2DIAGNOSTIC,    24, -6.928678167562e-01, 3.469174607502e-05, 2.6106e+00, 4.0077e-02, 
 2DIAGNOSTIC,    25, -6.928597965632e-01, 1.286164794834e-05, 2.6467e+00, 3.6083e-02, 
DIAGNOSTIC,Iteration,metricValue,convergenceValue,ITERATION_TIME_INDEX,SINCE_LAST
 2DIAGNOSTIC,     1, -5.879537515907e-01, 1.797693134862e+308, 3.6973e+00, 1.0506e+00, 
 2DIAGNOSTIC,     2, -5.886334530322e-01, 1.797693134862e+308, 3.9916e+00, 2.9435e-01, 
 2DIAGNOSTIC,     3, -5.894449760720e-01, 1.797693134862e+308, 4.2844e+00, 2.9276e-01, 
 2DIAGNOSTIC,     4, -5.904284083153e-01, 1.797693134862e+308, 4.5874e+00, 3.0300e-01, 
 2DIAGNOSTIC,     5, -5.923513729960e-01, 1.797693134862e+308, 4.9843e+00, 3.9691e-01, 
 2DIAGNOSTIC,     6, -5.935788685373e-01, 1.797693134862e+308, 5.4929e+00, 5.0856e-01, 
 2DIAGNOSTIC,     7, -5.936006980767e-01, 1.797693134862e+308, 5.8094e+00, 3.1653e-01, 
 2DIAGNOSTIC,     8, -5.936082314299e-01, 1.797693134862e+308, 6.1255e+00, 3.1607e-01, 
 2DIAGNOSTIC,     9, -5.936157862865e-01, 1.797693134862e+308, 6.5008e+00, 3.7533e-01, 
 2DIAGNOSTIC,    10, -5.936231490243e-01, 7.058670071327e-04, 6.8166e+00, 3.1580e-01, 
 2DIAGNOSTIC,    11, -5.936382376432e-01, 5.041867840725e-04, 7.1661e+00, 3.4951e-01, 
 2DIAGNOSTIC,    12, -5.936477592942e-01, 3.194380085011e-04, 7.5183e+00, 3.5223e-01, 
 2DIAGNOSTIC,    13, -5.936544522177e-01, 1.653439694692e-04, 7.9039e+00, 3.8558e-01, 
 2DIAGNOSTIC,    14, -5.936465090167e-01, 5.058943247380e-05, 8.3328e+00, 4.2886e-01, 
 2DIAGNOSTIC,    15, -5.936477927834e-01, 7.205467039417e-06, 8.6805e+00, 3.4772e-01, 
 2DIAGNOSTIC,    16, -5.936464964077e-01, 5.533786635536e-06, 9.0288e+00, 3.4826e-01, 
 2DIAGNOSTIC,    17, -5.936358399027e-01, 4.039291089684e-06, 9.3792e+00, 3.5048e-01, 
 2DIAGNOSTIC,    18, -5.936380156877e-01, 2.778175924256e-06, 9.8091e+00, 4.2986e-01, 
 2DIAGNOSTIC,    19, -5.936391098059e-01, 1.775440828244e-06, 1.0168e+01, 3.5886e-01, 
DIAGNOSTIC,Iteration,metricValue,convergenceValue,ITERATION_TIME_INDEX,SINCE_LAST
 2DIAGNOSTIC,     1, -5.277520575122e-01, 1.797693134862e+308, 1.3233e+01, 3.0651e+00, 
 2DIAGNOSTIC,     2, -5.278190893532e-01, 1.797693134862e+308, 1.5540e+01, 2.3066e+00, 
 2DIAGNOSTIC,     3, -5.278159618634e-01, 1.797693134862e+308, 1.7894e+01, 2.3545e+00, 
 2DIAGNOSTIC,     4, -5.278149359962e-01, 1.797693134862e+308, 1.9864e+01, 1.9694e+00, 
 2DIAGNOSTIC,     5, -5.278136197521e-01, 1.797693134862e+308, 2.2183e+01, 2.3190e+00, 
 2DIAGNOSTIC,     6, -5.278132222767e-01, 1.797693134862e+308, 2.5694e+01, 3.5111e+00, 
 2DIAGNOSTIC,     7, -5.278130386947e-01, 1.797693134862e+308, 2.7751e+01, 2.0573e+00, 
 2DIAGNOSTIC,     8, -5.278131110638e-01, 1.797693134862e+308, 3.0055e+01, 2.3041e+00, 
 2DIAGNOSTIC,     9, -5.278130630924e-01, 1.797693134862e+308, 3.2350e+01, 2.2952e+00, 
 2DIAGNOSTIC,    10, -5.278128660670e-01, 6.012926742932e-06, 3.4659e+01, 2.3089e+00, 
 2DIAGNOSTIC,    11, -5.278126941643e-01, 2.368907752917e-06, 3.6981e+01, 2.3213e+00, 
 2DIAGNOSTIC,    12, -5.278126501512e-01, 2.387821782524e-06, 3.9066e+01, 2.0854e+00, 
 2DIAGNOSTIC,    13, -5.278126640102e-01, 2.298716809415e-06, 4.1331e+01, 2.2656e+00, 
 2DIAGNOSTIC,    14, -5.278127554263e-01, 2.200920457968e-06, 4.3307e+01, 1.9751e+00, 
 2DIAGNOSTIC,    15, -5.278127818988e-01, 2.076773812407e-06, 4.5481e+01, 2.1739e+00, 
 2DIAGNOSTIC,    16, -5.278126257163e-01, 1.953866004573e-06, 4.7787e+01, 2.3061e+00, 
 2DIAGNOSTIC,    17, -5.278125857008e-01, 1.841545389285e-06, 4.9763e+01, 1.9765e+00, 
 2DIAGNOSTIC,    18, -5.278126064198e-01, 1.747092141784e-06, 5.1844e+01, 2.0804e+00, 
 2DIAGNOSTIC,    19, -5.278128578632e-01, 1.670143791273e-06, 5.4186e+01, 2.3427e+00, 
 2DIAGNOSTIC,    20, -5.278126454815e-01, 1.590160821428e-06, 5.6331e+01, 2.1451e+00, 
 2DIAGNOSTIC,    21, -5.278121770128e-01, 1.501793483211e-06, 5.8571e+01, 2.2401e+00, 
 2DIAGNOSTIC,    22, -5.278121726340e-01, 1.421908570325e-06, 6.0551e+01, 1.9796e+00, 
 2DIAGNOSTIC,    23, -5.278120397931e-01, 1.348079854684e-06, 6.3045e+01, 2.4937e+00, 
 2DIAGNOSTIC,    24, -5.278121030445e-01, 1.286911065296e-06, 6.5257e+01, 2.2126e+00, 
 2DIAGNOSTIC,    25, -5.278120253534e-01, 1.233261708963e-06, 6.7542e+01, 2.2851e+00, 
 2DIAGNOSTIC,    26, -5.278120123899e-01, 1.184228587699e-06, 6.9856e+01, 2.3132e+00, 
 2DIAGNOSTIC,    27, -5.278118307461e-01, 1.138137957102e-06, 7.1797e+01, 1.9414e+00, 
 2DIAGNOSTIC,    28, -5.278118283002e-01, 1.099241204665e-06, 7.3886e+01, 2.0894e+00, 
 2DIAGNOSTIC,    29, -5.278118257644e-01, 1.071085526619e-06, 7.6100e+01, 2.2136e+00, 
 2DIAGNOSTIC,    30, -5.278117191045e-01, 1.041690077225e-06, 7.7861e+01, 1.7611e+00, 
 2DIAGNOSTIC,    31, -5.278115877179e-01, 1.005601214209e-06, 8.0007e+01, 2.1460e+00, 
  Elapsed time (stage 0): 8.1318e+01


Total elapsed time: 8.1321e+01
Info [verificarlo]: loaded backend libinterflop_ieee.so
Info [interflop-ieee]: load backend with:
Info [interflop-ieee]: debug = false
Info [interflop-ieee]: debug-binary = false
Info [interflop-ieee]: no-backend-name = false
Info [interflop-ieee]: print-new-line = false
Info [interflop-ieee]: print-subnormal-normalized = false
Info [interflop-ieee]: count-op = false
All_Command_lines_OK
Using double precision for computations.
=============================================================================
The composite transform comprises the following transforms (in order): 
  1. /home/mdugre/scratch/mri-registration-rp/datasets/ds004513/derivatives/mri-registration-rp/0100/antsRegistration-r8-p11/sub-s014/affine_Composite.h5[0] (type = Euler3DTransform)
  2. /home/mdugre/scratch/mri-registration-rp/datasets/ds004513/derivatives/mri-registration-rp/0100/antsRegistration-r8-p11/sub-s014/affine_Composite.h5[1] (type = Euler3DTransform)
  3. /home/mdugre/scratch/mri-registration-rp/datasets/ds004513/derivatives/mri-registration-rp/0100/antsRegistration-r8-p11/sub-s014/affine_Composite.h5[2] (type = Euler3DTransform)
  4. /home/mdugre/scratch/mri-registration-rp/datasets/ds004513/derivatives/mri-registration-rp/0100/antsRegistration-r8-p11/sub-s014/affine_Composite.h5[3] (type = AffineTransform)
=============================================================================
  number of levels = 4
  fixed image: /templateflow/tpl-MNI152NLin2009cAsym/tpl-MNI152NLin2009cAsym_res-01_desc-brain_T1w.nii.gz
  moving image: /home/mdugre/scratch/mri-registration-rp/datasets/ds004513/derivatives/mri-registration-rp/antsBrainExtraction/sub-s014/BrainExtractionBrain.nii.gz
Dimension = 3
Number of stages = 1
Use histogram matching = false
Winsorize image intensities = true
  Lower quantile = 0.005
  Upper quantile = 0.995


Stage 1 State
   Image metric = CC
     Fixed image = Image (0x403ba40)
  RTTI typeinfo:   itk::Image<double, 3u>
  Reference Count: 2
  Modified Time: 1608
  Debug: Off
  Object Name: 
  Observers: 
    none
  Source: (none)
  Source output name: (none)
  Release Data: Off
  Data Released: False
  Global Release Data: Off
  PipelineMTime: 0
  UpdateMTime: 1217
  RealTimeStamp: 0 seconds 
  LargestPossibleRegion: 
    Dimension: 3
    Index: [0, 0, 0]
    Size: [193, 229, 193]
  BufferedRegion: 
    Dimension: 3
    Index: [0, 0, 0]
    Size: [193, 229, 193]
  RequestedRegion: 
    Dimension: 3
    Index: [0, 0, 0]
    Size: [193, 229, 193]
  Spacing: [1, 1, 1]
  Origin: [96, 132, -78]
  Direction: 
-1 0 0
0 -1 0
0 0 1

  IndexToPointMatrix: 
-1 0 0
0 -1 0
0 0 1

  PointToIndexMatrix: 
-1 0 0
0 -1 0
0 0 1

  Inverse Direction: 
-1 0 0
0 -1 0
0 0 1

  PixelContainer: 
    ImportImageContainer (0x410a780)
      RTTI typeinfo:   itk::ImportImageContainer<unsigned long, double>
      Reference Count: 1
      Modified Time: 1214
      Debug: Off
      Object Name: 
      Observers: 
        none
      Pointer: 0x14de58903010
      Container manages memory: true
      Size: 8530021
      Capacity: 8530021

     Moving image = Image (0x410c390)
  RTTI typeinfo:   itk::Image<double, 3u>
  Reference Count: 2
  Modified Time: 1609
  Debug: Off
  Object Name: 
  Observers: 
    none
  Source: (none)
  Source output name: (none)
  Release Data: Off
  Data Released: False
  Global Release Data: Off
  PipelineMTime: 0
  UpdateMTime: 1606
  RealTimeStamp: 0 seconds 
  LargestPossibleRegion: 
    Dimension: 3
    Index: [0, 0, 0]
    Size: [160, 240, 256]
  BufferedRegion: 
    Dimension: 3
    Index: [0, 0, 0]
    Size: [160, 240, 256]
  RequestedRegion: 
    Dimension: 3
    Index: [0, 0, 0]
    Size: [160, 240, 256]
  Spacing: [0.999999, 1, 1]
  Origin: [84.1637, 106.709, -120.531]
  Direction: 
-0.999619 -0.0226874 -0.0157033
0.0226846 -0.999743 0.00035635
-0.0157073 -7.8229e-09 0.999877

  IndexToPointMatrix: 
-0.999619 -0.0226874 -0.0157033
0.0226845 -0.999743 0.00035635
-0.0157073 -7.8229e-09 0.999877

  PointToIndexMatrix: 
-0.99962 0.0226846 -0.0157073
-0.0226874 -0.999743 -7.83127e-09
-0.0157033 0.00035635 0.999877

  Inverse Direction: 
-0.999619 0.0226846 -0.0157073
-0.0226874 -0.999743 -7.83127e-09
-0.0157033 0.00035635 0.999877

  PixelContainer: 
    ImportImageContainer (0x40c16f0)
      RTTI typeinfo:   itk::ImportImageContainer<unsigned long, double>
      Reference Count: 1
      Modified Time: 1603
      Debug: Off
      Object Name: 
      Observers: 
        none
      Pointer: 0x14de53e02010
      Container manages memory: true
      Size: 9830400
      Capacity: 9830400

     Weighting = 1
     Sampling strategy = none
     Number of bins = 32
     Radius = 4
     Sampling percentage  = 1
   Transform = SyN
     Gradient step = 0.1
     Update field sigma (voxel space) = 3
     Total field sigma (voxel space) = 0
     Update field time sigma = 0
     Total field time sigma  = 0
     Number of time indices = 0
     Number of time point samples = 0
Registration using 1 total stages.

Stage 0
  iterations = 100x70x50x20
  convergence threshold = 1e-06
  convergence window size = 10
  number of levels = 4
  using the CC metric (radius = 4, weight = 1, use gradient filter = 0)
  preprocessing:  winsorizing the image intensities
  Shrink factors (level 1 out of 4): [8, 8, 8]
  Shrink factors (level 2 out of 4): [4, 4, 4]
  Shrink factors (level 3 out of 4): [2, 2, 2]
  Shrink factors (level 4 out of 4): [1, 1, 1]
  smoothing sigmas per level: [3, 2, 1, 0]
  Using default NONE metricSamplingStrategy 

*** Running SyN registration (varianceForUpdateField = 3, varianceForTotalField = 0) ***

XXDIAGNOSTIC,Iteration,metricValue,convergenceValue,ITERATION_TIME_INDEX,SINCE_LAST
 1DIAGNOSTIC,     1, -9.018338929342e-01, 1.797693134862e+308, 1.0475e+00, 1.0475e+00, 
 1DIAGNOSTIC,     2, -9.063174944760e-01, 1.797693134862e+308, 1.3916e+00, 3.4408e-01, 
 1DIAGNOSTIC,     3, -9.099014021554e-01, 1.797693134862e+308, 1.7254e+00, 3.3384e-01, 
 1DIAGNOSTIC,     4, -9.121192247957e-01, 1.797693134862e+308, 2.0697e+00, 3.4426e-01, 
 1DIAGNOSTIC,     5, -9.138307052336e-01, 1.797693134862e+308, 2.4047e+00, 3.3504e-01, 
 1DIAGNOSTIC,     6, -9.151750887199e-01, 1.797693134862e+308, 2.7407e+00, 3.3594e-01, 
 1DIAGNOSTIC,     7, -9.162997462211e-01, 1.797693134862e+308, 3.0856e+00, 3.4492e-01, 
 1DIAGNOSTIC,     8, -9.171831023732e-01, 1.797693134862e+308, 3.4223e+00, 3.3674e-01, 
 1DIAGNOSTIC,     9, -9.179092527738e-01, 1.797693134862e+308, 3.7708e+00, 3.4848e-01, 
 1DIAGNOSTIC,    10, -9.184943806773e-01, 1.063971053332e-03, 4.1223e+00, 3.5147e-01, 
 1DIAGNOSTIC,    11, -9.190639153520e-01, 7.402668005948e-04, 4.4692e+00, 3.4692e-01, 
 1DIAGNOSTIC,    12, -9.195762365786e-01, 5.322885344552e-04, 4.8160e+00, 3.4685e-01, 
 1DIAGNOSTIC,    13, -9.200343579456e-01, 4.043300626835e-04, 5.1634e+00, 3.4735e-01, 
 1DIAGNOSTIC,    14, -9.204484329924e-01, 3.159976986822e-04, 5.5083e+00, 3.4489e-01, 
 1DIAGNOSTIC,    15, -9.208285253503e-01, 2.536913844387e-04, 5.8493e+00, 3.4101e-01, 
 1DIAGNOSTIC,    16, -9.211768935072e-01, 2.085675267327e-04, 6.1924e+00, 3.4314e-01, 
 1DIAGNOSTIC,    17, -9.214979697347e-01, 1.758244154223e-04, 6.5309e+00, 3.3848e-01, 
 1DIAGNOSTIC,    18, -9.217951389821e-01, 1.507667407463e-04, 6.8778e+00, 3.4689e-01, 
 1DIAGNOSTIC,    19, -9.220701449349e-01, 1.307220423604e-04, 7.2422e+00, 3.6444e-01, 
 1DIAGNOSTIC,    20, -9.223170622357e-01, 1.134291406120e-04, 7.6130e+00, 3.7076e-01, 
 1DIAGNOSTIC,    21, -9.225357863894e-01, 9.886307500165e-05, 7.9563e+00, 3.4331e-01, 
