
##########################
# Experiment information #
##########################

EXPERIMENT_NAME: antsRegistration-r8-p7
VFC_BACKENDS: libinterflop_vprec.so --range-binary32=8 --precision-binary32=7 --range-binary64=8 --precision-binary64=7

SIF_IMG: /home/mdugre/projects/rrg-glatard/mdugre/containers/ants-vprec-no_metrics.simg

SUBJECT_ID: s025
INPUT_IMG: /home/mdugre/scratch/mri-registration-rp/datasets/ds004513/derivatives/mri-registration-rp/antsBrainExtraction/sub-s025/BrainExtractionBrain.nii.gz
OUTPUT_DIR: /home/mdugre/scratch/mri-registration-rp/datasets/ds004513/derivatives/mri-registration-rp/0100/antsRegistration-r8-p7/sub-s025

FIXED_IMG: /templateflow/tpl-MNI152NLin2009cAsym/tpl-MNI152NLin2009cAsym_res-01_desc-brain_T1w.nii.gz
DATA_DIR: /home/mdugre/scratch/mri-registration-rp/datasets/ds004513
TEMPLATEFLOW_DIR: /home/mdugre/projects/rrg-glatard/mdugre/templateflow
ITK_GLOBAL_DEFAULT_NUMBER_OF_THREADS: 16
##########################

Info [verificarlo]: loaded backend libinterflop_ieee.so
Info [interflop-ieee]: load backend with:
Info [interflop-ieee]: debug = false
Info [interflop-ieee]: debug-binary = false
Info [interflop-ieee]: no-backend-name = false
Info [interflop-ieee]: print-new-line = false
Info [interflop-ieee]: print-subnormal-normalized = false
Info [interflop-ieee]: count-op = false
All_Command_lines_OK
Using double precision for computations.
=============================================================================
The composite transform comprises the following transforms (in order): 
  1. Center of mass alignment using fixed image: /templateflow/tpl-MNI152NLin2009cAsym/tpl-MNI152NLin2009cAsym_res-01_desc-brain_T1w.nii.gz and moving image: /home/mdugre/scratch/mri-registration-rp/datasets/ds004513/derivatives/mri-registration-rp/antsBrainExtraction/sub-s025/BrainExtractionBrain.nii.gz (type = Euler3DTransform)
=============================================================================
  number of levels = 1
  fixed image: /templateflow/tpl-MNI152NLin2009cAsym/tpl-MNI152NLin2009cAsym_res-01_desc-brain_T1w.nii.gz
  moving image: /home/mdugre/scratch/mri-registration-rp/datasets/ds004513/derivatives/mri-registration-rp/antsBrainExtraction/sub-s025/BrainExtractionBrain.nii.gz
Dimension = 3
Number of stages = 1
Use histogram matching = false
Winsorize image intensities = true
  Lower quantile = 0.005
  Upper quantile = 0.995


Stage 1 State
   Image metric = MattesMI
     Fixed image = Image (0x433fbd0)
  RTTI typeinfo:   itk::Image<double, 3u>
  Reference Count: 2
  Modified Time: 2334
  Debug: Off
  Object Name: 
  Observers: 
    none
  Source: (none)
  Source output name: (none)
  Release Data: Off
  Data Released: False
  Global Release Data: Off
  PipelineMTime: 0
  UpdateMTime: 1943
  RealTimeStamp: 0 seconds 
  LargestPossibleRegion: 
    Dimension: 3
    Index: [0, 0, 0]
    Size: [193, 229, 193]
  BufferedRegion: 
    Dimension: 3
    Index: [0, 0, 0]
    Size: [193, 229, 193]
  RequestedRegion: 
    Dimension: 3
    Index: [0, 0, 0]
    Size: [193, 229, 193]
  Spacing: [1, 1, 1]
  Origin: [96, 132, -78]
  Direction: 
-1 0 0
0 -1 0
0 0 1

  IndexToPointMatrix: 
-1 0 0
0 -1 0
0 0 1

  PointToIndexMatrix: 
-1 0 0
0 -1 0
0 0 1

  Inverse Direction: 
-1 0 0
0 -1 0
0 0 1

  PixelContainer: 
    ImportImageContainer (0x43489e0)
      RTTI typeinfo:   itk::ImportImageContainer<unsigned long, double>
      Reference Count: 1
      Modified Time: 1940
      Debug: Off
      Object Name: 
      Observers: 
        none
      Pointer: 0x154136012010
      Container manages memory: true
      Size: 8530021
      Capacity: 8530021

     Moving image = Image (0x4349bd0)
  RTTI typeinfo:   itk::Image<double, 3u>
  Reference Count: 2
  Modified Time: 2335
  Debug: Off
  Object Name: 
  Observers: 
    none
  Source: (none)
  Source output name: (none)
  Release Data: Off
  Data Released: False
  Global Release Data: Off
  PipelineMTime: 0
  UpdateMTime: 2332
  RealTimeStamp: 0 seconds 
  LargestPossibleRegion: 
    Dimension: 3
    Index: [0, 0, 0]
    Size: [176, 240, 256]
  BufferedRegion: 
    Dimension: 3
    Index: [0, 0, 0]
    Size: [176, 240, 256]
  RequestedRegion: 
    Dimension: 3
    Index: [0, 0, 0]
    Size: [176, 240, 256]
  Spacing: [0.999999, 1, 1]
  Origin: [90.3778, 84.5091, -154.071]
  Direction: 
-0.999391 7.48184e-06 -0.0348969
-7.47664e-06 -1 -2.7953e-07
-0.0348969 -1.84481e-08 0.999391

  IndexToPointMatrix: 
-0.99939 7.48184e-06 -0.0348969
-7.47663e-06 -1 -2.7953e-07
-0.0348968 -1.84481e-08 0.999391

  PointToIndexMatrix: 
-0.999392 -7.47665e-06 -0.0348969
7.48184e-06 -1 -1.84481e-08
-0.0348969 -2.7953e-07 0.999391

  Inverse Direction: 
-0.999391 -7.47664e-06 -0.0348969
7.48184e-06 -1 -1.84481e-08
-0.0348969 -2.7953e-07 0.999391

  PixelContainer: 
    ImportImageContainer (0x44cfb50)
      RTTI typeinfo:   itk::ImportImageContainer<unsigned long, double>
      Reference Count: 1
      Modified Time: 2329
      Debug: Off
      Object Name: 
      Observers: 
        none
      Pointer: 0x154130d91010
      Container manages memory: true
      Size: 10813440
      Capacity: 10813440

     Weighting = 1
     Sampling strategy = regular
     Number of bins = 32
     Radius = 4
     Sampling percentage  = 0.25
   Transform = Rigid
     Gradient step = 0.1
     Update field sigma (voxel space) = 0
     Total field sigma (voxel space) = 0
     Update field time sigma = 0
     Total field time sigma  = 0
     Number of time indices = 0
     Number of time point samples = 0
Registration using 1 total stages.

Stage 0
  iterations = 0
  convergence threshold = 1e-06
  convergence window size = 10
  number of levels = 1
  using the Mattes MI metric (number of bins = 32, weight = 1, use gradient filter = 0)
  preprocessing:  winsorizing the image intensities
  Shrink factors (level 1 out of 1): [1, 1, 1]
  smoothing sigmas per level: [0]
  regular sampling (percentage = 0.25)

*** Running Euler3DTransform registration ***

  Elapsed time (stage 0): 1.06971


Total elapsed time: 1.07199
Info [verificarlo]: loaded backend libinterflop_vprec.so
Info [interflop-vprec]: load backend with: 
Info [interflop-vprec]: precision-binary32 = 7
Info [interflop-vprec]: range-binary32 = 8
Info [interflop-vprec]: precision-binary64 = 7
Info [interflop-vprec]: range-binary64 = 8
Info [interflop-vprec]: mode = ob
Info [interflop-vprec]: error-mode = rel
Info [interflop-vprec]: max-abs-error-exponent = -1022
Info [interflop-vprec]: daz = false
Info [interflop-vprec]: ftz = false
Info [interflop-vprec]: 	instrument = none
Info [interflop-vprec]: 	prec-input-file = (null)
Info [interflop-vprec]: 	prec-output-file = (null)
Info [interflop-vprec]: 	prec-log-file = (null)
All_Command_lines_OK
Using double precision for computations.
=============================================================================
The composite transform comprises the following transforms (in order): 
  1. /home/mdugre/scratch/mri-registration-rp/datasets/ds004513/derivatives/mri-registration-rp/0100/antsRegistration-r8-p7/sub-s025/align_Composite.h5[0] (type = Euler3DTransform)
  2. /home/mdugre/scratch/mri-registration-rp/datasets/ds004513/derivatives/mri-registration-rp/0100/antsRegistration-r8-p7/sub-s025/align_Composite.h5[1] (type = Euler3DTransform)
=============================================================================
  number of levels = 4
  fixed image: /templateflow/tpl-MNI152NLin2009cAsym/tpl-MNI152NLin2009cAsym_res-01_desc-brain_T1w.nii.gz
  moving image: /home/mdugre/scratch/mri-registration-rp/datasets/ds004513/derivatives/mri-registration-rp/antsBrainExtraction/sub-s025/BrainExtractionBrain.nii.gz
Dimension = 3
Number of stages = 1
Use histogram matching = false
Winsorize image intensities = true
  Lower quantile = 0.005
  Upper quantile = 0.995


Stage 1 State
   Image metric = MattesMI
     Fixed image = Image (0x4cdd1e0)
  RTTI typeinfo:   itk::Image<double, 3u>
  Reference Count: 2
  Modified Time: 1578
  Debug: Off
  Object Name: 
  Observers: 
    none
  Source: (none)
  Source output name: (none)
  Release Data: Off
  Data Released: False
  Global Release Data: Off
  PipelineMTime: 0
  UpdateMTime: 1189
  RealTimeStamp: 0 seconds 
  LargestPossibleRegion: 
    Dimension: 3
    Index: [0, 0, 0]
    Size: [193, 229, 193]
  BufferedRegion: 
    Dimension: 3
    Index: [0, 0, 0]
    Size: [193, 229, 193]
  RequestedRegion: 
    Dimension: 3
    Index: [0, 0, 0]
    Size: [193, 229, 193]
  Spacing: [1, 1, 1]
  Origin: [96, 132, -78]
  Direction: 
-1 0 0
0 -1 0
0 0 1

  IndexToPointMatrix: 
-1 0 0
0 -1 0
0 0 1

  PointToIndexMatrix: 
-1 0 0
0 -1 0
0 0 1

  Inverse Direction: 
-1 0 0
0 -1 0
0 0 1

  PixelContainer: 
    ImportImageContainer (0x4d9c680)
      RTTI typeinfo:   itk::ImportImageContainer<unsigned long, double>
      Reference Count: 1
      Modified Time: 1186
      Debug: Off
      Object Name: 
      Observers: 
        none
      Pointer: 0x14e23fdcf010
      Container manages memory: true
      Size: 8530021
      Capacity: 8530021

     Moving image = Image (0x4d98b20)
  RTTI typeinfo:   itk::Image<double, 3u>
  Reference Count: 2
  Modified Time: 1579
  Debug: Off
  Object Name: 
  Observers: 
    none
  Source: (none)
  Source output name: (none)
  Release Data: Off
  Data Released: False
  Global Release Data: Off
  PipelineMTime: 0
  UpdateMTime: 1576
  RealTimeStamp: 0 seconds 
  LargestPossibleRegion: 
    Dimension: 3
    Index: [0, 0, 0]
    Size: [176, 240, 256]
  BufferedRegion: 
    Dimension: 3
    Index: [0, 0, 0]
    Size: [176, 240, 256]
  RequestedRegion: 
    Dimension: 3
    Index: [0, 0, 0]
    Size: [176, 240, 256]
  Spacing: [1, 1, 1]
  Origin: [90.5, 84.5, -154]
  Direction: 
-1 7.48038e-06 -0.0349121
-7.48038e-06 -1 -2.79397e-07
-0.0349121 -1.86265e-08 1

  IndexToPointMatrix: 
-1 7.48038e-06 -0.0349121
-7.48038e-06 -1 -2.79397e-07
-0.0349121 -1.86265e-08 1

  PointToIndexMatrix: 
-1 -7.48038e-06 -0.0349121
7.48038e-06 -1 -1.86265e-08
-0.0349121 -2.79397e-07 1

  Inverse Direction: 
-1 -7.48038e-06 -0.0349121
7.48038e-06 -1 -1.86265e-08
-0.0349121 -2.79397e-07 1

  PixelContainer: 
    ImportImageContainer (0x4e01d50)
      RTTI typeinfo:   itk::ImportImageContainer<unsigned long, double>
      Reference Count: 1
      Modified Time: 1573
      Debug: Off
      Object Name: 
      Observers: 
        none
      Pointer: 0x14e23ab4e010
      Container manages memory: true
      Size: 10813440
      Capacity: 10813440

     Weighting = 1
     Sampling strategy = regular
     Number of bins = 32
     Radius = 4
     Sampling percentage  = 0.25
   Transform = Rigid
     Gradient step = 0.1
     Update field sigma (voxel space) = 0
     Total field sigma (voxel space) = 0
     Update field time sigma = 0
     Total field time sigma  = 0
     Number of time indices = 0
     Number of time point samples = 0
Registration using 1 total stages.

Stage 0
  iterations = 1000x500x250x100
  convergence threshold = 1e-06
  convergence window size = 10
  number of levels = 4
  using the Mattes MI metric (number of bins = 32, weight = 1, use gradient filter = 0)
  preprocessing:  winsorizing the image intensities
  Shrink factors (level 1 out of 4): [8, 8, 8]
  Shrink factors (level 2 out of 4): [4, 4, 4]
  Shrink factors (level 3 out of 4): [2, 2, 2]
  Shrink factors (level 4 out of 4): [1, 1, 1]
  smoothing sigmas per level: [3, 2, 1, 0]
  regular sampling (percentage = 0.25)

*** Running Euler3DTransform registration ***

DIAGNOSTIC,Iteration,metricValue,convergenceValue,ITERATION_TIME_INDEX,SINCE_LAST
 2DIAGNOSTIC,     1, -5.473195479759e-01, 1.797693134862e+308, 0.0000e+00, 0.0000e+00, 
 2DIAGNOSTIC,     2, -5.475096203126e-01, 1.797693134862e+308, 0.0000e+00, 0.0000e+00, 
 2DIAGNOSTIC,     3, -5.476967766003e-01, 1.797693134862e+308, 0.0000e+00, 0.0000e+00, 
 2DIAGNOSTIC,     4, -5.478300116589e-01, 1.797693134862e+308, 0.0000e+00, 0.0000e+00, 
 2DIAGNOSTIC,     5, -5.478710734133e-01, 1.797693134862e+308, 0.0000e+00, 0.0000e+00, 
 2DIAGNOSTIC,     6, -5.479536105510e-01, 1.797693134862e+308, 0.0000e+00, 0.0000e+00, 
 2DIAGNOSTIC,     7, -5.467839603611e-01, 1.797693134862e+308, 0.0000e+00, 0.0000e+00, 
 2DIAGNOSTIC,     8, -5.468156178233e-01, 1.797693134862e+308, 0.0000e+00, 0.0000e+00, 
 2DIAGNOSTIC,     9, -5.467165588649e-01, 1.797693134862e+308, 0.0000e+00, 0.0000e+00, 
DIAGNOSTIC,Iteration,metricValue,convergenceValue,ITERATION_TIME_INDEX,SINCE_LAST
 2DIAGNOSTIC,     1, -4.288349626609e-01, 1.797693134862e+308, 0.0000e+00, 0.0000e+00, 
 2DIAGNOSTIC,     2, -4.291126872488e-01, 1.797693134862e+308, 0.0000e+00, 0.0000e+00, 
 2DIAGNOSTIC,     3, -4.291994612392e-01, 1.797693134862e+308, 0.0000e+00, 0.0000e+00, 
 2DIAGNOSTIC,     4, -4.293688586977e-01, 1.797693134862e+308, 0.0000e+00, 0.0000e+00, 
 2DIAGNOSTIC,     5, -4.294906751342e-01, 1.797693134862e+308, 0.0000e+00, 0.0000e+00, 
 2DIAGNOSTIC,     6, -4.294456164312e-01, 1.797693134862e+308, 0.0000e+00, 0.0000e+00, 
 2DIAGNOSTIC,     7, -4.294807571603e-01, 1.797693134862e+308, 0.0000e+00, 0.0000e+00, 
 2DIAGNOSTIC,     8, -4.294578494561e-01, 1.797693134862e+308, 0.0000e+00, 0.0000e+00, 
 2DIAGNOSTIC,     9, -4.294578150863e-01, 1.797693134862e+308, 0.0000e+00, 0.0000e+00, 
 2DIAGNOSTIC,    10, -4.294286806823e-01, 7.417943107724e-05, 0.0000e+00, 0.0000e+00, 
 2DIAGNOSTIC,    11, -4.294027338593e-01, 3.266101027288e-05, 0.0000e+00, 0.0000e+00, 
 2DIAGNOSTIC,    12, -4.294021068977e-01, 1.051028200105e-05, 0.0000e+00, 0.0000e+00, 
DIAGNOSTIC,Iteration,metricValue,convergenceValue,ITERATION_TIME_INDEX,SINCE_LAST
 2DIAGNOSTIC,     1, -3.751050479985e-01, 1.797693134862e+308, 0.0000e+00, 0.0000e+00, 
 2DIAGNOSTIC,     2, -3.753118325571e-01, 1.797693134862e+308, 0.0000e+00, 0.0000e+00, 
 2DIAGNOSTIC,     3, -3.758238592538e-01, 1.797693134862e+308, 0.0000e+00, 0.0000e+00, 
 2DIAGNOSTIC,     4, -3.766063468294e-01, 1.797693134862e+308, 0.0000e+00, 0.0000e+00, 
 2DIAGNOSTIC,     5, -3.777293625572e-01, 1.797693134862e+308, 0.0000e+00, 0.0000e+00, 
 2DIAGNOSTIC,     6, -3.797017798769e-01, 1.797693134862e+308, 0.0000e+00, 0.0000e+00, 
 2DIAGNOSTIC,     7, -3.825170716284e-01, 1.797693134862e+308, 0.0000e+00, 0.0000e+00, 
 2DIAGNOSTIC,     8, -3.898337861938e-01, 1.797693134862e+308, 0.0000e+00, 0.0000e+00, 
 2DIAGNOSTIC,     9, -3.999158338123e-01, 1.797693134862e+308, 0.0000e+00, 0.0000e+00, 
 2DIAGNOSTIC,    10, -4.154331905348e-01, 5.515580197474e-03, 0.0000e+00, 0.0000e+00, 
 2DIAGNOSTIC,    11, -4.599544559631e-01, 9.341399063031e-03, 0.0000e+00, 0.0000e+00, 
 2DIAGNOSTIC,    12, -5.147442040826e-01, 1.465243502291e-02, 0.0000e+00, 0.0000e+00, 
 2DIAGNOSTIC,    13, -5.290476720925e-01, 1.833411810669e-02, 0.0000e+00, 0.0000e+00, 
 2DIAGNOSTIC,    14, -5.270316641539e-01, 1.970300653309e-02, 0.0000e+00, 0.0000e+00, 
 2DIAGNOSTIC,    15, -5.271551362028e-01, 1.916491961456e-02, 0.0000e+00, 0.0000e+00, 
 2DIAGNOSTIC,    16, -5.272137097750e-01, 1.703470881191e-02, 0.0000e+00, 0.0000e+00, 
 2DIAGNOSTIC,    17, -5.289429796481e-01, 1.379188274382e-02, 0.0000e+00, 0.0000e+00, 
 2DIAGNOSTIC,    18, -5.290088375975e-01, 9.984322950305e-03, 0.0000e+00, 0.0000e+00, 
 2DIAGNOSTIC,    19, -5.289451071599e-01, 6.098882339380e-03, 0.0000e+00, 0.0000e+00, 
 2DIAGNOSTIC,    20, -5.289680397333e-01, 2.582050484111e-03, 0.0000e+00, 0.0000e+00, 
 2DIAGNOSTIC,    21, -5.290236992899e-01, 4.949008254853e-04, 0.0000e+00, 0.0000e+00, 
 2DIAGNOSTIC,    22, -5.290359656342e-01, 1.073843243827e-04, 0.0000e+00, 0.0000e+00, 
 2DIAGNOSTIC,    23, -5.290359656342e-01, 1.313363769854e-04, 0.0000e+00, 0.0000e+00, 
 2DIAGNOSTIC,    24, -5.290359656342e-01, 9.028774639856e-05, 0.0000e+00, 0.0000e+00, 
 2DIAGNOSTIC,    25, -5.290359656342e-01, 4.791738493651e-05, 0.0000e+00, 0.0000e+00, 
 2DIAGNOSTIC,    26, -5.290359656342e-01, 4.974551449884e-06, 0.0000e+00, 0.0000e+00, 
 2DIAGNOSTIC,    27, -5.290359656342e-01, 3.562031351469e-06, 0.0000e+00, 0.0000e+00, 
 2DIAGNOSTIC,    28, -5.290359656342e-01, 3.396160938855e-06, 0.0000e+00, 0.0000e+00, 
 2DIAGNOSTIC,    29, -5.290359656342e-01, 1.616692663374e-06, 0.0000e+00, 0.0000e+00, 
DIAGNOSTIC,Iteration,metricValue,convergenceValue,ITERATION_TIME_INDEX,SINCE_LAST
 2DIAGNOSTIC,     1, -4.760187648832e-01, 1.797693134862e+308, 0.0000e+00, 0.0000e+00, 
 2DIAGNOSTIC,     2, -4.760187648832e-01, 1.797693134862e+308, 0.0000e+00, 0.0000e+00, 
 2DIAGNOSTIC,     3, -4.760187648832e-01, 1.797693134862e+308, 0.0000e+00, 0.0000e+00, 
 2DIAGNOSTIC,     4, -4.760187648832e-01, 1.797693134862e+308, 0.0000e+00, 0.0000e+00, 
 2DIAGNOSTIC,     5, -4.760187648832e-01, 1.797693134862e+308, 0.0000e+00, 0.0000e+00, 
 2DIAGNOSTIC,     6, -4.760187648832e-01, 1.797693134862e+308, 0.0000e+00, 0.0000e+00, 
 2DIAGNOSTIC,     7, -4.760187648832e-01, 1.797693134862e+308, 0.0000e+00, 0.0000e+00, 
 2DIAGNOSTIC,     8, -4.760187648832e-01, 1.797693134862e+308, 0.0000e+00, 0.0000e+00, 
 2DIAGNOSTIC,     9, -4.760187648832e-01, 1.797693134862e+308, 0.0000e+00, 0.0000e+00, 
  Elapsed time (stage 0): 0.0000e+00


Total elapsed time: 0.0000e+00
Info [verificarlo]: loaded backend libinterflop_ieee.so
Info [interflop-ieee]: load backend with:
Info [interflop-ieee]: debug = false
Info [interflop-ieee]: debug-binary = false
Info [interflop-ieee]: no-backend-name = false
Info [interflop-ieee]: print-new-line = false
Info [interflop-ieee]: print-subnormal-normalized = false
Info [interflop-ieee]: count-op = false
All_Command_lines_OK
Using double precision for computations.
=============================================================================
The composite transform comprises the following transforms (in order): 
  1. /home/mdugre/scratch/mri-registration-rp/datasets/ds004513/derivatives/mri-registration-rp/0100/antsRegistration-r8-p7/sub-s025/rigid_Composite.h5[0] (type = Euler3DTransform)
  2. /home/mdugre/scratch/mri-registration-rp/datasets/ds004513/derivatives/mri-registration-rp/0100/antsRegistration-r8-p7/sub-s025/rigid_Composite.h5[1] (type = Euler3DTransform)
  3. /home/mdugre/scratch/mri-registration-rp/datasets/ds004513/derivatives/mri-registration-rp/0100/antsRegistration-r8-p7/sub-s025/rigid_Composite.h5[2] (type = Euler3DTransform)
=============================================================================
  number of levels = 4
  fixed image: /templateflow/tpl-MNI152NLin2009cAsym/tpl-MNI152NLin2009cAsym_res-01_desc-brain_T1w.nii.gz
  moving image: /home/mdugre/scratch/mri-registration-rp/datasets/ds004513/derivatives/mri-registration-rp/antsBrainExtraction/sub-s025/BrainExtractionBrain.nii.gz
Dimension = 3
Number of stages = 1
Use histogram matching = false
Winsorize image intensities = true
  Lower quantile = 0.005
  Upper quantile = 0.995


Stage 1 State
   Image metric = MattesMI
     Fixed image = Image (0x3b6e530)
  RTTI typeinfo:   itk::Image<double, 3u>
  Reference Count: 2
  Modified Time: 1594
  Debug: Off
  Object Name: 
  Observers: 
    none
  Source: (none)
  Source output name: (none)
  Release Data: Off
  Data Released: False
  Global Release Data: Off
  PipelineMTime: 0
  UpdateMTime: 1203
  RealTimeStamp: 0 seconds 
  LargestPossibleRegion: 
    Dimension: 3
    Index: [0, 0, 0]
    Size: [193, 229, 193]
  BufferedRegion: 
    Dimension: 3
    Index: [0, 0, 0]
    Size: [193, 229, 193]
  RequestedRegion: 
    Dimension: 3
    Index: [0, 0, 0]
    Size: [193, 229, 193]
  Spacing: [1, 1, 1]
  Origin: [96, 132, -78]
  Direction: 
-1 0 0
0 -1 0
0 0 1

  IndexToPointMatrix: 
-1 0 0
0 -1 0
0 0 1

  PointToIndexMatrix: 
-1 0 0
0 -1 0
0 0 1

  Inverse Direction: 
-1 0 0
0 -1 0
0 0 1

  PixelContainer: 
    ImportImageContainer (0x3b7b2b0)
      RTTI typeinfo:   itk::ImportImageContainer<unsigned long, double>
      Reference Count: 1
      Modified Time: 1200
      Debug: Off
      Object Name: 
      Observers: 
        none
      Pointer: 0x154ac2e6b010
      Container manages memory: true
      Size: 8530021
      Capacity: 8530021

     Moving image = Image (0x3c29fd0)
  RTTI typeinfo:   itk::Image<double, 3u>
  Reference Count: 2
  Modified Time: 1595
  Debug: Off
  Object Name: 
  Observers: 
    none
  Source: (none)
  Source output name: (none)
  Release Data: Off
  Data Released: False
  Global Release Data: Off
  PipelineMTime: 0
  UpdateMTime: 1592
  RealTimeStamp: 0 seconds 
  LargestPossibleRegion: 
    Dimension: 3
    Index: [0, 0, 0]
    Size: [176, 240, 256]
  BufferedRegion: 
    Dimension: 3
    Index: [0, 0, 0]
    Size: [176, 240, 256]
  RequestedRegion: 
    Dimension: 3
    Index: [0, 0, 0]
    Size: [176, 240, 256]
  Spacing: [0.999999, 1, 1]
  Origin: [90.3778, 84.5091, -154.071]
  Direction: 
-0.999391 7.48184e-06 -0.0348969
-7.47664e-06 -1 -2.7953e-07
-0.0348969 -1.84481e-08 0.999391

  IndexToPointMatrix: 
-0.99939 7.48184e-06 -0.0348969
-7.47663e-06 -1 -2.7953e-07
-0.0348968 -1.84481e-08 0.999391

  PointToIndexMatrix: 
-0.999392 -7.47665e-06 -0.0348969
7.48184e-06 -1 -1.84481e-08
-0.0348969 -2.7953e-07 0.999391

  Inverse Direction: 
-0.999391 -7.47664e-06 -0.0348969
7.48184e-06 -1 -1.84481e-08
-0.0348969 -2.7953e-07 0.999391

  PixelContainer: 
    ImportImageContainer (0x3cc5650)
      RTTI typeinfo:   itk::ImportImageContainer<unsigned long, double>
      Reference Count: 1
      Modified Time: 1589
      Debug: Off
      Object Name: 
      Observers: 
        none
      Pointer: 0x154abdbea010
      Container manages memory: true
      Size: 10813440
      Capacity: 10813440

     Weighting = 1
     Sampling strategy = regular
     Number of bins = 32
     Radius = 4
     Sampling percentage  = 0.25
   Transform = Affine
     Gradient step = 0.1
     Update field sigma (voxel space) = 0
     Total field sigma (voxel space) = 0
     Update field time sigma = 0
     Total field time sigma  = 0
     Number of time indices = 0
     Number of time point samples = 0
Registration using 1 total stages.

Stage 0
  iterations = 1000x500x250x100
  convergence threshold = 1e-06
  convergence window size = 10
  number of levels = 4
  using the Mattes MI metric (number of bins = 32, weight = 1, use gradient filter = 0)
  preprocessing:  winsorizing the image intensities
  Shrink factors (level 1 out of 4): [8, 8, 8]
  Shrink factors (level 2 out of 4): [4, 4, 4]
  Shrink factors (level 3 out of 4): [2, 2, 2]
  Shrink factors (level 4 out of 4): [1, 1, 1]
  smoothing sigmas per level: [3, 2, 1, 0]
  regular sampling (percentage = 0.25)

*** Running AffineTransform registration ***

DIAGNOSTIC,Iteration,metricValue,convergenceValue,ITERATION_TIME_INDEX,SINCE_LAST
 2DIAGNOSTIC,     1, -7.345360121358e-01, 1.797693134862e+308, 7.7410e-01, 7.7410e-01, 
 2DIAGNOSTIC,     2, -7.365242023747e-01, 1.797693134862e+308, 7.7924e-01, 5.1410e-03, 
 2DIAGNOSTIC,     3, -7.402587778425e-01, 1.797693134862e+308, 7.8394e-01, 4.6980e-03, 
 2DIAGNOSTIC,     4, -7.475461792761e-01, 1.797693134862e+308, 7.8855e-01, 4.6082e-03, 
 2DIAGNOSTIC,     5, -7.599401736188e-01, 1.797693134862e+308, 7.9293e-01, 4.3769e-03, 
 2DIAGNOSTIC,     6, -7.716235077443e-01, 1.797693134862e+308, 7.9790e-01, 4.9679e-03, 
 2DIAGNOSTIC,     7, -8.034426946272e-01, 1.797693134862e+308, 8.0303e-01, 5.1298e-03, 
 2DIAGNOSTIC,     8, -8.792329171583e-01, 1.797693134862e+308, 8.0891e-01, 5.8858e-03, 
 2DIAGNOSTIC,     9, -9.085737550308e-01, 1.797693134862e+308, 8.1356e-01, 4.6511e-03, 
 2DIAGNOSTIC,    10, -9.137476822624e-01, 1.618113952721e-02, 8.1894e-01, 5.3751e-03, 
 2DIAGNOSTIC,    11, -9.169456685503e-01, 1.613867207371e-02, 8.2434e-01, 5.4049e-03, 
 2DIAGNOSTIC,    12, -9.207316134110e-01, 1.482754122400e-02, 8.2910e-01, 4.7569e-03, 
 2DIAGNOSTIC,    13, -9.271070823042e-01, 1.263868937275e-02, 8.3438e-01, 5.2831e-03, 
 2DIAGNOSTIC,    14, -9.301732499520e-01, 9.894244387915e-03, 8.3964e-01, 5.2590e-03, 
 2DIAGNOSTIC,    15, -9.320261711353e-01, 7.003260007865e-03, 8.4500e-01, 5.3620e-03, 
 2DIAGNOSTIC,    16, -9.320262512643e-01, 4.127190085007e-03, 8.5028e-01, 5.2791e-03, 
 2DIAGNOSTIC,    17, -9.340591207981e-01, 1.872960561037e-03, 8.5553e-01, 5.2500e-03, 
 2DIAGNOSTIC,    18, -9.344190936089e-01, 1.106783292325e-03, 8.6041e-01, 4.8821e-03, 
 2DIAGNOSTIC,    19, -9.353133647408e-01, 8.495103329053e-04, 8.6627e-01, 5.8501e-03, 
 2DIAGNOSTIC,    20, -9.361038483791e-01, 6.400701875272e-04, 8.7095e-01, 4.6899e-03, 
 2DIAGNOSTIC,    21, -9.362952312832e-01, 4.457041014594e-04, 8.7617e-01, 5.2178e-03, 
 2DIAGNOSTIC,    22, -9.363808040659e-01, 2.844512809556e-04, 8.8117e-01, 4.9949e-03, 
 2DIAGNOSTIC,    23, -9.368528781337e-01, 2.076502442293e-04, 8.8641e-01, 5.2431e-03, 
 2DIAGNOSTIC,    24, -9.381952154962e-01, 1.772979406599e-04, 9.0079e-01, 1.4382e-02, 
 2DIAGNOSTIC,    25, -9.381951811207e-01, 1.567883988341e-04, 9.0548e-01, 4.6830e-03, 
 2DIAGNOSTIC,    26, -9.381952291201e-01, 1.231051429698e-04, 9.1012e-01, 4.6430e-03, 
 2DIAGNOSTIC,    27, -9.381953102729e-01, 1.052173173576e-04, 9.1478e-01, 4.6639e-03, 
 2DIAGNOSTIC,    28, -9.381954474533e-01, 8.272433577180e-05, 9.1948e-01, 4.6952e-03, 
 2DIAGNOSTIC,    29, -9.381956792872e-01, 6.358851436004e-05, 9.2422e-01, 4.7460e-03, 
 2DIAGNOSTIC,    30, -9.381960709265e-01, 4.831561859945e-05, 9.2893e-01, 4.7050e-03, 
 2DIAGNOSTIC,    31, -9.381967320761e-01, 3.185656021542e-05, 9.3370e-01, 4.7679e-03, 
 2DIAGNOSTIC,    32, -9.381978469206e-01, 1.445719248826e-05, 9.3835e-01, 4.6542e-03, 
 2DIAGNOSTIC,    33, -9.381997226760e-01, 1.091999309963e-06, 9.4303e-01, 4.6821e-03, 
 2DIAGNOSTIC,    34, -9.382028676783e-01, 1.112252818312e-06, 9.4775e-01, 4.7178e-03, 
 2DIAGNOSTIC,    35, -9.382081148923e-01, 1.165552404571e-06, 9.5240e-01, 4.6499e-03, 
 2DIAGNOSTIC,    36, -9.382167884534e-01, 1.271333804856e-06, 9.5707e-01, 4.6718e-03, 
 2DIAGNOSTIC,    37, -9.382309606762e-01, 1.458653593647e-06, 9.6174e-01, 4.6699e-03, 
 2DIAGNOSTIC,    38, -9.382536618490e-01, 1.770141414562e-06, 9.6648e-01, 4.7362e-03, 
 2DIAGNOSTIC,    39, -9.382887309135e-01, 2.262043580562e-06, 9.7119e-01, 4.7150e-03, 
 2DIAGNOSTIC,    40, -9.381802963586e-01, 1.737369713629e-06, 9.7591e-01, 4.7181e-03, 
 2DIAGNOSTIC,    41, -9.382531989797e-01, 1.746315445153e-06, 9.8065e-01, 4.7379e-03, 
 2DIAGNOSTIC,    42, -9.383540329650e-01, 2.405784829674e-06, 9.8588e-01, 5.2352e-03, 
 2DIAGNOSTIC,    43, -9.383623732708e-01, 2.922675833107e-06, 9.9140e-01, 5.5110e-03, 
 2DIAGNOSTIC,    44, -9.384125379282e-01, 3.604855716717e-06, 9.9768e-01, 6.2871e-03, 
 2DIAGNOSTIC,    45, -9.382895542913e-01, 3.175696531341e-06, 1.0024e+00, 4.7350e-03, 
 2DIAGNOSTIC,    46, -9.382998553679e-01, 2.685461348802e-06, 1.0071e+00, 4.7059e-03, 
 2DIAGNOSTIC,    47, -9.383303065360e-01, 2.292881744765e-06, 1.0123e+00, 5.1930e-03, 
 2DIAGNOSTIC,    48, -9.383639454920e-01, 2.102465577900e-06, 1.0173e+00, 4.9951e-03, 
 2DIAGNOSTIC,    49, -9.382463644108e-01, 1.288019092754e-06, 1.0226e+00, 5.3210e-03, 
DIAGNOSTIC,Iteration,metricValue,convergenceValue,ITERATION_TIME_INDEX,SINCE_LAST
 2DIAGNOSTIC,     1, -7.505354843954e-01, 1.797693134862e+308, 1.7777e+00, 7.5510e-01, 
 2DIAGNOSTIC,     2, -7.509437085464e-01, 1.797693134862e+308, 1.8087e+00, 3.0971e-02, 
 2DIAGNOSTIC,     3, -7.513975214467e-01, 1.797693134862e+308, 1.8407e+00, 3.2019e-02, 
 2DIAGNOSTIC,     4, -7.520624003280e-01, 1.797693134862e+308, 1.8733e+00, 3.2621e-02, 
 2DIAGNOSTIC,     5, -7.533533580436e-01, 1.797693134862e+308, 1.9123e+00, 3.8914e-02, 
 2DIAGNOSTIC,     6, -7.544716844654e-01, 1.797693134862e+308, 1.9875e+00, 7.5215e-02, 
 2DIAGNOSTIC,     7, -7.544872999991e-01, 1.797693134862e+308, 2.0198e+00, 3.2370e-02, 
 2DIAGNOSTIC,     8, -7.544897362602e-01, 1.797693134862e+308, 2.0514e+00, 3.1599e-02, 
 2DIAGNOSTIC,     9, -7.544941693585e-01, 1.797693134862e+308, 2.0837e+00, 3.2291e-02, 
 2DIAGNOSTIC,    10, -7.545014771402e-01, 4.015516966034e-04, 2.1160e+00, 3.2312e-02, 
 2DIAGNOSTIC,    11, -7.545133694818e-01, 2.952185902068e-04, 2.1481e+00, 3.2073e-02, 
 2DIAGNOSTIC,    12, -7.545472117249e-01, 1.946851939618e-04, 2.1843e+00, 3.6147e-02, 
 2DIAGNOSTIC,    13, -7.545724761949e-01, 1.066106909019e-04, 2.2205e+00, 3.6266e-02, 
 2DIAGNOSTIC,    14, -7.546185832313e-01, 4.019816605734e-05, 2.2577e+00, 3.7199e-02, 
 2DIAGNOSTIC,    15, -7.546369328088e-01, 1.129446823227e-05, 2.2941e+00, 3.6400e-02, 
 2DIAGNOSTIC,    16, -7.546556887640e-01, 1.196221529105e-05, 2.3266e+00, 3.2479e-02, 
 2DIAGNOSTIC,    17, -7.547168610554e-01, 1.333272804806e-05, 2.3628e+00, 3.6228e-02, 
 2DIAGNOSTIC,    18, -7.547745445963e-01, 1.471385523209e-05, 2.3982e+00, 3.5388e-02, 
 2DIAGNOSTIC,    19, -7.547674799365e-01, 1.467668083246e-05, 2.4336e+00, 3.5424e-02, 
 2DIAGNOSTIC,    20, -7.547802333794e-01, 1.384767860821e-05, 2.4729e+00, 3.9247e-02, 
 2DIAGNOSTIC,    21, -7.547788779525e-01, 1.214456522752e-05, 2.5053e+00, 3.2426e-02, 
 2DIAGNOSTIC,    22, -7.547563626434e-01, 9.779235561808e-06, 2.5377e+00, 3.2395e-02, 
 2DIAGNOSTIC,    23, -7.548034605170e-01, 8.007564020300e-06, 2.5689e+00, 3.1191e-02, 
 2DIAGNOSTIC,    24, -7.548345601219e-01, 6.958299796633e-06, 2.6063e+00, 3.7403e-02, 
 2DIAGNOSTIC,    25, -7.548497030502e-01, 5.973247475956e-06, 2.6415e+00, 3.5161e-02, 
 2DIAGNOSTIC,    26, -7.548444329420e-01, 4.811676678151e-06, 2.6775e+00, 3.6040e-02, 
 2DIAGNOSTIC,    27, -7.548363827871e-01, 4.133130801845e-06, 2.7132e+00, 3.5707e-02, 
 2DIAGNOSTIC,    28, -7.548274017364e-01, 3.878953959986e-06, 2.7489e+00, 3.5705e-02, 
 2DIAGNOSTIC,    29, -7.548181910379e-01, 3.153257225920e-06, 2.7849e+00, 3.5942e-02, 
 2DIAGNOSTIC,    30, -7.548097653840e-01, 2.338610632556e-06, 2.8156e+00, 3.0782e-02, 
 2DIAGNOSTIC,    31, -7.548051505354e-01, 1.404555947979e-06, 2.8461e+00, 3.0403e-02, 
DIAGNOSTIC,Iteration,metricValue,convergenceValue,ITERATION_TIME_INDEX,SINCE_LAST
 2DIAGNOSTIC,     1, -6.416447407693e-01, 1.797693134862e+308, 4.0052e+00, 1.1592e+00, 
 2DIAGNOSTIC,     2, -6.420738737041e-01, 1.797693134862e+308, 4.2988e+00, 2.9362e-01, 
 2DIAGNOSTIC,     3, -6.425530696932e-01, 1.797693134862e+308, 4.5359e+00, 2.3702e-01, 
 2DIAGNOSTIC,     4, -6.430658017335e-01, 1.797693134862e+308, 4.7950e+00, 2.5917e-01, 
 2DIAGNOSTIC,     5, -6.437915484221e-01, 1.797693134862e+308, 5.0453e+00, 2.5026e-01, 
 2DIAGNOSTIC,     6, -6.448994965449e-01, 1.797693134862e+308, 5.3632e+00, 3.1789e-01, 
 2DIAGNOSTIC,     7, -6.449210666575e-01, 1.797693134862e+308, 5.9830e+00, 6.1983e-01, 
 2DIAGNOSTIC,     8, -6.449229172078e-01, 1.797693134862e+308, 6.2966e+00, 3.1361e-01, 
 2DIAGNOSTIC,     9, -6.449232894266e-01, 1.797693134862e+308, 6.5747e+00, 2.7812e-01, 
 2DIAGNOSTIC,    10, -6.449208029143e-01, 3.774853505841e-04, 6.8305e+00, 2.5574e-01, 
 2DIAGNOSTIC,    11, -6.449183873332e-01, 2.737107861810e-04, 7.1338e+00, 3.0339e-01, 
 2DIAGNOSTIC,    12, -6.449160544772e-01, 1.786679862371e-04, 7.4156e+00, 2.8173e-01, 
 2DIAGNOSTIC,    13, -6.449140787331e-01, 9.898359317433e-05, 7.6711e+00, 2.5557e-01, 
 2DIAGNOSTIC,    14, -6.449169778825e-01, 3.795733109055e-05, 7.9229e+00, 2.5172e-01, 
 2DIAGNOSTIC,    15, -6.449166007640e-01, 2.227587295289e-06, 8.1775e+00, 2.5469e-01, 
 2DIAGNOSTIC,    16, -6.449192950526e-01, 1.569951855407e-06, 8.4652e+00, 2.8765e-01, 
 2DIAGNOSTIC,    17, -6.449176517318e-01, 1.543817127421e-06, 8.8021e+00, 3.3687e-01, 
 2DIAGNOSTIC,    18, -6.449163932134e-01, 1.566118244034e-06, 9.0882e+00, 2.8614e-01, 
 2DIAGNOSTIC,    19, -6.449131362692e-01, 1.538459512403e-06, 9.3579e+00, 2.6972e-01, 
 2DIAGNOSTIC,    20, -6.449129182877e-01, 1.467684382042e-06, 9.6480e+00, 2.9008e-01, 
 2DIAGNOSTIC,    21, -6.449139802770e-01, 1.386776020282e-06, 9.9136e+00, 2.6557e-01, 
 2DIAGNOSTIC,    22, -6.449169119707e-01, 1.337735048464e-06, 1.0145e+01, 2.3100e-01, 
 2DIAGNOSTIC,    23, -6.449137259000e-01, 1.202705622504e-06, 1.0417e+01, 2.7192e-01, 
 2DIAGNOSTIC,    24, -6.449147814678e-01, 1.172666654420e-06, 1.0668e+01, 2.5160e-01, 
 2DIAGNOSTIC,    25, -6.449161023894e-01, 1.173884187022e-06, 1.0985e+01, 3.1685e-01, 
 2DIAGNOSTIC,    26, -6.449183397879e-01, 1.265862171869e-06, 1.1347e+01, 3.6192e-01, 
 2DIAGNOSTIC,    27, -6.449179322635e-01, 1.312320941499e-06, 1.1632e+01, 2.8465e-01, 
 2DIAGNOSTIC,    28, -6.449161002108e-01, 1.297464248089e-06, 1.1934e+01, 3.0249e-01, 
 2DIAGNOSTIC,    29, -6.449158835242e-01, 1.217769320411e-06, 1.2210e+01, 2.7629e-01, 
 2DIAGNOSTIC,    30, -6.449155173381e-01, 1.121906385571e-06, 1.2492e+01, 2.8194e-01, 
 2DIAGNOSTIC,    31, -6.449150186858e-01, 1.032079777481e-06, 1.2776e+01, 2.8349e-01, 
DIAGNOSTIC,Iteration,metricValue,convergenceValue,ITERATION_TIME_INDEX,SINCE_LAST
 2DIAGNOSTIC,     1, -5.762654422199e-01, 1.797693134862e+308, 1.5625e+01, 2.8497e+00, 
 2DIAGNOSTIC,     2, -5.767217320616e-01, 1.797693134862e+308, 1.7343e+01, 1.7175e+00, 
 2DIAGNOSTIC,     3, -5.772875333998e-01, 1.797693134862e+308, 1.8987e+01, 1.6444e+00, 
 2DIAGNOSTIC,     4, -5.779110547195e-01, 1.797693134862e+308, 2.0728e+01, 1.7408e+00, 
 2DIAGNOSTIC,     5, -5.794887193669e-01, 1.797693134862e+308, 2.4762e+01, 4.0340e+00, 
 2DIAGNOSTIC,     6, -5.794888094364e-01, 1.797693134862e+308, 2.6620e+01, 1.8579e+00, 
 2DIAGNOSTIC,     7, -5.794887548572e-01, 1.797693134862e+308, 2.8559e+01, 1.9389e+00, 
 2DIAGNOSTIC,     8, -5.794886567294e-01, 1.797693134862e+308, 3.0478e+01, 1.9197e+00, 
 2DIAGNOSTIC,     9, -5.794883846849e-01, 1.797693134862e+308, 3.1987e+01, 1.5086e+00, 
 2DIAGNOSTIC,    10, -5.794881323049e-01, 3.923529420451e-04, 3.3739e+01, 1.7522e+00, 
 2DIAGNOSTIC,    11, -5.794880131294e-01, 2.617266130524e-04, 3.5474e+01, 1.7344e+00, 
 2DIAGNOSTIC,    12, -5.794878902799e-01, 1.490639880472e-04, 3.7190e+01, 1.7162e+00, 
 2DIAGNOSTIC,    13, -5.794877641825e-01, 6.195065798911e-05, 3.8885e+01, 1.6953e+00, 
 2DIAGNOSTIC,    14, -5.794875044764e-01, 2.166944941373e-06, 4.0720e+01, 1.8344e+00, 
 2DIAGNOSTIC,    15, -5.794875345421e-01, 2.016846211247e-06, 4.2439e+01, 1.7198e+00, 
 2DIAGNOSTIC,    16, -5.794875705365e-01, 1.898930936148e-06, 4.4208e+01, 1.7683e+00, 
 2DIAGNOSTIC,    17, -5.794872933309e-01, 1.793536527600e-06, 4.5869e+01, 1.6612e+00, 
 2DIAGNOSTIC,    18, -5.794871824283e-01, 1.701921304990e-06, 4.7550e+01, 1.6810e+00, 
 2DIAGNOSTIC,    19, -5.794870668726e-01, 1.616379648101e-06, 4.9237e+01, 1.6874e+00, 
 2DIAGNOSTIC,    20, -5.794868078442e-01, 1.532301929827e-06, 5.1014e+01, 1.7769e+00, 
 2DIAGNOSTIC,    21, -5.794868570716e-01, 1.460202513355e-06, 5.2590e+01, 1.5757e+00, 
 2DIAGNOSTIC,    22, -5.794866398036e-01, 1.392271033900e-06, 5.4094e+01, 1.5044e+00, 
 2DIAGNOSTIC,    23, -5.794867804368e-01, 1.335988295541e-06, 5.5968e+01, 1.8737e+00, 
 2DIAGNOSTIC,    24, -5.794867066291e-01, 1.281931949836e-06, 5.7654e+01, 1.6862e+00, 
 2DIAGNOSTIC,    25, -5.794867628158e-01, 1.238040784571e-06, 5.9484e+01, 1.8297e+00, 
 2DIAGNOSTIC,    26, -5.794866925472e-01, 1.200296492407e-06, 6.1222e+01, 1.7378e+00, 
 2DIAGNOSTIC,    27, -5.794865269496e-01, 1.159593928428e-06, 6.3134e+01, 1.9127e+00, 
 2DIAGNOSTIC,    28, -5.794865111819e-01, 1.121478581216e-06, 6.4995e+01, 1.8607e+00, 
 2DIAGNOSTIC,    29, -5.794863449114e-01, 1.082705637076e-06, 6.7067e+01, 2.0719e+00, 
 2DIAGNOSTIC,    30, -5.794862277623e-01, 1.041762869636e-06, 6.8826e+01, 1.7590e+00, 
 2DIAGNOSTIC,    31, -5.794861066425e-01, 1.004287871413e-06, 7.0355e+01, 1.5294e+00, 
  Elapsed time (stage 0): 7.1318e+01


Total elapsed time: 7.1321e+01
Info [verificarlo]: loaded backend libinterflop_ieee.so
Info [interflop-ieee]: load backend with:
Info [interflop-ieee]: debug = false
Info [interflop-ieee]: debug-binary = false
Info [interflop-ieee]: no-backend-name = false
Info [interflop-ieee]: print-new-line = false
Info [interflop-ieee]: print-subnormal-normalized = false
Info [interflop-ieee]: count-op = false
All_Command_lines_OK
Using double precision for computations.
=============================================================================
The composite transform comprises the following transforms (in order): 
  1. /home/mdugre/scratch/mri-registration-rp/datasets/ds004513/derivatives/mri-registration-rp/0100/antsRegistration-r8-p7/sub-s025/affine_Composite.h5[0] (type = Euler3DTransform)
  2. /home/mdugre/scratch/mri-registration-rp/datasets/ds004513/derivatives/mri-registration-rp/0100/antsRegistration-r8-p7/sub-s025/affine_Composite.h5[1] (type = Euler3DTransform)
  3. /home/mdugre/scratch/mri-registration-rp/datasets/ds004513/derivatives/mri-registration-rp/0100/antsRegistration-r8-p7/sub-s025/affine_Composite.h5[2] (type = Euler3DTransform)
  4. /home/mdugre/scratch/mri-registration-rp/datasets/ds004513/derivatives/mri-registration-rp/0100/antsRegistration-r8-p7/sub-s025/affine_Composite.h5[3] (type = AffineTransform)
=============================================================================
  number of levels = 4
  fixed image: /templateflow/tpl-MNI152NLin2009cAsym/tpl-MNI152NLin2009cAsym_res-01_desc-brain_T1w.nii.gz
  moving image: /home/mdugre/scratch/mri-registration-rp/datasets/ds004513/derivatives/mri-registration-rp/antsBrainExtraction/sub-s025/BrainExtractionBrain.nii.gz
Dimension = 3
Number of stages = 1
Use histogram matching = false
Winsorize image intensities = true
  Lower quantile = 0.005
  Upper quantile = 0.995


Stage 1 State
   Image metric = CC
     Fixed image = Image (0x3ea3a40)
  RTTI typeinfo:   itk::Image<double, 3u>
  Reference Count: 2
  Modified Time: 1608
  Debug: Off
  Object Name: 
  Observers: 
    none
  Source: (none)
  Source output name: (none)
  Release Data: Off
  Data Released: False
  Global Release Data: Off
  PipelineMTime: 0
  UpdateMTime: 1217
  RealTimeStamp: 0 seconds 
  LargestPossibleRegion: 
    Dimension: 3
    Index: [0, 0, 0]
    Size: [193, 229, 193]
  BufferedRegion: 
    Dimension: 3
    Index: [0, 0, 0]
    Size: [193, 229, 193]
  RequestedRegion: 
    Dimension: 3
    Index: [0, 0, 0]
    Size: [193, 229, 193]
  Spacing: [1, 1, 1]
  Origin: [96, 132, -78]
  Direction: 
-1 0 0
0 -1 0
0 0 1

  IndexToPointMatrix: 
-1 0 0
0 -1 0
0 0 1

  PointToIndexMatrix: 
-1 0 0
0 -1 0
0 0 1

  Inverse Direction: 
-1 0 0
0 -1 0
0 0 1

  PixelContainer: 
    ImportImageContainer (0x3f71c30)
      RTTI typeinfo:   itk::ImportImageContainer<unsigned long, double>
      Reference Count: 1
      Modified Time: 1214
      Debug: Off
      Object Name: 
      Observers: 
        none
      Pointer: 0x14cfe91e7010
      Container manages memory: true
      Size: 8530021
      Capacity: 8530021

     Moving image = Image (0x3f7ab70)
  RTTI typeinfo:   itk::Image<double, 3u>
  Reference Count: 2
  Modified Time: 1609
  Debug: Off
  Object Name: 
  Observers: 
    none
  Source: (none)
  Source output name: (none)
  Release Data: Off
  Data Released: False
  Global Release Data: Off
  PipelineMTime: 0
  UpdateMTime: 1606
  RealTimeStamp: 0 seconds 
  LargestPossibleRegion: 
    Dimension: 3
    Index: [0, 0, 0]
    Size: [176, 240, 256]
  BufferedRegion: 
    Dimension: 3
    Index: [0, 0, 0]
    Size: [176, 240, 256]
  RequestedRegion: 
    Dimension: 3
    Index: [0, 0, 0]
    Size: [176, 240, 256]
  Spacing: [0.999999, 1, 1]
  Origin: [90.3778, 84.5091, -154.071]
  Direction: 
-0.999391 7.48184e-06 -0.0348969
-7.47664e-06 -1 -2.7953e-07
-0.0348969 -1.84481e-08 0.999391

  IndexToPointMatrix: 
-0.99939 7.48184e-06 -0.0348969
-7.47663e-06 -1 -2.7953e-07
-0.0348968 -1.84481e-08 0.999391

  PointToIndexMatrix: 
-0.999392 -7.47665e-06 -0.0348969
7.48184e-06 -1 -1.84481e-08
-0.0348969 -2.7953e-07 0.999391

  Inverse Direction: 
-0.999391 -7.47664e-06 -0.0348969
7.48184e-06 -1 -1.84481e-08
-0.0348969 -2.7953e-07 0.999391

  PixelContainer: 
    ImportImageContainer (0x3f9b5d0)
      RTTI typeinfo:   itk::ImportImageContainer<unsigned long, double>
      Reference Count: 1
      Modified Time: 1603
      Debug: Off
      Object Name: 
      Observers: 
        none
      Pointer: 0x14cfe3f66010
      Container manages memory: true
      Size: 10813440
      Capacity: 10813440

     Weighting = 1
     Sampling strategy = none
     Number of bins = 32
     Radius = 4
     Sampling percentage  = 1
   Transform = SyN
     Gradient step = 0.1
     Update field sigma (voxel space) = 3
