
##########################
# Experiment information #
##########################

EXPERIMENT_NAME: antsRegistration-r7-p20
VFC_BACKENDS: libinterflop_vprec.so --range-binary32=7 --precision-binary32=20 --range-binary64=7 --precision-binary64=20

SIF_IMG: /home/mdugre/projects/rrg-glatard/mdugre/containers/ants-vprec-no_metrics.simg

SUBJECT_ID: s017
INPUT_IMG: /home/mdugre/scratch/mri-registration-rp/datasets/ds004513/derivatives/mri-registration-rp/antsBrainExtraction/sub-s017/BrainExtractionBrain.nii.gz
OUTPUT_DIR: /home/mdugre/scratch/mri-registration-rp/datasets/ds004513/derivatives/mri-registration-rp/0100/antsRegistration-r7-p20/sub-s017

FIXED_IMG: /templateflow/tpl-MNI152NLin2009cAsym/tpl-MNI152NLin2009cAsym_res-01_desc-brain_T1w.nii.gz
DATA_DIR: /home/mdugre/scratch/mri-registration-rp/datasets/ds004513
TEMPLATEFLOW_DIR: /home/mdugre/projects/rrg-glatard/mdugre/templateflow
ITK_GLOBAL_DEFAULT_NUMBER_OF_THREADS: 16
##########################

Info [verificarlo]: loaded backend libinterflop_ieee.so
Info [interflop-ieee]: load backend with:
Info [interflop-ieee]: debug = false
Info [interflop-ieee]: debug-binary = false
Info [interflop-ieee]: no-backend-name = false
Info [interflop-ieee]: print-new-line = false
Info [interflop-ieee]: print-subnormal-normalized = false
Info [interflop-ieee]: count-op = false
All_Command_lines_OK
Using double precision for computations.
=============================================================================
The composite transform comprises the following transforms (in order): 
  1. Center of mass alignment using fixed image: /templateflow/tpl-MNI152NLin2009cAsym/tpl-MNI152NLin2009cAsym_res-01_desc-brain_T1w.nii.gz and moving image: /home/mdugre/scratch/mri-registration-rp/datasets/ds004513/derivatives/mri-registration-rp/antsBrainExtraction/sub-s017/BrainExtractionBrain.nii.gz (type = Euler3DTransform)
=============================================================================
  number of levels = 1
  fixed image: /templateflow/tpl-MNI152NLin2009cAsym/tpl-MNI152NLin2009cAsym_res-01_desc-brain_T1w.nii.gz
  moving image: /home/mdugre/scratch/mri-registration-rp/datasets/ds004513/derivatives/mri-registration-rp/antsBrainExtraction/sub-s017/BrainExtractionBrain.nii.gz
Dimension = 3
Number of stages = 1
Use histogram matching = false
Winsorize image intensities = true
  Lower quantile = 0.005
  Upper quantile = 0.995


Stage 1 State
   Image metric = MattesMI
     Fixed image = Image (0x390ae70)
  RTTI typeinfo:   itk::Image<double, 3u>
  Reference Count: 2
  Modified Time: 2334
  Debug: Off
  Object Name: 
  Observers: 
    none
  Source: (none)
  Source output name: (none)
  Release Data: Off
  Data Released: False
  Global Release Data: Off
  PipelineMTime: 0
  UpdateMTime: 1943
  RealTimeStamp: 0 seconds 
  LargestPossibleRegion: 
    Dimension: 3
    Index: [0, 0, 0]
    Size: [193, 229, 193]
  BufferedRegion: 
    Dimension: 3
    Index: [0, 0, 0]
    Size: [193, 229, 193]
  RequestedRegion: 
    Dimension: 3
    Index: [0, 0, 0]
    Size: [193, 229, 193]
  Spacing: [1, 1, 1]
  Origin: [96, 132, -78]
  Direction: 
-1 0 0
0 -1 0
0 0 1

  IndexToPointMatrix: 
-1 0 0
0 -1 0
0 0 1

  PointToIndexMatrix: 
-1 0 0
0 -1 0
0 0 1

  Inverse Direction: 
-1 0 0
0 -1 0
0 0 1

  PixelContainer: 
    ImportImageContainer (0x3913c60)
      RTTI typeinfo:   itk::ImportImageContainer<unsigned long, double>
      Reference Count: 1
      Modified Time: 1940
      Debug: Off
      Object Name: 
      Observers: 
        none
      Pointer: 0x15326d477010
      Container manages memory: true
      Size: 8530021
      Capacity: 8530021

     Moving image = Image (0x3916610)
  RTTI typeinfo:   itk::Image<double, 3u>
  Reference Count: 2
  Modified Time: 2335
  Debug: Off
  Object Name: 
  Observers: 
    none
  Source: (none)
  Source output name: (none)
  Release Data: Off
  Data Released: False
  Global Release Data: Off
  PipelineMTime: 0
  UpdateMTime: 2332
  RealTimeStamp: 0 seconds 
  LargestPossibleRegion: 
    Dimension: 3
    Index: [0, 0, 0]
    Size: [160, 240, 256]
  BufferedRegion: 
    Dimension: 3
    Index: [0, 0, 0]
    Size: [160, 240, 256]
  RequestedRegion: 
    Dimension: 3
    Index: [0, 0, 0]
    Size: [160, 240, 256]
  Spacing: [1, 1, 1]
  Origin: [91.3357, 102.231, -120.042]
  Direction: 
-0.997442 -5.36781e-05 -0.0714818
5.35416e-05 -1 3.82465e-06
-0.0714818 -1.23894e-08 0.997442

  IndexToPointMatrix: 
-0.997444 -5.36781e-05 -0.0714818
5.35418e-05 -1 3.82465e-06
-0.0714819 -1.23894e-08 0.997442

  PointToIndexMatrix: 
-0.99744 5.35415e-05 -0.0714816
-5.36781e-05 -1 -1.23894e-08
-0.0714818 3.82465e-06 0.997442

  Inverse Direction: 
-0.997442 5.35416e-05 -0.0714818
-5.36781e-05 -1 -1.23894e-08
-0.0714818 3.82465e-06 0.997442

  PixelContainer: 
    ImportImageContainer (0x39afef0)
      RTTI typeinfo:   itk::ImportImageContainer<unsigned long, double>
      Reference Count: 1
      Modified Time: 2329
      Debug: Off
      Object Name: 
      Observers: 
        none
      Pointer: 0x153268976010
      Container manages memory: true
      Size: 9830400
      Capacity: 9830400

     Weighting = 1
     Sampling strategy = regular
     Number of bins = 32
     Radius = 4
     Sampling percentage  = 0.25
   Transform = Rigid
     Gradient step = 0.1
     Update field sigma (voxel space) = 0
     Total field sigma (voxel space) = 0
     Update field time sigma = 0
     Total field time sigma  = 0
     Number of time indices = 0
     Number of time point samples = 0
Registration using 1 total stages.

Stage 0
  iterations = 0
  convergence threshold = 1e-06
  convergence window size = 10
  number of levels = 1
  using the Mattes MI metric (number of bins = 32, weight = 1, use gradient filter = 0)
  preprocessing:  winsorizing the image intensities
  Shrink factors (level 1 out of 1): [1, 1, 1]
  smoothing sigmas per level: [0]
  regular sampling (percentage = 0.25)

*** Running Euler3DTransform registration ***

  Elapsed time (stage 0): 1.08943


Total elapsed time: 1.09147
Info [verificarlo]: loaded backend libinterflop_vprec.so
Info [interflop-vprec]: load backend with: 
Info [interflop-vprec]: precision-binary32 = 20
Info [interflop-vprec]: range-binary32 = 7
Info [interflop-vprec]: precision-binary64 = 20
Info [interflop-vprec]: range-binary64 = 7
Info [interflop-vprec]: mode = ob
Info [interflop-vprec]: error-mode = rel
Info [interflop-vprec]: max-abs-error-exponent = -1022
Info [interflop-vprec]: daz = false
Info [interflop-vprec]: ftz = false
Info [interflop-vprec]: 	instrument = none
Info [interflop-vprec]: 	prec-input-file = (null)
Info [interflop-vprec]: 	prec-output-file = (null)
Info [interflop-vprec]: 	prec-log-file = (null)
All_Command_lines_OK
Using double precision for computations.
=============================================================================
The composite transform comprises the following transforms (in order): 
  1. /home/mdugre/scratch/mri-registration-rp/datasets/ds004513/derivatives/mri-registration-rp/0100/antsRegistration-r7-p20/sub-s017/align_Composite.h5[0] (type = Euler3DTransform)
  2. /home/mdugre/scratch/mri-registration-rp/datasets/ds004513/derivatives/mri-registration-rp/0100/antsRegistration-r7-p20/sub-s017/align_Composite.h5[1] (type = Euler3DTransform)
=============================================================================
  number of levels = 4
  fixed image: /templateflow/tpl-MNI152NLin2009cAsym/tpl-MNI152NLin2009cAsym_res-01_desc-brain_T1w.nii.gz
  moving image: /home/mdugre/scratch/mri-registration-rp/datasets/ds004513/derivatives/mri-registration-rp/antsBrainExtraction/sub-s017/BrainExtractionBrain.nii.gz
Dimension = 3
Number of stages = 1
Use histogram matching = false
Winsorize image intensities = true
  Lower quantile = 0.005
  Upper quantile = 0.995


Stage 1 State
   Image metric = MattesMI
     Fixed image = Image (0x4e5b1e0)
  RTTI typeinfo:   itk::Image<double, 3u>
  Reference Count: 2
  Modified Time: 1580
  Debug: Off
  Object Name: 
  Observers: 
    none
  Source: (none)
  Source output name: (none)
  Release Data: Off
  Data Released: False
  Global Release Data: Off
  PipelineMTime: 0
  UpdateMTime: 1189
  RealTimeStamp: 0 seconds 
  LargestPossibleRegion: 
    Dimension: 3
    Index: [0, 0, 0]
    Size: [193, 229, 193]
  BufferedRegion: 
    Dimension: 3
    Index: [0, 0, 0]
    Size: [193, 229, 193]
  RequestedRegion: 
    Dimension: 3
    Index: [0, 0, 0]
    Size: [193, 229, 193]
  Spacing: [1, 1, 1]
  Origin: [96, 132, -78]
  Direction: 
-1 0 0
0 -1 0
0 0 1

  IndexToPointMatrix: 
-1 0 0
0 -1 0
0 0 1

  PointToIndexMatrix: 
-1 0 0
0 -1 0
0 0 1

  Inverse Direction: 
-1 0 0
0 -1 0
0 0 1

  PixelContainer: 
    ImportImageContainer (0x4f1a680)
      RTTI typeinfo:   itk::ImportImageContainer<unsigned long, double>
      Reference Count: 1
      Modified Time: 1186
      Debug: Off
      Object Name: 
      Observers: 
        none
      Pointer: 0x1466154d0010
      Container manages memory: true
      Size: 8530021
      Capacity: 8530021

     Moving image = Image (0x4f16b20)
  RTTI typeinfo:   itk::Image<double, 3u>
  Reference Count: 2
  Modified Time: 1581
  Debug: Off
  Object Name: 
  Observers: 
    none
  Source: (none)
  Source output name: (none)
  Release Data: Off
  Data Released: False
  Global Release Data: Off
  PipelineMTime: 0
  UpdateMTime: 1578
  RealTimeStamp: 0 seconds 
  LargestPossibleRegion: 
    Dimension: 3
    Index: [0, 0, 0]
    Size: [160, 240, 256]
  BufferedRegion: 
    Dimension: 3
    Index: [0, 0, 0]
    Size: [160, 240, 256]
  RequestedRegion: 
    Dimension: 3
    Index: [0, 0, 0]
    Size: [160, 240, 256]
  Spacing: [1, 1, 1]
  Origin: [91.3357, 102.231, -120.042]
  Direction: 
-0.997442 -5.36781e-05 -0.0714818
5.35416e-05 -1 3.82465e-06
-0.0714818 -1.23894e-08 0.997442

  IndexToPointMatrix: 
-0.997444 -5.36781e-05 -0.0714818
5.35418e-05 -1 3.82465e-06
-0.0714819 -1.23894e-08 0.997442

  PointToIndexMatrix: 
-0.99744 5.35415e-05 -0.0714816
-5.36781e-05 -1 -1.2391e-08
-0.0714818 3.82464e-06 0.997442

  Inverse Direction: 
-0.997443 5.35418e-05 -0.0714819
-5.3678e-05 -1 -1.39698e-08
-0.0714818 3.82215e-06 0.997442

  PixelContainer: 
    ImportImageContainer (0x4f7fd50)
      RTTI typeinfo:   itk::ImportImageContainer<unsigned long, double>
      Reference Count: 1
      Modified Time: 1575
      Debug: Off
      Object Name: 
      Observers: 
        none
      Pointer: 0x1466109cf010
      Container manages memory: true
      Size: 9830400
      Capacity: 9830400

     Weighting = 1
     Sampling strategy = regular
     Number of bins = 32
     Radius = 4
     Sampling percentage  = 0.25
   Transform = Rigid
     Gradient step = 0.1
     Update field sigma (voxel space) = 0
     Total field sigma (voxel space) = 0
     Update field time sigma = 0
     Total field time sigma  = 0
     Number of time indices = 0
     Number of time point samples = 0
Registration using 1 total stages.

Stage 0
  iterations = 1000x500x250x100
  convergence threshold = 1e-06
  convergence window size = 10
  number of levels = 4
  using the Mattes MI metric (number of bins = 32, weight = 1, use gradient filter = 0)
  preprocessing:  winsorizing the image intensities
  Shrink factors (level 1 out of 4): [8, 8, 8]
  Shrink factors (level 2 out of 4): [4, 4, 4]
  Shrink factors (level 3 out of 4): [2, 2, 2]
  Shrink factors (level 4 out of 4): [1, 1, 1]
  smoothing sigmas per level: [3, 2, 1, 0]
  regular sampling (percentage = 0.25)

*** Running Euler3DTransform registration ***

DIAGNOSTIC,Iteration,metricValue,convergenceValue,ITERATION_TIME_INDEX,SINCE_LAST
 2DIAGNOSTIC,     1, -5.567752917889e-01, 1.797693134862e+308, 0.0000e+00, 0.0000e+00, 
 2DIAGNOSTIC,     2, -5.584203878519e-01, 1.797693134862e+308, 0.0000e+00, 0.0000e+00, 
 2DIAGNOSTIC,     3, -5.612653381202e-01, 1.797693134862e+308, 0.0000e+00, 0.0000e+00, 
 2DIAGNOSTIC,     4, -5.637729519038e-01, 1.797693134862e+308, 0.0000e+00, 0.0000e+00, 
 2DIAGNOSTIC,     5, -5.658174361216e-01, 1.797693134862e+308, 0.0000e+00, 0.0000e+00, 
 2DIAGNOSTIC,     6, -5.696355155301e-01, 1.797693134862e+308, 0.0000e+00, 0.0000e+00, 
 2DIAGNOSTIC,     7, -5.734129730421e-01, 1.797693134862e+308, 0.0000e+00, 0.0000e+00, 
 2DIAGNOSTIC,     8, -5.755064673228e-01, 1.797693134862e+308, 0.0000e+00, 0.0000e+00, 
 2DIAGNOSTIC,     9, -5.762376586792e-01, 1.797693134862e+308, 0.0000e+00, 0.0000e+00, 
 2DIAGNOSTIC,    10, -5.763322894735e-01, 2.518919004480e-03, 0.0000e+00, 0.0000e+00, 
 2DIAGNOSTIC,    11, -5.786228302482e-01, 2.150172060705e-03, 0.0000e+00, 0.0000e+00, 
 2DIAGNOSTIC,    12, -5.791111616052e-01, 1.733703200243e-03, 0.0000e+00, 0.0000e+00, 
 2DIAGNOSTIC,    13, -5.802737142615e-01, 1.378760908478e-03, 0.0000e+00, 0.0000e+00, 
 2DIAGNOSTIC,    14, -5.803840842135e-01, 1.044899603495e-03, 0.0000e+00, 0.0000e+00, 
 2DIAGNOSTIC,    15, -5.808179257697e-01, 7.424469173671e-04, 0.0000e+00, 0.0000e+00, 
 2DIAGNOSTIC,    16, -5.814162204832e-01, 5.443450137638e-04, 0.0000e+00, 0.0000e+00, 
 2DIAGNOSTIC,    17, -5.832207804068e-01, 4.804547395612e-04, 0.0000e+00, 0.0000e+00, 
 2DIAGNOSTIC,    18, -5.844618443320e-01, 4.702078791008e-04, 0.0000e+00, 0.0000e+00, 
 2DIAGNOSTIC,    19, -5.849013832623e-01, 4.487222786417e-04, 0.0000e+00, 0.0000e+00, 
 2DIAGNOSTIC,    20, -5.854733814652e-01, 4.039129893231e-04, 0.0000e+00, 0.0000e+00, 
 2DIAGNOSTIC,    21, -5.858444495637e-01, 3.884270728175e-04, 0.0000e+00, 0.0000e+00, 
 2DIAGNOSTIC,    22, -5.861727102170e-01, 3.552716032124e-04, 0.0000e+00, 0.0000e+00, 
 2DIAGNOSTIC,    23, -5.867197514020e-01, 3.283357151447e-04, 0.0000e+00, 0.0000e+00, 
 2DIAGNOSTIC,    24, -5.878335334766e-01, 2.982603386771e-04, 0.0000e+00, 0.0000e+00, 
 2DIAGNOSTIC,    25, -5.880126712297e-01, 2.546925397390e-04, 0.0000e+00, 0.0000e+00, 
 2DIAGNOSTIC,    26, -5.879202706113e-01, 1.998780703101e-04, 0.0000e+00, 0.0000e+00, 
 2DIAGNOSTIC,    27, -5.879807324670e-01, 1.643323653475e-04, 0.0000e+00, 0.0000e+00, 
 2DIAGNOSTIC,    28, -5.880477200812e-01, 1.386960824733e-04, 0.0000e+00, 0.0000e+00, 
 2DIAGNOSTIC,    29, -5.881383660352e-01, 1.103308546003e-04, 0.0000e+00, 0.0000e+00, 
 2DIAGNOSTIC,    30, -5.889317862135e-01, 9.581178267958e-05, 0.0000e+00, 0.0000e+00, 
 2DIAGNOSTIC,    31, -5.901482129203e-01, 9.832457801372e-05, 0.0000e+00, 0.0000e+00, 
 2DIAGNOSTIC,    32, -5.905823570576e-01, 1.027739930018e-04, 0.0000e+00, 0.0000e+00, 
 2DIAGNOSTIC,    33, -5.906204206388e-01, 1.057241670591e-04, 0.0000e+00, 0.0000e+00, 
 2DIAGNOSTIC,    34, -5.905391864615e-01, 1.136313154969e-04, 0.0000e+00, 0.0000e+00, 
 2DIAGNOSTIC,    35, -5.906346599335e-01, 1.141614453058e-04, 0.0000e+00, 0.0000e+00, 
 2DIAGNOSTIC,    36, -5.907506873991e-01, 1.038425598933e-04, 0.0000e+00, 0.0000e+00, 
 2DIAGNOSTIC,    37, -5.911442733426e-01, 9.025121413563e-05, 0.0000e+00, 0.0000e+00, 
 2DIAGNOSTIC,    38, -5.912645252617e-01, 7.149902059601e-05, 0.0000e+00, 0.0000e+00, 
 2DIAGNOSTIC,    39, -5.912694194764e-01, 4.822885837234e-05, 0.0000e+00, 0.0000e+00, 
 2DIAGNOSTIC,    40, -5.912729036388e-01, 3.106968304061e-05, 0.0000e+00, 0.0000e+00, 
 2DIAGNOSTIC,    41, -5.912771970866e-01, 2.622691957200e-05, 0.0000e+00, 0.0000e+00, 
 2DIAGNOSTIC,    42, -5.912793343310e-01, 2.416552858918e-05, 0.0000e+00, 0.0000e+00, 
 2DIAGNOSTIC,    43, -5.913700552828e-01, 2.144922804858e-05, 0.0000e+00, 0.0000e+00, 
 2DIAGNOSTIC,    44, -5.914455047940e-01, 1.683862426348e-05, 0.0000e+00, 0.0000e+00, 
 2DIAGNOSTIC,    45, -5.914590298121e-01, 1.210125920982e-05, 0.0000e+00, 0.0000e+00, 
 2DIAGNOSTIC,    46, -5.915039121475e-01, 8.105224294657e-06, 0.0000e+00, 0.0000e+00, 
 2DIAGNOSTIC,    47, -5.915240825767e-01, 7.824189026156e-06, 0.0000e+00, 0.0000e+00, 
 2DIAGNOSTIC,    48, -5.915339516606e-01, 8.174913131310e-06, 0.0000e+00, 0.0000e+00, 
 2DIAGNOSTIC,    49, -5.915986092576e-01, 8.473655862064e-06, 0.0000e+00, 0.0000e+00, 
 2DIAGNOSTIC,    50, -5.916468910248e-01, 8.508390196709e-06, 0.0000e+00, 0.0000e+00, 
 2DIAGNOSTIC,    51, -5.916567596159e-01, 7.931911187916e-06, 0.0000e+00, 0.0000e+00, 
 2DIAGNOSTIC,    52, -5.916602256230e-01, 6.723947913720e-06, 0.0000e+00, 0.0000e+00, 
 2DIAGNOSTIC,    53, -5.916653462684e-01, 5.847302878739e-06, 0.0000e+00, 0.0000e+00, 
 2DIAGNOSTIC,    54, -5.916694871309e-01, 5.210407378858e-06, 0.0000e+00, 0.0000e+00, 
 2DIAGNOSTIC,    55, -5.916748964427e-01, 4.303820578162e-06, 0.0000e+00, 0.0000e+00, 
 2DIAGNOSTIC,    56, -5.916859759226e-01, 3.560426952251e-06, 0.0000e+00, 0.0000e+00, 
 2DIAGNOSTIC,    57, -5.916924019574e-01, 2.791719770030e-06, 0.0000e+00, 0.0000e+00, 
 2DIAGNOSTIC,    58, -5.916998934161e-01, 1.971254511009e-06, 0.0000e+00, 0.0000e+00, 
 2DIAGNOSTIC,    59, -5.917351829893e-01, 1.855132237858e-06, 0.0000e+00, 0.0000e+00, 
 2DIAGNOSTIC,    60, -5.917475314531e-01, 2.098667242226e-06, 0.0000e+00, 0.0000e+00, 
 2DIAGNOSTIC,    61, -5.917473782540e-01, 2.261104584882e-06, 0.0000e+00, 0.0000e+00, 
 2DIAGNOSTIC,    62, -5.917472941067e-01, 2.282137249985e-06, 0.0000e+00, 0.0000e+00, 
 2DIAGNOSTIC,    63, -5.917473487470e-01, 2.172996978876e-06, 0.0000e+00, 0.0000e+00, 
 2DIAGNOSTIC,    64, -5.917479876749e-01, 1.939001474542e-06, 0.0000e+00, 0.0000e+00, 
 2DIAGNOSTIC,    65, -5.917477708301e-01, 1.609135028668e-06, 0.0000e+00, 0.0000e+00, 
 2DIAGNOSTIC,    66, -5.917475279914e-01, 1.264999529023e-06, 0.0000e+00, 0.0000e+00, 
DIAGNOSTIC,Iteration,metricValue,convergenceValue,ITERATION_TIME_INDEX,SINCE_LAST
 2DIAGNOSTIC,     1, -4.784369509866e-01, 1.797693134862e+308, 0.0000e+00, 0.0000e+00, 
 2DIAGNOSTIC,     2, -4.785353563495e-01, 1.797693134862e+308, 0.0000e+00, 0.0000e+00, 
 2DIAGNOSTIC,     3, -4.787347445359e-01, 1.797693134862e+308, 0.0000e+00, 0.0000e+00, 
 2DIAGNOSTIC,     4, -4.789073983135e-01, 1.797693134862e+308, 0.0000e+00, 0.0000e+00, 
 2DIAGNOSTIC,     5, -4.794925755282e-01, 1.797693134862e+308, 0.0000e+00, 0.0000e+00, 
 2DIAGNOSTIC,     6, -4.814546466056e-01, 1.797693134862e+308, 0.0000e+00, 0.0000e+00, 
 2DIAGNOSTIC,     7, -4.820681971298e-01, 1.797693134862e+308, 0.0000e+00, 0.0000e+00, 
 2DIAGNOSTIC,     8, -4.820955905487e-01, 1.797693134862e+308, 0.0000e+00, 0.0000e+00, 
 2DIAGNOSTIC,     9, -4.822279563518e-01, 1.797693134862e+308, 0.0000e+00, 0.0000e+00, 
 2DIAGNOSTIC,    10, -4.823994173557e-01, 6.744835800346e-04, 0.0000e+00, 0.0000e+00, 
 2DIAGNOSTIC,    11, -4.826024165181e-01, 5.897312375128e-04, 0.0000e+00, 0.0000e+00, 
 2DIAGNOSTIC,    12, -4.826791646626e-01, 4.745144258229e-04, 0.0000e+00, 0.0000e+00, 
 2DIAGNOSTIC,    13, -4.826708567192e-01, 3.447223938053e-04, 0.0000e+00, 0.0000e+00, 
 2DIAGNOSTIC,    14, -4.826895189805e-01, 2.113022741441e-04, 0.0000e+00, 0.0000e+00, 
 2DIAGNOSTIC,    15, -4.827233906648e-01, 9.897861662067e-05, 0.0000e+00, 0.0000e+00, 
 2DIAGNOSTIC,    16, -4.827515521528e-01, 6.456301190830e-05, 0.0000e+00, 0.0000e+00, 
 2DIAGNOSTIC,    17, -4.828128698251e-01, 5.193879125404e-05, 0.0000e+00, 0.0000e+00, 
 2DIAGNOSTIC,    18, -4.828723691910e-01, 3.896301975690e-05, 0.0000e+00, 0.0000e+00, 
 2DIAGNOSTIC,    19, -4.829438324190e-01, 3.017639216138e-05, 0.0000e+00, 0.0000e+00, 
 2DIAGNOSTIC,    20, -4.829940160797e-01, 2.598278171388e-05, 0.0000e+00, 0.0000e+00, 
 2DIAGNOSTIC,    21, -4.830408170491e-01, 2.686828766081e-05, 0.0000e+00, 0.0000e+00, 
 2DIAGNOSTIC,    22, -4.830866615656e-01, 2.859614239208e-05, 0.0000e+00, 0.0000e+00, 
 2DIAGNOSTIC,    23, -4.832213085206e-01, 3.084536747941e-05, 0.0000e+00, 0.0000e+00, 
 2DIAGNOSTIC,    24, -4.831774052840e-01, 2.943236956215e-05, 0.0000e+00, 0.0000e+00, 
 2DIAGNOSTIC,    25, -4.831937209363e-01, 2.675422554167e-05, 0.0000e+00, 0.0000e+00, 
 2DIAGNOSTIC,    26, -4.831864332864e-01, 2.236392391847e-05, 0.0000e+00, 0.0000e+00, 
 2DIAGNOSTIC,    27, -4.831859295184e-01, 1.759777051251e-05, 0.0000e+00, 0.0000e+00, 
 2DIAGNOSTIC,    28, -4.832028050046e-01, 1.317448149427e-05, 0.0000e+00, 0.0000e+00, 
 2DIAGNOSTIC,    29, -4.832552482724e-01, 1.042775319366e-05, 0.0000e+00, 0.0000e+00, 
 2DIAGNOSTIC,    30, -4.832589421512e-01, 8.041671541857e-06, 0.0000e+00, 0.0000e+00, 
 2DIAGNOSTIC,    31, -4.832348576617e-01, 5.589979479935e-06, 0.0000e+00, 0.0000e+00, 
 2DIAGNOSTIC,    32, -4.832295940849e-01, 3.559865080917e-06, 0.0000e+00, 0.0000e+00, 
 2DIAGNOSTIC,    33, -4.832308243620e-01, 3.850501637856e-06, 0.0000e+00, 0.0000e+00, 
 2DIAGNOSTIC,    34, -4.832252370880e-01, 2.957395185816e-06, 0.0000e+00, 0.0000e+00, 
 2DIAGNOSTIC,    35, -4.832441319554e-01, 2.523041653310e-06, 0.0000e+00, 0.0000e+00, 
 2DIAGNOSTIC,    36, -4.832381451476e-01, 1.756967906216e-06, 0.0000e+00, 0.0000e+00, 
 2DIAGNOSTIC,    37, -4.832500217311e-01, 1.141548665810e-06, 0.0000e+00, 0.0000e+00, 
 2DIAGNOSTIC,    38, -4.832716709279e-01, 1.099208805592e-06, 0.0000e+00, 0.0000e+00, 
 2DIAGNOSTIC,    39, -4.832680635399e-01, 1.756319320919e-06, 0.0000e+00, 0.0000e+00, 
 2DIAGNOSTIC,    40, -4.832623938570e-01, 2.275556272895e-06, 0.0000e+00, 0.0000e+00, 
 2DIAGNOSTIC,    41, -4.832483112068e-01, 2.087533173923e-06, 0.0000e+00, 0.0000e+00, 
 2DIAGNOSTIC,    42, -4.832895475240e-01, 2.291014987981e-06, 0.0000e+00, 0.0000e+00, 
 2DIAGNOSTIC,    43, -4.832778572865e-01, 2.174151784325e-06, 0.0000e+00, 0.0000e+00, 
 2DIAGNOSTIC,    44, -4.832714000730e-01, 1.766817313606e-06, 0.0000e+00, 0.0000e+00, 
 2DIAGNOSTIC,    45, -4.832673483952e-01, 1.492437562169e-06, 0.0000e+00, 0.0000e+00, 
 2DIAGNOSTIC,    46, -4.832905317957e-01, 1.372737410188e-06, 0.0000e+00, 0.0000e+00, 
 2DIAGNOSTIC,    47, -4.833342188119e-01, 1.862096599928e-06, 0.0000e+00, 0.0000e+00, 
 2DIAGNOSTIC,    48, -4.833706190364e-01, 2.915591435147e-06, 0.0000e+00, 0.0000e+00, 
 2DIAGNOSTIC,    49, -4.833399929621e-01, 3.307193123064e-06, 0.0000e+00, 0.0000e+00, 
 2DIAGNOSTIC,    50, -4.833751823329e-01, 3.808400718251e-06, 0.0000e+00, 0.0000e+00, 
 2DIAGNOSTIC,    51, -4.833939103218e-01, 4.007691434348e-06, 0.0000e+00, 0.0000e+00, 
 2DIAGNOSTIC,    52, -4.835103498793e-01, 5.644715771212e-06, 1.0240e+03, 1.0240e+03, 
 2DIAGNOSTIC,    53, -4.834909534224e-01, 6.361817465873e-06, 1.0240e+03, 0.0000e+00, 
 2DIAGNOSTIC,    54, -4.834993986519e-01, 6.560419001544e-06, 1.0240e+03, 0.0000e+00, 
 2DIAGNOSTIC,    55, -4.835076537835e-01, 6.237670618428e-06, 1.0240e+03, 0.0000e+00, 
 2DIAGNOSTIC,    56, -4.835099718843e-01, 5.623166540798e-06, 1.0240e+03, 0.0000e+00, 
 2DIAGNOSTIC,    57, -4.835119658176e-01, 4.989290608520e-06, 1.0240e+03, 0.0000e+00, 
 2DIAGNOSTIC,    58, -4.834955118667e-01, 4.169888501413e-06, 1.0240e+03, 0.0000e+00, 
 2DIAGNOSTIC,    59, -4.834965814858e-01, 2.750679973119e-06, 1.0240e+03, 0.0000e+00, 
 2DIAGNOSTIC,    60, -4.835057706698e-01, 1.603402956730e-06, 1.0240e+03, 0.0000e+00, 
DIAGNOSTIC,Iteration,metricValue,convergenceValue,ITERATION_TIME_INDEX,SINCE_LAST
 2DIAGNOSTIC,     1, -4.161538889072e-01, 1.797693134862e+308, 1.0240e+03, 0.0000e+00, 
 2DIAGNOSTIC,     2, -4.161669833996e-01, 1.797693134862e+308, 1.0240e+03, 0.0000e+00, 
 2DIAGNOSTIC,     3, -4.161688267004e-01, 1.797693134862e+308, 1.0240e+03, 0.0000e+00, 
 2DIAGNOSTIC,     4, -4.161680292457e-01, 1.797693134862e+308, 1.0240e+03, 0.0000e+00, 
 2DIAGNOSTIC,     5, -4.161649107365e-01, 1.797693134862e+308, 1.0240e+03, 0.0000e+00, 
 2DIAGNOSTIC,     6, -4.161667750404e-01, 1.797693134862e+308, 1.0240e+03, 0.0000e+00, 
 2DIAGNOSTIC,     7, -4.161677731505e-01, 1.797693134862e+308, 1.0240e+03, 0.0000e+00, 
 2DIAGNOSTIC,     8, -4.161669209979e-01, 1.797693134862e+308, 1.0240e+03, 0.0000e+00, 
 2DIAGNOSTIC,     9, -4.161668866113e-01, 1.797693134862e+308, 1.0240e+03, 0.0000e+00, 
 2DIAGNOSTIC,    10, -4.161664469761e-01, 3.954761358782e-06, 1.0240e+03, 0.0000e+00, 
 2DIAGNOSTIC,    11, -4.161655952549e-01, 2.695636855010e-06, 1.0240e+03, 0.0000e+00, 
 2DIAGNOSTIC,    12, -4.161650236865e-01, 2.370107197183e-06, 1.0240e+03, 0.0000e+00, 
 2DIAGNOSTIC,    13, -4.161651272818e-01, 2.223644421012e-06, 1.0240e+03, 0.0000e+00, 
 2DIAGNOSTIC,    14, -4.161652323383e-01, 2.089999830188e-06, 1.0240e+03, 0.0000e+00, 
 2DIAGNOSTIC,    15, -4.161650957941e-01, 1.840099119924e-06, 1.0240e+03, 0.0000e+00, 
 2DIAGNOSTIC,    16, -4.161653140552e-01, 1.735463216371e-06, 1.0240e+03, 0.0000e+00, 
 2DIAGNOSTIC,    17, -4.161646364834e-01, 1.680228988520e-06, 1.0240e+03, 0.0000e+00, 
 2DIAGNOSTIC,    18, -4.161644163141e-01, 1.608170260653e-06, 1.0240e+03, 0.0000e+00, 
 2DIAGNOSTIC,    19, -4.161646253697e-01, 1.564485212824e-06, 1.0240e+03, 0.0000e+00, 
 2DIAGNOSTIC,    20, -4.161648514263e-01, 1.528113403058e-06, 1.0240e+03, 0.0000e+00, 
 2DIAGNOSTIC,    21, -4.161631585989e-01, 1.418654065964e-06, 1.0240e+03, 0.0000e+00, 
 2DIAGNOSTIC,    22, -4.161641716155e-01, 1.343765057442e-06, 1.0240e+03, 0.0000e+00, 
 2DIAGNOSTIC,    23, -4.161634895057e-01, 1.266559527119e-06, 1.0240e+03, 0.0000e+00, 
 2DIAGNOSTIC,    24, -4.161635811979e-01, 1.212209871614e-06, 1.0240e+03, 0.0000e+00, 
 2DIAGNOSTIC,    25, -4.161636685021e-01, 1.171220648258e-06, 1.0240e+03, 0.0000e+00, 
 2DIAGNOSTIC,    26, -4.161631333042e-01, 1.135420705213e-06, 1.0240e+03, 0.0000e+00, 
 2DIAGNOSTIC,    27, -4.161642274571e-01, 1.121677824859e-06, 1.0240e+03, 0.0000e+00, 
 2DIAGNOSTIC,    28, -4.161644881398e-01, 1.113785401269e-06, 1.0240e+03, 0.0000e+00, 
 2DIAGNOSTIC,    29, -4.161647714389e-01, 1.119851460327e-06, 1.0240e+03, 0.0000e+00, 
 2DIAGNOSTIC,    30, -4.161647558180e-01, 1.129574114390e-06, 1.0240e+03, 0.0000e+00, 
 2DIAGNOSTIC,    31, -4.161641394026e-01, 1.080747492707e-06, 1.0240e+03, 0.0000e+00, 
 2DIAGNOSTIC,    32, -4.161640817077e-01, 1.050768106796e-06, 1.0240e+03, 0.0000e+00, 
 2DIAGNOSTIC,    33, -4.161640394925e-01, 1.001713310717e-06, 1.0240e+03, 0.0000e+00, 
DIAGNOSTIC,Iteration,metricValue,convergenceValue,ITERATION_TIME_INDEX,SINCE_LAST
 2DIAGNOSTIC,     1, -3.832740741372e-01, 1.797693134862e+308, 1.0240e+03, 0.0000e+00, 
 2DIAGNOSTIC,     2, -3.833935118904e-01, 1.797693134862e+308, 1.0240e+03, 0.0000e+00, 
 2DIAGNOSTIC,     3, -3.834699008850e-01, 1.797693134862e+308, 1.0240e+03, 0.0000e+00, 
 2DIAGNOSTIC,     4, -3.834939558642e-01, 1.797693134862e+308, 1.0240e+03, 0.0000e+00, 
 2DIAGNOSTIC,     5, -3.835554561004e-01, 1.797693134862e+308, 1.0240e+03, 0.0000e+00, 
 2DIAGNOSTIC,     6, -3.836420342702e-01, 1.797693134862e+308, 1.0240e+03, 0.0000e+00, 
 2DIAGNOSTIC,     7, -3.837841049353e-01, 1.797693134862e+308, 1.0240e+03, 0.0000e+00, 
 2DIAGNOSTIC,     8, -3.837831850176e-01, 1.797693134862e+308, 1.0240e+03, 0.0000e+00, 
 2DIAGNOSTIC,     9, -3.837832105330e-01, 1.797693134862e+308, 1.0240e+03, 0.0000e+00, 
 2DIAGNOSTIC,    10, -3.837832051896e-01, 9.351959042095e-05, 1.0240e+03, 0.0000e+00, 
 2DIAGNOSTIC,    11, -3.837831029531e-01, 6.998777323372e-05, 1.0240e+03, 0.0000e+00, 
 2DIAGNOSTIC,    12, -3.837831975003e-01, 5.152041305109e-05, 1.0240e+03, 0.0000e+00, 
 2DIAGNOSTIC,    13, -3.837831907150e-01, 3.588942552939e-05, 1.0240e+03, 0.0000e+00, 
 2DIAGNOSTIC,    14, -3.837831181370e-01, 2.080857188068e-05, 1.0240e+03, 0.0000e+00, 
 2DIAGNOSTIC,    15, -3.837831175602e-01, 9.045670227734e-06, 1.0240e+03, 0.0000e+00, 
 2DIAGNOSTIC,    16, -3.837830610570e-01, 1.935339662654e-06, 1.0240e+03, 0.0000e+00, 
 2DIAGNOSTIC,    17, -3.837830286276e-01, 1.857032273345e-06, 1.0240e+03, 0.0000e+00, 
 2DIAGNOSTIC,    18, -3.837829713414e-01, 1.748502014058e-06, 1.0240e+03, 0.0000e+00, 
 2DIAGNOSTIC,    19, -3.837829701465e-01, 1.654227118467e-06, 1.0240e+03, 0.0000e+00, 
 2DIAGNOSTIC,    20, -3.837829698004e-01, 1.571209657623e-06, 1.0240e+03, 0.0000e+00, 
 2DIAGNOSTIC,    21, -3.837829697984e-01, 1.494211343440e-06, 1.0240e+03, 0.0000e+00, 
 2DIAGNOSTIC,    22, -3.837829696095e-01, 1.429370235541e-06, 1.0240e+03, 0.0000e+00, 
 2DIAGNOSTIC,    23, -3.837829695713e-01, 1.371616279243e-06, 1.0240e+03, 0.0000e+00, 
 2DIAGNOSTIC,    24, -3.837829695721e-01, 1.317522227845e-06, 1.0240e+03, 0.0000e+00, 
 2DIAGNOSTIC,    25, -3.837829696163e-01, 1.268532546984e-06, 1.0240e+03, 0.0000e+00, 
 2DIAGNOSTIC,    26, -3.837829692737e-01, 1.222101566764e-06, 1.0240e+03, 0.0000e+00, 
 2DIAGNOSTIC,    27, -3.837829691751e-01, 1.178427866996e-06, 1.0240e+03, 0.0000e+00, 
 2DIAGNOSTIC,    28, -3.837829689479e-01, 1.136361885978e-06, 1.0240e+03, 0.0000e+00, 
 2DIAGNOSTIC,    29, -3.837829689644e-01, 1.097172834419e-06, 1.0240e+03, 0.0000e+00, 
 2DIAGNOSTIC,    30, -3.837829690595e-01, 1.060595303172e-06, 1.0240e+03, 0.0000e+00, 
 2DIAGNOSTIC,    31, -3.837829690884e-01, 1.026383372120e-06, 1.0240e+03, 0.0000e+00, 
  Elapsed time (stage 0): 1.0240e+03


Total elapsed time: 1.0240e+03
Info [verificarlo]: loaded backend libinterflop_ieee.so
Info [interflop-ieee]: load backend with:
Info [interflop-ieee]: debug = false
Info [interflop-ieee]: debug-binary = false
Info [interflop-ieee]: no-backend-name = false
Info [interflop-ieee]: print-new-line = false
Info [interflop-ieee]: print-subnormal-normalized = false
Info [interflop-ieee]: count-op = false
All_Command_lines_OK
Using double precision for computations.
=============================================================================
The composite transform comprises the following transforms (in order): 
  1. /home/mdugre/scratch/mri-registration-rp/datasets/ds004513/derivatives/mri-registration-rp/0100/antsRegistration-r7-p20/sub-s017/rigid_Composite.h5[0] (type = Euler3DTransform)
  2. /home/mdugre/scratch/mri-registration-rp/datasets/ds004513/derivatives/mri-registration-rp/0100/antsRegistration-r7-p20/sub-s017/rigid_Composite.h5[1] (type = Euler3DTransform)
  3. /home/mdugre/scratch/mri-registration-rp/datasets/ds004513/derivatives/mri-registration-rp/0100/antsRegistration-r7-p20/sub-s017/rigid_Composite.h5[2] (type = Euler3DTransform)
=============================================================================
  number of levels = 4
  fixed image: /templateflow/tpl-MNI152NLin2009cAsym/tpl-MNI152NLin2009cAsym_res-01_desc-brain_T1w.nii.gz
  moving image: /home/mdugre/scratch/mri-registration-rp/datasets/ds004513/derivatives/mri-registration-rp/antsBrainExtraction/sub-s017/BrainExtractionBrain.nii.gz
Dimension = 3
Number of stages = 1
Use histogram matching = false
Winsorize image intensities = true
  Lower quantile = 0.005
  Upper quantile = 0.995


Stage 1 State
   Image metric = MattesMI
     Fixed image = Image (0x38b87e0)
  RTTI typeinfo:   itk::Image<double, 3u>
  Reference Count: 2
  Modified Time: 1594
  Debug: Off
  Object Name: 
  Observers: 
    none
  Source: (none)
  Source output name: (none)
  Release Data: Off
  Data Released: False
  Global Release Data: Off
  PipelineMTime: 0
  UpdateMTime: 1203
  RealTimeStamp: 0 seconds 
  LargestPossibleRegion: 
    Dimension: 3
    Index: [0, 0, 0]
    Size: [193, 229, 193]
  BufferedRegion: 
    Dimension: 3
    Index: [0, 0, 0]
    Size: [193, 229, 193]
  RequestedRegion: 
    Dimension: 3
    Index: [0, 0, 0]
    Size: [193, 229, 193]
  Spacing: [1, 1, 1]
  Origin: [96, 132, -78]
  Direction: 
-1 0 0
0 -1 0
0 0 1

  IndexToPointMatrix: 
-1 0 0
0 -1 0
0 0 1

  PointToIndexMatrix: 
-1 0 0
0 -1 0
0 0 1

  Inverse Direction: 
-1 0 0
0 -1 0
0 0 1

  PixelContainer: 
    ImportImageContainer (0x3983880)
      RTTI typeinfo:   itk::ImportImageContainer<unsigned long, double>
      Reference Count: 1
      Modified Time: 1200
      Debug: Off
      Object Name: 
      Observers: 
        none
      Pointer: 0x14c6740b2010
      Container manages memory: true
      Size: 8530021
      Capacity: 8530021

     Moving image = Image (0x3974050)
  RTTI typeinfo:   itk::Image<double, 3u>
  Reference Count: 2
  Modified Time: 1595
  Debug: Off
  Object Name: 
  Observers: 
    none
  Source: (none)
  Source output name: (none)
  Release Data: Off
  Data Released: False
  Global Release Data: Off
  PipelineMTime: 0
  UpdateMTime: 1592
  RealTimeStamp: 0 seconds 
  LargestPossibleRegion: 
    Dimension: 3
    Index: [0, 0, 0]
    Size: [160, 240, 256]
  BufferedRegion: 
    Dimension: 3
    Index: [0, 0, 0]
    Size: [160, 240, 256]
  RequestedRegion: 
    Dimension: 3
    Index: [0, 0, 0]
    Size: [160, 240, 256]
  Spacing: [1, 1, 1]
  Origin: [91.3357, 102.231, -120.042]
  Direction: 
-0.997442 -5.36781e-05 -0.0714818
5.35416e-05 -1 3.82465e-06
-0.0714818 -1.23894e-08 0.997442

  IndexToPointMatrix: 
-0.997444 -5.36781e-05 -0.0714818
5.35418e-05 -1 3.82465e-06
-0.0714819 -1.23894e-08 0.997442

  PointToIndexMatrix: 
-0.99744 5.35415e-05 -0.0714816
-5.36781e-05 -1 -1.23894e-08
-0.0714818 3.82465e-06 0.997442

  Inverse Direction: 
-0.997442 5.35416e-05 -0.0714818
-5.36781e-05 -1 -1.23894e-08
-0.0714818 3.82465e-06 0.997442

  PixelContainer: 
    ImportImageContainer (0x3a27690)
      RTTI typeinfo:   itk::ImportImageContainer<unsigned long, double>
      Reference Count: 1
      Modified Time: 1589
      Debug: Off
      Object Name: 
      Observers: 
        none
      Pointer: 0x14c66f5b1010
      Container manages memory: true
      Size: 9830400
      Capacity: 9830400

     Weighting = 1
     Sampling strategy = regular
     Number of bins = 32
     Radius = 4
     Sampling percentage  = 0.25
   Transform = Affine
     Gradient step = 0.1
     Update field sigma (voxel space) = 0
     Total field sigma (voxel space) = 0
     Update field time sigma = 0
     Total field time sigma  = 0
     Number of time indices = 0
     Number of time point samples = 0
Registration using 1 total stages.

Stage 0
  iterations = 1000x500x250x100
  convergence threshold = 1e-06
  convergence window size = 10
  number of levels = 4
  using the Mattes MI metric (number of bins = 32, weight = 1, use gradient filter = 0)
  preprocessing:  winsorizing the image intensities
  Shrink factors (level 1 out of 4): [8, 8, 8]
  Shrink factors (level 2 out of 4): [4, 4, 4]
  Shrink factors (level 3 out of 4): [2, 2, 2]
  Shrink factors (level 4 out of 4): [1, 1, 1]
  smoothing sigmas per level: [3, 2, 1, 0]
  regular sampling (percentage = 0.25)

*** Running AffineTransform registration ***

DIAGNOSTIC,Iteration,metricValue,convergenceValue,ITERATION_TIME_INDEX,SINCE_LAST
 2DIAGNOSTIC,     1, -5.799120476342e-01, 1.797693134862e+308, 6.7976e-01, 6.7976e-01, 
 2DIAGNOSTIC,     2, -5.824241328762e-01, 1.797693134862e+308, 6.8428e-01, 4.5192e-03, 
 2DIAGNOSTIC,     3, -5.867563893982e-01, 1.797693134862e+308, 6.8920e-01, 4.9138e-03, 
 2DIAGNOSTIC,     4, -5.945389375451e-01, 1.797693134862e+308, 6.9345e-01, 4.2529e-03, 
 2DIAGNOSTIC,     5, -6.090113886727e-01, 1.797693134862e+308, 6.9765e-01, 4.2019e-03, 
 2DIAGNOSTIC,     6, -6.319334495081e-01, 1.797693134862e+308, 7.0188e-01, 4.2281e-03, 
 2DIAGNOSTIC,     7, -6.782632350901e-01, 1.797693134862e+308, 7.0731e-01, 5.4281e-03, 
 2DIAGNOSTIC,     8, -8.069020389880e-01, 1.797693134862e+308, 7.1256e-01, 5.2559e-03, 
 2DIAGNOSTIC,     9, -8.411222497974e-01, 1.797693134862e+308, 7.1884e-01, 6.2759e-03, 
 2DIAGNOSTIC,    10, -8.481903292559e-01, 2.908950341123e-02, 7.2361e-01, 4.7672e-03, 
 2DIAGNOSTIC,    11, -8.602899512685e-01, 2.907629080196e-02, 7.2894e-01, 5.3360e-03, 
 2DIAGNOSTIC,    12, -8.671756774896e-01, 2.677526060461e-02, 7.3386e-01, 4.9210e-03, 
 2DIAGNOSTIC,    13, -8.784960100521e-01, 2.290950919206e-02, 7.3963e-01, 5.7721e-03, 
 2DIAGNOSTIC,    14, -8.854951986785e-01, 1.804189388401e-02, 7.4753e-01, 7.8981e-03, 
 2DIAGNOSTIC,    15, -8.852893206316e-01, 1.273330913659e-02, 7.5236e-01, 4.8280e-03, 
 2DIAGNOSTIC,    16, -8.859023852629e-01, 7.627990409050e-03, 7.5740e-01, 5.0430e-03, 
 2DIAGNOSTIC,    17, -8.865098839349e-01, 3.490059950815e-03, 7.6290e-01, 5.4939e-03, 
 2DIAGNOSTIC,    18, -8.869532847495e-01, 2.204436033836e-03, 7.6831e-01, 5.4162e-03, 
 2DIAGNOSTIC,    19, -8.869296539526e-01, 1.531764944978e-03, 7.7326e-01, 4.9510e-03, 
 2DIAGNOSTIC,    20, -8.871248691645e-01, 9.255789509340e-04, 7.7811e-01, 4.8420e-03, 
 2DIAGNOSTIC,    21, -8.881178217434e-01, 5.260828028015e-04, 7.8406e-01, 5.9500e-03, 
 2DIAGNOSTIC,    22, -8.883916056632e-01, 2.314803468984e-04, 7.8948e-01, 5.4250e-03, 
 2DIAGNOSTIC,    23, -8.886296545041e-01, 1.213043539177e-04, 7.9488e-01, 5.3990e-03, 
 2DIAGNOSTIC,    24, -8.885049509755e-01, 1.128729812280e-04, 8.0081e-01, 5.9340e-03, 
 2DIAGNOSTIC,    25, -8.884167928645e-01, 9.061551794836e-05, 8.0619e-01, 5.3730e-03, 
 2DIAGNOSTIC,    26, -8.883178578717e-01, 6.853314258998e-05, 8.1116e-01, 4.9701e-03, 
 2DIAGNOSTIC,    27, -8.880984348334e-01, 4.675866218786e-05, 8.1600e-01, 4.8389e-03, 
 2DIAGNOSTIC,    28, -8.883438355144e-01, 3.127917637123e-05, 8.2088e-01, 4.8881e-03, 
 2DIAGNOSTIC,    29, -8.886202205523e-01, 1.720133705612e-05, 8.2580e-01, 4.9150e-03, 
 2DIAGNOSTIC,    30, -8.889196782154e-01, 8.067919782799e-06, 8.3118e-01, 5.3811e-03, 
 2DIAGNOSTIC,    31, -8.887321136658e-01, 7.894421533296e-06, 8.3708e-01, 5.9040e-03, 
 2DIAGNOSTIC,    32, -8.886272485247e-01, 8.996622148129e-06, 8.4310e-01, 6.0120e-03, 
 2DIAGNOSTIC,    33, -8.885015171516e-01, 1.047726069462e-05, 8.4799e-01, 4.8909e-03, 
 2DIAGNOSTIC,    34, -8.883739861169e-01, 8.312666562579e-06, 8.5278e-01, 4.7948e-03, 
 2DIAGNOSTIC,    35, -8.882523190954e-01, 3.517528503014e-06, 8.5838e-01, 5.5962e-03, 
DIAGNOSTIC,Iteration,metricValue,convergenceValue,ITERATION_TIME_INDEX,SINCE_LAST
 2DIAGNOSTIC,     1, -7.466047577370e-01, 1.797693134862e+308, 1.5678e+00, 7.0946e-01, 
 2DIAGNOSTIC,     2, -7.472498757328e-01, 1.797693134862e+308, 1.6102e+00, 4.2348e-02, 
 2DIAGNOSTIC,     3, -7.478489507458e-01, 1.797693134862e+308, 1.6491e+00, 3.8905e-02, 
 2DIAGNOSTIC,     4, -7.482719055593e-01, 1.797693134862e+308, 1.6868e+00, 3.7702e-02, 
 2DIAGNOSTIC,     5, -7.491501333760e-01, 1.797693134862e+308, 1.7256e+00, 3.8798e-02, 
 2DIAGNOSTIC,     6, -7.508601410635e-01, 1.797693134862e+308, 1.7972e+00, 7.1632e-02, 
 2DIAGNOSTIC,     7, -7.508391540861e-01, 1.797693134862e+308, 1.8395e+00, 4.2283e-02, 
 2DIAGNOSTIC,     8, -7.508210639012e-01, 1.797693134862e+308, 1.8824e+00, 4.2852e-02, 
 2DIAGNOSTIC,     9, -7.508182771913e-01, 1.797693134862e+308, 1.9255e+00, 4.3186e-02, 
 2DIAGNOSTIC,    10, -7.508146230215e-01, 4.164177084287e-04, 1.9663e+00, 4.0775e-02, 
 2DIAGNOSTIC,    11, -7.508075843000e-01, 3.032682472286e-04, 2.0089e+00, 4.2622e-02, 
 2DIAGNOSTIC,    12, -7.507993693437e-01, 2.020884913706e-04, 2.0452e+00, 3.6303e-02, 
 2DIAGNOSTIC,    13, -7.507948084594e-01, 1.166138942344e-04, 2.0832e+00, 3.7912e-02, 
 2DIAGNOSTIC,    14, -7.507897365103e-01, 4.418205008361e-05, 2.1240e+00, 4.0881e-02, 
DIAGNOSTIC,Iteration,metricValue,convergenceValue,ITERATION_TIME_INDEX,SINCE_LAST
 2DIAGNOSTIC,     1, -6.299921461999e-01, 1.797693134862e+308, 3.2579e+00, 1.1339e+00, 
 2DIAGNOSTIC,     2, -6.304738977379e-01, 1.797693134862e+308, 3.5406e+00, 2.8274e-01, 
 2DIAGNOSTIC,     3, -6.309620789857e-01, 1.797693134862e+308, 3.8297e+00, 2.8907e-01, 
 2DIAGNOSTIC,     4, -6.314935931866e-01, 1.797693134862e+308, 4.1193e+00, 2.8955e-01, 
 2DIAGNOSTIC,     5, -6.323842316578e-01, 1.797693134862e+308, 4.5370e+00, 4.1778e-01, 
 2DIAGNOSTIC,     6, -6.326714283617e-01, 1.797693134862e+308, 4.9855e+00, 4.4843e-01, 
 2DIAGNOSTIC,     7, -6.326721551635e-01, 1.797693134862e+308, 5.4245e+00, 4.3901e-01, 
 2DIAGNOSTIC,     8, -6.326699646736e-01, 1.797693134862e+308, 5.7663e+00, 3.4180e-01, 
 2DIAGNOSTIC,     9, -6.326674146764e-01, 1.797693134862e+308, 6.0878e+00, 3.2149e-01, 
 2DIAGNOSTIC,    10, -6.326663594067e-01, 2.904779578597e-04, 6.4186e+00, 3.3084e-01, 
 2DIAGNOSTIC,    11, -6.326665775988e-01, 1.925734682912e-04, 6.7426e+00, 3.2401e-01, 
 2DIAGNOSTIC,    12, -6.326654431622e-01, 1.122261366769e-04, 7.0394e+00, 2.9681e-01, 
 2DIAGNOSTIC,    13, -6.326644870384e-01, 5.122063839785e-05, 7.3487e+00, 3.0926e-01, 
 2DIAGNOSTIC,    14, -6.326652252125e-01, 1.089627715449e-05, 7.6733e+00, 3.2459e-01, 
 2DIAGNOSTIC,    15, -6.326630862676e-01, 1.549164786591e-06, 8.1403e+00, 4.6708e-01, 
 2DIAGNOSTIC,    16, -6.326624609218e-01, 1.475440055881e-06, 8.5529e+00, 4.1253e-01, 
 2DIAGNOSTIC,    17, -6.326619796091e-01, 1.465310330025e-06, 8.9213e+00, 3.6840e-01, 
 2DIAGNOSTIC,    18, -6.326611719058e-01, 1.420371926589e-06, 9.2637e+00, 3.4242e-01, 
