
##########################
# Experiment information #
##########################

EXPERIMENT_NAME: antsRegistration-r8-p23
VFC_BACKENDS: libinterflop_vprec.so --range-binary32=8 --precision-binary32=23 --range-binary64=8 --precision-binary64=23

SIF_IMG: /home/mdugre/projects/rrg-glatard/mdugre/containers/ants-vprec-no_metrics.simg

SUBJECT_ID: s032
INPUT_IMG: /home/mdugre/scratch/mri-registration-rp/datasets/ds004513/derivatives/mri-registration-rp/antsBrainExtraction/sub-s032/BrainExtractionBrain.nii.gz
OUTPUT_DIR: /home/mdugre/scratch/mri-registration-rp/datasets/ds004513/derivatives/mri-registration-rp/0100/antsRegistration-r8-p23/sub-s032

FIXED_IMG: /templateflow/tpl-MNI152NLin2009cAsym/tpl-MNI152NLin2009cAsym_res-01_desc-brain_T1w.nii.gz
DATA_DIR: /home/mdugre/scratch/mri-registration-rp/datasets/ds004513
TEMPLATEFLOW_DIR: /home/mdugre/projects/rrg-glatard/mdugre/templateflow
ITK_GLOBAL_DEFAULT_NUMBER_OF_THREADS: 16
##########################

Info [verificarlo]: loaded backend libinterflop_ieee.so
Info [interflop-ieee]: load backend with:
Info [interflop-ieee]: debug = false
Info [interflop-ieee]: debug-binary = false
Info [interflop-ieee]: no-backend-name = false
Info [interflop-ieee]: print-new-line = false
Info [interflop-ieee]: print-subnormal-normalized = false
Info [interflop-ieee]: count-op = false
All_Command_lines_OK
Using double precision for computations.
=============================================================================
The composite transform comprises the following transforms (in order): 
  1. Center of mass alignment using fixed image: /templateflow/tpl-MNI152NLin2009cAsym/tpl-MNI152NLin2009cAsym_res-01_desc-brain_T1w.nii.gz and moving image: /home/mdugre/scratch/mri-registration-rp/datasets/ds004513/derivatives/mri-registration-rp/antsBrainExtraction/sub-s032/BrainExtractionBrain.nii.gz (type = Euler3DTransform)
=============================================================================
  number of levels = 1
  fixed image: /templateflow/tpl-MNI152NLin2009cAsym/tpl-MNI152NLin2009cAsym_res-01_desc-brain_T1w.nii.gz
  moving image: /home/mdugre/scratch/mri-registration-rp/datasets/ds004513/derivatives/mri-registration-rp/antsBrainExtraction/sub-s032/BrainExtractionBrain.nii.gz
Dimension = 3
Number of stages = 1
Use histogram matching = false
Winsorize image intensities = true
  Lower quantile = 0.005
  Upper quantile = 0.995


Stage 1 State
   Image metric = MattesMI
     Fixed image = Image (0x5210e70)
  RTTI typeinfo:   itk::Image<double, 3u>
  Reference Count: 2
  Modified Time: 2330
  Debug: Off
  Object Name: 
  Observers: 
    none
  Source: (none)
  Source output name: (none)
  Release Data: Off
  Data Released: False
  Global Release Data: Off
  PipelineMTime: 0
  UpdateMTime: 1941
  RealTimeStamp: 0 seconds 
  LargestPossibleRegion: 
    Dimension: 3
    Index: [0, 0, 0]
    Size: [193, 229, 193]
  BufferedRegion: 
    Dimension: 3
    Index: [0, 0, 0]
    Size: [193, 229, 193]
  RequestedRegion: 
    Dimension: 3
    Index: [0, 0, 0]
    Size: [193, 229, 193]
  Spacing: [1, 1, 1]
  Origin: [96, 132, -78]
  Direction: 
-1 0 0
0 -1 0
0 0 1

  IndexToPointMatrix: 
-1 0 0
0 -1 0
0 0 1

  PointToIndexMatrix: 
-1 0 0
0 -1 0
0 0 1

  Inverse Direction: 
-1 0 0
0 -1 0
0 0 1

  PixelContainer: 
    ImportImageContainer (0x5219c60)
      RTTI typeinfo:   itk::ImportImageContainer<unsigned long, double>
      Reference Count: 1
      Modified Time: 1938
      Debug: Off
      Object Name: 
      Observers: 
        none
      Pointer: 0x149f093ee010
      Container manages memory: true
      Size: 8530021
      Capacity: 8530021

     Moving image = Image (0x52adec0)
  RTTI typeinfo:   itk::Image<double, 3u>
  Reference Count: 2
  Modified Time: 2331
  Debug: Off
  Object Name: 
  Observers: 
    none
  Source: (none)
  Source output name: (none)
  Release Data: Off
  Data Released: False
  Global Release Data: Off
  PipelineMTime: 0
  UpdateMTime: 2328
  RealTimeStamp: 0 seconds 
  LargestPossibleRegion: 
    Dimension: 3
    Index: [0, 0, 0]
    Size: [160, 240, 256]
  BufferedRegion: 
    Dimension: 3
    Index: [0, 0, 0]
    Size: [160, 240, 256]
  RequestedRegion: 
    Dimension: 3
    Index: [0, 0, 0]
    Size: [160, 240, 256]
  Spacing: [1, 1, 1]
  Origin: [73.279, 104.707, -131.187]
  Direction: 
-0.997527 0.0645574 -0.0278053
-0.0645323 -0.997914 -0.00179875
-0.0278634 4.01097e-08 0.999612

  IndexToPointMatrix: 
-0.997527 0.0645574 -0.0278053
-0.0645323 -0.997914 -0.00179875
-0.0278634 4.01097e-08 0.999612

  PointToIndexMatrix: 
-0.997527 -0.0645323 -0.0278634
0.0645574 -0.997914 4.01049e-08
-0.0278053 -0.00179875 0.999612

  Inverse Direction: 
-0.997527 -0.0645323 -0.0278634
0.0645574 -0.997914 4.01049e-08
-0.0278053 -0.00179875 0.999612

  PixelContainer: 
    ImportImageContainer (0x5345610)
      RTTI typeinfo:   itk::ImportImageContainer<unsigned long, double>
      Reference Count: 1
      Modified Time: 2325
      Debug: Off
      Object Name: 
      Observers: 
        none
      Pointer: 0x149f048ed010
      Container manages memory: true
      Size: 9830400
      Capacity: 9830400

     Weighting = 1
     Sampling strategy = regular
     Number of bins = 32
     Radius = 4
     Sampling percentage  = 0.25
   Transform = Rigid
     Gradient step = 0.1
     Update field sigma (voxel space) = 0
     Total field sigma (voxel space) = 0
     Update field time sigma = 0
     Total field time sigma  = 0
     Number of time indices = 0
     Number of time point samples = 0
Registration using 1 total stages.

Stage 0
  iterations = 0
  convergence threshold = 1e-06
  convergence window size = 10
  number of levels = 1
  using the Mattes MI metric (number of bins = 32, weight = 1, use gradient filter = 0)
  preprocessing:  winsorizing the image intensities
  Shrink factors (level 1 out of 1): [1, 1, 1]
  smoothing sigmas per level: [0]
  regular sampling (percentage = 0.25)

*** Running Euler3DTransform registration ***

  Elapsed time (stage 0): 1.1364


Total elapsed time: 1.13862
Info [verificarlo]: loaded backend libinterflop_vprec.so
Info [interflop-vprec]: load backend with: 
Info [interflop-vprec]: precision-binary32 = 23
Info [interflop-vprec]: range-binary32 = 8
Info [interflop-vprec]: precision-binary64 = 23
Info [interflop-vprec]: range-binary64 = 8
Info [interflop-vprec]: mode = ob
Info [interflop-vprec]: error-mode = rel
Info [interflop-vprec]: max-abs-error-exponent = -1022
Info [interflop-vprec]: daz = false
Info [interflop-vprec]: ftz = false
Info [interflop-vprec]: 	instrument = none
Info [interflop-vprec]: 	prec-input-file = (null)
Info [interflop-vprec]: 	prec-output-file = (null)
Info [interflop-vprec]: 	prec-log-file = (null)
All_Command_lines_OK
Using double precision for computations.
=============================================================================
The composite transform comprises the following transforms (in order): 
  1. /home/mdugre/scratch/mri-registration-rp/datasets/ds004513/derivatives/mri-registration-rp/0100/antsRegistration-r8-p23/sub-s032/align_Composite.h5[0] (type = Euler3DTransform)
  2. /home/mdugre/scratch/mri-registration-rp/datasets/ds004513/derivatives/mri-registration-rp/0100/antsRegistration-r8-p23/sub-s032/align_Composite.h5[1] (type = Euler3DTransform)
=============================================================================
  number of levels = 4
  fixed image: /templateflow/tpl-MNI152NLin2009cAsym/tpl-MNI152NLin2009cAsym_res-01_desc-brain_T1w.nii.gz
  moving image: /home/mdugre/scratch/mri-registration-rp/datasets/ds004513/derivatives/mri-registration-rp/antsBrainExtraction/sub-s032/BrainExtractionBrain.nii.gz
Dimension = 3
Number of stages = 1
Use histogram matching = false
Winsorize image intensities = true
  Lower quantile = 0.005
  Upper quantile = 0.995


Stage 1 State
   Image metric = MattesMI
     Fixed image = Image (0x3be31e0)
  RTTI typeinfo:   itk::Image<double, 3u>
  Reference Count: 2
  Modified Time: 1578
  Debug: Off
  Object Name: 
  Observers: 
    none
  Source: (none)
  Source output name: (none)
  Release Data: Off
  Data Released: False
  Global Release Data: Off
  PipelineMTime: 0
  UpdateMTime: 1189
  RealTimeStamp: 0 seconds 
  LargestPossibleRegion: 
    Dimension: 3
    Index: [0, 0, 0]
    Size: [193, 229, 193]
  BufferedRegion: 
    Dimension: 3
    Index: [0, 0, 0]
    Size: [193, 229, 193]
  RequestedRegion: 
    Dimension: 3
    Index: [0, 0, 0]
    Size: [193, 229, 193]
  Spacing: [1, 1, 1]
  Origin: [96, 132, -78]
  Direction: 
-1 0 0
0 -1 0
0 0 1

  IndexToPointMatrix: 
-1 0 0
0 -1 0
0 0 1

  PointToIndexMatrix: 
-1 0 0
0 -1 0
0 0 1

  Inverse Direction: 
-1 0 0
0 -1 0
0 0 1

  PixelContainer: 
    ImportImageContainer (0x3ca2680)
      RTTI typeinfo:   itk::ImportImageContainer<unsigned long, double>
      Reference Count: 1
      Modified Time: 1186
      Debug: Off
      Object Name: 
      Observers: 
        none
      Pointer: 0x14bceca9b010
      Container manages memory: true
      Size: 8530021
      Capacity: 8530021

     Moving image = Image (0x3c9eb20)
  RTTI typeinfo:   itk::Image<double, 3u>
  Reference Count: 2
  Modified Time: 1579
  Debug: Off
  Object Name: 
  Observers: 
    none
  Source: (none)
  Source output name: (none)
  Release Data: Off
  Data Released: False
  Global Release Data: Off
  PipelineMTime: 0
  UpdateMTime: 1576
  RealTimeStamp: 0 seconds 
  LargestPossibleRegion: 
    Dimension: 3
    Index: [0, 0, 0]
    Size: [160, 240, 256]
  BufferedRegion: 
    Dimension: 3
    Index: [0, 0, 0]
    Size: [160, 240, 256]
  RequestedRegion: 
    Dimension: 3
    Index: [0, 0, 0]
    Size: [160, 240, 256]
  Spacing: [1, 1, 1]
  Origin: [73.279, 104.707, -131.187]
  Direction: 
-0.997527 0.0645574 -0.0278053
-0.0645323 -0.997914 -0.00179875
-0.0278634 4.01097e-08 0.999612

  IndexToPointMatrix: 
-0.997527 0.0645574 -0.0278053
-0.0645323 -0.997914 -0.00179875
-0.0278634 4.01097e-08 0.999612

  PointToIndexMatrix: 
-0.997527 -0.0645323 -0.0278634
0.0645574 -0.997914 9.8953e-10
-0.0278053 -0.00179879 0.999612

  Inverse Direction: 
-0.997527 -0.0645323 -0.0278634
0.0645574 -0.997914 9.8953e-10
-0.0278053 -0.00179879 0.999612

  PixelContainer: 
    ImportImageContainer (0x3d07d50)
      RTTI typeinfo:   itk::ImportImageContainer<unsigned long, double>
      Reference Count: 1
      Modified Time: 1573
      Debug: Off
      Object Name: 
      Observers: 
        none
      Pointer: 0x14bce7f9a010
      Container manages memory: true
      Size: 9830400
      Capacity: 9830400

     Weighting = 1
     Sampling strategy = regular
     Number of bins = 32
     Radius = 4
     Sampling percentage  = 0.25
   Transform = Rigid
     Gradient step = 0.1
     Update field sigma (voxel space) = 0
     Total field sigma (voxel space) = 0
     Update field time sigma = 0
     Total field time sigma  = 0
     Number of time indices = 0
     Number of time point samples = 0
Registration using 1 total stages.

Stage 0
  iterations = 1000x500x250x100
  convergence threshold = 1e-06
  convergence window size = 10
  number of levels = 4
  using the Mattes MI metric (number of bins = 32, weight = 1, use gradient filter = 0)
  preprocessing:  winsorizing the image intensities
  Shrink factors (level 1 out of 4): [8, 8, 8]
  Shrink factors (level 2 out of 4): [4, 4, 4]
  Shrink factors (level 3 out of 4): [2, 2, 2]
  Shrink factors (level 4 out of 4): [1, 1, 1]
  smoothing sigmas per level: [3, 2, 1, 0]
  regular sampling (percentage = 0.25)

*** Running Euler3DTransform registration ***

DIAGNOSTIC,Iteration,metricValue,convergenceValue,ITERATION_TIME_INDEX,SINCE_LAST
 2DIAGNOSTIC,     1, -5.480496455882e-01, 1.797693134862e+308, 0.0000e+00, 0.0000e+00, 
 2DIAGNOSTIC,     2, -5.506814953107e-01, 1.797693134862e+308, 0.0000e+00, 0.0000e+00, 
 2DIAGNOSTIC,     3, -5.546526224332e-01, 1.797693134862e+308, 0.0000e+00, 0.0000e+00, 
 2DIAGNOSTIC,     4, -5.606886823573e-01, 1.797693134862e+308, 0.0000e+00, 0.0000e+00, 
 2DIAGNOSTIC,     5, -5.693706384958e-01, 1.797693134862e+308, 0.0000e+00, 0.0000e+00, 
 2DIAGNOSTIC,     6, -5.854103313470e-01, 1.797693134862e+308, 0.0000e+00, 0.0000e+00, 
 2DIAGNOSTIC,     7, -6.232904024052e-01, 1.797693134862e+308, 0.0000e+00, 0.0000e+00, 
 2DIAGNOSTIC,     8, -6.297890198905e-01, 1.797693134862e+308, 0.0000e+00, 0.0000e+00, 
 2DIAGNOSTIC,     9, -6.366046637485e-01, 1.797693134862e+308, 0.0000e+00, 0.0000e+00, 
 2DIAGNOSTIC,    10, -6.374071533391e-01, 1.200842730687e-02, 0.0000e+00, 0.0000e+00, 
 2DIAGNOSTIC,    11, -6.403164814011e-01, 1.086030320708e-02, 0.0000e+00, 0.0000e+00, 
 2DIAGNOSTIC,    12, -6.432300215439e-01, 9.142518010459e-03, 0.0000e+00, 0.0000e+00, 
 2DIAGNOSTIC,    13, -6.441053377308e-01, 7.057672266803e-03, 0.0000e+00, 0.0000e+00, 
 2DIAGNOSTIC,    14, -6.456465417245e-01, 4.921846387180e-03, 0.0000e+00, 0.0000e+00, 
 2DIAGNOSTIC,    15, -6.476507350912e-01, 2.976112321854e-03, 0.0000e+00, 0.0000e+00, 
 2DIAGNOSTIC,    16, -6.479306168945e-01, 1.463199865361e-03, 0.0000e+00, 0.0000e+00, 
 2DIAGNOSTIC,    17, -6.488028467660e-01, 1.059087215775e-03, 0.0000e+00, 0.0000e+00, 
 2DIAGNOSTIC,    18, -6.504407022986e-01, 8.098767660078e-04, 0.0000e+00, 0.0000e+00, 
 2DIAGNOSTIC,    19, -6.516479126658e-01, 7.080462756231e-04, 0.0000e+00, 0.0000e+00, 
 2DIAGNOSTIC,    20, -6.527587578079e-01, 5.936877967981e-04, 0.0000e+00, 0.0000e+00, 
 2DIAGNOSTIC,    21, -6.540608242762e-01, 5.264796149462e-04, 0.0000e+00, 0.0000e+00, 
 2DIAGNOSTIC,    22, -6.566957005967e-01, 5.320100543126e-04, 0.0000e+00, 0.0000e+00, 
 2DIAGNOSTIC,    23, -6.572599774643e-01, 5.142068108685e-04, 0.0000e+00, 0.0000e+00, 
 2DIAGNOSTIC,    24, -6.572622678443e-01, 4.786253091800e-04, 0.0000e+00, 0.0000e+00, 
 2DIAGNOSTIC,    25, -6.573463690820e-01, 4.401521612514e-04, 0.0000e+00, 0.0000e+00, 
 2DIAGNOSTIC,    26, -6.578518510907e-01, 3.770039940310e-04, 0.0000e+00, 0.0000e+00, 
 2DIAGNOSTIC,    27, -6.591176411237e-01, 3.178896373496e-04, 0.0000e+00, 0.0000e+00, 
 2DIAGNOSTIC,    28, -6.593647420329e-01, 2.629920605577e-04, 0.0000e+00, 0.0000e+00, 
 2DIAGNOSTIC,    29, -6.595124893115e-01, 2.090585565157e-04, 0.0000e+00, 0.0000e+00, 
 2DIAGNOSTIC,    30, -6.597191308943e-01, 1.593074025789e-04, 0.0000e+00, 0.0000e+00, 
 2DIAGNOSTIC,    31, -6.597553513143e-01, 1.161548857566e-04, 0.0000e+00, 0.0000e+00, 
 2DIAGNOSTIC,    32, -6.597402894930e-01, 1.011692232824e-04, 0.0000e+00, 0.0000e+00, 
 2DIAGNOSTIC,    33, -6.598802254798e-01, 8.726002401503e-05, 0.0000e+00, 0.0000e+00, 
 2DIAGNOSTIC,    34, -6.597978645393e-01, 6.518568669573e-05, 0.0000e+00, 0.0000e+00, 
 2DIAGNOSTIC,    35, -6.597169994546e-01, 3.842395859915e-05, 0.0000e+00, 0.0000e+00, 
 2DIAGNOSTIC,    36, -6.596349523166e-01, 1.454193276177e-05, 0.0000e+00, 0.0000e+00, 
 2DIAGNOSTIC,    37, -6.595591345228e-01, 5.025590337073e-06, 0.0000e+00, 0.0000e+00, 
DIAGNOSTIC,Iteration,metricValue,convergenceValue,ITERATION_TIME_INDEX,SINCE_LAST
 2DIAGNOSTIC,     1, -5.178037658706e-01, 1.797693134862e+308, 0.0000e+00, 0.0000e+00, 
 2DIAGNOSTIC,     2, -5.184970223013e-01, 1.797693134862e+308, 0.0000e+00, 0.0000e+00, 
 2DIAGNOSTIC,     3, -5.193995821219e-01, 1.797693134862e+308, 0.0000e+00, 0.0000e+00, 
 2DIAGNOSTIC,     4, -5.200154902875e-01, 1.797693134862e+308, 0.0000e+00, 0.0000e+00, 
 2DIAGNOSTIC,     5, -5.204204369497e-01, 1.797693134862e+308, 0.0000e+00, 0.0000e+00, 
 2DIAGNOSTIC,     6, -5.210266572148e-01, 1.797693134862e+308, 0.0000e+00, 0.0000e+00, 
 2DIAGNOSTIC,     7, -5.220967354530e-01, 1.797693134862e+308, 0.0000e+00, 0.0000e+00, 
 2DIAGNOSTIC,     8, -5.251983398893e-01, 1.797693134862e+308, 0.0000e+00, 0.0000e+00, 
 2DIAGNOSTIC,     9, -5.292596089287e-01, 1.797693134862e+308, 0.0000e+00, 0.0000e+00, 
 2DIAGNOSTIC,    10, -5.308717287751e-01, 1.505296520286e-03, 0.0000e+00, 0.0000e+00, 
 2DIAGNOSTIC,    11, -5.310376723555e-01, 1.556408227343e-03, 0.0000e+00, 0.0000e+00, 
 2DIAGNOSTIC,    12, -5.311053710948e-01, 1.495824576574e-03, 0.0000e+00, 0.0000e+00, 
 2DIAGNOSTIC,    13, -5.312735771230e-01, 1.352599127579e-03, 0.0000e+00, 0.0000e+00, 
 2DIAGNOSTIC,    14, -5.315520156332e-01, 1.139231748796e-03, 0.0000e+00, 0.0000e+00, 
 2DIAGNOSTIC,    15, -5.318860854296e-01, 8.774849927136e-04, 0.0000e+00, 0.0000e+00, 
 2DIAGNOSTIC,    16, -5.323505293517e-01, 6.067981538712e-04, 0.0000e+00, 0.0000e+00, 
 2DIAGNOSTIC,    17, -5.330939213838e-01, 3.696086461115e-04, 0.0000e+00, 0.0000e+00, 
 2DIAGNOSTIC,    18, -5.339979855280e-01, 2.419569671608e-04, 0.0000e+00, 0.0000e+00, 
 2DIAGNOSTIC,    19, -5.355028979430e-01, 2.619233763970e-04, 0.0000e+00, 0.0000e+00, 
 2DIAGNOSTIC,    20, -5.363693172103e-01, 3.216328803542e-04, 0.0000e+00, 0.0000e+00, 
 2DIAGNOSTIC,    21, -5.369943800768e-01, 3.660504608770e-04, 0.0000e+00, 0.0000e+00, 
 2DIAGNOSTIC,    22, -5.385731131847e-01, 4.126281778060e-04, 0.0000e+00, 0.0000e+00, 
 2DIAGNOSTIC,    23, -5.426268892490e-01, 5.140740350825e-04, 0.0000e+00, 0.0000e+00, 
 2DIAGNOSTIC,    24, -5.447731989075e-01, 6.104811703402e-04, 0.0000e+00, 0.0000e+00, 
 2DIAGNOSTIC,    25, -5.451679247085e-01, 6.574534406647e-04, 0.0000e+00, 0.0000e+00, 
 2DIAGNOSTIC,    26, -5.459996857531e-01, 6.672558415623e-04, 0.0000e+00, 0.0000e+00, 
 2DIAGNOSTIC,    27, -5.463697969490e-01, 6.352434888890e-04, 0.0000e+00, 0.0000e+00, 
 2DIAGNOSTIC,    28, -5.467076098342e-01, 5.676214414981e-04, 0.0000e+00, 0.0000e+00, 
 2DIAGNOSTIC,    29, -5.485700505223e-01, 5.125685570697e-04, 0.0000e+00, 0.0000e+00, 
 2DIAGNOSTIC,    30, -5.492455752022e-01, 4.404660713566e-04, 0.0000e+00, 0.0000e+00, 
 2DIAGNOSTIC,    31, -5.495385652431e-01, 3.478819342260e-04, 0.0000e+00, 0.0000e+00, 
 2DIAGNOSTIC,    32, -5.496674096938e-01, 2.557272574980e-04, 0.0000e+00, 0.0000e+00, 
 2DIAGNOSTIC,    33, -5.499259726362e-01, 2.138764962307e-04, 0.0000e+00, 0.0000e+00, 
 2DIAGNOSTIC,    34, -5.501718786896e-01, 1.912289057167e-04, 0.0000e+00, 0.0000e+00, 
 2DIAGNOSTIC,    35, -5.502843560326e-01, 1.590002696613e-04, 0.0000e+00, 0.0000e+00, 
 2DIAGNOSTIC,    36, -5.504970959963e-01, 1.292628075900e-04, 0.0000e+00, 0.0000e+00, 
 2DIAGNOSTIC,    37, -5.516553460820e-01, 1.111149524314e-04, 0.0000e+00, 0.0000e+00, 
 2DIAGNOSTIC,    38, -5.524576446482e-01, 9.829168142322e-05, 0.0000e+00, 0.0000e+00, 
 2DIAGNOSTIC,    39, -5.525758201334e-01, 1.033920005250e-04, 0.0000e+00, 0.0000e+00, 
 2DIAGNOSTIC,    40, -5.534925283153e-01, 1.197417332929e-04, 0.0000e+00, 0.0000e+00, 
 2DIAGNOSTIC,    41, -5.541946843457e-01, 1.365311016196e-04, 0.0000e+00, 0.0000e+00, 
 2DIAGNOSTIC,    42, -5.550261504396e-01, 1.511922410693e-04, 0.0000e+00, 0.0000e+00, 
 2DIAGNOSTIC,    43, -5.555297174869e-01, 1.598778513211e-04, 0.0000e+00, 0.0000e+00, 
 2DIAGNOSTIC,    44, -5.558771138011e-01, 1.602625454995e-04, 0.0000e+00, 0.0000e+00, 
 2DIAGNOSTIC,    45, -5.565059820775e-01, 1.541968314294e-04, 0.0000e+00, 0.0000e+00, 
 2DIAGNOSTIC,    46, -5.568396549911e-01, 1.394549454952e-04, 0.0000e+00, 0.0000e+00, 
 2DIAGNOSTIC,    47, -5.570311075534e-01, 1.269472611054e-04, 0.0000e+00, 0.0000e+00, 
 2DIAGNOSTIC,    48, -5.572262346569e-01, 1.139768495866e-04, 0.0000e+00, 0.0000e+00, 
 2DIAGNOSTIC,    49, -5.579238361763e-01, 9.931338372423e-05, 0.0000e+00, 0.0000e+00, 
 2DIAGNOSTIC,    50, -5.615220549546e-01, 1.228749919358e-04, 0.0000e+00, 0.0000e+00, 
 2DIAGNOSTIC,    51, -5.641089741239e-01, 1.664209320687e-04, 0.0000e+00, 0.0000e+00, 
 2DIAGNOSTIC,    52, -5.654688605566e-01, 2.141584981001e-04, 0.0000e+00, 0.0000e+00, 
 2DIAGNOSTIC,    53, -5.659181780827e-01, 2.494207884730e-04, 0.0000e+00, 0.0000e+00, 
 2DIAGNOSTIC,    54, -5.664937575247e-01, 2.684767726150e-04, 0.0000e+00, 0.0000e+00, 
 2DIAGNOSTIC,    55, -5.665202931557e-01, 2.667073396285e-04, 0.0000e+00, 0.0000e+00, 
 2DIAGNOSTIC,    56, -5.668410474015e-01, 2.451816828124e-04, 0.0000e+00, 0.0000e+00, 
 2DIAGNOSTIC,    57, -5.671487594339e-01, 2.057766337389e-04, 0.0000e+00, 0.0000e+00, 
 2DIAGNOSTIC,    58, -5.671686341509e-01, 1.504235662937e-04, 0.0000e+00, 0.0000e+00, 
 2DIAGNOSTIC,    59, -5.671444016937e-01, 8.810341750523e-05, 0.0000e+00, 0.0000e+00, 
 2DIAGNOSTIC,    60, -5.671454498014e-01, 5.035301210247e-05, 0.0000e+00, 0.0000e+00, 
 2DIAGNOSTIC,    61, -5.671297251374e-01, 3.077671118376e-05, 0.0000e+00, 0.0000e+00, 
 2DIAGNOSTIC,    62, -5.671133405735e-01, 2.012031913460e-05, 0.0000e+00, 0.0000e+00, 
 2DIAGNOSTIC,    63, -5.670937555815e-01, 1.137711227679e-05, 0.0000e+00, 0.0000e+00, 
 2DIAGNOSTIC,    64, -5.671016608620e-01, 6.679222690677e-06, 0.0000e+00, 0.0000e+00, 
 2DIAGNOSTIC,    65, -5.671142902745e-01, 1.804655493765e-06, 0.0000e+00, 0.0000e+00, 
DIAGNOSTIC,Iteration,metricValue,convergenceValue,ITERATION_TIME_INDEX,SINCE_LAST
 2DIAGNOSTIC,     1, -5.012550381440e-01, 1.797693134862e+308, 0.0000e+00, 0.0000e+00, 
 2DIAGNOSTIC,     2, -5.014644400741e-01, 1.797693134862e+308, 0.0000e+00, 0.0000e+00, 
 2DIAGNOSTIC,     3, -5.016998689372e-01, 1.797693134862e+308, 0.0000e+00, 0.0000e+00, 
 2DIAGNOSTIC,     4, -5.019085810365e-01, 1.797693134862e+308, 0.0000e+00, 0.0000e+00, 
 2DIAGNOSTIC,     5, -5.019554386621e-01, 1.797693134862e+308, 0.0000e+00, 0.0000e+00, 
 2DIAGNOSTIC,     6, -5.020285717423e-01, 1.797693134862e+308, 0.0000e+00, 0.0000e+00, 
 2DIAGNOSTIC,     7, -5.020997758536e-01, 1.797693134862e+308, 0.0000e+00, 0.0000e+00, 
 2DIAGNOSTIC,     8, -5.022584209761e-01, 1.797693134862e+308, 0.0000e+00, 0.0000e+00, 
 2DIAGNOSTIC,     9, -5.023660357087e-01, 1.797693134862e+308, 0.0000e+00, 0.0000e+00, 
 2DIAGNOSTIC,    10, -5.023798919575e-01, 1.394147216568e-04, 0.0000e+00, 0.0000e+00, 
 2DIAGNOSTIC,    11, -5.023810908961e-01, 1.050671888864e-04, 0.0000e+00, 0.0000e+00, 
 2DIAGNOSTIC,    12, -5.023857789821e-01, 7.721551495211e-05, 0.0000e+00, 0.0000e+00, 
 2DIAGNOSTIC,    13, -5.023965663471e-01, 5.731614085398e-05, 0.0000e+00, 0.0000e+00, 
 2DIAGNOSTIC,    14, -5.024030976714e-01, 4.390049317206e-05, 0.0000e+00, 0.0000e+00, 
 2DIAGNOSTIC,    15, -5.024261986305e-01, 3.114183530960e-05, 0.0000e+00, 0.0000e+00, 
 2DIAGNOSTIC,    16, -5.024696632577e-01, 2.148257216414e-05, 0.0000e+00, 0.0000e+00, 
 2DIAGNOSTIC,    17, -5.025257378231e-01, 1.526993084682e-05, 0.0000e+00, 0.0000e+00, 
 2DIAGNOSTIC,    18, -5.025239833036e-01, 1.332321647896e-05, 0.0000e+00, 0.0000e+00, 
 2DIAGNOSTIC,    19, -5.025246489166e-01, 1.376268684185e-05, 0.0000e+00, 0.0000e+00, 
 2DIAGNOSTIC,    20, -5.025322123852e-01, 1.365507085614e-05, 0.0000e+00, 0.0000e+00, 
 2DIAGNOSTIC,    21, -5.025461655768e-01, 1.281081064407e-05, 0.0000e+00, 0.0000e+00, 
 2DIAGNOSTIC,    22, -5.025541484235e-01, 1.128244078812e-05, 0.0000e+00, 0.0000e+00, 
 2DIAGNOSTIC,    23, -5.025537209965e-01, 9.238442000195e-06, 0.0000e+00, 0.0000e+00, 
 2DIAGNOSTIC,    24, -5.025515003166e-01, 6.755687231859e-06, 0.0000e+00, 0.0000e+00, 
 2DIAGNOSTIC,    25, -5.025522264369e-01, 4.487708598962e-06, 0.0000e+00, 0.0000e+00, 
 2DIAGNOSTIC,    26, -5.025501767345e-01, 2.950462046673e-06, 0.0000e+00, 0.0000e+00, 
 2DIAGNOSTIC,    27, -5.025520855191e-01, 2.580246833334e-06, 0.0000e+00, 0.0000e+00, 
 2DIAGNOSTIC,    28, -5.025514771614e-01, 2.060954032476e-06, 0.0000e+00, 0.0000e+00, 
 2DIAGNOSTIC,    29, -5.025482942397e-01, 1.443523043279e-06, 0.0000e+00, 0.0000e+00, 
DIAGNOSTIC,Iteration,metricValue,convergenceValue,ITERATION_TIME_INDEX,SINCE_LAST
 2DIAGNOSTIC,     1, -4.667957550492e-01, 1.797693134862e+308, 0.0000e+00, 0.0000e+00, 
 2DIAGNOSTIC,     2, -4.669530971684e-01, 1.797693134862e+308, 0.0000e+00, 0.0000e+00, 
 2DIAGNOSTIC,     3, -4.670090529071e-01, 1.797693134862e+308, 0.0000e+00, 0.0000e+00, 
 2DIAGNOSTIC,     4, -4.670125676306e-01, 1.797693134862e+308, 0.0000e+00, 0.0000e+00, 
 2DIAGNOSTIC,     5, -4.670249048373e-01, 1.797693134862e+308, 0.0000e+00, 0.0000e+00, 
 2DIAGNOSTIC,     6, -4.670278905917e-01, 1.797693134862e+308, 0.0000e+00, 0.0000e+00, 
 2DIAGNOSTIC,     7, -4.670277955257e-01, 1.797693134862e+308, 1.2800e+02, 1.2800e+02, 
 2DIAGNOSTIC,     8, -4.670278486653e-01, 1.797693134862e+308, 1.2800e+02, 0.0000e+00, 
 2DIAGNOSTIC,     9, -4.670271149414e-01, 1.797693134862e+308, 1.2800e+02, 0.0000e+00, 
 2DIAGNOSTIC,    10, -4.670268748153e-01, 2.244786300315e-05, 1.2800e+02, 0.0000e+00, 
 2DIAGNOSTIC,    11, -4.670269916357e-01, 8.482020499787e-06, 1.2800e+02, 0.0000e+00, 
 2DIAGNOSTIC,    12, -4.670269086234e-01, 4.247798685117e-06, 1.2800e+02, 0.0000e+00, 
 2DIAGNOSTIC,    13, -4.670269439306e-01, 3.146661786760e-06, 1.2800e+02, 0.0000e+00, 
 2DIAGNOSTIC,    14, -4.670268929675e-01, 2.276545053040e-06, 1.2800e+02, 0.0000e+00, 
 2DIAGNOSTIC,    15, -4.670270335023e-01, 2.025100226011e-06, 1.2800e+02, 0.0000e+00, 
 2DIAGNOSTIC,    16, -4.670268731260e-01, 1.920816877971e-06, 1.2800e+02, 0.0000e+00, 
 2DIAGNOSTIC,    17, -4.670266101310e-01, 1.821902423718e-06, 1.2800e+02, 0.0000e+00, 
 2DIAGNOSTIC,    18, -4.670268616524e-01, 1.749779200887e-06, 1.2800e+02, 0.0000e+00, 
 2DIAGNOSTIC,    19, -4.670268589665e-01, 1.663096359988e-06, 1.2800e+02, 0.0000e+00, 
 2DIAGNOSTIC,    20, -4.670268246953e-01, 1.577572171924e-06, 1.2800e+02, 0.0000e+00, 
 2DIAGNOSTIC,    21, -4.670268341848e-01, 1.505358395992e-06, 1.2800e+02, 0.0000e+00, 
 2DIAGNOSTIC,    22, -4.670268490937e-01, 1.438819695068e-06, 1.2800e+02, 0.0000e+00, 
 2DIAGNOSTIC,    23, -4.670268625788e-01, 1.379931009536e-06, 1.2800e+02, 0.0000e+00, 
 2DIAGNOSTIC,    24, -4.670267733493e-01, 1.322409702360e-06, 1.2800e+02, 0.0000e+00, 
 2DIAGNOSTIC,    25, -4.670266936237e-01, 1.271476432294e-06, 2.5600e+02, 1.2800e+02, 
 2DIAGNOSTIC,    26, -4.670267056528e-01, 1.221356726526e-06, 2.5600e+02, 0.0000e+00, 
 2DIAGNOSTIC,    27, -4.670267045230e-01, 1.168951841483e-06, 2.5600e+02, 0.0000e+00, 
 2DIAGNOSTIC,    28, -4.670265883290e-01, 1.124074546666e-06, 2.5600e+02, 0.0000e+00, 
 2DIAGNOSTIC,    29, -4.670266130715e-01, 1.084029116624e-06, 2.5600e+02, 0.0000e+00, 
 2DIAGNOSTIC,    30, -4.670266140860e-01, 1.047190401046e-06, 2.5600e+02, 0.0000e+00, 
 2DIAGNOSTIC,    31, -4.670266113825e-01, 1.014044194746e-06, 2.5600e+02, 0.0000e+00, 
  Elapsed time (stage 0): 2.5600e+02


Total elapsed time: 2.5600e+02
Info [verificarlo]: loaded backend libinterflop_ieee.so
Info [interflop-ieee]: load backend with:
Info [interflop-ieee]: debug = false
Info [interflop-ieee]: debug-binary = false
Info [interflop-ieee]: no-backend-name = false
Info [interflop-ieee]: print-new-line = false
Info [interflop-ieee]: print-subnormal-normalized = false
Info [interflop-ieee]: count-op = false
All_Command_lines_OK
Using double precision for computations.
=============================================================================
The composite transform comprises the following transforms (in order): 
  1. /home/mdugre/scratch/mri-registration-rp/datasets/ds004513/derivatives/mri-registration-rp/0100/antsRegistration-r8-p23/sub-s032/rigid_Composite.h5[0] (type = Euler3DTransform)
  2. /home/mdugre/scratch/mri-registration-rp/datasets/ds004513/derivatives/mri-registration-rp/0100/antsRegistration-r8-p23/sub-s032/rigid_Composite.h5[1] (type = Euler3DTransform)
  3. /home/mdugre/scratch/mri-registration-rp/datasets/ds004513/derivatives/mri-registration-rp/0100/antsRegistration-r8-p23/sub-s032/rigid_Composite.h5[2] (type = Euler3DTransform)
=============================================================================
  number of levels = 4
  fixed image: /templateflow/tpl-MNI152NLin2009cAsym/tpl-MNI152NLin2009cAsym_res-01_desc-brain_T1w.nii.gz
  moving image: /home/mdugre/scratch/mri-registration-rp/datasets/ds004513/derivatives/mri-registration-rp/antsBrainExtraction/sub-s032/BrainExtractionBrain.nii.gz
Dimension = 3
Number of stages = 1
Use histogram matching = false
Winsorize image intensities = true
  Lower quantile = 0.005
  Upper quantile = 0.995


Stage 1 State
   Image metric = MattesMI
     Fixed image = Image (0x3ae57e0)
  RTTI typeinfo:   itk::Image<double, 3u>
  Reference Count: 2
  Modified Time: 1592
  Debug: Off
  Object Name: 
  Observers: 
    none
  Source: (none)
  Source output name: (none)
  Release Data: Off
  Data Released: False
  Global Release Data: Off
  PipelineMTime: 0
  UpdateMTime: 1203
  RealTimeStamp: 0 seconds 
  LargestPossibleRegion: 
    Dimension: 3
    Index: [0, 0, 0]
    Size: [193, 229, 193]
  BufferedRegion: 
    Dimension: 3
    Index: [0, 0, 0]
    Size: [193, 229, 193]
  RequestedRegion: 
    Dimension: 3
    Index: [0, 0, 0]
    Size: [193, 229, 193]
  Spacing: [1, 1, 1]
  Origin: [96, 132, -78]
  Direction: 
-1 0 0
0 -1 0
0 0 1

  IndexToPointMatrix: 
-1 0 0
0 -1 0
0 0 1

  PointToIndexMatrix: 
-1 0 0
0 -1 0
0 0 1

  Inverse Direction: 
-1 0 0
0 -1 0
0 0 1

  PixelContainer: 
    ImportImageContainer (0x3ba5a20)
      RTTI typeinfo:   itk::ImportImageContainer<unsigned long, double>
      Reference Count: 1
      Modified Time: 1200
      Debug: Off
      Object Name: 
      Observers: 
        none
      Pointer: 0x150075198010
      Container manages memory: true
      Size: 8530021
      Capacity: 8530021

     Moving image = Image (0x3bb0840)
  RTTI typeinfo:   itk::Image<double, 3u>
  Reference Count: 2
  Modified Time: 1593
  Debug: Off
  Object Name: 
  Observers: 
    none
  Source: (none)
  Source output name: (none)
  Release Data: Off
  Data Released: False
  Global Release Data: Off
  PipelineMTime: 0
  UpdateMTime: 1590
  RealTimeStamp: 0 seconds 
  LargestPossibleRegion: 
    Dimension: 3
    Index: [0, 0, 0]
    Size: [160, 240, 256]
  BufferedRegion: 
    Dimension: 3
    Index: [0, 0, 0]
    Size: [160, 240, 256]
  RequestedRegion: 
    Dimension: 3
    Index: [0, 0, 0]
    Size: [160, 240, 256]
  Spacing: [1, 1, 1]
  Origin: [73.279, 104.707, -131.187]
  Direction: 
-0.997527 0.0645574 -0.0278053
-0.0645323 -0.997914 -0.00179875
-0.0278634 4.01097e-08 0.999612

  IndexToPointMatrix: 
-0.997527 0.0645574 -0.0278053
-0.0645323 -0.997914 -0.00179875
-0.0278634 4.01097e-08 0.999612

  PointToIndexMatrix: 
-0.997527 -0.0645323 -0.0278634
0.0645574 -0.997914 4.01049e-08
-0.0278053 -0.00179875 0.999612

  Inverse Direction: 
-0.997527 -0.0645323 -0.0278634
0.0645574 -0.997914 4.01049e-08
-0.0278053 -0.00179875 0.999612

  PixelContainer: 
    ImportImageContainer (0x3b58c90)
      RTTI typeinfo:   itk::ImportImageContainer<unsigned long, double>
      Reference Count: 1
      Modified Time: 1587
      Debug: Off
      Object Name: 
      Observers: 
        none
      Pointer: 0x150070697010
      Container manages memory: true
      Size: 9830400
      Capacity: 9830400

     Weighting = 1
     Sampling strategy = regular
     Number of bins = 32
     Radius = 4
     Sampling percentage  = 0.25
   Transform = Affine
     Gradient step = 0.1
     Update field sigma (voxel space) = 0
     Total field sigma (voxel space) = 0
     Update field time sigma = 0
     Total field time sigma  = 0
     Number of time indices = 0
     Number of time point samples = 0
Registration using 1 total stages.

Stage 0
  iterations = 1000x500x250x100
  convergence threshold = 1e-06
  convergence window size = 10
  number of levels = 4
  using the Mattes MI metric (number of bins = 32, weight = 1, use gradient filter = 0)
  preprocessing:  winsorizing the image intensities
  Shrink factors (level 1 out of 4): [8, 8, 8]
  Shrink factors (level 2 out of 4): [4, 4, 4]
  Shrink factors (level 3 out of 4): [2, 2, 2]
  Shrink factors (level 4 out of 4): [1, 1, 1]
  smoothing sigmas per level: [3, 2, 1, 0]
  regular sampling (percentage = 0.25)

*** Running AffineTransform registration ***

DIAGNOSTIC,Iteration,metricValue,convergenceValue,ITERATION_TIME_INDEX,SINCE_LAST
 2DIAGNOSTIC,     1, -6.853793536909e-01, 1.797693134862e+308, 9.0982e-01, 9.0982e-01, 
 2DIAGNOSTIC,     2, -6.873059065544e-01, 1.797693134862e+308, 9.1553e-01, 5.7051e-03, 
 2DIAGNOSTIC,     3, -6.913960272078e-01, 1.797693134862e+308, 9.2205e-01, 6.5181e-03, 
 2DIAGNOSTIC,     4, -7.194051081502e-01, 1.797693134862e+308, 9.2966e-01, 7.6151e-03, 
 2DIAGNOSTIC,     5, -7.224365797708e-01, 1.797693134862e+308, 9.3545e-01, 5.7871e-03, 
 2DIAGNOSTIC,     6, -7.225390145249e-01, 1.797693134862e+308, 9.4251e-01, 7.0629e-03, 
 2DIAGNOSTIC,     7, -7.223884386700e-01, 1.797693134862e+308, 9.4813e-01, 5.6229e-03, 
 2DIAGNOSTIC,     8, -7.226347136554e-01, 1.797693134862e+308, 9.5399e-01, 5.8548e-03, 
 2DIAGNOSTIC,     9, -7.227690310101e-01, 1.797693134862e+308, 9.5885e-01, 4.8602e-03, 
 2DIAGNOSTIC,    10, -7.230310522581e-01, 3.675066561923e-03, 9.6408e-01, 5.2309e-03, 
 2DIAGNOSTIC,    11, -7.234548905366e-01, 2.402379556924e-03, 9.6919e-01, 5.1138e-03, 
 2DIAGNOSTIC,    12, -7.240386705192e-01, 1.221754580323e-03, 9.7429e-01, 5.0981e-03, 
 2DIAGNOSTIC,    13, -7.248665501577e-01, 2.418601503934e-04, 9.7993e-01, 5.6388e-03, 
 2DIAGNOSTIC,    14, -7.259684532817e-01, 2.051500504490e-04, 9.8499e-01, 5.0640e-03, 
 2DIAGNOSTIC,    15, -7.275400177025e-01, 2.761165886973e-04, 9.9063e-01, 5.6310e-03, 
 2DIAGNOSTIC,    16, -7.313347578741e-01, 4.089168214138e-04, 9.9681e-01, 6.1800e-03, 
 2DIAGNOSTIC,    17, -7.337001065375e-01, 5.378110729659e-04, 1.0028e+00, 6.0430e-03, 
 2DIAGNOSTIC,    18, -7.354431483327e-01, 6.460069078814e-04, 1.0096e+00, 6.7630e-03, 
 2DIAGNOSTIC,    19, -7.369313746684e-01, 7.169872574956e-04, 1.0163e+00, 6.6440e-03, 
 2DIAGNOSTIC,    20, -7.378140688947e-01, 7.364539402503e-04, 1.0215e+00, 5.2741e-03, 
 2DIAGNOSTIC,    21, -7.392607890816e-01, 7.197769623316e-04, 1.0268e+00, 5.3172e-03, 
 2DIAGNOSTIC,    22, -7.405007351948e-01, 6.692815778063e-04, 1.0321e+00, 5.2600e-03, 
 2DIAGNOSTIC,    23, -7.408590477302e-01, 5.811412609229e-04, 1.0384e+00, 6.2530e-03, 
 2DIAGNOSTIC,    24, -7.411997707599e-01, 4.703365196787e-04, 1.0459e+00, 7.5209e-03, 
 2DIAGNOSTIC,    25, -7.412040710864e-01, 3.483216964894e-04, 1.0512e+00, 5.3391e-03, 
 2DIAGNOSTIC,    26, -7.412005852936e-01, 2.597233626968e-04, 1.0564e+00, 5.1510e-03, 
 2DIAGNOSTIC,    27, -7.412945470872e-01, 1.885722402400e-04, 1.0616e+00, 5.2359e-03, 
 2DIAGNOSTIC,    28, -7.413733301658e-01, 1.300698815233e-04, 1.0668e+00, 5.1489e-03, 
 2DIAGNOSTIC,    29, -7.415551974530e-01, 8.607637443977e-05, 1.0721e+00, 5.2948e-03, 
 2DIAGNOSTIC,    30, -7.416594454875e-01, 4.957020903323e-05, 1.0780e+00, 5.9659e-03, 
 2DIAGNOSTIC,    31, -7.418361035988e-01, 3.099468846825e-05, 1.0837e+00, 5.7249e-03, 
 2DIAGNOSTIC,    32, -7.419090963434e-01, 2.666294391691e-05, 1.0913e+00, 7.5231e-03, 
 2DIAGNOSTIC,    33, -7.419657392489e-01, 2.494618550537e-05, 1.0964e+00, 5.1610e-03, 
 2DIAGNOSTIC,    34, -7.419535702861e-01, 2.482082878202e-05, 1.1023e+00, 5.8661e-03, 
 2DIAGNOSTIC,    35, -7.423332060948e-01, 2.672582442049e-05, 1.1086e+00, 6.2599e-03, 
 2DIAGNOSTIC,    36, -7.423577641902e-01, 2.616332267554e-05, 1.1158e+00, 7.2372e-03, 
 2DIAGNOSTIC,    37, -7.422947366263e-01, 2.358732534570e-05, 1.1211e+00, 5.2872e-03, 
 2DIAGNOSTIC,    38, -7.424447539565e-01, 2.139004836373e-05, 1.1270e+00, 5.8961e-03, 
 2DIAGNOSTIC,    39, -7.424994860218e-01, 1.965160998650e-05, 1.1322e+00, 5.2629e-03, 
 2DIAGNOSTIC,    40, -7.424473855761e-01, 1.661167302088e-05, 1.1381e+00, 5.8849e-03, 
 2DIAGNOSTIC,    41, -7.424853288241e-01, 1.426104515747e-05, 1.1437e+00, 5.5490e-03, 
 2DIAGNOSTIC,    42, -7.423329444288e-01, 1.004094964610e-05, 1.1494e+00, 5.7218e-03, 
 2DIAGNOSTIC,    43, -7.423892556328e-01, 6.215365044995e-06, 1.1553e+00, 5.9109e-03, 
 2DIAGNOSTIC,    44, -7.424275825036e-01, 2.135690352453e-06, 1.1609e+00, 5.6360e-03, 
DIAGNOSTIC,Iteration,metricValue,convergenceValue,ITERATION_TIME_INDEX,SINCE_LAST
 2DIAGNOSTIC,     1, -5.968386620223e-01, 1.797693134862e+308, 1.9350e+00, 7.7407e-01, 
 2DIAGNOSTIC,     2, -5.975548854039e-01, 1.797693134862e+308, 1.9682e+00, 3.3148e-02, 
 2DIAGNOSTIC,     3, -5.982970456482e-01, 1.797693134862e+308, 2.0033e+00, 3.5164e-02, 
 2DIAGNOSTIC,     4, -5.993428282122e-01, 1.797693134862e+308, 2.0375e+00, 3.4199e-02, 
 2DIAGNOSTIC,     5, -6.005288746427e-01, 1.797693134862e+308, 2.0711e+00, 3.3574e-02, 
 2DIAGNOSTIC,     6, -6.028737090126e-01, 1.797693134862e+308, 2.1132e+00, 4.2059e-02, 
 2DIAGNOSTIC,     7, -6.077184067808e-01, 1.797693134862e+308, 2.1888e+00, 7.5647e-02, 
 2DIAGNOSTIC,     8, -6.077340830503e-01, 1.797693134862e+308, 2.2286e+00, 3.9789e-02, 
 2DIAGNOSTIC,     9, -6.076968609442e-01, 1.797693134862e+308, 2.2822e+00, 5.3595e-02, 
 2DIAGNOSTIC,    10, -6.076738655679e-01, 1.447213462618e-03, 2.3312e+00, 4.9040e-02, 
 2DIAGNOSTIC,    11, -6.076694218939e-01, 1.216864564411e-03, 2.3698e+00, 3.8590e-02, 
 2DIAGNOSTIC,    12, -6.076671449601e-01, 9.412505442282e-04, 2.4083e+00, 3.8500e-02, 
 2DIAGNOSTIC,    13, -6.076525864536e-01, 6.500968798557e-04, 2.4454e+00, 3.7064e-02, 
 2DIAGNOSTIC,    14, -6.076508717785e-01, 3.795703144913e-04, 2.4878e+00, 4.2410e-02, 
 2DIAGNOSTIC,    15, -6.076490647130e-01, 1.477572741154e-04, 2.5258e+00, 3.8013e-02, 
DIAGNOSTIC,Iteration,metricValue,convergenceValue,ITERATION_TIME_INDEX,SINCE_LAST
 2DIAGNOSTIC,     1, -5.431396868602e-01, 1.797693134862e+308, 3.7402e+00, 1.2144e+00, 
 2DIAGNOSTIC,     2, -5.434411340931e-01, 1.797693134862e+308, 4.0768e+00, 3.3664e-01, 
 2DIAGNOSTIC,     3, -5.437212070585e-01, 1.797693134862e+308, 4.3408e+00, 2.6399e-01, 
 2DIAGNOSTIC,     4, -5.439301450215e-01, 1.797693134862e+308, 4.5920e+00, 2.5116e-01, 
 2DIAGNOSTIC,     5, -5.440356415435e-01, 1.797693134862e+308, 4.8961e+00, 3.0414e-01, 
 2DIAGNOSTIC,     6, -5.441466333383e-01, 1.797693134862e+308, 5.5229e+00, 6.2675e-01, 
 2DIAGNOSTIC,     7, -5.441466100943e-01, 1.797693134862e+308, 5.8454e+00, 3.2252e-01, 
 2DIAGNOSTIC,     8, -5.441472090695e-01, 1.797693134862e+308, 6.1225e+00, 2.7715e-01, 
 2DIAGNOSTIC,     9, -5.441503970629e-01, 1.797693134862e+308, 6.4388e+00, 3.1627e-01, 
 2DIAGNOSTIC,    10, -5.441569406746e-01, 1.105824777931e-04, 6.7324e+00, 2.9361e-01, 
 2DIAGNOSTIC,    11, -5.441659472806e-01, 6.522326259895e-05, 7.0675e+00, 3.3511e-01, 
 2DIAGNOSTIC,    12, -5.441800247851e-01, 3.538782261463e-05, 7.3880e+00, 3.2051e-01, 
 2DIAGNOSTIC,    13, -5.441961607038e-01, 1.896801807873e-05, 7.7007e+00, 3.1265e-01, 
 2DIAGNOSTIC,    14, -5.442248162958e-01, 1.218956656021e-05, 7.9970e+00, 2.9632e-01, 
 2DIAGNOSTIC,    15, -5.442550261752e-01, 1.000674863899e-05, 8.3213e+00, 3.2429e-01, 
 2DIAGNOSTIC,    16, -5.443143420061e-01, 1.292061601575e-05, 8.6229e+00, 3.0165e-01, 
 2DIAGNOSTIC,    17, -5.443759258801e-01, 1.634385304095e-05, 8.9753e+00, 3.5236e-01, 
 2DIAGNOSTIC,    18, -5.444559904394e-01, 2.036559596087e-05, 9.3255e+00, 3.5014e-01, 
 2DIAGNOSTIC,    19, -5.445580303467e-01, 2.510313105104e-05, 9.6699e+00, 3.4440e-01, 
 2DIAGNOSTIC,    20, -5.446893189995e-01, 3.074661333756e-05, 1.0378e+01, 7.0856e-01, 
 2DIAGNOSTIC,    21, -5.446889515295e-01, 3.329369649373e-05, 1.0735e+01, 3.5633e-01, 
 2DIAGNOSTIC,    22, -5.446881091043e-01, 3.300536958731e-05, 1.1213e+01, 4.7864e-01, 
 2DIAGNOSTIC,    23, -5.446875445544e-01, 3.015914679501e-05, 1.1542e+01, 3.2910e-01, 
 2DIAGNOSTIC,    24, -5.446842929192e-01, 2.536967632522e-05, 1.1867e+01, 3.2425e-01, 
 2DIAGNOSTIC,    25, -5.446849969302e-01, 1.930633256608e-05, 1.2191e+01, 3.2441e-01, 
 2DIAGNOSTIC,    26, -5.446846031317e-01, 1.320345246458e-05, 1.2511e+01, 3.2014e-01, 
 2DIAGNOSTIC,    27, -5.446833056689e-01, 7.611145144623e-06, 1.2799e+01, 2.8765e-01, 
 2DIAGNOSTIC,    28, -5.446834548773e-01, 3.283941686381e-06, 1.3144e+01, 3.4548e-01, 
DIAGNOSTIC,Iteration,metricValue,convergenceValue,ITERATION_TIME_INDEX,SINCE_LAST
 2DIAGNOSTIC,     1, -4.998009982167e-01, 1.797693134862e+308, 1.6016e+01, 2.8718e+00, 
 2DIAGNOSTIC,     2, -4.999698416503e-01, 1.797693134862e+308, 1.7614e+01, 1.5979e+00, 
 2DIAGNOSTIC,     3, -5.001771075885e-01, 1.797693134862e+308, 1.9167e+01, 1.5533e+00, 
 2DIAGNOSTIC,     4, -5.004808265793e-01, 1.797693134862e+308, 2.1268e+01, 2.1005e+00, 
 2DIAGNOSTIC,     5, -5.005169945482e-01, 1.797693134862e+308, 2.4117e+01, 2.8488e+00, 
 2DIAGNOSTIC,     6, -5.005177370397e-01, 1.797693134862e+308, 2.7182e+01, 3.0653e+00, 
