
##########################
# Experiment information #
##########################

EXPERIMENT_NAME: antsRegistration-r7-p8
VFC_BACKENDS: libinterflop_vprec.so --range-binary32=7 --precision-binary32=8 --range-binary64=7 --precision-binary64=8

SIF_IMG: /home/mdugre/projects/rrg-glatard/mdugre/containers/ants-vprec-no_metrics.simg

SUBJECT_ID: s032
INPUT_IMG: /home/mdugre/scratch/mri-registration-rp/datasets/ds004513/derivatives/mri-registration-rp/antsBrainExtraction/sub-s032/BrainExtractionBrain.nii.gz
OUTPUT_DIR: /home/mdugre/scratch/mri-registration-rp/datasets/ds004513/derivatives/mri-registration-rp/0100/antsRegistration-r7-p8/sub-s032

FIXED_IMG: /templateflow/tpl-MNI152NLin2009cAsym/tpl-MNI152NLin2009cAsym_res-01_desc-brain_T1w.nii.gz
DATA_DIR: /home/mdugre/scratch/mri-registration-rp/datasets/ds004513
TEMPLATEFLOW_DIR: /home/mdugre/projects/rrg-glatard/mdugre/templateflow
ITK_GLOBAL_DEFAULT_NUMBER_OF_THREADS: 16
##########################

Info [verificarlo]: loaded backend libinterflop_ieee.so
Info [interflop-ieee]: load backend with:
Info [interflop-ieee]: debug = false
Info [interflop-ieee]: debug-binary = false
Info [interflop-ieee]: no-backend-name = false
Info [interflop-ieee]: print-new-line = false
Info [interflop-ieee]: print-subnormal-normalized = false
Info [interflop-ieee]: count-op = false
All_Command_lines_OK
Using double precision for computations.
=============================================================================
The composite transform comprises the following transforms (in order): 
  1. Center of mass alignment using fixed image: /templateflow/tpl-MNI152NLin2009cAsym/tpl-MNI152NLin2009cAsym_res-01_desc-brain_T1w.nii.gz and moving image: /home/mdugre/scratch/mri-registration-rp/datasets/ds004513/derivatives/mri-registration-rp/antsBrainExtraction/sub-s032/BrainExtractionBrain.nii.gz (type = Euler3DTransform)
=============================================================================
  number of levels = 1
  fixed image: /templateflow/tpl-MNI152NLin2009cAsym/tpl-MNI152NLin2009cAsym_res-01_desc-brain_T1w.nii.gz
  moving image: /home/mdugre/scratch/mri-registration-rp/datasets/ds004513/derivatives/mri-registration-rp/antsBrainExtraction/sub-s032/BrainExtractionBrain.nii.gz
Dimension = 3
Number of stages = 1
Use histogram matching = false
Winsorize image intensities = true
  Lower quantile = 0.005
  Upper quantile = 0.995


Stage 1 State
   Image metric = MattesMI
     Fixed image = Image (0x4b57bd0)
  RTTI typeinfo:   itk::Image<double, 3u>
  Reference Count: 2
  Modified Time: 2330
  Debug: Off
  Object Name: 
  Observers: 
    none
  Source: (none)
  Source output name: (none)
  Release Data: Off
  Data Released: False
  Global Release Data: Off
  PipelineMTime: 0
  UpdateMTime: 1941
  RealTimeStamp: 0 seconds 
  LargestPossibleRegion: 
    Dimension: 3
    Index: [0, 0, 0]
    Size: [193, 229, 193]
  BufferedRegion: 
    Dimension: 3
    Index: [0, 0, 0]
    Size: [193, 229, 193]
  RequestedRegion: 
    Dimension: 3
    Index: [0, 0, 0]
    Size: [193, 229, 193]
  Spacing: [1, 1, 1]
  Origin: [96, 132, -78]
  Direction: 
-1 0 0
0 -1 0
0 0 1

  IndexToPointMatrix: 
-1 0 0
0 -1 0
0 0 1

  PointToIndexMatrix: 
-1 0 0
0 -1 0
0 0 1

  Inverse Direction: 
-1 0 0
0 -1 0
0 0 1

  PixelContainer: 
    ImportImageContainer (0x4b609e0)
      RTTI typeinfo:   itk::ImportImageContainer<unsigned long, double>
      Reference Count: 1
      Modified Time: 1938
      Debug: Off
      Object Name: 
      Observers: 
        none
      Pointer: 0x1470719cd010
      Container manages memory: true
      Size: 8530021
      Capacity: 8530021

     Moving image = Image (0x4b61d40)
  RTTI typeinfo:   itk::Image<double, 3u>
  Reference Count: 2
  Modified Time: 2331
  Debug: Off
  Object Name: 
  Observers: 
    none
  Source: (none)
  Source output name: (none)
  Release Data: Off
  Data Released: False
  Global Release Data: Off
  PipelineMTime: 0
  UpdateMTime: 2328
  RealTimeStamp: 0 seconds 
  LargestPossibleRegion: 
    Dimension: 3
    Index: [0, 0, 0]
    Size: [160, 240, 256]
  BufferedRegion: 
    Dimension: 3
    Index: [0, 0, 0]
    Size: [160, 240, 256]
  RequestedRegion: 
    Dimension: 3
    Index: [0, 0, 0]
    Size: [160, 240, 256]
  Spacing: [1, 1, 1]
  Origin: [73.279, 104.707, -131.187]
  Direction: 
-0.997527 0.0645574 -0.0278053
-0.0645323 -0.997914 -0.00179875
-0.0278634 4.01097e-08 0.999612

  IndexToPointMatrix: 
-0.997527 0.0645574 -0.0278053
-0.0645323 -0.997914 -0.00179875
-0.0278634 4.01097e-08 0.999612

  PointToIndexMatrix: 
-0.997527 -0.0645323 -0.0278634
0.0645574 -0.997914 4.01049e-08
-0.0278053 -0.00179875 0.999612

  Inverse Direction: 
-0.997527 -0.0645323 -0.0278634
0.0645574 -0.997914 4.01049e-08
-0.0278053 -0.00179875 0.999612

  PixelContainer: 
    ImportImageContainer (0x4b87850)
      RTTI typeinfo:   itk::ImportImageContainer<unsigned long, double>
      Reference Count: 1
      Modified Time: 2325
      Debug: Off
      Object Name: 
      Observers: 
        none
      Pointer: 0x14706cecc010
      Container manages memory: true
      Size: 9830400
      Capacity: 9830400

     Weighting = 1
     Sampling strategy = regular
     Number of bins = 32
     Radius = 4
     Sampling percentage  = 0.25
   Transform = Rigid
     Gradient step = 0.1
     Update field sigma (voxel space) = 0
     Total field sigma (voxel space) = 0
     Update field time sigma = 0
     Total field time sigma  = 0
     Number of time indices = 0
     Number of time point samples = 0
Registration using 1 total stages.

Stage 0
  iterations = 0
  convergence threshold = 1e-06
  convergence window size = 10
  number of levels = 1
  using the Mattes MI metric (number of bins = 32, weight = 1, use gradient filter = 0)
  preprocessing:  winsorizing the image intensities
  Shrink factors (level 1 out of 1): [1, 1, 1]
  smoothing sigmas per level: [0]
  regular sampling (percentage = 0.25)

*** Running Euler3DTransform registration ***

  Elapsed time (stage 0): 1.09028


Total elapsed time: 1.0926
Info [verificarlo]: loaded backend libinterflop_vprec.so
Info [interflop-vprec]: load backend with: 
Info [interflop-vprec]: precision-binary32 = 8
Info [interflop-vprec]: range-binary32 = 7
Info [interflop-vprec]: precision-binary64 = 8
Info [interflop-vprec]: range-binary64 = 7
Info [interflop-vprec]: mode = ob
Info [interflop-vprec]: error-mode = rel
Info [interflop-vprec]: max-abs-error-exponent = -1022
Info [interflop-vprec]: daz = false
Info [interflop-vprec]: ftz = false
Info [interflop-vprec]: 	instrument = none
Info [interflop-vprec]: 	prec-input-file = (null)
Info [interflop-vprec]: 	prec-output-file = (null)
Info [interflop-vprec]: 	prec-log-file = (null)
All_Command_lines_OK
Using double precision for computations.
=============================================================================
The composite transform comprises the following transforms (in order): 
  1. /home/mdugre/scratch/mri-registration-rp/datasets/ds004513/derivatives/mri-registration-rp/0100/antsRegistration-r7-p8/sub-s032/align_Composite.h5[0] (type = Euler3DTransform)
  2. /home/mdugre/scratch/mri-registration-rp/datasets/ds004513/derivatives/mri-registration-rp/0100/antsRegistration-r7-p8/sub-s032/align_Composite.h5[1] (type = Euler3DTransform)
=============================================================================
  number of levels = 4
  fixed image: /templateflow/tpl-MNI152NLin2009cAsym/tpl-MNI152NLin2009cAsym_res-01_desc-brain_T1w.nii.gz
  moving image: /home/mdugre/scratch/mri-registration-rp/datasets/ds004513/derivatives/mri-registration-rp/antsBrainExtraction/sub-s032/BrainExtractionBrain.nii.gz
Dimension = 3
Number of stages = 1
Use histogram matching = false
Winsorize image intensities = true
  Lower quantile = 0.005
  Upper quantile = 0.995


Stage 1 State
   Image metric = MattesMI
     Fixed image = Image (0x45fd1e0)
  RTTI typeinfo:   itk::Image<double, 3u>
  Reference Count: 2
  Modified Time: 1578
  Debug: Off
  Object Name: 
  Observers: 
    none
  Source: (none)
  Source output name: (none)
  Release Data: Off
  Data Released: False
  Global Release Data: Off
  PipelineMTime: 0
  UpdateMTime: 1189
  RealTimeStamp: 0 seconds 
  LargestPossibleRegion: 
    Dimension: 3
    Index: [0, 0, 0]
    Size: [193, 229, 193]
  BufferedRegion: 
    Dimension: 3
    Index: [0, 0, 0]
    Size: [193, 229, 193]
  RequestedRegion: 
    Dimension: 3
    Index: [0, 0, 0]
    Size: [193, 229, 193]
  Spacing: [1, 1, 1]
  Origin: [96, 132, -78]
  Direction: 
-1 0 0
0 -1 0
0 0 1

  IndexToPointMatrix: 
-1 0 0
0 -1 0
0 0 1

  PointToIndexMatrix: 
-1 0 0
0 -1 0
0 0 1

  Inverse Direction: 
-1 0 0
0 -1 0
0 0 1

  PixelContainer: 
    ImportImageContainer (0x46bc680)
      RTTI typeinfo:   itk::ImportImageContainer<unsigned long, double>
      Reference Count: 1
      Modified Time: 1186
      Debug: Off
      Object Name: 
      Observers: 
        none
      Pointer: 0x147721174010
      Container manages memory: true
      Size: 8530021
      Capacity: 8530021

     Moving image = Image (0x46b8b20)
  RTTI typeinfo:   itk::Image<double, 3u>
  Reference Count: 2
  Modified Time: 1579
  Debug: Off
  Object Name: 
  Observers: 
    none
  Source: (none)
  Source output name: (none)
  Release Data: Off
  Data Released: False
  Global Release Data: Off
  PipelineMTime: 0
  UpdateMTime: 1576
  RealTimeStamp: 0 seconds 
  LargestPossibleRegion: 
    Dimension: 3
    Index: [0, 0, 0]
    Size: [160, 240, 256]
  BufferedRegion: 
    Dimension: 3
    Index: [0, 0, 0]
    Size: [160, 240, 256]
  RequestedRegion: 
    Dimension: 3
    Index: [0, 0, 0]
    Size: [160, 240, 256]
  Spacing: [1, 1, 1]
  Origin: [73.25, 104.75, -131]
  Direction: 
-0.998047 0.0646973 -0.027832
-0.0646973 -0.998047 -0.00180054
-0.0278931 0 1

  IndexToPointMatrix: 
-0.998047 0.0646973 -0.027832
-0.0646973 -0.998047 -0.00180054
-0.0278931 0 1

  PointToIndexMatrix: 
-1 -0.0646973 -0.0278931
0.0651855 -1.00391 -0.00146484
-0.0279541 -0.00146484 1

  Inverse Direction: 
-1 -0.0646973 -0.0278931
0.0651855 -1.00391 -0.00146484
-0.0279541 -0.00146484 1

  PixelContainer: 
    ImportImageContainer (0x4721d50)
      RTTI typeinfo:   itk::ImportImageContainer<unsigned long, double>
      Reference Count: 1
      Modified Time: 1573
      Debug: Off
      Object Name: 
      Observers: 
        none
      Pointer: 0x14771c673010
      Container manages memory: true
      Size: 9830400
      Capacity: 9830400

     Weighting = 1
     Sampling strategy = regular
     Number of bins = 32
     Radius = 4
     Sampling percentage  = 0.25
   Transform = Rigid
     Gradient step = 0.1
     Update field sigma (voxel space) = 0
     Total field sigma (voxel space) = 0
     Update field time sigma = 0
     Total field time sigma  = 0
     Number of time indices = 0
     Number of time point samples = 0
Registration using 1 total stages.

Stage 0
  iterations = 1000x500x250x100
  convergence threshold = 1e-06
  convergence window size = 10
  number of levels = 4
  using the Mattes MI metric (number of bins = 32, weight = 1, use gradient filter = 0)
  preprocessing:  winsorizing the image intensities
  Shrink factors (level 1 out of 4): [8, 8, 8]
  Shrink factors (level 2 out of 4): [4, 4, 4]
  Shrink factors (level 3 out of 4): [2, 2, 2]
  Shrink factors (level 4 out of 4): [1, 1, 1]
  smoothing sigmas per level: [3, 2, 1, 0]
  regular sampling (percentage = 0.25)

*** Running Euler3DTransform registration ***

DIAGNOSTIC,Iteration,metricValue,convergenceValue,ITERATION_TIME_INDEX,SINCE_LAST
 2DIAGNOSTIC,     1, -5.767642735299e-01, 1.797693134862e+308, 0.0000e+00, 0.0000e+00, 
 2DIAGNOSTIC,     2, -5.763916798012e-01, 1.797693134862e+308, 0.0000e+00, 0.0000e+00, 
 2DIAGNOSTIC,     3, -5.767110185361e-01, 1.797693134862e+308, 0.0000e+00, 0.0000e+00, 
 2DIAGNOSTIC,     4, -5.770817763496e-01, 1.797693134862e+308, 0.0000e+00, 0.0000e+00, 
 2DIAGNOSTIC,     5, -5.776416649421e-01, 1.797693134862e+308, 0.0000e+00, 0.0000e+00, 
 2DIAGNOSTIC,     6, -5.791291530787e-01, 1.797693134862e+308, 0.0000e+00, 0.0000e+00, 
 2DIAGNOSTIC,     7, -5.790659697455e-01, 1.797693134862e+308, 0.0000e+00, 0.0000e+00, 
 2DIAGNOSTIC,     8, -5.809992770368e-01, 1.797693134862e+308, 0.0000e+00, 0.0000e+00, 
 2DIAGNOSTIC,     9, -5.822471230542e-01, 1.797693134862e+308, 0.0000e+00, 0.0000e+00, 
 2DIAGNOSTIC,    10, -5.828017664400e-01, 7.533431413777e-04, 0.0000e+00, 0.0000e+00, 
 2DIAGNOSTIC,    11, -5.846891351473e-01, 8.389658574459e-04, 0.0000e+00, 0.0000e+00, 
 2DIAGNOSTIC,    12, -5.887377118331e-01, 9.831899903991e-04, 0.0000e+00, 0.0000e+00, 
 2DIAGNOSTIC,    13, -5.883395883904e-01, 1.009581395480e-03, 0.0000e+00, 0.0000e+00, 
 2DIAGNOSTIC,    14, -5.905051548220e-01, 1.031035174922e-03, 0.0000e+00, 0.0000e+00, 
 2DIAGNOSTIC,    15, -5.915195124335e-01, 1.005545794542e-03, 0.0000e+00, 0.0000e+00, 
 2DIAGNOSTIC,    16, -5.907573973957e-01, 9.129474426786e-04, 0.0000e+00, 0.0000e+00, 
 2DIAGNOSTIC,    17, -5.907487814474e-01, 7.444914665216e-04, 0.0000e+00, 0.0000e+00, 
 2DIAGNOSTIC,    18, -5.915030429332e-01, 5.986298143781e-04, 0.0000e+00, 0.0000e+00, 
 2DIAGNOSTIC,    19, -5.914385509858e-01, 4.432930196461e-04, 0.0000e+00, 0.0000e+00, 
 2DIAGNOSTIC,    20, -5.914385509858e-01, 2.754254412809e-04, 0.0000e+00, 0.0000e+00, 
 2DIAGNOSTIC,    21, -5.914385509858e-01, 1.402249613801e-04, 0.0000e+00, 0.0000e+00, 
 2DIAGNOSTIC,    22, -5.914385509858e-01, 9.500551856555e-05, 0.0000e+00, 0.0000e+00, 
 2DIAGNOSTIC,    23, -5.914385509858e-01, 3.490200523343e-05, 0.0000e+00, 0.0000e+00, 
 2DIAGNOSTIC,    24, -5.914385509858e-01, 1.959210003431e-05, 0.0000e+00, 0.0000e+00, 
 2DIAGNOSTIC,    25, -5.914385509858e-01, 2.405142347798e-05, 0.0000e+00, 0.0000e+00, 
 2DIAGNOSTIC,    26, -5.914385509858e-01, 1.182627722379e-05, 0.0000e+00, 0.0000e+00, 
DIAGNOSTIC,Iteration,metricValue,convergenceValue,ITERATION_TIME_INDEX,SINCE_LAST
 2DIAGNOSTIC,     1, -4.605624915232e-01, 1.797693134862e+308, 0.0000e+00, 0.0000e+00, 
 2DIAGNOSTIC,     2, -4.608429093131e-01, 1.797693134862e+308, 0.0000e+00, 0.0000e+00, 
 2DIAGNOSTIC,     3, -4.608047657466e-01, 1.797693134862e+308, 0.0000e+00, 0.0000e+00, 
 2DIAGNOSTIC,     4, -4.608304709792e-01, 1.797693134862e+308, 0.0000e+00, 0.0000e+00, 
 2DIAGNOSTIC,     5, -4.607418323518e-01, 1.797693134862e+308, 0.0000e+00, 0.0000e+00, 
 2DIAGNOSTIC,     6, -4.607672086484e-01, 1.797693134862e+308, 0.0000e+00, 0.0000e+00, 
 2DIAGNOSTIC,     7, -4.609153170643e-01, 1.797693134862e+308, 0.0000e+00, 0.0000e+00, 
 2DIAGNOSTIC,     8, -4.608611895955e-01, 1.797693134862e+308, 0.0000e+00, 0.0000e+00, 
 2DIAGNOSTIC,     9, -4.609078571213e-01, 1.797693134862e+308, 0.0000e+00, 0.0000e+00, 
 2DIAGNOSTIC,    10, -4.608863866418e-01, 2.864020375293e-05, 0.0000e+00, 0.0000e+00, 
 2DIAGNOSTIC,    11, -4.608732445963e-01, 1.323834378716e-05, 0.0000e+00, 0.0000e+00, 
 2DIAGNOSTIC,    12, -4.608844300248e-01, 1.415498573379e-05, 0.0000e+00, 0.0000e+00, 
 2DIAGNOSTIC,    13, -4.608691008064e-01, 1.100504009489e-05, 0.0000e+00, 0.0000e+00, 
 2DIAGNOSTIC,    14, -4.608739225984e-01, 8.884235235360e-06, 0.0000e+00, 0.0000e+00, 
 2DIAGNOSTIC,    15, -4.608739225984e-01, 2.594193528979e-06, 0.0000e+00, 0.0000e+00, 
DIAGNOSTIC,Iteration,metricValue,convergenceValue,ITERATION_TIME_INDEX,SINCE_LAST
 2DIAGNOSTIC,     1, -4.097075324892e-01, 1.797693134862e+308, 0.0000e+00, 0.0000e+00, 
 2DIAGNOSTIC,     2, -4.099628897809e-01, 1.797693134862e+308, 0.0000e+00, 0.0000e+00, 
 2DIAGNOSTIC,     3, -4.105326939972e-01, 1.797693134862e+308, 0.0000e+00, 0.0000e+00, 
 2DIAGNOSTIC,     4, -4.112211588251e-01, 1.797693134862e+308, 0.0000e+00, 0.0000e+00, 
 2DIAGNOSTIC,     5, -4.127658880433e-01, 1.797693134862e+308, 0.0000e+00, 0.0000e+00, 
 2DIAGNOSTIC,     6, -4.156225817961e-01, 1.797693134862e+308, 0.0000e+00, 0.0000e+00, 
 2DIAGNOSTIC,     7, -4.192013070185e-01, 1.797693134862e+308, 0.0000e+00, 0.0000e+00, 
 2DIAGNOSTIC,     8, -4.244608527370e-01, 1.797693134862e+308, 0.0000e+00, 0.0000e+00, 
 2DIAGNOSTIC,     9, -4.376735139435e-01, 1.797693134862e+308, 0.0000e+00, 0.0000e+00, 
 2DIAGNOSTIC,    10, -4.572419552663e-01, 5.792948656344e-03, 0.0000e+00, 0.0000e+00, 
 2DIAGNOSTIC,    11, -4.907837424670e-01, 8.851516750155e-03, 0.0000e+00, 0.0000e+00, 
 2DIAGNOSTIC,    12, -4.951183396132e-01, 1.075758480317e-02, 0.0000e+00, 0.0000e+00, 
 2DIAGNOSTIC,    13, -4.948779817869e-01, 1.141214194251e-02, 0.0000e+00, 0.0000e+00, 
 2DIAGNOSTIC,    14, -4.948277581734e-01, 1.098014676473e-02, 0.0000e+00, 0.0000e+00, 
 2DIAGNOSTIC,    15, -4.944950137462e-01, 9.653300223327e-03, 0.0000e+00, 0.0000e+00, 
 2DIAGNOSTIC,    16, -4.949590517962e-01, 7.744489390442e-03, 0.0000e+00, 0.0000e+00, 
 2DIAGNOSTIC,    17, -4.950253082971e-01, 5.511913399153e-03, 0.0000e+00, 0.0000e+00, 
 2DIAGNOSTIC,    18, -4.950356984878e-01, 3.240391477766e-03, 0.0000e+00, 0.0000e+00, 
 2DIAGNOSTIC,    19, -4.950113664765e-01, 1.360194784305e-03, 0.0000e+00, 0.0000e+00, 
 2DIAGNOSTIC,    20, -4.950113664765e-01, 1.371525665970e-04, 0.0000e+00, 0.0000e+00, 
 2DIAGNOSTIC,    21, -4.950113664765e-01, 1.183260948556e-05, 0.0000e+00, 0.0000e+00, 
 2DIAGNOSTIC,    22, -4.950113664765e-01, 1.913298082520e-05, 0.0000e+00, 0.0000e+00, 
 2DIAGNOSTIC,    23, -4.950113664765e-01, 1.766844854856e-05, 0.0000e+00, 0.0000e+00, 
 2DIAGNOSTIC,    24, -4.950113664765e-01, 1.382068201186e-05, 0.0000e+00, 0.0000e+00, 
DIAGNOSTIC,Iteration,metricValue,convergenceValue,ITERATION_TIME_INDEX,SINCE_LAST
 2DIAGNOSTIC,     1, -4.580425286958e-01, 1.797693134862e+308, 0.0000e+00, 0.0000e+00, 
 2DIAGNOSTIC,     2, -4.579805767262e-01, 1.797693134862e+308, 0.0000e+00, 0.0000e+00, 
 2DIAGNOSTIC,     3, -4.579740763518e-01, 1.797693134862e+308, 0.0000e+00, 0.0000e+00, 
 2DIAGNOSTIC,     4, -4.579702942187e-01, 1.797693134862e+308, 0.0000e+00, 0.0000e+00, 
 2DIAGNOSTIC,     5, -4.579498314739e-01, 1.797693134862e+308, 0.0000e+00, 0.0000e+00, 
 2DIAGNOSTIC,     6, -4.579435340820e-01, 1.797693134862e+308, 0.0000e+00, 0.0000e+00, 
 2DIAGNOSTIC,     7, -4.579677477953e-01, 1.797693134862e+308, 0.0000e+00, 0.0000e+00, 
 2DIAGNOSTIC,     8, -4.579672995542e-01, 1.797693134862e+308, 0.0000e+00, 0.0000e+00, 
 2DIAGNOSTIC,     9, -4.579678325481e-01, 1.797693134862e+308, 0.0000e+00, 0.0000e+00, 
  Elapsed time (stage 0): 0.0000e+00


Total elapsed time: 0.0000e+00
Info [verificarlo]: loaded backend libinterflop_ieee.so
Info [interflop-ieee]: load backend with:
Info [interflop-ieee]: debug = false
Info [interflop-ieee]: debug-binary = false
Info [interflop-ieee]: no-backend-name = false
Info [interflop-ieee]: print-new-line = false
Info [interflop-ieee]: print-subnormal-normalized = false
Info [interflop-ieee]: count-op = false
All_Command_lines_OK
Using double precision for computations.
=============================================================================
The composite transform comprises the following transforms (in order): 
  1. /home/mdugre/scratch/mri-registration-rp/datasets/ds004513/derivatives/mri-registration-rp/0100/antsRegistration-r7-p8/sub-s032/rigid_Composite.h5[0] (type = Euler3DTransform)
  2. /home/mdugre/scratch/mri-registration-rp/datasets/ds004513/derivatives/mri-registration-rp/0100/antsRegistration-r7-p8/sub-s032/rigid_Composite.h5[1] (type = Euler3DTransform)
  3. /home/mdugre/scratch/mri-registration-rp/datasets/ds004513/derivatives/mri-registration-rp/0100/antsRegistration-r7-p8/sub-s032/rigid_Composite.h5[2] (type = Euler3DTransform)
=============================================================================
  number of levels = 4
  fixed image: /templateflow/tpl-MNI152NLin2009cAsym/tpl-MNI152NLin2009cAsym_res-01_desc-brain_T1w.nii.gz
  moving image: /home/mdugre/scratch/mri-registration-rp/datasets/ds004513/derivatives/mri-registration-rp/antsBrainExtraction/sub-s032/BrainExtractionBrain.nii.gz
Dimension = 3
Number of stages = 1
Use histogram matching = false
Winsorize image intensities = true
  Lower quantile = 0.005
  Upper quantile = 0.995


Stage 1 State
   Image metric = MattesMI
     Fixed image = Image (0x3c78530)
  RTTI typeinfo:   itk::Image<double, 3u>
  Reference Count: 2
  Modified Time: 1592
  Debug: Off
  Object Name: 
  Observers: 
    none
  Source: (none)
  Source output name: (none)
  Release Data: Off
  Data Released: False
  Global Release Data: Off
  PipelineMTime: 0
  UpdateMTime: 1203
  RealTimeStamp: 0 seconds 
  LargestPossibleRegion: 
    Dimension: 3
    Index: [0, 0, 0]
    Size: [193, 229, 193]
  BufferedRegion: 
    Dimension: 3
    Index: [0, 0, 0]
    Size: [193, 229, 193]
  RequestedRegion: 
    Dimension: 3
    Index: [0, 0, 0]
    Size: [193, 229, 193]
  Spacing: [1, 1, 1]
  Origin: [96, 132, -78]
  Direction: 
-1 0 0
0 -1 0
0 0 1

  IndexToPointMatrix: 
-1 0 0
0 -1 0
0 0 1

  PointToIndexMatrix: 
-1 0 0
0 -1 0
0 0 1

  Inverse Direction: 
-1 0 0
0 -1 0
0 0 1

  PixelContainer: 
    ImportImageContainer (0x3c852b0)
      RTTI typeinfo:   itk::ImportImageContainer<unsigned long, double>
      Reference Count: 1
      Modified Time: 1200
      Debug: Off
      Object Name: 
      Observers: 
        none
      Pointer: 0x1461ba021010
      Container manages memory: true
      Size: 8530021
      Capacity: 8530021

     Moving image = Image (0x3d33fd0)
  RTTI typeinfo:   itk::Image<double, 3u>
  Reference Count: 2
  Modified Time: 1593
  Debug: Off
  Object Name: 
  Observers: 
    none
  Source: (none)
  Source output name: (none)
  Release Data: Off
  Data Released: False
  Global Release Data: Off
  PipelineMTime: 0
  UpdateMTime: 1590
  RealTimeStamp: 0 seconds 
  LargestPossibleRegion: 
    Dimension: 3
    Index: [0, 0, 0]
    Size: [160, 240, 256]
  BufferedRegion: 
    Dimension: 3
    Index: [0, 0, 0]
    Size: [160, 240, 256]
  RequestedRegion: 
    Dimension: 3
    Index: [0, 0, 0]
    Size: [160, 240, 256]
  Spacing: [1, 1, 1]
  Origin: [73.279, 104.707, -131.187]
  Direction: 
-0.997527 0.0645574 -0.0278053
-0.0645323 -0.997914 -0.00179875
-0.0278634 4.01097e-08 0.999612

  IndexToPointMatrix: 
-0.997527 0.0645574 -0.0278053
-0.0645323 -0.997914 -0.00179875
-0.0278634 4.01097e-08 0.999612

  PointToIndexMatrix: 
-0.997527 -0.0645323 -0.0278634
0.0645574 -0.997914 4.01049e-08
-0.0278053 -0.00179875 0.999612

  Inverse Direction: 
-0.997527 -0.0645323 -0.0278634
0.0645574 -0.997914 4.01049e-08
-0.0278053 -0.00179875 0.999612

  PixelContainer: 
    ImportImageContainer (0x3d4b990)
      RTTI typeinfo:   itk::ImportImageContainer<unsigned long, double>
      Reference Count: 1
      Modified Time: 1587
      Debug: Off
      Object Name: 
      Observers: 
        none
      Pointer: 0x1461b5520010
      Container manages memory: true
      Size: 9830400
      Capacity: 9830400

     Weighting = 1
     Sampling strategy = regular
     Number of bins = 32
     Radius = 4
     Sampling percentage  = 0.25
   Transform = Affine
     Gradient step = 0.1
     Update field sigma (voxel space) = 0
     Total field sigma (voxel space) = 0
     Update field time sigma = 0
     Total field time sigma  = 0
     Number of time indices = 0
     Number of time point samples = 0
Registration using 1 total stages.

Stage 0
  iterations = 1000x500x250x100
  convergence threshold = 1e-06
  convergence window size = 10
  number of levels = 4
  using the Mattes MI metric (number of bins = 32, weight = 1, use gradient filter = 0)
  preprocessing:  winsorizing the image intensities
  Shrink factors (level 1 out of 4): [8, 8, 8]
  Shrink factors (level 2 out of 4): [4, 4, 4]
  Shrink factors (level 3 out of 4): [2, 2, 2]
  Shrink factors (level 4 out of 4): [1, 1, 1]
  smoothing sigmas per level: [3, 2, 1, 0]
  regular sampling (percentage = 0.25)

*** Running AffineTransform registration ***

DIAGNOSTIC,Iteration,metricValue,convergenceValue,ITERATION_TIME_INDEX,SINCE_LAST
 2DIAGNOSTIC,     1, -6.821389311364e-01, 1.797693134862e+308, 7.5319e-01, 7.5319e-01, 
 2DIAGNOSTIC,     2, -6.835794373213e-01, 1.797693134862e+308, 7.5899e-01, 5.8050e-03, 
 2DIAGNOSTIC,     3, -6.858286411472e-01, 1.797693134862e+308, 7.6563e-01, 6.6350e-03, 
 2DIAGNOSTIC,     4, -6.897826515165e-01, 1.797693134862e+308, 7.7142e-01, 5.7940e-03, 
 2DIAGNOSTIC,     5, -7.005461179850e-01, 1.797693134862e+308, 7.7666e-01, 5.2440e-03, 
 2DIAGNOSTIC,     6, -7.176353431456e-01, 1.797693134862e+308, 7.8458e-01, 7.9129e-03, 
 2DIAGNOSTIC,     7, -7.191415983395e-01, 1.797693134862e+308, 7.8965e-01, 5.0690e-03, 
 2DIAGNOSTIC,     8, -7.211631781111e-01, 1.797693134862e+308, 7.9461e-01, 4.9582e-03, 
 2DIAGNOSTIC,     9, -7.253494269907e-01, 1.797693134862e+308, 8.0014e-01, 5.5330e-03, 
 2DIAGNOSTIC,    10, -7.265377863396e-01, 4.929433490438e-03, 8.0539e-01, 5.2490e-03, 
 2DIAGNOSTIC,    11, -7.289234468499e-01, 4.231156440119e-03, 8.1153e-01, 6.1440e-03, 
 2DIAGNOSTIC,    12, -7.306213928086e-01, 3.381028174092e-03, 8.1745e-01, 5.9180e-03, 
 2DIAGNOSTIC,    13, -7.335313644636e-01, 2.526201268557e-03, 8.2397e-01, 6.5229e-03, 
 2DIAGNOSTIC,    14, -7.348431578682e-01, 1.712846936058e-03, 8.2917e-01, 5.1992e-03, 
 2DIAGNOSTIC,    15, -7.358248926146e-01, 1.154501327482e-03, 8.3487e-01, 5.6939e-03, 
 2DIAGNOSTIC,    16, -7.371377543545e-01, 1.019876203212e-03, 8.4062e-01, 5.7509e-03, 
 2DIAGNOSTIC,    17, -7.374193740349e-01, 8.487030975090e-04, 8.4609e-01, 5.4719e-03, 
 2DIAGNOSTIC,    18, -7.379521615309e-01, 6.728102262564e-04, 8.5338e-01, 7.2961e-03, 
 2DIAGNOSTIC,    19, -7.379994094487e-01, 5.417659839185e-04, 8.5998e-01, 6.5911e-03, 
 2DIAGNOSTIC,    20, -7.382018661704e-01, 4.011279310442e-04, 8.7704e-01, 1.7066e-02, 
 2DIAGNOSTIC,    21, -7.382018508291e-01, 2.815134851401e-04, 8.8267e-01, 5.6300e-03, 
 2DIAGNOSTIC,    22, -7.382018883911e-01, 1.762203767562e-04, 8.8804e-01, 5.3658e-03, 
 2DIAGNOSTIC,    23, -7.382019518897e-01, 1.135219406491e-04, 8.9341e-01, 5.3761e-03, 
 2DIAGNOSTIC,    24, -7.382020591993e-01, 6.695377744642e-05, 8.9898e-01, 5.5671e-03, 
 2DIAGNOSTIC,    25, -7.382022404693e-01, 3.299455208450e-05, 9.0454e-01, 5.5590e-03, 
 2DIAGNOSTIC,    26, -7.382025450806e-01, 1.851046854552e-05, 9.0995e-01, 5.4080e-03, 
 2DIAGNOSTIC,    27, -7.382030584926e-01, 7.425325441943e-06, 9.1559e-01, 5.6438e-03, 
 2DIAGNOSTIC,    28, -7.382039223253e-01, 4.042052164747e-06, 9.2129e-01, 5.6980e-03, 
 2DIAGNOSTIC,    29, -7.382053720513e-01, 1.202660479066e-06, 9.2668e-01, 5.3959e-03, 
 2DIAGNOSTIC,    30, -7.382077827271e-01, 1.219720941421e-06, 9.3221e-01, 5.5258e-03, 
 2DIAGNOSTIC,    31, -7.382117649884e-01, 1.271741140764e-06, 9.3765e-01, 5.4371e-03, 
 2DIAGNOSTIC,    32, -7.382182221283e-01, 1.377218162367e-06, 9.4331e-01, 5.6591e-03, 
DIAGNOSTIC,Iteration,metricValue,convergenceValue,ITERATION_TIME_INDEX,SINCE_LAST
 2DIAGNOSTIC,     1, -5.954531554226e-01, 1.797693134862e+308, 1.7194e+00, 7.7609e-01, 
 2DIAGNOSTIC,     2, -5.954722814338e-01, 1.797693134862e+308, 1.7576e+00, 3.8252e-02, 
 2DIAGNOSTIC,     3, -5.955205501381e-01, 1.797693134862e+308, 1.8024e+00, 4.4750e-02, 
 2DIAGNOSTIC,     4, -5.955243797770e-01, 1.797693134862e+308, 1.8466e+00, 4.4191e-02, 
 2DIAGNOSTIC,     5, -5.955322493463e-01, 1.797693134862e+308, 1.8856e+00, 3.8981e-02, 
 2DIAGNOSTIC,     6, -5.955151858163e-01, 1.797693134862e+308, 1.9211e+00, 3.5536e-02, 
 2DIAGNOSTIC,     7, -5.955244569384e-01, 1.797693134862e+308, 1.9613e+00, 4.0220e-02, 
 2DIAGNOSTIC,     8, -5.954993735134e-01, 1.797693134862e+308, 2.0065e+00, 4.5163e-02, 
 2DIAGNOSTIC,     9, -5.955014288238e-01, 1.797693134862e+308, 2.0484e+00, 4.1910e-02, 
 2DIAGNOSTIC,    10, -5.954857982420e-01, 5.111405945196e-06, 2.0895e+00, 4.1113e-02, 
DIAGNOSTIC,Iteration,metricValue,convergenceValue,ITERATION_TIME_INDEX,SINCE_LAST
 2DIAGNOSTIC,     1, -5.308043807399e-01, 1.797693134862e+308, 3.2398e+00, 1.1503e+00, 
 2DIAGNOSTIC,     2, -5.311354045756e-01, 1.797693134862e+308, 3.5287e+00, 2.8882e-01, 
 2DIAGNOSTIC,     3, -5.316286217223e-01, 1.797693134862e+308, 3.8261e+00, 2.9746e-01, 
 2DIAGNOSTIC,     4, -5.323378208960e-01, 1.797693134862e+308, 4.1641e+00, 3.3797e-01, 
 2DIAGNOSTIC,     5, -5.333316914796e-01, 1.797693134862e+308, 4.4636e+00, 2.9949e-01, 
 2DIAGNOSTIC,     6, -5.343583121466e-01, 1.797693134862e+308, 4.7456e+00, 2.8202e-01, 
 2DIAGNOSTIC,     7, -5.354290824658e-01, 1.797693134862e+308, 5.0853e+00, 3.3967e-01, 
 2DIAGNOSTIC,     8, -5.364719030026e-01, 1.797693134862e+308, 5.4891e+00, 4.0384e-01, 
 2DIAGNOSTIC,     9, -5.369086261278e-01, 1.797693134862e+308, 5.7522e+00, 2.6311e-01, 
 2DIAGNOSTIC,    10, -5.373162881370e-01, 8.850645163454e-04, 6.0053e+00, 2.5312e-01, 
 2DIAGNOSTIC,    11, -5.388917139812e-01, 8.526875918353e-04, 6.3082e+00, 3.0282e-01, 
 2DIAGNOSTIC,    12, -5.399473800862e-01, 8.087467524703e-04, 6.6749e+00, 3.6671e-01, 
 2DIAGNOSTIC,    13, -5.403519573663e-01, 7.347284030064e-04, 6.9401e+00, 2.6522e-01, 
 2DIAGNOSTIC,    14, -5.436212063580e-01, 7.559347152246e-04, 7.2435e+00, 3.0340e-01, 
 2DIAGNOSTIC,    15, -5.441688770818e-01, 7.569213526671e-04, 7.5768e+00, 3.3327e-01, 
 2DIAGNOSTIC,    16, -5.442175865718e-01, 7.237787518191e-04, 7.8605e+00, 2.8374e-01, 
 2DIAGNOSTIC,    17, -5.442320053667e-01, 6.624265546919e-04, 8.2497e+00, 3.8924e-01, 
 2DIAGNOSTIC,    18, -5.442307821204e-01, 5.776997516790e-04, 8.5716e+00, 3.2188e-01, 
 2DIAGNOSTIC,    19, -5.442315110864e-01, 4.598974802254e-04, 8.9211e+00, 3.4948e-01, 
 2DIAGNOSTIC,    20, -5.442321787736e-01, 3.209763981207e-04, 9.3525e+00, 4.3143e-01, 
 2DIAGNOSTIC,    21, -5.442323344225e-01, 2.058991520249e-04, 9.6748e+00, 3.2228e-01, 
 2DIAGNOSTIC,    22, -5.442314508754e-01, 1.084694471435e-04, 9.9813e+00, 3.0653e-01, 
 2DIAGNOSTIC,    23, -5.442306159568e-01, 1.685797986185e-05, 1.0300e+01, 3.1895e-01, 
 2DIAGNOSTIC,    24, -5.442298496533e-01, 2.935723195943e-06, 1.0569e+01, 2.6840e-01, 
 2DIAGNOSTIC,    25, -5.442292423786e-01, 1.486815085015e-06, 1.0886e+01, 3.1685e-01, 
 2DIAGNOSTIC,    26, -5.442296326989e-01, 1.116985817715e-06, 1.1142e+01, 2.5629e-01, 
 2DIAGNOSTIC,    27, -5.442282945133e-01, 1.041587640666e-06, 1.1410e+01, 2.6777e-01, 
DIAGNOSTIC,Iteration,metricValue,convergenceValue,ITERATION_TIME_INDEX,SINCE_LAST
 2DIAGNOSTIC,     1, -4.996682909206e-01, 1.797693134862e+308, 1.4250e+01, 2.8403e+00, 
 2DIAGNOSTIC,     2, -4.998829592361e-01, 1.797693134862e+308, 1.5938e+01, 1.6877e+00, 
 2DIAGNOSTIC,     3, -5.000767311537e-01, 1.797693134862e+308, 1.7736e+01, 1.7981e+00, 
 2DIAGNOSTIC,     4, -5.000917588585e-01, 1.797693134862e+308, 2.0275e+01, 2.5397e+00, 
 2DIAGNOSTIC,     5, -5.000910136219e-01, 1.797693134862e+308, 2.2017e+01, 1.7411e+00, 
 2DIAGNOSTIC,     6, -5.001020075302e-01, 1.797693134862e+308, 2.3723e+01, 1.7064e+00, 
 2DIAGNOSTIC,     7, -5.001149661862e-01, 1.797693134862e+308, 2.5301e+01, 1.5781e+00, 
 2DIAGNOSTIC,     8, -5.001215922301e-01, 1.797693134862e+308, 2.6911e+01, 1.6101e+00, 
 2DIAGNOSTIC,     9, -5.001722227456e-01, 1.797693134862e+308, 2.8686e+01, 1.7748e+00, 
 2DIAGNOSTIC,    10, -5.001960641281e-01, 5.004847670075e-05, 3.1092e+01, 2.4064e+00, 
 2DIAGNOSTIC,    11, -5.002001154801e-01, 2.843253777175e-05, 3.2869e+01, 1.7770e+00, 
 2DIAGNOSTIC,    12, -5.002218737362e-01, 1.910600414559e-05, 3.6724e+01, 3.8545e+00, 
 2DIAGNOSTIC,    13, -5.002219328894e-01, 1.816789855411e-05, 3.8552e+01, 1.8283e+00, 
 2DIAGNOSTIC,    14, -5.002216793558e-01, 1.652450754290e-05, 4.0483e+01, 1.9310e+00, 
 2DIAGNOSTIC,    15, -5.002215591320e-01, 1.375518996484e-05, 4.2437e+01, 1.9542e+00, 
 2DIAGNOSTIC,    16, -5.002214287846e-01, 1.066161215722e-05, 4.4428e+01, 1.9904e+00, 
 2DIAGNOSTIC,    17, -5.002212883835e-01, 7.576319912654e-06, 4.6298e+01, 1.8703e+00, 
 2DIAGNOSTIC,    18, -5.002208977840e-01, 4.466504757106e-06, 4.8328e+01, 2.0296e+00, 
 2DIAGNOSTIC,    19, -5.002209129757e-01, 2.940740760654e-06, 5.0121e+01, 1.7930e+00, 
 2DIAGNOSTIC,    20, -5.002208140899e-01, 2.128588600825e-06, 5.1672e+01, 1.5519e+00, 
 2DIAGNOSTIC,    21, -5.002206139406e-01, 1.430925572275e-06, 5.3407e+01, 1.7343e+00, 
 2DIAGNOSTIC,    22, -5.002206369001e-01, 1.367215482245e-06, 5.5110e+01, 1.7030e+00, 
 2DIAGNOSTIC,    23, -5.002205587289e-01, 1.316109858852e-06, 5.7181e+01, 2.0714e+00, 
 2DIAGNOSTIC,    24, -5.002199417388e-01, 1.254955983382e-06, 5.9175e+01, 1.9939e+00, 
 2DIAGNOSTIC,    25, -5.002198530834e-01, 1.200924630712e-06, 6.1095e+01, 1.9199e+00, 
 2DIAGNOSTIC,    26, -5.002197629966e-01, 1.152906445492e-06, 6.2653e+01, 1.5582e+00, 
 2DIAGNOSTIC,    27, -5.002195796045e-01, 1.108331304893e-06, 6.4477e+01, 1.8233e+00, 
 2DIAGNOSTIC,    28, -5.002195017203e-01, 1.064059797447e-06, 6.6494e+01, 2.0174e+00, 
 2DIAGNOSTIC,    29, -5.002191916075e-01, 1.024080247131e-06, 6.8312e+01, 1.8182e+00, 
  Elapsed time (stage 0): 6.9395e+01


Total elapsed time: 6.9397e+01
Info [verificarlo]: loaded backend libinterflop_ieee.so
Info [interflop-ieee]: load backend with:
Info [interflop-ieee]: debug = false
Info [interflop-ieee]: debug-binary = false
Info [interflop-ieee]: no-backend-name = false
Info [interflop-ieee]: print-new-line = false
Info [interflop-ieee]: print-subnormal-normalized = false
Info [interflop-ieee]: count-op = false
All_Command_lines_OK
Using double precision for computations.
=============================================================================
The composite transform comprises the following transforms (in order): 
  1. /home/mdugre/scratch/mri-registration-rp/datasets/ds004513/derivatives/mri-registration-rp/0100/antsRegistration-r7-p8/sub-s032/affine_Composite.h5[0] (type = Euler3DTransform)
  2. /home/mdugre/scratch/mri-registration-rp/datasets/ds004513/derivatives/mri-registration-rp/0100/antsRegistration-r7-p8/sub-s032/affine_Composite.h5[1] (type = Euler3DTransform)
  3. /home/mdugre/scratch/mri-registration-rp/datasets/ds004513/derivatives/mri-registration-rp/0100/antsRegistration-r7-p8/sub-s032/affine_Composite.h5[2] (type = Euler3DTransform)
  4. /home/mdugre/scratch/mri-registration-rp/datasets/ds004513/derivatives/mri-registration-rp/0100/antsRegistration-r7-p8/sub-s032/affine_Composite.h5[3] (type = AffineTransform)
=============================================================================
  number of levels = 4
  fixed image: /templateflow/tpl-MNI152NLin2009cAsym/tpl-MNI152NLin2009cAsym_res-01_desc-brain_T1w.nii.gz
  moving image: /home/mdugre/scratch/mri-registration-rp/datasets/ds004513/derivatives/mri-registration-rp/antsBrainExtraction/sub-s032/BrainExtractionBrain.nii.gz
Dimension = 3
Number of stages = 1
Use histogram matching = false
Winsorize image intensities = true
  Lower quantile = 0.005
  Upper quantile = 0.995


Stage 1 State
   Image metric = CC
     Fixed image = Image (0x489fa40)
  RTTI typeinfo:   itk::Image<double, 3u>
  Reference Count: 2
  Modified Time: 1606
  Debug: Off
  Object Name: 
  Observers: 
    none
  Source: (none)
  Source output name: (none)
  Release Data: Off
  Data Released: False
  Global Release Data: Off
  PipelineMTime: 0
  UpdateMTime: 1217
  RealTimeStamp: 0 seconds 
  LargestPossibleRegion: 
    Dimension: 3
    Index: [0, 0, 0]
    Size: [193, 229, 193]
  BufferedRegion: 
    Dimension: 3
    Index: [0, 0, 0]
    Size: [193, 229, 193]
  RequestedRegion: 
    Dimension: 3
    Index: [0, 0, 0]
    Size: [193, 229, 193]
  Spacing: [1, 1, 1]
  Origin: [96, 132, -78]
  Direction: 
-1 0 0
0 -1 0
0 0 1

  IndexToPointMatrix: 
-1 0 0
0 -1 0
0 0 1

  PointToIndexMatrix: 
-1 0 0
0 -1 0
0 0 1

  Inverse Direction: 
-1 0 0
0 -1 0
0 0 1

  PixelContainer: 
    ImportImageContainer (0x496e780)
      RTTI typeinfo:   itk::ImportImageContainer<unsigned long, double>
      Reference Count: 1
      Modified Time: 1214
      Debug: Off
      Object Name: 
      Observers: 
        none
      Pointer: 0x1524a40d8010
      Container manages memory: true
      Size: 8530021
      Capacity: 8530021

     Moving image = Image (0x4970390)
  RTTI typeinfo:   itk::Image<double, 3u>
  Reference Count: 2
  Modified Time: 1607
  Debug: Off
  Object Name: 
  Observers: 
    none
  Source: (none)
  Source output name: (none)
  Release Data: Off
  Data Released: False
  Global Release Data: Off
  PipelineMTime: 0
  UpdateMTime: 1604
  RealTimeStamp: 0 seconds 
  LargestPossibleRegion: 
    Dimension: 3
    Index: [0, 0, 0]
    Size: [160, 240, 256]
  BufferedRegion: 
    Dimension: 3
    Index: [0, 0, 0]
    Size: [160, 240, 256]
  RequestedRegion: 
    Dimension: 3
    Index: [0, 0, 0]
    Size: [160, 240, 256]
  Spacing: [1, 1, 1]
  Origin: [73.279, 104.707, -131.187]
  Direction: 
-0.997527 0.0645574 -0.0278053
-0.0645323 -0.997914 -0.00179875
-0.0278634 4.01097e-08 0.999612

  IndexToPointMatrix: 
-0.997527 0.0645574 -0.0278053
-0.0645323 -0.997914 -0.00179875
-0.0278634 4.01097e-08 0.999612

  PointToIndexMatrix: 
-0.997527 -0.0645323 -0.0278634
0.0645574 -0.997914 4.01049e-08
-0.0278053 -0.00179875 0.999612

  Inverse Direction: 
-0.997527 -0.0645323 -0.0278634
0.0645574 -0.997914 4.01049e-08
-0.0278053 -0.00179875 0.999612

  PixelContainer: 
    ImportImageContainer (0x49256f0)
      RTTI typeinfo:   itk::ImportImageContainer<unsigned long, double>
      Reference Count: 1
      Modified Time: 1601
      Debug: Off
      Object Name: 
      Observers: 
        none
      Pointer: 0x15249f5d7010
      Container manages memory: true
      Size: 9830400
      Capacity: 9830400

     Weighting = 1
     Sampling strategy = none
     Number of bins = 32
     Radius = 4
     Sampling percentage  = 1
   Transform = SyN
     Gradient step = 0.1
     Update field sigma (voxel space) = 3
     Total field sigma (voxel space) = 0
     Update field time sigma = 0
     Total field time sigma  = 0
     Number of time indices = 0
     Number of time point samples = 0
Registration using 1 total stages.

Stage 0
  iterations = 100x70x50x20
  convergence threshold = 1e-06
  convergence window size = 10
  number of levels = 4
  using the CC metric (radius = 4, weight = 1, use gradient filter = 0)
  preprocessing:  winsorizing the image intensities
  Shrink factors (level 1 out of 4): [8, 8, 8]
  Shrink factors (level 2 out of 4): [4, 4, 4]
  Shrink factors (level 3 out of 4): [2, 2, 2]
  Shrink factors (level 4 out of 4): [1, 1, 1]
  smoothing sigmas per level: [3, 2, 1, 0]
  Using default NONE metricSamplingStrategy 

*** Running SyN registration (varianceForUpdateField = 3, varianceForTotalField = 0) ***

XXDIAGNOSTIC,Iteration,metricValue,convergenceValue,ITERATION_TIME_INDEX,SINCE_LAST
 1DIAGNOSTIC,     1, -8.285346430853e-01, 1.797693134862e+308, 1.2800e+00, 1.2800e+00, 
 1DIAGNOSTIC,     2, -8.449614778741e-01, 1.797693134862e+308, 1.6174e+00, 3.3745e-01, 
 1DIAGNOSTIC,     3, -8.603860943784e-01, 1.797693134862e+308, 1.9529e+00, 3.3552e-01, 
 1DIAGNOSTIC,     4, -8.742531173640e-01, 1.797693134862e+308, 2.2840e+00, 3.3104e-01, 
 1DIAGNOSTIC,     5, -8.838622526389e-01, 1.797693134862e+308, 2.6256e+00, 3.4157e-01, 
 1DIAGNOSTIC,     6, -8.912648844196e-01, 1.797693134862e+308, 2.9581e+00, 3.3252e-01, 
 1DIAGNOSTIC,     7, -8.971274326415e-01, 1.797693134862e+308, 3.2940e+00, 3.3596e-01, 
 1DIAGNOSTIC,     8, -9.011990729145e-01, 1.797693134862e+308, 3.6399e+00, 3.4590e-01, 
 1DIAGNOSTIC,     9, -9.043920971062e-01, 1.797693134862e+308, 4.0110e+00, 3.7102e-01, 
 1DIAGNOSTIC,    10, -9.069183601509e-01, 5.525842160233e-03, 4.3944e+00, 3.8345e-01, 
 1DIAGNOSTIC,    11, -9.089825760385e-01, 3.954574813495e-03, 4.8128e+00, 4.1839e-01, 
 1DIAGNOSTIC,    12, -9.108119462155e-01, 2.781257461567e-03, 5.1683e+00, 3.5554e-01, 
 1DIAGNOSTIC,    13, -9.122863446356e-01, 1.953484777018e-03, 5.5090e+00, 3.4070e-01, 
 1DIAGNOSTIC,    14, -9.136349632706e-01, 1.414295214592e-03, 5.8562e+00, 3.4721e-01, 
 1DIAGNOSTIC,    15, -9.147680541292e-01, 1.046060941389e-03, 6.2150e+00, 3.5876e-01, 
 1DIAGNOSTIC,    16, -9.159689591454e-01, 7.985926175587e-04, 6.5898e+00, 3.7482e-01, 
 1DIAGNOSTIC,    17, -9.168230100133e-01, 6.319394188528e-04, 6.9203e+00, 3.3045e-01, 
 1DIAGNOSTIC,    18, -9.175663733502e-01, 5.101202589232e-04, 7.2601e+00, 3.3979e-01, 
