
##########################
# Experiment information #
##########################

EXPERIMENT_NAME: antsRegistration-r7-p16
VFC_BACKENDS: libinterflop_vprec.so --range-binary32=7 --precision-binary32=16 --range-binary64=7 --precision-binary64=16

SIF_IMG: /home/mdugre/projects/rrg-glatard/mdugre/containers/ants-vprec-no_metrics.simg

SUBJECT_ID: s025
INPUT_IMG: /home/mdugre/scratch/mri-registration-rp/datasets/ds004513/derivatives/mri-registration-rp/antsBrainExtraction/sub-s025/BrainExtractionBrain.nii.gz
OUTPUT_DIR: /home/mdugre/scratch/mri-registration-rp/datasets/ds004513/derivatives/mri-registration-rp/0100/antsRegistration-r7-p16/sub-s025

FIXED_IMG: /templateflow/tpl-MNI152NLin2009cAsym/tpl-MNI152NLin2009cAsym_res-01_desc-brain_T1w.nii.gz
DATA_DIR: /home/mdugre/scratch/mri-registration-rp/datasets/ds004513
TEMPLATEFLOW_DIR: /home/mdugre/projects/rrg-glatard/mdugre/templateflow
ITK_GLOBAL_DEFAULT_NUMBER_OF_THREADS: 16
##########################

Info [verificarlo]: loaded backend libinterflop_ieee.so
Info [interflop-ieee]: load backend with:
Info [interflop-ieee]: debug = false
Info [interflop-ieee]: debug-binary = false
Info [interflop-ieee]: no-backend-name = false
Info [interflop-ieee]: print-new-line = false
Info [interflop-ieee]: print-subnormal-normalized = false
Info [interflop-ieee]: count-op = false
All_Command_lines_OK
Using double precision for computations.
=============================================================================
The composite transform comprises the following transforms (in order): 
  1. Center of mass alignment using fixed image: /templateflow/tpl-MNI152NLin2009cAsym/tpl-MNI152NLin2009cAsym_res-01_desc-brain_T1w.nii.gz and moving image: /home/mdugre/scratch/mri-registration-rp/datasets/ds004513/derivatives/mri-registration-rp/antsBrainExtraction/sub-s025/BrainExtractionBrain.nii.gz (type = Euler3DTransform)
=============================================================================
  number of levels = 1
  fixed image: /templateflow/tpl-MNI152NLin2009cAsym/tpl-MNI152NLin2009cAsym_res-01_desc-brain_T1w.nii.gz
  moving image: /home/mdugre/scratch/mri-registration-rp/datasets/ds004513/derivatives/mri-registration-rp/antsBrainExtraction/sub-s025/BrainExtractionBrain.nii.gz
Dimension = 3
Number of stages = 1
Use histogram matching = false
Winsorize image intensities = true
  Lower quantile = 0.005
  Upper quantile = 0.995


Stage 1 State
   Image metric = MattesMI
     Fixed image = Image (0x3d2ae70)
  RTTI typeinfo:   itk::Image<double, 3u>
  Reference Count: 2
  Modified Time: 2334
  Debug: Off
  Object Name: 
  Observers: 
    none
  Source: (none)
  Source output name: (none)
  Release Data: Off
  Data Released: False
  Global Release Data: Off
  PipelineMTime: 0
  UpdateMTime: 1943
  RealTimeStamp: 0 seconds 
  LargestPossibleRegion: 
    Dimension: 3
    Index: [0, 0, 0]
    Size: [193, 229, 193]
  BufferedRegion: 
    Dimension: 3
    Index: [0, 0, 0]
    Size: [193, 229, 193]
  RequestedRegion: 
    Dimension: 3
    Index: [0, 0, 0]
    Size: [193, 229, 193]
  Spacing: [1, 1, 1]
  Origin: [96, 132, -78]
  Direction: 
-1 0 0
0 -1 0
0 0 1

  IndexToPointMatrix: 
-1 0 0
0 -1 0
0 0 1

  PointToIndexMatrix: 
-1 0 0
0 -1 0
0 0 1

  Inverse Direction: 
-1 0 0
0 -1 0
0 0 1

  PixelContainer: 
    ImportImageContainer (0x3d33c60)
      RTTI typeinfo:   itk::ImportImageContainer<unsigned long, double>
      Reference Count: 1
      Modified Time: 1940
      Debug: Off
      Object Name: 
      Observers: 
        none
      Pointer: 0x15295aae9010
      Container manages memory: true
      Size: 8530021
      Capacity: 8530021

     Moving image = Image (0x3d36610)
  RTTI typeinfo:   itk::Image<double, 3u>
  Reference Count: 2
  Modified Time: 2335
  Debug: Off
  Object Name: 
  Observers: 
    none
  Source: (none)
  Source output name: (none)
  Release Data: Off
  Data Released: False
  Global Release Data: Off
  PipelineMTime: 0
  UpdateMTime: 2332
  RealTimeStamp: 0 seconds 
  LargestPossibleRegion: 
    Dimension: 3
    Index: [0, 0, 0]
    Size: [176, 240, 256]
  BufferedRegion: 
    Dimension: 3
    Index: [0, 0, 0]
    Size: [176, 240, 256]
  RequestedRegion: 
    Dimension: 3
    Index: [0, 0, 0]
    Size: [176, 240, 256]
  Spacing: [0.999999, 1, 1]
  Origin: [90.3778, 84.5091, -154.071]
  Direction: 
-0.999391 7.48184e-06 -0.0348969
-7.47664e-06 -1 -2.7953e-07
-0.0348969 -1.84481e-08 0.999391

  IndexToPointMatrix: 
-0.99939 7.48184e-06 -0.0348969
-7.47663e-06 -1 -2.7953e-07
-0.0348968 -1.84481e-08 0.999391

  PointToIndexMatrix: 
-0.999392 -7.47665e-06 -0.0348969
7.48184e-06 -1 -1.84481e-08
-0.0348969 -2.7953e-07 0.999391

  Inverse Direction: 
-0.999391 -7.47664e-06 -0.0348969
7.48184e-06 -1 -1.84481e-08
-0.0348969 -2.7953e-07 0.999391

  PixelContainer: 
    ImportImageContainer (0x3dcfef0)
      RTTI typeinfo:   itk::ImportImageContainer<unsigned long, double>
      Reference Count: 1
      Modified Time: 2329
      Debug: Off
      Object Name: 
      Observers: 
        none
      Pointer: 0x152955868010
      Container manages memory: true
      Size: 10813440
      Capacity: 10813440

     Weighting = 1
     Sampling strategy = regular
     Number of bins = 32
     Radius = 4
     Sampling percentage  = 0.25
   Transform = Rigid
     Gradient step = 0.1
     Update field sigma (voxel space) = 0
     Total field sigma (voxel space) = 0
     Update field time sigma = 0
     Total field time sigma  = 0
     Number of time indices = 0
     Number of time point samples = 0
Registration using 1 total stages.

Stage 0
  iterations = 0
  convergence threshold = 1e-06
  convergence window size = 10
  number of levels = 1
  using the Mattes MI metric (number of bins = 32, weight = 1, use gradient filter = 0)
  preprocessing:  winsorizing the image intensities
  Shrink factors (level 1 out of 1): [1, 1, 1]
  smoothing sigmas per level: [0]
  regular sampling (percentage = 0.25)

*** Running Euler3DTransform registration ***

  Elapsed time (stage 0): 1.21458


Total elapsed time: 1.21711
Info [verificarlo]: loaded backend libinterflop_vprec.so
Info [interflop-vprec]: load backend with: 
Info [interflop-vprec]: precision-binary32 = 16
Info [interflop-vprec]: range-binary32 = 7
Info [interflop-vprec]: precision-binary64 = 16
Info [interflop-vprec]: range-binary64 = 7
Info [interflop-vprec]: mode = ob
Info [interflop-vprec]: error-mode = rel
Info [interflop-vprec]: max-abs-error-exponent = -1022
Info [interflop-vprec]: daz = false
Info [interflop-vprec]: ftz = false
Info [interflop-vprec]: 	instrument = none
Info [interflop-vprec]: 	prec-input-file = (null)
Info [interflop-vprec]: 	prec-output-file = (null)
Info [interflop-vprec]: 	prec-log-file = (null)
All_Command_lines_OK
Using double precision for computations.
=============================================================================
The composite transform comprises the following transforms (in order): 
  1. /home/mdugre/scratch/mri-registration-rp/datasets/ds004513/derivatives/mri-registration-rp/0100/antsRegistration-r7-p16/sub-s025/align_Composite.h5[0] (type = Euler3DTransform)
  2. /home/mdugre/scratch/mri-registration-rp/datasets/ds004513/derivatives/mri-registration-rp/0100/antsRegistration-r7-p16/sub-s025/align_Composite.h5[1] (type = Euler3DTransform)
=============================================================================
  number of levels = 4
  fixed image: /templateflow/tpl-MNI152NLin2009cAsym/tpl-MNI152NLin2009cAsym_res-01_desc-brain_T1w.nii.gz
  moving image: /home/mdugre/scratch/mri-registration-rp/datasets/ds004513/derivatives/mri-registration-rp/antsBrainExtraction/sub-s025/BrainExtractionBrain.nii.gz
Dimension = 3
Number of stages = 1
Use histogram matching = false
Winsorize image intensities = true
  Lower quantile = 0.005
  Upper quantile = 0.995


Stage 1 State
   Image metric = MattesMI
     Fixed image = Image (0x375d1e0)
  RTTI typeinfo:   itk::Image<double, 3u>
  Reference Count: 2
  Modified Time: 1578
  Debug: Off
  Object Name: 
  Observers: 
    none
  Source: (none)
  Source output name: (none)
  Release Data: Off
  Data Released: False
  Global Release Data: Off
  PipelineMTime: 0
  UpdateMTime: 1189
  RealTimeStamp: 0 seconds 
  LargestPossibleRegion: 
    Dimension: 3
    Index: [0, 0, 0]
    Size: [193, 229, 193]
  BufferedRegion: 
    Dimension: 3
    Index: [0, 0, 0]
    Size: [193, 229, 193]
  RequestedRegion: 
    Dimension: 3
    Index: [0, 0, 0]
    Size: [193, 229, 193]
  Spacing: [1, 1, 1]
  Origin: [96, 132, -78]
  Direction: 
-1 0 0
0 -1 0
0 0 1

  IndexToPointMatrix: 
-1 0 0
0 -1 0
0 0 1

  PointToIndexMatrix: 
-1 0 0
0 -1 0
0 0 1

  Inverse Direction: 
-1 0 0
0 -1 0
0 0 1

  PixelContainer: 
    ImportImageContainer (0x381c680)
      RTTI typeinfo:   itk::ImportImageContainer<unsigned long, double>
      Reference Count: 1
      Modified Time: 1186
      Debug: Off
      Object Name: 
      Observers: 
        none
      Pointer: 0x14f004c9a010
      Container manages memory: true
      Size: 8530021
      Capacity: 8530021

     Moving image = Image (0x3818b20)
  RTTI typeinfo:   itk::Image<double, 3u>
  Reference Count: 2
  Modified Time: 1579
  Debug: Off
  Object Name: 
  Observers: 
    none
  Source: (none)
  Source output name: (none)
  Release Data: Off
  Data Released: False
  Global Release Data: Off
  PipelineMTime: 0
  UpdateMTime: 1576
  RealTimeStamp: 0 seconds 
  LargestPossibleRegion: 
    Dimension: 3
    Index: [0, 0, 0]
    Size: [176, 240, 256]
  BufferedRegion: 
    Dimension: 3
    Index: [0, 0, 0]
    Size: [176, 240, 256]
  RequestedRegion: 
    Dimension: 3
    Index: [0, 0, 0]
    Size: [176, 240, 256]
  Spacing: [1, 1, 1]
  Origin: [90.3779, 84.5088, -154.07]
  Direction: 
-0.99939 7.48184e-06 -0.0348969
-7.47666e-06 -1 -2.79531e-07
-0.0348969 -1.84482e-08 0.99939

  IndexToPointMatrix: 
-0.99939 7.48184e-06 -0.0348969
-7.47666e-06 -1 -2.79531e-07
-0.0348969 -1.84482e-08 0.99939

  PointToIndexMatrix: 
-0.99939 -7.47666e-06 -0.0348969
7.47666e-06 -1 1.30496e-07
-0.0348969 -1.30494e-07 0.99939

  Inverse Direction: 
-0.99939 -7.47666e-06 -0.0348969
7.47666e-06 -1 1.30496e-07
-0.0348969 -1.30494e-07 0.99939

  PixelContainer: 
    ImportImageContainer (0x3881d50)
      RTTI typeinfo:   itk::ImportImageContainer<unsigned long, double>
      Reference Count: 1
      Modified Time: 1573
      Debug: Off
      Object Name: 
      Observers: 
        none
      Pointer: 0x14efffa19010
      Container manages memory: true
      Size: 10813440
      Capacity: 10813440

     Weighting = 1
     Sampling strategy = regular
     Number of bins = 32
     Radius = 4
     Sampling percentage  = 0.25
   Transform = Rigid
     Gradient step = 0.1
     Update field sigma (voxel space) = 0
     Total field sigma (voxel space) = 0
     Update field time sigma = 0
     Total field time sigma  = 0
     Number of time indices = 0
     Number of time point samples = 0
Registration using 1 total stages.

Stage 0
  iterations = 1000x500x250x100
  convergence threshold = 1e-06
  convergence window size = 10
  number of levels = 4
  using the Mattes MI metric (number of bins = 32, weight = 1, use gradient filter = 0)
  preprocessing:  winsorizing the image intensities
  Shrink factors (level 1 out of 4): [8, 8, 8]
  Shrink factors (level 2 out of 4): [4, 4, 4]
  Shrink factors (level 3 out of 4): [2, 2, 2]
  Shrink factors (level 4 out of 4): [1, 1, 1]
  smoothing sigmas per level: [3, 2, 1, 0]
  regular sampling (percentage = 0.25)

*** Running Euler3DTransform registration ***

DIAGNOSTIC,Iteration,metricValue,convergenceValue,ITERATION_TIME_INDEX,SINCE_LAST
 2DIAGNOSTIC,     1, -5.321105071655e-01, 1.797693134862e+308, 0.0000e+00, 0.0000e+00, 
 2DIAGNOSTIC,     2, -5.342640872599e-01, 1.797693134862e+308, 0.0000e+00, 0.0000e+00, 
 2DIAGNOSTIC,     3, -5.374075675788e-01, 1.797693134862e+308, 0.0000e+00, 0.0000e+00, 
 2DIAGNOSTIC,     4, -5.424447765851e-01, 1.797693134862e+308, 0.0000e+00, 0.0000e+00, 
 2DIAGNOSTIC,     5, -5.500803897928e-01, 1.797693134862e+308, 0.0000e+00, 0.0000e+00, 
 2DIAGNOSTIC,     6, -5.554367938633e-01, 1.797693134862e+308, 0.0000e+00, 0.0000e+00, 
 2DIAGNOSTIC,     7, -5.641809824191e-01, 1.797693134862e+308, 0.0000e+00, 0.0000e+00, 
 2DIAGNOSTIC,     8, -5.765233291176e-01, 1.797693134862e+308, 0.0000e+00, 0.0000e+00, 
 2DIAGNOSTIC,     9, -5.880689143682e-01, 1.797693134862e+308, 0.0000e+00, 0.0000e+00, 
 2DIAGNOSTIC,    10, -5.893247963911e-01, 7.285404990129e-03, 0.0000e+00, 0.0000e+00, 
 2DIAGNOSTIC,    11, -5.905926136625e-01, 6.808130474179e-03, 0.0000e+00, 0.0000e+00, 
 2DIAGNOSTIC,    12, -5.923366890315e-01, 5.971512970661e-03, 0.0000e+00, 0.0000e+00, 
 2DIAGNOSTIC,    13, -5.961837430215e-01, 4.990746791034e-03, 0.0000e+00, 0.0000e+00, 
 2DIAGNOSTIC,    14, -6.025886368019e-01, 4.100185337767e-03, 0.0000e+00, 0.0000e+00, 
 2DIAGNOSTIC,    15, -6.076457931677e-01, 3.381394658068e-03, 0.0000e+00, 0.0000e+00, 
 2DIAGNOSTIC,    16, -6.129106730630e-01, 2.778491772142e-03, 0.0000e+00, 0.0000e+00, 
 2DIAGNOSTIC,    17, -6.160483881047e-01, 2.334289864084e-03, 0.0000e+00, 0.0000e+00, 
 2DIAGNOSTIC,    18, -6.186780916285e-01, 2.127368432388e-03, 0.0000e+00, 0.0000e+00, 
 2DIAGNOSTIC,    19, -6.249896505939e-01, 2.204272297837e-03, 0.0000e+00, 0.0000e+00, 
 2DIAGNOSTIC,    20, -6.261274094520e-01, 2.122819061342e-03, 0.0000e+00, 0.0000e+00, 
 2DIAGNOSTIC,    21, -6.390331820834e-01, 2.179953772898e-03, 0.0000e+00, 0.0000e+00, 
 2DIAGNOSTIC,    22, -7.122203543170e-01, 3.648188161903e-03, 0.0000e+00, 0.0000e+00, 
 2DIAGNOSTIC,    23, -7.316810430703e-01, 5.059236912803e-03, 0.0000e+00, 0.0000e+00, 
 2DIAGNOSTIC,    24, -7.332655601922e-01, 6.021692110715e-03, 0.0000e+00, 0.0000e+00, 
 2DIAGNOSTIC,    25, -7.377519991022e-01, 6.530096861211e-03, 0.0000e+00, 0.0000e+00, 
 2DIAGNOSTIC,    26, -7.393726035655e-01, 6.500082565719e-03, 0.0000e+00, 0.0000e+00, 
 2DIAGNOSTIC,    27, -7.432031287104e-01, 5.960306548019e-03, 0.0000e+00, 0.0000e+00, 
 2DIAGNOSTIC,    28, -7.438132645294e-01, 4.951643191005e-03, 0.0000e+00, 0.0000e+00, 
 2DIAGNOSTIC,    29, -7.442700108867e-01, 3.686423072499e-03, 0.0000e+00, 0.0000e+00, 
 2DIAGNOSTIC,    30, -7.442655374527e-01, 2.203437339084e-03, 0.0000e+00, 0.0000e+00, 
 2DIAGNOSTIC,    31, -7.443403019238e-01, 7.857667378900e-04, 0.0000e+00, 0.0000e+00, 
 2DIAGNOSTIC,    32, -7.446361227001e-01, 4.130725526432e-04, 0.0000e+00, 0.0000e+00, 
 2DIAGNOSTIC,    33, -7.446561695468e-01, 2.893991650753e-04, 0.0000e+00, 0.0000e+00, 
 2DIAGNOSTIC,    34, -7.447532450315e-01, 1.680306983004e-04, 0.0000e+00, 0.0000e+00, 
 2DIAGNOSTIC,    35, -7.450598932309e-01, 9.911764828333e-05, 0.0000e+00, 0.0000e+00, 
 2DIAGNOSTIC,    36, -7.450012230508e-01, 4.300868479615e-05, 0.0000e+00, 0.0000e+00, 
 2DIAGNOSTIC,    37, -7.450128144046e-01, 3.149248231570e-05, 0.0000e+00, 0.0000e+00, 
 2DIAGNOSTIC,    38, -7.453333155511e-01, 2.828636185307e-05, 0.0000e+00, 0.0000e+00, 
 2DIAGNOSTIC,    39, -7.454494295997e-01, 2.894456521161e-05, 0.0000e+00, 0.0000e+00, 
 2DIAGNOSTIC,    40, -7.454079619466e-01, 2.637607584115e-05, 0.0000e+00, 0.0000e+00, 
 2DIAGNOSTIC,    41, -7.455281750201e-01, 2.357745172844e-05, 0.0000e+00, 0.0000e+00, 
 2DIAGNOSTIC,    42, -7.460953596254e-01, 2.759149121200e-05, 0.0000e+00, 0.0000e+00, 
 2DIAGNOSTIC,    43, -7.461450617490e-01, 2.932854417399e-05, 0.0000e+00, 0.0000e+00, 
 2DIAGNOSTIC,    44, -7.462346579386e-01, 3.001884096648e-05, 0.0000e+00, 0.0000e+00, 
 2DIAGNOSTIC,    45, -7.465727329129e-01, 3.410715537842e-05, 0.0000e+00, 0.0000e+00, 
 2DIAGNOSTIC,    46, -7.469216775404e-01, 3.743159824636e-05, 0.0000e+00, 0.0000e+00, 
 2DIAGNOSTIC,    47, -7.472230427027e-01, 3.970319688805e-05, 0.0000e+00, 0.0000e+00, 
 2DIAGNOSTIC,    48, -7.472291884268e-01, 4.098130942991e-05, 0.0000e+00, 0.0000e+00, 
 2DIAGNOSTIC,    49, -7.472256722191e-01, 3.947536362951e-05, 0.0000e+00, 0.0000e+00, 
 2DIAGNOSTIC,    50, -7.472951953342e-01, 3.457982984499e-05, 0.0000e+00, 0.0000e+00, 
 2DIAGNOSTIC,    51, -7.472134580272e-01, 2.676867529629e-05, 0.0000e+00, 0.0000e+00, 
 2DIAGNOSTIC,    52, -7.472283928935e-01, 2.148701681924e-05, 0.0000e+00, 0.0000e+00, 
 2DIAGNOSTIC,    53, -7.472323767588e-01, 1.489752913987e-05, 0.0000e+00, 0.0000e+00, 
 2DIAGNOSTIC,    54, -7.472363048311e-01, 7.916160584934e-06, 0.0000e+00, 0.0000e+00, 
 2DIAGNOSTIC,    55, -7.472322824350e-01, 2.988818311331e-06, 0.0000e+00, 0.0000e+00, 
DIAGNOSTIC,Iteration,metricValue,convergenceValue,ITERATION_TIME_INDEX,SINCE_LAST
 2DIAGNOSTIC,     1, -6.000158479868e-01, 1.797693134862e+308, 0.0000e+00, 0.0000e+00, 
 2DIAGNOSTIC,     2, -6.012132859228e-01, 1.797693134862e+308, 0.0000e+00, 0.0000e+00, 
 2DIAGNOSTIC,     3, -6.031378694265e-01, 1.797693134862e+308, 0.0000e+00, 0.0000e+00, 
 2DIAGNOSTIC,     4, -6.052924013029e-01, 1.797693134862e+308, 0.0000e+00, 0.0000e+00, 
 2DIAGNOSTIC,     5, -6.067574285835e-01, 1.797693134862e+308, 0.0000e+00, 0.0000e+00, 
 2DIAGNOSTIC,     6, -6.081436418044e-01, 1.797693134862e+308, 0.0000e+00, 0.0000e+00, 
 2DIAGNOSTIC,     7, -6.098406445339e-01, 1.797693134862e+308, 0.0000e+00, 0.0000e+00, 
 2DIAGNOSTIC,     8, -6.118496214060e-01, 1.797693134862e+308, 0.0000e+00, 0.0000e+00, 
 2DIAGNOSTIC,     9, -6.152010011370e-01, 1.797693134862e+308, 0.0000e+00, 0.0000e+00, 
 2DIAGNOSTIC,    10, -6.202979500096e-01, 1.917777564642e-03, 0.0000e+00, 0.0000e+00, 
 2DIAGNOSTIC,    11, -6.210349650527e-01, 1.886668030362e-03, 0.0000e+00, 0.0000e+00, 
 2DIAGNOSTIC,    12, -6.210720170282e-01, 1.741967698043e-03, 0.0000e+00, 0.0000e+00, 
 2DIAGNOSTIC,    13, -6.211180300610e-01, 1.534134220901e-03, 0.0000e+00, 0.0000e+00, 
 2DIAGNOSTIC,    14, -6.211269944667e-01, 1.286949401306e-03, 0.0000e+00, 0.0000e+00, 
 2DIAGNOSTIC,    15, -6.211470445266e-01, 9.992723465349e-04, 0.0000e+00, 0.0000e+00, 
 2DIAGNOSTIC,    16, -6.211435257245e-01, 6.967031956099e-04, 0.0000e+00, 0.0000e+00, 
 2DIAGNOSTIC,    17, -6.211842943501e-01, 4.153343519822e-04, 0.0000e+00, 0.0000e+00, 
 2DIAGNOSTIC,    18, -6.212067290977e-01, 1.790451064748e-04, 0.0000e+00, 0.0000e+00, 
 2DIAGNOSTIC,    19, -6.212161368703e-01, 2.998162810323e-05, 0.0000e+00, 0.0000e+00, 
 2DIAGNOSTIC,    20, -6.212361385296e-01, 1.120164546017e-05, 0.0000e+00, 0.0000e+00, 
 2DIAGNOSTIC,    21, -6.212216608486e-01, 9.221310562899e-06, 0.0000e+00, 0.0000e+00, 
 2DIAGNOSTIC,    22, -6.212788796054e-01, 8.665679780619e-06, 0.0000e+00, 0.0000e+00, 
 2DIAGNOSTIC,    23, -6.212938595724e-01, 8.665689561607e-06, 0.0000e+00, 0.0000e+00, 
 2DIAGNOSTIC,    24, -6.215013063052e-01, 1.214038493773e-05, 0.0000e+00, 0.0000e+00, 
 2DIAGNOSTIC,    25, -6.216938673426e-01, 1.816589787078e-05, 0.0000e+00, 0.0000e+00, 
 2DIAGNOSTIC,    26, -6.217546231136e-01, 2.308775483858e-05, 0.0000e+00, 0.0000e+00, 
 2DIAGNOSTIC,    27, -6.217548676543e-01, 2.633126362730e-05, 0.0000e+00, 0.0000e+00, 
 2DIAGNOSTIC,    28, -6.217480149622e-01, 2.726471579180e-05, 0.0000e+00, 0.0000e+00, 
 2DIAGNOSTIC,    29, -6.217286438775e-01, 2.546194721500e-05, 0.0000e+00, 0.0000e+00, 
 2DIAGNOSTIC,    30, -6.217100481827e-01, 2.146140539545e-05, 0.0000e+00, 0.0000e+00, 
 2DIAGNOSTIC,    31, -6.217092162062e-01, 1.556811846317e-05, 0.0000e+00, 0.0000e+00, 
 2DIAGNOSTIC,    32, -6.217119952349e-01, 9.596049196536e-06, 0.0000e+00, 0.0000e+00, 
 2DIAGNOSTIC,    33, -6.217129987826e-01, 3.356011137330e-06, 0.0000e+00, 0.0000e+00, 
DIAGNOSTIC,Iteration,metricValue,convergenceValue,ITERATION_TIME_INDEX,SINCE_LAST
 2DIAGNOSTIC,     1, -5.352107959128e-01, 1.797693134862e+308, 0.0000e+00, 0.0000e+00, 
 2DIAGNOSTIC,     2, -5.354633048756e-01, 1.797693134862e+308, 0.0000e+00, 0.0000e+00, 
 2DIAGNOSTIC,     3, -5.355891955532e-01, 1.797693134862e+308, 0.0000e+00, 0.0000e+00, 
 2DIAGNOSTIC,     4, -5.356317949743e-01, 1.797693134862e+308, 0.0000e+00, 0.0000e+00, 
 2DIAGNOSTIC,     5, -5.357851919546e-01, 1.797693134862e+308, 0.0000e+00, 0.0000e+00, 
 2DIAGNOSTIC,     6, -5.357933526920e-01, 1.797693134862e+308, 0.0000e+00, 0.0000e+00, 
 2DIAGNOSTIC,     7, -5.357915405202e-01, 1.797693134862e+308, 0.0000e+00, 0.0000e+00, 
 2DIAGNOSTIC,     8, -5.357914736094e-01, 1.797693134862e+308, 0.0000e+00, 0.0000e+00, 
 2DIAGNOSTIC,     9, -5.357904699731e-01, 1.797693134862e+308, 0.0000e+00, 0.0000e+00, 
 2DIAGNOSTIC,    10, -5.357893543091e-01, 6.058193387963e-05, 0.0000e+00, 0.0000e+00, 
 2DIAGNOSTIC,    11, -5.357880360762e-01, 3.246856244572e-05, 0.0000e+00, 0.0000e+00, 
 2DIAGNOSTIC,    12, -5.357872682476e-01, 1.749212302379e-05, 0.0000e+00, 0.0000e+00, 
 2DIAGNOSTIC,    13, -5.357887845843e-01, 8.709118205066e-06, 0.0000e+00, 0.0000e+00, 
 2DIAGNOSTIC,    14, -5.357878600896e-01, 2.023804371545e-06, 0.0000e+00, 0.0000e+00, 
 2DIAGNOSTIC,    15, -5.357870660660e-01, 1.641601224345e-06, 0.0000e+00, 0.0000e+00, 
 2DIAGNOSTIC,    16, -5.357861583508e-01, 1.593503133640e-06, 0.0000e+00, 0.0000e+00, 
 2DIAGNOSTIC,    17, -5.357872451026e-01, 1.562936342861e-06, 0.0000e+00, 0.0000e+00, 
 2DIAGNOSTIC,    18, -5.357865430034e-01, 1.537929234720e-06, 0.0000e+00, 0.0000e+00, 
 2DIAGNOSTIC,    19, -5.357862337693e-01, 1.499904299360e-06, 0.0000e+00, 0.0000e+00, 
 2DIAGNOSTIC,    20, -5.357863776349e-01, 1.457378654174e-06, 0.0000e+00, 0.0000e+00, 
 2DIAGNOSTIC,    21, -5.357863776349e-01, 1.397412111429e-06, 0.0000e+00, 0.0000e+00, 
 2DIAGNOSTIC,    22, -5.357854564325e-01, 1.310069051956e-06, 0.0000e+00, 0.0000e+00, 
 2DIAGNOSTIC,    23, -5.357844442553e-01, 1.254572200411e-06, 0.0000e+00, 0.0000e+00, 
 2DIAGNOSTIC,    24, -5.357844442553e-01, 1.195552486039e-06, 0.0000e+00, 0.0000e+00, 
 2DIAGNOSTIC,    25, -5.357855708328e-01, 1.159561839680e-06, 0.0000e+00, 0.0000e+00, 
 2DIAGNOSTIC,    26, -5.357855708328e-01, 1.115694184900e-06, 0.0000e+00, 0.0000e+00, 
 2DIAGNOSTIC,    27, -5.357855708328e-01, 1.106736374511e-06, 0.0000e+00, 0.0000e+00, 
 2DIAGNOSTIC,    28, -5.357855708328e-01, 1.091961241942e-06, 0.0000e+00, 0.0000e+00, 
 2DIAGNOSTIC,    29, -5.357855708328e-01, 1.075555664490e-06, 0.0000e+00, 0.0000e+00, 
 2DIAGNOSTIC,    30, -5.357855708328e-01, 1.063207416212e-06, 0.0000e+00, 0.0000e+00, 
 2DIAGNOSTIC,    31, -5.357855708328e-01, 1.050805573097e-06, 0.0000e+00, 0.0000e+00, 
 2DIAGNOSTIC,    32, -5.357855708328e-01, 1.021628891110e-06, 0.0000e+00, 0.0000e+00, 
DIAGNOSTIC,Iteration,metricValue,convergenceValue,ITERATION_TIME_INDEX,SINCE_LAST
 2DIAGNOSTIC,     1, -4.895951407503e-01, 1.797693134862e+308, 0.0000e+00, 0.0000e+00, 
 2DIAGNOSTIC,     2, -4.895999432406e-01, 1.797693134862e+308, 0.0000e+00, 0.0000e+00, 
 2DIAGNOSTIC,     3, -4.896086792993e-01, 1.797693134862e+308, 0.0000e+00, 0.0000e+00, 
 2DIAGNOSTIC,     4, -4.896146145668e-01, 1.797693134862e+308, 0.0000e+00, 0.0000e+00, 
 2DIAGNOSTIC,     5, -4.896162638401e-01, 1.797693134862e+308, 0.0000e+00, 0.0000e+00, 
 2DIAGNOSTIC,     6, -4.896192409519e-01, 1.797693134862e+308, 0.0000e+00, 0.0000e+00, 
 2DIAGNOSTIC,     7, -4.896278081972e-01, 1.797693134862e+308, 0.0000e+00, 0.0000e+00, 
 2DIAGNOSTIC,     8, -4.896449508408e-01, 1.797693134862e+308, 0.0000e+00, 0.0000e+00, 
 2DIAGNOSTIC,     9, -4.896589764814e-01, 1.797693134862e+308, 0.0000e+00, 0.0000e+00, 
 2DIAGNOSTIC,    10, -4.896555166848e-01, 1.151957184879e-05, 0.0000e+00, 0.0000e+00, 
 2DIAGNOSTIC,    11, -4.896599118372e-01, 1.061879817273e-05, 0.0000e+00, 0.0000e+00, 
 2DIAGNOSTIC,    12, -4.896640039080e-01, 9.588574765920e-06, 0.0000e+00, 0.0000e+00, 
 2DIAGNOSTIC,    13, -4.896689992869e-01, 8.675124252566e-06, 0.0000e+00, 0.0000e+00, 
 2DIAGNOSTIC,    14, -4.896695199298e-01, 7.584955590514e-06, 0.0000e+00, 0.0000e+00, 
 2DIAGNOSTIC,    15, -4.896707913900e-01, 6.282021432380e-06, 0.0000e+00, 0.0000e+00, 
 2DIAGNOSTIC,    16, -4.896743033599e-01, 5.000280350623e-06, 0.0000e+00, 0.0000e+00, 
 2DIAGNOSTIC,    17, -4.896763243517e-01, 3.933073444838e-06, 0.0000e+00, 0.0000e+00, 
 2DIAGNOSTIC,    18, -4.896771171785e-01, 3.355927212095e-06, 0.0000e+00, 0.0000e+00, 
 2DIAGNOSTIC,    19, -4.896766871251e-01, 3.113934979912e-06, 0.0000e+00, 0.0000e+00, 
 2DIAGNOSTIC,    20, -4.896783706313e-01, 2.710306027914e-06, 0.0000e+00, 0.0000e+00, 
 2DIAGNOSTIC,    21, -4.896734032341e-01, 2.219443463777e-06, 0.0000e+00, 0.0000e+00, 
 2DIAGNOSTIC,    22, -4.896736999828e-01, 1.821849823884e-06, 0.0000e+00, 0.0000e+00, 
 2DIAGNOSTIC,    23, -4.896748345261e-01, 1.577274862281e-06, 0.0000e+00, 0.0000e+00, 
 2DIAGNOSTIC,    24, -4.896779997863e-01, 1.421276991882e-06, 0.0000e+00, 0.0000e+00, 
 2DIAGNOSTIC,    25, -4.896801649456e-01, 1.344279614068e-06, 0.0000e+00, 0.0000e+00, 
 2DIAGNOSTIC,    26, -4.896746131897e-01, 1.220367295114e-06, 0.0000e+00, 0.0000e+00, 
 2DIAGNOSTIC,    27, -4.896770182402e-01, 1.205482669582e-06, 0.0000e+00, 0.0000e+00, 
 2DIAGNOSTIC,    28, -4.896794774101e-01, 1.251910287853e-06, 0.0000e+00, 0.0000e+00, 
 2DIAGNOSTIC,    29, -4.896760837106e-01, 1.200838664589e-06, 0.0000e+00, 0.0000e+00, 
 2DIAGNOSTIC,    30, -4.896750692775e-01, 1.161372818054e-06, 0.0000e+00, 0.0000e+00, 
 2DIAGNOSTIC,    31, -4.896750158206e-01, 1.023151942704e-06, 0.0000e+00, 0.0000e+00, 
  Elapsed time (stage 0): 0.0000e+00


Total elapsed time: 0.0000e+00
Info [verificarlo]: loaded backend libinterflop_ieee.so
Info [interflop-ieee]: load backend with:
Info [interflop-ieee]: debug = false
Info [interflop-ieee]: debug-binary = false
Info [interflop-ieee]: no-backend-name = false
Info [interflop-ieee]: print-new-line = false
Info [interflop-ieee]: print-subnormal-normalized = false
Info [interflop-ieee]: count-op = false
All_Command_lines_OK
Using double precision for computations.
=============================================================================
The composite transform comprises the following transforms (in order): 
  1. /home/mdugre/scratch/mri-registration-rp/datasets/ds004513/derivatives/mri-registration-rp/0100/antsRegistration-r7-p16/sub-s025/rigid_Composite.h5[0] (type = Euler3DTransform)
  2. /home/mdugre/scratch/mri-registration-rp/datasets/ds004513/derivatives/mri-registration-rp/0100/antsRegistration-r7-p16/sub-s025/rigid_Composite.h5[1] (type = Euler3DTransform)
  3. /home/mdugre/scratch/mri-registration-rp/datasets/ds004513/derivatives/mri-registration-rp/0100/antsRegistration-r7-p16/sub-s025/rigid_Composite.h5[2] (type = Euler3DTransform)
=============================================================================
  number of levels = 4
  fixed image: /templateflow/tpl-MNI152NLin2009cAsym/tpl-MNI152NLin2009cAsym_res-01_desc-brain_T1w.nii.gz
  moving image: /home/mdugre/scratch/mri-registration-rp/datasets/ds004513/derivatives/mri-registration-rp/antsBrainExtraction/sub-s025/BrainExtractionBrain.nii.gz
Dimension = 3
Number of stages = 1
Use histogram matching = false
Winsorize image intensities = true
  Lower quantile = 0.005
  Upper quantile = 0.995


Stage 1 State
   Image metric = MattesMI
     Fixed image = Image (0x4b497e0)
  RTTI typeinfo:   itk::Image<double, 3u>
  Reference Count: 2
  Modified Time: 1594
  Debug: Off
  Object Name: 
  Observers: 
    none
  Source: (none)
  Source output name: (none)
  Release Data: Off
  Data Released: False
  Global Release Data: Off
  PipelineMTime: 0
  UpdateMTime: 1203
  RealTimeStamp: 0 seconds 
  LargestPossibleRegion: 
    Dimension: 3
    Index: [0, 0, 0]
    Size: [193, 229, 193]
  BufferedRegion: 
    Dimension: 3
    Index: [0, 0, 0]
    Size: [193, 229, 193]
  RequestedRegion: 
    Dimension: 3
    Index: [0, 0, 0]
    Size: [193, 229, 193]
  Spacing: [1, 1, 1]
  Origin: [96, 132, -78]
  Direction: 
-1 0 0
0 -1 0
0 0 1

  IndexToPointMatrix: 
-1 0 0
0 -1 0
0 0 1

  PointToIndexMatrix: 
-1 0 0
0 -1 0
0 0 1

  Inverse Direction: 
-1 0 0
0 -1 0
0 0 1

  PixelContainer: 
    ImportImageContainer (0x4c14880)
      RTTI typeinfo:   itk::ImportImageContainer<unsigned long, double>
      Reference Count: 1
      Modified Time: 1200
      Debug: Off
      Object Name: 
      Observers: 
        none
      Pointer: 0x1537092f8010
      Container manages memory: true
      Size: 8530021
      Capacity: 8530021

     Moving image = Image (0x4c05050)
  RTTI typeinfo:   itk::Image<double, 3u>
  Reference Count: 2
  Modified Time: 1595
  Debug: Off
  Object Name: 
  Observers: 
    none
  Source: (none)
  Source output name: (none)
  Release Data: Off
  Data Released: False
  Global Release Data: Off
  PipelineMTime: 0
  UpdateMTime: 1592
  RealTimeStamp: 0 seconds 
  LargestPossibleRegion: 
    Dimension: 3
    Index: [0, 0, 0]
    Size: [176, 240, 256]
  BufferedRegion: 
    Dimension: 3
    Index: [0, 0, 0]
    Size: [176, 240, 256]
  RequestedRegion: 
    Dimension: 3
    Index: [0, 0, 0]
    Size: [176, 240, 256]
  Spacing: [0.999999, 1, 1]
  Origin: [90.3778, 84.5091, -154.071]
  Direction: 
-0.999391 7.48184e-06 -0.0348969
-7.47664e-06 -1 -2.7953e-07
-0.0348969 -1.84481e-08 0.999391

  IndexToPointMatrix: 
-0.99939 7.48184e-06 -0.0348969
-7.47663e-06 -1 -2.7953e-07
-0.0348968 -1.84481e-08 0.999391

  PointToIndexMatrix: 
-0.999392 -7.47665e-06 -0.0348969
7.48184e-06 -1 -1.84481e-08
-0.0348969 -2.7953e-07 0.999391

  Inverse Direction: 
-0.999391 -7.47664e-06 -0.0348969
7.48184e-06 -1 -1.84481e-08
-0.0348969 -2.7953e-07 0.999391

  PixelContainer: 
    ImportImageContainer (0x4cb8690)
      RTTI typeinfo:   itk::ImportImageContainer<unsigned long, double>
      Reference Count: 1
      Modified Time: 1589
      Debug: Off
      Object Name: 
      Observers: 
        none
      Pointer: 0x153704077010
      Container manages memory: true
      Size: 10813440
      Capacity: 10813440

     Weighting = 1
     Sampling strategy = regular
     Number of bins = 32
     Radius = 4
     Sampling percentage  = 0.25
   Transform = Affine
     Gradient step = 0.1
     Update field sigma (voxel space) = 0
     Total field sigma (voxel space) = 0
     Update field time sigma = 0
     Total field time sigma  = 0
     Number of time indices = 0
     Number of time point samples = 0
Registration using 1 total stages.

Stage 0
  iterations = 1000x500x250x100
  convergence threshold = 1e-06
  convergence window size = 10
  number of levels = 4
  using the Mattes MI metric (number of bins = 32, weight = 1, use gradient filter = 0)
  preprocessing:  winsorizing the image intensities
  Shrink factors (level 1 out of 4): [8, 8, 8]
  Shrink factors (level 2 out of 4): [4, 4, 4]
  Shrink factors (level 3 out of 4): [2, 2, 2]
  Shrink factors (level 4 out of 4): [1, 1, 1]
  smoothing sigmas per level: [3, 2, 1, 0]
  regular sampling (percentage = 0.25)

*** Running AffineTransform registration ***

DIAGNOSTIC,Iteration,metricValue,convergenceValue,ITERATION_TIME_INDEX,SINCE_LAST
 2DIAGNOSTIC,     1, -7.480979320655e-01, 1.797693134862e+308, 7.9214e-01, 7.9214e-01, 
 2DIAGNOSTIC,     2, -7.498665093533e-01, 1.797693134862e+308, 7.9787e-01, 5.7330e-03, 
 2DIAGNOSTIC,     3, -7.529377659046e-01, 1.797693134862e+308, 8.0303e-01, 5.1560e-03, 
 2DIAGNOSTIC,     4, -7.583880115788e-01, 1.797693134862e+308, 8.0803e-01, 4.9951e-03, 
 2DIAGNOSTIC,     5, -7.675759501821e-01, 1.797693134862e+308, 8.1302e-01, 4.9980e-03, 
 2DIAGNOSTIC,     6, -7.818266260935e-01, 1.797693134862e+308, 8.1796e-01, 4.9331e-03, 
 2DIAGNOSTIC,     7, -8.061918184865e-01, 1.797693134862e+308, 8.2290e-01, 4.9410e-03, 
 2DIAGNOSTIC,     8, -8.818910638021e-01, 1.797693134862e+308, 8.2851e-01, 5.6078e-03, 
 2DIAGNOSTIC,     9, -9.112490866865e-01, 1.797693134862e+308, 8.3460e-01, 6.0940e-03, 
 2DIAGNOSTIC,    10, -9.172601332436e-01, 1.497383594211e-02, 8.4033e-01, 5.7280e-03, 
 2DIAGNOSTIC,    11, -9.230524135809e-01, 1.520962833928e-02, 8.4612e-01, 5.7900e-03, 
 2DIAGNOSTIC,    12, -9.298474037258e-01, 1.428124781503e-02, 8.5184e-01, 5.7261e-03, 
 2DIAGNOSTIC,    13, -9.351080207001e-01, 1.241239968353e-02, 8.5750e-01, 5.6570e-03, 
 2DIAGNOSTIC,    14, -9.362079100694e-01, 9.867663577557e-03, 8.6578e-01, 8.2800e-03, 
 2DIAGNOSTIC,    15, -9.366156272452e-01, 7.039901191266e-03, 8.7163e-01, 5.8539e-03, 
 2DIAGNOSTIC,    16, -9.373985869890e-01, 4.283768677933e-03, 8.7682e-01, 5.1861e-03, 
 2DIAGNOSTIC,    17, -9.379151084246e-01, 1.936813785779e-03, 8.8192e-01, 5.1010e-03, 
 2DIAGNOSTIC,    18, -9.384455233711e-01, 1.073961865411e-03, 8.8722e-01, 5.3010e-03, 
 2DIAGNOSTIC,    19, -9.388016500833e-01, 7.221264087961e-04, 8.9283e-01, 5.6069e-03, 
 2DIAGNOSTIC,    20, -9.386956471489e-01, 4.377119420147e-04, 8.9852e-01, 5.6870e-03, 
 2DIAGNOSTIC,    21, -9.386338994851e-01, 2.288146824031e-04, 9.0423e-01, 5.7130e-03, 
 2DIAGNOSTIC,    22, -9.385486645674e-01, 1.158372299036e-04, 9.0984e-01, 5.6069e-03, 
 2DIAGNOSTIC,    23, -9.383863529167e-01, 7.388836791286e-05, 9.1511e-01, 5.2700e-03, 
 2DIAGNOSTIC,    24, -9.384495249364e-01, 4.450863369420e-05, 9.2069e-01, 5.5850e-03, 
 2DIAGNOSTIC,    25, -9.387128251085e-01, 2.205141027422e-05, 9.2636e-01, 5.6658e-03, 
 2DIAGNOSTIC,    26, -9.387713596936e-01, 9.725383878827e-06, 9.3198e-01, 5.6190e-03, 
 2DIAGNOSTIC,    27, -9.386618864972e-01, 2.299360033486e-06, 9.3768e-01, 5.7080e-03, 
DIAGNOSTIC,Iteration,metricValue,convergenceValue,ITERATION_TIME_INDEX,SINCE_LAST
 2DIAGNOSTIC,     1, -7.513330284159e-01, 1.797693134862e+308, 1.6793e+00, 7.4165e-01, 
 2DIAGNOSTIC,     2, -7.516939248251e-01, 1.797693134862e+308, 1.7152e+00, 3.5828e-02, 
 2DIAGNOSTIC,     3, -7.519088273627e-01, 1.797693134862e+308, 1.7492e+00, 3.4074e-02, 
 2DIAGNOSTIC,     4, -7.522948446937e-01, 1.797693134862e+308, 1.7826e+00, 3.3319e-02, 
 2DIAGNOSTIC,     5, -7.532732945766e-01, 1.797693134862e+308, 1.8198e+00, 3.7227e-02, 
 2DIAGNOSTIC,     6, -7.540561045100e-01, 1.797693134862e+308, 1.8667e+00, 4.6947e-02, 
 2DIAGNOSTIC,     7, -7.540709058737e-01, 1.797693134862e+308, 1.8991e+00, 3.2351e-02, 
 2DIAGNOSTIC,     8, -7.541659759101e-01, 1.797693134862e+308, 1.9316e+00, 3.2515e-02, 
 2DIAGNOSTIC,     9, -7.541815974390e-01, 1.797693134862e+308, 1.9655e+00, 3.3901e-02, 
 2DIAGNOSTIC,    10, -7.542578186481e-01, 2.915457547070e-04, 2.0309e+00, 6.5452e-02, 
 2DIAGNOSTIC,    11, -7.542556611730e-01, 2.209782119647e-04, 2.0677e+00, 3.6754e-02, 
 2DIAGNOSTIC,    12, -7.542428164840e-01, 1.539592140988e-04, 2.1050e+00, 3.7344e-02, 
 2DIAGNOSTIC,    13, -7.542292802967e-01, 8.983371874642e-05, 2.1379e+00, 3.2810e-02, 
 2DIAGNOSTIC,    14, -7.542164184634e-01, 3.648218736128e-05, 2.1743e+00, 3.6484e-02, 
 2DIAGNOSTIC,    15, -7.542186678295e-01, 1.123417865771e-05, 2.2084e+00, 3.4085e-02, 
 2DIAGNOSTIC,    16, -7.542076367517e-01, 6.510580780120e-06, 2.2420e+00, 3.3595e-02, 
 2DIAGNOSTIC,    17, -7.541970385186e-01, 2.000601249261e-06, 2.2812e+00, 3.9189e-02, 
DIAGNOSTIC,Iteration,metricValue,convergenceValue,ITERATION_TIME_INDEX,SINCE_LAST
 2DIAGNOSTIC,     1, -6.420429030316e-01, 1.797693134862e+308, 3.4427e+00, 1.1615e+00, 
 2DIAGNOSTIC,     2, -6.424058354396e-01, 1.797693134862e+308, 3.7434e+00, 3.0070e-01, 
 2DIAGNOSTIC,     3, -6.428257167190e-01, 1.797693134862e+308, 4.0393e+00, 2.9591e-01, 
 2DIAGNOSTIC,     4, -6.432505026881e-01, 1.797693134862e+308, 4.3293e+00, 2.9005e-01, 
 2DIAGNOSTIC,     5, -6.442046429235e-01, 1.797693134862e+308, 4.6300e+00, 3.0063e-01, 
 2DIAGNOSTIC,     6, -6.448672991809e-01, 1.797693134862e+308, 5.2554e+00, 6.2545e-01, 
 2DIAGNOSTIC,     7, -6.448626833332e-01, 1.797693134862e+308, 5.5511e+00, 2.9569e-01, 
 2DIAGNOSTIC,     8, -6.448654964724e-01, 1.797693134862e+308, 5.9773e+00, 4.2624e-01, 
 2DIAGNOSTIC,     9, -6.448652055250e-01, 1.797693134862e+308, 6.2617e+00, 2.8432e-01, 
 2DIAGNOSTIC,    10, -6.448628287651e-01, 3.237476231648e-04, 6.6353e+00, 3.7369e-01, 
 2DIAGNOSTIC,    11, -6.448605025853e-01, 2.306095595399e-04, 6.9600e+00, 3.2463e-01, 
 2DIAGNOSTIC,    12, -6.448594175444e-01, 1.461343774551e-04, 7.2486e+00, 2.8859e-01, 
 2DIAGNOSTIC,    13, -6.448585690581e-01, 7.628054523121e-05, 7.5465e+00, 2.9791e-01, 
 2DIAGNOSTIC,    14, -6.448564042180e-01, 2.241586628288e-05, 7.8547e+00, 3.0826e-01, 
 2DIAGNOSTIC,    15, -6.448557964537e-01, 1.389292193857e-06, 8.1333e+00, 2.7852e-01, 
 2DIAGNOSTIC,    16, -6.448557436492e-01, 1.334832812130e-06, 8.4411e+00, 3.0784e-01, 
 2DIAGNOSTIC,    17, -6.448605350853e-01, 1.348172109158e-06, 8.7609e+00, 3.1978e-01, 
 2DIAGNOSTIC,    18, -6.448628030874e-01, 1.528610426287e-06, 9.1524e+00, 3.9152e-01, 
 2DIAGNOSTIC,    19, -6.448621283010e-01, 1.691176271384e-06, 9.4396e+00, 2.8718e-01, 
 2DIAGNOSTIC,    20, -6.448611839928e-01, 1.766817596803e-06, 9.7232e+00, 2.8362e-01, 
 2DIAGNOSTIC,    21, -6.448589024689e-01, 1.722723491443e-06, 9.9912e+00, 2.6796e-01, 
 2DIAGNOSTIC,    22, -6.448584343648e-01, 1.631026708929e-06, 1.0285e+01, 2.9366e-01, 
 2DIAGNOSTIC,    23, -6.448555076258e-01, 1.457132149676e-06, 1.0573e+01, 2.8828e-01, 
 2DIAGNOSTIC,    24, -6.448539904326e-01, 1.225832330240e-06, 1.0868e+01, 2.9488e-01, 
DIAGNOSTIC,Iteration,metricValue,convergenceValue,ITERATION_TIME_INDEX,SINCE_LAST
 2DIAGNOSTIC,     1, -5.762546576996e-01, 1.797693134862e+308, 1.3628e+01, 2.7596e+00, 
 2DIAGNOSTIC,     2, -5.767087855463e-01, 1.797693134862e+308, 1.5211e+01, 1.5829e+00, 
 2DIAGNOSTIC,     3, -5.772197161436e-01, 1.797693134862e+308, 1.6850e+01, 1.6393e+00, 
 2DIAGNOSTIC,     4, -5.777504393627e-01, 1.797693134862e+308, 1.8485e+01, 1.6354e+00, 
 2DIAGNOSTIC,     5, -5.788066267151e-01, 1.797693134862e+308, 2.0550e+01, 2.0646e+00, 
 2DIAGNOSTIC,     6, -5.798511073143e-01, 1.797693134862e+308, 2.2737e+01, 2.1874e+00, 
 2DIAGNOSTIC,     7, -5.800048927725e-01, 1.797693134862e+308, 2.5839e+01, 3.1023e+00, 
 2DIAGNOSTIC,     8, -5.800049590757e-01, 1.797693134862e+308, 2.7712e+01, 1.8724e+00, 
 2DIAGNOSTIC,     9, -5.800043320260e-01, 1.797693134862e+308, 2.9497e+01, 1.7852e+00, 
 2DIAGNOSTIC,    10, -5.800043003675e-01, 4.849656457595e-04, 3.1529e+01, 2.0323e+00, 
 2DIAGNOSTIC,    11, -5.800038257252e-01, 3.553343271312e-04, 3.3708e+01, 2.1787e+00, 
 2DIAGNOSTIC,    12, -5.800034231589e-01, 2.344186332980e-04, 3.5537e+01, 1.8293e+00, 
 2DIAGNOSTIC,    13, -5.800030205093e-01, 1.310213231987e-04, 3.7341e+01, 1.8033e+00, 
 2DIAGNOSTIC,    14, -5.800027949551e-01, 4.880974281218e-05, 3.9016e+01, 1.6756e+00, 
 2DIAGNOSTIC,    15, -5.800028770352e-01, 6.968623712258e-06, 4.0986e+01, 1.9694e+00, 
 2DIAGNOSTIC,    16, -5.800030642927e-01, 1.825672187802e-06, 4.2880e+01, 1.8948e+00, 
 2DIAGNOSTIC,    17, -5.800031002563e-01, 1.743448511837e-06, 4.4683e+01, 1.8023e+00, 
 2DIAGNOSTIC,    18, -5.800030163294e-01, 1.682514385822e-06, 4.6767e+01, 2.0839e+00, 
 2DIAGNOSTIC,    19, -5.800028013818e-01, 1.614307493500e-06, 4.8624e+01, 1.8577e+00, 
 2DIAGNOSTIC,    20, -5.800025863995e-01, 1.552798594505e-06, 5.0476e+01, 1.8512e+00, 
 2DIAGNOSTIC,    21, -5.800024915722e-01, 1.487572091216e-06, 5.2039e+01, 1.5637e+00, 
 2DIAGNOSTIC,    22, -5.800024354816e-01, 1.420878218229e-06, 5.3987e+01, 1.9478e+00, 
 2DIAGNOSTIC,    23, -5.800025052790e-01, 1.355578751160e-06, 5.5850e+01, 1.8627e+00, 
 2DIAGNOSTIC,    24, -5.800024374278e-01, 1.292455373295e-06, 5.7626e+01, 1.7759e+00, 
 2DIAGNOSTIC,    25, -5.800023597345e-01, 1.237694311068e-06, 5.9376e+01, 1.7500e+00, 
 2DIAGNOSTIC,    26, -5.800023326311e-01, 1.193537689910e-06, 6.1176e+01, 1.8007e+00, 
 2DIAGNOSTIC,    27, -5.800022728427e-01, 1.155071618408e-06, 6.2985e+01, 1.8090e+00, 
 2DIAGNOSTIC,    28, -5.800021250668e-01, 1.117593811932e-06, 6.5189e+01, 2.2040e+00, 
 2DIAGNOSTIC,    29, -5.800021769769e-01, 1.081920159053e-06, 6.6977e+01, 1.7881e+00, 
 2DIAGNOSTIC,    30, -5.800020642266e-01, 1.044777886788e-06, 6.8752e+01, 1.7748e+00, 
 2DIAGNOSTIC,    31, -5.800018078153e-01, 1.006086723924e-06, 7.0390e+01, 1.6375e+00, 
  Elapsed time (stage 0): 7.1364e+01


Total elapsed time: 7.1366e+01
Info [verificarlo]: loaded backend libinterflop_ieee.so
Info [interflop-ieee]: load backend with:
Info [interflop-ieee]: debug = false
Info [interflop-ieee]: debug-binary = false
Info [interflop-ieee]: no-backend-name = false
Info [interflop-ieee]: print-new-line = false
Info [interflop-ieee]: print-subnormal-normalized = false
Info [interflop-ieee]: count-op = false
All_Command_lines_OK
Using double precision for computations.
