
##########################
# Experiment information #
##########################

EXPERIMENT_NAME: antsRegistration-r8-p20
VFC_BACKENDS: libinterflop_vprec.so --range-binary32=8 --precision-binary32=20 --range-binary64=8 --precision-binary64=20

SIF_IMG: /home/mdugre/projects/rrg-glatard/mdugre/containers/ants-vprec-no_metrics.simg

SUBJECT_ID: s003
INPUT_IMG: /home/mdugre/scratch/mri-registration-rp/datasets/ds004513/derivatives/mri-registration-rp/antsBrainExtraction/sub-s003/BrainExtractionBrain.nii.gz
OUTPUT_DIR: /home/mdugre/scratch/mri-registration-rp/datasets/ds004513/derivatives/mri-registration-rp/0100/antsRegistration-r8-p20/sub-s003

FIXED_IMG: /templateflow/tpl-MNI152NLin2009cAsym/tpl-MNI152NLin2009cAsym_res-01_desc-brain_T1w.nii.gz
DATA_DIR: /home/mdugre/scratch/mri-registration-rp/datasets/ds004513
TEMPLATEFLOW_DIR: /home/mdugre/projects/rrg-glatard/mdugre/templateflow
ITK_GLOBAL_DEFAULT_NUMBER_OF_THREADS: 16
##########################

Info [verificarlo]: loaded backend libinterflop_ieee.so
Info [interflop-ieee]: load backend with:
Info [interflop-ieee]: debug = false
Info [interflop-ieee]: debug-binary = false
Info [interflop-ieee]: no-backend-name = false
Info [interflop-ieee]: print-new-line = false
Info [interflop-ieee]: print-subnormal-normalized = false
Info [interflop-ieee]: count-op = false
All_Command_lines_OK
Using double precision for computations.
=============================================================================
The composite transform comprises the following transforms (in order): 
  1. Center of mass alignment using fixed image: /templateflow/tpl-MNI152NLin2009cAsym/tpl-MNI152NLin2009cAsym_res-01_desc-brain_T1w.nii.gz and moving image: /home/mdugre/scratch/mri-registration-rp/datasets/ds004513/derivatives/mri-registration-rp/antsBrainExtraction/sub-s003/BrainExtractionBrain.nii.gz (type = Euler3DTransform)
=============================================================================
  number of levels = 1
  fixed image: /templateflow/tpl-MNI152NLin2009cAsym/tpl-MNI152NLin2009cAsym_res-01_desc-brain_T1w.nii.gz
  moving image: /home/mdugre/scratch/mri-registration-rp/datasets/ds004513/derivatives/mri-registration-rp/antsBrainExtraction/sub-s003/BrainExtractionBrain.nii.gz
Dimension = 3
Number of stages = 1
Use histogram matching = false
Winsorize image intensities = true
  Lower quantile = 0.005
  Upper quantile = 0.995


Stage 1 State
   Image metric = MattesMI
     Fixed image = Image (0x4a07e70)
  RTTI typeinfo:   itk::Image<double, 3u>
  Reference Count: 2
  Modified Time: 2334
  Debug: Off
  Object Name: 
  Observers: 
    none
  Source: (none)
  Source output name: (none)
  Release Data: Off
  Data Released: False
  Global Release Data: Off
  PipelineMTime: 0
  UpdateMTime: 1943
  RealTimeStamp: 0 seconds 
  LargestPossibleRegion: 
    Dimension: 3
    Index: [0, 0, 0]
    Size: [193, 229, 193]
  BufferedRegion: 
    Dimension: 3
    Index: [0, 0, 0]
    Size: [193, 229, 193]
  RequestedRegion: 
    Dimension: 3
    Index: [0, 0, 0]
    Size: [193, 229, 193]
  Spacing: [1, 1, 1]
  Origin: [96, 132, -78]
  Direction: 
-1 0 0
0 -1 0
0 0 1

  IndexToPointMatrix: 
-1 0 0
0 -1 0
0 0 1

  PointToIndexMatrix: 
-1 0 0
0 -1 0
0 0 1

  Inverse Direction: 
-1 0 0
0 -1 0
0 0 1

  PixelContainer: 
    ImportImageContainer (0x4a14140)
      RTTI typeinfo:   itk::ImportImageContainer<unsigned long, double>
      Reference Count: 1
      Modified Time: 1940
      Debug: Off
      Object Name: 
      Observers: 
        none
      Pointer: 0x14bbe9985010
      Container manages memory: true
      Size: 8530021
      Capacity: 8530021

     Moving image = Image (0x4a11310)
  RTTI typeinfo:   itk::Image<double, 3u>
  Reference Count: 2
  Modified Time: 2335
  Debug: Off
  Object Name: 
  Observers: 
    none
  Source: (none)
  Source output name: (none)
  Release Data: Off
  Data Released: False
  Global Release Data: Off
  PipelineMTime: 0
  UpdateMTime: 2332
  RealTimeStamp: 0 seconds 
  LargestPossibleRegion: 
    Dimension: 3
    Index: [0, 0, 0]
    Size: [176, 240, 256]
  BufferedRegion: 
    Dimension: 3
    Index: [0, 0, 0]
    Size: [176, 240, 256]
  RequestedRegion: 
    Dimension: 3
    Index: [0, 0, 0]
    Size: [176, 240, 256]
  Spacing: [0.999999, 1, 1]
  Origin: [93.3499, 86.9368, -128.957]
  Direction: 
-0.999513 -0.0279216 -0.0139567
0.0279189 -0.99961 0.000389866
-0.0139622 2.01492e-08 0.999903

  IndexToPointMatrix: 
-0.999512 -0.0279216 -0.0139567
0.0279189 -0.99961 0.000389866
-0.0139621 2.01492e-08 0.999903

  PointToIndexMatrix: 
-0.999514 0.0279189 -0.0139622
-0.0279216 -0.99961 2.01716e-08
-0.0139567 0.000389866 0.999903

  Inverse Direction: 
-0.999513 0.0279189 -0.0139622
-0.0279216 -0.99961 2.01716e-08
-0.0139567 0.000389866 0.999903

  PixelContainer: 
    ImportImageContainer (0x4b3c610)
      RTTI typeinfo:   itk::ImportImageContainer<unsigned long, double>
      Reference Count: 1
      Modified Time: 2329
      Debug: Off
      Object Name: 
      Observers: 
        none
      Pointer: 0x14bbe4704010
      Container manages memory: true
      Size: 10813440
      Capacity: 10813440

     Weighting = 1
     Sampling strategy = regular
     Number of bins = 32
     Radius = 4
     Sampling percentage  = 0.25
   Transform = Rigid
     Gradient step = 0.1
     Update field sigma (voxel space) = 0
     Total field sigma (voxel space) = 0
     Update field time sigma = 0
     Total field time sigma  = 0
     Number of time indices = 0
     Number of time point samples = 0
Registration using 1 total stages.

Stage 0
  iterations = 0
  convergence threshold = 1e-06
  convergence window size = 10
  number of levels = 1
  using the Mattes MI metric (number of bins = 32, weight = 1, use gradient filter = 0)
  preprocessing:  winsorizing the image intensities
  Shrink factors (level 1 out of 1): [1, 1, 1]
  smoothing sigmas per level: [0]
  regular sampling (percentage = 0.25)

*** Running Euler3DTransform registration ***

  Elapsed time (stage 0): 1.11796


Total elapsed time: 1.12108
Info [verificarlo]: loaded backend libinterflop_vprec.so
Info [interflop-vprec]: load backend with: 
Info [interflop-vprec]: precision-binary32 = 20
Info [interflop-vprec]: range-binary32 = 8
Info [interflop-vprec]: precision-binary64 = 20
Info [interflop-vprec]: range-binary64 = 8
Info [interflop-vprec]: mode = ob
Info [interflop-vprec]: error-mode = rel
Info [interflop-vprec]: max-abs-error-exponent = -1022
Info [interflop-vprec]: daz = false
Info [interflop-vprec]: ftz = false
Info [interflop-vprec]: 	instrument = none
Info [interflop-vprec]: 	prec-input-file = (null)
Info [interflop-vprec]: 	prec-output-file = (null)
Info [interflop-vprec]: 	prec-log-file = (null)
All_Command_lines_OK
Using double precision for computations.
=============================================================================
The composite transform comprises the following transforms (in order): 
  1. /home/mdugre/scratch/mri-registration-rp/datasets/ds004513/derivatives/mri-registration-rp/0100/antsRegistration-r8-p20/sub-s003/align_Composite.h5[0] (type = Euler3DTransform)
  2. /home/mdugre/scratch/mri-registration-rp/datasets/ds004513/derivatives/mri-registration-rp/0100/antsRegistration-r8-p20/sub-s003/align_Composite.h5[1] (type = Euler3DTransform)
=============================================================================
  number of levels = 4
  fixed image: /templateflow/tpl-MNI152NLin2009cAsym/tpl-MNI152NLin2009cAsym_res-01_desc-brain_T1w.nii.gz
  moving image: /home/mdugre/scratch/mri-registration-rp/datasets/ds004513/derivatives/mri-registration-rp/antsBrainExtraction/sub-s003/BrainExtractionBrain.nii.gz
Dimension = 3
Number of stages = 1
Use histogram matching = false
Winsorize image intensities = true
  Lower quantile = 0.005
  Upper quantile = 0.995


Stage 1 State
   Image metric = MattesMI
     Fixed image = Image (0x4fce1e0)
  RTTI typeinfo:   itk::Image<double, 3u>
  Reference Count: 2
  Modified Time: 1580
  Debug: Off
  Object Name: 
  Observers: 
    none
  Source: (none)
  Source output name: (none)
  Release Data: Off
  Data Released: False
  Global Release Data: Off
  PipelineMTime: 0
  UpdateMTime: 1189
  RealTimeStamp: 0 seconds 
  LargestPossibleRegion: 
    Dimension: 3
    Index: [0, 0, 0]
    Size: [193, 229, 193]
  BufferedRegion: 
    Dimension: 3
    Index: [0, 0, 0]
    Size: [193, 229, 193]
  RequestedRegion: 
    Dimension: 3
    Index: [0, 0, 0]
    Size: [193, 229, 193]
  Spacing: [1, 1, 1]
  Origin: [96, 132, -78]
  Direction: 
-1 0 0
0 -1 0
0 0 1

  IndexToPointMatrix: 
-1 0 0
0 -1 0
0 0 1

  PointToIndexMatrix: 
-1 0 0
0 -1 0
0 0 1

  Inverse Direction: 
-1 0 0
0 -1 0
0 0 1

  PixelContainer: 
    ImportImageContainer (0x508d680)
      RTTI typeinfo:   itk::ImportImageContainer<unsigned long, double>
      Reference Count: 1
      Modified Time: 1186
      Debug: Off
      Object Name: 
      Observers: 
        none
      Pointer: 0x14d494f72010
      Container manages memory: true
      Size: 8530021
      Capacity: 8530021

     Moving image = Image (0x5089b20)
  RTTI typeinfo:   itk::Image<double, 3u>
  Reference Count: 2
  Modified Time: 1581
  Debug: Off
  Object Name: 
  Observers: 
    none
  Source: (none)
  Source output name: (none)
  Release Data: Off
  Data Released: False
  Global Release Data: Off
  PipelineMTime: 0
  UpdateMTime: 1578
  RealTimeStamp: 0 seconds 
  LargestPossibleRegion: 
    Dimension: 3
    Index: [0, 0, 0]
    Size: [176, 240, 256]
  BufferedRegion: 
    Dimension: 3
    Index: [0, 0, 0]
    Size: [176, 240, 256]
  RequestedRegion: 
    Dimension: 3
    Index: [0, 0, 0]
    Size: [176, 240, 256]
  Spacing: [0.999999, 1, 1]
  Origin: [93.3499, 86.9368, -128.957]
  Direction: 
-0.999513 -0.0279216 -0.0139567
0.0279189 -0.99961 0.000389866
-0.0139622 2.01492e-08 0.999903

  IndexToPointMatrix: 
-0.999512 -0.0279216 -0.0139567
0.0279189 -0.99961 0.000389866
-0.0139621 2.01492e-08 0.999903

  PointToIndexMatrix: 
-0.999514 0.0279189 -0.0139622
-0.0279216 -0.999611 4.76837e-07
-0.0139567 0.000389576 0.999903

  Inverse Direction: 
-0.999513 0.0279189 -0.0139622
-0.0279216 -0.999611 4.76837e-07
-0.0139567 0.000389576 0.999903

  PixelContainer: 
    ImportImageContainer (0x50f2d50)
      RTTI typeinfo:   itk::ImportImageContainer<unsigned long, double>
      Reference Count: 1
      Modified Time: 1575
      Debug: Off
      Object Name: 
      Observers: 
        none
      Pointer: 0x14d48fcf1010
      Container manages memory: true
      Size: 10813440
      Capacity: 10813440

     Weighting = 1
     Sampling strategy = regular
     Number of bins = 32
     Radius = 4
     Sampling percentage  = 0.25
   Transform = Rigid
     Gradient step = 0.1
     Update field sigma (voxel space) = 0
     Total field sigma (voxel space) = 0
     Update field time sigma = 0
     Total field time sigma  = 0
     Number of time indices = 0
     Number of time point samples = 0
Registration using 1 total stages.

Stage 0
  iterations = 1000x500x250x100
  convergence threshold = 1e-06
  convergence window size = 10
  number of levels = 4
  using the Mattes MI metric (number of bins = 32, weight = 1, use gradient filter = 0)
  preprocessing:  winsorizing the image intensities
  Shrink factors (level 1 out of 4): [8, 8, 8]
  Shrink factors (level 2 out of 4): [4, 4, 4]
  Shrink factors (level 3 out of 4): [2, 2, 2]
  Shrink factors (level 4 out of 4): [1, 1, 1]
  smoothing sigmas per level: [3, 2, 1, 0]
  regular sampling (percentage = 0.25)

*** Running Euler3DTransform registration ***

DIAGNOSTIC,Iteration,metricValue,convergenceValue,ITERATION_TIME_INDEX,SINCE_LAST
 2DIAGNOSTIC,     1, -4.871214128292e-01, 1.797693134862e+308, 0.0000e+00, 0.0000e+00, 
 2DIAGNOSTIC,     2, -4.888535361975e-01, 1.797693134862e+308, 0.0000e+00, 0.0000e+00, 
 2DIAGNOSTIC,     3, -4.919517938237e-01, 1.797693134862e+308, 0.0000e+00, 0.0000e+00, 
 2DIAGNOSTIC,     4, -5.019941873177e-01, 1.797693134862e+308, 0.0000e+00, 0.0000e+00, 
 2DIAGNOSTIC,     5, -5.199412177971e-01, 1.797693134862e+308, 0.0000e+00, 0.0000e+00, 
 2DIAGNOSTIC,     6, -5.254206773902e-01, 1.797693134862e+308, 0.0000e+00, 0.0000e+00, 
 2DIAGNOSTIC,     7, -5.366927339672e-01, 1.797693134862e+308, 0.0000e+00, 0.0000e+00, 
 2DIAGNOSTIC,     8, -5.566736959326e-01, 1.797693134862e+308, 0.0000e+00, 0.0000e+00, 
 2DIAGNOSTIC,     9, -5.582939281050e-01, 1.797693134862e+308, 0.0000e+00, 0.0000e+00, 
 2DIAGNOSTIC,    10, -5.590049296776e-01, 1.061332495261e-02, 0.0000e+00, 0.0000e+00, 
 2DIAGNOSTIC,    11, -5.619800998800e-01, 9.344692791954e-03, 0.0000e+00, 0.0000e+00, 
 2DIAGNOSTIC,    12, -5.654839166715e-01, 7.697328978155e-03, 0.0000e+00, 0.0000e+00, 
 2DIAGNOSTIC,    13, -5.658636860498e-01, 5.753398221734e-03, 0.0000e+00, 0.0000e+00, 
 2DIAGNOSTIC,    14, -5.660629310047e-01, 3.961145196497e-03, 0.0000e+00, 0.0000e+00, 
 2DIAGNOSTIC,    15, -5.660942046501e-01, 2.707215620353e-03, 0.0000e+00, 0.0000e+00, 
 2DIAGNOSTIC,    16, -5.667215521604e-01, 1.568344276648e-03, 0.0000e+00, 0.0000e+00, 
 2DIAGNOSTIC,    17, -5.672485399916e-01, 7.718884276086e-04, 0.0000e+00, 0.0000e+00, 
 2DIAGNOSTIC,    18, -5.675597792221e-01, 5.879986786044e-04, 0.0000e+00, 0.0000e+00, 
 2DIAGNOSTIC,    19, -5.676991414498e-01, 4.206799774506e-04, 0.0000e+00, 0.0000e+00, 
 2DIAGNOSTIC,    20, -5.681788542700e-01, 2.621957378494e-04, 0.0000e+00, 0.0000e+00, 
 2DIAGNOSTIC,    21, -5.690389340398e-01, 1.875487490033e-04, 0.0000e+00, 0.0000e+00, 
 2DIAGNOSTIC,    22, -5.691596821527e-01, 1.874131207372e-04, 0.0000e+00, 0.0000e+00, 
 2DIAGNOSTIC,    23, -5.700600947091e-01, 1.990642999293e-04, 0.0000e+00, 0.0000e+00, 
 2DIAGNOSTIC,    24, -5.711581066837e-01, 2.191870378234e-04, 0.0000e+00, 0.0000e+00, 
 2DIAGNOSTIC,    25, -5.734045328129e-01, 2.635227836471e-04, 0.0000e+00, 0.0000e+00, 
 2DIAGNOSTIC,    26, -5.773914907056e-01, 3.699579024836e-04, 0.0000e+00, 0.0000e+00, 
 2DIAGNOSTIC,    27, -5.972169474290e-01, 8.192047074138e-04, 0.0000e+00, 0.0000e+00, 
 2DIAGNOSTIC,    28, -6.053581712952e-01, 1.302186508256e-03, 0.0000e+00, 0.0000e+00, 
 2DIAGNOSTIC,    29, -6.060922464026e-01, 1.642438566026e-03, 0.0000e+00, 0.0000e+00, 
 2DIAGNOSTIC,    30, -6.078904972438e-01, 1.847490863278e-03, 0.0000e+00, 0.0000e+00, 
 2DIAGNOSTIC,    31, -6.095461795101e-01, 1.904368647202e-03, 0.0000e+00, 0.0000e+00, 
 2DIAGNOSTIC,    32, -6.117711790828e-01, 1.808591913266e-03, 0.0000e+00, 0.0000e+00, 
 2DIAGNOSTIC,    33, -6.130919767156e-01, 1.579456388004e-03, 0.0000e+00, 0.0000e+00, 
 2DIAGNOSTIC,    34, -6.145937249862e-01, 1.257975295029e-03, 0.0000e+00, 0.0000e+00, 
 2DIAGNOSTIC,    35, -6.147924265482e-01, 8.756737071966e-04, 0.0000e+00, 0.0000e+00, 
 2DIAGNOSTIC,    36, -6.154535433994e-01, 4.916028382438e-04, 0.0000e+00, 0.0000e+00, 
 2DIAGNOSTIC,    37, -6.203738591782e-01, 4.145559329097e-04, 0.0000e+00, 0.0000e+00, 
 2DIAGNOSTIC,    38, -6.444989513273e-01, 7.234575542403e-04, 0.0000e+00, 0.0000e+00, 
 2DIAGNOSTIC,    39, -6.471899116159e-01, 9.811462293718e-04, 0.0000e+00, 0.0000e+00, 
 2DIAGNOSTIC,    40, -6.480438854692e-01, 1.167405164745e-03, 0.0000e+00, 0.0000e+00, 
 2DIAGNOSTIC,    41, -6.483829414825e-01, 1.260631938395e-03, 0.0000e+00, 0.0000e+00, 
 2DIAGNOSTIC,    42, -6.491566654915e-01, 1.262280412885e-03, 0.0000e+00, 0.0000e+00, 
 2DIAGNOSTIC,    43, -6.502579184137e-01, 1.165885167374e-03, 0.0000e+00, 0.0000e+00, 
 2DIAGNOSTIC,    44, -6.512680345284e-01, 9.903897589588e-04, 0.0000e+00, 0.0000e+00, 
 2DIAGNOSTIC,    45, -6.511923762639e-01, 7.349437380028e-04, 0.0000e+00, 0.0000e+00, 
 2DIAGNOSTIC,    46, -6.522068664295e-01, 4.417707389381e-04, 0.0000e+00, 0.0000e+00, 
 2DIAGNOSTIC,    47, -6.532205529705e-01, 1.746348449599e-04, 0.0000e+00, 0.0000e+00, 
 2DIAGNOSTIC,    48, -6.537566729444e-01, 1.508970136302e-04, 0.0000e+00, 0.0000e+00, 
 2DIAGNOSTIC,    49, -6.546529914312e-01, 1.490789950380e-04, 0.0000e+00, 0.0000e+00, 
 2DIAGNOSTIC,    50, -6.551838336411e-01, 1.465763646948e-04, 0.0000e+00, 0.0000e+00, 
 2DIAGNOSTIC,    51, -6.552177534839e-01, 1.336577423811e-04, 0.0000e+00, 0.0000e+00, 
 2DIAGNOSTIC,    52, -6.554308976139e-01, 1.174461621042e-04, 0.0000e+00, 0.0000e+00, 
 2DIAGNOSTIC,    53, -6.558195847390e-01, 1.039444661311e-04, 0.0000e+00, 0.0000e+00, 
 2DIAGNOSTIC,    54, -6.558860908573e-01, 9.065887455183e-05, 0.0000e+00, 0.0000e+00, 
 2DIAGNOSTIC,    55, -6.558918944018e-01, 6.854693132653e-05, 0.0000e+00, 0.0000e+00, 
 2DIAGNOSTIC,    56, -6.558944090148e-01, 4.939968592206e-05, 0.0000e+00, 0.0000e+00, 
 2DIAGNOSTIC,    57, -6.558112220618e-01, 3.406910735566e-05, 0.0000e+00, 0.0000e+00, 
 2DIAGNOSTIC,    58, -6.558134806191e-01, 2.031586946484e-05, 0.0000e+00, 0.0000e+00, 
 2DIAGNOSTIC,    59, -6.558158778788e-01, 1.227557896607e-05, 0.0000e+00, 0.0000e+00, 
 2DIAGNOSTIC,    60, -6.558209133639e-01, 7.678814155507e-06, 0.0000e+00, 0.0000e+00, 
 2DIAGNOSTIC,    61, -6.558344744509e-01, 2.930513425144e-06, 0.0000e+00, 0.0000e+00, 
DIAGNOSTIC,Iteration,metricValue,convergenceValue,ITERATION_TIME_INDEX,SINCE_LAST
 2DIAGNOSTIC,     1, -5.251129699396e-01, 1.797693134862e+308, 0.0000e+00, 0.0000e+00, 
 2DIAGNOSTIC,     2, -5.257544031948e-01, 1.797693134862e+308, 0.0000e+00, 0.0000e+00, 
 2DIAGNOSTIC,     3, -5.265134002082e-01, 1.797693134862e+308, 0.0000e+00, 0.0000e+00, 
 2DIAGNOSTIC,     4, -5.273685267093e-01, 1.797693134862e+308, 0.0000e+00, 0.0000e+00, 
 2DIAGNOSTIC,     5, -5.280671511119e-01, 1.797693134862e+308, 0.0000e+00, 0.0000e+00, 
 2DIAGNOSTIC,     6, -5.283972748078e-01, 1.797693134862e+308, 0.0000e+00, 0.0000e+00, 
 2DIAGNOSTIC,     7, -5.288824145043e-01, 1.797693134862e+308, 0.0000e+00, 0.0000e+00, 
 2DIAGNOSTIC,     8, -5.297971743819e-01, 1.797693134862e+308, 0.0000e+00, 0.0000e+00, 
 2DIAGNOSTIC,     9, -5.302943394040e-01, 1.797693134862e+308, 0.0000e+00, 0.0000e+00, 
 2DIAGNOSTIC,    10, -5.303378387326e-01, 6.629312231133e-04, 0.0000e+00, 0.0000e+00, 
 2DIAGNOSTIC,    11, -5.304584942273e-01, 5.402704052839e-04, 0.0000e+00, 0.0000e+00, 
 2DIAGNOSTIC,    12, -5.309881380309e-01, 4.420645329236e-04, 0.0000e+00, 0.0000e+00, 
 2DIAGNOSTIC,    13, -5.317196879448e-01, 3.791977612125e-04, 0.0000e+00, 0.0000e+00, 
 2DIAGNOSTIC,    14, -5.320807929779e-01, 3.365591823854e-04, 0.0000e+00, 0.0000e+00, 
 2DIAGNOSTIC,    15, -5.322112307424e-01, 2.993602590999e-04, 0.0000e+00, 0.0000e+00, 
 2DIAGNOSTIC,    16, -5.330736662609e-01, 2.800303593114e-04, 0.0000e+00, 0.0000e+00, 
 2DIAGNOSTIC,    17, -5.339012930467e-01, 2.772709787805e-04, 0.0000e+00, 0.0000e+00, 
 2DIAGNOSTIC,    18, -5.340745793881e-01, 2.806537573241e-04, 0.0000e+00, 0.0000e+00, 
 2DIAGNOSTIC,    19, -5.341025708352e-01, 2.731866567472e-04, 0.0000e+00, 0.0000e+00, 
 2DIAGNOSTIC,    20, -5.341388574504e-01, 2.440003714176e-04, 0.0000e+00, 0.0000e+00, 
 2DIAGNOSTIC,    21, -5.341189468817e-01, 1.971881987077e-04, 0.0000e+00, 0.0000e+00, 
 2DIAGNOSTIC,    22, -5.341168671737e-01, 1.484860669694e-04, 0.0000e+00, 0.0000e+00, 
 2DIAGNOSTIC,    23, -5.340934835957e-01, 1.067664862646e-04, 0.0000e+00, 0.0000e+00, 
 2DIAGNOSTIC,    24, -5.341700966919e-01, 6.885868286427e-05, 0.0000e+00, 0.0000e+00, 
 2DIAGNOSTIC,    25, -5.344775454507e-01, 3.671062234692e-05, 0.0000e+00, 0.0000e+00, 
 2DIAGNOSTIC,    26, -5.345990036217e-01, 2.336168613013e-05, 0.0000e+00, 0.0000e+00, 
 2DIAGNOSTIC,    27, -5.347269480544e-01, 2.780531535468e-05, 0.0000e+00, 0.0000e+00, 
 2DIAGNOSTIC,    28, -5.348409437559e-01, 3.494801355226e-05, 0.0000e+00, 0.0000e+00, 
 2DIAGNOSTIC,    29, -5.348601111560e-01, 3.920950886380e-05, 0.0000e+00, 0.0000e+00, 
 2DIAGNOSTIC,    30, -5.349046239477e-01, 4.097139987869e-05, 0.0000e+00, 0.0000e+00, 
 2DIAGNOSTIC,    31, -5.349920127811e-01, 3.997347553814e-05, 0.0000e+00, 0.0000e+00, 
 2DIAGNOSTIC,    32, -5.361248007565e-01, 5.425535326919e-05, 0.0000e+00, 0.0000e+00, 
 2DIAGNOSTIC,    33, -5.363190256526e-01, 6.490026882031e-05, 0.0000e+00, 0.0000e+00, 
 2DIAGNOSTIC,    34, -5.362703454513e-01, 6.933743776582e-05, 0.0000e+00, 0.0000e+00, 
 2DIAGNOSTIC,    35, -5.364061745058e-01, 7.410242513941e-05, 0.0000e+00, 0.0000e+00, 
 2DIAGNOSTIC,    36, -5.365390669544e-01, 7.527651258595e-05, 0.0000e+00, 0.0000e+00, 
 2DIAGNOSTIC,    37, -5.365360128903e-01, 7.074315777814e-05, 0.0000e+00, 0.0000e+00, 
 2DIAGNOSTIC,    38, -5.365334838342e-01, 6.133272475253e-05, 0.0000e+00, 0.0000e+00, 
 2DIAGNOSTIC,    39, -5.365551149409e-01, 4.747627702573e-05, 0.0000e+00, 0.0000e+00, 
 2DIAGNOSTIC,    40, -5.365713722696e-01, 3.082588693071e-05, 0.0000e+00, 0.0000e+00, 
 2DIAGNOSTIC,    41, -5.365777213289e-01, 1.290633309875e-05, 0.0000e+00, 0.0000e+00, 
 2DIAGNOSTIC,    42, -5.365846042099e-01, 9.104918131563e-06, 0.0000e+00, 0.0000e+00, 
 2DIAGNOSTIC,    43, -5.365724277634e-01, 7.007442009987e-06, 0.0000e+00, 0.0000e+00, 
 2DIAGNOSTIC,    44, -5.365678517158e-01, 3.735223194978e-06, 0.0000e+00, 0.0000e+00, 
 2DIAGNOSTIC,    45, -5.365615664440e-01, 1.806511530679e-06, 0.0000e+00, 0.0000e+00, 
 2DIAGNOSTIC,    46, -5.365624038042e-01, 1.408166790430e-06, 0.0000e+00, 0.0000e+00, 
DIAGNOSTIC,Iteration,metricValue,convergenceValue,ITERATION_TIME_INDEX,SINCE_LAST
 2DIAGNOSTIC,     1, -4.761166686611e-01, 1.797693134862e+308, 0.0000e+00, 0.0000e+00, 
 2DIAGNOSTIC,     2, -4.762532235340e-01, 1.797693134862e+308, 0.0000e+00, 0.0000e+00, 
 2DIAGNOSTIC,     3, -4.764057948407e-01, 1.797693134862e+308, 0.0000e+00, 0.0000e+00, 
 2DIAGNOSTIC,     4, -4.765550873749e-01, 1.797693134862e+308, 0.0000e+00, 0.0000e+00, 
 2DIAGNOSTIC,     5, -4.766470062501e-01, 1.797693134862e+308, 0.0000e+00, 0.0000e+00, 
 2DIAGNOSTIC,     6, -4.767763068463e-01, 1.797693134862e+308, 0.0000e+00, 0.0000e+00, 
 2DIAGNOSTIC,     7, -4.770799232292e-01, 1.797693134862e+308, 0.0000e+00, 0.0000e+00, 
 2DIAGNOSTIC,     8, -4.778079849156e-01, 1.797693134862e+308, 0.0000e+00, 0.0000e+00, 
 2DIAGNOSTIC,     9, -4.779719192413e-01, 1.797693134862e+308, 0.0000e+00, 0.0000e+00, 
 2DIAGNOSTIC,    10, -4.780543497479e-01, 2.826487143664e-04, 0.0000e+00, 0.0000e+00, 
 2DIAGNOSTIC,    11, -4.783453957101e-01, 2.801304720756e-04, 0.0000e+00, 0.0000e+00, 
 2DIAGNOSTIC,    12, -4.786116160505e-01, 2.724589058566e-04, 0.0000e+00, 0.0000e+00, 
 2DIAGNOSTIC,    13, -4.786638261949e-01, 2.501744447371e-04, 0.0000e+00, 0.0000e+00, 
 2DIAGNOSTIC,    14, -4.787044037034e-01, 2.168503767017e-04, 0.0000e+00, 0.0000e+00, 
 2DIAGNOSTIC,    15, -4.787479491870e-01, 1.742661343613e-04, 0.0000e+00, 0.0000e+00, 
 2DIAGNOSTIC,    16, -4.788200321976e-01, 1.285977690733e-04, 0.0000e+00, 0.0000e+00, 
 2DIAGNOSTIC,    17, -4.788783857729e-01, 8.848200035776e-05, 0.0000e+00, 0.0000e+00, 
 2DIAGNOSTIC,    18, -4.788809285096e-01, 6.894534419595e-05, 0.0000e+00, 0.0000e+00, 
 2DIAGNOSTIC,    19, -4.788921299697e-01, 5.092429870381e-05, 0.0000e+00, 0.0000e+00, 
 2DIAGNOSTIC,    20, -4.788938893895e-01, 3.249503358969e-05, 0.0000e+00, 0.0000e+00, 
 2DIAGNOSTIC,    21, -4.788947951410e-01, 2.099265625852e-05, 0.0000e+00, 0.0000e+00, 
 2DIAGNOSTIC,    22, -4.788949294659e-01, 1.588182539070e-05, 0.0000e+00, 0.0000e+00, 
 2DIAGNOSTIC,    23, -4.788942517951e-01, 1.120514574103e-05, 0.0000e+00, 0.0000e+00, 
 2DIAGNOSTIC,    24, -4.788932581454e-01, 6.989091852358e-06, 0.0000e+00, 0.0000e+00, 
 2DIAGNOSTIC,    25, -4.788932461672e-01, 3.581889823481e-06, 0.0000e+00, 0.0000e+00, 
 2DIAGNOSTIC,    26, -4.788924664276e-01, 1.816104361410e-06, 0.0000e+00, 0.0000e+00, 
 2DIAGNOSTIC,    27, -4.788918406176e-01, 1.398705327095e-06, 0.0000e+00, 0.0000e+00, 
 2DIAGNOSTIC,    28, -4.788915471216e-01, 1.032737363030e-06, 0.0000e+00, 0.0000e+00, 
DIAGNOSTIC,Iteration,metricValue,convergenceValue,ITERATION_TIME_INDEX,SINCE_LAST
 2DIAGNOSTIC,     1, -4.453259143873e-01, 1.797693134862e+308, 0.0000e+00, 0.0000e+00, 
 2DIAGNOSTIC,     2, -4.453415783466e-01, 1.797693134862e+308, 0.0000e+00, 0.0000e+00, 
 2DIAGNOSTIC,     3, -4.453610785897e-01, 1.797693134862e+308, 0.0000e+00, 0.0000e+00, 
 2DIAGNOSTIC,     4, -4.453601680520e-01, 1.797693134862e+308, 0.0000e+00, 0.0000e+00, 
 2DIAGNOSTIC,     5, -4.453604375987e-01, 1.797693134862e+308, 0.0000e+00, 0.0000e+00, 
 2DIAGNOSTIC,     6, -4.453603755431e-01, 1.797693134862e+308, 0.0000e+00, 0.0000e+00, 
 2DIAGNOSTIC,     7, -4.453603889014e-01, 1.797693134862e+308, 0.0000e+00, 0.0000e+00, 
 2DIAGNOSTIC,     8, -4.453603910181e-01, 1.797693134862e+308, 0.0000e+00, 0.0000e+00, 
 2DIAGNOSTIC,     9, -4.453603497691e-01, 1.797693134862e+308, 0.0000e+00, 0.0000e+00, 
 2DIAGNOSTIC,    10, -4.453603505530e-01, 6.400556746541e-06, 0.0000e+00, 0.0000e+00, 
 2DIAGNOSTIC,    11, -4.453603484832e-01, 3.950555509544e-06, 0.0000e+00, 0.0000e+00, 
 2DIAGNOSTIC,    12, -4.453603477544e-01, 2.616850358919e-06, 0.0000e+00, 0.0000e+00, 
 2DIAGNOSTIC,    13, -4.453603459789e-01, 2.450001758109e-06, 0.0000e+00, 0.0000e+00, 
 2DIAGNOSTIC,    14, -4.453603308847e-01, 2.264202224336e-06, 0.0000e+00, 0.0000e+00, 
 2DIAGNOSTIC,    15, -4.453603325147e-01, 2.115574389186e-06, 0.0000e+00, 0.0000e+00, 
 2DIAGNOSTIC,    16, -4.453603317779e-01, 1.983464691810e-06, 0.0000e+00, 0.0000e+00, 
 2DIAGNOSTIC,    17, -4.453603316022e-01, 1.867819479764e-06, 0.0000e+00, 0.0000e+00, 
 2DIAGNOSTIC,    18, -4.453603289221e-01, 1.765382890366e-06, 0.0000e+00, 0.0000e+00, 
 2DIAGNOSTIC,    19, -4.453603288012e-01, 1.672541310262e-06, 0.0000e+00, 0.0000e+00, 
 2DIAGNOSTIC,    20, -4.453603284542e-01, 1.589175051921e-06, 0.0000e+00, 0.0000e+00, 
 2DIAGNOSTIC,    21, -4.453603291345e-01, 1.513841619866e-06, 0.0000e+00, 0.0000e+00, 
 2DIAGNOSTIC,    22, -4.453603297622e-01, 1.445455725710e-06, 0.0000e+00, 0.0000e+00, 
 2DIAGNOSTIC,    23, -4.453603296591e-01, 1.383038293203e-06, 0.0000e+00, 0.0000e+00, 
 2DIAGNOSTIC,    24, -4.453603291668e-01, 1.325425413305e-06, 0.0000e+00, 0.0000e+00, 
 2DIAGNOSTIC,    25, -4.453603169177e-01, 1.272166688465e-06, 0.0000e+00, 0.0000e+00, 
 2DIAGNOSTIC,    26, -4.453603180081e-01, 1.223059060210e-06, 0.0000e+00, 0.0000e+00, 
 2DIAGNOSTIC,    27, -4.453603158415e-01, 1.177584159850e-06, 0.0000e+00, 0.0000e+00, 
 2DIAGNOSTIC,    28, -4.453603158112e-01, 1.135361377885e-06, 0.0000e+00, 0.0000e+00, 
 2DIAGNOSTIC,    29, -4.453603158757e-01, 1.096132521194e-06, 0.0000e+00, 0.0000e+00, 
 2DIAGNOSTIC,    30, -4.453603164206e-01, 1.059612655986e-06, 0.0000e+00, 0.0000e+00, 
 2DIAGNOSTIC,    31, -4.453603167492e-01, 1.025551315807e-06, 0.0000e+00, 0.0000e+00, 
  Elapsed time (stage 0): 0.0000e+00


Total elapsed time: 0.0000e+00
Info [verificarlo]: loaded backend libinterflop_ieee.so
Info [interflop-ieee]: load backend with:
Info [interflop-ieee]: debug = false
Info [interflop-ieee]: debug-binary = false
Info [interflop-ieee]: no-backend-name = false
Info [interflop-ieee]: print-new-line = false
Info [interflop-ieee]: print-subnormal-normalized = false
Info [interflop-ieee]: count-op = false
All_Command_lines_OK
Using double precision for computations.
=============================================================================
The composite transform comprises the following transforms (in order): 
  1. /home/mdugre/scratch/mri-registration-rp/datasets/ds004513/derivatives/mri-registration-rp/0100/antsRegistration-r8-p20/sub-s003/rigid_Composite.h5[0] (type = Euler3DTransform)
  2. /home/mdugre/scratch/mri-registration-rp/datasets/ds004513/derivatives/mri-registration-rp/0100/antsRegistration-r8-p20/sub-s003/rigid_Composite.h5[1] (type = Euler3DTransform)
  3. /home/mdugre/scratch/mri-registration-rp/datasets/ds004513/derivatives/mri-registration-rp/0100/antsRegistration-r8-p20/sub-s003/rigid_Composite.h5[2] (type = Euler3DTransform)
=============================================================================
  number of levels = 4
  fixed image: /templateflow/tpl-MNI152NLin2009cAsym/tpl-MNI152NLin2009cAsym_res-01_desc-brain_T1w.nii.gz
  moving image: /home/mdugre/scratch/mri-registration-rp/datasets/ds004513/derivatives/mri-registration-rp/antsBrainExtraction/sub-s003/BrainExtractionBrain.nii.gz
Dimension = 3
Number of stages = 1
Use histogram matching = false
Winsorize image intensities = true
  Lower quantile = 0.005
  Upper quantile = 0.995


Stage 1 State
   Image metric = MattesMI
     Fixed image = Image (0x38247e0)
  RTTI typeinfo:   itk::Image<double, 3u>
  Reference Count: 2
  Modified Time: 1594
  Debug: Off
  Object Name: 
  Observers: 
    none
  Source: (none)
  Source output name: (none)
  Release Data: Off
  Data Released: False
  Global Release Data: Off
  PipelineMTime: 0
  UpdateMTime: 1203
  RealTimeStamp: 0 seconds 
  LargestPossibleRegion: 
    Dimension: 3
    Index: [0, 0, 0]
    Size: [193, 229, 193]
  BufferedRegion: 
    Dimension: 3
    Index: [0, 0, 0]
    Size: [193, 229, 193]
  RequestedRegion: 
    Dimension: 3
    Index: [0, 0, 0]
    Size: [193, 229, 193]
  Spacing: [1, 1, 1]
  Origin: [96, 132, -78]
  Direction: 
-1 0 0
0 -1 0
0 0 1

  IndexToPointMatrix: 
-1 0 0
0 -1 0
0 0 1

  PointToIndexMatrix: 
-1 0 0
0 -1 0
0 0 1

  Inverse Direction: 
-1 0 0
0 -1 0
0 0 1

  PixelContainer: 
    ImportImageContainer (0x38ef880)
      RTTI typeinfo:   itk::ImportImageContainer<unsigned long, double>
      Reference Count: 1
      Modified Time: 1200
      Debug: Off
      Object Name: 
      Observers: 
        none
      Pointer: 0x146f74452010
      Container manages memory: true
      Size: 8530021
      Capacity: 8530021

     Moving image = Image (0x38e0050)
  RTTI typeinfo:   itk::Image<double, 3u>
  Reference Count: 2
  Modified Time: 1595
  Debug: Off
  Object Name: 
  Observers: 
    none
  Source: (none)
  Source output name: (none)
  Release Data: Off
  Data Released: False
  Global Release Data: Off
  PipelineMTime: 0
  UpdateMTime: 1592
  RealTimeStamp: 0 seconds 
  LargestPossibleRegion: 
    Dimension: 3
    Index: [0, 0, 0]
    Size: [176, 240, 256]
  BufferedRegion: 
    Dimension: 3
    Index: [0, 0, 0]
    Size: [176, 240, 256]
  RequestedRegion: 
    Dimension: 3
    Index: [0, 0, 0]
    Size: [176, 240, 256]
  Spacing: [0.999999, 1, 1]
  Origin: [93.3499, 86.9368, -128.957]
  Direction: 
-0.999513 -0.0279216 -0.0139567
0.0279189 -0.99961 0.000389866
-0.0139622 2.01492e-08 0.999903

  IndexToPointMatrix: 
-0.999512 -0.0279216 -0.0139567
0.0279189 -0.99961 0.000389866
-0.0139621 2.01492e-08 0.999903

  PointToIndexMatrix: 
-0.999514 0.0279189 -0.0139622
-0.0279216 -0.99961 2.01716e-08
-0.0139567 0.000389866 0.999903

  Inverse Direction: 
-0.999513 0.0279189 -0.0139622
-0.0279216 -0.99961 2.01716e-08
-0.0139567 0.000389866 0.999903

  PixelContainer: 
    ImportImageContainer (0x3993690)
      RTTI typeinfo:   itk::ImportImageContainer<unsigned long, double>
      Reference Count: 1
      Modified Time: 1589
      Debug: Off
      Object Name: 
      Observers: 
        none
      Pointer: 0x146f6f1d1010
      Container manages memory: true
      Size: 10813440
      Capacity: 10813440

     Weighting = 1
     Sampling strategy = regular
     Number of bins = 32
     Radius = 4
     Sampling percentage  = 0.25
   Transform = Affine
     Gradient step = 0.1
     Update field sigma (voxel space) = 0
     Total field sigma (voxel space) = 0
     Update field time sigma = 0
     Total field time sigma  = 0
     Number of time indices = 0
     Number of time point samples = 0
Registration using 1 total stages.

Stage 0
  iterations = 1000x500x250x100
  convergence threshold = 1e-06
  convergence window size = 10
  number of levels = 4
  using the Mattes MI metric (number of bins = 32, weight = 1, use gradient filter = 0)
  preprocessing:  winsorizing the image intensities
  Shrink factors (level 1 out of 4): [8, 8, 8]
  Shrink factors (level 2 out of 4): [4, 4, 4]
  Shrink factors (level 3 out of 4): [2, 2, 2]
  Shrink factors (level 4 out of 4): [1, 1, 1]
  smoothing sigmas per level: [3, 2, 1, 0]
  regular sampling (percentage = 0.25)

*** Running AffineTransform registration ***

DIAGNOSTIC,Iteration,metricValue,convergenceValue,ITERATION_TIME_INDEX,SINCE_LAST
 2DIAGNOSTIC,     1, -6.596238505930e-01, 1.797693134862e+308, 8.9401e-01, 8.9401e-01, 
 2DIAGNOSTIC,     2, -6.621570143263e-01, 1.797693134862e+308, 8.9934e-01, 5.3289e-03, 
 2DIAGNOSTIC,     3, -6.659638942598e-01, 1.797693134862e+308, 9.0465e-01, 5.3122e-03, 
 2DIAGNOSTIC,     4, -6.720756257687e-01, 1.797693134862e+308, 9.1068e-01, 6.0232e-03, 
 2DIAGNOSTIC,     5, -6.800491556040e-01, 1.797693134862e+308, 9.1563e-01, 4.9582e-03, 
 2DIAGNOSTIC,     6, -6.912767682605e-01, 1.797693134862e+308, 9.2063e-01, 4.9942e-03, 
 2DIAGNOSTIC,     7, -7.127819151244e-01, 1.797693134862e+308, 9.2851e-01, 7.8781e-03, 
 2DIAGNOSTIC,     8, -7.205008848422e-01, 1.797693134862e+308, 9.3466e-01, 6.1550e-03, 
 2DIAGNOSTIC,     9, -7.206827310874e-01, 1.797693134862e+308, 9.3956e-01, 4.8969e-03, 
 2DIAGNOSTIC,    10, -7.212155845257e-01, 7.076011400910e-03, 9.4549e-01, 5.9309e-03, 
 2DIAGNOSTIC,    11, -7.216427698488e-01, 6.125302199497e-03, 9.5120e-01, 5.7142e-03, 
 2DIAGNOSTIC,    12, -7.219068539207e-01, 4.875244512785e-03, 9.5754e-01, 6.3360e-03, 
 2DIAGNOSTIC,    13, -7.217683645597e-01, 3.497263566708e-03, 9.6491e-01, 7.3750e-03, 
 2DIAGNOSTIC,    14, -7.217706359254e-01, 2.190073265319e-03, 9.7081e-01, 5.8959e-03, 
 2DIAGNOSTIC,    15, -7.216734264497e-01, 1.077400293086e-03, 9.7743e-01, 6.6221e-03, 
 2DIAGNOSTIC,    16, -7.215151864088e-01, 2.757963872497e-04, 9.8344e-01, 6.0120e-03, 
 2DIAGNOSTIC,    17, -7.215638807388e-01, 5.298265206277e-05, 9.8944e-01, 5.9960e-03, 
 2DIAGNOSTIC,    18, -7.215072449570e-01, 2.266936101701e-05, 9.9503e-01, 5.5931e-03, 
DIAGNOSTIC,Iteration,metricValue,convergenceValue,ITERATION_TIME_INDEX,SINCE_LAST
 2DIAGNOSTIC,     1, -5.944875505012e-01, 1.797693134862e+308, 1.7884e+00, 7.9338e-01, 
 2DIAGNOSTIC,     2, -5.947714697363e-01, 1.797693134862e+308, 1.8260e+00, 3.7562e-02, 
 2DIAGNOSTIC,     3, -5.949897718167e-01, 1.797693134862e+308, 1.8632e+00, 3.7205e-02, 
 2DIAGNOSTIC,     4, -5.951934956171e-01, 1.797693134862e+308, 1.9044e+00, 4.1253e-02, 
 2DIAGNOSTIC,     5, -5.953694385190e-01, 1.797693134862e+308, 1.9619e+00, 5.7475e-02, 
 2DIAGNOSTIC,     6, -5.953842301623e-01, 1.797693134862e+308, 2.0052e+00, 4.3297e-02, 
 2DIAGNOSTIC,     7, -5.953585817786e-01, 1.797693134862e+308, 2.0558e+00, 5.0592e-02, 
 2DIAGNOSTIC,     8, -5.953377620092e-01, 1.797693134862e+308, 2.0978e+00, 4.1993e-02, 
 2DIAGNOSTIC,     9, -5.953439091342e-01, 1.797693134862e+308, 2.1430e+00, 4.5190e-02, 
 2DIAGNOSTIC,    10, -5.953389565863e-01, 8.318474586237e-05, 2.1849e+00, 4.1938e-02, 
 2DIAGNOSTIC,    11, -5.953339824390e-01, 4.431327090532e-05, 2.2253e+00, 4.0353e-02, 
 2DIAGNOSTIC,    12, -5.953242745727e-01, 1.910802560030e-05, 2.2636e+00, 3.8321e-02, 
 2DIAGNOSTIC,    13, -5.953161990040e-01, 3.910191101367e-06, 2.3032e+00, 3.9647e-02, 
DIAGNOSTIC,Iteration,metricValue,convergenceValue,ITERATION_TIME_INDEX,SINCE_LAST
 2DIAGNOSTIC,     1, -5.237260480845e-01, 1.797693134862e+308, 3.4984e+00, 1.1951e+00, 
 2DIAGNOSTIC,     2, -5.239317997009e-01, 1.797693134862e+308, 3.7836e+00, 2.8527e-01, 
 2DIAGNOSTIC,     3, -5.240956407249e-01, 1.797693134862e+308, 4.1314e+00, 3.4773e-01, 
 2DIAGNOSTIC,     4, -5.241330894020e-01, 1.797693134862e+308, 4.4297e+00, 2.9830e-01, 
 2DIAGNOSTIC,     5, -5.242508662592e-01, 1.797693134862e+308, 4.7364e+00, 3.0678e-01, 
 2DIAGNOSTIC,     6, -5.245306340407e-01, 1.797693134862e+308, 5.0640e+00, 3.2757e-01, 
 2DIAGNOSTIC,     7, -5.252203460194e-01, 1.797693134862e+308, 5.3897e+00, 3.2574e-01, 
 2DIAGNOSTIC,     8, -5.260708140110e-01, 1.797693134862e+308, 5.7070e+00, 3.1724e-01, 
 2DIAGNOSTIC,     9, -5.278994510751e-01, 1.797693134862e+308, 6.3269e+00, 6.1987e-01, 
 2DIAGNOSTIC,    10, -5.279211269072e-01, 5.227949838097e-04, 6.6652e+00, 3.3837e-01, 
 2DIAGNOSTIC,    11, -5.279747763205e-01, 5.434623463414e-04, 6.9676e+00, 3.0240e-01, 
 2DIAGNOSTIC,    12, -5.280574715104e-01, 5.256752977417e-04, 7.2581e+00, 2.9046e-01, 
 2DIAGNOSTIC,    13, -5.281668585094e-01, 4.739383011765e-04, 7.5507e+00, 2.9262e-01, 
 2DIAGNOSTIC,    14, -5.283291324072e-01, 3.935800755099e-04, 7.8326e+00, 2.8188e-01, 
 2DIAGNOSTIC,    15, -5.285707885825e-01, 3.013715567926e-04, 8.1296e+00, 2.9702e-01, 
 2DIAGNOSTIC,    16, -5.289397750007e-01, 2.157233062498e-04, 8.4331e+00, 3.0348e-01, 
 2DIAGNOSTIC,    17, -5.295378682017e-01, 1.611215286629e-04, 8.7356e+00, 3.0246e-01, 
 2DIAGNOSTIC,    18, -5.307823580532e-01, 1.588088308441e-04, 9.4604e+00, 7.2487e-01, 
 2DIAGNOSTIC,    19, -5.307862618165e-01, 1.934997589698e-04, 9.9650e+00, 5.0454e-01, 
 2DIAGNOSTIC,    20, -5.307874641171e-01, 2.080301373254e-04, 1.0305e+01, 3.4028e-01, 
 2DIAGNOSTIC,    21, -5.307872159263e-01, 2.036349018979e-04, 1.0695e+01, 3.8964e-01, 
 2DIAGNOSTIC,    22, -5.307849720611e-01, 1.824205622395e-04, 1.1036e+01, 3.4075e-01, 
 2DIAGNOSTIC,    23, -5.307818822778e-01, 1.481818361014e-04, 1.1453e+01, 4.1744e-01, 
 2DIAGNOSTIC,    24, -5.307802546082e-01, 1.067182358839e-04, 1.1800e+01, 3.4652e-01, 
 2DIAGNOSTIC,    25, -5.307795984312e-01, 6.424923728920e-05, 1.2154e+01, 3.5407e-01, 
 2DIAGNOSTIC,    26, -5.307778572512e-01, 2.670173436301e-05, 1.2497e+01, 3.4316e-01, 
DIAGNOSTIC,Iteration,metricValue,convergenceValue,ITERATION_TIME_INDEX,SINCE_LAST
 2DIAGNOSTIC,     1, -4.871112191200e-01, 1.797693134862e+308, 1.5531e+01, 3.0342e+00, 
 2DIAGNOSTIC,     2, -4.873176712840e-01, 1.797693134862e+308, 1.7469e+01, 1.9376e+00, 
 2DIAGNOSTIC,     3, -4.874585103548e-01, 1.797693134862e+308, 1.9344e+01, 1.8755e+00, 
 2DIAGNOSTIC,     4, -4.876000705581e-01, 1.797693134862e+308, 2.1288e+01, 1.9443e+00, 
 2DIAGNOSTIC,     5, -4.878963493681e-01, 1.797693134862e+308, 2.3158e+01, 1.8700e+00, 
 2DIAGNOSTIC,     6, -4.885915152921e-01, 1.797693134862e+308, 2.6444e+01, 3.2855e+00, 
 2DIAGNOSTIC,     7, -4.885890752764e-01, 1.797693134862e+308, 2.9058e+01, 2.6141e+00, 
 2DIAGNOSTIC,     8, -4.885891631676e-01, 1.797693134862e+308, 3.1625e+01, 2.5668e+00, 
 2DIAGNOSTIC,     9, -4.885891420512e-01, 1.797693134862e+308, 3.3586e+01, 1.9614e+00, 
 2DIAGNOSTIC,    10, -4.885888523351e-01, 2.337275000640e-04, 3.5350e+01, 1.7637e+00, 
 2DIAGNOSTIC,    11, -4.885886938882e-01, 1.763096460030e-04, 3.7731e+01, 2.3809e+00, 
 2DIAGNOSTIC,    12, -4.885884279529e-01, 1.229235743234e-04, 3.9890e+01, 2.1595e+00, 
 2DIAGNOSTIC,    13, -4.885883866251e-01, 7.369141728128e-05, 4.1932e+01, 2.0422e+00, 
 2DIAGNOSTIC,    14, -4.885881577534e-01, 3.089819236453e-05, 4.4074e+01, 2.1420e+00, 
 2DIAGNOSTIC,    15, -4.885882414103e-01, 1.928993964506e-06, 4.6141e+01, 2.0670e+00, 
 2DIAGNOSTIC,    16, -4.885881949244e-01, 1.893554705826e-06, 4.8103e+01, 1.9615e+00, 
 2DIAGNOSTIC,    17, -4.885881409803e-01, 1.785603768970e-06, 4.9859e+01, 1.7561e+00, 
 2DIAGNOSTIC,    18, -4.885881243803e-01, 1.699962146773e-06, 5.1629e+01, 1.7705e+00, 
 2DIAGNOSTIC,    19, -4.885882788820e-01, 1.633910193269e-06, 5.3651e+01, 2.0216e+00, 
 2DIAGNOSTIC,    20, -4.885882168200e-01, 1.567915916156e-06, 5.5698e+01, 2.0466e+00, 
 2DIAGNOSTIC,    21, -4.885882198629e-01, 1.506296870714e-06, 5.7905e+01, 2.2070e+00, 
 2DIAGNOSTIC,    22, -4.885881995564e-01, 1.443645989675e-06, 5.9868e+01, 1.9637e+00, 
 2DIAGNOSTIC,    23, -4.885881483532e-01, 1.384545629146e-06, 6.1641e+01, 1.7725e+00, 
 2DIAGNOSTIC,    24, -4.885881364566e-01, 1.324338887665e-06, 6.3683e+01, 2.0419e+00, 
 2DIAGNOSTIC,    25, -4.885881127130e-01, 1.270511432269e-06, 6.5852e+01, 2.1694e+00, 
 2DIAGNOSTIC,    26, -4.885880429068e-01, 1.218540866606e-06, 6.7869e+01, 2.0167e+00, 
 2DIAGNOSTIC,    27, -4.885879629635e-01, 1.168122062155e-06, 6.9832e+01, 1.9628e+00, 
 2DIAGNOSTIC,    28, -4.885878730625e-01, 1.120020676558e-06, 7.1656e+01, 1.8248e+00, 
 2DIAGNOSTIC,    29, -4.885877956686e-01, 1.078393287411e-06, 7.3456e+01, 1.7996e+00, 
 2DIAGNOSTIC,    30, -4.885878475824e-01, 1.041122836706e-06, 7.5236e+01, 1.7796e+00, 
 2DIAGNOSTIC,    31, -4.885879346642e-01, 1.009757911764e-06, 7.7173e+01, 1.9369e+00, 
  Elapsed time (stage 0): 7.8293e+01


Total elapsed time: 7.8296e+01
Info [verificarlo]: loaded backend libinterflop_ieee.so
