
##########################
# Experiment information #
##########################

EXPERIMENT_NAME: antsRegistration-r7-p8
VFC_BACKENDS: libinterflop_vprec.so --range-binary32=7 --precision-binary32=8 --range-binary64=7 --precision-binary64=8

SIF_IMG: /home/mdugre/projects/rrg-glatard/mdugre/containers/ants-vprec-no_metrics.simg

SUBJECT_ID: s020
INPUT_IMG: /home/mdugre/scratch/mri-registration-rp/datasets/ds004513/derivatives/mri-registration-rp/antsBrainExtraction/sub-s020/BrainExtractionBrain.nii.gz
OUTPUT_DIR: /home/mdugre/scratch/mri-registration-rp/datasets/ds004513/derivatives/mri-registration-rp/0100/antsRegistration-r7-p8/sub-s020

FIXED_IMG: /templateflow/tpl-MNI152NLin2009cAsym/tpl-MNI152NLin2009cAsym_res-01_desc-brain_T1w.nii.gz
DATA_DIR: /home/mdugre/scratch/mri-registration-rp/datasets/ds004513
TEMPLATEFLOW_DIR: /home/mdugre/projects/rrg-glatard/mdugre/templateflow
ITK_GLOBAL_DEFAULT_NUMBER_OF_THREADS: 16
##########################

Info [verificarlo]: loaded backend libinterflop_ieee.so
Info [interflop-ieee]: load backend with:
Info [interflop-ieee]: debug = false
Info [interflop-ieee]: debug-binary = false
Info [interflop-ieee]: no-backend-name = false
Info [interflop-ieee]: print-new-line = false
Info [interflop-ieee]: print-subnormal-normalized = false
Info [interflop-ieee]: count-op = false
All_Command_lines_OK
Using double precision for computations.
=============================================================================
The composite transform comprises the following transforms (in order): 
  1. Center of mass alignment using fixed image: /templateflow/tpl-MNI152NLin2009cAsym/tpl-MNI152NLin2009cAsym_res-01_desc-brain_T1w.nii.gz and moving image: /home/mdugre/scratch/mri-registration-rp/datasets/ds004513/derivatives/mri-registration-rp/antsBrainExtraction/sub-s020/BrainExtractionBrain.nii.gz (type = Euler3DTransform)
=============================================================================
  number of levels = 1
  fixed image: /templateflow/tpl-MNI152NLin2009cAsym/tpl-MNI152NLin2009cAsym_res-01_desc-brain_T1w.nii.gz
  moving image: /home/mdugre/scratch/mri-registration-rp/datasets/ds004513/derivatives/mri-registration-rp/antsBrainExtraction/sub-s020/BrainExtractionBrain.nii.gz
Dimension = 3
Number of stages = 1
Use histogram matching = false
Winsorize image intensities = true
  Lower quantile = 0.005
  Upper quantile = 0.995


Stage 1 State
   Image metric = MattesMI
     Fixed image = Image (0x4033bd0)
  RTTI typeinfo:   itk::Image<double, 3u>
  Reference Count: 2
  Modified Time: 2334
  Debug: Off
  Object Name: 
  Observers: 
    none
  Source: (none)
  Source output name: (none)
  Release Data: Off
  Data Released: False
  Global Release Data: Off
  PipelineMTime: 0
  UpdateMTime: 1943
  RealTimeStamp: 0 seconds 
  LargestPossibleRegion: 
    Dimension: 3
    Index: [0, 0, 0]
    Size: [193, 229, 193]
  BufferedRegion: 
    Dimension: 3
    Index: [0, 0, 0]
    Size: [193, 229, 193]
  RequestedRegion: 
    Dimension: 3
    Index: [0, 0, 0]
    Size: [193, 229, 193]
  Spacing: [1, 1, 1]
  Origin: [96, 132, -78]
  Direction: 
-1 0 0
0 -1 0
0 0 1

  IndexToPointMatrix: 
-1 0 0
0 -1 0
0 0 1

  PointToIndexMatrix: 
-1 0 0
0 -1 0
0 0 1

  Inverse Direction: 
-1 0 0
0 -1 0
0 0 1

  PixelContainer: 
    ImportImageContainer (0x403c9e0)
      RTTI typeinfo:   itk::ImportImageContainer<unsigned long, double>
      Reference Count: 1
      Modified Time: 1940
      Debug: Off
      Object Name: 
      Observers: 
        none
      Pointer: 0x14a8b284e010
      Container manages memory: true
      Size: 8530021
      Capacity: 8530021

     Moving image = Image (0x403dbd0)
  RTTI typeinfo:   itk::Image<double, 3u>
  Reference Count: 2
  Modified Time: 2335
  Debug: Off
  Object Name: 
  Observers: 
    none
  Source: (none)
  Source output name: (none)
  Release Data: Off
  Data Released: False
  Global Release Data: Off
  PipelineMTime: 0
  UpdateMTime: 2332
  RealTimeStamp: 0 seconds 
  LargestPossibleRegion: 
    Dimension: 3
    Index: [0, 0, 0]
    Size: [160, 240, 256]
  BufferedRegion: 
    Dimension: 3
    Index: [0, 0, 0]
    Size: [160, 240, 256]
  RequestedRegion: 
    Dimension: 3
    Index: [0, 0, 0]
    Size: [160, 240, 256]
  Spacing: [0.999995, 1, 1]
  Origin: [87.0906, 98.7205, -152.377]
  Direction: 
-0.996975 0.0261379 -0.0731913
-0.0260677 -0.999658 -0.00191374
-0.0732163 -2.46403e-08 0.997316

  IndexToPointMatrix: 
-0.996971 0.0261379 -0.0731913
-0.0260676 -0.999658 -0.00191374
-0.0732159 -2.46403e-08 0.997316

  PointToIndexMatrix: 
-0.99698 -0.0260679 -0.0732166
0.0261379 -0.999658 -2.46993e-08
-0.0731913 -0.00191374 0.997316

  Inverse Direction: 
-0.996975 -0.0260677 -0.0732163
0.0261379 -0.999658 -2.46993e-08
-0.0731913 -0.00191374 0.997316

  PixelContainer: 
    ImportImageContainer (0x41c3b50)
      RTTI typeinfo:   itk::ImportImageContainer<unsigned long, double>
      Reference Count: 1
      Modified Time: 2329
      Debug: Off
      Object Name: 
      Observers: 
        none
      Pointer: 0x14a8add4d010
      Container manages memory: true
      Size: 9830400
      Capacity: 9830400

     Weighting = 1
     Sampling strategy = regular
     Number of bins = 32
     Radius = 4
     Sampling percentage  = 0.25
   Transform = Rigid
     Gradient step = 0.1
     Update field sigma (voxel space) = 0
     Total field sigma (voxel space) = 0
     Update field time sigma = 0
     Total field time sigma  = 0
     Number of time indices = 0
     Number of time point samples = 0
Registration using 1 total stages.

Stage 0
  iterations = 0
  convergence threshold = 1e-06
  convergence window size = 10
  number of levels = 1
  using the Mattes MI metric (number of bins = 32, weight = 1, use gradient filter = 0)
  preprocessing:  winsorizing the image intensities
  Shrink factors (level 1 out of 1): [1, 1, 1]
  smoothing sigmas per level: [0]
  regular sampling (percentage = 0.25)

*** Running Euler3DTransform registration ***

  Elapsed time (stage 0): 0.882198


Total elapsed time: 0.884398
Info [verificarlo]: loaded backend libinterflop_vprec.so
Info [interflop-vprec]: load backend with: 
Info [interflop-vprec]: precision-binary32 = 8
Info [interflop-vprec]: range-binary32 = 7
Info [interflop-vprec]: precision-binary64 = 8
Info [interflop-vprec]: range-binary64 = 7
Info [interflop-vprec]: mode = ob
Info [interflop-vprec]: error-mode = rel
Info [interflop-vprec]: max-abs-error-exponent = -1022
Info [interflop-vprec]: daz = false
Info [interflop-vprec]: ftz = false
Info [interflop-vprec]: 	instrument = none
Info [interflop-vprec]: 	prec-input-file = (null)
Info [interflop-vprec]: 	prec-output-file = (null)
Info [interflop-vprec]: 	prec-log-file = (null)
All_Command_lines_OK
Using double precision for computations.
=============================================================================
The composite transform comprises the following transforms (in order): 
  1. /home/mdugre/scratch/mri-registration-rp/datasets/ds004513/derivatives/mri-registration-rp/0100/antsRegistration-r7-p8/sub-s020/align_Composite.h5[0] (type = Euler3DTransform)
  2. /home/mdugre/scratch/mri-registration-rp/datasets/ds004513/derivatives/mri-registration-rp/0100/antsRegistration-r7-p8/sub-s020/align_Composite.h5[1] (type = Euler3DTransform)
=============================================================================
  number of levels = 4
  fixed image: /templateflow/tpl-MNI152NLin2009cAsym/tpl-MNI152NLin2009cAsym_res-01_desc-brain_T1w.nii.gz
  moving image: /home/mdugre/scratch/mri-registration-rp/datasets/ds004513/derivatives/mri-registration-rp/antsBrainExtraction/sub-s020/BrainExtractionBrain.nii.gz
Dimension = 3
Number of stages = 1
Use histogram matching = false
Winsorize image intensities = true
  Lower quantile = 0.005
  Upper quantile = 0.995


Stage 1 State
   Image metric = MattesMI
     Fixed image = Image (0x46641e0)
  RTTI typeinfo:   itk::Image<double, 3u>
  Reference Count: 2
  Modified Time: 1578
  Debug: Off
  Object Name: 
  Observers: 
    none
  Source: (none)
  Source output name: (none)
  Release Data: Off
  Data Released: False
  Global Release Data: Off
  PipelineMTime: 0
  UpdateMTime: 1189
  RealTimeStamp: 0 seconds 
  LargestPossibleRegion: 
    Dimension: 3
    Index: [0, 0, 0]
    Size: [193, 229, 193]
  BufferedRegion: 
    Dimension: 3
    Index: [0, 0, 0]
    Size: [193, 229, 193]
  RequestedRegion: 
    Dimension: 3
    Index: [0, 0, 0]
    Size: [193, 229, 193]
  Spacing: [1, 1, 1]
  Origin: [96, 132, -78]
  Direction: 
-1 0 0
0 -1 0
0 0 1

  IndexToPointMatrix: 
-1 0 0
0 -1 0
0 0 1

  PointToIndexMatrix: 
-1 0 0
0 -1 0
0 0 1

  Inverse Direction: 
-1 0 0
0 -1 0
0 0 1

  PixelContainer: 
    ImportImageContainer (0x4723680)
      RTTI typeinfo:   itk::ImportImageContainer<unsigned long, double>
      Reference Count: 1
      Modified Time: 1186
      Debug: Off
      Object Name: 
      Observers: 
        none
      Pointer: 0x14df97b0e010
      Container manages memory: true
      Size: 8530021
      Capacity: 8530021

     Moving image = Image (0x471fb20)
  RTTI typeinfo:   itk::Image<double, 3u>
  Reference Count: 2
  Modified Time: 1579
  Debug: Off
  Object Name: 
  Observers: 
    none
  Source: (none)
  Source output name: (none)
  Release Data: Off
  Data Released: False
  Global Release Data: Off
  PipelineMTime: 0
  UpdateMTime: 1576
  RealTimeStamp: 0 seconds 
  LargestPossibleRegion: 
    Dimension: 3
    Index: [0, 0, 0]
    Size: [160, 240, 256]
  BufferedRegion: 
    Dimension: 3
    Index: [0, 0, 0]
    Size: [160, 240, 256]
  RequestedRegion: 
    Dimension: 3
    Index: [0, 0, 0]
    Size: [160, 240, 256]
  Spacing: [1, 1, 1]
  Origin: [87, 98.75, -152.5]
  Direction: 
-0.996094 0.0261841 -0.0732422
-0.026062 -1 -0.00191498
-0.0732422 0 0.996094

  IndexToPointMatrix: 
-0.996094 0.0261841 -0.0732422
-0.026062 -1 -0.00191498
-0.0732422 0 0.996094

  PointToIndexMatrix: 
-1.00391 -0.0263062 -0.0737305
0.0262451 -1 3.8147e-06
-0.0737305 -0.00193024 1

  Inverse Direction: 
-1.00391 -0.0263062 -0.0737305
0.0262451 -1 3.8147e-06
-0.0737305 -0.00193024 1

  PixelContainer: 
    ImportImageContainer (0x4788d50)
      RTTI typeinfo:   itk::ImportImageContainer<unsigned long, double>
      Reference Count: 1
      Modified Time: 1573
      Debug: Off
      Object Name: 
      Observers: 
        none
      Pointer: 0x14df9300d010
      Container manages memory: true
      Size: 9830400
      Capacity: 9830400

     Weighting = 1
     Sampling strategy = regular
     Number of bins = 32
     Radius = 4
     Sampling percentage  = 0.25
   Transform = Rigid
     Gradient step = 0.1
     Update field sigma (voxel space) = 0
     Total field sigma (voxel space) = 0
     Update field time sigma = 0
     Total field time sigma  = 0
     Number of time indices = 0
     Number of time point samples = 0
Registration using 1 total stages.

Stage 0
  iterations = 1000x500x250x100
  convergence threshold = 1e-06
  convergence window size = 10
  number of levels = 4
  using the Mattes MI metric (number of bins = 32, weight = 1, use gradient filter = 0)
  preprocessing:  winsorizing the image intensities
  Shrink factors (level 1 out of 4): [8, 8, 8]
  Shrink factors (level 2 out of 4): [4, 4, 4]
  Shrink factors (level 3 out of 4): [2, 2, 2]
  Shrink factors (level 4 out of 4): [1, 1, 1]
  smoothing sigmas per level: [3, 2, 1, 0]
  regular sampling (percentage = 0.25)

*** Running Euler3DTransform registration ***

DIAGNOSTIC,Iteration,metricValue,convergenceValue,ITERATION_TIME_INDEX,SINCE_LAST
 2DIAGNOSTIC,     1, -4.105977040881e-01, 1.797693134862e+308, 0.0000e+00, 0.0000e+00, 
 2DIAGNOSTIC,     2, -4.111168792559e-01, 1.797693134862e+308, 0.0000e+00, 0.0000e+00, 
 2DIAGNOSTIC,     3, -4.117660197689e-01, 1.797693134862e+308, 0.0000e+00, 0.0000e+00, 
 2DIAGNOSTIC,     4, -4.126125415014e-01, 1.797693134862e+308, 0.0000e+00, 0.0000e+00, 
 2DIAGNOSTIC,     5, -4.123133684438e-01, 1.797693134862e+308, 0.0000e+00, 0.0000e+00, 
 2DIAGNOSTIC,     6, -4.122237314666e-01, 1.797693134862e+308, 0.0000e+00, 0.0000e+00, 
 2DIAGNOSTIC,     7, -4.122935886925e-01, 1.797693134862e+308, 0.0000e+00, 0.0000e+00, 
 2DIAGNOSTIC,     8, -4.121072680380e-01, 1.797693134862e+308, 0.0000e+00, 0.0000e+00, 
 2DIAGNOSTIC,     9, -4.121671295773e-01, 1.797693134862e+308, 0.0000e+00, 0.0000e+00, 
 2DIAGNOSTIC,    10, -4.122012081732e-01, 1.793244402098e-04, 0.0000e+00, 0.0000e+00, 
 2DIAGNOSTIC,    11, -4.121577545323e-01, 6.426273359590e-05, 0.0000e+00, 0.0000e+00, 
DIAGNOSTIC,Iteration,metricValue,convergenceValue,ITERATION_TIME_INDEX,SINCE_LAST
 2DIAGNOSTIC,     1, -3.172995564445e-01, 1.797693134862e+308, 0.0000e+00, 0.0000e+00, 
 2DIAGNOSTIC,     2, -3.178993702946e-01, 1.797693134862e+308, 0.0000e+00, 0.0000e+00, 
 2DIAGNOSTIC,     3, -3.182580788909e-01, 1.797693134862e+308, 0.0000e+00, 0.0000e+00, 
 2DIAGNOSTIC,     4, -3.187952233597e-01, 1.797693134862e+308, 0.0000e+00, 0.0000e+00, 
 2DIAGNOSTIC,     5, -3.210647244696e-01, 1.797693134862e+308, 0.0000e+00, 0.0000e+00, 
 2DIAGNOSTIC,     6, -3.225472006848e-01, 1.797693134862e+308, 0.0000e+00, 0.0000e+00, 
 2DIAGNOSTIC,     7, -3.251665833272e-01, 1.797693134862e+308, 0.0000e+00, 0.0000e+00, 
 2DIAGNOSTIC,     8, -3.312415661401e-01, 1.797693134862e+308, 0.0000e+00, 0.0000e+00, 
 2DIAGNOSTIC,     9, -3.424736860897e-01, 1.797693134862e+308, 0.0000e+00, 0.0000e+00, 
 2DIAGNOSTIC,    10, -3.568791901166e-01, 6.379325807919e-03, 0.0000e+00, 0.0000e+00, 
 2DIAGNOSTIC,    11, -3.893352266497e-01, 9.865101433823e-03, 0.0000e+00, 0.0000e+00, 
 2DIAGNOSTIC,    12, -4.201121568856e-01, 1.386300482087e-02, 0.0000e+00, 0.0000e+00, 
 2DIAGNOSTIC,    13, -4.200022175293e-01, 1.587667224585e-02, 0.0000e+00, 0.0000e+00, 
 2DIAGNOSTIC,    14, -4.209046759374e-01, 1.624276563147e-02, 0.0000e+00, 0.0000e+00, 
 2DIAGNOSTIC,    15, -4.221287701869e-01, 1.527792425596e-02, 0.0000e+00, 0.0000e+00, 
 2DIAGNOSTIC,    16, -4.215905056466e-01, 1.309079304616e-02, 0.0000e+00, 0.0000e+00, 
 2DIAGNOSTIC,    17, -4.213721290140e-01, 1.010234358968e-02, 0.0000e+00, 0.0000e+00, 
 2DIAGNOSTIC,    18, -4.212903053149e-01, 6.838706690018e-03, 0.0000e+00, 0.0000e+00, 
 2DIAGNOSTIC,    19, -4.210347334267e-01, 3.799523679726e-03, 0.0000e+00, 0.0000e+00, 
 2DIAGNOSTIC,    20, -4.219696307107e-01, 1.316108520211e-03, 0.0000e+00, 0.0000e+00, 
 2DIAGNOSTIC,    21, -4.220181116980e-01, 1.188200782160e-04, 0.0000e+00, 0.0000e+00, 
 2DIAGNOSTIC,    22, -4.220369994666e-01, 8.994619946500e-05, 0.0000e+00, 0.0000e+00, 
 2DIAGNOSTIC,    23, -4.220385286222e-01, 5.189962664032e-05, 0.0000e+00, 0.0000e+00, 
 2DIAGNOSTIC,    24, -4.220007652563e-01, 3.805794780531e-05, 0.0000e+00, 0.0000e+00, 
 2DIAGNOSTIC,    25, -4.220007652563e-01, 5.830257045038e-05, 0.0000e+00, 0.0000e+00, 
 2DIAGNOSTIC,    26, -4.220007652563e-01, 5.591503364277e-05, 0.0000e+00, 0.0000e+00, 
 2DIAGNOSTIC,    27, -4.220007652563e-01, 4.286994795152e-05, 0.0000e+00, 0.0000e+00, 
 2DIAGNOSTIC,    28, -4.220007652563e-01, 2.516849489161e-05, 0.0000e+00, 0.0000e+00, 
DIAGNOSTIC,Iteration,metricValue,convergenceValue,ITERATION_TIME_INDEX,SINCE_LAST
 2DIAGNOSTIC,     1, -3.564946145197e-01, 1.797693134862e+308, 0.0000e+00, 0.0000e+00, 
 2DIAGNOSTIC,     2, -3.567444733815e-01, 1.797693134862e+308, 0.0000e+00, 0.0000e+00, 
 2DIAGNOSTIC,     3, -3.567219167547e-01, 1.797693134862e+308, 0.0000e+00, 0.0000e+00, 
 2DIAGNOSTIC,     4, -3.558094247240e-01, 1.797693134862e+308, 0.0000e+00, 0.0000e+00, 
 2DIAGNOSTIC,     5, -3.558156368190e-01, 1.797693134862e+308, 0.0000e+00, 0.0000e+00, 
 2DIAGNOSTIC,     6, -3.559507489138e-01, 1.797693134862e+308, 0.0000e+00, 0.0000e+00, 
 2DIAGNOSTIC,     7, -3.559239528686e-01, 1.797693134862e+308, 0.0000e+00, 0.0000e+00, 
 2DIAGNOSTIC,     8, -3.558926085157e-01, 1.797693134862e+308, 0.0000e+00, 0.0000e+00, 
 2DIAGNOSTIC,     9, -3.558816378116e-01, 1.797693134862e+308, 0.0000e+00, 0.0000e+00, 
DIAGNOSTIC,Iteration,metricValue,convergenceValue,ITERATION_TIME_INDEX,SINCE_LAST
 2DIAGNOSTIC,     1, -3.278931287634e-01, 1.797693134862e+308, 0.0000e+00, 0.0000e+00, 
 2DIAGNOSTIC,     2, -3.272441729330e-01, 1.797693134862e+308, 0.0000e+00, 0.0000e+00, 
 2DIAGNOSTIC,     3, -3.272975777863e-01, 1.797693134862e+308, 0.0000e+00, 0.0000e+00, 
 2DIAGNOSTIC,     4, -3.274181945333e-01, 1.797693134862e+308, 0.0000e+00, 0.0000e+00, 
 2DIAGNOSTIC,     5, -3.274322427364e-01, 1.797693134862e+308, 0.0000e+00, 0.0000e+00, 
 2DIAGNOSTIC,     6, -3.272982678611e-01, 1.797693134862e+308, 0.0000e+00, 0.0000e+00, 
 2DIAGNOSTIC,     7, -3.273072426607e-01, 1.797693134862e+308, 0.0000e+00, 0.0000e+00, 
 2DIAGNOSTIC,     8, -3.273072426607e-01, 1.797693134862e+308, 0.0000e+00, 0.0000e+00, 
 2DIAGNOSTIC,     9, -3.273032712226e-01, 1.797693134862e+308, 0.0000e+00, 0.0000e+00, 
  Elapsed time (stage 0): 0.0000e+00


Total elapsed time: 0.0000e+00
Info [verificarlo]: loaded backend libinterflop_ieee.so
Info [interflop-ieee]: load backend with:
Info [interflop-ieee]: debug = false
Info [interflop-ieee]: debug-binary = false
Info [interflop-ieee]: no-backend-name = false
Info [interflop-ieee]: print-new-line = false
Info [interflop-ieee]: print-subnormal-normalized = false
Info [interflop-ieee]: count-op = false
All_Command_lines_OK
Using double precision for computations.
=============================================================================
The composite transform comprises the following transforms (in order): 
  1. /home/mdugre/scratch/mri-registration-rp/datasets/ds004513/derivatives/mri-registration-rp/0100/antsRegistration-r7-p8/sub-s020/rigid_Composite.h5[0] (type = Euler3DTransform)
  2. /home/mdugre/scratch/mri-registration-rp/datasets/ds004513/derivatives/mri-registration-rp/0100/antsRegistration-r7-p8/sub-s020/rigid_Composite.h5[1] (type = Euler3DTransform)
  3. /home/mdugre/scratch/mri-registration-rp/datasets/ds004513/derivatives/mri-registration-rp/0100/antsRegistration-r7-p8/sub-s020/rigid_Composite.h5[2] (type = Euler3DTransform)
=============================================================================
  number of levels = 4
  fixed image: /templateflow/tpl-MNI152NLin2009cAsym/tpl-MNI152NLin2009cAsym_res-01_desc-brain_T1w.nii.gz
  moving image: /home/mdugre/scratch/mri-registration-rp/datasets/ds004513/derivatives/mri-registration-rp/antsBrainExtraction/sub-s020/BrainExtractionBrain.nii.gz
Dimension = 3
Number of stages = 1
Use histogram matching = false
Winsorize image intensities = true
  Lower quantile = 0.005
  Upper quantile = 0.995


Stage 1 State
   Image metric = MattesMI
     Fixed image = Image (0x4ef9530)
  RTTI typeinfo:   itk::Image<double, 3u>
  Reference Count: 2
  Modified Time: 1594
  Debug: Off
  Object Name: 
  Observers: 
    none
  Source: (none)
  Source output name: (none)
  Release Data: Off
  Data Released: False
  Global Release Data: Off
  PipelineMTime: 0
  UpdateMTime: 1203
  RealTimeStamp: 0 seconds 
  LargestPossibleRegion: 
    Dimension: 3
    Index: [0, 0, 0]
    Size: [193, 229, 193]
  BufferedRegion: 
    Dimension: 3
    Index: [0, 0, 0]
    Size: [193, 229, 193]
  RequestedRegion: 
    Dimension: 3
    Index: [0, 0, 0]
    Size: [193, 229, 193]
  Spacing: [1, 1, 1]
  Origin: [96, 132, -78]
  Direction: 
-1 0 0
0 -1 0
0 0 1

  IndexToPointMatrix: 
-1 0 0
0 -1 0
0 0 1

  PointToIndexMatrix: 
-1 0 0
0 -1 0
0 0 1

  Inverse Direction: 
-1 0 0
0 -1 0
0 0 1

  PixelContainer: 
    ImportImageContainer (0x4f062b0)
      RTTI typeinfo:   itk::ImportImageContainer<unsigned long, double>
      Reference Count: 1
      Modified Time: 1200
      Debug: Off
      Object Name: 
      Observers: 
        none
      Pointer: 0x149e36358010
      Container manages memory: true
      Size: 8530021
      Capacity: 8530021

     Moving image = Image (0x4fb4fd0)
  RTTI typeinfo:   itk::Image<double, 3u>
  Reference Count: 2
  Modified Time: 1595
  Debug: Off
  Object Name: 
  Observers: 
    none
  Source: (none)
  Source output name: (none)
  Release Data: Off
  Data Released: False
  Global Release Data: Off
  PipelineMTime: 0
  UpdateMTime: 1592
  RealTimeStamp: 0 seconds 
  LargestPossibleRegion: 
    Dimension: 3
    Index: [0, 0, 0]
    Size: [160, 240, 256]
  BufferedRegion: 
    Dimension: 3
    Index: [0, 0, 0]
    Size: [160, 240, 256]
  RequestedRegion: 
    Dimension: 3
    Index: [0, 0, 0]
    Size: [160, 240, 256]
  Spacing: [0.999995, 1, 1]
  Origin: [87.0906, 98.7205, -152.377]
  Direction: 
-0.996975 0.0261379 -0.0731913
-0.0260677 -0.999658 -0.00191374
-0.0732163 -2.46403e-08 0.997316

  IndexToPointMatrix: 
-0.996971 0.0261379 -0.0731913
-0.0260676 -0.999658 -0.00191374
-0.0732159 -2.46403e-08 0.997316

  PointToIndexMatrix: 
-0.99698 -0.0260679 -0.0732166
0.0261379 -0.999658 -2.46993e-08
-0.0731913 -0.00191374 0.997316

  Inverse Direction: 
-0.996975 -0.0260677 -0.0732163
0.0261379 -0.999658 -2.46993e-08
-0.0731913 -0.00191374 0.997316

  PixelContainer: 
    ImportImageContainer (0x5050650)
      RTTI typeinfo:   itk::ImportImageContainer<unsigned long, double>
      Reference Count: 1
      Modified Time: 1589
      Debug: Off
      Object Name: 
      Observers: 
        none
      Pointer: 0x149e31857010
      Container manages memory: true
      Size: 9830400
      Capacity: 9830400

     Weighting = 1
     Sampling strategy = regular
     Number of bins = 32
     Radius = 4
     Sampling percentage  = 0.25
   Transform = Affine
     Gradient step = 0.1
     Update field sigma (voxel space) = 0
     Total field sigma (voxel space) = 0
     Update field time sigma = 0
     Total field time sigma  = 0
     Number of time indices = 0
     Number of time point samples = 0
Registration using 1 total stages.

Stage 0
  iterations = 1000x500x250x100
  convergence threshold = 1e-06
  convergence window size = 10
  number of levels = 4
  using the Mattes MI metric (number of bins = 32, weight = 1, use gradient filter = 0)
  preprocessing:  winsorizing the image intensities
  Shrink factors (level 1 out of 4): [8, 8, 8]
  Shrink factors (level 2 out of 4): [4, 4, 4]
  Shrink factors (level 3 out of 4): [2, 2, 2]
  Shrink factors (level 4 out of 4): [1, 1, 1]
  smoothing sigmas per level: [3, 2, 1, 0]
  regular sampling (percentage = 0.25)

*** Running AffineTransform registration ***

DIAGNOSTIC,Iteration,metricValue,convergenceValue,ITERATION_TIME_INDEX,SINCE_LAST
 2DIAGNOSTIC,     1, -5.147972716283e-01, 1.797693134862e+308, 6.0207e-01, 6.0207e-01, 
 2DIAGNOSTIC,     2, -5.164853564585e-01, 1.797693134862e+308, 6.0560e-01, 3.5329e-03, 
 2DIAGNOSTIC,     3, -5.190583907341e-01, 1.797693134862e+308, 6.0899e-01, 3.3839e-03, 
 2DIAGNOSTIC,     4, -5.228443520040e-01, 1.797693134862e+308, 6.1235e-01, 3.3610e-03, 
 2DIAGNOSTIC,     5, -5.293960166124e-01, 1.797693134862e+308, 6.1565e-01, 3.3028e-03, 
 2DIAGNOSTIC,     6, -5.394744676585e-01, 1.797693134862e+308, 6.1918e-01, 3.5310e-03, 
 2DIAGNOSTIC,     7, -5.607240335769e-01, 1.797693134862e+308, 6.2265e-01, 3.4699e-03, 
 2DIAGNOSTIC,     8, -6.354293094643e-01, 1.797693134862e+308, 6.2669e-01, 4.0362e-03, 
 2DIAGNOSTIC,     9, -6.765002187671e-01, 1.797693134862e+308, 6.3247e-01, 5.7840e-03, 
 2DIAGNOSTIC,    10, -6.840476949194e-01, 2.045568753906e-02, 6.3625e-01, 3.7730e-03, 
 2DIAGNOSTIC,    11, -7.120803990201e-01, 2.219706223214e-02, 6.3997e-01, 3.7200e-03, 
 2DIAGNOSTIC,    12, -7.566238508252e-01, 2.330969182340e-02, 6.4385e-01, 3.8891e-03, 
 2DIAGNOSTIC,    13, -7.731867455306e-01, 2.270871001660e-02, 6.4765e-01, 3.7971e-03, 
 2DIAGNOSTIC,    14, -8.028530238934e-01, 2.120274383915e-02, 6.5226e-01, 4.6079e-03, 
 2DIAGNOSTIC,    15, -8.125231665788e-01, 1.854102278497e-02, 6.5677e-01, 4.5118e-03, 
 2DIAGNOSTIC,    16, -8.218724240924e-01, 1.516170639073e-02, 6.6189e-01, 5.1181e-03, 
 2DIAGNOSTIC,    17, -8.247289450075e-01, 1.145960902868e-02, 6.6571e-01, 3.8252e-03, 
 2DIAGNOSTIC,    18, -8.394575594265e-01, 9.299700563587e-03, 6.6964e-01, 3.9251e-03, 
 2DIAGNOSTIC,    19, -8.502385863409e-01, 7.709022844513e-03, 6.7317e-01, 3.5319e-03, 
 2DIAGNOSTIC,    20, -8.517200225371e-01, 5.785972374145e-03, 6.7674e-01, 3.5701e-03, 
 2DIAGNOSTIC,    21, -8.545803297657e-01, 4.146169428916e-03, 6.8072e-01, 3.9730e-03, 
 2DIAGNOSTIC,    22, -8.589531978465e-01, 3.203762438552e-03, 6.8693e-01, 6.2120e-03, 
 2DIAGNOSTIC,    23, -8.588836090393e-01, 2.334649195069e-03, 6.9095e-01, 4.0209e-03, 
 2DIAGNOSTIC,    24, -8.589308236762e-01, 1.823056995483e-03, 6.9472e-01, 3.7711e-03, 
 2DIAGNOSTIC,    25, -8.586969934292e-01, 1.339232618873e-03, 6.9850e-01, 3.7830e-03, 
 2DIAGNOSTIC,    26, -8.584531033862e-01, 9.145933993155e-04, 7.0267e-01, 4.1668e-03, 
 2DIAGNOSTIC,    27, -8.582147387502e-01, 4.741083467752e-04, 7.0673e-01, 4.0591e-03, 
 2DIAGNOSTIC,    28, -8.579817659478e-01, 2.223151673747e-04, 7.1043e-01, 3.7031e-03, 
 2DIAGNOSTIC,    29, -8.579017861672e-01, 1.124155728583e-04, 7.1506e-01, 4.6301e-03, 
 2DIAGNOSTIC,    30, -8.579183159843e-01, 1.919516519023e-05, 7.1874e-01, 3.6750e-03, 
DIAGNOSTIC,Iteration,metricValue,convergenceValue,ITERATION_TIME_INDEX,SINCE_LAST
 2DIAGNOSTIC,     1, -7.192457653267e-01, 1.797693134862e+308, 1.3337e+00, 6.1498e-01, 
 2DIAGNOSTIC,     2, -7.196830915152e-01, 1.797693134862e+308, 1.3599e+00, 2.6155e-02, 
 2DIAGNOSTIC,     3, -7.198635899116e-01, 1.797693134862e+308, 1.4033e+00, 4.3405e-02, 
 2DIAGNOSTIC,     4, -7.198747394274e-01, 1.797693134862e+308, 1.4301e+00, 2.6815e-02, 
 2DIAGNOSTIC,     5, -7.198480530181e-01, 1.797693134862e+308, 1.4592e+00, 2.9130e-02, 
 2DIAGNOSTIC,     6, -7.198551003959e-01, 1.797693134862e+308, 1.4849e+00, 2.5679e-02, 
 2DIAGNOSTIC,     7, -7.198469764068e-01, 1.797693134862e+308, 1.5120e+00, 2.7132e-02, 
 2DIAGNOSTIC,     8, -7.198423253260e-01, 1.797693134862e+308, 1.5398e+00, 2.7752e-02, 
 2DIAGNOSTIC,     9, -7.198345445864e-01, 1.797693134862e+308, 1.5679e+00, 2.8155e-02, 
 2DIAGNOSTIC,    10, -7.198120241240e-01, 2.970936191361e-05, 1.5916e+00, 2.3640e-02, 
 2DIAGNOSTIC,    11, -7.198054692630e-01, 4.510651886683e-06, 1.6184e+00, 2.6786e-02, 
DIAGNOSTIC,Iteration,metricValue,convergenceValue,ITERATION_TIME_INDEX,SINCE_LAST
 2DIAGNOSTIC,     1, -5.961490560271e-01, 1.797693134862e+308, 2.5489e+00, 9.3052e-01, 
 2DIAGNOSTIC,     2, -5.964481711811e-01, 1.797693134862e+308, 2.7588e+00, 2.0987e-01, 
 2DIAGNOSTIC,     3, -5.966798159498e-01, 1.797693134862e+308, 2.9684e+00, 2.0965e-01, 
 2DIAGNOSTIC,     4, -5.968539413294e-01, 1.797693134862e+308, 3.1767e+00, 2.0834e-01, 
 2DIAGNOSTIC,     5, -5.970823592092e-01, 1.797693134862e+308, 3.3947e+00, 2.1794e-01, 
 2DIAGNOSTIC,     6, -5.971835272081e-01, 1.797693134862e+308, 3.5709e+00, 1.7619e-01, 
 2DIAGNOSTIC,     7, -5.972705844070e-01, 1.797693134862e+308, 3.8596e+00, 2.8877e-01, 
 2DIAGNOSTIC,     8, -5.972718314277e-01, 1.797693134862e+308, 4.1191e+00, 2.5949e-01, 
 2DIAGNOSTIC,     9, -5.972735493597e-01, 1.797693134862e+308, 4.3739e+00, 2.5479e-01, 
 2DIAGNOSTIC,    10, -5.972709185092e-01, 1.207694912314e-04, 4.6010e+00, 2.2706e-01, 
 2DIAGNOSTIC,    11, -5.972725535531e-01, 7.812357893527e-05, 4.8310e+00, 2.3000e-01, 
 2DIAGNOSTIC,    12, -5.972712149653e-01, 4.754874157363e-05, 5.0662e+00, 2.3524e-01, 
 2DIAGNOSTIC,    13, -5.972715586891e-01, 2.608719146027e-05, 5.2934e+00, 2.2715e-01, 
 2DIAGNOSTIC,    14, -5.972721693919e-01, 1.135335915375e-05, 5.5224e+00, 2.2903e-01, 
 2DIAGNOSTIC,    15, -5.972720929647e-01, 4.943894093876e-06, 5.7252e+00, 2.0277e-01, 
 2DIAGNOSTIC,    16, -5.972727590494e-01, 2.033757283290e-06, 5.9513e+00, 2.2614e-01, 
 2DIAGNOSTIC,    17, -5.972706522181e-01, 1.839090349037e-06, 6.1770e+00, 2.2574e-01, 
 2DIAGNOSTIC,    18, -5.972679484692e-01, 1.630814876016e-06, 6.3743e+00, 1.9728e-01, 
 2DIAGNOSTIC,    19, -5.972791372372e-01, 1.783607277810e-06, 6.6073e+00, 2.3299e-01, 
 2DIAGNOSTIC,    20, -5.972764934761e-01, 1.774811429531e-06, 6.8097e+00, 2.0234e-01, 
 2DIAGNOSTIC,    21, -5.972789024115e-01, 1.846269902642e-06, 7.0109e+00, 2.0127e-01, 
 2DIAGNOSTIC,    22, -5.972769908266e-01, 1.812620975677e-06, 7.2166e+00, 2.0569e-01, 
 2DIAGNOSTIC,    23, -5.972769140498e-01, 1.754065103436e-06, 7.4498e+00, 2.3314e-01, 
 2DIAGNOSTIC,    24, -5.972779289920e-01, 1.694424219725e-06, 7.6770e+00, 2.2721e-01, 
 2DIAGNOSTIC,    25, -5.972800530239e-01, 1.640938847434e-06, 7.9367e+00, 2.5972e-01, 
 2DIAGNOSTIC,    26, -5.972811213247e-01, 1.591190674617e-06, 8.1651e+00, 2.2846e-01, 
 2DIAGNOSTIC,    27, -5.972793118092e-01, 1.445085149362e-06, 8.3990e+00, 2.3381e-01, 
 2DIAGNOSTIC,    28, -5.972772564489e-01, 1.199807759686e-06, 8.6038e+00, 2.0486e-01, 
 2DIAGNOSTIC,    29, -5.972779798979e-01, 1.162643242271e-06, 8.8099e+00, 2.0608e-01, 
 2DIAGNOSTIC,    30, -5.972767208127e-01, 1.056481637708e-06, 9.0375e+00, 2.2759e-01, 
 2DIAGNOSTIC,    31, -5.972776181364e-01, 1.009271635238e-06, 9.2659e+00, 2.2841e-01, 
DIAGNOSTIC,Iteration,metricValue,convergenceValue,ITERATION_TIME_INDEX,SINCE_LAST
 2DIAGNOSTIC,     1, -5.293428383760e-01, 1.797693134862e+308, 1.1634e+01, 2.3679e+00, 
 2DIAGNOSTIC,     2, -5.296784197801e-01, 1.797693134862e+308, 1.2989e+01, 1.3547e+00, 
 2DIAGNOSTIC,     3, -5.299840652118e-01, 1.797693134862e+308, 1.4307e+01, 1.3183e+00, 
 2DIAGNOSTIC,     4, -5.303072145621e-01, 1.797693134862e+308, 1.5715e+01, 1.4082e+00, 
 2DIAGNOSTIC,     5, -5.305570136219e-01, 1.797693134862e+308, 1.7243e+01, 1.5276e+00, 
 2DIAGNOSTIC,     6, -5.313997927192e-01, 1.797693134862e+308, 1.9797e+01, 2.5543e+00, 
 2DIAGNOSTIC,     7, -5.314048021141e-01, 1.797693134862e+308, 2.2837e+01, 3.0403e+00, 
 2DIAGNOSTIC,     8, -5.314048966266e-01, 1.797693134862e+308, 2.4365e+01, 1.5279e+00, 
 2DIAGNOSTIC,     9, -5.314046980533e-01, 1.797693134862e+308, 2.6047e+01, 1.6824e+00, 
 2DIAGNOSTIC,    10, -5.314047374300e-01, 2.826987841772e-04, 2.7899e+01, 1.8518e+00, 
 2DIAGNOSTIC,    11, -5.314045692438e-01, 2.041589109382e-04, 2.9588e+01, 1.6886e+00, 
 2DIAGNOSTIC,    12, -5.314044987107e-01, 1.354691070092e-04, 3.1238e+01, 1.6505e+00, 
 2DIAGNOSTIC,    13, -5.314044281308e-01, 7.825923601486e-05, 3.2910e+01, 1.6717e+00, 
 2DIAGNOSTIC,    14, -5.314043831598e-01, 3.481785630913e-05, 3.4529e+01, 1.6191e+00, 
 2DIAGNOSTIC,    15, -5.314043544696e-01, 2.256249678798e-06, 3.6294e+01, 1.7649e+00, 
 2DIAGNOSTIC,    16, -5.314042703468e-01, 1.943543692207e-06, 3.7869e+01, 1.5750e+00, 
 2DIAGNOSTIC,    17, -5.314041862227e-01, 1.826955127668e-06, 3.9318e+01, 1.4486e+00, 
 2DIAGNOSTIC,    18, -5.314040036235e-01, 1.725110862182e-06, 4.0825e+01, 1.5070e+00, 
 2DIAGNOSTIC,    19, -5.314038543383e-01, 1.628210845046e-06, 4.2382e+01, 1.5570e+00, 
 2DIAGNOSTIC,    20, -5.314039363503e-01, 1.548759908675e-06, 4.3858e+01, 1.4764e+00, 
 2DIAGNOSTIC,    21, -5.314036427667e-01, 1.468977370279e-06, 4.5442e+01, 1.5835e+00, 
 2DIAGNOSTIC,    22, -5.314037057732e-01, 1.400886738230e-06, 4.6993e+01, 1.5512e+00, 
 2DIAGNOSTIC,    23, -5.314036652339e-01, 1.340418844094e-06, 4.8607e+01, 1.6139e+00, 
 2DIAGNOSTIC,    24, -5.314035928332e-01, 1.286412579730e-06, 4.9956e+01, 1.3495e+00, 
 2DIAGNOSTIC,    25, -5.314035605313e-01, 1.239183714079e-06, 5.1386e+01, 1.4296e+00, 
 2DIAGNOSTIC,    26, -5.314034654390e-01, 1.195121831624e-06, 5.2746e+01, 1.3603e+00, 
 2DIAGNOSTIC,    27, -5.314034841419e-01, 1.155878764633e-06, 5.4485e+01, 1.7389e+00, 
 2DIAGNOSTIC,    28, -5.314033347531e-01, 1.115232174539e-06, 5.6175e+01, 1.6903e+00, 
 2DIAGNOSTIC,    29, -5.314032762965e-01, 1.075568621556e-06, 5.7580e+01, 1.4053e+00, 
 2DIAGNOSTIC,    30, -5.314032674871e-01, 1.042096588078e-06, 5.9270e+01, 1.6894e+00, 
 2DIAGNOSTIC,    31, -5.314034122429e-01, 1.009905754072e-06, 6.0772e+01, 1.5021e+00, 
  Elapsed time (stage 0): 6.1572e+01


Total elapsed time: 6.1575e+01
Info [verificarlo]: loaded backend libinterflop_ieee.so
Info [interflop-ieee]: load backend with:
Info [interflop-ieee]: debug = false
Info [interflop-ieee]: debug-binary = false
Info [interflop-ieee]: no-backend-name = false
Info [interflop-ieee]: print-new-line = false
Info [interflop-ieee]: print-subnormal-normalized = false
Info [interflop-ieee]: count-op = false
All_Command_lines_OK
Using double precision for computations.
=============================================================================
The composite transform comprises the following transforms (in order): 
  1. /home/mdugre/scratch/mri-registration-rp/datasets/ds004513/derivatives/mri-registration-rp/0100/antsRegistration-r7-p8/sub-s020/affine_Composite.h5[0] (type = Euler3DTransform)
  2. /home/mdugre/scratch/mri-registration-rp/datasets/ds004513/derivatives/mri-registration-rp/0100/antsRegistration-r7-p8/sub-s020/affine_Composite.h5[1] (type = Euler3DTransform)
  3. /home/mdugre/scratch/mri-registration-rp/datasets/ds004513/derivatives/mri-registration-rp/0100/antsRegistration-r7-p8/sub-s020/affine_Composite.h5[2] (type = Euler3DTransform)
  4. /home/mdugre/scratch/mri-registration-rp/datasets/ds004513/derivatives/mri-registration-rp/0100/antsRegistration-r7-p8/sub-s020/affine_Composite.h5[3] (type = AffineTransform)
=============================================================================
  number of levels = 4
  fixed image: /templateflow/tpl-MNI152NLin2009cAsym/tpl-MNI152NLin2009cAsym_res-01_desc-brain_T1w.nii.gz
  moving image: /home/mdugre/scratch/mri-registration-rp/datasets/ds004513/derivatives/mri-registration-rp/antsBrainExtraction/sub-s020/BrainExtractionBrain.nii.gz
Dimension = 3
Number of stages = 1
Use histogram matching = false
Winsorize image intensities = true
  Lower quantile = 0.005
  Upper quantile = 0.995


Stage 1 State
   Image metric = CC
     Fixed image = Image (0x38bda40)
  RTTI typeinfo:   itk::Image<double, 3u>
  Reference Count: 2
  Modified Time: 1608
  Debug: Off
  Object Name: 
  Observers: 
    none
  Source: (none)
  Source output name: (none)
  Release Data: Off
  Data Released: False
  Global Release Data: Off
  PipelineMTime: 0
  UpdateMTime: 1217
  RealTimeStamp: 0 seconds 
  LargestPossibleRegion: 
    Dimension: 3
    Index: [0, 0, 0]
    Size: [193, 229, 193]
  BufferedRegion: 
    Dimension: 3
    Index: [0, 0, 0]
    Size: [193, 229, 193]
  RequestedRegion: 
    Dimension: 3
    Index: [0, 0, 0]
    Size: [193, 229, 193]
  Spacing: [1, 1, 1]
  Origin: [96, 132, -78]
  Direction: 
-1 0 0
0 -1 0
0 0 1

  IndexToPointMatrix: 
-1 0 0
0 -1 0
0 0 1

  PointToIndexMatrix: 
-1 0 0
0 -1 0
0 0 1

  Inverse Direction: 
-1 0 0
0 -1 0
0 0 1

  PixelContainer: 
    ImportImageContainer (0x398bc30)
      RTTI typeinfo:   itk::ImportImageContainer<unsigned long, double>
      Reference Count: 1
      Modified Time: 1214
      Debug: Off
      Object Name: 
      Observers: 
        none
      Pointer: 0x14b20950a010
      Container manages memory: true
      Size: 8530021
      Capacity: 8530021

     Moving image = Image (0x3994b70)
  RTTI typeinfo:   itk::Image<double, 3u>
  Reference Count: 2
  Modified Time: 1609
  Debug: Off
  Object Name: 
  Observers: 
    none
  Source: (none)
  Source output name: (none)
  Release Data: Off
  Data Released: False
  Global Release Data: Off
  PipelineMTime: 0
  UpdateMTime: 1606
  RealTimeStamp: 0 seconds 
  LargestPossibleRegion: 
    Dimension: 3
    Index: [0, 0, 0]
    Size: [160, 240, 256]
  BufferedRegion: 
    Dimension: 3
    Index: [0, 0, 0]
    Size: [160, 240, 256]
  RequestedRegion: 
    Dimension: 3
    Index: [0, 0, 0]
    Size: [160, 240, 256]
  Spacing: [0.999995, 1, 1]
  Origin: [87.0906, 98.7205, -152.377]
  Direction: 
-0.996975 0.0261379 -0.0731913
-0.0260677 -0.999658 -0.00191374
-0.0732163 -2.46403e-08 0.997316

  IndexToPointMatrix: 
-0.996971 0.0261379 -0.0731913
-0.0260676 -0.999658 -0.00191374
-0.0732159 -2.46403e-08 0.997316

  PointToIndexMatrix: 
-0.99698 -0.0260679 -0.0732166
0.0261379 -0.999658 -2.46993e-08
-0.0731913 -0.00191374 0.997316

  Inverse Direction: 
-0.996975 -0.0260677 -0.0732163
0.0261379 -0.999658 -2.46993e-08
-0.0731913 -0.00191374 0.997316

  PixelContainer: 
    ImportImageContainer (0x39b55d0)
      RTTI typeinfo:   itk::ImportImageContainer<unsigned long, double>
      Reference Count: 1
      Modified Time: 1603
      Debug: Off
      Object Name: 
      Observers: 
        none
      Pointer: 0x14b204a09010
      Container manages memory: true
      Size: 9830400
      Capacity: 9830400

     Weighting = 1
     Sampling strategy = none
     Number of bins = 32
     Radius = 4
     Sampling percentage  = 1
   Transform = SyN
     Gradient step = 0.1
     Update field sigma (voxel space) = 3
     Total field sigma (voxel space) = 0
     Update field time sigma = 0
     Total field time sigma  = 0
     Number of time indices = 0
     Number of time point samples = 0
Registration using 1 total stages.

Stage 0
  iterations = 100x70x50x20
  convergence threshold = 1e-06
  convergence window size = 10
  number of levels = 4
  using the CC metric (radius = 4, weight = 1, use gradient filter = 0)
  preprocessing:  winsorizing the image intensities
  Shrink factors (level 1 out of 4): [8, 8, 8]
  Shrink factors (level 2 out of 4): [4, 4, 4]
  Shrink factors (level 3 out of 4): [2, 2, 2]
  Shrink factors (level 4 out of 4): [1, 1, 1]
  smoothing sigmas per level: [3, 2, 1, 0]
  Using default NONE metricSamplingStrategy 

*** Running SyN registration (varianceForUpdateField = 3, varianceForTotalField = 0) ***

XXDIAGNOSTIC,Iteration,metricValue,convergenceValue,ITERATION_TIME_INDEX,SINCE_LAST
 1DIAGNOSTIC,     1, -9.072135763045e-01, 1.797693134862e+308, 7.9956e-01, 7.9956e-01, 
 1DIAGNOSTIC,     2, -9.147055902072e-01, 1.797693134862e+308, 1.0193e+00, 2.1978e-01, 
 1DIAGNOSTIC,     3, -9.199955824762e-01, 1.797693134862e+308, 1.2417e+00, 2.2235e-01, 
 1DIAGNOSTIC,     4, -9.234094948990e-01, 1.797693134862e+308, 1.4637e+00, 2.2201e-01, 
 1DIAGNOSTIC,     5, -9.258333756401e-01, 1.797693134862e+308, 1.6840e+00, 2.2033e-01, 
 1DIAGNOSTIC,     6, -9.274354206094e-01, 1.797693134862e+308, 1.9111e+00, 2.2709e-01, 
 1DIAGNOSTIC,     7, -9.286670687650e-01, 1.797693134862e+308, 2.1355e+00, 2.2442e-01, 
 1DIAGNOSTIC,     8, -9.295799084470e-01, 1.797693134862e+308, 2.3656e+00, 2.3005e-01, 
 1DIAGNOSTIC,     9, -9.303173350309e-01, 1.797693134862e+308, 2.5955e+00, 2.2989e-01, 
 1DIAGNOSTIC,    10, -9.308795515674e-01, 1.441545430996e-03, 2.8259e+00, 2.3039e-01, 
 1DIAGNOSTIC,    11, -9.313851577292e-01, 9.249011994801e-04, 3.0500e+00, 2.2416e-01, 
 1DIAGNOSTIC,    12, -9.318351837101e-01, 6.131652740616e-04, 3.2785e+00, 2.2843e-01, 
 1DIAGNOSTIC,    13, -9.322426188375e-01, 4.276847613012e-04, 3.5078e+00, 2.2934e-01, 
 1DIAGNOSTIC,    14, -9.326165691864e-01, 3.122846606673e-04, 3.7365e+00, 2.2865e-01, 
 1DIAGNOSTIC,    15, -9.329619189078e-01, 2.401151116799e-04, 3.9650e+00, 2.2856e-01, 
 1DIAGNOSTIC,    16, -9.332821564599e-01, 1.915935177582e-04, 4.1935e+00, 2.2847e-01, 
 1DIAGNOSTIC,    17, -9.335748341370e-01, 1.585201840883e-04, 4.4216e+00, 2.2810e-01, 
 1DIAGNOSTIC,    18, -9.338391551883e-01, 1.344567053191e-04, 4.6500e+00, 2.2843e-01, 
 1DIAGNOSTIC,    19, -9.340981317320e-01, 1.165373969623e-04, 4.8793e+00, 2.2931e-01, 
 1DIAGNOSTIC,    20, -9.343406324268e-01, 1.019098000773e-04, 5.1094e+00, 2.3006e-01, 
 1DIAGNOSTIC,    21, -9.345801110919e-01, 9.006476633856e-05, 5.3385e+00, 2.2907e-01, 
 1DIAGNOSTIC,    22, -9.348096087171e-01, 8.037052873114e-05, 5.5670e+00, 2.2855e-01, 
 1DIAGNOSTIC,    23, -9.350303316760e-01, 7.239411704919e-05, 5.7955e+00, 2.2849e-01, 
 1DIAGNOSTIC,    24, -9.352425651151e-01, 6.580824936325e-05, 6.0243e+00, 2.2876e-01, 
 1DIAGNOSTIC,    25, -9.354451354128e-01, 6.031333760845e-05, 6.2526e+00, 2.2837e-01, 
 1DIAGNOSTIC,    26, -9.356371485161e-01, 5.563771111365e-05, 6.4813e+00, 2.2871e-01, 
 1DIAGNOSTIC,    27, -9.358189665636e-01, 5.149160497324e-05, 6.7098e+00, 2.2841e-01, 
 1DIAGNOSTIC,    28, -9.359905785190e-01, 4.759426874262e-05, 6.9382e+00, 2.2847e-01, 
 1DIAGNOSTIC,    29, -9.361533200998e-01, 4.396862200604e-05, 7.1670e+00, 2.2877e-01, 
 1DIAGNOSTIC,    30, -9.363021325761e-01, 4.046487946088e-05, 7.3905e+00, 2.2345e-01, 
