
##########################
# Experiment information #
##########################

EXPERIMENT_NAME: antsRegistration-r8-p10
VFC_BACKENDS: libinterflop_vprec.so --range-binary32=8 --precision-binary32=10 --range-binary64=8 --precision-binary64=10

SIF_IMG: /home/mdugre/projects/rrg-glatard/mdugre/containers/ants-vprec-no_metrics.simg

SUBJECT_ID: s020
INPUT_IMG: /home/mdugre/scratch/mri-registration-rp/datasets/ds004513/derivatives/mri-registration-rp/antsBrainExtraction/sub-s020/BrainExtractionBrain.nii.gz
OUTPUT_DIR: /home/mdugre/scratch/mri-registration-rp/datasets/ds004513/derivatives/mri-registration-rp/0100/antsRegistration-r8-p10/sub-s020

FIXED_IMG: /templateflow/tpl-MNI152NLin2009cAsym/tpl-MNI152NLin2009cAsym_res-01_desc-brain_T1w.nii.gz
DATA_DIR: /home/mdugre/scratch/mri-registration-rp/datasets/ds004513
TEMPLATEFLOW_DIR: /home/mdugre/projects/rrg-glatard/mdugre/templateflow
ITK_GLOBAL_DEFAULT_NUMBER_OF_THREADS: 16
##########################

Info [verificarlo]: loaded backend libinterflop_ieee.so
Info [interflop-ieee]: load backend with:
Info [interflop-ieee]: debug = false
Info [interflop-ieee]: debug-binary = false
Info [interflop-ieee]: no-backend-name = false
Info [interflop-ieee]: print-new-line = false
Info [interflop-ieee]: print-subnormal-normalized = false
Info [interflop-ieee]: count-op = false
All_Command_lines_OK
Using double precision for computations.
=============================================================================
The composite transform comprises the following transforms (in order): 
  1. Center of mass alignment using fixed image: /templateflow/tpl-MNI152NLin2009cAsym/tpl-MNI152NLin2009cAsym_res-01_desc-brain_T1w.nii.gz and moving image: /home/mdugre/scratch/mri-registration-rp/datasets/ds004513/derivatives/mri-registration-rp/antsBrainExtraction/sub-s020/BrainExtractionBrain.nii.gz (type = Euler3DTransform)
=============================================================================
  number of levels = 1
  fixed image: /templateflow/tpl-MNI152NLin2009cAsym/tpl-MNI152NLin2009cAsym_res-01_desc-brain_T1w.nii.gz
  moving image: /home/mdugre/scratch/mri-registration-rp/datasets/ds004513/derivatives/mri-registration-rp/antsBrainExtraction/sub-s020/BrainExtractionBrain.nii.gz
Dimension = 3
Number of stages = 1
Use histogram matching = false
Winsorize image intensities = true
  Lower quantile = 0.005
  Upper quantile = 0.995


Stage 1 State
   Image metric = MattesMI
     Fixed image = Image (0x4c73e70)
  RTTI typeinfo:   itk::Image<double, 3u>
  Reference Count: 2
  Modified Time: 2334
  Debug: Off
  Object Name: 
  Observers: 
    none
  Source: (none)
  Source output name: (none)
  Release Data: Off
  Data Released: False
  Global Release Data: Off
  PipelineMTime: 0
  UpdateMTime: 1943
  RealTimeStamp: 0 seconds 
  LargestPossibleRegion: 
    Dimension: 3
    Index: [0, 0, 0]
    Size: [193, 229, 193]
  BufferedRegion: 
    Dimension: 3
    Index: [0, 0, 0]
    Size: [193, 229, 193]
  RequestedRegion: 
    Dimension: 3
    Index: [0, 0, 0]
    Size: [193, 229, 193]
  Spacing: [1, 1, 1]
  Origin: [96, 132, -78]
  Direction: 
-1 0 0
0 -1 0
0 0 1

  IndexToPointMatrix: 
-1 0 0
0 -1 0
0 0 1

  PointToIndexMatrix: 
-1 0 0
0 -1 0
0 0 1

  Inverse Direction: 
-1 0 0
0 -1 0
0 0 1

  PixelContainer: 
    ImportImageContainer (0x4c7cc60)
      RTTI typeinfo:   itk::ImportImageContainer<unsigned long, double>
      Reference Count: 1
      Modified Time: 1940
      Debug: Off
      Object Name: 
      Observers: 
        none
      Pointer: 0x15124b39f010
      Container manages memory: true
      Size: 8530021
      Capacity: 8530021

     Moving image = Image (0x4c7f610)
  RTTI typeinfo:   itk::Image<double, 3u>
  Reference Count: 2
  Modified Time: 2335
  Debug: Off
  Object Name: 
  Observers: 
    none
  Source: (none)
  Source output name: (none)
  Release Data: Off
  Data Released: False
  Global Release Data: Off
  PipelineMTime: 0
  UpdateMTime: 2332
  RealTimeStamp: 0 seconds 
  LargestPossibleRegion: 
    Dimension: 3
    Index: [0, 0, 0]
    Size: [160, 240, 256]
  BufferedRegion: 
    Dimension: 3
    Index: [0, 0, 0]
    Size: [160, 240, 256]
  RequestedRegion: 
    Dimension: 3
    Index: [0, 0, 0]
    Size: [160, 240, 256]
  Spacing: [0.999995, 1, 1]
  Origin: [87.0906, 98.7205, -152.377]
  Direction: 
-0.996975 0.0261379 -0.0731913
-0.0260677 -0.999658 -0.00191374
-0.0732163 -2.46403e-08 0.997316

  IndexToPointMatrix: 
-0.996971 0.0261379 -0.0731913
-0.0260676 -0.999658 -0.00191374
-0.0732159 -2.46403e-08 0.997316

  PointToIndexMatrix: 
-0.99698 -0.0260679 -0.0732166
0.0261379 -0.999658 -2.46993e-08
-0.0731913 -0.00191374 0.997316

  Inverse Direction: 
-0.996975 -0.0260677 -0.0732163
0.0261379 -0.999658 -2.46993e-08
-0.0731913 -0.00191374 0.997316

  PixelContainer: 
    ImportImageContainer (0x4d18ef0)
      RTTI typeinfo:   itk::ImportImageContainer<unsigned long, double>
      Reference Count: 1
      Modified Time: 2329
      Debug: Off
      Object Name: 
      Observers: 
        none
      Pointer: 0x15124689e010
      Container manages memory: true
      Size: 9830400
      Capacity: 9830400

     Weighting = 1
     Sampling strategy = regular
     Number of bins = 32
     Radius = 4
     Sampling percentage  = 0.25
   Transform = Rigid
     Gradient step = 0.1
     Update field sigma (voxel space) = 0
     Total field sigma (voxel space) = 0
     Update field time sigma = 0
     Total field time sigma  = 0
     Number of time indices = 0
     Number of time point samples = 0
Registration using 1 total stages.

Stage 0
  iterations = 0
  convergence threshold = 1e-06
  convergence window size = 10
  number of levels = 1
  using the Mattes MI metric (number of bins = 32, weight = 1, use gradient filter = 0)
  preprocessing:  winsorizing the image intensities
  Shrink factors (level 1 out of 1): [1, 1, 1]
  smoothing sigmas per level: [0]
  regular sampling (percentage = 0.25)

*** Running Euler3DTransform registration ***

  Elapsed time (stage 0): 1.10798


Total elapsed time: 1.11024
Info [verificarlo]: loaded backend libinterflop_vprec.so
Info [interflop-vprec]: load backend with: 
Info [interflop-vprec]: precision-binary32 = 10
Info [interflop-vprec]: range-binary32 = 8
Info [interflop-vprec]: precision-binary64 = 10
Info [interflop-vprec]: range-binary64 = 8
Info [interflop-vprec]: mode = ob
Info [interflop-vprec]: error-mode = rel
Info [interflop-vprec]: max-abs-error-exponent = -1022
Info [interflop-vprec]: daz = false
Info [interflop-vprec]: ftz = false
Info [interflop-vprec]: 	instrument = none
Info [interflop-vprec]: 	prec-input-file = (null)
Info [interflop-vprec]: 	prec-output-file = (null)
Info [interflop-vprec]: 	prec-log-file = (null)
All_Command_lines_OK
Using double precision for computations.
=============================================================================
The composite transform comprises the following transforms (in order): 
  1. /home/mdugre/scratch/mri-registration-rp/datasets/ds004513/derivatives/mri-registration-rp/0100/antsRegistration-r8-p10/sub-s020/align_Composite.h5[0] (type = Euler3DTransform)
  2. /home/mdugre/scratch/mri-registration-rp/datasets/ds004513/derivatives/mri-registration-rp/0100/antsRegistration-r8-p10/sub-s020/align_Composite.h5[1] (type = Euler3DTransform)
=============================================================================
  number of levels = 4
  fixed image: /templateflow/tpl-MNI152NLin2009cAsym/tpl-MNI152NLin2009cAsym_res-01_desc-brain_T1w.nii.gz
  moving image: /home/mdugre/scratch/mri-registration-rp/datasets/ds004513/derivatives/mri-registration-rp/antsBrainExtraction/sub-s020/BrainExtractionBrain.nii.gz
Dimension = 3
Number of stages = 1
Use histogram matching = false
Winsorize image intensities = true
  Lower quantile = 0.005
  Upper quantile = 0.995


Stage 1 State
   Image metric = MattesMI
     Fixed image = Image (0x45e31e0)
  RTTI typeinfo:   itk::Image<double, 3u>
  Reference Count: 2
  Modified Time: 1578
  Debug: Off
  Object Name: 
  Observers: 
    none
  Source: (none)
  Source output name: (none)
  Release Data: Off
  Data Released: False
  Global Release Data: Off
  PipelineMTime: 0
  UpdateMTime: 1189
  RealTimeStamp: 0 seconds 
  LargestPossibleRegion: 
    Dimension: 3
    Index: [0, 0, 0]
    Size: [193, 229, 193]
  BufferedRegion: 
    Dimension: 3
    Index: [0, 0, 0]
    Size: [193, 229, 193]
  RequestedRegion: 
    Dimension: 3
    Index: [0, 0, 0]
    Size: [193, 229, 193]
  Spacing: [1, 1, 1]
  Origin: [96, 132, -78]
  Direction: 
-1 0 0
0 -1 0
0 0 1

  IndexToPointMatrix: 
-1 0 0
0 -1 0
0 0 1

  PointToIndexMatrix: 
-1 0 0
0 -1 0
0 0 1

  Inverse Direction: 
-1 0 0
0 -1 0
0 0 1

  PixelContainer: 
    ImportImageContainer (0x46a2680)
      RTTI typeinfo:   itk::ImportImageContainer<unsigned long, double>
      Reference Count: 1
      Modified Time: 1186
      Debug: Off
      Object Name: 
      Observers: 
        none
      Pointer: 0x151c7226d010
      Container manages memory: true
      Size: 8530021
      Capacity: 8530021

     Moving image = Image (0x469eb20)
  RTTI typeinfo:   itk::Image<double, 3u>
  Reference Count: 2
  Modified Time: 1579
  Debug: Off
  Object Name: 
  Observers: 
    none
  Source: (none)
  Source output name: (none)
  Release Data: Off
  Data Released: False
  Global Release Data: Off
  PipelineMTime: 0
  UpdateMTime: 1576
  RealTimeStamp: 0 seconds 
  LargestPossibleRegion: 
    Dimension: 3
    Index: [0, 0, 0]
    Size: [160, 240, 256]
  BufferedRegion: 
    Dimension: 3
    Index: [0, 0, 0]
    Size: [160, 240, 256]
  RequestedRegion: 
    Dimension: 3
    Index: [0, 0, 0]
    Size: [160, 240, 256]
  Spacing: [1, 1, 1]
  Origin: [87.0625, 98.75, -152.375]
  Direction: 
-0.99707 0.026123 -0.0731812
-0.0260773 -0.999512 -0.00191402
-0.0731812 0 0.99707

  IndexToPointMatrix: 
-0.99707 0.026123 -0.0731812
-0.0260773 -0.999512 -0.00191402
-0.0731812 0 0.99707

  PointToIndexMatrix: 
-0.99707 -0.0260773 -0.0731812
0.0261536 -0.999512 1.90735e-06
-0.0732422 -0.00191402 0.998535

  Inverse Direction: 
-0.99707 -0.0260773 -0.0731812
0.0261536 -0.999512 1.90735e-06
-0.0732422 -0.00191402 0.998535

  PixelContainer: 
    ImportImageContainer (0x4707d50)
      RTTI typeinfo:   itk::ImportImageContainer<unsigned long, double>
      Reference Count: 1
      Modified Time: 1573
      Debug: Off
      Object Name: 
      Observers: 
        none
      Pointer: 0x151c6d76c010
      Container manages memory: true
      Size: 9830400
      Capacity: 9830400

     Weighting = 1
     Sampling strategy = regular
     Number of bins = 32
     Radius = 4
     Sampling percentage  = 0.25
   Transform = Rigid
     Gradient step = 0.1
     Update field sigma (voxel space) = 0
     Total field sigma (voxel space) = 0
     Update field time sigma = 0
     Total field time sigma  = 0
     Number of time indices = 0
     Number of time point samples = 0
Registration using 1 total stages.

Stage 0
  iterations = 1000x500x250x100
  convergence threshold = 1e-06
  convergence window size = 10
  number of levels = 4
  using the Mattes MI metric (number of bins = 32, weight = 1, use gradient filter = 0)
  preprocessing:  winsorizing the image intensities
  Shrink factors (level 1 out of 4): [8, 8, 8]
  Shrink factors (level 2 out of 4): [4, 4, 4]
  Shrink factors (level 3 out of 4): [2, 2, 2]
  Shrink factors (level 4 out of 4): [1, 1, 1]
  smoothing sigmas per level: [3, 2, 1, 0]
  regular sampling (percentage = 0.25)

*** Running Euler3DTransform registration ***

DIAGNOSTIC,Iteration,metricValue,convergenceValue,ITERATION_TIME_INDEX,SINCE_LAST
 2DIAGNOSTIC,     1, -3.796259401896e-01, 1.797693134862e+308, 0.0000e+00, 0.0000e+00, 
 2DIAGNOSTIC,     2, -3.799384927475e-01, 1.797693134862e+308, 0.0000e+00, 0.0000e+00, 
 2DIAGNOSTIC,     3, -3.801844446143e-01, 1.797693134862e+308, 0.0000e+00, 0.0000e+00, 
 2DIAGNOSTIC,     4, -3.803973943670e-01, 1.797693134862e+308, 0.0000e+00, 0.0000e+00, 
 2DIAGNOSTIC,     5, -3.805526057745e-01, 1.797693134862e+308, 0.0000e+00, 0.0000e+00, 
 2DIAGNOSTIC,     6, -3.810661250560e-01, 1.797693134862e+308, 0.0000e+00, 0.0000e+00, 
 2DIAGNOSTIC,     7, -3.812547597143e-01, 1.797693134862e+308, 0.0000e+00, 0.0000e+00, 
 2DIAGNOSTIC,     8, -3.819464742166e-01, 1.797693134862e+308, 0.0000e+00, 0.0000e+00, 
 2DIAGNOSTIC,     9, -3.823129112461e-01, 1.797693134862e+308, 0.0000e+00, 0.0000e+00, 
 2DIAGNOSTIC,    10, -3.823789949938e-01, 4.886704364570e-04, 0.0000e+00, 0.0000e+00, 
 2DIAGNOSTIC,    11, -3.824669210247e-01, 4.388386746884e-04, 0.0000e+00, 0.0000e+00, 
 2DIAGNOSTIC,    12, -3.826496273705e-01, 3.884424571158e-04, 0.0000e+00, 0.0000e+00, 
 2DIAGNOSTIC,    13, -3.832721192730e-01, 3.597655851826e-04, 0.0000e+00, 0.0000e+00, 
 2DIAGNOSTIC,    14, -3.838698836171e-01, 3.446674921368e-04, 0.0000e+00, 0.0000e+00, 
 2DIAGNOSTIC,    15, -3.846562414829e-01, 3.463055543923e-04, 0.0000e+00, 0.0000e+00, 
 2DIAGNOSTIC,    16, -3.856827572744e-01, 3.876234098869e-04, 0.0000e+00, 0.0000e+00, 
 2DIAGNOSTIC,    17, -3.878693557188e-01, 4.907868443742e-04, 0.0000e+00, 0.0000e+00, 
 2DIAGNOSTIC,    18, -3.942798772455e-01, 8.268937867275e-04, 0.0000e+00, 0.0000e+00, 
 2DIAGNOSTIC,    19, -4.033672918265e-01, 1.411033550023e-03, 0.0000e+00, 0.0000e+00, 
 2DIAGNOSTIC,    20, -4.172147105706e-01, 2.306784661538e-03, 0.0000e+00, 0.0000e+00, 
 2DIAGNOSTIC,    21, -4.423094886888e-01, 3.758202388336e-03, 0.0000e+00, 0.0000e+00, 
 2DIAGNOSTIC,    22, -5.110489769694e-01, 6.919010457329e-03, 0.0000e+00, 0.0000e+00, 
 2DIAGNOSTIC,    23, -5.145546499065e-01, 9.163734577018e-03, 0.0000e+00, 0.0000e+00, 
 2DIAGNOSTIC,    24, -5.160158446650e-01, 1.040808308593e-02, 0.0000e+00, 0.0000e+00, 
 2DIAGNOSTIC,    25, -5.162304379761e-01, 1.061139176950e-02, 0.0000e+00, 0.0000e+00, 
 2DIAGNOSTIC,    26, -5.160110227766e-01, 9.815862025318e-03, 0.0000e+00, 0.0000e+00, 
 2DIAGNOSTIC,    27, -5.160987230111e-01, 8.206477012343e-03, 0.0000e+00, 0.0000e+00, 
 2DIAGNOSTIC,    28, -5.157701823622e-01, 6.118295769586e-03, 0.0000e+00, 0.0000e+00, 
 2DIAGNOSTIC,    29, -5.161352823990e-01, 3.873732551484e-03, 0.0000e+00, 0.0000e+00, 
 2DIAGNOSTIC,    30, -5.160384493153e-01, 1.755653395085e-03, 0.0000e+00, 0.0000e+00, 
 2DIAGNOSTIC,    31, -5.162182101156e-01, 1.355700268907e-04, 0.0000e+00, 0.0000e+00, 
 2DIAGNOSTIC,    32, -5.161432334973e-01, 3.358818289524e-05, 0.0000e+00, 0.0000e+00, 
DIAGNOSTIC,Iteration,metricValue,convergenceValue,ITERATION_TIME_INDEX,SINCE_LAST
 2DIAGNOSTIC,     1, -4.094558645008e-01, 1.797693134862e+308, 0.0000e+00, 0.0000e+00, 
 2DIAGNOSTIC,     2, -4.099065828734e-01, 1.797693134862e+308, 0.0000e+00, 0.0000e+00, 
 2DIAGNOSTIC,     3, -4.098422200406e-01, 1.797693134862e+308, 0.0000e+00, 0.0000e+00, 
 2DIAGNOSTIC,     4, -4.102076687925e-01, 1.797693134862e+308, 0.0000e+00, 0.0000e+00, 
 2DIAGNOSTIC,     5, -4.102449319885e-01, 1.797693134862e+308, 0.0000e+00, 0.0000e+00, 
 2DIAGNOSTIC,     6, -4.104002828427e-01, 1.797693134862e+308, 0.0000e+00, 0.0000e+00, 
 2DIAGNOSTIC,     7, -4.099891130919e-01, 1.797693134862e+308, 0.0000e+00, 0.0000e+00, 
 2DIAGNOSTIC,     8, -4.106514715355e-01, 1.797693134862e+308, 0.0000e+00, 0.0000e+00, 
 2DIAGNOSTIC,     9, -4.109078820083e-01, 1.797693134862e+308, 0.0000e+00, 0.0000e+00, 
 2DIAGNOSTIC,    10, -4.114700957091e-01, 2.342143356300e-04, 0.0000e+00, 0.0000e+00, 
 2DIAGNOSTIC,    11, -4.117760168504e-01, 2.458192910162e-04, 0.0000e+00, 0.0000e+00, 
 2DIAGNOSTIC,    12, -4.127942932541e-01, 3.189287088198e-04, 0.0000e+00, 0.0000e+00, 
 2DIAGNOSTIC,    13, -4.136322252352e-01, 3.911877234137e-04, 0.0000e+00, 0.0000e+00, 
 2DIAGNOSTIC,    14, -4.150878324647e-01, 5.063255460865e-04, 0.0000e+00, 0.0000e+00, 
 2DIAGNOSTIC,    15, -4.164642278502e-01, 6.235586596440e-04, 0.0000e+00, 0.0000e+00, 
 2DIAGNOSTIC,    16, -4.181663013803e-01, 7.489943090644e-04, 0.0000e+00, 0.0000e+00, 
 2DIAGNOSTIC,    17, -4.205961501440e-01, 8.706231851091e-04, 0.0000e+00, 0.0000e+00, 
 2DIAGNOSTIC,    18, -4.226460433956e-01, 9.998631948416e-04, 0.0000e+00, 0.0000e+00, 
 2DIAGNOSTIC,    19, -4.228643804656e-01, 1.038691722464e-03, 0.0000e+00, 0.0000e+00, 
 2DIAGNOSTIC,    20, -4.230500775941e-01, 1.004193934057e-03, 0.0000e+00, 0.0000e+00, 
 2DIAGNOSTIC,    21, -4.229622594919e-01, 8.864757496732e-04, 0.0000e+00, 0.0000e+00, 
 2DIAGNOSTIC,    22, -4.229419070072e-01, 7.271032508906e-04, 0.0000e+00, 0.0000e+00, 
 2DIAGNOSTIC,    23, -4.229340765614e-01, 5.374008102644e-04, 0.0000e+00, 0.0000e+00, 
 2DIAGNOSTIC,    24, -4.232630494735e-01, 3.645289101186e-04, 0.0000e+00, 0.0000e+00, 
 2DIAGNOSTIC,    25, -4.232595754878e-01, 2.090763216810e-04, 0.0000e+00, 0.0000e+00, 
 2DIAGNOSTIC,    26, -4.232655360746e-01, 9.005840311781e-05, 0.0000e+00, 0.0000e+00, 
 2DIAGNOSTIC,    27, -4.232422790159e-01, 3.116770429371e-05, 0.0000e+00, 0.0000e+00, 
 2DIAGNOSTIC,    28, -4.232367891045e-01, 2.329247049410e-05, 0.0000e+00, 0.0000e+00, 
 2DIAGNOSTIC,    29, -4.232487088150e-01, 1.888978399583e-05, 0.0000e+00, 0.0000e+00, 
 2DIAGNOSTIC,    30, -4.231962720543e-01, 1.603429471900e-05, 0.0000e+00, 0.0000e+00, 
 2DIAGNOSTIC,    31, -4.232055706291e-01, 1.028417972702e-05, 0.0000e+00, 0.0000e+00, 
 2DIAGNOSTIC,    32, -4.232043451658e-01, 3.548213176864e-06, 0.0000e+00, 0.0000e+00, 
DIAGNOSTIC,Iteration,metricValue,convergenceValue,ITERATION_TIME_INDEX,SINCE_LAST
 2DIAGNOSTIC,     1, -3.608305394307e-01, 1.797693134862e+308, 0.0000e+00, 0.0000e+00, 
 2DIAGNOSTIC,     2, -3.608548632139e-01, 1.797693134862e+308, 0.0000e+00, 0.0000e+00, 
 2DIAGNOSTIC,     3, -3.608599738630e-01, 1.797693134862e+308, 0.0000e+00, 0.0000e+00, 
 2DIAGNOSTIC,     4, -3.608579037345e-01, 1.797693134862e+308, 0.0000e+00, 0.0000e+00, 
 2DIAGNOSTIC,     5, -3.608576454543e-01, 1.797693134862e+308, 0.0000e+00, 0.0000e+00, 
 2DIAGNOSTIC,     6, -3.608560962986e-01, 1.797693134862e+308, 0.0000e+00, 0.0000e+00, 
 2DIAGNOSTIC,     7, -3.608539092632e-01, 1.797693134862e+308, 0.0000e+00, 0.0000e+00, 
 2DIAGNOSTIC,     8, -3.608537850416e-01, 1.797693134862e+308, 0.0000e+00, 0.0000e+00, 
 2DIAGNOSTIC,     9, -3.608533950037e-01, 1.797693134862e+308, 0.0000e+00, 0.0000e+00, 
 2DIAGNOSTIC,    10, -3.608525653322e-01, 1.117433514941e-06, 0.0000e+00, 0.0000e+00, 
DIAGNOSTIC,Iteration,metricValue,convergenceValue,ITERATION_TIME_INDEX,SINCE_LAST
 2DIAGNOSTIC,     1, -3.317648620332e-01, 1.797693134862e+308, 0.0000e+00, 0.0000e+00, 
 2DIAGNOSTIC,     2, -3.317014987569e-01, 1.797693134862e+308, 0.0000e+00, 0.0000e+00, 
 2DIAGNOSTIC,     3, -3.318131861694e-01, 1.797693134862e+308, 0.0000e+00, 0.0000e+00, 
 2DIAGNOSTIC,     4, -3.319039694192e-01, 1.797693134862e+308, 0.0000e+00, 0.0000e+00, 
 2DIAGNOSTIC,     5, -3.319618133091e-01, 1.797693134862e+308, 0.0000e+00, 0.0000e+00, 
 2DIAGNOSTIC,     6, -3.319915037069e-01, 1.797693134862e+308, 0.0000e+00, 0.0000e+00, 
 2DIAGNOSTIC,     7, -3.321790162170e-01, 1.797693134862e+308, 0.0000e+00, 0.0000e+00, 
 2DIAGNOSTIC,     8, -3.321891400114e-01, 1.797693134862e+308, 0.0000e+00, 0.0000e+00, 
 2DIAGNOSTIC,     9, -3.321763776115e-01, 1.797693134862e+308, 0.0000e+00, 0.0000e+00, 
 2DIAGNOSTIC,    10, -3.321786785735e-01, 1.049529896533e-04, 0.0000e+00, 0.0000e+00, 
 2DIAGNOSTIC,    11, -3.321842972247e-01, 8.798122513017e-05, 0.0000e+00, 0.0000e+00, 
 2DIAGNOSTIC,    12, -3.321749890903e-01, 6.041448094693e-05, 0.0000e+00, 0.0000e+00, 
 2DIAGNOSTIC,    13, -3.321740421347e-01, 3.880857750155e-05, 0.0000e+00, 0.0000e+00, 
 2DIAGNOSTIC,    14, -3.321739090668e-01, 2.242436106771e-05, 0.0000e+00, 0.0000e+00, 
 2DIAGNOSTIC,    15, -3.321711358728e-01, 9.403427320809e-06, 0.0000e+00, 0.0000e+00, 
  Elapsed time (stage 0): 0.0000e+00


Total elapsed time: 0.0000e+00
Info [verificarlo]: loaded backend libinterflop_ieee.so
Info [interflop-ieee]: load backend with:
Info [interflop-ieee]: debug = false
Info [interflop-ieee]: debug-binary = false
Info [interflop-ieee]: no-backend-name = false
Info [interflop-ieee]: print-new-line = false
Info [interflop-ieee]: print-subnormal-normalized = false
Info [interflop-ieee]: count-op = false
All_Command_lines_OK
Using double precision for computations.
=============================================================================
The composite transform comprises the following transforms (in order): 
  1. /home/mdugre/scratch/mri-registration-rp/datasets/ds004513/derivatives/mri-registration-rp/0100/antsRegistration-r8-p10/sub-s020/rigid_Composite.h5[0] (type = Euler3DTransform)
  2. /home/mdugre/scratch/mri-registration-rp/datasets/ds004513/derivatives/mri-registration-rp/0100/antsRegistration-r8-p10/sub-s020/rigid_Composite.h5[1] (type = Euler3DTransform)
  3. /home/mdugre/scratch/mri-registration-rp/datasets/ds004513/derivatives/mri-registration-rp/0100/antsRegistration-r8-p10/sub-s020/rigid_Composite.h5[2] (type = Euler3DTransform)
=============================================================================
  number of levels = 4
  fixed image: /templateflow/tpl-MNI152NLin2009cAsym/tpl-MNI152NLin2009cAsym_res-01_desc-brain_T1w.nii.gz
  moving image: /home/mdugre/scratch/mri-registration-rp/datasets/ds004513/derivatives/mri-registration-rp/antsBrainExtraction/sub-s020/BrainExtractionBrain.nii.gz
Dimension = 3
Number of stages = 1
Use histogram matching = false
Winsorize image intensities = true
  Lower quantile = 0.005
  Upper quantile = 0.995


Stage 1 State
   Image metric = MattesMI
     Fixed image = Image (0x3d1d7e0)
  RTTI typeinfo:   itk::Image<double, 3u>
  Reference Count: 2
  Modified Time: 1594
  Debug: Off
  Object Name: 
  Observers: 
    none
  Source: (none)
  Source output name: (none)
  Release Data: Off
  Data Released: False
  Global Release Data: Off
  PipelineMTime: 0
  UpdateMTime: 1203
  RealTimeStamp: 0 seconds 
  LargestPossibleRegion: 
    Dimension: 3
    Index: [0, 0, 0]
    Size: [193, 229, 193]
  BufferedRegion: 
    Dimension: 3
    Index: [0, 0, 0]
    Size: [193, 229, 193]
  RequestedRegion: 
    Dimension: 3
    Index: [0, 0, 0]
    Size: [193, 229, 193]
  Spacing: [1, 1, 1]
  Origin: [96, 132, -78]
  Direction: 
-1 0 0
0 -1 0
0 0 1

  IndexToPointMatrix: 
-1 0 0
0 -1 0
0 0 1

  PointToIndexMatrix: 
-1 0 0
0 -1 0
0 0 1

  Inverse Direction: 
-1 0 0
0 -1 0
0 0 1

  PixelContainer: 
    ImportImageContainer (0x3ddda20)
      RTTI typeinfo:   itk::ImportImageContainer<unsigned long, double>
      Reference Count: 1
      Modified Time: 1200
      Debug: Off
      Object Name: 
      Observers: 
        none
      Pointer: 0x14b331bc1010
      Container manages memory: true
      Size: 8530021
      Capacity: 8530021

     Moving image = Image (0x3d92e20)
  RTTI typeinfo:   itk::Image<double, 3u>
  Reference Count: 2
  Modified Time: 1595
  Debug: Off
  Object Name: 
  Observers: 
    none
  Source: (none)
  Source output name: (none)
  Release Data: Off
  Data Released: False
  Global Release Data: Off
  PipelineMTime: 0
  UpdateMTime: 1592
  RealTimeStamp: 0 seconds 
  LargestPossibleRegion: 
    Dimension: 3
    Index: [0, 0, 0]
    Size: [160, 240, 256]
  BufferedRegion: 
    Dimension: 3
    Index: [0, 0, 0]
    Size: [160, 240, 256]
  RequestedRegion: 
    Dimension: 3
    Index: [0, 0, 0]
    Size: [160, 240, 256]
  Spacing: [0.999995, 1, 1]
  Origin: [87.0906, 98.7205, -152.377]
  Direction: 
-0.996975 0.0261379 -0.0731913
-0.0260677 -0.999658 -0.00191374
-0.0732163 -2.46403e-08 0.997316

  IndexToPointMatrix: 
-0.996971 0.0261379 -0.0731913
-0.0260676 -0.999658 -0.00191374
-0.0732159 -2.46403e-08 0.997316

  PointToIndexMatrix: 
-0.99698 -0.0260679 -0.0732166
0.0261379 -0.999658 -2.46993e-08
-0.0731913 -0.00191374 0.997316

  Inverse Direction: 
-0.996975 -0.0260677 -0.0732163
0.0261379 -0.999658 -2.46993e-08
-0.0731913 -0.00191374 0.997316

  PixelContainer: 
    ImportImageContainer (0x3e2c550)
      RTTI typeinfo:   itk::ImportImageContainer<unsigned long, double>
      Reference Count: 1
      Modified Time: 1589
      Debug: Off
      Object Name: 
      Observers: 
        none
      Pointer: 0x14b32d0c0010
      Container manages memory: true
      Size: 9830400
      Capacity: 9830400

     Weighting = 1
     Sampling strategy = regular
     Number of bins = 32
     Radius = 4
     Sampling percentage  = 0.25
   Transform = Affine
     Gradient step = 0.1
     Update field sigma (voxel space) = 0
     Total field sigma (voxel space) = 0
     Update field time sigma = 0
     Total field time sigma  = 0
     Number of time indices = 0
     Number of time point samples = 0
Registration using 1 total stages.

Stage 0
  iterations = 1000x500x250x100
  convergence threshold = 1e-06
  convergence window size = 10
  number of levels = 4
  using the Mattes MI metric (number of bins = 32, weight = 1, use gradient filter = 0)
  preprocessing:  winsorizing the image intensities
  Shrink factors (level 1 out of 4): [8, 8, 8]
  Shrink factors (level 2 out of 4): [4, 4, 4]
  Shrink factors (level 3 out of 4): [2, 2, 2]
  Shrink factors (level 4 out of 4): [1, 1, 1]
  smoothing sigmas per level: [3, 2, 1, 0]
  regular sampling (percentage = 0.25)

*** Running AffineTransform registration ***

DIAGNOSTIC,Iteration,metricValue,convergenceValue,ITERATION_TIME_INDEX,SINCE_LAST
 2DIAGNOSTIC,     1, -5.148747762432e-01, 1.797693134862e+308, 1.0755e+00, 1.0755e+00, 
 2DIAGNOSTIC,     2, -5.166430470601e-01, 1.797693134862e+308, 1.0813e+00, 5.7700e-03, 
 2DIAGNOSTIC,     3, -5.194967197506e-01, 1.797693134862e+308, 1.0873e+00, 6.0451e-03, 
 2DIAGNOSTIC,     4, -5.237759293977e-01, 1.797693134862e+308, 1.0940e+00, 6.6371e-03, 
 2DIAGNOSTIC,     5, -5.301735214906e-01, 1.797693134862e+308, 1.1003e+00, 6.3920e-03, 
 2DIAGNOSTIC,     6, -5.398790527714e-01, 1.797693134862e+308, 1.1065e+00, 6.1641e-03, 
 2DIAGNOSTIC,     7, -5.579273595540e-01, 1.797693134862e+308, 1.1123e+00, 5.7790e-03, 
 2DIAGNOSTIC,     8, -5.995212211323e-01, 1.797693134862e+308, 1.1187e+00, 6.4521e-03, 
 2DIAGNOSTIC,     9, -7.168924439181e-01, 1.797693134862e+308, 1.1280e+00, 9.3021e-03, 
 2DIAGNOSTIC,    10, -7.368357672389e-01, 2.324073283693e-02, 1.1343e+00, 6.3028e-03, 
 2DIAGNOSTIC,    11, -7.524686757907e-01, 2.605717065225e-02, 1.1407e+00, 6.3910e-03, 
 2DIAGNOSTIC,    12, -7.860542292348e-01, 2.731315952759e-02, 1.1486e+00, 7.8261e-03, 
 2DIAGNOSTIC,    13, -8.000606661731e-01, 2.640616352845e-02, 1.1543e+00, 5.7762e-03, 
 2DIAGNOSTIC,    14, -8.134298545104e-01, 2.378506593050e-02, 1.1617e+00, 7.3140e-03, 
 2DIAGNOSTIC,    15, -8.245059560319e-01, 1.996243418933e-02, 1.1687e+00, 7.0200e-03, 
 2DIAGNOSTIC,    16, -8.458059437570e-01, 1.578039226551e-02, 1.1752e+00, 6.4800e-03, 
 2DIAGNOSTIC,    17, -8.480104175236e-01, 1.128055715181e-02, 1.1822e+00, 7.0450e-03, 
 2DIAGNOSTIC,    18, -8.496793715065e-01, 7.308898352204e-03, 1.1885e+00, 6.3140e-03, 
 2DIAGNOSTIC,    19, -8.504559220878e-01, 5.744599077082e-03, 1.1947e+00, 6.2089e-03, 
 2DIAGNOSTIC,    20, -8.513683890272e-01, 4.264941813189e-03, 1.2025e+00, 7.7648e-03, 
 2DIAGNOSTIC,    21, -8.533456011484e-01, 2.880572040136e-03, 1.2106e+00, 8.1429e-03, 
 2DIAGNOSTIC,    22, -8.564601634011e-01, 2.041269335701e-03, 1.2168e+00, 6.1820e-03, 
 2DIAGNOSTIC,    23, -8.576484416929e-01, 1.360759377565e-03, 1.2250e+00, 8.2181e-03, 
 2DIAGNOSTIC,    24, -8.582691181802e-01, 8.491776160481e-04, 1.2314e+00, 6.3229e-03, 
 2DIAGNOSTIC,    25, -8.582777918164e-01, 4.708482125495e-04, 1.2377e+00, 6.3288e-03, 
 2DIAGNOSTIC,    26, -8.584439791646e-01, 4.009364220998e-04, 1.2434e+00, 5.6770e-03, 
 2DIAGNOSTIC,    27, -8.585536342408e-01, 3.313768377125e-04, 1.2496e+00, 6.2461e-03, 
 2DIAGNOSTIC,    28, -8.584649690438e-01, 2.579623596995e-04, 1.2559e+00, 6.3150e-03, 
 2DIAGNOSTIC,    29, -8.586178891101e-01, 1.789459665189e-04, 1.2622e+00, 6.2551e-03, 
 2DIAGNOSTIC,    30, -8.585961314715e-01, 1.003684530654e-04, 1.2687e+00, 6.4950e-03, 
 2DIAGNOSTIC,    31, -8.585543904691e-01, 4.089069711988e-05, 1.2750e+00, 6.3210e-03, 
 2DIAGNOSTIC,    32, -8.584813389651e-01, 1.719266662442e-05, 1.2807e+00, 5.6789e-03, 
 2DIAGNOSTIC,    33, -8.584402436779e-01, 6.420172372283e-06, 1.2869e+00, 6.1982e-03, 
 2DIAGNOSTIC,    34, -8.585085658813e-01, 3.400636766127e-06, 1.2932e+00, 6.3069e-03, 
DIAGNOSTIC,Iteration,metricValue,convergenceValue,ITERATION_TIME_INDEX,SINCE_LAST
 2DIAGNOSTIC,     1, -7.180985680019e-01, 1.797693134862e+308, 2.0642e+00, 7.7100e-01, 
 2DIAGNOSTIC,     2, -7.189278752783e-01, 1.797693134862e+308, 2.1014e+00, 3.7231e-02, 
 2DIAGNOSTIC,     3, -7.193099107772e-01, 1.797693134862e+308, 2.1431e+00, 4.1740e-02, 
 2DIAGNOSTIC,     4, -7.192958736221e-01, 1.797693134862e+308, 2.2084e+00, 6.5268e-02, 
 2DIAGNOSTIC,     5, -7.193071768137e-01, 1.797693134862e+308, 2.2499e+00, 4.1469e-02, 
 2DIAGNOSTIC,     6, -7.192918628287e-01, 1.797693134862e+308, 2.2915e+00, 4.1570e-02, 
 2DIAGNOSTIC,     7, -7.192735200112e-01, 1.797693134862e+308, 2.3286e+00, 3.7187e-02, 
 2DIAGNOSTIC,     8, -7.192606395470e-01, 1.797693134862e+308, 2.3730e+00, 4.4318e-02, 
 2DIAGNOSTIC,     9, -7.192667576785e-01, 1.797693134862e+308, 2.4144e+00, 4.1441e-02, 
 2DIAGNOSTIC,    10, -7.192595847113e-01, 5.888580850234e-05, 2.4543e+00, 3.9901e-02, 
 2DIAGNOSTIC,    11, -7.192416886023e-01, 1.096380418379e-05, 2.4911e+00, 3.6817e-02, 
DIAGNOSTIC,Iteration,metricValue,convergenceValue,ITERATION_TIME_INDEX,SINCE_LAST
 2DIAGNOSTIC,     1, -5.957570963329e-01, 1.797693134862e+308, 3.6623e+00, 1.1712e+00, 
 2DIAGNOSTIC,     2, -5.960582941319e-01, 1.797693134862e+308, 3.9923e+00, 3.3005e-01, 
 2DIAGNOSTIC,     3, -5.962675941256e-01, 1.797693134862e+308, 4.3368e+00, 3.4450e-01, 
 2DIAGNOSTIC,     4, -5.964747594127e-01, 1.797693134862e+308, 4.6641e+00, 3.2730e-01, 
 2DIAGNOSTIC,     5, -5.968284014940e-01, 1.797693134862e+308, 5.0892e+00, 4.2512e-01, 
 2DIAGNOSTIC,     6, -5.970471538216e-01, 1.797693134862e+308, 5.4531e+00, 3.6387e-01, 
 2DIAGNOSTIC,     7, -5.971868640901e-01, 1.797693134862e+308, 5.9655e+00, 5.1239e-01, 
 2DIAGNOSTIC,     8, -5.972021034743e-01, 1.797693134862e+308, 6.3738e+00, 4.0828e-01, 
 2DIAGNOSTIC,     9, -5.972125232986e-01, 1.797693134862e+308, 6.7188e+00, 3.4498e-01, 
 2DIAGNOSTIC,    10, -5.972156144717e-01, 1.694790478711e-04, 7.1568e+00, 4.3801e-01, 
 2DIAGNOSTIC,    11, -5.972259622321e-01, 1.202841658389e-04, 7.5736e+00, 4.1680e-01, 
 2DIAGNOSTIC,    12, -5.972214865508e-01, 8.050244604255e-05, 8.1304e+00, 5.5683e-01, 
 2DIAGNOSTIC,    13, -5.972190448937e-01, 4.744367731882e-05, 8.6105e+00, 4.8010e-01, 
 2DIAGNOSTIC,    14, -5.972178172807e-01, 2.184832152424e-05, 9.0382e+00, 4.2770e-01, 
 2DIAGNOSTIC,    15, -5.972158612958e-01, 8.900236802153e-06, 9.5146e+00, 4.7640e-01, 
 2DIAGNOSTIC,    16, -5.972140687119e-01, 3.292607255248e-06, 9.9583e+00, 4.4371e-01, 
 2DIAGNOSTIC,    17, -5.972143449604e-01, 2.139831675046e-06, 1.0348e+01, 3.8963e-01, 
 2DIAGNOSTIC,    18, -5.972133776329e-01, 1.465548413723e-06, 1.0661e+01, 3.1269e-01, 
 2DIAGNOSTIC,    19, -5.972125980245e-01, 1.131918052691e-06, 1.1003e+01, 3.4194e-01, 
DIAGNOSTIC,Iteration,metricValue,convergenceValue,ITERATION_TIME_INDEX,SINCE_LAST
 2DIAGNOSTIC,     1, -5.292285768519e-01, 1.797693134862e+308, 1.4255e+01, 3.2529e+00, 
 2DIAGNOSTIC,     2, -5.295924498349e-01, 1.797693134862e+308, 1.6253e+01, 1.9979e+00, 
 2DIAGNOSTIC,     3, -5.299179055536e-01, 1.797693134862e+308, 1.8229e+01, 1.9757e+00, 
 2DIAGNOSTIC,     4, -5.302479874479e-01, 1.797693134862e+308, 2.0336e+01, 2.1069e+00, 
 2DIAGNOSTIC,     5, -5.306392068407e-01, 1.797693134862e+308, 2.4327e+01, 3.9914e+00, 
 2DIAGNOSTIC,     6, -5.306379155717e-01, 1.797693134862e+308, 2.7287e+01, 2.9598e+00, 
 2DIAGNOSTIC,     7, -5.306380209534e-01, 1.797693134862e+308, 2.9503e+01, 2.2159e+00, 
 2DIAGNOSTIC,     8, -5.306368479821e-01, 1.797693134862e+308, 3.1701e+01, 2.1976e+00, 
 2DIAGNOSTIC,     9, -5.306371254668e-01, 1.797693134862e+308, 3.3933e+01, 2.2319e+00, 
 2DIAGNOSTIC,    10, -5.306369229598e-01, 1.643785967493e-04, 3.6533e+01, 2.6009e+00, 
 2DIAGNOSTIC,    11, -5.306369361407e-01, 9.764396458968e-05, 3.8724e+01, 2.1904e+00, 
 2DIAGNOSTIC,    12, -5.306368986397e-01, 4.983734824812e-05, 4.0624e+01, 1.8999e+00, 
 2DIAGNOSTIC,    13, -5.306365355946e-01, 1.833400348117e-05, 4.2731e+01, 2.1078e+00, 
 2DIAGNOSTIC,    14, -5.306366662256e-01, 2.099967902611e-06, 4.4981e+01, 2.2500e+00, 
 2DIAGNOSTIC,    15, -5.306366652225e-01, 2.023129332188e-06, 4.7102e+01, 2.1207e+00, 
 2DIAGNOSTIC,    16, -5.306372279219e-01, 1.939984898933e-06, 5.0063e+01, 2.9610e+00, 
 2DIAGNOSTIC,    17, -5.306371535088e-01, 1.872792946139e-06, 5.2137e+01, 2.0736e+00, 
 2DIAGNOSTIC,    18, -5.306370790210e-01, 1.775988456826e-06, 5.4064e+01, 1.9272e+00, 
 2DIAGNOSTIC,    19, -5.306370423323e-01, 1.695837148222e-06, 5.6235e+01, 2.1712e+00, 
 2DIAGNOSTIC,    20, -5.306371348563e-01, 1.618523345411e-06, 5.8417e+01, 2.1817e+00, 
 2DIAGNOSTIC,    21, -5.306368059359e-01, 1.537584379915e-06, 6.0685e+01, 2.2685e+00, 
 2DIAGNOSTIC,    22, -5.306367202289e-01, 1.459438330430e-06, 6.3154e+01, 2.4681e+00, 
 2DIAGNOSTIC,    23, -5.306366345084e-01, 1.376576438165e-06, 6.5059e+01, 1.9049e+00, 
 2DIAGNOSTIC,    24, -5.306365788793e-01, 1.302988904293e-06, 6.6825e+01, 1.7668e+00, 
 2DIAGNOSTIC,    25, -5.306367038267e-01, 1.239673340522e-06, 6.8839e+01, 2.0141e+00, 
 2DIAGNOSTIC,    26, -5.306367524762e-01, 1.196946974258e-06, 7.0796e+01, 1.9565e+00, 
 2DIAGNOSTIC,    27, -5.306365750025e-01, 1.155022816515e-06, 7.2787e+01, 1.9916e+00, 
 2DIAGNOSTIC,    28, -5.306367294739e-01, 1.119956587296e-06, 7.4802e+01, 2.0143e+00, 
 2DIAGNOSTIC,    29, -5.306364405739e-01, 1.082602153112e-06, 7.7494e+01, 2.6927e+00, 
 2DIAGNOSTIC,    30, -5.306363317779e-01, 1.049040317724e-06, 7.9796e+01, 2.3017e+00, 
 2DIAGNOSTIC,    31, -5.306362105167e-01, 1.010991073615e-06, 8.1893e+01, 2.0971e+00, 
  Elapsed time (stage 0): 8.3161e+01


Total elapsed time: 8.3163e+01
Info [verificarlo]: loaded backend libinterflop_ieee.so
Info [interflop-ieee]: load backend with:
Info [interflop-ieee]: debug = false
Info [interflop-ieee]: debug-binary = false
Info [interflop-ieee]: no-backend-name = false
Info [interflop-ieee]: print-new-line = false
Info [interflop-ieee]: print-subnormal-normalized = false
Info [interflop-ieee]: count-op = false
All_Command_lines_OK
Using double precision for computations.
=============================================================================
The composite transform comprises the following transforms (in order): 
  1. /home/mdugre/scratch/mri-registration-rp/datasets/ds004513/derivatives/mri-registration-rp/0100/antsRegistration-r8-p10/sub-s020/affine_Composite.h5[0] (type = Euler3DTransform)
  2. /home/mdugre/scratch/mri-registration-rp/datasets/ds004513/derivatives/mri-registration-rp/0100/antsRegistration-r8-p10/sub-s020/affine_Composite.h5[1] (type = Euler3DTransform)
  3. /home/mdugre/scratch/mri-registration-rp/datasets/ds004513/derivatives/mri-registration-rp/0100/antsRegistration-r8-p10/sub-s020/affine_Composite.h5[2] (type = Euler3DTransform)
  4. /home/mdugre/scratch/mri-registration-rp/datasets/ds004513/derivatives/mri-registration-rp/0100/antsRegistration-r8-p10/sub-s020/affine_Composite.h5[3] (type = AffineTransform)
=============================================================================
  number of levels = 4
  fixed image: /templateflow/tpl-MNI152NLin2009cAsym/tpl-MNI152NLin2009cAsym_res-01_desc-brain_T1w.nii.gz
  moving image: /home/mdugre/scratch/mri-registration-rp/datasets/ds004513/derivatives/mri-registration-rp/antsBrainExtraction/sub-s020/BrainExtractionBrain.nii.gz
Dimension = 3
Number of stages = 1
Use histogram matching = false
Winsorize image intensities = true
  Lower quantile = 0.005
  Upper quantile = 0.995


Stage 1 State
   Image metric = CC
     Fixed image = Image (0x427ca40)
  RTTI typeinfo:   itk::Image<double, 3u>
  Reference Count: 2
  Modified Time: 1608
  Debug: Off
  Object Name: 
  Observers: 
    none
  Source: (none)
  Source output name: (none)
  Release Data: Off
  Data Released: False
  Global Release Data: Off
  PipelineMTime: 0
  UpdateMTime: 1217
  RealTimeStamp: 0 seconds 
  LargestPossibleRegion: 
    Dimension: 3
    Index: [0, 0, 0]
    Size: [193, 229, 193]
  BufferedRegion: 
    Dimension: 3
    Index: [0, 0, 0]
    Size: [193, 229, 193]
  RequestedRegion: 
    Dimension: 3
    Index: [0, 0, 0]
    Size: [193, 229, 193]
  Spacing: [1, 1, 1]
  Origin: [96, 132, -78]
  Direction: 
-1 0 0
0 -1 0
0 0 1

  IndexToPointMatrix: 
-1 0 0
0 -1 0
0 0 1

  PointToIndexMatrix: 
-1 0 0
0 -1 0
0 0 1

  Inverse Direction: 
-1 0 0
0 -1 0
0 0 1

  PixelContainer: 
    ImportImageContainer (0x434b780)
      RTTI typeinfo:   itk::ImportImageContainer<unsigned long, double>
      Reference Count: 1
      Modified Time: 1214
      Debug: Off
      Object Name: 
      Observers: 
        none
      Pointer: 0x153451f16010
      Container manages memory: true
      Size: 8530021
      Capacity: 8530021

     Moving image = Image (0x434d390)
  RTTI typeinfo:   itk::Image<double, 3u>
  Reference Count: 2
  Modified Time: 1609
  Debug: Off
  Object Name: 
  Observers: 
    none
  Source: (none)
  Source output name: (none)
  Release Data: Off
  Data Released: False
  Global Release Data: Off
  PipelineMTime: 0
  UpdateMTime: 1606
  RealTimeStamp: 0 seconds 
  LargestPossibleRegion: 
    Dimension: 3
    Index: [0, 0, 0]
    Size: [160, 240, 256]
  BufferedRegion: 
    Dimension: 3
    Index: [0, 0, 0]
    Size: [160, 240, 256]
  RequestedRegion: 
    Dimension: 3
    Index: [0, 0, 0]
    Size: [160, 240, 256]
  Spacing: [0.999995, 1, 1]
  Origin: [87.0906, 98.7205, -152.377]
  Direction: 
-0.996975 0.0261379 -0.0731913
-0.0260677 -0.999658 -0.00191374
-0.0732163 -2.46403e-08 0.997316

  IndexToPointMatrix: 
-0.996971 0.0261379 -0.0731913
-0.0260676 -0.999658 -0.00191374
-0.0732159 -2.46403e-08 0.997316

  PointToIndexMatrix: 
-0.99698 -0.0260679 -0.0732166
0.0261379 -0.999658 -2.46993e-08
-0.0731913 -0.00191374 0.997316

  Inverse Direction: 
-0.996975 -0.0260677 -0.0732163
0.0261379 -0.999658 -2.46993e-08
-0.0731913 -0.00191374 0.997316

  PixelContainer: 
    ImportImageContainer (0x43026f0)
      RTTI typeinfo:   itk::ImportImageContainer<unsigned long, double>
      Reference Count: 1
      Modified Time: 1603
      Debug: Off
      Object Name: 
      Observers: 
        none
      Pointer: 0x15344d415010
      Container manages memory: true
      Size: 9830400
      Capacity: 9830400

     Weighting = 1
     Sampling strategy = none
     Number of bins = 32
     Radius = 4
     Sampling percentage  = 1
   Transform = SyN
     Gradient step = 0.1
     Update field sigma (voxel space) = 3
     Total field sigma (voxel space) = 0
     Update field time sigma = 0
     Total field time sigma  = 0
     Number of time indices = 0
     Number of time point samples = 0
Registration using 1 total stages.

Stage 0
  iterations = 100x70x50x20
  convergence threshold = 1e-06
  convergence window size = 10
  number of levels = 4
  using the CC metric (radius = 4, weight = 1, use gradient filter = 0)
  preprocessing:  winsorizing the image intensities
  Shrink factors (level 1 out of 4): [8, 8, 8]
  Shrink factors (level 2 out of 4): [4, 4, 4]
  Shrink factors (level 3 out of 4): [2, 2, 2]
  Shrink factors (level 4 out of 4): [1, 1, 1]
  smoothing sigmas per level: [3, 2, 1, 0]
  Using default NONE metricSamplingStrategy 

*** Running SyN registration (varianceForUpdateField = 3, varianceForTotalField = 0) ***

XXDIAGNOSTIC,Iteration,metricValue,convergenceValue,ITERATION_TIME_INDEX,SINCE_LAST
 1DIAGNOSTIC,     1, -9.047317154369e-01, 1.797693134862e+308, 1.5467e+00, 1.5467e+00, 
 1DIAGNOSTIC,     2, -9.120728269296e-01, 1.797693134862e+308, 1.9161e+00, 3.6940e-01, 
 1DIAGNOSTIC,     3, -9.173935402240e-01, 1.797693134862e+308, 2.2592e+00, 3.4309e-01, 
 1DIAGNOSTIC,     4, -9.209302096699e-01, 1.797693134862e+308, 2.5933e+00, 3.3406e-01, 
 1DIAGNOSTIC,     5, -9.234651222007e-01, 1.797693134862e+308, 2.9272e+00, 3.3394e-01, 
