
##########################
# Experiment information #
##########################

EXPERIMENT_NAME: antsRegistration-r7-p9
VFC_BACKENDS: libinterflop_vprec.so --range-binary32=7 --precision-binary32=9 --range-binary64=7 --precision-binary64=9

SIF_IMG: /home/mdugre/projects/rrg-glatard/mdugre/containers/ants-vprec-no_metrics.simg

SUBJECT_ID: s014
INPUT_IMG: /home/mdugre/scratch/mri-registration-rp/datasets/ds004513/derivatives/mri-registration-rp/antsBrainExtraction/sub-s014/BrainExtractionBrain.nii.gz
OUTPUT_DIR: /home/mdugre/scratch/mri-registration-rp/datasets/ds004513/derivatives/mri-registration-rp/0100/antsRegistration-r7-p9/sub-s014

FIXED_IMG: /templateflow/tpl-MNI152NLin2009cAsym/tpl-MNI152NLin2009cAsym_res-01_desc-brain_T1w.nii.gz
DATA_DIR: /home/mdugre/scratch/mri-registration-rp/datasets/ds004513
TEMPLATEFLOW_DIR: /home/mdugre/projects/rrg-glatard/mdugre/templateflow
ITK_GLOBAL_DEFAULT_NUMBER_OF_THREADS: 16
##########################

Info [verificarlo]: loaded backend libinterflop_ieee.so
Info [interflop-ieee]: load backend with:
Info [interflop-ieee]: debug = false
Info [interflop-ieee]: debug-binary = false
Info [interflop-ieee]: no-backend-name = false
Info [interflop-ieee]: print-new-line = false
Info [interflop-ieee]: print-subnormal-normalized = false
Info [interflop-ieee]: count-op = false
All_Command_lines_OK
Using double precision for computations.
=============================================================================
The composite transform comprises the following transforms (in order): 
  1. Center of mass alignment using fixed image: /templateflow/tpl-MNI152NLin2009cAsym/tpl-MNI152NLin2009cAsym_res-01_desc-brain_T1w.nii.gz and moving image: /home/mdugre/scratch/mri-registration-rp/datasets/ds004513/derivatives/mri-registration-rp/antsBrainExtraction/sub-s014/BrainExtractionBrain.nii.gz (type = Euler3DTransform)
=============================================================================
  number of levels = 1
  fixed image: /templateflow/tpl-MNI152NLin2009cAsym/tpl-MNI152NLin2009cAsym_res-01_desc-brain_T1w.nii.gz
  moving image: /home/mdugre/scratch/mri-registration-rp/datasets/ds004513/derivatives/mri-registration-rp/antsBrainExtraction/sub-s014/BrainExtractionBrain.nii.gz
Dimension = 3
Number of stages = 1
Use histogram matching = false
Winsorize image intensities = true
  Lower quantile = 0.005
  Upper quantile = 0.995


Stage 1 State
   Image metric = MattesMI
     Fixed image = Image (0x4a8cbd0)
  RTTI typeinfo:   itk::Image<double, 3u>
  Reference Count: 2
  Modified Time: 2334
  Debug: Off
  Object Name: 
  Observers: 
    none
  Source: (none)
  Source output name: (none)
  Release Data: Off
  Data Released: False
  Global Release Data: Off
  PipelineMTime: 0
  UpdateMTime: 1943
  RealTimeStamp: 0 seconds 
  LargestPossibleRegion: 
    Dimension: 3
    Index: [0, 0, 0]
    Size: [193, 229, 193]
  BufferedRegion: 
    Dimension: 3
    Index: [0, 0, 0]
    Size: [193, 229, 193]
  RequestedRegion: 
    Dimension: 3
    Index: [0, 0, 0]
    Size: [193, 229, 193]
  Spacing: [1, 1, 1]
  Origin: [96, 132, -78]
  Direction: 
-1 0 0
0 -1 0
0 0 1

  IndexToPointMatrix: 
-1 0 0
0 -1 0
0 0 1

  PointToIndexMatrix: 
-1 0 0
0 -1 0
0 0 1

  Inverse Direction: 
-1 0 0
0 -1 0
0 0 1

  PixelContainer: 
    ImportImageContainer (0x4ae4930)
      RTTI typeinfo:   itk::ImportImageContainer<unsigned long, double>
      Reference Count: 1
      Modified Time: 1940
      Debug: Off
      Object Name: 
      Observers: 
        none
      Pointer: 0x146ef52c3010
      Container manages memory: true
      Size: 8530021
      Capacity: 8530021

     Moving image = Image (0x4b7c610)
  RTTI typeinfo:   itk::Image<double, 3u>
  Reference Count: 2
  Modified Time: 2335
  Debug: Off
  Object Name: 
  Observers: 
    none
  Source: (none)
  Source output name: (none)
  Release Data: Off
  Data Released: False
  Global Release Data: Off
  PipelineMTime: 0
  UpdateMTime: 2332
  RealTimeStamp: 0 seconds 
  LargestPossibleRegion: 
    Dimension: 3
    Index: [0, 0, 0]
    Size: [160, 240, 256]
  BufferedRegion: 
    Dimension: 3
    Index: [0, 0, 0]
    Size: [160, 240, 256]
  RequestedRegion: 
    Dimension: 3
    Index: [0, 0, 0]
    Size: [160, 240, 256]
  Spacing: [0.999999, 1, 1]
  Origin: [84.1637, 106.709, -120.531]
  Direction: 
-0.999619 -0.0226874 -0.0157033
0.0226846 -0.999743 0.00035635
-0.0157073 -7.8229e-09 0.999877

  IndexToPointMatrix: 
-0.999619 -0.0226874 -0.0157033
0.0226845 -0.999743 0.00035635
-0.0157073 -7.8229e-09 0.999877

  PointToIndexMatrix: 
-0.99962 0.0226846 -0.0157073
-0.0226874 -0.999743 -7.83127e-09
-0.0157033 0.00035635 0.999877

  Inverse Direction: 
-0.999619 0.0226846 -0.0157073
-0.0226874 -0.999743 -7.83127e-09
-0.0157033 0.00035635 0.999877

  PixelContainer: 
    ImportImageContainer (0x4abc850)
      RTTI typeinfo:   itk::ImportImageContainer<unsigned long, double>
      Reference Count: 1
      Modified Time: 2329
      Debug: Off
      Object Name: 
      Observers: 
        none
      Pointer: 0x146ef07c2010
      Container manages memory: true
      Size: 9830400
      Capacity: 9830400

     Weighting = 1
     Sampling strategy = regular
     Number of bins = 32
     Radius = 4
     Sampling percentage  = 0.25
   Transform = Rigid
     Gradient step = 0.1
     Update field sigma (voxel space) = 0
     Total field sigma (voxel space) = 0
     Update field time sigma = 0
     Total field time sigma  = 0
     Number of time indices = 0
     Number of time point samples = 0
Registration using 1 total stages.

Stage 0
  iterations = 0
  convergence threshold = 1e-06
  convergence window size = 10
  number of levels = 1
  using the Mattes MI metric (number of bins = 32, weight = 1, use gradient filter = 0)
  preprocessing:  winsorizing the image intensities
  Shrink factors (level 1 out of 1): [1, 1, 1]
  smoothing sigmas per level: [0]
  regular sampling (percentage = 0.25)

*** Running Euler3DTransform registration ***

  Elapsed time (stage 0): 1.10558


Total elapsed time: 1.10844
Info [verificarlo]: loaded backend libinterflop_vprec.so
Info [interflop-vprec]: load backend with: 
Info [interflop-vprec]: precision-binary32 = 9
Info [interflop-vprec]: range-binary32 = 7
Info [interflop-vprec]: precision-binary64 = 9
Info [interflop-vprec]: range-binary64 = 7
Info [interflop-vprec]: mode = ob
Info [interflop-vprec]: error-mode = rel
Info [interflop-vprec]: max-abs-error-exponent = -1022
Info [interflop-vprec]: daz = false
Info [interflop-vprec]: ftz = false
Info [interflop-vprec]: 	instrument = none
Info [interflop-vprec]: 	prec-input-file = (null)
Info [interflop-vprec]: 	prec-output-file = (null)
Info [interflop-vprec]: 	prec-log-file = (null)
All_Command_lines_OK
Using double precision for computations.
=============================================================================
The composite transform comprises the following transforms (in order): 
  1. /home/mdugre/scratch/mri-registration-rp/datasets/ds004513/derivatives/mri-registration-rp/0100/antsRegistration-r7-p9/sub-s014/align_Composite.h5[0] (type = Euler3DTransform)
  2. /home/mdugre/scratch/mri-registration-rp/datasets/ds004513/derivatives/mri-registration-rp/0100/antsRegistration-r7-p9/sub-s014/align_Composite.h5[1] (type = Euler3DTransform)
=============================================================================
  number of levels = 4
  fixed image: /templateflow/tpl-MNI152NLin2009cAsym/tpl-MNI152NLin2009cAsym_res-01_desc-brain_T1w.nii.gz
  moving image: /home/mdugre/scratch/mri-registration-rp/datasets/ds004513/derivatives/mri-registration-rp/antsBrainExtraction/sub-s014/BrainExtractionBrain.nii.gz
Dimension = 3
Number of stages = 1
Use histogram matching = false
Winsorize image intensities = true
  Lower quantile = 0.005
  Upper quantile = 0.995


Stage 1 State
   Image metric = MattesMI
     Fixed image = Image (0x4d181e0)
  RTTI typeinfo:   itk::Image<double, 3u>
  Reference Count: 2
  Modified Time: 1578
  Debug: Off
  Object Name: 
  Observers: 
    none
  Source: (none)
  Source output name: (none)
  Release Data: Off
  Data Released: False
  Global Release Data: Off
  PipelineMTime: 0
  UpdateMTime: 1189
  RealTimeStamp: 0 seconds 
  LargestPossibleRegion: 
    Dimension: 3
    Index: [0, 0, 0]
    Size: [193, 229, 193]
  BufferedRegion: 
    Dimension: 3
    Index: [0, 0, 0]
    Size: [193, 229, 193]
  RequestedRegion: 
    Dimension: 3
    Index: [0, 0, 0]
    Size: [193, 229, 193]
  Spacing: [1, 1, 1]
  Origin: [96, 132, -78]
  Direction: 
-1 0 0
0 -1 0
0 0 1

  IndexToPointMatrix: 
-1 0 0
0 -1 0
0 0 1

  PointToIndexMatrix: 
-1 0 0
0 -1 0
0 0 1

  Inverse Direction: 
-1 0 0
0 -1 0
0 0 1

  PixelContainer: 
    ImportImageContainer (0x4dd7680)
      RTTI typeinfo:   itk::ImportImageContainer<unsigned long, double>
      Reference Count: 1
      Modified Time: 1186
      Debug: Off
      Object Name: 
      Observers: 
        none
      Pointer: 0x151411d48010
      Container manages memory: true
      Size: 8530021
      Capacity: 8530021

     Moving image = Image (0x4dd3b20)
  RTTI typeinfo:   itk::Image<double, 3u>
  Reference Count: 2
  Modified Time: 1579
  Debug: Off
  Object Name: 
  Observers: 
    none
  Source: (none)
  Source output name: (none)
  Release Data: Off
  Data Released: False
  Global Release Data: Off
  PipelineMTime: 0
  UpdateMTime: 1576
  RealTimeStamp: 0 seconds 
  LargestPossibleRegion: 
    Dimension: 3
    Index: [0, 0, 0]
    Size: [160, 240, 256]
  BufferedRegion: 
    Dimension: 3
    Index: [0, 0, 0]
    Size: [160, 240, 256]
  RequestedRegion: 
    Dimension: 3
    Index: [0, 0, 0]
    Size: [160, 240, 256]
  Spacing: [1, 1, 1]
  Origin: [84.125, 106.75, -120.5]
  Direction: 
-1 -0.0226746 -0.0157166
0.0226746 -1 0.000356197
-0.0157166 0 1

  IndexToPointMatrix: 
-1 -0.0226746 -0.0157166
0.0226746 -1 0.000356197
-0.0157166 0 1

  PointToIndexMatrix: 
-1 0.0226746 -0.0157166
-0.0226746 -1 0
-0.0157166 0.000356197 1

  Inverse Direction: 
-1 0.0226746 -0.0157166
-0.0226746 -1 0
-0.0157166 0.000356197 1

  PixelContainer: 
    ImportImageContainer (0x4e3cd50)
      RTTI typeinfo:   itk::ImportImageContainer<unsigned long, double>
      Reference Count: 1
      Modified Time: 1573
      Debug: Off
      Object Name: 
      Observers: 
        none
      Pointer: 0x15140d247010
      Container manages memory: true
      Size: 9830400
      Capacity: 9830400

     Weighting = 1
     Sampling strategy = regular
     Number of bins = 32
     Radius = 4
     Sampling percentage  = 0.25
   Transform = Rigid
     Gradient step = 0.1
     Update field sigma (voxel space) = 0
     Total field sigma (voxel space) = 0
     Update field time sigma = 0
     Total field time sigma  = 0
     Number of time indices = 0
     Number of time point samples = 0
Registration using 1 total stages.

Stage 0
  iterations = 1000x500x250x100
  convergence threshold = 1e-06
  convergence window size = 10
  number of levels = 4
  using the Mattes MI metric (number of bins = 32, weight = 1, use gradient filter = 0)
  preprocessing:  winsorizing the image intensities
  Shrink factors (level 1 out of 4): [8, 8, 8]
  Shrink factors (level 2 out of 4): [4, 4, 4]
  Shrink factors (level 3 out of 4): [2, 2, 2]
  Shrink factors (level 4 out of 4): [1, 1, 1]
  smoothing sigmas per level: [3, 2, 1, 0]
  regular sampling (percentage = 0.25)

*** Running Euler3DTransform registration ***

DIAGNOSTIC,Iteration,metricValue,convergenceValue,ITERATION_TIME_INDEX,SINCE_LAST
 2DIAGNOSTIC,     1, -4.746304880575e-01, 1.797693134862e+308, 0.0000e+00, 0.0000e+00, 
 2DIAGNOSTIC,     2, -4.752314829116e-01, 1.797693134862e+308, 0.0000e+00, 0.0000e+00, 
 2DIAGNOSTIC,     3, -4.768026095509e-01, 1.797693134862e+308, 0.0000e+00, 0.0000e+00, 
 2DIAGNOSTIC,     4, -4.777993506420e-01, 1.797693134862e+308, 0.0000e+00, 0.0000e+00, 
 2DIAGNOSTIC,     5, -4.800854949544e-01, 1.797693134862e+308, 0.0000e+00, 0.0000e+00, 
 2DIAGNOSTIC,     6, -4.820552823106e-01, 1.797693134862e+308, 0.0000e+00, 0.0000e+00, 
 2DIAGNOSTIC,     7, -4.835711590509e-01, 1.797693134862e+308, 0.0000e+00, 0.0000e+00, 
 2DIAGNOSTIC,     8, -4.850399023810e-01, 1.797693134862e+308, 0.0000e+00, 0.0000e+00, 
 2DIAGNOSTIC,     9, -4.874223740430e-01, 1.797693134862e+308, 0.0000e+00, 0.0000e+00, 
 2DIAGNOSTIC,    10, -4.887931762697e-01, 1.985718077245e-03, 0.0000e+00, 0.0000e+00, 
 2DIAGNOSTIC,    11, -4.921985674744e-01, 1.970006762519e-03, 0.0000e+00, 0.0000e+00, 
 2DIAGNOSTIC,    12, -4.978811808179e-01, 2.083032227122e-03, 0.0000e+00, 0.0000e+00, 
 2DIAGNOSTIC,    13, -5.007772796288e-01, 2.186179711454e-03, 0.0000e+00, 0.0000e+00, 
 2DIAGNOSTIC,    14, -5.024989908465e-01, 2.187889792642e-03, 0.0000e+00, 0.0000e+00, 
 2DIAGNOSTIC,    15, -5.032907253271e-01, 2.110389961135e-03, 0.0000e+00, 0.0000e+00, 
 2DIAGNOSTIC,    16, -5.052978349948e-01, 1.993029584259e-03, 0.0000e+00, 0.0000e+00, 
 2DIAGNOSTIC,    17, -5.072024128504e-01, 1.818723096475e-03, 0.0000e+00, 0.0000e+00, 
 2DIAGNOSTIC,    18, -5.130109464038e-01, 1.727026349272e-03, 0.0000e+00, 0.0000e+00, 
 2DIAGNOSTIC,    19, -5.235709344520e-01, 1.875454351906e-03, 0.0000e+00, 0.0000e+00, 
 2DIAGNOSTIC,    20, -5.240499313927e-01, 1.881385943201e-03, 0.0000e+00, 0.0000e+00, 
 2DIAGNOSTIC,    21, -5.229018380193e-01, 1.775547389288e-03, 0.0000e+00, 0.0000e+00, 
 2DIAGNOSTIC,    22, -5.230164529428e-01, 1.668002155810e-03, 0.0000e+00, 0.0000e+00, 
 2DIAGNOSTIC,    23, -5.229661607648e-01, 1.481185124941e-03, 0.0000e+00, 0.0000e+00, 
 2DIAGNOSTIC,    24, -5.226822742281e-01, 1.201747546097e-03, 0.0000e+00, 0.0000e+00, 
 2DIAGNOSTIC,    25, -5.230256698879e-01, 8.595153235857e-04, 0.0000e+00, 0.0000e+00, 
 2DIAGNOSTIC,    26, -5.227443674605e-01, 5.060567137044e-04, 0.0000e+00, 0.0000e+00, 
 2DIAGNOSTIC,    27, -5.237049874466e-01, 1.919011447298e-04, 0.0000e+00, 0.0000e+00, 
 2DIAGNOSTIC,    28, -5.246956849354e-01, 1.354433205273e-05, 0.0000e+00, 0.0000e+00, 
 2DIAGNOSTIC,    29, -5.245823343449e-01, 4.939391638913e-05, 0.0000e+00, 0.0000e+00, 
 2DIAGNOSTIC,    30, -5.245225330675e-01, 8.712153162917e-05, 0.0000e+00, 0.0000e+00, 
 2DIAGNOSTIC,    31, -5.244966685244e-01, 9.290226498870e-05, 0.0000e+00, 0.0000e+00, 
 2DIAGNOSTIC,    32, -5.244307509590e-01, 9.006608141088e-05, 0.0000e+00, 0.0000e+00, 
 2DIAGNOSTIC,    33, -5.244573899150e-01, 7.826112795300e-05, 0.0000e+00, 0.0000e+00, 
 2DIAGNOSTIC,    34, -5.245522270809e-01, 5.662418148208e-05, 0.0000e+00, 0.0000e+00, 
 2DIAGNOSTIC,    35, -5.245422345181e-01, 3.678359469544e-05, 0.0000e+00, 0.0000e+00, 
 2DIAGNOSTIC,    36, -5.245144369750e-01, 9.540627094004e-06, 0.0000e+00, 0.0000e+00, 
DIAGNOSTIC,Iteration,metricValue,convergenceValue,ITERATION_TIME_INDEX,SINCE_LAST
 2DIAGNOSTIC,     1, -4.442847803964e-01, 1.797693134862e+308, 0.0000e+00, 0.0000e+00, 
 2DIAGNOSTIC,     2, -4.443675120113e-01, 1.797693134862e+308, 0.0000e+00, 0.0000e+00, 
 2DIAGNOSTIC,     3, -4.443035127162e-01, 1.797693134862e+308, 0.0000e+00, 0.0000e+00, 
 2DIAGNOSTIC,     4, -4.445299869461e-01, 1.797693134862e+308, 0.0000e+00, 0.0000e+00, 
 2DIAGNOSTIC,     5, -4.438038108119e-01, 1.797693134862e+308, 0.0000e+00, 0.0000e+00, 
 2DIAGNOSTIC,     6, -4.439593773298e-01, 1.797693134862e+308, 0.0000e+00, 0.0000e+00, 
 2DIAGNOSTIC,     7, -4.436409712657e-01, 1.797693134862e+308, 0.0000e+00, 0.0000e+00, 
 2DIAGNOSTIC,     8, -4.440380776748e-01, 1.797693134862e+308, 0.0000e+00, 0.0000e+00, 
 2DIAGNOSTIC,     9, -4.448398042554e-01, 1.797693134862e+308, 0.0000e+00, 0.0000e+00, 
 2DIAGNOSTIC,    10, -4.450670942720e-01, 3.961342698036e-05, 0.0000e+00, 0.0000e+00, 
 2DIAGNOSTIC,    11, -4.460091815482e-01, 1.501598950552e-04, 0.0000e+00, 0.0000e+00, 
 2DIAGNOSTIC,    12, -4.458027415782e-01, 2.213690372920e-04, 0.0000e+00, 0.0000e+00, 
 2DIAGNOSTIC,    13, -4.463101384180e-01, 2.833760237108e-04, 0.0000e+00, 0.0000e+00, 
 2DIAGNOSTIC,    14, -4.459327915742e-01, 3.038913691578e-04, 0.0000e+00, 0.0000e+00, 
 2DIAGNOSTIC,    15, -4.458376741760e-01, 2.590044516292e-04, 0.0000e+00, 0.0000e+00, 
 2DIAGNOSTIC,    16, -4.451102707923e-01, 1.738853601892e-04, 0.0000e+00, 0.0000e+00, 
 2DIAGNOSTIC,    17, -4.450418731697e-01, 6.875128906465e-05, 0.0000e+00, 0.0000e+00, 
DIAGNOSTIC,Iteration,metricValue,convergenceValue,ITERATION_TIME_INDEX,SINCE_LAST
 2DIAGNOSTIC,     1, -3.906357054199e-01, 1.797693134862e+308, 0.0000e+00, 0.0000e+00, 
 2DIAGNOSTIC,     2, -3.906299450313e-01, 1.797693134862e+308, 0.0000e+00, 0.0000e+00, 
 2DIAGNOSTIC,     3, -3.906444230966e-01, 1.797693134862e+308, 0.0000e+00, 0.0000e+00, 
 2DIAGNOSTIC,     4, -3.906443939195e-01, 1.797693134862e+308, 0.0000e+00, 0.0000e+00, 
 2DIAGNOSTIC,     5, -3.906435666097e-01, 1.797693134862e+308, 0.0000e+00, 0.0000e+00, 
 2DIAGNOSTIC,     6, -3.906384041430e-01, 1.797693134862e+308, 0.0000e+00, 0.0000e+00, 
 2DIAGNOSTIC,     7, -3.906385335696e-01, 1.797693134862e+308, 0.0000e+00, 0.0000e+00, 
 2DIAGNOSTIC,     8, -3.906375200167e-01, 1.797693134862e+308, 0.0000e+00, 0.0000e+00, 
 2DIAGNOSTIC,     9, -3.906433350219e-01, 1.797693134862e+308, 0.0000e+00, 0.0000e+00, 
 2DIAGNOSTIC,    10, -3.906482242650e-01, 1.147950727171e-06, 0.0000e+00, 0.0000e+00, 
 2DIAGNOSTIC,    11, -3.906520617474e-01, 1.448126361200e-06, 0.0000e+00, 0.0000e+00, 
 2DIAGNOSTIC,    12, -3.906553969086e-01, 1.399123727791e-06, 0.0000e+00, 0.0000e+00, 
 2DIAGNOSTIC,    13, -3.906553969086e-01, 2.037861103060e-06, 0.0000e+00, 0.0000e+00, 
 2DIAGNOSTIC,    14, -3.906553969086e-01, 2.396309682157e-06, 0.0000e+00, 0.0000e+00, 
 2DIAGNOSTIC,    15, -3.906553969086e-01, 2.451392004041e-06, 0.0000e+00, 0.0000e+00, 
 2DIAGNOSTIC,    16, -3.906553969086e-01, 2.039333040896e-06, 0.0000e+00, 0.0000e+00, 
 2DIAGNOSTIC,    17, -3.906553969086e-01, 1.498175961075e-06, 0.0000e+00, 0.0000e+00, 
DIAGNOSTIC,Iteration,metricValue,convergenceValue,ITERATION_TIME_INDEX,SINCE_LAST
 2DIAGNOSTIC,     1, -3.642350317411e-01, 1.797693134862e+308, 0.0000e+00, 0.0000e+00, 
 2DIAGNOSTIC,     2, -3.639774948454e-01, 1.797693134862e+308, 0.0000e+00, 0.0000e+00, 
 2DIAGNOSTIC,     3, -3.641577105481e-01, 1.797693134862e+308, 0.0000e+00, 0.0000e+00, 
 2DIAGNOSTIC,     4, -3.642405679946e-01, 1.797693134862e+308, 0.0000e+00, 0.0000e+00, 
 2DIAGNOSTIC,     5, -3.642756838779e-01, 1.797693134862e+308, 0.0000e+00, 0.0000e+00, 
 2DIAGNOSTIC,     6, -3.642702434582e-01, 1.797693134862e+308, 0.0000e+00, 0.0000e+00, 
 2DIAGNOSTIC,     7, -3.642751528795e-01, 1.797693134862e+308, 0.0000e+00, 0.0000e+00, 
 2DIAGNOSTIC,     8, -3.642748914479e-01, 1.797693134862e+308, 0.0000e+00, 0.0000e+00, 
 2DIAGNOSTIC,     9, -3.642686183873e-01, 1.797693134862e+308, 0.0000e+00, 0.0000e+00, 
 2DIAGNOSTIC,    10, -3.642664514107e-01, 2.990207394248e-05, 0.0000e+00, 0.0000e+00, 
 2DIAGNOSTIC,    11, -3.642656731426e-01, 2.861122097444e-05, 0.0000e+00, 0.0000e+00, 
 2DIAGNOSTIC,    12, -3.642661629736e-01, 8.005442286560e-06, 0.0000e+00, 0.0000e+00, 
  Elapsed time (stage 0): 0.0000e+00


Total elapsed time: 0.0000e+00
Info [verificarlo]: loaded backend libinterflop_ieee.so
Info [interflop-ieee]: load backend with:
Info [interflop-ieee]: debug = false
Info [interflop-ieee]: debug-binary = false
Info [interflop-ieee]: no-backend-name = false
Info [interflop-ieee]: print-new-line = false
Info [interflop-ieee]: print-subnormal-normalized = false
Info [interflop-ieee]: count-op = false
All_Command_lines_OK
Using double precision for computations.
=============================================================================
The composite transform comprises the following transforms (in order): 
  1. /home/mdugre/scratch/mri-registration-rp/datasets/ds004513/derivatives/mri-registration-rp/0100/antsRegistration-r7-p9/sub-s014/rigid_Composite.h5[0] (type = Euler3DTransform)
  2. /home/mdugre/scratch/mri-registration-rp/datasets/ds004513/derivatives/mri-registration-rp/0100/antsRegistration-r7-p9/sub-s014/rigid_Composite.h5[1] (type = Euler3DTransform)
  3. /home/mdugre/scratch/mri-registration-rp/datasets/ds004513/derivatives/mri-registration-rp/0100/antsRegistration-r7-p9/sub-s014/rigid_Composite.h5[2] (type = Euler3DTransform)
=============================================================================
  number of levels = 4
  fixed image: /templateflow/tpl-MNI152NLin2009cAsym/tpl-MNI152NLin2009cAsym_res-01_desc-brain_T1w.nii.gz
  moving image: /home/mdugre/scratch/mri-registration-rp/datasets/ds004513/derivatives/mri-registration-rp/antsBrainExtraction/sub-s014/BrainExtractionBrain.nii.gz
Dimension = 3
Number of stages = 1
Use histogram matching = false
Winsorize image intensities = true
  Lower quantile = 0.005
  Upper quantile = 0.995


Stage 1 State
   Image metric = MattesMI
     Fixed image = Image (0x413d530)
  RTTI typeinfo:   itk::Image<double, 3u>
  Reference Count: 2
  Modified Time: 1594
  Debug: Off
  Object Name: 
  Observers: 
    none
  Source: (none)
  Source output name: (none)
  Release Data: Off
  Data Released: False
  Global Release Data: Off
  PipelineMTime: 0
  UpdateMTime: 1203
  RealTimeStamp: 0 seconds 
  LargestPossibleRegion: 
    Dimension: 3
    Index: [0, 0, 0]
    Size: [193, 229, 193]
  BufferedRegion: 
    Dimension: 3
    Index: [0, 0, 0]
    Size: [193, 229, 193]
  RequestedRegion: 
    Dimension: 3
    Index: [0, 0, 0]
    Size: [193, 229, 193]
  Spacing: [1, 1, 1]
  Origin: [96, 132, -78]
  Direction: 
-1 0 0
0 -1 0
0 0 1

  IndexToPointMatrix: 
-1 0 0
0 -1 0
0 0 1

  PointToIndexMatrix: 
-1 0 0
0 -1 0
0 0 1

  Inverse Direction: 
-1 0 0
0 -1 0
0 0 1

  PixelContainer: 
    ImportImageContainer (0x414a2b0)
      RTTI typeinfo:   itk::ImportImageContainer<unsigned long, double>
      Reference Count: 1
      Modified Time: 1200
      Debug: Off
      Object Name: 
      Observers: 
        none
      Pointer: 0x152b4666f010
      Container manages memory: true
      Size: 8530021
      Capacity: 8530021

     Moving image = Image (0x41f8fd0)
  RTTI typeinfo:   itk::Image<double, 3u>
  Reference Count: 2
  Modified Time: 1595
  Debug: Off
  Object Name: 
  Observers: 
    none
  Source: (none)
  Source output name: (none)
  Release Data: Off
  Data Released: False
  Global Release Data: Off
  PipelineMTime: 0
  UpdateMTime: 1592
  RealTimeStamp: 0 seconds 
  LargestPossibleRegion: 
    Dimension: 3
    Index: [0, 0, 0]
    Size: [160, 240, 256]
  BufferedRegion: 
    Dimension: 3
    Index: [0, 0, 0]
    Size: [160, 240, 256]
  RequestedRegion: 
    Dimension: 3
    Index: [0, 0, 0]
    Size: [160, 240, 256]
  Spacing: [0.999999, 1, 1]
  Origin: [84.1637, 106.709, -120.531]
  Direction: 
-0.999619 -0.0226874 -0.0157033
0.0226846 -0.999743 0.00035635
-0.0157073 -7.8229e-09 0.999877

  IndexToPointMatrix: 
-0.999619 -0.0226874 -0.0157033
0.0226845 -0.999743 0.00035635
-0.0157073 -7.8229e-09 0.999877

  PointToIndexMatrix: 
-0.99962 0.0226846 -0.0157073
-0.0226874 -0.999743 -7.83127e-09
-0.0157033 0.00035635 0.999877

  Inverse Direction: 
-0.999619 0.0226846 -0.0157073
-0.0226874 -0.999743 -7.83127e-09
-0.0157033 0.00035635 0.999877

  PixelContainer: 
    ImportImageContainer (0x4210990)
      RTTI typeinfo:   itk::ImportImageContainer<unsigned long, double>
      Reference Count: 1
      Modified Time: 1589
      Debug: Off
      Object Name: 
      Observers: 
        none
      Pointer: 0x152b41b6e010
      Container manages memory: true
      Size: 9830400
      Capacity: 9830400

     Weighting = 1
     Sampling strategy = regular
     Number of bins = 32
     Radius = 4
     Sampling percentage  = 0.25
   Transform = Affine
     Gradient step = 0.1
     Update field sigma (voxel space) = 0
     Total field sigma (voxel space) = 0
     Update field time sigma = 0
     Total field time sigma  = 0
     Number of time indices = 0
     Number of time point samples = 0
Registration using 1 total stages.

Stage 0
  iterations = 1000x500x250x100
  convergence threshold = 1e-06
  convergence window size = 10
  number of levels = 4
  using the Mattes MI metric (number of bins = 32, weight = 1, use gradient filter = 0)
  preprocessing:  winsorizing the image intensities
  Shrink factors (level 1 out of 4): [8, 8, 8]
  Shrink factors (level 2 out of 4): [4, 4, 4]
  Shrink factors (level 3 out of 4): [2, 2, 2]
  Shrink factors (level 4 out of 4): [1, 1, 1]
  smoothing sigmas per level: [3, 2, 1, 0]
  regular sampling (percentage = 0.25)

*** Running AffineTransform registration ***

DIAGNOSTIC,Iteration,metricValue,convergenceValue,ITERATION_TIME_INDEX,SINCE_LAST
 2DIAGNOSTIC,     1, -5.262247584724e-01, 1.797693134862e+308, 8.7519e-01, 8.7519e-01, 
 2DIAGNOSTIC,     2, -5.280052809734e-01, 1.797693134862e+308, 8.8105e-01, 5.8551e-03, 
 2DIAGNOSTIC,     3, -5.310202108773e-01, 1.797693134862e+308, 8.8737e-01, 6.3210e-03, 
 2DIAGNOSTIC,     4, -5.362964320036e-01, 1.797693134862e+308, 8.9265e-01, 5.2800e-03, 
 2DIAGNOSTIC,     5, -5.506514856950e-01, 1.797693134862e+308, 8.9805e-01, 5.4059e-03, 
 2DIAGNOSTIC,     6, -6.452268828224e-01, 1.797693134862e+308, 9.0421e-01, 6.1531e-03, 
 2DIAGNOSTIC,     7, -6.919876876138e-01, 1.797693134862e+308, 9.1041e-01, 6.2010e-03, 
 2DIAGNOSTIC,     8, -7.239259894775e-01, 1.797693134862e+308, 9.1597e-01, 5.5668e-03, 
 2DIAGNOSTIC,     9, -7.465274752528e-01, 1.797693134862e+308, 9.2227e-01, 6.2940e-03, 
 2DIAGNOSTIC,    10, -7.667130358186e-01, 2.981125596322e-02, 9.3093e-01, 8.6670e-03, 
 2DIAGNOSTIC,    11, -7.689172767487e-01, 2.767397499810e-02, 9.3670e-01, 5.7671e-03, 
 2DIAGNOSTIC,    12, -7.780225315477e-01, 2.387074269283e-02, 9.4223e-01, 5.5318e-03, 
 2DIAGNOSTIC,    13, -7.841987724904e-01, 1.895482999458e-02, 9.4841e-01, 6.1738e-03, 
 2DIAGNOSTIC,    14, -7.893969506840e-01, 1.350125892338e-02, 9.5587e-01, 7.4589e-03, 
 2DIAGNOSTIC,    15, -7.913309231869e-01, 8.076348505022e-03, 9.6246e-01, 6.5942e-03, 
 2DIAGNOSTIC,    16, -7.931828099399e-01, 5.188572733939e-03, 9.6933e-01, 6.8660e-03, 
 2DIAGNOSTIC,    17, -7.976872334476e-01, 3.446290948590e-03, 9.7563e-01, 6.3071e-03, 
 2DIAGNOSTIC,    18, -8.066247102880e-01, 2.520539769811e-03, 9.8128e-01, 5.6491e-03, 
 2DIAGNOSTIC,    19, -8.119503635957e-01, 2.053495840544e-03, 9.8774e-01, 6.4561e-03, 
 2DIAGNOSTIC,    20, -8.279890651913e-01, 2.176674631354e-03, 9.9792e-01, 1.0182e-02, 
 2DIAGNOSTIC,    21, -8.288698967263e-01, 2.135818167869e-03, 1.0039e+00, 6.0089e-03, 
 2DIAGNOSTIC,    22, -8.307650396150e-01, 2.099346518067e-03, 1.0095e+00, 5.5282e-03, 
 2DIAGNOSTIC,    23, -8.334486019591e-01, 2.020999738354e-03, 1.0149e+00, 5.4469e-03, 
 2DIAGNOSTIC,    24, -8.360212489388e-01, 1.884765076009e-03, 1.0205e+00, 5.6310e-03, 
 2DIAGNOSTIC,    25, -8.378525599724e-01, 1.640798163703e-03, 1.0265e+00, 5.9469e-03, 
 2DIAGNOSTIC,    26, -8.389337773063e-01, 1.308189782622e-03, 1.0333e+00, 6.7720e-03, 
 2DIAGNOSTIC,    27, -8.399637247106e-01, 9.602015554497e-04, 1.0405e+00, 7.2730e-03, 
 2DIAGNOSTIC,    28, -8.410520608940e-01, 6.866961312018e-04, 1.0471e+00, 6.5548e-03, 
 2DIAGNOSTIC,    29, -8.416194641377e-01, 4.407273928496e-04, 1.0536e+00, 6.4828e-03, 
 2DIAGNOSTIC,    30, -8.415593273406e-01, 3.730957177785e-04, 1.0622e+00, 8.6420e-03, 
 2DIAGNOSTIC,    31, -8.416292137795e-01, 2.870086595209e-04, 1.0683e+00, 6.1002e-03, 
 2DIAGNOSTIC,    32, -8.414221732382e-01, 1.992816810628e-04, 1.0741e+00, 5.8050e-03, 
 2DIAGNOSTIC,    33, -8.412413746654e-01, 1.264584532559e-04, 1.0797e+00, 5.5552e-03, 
 2DIAGNOSTIC,    34, -8.413484352614e-01, 7.550810507000e-05, 1.0857e+00, 5.9988e-03, 
 2DIAGNOSTIC,    35, -8.414190867029e-01, 4.077933695270e-05, 1.0911e+00, 5.4400e-03, 
 2DIAGNOSTIC,    36, -8.413832853554e-01, 1.504069154094e-05, 1.0971e+00, 5.9779e-03, 
DIAGNOSTIC,Iteration,metricValue,convergenceValue,ITERATION_TIME_INDEX,SINCE_LAST
 2DIAGNOSTIC,     1, -6.848270428941e-01, 1.797693134862e+308, 1.8317e+00, 7.3464e-01, 
 2DIAGNOSTIC,     2, -6.857793796779e-01, 1.797693134862e+308, 1.8706e+00, 3.8915e-02, 
 2DIAGNOSTIC,     3, -6.865285525846e-01, 1.797693134862e+308, 1.9105e+00, 3.9913e-02, 
 2DIAGNOSTIC,     4, -6.871003998650e-01, 1.797693134862e+308, 1.9505e+00, 3.9971e-02, 
 2DIAGNOSTIC,     5, -6.878606146203e-01, 1.797693134862e+308, 1.9897e+00, 3.9141e-02, 
 2DIAGNOSTIC,     6, -6.891490631267e-01, 1.797693134862e+308, 2.0296e+00, 3.9928e-02, 
 2DIAGNOSTIC,     7, -6.922226763428e-01, 1.797693134862e+308, 2.0796e+00, 5.0019e-02, 
 2DIAGNOSTIC,     8, -6.930471898791e-01, 1.797693134862e+308, 2.1424e+00, 6.2802e-02, 
 2DIAGNOSTIC,     9, -6.930538541169e-01, 1.797693134862e+308, 2.1818e+00, 3.9400e-02, 
 2DIAGNOSTIC,    10, -6.932099983862e-01, 9.069666819520e-04, 2.2287e+00, 4.6914e-02, 
 2DIAGNOSTIC,    11, -6.932818281375e-01, 7.689980021611e-04, 2.2729e+00, 4.4187e-02, 
 2DIAGNOSTIC,    12, -6.932943152120e-01, 6.164641800061e-04, 2.3165e+00, 4.3552e-02, 
 2DIAGNOSTIC,    13, -6.932819444384e-01, 4.551670797479e-04, 2.3747e+00, 5.8280e-02, 
 2DIAGNOSTIC,    14, -6.932871898346e-01, 2.940976625136e-04, 2.4170e+00, 4.2286e-02, 
 2DIAGNOSTIC,    15, -6.932670486542e-01, 1.485471489202e-04, 2.4604e+00, 4.3326e-02, 
 2DIAGNOSTIC,    16, -6.932731253207e-01, 3.907610011154e-05, 2.5023e+00, 4.1979e-02, 
 2DIAGNOSTIC,    17, -6.932690572635e-01, 1.286114561648e-05, 2.5489e+00, 4.6610e-02, 
 2DIAGNOSTIC,    18, -6.932609776042e-01, 7.273469363273e-06, 2.5906e+00, 4.1654e-02, 
 2DIAGNOSTIC,    19, -6.932431330004e-01, 1.457212167988e-06, 2.6297e+00, 3.9116e-02, 
DIAGNOSTIC,Iteration,metricValue,convergenceValue,ITERATION_TIME_INDEX,SINCE_LAST
 2DIAGNOSTIC,     1, -5.880876103690e-01, 1.797693134862e+308, 3.7739e+00, 1.1442e+00, 
 2DIAGNOSTIC,     2, -5.887445946068e-01, 1.797693134862e+308, 4.1131e+00, 3.3921e-01, 
 2DIAGNOSTIC,     3, -5.894917400194e-01, 1.797693134862e+308, 4.4474e+00, 3.3430e-01, 
 2DIAGNOSTIC,     4, -5.904426097397e-01, 1.797693134862e+308, 4.7796e+00, 3.3219e-01, 
 2DIAGNOSTIC,     5, -5.916916260895e-01, 1.797693134862e+308, 5.1657e+00, 3.8611e-01, 
 2DIAGNOSTIC,     6, -5.937288052375e-01, 1.797693134862e+308, 5.7282e+00, 5.6245e-01, 
 2DIAGNOSTIC,     7, -5.937601201425e-01, 1.797693134862e+308, 6.2176e+00, 4.8938e-01, 
 2DIAGNOSTIC,     8, -5.937598677941e-01, 1.797693134862e+308, 6.5952e+00, 3.7767e-01, 
 2DIAGNOSTIC,     9, -5.937587782346e-01, 1.797693134862e+308, 7.0136e+00, 4.1838e-01, 
 2DIAGNOSTIC,    10, -5.937545033951e-01, 7.202595581392e-04, 7.3880e+00, 3.7436e-01, 
 2DIAGNOSTIC,    11, -5.937485847317e-01, 5.278849806312e-04, 7.7936e+00, 4.0561e-01, 
 2DIAGNOSTIC,    12, -5.937424494410e-01, 3.467334674423e-04, 8.1408e+00, 3.4725e-01, 
 2DIAGNOSTIC,    13, -5.937420002119e-01, 1.908040657892e-04, 8.4206e+00, 2.7977e-01, 
 2DIAGNOSTIC,    14, -5.937428985147e-01, 7.234894185248e-05, 8.7371e+00, 3.1651e-01, 
 2DIAGNOSTIC,    15, -5.937455063172e-01, 1.502141380685e-06, 9.1738e+00, 4.3672e-01, 
DIAGNOSTIC,Iteration,metricValue,convergenceValue,ITERATION_TIME_INDEX,SINCE_LAST
 2DIAGNOSTIC,     1, -5.278774685957e-01, 1.797693134862e+308, 1.2203e+01, 3.0295e+00, 
 2DIAGNOSTIC,     2, -5.279447645891e-01, 1.797693134862e+308, 1.4701e+01, 2.4974e+00, 
 2DIAGNOSTIC,     3, -5.279452245844e-01, 1.797693134862e+308, 1.7021e+01, 2.3199e+00, 
 2DIAGNOSTIC,     4, -5.279443167209e-01, 1.797693134862e+308, 1.9500e+01, 2.4799e+00, 
 2DIAGNOSTIC,     5, -5.279436696062e-01, 1.797693134862e+308, 2.2422e+01, 2.9212e+00, 
 2DIAGNOSTIC,     6, -5.279438456183e-01, 1.797693134862e+308, 2.4780e+01, 2.3586e+00, 
 2DIAGNOSTIC,     7, -5.279436578328e-01, 1.797693134862e+308, 2.7029e+01, 2.2483e+00, 
 2DIAGNOSTIC,     8, -5.279436081505e-01, 1.797693134862e+308, 2.9175e+01, 2.1465e+00, 
 2DIAGNOSTIC,     9, -5.279433358073e-01, 1.797693134862e+308, 3.1360e+01, 2.1849e+00, 
 2DIAGNOSTIC,    10, -5.279434079291e-01, 6.587529561286e-06, 3.3606e+01, 2.2461e+00, 
 2DIAGNOSTIC,    11, -5.279433086913e-01, 2.706292058383e-06, 3.5761e+01, 2.1555e+00, 
 2DIAGNOSTIC,    12, -5.279432018527e-01, 2.501322050819e-06, 3.7701e+01, 1.9393e+00, 
 2DIAGNOSTIC,    13, -5.279431096464e-01, 2.357724124186e-06, 3.9659e+01, 1.9582e+00, 
 2DIAGNOSTIC,    14, -5.279431360050e-01, 2.209687648969e-06, 4.1516e+01, 1.8569e+00, 
 2DIAGNOSTIC,    15, -5.279430525744e-01, 2.060459445313e-06, 4.3489e+01, 1.9729e+00, 
 2DIAGNOSTIC,    16, -5.279429999418e-01, 1.939670987716e-06, 4.5383e+01, 1.8938e+00, 
 2DIAGNOSTIC,    17, -5.279431273107e-01, 1.835728849688e-06, 4.7197e+01, 1.8142e+00, 
 2DIAGNOSTIC,    18, -5.279432148084e-01, 1.747840319553e-06, 4.8965e+01, 1.7680e+00, 
 2DIAGNOSTIC,    19, -5.279434512004e-01, 1.669793489284e-06, 5.0915e+01, 1.9500e+00, 
 2DIAGNOSTIC,    20, -5.279431170532e-01, 1.592854197277e-06, 5.2925e+01, 2.0098e+00, 
 2DIAGNOSTIC,    21, -5.279431207408e-01, 1.521008268980e-06, 5.4987e+01, 2.0623e+00, 
 2DIAGNOSTIC,    22, -5.279431973625e-01, 1.454348145434e-06, 5.7112e+01, 2.1249e+00, 
 2DIAGNOSTIC,    23, -5.279428897188e-01, 1.383031165411e-06, 5.9378e+01, 2.2660e+00, 
 2DIAGNOSTIC,    24, -5.279427201683e-01, 1.314683873620e-06, 6.1769e+01, 2.3912e+00, 
 2DIAGNOSTIC,    25, -5.279427923787e-01, 1.252820478602e-06, 6.3724e+01, 1.9554e+00, 
 2DIAGNOSTIC,    26, -5.279426393562e-01, 1.193155452800e-06, 6.5664e+01, 1.9401e+00, 
 2DIAGNOSTIC,    27, -5.279423310910e-01, 1.137103003361e-06, 6.7516e+01, 1.8520e+00, 
 2DIAGNOSTIC,    28, -5.279423312171e-01, 1.090667033118e-06, 6.9479e+01, 1.9625e+00, 
 2DIAGNOSTIC,    29, -5.279422917472e-01, 1.055533406562e-06, 7.1287e+01, 1.8076e+00, 
 2DIAGNOSTIC,    30, -5.279425299533e-01, 1.024785995625e-06, 7.3211e+01, 1.9240e+00, 
 2DIAGNOSTIC,    31, -5.279427636862e-01, 1.003293156776e-06, 7.5278e+01, 2.0673e+00, 
  Elapsed time (stage 0): 7.6463e+01


Total elapsed time: 7.6466e+01
Info [verificarlo]: loaded backend libinterflop_ieee.so
Info [interflop-ieee]: load backend with:
Info [interflop-ieee]: debug = false
Info [interflop-ieee]: debug-binary = false
Info [interflop-ieee]: no-backend-name = false
Info [interflop-ieee]: print-new-line = false
Info [interflop-ieee]: print-subnormal-normalized = false
Info [interflop-ieee]: count-op = false
All_Command_lines_OK
Using double precision for computations.
=============================================================================
The composite transform comprises the following transforms (in order): 
  1. /home/mdugre/scratch/mri-registration-rp/datasets/ds004513/derivatives/mri-registration-rp/0100/antsRegistration-r7-p9/sub-s014/affine_Composite.h5[0] (type = Euler3DTransform)
  2. /home/mdugre/scratch/mri-registration-rp/datasets/ds004513/derivatives/mri-registration-rp/0100/antsRegistration-r7-p9/sub-s014/affine_Composite.h5[1] (type = Euler3DTransform)
  3. /home/mdugre/scratch/mri-registration-rp/datasets/ds004513/derivatives/mri-registration-rp/0100/antsRegistration-r7-p9/sub-s014/affine_Composite.h5[2] (type = Euler3DTransform)
  4. /home/mdugre/scratch/mri-registration-rp/datasets/ds004513/derivatives/mri-registration-rp/0100/antsRegistration-r7-p9/sub-s014/affine_Composite.h5[3] (type = AffineTransform)
=============================================================================
  number of levels = 4
  fixed image: /templateflow/tpl-MNI152NLin2009cAsym/tpl-MNI152NLin2009cAsym_res-01_desc-brain_T1w.nii.gz
  moving image: /home/mdugre/scratch/mri-registration-rp/datasets/ds004513/derivatives/mri-registration-rp/antsBrainExtraction/sub-s014/BrainExtractionBrain.nii.gz
Dimension = 3
Number of stages = 1
Use histogram matching = false
Winsorize image intensities = true
  Lower quantile = 0.005
  Upper quantile = 0.995


Stage 1 State
   Image metric = CC
     Fixed image = Image (0x4c5ba40)
  RTTI typeinfo:   itk::Image<double, 3u>
  Reference Count: 2
  Modified Time: 1608
  Debug: Off
  Object Name: 
  Observers: 
    none
  Source: (none)
  Source output name: (none)
  Release Data: Off
  Data Released: False
  Global Release Data: Off
  PipelineMTime: 0
  UpdateMTime: 1217
  RealTimeStamp: 0 seconds 
  LargestPossibleRegion: 
    Dimension: 3
    Index: [0, 0, 0]
    Size: [193, 229, 193]
  BufferedRegion: 
    Dimension: 3
    Index: [0, 0, 0]
    Size: [193, 229, 193]
  RequestedRegion: 
    Dimension: 3
    Index: [0, 0, 0]
    Size: [193, 229, 193]
  Spacing: [1, 1, 1]
  Origin: [96, 132, -78]
  Direction: 
-1 0 0
0 -1 0
0 0 1

  IndexToPointMatrix: 
-1 0 0
0 -1 0
0 0 1

  PointToIndexMatrix: 
-1 0 0
0 -1 0
0 0 1

  Inverse Direction: 
-1 0 0
0 -1 0
0 0 1

  PixelContainer: 
    ImportImageContainer (0x4d2a780)
      RTTI typeinfo:   itk::ImportImageContainer<unsigned long, double>
      Reference Count: 1
      Modified Time: 1214
      Debug: Off
      Object Name: 
      Observers: 
        none
      Pointer: 0x14d0ce435010
      Container manages memory: true
      Size: 8530021
      Capacity: 8530021

     Moving image = Image (0x4d2c390)
  RTTI typeinfo:   itk::Image<double, 3u>
  Reference Count: 2
  Modified Time: 1609
  Debug: Off
  Object Name: 
  Observers: 
    none
  Source: (none)
  Source output name: (none)
  Release Data: Off
  Data Released: False
  Global Release Data: Off
  PipelineMTime: 0
  UpdateMTime: 1606
  RealTimeStamp: 0 seconds 
  LargestPossibleRegion: 
    Dimension: 3
    Index: [0, 0, 0]
    Size: [160, 240, 256]
  BufferedRegion: 
    Dimension: 3
    Index: [0, 0, 0]
    Size: [160, 240, 256]
  RequestedRegion: 
    Dimension: 3
    Index: [0, 0, 0]
    Size: [160, 240, 256]
  Spacing: [0.999999, 1, 1]
  Origin: [84.1637, 106.709, -120.531]
  Direction: 
-0.999619 -0.0226874 -0.0157033
0.0226846 -0.999743 0.00035635
-0.0157073 -7.8229e-09 0.999877

  IndexToPointMatrix: 
-0.999619 -0.0226874 -0.0157033
0.0226845 -0.999743 0.00035635
-0.0157073 -7.8229e-09 0.999877

  PointToIndexMatrix: 
-0.99962 0.0226846 -0.0157073
-0.0226874 -0.999743 -7.83127e-09
-0.0157033 0.00035635 0.999877

  Inverse Direction: 
-0.999619 0.0226846 -0.0157073
-0.0226874 -0.999743 -7.83127e-09
-0.0157033 0.00035635 0.999877

  PixelContainer: 
    ImportImageContainer (0x4ce16f0)
      RTTI typeinfo:   itk::ImportImageContainer<unsigned long, double>
      Reference Count: 1
      Modified Time: 1603
      Debug: Off
      Object Name: 
      Observers: 
        none
      Pointer: 0x14d0c9934010
      Container manages memory: true
      Size: 9830400
      Capacity: 9830400

     Weighting = 1
     Sampling strategy = none
     Number of bins = 32
     Radius = 4
     Sampling percentage  = 1
   Transform = SyN
     Gradient step = 0.1
     Update field sigma (voxel space) = 3
     Total field sigma (voxel space) = 0
     Update field time sigma = 0
     Total field time sigma  = 0
     Number of time indices = 0
     Number of time point samples = 0
Registration using 1 total stages.

Stage 0
  iterations = 100x70x50x20
  convergence threshold = 1e-06
  convergence window size = 10
  number of levels = 4
  using the CC metric (radius = 4, weight = 1, use gradient filter = 0)
  preprocessing:  winsorizing the image intensities
  Shrink factors (level 1 out of 4): [8, 8, 8]
  Shrink factors (level 2 out of 4): [4, 4, 4]
  Shrink factors (level 3 out of 4): [2, 2, 2]
  Shrink factors (level 4 out of 4): [1, 1, 1]
  smoothing sigmas per level: [3, 2, 1, 0]
  Using default NONE metricSamplingStrategy 

*** Running SyN registration (varianceForUpdateField = 3, varianceForTotalField = 0) ***

XXDIAGNOSTIC,Iteration,metricValue,convergenceValue,ITERATION_TIME_INDEX,SINCE_LAST
 1DIAGNOSTIC,     1, -9.016730576234e-01, 1.797693134862e+308, 1.2210e+00, 1.2210e+00, 
 1DIAGNOSTIC,     2, -9.061838451261e-01, 1.797693134862e+308, 1.6032e+00, 3.8225e-01, 
 1DIAGNOSTIC,     3, -9.098402601875e-01, 1.797693134862e+308, 1.9474e+00, 3.4422e-01, 
 1DIAGNOSTIC,     4, -9.120500705718e-01, 1.797693134862e+308, 2.2929e+00, 3.4544e-01, 
 1DIAGNOSTIC,     5, -9.138114097520e-01, 1.797693134862e+308, 2.6355e+00, 3.4260e-01, 
 1DIAGNOSTIC,     6, -9.151730506912e-01, 1.797693134862e+308, 2.9711e+00, 3.3561e-01, 
 1DIAGNOSTIC,     7, -9.162725929415e-01, 1.797693134862e+308, 3.3311e+00, 3.6005e-01, 
 1DIAGNOSTIC,     8, -9.171680253247e-01, 1.797693134862e+308, 3.7221e+00, 3.9102e-01, 
