
##########################
# Experiment information #
##########################

EXPERIMENT_NAME: antsRegistration-r7-p14
VFC_BACKENDS: libinterflop_vprec.so --range-binary32=7 --precision-binary32=14 --range-binary64=7 --precision-binary64=14

SIF_IMG: /home/mdugre/projects/rrg-glatard/mdugre/containers/ants-vprec-no_metrics.simg

SUBJECT_ID: s017
INPUT_IMG: /home/mdugre/scratch/mri-registration-rp/datasets/ds004513/derivatives/mri-registration-rp/antsBrainExtraction/sub-s017/BrainExtractionBrain.nii.gz
OUTPUT_DIR: /home/mdugre/scratch/mri-registration-rp/datasets/ds004513/derivatives/mri-registration-rp/0100/antsRegistration-r7-p14/sub-s017

FIXED_IMG: /templateflow/tpl-MNI152NLin2009cAsym/tpl-MNI152NLin2009cAsym_res-01_desc-brain_T1w.nii.gz
DATA_DIR: /home/mdugre/scratch/mri-registration-rp/datasets/ds004513
TEMPLATEFLOW_DIR: /home/mdugre/projects/rrg-glatard/mdugre/templateflow
ITK_GLOBAL_DEFAULT_NUMBER_OF_THREADS: 16
##########################

Info [verificarlo]: loaded backend libinterflop_ieee.so
Info [interflop-ieee]: load backend with:
Info [interflop-ieee]: debug = false
Info [interflop-ieee]: debug-binary = false
Info [interflop-ieee]: no-backend-name = false
Info [interflop-ieee]: print-new-line = false
Info [interflop-ieee]: print-subnormal-normalized = false
Info [interflop-ieee]: count-op = false
All_Command_lines_OK
Using double precision for computations.
=============================================================================
The composite transform comprises the following transforms (in order): 
  1. Center of mass alignment using fixed image: /templateflow/tpl-MNI152NLin2009cAsym/tpl-MNI152NLin2009cAsym_res-01_desc-brain_T1w.nii.gz and moving image: /home/mdugre/scratch/mri-registration-rp/datasets/ds004513/derivatives/mri-registration-rp/antsBrainExtraction/sub-s017/BrainExtractionBrain.nii.gz (type = Euler3DTransform)
=============================================================================
  number of levels = 1
  fixed image: /templateflow/tpl-MNI152NLin2009cAsym/tpl-MNI152NLin2009cAsym_res-01_desc-brain_T1w.nii.gz
  moving image: /home/mdugre/scratch/mri-registration-rp/datasets/ds004513/derivatives/mri-registration-rp/antsBrainExtraction/sub-s017/BrainExtractionBrain.nii.gz
Dimension = 3
Number of stages = 1
Use histogram matching = false
Winsorize image intensities = true
  Lower quantile = 0.005
  Upper quantile = 0.995


Stage 1 State
   Image metric = MattesMI
     Fixed image = Image (0x4668e70)
  RTTI typeinfo:   itk::Image<double, 3u>
  Reference Count: 2
  Modified Time: 2334
  Debug: Off
  Object Name: 
  Observers: 
    none
  Source: (none)
  Source output name: (none)
  Release Data: Off
  Data Released: False
  Global Release Data: Off
  PipelineMTime: 0
  UpdateMTime: 1943
  RealTimeStamp: 0 seconds 
  LargestPossibleRegion: 
    Dimension: 3
    Index: [0, 0, 0]
    Size: [193, 229, 193]
  BufferedRegion: 
    Dimension: 3
    Index: [0, 0, 0]
    Size: [193, 229, 193]
  RequestedRegion: 
    Dimension: 3
    Index: [0, 0, 0]
    Size: [193, 229, 193]
  Spacing: [1, 1, 1]
  Origin: [96, 132, -78]
  Direction: 
-1 0 0
0 -1 0
0 0 1

  IndexToPointMatrix: 
-1 0 0
0 -1 0
0 0 1

  PointToIndexMatrix: 
-1 0 0
0 -1 0
0 0 1

  Inverse Direction: 
-1 0 0
0 -1 0
0 0 1

  PixelContainer: 
    ImportImageContainer (0x4671c60)
      RTTI typeinfo:   itk::ImportImageContainer<unsigned long, double>
      Reference Count: 1
      Modified Time: 1940
      Debug: Off
      Object Name: 
      Observers: 
        none
      Pointer: 0x152b944e1010
      Container manages memory: true
      Size: 8530021
      Capacity: 8530021

     Moving image = Image (0x4674610)
  RTTI typeinfo:   itk::Image<double, 3u>
  Reference Count: 2
  Modified Time: 2335
  Debug: Off
  Object Name: 
  Observers: 
    none
  Source: (none)
  Source output name: (none)
  Release Data: Off
  Data Released: False
  Global Release Data: Off
  PipelineMTime: 0
  UpdateMTime: 2332
  RealTimeStamp: 0 seconds 
  LargestPossibleRegion: 
    Dimension: 3
    Index: [0, 0, 0]
    Size: [160, 240, 256]
  BufferedRegion: 
    Dimension: 3
    Index: [0, 0, 0]
    Size: [160, 240, 256]
  RequestedRegion: 
    Dimension: 3
    Index: [0, 0, 0]
    Size: [160, 240, 256]
  Spacing: [1, 1, 1]
  Origin: [91.3357, 102.231, -120.042]
  Direction: 
-0.997442 -5.36781e-05 -0.0714818
5.35416e-05 -1 3.82465e-06
-0.0714818 -1.23894e-08 0.997442

  IndexToPointMatrix: 
-0.997444 -5.36781e-05 -0.0714818
5.35418e-05 -1 3.82465e-06
-0.0714819 -1.23894e-08 0.997442

  PointToIndexMatrix: 
-0.99744 5.35415e-05 -0.0714816
-5.36781e-05 -1 -1.23894e-08
-0.0714818 3.82465e-06 0.997442

  Inverse Direction: 
-0.997442 5.35416e-05 -0.0714818
-5.36781e-05 -1 -1.23894e-08
-0.0714818 3.82465e-06 0.997442

  PixelContainer: 
    ImportImageContainer (0x470def0)
      RTTI typeinfo:   itk::ImportImageContainer<unsigned long, double>
      Reference Count: 1
      Modified Time: 2329
      Debug: Off
      Object Name: 
      Observers: 
        none
      Pointer: 0x152b8f9e0010
      Container manages memory: true
      Size: 9830400
      Capacity: 9830400

     Weighting = 1
     Sampling strategy = regular
     Number of bins = 32
     Radius = 4
     Sampling percentage  = 0.25
   Transform = Rigid
     Gradient step = 0.1
     Update field sigma (voxel space) = 0
     Total field sigma (voxel space) = 0
     Update field time sigma = 0
     Total field time sigma  = 0
     Number of time indices = 0
     Number of time point samples = 0
Registration using 1 total stages.

Stage 0
  iterations = 0
  convergence threshold = 1e-06
  convergence window size = 10
  number of levels = 1
  using the Mattes MI metric (number of bins = 32, weight = 1, use gradient filter = 0)
  preprocessing:  winsorizing the image intensities
  Shrink factors (level 1 out of 1): [1, 1, 1]
  smoothing sigmas per level: [0]
  regular sampling (percentage = 0.25)

*** Running Euler3DTransform registration ***

  Elapsed time (stage 0): 1.08478


Total elapsed time: 1.08692
Info [verificarlo]: loaded backend libinterflop_vprec.so
Info [interflop-vprec]: load backend with: 
Info [interflop-vprec]: precision-binary32 = 14
Info [interflop-vprec]: range-binary32 = 7
Info [interflop-vprec]: precision-binary64 = 14
Info [interflop-vprec]: range-binary64 = 7
Info [interflop-vprec]: mode = ob
Info [interflop-vprec]: error-mode = rel
Info [interflop-vprec]: max-abs-error-exponent = -1022
Info [interflop-vprec]: daz = false
Info [interflop-vprec]: ftz = false
Info [interflop-vprec]: 	instrument = none
Info [interflop-vprec]: 	prec-input-file = (null)
Info [interflop-vprec]: 	prec-output-file = (null)
Info [interflop-vprec]: 	prec-log-file = (null)
All_Command_lines_OK
Using double precision for computations.
=============================================================================
The composite transform comprises the following transforms (in order): 
  1. /home/mdugre/scratch/mri-registration-rp/datasets/ds004513/derivatives/mri-registration-rp/0100/antsRegistration-r7-p14/sub-s017/align_Composite.h5[0] (type = Euler3DTransform)
  2. /home/mdugre/scratch/mri-registration-rp/datasets/ds004513/derivatives/mri-registration-rp/0100/antsRegistration-r7-p14/sub-s017/align_Composite.h5[1] (type = Euler3DTransform)
=============================================================================
  number of levels = 4
  fixed image: /templateflow/tpl-MNI152NLin2009cAsym/tpl-MNI152NLin2009cAsym_res-01_desc-brain_T1w.nii.gz
  moving image: /home/mdugre/scratch/mri-registration-rp/datasets/ds004513/derivatives/mri-registration-rp/antsBrainExtraction/sub-s017/BrainExtractionBrain.nii.gz
Dimension = 3
Number of stages = 1
Use histogram matching = false
Winsorize image intensities = true
  Lower quantile = 0.005
  Upper quantile = 0.995


Stage 1 State
   Image metric = MattesMI
     Fixed image = Image (0x4cee1e0)
  RTTI typeinfo:   itk::Image<double, 3u>
  Reference Count: 2
  Modified Time: 1578
  Debug: Off
  Object Name: 
  Observers: 
    none
  Source: (none)
  Source output name: (none)
  Release Data: Off
  Data Released: False
  Global Release Data: Off
  PipelineMTime: 0
  UpdateMTime: 1189
  RealTimeStamp: 0 seconds 
  LargestPossibleRegion: 
    Dimension: 3
    Index: [0, 0, 0]
    Size: [193, 229, 193]
  BufferedRegion: 
    Dimension: 3
    Index: [0, 0, 0]
    Size: [193, 229, 193]
  RequestedRegion: 
    Dimension: 3
    Index: [0, 0, 0]
    Size: [193, 229, 193]
  Spacing: [1, 1, 1]
  Origin: [96, 132, -78]
  Direction: 
-1 0 0
0 -1 0
0 0 1

  IndexToPointMatrix: 
-1 0 0
0 -1 0
0 0 1

  PointToIndexMatrix: 
-1 0 0
0 -1 0
0 0 1

  Inverse Direction: 
-1 0 0
0 -1 0
0 0 1

  PixelContainer: 
    ImportImageContainer (0x4dad680)
      RTTI typeinfo:   itk::ImportImageContainer<unsigned long, double>
      Reference Count: 1
      Modified Time: 1186
      Debug: Off
      Object Name: 
      Observers: 
        none
      Pointer: 0x145b39f6e010
      Container manages memory: true
      Size: 8530021
      Capacity: 8530021

     Moving image = Image (0x4da9b20)
  RTTI typeinfo:   itk::Image<double, 3u>
  Reference Count: 2
  Modified Time: 1579
  Debug: Off
  Object Name: 
  Observers: 
    none
  Source: (none)
  Source output name: (none)
  Release Data: Off
  Data Released: False
  Global Release Data: Off
  PipelineMTime: 0
  UpdateMTime: 1576
  RealTimeStamp: 0 seconds 
  LargestPossibleRegion: 
    Dimension: 3
    Index: [0, 0, 0]
    Size: [160, 240, 256]
  BufferedRegion: 
    Dimension: 3
    Index: [0, 0, 0]
    Size: [160, 240, 256]
  RequestedRegion: 
    Dimension: 3
    Index: [0, 0, 0]
    Size: [160, 240, 256]
  Spacing: [1, 1, 1]
  Origin: [91.3359, 102.23, -120.043]
  Direction: 
-0.997437 -5.36777e-05 -0.0714836
5.35417e-05 -1 3.82471e-06
-0.0714836 -1.23896e-08 0.997437

  IndexToPointMatrix: 
-0.997437 -5.36777e-05 -0.0714836
5.35417e-05 -1 3.82471e-06
-0.0714836 -1.23896e-08 0.997437

  PointToIndexMatrix: 
-0.997437 5.35417e-05 -0.0714836
-5.36777e-05 -1 -1.234e-08
-0.0714836 3.82471e-06 0.997437

  Inverse Direction: 
-0.997437 5.35417e-05 -0.0714836
-5.36777e-05 -1 -1.234e-08
-0.0714836 3.82471e-06 0.997437

  PixelContainer: 
    ImportImageContainer (0x4e12d50)
      RTTI typeinfo:   itk::ImportImageContainer<unsigned long, double>
      Reference Count: 1
      Modified Time: 1573
      Debug: Off
      Object Name: 
      Observers: 
        none
      Pointer: 0x145b3546d010
      Container manages memory: true
      Size: 9830400
      Capacity: 9830400

     Weighting = 1
     Sampling strategy = regular
     Number of bins = 32
     Radius = 4
     Sampling percentage  = 0.25
   Transform = Rigid
     Gradient step = 0.1
     Update field sigma (voxel space) = 0
     Total field sigma (voxel space) = 0
     Update field time sigma = 0
     Total field time sigma  = 0
     Number of time indices = 0
     Number of time point samples = 0
Registration using 1 total stages.

Stage 0
  iterations = 1000x500x250x100
  convergence threshold = 1e-06
  convergence window size = 10
  number of levels = 4
  using the Mattes MI metric (number of bins = 32, weight = 1, use gradient filter = 0)
  preprocessing:  winsorizing the image intensities
  Shrink factors (level 1 out of 4): [8, 8, 8]
  Shrink factors (level 2 out of 4): [4, 4, 4]
  Shrink factors (level 3 out of 4): [2, 2, 2]
  Shrink factors (level 4 out of 4): [1, 1, 1]
  smoothing sigmas per level: [3, 2, 1, 0]
  regular sampling (percentage = 0.25)

*** Running Euler3DTransform registration ***

DIAGNOSTIC,Iteration,metricValue,convergenceValue,ITERATION_TIME_INDEX,SINCE_LAST
 2DIAGNOSTIC,     1, -5.571896094151e-01, 1.797693134862e+308, 0.0000e+00, 0.0000e+00, 
 2DIAGNOSTIC,     2, -5.589227555359e-01, 1.797693134862e+308, 0.0000e+00, 0.0000e+00, 
 2DIAGNOSTIC,     3, -5.617184035082e-01, 1.797693134862e+308, 0.0000e+00, 0.0000e+00, 
 2DIAGNOSTIC,     4, -5.643007488549e-01, 1.797693134862e+308, 0.0000e+00, 0.0000e+00, 
 2DIAGNOSTIC,     5, -5.665684948249e-01, 1.797693134862e+308, 0.0000e+00, 0.0000e+00, 
 2DIAGNOSTIC,     6, -5.705173726343e-01, 1.797693134862e+308, 0.0000e+00, 0.0000e+00, 
 2DIAGNOSTIC,     7, -5.747651481734e-01, 1.797693134862e+308, 0.0000e+00, 0.0000e+00, 
 2DIAGNOSTIC,     8, -5.767120932540e-01, 1.797693134862e+308, 0.0000e+00, 0.0000e+00, 
 2DIAGNOSTIC,     9, -5.782224937199e-01, 1.797693134862e+308, 0.0000e+00, 0.0000e+00, 
 2DIAGNOSTIC,    10, -5.792729811169e-01, 2.751436053824e-03, 0.0000e+00, 0.0000e+00, 
 2DIAGNOSTIC,    11, -5.801301978467e-01, 2.349286799944e-03, 0.0000e+00, 0.0000e+00, 
 2DIAGNOSTIC,    12, -5.834933195457e-01, 2.011821479649e-03, 0.0000e+00, 0.0000e+00, 
 2DIAGNOSTIC,    13, -5.860526579226e-01, 1.746253552676e-03, 0.0000e+00, 0.0000e+00, 
 2DIAGNOSTIC,    14, -5.879747033557e-01, 1.520404589322e-03, 0.0000e+00, 0.0000e+00, 
 2DIAGNOSTIC,    15, -5.888345842242e-01, 1.289214095764e-03, 0.0000e+00, 0.0000e+00, 
 2DIAGNOSTIC,    16, -5.893795131938e-01, 1.106464457566e-03, 0.0000e+00, 0.0000e+00, 
 2DIAGNOSTIC,    17, -5.897083136119e-01, 9.750943349715e-04, 0.0000e+00, 0.0000e+00, 
 2DIAGNOSTIC,    18, -5.899955359203e-01, 8.280992114448e-04, 0.0000e+00, 0.0000e+00, 
 2DIAGNOSTIC,    19, -5.901533811389e-01, 6.634698580654e-04, 0.0000e+00, 0.0000e+00, 
 2DIAGNOSTIC,    20, -5.908234243174e-01, 4.973991449293e-04, 0.0000e+00, 0.0000e+00, 
 2DIAGNOSTIC,    21, -5.911527427986e-01, 3.276408257267e-04, 0.0000e+00, 0.0000e+00, 
 2DIAGNOSTIC,    22, -5.915916819324e-01, 2.269883531476e-04, 0.0000e+00, 0.0000e+00, 
 2DIAGNOSTIC,    23, -5.916556439534e-01, 1.692082645997e-04, 0.0000e+00, 0.0000e+00, 
 2DIAGNOSTIC,    24, -5.916697724883e-01, 1.399024047094e-04, 0.0000e+00, 0.0000e+00, 
 2DIAGNOSTIC,    25, -5.916728102959e-01, 1.166149537932e-04, 0.0000e+00, 0.0000e+00, 
 2DIAGNOSTIC,    26, -5.916445802569e-01, 9.379277819473e-05, 0.0000e+00, 0.0000e+00, 
 2DIAGNOSTIC,    27, -5.916337060675e-01, 6.966374360592e-05, 0.0000e+00, 0.0000e+00, 
 2DIAGNOSTIC,    28, -5.917007863696e-01, 4.710892065281e-05, 0.0000e+00, 0.0000e+00, 
 2DIAGNOSTIC,    29, -5.917007343957e-01, 2.425632346546e-05, 0.0000e+00, 0.0000e+00, 
 2DIAGNOSTIC,    30, -5.917001708569e-01, 1.159924732753e-05, 0.0000e+00, 0.0000e+00, 
 2DIAGNOSTIC,    31, -5.916998043323e-01, 3.782963589778e-06, 0.0000e+00, 0.0000e+00, 
 2DIAGNOSTIC,    32, -5.916994839673e-01, 2.849308359691e-06, 0.0000e+00, 0.0000e+00, 
 2DIAGNOSTIC,    33, -5.916993677980e-01, 2.704278824206e-06, 0.0000e+00, 0.0000e+00, 
 2DIAGNOSTIC,    34, -5.916989241034e-01, 2.579680737982e-06, 0.0000e+00, 0.0000e+00, 
 2DIAGNOSTIC,    35, -5.916990549268e-01, 2.368552106002e-06, 0.0000e+00, 0.0000e+00, 
 2DIAGNOSTIC,    36, -5.916990352965e-01, 1.657502265048e-06, 0.0000e+00, 0.0000e+00, 
DIAGNOSTIC,Iteration,metricValue,convergenceValue,ITERATION_TIME_INDEX,SINCE_LAST
 2DIAGNOSTIC,     1, -4.783804707269e-01, 1.797693134862e+308, 0.0000e+00, 0.0000e+00, 
 2DIAGNOSTIC,     2, -4.784422027268e-01, 1.797693134862e+308, 0.0000e+00, 0.0000e+00, 
 2DIAGNOSTIC,     3, -4.784461634005e-01, 1.797693134862e+308, 0.0000e+00, 0.0000e+00, 
 2DIAGNOSTIC,     4, -4.785031365775e-01, 1.797693134862e+308, 0.0000e+00, 0.0000e+00, 
 2DIAGNOSTIC,     5, -4.785182669581e-01, 1.797693134862e+308, 0.0000e+00, 0.0000e+00, 
 2DIAGNOSTIC,     6, -4.786969879282e-01, 1.797693134862e+308, 0.0000e+00, 0.0000e+00, 
 2DIAGNOSTIC,     7, -4.789276362659e-01, 1.797693134862e+308, 0.0000e+00, 0.0000e+00, 
 2DIAGNOSTIC,     8, -4.792786128155e-01, 1.797693134862e+308, 0.0000e+00, 0.0000e+00, 
 2DIAGNOSTIC,     9, -4.803536785337e-01, 1.797693134862e+308, 0.0000e+00, 0.0000e+00, 
 2DIAGNOSTIC,    10, -4.835778670623e-01, 4.582548442246e-04, 0.0000e+00, 0.0000e+00, 
 2DIAGNOSTIC,    11, -4.836344638855e-01, 6.149091592492e-04, 0.0000e+00, 0.0000e+00, 
 2DIAGNOSTIC,    12, -4.836390431719e-01, 6.961206391723e-04, 0.0000e+00, 0.0000e+00, 
 2DIAGNOSTIC,    13, -4.836389823017e-01, 7.043221284235e-04, 0.0000e+00, 0.0000e+00, 
 2DIAGNOSTIC,    14, -4.836390255390e-01, 6.489545681529e-04, 0.0000e+00, 0.0000e+00, 
 2DIAGNOSTIC,    15, -4.836390139562e-01, 5.404088061249e-04, 0.0000e+00, 0.0000e+00, 
 2DIAGNOSTIC,    16, -4.836390139562e-01, 4.028240110302e-04, 0.0000e+00, 0.0000e+00, 
 2DIAGNOSTIC,    17, -4.836390139562e-01, 2.545403537905e-04, 0.0000e+00, 0.0000e+00, 
 2DIAGNOSTIC,    18, -4.836355184481e-01, 1.111602937367e-04, 0.0000e+00, 0.0000e+00, 
 2DIAGNOSTIC,    19, -4.836355184481e-01, 3.357504384065e-06, 0.0000e+00, 0.0000e+00, 
 2DIAGNOSTIC,    20, -4.836355184481e-01, 1.328623691517e-06, 0.0000e+00, 0.0000e+00, 
 2DIAGNOSTIC,    21, -4.836355184481e-01, 1.091338839736e-06, 0.0000e+00, 0.0000e+00, 
 2DIAGNOSTIC,    22, -4.836355184481e-01, 1.026869643012e-06, 0.0000e+00, 0.0000e+00, 
DIAGNOSTIC,Iteration,metricValue,convergenceValue,ITERATION_TIME_INDEX,SINCE_LAST
 2DIAGNOSTIC,     1, -4.162025087661e-01, 1.797693134862e+308, 0.0000e+00, 0.0000e+00, 
 2DIAGNOSTIC,     2, -4.162290050143e-01, 1.797693134862e+308, 0.0000e+00, 0.0000e+00, 
 2DIAGNOSTIC,     3, -4.162443162402e-01, 1.797693134862e+308, 0.0000e+00, 0.0000e+00, 
 2DIAGNOSTIC,     4, -4.162487672561e-01, 1.797693134862e+308, 0.0000e+00, 0.0000e+00, 
 2DIAGNOSTIC,     5, -4.162526427328e-01, 1.797693134862e+308, 0.0000e+00, 0.0000e+00, 
 2DIAGNOSTIC,     6, -4.162575743165e-01, 1.797693134862e+308, 0.0000e+00, 0.0000e+00, 
 2DIAGNOSTIC,     7, -4.162579084757e-01, 1.797693134862e+308, 0.0000e+00, 0.0000e+00, 
 2DIAGNOSTIC,     8, -4.162462550707e-01, 1.797693134862e+308, 0.0000e+00, 0.0000e+00, 
 2DIAGNOSTIC,     9, -4.162524548476e-01, 1.797693134862e+308, 0.0000e+00, 0.0000e+00, 
 2DIAGNOSTIC,    10, -4.162388367056e-01, 7.226746196742e-06, 0.0000e+00, 0.0000e+00, 
 2DIAGNOSTIC,    11, -4.162376911842e-01, 2.864559598276e-06, 0.0000e+00, 0.0000e+00, 
DIAGNOSTIC,Iteration,metricValue,convergenceValue,ITERATION_TIME_INDEX,SINCE_LAST
 2DIAGNOSTIC,     1, -3.833169254461e-01, 1.797693134862e+308, 0.0000e+00, 0.0000e+00, 
 2DIAGNOSTIC,     2, -3.834350282872e-01, 1.797693134862e+308, 0.0000e+00, 0.0000e+00, 
 2DIAGNOSTIC,     3, -3.835361650272e-01, 1.797693134862e+308, 0.0000e+00, 0.0000e+00, 
 2DIAGNOSTIC,     4, -3.835773538501e-01, 1.797693134862e+308, 0.0000e+00, 0.0000e+00, 
 2DIAGNOSTIC,     5, -3.836718003865e-01, 1.797693134862e+308, 0.0000e+00, 0.0000e+00, 
 2DIAGNOSTIC,     6, -3.836784715406e-01, 1.797693134862e+308, 0.0000e+00, 0.0000e+00, 
 2DIAGNOSTIC,     7, -3.836644952285e-01, 1.797693134862e+308, 0.0000e+00, 0.0000e+00, 
 2DIAGNOSTIC,     8, -3.836632733920e-01, 1.797693134862e+308, 0.0000e+00, 0.0000e+00, 
 2DIAGNOSTIC,     9, -3.836470851986e-01, 1.797693134862e+308, 0.0000e+00, 0.0000e+00, 
 2DIAGNOSTIC,    10, -3.836288128940e-01, 4.945136918698e-05, 0.0000e+00, 0.0000e+00, 
 2DIAGNOSTIC,    11, -3.836264157015e-01, 2.386150458493e-05, 0.0000e+00, 0.0000e+00, 
 2DIAGNOSTIC,    12, -3.836229992147e-01, 7.650100449647e-06, 0.0000e+00, 0.0000e+00, 
  Elapsed time (stage 0): 0.0000e+00


Total elapsed time: 0.0000e+00
Info [verificarlo]: loaded backend libinterflop_ieee.so
Info [interflop-ieee]: load backend with:
Info [interflop-ieee]: debug = false
Info [interflop-ieee]: debug-binary = false
Info [interflop-ieee]: no-backend-name = false
Info [interflop-ieee]: print-new-line = false
Info [interflop-ieee]: print-subnormal-normalized = false
Info [interflop-ieee]: count-op = false
All_Command_lines_OK
Using double precision for computations.
=============================================================================
The composite transform comprises the following transforms (in order): 
  1. /home/mdugre/scratch/mri-registration-rp/datasets/ds004513/derivatives/mri-registration-rp/0100/antsRegistration-r7-p14/sub-s017/rigid_Composite.h5[0] (type = Euler3DTransform)
  2. /home/mdugre/scratch/mri-registration-rp/datasets/ds004513/derivatives/mri-registration-rp/0100/antsRegistration-r7-p14/sub-s017/rigid_Composite.h5[1] (type = Euler3DTransform)
  3. /home/mdugre/scratch/mri-registration-rp/datasets/ds004513/derivatives/mri-registration-rp/0100/antsRegistration-r7-p14/sub-s017/rigid_Composite.h5[2] (type = Euler3DTransform)
=============================================================================
  number of levels = 4
  fixed image: /templateflow/tpl-MNI152NLin2009cAsym/tpl-MNI152NLin2009cAsym_res-01_desc-brain_T1w.nii.gz
  moving image: /home/mdugre/scratch/mri-registration-rp/datasets/ds004513/derivatives/mri-registration-rp/antsBrainExtraction/sub-s017/BrainExtractionBrain.nii.gz
Dimension = 3
Number of stages = 1
Use histogram matching = false
Winsorize image intensities = true
  Lower quantile = 0.005
  Upper quantile = 0.995


Stage 1 State
   Image metric = MattesMI
     Fixed image = Image (0x3d547e0)
  RTTI typeinfo:   itk::Image<double, 3u>
  Reference Count: 2
  Modified Time: 1594
  Debug: Off
  Object Name: 
  Observers: 
    none
  Source: (none)
  Source output name: (none)
  Release Data: Off
  Data Released: False
  Global Release Data: Off
  PipelineMTime: 0
  UpdateMTime: 1203
  RealTimeStamp: 0 seconds 
  LargestPossibleRegion: 
    Dimension: 3
    Index: [0, 0, 0]
    Size: [193, 229, 193]
  BufferedRegion: 
    Dimension: 3
    Index: [0, 0, 0]
    Size: [193, 229, 193]
  RequestedRegion: 
    Dimension: 3
    Index: [0, 0, 0]
    Size: [193, 229, 193]
  Spacing: [1, 1, 1]
  Origin: [96, 132, -78]
  Direction: 
-1 0 0
0 -1 0
0 0 1

  IndexToPointMatrix: 
-1 0 0
0 -1 0
0 0 1

  PointToIndexMatrix: 
-1 0 0
0 -1 0
0 0 1

  Inverse Direction: 
-1 0 0
0 -1 0
0 0 1

  PixelContainer: 
    ImportImageContainer (0x3e14a20)
      RTTI typeinfo:   itk::ImportImageContainer<unsigned long, double>
      Reference Count: 1
      Modified Time: 1200
      Debug: Off
      Object Name: 
      Observers: 
        none
      Pointer: 0x14ddfb3a2010
      Container manages memory: true
      Size: 8530021
      Capacity: 8530021

     Moving image = Image (0x3dc7cf0)
  RTTI typeinfo:   itk::Image<double, 3u>
  Reference Count: 2
  Modified Time: 1595
  Debug: Off
  Object Name: 
  Observers: 
    none
  Source: (none)
  Source output name: (none)
  Release Data: Off
  Data Released: False
  Global Release Data: Off
  PipelineMTime: 0
  UpdateMTime: 1592
  RealTimeStamp: 0 seconds 
  LargestPossibleRegion: 
    Dimension: 3
    Index: [0, 0, 0]
    Size: [160, 240, 256]
  BufferedRegion: 
    Dimension: 3
    Index: [0, 0, 0]
    Size: [160, 240, 256]
  RequestedRegion: 
    Dimension: 3
    Index: [0, 0, 0]
    Size: [160, 240, 256]
  Spacing: [1, 1, 1]
  Origin: [91.3357, 102.231, -120.042]
  Direction: 
-0.997442 -5.36781e-05 -0.0714818
5.35416e-05 -1 3.82465e-06
-0.0714818 -1.23894e-08 0.997442

  IndexToPointMatrix: 
-0.997444 -5.36781e-05 -0.0714818
5.35418e-05 -1 3.82465e-06
-0.0714819 -1.23894e-08 0.997442

  PointToIndexMatrix: 
-0.99744 5.35415e-05 -0.0714816
-5.36781e-05 -1 -1.23894e-08
-0.0714818 3.82465e-06 0.997442

  Inverse Direction: 
-0.997442 5.35416e-05 -0.0714818
-5.36781e-05 -1 -1.23894e-08
-0.0714818 3.82465e-06 0.997442

  PixelContainer: 
    ImportImageContainer (0x3e43550)
      RTTI typeinfo:   itk::ImportImageContainer<unsigned long, double>
      Reference Count: 1
      Modified Time: 1589
      Debug: Off
      Object Name: 
      Observers: 
        none
      Pointer: 0x14ddf68a1010
      Container manages memory: true
      Size: 9830400
      Capacity: 9830400

     Weighting = 1
     Sampling strategy = regular
     Number of bins = 32
     Radius = 4
     Sampling percentage  = 0.25
   Transform = Affine
     Gradient step = 0.1
     Update field sigma (voxel space) = 0
     Total field sigma (voxel space) = 0
     Update field time sigma = 0
     Total field time sigma  = 0
     Number of time indices = 0
     Number of time point samples = 0
Registration using 1 total stages.

Stage 0
  iterations = 1000x500x250x100
  convergence threshold = 1e-06
  convergence window size = 10
  number of levels = 4
  using the Mattes MI metric (number of bins = 32, weight = 1, use gradient filter = 0)
  preprocessing:  winsorizing the image intensities
  Shrink factors (level 1 out of 4): [8, 8, 8]
  Shrink factors (level 2 out of 4): [4, 4, 4]
  Shrink factors (level 3 out of 4): [2, 2, 2]
  Shrink factors (level 4 out of 4): [1, 1, 1]
  smoothing sigmas per level: [3, 2, 1, 0]
  regular sampling (percentage = 0.25)

*** Running AffineTransform registration ***

DIAGNOSTIC,Iteration,metricValue,convergenceValue,ITERATION_TIME_INDEX,SINCE_LAST
 2DIAGNOSTIC,     1, -5.792948249230e-01, 1.797693134862e+308, 7.0505e-01, 7.0504e-01, 
 2DIAGNOSTIC,     2, -5.818252396545e-01, 1.797693134862e+308, 7.0999e-01, 4.9400e-03, 
 2DIAGNOSTIC,     3, -5.860005319531e-01, 1.797693134862e+308, 7.1474e-01, 4.7550e-03, 
 2DIAGNOSTIC,     4, -5.935216326197e-01, 1.797693134862e+308, 7.1929e-01, 4.5521e-03, 
 2DIAGNOSTIC,     5, -6.074370062125e-01, 1.797693134862e+308, 7.2421e-01, 4.9191e-03, 
 2DIAGNOSTIC,     6, -6.291868415308e-01, 1.797693134862e+308, 7.2876e-01, 4.5519e-03, 
 2DIAGNOSTIC,     7, -6.811526500408e-01, 1.797693134862e+308, 7.3347e-01, 4.7052e-03, 
 2DIAGNOSTIC,     8, -7.291334905419e-01, 1.797693134862e+308, 7.4070e-01, 7.2300e-03, 
 2DIAGNOSTIC,     9, -7.866531847574e-01, 1.797693134862e+308, 7.4826e-01, 7.5591e-03, 
 2DIAGNOSTIC,    10, -7.912454522565e-01, 2.320099846324e-02, 7.5358e-01, 5.3232e-03, 
 2DIAGNOSTIC,    11, -8.050626430179e-01, 2.327590312550e-02, 7.5901e-01, 5.4328e-03, 
 2DIAGNOSTIC,    12, -8.319518676400e-01, 2.222147489477e-02, 7.6441e-01, 5.3990e-03, 
 2DIAGNOSTIC,    13, -8.572076510959e-01, 2.021204115734e-02, 7.6970e-01, 5.2869e-03, 
 2DIAGNOSTIC,    14, -8.718084782659e-01, 1.733450365618e-02, 7.7564e-01, 5.9369e-03, 
 2DIAGNOSTIC,    15, -8.769897895756e-01, 1.387873013388e-02, 7.8095e-01, 5.3089e-03, 
 2DIAGNOSTIC,    16, -8.804501652346e-01, 1.029910509739e-02, 7.8695e-01, 5.9988e-03, 
 2DIAGNOSTIC,    17, -8.884693378194e-01, 7.613051095241e-03, 7.9390e-01, 6.9499e-03, 
 2DIAGNOSTIC,    18, -8.886934547567e-01, 5.560075350016e-03, 8.0000e-01, 6.1049e-03, 
 2DIAGNOSTIC,    19, -8.903286751061e-01, 4.427135880503e-03, 8.0584e-01, 5.8370e-03, 
 2DIAGNOSTIC,    20, -8.907187859869e-01, 3.116789657192e-03, 8.1408e-01, 8.2469e-03, 
 2DIAGNOSTIC,    21, -8.908427236623e-01, 1.903015805357e-03, 8.1996e-01, 5.8770e-03, 
 2DIAGNOSTIC,    22, -8.908017659072e-01, 1.078327789671e-03, 8.2582e-01, 5.8610e-03, 
 2DIAGNOSTIC,    23, -8.907450923704e-01, 6.299731090233e-04, 8.3152e-01, 5.6961e-03, 
 2DIAGNOSTIC,    24, -8.904106728643e-01, 3.810460556494e-04, 8.3665e-01, 5.1348e-03, 
 2DIAGNOSTIC,    25, -8.905790705515e-01, 1.962948986034e-04, 8.4241e-01, 5.7540e-03, 
 2DIAGNOSTIC,    26, -8.905356804723e-01, 5.350192406842e-05, 8.4754e-01, 5.1372e-03, 
 2DIAGNOSTIC,    27, -8.904082180683e-01, 2.230863858160e-05, 8.5335e-01, 5.8060e-03, 
DIAGNOSTIC,Iteration,metricValue,convergenceValue,ITERATION_TIME_INDEX,SINCE_LAST
 2DIAGNOSTIC,     1, -7.460249421810e-01, 1.797693134862e+308, 1.6204e+00, 7.6701e-01, 
 2DIAGNOSTIC,     2, -7.471078124991e-01, 1.797693134862e+308, 1.6595e+00, 3.9134e-02, 
 2DIAGNOSTIC,     3, -7.479056047168e-01, 1.797693134862e+308, 1.6980e+00, 3.8500e-02, 
 2DIAGNOSTIC,     4, -7.484715717628e-01, 1.797693134862e+308, 1.7365e+00, 3.8528e-02, 
 2DIAGNOSTIC,     5, -7.489046223783e-01, 1.797693134862e+308, 1.7756e+00, 3.9104e-02, 
 2DIAGNOSTIC,     6, -7.493992960358e-01, 1.797693134862e+308, 1.8264e+00, 5.0728e-02, 
 2DIAGNOSTIC,     7, -7.498758183619e-01, 1.797693134862e+308, 1.8760e+00, 4.9690e-02, 
 2DIAGNOSTIC,     8, -7.497967751177e-01, 1.797693134862e+308, 1.9187e+00, 4.2624e-02, 
 2DIAGNOSTIC,     9, -7.498416823918e-01, 1.797693134862e+308, 1.9567e+00, 3.7995e-02, 
 2DIAGNOSTIC,    10, -7.500501450870e-01, 3.250172936067e-04, 2.0001e+00, 4.3424e-02, 
 2DIAGNOSTIC,    11, -7.502820627399e-01, 2.273216157479e-04, 2.0426e+00, 4.2563e-02, 
 2DIAGNOSTIC,    12, -7.504491307250e-01, 1.646431524552e-04, 2.0894e+00, 4.6731e-02, 
 2DIAGNOSTIC,    13, -7.505895773947e-01, 1.243174389990e-04, 2.1517e+00, 6.2346e-02, 
 2DIAGNOSTIC,    14, -7.505627261686e-01, 9.335340840252e-05, 2.1957e+00, 4.4014e-02, 
 2DIAGNOSTIC,    15, -7.505900456099e-01, 6.962135307803e-05, 2.2381e+00, 4.2356e-02, 
 2DIAGNOSTIC,    16, -7.505699345766e-01, 5.349294585255e-05, 2.2806e+00, 4.2523e-02, 
 2DIAGNOSTIC,    17, -7.505459145074e-01, 4.467266828095e-05, 2.3198e+00, 3.9197e-02, 
 2DIAGNOSTIC,    18, -7.505389658053e-01, 3.113205850294e-05, 2.3713e+00, 5.1531e-02, 
 2DIAGNOSTIC,    19, -7.505420662049e-01, 1.723485002972e-05, 2.4190e+00, 4.7684e-02, 
 2DIAGNOSTIC,    20, -7.505289298078e-01, 6.925600883063e-06, 2.4629e+00, 4.3826e-02, 
DIAGNOSTIC,Iteration,metricValue,convergenceValue,ITERATION_TIME_INDEX,SINCE_LAST
 2DIAGNOSTIC,     1, -6.295483604136e-01, 1.797693134862e+308, 3.6081e+00, 1.1452e+00, 
 2DIAGNOSTIC,     2, -6.300811082889e-01, 1.797693134862e+308, 3.8899e+00, 2.8184e-01, 
 2DIAGNOSTIC,     3, -6.306686835888e-01, 1.797693134862e+308, 4.2135e+00, 3.2365e-01, 
 2DIAGNOSTIC,     4, -6.312532474191e-01, 1.797693134862e+308, 4.5211e+00, 3.0757e-01, 
 2DIAGNOSTIC,     5, -6.324137306865e-01, 1.797693134862e+308, 4.8904e+00, 3.6925e-01, 
 2DIAGNOSTIC,     6, -6.324334215312e-01, 1.797693134862e+308, 5.2952e+00, 4.0488e-01, 
 2DIAGNOSTIC,     7, -6.324596450284e-01, 1.797693134862e+308, 5.6043e+00, 3.0904e-01, 
 2DIAGNOSTIC,     8, -6.324817647167e-01, 1.797693134862e+308, 5.9741e+00, 3.6982e-01, 
 2DIAGNOSTIC,     9, -6.324815747408e-01, 1.797693134862e+308, 6.3696e+00, 3.9550e-01, 
 2DIAGNOSTIC,    10, -6.324816691657e-01, 3.122964702276e-04, 6.6696e+00, 2.9996e-01, 
 2DIAGNOSTIC,    11, -6.324779294445e-01, 2.024590530221e-04, 7.0438e+00, 3.7428e-01, 
 2DIAGNOSTIC,    12, -6.324803036438e-01, 1.134409593311e-04, 7.4202e+00, 3.7634e-01, 
 2DIAGNOSTIC,    13, -6.324779057659e-01, 4.827318460160e-05, 7.7583e+00, 3.3815e-01, 
 2DIAGNOSTIC,    14, -6.324769715000e-01, 5.963650212812e-06, 8.1487e+00, 3.9033e-01, 
 2DIAGNOSTIC,    15, -6.324745229697e-01, 3.691174758111e-06, 8.4796e+00, 3.3090e-01, 
 2DIAGNOSTIC,    16, -6.324748177920e-01, 2.109260560892e-06, 8.8309e+00, 3.5138e-01, 
 2DIAGNOSTIC,    17, -6.324723841954e-01, 1.313281970325e-06, 9.1586e+00, 3.2761e-01, 
 2DIAGNOSTIC,    18, -6.324726933193e-01, 1.218169432146e-06, 9.4477e+00, 2.8912e-01, 
 2DIAGNOSTIC,    19, -6.324718215720e-01, 1.158747105386e-06, 9.7761e+00, 3.2839e-01, 
 2DIAGNOSTIC,    20, -6.324723402523e-01, 1.169971378917e-06, 1.0072e+01, 2.9634e-01, 
 2DIAGNOSTIC,    21, -6.324718203160e-01, 1.125640721786e-06, 1.0376e+01, 3.0329e-01, 
 2DIAGNOSTIC,    22, -6.324714529650e-01, 1.164071225239e-06, 1.0715e+01, 3.3970e-01, 
 2DIAGNOSTIC,    23, -6.324708112946e-01, 1.166618928503e-06, 1.1074e+01, 3.5870e-01, 
 2DIAGNOSTIC,    24, -6.324713615208e-01, 1.183078262752e-06, 1.1446e+01, 3.7160e-01, 
 2DIAGNOSTIC,    25, -6.324705157291e-01, 1.151227528653e-06, 1.1759e+01, 3.1363e-01, 
 2DIAGNOSTIC,    26, -6.324658649885e-01, 1.059487757735e-06, 1.2099e+01, 3.3922e-01, 
DIAGNOSTIC,Iteration,metricValue,convergenceValue,ITERATION_TIME_INDEX,SINCE_LAST
 2DIAGNOSTIC,     1, -5.630389060677e-01, 1.797693134862e+308, 1.5155e+01, 3.0566e+00, 
 2DIAGNOSTIC,     2, -5.635725261217e-01, 1.797693134862e+308, 1.7201e+01, 2.0458e+00, 
 2DIAGNOSTIC,     3, -5.641541774062e-01, 1.797693134862e+308, 1.9206e+01, 2.0054e+00, 
 2DIAGNOSTIC,     4, -5.650905537089e-01, 1.797693134862e+308, 2.1066e+01, 1.8595e+00, 
 2DIAGNOSTIC,     5, -5.658475642721e-01, 1.797693134862e+308, 2.5430e+01, 4.3645e+00, 
 2DIAGNOSTIC,     6, -5.658473623933e-01, 1.797693134862e+308, 2.7837e+01, 2.4069e+00, 
 2DIAGNOSTIC,     7, -5.658471766499e-01, 1.797693134862e+308, 2.9869e+01, 2.0321e+00, 
 2DIAGNOSTIC,     8, -5.658469777284e-01, 1.797693134862e+308, 3.1805e+01, 1.9354e+00, 
 2DIAGNOSTIC,     9, -5.658469451486e-01, 1.797693134862e+308, 3.3540e+01, 1.7356e+00, 
 2DIAGNOSTIC,    10, -5.658468451033e-01, 3.218791774923e-04, 3.5667e+01, 2.1262e+00, 
 2DIAGNOSTIC,    11, -5.658465319658e-01, 1.987212236183e-04, 3.7655e+01, 1.9888e+00, 
 2DIAGNOSTIC,    12, -5.658465133813e-01, 1.012069483568e-04, 4.0044e+01, 2.3885e+00, 
 2DIAGNOSTIC,    13, -5.658462855633e-01, 3.161393859016e-05, 4.2145e+01, 2.1015e+00, 
 2DIAGNOSTIC,    14, -5.658461815356e-01, 2.166072993554e-06, 4.3870e+01, 1.7243e+00, 
 2DIAGNOSTIC,    15, -5.658461078037e-01, 2.026584593334e-06, 4.5597e+01, 1.7273e+00, 
 2DIAGNOSTIC,    16, -5.658460849865e-01, 1.906451715938e-06, 4.7694e+01, 2.0973e+00, 
 2DIAGNOSTIC,    17, -5.658460176604e-01, 1.800771859836e-06, 4.9646e+01, 1.9515e+00, 
 2DIAGNOSTIC,    18, -5.658456256477e-01, 1.696962785354e-06, 5.1563e+01, 1.9174e+00, 
 2DIAGNOSTIC,    19, -5.658453914182e-01, 1.603971466924e-06, 5.3471e+01, 1.9081e+00, 
 2DIAGNOSTIC,    20, -5.658454312514e-01, 1.525599397548e-06, 5.5449e+01, 1.9772e+00, 
 2DIAGNOSTIC,    21, -5.658450441565e-01, 1.443762277141e-06, 5.7441e+01, 1.9923e+00, 
 2DIAGNOSTIC,    22, -5.658450808966e-01, 1.376833542337e-06, 5.9482e+01, 2.0409e+00, 
 2DIAGNOSTIC,    23, -5.658449766102e-01, 1.315111699075e-06, 6.1366e+01, 1.8847e+00, 
 2DIAGNOSTIC,    24, -5.658447544011e-01, 1.258212863745e-06, 6.3259e+01, 1.8922e+00, 
 2DIAGNOSTIC,    25, -5.658445825919e-01, 1.207328006687e-06, 6.5482e+01, 2.2233e+00, 
 2DIAGNOSTIC,    26, -5.658446925307e-01, 1.168229512738e-06, 6.7511e+01, 2.0294e+00, 
 2DIAGNOSTIC,    27, -5.658446558649e-01, 1.135381185617e-06, 6.9866e+01, 2.3551e+00, 
 2DIAGNOSTIC,    28, -5.658443973333e-01, 1.097345570057e-06, 7.1880e+01, 2.0139e+00, 
 2DIAGNOSTIC,    29, -5.658442735085e-01, 1.059582048143e-06, 7.3791e+01, 1.9107e+00, 
 2DIAGNOSTIC,    30, -5.658440183892e-01, 1.024524296393e-06, 7.5564e+01, 1.7733e+00, 
  Elapsed time (stage 0): 7.6689e+01


Total elapsed time: 7.6691e+01
Info [verificarlo]: loaded backend libinterflop_ieee.so
Info [interflop-ieee]: load backend with:
Info [interflop-ieee]: debug = false
Info [interflop-ieee]: debug-binary = false
Info [interflop-ieee]: no-backend-name = false
Info [interflop-ieee]: print-new-line = false
Info [interflop-ieee]: print-subnormal-normalized = false
Info [interflop-ieee]: count-op = false
All_Command_lines_OK
Using double precision for computations.
=============================================================================
The composite transform comprises the following transforms (in order): 
  1. /home/mdugre/scratch/mri-registration-rp/datasets/ds004513/derivatives/mri-registration-rp/0100/antsRegistration-r7-p14/sub-s017/affine_Composite.h5[0] (type = Euler3DTransform)
  2. /home/mdugre/scratch/mri-registration-rp/datasets/ds004513/derivatives/mri-registration-rp/0100/antsRegistration-r7-p14/sub-s017/affine_Composite.h5[1] (type = Euler3DTransform)
  3. /home/mdugre/scratch/mri-registration-rp/datasets/ds004513/derivatives/mri-registration-rp/0100/antsRegistration-r7-p14/sub-s017/affine_Composite.h5[2] (type = Euler3DTransform)
  4. /home/mdugre/scratch/mri-registration-rp/datasets/ds004513/derivatives/mri-registration-rp/0100/antsRegistration-r7-p14/sub-s017/affine_Composite.h5[3] (type = AffineTransform)
=============================================================================
  number of levels = 4
  fixed image: /templateflow/tpl-MNI152NLin2009cAsym/tpl-MNI152NLin2009cAsym_res-01_desc-brain_T1w.nii.gz
  moving image: /home/mdugre/scratch/mri-registration-rp/datasets/ds004513/derivatives/mri-registration-rp/antsBrainExtraction/sub-s017/BrainExtractionBrain.nii.gz
Dimension = 3
Number of stages = 1
Use histogram matching = false
Winsorize image intensities = true
  Lower quantile = 0.005
  Upper quantile = 0.995


Stage 1 State
   Image metric = CC
     Fixed image = Image (0x4e8ca40)
  RTTI typeinfo:   itk::Image<double, 3u>
  Reference Count: 2
  Modified Time: 1608
  Debug: Off
  Object Name: 
  Observers: 
    none
  Source: (none)
  Source output name: (none)
  Release Data: Off
  Data Released: False
  Global Release Data: Off
  PipelineMTime: 0
  UpdateMTime: 1217
  RealTimeStamp: 0 seconds 
  LargestPossibleRegion: 
    Dimension: 3
    Index: [0, 0, 0]
    Size: [193, 229, 193]
  BufferedRegion: 
    Dimension: 3
    Index: [0, 0, 0]
    Size: [193, 229, 193]
  RequestedRegion: 
    Dimension: 3
    Index: [0, 0, 0]
    Size: [193, 229, 193]
  Spacing: [1, 1, 1]
  Origin: [96, 132, -78]
  Direction: 
-1 0 0
0 -1 0
0 0 1

  IndexToPointMatrix: 
-1 0 0
0 -1 0
0 0 1

  PointToIndexMatrix: 
-1 0 0
0 -1 0
0 0 1

  Inverse Direction: 
-1 0 0
0 -1 0
0 0 1

  PixelContainer: 
    ImportImageContainer (0x4f5b780)
      RTTI typeinfo:   itk::ImportImageContainer<unsigned long, double>
      Reference Count: 1
      Modified Time: 1214
      Debug: Off
      Object Name: 
      Observers: 
        none
      Pointer: 0x1497f86aa010
      Container manages memory: true
      Size: 8530021
      Capacity: 8530021

     Moving image = Image (0x4f483b0)
  RTTI typeinfo:   itk::Image<double, 3u>
  Reference Count: 2
  Modified Time: 1609
  Debug: Off
  Object Name: 
  Observers: 
    none
  Source: (none)
  Source output name: (none)
  Release Data: Off
  Data Released: False
  Global Release Data: Off
  PipelineMTime: 0
  UpdateMTime: 1606
  RealTimeStamp: 0 seconds 
  LargestPossibleRegion: 
    Dimension: 3
    Index: [0, 0, 0]
    Size: [160, 240, 256]
  BufferedRegion: 
    Dimension: 3
    Index: [0, 0, 0]
    Size: [160, 240, 256]
  RequestedRegion: 
    Dimension: 3
    Index: [0, 0, 0]
    Size: [160, 240, 256]
  Spacing: [1, 1, 1]
  Origin: [91.3357, 102.231, -120.042]
  Direction: 
-0.997442 -5.36781e-05 -0.0714818
5.35416e-05 -1 3.82465e-06
-0.0714818 -1.23894e-08 0.997442

  IndexToPointMatrix: 
-0.997444 -5.36781e-05 -0.0714818
5.35418e-05 -1 3.82465e-06
-0.0714819 -1.23894e-08 0.997442

  PointToIndexMatrix: 
-0.99744 5.35415e-05 -0.0714816
-5.36781e-05 -1 -1.23894e-08
-0.0714818 3.82465e-06 0.997442

  Inverse Direction: 
-0.997442 5.35416e-05 -0.0714818
-5.36781e-05 -1 -1.23894e-08
-0.0714818 3.82465e-06 0.997442

  PixelContainer: 
    ImportImageContainer (0x4fa4550)
      RTTI typeinfo:   itk::ImportImageContainer<unsigned long, double>
      Reference Count: 1
      Modified Time: 1603
      Debug: Off
      Object Name: 
      Observers: 
        none
      Pointer: 0x1497f3ba9010
      Container manages memory: true
      Size: 9830400
      Capacity: 9830400

     Weighting = 1
     Sampling strategy = none
     Number of bins = 32
     Radius = 4
     Sampling percentage  = 1
   Transform = SyN
     Gradient step = 0.1
     Update field sigma (voxel space) = 3
     Total field sigma (voxel space) = 0
     Update field time sigma = 0
     Total field time sigma  = 0
     Number of time indices = 0
     Number of time point samples = 0
Registration using 1 total stages.

Stage 0
  iterations = 100x70x50x20
  convergence threshold = 1e-06
  convergence window size = 10
  number of levels = 4
  using the CC metric (radius = 4, weight = 1, use gradient filter = 0)
  preprocessing:  winsorizing the image intensities
  Shrink factors (level 1 out of 4): [8, 8, 8]
  Shrink factors (level 2 out of 4): [4, 4, 4]
  Shrink factors (level 3 out of 4): [2, 2, 2]
  Shrink factors (level 4 out of 4): [1, 1, 1]
  smoothing sigmas per level: [3, 2, 1, 0]
  Using default NONE metricSamplingStrategy 

*** Running SyN registration (varianceForUpdateField = 3, varianceForTotalField = 0) ***

XXDIAGNOSTIC,Iteration,metricValue,convergenceValue,ITERATION_TIME_INDEX,SINCE_LAST
 1DIAGNOSTIC,     1, -9.270831593639e-01, 1.797693134862e+308, 9.8788e-01, 9.8788e-01, 
 1DIAGNOSTIC,     2, -9.334499787062e-01, 1.797693134862e+308, 1.3324e+00, 3.4449e-01, 
 1DIAGNOSTIC,     3, -9.388588096322e-01, 1.797693134862e+308, 1.6643e+00, 3.3187e-01, 
 1DIAGNOSTIC,     4, -9.433549874518e-01, 1.797693134862e+308, 2.0106e+00, 3.4638e-01, 
 1DIAGNOSTIC,     5, -9.464826256104e-01, 1.797693134862e+308, 2.3411e+00, 3.3046e-01, 
 1DIAGNOSTIC,     6, -9.489449048980e-01, 1.797693134862e+308, 2.6723e+00, 3.3125e-01, 
