
##########################
# Experiment information #
##########################

EXPERIMENT_NAME: antsRegistration-r7-p7
VFC_BACKENDS: libinterflop_vprec.so --range-binary32=7 --precision-binary32=7 --range-binary64=7 --precision-binary64=7

SIF_IMG: /home/mdugre/projects/rrg-glatard/mdugre/containers/ants-vprec-no_metrics.simg

SUBJECT_ID: s020
INPUT_IMG: /home/mdugre/scratch/mri-registration-rp/datasets/ds004513/derivatives/mri-registration-rp/antsBrainExtraction/sub-s020/BrainExtractionBrain.nii.gz
OUTPUT_DIR: /home/mdugre/scratch/mri-registration-rp/datasets/ds004513/derivatives/mri-registration-rp/0100/antsRegistration-r7-p7/sub-s020

FIXED_IMG: /templateflow/tpl-MNI152NLin2009cAsym/tpl-MNI152NLin2009cAsym_res-01_desc-brain_T1w.nii.gz
DATA_DIR: /home/mdugre/scratch/mri-registration-rp/datasets/ds004513
TEMPLATEFLOW_DIR: /home/mdugre/projects/rrg-glatard/mdugre/templateflow
ITK_GLOBAL_DEFAULT_NUMBER_OF_THREADS: 16
##########################

Info [verificarlo]: loaded backend libinterflop_ieee.so
Info [interflop-ieee]: load backend with:
Info [interflop-ieee]: debug = false
Info [interflop-ieee]: debug-binary = false
Info [interflop-ieee]: no-backend-name = false
Info [interflop-ieee]: print-new-line = false
Info [interflop-ieee]: print-subnormal-normalized = false
Info [interflop-ieee]: count-op = false
All_Command_lines_OK
Using double precision for computations.
=============================================================================
The composite transform comprises the following transforms (in order): 
  1. Center of mass alignment using fixed image: /templateflow/tpl-MNI152NLin2009cAsym/tpl-MNI152NLin2009cAsym_res-01_desc-brain_T1w.nii.gz and moving image: /home/mdugre/scratch/mri-registration-rp/datasets/ds004513/derivatives/mri-registration-rp/antsBrainExtraction/sub-s020/BrainExtractionBrain.nii.gz (type = Euler3DTransform)
=============================================================================
  number of levels = 1
  fixed image: /templateflow/tpl-MNI152NLin2009cAsym/tpl-MNI152NLin2009cAsym_res-01_desc-brain_T1w.nii.gz
  moving image: /home/mdugre/scratch/mri-registration-rp/datasets/ds004513/derivatives/mri-registration-rp/antsBrainExtraction/sub-s020/BrainExtractionBrain.nii.gz
Dimension = 3
Number of stages = 1
Use histogram matching = false
Winsorize image intensities = true
  Lower quantile = 0.005
  Upper quantile = 0.995


Stage 1 State
   Image metric = MattesMI
     Fixed image = Image (0x336cbd0)
  RTTI typeinfo:   itk::Image<double, 3u>
  Reference Count: 2
  Modified Time: 2334
  Debug: Off
  Object Name: 
  Observers: 
    none
  Source: (none)
  Source output name: (none)
  Release Data: Off
  Data Released: False
  Global Release Data: Off
  PipelineMTime: 0
  UpdateMTime: 1943
  RealTimeStamp: 0 seconds 
  LargestPossibleRegion: 
    Dimension: 3
    Index: [0, 0, 0]
    Size: [193, 229, 193]
  BufferedRegion: 
    Dimension: 3
    Index: [0, 0, 0]
    Size: [193, 229, 193]
  RequestedRegion: 
    Dimension: 3
    Index: [0, 0, 0]
    Size: [193, 229, 193]
  Spacing: [1, 1, 1]
  Origin: [96, 132, -78]
  Direction: 
-1 0 0
0 -1 0
0 0 1

  IndexToPointMatrix: 
-1 0 0
0 -1 0
0 0 1

  PointToIndexMatrix: 
-1 0 0
0 -1 0
0 0 1

  Inverse Direction: 
-1 0 0
0 -1 0
0 0 1

  PixelContainer: 
    ImportImageContainer (0x33759e0)
      RTTI typeinfo:   itk::ImportImageContainer<unsigned long, double>
      Reference Count: 1
      Modified Time: 1940
      Debug: Off
      Object Name: 
      Observers: 
        none
      Pointer: 0x14db3f55f010
      Container manages memory: true
      Size: 8530021
      Capacity: 8530021

     Moving image = Image (0x3376bd0)
  RTTI typeinfo:   itk::Image<double, 3u>
  Reference Count: 2
  Modified Time: 2335
  Debug: Off
  Object Name: 
  Observers: 
    none
  Source: (none)
  Source output name: (none)
  Release Data: Off
  Data Released: False
  Global Release Data: Off
  PipelineMTime: 0
  UpdateMTime: 2332
  RealTimeStamp: 0 seconds 
  LargestPossibleRegion: 
    Dimension: 3
    Index: [0, 0, 0]
    Size: [160, 240, 256]
  BufferedRegion: 
    Dimension: 3
    Index: [0, 0, 0]
    Size: [160, 240, 256]
  RequestedRegion: 
    Dimension: 3
    Index: [0, 0, 0]
    Size: [160, 240, 256]
  Spacing: [0.999995, 1, 1]
  Origin: [87.0906, 98.7205, -152.377]
  Direction: 
-0.996975 0.0261379 -0.0731913
-0.0260677 -0.999658 -0.00191374
-0.0732163 -2.46403e-08 0.997316

  IndexToPointMatrix: 
-0.996971 0.0261379 -0.0731913
-0.0260676 -0.999658 -0.00191374
-0.0732159 -2.46403e-08 0.997316

  PointToIndexMatrix: 
-0.99698 -0.0260679 -0.0732166
0.0261379 -0.999658 -2.46993e-08
-0.0731913 -0.00191374 0.997316

  Inverse Direction: 
-0.996975 -0.0260677 -0.0732163
0.0261379 -0.999658 -2.46993e-08
-0.0731913 -0.00191374 0.997316

  PixelContainer: 
    ImportImageContainer (0x34fcb50)
      RTTI typeinfo:   itk::ImportImageContainer<unsigned long, double>
      Reference Count: 1
      Modified Time: 2329
      Debug: Off
      Object Name: 
      Observers: 
        none
      Pointer: 0x14db3aa5e010
      Container manages memory: true
      Size: 9830400
      Capacity: 9830400

     Weighting = 1
     Sampling strategy = regular
     Number of bins = 32
     Radius = 4
     Sampling percentage  = 0.25
   Transform = Rigid
     Gradient step = 0.1
     Update field sigma (voxel space) = 0
     Total field sigma (voxel space) = 0
     Update field time sigma = 0
     Total field time sigma  = 0
     Number of time indices = 0
     Number of time point samples = 0
Registration using 1 total stages.

Stage 0
  iterations = 0
  convergence threshold = 1e-06
  convergence window size = 10
  number of levels = 1
  using the Mattes MI metric (number of bins = 32, weight = 1, use gradient filter = 0)
  preprocessing:  winsorizing the image intensities
  Shrink factors (level 1 out of 1): [1, 1, 1]
  smoothing sigmas per level: [0]
  regular sampling (percentage = 0.25)

*** Running Euler3DTransform registration ***

  Elapsed time (stage 0): 1.16278


Total elapsed time: 1.16508
Info [verificarlo]: loaded backend libinterflop_vprec.so
Info [interflop-vprec]: load backend with: 
Info [interflop-vprec]: precision-binary32 = 7
Info [interflop-vprec]: range-binary32 = 7
Info [interflop-vprec]: precision-binary64 = 7
Info [interflop-vprec]: range-binary64 = 7
Info [interflop-vprec]: mode = ob
Info [interflop-vprec]: error-mode = rel
Info [interflop-vprec]: max-abs-error-exponent = -1022
Info [interflop-vprec]: daz = false
Info [interflop-vprec]: ftz = false
Info [interflop-vprec]: 	instrument = none
Info [interflop-vprec]: 	prec-input-file = (null)
Info [interflop-vprec]: 	prec-output-file = (null)
Info [interflop-vprec]: 	prec-log-file = (null)
All_Command_lines_OK
Using double precision for computations.
=============================================================================
The composite transform comprises the following transforms (in order): 
  1. /home/mdugre/scratch/mri-registration-rp/datasets/ds004513/derivatives/mri-registration-rp/0100/antsRegistration-r7-p7/sub-s020/align_Composite.h5[0] (type = Euler3DTransform)
  2. /home/mdugre/scratch/mri-registration-rp/datasets/ds004513/derivatives/mri-registration-rp/0100/antsRegistration-r7-p7/sub-s020/align_Composite.h5[1] (type = Euler3DTransform)
=============================================================================
  number of levels = 4
  fixed image: /templateflow/tpl-MNI152NLin2009cAsym/tpl-MNI152NLin2009cAsym_res-01_desc-brain_T1w.nii.gz
  moving image: /home/mdugre/scratch/mri-registration-rp/datasets/ds004513/derivatives/mri-registration-rp/antsBrainExtraction/sub-s020/BrainExtractionBrain.nii.gz
Dimension = 3
Number of stages = 1
Use histogram matching = false
Winsorize image intensities = true
  Lower quantile = 0.005
  Upper quantile = 0.995


Stage 1 State
   Image metric = MattesMI
     Fixed image = Image (0x41b01e0)
  RTTI typeinfo:   itk::Image<double, 3u>
  Reference Count: 2
  Modified Time: 1578
  Debug: Off
  Object Name: 
  Observers: 
    none
  Source: (none)
  Source output name: (none)
  Release Data: Off
  Data Released: False
  Global Release Data: Off
  PipelineMTime: 0
  UpdateMTime: 1189
  RealTimeStamp: 0 seconds 
  LargestPossibleRegion: 
    Dimension: 3
    Index: [0, 0, 0]
    Size: [193, 229, 193]
  BufferedRegion: 
    Dimension: 3
    Index: [0, 0, 0]
    Size: [193, 229, 193]
  RequestedRegion: 
    Dimension: 3
    Index: [0, 0, 0]
    Size: [193, 229, 193]
  Spacing: [1, 1, 1]
  Origin: [96, 132, -78]
  Direction: 
-1 0 0
0 -1 0
0 0 1

  IndexToPointMatrix: 
-1 0 0
0 -1 0
0 0 1

  PointToIndexMatrix: 
-1 0 0
0 -1 0
0 0 1

  Inverse Direction: 
-1 0 0
0 -1 0
0 0 1

  PixelContainer: 
    ImportImageContainer (0x426f680)
      RTTI typeinfo:   itk::ImportImageContainer<unsigned long, double>
      Reference Count: 1
      Modified Time: 1186
      Debug: Off
      Object Name: 
      Observers: 
        none
      Pointer: 0x1520503c6010
      Container manages memory: true
      Size: 8530021
      Capacity: 8530021

     Moving image = Image (0x426bb20)
  RTTI typeinfo:   itk::Image<double, 3u>
  Reference Count: 2
  Modified Time: 1579
  Debug: Off
  Object Name: 
  Observers: 
    none
  Source: (none)
  Source output name: (none)
  Release Data: Off
  Data Released: False
  Global Release Data: Off
  PipelineMTime: 0
  UpdateMTime: 1576
  RealTimeStamp: 0 seconds 
  LargestPossibleRegion: 
    Dimension: 3
    Index: [0, 0, 0]
    Size: [160, 240, 256]
  BufferedRegion: 
    Dimension: 3
    Index: [0, 0, 0]
    Size: [160, 240, 256]
  RequestedRegion: 
    Dimension: 3
    Index: [0, 0, 0]
    Size: [160, 240, 256]
  Spacing: [1, 1, 1]
  Origin: [87, 98.5, -152]
  Direction: 
-0.996094 0.026123 -0.0727539
-0.026001 -1 -0.00190735
-0.0727539 0 0.996094

  IndexToPointMatrix: 
-0.996094 0.026123 -0.0727539
-0.026001 -1 -0.00190735
-0.0727539 0 0.996094

  PointToIndexMatrix: 
-1 -0.026001 -0.0727539
0.0258789 -0.996094 0.000976562
-0.0722656 -0.000976562 0.992188

  Inverse Direction: 
-1 -0.026001 -0.0727539
0.0258789 -0.996094 0.000976562
-0.0722656 -0.000976562 0.992188

  PixelContainer: 
    ImportImageContainer (0x42d4d50)
      RTTI typeinfo:   itk::ImportImageContainer<unsigned long, double>
      Reference Count: 1
      Modified Time: 1573
      Debug: Off
      Object Name: 
      Observers: 
        none
      Pointer: 0x15204b8c5010
      Container manages memory: true
      Size: 9830400
      Capacity: 9830400

     Weighting = 1
     Sampling strategy = regular
     Number of bins = 32
     Radius = 4
     Sampling percentage  = 0.25
   Transform = Rigid
     Gradient step = 0.1
     Update field sigma (voxel space) = 0
     Total field sigma (voxel space) = 0
     Update field time sigma = 0
     Total field time sigma  = 0
     Number of time indices = 0
     Number of time point samples = 0
Registration using 1 total stages.

Stage 0
  iterations = 1000x500x250x100
  convergence threshold = 1e-06
  convergence window size = 10
  number of levels = 4
  using the Mattes MI metric (number of bins = 32, weight = 1, use gradient filter = 0)
  preprocessing:  winsorizing the image intensities
  Shrink factors (level 1 out of 4): [8, 8, 8]
  Shrink factors (level 2 out of 4): [4, 4, 4]
  Shrink factors (level 3 out of 4): [2, 2, 2]
  Shrink factors (level 4 out of 4): [1, 1, 1]
  smoothing sigmas per level: [3, 2, 1, 0]
  regular sampling (percentage = 0.25)

*** Running Euler3DTransform registration ***

DIAGNOSTIC,Iteration,metricValue,convergenceValue,ITERATION_TIME_INDEX,SINCE_LAST
 2DIAGNOSTIC,     1, -3.973609648960e-01, 1.797693134862e+308, 0.0000e+00, 0.0000e+00, 
 2DIAGNOSTIC,     2, -3.974169817059e-01, 1.797693134862e+308, 0.0000e+00, 0.0000e+00, 
 2DIAGNOSTIC,     3, -3.976880553179e-01, 1.797693134862e+308, 0.0000e+00, 0.0000e+00, 
 2DIAGNOSTIC,     4, -3.985220510957e-01, 1.797693134862e+308, 0.0000e+00, 0.0000e+00, 
 2DIAGNOSTIC,     5, -3.987512230534e-01, 1.797693134862e+308, 0.0000e+00, 0.0000e+00, 
 2DIAGNOSTIC,     6, -3.986317604341e-01, 1.797693134862e+308, 0.0000e+00, 0.0000e+00, 
 2DIAGNOSTIC,     7, -3.989262065505e-01, 1.797693134862e+308, 0.0000e+00, 0.0000e+00, 
 2DIAGNOSTIC,     8, -4.002528999861e-01, 1.797693134862e+308, 0.0000e+00, 0.0000e+00, 
 2DIAGNOSTIC,     9, -4.010255974831e-01, 1.797693134862e+308, 0.0000e+00, 0.0000e+00, 
 2DIAGNOSTIC,    10, -4.031957017447e-01, 7.794471655212e-04, 0.0000e+00, 0.0000e+00, 
 2DIAGNOSTIC,    11, -4.035178891602e-01, 8.671215361211e-04, 0.0000e+00, 0.0000e+00, 
 2DIAGNOSTIC,    12, -4.031909901688e-01, 8.475492743853e-04, 0.0000e+00, 0.0000e+00, 
 2DIAGNOSTIC,    13, -4.031779774214e-01, 7.689229137441e-04, 0.0000e+00, 0.0000e+00, 
 2DIAGNOSTIC,    14, -4.031777600015e-01, 6.723720091934e-04, 0.0000e+00, 0.0000e+00, 
 2DIAGNOSTIC,    15, -4.031777577370e-01, 5.378111316500e-04, 0.0000e+00, 0.0000e+00, 
 2DIAGNOSTIC,    16, -4.031777577004e-01, 3.656740549034e-04, 0.0000e+00, 0.0000e+00, 
 2DIAGNOSTIC,    17, -4.031867648270e-01, 1.934227263590e-04, 0.0000e+00, 0.0000e+00, 
 2DIAGNOSTIC,    18, -4.031866968949e-01, 7.505114694166e-05, 0.0000e+00, 0.0000e+00, 
DIAGNOSTIC,Iteration,metricValue,convergenceValue,ITERATION_TIME_INDEX,SINCE_LAST
 2DIAGNOSTIC,     1, -3.216903451968e-01, 1.797693134862e+308, 0.0000e+00, 0.0000e+00, 
 2DIAGNOSTIC,     2, -3.221083305423e-01, 1.797693134862e+308, 0.0000e+00, 0.0000e+00, 
 2DIAGNOSTIC,     3, -3.221647311842e-01, 1.797693134862e+308, 0.0000e+00, 0.0000e+00, 
 2DIAGNOSTIC,     4, -3.221548109441e-01, 1.797693134862e+308, 0.0000e+00, 0.0000e+00, 
 2DIAGNOSTIC,     5, -3.221232203288e-01, 1.797693134862e+308, 0.0000e+00, 0.0000e+00, 
 2DIAGNOSTIC,     6, -3.221232203288e-01, 1.797693134862e+308, 0.0000e+00, 0.0000e+00, 
 2DIAGNOSTIC,     7, -3.221232203288e-01, 1.797693134862e+308, 0.0000e+00, 0.0000e+00, 
 2DIAGNOSTIC,     8, -3.221232203288e-01, 1.797693134862e+308, 0.0000e+00, 0.0000e+00, 
 2DIAGNOSTIC,     9, -3.221232203288e-01, 1.797693134862e+308, 0.0000e+00, 0.0000e+00, 
 2DIAGNOSTIC,    10, -3.221232203288e-01, 3.542737455445e-05, 0.0000e+00, 0.0000e+00, 
DIAGNOSTIC,Iteration,metricValue,convergenceValue,ITERATION_TIME_INDEX,SINCE_LAST
 2DIAGNOSTIC,     1, -2.794813518998e-01, 1.797693134862e+308, 0.0000e+00, 0.0000e+00, 
 2DIAGNOSTIC,     2, -2.795625615851e-01, 1.797693134862e+308, 0.0000e+00, 0.0000e+00, 
 2DIAGNOSTIC,     3, -2.796382918391e-01, 1.797693134862e+308, 0.0000e+00, 0.0000e+00, 
 2DIAGNOSTIC,     4, -2.798660606242e-01, 1.797693134862e+308, 0.0000e+00, 0.0000e+00, 
 2DIAGNOSTIC,     5, -2.802233824266e-01, 1.797693134862e+308, 0.0000e+00, 0.0000e+00, 
 2DIAGNOSTIC,     6, -2.798604042374e-01, 1.797693134862e+308, 0.0000e+00, 0.0000e+00, 
 2DIAGNOSTIC,     7, -2.801106037941e-01, 1.797693134862e+308, 0.0000e+00, 0.0000e+00, 
 2DIAGNOSTIC,     8, -2.807047492621e-01, 1.797693134862e+308, 0.0000e+00, 0.0000e+00, 
 2DIAGNOSTIC,     9, -2.814424726309e-01, 1.797693134862e+308, 0.0000e+00, 0.0000e+00, 
 2DIAGNOSTIC,    10, -2.845666604270e-01, 7.622404847527e-04, 0.0000e+00, 0.0000e+00, 
 2DIAGNOSTIC,    11, -2.874222271066e-01, 1.243011417146e-03, 0.0000e+00, 0.0000e+00, 
 2DIAGNOSTIC,    12, -2.937410065764e-01, 2.061695586917e-03, 0.0000e+00, 0.0000e+00, 
 2DIAGNOSTIC,    13, -3.069275091529e-01, 3.565729483430e-03, 0.0000e+00, 0.0000e+00, 
 2DIAGNOSTIC,    14, -3.245217147913e-01, 5.735915250114e-03, 0.0000e+00, 0.0000e+00, 
 2DIAGNOSTIC,    15, -3.505299018875e-01, 8.715971034683e-03, 0.0000e+00, 0.0000e+00, 
 2DIAGNOSTIC,    16, -3.649408317015e-01, 1.125183939377e-02, 0.0000e+00, 0.0000e+00, 
 2DIAGNOSTIC,    17, -3.667284514396e-01, 1.251431642647e-02, 0.0000e+00, 0.0000e+00, 
 2DIAGNOSTIC,    18, -3.665704056790e-01, 1.250406309473e-02, 0.0000e+00, 0.0000e+00, 
 2DIAGNOSTIC,    19, -3.653496327226e-01, 1.132075923199e-02, 0.0000e+00, 0.0000e+00, 
 2DIAGNOSTIC,    20, -3.655370668391e-01, 9.375025005153e-03, 0.0000e+00, 0.0000e+00, 
 2DIAGNOSTIC,    21, -3.644901460584e-01, 6.854656969581e-03, 0.0000e+00, 0.0000e+00, 
 2DIAGNOSTIC,    22, -3.677225908578e-01, 4.360763983415e-03, 0.0000e+00, 0.0000e+00, 
 2DIAGNOSTIC,    23, -3.667831139577e-01, 2.187560991440e-03, 0.0000e+00, 0.0000e+00, 
 2DIAGNOSTIC,    24, -3.669348528726e-01, 6.582372470065e-04, 0.0000e+00, 0.0000e+00, 
 2DIAGNOSTIC,    25, -3.669097562937e-01, 1.144429086675e-04, 0.0000e+00, 0.0000e+00, 
 2DIAGNOSTIC,    26, -3.668734881499e-01, 9.000607897168e-05, 0.0000e+00, 0.0000e+00, 
 2DIAGNOSTIC,    27, -3.669607005837e-01, 1.190845326152e-04, 0.0000e+00, 0.0000e+00, 
 2DIAGNOSTIC,    28, -3.669611884501e-01, 1.297475389432e-04, 0.0000e+00, 0.0000e+00, 
 2DIAGNOSTIC,    29, -3.669999437435e-01, 9.351033779000e-05, 0.0000e+00, 0.0000e+00, 
 2DIAGNOSTIC,    30, -3.669999437435e-01, 5.778471979401e-05, 0.0000e+00, 0.0000e+00, 
DIAGNOSTIC,Iteration,metricValue,convergenceValue,ITERATION_TIME_INDEX,SINCE_LAST
 2DIAGNOSTIC,     1, -3.338746435142e-01, 1.797693134862e+308, 0.0000e+00, 0.0000e+00, 
 2DIAGNOSTIC,     2, -3.339013530883e-01, 1.797693134862e+308, 0.0000e+00, 0.0000e+00, 
 2DIAGNOSTIC,     3, -3.339886441596e-01, 1.797693134862e+308, 0.0000e+00, 0.0000e+00, 
 2DIAGNOSTIC,     4, -3.340512836469e-01, 1.797693134862e+308, 0.0000e+00, 0.0000e+00, 
 2DIAGNOSTIC,     5, -3.340870454798e-01, 1.797693134862e+308, 0.0000e+00, 0.0000e+00, 
 2DIAGNOSTIC,     6, -3.340870454798e-01, 1.797693134862e+308, 0.0000e+00, 0.0000e+00, 
 2DIAGNOSTIC,     7, -3.340870454798e-01, 1.797693134862e+308, 0.0000e+00, 0.0000e+00, 
 2DIAGNOSTIC,     8, -3.340870454798e-01, 1.797693134862e+308, 0.0000e+00, 0.0000e+00, 
 2DIAGNOSTIC,     9, -3.340870454798e-01, 1.797693134862e+308, 0.0000e+00, 0.0000e+00, 
 2DIAGNOSTIC,    10, -3.340870454798e-01, 3.914455983688e-05, 0.0000e+00, 0.0000e+00, 
 2DIAGNOSTIC,    11, -3.340870454798e-01, 2.293463446182e-05, 0.0000e+00, 0.0000e+00, 
 2DIAGNOSTIC,    12, -3.340870454798e-01, 9.183885779973e-06, 0.0000e+00, 0.0000e+00, 
 2DIAGNOSTIC,    13, -3.340870454798e-01, 2.337427923063e-06, 0.0000e+00, 0.0000e+00, 
  Elapsed time (stage 0): 0.0000e+00


Total elapsed time: 0.0000e+00
Info [verificarlo]: loaded backend libinterflop_ieee.so
Info [interflop-ieee]: load backend with:
Info [interflop-ieee]: debug = false
Info [interflop-ieee]: debug-binary = false
Info [interflop-ieee]: no-backend-name = false
Info [interflop-ieee]: print-new-line = false
Info [interflop-ieee]: print-subnormal-normalized = false
Info [interflop-ieee]: count-op = false
All_Command_lines_OK
Using double precision for computations.
=============================================================================
The composite transform comprises the following transforms (in order): 
  1. /home/mdugre/scratch/mri-registration-rp/datasets/ds004513/derivatives/mri-registration-rp/0100/antsRegistration-r7-p7/sub-s020/rigid_Composite.h5[0] (type = Euler3DTransform)
  2. /home/mdugre/scratch/mri-registration-rp/datasets/ds004513/derivatives/mri-registration-rp/0100/antsRegistration-r7-p7/sub-s020/rigid_Composite.h5[1] (type = Euler3DTransform)
  3. /home/mdugre/scratch/mri-registration-rp/datasets/ds004513/derivatives/mri-registration-rp/0100/antsRegistration-r7-p7/sub-s020/rigid_Composite.h5[2] (type = Euler3DTransform)
=============================================================================
  number of levels = 4
  fixed image: /templateflow/tpl-MNI152NLin2009cAsym/tpl-MNI152NLin2009cAsym_res-01_desc-brain_T1w.nii.gz
  moving image: /home/mdugre/scratch/mri-registration-rp/datasets/ds004513/derivatives/mri-registration-rp/antsBrainExtraction/sub-s020/BrainExtractionBrain.nii.gz
Dimension = 3
Number of stages = 1
Use histogram matching = false
Winsorize image intensities = true
  Lower quantile = 0.005
  Upper quantile = 0.995


Stage 1 State
   Image metric = MattesMI
     Fixed image = Image (0x4a43530)
  RTTI typeinfo:   itk::Image<double, 3u>
  Reference Count: 2
  Modified Time: 1594
  Debug: Off
  Object Name: 
  Observers: 
    none
  Source: (none)
  Source output name: (none)
  Release Data: Off
  Data Released: False
  Global Release Data: Off
  PipelineMTime: 0
  UpdateMTime: 1203
  RealTimeStamp: 0 seconds 
  LargestPossibleRegion: 
    Dimension: 3
    Index: [0, 0, 0]
    Size: [193, 229, 193]
  BufferedRegion: 
    Dimension: 3
    Index: [0, 0, 0]
    Size: [193, 229, 193]
  RequestedRegion: 
    Dimension: 3
    Index: [0, 0, 0]
    Size: [193, 229, 193]
  Spacing: [1, 1, 1]
  Origin: [96, 132, -78]
  Direction: 
-1 0 0
0 -1 0
0 0 1

  IndexToPointMatrix: 
-1 0 0
0 -1 0
0 0 1

  PointToIndexMatrix: 
-1 0 0
0 -1 0
0 0 1

  Inverse Direction: 
-1 0 0
0 -1 0
0 0 1

  PixelContainer: 
    ImportImageContainer (0x4a502b0)
      RTTI typeinfo:   itk::ImportImageContainer<unsigned long, double>
      Reference Count: 1
      Modified Time: 1200
      Debug: Off
      Object Name: 
      Observers: 
        none
      Pointer: 0x14f124be4010
      Container manages memory: true
      Size: 8530021
      Capacity: 8530021

     Moving image = Image (0x4afefd0)
  RTTI typeinfo:   itk::Image<double, 3u>
  Reference Count: 2
  Modified Time: 1595
  Debug: Off
  Object Name: 
  Observers: 
    none
  Source: (none)
  Source output name: (none)
  Release Data: Off
  Data Released: False
  Global Release Data: Off
  PipelineMTime: 0
  UpdateMTime: 1592
  RealTimeStamp: 0 seconds 
  LargestPossibleRegion: 
    Dimension: 3
    Index: [0, 0, 0]
    Size: [160, 240, 256]
  BufferedRegion: 
    Dimension: 3
    Index: [0, 0, 0]
    Size: [160, 240, 256]
  RequestedRegion: 
    Dimension: 3
    Index: [0, 0, 0]
    Size: [160, 240, 256]
  Spacing: [0.999995, 1, 1]
  Origin: [87.0906, 98.7205, -152.377]
  Direction: 
-0.996975 0.0261379 -0.0731913
-0.0260677 -0.999658 -0.00191374
-0.0732163 -2.46403e-08 0.997316

  IndexToPointMatrix: 
-0.996971 0.0261379 -0.0731913
-0.0260676 -0.999658 -0.00191374
-0.0732159 -2.46403e-08 0.997316

  PointToIndexMatrix: 
-0.99698 -0.0260679 -0.0732166
0.0261379 -0.999658 -2.46993e-08
-0.0731913 -0.00191374 0.997316

  Inverse Direction: 
-0.996975 -0.0260677 -0.0732163
0.0261379 -0.999658 -2.46993e-08
-0.0731913 -0.00191374 0.997316

  PixelContainer: 
    ImportImageContainer (0x4b16990)
      RTTI typeinfo:   itk::ImportImageContainer<unsigned long, double>
      Reference Count: 1
      Modified Time: 1589
      Debug: Off
      Object Name: 
      Observers: 
        none
      Pointer: 0x14f1200e3010
      Container manages memory: true
      Size: 9830400
      Capacity: 9830400

     Weighting = 1
     Sampling strategy = regular
     Number of bins = 32
     Radius = 4
     Sampling percentage  = 0.25
   Transform = Affine
     Gradient step = 0.1
     Update field sigma (voxel space) = 0
     Total field sigma (voxel space) = 0
     Update field time sigma = 0
     Total field time sigma  = 0
     Number of time indices = 0
     Number of time point samples = 0
Registration using 1 total stages.

Stage 0
  iterations = 1000x500x250x100
  convergence threshold = 1e-06
  convergence window size = 10
  number of levels = 4
  using the Mattes MI metric (number of bins = 32, weight = 1, use gradient filter = 0)
  preprocessing:  winsorizing the image intensities
  Shrink factors (level 1 out of 4): [8, 8, 8]
  Shrink factors (level 2 out of 4): [4, 4, 4]
  Shrink factors (level 3 out of 4): [2, 2, 2]
  Shrink factors (level 4 out of 4): [1, 1, 1]
  smoothing sigmas per level: [3, 2, 1, 0]
  regular sampling (percentage = 0.25)

*** Running AffineTransform registration ***

DIAGNOSTIC,Iteration,metricValue,convergenceValue,ITERATION_TIME_INDEX,SINCE_LAST
 2DIAGNOSTIC,     1, -5.170741634211e-01, 1.797693134862e+308, 8.9913e-01, 8.9913e-01, 
 2DIAGNOSTIC,     2, -5.186710294140e-01, 1.797693134862e+308, 9.0530e-01, 6.1741e-03, 
 2DIAGNOSTIC,     3, -5.214011614389e-01, 1.797693134862e+308, 9.1124e-01, 5.9359e-03, 
 2DIAGNOSTIC,     4, -5.258351306584e-01, 1.797693134862e+308, 9.1734e-01, 6.1021e-03, 
 2DIAGNOSTIC,     5, -5.341708855338e-01, 1.797693134862e+308, 9.2343e-01, 6.0899e-03, 
 2DIAGNOSTIC,     6, -5.671112699373e-01, 1.797693134862e+308, 9.3062e-01, 7.1938e-03, 
 2DIAGNOSTIC,     7, -6.035081162636e-01, 1.797693134862e+308, 9.3714e-01, 6.5210e-03, 
 2DIAGNOSTIC,     8, -6.891847461372e-01, 1.797693134862e+308, 9.4633e-01, 9.1891e-03, 
 2DIAGNOSTIC,     9, -7.368175988359e-01, 1.797693134862e+308, 9.5434e-01, 8.0018e-03, 
 2DIAGNOSTIC,    10, -7.479781342539e-01, 2.770018352077e-02, 9.6234e-01, 8.0090e-03, 
 2DIAGNOSTIC,    11, -7.673682858799e-01, 2.843402286912e-02, 9.7092e-01, 8.5750e-03, 
 2DIAGNOSTIC,    12, -8.086433652169e-01, 2.797018122156e-02, 9.7910e-01, 8.1792e-03, 
 2DIAGNOSTIC,    13, -8.141968127260e-01, 2.532225096633e-02, 9.8755e-01, 8.4529e-03, 
 2DIAGNOSTIC,    14, -8.312304268598e-01, 2.152113172567e-02, 9.9398e-01, 6.4240e-03, 
 2DIAGNOSTIC,    15, -8.400700757816e-01, 1.691338273871e-02, 1.0010e+00, 7.0200e-03, 
 2DIAGNOSTIC,    16, -8.544614376729e-01, 1.272094760739e-02, 1.0139e+00, 1.2906e-02, 
 2DIAGNOSTIC,    17, -8.551142826482e-01, 8.821759930324e-03, 1.0216e+00, 7.7002e-03, 
 2DIAGNOSTIC,    18, -8.551123847380e-01, 6.561624568382e-03, 1.0291e+00, 7.5269e-03, 
 2DIAGNOSTIC,    19, -8.549664555168e-01, 5.002550899517e-03, 1.0359e+00, 6.7792e-03, 
 2DIAGNOSTIC,    20, -8.549938990917e-01, 3.388057372035e-03, 1.0422e+00, 6.3200e-03, 
 2DIAGNOSTIC,    21, -8.547882865179e-01, 1.982078235571e-03, 1.0498e+00, 7.5529e-03, 
 2DIAGNOSTIC,    22, -8.547250623787e-01, 1.276903291823e-03, 1.0567e+00, 6.8920e-03, 
 2DIAGNOSTIC,    23, -8.547808561991e-01, 6.168306749796e-04, 1.0647e+00, 8.0731e-03, 
 2DIAGNOSTIC,    24, -8.548558578967e-01, 2.364601714299e-04, 1.0724e+00, 7.6749e-03, 
DIAGNOSTIC,Iteration,metricValue,convergenceValue,ITERATION_TIME_INDEX,SINCE_LAST
 2DIAGNOSTIC,     1, -7.160052839488e-01, 1.797693134862e+308, 1.7889e+00, 7.1650e-01, 
 2DIAGNOSTIC,     2, -7.170668314305e-01, 1.797693134862e+308, 1.8261e+00, 3.7181e-02, 
 2DIAGNOSTIC,     3, -7.180943797951e-01, 1.797693134862e+308, 1.8630e+00, 3.6894e-02, 
 2DIAGNOSTIC,     4, -7.187326673172e-01, 1.797693134862e+308, 1.9036e+00, 4.0609e-02, 
 2DIAGNOSTIC,     5, -7.187980222137e-01, 1.797693134862e+308, 1.9440e+00, 4.0415e-02, 
 2DIAGNOSTIC,     6, -7.188821133750e-01, 1.797693134862e+308, 2.0116e+00, 6.7547e-02, 
 2DIAGNOSTIC,     7, -7.188861656407e-01, 1.797693134862e+308, 2.0584e+00, 4.6808e-02, 
 2DIAGNOSTIC,     8, -7.188797665893e-01, 1.797693134862e+308, 2.0971e+00, 3.8708e-02, 
 2DIAGNOSTIC,     9, -7.188647978901e-01, 1.797693134862e+308, 2.1423e+00, 4.5212e-02, 
 2DIAGNOSTIC,    10, -7.188546266312e-01, 2.032721229182e-04, 2.1882e+00, 4.5943e-02, 
 2DIAGNOSTIC,    11, -7.188650968113e-01, 9.619132922944e-05, 2.2300e+00, 4.1782e-02, 
 2DIAGNOSTIC,    12, -7.188622123805e-01, 3.278946999341e-05, 2.2717e+00, 4.1715e-02, 
 2DIAGNOSTIC,    13, -7.188530634810e-01, 6.931513470726e-06, 2.3177e+00, 4.5913e-02, 
 2DIAGNOSTIC,    14, -7.188702298272e-01, 2.880376476153e-06, 2.3594e+00, 4.1706e-02, 
DIAGNOSTIC,Iteration,metricValue,convergenceValue,ITERATION_TIME_INDEX,SINCE_LAST
 2DIAGNOSTIC,     1, -5.943259286941e-01, 1.797693134862e+308, 3.5276e+00, 1.1682e+00, 
 2DIAGNOSTIC,     2, -5.946704910699e-01, 1.797693134862e+308, 3.8237e+00, 2.9616e-01, 
 2DIAGNOSTIC,     3, -5.949496044947e-01, 1.797693134862e+308, 4.1260e+00, 3.0228e-01, 
 2DIAGNOSTIC,     4, -5.952787447871e-01, 1.797693134862e+308, 4.4034e+00, 2.7743e-01, 
 2DIAGNOSTIC,     5, -5.957541358337e-01, 1.797693134862e+308, 4.6705e+00, 2.6701e-01, 
 2DIAGNOSTIC,     6, -5.964796917333e-01, 1.797693134862e+308, 4.9707e+00, 3.0026e-01, 
 2DIAGNOSTIC,     7, -5.971085485647e-01, 1.797693134862e+308, 5.4162e+00, 4.4550e-01, 
 2DIAGNOSTIC,     8, -5.971172866170e-01, 1.797693134862e+308, 5.6760e+00, 2.5980e-01, 
 2DIAGNOSTIC,     9, -5.971568418564e-01, 1.797693134862e+308, 5.9506e+00, 2.7454e-01, 
 2DIAGNOSTIC,    10, -5.971960839944e-01, 3.626530322921e-04, 6.2205e+00, 2.6993e-01, 
 2DIAGNOSTIC,    11, -5.972519176894e-01, 2.890804296918e-04, 6.5428e+00, 3.2232e-01, 
 2DIAGNOSTIC,    12, -5.972985228158e-01, 2.172701637647e-04, 7.1539e+00, 6.1107e-01, 
 2DIAGNOSTIC,    13, -5.972964650266e-01, 1.475085515354e-04, 7.5355e+00, 3.8164e-01, 
 2DIAGNOSTIC,    14, -5.972965411615e-01, 8.596736660937e-05, 8.0007e+00, 4.6514e-01, 
 2DIAGNOSTIC,    15, -5.972944977338e-01, 3.961624112835e-05, 8.4204e+00, 4.1971e-01, 
 2DIAGNOSTIC,    16, -5.972947372025e-01, 1.669135573484e-05, 8.7468e+00, 3.2644e-01, 
 2DIAGNOSTIC,    17, -5.972926473730e-01, 1.267505123084e-05, 9.0996e+00, 3.5282e-01, 
 2DIAGNOSTIC,    18, -5.972916555363e-01, 8.316426647559e-06, 9.4141e+00, 3.1447e-01, 
 2DIAGNOSTIC,    19, -5.972920772333e-01, 4.821032177686e-06, 9.7779e+00, 3.6380e-01, 
 2DIAGNOSTIC,    20, -5.972926668173e-01, 2.305870822297e-06, 1.0127e+01, 3.4909e-01, 
 2DIAGNOSTIC,    21, -5.972907056187e-01, 1.154728730288e-06, 1.0539e+01, 4.1242e-01, 
 2DIAGNOSTIC,    22, -5.972909449250e-01, 1.159196020943e-06, 1.0886e+01, 3.4619e-01, 
 2DIAGNOSTIC,    23, -5.972899841559e-01, 1.127294451141e-06, 1.1195e+01, 3.0947e-01, 
 2DIAGNOSTIC,    24, -5.972892130413e-01, 1.108758091992e-06, 1.1499e+01, 3.0373e-01, 
 2DIAGNOSTIC,    25, -5.972899933836e-01, 1.087375346473e-06, 1.1846e+01, 3.4696e-01, 
 2DIAGNOSTIC,    26, -5.972906563849e-01, 1.102360439459e-06, 1.2192e+01, 3.4596e-01, 
 2DIAGNOSTIC,    27, -5.972900539157e-01, 1.080744851882e-06, 1.2587e+01, 3.9541e-01, 
 2DIAGNOSTIC,    28, -5.972894396751e-01, 1.042961530015e-06, 1.2924e+01, 3.3655e-01, 
 2DIAGNOSTIC,    29, -5.972892436205e-01, 1.020336106272e-06, 1.3265e+01, 3.4109e-01, 
 2DIAGNOSTIC,    30, -5.972909876680e-01, 1.043878200171e-06, 1.3713e+01, 4.4862e-01, 
 2DIAGNOSTIC,    31, -5.972914526225e-01, 1.042932406659e-06, 1.4036e+01, 3.2266e-01, 
 2DIAGNOSTIC,    32, -5.972884970063e-01, 1.000781600625e-06, 1.4399e+01, 3.6307e-01, 
DIAGNOSTIC,Iteration,metricValue,convergenceValue,ITERATION_TIME_INDEX,SINCE_LAST
 2DIAGNOSTIC,     1, -5.295929860977e-01, 1.797693134862e+308, 1.7546e+01, 3.1467e+00, 
 2DIAGNOSTIC,     2, -5.298913871261e-01, 1.797693134862e+308, 1.9544e+01, 1.9980e+00, 
 2DIAGNOSTIC,     3, -5.301429609638e-01, 1.797693134862e+308, 2.1609e+01, 2.0655e+00, 
 2DIAGNOSTIC,     4, -5.304483157122e-01, 1.797693134862e+308, 2.3556e+01, 1.9467e+00, 
 2DIAGNOSTIC,     5, -5.306576224737e-01, 1.797693134862e+308, 2.5536e+01, 1.9798e+00, 
 2DIAGNOSTIC,     6, -5.308683275580e-01, 1.797693134862e+308, 2.9204e+01, 3.6681e+00, 
 2DIAGNOSTIC,     7, -5.308667676865e-01, 1.797693134862e+308, 3.2000e+01, 2.7962e+00, 
 2DIAGNOSTIC,     8, -5.308666413421e-01, 1.797693134862e+308, 3.4244e+01, 2.2436e+00, 
 2DIAGNOSTIC,     9, -5.308668800831e-01, 1.797693134862e+308, 3.6411e+01, 2.1668e+00, 
 2DIAGNOSTIC,    10, -5.308659499831e-01, 1.565858483485e-04, 3.9002e+01, 2.5913e+00, 
 2DIAGNOSTIC,    11, -5.308660725081e-01, 1.001702179298e-04, 4.1185e+01, 2.1827e+00, 
 2DIAGNOSTIC,    12, -5.308656323769e-01, 5.770157446736e-05, 4.3200e+01, 2.0153e+00, 
 2DIAGNOSTIC,    13, -5.308655057782e-01, 2.704532961127e-05, 4.5561e+01, 2.3614e+00, 
 2DIAGNOSTIC,    14, -5.308653064589e-01, 1.007823779504e-05, 4.7674e+01, 2.1132e+00, 
 2DIAGNOSTIC,    15, -5.308651070607e-01, 1.912500458931e-06, 4.9544e+01, 1.8694e+00, 
 2DIAGNOSTIC,    16, -5.308650787138e-01, 1.841188942919e-06, 5.1440e+01, 1.8966e+00, 
 2DIAGNOSTIC,    17, -5.308652227423e-01, 1.747076367728e-06, 5.3465e+01, 2.0248e+00, 
 2DIAGNOSTIC,    18, -5.308649461965e-01, 1.662397662937e-06, 5.5391e+01, 1.9255e+00, 
 2DIAGNOSTIC,    19, -5.308648333714e-01, 1.600939005399e-06, 5.7941e+01, 2.5506e+00, 
 2DIAGNOSTIC,    20, -5.308648393843e-01, 1.527628367304e-06, 6.0074e+01, 2.1324e+00, 
 2DIAGNOSTIC,    21, -5.308649267503e-01, 1.472624506067e-06, 6.2037e+01, 1.9637e+00, 
 2DIAGNOSTIC,    22, -5.308645549699e-01, 1.406654006643e-06, 6.4039e+01, 2.0019e+00, 
 2DIAGNOSTIC,    23, -5.308648040603e-01, 1.353433949552e-06, 6.6171e+01, 2.1318e+00, 
 2DIAGNOSTIC,    24, -5.308652885348e-01, 1.313836111357e-06, 6.8300e+01, 2.1293e+00, 
 2DIAGNOSTIC,    25, -5.308651278319e-01, 1.270411170623e-06, 7.0613e+01, 2.3130e+00, 
 2DIAGNOSTIC,    26, -5.308650354104e-01, 1.228164039274e-06, 7.3120e+01, 2.5070e+00, 
 2DIAGNOSTIC,    27, -5.308649966476e-01, 1.191123761971e-06, 7.5205e+01, 2.0844e+00, 
 2DIAGNOSTIC,    28, -5.308646295311e-01, 1.143175576153e-06, 7.7562e+01, 2.3576e+00, 
 2DIAGNOSTIC,    29, -5.308645976196e-01, 1.095121705250e-06, 7.9456e+01, 1.8937e+00, 
 2DIAGNOSTIC,    30, -5.308645029893e-01, 1.048778002999e-06, 8.1588e+01, 2.1321e+00, 
 2DIAGNOSTIC,    31, -5.308645777555e-01, 1.009690735895e-06, 8.3862e+01, 2.2740e+00, 
  Elapsed time (stage 0): 8.5085e+01


Total elapsed time: 8.5088e+01
Info [verificarlo]: loaded backend libinterflop_ieee.so
Info [interflop-ieee]: load backend with:
Info [interflop-ieee]: debug = false
Info [interflop-ieee]: debug-binary = false
Info [interflop-ieee]: no-backend-name = false
Info [interflop-ieee]: print-new-line = false
Info [interflop-ieee]: print-subnormal-normalized = false
Info [interflop-ieee]: count-op = false
All_Command_lines_OK
Using double precision for computations.
=============================================================================
The composite transform comprises the following transforms (in order): 
  1. /home/mdugre/scratch/mri-registration-rp/datasets/ds004513/derivatives/mri-registration-rp/0100/antsRegistration-r7-p7/sub-s020/affine_Composite.h5[0] (type = Euler3DTransform)
  2. /home/mdugre/scratch/mri-registration-rp/datasets/ds004513/derivatives/mri-registration-rp/0100/antsRegistration-r7-p7/sub-s020/affine_Composite.h5[1] (type = Euler3DTransform)
  3. /home/mdugre/scratch/mri-registration-rp/datasets/ds004513/derivatives/mri-registration-rp/0100/antsRegistration-r7-p7/sub-s020/affine_Composite.h5[2] (type = Euler3DTransform)
  4. /home/mdugre/scratch/mri-registration-rp/datasets/ds004513/derivatives/mri-registration-rp/0100/antsRegistration-r7-p7/sub-s020/affine_Composite.h5[3] (type = AffineTransform)
=============================================================================
  number of levels = 4
  fixed image: /templateflow/tpl-MNI152NLin2009cAsym/tpl-MNI152NLin2009cAsym_res-01_desc-brain_T1w.nii.gz
  moving image: /home/mdugre/scratch/mri-registration-rp/datasets/ds004513/derivatives/mri-registration-rp/antsBrainExtraction/sub-s020/BrainExtractionBrain.nii.gz
Dimension = 3
Number of stages = 1
Use histogram matching = false
Winsorize image intensities = true
  Lower quantile = 0.005
  Upper quantile = 0.995


Stage 1 State
   Image metric = CC
     Fixed image = Image (0x4c5ca40)
  RTTI typeinfo:   itk::Image<double, 3u>
  Reference Count: 2
  Modified Time: 1608
  Debug: Off
  Object Name: 
  Observers: 
    none
  Source: (none)
  Source output name: (none)
  Release Data: Off
  Data Released: False
  Global Release Data: Off
  PipelineMTime: 0
  UpdateMTime: 1217
  RealTimeStamp: 0 seconds 
  LargestPossibleRegion: 
    Dimension: 3
    Index: [0, 0, 0]
    Size: [193, 229, 193]
  BufferedRegion: 
    Dimension: 3
    Index: [0, 0, 0]
    Size: [193, 229, 193]
  RequestedRegion: 
    Dimension: 3
    Index: [0, 0, 0]
    Size: [193, 229, 193]
  Spacing: [1, 1, 1]
  Origin: [96, 132, -78]
  Direction: 
-1 0 0
0 -1 0
0 0 1

  IndexToPointMatrix: 
-1 0 0
0 -1 0
0 0 1

  PointToIndexMatrix: 
-1 0 0
0 -1 0
0 0 1

  Inverse Direction: 
-1 0 0
0 -1 0
0 0 1

  PixelContainer: 
    ImportImageContainer (0x4d2b780)
      RTTI typeinfo:   itk::ImportImageContainer<unsigned long, double>
      Reference Count: 1
      Modified Time: 1214
      Debug: Off
      Object Name: 
      Observers: 
        none
      Pointer: 0x14777c281010
      Container manages memory: true
      Size: 8530021
      Capacity: 8530021

     Moving image = Image (0x4d2d390)
  RTTI typeinfo:   itk::Image<double, 3u>
  Reference Count: 2
  Modified Time: 1609
  Debug: Off
  Object Name: 
  Observers: 
    none
  Source: (none)
  Source output name: (none)
  Release Data: Off
  Data Released: False
  Global Release Data: Off
  PipelineMTime: 0
  UpdateMTime: 1606
  RealTimeStamp: 0 seconds 
  LargestPossibleRegion: 
    Dimension: 3
    Index: [0, 0, 0]
    Size: [160, 240, 256]
  BufferedRegion: 
    Dimension: 3
    Index: [0, 0, 0]
    Size: [160, 240, 256]
  RequestedRegion: 
    Dimension: 3
    Index: [0, 0, 0]
    Size: [160, 240, 256]
  Spacing: [0.999995, 1, 1]
  Origin: [87.0906, 98.7205, -152.377]
  Direction: 
-0.996975 0.0261379 -0.0731913
-0.0260677 -0.999658 -0.00191374
-0.0732163 -2.46403e-08 0.997316

  IndexToPointMatrix: 
-0.996971 0.0261379 -0.0731913
-0.0260676 -0.999658 -0.00191374
-0.0732159 -2.46403e-08 0.997316

  PointToIndexMatrix: 
-0.99698 -0.0260679 -0.0732166
0.0261379 -0.999658 -2.46993e-08
-0.0731913 -0.00191374 0.997316

  Inverse Direction: 
-0.996975 -0.0260677 -0.0732163
0.0261379 -0.999658 -2.46993e-08
-0.0731913 -0.00191374 0.997316

  PixelContainer: 
    ImportImageContainer (0x4ce26f0)
      RTTI typeinfo:   itk::ImportImageContainer<unsigned long, double>
      Reference Count: 1
      Modified Time: 1603
      Debug: Off
      Object Name: 
      Observers: 
        none
      Pointer: 0x147777780010
      Container manages memory: true
      Size: 9830400
      Capacity: 9830400

     Weighting = 1
     Sampling strategy = none
     Number of bins = 32
     Radius = 4
     Sampling percentage  = 1
   Transform = SyN
     Gradient step = 0.1
     Update field sigma (voxel space) = 3
     Total field sigma (voxel space) = 0
     Update field time sigma = 0
     Total field time sigma  = 0
     Number of time indices = 0
     Number of time point samples = 0
Registration using 1 total stages.

Stage 0
  iterations = 100x70x50x20
  convergence threshold = 1e-06
  convergence window size = 10
  number of levels = 4
  using the CC metric (radius = 4, weight = 1, use gradient filter = 0)
  preprocessing:  winsorizing the image intensities
  Shrink factors (level 1 out of 4): [8, 8, 8]
  Shrink factors (level 2 out of 4): [4, 4, 4]
  Shrink factors (level 3 out of 4): [2, 2, 2]
  Shrink factors (level 4 out of 4): [1, 1, 1]
  smoothing sigmas per level: [3, 2, 1, 0]
  Using default NONE metricSamplingStrategy 

*** Running SyN registration (varianceForUpdateField = 3, varianceForTotalField = 0) ***

XXDIAGNOSTIC,Iteration,metricValue,convergenceValue,ITERATION_TIME_INDEX,SINCE_LAST
 1DIAGNOSTIC,     1, -9.055835495199e-01, 1.797693134862e+308, 1.4243e+00, 1.4243e+00, 
 1DIAGNOSTIC,     2, -9.129133810553e-01, 1.797693134862e+308, 1.7859e+00, 3.6158e-01, 
 1DIAGNOSTIC,     3, -9.181820388073e-01, 1.797693134862e+308, 2.1768e+00, 3.9087e-01, 
 1DIAGNOSTIC,     4, -9.216737030571e-01, 1.797693134862e+308, 2.5936e+00, 4.1686e-01, 
 1DIAGNOSTIC,     5, -9.241918500688e-01, 1.797693134862e+308, 2.9664e+00, 3.7274e-01, 
 1DIAGNOSTIC,     6, -9.258701546384e-01, 1.797693134862e+308, 3.3543e+00, 3.8791e-01, 
 1DIAGNOSTIC,     7, -9.271732915227e-01, 1.797693134862e+308, 3.7513e+00, 3.9704e-01, 
 1DIAGNOSTIC,     8, -9.281713673817e-01, 1.797693134862e+308, 4.1555e+00, 4.0414e-01, 
 1DIAGNOSTIC,     9, -9.290028895776e-01, 1.797693134862e+308, 4.5596e+00, 4.0412e-01, 
 1DIAGNOSTIC,    10, -9.297099963589e-01, 1.483658812420e-03, 4.9479e+00, 3.8831e-01, 
 1DIAGNOSTIC,    11, -9.302749821417e-01, 9.729134528485e-04, 5.3121e+00, 3.6424e-01, 
 1DIAGNOSTIC,    12, -9.307763715573e-01, 6.593714728058e-04, 5.6609e+00, 3.4880e-01, 
 1DIAGNOSTIC,    13, -9.312245938895e-01, 4.688759882437e-04, 6.0521e+00, 3.9120e-01, 
 1DIAGNOSTIC,    14, -9.316302875396e-01, 3.479249558269e-04, 6.4103e+00, 3.5816e-01, 
 1DIAGNOSTIC,    15, -9.320034381593e-01, 2.702355763732e-04, 6.7798e+00, 3.6949e-01, 
 1DIAGNOSTIC,    16, -9.323536435490e-01, 2.162046645346e-04, 7.1450e+00, 3.6518e-01, 
 1DIAGNOSTIC,    17, -9.326857398717e-01, 1.780496164344e-04, 7.5292e+00, 3.8422e-01, 
 1DIAGNOSTIC,    18, -9.329979250292e-01, 1.499449137205e-04, 7.8911e+00, 3.6192e-01, 
