
##########################
# Experiment information #
##########################

EXPERIMENT_NAME: antsRegistration-r7-p11
VFC_BACKENDS: libinterflop_vprec.so --range-binary32=7 --precision-binary32=11 --range-binary64=7 --precision-binary64=11

SIF_IMG: /home/mdugre/projects/rrg-glatard/mdugre/containers/ants-vprec-no_metrics.simg

SUBJECT_ID: s014
INPUT_IMG: /home/mdugre/scratch/mri-registration-rp/datasets/ds004513/derivatives/mri-registration-rp/antsBrainExtraction/sub-s014/BrainExtractionBrain.nii.gz
OUTPUT_DIR: /home/mdugre/scratch/mri-registration-rp/datasets/ds004513/derivatives/mri-registration-rp/0100/antsRegistration-r7-p11/sub-s014

FIXED_IMG: /templateflow/tpl-MNI152NLin2009cAsym/tpl-MNI152NLin2009cAsym_res-01_desc-brain_T1w.nii.gz
DATA_DIR: /home/mdugre/scratch/mri-registration-rp/datasets/ds004513
TEMPLATEFLOW_DIR: /home/mdugre/projects/rrg-glatard/mdugre/templateflow
ITK_GLOBAL_DEFAULT_NUMBER_OF_THREADS: 16
##########################

Info [verificarlo]: loaded backend libinterflop_ieee.so
Info [interflop-ieee]: load backend with:
Info [interflop-ieee]: debug = false
Info [interflop-ieee]: debug-binary = false
Info [interflop-ieee]: no-backend-name = false
Info [interflop-ieee]: print-new-line = false
Info [interflop-ieee]: print-subnormal-normalized = false
Info [interflop-ieee]: count-op = false
All_Command_lines_OK
Using double precision for computations.
=============================================================================
The composite transform comprises the following transforms (in order): 
  1. Center of mass alignment using fixed image: /templateflow/tpl-MNI152NLin2009cAsym/tpl-MNI152NLin2009cAsym_res-01_desc-brain_T1w.nii.gz and moving image: /home/mdugre/scratch/mri-registration-rp/datasets/ds004513/derivatives/mri-registration-rp/antsBrainExtraction/sub-s014/BrainExtractionBrain.nii.gz (type = Euler3DTransform)
=============================================================================
  number of levels = 1
  fixed image: /templateflow/tpl-MNI152NLin2009cAsym/tpl-MNI152NLin2009cAsym_res-01_desc-brain_T1w.nii.gz
  moving image: /home/mdugre/scratch/mri-registration-rp/datasets/ds004513/derivatives/mri-registration-rp/antsBrainExtraction/sub-s014/BrainExtractionBrain.nii.gz
Dimension = 3
Number of stages = 1
Use histogram matching = false
Winsorize image intensities = true
  Lower quantile = 0.005
  Upper quantile = 0.995


Stage 1 State
   Image metric = MattesMI
     Fixed image = Image (0x3eb1e70)
  RTTI typeinfo:   itk::Image<double, 3u>
  Reference Count: 2
  Modified Time: 2334
  Debug: Off
  Object Name: 
  Observers: 
    none
  Source: (none)
  Source output name: (none)
  Release Data: Off
  Data Released: False
  Global Release Data: Off
  PipelineMTime: 0
  UpdateMTime: 1943
  RealTimeStamp: 0 seconds 
  LargestPossibleRegion: 
    Dimension: 3
    Index: [0, 0, 0]
    Size: [193, 229, 193]
  BufferedRegion: 
    Dimension: 3
    Index: [0, 0, 0]
    Size: [193, 229, 193]
  RequestedRegion: 
    Dimension: 3
    Index: [0, 0, 0]
    Size: [193, 229, 193]
  Spacing: [1, 1, 1]
  Origin: [96, 132, -78]
  Direction: 
-1 0 0
0 -1 0
0 0 1

  IndexToPointMatrix: 
-1 0 0
0 -1 0
0 0 1

  PointToIndexMatrix: 
-1 0 0
0 -1 0
0 0 1

  Inverse Direction: 
-1 0 0
0 -1 0
0 0 1

  PixelContainer: 
    ImportImageContainer (0x3ebe140)
      RTTI typeinfo:   itk::ImportImageContainer<unsigned long, double>
      Reference Count: 1
      Modified Time: 1940
      Debug: Off
      Object Name: 
      Observers: 
        none
      Pointer: 0x148e54c10010
      Container manages memory: true
      Size: 8530021
      Capacity: 8530021

     Moving image = Image (0x3ebb310)
  RTTI typeinfo:   itk::Image<double, 3u>
  Reference Count: 2
  Modified Time: 2335
  Debug: Off
  Object Name: 
  Observers: 
    none
  Source: (none)
  Source output name: (none)
  Release Data: Off
  Data Released: False
  Global Release Data: Off
  PipelineMTime: 0
  UpdateMTime: 2332
  RealTimeStamp: 0 seconds 
  LargestPossibleRegion: 
    Dimension: 3
    Index: [0, 0, 0]
    Size: [160, 240, 256]
  BufferedRegion: 
    Dimension: 3
    Index: [0, 0, 0]
    Size: [160, 240, 256]
  RequestedRegion: 
    Dimension: 3
    Index: [0, 0, 0]
    Size: [160, 240, 256]
  Spacing: [0.999999, 1, 1]
  Origin: [84.1637, 106.709, -120.531]
  Direction: 
-0.999619 -0.0226874 -0.0157033
0.0226846 -0.999743 0.00035635
-0.0157073 -7.8229e-09 0.999877

  IndexToPointMatrix: 
-0.999619 -0.0226874 -0.0157033
0.0226845 -0.999743 0.00035635
-0.0157073 -7.8229e-09 0.999877

  PointToIndexMatrix: 
-0.99962 0.0226846 -0.0157073
-0.0226874 -0.999743 -7.83127e-09
-0.0157033 0.00035635 0.999877

  Inverse Direction: 
-0.999619 0.0226846 -0.0157073
-0.0226874 -0.999743 -7.83127e-09
-0.0157033 0.00035635 0.999877

  PixelContainer: 
    ImportImageContainer (0x3fe6610)
      RTTI typeinfo:   itk::ImportImageContainer<unsigned long, double>
      Reference Count: 1
      Modified Time: 2329
      Debug: Off
      Object Name: 
      Observers: 
        none
      Pointer: 0x148e5010f010
      Container manages memory: true
      Size: 9830400
      Capacity: 9830400

     Weighting = 1
     Sampling strategy = regular
     Number of bins = 32
     Radius = 4
     Sampling percentage  = 0.25
   Transform = Rigid
     Gradient step = 0.1
     Update field sigma (voxel space) = 0
     Total field sigma (voxel space) = 0
     Update field time sigma = 0
     Total field time sigma  = 0
     Number of time indices = 0
     Number of time point samples = 0
Registration using 1 total stages.

Stage 0
  iterations = 0
  convergence threshold = 1e-06
  convergence window size = 10
  number of levels = 1
  using the Mattes MI metric (number of bins = 32, weight = 1, use gradient filter = 0)
  preprocessing:  winsorizing the image intensities
  Shrink factors (level 1 out of 1): [1, 1, 1]
  smoothing sigmas per level: [0]
  regular sampling (percentage = 0.25)

*** Running Euler3DTransform registration ***

  Elapsed time (stage 0): 1.12704


Total elapsed time: 1.12911
Info [verificarlo]: loaded backend libinterflop_vprec.so
Info [interflop-vprec]: load backend with: 
Info [interflop-vprec]: precision-binary32 = 11
Info [interflop-vprec]: range-binary32 = 7
Info [interflop-vprec]: precision-binary64 = 11
Info [interflop-vprec]: range-binary64 = 7
Info [interflop-vprec]: mode = ob
Info [interflop-vprec]: error-mode = rel
Info [interflop-vprec]: max-abs-error-exponent = -1022
Info [interflop-vprec]: daz = false
Info [interflop-vprec]: ftz = false
Info [interflop-vprec]: 	instrument = none
Info [interflop-vprec]: 	prec-input-file = (null)
Info [interflop-vprec]: 	prec-output-file = (null)
Info [interflop-vprec]: 	prec-log-file = (null)
All_Command_lines_OK
Using double precision for computations.
=============================================================================
The composite transform comprises the following transforms (in order): 
  1. /home/mdugre/scratch/mri-registration-rp/datasets/ds004513/derivatives/mri-registration-rp/0100/antsRegistration-r7-p11/sub-s014/align_Composite.h5[0] (type = Euler3DTransform)
  2. /home/mdugre/scratch/mri-registration-rp/datasets/ds004513/derivatives/mri-registration-rp/0100/antsRegistration-r7-p11/sub-s014/align_Composite.h5[1] (type = Euler3DTransform)
=============================================================================
  number of levels = 4
  fixed image: /templateflow/tpl-MNI152NLin2009cAsym/tpl-MNI152NLin2009cAsym_res-01_desc-brain_T1w.nii.gz
  moving image: /home/mdugre/scratch/mri-registration-rp/datasets/ds004513/derivatives/mri-registration-rp/antsBrainExtraction/sub-s014/BrainExtractionBrain.nii.gz
Dimension = 3
Number of stages = 1
Use histogram matching = false
Winsorize image intensities = true
  Lower quantile = 0.005
  Upper quantile = 0.995


Stage 1 State
   Image metric = MattesMI
     Fixed image = Image (0x48b41e0)
  RTTI typeinfo:   itk::Image<double, 3u>
  Reference Count: 2
  Modified Time: 1578
  Debug: Off
  Object Name: 
  Observers: 
    none
  Source: (none)
  Source output name: (none)
  Release Data: Off
  Data Released: False
  Global Release Data: Off
  PipelineMTime: 0
  UpdateMTime: 1189
  RealTimeStamp: 0 seconds 
  LargestPossibleRegion: 
    Dimension: 3
    Index: [0, 0, 0]
    Size: [193, 229, 193]
  BufferedRegion: 
    Dimension: 3
    Index: [0, 0, 0]
    Size: [193, 229, 193]
  RequestedRegion: 
    Dimension: 3
    Index: [0, 0, 0]
    Size: [193, 229, 193]
  Spacing: [1, 1, 1]
  Origin: [96, 132, -78]
  Direction: 
-1 0 0
0 -1 0
0 0 1

  IndexToPointMatrix: 
-1 0 0
0 -1 0
0 0 1

  PointToIndexMatrix: 
-1 0 0
0 -1 0
0 0 1

  Inverse Direction: 
-1 0 0
0 -1 0
0 0 1

  PixelContainer: 
    ImportImageContainer (0x4973680)
      RTTI typeinfo:   itk::ImportImageContainer<unsigned long, double>
      Reference Count: 1
      Modified Time: 1186
      Debug: Off
      Object Name: 
      Observers: 
        none
      Pointer: 0x154783a1f010
      Container manages memory: true
      Size: 8530021
      Capacity: 8530021

     Moving image = Image (0x496fb20)
  RTTI typeinfo:   itk::Image<double, 3u>
  Reference Count: 2
  Modified Time: 1579
  Debug: Off
  Object Name: 
  Observers: 
    none
  Source: (none)
  Source output name: (none)
  Release Data: Off
  Data Released: False
  Global Release Data: Off
  PipelineMTime: 0
  UpdateMTime: 1576
  RealTimeStamp: 0 seconds 
  LargestPossibleRegion: 
    Dimension: 3
    Index: [0, 0, 0]
    Size: [160, 240, 256]
  BufferedRegion: 
    Dimension: 3
    Index: [0, 0, 0]
    Size: [160, 240, 256]
  RequestedRegion: 
    Dimension: 3
    Index: [0, 0, 0]
    Size: [160, 240, 256]
  Spacing: [1, 1, 1]
  Origin: [84.1562, 106.719, -120.531]
  Direction: 
-0.999512 -0.0226898 -0.0157013
0.0226822 -0.999756 0.000356197
-0.0157089 0 0.999756

  IndexToPointMatrix: 
-0.999512 -0.0226898 -0.0157013
0.0226822 -0.999756 0.000356197
-0.0157089 0 0.999756

  PointToIndexMatrix: 
-0.999512 0.0226822 -0.0157089
-0.0226822 -0.999756 5.96046e-08
-0.0157013 0.000356436 0.999756

  Inverse Direction: 
-0.999512 0.0226822 -0.0157089
-0.0226822 -0.999756 5.96046e-08
-0.0157013 0.000356436 0.999756

  PixelContainer: 
    ImportImageContainer (0x49d8d50)
      RTTI typeinfo:   itk::ImportImageContainer<unsigned long, double>
      Reference Count: 1
      Modified Time: 1573
      Debug: Off
      Object Name: 
      Observers: 
        none
      Pointer: 0x15477ef1e010
      Container manages memory: true
      Size: 9830400
      Capacity: 9830400

     Weighting = 1
     Sampling strategy = regular
     Number of bins = 32
     Radius = 4
     Sampling percentage  = 0.25
   Transform = Rigid
     Gradient step = 0.1
     Update field sigma (voxel space) = 0
     Total field sigma (voxel space) = 0
     Update field time sigma = 0
     Total field time sigma  = 0
     Number of time indices = 0
     Number of time point samples = 0
Registration using 1 total stages.

Stage 0
  iterations = 1000x500x250x100
  convergence threshold = 1e-06
  convergence window size = 10
  number of levels = 4
  using the Mattes MI metric (number of bins = 32, weight = 1, use gradient filter = 0)
  preprocessing:  winsorizing the image intensities
  Shrink factors (level 1 out of 4): [8, 8, 8]
  Shrink factors (level 2 out of 4): [4, 4, 4]
  Shrink factors (level 3 out of 4): [2, 2, 2]
  Shrink factors (level 4 out of 4): [1, 1, 1]
  smoothing sigmas per level: [3, 2, 1, 0]
  regular sampling (percentage = 0.25)

*** Running Euler3DTransform registration ***

DIAGNOSTIC,Iteration,metricValue,convergenceValue,ITERATION_TIME_INDEX,SINCE_LAST
 2DIAGNOSTIC,     1, -4.765668616063e-01, 1.797693134862e+308, 0.0000e+00, 0.0000e+00, 
 2DIAGNOSTIC,     2, -4.768564933859e-01, 1.797693134862e+308, 0.0000e+00, 0.0000e+00, 
 2DIAGNOSTIC,     3, -4.772112918744e-01, 1.797693134862e+308, 0.0000e+00, 0.0000e+00, 
 2DIAGNOSTIC,     4, -4.779157367238e-01, 1.797693134862e+308, 0.0000e+00, 0.0000e+00, 
 2DIAGNOSTIC,     5, -4.796725825860e-01, 1.797693134862e+308, 0.0000e+00, 0.0000e+00, 
 2DIAGNOSTIC,     6, -4.819172001285e-01, 1.797693134862e+308, 0.0000e+00, 0.0000e+00, 
 2DIAGNOSTIC,     7, -4.864537379827e-01, 1.797693134862e+308, 0.0000e+00, 0.0000e+00, 
 2DIAGNOSTIC,     8, -4.928272495885e-01, 1.797693134862e+308, 0.0000e+00, 0.0000e+00, 
 2DIAGNOSTIC,     9, -5.009749148284e-01, 1.797693134862e+308, 0.0000e+00, 0.0000e+00, 
 2DIAGNOSTIC,    10, -5.057135309622e-01, 3.835336025030e-03, 0.0000e+00, 0.0000e+00, 
 2DIAGNOSTIC,    11, -5.084867683284e-01, 4.217380148150e-03, 0.0000e+00, 0.0000e+00, 
 2DIAGNOSTIC,    12, -5.180222439931e-01, 4.625745168398e-03, 0.0000e+00, 0.0000e+00, 
 2DIAGNOSTIC,    13, -5.231304119501e-01, 4.778460172227e-03, 0.0000e+00, 0.0000e+00, 
 2DIAGNOSTIC,    14, -5.230678058418e-01, 4.497647887157e-03, 0.0000e+00, 0.0000e+00, 
 2DIAGNOSTIC,    15, -5.230638498959e-01, 3.921400106625e-03, 0.0000e+00, 0.0000e+00, 
 2DIAGNOSTIC,    16, -5.230746526848e-01, 3.144943844343e-03, 0.0000e+00, 0.0000e+00, 
 2DIAGNOSTIC,    17, -5.232325504875e-01, 2.325635295936e-03, 0.0000e+00, 0.0000e+00, 
 2DIAGNOSTIC,    18, -5.233867856685e-01, 1.584567726717e-03, 0.0000e+00, 0.0000e+00, 
 2DIAGNOSTIC,    19, -5.236016750862e-01, 1.028223657946e-03, 0.0000e+00, 0.0000e+00, 
 2DIAGNOSTIC,    20, -5.236494204141e-01, 5.728060358544e-04, 0.0000e+00, 0.0000e+00, 
 2DIAGNOSTIC,    21, -5.238328437271e-01, 1.828561265647e-04, 0.0000e+00, 0.0000e+00, 
 2DIAGNOSTIC,    22, -5.236908265532e-01, 4.886818519811e-05, 0.0000e+00, 0.0000e+00, 
 2DIAGNOSTIC,    23, -5.236687094675e-01, 4.666368438059e-05, 0.0000e+00, 0.0000e+00, 
 2DIAGNOSTIC,    24, -5.236398526600e-01, 3.815207724953e-05, 0.0000e+00, 0.0000e+00, 
 2DIAGNOSTIC,    25, -5.236062570933e-01, 2.592638362450e-05, 0.0000e+00, 0.0000e+00, 
 2DIAGNOSTIC,    26, -5.235665329723e-01, 1.157612948877e-05, 0.0000e+00, 0.0000e+00, 
DIAGNOSTIC,Iteration,metricValue,convergenceValue,ITERATION_TIME_INDEX,SINCE_LAST
 2DIAGNOSTIC,     1, -4.456697805481e-01, 1.797693134862e+308, 0.0000e+00, 0.0000e+00, 
 2DIAGNOSTIC,     2, -4.457724107048e-01, 1.797693134862e+308, 0.0000e+00, 0.0000e+00, 
 2DIAGNOSTIC,     3, -4.459584009619e-01, 1.797693134862e+308, 0.0000e+00, 0.0000e+00, 
 2DIAGNOSTIC,     4, -4.462964883977e-01, 1.797693134862e+308, 0.0000e+00, 0.0000e+00, 
 2DIAGNOSTIC,     5, -4.462885827948e-01, 1.797693134862e+308, 0.0000e+00, 0.0000e+00, 
 2DIAGNOSTIC,     6, -4.464945287807e-01, 1.797693134862e+308, 0.0000e+00, 0.0000e+00, 
 2DIAGNOSTIC,     7, -4.465976369026e-01, 1.797693134862e+308, 0.0000e+00, 0.0000e+00, 
 2DIAGNOSTIC,     8, -4.466540081484e-01, 1.797693134862e+308, 0.0000e+00, 0.0000e+00, 
 2DIAGNOSTIC,     9, -4.467034187828e-01, 1.797693134862e+308, 0.0000e+00, 0.0000e+00, 
 2DIAGNOSTIC,    10, -4.466216704603e-01, 1.546283086911e-04, 0.0000e+00, 0.0000e+00, 
 2DIAGNOSTIC,    11, -4.466329822899e-01, 1.107550223595e-04, 0.0000e+00, 0.0000e+00, 
 2DIAGNOSTIC,    12, -4.466510012299e-01, 7.042552592244e-05, 0.0000e+00, 0.0000e+00, 
 2DIAGNOSTIC,    13, -4.466442129957e-01, 3.824914548964e-05, 0.0000e+00, 0.0000e+00, 
 2DIAGNOSTIC,    14, -4.466355170417e-01, 2.236925417577e-05, 0.0000e+00, 0.0000e+00, 
 2DIAGNOSTIC,    15, -4.466135618852e-01, 5.209855608646e-06, 0.0000e+00, 0.0000e+00, 
DIAGNOSTIC,Iteration,metricValue,convergenceValue,ITERATION_TIME_INDEX,SINCE_LAST
 2DIAGNOSTIC,     1, -3.913690837668e-01, 1.797693134862e+308, 0.0000e+00, 0.0000e+00, 
 2DIAGNOSTIC,     2, -3.913774782607e-01, 1.797693134862e+308, 0.0000e+00, 0.0000e+00, 
 2DIAGNOSTIC,     3, -3.915580227671e-01, 1.797693134862e+308, 0.0000e+00, 0.0000e+00, 
 2DIAGNOSTIC,     4, -3.916086376494e-01, 1.797693134862e+308, 0.0000e+00, 0.0000e+00, 
 2DIAGNOSTIC,     5, -3.916452093529e-01, 1.797693134862e+308, 0.0000e+00, 0.0000e+00, 
 2DIAGNOSTIC,     6, -3.916461900246e-01, 1.797693134862e+308, 0.0000e+00, 0.0000e+00, 
 2DIAGNOSTIC,     7, -3.916443326434e-01, 1.797693134862e+308, 0.0000e+00, 0.0000e+00, 
 2DIAGNOSTIC,     8, -3.915388381216e-01, 1.797693134862e+308, 0.0000e+00, 0.0000e+00, 
 2DIAGNOSTIC,     9, -3.915376019949e-01, 1.797693134862e+308, 0.0000e+00, 0.0000e+00, 
 2DIAGNOSTIC,    10, -3.915280045683e-01, 2.193613837975e-05, 0.0000e+00, 0.0000e+00, 
 2DIAGNOSTIC,    11, -3.915265606675e-01, 1.525042941750e-06, 0.0000e+00, 0.0000e+00, 
DIAGNOSTIC,Iteration,metricValue,convergenceValue,ITERATION_TIME_INDEX,SINCE_LAST
 2DIAGNOSTIC,     1, -3.648022783387e-01, 1.797693134862e+308, 0.0000e+00, 0.0000e+00, 
 2DIAGNOSTIC,     2, -3.648059520270e-01, 1.797693134862e+308, 0.0000e+00, 0.0000e+00, 
 2DIAGNOSTIC,     3, -3.648075007759e-01, 1.797693134862e+308, 0.0000e+00, 0.0000e+00, 
 2DIAGNOSTIC,     4, -3.647829103904e-01, 1.797693134862e+308, 0.0000e+00, 0.0000e+00, 
 2DIAGNOSTIC,     5, -3.647829103904e-01, 1.797693134862e+308, 0.0000e+00, 0.0000e+00, 
 2DIAGNOSTIC,     6, -3.647829103904e-01, 1.797693134862e+308, 0.0000e+00, 0.0000e+00, 
 2DIAGNOSTIC,     7, -3.647829103904e-01, 1.797693134862e+308, 0.0000e+00, 0.0000e+00, 
 2DIAGNOSTIC,     8, -3.647829103904e-01, 1.797693134862e+308, 0.0000e+00, 0.0000e+00, 
 2DIAGNOSTIC,     9, -3.647829103904e-01, 1.797693134862e+308, 0.0000e+00, 0.0000e+00, 
  Elapsed time (stage 0): 0.0000e+00


Total elapsed time: 0.0000e+00
Info [verificarlo]: loaded backend libinterflop_ieee.so
Info [interflop-ieee]: load backend with:
Info [interflop-ieee]: debug = false
Info [interflop-ieee]: debug-binary = false
Info [interflop-ieee]: no-backend-name = false
Info [interflop-ieee]: print-new-line = false
Info [interflop-ieee]: print-subnormal-normalized = false
Info [interflop-ieee]: count-op = false
All_Command_lines_OK
Using double precision for computations.
=============================================================================
The composite transform comprises the following transforms (in order): 
  1. /home/mdugre/scratch/mri-registration-rp/datasets/ds004513/derivatives/mri-registration-rp/0100/antsRegistration-r7-p11/sub-s014/rigid_Composite.h5[0] (type = Euler3DTransform)
  2. /home/mdugre/scratch/mri-registration-rp/datasets/ds004513/derivatives/mri-registration-rp/0100/antsRegistration-r7-p11/sub-s014/rigid_Composite.h5[1] (type = Euler3DTransform)
  3. /home/mdugre/scratch/mri-registration-rp/datasets/ds004513/derivatives/mri-registration-rp/0100/antsRegistration-r7-p11/sub-s014/rigid_Composite.h5[2] (type = Euler3DTransform)
=============================================================================
  number of levels = 4
  fixed image: /templateflow/tpl-MNI152NLin2009cAsym/tpl-MNI152NLin2009cAsym_res-01_desc-brain_T1w.nii.gz
  moving image: /home/mdugre/scratch/mri-registration-rp/datasets/ds004513/derivatives/mri-registration-rp/antsBrainExtraction/sub-s014/BrainExtractionBrain.nii.gz
Dimension = 3
Number of stages = 1
Use histogram matching = false
Winsorize image intensities = true
  Lower quantile = 0.005
  Upper quantile = 0.995


Stage 1 State
   Image metric = MattesMI
     Fixed image = Image (0x38607e0)
  RTTI typeinfo:   itk::Image<double, 3u>
  Reference Count: 2
  Modified Time: 1594
  Debug: Off
  Object Name: 
  Observers: 
    none
  Source: (none)
  Source output name: (none)
  Release Data: Off
  Data Released: False
  Global Release Data: Off
  PipelineMTime: 0
  UpdateMTime: 1203
  RealTimeStamp: 0 seconds 
  LargestPossibleRegion: 
    Dimension: 3
    Index: [0, 0, 0]
    Size: [193, 229, 193]
  BufferedRegion: 
    Dimension: 3
    Index: [0, 0, 0]
    Size: [193, 229, 193]
  RequestedRegion: 
    Dimension: 3
    Index: [0, 0, 0]
    Size: [193, 229, 193]
  Spacing: [1, 1, 1]
  Origin: [96, 132, -78]
  Direction: 
-1 0 0
0 -1 0
0 0 1

  IndexToPointMatrix: 
-1 0 0
0 -1 0
0 0 1

  PointToIndexMatrix: 
-1 0 0
0 -1 0
0 0 1

  Inverse Direction: 
-1 0 0
0 -1 0
0 0 1

  PixelContainer: 
    ImportImageContainer (0x3920a20)
      RTTI typeinfo:   itk::ImportImageContainer<unsigned long, double>
      Reference Count: 1
      Modified Time: 1200
      Debug: Off
      Object Name: 
      Observers: 
        none
      Pointer: 0x1531384af010
      Container manages memory: true
      Size: 8530021
      Capacity: 8530021

     Moving image = Image (0x38d5e20)
  RTTI typeinfo:   itk::Image<double, 3u>
  Reference Count: 2
  Modified Time: 1595
  Debug: Off
  Object Name: 
  Observers: 
    none
  Source: (none)
  Source output name: (none)
  Release Data: Off
  Data Released: False
  Global Release Data: Off
  PipelineMTime: 0
  UpdateMTime: 1592
  RealTimeStamp: 0 seconds 
  LargestPossibleRegion: 
    Dimension: 3
    Index: [0, 0, 0]
    Size: [160, 240, 256]
  BufferedRegion: 
    Dimension: 3
    Index: [0, 0, 0]
    Size: [160, 240, 256]
  RequestedRegion: 
    Dimension: 3
    Index: [0, 0, 0]
    Size: [160, 240, 256]
  Spacing: [0.999999, 1, 1]
  Origin: [84.1637, 106.709, -120.531]
  Direction: 
-0.999619 -0.0226874 -0.0157033
0.0226846 -0.999743 0.00035635
-0.0157073 -7.8229e-09 0.999877

  IndexToPointMatrix: 
-0.999619 -0.0226874 -0.0157033
0.0226845 -0.999743 0.00035635
-0.0157073 -7.8229e-09 0.999877

  PointToIndexMatrix: 
-0.99962 0.0226846 -0.0157073
-0.0226874 -0.999743 -7.83127e-09
-0.0157033 0.00035635 0.999877

  Inverse Direction: 
-0.999619 0.0226846 -0.0157073
-0.0226874 -0.999743 -7.83127e-09
-0.0157033 0.00035635 0.999877

  PixelContainer: 
    ImportImageContainer (0x396f550)
      RTTI typeinfo:   itk::ImportImageContainer<unsigned long, double>
      Reference Count: 1
      Modified Time: 1589
      Debug: Off
      Object Name: 
      Observers: 
        none
      Pointer: 0x1531339ae010
      Container manages memory: true
      Size: 9830400
      Capacity: 9830400

     Weighting = 1
     Sampling strategy = regular
     Number of bins = 32
     Radius = 4
     Sampling percentage  = 0.25
   Transform = Affine
     Gradient step = 0.1
     Update field sigma (voxel space) = 0
     Total field sigma (voxel space) = 0
     Update field time sigma = 0
     Total field time sigma  = 0
     Number of time indices = 0
     Number of time point samples = 0
Registration using 1 total stages.

Stage 0
  iterations = 1000x500x250x100
  convergence threshold = 1e-06
  convergence window size = 10
  number of levels = 4
  using the Mattes MI metric (number of bins = 32, weight = 1, use gradient filter = 0)
  preprocessing:  winsorizing the image intensities
  Shrink factors (level 1 out of 4): [8, 8, 8]
  Shrink factors (level 2 out of 4): [4, 4, 4]
  Shrink factors (level 3 out of 4): [2, 2, 2]
  Shrink factors (level 4 out of 4): [1, 1, 1]
  smoothing sigmas per level: [3, 2, 1, 0]
  regular sampling (percentage = 0.25)

*** Running AffineTransform registration ***

DIAGNOSTIC,Iteration,metricValue,convergenceValue,ITERATION_TIME_INDEX,SINCE_LAST
 2DIAGNOSTIC,     1, -5.265188181977e-01, 1.797693134862e+308, 7.5145e-01, 7.5145e-01, 
 2DIAGNOSTIC,     2, -5.282792123819e-01, 1.797693134862e+308, 7.5682e-01, 5.3730e-03, 
 2DIAGNOSTIC,     3, -5.312529126631e-01, 1.797693134862e+308, 7.6301e-01, 6.1901e-03, 
 2DIAGNOSTIC,     4, -5.360055816775e-01, 1.797693134862e+308, 7.6818e-01, 5.1730e-03, 
 2DIAGNOSTIC,     5, -5.446812904962e-01, 1.797693134862e+308, 7.7371e-01, 5.5230e-03, 
 2DIAGNOSTIC,     6, -5.647518813850e-01, 1.797693134862e+308, 7.7874e-01, 5.0371e-03, 
 2DIAGNOSTIC,     7, -6.050255147235e-01, 1.797693134862e+308, 7.8394e-01, 5.1970e-03, 
 2DIAGNOSTIC,     8, -6.820207381830e-01, 1.797693134862e+308, 7.9024e-01, 6.3031e-03, 
 2DIAGNOSTIC,     9, -7.277731008612e-01, 1.797693134862e+308, 7.9554e-01, 5.2912e-03, 
 2DIAGNOSTIC,    10, -7.541005860005e-01, 2.573453608455e-02, 8.0246e-01, 6.9261e-03, 
 2DIAGNOSTIC,    11, -7.679325599861e-01, 2.686659231799e-02, 8.0966e-01, 7.2029e-03, 
 2DIAGNOSTIC,    12, -7.705190978655e-01, 2.555327020260e-02, 8.1493e-01, 5.2679e-03, 
 2DIAGNOSTIC,    13, -7.779649571883e-01, 2.252473549481e-02, 8.2078e-01, 5.8489e-03, 
 2DIAGNOSTIC,    14, -7.798393077015e-01, 1.818854962393e-02, 8.2597e-01, 5.1901e-03, 
 2DIAGNOSTIC,    15, -7.814069783240e-01, 1.320797283890e-02, 8.3148e-01, 5.5089e-03, 
 2DIAGNOSTIC,    16, -7.848048518306e-01, 8.391036902603e-03, 8.3690e-01, 5.4200e-03, 
 2DIAGNOSTIC,    17, -7.912605499346e-01, 4.593093689979e-03, 8.4367e-01, 6.7720e-03, 
 2DIAGNOSTIC,    18, -7.991416893938e-01, 2.810160647646e-03, 8.5351e-01, 9.8341e-03, 
 2DIAGNOSTIC,    19, -7.991857828730e-01, 1.969555316872e-03, 8.5946e-01, 5.9488e-03, 
 2DIAGNOSTIC,    20, -7.996054508236e-01, 1.591467637829e-03, 8.6477e-01, 5.3160e-03, 
 2DIAGNOSTIC,    21, -8.000484622455e-01, 1.385971356391e-03, 8.7017e-01, 5.3999e-03, 
 2DIAGNOSTIC,    22, -8.005258162327e-01, 1.123732110428e-03, 8.7550e-01, 5.3282e-03, 
 2DIAGNOSTIC,    23, -8.012267349575e-01, 9.229745861092e-04, 8.8081e-01, 5.3120e-03, 
 2DIAGNOSTIC,    24, -8.016358827401e-01, 6.942596429844e-04, 8.8723e-01, 6.4161e-03, 
 2DIAGNOSTIC,    25, -8.017403277630e-01, 4.496327588011e-04, 8.9365e-01, 6.4201e-03, 
 2DIAGNOSTIC,    26, -8.016096651210e-01, 2.325145493358e-04, 8.9893e-01, 5.2800e-03, 
 2DIAGNOSTIC,    27, -8.016658437739e-01, 1.035036829195e-04, 9.0482e-01, 5.8901e-03, 
 2DIAGNOSTIC,    28, -8.017113954397e-01, 8.620670021708e-05, 9.1059e-01, 5.7709e-03, 
 2DIAGNOSTIC,    29, -8.015700482178e-01, 6.076527227904e-05, 9.1587e-01, 5.2860e-03, 
 2DIAGNOSTIC,    30, -8.014877813025e-01, 3.605651031497e-05, 9.2173e-01, 5.8589e-03, 
 2DIAGNOSTIC,    31, -8.016179501499e-01, 1.704522723922e-05, 9.2696e-01, 5.2290e-03, 
 2DIAGNOSTIC,    32, -8.014767503547e-01, 1.643985800291e-06, 9.3284e-01, 5.8801e-03, 
DIAGNOSTIC,Iteration,metricValue,convergenceValue,ITERATION_TIME_INDEX,SINCE_LAST
 2DIAGNOSTIC,     1, -6.563941021039e-01, 1.797693134862e+308, 1.6139e+00, 6.8104e-01, 
 2DIAGNOSTIC,     2, -6.569151493299e-01, 1.797693134862e+308, 1.6493e+00, 3.5433e-02, 
 2DIAGNOSTIC,     3, -6.576494842631e-01, 1.797693134862e+308, 1.6903e+00, 4.0951e-02, 
 2DIAGNOSTIC,     4, -6.584032326350e-01, 1.797693134862e+308, 1.7384e+00, 4.8140e-02, 
 2DIAGNOSTIC,     5, -6.597134545775e-01, 1.797693134862e+308, 1.7765e+00, 3.8112e-02, 
 2DIAGNOSTIC,     6, -6.631257892197e-01, 1.797693134862e+308, 1.8127e+00, 3.6196e-02, 
 2DIAGNOSTIC,     7, -6.723242506796e-01, 1.797693134862e+308, 1.8546e+00, 4.1924e-02, 
 2DIAGNOSTIC,     8, -6.756929817259e-01, 1.797693134862e+308, 1.9079e+00, 5.3298e-02, 
 2DIAGNOSTIC,     9, -6.778389466988e-01, 1.797693134862e+308, 1.9429e+00, 3.4996e-02, 
 2DIAGNOSTIC,    10, -6.796423431065e-01, 2.618238988260e-03, 1.9799e+00, 3.6935e-02, 
 2DIAGNOSTIC,    11, -6.826459285479e-01, 2.619125461730e-03, 2.0190e+00, 3.9153e-02, 
 2DIAGNOSTIC,    12, -6.879617814164e-01, 2.583681296689e-03, 2.0746e+00, 5.5567e-02, 
 2DIAGNOSTIC,    13, -6.909741382387e-01, 2.438183358761e-03, 2.1121e+00, 3.7497e-02, 
 2DIAGNOSTIC,    14, -6.913241284035e-01, 2.130324607360e-03, 2.1592e+00, 4.7070e-02, 
 2DIAGNOSTIC,    15, -6.915828317356e-01, 1.718481740887e-03, 2.2017e+00, 4.2545e-02, 
 2DIAGNOSTIC,    16, -6.921232134668e-01, 1.300517043588e-03, 2.2451e+00, 4.3384e-02, 
 2DIAGNOSTIC,    17, -6.928824474408e-01, 1.055912963570e-03, 2.3003e+00, 5.5171e-02, 
 2DIAGNOSTIC,    18, -6.928890535911e-01, 8.189414824495e-04, 2.3477e+00, 4.7495e-02, 
 2DIAGNOSTIC,    19, -6.928886578454e-01, 5.807864205671e-04, 2.3901e+00, 4.2350e-02, 
 2DIAGNOSTIC,    20, -6.928890815626e-01, 3.516679207467e-04, 2.4327e+00, 4.2642e-02, 
 2DIAGNOSTIC,    21, -6.928820449534e-01, 1.695122529140e-04, 2.4750e+00, 4.2290e-02, 
 2DIAGNOSTIC,    22, -6.928741490600e-01, 8.770778626030e-05, 2.5111e+00, 3.6043e-02, 
 2DIAGNOSTIC,    23, -6.928566825510e-01, 5.947890165321e-05, 2.5496e+00, 3.8521e-02, 
 2DIAGNOSTIC,    24, -6.928678167689e-01, 3.469174673180e-05, 2.5852e+00, 3.5570e-02, 
 2DIAGNOSTIC,    25, -6.928597965765e-01, 1.286164848370e-05, 2.6248e+00, 3.9662e-02, 
DIAGNOSTIC,Iteration,metricValue,convergenceValue,ITERATION_TIME_INDEX,SINCE_LAST
 2DIAGNOSTIC,     1, -5.879537516037e-01, 1.797693134862e+308, 3.7519e+00, 1.1271e+00, 
 2DIAGNOSTIC,     2, -5.886334530471e-01, 1.797693134862e+308, 4.0590e+00, 3.0709e-01, 
 2DIAGNOSTIC,     3, -5.894449760890e-01, 1.797693134862e+308, 4.3554e+00, 2.9639e-01, 
 2DIAGNOSTIC,     4, -5.904284083336e-01, 1.797693134862e+308, 4.6611e+00, 3.0570e-01, 
 2DIAGNOSTIC,     5, -5.923513730106e-01, 1.797693134862e+308, 5.0805e+00, 4.1938e-01, 
 2DIAGNOSTIC,     6, -5.935788684872e-01, 1.797693134862e+308, 5.6093e+00, 5.2881e-01, 
 2DIAGNOSTIC,     7, -5.936006979983e-01, 1.797693134862e+308, 5.9515e+00, 3.4226e-01, 
 2DIAGNOSTIC,     8, -5.936082313522e-01, 1.797693134862e+308, 6.2881e+00, 3.3658e-01, 
 2DIAGNOSTIC,     9, -5.936157862121e-01, 1.797693134862e+308, 6.6344e+00, 3.4623e-01, 
 2DIAGNOSTIC,    10, -5.936231489530e-01, 7.058669934950e-04, 6.9364e+00, 3.0209e-01, 
 2DIAGNOSTIC,    11, -5.936382375773e-01, 5.041867722759e-04, 7.2727e+00, 3.3631e-01, 
 2DIAGNOSTIC,    12, -5.936477592331e-01, 3.194379995869e-04, 7.5983e+00, 3.2557e-01, 
 2DIAGNOSTIC,    13, -5.936544521605e-01, 1.653439639825e-04, 7.9822e+00, 3.8392e-01, 
 2DIAGNOSTIC,    14, -5.936465089613e-01, 5.058943048705e-05, 8.4207e+00, 4.3849e-01, 
 2DIAGNOSTIC,    15, -5.936477927287e-01, 7.205468223928e-06, 8.7625e+00, 3.4175e-01, 
 2DIAGNOSTIC,    16, -5.936464963538e-01, 5.533788596038e-06, 9.0826e+00, 3.2013e-01, 
 2DIAGNOSTIC,    17, -5.936358398500e-01, 4.039292786258e-06, 9.4203e+00, 3.3774e-01, 
 2DIAGNOSTIC,    18, -5.936380156357e-01, 2.778177265524e-06, 9.8386e+00, 4.1824e-01, 
 2DIAGNOSTIC,    19, -5.936391097539e-01, 1.775441811534e-06, 1.0160e+01, 3.2098e-01, 
DIAGNOSTIC,Iteration,metricValue,convergenceValue,ITERATION_TIME_INDEX,SINCE_LAST
 2DIAGNOSTIC,     1, -5.277520575006e-01, 1.797693134862e+308, 1.3129e+01, 2.9697e+00, 
 2DIAGNOSTIC,     2, -5.278190893418e-01, 1.797693134862e+308, 1.5492e+01, 2.3631e+00, 
 2DIAGNOSTIC,     3, -5.278159618527e-01, 1.797693134862e+308, 1.7942e+01, 2.4500e+00, 
 2DIAGNOSTIC,     4, -5.278149359858e-01, 1.797693134862e+308, 2.0037e+01, 2.0946e+00, 
 2DIAGNOSTIC,     5, -5.278136197423e-01, 1.797693134862e+308, 2.2052e+01, 2.0146e+00, 
 2DIAGNOSTIC,     6, -5.278132222669e-01, 1.797693134862e+308, 2.5393e+01, 3.3413e+00, 
 2DIAGNOSTIC,     7, -5.278130386849e-01, 1.797693134862e+308, 2.7460e+01, 2.0674e+00, 
 2DIAGNOSTIC,     8, -5.278131110539e-01, 1.797693134862e+308, 2.9680e+01, 2.2198e+00, 
 2DIAGNOSTIC,     9, -5.278130630825e-01, 1.797693134862e+308, 3.1823e+01, 2.1427e+00, 
 2DIAGNOSTIC,    10, -5.278128660572e-01, 6.012926961382e-06, 3.3862e+01, 2.0389e+00, 
 2DIAGNOSTIC,    11, -5.278126941545e-01, 2.368907892250e-06, 3.6048e+01, 2.1866e+00, 
 2DIAGNOSTIC,    12, -5.278126501414e-01, 2.387821851302e-06, 3.7933e+01, 1.8844e+00, 
 2DIAGNOSTIC,    13, -5.278126640004e-01, 2.298716839169e-06, 3.9896e+01, 1.9630e+00, 
 2DIAGNOSTIC,    14, -5.278127554166e-01, 2.200920471720e-06, 4.1736e+01, 1.8404e+00, 
 2DIAGNOSTIC,    15, -5.278127818891e-01, 2.076773829865e-06, 4.3813e+01, 2.0773e+00, 
 2DIAGNOSTIC,    16, -5.278126257067e-01, 1.953866022170e-06, 4.5900e+01, 2.0869e+00, 
 2DIAGNOSTIC,    17, -5.278125856912e-01, 1.841545406035e-06, 4.7841e+01, 1.9404e+00, 
 2DIAGNOSTIC,    18, -5.278126064102e-01, 1.747092157563e-06, 4.9760e+01, 1.9194e+00, 
 2DIAGNOSTIC,    19, -5.278128578535e-01, 1.670143803964e-06, 5.1759e+01, 1.9985e+00, 
 2DIAGNOSTIC,    20, -5.278126454719e-01, 1.590160832322e-06, 5.3772e+01, 2.0133e+00, 
 2DIAGNOSTIC,    21, -5.278121770032e-01, 1.501793492009e-06, 5.5819e+01, 2.0471e+00, 
 2DIAGNOSTIC,    22, -5.278121726244e-01, 1.421908577416e-06, 5.7821e+01, 2.0024e+00, 
 2DIAGNOSTIC,    23, -5.278120397836e-01, 1.348079861095e-06, 5.9978e+01, 2.1567e+00, 
 2DIAGNOSTIC,    24, -5.278121030350e-01, 1.286911072894e-06, 6.2291e+01, 2.3128e+00, 
 2DIAGNOSTIC,    25, -5.278120253442e-01, 1.233261724083e-06, 6.4376e+01, 2.0848e+00, 
 2DIAGNOSTIC,    26, -5.278120123808e-01, 1.184228608106e-06, 6.6645e+01, 2.2698e+00, 
 2DIAGNOSTIC,    27, -5.278118307370e-01, 1.138137980895e-06, 6.8501e+01, 1.8561e+00, 
 2DIAGNOSTIC,    28, -5.278118282910e-01, 1.099241230991e-06, 7.0617e+01, 2.1155e+00, 
 2DIAGNOSTIC,    29, -5.278118257553e-01, 1.071085552293e-06, 7.2729e+01, 2.1120e+00, 
 2DIAGNOSTIC,    30, -5.278117190954e-01, 1.041690100831e-06, 7.4617e+01, 1.8877e+00, 
 2DIAGNOSTIC,    31, -5.278115877088e-01, 1.005601234574e-06, 7.6795e+01, 2.1784e+00, 
  Elapsed time (stage 0): 7.7982e+01


Total elapsed time: 7.7985e+01
Info [verificarlo]: loaded backend libinterflop_ieee.so
Info [interflop-ieee]: load backend with:
Info [interflop-ieee]: debug = false
Info [interflop-ieee]: debug-binary = false
Info [interflop-ieee]: no-backend-name = false
Info [interflop-ieee]: print-new-line = false
Info [interflop-ieee]: print-subnormal-normalized = false
Info [interflop-ieee]: count-op = false
All_Command_lines_OK
Using double precision for computations.
=============================================================================
The composite transform comprises the following transforms (in order): 
  1. /home/mdugre/scratch/mri-registration-rp/datasets/ds004513/derivatives/mri-registration-rp/0100/antsRegistration-r7-p11/sub-s014/affine_Composite.h5[0] (type = Euler3DTransform)
  2. /home/mdugre/scratch/mri-registration-rp/datasets/ds004513/derivatives/mri-registration-rp/0100/antsRegistration-r7-p11/sub-s014/affine_Composite.h5[1] (type = Euler3DTransform)
  3. /home/mdugre/scratch/mri-registration-rp/datasets/ds004513/derivatives/mri-registration-rp/0100/antsRegistration-r7-p11/sub-s014/affine_Composite.h5[2] (type = Euler3DTransform)
  4. /home/mdugre/scratch/mri-registration-rp/datasets/ds004513/derivatives/mri-registration-rp/0100/antsRegistration-r7-p11/sub-s014/affine_Composite.h5[3] (type = AffineTransform)
=============================================================================
  number of levels = 4
  fixed image: /templateflow/tpl-MNI152NLin2009cAsym/tpl-MNI152NLin2009cAsym_res-01_desc-brain_T1w.nii.gz
  moving image: /home/mdugre/scratch/mri-registration-rp/datasets/ds004513/derivatives/mri-registration-rp/antsBrainExtraction/sub-s014/BrainExtractionBrain.nii.gz
Dimension = 3
Number of stages = 1
Use histogram matching = false
Winsorize image intensities = true
  Lower quantile = 0.005
  Upper quantile = 0.995


Stage 1 State
   Image metric = CC
     Fixed image = Image (0x44b4a40)
  RTTI typeinfo:   itk::Image<double, 3u>
  Reference Count: 2
  Modified Time: 1608
  Debug: Off
  Object Name: 
  Observers: 
    none
  Source: (none)
  Source output name: (none)
  Release Data: Off
  Data Released: False
  Global Release Data: Off
  PipelineMTime: 0
  UpdateMTime: 1217
  RealTimeStamp: 0 seconds 
  LargestPossibleRegion: 
    Dimension: 3
    Index: [0, 0, 0]
    Size: [193, 229, 193]
  BufferedRegion: 
    Dimension: 3
    Index: [0, 0, 0]
    Size: [193, 229, 193]
  RequestedRegion: 
    Dimension: 3
    Index: [0, 0, 0]
    Size: [193, 229, 193]
  Spacing: [1, 1, 1]
  Origin: [96, 132, -78]
  Direction: 
-1 0 0
0 -1 0
0 0 1

  IndexToPointMatrix: 
-1 0 0
0 -1 0
0 0 1

  PointToIndexMatrix: 
-1 0 0
0 -1 0
0 0 1

  Inverse Direction: 
-1 0 0
0 -1 0
0 0 1

  PixelContainer: 
    ImportImageContainer (0x4583780)
      RTTI typeinfo:   itk::ImportImageContainer<unsigned long, double>
      Reference Count: 1
      Modified Time: 1214
      Debug: Off
      Object Name: 
      Observers: 
        none
      Pointer: 0x1480950f0010
      Container manages memory: true
      Size: 8530021
      Capacity: 8530021

     Moving image = Image (0x4585390)
  RTTI typeinfo:   itk::Image<double, 3u>
  Reference Count: 2
  Modified Time: 1609
  Debug: Off
  Object Name: 
  Observers: 
    none
  Source: (none)
  Source output name: (none)
  Release Data: Off
  Data Released: False
  Global Release Data: Off
  PipelineMTime: 0
  UpdateMTime: 1606
  RealTimeStamp: 0 seconds 
  LargestPossibleRegion: 
    Dimension: 3
    Index: [0, 0, 0]
    Size: [160, 240, 256]
  BufferedRegion: 
    Dimension: 3
    Index: [0, 0, 0]
    Size: [160, 240, 256]
  RequestedRegion: 
    Dimension: 3
    Index: [0, 0, 0]
    Size: [160, 240, 256]
  Spacing: [0.999999, 1, 1]
  Origin: [84.1637, 106.709, -120.531]
  Direction: 
-0.999619 -0.0226874 -0.0157033
0.0226846 -0.999743 0.00035635
-0.0157073 -7.8229e-09 0.999877

  IndexToPointMatrix: 
-0.999619 -0.0226874 -0.0157033
0.0226845 -0.999743 0.00035635
-0.0157073 -7.8229e-09 0.999877

  PointToIndexMatrix: 
-0.99962 0.0226846 -0.0157073
-0.0226874 -0.999743 -7.83127e-09
-0.0157033 0.00035635 0.999877

  Inverse Direction: 
-0.999619 0.0226846 -0.0157073
-0.0226874 -0.999743 -7.83127e-09
-0.0157033 0.00035635 0.999877

  PixelContainer: 
    ImportImageContainer (0x453a6f0)
      RTTI typeinfo:   itk::ImportImageContainer<unsigned long, double>
      Reference Count: 1
      Modified Time: 1603
      Debug: Off
      Object Name: 
      Observers: 
        none
      Pointer: 0x1480905ef010
      Container manages memory: true
      Size: 9830400
      Capacity: 9830400

     Weighting = 1
     Sampling strategy = none
     Number of bins = 32
     Radius = 4
     Sampling percentage  = 1
   Transform = SyN
     Gradient step = 0.1
     Update field sigma (voxel space) = 3
     Total field sigma (voxel space) = 0
     Update field time sigma = 0
     Total field time sigma  = 0
     Number of time indices = 0
     Number of time point samples = 0
Registration using 1 total stages.

Stage 0
  iterations = 100x70x50x20
  convergence threshold = 1e-06
  convergence window size = 10
  number of levels = 4
  using the CC metric (radius = 4, weight = 1, use gradient filter = 0)
  preprocessing:  winsorizing the image intensities
  Shrink factors (level 1 out of 4): [8, 8, 8]
  Shrink factors (level 2 out of 4): [4, 4, 4]
  Shrink factors (level 3 out of 4): [2, 2, 2]
  Shrink factors (level 4 out of 4): [1, 1, 1]
  smoothing sigmas per level: [3, 2, 1, 0]
  Using default NONE metricSamplingStrategy 

*** Running SyN registration (varianceForUpdateField = 3, varianceForTotalField = 0) ***

XXDIAGNOSTIC,Iteration,metricValue,convergenceValue,ITERATION_TIME_INDEX,SINCE_LAST
 1DIAGNOSTIC,     1, -9.018338929644e-01, 1.797693134862e+308, 1.2073e+00, 1.2073e+00, 
 1DIAGNOSTIC,     2, -9.063174945166e-01, 1.797693134862e+308, 1.5511e+00, 3.4380e-01, 
 1DIAGNOSTIC,     3, -9.099014022055e-01, 1.797693134862e+308, 1.8743e+00, 3.2327e-01, 
 1DIAGNOSTIC,     4, -9.121192248452e-01, 1.797693134862e+308, 2.2019e+00, 3.2757e-01, 
 1DIAGNOSTIC,     5, -9.138307052838e-01, 1.797693134862e+308, 2.5328e+00, 3.3091e-01, 
 1DIAGNOSTIC,     6, -9.151750887688e-01, 1.797693134862e+308, 2.8743e+00, 3.4150e-01, 
 1DIAGNOSTIC,     7, -9.162997462688e-01, 1.797693134862e+308, 3.2130e+00, 3.3870e-01, 
 1DIAGNOSTIC,     8, -9.171831024195e-01, 1.797693134862e+308, 3.5488e+00, 3.3574e-01, 
 1DIAGNOSTIC,     9, -9.179092528189e-01, 1.797693134862e+308, 3.8975e+00, 3.4878e-01, 
 1DIAGNOSTIC,    10, -9.184943807201e-01, 1.063971053677e-03, 4.2427e+00, 3.4515e-01, 
 1DIAGNOSTIC,    11, -9.190639153927e-01, 7.402668002317e-04, 4.5806e+00, 3.3792e-01, 
 1DIAGNOSTIC,    12, -9.195762366180e-01, 5.322885337615e-04, 4.9440e+00, 3.6341e-01, 
 1DIAGNOSTIC,    13, -9.200343579815e-01, 4.043300619101e-04, 5.2807e+00, 3.3671e-01, 
 1DIAGNOSTIC,    14, -9.204484330271e-01, 3.159976978720e-04, 5.6309e+00, 3.5014e-01, 
 1DIAGNOSTIC,    15, -9.208285253831e-01, 2.536913836431e-04, 5.9859e+00, 3.5500e-01, 
 1DIAGNOSTIC,    16, -9.211768935383e-01, 2.085675259636e-04, 6.3310e+00, 3.4513e-01, 
 1DIAGNOSTIC,    17, -9.214979697653e-01, 1.758244147155e-04, 6.6824e+00, 3.5142e-01, 
 1DIAGNOSTIC,    18, -9.217951390114e-01, 1.507667401127e-04, 7.0133e+00, 3.3083e-01, 
 1DIAGNOSTIC,    19, -9.220701449630e-01, 1.307220418107e-04, 7.3389e+00, 3.2565e-01, 
 1DIAGNOSTIC,    20, -9.223170622626e-01, 1.134291401354e-04, 7.6726e+00, 3.3367e-01, 
 1DIAGNOSTIC,    21, -9.225357864163e-01, 9.886307460262e-05, 7.9989e+00, 3.2633e-01, 
