
##########################
# Experiment information #
##########################

EXPERIMENT_NAME: antsRegistration-r7-p9
VFC_BACKENDS: libinterflop_vprec.so --range-binary32=7 --precision-binary32=9 --range-binary64=7 --precision-binary64=9

SIF_IMG: /home/mdugre/projects/rrg-glatard/mdugre/containers/ants-vprec-no_metrics.simg

SUBJECT_ID: s017
INPUT_IMG: /home/mdugre/scratch/mri-registration-rp/datasets/ds004513/derivatives/mri-registration-rp/antsBrainExtraction/sub-s017/BrainExtractionBrain.nii.gz
OUTPUT_DIR: /home/mdugre/scratch/mri-registration-rp/datasets/ds004513/derivatives/mri-registration-rp/0100/antsRegistration-r7-p9/sub-s017

FIXED_IMG: /templateflow/tpl-MNI152NLin2009cAsym/tpl-MNI152NLin2009cAsym_res-01_desc-brain_T1w.nii.gz
DATA_DIR: /home/mdugre/scratch/mri-registration-rp/datasets/ds004513
TEMPLATEFLOW_DIR: /home/mdugre/projects/rrg-glatard/mdugre/templateflow
ITK_GLOBAL_DEFAULT_NUMBER_OF_THREADS: 16
##########################

Info [verificarlo]: loaded backend libinterflop_ieee.so
Info [interflop-ieee]: load backend with:
Info [interflop-ieee]: debug = false
Info [interflop-ieee]: debug-binary = false
Info [interflop-ieee]: no-backend-name = false
Info [interflop-ieee]: print-new-line = false
Info [interflop-ieee]: print-subnormal-normalized = false
Info [interflop-ieee]: count-op = false
All_Command_lines_OK
Using double precision for computations.
=============================================================================
The composite transform comprises the following transforms (in order): 
  1. Center of mass alignment using fixed image: /templateflow/tpl-MNI152NLin2009cAsym/tpl-MNI152NLin2009cAsym_res-01_desc-brain_T1w.nii.gz and moving image: /home/mdugre/scratch/mri-registration-rp/datasets/ds004513/derivatives/mri-registration-rp/antsBrainExtraction/sub-s017/BrainExtractionBrain.nii.gz (type = Euler3DTransform)
=============================================================================
  number of levels = 1
  fixed image: /templateflow/tpl-MNI152NLin2009cAsym/tpl-MNI152NLin2009cAsym_res-01_desc-brain_T1w.nii.gz
  moving image: /home/mdugre/scratch/mri-registration-rp/datasets/ds004513/derivatives/mri-registration-rp/antsBrainExtraction/sub-s017/BrainExtractionBrain.nii.gz
Dimension = 3
Number of stages = 1
Use histogram matching = false
Winsorize image intensities = true
  Lower quantile = 0.005
  Upper quantile = 0.995


Stage 1 State
   Image metric = MattesMI
     Fixed image = Image (0x3749bd0)
  RTTI typeinfo:   itk::Image<double, 3u>
  Reference Count: 2
  Modified Time: 2334
  Debug: Off
  Object Name: 
  Observers: 
    none
  Source: (none)
  Source output name: (none)
  Release Data: Off
  Data Released: False
  Global Release Data: Off
  PipelineMTime: 0
  UpdateMTime: 1943
  RealTimeStamp: 0 seconds 
  LargestPossibleRegion: 
    Dimension: 3
    Index: [0, 0, 0]
    Size: [193, 229, 193]
  BufferedRegion: 
    Dimension: 3
    Index: [0, 0, 0]
    Size: [193, 229, 193]
  RequestedRegion: 
    Dimension: 3
    Index: [0, 0, 0]
    Size: [193, 229, 193]
  Spacing: [1, 1, 1]
  Origin: [96, 132, -78]
  Direction: 
-1 0 0
0 -1 0
0 0 1

  IndexToPointMatrix: 
-1 0 0
0 -1 0
0 0 1

  PointToIndexMatrix: 
-1 0 0
0 -1 0
0 0 1

  Inverse Direction: 
-1 0 0
0 -1 0
0 0 1

  PixelContainer: 
    ImportImageContainer (0x37529e0)
      RTTI typeinfo:   itk::ImportImageContainer<unsigned long, double>
      Reference Count: 1
      Modified Time: 1940
      Debug: Off
      Object Name: 
      Observers: 
        none
      Pointer: 0x14837033c010
      Container manages memory: true
      Size: 8530021
      Capacity: 8530021

     Moving image = Image (0x3753bd0)
  RTTI typeinfo:   itk::Image<double, 3u>
  Reference Count: 2
  Modified Time: 2335
  Debug: Off
  Object Name: 
  Observers: 
    none
  Source: (none)
  Source output name: (none)
  Release Data: Off
  Data Released: False
  Global Release Data: Off
  PipelineMTime: 0
  UpdateMTime: 2332
  RealTimeStamp: 0 seconds 
  LargestPossibleRegion: 
    Dimension: 3
    Index: [0, 0, 0]
    Size: [160, 240, 256]
  BufferedRegion: 
    Dimension: 3
    Index: [0, 0, 0]
    Size: [160, 240, 256]
  RequestedRegion: 
    Dimension: 3
    Index: [0, 0, 0]
    Size: [160, 240, 256]
  Spacing: [1, 1, 1]
  Origin: [91.3357, 102.231, -120.042]
  Direction: 
-0.997442 -5.36781e-05 -0.0714818
5.35416e-05 -1 3.82465e-06
-0.0714818 -1.23894e-08 0.997442

  IndexToPointMatrix: 
-0.997444 -5.36781e-05 -0.0714818
5.35418e-05 -1 3.82465e-06
-0.0714819 -1.23894e-08 0.997442

  PointToIndexMatrix: 
-0.99744 5.35415e-05 -0.0714816
-5.36781e-05 -1 -1.23894e-08
-0.0714818 3.82465e-06 0.997442

  Inverse Direction: 
-0.997442 5.35416e-05 -0.0714818
-5.36781e-05 -1 -1.23894e-08
-0.0714818 3.82465e-06 0.997442

  PixelContainer: 
    ImportImageContainer (0x38d9b50)
      RTTI typeinfo:   itk::ImportImageContainer<unsigned long, double>
      Reference Count: 1
      Modified Time: 2329
      Debug: Off
      Object Name: 
      Observers: 
        none
      Pointer: 0x14836b83b010
      Container manages memory: true
      Size: 9830400
      Capacity: 9830400

     Weighting = 1
     Sampling strategy = regular
     Number of bins = 32
     Radius = 4
     Sampling percentage  = 0.25
   Transform = Rigid
     Gradient step = 0.1
     Update field sigma (voxel space) = 0
     Total field sigma (voxel space) = 0
     Update field time sigma = 0
     Total field time sigma  = 0
     Number of time indices = 0
     Number of time point samples = 0
Registration using 1 total stages.

Stage 0
  iterations = 0
  convergence threshold = 1e-06
  convergence window size = 10
  number of levels = 1
  using the Mattes MI metric (number of bins = 32, weight = 1, use gradient filter = 0)
  preprocessing:  winsorizing the image intensities
  Shrink factors (level 1 out of 1): [1, 1, 1]
  smoothing sigmas per level: [0]
  regular sampling (percentage = 0.25)

*** Running Euler3DTransform registration ***

  Elapsed time (stage 0): 1.09941


Total elapsed time: 1.10154
Info [verificarlo]: loaded backend libinterflop_vprec.so
Info [interflop-vprec]: load backend with: 
Info [interflop-vprec]: precision-binary32 = 9
Info [interflop-vprec]: range-binary32 = 7
Info [interflop-vprec]: precision-binary64 = 9
Info [interflop-vprec]: range-binary64 = 7
Info [interflop-vprec]: mode = ob
Info [interflop-vprec]: error-mode = rel
Info [interflop-vprec]: max-abs-error-exponent = -1022
Info [interflop-vprec]: daz = false
Info [interflop-vprec]: ftz = false
Info [interflop-vprec]: 	instrument = none
Info [interflop-vprec]: 	prec-input-file = (null)
Info [interflop-vprec]: 	prec-output-file = (null)
Info [interflop-vprec]: 	prec-log-file = (null)
All_Command_lines_OK
Using double precision for computations.
=============================================================================
The composite transform comprises the following transforms (in order): 
  1. /home/mdugre/scratch/mri-registration-rp/datasets/ds004513/derivatives/mri-registration-rp/0100/antsRegistration-r7-p9/sub-s017/align_Composite.h5[0] (type = Euler3DTransform)
  2. /home/mdugre/scratch/mri-registration-rp/datasets/ds004513/derivatives/mri-registration-rp/0100/antsRegistration-r7-p9/sub-s017/align_Composite.h5[1] (type = Euler3DTransform)
=============================================================================
  number of levels = 4
  fixed image: /templateflow/tpl-MNI152NLin2009cAsym/tpl-MNI152NLin2009cAsym_res-01_desc-brain_T1w.nii.gz
  moving image: /home/mdugre/scratch/mri-registration-rp/datasets/ds004513/derivatives/mri-registration-rp/antsBrainExtraction/sub-s017/BrainExtractionBrain.nii.gz
Dimension = 3
Number of stages = 1
Use histogram matching = false
Winsorize image intensities = true
  Lower quantile = 0.005
  Upper quantile = 0.995


Stage 1 State
   Image metric = MattesMI
     Fixed image = Image (0x43b41e0)
  RTTI typeinfo:   itk::Image<double, 3u>
  Reference Count: 2
  Modified Time: 1578
  Debug: Off
  Object Name: 
  Observers: 
    none
  Source: (none)
  Source output name: (none)
  Release Data: Off
  Data Released: False
  Global Release Data: Off
  PipelineMTime: 0
  UpdateMTime: 1189
  RealTimeStamp: 0 seconds 
  LargestPossibleRegion: 
    Dimension: 3
    Index: [0, 0, 0]
    Size: [193, 229, 193]
  BufferedRegion: 
    Dimension: 3
    Index: [0, 0, 0]
    Size: [193, 229, 193]
  RequestedRegion: 
    Dimension: 3
    Index: [0, 0, 0]
    Size: [193, 229, 193]
  Spacing: [1, 1, 1]
  Origin: [96, 132, -78]
  Direction: 
-1 0 0
0 -1 0
0 0 1

  IndexToPointMatrix: 
-1 0 0
0 -1 0
0 0 1

  PointToIndexMatrix: 
-1 0 0
0 -1 0
0 0 1

  Inverse Direction: 
-1 0 0
0 -1 0
0 0 1

  PixelContainer: 
    ImportImageContainer (0x4473680)
      RTTI typeinfo:   itk::ImportImageContainer<unsigned long, double>
      Reference Count: 1
      Modified Time: 1186
      Debug: Off
      Object Name: 
      Observers: 
        none
      Pointer: 0x1455e1354010
      Container manages memory: true
      Size: 8530021
      Capacity: 8530021

     Moving image = Image (0x446fb20)
  RTTI typeinfo:   itk::Image<double, 3u>
  Reference Count: 2
  Modified Time: 1579
  Debug: Off
  Object Name: 
  Observers: 
    none
  Source: (none)
  Source output name: (none)
  Release Data: Off
  Data Released: False
  Global Release Data: Off
  PipelineMTime: 0
  UpdateMTime: 1576
  RealTimeStamp: 0 seconds 
  LargestPossibleRegion: 
    Dimension: 3
    Index: [0, 0, 0]
    Size: [160, 240, 256]
  BufferedRegion: 
    Dimension: 3
    Index: [0, 0, 0]
    Size: [160, 240, 256]
  RequestedRegion: 
    Dimension: 3
    Index: [0, 0, 0]
    Size: [160, 240, 256]
  Spacing: [1, 1, 1]
  Origin: [91.375, 102.25, -120]
  Direction: 
-0.99707 -5.36442e-05 -0.0714111
5.34654e-05 -1 3.8147e-06
-0.0714111 -1.30385e-08 0.99707

  IndexToPointMatrix: 
-0.99707 -5.36442e-05 -0.0714111
5.34654e-05 -1 3.8147e-06
-0.0714111 -1.30385e-08 0.99707

  PointToIndexMatrix: 
-0.996094 5.34654e-05 -0.0714111
-5.35846e-05 -1 -1.30385e-08
-0.0714111 3.8147e-06 0.99707

  Inverse Direction: 
-0.996094 5.34654e-05 -0.0714111
-5.35846e-05 -1 -1.30385e-08
-0.0714111 3.8147e-06 0.99707

  PixelContainer: 
    ImportImageContainer (0x44d8d50)
      RTTI typeinfo:   itk::ImportImageContainer<unsigned long, double>
      Reference Count: 1
      Modified Time: 1573
      Debug: Off
      Object Name: 
      Observers: 
        none
      Pointer: 0x1455dc853010
      Container manages memory: true
      Size: 9830400
      Capacity: 9830400

     Weighting = 1
     Sampling strategy = regular
     Number of bins = 32
     Radius = 4
     Sampling percentage  = 0.25
   Transform = Rigid
     Gradient step = 0.1
     Update field sigma (voxel space) = 0
     Total field sigma (voxel space) = 0
     Update field time sigma = 0
     Total field time sigma  = 0
     Number of time indices = 0
     Number of time point samples = 0
Registration using 1 total stages.

Stage 0
  iterations = 1000x500x250x100
  convergence threshold = 1e-06
  convergence window size = 10
  number of levels = 4
  using the Mattes MI metric (number of bins = 32, weight = 1, use gradient filter = 0)
  preprocessing:  winsorizing the image intensities
  Shrink factors (level 1 out of 4): [8, 8, 8]
  Shrink factors (level 2 out of 4): [4, 4, 4]
  Shrink factors (level 3 out of 4): [2, 2, 2]
  Shrink factors (level 4 out of 4): [1, 1, 1]
  smoothing sigmas per level: [3, 2, 1, 0]
  regular sampling (percentage = 0.25)

*** Running Euler3DTransform registration ***

DIAGNOSTIC,Iteration,metricValue,convergenceValue,ITERATION_TIME_INDEX,SINCE_LAST
 2DIAGNOSTIC,     1, -5.509743917634e-01, 1.797693134862e+308, 0.0000e+00, 0.0000e+00, 
 2DIAGNOSTIC,     2, -5.516497102228e-01, 1.797693134862e+308, 0.0000e+00, 0.0000e+00, 
 2DIAGNOSTIC,     3, -5.521735514916e-01, 1.797693134862e+308, 0.0000e+00, 0.0000e+00, 
 2DIAGNOSTIC,     4, -5.524045087845e-01, 1.797693134862e+308, 0.0000e+00, 0.0000e+00, 
 2DIAGNOSTIC,     5, -5.528597722104e-01, 1.797693134862e+308, 0.0000e+00, 0.0000e+00, 
 2DIAGNOSTIC,     6, -5.544320016481e-01, 1.797693134862e+308, 0.0000e+00, 0.0000e+00, 
 2DIAGNOSTIC,     7, -5.564960976860e-01, 1.797693134862e+308, 0.0000e+00, 0.0000e+00, 
 2DIAGNOSTIC,     8, -5.573153261935e-01, 1.797693134862e+308, 0.0000e+00, 0.0000e+00, 
 2DIAGNOSTIC,     9, -5.577551318044e-01, 1.797693134862e+308, 0.0000e+00, 0.0000e+00, 
 2DIAGNOSTIC,    10, -5.590079683585e-01, 9.814146877287e-04, 0.0000e+00, 0.0000e+00, 
 2DIAGNOSTIC,    11, -5.602873800619e-01, 9.676450741677e-04, 0.0000e+00, 0.0000e+00, 
 2DIAGNOSTIC,    12, -5.615786804141e-01, 9.504300757664e-04, 0.0000e+00, 0.0000e+00, 
 2DIAGNOSTIC,    13, -5.616882013326e-01, 8.750658055144e-04, 0.0000e+00, 0.0000e+00, 
 2DIAGNOSTIC,    14, -5.618669044007e-01, 7.482180270938e-04, 0.0000e+00, 0.0000e+00, 
 2DIAGNOSTIC,    15, -5.623808136432e-01, 6.025233288210e-04, 0.0000e+00, 0.0000e+00, 
 2DIAGNOSTIC,    16, -5.624640675820e-01, 4.700529927754e-04, 0.0000e+00, 0.0000e+00, 
 2DIAGNOSTIC,    17, -5.623994006495e-01, 3.694743019868e-04, 0.0000e+00, 0.0000e+00, 
 2DIAGNOSTIC,    18, -5.624083833552e-01, 2.702858236020e-04, 0.0000e+00, 0.0000e+00, 
 2DIAGNOSTIC,    19, -5.623283489444e-01, 1.661160600753e-04, 0.0000e+00, 0.0000e+00, 
 2DIAGNOSTIC,    20, -5.622908164860e-01, 8.722522499154e-05, 0.0000e+00, 0.0000e+00, 
 2DIAGNOSTIC,    21, -5.622083124160e-01, 3.592070684026e-05, 0.0000e+00, 0.0000e+00, 
 2DIAGNOSTIC,    22, -5.622286285521e-01, 1.650419698035e-05, 0.0000e+00, 0.0000e+00, 
DIAGNOSTIC,Iteration,metricValue,convergenceValue,ITERATION_TIME_INDEX,SINCE_LAST
 2DIAGNOSTIC,     1, -4.721158667022e-01, 1.797693134862e+308, 0.0000e+00, 0.0000e+00, 
 2DIAGNOSTIC,     2, -4.722448727071e-01, 1.797693134862e+308, 0.0000e+00, 0.0000e+00, 
 2DIAGNOSTIC,     3, -4.725585070019e-01, 1.797693134862e+308, 0.0000e+00, 0.0000e+00, 
 2DIAGNOSTIC,     4, -4.733474347479e-01, 1.797693134862e+308, 0.0000e+00, 0.0000e+00, 
 2DIAGNOSTIC,     5, -4.731300930503e-01, 1.797693134862e+308, 0.0000e+00, 0.0000e+00, 
 2DIAGNOSTIC,     6, -4.732926790544e-01, 1.797693134862e+308, 0.0000e+00, 0.0000e+00, 
 2DIAGNOSTIC,     7, -4.746169616605e-01, 1.797693134862e+308, 0.0000e+00, 0.0000e+00, 
 2DIAGNOSTIC,     8, -4.745108927187e-01, 1.797693134862e+308, 0.0000e+00, 0.0000e+00, 
 2DIAGNOSTIC,     9, -4.749799030017e-01, 1.797693134862e+308, 0.0000e+00, 0.0000e+00, 
 2DIAGNOSTIC,    10, -4.761294799069e-01, 5.035899947156e-04, 0.0000e+00, 0.0000e+00, 
 2DIAGNOSTIC,    11, -4.764908410941e-01, 5.111162393655e-04, 0.0000e+00, 0.0000e+00, 
 2DIAGNOSTIC,    12, -4.766240032410e-01, 4.838736447402e-04, 0.0000e+00, 0.0000e+00, 
 2DIAGNOSTIC,    13, -4.775703008772e-01, 4.748267942538e-04, 0.0000e+00, 0.0000e+00, 
 2DIAGNOSTIC,    14, -4.777569481911e-01, 4.656426828460e-04, 0.0000e+00, 0.0000e+00, 
 2DIAGNOSTIC,    15, -4.791380935321e-01, 4.613115685204e-04, 0.0000e+00, 0.0000e+00, 
 2DIAGNOSTIC,    16, -4.802490840501e-01, 4.603845669808e-04, 0.0000e+00, 0.0000e+00, 
 2DIAGNOSTIC,    17, -4.815436231275e-01, 5.094909579778e-04, 0.0000e+00, 0.0000e+00, 
 2DIAGNOSTIC,    18, -4.816008545163e-01, 5.040034121216e-04, 0.0000e+00, 0.0000e+00, 
 2DIAGNOSTIC,    19, -4.814572869494e-01, 4.624608134774e-04, 0.0000e+00, 0.0000e+00, 
 2DIAGNOSTIC,    20, -4.814436664757e-01, 4.161906619167e-04, 0.0000e+00, 0.0000e+00, 
 2DIAGNOSTIC,    21, -4.814433171972e-01, 3.453222059116e-04, 0.0000e+00, 0.0000e+00, 
 2DIAGNOSTIC,    22, -4.814528100756e-01, 2.517437490649e-04, 0.0000e+00, 0.0000e+00, 
 2DIAGNOSTIC,    23, -4.814345445917e-01, 1.674872835598e-04, 0.0000e+00, 0.0000e+00, 
 2DIAGNOSTIC,    24, -4.814550453887e-01, 7.971018838077e-05, 0.0000e+00, 0.0000e+00, 
 2DIAGNOSTIC,    25, -4.814658939710e-01, 2.430069234055e-05, 0.0000e+00, 0.0000e+00, 
DIAGNOSTIC,Iteration,metricValue,convergenceValue,ITERATION_TIME_INDEX,SINCE_LAST
 2DIAGNOSTIC,     1, -4.154489499369e-01, 1.797693134862e+308, 0.0000e+00, 0.0000e+00, 
 2DIAGNOSTIC,     2, -4.154521976146e-01, 1.797693134862e+308, 0.0000e+00, 0.0000e+00, 
 2DIAGNOSTIC,     3, -4.154480251217e-01, 1.797693134862e+308, 0.0000e+00, 0.0000e+00, 
 2DIAGNOSTIC,     4, -4.153586817935e-01, 1.797693134862e+308, 0.0000e+00, 0.0000e+00, 
 2DIAGNOSTIC,     5, -4.153839916571e-01, 1.797693134862e+308, 0.0000e+00, 0.0000e+00, 
 2DIAGNOSTIC,     6, -4.153895039526e-01, 1.797693134862e+308, 0.0000e+00, 0.0000e+00, 
 2DIAGNOSTIC,     7, -4.153944295677e-01, 1.797693134862e+308, 0.0000e+00, 0.0000e+00, 
 2DIAGNOSTIC,     8, -4.153937223086e-01, 1.797693134862e+308, 0.0000e+00, 0.0000e+00, 
 2DIAGNOSTIC,     9, -4.153974325230e-01, 1.797693134862e+308, 0.0000e+00, 0.0000e+00, 
DIAGNOSTIC,Iteration,metricValue,convergenceValue,ITERATION_TIME_INDEX,SINCE_LAST
 2DIAGNOSTIC,     1, -3.828559401260e-01, 1.797693134862e+308, 0.0000e+00, 0.0000e+00, 
 2DIAGNOSTIC,     2, -3.828551880036e-01, 1.797693134862e+308, 0.0000e+00, 0.0000e+00, 
 2DIAGNOSTIC,     3, -3.828549354676e-01, 1.797693134862e+308, 0.0000e+00, 0.0000e+00, 
 2DIAGNOSTIC,     4, -3.828551955560e-01, 1.797693134862e+308, 0.0000e+00, 0.0000e+00, 
 2DIAGNOSTIC,     5, -3.828538898216e-01, 1.797693134862e+308, 0.0000e+00, 0.0000e+00, 
 2DIAGNOSTIC,     6, -3.828532846237e-01, 1.797693134862e+308, 0.0000e+00, 0.0000e+00, 
 2DIAGNOSTIC,     7, -3.828515999537e-01, 1.797693134862e+308, 0.0000e+00, 0.0000e+00, 
 2DIAGNOSTIC,     8, -3.828513642374e-01, 1.797693134862e+308, 0.0000e+00, 0.0000e+00, 
 2DIAGNOSTIC,     9, -3.828514442167e-01, 1.797693134862e+308, 0.0000e+00, 0.0000e+00, 
  Elapsed time (stage 0): 0.0000e+00


Total elapsed time: 0.0000e+00
Info [verificarlo]: loaded backend libinterflop_ieee.so
Info [interflop-ieee]: load backend with:
Info [interflop-ieee]: debug = false
Info [interflop-ieee]: debug-binary = false
Info [interflop-ieee]: no-backend-name = false
Info [interflop-ieee]: print-new-line = false
Info [interflop-ieee]: print-subnormal-normalized = false
Info [interflop-ieee]: count-op = false
All_Command_lines_OK
Using double precision for computations.
=============================================================================
The composite transform comprises the following transforms (in order): 
  1. /home/mdugre/scratch/mri-registration-rp/datasets/ds004513/derivatives/mri-registration-rp/0100/antsRegistration-r7-p9/sub-s017/rigid_Composite.h5[0] (type = Euler3DTransform)
  2. /home/mdugre/scratch/mri-registration-rp/datasets/ds004513/derivatives/mri-registration-rp/0100/antsRegistration-r7-p9/sub-s017/rigid_Composite.h5[1] (type = Euler3DTransform)
  3. /home/mdugre/scratch/mri-registration-rp/datasets/ds004513/derivatives/mri-registration-rp/0100/antsRegistration-r7-p9/sub-s017/rigid_Composite.h5[2] (type = Euler3DTransform)
=============================================================================
  number of levels = 4
  fixed image: /templateflow/tpl-MNI152NLin2009cAsym/tpl-MNI152NLin2009cAsym_res-01_desc-brain_T1w.nii.gz
  moving image: /home/mdugre/scratch/mri-registration-rp/datasets/ds004513/derivatives/mri-registration-rp/antsBrainExtraction/sub-s017/BrainExtractionBrain.nii.gz
Dimension = 3
Number of stages = 1
Use histogram matching = false
Winsorize image intensities = true
  Lower quantile = 0.005
  Upper quantile = 0.995


Stage 1 State
   Image metric = MattesMI
     Fixed image = Image (0x3dc2530)
  RTTI typeinfo:   itk::Image<double, 3u>
  Reference Count: 2
  Modified Time: 1594
  Debug: Off
  Object Name: 
  Observers: 
    none
  Source: (none)
  Source output name: (none)
  Release Data: Off
  Data Released: False
  Global Release Data: Off
  PipelineMTime: 0
  UpdateMTime: 1203
  RealTimeStamp: 0 seconds 
  LargestPossibleRegion: 
    Dimension: 3
    Index: [0, 0, 0]
    Size: [193, 229, 193]
  BufferedRegion: 
    Dimension: 3
    Index: [0, 0, 0]
    Size: [193, 229, 193]
  RequestedRegion: 
    Dimension: 3
    Index: [0, 0, 0]
    Size: [193, 229, 193]
  Spacing: [1, 1, 1]
  Origin: [96, 132, -78]
  Direction: 
-1 0 0
0 -1 0
0 0 1

  IndexToPointMatrix: 
-1 0 0
0 -1 0
0 0 1

  PointToIndexMatrix: 
-1 0 0
0 -1 0
0 0 1

  Inverse Direction: 
-1 0 0
0 -1 0
0 0 1

  PixelContainer: 
    ImportImageContainer (0x3dcf2b0)
      RTTI typeinfo:   itk::ImportImageContainer<unsigned long, double>
      Reference Count: 1
      Modified Time: 1200
      Debug: Off
      Object Name: 
      Observers: 
        none
      Pointer: 0x14ac0e85a010
      Container manages memory: true
      Size: 8530021
      Capacity: 8530021

     Moving image = Image (0x3e7dfd0)
  RTTI typeinfo:   itk::Image<double, 3u>
  Reference Count: 2
  Modified Time: 1595
  Debug: Off
  Object Name: 
  Observers: 
    none
  Source: (none)
  Source output name: (none)
  Release Data: Off
  Data Released: False
  Global Release Data: Off
  PipelineMTime: 0
  UpdateMTime: 1592
  RealTimeStamp: 0 seconds 
  LargestPossibleRegion: 
    Dimension: 3
    Index: [0, 0, 0]
    Size: [160, 240, 256]
  BufferedRegion: 
    Dimension: 3
    Index: [0, 0, 0]
    Size: [160, 240, 256]
  RequestedRegion: 
    Dimension: 3
    Index: [0, 0, 0]
    Size: [160, 240, 256]
  Spacing: [1, 1, 1]
  Origin: [91.3357, 102.231, -120.042]
  Direction: 
-0.997442 -5.36781e-05 -0.0714818
5.35416e-05 -1 3.82465e-06
-0.0714818 -1.23894e-08 0.997442

  IndexToPointMatrix: 
-0.997444 -5.36781e-05 -0.0714818
5.35418e-05 -1 3.82465e-06
-0.0714819 -1.23894e-08 0.997442

  PointToIndexMatrix: 
-0.99744 5.35415e-05 -0.0714816
-5.36781e-05 -1 -1.23894e-08
-0.0714818 3.82465e-06 0.997442

  Inverse Direction: 
-0.997442 5.35416e-05 -0.0714818
-5.36781e-05 -1 -1.23894e-08
-0.0714818 3.82465e-06 0.997442

  PixelContainer: 
    ImportImageContainer (0x3e95990)
      RTTI typeinfo:   itk::ImportImageContainer<unsigned long, double>
      Reference Count: 1
      Modified Time: 1589
      Debug: Off
      Object Name: 
      Observers: 
        none
      Pointer: 0x14ac09d59010
      Container manages memory: true
      Size: 9830400
      Capacity: 9830400

     Weighting = 1
     Sampling strategy = regular
     Number of bins = 32
     Radius = 4
     Sampling percentage  = 0.25
   Transform = Affine
     Gradient step = 0.1
     Update field sigma (voxel space) = 0
     Total field sigma (voxel space) = 0
     Update field time sigma = 0
     Total field time sigma  = 0
     Number of time indices = 0
     Number of time point samples = 0
Registration using 1 total stages.

Stage 0
  iterations = 1000x500x250x100
  convergence threshold = 1e-06
  convergence window size = 10
  number of levels = 4
  using the Mattes MI metric (number of bins = 32, weight = 1, use gradient filter = 0)
  preprocessing:  winsorizing the image intensities
  Shrink factors (level 1 out of 4): [8, 8, 8]
  Shrink factors (level 2 out of 4): [4, 4, 4]
  Shrink factors (level 3 out of 4): [2, 2, 2]
  Shrink factors (level 4 out of 4): [1, 1, 1]
  smoothing sigmas per level: [3, 2, 1, 0]
  regular sampling (percentage = 0.25)

*** Running AffineTransform registration ***

DIAGNOSTIC,Iteration,metricValue,convergenceValue,ITERATION_TIME_INDEX,SINCE_LAST
 2DIAGNOSTIC,     1, -5.788514987712e-01, 1.797693134862e+308, 6.5117e-01, 6.5117e-01, 
 2DIAGNOSTIC,     2, -5.812959190701e-01, 1.797693134862e+308, 6.5513e-01, 3.9589e-03, 
 2DIAGNOSTIC,     3, -5.855083072907e-01, 1.797693134862e+308, 6.5916e-01, 4.0381e-03, 
 2DIAGNOSTIC,     4, -5.922960530186e-01, 1.797693134862e+308, 6.6385e-01, 4.6880e-03, 
 2DIAGNOSTIC,     5, -6.042655770236e-01, 1.797693134862e+308, 6.6763e-01, 3.7770e-03, 
 2DIAGNOSTIC,     6, -6.240305954253e-01, 1.797693134862e+308, 6.7240e-01, 4.7700e-03, 
 2DIAGNOSTIC,     7, -6.570952322706e-01, 1.797693134862e+308, 6.7636e-01, 3.9639e-03, 
 2DIAGNOSTIC,     8, -7.707529870700e-01, 1.797693134862e+308, 6.8107e-01, 4.7061e-03, 
 2DIAGNOSTIC,     9, -8.243363604288e-01, 1.797693134862e+308, 6.8800e-01, 6.9349e-03, 
 2DIAGNOSTIC,    10, -8.286992068745e-01, 2.675843125574e-02, 6.9228e-01, 4.2789e-03, 
 2DIAGNOSTIC,    11, -8.427962534704e-01, 2.732605487996e-02, 6.9643e-01, 4.1468e-03, 
 2DIAGNOSTIC,    12, -8.576081877763e-01, 2.590610617692e-02, 7.0065e-01, 4.2191e-03, 
 2DIAGNOSTIC,    13, -8.654385303787e-01, 2.273907222819e-02, 7.0592e-01, 5.2719e-03, 
 2DIAGNOSTIC,    14, -8.688549006993e-01, 1.834395731632e-02, 7.1111e-01, 5.1870e-03, 
 2DIAGNOSTIC,    15, -8.770158544511e-01, 1.354833678438e-02, 7.1557e-01, 4.4589e-03, 
 2DIAGNOSTIC,    16, -8.819159641788e-01, 8.847340622079e-03, 7.2087e-01, 5.3000e-03, 
 2DIAGNOSTIC,    17, -8.826598269876e-01, 4.683933171433e-03, 7.2626e-01, 5.3940e-03, 
 2DIAGNOSTIC,    18, -8.830727315687e-01, 2.988319272964e-03, 7.3077e-01, 4.5061e-03, 
 2DIAGNOSTIC,    19, -8.835292799985e-01, 2.289816271470e-03, 7.3499e-01, 4.2200e-03, 
 2DIAGNOSTIC,    20, -8.846464525940e-01, 1.557007304382e-03, 7.3921e-01, 4.2200e-03, 
 2DIAGNOSTIC,    21, -8.860247057721e-01, 1.023339469150e-03, 7.4416e-01, 4.9548e-03, 
 2DIAGNOSTIC,    22, -8.860348086756e-01, 6.940576477292e-04, 7.4864e-01, 4.4761e-03, 
 2DIAGNOSTIC,    23, -8.868104273603e-01, 4.699786800270e-04, 7.5373e-01, 5.0910e-03, 
 2DIAGNOSTIC,    24, -8.874632882369e-01, 2.817078074421e-04, 7.6101e-01, 7.2758e-03, 
 2DIAGNOSTIC,    25, -8.876216450347e-01, 2.011965127475e-04, 7.6566e-01, 4.6570e-03, 
 2DIAGNOSTIC,    26, -8.875054185575e-01, 1.743037276524e-04, 7.7115e-01, 5.4832e-03, 
 2DIAGNOSTIC,    27, -8.872262149906e-01, 1.397790578162e-04, 7.7582e-01, 4.6780e-03, 
 2DIAGNOSTIC,    28, -8.872328397679e-01, 1.004851466104e-04, 7.8009e-01, 4.2691e-03, 
 2DIAGNOSTIC,    29, -8.870990006813e-01, 5.833731922997e-05, 7.8455e-01, 4.4551e-03, 
 2DIAGNOSTIC,    30, -8.871128732667e-01, 2.677273560765e-05, 7.8892e-01, 4.3721e-03, 
 2DIAGNOSTIC,    31, -8.871322841123e-01, 1.105455910250e-05, 7.9358e-01, 4.6561e-03, 
DIAGNOSTIC,Iteration,metricValue,convergenceValue,ITERATION_TIME_INDEX,SINCE_LAST
 2DIAGNOSTIC,     1, -7.457444823187e-01, 1.797693134862e+308, 1.4680e+00, 6.7441e-01, 
 2DIAGNOSTIC,     2, -7.464577304653e-01, 1.797693134862e+308, 1.5033e+00, 3.5356e-02, 
 2DIAGNOSTIC,     3, -7.470510798079e-01, 1.797693134862e+308, 1.5398e+00, 3.6458e-02, 
 2DIAGNOSTIC,     4, -7.478465411494e-01, 1.797693134862e+308, 1.5764e+00, 3.6629e-02, 
 2DIAGNOSTIC,     5, -7.490543483237e-01, 1.797693134862e+308, 1.6170e+00, 4.0622e-02, 
 2DIAGNOSTIC,     6, -7.509846440969e-01, 1.797693134862e+308, 1.6712e+00, 5.4118e-02, 
 2DIAGNOSTIC,     7, -7.509444033284e-01, 1.797693134862e+308, 1.7117e+00, 4.0522e-02, 
 2DIAGNOSTIC,     8, -7.509863684493e-01, 1.797693134862e+308, 1.7564e+00, 4.4713e-02, 
 2DIAGNOSTIC,     9, -7.509736340118e-01, 1.797693134862e+308, 1.7974e+00, 4.0964e-02, 
 2DIAGNOSTIC,    10, -7.509815712716e-01, 5.233581717613e-04, 1.8404e+00, 4.3059e-02, 
 2DIAGNOSTIC,    11, -7.509690503936e-01, 3.834464404028e-04, 1.8752e+00, 3.4730e-02, 
 2DIAGNOSTIC,    12, -7.509673002753e-01, 2.554554444323e-04, 1.9182e+00, 4.3086e-02, 
 2DIAGNOSTIC,    13, -7.509529397137e-01, 1.419230786285e-04, 1.9567e+00, 3.8504e-02, 
 2DIAGNOSTIC,    14, -7.509346658149e-01, 5.269918351275e-05, 1.9923e+00, 3.5525e-02, 
DIAGNOSTIC,Iteration,metricValue,convergenceValue,ITERATION_TIME_INDEX,SINCE_LAST
 2DIAGNOSTIC,     1, -6.310692169322e-01, 1.797693134862e+308, 3.0198e+00, 1.0275e+00, 
 2DIAGNOSTIC,     2, -6.314592635959e-01, 1.797693134862e+308, 3.2521e+00, 2.3226e-01, 
 2DIAGNOSTIC,     3, -6.318283828950e-01, 1.797693134862e+308, 3.4839e+00, 2.3187e-01, 
 2DIAGNOSTIC,     4, -6.321787916579e-01, 1.797693134862e+308, 3.7727e+00, 2.8880e-01, 
 2DIAGNOSTIC,     5, -6.324918315462e-01, 1.797693134862e+308, 4.0762e+00, 3.0349e-01, 
 2DIAGNOSTIC,     6, -6.325117043108e-01, 1.797693134862e+308, 4.3033e+00, 2.2712e-01, 
 2DIAGNOSTIC,     7, -6.325132915420e-01, 1.797693134862e+308, 4.6549e+00, 3.5153e-01, 
 2DIAGNOSTIC,     8, -6.325253101599e-01, 1.797693134862e+308, 5.0545e+00, 3.9966e-01, 
 2DIAGNOSTIC,     9, -6.325260746590e-01, 1.797693134862e+308, 5.3068e+00, 2.5231e-01, 
 2DIAGNOSTIC,    10, -6.325252571052e-01, 1.397100020609e-04, 5.5623e+00, 2.5545e-01, 
 2DIAGNOSTIC,    11, -6.325231545711e-01, 8.186883053422e-05, 5.8366e+00, 2.7427e-01, 
 2DIAGNOSTIC,    12, -6.325227335213e-01, 4.113738708580e-05, 6.0689e+00, 2.3231e-01, 
 2DIAGNOSTIC,    13, -6.325215794508e-01, 1.571012232096e-05, 6.3658e+00, 2.9694e-01, 
 2DIAGNOSTIC,    14, -6.325224579347e-01, 3.709650497077e-06, 6.6181e+00, 2.5225e-01, 
 2DIAGNOSTIC,    15, -6.325204447034e-01, 2.487673515850e-06, 6.9014e+00, 2.8336e-01, 
 2DIAGNOSTIC,    16, -6.325194021909e-01, 1.919572559711e-06, 7.1619e+00, 2.6052e-01, 
 2DIAGNOSTIC,    17, -6.325172088770e-01, 1.400496920829e-06, 7.3897e+00, 2.2772e-01, 
 2DIAGNOSTIC,    18, -6.325168110016e-01, 1.272055722340e-06, 7.6115e+00, 2.2184e-01, 
 2DIAGNOSTIC,    19, -6.325156861084e-01, 1.193516143666e-06, 7.8732e+00, 2.6170e-01, 
 2DIAGNOSTIC,    20, -6.325139631548e-01, 1.111861599776e-06, 8.1578e+00, 2.8462e-01, 
 2DIAGNOSTIC,    21, -6.325129940799e-01, 1.018483527924e-06, 8.4314e+00, 2.7357e-01, 
DIAGNOSTIC,Iteration,metricValue,convergenceValue,ITERATION_TIME_INDEX,SINCE_LAST
 2DIAGNOSTIC,     1, -5.631110772619e-01, 1.797693134862e+308, 1.1244e+01, 2.8128e+00, 
 2DIAGNOSTIC,     2, -5.636251420296e-01, 1.797693134862e+308, 1.3064e+01, 1.8198e+00, 
 2DIAGNOSTIC,     3, -5.641738530264e-01, 1.797693134862e+308, 1.4896e+01, 1.8319e+00, 
 2DIAGNOSTIC,     4, -5.651021892382e-01, 1.797693134862e+308, 1.6658e+01, 1.7625e+00, 
 2DIAGNOSTIC,     5, -5.666592241223e-01, 1.797693134862e+308, 2.0762e+01, 4.1038e+00, 
 2DIAGNOSTIC,     6, -5.666580921872e-01, 1.797693134862e+308, 2.3128e+01, 2.3655e+00, 
 2DIAGNOSTIC,     7, -5.666583663371e-01, 1.797693134862e+308, 2.5764e+01, 2.6358e+00, 
 2DIAGNOSTIC,     8, -5.666580388787e-01, 1.797693134862e+308, 2.7646e+01, 1.8826e+00, 
 2DIAGNOSTIC,     9, -5.666577652580e-01, 1.797693134862e+308, 2.9621e+01, 1.9751e+00, 
 2DIAGNOSTIC,    10, -5.666577437455e-01, 4.386689554726e-04, 3.1540e+01, 1.9192e+00, 
 2DIAGNOSTIC,    11, -5.666577765689e-01, 2.903814280373e-04, 3.3446e+01, 1.9052e+00, 
 2DIAGNOSTIC,    12, -5.666575891202e-01, 1.634583160369e-04, 3.5299e+01, 1.8538e+00, 
 2DIAGNOSTIC,    13, -5.666576691303e-01, 6.247265695825e-05, 3.7010e+01, 1.7105e+00, 
 2DIAGNOSTIC,    14, -5.666574948800e-01, 2.175791406156e-06, 3.8954e+01, 1.9438e+00, 
 2DIAGNOSTIC,    15, -5.666573730132e-01, 2.062487666793e-06, 4.1112e+01, 2.1581e+00, 
 2DIAGNOSTIC,    16, -5.666573199877e-01, 1.931333125316e-06, 4.2989e+01, 1.8778e+00, 
 2DIAGNOSTIC,    17, -5.666572669634e-01, 1.827766693954e-06, 4.4740e+01, 1.7506e+00, 
 2DIAGNOSTIC,    18, -5.666572801803e-01, 1.731350581055e-06, 4.6748e+01, 2.0080e+00, 
 2DIAGNOSTIC,    19, -5.666573243073e-01, 1.642501570413e-06, 4.8422e+01, 1.6741e+00, 
 2DIAGNOSTIC,    20, -5.666576505798e-01, 1.573270811017e-06, 5.0360e+01, 1.9378e+00, 
 2DIAGNOSTIC,    21, -5.666574143867e-01, 1.507437104024e-06, 5.2214e+01, 1.8536e+00, 
 2DIAGNOSTIC,    22, -5.666572524668e-01, 1.440569986605e-06, 5.4163e+01, 1.9498e+00, 
 2DIAGNOSTIC,    23, -5.666572973944e-01, 1.383072251837e-06, 5.6068e+01, 1.9046e+00, 
 2DIAGNOSTIC,    24, -5.666573193453e-01, 1.327138225288e-06, 5.8019e+01, 1.9514e+00, 
 2DIAGNOSTIC,    25, -5.666574140961e-01, 1.274944354202e-06, 5.9907e+01, 1.8872e+00, 
 2DIAGNOSTIC,    26, -5.666574443993e-01, 1.226257978999e-06, 6.1787e+01, 1.8805e+00, 
 2DIAGNOSTIC,    27, -5.666571556234e-01, 1.174824054838e-06, 6.3509e+01, 1.7222e+00, 
 2DIAGNOSTIC,    28, -5.666571248743e-01, 1.127299450385e-06, 6.5504e+01, 1.9944e+00, 
 2DIAGNOSTIC,    29, -5.666572973282e-01, 1.087393646161e-06, 6.7466e+01, 1.9628e+00, 
 2DIAGNOSTIC,    30, -5.666573004136e-01, 1.056520445984e-06, 6.9173e+01, 1.7068e+00, 
 2DIAGNOSTIC,    31, -5.666574084178e-01, 1.026105691380e-06, 7.1169e+01, 1.9960e+00, 
  Elapsed time (stage 0): 7.2256e+01


Total elapsed time: 7.2258e+01
Info [verificarlo]: loaded backend libinterflop_ieee.so
Info [interflop-ieee]: load backend with:
Info [interflop-ieee]: debug = false
Info [interflop-ieee]: debug-binary = false
Info [interflop-ieee]: no-backend-name = false
Info [interflop-ieee]: print-new-line = false
Info [interflop-ieee]: print-subnormal-normalized = false
Info [interflop-ieee]: count-op = false
All_Command_lines_OK
Using double precision for computations.
=============================================================================
The composite transform comprises the following transforms (in order): 
  1. /home/mdugre/scratch/mri-registration-rp/datasets/ds004513/derivatives/mri-registration-rp/0100/antsRegistration-r7-p9/sub-s017/affine_Composite.h5[0] (type = Euler3DTransform)
  2. /home/mdugre/scratch/mri-registration-rp/datasets/ds004513/derivatives/mri-registration-rp/0100/antsRegistration-r7-p9/sub-s017/affine_Composite.h5[1] (type = Euler3DTransform)
  3. /home/mdugre/scratch/mri-registration-rp/datasets/ds004513/derivatives/mri-registration-rp/0100/antsRegistration-r7-p9/sub-s017/affine_Composite.h5[2] (type = Euler3DTransform)
  4. /home/mdugre/scratch/mri-registration-rp/datasets/ds004513/derivatives/mri-registration-rp/0100/antsRegistration-r7-p9/sub-s017/affine_Composite.h5[3] (type = AffineTransform)
=============================================================================
  number of levels = 4
  fixed image: /templateflow/tpl-MNI152NLin2009cAsym/tpl-MNI152NLin2009cAsym_res-01_desc-brain_T1w.nii.gz
  moving image: /home/mdugre/scratch/mri-registration-rp/datasets/ds004513/derivatives/mri-registration-rp/antsBrainExtraction/sub-s017/BrainExtractionBrain.nii.gz
Dimension = 3
Number of stages = 1
Use histogram matching = false
Winsorize image intensities = true
  Lower quantile = 0.005
  Upper quantile = 0.995


Stage 1 State
   Image metric = CC
     Fixed image = Image (0x43eba40)
  RTTI typeinfo:   itk::Image<double, 3u>
  Reference Count: 2
  Modified Time: 1608
  Debug: Off
  Object Name: 
  Observers: 
    none
  Source: (none)
  Source output name: (none)
  Release Data: Off
  Data Released: False
  Global Release Data: Off
  PipelineMTime: 0
  UpdateMTime: 1217
  RealTimeStamp: 0 seconds 
  LargestPossibleRegion: 
    Dimension: 3
    Index: [0, 0, 0]
    Size: [193, 229, 193]
  BufferedRegion: 
    Dimension: 3
    Index: [0, 0, 0]
    Size: [193, 229, 193]
  RequestedRegion: 
    Dimension: 3
    Index: [0, 0, 0]
    Size: [193, 229, 193]
  Spacing: [1, 1, 1]
  Origin: [96, 132, -78]
  Direction: 
-1 0 0
0 -1 0
0 0 1

  IndexToPointMatrix: 
-1 0 0
0 -1 0
0 0 1

  PointToIndexMatrix: 
-1 0 0
0 -1 0
0 0 1

  Inverse Direction: 
-1 0 0
0 -1 0
0 0 1

  PixelContainer: 
    ImportImageContainer (0x44ba780)
      RTTI typeinfo:   itk::ImportImageContainer<unsigned long, double>
      Reference Count: 1
      Modified Time: 1214
      Debug: Off
      Object Name: 
      Observers: 
        none
      Pointer: 0x15083287d010
      Container manages memory: true
      Size: 8530021
      Capacity: 8530021

     Moving image = Image (0x44bc390)
  RTTI typeinfo:   itk::Image<double, 3u>
  Reference Count: 2
  Modified Time: 1609
  Debug: Off
  Object Name: 
  Observers: 
    none
  Source: (none)
  Source output name: (none)
  Release Data: Off
  Data Released: False
  Global Release Data: Off
  PipelineMTime: 0
  UpdateMTime: 1606
  RealTimeStamp: 0 seconds 
  LargestPossibleRegion: 
    Dimension: 3
    Index: [0, 0, 0]
    Size: [160, 240, 256]
  BufferedRegion: 
    Dimension: 3
    Index: [0, 0, 0]
    Size: [160, 240, 256]
  RequestedRegion: 
    Dimension: 3
    Index: [0, 0, 0]
    Size: [160, 240, 256]
  Spacing: [1, 1, 1]
  Origin: [91.3357, 102.231, -120.042]
  Direction: 
-0.997442 -5.36781e-05 -0.0714818
5.35416e-05 -1 3.82465e-06
-0.0714818 -1.23894e-08 0.997442

  IndexToPointMatrix: 
-0.997444 -5.36781e-05 -0.0714818
5.35418e-05 -1 3.82465e-06
-0.0714819 -1.23894e-08 0.997442

  PointToIndexMatrix: 
-0.99744 5.35415e-05 -0.0714816
-5.36781e-05 -1 -1.23894e-08
-0.0714818 3.82465e-06 0.997442

  Inverse Direction: 
-0.997442 5.35416e-05 -0.0714818
-5.36781e-05 -1 -1.23894e-08
-0.0714818 3.82465e-06 0.997442

  PixelContainer: 
    ImportImageContainer (0x44716f0)
      RTTI typeinfo:   itk::ImportImageContainer<unsigned long, double>
      Reference Count: 1
      Modified Time: 1603
      Debug: Off
      Object Name: 
      Observers: 
        none
      Pointer: 0x15082dd7c010
      Container manages memory: true
      Size: 9830400
      Capacity: 9830400

     Weighting = 1
     Sampling strategy = none
     Number of bins = 32
     Radius = 4
     Sampling percentage  = 1
   Transform = SyN
     Gradient step = 0.1
     Update field sigma (voxel space) = 3
     Total field sigma (voxel space) = 0
     Update field time sigma = 0
     Total field time sigma  = 0
     Number of time indices = 0
     Number of time point samples = 0
Registration using 1 total stages.

Stage 0
  iterations = 100x70x50x20
  convergence threshold = 1e-06
  convergence window size = 10
  number of levels = 4
  using the CC metric (radius = 4, weight = 1, use gradient filter = 0)
  preprocessing:  winsorizing the image intensities
  Shrink factors (level 1 out of 4): [8, 8, 8]
  Shrink factors (level 2 out of 4): [4, 4, 4]
  Shrink factors (level 3 out of 4): [2, 2, 2]
  Shrink factors (level 4 out of 4): [1, 1, 1]
  smoothing sigmas per level: [3, 2, 1, 0]
  Using default NONE metricSamplingStrategy 

*** Running SyN registration (varianceForUpdateField = 3, varianceForTotalField = 0) ***

XXDIAGNOSTIC,Iteration,metricValue,convergenceValue,ITERATION_TIME_INDEX,SINCE_LAST
 1DIAGNOSTIC,     1, -9.271531101415e-01, 1.797693134862e+308, 1.0183e+00, 1.0183e+00, 
 1DIAGNOSTIC,     2, -9.339116258621e-01, 1.797693134862e+308, 1.3574e+00, 3.3908e-01, 
 1DIAGNOSTIC,     3, -9.395857180568e-01, 1.797693134862e+308, 1.6930e+00, 3.3564e-01, 
 1DIAGNOSTIC,     4, -9.442025824067e-01, 1.797693134862e+308, 2.0243e+00, 3.3133e-01, 
 1DIAGNOSTIC,     5, -9.472185143884e-01, 1.797693134862e+308, 2.3551e+00, 3.3081e-01, 
 1DIAGNOSTIC,     6, -9.494990826383e-01, 1.797693134862e+308, 2.7121e+00, 3.5695e-01, 
 1DIAGNOSTIC,     7, -9.517116096415e-01, 1.797693134862e+308, 3.0440e+00, 3.3185e-01, 
 1DIAGNOSTIC,     8, -9.545398760017e-01, 1.797693134862e+308, 3.3948e+00, 3.5088e-01, 
 1DIAGNOSTIC,     9, -9.582347947261e-01, 1.797693134862e+308, 3.7352e+00, 3.4038e-01, 
 1DIAGNOSTIC,    10, -9.619983135487e-01, 2.118706794662e-03, 4.0675e+00, 3.3224e-01, 
 1DIAGNOSTIC,    11, -9.653348177020e-01, 1.763677639189e-03, 4.3953e+00, 3.2789e-01, 
 1DIAGNOSTIC,    12, -9.659997552673e-01, 1.493544715785e-03, 4.7331e+00, 3.3772e-01, 
 1DIAGNOSTIC,    13, -9.663420275683e-01, 1.268365107149e-03, 5.0562e+00, 3.2316e-01, 
 1DIAGNOSTIC,    14, -9.667043862938e-01, 1.065873435711e-03, 5.3936e+00, 3.3739e-01, 
 1DIAGNOSTIC,    15, -9.673334113217e-01, 8.646207948826e-04, 5.7206e+00, 3.2697e-01, 
 1DIAGNOSTIC,    16, -9.676318438627e-01, 6.569191595271e-04, 6.0511e+00, 3.3055e-01, 
 1DIAGNOSTIC,    17, -9.682391640133e-01, 4.631637429943e-04, 6.3834e+00, 3.3221e-01, 
 1DIAGNOSTIC,    18, -9.685107083855e-01, 2.995229264332e-04, 6.7239e+00, 3.4050e-01, 
 1DIAGNOSTIC,    19, -9.690934850293e-01, 1.916750875812e-04, 7.0500e+00, 3.2612e-01, 
 1DIAGNOSTIC,    20, -9.693122000137e-01, 1.347630951696e-04, 7.3882e+00, 3.3827e-01, 
 1DIAGNOSTIC,    21, -9.697785644052e-01, 1.244861015334e-04, 7.7204e+00, 3.3215e-01, 
 1DIAGNOSTIC,    22, -9.699271418122e-01, 1.145290075156e-04, 8.0573e+00, 3.3694e-01, 
 1DIAGNOSTIC,    23, -9.703024343785e-01, 1.040940883403e-04, 8.3863e+00, 3.2898e-01, 
 1DIAGNOSTIC,    24, -9.704008883535e-01, 9.038845195365e-05, 8.7598e+00, 3.7354e-01, 
 1DIAGNOSTIC,    25, -9.707068495179e-01, 8.050379758823e-05, 9.0973e+00, 3.3748e-01, 
 1DIAGNOSTIC,    26, -9.707670225015e-01, 6.784834202707e-05, 9.4312e+00, 3.3392e-01, 
 1DIAGNOSTIC,    27, -9.710225606662e-01, 5.933114415420e-05, 9.8107e+00, 3.7941e-01, 
 1DIAGNOSTIC,    28, -9.710574232704e-01, 4.902150643432e-05, 1.0156e+01, 3.4539e-01, 
