
##########################
# Experiment information #
##########################

EXPERIMENT_NAME: antsRegistration-r7-p19
VFC_BACKENDS: libinterflop_vprec.so --range-binary32=7 --precision-binary32=19 --range-binary64=7 --precision-binary64=19

SIF_IMG: /home/mdugre/projects/rrg-glatard/mdugre/containers/ants-vprec-no_metrics.simg

SUBJECT_ID: s017
INPUT_IMG: /home/mdugre/scratch/mri-registration-rp/datasets/ds004513/derivatives/mri-registration-rp/antsBrainExtraction/sub-s017/BrainExtractionBrain.nii.gz
OUTPUT_DIR: /home/mdugre/scratch/mri-registration-rp/datasets/ds004513/derivatives/mri-registration-rp/0100/antsRegistration-r7-p19/sub-s017

FIXED_IMG: /templateflow/tpl-MNI152NLin2009cAsym/tpl-MNI152NLin2009cAsym_res-01_desc-brain_T1w.nii.gz
DATA_DIR: /home/mdugre/scratch/mri-registration-rp/datasets/ds004513
TEMPLATEFLOW_DIR: /home/mdugre/projects/rrg-glatard/mdugre/templateflow
ITK_GLOBAL_DEFAULT_NUMBER_OF_THREADS: 16
##########################

Info [verificarlo]: loaded backend libinterflop_ieee.so
Info [interflop-ieee]: load backend with:
Info [interflop-ieee]: debug = false
Info [interflop-ieee]: debug-binary = false
Info [interflop-ieee]: no-backend-name = false
Info [interflop-ieee]: print-new-line = false
Info [interflop-ieee]: print-subnormal-normalized = false
Info [interflop-ieee]: count-op = false
All_Command_lines_OK
Using double precision for computations.
=============================================================================
The composite transform comprises the following transforms (in order): 
  1. Center of mass alignment using fixed image: /templateflow/tpl-MNI152NLin2009cAsym/tpl-MNI152NLin2009cAsym_res-01_desc-brain_T1w.nii.gz and moving image: /home/mdugre/scratch/mri-registration-rp/datasets/ds004513/derivatives/mri-registration-rp/antsBrainExtraction/sub-s017/BrainExtractionBrain.nii.gz (type = Euler3DTransform)
=============================================================================
  number of levels = 1
  fixed image: /templateflow/tpl-MNI152NLin2009cAsym/tpl-MNI152NLin2009cAsym_res-01_desc-brain_T1w.nii.gz
  moving image: /home/mdugre/scratch/mri-registration-rp/datasets/ds004513/derivatives/mri-registration-rp/antsBrainExtraction/sub-s017/BrainExtractionBrain.nii.gz
Dimension = 3
Number of stages = 1
Use histogram matching = false
Winsorize image intensities = true
  Lower quantile = 0.005
  Upper quantile = 0.995


Stage 1 State
   Image metric = MattesMI
     Fixed image = Image (0x4430e70)
  RTTI typeinfo:   itk::Image<double, 3u>
  Reference Count: 2
  Modified Time: 2334
  Debug: Off
  Object Name: 
  Observers: 
    none
  Source: (none)
  Source output name: (none)
  Release Data: Off
  Data Released: False
  Global Release Data: Off
  PipelineMTime: 0
  UpdateMTime: 1943
  RealTimeStamp: 0 seconds 
  LargestPossibleRegion: 
    Dimension: 3
    Index: [0, 0, 0]
    Size: [193, 229, 193]
  BufferedRegion: 
    Dimension: 3
    Index: [0, 0, 0]
    Size: [193, 229, 193]
  RequestedRegion: 
    Dimension: 3
    Index: [0, 0, 0]
    Size: [193, 229, 193]
  Spacing: [1, 1, 1]
  Origin: [96, 132, -78]
  Direction: 
-1 0 0
0 -1 0
0 0 1

  IndexToPointMatrix: 
-1 0 0
0 -1 0
0 0 1

  PointToIndexMatrix: 
-1 0 0
0 -1 0
0 0 1

  Inverse Direction: 
-1 0 0
0 -1 0
0 0 1

  PixelContainer: 
    ImportImageContainer (0x4439c60)
      RTTI typeinfo:   itk::ImportImageContainer<unsigned long, double>
      Reference Count: 1
      Modified Time: 1940
      Debug: Off
      Object Name: 
      Observers: 
        none
      Pointer: 0x14a44f581010
      Container manages memory: true
      Size: 8530021
      Capacity: 8530021

     Moving image = Image (0x443c610)
  RTTI typeinfo:   itk::Image<double, 3u>
  Reference Count: 2
  Modified Time: 2335
  Debug: Off
  Object Name: 
  Observers: 
    none
  Source: (none)
  Source output name: (none)
  Release Data: Off
  Data Released: False
  Global Release Data: Off
  PipelineMTime: 0
  UpdateMTime: 2332
  RealTimeStamp: 0 seconds 
  LargestPossibleRegion: 
    Dimension: 3
    Index: [0, 0, 0]
    Size: [160, 240, 256]
  BufferedRegion: 
    Dimension: 3
    Index: [0, 0, 0]
    Size: [160, 240, 256]
  RequestedRegion: 
    Dimension: 3
    Index: [0, 0, 0]
    Size: [160, 240, 256]
  Spacing: [1, 1, 1]
  Origin: [91.3357, 102.231, -120.042]
  Direction: 
-0.997442 -5.36781e-05 -0.0714818
5.35416e-05 -1 3.82465e-06
-0.0714818 -1.23894e-08 0.997442

  IndexToPointMatrix: 
-0.997444 -5.36781e-05 -0.0714818
5.35418e-05 -1 3.82465e-06
-0.0714819 -1.23894e-08 0.997442

  PointToIndexMatrix: 
-0.99744 5.35415e-05 -0.0714816
-5.36781e-05 -1 -1.23894e-08
-0.0714818 3.82465e-06 0.997442

  Inverse Direction: 
-0.997442 5.35416e-05 -0.0714818
-5.36781e-05 -1 -1.23894e-08
-0.0714818 3.82465e-06 0.997442

  PixelContainer: 
    ImportImageContainer (0x44d5ef0)
      RTTI typeinfo:   itk::ImportImageContainer<unsigned long, double>
      Reference Count: 1
      Modified Time: 2329
      Debug: Off
      Object Name: 
      Observers: 
        none
      Pointer: 0x14a44aa80010
      Container manages memory: true
      Size: 9830400
      Capacity: 9830400

     Weighting = 1
     Sampling strategy = regular
     Number of bins = 32
     Radius = 4
     Sampling percentage  = 0.25
   Transform = Rigid
     Gradient step = 0.1
     Update field sigma (voxel space) = 0
     Total field sigma (voxel space) = 0
     Update field time sigma = 0
     Total field time sigma  = 0
     Number of time indices = 0
     Number of time point samples = 0
Registration using 1 total stages.

Stage 0
  iterations = 0
  convergence threshold = 1e-06
  convergence window size = 10
  number of levels = 1
  using the Mattes MI metric (number of bins = 32, weight = 1, use gradient filter = 0)
  preprocessing:  winsorizing the image intensities
  Shrink factors (level 1 out of 1): [1, 1, 1]
  smoothing sigmas per level: [0]
  regular sampling (percentage = 0.25)

*** Running Euler3DTransform registration ***

  Elapsed time (stage 0): 1.10374


Total elapsed time: 1.10612
Info [verificarlo]: loaded backend libinterflop_vprec.so
Info [interflop-vprec]: load backend with: 
Info [interflop-vprec]: precision-binary32 = 19
Info [interflop-vprec]: range-binary32 = 7
Info [interflop-vprec]: precision-binary64 = 19
Info [interflop-vprec]: range-binary64 = 7
Info [interflop-vprec]: mode = ob
Info [interflop-vprec]: error-mode = rel
Info [interflop-vprec]: max-abs-error-exponent = -1022
Info [interflop-vprec]: daz = false
Info [interflop-vprec]: ftz = false
Info [interflop-vprec]: 	instrument = none
Info [interflop-vprec]: 	prec-input-file = (null)
Info [interflop-vprec]: 	prec-output-file = (null)
Info [interflop-vprec]: 	prec-log-file = (null)
All_Command_lines_OK
Using double precision for computations.
=============================================================================
The composite transform comprises the following transforms (in order): 
  1. /home/mdugre/scratch/mri-registration-rp/datasets/ds004513/derivatives/mri-registration-rp/0100/antsRegistration-r7-p19/sub-s017/align_Composite.h5[0] (type = Euler3DTransform)
  2. /home/mdugre/scratch/mri-registration-rp/datasets/ds004513/derivatives/mri-registration-rp/0100/antsRegistration-r7-p19/sub-s017/align_Composite.h5[1] (type = Euler3DTransform)
=============================================================================
  number of levels = 4
  fixed image: /templateflow/tpl-MNI152NLin2009cAsym/tpl-MNI152NLin2009cAsym_res-01_desc-brain_T1w.nii.gz
  moving image: /home/mdugre/scratch/mri-registration-rp/datasets/ds004513/derivatives/mri-registration-rp/antsBrainExtraction/sub-s017/BrainExtractionBrain.nii.gz
Dimension = 3
Number of stages = 1
Use histogram matching = false
Winsorize image intensities = true
  Lower quantile = 0.005
  Upper quantile = 0.995


Stage 1 State
   Image metric = MattesMI
     Fixed image = Image (0x3c561e0)
  RTTI typeinfo:   itk::Image<double, 3u>
  Reference Count: 2
  Modified Time: 1580
  Debug: Off
  Object Name: 
  Observers: 
    none
  Source: (none)
  Source output name: (none)
  Release Data: Off
  Data Released: False
  Global Release Data: Off
  PipelineMTime: 0
  UpdateMTime: 1189
  RealTimeStamp: 0 seconds 
  LargestPossibleRegion: 
    Dimension: 3
    Index: [0, 0, 0]
    Size: [193, 229, 193]
  BufferedRegion: 
    Dimension: 3
    Index: [0, 0, 0]
    Size: [193, 229, 193]
  RequestedRegion: 
    Dimension: 3
    Index: [0, 0, 0]
    Size: [193, 229, 193]
  Spacing: [1, 1, 1]
  Origin: [96, 132, -78]
  Direction: 
-1 0 0
0 -1 0
0 0 1

  IndexToPointMatrix: 
-1 0 0
0 -1 0
0 0 1

  PointToIndexMatrix: 
-1 0 0
0 -1 0
0 0 1

  Inverse Direction: 
-1 0 0
0 -1 0
0 0 1

  PixelContainer: 
    ImportImageContainer (0x3d15680)
      RTTI typeinfo:   itk::ImportImageContainer<unsigned long, double>
      Reference Count: 1
      Modified Time: 1186
      Debug: Off
      Object Name: 
      Observers: 
        none
      Pointer: 0x14f3bcc4a010
      Container manages memory: true
      Size: 8530021
      Capacity: 8530021

     Moving image = Image (0x3d11b20)
  RTTI typeinfo:   itk::Image<double, 3u>
  Reference Count: 2
  Modified Time: 1581
  Debug: Off
  Object Name: 
  Observers: 
    none
  Source: (none)
  Source output name: (none)
  Release Data: Off
  Data Released: False
  Global Release Data: Off
  PipelineMTime: 0
  UpdateMTime: 1578
  RealTimeStamp: 0 seconds 
  LargestPossibleRegion: 
    Dimension: 3
    Index: [0, 0, 0]
    Size: [160, 240, 256]
  BufferedRegion: 
    Dimension: 3
    Index: [0, 0, 0]
    Size: [160, 240, 256]
  RequestedRegion: 
    Dimension: 3
    Index: [0, 0, 0]
    Size: [160, 240, 256]
  Spacing: [1, 1, 1]
  Origin: [91.3357, 102.231, -120.042]
  Direction: 
-0.997442 -5.36781e-05 -0.0714818
5.35416e-05 -1 3.82464e-06
-0.0714818 -1.23894e-08 0.997442

  IndexToPointMatrix: 
-0.997444 -5.36781e-05 -0.0714818
5.35417e-05 -1 3.82464e-06
-0.0714819 -1.23894e-08 0.997442

  PointToIndexMatrix: 
-0.99744 5.35415e-05 -0.0714817
-5.36781e-05 -1 -1.23873e-08
-0.0714818 3.82465e-06 0.997442

  Inverse Direction: 
-0.997442 5.35416e-05 -0.0714818
-5.36781e-05 -1 -1.23873e-08
-0.0714818 3.82465e-06 0.997442

  PixelContainer: 
    ImportImageContainer (0x3d7ad50)
      RTTI typeinfo:   itk::ImportImageContainer<unsigned long, double>
      Reference Count: 1
      Modified Time: 1575
      Debug: Off
      Object Name: 
      Observers: 
        none
      Pointer: 0x14f3b8149010
      Container manages memory: true
      Size: 9830400
      Capacity: 9830400

     Weighting = 1
     Sampling strategy = regular
     Number of bins = 32
     Radius = 4
     Sampling percentage  = 0.25
   Transform = Rigid
     Gradient step = 0.1
     Update field sigma (voxel space) = 0
     Total field sigma (voxel space) = 0
     Update field time sigma = 0
     Total field time sigma  = 0
     Number of time indices = 0
     Number of time point samples = 0
Registration using 1 total stages.

Stage 0
  iterations = 1000x500x250x100
  convergence threshold = 1e-06
  convergence window size = 10
  number of levels = 4
  using the Mattes MI metric (number of bins = 32, weight = 1, use gradient filter = 0)
  preprocessing:  winsorizing the image intensities
  Shrink factors (level 1 out of 4): [8, 8, 8]
  Shrink factors (level 2 out of 4): [4, 4, 4]
  Shrink factors (level 3 out of 4): [2, 2, 2]
  Shrink factors (level 4 out of 4): [1, 1, 1]
  smoothing sigmas per level: [3, 2, 1, 0]
  regular sampling (percentage = 0.25)

*** Running Euler3DTransform registration ***

DIAGNOSTIC,Iteration,metricValue,convergenceValue,ITERATION_TIME_INDEX,SINCE_LAST
 2DIAGNOSTIC,     1, -5.567841896532e-01, 1.797693134862e+308, 0.0000e+00, 0.0000e+00, 
 2DIAGNOSTIC,     2, -5.584299486374e-01, 1.797693134862e+308, 0.0000e+00, 0.0000e+00, 
 2DIAGNOSTIC,     3, -5.612776539881e-01, 1.797693134862e+308, 0.0000e+00, 0.0000e+00, 
 2DIAGNOSTIC,     4, -5.637857822656e-01, 1.797693134862e+308, 0.0000e+00, 0.0000e+00, 
 2DIAGNOSTIC,     5, -5.658322373283e-01, 1.797693134862e+308, 0.0000e+00, 0.0000e+00, 
 2DIAGNOSTIC,     6, -5.696559315143e-01, 1.797693134862e+308, 0.0000e+00, 0.0000e+00, 
 2DIAGNOSTIC,     7, -5.734240215817e-01, 1.797693134862e+308, 0.0000e+00, 0.0000e+00, 
 2DIAGNOSTIC,     8, -5.754455385239e-01, 1.797693134862e+308, 0.0000e+00, 0.0000e+00, 
 2DIAGNOSTIC,     9, -5.763128009798e-01, 1.797693134862e+308, 0.0000e+00, 0.0000e+00, 
 2DIAGNOSTIC,    10, -5.770924745229e-01, 2.556427445021e-03, 0.0000e+00, 0.0000e+00, 
 2DIAGNOSTIC,    11, -5.785340067726e-01, 2.175417422773e-03, 0.0000e+00, 0.0000e+00, 
 2DIAGNOSTIC,    12, -5.797395914885e-01, 1.777592522608e-03, 0.0000e+00, 0.0000e+00, 
 2DIAGNOSTIC,    13, -5.808531577132e-01, 1.431954419437e-03, 0.0000e+00, 0.0000e+00, 
 2DIAGNOSTIC,    14, -5.808851026753e-01, 1.098169333416e-03, 0.0000e+00, 0.0000e+00, 
 2DIAGNOSTIC,    15, -5.810503527244e-01, 7.822132621213e-04, 0.0000e+00, 0.0000e+00, 
 2DIAGNOSTIC,    16, -5.811876731800e-01, 5.550522639351e-04, 0.0000e+00, 0.0000e+00, 
 2DIAGNOSTIC,    17, -5.812572216179e-01, 4.141590484702e-04, 0.0000e+00, 0.0000e+00, 
 2DIAGNOSTIC,    18, -5.818106251016e-01, 3.215941715013e-04, 0.0000e+00, 0.0000e+00, 
 2DIAGNOSTIC,    19, -5.819716918171e-01, 2.360009059633e-04, 0.0000e+00, 0.0000e+00, 
 2DIAGNOSTIC,    20, -5.823803480024e-01, 1.664973627296e-04, 0.0000e+00, 0.0000e+00, 
 2DIAGNOSTIC,    21, -5.829166709503e-01, 1.343375976238e-04, 0.0000e+00, 0.0000e+00, 
 2DIAGNOSTIC,    22, -5.834544376720e-01, 1.309921093792e-04, 0.0000e+00, 0.0000e+00, 
 2DIAGNOSTIC,    23, -5.842144557041e-01, 1.558499089796e-04, 0.0000e+00, 0.0000e+00, 
 2DIAGNOSTIC,    24, -5.863853983120e-01, 2.090926567800e-04, 0.0000e+00, 0.0000e+00, 
 2DIAGNOSTIC,    25, -5.876647359852e-01, 2.660314357529e-04, 0.0000e+00, 0.0000e+00, 
 2DIAGNOSTIC,    26, -5.880773654197e-01, 3.039754219606e-04, 0.0000e+00, 0.0000e+00, 
 2DIAGNOSTIC,    27, -5.887711312192e-01, 3.247876031289e-04, 0.0000e+00, 0.0000e+00, 
 2DIAGNOSTIC,    28, -5.894842927733e-01, 3.356798672838e-04, 0.0000e+00, 0.0000e+00, 
 2DIAGNOSTIC,    29, -5.902530869533e-01, 3.291988206037e-04, 0.0000e+00, 0.0000e+00, 
 2DIAGNOSTIC,    30, -5.905421094997e-01, 3.030862708006e-04, 0.0000e+00, 0.0000e+00, 
 2DIAGNOSTIC,    31, -5.912922812403e-01, 2.709141787577e-04, 0.0000e+00, 0.0000e+00, 
 2DIAGNOSTIC,    32, -5.909778581008e-01, 2.187249397791e-04, 0.0000e+00, 0.0000e+00, 
 2DIAGNOSTIC,    33, -5.913620052430e-01, 1.655959935275e-04, 0.0000e+00, 0.0000e+00, 
 2DIAGNOSTIC,    34, -5.916685415492e-01, 1.351576359349e-04, 0.0000e+00, 0.0000e+00, 
 2DIAGNOSTIC,    35, -5.917420407380e-01, 1.125080967615e-04, 0.0000e+00, 0.0000e+00, 
 2DIAGNOSTIC,    36, -5.917462550274e-01, 8.615408385994e-05, 0.0000e+00, 0.0000e+00, 
 2DIAGNOSTIC,    37, -5.917453464546e-01, 6.230414608853e-05, 0.0000e+00, 0.0000e+00, 
 2DIAGNOSTIC,    38, -5.917472873175e-01, 4.293576341224e-05, 0.0000e+00, 0.0000e+00, 
 2DIAGNOSTIC,    39, -5.917495833084e-01, 3.008885083802e-05, 0.0000e+00, 0.0000e+00, 
 2DIAGNOSTIC,    40, -5.917508634559e-01, 1.838799811920e-05, 0.0000e+00, 0.0000e+00, 
 2DIAGNOSTIC,    41, -5.917547165027e-01, 1.478752280706e-05, 0.0000e+00, 0.0000e+00, 
 2DIAGNOSTIC,    42, -5.917555737342e-01, 6.309374853120e-06, 0.0000e+00, 0.0000e+00, 
 2DIAGNOSTIC,    43, -5.917554915273e-01, 1.971067490211e-06, 0.0000e+00, 0.0000e+00, 
 2DIAGNOSTIC,    44, -5.917551098668e-01, 1.086889626349e-06, 0.0000e+00, 0.0000e+00, 
 2DIAGNOSTIC,    45, -5.917550835210e-01, 1.003360040577e-06, 0.0000e+00, 0.0000e+00, 
DIAGNOSTIC,Iteration,metricValue,convergenceValue,ITERATION_TIME_INDEX,SINCE_LAST
 2DIAGNOSTIC,     1, -4.784209585338e-01, 1.797693134862e+308, 0.0000e+00, 0.0000e+00, 
 2DIAGNOSTIC,     2, -4.785579129100e-01, 1.797693134862e+308, 0.0000e+00, 0.0000e+00, 
 2DIAGNOSTIC,     3, -4.787495743356e-01, 1.797693134862e+308, 0.0000e+00, 0.0000e+00, 
 2DIAGNOSTIC,     4, -4.789210903474e-01, 1.797693134862e+308, 0.0000e+00, 0.0000e+00, 
 2DIAGNOSTIC,     5, -4.792376026065e-01, 1.797693134862e+308, 0.0000e+00, 0.0000e+00, 
 2DIAGNOSTIC,     6, -4.805547395475e-01, 1.797693134862e+308, 0.0000e+00, 0.0000e+00, 
 2DIAGNOSTIC,     7, -4.816328729867e-01, 1.797693134862e+308, 0.0000e+00, 0.0000e+00, 
 2DIAGNOSTIC,     8, -4.823503791459e-01, 1.797693134862e+308, 0.0000e+00, 0.0000e+00, 
 2DIAGNOSTIC,     9, -4.823809667190e-01, 1.797693134862e+308, 0.0000e+00, 0.0000e+00, 
 2DIAGNOSTIC,    10, -4.823925283414e-01, 6.731819400667e-04, 0.0000e+00, 0.0000e+00, 
 2DIAGNOSTIC,    11, -4.823756481225e-01, 5.976335050280e-04, 0.0000e+00, 0.0000e+00, 
 2DIAGNOSTIC,    12, -4.823744428342e-01, 4.869685469024e-04, 0.0000e+00, 0.0000e+00, 
 2DIAGNOSTIC,    13, -4.823764808767e-01, 3.586631513994e-04, 0.0000e+00, 0.0000e+00, 
 2DIAGNOSTIC,    14, -4.823970398334e-01, 2.253810717428e-04, 0.0000e+00, 0.0000e+00, 
 2DIAGNOSTIC,    15, -4.824374637131e-01, 1.030688216472e-04, 0.0000e+00, 0.0000e+00, 
 2DIAGNOSTIC,    16, -4.825028006518e-01, 3.704895772640e-05, 0.0000e+00, 0.0000e+00, 
 2DIAGNOSTIC,    17, -4.825145973165e-01, 1.272926087714e-05, 0.0000e+00, 0.0000e+00, 
 2DIAGNOSTIC,    18, -4.825283211736e-01, 1.410605667952e-05, 0.0000e+00, 0.0000e+00, 
 2DIAGNOSTIC,    19, -4.825479105325e-01, 1.574596422131e-05, 0.0000e+00, 0.0000e+00, 
 2DIAGNOSTIC,    20, -4.825572462782e-01, 1.651007949784e-05, 0.0000e+00, 0.0000e+00, 
 2DIAGNOSTIC,    21, -4.825550833042e-01, 1.525622036861e-05, 0.0000e+00, 0.0000e+00, 
 2DIAGNOSTIC,    22, -4.825425944726e-01, 1.248898146028e-05, 0.0000e+00, 0.0000e+00, 
 2DIAGNOSTIC,    23, -4.825458316904e-01, 9.093224046214e-06, 0.0000e+00, 0.0000e+00, 
 2DIAGNOSTIC,    24, -4.825306195108e-01, 5.368263933034e-06, 0.0000e+00, 0.0000e+00, 
 2DIAGNOSTIC,    25, -4.825516901073e-01, 2.979241674417e-06, 0.0000e+00, 0.0000e+00, 
 2DIAGNOSTIC,    26, -4.825542167987e-01, 2.141685362764e-06, 0.0000e+00, 0.0000e+00, 
 2DIAGNOSTIC,    27, -4.825474806030e-01, 1.393260406372e-06, 0.0000e+00, 0.0000e+00, 
DIAGNOSTIC,Iteration,metricValue,convergenceValue,ITERATION_TIME_INDEX,SINCE_LAST
 2DIAGNOSTIC,     1, -4.154897165716e-01, 1.797693134862e+308, 0.0000e+00, 0.0000e+00, 
 2DIAGNOSTIC,     2, -4.156286217779e-01, 1.797693134862e+308, 0.0000e+00, 0.0000e+00, 
 2DIAGNOSTIC,     3, -4.156980551684e-01, 1.797693134862e+308, 0.0000e+00, 0.0000e+00, 
 2DIAGNOSTIC,     4, -4.156920586674e-01, 1.797693134862e+308, 0.0000e+00, 0.0000e+00, 
 2DIAGNOSTIC,     5, -4.156897713219e-01, 1.797693134862e+308, 0.0000e+00, 0.0000e+00, 
 2DIAGNOSTIC,     6, -4.156894685810e-01, 1.797693134862e+308, 0.0000e+00, 0.0000e+00, 
 2DIAGNOSTIC,     7, -4.156853328660e-01, 1.797693134862e+308, 0.0000e+00, 0.0000e+00, 
 2DIAGNOSTIC,     8, -4.156870839082e-01, 1.797693134862e+308, 0.0000e+00, 0.0000e+00, 
 2DIAGNOSTIC,     9, -4.156855397314e-01, 1.797693134862e+308, 0.0000e+00, 0.0000e+00, 
 2DIAGNOSTIC,    10, -4.156861840074e-01, 1.926123213747e-05, 0.0000e+00, 0.0000e+00, 
 2DIAGNOSTIC,    11, -4.156861428135e-01, 5.410496965619e-06, 0.0000e+00, 0.0000e+00, 
 2DIAGNOSTIC,    12, -4.156862732056e-01, 1.446953137779e-06, 0.0000e+00, 0.0000e+00, 
 2DIAGNOSTIC,    13, -4.156854601117e-01, 1.817681151123e-06, 0.0000e+00, 0.0000e+00, 
 2DIAGNOSTIC,    14, -4.156853289433e-01, 1.894520286996e-06, 0.0000e+00, 0.0000e+00, 
 2DIAGNOSTIC,    15, -4.156853377957e-01, 1.890234192600e-06, 0.0000e+00, 0.0000e+00, 
 2DIAGNOSTIC,    16, -4.156852096176e-01, 1.892869928868e-06, 0.0000e+00, 0.0000e+00, 
 2DIAGNOSTIC,    17, -4.156851795830e-01, 1.733722530074e-06, 0.0000e+00, 0.0000e+00, 
 2DIAGNOSTIC,    18, -4.156851794209e-01, 1.673484297859e-06, 0.0000e+00, 0.0000e+00, 
 2DIAGNOSTIC,    19, -4.156851769148e-01, 1.571698700159e-06, 0.0000e+00, 0.0000e+00, 
 2DIAGNOSTIC,    20, -4.156851763132e-01, 1.510887771561e-06, 0.0000e+00, 0.0000e+00, 
 2DIAGNOSTIC,    21, -4.156851727892e-01, 1.461019454002e-06, 0.0000e+00, 0.0000e+00, 
 2DIAGNOSTIC,    22, -4.156851749405e-01, 1.425179657295e-06, 0.0000e+00, 0.0000e+00, 
 2DIAGNOSTIC,    23, -4.156851746965e-01, 1.369931245908e-06, 0.0000e+00, 0.0000e+00, 
 2DIAGNOSTIC,    24, -4.156851763635e-01, 1.316436718773e-06, 0.0000e+00, 0.0000e+00, 
 2DIAGNOSTIC,    25, -4.156851766584e-01, 1.268093780059e-06, 0.0000e+00, 0.0000e+00, 
 2DIAGNOSTIC,    26, -4.156851779926e-01, 1.220261507000e-06, 0.0000e+00, 0.0000e+00, 
 2DIAGNOSTIC,    27, -4.156851763988e-01, 1.175181720638e-06, 0.0000e+00, 0.0000e+00, 
 2DIAGNOSTIC,    28, -4.156851719235e-01, 1.133210793355e-06, 0.0000e+00, 0.0000e+00, 
 2DIAGNOSTIC,    29, -4.156851714522e-01, 1.094067335332e-06, 0.0000e+00, 0.0000e+00, 
 2DIAGNOSTIC,    30, -4.156851697052e-01, 1.057487583403e-06, 0.0000e+00, 0.0000e+00, 
 2DIAGNOSTIC,    31, -4.156851681981e-01, 1.023171958568e-06, 0.0000e+00, 0.0000e+00, 
DIAGNOSTIC,Iteration,metricValue,convergenceValue,ITERATION_TIME_INDEX,SINCE_LAST
 2DIAGNOSTIC,     1, -3.828768115289e-01, 1.797693134862e+308, 0.0000e+00, 0.0000e+00, 
 2DIAGNOSTIC,     2, -3.829267396313e-01, 1.797693134862e+308, 0.0000e+00, 0.0000e+00, 
 2DIAGNOSTIC,     3, -3.829455367478e-01, 1.797693134862e+308, 0.0000e+00, 0.0000e+00, 
 2DIAGNOSTIC,     4, -3.829552029652e-01, 1.797693134862e+308, 0.0000e+00, 0.0000e+00, 
 2DIAGNOSTIC,     5, -3.829595843737e-01, 1.797693134862e+308, 0.0000e+00, 0.0000e+00, 
 2DIAGNOSTIC,     6, -3.829636632768e-01, 1.797693134862e+308, 0.0000e+00, 0.0000e+00, 
 2DIAGNOSTIC,     7, -3.829799274123e-01, 1.797693134862e+308, 0.0000e+00, 0.0000e+00, 
 2DIAGNOSTIC,     8, -3.830342630843e-01, 1.797693134862e+308, 0.0000e+00, 0.0000e+00, 
 2DIAGNOSTIC,     9, -3.833310005199e-01, 1.797693134862e+308, 0.0000e+00, 0.0000e+00, 
 2DIAGNOSTIC,    10, -3.837098088149e-01, 9.670263063244e-05, 0.0000e+00, 0.0000e+00, 
 2DIAGNOSTIC,    11, -3.837215140481e-01, 1.218338938510e-04, 0.0000e+00, 0.0000e+00, 
 2DIAGNOSTIC,    12, -3.837266940538e-01, 1.360208934188e-04, 0.0000e+00, 0.0000e+00, 
 2DIAGNOSTIC,    13, -3.837276935428e-01, 1.373338974298e-04, 0.0000e+00, 0.0000e+00, 
 2DIAGNOSTIC,    14, -3.837256256636e-01, 1.262813381753e-04, 0.0000e+00, 0.0000e+00, 
 2DIAGNOSTIC,    15, -3.837254643961e-01, 1.052743824247e-04, 0.0000e+00, 0.0000e+00, 
 2DIAGNOSTIC,    16, -3.837251290637e-01, 7.776739490155e-05, 0.0000e+00, 0.0000e+00, 
 2DIAGNOSTIC,    17, -3.837251739808e-01, 4.758541161364e-05, 0.0000e+00, 0.0000e+00, 
 2DIAGNOSTIC,    18, -3.837247241996e-01, 1.860038219945e-05, 0.0000e+00, 0.0000e+00, 
 2DIAGNOSTIC,    19, -3.837245989510e-01, 2.268569124546e-06, 0.0000e+00, 0.0000e+00, 
 2DIAGNOSTIC,    20, -3.837246011180e-01, 1.547258631669e-06, 0.0000e+00, 0.0000e+00, 
 2DIAGNOSTIC,    21, -3.837245791888e-01, 1.304772852463e-06, 0.0000e+00, 0.0000e+00, 
 2DIAGNOSTIC,    22, -3.837245817521e-01, 1.276458164522e-06, 0.0000e+00, 0.0000e+00, 
 2DIAGNOSTIC,    23, -3.837245816698e-01, 1.300347780210e-06, 0.0000e+00, 0.0000e+00, 
 2DIAGNOSTIC,    24, -3.837245809801e-01, 1.266028949155e-06, 0.0000e+00, 0.0000e+00, 
 2DIAGNOSTIC,    25, -3.837245804336e-01, 1.235110805381e-06, 0.0000e+00, 0.0000e+00, 
 2DIAGNOSTIC,    26, -3.837245813377e-01, 1.200085704076e-06, 0.0000e+00, 0.0000e+00, 
 2DIAGNOSTIC,    27, -3.837245800903e-01, 1.171154418153e-06, 0.0000e+00, 0.0000e+00, 
 2DIAGNOSTIC,    28, -3.837245779714e-01, 1.132865409148e-06, 0.0000e+00, 0.0000e+00, 
 2DIAGNOSTIC,    29, -3.837245736205e-01, 1.093997677601e-06, 0.0000e+00, 0.0000e+00, 
 2DIAGNOSTIC,    30, -3.837245744935e-01, 1.057888539234e-06, 0.0000e+00, 0.0000e+00, 
 2DIAGNOSTIC,    31, -3.837245758329e-01, 1.023647452907e-06, 0.0000e+00, 0.0000e+00, 
  Elapsed time (stage 0): 0.0000e+00


Total elapsed time: 0.0000e+00
Info [verificarlo]: loaded backend libinterflop_ieee.so
Info [interflop-ieee]: load backend with:
Info [interflop-ieee]: debug = false
Info [interflop-ieee]: debug-binary = false
Info [interflop-ieee]: no-backend-name = false
Info [interflop-ieee]: print-new-line = false
Info [interflop-ieee]: print-subnormal-normalized = false
Info [interflop-ieee]: count-op = false
All_Command_lines_OK
Using double precision for computations.
=============================================================================
The composite transform comprises the following transforms (in order): 
  1. /home/mdugre/scratch/mri-registration-rp/datasets/ds004513/derivatives/mri-registration-rp/0100/antsRegistration-r7-p19/sub-s017/rigid_Composite.h5[0] (type = Euler3DTransform)
  2. /home/mdugre/scratch/mri-registration-rp/datasets/ds004513/derivatives/mri-registration-rp/0100/antsRegistration-r7-p19/sub-s017/rigid_Composite.h5[1] (type = Euler3DTransform)
  3. /home/mdugre/scratch/mri-registration-rp/datasets/ds004513/derivatives/mri-registration-rp/0100/antsRegistration-r7-p19/sub-s017/rigid_Composite.h5[2] (type = Euler3DTransform)
=============================================================================
  number of levels = 4
  fixed image: /templateflow/tpl-MNI152NLin2009cAsym/tpl-MNI152NLin2009cAsym_res-01_desc-brain_T1w.nii.gz
  moving image: /home/mdugre/scratch/mri-registration-rp/datasets/ds004513/derivatives/mri-registration-rp/antsBrainExtraction/sub-s017/BrainExtractionBrain.nii.gz
Dimension = 3
Number of stages = 1
Use histogram matching = false
Winsorize image intensities = true
  Lower quantile = 0.005
  Upper quantile = 0.995


Stage 1 State
   Image metric = MattesMI
     Fixed image = Image (0x50137e0)
  RTTI typeinfo:   itk::Image<double, 3u>
  Reference Count: 2
  Modified Time: 1594
  Debug: Off
  Object Name: 
  Observers: 
    none
  Source: (none)
  Source output name: (none)
  Release Data: Off
  Data Released: False
  Global Release Data: Off
  PipelineMTime: 0
  UpdateMTime: 1203
  RealTimeStamp: 0 seconds 
  LargestPossibleRegion: 
    Dimension: 3
    Index: [0, 0, 0]
    Size: [193, 229, 193]
  BufferedRegion: 
    Dimension: 3
    Index: [0, 0, 0]
    Size: [193, 229, 193]
  RequestedRegion: 
    Dimension: 3
    Index: [0, 0, 0]
    Size: [193, 229, 193]
  Spacing: [1, 1, 1]
  Origin: [96, 132, -78]
  Direction: 
-1 0 0
0 -1 0
0 0 1

  IndexToPointMatrix: 
-1 0 0
0 -1 0
0 0 1

  PointToIndexMatrix: 
-1 0 0
0 -1 0
0 0 1

  Inverse Direction: 
-1 0 0
0 -1 0
0 0 1

  PixelContainer: 
    ImportImageContainer (0x50de880)
      RTTI typeinfo:   itk::ImportImageContainer<unsigned long, double>
      Reference Count: 1
      Modified Time: 1200
      Debug: Off
      Object Name: 
      Observers: 
        none
      Pointer: 0x147d3c46e010
      Container manages memory: true
      Size: 8530021
      Capacity: 8530021

     Moving image = Image (0x50cf050)
  RTTI typeinfo:   itk::Image<double, 3u>
  Reference Count: 2
  Modified Time: 1595
  Debug: Off
  Object Name: 
  Observers: 
    none
  Source: (none)
  Source output name: (none)
  Release Data: Off
  Data Released: False
  Global Release Data: Off
  PipelineMTime: 0
  UpdateMTime: 1592
  RealTimeStamp: 0 seconds 
  LargestPossibleRegion: 
    Dimension: 3
    Index: [0, 0, 0]
    Size: [160, 240, 256]
  BufferedRegion: 
    Dimension: 3
    Index: [0, 0, 0]
    Size: [160, 240, 256]
  RequestedRegion: 
    Dimension: 3
    Index: [0, 0, 0]
    Size: [160, 240, 256]
  Spacing: [1, 1, 1]
  Origin: [91.3357, 102.231, -120.042]
  Direction: 
-0.997442 -5.36781e-05 -0.0714818
5.35416e-05 -1 3.82465e-06
-0.0714818 -1.23894e-08 0.997442

  IndexToPointMatrix: 
-0.997444 -5.36781e-05 -0.0714818
5.35418e-05 -1 3.82465e-06
-0.0714819 -1.23894e-08 0.997442

  PointToIndexMatrix: 
-0.99744 5.35415e-05 -0.0714816
-5.36781e-05 -1 -1.23894e-08
-0.0714818 3.82465e-06 0.997442

  Inverse Direction: 
-0.997442 5.35416e-05 -0.0714818
-5.36781e-05 -1 -1.23894e-08
-0.0714818 3.82465e-06 0.997442

  PixelContainer: 
    ImportImageContainer (0x5182690)
      RTTI typeinfo:   itk::ImportImageContainer<unsigned long, double>
      Reference Count: 1
      Modified Time: 1589
      Debug: Off
      Object Name: 
      Observers: 
        none
      Pointer: 0x147d3796d010
      Container manages memory: true
      Size: 9830400
      Capacity: 9830400

     Weighting = 1
     Sampling strategy = regular
     Number of bins = 32
     Radius = 4
     Sampling percentage  = 0.25
   Transform = Affine
     Gradient step = 0.1
     Update field sigma (voxel space) = 0
     Total field sigma (voxel space) = 0
     Update field time sigma = 0
     Total field time sigma  = 0
     Number of time indices = 0
     Number of time point samples = 0
Registration using 1 total stages.

Stage 0
  iterations = 1000x500x250x100
  convergence threshold = 1e-06
  convergence window size = 10
  number of levels = 4
  using the Mattes MI metric (number of bins = 32, weight = 1, use gradient filter = 0)
  preprocessing:  winsorizing the image intensities
  Shrink factors (level 1 out of 4): [8, 8, 8]
  Shrink factors (level 2 out of 4): [4, 4, 4]
  Shrink factors (level 3 out of 4): [2, 2, 2]
  Shrink factors (level 4 out of 4): [1, 1, 1]
  smoothing sigmas per level: [3, 2, 1, 0]
  regular sampling (percentage = 0.25)

*** Running AffineTransform registration ***

DIAGNOSTIC,Iteration,metricValue,convergenceValue,ITERATION_TIME_INDEX,SINCE_LAST
 2DIAGNOSTIC,     1, -5.790571887659e-01, 1.797693134862e+308, 6.7930e-01, 6.7930e-01, 
 2DIAGNOSTIC,     2, -5.816480079213e-01, 1.797693134862e+308, 6.8393e-01, 4.6332e-03, 
 2DIAGNOSTIC,     3, -5.858447044937e-01, 1.797693134862e+308, 6.8837e-01, 4.4379e-03, 
 2DIAGNOSTIC,     4, -5.938687454560e-01, 1.797693134862e+308, 6.9285e-01, 4.4730e-03, 
 2DIAGNOSTIC,     5, -6.093301800928e-01, 1.797693134862e+308, 6.9764e-01, 4.7989e-03, 
 2DIAGNOSTIC,     6, -6.325750333433e-01, 1.797693134862e+308, 7.0272e-01, 5.0790e-03, 
 2DIAGNOSTIC,     7, -6.772300506768e-01, 1.797693134862e+308, 7.0841e-01, 5.6829e-03, 
 2DIAGNOSTIC,     8, -8.131527371910e-01, 1.797693134862e+308, 7.1358e-01, 5.1730e-03, 
 2DIAGNOSTIC,     9, -8.524092493248e-01, 1.797693134862e+308, 7.2137e-01, 7.7882e-03, 
 2DIAGNOSTIC,    10, -8.578808592865e-01, 3.007611383917e-02, 7.2627e-01, 4.8990e-03, 
 2DIAGNOSTIC,    11, -8.673041046354e-01, 2.999665495946e-02, 7.3108e-01, 4.8139e-03, 
 2DIAGNOSTIC,    12, -8.739663544503e-01, 2.756255734202e-02, 7.3598e-01, 4.8969e-03, 
 2DIAGNOSTIC,    13, -8.786825493974e-01, 2.332559079905e-02, 7.4152e-01, 5.5411e-03, 
 2DIAGNOSTIC,    14, -8.841083769724e-01, 1.807407653452e-02, 7.5226e-01, 1.0738e-02, 
 2DIAGNOSTIC,    15, -8.843344426027e-01, 1.247128972030e-02, 7.5765e-01, 5.3971e-03, 
 2DIAGNOSTIC,    16, -8.843723505562e-01, 7.131084249444e-03, 7.6314e-01, 5.4910e-03, 
 2DIAGNOSTIC,    17, -8.842601352865e-01, 2.774586211706e-03, 7.6801e-01, 4.8652e-03, 
 2DIAGNOSTIC,    18, -8.841705172130e-01, 1.493093015097e-03, 7.7373e-01, 5.7220e-03, 
 2DIAGNOSTIC,    19, -8.839299666710e-01, 9.816839016635e-04, 7.7920e-01, 5.4660e-03, 
 2DIAGNOSTIC,    20, -8.839645643298e-01, 5.357898401391e-04, 7.8422e-01, 5.0220e-03, 
 2DIAGNOSTIC,    21, -8.837342409710e-01, 2.459934919995e-04, 7.8990e-01, 5.6832e-03, 
 2DIAGNOSTIC,    22, -8.836710827076e-01, 7.006649860631e-05, 7.9506e-01, 5.1541e-03, 
DIAGNOSTIC,Iteration,metricValue,convergenceValue,ITERATION_TIME_INDEX,SINCE_LAST
 2DIAGNOSTIC,     1, -7.449456390367e-01, 1.797693134862e+308, 1.5593e+00, 7.6429e-01, 
 2DIAGNOSTIC,     2, -7.456143909345e-01, 1.797693134862e+308, 1.6029e+00, 4.3592e-02, 
 2DIAGNOSTIC,     3, -7.464280184951e-01, 1.797693134862e+308, 1.6435e+00, 4.0612e-02, 
 2DIAGNOSTIC,     4, -7.478901319103e-01, 1.797693134862e+308, 1.6838e+00, 4.0218e-02, 
 2DIAGNOSTIC,     5, -7.485855066163e-01, 1.797693134862e+308, 1.7260e+00, 4.2254e-02, 
 2DIAGNOSTIC,     6, -7.496046263715e-01, 1.797693134862e+308, 1.7732e+00, 4.7163e-02, 
 2DIAGNOSTIC,     7, -7.496998266754e-01, 1.797693134862e+308, 1.8160e+00, 4.2860e-02, 
 2DIAGNOSTIC,     8, -7.498126834425e-01, 1.797693134862e+308, 1.8505e+00, 3.4502e-02, 
 2DIAGNOSTIC,     9, -7.499457632210e-01, 1.797693134862e+308, 1.8841e+00, 3.3530e-02, 
 2DIAGNOSTIC,    10, -7.502935217755e-01, 4.787712249404e-04, 1.9234e+00, 3.9322e-02, 
 2DIAGNOSTIC,    11, -7.505122862219e-01, 3.586728670396e-04, 1.9828e+00, 5.9438e-02, 
 2DIAGNOSTIC,    12, -7.505311087880e-01, 2.484951025007e-04, 2.0205e+00, 3.7690e-02, 
 2DIAGNOSTIC,    13, -7.505125667329e-01, 1.559801693300e-04, 2.0583e+00, 3.7800e-02, 
 2DIAGNOSTIC,    14, -7.504814436363e-01, 1.014009769786e-04, 2.1048e+00, 4.6484e-02, 
 2DIAGNOSTIC,    15, -7.504786062138e-01, 6.176250465709e-05, 2.1479e+00, 4.3047e-02, 
 2DIAGNOSTIC,    16, -7.504636089887e-01, 4.531441537227e-05, 2.1901e+00, 4.2264e-02, 
 2DIAGNOSTIC,    17, -7.505102864130e-01, 3.004637486463e-05, 2.2349e+00, 4.4794e-02, 
 2DIAGNOSTIC,    18, -7.505420776812e-01, 1.698121265259e-05, 2.2819e+00, 4.6963e-02, 
 2DIAGNOSTIC,    19, -7.505364760879e-01, 6.288826769951e-06, 2.3249e+00, 4.3041e-02, 
 2DIAGNOSTIC,    20, -7.505265824779e-01, 2.554109625241e-06, 2.3650e+00, 4.0122e-02, 
 2DIAGNOSTIC,    21, -7.504854839066e-01, 2.286324607158e-06, 2.4083e+00, 4.3256e-02, 
 2DIAGNOSTIC,    22, -7.505015654306e-01, 2.576559772823e-06, 2.4564e+00, 4.8142e-02, 
 2DIAGNOSTIC,    23, -7.504888427071e-01, 2.200837634816e-06, 2.5052e+00, 4.8781e-02, 
DIAGNOSTIC,Iteration,metricValue,convergenceValue,ITERATION_TIME_INDEX,SINCE_LAST
 2DIAGNOSTIC,     1, -6.293322665330e-01, 1.797693134862e+308, 3.7089e+00, 1.2036e+00, 
 2DIAGNOSTIC,     2, -6.298931967381e-01, 1.797693134862e+308, 4.0252e+00, 3.1635e-01, 
 2DIAGNOSTIC,     3, -6.304758824341e-01, 1.797693134862e+308, 4.3441e+00, 3.1890e-01, 
 2DIAGNOSTIC,     4, -6.311274829998e-01, 1.797693134862e+308, 4.6496e+00, 3.0549e-01, 
 2DIAGNOSTIC,     5, -6.320649617502e-01, 1.797693134862e+308, 4.9357e+00, 2.8609e-01, 
 2DIAGNOSTIC,     6, -6.330834513049e-01, 1.797693134862e+308, 5.6374e+00, 7.0166e-01, 
 2DIAGNOSTIC,     7, -6.330866750156e-01, 1.797693134862e+308, 6.0036e+00, 3.6626e-01, 
 2DIAGNOSTIC,     8, -6.330856724114e-01, 1.797693134862e+308, 6.4030e+00, 3.9934e-01, 
 2DIAGNOSTIC,     9, -6.330855361597e-01, 1.797693134862e+308, 6.8118e+00, 4.0886e-01, 
 2DIAGNOSTIC,    10, -6.330853948899e-01, 4.285890075917e-04, 7.1332e+00, 3.2142e-01, 
 2DIAGNOSTIC,    11, -6.330861114893e-01, 3.023553166853e-04, 7.5005e+00, 3.6727e-01, 
 2DIAGNOSTIC,    12, -6.330846738563e-01, 1.914093034831e-04, 7.8292e+00, 3.2868e-01, 
 2DIAGNOSTIC,    13, -6.330813684340e-01, 1.008766081187e-04, 8.1817e+00, 3.5247e-01, 
 2DIAGNOSTIC,    14, -6.330819731024e-01, 3.483570433936e-05, 8.6071e+00, 4.2545e-01, 
 2DIAGNOSTIC,    15, -6.330798496809e-01, 1.793351524143e-06, 8.9740e+00, 3.6690e-01, 
 2DIAGNOSTIC,    16, -6.330761510026e-01, 1.422286050823e-06, 9.3018e+00, 3.2780e-01, 
 2DIAGNOSTIC,    17, -6.330727911080e-01, 1.147578166105e-06, 9.6610e+00, 3.5922e-01, 
DIAGNOSTIC,Iteration,metricValue,convergenceValue,ITERATION_TIME_INDEX,SINCE_LAST
 2DIAGNOSTIC,     1, -5.645892365125e-01, 1.797693134862e+308, 1.2910e+01, 3.2491e+00, 
 2DIAGNOSTIC,     2, -5.648474833778e-01, 1.797693134862e+308, 1.4975e+01, 2.0646e+00, 
 2DIAGNOSTIC,     3, -5.651018577554e-01, 1.797693134862e+308, 1.7046e+01, 2.0711e+00, 
 2DIAGNOSTIC,     4, -5.654198504903e-01, 1.797693134862e+308, 1.9847e+01, 2.8011e+00, 
 2DIAGNOSTIC,     5, -5.654327885190e-01, 1.797693134862e+308, 2.3457e+01, 3.6097e+00, 
 2DIAGNOSTIC,     6, -5.654326603894e-01, 1.797693134862e+308, 2.5805e+01, 2.3482e+00, 
 2DIAGNOSTIC,     7, -5.654324393868e-01, 1.797693134862e+308, 2.8201e+01, 2.3958e+00, 
 2DIAGNOSTIC,     8, -5.654322832867e-01, 1.797693134862e+308, 3.0543e+01, 2.3421e+00, 
 2DIAGNOSTIC,     9, -5.654323862063e-01, 1.797693134862e+308, 3.2806e+01, 2.2632e+00, 
 2DIAGNOSTIC,    10, -5.654325090823e-01, 8.323285679090e-05, 3.4980e+01, 2.1738e+00, 
 2DIAGNOSTIC,    11, -5.654319975176e-01, 4.320103471117e-05, 3.7331e+01, 2.3510e+00, 
 2DIAGNOSTIC,    12, -5.654319002446e-01, 1.690947814369e-05, 3.9616e+01, 2.2848e+00, 
 2DIAGNOSTIC,    13, -5.654317966638e-01, 2.863418644986e-06, 4.1473e+01, 1.8572e+00, 
 2DIAGNOSTIC,    14, -5.654320186447e-01, 2.200246694201e-06, 4.3531e+01, 2.0582e+00, 
 2DIAGNOSTIC,    15, -5.654320664339e-01, 2.066987913177e-06, 4.5914e+01, 2.3832e+00, 
 2DIAGNOSTIC,    16, -5.654319406304e-01, 1.947822277193e-06, 4.8182e+01, 2.2681e+00, 
 2DIAGNOSTIC,    17, -5.654318091560e-01, 1.836576506174e-06, 5.0118e+01, 1.9360e+00, 
 2DIAGNOSTIC,    18, -5.654316889033e-01, 1.733048960388e-06, 5.2425e+01, 2.3067e+00, 
 2DIAGNOSTIC,    19, -5.654317214631e-01, 1.646803068391e-06, 5.4365e+01, 1.9397e+00, 
 2DIAGNOSTIC,    20, -5.654316286580e-01, 1.572664898114e-06, 5.6428e+01, 2.0628e+00, 
 2DIAGNOSTIC,    21, -5.654315289716e-01, 1.492848049491e-06, 5.8414e+01, 1.9863e+00, 
 2DIAGNOSTIC,    22, -5.654312646139e-01, 1.414362198790e-06, 6.0229e+01, 1.8153e+00, 
 2DIAGNOSTIC,    23, -5.654311689153e-01, 1.341303909691e-06, 6.2222e+01, 1.9932e+00, 
 2DIAGNOSTIC,    24, -5.654312203925e-01, 1.283848757166e-06, 6.4166e+01, 1.9432e+00, 
 2DIAGNOSTIC,    25, -5.654310114638e-01, 1.231568025034e-06, 6.6212e+01, 2.0463e+00, 
 2DIAGNOSTIC,    26, -5.654310079836e-01, 1.184875584551e-06, 6.8852e+01, 2.6399e+00, 
 2DIAGNOSTIC,    27, -5.654307899587e-01, 1.138893830709e-06, 7.1456e+01, 2.6037e+00, 
 2DIAGNOSTIC,    28, -5.654308204751e-01, 1.098328037685e-06, 7.3670e+01, 2.2145e+00, 
 2DIAGNOSTIC,    29, -5.654307034340e-01, 1.062565733026e-06, 7.5652e+01, 1.9816e+00, 
 2DIAGNOSTIC,    30, -5.654306074745e-01, 1.029308803600e-06, 7.7454e+01, 1.8022e+00, 
  Elapsed time (stage 0): 7.8552e+01


Total elapsed time: 7.8554e+01
Info [verificarlo]: loaded backend libinterflop_ieee.so
Info [interflop-ieee]: load backend with:
Info [interflop-ieee]: debug = false
Info [interflop-ieee]: debug-binary = false
Info [interflop-ieee]: no-backend-name = false
Info [interflop-ieee]: print-new-line = false
Info [interflop-ieee]: print-subnormal-normalized = false
Info [interflop-ieee]: count-op = false
All_Command_lines_OK
Using double precision for computations.
=============================================================================
The composite transform comprises the following transforms (in order): 
  1. /home/mdugre/scratch/mri-registration-rp/datasets/ds004513/derivatives/mri-registration-rp/0100/antsRegistration-r7-p19/sub-s017/affine_Composite.h5[0] (type = Euler3DTransform)
  2. /home/mdugre/scratch/mri-registration-rp/datasets/ds004513/derivatives/mri-registration-rp/0100/antsRegistration-r7-p19/sub-s017/affine_Composite.h5[1] (type = Euler3DTransform)
  3. /home/mdugre/scratch/mri-registration-rp/datasets/ds004513/derivatives/mri-registration-rp/0100/antsRegistration-r7-p19/sub-s017/affine_Composite.h5[2] (type = Euler3DTransform)
  4. /home/mdugre/scratch/mri-registration-rp/datasets/ds004513/derivatives/mri-registration-rp/0100/antsRegistration-r7-p19/sub-s017/affine_Composite.h5[3] (type = AffineTransform)
=============================================================================
  number of levels = 4
  fixed image: /templateflow/tpl-MNI152NLin2009cAsym/tpl-MNI152NLin2009cAsym_res-01_desc-brain_T1w.nii.gz
  moving image: /home/mdugre/scratch/mri-registration-rp/datasets/ds004513/derivatives/mri-registration-rp/antsBrainExtraction/sub-s017/BrainExtractionBrain.nii.gz
Dimension = 3
Number of stages = 1
Use histogram matching = false
Winsorize image intensities = true
  Lower quantile = 0.005
  Upper quantile = 0.995


Stage 1 State
   Image metric = CC
     Fixed image = Image (0x4762a40)
  RTTI typeinfo:   itk::Image<double, 3u>
  Reference Count: 2
  Modified Time: 1608
  Debug: Off
  Object Name: 
  Observers: 
    none
  Source: (none)
  Source output name: (none)
  Release Data: Off
  Data Released: False
  Global Release Data: Off
  PipelineMTime: 0
  UpdateMTime: 1217
  RealTimeStamp: 0 seconds 
  LargestPossibleRegion: 
    Dimension: 3
    Index: [0, 0, 0]
    Size: [193, 229, 193]
  BufferedRegion: 
    Dimension: 3
    Index: [0, 0, 0]
    Size: [193, 229, 193]
  RequestedRegion: 
    Dimension: 3
    Index: [0, 0, 0]
    Size: [193, 229, 193]
  Spacing: [1, 1, 1]
  Origin: [96, 132, -78]
