
##########################
# Experiment information #
##########################

EXPERIMENT_NAME: antsRegistration-r7-p7
VFC_BACKENDS: libinterflop_vprec.so --range-binary32=7 --precision-binary32=7 --range-binary64=7 --precision-binary64=7

SIF_IMG: /home/mdugre/projects/rrg-glatard/mdugre/containers/ants-vprec-no_metrics.simg

SUBJECT_ID: s032
INPUT_IMG: /home/mdugre/scratch/mri-registration-rp/datasets/ds004513/derivatives/mri-registration-rp/antsBrainExtraction/sub-s032/BrainExtractionBrain.nii.gz
OUTPUT_DIR: /home/mdugre/scratch/mri-registration-rp/datasets/ds004513/derivatives/mri-registration-rp/0100/antsRegistration-r7-p7/sub-s032

FIXED_IMG: /templateflow/tpl-MNI152NLin2009cAsym/tpl-MNI152NLin2009cAsym_res-01_desc-brain_T1w.nii.gz
DATA_DIR: /home/mdugre/scratch/mri-registration-rp/datasets/ds004513
TEMPLATEFLOW_DIR: /home/mdugre/projects/rrg-glatard/mdugre/templateflow
ITK_GLOBAL_DEFAULT_NUMBER_OF_THREADS: 16
##########################

Info [verificarlo]: loaded backend libinterflop_ieee.so
Info [interflop-ieee]: load backend with:
Info [interflop-ieee]: debug = false
Info [interflop-ieee]: debug-binary = false
Info [interflop-ieee]: no-backend-name = false
Info [interflop-ieee]: print-new-line = false
Info [interflop-ieee]: print-subnormal-normalized = false
Info [interflop-ieee]: count-op = false
All_Command_lines_OK
Using double precision for computations.
=============================================================================
The composite transform comprises the following transforms (in order): 
  1. Center of mass alignment using fixed image: /templateflow/tpl-MNI152NLin2009cAsym/tpl-MNI152NLin2009cAsym_res-01_desc-brain_T1w.nii.gz and moving image: /home/mdugre/scratch/mri-registration-rp/datasets/ds004513/derivatives/mri-registration-rp/antsBrainExtraction/sub-s032/BrainExtractionBrain.nii.gz (type = Euler3DTransform)
=============================================================================
  number of levels = 1
  fixed image: /templateflow/tpl-MNI152NLin2009cAsym/tpl-MNI152NLin2009cAsym_res-01_desc-brain_T1w.nii.gz
  moving image: /home/mdugre/scratch/mri-registration-rp/datasets/ds004513/derivatives/mri-registration-rp/antsBrainExtraction/sub-s032/BrainExtractionBrain.nii.gz
Dimension = 3
Number of stages = 1
Use histogram matching = false
Winsorize image intensities = true
  Lower quantile = 0.005
  Upper quantile = 0.995


Stage 1 State
   Image metric = MattesMI
     Fixed image = Image (0x3839bd0)
  RTTI typeinfo:   itk::Image<double, 3u>
  Reference Count: 2
  Modified Time: 2330
  Debug: Off
  Object Name: 
  Observers: 
    none
  Source: (none)
  Source output name: (none)
  Release Data: Off
  Data Released: False
  Global Release Data: Off
  PipelineMTime: 0
  UpdateMTime: 1941
  RealTimeStamp: 0 seconds 
  LargestPossibleRegion: 
    Dimension: 3
    Index: [0, 0, 0]
    Size: [193, 229, 193]
  BufferedRegion: 
    Dimension: 3
    Index: [0, 0, 0]
    Size: [193, 229, 193]
  RequestedRegion: 
    Dimension: 3
    Index: [0, 0, 0]
    Size: [193, 229, 193]
  Spacing: [1, 1, 1]
  Origin: [96, 132, -78]
  Direction: 
-1 0 0
0 -1 0
0 0 1

  IndexToPointMatrix: 
-1 0 0
0 -1 0
0 0 1

  PointToIndexMatrix: 
-1 0 0
0 -1 0
0 0 1

  Inverse Direction: 
-1 0 0
0 -1 0
0 0 1

  PixelContainer: 
    ImportImageContainer (0x38429e0)
      RTTI typeinfo:   itk::ImportImageContainer<unsigned long, double>
      Reference Count: 1
      Modified Time: 1938
      Debug: Off
      Object Name: 
      Observers: 
        none
      Pointer: 0x150567a35010
      Container manages memory: true
      Size: 8530021
      Capacity: 8530021

     Moving image = Image (0x3843d40)
  RTTI typeinfo:   itk::Image<double, 3u>
  Reference Count: 2
  Modified Time: 2331
  Debug: Off
  Object Name: 
  Observers: 
    none
  Source: (none)
  Source output name: (none)
  Release Data: Off
  Data Released: False
  Global Release Data: Off
  PipelineMTime: 0
  UpdateMTime: 2328
  RealTimeStamp: 0 seconds 
  LargestPossibleRegion: 
    Dimension: 3
    Index: [0, 0, 0]
    Size: [160, 240, 256]
  BufferedRegion: 
    Dimension: 3
    Index: [0, 0, 0]
    Size: [160, 240, 256]
  RequestedRegion: 
    Dimension: 3
    Index: [0, 0, 0]
    Size: [160, 240, 256]
  Spacing: [1, 1, 1]
  Origin: [73.279, 104.707, -131.187]
  Direction: 
-0.997527 0.0645574 -0.0278053
-0.0645323 -0.997914 -0.00179875
-0.0278634 4.01097e-08 0.999612

  IndexToPointMatrix: 
-0.997527 0.0645574 -0.0278053
-0.0645323 -0.997914 -0.00179875
-0.0278634 4.01097e-08 0.999612

  PointToIndexMatrix: 
-0.997527 -0.0645323 -0.0278634
0.0645574 -0.997914 4.01049e-08
-0.0278053 -0.00179875 0.999612

  Inverse Direction: 
-0.997527 -0.0645323 -0.0278634
0.0645574 -0.997914 4.01049e-08
-0.0278053 -0.00179875 0.999612

  PixelContainer: 
    ImportImageContainer (0x3869850)
      RTTI typeinfo:   itk::ImportImageContainer<unsigned long, double>
      Reference Count: 1
      Modified Time: 2325
      Debug: Off
      Object Name: 
      Observers: 
        none
      Pointer: 0x150562f34010
      Container manages memory: true
      Size: 9830400
      Capacity: 9830400

     Weighting = 1
     Sampling strategy = regular
     Number of bins = 32
     Radius = 4
     Sampling percentage  = 0.25
   Transform = Rigid
     Gradient step = 0.1
     Update field sigma (voxel space) = 0
     Total field sigma (voxel space) = 0
     Update field time sigma = 0
     Total field time sigma  = 0
     Number of time indices = 0
     Number of time point samples = 0
Registration using 1 total stages.

Stage 0
  iterations = 0
  convergence threshold = 1e-06
  convergence window size = 10
  number of levels = 1
  using the Mattes MI metric (number of bins = 32, weight = 1, use gradient filter = 0)
  preprocessing:  winsorizing the image intensities
  Shrink factors (level 1 out of 1): [1, 1, 1]
  smoothing sigmas per level: [0]
  regular sampling (percentage = 0.25)

*** Running Euler3DTransform registration ***

  Elapsed time (stage 0): 1.17614


Total elapsed time: 1.17854
Info [verificarlo]: loaded backend libinterflop_vprec.so
Info [interflop-vprec]: load backend with: 
Info [interflop-vprec]: precision-binary32 = 7
Info [interflop-vprec]: range-binary32 = 7
Info [interflop-vprec]: precision-binary64 = 7
Info [interflop-vprec]: range-binary64 = 7
Info [interflop-vprec]: mode = ob
Info [interflop-vprec]: error-mode = rel
Info [interflop-vprec]: max-abs-error-exponent = -1022
Info [interflop-vprec]: daz = false
Info [interflop-vprec]: ftz = false
Info [interflop-vprec]: 	instrument = none
Info [interflop-vprec]: 	prec-input-file = (null)
Info [interflop-vprec]: 	prec-output-file = (null)
Info [interflop-vprec]: 	prec-log-file = (null)
All_Command_lines_OK
Using double precision for computations.
=============================================================================
The composite transform comprises the following transforms (in order): 
  1. /home/mdugre/scratch/mri-registration-rp/datasets/ds004513/derivatives/mri-registration-rp/0100/antsRegistration-r7-p7/sub-s032/align_Composite.h5[0] (type = Euler3DTransform)
  2. /home/mdugre/scratch/mri-registration-rp/datasets/ds004513/derivatives/mri-registration-rp/0100/antsRegistration-r7-p7/sub-s032/align_Composite.h5[1] (type = Euler3DTransform)
=============================================================================
  number of levels = 4
  fixed image: /templateflow/tpl-MNI152NLin2009cAsym/tpl-MNI152NLin2009cAsym_res-01_desc-brain_T1w.nii.gz
  moving image: /home/mdugre/scratch/mri-registration-rp/datasets/ds004513/derivatives/mri-registration-rp/antsBrainExtraction/sub-s032/BrainExtractionBrain.nii.gz
Dimension = 3
Number of stages = 1
Use histogram matching = false
Winsorize image intensities = true
  Lower quantile = 0.005
  Upper quantile = 0.995


Stage 1 State
   Image metric = MattesMI
     Fixed image = Image (0x36af1e0)
  RTTI typeinfo:   itk::Image<double, 3u>
  Reference Count: 2
  Modified Time: 1578
  Debug: Off
  Object Name: 
  Observers: 
    none
  Source: (none)
  Source output name: (none)
  Release Data: Off
  Data Released: False
  Global Release Data: Off
  PipelineMTime: 0
  UpdateMTime: 1189
  RealTimeStamp: 0 seconds 
  LargestPossibleRegion: 
    Dimension: 3
    Index: [0, 0, 0]
    Size: [193, 229, 193]
  BufferedRegion: 
    Dimension: 3
    Index: [0, 0, 0]
    Size: [193, 229, 193]
  RequestedRegion: 
    Dimension: 3
    Index: [0, 0, 0]
    Size: [193, 229, 193]
  Spacing: [1, 1, 1]
  Origin: [96, 132, -78]
  Direction: 
-1 0 0
0 -1 0
0 0 1

  IndexToPointMatrix: 
-1 0 0
0 -1 0
0 0 1

  PointToIndexMatrix: 
-1 0 0
0 -1 0
0 0 1

  Inverse Direction: 
-1 0 0
0 -1 0
0 0 1

  PixelContainer: 
    ImportImageContainer (0x376e680)
      RTTI typeinfo:   itk::ImportImageContainer<unsigned long, double>
      Reference Count: 1
      Modified Time: 1186
      Debug: Off
      Object Name: 
      Observers: 
        none
      Pointer: 0x14daac9dc010
      Container manages memory: true
      Size: 8530021
      Capacity: 8530021

     Moving image = Image (0x376ab20)
  RTTI typeinfo:   itk::Image<double, 3u>
  Reference Count: 2
  Modified Time: 1579
  Debug: Off
  Object Name: 
  Observers: 
    none
  Source: (none)
  Source output name: (none)
  Release Data: Off
  Data Released: False
  Global Release Data: Off
  PipelineMTime: 0
  UpdateMTime: 1576
  RealTimeStamp: 0 seconds 
  LargestPossibleRegion: 
    Dimension: 3
    Index: [0, 0, 0]
    Size: [160, 240, 256]
  BufferedRegion: 
    Dimension: 3
    Index: [0, 0, 0]
    Size: [160, 240, 256]
  RequestedRegion: 
    Dimension: 3
    Index: [0, 0, 0]
    Size: [160, 240, 256]
  Spacing: [1, 1, 1]
  Origin: [73.5, 104.5, -131]
  Direction: 
-0.996094 0.0639648 -0.027832
-0.0639648 -0.996094 -0.00180054
-0.02771 0 1

  IndexToPointMatrix: 
-0.996094 0.0639648 -0.027832
-0.0639648 -0.996094 -0.00180054
-0.02771 0 1

  PointToIndexMatrix: 
-1 -0.0639648 -0.02771
0.0639648 -0.992188 0
-0.0275879 -0.00195312 0.996094

  Inverse Direction: 
-1 -0.0639648 -0.02771
0.0639648 -0.992188 0
-0.0275879 -0.00195312 0.996094

  PixelContainer: 
    ImportImageContainer (0x37d3d50)
      RTTI typeinfo:   itk::ImportImageContainer<unsigned long, double>
      Reference Count: 1
      Modified Time: 1573
      Debug: Off
      Object Name: 
      Observers: 
        none
      Pointer: 0x14daa7edb010
      Container manages memory: true
      Size: 9830400
      Capacity: 9830400

     Weighting = 1
     Sampling strategy = regular
     Number of bins = 32
     Radius = 4
     Sampling percentage  = 0.25
   Transform = Rigid
     Gradient step = 0.1
     Update field sigma (voxel space) = 0
     Total field sigma (voxel space) = 0
     Update field time sigma = 0
     Total field time sigma  = 0
     Number of time indices = 0
     Number of time point samples = 0
Registration using 1 total stages.

Stage 0
  iterations = 1000x500x250x100
  convergence threshold = 1e-06
  convergence window size = 10
  number of levels = 4
  using the Mattes MI metric (number of bins = 32, weight = 1, use gradient filter = 0)
  preprocessing:  winsorizing the image intensities
  Shrink factors (level 1 out of 4): [8, 8, 8]
  Shrink factors (level 2 out of 4): [4, 4, 4]
  Shrink factors (level 3 out of 4): [2, 2, 2]
  Shrink factors (level 4 out of 4): [1, 1, 1]
  smoothing sigmas per level: [3, 2, 1, 0]
  regular sampling (percentage = 0.25)

*** Running Euler3DTransform registration ***

DIAGNOSTIC,Iteration,metricValue,convergenceValue,ITERATION_TIME_INDEX,SINCE_LAST
 2DIAGNOSTIC,     1, -5.478470593968e-01, 1.797693134862e+308, 0.0000e+00, 0.0000e+00, 
 2DIAGNOSTIC,     2, -5.480525711629e-01, 1.797693134862e+308, 0.0000e+00, 0.0000e+00, 
 2DIAGNOSTIC,     3, -5.480366266921e-01, 1.797693134862e+308, 0.0000e+00, 0.0000e+00, 
 2DIAGNOSTIC,     4, -5.482803045810e-01, 1.797693134862e+308, 0.0000e+00, 0.0000e+00, 
 2DIAGNOSTIC,     5, -5.482760530218e-01, 1.797693134862e+308, 0.0000e+00, 0.0000e+00, 
 2DIAGNOSTIC,     6, -5.482544876379e-01, 1.797693134862e+308, 0.0000e+00, 0.0000e+00, 
 2DIAGNOSTIC,     7, -5.482544876379e-01, 1.797693134862e+308, 0.0000e+00, 0.0000e+00, 
 2DIAGNOSTIC,     8, -5.482544876379e-01, 1.797693134862e+308, 0.0000e+00, 0.0000e+00, 
 2DIAGNOSTIC,     9, -5.482544876379e-01, 1.797693134862e+308, 0.0000e+00, 0.0000e+00, 
 2DIAGNOSTIC,    10, -5.482544876379e-01, 3.735287031664e-05, 0.0000e+00, 0.0000e+00, 
 2DIAGNOSTIC,    11, -5.482544876379e-01, 1.715232901073e-05, 0.0000e+00, 0.0000e+00, 
 2DIAGNOSTIC,    12, -5.482544876379e-01, 7.772477450665e-06, 0.0000e+00, 0.0000e+00, 
DIAGNOSTIC,Iteration,metricValue,convergenceValue,ITERATION_TIME_INDEX,SINCE_LAST
 2DIAGNOSTIC,     1, -4.384315447991e-01, 1.797693134862e+308, 0.0000e+00, 0.0000e+00, 
 2DIAGNOSTIC,     2, -4.391648962507e-01, 1.797693134862e+308, 0.0000e+00, 0.0000e+00, 
 2DIAGNOSTIC,     3, -4.391615135786e-01, 1.797693134862e+308, 0.0000e+00, 0.0000e+00, 
 2DIAGNOSTIC,     4, -4.391149490833e-01, 1.797693134862e+308, 0.0000e+00, 0.0000e+00, 
 2DIAGNOSTIC,     5, -4.390254821549e-01, 1.797693134862e+308, 0.0000e+00, 0.0000e+00, 
 2DIAGNOSTIC,     6, -4.389576008581e-01, 1.797693134862e+308, 0.0000e+00, 0.0000e+00, 
 2DIAGNOSTIC,     7, -4.402566659037e-01, 1.797693134862e+308, 0.0000e+00, 0.0000e+00, 
 2DIAGNOSTIC,     8, -4.402202478620e-01, 1.797693134862e+308, 0.0000e+00, 0.0000e+00, 
 2DIAGNOSTIC,     9, -4.402088157080e-01, 1.797693134862e+308, 0.0000e+00, 0.0000e+00, 
 2DIAGNOSTIC,    10, -4.401704059591e-01, 2.530493803615e-04, 0.0000e+00, 0.0000e+00, 
 2DIAGNOSTIC,    11, -4.400888880087e-01, 1.963424978995e-04, 0.0000e+00, 0.0000e+00, 
 2DIAGNOSTIC,    12, -4.401439460084e-01, 1.731089748409e-04, 0.0000e+00, 0.0000e+00, 
 2DIAGNOSTIC,    13, -4.401046712875e-01, 1.350901505913e-04, 0.0000e+00, 0.0000e+00, 
 2DIAGNOSTIC,    14, -4.401219356399e-01, 9.008885328823e-05, 0.0000e+00, 0.0000e+00, 
 2DIAGNOSTIC,    15, -4.401107901122e-01, 3.918851184763e-05, 0.0000e+00, 0.0000e+00, 
DIAGNOSTIC,Iteration,metricValue,convergenceValue,ITERATION_TIME_INDEX,SINCE_LAST
 2DIAGNOSTIC,     1, -3.918688107175e-01, 1.797693134862e+308, 0.0000e+00, 0.0000e+00, 
 2DIAGNOSTIC,     2, -3.919470070568e-01, 1.797693134862e+308, 0.0000e+00, 0.0000e+00, 
 2DIAGNOSTIC,     3, -3.921363127864e-01, 1.797693134862e+308, 0.0000e+00, 0.0000e+00, 
 2DIAGNOSTIC,     4, -3.921446056464e-01, 1.797693134862e+308, 0.0000e+00, 0.0000e+00, 
 2DIAGNOSTIC,     5, -3.924538113149e-01, 1.797693134862e+308, 0.0000e+00, 0.0000e+00, 
 2DIAGNOSTIC,     6, -3.925552999469e-01, 1.797693134862e+308, 0.0000e+00, 0.0000e+00, 
 2DIAGNOSTIC,     7, -3.925040971451e-01, 1.797693134862e+308, 0.0000e+00, 0.0000e+00, 
 2DIAGNOSTIC,     8, -3.926178121792e-01, 1.797693134862e+308, 0.0000e+00, 0.0000e+00, 
 2DIAGNOSTIC,     9, -3.932846148484e-01, 1.797693134862e+308, 0.0000e+00, 0.0000e+00, 
 2DIAGNOSTIC,    10, -3.933365494041e-01, 2.285834775980e-04, 0.0000e+00, 0.0000e+00, 
 2DIAGNOSTIC,    11, -3.932789225684e-01, 2.136575077278e-04, 0.0000e+00, 0.0000e+00, 
 2DIAGNOSTIC,    12, -3.932938789853e-01, 1.885113184849e-04, 0.0000e+00, 0.0000e+00, 
 2DIAGNOSTIC,    13, -3.932515963237e-01, 1.583377826073e-04, 0.0000e+00, 0.0000e+00, 
 2DIAGNOSTIC,    14, -3.933169387723e-01, 1.210182232608e-04, 0.0000e+00, 0.0000e+00, 
 2DIAGNOSTIC,    15, -3.932949514923e-01, 9.108844335291e-05, 0.0000e+00, 0.0000e+00, 
 2DIAGNOSTIC,    16, -3.932664761775e-01, 6.053833252091e-05, 0.0000e+00, 0.0000e+00, 
 2DIAGNOSTIC,    17, -3.932366698216e-01, 2.485215939518e-05, 0.0000e+00, 0.0000e+00, 
DIAGNOSTIC,Iteration,metricValue,convergenceValue,ITERATION_TIME_INDEX,SINCE_LAST
 2DIAGNOSTIC,     1, -3.631055486789e-01, 1.797693134862e+308, 0.0000e+00, 0.0000e+00, 
 2DIAGNOSTIC,     2, -3.632460528142e-01, 1.797693134862e+308, 0.0000e+00, 0.0000e+00, 
 2DIAGNOSTIC,     3, -3.638405990081e-01, 1.797693134862e+308, 0.0000e+00, 0.0000e+00, 
 2DIAGNOSTIC,     4, -3.647197428854e-01, 1.797693134862e+308, 0.0000e+00, 0.0000e+00, 
 2DIAGNOSTIC,     5, -3.657613870378e-01, 1.797693134862e+308, 0.0000e+00, 0.0000e+00, 
 2DIAGNOSTIC,     6, -3.661713193157e-01, 1.797693134862e+308, 0.0000e+00, 0.0000e+00, 
 2DIAGNOSTIC,     7, -3.702740720180e-01, 1.797693134862e+308, 0.0000e+00, 0.0000e+00, 
 2DIAGNOSTIC,     8, -3.726960456901e-01, 1.797693134862e+308, 0.0000e+00, 0.0000e+00, 
 2DIAGNOSTIC,     9, -3.768056447542e-01, 1.797693134862e+308, 0.0000e+00, 0.0000e+00, 
 2DIAGNOSTIC,    10, -3.906506660954e-01, 3.707084364627e-03, 0.0000e+00, 0.0000e+00, 
 2DIAGNOSTIC,    11, -4.131664126207e-01, 5.922893471605e-03, 0.0000e+00, 0.0000e+00, 
 2DIAGNOSTIC,    12, -4.508478423828e-01, 9.473187674542e-03, 0.0000e+00, 0.0000e+00, 
 2DIAGNOSTIC,    13, -4.496924147470e-01, 1.147618923176e-02, 0.0000e+00, 0.0000e+00, 
 2DIAGNOSTIC,    14, -4.538875820603e-01, 1.240941528941e-02, 0.0000e+00, 0.0000e+00, 
 2DIAGNOSTIC,    15, -4.548585446992e-01, 1.218667589184e-02, 0.0000e+00, 0.0000e+00, 
 2DIAGNOSTIC,    16, -4.555637379000e-01, 1.090834639042e-02, 0.0000e+00, 0.0000e+00, 
 2DIAGNOSTIC,    17, -4.553461334388e-01, 8.953750307091e-03, 0.0000e+00, 0.0000e+00, 
 2DIAGNOSTIC,    18, -4.547947145696e-01, 6.502804096196e-03, 0.0000e+00, 0.0000e+00, 
 2DIAGNOSTIC,    19, -4.558914711250e-01, 3.950055881484e-03, 0.0000e+00, 0.0000e+00, 
 2DIAGNOSTIC,    20, -4.556458488297e-01, 1.775320811992e-03, 0.0000e+00, 0.0000e+00, 
 2DIAGNOSTIC,    21, -4.557343644707e-01, 3.751880495033e-04, 0.0000e+00, 0.0000e+00, 
 2DIAGNOSTIC,    22, -4.557418103003e-01, 2.580678857274e-04, 0.0000e+00, 0.0000e+00, 
 2DIAGNOSTIC,    23, -4.556865390116e-01, 8.933895153854e-05, 0.0000e+00, 0.0000e+00, 
 2DIAGNOSTIC,    24, -4.556572564512e-01, 4.484667520677e-05, 0.0000e+00, 0.0000e+00, 
 2DIAGNOSTIC,    25, -4.556530425270e-01, 2.524388591361e-05, 0.0000e+00, 0.0000e+00, 
 2DIAGNOSTIC,    26, -4.556530425270e-01, 2.373440565301e-05, 0.0000e+00, 0.0000e+00, 
 2DIAGNOSTIC,    27, -4.556530425270e-01, 1.519666750821e-05, 0.0000e+00, 0.0000e+00, 
  Elapsed time (stage 0): 0.0000e+00


Total elapsed time: 0.0000e+00
Info [verificarlo]: loaded backend libinterflop_ieee.so
Info [interflop-ieee]: load backend with:
Info [interflop-ieee]: debug = false
Info [interflop-ieee]: debug-binary = false
Info [interflop-ieee]: no-backend-name = false
Info [interflop-ieee]: print-new-line = false
Info [interflop-ieee]: print-subnormal-normalized = false
Info [interflop-ieee]: count-op = false
All_Command_lines_OK
Using double precision for computations.
=============================================================================
The composite transform comprises the following transforms (in order): 
  1. /home/mdugre/scratch/mri-registration-rp/datasets/ds004513/derivatives/mri-registration-rp/0100/antsRegistration-r7-p7/sub-s032/rigid_Composite.h5[0] (type = Euler3DTransform)
  2. /home/mdugre/scratch/mri-registration-rp/datasets/ds004513/derivatives/mri-registration-rp/0100/antsRegistration-r7-p7/sub-s032/rigid_Composite.h5[1] (type = Euler3DTransform)
  3. /home/mdugre/scratch/mri-registration-rp/datasets/ds004513/derivatives/mri-registration-rp/0100/antsRegistration-r7-p7/sub-s032/rigid_Composite.h5[2] (type = Euler3DTransform)
=============================================================================
  number of levels = 4
  fixed image: /templateflow/tpl-MNI152NLin2009cAsym/tpl-MNI152NLin2009cAsym_res-01_desc-brain_T1w.nii.gz
  moving image: /home/mdugre/scratch/mri-registration-rp/datasets/ds004513/derivatives/mri-registration-rp/antsBrainExtraction/sub-s032/BrainExtractionBrain.nii.gz
Dimension = 3
Number of stages = 1
Use histogram matching = false
Winsorize image intensities = true
  Lower quantile = 0.005
  Upper quantile = 0.995


Stage 1 State
   Image metric = MattesMI
     Fixed image = Image (0x3f05530)
  RTTI typeinfo:   itk::Image<double, 3u>
  Reference Count: 2
  Modified Time: 1592
  Debug: Off
  Object Name: 
  Observers: 
    none
  Source: (none)
  Source output name: (none)
  Release Data: Off
  Data Released: False
  Global Release Data: Off
  PipelineMTime: 0
  UpdateMTime: 1203
  RealTimeStamp: 0 seconds 
  LargestPossibleRegion: 
    Dimension: 3
    Index: [0, 0, 0]
    Size: [193, 229, 193]
  BufferedRegion: 
    Dimension: 3
    Index: [0, 0, 0]
    Size: [193, 229, 193]
  RequestedRegion: 
    Dimension: 3
    Index: [0, 0, 0]
    Size: [193, 229, 193]
  Spacing: [1, 1, 1]
  Origin: [96, 132, -78]
  Direction: 
-1 0 0
0 -1 0
0 0 1

  IndexToPointMatrix: 
-1 0 0
0 -1 0
0 0 1

  PointToIndexMatrix: 
-1 0 0
0 -1 0
0 0 1

  Inverse Direction: 
-1 0 0
0 -1 0
0 0 1

  PixelContainer: 
    ImportImageContainer (0x3f122b0)
      RTTI typeinfo:   itk::ImportImageContainer<unsigned long, double>
      Reference Count: 1
      Modified Time: 1200
      Debug: Off
      Object Name: 
      Observers: 
        none
      Pointer: 0x149517be5010
      Container manages memory: true
      Size: 8530021
      Capacity: 8530021

     Moving image = Image (0x3fc0fd0)
  RTTI typeinfo:   itk::Image<double, 3u>
  Reference Count: 2
  Modified Time: 1593
  Debug: Off
  Object Name: 
  Observers: 
    none
  Source: (none)
  Source output name: (none)
  Release Data: Off
  Data Released: False
  Global Release Data: Off
  PipelineMTime: 0
  UpdateMTime: 1590
  RealTimeStamp: 0 seconds 
  LargestPossibleRegion: 
    Dimension: 3
    Index: [0, 0, 0]
    Size: [160, 240, 256]
  BufferedRegion: 
    Dimension: 3
    Index: [0, 0, 0]
    Size: [160, 240, 256]
  RequestedRegion: 
    Dimension: 3
    Index: [0, 0, 0]
    Size: [160, 240, 256]
  Spacing: [1, 1, 1]
  Origin: [73.279, 104.707, -131.187]
  Direction: 
-0.997527 0.0645574 -0.0278053
-0.0645323 -0.997914 -0.00179875
-0.0278634 4.01097e-08 0.999612

  IndexToPointMatrix: 
-0.997527 0.0645574 -0.0278053
-0.0645323 -0.997914 -0.00179875
-0.0278634 4.01097e-08 0.999612

  PointToIndexMatrix: 
-0.997527 -0.0645323 -0.0278634
0.0645574 -0.997914 4.01049e-08
-0.0278053 -0.00179875 0.999612

  Inverse Direction: 
-0.997527 -0.0645323 -0.0278634
0.0645574 -0.997914 4.01049e-08
-0.0278053 -0.00179875 0.999612

  PixelContainer: 
    ImportImageContainer (0x3fd8990)
      RTTI typeinfo:   itk::ImportImageContainer<unsigned long, double>
      Reference Count: 1
      Modified Time: 1587
      Debug: Off
      Object Name: 
      Observers: 
        none
      Pointer: 0x1495130e4010
      Container manages memory: true
      Size: 9830400
      Capacity: 9830400

     Weighting = 1
     Sampling strategy = regular
     Number of bins = 32
     Radius = 4
     Sampling percentage  = 0.25
   Transform = Affine
     Gradient step = 0.1
     Update field sigma (voxel space) = 0
     Total field sigma (voxel space) = 0
     Update field time sigma = 0
     Total field time sigma  = 0
     Number of time indices = 0
     Number of time point samples = 0
Registration using 1 total stages.

Stage 0
  iterations = 1000x500x250x100
  convergence threshold = 1e-06
  convergence window size = 10
  number of levels = 4
  using the Mattes MI metric (number of bins = 32, weight = 1, use gradient filter = 0)
  preprocessing:  winsorizing the image intensities
  Shrink factors (level 1 out of 4): [8, 8, 8]
  Shrink factors (level 2 out of 4): [4, 4, 4]
  Shrink factors (level 3 out of 4): [2, 2, 2]
  Shrink factors (level 4 out of 4): [1, 1, 1]
  smoothing sigmas per level: [3, 2, 1, 0]
  regular sampling (percentage = 0.25)

*** Running AffineTransform registration ***

DIAGNOSTIC,Iteration,metricValue,convergenceValue,ITERATION_TIME_INDEX,SINCE_LAST
 2DIAGNOSTIC,     1, -6.821285386952e-01, 1.797693134862e+308, 8.4465e-01, 8.4465e-01, 
 2DIAGNOSTIC,     2, -6.839971303819e-01, 1.797693134862e+308, 8.5089e-01, 6.2330e-03, 
 2DIAGNOSTIC,     3, -6.869325239036e-01, 1.797693134862e+308, 8.5702e-01, 6.1309e-03, 
 2DIAGNOSTIC,     4, -6.915690547396e-01, 1.797693134862e+308, 8.6288e-01, 5.8620e-03, 
 2DIAGNOSTIC,     5, -6.974123535075e-01, 1.797693134862e+308, 8.6784e-01, 4.9610e-03, 
 2DIAGNOSTIC,     6, -7.057038081747e-01, 1.797693134862e+308, 8.7357e-01, 5.7302e-03, 
 2DIAGNOSTIC,     7, -7.179432571515e-01, 1.797693134862e+308, 8.7917e-01, 5.6019e-03, 
 2DIAGNOSTIC,     8, -7.211150268898e-01, 1.797693134862e+308, 8.8486e-01, 5.6870e-03, 
 2DIAGNOSTIC,     9, -7.257612129288e-01, 1.797693134862e+308, 8.9006e-01, 5.1990e-03, 
 2DIAGNOSTIC,    10, -7.310209197269e-01, 4.968669667184e-03, 8.9717e-01, 7.1099e-03, 
 2DIAGNOSTIC,    11, -7.327582374204e-01, 4.548447590771e-03, 9.0241e-01, 5.2450e-03, 
 2DIAGNOSTIC,    12, -7.342292049579e-01, 3.902029380399e-03, 9.0813e-01, 5.7170e-03, 
 2DIAGNOSTIC,    13, -7.357873878024e-01, 3.145407008932e-03, 9.1331e-01, 5.1792e-03, 
 2DIAGNOSTIC,    14, -7.368018413476e-01, 2.376882509545e-03, 9.2072e-01, 7.4069e-03, 
 2DIAGNOSTIC,    15, -7.373438605492e-01, 1.663259969489e-03, 9.2598e-01, 5.2629e-03, 
 2DIAGNOSTIC,    16, -7.375283689157e-01, 1.093004285392e-03, 9.3173e-01, 5.7521e-03, 
 2DIAGNOSTIC,    17, -7.376803703208e-01, 7.809603234770e-04, 9.3684e-01, 5.1079e-03, 
 2DIAGNOSTIC,    18, -7.381168916809e-01, 5.103839441008e-04, 9.4319e-01, 6.3519e-03, 
 2DIAGNOSTIC,    19, -7.384379241829e-01, 3.223325106866e-04, 9.4889e-01, 5.7018e-03, 
 2DIAGNOSTIC,    20, -7.384167447050e-01, 2.266855688925e-04, 9.5457e-01, 5.6810e-03, 
 2DIAGNOSTIC,    21, -7.383890748956e-01, 1.514783059807e-04, 9.5970e-01, 5.1310e-03, 
 2DIAGNOSTIC,    22, -7.383789022098e-01, 9.500332127977e-05, 9.6549e-01, 5.7871e-03, 
 2DIAGNOSTIC,    23, -7.384148921619e-01, 6.155708242322e-05, 9.7074e-01, 5.2531e-03, 
 2DIAGNOSTIC,    24, -7.382611456655e-01, 3.909284489877e-05, 9.7600e-01, 5.2600e-03, 
 2DIAGNOSTIC,    25, -7.382235979410e-01, 2.295924226751e-05, 9.8109e-01, 5.0812e-03, 
 2DIAGNOSTIC,    26, -7.383064850067e-01, 1.018624355122e-05, 9.8678e-01, 5.6989e-03, 
 2DIAGNOSTIC,    27, -7.384160449474e-01, 1.126001420840e-06, 9.9245e-01, 5.6651e-03, 
DIAGNOSTIC,Iteration,metricValue,convergenceValue,ITERATION_TIME_INDEX,SINCE_LAST
 2DIAGNOSTIC,     1, -5.989565311377e-01, 1.797693134862e+308, 1.7797e+00, 7.8727e-01, 
 2DIAGNOSTIC,     2, -5.994837817174e-01, 1.797693134862e+308, 1.8151e+00, 3.5385e-02, 
 2DIAGNOSTIC,     3, -6.002612216413e-01, 1.797693134862e+308, 1.8517e+00, 3.6643e-02, 
 2DIAGNOSTIC,     4, -6.012880048719e-01, 1.797693134862e+308, 1.8881e+00, 3.6348e-02, 
 2DIAGNOSTIC,     5, -6.022536055329e-01, 1.797693134862e+308, 1.9236e+00, 3.5489e-02, 
 2DIAGNOSTIC,     6, -6.037183107451e-01, 1.797693134862e+308, 1.9731e+00, 4.9546e-02, 
 2DIAGNOSTIC,     7, -6.047018652270e-01, 1.797693134862e+308, 2.0114e+00, 3.8237e-02, 
 2DIAGNOSTIC,     8, -6.052311240822e-01, 1.797693134862e+308, 2.0503e+00, 3.8938e-02, 
 2DIAGNOSTIC,     9, -6.053966200287e-01, 1.797693134862e+308, 2.0871e+00, 3.6830e-02, 
 2DIAGNOSTIC,    10, -6.058689155839e-01, 8.238236908147e-04, 2.1286e+00, 4.1482e-02, 
 2DIAGNOSTIC,    11, -6.063811135076e-01, 6.984064375858e-04, 2.2374e+00, 1.0879e-01, 
 2DIAGNOSTIC,    12, -6.063810833337e-01, 5.513993336488e-04, 2.2714e+00, 3.3988e-02, 
 2DIAGNOSTIC,    13, -6.063811439511e-01, 4.059933735237e-04, 2.3156e+00, 4.4222e-02, 
 2DIAGNOSTIC,    14, -6.063812464182e-01, 2.795993110615e-04, 2.3618e+00, 4.6195e-02, 
 2DIAGNOSTIC,    15, -6.063814195231e-01, 1.741100229170e-04, 2.3964e+00, 3.4612e-02, 
 2DIAGNOSTIC,    16, -6.063817116836e-01, 1.082991619147e-04, 2.4336e+00, 3.7196e-02, 
 2DIAGNOSTIC,    17, -6.063822048504e-01, 6.749661351578e-05, 2.4695e+00, 3.5883e-02, 
 2DIAGNOSTIC,    18, -6.063830363624e-01, 3.927450022446e-05, 2.5026e+00, 3.3145e-02, 
 2DIAGNOSTIC,    19, -6.063844327787e-01, 1.450542932496e-05, 2.5374e+00, 3.4733e-02, 
 2DIAGNOSTIC,    20, -6.063867652529e-01, 1.839828864973e-06, 2.5759e+00, 3.8514e-02, 
 2DIAGNOSTIC,    21, -6.063900580263e-01, 1.898725844336e-06, 2.6112e+00, 3.5358e-02, 
 2DIAGNOSTIC,    22, -6.063672362259e-01, 1.427506323294e-06, 2.6467e+00, 3.5496e-02, 
DIAGNOSTIC,Iteration,metricValue,convergenceValue,ITERATION_TIME_INDEX,SINCE_LAST
 2DIAGNOSTIC,     1, -5.409894500226e-01, 1.797693134862e+308, 3.8101e+00, 1.1633e+00, 
 2DIAGNOSTIC,     2, -5.412791119705e-01, 1.797693134862e+308, 4.0739e+00, 2.6380e-01, 
 2DIAGNOSTIC,     3, -5.417503532226e-01, 1.797693134862e+308, 4.3269e+00, 2.5306e-01, 
 2DIAGNOSTIC,     4, -5.424824287867e-01, 1.797693134862e+308, 4.5689e+00, 2.4193e-01, 
 2DIAGNOSTIC,     5, -5.446603923036e-01, 1.797693134862e+308, 5.1349e+00, 5.6606e-01, 
 2DIAGNOSTIC,     6, -5.446617080221e-01, 1.797693134862e+308, 5.4452e+00, 3.1024e-01, 
 2DIAGNOSTIC,     7, -5.446612733016e-01, 1.797693134862e+308, 5.7237e+00, 2.7855e-01, 
 2DIAGNOSTIC,     8, -5.446560017734e-01, 1.797693134862e+308, 6.1230e+00, 3.9927e-01, 
 2DIAGNOSTIC,     9, -5.446565811954e-01, 1.797693134862e+308, 6.4386e+00, 3.1558e-01, 
 2DIAGNOSTIC,    10, -5.446556507337e-01, 5.091227575298e-04, 6.7209e+00, 2.8228e-01, 
 2DIAGNOSTIC,    11, -5.446534705052e-01, 3.564050768283e-04, 7.0038e+00, 2.8298e-01, 
 2DIAGNOSTIC,    12, -5.446526394054e-01, 2.114260407870e-04, 7.2958e+00, 2.9196e-01, 
 2DIAGNOSTIC,    13, -5.446490331013e-01, 8.896059369480e-05, 7.5795e+00, 2.8371e-01, 
 2DIAGNOSTIC,    14, -5.446499937477e-01, 1.198013323878e-06, 7.8652e+00, 2.8566e-01, 
 2DIAGNOSTIC,    15, -5.446472626283e-01, 1.030114642420e-06, 8.1166e+00, 2.5141e-01, 
DIAGNOSTIC,Iteration,metricValue,convergenceValue,ITERATION_TIME_INDEX,SINCE_LAST
 2DIAGNOSTIC,     1, -5.004008747316e-01, 1.797693134862e+308, 1.0997e+01, 2.8804e+00, 
 2DIAGNOSTIC,     2, -5.004073783909e-01, 1.797693134862e+308, 1.4237e+01, 3.2405e+00, 
 2DIAGNOSTIC,     3, -5.004076105096e-01, 1.797693134862e+308, 1.6008e+01, 1.7702e+00, 
 2DIAGNOSTIC,     4, -5.004073582605e-01, 1.797693134862e+308, 1.8141e+01, 2.1337e+00, 
 2DIAGNOSTIC,     5, -5.004074544546e-01, 1.797693134862e+308, 2.0321e+01, 2.1799e+00, 
 2DIAGNOSTIC,     6, -5.004072765005e-01, 1.797693134862e+308, 2.2211e+01, 1.8901e+00, 
 2DIAGNOSTIC,     7, -5.004072022970e-01, 1.797693134862e+308, 2.4206e+01, 1.9942e+00, 
 2DIAGNOSTIC,     8, -5.004071076880e-01, 1.797693134862e+308, 2.5943e+01, 1.7373e+00, 
 2DIAGNOSTIC,     9, -5.004070115575e-01, 1.797693134862e+308, 2.7699e+01, 1.7566e+00, 
 2DIAGNOSTIC,    10, -5.004069111541e-01, 3.479780046958e-06, 2.9369e+01, 1.6698e+00, 
 2DIAGNOSTIC,    11, -5.004068160952e-01, 2.809678512419e-06, 3.1314e+01, 1.9448e+00, 
 2DIAGNOSTIC,    12, -5.004068291407e-01, 2.566780487573e-06, 3.3319e+01, 2.0050e+00, 
 2DIAGNOSTIC,    13, -5.004067324483e-01, 2.374956867432e-06, 3.4926e+01, 1.6068e+00, 
 2DIAGNOSTIC,    14, -5.004066436591e-01, 2.203140660420e-06, 3.6730e+01, 1.8039e+00, 
 2DIAGNOSTIC,    15, -5.004066668757e-01, 2.065306028018e-06, 3.8297e+01, 1.5670e+00, 
 2DIAGNOSTIC,    16, -5.004065989840e-01, 1.940980640172e-06, 3.9838e+01, 1.5416e+00, 
 2DIAGNOSTIC,    17, -5.004066676634e-01, 1.835476663617e-06, 4.1874e+01, 2.0354e+00, 
 2DIAGNOSTIC,    18, -5.004065870242e-01, 1.739447888643e-06, 4.3816e+01, 1.9425e+00, 
 2DIAGNOSTIC,    19, -5.004064965919e-01, 1.650695818811e-06, 4.5587e+01, 1.7703e+00, 
 2DIAGNOSTIC,    20, -5.004064185029e-01, 1.568055310819e-06, 4.7600e+01, 2.0137e+00, 
 2DIAGNOSTIC,    21, -5.004064406553e-01, 1.493340156283e-06, 4.9376e+01, 1.7761e+00, 
 2DIAGNOSTIC,    22, -5.004063640239e-01, 1.425735151502e-06, 5.1032e+01, 1.6559e+00, 
 2DIAGNOSTIC,    23, -5.004065252067e-01, 1.367595647492e-06, 5.2856e+01, 1.8240e+00, 
 2DIAGNOSTIC,    24, -5.004065886951e-01, 1.315069242218e-06, 5.4591e+01, 1.7344e+00, 
 2DIAGNOSTIC,    25, -5.004064188134e-01, 1.264427864169e-06, 5.6154e+01, 1.5636e+00, 
 2DIAGNOSTIC,    26, -5.004061728555e-01, 1.211664081707e-06, 5.7872e+01, 1.7175e+00, 
 2DIAGNOSTIC,    27, -5.004060070733e-01, 1.162015438858e-06, 5.9709e+01, 1.8374e+00, 
 2DIAGNOSTIC,    28, -5.004059434062e-01, 1.114473965204e-06, 6.1733e+01, 2.0235e+00, 
 2DIAGNOSTIC,    29, -5.004057904205e-01, 1.067405766449e-06, 6.3608e+01, 1.8753e+00, 
 2DIAGNOSTIC,    30, -5.004057895652e-01, 1.024873660868e-06, 6.5459e+01, 1.8508e+00, 
  Elapsed time (stage 0): 6.6519e+01


Total elapsed time: 6.6522e+01
Info [verificarlo]: loaded backend libinterflop_ieee.so
Info [interflop-ieee]: load backend with:
Info [interflop-ieee]: debug = false
Info [interflop-ieee]: debug-binary = false
Info [interflop-ieee]: no-backend-name = false
Info [interflop-ieee]: print-new-line = false
Info [interflop-ieee]: print-subnormal-normalized = false
Info [interflop-ieee]: count-op = false
All_Command_lines_OK
Using double precision for computations.
=============================================================================
The composite transform comprises the following transforms (in order): 
  1. /home/mdugre/scratch/mri-registration-rp/datasets/ds004513/derivatives/mri-registration-rp/0100/antsRegistration-r7-p7/sub-s032/affine_Composite.h5[0] (type = Euler3DTransform)
  2. /home/mdugre/scratch/mri-registration-rp/datasets/ds004513/derivatives/mri-registration-rp/0100/antsRegistration-r7-p7/sub-s032/affine_Composite.h5[1] (type = Euler3DTransform)
  3. /home/mdugre/scratch/mri-registration-rp/datasets/ds004513/derivatives/mri-registration-rp/0100/antsRegistration-r7-p7/sub-s032/affine_Composite.h5[2] (type = Euler3DTransform)
  4. /home/mdugre/scratch/mri-registration-rp/datasets/ds004513/derivatives/mri-registration-rp/0100/antsRegistration-r7-p7/sub-s032/affine_Composite.h5[3] (type = AffineTransform)
=============================================================================
  number of levels = 4
  fixed image: /templateflow/tpl-MNI152NLin2009cAsym/tpl-MNI152NLin2009cAsym_res-01_desc-brain_T1w.nii.gz
  moving image: /home/mdugre/scratch/mri-registration-rp/datasets/ds004513/derivatives/mri-registration-rp/antsBrainExtraction/sub-s032/BrainExtractionBrain.nii.gz
Dimension = 3
Number of stages = 1
Use histogram matching = false
Winsorize image intensities = true
  Lower quantile = 0.005
  Upper quantile = 0.995


Stage 1 State
   Image metric = CC
     Fixed image = Image (0x3f76a40)
  RTTI typeinfo:   itk::Image<double, 3u>
  Reference Count: 2
  Modified Time: 1606
  Debug: Off
  Object Name: 
  Observers: 
    none
  Source: (none)
  Source output name: (none)
  Release Data: Off
  Data Released: False
  Global Release Data: Off
  PipelineMTime: 0
  UpdateMTime: 1217
  RealTimeStamp: 0 seconds 
  LargestPossibleRegion: 
    Dimension: 3
    Index: [0, 0, 0]
    Size: [193, 229, 193]
  BufferedRegion: 
    Dimension: 3
    Index: [0, 0, 0]
    Size: [193, 229, 193]
  RequestedRegion: 
    Dimension: 3
    Index: [0, 0, 0]
    Size: [193, 229, 193]
  Spacing: [1, 1, 1]
  Origin: [96, 132, -78]
  Direction: 
-1 0 0
0 -1 0
0 0 1

  IndexToPointMatrix: 
-1 0 0
0 -1 0
0 0 1

  PointToIndexMatrix: 
-1 0 0
0 -1 0
0 0 1

  Inverse Direction: 
-1 0 0
0 -1 0
0 0 1

  PixelContainer: 
    ImportImageContainer (0x4045780)
      RTTI typeinfo:   itk::ImportImageContainer<unsigned long, double>
      Reference Count: 1
      Modified Time: 1214
      Debug: Off
      Object Name: 
      Observers: 
        none
      Pointer: 0x14c80e7ac010
      Container manages memory: true
      Size: 8530021
      Capacity: 8530021

     Moving image = Image (0x4047390)
  RTTI typeinfo:   itk::Image<double, 3u>
  Reference Count: 2
  Modified Time: 1607
  Debug: Off
  Object Name: 
  Observers: 
    none
  Source: (none)
  Source output name: (none)
  Release Data: Off
  Data Released: False
  Global Release Data: Off
  PipelineMTime: 0
  UpdateMTime: 1604
  RealTimeStamp: 0 seconds 
  LargestPossibleRegion: 
    Dimension: 3
    Index: [0, 0, 0]
    Size: [160, 240, 256]
  BufferedRegion: 
    Dimension: 3
    Index: [0, 0, 0]
    Size: [160, 240, 256]
  RequestedRegion: 
    Dimension: 3
    Index: [0, 0, 0]
    Size: [160, 240, 256]
  Spacing: [1, 1, 1]
  Origin: [73.279, 104.707, -131.187]
  Direction: 
-0.997527 0.0645574 -0.0278053
-0.0645323 -0.997914 -0.00179875
-0.0278634 4.01097e-08 0.999612

  IndexToPointMatrix: 
-0.997527 0.0645574 -0.0278053
-0.0645323 -0.997914 -0.00179875
-0.0278634 4.01097e-08 0.999612

  PointToIndexMatrix: 
-0.997527 -0.0645323 -0.0278634
0.0645574 -0.997914 4.01049e-08
-0.0278053 -0.00179875 0.999612

  Inverse Direction: 
-0.997527 -0.0645323 -0.0278634
0.0645574 -0.997914 4.01049e-08
-0.0278053 -0.00179875 0.999612

  PixelContainer: 
    ImportImageContainer (0x3ffc6f0)
      RTTI typeinfo:   itk::ImportImageContainer<unsigned long, double>
      Reference Count: 1
      Modified Time: 1601
      Debug: Off
      Object Name: 
      Observers: 
        none
      Pointer: 0x14c809cab010
      Container manages memory: true
      Size: 9830400
      Capacity: 9830400

     Weighting = 1
     Sampling strategy = none
     Number of bins = 32
     Radius = 4
     Sampling percentage  = 1
   Transform = SyN
     Gradient step = 0.1
     Update field sigma (voxel space) = 3
     Total field sigma (voxel space) = 0
     Update field time sigma = 0
     Total field time sigma  = 0
     Number of time indices = 0
     Number of time point samples = 0
Registration using 1 total stages.

Stage 0
  iterations = 100x70x50x20
  convergence threshold = 1e-06
  convergence window size = 10
  number of levels = 4
  using the CC metric (radius = 4, weight = 1, use gradient filter = 0)
  preprocessing:  winsorizing the image intensities
  Shrink factors (level 1 out of 4): [8, 8, 8]
  Shrink factors (level 2 out of 4): [4, 4, 4]
  Shrink factors (level 3 out of 4): [2, 2, 2]
  Shrink factors (level 4 out of 4): [1, 1, 1]
  smoothing sigmas per level: [3, 2, 1, 0]
  Using default NONE metricSamplingStrategy 

*** Running SyN registration (varianceForUpdateField = 3, varianceForTotalField = 0) ***

XXDIAGNOSTIC,Iteration,metricValue,convergenceValue,ITERATION_TIME_INDEX,SINCE_LAST
 1DIAGNOSTIC,     1, -8.283779242265e-01, 1.797693134862e+308, 1.1695e+00, 1.1695e+00, 
 1DIAGNOSTIC,     2, -8.447522375764e-01, 1.797693134862e+308, 1.5236e+00, 3.5407e-01, 
 1DIAGNOSTIC,     3, -8.600475652975e-01, 1.797693134862e+308, 1.8734e+00, 3.4980e-01, 
 1DIAGNOSTIC,     4, -8.736259958965e-01, 1.797693134862e+308, 2.2504e+00, 3.7699e-01, 
 1DIAGNOSTIC,     5, -8.833726868096e-01, 1.797693134862e+308, 2.6003e+00, 3.4986e-01, 
 1DIAGNOSTIC,     6, -8.908983680275e-01, 1.797693134862e+308, 2.9951e+00, 3.9487e-01, 
 1DIAGNOSTIC,     7, -8.970516308541e-01, 1.797693134862e+308, 3.4715e+00, 4.7639e-01, 
 1DIAGNOSTIC,     8, -9.011374287732e-01, 1.797693134862e+308, 3.8343e+00, 3.6281e-01, 
 1DIAGNOSTIC,     9, -9.043159083042e-01, 1.797693134862e+308, 4.1786e+00, 3.4429e-01, 
 1DIAGNOSTIC,    10, -9.068488596178e-01, 5.549235551081e-03, 4.5274e+00, 3.4881e-01, 
 1DIAGNOSTIC,    11, -9.089332858350e-01, 3.985771989626e-03, 4.8744e+00, 3.4696e-01, 
 1DIAGNOSTIC,    12, -9.107004609174e-01, 2.813143736947e-03, 5.2201e+00, 3.4570e-01, 
 1DIAGNOSTIC,    13, -9.122375995135e-01, 1.981859953500e-03, 5.5679e+00, 3.4778e-01, 
 1DIAGNOSTIC,    14, -9.136141209823e-01, 1.431242376148e-03, 5.9166e+00, 3.4877e-01, 
 1DIAGNOSTIC,    15, -9.147745221056e-01, 1.055147323221e-03, 6.2648e+00, 3.4817e-01, 
 1DIAGNOSTIC,    16, -9.158729943358e-01, 8.002948707899e-04, 6.6137e+00, 3.4884e-01, 
 1DIAGNOSTIC,    17, -9.168388048224e-01, 6.346222833966e-04, 6.9613e+00, 3.4766e-01, 
 1DIAGNOSTIC,    18, -9.175462101104e-01, 5.129873047854e-04, 7.2932e+00, 3.3191e-01, 
 1DIAGNOSTIC,    19, -9.181824255350e-01, 4.201388061149e-04, 7.6323e+00, 3.3906e-01, 
 1DIAGNOSTIC,    20, -9.188297240954e-01, 3.477657450334e-04, 7.9646e+00, 3.3233e-01, 
 1DIAGNOSTIC,    21, -9.192237939016e-01, 2.870520011115e-04, 8.3224e+00, 3.5775e-01, 
 1DIAGNOSTIC,    22, -9.197009170253e-01, 2.372454402824e-04, 8.6671e+00, 3.4471e-01, 
 1DIAGNOSTIC,    23, -9.201279492478e-01, 1.964688944724e-04, 9.0140e+00, 3.4694e-01, 
 1DIAGNOSTIC,    24, -9.205168137951e-01, 1.638385656418e-04, 9.3434e+00, 3.2940e-01, 
 1DIAGNOSTIC,    25, -9.208820450793e-01, 1.375967266893e-04, 9.6894e+00, 3.4602e-01, 
