
##########################
# Experiment information #
##########################

EXPERIMENT_NAME: antsRegistration-r7-p17
VFC_BACKENDS: libinterflop_vprec.so --range-binary32=7 --precision-binary32=17 --range-binary64=7 --precision-binary64=17

SIF_IMG: /home/mdugre/projects/rrg-glatard/mdugre/containers/ants-vprec-no_metrics.simg

SUBJECT_ID: s025
INPUT_IMG: /home/mdugre/scratch/mri-registration-rp/datasets/ds004513/derivatives/mri-registration-rp/antsBrainExtraction/sub-s025/BrainExtractionBrain.nii.gz
OUTPUT_DIR: /home/mdugre/scratch/mri-registration-rp/datasets/ds004513/derivatives/mri-registration-rp/0100/antsRegistration-r7-p17/sub-s025

FIXED_IMG: /templateflow/tpl-MNI152NLin2009cAsym/tpl-MNI152NLin2009cAsym_res-01_desc-brain_T1w.nii.gz
DATA_DIR: /home/mdugre/scratch/mri-registration-rp/datasets/ds004513
TEMPLATEFLOW_DIR: /home/mdugre/projects/rrg-glatard/mdugre/templateflow
ITK_GLOBAL_DEFAULT_NUMBER_OF_THREADS: 16
##########################

Info [verificarlo]: loaded backend libinterflop_ieee.so
Info [interflop-ieee]: load backend with:
Info [interflop-ieee]: debug = false
Info [interflop-ieee]: debug-binary = false
Info [interflop-ieee]: no-backend-name = false
Info [interflop-ieee]: print-new-line = false
Info [interflop-ieee]: print-subnormal-normalized = false
Info [interflop-ieee]: count-op = false
All_Command_lines_OK
Using double precision for computations.
=============================================================================
The composite transform comprises the following transforms (in order): 
  1. Center of mass alignment using fixed image: /templateflow/tpl-MNI152NLin2009cAsym/tpl-MNI152NLin2009cAsym_res-01_desc-brain_T1w.nii.gz and moving image: /home/mdugre/scratch/mri-registration-rp/datasets/ds004513/derivatives/mri-registration-rp/antsBrainExtraction/sub-s025/BrainExtractionBrain.nii.gz (type = Euler3DTransform)
=============================================================================
  number of levels = 1
  fixed image: /templateflow/tpl-MNI152NLin2009cAsym/tpl-MNI152NLin2009cAsym_res-01_desc-brain_T1w.nii.gz
  moving image: /home/mdugre/scratch/mri-registration-rp/datasets/ds004513/derivatives/mri-registration-rp/antsBrainExtraction/sub-s025/BrainExtractionBrain.nii.gz
Dimension = 3
Number of stages = 1
Use histogram matching = false
Winsorize image intensities = true
  Lower quantile = 0.005
  Upper quantile = 0.995


Stage 1 State
   Image metric = MattesMI
     Fixed image = Image (0x3f86e70)
  RTTI typeinfo:   itk::Image<double, 3u>
  Reference Count: 2
  Modified Time: 2334
  Debug: Off
  Object Name: 
  Observers: 
    none
  Source: (none)
  Source output name: (none)
  Release Data: Off
  Data Released: False
  Global Release Data: Off
  PipelineMTime: 0
  UpdateMTime: 1943
  RealTimeStamp: 0 seconds 
  LargestPossibleRegion: 
    Dimension: 3
    Index: [0, 0, 0]
    Size: [193, 229, 193]
  BufferedRegion: 
    Dimension: 3
    Index: [0, 0, 0]
    Size: [193, 229, 193]
  RequestedRegion: 
    Dimension: 3
    Index: [0, 0, 0]
    Size: [193, 229, 193]
  Spacing: [1, 1, 1]
  Origin: [96, 132, -78]
  Direction: 
-1 0 0
0 -1 0
0 0 1

  IndexToPointMatrix: 
-1 0 0
0 -1 0
0 0 1

  PointToIndexMatrix: 
-1 0 0
0 -1 0
0 0 1

  Inverse Direction: 
-1 0 0
0 -1 0
0 0 1

  PixelContainer: 
    ImportImageContainer (0x3f8fc60)
      RTTI typeinfo:   itk::ImportImageContainer<unsigned long, double>
      Reference Count: 1
      Modified Time: 1940
      Debug: Off
      Object Name: 
      Observers: 
        none
      Pointer: 0x151719e86010
      Container manages memory: true
      Size: 8530021
      Capacity: 8530021

     Moving image = Image (0x3f92610)
  RTTI typeinfo:   itk::Image<double, 3u>
  Reference Count: 2
  Modified Time: 2335
  Debug: Off
  Object Name: 
  Observers: 
    none
  Source: (none)
  Source output name: (none)
  Release Data: Off
  Data Released: False
  Global Release Data: Off
  PipelineMTime: 0
  UpdateMTime: 2332
  RealTimeStamp: 0 seconds 
  LargestPossibleRegion: 
    Dimension: 3
    Index: [0, 0, 0]
    Size: [176, 240, 256]
  BufferedRegion: 
    Dimension: 3
    Index: [0, 0, 0]
    Size: [176, 240, 256]
  RequestedRegion: 
    Dimension: 3
    Index: [0, 0, 0]
    Size: [176, 240, 256]
  Spacing: [0.999999, 1, 1]
  Origin: [90.3778, 84.5091, -154.071]
  Direction: 
-0.999391 7.48184e-06 -0.0348969
-7.47664e-06 -1 -2.7953e-07
-0.0348969 -1.84481e-08 0.999391

  IndexToPointMatrix: 
-0.99939 7.48184e-06 -0.0348969
-7.47663e-06 -1 -2.7953e-07
-0.0348968 -1.84481e-08 0.999391

  PointToIndexMatrix: 
-0.999392 -7.47665e-06 -0.0348969
7.48184e-06 -1 -1.84481e-08
-0.0348969 -2.7953e-07 0.999391

  Inverse Direction: 
-0.999391 -7.47664e-06 -0.0348969
7.48184e-06 -1 -1.84481e-08
-0.0348969 -2.7953e-07 0.999391

  PixelContainer: 
    ImportImageContainer (0x402bef0)
      RTTI typeinfo:   itk::ImportImageContainer<unsigned long, double>
      Reference Count: 1
      Modified Time: 2329
      Debug: Off
      Object Name: 
      Observers: 
        none
      Pointer: 0x151714c05010
      Container manages memory: true
      Size: 10813440
      Capacity: 10813440

     Weighting = 1
     Sampling strategy = regular
     Number of bins = 32
     Radius = 4
     Sampling percentage  = 0.25
   Transform = Rigid
     Gradient step = 0.1
     Update field sigma (voxel space) = 0
     Total field sigma (voxel space) = 0
     Update field time sigma = 0
     Total field time sigma  = 0
     Number of time indices = 0
     Number of time point samples = 0
Registration using 1 total stages.

Stage 0
  iterations = 0
  convergence threshold = 1e-06
  convergence window size = 10
  number of levels = 1
  using the Mattes MI metric (number of bins = 32, weight = 1, use gradient filter = 0)
  preprocessing:  winsorizing the image intensities
  Shrink factors (level 1 out of 1): [1, 1, 1]
  smoothing sigmas per level: [0]
  regular sampling (percentage = 0.25)

*** Running Euler3DTransform registration ***

  Elapsed time (stage 0): 1.11061


Total elapsed time: 1.11287
Info [verificarlo]: loaded backend libinterflop_vprec.so
Info [interflop-vprec]: load backend with: 
Info [interflop-vprec]: precision-binary32 = 17
Info [interflop-vprec]: range-binary32 = 7
Info [interflop-vprec]: precision-binary64 = 17
Info [interflop-vprec]: range-binary64 = 7
Info [interflop-vprec]: mode = ob
Info [interflop-vprec]: error-mode = rel
Info [interflop-vprec]: max-abs-error-exponent = -1022
Info [interflop-vprec]: daz = false
Info [interflop-vprec]: ftz = false
Info [interflop-vprec]: 	instrument = none
Info [interflop-vprec]: 	prec-input-file = (null)
Info [interflop-vprec]: 	prec-output-file = (null)
Info [interflop-vprec]: 	prec-log-file = (null)
All_Command_lines_OK
Using double precision for computations.
=============================================================================
The composite transform comprises the following transforms (in order): 
  1. /home/mdugre/scratch/mri-registration-rp/datasets/ds004513/derivatives/mri-registration-rp/0100/antsRegistration-r7-p17/sub-s025/align_Composite.h5[0] (type = Euler3DTransform)
  2. /home/mdugre/scratch/mri-registration-rp/datasets/ds004513/derivatives/mri-registration-rp/0100/antsRegistration-r7-p17/sub-s025/align_Composite.h5[1] (type = Euler3DTransform)
=============================================================================
  number of levels = 4
  fixed image: /templateflow/tpl-MNI152NLin2009cAsym/tpl-MNI152NLin2009cAsym_res-01_desc-brain_T1w.nii.gz
  moving image: /home/mdugre/scratch/mri-registration-rp/datasets/ds004513/derivatives/mri-registration-rp/antsBrainExtraction/sub-s025/BrainExtractionBrain.nii.gz
Dimension = 3
Number of stages = 1
Use histogram matching = false
Winsorize image intensities = true
  Lower quantile = 0.005
  Upper quantile = 0.995


Stage 1 State
   Image metric = MattesMI
     Fixed image = Image (0x3d321e0)
  RTTI typeinfo:   itk::Image<double, 3u>
  Reference Count: 2
  Modified Time: 1578
  Debug: Off
  Object Name: 
  Observers: 
    none
  Source: (none)
  Source output name: (none)
  Release Data: Off
  Data Released: False
  Global Release Data: Off
  PipelineMTime: 0
  UpdateMTime: 1189
  RealTimeStamp: 0 seconds 
  LargestPossibleRegion: 
    Dimension: 3
    Index: [0, 0, 0]
    Size: [193, 229, 193]
  BufferedRegion: 
    Dimension: 3
    Index: [0, 0, 0]
    Size: [193, 229, 193]
  RequestedRegion: 
    Dimension: 3
    Index: [0, 0, 0]
    Size: [193, 229, 193]
  Spacing: [1, 1, 1]
  Origin: [96, 132, -78]
  Direction: 
-1 0 0
0 -1 0
0 0 1

  IndexToPointMatrix: 
-1 0 0
0 -1 0
0 0 1

  PointToIndexMatrix: 
-1 0 0
0 -1 0
0 0 1

  Inverse Direction: 
-1 0 0
0 -1 0
0 0 1

  PixelContainer: 
    ImportImageContainer (0x3df1680)
      RTTI typeinfo:   itk::ImportImageContainer<unsigned long, double>
      Reference Count: 1
      Modified Time: 1186
      Debug: Off
      Object Name: 
      Observers: 
        none
      Pointer: 0x1476526ee010
      Container manages memory: true
      Size: 8530021
      Capacity: 8530021

     Moving image = Image (0x3dedb20)
  RTTI typeinfo:   itk::Image<double, 3u>
  Reference Count: 2
  Modified Time: 1579
  Debug: Off
  Object Name: 
  Observers: 
    none
  Source: (none)
  Source output name: (none)
  Release Data: Off
  Data Released: False
  Global Release Data: Off
  PipelineMTime: 0
  UpdateMTime: 1576
  RealTimeStamp: 0 seconds 
  LargestPossibleRegion: 
    Dimension: 3
    Index: [0, 0, 0]
    Size: [176, 240, 256]
  BufferedRegion: 
    Dimension: 3
    Index: [0, 0, 0]
    Size: [176, 240, 256]
  RequestedRegion: 
    Dimension: 3
    Index: [0, 0, 0]
    Size: [176, 240, 256]
  Spacing: [1, 1, 1]
  Origin: [90.3779, 84.5093, -154.071]
  Direction: 
-0.99939 7.48184e-06 -0.0348969
-7.47663e-06 -1 -2.7953e-07
-0.0348969 -1.84481e-08 0.99939

  IndexToPointMatrix: 
-0.99939 7.48184e-06 -0.0348969
-7.47663e-06 -1 -2.7953e-07
-0.0348969 -1.84481e-08 0.99939

  PointToIndexMatrix: 
-0.99939 -7.47663e-06 -0.0348969
7.47666e-06 -1 1.30385e-07
-0.0348969 -1.30385e-07 0.99939

  Inverse Direction: 
-0.99939 -7.47663e-06 -0.0348969
7.47666e-06 -1 1.30385e-07
-0.0348969 -1.30385e-07 0.99939

  PixelContainer: 
    ImportImageContainer (0x3e56d50)
      RTTI typeinfo:   itk::ImportImageContainer<unsigned long, double>
      Reference Count: 1
      Modified Time: 1573
      Debug: Off
      Object Name: 
      Observers: 
        none
      Pointer: 0x14764d46d010
      Container manages memory: true
      Size: 10813440
      Capacity: 10813440

     Weighting = 1
     Sampling strategy = regular
     Number of bins = 32
     Radius = 4
     Sampling percentage  = 0.25
   Transform = Rigid
     Gradient step = 0.1
     Update field sigma (voxel space) = 0
     Total field sigma (voxel space) = 0
     Update field time sigma = 0
     Total field time sigma  = 0
     Number of time indices = 0
     Number of time point samples = 0
Registration using 1 total stages.

Stage 0
  iterations = 1000x500x250x100
  convergence threshold = 1e-06
  convergence window size = 10
  number of levels = 4
  using the Mattes MI metric (number of bins = 32, weight = 1, use gradient filter = 0)
  preprocessing:  winsorizing the image intensities
  Shrink factors (level 1 out of 4): [8, 8, 8]
  Shrink factors (level 2 out of 4): [4, 4, 4]
  Shrink factors (level 3 out of 4): [2, 2, 2]
  Shrink factors (level 4 out of 4): [1, 1, 1]
  smoothing sigmas per level: [3, 2, 1, 0]
  regular sampling (percentage = 0.25)

*** Running Euler3DTransform registration ***

DIAGNOSTIC,Iteration,metricValue,convergenceValue,ITERATION_TIME_INDEX,SINCE_LAST
 2DIAGNOSTIC,     1, -5.324043455190e-01, 1.797693134862e+308, 0.0000e+00, 0.0000e+00, 
 2DIAGNOSTIC,     2, -5.346940258726e-01, 1.797693134862e+308, 0.0000e+00, 0.0000e+00, 
 2DIAGNOSTIC,     3, -5.378737650487e-01, 1.797693134862e+308, 0.0000e+00, 0.0000e+00, 
 2DIAGNOSTIC,     4, -5.423338752962e-01, 1.797693134862e+308, 0.0000e+00, 0.0000e+00, 
 2DIAGNOSTIC,     5, -5.486455083078e-01, 1.797693134862e+308, 0.0000e+00, 0.0000e+00, 
 2DIAGNOSTIC,     6, -5.541619560965e-01, 1.797693134862e+308, 0.0000e+00, 0.0000e+00, 
 2DIAGNOSTIC,     7, -5.623794863362e-01, 1.797693134862e+308, 0.0000e+00, 0.0000e+00, 
 2DIAGNOSTIC,     8, -5.763726496672e-01, 1.797693134862e+308, 0.0000e+00, 0.0000e+00, 
 2DIAGNOSTIC,     9, -5.875363702297e-01, 1.797693134862e+308, 0.0000e+00, 0.0000e+00, 
 2DIAGNOSTIC,    10, -6.047447904590e-01, 7.937150343829e-03, 0.0000e+00, 0.0000e+00, 
 2DIAGNOSTIC,    11, -6.164545443699e-01, 8.542436856360e-03, 0.0000e+00, 0.0000e+00, 
 2DIAGNOSTIC,    12, -6.157124953407e-01, 8.340106615527e-03, 0.0000e+00, 0.0000e+00, 
 2DIAGNOSTIC,    13, -6.205619752484e-01, 7.732083560851e-03, 0.0000e+00, 0.0000e+00, 
 2DIAGNOSTIC,    14, -6.244460671849e-01, 6.802518782423e-03, 0.0000e+00, 0.0000e+00, 
 2DIAGNOSTIC,    15, -6.271737713683e-01, 5.674534850871e-03, 0.0000e+00, 0.0000e+00, 
 2DIAGNOSTIC,    16, -6.314421236742e-01, 4.474632507926e-03, 0.0000e+00, 0.0000e+00, 
 2DIAGNOSTIC,    17, -6.314416280610e-01, 3.250324074215e-03, 0.0000e+00, 0.0000e+00, 
 2DIAGNOSTIC,    18, -6.328662752866e-01, 2.289414819232e-03, 0.0000e+00, 0.0000e+00, 
 2DIAGNOSTIC,    19, -6.381179093160e-01, 1.630207113269e-03, 0.0000e+00, 0.0000e+00, 
 2DIAGNOSTIC,    20, -6.415724234932e-01, 1.374705501439e-03, 0.0000e+00, 0.0000e+00, 
 2DIAGNOSTIC,    21, -6.454670945117e-01, 1.373412079025e-03, 0.0000e+00, 0.0000e+00, 
 2DIAGNOSTIC,    22, -6.455072800329e-01, 1.228324967361e-03, 0.0000e+00, 0.0000e+00, 
 2DIAGNOSTIC,    23, -6.459704730908e-01, 1.092844001412e-03, 0.0000e+00, 0.0000e+00, 
 2DIAGNOSTIC,    24, -6.480647568451e-01, 9.833610409879e-04, 0.0000e+00, 0.0000e+00, 
 2DIAGNOSTIC,    25, -6.522033796247e-01, 9.157643894220e-04, 0.0000e+00, 0.0000e+00, 
 2DIAGNOSTIC,    26, -6.605250879442e-01, 9.935678821652e-04, 0.0000e+00, 0.0000e+00, 
 2DIAGNOSTIC,    27, -6.617401987526e-01, 9.913114403545e-04, 0.0000e+00, 0.0000e+00, 
 2DIAGNOSTIC,    28, -6.644858614880e-01, 9.665590714229e-04, 0.0000e+00, 0.0000e+00, 
 2DIAGNOSTIC,    29, -6.675789182905e-01, 9.856964432723e-04, 0.0000e+00, 0.0000e+00, 
 2DIAGNOSTIC,    30, -6.707295007047e-01, 1.008543356561e-03, 0.0000e+00, 0.0000e+00, 
 2DIAGNOSTIC,    31, -6.861882793347e-01, 1.219847661652e-03, 0.0000e+00, 0.0000e+00, 
 2DIAGNOSTIC,    32, -7.077384423674e-01, 1.604812744351e-03, 0.0000e+00, 0.0000e+00, 
 2DIAGNOSTIC,    33, -7.100763233411e-01, 1.845974224909e-03, 0.0000e+00, 0.0000e+00, 
 2DIAGNOSTIC,    34, -7.115461468422e-01, 1.949119889005e-03, 0.0000e+00, 0.0000e+00, 
 2DIAGNOSTIC,    35, -7.172944493908e-01, 1.989149861594e-03, 0.0000e+00, 0.0000e+00, 
 2DIAGNOSTIC,    36, -7.253149840274e-01, 2.037269991009e-03, 0.0000e+00, 0.0000e+00, 
 2DIAGNOSTIC,    37, -7.286272888231e-01, 1.937339724057e-03, 0.0000e+00, 0.0000e+00, 
 2DIAGNOSTIC,    38, -7.297484110415e-01, 1.707214942693e-03, 0.0000e+00, 0.0000e+00, 
 2DIAGNOSTIC,    39, -7.298420520052e-01, 1.371073397496e-03, 0.0000e+00, 0.0000e+00, 
 2DIAGNOSTIC,    40, -7.307530625071e-01, 9.665884039957e-04, 0.0000e+00, 0.0000e+00, 
 2DIAGNOSTIC,    41, -7.323779174493e-01, 6.690621848558e-04, 0.0000e+00, 0.0000e+00, 
 2DIAGNOSTIC,    42, -7.335942178158e-01, 5.622543094646e-04, 0.0000e+00, 0.0000e+00, 
 2DIAGNOSTIC,    43, -7.347404268822e-01, 4.445064964259e-04, 0.0000e+00, 0.0000e+00, 
 2DIAGNOSTIC,    44, -7.362367645048e-01, 3.199170279306e-04, 0.0000e+00, 0.0000e+00, 
 2DIAGNOSTIC,    45, -7.382300314568e-01, 2.443408015106e-04, 0.0000e+00, 0.0000e+00, 
 2DIAGNOSTIC,    46, -7.443917271827e-01, 2.821967192632e-04, 0.0000e+00, 0.0000e+00, 
 2DIAGNOSTIC,    47, -7.452545151553e-01, 3.283048514593e-04, 0.0000e+00, 0.0000e+00, 
 2DIAGNOSTIC,    48, -7.466221479120e-01, 3.641692950070e-04, 0.0000e+00, 0.0000e+00, 
 2DIAGNOSTIC,    49, -7.471301318318e-01, 3.693649472475e-04, 0.0000e+00, 0.0000e+00, 
 2DIAGNOSTIC,    50, -7.471985742376e-01, 3.470025588253e-04, 0.0000e+00, 0.0000e+00, 
 2DIAGNOSTIC,    51, -7.473800786604e-01, 3.070011748965e-04, 0.0000e+00, 0.0000e+00, 
 2DIAGNOSTIC,    52, -7.477309925071e-01, 2.521531218082e-04, 0.0000e+00, 0.0000e+00, 
 2DIAGNOSTIC,    53, -7.478477709834e-01, 1.861151606422e-04, 0.0000e+00, 0.0000e+00, 
 2DIAGNOSTIC,    54, -7.482112056257e-01, 1.199072130507e-04, 0.0000e+00, 0.0000e+00, 
 2DIAGNOSTIC,    55, -7.482555439411e-01, 5.956009308520e-05, 0.0000e+00, 0.0000e+00, 
 2DIAGNOSTIC,    56, -7.487457002534e-01, 4.639808742447e-05, 0.0000e+00, 0.0000e+00, 
 2DIAGNOSTIC,    57, -7.494499819507e-01, 4.066098351988e-05, 0.0000e+00, 0.0000e+00, 
 2DIAGNOSTIC,    58, -7.505055708500e-01, 4.875222919807e-05, 0.0000e+00, 0.0000e+00, 
 2DIAGNOSTIC,    59, -7.514697482701e-01, 6.233909202390e-05, 0.0000e+00, 0.0000e+00, 
 2DIAGNOSTIC,    60, -7.517132224031e-01, 7.163779967710e-05, 0.0000e+00, 0.0000e+00, 
 2DIAGNOSTIC,    61, -7.516147868057e-01, 7.440207786602e-05, 0.0000e+00, 0.0000e+00, 
 2DIAGNOSTIC,    62, -7.530102356872e-01, 8.182664328028e-05, 0.0000e+00, 0.0000e+00, 
 2DIAGNOSTIC,    63, -7.607790801385e-01, 1.331539944004e-04, 0.0000e+00, 0.0000e+00, 
 2DIAGNOSTIC,    64, -7.607483714742e-01, 1.707322395838e-04, 0.0000e+00, 0.0000e+00, 
 2DIAGNOSTIC,    65, -7.606301731163e-01, 1.909649880425e-04, 0.0000e+00, 0.0000e+00, 
 2DIAGNOSTIC,    66, -7.606857214791e-01, 1.964869487087e-04, 0.0000e+00, 0.0000e+00, 
 2DIAGNOSTIC,    67, -7.606223535942e-01, 1.865151864736e-04, 0.0000e+00, 0.0000e+00, 
 2DIAGNOSTIC,    68, -7.615488111140e-01, 1.700786448187e-04, 0.0000e+00, 0.0000e+00, 
 2DIAGNOSTIC,    69, -7.625291464488e-01, 1.492853068116e-04, 0.0000e+00, 0.0000e+00, 
 2DIAGNOSTIC,    70, -7.629558107049e-01, 1.195588452262e-04, 0.0000e+00, 0.0000e+00, 
 2DIAGNOSTIC,    71, -7.628172691087e-01, 7.831185872165e-05, 0.0000e+00, 0.0000e+00, 
 2DIAGNOSTIC,    72, -7.628514490313e-01, 3.786610375828e-05, 0.0000e+00, 0.0000e+00, 
 2DIAGNOSTIC,    73, -7.626228188972e-01, 3.749885777636e-05, 0.0000e+00, 0.0000e+00, 
 2DIAGNOSTIC,    74, -7.627957992692e-01, 3.428842350282e-05, 0.0000e+00, 0.0000e+00, 
 2DIAGNOSTIC,    75, -7.626446114451e-01, 2.641208541038e-05, 0.0000e+00, 0.0000e+00, 
 2DIAGNOSTIC,    76, -7.625914232942e-01, 1.644923530014e-05, 0.0000e+00, 0.0000e+00, 
 2DIAGNOSTIC,    77, -7.621616458839e-01, 2.581981215435e-06, 0.0000e+00, 0.0000e+00, 
DIAGNOSTIC,Iteration,metricValue,convergenceValue,ITERATION_TIME_INDEX,SINCE_LAST
 2DIAGNOSTIC,     1, -6.130957465735e-01, 1.797693134862e+308, 0.0000e+00, 0.0000e+00, 
 2DIAGNOSTIC,     2, -6.138471444101e-01, 1.797693134862e+308, 0.0000e+00, 0.0000e+00, 
 2DIAGNOSTIC,     3, -6.145970797734e-01, 1.797693134862e+308, 0.0000e+00, 0.0000e+00, 
 2DIAGNOSTIC,     4, -6.151292413712e-01, 1.797693134862e+308, 0.0000e+00, 0.0000e+00, 
 2DIAGNOSTIC,     5, -6.155691233688e-01, 1.797693134862e+308, 0.0000e+00, 0.0000e+00, 
 2DIAGNOSTIC,     6, -6.161988995356e-01, 1.797693134862e+308, 0.0000e+00, 0.0000e+00, 
 2DIAGNOSTIC,     7, -6.177050618631e-01, 1.797693134862e+308, 0.0000e+00, 0.0000e+00, 
 2DIAGNOSTIC,     8, -6.203955828635e-01, 1.797693134862e+308, 0.0000e+00, 0.0000e+00, 
 2DIAGNOSTIC,     9, -6.206914228233e-01, 1.797693134862e+308, 0.0000e+00, 0.0000e+00, 
 2DIAGNOSTIC,    10, -6.206530065893e-01, 8.747083480593e-04, 0.0000e+00, 0.0000e+00, 
 2DIAGNOSTIC,    11, -6.206700337745e-01, 7.782535665736e-04, 0.0000e+00, 0.0000e+00, 
 2DIAGNOSTIC,    12, -6.206578247840e-01, 6.552151935069e-04, 0.0000e+00, 0.0000e+00, 
 2DIAGNOSTIC,    13, -6.206528072226e-01, 5.168273596043e-04, 0.0000e+00, 0.0000e+00, 
 2DIAGNOSTIC,    14, -6.206445562804e-01, 3.689649964243e-04, 0.0000e+00, 0.0000e+00, 
 2DIAGNOSTIC,    15, -6.206377719809e-01, 2.220398100699e-04, 0.0000e+00, 0.0000e+00, 
 2DIAGNOSTIC,    16, -6.206431635126e-01, 9.146556928223e-05, 0.0000e+00, 0.0000e+00, 
 2DIAGNOSTIC,    17, -6.206486848969e-01, 6.929577984816e-06, 0.0000e+00, 0.0000e+00, 
DIAGNOSTIC,Iteration,metricValue,convergenceValue,ITERATION_TIME_INDEX,SINCE_LAST
 2DIAGNOSTIC,     1, -5.337004544274e-01, 1.797693134862e+308, 0.0000e+00, 0.0000e+00, 
 2DIAGNOSTIC,     2, -5.338151634967e-01, 1.797693134862e+308, 0.0000e+00, 0.0000e+00, 
 2DIAGNOSTIC,     3, -5.338940053225e-01, 1.797693134862e+308, 0.0000e+00, 0.0000e+00, 
 2DIAGNOSTIC,     4, -5.340241844562e-01, 1.797693134862e+308, 0.0000e+00, 0.0000e+00, 
 2DIAGNOSTIC,     5, -5.343015191995e-01, 1.797693134862e+308, 0.0000e+00, 0.0000e+00, 
 2DIAGNOSTIC,     6, -5.350868122681e-01, 1.797693134862e+308, 0.0000e+00, 0.0000e+00, 
 2DIAGNOSTIC,     7, -5.352338483124e-01, 1.797693134862e+308, 0.0000e+00, 0.0000e+00, 
 2DIAGNOSTIC,     8, -5.353978711239e-01, 1.797693134862e+308, 0.0000e+00, 0.0000e+00, 
 2DIAGNOSTIC,     9, -5.353911740185e-01, 1.797693134862e+308, 0.0000e+00, 0.0000e+00, 
 2DIAGNOSTIC,    10, -5.354112923162e-01, 2.603434520047e-04, 0.0000e+00, 0.0000e+00, 
 2DIAGNOSTIC,    11, -5.354224409789e-01, 2.168630341268e-04, 0.0000e+00, 0.0000e+00, 
 2DIAGNOSTIC,    12, -5.354173075659e-01, 1.661995441983e-04, 0.0000e+00, 0.0000e+00, 
 2DIAGNOSTIC,    13, -5.354188569103e-01, 1.122558834131e-04, 0.0000e+00, 0.0000e+00, 
 2DIAGNOSTIC,    14, -5.354293765301e-01, 6.152138310794e-05, 0.0000e+00, 0.0000e+00, 
 2DIAGNOSTIC,    15, -5.354240717039e-01, 2.111801648490e-05, 0.0000e+00, 0.0000e+00, 
 2DIAGNOSTIC,    16, -5.354249567606e-01, 1.005652688187e-05, 0.0000e+00, 0.0000e+00, 
 2DIAGNOSTIC,    17, -5.354263434522e-01, 4.056128426286e-06, 0.0000e+00, 0.0000e+00, 
 2DIAGNOSTIC,    18, -5.354244324762e-01, 3.317614849695e-06, 0.0000e+00, 0.0000e+00, 
 2DIAGNOSTIC,    19, -5.354287634231e-01, 2.428721754641e-06, 0.0000e+00, 0.0000e+00, 
 2DIAGNOSTIC,    20, -5.354280480876e-01, 2.061095874771e-06, 0.0000e+00, 0.0000e+00, 
 2DIAGNOSTIC,    21, -5.354278476040e-01, 1.969839618123e-06, 0.0000e+00, 0.0000e+00, 
 2DIAGNOSTIC,    22, -5.354259052391e-01, 1.673337854238e-06, 0.0000e+00, 0.0000e+00, 
 2DIAGNOSTIC,    23, -5.354270001809e-01, 1.434281917831e-06, 0.0000e+00, 0.0000e+00, 
 2DIAGNOSTIC,    24, -5.354251552333e-01, 1.402573240092e-06, 0.0000e+00, 0.0000e+00, 
 2DIAGNOSTIC,    25, -5.354254843880e-01, 1.259114191451e-06, 0.0000e+00, 0.0000e+00, 
 2DIAGNOSTIC,    26, -5.354261088842e-01, 1.157832004273e-06, 0.0000e+00, 0.0000e+00, 
 2DIAGNOSTIC,    27, -5.354259889060e-01, 1.095680516455e-06, 0.0000e+00, 0.0000e+00, 
 2DIAGNOSTIC,    28, -5.354275747384e-01, 1.036200198513e-06, 0.0000e+00, 0.0000e+00, 
 2DIAGNOSTIC,    29, -5.354276596601e-01, 1.069682741064e-06, 0.0000e+00, 0.0000e+00, 
 2DIAGNOSTIC,    30, -5.354274257385e-01, 1.085984408185e-06, 0.0000e+00, 0.0000e+00, 
 2DIAGNOSTIC,    31, -5.354263853597e-01, 1.077661154210e-06, 0.0000e+00, 0.0000e+00, 
 2DIAGNOSTIC,    32, -5.354263409851e-01, 1.030661997414e-06, 0.0000e+00, 0.0000e+00, 
 2DIAGNOSTIC,    33, -5.354269590203e-01, 1.010134701093e-06, 0.0000e+00, 0.0000e+00, 
DIAGNOSTIC,Iteration,metricValue,convergenceValue,ITERATION_TIME_INDEX,SINCE_LAST
 2DIAGNOSTIC,     1, -4.890241050973e-01, 1.797693134862e+308, 0.0000e+00, 0.0000e+00, 
 2DIAGNOSTIC,     2, -4.890984663824e-01, 1.797693134862e+308, 0.0000e+00, 0.0000e+00, 
 2DIAGNOSTIC,     3, -4.892895377313e-01, 1.797693134862e+308, 0.0000e+00, 0.0000e+00, 
 2DIAGNOSTIC,     4, -4.895235645091e-01, 1.797693134862e+308, 0.0000e+00, 0.0000e+00, 
 2DIAGNOSTIC,     5, -4.895710028435e-01, 1.797693134862e+308, 0.0000e+00, 0.0000e+00, 
 2DIAGNOSTIC,     6, -4.895701866833e-01, 1.797693134862e+308, 0.0000e+00, 0.0000e+00, 
 2DIAGNOSTIC,     7, -4.895705550280e-01, 1.797693134862e+308, 0.0000e+00, 0.0000e+00, 
 2DIAGNOSTIC,     8, -4.895720124034e-01, 1.797693134862e+308, 0.0000e+00, 0.0000e+00, 
 2DIAGNOSTIC,     9, -4.895722296657e-01, 1.797693134862e+308, 0.0000e+00, 0.0000e+00, 
 2DIAGNOSTIC,    10, -4.895702436806e-01, 7.168068702915e-05, 0.0000e+00, 0.0000e+00, 
 2DIAGNOSTIC,    11, -4.895722757470e-01, 4.265181424198e-05, 0.0000e+00, 0.0000e+00, 
 2DIAGNOSTIC,    12, -4.895717161227e-01, 1.837053440291e-05, 0.0000e+00, 0.0000e+00, 
 2DIAGNOSTIC,    13, -4.895717182619e-01, 4.662740100039e-06, 0.0000e+00, 0.0000e+00, 
 2DIAGNOSTIC,    14, -4.895710748414e-01, 2.334090368705e-06, 0.0000e+00, 0.0000e+00, 
 2DIAGNOSTIC,    15, -4.895711296719e-01, 2.150076250471e-06, 0.0000e+00, 0.0000e+00, 
 2DIAGNOSTIC,    16, -4.895711423403e-01, 1.954491817210e-06, 0.0000e+00, 0.0000e+00, 
 2DIAGNOSTIC,    17, -4.895707864754e-01, 1.780950063535e-06, 0.0000e+00, 0.0000e+00, 
 2DIAGNOSTIC,    18, -4.895716137009e-01, 1.707656658294e-06, 0.0000e+00, 0.0000e+00, 
 2DIAGNOSTIC,    19, -4.895716322666e-01, 1.654913345764e-06, 0.0000e+00, 0.0000e+00, 
 2DIAGNOSTIC,    20, -4.895719452921e-01, 1.557429216495e-06, 0.0000e+00, 0.0000e+00, 
 2DIAGNOSTIC,    21, -4.895707768557e-01, 1.495069578340e-06, 0.0000e+00, 0.0000e+00, 
 2DIAGNOSTIC,    22, -4.895707650503e-01, 1.424651319831e-06, 0.0000e+00, 0.0000e+00, 
 2DIAGNOSTIC,    23, -4.895707886860e-01, 1.361636962321e-06, 0.0000e+00, 0.0000e+00, 
 2DIAGNOSTIC,    24, -4.895707886860e-01, 1.288293674580e-06, 0.0000e+00, 0.0000e+00, 
 2DIAGNOSTIC,    25, -4.895707959514e-01, 1.224726008178e-06, 0.0000e+00, 0.0000e+00, 
 2DIAGNOSTIC,    26, -4.895721361877e-01, 1.200458166345e-06, 0.0000e+00, 0.0000e+00, 
 2DIAGNOSTIC,    27, -4.895721843162e-01, 1.171299042008e-06, 0.0000e+00, 0.0000e+00, 
 2DIAGNOSTIC,    28, -4.895721896639e-01, 1.161027920402e-06, 0.0000e+00, 0.0000e+00, 
 2DIAGNOSTIC,    29, -4.895721952250e-01, 1.148528111554e-06, 0.0000e+00, 0.0000e+00, 
 2DIAGNOSTIC,    30, -4.895715710458e-01, 1.125518426542e-06, 0.0000e+00, 0.0000e+00, 
 2DIAGNOSTIC,    31, -4.895715788281e-01, 1.075032790919e-06, 0.0000e+00, 0.0000e+00, 
 2DIAGNOSTIC,    32, -4.895716044840e-01, 1.022120137653e-06, 0.0000e+00, 0.0000e+00, 
  Elapsed time (stage 0): 0.0000e+00


Total elapsed time: 0.0000e+00
Info [verificarlo]: loaded backend libinterflop_ieee.so
Info [interflop-ieee]: load backend with:
Info [interflop-ieee]: debug = false
Info [interflop-ieee]: debug-binary = false
Info [interflop-ieee]: no-backend-name = false
Info [interflop-ieee]: print-new-line = false
Info [interflop-ieee]: print-subnormal-normalized = false
Info [interflop-ieee]: count-op = false
All_Command_lines_OK
Using double precision for computations.
=============================================================================
The composite transform comprises the following transforms (in order): 
  1. /home/mdugre/scratch/mri-registration-rp/datasets/ds004513/derivatives/mri-registration-rp/0100/antsRegistration-r7-p17/sub-s025/rigid_Composite.h5[0] (type = Euler3DTransform)
  2. /home/mdugre/scratch/mri-registration-rp/datasets/ds004513/derivatives/mri-registration-rp/0100/antsRegistration-r7-p17/sub-s025/rigid_Composite.h5[1] (type = Euler3DTransform)
  3. /home/mdugre/scratch/mri-registration-rp/datasets/ds004513/derivatives/mri-registration-rp/0100/antsRegistration-r7-p17/sub-s025/rigid_Composite.h5[2] (type = Euler3DTransform)
=============================================================================
  number of levels = 4
  fixed image: /templateflow/tpl-MNI152NLin2009cAsym/tpl-MNI152NLin2009cAsym_res-01_desc-brain_T1w.nii.gz
  moving image: /home/mdugre/scratch/mri-registration-rp/datasets/ds004513/derivatives/mri-registration-rp/antsBrainExtraction/sub-s025/BrainExtractionBrain.nii.gz
Dimension = 3
Number of stages = 1
Use histogram matching = false
Winsorize image intensities = true
  Lower quantile = 0.005
  Upper quantile = 0.995


Stage 1 State
   Image metric = MattesMI
     Fixed image = Image (0x39fc7e0)
  RTTI typeinfo:   itk::Image<double, 3u>
  Reference Count: 2
  Modified Time: 1594
  Debug: Off
  Object Name: 
  Observers: 
    none
  Source: (none)
  Source output name: (none)
  Release Data: Off
  Data Released: False
  Global Release Data: Off
  PipelineMTime: 0
  UpdateMTime: 1203
  RealTimeStamp: 0 seconds 
  LargestPossibleRegion: 
    Dimension: 3
    Index: [0, 0, 0]
    Size: [193, 229, 193]
  BufferedRegion: 
    Dimension: 3
    Index: [0, 0, 0]
    Size: [193, 229, 193]
  RequestedRegion: 
    Dimension: 3
    Index: [0, 0, 0]
    Size: [193, 229, 193]
  Spacing: [1, 1, 1]
  Origin: [96, 132, -78]
  Direction: 
-1 0 0
0 -1 0
0 0 1

  IndexToPointMatrix: 
-1 0 0
0 -1 0
0 0 1

  PointToIndexMatrix: 
-1 0 0
0 -1 0
0 0 1

  Inverse Direction: 
-1 0 0
0 -1 0
0 0 1

  PixelContainer: 
    ImportImageContainer (0x3abca20)
      RTTI typeinfo:   itk::ImportImageContainer<unsigned long, double>
      Reference Count: 1
      Modified Time: 1200
      Debug: Off
      Object Name: 
      Observers: 
        none
      Pointer: 0x1466ca728010
      Container manages memory: true
      Size: 8530021
      Capacity: 8530021

     Moving image = Image (0x3a6fcf0)
  RTTI typeinfo:   itk::Image<double, 3u>
  Reference Count: 2
  Modified Time: 1595
  Debug: Off
  Object Name: 
  Observers: 
    none
  Source: (none)
  Source output name: (none)
  Release Data: Off
  Data Released: False
  Global Release Data: Off
  PipelineMTime: 0
  UpdateMTime: 1592
  RealTimeStamp: 0 seconds 
  LargestPossibleRegion: 
    Dimension: 3
    Index: [0, 0, 0]
    Size: [176, 240, 256]
  BufferedRegion: 
    Dimension: 3
    Index: [0, 0, 0]
    Size: [176, 240, 256]
  RequestedRegion: 
    Dimension: 3
    Index: [0, 0, 0]
    Size: [176, 240, 256]
  Spacing: [0.999999, 1, 1]
  Origin: [90.3778, 84.5091, -154.071]
  Direction: 
-0.999391 7.48184e-06 -0.0348969
-7.47664e-06 -1 -2.7953e-07
-0.0348969 -1.84481e-08 0.999391

  IndexToPointMatrix: 
-0.99939 7.48184e-06 -0.0348969
-7.47663e-06 -1 -2.7953e-07
-0.0348968 -1.84481e-08 0.999391

  PointToIndexMatrix: 
-0.999392 -7.47665e-06 -0.0348969
7.48184e-06 -1 -1.84481e-08
-0.0348969 -2.7953e-07 0.999391

  Inverse Direction: 
-0.999391 -7.47664e-06 -0.0348969
7.48184e-06 -1 -1.84481e-08
-0.0348969 -2.7953e-07 0.999391

  PixelContainer: 
    ImportImageContainer (0x3aeb550)
      RTTI typeinfo:   itk::ImportImageContainer<unsigned long, double>
      Reference Count: 1
      Modified Time: 1589
      Debug: Off
      Object Name: 
      Observers: 
        none
      Pointer: 0x1466c54a7010
      Container manages memory: true
      Size: 10813440
      Capacity: 10813440

     Weighting = 1
     Sampling strategy = regular
     Number of bins = 32
     Radius = 4
     Sampling percentage  = 0.25
   Transform = Affine
     Gradient step = 0.1
     Update field sigma (voxel space) = 0
     Total field sigma (voxel space) = 0
     Update field time sigma = 0
     Total field time sigma  = 0
     Number of time indices = 0
     Number of time point samples = 0
Registration using 1 total stages.

Stage 0
  iterations = 1000x500x250x100
  convergence threshold = 1e-06
  convergence window size = 10
  number of levels = 4
  using the Mattes MI metric (number of bins = 32, weight = 1, use gradient filter = 0)
  preprocessing:  winsorizing the image intensities
  Shrink factors (level 1 out of 4): [8, 8, 8]
  Shrink factors (level 2 out of 4): [4, 4, 4]
  Shrink factors (level 3 out of 4): [2, 2, 2]
  Shrink factors (level 4 out of 4): [1, 1, 1]
  smoothing sigmas per level: [3, 2, 1, 0]
  regular sampling (percentage = 0.25)

*** Running AffineTransform registration ***

DIAGNOSTIC,Iteration,metricValue,convergenceValue,ITERATION_TIME_INDEX,SINCE_LAST
 2DIAGNOSTIC,     1, -7.481172635359e-01, 1.797693134862e+308, 7.7078e-01, 7.7078e-01, 
 2DIAGNOSTIC,     2, -7.501223087839e-01, 1.797693134862e+308, 7.7578e-01, 5.0020e-03, 
 2DIAGNOSTIC,     3, -7.539668551624e-01, 1.797693134862e+308, 7.8152e-01, 5.7359e-03, 
 2DIAGNOSTIC,     4, -7.617218739879e-01, 1.797693134862e+308, 7.8644e-01, 4.9250e-03, 
 2DIAGNOSTIC,     5, -7.750691803743e-01, 1.797693134862e+308, 7.9099e-01, 4.5450e-03, 
 2DIAGNOSTIC,     6, -7.895884507805e-01, 1.797693134862e+308, 7.9576e-01, 4.7672e-03, 
 2DIAGNOSTIC,     7, -8.560971215492e-01, 1.797693134862e+308, 8.0160e-01, 5.8451e-03, 
 2DIAGNOSTIC,     8, -8.926037622676e-01, 1.797693134862e+308, 8.0837e-01, 6.7651e-03, 
 2DIAGNOSTIC,     9, -8.980790862392e-01, 1.797693134862e+308, 8.1299e-01, 4.6232e-03, 
 2DIAGNOSTIC,    10, -9.199661729039e-01, 1.552683742511e-02, 8.1927e-01, 6.2830e-03, 
 2DIAGNOSTIC,    11, -9.279879098558e-01, 1.517865036919e-02, 8.2404e-01, 4.7688e-03, 
 2DIAGNOSTIC,    12, -9.315569293241e-01, 1.367382064929e-02, 8.2947e-01, 5.4300e-03, 
 2DIAGNOSTIC,    13, -9.346293475048e-01, 1.136924187854e-02, 8.3549e-01, 6.0198e-03, 
 2DIAGNOSTIC,    14, -9.364260102958e-01, 8.646038642744e-03, 8.4437e-01, 8.8799e-03, 
 2DIAGNOSTIC,    15, -9.367448665041e-01, 5.853646758029e-03, 8.4937e-01, 4.9980e-03, 
 2DIAGNOSTIC,    16, -9.370475899514e-01, 3.182735298201e-03, 8.5441e-01, 5.0378e-03, 
 2DIAGNOSTIC,    17, -9.374295928388e-01, 1.842194459143e-03, 8.5933e-01, 4.9191e-03, 
 2DIAGNOSTIC,    18, -9.378750802639e-01, 1.168414427607e-03, 8.6432e-01, 4.9930e-03, 
 2DIAGNOSTIC,    19, -9.382970636024e-01, 5.555725283237e-04, 8.7013e-01, 5.8091e-03, 
 2DIAGNOSTIC,    20, -9.385677375524e-01, 3.145489420512e-04, 8.7520e-01, 5.0719e-03, 
 2DIAGNOSTIC,    21, -9.385771552108e-01, 1.921921584183e-04, 8.8076e-01, 5.5602e-03, 
 2DIAGNOSTIC,    22, -9.384600397193e-01, 1.136858558257e-04, 8.8654e-01, 5.7781e-03, 
 2DIAGNOSTIC,    23, -9.386779404261e-01, 7.735964950920e-05, 8.9283e-01, 6.2912e-03, 
 2DIAGNOSTIC,    24, -9.387411843065e-01, 6.179285699434e-05, 8.9788e-01, 5.0511e-03, 
 2DIAGNOSTIC,    25, -9.386785166586e-01, 4.511412099864e-05, 9.0357e-01, 5.6901e-03, 
 2DIAGNOSTIC,    26, -9.386196254956e-01, 2.875901189570e-05, 9.0913e-01, 5.5611e-03, 
 2DIAGNOSTIC,    27, -9.386192269878e-01, 1.560040737439e-05, 9.1406e-01, 4.9281e-03, 
 2DIAGNOSTIC,    28, -9.385782475687e-01, 6.516483720236e-06, 9.1948e-01, 5.4221e-03, 
 2DIAGNOSTIC,    29, -9.386512722662e-01, 2.888890085984e-06, 9.2433e-01, 4.8430e-03, 
DIAGNOSTIC,Iteration,metricValue,convergenceValue,ITERATION_TIME_INDEX,SINCE_LAST
 2DIAGNOSTIC,     1, -7.507923731201e-01, 1.797693134862e+308, 1.6746e+00, 7.5030e-01, 
 2DIAGNOSTIC,     2, -7.512400051657e-01, 1.797693134862e+308, 1.7080e+00, 3.3371e-02, 
 2DIAGNOSTIC,     3, -7.516915380727e-01, 1.797693134862e+308, 1.7450e+00, 3.6962e-02, 
 2DIAGNOSTIC,     4, -7.522672429391e-01, 1.797693134862e+308, 1.7806e+00, 3.5677e-02, 
 2DIAGNOSTIC,     5, -7.534015285477e-01, 1.797693134862e+308, 1.8246e+00, 4.4001e-02, 
 2DIAGNOSTIC,     6, -7.542331403237e-01, 1.797693134862e+308, 1.9011e+00, 7.6461e-02, 
 2DIAGNOSTIC,     7, -7.541922573497e-01, 1.797693134862e+308, 1.9366e+00, 3.5497e-02, 
 2DIAGNOSTIC,     8, -7.541963188213e-01, 1.797693134862e+308, 1.9787e+00, 4.2111e-02, 
 2DIAGNOSTIC,     9, -7.541899237870e-01, 1.797693134862e+308, 2.0148e+00, 3.6106e-02, 
 2DIAGNOSTIC,    10, -7.542031272236e-01, 3.346502963658e-04, 2.0512e+00, 3.6383e-02, 
 2DIAGNOSTIC,    11, -7.542237423532e-01, 2.393334810404e-04, 2.0899e+00, 3.8652e-02, 
 2DIAGNOSTIC,    12, -7.542697866275e-01, 1.545469631725e-04, 2.1287e+00, 3.8799e-02, 
 2DIAGNOSTIC,    13, -7.543287692160e-01, 8.421292244185e-05, 2.1658e+00, 3.7101e-02, 
 2DIAGNOSTIC,    14, -7.544011570016e-01, 3.333162753368e-05, 2.2053e+00, 3.9588e-02, 
 2DIAGNOSTIC,    15, -7.544589446176e-01, 1.575182231779e-05, 2.2449e+00, 3.9550e-02, 
 2DIAGNOSTIC,    16, -7.544524995204e-01, 1.859143904973e-05, 2.2836e+00, 3.8715e-02, 
 2DIAGNOSTIC,    17, -7.544618366235e-01, 1.889084576633e-05, 2.3189e+00, 3.5328e-02, 
 2DIAGNOSTIC,    18, -7.544835143723e-01, 1.812071986611e-05, 2.3523e+00, 3.3340e-02, 
 2DIAGNOSTIC,    19, -7.544596323979e-01, 1.528293307314e-05, 2.3910e+00, 3.8767e-02, 
 2DIAGNOSTIC,    20, -7.544924367164e-01, 1.234729474814e-05, 2.4372e+00, 4.6206e-02, 
 2DIAGNOSTIC,    21, -7.544927478427e-01, 9.057381459704e-06, 2.4751e+00, 3.7846e-02, 
 2DIAGNOSTIC,    22, -7.544830673310e-01, 5.984355677488e-06, 2.5098e+00, 3.4683e-02, 
 2DIAGNOSTIC,    23, -7.544588272649e-01, 3.307771176943e-06, 2.5420e+00, 3.2265e-02, 
 2DIAGNOSTIC,    24, -7.544227874128e-01, 1.232501570685e-06, 2.5838e+00, 4.1715e-02, 
DIAGNOSTIC,Iteration,metricValue,convergenceValue,ITERATION_TIME_INDEX,SINCE_LAST
 2DIAGNOSTIC,     1, -6.418671236707e-01, 1.797693134862e+308, 3.7902e+00, 1.2064e+00, 
 2DIAGNOSTIC,     2, -6.422808293711e-01, 1.797693134862e+308, 4.0569e+00, 2.6672e-01, 
 2DIAGNOSTIC,     3, -6.427021203035e-01, 1.797693134862e+308, 4.3302e+00, 2.7328e-01, 
 2DIAGNOSTIC,     4, -6.431767509680e-01, 1.797693134862e+308, 4.6156e+00, 2.8545e-01, 
 2DIAGNOSTIC,     5, -6.440009476205e-01, 1.797693134862e+308, 4.9055e+00, 2.8983e-01, 
 2DIAGNOSTIC,     6, -6.448960045263e-01, 1.797693134862e+308, 5.4059e+00, 5.0045e-01, 
 2DIAGNOSTIC,     7, -6.448872948329e-01, 1.797693134862e+308, 5.9380e+00, 5.3209e-01, 
 2DIAGNOSTIC,     8, -6.448868003178e-01, 1.797693134862e+308, 6.2420e+00, 3.0396e-01, 
 2DIAGNOSTIC,     9, -6.448812316394e-01, 1.797693134862e+308, 6.5921e+00, 3.5016e-01, 
 2DIAGNOSTIC,    10, -6.448836660492e-01, 3.461087981877e-04, 6.9226e+00, 3.3044e-01, 
 2DIAGNOSTIC,    11, -6.448815502373e-01, 2.482662197731e-04, 7.2222e+00, 2.9963e-01, 
 2DIAGNOSTIC,    12, -6.448813656661e-01, 1.601040675771e-04, 7.5563e+00, 3.3408e-01, 
 2DIAGNOSTIC,    13, -6.448821599383e-01, 8.600780101280e-05, 7.8835e+00, 3.2722e-01, 
 2DIAGNOSTIC,    14, -6.448802485153e-01, 2.940986086654e-05, 8.1955e+00, 3.1204e-01, 
 2DIAGNOSTIC,    15, -6.448770859027e-01, 1.281155436739e-06, 8.5283e+00, 3.3277e-01, 
 2DIAGNOSTIC,    16, -6.448767686725e-01, 1.426657535428e-06, 8.8680e+00, 3.3974e-01, 
 2DIAGNOSTIC,    17, -6.448746261619e-01, 1.323596670835e-06, 9.2072e+00, 3.3912e-01, 
 2DIAGNOSTIC,    18, -6.448736559428e-01, 1.250645924170e-06, 9.5090e+00, 3.0179e-01, 
 2DIAGNOSTIC,    19, -6.448715719740e-01, 1.054333624982e-06, 9.7950e+00, 2.8608e-01, 
 2DIAGNOSTIC,    20, -6.448728634124e-01, 1.020786748920e-06, 1.0113e+01, 3.1795e-01, 
DIAGNOSTIC,Iteration,metricValue,convergenceValue,ITERATION_TIME_INDEX,SINCE_LAST
 2DIAGNOSTIC,     1, -5.762600964970e-01, 1.797693134862e+308, 1.2895e+01, 2.7825e+00, 
 2DIAGNOSTIC,     2, -5.767081351135e-01, 1.797693134862e+308, 1.4548e+01, 1.6523e+00, 
 2DIAGNOSTIC,     3, -5.772153615276e-01, 1.797693134862e+308, 1.6223e+01, 1.6753e+00, 
 2DIAGNOSTIC,     4, -5.777684630573e-01, 1.797693134862e+308, 1.7986e+01, 1.7634e+00, 
 2DIAGNOSTIC,     5, -5.788310963722e-01, 1.797693134862e+308, 2.0142e+01, 2.1560e+00, 
 2DIAGNOSTIC,     6, -5.798870636591e-01, 1.797693134862e+308, 2.2209e+01, 2.0666e+00, 
 2DIAGNOSTIC,     7, -5.800053272502e-01, 1.797693134862e+308, 2.5882e+01, 3.6727e+00, 
 2DIAGNOSTIC,     8, -5.800058666337e-01, 1.797693134862e+308, 2.7897e+01, 2.0156e+00, 
 2DIAGNOSTIC,     9, -5.800056396597e-01, 1.797693134862e+308, 2.9867e+01, 1.9701e+00, 
 2DIAGNOSTIC,    10, -5.800053891884e-01, 4.847007579179e-04, 3.1713e+01, 1.8457e+00, 
 2DIAGNOSTIC,    11, -5.800042301665e-01, 3.543120181380e-04, 3.3564e+01, 1.8512e+00, 
 2DIAGNOSTIC,    12, -5.800040014699e-01, 2.326578203932e-04, 3.5661e+01, 2.0964e+00, 
 2DIAGNOSTIC,    13, -5.800041051102e-01, 1.286634180209e-04, 3.8265e+01, 2.6040e+00, 
 2DIAGNOSTIC,    14, -5.800041856838e-01, 4.692624305185e-05, 4.0132e+01, 1.8674e+00, 
 2DIAGNOSTIC,    15, -5.800039643896e-01, 5.844278940764e-06, 4.1952e+01, 1.8195e+00, 
 2DIAGNOSTIC,    16, -5.800037145627e-01, 1.839705238066e-06, 4.3705e+01, 1.7532e+00, 
 2DIAGNOSTIC,    17, -5.800038024895e-01, 1.736607104931e-06, 4.5765e+01, 2.0606e+00, 
 2DIAGNOSTIC,    18, -5.800037394288e-01, 1.669925659344e-06, 4.7546e+01, 1.7806e+00, 
 2DIAGNOSTIC,    19, -5.800034351153e-01, 1.605451748675e-06, 4.9344e+01, 1.7975e+00, 
 2DIAGNOSTIC,    20, -5.800033800208e-01, 1.547641051973e-06, 5.1166e+01, 1.8222e+00, 
 2DIAGNOSTIC,    21, -5.800034940684e-01, 1.475344843405e-06, 5.2956e+01, 1.7907e+00, 
 2DIAGNOSTIC,    22, -5.800032040146e-01, 1.401566617425e-06, 5.4811e+01, 1.8550e+00, 
 2DIAGNOSTIC,    23, -5.800033237645e-01, 1.343298106408e-06, 5.6693e+01, 1.8814e+00, 
