
##########################
# Experiment information #
##########################

EXPERIMENT_NAME: antsRegistration-r8-p18
VFC_BACKENDS: libinterflop_vprec.so --range-binary32=8 --precision-binary32=18 --range-binary64=8 --precision-binary64=18

SIF_IMG: /home/mdugre/projects/rrg-glatard/mdugre/containers/ants-vprec-no_metrics.simg

SUBJECT_ID: s020
INPUT_IMG: /home/mdugre/scratch/mri-registration-rp/datasets/ds004513/derivatives/mri-registration-rp/antsBrainExtraction/sub-s020/BrainExtractionBrain.nii.gz
OUTPUT_DIR: /home/mdugre/scratch/mri-registration-rp/datasets/ds004513/derivatives/mri-registration-rp/0100/antsRegistration-r8-p18/sub-s020

FIXED_IMG: /templateflow/tpl-MNI152NLin2009cAsym/tpl-MNI152NLin2009cAsym_res-01_desc-brain_T1w.nii.gz
DATA_DIR: /home/mdugre/scratch/mri-registration-rp/datasets/ds004513
TEMPLATEFLOW_DIR: /home/mdugre/projects/rrg-glatard/mdugre/templateflow
ITK_GLOBAL_DEFAULT_NUMBER_OF_THREADS: 16
##########################

Info [verificarlo]: loaded backend libinterflop_ieee.so
Info [interflop-ieee]: load backend with:
Info [interflop-ieee]: debug = false
Info [interflop-ieee]: debug-binary = false
Info [interflop-ieee]: no-backend-name = false
Info [interflop-ieee]: print-new-line = false
Info [interflop-ieee]: print-subnormal-normalized = false
Info [interflop-ieee]: count-op = false
All_Command_lines_OK
Using double precision for computations.
=============================================================================
The composite transform comprises the following transforms (in order): 
  1. Center of mass alignment using fixed image: /templateflow/tpl-MNI152NLin2009cAsym/tpl-MNI152NLin2009cAsym_res-01_desc-brain_T1w.nii.gz and moving image: /home/mdugre/scratch/mri-registration-rp/datasets/ds004513/derivatives/mri-registration-rp/antsBrainExtraction/sub-s020/BrainExtractionBrain.nii.gz (type = Euler3DTransform)
=============================================================================
  number of levels = 1
  fixed image: /templateflow/tpl-MNI152NLin2009cAsym/tpl-MNI152NLin2009cAsym_res-01_desc-brain_T1w.nii.gz
  moving image: /home/mdugre/scratch/mri-registration-rp/datasets/ds004513/derivatives/mri-registration-rp/antsBrainExtraction/sub-s020/BrainExtractionBrain.nii.gz
Dimension = 3
Number of stages = 1
Use histogram matching = false
Winsorize image intensities = true
  Lower quantile = 0.005
  Upper quantile = 0.995


Stage 1 State
   Image metric = MattesMI
     Fixed image = Image (0x433ce70)
  RTTI typeinfo:   itk::Image<double, 3u>
  Reference Count: 2
  Modified Time: 2334
  Debug: Off
  Object Name: 
  Observers: 
    none
  Source: (none)
  Source output name: (none)
  Release Data: Off
  Data Released: False
  Global Release Data: Off
  PipelineMTime: 0
  UpdateMTime: 1943
  RealTimeStamp: 0 seconds 
  LargestPossibleRegion: 
    Dimension: 3
    Index: [0, 0, 0]
    Size: [193, 229, 193]
  BufferedRegion: 
    Dimension: 3
    Index: [0, 0, 0]
    Size: [193, 229, 193]
  RequestedRegion: 
    Dimension: 3
    Index: [0, 0, 0]
    Size: [193, 229, 193]
  Spacing: [1, 1, 1]
  Origin: [96, 132, -78]
  Direction: 
-1 0 0
0 -1 0
0 0 1

  IndexToPointMatrix: 
-1 0 0
0 -1 0
0 0 1

  PointToIndexMatrix: 
-1 0 0
0 -1 0
0 0 1

  Inverse Direction: 
-1 0 0
0 -1 0
0 0 1

  PixelContainer: 
    ImportImageContainer (0x4345c60)
      RTTI typeinfo:   itk::ImportImageContainer<unsigned long, double>
      Reference Count: 1
      Modified Time: 1940
      Debug: Off
      Object Name: 
      Observers: 
        none
      Pointer: 0x151750ea5010
      Container manages memory: true
      Size: 8530021
      Capacity: 8530021

     Moving image = Image (0x4348610)
  RTTI typeinfo:   itk::Image<double, 3u>
  Reference Count: 2
  Modified Time: 2335
  Debug: Off
  Object Name: 
  Observers: 
    none
  Source: (none)
  Source output name: (none)
  Release Data: Off
  Data Released: False
  Global Release Data: Off
  PipelineMTime: 0
  UpdateMTime: 2332
  RealTimeStamp: 0 seconds 
  LargestPossibleRegion: 
    Dimension: 3
    Index: [0, 0, 0]
    Size: [160, 240, 256]
  BufferedRegion: 
    Dimension: 3
    Index: [0, 0, 0]
    Size: [160, 240, 256]
  RequestedRegion: 
    Dimension: 3
    Index: [0, 0, 0]
    Size: [160, 240, 256]
  Spacing: [0.999995, 1, 1]
  Origin: [87.0906, 98.7205, -152.377]
  Direction: 
-0.996975 0.0261379 -0.0731913
-0.0260677 -0.999658 -0.00191374
-0.0732163 -2.46403e-08 0.997316

  IndexToPointMatrix: 
-0.996971 0.0261379 -0.0731913
-0.0260676 -0.999658 -0.00191374
-0.0732159 -2.46403e-08 0.997316

  PointToIndexMatrix: 
-0.99698 -0.0260679 -0.0732166
0.0261379 -0.999658 -2.46993e-08
-0.0731913 -0.00191374 0.997316

  Inverse Direction: 
-0.996975 -0.0260677 -0.0732163
0.0261379 -0.999658 -2.46993e-08
-0.0731913 -0.00191374 0.997316

  PixelContainer: 
    ImportImageContainer (0x43e1ef0)
      RTTI typeinfo:   itk::ImportImageContainer<unsigned long, double>
      Reference Count: 1
      Modified Time: 2329
      Debug: Off
      Object Name: 
      Observers: 
        none
      Pointer: 0x15174c3a4010
      Container manages memory: true
      Size: 9830400
      Capacity: 9830400

     Weighting = 1
     Sampling strategy = regular
     Number of bins = 32
     Radius = 4
     Sampling percentage  = 0.25
   Transform = Rigid
     Gradient step = 0.1
     Update field sigma (voxel space) = 0
     Total field sigma (voxel space) = 0
     Update field time sigma = 0
     Total field time sigma  = 0
     Number of time indices = 0
     Number of time point samples = 0
Registration using 1 total stages.

Stage 0
  iterations = 0
  convergence threshold = 1e-06
  convergence window size = 10
  number of levels = 1
  using the Mattes MI metric (number of bins = 32, weight = 1, use gradient filter = 0)
  preprocessing:  winsorizing the image intensities
  Shrink factors (level 1 out of 1): [1, 1, 1]
  smoothing sigmas per level: [0]
  regular sampling (percentage = 0.25)

*** Running Euler3DTransform registration ***

  Elapsed time (stage 0): 0.914262


Total elapsed time: 0.91651
Info [verificarlo]: loaded backend libinterflop_vprec.so
Info [interflop-vprec]: load backend with: 
Info [interflop-vprec]: precision-binary32 = 18
Info [interflop-vprec]: range-binary32 = 8
Info [interflop-vprec]: precision-binary64 = 18
Info [interflop-vprec]: range-binary64 = 8
Info [interflop-vprec]: mode = ob
Info [interflop-vprec]: error-mode = rel
Info [interflop-vprec]: max-abs-error-exponent = -1022
Info [interflop-vprec]: daz = false
Info [interflop-vprec]: ftz = false
Info [interflop-vprec]: 	instrument = none
Info [interflop-vprec]: 	prec-input-file = (null)
Info [interflop-vprec]: 	prec-output-file = (null)
Info [interflop-vprec]: 	prec-log-file = (null)
All_Command_lines_OK
Using double precision for computations.
=============================================================================
The composite transform comprises the following transforms (in order): 
  1. /home/mdugre/scratch/mri-registration-rp/datasets/ds004513/derivatives/mri-registration-rp/0100/antsRegistration-r8-p18/sub-s020/align_Composite.h5[0] (type = Euler3DTransform)
  2. /home/mdugre/scratch/mri-registration-rp/datasets/ds004513/derivatives/mri-registration-rp/0100/antsRegistration-r8-p18/sub-s020/align_Composite.h5[1] (type = Euler3DTransform)
=============================================================================
  number of levels = 4
  fixed image: /templateflow/tpl-MNI152NLin2009cAsym/tpl-MNI152NLin2009cAsym_res-01_desc-brain_T1w.nii.gz
  moving image: /home/mdugre/scratch/mri-registration-rp/datasets/ds004513/derivatives/mri-registration-rp/antsBrainExtraction/sub-s020/BrainExtractionBrain.nii.gz
Dimension = 3
Number of stages = 1
Use histogram matching = false
Winsorize image intensities = true
  Lower quantile = 0.005
  Upper quantile = 0.995


Stage 1 State
   Image metric = MattesMI
     Fixed image = Image (0x3bb21e0)
  RTTI typeinfo:   itk::Image<double, 3u>
  Reference Count: 2
  Modified Time: 1580
  Debug: Off
  Object Name: 
  Observers: 
    none
  Source: (none)
  Source output name: (none)
  Release Data: Off
  Data Released: False
  Global Release Data: Off
  PipelineMTime: 0
  UpdateMTime: 1189
  RealTimeStamp: 0 seconds 
  LargestPossibleRegion: 
    Dimension: 3
    Index: [0, 0, 0]
    Size: [193, 229, 193]
  BufferedRegion: 
    Dimension: 3
    Index: [0, 0, 0]
    Size: [193, 229, 193]
  RequestedRegion: 
    Dimension: 3
    Index: [0, 0, 0]
    Size: [193, 229, 193]
  Spacing: [1, 1, 1]
  Origin: [96, 132, -78]
  Direction: 
-1 0 0
0 -1 0
0 0 1

  IndexToPointMatrix: 
-1 0 0
0 -1 0
0 0 1

  PointToIndexMatrix: 
-1 0 0
0 -1 0
0 0 1

  Inverse Direction: 
-1 0 0
0 -1 0
0 0 1

  PixelContainer: 
    ImportImageContainer (0x3c71680)
      RTTI typeinfo:   itk::ImportImageContainer<unsigned long, double>
      Reference Count: 1
      Modified Time: 1186
      Debug: Off
      Object Name: 
      Observers: 
        none
      Pointer: 0x154f46093010
      Container manages memory: true
      Size: 8530021
      Capacity: 8530021

     Moving image = Image (0x3c6db20)
  RTTI typeinfo:   itk::Image<double, 3u>
  Reference Count: 2
  Modified Time: 1581
  Debug: Off
  Object Name: 
  Observers: 
    none
  Source: (none)
  Source output name: (none)
  Release Data: Off
  Data Released: False
  Global Release Data: Off
  PipelineMTime: 0
  UpdateMTime: 1578
  RealTimeStamp: 0 seconds 
  LargestPossibleRegion: 
    Dimension: 3
    Index: [0, 0, 0]
    Size: [160, 240, 256]
  BufferedRegion: 
    Dimension: 3
    Index: [0, 0, 0]
    Size: [160, 240, 256]
  RequestedRegion: 
    Dimension: 3
    Index: [0, 0, 0]
    Size: [160, 240, 256]
  Spacing: [0.999996, 1, 1]
  Origin: [87.0906, 98.7205, -152.377]
  Direction: 
-0.996975 0.0261379 -0.0731912
-0.0260677 -0.999659 -0.00191374
-0.0732162 -2.46403e-08 0.997316

  IndexToPointMatrix: 
-0.996971 0.0261379 -0.0731912
-0.0260676 -0.999659 -0.00191374
-0.073216 -2.46403e-08 0.997316

  PointToIndexMatrix: 
-0.996979 -0.0260679 -0.0732164
0.0261378 -0.999659 8.15839e-07
-0.0731912 -0.0019129 0.997316

  Inverse Direction: 
-0.996975 -0.0260677 -0.0732162
0.0261378 -0.999659 8.15839e-07
-0.0731912 -0.0019129 0.997316

  PixelContainer: 
    ImportImageContainer (0x3cd6d50)
      RTTI typeinfo:   itk::ImportImageContainer<unsigned long, double>
      Reference Count: 1
      Modified Time: 1575
      Debug: Off
      Object Name: 
      Observers: 
        none
      Pointer: 0x154f41592010
      Container manages memory: true
      Size: 9830400
      Capacity: 9830400

     Weighting = 1
     Sampling strategy = regular
     Number of bins = 32
     Radius = 4
     Sampling percentage  = 0.25
   Transform = Rigid
     Gradient step = 0.1
     Update field sigma (voxel space) = 0
     Total field sigma (voxel space) = 0
     Update field time sigma = 0
     Total field time sigma  = 0
     Number of time indices = 0
     Number of time point samples = 0
Registration using 1 total stages.

Stage 0
  iterations = 1000x500x250x100
  convergence threshold = 1e-06
  convergence window size = 10
  number of levels = 4
  using the Mattes MI metric (number of bins = 32, weight = 1, use gradient filter = 0)
  preprocessing:  winsorizing the image intensities
  Shrink factors (level 1 out of 4): [8, 8, 8]
  Shrink factors (level 2 out of 4): [4, 4, 4]
  Shrink factors (level 3 out of 4): [2, 2, 2]
  Shrink factors (level 4 out of 4): [1, 1, 1]
  smoothing sigmas per level: [3, 2, 1, 0]
  regular sampling (percentage = 0.25)

*** Running Euler3DTransform registration ***

DIAGNOSTIC,Iteration,metricValue,convergenceValue,ITERATION_TIME_INDEX,SINCE_LAST
 2DIAGNOSTIC,     1, -3.786800421498e-01, 1.797693134862e+308, 0.0000e+00, 0.0000e+00, 
 2DIAGNOSTIC,     2, -3.799053983021e-01, 1.797693134862e+308, 0.0000e+00, 0.0000e+00, 
 2DIAGNOSTIC,     3, -3.824925332263e-01, 1.797693134862e+308, 0.0000e+00, 0.0000e+00, 
 2DIAGNOSTIC,     4, -3.874573787344e-01, 1.797693134862e+308, 0.0000e+00, 0.0000e+00, 
 2DIAGNOSTIC,     5, -3.904842337566e-01, 1.797693134862e+308, 0.0000e+00, 0.0000e+00, 
 2DIAGNOSTIC,     6, -3.909609984957e-01, 1.797693134862e+308, 0.0000e+00, 0.0000e+00, 
 2DIAGNOSTIC,     7, -3.922546817901e-01, 1.797693134862e+308, 0.0000e+00, 0.0000e+00, 
 2DIAGNOSTIC,     8, -4.047381301110e-01, 1.797693134862e+308, 0.0000e+00, 0.0000e+00, 
 2DIAGNOSTIC,     9, -4.109070009246e-01, 1.797693134862e+308, 0.0000e+00, 0.0000e+00, 
 2DIAGNOSTIC,    10, -4.173968093822e-01, 6.050789907894e-03, 0.0000e+00, 0.0000e+00, 
 2DIAGNOSTIC,    11, -4.227239419962e-01, 6.305492650346e-03, 0.0000e+00, 0.0000e+00, 
 2DIAGNOSTIC,    12, -4.326208858887e-01, 6.600157854141e-03, 0.0000e+00, 0.0000e+00, 
 2DIAGNOSTIC,    13, -4.431619651961e-01, 6.929992467556e-03, 0.0000e+00, 0.0000e+00, 
 2DIAGNOSTIC,    14, -4.434694658987e-01, 6.830645447627e-03, 0.0000e+00, 0.0000e+00, 
 2DIAGNOSTIC,    15, -4.441211660641e-01, 6.311749833281e-03, 0.0000e+00, 0.0000e+00, 
 2DIAGNOSTIC,    16, -4.465920689862e-01, 5.422691418458e-03, 0.0000e+00, 0.0000e+00, 
 2DIAGNOSTIC,    17, -4.500704557776e-01, 4.322855942745e-03, 0.0000e+00, 0.0000e+00, 
 2DIAGNOSTIC,    18, -4.504795570825e-01, 3.437946133974e-03, 0.0000e+00, 0.0000e+00, 
 2DIAGNOSTIC,    19, -4.513225223204e-01, 2.590361298525e-03, 0.0000e+00, 0.0000e+00, 
 2DIAGNOSTIC,    20, -4.521898981433e-01, 1.849457846727e-03, 0.0000e+00, 0.0000e+00, 
 2DIAGNOSTIC,    21, -4.533076722903e-01, 1.213446641463e-03, 0.0000e+00, 0.0000e+00, 
 2DIAGNOSTIC,    22, -4.540798372128e-01, 8.423776457094e-04, 0.0000e+00, 0.0000e+00, 
 2DIAGNOSTIC,    23, -4.549334016392e-01, 7.608007914341e-04, 0.0000e+00, 0.0000e+00, 
 2DIAGNOSTIC,    24, -4.562825859766e-01, 6.631193970214e-04, 0.0000e+00, 0.0000e+00, 
 2DIAGNOSTIC,    25, -4.563530524093e-01, 5.295317966845e-04, 0.0000e+00, 0.0000e+00, 
 2DIAGNOSTIC,    26, -4.566026614706e-01, 4.250156115397e-04, 0.0000e+00, 0.0000e+00, 
 2DIAGNOSTIC,    27, -4.571971319147e-01, 3.892507275181e-04, 0.0000e+00, 0.0000e+00, 
 2DIAGNOSTIC,    28, -4.574106471881e-01, 3.336895875577e-04, 0.0000e+00, 0.0000e+00, 
 2DIAGNOSTIC,    29, -4.574812959694e-01, 2.712305374969e-04, 0.0000e+00, 0.0000e+00, 
 2DIAGNOSTIC,    30, -4.575902647720e-01, 2.090335260433e-04, 0.0000e+00, 0.0000e+00, 
 2DIAGNOSTIC,    31, -4.576418304292e-01, 1.563609927102e-04, 0.0000e+00, 0.0000e+00, 
 2DIAGNOSTIC,    32, -4.586800745232e-01, 1.292603026837e-04, 0.0000e+00, 0.0000e+00, 
 2DIAGNOSTIC,    33, -4.625472678176e-01, 1.841403451067e-04, 0.0000e+00, 0.0000e+00, 
 2DIAGNOSTIC,    34, -4.727431056383e-01, 4.382936852005e-04, 0.0000e+00, 0.0000e+00, 
 2DIAGNOSTIC,    35, -4.801494503213e-01, 7.699162579892e-04, 0.0000e+00, 0.0000e+00, 
 2DIAGNOSTIC,    36, -4.884878364628e-01, 1.161986481502e-03, 0.0000e+00, 0.0000e+00, 
 2DIAGNOSTIC,    37, -4.901895882659e-01, 1.460018975603e-03, 0.0000e+00, 0.0000e+00, 
 2DIAGNOSTIC,    38, -4.903176954942e-01, 1.608946235108e-03, 0.0000e+00, 0.0000e+00, 
 2DIAGNOSTIC,    39, -4.909564844092e-01, 1.607449419788e-03, 0.0000e+00, 0.0000e+00, 
 2DIAGNOSTIC,    40, -4.919951663081e-01, 1.469812400630e-03, 0.0000e+00, 0.0000e+00, 
 2DIAGNOSTIC,    41, -4.920633444748e-01, 1.201493473620e-03, 0.0000e+00, 0.0000e+00, 
 2DIAGNOSTIC,    42, -4.923565197509e-01, 8.545815900322e-04, 0.0000e+00, 0.0000e+00, 
 2DIAGNOSTIC,    43, -4.924374353669e-01, 5.015415669765e-04, 0.0000e+00, 0.0000e+00, 
 2DIAGNOSTIC,    44, -4.924726124589e-01, 2.647142903857e-04, 0.0000e+00, 0.0000e+00, 
 2DIAGNOSTIC,    45, -4.925614535871e-01, 1.165599663227e-04, 0.0000e+00, 0.0000e+00, 
 2DIAGNOSTIC,    46, -4.926098926496e-01, 7.911744677932e-05, 0.0000e+00, 0.0000e+00, 
 2DIAGNOSTIC,    47, -4.927558389248e-01, 6.095406392325e-05, 0.0000e+00, 0.0000e+00, 
 2DIAGNOSTIC,    48, -4.927037929226e-01, 3.873532406694e-05, 0.0000e+00, 0.0000e+00, 
 2DIAGNOSTIC,    49, -4.930611739556e-01, 2.637621982258e-05, 0.0000e+00, 0.0000e+00, 
 2DIAGNOSTIC,    50, -4.930849439514e-01, 2.534157076967e-05, 0.0000e+00, 0.0000e+00, 
 2DIAGNOSTIC,    51, -4.931277208487e-01, 2.328259618693e-05, 0.0000e+00, 0.0000e+00, 
 2DIAGNOSTIC,    52, -4.930853808412e-01, 2.218502824554e-05, 0.0000e+00, 0.0000e+00, 
 2DIAGNOSTIC,    53, -4.931263663193e-01, 2.052876823993e-05, 0.0000e+00, 0.0000e+00, 
 2DIAGNOSTIC,    54, -4.931901417233e-01, 1.810029914875e-05, 0.0000e+00, 0.0000e+00, 
 2DIAGNOSTIC,    55, -4.941323770173e-01, 2.571167134540e-05, 0.0000e+00, 0.0000e+00, 
 2DIAGNOSTIC,    56, -4.971128917873e-01, 6.395648531641e-05, 0.0000e+00, 0.0000e+00, 
 2DIAGNOSTIC,    57, -4.980601681961e-01, 1.058432598055e-04, 0.0000e+00, 0.0000e+00, 
 2DIAGNOSTIC,    58, -5.021503744319e-01, 1.793226593958e-04, 0.0000e+00, 0.0000e+00, 
 2DIAGNOSTIC,    59, -5.044554279054e-01, 2.601541058385e-04, 0.0000e+00, 0.0000e+00, 
 2DIAGNOSTIC,    60, -5.054254678734e-01, 3.230172041959e-04, 0.0000e+00, 0.0000e+00, 
 2DIAGNOSTIC,    61, -5.059015743900e-01, 3.580072805641e-04, 0.0000e+00, 0.0000e+00, 
 2DIAGNOSTIC,    62, -5.062405012773e-01, 3.604346750456e-04, 0.0000e+00, 0.0000e+00, 
 2DIAGNOSTIC,    63, -5.067012856433e-01, 3.329675319098e-04, 0.0000e+00, 0.0000e+00, 
 2DIAGNOSTIC,    64, -5.068772180789e-01, 2.764416884523e-04, 0.0000e+00, 0.0000e+00, 
 2DIAGNOSTIC,    65, -5.068817562059e-01, 2.039424157349e-04, 0.0000e+00, 0.0000e+00, 
 2DIAGNOSTIC,    66, -5.068300325491e-01, 1.419471492358e-04, 0.0000e+00, 0.0000e+00, 
 2DIAGNOSTIC,    67, -5.068591813947e-01, 7.654852363756e-05, 0.0000e+00, 0.0000e+00, 
 2DIAGNOSTIC,    68, -5.068854448765e-01, 4.234815755601e-05, 0.0000e+00, 0.0000e+00, 
 2DIAGNOSTIC,    69, -5.069080997808e-01, 2.555792772168e-05, 0.0000e+00, 0.0000e+00, 
 2DIAGNOSTIC,    70, -5.069950678607e-01, 1.604515887129e-05, 0.0000e+00, 0.0000e+00, 
 2DIAGNOSTIC,    71, -5.069277242797e-01, 8.804804428299e-06, 0.0000e+00, 0.0000e+00, 
 2DIAGNOSTIC,    72, -5.070800554821e-01, 5.055486916355e-06, 0.0000e+00, 0.0000e+00, 
 2DIAGNOSTIC,    73, -5.070885758610e-01, 4.790341972625e-06, 0.0000e+00, 0.0000e+00, 
 2DIAGNOSTIC,    74, -5.070157362796e-01, 4.955486442731e-06, 0.0000e+00, 0.0000e+00, 
 2DIAGNOSTIC,    75, -5.070220774238e-01, 4.815740387399e-06, 0.0000e+00, 0.0000e+00, 
 2DIAGNOSTIC,    76, -5.070225743938e-01, 3.845155325989e-06, 0.0000e+00, 0.0000e+00, 
 2DIAGNOSTIC,    77, -5.071022727730e-01, 3.407874301179e-06, 0.0000e+00, 0.0000e+00, 
 2DIAGNOSTIC,    78, -5.071035433267e-01, 2.883822535509e-06, 0.0000e+00, 0.0000e+00, 
 2DIAGNOSTIC,    79, -5.071084488117e-01, 2.357818531551e-06, 0.0000e+00, 0.0000e+00, 
 2DIAGNOSTIC,    80, -5.071358344074e-01, 2.560112671803e-06, 0.0000e+00, 0.0000e+00, 
 2DIAGNOSTIC,    81, -5.071099905379e-01, 1.810380334017e-06, 0.0000e+00, 0.0000e+00, 
 2DIAGNOSTIC,    82, -5.071102906272e-01, 2.055769046284e-06, 0.0000e+00, 0.0000e+00, 
 2DIAGNOSTIC,    83, -5.071131821297e-01, 2.232876926933e-06, 0.0000e+00, 0.0000e+00, 
 2DIAGNOSTIC,    84, -5.071142605918e-01, 1.719549575301e-06, 0.0000e+00, 0.0000e+00, 
 2DIAGNOSTIC,    85, -5.071143800165e-01, 1.141602778783e-06, 0.0000e+00, 0.0000e+00, 
DIAGNOSTIC,Iteration,metricValue,convergenceValue,ITERATION_TIME_INDEX,SINCE_LAST
 2DIAGNOSTIC,     1, -3.972300124928e-01, 1.797693134862e+308, 0.0000e+00, 0.0000e+00, 
 2DIAGNOSTIC,     2, -3.977885061443e-01, 1.797693134862e+308, 0.0000e+00, 0.0000e+00, 
 2DIAGNOSTIC,     3, -3.991591073698e-01, 1.797693134862e+308, 0.0000e+00, 0.0000e+00, 
 2DIAGNOSTIC,     4, -4.009403169379e-01, 1.797693134862e+308, 0.0000e+00, 0.0000e+00, 
 2DIAGNOSTIC,     5, -4.039531435875e-01, 1.797693134862e+308, 0.0000e+00, 0.0000e+00, 
 2DIAGNOSTIC,     6, -4.052185095333e-01, 1.797693134862e+308, 0.0000e+00, 0.0000e+00, 
 2DIAGNOSTIC,     7, -4.056533545595e-01, 1.797693134862e+308, 0.0000e+00, 0.0000e+00, 
 2DIAGNOSTIC,     8, -4.073940236436e-01, 1.797693134862e+308, 0.0000e+00, 0.0000e+00, 
 2DIAGNOSTIC,     9, -4.083094549744e-01, 1.797693134862e+308, 0.0000e+00, 0.0000e+00, 
 2DIAGNOSTIC,    10, -4.088928252162e-01, 2.049219713856e-03, 0.0000e+00, 0.0000e+00, 
 2DIAGNOSTIC,    11, -4.104018025421e-01, 1.791209787489e-03, 0.0000e+00, 0.0000e+00, 
 2DIAGNOSTIC,    12, -4.120413080527e-01, 1.544313715323e-03, 0.0000e+00, 0.0000e+00, 
 2DIAGNOSTIC,    13, -4.127250816426e-01, 1.305093767510e-03, 0.0000e+00, 0.0000e+00, 
 2DIAGNOSTIC,    14, -4.132906233289e-01, 1.096551128858e-03, 0.0000e+00, 0.0000e+00, 
 2DIAGNOSTIC,    15, -4.138029379505e-01, 9.806319406939e-04, 0.0000e+00, 0.0000e+00, 
 2DIAGNOSTIC,    16, -4.149338737271e-01, 8.939605148280e-04, 0.0000e+00, 0.0000e+00, 
 2DIAGNOSTIC,    17, -4.157802480643e-01, 7.847515045254e-04, 0.0000e+00, 0.0000e+00, 
 2DIAGNOSTIC,    18, -4.159003915495e-01, 6.870322016197e-04, 0.0000e+00, 0.0000e+00, 
 2DIAGNOSTIC,    19, -4.181096467889e-01, 6.520575564797e-04, 0.0000e+00, 0.0000e+00, 
 2DIAGNOSTIC,    20, -4.185826191940e-01, 5.943461154636e-04, 0.0000e+00, 0.0000e+00, 
 2DIAGNOSTIC,    21, -4.186524992257e-01, 5.379990715847e-04, 0.0000e+00, 0.0000e+00, 
 2DIAGNOSTIC,    22, -4.186805669207e-01, 4.899160485791e-04, 0.0000e+00, 0.0000e+00, 
 2DIAGNOSTIC,    23, -4.186740100755e-01, 4.209180473146e-04, 0.0000e+00, 0.0000e+00, 
 2DIAGNOSTIC,    24, -4.186520571027e-01, 3.334452215000e-04, 0.0000e+00, 0.0000e+00, 
 2DIAGNOSTIC,    25, -4.187041331815e-01, 2.365619788289e-04, 0.0000e+00, 0.0000e+00, 
 2DIAGNOSTIC,    26, -4.187720418247e-01, 1.572398199586e-04, 0.0000e+00, 0.0000e+00, 
 2DIAGNOSTIC,    27, -4.188156494596e-01, 9.270651029327e-05, 0.0000e+00, 0.0000e+00, 
 2DIAGNOSTIC,    28, -4.188408068708e-01, 2.643554887354e-05, 0.0000e+00, 0.0000e+00, 
 2DIAGNOSTIC,    29, -4.188969486336e-01, 1.604229987420e-05, 0.0000e+00, 0.0000e+00, 
 2DIAGNOSTIC,    30, -4.189628097771e-01, 1.724518246345e-05, 0.0000e+00, 0.0000e+00, 
 2DIAGNOSTIC,    31, -4.190352438440e-01, 1.992285099459e-05, 0.0000e+00, 0.0000e+00, 
 2DIAGNOSTIC,    32, -4.191770411951e-01, 2.428223954867e-05, 0.0000e+00, 0.0000e+00, 
 2DIAGNOSTIC,    33, -4.194032422905e-01, 3.073561583575e-05, 0.0000e+00, 0.0000e+00, 
 2DIAGNOSTIC,    34, -4.199409522958e-01, 4.431580511052e-05, 0.0000e+00, 0.0000e+00, 
 2DIAGNOSTIC,    35, -4.200288078525e-01, 5.548248876137e-05, 0.0000e+00, 0.0000e+00, 
 2DIAGNOSTIC,    36, -4.204607237172e-01, 7.048006887342e-05, 0.0000e+00, 0.0000e+00, 
 2DIAGNOSTIC,    37, -4.208089583802e-01, 8.521407091112e-05, 0.0000e+00, 0.0000e+00, 
 2DIAGNOSTIC,    38, -4.208204165883e-01, 9.162271705066e-05, 0.0000e+00, 0.0000e+00, 
 2DIAGNOSTIC,    39, -4.208202327218e-01, 9.006831402499e-05, 0.0000e+00, 0.0000e+00, 
 2DIAGNOSTIC,    40, -4.208105514815e-01, 8.111729137129e-05, 0.0000e+00, 0.0000e+00, 
 2DIAGNOSTIC,    41, -4.208389868273e-01, 6.661794655715e-05, 0.0000e+00, 0.0000e+00, 
 2DIAGNOSTIC,    42, -4.208435953444e-01, 4.881018644492e-05, 0.0000e+00, 0.0000e+00, 
 2DIAGNOSTIC,    43, -4.208432785601e-01, 3.071454713578e-05, 0.0000e+00, 0.0000e+00, 
 2DIAGNOSTIC,    44, -4.208420100304e-01, 1.908077682736e-05, 0.0000e+00, 0.0000e+00, 
 2DIAGNOSTIC,    45, -4.208468593604e-01, 7.508199199924e-06, 0.0000e+00, 0.0000e+00, 
 2DIAGNOSTIC,    46, -4.208754079816e-01, 2.493419578569e-06, 0.0000e+00, 0.0000e+00, 
 2DIAGNOSTIC,    47, -4.209196722562e-01, 3.217814336855e-06, 0.0000e+00, 0.0000e+00, 
 2DIAGNOSTIC,    48, -4.210116351909e-01, 5.135769623296e-06, 0.0000e+00, 0.0000e+00, 
 2DIAGNOSTIC,    49, -4.211352895096e-01, 8.256808125408e-06, 0.0000e+00, 0.0000e+00, 
 2DIAGNOSTIC,    50, -4.214265094861e-01, 1.433672001495e-05, 0.0000e+00, 0.0000e+00, 
 2DIAGNOSTIC,    51, -4.230430688527e-01, 4.082796274238e-05, 0.0000e+00, 0.0000e+00, 
 2DIAGNOSTIC,    52, -4.234720194746e-01, 6.757418034953e-05, 0.0000e+00, 0.0000e+00, 
 2DIAGNOSTIC,    53, -4.238705125257e-01, 9.213301962587e-05, 0.0000e+00, 0.0000e+00, 
 2DIAGNOSTIC,    54, -4.239287452448e-01, 1.079230463323e-04, 0.0000e+00, 0.0000e+00, 
 2DIAGNOSTIC,    55, -4.239327610884e-01, 1.129327533909e-04, 0.0000e+00, 0.0000e+00, 
 2DIAGNOSTIC,    56, -4.239363923447e-01, 1.071064103036e-04, 0.0000e+00, 0.0000e+00, 
 2DIAGNOSTIC,    57, -4.239328655003e-01, 9.161765037428e-05, 0.0000e+00, 0.0000e+00, 
 2DIAGNOSTIC,    58, -4.239225504102e-01, 6.909359650882e-05, 0.0000e+00, 0.0000e+00, 
 2DIAGNOSTIC,    59, -4.239169140736e-01, 4.230556255718e-05, 0.0000e+00, 0.0000e+00, 
 2DIAGNOSTIC,    60, -4.239147050598e-01, 1.529526466488e-05, 0.0000e+00, 0.0000e+00, 
 2DIAGNOSTIC,    61, -4.239143704435e-01, 5.745316049743e-06, 0.0000e+00, 0.0000e+00, 
DIAGNOSTIC,Iteration,metricValue,convergenceValue,ITERATION_TIME_INDEX,SINCE_LAST
 2DIAGNOSTIC,     1, -3.617089276961e-01, 1.797693134862e+308, 0.0000e+00, 0.0000e+00, 
 2DIAGNOSTIC,     2, -3.617520559078e-01, 1.797693134862e+308, 0.0000e+00, 0.0000e+00, 
 2DIAGNOSTIC,     3, -3.618276621128e-01, 1.797693134862e+308, 0.0000e+00, 0.0000e+00, 
 2DIAGNOSTIC,     4, -3.619169089773e-01, 1.797693134862e+308, 0.0000e+00, 0.0000e+00, 
 2DIAGNOSTIC,     5, -3.619180972580e-01, 1.797693134862e+308, 0.0000e+00, 0.0000e+00, 
 2DIAGNOSTIC,     6, -3.619163705716e-01, 1.797693134862e+308, 0.0000e+00, 0.0000e+00, 
 2DIAGNOSTIC,     7, -3.619141811961e-01, 1.797693134862e+308, 0.0000e+00, 0.0000e+00, 
 2DIAGNOSTIC,     8, -3.619117390765e-01, 1.797693134862e+308, 0.0000e+00, 0.0000e+00, 
 2DIAGNOSTIC,     9, -3.619120132539e-01, 1.797693134862e+308, 0.0000e+00, 0.0000e+00, 
 2DIAGNOSTIC,    10, -3.619138663966e-01, 3.473501338019e-05, 0.0000e+00, 0.0000e+00, 
 2DIAGNOSTIC,    11, -3.619130835667e-01, 1.925411708241e-05, 0.0000e+00, 0.0000e+00, 
 2DIAGNOSTIC,    12, -3.619128576673e-01, 7.628355707320e-06, 0.0000e+00, 0.0000e+00, 
 2DIAGNOSTIC,    13, -3.619124578749e-01, 1.732165880661e-06, 0.0000e+00, 0.0000e+00, 
 2DIAGNOSTIC,    14, -3.619118898859e-01, 1.710364320812e-06, 0.0000e+00, 0.0000e+00, 
 2DIAGNOSTIC,    15, -3.619106815359e-01, 1.737688890432e-06, 0.0000e+00, 0.0000e+00, 
 2DIAGNOSTIC,    16, -3.619109666633e-01, 1.727311149155e-06, 0.0000e+00, 0.0000e+00, 
 2DIAGNOSTIC,    17, -3.619116675568e-01, 1.675308644089e-06, 0.0000e+00, 0.0000e+00, 
 2DIAGNOSTIC,    18, -3.619111381650e-01, 1.514763924980e-06, 0.0000e+00, 0.0000e+00, 
 2DIAGNOSTIC,    19, -3.619108206734e-01, 1.390203682221e-06, 0.0000e+00, 0.0000e+00, 
 2DIAGNOSTIC,    20, -3.619107670623e-01, 1.375554260399e-06, 0.0000e+00, 0.0000e+00, 
 2DIAGNOSTIC,    21, -3.619107455887e-01, 1.349999949184e-06, 0.0000e+00, 0.0000e+00, 
 2DIAGNOSTIC,    22, -3.619107220405e-01, 1.330755985213e-06, 0.0000e+00, 0.0000e+00, 
 2DIAGNOSTIC,    23, -3.619107200137e-01, 1.309377853968e-06, 0.0000e+00, 0.0000e+00, 
 2DIAGNOSTIC,    24, -3.619107197754e-01, 1.278677377842e-06, 0.0000e+00, 0.0000e+00, 
 2DIAGNOSTIC,    25, -3.619107197754e-01, 1.215442710784e-06, 0.0000e+00, 0.0000e+00, 
 2DIAGNOSTIC,    26, -3.619107197754e-01, 1.168936664346e-06, 0.0000e+00, 0.0000e+00, 
 2DIAGNOSTIC,    27, -3.619107151627e-01, 1.150458417545e-06, 0.0000e+00, 0.0000e+00, 
 2DIAGNOSTIC,    28, -3.619107151627e-01, 1.120213840793e-06, 0.0000e+00, 0.0000e+00, 
 2DIAGNOSTIC,    29, -3.619107120634e-01, 1.083846935784e-06, 0.0000e+00, 0.0000e+00, 
 2DIAGNOSTIC,    30, -3.619107120634e-01, 1.048730892732e-06, 0.0000e+00, 0.0000e+00, 
 2DIAGNOSTIC,    31, -3.619107120634e-01, 1.015470819564e-06, 0.0000e+00, 0.0000e+00, 
DIAGNOSTIC,Iteration,metricValue,convergenceValue,ITERATION_TIME_INDEX,SINCE_LAST
 2DIAGNOSTIC,     1, -3.324217939482e-01, 1.797693134862e+308, 0.0000e+00, 0.0000e+00, 
 2DIAGNOSTIC,     2, -3.324651215518e-01, 1.797693134862e+308, 0.0000e+00, 0.0000e+00, 
 2DIAGNOSTIC,     3, -3.324822334857e-01, 1.797693134862e+308, 0.0000e+00, 0.0000e+00, 
 2DIAGNOSTIC,     4, -3.325235620951e-01, 1.797693134862e+308, 0.0000e+00, 0.0000e+00, 
 2DIAGNOSTIC,     5, -3.325391026783e-01, 1.797693134862e+308, 0.0000e+00, 0.0000e+00, 
 2DIAGNOSTIC,     6, -3.325456053353e-01, 1.797693134862e+308, 0.0000e+00, 0.0000e+00, 
 2DIAGNOSTIC,     7, -3.325455766528e-01, 1.797693134862e+308, 0.0000e+00, 0.0000e+00, 
 2DIAGNOSTIC,     8, -3.325450624645e-01, 1.797693134862e+308, 0.0000e+00, 0.0000e+00, 
 2DIAGNOSTIC,     9, -3.325447442933e-01, 1.797693134862e+308, 0.0000e+00, 0.0000e+00, 
 2DIAGNOSTIC,    10, -3.325444692546e-01, 2.432168109583e-05, 0.0000e+00, 0.0000e+00, 
 2DIAGNOSTIC,    11, -3.325444557488e-01, 1.462391749293e-05, 0.0000e+00, 0.0000e+00, 
 2DIAGNOSTIC,    12, -3.325445803213e-01, 8.599487875016e-06, 0.0000e+00, 0.0000e+00, 
 2DIAGNOSTIC,    13, -3.325443217270e-01, 4.012057052333e-06, 0.0000e+00, 0.0000e+00, 
 2DIAGNOSTIC,    14, -3.325445309724e-01, 2.450184319810e-06, 0.0000e+00, 0.0000e+00, 
 2DIAGNOSTIC,    15, -3.325443042598e-01, 1.939695840197e-06, 0.0000e+00, 0.0000e+00, 
 2DIAGNOSTIC,    16, -3.325442682621e-01, 1.852897245483e-06, 0.0000e+00, 0.0000e+00, 
 2DIAGNOSTIC,    17, -3.325442660771e-01, 1.785779140763e-06, 0.0000e+00, 0.0000e+00, 
 2DIAGNOSTIC,    18, -3.325442584056e-01, 1.707762929008e-06, 0.0000e+00, 0.0000e+00, 
 2DIAGNOSTIC,    19, -3.325442590824e-01, 1.627934741767e-06, 0.0000e+00, 0.0000e+00, 
 2DIAGNOSTIC,    20, -3.325440360254e-01, 1.537616598012e-06, 0.0000e+00, 0.0000e+00, 
 2DIAGNOSTIC,    21, -3.325440363249e-01, 1.459024996986e-06, 0.0000e+00, 0.0000e+00, 
 2DIAGNOSTIC,    22, -3.325440525808e-01, 1.397019302567e-06, 0.0000e+00, 0.0000e+00, 
 2DIAGNOSTIC,    23, -3.325440471837e-01, 1.333355717989e-06, 0.0000e+00, 0.0000e+00, 
 2DIAGNOSTIC,    24, -3.325440456843e-01, 1.286045859202e-06, 0.0000e+00, 0.0000e+00, 
 2DIAGNOSTIC,    25, -3.325440440511e-01, 1.237362998174e-06, 0.0000e+00, 0.0000e+00, 
 2DIAGNOSTIC,    26, -3.325440427178e-01, 1.193347396830e-06, 0.0000e+00, 0.0000e+00, 
 2DIAGNOSTIC,    27, -3.325440408306e-01, 1.154058169452e-06, 0.0000e+00, 0.0000e+00, 
 2DIAGNOSTIC,    28, -3.325440347534e-01, 1.118261327246e-06, 0.0000e+00, 0.0000e+00, 
 2DIAGNOSTIC,    29, -3.325440333496e-01, 1.085747512584e-06, 0.0000e+00, 0.0000e+00, 
 2DIAGNOSTIC,    30, -3.325440268843e-01, 1.048905364974e-06, 0.0000e+00, 0.0000e+00, 
 2DIAGNOSTIC,    31, -3.325440290947e-01, 1.014597955276e-06, 0.0000e+00, 0.0000e+00, 
  Elapsed time (stage 0): 0.0000e+00


Total elapsed time: 0.0000e+00
Info [verificarlo]: loaded backend libinterflop_ieee.so
Info [interflop-ieee]: load backend with:
Info [interflop-ieee]: debug = false
Info [interflop-ieee]: debug-binary = false
Info [interflop-ieee]: no-backend-name = false
Info [interflop-ieee]: print-new-line = false
Info [interflop-ieee]: print-subnormal-normalized = false
Info [interflop-ieee]: count-op = false
All_Command_lines_OK
Using double precision for computations.
=============================================================================
The composite transform comprises the following transforms (in order): 
  1. /home/mdugre/scratch/mri-registration-rp/datasets/ds004513/derivatives/mri-registration-rp/0100/antsRegistration-r8-p18/sub-s020/rigid_Composite.h5[0] (type = Euler3DTransform)
  2. /home/mdugre/scratch/mri-registration-rp/datasets/ds004513/derivatives/mri-registration-rp/0100/antsRegistration-r8-p18/sub-s020/rigid_Composite.h5[1] (type = Euler3DTransform)
  3. /home/mdugre/scratch/mri-registration-rp/datasets/ds004513/derivatives/mri-registration-rp/0100/antsRegistration-r8-p18/sub-s020/rigid_Composite.h5[2] (type = Euler3DTransform)
=============================================================================
  number of levels = 4
  fixed image: /templateflow/tpl-MNI152NLin2009cAsym/tpl-MNI152NLin2009cAsym_res-01_desc-brain_T1w.nii.gz
  moving image: /home/mdugre/scratch/mri-registration-rp/datasets/ds004513/derivatives/mri-registration-rp/antsBrainExtraction/sub-s020/BrainExtractionBrain.nii.gz
Dimension = 3
Number of stages = 1
Use histogram matching = false
Winsorize image intensities = true
  Lower quantile = 0.005
  Upper quantile = 0.995


Stage 1 State
   Image metric = MattesMI
     Fixed image = Image (0x49727e0)
  RTTI typeinfo:   itk::Image<double, 3u>
  Reference Count: 2
  Modified Time: 1594
  Debug: Off
  Object Name: 
  Observers: 
    none
  Source: (none)
  Source output name: (none)
  Release Data: Off
  Data Released: False
  Global Release Data: Off
  PipelineMTime: 0
  UpdateMTime: 1203
  RealTimeStamp: 0 seconds 
  LargestPossibleRegion: 
    Dimension: 3
    Index: [0, 0, 0]
    Size: [193, 229, 193]
  BufferedRegion: 
    Dimension: 3
    Index: [0, 0, 0]
    Size: [193, 229, 193]
  RequestedRegion: 
    Dimension: 3
    Index: [0, 0, 0]
    Size: [193, 229, 193]
  Spacing: [1, 1, 1]
  Origin: [96, 132, -78]
  Direction: 
-1 0 0
0 -1 0
0 0 1

  IndexToPointMatrix: 
-1 0 0
0 -1 0
0 0 1

  PointToIndexMatrix: 
-1 0 0
0 -1 0
0 0 1

  Inverse Direction: 
-1 0 0
0 -1 0
0 0 1

  PixelContainer: 
    ImportImageContainer (0x4a3d880)
      RTTI typeinfo:   itk::ImportImageContainer<unsigned long, double>
      Reference Count: 1
      Modified Time: 1200
      Debug: Off
      Object Name: 
      Observers: 
        none
      Pointer: 0x1526bf10b010
      Container manages memory: true
      Size: 8530021
      Capacity: 8530021

     Moving image = Image (0x4a2e050)
  RTTI typeinfo:   itk::Image<double, 3u>
  Reference Count: 2
  Modified Time: 1595
  Debug: Off
  Object Name: 
  Observers: 
    none
  Source: (none)
  Source output name: (none)
  Release Data: Off
  Data Released: False
  Global Release Data: Off
  PipelineMTime: 0
  UpdateMTime: 1592
  RealTimeStamp: 0 seconds 
  LargestPossibleRegion: 
    Dimension: 3
    Index: [0, 0, 0]
    Size: [160, 240, 256]
  BufferedRegion: 
    Dimension: 3
    Index: [0, 0, 0]
    Size: [160, 240, 256]
  RequestedRegion: 
    Dimension: 3
    Index: [0, 0, 0]
    Size: [160, 240, 256]
  Spacing: [0.999995, 1, 1]
  Origin: [87.0906, 98.7205, -152.377]
  Direction: 
-0.996975 0.0261379 -0.0731913
-0.0260677 -0.999658 -0.00191374
-0.0732163 -2.46403e-08 0.997316

  IndexToPointMatrix: 
-0.996971 0.0261379 -0.0731913
-0.0260676 -0.999658 -0.00191374
-0.0732159 -2.46403e-08 0.997316

  PointToIndexMatrix: 
-0.99698 -0.0260679 -0.0732166
0.0261379 -0.999658 -2.46993e-08
-0.0731913 -0.00191374 0.997316

  Inverse Direction: 
-0.996975 -0.0260677 -0.0732163
0.0261379 -0.999658 -2.46993e-08
-0.0731913 -0.00191374 0.997316

  PixelContainer: 
    ImportImageContainer (0x4ae1690)
      RTTI typeinfo:   itk::ImportImageContainer<unsigned long, double>
      Reference Count: 1
      Modified Time: 1589
      Debug: Off
      Object Name: 
      Observers: 
        none
      Pointer: 0x1526ba60a010
      Container manages memory: true
      Size: 9830400
      Capacity: 9830400

     Weighting = 1
     Sampling strategy = regular
     Number of bins = 32
     Radius = 4
     Sampling percentage  = 0.25
   Transform = Affine
     Gradient step = 0.1
     Update field sigma (voxel space) = 0
     Total field sigma (voxel space) = 0
     Update field time sigma = 0
     Total field time sigma  = 0
     Number of time indices = 0
     Number of time point samples = 0
Registration using 1 total stages.

Stage 0
  iterations = 1000x500x250x100
  convergence threshold = 1e-06
  convergence window size = 10
  number of levels = 4
  using the Mattes MI metric (number of bins = 32, weight = 1, use gradient filter = 0)
  preprocessing:  winsorizing the image intensities
  Shrink factors (level 1 out of 4): [8, 8, 8]
  Shrink factors (level 2 out of 4): [4, 4, 4]
  Shrink factors (level 3 out of 4): [2, 2, 2]
  Shrink factors (level 4 out of 4): [1, 1, 1]
  smoothing sigmas per level: [3, 2, 1, 0]
  regular sampling (percentage = 0.25)

*** Running AffineTransform registration ***

DIAGNOSTIC,Iteration,metricValue,convergenceValue,ITERATION_TIME_INDEX,SINCE_LAST
 2DIAGNOSTIC,     1, -5.148335918933e-01, 1.797693134862e+308, 8.1707e-01, 8.1707e-01, 
 2DIAGNOSTIC,     2, -5.161726798275e-01, 1.797693134862e+308, 8.2151e-01, 4.4389e-03, 
 2DIAGNOSTIC,     3, -5.187948025497e-01, 1.797693134862e+308, 8.2585e-01, 4.3452e-03, 
 2DIAGNOSTIC,     4, -5.233155486287e-01, 1.797693134862e+308, 8.2960e-01, 3.7529e-03, 
 2DIAGNOSTIC,     5, -5.307784801568e-01, 1.797693134862e+308, 8.3333e-01, 3.7220e-03, 
 2DIAGNOSTIC,     6, -5.634412384342e-01, 1.797693134862e+308, 8.3708e-01, 3.7560e-03, 
 2DIAGNOSTIC,     7, -5.983067720763e-01, 1.797693134862e+308, 8.4080e-01, 3.7131e-03, 
 2DIAGNOSTIC,     8, -6.522677734369e-01, 1.797693134862e+308, 8.4521e-01, 4.4172e-03, 
 2DIAGNOSTIC,     9, -6.984203439548e-01, 1.797693134862e+308, 8.4984e-01, 4.6251e-03, 
 2DIAGNOSTIC,    10, -7.405955151600e-01, 2.519235742173e-02, 8.5496e-01, 5.1219e-03, 
 2DIAGNOSTIC,    11, -7.527702318748e-01, 2.648093757520e-02, 8.5947e-01, 4.5128e-03, 
 2DIAGNOSTIC,    12, -7.996540731018e-01, 2.687505389911e-02, 8.6404e-01, 4.5640e-03, 
 2DIAGNOSTIC,    13, -8.337608620888e-01, 2.594121372046e-02, 8.6845e-01, 4.4119e-03, 
 2DIAGNOSTIC,    14, -8.571141325570e-01, 2.366777856441e-02, 8.7369e-01, 5.2421e-03, 
 2DIAGNOSTIC,    15, -8.581559677238e-01, 1.990915721622e-02, 8.7810e-01, 4.4138e-03, 
 2DIAGNOSTIC,    16, -8.584703507810e-01, 1.583790487143e-02, 8.8474e-01, 6.6371e-03, 
 2DIAGNOSTIC,    17, -8.585405174936e-01, 1.175915383896e-02, 8.8866e-01, 3.9201e-03, 
 2DIAGNOSTIC,    18, -8.583832279001e-01, 8.355474409844e-03, 8.9255e-01, 3.8888e-03, 
 2DIAGNOSTIC,    19, -8.584324734694e-01, 5.586625717320e-03, 8.9689e-01, 4.3390e-03, 
 2DIAGNOSTIC,    20, -8.579574299270e-01, 3.483014410971e-03, 9.0120e-01, 4.3130e-03, 
 2DIAGNOSTIC,    21, -8.579908726634e-01, 1.516454916002e-03, 9.0565e-01, 4.4451e-03, 
 2DIAGNOSTIC,    22, -8.579469535238e-01, 4.426163776308e-04, 9.0953e-01, 3.8819e-03, 
 2DIAGNOSTIC,    23, -8.580255668964e-01, 3.787288041110e-06, 9.1346e-01, 3.9308e-03, 
DIAGNOSTIC,Iteration,metricValue,convergenceValue,ITERATION_TIME_INDEX,SINCE_LAST
 2DIAGNOSTIC,     1, -7.141230464201e-01, 1.797693134862e+308, 1.5718e+00, 6.5837e-01, 
 2DIAGNOSTIC,     2, -7.151176637766e-01, 1.797693134862e+308, 1.5994e+00, 2.7545e-02, 
 2DIAGNOSTIC,     3, -7.163857179580e-01, 1.797693134862e+308, 1.6261e+00, 2.6737e-02, 
 2DIAGNOSTIC,     4, -7.178999497357e-01, 1.797693134862e+308, 1.6547e+00, 2.8546e-02, 
 2DIAGNOSTIC,     5, -7.190653710723e-01, 1.797693134862e+308, 1.6856e+00, 3.0942e-02, 
 2DIAGNOSTIC,     6, -7.196841145961e-01, 1.797693134862e+308, 1.7358e+00, 5.0198e-02, 
 2DIAGNOSTIC,     7, -7.197353302285e-01, 1.797693134862e+308, 1.7679e+00, 3.2084e-02, 
 2DIAGNOSTIC,     8, -7.197152902370e-01, 1.797693134862e+308, 1.8070e+00, 3.9155e-02, 
 2DIAGNOSTIC,     9, -7.197046868198e-01, 1.797693134862e+308, 1.8370e+00, 2.9959e-02, 
 2DIAGNOSTIC,    10, -7.197185387909e-01, 5.137128955701e-04, 1.8666e+00, 2.9578e-02, 
 2DIAGNOSTIC,    11, -7.196817436873e-01, 3.286100413617e-04, 1.8998e+00, 3.3228e-02, 
 2DIAGNOSTIC,    12, -7.196890359914e-01, 1.782072368309e-04, 1.9300e+00, 3.0224e-02, 
 2DIAGNOSTIC,    13, -7.196804541137e-01, 7.286393769070e-05, 1.9572e+00, 2.7190e-02, 
 2DIAGNOSTIC,    14, -7.196618711187e-01, 1.774154573349e-05, 1.9886e+00, 3.1419e-02, 
DIAGNOSTIC,Iteration,metricValue,convergenceValue,ITERATION_TIME_INDEX,SINCE_LAST
 2DIAGNOSTIC,     1, -5.955735802157e-01, 1.797693134862e+308, 2.9991e+00, 1.0105e+00, 
 2DIAGNOSTIC,     2, -5.958109848577e-01, 1.797693134862e+308, 3.2183e+00, 2.1914e-01, 
 2DIAGNOSTIC,     3, -5.960509008790e-01, 1.797693134862e+308, 3.4330e+00, 2.1470e-01, 
 2DIAGNOSTIC,     4, -5.964074936177e-01, 1.797693134862e+308, 3.6520e+00, 2.1902e-01, 
 2DIAGNOSTIC,     5, -5.968173425376e-01, 1.797693134862e+308, 3.8889e+00, 2.3687e-01, 
 2DIAGNOSTIC,     6, -5.972775787498e-01, 1.797693134862e+308, 4.1825e+00, 2.9367e-01, 
 2DIAGNOSTIC,     7, -5.972869483793e-01, 1.797693134862e+308, 4.3946e+00, 2.1206e-01, 
 2DIAGNOSTIC,     8, -5.972932825508e-01, 1.797693134862e+308, 4.6133e+00, 2.1872e-01, 
 2DIAGNOSTIC,     9, -5.973202766920e-01, 1.797693134862e+308, 4.9807e+00, 3.6732e-01, 
 2DIAGNOSTIC,    10, -5.973287397498e-01, 2.143021966679e-04, 5.2250e+00, 2.4434e-01, 
 2DIAGNOSTIC,    11, -5.973250192889e-01, 1.542081264537e-04, 5.5247e+00, 2.9976e-01, 
