
##########################
# Experiment information #
##########################

EXPERIMENT_NAME: antsRegistration-r7-p20
VFC_BACKENDS: libinterflop_vprec.so --range-binary32=7 --precision-binary32=20 --range-binary64=7 --precision-binary64=20

SIF_IMG: /home/mdugre/projects/rrg-glatard/mdugre/containers/ants-vprec-no_metrics.simg

SUBJECT_ID: s025
INPUT_IMG: /home/mdugre/scratch/mri-registration-rp/datasets/ds004513/derivatives/mri-registration-rp/antsBrainExtraction/sub-s025/BrainExtractionBrain.nii.gz
OUTPUT_DIR: /home/mdugre/scratch/mri-registration-rp/datasets/ds004513/derivatives/mri-registration-rp/0100/antsRegistration-r7-p20/sub-s025

FIXED_IMG: /templateflow/tpl-MNI152NLin2009cAsym/tpl-MNI152NLin2009cAsym_res-01_desc-brain_T1w.nii.gz
DATA_DIR: /home/mdugre/scratch/mri-registration-rp/datasets/ds004513
TEMPLATEFLOW_DIR: /home/mdugre/projects/rrg-glatard/mdugre/templateflow
ITK_GLOBAL_DEFAULT_NUMBER_OF_THREADS: 16
##########################

Info [verificarlo]: loaded backend libinterflop_ieee.so
Info [interflop-ieee]: load backend with:
Info [interflop-ieee]: debug = false
Info [interflop-ieee]: debug-binary = false
Info [interflop-ieee]: no-backend-name = false
Info [interflop-ieee]: print-new-line = false
Info [interflop-ieee]: print-subnormal-normalized = false
Info [interflop-ieee]: count-op = false
All_Command_lines_OK
Using double precision for computations.
=============================================================================
The composite transform comprises the following transforms (in order): 
  1. Center of mass alignment using fixed image: /templateflow/tpl-MNI152NLin2009cAsym/tpl-MNI152NLin2009cAsym_res-01_desc-brain_T1w.nii.gz and moving image: /home/mdugre/scratch/mri-registration-rp/datasets/ds004513/derivatives/mri-registration-rp/antsBrainExtraction/sub-s025/BrainExtractionBrain.nii.gz (type = Euler3DTransform)
=============================================================================
  number of levels = 1
  fixed image: /templateflow/tpl-MNI152NLin2009cAsym/tpl-MNI152NLin2009cAsym_res-01_desc-brain_T1w.nii.gz
  moving image: /home/mdugre/scratch/mri-registration-rp/datasets/ds004513/derivatives/mri-registration-rp/antsBrainExtraction/sub-s025/BrainExtractionBrain.nii.gz
Dimension = 3
Number of stages = 1
Use histogram matching = false
Winsorize image intensities = true
  Lower quantile = 0.005
  Upper quantile = 0.995


Stage 1 State
   Image metric = MattesMI
     Fixed image = Image (0x3f6ae70)
  RTTI typeinfo:   itk::Image<double, 3u>
  Reference Count: 2
  Modified Time: 2334
  Debug: Off
  Object Name: 
  Observers: 
    none
  Source: (none)
  Source output name: (none)
  Release Data: Off
  Data Released: False
  Global Release Data: Off
  PipelineMTime: 0
  UpdateMTime: 1943
  RealTimeStamp: 0 seconds 
  LargestPossibleRegion: 
    Dimension: 3
    Index: [0, 0, 0]
    Size: [193, 229, 193]
  BufferedRegion: 
    Dimension: 3
    Index: [0, 0, 0]
    Size: [193, 229, 193]
  RequestedRegion: 
    Dimension: 3
    Index: [0, 0, 0]
    Size: [193, 229, 193]
  Spacing: [1, 1, 1]
  Origin: [96, 132, -78]
  Direction: 
-1 0 0
0 -1 0
0 0 1

  IndexToPointMatrix: 
-1 0 0
0 -1 0
0 0 1

  PointToIndexMatrix: 
-1 0 0
0 -1 0
0 0 1

  Inverse Direction: 
-1 0 0
0 -1 0
0 0 1

  PixelContainer: 
    ImportImageContainer (0x3f73c60)
      RTTI typeinfo:   itk::ImportImageContainer<unsigned long, double>
      Reference Count: 1
      Modified Time: 1940
      Debug: Off
      Object Name: 
      Observers: 
        none
      Pointer: 0x14df74d46010
      Container manages memory: true
      Size: 8530021
      Capacity: 8530021

     Moving image = Image (0x3f76610)
  RTTI typeinfo:   itk::Image<double, 3u>
  Reference Count: 2
  Modified Time: 2335
  Debug: Off
  Object Name: 
  Observers: 
    none
  Source: (none)
  Source output name: (none)
  Release Data: Off
  Data Released: False
  Global Release Data: Off
  PipelineMTime: 0
  UpdateMTime: 2332
  RealTimeStamp: 0 seconds 
  LargestPossibleRegion: 
    Dimension: 3
    Index: [0, 0, 0]
    Size: [176, 240, 256]
  BufferedRegion: 
    Dimension: 3
    Index: [0, 0, 0]
    Size: [176, 240, 256]
  RequestedRegion: 
    Dimension: 3
    Index: [0, 0, 0]
    Size: [176, 240, 256]
  Spacing: [0.999999, 1, 1]
  Origin: [90.3778, 84.5091, -154.071]
  Direction: 
-0.999391 7.48184e-06 -0.0348969
-7.47664e-06 -1 -2.7953e-07
-0.0348969 -1.84481e-08 0.999391

  IndexToPointMatrix: 
-0.99939 7.48184e-06 -0.0348969
-7.47663e-06 -1 -2.7953e-07
-0.0348968 -1.84481e-08 0.999391

  PointToIndexMatrix: 
-0.999392 -7.47665e-06 -0.0348969
7.48184e-06 -1 -1.84481e-08
-0.0348969 -2.7953e-07 0.999391

  Inverse Direction: 
-0.999391 -7.47664e-06 -0.0348969
7.48184e-06 -1 -1.84481e-08
-0.0348969 -2.7953e-07 0.999391

  PixelContainer: 
    ImportImageContainer (0x400fef0)
      RTTI typeinfo:   itk::ImportImageContainer<unsigned long, double>
      Reference Count: 1
      Modified Time: 2329
      Debug: Off
      Object Name: 
      Observers: 
        none
      Pointer: 0x14df6fac5010
      Container manages memory: true
      Size: 10813440
      Capacity: 10813440

     Weighting = 1
     Sampling strategy = regular
     Number of bins = 32
     Radius = 4
     Sampling percentage  = 0.25
   Transform = Rigid
     Gradient step = 0.1
     Update field sigma (voxel space) = 0
     Total field sigma (voxel space) = 0
     Update field time sigma = 0
     Total field time sigma  = 0
     Number of time indices = 0
     Number of time point samples = 0
Registration using 1 total stages.

Stage 0
  iterations = 0
  convergence threshold = 1e-06
  convergence window size = 10
  number of levels = 1
  using the Mattes MI metric (number of bins = 32, weight = 1, use gradient filter = 0)
  preprocessing:  winsorizing the image intensities
  Shrink factors (level 1 out of 1): [1, 1, 1]
  smoothing sigmas per level: [0]
  regular sampling (percentage = 0.25)

*** Running Euler3DTransform registration ***

  Elapsed time (stage 0): 1.12019


Total elapsed time: 1.12249
Info [verificarlo]: loaded backend libinterflop_vprec.so
Info [interflop-vprec]: load backend with: 
Info [interflop-vprec]: precision-binary32 = 20
Info [interflop-vprec]: range-binary32 = 7
Info [interflop-vprec]: precision-binary64 = 20
Info [interflop-vprec]: range-binary64 = 7
Info [interflop-vprec]: mode = ob
Info [interflop-vprec]: error-mode = rel
Info [interflop-vprec]: max-abs-error-exponent = -1022
Info [interflop-vprec]: daz = false
Info [interflop-vprec]: ftz = false
Info [interflop-vprec]: 	instrument = none
Info [interflop-vprec]: 	prec-input-file = (null)
Info [interflop-vprec]: 	prec-output-file = (null)
Info [interflop-vprec]: 	prec-log-file = (null)
All_Command_lines_OK
Using double precision for computations.
=============================================================================
The composite transform comprises the following transforms (in order): 
  1. /home/mdugre/scratch/mri-registration-rp/datasets/ds004513/derivatives/mri-registration-rp/0100/antsRegistration-r7-p20/sub-s025/align_Composite.h5[0] (type = Euler3DTransform)
  2. /home/mdugre/scratch/mri-registration-rp/datasets/ds004513/derivatives/mri-registration-rp/0100/antsRegistration-r7-p20/sub-s025/align_Composite.h5[1] (type = Euler3DTransform)
=============================================================================
  number of levels = 4
  fixed image: /templateflow/tpl-MNI152NLin2009cAsym/tpl-MNI152NLin2009cAsym_res-01_desc-brain_T1w.nii.gz
  moving image: /home/mdugre/scratch/mri-registration-rp/datasets/ds004513/derivatives/mri-registration-rp/antsBrainExtraction/sub-s025/BrainExtractionBrain.nii.gz
Dimension = 3
Number of stages = 1
Use histogram matching = false
Winsorize image intensities = true
  Lower quantile = 0.005
  Upper quantile = 0.995


Stage 1 State
   Image metric = MattesMI
     Fixed image = Image (0x49c51e0)
  RTTI typeinfo:   itk::Image<double, 3u>
  Reference Count: 2
  Modified Time: 1580
  Debug: Off
  Object Name: 
  Observers: 
    none
  Source: (none)
  Source output name: (none)
  Release Data: Off
  Data Released: False
  Global Release Data: Off
  PipelineMTime: 0
  UpdateMTime: 1189
  RealTimeStamp: 0 seconds 
  LargestPossibleRegion: 
    Dimension: 3
    Index: [0, 0, 0]
    Size: [193, 229, 193]
  BufferedRegion: 
    Dimension: 3
    Index: [0, 0, 0]
    Size: [193, 229, 193]
  RequestedRegion: 
    Dimension: 3
    Index: [0, 0, 0]
    Size: [193, 229, 193]
  Spacing: [1, 1, 1]
  Origin: [96, 132, -78]
  Direction: 
-1 0 0
0 -1 0
0 0 1

  IndexToPointMatrix: 
-1 0 0
0 -1 0
0 0 1

  PointToIndexMatrix: 
-1 0 0
0 -1 0
0 0 1

  Inverse Direction: 
-1 0 0
0 -1 0
0 0 1

  PixelContainer: 
    ImportImageContainer (0x4a84680)
      RTTI typeinfo:   itk::ImportImageContainer<unsigned long, double>
      Reference Count: 1
      Modified Time: 1186
      Debug: Off
      Object Name: 
      Observers: 
        none
      Pointer: 0x14ad0b723010
      Container manages memory: true
      Size: 8530021
      Capacity: 8530021

     Moving image = Image (0x4a80b20)
  RTTI typeinfo:   itk::Image<double, 3u>
  Reference Count: 2
  Modified Time: 1581
  Debug: Off
  Object Name: 
  Observers: 
    none
  Source: (none)
  Source output name: (none)
  Release Data: Off
  Data Released: False
  Global Release Data: Off
  PipelineMTime: 0
  UpdateMTime: 1578
  RealTimeStamp: 0 seconds 
  LargestPossibleRegion: 
    Dimension: 3
    Index: [0, 0, 0]
    Size: [176, 240, 256]
  BufferedRegion: 
    Dimension: 3
    Index: [0, 0, 0]
    Size: [176, 240, 256]
  RequestedRegion: 
    Dimension: 3
    Index: [0, 0, 0]
    Size: [176, 240, 256]
  Spacing: [0.999999, 1, 1]
  Origin: [90.3777, 84.5091, -154.071]
  Direction: 
-0.999391 7.48185e-06 -0.0348969
-7.47664e-06 -1 -2.7953e-07
-0.0348969 -1.84481e-08 0.999391

  IndexToPointMatrix: 
-0.999389 7.48185e-06 -0.0348969
-7.47663e-06 -1 -2.7953e-07
-0.0348968 -1.84481e-08 0.999391

  PointToIndexMatrix: 
-0.999393 -7.47666e-06 -0.0348969
7.47664e-06 -1 1.30443e-07
-0.0348969 -1.30502e-07 0.999391

  Inverse Direction: 
-0.999391 -7.47664e-06 -0.0348969
7.47664e-06 -1 1.30495e-07
-0.0348969 -1.30495e-07 0.999391

  PixelContainer: 
    ImportImageContainer (0x4ae9d50)
      RTTI typeinfo:   itk::ImportImageContainer<unsigned long, double>
      Reference Count: 1
      Modified Time: 1575
      Debug: Off
      Object Name: 
      Observers: 
        none
      Pointer: 0x14ad064a2010
      Container manages memory: true
      Size: 10813440
      Capacity: 10813440

     Weighting = 1
     Sampling strategy = regular
     Number of bins = 32
     Radius = 4
     Sampling percentage  = 0.25
   Transform = Rigid
     Gradient step = 0.1
     Update field sigma (voxel space) = 0
     Total field sigma (voxel space) = 0
     Update field time sigma = 0
     Total field time sigma  = 0
     Number of time indices = 0
     Number of time point samples = 0
Registration using 1 total stages.

Stage 0
  iterations = 1000x500x250x100
  convergence threshold = 1e-06
  convergence window size = 10
  number of levels = 4
  using the Mattes MI metric (number of bins = 32, weight = 1, use gradient filter = 0)
  preprocessing:  winsorizing the image intensities
  Shrink factors (level 1 out of 4): [8, 8, 8]
  Shrink factors (level 2 out of 4): [4, 4, 4]
  Shrink factors (level 3 out of 4): [2, 2, 2]
  Shrink factors (level 4 out of 4): [1, 1, 1]
  smoothing sigmas per level: [3, 2, 1, 0]
  regular sampling (percentage = 0.25)

*** Running Euler3DTransform registration ***

DIAGNOSTIC,Iteration,metricValue,convergenceValue,ITERATION_TIME_INDEX,SINCE_LAST
 2DIAGNOSTIC,     1, -5.323261991302e-01, 1.797693134862e+308, 0.0000e+00, 0.0000e+00, 
 2DIAGNOSTIC,     2, -5.346205137399e-01, 1.797693134862e+308, 0.0000e+00, 0.0000e+00, 
 2DIAGNOSTIC,     3, -5.378054665362e-01, 1.797693134862e+308, 0.0000e+00, 0.0000e+00, 
 2DIAGNOSTIC,     4, -5.422981312861e-01, 1.797693134862e+308, 0.0000e+00, 0.0000e+00, 
 2DIAGNOSTIC,     5, -5.486844004149e-01, 1.797693134862e+308, 0.0000e+00, 0.0000e+00, 
 2DIAGNOSTIC,     6, -5.542843329434e-01, 1.797693134862e+308, 0.0000e+00, 0.0000e+00, 
 2DIAGNOSTIC,     7, -5.627220971719e-01, 1.797693134862e+308, 0.0000e+00, 0.0000e+00, 
 2DIAGNOSTIC,     8, -5.766724344727e-01, 1.797693134862e+308, 0.0000e+00, 0.0000e+00, 
 2DIAGNOSTIC,     9, -5.881413431634e-01, 1.797693134862e+308, 0.0000e+00, 0.0000e+00, 
 2DIAGNOSTIC,    10, -6.010495723198e-01, 7.809606314789e-03, 0.0000e+00, 0.0000e+00, 
 2DIAGNOSTIC,    11, -6.193803340800e-01, 8.562081207346e-03, 0.0000e+00, 0.0000e+00, 
 2DIAGNOSTIC,    12, -6.194444985749e-01, 8.501144257385e-03, 0.0000e+00, 0.0000e+00, 
 2DIAGNOSTIC,    13, -6.210047899835e-01, 7.874088173918e-03, 0.0000e+00, 0.0000e+00, 
 2DIAGNOSTIC,    14, -6.218721286193e-01, 6.820705330750e-03, 0.0000e+00, 0.0000e+00, 
 2DIAGNOSTIC,    15, -6.227109199468e-01, 5.529599205431e-03, 0.0000e+00, 0.0000e+00, 
 2DIAGNOSTIC,    16, -6.241497527432e-01, 4.114038025219e-03, 0.0000e+00, 0.0000e+00, 
 2DIAGNOSTIC,    17, -6.268123227820e-01, 2.812258104719e-03, 0.0000e+00, 0.0000e+00, 
 2DIAGNOSTIC,    18, -6.352958163381e-01, 2.009913277627e-03, 0.0000e+00, 0.0000e+00, 
 2DIAGNOSTIC,    19, -6.395274470269e-01, 1.501854428303e-03, 0.0000e+00, 0.0000e+00, 
 2DIAGNOSTIC,    20, -6.413947907439e-01, 1.252120972754e-03, 0.0000e+00, 0.0000e+00, 
 2DIAGNOSTIC,    21, -6.436370242648e-01, 1.382780193973e-03, 0.0000e+00, 0.0000e+00, 
 2DIAGNOSTIC,    22, -6.532619774546e-01, 1.578968240783e-03, 0.0000e+00, 0.0000e+00, 
 2DIAGNOSTIC,    23, -6.735002742533e-01, 2.047713813586e-03, 0.0000e+00, 0.0000e+00, 
 2DIAGNOSTIC,    24, -6.995798192346e-01, 2.795587641391e-03, 0.0000e+00, 0.0000e+00, 
 2DIAGNOSTIC,    25, -7.071412677943e-01, 3.364076766097e-03, 0.0000e+00, 0.0000e+00, 
 2DIAGNOSTIC,    26, -7.083185061305e-01, 3.622057014600e-03, 0.0000e+00, 0.0000e+00, 
 2DIAGNOSTIC,    27, -7.120959020287e-01, 3.629394783672e-03, 0.0000e+00, 0.0000e+00, 
 2DIAGNOSTIC,    28, -7.187846838380e-01, 3.534512377997e-03, 0.0000e+00, 0.0000e+00, 
 2DIAGNOSTIC,    29, -7.228001043390e-01, 3.235693407836e-03, 0.0000e+00, 0.0000e+00, 
 2DIAGNOSTIC,    30, -7.265117971849e-01, 2.742066039776e-03, 0.0000e+00, 0.0000e+00, 
 2DIAGNOSTIC,    31, -7.322409756759e-01, 2.147865761614e-03, 0.0000e+00, 0.0000e+00, 
 2DIAGNOSTIC,    32, -7.350364743055e-01, 1.563962092607e-03, 0.0000e+00, 0.0000e+00, 
 2DIAGNOSTIC,    33, -7.364258119750e-01, 1.155878695630e-03, 0.0000e+00, 0.0000e+00, 
 2DIAGNOSTIC,    34, -7.365243859170e-01, 1.006168758240e-03, 0.0000e+00, 0.0000e+00, 
 2DIAGNOSTIC,    35, -7.365527186073e-01, 8.680951698396e-04, 0.0000e+00, 0.0000e+00, 
 2DIAGNOSTIC,    36, -7.363862329875e-01, 6.682898725304e-04, 0.0000e+00, 0.0000e+00, 
 2DIAGNOSTIC,    37, -7.363478936317e-01, 4.600617671587e-04, 0.0000e+00, 0.0000e+00, 
 2DIAGNOSTIC,    38, -7.362139869891e-01, 2.959665753192e-04, 0.0000e+00, 0.0000e+00, 
 2DIAGNOSTIC,    39, -7.361798833688e-01, 1.578513731573e-04, 0.0000e+00, 0.0000e+00, 
 2DIAGNOSTIC,    40, -7.361855005158e-01, 5.176341068326e-05, 0.0000e+00, 0.0000e+00, 
 2DIAGNOSTIC,    41, -7.361412781739e-01, 6.030077546765e-06, 0.0000e+00, 0.0000e+00, 
DIAGNOSTIC,Iteration,metricValue,convergenceValue,ITERATION_TIME_INDEX,SINCE_LAST
 2DIAGNOSTIC,     1, -5.924735578328e-01, 1.797693134862e+308, 0.0000e+00, 0.0000e+00, 
 2DIAGNOSTIC,     2, -5.936231822450e-01, 1.797693134862e+308, 0.0000e+00, 0.0000e+00, 
 2DIAGNOSTIC,     3, -5.948113965540e-01, 1.797693134862e+308, 0.0000e+00, 0.0000e+00, 
 2DIAGNOSTIC,     4, -5.962736516927e-01, 1.797693134862e+308, 0.0000e+00, 0.0000e+00, 
 2DIAGNOSTIC,     5, -5.976312172847e-01, 1.797693134862e+308, 0.0000e+00, 0.0000e+00, 
 2DIAGNOSTIC,     6, -5.984880154642e-01, 1.797693134862e+308, 0.0000e+00, 0.0000e+00, 
 2DIAGNOSTIC,     7, -5.998157787204e-01, 1.797693134862e+308, 0.0000e+00, 0.0000e+00, 
 2DIAGNOSTIC,     8, -6.030571546965e-01, 1.797693134862e+308, 0.0000e+00, 0.0000e+00, 
 2DIAGNOSTIC,     9, -6.063390273160e-01, 1.797693134862e+308, 0.0000e+00, 0.0000e+00, 
 2DIAGNOSTIC,    10, -6.077316911366e-01, 1.614019866854e-03, 0.0000e+00, 0.0000e+00, 
 2DIAGNOSTIC,    11, -6.085903272040e-01, 1.556592379470e-03, 0.0000e+00, 0.0000e+00, 
 2DIAGNOSTIC,    12, -6.096209570569e-01, 1.456022885345e-03, 0.0000e+00, 0.0000e+00, 
 2DIAGNOSTIC,    13, -6.124434794003e-01, 1.382452561499e-03, 0.0000e+00, 0.0000e+00, 
 2DIAGNOSTIC,    14, -6.147327718479e-01, 1.315940947903e-03, 0.0000e+00, 0.0000e+00, 
 2DIAGNOSTIC,    15, -6.169027000211e-01, 1.248875361030e-03, 0.0000e+00, 0.0000e+00, 
 2DIAGNOSTIC,    16, -6.191641751958e-01, 1.168825627384e-03, 0.0000e+00, 0.0000e+00, 
 2DIAGNOSTIC,    17, -6.202085902440e-01, 1.054806814483e-03, 0.0000e+00, 0.0000e+00, 
 2DIAGNOSTIC,    18, -6.203492312615e-01, 9.423249317643e-04, 0.0000e+00, 0.0000e+00, 
 2DIAGNOSTIC,    19, -6.205904658923e-01, 8.410913280049e-04, 0.0000e+00, 0.0000e+00, 
 2DIAGNOSTIC,    20, -6.218108929595e-01, 7.331287274652e-04, 0.0000e+00, 0.0000e+00, 
 2DIAGNOSTIC,    21, -6.218266027687e-01, 5.862060346596e-04, 0.0000e+00, 0.0000e+00, 
 2DIAGNOSTIC,    22, -6.218282064101e-01, 4.197222592744e-04, 0.0000e+00, 0.0000e+00, 
 2DIAGNOSTIC,    23, -6.218339142995e-01, 2.864498509793e-04, 0.0000e+00, 0.0000e+00, 
 2DIAGNOSTIC,    24, -6.218269853153e-01, 1.815782602954e-04, 0.0000e+00, 0.0000e+00, 
 2DIAGNOSTIC,    25, -6.218234106309e-01, 1.073516539565e-04, 0.0000e+00, 0.0000e+00, 
 2DIAGNOSTIC,    26, -6.218094677957e-01, 6.865895061600e-05, 0.0000e+00, 0.0000e+00, 
 2DIAGNOSTIC,    27, -6.218138263891e-01, 4.491810782225e-05, 0.0000e+00, 0.0000e+00, 
 2DIAGNOSTIC,    28, -6.218326732366e-01, 2.155244935798e-05, 0.0000e+00, 0.0000e+00, 
 2DIAGNOSTIC,    29, -6.218435366295e-01, 1.368173242290e-06, 0.0000e+00, 0.0000e+00, 
 2DIAGNOSTIC,    30, -6.218716657200e-01, 1.836806577844e-06, 0.0000e+00, 0.0000e+00, 
 2DIAGNOSTIC,    31, -6.218650999248e-01, 2.336310868802e-06, 0.0000e+00, 0.0000e+00, 
 2DIAGNOSTIC,    32, -6.218446740846e-01, 2.413260387343e-06, 0.0000e+00, 0.0000e+00, 
 2DIAGNOSTIC,    33, -6.218351390318e-01, 2.305813750721e-06, 0.0000e+00, 0.0000e+00, 
 2DIAGNOSTIC,    34, -6.218270999205e-01, 1.868866498930e-06, 0.0000e+00, 0.0000e+00, 
 2DIAGNOSTIC,    35, -6.218292108423e-01, 1.351097400928e-06, 0.0000e+00, 0.0000e+00, 
DIAGNOSTIC,Iteration,metricValue,convergenceValue,ITERATION_TIME_INDEX,SINCE_LAST
 2DIAGNOSTIC,     1, -5.349041589819e-01, 1.797693134862e+308, 1.0240e+03, 1.0240e+03, 
 2DIAGNOSTIC,     2, -5.352797434585e-01, 1.797693134862e+308, 1.0240e+03, 0.0000e+00, 
 2DIAGNOSTIC,     3, -5.354606597381e-01, 1.797693134862e+308, 1.0240e+03, 0.0000e+00, 
 2DIAGNOSTIC,     4, -5.354922319398e-01, 1.797693134862e+308, 1.0240e+03, 0.0000e+00, 
 2DIAGNOSTIC,     5, -5.355067148153e-01, 1.797693134862e+308, 1.0240e+03, 0.0000e+00, 
 2DIAGNOSTIC,     6, -5.355757523697e-01, 1.797693134862e+308, 1.0240e+03, 0.0000e+00, 
 2DIAGNOSTIC,     7, -5.358551568025e-01, 1.797693134862e+308, 1.0240e+03, 0.0000e+00, 
 2DIAGNOSTIC,     8, -5.358541903468e-01, 1.797693134862e+308, 1.0240e+03, 0.0000e+00, 
 2DIAGNOSTIC,     9, -5.358558296323e-01, 1.797693134862e+308, 1.0240e+03, 0.0000e+00, 
 2DIAGNOSTIC,    10, -5.358548149749e-01, 1.045960363431e-04, 1.0240e+03, 0.0000e+00, 
 2DIAGNOSTIC,    11, -5.358546201761e-01, 6.960439602359e-05, 1.0240e+03, 0.0000e+00, 
 2DIAGNOSTIC,    12, -5.358545789217e-01, 5.065121594947e-05, 1.0240e+03, 0.0000e+00, 
 2DIAGNOSTIC,    13, -5.358546493951e-01, 3.764151355956e-05, 1.0240e+03, 0.0000e+00, 
 2DIAGNOSTIC,    14, -5.358534476774e-01, 2.463318745013e-05, 1.0240e+03, 0.0000e+00, 
 2DIAGNOSTIC,    15, -5.358534224711e-01, 1.188026238963e-05, 1.0240e+03, 0.0000e+00, 
 2DIAGNOSTIC,    16, -5.358534843655e-01, 1.853096685003e-06, 1.0240e+03, 0.0000e+00, 
 2DIAGNOSTIC,    17, -5.358522909991e-01, 1.701572083929e-06, 1.0240e+03, 0.0000e+00, 
 2DIAGNOSTIC,    18, -5.358524150476e-01, 1.557082627279e-06, 1.0240e+03, 0.0000e+00, 
 2DIAGNOSTIC,    19, -5.358524678379e-01, 1.495415099931e-06, 1.0240e+03, 0.0000e+00, 
 2DIAGNOSTIC,    20, -5.358525799873e-01, 1.432428102618e-06, 1.0240e+03, 0.0000e+00, 
 2DIAGNOSTIC,    21, -5.358525982124e-01, 1.385397114133e-06, 1.0240e+03, 0.0000e+00, 
 2DIAGNOSTIC,    22, -5.358526997958e-01, 1.356331706892e-06, 1.0240e+03, 0.0000e+00, 
 2DIAGNOSTIC,    23, -5.358524451262e-01, 1.334819902103e-06, 1.0240e+03, 0.0000e+00, 
 2DIAGNOSTIC,    24, -5.358525503672e-01, 1.295189122702e-06, 1.0240e+03, 0.0000e+00, 
 2DIAGNOSTIC,    25, -5.358527279021e-01, 1.264404637692e-06, 1.0240e+03, 0.0000e+00, 
 2DIAGNOSTIC,    26, -5.358526881103e-01, 1.237794430613e-06, 1.0240e+03, 0.0000e+00, 
 2DIAGNOSTIC,    27, -5.358528158647e-01, 1.190967880878e-06, 1.0240e+03, 0.0000e+00, 
 2DIAGNOSTIC,    28, -5.358528863184e-01, 1.150044969214e-06, 1.0240e+03, 0.0000e+00, 
 2DIAGNOSTIC,    29, -5.358526209641e-01, 1.106699460886e-06, 1.0240e+03, 0.0000e+00, 
 2DIAGNOSTIC,    30, -5.358528405165e-01, 1.071283024436e-06, 1.0240e+03, 0.0000e+00, 
 2DIAGNOSTIC,    31, -5.358527889592e-01, 1.036352557091e-06, 1.0240e+03, 0.0000e+00, 
 2DIAGNOSTIC,    32, -5.358529516168e-01, 1.007195864211e-06, 1.0240e+03, 0.0000e+00, 
DIAGNOSTIC,Iteration,metricValue,convergenceValue,ITERATION_TIME_INDEX,SINCE_LAST
 2DIAGNOSTIC,     1, -4.895509249972e-01, 1.797693134862e+308, 1.0240e+03, 0.0000e+00, 
 2DIAGNOSTIC,     2, -4.895808238260e-01, 1.797693134862e+308, 1.0240e+03, 0.0000e+00, 
 2DIAGNOSTIC,     3, -4.895838027233e-01, 1.797693134862e+308, 1.0240e+03, 0.0000e+00, 
 2DIAGNOSTIC,     4, -4.895837163346e-01, 1.797693134862e+308, 1.0240e+03, 0.0000e+00, 
 2DIAGNOSTIC,     5, -4.895835365734e-01, 1.797693134862e+308, 1.0240e+03, 0.0000e+00, 
 2DIAGNOSTIC,     6, -4.895828576243e-01, 1.797693134862e+308, 1.0240e+03, 0.0000e+00, 
 2DIAGNOSTIC,     7, -4.895825538213e-01, 1.797693134862e+308, 1.0240e+03, 0.0000e+00, 
 2DIAGNOSTIC,     8, -4.895825813459e-01, 1.797693134862e+308, 1.0240e+03, 0.0000e+00, 
 2DIAGNOSTIC,     9, -4.895824878115e-01, 1.797693134862e+308, 1.0240e+03, 0.0000e+00, 
 2DIAGNOSTIC,    10, -4.895825603350e-01, 5.014504470699e-06, 1.0240e+03, 0.0000e+00, 
 2DIAGNOSTIC,    11, -4.895824485793e-01, 2.848977212186e-06, 1.0240e+03, 0.0000e+00, 
 2DIAGNOSTIC,    12, -4.895824457331e-01, 2.490679515479e-06, 1.0240e+03, 0.0000e+00, 
 2DIAGNOSTIC,    13, -4.895823361212e-01, 2.329688519473e-06, 1.0240e+03, 0.0000e+00, 
 2DIAGNOSTIC,    14, -4.895822878162e-01, 2.196561265613e-06, 1.0240e+03, 0.0000e+00, 
 2DIAGNOSTIC,    15, -4.895822933426e-01, 2.081981825067e-06, 1.0240e+03, 0.0000e+00, 
 2DIAGNOSTIC,    16, -4.895823107363e-01, 1.961535727804e-06, 1.0240e+03, 0.0000e+00, 
 2DIAGNOSTIC,    17, -4.895823170172e-01, 1.847535864088e-06, 1.0240e+03, 0.0000e+00, 
 2DIAGNOSTIC,    18, -4.895823204383e-01, 1.749533509170e-06, 1.0240e+03, 0.0000e+00, 
 2DIAGNOSTIC,    19, -4.895823176944e-01, 1.660505397551e-06, 1.0240e+03, 0.0000e+00, 
 2DIAGNOSTIC,    20, -4.895823176944e-01, 1.583826828210e-06, 1.0240e+03, 0.0000e+00, 
 2DIAGNOSTIC,    21, -4.895823046256e-01, 1.511577121457e-06, 1.0240e+03, 0.0000e+00, 
 2DIAGNOSTIC,    22, -4.895822784432e-01, 1.445519693014e-06, 1.0240e+03, 0.0000e+00, 
 2DIAGNOSTIC,    23, -4.895822784432e-01, 1.382551256535e-06, 1.0240e+03, 0.0000e+00, 
 2DIAGNOSTIC,    24, -4.895822775123e-01, 1.323694460549e-06, 1.0240e+03, 0.0000e+00, 
 2DIAGNOSTIC,    25, -4.895822782903e-01, 1.269854489186e-06, 1.0240e+03, 0.0000e+00, 
 2DIAGNOSTIC,    26, -4.895822782903e-01, 1.220802058201e-06, 1.0240e+03, 0.0000e+00, 
 2DIAGNOSTIC,    27, -4.895822782903e-01, 1.175791643354e-06, 1.0240e+03, 0.0000e+00, 
 2DIAGNOSTIC,    28, -4.895822778949e-01, 1.134295644446e-06, 1.0240e+03, 0.0000e+00, 
 2DIAGNOSTIC,    29, -4.895822778949e-01, 1.095777275251e-06, 1.0240e+03, 0.0000e+00, 
 2DIAGNOSTIC,    30, -4.895822777954e-01, 1.059945364028e-06, 1.0240e+03, 0.0000e+00, 
 2DIAGNOSTIC,    31, -4.895822777954e-01, 1.026244180670e-06, 1.0240e+03, 0.0000e+00, 
  Elapsed time (stage 0): 1.0240e+03


Total elapsed time: 1.0240e+03
Info [verificarlo]: loaded backend libinterflop_ieee.so
Info [interflop-ieee]: load backend with:
Info [interflop-ieee]: debug = false
Info [interflop-ieee]: debug-binary = false
Info [interflop-ieee]: no-backend-name = false
Info [interflop-ieee]: print-new-line = false
Info [interflop-ieee]: print-subnormal-normalized = false
Info [interflop-ieee]: count-op = false
All_Command_lines_OK
Using double precision for computations.
=============================================================================
The composite transform comprises the following transforms (in order): 
  1. /home/mdugre/scratch/mri-registration-rp/datasets/ds004513/derivatives/mri-registration-rp/0100/antsRegistration-r7-p20/sub-s025/rigid_Composite.h5[0] (type = Euler3DTransform)
  2. /home/mdugre/scratch/mri-registration-rp/datasets/ds004513/derivatives/mri-registration-rp/0100/antsRegistration-r7-p20/sub-s025/rigid_Composite.h5[1] (type = Euler3DTransform)
  3. /home/mdugre/scratch/mri-registration-rp/datasets/ds004513/derivatives/mri-registration-rp/0100/antsRegistration-r7-p20/sub-s025/rigid_Composite.h5[2] (type = Euler3DTransform)
=============================================================================
  number of levels = 4
  fixed image: /templateflow/tpl-MNI152NLin2009cAsym/tpl-MNI152NLin2009cAsym_res-01_desc-brain_T1w.nii.gz
  moving image: /home/mdugre/scratch/mri-registration-rp/datasets/ds004513/derivatives/mri-registration-rp/antsBrainExtraction/sub-s025/BrainExtractionBrain.nii.gz
Dimension = 3
Number of stages = 1
Use histogram matching = false
Winsorize image intensities = true
  Lower quantile = 0.005
  Upper quantile = 0.995


Stage 1 State
   Image metric = MattesMI
     Fixed image = Image (0x3cdd7e0)
  RTTI typeinfo:   itk::Image<double, 3u>
  Reference Count: 2
  Modified Time: 1594
  Debug: Off
  Object Name: 
  Observers: 
    none
  Source: (none)
  Source output name: (none)
  Release Data: Off
  Data Released: False
  Global Release Data: Off
  PipelineMTime: 0
  UpdateMTime: 1203
  RealTimeStamp: 0 seconds 
  LargestPossibleRegion: 
    Dimension: 3
    Index: [0, 0, 0]
    Size: [193, 229, 193]
  BufferedRegion: 
    Dimension: 3
    Index: [0, 0, 0]
    Size: [193, 229, 193]
  RequestedRegion: 
    Dimension: 3
    Index: [0, 0, 0]
    Size: [193, 229, 193]
  Spacing: [1, 1, 1]
  Origin: [96, 132, -78]
  Direction: 
-1 0 0
0 -1 0
0 0 1

  IndexToPointMatrix: 
-1 0 0
0 -1 0
0 0 1

  PointToIndexMatrix: 
-1 0 0
0 -1 0
0 0 1

  Inverse Direction: 
-1 0 0
0 -1 0
0 0 1

  PixelContainer: 
    ImportImageContainer (0x3da8880)
      RTTI typeinfo:   itk::ImportImageContainer<unsigned long, double>
      Reference Count: 1
      Modified Time: 1200
      Debug: Off
      Object Name: 
      Observers: 
        none
      Pointer: 0x15364e261010
      Container manages memory: true
      Size: 8530021
      Capacity: 8530021

     Moving image = Image (0x3d99050)
  RTTI typeinfo:   itk::Image<double, 3u>
  Reference Count: 2
  Modified Time: 1595
  Debug: Off
  Object Name: 
  Observers: 
    none
  Source: (none)
  Source output name: (none)
  Release Data: Off
  Data Released: False
  Global Release Data: Off
  PipelineMTime: 0
  UpdateMTime: 1592
  RealTimeStamp: 0 seconds 
  LargestPossibleRegion: 
    Dimension: 3
    Index: [0, 0, 0]
    Size: [176, 240, 256]
  BufferedRegion: 
    Dimension: 3
    Index: [0, 0, 0]
    Size: [176, 240, 256]
  RequestedRegion: 
    Dimension: 3
    Index: [0, 0, 0]
    Size: [176, 240, 256]
  Spacing: [0.999999, 1, 1]
  Origin: [90.3778, 84.5091, -154.071]
  Direction: 
-0.999391 7.48184e-06 -0.0348969
-7.47664e-06 -1 -2.7953e-07
-0.0348969 -1.84481e-08 0.999391

  IndexToPointMatrix: 
-0.99939 7.48184e-06 -0.0348969
-7.47663e-06 -1 -2.7953e-07
-0.0348968 -1.84481e-08 0.999391

  PointToIndexMatrix: 
-0.999392 -7.47665e-06 -0.0348969
7.48184e-06 -1 -1.84481e-08
-0.0348969 -2.7953e-07 0.999391

  Inverse Direction: 
-0.999391 -7.47664e-06 -0.0348969
7.48184e-06 -1 -1.84481e-08
-0.0348969 -2.7953e-07 0.999391

  PixelContainer: 
    ImportImageContainer (0x3e4c690)
      RTTI typeinfo:   itk::ImportImageContainer<unsigned long, double>
      Reference Count: 1
      Modified Time: 1589
      Debug: Off
      Object Name: 
      Observers: 
        none
      Pointer: 0x153648fe0010
      Container manages memory: true
      Size: 10813440
      Capacity: 10813440

     Weighting = 1
     Sampling strategy = regular
     Number of bins = 32
     Radius = 4
     Sampling percentage  = 0.25
   Transform = Affine
     Gradient step = 0.1
     Update field sigma (voxel space) = 0
     Total field sigma (voxel space) = 0
     Update field time sigma = 0
     Total field time sigma  = 0
     Number of time indices = 0
     Number of time point samples = 0
Registration using 1 total stages.

Stage 0
  iterations = 1000x500x250x100
  convergence threshold = 1e-06
  convergence window size = 10
  number of levels = 4
  using the Mattes MI metric (number of bins = 32, weight = 1, use gradient filter = 0)
  preprocessing:  winsorizing the image intensities
  Shrink factors (level 1 out of 4): [8, 8, 8]
  Shrink factors (level 2 out of 4): [4, 4, 4]
  Shrink factors (level 3 out of 4): [2, 2, 2]
  Shrink factors (level 4 out of 4): [1, 1, 1]
  smoothing sigmas per level: [3, 2, 1, 0]
  regular sampling (percentage = 0.25)

*** Running AffineTransform registration ***

DIAGNOSTIC,Iteration,metricValue,convergenceValue,ITERATION_TIME_INDEX,SINCE_LAST
 2DIAGNOSTIC,     1, -7.484862548961e-01, 1.797693134862e+308, 8.2106e-01, 8.2106e-01, 
 2DIAGNOSTIC,     2, -7.506480826248e-01, 1.797693134862e+308, 8.2607e-01, 5.0111e-03, 
 2DIAGNOSTIC,     3, -7.540577338087e-01, 1.797693134862e+308, 8.3130e-01, 5.2252e-03, 
 2DIAGNOSTIC,     4, -7.597219671975e-01, 1.797693134862e+308, 8.3625e-01, 4.9522e-03, 
 2DIAGNOSTIC,     5, -7.692935762412e-01, 1.797693134862e+308, 8.4134e-01, 5.0931e-03, 
 2DIAGNOSTIC,     6, -7.840352741176e-01, 1.797693134862e+308, 8.4694e-01, 5.5971e-03, 
 2DIAGNOSTIC,     7, -8.096435352777e-01, 1.797693134862e+308, 8.5210e-01, 5.1630e-03, 
 2DIAGNOSTIC,     8, -8.861667029425e-01, 1.797693134862e+308, 8.5932e-01, 7.2131e-03, 
 2DIAGNOSTIC,     9, -9.198413472604e-01, 1.797693134862e+308, 8.6485e-01, 5.5361e-03, 
 2DIAGNOSTIC,    10, -9.273039669709e-01, 1.560390876445e-02, 8.7292e-01, 8.0709e-03, 
 2DIAGNOSTIC,    11, -9.296537973282e-01, 1.577385324412e-02, 8.7830e-01, 5.3780e-03, 
 2DIAGNOSTIC,    12, -9.333102608969e-01, 1.467164404667e-02, 8.8463e-01, 6.3300e-03, 
 2DIAGNOSTIC,    13, -9.347520064816e-01, 1.253761623546e-02, 8.9053e-01, 5.8959e-03, 
 2DIAGNOSTIC,    14, -9.356330457855e-01, 9.755023248354e-03, 8.9655e-01, 6.0220e-03, 
 2DIAGNOSTIC,    15, -9.369987147062e-01, 6.758930062777e-03, 9.0385e-01, 7.2970e-03, 
 2DIAGNOSTIC,    16, -9.376576309669e-01, 3.888830067451e-03, 9.1338e-01, 9.5348e-03, 
 2DIAGNOSTIC,    17, -9.377167904793e-01, 1.494362737764e-03, 9.1955e-01, 6.1729e-03, 
 2DIAGNOSTIC,    18, -9.377081556327e-01, 6.298486101971e-04, 9.2487e-01, 5.3198e-03, 
 2DIAGNOSTIC,    19, -9.377471847522e-01, 3.827227212312e-04, 9.2960e-01, 4.7290e-03, 
 2DIAGNOSTIC,    20, -9.379143732510e-01, 2.505370879939e-04, 9.3531e-01, 5.7070e-03, 
 2DIAGNOSTIC,    21, -9.382819378914e-01, 1.492279158796e-04, 9.4164e-01, 6.3260e-03, 
 2DIAGNOSTIC,    22, -9.379386656497e-01, 9.239674530009e-05, 9.4758e-01, 5.9419e-03, 
 2DIAGNOSTIC,    23, -9.375562419246e-01, 4.745270835677e-05, 9.5281e-01, 5.2359e-03, 
 2DIAGNOSTIC,    24, -9.376765147729e-01, 1.534167091621e-05, 9.5804e-01, 5.2280e-03, 
 2DIAGNOSTIC,    25, -9.376974687050e-01, 1.963178468060e-06, 9.6304e-01, 4.9980e-03, 
DIAGNOSTIC,Iteration,metricValue,convergenceValue,ITERATION_TIME_INDEX,SINCE_LAST
 2DIAGNOSTIC,     1, -7.504103871393e-01, 1.797693134862e+308, 1.7871e+00, 8.2408e-01, 
 2DIAGNOSTIC,     2, -7.508214373768e-01, 1.797693134862e+308, 1.8237e+00, 3.6553e-02, 
 2DIAGNOSTIC,     3, -7.512330108354e-01, 1.797693134862e+308, 1.8605e+00, 3.6803e-02, 
 2DIAGNOSTIC,     4, -7.516870481185e-01, 1.797693134862e+308, 1.8969e+00, 3.6471e-02, 
 2DIAGNOSTIC,     5, -7.529551209849e-01, 1.797693134862e+308, 1.9438e+00, 4.6842e-02, 
 2DIAGNOSTIC,     6, -7.537645263456e-01, 1.797693134862e+308, 2.0160e+00, 7.2249e-02, 
 2DIAGNOSTIC,     7, -7.537420245386e-01, 1.797693134862e+308, 2.0552e+00, 3.9150e-02, 
 2DIAGNOSTIC,     8, -7.537494756724e-01, 1.797693134862e+308, 2.0898e+00, 3.4651e-02, 
 2DIAGNOSTIC,     9, -7.537622163656e-01, 1.797693134862e+308, 2.1249e+00, 3.5057e-02, 
 2DIAGNOSTIC,    10, -7.537828785171e-01, 3.355635921540e-04, 2.1591e+00, 3.4221e-02, 
 2DIAGNOSTIC,    11, -7.538154753426e-01, 2.447483575326e-04, 2.1955e+00, 3.6400e-02, 
 2DIAGNOSTIC,    12, -7.538801435602e-01, 1.627243344606e-04, 2.2413e+00, 4.5757e-02, 
 2DIAGNOSTIC,    13, -7.539514126669e-01, 9.331905653839e-05, 2.2771e+00, 3.5819e-02, 
 2DIAGNOSTIC,    14, -7.540270529229e-01, 3.911390159675e-05, 2.3149e+00, 3.7849e-02, 
 2DIAGNOSTIC,    15, -7.541610881978e-01, 2.345370669052e-05, 2.3559e+00, 4.0941e-02, 
 2DIAGNOSTIC,    16, -7.541656864007e-01, 2.695725434164e-05, 2.3916e+00, 3.5721e-02, 
 2DIAGNOSTIC,    17, -7.542045303975e-01, 2.814597447365e-05, 2.4396e+00, 4.8019e-02, 
 2DIAGNOSTIC,    18, -7.541431438422e-01, 2.564124303058e-05, 2.4915e+00, 5.1912e-02, 
 2DIAGNOSTIC,    19, -7.541463653982e-01, 2.152737638579e-05, 2.5308e+00, 3.9221e-02, 
 2DIAGNOSTIC,    20, -7.541470260644e-01, 1.634994016678e-05, 2.5662e+00, 3.5433e-02, 
 2DIAGNOSTIC,    21, -7.541335826568e-01, 1.060907594853e-05, 2.6024e+00, 3.6253e-02, 
 2DIAGNOSTIC,    22, -7.541353978523e-01, 5.699815498660e-06, 2.6428e+00, 4.0326e-02, 
 2DIAGNOSTIC,    23, -7.541219804904e-01, 1.772031168717e-06, 2.6788e+00, 3.6011e-02, 
DIAGNOSTIC,Iteration,metricValue,convergenceValue,ITERATION_TIME_INDEX,SINCE_LAST
 2DIAGNOSTIC,     1, -6.421414276066e-01, 1.797693134862e+308, 3.9234e+00, 1.2446e+00, 
 2DIAGNOSTIC,     2, -6.425410288878e-01, 1.797693134862e+308, 4.2314e+00, 3.0802e-01, 
 2DIAGNOSTIC,     3, -6.429227052026e-01, 1.797693134862e+308, 4.5330e+00, 3.0160e-01, 
 2DIAGNOSTIC,     4, -6.433049141409e-01, 1.797693134862e+308, 4.8714e+00, 3.3835e-01, 
 2DIAGNOSTIC,     5, -6.443520371668e-01, 1.797693134862e+308, 5.2386e+00, 3.6725e-01, 
 2DIAGNOSTIC,     6, -6.451936158727e-01, 1.797693134862e+308, 5.7956e+00, 5.5697e-01, 
 2DIAGNOSTIC,     7, -6.452236847633e-01, 1.797693134862e+308, 6.2305e+00, 4.3493e-01, 
 2DIAGNOSTIC,     8, -6.452202035559e-01, 1.797693134862e+308, 6.9442e+00, 7.1370e-01, 
 2DIAGNOSTIC,     9, -6.452207916690e-01, 1.797693134862e+308, 7.2964e+00, 3.5221e-01, 
 2DIAGNOSTIC,    10, -6.452184512158e-01, 3.590765905849e-04, 7.6085e+00, 3.1202e-01, 
 2DIAGNOSTIC,    11, -6.452193266336e-01, 2.611474572893e-04, 8.0389e+00, 4.3046e-01, 
 2DIAGNOSTIC,    12, -6.452195724517e-01, 1.713665113062e-04, 8.3972e+00, 3.5826e-01, 
 2DIAGNOSTIC,    13, -6.452169302626e-01, 9.356320688543e-05, 8.8143e+00, 4.1708e-01, 
 2DIAGNOSTIC,    14, -6.452171469504e-01, 3.005234207690e-05, 9.2321e+00, 4.1789e-01, 
 2DIAGNOSTIC,    15, -6.452160842392e-01, 2.535638183407e-06, 9.6662e+00, 4.3407e-01, 
 2DIAGNOSTIC,    16, -6.452167049035e-01, 1.609697417748e-06, 1.0082e+01, 4.1608e-01, 
 2DIAGNOSTIC,    17, -6.452177526413e-01, 1.636035220222e-06, 1.0516e+01, 4.3421e-01, 
 2DIAGNOSTIC,    18, -6.452156634138e-01, 1.544212671435e-06, 1.0977e+01, 4.6031e-01, 
 2DIAGNOSTIC,    19, -6.452141023622e-01, 1.464354811583e-06, 1.1410e+01, 4.3326e-01, 
 2DIAGNOSTIC,    20, -6.452148582274e-01, 1.376889597261e-06, 1.1827e+01, 4.1682e-01, 
 2DIAGNOSTIC,    21, -6.452134039727e-01, 1.303109024582e-06, 1.2255e+01, 4.2797e-01, 
 2DIAGNOSTIC,    22, -6.452117825633e-01, 1.229838675260e-06, 1.2693e+01, 4.3795e-01, 
 2DIAGNOSTIC,    23, -6.452128713964e-01, 1.154820711717e-06, 1.3110e+01, 4.1762e-01, 
 2DIAGNOSTIC,    24, -6.452125292468e-01, 1.105461905862e-06, 1.3479e+01, 3.6865e-01, 
 2DIAGNOSTIC,    25, -6.452123953201e-01, 1.058917263631e-06, 1.3838e+01, 3.5901e-01, 
 2DIAGNOSTIC,    26, -6.452131650292e-01, 1.059081985201e-06, 1.4279e+01, 4.4070e-01, 
 2DIAGNOSTIC,    27, -6.452115006562e-01, 1.065590149694e-06, 1.4698e+01, 4.1906e-01, 
 2DIAGNOSTIC,    28, -6.452121499810e-01, 1.060814457339e-06, 1.5082e+01, 3.8439e-01, 
 2DIAGNOSTIC,    29, -6.452099396425e-01, 1.004861826165e-06, 1.5435e+01, 3.5243e-01, 
DIAGNOSTIC,Iteration,metricValue,convergenceValue,ITERATION_TIME_INDEX,SINCE_LAST
 2DIAGNOSTIC,     1, -5.765810755910e-01, 1.797693134862e+308, 1.8601e+01, 3.1667e+00, 
 2DIAGNOSTIC,     2, -5.769932330450e-01, 1.797693134862e+308, 2.1462e+01, 2.8603e+00, 
 2DIAGNOSTIC,     3, -5.774720939513e-01, 1.797693134862e+308, 2.3894e+01, 2.4321e+00, 
 2DIAGNOSTIC,     4, -5.779994909618e-01, 1.797693134862e+308, 2.6070e+01, 2.1761e+00, 
 2DIAGNOSTIC,     5, -5.785286234878e-01, 1.797693134862e+308, 2.7975e+01, 1.9056e+00, 
 2DIAGNOSTIC,     6, -5.789654907544e-01, 1.797693134862e+308, 3.1579e+01, 3.6037e+00, 
 2DIAGNOSTIC,     7, -5.789640883133e-01, 1.797693134862e+308, 3.4220e+01, 2.6412e+00, 
 2DIAGNOSTIC,     8, -5.789640148649e-01, 1.797693134862e+308, 3.6611e+01, 2.3906e+00, 
 2DIAGNOSTIC,     9, -5.789639169174e-01, 1.797693134862e+308, 3.9312e+01, 2.7009e+00, 
 2DIAGNOSTIC,    10, -5.789639402721e-01, 2.820876846309e-04, 4.1817e+01, 2.5049e+00, 
 2DIAGNOSTIC,    11, -5.789635831398e-01, 1.884750570804e-04, 4.4215e+01, 2.3979e+00, 
 2DIAGNOSTIC,    12, -5.789636798363e-01, 1.107101182302e-04, 4.7174e+01, 2.9598e+00, 
 2DIAGNOSTIC,    13, -5.789632741699e-01, 5.318800234590e-05, 4.9187e+01, 2.0131e+00, 
 2DIAGNOSTIC,    14, -5.789630485816e-01, 1.743549595012e-05, 5.1312e+01, 2.1250e+00, 
 2DIAGNOSTIC,    15, -5.789629461488e-01, 1.986742961202e-06, 5.3489e+01, 2.1769e+00, 
 2DIAGNOSTIC,    16, -5.789628524111e-01, 1.895283756090e-06, 5.5344e+01, 1.8547e+00, 
 2DIAGNOSTIC,    17, -5.789626466228e-01, 1.776817358246e-06, 5.7223e+01, 1.8792e+00, 
 2DIAGNOSTIC,    18, -5.789627071730e-01, 1.680223806567e-06, 6.0542e+01, 3.3193e+00, 
 2DIAGNOSTIC,    19, -5.789625964366e-01, 1.596496013778e-06, 6.4248e+01, 3.7052e+00, 
 2DIAGNOSTIC,    20, -5.789624752982e-01, 1.526270972073e-06, 6.6780e+01, 2.5327e+00, 
 2DIAGNOSTIC,    21, -5.789623737901e-01, 1.457957640685e-06, 7.0034e+01, 3.2537e+00, 
 2DIAGNOSTIC,    22, -5.789624311447e-01, 1.404918717841e-06, 7.2765e+01, 2.7309e+00, 
 2DIAGNOSTIC,    23, -5.789621544731e-01, 1.345814373548e-06, 7.4898e+01, 2.1333e+00, 
 2DIAGNOSTIC,    24, -5.789621773656e-01, 1.291202997758e-06, 7.7066e+01, 2.1681e+00, 
 2DIAGNOSTIC,    25, -5.789620423166e-01, 1.239593772927e-06, 7.9436e+01, 2.3701e+00, 
 2DIAGNOSTIC,    26, -5.789618992147e-01, 1.190748568559e-06, 8.1661e+01, 2.2242e+00, 
 2DIAGNOSTIC,    27, -5.789617537504e-01, 1.142238493151e-06, 8.3745e+01, 2.0841e+00, 
 2DIAGNOSTIC,    28, -5.789616112700e-01, 1.099277769701e-06, 8.5692e+01, 1.9473e+00, 
 2DIAGNOSTIC,    29, -5.789614738522e-01, 1.058674579155e-06, 8.7591e+01, 1.8992e+00, 
 2DIAGNOSTIC,    30, -5.789613449986e-01, 1.020372627676e-06, 8.9759e+01, 2.1675e+00, 
  Elapsed time (stage 0): 9.0899e+01


Total elapsed time: 9.0902e+01
Info [verificarlo]: loaded backend libinterflop_ieee.so
Info [interflop-ieee]: load backend with:
Info [interflop-ieee]: debug = false
Info [interflop-ieee]: debug-binary = false
Info [interflop-ieee]: no-backend-name = false
Info [interflop-ieee]: print-new-line = false
Info [interflop-ieee]: print-subnormal-normalized = false
Info [interflop-ieee]: count-op = false
All_Command_lines_OK
Using double precision for computations.
=============================================================================
The composite transform comprises the following transforms (in order): 
  1. /home/mdugre/scratch/mri-registration-rp/datasets/ds004513/derivatives/mri-registration-rp/0100/antsRegistration-r7-p20/sub-s025/affine_Composite.h5[0] (type = Euler3DTransform)
