
##########################
# Experiment information #
##########################

EXPERIMENT_NAME: antsRegistration-r8-p13
VFC_BACKENDS: libinterflop_vprec.so --range-binary32=8 --precision-binary32=13 --range-binary64=8 --precision-binary64=13

SIF_IMG: /home/mdugre/projects/rrg-glatard/mdugre/containers/ants-vprec-no_metrics.simg

SUBJECT_ID: s025
INPUT_IMG: /home/mdugre/scratch/mri-registration-rp/datasets/ds004513/derivatives/mri-registration-rp/antsBrainExtraction/sub-s025/BrainExtractionBrain.nii.gz
OUTPUT_DIR: /home/mdugre/scratch/mri-registration-rp/datasets/ds004513/derivatives/mri-registration-rp/0100/antsRegistration-r8-p13/sub-s025

FIXED_IMG: /templateflow/tpl-MNI152NLin2009cAsym/tpl-MNI152NLin2009cAsym_res-01_desc-brain_T1w.nii.gz
DATA_DIR: /home/mdugre/scratch/mri-registration-rp/datasets/ds004513
TEMPLATEFLOW_DIR: /home/mdugre/projects/rrg-glatard/mdugre/templateflow
ITK_GLOBAL_DEFAULT_NUMBER_OF_THREADS: 16
##########################

Info [verificarlo]: loaded backend libinterflop_ieee.so
Info [interflop-ieee]: load backend with:
Info [interflop-ieee]: debug = false
Info [interflop-ieee]: debug-binary = false
Info [interflop-ieee]: no-backend-name = false
Info [interflop-ieee]: print-new-line = false
Info [interflop-ieee]: print-subnormal-normalized = false
Info [interflop-ieee]: count-op = false
All_Command_lines_OK
Using double precision for computations.
=============================================================================
The composite transform comprises the following transforms (in order): 
  1. Center of mass alignment using fixed image: /templateflow/tpl-MNI152NLin2009cAsym/tpl-MNI152NLin2009cAsym_res-01_desc-brain_T1w.nii.gz and moving image: /home/mdugre/scratch/mri-registration-rp/datasets/ds004513/derivatives/mri-registration-rp/antsBrainExtraction/sub-s025/BrainExtractionBrain.nii.gz (type = Euler3DTransform)
=============================================================================
  number of levels = 1
  fixed image: /templateflow/tpl-MNI152NLin2009cAsym/tpl-MNI152NLin2009cAsym_res-01_desc-brain_T1w.nii.gz
  moving image: /home/mdugre/scratch/mri-registration-rp/datasets/ds004513/derivatives/mri-registration-rp/antsBrainExtraction/sub-s025/BrainExtractionBrain.nii.gz
Dimension = 3
Number of stages = 1
Use histogram matching = false
Winsorize image intensities = true
  Lower quantile = 0.005
  Upper quantile = 0.995


Stage 1 State
   Image metric = MattesMI
     Fixed image = Image (0x4ca5e70)
  RTTI typeinfo:   itk::Image<double, 3u>
  Reference Count: 2
  Modified Time: 2334
  Debug: Off
  Object Name: 
  Observers: 
    none
  Source: (none)
  Source output name: (none)
  Release Data: Off
  Data Released: False
  Global Release Data: Off
  PipelineMTime: 0
  UpdateMTime: 1943
  RealTimeStamp: 0 seconds 
  LargestPossibleRegion: 
    Dimension: 3
    Index: [0, 0, 0]
    Size: [193, 229, 193]
  BufferedRegion: 
    Dimension: 3
    Index: [0, 0, 0]
    Size: [193, 229, 193]
  RequestedRegion: 
    Dimension: 3
    Index: [0, 0, 0]
    Size: [193, 229, 193]
  Spacing: [1, 1, 1]
  Origin: [96, 132, -78]
  Direction: 
-1 0 0
0 -1 0
0 0 1

  IndexToPointMatrix: 
-1 0 0
0 -1 0
0 0 1

  PointToIndexMatrix: 
-1 0 0
0 -1 0
0 0 1

  Inverse Direction: 
-1 0 0
0 -1 0
0 0 1

  PixelContainer: 
    ImportImageContainer (0x4caec60)
      RTTI typeinfo:   itk::ImportImageContainer<unsigned long, double>
      Reference Count: 1
      Modified Time: 1940
      Debug: Off
      Object Name: 
      Observers: 
        none
      Pointer: 0x149989eec010
      Container manages memory: true
      Size: 8530021
      Capacity: 8530021

     Moving image = Image (0x4cb1610)
  RTTI typeinfo:   itk::Image<double, 3u>
  Reference Count: 2
  Modified Time: 2335
  Debug: Off
  Object Name: 
  Observers: 
    none
  Source: (none)
  Source output name: (none)
  Release Data: Off
  Data Released: False
  Global Release Data: Off
  PipelineMTime: 0
  UpdateMTime: 2332
  RealTimeStamp: 0 seconds 
  LargestPossibleRegion: 
    Dimension: 3
    Index: [0, 0, 0]
    Size: [176, 240, 256]
  BufferedRegion: 
    Dimension: 3
    Index: [0, 0, 0]
    Size: [176, 240, 256]
  RequestedRegion: 
    Dimension: 3
    Index: [0, 0, 0]
    Size: [176, 240, 256]
  Spacing: [0.999999, 1, 1]
  Origin: [90.3778, 84.5091, -154.071]
  Direction: 
-0.999391 7.48184e-06 -0.0348969
-7.47664e-06 -1 -2.7953e-07
-0.0348969 -1.84481e-08 0.999391

  IndexToPointMatrix: 
-0.99939 7.48184e-06 -0.0348969
-7.47663e-06 -1 -2.7953e-07
-0.0348968 -1.84481e-08 0.999391

  PointToIndexMatrix: 
-0.999392 -7.47665e-06 -0.0348969
7.48184e-06 -1 -1.84481e-08
-0.0348969 -2.7953e-07 0.999391

  Inverse Direction: 
-0.999391 -7.47664e-06 -0.0348969
7.48184e-06 -1 -1.84481e-08
-0.0348969 -2.7953e-07 0.999391

  PixelContainer: 
    ImportImageContainer (0x4d4aef0)
      RTTI typeinfo:   itk::ImportImageContainer<unsigned long, double>
      Reference Count: 1
      Modified Time: 2329
      Debug: Off
      Object Name: 
      Observers: 
        none
      Pointer: 0x149984c6b010
      Container manages memory: true
      Size: 10813440
      Capacity: 10813440

     Weighting = 1
     Sampling strategy = regular
     Number of bins = 32
     Radius = 4
     Sampling percentage  = 0.25
   Transform = Rigid
     Gradient step = 0.1
     Update field sigma (voxel space) = 0
     Total field sigma (voxel space) = 0
     Update field time sigma = 0
     Total field time sigma  = 0
     Number of time indices = 0
     Number of time point samples = 0
Registration using 1 total stages.

Stage 0
  iterations = 0
  convergence threshold = 1e-06
  convergence window size = 10
  number of levels = 1
  using the Mattes MI metric (number of bins = 32, weight = 1, use gradient filter = 0)
  preprocessing:  winsorizing the image intensities
  Shrink factors (level 1 out of 1): [1, 1, 1]
  smoothing sigmas per level: [0]
  regular sampling (percentage = 0.25)

*** Running Euler3DTransform registration ***

  Elapsed time (stage 0): 1.16057


Total elapsed time: 1.16327
Info [verificarlo]: loaded backend libinterflop_vprec.so
Info [interflop-vprec]: load backend with: 
Info [interflop-vprec]: precision-binary32 = 13
Info [interflop-vprec]: range-binary32 = 8
Info [interflop-vprec]: precision-binary64 = 13
Info [interflop-vprec]: range-binary64 = 8
Info [interflop-vprec]: mode = ob
Info [interflop-vprec]: error-mode = rel
Info [interflop-vprec]: max-abs-error-exponent = -1022
Info [interflop-vprec]: daz = false
Info [interflop-vprec]: ftz = false
Info [interflop-vprec]: 	instrument = none
Info [interflop-vprec]: 	prec-input-file = (null)
Info [interflop-vprec]: 	prec-output-file = (null)
Info [interflop-vprec]: 	prec-log-file = (null)
All_Command_lines_OK
Using double precision for computations.
=============================================================================
The composite transform comprises the following transforms (in order): 
  1. /home/mdugre/scratch/mri-registration-rp/datasets/ds004513/derivatives/mri-registration-rp/0100/antsRegistration-r8-p13/sub-s025/align_Composite.h5[0] (type = Euler3DTransform)
  2. /home/mdugre/scratch/mri-registration-rp/datasets/ds004513/derivatives/mri-registration-rp/0100/antsRegistration-r8-p13/sub-s025/align_Composite.h5[1] (type = Euler3DTransform)
=============================================================================
  number of levels = 4
  fixed image: /templateflow/tpl-MNI152NLin2009cAsym/tpl-MNI152NLin2009cAsym_res-01_desc-brain_T1w.nii.gz
  moving image: /home/mdugre/scratch/mri-registration-rp/datasets/ds004513/derivatives/mri-registration-rp/antsBrainExtraction/sub-s025/BrainExtractionBrain.nii.gz
Dimension = 3
Number of stages = 1
Use histogram matching = false
Winsorize image intensities = true
  Lower quantile = 0.005
  Upper quantile = 0.995


Stage 1 State
   Image metric = MattesMI
     Fixed image = Image (0x3d751e0)
  RTTI typeinfo:   itk::Image<double, 3u>
  Reference Count: 2
  Modified Time: 1578
  Debug: Off
  Object Name: 
  Observers: 
    none
  Source: (none)
  Source output name: (none)
  Release Data: Off
  Data Released: False
  Global Release Data: Off
  PipelineMTime: 0
  UpdateMTime: 1189
  RealTimeStamp: 0 seconds 
  LargestPossibleRegion: 
    Dimension: 3
    Index: [0, 0, 0]
    Size: [193, 229, 193]
  BufferedRegion: 
    Dimension: 3
    Index: [0, 0, 0]
    Size: [193, 229, 193]
  RequestedRegion: 
    Dimension: 3
    Index: [0, 0, 0]
    Size: [193, 229, 193]
  Spacing: [1, 1, 1]
  Origin: [96, 132, -78]
  Direction: 
-1 0 0
0 -1 0
0 0 1

  IndexToPointMatrix: 
-1 0 0
0 -1 0
0 0 1

  PointToIndexMatrix: 
-1 0 0
0 -1 0
0 0 1

  Inverse Direction: 
-1 0 0
0 -1 0
0 0 1

  PixelContainer: 
    ImportImageContainer (0x3e34680)
      RTTI typeinfo:   itk::ImportImageContainer<unsigned long, double>
      Reference Count: 1
      Modified Time: 1186
      Debug: Off
      Object Name: 
      Observers: 
        none
      Pointer: 0x14bbca0f7010
      Container manages memory: true
      Size: 8530021
      Capacity: 8530021

     Moving image = Image (0x3e30b20)
  RTTI typeinfo:   itk::Image<double, 3u>
  Reference Count: 2
  Modified Time: 1579
  Debug: Off
  Object Name: 
  Observers: 
    none
  Source: (none)
  Source output name: (none)
  Release Data: Off
  Data Released: False
  Global Release Data: Off
  PipelineMTime: 0
  UpdateMTime: 1576
  RealTimeStamp: 0 seconds 
  LargestPossibleRegion: 
    Dimension: 3
    Index: [0, 0, 0]
    Size: [176, 240, 256]
  BufferedRegion: 
    Dimension: 3
    Index: [0, 0, 0]
    Size: [176, 240, 256]
  RequestedRegion: 
    Dimension: 3
    Index: [0, 0, 0]
    Size: [176, 240, 256]
  Spacing: [1, 1, 1]
  Origin: [90.375, 84.5078, -154.078]
  Direction: 
-0.99939 7.48178e-06 -0.0348969
-7.47666e-06 -1 -2.79542e-07
-0.0348969 -1.84482e-08 0.99939

  IndexToPointMatrix: 
-0.99939 7.48178e-06 -0.0348969
-7.47666e-06 -1 -2.79542e-07
-0.0348969 -1.84482e-08 0.99939

  PointToIndexMatrix: 
-0.99939 -7.47666e-06 -0.0348969
7.48178e-06 -1 -1.84518e-08
-0.0348969 -2.79542e-07 0.99939

  Inverse Direction: 
-0.99939 -7.47666e-06 -0.0348969
7.48178e-06 -1 -1.84518e-08
-0.0348969 -2.79542e-07 0.99939

  PixelContainer: 
    ImportImageContainer (0x3e99d50)
      RTTI typeinfo:   itk::ImportImageContainer<unsigned long, double>
      Reference Count: 1
      Modified Time: 1573
      Debug: Off
      Object Name: 
      Observers: 
        none
      Pointer: 0x14bbc4e76010
      Container manages memory: true
      Size: 10813440
      Capacity: 10813440

     Weighting = 1
     Sampling strategy = regular
     Number of bins = 32
     Radius = 4
     Sampling percentage  = 0.25
   Transform = Rigid
     Gradient step = 0.1
     Update field sigma (voxel space) = 0
     Total field sigma (voxel space) = 0
     Update field time sigma = 0
     Total field time sigma  = 0
     Number of time indices = 0
     Number of time point samples = 0
Registration using 1 total stages.

Stage 0
  iterations = 1000x500x250x100
  convergence threshold = 1e-06
  convergence window size = 10
  number of levels = 4
  using the Mattes MI metric (number of bins = 32, weight = 1, use gradient filter = 0)
  preprocessing:  winsorizing the image intensities
  Shrink factors (level 1 out of 4): [8, 8, 8]
  Shrink factors (level 2 out of 4): [4, 4, 4]
  Shrink factors (level 3 out of 4): [2, 2, 2]
  Shrink factors (level 4 out of 4): [1, 1, 1]
  smoothing sigmas per level: [3, 2, 1, 0]
  regular sampling (percentage = 0.25)

*** Running Euler3DTransform registration ***

DIAGNOSTIC,Iteration,metricValue,convergenceValue,ITERATION_TIME_INDEX,SINCE_LAST
 2DIAGNOSTIC,     1, -5.318810909191e-01, 1.797693134862e+308, 0.0000e+00, 0.0000e+00, 
 2DIAGNOSTIC,     2, -5.339824922598e-01, 1.797693134862e+308, 0.0000e+00, 0.0000e+00, 
 2DIAGNOSTIC,     3, -5.368889563031e-01, 1.797693134862e+308, 0.0000e+00, 0.0000e+00, 
 2DIAGNOSTIC,     4, -5.409659865314e-01, 1.797693134862e+308, 0.0000e+00, 0.0000e+00, 
 2DIAGNOSTIC,     5, -5.459901601514e-01, 1.797693134862e+308, 0.0000e+00, 0.0000e+00, 
 2DIAGNOSTIC,     6, -5.516237921107e-01, 1.797693134862e+308, 0.0000e+00, 0.0000e+00, 
 2DIAGNOSTIC,     7, -5.590744812355e-01, 1.797693134862e+308, 0.0000e+00, 0.0000e+00, 
 2DIAGNOSTIC,     8, -5.733879427420e-01, 1.797693134862e+308, 0.0000e+00, 0.0000e+00, 
 2DIAGNOSTIC,     9, -5.779788902325e-01, 1.797693134862e+308, 0.0000e+00, 0.0000e+00, 
 2DIAGNOSTIC,    10, -5.797392658867e-01, 6.236512749851e-03, 0.0000e+00, 0.0000e+00, 
 2DIAGNOSTIC,    11, -5.846223804234e-01, 5.955335414512e-03, 0.0000e+00, 0.0000e+00, 
 2DIAGNOSTIC,    12, -5.879364068087e-01, 5.410509799520e-03, 0.0000e+00, 0.0000e+00, 
 2DIAGNOSTIC,    13, -5.882902795614e-01, 4.584080625026e-03, 0.0000e+00, 0.0000e+00, 
 2DIAGNOSTIC,    14, -5.895644370876e-01, 3.659383209240e-03, 0.0000e+00, 0.0000e+00, 
 2DIAGNOSTIC,    15, -5.914206564411e-01, 2.764806989245e-03, 0.0000e+00, 0.0000e+00, 
 2DIAGNOSTIC,    16, -5.949235687476e-01, 2.016957571234e-03, 0.0000e+00, 0.0000e+00, 
 2DIAGNOSTIC,    17, -5.989467781317e-01, 1.499619211508e-03, 0.0000e+00, 0.0000e+00, 
 2DIAGNOSTIC,    18, -6.010459581407e-01, 1.356145838284e-03, 0.0000e+00, 0.0000e+00, 
 2DIAGNOSTIC,    19, -6.040984466296e-01, 1.304960440912e-03, 0.0000e+00, 0.0000e+00, 
 2DIAGNOSTIC,    20, -6.105706984792e-01, 1.338080559043e-03, 0.0000e+00, 0.0000e+00, 
 2DIAGNOSTIC,    21, -6.195985625450e-01, 1.563279622280e-03, 0.0000e+00, 0.0000e+00, 
 2DIAGNOSTIC,    22, -6.279627446129e-01, 1.876798048022e-03, 0.0000e+00, 0.0000e+00, 
 2DIAGNOSTIC,    23, -6.284067593321e-01, 2.002038713367e-03, 0.0000e+00, 0.0000e+00, 
 2DIAGNOSTIC,    24, -6.285330173202e-01, 1.961781068626e-03, 0.0000e+00, 0.0000e+00, 
 2DIAGNOSTIC,    25, -6.288235033303e-01, 1.782548986034e-03, 0.0000e+00, 0.0000e+00, 
 2DIAGNOSTIC,    26, -6.295095027264e-01, 1.524491007802e-03, 0.0000e+00, 0.0000e+00, 
 2DIAGNOSTIC,    27, -6.300767375380e-01, 1.224040749022e-03, 0.0000e+00, 0.0000e+00, 
 2DIAGNOSTIC,    28, -6.302774359357e-01, 8.727353631696e-04, 0.0000e+00, 0.0000e+00, 
 2DIAGNOSTIC,    29, -6.301831004638e-01, 5.153606434000e-04, 0.0000e+00, 0.0000e+00, 
 2DIAGNOSTIC,    30, -6.301837877283e-01, 2.360849397714e-04, 0.0000e+00, 0.0000e+00, 
 2DIAGNOSTIC,    31, -6.302249840593e-01, 9.009205290186e-05, 0.0000e+00, 0.0000e+00, 
 2DIAGNOSTIC,    32, -6.302742506337e-01, 7.071729066267e-05, 0.0000e+00, 0.0000e+00, 
 2DIAGNOSTIC,    33, -6.303368313173e-01, 5.340783582502e-05, 0.0000e+00, 0.0000e+00, 
 2DIAGNOSTIC,    34, -6.304046902612e-01, 3.508219471100e-05, 0.0000e+00, 0.0000e+00, 
 2DIAGNOSTIC,    35, -6.304174135653e-01, 1.863444764232e-05, 0.0000e+00, 0.0000e+00, 
 2DIAGNOSTIC,    36, -6.303953447695e-01, 1.005229421209e-05, 0.0000e+00, 0.0000e+00, 
 2DIAGNOSTIC,    37, -6.303809106156e-01, 8.114779351018e-06, 0.0000e+00, 0.0000e+00, 
 2DIAGNOSTIC,    38, -6.303809106156e-01, 8.146130663817e-06, 0.0000e+00, 0.0000e+00, 
 2DIAGNOSTIC,    39, -6.303809106156e-01, 6.350482773455e-06, 0.0000e+00, 0.0000e+00, 
 2DIAGNOSTIC,    40, -6.303809106156e-01, 4.149310804096e-06, 0.0000e+00, 0.0000e+00, 
 2DIAGNOSTIC,    41, -6.303809106156e-01, 2.245410460872e-06, 0.0000e+00, 0.0000e+00, 
DIAGNOSTIC,Iteration,metricValue,convergenceValue,ITERATION_TIME_INDEX,SINCE_LAST
 2DIAGNOSTIC,     1, -4.911219725652e-01, 1.797693134862e+308, 0.0000e+00, 0.0000e+00, 
 2DIAGNOSTIC,     2, -4.916273132793e-01, 1.797693134862e+308, 0.0000e+00, 0.0000e+00, 
 2DIAGNOSTIC,     3, -4.922828311402e-01, 1.797693134862e+308, 0.0000e+00, 0.0000e+00, 
 2DIAGNOSTIC,     4, -4.932359250361e-01, 1.797693134862e+308, 0.0000e+00, 0.0000e+00, 
 2DIAGNOSTIC,     5, -4.950432800303e-01, 1.797693134862e+308, 0.0000e+00, 0.0000e+00, 
 2DIAGNOSTIC,     6, -4.965308257300e-01, 1.797693134862e+308, 0.0000e+00, 0.0000e+00, 
 2DIAGNOSTIC,     7, -4.987498460654e-01, 1.797693134862e+308, 0.0000e+00, 0.0000e+00, 
 2DIAGNOSTIC,     8, -5.099271011357e-01, 1.797693134862e+308, 0.0000e+00, 0.0000e+00, 
 2DIAGNOSTIC,     9, -5.200440109106e-01, 1.797693134862e+308, 0.0000e+00, 0.0000e+00, 
 2DIAGNOSTIC,    10, -5.227042326032e-01, 4.065439290688e-03, 0.0000e+00, 0.0000e+00, 
 2DIAGNOSTIC,    11, -5.242964239238e-01, 4.387277960661e-03, 0.0000e+00, 0.0000e+00, 
 2DIAGNOSTIC,    12, -5.344833501824e-01, 4.759310462921e-03, 0.0000e+00, 0.0000e+00, 
 2DIAGNOSTIC,    13, -5.381847915662e-01, 4.809234544480e-03, 0.0000e+00, 0.0000e+00, 
 2DIAGNOSTIC,    14, -5.422251120868e-01, 4.605835212082e-03, 0.0000e+00, 0.0000e+00, 
 2DIAGNOSTIC,    15, -5.489796581829e-01, 4.331490987566e-03, 0.0000e+00, 0.0000e+00, 
 2DIAGNOSTIC,    16, -5.556593062005e-01, 3.979229655206e-03, 0.0000e+00, 0.0000e+00, 
 2DIAGNOSTIC,    17, -5.603020054857e-01, 3.513846856527e-03, 0.0000e+00, 0.0000e+00, 
 2DIAGNOSTIC,    18, -5.630813695450e-01, 3.194454735905e-03, 0.0000e+00, 0.0000e+00, 
 2DIAGNOSTIC,    19, -5.657754750908e-01, 2.984597242016e-03, 0.0000e+00, 0.0000e+00, 
 2DIAGNOSTIC,    20, -5.695917855636e-01, 2.695874268137e-03, 0.0000e+00, 0.0000e+00, 
 2DIAGNOSTIC,    21, -5.732415681480e-01, 2.311081716047e-03, 0.0000e+00, 0.0000e+00, 
 2DIAGNOSTIC,    22, -5.742672549034e-01, 2.020633935956e-03, 0.0000e+00, 0.0000e+00, 
 2DIAGNOSTIC,    23, -5.769183472360e-01, 1.718216033685e-03, 0.0000e+00, 0.0000e+00, 
 2DIAGNOSTIC,    24, -5.789544651756e-01, 1.414751333945e-03, 0.0000e+00, 0.0000e+00, 
 2DIAGNOSTIC,    25, -5.821600219771e-01, 1.212300855793e-03, 0.0000e+00, 0.0000e+00, 
 2DIAGNOSTIC,    26, -5.855558949134e-01, 1.114519716613e-03, 0.0000e+00, 0.0000e+00, 
 2DIAGNOSTIC,    27, -5.918640226084e-01, 1.132215356665e-03, 0.0000e+00, 0.0000e+00, 
 2DIAGNOSTIC,    28, -5.981543364786e-01, 1.209521753147e-03, 0.0000e+00, 0.0000e+00, 
 2DIAGNOSTIC,    29, -5.998650080666e-01, 1.243744819900e-03, 0.0000e+00, 0.0000e+00, 
 2DIAGNOSTIC,    30, -6.062048287705e-01, 1.334255589530e-03, 0.0000e+00, 0.0000e+00, 
 2DIAGNOSTIC,    31, -6.067499309216e-01, 1.360795296565e-03, 0.0000e+00, 0.0000e+00, 
 2DIAGNOSTIC,    32, -6.077752122555e-01, 1.289306954851e-03, 0.0000e+00, 0.0000e+00, 
 2DIAGNOSTIC,    33, -6.088166481499e-01, 1.158090602617e-03, 0.0000e+00, 0.0000e+00, 
 2DIAGNOSTIC,    34, -6.118788834190e-01, 1.002224942074e-03, 0.0000e+00, 0.0000e+00, 
 2DIAGNOSTIC,    35, -6.133572269933e-01, 8.284604174307e-04, 0.0000e+00, 0.0000e+00, 
 2DIAGNOSTIC,    36, -6.159672340926e-01, 6.705045660288e-04, 0.0000e+00, 0.0000e+00, 
 2DIAGNOSTIC,    37, -6.185398036228e-01, 5.793463309401e-04, 0.0000e+00, 0.0000e+00, 
 2DIAGNOSTIC,    38, -6.191439926999e-01, 5.304270854246e-04, 0.0000e+00, 0.0000e+00, 
 2DIAGNOSTIC,    39, -6.193681672918e-01, 4.569480389405e-04, 0.0000e+00, 0.0000e+00, 
 2DIAGNOSTIC,    40, -6.194140870016e-01, 4.248554358168e-04, 0.0000e+00, 0.0000e+00, 
 2DIAGNOSTIC,    41, -6.196786168860e-01, 3.638937133888e-04, 0.0000e+00, 0.0000e+00, 
 2DIAGNOSTIC,    42, -6.200684289247e-01, 2.881342967972e-04, 0.0000e+00, 0.0000e+00, 
 2DIAGNOSTIC,    43, -6.201949339248e-01, 2.018253347623e-04, 0.0000e+00, 0.0000e+00, 
 2DIAGNOSTIC,    44, -6.202569570129e-01, 1.364973972543e-04, 0.0000e+00, 0.0000e+00, 
 2DIAGNOSTIC,    45, -6.202971635445e-01, 7.790102982963e-05, 0.0000e+00, 0.0000e+00, 
 2DIAGNOSTIC,    46, -6.203640201291e-01, 4.298630645854e-05, 0.0000e+00, 0.0000e+00, 
 2DIAGNOSTIC,    47, -6.204318705583e-01, 3.336280583817e-05, 0.0000e+00, 0.0000e+00, 
 2DIAGNOSTIC,    48, -6.205357233798e-01, 2.833060192747e-05, 0.0000e+00, 0.0000e+00, 
 2DIAGNOSTIC,    49, -6.205468265859e-01, 2.332927383096e-05, 0.0000e+00, 0.0000e+00, 
 2DIAGNOSTIC,    50, -6.207508601836e-01, 1.886662342429e-05, 0.0000e+00, 0.0000e+00, 
 2DIAGNOSTIC,    51, -6.209388288843e-01, 1.711154110417e-05, 0.0000e+00, 0.0000e+00, 
 2DIAGNOSTIC,    52, -6.209723631350e-01, 1.781969022190e-05, 0.0000e+00, 0.0000e+00, 
 2DIAGNOSTIC,    53, -6.209319957006e-01, 1.769103222324e-05, 0.0000e+00, 0.0000e+00, 
 2DIAGNOSTIC,    54, -6.209207119401e-01, 1.644570639286e-05, 0.0000e+00, 0.0000e+00, 
 2DIAGNOSTIC,    55, -6.209689079892e-01, 1.450646220561e-05, 0.0000e+00, 0.0000e+00, 
 2DIAGNOSTIC,    56, -6.209858677127e-01, 1.199725860088e-05, 0.0000e+00, 0.0000e+00, 
 2DIAGNOSTIC,    57, -6.209838986129e-01, 9.062036425221e-06, 0.0000e+00, 0.0000e+00, 
 2DIAGNOSTIC,    58, -6.209820429762e-01, 6.353032285040e-06, 0.0000e+00, 0.0000e+00, 
 2DIAGNOSTIC,    59, -6.209648377288e-01, 3.128774663748e-06, 0.0000e+00, 0.0000e+00, 
 2DIAGNOSTIC,    60, -6.209647071693e-01, 1.395736558354e-06, 0.0000e+00, 0.0000e+00, 
 2DIAGNOSTIC,    61, -6.209648048822e-01, 1.140083786991e-06, 0.0000e+00, 0.0000e+00, 
 2DIAGNOSTIC,    62, -6.209645033714e-01, 1.121634556508e-06, 0.0000e+00, 0.0000e+00, 
DIAGNOSTIC,Iteration,metricValue,convergenceValue,ITERATION_TIME_INDEX,SINCE_LAST
 2DIAGNOSTIC,     1, -5.349162905728e-01, 1.797693134862e+308, 0.0000e+00, 0.0000e+00, 
 2DIAGNOSTIC,     2, -5.350338068168e-01, 1.797693134862e+308, 0.0000e+00, 0.0000e+00, 
 2DIAGNOSTIC,     3, -5.351672954282e-01, 1.797693134862e+308, 0.0000e+00, 0.0000e+00, 
 2DIAGNOSTIC,     4, -5.353383153097e-01, 1.797693134862e+308, 0.0000e+00, 0.0000e+00, 
 2DIAGNOSTIC,     5, -5.353569863162e-01, 1.797693134862e+308, 0.0000e+00, 0.0000e+00, 
 2DIAGNOSTIC,     6, -5.353968065329e-01, 1.797693134862e+308, 0.0000e+00, 0.0000e+00, 
 2DIAGNOSTIC,     7, -5.353896496724e-01, 1.797693134862e+308, 0.0000e+00, 0.0000e+00, 
 2DIAGNOSTIC,     8, -5.353851125457e-01, 1.797693134862e+308, 0.0000e+00, 0.0000e+00, 
 2DIAGNOSTIC,     9, -5.354136765794e-01, 1.797693134862e+308, 0.0000e+00, 0.0000e+00, 
 2DIAGNOSTIC,    10, -5.354932583031e-01, 6.187704192046e-05, 0.0000e+00, 0.0000e+00, 
 2DIAGNOSTIC,    11, -5.355530570200e-01, 4.546485387973e-05, 0.0000e+00, 0.0000e+00, 
 2DIAGNOSTIC,    12, -5.355816060465e-01, 3.441309903625e-05, 0.0000e+00, 0.0000e+00, 
 2DIAGNOSTIC,    13, -5.356814640218e-01, 3.166025208753e-05, 0.0000e+00, 0.0000e+00, 
 2DIAGNOSTIC,    14, -5.357588704677e-01, 3.602209503265e-05, 0.0000e+00, 0.0000e+00, 
 2DIAGNOSTIC,    15, -5.358082946060e-01, 3.905161749247e-05, 0.0000e+00, 0.0000e+00, 
 2DIAGNOSTIC,    16, -5.358065453630e-01, 3.963326066360e-05, 0.0000e+00, 0.0000e+00, 
 2DIAGNOSTIC,    17, -5.357886121631e-01, 3.601904215991e-05, 0.0000e+00, 0.0000e+00, 
 2DIAGNOSTIC,    18, -5.357999708370e-01, 2.990122265228e-05, 0.0000e+00, 0.0000e+00, 
 2DIAGNOSTIC,    19, -5.358309706893e-01, 2.342196136568e-05, 0.0000e+00, 0.0000e+00, 
 2DIAGNOSTIC,    20, -5.357919920363e-01, 1.663173271132e-05, 0.0000e+00, 0.0000e+00, 
 2DIAGNOSTIC,    21, -5.358207372467e-01, 1.143921072723e-05, 0.0000e+00, 0.0000e+00, 
 2DIAGNOSTIC,    22, -5.357956717307e-01, 5.868105657857e-06, 0.0000e+00, 0.0000e+00, 
 2DIAGNOSTIC,    23, -5.357964271824e-01, 2.685367608224e-06, 0.0000e+00, 0.0000e+00, 
DIAGNOSTIC,Iteration,metricValue,convergenceValue,ITERATION_TIME_INDEX,SINCE_LAST
 2DIAGNOSTIC,     1, -4.896175966278e-01, 1.797693134862e+308, 0.0000e+00, 0.0000e+00, 
 2DIAGNOSTIC,     2, -4.896594544820e-01, 1.797693134862e+308, 0.0000e+00, 0.0000e+00, 
 2DIAGNOSTIC,     3, -4.896903594711e-01, 1.797693134862e+308, 0.0000e+00, 0.0000e+00, 
 2DIAGNOSTIC,     4, -4.897359978773e-01, 1.797693134862e+308, 0.0000e+00, 0.0000e+00, 
 2DIAGNOSTIC,     5, -4.897312966662e-01, 1.797693134862e+308, 0.0000e+00, 0.0000e+00, 
 2DIAGNOSTIC,     6, -4.897305269695e-01, 1.797693134862e+308, 0.0000e+00, 0.0000e+00, 
 2DIAGNOSTIC,     7, -4.897389863609e-01, 1.797693134862e+308, 0.0000e+00, 0.0000e+00, 
 2DIAGNOSTIC,     8, -4.897393195044e-01, 1.797693134862e+308, 0.0000e+00, 0.0000e+00, 
 2DIAGNOSTIC,     9, -4.897194203733e-01, 1.797693134862e+308, 0.0000e+00, 0.0000e+00, 
 2DIAGNOSTIC,    10, -4.897232170392e-01, 1.512108898806e-05, 0.0000e+00, 0.0000e+00, 
 2DIAGNOSTIC,    11, -4.897247262470e-01, 8.144358409984e-06, 0.0000e+00, 0.0000e+00, 
 2DIAGNOSTIC,    12, -4.897244331431e-01, 3.884438454380e-06, 0.0000e+00, 0.0000e+00, 
 2DIAGNOSTIC,    13, -4.897244389640e-01, 1.545403567629e-06, 0.0000e+00, 0.0000e+00, 
 2DIAGNOSTIC,    14, -4.897244200110e-01, 1.587475880110e-06, 0.0000e+00, 0.0000e+00, 
 2DIAGNOSTIC,    15, -4.897242009300e-01, 1.546886229151e-06, 0.0000e+00, 0.0000e+00, 
 2DIAGNOSTIC,    16, -4.897241917094e-01, 1.556978269646e-06, 0.0000e+00, 0.0000e+00, 
 2DIAGNOSTIC,    17, -4.897241165542e-01, 1.925644274238e-06, 0.0000e+00, 0.0000e+00, 
 2DIAGNOSTIC,    18, -4.897241598985e-01, 2.319190693829e-06, 0.0000e+00, 0.0000e+00, 
 2DIAGNOSTIC,    19, -4.897232169263e-01, 2.016696576158e-06, 0.0000e+00, 0.0000e+00, 
 2DIAGNOSTIC,    20, -4.897230966991e-01, 1.853114517635e-06, 0.0000e+00, 0.0000e+00, 
 2DIAGNOSTIC,    21, -4.897229874043e-01, 1.752055008769e-06, 0.0000e+00, 0.0000e+00, 
 2DIAGNOSTIC,    22, -4.897229557342e-01, 1.660196050197e-06, 0.0000e+00, 0.0000e+00, 
 2DIAGNOSTIC,    23, -4.897229557342e-01, 1.586203661176e-06, 0.0000e+00, 0.0000e+00, 
 2DIAGNOSTIC,    24, -4.897228812672e-01, 1.526106426356e-06, 0.0000e+00, 0.0000e+00, 
 2DIAGNOSTIC,    25, -4.897228812672e-01, 1.474497017089e-06, 0.0000e+00, 0.0000e+00, 
 2DIAGNOSTIC,    26, -4.897228812672e-01, 1.433770533840e-06, 0.0000e+00, 0.0000e+00, 
 2DIAGNOSTIC,    27, -4.897233654537e-01, 1.410124093000e-06, 0.0000e+00, 0.0000e+00, 
 2DIAGNOSTIC,    28, -4.897237587941e-01, 1.400044467026e-06, 0.0000e+00, 0.0000e+00, 
 2DIAGNOSTIC,    29, -4.897237587941e-01, 1.370456235938e-06, 0.0000e+00, 0.0000e+00, 
 2DIAGNOSTIC,    30, -4.897238282125e-01, 1.339154095753e-06, 0.0000e+00, 0.0000e+00, 
 2DIAGNOSTIC,    31, -4.897238282125e-01, 1.303597383040e-06, 0.0000e+00, 0.0000e+00, 
 2DIAGNOSTIC,    32, -4.897236803201e-01, 1.261969490185e-06, 0.0000e+00, 0.0000e+00, 
 2DIAGNOSTIC,    33, -4.897236803201e-01, 1.218218013667e-06, 0.0000e+00, 0.0000e+00, 
 2DIAGNOSTIC,    34, -4.897236803201e-01, 1.171873314450e-06, 0.0000e+00, 0.0000e+00, 
 2DIAGNOSTIC,    35, -4.897235373547e-01, 1.123092360802e-06, 0.0000e+00, 0.0000e+00, 
 2DIAGNOSTIC,    36, -4.897235373547e-01, 1.075621072204e-06, 0.0000e+00, 0.0000e+00, 
 2DIAGNOSTIC,    37, -4.897235373547e-01, 1.038424233834e-06, 0.0000e+00, 0.0000e+00, 
 2DIAGNOSTIC,    38, -4.897238251306e-01, 1.014600710055e-06, 0.0000e+00, 0.0000e+00, 
  Elapsed time (stage 0): 0.0000e+00


Total elapsed time: 0.0000e+00
Info [verificarlo]: loaded backend libinterflop_ieee.so
Info [interflop-ieee]: load backend with:
Info [interflop-ieee]: debug = false
Info [interflop-ieee]: debug-binary = false
Info [interflop-ieee]: no-backend-name = false
Info [interflop-ieee]: print-new-line = false
Info [interflop-ieee]: print-subnormal-normalized = false
Info [interflop-ieee]: count-op = false
All_Command_lines_OK
Using double precision for computations.
=============================================================================
The composite transform comprises the following transforms (in order): 
  1. /home/mdugre/scratch/mri-registration-rp/datasets/ds004513/derivatives/mri-registration-rp/0100/antsRegistration-r8-p13/sub-s025/rigid_Composite.h5[0] (type = Euler3DTransform)
  2. /home/mdugre/scratch/mri-registration-rp/datasets/ds004513/derivatives/mri-registration-rp/0100/antsRegistration-r8-p13/sub-s025/rigid_Composite.h5[1] (type = Euler3DTransform)
  3. /home/mdugre/scratch/mri-registration-rp/datasets/ds004513/derivatives/mri-registration-rp/0100/antsRegistration-r8-p13/sub-s025/rigid_Composite.h5[2] (type = Euler3DTransform)
=============================================================================
  number of levels = 4
  fixed image: /templateflow/tpl-MNI152NLin2009cAsym/tpl-MNI152NLin2009cAsym_res-01_desc-brain_T1w.nii.gz
  moving image: /home/mdugre/scratch/mri-registration-rp/datasets/ds004513/derivatives/mri-registration-rp/antsBrainExtraction/sub-s025/BrainExtractionBrain.nii.gz
Dimension = 3
Number of stages = 1
Use histogram matching = false
Winsorize image intensities = true
  Lower quantile = 0.005
  Upper quantile = 0.995


Stage 1 State
   Image metric = MattesMI
     Fixed image = Image (0x446a7e0)
  RTTI typeinfo:   itk::Image<double, 3u>
  Reference Count: 2
  Modified Time: 1594
  Debug: Off
  Object Name: 
  Observers: 
    none
  Source: (none)
  Source output name: (none)
  Release Data: Off
  Data Released: False
  Global Release Data: Off
  PipelineMTime: 0
  UpdateMTime: 1203
  RealTimeStamp: 0 seconds 
  LargestPossibleRegion: 
    Dimension: 3
    Index: [0, 0, 0]
    Size: [193, 229, 193]
  BufferedRegion: 
    Dimension: 3
    Index: [0, 0, 0]
    Size: [193, 229, 193]
  RequestedRegion: 
    Dimension: 3
    Index: [0, 0, 0]
    Size: [193, 229, 193]
  Spacing: [1, 1, 1]
  Origin: [96, 132, -78]
  Direction: 
-1 0 0
0 -1 0
0 0 1

  IndexToPointMatrix: 
-1 0 0
0 -1 0
0 0 1

  PointToIndexMatrix: 
-1 0 0
0 -1 0
0 0 1

  Inverse Direction: 
-1 0 0
0 -1 0
0 0 1

  PixelContainer: 
    ImportImageContainer (0x452aa20)
      RTTI typeinfo:   itk::ImportImageContainer<unsigned long, double>
      Reference Count: 1
      Modified Time: 1200
      Debug: Off
      Object Name: 
      Observers: 
        none
      Pointer: 0x150c66aa6010
      Container manages memory: true
      Size: 8530021
      Capacity: 8530021

     Moving image = Image (0x44dfe20)
  RTTI typeinfo:   itk::Image<double, 3u>
  Reference Count: 2
  Modified Time: 1595
  Debug: Off
  Object Name: 
  Observers: 
    none
  Source: (none)
  Source output name: (none)
  Release Data: Off
  Data Released: False
  Global Release Data: Off
  PipelineMTime: 0
  UpdateMTime: 1592
  RealTimeStamp: 0 seconds 
  LargestPossibleRegion: 
    Dimension: 3
    Index: [0, 0, 0]
    Size: [176, 240, 256]
  BufferedRegion: 
    Dimension: 3
    Index: [0, 0, 0]
    Size: [176, 240, 256]
  RequestedRegion: 
    Dimension: 3
    Index: [0, 0, 0]
    Size: [176, 240, 256]
  Spacing: [0.999999, 1, 1]
  Origin: [90.3778, 84.5091, -154.071]
  Direction: 
-0.999391 7.48184e-06 -0.0348969
-7.47664e-06 -1 -2.7953e-07
-0.0348969 -1.84481e-08 0.999391

  IndexToPointMatrix: 
-0.99939 7.48184e-06 -0.0348969
-7.47663e-06 -1 -2.7953e-07
-0.0348968 -1.84481e-08 0.999391

  PointToIndexMatrix: 
-0.999392 -7.47665e-06 -0.0348969
7.48184e-06 -1 -1.84481e-08
-0.0348969 -2.7953e-07 0.999391

  Inverse Direction: 
-0.999391 -7.47664e-06 -0.0348969
7.48184e-06 -1 -1.84481e-08
-0.0348969 -2.7953e-07 0.999391

  PixelContainer: 
    ImportImageContainer (0x4579550)
      RTTI typeinfo:   itk::ImportImageContainer<unsigned long, double>
      Reference Count: 1
      Modified Time: 1589
      Debug: Off
      Object Name: 
      Observers: 
        none
      Pointer: 0x150c61825010
      Container manages memory: true
      Size: 10813440
      Capacity: 10813440

     Weighting = 1
     Sampling strategy = regular
     Number of bins = 32
     Radius = 4
     Sampling percentage  = 0.25
   Transform = Affine
     Gradient step = 0.1
     Update field sigma (voxel space) = 0
     Total field sigma (voxel space) = 0
     Update field time sigma = 0
     Total field time sigma  = 0
     Number of time indices = 0
     Number of time point samples = 0
Registration using 1 total stages.

Stage 0
  iterations = 1000x500x250x100
  convergence threshold = 1e-06
  convergence window size = 10
  number of levels = 4
  using the Mattes MI metric (number of bins = 32, weight = 1, use gradient filter = 0)
  preprocessing:  winsorizing the image intensities
  Shrink factors (level 1 out of 4): [8, 8, 8]
  Shrink factors (level 2 out of 4): [4, 4, 4]
  Shrink factors (level 3 out of 4): [2, 2, 2]
  Shrink factors (level 4 out of 4): [1, 1, 1]
  smoothing sigmas per level: [3, 2, 1, 0]
  regular sampling (percentage = 0.25)

*** Running AffineTransform registration ***

DIAGNOSTIC,Iteration,metricValue,convergenceValue,ITERATION_TIME_INDEX,SINCE_LAST
 2DIAGNOSTIC,     1, -7.477903433460e-01, 1.797693134862e+308, 8.8165e-01, 8.8165e-01, 
 2DIAGNOSTIC,     2, -7.498085369234e-01, 1.797693134862e+308, 8.8689e-01, 5.2409e-03, 
 2DIAGNOSTIC,     3, -7.529914880850e-01, 1.797693134862e+308, 8.9161e-01, 4.7212e-03, 
 2DIAGNOSTIC,     4, -7.580685311008e-01, 1.797693134862e+308, 8.9624e-01, 4.6310e-03, 
 2DIAGNOSTIC,     5, -7.669819118580e-01, 1.797693134862e+308, 9.0164e-01, 5.4030e-03, 
 2DIAGNOSTIC,     6, -7.817526814172e-01, 1.797693134862e+308, 9.0647e-01, 4.8230e-03, 
 2DIAGNOSTIC,     7, -8.062775144587e-01, 1.797693134862e+308, 9.1233e-01, 5.8599e-03, 
 2DIAGNOSTIC,     8, -8.753550899106e-01, 1.797693134862e+308, 9.1789e-01, 5.5649e-03, 
 2DIAGNOSTIC,     9, -9.089227113153e-01, 1.797693134862e+308, 9.2330e-01, 5.4030e-03, 
 2DIAGNOSTIC,    10, -9.188762568405e-01, 1.483412626503e-02, 9.2899e-01, 5.6970e-03, 
 2DIAGNOSTIC,    11, -9.248581748497e-01, 1.519155899084e-02, 9.3455e-01, 5.5599e-03, 
 2DIAGNOSTIC,    12, -9.292917647263e-01, 1.431034633108e-02, 9.4013e-01, 5.5790e-03, 
 2DIAGNOSTIC,    13, -9.343776443136e-01, 1.248308105306e-02, 9.4625e-01, 6.1190e-03, 
 2DIAGNOSTIC,    14, -9.353304031523e-01, 9.953076847221e-03, 9.5183e-01, 5.5840e-03, 
 2DIAGNOSTIC,    15, -9.364111690121e-01, 7.133391733448e-03, 9.5756e-01, 5.7261e-03, 
 2DIAGNOSTIC,    16, -9.368025844015e-01, 4.377909813918e-03, 9.6369e-01, 6.1278e-03, 
 2DIAGNOSTIC,    17, -9.371058143558e-01, 2.029263508972e-03, 9.6937e-01, 5.6858e-03, 
 2DIAGNOSTIC,    18, -9.370638564204e-01, 1.025004842231e-03, 9.7460e-01, 5.2259e-03, 
 2DIAGNOSTIC,    19, -9.369251286821e-01, 6.143707569750e-04, 9.7997e-01, 5.3711e-03, 
 2DIAGNOSTIC,    20, -9.370238214960e-01, 3.544965193976e-04, 9.8515e-01, 5.1780e-03, 
 2DIAGNOSTIC,    21, -9.376954035489e-01, 1.904259933027e-04, 9.9009e-01, 4.9419e-03, 
 2DIAGNOSTIC,    22, -9.381496183323e-01, 9.464700402036e-05, 9.9519e-01, 5.1031e-03, 
 2DIAGNOSTIC,    23, -9.385214713856e-01, 7.560171489100e-05, 1.0010e+00, 5.7840e-03, 
 2DIAGNOSTIC,    24, -9.381398904928e-01, 5.880734031313e-05, 1.0107e+00, 9.7558e-03, 
 2DIAGNOSTIC,    25, -9.379843648454e-01, 5.010010280822e-05, 1.0166e+00, 5.8451e-03, 
 2DIAGNOSTIC,    26, -9.378342322978e-01, 4.027019217015e-05, 1.0216e+00, 4.9980e-03, 
 2DIAGNOSTIC,    27, -9.378494303834e-01, 3.115137500679e-05, 1.0267e+00, 5.0960e-03, 
 2DIAGNOSTIC,    28, -9.378730323955e-01, 1.974916131861e-05, 1.0316e+00, 4.9379e-03, 
 2DIAGNOSTIC,    29, -9.379067662241e-01, 6.440012474941e-06, 1.0366e+00, 4.9469e-03, 
DIAGNOSTIC,Iteration,metricValue,convergenceValue,ITERATION_TIME_INDEX,SINCE_LAST
 2DIAGNOSTIC,     1, -7.506905220162e-01, 1.797693134862e+308, 1.8378e+00, 8.0120e-01, 
 2DIAGNOSTIC,     2, -7.510882095412e-01, 1.797693134862e+308, 1.8745e+00, 3.6788e-02, 
 2DIAGNOSTIC,     3, -7.514934579821e-01, 1.797693134862e+308, 1.9156e+00, 4.1033e-02, 
 2DIAGNOSTIC,     4, -7.520967017209e-01, 1.797693134862e+308, 1.9514e+00, 3.5826e-02, 
 2DIAGNOSTIC,     5, -7.534539088928e-01, 1.797693134862e+308, 1.9943e+00, 4.2847e-02, 
 2DIAGNOSTIC,     6, -7.543188612624e-01, 1.797693134862e+308, 2.0513e+00, 5.7071e-02, 
 2DIAGNOSTIC,     7, -7.548945931762e-01, 1.797693134862e+308, 2.1110e+00, 5.9723e-02, 
 2DIAGNOSTIC,     8, -7.548718710220e-01, 1.797693134862e+308, 2.1559e+00, 4.4811e-02, 
 2DIAGNOSTIC,     9, -7.549081501547e-01, 1.797693134862e+308, 2.2006e+00, 4.4712e-02, 
 2DIAGNOSTIC,    10, -7.549119542825e-01, 4.325365080173e-04, 2.2451e+00, 4.4506e-02, 
 2DIAGNOSTIC,    11, -7.549010293503e-01, 3.297221555351e-04, 2.3032e+00, 5.8130e-02, 
 2DIAGNOSTIC,    12, -7.548726410543e-01, 2.265670094434e-04, 2.3589e+00, 5.5737e-02, 
 2DIAGNOSTIC,    13, -7.548672312965e-01, 1.310402409196e-04, 2.4020e+00, 4.3064e-02, 
 2DIAGNOSTIC,    14, -7.548674441920e-01, 5.321685061725e-05, 2.4534e+00, 5.1404e-02, 
 2DIAGNOSTIC,    15, -7.548902734452e-01, 1.534649368465e-05, 2.5104e+00, 5.6987e-02, 
 2DIAGNOSTIC,    16, -7.549030246050e-01, 1.292214632451e-06, 2.5601e+00, 4.9683e-02, 
 2DIAGNOSTIC,    17, -7.548824065156e-01, 1.302855190316e-06, 2.6064e+00, 4.6283e-02, 
DIAGNOSTIC,Iteration,metricValue,convergenceValue,ITERATION_TIME_INDEX,SINCE_LAST
 2DIAGNOSTIC,     1, -6.415098685601e-01, 1.797693134862e+308, 3.8457e+00, 1.2393e+00, 
 2DIAGNOSTIC,     2, -6.419650489675e-01, 1.797693134862e+308, 4.1068e+00, 2.6115e-01, 
 2DIAGNOSTIC,     3, -6.425262801805e-01, 1.797693134862e+308, 4.3631e+00, 2.5633e-01, 
 2DIAGNOSTIC,     4, -6.431158286441e-01, 1.797693134862e+308, 4.6659e+00, 3.0271e-01, 
 2DIAGNOSTIC,     5, -6.439688475675e-01, 1.797693134862e+308, 4.9415e+00, 2.7563e-01, 
 2DIAGNOSTIC,     6, -6.442489313330e-01, 1.797693134862e+308, 5.3186e+00, 3.7707e-01, 
 2DIAGNOSTIC,     7, -6.443286972614e-01, 1.797693134862e+308, 5.7527e+00, 4.3417e-01, 
 2DIAGNOSTIC,     8, -6.443477497715e-01, 1.797693134862e+308, 6.0551e+00, 3.0241e-01, 
 2DIAGNOSTIC,     9, -6.444902661602e-01, 1.797693134862e+308, 6.3938e+00, 3.3868e-01, 
 2DIAGNOSTIC,    10, -6.445690225209e-01, 3.192565808260e-04, 6.6789e+00, 2.8505e-01, 
 2DIAGNOSTIC,    11, -6.445891014304e-01, 2.262472747577e-04, 7.0069e+00, 3.2807e-01, 
 2DIAGNOSTIC,    12, -6.446211280485e-01, 1.468527426623e-04, 7.3350e+00, 3.2805e-01, 
 2DIAGNOSTIC,    13, -6.446247448521e-01, 8.576468328034e-05, 7.6028e+00, 2.6783e-01, 
 2DIAGNOSTIC,    14, -6.447125597304e-01, 4.651339885693e-05, 7.8645e+00, 2.6172e-01, 
 2DIAGNOSTIC,    15, -6.447985123968e-01, 3.578089930871e-05, 8.4284e+00, 5.6389e-01, 
 2DIAGNOSTIC,    16, -6.447934616591e-01, 3.084176590559e-05, 8.7596e+00, 3.3113e-01, 
 2DIAGNOSTIC,    17, -6.447932656090e-01, 2.600940507265e-05, 9.1191e+00, 3.5957e-01, 
 2DIAGNOSTIC,    18, -6.447939422122e-01, 1.992025672578e-05, 9.4674e+00, 3.4830e-01, 
 2DIAGNOSTIC,    19, -6.447903644196e-01, 1.593830339823e-05, 9.7962e+00, 3.2874e-01, 
 2DIAGNOSTIC,    20, -6.447893497019e-01, 1.270549454686e-05, 1.0092e+01, 2.9557e-01, 
 2DIAGNOSTIC,    21, -6.447870418997e-01, 9.125681327458e-06, 1.0371e+01, 2.7885e-01, 
 2DIAGNOSTIC,    22, -6.447836047409e-01, 5.782085717769e-06, 1.0644e+01, 2.7317e-01, 
 2DIAGNOSTIC,    23, -6.447791544059e-01, 2.279033439322e-06, 1.0950e+01, 3.0628e-01, 
DIAGNOSTIC,Iteration,metricValue,convergenceValue,ITERATION_TIME_INDEX,SINCE_LAST
 2DIAGNOSTIC,     1, -5.761179288663e-01, 1.797693134862e+308, 1.3903e+01, 2.9527e+00, 
 2DIAGNOSTIC,     2, -5.766446770875e-01, 1.797693134862e+308, 1.5698e+01, 1.7950e+00, 
 2DIAGNOSTIC,     3, -5.771721902002e-01, 1.797693134862e+308, 1.7418e+01, 1.7205e+00, 
 2DIAGNOSTIC,     4, -5.777905527702e-01, 1.797693134862e+308, 1.9186e+01, 1.7681e+00, 
 2DIAGNOSTIC,     5, -5.784344230723e-01, 1.797693134862e+308, 2.1076e+01, 1.8894e+00, 
 2DIAGNOSTIC,     6, -5.798939146617e-01, 1.797693134862e+308, 2.3659e+01, 2.5837e+00, 
 2DIAGNOSTIC,     7, -5.801434498000e-01, 1.797693134862e+308, 2.7159e+01, 3.4992e+00, 
 2DIAGNOSTIC,     8, -5.801428210457e-01, 1.797693134862e+308, 2.9375e+01, 2.2160e+00, 
 2DIAGNOSTIC,     9, -5.801420500174e-01, 1.797693134862e+308, 3.2113e+01, 2.7387e+00, 
 2DIAGNOSTIC,    10, -5.801420674927e-01, 5.191262441194e-04, 3.4116e+01, 2.0025e+00, 
 2DIAGNOSTIC,    11, -5.801418895095e-01, 3.859685873582e-04, 3.6045e+01, 1.9287e+00, 
 2DIAGNOSTIC,    12, -5.801415841039e-01, 2.619667725045e-04, 3.8372e+01, 2.3272e+00, 
 2DIAGNOSTIC,    13, -5.801416255991e-01, 1.540775136385e-04, 4.0096e+01, 1.7247e+00, 
 2DIAGNOSTIC,    14, -5.801409198451e-01, 6.962461577771e-05, 4.2014e+01, 1.9175e+00, 
 2DIAGNOSTIC,    15, -5.801409517487e-01, 1.009837743310e-05, 4.3807e+01, 1.7929e+00, 
 2DIAGNOSTIC,    16, -5.801408546559e-01, 1.829417183644e-06, 4.5733e+01, 1.9261e+00, 
 2DIAGNOSTIC,    17, -5.801408894888e-01, 1.752622981764e-06, 4.7380e+01, 1.6474e+00, 
 2DIAGNOSTIC,    18, -5.801407973882e-01, 1.676506077561e-06, 4.9118e+01, 1.7375e+00, 
 2DIAGNOSTIC,    19, -5.801407460007e-01, 1.595957176588e-06, 5.0852e+01, 1.7339e+00, 
 2DIAGNOSTIC,    20, -5.801404350489e-01, 1.523890726128e-06, 5.2880e+01, 2.0283e+00, 
 2DIAGNOSTIC,    21, -5.801404868867e-01, 1.462280965821e-06, 5.4659e+01, 1.7794e+00, 
 2DIAGNOSTIC,    22, -5.801405274152e-01, 1.405107518365e-06, 5.6582e+01, 1.9227e+00, 
