
##########################
# Experiment information #
##########################

EXPERIMENT_NAME: antsRegistration-r7-p9
VFC_BACKENDS: libinterflop_vprec.so --range-binary32=7 --precision-binary32=9 --range-binary64=7 --precision-binary64=9

SIF_IMG: /home/mdugre/projects/rrg-glatard/mdugre/containers/ants-vprec-no_metrics.simg

SUBJECT_ID: s020
INPUT_IMG: /home/mdugre/scratch/mri-registration-rp/datasets/ds004513/derivatives/mri-registration-rp/antsBrainExtraction/sub-s020/BrainExtractionBrain.nii.gz
OUTPUT_DIR: /home/mdugre/scratch/mri-registration-rp/datasets/ds004513/derivatives/mri-registration-rp/0100/antsRegistration-r7-p9/sub-s020

FIXED_IMG: /templateflow/tpl-MNI152NLin2009cAsym/tpl-MNI152NLin2009cAsym_res-01_desc-brain_T1w.nii.gz
DATA_DIR: /home/mdugre/scratch/mri-registration-rp/datasets/ds004513
TEMPLATEFLOW_DIR: /home/mdugre/projects/rrg-glatard/mdugre/templateflow
ITK_GLOBAL_DEFAULT_NUMBER_OF_THREADS: 16
##########################

Info [verificarlo]: loaded backend libinterflop_ieee.so
Info [interflop-ieee]: load backend with:
Info [interflop-ieee]: debug = false
Info [interflop-ieee]: debug-binary = false
Info [interflop-ieee]: no-backend-name = false
Info [interflop-ieee]: print-new-line = false
Info [interflop-ieee]: print-subnormal-normalized = false
Info [interflop-ieee]: count-op = false
All_Command_lines_OK
Using double precision for computations.
=============================================================================
The composite transform comprises the following transforms (in order): 
  1. Center of mass alignment using fixed image: /templateflow/tpl-MNI152NLin2009cAsym/tpl-MNI152NLin2009cAsym_res-01_desc-brain_T1w.nii.gz and moving image: /home/mdugre/scratch/mri-registration-rp/datasets/ds004513/derivatives/mri-registration-rp/antsBrainExtraction/sub-s020/BrainExtractionBrain.nii.gz (type = Euler3DTransform)
=============================================================================
  number of levels = 1
  fixed image: /templateflow/tpl-MNI152NLin2009cAsym/tpl-MNI152NLin2009cAsym_res-01_desc-brain_T1w.nii.gz
  moving image: /home/mdugre/scratch/mri-registration-rp/datasets/ds004513/derivatives/mri-registration-rp/antsBrainExtraction/sub-s020/BrainExtractionBrain.nii.gz
Dimension = 3
Number of stages = 1
Use histogram matching = false
Winsorize image intensities = true
  Lower quantile = 0.005
  Upper quantile = 0.995


Stage 1 State
   Image metric = MattesMI
     Fixed image = Image (0x3823bd0)
  RTTI typeinfo:   itk::Image<double, 3u>
  Reference Count: 2
  Modified Time: 2334
  Debug: Off
  Object Name: 
  Observers: 
    none
  Source: (none)
  Source output name: (none)
  Release Data: Off
  Data Released: False
  Global Release Data: Off
  PipelineMTime: 0
  UpdateMTime: 1943
  RealTimeStamp: 0 seconds 
  LargestPossibleRegion: 
    Dimension: 3
    Index: [0, 0, 0]
    Size: [193, 229, 193]
  BufferedRegion: 
    Dimension: 3
    Index: [0, 0, 0]
    Size: [193, 229, 193]
  RequestedRegion: 
    Dimension: 3
    Index: [0, 0, 0]
    Size: [193, 229, 193]
  Spacing: [1, 1, 1]
  Origin: [96, 132, -78]
  Direction: 
-1 0 0
0 -1 0
0 0 1

  IndexToPointMatrix: 
-1 0 0
0 -1 0
0 0 1

  PointToIndexMatrix: 
-1 0 0
0 -1 0
0 0 1

  Inverse Direction: 
-1 0 0
0 -1 0
0 0 1

  PixelContainer: 
    ImportImageContainer (0x382c9e0)
      RTTI typeinfo:   itk::ImportImageContainer<unsigned long, double>
      Reference Count: 1
      Modified Time: 1940
      Debug: Off
      Object Name: 
      Observers: 
        none
      Pointer: 0x15540a9ef010
      Container manages memory: true
      Size: 8530021
      Capacity: 8530021

     Moving image = Image (0x382dbd0)
  RTTI typeinfo:   itk::Image<double, 3u>
  Reference Count: 2
  Modified Time: 2335
  Debug: Off
  Object Name: 
  Observers: 
    none
  Source: (none)
  Source output name: (none)
  Release Data: Off
  Data Released: False
  Global Release Data: Off
  PipelineMTime: 0
  UpdateMTime: 2332
  RealTimeStamp: 0 seconds 
  LargestPossibleRegion: 
    Dimension: 3
    Index: [0, 0, 0]
    Size: [160, 240, 256]
  BufferedRegion: 
    Dimension: 3
    Index: [0, 0, 0]
    Size: [160, 240, 256]
  RequestedRegion: 
    Dimension: 3
    Index: [0, 0, 0]
    Size: [160, 240, 256]
  Spacing: [0.999995, 1, 1]
  Origin: [87.0906, 98.7205, -152.377]
  Direction: 
-0.996975 0.0261379 -0.0731913
-0.0260677 -0.999658 -0.00191374
-0.0732163 -2.46403e-08 0.997316

  IndexToPointMatrix: 
-0.996971 0.0261379 -0.0731913
-0.0260676 -0.999658 -0.00191374
-0.0732159 -2.46403e-08 0.997316

  PointToIndexMatrix: 
-0.99698 -0.0260679 -0.0732166
0.0261379 -0.999658 -2.46993e-08
-0.0731913 -0.00191374 0.997316

  Inverse Direction: 
-0.996975 -0.0260677 -0.0732163
0.0261379 -0.999658 -2.46993e-08
-0.0731913 -0.00191374 0.997316

  PixelContainer: 
    ImportImageContainer (0x39b3b50)
      RTTI typeinfo:   itk::ImportImageContainer<unsigned long, double>
      Reference Count: 1
      Modified Time: 2329
      Debug: Off
      Object Name: 
      Observers: 
        none
      Pointer: 0x155405eee010
      Container manages memory: true
      Size: 9830400
      Capacity: 9830400

     Weighting = 1
     Sampling strategy = regular
     Number of bins = 32
     Radius = 4
     Sampling percentage  = 0.25
   Transform = Rigid
     Gradient step = 0.1
     Update field sigma (voxel space) = 0
     Total field sigma (voxel space) = 0
     Update field time sigma = 0
     Total field time sigma  = 0
     Number of time indices = 0
     Number of time point samples = 0
Registration using 1 total stages.

Stage 0
  iterations = 0
  convergence threshold = 1e-06
  convergence window size = 10
  number of levels = 1
  using the Mattes MI metric (number of bins = 32, weight = 1, use gradient filter = 0)
  preprocessing:  winsorizing the image intensities
  Shrink factors (level 1 out of 1): [1, 1, 1]
  smoothing sigmas per level: [0]
  regular sampling (percentage = 0.25)

*** Running Euler3DTransform registration ***

  Elapsed time (stage 0): 1.12195


Total elapsed time: 1.1241
Info [verificarlo]: loaded backend libinterflop_vprec.so
Info [interflop-vprec]: load backend with: 
Info [interflop-vprec]: precision-binary32 = 9
Info [interflop-vprec]: range-binary32 = 7
Info [interflop-vprec]: precision-binary64 = 9
Info [interflop-vprec]: range-binary64 = 7
Info [interflop-vprec]: mode = ob
Info [interflop-vprec]: error-mode = rel
Info [interflop-vprec]: max-abs-error-exponent = -1022
Info [interflop-vprec]: daz = false
Info [interflop-vprec]: ftz = false
Info [interflop-vprec]: 	instrument = none
Info [interflop-vprec]: 	prec-input-file = (null)
Info [interflop-vprec]: 	prec-output-file = (null)
Info [interflop-vprec]: 	prec-log-file = (null)
All_Command_lines_OK
Using double precision for computations.
=============================================================================
The composite transform comprises the following transforms (in order): 
  1. /home/mdugre/scratch/mri-registration-rp/datasets/ds004513/derivatives/mri-registration-rp/0100/antsRegistration-r7-p9/sub-s020/align_Composite.h5[0] (type = Euler3DTransform)
  2. /home/mdugre/scratch/mri-registration-rp/datasets/ds004513/derivatives/mri-registration-rp/0100/antsRegistration-r7-p9/sub-s020/align_Composite.h5[1] (type = Euler3DTransform)
=============================================================================
  number of levels = 4
  fixed image: /templateflow/tpl-MNI152NLin2009cAsym/tpl-MNI152NLin2009cAsym_res-01_desc-brain_T1w.nii.gz
  moving image: /home/mdugre/scratch/mri-registration-rp/datasets/ds004513/derivatives/mri-registration-rp/antsBrainExtraction/sub-s020/BrainExtractionBrain.nii.gz
Dimension = 3
Number of stages = 1
Use histogram matching = false
Winsorize image intensities = true
  Lower quantile = 0.005
  Upper quantile = 0.995


Stage 1 State
   Image metric = MattesMI
     Fixed image = Image (0x3ad81e0)
  RTTI typeinfo:   itk::Image<double, 3u>
  Reference Count: 2
  Modified Time: 1578
  Debug: Off
  Object Name: 
  Observers: 
    none
  Source: (none)
  Source output name: (none)
  Release Data: Off
  Data Released: False
  Global Release Data: Off
  PipelineMTime: 0
  UpdateMTime: 1189
  RealTimeStamp: 0 seconds 
  LargestPossibleRegion: 
    Dimension: 3
    Index: [0, 0, 0]
    Size: [193, 229, 193]
  BufferedRegion: 
    Dimension: 3
    Index: [0, 0, 0]
    Size: [193, 229, 193]
  RequestedRegion: 
    Dimension: 3
    Index: [0, 0, 0]
    Size: [193, 229, 193]
  Spacing: [1, 1, 1]
  Origin: [96, 132, -78]
  Direction: 
-1 0 0
0 -1 0
0 0 1

  IndexToPointMatrix: 
-1 0 0
0 -1 0
0 0 1

  PointToIndexMatrix: 
-1 0 0
0 -1 0
0 0 1

  Inverse Direction: 
-1 0 0
0 -1 0
0 0 1

  PixelContainer: 
    ImportImageContainer (0x3b97680)
      RTTI typeinfo:   itk::ImportImageContainer<unsigned long, double>
      Reference Count: 1
      Modified Time: 1186
      Debug: Off
      Object Name: 
      Observers: 
        none
      Pointer: 0x15080f30c010
      Container manages memory: true
      Size: 8530021
      Capacity: 8530021

     Moving image = Image (0x3b93b20)
  RTTI typeinfo:   itk::Image<double, 3u>
  Reference Count: 2
  Modified Time: 1579
  Debug: Off
  Object Name: 
  Observers: 
    none
  Source: (none)
  Source output name: (none)
  Release Data: Off
  Data Released: False
  Global Release Data: Off
  PipelineMTime: 0
  UpdateMTime: 1576
  RealTimeStamp: 0 seconds 
  LargestPossibleRegion: 
    Dimension: 3
    Index: [0, 0, 0]
    Size: [160, 240, 256]
  BufferedRegion: 
    Dimension: 3
    Index: [0, 0, 0]
    Size: [160, 240, 256]
  RequestedRegion: 
    Dimension: 3
    Index: [0, 0, 0]
    Size: [160, 240, 256]
  Spacing: [1, 1, 1]
  Origin: [87.125, 98.75, -152.5]
  Direction: 
-0.99707 0.026123 -0.0732422
-0.026062 -0.999023 -0.00191307
-0.0732422 0 0.99707

  IndexToPointMatrix: 
-0.99707 0.026123 -0.0732422
-0.026062 -0.999023 -0.00191307
-0.0732422 0 0.99707

  PointToIndexMatrix: 
-0.996094 -0.026062 -0.0732422
0.0261841 -1.00195 -9.55537e-07
-0.0732422 -0.00191498 0.99707

  Inverse Direction: 
-0.996094 -0.026062 -0.0732422
0.0261841 -1.00195 -9.55537e-07
-0.0732422 -0.00191498 0.99707

  PixelContainer: 
    ImportImageContainer (0x3bfcd50)
      RTTI typeinfo:   itk::ImportImageContainer<unsigned long, double>
      Reference Count: 1
      Modified Time: 1573
      Debug: Off
      Object Name: 
      Observers: 
        none
      Pointer: 0x15080a80b010
      Container manages memory: true
      Size: 9830400
      Capacity: 9830400

     Weighting = 1
     Sampling strategy = regular
     Number of bins = 32
     Radius = 4
     Sampling percentage  = 0.25
   Transform = Rigid
     Gradient step = 0.1
     Update field sigma (voxel space) = 0
     Total field sigma (voxel space) = 0
     Update field time sigma = 0
     Total field time sigma  = 0
     Number of time indices = 0
     Number of time point samples = 0
Registration using 1 total stages.

Stage 0
  iterations = 1000x500x250x100
  convergence threshold = 1e-06
  convergence window size = 10
  number of levels = 4
  using the Mattes MI metric (number of bins = 32, weight = 1, use gradient filter = 0)
  preprocessing:  winsorizing the image intensities
  Shrink factors (level 1 out of 4): [8, 8, 8]
  Shrink factors (level 2 out of 4): [4, 4, 4]
  Shrink factors (level 3 out of 4): [2, 2, 2]
  Shrink factors (level 4 out of 4): [1, 1, 1]
  smoothing sigmas per level: [3, 2, 1, 0]
  regular sampling (percentage = 0.25)

*** Running Euler3DTransform registration ***

DIAGNOSTIC,Iteration,metricValue,convergenceValue,ITERATION_TIME_INDEX,SINCE_LAST
 2DIAGNOSTIC,     1, -3.835392315752e-01, 1.797693134862e+308, 0.0000e+00, 0.0000e+00, 
 2DIAGNOSTIC,     2, -3.836584402461e-01, 1.797693134862e+308, 0.0000e+00, 0.0000e+00, 
 2DIAGNOSTIC,     3, -3.841924436515e-01, 1.797693134862e+308, 0.0000e+00, 0.0000e+00, 
 2DIAGNOSTIC,     4, -3.847735928841e-01, 1.797693134862e+308, 0.0000e+00, 0.0000e+00, 
 2DIAGNOSTIC,     5, -3.855118590027e-01, 1.797693134862e+308, 0.0000e+00, 0.0000e+00, 
 2DIAGNOSTIC,     6, -3.853263223511e-01, 1.797693134862e+308, 0.0000e+00, 0.0000e+00, 
 2DIAGNOSTIC,     7, -3.863957628580e-01, 1.797693134862e+308, 0.0000e+00, 0.0000e+00, 
 2DIAGNOSTIC,     8, -3.864483420046e-01, 1.797693134862e+308, 0.0000e+00, 0.0000e+00, 
 2DIAGNOSTIC,     9, -3.866687147054e-01, 1.797693134862e+308, 0.0000e+00, 0.0000e+00, 
 2DIAGNOSTIC,    10, -3.874993898020e-01, 6.563453057222e-04, 0.0000e+00, 0.0000e+00, 
 2DIAGNOSTIC,    11, -3.879947345869e-01, 6.143863055103e-04, 0.0000e+00, 0.0000e+00, 
 2DIAGNOSTIC,    12, -3.882056952026e-01, 5.437197547323e-04, 0.0000e+00, 0.0000e+00, 
 2DIAGNOSTIC,    13, -3.901551670932e-01, 5.751857974944e-04, 0.0000e+00, 0.0000e+00, 
 2DIAGNOSTIC,    14, -3.975863715474e-01, 9.664788180507e-04, 0.0000e+00, 0.0000e+00, 
 2DIAGNOSTIC,    15, -3.999240629076e-01, 1.356885482914e-03, 0.0000e+00, 0.0000e+00, 
 2DIAGNOSTIC,    16, -4.040809352094e-01, 1.753910101757e-03, 0.0000e+00, 0.0000e+00, 
 2DIAGNOSTIC,    17, -4.118008877760e-01, 2.317300993627e-03, 0.0000e+00, 0.0000e+00, 
 2DIAGNOSTIC,    18, -4.331716489407e-01, 3.447815120663e-03, 0.0000e+00, 0.0000e+00, 
 2DIAGNOSTIC,    19, -4.673846253373e-01, 5.387051991678e-03, 0.0000e+00, 0.0000e+00, 
 2DIAGNOSTIC,    20, -5.125657960250e-01, 8.168255026469e-03, 0.0000e+00, 0.0000e+00, 
 2DIAGNOSTIC,    21, -5.131047776228e-01, 9.882114057392e-03, 0.0000e+00, 0.0000e+00, 
 2DIAGNOSTIC,    22, -5.134976421034e-01, 1.053802426026e-02, 0.0000e+00, 0.0000e+00, 
 2DIAGNOSTIC,    23, -5.135848270439e-01, 1.021175448961e-02, 0.0000e+00, 0.0000e+00, 
 2DIAGNOSTIC,    24, -5.135546349406e-01, 9.158577918213e-03, 0.0000e+00, 0.0000e+00, 
 2DIAGNOSTIC,    25, -5.126810098818e-01, 7.379141558202e-03, 0.0000e+00, 0.0000e+00, 
 2DIAGNOSTIC,    26, -5.133861888910e-01, 5.210707509686e-03, 0.0000e+00, 0.0000e+00, 
 2DIAGNOSTIC,    27, -5.139152317310e-01, 2.960120989009e-03, 0.0000e+00, 0.0000e+00, 
 2DIAGNOSTIC,    28, -5.141241156374e-01, 1.116203412678e-03, 0.0000e+00, 0.0000e+00, 
 2DIAGNOSTIC,    29, -5.137346766741e-01, 4.744949598542e-05, 0.0000e+00, 0.0000e+00, 
 2DIAGNOSTIC,    30, -5.138492334392e-01, 3.482720915931e-05, 0.0000e+00, 0.0000e+00, 
 2DIAGNOSTIC,    31, -5.138492334392e-01, 3.051412840383e-05, 0.0000e+00, 0.0000e+00, 
 2DIAGNOSTIC,    32, -5.138492334392e-01, 3.078401954231e-05, 0.0000e+00, 0.0000e+00, 
 2DIAGNOSTIC,    33, -5.138492334392e-01, 2.981701310361e-05, 0.0000e+00, 0.0000e+00, 
 2DIAGNOSTIC,    34, -5.138492334392e-01, 2.643178438347e-05, 0.0000e+00, 0.0000e+00, 
 2DIAGNOSTIC,    35, -5.138492334392e-01, 4.799598965405e-06, 0.0000e+00, 0.0000e+00, 
DIAGNOSTIC,Iteration,metricValue,convergenceValue,ITERATION_TIME_INDEX,SINCE_LAST
 2DIAGNOSTIC,     1, -4.195130755542e-01, 1.797693134862e+308, 0.0000e+00, 0.0000e+00, 
 2DIAGNOSTIC,     2, -4.199364348430e-01, 1.797693134862e+308, 0.0000e+00, 0.0000e+00, 
 2DIAGNOSTIC,     3, -4.199829961564e-01, 1.797693134862e+308, 0.0000e+00, 0.0000e+00, 
 2DIAGNOSTIC,     4, -4.197955933602e-01, 1.797693134862e+308, 0.0000e+00, 0.0000e+00, 
 2DIAGNOSTIC,     5, -4.198284433565e-01, 1.797693134862e+308, 0.0000e+00, 0.0000e+00, 
 2DIAGNOSTIC,     6, -4.198806335783e-01, 1.797693134862e+308, 0.0000e+00, 0.0000e+00, 
 2DIAGNOSTIC,     7, -4.200498765377e-01, 1.797693134862e+308, 0.0000e+00, 0.0000e+00, 
 2DIAGNOSTIC,     8, -4.200500421062e-01, 1.797693134862e+308, 0.0000e+00, 0.0000e+00, 
 2DIAGNOSTIC,     9, -4.200155553139e-01, 1.797693134862e+308, 0.0000e+00, 0.0000e+00, 
 2DIAGNOSTIC,    10, -4.199801766941e-01, 4.810539118205e-05, 0.0000e+00, 0.0000e+00, 
 2DIAGNOSTIC,    11, -4.199624720128e-01, 1.904375654867e-05, 0.0000e+00, 0.0000e+00, 
 2DIAGNOSTIC,    12, -4.199756085979e-01, 1.736688718409e-05, 0.0000e+00, 0.0000e+00, 
 2DIAGNOSTIC,    13, -4.199423542384e-01, 1.533313190305e-05, 0.0000e+00, 0.0000e+00, 
 2DIAGNOSTIC,    14, -4.199194845690e-01, 2.227548879991e-06, 0.0000e+00, 0.0000e+00, 
DIAGNOSTIC,Iteration,metricValue,convergenceValue,ITERATION_TIME_INDEX,SINCE_LAST
 2DIAGNOSTIC,     1, -3.602159889223e-01, 1.797693134862e+308, 0.0000e+00, 0.0000e+00, 
 2DIAGNOSTIC,     2, -3.602712319745e-01, 1.797693134862e+308, 0.0000e+00, 0.0000e+00, 
 2DIAGNOSTIC,     3, -3.602939105169e-01, 1.797693134862e+308, 0.0000e+00, 0.0000e+00, 
 2DIAGNOSTIC,     4, -3.602903688245e-01, 1.797693134862e+308, 0.0000e+00, 0.0000e+00, 
 2DIAGNOSTIC,     5, -3.602902397360e-01, 1.797693134862e+308, 0.0000e+00, 0.0000e+00, 
 2DIAGNOSTIC,     6, -3.602776417304e-01, 1.797693134862e+308, 0.0000e+00, 0.0000e+00, 
 2DIAGNOSTIC,     7, -3.602730780480e-01, 1.797693134862e+308, 0.0000e+00, 0.0000e+00, 
 2DIAGNOSTIC,     8, -3.602699876058e-01, 1.797693134862e+308, 0.0000e+00, 0.0000e+00, 
 2DIAGNOSTIC,     9, -3.602790256293e-01, 1.797693134862e+308, 0.0000e+00, 0.0000e+00, 
 2DIAGNOSTIC,    10, -3.602937764240e-01, 4.547992356010e-06, 0.0000e+00, 0.0000e+00, 
DIAGNOSTIC,Iteration,metricValue,convergenceValue,ITERATION_TIME_INDEX,SINCE_LAST
 2DIAGNOSTIC,     1, -3.311777231819e-01, 1.797693134862e+308, 0.0000e+00, 0.0000e+00, 
 2DIAGNOSTIC,     2, -3.311871571298e-01, 1.797693134862e+308, 0.0000e+00, 0.0000e+00, 
 2DIAGNOSTIC,     3, -3.315806436824e-01, 1.797693134862e+308, 0.0000e+00, 0.0000e+00, 
 2DIAGNOSTIC,     4, -3.315632004112e-01, 1.797693134862e+308, 0.0000e+00, 0.0000e+00, 
 2DIAGNOSTIC,     5, -3.312515456602e-01, 1.797693134862e+308, 0.0000e+00, 0.0000e+00, 
 2DIAGNOSTIC,     6, -3.312586426767e-01, 1.797693134862e+308, 0.0000e+00, 0.0000e+00, 
 2DIAGNOSTIC,     7, -3.312583141678e-01, 1.797693134862e+308, 0.0000e+00, 0.0000e+00, 
 2DIAGNOSTIC,     8, -3.312543849677e-01, 1.797693134862e+308, 0.0000e+00, 0.0000e+00, 
 2DIAGNOSTIC,     9, -3.312575857468e-01, 1.797693134862e+308, 0.0000e+00, 0.0000e+00, 
  Elapsed time (stage 0): 0.0000e+00


Total elapsed time: 0.0000e+00
Info [verificarlo]: loaded backend libinterflop_ieee.so
Info [interflop-ieee]: load backend with:
Info [interflop-ieee]: debug = false
Info [interflop-ieee]: debug-binary = false
Info [interflop-ieee]: no-backend-name = false
Info [interflop-ieee]: print-new-line = false
Info [interflop-ieee]: print-subnormal-normalized = false
Info [interflop-ieee]: count-op = false
All_Command_lines_OK
Using double precision for computations.
=============================================================================
The composite transform comprises the following transforms (in order): 
  1. /home/mdugre/scratch/mri-registration-rp/datasets/ds004513/derivatives/mri-registration-rp/0100/antsRegistration-r7-p9/sub-s020/rigid_Composite.h5[0] (type = Euler3DTransform)
  2. /home/mdugre/scratch/mri-registration-rp/datasets/ds004513/derivatives/mri-registration-rp/0100/antsRegistration-r7-p9/sub-s020/rigid_Composite.h5[1] (type = Euler3DTransform)
  3. /home/mdugre/scratch/mri-registration-rp/datasets/ds004513/derivatives/mri-registration-rp/0100/antsRegistration-r7-p9/sub-s020/rigid_Composite.h5[2] (type = Euler3DTransform)
=============================================================================
  number of levels = 4
  fixed image: /templateflow/tpl-MNI152NLin2009cAsym/tpl-MNI152NLin2009cAsym_res-01_desc-brain_T1w.nii.gz
  moving image: /home/mdugre/scratch/mri-registration-rp/datasets/ds004513/derivatives/mri-registration-rp/antsBrainExtraction/sub-s020/BrainExtractionBrain.nii.gz
Dimension = 3
Number of stages = 1
Use histogram matching = false
Winsorize image intensities = true
  Lower quantile = 0.005
  Upper quantile = 0.995


Stage 1 State
   Image metric = MattesMI
     Fixed image = Image (0x39d3530)
  RTTI typeinfo:   itk::Image<double, 3u>
  Reference Count: 2
  Modified Time: 1594
  Debug: Off
  Object Name: 
  Observers: 
    none
  Source: (none)
  Source output name: (none)
  Release Data: Off
  Data Released: False
  Global Release Data: Off
  PipelineMTime: 0
  UpdateMTime: 1203
  RealTimeStamp: 0 seconds 
  LargestPossibleRegion: 
    Dimension: 3
    Index: [0, 0, 0]
    Size: [193, 229, 193]
  BufferedRegion: 
    Dimension: 3
    Index: [0, 0, 0]
    Size: [193, 229, 193]
  RequestedRegion: 
    Dimension: 3
    Index: [0, 0, 0]
    Size: [193, 229, 193]
  Spacing: [1, 1, 1]
  Origin: [96, 132, -78]
  Direction: 
-1 0 0
0 -1 0
0 0 1

  IndexToPointMatrix: 
-1 0 0
0 -1 0
0 0 1

  PointToIndexMatrix: 
-1 0 0
0 -1 0
0 0 1

  Inverse Direction: 
-1 0 0
0 -1 0
0 0 1

  PixelContainer: 
    ImportImageContainer (0x39e02b0)
      RTTI typeinfo:   itk::ImportImageContainer<unsigned long, double>
      Reference Count: 1
      Modified Time: 1200
      Debug: Off
      Object Name: 
      Observers: 
        none
      Pointer: 0x148ea8b29010
      Container manages memory: true
      Size: 8530021
      Capacity: 8530021

     Moving image = Image (0x3a8efd0)
  RTTI typeinfo:   itk::Image<double, 3u>
  Reference Count: 2
  Modified Time: 1595
  Debug: Off
  Object Name: 
  Observers: 
    none
  Source: (none)
  Source output name: (none)
  Release Data: Off
  Data Released: False
  Global Release Data: Off
  PipelineMTime: 0
  UpdateMTime: 1592
  RealTimeStamp: 0 seconds 
  LargestPossibleRegion: 
    Dimension: 3
    Index: [0, 0, 0]
    Size: [160, 240, 256]
  BufferedRegion: 
    Dimension: 3
    Index: [0, 0, 0]
    Size: [160, 240, 256]
  RequestedRegion: 
    Dimension: 3
    Index: [0, 0, 0]
    Size: [160, 240, 256]
  Spacing: [0.999995, 1, 1]
  Origin: [87.0906, 98.7205, -152.377]
  Direction: 
-0.996975 0.0261379 -0.0731913
-0.0260677 -0.999658 -0.00191374
-0.0732163 -2.46403e-08 0.997316

  IndexToPointMatrix: 
-0.996971 0.0261379 -0.0731913
-0.0260676 -0.999658 -0.00191374
-0.0732159 -2.46403e-08 0.997316

  PointToIndexMatrix: 
-0.99698 -0.0260679 -0.0732166
0.0261379 -0.999658 -2.46993e-08
-0.0731913 -0.00191374 0.997316

  Inverse Direction: 
-0.996975 -0.0260677 -0.0732163
0.0261379 -0.999658 -2.46993e-08
-0.0731913 -0.00191374 0.997316

  PixelContainer: 
    ImportImageContainer (0x3aa6990)
      RTTI typeinfo:   itk::ImportImageContainer<unsigned long, double>
      Reference Count: 1
      Modified Time: 1589
      Debug: Off
      Object Name: 
      Observers: 
        none
      Pointer: 0x148ea4028010
      Container manages memory: true
      Size: 9830400
      Capacity: 9830400

     Weighting = 1
     Sampling strategy = regular
     Number of bins = 32
     Radius = 4
     Sampling percentage  = 0.25
   Transform = Affine
     Gradient step = 0.1
     Update field sigma (voxel space) = 0
     Total field sigma (voxel space) = 0
     Update field time sigma = 0
     Total field time sigma  = 0
     Number of time indices = 0
     Number of time point samples = 0
Registration using 1 total stages.

Stage 0
  iterations = 1000x500x250x100
  convergence threshold = 1e-06
  convergence window size = 10
  number of levels = 4
  using the Mattes MI metric (number of bins = 32, weight = 1, use gradient filter = 0)
  preprocessing:  winsorizing the image intensities
  Shrink factors (level 1 out of 4): [8, 8, 8]
  Shrink factors (level 2 out of 4): [4, 4, 4]
  Shrink factors (level 3 out of 4): [2, 2, 2]
  Shrink factors (level 4 out of 4): [1, 1, 1]
  smoothing sigmas per level: [3, 2, 1, 0]
  regular sampling (percentage = 0.25)

*** Running AffineTransform registration ***

DIAGNOSTIC,Iteration,metricValue,convergenceValue,ITERATION_TIME_INDEX,SINCE_LAST
 2DIAGNOSTIC,     1, -5.159930705311e-01, 1.797693134862e+308, 7.1726e-01, 7.1726e-01, 
 2DIAGNOSTIC,     2, -5.180573004033e-01, 1.797693134862e+308, 7.2202e-01, 4.7560e-03, 
 2DIAGNOSTIC,     3, -5.210687290440e-01, 1.797693134862e+308, 7.2656e-01, 4.5400e-03, 
 2DIAGNOSTIC,     4, -5.255659152523e-01, 1.797693134862e+308, 7.3121e-01, 4.6499e-03, 
 2DIAGNOSTIC,     5, -5.331839588650e-01, 1.797693134862e+308, 7.3591e-01, 4.7040e-03, 
 2DIAGNOSTIC,     6, -5.468593571614e-01, 1.797693134862e+308, 7.4056e-01, 4.6461e-03, 
 2DIAGNOSTIC,     7, -5.948070838054e-01, 1.797693134862e+308, 7.4529e-01, 4.7369e-03, 
 2DIAGNOSTIC,     8, -6.548309630929e-01, 1.797693134862e+308, 7.5067e-01, 5.3761e-03, 
 2DIAGNOSTIC,     9, -6.963519259254e-01, 1.797693134862e+308, 7.5859e-01, 7.9181e-03, 
 2DIAGNOSTIC,    10, -7.036238641286e-01, 2.308547311719e-02, 7.6536e-01, 6.7718e-03, 
 2DIAGNOSTIC,    11, -7.128902618833e-01, 2.348396886862e-02, 7.7283e-01, 7.4699e-03, 
 2DIAGNOSTIC,    12, -7.478533533484e-01, 2.305687382608e-02, 7.7924e-01, 6.4130e-03, 
 2DIAGNOSTIC,    13, -7.853867390262e-01, 2.193053915272e-02, 7.8560e-01, 6.3560e-03, 
 2DIAGNOSTIC,    14, -8.063461057606e-01, 1.979793888807e-02, 7.9323e-01, 7.6308e-03, 
 2DIAGNOSTIC,    15, -8.117888209138e-01, 1.665819341557e-02, 7.9923e-01, 6.0010e-03, 
 2DIAGNOSTIC,    16, -8.393598923393e-01, 1.359499017388e-02, 8.0493e-01, 5.7030e-03, 
 2DIAGNOSTIC,    17, -8.524097186048e-01, 1.121121219337e-02, 8.1168e-01, 6.7489e-03, 
 2DIAGNOSTIC,    18, -8.517820714873e-01, 9.481514099390e-03, 8.1812e-01, 6.4340e-03, 
 2DIAGNOSTIC,    19, -8.522859897856e-01, 8.036684401646e-03, 8.2546e-01, 7.3390e-03, 
 2DIAGNOSTIC,    20, -8.522402489988e-01, 6.192447922440e-03, 8.3165e-01, 6.1920e-03, 
 2DIAGNOSTIC,    21, -8.520885969145e-01, 4.151399099777e-03, 8.3690e-01, 5.2531e-03, 
 2DIAGNOSTIC,    22, -8.520105797542e-01, 2.564661216543e-03, 8.4248e-01, 5.5830e-03, 
 2DIAGNOSTIC,    23, -8.521320384431e-01, 1.551512621485e-03, 8.4821e-01, 5.7271e-03, 
 2DIAGNOSTIC,    24, -8.521733122327e-01, 8.444039318382e-04, 8.5391e-01, 5.6970e-03, 
 2DIAGNOSTIC,    25, -8.520717374729e-01, 1.983955365487e-04, 8.5950e-01, 5.5919e-03, 
DIAGNOSTIC,Iteration,metricValue,convergenceValue,ITERATION_TIME_INDEX,SINCE_LAST
 2DIAGNOSTIC,     1, -7.107343806957e-01, 1.797693134862e+308, 1.5936e+00, 7.3408e-01, 
 2DIAGNOSTIC,     2, -7.111709233008e-01, 1.797693134862e+308, 1.6286e+00, 3.4982e-02, 
 2DIAGNOSTIC,     3, -7.115802869987e-01, 1.797693134862e+308, 1.6649e+00, 3.6327e-02, 
 2DIAGNOSTIC,     4, -7.118492959760e-01, 1.797693134862e+308, 1.7003e+00, 3.5377e-02, 
 2DIAGNOSTIC,     5, -7.128020471728e-01, 1.797693134862e+308, 1.7398e+00, 3.9571e-02, 
 2DIAGNOSTIC,     6, -7.135106030023e-01, 1.797693134862e+308, 1.7877e+00, 4.7828e-02, 
 2DIAGNOSTIC,     7, -7.136848422777e-01, 1.797693134862e+308, 1.8225e+00, 3.4873e-02, 
 2DIAGNOSTIC,     8, -7.142045358051e-01, 1.797693134862e+308, 1.8629e+00, 4.0350e-02, 
 2DIAGNOSTIC,     9, -7.144789162083e-01, 1.797693134862e+308, 1.9485e+00, 8.5609e-02, 
 2DIAGNOSTIC,    10, -7.145077906364e-01, 3.811356834026e-04, 1.9894e+00, 4.0919e-02, 
 2DIAGNOSTIC,    11, -7.145086680449e-01, 3.081967884746e-04, 2.0220e+00, 3.2547e-02, 
 2DIAGNOSTIC,    12, -7.144970862721e-01, 2.343244292308e-04, 2.0626e+00, 4.0630e-02, 
 2DIAGNOSTIC,    13, -7.144981473218e-01, 1.636776168010e-04, 2.1021e+00, 3.9517e-02, 
 2DIAGNOSTIC,    14, -7.144868933605e-01, 9.518496476255e-05, 2.1460e+00, 4.3871e-02, 
 2DIAGNOSTIC,    15, -7.144889928663e-01, 5.242219281901e-05, 2.1837e+00, 3.7735e-02, 
 2DIAGNOSTIC,    16, -7.144775009447e-01, 2.789179460465e-05, 2.2202e+00, 3.6527e-02, 
 2DIAGNOSTIC,    17, -7.144670580168e-01, 7.452464462335e-06, 2.2570e+00, 3.6750e-02, 
DIAGNOSTIC,Iteration,metricValue,convergenceValue,ITERATION_TIME_INDEX,SINCE_LAST
 2DIAGNOSTIC,     1, -5.940190886179e-01, 1.797693134862e+308, 3.3526e+00, 1.0956e+00, 
 2DIAGNOSTIC,     2, -5.945859685231e-01, 1.797693134862e+308, 3.6384e+00, 2.8581e-01, 
 2DIAGNOSTIC,     3, -5.951984894228e-01, 1.797693134862e+308, 3.9263e+00, 2.8783e-01, 
 2DIAGNOSTIC,     4, -5.958270294036e-01, 1.797693134862e+308, 4.2119e+00, 2.8567e-01, 
 2DIAGNOSTIC,     5, -5.967739266554e-01, 1.797693134862e+308, 4.5046e+00, 2.9269e-01, 
 2DIAGNOSTIC,     6, -5.972500025865e-01, 1.797693134862e+308, 4.9665e+00, 4.6188e-01, 
 2DIAGNOSTIC,     7, -5.972611016081e-01, 1.797693134862e+308, 5.3539e+00, 3.8740e-01, 
 2DIAGNOSTIC,     8, -5.972606199743e-01, 1.797693134862e+308, 5.6882e+00, 3.3429e-01, 
 2DIAGNOSTIC,     9, -5.972589604773e-01, 1.797693134862e+308, 6.0153e+00, 3.2706e-01, 
 2DIAGNOSTIC,    10, -5.972569346189e-01, 3.734886272150e-04, 6.3059e+00, 2.9068e-01, 
 2DIAGNOSTIC,    11, -5.972498916264e-01, 2.497019764060e-04, 6.6025e+00, 2.9658e-01, 
 2DIAGNOSTIC,    12, -5.972488682216e-01, 1.470621042126e-04, 6.9324e+00, 3.2987e-01, 
 2DIAGNOSTIC,    13, -5.972485702161e-01, 6.967251097068e-05, 7.2173e+00, 2.8493e-01, 
 2DIAGNOSTIC,    14, -5.972451698656e-01, 1.779465495448e-05, 7.5390e+00, 3.2169e-01, 
 2DIAGNOSTIC,    15, -5.972452887926e-01, 1.075987943217e-06, 7.8928e+00, 3.5376e-01, 
DIAGNOSTIC,Iteration,metricValue,convergenceValue,ITERATION_TIME_INDEX,SINCE_LAST
 2DIAGNOSTIC,     1, -5.296356668249e-01, 1.797693134862e+308, 1.0922e+01, 3.0291e+00, 
 2DIAGNOSTIC,     2, -5.299194992705e-01, 1.797693134862e+308, 1.2850e+01, 1.9283e+00, 
 2DIAGNOSTIC,     3, -5.301338997048e-01, 1.797693134862e+308, 1.4911e+01, 2.0606e+00, 
 2DIAGNOSTIC,     4, -5.305802421103e-01, 1.797693134862e+308, 1.7279e+01, 2.3685e+00, 
 2DIAGNOSTIC,     5, -5.308831662207e-01, 1.797693134862e+308, 2.0320e+01, 3.0410e+00, 
 2DIAGNOSTIC,     6, -5.308904327712e-01, 1.797693134862e+308, 2.2382e+01, 2.0612e+00, 
 2DIAGNOSTIC,     7, -5.309368305041e-01, 1.797693134862e+308, 2.4325e+01, 1.9434e+00, 
 2DIAGNOSTIC,     8, -5.310014787088e-01, 1.797693134862e+308, 2.6304e+01, 1.9785e+00, 
 2DIAGNOSTIC,     9, -5.310732536334e-01, 1.797693134862e+308, 2.8058e+01, 1.7546e+00, 
 2DIAGNOSTIC,    10, -5.311181599858e-01, 1.781823243525e-04, 3.0082e+01, 2.0241e+00, 
 2DIAGNOSTIC,    11, -5.311219097555e-01, 1.232178488501e-04, 3.2656e+01, 2.5740e+00, 
 2DIAGNOSTIC,    12, -5.311219879741e-01, 7.951468201074e-05, 3.4748e+01, 2.0922e+00, 
 2DIAGNOSTIC,    13, -5.311220576790e-01, 4.403179967566e-05, 3.7627e+01, 2.8784e+00, 
 2DIAGNOSTIC,    14, -5.311220097370e-01, 2.655486656447e-05, 3.9671e+01, 2.0442e+00, 
 2DIAGNOSTIC,    15, -5.311221347370e-01, 2.002405909107e-05, 4.1834e+01, 2.1633e+00, 
 2DIAGNOSTIC,    16, -5.311220023879e-01, 1.292009985232e-05, 4.4425e+01, 2.5906e+00, 
 2DIAGNOSTIC,    17, -5.311218061128e-01, 7.092786891295e-06, 4.6598e+01, 2.1732e+00, 
 2DIAGNOSTIC,    18, -5.311217519713e-01, 3.309166509827e-06, 4.8559e+01, 1.9613e+00, 
 2DIAGNOSTIC,    19, -5.311215821513e-01, 1.763846688936e-06, 5.0655e+01, 2.0955e+00, 
 2DIAGNOSTIC,    20, -5.311216484637e-01, 1.565891932703e-06, 5.2356e+01, 1.7013e+00, 
 2DIAGNOSTIC,    21, -5.311215005099e-01, 1.480867756122e-06, 5.4216e+01, 1.8600e+00, 
 2DIAGNOSTIC,    22, -5.311215600589e-01, 1.410296484199e-06, 5.6213e+01, 1.9972e+00, 
 2DIAGNOSTIC,    23, -5.311215523484e-01, 1.350711534252e-06, 5.8171e+01, 1.9571e+00, 
 2DIAGNOSTIC,    24, -5.311214000710e-01, 1.294555107126e-06, 5.9917e+01, 1.7459e+00, 
 2DIAGNOSTIC,    25, -5.311213219399e-01, 1.246968809446e-06, 6.2119e+01, 2.2029e+00, 
 2DIAGNOSTIC,    26, -5.311210654833e-01, 1.197569198107e-06, 6.4121e+01, 2.0014e+00, 
 2DIAGNOSTIC,    27, -5.311206413309e-01, 1.142091332840e-06, 6.6366e+01, 2.2456e+00, 
 2DIAGNOSTIC,    28, -5.311207438640e-01, 1.095162075047e-06, 6.8303e+01, 1.9361e+00, 
 2DIAGNOSTIC,    29, -5.311203456501e-01, 1.044663023406e-06, 7.0153e+01, 1.8503e+00, 
  Elapsed time (stage 0): 7.1201e+01


Total elapsed time: 7.1204e+01
Info [verificarlo]: loaded backend libinterflop_ieee.so
Info [interflop-ieee]: load backend with:
Info [interflop-ieee]: debug = false
Info [interflop-ieee]: debug-binary = false
Info [interflop-ieee]: no-backend-name = false
Info [interflop-ieee]: print-new-line = false
Info [interflop-ieee]: print-subnormal-normalized = false
Info [interflop-ieee]: count-op = false
All_Command_lines_OK
Using double precision for computations.
=============================================================================
The composite transform comprises the following transforms (in order): 
  1. /home/mdugre/scratch/mri-registration-rp/datasets/ds004513/derivatives/mri-registration-rp/0100/antsRegistration-r7-p9/sub-s020/affine_Composite.h5[0] (type = Euler3DTransform)
  2. /home/mdugre/scratch/mri-registration-rp/datasets/ds004513/derivatives/mri-registration-rp/0100/antsRegistration-r7-p9/sub-s020/affine_Composite.h5[1] (type = Euler3DTransform)
  3. /home/mdugre/scratch/mri-registration-rp/datasets/ds004513/derivatives/mri-registration-rp/0100/antsRegistration-r7-p9/sub-s020/affine_Composite.h5[2] (type = Euler3DTransform)
  4. /home/mdugre/scratch/mri-registration-rp/datasets/ds004513/derivatives/mri-registration-rp/0100/antsRegistration-r7-p9/sub-s020/affine_Composite.h5[3] (type = AffineTransform)
=============================================================================
  number of levels = 4
  fixed image: /templateflow/tpl-MNI152NLin2009cAsym/tpl-MNI152NLin2009cAsym_res-01_desc-brain_T1w.nii.gz
  moving image: /home/mdugre/scratch/mri-registration-rp/datasets/ds004513/derivatives/mri-registration-rp/antsBrainExtraction/sub-s020/BrainExtractionBrain.nii.gz
Dimension = 3
Number of stages = 1
Use histogram matching = false
Winsorize image intensities = true
  Lower quantile = 0.005
  Upper quantile = 0.995


Stage 1 State
   Image metric = CC
     Fixed image = Image (0x3eb8a40)
  RTTI typeinfo:   itk::Image<double, 3u>
  Reference Count: 2
  Modified Time: 1608
  Debug: Off
  Object Name: 
  Observers: 
    none
  Source: (none)
  Source output name: (none)
  Release Data: Off
  Data Released: False
  Global Release Data: Off
  PipelineMTime: 0
  UpdateMTime: 1217
  RealTimeStamp: 0 seconds 
  LargestPossibleRegion: 
    Dimension: 3
    Index: [0, 0, 0]
    Size: [193, 229, 193]
  BufferedRegion: 
    Dimension: 3
    Index: [0, 0, 0]
    Size: [193, 229, 193]
  RequestedRegion: 
    Dimension: 3
    Index: [0, 0, 0]
    Size: [193, 229, 193]
  Spacing: [1, 1, 1]
  Origin: [96, 132, -78]
  Direction: 
-1 0 0
0 -1 0
0 0 1

  IndexToPointMatrix: 
-1 0 0
0 -1 0
0 0 1

  PointToIndexMatrix: 
-1 0 0
0 -1 0
0 0 1

  Inverse Direction: 
-1 0 0
0 -1 0
0 0 1

  PixelContainer: 
    ImportImageContainer (0x3f87780)
      RTTI typeinfo:   itk::ImportImageContainer<unsigned long, double>
      Reference Count: 1
      Modified Time: 1214
      Debug: Off
      Object Name: 
      Observers: 
        none
      Pointer: 0x14e62257a010
      Container manages memory: true
      Size: 8530021
      Capacity: 8530021

     Moving image = Image (0x3f89390)
  RTTI typeinfo:   itk::Image<double, 3u>
  Reference Count: 2
  Modified Time: 1609
  Debug: Off
  Object Name: 
  Observers: 
    none
  Source: (none)
  Source output name: (none)
  Release Data: Off
  Data Released: False
  Global Release Data: Off
  PipelineMTime: 0
  UpdateMTime: 1606
  RealTimeStamp: 0 seconds 
  LargestPossibleRegion: 
    Dimension: 3
    Index: [0, 0, 0]
    Size: [160, 240, 256]
  BufferedRegion: 
    Dimension: 3
    Index: [0, 0, 0]
    Size: [160, 240, 256]
  RequestedRegion: 
    Dimension: 3
    Index: [0, 0, 0]
    Size: [160, 240, 256]
  Spacing: [0.999995, 1, 1]
  Origin: [87.0906, 98.7205, -152.377]
  Direction: 
-0.996975 0.0261379 -0.0731913
-0.0260677 -0.999658 -0.00191374
-0.0732163 -2.46403e-08 0.997316

  IndexToPointMatrix: 
-0.996971 0.0261379 -0.0731913
-0.0260676 -0.999658 -0.00191374
-0.0732159 -2.46403e-08 0.997316

  PointToIndexMatrix: 
-0.99698 -0.0260679 -0.0732166
0.0261379 -0.999658 -2.46993e-08
-0.0731913 -0.00191374 0.997316

  Inverse Direction: 
-0.996975 -0.0260677 -0.0732163
0.0261379 -0.999658 -2.46993e-08
-0.0731913 -0.00191374 0.997316

  PixelContainer: 
    ImportImageContainer (0x3f3e6f0)
      RTTI typeinfo:   itk::ImportImageContainer<unsigned long, double>
      Reference Count: 1
      Modified Time: 1603
      Debug: Off
      Object Name: 
      Observers: 
        none
      Pointer: 0x14e61da79010
      Container manages memory: true
      Size: 9830400
      Capacity: 9830400

     Weighting = 1
     Sampling strategy = none
     Number of bins = 32
     Radius = 4
     Sampling percentage  = 1
   Transform = SyN
     Gradient step = 0.1
     Update field sigma (voxel space) = 3
     Total field sigma (voxel space) = 0
     Update field time sigma = 0
     Total field time sigma  = 0
     Number of time indices = 0
     Number of time point samples = 0
Registration using 1 total stages.

Stage 0
  iterations = 100x70x50x20
  convergence threshold = 1e-06
  convergence window size = 10
  number of levels = 4
  using the CC metric (radius = 4, weight = 1, use gradient filter = 0)
  preprocessing:  winsorizing the image intensities
  Shrink factors (level 1 out of 4): [8, 8, 8]
  Shrink factors (level 2 out of 4): [4, 4, 4]
  Shrink factors (level 3 out of 4): [2, 2, 2]
  Shrink factors (level 4 out of 4): [1, 1, 1]
  smoothing sigmas per level: [3, 2, 1, 0]
  Using default NONE metricSamplingStrategy 

*** Running SyN registration (varianceForUpdateField = 3, varianceForTotalField = 0) ***

XXDIAGNOSTIC,Iteration,metricValue,convergenceValue,ITERATION_TIME_INDEX,SINCE_LAST
 1DIAGNOSTIC,     1, -9.062687999610e-01, 1.797693134862e+308, 1.0597e+00, 1.0597e+00, 
 1DIAGNOSTIC,     2, -9.136563191272e-01, 1.797693134862e+308, 1.3908e+00, 3.3109e-01, 
 1DIAGNOSTIC,     3, -9.188924508470e-01, 1.797693134862e+308, 1.7139e+00, 3.2310e-01, 
 1DIAGNOSTIC,     4, -9.223078450373e-01, 1.797693134862e+308, 2.0476e+00, 3.3368e-01, 
 1DIAGNOSTIC,     5, -9.247891126321e-01, 1.797693134862e+308, 2.3800e+00, 3.3242e-01, 
 1DIAGNOSTIC,     6, -9.264478669124e-01, 1.797693134862e+308, 2.7121e+00, 3.3212e-01, 
 1DIAGNOSTIC,     7, -9.277194285726e-01, 1.797693134862e+308, 3.0434e+00, 3.3130e-01, 
 1DIAGNOSTIC,     8, -9.286902564132e-01, 1.797693134862e+308, 3.3679e+00, 3.2455e-01, 
 1DIAGNOSTIC,     9, -9.294759990871e-01, 1.797693134862e+308, 3.7141e+00, 3.4620e-01, 
 1DIAGNOSTIC,    10, -9.301403822072e-01, 1.462094735810e-03, 4.0407e+00, 3.2653e-01, 
 1DIAGNOSTIC,    11, -9.306798103718e-01, 9.516745392893e-04, 4.3800e+00, 3.3928e-01, 
 1DIAGNOSTIC,    12, -9.311634907143e-01, 6.411858024093e-04, 4.7145e+00, 3.3452e-01, 
 1DIAGNOSTIC,    13, -9.316003347261e-01, 4.538259528055e-04, 5.0418e+00, 3.2736e-01, 
 1DIAGNOSTIC,    14, -9.319934310234e-01, 3.349454780953e-04, 5.4734e+00, 4.3153e-01, 
 1DIAGNOSTIC,    15, -9.323454499002e-01, 2.590237648287e-04, 5.7986e+00, 3.2522e-01, 
 1DIAGNOSTIC,    16, -9.326749776114e-01, 2.067860317548e-04, 6.1452e+00, 3.4663e-01, 
 1DIAGNOSTIC,    17, -9.329732720545e-01, 1.698842026353e-04, 6.5407e+00, 3.9545e-01, 
 1DIAGNOSTIC,    18, -9.332658919811e-01, 1.428549314801e-04, 6.8809e+00, 3.4021e-01, 
 1DIAGNOSTIC,    19, -9.335432429823e-01, 1.225475287992e-04, 7.2131e+00, 3.3221e-01, 
 1DIAGNOSTIC,    20, -9.337975492286e-01, 1.069646502130e-04, 7.5464e+00, 3.3326e-01, 
 1DIAGNOSTIC,    21, -9.340378403836e-01, 9.429746174482e-05, 7.8918e+00, 3.4548e-01, 
 1DIAGNOSTIC,    22, -9.342730966501e-01, 8.401330573964e-05, 8.2307e+00, 3.3888e-01, 
 1DIAGNOSTIC,    23, -9.344972132250e-01, 7.559014624282e-05, 8.5741e+00, 3.4335e-01, 
 1DIAGNOSTIC,    24, -9.347035946908e-01, 6.846526862424e-05, 8.9229e+00, 3.4879e-01, 
 1DIAGNOSTIC,    25, -9.349033338530e-01, 6.228131167506e-05, 9.2533e+00, 3.3046e-01, 
 1DIAGNOSTIC,    26, -9.350920909207e-01, 5.686622448401e-05, 9.6559e+00, 4.0255e-01, 
 1DIAGNOSTIC,    27, -9.352769884893e-01, 5.201662820029e-05, 1.0020e+01, 3.6365e-01, 
 1DIAGNOSTIC,    28, -9.354442645122e-01, 4.767566228062e-05, 1.0375e+01, 3.5555e-01, 
 1DIAGNOSTIC,    29, -9.356044383778e-01, 4.379922241004e-05, 1.0712e+01, 3.3680e-01, 
 1DIAGNOSTIC,    30, -9.357570160451e-01, 4.024178956834e-05, 1.1066e+01, 3.5457e-01, 
 1DIAGNOSTIC,    31, -9.358980729453e-01, 3.691632604962e-05, 1.1452e+01, 3.8572e-01, 
 1DIAGNOSTIC,    32, -9.360325011639e-01, 3.388380926169e-05, 1.1780e+01, 3.2755e-01, 
 1DIAGNOSTIC,    33, -9.361668947312e-01, 3.119638020271e-05, 1.2131e+01, 3.5130e-01, 
 1DIAGNOSTIC,    34, -9.362906537431e-01, 2.872523092479e-05, 1.2458e+01, 3.2730e-01, 
 1DIAGNOSTIC,    35, -9.364154728646e-01, 2.655341690170e-05, 1.2795e+01, 3.3622e-01, 
