
##########################
# Experiment information #
##########################

EXPERIMENT_NAME: antsRegistration-r7-p23
VFC_BACKENDS: libinterflop_vprec.so --range-binary32=7 --precision-binary32=23 --range-binary64=7 --precision-binary64=23

SIF_IMG: /home/mdugre/projects/rrg-glatard/mdugre/containers/ants-vprec-no_metrics.simg

SUBJECT_ID: s014
INPUT_IMG: /home/mdugre/scratch/mri-registration-rp/datasets/ds004513/derivatives/mri-registration-rp/antsBrainExtraction/sub-s014/BrainExtractionBrain.nii.gz
OUTPUT_DIR: /home/mdugre/scratch/mri-registration-rp/datasets/ds004513/derivatives/mri-registration-rp/0100/antsRegistration-r7-p23/sub-s014

FIXED_IMG: /templateflow/tpl-MNI152NLin2009cAsym/tpl-MNI152NLin2009cAsym_res-01_desc-brain_T1w.nii.gz
DATA_DIR: /home/mdugre/scratch/mri-registration-rp/datasets/ds004513
TEMPLATEFLOW_DIR: /home/mdugre/projects/rrg-glatard/mdugre/templateflow
ITK_GLOBAL_DEFAULT_NUMBER_OF_THREADS: 16
##########################

Info [verificarlo]: loaded backend libinterflop_ieee.so
Info [interflop-ieee]: load backend with:
Info [interflop-ieee]: debug = false
Info [interflop-ieee]: debug-binary = false
Info [interflop-ieee]: no-backend-name = false
Info [interflop-ieee]: print-new-line = false
Info [interflop-ieee]: print-subnormal-normalized = false
Info [interflop-ieee]: count-op = false
All_Command_lines_OK
Using double precision for computations.
=============================================================================
The composite transform comprises the following transforms (in order): 
  1. Center of mass alignment using fixed image: /templateflow/tpl-MNI152NLin2009cAsym/tpl-MNI152NLin2009cAsym_res-01_desc-brain_T1w.nii.gz and moving image: /home/mdugre/scratch/mri-registration-rp/datasets/ds004513/derivatives/mri-registration-rp/antsBrainExtraction/sub-s014/BrainExtractionBrain.nii.gz (type = Euler3DTransform)
=============================================================================
  number of levels = 1
  fixed image: /templateflow/tpl-MNI152NLin2009cAsym/tpl-MNI152NLin2009cAsym_res-01_desc-brain_T1w.nii.gz
  moving image: /home/mdugre/scratch/mri-registration-rp/datasets/ds004513/derivatives/mri-registration-rp/antsBrainExtraction/sub-s014/BrainExtractionBrain.nii.gz
Dimension = 3
Number of stages = 1
Use histogram matching = false
Winsorize image intensities = true
  Lower quantile = 0.005
  Upper quantile = 0.995


Stage 1 State
   Image metric = MattesMI
     Fixed image = Image (0x39e0e70)
  RTTI typeinfo:   itk::Image<double, 3u>
  Reference Count: 2
  Modified Time: 2334
  Debug: Off
  Object Name: 
  Observers: 
    none
  Source: (none)
  Source output name: (none)
  Release Data: Off
  Data Released: False
  Global Release Data: Off
  PipelineMTime: 0
  UpdateMTime: 1943
  RealTimeStamp: 0 seconds 
  LargestPossibleRegion: 
    Dimension: 3
    Index: [0, 0, 0]
    Size: [193, 229, 193]
  BufferedRegion: 
    Dimension: 3
    Index: [0, 0, 0]
    Size: [193, 229, 193]
  RequestedRegion: 
    Dimension: 3
    Index: [0, 0, 0]
    Size: [193, 229, 193]
  Spacing: [1, 1, 1]
  Origin: [96, 132, -78]
  Direction: 
-1 0 0
0 -1 0
0 0 1

  IndexToPointMatrix: 
-1 0 0
0 -1 0
0 0 1

  PointToIndexMatrix: 
-1 0 0
0 -1 0
0 0 1

  Inverse Direction: 
-1 0 0
0 -1 0
0 0 1

  PixelContainer: 
    ImportImageContainer (0x39ed140)
      RTTI typeinfo:   itk::ImportImageContainer<unsigned long, double>
      Reference Count: 1
      Modified Time: 1940
      Debug: Off
      Object Name: 
      Observers: 
        none
      Pointer: 0x14990e830010
      Container manages memory: true
      Size: 8530021
      Capacity: 8530021

     Moving image = Image (0x39ea310)
  RTTI typeinfo:   itk::Image<double, 3u>
  Reference Count: 2
  Modified Time: 2335
  Debug: Off
  Object Name: 
  Observers: 
    none
  Source: (none)
  Source output name: (none)
  Release Data: Off
  Data Released: False
  Global Release Data: Off
  PipelineMTime: 0
  UpdateMTime: 2332
  RealTimeStamp: 0 seconds 
  LargestPossibleRegion: 
    Dimension: 3
    Index: [0, 0, 0]
    Size: [160, 240, 256]
  BufferedRegion: 
    Dimension: 3
    Index: [0, 0, 0]
    Size: [160, 240, 256]
  RequestedRegion: 
    Dimension: 3
    Index: [0, 0, 0]
    Size: [160, 240, 256]
  Spacing: [0.999999, 1, 1]
  Origin: [84.1637, 106.709, -120.531]
  Direction: 
-0.999619 -0.0226874 -0.0157033
0.0226846 -0.999743 0.00035635
-0.0157073 -7.8229e-09 0.999877

  IndexToPointMatrix: 
-0.999619 -0.0226874 -0.0157033
0.0226845 -0.999743 0.00035635
-0.0157073 -7.8229e-09 0.999877

  PointToIndexMatrix: 
-0.99962 0.0226846 -0.0157073
-0.0226874 -0.999743 -7.83127e-09
-0.0157033 0.00035635 0.999877

  Inverse Direction: 
-0.999619 0.0226846 -0.0157073
-0.0226874 -0.999743 -7.83127e-09
-0.0157033 0.00035635 0.999877

  PixelContainer: 
    ImportImageContainer (0x3b15610)
      RTTI typeinfo:   itk::ImportImageContainer<unsigned long, double>
      Reference Count: 1
      Modified Time: 2329
      Debug: Off
      Object Name: 
      Observers: 
        none
      Pointer: 0x149909d2f010
      Container manages memory: true
      Size: 9830400
      Capacity: 9830400

     Weighting = 1
     Sampling strategy = regular
     Number of bins = 32
     Radius = 4
     Sampling percentage  = 0.25
   Transform = Rigid
     Gradient step = 0.1
     Update field sigma (voxel space) = 0
     Total field sigma (voxel space) = 0
     Update field time sigma = 0
     Total field time sigma  = 0
     Number of time indices = 0
     Number of time point samples = 0
Registration using 1 total stages.

Stage 0
  iterations = 0
  convergence threshold = 1e-06
  convergence window size = 10
  number of levels = 1
  using the Mattes MI metric (number of bins = 32, weight = 1, use gradient filter = 0)
  preprocessing:  winsorizing the image intensities
  Shrink factors (level 1 out of 1): [1, 1, 1]
  smoothing sigmas per level: [0]
  regular sampling (percentage = 0.25)

*** Running Euler3DTransform registration ***

  Elapsed time (stage 0): 1.12023


Total elapsed time: 1.12225
Info [verificarlo]: loaded backend libinterflop_vprec.so
Info [interflop-vprec]: load backend with: 
Info [interflop-vprec]: precision-binary32 = 23
Info [interflop-vprec]: range-binary32 = 7
Info [interflop-vprec]: precision-binary64 = 23
Info [interflop-vprec]: range-binary64 = 7
Info [interflop-vprec]: mode = ob
Info [interflop-vprec]: error-mode = rel
Info [interflop-vprec]: max-abs-error-exponent = -1022
Info [interflop-vprec]: daz = false
Info [interflop-vprec]: ftz = false
Info [interflop-vprec]: 	instrument = none
Info [interflop-vprec]: 	prec-input-file = (null)
Info [interflop-vprec]: 	prec-output-file = (null)
Info [interflop-vprec]: 	prec-log-file = (null)
All_Command_lines_OK
Using double precision for computations.
=============================================================================
The composite transform comprises the following transforms (in order): 
  1. /home/mdugre/scratch/mri-registration-rp/datasets/ds004513/derivatives/mri-registration-rp/0100/antsRegistration-r7-p23/sub-s014/align_Composite.h5[0] (type = Euler3DTransform)
  2. /home/mdugre/scratch/mri-registration-rp/datasets/ds004513/derivatives/mri-registration-rp/0100/antsRegistration-r7-p23/sub-s014/align_Composite.h5[1] (type = Euler3DTransform)
=============================================================================
  number of levels = 4
  fixed image: /templateflow/tpl-MNI152NLin2009cAsym/tpl-MNI152NLin2009cAsym_res-01_desc-brain_T1w.nii.gz
  moving image: /home/mdugre/scratch/mri-registration-rp/datasets/ds004513/derivatives/mri-registration-rp/antsBrainExtraction/sub-s014/BrainExtractionBrain.nii.gz
Dimension = 3
Number of stages = 1
Use histogram matching = false
Winsorize image intensities = true
  Lower quantile = 0.005
  Upper quantile = 0.995


Stage 1 State
   Image metric = MattesMI
     Fixed image = Image (0x39bd1e0)
  RTTI typeinfo:   itk::Image<double, 3u>
  Reference Count: 2
  Modified Time: 1580
  Debug: Off
  Object Name: 
  Observers: 
    none
  Source: (none)
  Source output name: (none)
  Release Data: Off
  Data Released: False
  Global Release Data: Off
  PipelineMTime: 0
  UpdateMTime: 1189
  RealTimeStamp: 0 seconds 
  LargestPossibleRegion: 
    Dimension: 3
    Index: [0, 0, 0]
    Size: [193, 229, 193]
  BufferedRegion: 
    Dimension: 3
    Index: [0, 0, 0]
    Size: [193, 229, 193]
  RequestedRegion: 
    Dimension: 3
    Index: [0, 0, 0]
    Size: [193, 229, 193]
  Spacing: [1, 1, 1]
  Origin: [96, 132, -78]
  Direction: 
-1 0 0
0 -1 0
0 0 1

  IndexToPointMatrix: 
-1 0 0
0 -1 0
0 0 1

  PointToIndexMatrix: 
-1 0 0
0 -1 0
0 0 1

  Inverse Direction: 
-1 0 0
0 -1 0
0 0 1

  PixelContainer: 
    ImportImageContainer (0x3a7c680)
      RTTI typeinfo:   itk::ImportImageContainer<unsigned long, double>
      Reference Count: 1
      Modified Time: 1186
      Debug: Off
      Object Name: 
      Observers: 
        none
      Pointer: 0x14ea81bd6010
      Container manages memory: true
      Size: 8530021
      Capacity: 8530021

     Moving image = Image (0x3a78b20)
  RTTI typeinfo:   itk::Image<double, 3u>
  Reference Count: 2
  Modified Time: 1581
  Debug: Off
  Object Name: 
  Observers: 
    none
  Source: (none)
  Source output name: (none)
  Release Data: Off
  Data Released: False
  Global Release Data: Off
  PipelineMTime: 0
  UpdateMTime: 1578
  RealTimeStamp: 0 seconds 
  LargestPossibleRegion: 
    Dimension: 3
    Index: [0, 0, 0]
    Size: [160, 240, 256]
  BufferedRegion: 
    Dimension: 3
    Index: [0, 0, 0]
    Size: [160, 240, 256]
  RequestedRegion: 
    Dimension: 3
    Index: [0, 0, 0]
    Size: [160, 240, 256]
  Spacing: [0.999999, 1, 1]
  Origin: [84.1637, 106.709, -120.531]
  Direction: 
-0.999619 -0.0226874 -0.0157033
0.0226846 -0.999743 0.00035635
-0.0157073 -7.8229e-09 0.999877

  IndexToPointMatrix: 
-0.999619 -0.0226874 -0.0157033
0.0226845 -0.999743 0.00035635
-0.0157073 -7.8229e-09 0.999877

  PointToIndexMatrix: 
-0.99962 0.0226846 -0.0157073
-0.0226874 -0.999743 2.98023e-08
-0.0157033 0.000356346 0.999877

  Inverse Direction: 
-0.999619 0.0226846 -0.0157073
-0.0226874 -0.999743 -7.84348e-09
-0.0157033 0.00035635 0.999877

  PixelContainer: 
    ImportImageContainer (0x3ae1d50)
      RTTI typeinfo:   itk::ImportImageContainer<unsigned long, double>
      Reference Count: 1
      Modified Time: 1575
      Debug: Off
      Object Name: 
      Observers: 
        none
      Pointer: 0x14ea7d0d5010
      Container manages memory: true
      Size: 9830400
      Capacity: 9830400

     Weighting = 1
     Sampling strategy = regular
     Number of bins = 32
     Radius = 4
     Sampling percentage  = 0.25
   Transform = Rigid
     Gradient step = 0.1
     Update field sigma (voxel space) = 0
     Total field sigma (voxel space) = 0
     Update field time sigma = 0
     Total field time sigma  = 0
     Number of time indices = 0
     Number of time point samples = 0
Registration using 1 total stages.

Stage 0
  iterations = 1000x500x250x100
  convergence threshold = 1e-06
  convergence window size = 10
  number of levels = 4
  using the Mattes MI metric (number of bins = 32, weight = 1, use gradient filter = 0)
  preprocessing:  winsorizing the image intensities
  Shrink factors (level 1 out of 4): [8, 8, 8]
  Shrink factors (level 2 out of 4): [4, 4, 4]
  Shrink factors (level 3 out of 4): [2, 2, 2]
  Shrink factors (level 4 out of 4): [1, 1, 1]
  smoothing sigmas per level: [3, 2, 1, 0]
  regular sampling (percentage = 0.25)

*** Running Euler3DTransform registration ***

DIAGNOSTIC,Iteration,metricValue,convergenceValue,ITERATION_TIME_INDEX,SINCE_LAST
 2DIAGNOSTIC,     1, -4.770817624370e-01, 1.797693134862e+308, 0.0000e+00, 0.0000e+00, 
 2DIAGNOSTIC,     2, -4.784212444453e-01, 1.797693134862e+308, 0.0000e+00, 0.0000e+00, 
 2DIAGNOSTIC,     3, -4.807048552631e-01, 1.797693134862e+308, 0.0000e+00, 0.0000e+00, 
 2DIAGNOSTIC,     4, -4.840274950158e-01, 1.797693134862e+308, 0.0000e+00, 0.0000e+00, 
 2DIAGNOSTIC,     5, -4.883059259970e-01, 1.797693134862e+308, 0.0000e+00, 0.0000e+00, 
 2DIAGNOSTIC,     6, -4.953537286534e-01, 1.797693134862e+308, 0.0000e+00, 0.0000e+00, 
 2DIAGNOSTIC,     7, -5.007328504244e-01, 1.797693134862e+308, 0.0000e+00, 0.0000e+00, 
 2DIAGNOSTIC,     8, -5.013256155480e-01, 1.797693134862e+308, 0.0000e+00, 0.0000e+00, 
 2DIAGNOSTIC,     9, -5.084989713523e-01, 1.797693134862e+308, 0.0000e+00, 0.0000e+00, 
 2DIAGNOSTIC,    10, -5.162379617679e-01, 5.125892432551e-03, 0.0000e+00, 0.0000e+00, 
 2DIAGNOSTIC,    11, -5.168131404227e-01, 4.885345496708e-03, 0.0000e+00, 0.0000e+00, 
 2DIAGNOSTIC,    12, -5.204883336701e-01, 4.492132456103e-03, 0.0000e+00, 0.0000e+00, 
 2DIAGNOSTIC,    13, -5.229998210469e-01, 3.968434214590e-03, 0.0000e+00, 0.0000e+00, 
 2DIAGNOSTIC,    14, -5.258651391714e-01, 3.408294866254e-03, 0.0000e+00, 0.0000e+00, 
 2DIAGNOSTIC,    15, -5.270613062559e-01, 2.811655857301e-03, 0.0000e+00, 0.0000e+00, 
 2DIAGNOSTIC,    16, -5.288858373013e-01, 2.346514543567e-03, 0.0000e+00, 0.0000e+00, 
 2DIAGNOSTIC,    17, -5.292179657896e-01, 1.916313785482e-03, 0.0000e+00, 0.0000e+00, 
 2DIAGNOSTIC,    18, -5.293994306855e-01, 1.379352139290e-03, 0.0000e+00, 0.0000e+00, 
 2DIAGNOSTIC,    19, -5.295172031704e-01, 9.828125616113e-04, 0.0000e+00, 0.0000e+00, 
 2DIAGNOSTIC,    20, -5.295672553871e-01, 7.547190793583e-04, 0.0000e+00, 0.0000e+00, 
 2DIAGNOSTIC,    21, -5.296843079922e-01, 4.958427263318e-04, 0.0000e+00, 0.0000e+00, 
 2DIAGNOSTIC,    22, -5.296854205292e-01, 3.073422842733e-04, 0.0000e+00, 0.0000e+00, 
 2DIAGNOSTIC,    23, -5.296979213759e-01, 1.671418803485e-04, 0.0000e+00, 0.0000e+00, 
 2DIAGNOSTIC,    24, -5.297041286238e-01, 8.960830127695e-05, 0.0000e+00, 0.0000e+00, 
 2DIAGNOSTIC,    25, -5.296290054081e-01, 3.397098732252e-05, 0.0000e+00, 0.0000e+00, 
 2DIAGNOSTIC,    26, -5.296327218503e-01, 1.843244376405e-05, 0.0000e+00, 0.0000e+00, 
 2DIAGNOSTIC,    27, -5.296343878562e-01, 9.198776094121e-06, 0.0000e+00, 0.0000e+00, 
 2DIAGNOSTIC,    28, -5.296343859120e-01, 3.419194342325e-06, 0.0000e+00, 0.0000e+00, 
DIAGNOSTIC,Iteration,metricValue,convergenceValue,ITERATION_TIME_INDEX,SINCE_LAST
 2DIAGNOSTIC,     1, -4.331414691402e-01, 1.797693134862e+308, 0.0000e+00, 0.0000e+00, 
 2DIAGNOSTIC,     2, -4.337059132871e-01, 1.797693134862e+308, 0.0000e+00, 0.0000e+00, 
 2DIAGNOSTIC,     3, -4.343671721947e-01, 1.797693134862e+308, 0.0000e+00, 0.0000e+00, 
 2DIAGNOSTIC,     4, -4.354900278794e-01, 1.797693134862e+308, 0.0000e+00, 0.0000e+00, 
 2DIAGNOSTIC,     5, -4.367776551868e-01, 1.797693134862e+308, 0.0000e+00, 0.0000e+00, 
 2DIAGNOSTIC,     6, -4.376300649833e-01, 1.797693134862e+308, 0.0000e+00, 0.0000e+00, 
 2DIAGNOSTIC,     7, -4.393873162116e-01, 1.797693134862e+308, 0.0000e+00, 0.0000e+00, 
 2DIAGNOSTIC,     8, -4.395119453004e-01, 1.797693134862e+308, 0.0000e+00, 0.0000e+00, 
 2DIAGNOSTIC,     9, -4.398513079392e-01, 1.797693134862e+308, 0.0000e+00, 0.0000e+00, 
 2DIAGNOSTIC,    10, -4.403175506122e-01, 1.181411772781e-03, 0.0000e+00, 0.0000e+00, 
 2DIAGNOSTIC,    11, -4.412213646131e-01, 1.027332530862e-03, 0.0000e+00, 0.0000e+00, 
 2DIAGNOSTIC,    12, -4.415859925861e-01, 8.558073342182e-04, 0.0000e+00, 0.0000e+00, 
 2DIAGNOSTIC,    13, -4.418734715312e-01, 6.809860374231e-04, 0.0000e+00, 0.0000e+00, 
 2DIAGNOSTIC,    14, -4.420717293380e-01, 5.311470017810e-04, 0.0000e+00, 0.0000e+00, 
 2DIAGNOSTIC,    15, -4.422398232822e-01, 4.156325276558e-04, 0.0000e+00, 0.0000e+00, 
 2DIAGNOSTIC,    16, -4.422661504218e-01, 3.099316984767e-04, 0.0000e+00, 0.0000e+00, 
 2DIAGNOSTIC,    17, -4.426679466780e-01, 2.706973795728e-04, 0.0000e+00, 0.0000e+00, 
 2DIAGNOSTIC,    18, -4.438175601751e-01, 2.566267707594e-04, 0.0000e+00, 0.0000e+00, 
 2DIAGNOSTIC,    19, -4.442806935491e-01, 2.467498652951e-04, 0.0000e+00, 0.0000e+00, 
 2DIAGNOSTIC,    20, -4.443598100637e-01, 2.322969718730e-04, 0.0000e+00, 0.0000e+00, 
 2DIAGNOSTIC,    21, -4.443707089577e-01, 2.263692848980e-04, 0.0000e+00, 0.0000e+00, 
 2DIAGNOSTIC,    22, -4.443776342707e-01, 2.107248024491e-04, 0.0000e+00, 0.0000e+00, 
 2DIAGNOSTIC,    23, -4.443726479768e-01, 1.841159794479e-04, 0.0000e+00, 0.0000e+00, 
 2DIAGNOSTIC,    24, -4.443593337485e-01, 1.473248104300e-04, 0.0000e+00, 0.0000e+00, 
 2DIAGNOSTIC,    25, -4.443541274209e-01, 1.045187251444e-04, 0.0000e+00, 0.0000e+00, 
 2DIAGNOSTIC,    26, -4.443480419104e-01, 5.605712560595e-05, 0.0000e+00, 0.0000e+00, 
 2DIAGNOSTIC,    27, -4.443426493135e-01, 1.488303235558e-05, 0.0000e+00, 0.0000e+00, 
 2DIAGNOSTIC,    28, -4.443375650114e-01, 1.438732787747e-06, 0.0000e+00, 0.0000e+00, 
DIAGNOSTIC,Iteration,metricValue,convergenceValue,ITERATION_TIME_INDEX,SINCE_LAST
 2DIAGNOSTIC,     1, -3.883291927525e-01, 1.797693134862e+308, 0.0000e+00, 0.0000e+00, 
 2DIAGNOSTIC,     2, -3.884314541034e-01, 1.797693134862e+308, 0.0000e+00, 0.0000e+00, 
 2DIAGNOSTIC,     3, -3.886664820281e-01, 1.797693134862e+308, 0.0000e+00, 0.0000e+00, 
 2DIAGNOSTIC,     4, -3.890252561897e-01, 1.797693134862e+308, 0.0000e+00, 0.0000e+00, 
 2DIAGNOSTIC,     5, -3.893547495365e-01, 1.797693134862e+308, 1.2800e+02, 1.2800e+02, 
 2DIAGNOSTIC,     6, -3.895006062542e-01, 1.797693134862e+308, 1.2800e+02, 0.0000e+00, 
 2DIAGNOSTIC,     7, -3.896907002465e-01, 1.797693134862e+308, 1.2800e+02, 0.0000e+00, 
 2DIAGNOSTIC,     8, -3.897923747447e-01, 1.797693134862e+308, 1.2800e+02, 0.0000e+00, 
 2DIAGNOSTIC,     9, -3.898543776596e-01, 1.797693134862e+308, 1.2800e+02, 0.0000e+00, 
 2DIAGNOSTIC,    10, -3.898986588035e-01, 2.906966732802e-04, 1.2800e+02, 0.0000e+00, 
 2DIAGNOSTIC,    11, -3.899604121997e-01, 2.300783665152e-04, 1.2800e+02, 0.0000e+00, 
 2DIAGNOSTIC,    12, -3.900666467412e-01, 1.718039085847e-04, 1.2800e+02, 0.0000e+00, 
 2DIAGNOSTIC,    13, -3.901069903136e-01, 1.222378822179e-04, 1.2800e+02, 0.0000e+00, 
 2DIAGNOSTIC,    14, -3.901295335671e-01, 8.849654396188e-05, 1.2800e+02, 0.0000e+00, 
 2DIAGNOSTIC,    15, -3.902193586742e-01, 7.179166072736e-05, 1.2800e+02, 0.0000e+00, 
 2DIAGNOSTIC,    16, -3.902977921275e-01, 6.072151063700e-05, 1.2800e+02, 0.0000e+00, 
 2DIAGNOSTIC,    17, -3.904265465028e-01, 5.904027576153e-05, 1.2800e+02, 0.0000e+00, 
 2DIAGNOSTIC,    18, -3.905727926831e-01, 6.220142034241e-05, 1.2800e+02, 0.0000e+00, 
 2DIAGNOSTIC,    19, -3.906728441053e-01, 6.560964755251e-05, 1.2800e+02, 0.0000e+00, 
 2DIAGNOSTIC,    20, -3.906992160502e-01, 6.528515777931e-05, 1.2800e+02, 0.0000e+00, 
 2DIAGNOSTIC,    21, -3.907895908428e-01, 6.428743755692e-05, 1.2800e+02, 0.0000e+00, 
 2DIAGNOSTIC,    22, -3.908173585327e-01, 6.185869664166e-05, 1.2800e+02, 0.0000e+00, 
 2DIAGNOSTIC,    23, -3.908201181157e-01, 5.532801997934e-05, 1.2800e+02, 0.0000e+00, 
 2DIAGNOSTIC,    24, -3.908214154513e-01, 4.500654382752e-05, 1.2800e+02, 0.0000e+00, 
 2DIAGNOSTIC,    25, -3.908217443064e-01, 3.406788002382e-05, 1.2800e+02, 0.0000e+00, 
 2DIAGNOSTIC,    26, -3.908215721919e-01, 2.302647353618e-05, 1.2800e+02, 0.0000e+00, 
 2DIAGNOSTIC,    27, -3.908209538815e-01, 1.411896922483e-05, 1.2800e+02, 0.0000e+00, 
 2DIAGNOSTIC,    28, -3.908259999597e-01, 8.533891526281e-06, 1.2800e+02, 0.0000e+00, 
 2DIAGNOSTIC,    29, -3.908324210070e-01, 5.326143487625e-06, 1.2800e+02, 0.0000e+00, 
 2DIAGNOSTIC,    30, -3.908419034455e-01, 2.746421761693e-06, 1.2800e+02, 0.0000e+00, 
 2DIAGNOSTIC,    31, -3.908874433138e-01, 3.347803966047e-06, 1.2800e+02, 0.0000e+00, 
 2DIAGNOSTIC,    32, -3.910087553404e-01, 7.058855430925e-06, 1.2800e+02, 0.0000e+00, 
 2DIAGNOSTIC,    33, -3.910151588411e-01, 1.010751931382e-05, 1.2800e+02, 0.0000e+00, 
 2DIAGNOSTIC,    34, -3.910163146409e-01, 1.220051006535e-05, 1.2800e+02, 0.0000e+00, 
 2DIAGNOSTIC,    35, -3.910177860821e-01, 1.317727999918e-05, 1.2800e+02, 0.0000e+00, 
 2DIAGNOSTIC,    36, -3.910178042866e-01, 1.290984100319e-05, 1.2800e+02, 0.0000e+00, 
 2DIAGNOSTIC,    37, -3.910178032543e-01, 1.145867974295e-05, 1.2800e+02, 0.0000e+00, 
 2DIAGNOSTIC,    38, -3.910177901572e-01, 9.173685417783e-06, 1.2800e+02, 0.0000e+00, 
 2DIAGNOSTIC,    39, -3.910177752979e-01, 6.372536516357e-06, 1.2800e+02, 0.0000e+00, 
 2DIAGNOSTIC,    40, -3.910178428162e-01, 3.359942446414e-06, 1.2800e+02, 0.0000e+00, 
DIAGNOSTIC,Iteration,metricValue,convergenceValue,ITERATION_TIME_INDEX,SINCE_LAST
 2DIAGNOSTIC,     1, -3.637406168932e-01, 1.797693134862e+308, 1.2800e+02, 0.0000e+00, 
 2DIAGNOSTIC,     2, -3.638864962440e-01, 1.797693134862e+308, 1.2800e+02, 0.0000e+00, 
 2DIAGNOSTIC,     3, -3.640800155564e-01, 1.797693134862e+308, 1.2800e+02, 0.0000e+00, 
 2DIAGNOSTIC,     4, -3.642275974817e-01, 1.797693134862e+308, 1.2800e+02, 0.0000e+00, 
 2DIAGNOSTIC,     5, -3.642489820001e-01, 1.797693134862e+308, 1.2800e+02, 0.0000e+00, 
 2DIAGNOSTIC,     6, -3.642721861611e-01, 1.797693134862e+308, 1.2800e+02, 0.0000e+00, 
 2DIAGNOSTIC,     7, -3.643352808751e-01, 1.797693134862e+308, 1.2800e+02, 0.0000e+00, 
 2DIAGNOSTIC,     8, -3.644288996683e-01, 1.797693134862e+308, 1.2800e+02, 0.0000e+00, 
 2DIAGNOSTIC,     9, -3.645009206868e-01, 1.797693134862e+308, 1.2800e+02, 0.0000e+00, 
 2DIAGNOSTIC,    10, -3.648579279424e-01, 1.555723106510e-04, 1.2800e+02, 0.0000e+00, 
 2DIAGNOSTIC,    11, -3.654915270343e-01, 1.851910679838e-04, 1.2800e+02, 0.0000e+00, 
 2DIAGNOSTIC,    12, -3.660506701329e-01, 2.381595657212e-04, 1.2800e+02, 0.0000e+00, 
 2DIAGNOSTIC,    13, -3.661898813341e-01, 2.811386165225e-04, 1.2800e+02, 0.0000e+00, 
 2DIAGNOSTIC,    14, -3.661942795508e-01, 3.017119075197e-04, 2.5600e+02, 1.2800e+02, 
 2DIAGNOSTIC,    15, -3.661927943509e-01, 2.934236387355e-04, 2.5600e+02, 0.0000e+00, 
 2DIAGNOSTIC,    16, -3.661931633125e-01, 2.600673866437e-04, 2.5600e+02, 0.0000e+00, 
 2DIAGNOSTIC,    17, -3.661928817160e-01, 2.093919690537e-04, 2.5600e+02, 0.0000e+00, 
 2DIAGNOSTIC,    18, -3.661926147964e-01, 1.495851305672e-04, 2.5600e+02, 0.0000e+00, 
 2DIAGNOSTIC,    19, -3.661923494088e-01, 8.557990188299e-05, 2.5600e+02, 0.0000e+00, 
 2DIAGNOSTIC,    20, -3.661924813562e-01, 3.373895064124e-05, 2.5600e+02, 0.0000e+00, 
 2DIAGNOSTIC,    21, -3.661923187760e-01, 6.796709631017e-06, 2.5600e+02, 0.0000e+00, 
 2DIAGNOSTIC,    22, -3.661922922453e-01, 1.451462246331e-06, 2.5600e+02, 0.0000e+00, 
 2DIAGNOSTIC,    23, -3.661922589931e-01, 1.275314436402e-06, 2.5600e+02, 0.0000e+00, 
 2DIAGNOSTIC,    24, -3.661922979095e-01, 1.269580452344e-06, 2.5600e+02, 0.0000e+00, 
 2DIAGNOSTIC,    25, -3.661922177012e-01, 1.220479762844e-06, 2.5600e+02, 0.0000e+00, 
 2DIAGNOSTIC,    26, -3.661922059260e-01, 1.191148449729e-06, 2.5600e+02, 0.0000e+00, 
 2DIAGNOSTIC,    27, -3.661920444729e-01, 1.154745330328e-06, 2.5600e+02, 0.0000e+00, 
 2DIAGNOSTIC,    28, -3.661920397993e-01, 1.116122925422e-06, 2.5600e+02, 0.0000e+00, 
 2DIAGNOSTIC,    29, -3.661920401068e-01, 1.074931062502e-06, 2.5600e+02, 0.0000e+00, 
 2DIAGNOSTIC,    30, -3.661920400891e-01, 1.042244809957e-06, 2.5600e+02, 0.0000e+00, 
 2DIAGNOSTIC,    31, -3.661920384933e-01, 1.009500976971e-06, 2.5600e+02, 0.0000e+00, 
  Elapsed time (stage 0): 3.8400e+02


Total elapsed time: 3.8400e+02
Info [verificarlo]: loaded backend libinterflop_ieee.so
Info [interflop-ieee]: load backend with:
Info [interflop-ieee]: debug = false
Info [interflop-ieee]: debug-binary = false
Info [interflop-ieee]: no-backend-name = false
Info [interflop-ieee]: print-new-line = false
Info [interflop-ieee]: print-subnormal-normalized = false
Info [interflop-ieee]: count-op = false
All_Command_lines_OK
Using double precision for computations.
=============================================================================
The composite transform comprises the following transforms (in order): 
  1. /home/mdugre/scratch/mri-registration-rp/datasets/ds004513/derivatives/mri-registration-rp/0100/antsRegistration-r7-p23/sub-s014/rigid_Composite.h5[0] (type = Euler3DTransform)
  2. /home/mdugre/scratch/mri-registration-rp/datasets/ds004513/derivatives/mri-registration-rp/0100/antsRegistration-r7-p23/sub-s014/rigid_Composite.h5[1] (type = Euler3DTransform)
  3. /home/mdugre/scratch/mri-registration-rp/datasets/ds004513/derivatives/mri-registration-rp/0100/antsRegistration-r7-p23/sub-s014/rigid_Composite.h5[2] (type = Euler3DTransform)
=============================================================================
  number of levels = 4
  fixed image: /templateflow/tpl-MNI152NLin2009cAsym/tpl-MNI152NLin2009cAsym_res-01_desc-brain_T1w.nii.gz
  moving image: /home/mdugre/scratch/mri-registration-rp/datasets/ds004513/derivatives/mri-registration-rp/antsBrainExtraction/sub-s014/BrainExtractionBrain.nii.gz
Dimension = 3
Number of stages = 1
Use histogram matching = false
Winsorize image intensities = true
  Lower quantile = 0.005
  Upper quantile = 0.995


Stage 1 State
   Image metric = MattesMI
     Fixed image = Image (0x490b7e0)
  RTTI typeinfo:   itk::Image<double, 3u>
  Reference Count: 2
  Modified Time: 1594
  Debug: Off
  Object Name: 
  Observers: 
    none
  Source: (none)
  Source output name: (none)
  Release Data: Off
  Data Released: False
  Global Release Data: Off
  PipelineMTime: 0
  UpdateMTime: 1203
  RealTimeStamp: 0 seconds 
  LargestPossibleRegion: 
    Dimension: 3
    Index: [0, 0, 0]
    Size: [193, 229, 193]
  BufferedRegion: 
    Dimension: 3
    Index: [0, 0, 0]
    Size: [193, 229, 193]
  RequestedRegion: 
    Dimension: 3
    Index: [0, 0, 0]
    Size: [193, 229, 193]
  Spacing: [1, 1, 1]
  Origin: [96, 132, -78]
  Direction: 
-1 0 0
0 -1 0
0 0 1

  IndexToPointMatrix: 
-1 0 0
0 -1 0
0 0 1

  PointToIndexMatrix: 
-1 0 0
0 -1 0
0 0 1

  Inverse Direction: 
-1 0 0
0 -1 0
0 0 1

  PixelContainer: 
    ImportImageContainer (0x49cba20)
      RTTI typeinfo:   itk::ImportImageContainer<unsigned long, double>
      Reference Count: 1
      Modified Time: 1200
      Debug: Off
      Object Name: 
      Observers: 
        none
      Pointer: 0x146fea96b010
      Container manages memory: true
      Size: 8530021
      Capacity: 8530021

     Moving image = Image (0x49d6840)
  RTTI typeinfo:   itk::Image<double, 3u>
  Reference Count: 2
  Modified Time: 1595
  Debug: Off
  Object Name: 
  Observers: 
    none
  Source: (none)
  Source output name: (none)
  Release Data: Off
  Data Released: False
  Global Release Data: Off
  PipelineMTime: 0
  UpdateMTime: 1592
  RealTimeStamp: 0 seconds 
  LargestPossibleRegion: 
    Dimension: 3
    Index: [0, 0, 0]
    Size: [160, 240, 256]
  BufferedRegion: 
    Dimension: 3
    Index: [0, 0, 0]
    Size: [160, 240, 256]
  RequestedRegion: 
    Dimension: 3
    Index: [0, 0, 0]
    Size: [160, 240, 256]
  Spacing: [0.999999, 1, 1]
  Origin: [84.1637, 106.709, -120.531]
  Direction: 
-0.999619 -0.0226874 -0.0157033
0.0226846 -0.999743 0.00035635
-0.0157073 -7.8229e-09 0.999877

  IndexToPointMatrix: 
-0.999619 -0.0226874 -0.0157033
0.0226845 -0.999743 0.00035635
-0.0157073 -7.8229e-09 0.999877

  PointToIndexMatrix: 
-0.99962 0.0226846 -0.0157073
-0.0226874 -0.999743 -7.83127e-09
-0.0157033 0.00035635 0.999877

  Inverse Direction: 
-0.999619 0.0226846 -0.0157073
-0.0226874 -0.999743 -7.83127e-09
-0.0157033 0.00035635 0.999877

  PixelContainer: 
    ImportImageContainer (0x497ec90)
      RTTI typeinfo:   itk::ImportImageContainer<unsigned long, double>
      Reference Count: 1
      Modified Time: 1589
      Debug: Off
      Object Name: 
      Observers: 
        none
      Pointer: 0x146fe5e6a010
      Container manages memory: true
      Size: 9830400
      Capacity: 9830400

     Weighting = 1
     Sampling strategy = regular
     Number of bins = 32
     Radius = 4
     Sampling percentage  = 0.25
   Transform = Affine
     Gradient step = 0.1
     Update field sigma (voxel space) = 0
     Total field sigma (voxel space) = 0
     Update field time sigma = 0
     Total field time sigma  = 0
     Number of time indices = 0
     Number of time point samples = 0
Registration using 1 total stages.

Stage 0
  iterations = 1000x500x250x100
  convergence threshold = 1e-06
  convergence window size = 10
  number of levels = 4
  using the Mattes MI metric (number of bins = 32, weight = 1, use gradient filter = 0)
  preprocessing:  winsorizing the image intensities
  Shrink factors (level 1 out of 4): [8, 8, 8]
  Shrink factors (level 2 out of 4): [4, 4, 4]
  Shrink factors (level 3 out of 4): [2, 2, 2]
  Shrink factors (level 4 out of 4): [1, 1, 1]
  smoothing sigmas per level: [3, 2, 1, 0]
  regular sampling (percentage = 0.25)

*** Running AffineTransform registration ***

DIAGNOSTIC,Iteration,metricValue,convergenceValue,ITERATION_TIME_INDEX,SINCE_LAST
 2DIAGNOSTIC,     1, -5.241028793191e-01, 1.797693134862e+308, 8.6237e-01, 8.6237e-01, 
 2DIAGNOSTIC,     2, -5.259606230684e-01, 1.797693134862e+308, 8.6797e-01, 5.6012e-03, 
 2DIAGNOSTIC,     3, -5.290945430659e-01, 1.797693134862e+308, 8.7316e-01, 5.1861e-03, 
 2DIAGNOSTIC,     4, -5.342883684670e-01, 1.797693134862e+308, 8.7814e-01, 4.9820e-03, 
 2DIAGNOSTIC,     5, -5.420746269463e-01, 1.797693134862e+308, 8.8318e-01, 5.0399e-03, 
 2DIAGNOSTIC,     6, -5.520574801022e-01, 1.797693134862e+308, 8.8901e-01, 5.8320e-03, 
 2DIAGNOSTIC,     7, -5.924410174220e-01, 1.797693134862e+308, 8.9538e-01, 6.3682e-03, 
 2DIAGNOSTIC,     8, -6.797598883433e-01, 1.797693134862e+308, 9.0131e-01, 5.9249e-03, 
 2DIAGNOSTIC,     9, -7.269631980010e-01, 1.797693134862e+308, 9.0657e-01, 5.2660e-03, 
 2DIAGNOSTIC,    10, -7.503464046615e-01, 2.559572712963e-02, 9.1331e-01, 6.7420e-03, 
 2DIAGNOSTIC,    11, -7.590903421389e-01, 2.677475861149e-02, 9.1920e-01, 5.8908e-03, 
 2DIAGNOSTIC,    12, -7.613311751734e-01, 2.550420545528e-02, 9.2523e-01, 6.0260e-03, 
 2DIAGNOSTIC,    13, -7.637342874245e-01, 2.234518430558e-02, 9.3138e-01, 6.1538e-03, 
 2DIAGNOSTIC,    14, -7.707829135256e-01, 1.807663244287e-02, 9.3889e-01, 7.5018e-03, 
 2DIAGNOSTIC,    15, -7.837416629298e-01, 1.346261858101e-02, 9.4465e-01, 5.7662e-03, 
 2DIAGNOSTIC,    16, -8.024187499332e-01, 9.071731174490e-03, 9.5100e-01, 6.3469e-03, 
 2DIAGNOSTIC,    17, -8.074912579284e-01, 5.557688057071e-03, 9.5770e-01, 6.6972e-03, 
 2DIAGNOSTIC,    18, -8.083167652974e-01, 4.035147183983e-03, 9.6310e-01, 5.4049e-03, 
 2DIAGNOSTIC,    19, -8.122366183398e-01, 3.438397650834e-03, 9.6853e-01, 5.4309e-03, 
 2DIAGNOSTIC,    20, -8.148284105164e-01, 3.117506365331e-03, 9.7484e-01, 6.3090e-03, 
 2DIAGNOSTIC,    21, -8.180281982239e-01, 2.769351965711e-03, 9.8198e-01, 7.1352e-03, 
 2DIAGNOSTIC,    22, -8.195992390054e-01, 2.272688080558e-03, 9.8730e-01, 5.3229e-03, 
 2DIAGNOSTIC,    23, -8.212443048450e-01, 1.689732435175e-03, 9.9258e-01, 5.2800e-03, 
 2DIAGNOSTIC,    24, -8.232795026199e-01, 1.154179439183e-03, 9.9783e-01, 5.2471e-03, 
 2DIAGNOSTIC,    25, -8.263248830899e-01, 8.048788460866e-04, 1.0037e+00, 5.8961e-03, 
 2DIAGNOSTIC,    26, -8.301042806108e-01, 7.482877005664e-04, 1.0102e+00, 6.4330e-03, 
 2DIAGNOSTIC,    27, -8.352743978616e-01, 7.745179297559e-04, 1.0189e+00, 8.6968e-03, 
 2DIAGNOSTIC,    28, -8.354009653581e-01, 7.375842051187e-04, 1.0246e+00, 5.7900e-03, 
 2DIAGNOSTIC,    29, -8.356886747947e-01, 6.913027503212e-04, 1.0309e+00, 6.2480e-03, 
 2DIAGNOSTIC,    30, -8.355808488127e-01, 6.149504566862e-04, 1.0372e+00, 6.2912e-03, 
 2DIAGNOSTIC,    31, -8.353775326017e-01, 5.224417283459e-04, 1.0430e+00, 5.8630e-03, 
 2DIAGNOSTIC,    32, -8.353105008538e-01, 4.044131203526e-04, 1.0483e+00, 5.2359e-03, 
 2DIAGNOSTIC,    33, -8.352800380271e-01, 2.750875591917e-04, 1.0547e+00, 6.4321e-03, 
 2DIAGNOSTIC,    34, -8.352414591833e-01, 1.509936594546e-04, 1.0600e+00, 5.2748e-03, 
 2DIAGNOSTIC,    35, -8.349944018151e-01, 5.036066385471e-05, 1.0653e+00, 5.2738e-03, 
DIAGNOSTIC,Iteration,metricValue,convergenceValue,ITERATION_TIME_INDEX,SINCE_LAST
 2DIAGNOSTIC,     1, -6.786496008692e-01, 1.797693134862e+308, 1.8271e+00, 7.6179e-01, 
 2DIAGNOSTIC,     2, -6.794015059123e-01, 1.797693134862e+308, 1.8650e+00, 3.7977e-02, 
 2DIAGNOSTIC,     3, -6.800599760480e-01, 1.797693134862e+308, 1.9036e+00, 3.8577e-02, 
 2DIAGNOSTIC,     4, -6.806121486180e-01, 1.797693134862e+308, 1.9410e+00, 3.7390e-02, 
 2DIAGNOSTIC,     5, -6.815517255660e-01, 1.797693134862e+308, 1.9797e+00, 3.8731e-02, 
 2DIAGNOSTIC,     6, -6.838454793104e-01, 1.797693134862e+308, 2.0186e+00, 3.8843e-02, 
 2DIAGNOSTIC,     7, -6.894918043850e-01, 1.797693134862e+308, 2.0696e+00, 5.0989e-02, 
 2DIAGNOSTIC,     8, -6.896173355128e-01, 1.797693134862e+308, 2.1078e+00, 3.8253e-02, 
 2DIAGNOSTIC,     9, -6.899528820015e-01, 1.797693134862e+308, 2.1452e+00, 3.7359e-02, 
 2DIAGNOSTIC,    10, -6.909129856119e-01, 1.361740586405e-03, 2.1885e+00, 4.3373e-02, 
 2DIAGNOSTIC,    11, -6.910468937021e-01, 1.224328251270e-03, 2.2394e+00, 5.0844e-02, 
 2DIAGNOSTIC,    12, -6.910406134834e-01, 1.023287200670e-03, 2.2837e+00, 4.4273e-02, 
 2DIAGNOSTIC,    13, -6.911838469819e-01, 7.876694467832e-04, 2.3278e+00, 4.4161e-02, 
 2DIAGNOSTIC,    14, -6.922822595569e-01, 5.658240317929e-04, 2.3675e+00, 3.9724e-02, 
 2DIAGNOSTIC,    15, -6.927538309467e-01, 3.600927482955e-04, 2.4073e+00, 3.9735e-02, 
 2DIAGNOSTIC,    16, -6.928485034907e-01, 2.051114569556e-04, 2.4495e+00, 4.2174e-02, 
 2DIAGNOSTIC,    17, -6.929625876952e-01, 1.907606788118e-04, 2.4923e+00, 4.2810e-02, 
 2DIAGNOSTIC,    18, -6.931359219206e-01, 1.675061684252e-04, 2.5365e+00, 4.4226e-02, 
 2DIAGNOSTIC,    19, -6.933071252499e-01, 1.413167621844e-04, 2.6535e+00, 1.1704e-01, 
 2DIAGNOSTIC,    20, -6.933071115082e-01, 1.243047853497e-04, 2.6917e+00, 3.8152e-02, 
 2DIAGNOSTIC,    21, -6.933071339291e-01, 1.005403074127e-04, 2.7299e+00, 3.8177e-02, 
 2DIAGNOSTIC,    22, -6.933071718367e-01, 6.990396033792e-05, 2.7703e+00, 4.0451e-02, 
 2DIAGNOSTIC,    23, -6.933072359123e-01, 3.760857540856e-05, 2.8089e+00, 3.8555e-02, 
 2DIAGNOSTIC,    24, -6.933073441883e-01, 2.325950633787e-05, 2.8472e+00, 3.8327e-02, 
 2DIAGNOSTIC,    25, -6.933075270398e-01, 1.579994992303e-05, 2.8858e+00, 3.8586e-02, 
 2DIAGNOSTIC,    26, -6.933078359282e-01, 9.083192969175e-06, 2.9245e+00, 3.8738e-02, 
 2DIAGNOSTIC,    27, -6.933083571263e-01, 3.831790654003e-06, 2.9626e+00, 3.8067e-02, 
 2DIAGNOSTIC,    28, -6.933092349109e-01, 1.198854901775e-06, 3.0007e+00, 3.8139e-02, 
 2DIAGNOSTIC,    29, -6.933107112119e-01, 1.195711267110e-06, 3.0388e+00, 3.8080e-02, 
 2DIAGNOSTIC,    30, -6.933131776969e-01, 1.217248100212e-06, 3.0767e+00, 3.7906e-02, 
 2DIAGNOSTIC,    31, -6.933049576558e-01, 1.113523123694e-06, 3.1177e+00, 4.0980e-02, 
 2DIAGNOSTIC,    32, -6.933075019231e-01, 1.045277408809e-06, 3.1554e+00, 3.7703e-02, 
DIAGNOSTIC,Iteration,metricValue,convergenceValue,ITERATION_TIME_INDEX,SINCE_LAST
 2DIAGNOSTIC,     1, -5.886844253937e-01, 1.797693134862e+308, 4.3922e+00, 1.2369e+00, 
 2DIAGNOSTIC,     2, -5.892057388504e-01, 1.797693134862e+308, 4.7149e+00, 3.2261e-01, 
 2DIAGNOSTIC,     3, -5.899095930830e-01, 1.797693134862e+308, 5.0484e+00, 3.3354e-01, 
 2DIAGNOSTIC,     4, -5.907368758547e-01, 1.797693134862e+308, 5.3655e+00, 3.1708e-01, 
 2DIAGNOSTIC,     5, -5.921118353462e-01, 1.797693134862e+308, 5.7020e+00, 3.3654e-01, 
 2DIAGNOSTIC,     6, -5.925235728188e-01, 1.797693134862e+308, 6.0455e+00, 3.4348e-01, 
 2DIAGNOSTIC,     7, -5.931667640695e-01, 1.797693134862e+308, 6.4084e+00, 3.6292e-01, 
 2DIAGNOSTIC,     8, -5.933012609045e-01, 1.797693134862e+308, 6.9298e+00, 5.2134e-01, 
 2DIAGNOSTIC,     9, -5.932964888931e-01, 1.797693134862e+308, 7.3293e+00, 3.9956e-01, 
 2DIAGNOSTIC,    10, -5.932951644449e-01, 5.685135620419e-04, 7.6676e+00, 3.3832e-01, 
 2DIAGNOSTIC,    11, -5.932929861820e-01, 4.178317510263e-04, 7.9748e+00, 3.0715e-01, 
 2DIAGNOSTIC,    12, -5.932895707060e-01, 2.758205414145e-04, 8.3265e+00, 3.5167e-01, 
 2DIAGNOSTIC,    13, -5.932864824039e-01, 1.567369937482e-04, 8.6475e+00, 3.2106e-01, 
 2DIAGNOSTIC,    14, -5.932869147982e-01, 6.823116416241e-05, 8.9682e+00, 3.2068e-01, 
 2DIAGNOSTIC,    15, -5.932863037073e-01, 2.944016944066e-05, 9.3136e+00, 3.4537e-01, 
 2DIAGNOSTIC,    16, -5.932856904561e-01, 4.826564330082e-06, 9.6720e+00, 3.5842e-01, 
DIAGNOSTIC,Iteration,metricValue,convergenceValue,ITERATION_TIME_INDEX,SINCE_LAST
 2DIAGNOSTIC,     1, -5.271023235157e-01, 1.797693134862e+308, 1.2864e+01, 3.1923e+00, 
 2DIAGNOSTIC,     2, -5.273373916456e-01, 1.797693134862e+308, 1.4820e+01, 1.9557e+00, 
 2DIAGNOSTIC,     3, -5.274531588864e-01, 1.797693134862e+308, 1.6768e+01, 1.9477e+00, 
 2DIAGNOSTIC,     4, -5.275222820305e-01, 1.797693134862e+308, 1.9992e+01, 3.2240e+00, 
 2DIAGNOSTIC,     5, -5.275287881791e-01, 1.797693134862e+308, 2.1845e+01, 1.8534e+00, 
 2DIAGNOSTIC,     6, -5.275325611116e-01, 1.797693134862e+308, 2.3685e+01, 1.8398e+00, 
 2DIAGNOSTIC,     7, -5.275356449051e-01, 1.797693134862e+308, 2.5540e+01, 1.8549e+00, 
 2DIAGNOSTIC,     8, -5.275394676045e-01, 1.797693134862e+308, 2.7536e+01, 1.9964e+00, 
 2DIAGNOSTIC,     9, -5.275428277873e-01, 1.797693134862e+308, 2.9504e+01, 1.9675e+00, 
 2DIAGNOSTIC,    10, -5.275500856263e-01, 4.061277045105e-05, 3.1396e+01, 1.8921e+00, 
 2DIAGNOSTIC,    11, -5.275635519132e-01, 1.909328418682e-05, 3.3237e+01, 1.8412e+00, 
 2DIAGNOSTIC,    12, -5.275779680211e-01, 1.078883269794e-05, 3.6814e+01, 3.5766e+00, 
 2DIAGNOSTIC,    13, -5.275784430692e-01, 7.759739431804e-06, 3.9151e+01, 2.3374e+00, 
 2DIAGNOSTIC,    14, -5.275784229356e-01, 7.347689781251e-06, 4.4839e+01, 5.6884e+00, 
 2DIAGNOSTIC,    15, -5.275784229350e-01, 6.762632055665e-06, 4.9483e+01, 4.6433e+00, 
 2DIAGNOSTIC,    16, -5.275784229350e-01, 5.942397313052e-06, 5.2030e+01, 2.5475e+00, 
 2DIAGNOSTIC,    17, -5.275784229350e-01, 4.944583172482e-06, 5.4105e+01, 2.0744e+00, 
 2DIAGNOSTIC,    18, -5.275784229350e-01, 3.892619649462e-06, 5.6131e+01, 2.0267e+00, 
 2DIAGNOSTIC,    19, -5.275784229350e-01, 2.855079253399e-06, 5.8141e+01, 2.0095e+00, 
 2DIAGNOSTIC,    20, -5.275784229350e-01, 2.001594309728e-06, 6.0231e+01, 2.0906e+00, 
 2DIAGNOSTIC,    21, -5.275784229350e-01, 1.526135947852e-06, 6.2264e+01, 2.0328e+00, 
 2DIAGNOSTIC,    22, -5.275784229350e-01, 1.445556401219e-06, 6.4306e+01, 2.0412e+00, 
 2DIAGNOSTIC,    23, -5.275784229350e-01, 1.383171768558e-06, 6.6444e+01, 2.1380e+00, 
 2DIAGNOSTIC,    24, -5.275784229350e-01, 1.325534368886e-06, 6.8649e+01, 2.2051e+00, 
 2DIAGNOSTIC,    25, -5.275784229350e-01, 1.272508350664e-06, 7.0482e+01, 1.8329e+00, 
 2DIAGNOSTIC,    26, -5.275784229350e-01, 1.223561600400e-06, 7.2676e+01, 2.1940e+00, 
 2DIAGNOSTIC,    27, -5.275784229350e-01, 1.178240829340e-06, 7.4721e+01, 2.0456e+00, 
 2DIAGNOSTIC,    28, -5.275784229350e-01, 1.136157509303e-06, 7.6767e+01, 2.0461e+00, 
 2DIAGNOSTIC,    29, -5.275784229350e-01, 1.096976706347e-06, 7.8765e+01, 1.9979e+00, 
 2DIAGNOSTIC,    30, -5.275784229350e-01, 1.060408147527e-06, 8.0821e+01, 2.0562e+00, 
 2DIAGNOSTIC,    31, -5.275784229350e-01, 1.026199017228e-06, 8.3076e+01, 2.2542e+00, 
  Elapsed time (stage 0): 8.4225e+01


Total elapsed time: 8.4227e+01
Info [verificarlo]: loaded backend libinterflop_ieee.so
Info [interflop-ieee]: load backend with:
Info [interflop-ieee]: debug = false
Info [interflop-ieee]: debug-binary = false
Info [interflop-ieee]: no-backend-name = false
Info [interflop-ieee]: print-new-line = false
Info [interflop-ieee]: print-subnormal-normalized = false
Info [interflop-ieee]: count-op = false
All_Command_lines_OK
Using double precision for computations.
=============================================================================
The composite transform comprises the following transforms (in order): 
  1. /home/mdugre/scratch/mri-registration-rp/datasets/ds004513/derivatives/mri-registration-rp/0100/antsRegistration-r7-p23/sub-s014/affine_Composite.h5[0] (type = Euler3DTransform)
  2. /home/mdugre/scratch/mri-registration-rp/datasets/ds004513/derivatives/mri-registration-rp/0100/antsRegistration-r7-p23/sub-s014/affine_Composite.h5[1] (type = Euler3DTransform)
  3. /home/mdugre/scratch/mri-registration-rp/datasets/ds004513/derivatives/mri-registration-rp/0100/antsRegistration-r7-p23/sub-s014/affine_Composite.h5[2] (type = Euler3DTransform)
