
##########################
# Experiment information #
##########################

EXPERIMENT_NAME: antsRegistration-r8-p22
VFC_BACKENDS: libinterflop_vprec.so --range-binary32=8 --precision-binary32=22 --range-binary64=8 --precision-binary64=22

SIF_IMG: /home/mdugre/projects/rrg-glatard/mdugre/containers/ants-vprec-no_metrics.simg

SUBJECT_ID: s033
INPUT_IMG: /home/mdugre/scratch/mri-registration-rp/datasets/ds004513/derivatives/mri-registration-rp/antsBrainExtraction/sub-s033/BrainExtractionBrain.nii.gz
OUTPUT_DIR: /home/mdugre/scratch/mri-registration-rp/datasets/ds004513/derivatives/mri-registration-rp/0100/antsRegistration-r8-p22/sub-s033

FIXED_IMG: /templateflow/tpl-MNI152NLin2009cAsym/tpl-MNI152NLin2009cAsym_res-01_desc-brain_T1w.nii.gz
DATA_DIR: /home/mdugre/scratch/mri-registration-rp/datasets/ds004513
TEMPLATEFLOW_DIR: /home/mdugre/projects/rrg-glatard/mdugre/templateflow
ITK_GLOBAL_DEFAULT_NUMBER_OF_THREADS: 16
##########################

Info [verificarlo]: loaded backend libinterflop_ieee.so
Info [interflop-ieee]: load backend with:
Info [interflop-ieee]: debug = false
Info [interflop-ieee]: debug-binary = false
Info [interflop-ieee]: no-backend-name = false
Info [interflop-ieee]: print-new-line = false
Info [interflop-ieee]: print-subnormal-normalized = false
Info [interflop-ieee]: count-op = false
All_Command_lines_OK
Using double precision for computations.
=============================================================================
The composite transform comprises the following transforms (in order): 
  1. Center of mass alignment using fixed image: /templateflow/tpl-MNI152NLin2009cAsym/tpl-MNI152NLin2009cAsym_res-01_desc-brain_T1w.nii.gz and moving image: /home/mdugre/scratch/mri-registration-rp/datasets/ds004513/derivatives/mri-registration-rp/antsBrainExtraction/sub-s033/BrainExtractionBrain.nii.gz (type = Euler3DTransform)
=============================================================================
  number of levels = 1
  fixed image: /templateflow/tpl-MNI152NLin2009cAsym/tpl-MNI152NLin2009cAsym_res-01_desc-brain_T1w.nii.gz
  moving image: /home/mdugre/scratch/mri-registration-rp/datasets/ds004513/derivatives/mri-registration-rp/antsBrainExtraction/sub-s033/BrainExtractionBrain.nii.gz
Dimension = 3
Number of stages = 1
Use histogram matching = false
Winsorize image intensities = true
  Lower quantile = 0.005
  Upper quantile = 0.995


Stage 1 State
   Image metric = MattesMI
     Fixed image = Image (0x442de70)
  RTTI typeinfo:   itk::Image<double, 3u>
  Reference Count: 2
  Modified Time: 2330
  Debug: Off
  Object Name: 
  Observers: 
    none
  Source: (none)
  Source output name: (none)
  Release Data: Off
  Data Released: False
  Global Release Data: Off
  PipelineMTime: 0
  UpdateMTime: 1941
  RealTimeStamp: 0 seconds 
  LargestPossibleRegion: 
    Dimension: 3
    Index: [0, 0, 0]
    Size: [193, 229, 193]
  BufferedRegion: 
    Dimension: 3
    Index: [0, 0, 0]
    Size: [193, 229, 193]
  RequestedRegion: 
    Dimension: 3
    Index: [0, 0, 0]
    Size: [193, 229, 193]
  Spacing: [1, 1, 1]
  Origin: [96, 132, -78]
  Direction: 
-1 0 0
0 -1 0
0 0 1

  IndexToPointMatrix: 
-1 0 0
0 -1 0
0 0 1

  PointToIndexMatrix: 
-1 0 0
0 -1 0
0 0 1

  Inverse Direction: 
-1 0 0
0 -1 0
0 0 1

  PixelContainer: 
    ImportImageContainer (0x4436c60)
      RTTI typeinfo:   itk::ImportImageContainer<unsigned long, double>
      Reference Count: 1
      Modified Time: 1938
      Debug: Off
      Object Name: 
      Observers: 
        none
      Pointer: 0x1525d186b010
      Container manages memory: true
      Size: 8530021
      Capacity: 8530021

     Moving image = Image (0x4430540)
  RTTI typeinfo:   itk::Image<double, 3u>
  Reference Count: 2
  Modified Time: 2331
  Debug: Off
  Object Name: 
  Observers: 
    none
  Source: (none)
  Source output name: (none)
  Release Data: Off
  Data Released: False
  Global Release Data: Off
  PipelineMTime: 0
  UpdateMTime: 2328
  RealTimeStamp: 0 seconds 
  LargestPossibleRegion: 
    Dimension: 3
    Index: [0, 0, 0]
    Size: [160, 240, 256]
  BufferedRegion: 
    Dimension: 3
    Index: [0, 0, 0]
    Size: [160, 240, 256]
  RequestedRegion: 
    Dimension: 3
    Index: [0, 0, 0]
    Size: [160, 240, 256]
  Spacing: [1, 1, 1]
  Origin: [91.5134, 94.282, -109.927]
  Direction: 
-0.99591 -0.0698718 -0.0572835
0.0697565 -0.997556 0.00401236
-0.0574239 5.01125e-08 0.99835

  IndexToPointMatrix: 
-0.99591 -0.0698718 -0.0572835
0.0697565 -0.997556 0.00401236
-0.0574239 5.01125e-08 0.99835

  PointToIndexMatrix: 
-0.99591 0.0697565 -0.0574239
-0.0698718 -0.997556 5.01483e-08
-0.0572835 0.00401236 0.99835

  Inverse Direction: 
-0.99591 0.0697565 -0.0574239
-0.0698718 -0.997556 5.01483e-08
-0.0572835 0.00401236 0.99835

  PixelContainer: 
    ImportImageContainer (0x4542610)
      RTTI typeinfo:   itk::ImportImageContainer<unsigned long, double>
      Reference Count: 1
      Modified Time: 2325
      Debug: Off
      Object Name: 
      Observers: 
        none
      Pointer: 0x1525ccd6a010
      Container manages memory: true
      Size: 9830400
      Capacity: 9830400

     Weighting = 1
     Sampling strategy = regular
     Number of bins = 32
     Radius = 4
     Sampling percentage  = 0.25
   Transform = Rigid
     Gradient step = 0.1
     Update field sigma (voxel space) = 0
     Total field sigma (voxel space) = 0
     Update field time sigma = 0
     Total field time sigma  = 0
     Number of time indices = 0
     Number of time point samples = 0
Registration using 1 total stages.

Stage 0
  iterations = 0
  convergence threshold = 1e-06
  convergence window size = 10
  number of levels = 1
  using the Mattes MI metric (number of bins = 32, weight = 1, use gradient filter = 0)
  preprocessing:  winsorizing the image intensities
  Shrink factors (level 1 out of 1): [1, 1, 1]
  smoothing sigmas per level: [0]
  regular sampling (percentage = 0.25)

*** Running Euler3DTransform registration ***

  Elapsed time (stage 0): 1.1341


Total elapsed time: 1.13646
Info [verificarlo]: loaded backend libinterflop_vprec.so
Info [interflop-vprec]: load backend with: 
Info [interflop-vprec]: precision-binary32 = 22
Info [interflop-vprec]: range-binary32 = 8
Info [interflop-vprec]: precision-binary64 = 22
Info [interflop-vprec]: range-binary64 = 8
Info [interflop-vprec]: mode = ob
Info [interflop-vprec]: error-mode = rel
Info [interflop-vprec]: max-abs-error-exponent = -1022
Info [interflop-vprec]: daz = false
Info [interflop-vprec]: ftz = false
Info [interflop-vprec]: 	instrument = none
Info [interflop-vprec]: 	prec-input-file = (null)
Info [interflop-vprec]: 	prec-output-file = (null)
Info [interflop-vprec]: 	prec-log-file = (null)
All_Command_lines_OK
Using double precision for computations.
=============================================================================
The composite transform comprises the following transforms (in order): 
  1. /home/mdugre/scratch/mri-registration-rp/datasets/ds004513/derivatives/mri-registration-rp/0100/antsRegistration-r8-p22/sub-s033/align_Composite.h5[0] (type = Euler3DTransform)
  2. /home/mdugre/scratch/mri-registration-rp/datasets/ds004513/derivatives/mri-registration-rp/0100/antsRegistration-r8-p22/sub-s033/align_Composite.h5[1] (type = Euler3DTransform)
=============================================================================
  number of levels = 4
  fixed image: /templateflow/tpl-MNI152NLin2009cAsym/tpl-MNI152NLin2009cAsym_res-01_desc-brain_T1w.nii.gz
  moving image: /home/mdugre/scratch/mri-registration-rp/datasets/ds004513/derivatives/mri-registration-rp/antsBrainExtraction/sub-s033/BrainExtractionBrain.nii.gz
Dimension = 3
Number of stages = 1
Use histogram matching = false
Winsorize image intensities = true
  Lower quantile = 0.005
  Upper quantile = 0.995


Stage 1 State
   Image metric = MattesMI
     Fixed image = Image (0x42c61e0)
  RTTI typeinfo:   itk::Image<double, 3u>
  Reference Count: 2
  Modified Time: 1578
  Debug: Off
  Object Name: 
  Observers: 
    none
  Source: (none)
  Source output name: (none)
  Release Data: Off
  Data Released: False
  Global Release Data: Off
  PipelineMTime: 0
  UpdateMTime: 1189
  RealTimeStamp: 0 seconds 
  LargestPossibleRegion: 
    Dimension: 3
    Index: [0, 0, 0]
    Size: [193, 229, 193]
  BufferedRegion: 
    Dimension: 3
    Index: [0, 0, 0]
    Size: [193, 229, 193]
  RequestedRegion: 
    Dimension: 3
    Index: [0, 0, 0]
    Size: [193, 229, 193]
  Spacing: [1, 1, 1]
  Origin: [96, 132, -78]
  Direction: 
-1 0 0
0 -1 0
0 0 1

  IndexToPointMatrix: 
-1 0 0
0 -1 0
0 0 1

  PointToIndexMatrix: 
-1 0 0
0 -1 0
0 0 1

  Inverse Direction: 
-1 0 0
0 -1 0
0 0 1

  PixelContainer: 
    ImportImageContainer (0x4385680)
      RTTI typeinfo:   itk::ImportImageContainer<unsigned long, double>
      Reference Count: 1
      Modified Time: 1186
      Debug: Off
      Object Name: 
      Observers: 
        none
      Pointer: 0x14679b84f010
      Container manages memory: true
      Size: 8530021
      Capacity: 8530021

     Moving image = Image (0x4381b20)
  RTTI typeinfo:   itk::Image<double, 3u>
  Reference Count: 2
  Modified Time: 1579
  Debug: Off
  Object Name: 
  Observers: 
    none
  Source: (none)
  Source output name: (none)
  Release Data: Off
  Data Released: False
  Global Release Data: Off
  PipelineMTime: 0
  UpdateMTime: 1576
  RealTimeStamp: 0 seconds 
  LargestPossibleRegion: 
    Dimension: 3
    Index: [0, 0, 0]
    Size: [160, 240, 256]
  BufferedRegion: 
    Dimension: 3
    Index: [0, 0, 0]
    Size: [160, 240, 256]
  RequestedRegion: 
    Dimension: 3
    Index: [0, 0, 0]
    Size: [160, 240, 256]
  Spacing: [1, 1, 1]
  Origin: [91.5134, 94.282, -109.927]
  Direction: 
-0.99591 -0.0698718 -0.0572835
0.0697565 -0.997556 0.00401236
-0.0574239 5.01125e-08 0.99835

  IndexToPointMatrix: 
-0.99591 -0.0698718 -0.0572835
0.0697565 -0.997556 0.00401236
-0.0574239 5.01125e-08 0.99835

  PointToIndexMatrix: 
-0.99591 0.0697565 -0.0574239
-0.0698718 -0.997556 -1.57394e-07
-0.0572835 0.00401239 0.99835

  Inverse Direction: 
-0.99591 0.0697565 -0.0574239
-0.0698718 -0.997556 -1.57394e-07
-0.0572835 0.00401239 0.99835

  PixelContainer: 
    ImportImageContainer (0x43ead50)
      RTTI typeinfo:   itk::ImportImageContainer<unsigned long, double>
      Reference Count: 1
      Modified Time: 1573
      Debug: Off
      Object Name: 
      Observers: 
        none
      Pointer: 0x146796d4e010
      Container manages memory: true
      Size: 9830400
      Capacity: 9830400

     Weighting = 1
     Sampling strategy = regular
     Number of bins = 32
     Radius = 4
     Sampling percentage  = 0.25
   Transform = Rigid
     Gradient step = 0.1
     Update field sigma (voxel space) = 0
     Total field sigma (voxel space) = 0
     Update field time sigma = 0
     Total field time sigma  = 0
     Number of time indices = 0
     Number of time point samples = 0
Registration using 1 total stages.

Stage 0
  iterations = 1000x500x250x100
  convergence threshold = 1e-06
  convergence window size = 10
  number of levels = 4
  using the Mattes MI metric (number of bins = 32, weight = 1, use gradient filter = 0)
  preprocessing:  winsorizing the image intensities
  Shrink factors (level 1 out of 4): [8, 8, 8]
  Shrink factors (level 2 out of 4): [4, 4, 4]
  Shrink factors (level 3 out of 4): [2, 2, 2]
  Shrink factors (level 4 out of 4): [1, 1, 1]
  smoothing sigmas per level: [3, 2, 1, 0]
  regular sampling (percentage = 0.25)

*** Running Euler3DTransform registration ***

DIAGNOSTIC,Iteration,metricValue,convergenceValue,ITERATION_TIME_INDEX,SINCE_LAST
 2DIAGNOSTIC,     1, -4.945358417336e-01, 1.797693134862e+308, 0.0000e+00, 0.0000e+00, 
 2DIAGNOSTIC,     2, -4.961561251864e-01, 1.797693134862e+308, 0.0000e+00, 0.0000e+00, 
 2DIAGNOSTIC,     3, -4.991262242626e-01, 1.797693134862e+308, 0.0000e+00, 0.0000e+00, 
 2DIAGNOSTIC,     4, -5.030433574316e-01, 1.797693134862e+308, 0.0000e+00, 0.0000e+00, 
 2DIAGNOSTIC,     5, -5.059193323095e-01, 1.797693134862e+308, 0.0000e+00, 0.0000e+00, 
 2DIAGNOSTIC,     6, -5.092979147201e-01, 1.797693134862e+308, 0.0000e+00, 0.0000e+00, 
 2DIAGNOSTIC,     7, -5.206203752771e-01, 1.797693134862e+308, 0.0000e+00, 0.0000e+00, 
 2DIAGNOSTIC,     8, -5.236863117051e-01, 1.797693134862e+308, 0.0000e+00, 0.0000e+00, 
 2DIAGNOSTIC,     9, -5.262385794958e-01, 1.797693134862e+308, 0.0000e+00, 0.0000e+00, 
 2DIAGNOSTIC,    10, -5.306196454678e-01, 4.918987498779e-03, 0.0000e+00, 0.0000e+00, 
 2DIAGNOSTIC,    11, -5.459916444513e-01, 5.219406581266e-03, 0.0000e+00, 0.0000e+00, 
 2DIAGNOSTIC,    12, -5.733795072231e-01, 6.278032464607e-03, 0.0000e+00, 0.0000e+00, 
 2DIAGNOSTIC,    13, -6.122656771640e-01, 8.270370217211e-03, 0.0000e+00, 0.0000e+00, 
 2DIAGNOSTIC,    14, -6.253798381740e-01, 9.807743925105e-03, 0.0000e+00, 0.0000e+00, 
 2DIAGNOSTIC,    15, -6.298092532994e-01, 1.049049123015e-02, 0.0000e+00, 0.0000e+00, 
 2DIAGNOSTIC,    16, -6.312797887898e-01, 1.028034344467e-02, 0.0000e+00, 0.0000e+00, 
 2DIAGNOSTIC,    17, -6.324187745389e-01, 9.525325391379e-03, 0.0000e+00, 0.0000e+00, 
 2DIAGNOSTIC,    18, -6.332799173149e-01, 8.089519781218e-03, 0.0000e+00, 0.0000e+00, 
 2DIAGNOSTIC,    19, -6.346875280513e-01, 6.189622324345e-03, 0.0000e+00, 0.0000e+00, 
 2DIAGNOSTIC,    20, -6.353636337503e-01, 4.069748146047e-03, 0.0000e+00, 0.0000e+00, 
 2DIAGNOSTIC,    21, -6.354387353217e-01, 2.165304164942e-03, 0.0000e+00, 0.0000e+00, 
 2DIAGNOSTIC,    22, -6.356314863537e-01, 8.583950642324e-04, 0.0000e+00, 0.0000e+00, 
 2DIAGNOSTIC,    23, -6.359823298191e-01, 4.377911562164e-04, 0.0000e+00, 0.0000e+00, 
 2DIAGNOSTIC,    24, -6.363575104549e-01, 2.903025317491e-04, 0.0000e+00, 0.0000e+00, 
 2DIAGNOSTIC,    25, -6.375947514063e-01, 2.396074589073e-04, 0.0000e+00, 0.0000e+00, 
 2DIAGNOSTIC,    26, -6.378089291222e-01, 2.020818502520e-04, 0.0000e+00, 0.0000e+00, 
 2DIAGNOSTIC,    27, -6.379863219113e-01, 1.728016371487e-04, 0.0000e+00, 0.0000e+00, 
 2DIAGNOSTIC,    28, -6.378815405193e-01, 1.424540755148e-04, 0.0000e+00, 0.0000e+00, 
 2DIAGNOSTIC,    29, -6.378970406029e-01, 1.245696176303e-04, 0.0000e+00, 0.0000e+00, 
 2DIAGNOSTIC,    30, -6.391612346880e-01, 1.273524445959e-04, 0.0000e+00, 0.0000e+00, 
 2DIAGNOSTIC,    31, -6.402992641719e-01, 1.362362174204e-04, 0.0000e+00, 0.0000e+00, 
 2DIAGNOSTIC,    32, -6.403296880424e-01, 1.350141482549e-04, 0.0000e+00, 0.0000e+00, 
 2DIAGNOSTIC,    33, -6.405872961656e-01, 1.306530051691e-04, 0.0000e+00, 0.0000e+00, 
 2DIAGNOSTIC,    34, -6.406005132255e-01, 1.194330311635e-04, 0.0000e+00, 0.0000e+00, 
 2DIAGNOSTIC,    35, -6.406669142130e-01, 1.150717922997e-04, 0.0000e+00, 0.0000e+00, 
 2DIAGNOSTIC,    36, -6.407490204723e-01, 1.036969944950e-04, 0.0000e+00, 0.0000e+00, 
 2DIAGNOSTIC,    37, -6.410235284069e-01, 8.924199595586e-05, 0.0000e+00, 0.0000e+00, 
 2DIAGNOSTIC,    38, -6.413977675886e-01, 7.085686310515e-05, 0.0000e+00, 0.0000e+00, 
 2DIAGNOSTIC,    39, -6.420876074383e-01, 5.502917277879e-05, 0.0000e+00, 0.0000e+00, 
 2DIAGNOSTIC,    40, -6.421155800800e-01, 4.968791661283e-05, 0.0000e+00, 0.0000e+00, 
 2DIAGNOSTIC,    41, -6.421527621156e-01, 5.365529030196e-05, 0.0000e+00, 0.0000e+00, 
 2DIAGNOSTIC,    42, -6.422807855562e-01, 5.414036666123e-05, 0.0000e+00, 0.0000e+00, 
 2DIAGNOSTIC,    43, -6.421688418501e-01, 5.098806674742e-05, 0.0000e+00, 0.0000e+00, 
 2DIAGNOSTIC,    44, -6.425356347677e-01, 4.720795195668e-05, 0.0000e+00, 0.0000e+00, 
 2DIAGNOSTIC,    45, -6.433575417610e-01, 4.836980402459e-05, 0.0000e+00, 0.0000e+00, 
 2DIAGNOSTIC,    46, -6.442553231259e-01, 5.476196455318e-05, 0.0000e+00, 0.0000e+00, 
 2DIAGNOSTIC,    47, -6.445537391303e-01, 6.126767566794e-05, 0.0000e+00, 0.0000e+00, 
 2DIAGNOSTIC,    48, -6.449854586566e-01, 6.950935016275e-05, 0.0000e+00, 0.0000e+00, 
 2DIAGNOSTIC,    49, -6.463419148073e-01, 9.028570423347e-05, 0.0000e+00, 0.0000e+00, 
 2DIAGNOSTIC,    50, -6.465816693114e-01, 1.036438919181e-04, 0.0000e+00, 0.0000e+00, 
 2DIAGNOSTIC,    51, -6.467256031650e-01, 1.082200750399e-04, 0.0000e+00, 0.0000e+00, 
 2DIAGNOSTIC,    52, -6.470369582974e-01, 1.065167556813e-04, 0.0000e+00, 0.0000e+00, 
 2DIAGNOSTIC,    53, -6.471385382796e-01, 9.461711171402e-05, 0.0000e+00, 0.0000e+00, 
 2DIAGNOSTIC,    54, -6.471850364786e-01, 7.746301724437e-05, 0.0000e+00, 0.0000e+00, 
 2DIAGNOSTIC,    55, -6.471046224392e-01, 5.967830232190e-05, 0.0000e+00, 0.0000e+00, 
 2DIAGNOSTIC,    56, -6.472206324714e-01, 4.543358427418e-05, 0.0000e+00, 0.0000e+00, 
 2DIAGNOSTIC,    57, -6.471442545224e-01, 2.919861277420e-05, 0.0000e+00, 0.0000e+00, 
 2DIAGNOSTIC,    58, -6.472136548465e-01, 1.452423515795e-05, 0.0000e+00, 0.0000e+00, 
 2DIAGNOSTIC,    59, -6.473150900330e-01, 1.042984896251e-05, 0.0000e+00, 0.0000e+00, 
 2DIAGNOSTIC,    60, -6.472102066588e-01, 6.558412750175e-06, 0.0000e+00, 0.0000e+00, 
 2DIAGNOSTIC,    61, -6.472325691242e-01, 3.477775257069e-06, 0.0000e+00, 0.0000e+00, 
 2DIAGNOSTIC,    62, -6.471437246692e-01, 1.848217166193e-06, 0.0000e+00, 0.0000e+00, 
DIAGNOSTIC,Iteration,metricValue,convergenceValue,ITERATION_TIME_INDEX,SINCE_LAST
 2DIAGNOSTIC,     1, -5.359490748958e-01, 1.797693134862e+308, 0.0000e+00, 0.0000e+00, 
 2DIAGNOSTIC,     2, -5.368781696675e-01, 1.797693134862e+308, 0.0000e+00, 0.0000e+00, 
 2DIAGNOSTIC,     3, -5.381934169503e-01, 1.797693134862e+308, 0.0000e+00, 0.0000e+00, 
 2DIAGNOSTIC,     4, -5.397212968342e-01, 1.797693134862e+308, 0.0000e+00, 0.0000e+00, 
 2DIAGNOSTIC,     5, -5.412990166271e-01, 1.797693134862e+308, 0.0000e+00, 0.0000e+00, 
 2DIAGNOSTIC,     6, -5.426963037142e-01, 1.797693134862e+308, 0.0000e+00, 0.0000e+00, 
 2DIAGNOSTIC,     7, -5.434814288998e-01, 1.797693134862e+308, 0.0000e+00, 0.0000e+00, 
 2DIAGNOSTIC,     8, -5.437572061662e-01, 1.797693134862e+308, 0.0000e+00, 0.0000e+00, 
 2DIAGNOSTIC,     9, -5.445612013149e-01, 1.797693134862e+308, 0.0000e+00, 0.0000e+00, 
 2DIAGNOSTIC,    10, -5.452712826026e-01, 1.154697540010e-03, 0.0000e+00, 0.0000e+00, 
 2DIAGNOSTIC,    11, -5.453174557521e-01, 9.235880491959e-04, 0.0000e+00, 0.0000e+00, 
 2DIAGNOSTIC,    12, -5.453162759707e-01, 6.896115079327e-04, 0.0000e+00, 0.0000e+00, 
 2DIAGNOSTIC,    13, -5.454895656774e-01, 4.898434163637e-04, 0.0000e+00, 0.0000e+00, 
 2DIAGNOSTIC,    14, -5.458346756946e-01, 3.432269346651e-04, 0.0000e+00, 0.0000e+00, 
 2DIAGNOSTIC,    15, -5.459171765409e-01, 2.414147023398e-04, 0.0000e+00, 0.0000e+00, 
 2DIAGNOSTIC,    16, -5.467848860269e-01, 2.043995257485e-04, 0.0000e+00, 0.0000e+00, 
 2DIAGNOSTIC,    17, -5.476091517472e-01, 2.024890915810e-04, 0.0000e+00, 0.0000e+00, 
 2DIAGNOSTIC,    18, -5.479962955619e-01, 2.006574694506e-04, 0.0000e+00, 0.0000e+00, 
 2DIAGNOSTIC,    19, -5.484339234833e-01, 2.143752227244e-04, 0.0000e+00, 0.0000e+00, 
 2DIAGNOSTIC,    20, -5.484659320021e-01, 2.263695867929e-04, 0.0000e+00, 0.0000e+00, 
 2DIAGNOSTIC,    21, -5.484773972302e-01, 2.177244167183e-04, 0.0000e+00, 0.0000e+00, 
 2DIAGNOSTIC,    22, -5.484455355586e-01, 1.886497945443e-04, 0.0000e+00, 0.0000e+00, 
 2DIAGNOSTIC,    23, -5.484399403734e-01, 1.483171772868e-04, 0.0000e+00, 0.0000e+00, 
 2DIAGNOSTIC,    24, -5.484400024256e-01, 1.053770396673e-04, 0.0000e+00, 0.0000e+00, 
 2DIAGNOSTIC,    25, -5.484317258718e-01, 5.743721761835e-05, 0.0000e+00, 0.0000e+00, 
 2DIAGNOSTIC,    26, -5.484236095163e-01, 2.493101561857e-05, 0.0000e+00, 0.0000e+00, 
 2DIAGNOSTIC,    27, -5.484048022272e-01, 8.079082072024e-06, 0.0000e+00, 0.0000e+00, 
DIAGNOSTIC,Iteration,metricValue,convergenceValue,ITERATION_TIME_INDEX,SINCE_LAST
 2DIAGNOSTIC,     1, -4.668784255463e-01, 1.797693134862e+308, 0.0000e+00, 0.0000e+00, 
 2DIAGNOSTIC,     2, -4.670174874541e-01, 1.797693134862e+308, 0.0000e+00, 0.0000e+00, 
 2DIAGNOSTIC,     3, -4.670961229226e-01, 1.797693134862e+308, 0.0000e+00, 0.0000e+00, 
 2DIAGNOSTIC,     4, -4.671157784105e-01, 1.797693134862e+308, 0.0000e+00, 0.0000e+00, 
 2DIAGNOSTIC,     5, -4.671275182398e-01, 1.797693134862e+308, 0.0000e+00, 0.0000e+00, 
 2DIAGNOSTIC,     6, -4.671724397411e-01, 1.797693134862e+308, 0.0000e+00, 0.0000e+00, 
 2DIAGNOSTIC,     7, -4.672318047414e-01, 1.797693134862e+308, 0.0000e+00, 0.0000e+00, 
 2DIAGNOSTIC,     8, -4.672650781318e-01, 1.797693134862e+308, 0.0000e+00, 0.0000e+00, 
 2DIAGNOSTIC,     9, -4.673819722432e-01, 1.797693134862e+308, 0.0000e+00, 0.0000e+00, 
 2DIAGNOSTIC,    10, -4.673892209916e-01, 6.458521050769e-05, 0.0000e+00, 0.0000e+00, 
 2DIAGNOSTIC,    11, -4.673881951864e-01, 5.198034547683e-05, 0.0000e+00, 0.0000e+00, 
 2DIAGNOSTIC,    12, -4.673885235579e-01, 4.408586606690e-05, 0.0000e+00, 0.0000e+00, 
 2DIAGNOSTIC,    13, -4.673877705349e-01, 3.727101370631e-05, 0.0000e+00, 0.0000e+00, 
 2DIAGNOSTIC,    14, -4.673870679940e-01, 2.904939371660e-05, 0.0000e+00, 0.0000e+00, 
 2DIAGNOSTIC,    15, -4.673863197799e-01, 1.990206333155e-05, 0.0000e+00, 0.0000e+00, 
 2DIAGNOSTIC,    16, -4.673865015110e-01, 1.200493746210e-05, 0.0000e+00, 0.0000e+00, 
 2DIAGNOSTIC,    17, -4.673863781253e-01, 6.254023451176e-06, 0.0000e+00, 0.0000e+00, 
 2DIAGNOSTIC,    18, -4.673878904220e-01, 1.801947873338e-06, 0.0000e+00, 0.0000e+00, 
 2DIAGNOSTIC,    19, -4.673874886676e-01, 1.536715621246e-06, 0.0000e+00, 0.0000e+00, 
 2DIAGNOSTIC,    20, -4.673887050392e-01, 1.569930416855e-06, 0.0000e+00, 0.0000e+00, 
 2DIAGNOSTIC,    21, -4.673879122745e-01, 1.547721640995e-06, 0.0000e+00, 0.0000e+00, 
 2DIAGNOSTIC,    22, -4.673871172383e-01, 1.512109008756e-06, 0.0000e+00, 0.0000e+00, 
 2DIAGNOSTIC,    23, -4.673861803792e-01, 1.429142368135e-06, 0.0000e+00, 0.0000e+00, 
 2DIAGNOSTIC,    24, -4.673853504687e-01, 1.310315605560e-06, 0.0000e+00, 0.0000e+00, 
 2DIAGNOSTIC,    25, -4.673854162273e-01, 1.185664756022e-06, 0.0000e+00, 0.0000e+00, 
 2DIAGNOSTIC,    26, -4.673855892973e-01, 1.086881663032e-06, 0.0000e+00, 0.0000e+00, 
 2DIAGNOSTIC,    27, -4.673856032295e-01, 1.005056719218e-06, 0.0000e+00, 0.0000e+00, 
 2DIAGNOSTIC,    28, -4.673867204259e-01, 1.003176091613e-06, 0.0000e+00, 0.0000e+00, 
 2DIAGNOSTIC,    29, -4.673867907322e-01, 1.005415539657e-06, 0.0000e+00, 0.0000e+00, 
 2DIAGNOSTIC,    30, -4.673867971247e-01, 1.041009849594e-06, 0.0000e+00, 0.0000e+00, 
 2DIAGNOSTIC,    31, -4.673860279206e-01, 1.045610063817e-06, 0.0000e+00, 0.0000e+00, 
 2DIAGNOSTIC,    32, -4.673860549867e-01, 1.034019767657e-06, 0.0000e+00, 0.0000e+00, 
DIAGNOSTIC,Iteration,metricValue,convergenceValue,ITERATION_TIME_INDEX,SINCE_LAST
 2DIAGNOSTIC,     1, -4.256530984484e-01, 1.797693134862e+308, 0.0000e+00, 0.0000e+00, 
 2DIAGNOSTIC,     2, -4.257108257024e-01, 1.797693134862e+308, 0.0000e+00, 0.0000e+00, 
 2DIAGNOSTIC,     3, -4.258191346860e-01, 1.797693134862e+308, 0.0000e+00, 0.0000e+00, 
 2DIAGNOSTIC,     4, -4.258898397787e-01, 1.797693134862e+308, 0.0000e+00, 0.0000e+00, 
 2DIAGNOSTIC,     5, -4.259423490285e-01, 1.797693134862e+308, 0.0000e+00, 0.0000e+00, 
 2DIAGNOSTIC,     6, -4.259950077432e-01, 1.797693134862e+308, 0.0000e+00, 0.0000e+00, 
 2DIAGNOSTIC,     7, -4.260474839380e-01, 1.797693134862e+308, 0.0000e+00, 0.0000e+00, 
 2DIAGNOSTIC,     8, -4.260474805974e-01, 1.797693134862e+308, 0.0000e+00, 0.0000e+00, 
 2DIAGNOSTIC,     9, -4.260471166682e-01, 1.797693134862e+308, 0.0000e+00, 0.0000e+00, 
 2DIAGNOSTIC,    10, -4.260472950201e-01, 6.527342754391e-05, 0.0000e+00, 0.0000e+00, 
 2DIAGNOSTIC,    11, -4.260471818043e-01, 4.558368248936e-05, 0.0000e+00, 0.0000e+00, 
 2DIAGNOSTIC,    12, -4.260471512215e-01, 2.841842935063e-05, 0.0000e+00, 0.0000e+00, 
 2DIAGNOSTIC,    13, -4.260470889872e-01, 1.708617723299e-05, 0.0000e+00, 0.0000e+00, 
 2DIAGNOSTIC,    14, -4.260470713124e-01, 9.411637159742e-06, 0.0000e+00, 0.0000e+00, 
 2DIAGNOSTIC,    15, -4.260470775546e-01, 4.405323991111e-06, 0.0000e+00, 0.0000e+00, 
 2DIAGNOSTIC,    16, -4.260470751799e-01, 1.947922814646e-06, 0.0000e+00, 0.0000e+00, 
 2DIAGNOSTIC,    17, -4.260470685654e-01, 1.842386054683e-06, 0.0000e+00, 0.0000e+00, 
 2DIAGNOSTIC,    18, -4.260470779032e-01, 1.751656605355e-06, 2.5600e+02, 2.5600e+02, 
 2DIAGNOSTIC,    19, -4.260470810219e-01, 1.658766287972e-06, 2.5600e+02, 0.0000e+00, 
 2DIAGNOSTIC,    20, -4.260470987258e-01, 1.582966508054e-06, 2.5600e+02, 0.0000e+00, 
 2DIAGNOSTIC,    21, -4.260470984991e-01, 1.511246913048e-06, 2.5600e+02, 0.0000e+00, 
 2DIAGNOSTIC,    22, -4.260471199258e-01, 1.445945710485e-06, 2.5600e+02, 0.0000e+00, 
 2DIAGNOSTIC,    23, -4.260471200420e-01, 1.384314347687e-06, 2.5600e+02, 0.0000e+00, 
 2DIAGNOSTIC,    24, -4.260471207868e-01, 1.327025510062e-06, 2.5600e+02, 0.0000e+00, 
 2DIAGNOSTIC,    25, -4.260471122800e-01, 1.273922161149e-06, 2.5600e+02, 0.0000e+00, 
 2DIAGNOSTIC,    26, -4.260471133068e-01, 1.224554096110e-06, 2.5600e+02, 0.0000e+00, 
 2DIAGNOSTIC,    27, -4.260471162276e-01, 1.178460808236e-06, 2.5600e+02, 0.0000e+00, 
 2DIAGNOSTIC,    28, -4.260471166793e-01, 1.135687818274e-06, 2.5600e+02, 0.0000e+00, 
 2DIAGNOSTIC,    29, -4.260471160823e-01, 1.095790349112e-06, 2.5600e+02, 0.0000e+00, 
 2DIAGNOSTIC,    30, -4.260470102224e-01, 1.056546415225e-06, 2.5600e+02, 0.0000e+00, 
 2DIAGNOSTIC,    31, -4.260470078819e-01, 1.020033610202e-06, 2.5600e+02, 0.0000e+00, 
  Elapsed time (stage 0): 2.5600e+02


Total elapsed time: 2.5600e+02
Info [verificarlo]: loaded backend libinterflop_ieee.so
Info [interflop-ieee]: load backend with:
Info [interflop-ieee]: debug = false
Info [interflop-ieee]: debug-binary = false
Info [interflop-ieee]: no-backend-name = false
Info [interflop-ieee]: print-new-line = false
Info [interflop-ieee]: print-subnormal-normalized = false
Info [interflop-ieee]: count-op = false
All_Command_lines_OK
Using double precision for computations.
=============================================================================
The composite transform comprises the following transforms (in order): 
  1. /home/mdugre/scratch/mri-registration-rp/datasets/ds004513/derivatives/mri-registration-rp/0100/antsRegistration-r8-p22/sub-s033/rigid_Composite.h5[0] (type = Euler3DTransform)
  2. /home/mdugre/scratch/mri-registration-rp/datasets/ds004513/derivatives/mri-registration-rp/0100/antsRegistration-r8-p22/sub-s033/rigid_Composite.h5[1] (type = Euler3DTransform)
  3. /home/mdugre/scratch/mri-registration-rp/datasets/ds004513/derivatives/mri-registration-rp/0100/antsRegistration-r8-p22/sub-s033/rigid_Composite.h5[2] (type = Euler3DTransform)
=============================================================================
  number of levels = 4
  fixed image: /templateflow/tpl-MNI152NLin2009cAsym/tpl-MNI152NLin2009cAsym_res-01_desc-brain_T1w.nii.gz
  moving image: /home/mdugre/scratch/mri-registration-rp/datasets/ds004513/derivatives/mri-registration-rp/antsBrainExtraction/sub-s033/BrainExtractionBrain.nii.gz
Dimension = 3
Number of stages = 1
Use histogram matching = false
Winsorize image intensities = true
  Lower quantile = 0.005
  Upper quantile = 0.995


Stage 1 State
   Image metric = MattesMI
     Fixed image = Image (0x46557e0)
  RTTI typeinfo:   itk::Image<double, 3u>
  Reference Count: 2
  Modified Time: 1592
  Debug: Off
  Object Name: 
  Observers: 
    none
  Source: (none)
  Source output name: (none)
  Release Data: Off
  Data Released: False
  Global Release Data: Off
  PipelineMTime: 0
  UpdateMTime: 1203
  RealTimeStamp: 0 seconds 
  LargestPossibleRegion: 
    Dimension: 3
    Index: [0, 0, 0]
    Size: [193, 229, 193]
  BufferedRegion: 
    Dimension: 3
    Index: [0, 0, 0]
    Size: [193, 229, 193]
  RequestedRegion: 
    Dimension: 3
    Index: [0, 0, 0]
    Size: [193, 229, 193]
  Spacing: [1, 1, 1]
  Origin: [96, 132, -78]
  Direction: 
-1 0 0
0 -1 0
0 0 1

  IndexToPointMatrix: 
-1 0 0
0 -1 0
0 0 1

  PointToIndexMatrix: 
-1 0 0
0 -1 0
0 0 1

  Inverse Direction: 
-1 0 0
0 -1 0
0 0 1

  PixelContainer: 
    ImportImageContainer (0x4720880)
      RTTI typeinfo:   itk::ImportImageContainer<unsigned long, double>
      Reference Count: 1
      Modified Time: 1200
      Debug: Off
      Object Name: 
      Observers: 
        none
      Pointer: 0x14c9dc05d010
      Container manages memory: true
      Size: 8530021
      Capacity: 8530021

     Moving image = Image (0x4711050)
  RTTI typeinfo:   itk::Image<double, 3u>
  Reference Count: 2
  Modified Time: 1593
  Debug: Off
  Object Name: 
  Observers: 
    none
  Source: (none)
  Source output name: (none)
  Release Data: Off
  Data Released: False
  Global Release Data: Off
  PipelineMTime: 0
  UpdateMTime: 1590
  RealTimeStamp: 0 seconds 
  LargestPossibleRegion: 
    Dimension: 3
    Index: [0, 0, 0]
    Size: [160, 240, 256]
  BufferedRegion: 
    Dimension: 3
    Index: [0, 0, 0]
    Size: [160, 240, 256]
  RequestedRegion: 
    Dimension: 3
    Index: [0, 0, 0]
    Size: [160, 240, 256]
  Spacing: [1, 1, 1]
  Origin: [91.5134, 94.282, -109.927]
  Direction: 
-0.99591 -0.0698718 -0.0572835
0.0697565 -0.997556 0.00401236
-0.0574239 5.01125e-08 0.99835

  IndexToPointMatrix: 
-0.99591 -0.0698718 -0.0572835
0.0697565 -0.997556 0.00401236
-0.0574239 5.01125e-08 0.99835

  PointToIndexMatrix: 
-0.99591 0.0697565 -0.0574239
-0.0698718 -0.997556 5.01483e-08
-0.0572835 0.00401236 0.99835

  Inverse Direction: 
-0.99591 0.0697565 -0.0574239
-0.0698718 -0.997556 5.01483e-08
-0.0572835 0.00401236 0.99835

  PixelContainer: 
    ImportImageContainer (0x47c4690)
      RTTI typeinfo:   itk::ImportImageContainer<unsigned long, double>
      Reference Count: 1
      Modified Time: 1587
      Debug: Off
      Object Name: 
      Observers: 
        none
      Pointer: 0x14c9d755c010
      Container manages memory: true
      Size: 9830400
      Capacity: 9830400

     Weighting = 1
     Sampling strategy = regular
     Number of bins = 32
     Radius = 4
     Sampling percentage  = 0.25
   Transform = Affine
     Gradient step = 0.1
     Update field sigma (voxel space) = 0
     Total field sigma (voxel space) = 0
     Update field time sigma = 0
     Total field time sigma  = 0
     Number of time indices = 0
     Number of time point samples = 0
Registration using 1 total stages.

Stage 0
  iterations = 1000x500x250x100
  convergence threshold = 1e-06
  convergence window size = 10
  number of levels = 4
  using the Mattes MI metric (number of bins = 32, weight = 1, use gradient filter = 0)
  preprocessing:  winsorizing the image intensities
  Shrink factors (level 1 out of 4): [8, 8, 8]
  Shrink factors (level 2 out of 4): [4, 4, 4]
  Shrink factors (level 3 out of 4): [2, 2, 2]
  Shrink factors (level 4 out of 4): [1, 1, 1]
  smoothing sigmas per level: [3, 2, 1, 0]
  regular sampling (percentage = 0.25)

*** Running AffineTransform registration ***

DIAGNOSTIC,Iteration,metricValue,convergenceValue,ITERATION_TIME_INDEX,SINCE_LAST
 2DIAGNOSTIC,     1, -6.379098520540e-01, 1.797693134862e+308, 8.3819e-01, 8.3819e-01, 
 2DIAGNOSTIC,     2, -6.400058896205e-01, 1.797693134862e+308, 8.4439e-01, 6.1970e-03, 
 2DIAGNOSTIC,     3, -6.444744381114e-01, 1.797693134862e+308, 8.5110e-01, 6.7091e-03, 
 2DIAGNOSTIC,     4, -6.514671224858e-01, 1.797693134862e+308, 8.5714e-01, 6.0408e-03, 
 2DIAGNOSTIC,     5, -6.627778558560e-01, 1.797693134862e+308, 8.6272e-01, 5.5821e-03, 
 2DIAGNOSTIC,     6, -6.832812066742e-01, 1.797693134862e+308, 8.6860e-01, 5.8789e-03, 
 2DIAGNOSTIC,     7, -7.173781705246e-01, 1.797693134862e+308, 8.7457e-01, 5.9729e-03, 
 2DIAGNOSTIC,     8, -8.442827298589e-01, 1.797693134862e+308, 8.8114e-01, 6.5660e-03, 
 2DIAGNOSTIC,     9, -8.739793077242e-01, 1.797693134862e+308, 8.8837e-01, 7.2370e-03, 
 2DIAGNOSTIC,    10, -8.790696363021e-01, 2.436031501495e-02, 8.9529e-01, 6.9141e-03, 
 2DIAGNOSTIC,    11, -8.898472699611e-01, 2.453857502798e-02, 9.0192e-01, 6.6319e-03, 
 2DIAGNOSTIC,    12, -9.034213300389e-01, 2.295438378588e-02, 9.0860e-01, 6.6779e-03, 
 2DIAGNOSTIC,    13, -9.056442657487e-01, 1.973931988565e-02, 9.1548e-01, 6.8820e-03, 
 2DIAGNOSTIC,    14, -9.063613839777e-01, 1.548705487809e-02, 9.2228e-01, 6.8040e-03, 
 2DIAGNOSTIC,    15, -9.072568057813e-01, 1.083333053266e-02, 9.2897e-01, 6.6841e-03, 
 2DIAGNOSTIC,    16, -9.069480421068e-01, 6.335201976447e-03, 9.3497e-01, 5.9998e-03, 
 2DIAGNOSTIC,    17, -9.066932724018e-01, 2.497810246683e-03, 9.4064e-01, 5.6679e-03, 
 2DIAGNOSTIC,    18, -9.067726581932e-01, 1.393643042820e-03, 9.4821e-01, 7.5710e-03, 
 2DIAGNOSTIC,    19, -9.066612634247e-01, 8.417095845445e-04, 9.5464e-01, 6.4290e-03, 
 2DIAGNOSTIC,    20, -9.072151643044e-01, 3.699954817191e-04, 9.7323e-01, 1.8597e-02, 
 2DIAGNOSTIC,    21, -9.072150978794e-01, 8.614612024187e-05, 9.7917e-01, 5.9409e-03, 
 2DIAGNOSTIC,    22, -9.072151864229e-01, 3.562391795107e-05, 9.8556e-01, 6.3829e-03, 
 2DIAGNOSTIC,    23, -9.072153361191e-01, 1.991854975769e-05, 9.9166e-01, 6.0990e-03, 
 2DIAGNOSTIC,    24, -9.072155887133e-01, 1.368040997017e-05, 9.9768e-01, 6.0248e-03, 
 2DIAGNOSTIC,    25, -9.072160155700e-01, 1.904706156865e-05, 1.0038e+00, 6.1450e-03, 
 2DIAGNOSTIC,    26, -9.072167365889e-01, 1.833723345952e-05, 1.0100e+00, 6.1290e-03, 
 2DIAGNOSTIC,    27, -9.072179535662e-01, 1.297101078669e-05, 1.0159e+00, 5.9438e-03, 
 2DIAGNOSTIC,    28, -9.072200030376e-01, 8.020650186159e-06, 1.0219e+00, 6.0410e-03, 
 2DIAGNOSTIC,    29, -9.072234496065e-01, 1.357627738258e-06, 1.0278e+00, 5.8510e-03, 
 2DIAGNOSTIC,    30, -9.072292264778e-01, 1.427978751044e-06, 1.0337e+00, 5.9111e-03, 
 2DIAGNOSTIC,    31, -9.072388336245e-01, 1.568219180806e-06, 1.0393e+00, 5.6140e-03, 
 2DIAGNOSTIC,    32, -9.072545513472e-01, 1.818244408515e-06, 1.0457e+00, 6.4211e-03, 
 2DIAGNOSTIC,    33, -9.072803796052e-01, 2.240661372686e-06, 1.0517e+00, 6.0000e-03, 
 2DIAGNOSTIC,    34, -9.073209510619e-01, 2.917480307361e-06, 1.0588e+00, 7.0269e-03, 
 2DIAGNOSTIC,    35, -9.073524905670e-01, 3.668109748799e-06, 1.0651e+00, 6.3751e-03, 
 2DIAGNOSTIC,    36, -9.072492823106e-01, 3.170463657897e-06, 1.0711e+00, 5.9588e-03, 
 2DIAGNOSTIC,    37, -9.073154141080e-01, 3.125708014615e-06, 1.0770e+00, 5.9080e-03, 
 2DIAGNOSTIC,    38, -9.073855989481e-01, 3.474889011278e-06, 1.0835e+00, 6.5241e-03, 
 2DIAGNOSTIC,    39, -9.074188909270e-01, 3.839774846571e-06, 1.0901e+00, 6.5839e-03, 
 2DIAGNOSTIC,    40, -9.071330449790e-01, 1.598098590575e-06, 1.0961e+00, 5.9450e-03, 
DIAGNOSTIC,Iteration,metricValue,convergenceValue,ITERATION_TIME_INDEX,SINCE_LAST
 2DIAGNOSTIC,     1, -7.446765358902e-01, 1.797693134862e+308, 1.9106e+00, 8.1454e-01, 
 2DIAGNOSTIC,     2, -7.452722730675e-01, 1.797693134862e+308, 1.9483e+00, 3.7753e-02, 
 2DIAGNOSTIC,     3, -7.460362580299e-01, 1.797693134862e+308, 1.9871e+00, 3.8769e-02, 
 2DIAGNOSTIC,     4, -7.469166056889e-01, 1.797693134862e+308, 2.0256e+00, 3.8454e-02, 
 2DIAGNOSTIC,     5, -7.480019977006e-01, 1.797693134862e+308, 2.0680e+00, 4.2454e-02, 
 2DIAGNOSTIC,     6, -7.485005718242e-01, 1.797693134862e+308, 2.1309e+00, 6.2877e-02, 
 2DIAGNOSTIC,     7, -7.485193625494e-01, 1.797693134862e+308, 2.1688e+00, 3.7923e-02, 
 2DIAGNOSTIC,     8, -7.485291328578e-01, 1.797693134862e+308, 2.2140e+00, 4.5148e-02, 
 2DIAGNOSTIC,     9, -7.485370864273e-01, 1.797693134862e+308, 2.2517e+00, 3.7769e-02, 
 2DIAGNOSTIC,    10, -7.485315607671e-01, 3.563983218470e-04, 2.2892e+00, 3.7484e-02, 
 2DIAGNOSTIC,    11, -7.485308788082e-01, 2.388298348516e-04, 2.3239e+00, 3.4676e-02, 
 2DIAGNOSTIC,    12, -7.485512925441e-01, 1.393854796056e-04, 2.3664e+00, 4.2501e-02, 
 2DIAGNOSTIC,    13, -7.485500153281e-01, 6.507267803921e-05, 2.4109e+00, 4.4478e-02, 
 2DIAGNOSTIC,    14, -7.485238237329e-01, 1.822179244386e-05, 2.4486e+00, 3.7712e-02, 
 2DIAGNOSTIC,    15, -7.485486097901e-01, 3.975629846928e-06, 2.4910e+00, 4.2448e-02, 
 2DIAGNOSTIC,    16, -7.485639693844e-01, 3.517262065877e-06, 2.5291e+00, 3.8044e-02, 
 2DIAGNOSTIC,    17, -7.485883225806e-01, 3.910397380985e-06, 2.5669e+00, 3.7814e-02, 
 2DIAGNOSTIC,    18, -7.486165565716e-01, 4.866108029959e-06, 2.6053e+00, 3.8404e-02, 
 2DIAGNOSTIC,    19, -7.486585236923e-01, 6.443931581931e-06, 2.6481e+00, 4.2830e-02, 
 2DIAGNOSTIC,    20, -7.486639688622e-01, 7.407915262825e-06, 2.6903e+00, 4.2158e-02, 
 2DIAGNOSTIC,    21, -7.486662003765e-01, 7.754284483012e-06, 2.7276e+00, 3.7262e-02, 
 2DIAGNOSTIC,    22, -7.486636229521e-01, 7.798824693150e-06, 2.7781e+00, 5.0581e-02, 
 2DIAGNOSTIC,    23, -7.486512391964e-01, 7.032203531654e-06, 2.8200e+00, 4.1822e-02, 
 2DIAGNOSTIC,    24, -7.486246687935e-01, 4.955340364765e-06, 2.8626e+00, 4.2618e-02, 
 2DIAGNOSTIC,    25, -7.486311386113e-01, 3.188442944356e-06, 2.9016e+00, 3.9008e-02, 
 2DIAGNOSTIC,    26, -7.486339280153e-01, 1.636350788474e-06, 2.9478e+00, 4.6263e-02, 
DIAGNOSTIC,Iteration,metricValue,convergenceValue,ITERATION_TIME_INDEX,SINCE_LAST
 2DIAGNOSTIC,     1, -6.325414916183e-01, 1.797693134862e+308, 4.1604e+00, 1.2125e+00, 
 2DIAGNOSTIC,     2, -6.331416545518e-01, 1.797693134862e+308, 4.4816e+00, 3.2128e-01, 
 2DIAGNOSTIC,     3, -6.337978242384e-01, 1.797693134862e+308, 4.7896e+00, 3.0794e-01, 
 2DIAGNOSTIC,     4, -6.346453478979e-01, 1.797693134862e+308, 5.1032e+00, 3.1365e-01, 
 2DIAGNOSTIC,     5, -6.368726871799e-01, 1.797693134862e+308, 5.5253e+00, 4.2207e-01, 
 2DIAGNOSTIC,     6, -6.378338966885e-01, 1.797693134862e+308, 5.9136e+00, 3.8832e-01, 
 2DIAGNOSTIC,     7, -6.378610214342e-01, 1.797693134862e+308, 6.2890e+00, 3.7540e-01, 
 2DIAGNOSTIC,     8, -6.378484838511e-01, 1.797693134862e+308, 6.6274e+00, 3.3833e-01, 
 2DIAGNOSTIC,     9, -6.378473224757e-01, 1.797693134862e+308, 7.1267e+00, 4.9933e-01, 
 2DIAGNOSTIC,    10, -6.378476880587e-01, 6.252546486941e-04, 7.4820e+00, 3.5533e-01, 
 2DIAGNOSTIC,    11, -6.378469774329e-01, 4.476689058894e-04, 7.8291e+00, 3.4710e-01, 
 2DIAGNOSTIC,    12, -6.378460781058e-01, 2.830675603264e-04, 8.1092e+00, 2.8004e-01, 
 2DIAGNOSTIC,    13, -6.378455402553e-01, 1.416837207875e-04, 8.4308e+00, 3.2166e-01, 
 2DIAGNOSTIC,    14, -6.378450013551e-01, 3.325512430838e-05, 8.7239e+00, 2.9312e-01, 
 2DIAGNOSTIC,    15, -6.378436476114e-01, 1.916134510616e-06, 9.0466e+00, 3.2267e-01, 
 2DIAGNOSTIC,    16, -6.378411516457e-01, 1.241896780135e-06, 9.4243e+00, 3.7769e-01, 
 2DIAGNOSTIC,    17, -6.378405338735e-01, 1.423030809057e-06, 9.7508e+00, 3.2648e-01, 
 2DIAGNOSTIC,    18, -6.378396300946e-01, 1.292584619034e-06, 1.0041e+01, 2.8976e-01, 
 2DIAGNOSTIC,    19, -6.378390859604e-01, 1.179137673842e-06, 1.0393e+01, 3.5199e-01, 
 2DIAGNOSTIC,    20, -6.378387096268e-01, 1.123706884043e-06, 1.0737e+01, 3.4441e-01, 
 2DIAGNOSTIC,    21, -6.378404777679e-01, 1.140774147722e-06, 1.1127e+01, 3.9009e-01, 
 2DIAGNOSTIC,    22, -6.378401475792e-01, 1.165368452058e-06, 1.1470e+01, 3.4311e-01, 
 2DIAGNOSTIC,    23, -6.378380897384e-01, 1.163946815132e-06, 1.1819e+01, 3.4905e-01, 
 2DIAGNOSTIC,    24, -6.378392929833e-01, 1.197479180502e-06, 1.2177e+01, 3.5772e-01, 
 2DIAGNOSTIC,    25, -6.378387551116e-01, 1.206493418227e-06, 1.2531e+01, 3.5379e-01, 
 2DIAGNOSTIC,    26, -6.378390261477e-01, 1.182411248885e-06, 1.2888e+01, 3.5773e-01, 
 2DIAGNOSTIC,    27, -6.378376119965e-01, 1.130957381405e-06, 1.3272e+01, 3.8355e-01, 
 2DIAGNOSTIC,    28, -6.378374053316e-01, 1.071753684724e-06, 1.3715e+01, 4.4335e-01, 
 2DIAGNOSTIC,    29, -6.378368256581e-01, 1.005681953360e-06, 1.4043e+01, 3.2807e-01, 
DIAGNOSTIC,Iteration,metricValue,convergenceValue,ITERATION_TIME_INDEX,SINCE_LAST
 2DIAGNOSTIC,     1, -5.637421805374e-01, 1.797693134862e+308, 1.7226e+01, 3.1830e+00, 
 2DIAGNOSTIC,     2, -5.638522054158e-01, 1.797693134862e+308, 1.9365e+01, 2.1383e+00, 
 2DIAGNOSTIC,     3, -5.638621678580e-01, 1.797693134862e+308, 2.2686e+01, 3.3218e+00, 
 2DIAGNOSTIC,     4, -5.638623287172e-01, 1.797693134862e+308, 2.5105e+01, 2.4181e+00, 
 2DIAGNOSTIC,     5, -5.638624045675e-01, 1.797693134862e+308, 2.7130e+01, 2.0259e+00, 
 2DIAGNOSTIC,     6, -5.638621158096e-01, 1.797693134862e+308, 2.9343e+01, 2.2126e+00, 
 2DIAGNOSTIC,     7, -5.638623552326e-01, 1.797693134862e+308, 3.1566e+01, 2.2231e+00, 
 2DIAGNOSTIC,     8, -5.638622597013e-01, 1.797693134862e+308, 3.3572e+01, 2.0059e+00, 
 2DIAGNOSTIC,     9, -5.638619363367e-01, 1.797693134862e+308, 3.5593e+01, 2.0207e+00, 
