
##########################
# Experiment information #
##########################

EXPERIMENT_NAME: antsRegistration-r7-p9
VFC_BACKENDS: libinterflop_vprec.so --range-binary32=7 --precision-binary32=9 --range-binary64=7 --precision-binary64=9

SIF_IMG: /home/mdugre/projects/rrg-glatard/mdugre/containers/ants-vprec-no_metrics.simg

SUBJECT_ID: s037
INPUT_IMG: /home/mdugre/scratch/mri-registration-rp/datasets/ds004513/derivatives/mri-registration-rp/antsBrainExtraction/sub-s037/BrainExtractionBrain.nii.gz
OUTPUT_DIR: /home/mdugre/scratch/mri-registration-rp/datasets/ds004513/derivatives/mri-registration-rp/0100/antsRegistration-r7-p9/sub-s037

FIXED_IMG: /templateflow/tpl-MNI152NLin2009cAsym/tpl-MNI152NLin2009cAsym_res-01_desc-brain_T1w.nii.gz
DATA_DIR: /home/mdugre/scratch/mri-registration-rp/datasets/ds004513
TEMPLATEFLOW_DIR: /home/mdugre/projects/rrg-glatard/mdugre/templateflow
ITK_GLOBAL_DEFAULT_NUMBER_OF_THREADS: 16
##########################

Info [verificarlo]: loaded backend libinterflop_ieee.so
Info [interflop-ieee]: load backend with:
Info [interflop-ieee]: debug = false
Info [interflop-ieee]: debug-binary = false
Info [interflop-ieee]: no-backend-name = false
Info [interflop-ieee]: print-new-line = false
Info [interflop-ieee]: print-subnormal-normalized = false
Info [interflop-ieee]: count-op = false
All_Command_lines_OK
Using double precision for computations.
=============================================================================
The composite transform comprises the following transforms (in order): 
  1. Center of mass alignment using fixed image: /templateflow/tpl-MNI152NLin2009cAsym/tpl-MNI152NLin2009cAsym_res-01_desc-brain_T1w.nii.gz and moving image: /home/mdugre/scratch/mri-registration-rp/datasets/ds004513/derivatives/mri-registration-rp/antsBrainExtraction/sub-s037/BrainExtractionBrain.nii.gz (type = Euler3DTransform)
=============================================================================
  number of levels = 1
  fixed image: /templateflow/tpl-MNI152NLin2009cAsym/tpl-MNI152NLin2009cAsym_res-01_desc-brain_T1w.nii.gz
  moving image: /home/mdugre/scratch/mri-registration-rp/datasets/ds004513/derivatives/mri-registration-rp/antsBrainExtraction/sub-s037/BrainExtractionBrain.nii.gz
Dimension = 3
Number of stages = 1
Use histogram matching = false
Winsorize image intensities = true
  Lower quantile = 0.005
  Upper quantile = 0.995


Stage 1 State
   Image metric = MattesMI
     Fixed image = Image (0x515bbd0)
  RTTI typeinfo:   itk::Image<double, 3u>
  Reference Count: 2
  Modified Time: 2330
  Debug: Off
  Object Name: 
  Observers: 
    none
  Source: (none)
  Source output name: (none)
  Release Data: Off
  Data Released: False
  Global Release Data: Off
  PipelineMTime: 0
  UpdateMTime: 1941
  RealTimeStamp: 0 seconds 
  LargestPossibleRegion: 
    Dimension: 3
    Index: [0, 0, 0]
    Size: [193, 229, 193]
  BufferedRegion: 
    Dimension: 3
    Index: [0, 0, 0]
    Size: [193, 229, 193]
  RequestedRegion: 
    Dimension: 3
    Index: [0, 0, 0]
    Size: [193, 229, 193]
  Spacing: [1, 1, 1]
  Origin: [96, 132, -78]
  Direction: 
-1 0 0
0 -1 0
0 0 1

  IndexToPointMatrix: 
-1 0 0
0 -1 0
0 0 1

  PointToIndexMatrix: 
-1 0 0
0 -1 0
0 0 1

  Inverse Direction: 
-1 0 0
0 -1 0
0 0 1

  PixelContainer: 
    ImportImageContainer (0x51649e0)
      RTTI typeinfo:   itk::ImportImageContainer<unsigned long, double>
      Reference Count: 1
      Modified Time: 1938
      Debug: Off
      Object Name: 
      Observers: 
        none
      Pointer: 0x14ccce4e9010
      Container manages memory: true
      Size: 8530021
      Capacity: 8530021

     Moving image = Image (0x5165d40)
  RTTI typeinfo:   itk::Image<double, 3u>
  Reference Count: 2
  Modified Time: 2331
  Debug: Off
  Object Name: 
  Observers: 
    none
  Source: (none)
  Source output name: (none)
  Release Data: Off
  Data Released: False
  Global Release Data: Off
  PipelineMTime: 0
  UpdateMTime: 2328
  RealTimeStamp: 0 seconds 
  LargestPossibleRegion: 
    Dimension: 3
    Index: [0, 0, 0]
    Size: [160, 240, 256]
  BufferedRegion: 
    Dimension: 3
    Index: [0, 0, 0]
    Size: [160, 240, 256]
  RequestedRegion: 
    Dimension: 3
    Index: [0, 0, 0]
    Size: [160, 240, 256]
  Spacing: [1, 1, 1]
  Origin: [87.9508, 102.562, -147.639]
  Direction: 
-0.998659 -0.0436121 -0.0279129
0.043595 -0.999049 0.00121847
-0.0279395 -2.65543e-08 0.99961

  IndexToPointMatrix: 
-0.998659 -0.0436121 -0.0279129
0.043595 -0.999049 0.00121847
-0.0279395 -2.65543e-08 0.99961

  PointToIndexMatrix: 
-0.998659 0.043595 -0.0279395
-0.0436121 -0.999049 -2.65517e-08
-0.0279129 0.00121847 0.99961

  Inverse Direction: 
-0.998659 0.043595 -0.0279395
-0.0436121 -0.999049 -2.65517e-08
-0.0279129 0.00121847 0.99961

  PixelContainer: 
    ImportImageContainer (0x518b850)
      RTTI typeinfo:   itk::ImportImageContainer<unsigned long, double>
      Reference Count: 1
      Modified Time: 2325
      Debug: Off
      Object Name: 
      Observers: 
        none
      Pointer: 0x14ccc99e8010
      Container manages memory: true
      Size: 9830400
      Capacity: 9830400

     Weighting = 1
     Sampling strategy = regular
     Number of bins = 32
     Radius = 4
     Sampling percentage  = 0.25
   Transform = Rigid
     Gradient step = 0.1
     Update field sigma (voxel space) = 0
     Total field sigma (voxel space) = 0
     Update field time sigma = 0
     Total field time sigma  = 0
     Number of time indices = 0
     Number of time point samples = 0
Registration using 1 total stages.

Stage 0
  iterations = 0
  convergence threshold = 1e-06
  convergence window size = 10
  number of levels = 1
  using the Mattes MI metric (number of bins = 32, weight = 1, use gradient filter = 0)
  preprocessing:  winsorizing the image intensities
  Shrink factors (level 1 out of 1): [1, 1, 1]
  smoothing sigmas per level: [0]
  regular sampling (percentage = 0.25)

*** Running Euler3DTransform registration ***

  Elapsed time (stage 0): 1.1206


Total elapsed time: 1.12261
Info [verificarlo]: loaded backend libinterflop_vprec.so
Info [interflop-vprec]: load backend with: 
Info [interflop-vprec]: precision-binary32 = 9
Info [interflop-vprec]: range-binary32 = 7
Info [interflop-vprec]: precision-binary64 = 9
Info [interflop-vprec]: range-binary64 = 7
Info [interflop-vprec]: mode = ob
Info [interflop-vprec]: error-mode = rel
Info [interflop-vprec]: max-abs-error-exponent = -1022
Info [interflop-vprec]: daz = false
Info [interflop-vprec]: ftz = false
Info [interflop-vprec]: 	instrument = none
Info [interflop-vprec]: 	prec-input-file = (null)
Info [interflop-vprec]: 	prec-output-file = (null)
Info [interflop-vprec]: 	prec-log-file = (null)
All_Command_lines_OK
Using double precision for computations.
=============================================================================
The composite transform comprises the following transforms (in order): 
  1. /home/mdugre/scratch/mri-registration-rp/datasets/ds004513/derivatives/mri-registration-rp/0100/antsRegistration-r7-p9/sub-s037/align_Composite.h5[0] (type = Euler3DTransform)
  2. /home/mdugre/scratch/mri-registration-rp/datasets/ds004513/derivatives/mri-registration-rp/0100/antsRegistration-r7-p9/sub-s037/align_Composite.h5[1] (type = Euler3DTransform)
=============================================================================
  number of levels = 4
  fixed image: /templateflow/tpl-MNI152NLin2009cAsym/tpl-MNI152NLin2009cAsym_res-01_desc-brain_T1w.nii.gz
  moving image: /home/mdugre/scratch/mri-registration-rp/datasets/ds004513/derivatives/mri-registration-rp/antsBrainExtraction/sub-s037/BrainExtractionBrain.nii.gz
Dimension = 3
Number of stages = 1
Use histogram matching = false
Winsorize image intensities = true
  Lower quantile = 0.005
  Upper quantile = 0.995


Stage 1 State
   Image metric = MattesMI
     Fixed image = Image (0x52281e0)
  RTTI typeinfo:   itk::Image<double, 3u>
  Reference Count: 2
  Modified Time: 1578
  Debug: Off
  Object Name: 
  Observers: 
    none
  Source: (none)
  Source output name: (none)
  Release Data: Off
  Data Released: False
  Global Release Data: Off
  PipelineMTime: 0
  UpdateMTime: 1189
  RealTimeStamp: 0 seconds 
  LargestPossibleRegion: 
    Dimension: 3
    Index: [0, 0, 0]
    Size: [193, 229, 193]
  BufferedRegion: 
    Dimension: 3
    Index: [0, 0, 0]
    Size: [193, 229, 193]
  RequestedRegion: 
    Dimension: 3
    Index: [0, 0, 0]
    Size: [193, 229, 193]
  Spacing: [1, 1, 1]
  Origin: [96, 132, -78]
  Direction: 
-1 0 0
0 -1 0
0 0 1

  IndexToPointMatrix: 
-1 0 0
0 -1 0
0 0 1

  PointToIndexMatrix: 
-1 0 0
0 -1 0
0 0 1

  Inverse Direction: 
-1 0 0
0 -1 0
0 0 1

  PixelContainer: 
    ImportImageContainer (0x52e7680)
      RTTI typeinfo:   itk::ImportImageContainer<unsigned long, double>
      Reference Count: 1
      Modified Time: 1186
      Debug: Off
      Object Name: 
      Observers: 
        none
      Pointer: 0x146f07eca010
      Container manages memory: true
      Size: 8530021
      Capacity: 8530021

     Moving image = Image (0x52e3b20)
  RTTI typeinfo:   itk::Image<double, 3u>
  Reference Count: 2
  Modified Time: 1579
  Debug: Off
  Object Name: 
  Observers: 
    none
  Source: (none)
  Source output name: (none)
  Release Data: Off
  Data Released: False
  Global Release Data: Off
  PipelineMTime: 0
  UpdateMTime: 1576
  RealTimeStamp: 0 seconds 
  LargestPossibleRegion: 
    Dimension: 3
    Index: [0, 0, 0]
    Size: [160, 240, 256]
  BufferedRegion: 
    Dimension: 3
    Index: [0, 0, 0]
    Size: [160, 240, 256]
  RequestedRegion: 
    Dimension: 3
    Index: [0, 0, 0]
    Size: [160, 240, 256]
  Spacing: [1, 1, 1]
  Origin: [88, 102.5, -147.75]
  Direction: 
-0.999023 -0.0435791 -0.0279236
0.0435791 -0.999023 0.0012188
-0.0279236 0 0.999023

  IndexToPointMatrix: 
-0.999023 -0.0435791 -0.0279236
0.0435791 -0.999023 0.0012188
-0.0279236 0 0.999023

  PointToIndexMatrix: 
-1 0.0435791 -0.0279236
-0.0437012 -1.00195 0.00244141
-0.0279541 0.000488281 1

  Inverse Direction: 
-1 0.0435791 -0.0279236
-0.0437012 -1.00195 0.00244141
-0.0279541 0.000488281 1

  PixelContainer: 
    ImportImageContainer (0x534cd50)
      RTTI typeinfo:   itk::ImportImageContainer<unsigned long, double>
      Reference Count: 1
      Modified Time: 1573
      Debug: Off
      Object Name: 
      Observers: 
        none
      Pointer: 0x146f033c9010
      Container manages memory: true
      Size: 9830400
      Capacity: 9830400

     Weighting = 1
     Sampling strategy = regular
     Number of bins = 32
     Radius = 4
     Sampling percentage  = 0.25
   Transform = Rigid
     Gradient step = 0.1
     Update field sigma (voxel space) = 0
     Total field sigma (voxel space) = 0
     Update field time sigma = 0
     Total field time sigma  = 0
     Number of time indices = 0
     Number of time point samples = 0
Registration using 1 total stages.

Stage 0
  iterations = 1000x500x250x100
  convergence threshold = 1e-06
  convergence window size = 10
  number of levels = 4
  using the Mattes MI metric (number of bins = 32, weight = 1, use gradient filter = 0)
  preprocessing:  winsorizing the image intensities
  Shrink factors (level 1 out of 4): [8, 8, 8]
  Shrink factors (level 2 out of 4): [4, 4, 4]
  Shrink factors (level 3 out of 4): [2, 2, 2]
  Shrink factors (level 4 out of 4): [1, 1, 1]
  smoothing sigmas per level: [3, 2, 1, 0]
  regular sampling (percentage = 0.25)

*** Running Euler3DTransform registration ***

DIAGNOSTIC,Iteration,metricValue,convergenceValue,ITERATION_TIME_INDEX,SINCE_LAST
 2DIAGNOSTIC,     1, -4.293123283621e-01, 1.797693134862e+308, 0.0000e+00, 0.0000e+00, 
 2DIAGNOSTIC,     2, -4.295686091301e-01, 1.797693134862e+308, 0.0000e+00, 0.0000e+00, 
 2DIAGNOSTIC,     3, -4.300066918965e-01, 1.797693134862e+308, 0.0000e+00, 0.0000e+00, 
 2DIAGNOSTIC,     4, -4.302580044619e-01, 1.797693134862e+308, 0.0000e+00, 0.0000e+00, 
 2DIAGNOSTIC,     5, -4.302306058381e-01, 1.797693134862e+308, 0.0000e+00, 0.0000e+00, 
 2DIAGNOSTIC,     6, -4.306954452052e-01, 1.797693134862e+308, 0.0000e+00, 0.0000e+00, 
 2DIAGNOSTIC,     7, -4.309560931026e-01, 1.797693134862e+308, 0.0000e+00, 0.0000e+00, 
 2DIAGNOSTIC,     8, -4.312390868374e-01, 1.797693134862e+308, 0.0000e+00, 0.0000e+00, 
 2DIAGNOSTIC,     9, -4.323122353835e-01, 1.797693134862e+308, 0.0000e+00, 0.0000e+00, 
 2DIAGNOSTIC,    10, -4.324550362207e-01, 4.492170683203e-04, 0.0000e+00, 0.0000e+00, 
 2DIAGNOSTIC,    11, -4.326723851732e-01, 4.316659878519e-04, 0.0000e+00, 0.0000e+00, 
 2DIAGNOSTIC,    12, -4.325540010381e-01, 3.857312101681e-04, 0.0000e+00, 0.0000e+00, 
 2DIAGNOSTIC,    13, -4.330161081161e-01, 3.576308904616e-04, 0.0000e+00, 0.0000e+00, 
 2DIAGNOSTIC,    14, -4.330942316442e-01, 3.156155493273e-04, 0.0000e+00, 0.0000e+00, 
 2DIAGNOSTIC,    15, -4.329914632069e-01, 2.441926543714e-04, 0.0000e+00, 0.0000e+00, 
 2DIAGNOSTIC,    16, -4.330188241865e-01, 1.805002835650e-04, 0.0000e+00, 0.0000e+00, 
 2DIAGNOSTIC,    17, -4.330036312829e-01, 1.174451643857e-04, 0.0000e+00, 0.0000e+00, 
 2DIAGNOSTIC,    18, -4.328599461223e-01, 5.440273362072e-05, 0.0000e+00, 0.0000e+00, 
 2DIAGNOSTIC,    19, -4.328211797277e-01, 2.875304789075e-05, 0.0000e+00, 0.0000e+00, 
 2DIAGNOSTIC,    20, -4.328872410061e-01, 9.901075251062e-06, 0.0000e+00, 0.0000e+00, 
DIAGNOSTIC,Iteration,metricValue,convergenceValue,ITERATION_TIME_INDEX,SINCE_LAST
 2DIAGNOSTIC,     1, -3.624851724439e-01, 1.797693134862e+308, 0.0000e+00, 0.0000e+00, 
 2DIAGNOSTIC,     2, -3.628709187051e-01, 1.797693134862e+308, 0.0000e+00, 0.0000e+00, 
 2DIAGNOSTIC,     3, -3.631730198172e-01, 1.797693134862e+308, 0.0000e+00, 0.0000e+00, 
 2DIAGNOSTIC,     4, -3.637848922443e-01, 1.797693134862e+308, 0.0000e+00, 0.0000e+00, 
 2DIAGNOSTIC,     5, -3.654241598263e-01, 1.797693134862e+308, 0.0000e+00, 0.0000e+00, 
 2DIAGNOSTIC,     6, -3.671419004830e-01, 1.797693134862e+308, 0.0000e+00, 0.0000e+00, 
 2DIAGNOSTIC,     7, -3.704450532759e-01, 1.797693134862e+308, 0.0000e+00, 0.0000e+00, 
 2DIAGNOSTIC,     8, -3.740665144048e-01, 1.797693134862e+308, 0.0000e+00, 0.0000e+00, 
 2DIAGNOSTIC,     9, -3.789955591188e-01, 1.797693134862e+308, 0.0000e+00, 0.0000e+00, 
 2DIAGNOSTIC,    10, -3.944210922254e-01, 4.380107362282e-03, 0.0000e+00, 0.0000e+00, 
 2DIAGNOSTIC,    11, -4.362646002529e-01, 7.962260341019e-03, 0.0000e+00, 0.0000e+00, 
 2DIAGNOSTIC,    12, -4.712739718263e-01, 1.220055892974e-02, 0.0000e+00, 0.0000e+00, 
 2DIAGNOSTIC,    13, -4.811248551911e-01, 1.509081208098e-02, 0.0000e+00, 0.0000e+00, 
 2DIAGNOSTIC,    14, -4.808507414829e-01, 1.618750073180e-02, 0.0000e+00, 0.0000e+00, 
 2DIAGNOSTIC,    15, -4.844177602300e-01, 1.590267392364e-02, 0.0000e+00, 0.0000e+00, 
 2DIAGNOSTIC,    16, -4.844542030687e-01, 1.425987426417e-02, 0.0000e+00, 0.0000e+00, 
 2DIAGNOSTIC,    17, -4.845480006140e-01, 1.165988113798e-02, 0.0000e+00, 0.0000e+00, 
 2DIAGNOSTIC,    18, -4.865630594946e-01, 8.558587649039e-03, 0.0000e+00, 0.0000e+00, 
 2DIAGNOSTIC,    19, -4.868562176247e-01, 5.252909308596e-03, 0.0000e+00, 0.0000e+00, 
 2DIAGNOSTIC,    20, -4.864177226953e-01, 2.321773978414e-03, 0.0000e+00, 0.0000e+00, 
 2DIAGNOSTIC,    21, -4.861935958346e-01, 7.849162887482e-04, 0.0000e+00, 0.0000e+00, 
 2DIAGNOSTIC,    22, -4.868711416778e-01, 3.988253946453e-04, 0.0000e+00, 0.0000e+00, 
 2DIAGNOSTIC,    23, -4.873404770566e-01, 3.079341077337e-04, 0.0000e+00, 0.0000e+00, 
 2DIAGNOSTIC,    24, -4.869648669342e-01, 1.758182471046e-04, 0.0000e+00, 0.0000e+00, 
 2DIAGNOSTIC,    25, -4.868062268970e-01, 1.295862772186e-04, 0.0000e+00, 0.0000e+00, 
 2DIAGNOSTIC,    26, -4.868062268970e-01, 7.700041741528e-05, 0.0000e+00, 0.0000e+00, 
 2DIAGNOSTIC,    27, -4.868062268970e-01, 2.174973698735e-05, 0.0000e+00, 0.0000e+00, 
 2DIAGNOSTIC,    28, -4.868062268970e-01, 1.439039644723e-05, 0.0000e+00, 0.0000e+00, 
 2DIAGNOSTIC,    29, -4.868062268970e-01, 1.330434568961e-05, 0.0000e+00, 0.0000e+00, 
 2DIAGNOSTIC,    30, -4.868062268970e-01, 2.275546188667e-06, 0.0000e+00, 0.0000e+00, 
DIAGNOSTIC,Iteration,metricValue,convergenceValue,ITERATION_TIME_INDEX,SINCE_LAST
 2DIAGNOSTIC,     1, -4.300545148029e-01, 1.797693134862e+308, 0.0000e+00, 0.0000e+00, 
 2DIAGNOSTIC,     2, -4.300301376652e-01, 1.797693134862e+308, 0.0000e+00, 0.0000e+00, 
 2DIAGNOSTIC,     3, -4.304899143513e-01, 1.797693134862e+308, 0.0000e+00, 0.0000e+00, 
 2DIAGNOSTIC,     4, -4.305475965679e-01, 1.797693134862e+308, 0.0000e+00, 0.0000e+00, 
 2DIAGNOSTIC,     5, -4.303203106031e-01, 1.797693134862e+308, 0.0000e+00, 0.0000e+00, 
 2DIAGNOSTIC,     6, -4.303822568441e-01, 1.797693134862e+308, 0.0000e+00, 0.0000e+00, 
 2DIAGNOSTIC,     7, -4.306755894581e-01, 1.797693134862e+308, 0.0000e+00, 0.0000e+00, 
 2DIAGNOSTIC,     8, -4.308994409575e-01, 1.797693134862e+308, 0.0000e+00, 0.0000e+00, 
 2DIAGNOSTIC,     9, -4.309747119171e-01, 1.797693134862e+308, 0.0000e+00, 0.0000e+00, 
 2DIAGNOSTIC,    10, -4.311117610169e-01, 1.478599053612e-04, 0.0000e+00, 0.0000e+00, 
 2DIAGNOSTIC,    11, -4.311812160107e-01, 1.387989578403e-04, 0.0000e+00, 0.0000e+00, 
 2DIAGNOSTIC,    12, -4.313295194331e-01, 1.244223654119e-04, 0.0000e+00, 0.0000e+00, 
 2DIAGNOSTIC,    13, -4.313425974723e-01, 1.245381873525e-04, 0.0000e+00, 0.0000e+00, 
 2DIAGNOSTIC,    14, -4.313425974723e-01, 1.166187723298e-04, 0.0000e+00, 0.0000e+00, 
 2DIAGNOSTIC,    15, -4.313425974723e-01, 8.934137690261e-05, 0.0000e+00, 0.0000e+00, 
 2DIAGNOSTIC,    16, -4.313425974723e-01, 5.956738208047e-05, 0.0000e+00, 0.0000e+00, 
 2DIAGNOSTIC,    17, -4.313425974723e-01, 3.896098662071e-05, 0.0000e+00, 0.0000e+00, 
 2DIAGNOSTIC,    18, -4.313425974723e-01, 2.524567043186e-05, 0.0000e+00, 0.0000e+00, 
 2DIAGNOSTIC,    19, -4.313425974723e-01, 1.322590262127e-05, 0.0000e+00, 0.0000e+00, 
 2DIAGNOSTIC,    20, -4.313425974723e-01, 5.699161289632e-06, 0.0000e+00, 0.0000e+00, 
DIAGNOSTIC,Iteration,metricValue,convergenceValue,ITERATION_TIME_INDEX,SINCE_LAST
 2DIAGNOSTIC,     1, -3.981627027008e-01, 1.797693134862e+308, 0.0000e+00, 0.0000e+00, 
 2DIAGNOSTIC,     2, -3.981897718733e-01, 1.797693134862e+308, 0.0000e+00, 0.0000e+00, 
 2DIAGNOSTIC,     3, -3.982216643165e-01, 1.797693134862e+308, 0.0000e+00, 0.0000e+00, 
 2DIAGNOSTIC,     4, -3.978501049249e-01, 1.797693134862e+308, 0.0000e+00, 0.0000e+00, 
 2DIAGNOSTIC,     5, -3.978815753196e-01, 1.797693134862e+308, 0.0000e+00, 0.0000e+00, 
 2DIAGNOSTIC,     6, -3.979219615360e-01, 1.797693134862e+308, 0.0000e+00, 0.0000e+00, 
 2DIAGNOSTIC,     7, -3.979711539422e-01, 1.797693134862e+308, 0.0000e+00, 0.0000e+00, 
 2DIAGNOSTIC,     8, -3.979724851240e-01, 1.797693134862e+308, 0.0000e+00, 0.0000e+00, 
 2DIAGNOSTIC,     9, -3.979911863518e-01, 1.797693134862e+308, 0.0000e+00, 0.0000e+00, 
  Elapsed time (stage 0): 0.0000e+00


Total elapsed time: 0.0000e+00
Info [verificarlo]: loaded backend libinterflop_ieee.so
Info [interflop-ieee]: load backend with:
Info [interflop-ieee]: debug = false
Info [interflop-ieee]: debug-binary = false
Info [interflop-ieee]: no-backend-name = false
Info [interflop-ieee]: print-new-line = false
Info [interflop-ieee]: print-subnormal-normalized = false
Info [interflop-ieee]: count-op = false
All_Command_lines_OK
Using double precision for computations.
=============================================================================
The composite transform comprises the following transforms (in order): 
  1. /home/mdugre/scratch/mri-registration-rp/datasets/ds004513/derivatives/mri-registration-rp/0100/antsRegistration-r7-p9/sub-s037/rigid_Composite.h5[0] (type = Euler3DTransform)
  2. /home/mdugre/scratch/mri-registration-rp/datasets/ds004513/derivatives/mri-registration-rp/0100/antsRegistration-r7-p9/sub-s037/rigid_Composite.h5[1] (type = Euler3DTransform)
  3. /home/mdugre/scratch/mri-registration-rp/datasets/ds004513/derivatives/mri-registration-rp/0100/antsRegistration-r7-p9/sub-s037/rigid_Composite.h5[2] (type = Euler3DTransform)
=============================================================================
  number of levels = 4
  fixed image: /templateflow/tpl-MNI152NLin2009cAsym/tpl-MNI152NLin2009cAsym_res-01_desc-brain_T1w.nii.gz
  moving image: /home/mdugre/scratch/mri-registration-rp/datasets/ds004513/derivatives/mri-registration-rp/antsBrainExtraction/sub-s037/BrainExtractionBrain.nii.gz
Dimension = 3
Number of stages = 1
Use histogram matching = false
Winsorize image intensities = true
  Lower quantile = 0.005
  Upper quantile = 0.995


Stage 1 State
   Image metric = MattesMI
     Fixed image = Image (0x3b52530)
  RTTI typeinfo:   itk::Image<double, 3u>
  Reference Count: 2
  Modified Time: 1592
  Debug: Off
  Object Name: 
  Observers: 
    none
  Source: (none)
  Source output name: (none)
  Release Data: Off
  Data Released: False
  Global Release Data: Off
  PipelineMTime: 0
  UpdateMTime: 1203
  RealTimeStamp: 0 seconds 
  LargestPossibleRegion: 
    Dimension: 3
    Index: [0, 0, 0]
    Size: [193, 229, 193]
  BufferedRegion: 
    Dimension: 3
    Index: [0, 0, 0]
    Size: [193, 229, 193]
  RequestedRegion: 
    Dimension: 3
    Index: [0, 0, 0]
    Size: [193, 229, 193]
  Spacing: [1, 1, 1]
  Origin: [96, 132, -78]
  Direction: 
-1 0 0
0 -1 0
0 0 1

  IndexToPointMatrix: 
-1 0 0
0 -1 0
0 0 1

  PointToIndexMatrix: 
-1 0 0
0 -1 0
0 0 1

  Inverse Direction: 
-1 0 0
0 -1 0
0 0 1

  PixelContainer: 
    ImportImageContainer (0x3b5f2b0)
      RTTI typeinfo:   itk::ImportImageContainer<unsigned long, double>
      Reference Count: 1
      Modified Time: 1200
      Debug: Off
      Object Name: 
      Observers: 
        none
      Pointer: 0x15296da1d010
      Container manages memory: true
      Size: 8530021
      Capacity: 8530021

     Moving image = Image (0x3c0dfd0)
  RTTI typeinfo:   itk::Image<double, 3u>
  Reference Count: 2
  Modified Time: 1593
  Debug: Off
  Object Name: 
  Observers: 
    none
  Source: (none)
  Source output name: (none)
  Release Data: Off
  Data Released: False
  Global Release Data: Off
  PipelineMTime: 0
  UpdateMTime: 1590
  RealTimeStamp: 0 seconds 
  LargestPossibleRegion: 
    Dimension: 3
    Index: [0, 0, 0]
    Size: [160, 240, 256]
  BufferedRegion: 
    Dimension: 3
    Index: [0, 0, 0]
    Size: [160, 240, 256]
  RequestedRegion: 
    Dimension: 3
    Index: [0, 0, 0]
    Size: [160, 240, 256]
  Spacing: [1, 1, 1]
  Origin: [87.9508, 102.562, -147.639]
  Direction: 
-0.998659 -0.0436121 -0.0279129
0.043595 -0.999049 0.00121847
-0.0279395 -2.65543e-08 0.99961

  IndexToPointMatrix: 
-0.998659 -0.0436121 -0.0279129
0.043595 -0.999049 0.00121847
-0.0279395 -2.65543e-08 0.99961

  PointToIndexMatrix: 
-0.998659 0.043595 -0.0279395
-0.0436121 -0.999049 -2.65517e-08
-0.0279129 0.00121847 0.99961

  Inverse Direction: 
-0.998659 0.043595 -0.0279395
-0.0436121 -0.999049 -2.65517e-08
-0.0279129 0.00121847 0.99961

  PixelContainer: 
    ImportImageContainer (0x3c25990)
      RTTI typeinfo:   itk::ImportImageContainer<unsigned long, double>
      Reference Count: 1
      Modified Time: 1587
      Debug: Off
      Object Name: 
      Observers: 
        none
      Pointer: 0x152968f1c010
      Container manages memory: true
      Size: 9830400
      Capacity: 9830400

     Weighting = 1
     Sampling strategy = regular
     Number of bins = 32
     Radius = 4
     Sampling percentage  = 0.25
   Transform = Affine
     Gradient step = 0.1
     Update field sigma (voxel space) = 0
     Total field sigma (voxel space) = 0
     Update field time sigma = 0
     Total field time sigma  = 0
     Number of time indices = 0
     Number of time point samples = 0
Registration using 1 total stages.

Stage 0
  iterations = 1000x500x250x100
  convergence threshold = 1e-06
  convergence window size = 10
  number of levels = 4
  using the Mattes MI metric (number of bins = 32, weight = 1, use gradient filter = 0)
  preprocessing:  winsorizing the image intensities
  Shrink factors (level 1 out of 4): [8, 8, 8]
  Shrink factors (level 2 out of 4): [4, 4, 4]
  Shrink factors (level 3 out of 4): [2, 2, 2]
  Shrink factors (level 4 out of 4): [1, 1, 1]
  smoothing sigmas per level: [3, 2, 1, 0]
  regular sampling (percentage = 0.25)

*** Running AffineTransform registration ***

DIAGNOSTIC,Iteration,metricValue,convergenceValue,ITERATION_TIME_INDEX,SINCE_LAST
 2DIAGNOSTIC,     1, -5.879880403736e-01, 1.797693134862e+308, 7.6434e-01, 7.6433e-01, 
 2DIAGNOSTIC,     2, -5.894190044266e-01, 1.797693134862e+308, 7.6890e-01, 4.5621e-03, 
 2DIAGNOSTIC,     3, -5.919590508668e-01, 1.797693134862e+308, 7.7343e-01, 4.5319e-03, 
 2DIAGNOSTIC,     4, -5.967260028264e-01, 1.797693134862e+308, 7.7781e-01, 4.3850e-03, 
 2DIAGNOSTIC,     5, -6.021531002323e-01, 1.797693134862e+308, 7.8225e-01, 4.4320e-03, 
 2DIAGNOSTIC,     6, -6.100201966975e-01, 1.797693134862e+308, 7.8678e-01, 4.5359e-03, 
 2DIAGNOSTIC,     7, -6.508086555877e-01, 1.797693134862e+308, 7.9316e-01, 6.3760e-03, 
 2DIAGNOSTIC,     8, -6.704909896069e-01, 1.797693134862e+308, 8.0102e-01, 7.8619e-03, 
 2DIAGNOSTIC,     9, -6.710589752655e-01, 1.797693134862e+308, 8.0558e-01, 4.5559e-03, 
 2DIAGNOSTIC,    10, -6.719860822193e-01, 1.079346617501e-02, 8.1044e-01, 4.8621e-03, 
 2DIAGNOSTIC,    11, -6.738111946468e-01, 1.007612702204e-02, 8.1515e-01, 4.7090e-03, 
 2DIAGNOSTIC,    12, -6.765017854185e-01, 8.711465668571e-03, 8.1989e-01, 4.7400e-03, 
 2DIAGNOSTIC,    13, -6.815566844111e-01, 7.028495980217e-03, 8.2470e-01, 4.8089e-03, 
 2DIAGNOSTIC,    14, -6.860180201818e-01, 5.270758266543e-03, 8.2953e-01, 4.8380e-03, 
 2DIAGNOSTIC,    15, -6.918621125342e-01, 3.630122713210e-03, 8.3452e-01, 4.9820e-03, 
 2DIAGNOSTIC,    16, -6.983975254909e-01, 2.244675017762e-03, 8.3951e-01, 4.9980e-03, 
 2DIAGNOSTIC,    17, -7.092863365789e-01, 2.139107214000e-03, 8.4517e-01, 5.6560e-03, 
 2DIAGNOSTIC,    18, -7.147508946691e-01, 2.450503174251e-03, 8.5132e-01, 6.1519e-03, 
 2DIAGNOSTIC,    19, -7.181035102501e-01, 2.589074135767e-03, 8.5689e-01, 5.5661e-03, 
 2DIAGNOSTIC,    20, -7.194264409782e-01, 2.522920981930e-03, 8.6267e-01, 5.7859e-03, 
 2DIAGNOSTIC,    21, -7.202288506115e-01, 2.282682134576e-03, 8.6823e-01, 5.5559e-03, 
 2DIAGNOSTIC,    22, -7.194360256402e-01, 1.887385578384e-03, 8.7393e-01, 5.6951e-03, 
 2DIAGNOSTIC,    23, -7.198788527990e-01, 1.454080905653e-03, 8.8000e-01, 6.0761e-03, 
 2DIAGNOSTIC,    24, -7.195134297513e-01, 9.961374529685e-04, 8.8498e-01, 4.9779e-03, 
 2DIAGNOSTIC,    25, -7.195247113430e-01, 5.832176774173e-04, 8.9052e-01, 5.5408e-03, 
 2DIAGNOSTIC,    26, -7.195359871995e-01, 2.524335753062e-04, 8.9558e-01, 5.0569e-03, 
 2DIAGNOSTIC,    27, -7.194489368565e-01, 9.092016248640e-05, 9.0110e-01, 5.5230e-03, 
 2DIAGNOSTIC,    28, -7.195723301339e-01, 1.593206128345e-05, 9.0669e-01, 5.5919e-03, 
DIAGNOSTIC,Iteration,metricValue,convergenceValue,ITERATION_TIME_INDEX,SINCE_LAST
 2DIAGNOSTIC,     1, -5.902146543887e-01, 1.797693134862e+308, 1.6164e+00, 7.0966e-01, 
 2DIAGNOSTIC,     2, -5.912324067091e-01, 1.797693134862e+308, 1.6625e+00, 4.6151e-02, 
 2DIAGNOSTIC,     3, -5.926222620818e-01, 1.797693134862e+308, 1.7005e+00, 3.7949e-02, 
 2DIAGNOSTIC,     4, -5.940886380739e-01, 1.797693134862e+308, 1.7358e+00, 3.5378e-02, 
 2DIAGNOSTIC,     5, -5.952437013112e-01, 1.797693134862e+308, 1.7709e+00, 3.5048e-02, 
 2DIAGNOSTIC,     6, -5.959436881630e-01, 1.797693134862e+308, 1.8096e+00, 3.8734e-02, 
 2DIAGNOSTIC,     7, -5.965116450684e-01, 1.797693134862e+308, 1.8449e+00, 3.5274e-02, 
 2DIAGNOSTIC,     8, -5.972882490074e-01, 1.797693134862e+308, 1.8840e+00, 3.9068e-02, 
 2DIAGNOSTIC,     9, -5.986660018530e-01, 1.797693134862e+308, 1.9478e+00, 6.3835e-02, 
 2DIAGNOSTIC,    10, -5.986870369943e-01, 9.340351278073e-04, 1.9831e+00, 3.5307e-02, 
 2DIAGNOSTIC,    11, -5.987341250949e-01, 7.433268442800e-04, 2.0224e+00, 3.9338e-02, 
 2DIAGNOSTIC,    12, -5.987938742927e-01, 5.611617414410e-04, 2.0641e+00, 4.1632e-02, 
 2DIAGNOSTIC,    13, -5.987978778633e-01, 4.064958780122e-04, 2.0993e+00, 3.5257e-02, 
 2DIAGNOSTIC,    14, -5.988287160019e-01, 2.869538744519e-04, 2.1357e+00, 3.6404e-02, 
 2DIAGNOSTIC,    15, -5.987970884476e-01, 1.929403918187e-04, 2.1724e+00, 3.6703e-02, 
 2DIAGNOSTIC,    16, -5.988306744603e-01, 1.155482522664e-04, 2.2113e+00, 3.8919e-02, 
 2DIAGNOSTIC,    17, -5.989416849388e-01, 5.566357555043e-05, 2.2519e+00, 4.0538e-02, 
 2DIAGNOSTIC,    18, -5.989401179642e-01, 1.688090867111e-05, 2.2926e+00, 4.0682e-02, 
 2DIAGNOSTIC,    19, -5.990034344962e-01, 1.697326706322e-05, 2.3373e+00, 4.4779e-02, 
 2DIAGNOSTIC,    20, -5.990243078788e-01, 1.662608059825e-05, 2.3780e+00, 4.0606e-02, 
 2DIAGNOSTIC,    21, -5.990757342695e-01, 1.710229122764e-05, 2.4173e+00, 3.9324e-02, 
 2DIAGNOSTIC,    22, -5.990609882438e-01, 1.700123403656e-05, 2.4529e+00, 3.5634e-02, 
 2DIAGNOSTIC,    23, -5.990427146579e-01, 1.515970911651e-05, 2.4926e+00, 3.9690e-02, 
 2DIAGNOSTIC,    24, -5.990367461987e-01, 1.273705539113e-05, 2.5313e+00, 3.8653e-02, 
 2DIAGNOSTIC,    25, -5.990350145283e-01, 8.789037480077e-06, 2.5701e+00, 3.8839e-02, 
 2DIAGNOSTIC,    26, -5.990222233148e-01, 4.757608491467e-06, 2.6068e+00, 3.6681e-02, 
 2DIAGNOSTIC,    27, -5.990068334167e-01, 2.404392900328e-06, 2.6432e+00, 3.6467e-02, 
DIAGNOSTIC,Iteration,metricValue,convergenceValue,ITERATION_TIME_INDEX,SINCE_LAST
 2DIAGNOSTIC,     1, -5.243744612742e-01, 1.797693134862e+308, 3.7207e+00, 1.0775e+00, 
 2DIAGNOSTIC,     2, -5.246616187984e-01, 1.797693134862e+308, 3.9810e+00, 2.6030e-01, 
 2DIAGNOSTIC,     3, -5.249650986940e-01, 1.797693134862e+308, 4.2225e+00, 2.4147e-01, 
 2DIAGNOSTIC,     4, -5.253149795144e-01, 1.797693134862e+308, 4.4921e+00, 2.6960e-01, 
 2DIAGNOSTIC,     5, -5.257124672574e-01, 1.797693134862e+308, 4.7463e+00, 2.5416e-01, 
 2DIAGNOSTIC,     6, -5.261465505529e-01, 1.797693134862e+308, 5.1330e+00, 3.8675e-01, 
 2DIAGNOSTIC,     7, -5.262227968222e-01, 1.797693134862e+308, 5.3948e+00, 2.6177e-01, 
 2DIAGNOSTIC,     8, -5.262862438696e-01, 1.797693134862e+308, 5.6764e+00, 2.8160e-01, 
 2DIAGNOSTIC,     9, -5.263621301490e-01, 1.797693134862e+308, 5.9809e+00, 3.0452e-01, 
 2DIAGNOSTIC,    10, -5.263991766307e-01, 2.699264151219e-04, 6.2584e+00, 2.7753e-01, 
 2DIAGNOSTIC,    11, -5.264585590579e-01, 2.026956484137e-04, 6.5752e+00, 3.1672e-01, 
 2DIAGNOSTIC,    12, -5.266058953051e-01, 1.482871975250e-04, 6.8333e+00, 2.5818e-01, 
 2DIAGNOSTIC,    13, -5.266801312949e-01, 1.047034880882e-04, 7.1067e+00, 2.7335e-01, 
 2DIAGNOSTIC,    14, -5.268233776199e-01, 7.687169965807e-05, 7.3580e+00, 2.5129e-01, 
 2DIAGNOSTIC,    15, -5.271557072693e-01, 7.178570218636e-05, 7.6938e+00, 3.3586e-01, 
 2DIAGNOSTIC,    16, -5.272738826475e-01, 7.930998691538e-05, 7.9611e+00, 2.6729e-01, 
 2DIAGNOSTIC,    17, -5.273463724736e-01, 8.354479956154e-05, 8.2547e+00, 2.9353e-01, 
 2DIAGNOSTIC,    18, -5.276074929572e-01, 8.954988574846e-05, 8.5318e+00, 2.7718e-01, 
 2DIAGNOSTIC,    19, -5.278867991302e-01, 9.669371279390e-05, 8.8710e+00, 3.3914e-01, 
 2DIAGNOSTIC,    20, -5.280215904940e-01, 9.868857729950e-05, 9.3650e+00, 4.9406e-01, 
 2DIAGNOSTIC,    21, -5.280219838720e-01, 9.296664075299e-05, 9.6281e+00, 2.6304e-01, 
 2DIAGNOSTIC,    22, -5.280255212322e-01, 8.313989665465e-05, 9.8909e+00, 2.6279e-01, 
 2DIAGNOSTIC,    23, -5.280371973540e-01, 6.850126107725e-05, 1.0148e+01, 2.5685e-01, 
 2DIAGNOSTIC,    24, -5.280534190694e-01, 5.207900194183e-05, 1.0409e+01, 2.6131e-01, 
 2DIAGNOSTIC,    25, -5.280541098937e-01, 3.935631180158e-05, 1.0742e+01, 3.3316e-01, 
 2DIAGNOSTIC,    26, -5.280547459172e-01, 2.661215294752e-05, 1.1108e+01, 3.6538e-01, 
 2DIAGNOSTIC,    27, -5.280535458791e-01, 1.381221078656e-05, 1.1448e+01, 3.4069e-01, 
 2DIAGNOSTIC,    28, -5.280522501365e-01, 5.615715465111e-06, 1.1777e+01, 3.2866e-01, 
 2DIAGNOSTIC,    29, -5.280515338758e-01, 2.668409129686e-06, 1.2079e+01, 3.0207e-01, 
 2DIAGNOSTIC,    30, -5.280509327863e-01, 2.184489745025e-06, 1.2376e+01, 2.9673e-01, 
 2DIAGNOSTIC,    31, -5.280482128423e-01, 1.590099203572e-06, 1.2667e+01, 2.9104e-01, 
 2DIAGNOSTIC,    32, -5.280474676631e-01, 1.025960071406e-06, 1.2943e+01, 2.7667e-01, 
DIAGNOSTIC,Iteration,metricValue,convergenceValue,ITERATION_TIME_INDEX,SINCE_LAST
 2DIAGNOSTIC,     1, -4.831062789041e-01, 1.797693134862e+308, 1.5780e+01, 2.8362e+00, 
 2DIAGNOSTIC,     2, -4.833101237145e-01, 1.797693134862e+308, 1.7571e+01, 1.7914e+00, 
 2DIAGNOSTIC,     3, -4.835839252194e-01, 1.797693134862e+308, 1.9281e+01, 1.7104e+00, 
 2DIAGNOSTIC,     4, -4.842579176323e-01, 1.797693134862e+308, 2.1369e+01, 2.0879e+00, 
 2DIAGNOSTIC,     5, -4.848568265404e-01, 1.797693134862e+308, 2.5365e+01, 3.9959e+00, 
 2DIAGNOSTIC,     6, -4.848578918332e-01, 1.797693134862e+308, 2.7308e+01, 1.9432e+00, 
 2DIAGNOSTIC,     7, -4.848586395778e-01, 1.797693134862e+308, 2.9250e+01, 1.9413e+00, 
 2DIAGNOSTIC,     8, -4.848585128846e-01, 1.797693134862e+308, 3.1033e+01, 1.7834e+00, 
 2DIAGNOSTIC,     9, -4.848584988713e-01, 1.797693134862e+308, 3.2859e+01, 1.8257e+00, 
 2DIAGNOSTIC,    10, -4.848607286430e-01, 2.544880075542e-04, 3.4667e+01, 1.8083e+00, 
 2DIAGNOSTIC,    11, -4.848621851741e-01, 1.677185351481e-04, 3.6607e+01, 1.9397e+00, 
 2DIAGNOSTIC,    12, -4.848635070128e-01, 9.116634766988e-05, 3.8315e+01, 1.7083e+00, 
 2DIAGNOSTIC,    13, -4.848659706523e-01, 3.033189317068e-05, 3.9931e+01, 1.6161e+00, 
 2DIAGNOSTIC,    14, -4.848725893957e-01, 3.460529460875e-06, 4.1789e+01, 1.8581e+00, 
 2DIAGNOSTIC,    15, -4.848805462837e-01, 3.790230229034e-06, 4.3506e+01, 1.7173e+00, 
 2DIAGNOSTIC,    16, -4.848943259313e-01, 4.463732703255e-06, 4.5219e+01, 1.7127e+00, 
 2DIAGNOSTIC,    17, -4.849086988641e-01, 5.345365391991e-06, 4.7222e+01, 2.0032e+00, 
 2DIAGNOSTIC,    18, -4.849119628618e-01, 5.905948344251e-06, 4.9287e+01, 2.0642e+00, 
 2DIAGNOSTIC,    19, -4.849118268455e-01, 6.023423503879e-06, 5.1302e+01, 2.0153e+00, 
 2DIAGNOSTIC,    20, -4.849109222936e-01, 5.766338741345e-06, 5.3506e+01, 2.2046e+00, 
 2DIAGNOSTIC,    21, -4.849108219710e-01, 5.178828143444e-06, 5.5757e+01, 2.2508e+00, 
 2DIAGNOSTIC,    22, -4.849107705010e-01, 4.331861371373e-06, 5.7768e+01, 2.0104e+00, 
 2DIAGNOSTIC,    23, -4.849102401140e-01, 3.338139003835e-06, 5.9634e+01, 1.8660e+00, 
 2DIAGNOSTIC,    24, -4.849103930085e-01, 2.413894167871e-06, 6.1867e+01, 2.2334e+00, 
 2DIAGNOSTIC,    25, -4.849105618757e-01, 1.648225899258e-06, 6.3707e+01, 1.8400e+00, 
 2DIAGNOSTIC,    26, -4.849105749859e-01, 1.208663108897e-06, 6.5963e+01, 2.2559e+00, 
 2DIAGNOSTIC,    27, -4.849105620603e-01, 1.112758889990e-06, 6.7805e+01, 1.8423e+00, 
 2DIAGNOSTIC,    28, -4.849105236732e-01, 1.097541960593e-06, 6.9683e+01, 1.8778e+00, 
 2DIAGNOSTIC,    29, -4.849104602711e-01, 1.083510002081e-06, 7.1384e+01, 1.7011e+00, 
 2DIAGNOSTIC,    30, -4.849104282808e-01, 1.053247870100e-06, 7.3142e+01, 1.7575e+00, 
 2DIAGNOSTIC,    31, -4.849104492589e-01, 1.024079321989e-06, 7.5104e+01, 1.9629e+00, 
  Elapsed time (stage 0): 7.6181e+01


Total elapsed time: 7.6183e+01
Info [verificarlo]: loaded backend libinterflop_ieee.so
Info [interflop-ieee]: load backend with:
Info [interflop-ieee]: debug = false
Info [interflop-ieee]: debug-binary = false
Info [interflop-ieee]: no-backend-name = false
Info [interflop-ieee]: print-new-line = false
Info [interflop-ieee]: print-subnormal-normalized = false
Info [interflop-ieee]: count-op = false
All_Command_lines_OK
Using double precision for computations.
=============================================================================
The composite transform comprises the following transforms (in order): 
  1. /home/mdugre/scratch/mri-registration-rp/datasets/ds004513/derivatives/mri-registration-rp/0100/antsRegistration-r7-p9/sub-s037/affine_Composite.h5[0] (type = Euler3DTransform)
  2. /home/mdugre/scratch/mri-registration-rp/datasets/ds004513/derivatives/mri-registration-rp/0100/antsRegistration-r7-p9/sub-s037/affine_Composite.h5[1] (type = Euler3DTransform)
  3. /home/mdugre/scratch/mri-registration-rp/datasets/ds004513/derivatives/mri-registration-rp/0100/antsRegistration-r7-p9/sub-s037/affine_Composite.h5[2] (type = Euler3DTransform)
  4. /home/mdugre/scratch/mri-registration-rp/datasets/ds004513/derivatives/mri-registration-rp/0100/antsRegistration-r7-p9/sub-s037/affine_Composite.h5[3] (type = AffineTransform)
=============================================================================
  number of levels = 4
  fixed image: /templateflow/tpl-MNI152NLin2009cAsym/tpl-MNI152NLin2009cAsym_res-01_desc-brain_T1w.nii.gz
  moving image: /home/mdugre/scratch/mri-registration-rp/datasets/ds004513/derivatives/mri-registration-rp/antsBrainExtraction/sub-s037/BrainExtractionBrain.nii.gz
Dimension = 3
Number of stages = 1
Use histogram matching = false
Winsorize image intensities = true
  Lower quantile = 0.005
  Upper quantile = 0.995


Stage 1 State
   Image metric = CC
     Fixed image = Image (0x49fca40)
  RTTI typeinfo:   itk::Image<double, 3u>
  Reference Count: 2
  Modified Time: 1606
  Debug: Off
  Object Name: 
  Observers: 
    none
  Source: (none)
  Source output name: (none)
  Release Data: Off
  Data Released: False
  Global Release Data: Off
  PipelineMTime: 0
  UpdateMTime: 1217
  RealTimeStamp: 0 seconds 
  LargestPossibleRegion: 
    Dimension: 3
    Index: [0, 0, 0]
    Size: [193, 229, 193]
  BufferedRegion: 
    Dimension: 3
    Index: [0, 0, 0]
    Size: [193, 229, 193]
  RequestedRegion: 
    Dimension: 3
    Index: [0, 0, 0]
    Size: [193, 229, 193]
  Spacing: [1, 1, 1]
  Origin: [96, 132, -78]
  Direction: 
-1 0 0
0 -1 0
0 0 1

  IndexToPointMatrix: 
-1 0 0
0 -1 0
0 0 1

  PointToIndexMatrix: 
-1 0 0
0 -1 0
0 0 1

  Inverse Direction: 
-1 0 0
0 -1 0
0 0 1

  PixelContainer: 
    ImportImageContainer (0x4acb780)
      RTTI typeinfo:   itk::ImportImageContainer<unsigned long, double>
      Reference Count: 1
      Modified Time: 1214
      Debug: Off
      Object Name: 
      Observers: 
        none
      Pointer: 0x14b62a5a5010
      Container manages memory: true
      Size: 8530021
      Capacity: 8530021

     Moving image = Image (0x4acd390)
  RTTI typeinfo:   itk::Image<double, 3u>
  Reference Count: 2
  Modified Time: 1607
  Debug: Off
  Object Name: 
  Observers: 
    none
  Source: (none)
  Source output name: (none)
  Release Data: Off
  Data Released: False
  Global Release Data: Off
  PipelineMTime: 0
  UpdateMTime: 1604
  RealTimeStamp: 0 seconds 
  LargestPossibleRegion: 
    Dimension: 3
    Index: [0, 0, 0]
    Size: [160, 240, 256]
  BufferedRegion: 
    Dimension: 3
    Index: [0, 0, 0]
    Size: [160, 240, 256]
  RequestedRegion: 
    Dimension: 3
    Index: [0, 0, 0]
    Size: [160, 240, 256]
  Spacing: [1, 1, 1]
  Origin: [87.9508, 102.562, -147.639]
  Direction: 
-0.998659 -0.0436121 -0.0279129
0.043595 -0.999049 0.00121847
-0.0279395 -2.65543e-08 0.99961

  IndexToPointMatrix: 
-0.998659 -0.0436121 -0.0279129
0.043595 -0.999049 0.00121847
-0.0279395 -2.65543e-08 0.99961

  PointToIndexMatrix: 
-0.998659 0.043595 -0.0279395
-0.0436121 -0.999049 -2.65517e-08
-0.0279129 0.00121847 0.99961

  Inverse Direction: 
-0.998659 0.043595 -0.0279395
-0.0436121 -0.999049 -2.65517e-08
-0.0279129 0.00121847 0.99961

  PixelContainer: 
    ImportImageContainer (0x4a826f0)
      RTTI typeinfo:   itk::ImportImageContainer<unsigned long, double>
      Reference Count: 1
      Modified Time: 1601
      Debug: Off
      Object Name: 
      Observers: 
        none
      Pointer: 0x14b625aa4010
      Container manages memory: true
      Size: 9830400
      Capacity: 9830400

     Weighting = 1
     Sampling strategy = none
     Number of bins = 32
     Radius = 4
     Sampling percentage  = 1
   Transform = SyN
     Gradient step = 0.1
     Update field sigma (voxel space) = 3
     Total field sigma (voxel space) = 0
     Update field time sigma = 0
     Total field time sigma  = 0
     Number of time indices = 0
     Number of time point samples = 0
Registration using 1 total stages.

Stage 0
  iterations = 100x70x50x20
  convergence threshold = 1e-06
  convergence window size = 10
  number of levels = 4
