
##########################
# Experiment information #
##########################

EXPERIMENT_NAME: antsRegistration-r7-p19
VFC_BACKENDS: libinterflop_vprec.so --range-binary32=7 --precision-binary32=19 --range-binary64=7 --precision-binary64=19

SIF_IMG: /home/mdugre/projects/rrg-glatard/mdugre/containers/ants-vprec-no_metrics.simg

SUBJECT_ID: s035
INPUT_IMG: /home/mdugre/scratch/mri-registration-rp/datasets/ds004513/derivatives/mri-registration-rp/antsBrainExtraction/sub-s035/BrainExtractionBrain.nii.gz
OUTPUT_DIR: /home/mdugre/scratch/mri-registration-rp/datasets/ds004513/derivatives/mri-registration-rp/0100/antsRegistration-r7-p19/sub-s035

FIXED_IMG: /templateflow/tpl-MNI152NLin2009cAsym/tpl-MNI152NLin2009cAsym_res-01_desc-brain_T1w.nii.gz
DATA_DIR: /home/mdugre/scratch/mri-registration-rp/datasets/ds004513
TEMPLATEFLOW_DIR: /home/mdugre/projects/rrg-glatard/mdugre/templateflow
ITK_GLOBAL_DEFAULT_NUMBER_OF_THREADS: 16
##########################

Info [verificarlo]: loaded backend libinterflop_ieee.so
Info [interflop-ieee]: load backend with:
Info [interflop-ieee]: debug = false
Info [interflop-ieee]: debug-binary = false
Info [interflop-ieee]: no-backend-name = false
Info [interflop-ieee]: print-new-line = false
Info [interflop-ieee]: print-subnormal-normalized = false
Info [interflop-ieee]: count-op = false
All_Command_lines_OK
Using double precision for computations.
=============================================================================
The composite transform comprises the following transforms (in order): 
  1. Center of mass alignment using fixed image: /templateflow/tpl-MNI152NLin2009cAsym/tpl-MNI152NLin2009cAsym_res-01_desc-brain_T1w.nii.gz and moving image: /home/mdugre/scratch/mri-registration-rp/datasets/ds004513/derivatives/mri-registration-rp/antsBrainExtraction/sub-s035/BrainExtractionBrain.nii.gz (type = Euler3DTransform)
=============================================================================
  number of levels = 1
  fixed image: /templateflow/tpl-MNI152NLin2009cAsym/tpl-MNI152NLin2009cAsym_res-01_desc-brain_T1w.nii.gz
  moving image: /home/mdugre/scratch/mri-registration-rp/datasets/ds004513/derivatives/mri-registration-rp/antsBrainExtraction/sub-s035/BrainExtractionBrain.nii.gz
Dimension = 3
Number of stages = 1
Use histogram matching = false
Winsorize image intensities = true
  Lower quantile = 0.005
  Upper quantile = 0.995


Stage 1 State
   Image metric = MattesMI
     Fixed image = Image (0x50a3e70)
  RTTI typeinfo:   itk::Image<double, 3u>
  Reference Count: 2
  Modified Time: 2330
  Debug: Off
  Object Name: 
  Observers: 
    none
  Source: (none)
  Source output name: (none)
  Release Data: Off
  Data Released: False
  Global Release Data: Off
  PipelineMTime: 0
  UpdateMTime: 1941
  RealTimeStamp: 0 seconds 
  LargestPossibleRegion: 
    Dimension: 3
    Index: [0, 0, 0]
    Size: [193, 229, 193]
  BufferedRegion: 
    Dimension: 3
    Index: [0, 0, 0]
    Size: [193, 229, 193]
  RequestedRegion: 
    Dimension: 3
    Index: [0, 0, 0]
    Size: [193, 229, 193]
  Spacing: [1, 1, 1]
  Origin: [96, 132, -78]
  Direction: 
-1 0 0
0 -1 0
0 0 1

  IndexToPointMatrix: 
-1 0 0
0 -1 0
0 0 1

  PointToIndexMatrix: 
-1 0 0
0 -1 0
0 0 1

  Inverse Direction: 
-1 0 0
0 -1 0
0 0 1

  PixelContainer: 
    ImportImageContainer (0x50acc60)
      RTTI typeinfo:   itk::ImportImageContainer<unsigned long, double>
      Reference Count: 1
      Modified Time: 1938
      Debug: Off
      Object Name: 
      Observers: 
        none
      Pointer: 0x14855917c010
      Container manages memory: true
      Size: 8530021
      Capacity: 8530021

     Moving image = Image (0x5140ec0)
  RTTI typeinfo:   itk::Image<double, 3u>
  Reference Count: 2
  Modified Time: 2331
  Debug: Off
  Object Name: 
  Observers: 
    none
  Source: (none)
  Source output name: (none)
  Release Data: Off
  Data Released: False
  Global Release Data: Off
  PipelineMTime: 0
  UpdateMTime: 2328
  RealTimeStamp: 0 seconds 
  LargestPossibleRegion: 
    Dimension: 3
    Index: [0, 0, 0]
    Size: [160, 240, 256]
  BufferedRegion: 
    Dimension: 3
    Index: [0, 0, 0]
    Size: [160, 240, 256]
  RequestedRegion: 
    Dimension: 3
    Index: [0, 0, 0]
    Size: [160, 240, 256]
  Spacing: [1, 1, 1]
  Origin: [98.6438, 87.6358, -117.989]
  Direction: 
-0.993515 -0.100993 -0.0522355
0.100854 -0.994887 0.00530255
-0.0525039 1.93537e-08 0.998621

  IndexToPointMatrix: 
-0.993515 -0.100993 -0.0522355
0.100854 -0.994887 0.00530255
-0.0525039 1.93537e-08 0.998621

  PointToIndexMatrix: 
-0.993515 0.100854 -0.0525039
-0.100993 -0.994887 1.93006e-08
-0.0522355 0.00530255 0.998621

  Inverse Direction: 
-0.993515 0.100854 -0.0525039
-0.100993 -0.994887 1.93006e-08
-0.0522355 0.00530255 0.998621

  PixelContainer: 
    ImportImageContainer (0x51d8610)
      RTTI typeinfo:   itk::ImportImageContainer<unsigned long, double>
      Reference Count: 1
      Modified Time: 2325
      Debug: Off
      Object Name: 
      Observers: 
        none
      Pointer: 0x14855467b010
      Container manages memory: true
      Size: 9830400
      Capacity: 9830400

     Weighting = 1
     Sampling strategy = regular
     Number of bins = 32
     Radius = 4
     Sampling percentage  = 0.25
   Transform = Rigid
     Gradient step = 0.1
     Update field sigma (voxel space) = 0
     Total field sigma (voxel space) = 0
     Update field time sigma = 0
     Total field time sigma  = 0
     Number of time indices = 0
     Number of time point samples = 0
Registration using 1 total stages.

Stage 0
  iterations = 0
  convergence threshold = 1e-06
  convergence window size = 10
  number of levels = 1
  using the Mattes MI metric (number of bins = 32, weight = 1, use gradient filter = 0)
  preprocessing:  winsorizing the image intensities
  Shrink factors (level 1 out of 1): [1, 1, 1]
  smoothing sigmas per level: [0]
  regular sampling (percentage = 0.25)

*** Running Euler3DTransform registration ***

  Elapsed time (stage 0): 1.08573


Total elapsed time: 1.08818
Info [verificarlo]: loaded backend libinterflop_vprec.so
Info [interflop-vprec]: load backend with: 
Info [interflop-vprec]: precision-binary32 = 19
Info [interflop-vprec]: range-binary32 = 7
Info [interflop-vprec]: precision-binary64 = 19
Info [interflop-vprec]: range-binary64 = 7
Info [interflop-vprec]: mode = ob
Info [interflop-vprec]: error-mode = rel
Info [interflop-vprec]: max-abs-error-exponent = -1022
Info [interflop-vprec]: daz = false
Info [interflop-vprec]: ftz = false
Info [interflop-vprec]: 	instrument = none
Info [interflop-vprec]: 	prec-input-file = (null)
Info [interflop-vprec]: 	prec-output-file = (null)
Info [interflop-vprec]: 	prec-log-file = (null)
All_Command_lines_OK
Using double precision for computations.
=============================================================================
The composite transform comprises the following transforms (in order): 
  1. /home/mdugre/scratch/mri-registration-rp/datasets/ds004513/derivatives/mri-registration-rp/0100/antsRegistration-r7-p19/sub-s035/align_Composite.h5[0] (type = Euler3DTransform)
  2. /home/mdugre/scratch/mri-registration-rp/datasets/ds004513/derivatives/mri-registration-rp/0100/antsRegistration-r7-p19/sub-s035/align_Composite.h5[1] (type = Euler3DTransform)
=============================================================================
  number of levels = 4
  fixed image: /templateflow/tpl-MNI152NLin2009cAsym/tpl-MNI152NLin2009cAsym_res-01_desc-brain_T1w.nii.gz
  moving image: /home/mdugre/scratch/mri-registration-rp/datasets/ds004513/derivatives/mri-registration-rp/antsBrainExtraction/sub-s035/BrainExtractionBrain.nii.gz
Dimension = 3
Number of stages = 1
Use histogram matching = false
Winsorize image intensities = true
  Lower quantile = 0.005
  Upper quantile = 0.995


Stage 1 State
   Image metric = MattesMI
     Fixed image = Image (0x4bfd1e0)
  RTTI typeinfo:   itk::Image<double, 3u>
  Reference Count: 2
  Modified Time: 1578
  Debug: Off
  Object Name: 
  Observers: 
    none
  Source: (none)
  Source output name: (none)
  Release Data: Off
  Data Released: False
  Global Release Data: Off
  PipelineMTime: 0
  UpdateMTime: 1189
  RealTimeStamp: 0 seconds 
  LargestPossibleRegion: 
    Dimension: 3
    Index: [0, 0, 0]
    Size: [193, 229, 193]
  BufferedRegion: 
    Dimension: 3
    Index: [0, 0, 0]
    Size: [193, 229, 193]
  RequestedRegion: 
    Dimension: 3
    Index: [0, 0, 0]
    Size: [193, 229, 193]
  Spacing: [1, 1, 1]
  Origin: [96, 132, -78]
  Direction: 
-1 0 0
0 -1 0
0 0 1

  IndexToPointMatrix: 
-1 0 0
0 -1 0
0 0 1

  PointToIndexMatrix: 
-1 0 0
0 -1 0
0 0 1

  Inverse Direction: 
-1 0 0
0 -1 0
0 0 1

  PixelContainer: 
    ImportImageContainer (0x4cbc680)
      RTTI typeinfo:   itk::ImportImageContainer<unsigned long, double>
      Reference Count: 1
      Modified Time: 1186
      Debug: Off
      Object Name: 
      Observers: 
        none
      Pointer: 0x1537cf09f010
      Container manages memory: true
      Size: 8530021
      Capacity: 8530021

     Moving image = Image (0x4cb8b20)
  RTTI typeinfo:   itk::Image<double, 3u>
  Reference Count: 2
  Modified Time: 1579
  Debug: Off
  Object Name: 
  Observers: 
    none
  Source: (none)
  Source output name: (none)
  Release Data: Off
  Data Released: False
  Global Release Data: Off
  PipelineMTime: 0
  UpdateMTime: 1576
  RealTimeStamp: 0 seconds 
  LargestPossibleRegion: 
    Dimension: 3
    Index: [0, 0, 0]
    Size: [160, 240, 256]
  BufferedRegion: 
    Dimension: 3
    Index: [0, 0, 0]
    Size: [160, 240, 256]
  RequestedRegion: 
    Dimension: 3
    Index: [0, 0, 0]
    Size: [160, 240, 256]
  Spacing: [1, 1, 1]
  Origin: [98.6438, 87.6359, -117.989]
  Direction: 
-0.993515 -0.100993 -0.0522355
0.100854 -0.994887 0.00530255
-0.0525039 1.93537e-08 0.998621

  IndexToPointMatrix: 
-0.993515 -0.100993 -0.0522355
0.100854 -0.994887 0.00530255
-0.0525039 1.93537e-08 0.998621

  PointToIndexMatrix: 
-0.993515 0.100854 -0.0525039
-0.100993 -0.994887 -2.00048e-06
-0.0522356 0.00530149 0.998621

  Inverse Direction: 
-0.993515 0.100854 -0.0525039
-0.100993 -0.994887 -2.00048e-06
-0.0522356 0.00530149 0.998621

  PixelContainer: 
    ImportImageContainer (0x4d21d50)
      RTTI typeinfo:   itk::ImportImageContainer<unsigned long, double>
      Reference Count: 1
      Modified Time: 1573
      Debug: Off
      Object Name: 
      Observers: 
        none
      Pointer: 0x1537ca59e010
      Container manages memory: true
      Size: 9830400
      Capacity: 9830400

     Weighting = 1
     Sampling strategy = regular
     Number of bins = 32
     Radius = 4
     Sampling percentage  = 0.25
   Transform = Rigid
     Gradient step = 0.1
     Update field sigma (voxel space) = 0
     Total field sigma (voxel space) = 0
     Update field time sigma = 0
     Total field time sigma  = 0
     Number of time indices = 0
     Number of time point samples = 0
Registration using 1 total stages.

Stage 0
  iterations = 1000x500x250x100
  convergence threshold = 1e-06
  convergence window size = 10
  number of levels = 4
  using the Mattes MI metric (number of bins = 32, weight = 1, use gradient filter = 0)
  preprocessing:  winsorizing the image intensities
  Shrink factors (level 1 out of 4): [8, 8, 8]
  Shrink factors (level 2 out of 4): [4, 4, 4]
  Shrink factors (level 3 out of 4): [2, 2, 2]
  Shrink factors (level 4 out of 4): [1, 1, 1]
  smoothing sigmas per level: [3, 2, 1, 0]
  regular sampling (percentage = 0.25)

*** Running Euler3DTransform registration ***

DIAGNOSTIC,Iteration,metricValue,convergenceValue,ITERATION_TIME_INDEX,SINCE_LAST
 2DIAGNOSTIC,     1, -5.238659408410e-01, 1.797693134862e+308, 0.0000e+00, 0.0000e+00, 
 2DIAGNOSTIC,     2, -5.258068814036e-01, 1.797693134862e+308, 0.0000e+00, 0.0000e+00, 
 2DIAGNOSTIC,     3, -5.278863227341e-01, 1.797693134862e+308, 0.0000e+00, 0.0000e+00, 
 2DIAGNOSTIC,     4, -5.301993987272e-01, 1.797693134862e+308, 0.0000e+00, 0.0000e+00, 
 2DIAGNOSTIC,     5, -5.344216874499e-01, 1.797693134862e+308, 0.0000e+00, 0.0000e+00, 
 2DIAGNOSTIC,     6, -5.400512253052e-01, 1.797693134862e+308, 0.0000e+00, 0.0000e+00, 
 2DIAGNOSTIC,     7, -5.492038593685e-01, 1.797693134862e+308, 0.0000e+00, 0.0000e+00, 
 2DIAGNOSTIC,     8, -5.543778405704e-01, 1.797693134862e+308, 0.0000e+00, 0.0000e+00, 
 2DIAGNOSTIC,     9, -5.605696894397e-01, 1.797693134862e+308, 0.0000e+00, 0.0000e+00, 
 2DIAGNOSTIC,    10, -5.617773433290e-01, 5.084028442822e-03, 0.0000e+00, 0.0000e+00, 
 2DIAGNOSTIC,    11, -5.647926137080e-01, 4.796669152656e-03, 0.0000e+00, 0.0000e+00, 
 2DIAGNOSTIC,    12, -5.655364732423e-01, 4.241209363692e-03, 0.0000e+00, 0.0000e+00, 
 2DIAGNOSTIC,    13, -5.666351393253e-01, 3.517849249759e-03, 0.0000e+00, 0.0000e+00, 
 2DIAGNOSTIC,    14, -5.878353906635e-01, 3.444209049289e-03, 0.0000e+00, 0.0000e+00, 
 2DIAGNOSTIC,    15, -6.081076437814e-01, 3.878743542397e-03, 0.0000e+00, 0.0000e+00, 
 2DIAGNOSTIC,    16, -6.177872939947e-01, 4.369480638290e-03, 0.0000e+00, 0.0000e+00, 
 2DIAGNOSTIC,    17, -6.219511336950e-01, 4.798754316857e-03, 0.0000e+00, 0.0000e+00, 
 2DIAGNOSTIC,    18, -6.392019622084e-01, 5.356180697118e-03, 0.0000e+00, 0.0000e+00, 
 2DIAGNOSTIC,    19, -6.552970505989e-01, 5.912960535082e-03, 0.0000e+00, 0.0000e+00, 
 2DIAGNOSTIC,    20, -6.588507900445e-01, 5.959566063558e-03, 0.0000e+00, 0.0000e+00, 
 2DIAGNOSTIC,    21, -6.571926121908e-01, 5.493101016841e-03, 0.0000e+00, 0.0000e+00, 
 2DIAGNOSTIC,    22, -6.612665129765e-01, 4.686653651579e-03, 0.0000e+00, 0.0000e+00, 
 2DIAGNOSTIC,    23, -6.643195898866e-01, 3.596602611960e-03, 0.0000e+00, 0.0000e+00, 
 2DIAGNOSTIC,    24, -6.647827644743e-01, 2.692824469715e-03, 0.0000e+00, 0.0000e+00, 
 2DIAGNOSTIC,    25, -6.656970891591e-01, 2.025887715970e-03, 0.0000e+00, 0.0000e+00, 
 2DIAGNOSTIC,    26, -6.663101241478e-01, 1.422805135476e-03, 0.0000e+00, 0.0000e+00, 
 2DIAGNOSTIC,    27, -6.665106725942e-01, 8.075022513661e-04, 0.0000e+00, 0.0000e+00, 
 2DIAGNOSTIC,    28, -6.665889244839e-01, 4.498942934317e-04, 0.0000e+00, 0.0000e+00, 
 2DIAGNOSTIC,    29, -6.679003368532e-01, 3.593491552235e-04, 0.0000e+00, 0.0000e+00, 
 2DIAGNOSTIC,    30, -6.694578188963e-01, 3.232373164295e-04, 0.0000e+00, 0.0000e+00, 
 2DIAGNOSTIC,    31, -6.695854507821e-01, 2.344608566445e-04, 0.0000e+00, 0.0000e+00, 
 2DIAGNOSTIC,    32, -6.696302644626e-01, 1.892945075240e-04, 0.0000e+00, 0.0000e+00, 
 2DIAGNOSTIC,    33, -6.701803816031e-01, 1.805131022416e-04, 0.0000e+00, 0.0000e+00, 
 2DIAGNOSTIC,    34, -6.718264658916e-01, 1.833033103740e-04, 0.0000e+00, 0.0000e+00, 
 2DIAGNOSTIC,    35, -6.737290901362e-01, 2.047420526137e-04, 0.0000e+00, 0.0000e+00, 
 2DIAGNOSTIC,    36, -6.741997955708e-01, 2.192194022796e-04, 0.0000e+00, 0.0000e+00, 
 2DIAGNOSTIC,    37, -6.743752584321e-01, 2.176941022206e-04, 0.0000e+00, 0.0000e+00, 
 2DIAGNOSTIC,    38, -6.750841887273e-01, 2.051576907895e-04, 0.0000e+00, 0.0000e+00, 
 2DIAGNOSTIC,    39, -6.753476072649e-01, 1.913384684857e-04, 0.0000e+00, 0.0000e+00, 
 2DIAGNOSTIC,    40, -6.756210785266e-01, 1.807184427222e-04, 0.0000e+00, 0.0000e+00, 
 2DIAGNOSTIC,    41, -6.762065760778e-01, 1.617211189928e-04, 0.0000e+00, 0.0000e+00, 
 2DIAGNOSTIC,    42, -6.763767631068e-01, 1.309024906971e-04, 0.0000e+00, 0.0000e+00, 
 2DIAGNOSTIC,    43, -6.767053180895e-01, 9.826158921564e-05, 0.0000e+00, 0.0000e+00, 
 2DIAGNOSTIC,    44, -6.771660647386e-01, 7.909679983586e-05, 0.0000e+00, 0.0000e+00, 
 2DIAGNOSTIC,    45, -6.773822987897e-01, 7.454249541669e-05, 0.0000e+00, 0.0000e+00, 
 2DIAGNOSTIC,    46, -6.786953545842e-01, 8.067964379107e-05, 0.0000e+00, 0.0000e+00, 
 2DIAGNOSTIC,    47, -6.811283084071e-01, 1.034730691902e-04, 0.0000e+00, 0.0000e+00, 
 2DIAGNOSTIC,    48, -6.816228820722e-01, 1.262087137517e-04, 0.0000e+00, 0.0000e+00, 
 2DIAGNOSTIC,    49, -6.821666341791e-01, 1.436042138732e-04, 0.0000e+00, 0.0000e+00, 
 2DIAGNOSTIC,    50, -6.823311800432e-01, 1.505966123954e-04, 0.0000e+00, 0.0000e+00, 
 2DIAGNOSTIC,    51, -6.835472536976e-01, 1.586255138692e-04, 0.0000e+00, 0.0000e+00, 
 2DIAGNOSTIC,    52, -6.841799522238e-01, 1.574761189146e-04, 0.0000e+00, 0.0000e+00, 
 2DIAGNOSTIC,    53, -6.842658564595e-01, 1.447586079687e-04, 0.0000e+00, 0.0000e+00, 
 2DIAGNOSTIC,    54, -6.844930016586e-01, 1.249308543300e-04, 0.0000e+00, 0.0000e+00, 
 2DIAGNOSTIC,    55, -6.847405853719e-01, 9.767311292001e-05, 0.0000e+00, 0.0000e+00, 
 2DIAGNOSTIC,    56, -6.849361023733e-01, 7.348663075354e-05, 0.0000e+00, 0.0000e+00, 
 2DIAGNOSTIC,    57, -6.853706252156e-01, 6.541757520076e-05, 0.0000e+00, 0.0000e+00, 
 2DIAGNOSTIC,    58, -6.857795837844e-01, 5.830175088792e-05, 0.0000e+00, 0.0000e+00, 
 2DIAGNOSTIC,    59, -6.860209935808e-01, 5.188909907349e-05, 0.0000e+00, 0.0000e+00, 
 2DIAGNOSTIC,    60, -6.861964833325e-01, 4.308847544403e-05, 0.0000e+00, 0.0000e+00, 
 2DIAGNOSTIC,    61, -6.860991384716e-01, 3.851400800749e-05, 0.0000e+00, 0.0000e+00, 
 2DIAGNOSTIC,    62, -6.861018537205e-01, 3.500084935534e-05, 0.0000e+00, 0.0000e+00, 
 2DIAGNOSTIC,    63, -6.861028483500e-01, 2.884478688625e-05, 0.0000e+00, 0.0000e+00, 
 2DIAGNOSTIC,    64, -6.861037561114e-01, 2.170358759387e-05, 0.0000e+00, 0.0000e+00, 
 2DIAGNOSTIC,    65, -6.861045969522e-01, 1.446109198061e-05, 0.0000e+00, 0.0000e+00, 
 2DIAGNOSTIC,    66, -6.861054007109e-01, 7.401328009766e-06, 0.0000e+00, 0.0000e+00, 
 2DIAGNOSTIC,    67, -6.861263780210e-01, 2.853582205437e-06, 0.0000e+00, 0.0000e+00, 
 2DIAGNOSTIC,    68, -6.862514215212e-01, 1.625160032406e-06, 0.0000e+00, 0.0000e+00, 
 2DIAGNOSTIC,    69, -6.862671679970e-01, 1.900678790894e-06, 0.0000e+00, 0.0000e+00, 
 2DIAGNOSTIC,    70, -6.862750868790e-01, 3.206919395371e-06, 0.0000e+00, 0.0000e+00, 
 2DIAGNOSTIC,    71, -6.863008793462e-01, 3.781396087442e-06, 0.0000e+00, 0.0000e+00, 
 2DIAGNOSTIC,    72, -6.863025954224e-01, 4.039658738048e-06, 0.0000e+00, 0.0000e+00, 
 2DIAGNOSTIC,    73, -6.863026120022e-01, 3.940850200654e-06, 0.0000e+00, 0.0000e+00, 
 2DIAGNOSTIC,    74, -6.863024463576e-01, 3.513545935308e-06, 0.0000e+00, 0.0000e+00, 
 2DIAGNOSTIC,    75, -6.863023732233e-01, 2.819245557735e-06, 0.0000e+00, 0.0000e+00, 
 2DIAGNOSTIC,    76, -6.863018901265e-01, 1.921113005057e-06, 0.0000e+00, 0.0000e+00, 
 2DIAGNOSTIC,    77, -6.863032795535e-01, 1.012175652050e-06, 0.0000e+00, 0.0000e+00, 
DIAGNOSTIC,Iteration,metricValue,convergenceValue,ITERATION_TIME_INDEX,SINCE_LAST
 2DIAGNOSTIC,     1, -5.579334118132e-01, 1.797693134862e+308, 0.0000e+00, 0.0000e+00, 
 2DIAGNOSTIC,     2, -5.583709763627e-01, 1.797693134862e+308, 0.0000e+00, 0.0000e+00, 
 2DIAGNOSTIC,     3, -5.588426360510e-01, 1.797693134862e+308, 0.0000e+00, 0.0000e+00, 
 2DIAGNOSTIC,     4, -5.596580830944e-01, 1.797693134862e+308, 0.0000e+00, 0.0000e+00, 
 2DIAGNOSTIC,     5, -5.605786841273e-01, 1.797693134862e+308, 0.0000e+00, 0.0000e+00, 
 2DIAGNOSTIC,     6, -5.609248870299e-01, 1.797693134862e+308, 0.0000e+00, 0.0000e+00, 
 2DIAGNOSTIC,     7, -5.627185218645e-01, 1.797693134862e+308, 0.0000e+00, 0.0000e+00, 
 2DIAGNOSTIC,     8, -5.641243893108e-01, 1.797693134862e+308, 0.0000e+00, 0.0000e+00, 
 2DIAGNOSTIC,     9, -5.643072942643e-01, 1.797693134862e+308, 0.0000e+00, 0.0000e+00, 
 2DIAGNOSTIC,    10, -5.660872242670e-01, 9.415447213704e-04, 0.0000e+00, 0.0000e+00, 
 2DIAGNOSTIC,    11, -5.664059255652e-01, 9.033354187534e-04, 0.0000e+00, 0.0000e+00, 
 2DIAGNOSTIC,    12, -5.664096922960e-01, 8.090220325042e-04, 0.0000e+00, 0.0000e+00, 
 2DIAGNOSTIC,    13, -5.664210720617e-01, 6.751299518803e-04, 0.0000e+00, 0.0000e+00, 
 2DIAGNOSTIC,    14, -5.664188007097e-01, 5.286397508746e-04, 0.0000e+00, 0.0000e+00, 
 2DIAGNOSTIC,    15, -5.664073501503e-01, 3.844615382401e-04, 0.0000e+00, 0.0000e+00, 
 2DIAGNOSTIC,    16, -5.664002190149e-01, 2.326930672638e-04, 0.0000e+00, 0.0000e+00, 
 2DIAGNOSTIC,    17, -5.663935152338e-01, 1.303567300898e-04, 0.0000e+00, 0.0000e+00, 
 2DIAGNOSTIC,    18, -5.664041964779e-01, 6.785898645559e-05, 0.0000e+00, 0.0000e+00, 
 2DIAGNOSTIC,    19, -5.664063081162e-01, 9.494399970368e-06, 0.0000e+00, 0.0000e+00, 
DIAGNOSTIC,Iteration,metricValue,convergenceValue,ITERATION_TIME_INDEX,SINCE_LAST
 2DIAGNOSTIC,     1, -5.040596609762e-01, 1.797693134862e+308, 0.0000e+00, 0.0000e+00, 
 2DIAGNOSTIC,     2, -5.041951040532e-01, 1.797693134862e+308, 0.0000e+00, 0.0000e+00, 
 2DIAGNOSTIC,     3, -5.042679747703e-01, 1.797693134862e+308, 0.0000e+00, 0.0000e+00, 
 2DIAGNOSTIC,     4, -5.043255828165e-01, 1.797693134862e+308, 0.0000e+00, 0.0000e+00, 
 2DIAGNOSTIC,     5, -5.043404120535e-01, 1.797693134862e+308, 0.0000e+00, 0.0000e+00, 
 2DIAGNOSTIC,     6, -5.043521047583e-01, 1.797693134862e+308, 0.0000e+00, 0.0000e+00, 
 2DIAGNOSTIC,     7, -5.043583359961e-01, 1.797693134862e+308, 0.0000e+00, 0.0000e+00, 
 2DIAGNOSTIC,     8, -5.043744937322e-01, 1.797693134862e+308, 0.0000e+00, 0.0000e+00, 
 2DIAGNOSTIC,     9, -5.043987249146e-01, 1.797693134862e+308, 0.0000e+00, 0.0000e+00, 
 2DIAGNOSTIC,    10, -5.044648765581e-01, 4.121928137968e-05, 0.0000e+00, 0.0000e+00, 
 2DIAGNOSTIC,    11, -5.044653342278e-01, 2.903976970357e-05, 0.0000e+00, 0.0000e+00, 
 2DIAGNOSTIC,    12, -5.045087488337e-01, 2.493597596837e-05, 0.0000e+00, 0.0000e+00, 
 2DIAGNOSTIC,    13, -5.045286074729e-01, 2.339130310690e-05, 0.0000e+00, 0.0000e+00, 
 2DIAGNOSTIC,    14, -5.045297125149e-01, 2.248995885021e-05, 0.0000e+00, 0.0000e+00, 
 2DIAGNOSTIC,    15, -5.045295488774e-01, 2.040267017497e-05, 0.0000e+00, 0.0000e+00, 
 2DIAGNOSTIC,    16, -5.045290935402e-01, 1.730693789229e-05, 0.0000e+00, 0.0000e+00, 
 2DIAGNOSTIC,    17, -5.045280020677e-01, 1.333945366876e-05, 0.0000e+00, 0.0000e+00, 
 2DIAGNOSTIC,    18, -5.045292254466e-01, 9.285605722741e-06, 0.0000e+00, 0.0000e+00, 
 2DIAGNOSTIC,    19, -5.045285337752e-01, 5.620081965960e-06, 0.0000e+00, 0.0000e+00, 
 2DIAGNOSTIC,    20, -5.045292928957e-01, 3.863173282381e-06, 0.0000e+00, 0.0000e+00, 
 2DIAGNOSTIC,    21, -5.045291796867e-01, 2.044372913339e-06, 0.0000e+00, 0.0000e+00, 
 2DIAGNOSTIC,    22, -5.045286313750e-01, 1.425115696500e-06, 0.0000e+00, 0.0000e+00, 
 2DIAGNOSTIC,    23, -5.045294231068e-01, 1.366521150591e-06, 0.0000e+00, 0.0000e+00, 
 2DIAGNOSTIC,    24, -5.045286329492e-01, 1.320380969227e-06, 0.0000e+00, 0.0000e+00, 
 2DIAGNOSTIC,    25, -5.045285954942e-01, 1.274331197065e-06, 0.0000e+00, 0.0000e+00, 
 2DIAGNOSTIC,    26, -5.045285429696e-01, 1.221229942956e-06, 0.0000e+00, 0.0000e+00, 
 2DIAGNOSTIC,    27, -5.045285344936e-01, 1.148292861720e-06, 0.0000e+00, 0.0000e+00, 
 2DIAGNOSTIC,    28, -5.045286025467e-01, 1.109463654850e-06, 0.0000e+00, 0.0000e+00, 
 2DIAGNOSTIC,    29, -5.045277151081e-01, 1.044417074693e-06, 0.0000e+00, 0.0000e+00, 
 2DIAGNOSTIC,    30, -5.045277033681e-01, 1.003198709389e-06, 0.0000e+00, 0.0000e+00, 
DIAGNOSTIC,Iteration,metricValue,convergenceValue,ITERATION_TIME_INDEX,SINCE_LAST
 2DIAGNOSTIC,     1, -4.672415333420e-01, 1.797693134862e+308, 0.0000e+00, 0.0000e+00, 
 2DIAGNOSTIC,     2, -4.673340248643e-01, 1.797693134862e+308, 0.0000e+00, 0.0000e+00, 
 2DIAGNOSTIC,     3, -4.673442018339e-01, 1.797693134862e+308, 0.0000e+00, 0.0000e+00, 
 2DIAGNOSTIC,     4, -4.673453693041e-01, 1.797693134862e+308, 0.0000e+00, 0.0000e+00, 
 2DIAGNOSTIC,     5, -4.673447290975e-01, 1.797693134862e+308, 0.0000e+00, 0.0000e+00, 
 2DIAGNOSTIC,     6, -4.673448810101e-01, 1.797693134862e+308, 0.0000e+00, 0.0000e+00, 
 2DIAGNOSTIC,     7, -4.673448284759e-01, 1.797693134862e+308, 0.0000e+00, 0.0000e+00, 
 2DIAGNOSTIC,     8, -4.673448256284e-01, 1.797693134862e+308, 0.0000e+00, 0.0000e+00, 
 2DIAGNOSTIC,     9, -4.673438689760e-01, 1.797693134862e+308, 0.0000e+00, 0.0000e+00, 
 2DIAGNOSTIC,    10, -4.673437889692e-01, 9.927502150925e-06, 0.0000e+00, 0.0000e+00, 
 2DIAGNOSTIC,    11, -4.673435401025e-01, 3.334440344324e-06, 0.0000e+00, 0.0000e+00, 
 2DIAGNOSTIC,    12, -4.673431813277e-01, 2.454057659834e-06, 0.0000e+00, 0.0000e+00, 
 2DIAGNOSTIC,    13, -4.673432258292e-01, 2.203102041409e-06, 0.0000e+00, 0.0000e+00, 
 2DIAGNOSTIC,    14, -4.673432537528e-01, 2.062646523013e-06, 0.0000e+00, 0.0000e+00, 
 2DIAGNOSTIC,    15, -4.673422691915e-01, 1.893437532471e-06, 0.0000e+00, 0.0000e+00, 
 2DIAGNOSTIC,    16, -4.673422594593e-01, 1.771927184688e-06, 0.0000e+00, 0.0000e+00, 
 2DIAGNOSTIC,    17, -4.673424567811e-01, 1.688723245720e-06, 0.0000e+00, 0.0000e+00, 
 2DIAGNOSTIC,    18, -4.673423261596e-01, 1.626711632861e-06, 0.0000e+00, 0.0000e+00, 
 2DIAGNOSTIC,    19, -4.673420665324e-01, 1.544984241937e-06, 0.0000e+00, 0.0000e+00, 
 2DIAGNOSTIC,    20, -4.673421755637e-01, 1.484813841907e-06, 0.0000e+00, 0.0000e+00, 
 2DIAGNOSTIC,    21, -4.673420952586e-01, 1.430487728375e-06, 0.0000e+00, 0.0000e+00, 
 2DIAGNOSTIC,    22, -4.673419197771e-01, 1.373279293913e-06, 0.0000e+00, 0.0000e+00, 
 2DIAGNOSTIC,    23, -4.673421253022e-01, 1.333989463642e-06, 0.0000e+00, 0.0000e+00, 
 2DIAGNOSTIC,    24, -4.673424548963e-01, 1.311975095203e-06, 0.0000e+00, 0.0000e+00, 
 2DIAGNOSTIC,    25, -4.673425886592e-01, 1.271733860969e-06, 0.0000e+00, 0.0000e+00, 
 2DIAGNOSTIC,    26, -4.673425730082e-01, 1.233605919110e-06, 0.0000e+00, 0.0000e+00, 
 2DIAGNOSTIC,    27, -4.673426051986e-01, 1.202502551326e-06, 0.0000e+00, 0.0000e+00, 
 2DIAGNOSTIC,    28, -4.673426772418e-01, 1.169867915436e-06, 0.0000e+00, 0.0000e+00, 
 2DIAGNOSTIC,    29, -4.673425203175e-01, 1.126956369897e-06, 0.0000e+00, 0.0000e+00, 
 2DIAGNOSTIC,    30, -4.673423418438e-01, 1.082515108747e-06, 0.0000e+00, 0.0000e+00, 
 2DIAGNOSTIC,    31, -4.673420491897e-01, 1.031603298660e-06, 0.0000e+00, 0.0000e+00, 
  Elapsed time (stage 0): 0.0000e+00


Total elapsed time: 0.0000e+00
Info [verificarlo]: loaded backend libinterflop_ieee.so
Info [interflop-ieee]: load backend with:
Info [interflop-ieee]: debug = false
Info [interflop-ieee]: debug-binary = false
Info [interflop-ieee]: no-backend-name = false
Info [interflop-ieee]: print-new-line = false
Info [interflop-ieee]: print-subnormal-normalized = false
Info [interflop-ieee]: count-op = false
All_Command_lines_OK
Using double precision for computations.
=============================================================================
The composite transform comprises the following transforms (in order): 
  1. /home/mdugre/scratch/mri-registration-rp/datasets/ds004513/derivatives/mri-registration-rp/0100/antsRegistration-r7-p19/sub-s035/rigid_Composite.h5[0] (type = Euler3DTransform)
  2. /home/mdugre/scratch/mri-registration-rp/datasets/ds004513/derivatives/mri-registration-rp/0100/antsRegistration-r7-p19/sub-s035/rigid_Composite.h5[1] (type = Euler3DTransform)
  3. /home/mdugre/scratch/mri-registration-rp/datasets/ds004513/derivatives/mri-registration-rp/0100/antsRegistration-r7-p19/sub-s035/rigid_Composite.h5[2] (type = Euler3DTransform)
=============================================================================
  number of levels = 4
  fixed image: /templateflow/tpl-MNI152NLin2009cAsym/tpl-MNI152NLin2009cAsym_res-01_desc-brain_T1w.nii.gz
  moving image: /home/mdugre/scratch/mri-registration-rp/datasets/ds004513/derivatives/mri-registration-rp/antsBrainExtraction/sub-s035/BrainExtractionBrain.nii.gz
Dimension = 3
Number of stages = 1
Use histogram matching = false
Winsorize image intensities = true
  Lower quantile = 0.005
  Upper quantile = 0.995


Stage 1 State
   Image metric = MattesMI
     Fixed image = Image (0x371f7e0)
  RTTI typeinfo:   itk::Image<double, 3u>
  Reference Count: 2
  Modified Time: 1592
  Debug: Off
  Object Name: 
  Observers: 
    none
  Source: (none)
  Source output name: (none)
  Release Data: Off
  Data Released: False
  Global Release Data: Off
  PipelineMTime: 0
  UpdateMTime: 1203
  RealTimeStamp: 0 seconds 
  LargestPossibleRegion: 
    Dimension: 3
    Index: [0, 0, 0]
    Size: [193, 229, 193]
  BufferedRegion: 
    Dimension: 3
    Index: [0, 0, 0]
    Size: [193, 229, 193]
  RequestedRegion: 
    Dimension: 3
    Index: [0, 0, 0]
    Size: [193, 229, 193]
  Spacing: [1, 1, 1]
  Origin: [96, 132, -78]
  Direction: 
-1 0 0
0 -1 0
0 0 1

  IndexToPointMatrix: 
-1 0 0
0 -1 0
0 0 1

  PointToIndexMatrix: 
-1 0 0
0 -1 0
0 0 1

  Inverse Direction: 
-1 0 0
0 -1 0
0 0 1

  PixelContainer: 
    ImportImageContainer (0x37ea880)
      RTTI typeinfo:   itk::ImportImageContainer<unsigned long, double>
      Reference Count: 1
      Modified Time: 1200
      Debug: Off
      Object Name: 
      Observers: 
        none
      Pointer: 0x146b4e5ca010
      Container manages memory: true
      Size: 8530021
      Capacity: 8530021

     Moving image = Image (0x37db050)
  RTTI typeinfo:   itk::Image<double, 3u>
  Reference Count: 2
  Modified Time: 1593
  Debug: Off
  Object Name: 
  Observers: 
    none
  Source: (none)
  Source output name: (none)
  Release Data: Off
  Data Released: False
  Global Release Data: Off
  PipelineMTime: 0
  UpdateMTime: 1590
  RealTimeStamp: 0 seconds 
  LargestPossibleRegion: 
    Dimension: 3
    Index: [0, 0, 0]
    Size: [160, 240, 256]
  BufferedRegion: 
    Dimension: 3
    Index: [0, 0, 0]
    Size: [160, 240, 256]
  RequestedRegion: 
    Dimension: 3
    Index: [0, 0, 0]
    Size: [160, 240, 256]
  Spacing: [1, 1, 1]
  Origin: [98.6438, 87.6358, -117.989]
  Direction: 
-0.993515 -0.100993 -0.0522355
0.100854 -0.994887 0.00530255
-0.0525039 1.93537e-08 0.998621

  IndexToPointMatrix: 
-0.993515 -0.100993 -0.0522355
0.100854 -0.994887 0.00530255
-0.0525039 1.93537e-08 0.998621

  PointToIndexMatrix: 
-0.993515 0.100854 -0.0525039
-0.100993 -0.994887 1.93006e-08
-0.0522355 0.00530255 0.998621

  Inverse Direction: 
-0.993515 0.100854 -0.0525039
-0.100993 -0.994887 1.93006e-08
-0.0522355 0.00530255 0.998621

  PixelContainer: 
    ImportImageContainer (0x388e690)
      RTTI typeinfo:   itk::ImportImageContainer<unsigned long, double>
      Reference Count: 1
      Modified Time: 1587
      Debug: Off
      Object Name: 
      Observers: 
        none
      Pointer: 0x146b49ac9010
      Container manages memory: true
      Size: 9830400
      Capacity: 9830400

     Weighting = 1
     Sampling strategy = regular
     Number of bins = 32
     Radius = 4
     Sampling percentage  = 0.25
   Transform = Affine
     Gradient step = 0.1
     Update field sigma (voxel space) = 0
     Total field sigma (voxel space) = 0
     Update field time sigma = 0
     Total field time sigma  = 0
     Number of time indices = 0
     Number of time point samples = 0
Registration using 1 total stages.

Stage 0
  iterations = 1000x500x250x100
  convergence threshold = 1e-06
  convergence window size = 10
  number of levels = 4
  using the Mattes MI metric (number of bins = 32, weight = 1, use gradient filter = 0)
  preprocessing:  winsorizing the image intensities
  Shrink factors (level 1 out of 4): [8, 8, 8]
  Shrink factors (level 2 out of 4): [4, 4, 4]
  Shrink factors (level 3 out of 4): [2, 2, 2]
  Shrink factors (level 4 out of 4): [1, 1, 1]
  smoothing sigmas per level: [3, 2, 1, 0]
  regular sampling (percentage = 0.25)

*** Running AffineTransform registration ***

DIAGNOSTIC,Iteration,metricValue,convergenceValue,ITERATION_TIME_INDEX,SINCE_LAST
 2DIAGNOSTIC,     1, -6.768573444834e-01, 1.797693134862e+308, 6.8166e-01, 6.8166e-01, 
 2DIAGNOSTIC,     2, -6.790584097991e-01, 1.797693134862e+308, 6.8599e-01, 4.3221e-03, 
 2DIAGNOSTIC,     3, -6.832098838749e-01, 1.797693134862e+308, 6.9056e-01, 4.5700e-03, 
 2DIAGNOSTIC,     4, -6.898116867951e-01, 1.797693134862e+308, 6.9534e-01, 4.7832e-03, 
 2DIAGNOSTIC,     5, -7.002363230149e-01, 1.797693134862e+308, 6.9969e-01, 4.3559e-03, 
 2DIAGNOSTIC,     6, -7.120274292059e-01, 1.797693134862e+308, 7.0409e-01, 4.3979e-03, 
 2DIAGNOSTIC,     7, -7.363172278720e-01, 1.797693134862e+308, 7.1189e-01, 7.7999e-03, 
 2DIAGNOSTIC,     8, -7.363053345113e-01, 1.797693134862e+308, 7.1685e-01, 4.9620e-03, 
 2DIAGNOSTIC,     9, -7.366193488392e-01, 1.797693134862e+308, 7.2178e-01, 4.9212e-03, 
 2DIAGNOSTIC,    10, -7.369605408857e-01, 6.873489816716e-03, 7.2649e-01, 4.7140e-03, 
 2DIAGNOSTIC,    11, -7.369276161115e-01, 5.761831803264e-03, 7.3156e-01, 5.0690e-03, 
 2DIAGNOSTIC,    12, -7.368689780218e-01, 4.387492124364e-03, 7.3709e-01, 5.5330e-03, 
 2DIAGNOSTIC,    13, -7.367031760711e-01, 2.959280283035e-03, 7.4163e-01, 4.5340e-03, 
 2DIAGNOSTIC,    14, -7.367251271463e-01, 1.667088631739e-03, 7.4681e-01, 5.1842e-03, 
 2DIAGNOSTIC,    15, -7.367200688812e-01, 6.734145505931e-04, 7.5235e-01, 5.5449e-03, 
 2DIAGNOSTIC,    16, -7.366099976887e-01, 1.684327264423e-05, 7.5750e-01, 5.1410e-03, 
DIAGNOSTIC,Iteration,metricValue,convergenceValue,ITERATION_TIME_INDEX,SINCE_LAST
 2DIAGNOSTIC,     1, -6.028805404370e-01, 1.797693134862e+308, 1.4548e+00, 6.9734e-01, 
 2DIAGNOSTIC,     2, -6.041954565483e-01, 1.797693134862e+308, 1.4892e+00, 3.4395e-02, 
 2DIAGNOSTIC,     3, -6.061037282161e-01, 1.797693134862e+308, 1.5298e+00, 4.0602e-02, 
 2DIAGNOSTIC,     4, -6.078986636096e-01, 1.797693134862e+308, 1.5701e+00, 4.0264e-02, 
 2DIAGNOSTIC,     5, -6.089065228645e-01, 1.797693134862e+308, 1.6131e+00, 4.3037e-02, 
 2DIAGNOSTIC,     6, -6.094356033079e-01, 1.797693134862e+308, 1.6518e+00, 3.8635e-02, 
 2DIAGNOSTIC,     7, -6.096999992206e-01, 1.797693134862e+308, 1.6945e+00, 4.2766e-02, 
 2DIAGNOSTIC,     8, -6.098588930371e-01, 1.797693134862e+308, 1.7289e+00, 3.4383e-02, 
 2DIAGNOSTIC,     9, -6.103337781460e-01, 1.797693134862e+308, 1.7672e+00, 3.8304e-02, 
 2DIAGNOSTIC,    10, -6.103870807013e-01, 7.714254617958e-04, 1.8198e+00, 5.2570e-02, 
 2DIAGNOSTIC,    11, -6.103409446922e-01, 5.163180316374e-04, 1.8580e+00, 3.8165e-02, 
 2DIAGNOSTIC,    12, -6.103452448642e-01, 3.086585751787e-04, 1.8990e+00, 4.0997e-02, 
 2DIAGNOSTIC,    13, -6.103189863530e-01, 1.717444022813e-04, 1.9473e+00, 4.8384e-02, 
 2DIAGNOSTIC,    14, -6.103145357941e-01, 9.789049993049e-05, 1.9853e+00, 3.8005e-02, 
 2DIAGNOSTIC,    15, -6.102984165704e-01, 5.567529747152e-05, 2.0236e+00, 3.8237e-02, 
 2DIAGNOSTIC,    16, -6.102927104400e-01, 2.918559278317e-05, 2.0576e+00, 3.4056e-02, 
 2DIAGNOSTIC,    17, -6.102994519803e-01, 1.081887157404e-05, 2.0955e+00, 3.7848e-02, 
DIAGNOSTIC,Iteration,metricValue,convergenceValue,ITERATION_TIME_INDEX,SINCE_LAST
 2DIAGNOSTIC,     1, -5.338639806245e-01, 1.797693134862e+308, 3.1861e+00, 1.0906e+00, 
 2DIAGNOSTIC,     2, -5.343028673283e-01, 1.797693134862e+308, 3.4619e+00, 2.7583e-01, 
 2DIAGNOSTIC,     3, -5.346600816578e-01, 1.797693134862e+308, 3.7376e+00, 2.7574e-01, 
 2DIAGNOSTIC,     4, -5.348680949987e-01, 1.797693134862e+308, 4.0216e+00, 2.8398e-01, 
 2DIAGNOSTIC,     5, -5.350511738935e-01, 1.797693134862e+308, 4.3145e+00, 2.9294e-01, 
 2DIAGNOSTIC,     6, -5.355524315378e-01, 1.797693134862e+308, 4.6368e+00, 3.2223e-01, 
 2DIAGNOSTIC,     7, -5.356230747095e-01, 1.797693134862e+308, 5.0025e+00, 3.6576e-01, 
 2DIAGNOSTIC,     8, -5.356377963290e-01, 1.797693134862e+308, 5.2498e+00, 2.4726e-01, 
 2DIAGNOSTIC,     9, -5.357739361670e-01, 1.797693134862e+308, 5.4971e+00, 2.4736e-01, 
 2DIAGNOSTIC,    10, -5.359613050565e-01, 2.424012626722e-04, 5.7447e+00, 2.4758e-01, 
 2DIAGNOSTIC,    11, -5.361754143513e-01, 1.926476451833e-04, 6.1167e+00, 3.7195e-01, 
 2DIAGNOSTIC,    12, -5.362117397043e-01, 1.547913197243e-04, 6.4364e+00, 3.1977e-01, 
 2DIAGNOSTIC,    13, -5.362105026598e-01, 1.238959243868e-04, 6.6978e+00, 2.6138e-01, 
 2DIAGNOSTIC,    14, -5.362066764681e-01, 9.424086463675e-05, 7.0382e+00, 3.4034e-01, 
 2DIAGNOSTIC,    15, -5.362084253771e-01, 6.608561742852e-05, 7.3214e+00, 2.8319e-01, 
 2DIAGNOSTIC,    16, -5.362061144330e-01, 5.199974501005e-05, 7.6195e+00, 2.9813e-01, 
 2DIAGNOSTIC,    17, -5.362068735283e-01, 3.728842492049e-05, 7.9542e+00, 3.3467e-01, 
 2DIAGNOSTIC,    18, -5.362061262621e-01, 2.140486905539e-05, 8.2483e+00, 2.9410e-01, 
 2DIAGNOSTIC,    19, -5.362044267424e-01, 9.070122958407e-06, 8.4840e+00, 2.3571e-01, 
 2DIAGNOSTIC,    20, -5.362039284115e-01, 2.089844045594e-06, 8.7278e+00, 2.4387e-01, 
 2DIAGNOSTIC,    21, -5.362047515546e-01, 1.130722141529e-06, 9.0532e+00, 3.2535e-01, 
 2DIAGNOSTIC,    22, -5.362072627031e-01, 1.230413350081e-06, 9.3562e+00, 3.0298e-01, 
 2DIAGNOSTIC,    23, -5.362065940519e-01, 1.298663842637e-06, 9.5971e+00, 2.4091e-01, 
 2DIAGNOSTIC,    24, -5.362061503797e-01, 1.275539890974e-06, 9.8607e+00, 2.6365e-01, 
 2DIAGNOSTIC,    25, -5.362068057735e-01, 1.312627165552e-06, 1.0134e+01, 2.7340e-01, 
 2DIAGNOSTIC,    26, -5.362052887213e-01, 1.262729810853e-06, 1.0468e+01, 3.3345e-01, 
 2DIAGNOSTIC,    27, -5.362046409451e-01, 1.214989910688e-06, 1.0747e+01, 2.7948e-01, 
 2DIAGNOSTIC,    28, -5.362062377872e-01, 1.184700028960e-06, 1.1031e+01, 2.8364e-01, 
 2DIAGNOSTIC,    29, -5.362059497268e-01, 1.115532086218e-06, 1.1267e+01, 2.3673e-01, 
 2DIAGNOSTIC,    30, -5.362047958354e-01, 1.020237284793e-06, 1.1565e+01, 2.9751e-01, 
DIAGNOSTIC,Iteration,metricValue,convergenceValue,ITERATION_TIME_INDEX,SINCE_LAST
 2DIAGNOSTIC,     1, -4.910072161759e-01, 1.797693134862e+308, 1.4574e+01, 3.0092e+00, 
 2DIAGNOSTIC,     2, -4.914405958035e-01, 1.797693134862e+308, 1.6332e+01, 1.7583e+00, 
 2DIAGNOSTIC,     3, -4.918246622932e-01, 1.797693134862e+308, 1.7945e+01, 1.6130e+00, 
 2DIAGNOSTIC,     4, -4.921221377612e-01, 1.797693134862e+308, 1.9584e+01, 1.6388e+00, 
 2DIAGNOSTIC,     5, -4.922777732509e-01, 1.797693134862e+308, 2.1566e+01, 1.9820e+00, 
 2DIAGNOSTIC,     6, -4.924950554977e-01, 1.797693134862e+308, 2.3674e+01, 2.1077e+00, 
 2DIAGNOSTIC,     7, -4.927332543458e-01, 1.797693134862e+308, 2.5652e+01, 1.9778e+00, 
 2DIAGNOSTIC,     8, -4.928230089986e-01, 1.797693134862e+308, 2.9470e+01, 3.8180e+00, 
 2DIAGNOSTIC,     9, -4.928229226319e-01, 1.797693134862e+308, 3.1397e+01, 1.9276e+00, 
 2DIAGNOSTIC,    10, -4.928227537913e-01, 2.367511143627e-04, 3.3248e+01, 1.8505e+00, 
 2DIAGNOSTIC,    11, -4.928223160471e-01, 1.624217061458e-04, 3.5734e+01, 2.4859e+00, 
 2DIAGNOSTIC,    12, -4.928225382948e-01, 1.065655080549e-04, 3.7872e+01, 2.1378e+00, 
 2DIAGNOSTIC,    13, -4.928223463243e-01, 6.672791909051e-05, 4.0082e+01, 2.2099e+00, 
 2DIAGNOSTIC,    14, -4.928223979333e-01, 3.908506404841e-05, 4.1972e+01, 1.8905e+00, 
 2DIAGNOSTIC,    15, -4.928220650284e-01, 1.767324557708e-05, 4.4098e+01, 2.1260e+00, 
 2DIAGNOSTIC,    16, -4.928219230153e-01, 5.139354658887e-06, 4.6352e+01, 2.2540e+00, 
 2DIAGNOSTIC,    17, -4.928217463052e-01, 1.783772711650e-06, 4.8320e+01, 1.9678e+00, 
 2DIAGNOSTIC,    18, -4.928216640344e-01, 1.684162928131e-06, 5.0126e+01, 1.8056e+00, 
 2DIAGNOSTIC,    19, -4.928214911475e-01, 1.595042395663e-06, 5.2199e+01, 2.0732e+00, 
 2DIAGNOSTIC,    20, -4.928215246025e-01, 1.518938168965e-06, 5.4220e+01, 2.0217e+00, 
 2DIAGNOSTIC,    21, -4.928214306521e-01, 1.442012946988e-06, 5.6020e+01, 1.7996e+00, 
 2DIAGNOSTIC,    22, -4.928213349029e-01, 1.382400175769e-06, 5.7833e+01, 1.8133e+00, 
 2DIAGNOSTIC,    23, -4.928212484224e-01, 1.326928764381e-06, 5.9691e+01, 1.8578e+00, 
 2DIAGNOSTIC,    24, -4.928211716368e-01, 1.280992107021e-06, 6.1564e+01, 1.8728e+00, 
 2DIAGNOSTIC,    25, -4.928211172078e-01, 1.234040182284e-06, 6.3424e+01, 1.8598e+00, 
 2DIAGNOSTIC,    26, -4.928212097348e-01, 1.193318534549e-06, 6.5319e+01, 1.8953e+00, 
 2DIAGNOSTIC,    27, -4.928213661130e-01, 1.158040674749e-06, 6.7262e+01, 1.9430e+00, 
 2DIAGNOSTIC,    28, -4.928212486611e-01, 1.123148430857e-06, 6.9093e+01, 1.8314e+00, 
 2DIAGNOSTIC,    29, -4.928212402799e-01, 1.088420821242e-06, 7.1212e+01, 2.1191e+00, 
 2DIAGNOSTIC,    30, -4.928212198909e-01, 1.057149524954e-06, 7.3236e+01, 2.0241e+00, 
 2DIAGNOSTIC,    31, -4.928211680365e-01, 1.025469372092e-06, 7.4837e+01, 1.6010e+00, 
  Elapsed time (stage 0): 7.5966e+01


Total elapsed time: 7.5968e+01
Info [verificarlo]: loaded backend libinterflop_ieee.so
Info [interflop-ieee]: load backend with:
Info [interflop-ieee]: debug = false
Info [interflop-ieee]: debug-binary = false
Info [interflop-ieee]: no-backend-name = false
Info [interflop-ieee]: print-new-line = false
Info [interflop-ieee]: print-subnormal-normalized = false
Info [interflop-ieee]: count-op = false
