
##########################
# Experiment information #
##########################

EXPERIMENT_NAME: antsRegistration-r7-p8
VFC_BACKENDS: libinterflop_vprec.so --range-binary32=7 --precision-binary32=8 --range-binary64=7 --precision-binary64=8

SIF_IMG: /home/mdugre/projects/rrg-glatard/mdugre/containers/ants-vprec-no_metrics.simg

SUBJECT_ID: s025
INPUT_IMG: /home/mdugre/scratch/mri-registration-rp/datasets/ds004513/derivatives/mri-registration-rp/antsBrainExtraction/sub-s025/BrainExtractionBrain.nii.gz
OUTPUT_DIR: /home/mdugre/scratch/mri-registration-rp/datasets/ds004513/derivatives/mri-registration-rp/0100/antsRegistration-r7-p8/sub-s025

FIXED_IMG: /templateflow/tpl-MNI152NLin2009cAsym/tpl-MNI152NLin2009cAsym_res-01_desc-brain_T1w.nii.gz
DATA_DIR: /home/mdugre/scratch/mri-registration-rp/datasets/ds004513
TEMPLATEFLOW_DIR: /home/mdugre/projects/rrg-glatard/mdugre/templateflow
ITK_GLOBAL_DEFAULT_NUMBER_OF_THREADS: 16
##########################

Info [verificarlo]: loaded backend libinterflop_ieee.so
Info [interflop-ieee]: load backend with:
Info [interflop-ieee]: debug = false
Info [interflop-ieee]: debug-binary = false
Info [interflop-ieee]: no-backend-name = false
Info [interflop-ieee]: print-new-line = false
Info [interflop-ieee]: print-subnormal-normalized = false
Info [interflop-ieee]: count-op = false
All_Command_lines_OK
Using double precision for computations.
=============================================================================
The composite transform comprises the following transforms (in order): 
  1. Center of mass alignment using fixed image: /templateflow/tpl-MNI152NLin2009cAsym/tpl-MNI152NLin2009cAsym_res-01_desc-brain_T1w.nii.gz and moving image: /home/mdugre/scratch/mri-registration-rp/datasets/ds004513/derivatives/mri-registration-rp/antsBrainExtraction/sub-s025/BrainExtractionBrain.nii.gz (type = Euler3DTransform)
=============================================================================
  number of levels = 1
  fixed image: /templateflow/tpl-MNI152NLin2009cAsym/tpl-MNI152NLin2009cAsym_res-01_desc-brain_T1w.nii.gz
  moving image: /home/mdugre/scratch/mri-registration-rp/datasets/ds004513/derivatives/mri-registration-rp/antsBrainExtraction/sub-s025/BrainExtractionBrain.nii.gz
Dimension = 3
Number of stages = 1
Use histogram matching = false
Winsorize image intensities = true
  Lower quantile = 0.005
  Upper quantile = 0.995


Stage 1 State
   Image metric = MattesMI
     Fixed image = Image (0x46b9bd0)
  RTTI typeinfo:   itk::Image<double, 3u>
  Reference Count: 2
  Modified Time: 2334
  Debug: Off
  Object Name: 
  Observers: 
    none
  Source: (none)
  Source output name: (none)
  Release Data: Off
  Data Released: False
  Global Release Data: Off
  PipelineMTime: 0
  UpdateMTime: 1943
  RealTimeStamp: 0 seconds 
  LargestPossibleRegion: 
    Dimension: 3
    Index: [0, 0, 0]
    Size: [193, 229, 193]
  BufferedRegion: 
    Dimension: 3
    Index: [0, 0, 0]
    Size: [193, 229, 193]
  RequestedRegion: 
    Dimension: 3
    Index: [0, 0, 0]
    Size: [193, 229, 193]
  Spacing: [1, 1, 1]
  Origin: [96, 132, -78]
  Direction: 
-1 0 0
0 -1 0
0 0 1

  IndexToPointMatrix: 
-1 0 0
0 -1 0
0 0 1

  PointToIndexMatrix: 
-1 0 0
0 -1 0
0 0 1

  Inverse Direction: 
-1 0 0
0 -1 0
0 0 1

  PixelContainer: 
    ImportImageContainer (0x46c29e0)
      RTTI typeinfo:   itk::ImportImageContainer<unsigned long, double>
      Reference Count: 1
      Modified Time: 1940
      Debug: Off
      Object Name: 
      Observers: 
        none
      Pointer: 0x1494f9209010
      Container manages memory: true
      Size: 8530021
      Capacity: 8530021

     Moving image = Image (0x46c3bd0)
  RTTI typeinfo:   itk::Image<double, 3u>
  Reference Count: 2
  Modified Time: 2335
  Debug: Off
  Object Name: 
  Observers: 
    none
  Source: (none)
  Source output name: (none)
  Release Data: Off
  Data Released: False
  Global Release Data: Off
  PipelineMTime: 0
  UpdateMTime: 2332
  RealTimeStamp: 0 seconds 
  LargestPossibleRegion: 
    Dimension: 3
    Index: [0, 0, 0]
    Size: [176, 240, 256]
  BufferedRegion: 
    Dimension: 3
    Index: [0, 0, 0]
    Size: [176, 240, 256]
  RequestedRegion: 
    Dimension: 3
    Index: [0, 0, 0]
    Size: [176, 240, 256]
  Spacing: [0.999999, 1, 1]
  Origin: [90.3778, 84.5091, -154.071]
  Direction: 
-0.999391 7.48184e-06 -0.0348969
-7.47664e-06 -1 -2.7953e-07
-0.0348969 -1.84481e-08 0.999391

  IndexToPointMatrix: 
-0.99939 7.48184e-06 -0.0348969
-7.47663e-06 -1 -2.7953e-07
-0.0348968 -1.84481e-08 0.999391

  PointToIndexMatrix: 
-0.999392 -7.47665e-06 -0.0348969
7.48184e-06 -1 -1.84481e-08
-0.0348969 -2.7953e-07 0.999391

  Inverse Direction: 
-0.999391 -7.47664e-06 -0.0348969
7.48184e-06 -1 -1.84481e-08
-0.0348969 -2.7953e-07 0.999391

  PixelContainer: 
    ImportImageContainer (0x4849b50)
      RTTI typeinfo:   itk::ImportImageContainer<unsigned long, double>
      Reference Count: 1
      Modified Time: 2329
      Debug: Off
      Object Name: 
      Observers: 
        none
      Pointer: 0x1494f3f88010
      Container manages memory: true
      Size: 10813440
      Capacity: 10813440

     Weighting = 1
     Sampling strategy = regular
     Number of bins = 32
     Radius = 4
     Sampling percentage  = 0.25
   Transform = Rigid
     Gradient step = 0.1
     Update field sigma (voxel space) = 0
     Total field sigma (voxel space) = 0
     Update field time sigma = 0
     Total field time sigma  = 0
     Number of time indices = 0
     Number of time point samples = 0
Registration using 1 total stages.

Stage 0
  iterations = 0
  convergence threshold = 1e-06
  convergence window size = 10
  number of levels = 1
  using the Mattes MI metric (number of bins = 32, weight = 1, use gradient filter = 0)
  preprocessing:  winsorizing the image intensities
  Shrink factors (level 1 out of 1): [1, 1, 1]
  smoothing sigmas per level: [0]
  regular sampling (percentage = 0.25)

*** Running Euler3DTransform registration ***

  Elapsed time (stage 0): 1.2828


Total elapsed time: 1.28535
Info [verificarlo]: loaded backend libinterflop_vprec.so
Info [interflop-vprec]: load backend with: 
Info [interflop-vprec]: precision-binary32 = 8
Info [interflop-vprec]: range-binary32 = 7
Info [interflop-vprec]: precision-binary64 = 8
Info [interflop-vprec]: range-binary64 = 7
Info [interflop-vprec]: mode = ob
Info [interflop-vprec]: error-mode = rel
Info [interflop-vprec]: max-abs-error-exponent = -1022
Info [interflop-vprec]: daz = false
Info [interflop-vprec]: ftz = false
Info [interflop-vprec]: 	instrument = none
Info [interflop-vprec]: 	prec-input-file = (null)
Info [interflop-vprec]: 	prec-output-file = (null)
Info [interflop-vprec]: 	prec-log-file = (null)
All_Command_lines_OK
Using double precision for computations.
=============================================================================
The composite transform comprises the following transforms (in order): 
  1. /home/mdugre/scratch/mri-registration-rp/datasets/ds004513/derivatives/mri-registration-rp/0100/antsRegistration-r7-p8/sub-s025/align_Composite.h5[0] (type = Euler3DTransform)
  2. /home/mdugre/scratch/mri-registration-rp/datasets/ds004513/derivatives/mri-registration-rp/0100/antsRegistration-r7-p8/sub-s025/align_Composite.h5[1] (type = Euler3DTransform)
=============================================================================
  number of levels = 4
  fixed image: /templateflow/tpl-MNI152NLin2009cAsym/tpl-MNI152NLin2009cAsym_res-01_desc-brain_T1w.nii.gz
  moving image: /home/mdugre/scratch/mri-registration-rp/datasets/ds004513/derivatives/mri-registration-rp/antsBrainExtraction/sub-s025/BrainExtractionBrain.nii.gz
Dimension = 3
Number of stages = 1
Use histogram matching = false
Winsorize image intensities = true
  Lower quantile = 0.005
  Upper quantile = 0.995


Stage 1 State
   Image metric = MattesMI
     Fixed image = Image (0x36991e0)
  RTTI typeinfo:   itk::Image<double, 3u>
  Reference Count: 2
  Modified Time: 1578
  Debug: Off
  Object Name: 
  Observers: 
    none
  Source: (none)
  Source output name: (none)
  Release Data: Off
  Data Released: False
  Global Release Data: Off
  PipelineMTime: 0
  UpdateMTime: 1189
  RealTimeStamp: 0 seconds 
  LargestPossibleRegion: 
    Dimension: 3
    Index: [0, 0, 0]
    Size: [193, 229, 193]
  BufferedRegion: 
    Dimension: 3
    Index: [0, 0, 0]
    Size: [193, 229, 193]
  RequestedRegion: 
    Dimension: 3
    Index: [0, 0, 0]
    Size: [193, 229, 193]
  Spacing: [1, 1, 1]
  Origin: [96, 132, -78]
  Direction: 
-1 0 0
0 -1 0
0 0 1

  IndexToPointMatrix: 
-1 0 0
0 -1 0
0 0 1

  PointToIndexMatrix: 
-1 0 0
0 -1 0
0 0 1

  Inverse Direction: 
-1 0 0
0 -1 0
0 0 1

  PixelContainer: 
    ImportImageContainer (0x3758680)
      RTTI typeinfo:   itk::ImportImageContainer<unsigned long, double>
      Reference Count: 1
      Modified Time: 1186
      Debug: Off
      Object Name: 
      Observers: 
        none
      Pointer: 0x153beaae5010
      Container manages memory: true
      Size: 8530021
      Capacity: 8530021

     Moving image = Image (0x3754b20)
  RTTI typeinfo:   itk::Image<double, 3u>
  Reference Count: 2
  Modified Time: 1579
  Debug: Off
  Object Name: 
  Observers: 
    none
  Source: (none)
  Source output name: (none)
  Release Data: Off
  Data Released: False
  Global Release Data: Off
  PipelineMTime: 0
  UpdateMTime: 1576
  RealTimeStamp: 0 seconds 
  LargestPossibleRegion: 
    Dimension: 3
    Index: [0, 0, 0]
    Size: [176, 240, 256]
  BufferedRegion: 
    Dimension: 3
    Index: [0, 0, 0]
    Size: [176, 240, 256]
  RequestedRegion: 
    Dimension: 3
    Index: [0, 0, 0]
    Size: [176, 240, 256]
  Spacing: [1, 1, 1]
  Origin: [90.5, 84.5, -154]
  Direction: 
-1 7.48038e-06 -0.0349121
-7.48038e-06 -1 -2.79397e-07
-0.0349121 -1.86265e-08 1

  IndexToPointMatrix: 
-1 7.48038e-06 -0.0349121
-7.48038e-06 -1 -2.79397e-07
-0.0349121 -1.86265e-08 1

  PointToIndexMatrix: 
-1 -7.48038e-06 -0.0349121
7.48038e-06 -1 -1.86265e-08
-0.0349121 -2.79397e-07 1

  Inverse Direction: 
-1 -7.48038e-06 -0.0349121
7.48038e-06 -1 -1.86265e-08
-0.0349121 -2.79397e-07 1

  PixelContainer: 
    ImportImageContainer (0x37bdd50)
      RTTI typeinfo:   itk::ImportImageContainer<unsigned long, double>
      Reference Count: 1
      Modified Time: 1573
      Debug: Off
      Object Name: 
      Observers: 
        none
      Pointer: 0x153be5864010
      Container manages memory: true
      Size: 10813440
      Capacity: 10813440

     Weighting = 1
     Sampling strategy = regular
     Number of bins = 32
     Radius = 4
     Sampling percentage  = 0.25
   Transform = Rigid
     Gradient step = 0.1
     Update field sigma (voxel space) = 0
     Total field sigma (voxel space) = 0
     Update field time sigma = 0
     Total field time sigma  = 0
     Number of time indices = 0
     Number of time point samples = 0
Registration using 1 total stages.

Stage 0
  iterations = 1000x500x250x100
  convergence threshold = 1e-06
  convergence window size = 10
  number of levels = 4
  using the Mattes MI metric (number of bins = 32, weight = 1, use gradient filter = 0)
  preprocessing:  winsorizing the image intensities
  Shrink factors (level 1 out of 4): [8, 8, 8]
  Shrink factors (level 2 out of 4): [4, 4, 4]
  Shrink factors (level 3 out of 4): [2, 2, 2]
  Shrink factors (level 4 out of 4): [1, 1, 1]
  smoothing sigmas per level: [3, 2, 1, 0]
  regular sampling (percentage = 0.25)

*** Running Euler3DTransform registration ***

DIAGNOSTIC,Iteration,metricValue,convergenceValue,ITERATION_TIME_INDEX,SINCE_LAST
 2DIAGNOSTIC,     1, -5.698668781770e-01, 1.797693134862e+308, 0.0000e+00, 0.0000e+00, 
 2DIAGNOSTIC,     2, -5.700333877381e-01, 1.797693134862e+308, 0.0000e+00, 0.0000e+00, 
 2DIAGNOSTIC,     3, -5.704495999238e-01, 1.797693134862e+308, 0.0000e+00, 0.0000e+00, 
 2DIAGNOSTIC,     4, -5.712672131686e-01, 1.797693134862e+308, 0.0000e+00, 0.0000e+00, 
 2DIAGNOSTIC,     5, -5.713608873364e-01, 1.797693134862e+308, 0.0000e+00, 0.0000e+00, 
 2DIAGNOSTIC,     6, -5.709741067660e-01, 1.797693134862e+308, 0.0000e+00, 0.0000e+00, 
 2DIAGNOSTIC,     7, -5.710102466106e-01, 1.797693134862e+308, 0.0000e+00, 0.0000e+00, 
 2DIAGNOSTIC,     8, -5.710085344616e-01, 1.797693134862e+308, 0.0000e+00, 0.0000e+00, 
 2DIAGNOSTIC,     9, -5.710025323991e-01, 1.797693134862e+308, 0.0000e+00, 0.0000e+00, 
 2DIAGNOSTIC,    10, -5.710025777895e-01, 1.091959284619e-04, 0.0000e+00, 0.0000e+00, 
 2DIAGNOSTIC,    11, -5.709461031008e-01, 4.764000336896e-05, 0.0000e+00, 0.0000e+00, 
DIAGNOSTIC,Iteration,metricValue,convergenceValue,ITERATION_TIME_INDEX,SINCE_LAST
 2DIAGNOSTIC,     1, -4.302243398966e-01, 1.797693134862e+308, 0.0000e+00, 0.0000e+00, 
 2DIAGNOSTIC,     2, -4.306827676430e-01, 1.797693134862e+308, 0.0000e+00, 0.0000e+00, 
 2DIAGNOSTIC,     3, -4.309634252617e-01, 1.797693134862e+308, 0.0000e+00, 0.0000e+00, 
 2DIAGNOSTIC,     4, -4.323169448297e-01, 1.797693134862e+308, 0.0000e+00, 0.0000e+00, 
 2DIAGNOSTIC,     5, -4.337131304400e-01, 1.797693134862e+308, 0.0000e+00, 0.0000e+00, 
 2DIAGNOSTIC,     6, -4.370050337718e-01, 1.797693134862e+308, 0.0000e+00, 0.0000e+00, 
 2DIAGNOSTIC,     7, -4.415658942796e-01, 1.797693134862e+308, 0.0000e+00, 0.0000e+00, 
 2DIAGNOSTIC,     8, -4.494191044531e-01, 1.797693134862e+308, 0.0000e+00, 0.0000e+00, 
 2DIAGNOSTIC,     9, -4.615325372182e-01, 1.797693134862e+308, 0.0000e+00, 0.0000e+00, 
 2DIAGNOSTIC,    10, -4.895324855918e-01, 6.671399813767e-03, 0.0000e+00, 0.0000e+00, 
 2DIAGNOSTIC,    11, -5.556857351444e-01, 1.166501453721e-02, 0.0000e+00, 0.0000e+00, 
 2DIAGNOSTIC,    12, -6.169962766365e-01, 1.752947460105e-02, 0.0000e+00, 0.0000e+00, 
 2DIAGNOSTIC,    13, -6.195020132409e-01, 2.077408181409e-02, 0.0000e+00, 0.0000e+00, 
 2DIAGNOSTIC,    14, -6.196292598403e-01, 2.170508508428e-02, 0.0000e+00, 0.0000e+00, 
 2DIAGNOSTIC,    15, -6.197215679815e-01, 2.060398222106e-02, 0.0000e+00, 0.0000e+00, 
 2DIAGNOSTIC,    16, -6.198682606605e-01, 1.788946373569e-02, 0.0000e+00, 0.0000e+00, 
 2DIAGNOSTIC,    17, -6.196289420152e-01, 1.404985846157e-02, 0.0000e+00, 0.0000e+00, 
 2DIAGNOSTIC,    18, -6.196276378937e-01, 9.699719219077e-03, 0.0000e+00, 0.0000e+00, 
 2DIAGNOSTIC,    19, -6.196276378937e-01, 5.375546035122e-03, 0.0000e+00, 0.0000e+00, 
 2DIAGNOSTIC,    20, -6.196276378937e-01, 1.786269846154e-03, 0.0000e+00, 0.0000e+00, 
 2DIAGNOSTIC,    21, -6.196276378937e-01, 6.756339528797e-05, 0.0000e+00, 0.0000e+00, 
DIAGNOSTIC,Iteration,metricValue,convergenceValue,ITERATION_TIME_INDEX,SINCE_LAST
 2DIAGNOSTIC,     1, -5.299180246810e-01, 1.797693134862e+308, 0.0000e+00, 0.0000e+00, 
 2DIAGNOSTIC,     2, -5.299081921445e-01, 1.797693134862e+308, 0.0000e+00, 0.0000e+00, 
 2DIAGNOSTIC,     3, -5.298552949231e-01, 1.797693134862e+308, 0.0000e+00, 0.0000e+00, 
 2DIAGNOSTIC,     4, -5.298214939942e-01, 1.797693134862e+308, 0.0000e+00, 0.0000e+00, 
 2DIAGNOSTIC,     5, -5.298474237017e-01, 1.797693134862e+308, 0.0000e+00, 0.0000e+00, 
 2DIAGNOSTIC,     6, -5.298298792996e-01, 1.797693134862e+308, 0.0000e+00, 0.0000e+00, 
 2DIAGNOSTIC,     7, -5.298370662153e-01, 1.797693134862e+308, 0.0000e+00, 0.0000e+00, 
 2DIAGNOSTIC,     8, -5.299418572876e-01, 1.797693134862e+308, 0.0000e+00, 0.0000e+00, 
 2DIAGNOSTIC,     9, -5.299654387948e-01, 1.797693134862e+308, 0.0000e+00, 0.0000e+00, 
 2DIAGNOSTIC,    10, -5.299477436252e-01, 7.776128998951e-06, 0.0000e+00, 0.0000e+00, 
 2DIAGNOSTIC,    11, -5.299325541354e-01, 1.226616551481e-05, 0.0000e+00, 0.0000e+00, 
 2DIAGNOSTIC,    12, -5.300036142622e-01, 1.772127838714e-05, 0.0000e+00, 0.0000e+00, 
 2DIAGNOSTIC,    13, -5.300176079066e-01, 1.899757852980e-05, 0.0000e+00, 0.0000e+00, 
 2DIAGNOSTIC,    14, -5.299836662615e-01, 1.571503575812e-05, 0.0000e+00, 0.0000e+00, 
 2DIAGNOSTIC,    15, -5.300021004939e-01, 1.319561612786e-05, 0.0000e+00, 0.0000e+00, 
 2DIAGNOSTIC,    16, -5.300445091180e-01, 1.063845593278e-05, 0.0000e+00, 0.0000e+00, 
 2DIAGNOSTIC,    17, -5.300237044525e-01, 6.794597886758e-06, 0.0000e+00, 0.0000e+00, 
 2DIAGNOSTIC,    18, -5.300304408442e-01, 6.072902989880e-06, 0.0000e+00, 0.0000e+00, 
 2DIAGNOSTIC,    19, -5.300009721009e-01, 4.757191826139e-06, 0.0000e+00, 0.0000e+00, 
 2DIAGNOSTIC,    20, -5.300087281422e-01, 2.912197325830e-06, 0.0000e+00, 0.0000e+00, 
DIAGNOSTIC,Iteration,metricValue,convergenceValue,ITERATION_TIME_INDEX,SINCE_LAST
 2DIAGNOSTIC,     1, -4.828846542672e-01, 1.797693134862e+308, 0.0000e+00, 0.0000e+00, 
 2DIAGNOSTIC,     2, -4.829474952786e-01, 1.797693134862e+308, 0.0000e+00, 0.0000e+00, 
 2DIAGNOSTIC,     3, -4.829556527066e-01, 1.797693134862e+308, 0.0000e+00, 0.0000e+00, 
 2DIAGNOSTIC,     4, -4.830146845882e-01, 1.797693134862e+308, 0.0000e+00, 0.0000e+00, 
 2DIAGNOSTIC,     5, -4.830635436743e-01, 1.797693134862e+308, 0.0000e+00, 0.0000e+00, 
 2DIAGNOSTIC,     6, -4.830457185909e-01, 1.797693134862e+308, 0.0000e+00, 0.0000e+00, 
 2DIAGNOSTIC,     7, -4.830882944160e-01, 1.797693134862e+308, 0.0000e+00, 0.0000e+00, 
 2DIAGNOSTIC,     8, -4.830890548532e-01, 1.797693134862e+308, 0.0000e+00, 0.0000e+00, 
 2DIAGNOSTIC,     9, -4.830931465339e-01, 1.797693134862e+308, 0.0000e+00, 0.0000e+00, 
 2DIAGNOSTIC,    10, -4.830882546121e-01, 2.684474184859e-05, 0.0000e+00, 0.0000e+00, 
 2DIAGNOSTIC,    11, -4.830753279828e-01, 1.700333801073e-05, 0.0000e+00, 0.0000e+00, 
 2DIAGNOSTIC,    12, -4.830754110156e-01, 1.041897543101e-05, 0.0000e+00, 0.0000e+00, 
 2DIAGNOSTIC,    13, -4.830714613956e-01, 4.012628373615e-06, 0.0000e+00, 0.0000e+00, 
  Elapsed time (stage 0): 0.0000e+00


Total elapsed time: 0.0000e+00
Info [verificarlo]: loaded backend libinterflop_ieee.so
Info [interflop-ieee]: load backend with:
Info [interflop-ieee]: debug = false
Info [interflop-ieee]: debug-binary = false
Info [interflop-ieee]: no-backend-name = false
Info [interflop-ieee]: print-new-line = false
Info [interflop-ieee]: print-subnormal-normalized = false
Info [interflop-ieee]: count-op = false
All_Command_lines_OK
Using double precision for computations.
=============================================================================
The composite transform comprises the following transforms (in order): 
  1. /home/mdugre/scratch/mri-registration-rp/datasets/ds004513/derivatives/mri-registration-rp/0100/antsRegistration-r7-p8/sub-s025/rigid_Composite.h5[0] (type = Euler3DTransform)
  2. /home/mdugre/scratch/mri-registration-rp/datasets/ds004513/derivatives/mri-registration-rp/0100/antsRegistration-r7-p8/sub-s025/rigid_Composite.h5[1] (type = Euler3DTransform)
  3. /home/mdugre/scratch/mri-registration-rp/datasets/ds004513/derivatives/mri-registration-rp/0100/antsRegistration-r7-p8/sub-s025/rigid_Composite.h5[2] (type = Euler3DTransform)
=============================================================================
  number of levels = 4
  fixed image: /templateflow/tpl-MNI152NLin2009cAsym/tpl-MNI152NLin2009cAsym_res-01_desc-brain_T1w.nii.gz
  moving image: /home/mdugre/scratch/mri-registration-rp/datasets/ds004513/derivatives/mri-registration-rp/antsBrainExtraction/sub-s025/BrainExtractionBrain.nii.gz
Dimension = 3
Number of stages = 1
Use histogram matching = false
Winsorize image intensities = true
  Lower quantile = 0.005
  Upper quantile = 0.995


Stage 1 State
   Image metric = MattesMI
     Fixed image = Image (0x43de530)
  RTTI typeinfo:   itk::Image<double, 3u>
  Reference Count: 2
  Modified Time: 1594
  Debug: Off
  Object Name: 
  Observers: 
    none
  Source: (none)
  Source output name: (none)
  Release Data: Off
  Data Released: False
  Global Release Data: Off
  PipelineMTime: 0
  UpdateMTime: 1203
  RealTimeStamp: 0 seconds 
  LargestPossibleRegion: 
    Dimension: 3
    Index: [0, 0, 0]
    Size: [193, 229, 193]
  BufferedRegion: 
    Dimension: 3
    Index: [0, 0, 0]
    Size: [193, 229, 193]
  RequestedRegion: 
    Dimension: 3
    Index: [0, 0, 0]
    Size: [193, 229, 193]
  Spacing: [1, 1, 1]
  Origin: [96, 132, -78]
  Direction: 
-1 0 0
0 -1 0
0 0 1

  IndexToPointMatrix: 
-1 0 0
0 -1 0
0 0 1

  PointToIndexMatrix: 
-1 0 0
0 -1 0
0 0 1

  Inverse Direction: 
-1 0 0
0 -1 0
0 0 1

  PixelContainer: 
    ImportImageContainer (0x43eb2b0)
      RTTI typeinfo:   itk::ImportImageContainer<unsigned long, double>
      Reference Count: 1
      Modified Time: 1200
      Debug: Off
      Object Name: 
      Observers: 
        none
      Pointer: 0x1514eb290010
      Container manages memory: true
      Size: 8530021
      Capacity: 8530021

     Moving image = Image (0x4499fd0)
  RTTI typeinfo:   itk::Image<double, 3u>
  Reference Count: 2
  Modified Time: 1595
  Debug: Off
  Object Name: 
  Observers: 
    none
  Source: (none)
  Source output name: (none)
  Release Data: Off
  Data Released: False
  Global Release Data: Off
  PipelineMTime: 0
  UpdateMTime: 1592
  RealTimeStamp: 0 seconds 
  LargestPossibleRegion: 
    Dimension: 3
    Index: [0, 0, 0]
    Size: [176, 240, 256]
  BufferedRegion: 
    Dimension: 3
    Index: [0, 0, 0]
    Size: [176, 240, 256]
  RequestedRegion: 
    Dimension: 3
    Index: [0, 0, 0]
    Size: [176, 240, 256]
  Spacing: [0.999999, 1, 1]
  Origin: [90.3778, 84.5091, -154.071]
  Direction: 
-0.999391 7.48184e-06 -0.0348969
-7.47664e-06 -1 -2.7953e-07
-0.0348969 -1.84481e-08 0.999391

  IndexToPointMatrix: 
-0.99939 7.48184e-06 -0.0348969
-7.47663e-06 -1 -2.7953e-07
-0.0348968 -1.84481e-08 0.999391

  PointToIndexMatrix: 
-0.999392 -7.47665e-06 -0.0348969
7.48184e-06 -1 -1.84481e-08
-0.0348969 -2.7953e-07 0.999391

  Inverse Direction: 
-0.999391 -7.47664e-06 -0.0348969
7.48184e-06 -1 -1.84481e-08
-0.0348969 -2.7953e-07 0.999391

  PixelContainer: 
    ImportImageContainer (0x44b1990)
      RTTI typeinfo:   itk::ImportImageContainer<unsigned long, double>
      Reference Count: 1
      Modified Time: 1589
      Debug: Off
      Object Name: 
      Observers: 
        none
      Pointer: 0x1514e600f010
      Container manages memory: true
      Size: 10813440
      Capacity: 10813440

     Weighting = 1
     Sampling strategy = regular
     Number of bins = 32
     Radius = 4
     Sampling percentage  = 0.25
   Transform = Affine
     Gradient step = 0.1
     Update field sigma (voxel space) = 0
     Total field sigma (voxel space) = 0
     Update field time sigma = 0
     Total field time sigma  = 0
     Number of time indices = 0
     Number of time point samples = 0
Registration using 1 total stages.

Stage 0
  iterations = 1000x500x250x100
  convergence threshold = 1e-06
  convergence window size = 10
  number of levels = 4
  using the Mattes MI metric (number of bins = 32, weight = 1, use gradient filter = 0)
  preprocessing:  winsorizing the image intensities
  Shrink factors (level 1 out of 4): [8, 8, 8]
  Shrink factors (level 2 out of 4): [4, 4, 4]
  Shrink factors (level 3 out of 4): [2, 2, 2]
  Shrink factors (level 4 out of 4): [1, 1, 1]
  smoothing sigmas per level: [3, 2, 1, 0]
  regular sampling (percentage = 0.25)

*** Running AffineTransform registration ***

DIAGNOSTIC,Iteration,metricValue,convergenceValue,ITERATION_TIME_INDEX,SINCE_LAST
 2DIAGNOSTIC,     1, -7.427157515582e-01, 1.797693134862e+308, 8.2822e-01, 8.2822e-01, 
 2DIAGNOSTIC,     2, -7.449087506464e-01, 1.797693134862e+308, 8.3371e-01, 5.4870e-03, 
 2DIAGNOSTIC,     3, -7.484374802783e-01, 1.797693134862e+308, 8.3949e-01, 5.7771e-03, 
 2DIAGNOSTIC,     4, -7.544910320287e-01, 1.797693134862e+308, 8.4479e-01, 5.3051e-03, 
 2DIAGNOSTIC,     5, -7.657174858002e-01, 1.797693134862e+308, 8.5113e-01, 6.3341e-03, 
 2DIAGNOSTIC,     6, -7.902103682402e-01, 1.797693134862e+308, 8.5702e-01, 5.8939e-03, 
 2DIAGNOSTIC,     7, -8.093184308450e-01, 1.797693134862e+308, 8.6255e-01, 5.5301e-03, 
 2DIAGNOSTIC,     8, -8.538397818732e-01, 1.797693134862e+308, 8.6815e-01, 5.5981e-03, 
 2DIAGNOSTIC,     9, -8.875593568471e-01, 1.797693134862e+308, 8.7410e-01, 5.9481e-03, 
 2DIAGNOSTIC,    10, -9.215179059392e-01, 1.443106936328e-02, 8.8168e-01, 7.5850e-03, 
 2DIAGNOSTIC,    11, -9.251404750990e-01, 1.491146456890e-02, 8.8863e-01, 6.9492e-03, 
 2DIAGNOSTIC,    12, -9.285416197773e-01, 1.414878005661e-02, 8.9600e-01, 7.3671e-03, 
 2DIAGNOSTIC,    13, -9.304400889377e-01, 1.239080226097e-02, 9.0266e-01, 6.6671e-03, 
 2DIAGNOSTIC,    14, -9.348577540017e-01, 1.003292524938e-02, 9.0965e-01, 6.9811e-03, 
 2DIAGNOSTIC,    15, -9.354996456170e-01, 7.368611626108e-03, 9.1597e-01, 6.3221e-03, 
 2DIAGNOSTIC,    16, -9.360011260176e-01, 4.929829274509e-03, 9.2118e-01, 5.2130e-03, 
 2DIAGNOSTIC,    17, -9.369488119465e-01, 2.739217655410e-03, 9.2636e-01, 5.1780e-03, 
 2DIAGNOSTIC,    18, -9.378560496022e-01, 1.385537602092e-03, 9.3215e-01, 5.7859e-03, 
 2DIAGNOSTIC,    19, -9.378035104514e-01, 6.248337907373e-04, 9.3872e-01, 6.5770e-03, 
 2DIAGNOSTIC,    20, -9.379268339985e-01, 4.461080384425e-04, 9.4637e-01, 7.6518e-03, 
 2DIAGNOSTIC,    21, -9.380974255309e-01, 3.032802520680e-04, 9.5212e-01, 5.7471e-03, 
 2DIAGNOSTIC,    22, -9.382297735051e-01, 1.982821460716e-04, 9.5740e-01, 5.2831e-03, 
 2DIAGNOSTIC,    23, -9.382373372795e-01, 1.097338373464e-04, 9.6260e-01, 5.1911e-03, 
 2DIAGNOSTIC,    24, -9.384273941706e-01, 8.102158760112e-05, 9.6778e-01, 5.1830e-03, 
 2DIAGNOSTIC,    25, -9.382987724731e-01, 5.399244752805e-05, 9.7354e-01, 5.7611e-03, 
 2DIAGNOSTIC,    26, -9.381242231706e-01, 2.808945807960e-05, 9.7939e-01, 5.8460e-03, 
 2DIAGNOSTIC,    27, -9.382576601687e-01, 1.429185065758e-05, 9.8457e-01, 5.1861e-03, 
 2DIAGNOSTIC,    28, -9.382764985632e-01, 1.085165977129e-05, 9.9033e-01, 5.7631e-03, 
 2DIAGNOSTIC,    29, -9.384851479676e-01, 8.428824620869e-06, 9.9580e-01, 5.4619e-03, 
 2DIAGNOSTIC,    30, -9.386123564491e-01, 8.102975769510e-06, 1.0016e+00, 5.8079e-03, 
 2DIAGNOSTIC,    31, -9.386061549769e-01, 8.842244873179e-06, 1.0083e+00, 6.7291e-03, 
 2DIAGNOSTIC,    32, -9.384212576925e-01, 8.310795545134e-06, 1.0147e+00, 6.3970e-03, 
 2DIAGNOSTIC,    33, -9.382588795093e-01, 5.596202628105e-06, 1.0206e+00, 5.8482e-03, 
 2DIAGNOSTIC,    34, -9.381573966104e-01, 3.458063234645e-06, 1.0264e+00, 5.7740e-03, 
DIAGNOSTIC,Iteration,metricValue,convergenceValue,ITERATION_TIME_INDEX,SINCE_LAST
 2DIAGNOSTIC,     1, -7.506144767474e-01, 1.797693134862e+308, 1.8181e+00, 7.9179e-01, 
 2DIAGNOSTIC,     2, -7.510295357304e-01, 1.797693134862e+308, 1.8509e+00, 3.2718e-02, 
 2DIAGNOSTIC,     3, -7.515596506600e-01, 1.797693134862e+308, 1.8837e+00, 3.2889e-02, 
 2DIAGNOSTIC,     4, -7.521717241360e-01, 1.797693134862e+308, 1.9170e+00, 3.3263e-02, 
 2DIAGNOSTIC,     5, -7.535358615662e-01, 1.797693134862e+308, 1.9534e+00, 3.6426e-02, 
 2DIAGNOSTIC,     6, -7.542486779435e-01, 1.797693134862e+308, 2.0155e+00, 6.2093e-02, 
 2DIAGNOSTIC,     7, -7.542684148404e-01, 1.797693134862e+308, 2.0518e+00, 3.6269e-02, 
 2DIAGNOSTIC,     8, -7.542720636310e-01, 1.797693134862e+308, 2.0894e+00, 3.7647e-02, 
 2DIAGNOSTIC,     9, -7.542806710606e-01, 1.797693134862e+308, 2.1264e+00, 3.6988e-02, 
 2DIAGNOSTIC,    10, -7.542629285132e-01, 3.613460238805e-04, 2.1636e+00, 3.7143e-02, 
 2DIAGNOSTIC,    11, -7.542828522840e-01, 2.582228944385e-04, 2.2025e+00, 3.8916e-02, 
 2DIAGNOSTIC,    12, -7.542890035519e-01, 1.630025390948e-04, 2.2406e+00, 3.8088e-02, 
 2DIAGNOSTIC,    13, -7.542874850093e-01, 8.360857102947e-05, 2.2743e+00, 3.3769e-02, 
 2DIAGNOSTIC,    14, -7.543378360882e-01, 2.524438822160e-05, 2.3113e+00, 3.6976e-02, 
 2DIAGNOSTIC,    15, -7.543877083486e-01, 7.597085994876e-06, 2.3493e+00, 3.8004e-02, 
 2DIAGNOSTIC,    16, -7.544162724335e-01, 9.097611074704e-06, 2.3838e+00, 3.4447e-02, 
 2DIAGNOSTIC,    17, -7.544307353618e-01, 1.052899826106e-05, 2.4231e+00, 3.9283e-02, 
 2DIAGNOSTIC,    18, -7.544595348355e-01, 1.169018910924e-05, 2.4607e+00, 3.7682e-02, 
 2DIAGNOSTIC,    19, -7.544771634068e-01, 1.232315308230e-05, 2.4978e+00, 3.7087e-02, 
 2DIAGNOSTIC,    20, -7.544885664148e-01, 1.175405959266e-05, 2.5351e+00, 3.7307e-02, 
 2DIAGNOSTIC,    21, -7.544816827652e-01, 1.053139775583e-05, 2.5684e+00, 3.3221e-02, 
 2DIAGNOSTIC,    22, -7.544985793994e-01, 9.001142812042e-06, 2.6067e+00, 3.8322e-02, 
 2DIAGNOSTIC,    23, -7.544914107366e-01, 6.732595223026e-06, 2.6446e+00, 3.7971e-02, 
 2DIAGNOSTIC,    24, -7.544749579987e-01, 4.668712530423e-06, 2.6816e+00, 3.6918e-02, 
 2DIAGNOSTIC,    25, -7.544475748227e-01, 2.799208721163e-06, 2.7187e+00, 3.7152e-02, 
DIAGNOSTIC,Iteration,metricValue,convergenceValue,ITERATION_TIME_INDEX,SINCE_LAST
 2DIAGNOSTIC,     1, -6.416228443163e-01, 1.797693134862e+308, 3.9122e+00, 1.1935e+00, 
 2DIAGNOSTIC,     2, -6.421037465280e-01, 1.797693134862e+308, 4.2006e+00, 2.8839e-01, 
 2DIAGNOSTIC,     3, -6.426111752307e-01, 1.797693134862e+308, 4.4904e+00, 2.8975e-01, 
 2DIAGNOSTIC,     4, -6.430907347962e-01, 1.797693134862e+308, 4.8065e+00, 3.1611e-01, 
 2DIAGNOSTIC,     5, -6.438797441286e-01, 1.797693134862e+308, 5.1851e+00, 3.7864e-01, 
 2DIAGNOSTIC,     6, -6.449762002395e-01, 1.797693134862e+308, 5.5500e+00, 3.6493e-01, 
 2DIAGNOSTIC,     7, -6.450376064883e-01, 1.797693134862e+308, 6.0623e+00, 5.1230e-01, 
 2DIAGNOSTIC,     8, -6.450351739845e-01, 1.797693134862e+308, 6.4963e+00, 4.3395e-01, 
 2DIAGNOSTIC,     9, -6.450398813628e-01, 1.797693134862e+308, 6.8710e+00, 3.7476e-01, 
 2DIAGNOSTIC,    10, -6.450385729475e-01, 3.904347755153e-04, 7.1705e+00, 2.9946e-01, 
 2DIAGNOSTIC,    11, -6.450383354171e-01, 2.826816217993e-04, 7.4827e+00, 3.1220e-01, 
 2DIAGNOSTIC,    12, -6.450385897010e-01, 1.854900087566e-04, 7.7960e+00, 3.1333e-01, 
 2DIAGNOSTIC,    13, -6.450381233246e-01, 1.044279328102e-04, 8.1075e+00, 3.1147e-01, 
 2DIAGNOSTIC,    14, -6.450345076845e-01, 4.043224922587e-05, 8.4658e+00, 3.5825e-01, 
 2DIAGNOSTIC,    15, -6.450342238038e-01, 3.792206497016e-06, 8.7670e+00, 3.0124e-01, 
 2DIAGNOSTIC,    16, -6.450330005907e-01, 1.731880939090e-06, 9.0499e+00, 2.8290e-01, 
 2DIAGNOSTIC,    17, -6.450343256196e-01, 1.567644991360e-06, 9.3631e+00, 3.1315e-01, 
 2DIAGNOSTIC,    18, -6.450360972530e-01, 1.429017071224e-06, 9.6782e+00, 3.1519e-01, 
 2DIAGNOSTIC,    19, -6.450357588568e-01, 1.439031813814e-06, 1.0001e+01, 3.2264e-01, 
 2DIAGNOSTIC,    20, -6.450361710524e-01, 1.452002190254e-06, 1.0318e+01, 3.1737e-01, 
 2DIAGNOSTIC,    21, -6.450345118027e-01, 1.436057975986e-06, 1.0642e+01, 3.2354e-01, 
 2DIAGNOSTIC,    22, -6.450333389152e-01, 1.410376768297e-06, 1.0958e+01, 3.1616e-01, 
 2DIAGNOSTIC,    23, -6.450328711811e-01, 1.373744116955e-06, 1.1278e+01, 3.2026e-01, 
 2DIAGNOSTIC,    24, -6.450349657198e-01, 1.312911694099e-06, 1.1602e+01, 3.2352e-01, 
 2DIAGNOSTIC,    25, -6.450327574610e-01, 1.214193114718e-06, 1.1897e+01, 2.9496e-01, 
 2DIAGNOSTIC,    26, -6.450314212999e-01, 1.086750174940e-06, 1.2190e+01, 2.9315e-01, 
DIAGNOSTIC,Iteration,metricValue,convergenceValue,ITERATION_TIME_INDEX,SINCE_LAST
 2DIAGNOSTIC,     1, -5.764299451613e-01, 1.797693134862e+308, 1.5018e+01, 2.8278e+00, 
 2DIAGNOSTIC,     2, -5.768741935233e-01, 1.797693134862e+308, 1.6579e+01, 1.5611e+00, 
 2DIAGNOSTIC,     3, -5.774030914418e-01, 1.797693134862e+308, 1.8666e+01, 2.0876e+00, 
 2DIAGNOSTIC,     4, -5.779809707720e-01, 1.797693134862e+308, 2.0455e+01, 1.7883e+00, 
 2DIAGNOSTIC,     5, -5.784924068770e-01, 1.797693134862e+308, 2.2249e+01, 1.7938e+00, 
 2DIAGNOSTIC,     6, -5.798960563888e-01, 1.797693134862e+308, 2.5182e+01, 2.9336e+00, 
 2DIAGNOSTIC,     7, -5.798993679569e-01, 1.797693134862e+308, 2.7472e+01, 2.2895e+00, 
 2DIAGNOSTIC,     8, -5.798980384480e-01, 1.797693134862e+308, 2.9254e+01, 1.7819e+00, 
 2DIAGNOSTIC,     9, -5.798966109532e-01, 1.797693134862e+308, 3.1130e+01, 1.8767e+00, 
 2DIAGNOSTIC,    10, -5.798966993399e-01, 4.445489699215e-04, 3.2914e+01, 1.7839e+00, 
 2DIAGNOSTIC,    11, -5.798964484728e-01, 3.244161010091e-04, 3.4691e+01, 1.7770e+00, 
 2DIAGNOSTIC,    12, -5.798946814671e-01, 2.134078541847e-04, 3.6499e+01, 1.8079e+00, 
 2DIAGNOSTIC,    13, -5.798936840467e-01, 1.208878320509e-04, 3.8450e+01, 1.9509e+00, 
 2DIAGNOSTIC,    14, -5.798923220013e-01, 5.114402332615e-05, 4.0715e+01, 2.2646e+00, 
 2DIAGNOSTIC,    15, -5.798921991116e-01, 1.665189024197e-06, 4.2541e+01, 1.8267e+00, 
 2DIAGNOSTIC,    16, -5.798922097091e-01, 1.470233317216e-06, 4.4282e+01, 1.7403e+00, 
 2DIAGNOSTIC,    17, -5.798925070149e-01, 1.451279448367e-06, 4.6066e+01, 1.7844e+00, 
 2DIAGNOSTIC,    18, -5.798928922128e-01, 1.449224119862e-06, 4.8175e+01, 2.1088e+00, 
 2DIAGNOSTIC,    19, -5.798925973797e-01, 1.432193235174e-06, 5.0155e+01, 1.9798e+00, 
 2DIAGNOSTIC,    20, -5.798921716036e-01, 1.431121747608e-06, 5.1912e+01, 1.7569e+00, 
 2DIAGNOSTIC,    21, -5.798922937571e-01, 1.442860644060e-06, 5.3900e+01, 1.9888e+00, 
 2DIAGNOSTIC,    22, -5.798920452643e-01, 1.415225422595e-06, 5.6213e+01, 2.3130e+00, 
 2DIAGNOSTIC,    23, -5.798921222460e-01, 1.374065509832e-06, 5.8033e+01, 1.8198e+00, 
 2DIAGNOSTIC,    24, -5.798920392792e-01, 1.307977264851e-06, 5.9761e+01, 1.7278e+00, 
 2DIAGNOSTIC,    25, -5.798919482795e-01, 1.245057279983e-06, 6.1480e+01, 1.7190e+00, 
 2DIAGNOSTIC,    26, -5.798918360940e-01, 1.187636185902e-06, 6.3079e+01, 1.5995e+00, 
 2DIAGNOSTIC,    27, -5.798917505783e-01, 1.141471958163e-06, 6.4648e+01, 1.5689e+00, 
 2DIAGNOSTIC,    28, -5.798916775034e-01, 1.107706520127e-06, 6.6405e+01, 1.7564e+00, 
 2DIAGNOSTIC,    29, -5.798916192456e-01, 1.073233653337e-06, 6.8041e+01, 1.6362e+00, 
 2DIAGNOSTIC,    30, -5.798914740856e-01, 1.033980824620e-06, 6.9797e+01, 1.7562e+00, 
  Elapsed time (stage 0): 7.0799e+01


Total elapsed time: 7.0802e+01
Info [verificarlo]: loaded backend libinterflop_ieee.so
Info [interflop-ieee]: load backend with:
Info [interflop-ieee]: debug = false
Info [interflop-ieee]: debug-binary = false
Info [interflop-ieee]: no-backend-name = false
Info [interflop-ieee]: print-new-line = false
Info [interflop-ieee]: print-subnormal-normalized = false
Info [interflop-ieee]: count-op = false
All_Command_lines_OK
Using double precision for computations.
=============================================================================
The composite transform comprises the following transforms (in order): 
  1. /home/mdugre/scratch/mri-registration-rp/datasets/ds004513/derivatives/mri-registration-rp/0100/antsRegistration-r7-p8/sub-s025/affine_Composite.h5[0] (type = Euler3DTransform)
  2. /home/mdugre/scratch/mri-registration-rp/datasets/ds004513/derivatives/mri-registration-rp/0100/antsRegistration-r7-p8/sub-s025/affine_Composite.h5[1] (type = Euler3DTransform)
  3. /home/mdugre/scratch/mri-registration-rp/datasets/ds004513/derivatives/mri-registration-rp/0100/antsRegistration-r7-p8/sub-s025/affine_Composite.h5[2] (type = Euler3DTransform)
  4. /home/mdugre/scratch/mri-registration-rp/datasets/ds004513/derivatives/mri-registration-rp/0100/antsRegistration-r7-p8/sub-s025/affine_Composite.h5[3] (type = AffineTransform)
=============================================================================
  number of levels = 4
  fixed image: /templateflow/tpl-MNI152NLin2009cAsym/tpl-MNI152NLin2009cAsym_res-01_desc-brain_T1w.nii.gz
  moving image: /home/mdugre/scratch/mri-registration-rp/datasets/ds004513/derivatives/mri-registration-rp/antsBrainExtraction/sub-s025/BrainExtractionBrain.nii.gz
Dimension = 3
Number of stages = 1
Use histogram matching = false
Winsorize image intensities = true
  Lower quantile = 0.005
  Upper quantile = 0.995


Stage 1 State
   Image metric = CC
     Fixed image = Image (0x498ca40)
  RTTI typeinfo:   itk::Image<double, 3u>
  Reference Count: 2
  Modified Time: 1608
  Debug: Off
  Object Name: 
  Observers: 
    none
  Source: (none)
  Source output name: (none)
  Release Data: Off
  Data Released: False
  Global Release Data: Off
  PipelineMTime: 0
  UpdateMTime: 1217
  RealTimeStamp: 0 seconds 
  LargestPossibleRegion: 
    Dimension: 3
    Index: [0, 0, 0]
    Size: [193, 229, 193]
  BufferedRegion: 
    Dimension: 3
    Index: [0, 0, 0]
    Size: [193, 229, 193]
  RequestedRegion: 
    Dimension: 3
    Index: [0, 0, 0]
    Size: [193, 229, 193]
  Spacing: [1, 1, 1]
  Origin: [96, 132, -78]
  Direction: 
-1 0 0
0 -1 0
0 0 1

  IndexToPointMatrix: 
-1 0 0
0 -1 0
0 0 1

  PointToIndexMatrix: 
-1 0 0
0 -1 0
0 0 1

  Inverse Direction: 
-1 0 0
0 -1 0
0 0 1

  PixelContainer: 
    ImportImageContainer (0x4a5b780)
      RTTI typeinfo:   itk::ImportImageContainer<unsigned long, double>
      Reference Count: 1
      Modified Time: 1214
      Debug: Off
      Object Name: 
      Observers: 
        none
      Pointer: 0x14cad89b3010
      Container manages memory: true
      Size: 8530021
      Capacity: 8530021

     Moving image = Image (0x4a5d390)
  RTTI typeinfo:   itk::Image<double, 3u>
  Reference Count: 2
  Modified Time: 1609
  Debug: Off
  Object Name: 
  Observers: 
    none
  Source: (none)
  Source output name: (none)
  Release Data: Off
  Data Released: False
  Global Release Data: Off
  PipelineMTime: 0
  UpdateMTime: 1606
  RealTimeStamp: 0 seconds 
  LargestPossibleRegion: 
    Dimension: 3
    Index: [0, 0, 0]
    Size: [176, 240, 256]
  BufferedRegion: 
    Dimension: 3
    Index: [0, 0, 0]
    Size: [176, 240, 256]
  RequestedRegion: 
    Dimension: 3
    Index: [0, 0, 0]
    Size: [176, 240, 256]
  Spacing: [0.999999, 1, 1]
  Origin: [90.3778, 84.5091, -154.071]
  Direction: 
-0.999391 7.48184e-06 -0.0348969
-7.47664e-06 -1 -2.7953e-07
-0.0348969 -1.84481e-08 0.999391

  IndexToPointMatrix: 
-0.99939 7.48184e-06 -0.0348969
-7.47663e-06 -1 -2.7953e-07
-0.0348968 -1.84481e-08 0.999391

  PointToIndexMatrix: 
-0.999392 -7.47665e-06 -0.0348969
7.48184e-06 -1 -1.84481e-08
-0.0348969 -2.7953e-07 0.999391

  Inverse Direction: 
-0.999391 -7.47664e-06 -0.0348969
7.48184e-06 -1 -1.84481e-08
-0.0348969 -2.7953e-07 0.999391

  PixelContainer: 
    ImportImageContainer (0x4a126f0)
      RTTI typeinfo:   itk::ImportImageContainer<unsigned long, double>
      Reference Count: 1
      Modified Time: 1603
      Debug: Off
      Object Name: 
      Observers: 
        none
      Pointer: 0x14cad3732010
      Container manages memory: true
      Size: 10813440
      Capacity: 10813440

     Weighting = 1
     Sampling strategy = none
     Number of bins = 32
     Radius = 4
     Sampling percentage  = 1
   Transform = SyN
     Gradient step = 0.1
     Update field sigma (voxel space) = 3
     Total field sigma (voxel space) = 0
     Update field time sigma = 0
     Total field time sigma  = 0
     Number of time indices = 0
     Number of time point samples = 0
Registration using 1 total stages.

Stage 0
  iterations = 100x70x50x20
  convergence threshold = 1e-06
  convergence window size = 10
  number of levels = 4
  using the CC metric (radius = 4, weight = 1, use gradient filter = 0)
  preprocessing:  winsorizing the image intensities
  Shrink factors (level 1 out of 4): [8, 8, 8]
  Shrink factors (level 2 out of 4): [4, 4, 4]
  Shrink factors (level 3 out of 4): [2, 2, 2]
  Shrink factors (level 4 out of 4): [1, 1, 1]
  smoothing sigmas per level: [3, 2, 1, 0]
  Using default NONE metricSamplingStrategy 

*** Running SyN registration (varianceForUpdateField = 3, varianceForTotalField = 0) ***

XXDIAGNOSTIC,Iteration,metricValue,convergenceValue,ITERATION_TIME_INDEX,SINCE_LAST
 1DIAGNOSTIC,     1, -9.076020035944e-01, 1.797693134862e+308, 1.2320e+00, 1.2320e+00, 
 1DIAGNOSTIC,     2, -9.182828018442e-01, 1.797693134862e+308, 1.5766e+00, 3.4456e-01, 
 1DIAGNOSTIC,     3, -9.268515376880e-01, 1.797693134862e+308, 1.9258e+00, 3.4918e-01, 
 1DIAGNOSTIC,     4, -9.333367653184e-01, 1.797693134862e+308, 2.2740e+00, 3.4818e-01, 
 1DIAGNOSTIC,     5, -9.381381697712e-01, 1.797693134862e+308, 2.6246e+00, 3.5061e-01, 
 1DIAGNOSTIC,     6, -9.414564049749e-01, 1.797693134862e+308, 2.9763e+00, 3.5175e-01, 
 1DIAGNOSTIC,     7, -9.446085187702e-01, 1.797693134862e+308, 3.3410e+00, 3.6468e-01, 
 1DIAGNOSTIC,     8, -9.479290353657e-01, 1.797693134862e+308, 3.6974e+00, 3.5637e-01, 
 1DIAGNOSTIC,     9, -9.512972075422e-01, 1.797693134862e+308, 4.0722e+00, 3.7485e-01, 
 1DIAGNOSTIC,    10, -9.542341913276e-01, 2.919509235363e-03, 4.4212e+00, 3.4899e-01, 
