
##########################
# Experiment information #
##########################

EXPERIMENT_NAME: antsRegistration-r8-p7
VFC_BACKENDS: libinterflop_vprec.so --range-binary32=8 --precision-binary32=7 --range-binary64=8 --precision-binary64=7

SIF_IMG: /home/mdugre/projects/rrg-glatard/mdugre/containers/ants-vprec-no_metrics.simg

SUBJECT_ID: s033
INPUT_IMG: /home/mdugre/scratch/mri-registration-rp/datasets/ds004513/derivatives/mri-registration-rp/antsBrainExtraction/sub-s033/BrainExtractionBrain.nii.gz
OUTPUT_DIR: /home/mdugre/scratch/mri-registration-rp/datasets/ds004513/derivatives/mri-registration-rp/0100/antsRegistration-r8-p7/sub-s033

FIXED_IMG: /templateflow/tpl-MNI152NLin2009cAsym/tpl-MNI152NLin2009cAsym_res-01_desc-brain_T1w.nii.gz
DATA_DIR: /home/mdugre/scratch/mri-registration-rp/datasets/ds004513
TEMPLATEFLOW_DIR: /home/mdugre/projects/rrg-glatard/mdugre/templateflow
ITK_GLOBAL_DEFAULT_NUMBER_OF_THREADS: 16
##########################

Info [verificarlo]: loaded backend libinterflop_ieee.so
Info [interflop-ieee]: load backend with:
Info [interflop-ieee]: debug = false
Info [interflop-ieee]: debug-binary = false
Info [interflop-ieee]: no-backend-name = false
Info [interflop-ieee]: print-new-line = false
Info [interflop-ieee]: print-subnormal-normalized = false
Info [interflop-ieee]: count-op = false
All_Command_lines_OK
Using double precision for computations.
=============================================================================
The composite transform comprises the following transforms (in order): 
  1. Center of mass alignment using fixed image: /templateflow/tpl-MNI152NLin2009cAsym/tpl-MNI152NLin2009cAsym_res-01_desc-brain_T1w.nii.gz and moving image: /home/mdugre/scratch/mri-registration-rp/datasets/ds004513/derivatives/mri-registration-rp/antsBrainExtraction/sub-s033/BrainExtractionBrain.nii.gz (type = Euler3DTransform)
=============================================================================
  number of levels = 1
  fixed image: /templateflow/tpl-MNI152NLin2009cAsym/tpl-MNI152NLin2009cAsym_res-01_desc-brain_T1w.nii.gz
  moving image: /home/mdugre/scratch/mri-registration-rp/datasets/ds004513/derivatives/mri-registration-rp/antsBrainExtraction/sub-s033/BrainExtractionBrain.nii.gz
Dimension = 3
Number of stages = 1
Use histogram matching = false
Winsorize image intensities = true
  Lower quantile = 0.005
  Upper quantile = 0.995


Stage 1 State
   Image metric = MattesMI
     Fixed image = Image (0x4633bd0)
  RTTI typeinfo:   itk::Image<double, 3u>
  Reference Count: 2
  Modified Time: 2330
  Debug: Off
  Object Name: 
  Observers: 
    none
  Source: (none)
  Source output name: (none)
  Release Data: Off
  Data Released: False
  Global Release Data: Off
  PipelineMTime: 0
  UpdateMTime: 1941
  RealTimeStamp: 0 seconds 
  LargestPossibleRegion: 
    Dimension: 3
    Index: [0, 0, 0]
    Size: [193, 229, 193]
  BufferedRegion: 
    Dimension: 3
    Index: [0, 0, 0]
    Size: [193, 229, 193]
  RequestedRegion: 
    Dimension: 3
    Index: [0, 0, 0]
    Size: [193, 229, 193]
  Spacing: [1, 1, 1]
  Origin: [96, 132, -78]
  Direction: 
-1 0 0
0 -1 0
0 0 1

  IndexToPointMatrix: 
-1 0 0
0 -1 0
0 0 1

  PointToIndexMatrix: 
-1 0 0
0 -1 0
0 0 1

  Inverse Direction: 
-1 0 0
0 -1 0
0 0 1

  PixelContainer: 
    ImportImageContainer (0x463c9e0)
      RTTI typeinfo:   itk::ImportImageContainer<unsigned long, double>
      Reference Count: 1
      Modified Time: 1938
      Debug: Off
      Object Name: 
      Observers: 
        none
      Pointer: 0x14ccee5f7010
      Container manages memory: true
      Size: 8530021
      Capacity: 8530021

     Moving image = Image (0x463d910)
  RTTI typeinfo:   itk::Image<double, 3u>
  Reference Count: 2
  Modified Time: 2331
  Debug: Off
  Object Name: 
  Observers: 
    none
  Source: (none)
  Source output name: (none)
  Release Data: Off
  Data Released: False
  Global Release Data: Off
  PipelineMTime: 0
  UpdateMTime: 2328
  RealTimeStamp: 0 seconds 
  LargestPossibleRegion: 
    Dimension: 3
    Index: [0, 0, 0]
    Size: [160, 240, 256]
  BufferedRegion: 
    Dimension: 3
    Index: [0, 0, 0]
    Size: [160, 240, 256]
  RequestedRegion: 
    Dimension: 3
    Index: [0, 0, 0]
    Size: [160, 240, 256]
  Spacing: [1, 1, 1]
  Origin: [91.5134, 94.282, -109.927]
  Direction: 
-0.99591 -0.0698718 -0.0572835
0.0697565 -0.997556 0.00401236
-0.0574239 5.01125e-08 0.99835

  IndexToPointMatrix: 
-0.99591 -0.0698718 -0.0572835
0.0697565 -0.997556 0.00401236
-0.0574239 5.01125e-08 0.99835

  PointToIndexMatrix: 
-0.99591 0.0697565 -0.0574239
-0.0698718 -0.997556 5.01483e-08
-0.0572835 0.00401236 0.99835

  Inverse Direction: 
-0.99591 0.0697565 -0.0574239
-0.0698718 -0.997556 5.01483e-08
-0.0572835 0.00401236 0.99835

  PixelContainer: 
    ImportImageContainer (0x4723a50)
      RTTI typeinfo:   itk::ImportImageContainer<unsigned long, double>
      Reference Count: 1
      Modified Time: 2325
      Debug: Off
      Object Name: 
      Observers: 
        none
      Pointer: 0x14cce9af6010
      Container manages memory: true
      Size: 9830400
      Capacity: 9830400

     Weighting = 1
     Sampling strategy = regular
     Number of bins = 32
     Radius = 4
     Sampling percentage  = 0.25
   Transform = Rigid
     Gradient step = 0.1
     Update field sigma (voxel space) = 0
     Total field sigma (voxel space) = 0
     Update field time sigma = 0
     Total field time sigma  = 0
     Number of time indices = 0
     Number of time point samples = 0
Registration using 1 total stages.

Stage 0
  iterations = 0
  convergence threshold = 1e-06
  convergence window size = 10
  number of levels = 1
  using the Mattes MI metric (number of bins = 32, weight = 1, use gradient filter = 0)
  preprocessing:  winsorizing the image intensities
  Shrink factors (level 1 out of 1): [1, 1, 1]
  smoothing sigmas per level: [0]
  regular sampling (percentage = 0.25)

*** Running Euler3DTransform registration ***

  Elapsed time (stage 0): 0.959506


Total elapsed time: 0.962088
Info [verificarlo]: loaded backend libinterflop_vprec.so
Info [interflop-vprec]: load backend with: 
Info [interflop-vprec]: precision-binary32 = 7
Info [interflop-vprec]: range-binary32 = 8
Info [interflop-vprec]: precision-binary64 = 7
Info [interflop-vprec]: range-binary64 = 8
Info [interflop-vprec]: mode = ob
Info [interflop-vprec]: error-mode = rel
Info [interflop-vprec]: max-abs-error-exponent = -1022
Info [interflop-vprec]: daz = false
Info [interflop-vprec]: ftz = false
Info [interflop-vprec]: 	instrument = none
Info [interflop-vprec]: 	prec-input-file = (null)
Info [interflop-vprec]: 	prec-output-file = (null)
Info [interflop-vprec]: 	prec-log-file = (null)
All_Command_lines_OK
Using double precision for computations.
=============================================================================
The composite transform comprises the following transforms (in order): 
  1. /home/mdugre/scratch/mri-registration-rp/datasets/ds004513/derivatives/mri-registration-rp/0100/antsRegistration-r8-p7/sub-s033/align_Composite.h5[0] (type = Euler3DTransform)
  2. /home/mdugre/scratch/mri-registration-rp/datasets/ds004513/derivatives/mri-registration-rp/0100/antsRegistration-r8-p7/sub-s033/align_Composite.h5[1] (type = Euler3DTransform)
=============================================================================
  number of levels = 4
  fixed image: /templateflow/tpl-MNI152NLin2009cAsym/tpl-MNI152NLin2009cAsym_res-01_desc-brain_T1w.nii.gz
  moving image: /home/mdugre/scratch/mri-registration-rp/datasets/ds004513/derivatives/mri-registration-rp/antsBrainExtraction/sub-s033/BrainExtractionBrain.nii.gz
Dimension = 3
Number of stages = 1
Use histogram matching = false
Winsorize image intensities = true
  Lower quantile = 0.005
  Upper quantile = 0.995


Stage 1 State
   Image metric = MattesMI
     Fixed image = Image (0x38af1e0)
  RTTI typeinfo:   itk::Image<double, 3u>
  Reference Count: 2
  Modified Time: 1578
  Debug: Off
  Object Name: 
  Observers: 
    none
  Source: (none)
  Source output name: (none)
  Release Data: Off
  Data Released: False
  Global Release Data: Off
  PipelineMTime: 0
  UpdateMTime: 1189
  RealTimeStamp: 0 seconds 
  LargestPossibleRegion: 
    Dimension: 3
    Index: [0, 0, 0]
    Size: [193, 229, 193]
  BufferedRegion: 
    Dimension: 3
    Index: [0, 0, 0]
    Size: [193, 229, 193]
  RequestedRegion: 
    Dimension: 3
    Index: [0, 0, 0]
    Size: [193, 229, 193]
  Spacing: [1, 1, 1]
  Origin: [96, 132, -78]
  Direction: 
-1 0 0
0 -1 0
0 0 1

  IndexToPointMatrix: 
-1 0 0
0 -1 0
0 0 1

  PointToIndexMatrix: 
-1 0 0
0 -1 0
0 0 1

  Inverse Direction: 
-1 0 0
0 -1 0
0 0 1

  PixelContainer: 
    ImportImageContainer (0x396e680)
      RTTI typeinfo:   itk::ImportImageContainer<unsigned long, double>
      Reference Count: 1
      Modified Time: 1186
      Debug: Off
      Object Name: 
      Observers: 
        none
      Pointer: 0x14b7edbe3010
      Container manages memory: true
      Size: 8530021
      Capacity: 8530021

     Moving image = Image (0x396ab20)
  RTTI typeinfo:   itk::Image<double, 3u>
  Reference Count: 2
  Modified Time: 1579
  Debug: Off
  Object Name: 
  Observers: 
    none
  Source: (none)
  Source output name: (none)
  Release Data: Off
  Data Released: False
  Global Release Data: Off
  PipelineMTime: 0
  UpdateMTime: 1576
  RealTimeStamp: 0 seconds 
  LargestPossibleRegion: 
    Dimension: 3
    Index: [0, 0, 0]
    Size: [160, 240, 256]
  BufferedRegion: 
    Dimension: 3
    Index: [0, 0, 0]
    Size: [160, 240, 256]
  RequestedRegion: 
    Dimension: 3
    Index: [0, 0, 0]
    Size: [160, 240, 256]
  Spacing: [1, 1, 1]
  Origin: [91.5, 94.5, -110]
  Direction: 
-0.996094 -0.0698242 -0.057373
0.0698242 -0.996094 0.0039978
-0.057373 0 0.996094

  IndexToPointMatrix: 
-0.996094 -0.0698242 -0.057373
0.0698242 -0.996094 0.0039978
-0.057373 0 0.996094

  PointToIndexMatrix: 
-1 0.0698242 -0.057373
-0.0708008 -1.00781 0.00390625
-0.0581055 -0.00585938 1.00781

  Inverse Direction: 
-1 0.0698242 -0.057373
-0.0708008 -1.00781 0.00390625
-0.0581055 -0.00585938 1.00781

  PixelContainer: 
    ImportImageContainer (0x39d3d50)
      RTTI typeinfo:   itk::ImportImageContainer<unsigned long, double>
      Reference Count: 1
      Modified Time: 1573
      Debug: Off
      Object Name: 
      Observers: 
        none
      Pointer: 0x14b7e90e2010
      Container manages memory: true
      Size: 9830400
      Capacity: 9830400

     Weighting = 1
     Sampling strategy = regular
     Number of bins = 32
     Radius = 4
     Sampling percentage  = 0.25
   Transform = Rigid
     Gradient step = 0.1
     Update field sigma (voxel space) = 0
     Total field sigma (voxel space) = 0
     Update field time sigma = 0
     Total field time sigma  = 0
     Number of time indices = 0
     Number of time point samples = 0
Registration using 1 total stages.

Stage 0
  iterations = 1000x500x250x100
  convergence threshold = 1e-06
  convergence window size = 10
  number of levels = 4
  using the Mattes MI metric (number of bins = 32, weight = 1, use gradient filter = 0)
  preprocessing:  winsorizing the image intensities
  Shrink factors (level 1 out of 4): [8, 8, 8]
  Shrink factors (level 2 out of 4): [4, 4, 4]
  Shrink factors (level 3 out of 4): [2, 2, 2]
  Shrink factors (level 4 out of 4): [1, 1, 1]
  smoothing sigmas per level: [3, 2, 1, 0]
  regular sampling (percentage = 0.25)

*** Running Euler3DTransform registration ***

DIAGNOSTIC,Iteration,metricValue,convergenceValue,ITERATION_TIME_INDEX,SINCE_LAST
 2DIAGNOSTIC,     1, -5.063334341916e-01, 1.797693134862e+308, 0.0000e+00, 0.0000e+00, 
 2DIAGNOSTIC,     2, -5.066713034126e-01, 1.797693134862e+308, 0.0000e+00, 0.0000e+00, 
 2DIAGNOSTIC,     3, -5.069416056681e-01, 1.797693134862e+308, 0.0000e+00, 0.0000e+00, 
 2DIAGNOSTIC,     4, -5.070216868835e-01, 1.797693134862e+308, 0.0000e+00, 0.0000e+00, 
 2DIAGNOSTIC,     5, -5.076000848431e-01, 1.797693134862e+308, 0.0000e+00, 0.0000e+00, 
 2DIAGNOSTIC,     6, -5.099061208325e-01, 1.797693134862e+308, 0.0000e+00, 0.0000e+00, 
 2DIAGNOSTIC,     7, -5.104930902015e-01, 1.797693134862e+308, 0.0000e+00, 0.0000e+00, 
 2DIAGNOSTIC,     8, -5.100389578785e-01, 1.797693134862e+308, 0.0000e+00, 0.0000e+00, 
 2DIAGNOSTIC,     9, -5.102227472777e-01, 1.797693134862e+308, 0.0000e+00, 0.0000e+00, 
 2DIAGNOSTIC,    10, -5.097483866829e-01, 5.969565890472e-04, 0.0000e+00, 0.0000e+00, 
 2DIAGNOSTIC,    11, -5.094603837077e-01, 4.427746236320e-04, 0.0000e+00, 0.0000e+00, 
 2DIAGNOSTIC,    12, -5.091963491595e-01, 2.776371840815e-04, 0.0000e+00, 0.0000e+00, 
 2DIAGNOSTIC,    13, -5.090929453771e-01, 1.217864486124e-04, 0.0000e+00, 0.0000e+00, 
DIAGNOSTIC,Iteration,metricValue,convergenceValue,ITERATION_TIME_INDEX,SINCE_LAST
 2DIAGNOSTIC,     1, -4.310510717798e-01, 1.797693134862e+308, 0.0000e+00, 0.0000e+00, 
 2DIAGNOSTIC,     2, -4.315343131398e-01, 1.797693134862e+308, 0.0000e+00, 0.0000e+00, 
 2DIAGNOSTIC,     3, -4.313848554150e-01, 1.797693134862e+308, 0.0000e+00, 0.0000e+00, 
 2DIAGNOSTIC,     4, -4.322639798273e-01, 1.797693134862e+308, 0.0000e+00, 0.0000e+00, 
 2DIAGNOSTIC,     5, -4.327536680929e-01, 1.797693134862e+308, 0.0000e+00, 0.0000e+00, 
 2DIAGNOSTIC,     6, -4.334548594339e-01, 1.797693134862e+308, 0.0000e+00, 0.0000e+00, 
 2DIAGNOSTIC,     7, -4.342148471306e-01, 1.797693134862e+308, 0.0000e+00, 0.0000e+00, 
 2DIAGNOSTIC,     8, -4.364783878503e-01, 1.797693134862e+308, 0.0000e+00, 0.0000e+00, 
 2DIAGNOSTIC,     9, -4.415712337545e-01, 1.797693134862e+308, 0.0000e+00, 0.0000e+00, 
 2DIAGNOSTIC,    10, -4.457031830078e-01, 1.829174083189e-03, 0.0000e+00, 0.0000e+00, 
 2DIAGNOSTIC,    11, -4.566463737023e-01, 2.718358838655e-03, 0.0000e+00, 0.0000e+00, 
 2DIAGNOSTIC,    12, -4.753798690374e-01, 4.222407600467e-03, 0.0000e+00, 0.0000e+00, 
 2DIAGNOSTIC,    13, -4.961461164176e-01, 6.073970651461e-03, 0.0000e+00, 0.0000e+00, 
 2DIAGNOSTIC,    14, -5.134867553801e-01, 7.875424645231e-03, 0.0000e+00, 0.0000e+00, 
 2DIAGNOSTIC,    15, -5.137538929415e-01, 8.721596428860e-03, 0.0000e+00, 0.0000e+00, 
 2DIAGNOSTIC,    16, -5.170807091435e-01, 8.821166575722e-03, 0.0000e+00, 0.0000e+00, 
 2DIAGNOSTIC,    17, -5.145049412943e-01, 8.032970753582e-03, 0.0000e+00, 0.0000e+00, 
 2DIAGNOSTIC,    18, -5.184999819307e-01, 6.804068928810e-03, 0.0000e+00, 0.0000e+00, 
 2DIAGNOSTIC,    19, -5.125744520563e-01, 5.065932771190e-03, 0.0000e+00, 0.0000e+00, 
 2DIAGNOSTIC,    20, -5.161249885990e-01, 3.288557358884e-03, 0.0000e+00, 0.0000e+00, 
 2DIAGNOSTIC,    21, -5.147046134374e-01, 1.662146280368e-03, 0.0000e+00, 0.0000e+00, 
 2DIAGNOSTIC,    22, -5.149813865579e-01, 5.480273914875e-04, 0.0000e+00, 0.0000e+00, 
DIAGNOSTIC,Iteration,metricValue,convergenceValue,ITERATION_TIME_INDEX,SINCE_LAST
 2DIAGNOSTIC,     1, -4.361471159256e-01, 1.797693134862e+308, 0.0000e+00, 0.0000e+00, 
 2DIAGNOSTIC,     2, -4.361471159256e-01, 1.797693134862e+308, 0.0000e+00, 0.0000e+00, 
 2DIAGNOSTIC,     3, -4.361471159256e-01, 1.797693134862e+308, 0.0000e+00, 0.0000e+00, 
 2DIAGNOSTIC,     4, -4.361471159256e-01, 1.797693134862e+308, 0.0000e+00, 0.0000e+00, 
 2DIAGNOSTIC,     5, -4.361471159256e-01, 1.797693134862e+308, 0.0000e+00, 0.0000e+00, 
 2DIAGNOSTIC,     6, -4.361471159256e-01, 1.797693134862e+308, 0.0000e+00, 0.0000e+00, 
 2DIAGNOSTIC,     7, -4.361471159256e-01, 1.797693134862e+308, 0.0000e+00, 0.0000e+00, 
 2DIAGNOSTIC,     8, -4.361471159256e-01, 1.797693134862e+308, 0.0000e+00, 0.0000e+00, 
 2DIAGNOSTIC,     9, -4.361471159256e-01, 1.797693134862e+308, 0.0000e+00, 0.0000e+00, 
DIAGNOSTIC,Iteration,metricValue,convergenceValue,ITERATION_TIME_INDEX,SINCE_LAST
 2DIAGNOSTIC,     1, -3.965192220397e-01, 1.797693134862e+308, 0.0000e+00, 0.0000e+00, 
 2DIAGNOSTIC,     2, -3.965268496332e-01, 1.797693134862e+308, 0.0000e+00, 0.0000e+00, 
 2DIAGNOSTIC,     3, -3.965581185980e-01, 1.797693134862e+308, 0.0000e+00, 0.0000e+00, 
 2DIAGNOSTIC,     4, -3.965581185980e-01, 1.797693134862e+308, 0.0000e+00, 0.0000e+00, 
 2DIAGNOSTIC,     5, -3.965581185980e-01, 1.797693134862e+308, 0.0000e+00, 0.0000e+00, 
 2DIAGNOSTIC,     6, -3.965581185980e-01, 1.797693134862e+308, 0.0000e+00, 0.0000e+00, 
 2DIAGNOSTIC,     7, -3.965581185980e-01, 1.797693134862e+308, 0.0000e+00, 0.0000e+00, 
 2DIAGNOSTIC,     8, -3.965581185980e-01, 1.797693134862e+308, 0.0000e+00, 0.0000e+00, 
 2DIAGNOSTIC,     9, -3.965581185980e-01, 1.797693134862e+308, 0.0000e+00, 0.0000e+00, 
 2DIAGNOSTIC,    10, -3.965581185980e-01, 4.742892692214e-06, 0.0000e+00, 0.0000e+00, 
 2DIAGNOSTIC,    11, -3.965581185980e-01, 2.034647492974e-06, 0.0000e+00, 0.0000e+00, 
  Elapsed time (stage 0): 0.0000e+00


Total elapsed time: 0.0000e+00
Info [verificarlo]: loaded backend libinterflop_ieee.so
Info [interflop-ieee]: load backend with:
Info [interflop-ieee]: debug = false
Info [interflop-ieee]: debug-binary = false
Info [interflop-ieee]: no-backend-name = false
Info [interflop-ieee]: print-new-line = false
Info [interflop-ieee]: print-subnormal-normalized = false
Info [interflop-ieee]: count-op = false
All_Command_lines_OK
Using double precision for computations.
=============================================================================
The composite transform comprises the following transforms (in order): 
  1. /home/mdugre/scratch/mri-registration-rp/datasets/ds004513/derivatives/mri-registration-rp/0100/antsRegistration-r8-p7/sub-s033/rigid_Composite.h5[0] (type = Euler3DTransform)
  2. /home/mdugre/scratch/mri-registration-rp/datasets/ds004513/derivatives/mri-registration-rp/0100/antsRegistration-r8-p7/sub-s033/rigid_Composite.h5[1] (type = Euler3DTransform)
  3. /home/mdugre/scratch/mri-registration-rp/datasets/ds004513/derivatives/mri-registration-rp/0100/antsRegistration-r8-p7/sub-s033/rigid_Composite.h5[2] (type = Euler3DTransform)
=============================================================================
  number of levels = 4
  fixed image: /templateflow/tpl-MNI152NLin2009cAsym/tpl-MNI152NLin2009cAsym_res-01_desc-brain_T1w.nii.gz
  moving image: /home/mdugre/scratch/mri-registration-rp/datasets/ds004513/derivatives/mri-registration-rp/antsBrainExtraction/sub-s033/BrainExtractionBrain.nii.gz
Dimension = 3
Number of stages = 1
Use histogram matching = false
Winsorize image intensities = true
  Lower quantile = 0.005
  Upper quantile = 0.995


Stage 1 State
   Image metric = MattesMI
     Fixed image = Image (0x3462530)
  RTTI typeinfo:   itk::Image<double, 3u>
  Reference Count: 2
  Modified Time: 1592
  Debug: Off
  Object Name: 
  Observers: 
    none
  Source: (none)
  Source output name: (none)
  Release Data: Off
  Data Released: False
  Global Release Data: Off
  PipelineMTime: 0
  UpdateMTime: 1203
  RealTimeStamp: 0 seconds 
  LargestPossibleRegion: 
    Dimension: 3
    Index: [0, 0, 0]
    Size: [193, 229, 193]
  BufferedRegion: 
    Dimension: 3
    Index: [0, 0, 0]
    Size: [193, 229, 193]
  RequestedRegion: 
    Dimension: 3
    Index: [0, 0, 0]
    Size: [193, 229, 193]
  Spacing: [1, 1, 1]
  Origin: [96, 132, -78]
  Direction: 
-1 0 0
0 -1 0
0 0 1

  IndexToPointMatrix: 
-1 0 0
0 -1 0
0 0 1

  PointToIndexMatrix: 
-1 0 0
0 -1 0
0 0 1

  Inverse Direction: 
-1 0 0
0 -1 0
0 0 1

  PixelContainer: 
    ImportImageContainer (0x346f2b0)
      RTTI typeinfo:   itk::ImportImageContainer<unsigned long, double>
      Reference Count: 1
      Modified Time: 1200
      Debug: Off
      Object Name: 
      Observers: 
        none
      Pointer: 0x148c25cdb010
      Container manages memory: true
      Size: 8530021
      Capacity: 8530021

     Moving image = Image (0x351dfd0)
  RTTI typeinfo:   itk::Image<double, 3u>
  Reference Count: 2
  Modified Time: 1593
  Debug: Off
  Object Name: 
  Observers: 
    none
  Source: (none)
  Source output name: (none)
  Release Data: Off
  Data Released: False
  Global Release Data: Off
  PipelineMTime: 0
  UpdateMTime: 1590
  RealTimeStamp: 0 seconds 
  LargestPossibleRegion: 
    Dimension: 3
    Index: [0, 0, 0]
    Size: [160, 240, 256]
  BufferedRegion: 
    Dimension: 3
    Index: [0, 0, 0]
    Size: [160, 240, 256]
  RequestedRegion: 
    Dimension: 3
    Index: [0, 0, 0]
    Size: [160, 240, 256]
  Spacing: [1, 1, 1]
  Origin: [91.5134, 94.282, -109.927]
  Direction: 
-0.99591 -0.0698718 -0.0572835
0.0697565 -0.997556 0.00401236
-0.0574239 5.01125e-08 0.99835

  IndexToPointMatrix: 
-0.99591 -0.0698718 -0.0572835
0.0697565 -0.997556 0.00401236
-0.0574239 5.01125e-08 0.99835

  PointToIndexMatrix: 
-0.99591 0.0697565 -0.0574239
-0.0698718 -0.997556 5.01483e-08
-0.0572835 0.00401236 0.99835

  Inverse Direction: 
-0.99591 0.0697565 -0.0574239
-0.0698718 -0.997556 5.01483e-08
-0.0572835 0.00401236 0.99835

  PixelContainer: 
    ImportImageContainer (0x3535990)
      RTTI typeinfo:   itk::ImportImageContainer<unsigned long, double>
      Reference Count: 1
      Modified Time: 1587
      Debug: Off
      Object Name: 
      Observers: 
        none
      Pointer: 0x148c211da010
      Container manages memory: true
      Size: 9830400
      Capacity: 9830400

     Weighting = 1
     Sampling strategy = regular
     Number of bins = 32
     Radius = 4
     Sampling percentage  = 0.25
   Transform = Affine
     Gradient step = 0.1
     Update field sigma (voxel space) = 0
     Total field sigma (voxel space) = 0
     Update field time sigma = 0
     Total field time sigma  = 0
     Number of time indices = 0
     Number of time point samples = 0
Registration using 1 total stages.

Stage 0
  iterations = 1000x500x250x100
  convergence threshold = 1e-06
  convergence window size = 10
  number of levels = 4
  using the Mattes MI metric (number of bins = 32, weight = 1, use gradient filter = 0)
  preprocessing:  winsorizing the image intensities
  Shrink factors (level 1 out of 4): [8, 8, 8]
  Shrink factors (level 2 out of 4): [4, 4, 4]
  Shrink factors (level 3 out of 4): [2, 2, 2]
  Shrink factors (level 4 out of 4): [1, 1, 1]
  smoothing sigmas per level: [3, 2, 1, 0]
  regular sampling (percentage = 0.25)

*** Running AffineTransform registration ***

DIAGNOSTIC,Iteration,metricValue,convergenceValue,ITERATION_TIME_INDEX,SINCE_LAST
 2DIAGNOSTIC,     1, -6.321988462427e-01, 1.797693134862e+308, 6.9642e-01, 6.9642e-01, 
 2DIAGNOSTIC,     2, -6.345569699408e-01, 1.797693134862e+308, 7.0035e-01, 3.9310e-03, 
 2DIAGNOSTIC,     3, -6.387463837102e-01, 1.797693134862e+308, 7.0418e-01, 3.8340e-03, 
 2DIAGNOSTIC,     4, -6.460643801478e-01, 1.797693134862e+308, 7.0821e-01, 4.0281e-03, 
 2DIAGNOSTIC,     5, -6.574941372366e-01, 1.797693134862e+308, 7.1183e-01, 3.6170e-03, 
 2DIAGNOSTIC,     6, -6.718156618461e-01, 1.797693134862e+308, 7.1551e-01, 3.6881e-03, 
 2DIAGNOSTIC,     7, -6.955371368746e-01, 1.797693134862e+308, 7.1931e-01, 3.7920e-03, 
 2DIAGNOSTIC,     8, -8.261201660370e-01, 1.797693134862e+308, 7.2365e-01, 4.3471e-03, 
 2DIAGNOSTIC,     9, -8.534659077972e-01, 1.797693134862e+308, 7.2833e-01, 4.6740e-03, 
 2DIAGNOSTIC,    10, -8.681647475075e-01, 2.331058511504e-02, 7.3331e-01, 4.9789e-03, 
 2DIAGNOSTIC,    11, -8.891588876531e-01, 2.423693001010e-02, 7.3794e-01, 4.6380e-03, 
 2DIAGNOSTIC,    12, -8.922762419576e-01, 2.298677480428e-02, 7.4346e-01, 5.5141e-03, 
 2DIAGNOSTIC,    13, -8.950097199228e-01, 2.006304808157e-02, 7.4791e-01, 4.4551e-03, 
 2DIAGNOSTIC,    14, -8.960799002076e-01, 1.603932984852e-02, 7.5194e-01, 4.0250e-03, 
 2DIAGNOSTIC,    15, -8.962347547322e-01, 1.151405021074e-02, 7.5648e-01, 4.5400e-03, 
 2DIAGNOSTIC,    16, -8.965148347660e-01, 6.947293713875e-03, 7.6051e-01, 4.0362e-03, 
 2DIAGNOSTIC,    17, -8.967156327897e-01, 2.796095077738e-03, 7.6454e-01, 4.0250e-03, 
 2DIAGNOSTIC,    18, -8.973475025798e-01, 1.514453218407e-03, 7.6862e-01, 4.0820e-03, 
 2DIAGNOSTIC,    19, -8.983677277240e-01, 7.731869411135e-04, 7.7268e-01, 4.0560e-03, 
 2DIAGNOSTIC,    20, -9.000942637659e-01, 3.241414585193e-04, 7.7773e-01, 5.0530e-03, 
 2DIAGNOSTIC,    21, -9.023647098967e-01, 2.809493425617e-04, 7.8223e-01, 4.4999e-03, 
 2DIAGNOSTIC,    22, -9.051425660597e-01, 3.082533152250e-04, 7.8813e-01, 5.8951e-03, 
 2DIAGNOSTIC,    23, -9.052074167415e-01, 3.457321680364e-04, 7.9314e-01, 5.0118e-03, 
 2DIAGNOSTIC,    24, -9.052401055820e-01, 3.642013442639e-04, 7.9770e-01, 4.5660e-03, 
 2DIAGNOSTIC,    25, -9.049563942482e-01, 3.454671523398e-04, 8.0228e-01, 4.5769e-03, 
 2DIAGNOSTIC,    26, -9.048731285203e-01, 2.983125022307e-04, 8.0636e-01, 4.0751e-03, 
 2DIAGNOSTIC,    27, -9.048000807786e-01, 2.282813642278e-04, 8.1037e-01, 4.0169e-03, 
 2DIAGNOSTIC,    28, -9.048763117424e-01, 1.511352516809e-04, 8.1443e-01, 4.0600e-03, 
 2DIAGNOSTIC,    29, -9.049354795910e-01, 7.852463027171e-05, 8.1856e-01, 4.1230e-03, 
 2DIAGNOSTIC,    30, -9.051430538743e-01, 2.541404820331e-05, 8.2266e-01, 4.1051e-03, 
 2DIAGNOSTIC,    31, -9.056907723538e-01, 3.600815090335e-06, 8.2714e-01, 4.4789e-03, 
 2DIAGNOSTIC,    32, -9.057771208333e-01, 1.305428325809e-05, 8.3206e-01, 4.9171e-03, 
 2DIAGNOSTIC,    33, -9.059385686914e-01, 2.307373316821e-05, 8.3741e-01, 5.3508e-03, 
 2DIAGNOSTIC,    34, -9.061113709896e-01, 3.249608032805e-05, 8.4149e-01, 4.0829e-03, 
 2DIAGNOSTIC,    35, -9.061856658028e-01, 3.630504479761e-05, 8.4598e-01, 4.4920e-03, 
 2DIAGNOSTIC,    36, -9.063481561109e-01, 3.723578746732e-05, 8.5139e-01, 5.4049e-03, 
 2DIAGNOSTIC,    37, -9.063485093883e-01, 3.398028309137e-05, 8.6109e-01, 9.7020e-03, 
 2DIAGNOSTIC,    38, -9.063485096732e-01, 2.851327399248e-05, 8.6999e-01, 8.8980e-03, 
 2DIAGNOSTIC,    39, -9.063485096760e-01, 2.122864055770e-05, 8.8147e-01, 1.1484e-02, 
 2DIAGNOSTIC,    40, -9.063485096760e-01, 1.399581342009e-05, 8.8606e-01, 4.5850e-03, 
 2DIAGNOSTIC,    41, -9.063485096760e-01, 1.031262651510e-05, 8.9051e-01, 4.4491e-03, 
 2DIAGNOSTIC,    42, -9.063485096760e-01, 6.576089943443e-06, 8.9501e-01, 4.5021e-03, 
 2DIAGNOSTIC,    43, -9.063485096760e-01, 3.704315687643e-06, 9.0040e-01, 5.3902e-03, 
 2DIAGNOSTIC,    44, -9.063485096760e-01, 1.988575522478e-06, 9.0496e-01, 4.5590e-03, 
DIAGNOSTIC,Iteration,metricValue,convergenceValue,ITERATION_TIME_INDEX,SINCE_LAST
 2DIAGNOSTIC,     1, -7.400011536297e-01, 1.797693134862e+308, 1.6264e+00, 7.2144e-01, 
 2DIAGNOSTIC,     2, -7.409651489223e-01, 1.797693134862e+308, 1.6559e+00, 2.9519e-02, 
 2DIAGNOSTIC,     3, -7.419910910296e-01, 1.797693134862e+308, 1.6849e+00, 2.8984e-02, 
 2DIAGNOSTIC,     4, -7.431317783597e-01, 1.797693134862e+308, 1.7133e+00, 2.8391e-02, 
 2DIAGNOSTIC,     5, -7.442215278765e-01, 1.797693134862e+308, 1.7422e+00, 2.8935e-02, 
 2DIAGNOSTIC,     6, -7.458706745434e-01, 1.797693134862e+308, 1.7713e+00, 2.9032e-02, 
 2DIAGNOSTIC,     7, -7.469184292292e-01, 1.797693134862e+308, 1.8121e+00, 4.0830e-02, 
 2DIAGNOSTIC,     8, -7.470472634547e-01, 1.797693134862e+308, 1.8410e+00, 2.8948e-02, 
 2DIAGNOSTIC,     9, -7.471984183836e-01, 1.797693134862e+308, 1.8698e+00, 2.8753e-02, 
 2DIAGNOSTIC,    10, -7.475316013028e-01, 7.119492924559e-04, 1.9018e+00, 3.1973e-02, 
 2DIAGNOSTIC,    11, -7.486032259099e-01, 5.865359004198e-04, 1.9433e+00, 4.1580e-02, 
 2DIAGNOSTIC,    12, -7.486266289451e-01, 4.597183676810e-04, 1.9785e+00, 3.5150e-02, 
 2DIAGNOSTIC,    13, -7.486295893467e-01, 3.419537750521e-04, 2.0106e+00, 3.2060e-02, 
 2DIAGNOSTIC,    14, -7.486230517465e-01, 2.416500539523e-04, 2.0396e+00, 2.9014e-02, 
 2DIAGNOSTIC,    15, -7.486195070750e-01, 1.594438818887e-04, 2.0682e+00, 2.8599e-02, 
 2DIAGNOSTIC,    16, -7.486319367910e-01, 1.116079621361e-04, 2.0981e+00, 2.9909e-02, 
 2DIAGNOSTIC,    17, -7.486269586746e-01, 8.266152107758e-05, 2.1278e+00, 2.9767e-02, 
 2DIAGNOSTIC,    18, -7.486210415616e-01, 5.244582011097e-05, 2.1596e+00, 3.1748e-02, 
 2DIAGNOSTIC,    19, -7.486165300317e-01, 2.374729933923e-05, 2.1950e+00, 3.5435e-02, 
 2DIAGNOSTIC,    20, -7.486056268732e-01, 1.432250964314e-06, 2.2246e+00, 2.9584e-02, 
DIAGNOSTIC,Iteration,metricValue,convergenceValue,ITERATION_TIME_INDEX,SINCE_LAST
 2DIAGNOSTIC,     1, -6.327950435566e-01, 1.797693134862e+308, 3.3301e+00, 1.1055e+00, 
 2DIAGNOSTIC,     2, -6.333605786964e-01, 1.797693134862e+308, 3.5554e+00, 2.2529e-01, 
 2DIAGNOSTIC,     3, -6.339340909985e-01, 1.797693134862e+308, 3.7905e+00, 2.3514e-01, 
 2DIAGNOSTIC,     4, -6.346293179690e-01, 1.797693134862e+308, 4.0082e+00, 2.1769e-01, 
 2DIAGNOSTIC,     5, -6.361164495741e-01, 1.797693134862e+308, 4.2632e+00, 2.5502e-01, 
 2DIAGNOSTIC,     6, -6.377635625257e-01, 1.797693134862e+308, 4.7191e+00, 4.5588e-01, 
 2DIAGNOSTIC,     7, -6.377673620096e-01, 1.797693134862e+308, 4.9926e+00, 2.7349e-01, 
 2DIAGNOSTIC,     8, -6.377669443350e-01, 1.797693134862e+308, 5.3346e+00, 3.4197e-01, 
 2DIAGNOSTIC,     9, -6.377696418975e-01, 1.797693134862e+308, 5.6195e+00, 2.8494e-01, 
 2DIAGNOSTIC,    10, -6.377678710514e-01, 5.954454421932e-04, 5.8472e+00, 2.2768e-01, 
 2DIAGNOSTIC,    11, -6.377677263205e-01, 4.388058362166e-04, 6.0720e+00, 2.2484e-01, 
 2DIAGNOSTIC,    12, -6.377670428445e-01, 2.906543393804e-04, 6.3797e+00, 3.0773e-01, 
 2DIAGNOSTIC,    13, -6.377674176456e-01, 1.599145140572e-04, 6.6567e+00, 2.7696e-01, 
 2DIAGNOSTIC,    14, -6.377662374737e-01, 5.499973821102e-05, 6.9362e+00, 2.7952e-01, 
 2DIAGNOSTIC,    15, -6.377651604471e-01, 2.116066766575e-06, 7.1744e+00, 2.3813e-01, 
 2DIAGNOSTIC,    16, -6.377628997589e-01, 1.747890170489e-06, 7.4554e+00, 2.8102e-01, 
 2DIAGNOSTIC,    17, -6.377605704965e-01, 1.485685679446e-06, 7.6929e+00, 2.3756e-01, 
 2DIAGNOSTIC,    18, -6.377614398394e-01, 1.297806137293e-06, 8.0007e+00, 3.0778e-01, 
 2DIAGNOSTIC,    19, -6.377618348129e-01, 1.245436912531e-06, 8.2634e+00, 2.6269e-01, 
 2DIAGNOSTIC,    20, -6.377608073985e-01, 1.175819519375e-06, 8.5001e+00, 2.3670e-01, 
 2DIAGNOSTIC,    21, -6.377600520671e-01, 1.134764962468e-06, 8.7334e+00, 2.3330e-01, 
 2DIAGNOSTIC,    22, -6.377597563106e-01, 1.113610911603e-06, 8.9715e+00, 2.3805e-01, 
 2DIAGNOSTIC,    23, -6.377616599506e-01, 1.168966979714e-06, 9.2342e+00, 2.6273e-01, 
 2DIAGNOSTIC,    24, -6.377633345298e-01, 1.247060232051e-06, 9.4969e+00, 2.6270e-01, 
 2DIAGNOSTIC,    25, -6.377593167109e-01, 1.236196085094e-06, 9.7554e+00, 2.5848e-01, 
 2DIAGNOSTIC,    26, -6.377591212819e-01, 1.192155213527e-06, 1.0003e+01, 2.4752e-01, 
 2DIAGNOSTIC,    27, -6.377586004370e-01, 1.106507452275e-06, 1.0255e+01, 2.5165e-01, 
 2DIAGNOSTIC,    28, -6.377580783744e-01, 1.037376965878e-06, 1.0477e+01, 2.2290e-01, 
DIAGNOSTIC,Iteration,metricValue,convergenceValue,ITERATION_TIME_INDEX,SINCE_LAST
 2DIAGNOSTIC,     1, -5.635934363054e-01, 1.797693134862e+308, 1.2962e+01, 2.4846e+00, 
 2DIAGNOSTIC,     2, -5.637048846711e-01, 1.797693134862e+308, 1.4957e+01, 1.9954e+00, 
 2DIAGNOSTIC,     3, -5.637243088142e-01, 1.797693134862e+308, 1.6646e+01, 1.6888e+00, 
 2DIAGNOSTIC,     4, -5.637285686569e-01, 1.797693134862e+308, 1.8289e+01, 1.6426e+00, 
 2DIAGNOSTIC,     5, -5.637257520593e-01, 1.797693134862e+308, 1.9865e+01, 1.5759e+00, 
 2DIAGNOSTIC,     6, -5.637258280305e-01, 1.797693134862e+308, 2.1509e+01, 1.6442e+00, 
 2DIAGNOSTIC,     7, -5.637309552561e-01, 1.797693134862e+308, 2.3666e+01, 2.1572e+00, 
 2DIAGNOSTIC,     8, -5.637317209098e-01, 1.797693134862e+308, 2.5332e+01, 1.6662e+00, 
 2DIAGNOSTIC,     9, -5.637308081825e-01, 1.797693134862e+308, 2.7512e+01, 2.1799e+00, 
 2DIAGNOSTIC,    10, -5.637304025936e-01, 1.154751355351e-05, 2.9187e+01, 1.6747e+00, 
 2DIAGNOSTIC,    11, -5.637304759071e-01, 4.547423442164e-06, 3.0857e+01, 1.6706e+00, 
 2DIAGNOSTIC,    12, -5.637304558005e-01, 3.219341191379e-06, 3.2614e+01, 1.7561e+00, 
 2DIAGNOSTIC,    13, -5.637299742713e-01, 2.771579595218e-06, 3.4154e+01, 1.5408e+00, 
 2DIAGNOSTIC,    14, -5.637302111347e-01, 2.527227949495e-06, 3.5804e+01, 1.6495e+00, 
 2DIAGNOSTIC,    15, -5.637301383006e-01, 2.197382770977e-06, 3.7589e+01, 1.7854e+00, 
 2DIAGNOSTIC,    16, -5.637295650128e-01, 1.881175533597e-06, 3.9370e+01, 1.7808e+00, 
 2DIAGNOSTIC,    17, -5.637297218002e-01, 1.768183246466e-06, 4.1213e+01, 1.8432e+00, 
 2DIAGNOSTIC,    18, -5.637298323409e-01, 1.702286721486e-06, 4.2883e+01, 1.6696e+00, 
 2DIAGNOSTIC,    19, -5.637296420338e-01, 1.620068557584e-06, 4.5392e+01, 2.5093e+00, 
 2DIAGNOSTIC,    20, -5.637297204021e-01, 1.542897715145e-06, 4.7065e+01, 1.6729e+00, 
 2DIAGNOSTIC,    21, -5.637295395615e-01, 1.475057747523e-06, 4.8974e+01, 1.9091e+00, 
 2DIAGNOSTIC,    22, -5.637294919057e-01, 1.415944126254e-06, 5.0792e+01, 1.8179e+00, 
 2DIAGNOSTIC,    23, -5.637291705318e-01, 1.346775312216e-06, 5.2433e+01, 1.6407e+00, 
 2DIAGNOSTIC,    24, -5.637291277642e-01, 1.290973052959e-06, 5.4198e+01, 1.7653e+00, 
 2DIAGNOSTIC,    25, -5.637290575839e-01, 1.240325010012e-06, 5.5844e+01, 1.6458e+00, 
 2DIAGNOSTIC,    26, -5.637289672696e-01, 1.183585670445e-06, 5.7638e+01, 1.7942e+00, 
 2DIAGNOSTIC,    27, -5.637288621666e-01, 1.135762974058e-06, 5.9259e+01, 1.6210e+00, 
 2DIAGNOSTIC,    28, -5.637287855340e-01, 1.096145343125e-06, 6.0851e+01, 1.5918e+00, 
 2DIAGNOSTIC,    29, -5.637289032320e-01, 1.061707191961e-06, 6.2736e+01, 1.8851e+00, 
 2DIAGNOSTIC,    30, -5.637290433674e-01, 1.036481777725e-06, 6.4325e+01, 1.5891e+00, 
 2DIAGNOSTIC,    31, -5.637294264228e-01, 1.018351605472e-06, 6.6085e+01, 1.7601e+00, 
 2DIAGNOSTIC,    32, -5.637295616688e-01, 1.003513209419e-06, 6.7725e+01, 1.6397e+00, 
  Elapsed time (stage 0): 6.8679e+01


Total elapsed time: 6.8681e+01
Info [verificarlo]: loaded backend libinterflop_ieee.so
Info [interflop-ieee]: load backend with:
Info [interflop-ieee]: debug = false
Info [interflop-ieee]: debug-binary = false
Info [interflop-ieee]: no-backend-name = false
Info [interflop-ieee]: print-new-line = false
Info [interflop-ieee]: print-subnormal-normalized = false
Info [interflop-ieee]: count-op = false
All_Command_lines_OK
Using double precision for computations.
=============================================================================
The composite transform comprises the following transforms (in order): 
  1. /home/mdugre/scratch/mri-registration-rp/datasets/ds004513/derivatives/mri-registration-rp/0100/antsRegistration-r8-p7/sub-s033/affine_Composite.h5[0] (type = Euler3DTransform)
  2. /home/mdugre/scratch/mri-registration-rp/datasets/ds004513/derivatives/mri-registration-rp/0100/antsRegistration-r8-p7/sub-s033/affine_Composite.h5[1] (type = Euler3DTransform)
  3. /home/mdugre/scratch/mri-registration-rp/datasets/ds004513/derivatives/mri-registration-rp/0100/antsRegistration-r8-p7/sub-s033/affine_Composite.h5[2] (type = Euler3DTransform)
  4. /home/mdugre/scratch/mri-registration-rp/datasets/ds004513/derivatives/mri-registration-rp/0100/antsRegistration-r8-p7/sub-s033/affine_Composite.h5[3] (type = AffineTransform)
=============================================================================
  number of levels = 4
  fixed image: /templateflow/tpl-MNI152NLin2009cAsym/tpl-MNI152NLin2009cAsym_res-01_desc-brain_T1w.nii.gz
  moving image: /home/mdugre/scratch/mri-registration-rp/datasets/ds004513/derivatives/mri-registration-rp/antsBrainExtraction/sub-s033/BrainExtractionBrain.nii.gz
Dimension = 3
Number of stages = 1
Use histogram matching = false
Winsorize image intensities = true
  Lower quantile = 0.005
  Upper quantile = 0.995


Stage 1 State
   Image metric = CC
     Fixed image = Image (0x517ca40)
  RTTI typeinfo:   itk::Image<double, 3u>
  Reference Count: 2
  Modified Time: 1606
  Debug: Off
  Object Name: 
  Observers: 
    none
  Source: (none)
  Source output name: (none)
  Release Data: Off
  Data Released: False
  Global Release Data: Off
  PipelineMTime: 0
  UpdateMTime: 1217
  RealTimeStamp: 0 seconds 
  LargestPossibleRegion: 
    Dimension: 3
    Index: [0, 0, 0]
    Size: [193, 229, 193]
  BufferedRegion: 
    Dimension: 3
    Index: [0, 0, 0]
    Size: [193, 229, 193]
  RequestedRegion: 
    Dimension: 3
    Index: [0, 0, 0]
    Size: [193, 229, 193]
  Spacing: [1, 1, 1]
  Origin: [96, 132, -78]
  Direction: 
-1 0 0
0 -1 0
0 0 1

  IndexToPointMatrix: 
-1 0 0
0 -1 0
0 0 1

  PointToIndexMatrix: 
-1 0 0
0 -1 0
0 0 1

  Inverse Direction: 
-1 0 0
0 -1 0
0 0 1

  PixelContainer: 
    ImportImageContainer (0x524b780)
      RTTI typeinfo:   itk::ImportImageContainer<unsigned long, double>
      Reference Count: 1
      Modified Time: 1214
      Debug: Off
      Object Name: 
      Observers: 
        none
      Pointer: 0x14730265f010
      Container manages memory: true
      Size: 8530021
      Capacity: 8530021

     Moving image = Image (0x524d390)
  RTTI typeinfo:   itk::Image<double, 3u>
  Reference Count: 2
  Modified Time: 1607
  Debug: Off
  Object Name: 
  Observers: 
    none
  Source: (none)
  Source output name: (none)
  Release Data: Off
  Data Released: False
  Global Release Data: Off
  PipelineMTime: 0
  UpdateMTime: 1604
  RealTimeStamp: 0 seconds 
  LargestPossibleRegion: 
    Dimension: 3
    Index: [0, 0, 0]
    Size: [160, 240, 256]
  BufferedRegion: 
    Dimension: 3
    Index: [0, 0, 0]
    Size: [160, 240, 256]
  RequestedRegion: 
    Dimension: 3
    Index: [0, 0, 0]
    Size: [160, 240, 256]
  Spacing: [1, 1, 1]
  Origin: [91.5134, 94.282, -109.927]
  Direction: 
-0.99591 -0.0698718 -0.0572835
0.0697565 -0.997556 0.00401236
-0.0574239 5.01125e-08 0.99835

  IndexToPointMatrix: 
-0.99591 -0.0698718 -0.0572835
0.0697565 -0.997556 0.00401236
-0.0574239 5.01125e-08 0.99835

  PointToIndexMatrix: 
-0.99591 0.0697565 -0.0574239
-0.0698718 -0.997556 5.01483e-08
-0.0572835 0.00401236 0.99835

  Inverse Direction: 
-0.99591 0.0697565 -0.0574239
-0.0698718 -0.997556 5.01483e-08
-0.0572835 0.00401236 0.99835

  PixelContainer: 
    ImportImageContainer (0x52026f0)
      RTTI typeinfo:   itk::ImportImageContainer<unsigned long, double>
      Reference Count: 1
      Modified Time: 1601
      Debug: Off
      Object Name: 
      Observers: 
        none
      Pointer: 0x1472fdb5e010
      Container manages memory: true
      Size: 9830400
      Capacity: 9830400

     Weighting = 1
     Sampling strategy = none
     Number of bins = 32
     Radius = 4
     Sampling percentage  = 1
   Transform = SyN
     Gradient step = 0.1
     Update field sigma (voxel space) = 3
     Total field sigma (voxel space) = 0
     Update field time sigma = 0
     Total field time sigma  = 0
     Number of time indices = 0
     Number of time point samples = 0
Registration using 1 total stages.

Stage 0
  iterations = 100x70x50x20
  convergence threshold = 1e-06
  convergence window size = 10
  number of levels = 4
  using the CC metric (radius = 4, weight = 1, use gradient filter = 0)
  preprocessing:  winsorizing the image intensities
  Shrink factors (level 1 out of 4): [8, 8, 8]
  Shrink factors (level 2 out of 4): [4, 4, 4]
  Shrink factors (level 3 out of 4): [2, 2, 2]
  Shrink factors (level 4 out of 4): [1, 1, 1]
  smoothing sigmas per level: [3, 2, 1, 0]
  Using default NONE metricSamplingStrategy 

*** Running SyN registration (varianceForUpdateField = 3, varianceForTotalField = 0) ***

XXDIAGNOSTIC,Iteration,metricValue,convergenceValue,ITERATION_TIME_INDEX,SINCE_LAST
 1DIAGNOSTIC,     1, -9.292411893168e-01, 1.797693134862e+308, 9.5022e-01, 9.5022e-01, 
 1DIAGNOSTIC,     2, -9.380947613277e-01, 1.797693134862e+308, 1.2231e+00, 2.7289e-01, 
 1DIAGNOSTIC,     3, -9.447139416293e-01, 1.797693134862e+308, 1.5036e+00, 2.8052e-01, 
 1DIAGNOSTIC,     4, -9.493732241708e-01, 1.797693134862e+308, 1.7491e+00, 2.4545e-01, 
 1DIAGNOSTIC,     5, -9.522861367142e-01, 1.797693134862e+308, 1.9956e+00, 2.4656e-01, 
 1DIAGNOSTIC,     6, -9.548982778978e-01, 1.797693134862e+308, 2.2505e+00, 2.5488e-01, 
 1DIAGNOSTIC,     7, -9.579743724720e-01, 1.797693134862e+308, 2.5011e+00, 2.5053e-01, 
 1DIAGNOSTIC,     8, -9.610129452163e-01, 1.797693134862e+308, 2.7501e+00, 2.4902e-01, 
 1DIAGNOSTIC,     9, -9.638523245537e-01, 1.797693134862e+308, 2.9994e+00, 2.4937e-01, 
 1DIAGNOSTIC,    10, -9.665320485752e-01, 2.263115129271e-03, 3.2548e+00, 2.5537e-01, 
 1DIAGNOSTIC,    11, -9.689112432272e-01, 1.754332634032e-03, 3.5040e+00, 2.4918e-01, 
