
##########################
# Experiment information #
##########################

EXPERIMENT_NAME: antsRegistration-r8-p9
VFC_BACKENDS: libinterflop_vprec.so --range-binary32=8 --precision-binary32=9 --range-binary64=8 --precision-binary64=9

SIF_IMG: /home/mdugre/projects/rrg-glatard/mdugre/containers/ants-vprec-no_metrics.simg

SUBJECT_ID: s037
INPUT_IMG: /home/mdugre/scratch/mri-registration-rp/datasets/ds004513/derivatives/mri-registration-rp/antsBrainExtraction/sub-s037/BrainExtractionBrain.nii.gz
OUTPUT_DIR: /home/mdugre/scratch/mri-registration-rp/datasets/ds004513/derivatives/mri-registration-rp/0100/antsRegistration-r8-p9/sub-s037

FIXED_IMG: /templateflow/tpl-MNI152NLin2009cAsym/tpl-MNI152NLin2009cAsym_res-01_desc-brain_T1w.nii.gz
DATA_DIR: /home/mdugre/scratch/mri-registration-rp/datasets/ds004513
TEMPLATEFLOW_DIR: /home/mdugre/projects/rrg-glatard/mdugre/templateflow
ITK_GLOBAL_DEFAULT_NUMBER_OF_THREADS: 16
##########################

Info [verificarlo]: loaded backend libinterflop_ieee.so
Info [interflop-ieee]: load backend with:
Info [interflop-ieee]: debug = false
Info [interflop-ieee]: debug-binary = false
Info [interflop-ieee]: no-backend-name = false
Info [interflop-ieee]: print-new-line = false
Info [interflop-ieee]: print-subnormal-normalized = false
Info [interflop-ieee]: count-op = false
All_Command_lines_OK
Using double precision for computations.
=============================================================================
The composite transform comprises the following transforms (in order): 
  1. Center of mass alignment using fixed image: /templateflow/tpl-MNI152NLin2009cAsym/tpl-MNI152NLin2009cAsym_res-01_desc-brain_T1w.nii.gz and moving image: /home/mdugre/scratch/mri-registration-rp/datasets/ds004513/derivatives/mri-registration-rp/antsBrainExtraction/sub-s037/BrainExtractionBrain.nii.gz (type = Euler3DTransform)
=============================================================================
  number of levels = 1
  fixed image: /templateflow/tpl-MNI152NLin2009cAsym/tpl-MNI152NLin2009cAsym_res-01_desc-brain_T1w.nii.gz
  moving image: /home/mdugre/scratch/mri-registration-rp/datasets/ds004513/derivatives/mri-registration-rp/antsBrainExtraction/sub-s037/BrainExtractionBrain.nii.gz
Dimension = 3
Number of stages = 1
Use histogram matching = false
Winsorize image intensities = true
  Lower quantile = 0.005
  Upper quantile = 0.995


Stage 1 State
   Image metric = MattesMI
     Fixed image = Image (0x4116bd0)
  RTTI typeinfo:   itk::Image<double, 3u>
  Reference Count: 2
  Modified Time: 2330
  Debug: Off
  Object Name: 
  Observers: 
    none
  Source: (none)
  Source output name: (none)
  Release Data: Off
  Data Released: False
  Global Release Data: Off
  PipelineMTime: 0
  UpdateMTime: 1941
  RealTimeStamp: 0 seconds 
  LargestPossibleRegion: 
    Dimension: 3
    Index: [0, 0, 0]
    Size: [193, 229, 193]
  BufferedRegion: 
    Dimension: 3
    Index: [0, 0, 0]
    Size: [193, 229, 193]
  RequestedRegion: 
    Dimension: 3
    Index: [0, 0, 0]
    Size: [193, 229, 193]
  Spacing: [1, 1, 1]
  Origin: [96, 132, -78]
  Direction: 
-1 0 0
0 -1 0
0 0 1

  IndexToPointMatrix: 
-1 0 0
0 -1 0
0 0 1

  PointToIndexMatrix: 
-1 0 0
0 -1 0
0 0 1

  Inverse Direction: 
-1 0 0
0 -1 0
0 0 1

  PixelContainer: 
    ImportImageContainer (0x411f9e0)
      RTTI typeinfo:   itk::ImportImageContainer<unsigned long, double>
      Reference Count: 1
      Modified Time: 1938
      Debug: Off
      Object Name: 
      Observers: 
        none
      Pointer: 0x14cdeed82010
      Container manages memory: true
      Size: 8530021
      Capacity: 8530021

     Moving image = Image (0x4120d40)
  RTTI typeinfo:   itk::Image<double, 3u>
  Reference Count: 2
  Modified Time: 2331
  Debug: Off
  Object Name: 
  Observers: 
    none
  Source: (none)
  Source output name: (none)
  Release Data: Off
  Data Released: False
  Global Release Data: Off
  PipelineMTime: 0
  UpdateMTime: 2328
  RealTimeStamp: 0 seconds 
  LargestPossibleRegion: 
    Dimension: 3
    Index: [0, 0, 0]
    Size: [160, 240, 256]
  BufferedRegion: 
    Dimension: 3
    Index: [0, 0, 0]
    Size: [160, 240, 256]
  RequestedRegion: 
    Dimension: 3
    Index: [0, 0, 0]
    Size: [160, 240, 256]
  Spacing: [1, 1, 1]
  Origin: [87.9508, 102.562, -147.639]
  Direction: 
-0.998659 -0.0436121 -0.0279129
0.043595 -0.999049 0.00121847
-0.0279395 -2.65543e-08 0.99961

  IndexToPointMatrix: 
-0.998659 -0.0436121 -0.0279129
0.043595 -0.999049 0.00121847
-0.0279395 -2.65543e-08 0.99961

  PointToIndexMatrix: 
-0.998659 0.043595 -0.0279395
-0.0436121 -0.999049 -2.65517e-08
-0.0279129 0.00121847 0.99961

  Inverse Direction: 
-0.998659 0.043595 -0.0279395
-0.0436121 -0.999049 -2.65517e-08
-0.0279129 0.00121847 0.99961

  PixelContainer: 
    ImportImageContainer (0x4146850)
      RTTI typeinfo:   itk::ImportImageContainer<unsigned long, double>
      Reference Count: 1
      Modified Time: 2325
      Debug: Off
      Object Name: 
      Observers: 
        none
      Pointer: 0x14cdea281010
      Container manages memory: true
      Size: 9830400
      Capacity: 9830400

     Weighting = 1
     Sampling strategy = regular
     Number of bins = 32
     Radius = 4
     Sampling percentage  = 0.25
   Transform = Rigid
     Gradient step = 0.1
     Update field sigma (voxel space) = 0
     Total field sigma (voxel space) = 0
     Update field time sigma = 0
     Total field time sigma  = 0
     Number of time indices = 0
     Number of time point samples = 0
Registration using 1 total stages.

Stage 0
  iterations = 0
  convergence threshold = 1e-06
  convergence window size = 10
  number of levels = 1
  using the Mattes MI metric (number of bins = 32, weight = 1, use gradient filter = 0)
  preprocessing:  winsorizing the image intensities
  Shrink factors (level 1 out of 1): [1, 1, 1]
  smoothing sigmas per level: [0]
  regular sampling (percentage = 0.25)

*** Running Euler3DTransform registration ***

  Elapsed time (stage 0): 1.16156


Total elapsed time: 1.16386
Info [verificarlo]: loaded backend libinterflop_vprec.so
Info [interflop-vprec]: load backend with: 
Info [interflop-vprec]: precision-binary32 = 9
Info [interflop-vprec]: range-binary32 = 8
Info [interflop-vprec]: precision-binary64 = 9
Info [interflop-vprec]: range-binary64 = 8
Info [interflop-vprec]: mode = ob
Info [interflop-vprec]: error-mode = rel
Info [interflop-vprec]: max-abs-error-exponent = -1022
Info [interflop-vprec]: daz = false
Info [interflop-vprec]: ftz = false
Info [interflop-vprec]: 	instrument = none
Info [interflop-vprec]: 	prec-input-file = (null)
Info [interflop-vprec]: 	prec-output-file = (null)
Info [interflop-vprec]: 	prec-log-file = (null)
All_Command_lines_OK
Using double precision for computations.
=============================================================================
The composite transform comprises the following transforms (in order): 
  1. /home/mdugre/scratch/mri-registration-rp/datasets/ds004513/derivatives/mri-registration-rp/0100/antsRegistration-r8-p9/sub-s037/align_Composite.h5[0] (type = Euler3DTransform)
  2. /home/mdugre/scratch/mri-registration-rp/datasets/ds004513/derivatives/mri-registration-rp/0100/antsRegistration-r8-p9/sub-s037/align_Composite.h5[1] (type = Euler3DTransform)
=============================================================================
  number of levels = 4
  fixed image: /templateflow/tpl-MNI152NLin2009cAsym/tpl-MNI152NLin2009cAsym_res-01_desc-brain_T1w.nii.gz
  moving image: /home/mdugre/scratch/mri-registration-rp/datasets/ds004513/derivatives/mri-registration-rp/antsBrainExtraction/sub-s037/BrainExtractionBrain.nii.gz
Dimension = 3
Number of stages = 1
Use histogram matching = false
Winsorize image intensities = true
  Lower quantile = 0.005
  Upper quantile = 0.995


Stage 1 State
   Image metric = MattesMI
     Fixed image = Image (0x40a31e0)
  RTTI typeinfo:   itk::Image<double, 3u>
  Reference Count: 2
  Modified Time: 1578
  Debug: Off
  Object Name: 
  Observers: 
    none
  Source: (none)
  Source output name: (none)
  Release Data: Off
  Data Released: False
  Global Release Data: Off
  PipelineMTime: 0
  UpdateMTime: 1189
  RealTimeStamp: 0 seconds 
  LargestPossibleRegion: 
    Dimension: 3
    Index: [0, 0, 0]
    Size: [193, 229, 193]
  BufferedRegion: 
    Dimension: 3
    Index: [0, 0, 0]
    Size: [193, 229, 193]
  RequestedRegion: 
    Dimension: 3
    Index: [0, 0, 0]
    Size: [193, 229, 193]
  Spacing: [1, 1, 1]
  Origin: [96, 132, -78]
  Direction: 
-1 0 0
0 -1 0
0 0 1

  IndexToPointMatrix: 
-1 0 0
0 -1 0
0 0 1

  PointToIndexMatrix: 
-1 0 0
0 -1 0
0 0 1

  Inverse Direction: 
-1 0 0
0 -1 0
0 0 1

  PixelContainer: 
    ImportImageContainer (0x4162680)
      RTTI typeinfo:   itk::ImportImageContainer<unsigned long, double>
      Reference Count: 1
      Modified Time: 1186
      Debug: Off
      Object Name: 
      Observers: 
        none
      Pointer: 0x154f7bde6010
      Container manages memory: true
      Size: 8530021
      Capacity: 8530021

     Moving image = Image (0x415eb20)
  RTTI typeinfo:   itk::Image<double, 3u>
  Reference Count: 2
  Modified Time: 1579
  Debug: Off
  Object Name: 
  Observers: 
    none
  Source: (none)
  Source output name: (none)
  Release Data: Off
  Data Released: False
  Global Release Data: Off
  PipelineMTime: 0
  UpdateMTime: 1576
  RealTimeStamp: 0 seconds 
  LargestPossibleRegion: 
    Dimension: 3
    Index: [0, 0, 0]
    Size: [160, 240, 256]
  BufferedRegion: 
    Dimension: 3
    Index: [0, 0, 0]
    Size: [160, 240, 256]
  RequestedRegion: 
    Dimension: 3
    Index: [0, 0, 0]
    Size: [160, 240, 256]
  Spacing: [1, 1, 1]
  Origin: [88, 102.5, -147.75]
  Direction: 
-0.999023 -0.0435791 -0.0279236
0.0435791 -0.999023 0.0012188
-0.0279236 0 0.999023

  IndexToPointMatrix: 
-0.999023 -0.0435791 -0.0279236
0.0435791 -0.999023 0.0012188
-0.0279236 0 0.999023

  PointToIndexMatrix: 
-1 0.0435791 -0.0279236
-0.0437012 -1.00195 0.00244141
-0.0279541 0.000488281 1

  Inverse Direction: 
-1 0.0435791 -0.0279236
-0.0437012 -1.00195 0.00244141
-0.0279541 0.000488281 1

  PixelContainer: 
    ImportImageContainer (0x41c7d50)
      RTTI typeinfo:   itk::ImportImageContainer<unsigned long, double>
      Reference Count: 1
      Modified Time: 1573
      Debug: Off
      Object Name: 
      Observers: 
        none
      Pointer: 0x154f772e5010
      Container manages memory: true
      Size: 9830400
      Capacity: 9830400

     Weighting = 1
     Sampling strategy = regular
     Number of bins = 32
     Radius = 4
     Sampling percentage  = 0.25
   Transform = Rigid
     Gradient step = 0.1
     Update field sigma (voxel space) = 0
     Total field sigma (voxel space) = 0
     Update field time sigma = 0
     Total field time sigma  = 0
     Number of time indices = 0
     Number of time point samples = 0
Registration using 1 total stages.

Stage 0
  iterations = 1000x500x250x100
  convergence threshold = 1e-06
  convergence window size = 10
  number of levels = 4
  using the Mattes MI metric (number of bins = 32, weight = 1, use gradient filter = 0)
  preprocessing:  winsorizing the image intensities
  Shrink factors (level 1 out of 4): [8, 8, 8]
  Shrink factors (level 2 out of 4): [4, 4, 4]
  Shrink factors (level 3 out of 4): [2, 2, 2]
  Shrink factors (level 4 out of 4): [1, 1, 1]
  smoothing sigmas per level: [3, 2, 1, 0]
  regular sampling (percentage = 0.25)

*** Running Euler3DTransform registration ***

DIAGNOSTIC,Iteration,metricValue,convergenceValue,ITERATION_TIME_INDEX,SINCE_LAST
 2DIAGNOSTIC,     1, -4.293123283627e-01, 1.797693134862e+308, 0.0000e+00, 0.0000e+00, 
 2DIAGNOSTIC,     2, -4.295686091307e-01, 1.797693134862e+308, 0.0000e+00, 0.0000e+00, 
 2DIAGNOSTIC,     3, -4.300066918971e-01, 1.797693134862e+308, 0.0000e+00, 0.0000e+00, 
 2DIAGNOSTIC,     4, -4.302580044626e-01, 1.797693134862e+308, 0.0000e+00, 0.0000e+00, 
 2DIAGNOSTIC,     5, -4.302306058388e-01, 1.797693134862e+308, 0.0000e+00, 0.0000e+00, 
 2DIAGNOSTIC,     6, -4.306954452059e-01, 1.797693134862e+308, 0.0000e+00, 0.0000e+00, 
 2DIAGNOSTIC,     7, -4.309560931033e-01, 1.797693134862e+308, 0.0000e+00, 0.0000e+00, 
 2DIAGNOSTIC,     8, -4.312390868381e-01, 1.797693134862e+308, 0.0000e+00, 0.0000e+00, 
 2DIAGNOSTIC,     9, -4.323122353842e-01, 1.797693134862e+308, 0.0000e+00, 0.0000e+00, 
 2DIAGNOSTIC,    10, -4.324550362215e-01, 4.492170683436e-04, 0.0000e+00, 0.0000e+00, 
 2DIAGNOSTIC,    11, -4.326723851740e-01, 4.316659878690e-04, 0.0000e+00, 0.0000e+00, 
 2DIAGNOSTIC,    12, -4.325540010382e-01, 3.857312101466e-04, 0.0000e+00, 0.0000e+00, 
 2DIAGNOSTIC,    13, -4.330161081163e-01, 3.576308904125e-04, 0.0000e+00, 0.0000e+00, 
 2DIAGNOSTIC,    14, -4.330942316444e-01, 3.156155492683e-04, 0.0000e+00, 0.0000e+00, 
 2DIAGNOSTIC,    15, -4.329914632071e-01, 2.441926543043e-04, 0.0000e+00, 0.0000e+00, 
 2DIAGNOSTIC,    16, -4.330188241867e-01, 1.805002834984e-04, 0.0000e+00, 0.0000e+00, 
 2DIAGNOSTIC,    17, -4.330036312832e-01, 1.174451643262e-04, 0.0000e+00, 0.0000e+00, 
 2DIAGNOSTIC,    18, -4.328599461225e-01, 5.440273357360e-05, 0.0000e+00, 0.0000e+00, 
 2DIAGNOSTIC,    19, -4.328211797280e-01, 2.875304785892e-05, 0.0000e+00, 0.0000e+00, 
 2DIAGNOSTIC,    20, -4.328872410063e-01, 9.901075237628e-06, 0.0000e+00, 0.0000e+00, 
DIAGNOSTIC,Iteration,metricValue,convergenceValue,ITERATION_TIME_INDEX,SINCE_LAST
 2DIAGNOSTIC,     1, -3.624851724439e-01, 1.797693134862e+308, 0.0000e+00, 0.0000e+00, 
 2DIAGNOSTIC,     2, -3.628709187051e-01, 1.797693134862e+308, 0.0000e+00, 0.0000e+00, 
 2DIAGNOSTIC,     3, -3.631730198172e-01, 1.797693134862e+308, 0.0000e+00, 0.0000e+00, 
 2DIAGNOSTIC,     4, -3.637848922443e-01, 1.797693134862e+308, 0.0000e+00, 0.0000e+00, 
 2DIAGNOSTIC,     5, -3.654241598263e-01, 1.797693134862e+308, 0.0000e+00, 0.0000e+00, 
 2DIAGNOSTIC,     6, -3.671419004830e-01, 1.797693134862e+308, 0.0000e+00, 0.0000e+00, 
 2DIAGNOSTIC,     7, -3.704450532759e-01, 1.797693134862e+308, 0.0000e+00, 0.0000e+00, 
 2DIAGNOSTIC,     8, -3.740665144048e-01, 1.797693134862e+308, 0.0000e+00, 0.0000e+00, 
 2DIAGNOSTIC,     9, -3.789955591188e-01, 1.797693134862e+308, 0.0000e+00, 0.0000e+00, 
 2DIAGNOSTIC,    10, -3.944210922254e-01, 4.380107362282e-03, 0.0000e+00, 0.0000e+00, 
 2DIAGNOSTIC,    11, -4.362646002529e-01, 7.962260341019e-03, 0.0000e+00, 0.0000e+00, 
 2DIAGNOSTIC,    12, -4.712739718263e-01, 1.220055892974e-02, 0.0000e+00, 0.0000e+00, 
 2DIAGNOSTIC,    13, -4.811248551911e-01, 1.509081208098e-02, 0.0000e+00, 0.0000e+00, 
 2DIAGNOSTIC,    14, -4.808507414829e-01, 1.618750073180e-02, 0.0000e+00, 0.0000e+00, 
 2DIAGNOSTIC,    15, -4.844177602300e-01, 1.590267392364e-02, 0.0000e+00, 0.0000e+00, 
 2DIAGNOSTIC,    16, -4.844542030687e-01, 1.425987426417e-02, 0.0000e+00, 0.0000e+00, 
 2DIAGNOSTIC,    17, -4.845480006140e-01, 1.165988113798e-02, 0.0000e+00, 0.0000e+00, 
 2DIAGNOSTIC,    18, -4.865630594946e-01, 8.558587649039e-03, 0.0000e+00, 0.0000e+00, 
 2DIAGNOSTIC,    19, -4.868562176247e-01, 5.252909308596e-03, 0.0000e+00, 0.0000e+00, 
 2DIAGNOSTIC,    20, -4.864177226953e-01, 2.321773978414e-03, 0.0000e+00, 0.0000e+00, 
 2DIAGNOSTIC,    21, -4.861935958346e-01, 7.849162887482e-04, 0.0000e+00, 0.0000e+00, 
 2DIAGNOSTIC,    22, -4.868711416778e-01, 3.988253946453e-04, 0.0000e+00, 0.0000e+00, 
 2DIAGNOSTIC,    23, -4.873404770566e-01, 3.079341077337e-04, 0.0000e+00, 0.0000e+00, 
 2DIAGNOSTIC,    24, -4.869648669342e-01, 1.758182471046e-04, 0.0000e+00, 0.0000e+00, 
 2DIAGNOSTIC,    25, -4.868062268970e-01, 1.295862772186e-04, 0.0000e+00, 0.0000e+00, 
 2DIAGNOSTIC,    26, -4.868062268970e-01, 7.700041741528e-05, 0.0000e+00, 0.0000e+00, 
 2DIAGNOSTIC,    27, -4.868062268970e-01, 2.174973698735e-05, 0.0000e+00, 0.0000e+00, 
 2DIAGNOSTIC,    28, -4.868062268970e-01, 1.439039644723e-05, 0.0000e+00, 0.0000e+00, 
 2DIAGNOSTIC,    29, -4.868062268970e-01, 1.330434568960e-05, 0.0000e+00, 0.0000e+00, 
 2DIAGNOSTIC,    30, -4.868062268970e-01, 2.275546188660e-06, 0.0000e+00, 0.0000e+00, 
DIAGNOSTIC,Iteration,metricValue,convergenceValue,ITERATION_TIME_INDEX,SINCE_LAST
 2DIAGNOSTIC,     1, -4.300545148029e-01, 1.797693134862e+308, 0.0000e+00, 0.0000e+00, 
 2DIAGNOSTIC,     2, -4.300301376652e-01, 1.797693134862e+308, 0.0000e+00, 0.0000e+00, 
 2DIAGNOSTIC,     3, -4.304899143513e-01, 1.797693134862e+308, 0.0000e+00, 0.0000e+00, 
 2DIAGNOSTIC,     4, -4.305475965679e-01, 1.797693134862e+308, 0.0000e+00, 0.0000e+00, 
 2DIAGNOSTIC,     5, -4.303203106031e-01, 1.797693134862e+308, 0.0000e+00, 0.0000e+00, 
 2DIAGNOSTIC,     6, -4.303822568441e-01, 1.797693134862e+308, 0.0000e+00, 0.0000e+00, 
 2DIAGNOSTIC,     7, -4.306755894581e-01, 1.797693134862e+308, 0.0000e+00, 0.0000e+00, 
 2DIAGNOSTIC,     8, -4.308994409575e-01, 1.797693134862e+308, 0.0000e+00, 0.0000e+00, 
 2DIAGNOSTIC,     9, -4.309747119171e-01, 1.797693134862e+308, 0.0000e+00, 0.0000e+00, 
 2DIAGNOSTIC,    10, -4.311117610169e-01, 1.478599053612e-04, 0.0000e+00, 0.0000e+00, 
 2DIAGNOSTIC,    11, -4.311812160107e-01, 1.387989578403e-04, 0.0000e+00, 0.0000e+00, 
 2DIAGNOSTIC,    12, -4.313295194331e-01, 1.244223654119e-04, 0.0000e+00, 0.0000e+00, 
 2DIAGNOSTIC,    13, -4.313425974723e-01, 1.245381873525e-04, 0.0000e+00, 0.0000e+00, 
 2DIAGNOSTIC,    14, -4.313425974723e-01, 1.166187723298e-04, 0.0000e+00, 0.0000e+00, 
 2DIAGNOSTIC,    15, -4.313425974723e-01, 8.934137690261e-05, 0.0000e+00, 0.0000e+00, 
 2DIAGNOSTIC,    16, -4.313425974723e-01, 5.956738208047e-05, 0.0000e+00, 0.0000e+00, 
 2DIAGNOSTIC,    17, -4.313425974723e-01, 3.896098662071e-05, 0.0000e+00, 0.0000e+00, 
 2DIAGNOSTIC,    18, -4.313425974723e-01, 2.524567043186e-05, 0.0000e+00, 0.0000e+00, 
 2DIAGNOSTIC,    19, -4.313425974723e-01, 1.322590262127e-05, 0.0000e+00, 0.0000e+00, 
 2DIAGNOSTIC,    20, -4.313425974723e-01, 5.699161289632e-06, 0.0000e+00, 0.0000e+00, 
DIAGNOSTIC,Iteration,metricValue,convergenceValue,ITERATION_TIME_INDEX,SINCE_LAST
 2DIAGNOSTIC,     1, -3.981627027008e-01, 1.797693134862e+308, 0.0000e+00, 0.0000e+00, 
 2DIAGNOSTIC,     2, -3.981897718733e-01, 1.797693134862e+308, 0.0000e+00, 0.0000e+00, 
 2DIAGNOSTIC,     3, -3.982216643165e-01, 1.797693134862e+308, 0.0000e+00, 0.0000e+00, 
 2DIAGNOSTIC,     4, -3.978501049249e-01, 1.797693134862e+308, 0.0000e+00, 0.0000e+00, 
 2DIAGNOSTIC,     5, -3.978815753196e-01, 1.797693134862e+308, 0.0000e+00, 0.0000e+00, 
 2DIAGNOSTIC,     6, -3.979219615360e-01, 1.797693134862e+308, 0.0000e+00, 0.0000e+00, 
 2DIAGNOSTIC,     7, -3.979711539422e-01, 1.797693134862e+308, 0.0000e+00, 0.0000e+00, 
 2DIAGNOSTIC,     8, -3.979724851240e-01, 1.797693134862e+308, 0.0000e+00, 0.0000e+00, 
 2DIAGNOSTIC,     9, -3.979911863518e-01, 1.797693134862e+308, 0.0000e+00, 0.0000e+00, 
  Elapsed time (stage 0): 0.0000e+00


Total elapsed time: 0.0000e+00
Info [verificarlo]: loaded backend libinterflop_ieee.so
Info [interflop-ieee]: load backend with:
Info [interflop-ieee]: debug = false
Info [interflop-ieee]: debug-binary = false
Info [interflop-ieee]: no-backend-name = false
Info [interflop-ieee]: print-new-line = false
Info [interflop-ieee]: print-subnormal-normalized = false
Info [interflop-ieee]: count-op = false
All_Command_lines_OK
Using double precision for computations.
=============================================================================
The composite transform comprises the following transforms (in order): 
  1. /home/mdugre/scratch/mri-registration-rp/datasets/ds004513/derivatives/mri-registration-rp/0100/antsRegistration-r8-p9/sub-s037/rigid_Composite.h5[0] (type = Euler3DTransform)
  2. /home/mdugre/scratch/mri-registration-rp/datasets/ds004513/derivatives/mri-registration-rp/0100/antsRegistration-r8-p9/sub-s037/rigid_Composite.h5[1] (type = Euler3DTransform)
  3. /home/mdugre/scratch/mri-registration-rp/datasets/ds004513/derivatives/mri-registration-rp/0100/antsRegistration-r8-p9/sub-s037/rigid_Composite.h5[2] (type = Euler3DTransform)
=============================================================================
  number of levels = 4
  fixed image: /templateflow/tpl-MNI152NLin2009cAsym/tpl-MNI152NLin2009cAsym_res-01_desc-brain_T1w.nii.gz
  moving image: /home/mdugre/scratch/mri-registration-rp/datasets/ds004513/derivatives/mri-registration-rp/antsBrainExtraction/sub-s037/BrainExtractionBrain.nii.gz
Dimension = 3
Number of stages = 1
Use histogram matching = false
Winsorize image intensities = true
  Lower quantile = 0.005
  Upper quantile = 0.995


Stage 1 State
   Image metric = MattesMI
     Fixed image = Image (0x4fbd530)
  RTTI typeinfo:   itk::Image<double, 3u>
  Reference Count: 2
  Modified Time: 1592
  Debug: Off
  Object Name: 
  Observers: 
    none
  Source: (none)
  Source output name: (none)
  Release Data: Off
  Data Released: False
  Global Release Data: Off
  PipelineMTime: 0
  UpdateMTime: 1203
  RealTimeStamp: 0 seconds 
  LargestPossibleRegion: 
    Dimension: 3
    Index: [0, 0, 0]
    Size: [193, 229, 193]
  BufferedRegion: 
    Dimension: 3
    Index: [0, 0, 0]
    Size: [193, 229, 193]
  RequestedRegion: 
    Dimension: 3
    Index: [0, 0, 0]
    Size: [193, 229, 193]
  Spacing: [1, 1, 1]
  Origin: [96, 132, -78]
  Direction: 
-1 0 0
0 -1 0
0 0 1

  IndexToPointMatrix: 
-1 0 0
0 -1 0
0 0 1

  PointToIndexMatrix: 
-1 0 0
0 -1 0
0 0 1

  Inverse Direction: 
-1 0 0
0 -1 0
0 0 1

  PixelContainer: 
    ImportImageContainer (0x4fca2b0)
      RTTI typeinfo:   itk::ImportImageContainer<unsigned long, double>
      Reference Count: 1
      Modified Time: 1200
      Debug: Off
      Object Name: 
      Observers: 
        none
      Pointer: 0x1522e4619010
      Container manages memory: true
      Size: 8530021
      Capacity: 8530021

     Moving image = Image (0x5078fd0)
  RTTI typeinfo:   itk::Image<double, 3u>
  Reference Count: 2
  Modified Time: 1593
  Debug: Off
  Object Name: 
  Observers: 
    none
  Source: (none)
  Source output name: (none)
  Release Data: Off
  Data Released: False
  Global Release Data: Off
  PipelineMTime: 0
  UpdateMTime: 1590
  RealTimeStamp: 0 seconds 
  LargestPossibleRegion: 
    Dimension: 3
    Index: [0, 0, 0]
    Size: [160, 240, 256]
  BufferedRegion: 
    Dimension: 3
    Index: [0, 0, 0]
    Size: [160, 240, 256]
  RequestedRegion: 
    Dimension: 3
    Index: [0, 0, 0]
    Size: [160, 240, 256]
  Spacing: [1, 1, 1]
  Origin: [87.9508, 102.562, -147.639]
  Direction: 
-0.998659 -0.0436121 -0.0279129
0.043595 -0.999049 0.00121847
-0.0279395 -2.65543e-08 0.99961

  IndexToPointMatrix: 
-0.998659 -0.0436121 -0.0279129
0.043595 -0.999049 0.00121847
-0.0279395 -2.65543e-08 0.99961

  PointToIndexMatrix: 
-0.998659 0.043595 -0.0279395
-0.0436121 -0.999049 -2.65517e-08
-0.0279129 0.00121847 0.99961

  Inverse Direction: 
-0.998659 0.043595 -0.0279395
-0.0436121 -0.999049 -2.65517e-08
-0.0279129 0.00121847 0.99961

  PixelContainer: 
    ImportImageContainer (0x5090990)
      RTTI typeinfo:   itk::ImportImageContainer<unsigned long, double>
      Reference Count: 1
      Modified Time: 1587
      Debug: Off
      Object Name: 
      Observers: 
        none
      Pointer: 0x1522dfb18010
      Container manages memory: true
      Size: 9830400
      Capacity: 9830400

     Weighting = 1
     Sampling strategy = regular
     Number of bins = 32
     Radius = 4
     Sampling percentage  = 0.25
   Transform = Affine
     Gradient step = 0.1
     Update field sigma (voxel space) = 0
     Total field sigma (voxel space) = 0
     Update field time sigma = 0
     Total field time sigma  = 0
     Number of time indices = 0
     Number of time point samples = 0
Registration using 1 total stages.

Stage 0
  iterations = 1000x500x250x100
  convergence threshold = 1e-06
  convergence window size = 10
  number of levels = 4
  using the Mattes MI metric (number of bins = 32, weight = 1, use gradient filter = 0)
  preprocessing:  winsorizing the image intensities
  Shrink factors (level 1 out of 4): [8, 8, 8]
  Shrink factors (level 2 out of 4): [4, 4, 4]
  Shrink factors (level 3 out of 4): [2, 2, 2]
  Shrink factors (level 4 out of 4): [1, 1, 1]
  smoothing sigmas per level: [3, 2, 1, 0]
  regular sampling (percentage = 0.25)

*** Running AffineTransform registration ***

DIAGNOSTIC,Iteration,metricValue,convergenceValue,ITERATION_TIME_INDEX,SINCE_LAST
 2DIAGNOSTIC,     1, -5.879880403736e-01, 1.797693134862e+308, 7.0580e-01, 7.0580e-01, 
 2DIAGNOSTIC,     2, -5.894190044266e-01, 1.797693134862e+308, 7.1167e-01, 5.8670e-03, 
 2DIAGNOSTIC,     3, -5.919590508668e-01, 1.797693134862e+308, 7.1670e-01, 5.0318e-03, 
 2DIAGNOSTIC,     4, -5.967260028264e-01, 1.797693134862e+308, 7.2181e-01, 5.1141e-03, 
 2DIAGNOSTIC,     5, -6.021531002323e-01, 1.797693134862e+308, 7.2704e-01, 5.2249e-03, 
 2DIAGNOSTIC,     6, -6.100201966975e-01, 1.797693134862e+308, 7.3211e-01, 5.0712e-03, 
 2DIAGNOSTIC,     7, -6.508086555877e-01, 1.797693134862e+308, 7.3952e-01, 7.4100e-03, 
 2DIAGNOSTIC,     8, -6.704909896069e-01, 1.797693134862e+308, 7.4850e-01, 8.9841e-03, 
 2DIAGNOSTIC,     9, -6.710589752655e-01, 1.797693134862e+308, 7.5353e-01, 5.0240e-03, 
 2DIAGNOSTIC,    10, -6.719860822193e-01, 1.079346617501e-02, 7.5900e-01, 5.4712e-03, 
 2DIAGNOSTIC,    11, -6.738111946468e-01, 1.007612702204e-02, 7.6429e-01, 5.2869e-03, 
 2DIAGNOSTIC,    12, -6.765017854185e-01, 8.711465668571e-03, 7.6980e-01, 5.5170e-03, 
 2DIAGNOSTIC,    13, -6.815566844111e-01, 7.028495980217e-03, 7.7537e-01, 5.5621e-03, 
 2DIAGNOSTIC,    14, -6.860180201818e-01, 5.270758266543e-03, 7.8091e-01, 5.5399e-03, 
 2DIAGNOSTIC,    15, -6.918621125342e-01, 3.630122713210e-03, 7.8638e-01, 5.4719e-03, 
 2DIAGNOSTIC,    16, -6.983975254909e-01, 2.244675017762e-03, 7.9195e-01, 5.5721e-03, 
 2DIAGNOSTIC,    17, -7.092863365789e-01, 2.139107214000e-03, 7.9828e-01, 6.3350e-03, 
 2DIAGNOSTIC,    18, -7.147508946691e-01, 2.450503174251e-03, 8.0527e-01, 6.9890e-03, 
 2DIAGNOSTIC,    19, -7.181035102501e-01, 2.589074135768e-03, 8.1199e-01, 6.7191e-03, 
 2DIAGNOSTIC,    20, -7.194264409782e-01, 2.522920981930e-03, 8.1840e-01, 6.4070e-03, 
 2DIAGNOSTIC,    21, -7.202288506115e-01, 2.282682134576e-03, 8.2444e-01, 6.0380e-03, 
 2DIAGNOSTIC,    22, -7.194360256402e-01, 1.887385578384e-03, 8.3044e-01, 6.0010e-03, 
 2DIAGNOSTIC,    23, -7.198788527990e-01, 1.454080905653e-03, 8.3710e-01, 6.6590e-03, 
 2DIAGNOSTIC,    24, -7.195134297513e-01, 9.961374529684e-04, 8.4271e-01, 5.6121e-03, 
 2DIAGNOSTIC,    25, -7.195247113430e-01, 5.832176774173e-04, 8.4915e-01, 6.4361e-03, 
 2DIAGNOSTIC,    26, -7.195359871995e-01, 2.524335753062e-04, 8.5476e-01, 5.6140e-03, 
 2DIAGNOSTIC,    27, -7.194489368565e-01, 9.092016248646e-05, 8.6078e-01, 6.0158e-03, 
 2DIAGNOSTIC,    28, -7.195723301339e-01, 1.593206128354e-05, 8.6677e-01, 5.9900e-03, 
DIAGNOSTIC,Iteration,metricValue,convergenceValue,ITERATION_TIME_INDEX,SINCE_LAST
 2DIAGNOSTIC,     1, -5.902146543887e-01, 1.797693134862e+308, 1.5945e+00, 7.2771e-01, 
 2DIAGNOSTIC,     2, -5.912324067090e-01, 1.797693134862e+308, 1.6313e+00, 3.6809e-02, 
 2DIAGNOSTIC,     3, -5.926222620818e-01, 1.797693134862e+308, 1.6694e+00, 3.8109e-02, 
 2DIAGNOSTIC,     4, -5.940886380739e-01, 1.797693134862e+308, 1.7062e+00, 3.6798e-02, 
 2DIAGNOSTIC,     5, -5.952437013112e-01, 1.797693134862e+308, 1.7470e+00, 4.0777e-02, 
 2DIAGNOSTIC,     6, -5.959436881630e-01, 1.797693134862e+308, 1.7881e+00, 4.1093e-02, 
 2DIAGNOSTIC,     7, -5.965116450684e-01, 1.797693134862e+308, 1.8241e+00, 3.6033e-02, 
 2DIAGNOSTIC,     8, -5.972882490074e-01, 1.797693134862e+308, 1.8677e+00, 4.3635e-02, 
 2DIAGNOSTIC,     9, -5.986660018530e-01, 1.797693134862e+308, 1.9396e+00, 7.1884e-02, 
 2DIAGNOSTIC,    10, -5.986870369944e-01, 9.340351278087e-04, 1.9776e+00, 3.8007e-02, 
 2DIAGNOSTIC,    11, -5.987341250949e-01, 7.433268442817e-04, 2.0210e+00, 4.3377e-02, 
 2DIAGNOSTIC,    12, -5.987938742927e-01, 5.611617414428e-04, 2.0631e+00, 4.2116e-02, 
 2DIAGNOSTIC,    13, -5.987978778633e-01, 4.064958780138e-04, 2.1003e+00, 3.7154e-02, 
 2DIAGNOSTIC,    14, -5.988287160019e-01, 2.869538744531e-04, 2.1377e+00, 3.7471e-02, 
 2DIAGNOSTIC,    15, -5.987970884476e-01, 1.929403918193e-04, 2.1805e+00, 4.2748e-02, 
 2DIAGNOSTIC,    16, -5.988306744603e-01, 1.155482522665e-04, 2.2228e+00, 4.2348e-02, 
 2DIAGNOSTIC,    17, -5.989416849388e-01, 5.566357555008e-05, 2.2694e+00, 4.6550e-02, 
 2DIAGNOSTIC,    18, -5.989401179642e-01, 1.688090867048e-05, 2.3148e+00, 4.5403e-02, 
 2DIAGNOSTIC,    19, -5.990034344962e-01, 1.697326706256e-05, 2.3652e+00, 5.0434e-02, 
 2DIAGNOSTIC,    20, -5.990243078788e-01, 1.662608059767e-05, 2.4103e+00, 4.5036e-02, 
 2DIAGNOSTIC,    21, -5.990757342695e-01, 1.710229122705e-05, 2.4565e+00, 4.6225e-02, 
 2DIAGNOSTIC,    22, -5.990609882438e-01, 1.700123403600e-05, 2.4966e+00, 4.0107e-02, 
 2DIAGNOSTIC,    23, -5.990427146579e-01, 1.515970911608e-05, 2.5443e+00, 4.7745e-02, 
 2DIAGNOSTIC,    24, -5.990367461987e-01, 1.273705539082e-05, 2.5885e+00, 4.4156e-02, 
 2DIAGNOSTIC,    25, -5.990350145283e-01, 8.789037479903e-06, 2.6364e+00, 4.7945e-02, 
 2DIAGNOSTIC,    26, -5.990222233148e-01, 4.757608491335e-06, 2.6808e+00, 4.4333e-02, 
 2DIAGNOSTIC,    27, -5.990068334167e-01, 2.404392900293e-06, 2.7207e+00, 3.9936e-02, 
DIAGNOSTIC,Iteration,metricValue,convergenceValue,ITERATION_TIME_INDEX,SINCE_LAST
 2DIAGNOSTIC,     1, -5.243744612742e-01, 1.797693134862e+308, 4.0568e+00, 1.3361e+00, 
 2DIAGNOSTIC,     2, -5.246616187984e-01, 1.797693134862e+308, 4.4047e+00, 3.4790e-01, 
 2DIAGNOSTIC,     3, -5.249650986940e-01, 1.797693134862e+308, 4.7530e+00, 3.4833e-01, 
 2DIAGNOSTIC,     4, -5.253149795143e-01, 1.797693134862e+308, 5.0815e+00, 3.2849e-01, 
 2DIAGNOSTIC,     5, -5.257124672574e-01, 1.797693134862e+308, 5.4241e+00, 3.4260e-01, 
 2DIAGNOSTIC,     6, -5.261465505529e-01, 1.797693134862e+308, 5.9403e+00, 5.1625e-01, 
 2DIAGNOSTIC,     7, -5.262227968222e-01, 1.797693134862e+308, 6.2851e+00, 3.4480e-01, 
 2DIAGNOSTIC,     8, -5.262862438696e-01, 1.797693134862e+308, 6.6255e+00, 3.4032e-01, 
 2DIAGNOSTIC,     9, -5.263621301490e-01, 1.797693134862e+308, 6.9925e+00, 3.6702e-01, 
 2DIAGNOSTIC,    10, -5.263991766307e-01, 2.699264151227e-04, 7.3653e+00, 3.7285e-01, 
 2DIAGNOSTIC,    11, -5.264585590578e-01, 2.026956484078e-04, 7.8016e+00, 4.3622e-01, 
 2DIAGNOSTIC,    12, -5.266058953050e-01, 1.482871975191e-04, 8.1227e+00, 3.2110e-01, 
 2DIAGNOSTIC,    13, -5.266801312948e-01, 1.047034880782e-04, 8.4826e+00, 3.5992e-01, 
 2DIAGNOSTIC,    14, -5.268233776198e-01, 7.687169964482e-05, 8.8176e+00, 3.3500e-01, 
 2DIAGNOSTIC,    15, -5.271557072692e-01, 7.178570217346e-05, 9.2618e+00, 4.4425e-01, 
 2DIAGNOSTIC,    16, -5.272738826475e-01, 7.930998690665e-05, 9.6109e+00, 3.4906e-01, 
 2DIAGNOSTIC,    17, -5.273463724735e-01, 8.354479955544e-05, 9.9880e+00, 3.7709e-01, 
 2DIAGNOSTIC,    18, -5.276074929571e-01, 8.954988574703e-05, 1.0357e+01, 3.6861e-01, 
 2DIAGNOSTIC,    19, -5.278867991288e-01, 9.669371275657e-05, 1.0769e+01, 4.1214e-01, 
 2DIAGNOSTIC,    20, -5.280215904882e-01, 9.868857711694e-05, 1.1401e+01, 6.3274e-01, 
 2DIAGNOSTIC,    21, -5.280219838660e-01, 9.296664044875e-05, 1.1721e+01, 3.1958e-01, 
 2DIAGNOSTIC,    22, -5.280255212264e-01, 8.313989627600e-05, 1.2047e+01, 3.2632e-01, 
 2DIAGNOSTIC,    23, -5.280371973488e-01, 6.850126067509e-05, 1.2363e+01, 3.1549e-01, 
 2DIAGNOSTIC,    24, -5.280534190649e-01, 5.207900157189e-05, 1.2672e+01, 3.0961e-01, 
 2DIAGNOSTIC,    25, -5.280541098902e-01, 3.935631152101e-05, 1.3062e+01, 3.8912e-01, 
 2DIAGNOSTIC,    26, -5.280547459140e-01, 2.661215278087e-05, 1.3479e+01, 4.1782e-01, 
 2DIAGNOSTIC,    27, -5.280535458758e-01, 1.381221073912e-05, 1.3844e+01, 3.6459e-01, 
 2DIAGNOSTIC,    28, -5.280522501332e-01, 5.615715533223e-06, 1.4207e+01, 3.6304e-01, 
 2DIAGNOSTIC,    29, -5.280515338726e-01, 2.668409275423e-06, 1.4559e+01, 3.5195e-01, 
 2DIAGNOSTIC,    30, -5.280509327831e-01, 2.184489871160e-06, 1.4896e+01, 3.3744e-01, 
 2DIAGNOSTIC,    31, -5.280482128391e-01, 1.590099295450e-06, 1.5248e+01, 3.5171e-01, 
 2DIAGNOSTIC,    32, -5.280474676599e-01, 1.025960127438e-06, 1.5567e+01, 3.1902e-01, 
DIAGNOSTIC,Iteration,metricValue,convergenceValue,ITERATION_TIME_INDEX,SINCE_LAST
 2DIAGNOSTIC,     1, -4.831062789008e-01, 1.797693134862e+308, 1.8818e+01, 3.2510e+00, 
 2DIAGNOSTIC,     2, -4.833101237119e-01, 1.797693134862e+308, 2.0877e+01, 2.0587e+00, 
 2DIAGNOSTIC,     3, -4.835839252164e-01, 1.797693134862e+308, 2.2922e+01, 2.0449e+00, 
 2DIAGNOSTIC,     4, -4.842579176287e-01, 1.797693134862e+308, 2.5379e+01, 2.4568e+00, 
 2DIAGNOSTIC,     5, -4.848568264409e-01, 1.797693134862e+308, 2.9728e+01, 4.3491e+00, 
 2DIAGNOSTIC,     6, -4.848578917305e-01, 1.797693134862e+308, 3.1893e+01, 2.1650e+00, 
 2DIAGNOSTIC,     7, -4.848586394757e-01, 1.797693134862e+308, 3.3918e+01, 2.0254e+00, 
 2DIAGNOSTIC,     8, -4.848585127827e-01, 1.797693134862e+308, 3.6165e+01, 2.2465e+00, 
 2DIAGNOSTIC,     9, -4.848584987696e-01, 1.797693134862e+308, 3.8092e+01, 1.9274e+00, 
 2DIAGNOSTIC,    10, -4.848607285419e-01, 2.544879899685e-04, 4.0297e+01, 2.2045e+00, 
 2DIAGNOSTIC,    11, -4.848621850740e-01, 1.677185216736e-04, 4.2399e+01, 2.1022e+00, 
 2DIAGNOSTIC,    12, -4.848635069128e-01, 9.116633879107e-05, 4.4420e+01, 2.0209e+00, 
 2DIAGNOSTIC,    13, -4.848659705537e-01, 3.033188897461e-05, 4.6458e+01, 2.0381e+00, 
 2DIAGNOSTIC,    14, -4.848725892977e-01, 3.460529768198e-06, 4.8233e+01, 1.7753e+00, 
 2DIAGNOSTIC,    15, -4.848805461898e-01, 3.790230835354e-06, 5.0117e+01, 1.8843e+00, 
 2DIAGNOSTIC,    16, -4.848943258453e-01, 4.463733682833e-06, 5.2150e+01, 2.0326e+00, 
 2DIAGNOSTIC,    17, -4.849086987897e-01, 5.345367026899e-06, 5.4475e+01, 2.3249e+00, 
 2DIAGNOSTIC,    18, -4.849119627940e-01, 5.905950625745e-06, 5.6872e+01, 2.3968e+00, 
 2DIAGNOSTIC,    19, -4.849118267800e-01, 6.023426233195e-06, 5.8992e+01, 2.1202e+00, 
 2DIAGNOSTIC,    20, -4.849109222313e-01, 5.766341730759e-06, 6.1349e+01, 2.3575e+00, 
 2DIAGNOSTIC,    21, -4.849108219087e-01, 5.178831115595e-06, 6.3791e+01, 2.4414e+00, 
 2DIAGNOSTIC,    22, -4.849107704395e-01, 4.331864071221e-06, 6.5828e+01, 2.0375e+00, 
 2DIAGNOSTIC,    23, -4.849102400532e-01, 3.338141253306e-06, 6.7591e+01, 1.7626e+00, 
 2DIAGNOSTIC,    24, -4.849103842726e-01, 2.413683856742e-06, 6.9544e+01, 1.9526e+00, 
 2DIAGNOSTIC,    25, -4.849093919067e-01, 1.620609360799e-06, 7.2785e+01, 3.2410e+00, 
 2DIAGNOSTIC,    26, -4.849094494740e-01, 1.160096034548e-06, 7.4883e+01, 2.0982e+00, 
 2DIAGNOSTIC,    27, -4.849093776826e-01, 1.047755772178e-06, 7.6955e+01, 2.0721e+00, 
 2DIAGNOSTIC,    28, -4.849093314982e-01, 1.022895887576e-06, 7.9212e+01, 2.2575e+00, 
 2DIAGNOSTIC,    29, -4.849092630518e-01, 1.006930027352e-06, 8.1217e+01, 2.0045e+00, 
  Elapsed time (stage 0): 8.2437e+01


Total elapsed time: 8.2439e+01
Info [verificarlo]: loaded backend libinterflop_ieee.so
Info [interflop-ieee]: load backend with:
Info [interflop-ieee]: debug = false
Info [interflop-ieee]: debug-binary = false
Info [interflop-ieee]: no-backend-name = false
Info [interflop-ieee]: print-new-line = false
Info [interflop-ieee]: print-subnormal-normalized = false
Info [interflop-ieee]: count-op = false
All_Command_lines_OK
Using double precision for computations.
=============================================================================
The composite transform comprises the following transforms (in order): 
  1. /home/mdugre/scratch/mri-registration-rp/datasets/ds004513/derivatives/mri-registration-rp/0100/antsRegistration-r8-p9/sub-s037/affine_Composite.h5[0] (type = Euler3DTransform)
  2. /home/mdugre/scratch/mri-registration-rp/datasets/ds004513/derivatives/mri-registration-rp/0100/antsRegistration-r8-p9/sub-s037/affine_Composite.h5[1] (type = Euler3DTransform)
  3. /home/mdugre/scratch/mri-registration-rp/datasets/ds004513/derivatives/mri-registration-rp/0100/antsRegistration-r8-p9/sub-s037/affine_Composite.h5[2] (type = Euler3DTransform)
  4. /home/mdugre/scratch/mri-registration-rp/datasets/ds004513/derivatives/mri-registration-rp/0100/antsRegistration-r8-p9/sub-s037/affine_Composite.h5[3] (type = AffineTransform)
=============================================================================
  number of levels = 4
  fixed image: /templateflow/tpl-MNI152NLin2009cAsym/tpl-MNI152NLin2009cAsym_res-01_desc-brain_T1w.nii.gz
  moving image: /home/mdugre/scratch/mri-registration-rp/datasets/ds004513/derivatives/mri-registration-rp/antsBrainExtraction/sub-s037/BrainExtractionBrain.nii.gz
Dimension = 3
Number of stages = 1
Use histogram matching = false
Winsorize image intensities = true
  Lower quantile = 0.005
  Upper quantile = 0.995


Stage 1 State
   Image metric = CC
     Fixed image = Image (0x4f97a40)
  RTTI typeinfo:   itk::Image<double, 3u>
  Reference Count: 2
  Modified Time: 1606
  Debug: Off
  Object Name: 
  Observers: 
    none
  Source: (none)
  Source output name: (none)
  Release Data: Off
  Data Released: False
  Global Release Data: Off
  PipelineMTime: 0
  UpdateMTime: 1217
  RealTimeStamp: 0 seconds 
  LargestPossibleRegion: 
    Dimension: 3
    Index: [0, 0, 0]
    Size: [193, 229, 193]
  BufferedRegion: 
    Dimension: 3
    Index: [0, 0, 0]
    Size: [193, 229, 193]
  RequestedRegion: 
    Dimension: 3
    Index: [0, 0, 0]
    Size: [193, 229, 193]
  Spacing: [1, 1, 1]
  Origin: [96, 132, -78]
  Direction: 
-1 0 0
0 -1 0
0 0 1

  IndexToPointMatrix: 
-1 0 0
0 -1 0
0 0 1

  PointToIndexMatrix: 
-1 0 0
0 -1 0
0 0 1

  Inverse Direction: 
-1 0 0
0 -1 0
0 0 1

  PixelContainer: 
    ImportImageContainer (0x5066780)
      RTTI typeinfo:   itk::ImportImageContainer<unsigned long, double>
      Reference Count: 1
      Modified Time: 1214
      Debug: Off
      Object Name: 
      Observers: 
        none
      Pointer: 0x155348dc7010
      Container manages memory: true
      Size: 8530021
      Capacity: 8530021

     Moving image = Image (0x5068390)
  RTTI typeinfo:   itk::Image<double, 3u>
  Reference Count: 2
  Modified Time: 1607
  Debug: Off
  Object Name: 
  Observers: 
    none
  Source: (none)
  Source output name: (none)
  Release Data: Off
  Data Released: False
  Global Release Data: Off
  PipelineMTime: 0
  UpdateMTime: 1604
  RealTimeStamp: 0 seconds 
  LargestPossibleRegion: 
    Dimension: 3
    Index: [0, 0, 0]
    Size: [160, 240, 256]
  BufferedRegion: 
    Dimension: 3
    Index: [0, 0, 0]
    Size: [160, 240, 256]
  RequestedRegion: 
    Dimension: 3
    Index: [0, 0, 0]
    Size: [160, 240, 256]
  Spacing: [1, 1, 1]
  Origin: [87.9508, 102.562, -147.639]
  Direction: 
-0.998659 -0.0436121 -0.0279129
0.043595 -0.999049 0.00121847
-0.0279395 -2.65543e-08 0.99961

  IndexToPointMatrix: 
-0.998659 -0.0436121 -0.0279129
0.043595 -0.999049 0.00121847
-0.0279395 -2.65543e-08 0.99961

  PointToIndexMatrix: 
-0.998659 0.043595 -0.0279395
-0.0436121 -0.999049 -2.65517e-08
-0.0279129 0.00121847 0.99961

  Inverse Direction: 
-0.998659 0.043595 -0.0279395
-0.0436121 -0.999049 -2.65517e-08
-0.0279129 0.00121847 0.99961

  PixelContainer: 
    ImportImageContainer (0x501d6f0)
      RTTI typeinfo:   itk::ImportImageContainer<unsigned long, double>
      Reference Count: 1
      Modified Time: 1601
      Debug: Off
      Object Name: 
      Observers: 
        none
      Pointer: 0x1553442c6010
      Container manages memory: true
      Size: 9830400
      Capacity: 9830400

     Weighting = 1
     Sampling strategy = none
     Number of bins = 32
     Radius = 4
     Sampling percentage  = 1
   Transform = SyN
     Gradient step = 0.1
     Update field sigma (voxel space) = 3
     Total field sigma (voxel space) = 0
     Update field time sigma = 0
     Total field time sigma  = 0
     Number of time indices = 0
     Number of time point samples = 0
Registration using 1 total stages.

Stage 0
  iterations = 100x70x50x20
  convergence threshold = 1e-06
  convergence window size = 10
  number of levels = 4
  using the CC metric (radius = 4, weight = 1, use gradient filter = 0)
  preprocessing:  winsorizing the image intensities
  Shrink factors (level 1 out of 4): [8, 8, 8]
