
##########################
# Experiment information #
##########################

EXPERIMENT_NAME: antsRegistration-r8-p9
VFC_BACKENDS: libinterflop_vprec.so --range-binary32=8 --precision-binary32=9 --range-binary64=8 --precision-binary64=9

SIF_IMG: /home/mdugre/projects/rrg-glatard/mdugre/containers/ants-vprec-no_metrics.simg

SUBJECT_ID: s014
INPUT_IMG: /home/mdugre/scratch/mri-registration-rp/datasets/ds004513/derivatives/mri-registration-rp/antsBrainExtraction/sub-s014/BrainExtractionBrain.nii.gz
OUTPUT_DIR: /home/mdugre/scratch/mri-registration-rp/datasets/ds004513/derivatives/mri-registration-rp/0100/antsRegistration-r8-p9/sub-s014

FIXED_IMG: /templateflow/tpl-MNI152NLin2009cAsym/tpl-MNI152NLin2009cAsym_res-01_desc-brain_T1w.nii.gz
DATA_DIR: /home/mdugre/scratch/mri-registration-rp/datasets/ds004513
TEMPLATEFLOW_DIR: /home/mdugre/projects/rrg-glatard/mdugre/templateflow
ITK_GLOBAL_DEFAULT_NUMBER_OF_THREADS: 16
##########################

Info [verificarlo]: loaded backend libinterflop_ieee.so
Info [interflop-ieee]: load backend with:
Info [interflop-ieee]: debug = false
Info [interflop-ieee]: debug-binary = false
Info [interflop-ieee]: no-backend-name = false
Info [interflop-ieee]: print-new-line = false
Info [interflop-ieee]: print-subnormal-normalized = false
Info [interflop-ieee]: count-op = false
All_Command_lines_OK
Using double precision for computations.
=============================================================================
The composite transform comprises the following transforms (in order): 
  1. Center of mass alignment using fixed image: /templateflow/tpl-MNI152NLin2009cAsym/tpl-MNI152NLin2009cAsym_res-01_desc-brain_T1w.nii.gz and moving image: /home/mdugre/scratch/mri-registration-rp/datasets/ds004513/derivatives/mri-registration-rp/antsBrainExtraction/sub-s014/BrainExtractionBrain.nii.gz (type = Euler3DTransform)
=============================================================================
  number of levels = 1
  fixed image: /templateflow/tpl-MNI152NLin2009cAsym/tpl-MNI152NLin2009cAsym_res-01_desc-brain_T1w.nii.gz
  moving image: /home/mdugre/scratch/mri-registration-rp/datasets/ds004513/derivatives/mri-registration-rp/antsBrainExtraction/sub-s014/BrainExtractionBrain.nii.gz
Dimension = 3
Number of stages = 1
Use histogram matching = false
Winsorize image intensities = true
  Lower quantile = 0.005
  Upper quantile = 0.995


Stage 1 State
   Image metric = MattesMI
     Fixed image = Image (0x42e2bd0)
  RTTI typeinfo:   itk::Image<double, 3u>
  Reference Count: 2
  Modified Time: 2334
  Debug: Off
  Object Name: 
  Observers: 
    none
  Source: (none)
  Source output name: (none)
  Release Data: Off
  Data Released: False
  Global Release Data: Off
  PipelineMTime: 0
  UpdateMTime: 1943
  RealTimeStamp: 0 seconds 
  LargestPossibleRegion: 
    Dimension: 3
    Index: [0, 0, 0]
    Size: [193, 229, 193]
  BufferedRegion: 
    Dimension: 3
    Index: [0, 0, 0]
    Size: [193, 229, 193]
  RequestedRegion: 
    Dimension: 3
    Index: [0, 0, 0]
    Size: [193, 229, 193]
  Spacing: [1, 1, 1]
  Origin: [96, 132, -78]
  Direction: 
-1 0 0
0 -1 0
0 0 1

  IndexToPointMatrix: 
-1 0 0
0 -1 0
0 0 1

  PointToIndexMatrix: 
-1 0 0
0 -1 0
0 0 1

  Inverse Direction: 
-1 0 0
0 -1 0
0 0 1

  PixelContainer: 
    ImportImageContainer (0x433a930)
      RTTI typeinfo:   itk::ImportImageContainer<unsigned long, double>
      Reference Count: 1
      Modified Time: 1940
      Debug: Off
      Object Name: 
      Observers: 
        none
      Pointer: 0x15011f2e7010
      Container manages memory: true
      Size: 8530021
      Capacity: 8530021

     Moving image = Image (0x43d2610)
  RTTI typeinfo:   itk::Image<double, 3u>
  Reference Count: 2
  Modified Time: 2335
  Debug: Off
  Object Name: 
  Observers: 
    none
  Source: (none)
  Source output name: (none)
  Release Data: Off
  Data Released: False
  Global Release Data: Off
  PipelineMTime: 0
  UpdateMTime: 2332
  RealTimeStamp: 0 seconds 
  LargestPossibleRegion: 
    Dimension: 3
    Index: [0, 0, 0]
    Size: [160, 240, 256]
  BufferedRegion: 
    Dimension: 3
    Index: [0, 0, 0]
    Size: [160, 240, 256]
  RequestedRegion: 
    Dimension: 3
    Index: [0, 0, 0]
    Size: [160, 240, 256]
  Spacing: [0.999999, 1, 1]
  Origin: [84.1637, 106.709, -120.531]
  Direction: 
-0.999619 -0.0226874 -0.0157033
0.0226846 -0.999743 0.00035635
-0.0157073 -7.8229e-09 0.999877

  IndexToPointMatrix: 
-0.999619 -0.0226874 -0.0157033
0.0226845 -0.999743 0.00035635
-0.0157073 -7.8229e-09 0.999877

  PointToIndexMatrix: 
-0.99962 0.0226846 -0.0157073
-0.0226874 -0.999743 -7.83127e-09
-0.0157033 0.00035635 0.999877

  Inverse Direction: 
-0.999619 0.0226846 -0.0157073
-0.0226874 -0.999743 -7.83127e-09
-0.0157033 0.00035635 0.999877

  PixelContainer: 
    ImportImageContainer (0x4312850)
      RTTI typeinfo:   itk::ImportImageContainer<unsigned long, double>
      Reference Count: 1
      Modified Time: 2329
      Debug: Off
      Object Name: 
      Observers: 
        none
      Pointer: 0x15011a7e6010
      Container manages memory: true
      Size: 9830400
      Capacity: 9830400

     Weighting = 1
     Sampling strategy = regular
     Number of bins = 32
     Radius = 4
     Sampling percentage  = 0.25
   Transform = Rigid
     Gradient step = 0.1
     Update field sigma (voxel space) = 0
     Total field sigma (voxel space) = 0
     Update field time sigma = 0
     Total field time sigma  = 0
     Number of time indices = 0
     Number of time point samples = 0
Registration using 1 total stages.

Stage 0
  iterations = 0
  convergence threshold = 1e-06
  convergence window size = 10
  number of levels = 1
  using the Mattes MI metric (number of bins = 32, weight = 1, use gradient filter = 0)
  preprocessing:  winsorizing the image intensities
  Shrink factors (level 1 out of 1): [1, 1, 1]
  smoothing sigmas per level: [0]
  regular sampling (percentage = 0.25)

*** Running Euler3DTransform registration ***

  Elapsed time (stage 0): 1.10048


Total elapsed time: 1.10259
Info [verificarlo]: loaded backend libinterflop_vprec.so
Info [interflop-vprec]: load backend with: 
Info [interflop-vprec]: precision-binary32 = 9
Info [interflop-vprec]: range-binary32 = 8
Info [interflop-vprec]: precision-binary64 = 9
Info [interflop-vprec]: range-binary64 = 8
Info [interflop-vprec]: mode = ob
Info [interflop-vprec]: error-mode = rel
Info [interflop-vprec]: max-abs-error-exponent = -1022
Info [interflop-vprec]: daz = false
Info [interflop-vprec]: ftz = false
Info [interflop-vprec]: 	instrument = none
Info [interflop-vprec]: 	prec-input-file = (null)
Info [interflop-vprec]: 	prec-output-file = (null)
Info [interflop-vprec]: 	prec-log-file = (null)
All_Command_lines_OK
Using double precision for computations.
=============================================================================
The composite transform comprises the following transforms (in order): 
  1. /home/mdugre/scratch/mri-registration-rp/datasets/ds004513/derivatives/mri-registration-rp/0100/antsRegistration-r8-p9/sub-s014/align_Composite.h5[0] (type = Euler3DTransform)
  2. /home/mdugre/scratch/mri-registration-rp/datasets/ds004513/derivatives/mri-registration-rp/0100/antsRegistration-r8-p9/sub-s014/align_Composite.h5[1] (type = Euler3DTransform)
=============================================================================
  number of levels = 4
  fixed image: /templateflow/tpl-MNI152NLin2009cAsym/tpl-MNI152NLin2009cAsym_res-01_desc-brain_T1w.nii.gz
  moving image: /home/mdugre/scratch/mri-registration-rp/datasets/ds004513/derivatives/mri-registration-rp/antsBrainExtraction/sub-s014/BrainExtractionBrain.nii.gz
Dimension = 3
Number of stages = 1
Use histogram matching = false
Winsorize image intensities = true
  Lower quantile = 0.005
  Upper quantile = 0.995


Stage 1 State
   Image metric = MattesMI
     Fixed image = Image (0x38fa1e0)
  RTTI typeinfo:   itk::Image<double, 3u>
  Reference Count: 2
  Modified Time: 1578
  Debug: Off
  Object Name: 
  Observers: 
    none
  Source: (none)
  Source output name: (none)
  Release Data: Off
  Data Released: False
  Global Release Data: Off
  PipelineMTime: 0
  UpdateMTime: 1189
  RealTimeStamp: 0 seconds 
  LargestPossibleRegion: 
    Dimension: 3
    Index: [0, 0, 0]
    Size: [193, 229, 193]
  BufferedRegion: 
    Dimension: 3
    Index: [0, 0, 0]
    Size: [193, 229, 193]
  RequestedRegion: 
    Dimension: 3
    Index: [0, 0, 0]
    Size: [193, 229, 193]
  Spacing: [1, 1, 1]
  Origin: [96, 132, -78]
  Direction: 
-1 0 0
0 -1 0
0 0 1

  IndexToPointMatrix: 
-1 0 0
0 -1 0
0 0 1

  PointToIndexMatrix: 
-1 0 0
0 -1 0
0 0 1

  Inverse Direction: 
-1 0 0
0 -1 0
0 0 1

  PixelContainer: 
    ImportImageContainer (0x39b9680)
      RTTI typeinfo:   itk::ImportImageContainer<unsigned long, double>
      Reference Count: 1
      Modified Time: 1186
      Debug: Off
      Object Name: 
      Observers: 
        none
      Pointer: 0x1478c0ebc010
      Container manages memory: true
      Size: 8530021
      Capacity: 8530021

     Moving image = Image (0x39b5b20)
  RTTI typeinfo:   itk::Image<double, 3u>
  Reference Count: 2
  Modified Time: 1579
  Debug: Off
  Object Name: 
  Observers: 
    none
  Source: (none)
  Source output name: (none)
  Release Data: Off
  Data Released: False
  Global Release Data: Off
  PipelineMTime: 0
  UpdateMTime: 1576
  RealTimeStamp: 0 seconds 
  LargestPossibleRegion: 
    Dimension: 3
    Index: [0, 0, 0]
    Size: [160, 240, 256]
  BufferedRegion: 
    Dimension: 3
    Index: [0, 0, 0]
    Size: [160, 240, 256]
  RequestedRegion: 
    Dimension: 3
    Index: [0, 0, 0]
    Size: [160, 240, 256]
  Spacing: [1, 1, 1]
  Origin: [84.125, 106.75, -120.5]
  Direction: 
-1 -0.0226746 -0.0157166
0.0226746 -1 0.000356197
-0.0157166 0 1

  IndexToPointMatrix: 
-1 -0.0226746 -0.0157166
0.0226746 -1 0.000356197
-0.0157166 0 1

  PointToIndexMatrix: 
-1 0.0226746 -0.0157166
-0.0226746 -1 0
-0.0157166 0.000356197 1

  Inverse Direction: 
-1 0.0226746 -0.0157166
-0.0226746 -1 0
-0.0157166 0.000356197 1

  PixelContainer: 
    ImportImageContainer (0x3a1ed50)
      RTTI typeinfo:   itk::ImportImageContainer<unsigned long, double>
      Reference Count: 1
      Modified Time: 1573
      Debug: Off
      Object Name: 
      Observers: 
        none
      Pointer: 0x1478bc3bb010
      Container manages memory: true
      Size: 9830400
      Capacity: 9830400

     Weighting = 1
     Sampling strategy = regular
     Number of bins = 32
     Radius = 4
     Sampling percentage  = 0.25
   Transform = Rigid
     Gradient step = 0.1
     Update field sigma (voxel space) = 0
     Total field sigma (voxel space) = 0
     Update field time sigma = 0
     Total field time sigma  = 0
     Number of time indices = 0
     Number of time point samples = 0
Registration using 1 total stages.

Stage 0
  iterations = 1000x500x250x100
  convergence threshold = 1e-06
  convergence window size = 10
  number of levels = 4
  using the Mattes MI metric (number of bins = 32, weight = 1, use gradient filter = 0)
  preprocessing:  winsorizing the image intensities
  Shrink factors (level 1 out of 4): [8, 8, 8]
  Shrink factors (level 2 out of 4): [4, 4, 4]
  Shrink factors (level 3 out of 4): [2, 2, 2]
  Shrink factors (level 4 out of 4): [1, 1, 1]
  smoothing sigmas per level: [3, 2, 1, 0]
  regular sampling (percentage = 0.25)

*** Running Euler3DTransform registration ***

DIAGNOSTIC,Iteration,metricValue,convergenceValue,ITERATION_TIME_INDEX,SINCE_LAST
 2DIAGNOSTIC,     1, -4.746304878026e-01, 1.797693134862e+308, 0.0000e+00, 0.0000e+00, 
 2DIAGNOSTIC,     2, -4.752314829115e-01, 1.797693134862e+308, 0.0000e+00, 0.0000e+00, 
 2DIAGNOSTIC,     3, -4.768026095501e-01, 1.797693134862e+308, 0.0000e+00, 0.0000e+00, 
 2DIAGNOSTIC,     4, -4.777993506423e-01, 1.797693134862e+308, 0.0000e+00, 0.0000e+00, 
 2DIAGNOSTIC,     5, -4.800854949540e-01, 1.797693134862e+308, 0.0000e+00, 0.0000e+00, 
 2DIAGNOSTIC,     6, -4.820552820133e-01, 1.797693134862e+308, 0.0000e+00, 0.0000e+00, 
 2DIAGNOSTIC,     7, -4.835711587521e-01, 1.797693134862e+308, 0.0000e+00, 0.0000e+00, 
 2DIAGNOSTIC,     8, -4.850399020824e-01, 1.797693134862e+308, 0.0000e+00, 0.0000e+00, 
 2DIAGNOSTIC,     9, -4.874223734487e-01, 1.797693134862e+308, 0.0000e+00, 0.0000e+00, 
 2DIAGNOSTIC,    10, -4.887931756797e-01, 1.985718004254e-03, 0.0000e+00, 0.0000e+00, 
 2DIAGNOSTIC,    11, -4.921985668873e-01, 1.970006674725e-03, 0.0000e+00, 0.0000e+00, 
 2DIAGNOSTIC,    12, -4.978811802273e-01, 2.083032147281e-03, 0.0000e+00, 0.0000e+00, 
 2DIAGNOSTIC,    13, -5.007772796278e-01, 2.186179671850e-03, 0.0000e+00, 0.0000e+00, 
 2DIAGNOSTIC,    14, -5.024989908452e-01, 2.187889790389e-03, 0.0000e+00, 0.0000e+00, 
 2DIAGNOSTIC,    15, -5.032907253279e-01, 2.110389992057e-03, 0.0000e+00, 0.0000e+00, 
 2DIAGNOSTIC,    16, -5.052978349957e-01, 1.993029630697e-03, 0.0000e+00, 0.0000e+00, 
 2DIAGNOSTIC,    17, -5.072024128570e-01, 1.818723152274e-03, 0.0000e+00, 0.0000e+00, 
 2DIAGNOSTIC,    18, -5.130109464061e-01, 1.727026408086e-03, 0.0000e+00, 0.0000e+00, 
 2DIAGNOSTIC,    19, -5.235709344449e-01, 1.875454398729e-03, 0.0000e+00, 0.0000e+00, 
 2DIAGNOSTIC,    20, -5.240499313865e-01, 1.881385975415e-03, 0.0000e+00, 0.0000e+00, 
 2DIAGNOSTIC,    21, -5.229018372538e-01, 1.775547385050e-03, 0.0000e+00, 0.0000e+00, 
 2DIAGNOSTIC,    22, -5.230164527454e-01, 1.668002133779e-03, 0.0000e+00, 0.0000e+00, 
 2DIAGNOSTIC,    23, -5.229661605674e-01, 1.481185102839e-03, 0.0000e+00, 0.0000e+00, 
 2DIAGNOSTIC,    24, -5.226822740316e-01, 1.201747525882e-03, 0.0000e+00, 0.0000e+00, 
 2DIAGNOSTIC,    25, -5.230256694978e-01, 8.595153029466e-04, 0.0000e+00, 0.0000e+00, 
 2DIAGNOSTIC,    26, -5.227443667009e-01, 5.060566869282e-04, 0.0000e+00, 0.0000e+00, 
 2DIAGNOSTIC,    27, -5.237049866827e-01, 1.919011148715e-04, 0.0000e+00, 0.0000e+00, 
 2DIAGNOSTIC,    28, -5.246956841716e-01, 1.354430166781e-05, 0.0000e+00, 0.0000e+00, 
 2DIAGNOSTIC,    29, -5.245823335837e-01, 4.939388825690e-05, 0.0000e+00, 0.0000e+00, 
 2DIAGNOSTIC,    30, -5.245225323056e-01, 8.712150888266e-05, 0.0000e+00, 0.0000e+00, 
 2DIAGNOSTIC,    31, -5.244966677625e-01, 9.290223544239e-05, 0.0000e+00, 0.0000e+00, 
 2DIAGNOSTIC,    32, -5.244307501989e-01, 9.006605829116e-05, 0.0000e+00, 0.0000e+00, 
 2DIAGNOSTIC,    33, -5.244573891548e-01, 7.826111289744e-05, 0.0000e+00, 0.0000e+00, 
 2DIAGNOSTIC,    34, -5.245522263210e-01, 5.662417546222e-05, 0.0000e+00, 0.0000e+00, 
 2DIAGNOSTIC,    35, -5.245422337579e-01, 3.678359481659e-05, 0.0000e+00, 0.0000e+00, 
 2DIAGNOSTIC,    36, -5.245144362146e-01, 9.540627235526e-06, 0.0000e+00, 0.0000e+00, 
DIAGNOSTIC,Iteration,metricValue,convergenceValue,ITERATION_TIME_INDEX,SINCE_LAST
 2DIAGNOSTIC,     1, -4.442847803964e-01, 1.797693134862e+308, 0.0000e+00, 0.0000e+00, 
 2DIAGNOSTIC,     2, -4.443675120113e-01, 1.797693134862e+308, 0.0000e+00, 0.0000e+00, 
 2DIAGNOSTIC,     3, -4.443035127162e-01, 1.797693134862e+308, 0.0000e+00, 0.0000e+00, 
 2DIAGNOSTIC,     4, -4.445299869461e-01, 1.797693134862e+308, 0.0000e+00, 0.0000e+00, 
 2DIAGNOSTIC,     5, -4.438038108119e-01, 1.797693134862e+308, 0.0000e+00, 0.0000e+00, 
 2DIAGNOSTIC,     6, -4.439593773298e-01, 1.797693134862e+308, 0.0000e+00, 0.0000e+00, 
 2DIAGNOSTIC,     7, -4.436409712657e-01, 1.797693134862e+308, 0.0000e+00, 0.0000e+00, 
 2DIAGNOSTIC,     8, -4.440380776748e-01, 1.797693134862e+308, 0.0000e+00, 0.0000e+00, 
 2DIAGNOSTIC,     9, -4.448398042554e-01, 1.797693134862e+308, 0.0000e+00, 0.0000e+00, 
 2DIAGNOSTIC,    10, -4.450670942720e-01, 3.961342698036e-05, 0.0000e+00, 0.0000e+00, 
 2DIAGNOSTIC,    11, -4.460091815482e-01, 1.501598950552e-04, 0.0000e+00, 0.0000e+00, 
 2DIAGNOSTIC,    12, -4.458027415782e-01, 2.213690372920e-04, 0.0000e+00, 0.0000e+00, 
 2DIAGNOSTIC,    13, -4.463101384180e-01, 2.833760237108e-04, 0.0000e+00, 0.0000e+00, 
 2DIAGNOSTIC,    14, -4.459327915742e-01, 3.038913691578e-04, 0.0000e+00, 0.0000e+00, 
 2DIAGNOSTIC,    15, -4.458376741760e-01, 2.590044516292e-04, 0.0000e+00, 0.0000e+00, 
 2DIAGNOSTIC,    16, -4.451102707923e-01, 1.738853601892e-04, 0.0000e+00, 0.0000e+00, 
 2DIAGNOSTIC,    17, -4.450418731697e-01, 6.875128906465e-05, 0.0000e+00, 0.0000e+00, 
DIAGNOSTIC,Iteration,metricValue,convergenceValue,ITERATION_TIME_INDEX,SINCE_LAST
 2DIAGNOSTIC,     1, -3.906357054199e-01, 1.797693134862e+308, 0.0000e+00, 0.0000e+00, 
 2DIAGNOSTIC,     2, -3.906299450313e-01, 1.797693134862e+308, 0.0000e+00, 0.0000e+00, 
 2DIAGNOSTIC,     3, -3.906444230966e-01, 1.797693134862e+308, 0.0000e+00, 0.0000e+00, 
 2DIAGNOSTIC,     4, -3.906443939195e-01, 1.797693134862e+308, 0.0000e+00, 0.0000e+00, 
 2DIAGNOSTIC,     5, -3.906435666097e-01, 1.797693134862e+308, 0.0000e+00, 0.0000e+00, 
 2DIAGNOSTIC,     6, -3.906384041430e-01, 1.797693134862e+308, 0.0000e+00, 0.0000e+00, 
 2DIAGNOSTIC,     7, -3.906385335696e-01, 1.797693134862e+308, 0.0000e+00, 0.0000e+00, 
 2DIAGNOSTIC,     8, -3.906375200167e-01, 1.797693134862e+308, 0.0000e+00, 0.0000e+00, 
 2DIAGNOSTIC,     9, -3.906433350219e-01, 1.797693134862e+308, 0.0000e+00, 0.0000e+00, 
 2DIAGNOSTIC,    10, -3.906482242650e-01, 1.147950727171e-06, 0.0000e+00, 0.0000e+00, 
 2DIAGNOSTIC,    11, -3.906520617474e-01, 1.448126361200e-06, 0.0000e+00, 0.0000e+00, 
 2DIAGNOSTIC,    12, -3.906553969086e-01, 1.399123727791e-06, 0.0000e+00, 0.0000e+00, 
 2DIAGNOSTIC,    13, -3.906553969086e-01, 2.037861103060e-06, 0.0000e+00, 0.0000e+00, 
 2DIAGNOSTIC,    14, -3.906553969086e-01, 2.396309682157e-06, 0.0000e+00, 0.0000e+00, 
 2DIAGNOSTIC,    15, -3.906553969086e-01, 2.451392004041e-06, 0.0000e+00, 0.0000e+00, 
 2DIAGNOSTIC,    16, -3.906553969086e-01, 2.039333040896e-06, 0.0000e+00, 0.0000e+00, 
 2DIAGNOSTIC,    17, -3.906553969086e-01, 1.498175961075e-06, 0.0000e+00, 0.0000e+00, 
DIAGNOSTIC,Iteration,metricValue,convergenceValue,ITERATION_TIME_INDEX,SINCE_LAST
 2DIAGNOSTIC,     1, -3.642350317411e-01, 1.797693134862e+308, 0.0000e+00, 0.0000e+00, 
 2DIAGNOSTIC,     2, -3.639774948454e-01, 1.797693134862e+308, 0.0000e+00, 0.0000e+00, 
 2DIAGNOSTIC,     3, -3.641577105481e-01, 1.797693134862e+308, 0.0000e+00, 0.0000e+00, 
 2DIAGNOSTIC,     4, -3.642405679946e-01, 1.797693134862e+308, 0.0000e+00, 0.0000e+00, 
 2DIAGNOSTIC,     5, -3.642756838779e-01, 1.797693134862e+308, 0.0000e+00, 0.0000e+00, 
 2DIAGNOSTIC,     6, -3.642702434582e-01, 1.797693134862e+308, 0.0000e+00, 0.0000e+00, 
 2DIAGNOSTIC,     7, -3.642751528795e-01, 1.797693134862e+308, 0.0000e+00, 0.0000e+00, 
 2DIAGNOSTIC,     8, -3.642748914479e-01, 1.797693134862e+308, 0.0000e+00, 0.0000e+00, 
 2DIAGNOSTIC,     9, -3.642686183873e-01, 1.797693134862e+308, 0.0000e+00, 0.0000e+00, 
 2DIAGNOSTIC,    10, -3.642664514107e-01, 2.990207394248e-05, 0.0000e+00, 0.0000e+00, 
 2DIAGNOSTIC,    11, -3.642656731426e-01, 2.861122097444e-05, 0.0000e+00, 0.0000e+00, 
 2DIAGNOSTIC,    12, -3.642661629736e-01, 8.005442286560e-06, 0.0000e+00, 0.0000e+00, 
  Elapsed time (stage 0): 0.0000e+00


Total elapsed time: 0.0000e+00
Info [verificarlo]: loaded backend libinterflop_ieee.so
Info [interflop-ieee]: load backend with:
Info [interflop-ieee]: debug = false
Info [interflop-ieee]: debug-binary = false
Info [interflop-ieee]: no-backend-name = false
Info [interflop-ieee]: print-new-line = false
Info [interflop-ieee]: print-subnormal-normalized = false
Info [interflop-ieee]: count-op = false
All_Command_lines_OK
Using double precision for computations.
=============================================================================
The composite transform comprises the following transforms (in order): 
  1. /home/mdugre/scratch/mri-registration-rp/datasets/ds004513/derivatives/mri-registration-rp/0100/antsRegistration-r8-p9/sub-s014/rigid_Composite.h5[0] (type = Euler3DTransform)
  2. /home/mdugre/scratch/mri-registration-rp/datasets/ds004513/derivatives/mri-registration-rp/0100/antsRegistration-r8-p9/sub-s014/rigid_Composite.h5[1] (type = Euler3DTransform)
  3. /home/mdugre/scratch/mri-registration-rp/datasets/ds004513/derivatives/mri-registration-rp/0100/antsRegistration-r8-p9/sub-s014/rigid_Composite.h5[2] (type = Euler3DTransform)
=============================================================================
  number of levels = 4
  fixed image: /templateflow/tpl-MNI152NLin2009cAsym/tpl-MNI152NLin2009cAsym_res-01_desc-brain_T1w.nii.gz
  moving image: /home/mdugre/scratch/mri-registration-rp/datasets/ds004513/derivatives/mri-registration-rp/antsBrainExtraction/sub-s014/BrainExtractionBrain.nii.gz
Dimension = 3
Number of stages = 1
Use histogram matching = false
Winsorize image intensities = true
  Lower quantile = 0.005
  Upper quantile = 0.995


Stage 1 State
   Image metric = MattesMI
     Fixed image = Image (0x43bb530)
  RTTI typeinfo:   itk::Image<double, 3u>
  Reference Count: 2
  Modified Time: 1594
  Debug: Off
  Object Name: 
  Observers: 
    none
  Source: (none)
  Source output name: (none)
  Release Data: Off
  Data Released: False
  Global Release Data: Off
  PipelineMTime: 0
  UpdateMTime: 1203
  RealTimeStamp: 0 seconds 
  LargestPossibleRegion: 
    Dimension: 3
    Index: [0, 0, 0]
    Size: [193, 229, 193]
  BufferedRegion: 
    Dimension: 3
    Index: [0, 0, 0]
    Size: [193, 229, 193]
  RequestedRegion: 
    Dimension: 3
    Index: [0, 0, 0]
    Size: [193, 229, 193]
  Spacing: [1, 1, 1]
  Origin: [96, 132, -78]
  Direction: 
-1 0 0
0 -1 0
0 0 1

  IndexToPointMatrix: 
-1 0 0
0 -1 0
0 0 1

  PointToIndexMatrix: 
-1 0 0
0 -1 0
0 0 1

  Inverse Direction: 
-1 0 0
0 -1 0
0 0 1

  PixelContainer: 
    ImportImageContainer (0x43c82b0)
      RTTI typeinfo:   itk::ImportImageContainer<unsigned long, double>
      Reference Count: 1
      Modified Time: 1200
      Debug: Off
      Object Name: 
      Observers: 
        none
      Pointer: 0x153841ec5010
      Container manages memory: true
      Size: 8530021
      Capacity: 8530021

     Moving image = Image (0x4476fd0)
  RTTI typeinfo:   itk::Image<double, 3u>
  Reference Count: 2
  Modified Time: 1595
  Debug: Off
  Object Name: 
  Observers: 
    none
  Source: (none)
  Source output name: (none)
  Release Data: Off
  Data Released: False
  Global Release Data: Off
  PipelineMTime: 0
  UpdateMTime: 1592
  RealTimeStamp: 0 seconds 
  LargestPossibleRegion: 
    Dimension: 3
    Index: [0, 0, 0]
    Size: [160, 240, 256]
  BufferedRegion: 
    Dimension: 3
    Index: [0, 0, 0]
    Size: [160, 240, 256]
  RequestedRegion: 
    Dimension: 3
    Index: [0, 0, 0]
    Size: [160, 240, 256]
  Spacing: [0.999999, 1, 1]
  Origin: [84.1637, 106.709, -120.531]
  Direction: 
-0.999619 -0.0226874 -0.0157033
0.0226846 -0.999743 0.00035635
-0.0157073 -7.8229e-09 0.999877

  IndexToPointMatrix: 
-0.999619 -0.0226874 -0.0157033
0.0226845 -0.999743 0.00035635
-0.0157073 -7.8229e-09 0.999877

  PointToIndexMatrix: 
-0.99962 0.0226846 -0.0157073
-0.0226874 -0.999743 -7.83127e-09
-0.0157033 0.00035635 0.999877

  Inverse Direction: 
-0.999619 0.0226846 -0.0157073
-0.0226874 -0.999743 -7.83127e-09
-0.0157033 0.00035635 0.999877

  PixelContainer: 
    ImportImageContainer (0x448e990)
      RTTI typeinfo:   itk::ImportImageContainer<unsigned long, double>
      Reference Count: 1
      Modified Time: 1589
      Debug: Off
      Object Name: 
      Observers: 
        none
      Pointer: 0x15383d3c4010
      Container manages memory: true
      Size: 9830400
      Capacity: 9830400

     Weighting = 1
     Sampling strategy = regular
     Number of bins = 32
     Radius = 4
     Sampling percentage  = 0.25
   Transform = Affine
     Gradient step = 0.1
     Update field sigma (voxel space) = 0
     Total field sigma (voxel space) = 0
     Update field time sigma = 0
     Total field time sigma  = 0
     Number of time indices = 0
     Number of time point samples = 0
Registration using 1 total stages.

Stage 0
  iterations = 1000x500x250x100
  convergence threshold = 1e-06
  convergence window size = 10
  number of levels = 4
  using the Mattes MI metric (number of bins = 32, weight = 1, use gradient filter = 0)
  preprocessing:  winsorizing the image intensities
  Shrink factors (level 1 out of 4): [8, 8, 8]
  Shrink factors (level 2 out of 4): [4, 4, 4]
  Shrink factors (level 3 out of 4): [2, 2, 2]
  Shrink factors (level 4 out of 4): [1, 1, 1]
  smoothing sigmas per level: [3, 2, 1, 0]
  regular sampling (percentage = 0.25)

*** Running AffineTransform registration ***

DIAGNOSTIC,Iteration,metricValue,convergenceValue,ITERATION_TIME_INDEX,SINCE_LAST
 2DIAGNOSTIC,     1, -5.262247584724e-01, 1.797693134862e+308, 8.6228e-01, 8.6228e-01, 
 2DIAGNOSTIC,     2, -5.280052809734e-01, 1.797693134862e+308, 8.6724e-01, 4.9541e-03, 
 2DIAGNOSTIC,     3, -5.310202108773e-01, 1.797693134862e+308, 8.7240e-01, 5.1608e-03, 
 2DIAGNOSTIC,     4, -5.362964320036e-01, 1.797693134862e+308, 8.7690e-01, 4.5068e-03, 
 2DIAGNOSTIC,     5, -5.506514856950e-01, 1.797693134862e+308, 8.8166e-01, 4.7519e-03, 
 2DIAGNOSTIC,     6, -6.452268828224e-01, 1.797693134862e+308, 8.8700e-01, 5.3470e-03, 
 2DIAGNOSTIC,     7, -6.919876876138e-01, 1.797693134862e+308, 8.9242e-01, 5.4150e-03, 
 2DIAGNOSTIC,     8, -7.239259894775e-01, 1.797693134862e+308, 8.9736e-01, 4.9372e-03, 
 2DIAGNOSTIC,     9, -7.465274752528e-01, 1.797693134862e+308, 9.0284e-01, 5.4839e-03, 
 2DIAGNOSTIC,    10, -7.667130358186e-01, 2.981125596322e-02, 9.1039e-01, 7.5500e-03, 
 2DIAGNOSTIC,    11, -7.689172767487e-01, 2.767397499810e-02, 9.1544e-01, 5.0490e-03, 
 2DIAGNOSTIC,    12, -7.780225315477e-01, 2.387074269283e-02, 9.2064e-01, 5.2021e-03, 
 2DIAGNOSTIC,    13, -7.841987724904e-01, 1.895482999458e-02, 9.2624e-01, 5.5990e-03, 
 2DIAGNOSTIC,    14, -7.893969506840e-01, 1.350125892338e-02, 9.3234e-01, 6.1030e-03, 
 2DIAGNOSTIC,    15, -7.913309231869e-01, 8.076348505022e-03, 9.3791e-01, 5.5630e-03, 
 2DIAGNOSTIC,    16, -7.931828099399e-01, 5.188572733938e-03, 9.4370e-01, 5.7960e-03, 
 2DIAGNOSTIC,    17, -7.976872334477e-01, 3.446290948591e-03, 9.4941e-01, 5.7080e-03, 
 2DIAGNOSTIC,    18, -8.066247102880e-01, 2.520539769810e-03, 9.5475e-01, 5.3360e-03, 
 2DIAGNOSTIC,    19, -8.119503635956e-01, 2.053495840541e-03, 9.6067e-01, 5.9280e-03, 
 2DIAGNOSTIC,    20, -8.279890651917e-01, 2.176674631359e-03, 9.6988e-01, 9.2092e-03, 
 2DIAGNOSTIC,    21, -8.288698967270e-01, 2.135818167886e-03, 9.7528e-01, 5.3959e-03, 
 2DIAGNOSTIC,    22, -8.307650396155e-01, 2.099346518090e-03, 9.8033e-01, 5.0490e-03, 
 2DIAGNOSTIC,    23, -8.334486019594e-01, 2.020999738377e-03, 9.8540e-01, 5.0681e-03, 
 2DIAGNOSTIC,    24, -8.360212489388e-01, 1.884765076025e-03, 9.9040e-01, 5.0039e-03, 
 2DIAGNOSTIC,    25, -8.378525599722e-01, 1.640798163708e-03, 9.9534e-01, 4.9450e-03, 
 2DIAGNOSTIC,    26, -8.389337773061e-01, 1.308189782616e-03, 1.0009e+00, 5.5749e-03, 
 2DIAGNOSTIC,    27, -8.399637247105e-01, 9.602015554371e-04, 1.0064e+00, 5.4989e-03, 
 2DIAGNOSTIC,    28, -8.410520608939e-01, 6.866961311826e-04, 1.0119e+00, 5.4760e-03, 
 2DIAGNOSTIC,    29, -8.416194641375e-01, 4.407273928240e-04, 1.0174e+00, 5.5480e-03, 
 2DIAGNOSTIC,    30, -8.415593273405e-01, 3.730957177567e-04, 1.0250e+00, 7.5929e-03, 
 2DIAGNOSTIC,    31, -8.416292137794e-01, 2.870086595083e-04, 1.0305e+00, 5.4870e-03, 
 2DIAGNOSTIC,    32, -8.414221732381e-01, 1.992816810583e-04, 1.0355e+00, 5.0089e-03, 
 2DIAGNOSTIC,    33, -8.412413746653e-01, 1.264584532571e-04, 1.0405e+00, 4.9272e-03, 
 2DIAGNOSTIC,    34, -8.413484352614e-01, 7.550810507351e-05, 1.0460e+00, 5.5449e-03, 
 2DIAGNOSTIC,    35, -8.414190867029e-01, 4.077933695630e-05, 1.0509e+00, 4.9388e-03, 
 2DIAGNOSTIC,    36, -8.413832853554e-01, 1.504069154411e-05, 1.0564e+00, 5.4152e-03, 
DIAGNOSTIC,Iteration,metricValue,convergenceValue,ITERATION_TIME_INDEX,SINCE_LAST
 2DIAGNOSTIC,     1, -6.848270428940e-01, 1.797693134862e+308, 1.7738e+00, 7.1749e-01, 
 2DIAGNOSTIC,     2, -6.857793796778e-01, 1.797693134862e+308, 1.8106e+00, 3.6779e-02, 
 2DIAGNOSTIC,     3, -6.865285525845e-01, 1.797693134862e+308, 1.8467e+00, 3.6073e-02, 
 2DIAGNOSTIC,     4, -6.871003998649e-01, 1.797693134862e+308, 1.8838e+00, 3.7078e-02, 
 2DIAGNOSTIC,     5, -6.878606146203e-01, 1.797693134862e+308, 1.9211e+00, 3.7352e-02, 
 2DIAGNOSTIC,     6, -6.891490631263e-01, 1.797693134862e+308, 1.9558e+00, 3.4715e-02, 
 2DIAGNOSTIC,     7, -6.922226763427e-01, 1.797693134862e+308, 1.9993e+00, 4.3437e-02, 
 2DIAGNOSTIC,     8, -6.930471898791e-01, 1.797693134862e+308, 2.0558e+00, 5.6494e-02, 
 2DIAGNOSTIC,     9, -6.930538541169e-01, 1.797693134862e+308, 2.0899e+00, 3.4092e-02, 
 2DIAGNOSTIC,    10, -6.932099983861e-01, 9.069666819599e-04, 2.1291e+00, 3.9213e-02, 
 2DIAGNOSTIC,    11, -6.932818281373e-01, 7.689980021660e-04, 2.1666e+00, 3.7513e-02, 
 2DIAGNOSTIC,    12, -6.932943152118e-01, 6.164641800081e-04, 2.2073e+00, 4.0670e-02, 
 2DIAGNOSTIC,    13, -6.932819444383e-01, 4.551670797479e-04, 2.2599e+00, 5.2620e-02, 
 2DIAGNOSTIC,    14, -6.932871898344e-01, 2.940976625123e-04, 2.3012e+00, 4.1286e-02, 
 2DIAGNOSTIC,    15, -6.932670486541e-01, 1.485471489185e-04, 2.3398e+00, 3.8597e-02, 
 2DIAGNOSTIC,    16, -6.932731253205e-01, 3.907610010274e-05, 2.3844e+00, 4.4623e-02, 
 2DIAGNOSTIC,    17, -6.932690572633e-01, 1.286114560858e-05, 2.4241e+00, 3.9741e-02, 
 2DIAGNOSTIC,    18, -6.932609776040e-01, 7.273469357340e-06, 2.4571e+00, 3.2987e-02, 
 2DIAGNOSTIC,    19, -6.932431330002e-01, 1.457212165240e-06, 2.4993e+00, 4.2198e-02, 
DIAGNOSTIC,Iteration,metricValue,convergenceValue,ITERATION_TIME_INDEX,SINCE_LAST
 2DIAGNOSTIC,     1, -5.880876103691e-01, 1.797693134862e+308, 3.5351e+00, 1.0358e+00, 
 2DIAGNOSTIC,     2, -5.887445946069e-01, 1.797693134862e+308, 3.8220e+00, 2.8693e-01, 
 2DIAGNOSTIC,     3, -5.894917400195e-01, 1.797693134862e+308, 4.1273e+00, 3.0528e-01, 
 2DIAGNOSTIC,     4, -5.904426097398e-01, 1.797693134862e+308, 4.4379e+00, 3.1056e-01, 
 2DIAGNOSTIC,     5, -5.916916260895e-01, 1.797693134862e+308, 4.7600e+00, 3.2212e-01, 
 2DIAGNOSTIC,     6, -5.937288052385e-01, 1.797693134862e+308, 5.1995e+00, 4.3948e-01, 
 2DIAGNOSTIC,     7, -5.937601201434e-01, 1.797693134862e+308, 5.5797e+00, 3.8023e-01, 
 2DIAGNOSTIC,     8, -5.937598677949e-01, 1.797693134862e+308, 5.8903e+00, 3.1059e-01, 
 2DIAGNOSTIC,     9, -5.937587782354e-01, 1.797693134862e+308, 6.2138e+00, 3.2353e-01, 
 2DIAGNOSTIC,    10, -5.937545033959e-01, 7.202595582536e-04, 6.5308e+00, 3.1696e-01, 
 2DIAGNOSTIC,    11, -5.937485847325e-01, 5.278849807267e-04, 6.8609e+00, 3.3013e-01, 
 2DIAGNOSTIC,    12, -5.937424494418e-01, 3.467334675124e-04, 7.1336e+00, 2.7270e-01, 
 2DIAGNOSTIC,    13, -5.937420002127e-01, 1.908040658309e-04, 7.3894e+00, 2.5579e-01, 
 2DIAGNOSTIC,    14, -5.937428985154e-01, 7.234894186540e-05, 7.6737e+00, 2.8430e-01, 
 2DIAGNOSTIC,    15, -5.937455063180e-01, 1.502141364657e-06, 8.0692e+00, 3.9548e-01, 
DIAGNOSTIC,Iteration,metricValue,convergenceValue,ITERATION_TIME_INDEX,SINCE_LAST
 2DIAGNOSTIC,     1, -5.278774685961e-01, 1.797693134862e+308, 1.1150e+01, 3.0813e+00, 
 2DIAGNOSTIC,     2, -5.279447645894e-01, 1.797693134862e+308, 1.3635e+01, 2.4843e+00, 
 2DIAGNOSTIC,     3, -5.279452245847e-01, 1.797693134862e+308, 1.5731e+01, 2.0967e+00, 
 2DIAGNOSTIC,     4, -5.279443167211e-01, 1.797693134862e+308, 1.7854e+01, 2.1224e+00, 
 2DIAGNOSTIC,     5, -5.279436696065e-01, 1.797693134862e+308, 2.1002e+01, 3.1483e+00, 
 2DIAGNOSTIC,     6, -5.279438456186e-01, 1.797693134862e+308, 2.2998e+01, 1.9955e+00, 
 2DIAGNOSTIC,     7, -5.279436578331e-01, 1.797693134862e+308, 2.5166e+01, 2.1688e+00, 
 2DIAGNOSTIC,     8, -5.279436081508e-01, 1.797693134862e+308, 2.7298e+01, 2.1316e+00, 
 2DIAGNOSTIC,     9, -5.279433358076e-01, 1.797693134862e+308, 2.9201e+01, 1.9031e+00, 
 2DIAGNOSTIC,    10, -5.279434079294e-01, 6.587529555235e-06, 3.1456e+01, 2.2547e+00, 
 2DIAGNOSTIC,    11, -5.279433086916e-01, 2.706292057397e-06, 3.3597e+01, 2.1413e+00, 
 2DIAGNOSTIC,    12, -5.279432018530e-01, 2.501322050472e-06, 3.5406e+01, 1.8094e+00, 
 2DIAGNOSTIC,    13, -5.279431096467e-01, 2.357724124102e-06, 3.7435e+01, 2.0284e+00, 
 2DIAGNOSTIC,    14, -5.279431360053e-01, 2.209687648871e-06, 3.9394e+01, 1.9588e+00, 
 2DIAGNOSTIC,    15, -5.279430525747e-01, 2.060459445230e-06, 4.1189e+01, 1.7957e+00, 
 2DIAGNOSTIC,    16, -5.279429999421e-01, 1.939670987716e-06, 4.3193e+01, 2.0033e+00, 
 2DIAGNOSTIC,    17, -5.279431273110e-01, 1.835728849688e-06, 4.5145e+01, 1.9522e+00, 
 2DIAGNOSTIC,    18, -5.279432148087e-01, 1.747840319574e-06, 4.7004e+01, 1.8587e+00, 
 2DIAGNOSTIC,    19, -5.279434512006e-01, 1.669793489305e-06, 4.9109e+01, 2.1050e+00, 
 2DIAGNOSTIC,    20, -5.279431170534e-01, 1.592854197270e-06, 5.0868e+01, 1.7596e+00, 
 2DIAGNOSTIC,    21, -5.279431207411e-01, 1.521008268911e-06, 5.2946e+01, 2.0779e+00, 
 2DIAGNOSTIC,    22, -5.279431973628e-01, 1.454348145337e-06, 5.4970e+01, 2.0238e+00, 
 2DIAGNOSTIC,    23, -5.279428897191e-01, 1.383031165279e-06, 5.7021e+01, 2.0510e+00, 
 2DIAGNOSTIC,    24, -5.279427201685e-01, 1.314683873481e-06, 5.9544e+01, 2.5232e+00, 
 2DIAGNOSTIC,    25, -5.279427923790e-01, 1.252820478456e-06, 6.1636e+01, 2.0916e+00, 
 2DIAGNOSTIC,    26, -5.279426393565e-01, 1.193155452647e-06, 6.3757e+01, 2.1213e+00, 
 2DIAGNOSTIC,    27, -5.279423310913e-01, 1.137103003229e-06, 6.5612e+01, 1.8547e+00, 
 2DIAGNOSTIC,    28, -5.279423312173e-01, 1.090667033035e-06, 6.7375e+01, 1.7634e+00, 
 2DIAGNOSTIC,    29, -5.279422917475e-01, 1.055533406485e-06, 6.9142e+01, 1.7669e+00, 
 2DIAGNOSTIC,    30, -5.279425299536e-01, 1.024785995556e-06, 7.0975e+01, 1.8328e+00, 
 2DIAGNOSTIC,    31, -5.279427636865e-01, 1.003293156693e-06, 7.2988e+01, 2.0132e+00, 
  Elapsed time (stage 0): 7.4126e+01


Total elapsed time: 7.4129e+01
Info [verificarlo]: loaded backend libinterflop_ieee.so
Info [interflop-ieee]: load backend with:
Info [interflop-ieee]: debug = false
Info [interflop-ieee]: debug-binary = false
Info [interflop-ieee]: no-backend-name = false
Info [interflop-ieee]: print-new-line = false
Info [interflop-ieee]: print-subnormal-normalized = false
Info [interflop-ieee]: count-op = false
All_Command_lines_OK
Using double precision for computations.
=============================================================================
The composite transform comprises the following transforms (in order): 
  1. /home/mdugre/scratch/mri-registration-rp/datasets/ds004513/derivatives/mri-registration-rp/0100/antsRegistration-r8-p9/sub-s014/affine_Composite.h5[0] (type = Euler3DTransform)
  2. /home/mdugre/scratch/mri-registration-rp/datasets/ds004513/derivatives/mri-registration-rp/0100/antsRegistration-r8-p9/sub-s014/affine_Composite.h5[1] (type = Euler3DTransform)
  3. /home/mdugre/scratch/mri-registration-rp/datasets/ds004513/derivatives/mri-registration-rp/0100/antsRegistration-r8-p9/sub-s014/affine_Composite.h5[2] (type = Euler3DTransform)
  4. /home/mdugre/scratch/mri-registration-rp/datasets/ds004513/derivatives/mri-registration-rp/0100/antsRegistration-r8-p9/sub-s014/affine_Composite.h5[3] (type = AffineTransform)
=============================================================================
  number of levels = 4
  fixed image: /templateflow/tpl-MNI152NLin2009cAsym/tpl-MNI152NLin2009cAsym_res-01_desc-brain_T1w.nii.gz
  moving image: /home/mdugre/scratch/mri-registration-rp/datasets/ds004513/derivatives/mri-registration-rp/antsBrainExtraction/sub-s014/BrainExtractionBrain.nii.gz
Dimension = 3
Number of stages = 1
Use histogram matching = false
Winsorize image intensities = true
  Lower quantile = 0.005
  Upper quantile = 0.995


Stage 1 State
   Image metric = CC
     Fixed image = Image (0x3867a40)
  RTTI typeinfo:   itk::Image<double, 3u>
  Reference Count: 2
  Modified Time: 1608
  Debug: Off
  Object Name: 
  Observers: 
    none
  Source: (none)
  Source output name: (none)
  Release Data: Off
  Data Released: False
  Global Release Data: Off
  PipelineMTime: 0
  UpdateMTime: 1217
  RealTimeStamp: 0 seconds 
  LargestPossibleRegion: 
    Dimension: 3
    Index: [0, 0, 0]
    Size: [193, 229, 193]
  BufferedRegion: 
    Dimension: 3
    Index: [0, 0, 0]
    Size: [193, 229, 193]
  RequestedRegion: 
    Dimension: 3
    Index: [0, 0, 0]
    Size: [193, 229, 193]
  Spacing: [1, 1, 1]
  Origin: [96, 132, -78]
  Direction: 
-1 0 0
0 -1 0
0 0 1

  IndexToPointMatrix: 
-1 0 0
0 -1 0
0 0 1

  PointToIndexMatrix: 
-1 0 0
0 -1 0
0 0 1

  Inverse Direction: 
-1 0 0
0 -1 0
0 0 1

  PixelContainer: 
    ImportImageContainer (0x3936780)
      RTTI typeinfo:   itk::ImportImageContainer<unsigned long, double>
      Reference Count: 1
      Modified Time: 1214
      Debug: Off
      Object Name: 
      Observers: 
        none
      Pointer: 0x1505fa78d010
      Container manages memory: true
      Size: 8530021
      Capacity: 8530021

     Moving image = Image (0x3938390)
  RTTI typeinfo:   itk::Image<double, 3u>
  Reference Count: 2
  Modified Time: 1609
  Debug: Off
  Object Name: 
  Observers: 
    none
  Source: (none)
  Source output name: (none)
  Release Data: Off
  Data Released: False
  Global Release Data: Off
  PipelineMTime: 0
  UpdateMTime: 1606
  RealTimeStamp: 0 seconds 
  LargestPossibleRegion: 
    Dimension: 3
    Index: [0, 0, 0]
    Size: [160, 240, 256]
  BufferedRegion: 
    Dimension: 3
    Index: [0, 0, 0]
    Size: [160, 240, 256]
  RequestedRegion: 
    Dimension: 3
    Index: [0, 0, 0]
    Size: [160, 240, 256]
  Spacing: [0.999999, 1, 1]
  Origin: [84.1637, 106.709, -120.531]
  Direction: 
-0.999619 -0.0226874 -0.0157033
0.0226846 -0.999743 0.00035635
-0.0157073 -7.8229e-09 0.999877

  IndexToPointMatrix: 
-0.999619 -0.0226874 -0.0157033
0.0226845 -0.999743 0.00035635
-0.0157073 -7.8229e-09 0.999877

  PointToIndexMatrix: 
-0.99962 0.0226846 -0.0157073
-0.0226874 -0.999743 -7.83127e-09
-0.0157033 0.00035635 0.999877

  Inverse Direction: 
-0.999619 0.0226846 -0.0157073
-0.0226874 -0.999743 -7.83127e-09
-0.0157033 0.00035635 0.999877

  PixelContainer: 
    ImportImageContainer (0x38ed6f0)
      RTTI typeinfo:   itk::ImportImageContainer<unsigned long, double>
      Reference Count: 1
      Modified Time: 1603
      Debug: Off
      Object Name: 
      Observers: 
        none
      Pointer: 0x1505f5c8c010
      Container manages memory: true
      Size: 9830400
      Capacity: 9830400

     Weighting = 1
     Sampling strategy = none
     Number of bins = 32
     Radius = 4
     Sampling percentage  = 1
   Transform = SyN
     Gradient step = 0.1
     Update field sigma (voxel space) = 3
     Total field sigma (voxel space) = 0
     Update field time sigma = 0
     Total field time sigma  = 0
     Number of time indices = 0
     Number of time point samples = 0
Registration using 1 total stages.

Stage 0
  iterations = 100x70x50x20
  convergence threshold = 1e-06
  convergence window size = 10
  number of levels = 4
  using the CC metric (radius = 4, weight = 1, use gradient filter = 0)
  preprocessing:  winsorizing the image intensities
  Shrink factors (level 1 out of 4): [8, 8, 8]
  Shrink factors (level 2 out of 4): [4, 4, 4]
  Shrink factors (level 3 out of 4): [2, 2, 2]
  Shrink factors (level 4 out of 4): [1, 1, 1]
  smoothing sigmas per level: [3, 2, 1, 0]
  Using default NONE metricSamplingStrategy 

*** Running SyN registration (varianceForUpdateField = 3, varianceForTotalField = 0) ***

XXDIAGNOSTIC,Iteration,metricValue,convergenceValue,ITERATION_TIME_INDEX,SINCE_LAST
 1DIAGNOSTIC,     1, -9.016730576234e-01, 1.797693134862e+308, 9.5832e-01, 9.5832e-01, 
 1DIAGNOSTIC,     2, -9.061838451260e-01, 1.797693134862e+308, 1.2985e+00, 3.4018e-01, 
 1DIAGNOSTIC,     3, -9.098402601872e-01, 1.797693134862e+308, 1.6312e+00, 3.3270e-01, 
 1DIAGNOSTIC,     4, -9.120500705714e-01, 1.797693134862e+308, 1.9647e+00, 3.3350e-01, 
 1DIAGNOSTIC,     5, -9.138114097516e-01, 1.797693134862e+308, 2.3045e+00, 3.3978e-01, 
 1DIAGNOSTIC,     6, -9.151730506908e-01, 1.797693134862e+308, 2.6536e+00, 3.4911e-01, 
 1DIAGNOSTIC,     7, -9.162725929411e-01, 1.797693134862e+308, 2.9870e+00, 3.3340e-01, 
 1DIAGNOSTIC,     8, -9.171680253243e-01, 1.797693134862e+308, 3.3307e+00, 3.4370e-01, 
