
##########################
# Experiment information #
##########################

EXPERIMENT_NAME: antsRegistration-r7-p22
VFC_BACKENDS: libinterflop_vprec.so --range-binary32=7 --precision-binary32=22 --range-binary64=7 --precision-binary64=22

SIF_IMG: /home/mdugre/projects/rrg-glatard/mdugre/containers/ants-vprec-no_metrics.simg

SUBJECT_ID: s025
INPUT_IMG: /home/mdugre/scratch/mri-registration-rp/datasets/ds004513/derivatives/mri-registration-rp/antsBrainExtraction/sub-s025/BrainExtractionBrain.nii.gz
OUTPUT_DIR: /home/mdugre/scratch/mri-registration-rp/datasets/ds004513/derivatives/mri-registration-rp/0100/antsRegistration-r7-p22/sub-s025

FIXED_IMG: /templateflow/tpl-MNI152NLin2009cAsym/tpl-MNI152NLin2009cAsym_res-01_desc-brain_T1w.nii.gz
DATA_DIR: /home/mdugre/scratch/mri-registration-rp/datasets/ds004513
TEMPLATEFLOW_DIR: /home/mdugre/projects/rrg-glatard/mdugre/templateflow
ITK_GLOBAL_DEFAULT_NUMBER_OF_THREADS: 16
##########################

Info [verificarlo]: loaded backend libinterflop_ieee.so
Info [interflop-ieee]: load backend with:
Info [interflop-ieee]: debug = false
Info [interflop-ieee]: debug-binary = false
Info [interflop-ieee]: no-backend-name = false
Info [interflop-ieee]: print-new-line = false
Info [interflop-ieee]: print-subnormal-normalized = false
Info [interflop-ieee]: count-op = false
All_Command_lines_OK
Using double precision for computations.
=============================================================================
The composite transform comprises the following transforms (in order): 
  1. Center of mass alignment using fixed image: /templateflow/tpl-MNI152NLin2009cAsym/tpl-MNI152NLin2009cAsym_res-01_desc-brain_T1w.nii.gz and moving image: /home/mdugre/scratch/mri-registration-rp/datasets/ds004513/derivatives/mri-registration-rp/antsBrainExtraction/sub-s025/BrainExtractionBrain.nii.gz (type = Euler3DTransform)
=============================================================================
  number of levels = 1
  fixed image: /templateflow/tpl-MNI152NLin2009cAsym/tpl-MNI152NLin2009cAsym_res-01_desc-brain_T1w.nii.gz
  moving image: /home/mdugre/scratch/mri-registration-rp/datasets/ds004513/derivatives/mri-registration-rp/antsBrainExtraction/sub-s025/BrainExtractionBrain.nii.gz
Dimension = 3
Number of stages = 1
Use histogram matching = false
Winsorize image intensities = true
  Lower quantile = 0.005
  Upper quantile = 0.995


Stage 1 State
   Image metric = MattesMI
     Fixed image = Image (0x4e07e70)
  RTTI typeinfo:   itk::Image<double, 3u>
  Reference Count: 2
  Modified Time: 2334
  Debug: Off
  Object Name: 
  Observers: 
    none
  Source: (none)
  Source output name: (none)
  Release Data: Off
  Data Released: False
  Global Release Data: Off
  PipelineMTime: 0
  UpdateMTime: 1943
  RealTimeStamp: 0 seconds 
  LargestPossibleRegion: 
    Dimension: 3
    Index: [0, 0, 0]
    Size: [193, 229, 193]
  BufferedRegion: 
    Dimension: 3
    Index: [0, 0, 0]
    Size: [193, 229, 193]
  RequestedRegion: 
    Dimension: 3
    Index: [0, 0, 0]
    Size: [193, 229, 193]
  Spacing: [1, 1, 1]
  Origin: [96, 132, -78]
  Direction: 
-1 0 0
0 -1 0
0 0 1

  IndexToPointMatrix: 
-1 0 0
0 -1 0
0 0 1

  PointToIndexMatrix: 
-1 0 0
0 -1 0
0 0 1

  Inverse Direction: 
-1 0 0
0 -1 0
0 0 1

  PixelContainer: 
    ImportImageContainer (0x4e10c60)
      RTTI typeinfo:   itk::ImportImageContainer<unsigned long, double>
      Reference Count: 1
      Modified Time: 1940
      Debug: Off
      Object Name: 
      Observers: 
        none
      Pointer: 0x151436678010
      Container manages memory: true
      Size: 8530021
      Capacity: 8530021

     Moving image = Image (0x4e13610)
  RTTI typeinfo:   itk::Image<double, 3u>
  Reference Count: 2
  Modified Time: 2335
  Debug: Off
  Object Name: 
  Observers: 
    none
  Source: (none)
  Source output name: (none)
  Release Data: Off
  Data Released: False
  Global Release Data: Off
  PipelineMTime: 0
  UpdateMTime: 2332
  RealTimeStamp: 0 seconds 
  LargestPossibleRegion: 
    Dimension: 3
    Index: [0, 0, 0]
    Size: [176, 240, 256]
  BufferedRegion: 
    Dimension: 3
    Index: [0, 0, 0]
    Size: [176, 240, 256]
  RequestedRegion: 
    Dimension: 3
    Index: [0, 0, 0]
    Size: [176, 240, 256]
  Spacing: [0.999999, 1, 1]
  Origin: [90.3778, 84.5091, -154.071]
  Direction: 
-0.999391 7.48184e-06 -0.0348969
-7.47664e-06 -1 -2.7953e-07
-0.0348969 -1.84481e-08 0.999391

  IndexToPointMatrix: 
-0.99939 7.48184e-06 -0.0348969
-7.47663e-06 -1 -2.7953e-07
-0.0348968 -1.84481e-08 0.999391

  PointToIndexMatrix: 
-0.999392 -7.47665e-06 -0.0348969
7.48184e-06 -1 -1.84481e-08
-0.0348969 -2.7953e-07 0.999391

  Inverse Direction: 
-0.999391 -7.47664e-06 -0.0348969
7.48184e-06 -1 -1.84481e-08
-0.0348969 -2.7953e-07 0.999391

  PixelContainer: 
    ImportImageContainer (0x4eacef0)
      RTTI typeinfo:   itk::ImportImageContainer<unsigned long, double>
      Reference Count: 1
      Modified Time: 2329
      Debug: Off
      Object Name: 
      Observers: 
        none
      Pointer: 0x1514313f7010
      Container manages memory: true
      Size: 10813440
      Capacity: 10813440

     Weighting = 1
     Sampling strategy = regular
     Number of bins = 32
     Radius = 4
     Sampling percentage  = 0.25
   Transform = Rigid
     Gradient step = 0.1
     Update field sigma (voxel space) = 0
     Total field sigma (voxel space) = 0
     Update field time sigma = 0
     Total field time sigma  = 0
     Number of time indices = 0
     Number of time point samples = 0
Registration using 1 total stages.

Stage 0
  iterations = 0
  convergence threshold = 1e-06
  convergence window size = 10
  number of levels = 1
  using the Mattes MI metric (number of bins = 32, weight = 1, use gradient filter = 0)
  preprocessing:  winsorizing the image intensities
  Shrink factors (level 1 out of 1): [1, 1, 1]
  smoothing sigmas per level: [0]
  regular sampling (percentage = 0.25)

*** Running Euler3DTransform registration ***

  Elapsed time (stage 0): 1.10345


Total elapsed time: 1.10578
Info [verificarlo]: loaded backend libinterflop_vprec.so
Info [interflop-vprec]: load backend with: 
Info [interflop-vprec]: precision-binary32 = 22
Info [interflop-vprec]: range-binary32 = 7
Info [interflop-vprec]: precision-binary64 = 22
Info [interflop-vprec]: range-binary64 = 7
Info [interflop-vprec]: mode = ob
Info [interflop-vprec]: error-mode = rel
Info [interflop-vprec]: max-abs-error-exponent = -1022
Info [interflop-vprec]: daz = false
Info [interflop-vprec]: ftz = false
Info [interflop-vprec]: 	instrument = none
Info [interflop-vprec]: 	prec-input-file = (null)
Info [interflop-vprec]: 	prec-output-file = (null)
Info [interflop-vprec]: 	prec-log-file = (null)
All_Command_lines_OK
Using double precision for computations.
=============================================================================
The composite transform comprises the following transforms (in order): 
  1. /home/mdugre/scratch/mri-registration-rp/datasets/ds004513/derivatives/mri-registration-rp/0100/antsRegistration-r7-p22/sub-s025/align_Composite.h5[0] (type = Euler3DTransform)
  2. /home/mdugre/scratch/mri-registration-rp/datasets/ds004513/derivatives/mri-registration-rp/0100/antsRegistration-r7-p22/sub-s025/align_Composite.h5[1] (type = Euler3DTransform)
=============================================================================
  number of levels = 4
  fixed image: /templateflow/tpl-MNI152NLin2009cAsym/tpl-MNI152NLin2009cAsym_res-01_desc-brain_T1w.nii.gz
  moving image: /home/mdugre/scratch/mri-registration-rp/datasets/ds004513/derivatives/mri-registration-rp/antsBrainExtraction/sub-s025/BrainExtractionBrain.nii.gz
Dimension = 3
Number of stages = 1
Use histogram matching = false
Winsorize image intensities = true
  Lower quantile = 0.005
  Upper quantile = 0.995


Stage 1 State
   Image metric = MattesMI
     Fixed image = Image (0x4ff11e0)
  RTTI typeinfo:   itk::Image<double, 3u>
  Reference Count: 2
  Modified Time: 1580
  Debug: Off
  Object Name: 
  Observers: 
    none
  Source: (none)
  Source output name: (none)
  Release Data: Off
  Data Released: False
  Global Release Data: Off
  PipelineMTime: 0
  UpdateMTime: 1189
  RealTimeStamp: 0 seconds 
  LargestPossibleRegion: 
    Dimension: 3
    Index: [0, 0, 0]
    Size: [193, 229, 193]
  BufferedRegion: 
    Dimension: 3
    Index: [0, 0, 0]
    Size: [193, 229, 193]
  RequestedRegion: 
    Dimension: 3
    Index: [0, 0, 0]
    Size: [193, 229, 193]
  Spacing: [1, 1, 1]
  Origin: [96, 132, -78]
  Direction: 
-1 0 0
0 -1 0
0 0 1

  IndexToPointMatrix: 
-1 0 0
0 -1 0
0 0 1

  PointToIndexMatrix: 
-1 0 0
0 -1 0
0 0 1

  Inverse Direction: 
-1 0 0
0 -1 0
0 0 1

  PixelContainer: 
    ImportImageContainer (0x50b0680)
      RTTI typeinfo:   itk::ImportImageContainer<unsigned long, double>
      Reference Count: 1
      Modified Time: 1186
      Debug: Off
      Object Name: 
      Observers: 
        none
      Pointer: 0x154758b40010
      Container manages memory: true
      Size: 8530021
      Capacity: 8530021

     Moving image = Image (0x50acb20)
  RTTI typeinfo:   itk::Image<double, 3u>
  Reference Count: 2
  Modified Time: 1581
  Debug: Off
  Object Name: 
  Observers: 
    none
  Source: (none)
  Source output name: (none)
  Release Data: Off
  Data Released: False
  Global Release Data: Off
  PipelineMTime: 0
  UpdateMTime: 1578
  RealTimeStamp: 0 seconds 
  LargestPossibleRegion: 
    Dimension: 3
    Index: [0, 0, 0]
    Size: [176, 240, 256]
  BufferedRegion: 
    Dimension: 3
    Index: [0, 0, 0]
    Size: [176, 240, 256]
  RequestedRegion: 
    Dimension: 3
    Index: [0, 0, 0]
    Size: [176, 240, 256]
  Spacing: [0.999999, 1, 1]
  Origin: [90.3778, 84.5091, -154.071]
  Direction: 
-0.999391 7.48184e-06 -0.0348969
-7.47664e-06 -1 -2.7953e-07
-0.0348969 -1.84481e-08 0.999391

  IndexToPointMatrix: 
-0.99939 7.48184e-06 -0.0348969
-7.47663e-06 -1 -2.7953e-07
-0.0348968 -1.84481e-08 0.999391

  PointToIndexMatrix: 
-0.999393 -7.47665e-06 -0.0348969
7.48184e-06 -1 -1.84481e-08
-0.0348969 -2.7953e-07 0.999391

  Inverse Direction: 
-0.999391 -7.47665e-06 -0.0348969
7.48184e-06 -1 -1.8448e-08
-0.0348969 -2.7953e-07 0.999391

  PixelContainer: 
    ImportImageContainer (0x5115d50)
      RTTI typeinfo:   itk::ImportImageContainer<unsigned long, double>
      Reference Count: 1
      Modified Time: 1575
      Debug: Off
      Object Name: 
      Observers: 
        none
      Pointer: 0x1547538bf010
      Container manages memory: true
      Size: 10813440
      Capacity: 10813440

     Weighting = 1
     Sampling strategy = regular
     Number of bins = 32
     Radius = 4
     Sampling percentage  = 0.25
   Transform = Rigid
     Gradient step = 0.1
     Update field sigma (voxel space) = 0
     Total field sigma (voxel space) = 0
     Update field time sigma = 0
     Total field time sigma  = 0
     Number of time indices = 0
     Number of time point samples = 0
Registration using 1 total stages.

Stage 0
  iterations = 1000x500x250x100
  convergence threshold = 1e-06
  convergence window size = 10
  number of levels = 4
  using the Mattes MI metric (number of bins = 32, weight = 1, use gradient filter = 0)
  preprocessing:  winsorizing the image intensities
  Shrink factors (level 1 out of 4): [8, 8, 8]
  Shrink factors (level 2 out of 4): [4, 4, 4]
  Shrink factors (level 3 out of 4): [2, 2, 2]
  Shrink factors (level 4 out of 4): [1, 1, 1]
  smoothing sigmas per level: [3, 2, 1, 0]
  regular sampling (percentage = 0.25)

*** Running Euler3DTransform registration ***

DIAGNOSTIC,Iteration,metricValue,convergenceValue,ITERATION_TIME_INDEX,SINCE_LAST
 2DIAGNOSTIC,     1, -5.323244125353e-01, 1.797693134862e+308, 0.0000e+00, 0.0000e+00, 
 2DIAGNOSTIC,     2, -5.346178802681e-01, 1.797693134862e+308, 0.0000e+00, 0.0000e+00, 
 2DIAGNOSTIC,     3, -5.378001866674e-01, 1.797693134862e+308, 0.0000e+00, 0.0000e+00, 
 2DIAGNOSTIC,     4, -5.422851190486e-01, 1.797693134862e+308, 0.0000e+00, 0.0000e+00, 
 2DIAGNOSTIC,     5, -5.486609446776e-01, 1.797693134862e+308, 0.0000e+00, 0.0000e+00, 
 2DIAGNOSTIC,     6, -5.542679295112e-01, 1.797693134862e+308, 0.0000e+00, 0.0000e+00, 
 2DIAGNOSTIC,     7, -5.626873332740e-01, 1.797693134862e+308, 0.0000e+00, 0.0000e+00, 
 2DIAGNOSTIC,     8, -5.765994286058e-01, 1.797693134862e+308, 0.0000e+00, 0.0000e+00, 
 2DIAGNOSTIC,     9, -5.866554549008e-01, 1.797693134862e+308, 0.0000e+00, 0.0000e+00, 
 2DIAGNOSTIC,    10, -5.979144365476e-01, 7.587597814675e-03, 0.0000e+00, 0.0000e+00, 
 2DIAGNOSTIC,    11, -6.118759977246e-01, 8.060078638776e-03, 0.0000e+00, 0.0000e+00, 
 2DIAGNOSTIC,    12, -6.276056260985e-01, 8.453920335173e-03, 0.0000e+00, 0.0000e+00, 
 2DIAGNOSTIC,    13, -6.285137185694e-01, 8.165792180529e-03, 0.0000e+00, 0.0000e+00, 
 2DIAGNOSTIC,    14, -6.306320304771e-01, 7.422080935116e-03, 0.0000e+00, 0.0000e+00, 
 2DIAGNOSTIC,    15, -6.334817911529e-01, 6.415227798948e-03, 0.0000e+00, 0.0000e+00, 
 2DIAGNOSTIC,    16, -6.347054803835e-01, 5.158654772076e-03, 0.0000e+00, 0.0000e+00, 
 2DIAGNOSTIC,    17, -6.346845716813e-01, 3.818119765925e-03, 0.0000e+00, 0.0000e+00, 
 2DIAGNOSTIC,    18, -6.347843139476e-01, 2.663789215472e-03, 0.0000e+00, 0.0000e+00, 
 2DIAGNOSTIC,    19, -6.348970923554e-01, 1.652849226186e-03, 0.0000e+00, 0.0000e+00, 
 2DIAGNOSTIC,    20, -6.352842708622e-01, 8.694923481634e-04, 0.0000e+00, 0.0000e+00, 
 2DIAGNOSTIC,    21, -6.358143043076e-01, 4.040468200532e-04, 0.0000e+00, 0.0000e+00, 
 2DIAGNOSTIC,    22, -6.373735176831e-01, 3.204191950125e-04, 0.0000e+00, 0.0000e+00, 
 2DIAGNOSTIC,    23, -6.440695539061e-01, 3.704649269566e-04, 0.0000e+00, 0.0000e+00, 
 2DIAGNOSTIC,    24, -6.456163677062e-01, 4.490163922638e-04, 0.0000e+00, 0.0000e+00, 
 2DIAGNOSTIC,    25, -6.496393813436e-01, 6.085867191647e-04, 0.0000e+00, 0.0000e+00, 
 2DIAGNOSTIC,    26, -6.510325672138e-01, 7.452212780892e-04, 0.0000e+00, 0.0000e+00, 
 2DIAGNOSTIC,    27, -6.534563330241e-01, 8.423978909772e-04, 0.0000e+00, 0.0000e+00, 
 2DIAGNOSTIC,    28, -6.539678162367e-01, 8.614734523118e-04, 0.0000e+00, 0.0000e+00, 
 2DIAGNOSTIC,    29, -6.542735362919e-01, 8.046699109592e-04, 0.0000e+00, 0.0000e+00, 
 2DIAGNOSTIC,    30, -6.546485664130e-01, 6.890025458837e-04, 0.0000e+00, 0.0000e+00, 
 2DIAGNOSTIC,    31, -6.546699469763e-01, 5.247941982270e-04, 0.0000e+00, 0.0000e+00, 
 2DIAGNOSTIC,    32, -6.548082946846e-01, 3.443987868754e-04, 0.0000e+00, 0.0000e+00, 
 2DIAGNOSTIC,    33, -6.550134243442e-01, 2.397716116138e-04, 0.0000e+00, 0.0000e+00, 
 2DIAGNOSTIC,    34, -6.553475448408e-01, 1.435648032906e-04, 0.0000e+00, 0.0000e+00, 
 2DIAGNOSTIC,    35, -6.561749269397e-01, 1.031811456877e-04, 0.0000e+00, 0.0000e+00, 
 2DIAGNOSTIC,    36, -6.570911274340e-01, 8.392856650159e-05, 0.0000e+00, 0.0000e+00, 
 2DIAGNOSTIC,    37, -6.622220680363e-01, 1.511781710907e-04, 0.0000e+00, 0.0000e+00, 
 2DIAGNOSTIC,    38, -6.662679086143e-01, 2.535860389354e-04, 0.0000e+00, 0.0000e+00, 
 2DIAGNOSTIC,    39, -6.668200676454e-01, 3.357027735301e-04, 0.0000e+00, 0.0000e+00, 
 2DIAGNOSTIC,    40, -6.667737309199e-01, 3.864636417834e-04, 0.0000e+00, 0.0000e+00, 
 2DIAGNOSTIC,    41, -6.667700568960e-01, 3.984848920314e-04, 0.0000e+00, 0.0000e+00, 
 2DIAGNOSTIC,    42, -6.670564788450e-01, 3.756545254286e-04, 0.0000e+00, 0.0000e+00, 
 2DIAGNOSTIC,    43, -6.677481958568e-01, 3.267647770409e-04, 0.0000e+00, 0.0000e+00, 
 2DIAGNOSTIC,    44, -6.690379823242e-01, 2.661292269156e-04, 0.0000e+00, 0.0000e+00, 
 2DIAGNOSTIC,    45, -6.709802500688e-01, 2.115906115218e-04, 0.0000e+00, 0.0000e+00, 
 2DIAGNOSTIC,    46, -6.718866135627e-01, 1.561422369323e-04, 0.0000e+00, 0.0000e+00, 
 2DIAGNOSTIC,    47, -6.737151624093e-01, 1.541220633069e-04, 0.0000e+00, 0.0000e+00, 
 2DIAGNOSTIC,    48, -6.757327584132e-01, 1.939397900197e-04, 0.0000e+00, 0.0000e+00, 
 2DIAGNOSTIC,    49, -6.821856732064e-01, 2.772798922348e-04, 0.0000e+00, 0.0000e+00, 
 2DIAGNOSTIC,    50, -7.063732734906e-01, 5.452889413428e-04, 0.0000e+00, 0.0000e+00, 
 2DIAGNOSTIC,    51, -7.437384682383e-01, 1.070690175590e-03, 0.0000e+00, 0.0000e+00, 
 2DIAGNOSTIC,    52, -7.436517527398e-01, 1.466067087635e-03, 0.0000e+00, 0.0000e+00, 
 2DIAGNOSTIC,    53, -7.449099508201e-01, 1.726741830584e-03, 0.0000e+00, 0.0000e+00, 
 2DIAGNOSTIC,    54, -7.453752725690e-01, 1.828232336369e-03, 0.0000e+00, 0.0000e+00, 
 2DIAGNOSTIC,    55, -7.463221323102e-01, 1.769218837423e-03, 0.0000e+00, 0.0000e+00, 
 2DIAGNOSTIC,    56, -7.490155012677e-01, 1.566316127889e-03, 0.0000e+00, 0.0000e+00, 
 2DIAGNOSTIC,    57, -7.493108764940e-01, 1.239577501574e-03, 0.0000e+00, 0.0000e+00, 
 2DIAGNOSTIC,    58, -7.493234287700e-01, 8.278989379587e-04, 0.0000e+00, 0.0000e+00, 
 2DIAGNOSTIC,    59, -7.497013541404e-01, 4.018705486570e-04, 0.0000e+00, 0.0000e+00, 
 2DIAGNOSTIC,    60, -7.503390019093e-01, 1.258611441547e-04, 0.0000e+00, 0.0000e+00, 
 2DIAGNOSTIC,    61, -7.521721016488e-01, 1.269349436379e-04, 0.0000e+00, 0.0000e+00, 
 2DIAGNOSTIC,    62, -7.538141215154e-01, 1.262191000451e-04, 0.0000e+00, 0.0000e+00, 
 2DIAGNOSTIC,    63, -7.538298818315e-01, 1.223715872862e-04, 0.0000e+00, 0.0000e+00, 
 2DIAGNOSTIC,    64, -7.551625692286e-01, 1.194087455363e-04, 0.0000e+00, 0.0000e+00, 
 2DIAGNOSTIC,    65, -7.555964328892e-01, 1.135792362182e-04, 0.0000e+00, 0.0000e+00, 
 2DIAGNOSTIC,    66, -7.567066618472e-01, 1.215730231488e-04, 0.0000e+00, 0.0000e+00, 
 2DIAGNOSTIC,    67, -7.570774547828e-01, 1.217564961945e-04, 0.0000e+00, 0.0000e+00, 
 2DIAGNOSTIC,    68, -7.574494212958e-01, 1.128491499893e-04, 0.0000e+00, 0.0000e+00, 
 2DIAGNOSTIC,    69, -7.577012096758e-01, 9.743532851846e-05, 0.0000e+00, 0.0000e+00, 
 2DIAGNOSTIC,    70, -7.582704237129e-01, 8.025561061247e-05, 0.0000e+00, 0.0000e+00, 
 2DIAGNOSTIC,    71, -7.617123138937e-01, 8.718404735698e-05, 0.0000e+00, 0.0000e+00, 
 2DIAGNOSTIC,    72, -7.618861115157e-01, 9.579150707812e-05, 0.0000e+00, 0.0000e+00, 
 2DIAGNOSTIC,    73, -7.618922410274e-01, 9.521133168724e-05, 0.0000e+00, 0.0000e+00, 
 2DIAGNOSTIC,    74, -7.616912257498e-01, 9.231351842296e-05, 0.0000e+00, 0.0000e+00, 
 2DIAGNOSTIC,    75, -7.616080598269e-01, 8.242499541422e-05, 0.0000e+00, 0.0000e+00, 
 2DIAGNOSTIC,    76, -7.616446337629e-01, 7.093800564307e-05, 0.0000e+00, 0.0000e+00, 
 2DIAGNOSTIC,    77, -7.618129970045e-01, 5.583109244530e-05, 0.0000e+00, 0.0000e+00, 
 2DIAGNOSTIC,    78, -7.617555383497e-01, 3.778354769379e-05, 0.0000e+00, 0.0000e+00, 
 2DIAGNOSTIC,    79, -7.617219741750e-01, 1.799794724106e-05, 0.0000e+00, 0.0000e+00, 
DIAGNOSTIC,Iteration,metricValue,convergenceValue,ITERATION_TIME_INDEX,SINCE_LAST
 2DIAGNOSTIC,     1, -6.042867764733e-01, 1.797693134862e+308, 0.0000e+00, 0.0000e+00, 
 2DIAGNOSTIC,     2, -6.050221453691e-01, 1.797693134862e+308, 0.0000e+00, 0.0000e+00, 
 2DIAGNOSTIC,     3, -6.058535833656e-01, 1.797693134862e+308, 0.0000e+00, 0.0000e+00, 
 2DIAGNOSTIC,     4, -6.069176823648e-01, 1.797693134862e+308, 0.0000e+00, 0.0000e+00, 
 2DIAGNOSTIC,     5, -6.084727157191e-01, 1.797693134862e+308, 0.0000e+00, 0.0000e+00, 
 2DIAGNOSTIC,     6, -6.097810303109e-01, 1.797693134862e+308, 0.0000e+00, 0.0000e+00, 
 2DIAGNOSTIC,     7, -6.126102575543e-01, 1.797693134862e+308, 0.0000e+00, 0.0000e+00, 
 2DIAGNOSTIC,     8, -6.178956030255e-01, 1.797693134862e+308, 0.0000e+00, 0.0000e+00, 
 2DIAGNOSTIC,     9, -6.192168722522e-01, 1.797693134862e+308, 0.0000e+00, 0.0000e+00, 
 2DIAGNOSTIC,    10, -6.195312452399e-01, 1.816195140187e-03, 0.0000e+00, 0.0000e+00, 
 2DIAGNOSTIC,    11, -6.200062103205e-01, 1.710572063569e-03, 0.0000e+00, 0.0000e+00, 
 2DIAGNOSTIC,    12, -6.202112212896e-01, 1.504351969366e-03, 0.0000e+00, 0.0000e+00, 
 2DIAGNOSTIC,    13, -6.202790697082e-01, 1.223612650485e-03, 0.0000e+00, 0.0000e+00, 
 2DIAGNOSTIC,    14, -6.203711028029e-01, 9.102474956768e-04, 0.0000e+00, 0.0000e+00, 
 2DIAGNOSTIC,    15, -6.204096054636e-01, 6.076617017557e-04, 0.0000e+00, 0.0000e+00, 
 2DIAGNOSTIC,    16, -6.206261425844e-01, 3.317119130800e-04, 0.0000e+00, 0.0000e+00, 
 2DIAGNOSTIC,    17, -6.207197131414e-01, 1.338580659262e-04, 0.0000e+00, 0.0000e+00, 
 2DIAGNOSTIC,    18, -6.208827512475e-01, 8.512411533355e-05, 0.0000e+00, 0.0000e+00, 
 2DIAGNOSTIC,    19, -6.212554785971e-01, 7.496755475495e-05, 0.0000e+00, 0.0000e+00, 
 2DIAGNOSTIC,    20, -6.215924655392e-01, 7.361946091059e-05, 0.0000e+00, 0.0000e+00, 
 2DIAGNOSTIC,    21, -6.215955100180e-01, 7.597172675875e-05, 0.0000e+00, 0.0000e+00, 
 2DIAGNOSTIC,    22, -6.215924592505e-01, 7.553663339432e-05, 0.0000e+00, 0.0000e+00, 
 2DIAGNOSTIC,    23, -6.215819008782e-01, 6.940878577246e-05, 0.0000e+00, 0.0000e+00, 
 2DIAGNOSTIC,    24, -6.215862580401e-01, 5.918003572131e-05, 0.0000e+00, 0.0000e+00, 
 2DIAGNOSTIC,    25, -6.216057992590e-01, 4.523401741378e-05, 0.0000e+00, 0.0000e+00, 
 2DIAGNOSTIC,    26, -6.215953793518e-01, 3.194645224736e-05, 0.0000e+00, 0.0000e+00, 
 2DIAGNOSTIC,    27, -6.216006936943e-01, 1.854603433642e-05, 0.0000e+00, 0.0000e+00, 
 2DIAGNOSTIC,    28, -6.216607667161e-01, 8.035118619132e-06, 0.0000e+00, 0.0000e+00, 
 2DIAGNOSTIC,    29, -6.217312219879e-01, 4.451329937261e-06, 0.0000e+00, 0.0000e+00, 
 2DIAGNOSTIC,    30, -6.217012351394e-01, 5.471873341066e-06, 0.0000e+00, 0.0000e+00, 
 2DIAGNOSTIC,    31, -6.217125592928e-01, 6.263852077130e-06, 0.0000e+00, 0.0000e+00, 
 2DIAGNOSTIC,    32, -6.217124865236e-01, 6.477731061605e-06, 0.0000e+00, 0.0000e+00, 
 2DIAGNOSTIC,    33, -6.217125633013e-01, 5.989097216712e-06, 0.0000e+00, 0.0000e+00, 
 2DIAGNOSTIC,    34, -6.217124570150e-01, 5.086988834994e-06, 0.0000e+00, 0.0000e+00, 
 2DIAGNOSTIC,    35, -6.217125164995e-01, 4.120355384683e-06, 0.0000e+00, 0.0000e+00, 
 2DIAGNOSTIC,    36, -6.217125692488e-01, 2.791287452494e-06, 0.0000e+00, 0.0000e+00, 
 2DIAGNOSTIC,    37, -6.217124570995e-01, 1.400353750375e-06, 0.0000e+00, 0.0000e+00, 
DIAGNOSTIC,Iteration,metricValue,convergenceValue,ITERATION_TIME_INDEX,SINCE_LAST
 2DIAGNOSTIC,     1, -5.348907575094e-01, 1.797693134862e+308, 0.0000e+00, 0.0000e+00, 
 2DIAGNOSTIC,     2, -5.351791594993e-01, 1.797693134862e+308, 0.0000e+00, 0.0000e+00, 
 2DIAGNOSTIC,     3, -5.353994716968e-01, 1.797693134862e+308, 0.0000e+00, 0.0000e+00, 
 2DIAGNOSTIC,     4, -5.355717491371e-01, 1.797693134862e+308, 0.0000e+00, 0.0000e+00, 
 2DIAGNOSTIC,     5, -5.356289646566e-01, 1.797693134862e+308, 0.0000e+00, 0.0000e+00, 
 2DIAGNOSTIC,     6, -5.359126549240e-01, 1.797693134862e+308, 0.0000e+00, 0.0000e+00, 
 2DIAGNOSTIC,     7, -5.359209353419e-01, 1.797693134862e+308, 0.0000e+00, 0.0000e+00, 
 2DIAGNOSTIC,     8, -5.359146722218e-01, 1.797693134862e+308, 0.0000e+00, 0.0000e+00, 
 2DIAGNOSTIC,     9, -5.359142551164e-01, 1.797693134862e+308, 0.0000e+00, 0.0000e+00, 
 2DIAGNOSTIC,    10, -5.359124891814e-01, 1.217973266469e-04, 0.0000e+00, 0.0000e+00, 
 2DIAGNOSTIC,    11, -5.359130182629e-01, 7.800172411015e-05, 0.0000e+00, 0.0000e+00, 
 2DIAGNOSTIC,    12, -5.359123153640e-01, 4.729383549665e-05, 0.0000e+00, 0.0000e+00, 
 2DIAGNOSTIC,    13, -5.359094894871e-01, 2.617549657118e-05, 0.0000e+00, 0.0000e+00, 
 2DIAGNOSTIC,    14, -5.359081155239e-01, 1.247325182960e-05, 0.0000e+00, 0.0000e+00, 
 2DIAGNOSTIC,    15, -5.359074221437e-01, 1.379119565659e-06, 0.0000e+00, 0.0000e+00, 
 2DIAGNOSTIC,    16, -5.359038089653e-01, 1.014420771231e-06, 0.0000e+00, 0.0000e+00, 
 2DIAGNOSTIC,    17, -5.359030313276e-01, 1.023622348620e-06, 0.0000e+00, 0.0000e+00, 
DIAGNOSTIC,Iteration,metricValue,convergenceValue,ITERATION_TIME_INDEX,SINCE_LAST
 2DIAGNOSTIC,     1, -4.896920571396e-01, 1.797693134862e+308, 0.0000e+00, 0.0000e+00, 
 2DIAGNOSTIC,     2, -4.896981083149e-01, 1.797693134862e+308, 0.0000e+00, 0.0000e+00, 
 2DIAGNOSTIC,     3, -4.896957121987e-01, 1.797693134862e+308, 0.0000e+00, 0.0000e+00, 
 2DIAGNOSTIC,     4, -4.896955223735e-01, 1.797693134862e+308, 0.0000e+00, 0.0000e+00, 
 2DIAGNOSTIC,     5, -4.896954891975e-01, 1.797693134862e+308, 0.0000e+00, 0.0000e+00, 
 2DIAGNOSTIC,     6, -4.896956934651e-01, 1.797693134862e+308, 0.0000e+00, 0.0000e+00, 
 2DIAGNOSTIC,     7, -4.896954847406e-01, 1.797693134862e+308, 0.0000e+00, 0.0000e+00, 
 2DIAGNOSTIC,     8, -4.896953690439e-01, 1.797693134862e+308, 0.0000e+00, 0.0000e+00, 
 2DIAGNOSTIC,     9, -4.896953452868e-01, 1.797693134862e+308, 2.5600e+02, 2.5600e+02, 
 2DIAGNOSTIC,    10, -4.896952841815e-01, 3.209893991718e-06, 2.5600e+02, 0.0000e+00, 
 2DIAGNOSTIC,    11, -4.896952815703e-01, 2.706810208850e-06, 2.5600e+02, 0.0000e+00, 
 2DIAGNOSTIC,    12, -4.896952286650e-01, 2.597130152313e-06, 2.5600e+02, 0.0000e+00, 
 2DIAGNOSTIC,    13, -4.896951979784e-01, 2.400953585183e-06, 2.5600e+02, 0.0000e+00, 
 2DIAGNOSTIC,    14, -4.896950982388e-01, 2.224657779812e-06, 2.5600e+02, 0.0000e+00, 
 2DIAGNOSTIC,    15, -4.896951275947e-01, 2.075420550959e-06, 2.5600e+02, 0.0000e+00, 
 2DIAGNOSTIC,    16, -4.896951549336e-01, 1.957143235545e-06, 2.5600e+02, 0.0000e+00, 
 2DIAGNOSTIC,    17, -4.896951551410e-01, 1.848244801969e-06, 2.5600e+02, 0.0000e+00, 
 2DIAGNOSTIC,    18, -4.896951434536e-01, 1.749228525944e-06, 2.5600e+02, 0.0000e+00, 
 2DIAGNOSTIC,    19, -4.896951434536e-01, 1.661406730052e-06, 2.5600e+02, 0.0000e+00, 
 2DIAGNOSTIC,    20, -4.896951434536e-01, 1.581484292419e-06, 2.5600e+02, 0.0000e+00, 
 2DIAGNOSTIC,    21, -4.896951433591e-01, 1.509658514309e-06, 2.5600e+02, 0.0000e+00, 
 2DIAGNOSTIC,    22, -4.896950525611e-01, 1.440815877454e-06, 2.5600e+02, 0.0000e+00, 
 2DIAGNOSTIC,    23, -4.896950525611e-01, 1.377600149594e-06, 2.5600e+02, 0.0000e+00, 
 2DIAGNOSTIC,    24, -4.896950525611e-01, 1.317497906488e-06, 2.5600e+02, 0.0000e+00, 
 2DIAGNOSTIC,    25, -4.896950620904e-01, 1.263586778114e-06, 2.5600e+02, 0.0000e+00, 
 2DIAGNOSTIC,    26, -4.896950613960e-01, 1.215046135657e-06, 2.5600e+02, 0.0000e+00, 
 2DIAGNOSTIC,    27, -4.896950613960e-01, 1.170750077904e-06, 2.5600e+02, 0.0000e+00, 
 2DIAGNOSTIC,    28, -4.896950613960e-01, 1.129899325387e-06, 2.5600e+02, 0.0000e+00, 
 2DIAGNOSTIC,    29, -4.896950613960e-01, 1.092240189231e-06, 2.5600e+02, 0.0000e+00, 
 2DIAGNOSTIC,    30, -4.896950456136e-01, 1.057030399203e-06, 2.5600e+02, 0.0000e+00, 
 2DIAGNOSTIC,    31, -4.896950456136e-01, 1.024293354010e-06, 2.5600e+02, 0.0000e+00, 
  Elapsed time (stage 0): 2.5600e+02


Total elapsed time: 2.5600e+02
Info [verificarlo]: loaded backend libinterflop_ieee.so
Info [interflop-ieee]: load backend with:
Info [interflop-ieee]: debug = false
Info [interflop-ieee]: debug-binary = false
Info [interflop-ieee]: no-backend-name = false
Info [interflop-ieee]: print-new-line = false
Info [interflop-ieee]: print-subnormal-normalized = false
Info [interflop-ieee]: count-op = false
All_Command_lines_OK
Using double precision for computations.
=============================================================================
The composite transform comprises the following transforms (in order): 
  1. /home/mdugre/scratch/mri-registration-rp/datasets/ds004513/derivatives/mri-registration-rp/0100/antsRegistration-r7-p22/sub-s025/rigid_Composite.h5[0] (type = Euler3DTransform)
  2. /home/mdugre/scratch/mri-registration-rp/datasets/ds004513/derivatives/mri-registration-rp/0100/antsRegistration-r7-p22/sub-s025/rigid_Composite.h5[1] (type = Euler3DTransform)
  3. /home/mdugre/scratch/mri-registration-rp/datasets/ds004513/derivatives/mri-registration-rp/0100/antsRegistration-r7-p22/sub-s025/rigid_Composite.h5[2] (type = Euler3DTransform)
=============================================================================
  number of levels = 4
  fixed image: /templateflow/tpl-MNI152NLin2009cAsym/tpl-MNI152NLin2009cAsym_res-01_desc-brain_T1w.nii.gz
  moving image: /home/mdugre/scratch/mri-registration-rp/datasets/ds004513/derivatives/mri-registration-rp/antsBrainExtraction/sub-s025/BrainExtractionBrain.nii.gz
Dimension = 3
Number of stages = 1
Use histogram matching = false
Winsorize image intensities = true
  Lower quantile = 0.005
  Upper quantile = 0.995


Stage 1 State
   Image metric = MattesMI
     Fixed image = Image (0x465e7e0)
  RTTI typeinfo:   itk::Image<double, 3u>
  Reference Count: 2
  Modified Time: 1594
  Debug: Off
  Object Name: 
  Observers: 
    none
  Source: (none)
  Source output name: (none)
  Release Data: Off
  Data Released: False
  Global Release Data: Off
  PipelineMTime: 0
  UpdateMTime: 1203
  RealTimeStamp: 0 seconds 
  LargestPossibleRegion: 
    Dimension: 3
    Index: [0, 0, 0]
    Size: [193, 229, 193]
  BufferedRegion: 
    Dimension: 3
    Index: [0, 0, 0]
    Size: [193, 229, 193]
  RequestedRegion: 
    Dimension: 3
    Index: [0, 0, 0]
    Size: [193, 229, 193]
  Spacing: [1, 1, 1]
  Origin: [96, 132, -78]
  Direction: 
-1 0 0
0 -1 0
0 0 1

  IndexToPointMatrix: 
-1 0 0
0 -1 0
0 0 1

  PointToIndexMatrix: 
-1 0 0
0 -1 0
0 0 1

  Inverse Direction: 
-1 0 0
0 -1 0
0 0 1

  PixelContainer: 
    ImportImageContainer (0x471ea20)
      RTTI typeinfo:   itk::ImportImageContainer<unsigned long, double>
      Reference Count: 1
      Modified Time: 1200
      Debug: Off
      Object Name: 
      Observers: 
        none
      Pointer: 0x146290bb8010
      Container manages memory: true
      Size: 8530021
      Capacity: 8530021

     Moving image = Image (0x4729840)
  RTTI typeinfo:   itk::Image<double, 3u>
  Reference Count: 2
  Modified Time: 1595
  Debug: Off
  Object Name: 
  Observers: 
    none
  Source: (none)
  Source output name: (none)
  Release Data: Off
  Data Released: False
  Global Release Data: Off
  PipelineMTime: 0
  UpdateMTime: 1592
  RealTimeStamp: 0 seconds 
  LargestPossibleRegion: 
    Dimension: 3
    Index: [0, 0, 0]
    Size: [176, 240, 256]
  BufferedRegion: 
    Dimension: 3
    Index: [0, 0, 0]
    Size: [176, 240, 256]
  RequestedRegion: 
    Dimension: 3
    Index: [0, 0, 0]
    Size: [176, 240, 256]
  Spacing: [0.999999, 1, 1]
  Origin: [90.3778, 84.5091, -154.071]
  Direction: 
-0.999391 7.48184e-06 -0.0348969
-7.47664e-06 -1 -2.7953e-07
-0.0348969 -1.84481e-08 0.999391

  IndexToPointMatrix: 
-0.99939 7.48184e-06 -0.0348969
-7.47663e-06 -1 -2.7953e-07
-0.0348968 -1.84481e-08 0.999391

  PointToIndexMatrix: 
-0.999392 -7.47665e-06 -0.0348969
7.48184e-06 -1 -1.84481e-08
-0.0348969 -2.7953e-07 0.999391

  Inverse Direction: 
-0.999391 -7.47664e-06 -0.0348969
7.48184e-06 -1 -1.84481e-08
-0.0348969 -2.7953e-07 0.999391

  PixelContainer: 
    ImportImageContainer (0x46d1c90)
      RTTI typeinfo:   itk::ImportImageContainer<unsigned long, double>
      Reference Count: 1
      Modified Time: 1589
      Debug: Off
      Object Name: 
      Observers: 
        none
      Pointer: 0x14628b937010
      Container manages memory: true
      Size: 10813440
      Capacity: 10813440

     Weighting = 1
     Sampling strategy = regular
     Number of bins = 32
     Radius = 4
     Sampling percentage  = 0.25
   Transform = Affine
     Gradient step = 0.1
     Update field sigma (voxel space) = 0
     Total field sigma (voxel space) = 0
     Update field time sigma = 0
     Total field time sigma  = 0
     Number of time indices = 0
     Number of time point samples = 0
Registration using 1 total stages.

Stage 0
  iterations = 1000x500x250x100
  convergence threshold = 1e-06
  convergence window size = 10
  number of levels = 4
  using the Mattes MI metric (number of bins = 32, weight = 1, use gradient filter = 0)
  preprocessing:  winsorizing the image intensities
  Shrink factors (level 1 out of 4): [8, 8, 8]
  Shrink factors (level 2 out of 4): [4, 4, 4]
  Shrink factors (level 3 out of 4): [2, 2, 2]
  Shrink factors (level 4 out of 4): [1, 1, 1]
  smoothing sigmas per level: [3, 2, 1, 0]
  regular sampling (percentage = 0.25)

*** Running AffineTransform registration ***

DIAGNOSTIC,Iteration,metricValue,convergenceValue,ITERATION_TIME_INDEX,SINCE_LAST
 2DIAGNOSTIC,     1, -7.477119519222e-01, 1.797693134862e+308, 7.3365e-01, 7.3365e-01, 
 2DIAGNOSTIC,     2, -7.497785163141e-01, 1.797693134862e+308, 7.3935e-01, 5.6980e-03, 
 2DIAGNOSTIC,     3, -7.532110420141e-01, 1.797693134862e+308, 7.4377e-01, 4.4179e-03, 
 2DIAGNOSTIC,     4, -7.594394131845e-01, 1.797693134862e+308, 7.4802e-01, 4.2579e-03, 
 2DIAGNOSTIC,     5, -7.707826717431e-01, 1.797693134862e+308, 7.5229e-01, 4.2660e-03, 
 2DIAGNOSTIC,     6, -7.863855527908e-01, 1.797693134862e+308, 7.5667e-01, 4.3821e-03, 
 2DIAGNOSTIC,     7, -8.180370586210e-01, 1.797693134862e+308, 7.6123e-01, 4.5550e-03, 
 2DIAGNOSTIC,     8, -8.972698633720e-01, 1.797693134862e+308, 7.6690e-01, 5.6670e-03, 
 2DIAGNOSTIC,     9, -9.145236433510e-01, 1.797693134862e+308, 7.7233e-01, 5.4369e-03, 
 2DIAGNOSTIC,    10, -9.180903009821e-01, 1.560140732691e-02, 7.7693e-01, 4.5950e-03, 
 2DIAGNOSTIC,    11, -9.283420389115e-01, 1.558329815739e-02, 7.8202e-01, 5.0919e-03, 
 2DIAGNOSTIC,    12, -9.315474586513e-01, 1.431221631911e-02, 7.8730e-01, 5.2791e-03, 
 2DIAGNOSTIC,    13, -9.344650952151e-01, 1.210864832614e-02, 7.9308e-01, 5.7781e-03, 
 2DIAGNOSTIC,    14, -9.368678579106e-01, 9.364859410063e-03, 7.9919e-01, 6.1162e-03, 
 2DIAGNOSTIC,    15, -9.374768127008e-01, 6.464050773655e-03, 8.0471e-01, 5.5139e-03, 
 2DIAGNOSTIC,    16, -9.377458038580e-01, 3.703360521455e-03, 8.0937e-01, 4.6630e-03, 
 2DIAGNOSTIC,    17, -9.379262313582e-01, 1.533965407841e-03, 8.1466e-01, 5.2900e-03, 
 2DIAGNOSTIC,    18, -9.379924444983e-01, 9.232617142830e-04, 8.2034e-01, 5.6839e-03, 
 2DIAGNOSTIC,    19, -9.377533135006e-01, 5.897075648505e-04, 8.2546e-01, 5.1169e-03, 
 2DIAGNOSTIC,    20, -9.376381189589e-01, 2.901403046813e-04, 8.3027e-01, 4.8060e-03, 
 2DIAGNOSTIC,    21, -9.377120534197e-01, 1.533462557140e-04, 8.3487e-01, 4.6029e-03, 
 2DIAGNOSTIC,    22, -9.378298711685e-01, 6.367496527303e-05, 8.3995e-01, 5.0788e-03, 
 2DIAGNOSTIC,    23, -9.379387294674e-01, 1.802415224027e-05, 8.4505e-01, 5.1050e-03, 
 2DIAGNOSTIC,    24, -9.378531373302e-01, 5.788064986467e-06, 8.4958e-01, 4.5280e-03, 
 2DIAGNOSTIC,    25, -9.378069466220e-01, 1.442555205462e-06, 8.5415e-01, 4.5719e-03, 
 2DIAGNOSTIC,    26, -9.379826155701e-01, 2.819693702596e-06, 8.5872e-01, 4.5669e-03, 
 2DIAGNOSTIC,    27, -9.382397737308e-01, 8.926356131582e-06, 8.6401e-01, 5.2881e-03, 
 2DIAGNOSTIC,    28, -9.385141099641e-01, 1.771108615062e-05, 8.6911e-01, 5.0991e-03, 
 2DIAGNOSTIC,    29, -9.385951653286e-01, 2.262848028137e-05, 8.7418e-01, 5.0709e-03, 
 2DIAGNOSTIC,    30, -9.386564058413e-01, 2.467453303007e-05, 8.8089e-01, 6.7110e-03, 
 2DIAGNOSTIC,    31, -9.383674864429e-01, 2.212129495498e-05, 8.8543e-01, 4.5450e-03, 
 2DIAGNOSTIC,    32, -9.381498976181e-01, 1.675049954868e-05, 8.9050e-01, 5.0709e-03, 
 2DIAGNOSTIC,    33, -9.380218054706e-01, 1.007192863092e-05, 8.9559e-01, 5.0812e-03, 
DIAGNOSTIC,Iteration,metricValue,convergenceValue,ITERATION_TIME_INDEX,SINCE_LAST
 2DIAGNOSTIC,     1, -7.504338011310e-01, 1.797693134862e+308, 1.6366e+00, 7.4099e-01, 
 2DIAGNOSTIC,     2, -7.509020239327e-01, 1.797693134862e+308, 1.6711e+00, 3.4502e-02, 
 2DIAGNOSTIC,     3, -7.514066609990e-01, 1.797693134862e+308, 1.7064e+00, 3.5282e-02, 
 2DIAGNOSTIC,     4, -7.520435372751e-01, 1.797693134862e+308, 1.7407e+00, 3.4345e-02, 
 2DIAGNOSTIC,     5, -7.534778891366e-01, 1.797693134862e+308, 1.7742e+00, 3.3450e-02, 
 2DIAGNOSTIC,     6, -7.542726704286e-01, 1.797693134862e+308, 1.8257e+00, 5.1519e-02, 
 2DIAGNOSTIC,     7, -7.543290955509e-01, 1.797693134862e+308, 1.8642e+00, 3.8528e-02, 
 2DIAGNOSTIC,     8, -7.543603747964e-01, 1.797693134862e+308, 1.8999e+00, 3.5718e-02, 
 2DIAGNOSTIC,     9, -7.543585106835e-01, 1.797693134862e+308, 1.9377e+00, 3.7833e-02, 
 2DIAGNOSTIC,    10, -7.543621600363e-01, 3.889301058033e-04, 1.9749e+00, 3.7161e-02, 
 2DIAGNOSTIC,    11, -7.543482156592e-01, 2.799199537514e-04, 2.0084e+00, 3.3443e-02, 
 2DIAGNOSTIC,    12, -7.543579284505e-01, 1.797050889971e-04, 2.0443e+00, 3.5969e-02, 
 2DIAGNOSTIC,    13, -7.543905118193e-01, 9.485151911615e-05, 2.0796e+00, 3.5259e-02, 
 2DIAGNOSTIC,    14, -7.544614849113e-01, 3.196135716695e-05, 2.1137e+00, 3.4112e-02, 
 2DIAGNOSTIC,    15, -7.545582299542e-01, 1.267948693934e-05, 2.1450e+00, 3.1354e-02, 
 2DIAGNOSTIC,    16, -7.545954727341e-01, 1.439823653480e-05, 2.1851e+00, 4.0011e-02, 
 2DIAGNOSTIC,    17, -7.547442000188e-01, 1.932679065589e-05, 2.2440e+00, 5.8900e-02, 
 2DIAGNOSTIC,    18, -7.546961288100e-01, 2.167580583192e-05, 2.2758e+00, 3.1873e-02, 
 2DIAGNOSTIC,    19, -7.547142401337e-01, 2.229430024136e-05, 2.3090e+00, 3.3174e-02, 
 2DIAGNOSTIC,    20, -7.547025394694e-01, 2.078967433546e-05, 2.3406e+00, 3.1551e-02, 
 2DIAGNOSTIC,    21, -7.547063871360e-01, 1.744979898236e-05, 2.3790e+00, 3.8419e-02, 
 2DIAGNOSTIC,    22, -7.546952448563e-01, 1.288599049777e-05, 2.4114e+00, 3.2442e-02, 
 2DIAGNOSTIC,    23, -7.546559894170e-01, 7.541551268510e-06, 2.4475e+00, 3.6034e-02, 
 2DIAGNOSTIC,    24, -7.546466522054e-01, 3.050733700855e-06, 2.4831e+00, 3.5698e-02, 
DIAGNOSTIC,Iteration,metricValue,convergenceValue,ITERATION_TIME_INDEX,SINCE_LAST
 2DIAGNOSTIC,     1, -6.419819665176e-01, 1.797693134862e+308, 3.5715e+00, 1.0883e+00, 
 2DIAGNOSTIC,     2, -6.424705469962e-01, 1.797693134862e+308, 3.8592e+00, 2.8771e-01, 
 2DIAGNOSTIC,     3, -6.429363715754e-01, 1.797693134862e+308, 4.1509e+00, 2.9178e-01, 
 2DIAGNOSTIC,     4, -6.433629332355e-01, 1.797693134862e+308, 4.4335e+00, 2.8254e-01, 
 2DIAGNOSTIC,     5, -6.441182319872e-01, 1.797693134862e+308, 4.7544e+00, 3.2087e-01, 
 2DIAGNOSTIC,     6, -6.447642808636e-01, 1.797693134862e+308, 5.3567e+00, 6.0232e-01, 
 2DIAGNOSTIC,     7, -6.447543630332e-01, 1.797693134862e+308, 5.6764e+00, 3.1974e-01, 
 2DIAGNOSTIC,     8, -6.447491775141e-01, 1.797693134862e+308, 5.9853e+00, 3.0890e-01, 
 2DIAGNOSTIC,     9, -6.447586853213e-01, 1.797693134862e+308, 6.2557e+00, 2.7042e-01, 
 2DIAGNOSTIC,    10, -6.447685312456e-01, 3.039869319726e-04, 6.5591e+00, 3.0335e-01, 
 2DIAGNOSTIC,    11, -6.447899232758e-01, 2.112476355898e-04, 6.8755e+00, 3.1643e-01, 
 2DIAGNOSTIC,    12, -6.448029325218e-01, 1.338056804363e-04, 7.1414e+00, 2.6592e-01, 
 2DIAGNOSTIC,    13, -6.448437592162e-01, 7.390371887341e-05, 7.4281e+00, 2.8666e-01, 
 2DIAGNOSTIC,    14, -6.448521082727e-01, 2.931691414884e-05, 7.7224e+00, 2.9426e-01, 
 2DIAGNOSTIC,    15, -6.448641444787e-01, 1.023636940317e-05, 8.1034e+00, 3.8104e-01, 
 2DIAGNOSTIC,    16, -6.448632041430e-01, 1.059634891348e-05, 8.3968e+00, 2.9337e-01, 
 2DIAGNOSTIC,    17, -6.448597447496e-01, 9.781774261801e-06, 8.7449e+00, 3.4813e-01, 
 2DIAGNOSTIC,    18, -6.448624683625e-01, 8.259745616190e-06, 9.0990e+00, 3.5412e-01, 
 2DIAGNOSTIC,    19, -6.448620519006e-01, 6.500992305938e-06, 9.3869e+00, 2.8784e-01, 
 2DIAGNOSTIC,    20, -6.448598482464e-01, 4.637683834900e-06, 9.6536e+00, 2.6671e-01, 
 2DIAGNOSTIC,    21, -6.448609470157e-01, 3.147764271863e-06, 9.9640e+00, 3.1042e-01, 
 2DIAGNOSTIC,    22, -6.448562033333e-01, 1.788951845071e-06, 1.0234e+01, 2.7021e-01, 
 2DIAGNOSTIC,    23, -6.448578302268e-01, 1.329898536975e-06, 1.0519e+01, 2.8502e-01, 
 2DIAGNOSTIC,    24, -6.448597540819e-01, 1.093894181591e-06, 1.0812e+01, 2.9298e-01, 
 2DIAGNOSTIC,    25, -6.448606071118e-01, 1.125116993995e-06, 1.1115e+01, 3.0230e-01, 
 2DIAGNOSTIC,    26, -6.448609770787e-01, 1.160871783347e-06, 1.1413e+01, 2.9880e-01, 
 2DIAGNOSTIC,    27, -6.448609293251e-01, 1.142360372866e-06, 1.1696e+01, 2.8311e-01, 
 2DIAGNOSTIC,    28, -6.448598730491e-01, 1.154968913397e-06, 1.1981e+01, 2.8444e-01, 
 2DIAGNOSTIC,    29, -6.448600279973e-01, 1.160898793866e-06, 1.2281e+01, 3.0026e-01, 
 2DIAGNOSTIC,    30, -6.448598355139e-01, 1.123701433750e-06, 1.2591e+01, 3.0973e-01, 
 2DIAGNOSTIC,    31, -6.448586842711e-01, 1.084602023103e-06, 1.2884e+01, 2.9289e-01, 
DIAGNOSTIC,Iteration,metricValue,convergenceValue,ITERATION_TIME_INDEX,SINCE_LAST
 2DIAGNOSTIC,     1, -5.761766785709e-01, 1.797693134862e+308, 1.5640e+01, 2.7559e+00, 
 2DIAGNOSTIC,     2, -5.766321373629e-01, 1.797693134862e+308, 1.7411e+01, 1.7716e+00, 
 2DIAGNOSTIC,     3, -5.771684960513e-01, 1.797693134862e+308, 1.9165e+01, 1.7537e+00, 
