
##########################
# Experiment information #
##########################

EXPERIMENT_NAME: antsRegistration-r8-p7
VFC_BACKENDS: libinterflop_vprec.so --range-binary32=8 --precision-binary32=7 --range-binary64=8 --precision-binary64=7

SIF_IMG: /home/mdugre/projects/rrg-glatard/mdugre/containers/ants-vprec-no_metrics.simg

SUBJECT_ID: s037
INPUT_IMG: /home/mdugre/scratch/mri-registration-rp/datasets/ds004513/derivatives/mri-registration-rp/antsBrainExtraction/sub-s037/BrainExtractionBrain.nii.gz
OUTPUT_DIR: /home/mdugre/scratch/mri-registration-rp/datasets/ds004513/derivatives/mri-registration-rp/0100/antsRegistration-r8-p7/sub-s037

FIXED_IMG: /templateflow/tpl-MNI152NLin2009cAsym/tpl-MNI152NLin2009cAsym_res-01_desc-brain_T1w.nii.gz
DATA_DIR: /home/mdugre/scratch/mri-registration-rp/datasets/ds004513
TEMPLATEFLOW_DIR: /home/mdugre/projects/rrg-glatard/mdugre/templateflow
ITK_GLOBAL_DEFAULT_NUMBER_OF_THREADS: 16
##########################

Info [verificarlo]: loaded backend libinterflop_ieee.so
Info [interflop-ieee]: load backend with:
Info [interflop-ieee]: debug = false
Info [interflop-ieee]: debug-binary = false
Info [interflop-ieee]: no-backend-name = false
Info [interflop-ieee]: print-new-line = false
Info [interflop-ieee]: print-subnormal-normalized = false
Info [interflop-ieee]: count-op = false
All_Command_lines_OK
Using double precision for computations.
=============================================================================
The composite transform comprises the following transforms (in order): 
  1. Center of mass alignment using fixed image: /templateflow/tpl-MNI152NLin2009cAsym/tpl-MNI152NLin2009cAsym_res-01_desc-brain_T1w.nii.gz and moving image: /home/mdugre/scratch/mri-registration-rp/datasets/ds004513/derivatives/mri-registration-rp/antsBrainExtraction/sub-s037/BrainExtractionBrain.nii.gz (type = Euler3DTransform)
=============================================================================
  number of levels = 1
  fixed image: /templateflow/tpl-MNI152NLin2009cAsym/tpl-MNI152NLin2009cAsym_res-01_desc-brain_T1w.nii.gz
  moving image: /home/mdugre/scratch/mri-registration-rp/datasets/ds004513/derivatives/mri-registration-rp/antsBrainExtraction/sub-s037/BrainExtractionBrain.nii.gz
Dimension = 3
Number of stages = 1
Use histogram matching = false
Winsorize image intensities = true
  Lower quantile = 0.005
  Upper quantile = 0.995


Stage 1 State
   Image metric = MattesMI
     Fixed image = Image (0x32f8bd0)
  RTTI typeinfo:   itk::Image<double, 3u>
  Reference Count: 2
  Modified Time: 2330
  Debug: Off
  Object Name: 
  Observers: 
    none
  Source: (none)
  Source output name: (none)
  Release Data: Off
  Data Released: False
  Global Release Data: Off
  PipelineMTime: 0
  UpdateMTime: 1941
  RealTimeStamp: 0 seconds 
  LargestPossibleRegion: 
    Dimension: 3
    Index: [0, 0, 0]
    Size: [193, 229, 193]
  BufferedRegion: 
    Dimension: 3
    Index: [0, 0, 0]
    Size: [193, 229, 193]
  RequestedRegion: 
    Dimension: 3
    Index: [0, 0, 0]
    Size: [193, 229, 193]
  Spacing: [1, 1, 1]
  Origin: [96, 132, -78]
  Direction: 
-1 0 0
0 -1 0
0 0 1

  IndexToPointMatrix: 
-1 0 0
0 -1 0
0 0 1

  PointToIndexMatrix: 
-1 0 0
0 -1 0
0 0 1

  Inverse Direction: 
-1 0 0
0 -1 0
0 0 1

  PixelContainer: 
    ImportImageContainer (0x33019e0)
      RTTI typeinfo:   itk::ImportImageContainer<unsigned long, double>
      Reference Count: 1
      Modified Time: 1938
      Debug: Off
      Object Name: 
      Observers: 
        none
      Pointer: 0x145ce58b0010
      Container manages memory: true
      Size: 8530021
      Capacity: 8530021

     Moving image = Image (0x3302d40)
  RTTI typeinfo:   itk::Image<double, 3u>
  Reference Count: 2
  Modified Time: 2331
  Debug: Off
  Object Name: 
  Observers: 
    none
  Source: (none)
  Source output name: (none)
  Release Data: Off
  Data Released: False
  Global Release Data: Off
  PipelineMTime: 0
  UpdateMTime: 2328
  RealTimeStamp: 0 seconds 
  LargestPossibleRegion: 
    Dimension: 3
    Index: [0, 0, 0]
    Size: [160, 240, 256]
  BufferedRegion: 
    Dimension: 3
    Index: [0, 0, 0]
    Size: [160, 240, 256]
  RequestedRegion: 
    Dimension: 3
    Index: [0, 0, 0]
    Size: [160, 240, 256]
  Spacing: [1, 1, 1]
  Origin: [87.9508, 102.562, -147.639]
  Direction: 
-0.998659 -0.0436121 -0.0279129
0.043595 -0.999049 0.00121847
-0.0279395 -2.65543e-08 0.99961

  IndexToPointMatrix: 
-0.998659 -0.0436121 -0.0279129
0.043595 -0.999049 0.00121847
-0.0279395 -2.65543e-08 0.99961

  PointToIndexMatrix: 
-0.998659 0.043595 -0.0279395
-0.0436121 -0.999049 -2.65517e-08
-0.0279129 0.00121847 0.99961

  Inverse Direction: 
-0.998659 0.043595 -0.0279395
-0.0436121 -0.999049 -2.65517e-08
-0.0279129 0.00121847 0.99961

  PixelContainer: 
    ImportImageContainer (0x3328850)
      RTTI typeinfo:   itk::ImportImageContainer<unsigned long, double>
      Reference Count: 1
      Modified Time: 2325
      Debug: Off
      Object Name: 
      Observers: 
        none
      Pointer: 0x145ce0daf010
      Container manages memory: true
      Size: 9830400
      Capacity: 9830400

     Weighting = 1
     Sampling strategy = regular
     Number of bins = 32
     Radius = 4
     Sampling percentage  = 0.25
   Transform = Rigid
     Gradient step = 0.1
     Update field sigma (voxel space) = 0
     Total field sigma (voxel space) = 0
     Update field time sigma = 0
     Total field time sigma  = 0
     Number of time indices = 0
     Number of time point samples = 0
Registration using 1 total stages.

Stage 0
  iterations = 0
  convergence threshold = 1e-06
  convergence window size = 10
  number of levels = 1
  using the Mattes MI metric (number of bins = 32, weight = 1, use gradient filter = 0)
  preprocessing:  winsorizing the image intensities
  Shrink factors (level 1 out of 1): [1, 1, 1]
  smoothing sigmas per level: [0]
  regular sampling (percentage = 0.25)

*** Running Euler3DTransform registration ***

  Elapsed time (stage 0): 1.15223


Total elapsed time: 1.15454
Info [verificarlo]: loaded backend libinterflop_vprec.so
Info [interflop-vprec]: load backend with: 
Info [interflop-vprec]: precision-binary32 = 7
Info [interflop-vprec]: range-binary32 = 8
Info [interflop-vprec]: precision-binary64 = 7
Info [interflop-vprec]: range-binary64 = 8
Info [interflop-vprec]: mode = ob
Info [interflop-vprec]: error-mode = rel
Info [interflop-vprec]: max-abs-error-exponent = -1022
Info [interflop-vprec]: daz = false
Info [interflop-vprec]: ftz = false
Info [interflop-vprec]: 	instrument = none
Info [interflop-vprec]: 	prec-input-file = (null)
Info [interflop-vprec]: 	prec-output-file = (null)
Info [interflop-vprec]: 	prec-log-file = (null)
All_Command_lines_OK
Using double precision for computations.
=============================================================================
The composite transform comprises the following transforms (in order): 
  1. /home/mdugre/scratch/mri-registration-rp/datasets/ds004513/derivatives/mri-registration-rp/0100/antsRegistration-r8-p7/sub-s037/align_Composite.h5[0] (type = Euler3DTransform)
  2. /home/mdugre/scratch/mri-registration-rp/datasets/ds004513/derivatives/mri-registration-rp/0100/antsRegistration-r8-p7/sub-s037/align_Composite.h5[1] (type = Euler3DTransform)
=============================================================================
  number of levels = 4
  fixed image: /templateflow/tpl-MNI152NLin2009cAsym/tpl-MNI152NLin2009cAsym_res-01_desc-brain_T1w.nii.gz
  moving image: /home/mdugre/scratch/mri-registration-rp/datasets/ds004513/derivatives/mri-registration-rp/antsBrainExtraction/sub-s037/BrainExtractionBrain.nii.gz
Dimension = 3
Number of stages = 1
Use histogram matching = false
Winsorize image intensities = true
  Lower quantile = 0.005
  Upper quantile = 0.995


Stage 1 State
   Image metric = MattesMI
     Fixed image = Image (0x38f71e0)
  RTTI typeinfo:   itk::Image<double, 3u>
  Reference Count: 2
  Modified Time: 1578
  Debug: Off
  Object Name: 
  Observers: 
    none
  Source: (none)
  Source output name: (none)
  Release Data: Off
  Data Released: False
  Global Release Data: Off
  PipelineMTime: 0
  UpdateMTime: 1189
  RealTimeStamp: 0 seconds 
  LargestPossibleRegion: 
    Dimension: 3
    Index: [0, 0, 0]
    Size: [193, 229, 193]
  BufferedRegion: 
    Dimension: 3
    Index: [0, 0, 0]
    Size: [193, 229, 193]
  RequestedRegion: 
    Dimension: 3
    Index: [0, 0, 0]
    Size: [193, 229, 193]
  Spacing: [1, 1, 1]
  Origin: [96, 132, -78]
  Direction: 
-1 0 0
0 -1 0
0 0 1

  IndexToPointMatrix: 
-1 0 0
0 -1 0
0 0 1

  PointToIndexMatrix: 
-1 0 0
0 -1 0
0 0 1

  Inverse Direction: 
-1 0 0
0 -1 0
0 0 1

  PixelContainer: 
    ImportImageContainer (0x39b6680)
      RTTI typeinfo:   itk::ImportImageContainer<unsigned long, double>
      Reference Count: 1
      Modified Time: 1186
      Debug: Off
      Object Name: 
      Observers: 
        none
      Pointer: 0x14c9c5103010
      Container manages memory: true
      Size: 8530021
      Capacity: 8530021

     Moving image = Image (0x39b2b20)
  RTTI typeinfo:   itk::Image<double, 3u>
  Reference Count: 2
  Modified Time: 1579
  Debug: Off
  Object Name: 
  Observers: 
    none
  Source: (none)
  Source output name: (none)
  Release Data: Off
  Data Released: False
  Global Release Data: Off
  PipelineMTime: 0
  UpdateMTime: 1576
  RealTimeStamp: 0 seconds 
  LargestPossibleRegion: 
    Dimension: 3
    Index: [0, 0, 0]
    Size: [160, 240, 256]
  BufferedRegion: 
    Dimension: 3
    Index: [0, 0, 0]
    Size: [160, 240, 256]
  RequestedRegion: 
    Dimension: 3
    Index: [0, 0, 0]
    Size: [160, 240, 256]
  Spacing: [1, 1, 1]
  Origin: [88, 102.5, -148]
  Direction: 
-1 -0.0437012 -0.0279541
0.0437012 -1 0.0012207
-0.0279541 0 1

  IndexToPointMatrix: 
-1 -0.0437012 -0.0279541
0.0437012 -1 0.0012207
-0.0279541 0 1

  PointToIndexMatrix: 
-1 0.0437012 -0.0279541
-0.0437012 -1 0
-0.0279541 0.0012207 1

  Inverse Direction: 
-1 0.0437012 -0.0279541
-0.0437012 -1 0
-0.0279541 0.0012207 1

  PixelContainer: 
    ImportImageContainer (0x3a1bd50)
      RTTI typeinfo:   itk::ImportImageContainer<unsigned long, double>
      Reference Count: 1
      Modified Time: 1573
      Debug: Off
      Object Name: 
      Observers: 
        none
      Pointer: 0x14c9c0602010
      Container manages memory: true
      Size: 9830400
      Capacity: 9830400

     Weighting = 1
     Sampling strategy = regular
     Number of bins = 32
     Radius = 4
     Sampling percentage  = 0.25
   Transform = Rigid
     Gradient step = 0.1
     Update field sigma (voxel space) = 0
     Total field sigma (voxel space) = 0
     Update field time sigma = 0
     Total field time sigma  = 0
     Number of time indices = 0
     Number of time point samples = 0
Registration using 1 total stages.

Stage 0
  iterations = 1000x500x250x100
  convergence threshold = 1e-06
  convergence window size = 10
  number of levels = 4
  using the Mattes MI metric (number of bins = 32, weight = 1, use gradient filter = 0)
  preprocessing:  winsorizing the image intensities
  Shrink factors (level 1 out of 4): [8, 8, 8]
  Shrink factors (level 2 out of 4): [4, 4, 4]
  Shrink factors (level 3 out of 4): [2, 2, 2]
  Shrink factors (level 4 out of 4): [1, 1, 1]
  smoothing sigmas per level: [3, 2, 1, 0]
  regular sampling (percentage = 0.25)

*** Running Euler3DTransform registration ***

DIAGNOSTIC,Iteration,metricValue,convergenceValue,ITERATION_TIME_INDEX,SINCE_LAST
 2DIAGNOSTIC,     1, -4.427241453685e-01, 1.797693134862e+308, 0.0000e+00, 0.0000e+00, 
 2DIAGNOSTIC,     2, -4.428548026347e-01, 1.797693134862e+308, 0.0000e+00, 0.0000e+00, 
 2DIAGNOSTIC,     3, -4.428564155694e-01, 1.797693134862e+308, 0.0000e+00, 0.0000e+00, 
 2DIAGNOSTIC,     4, -4.428564155635e-01, 1.797693134862e+308, 0.0000e+00, 0.0000e+00, 
 2DIAGNOSTIC,     5, -4.428192985352e-01, 1.797693134862e+308, 0.0000e+00, 0.0000e+00, 
 2DIAGNOSTIC,     6, -4.427595385519e-01, 1.797693134862e+308, 0.0000e+00, 0.0000e+00, 
 2DIAGNOSTIC,     7, -4.427733766928e-01, 1.797693134862e+308, 0.0000e+00, 0.0000e+00, 
 2DIAGNOSTIC,     8, -4.427733766190e-01, 1.797693134862e+308, 0.0000e+00, 0.0000e+00, 
 2DIAGNOSTIC,     9, -4.427199145900e-01, 1.797693134862e+308, 0.0000e+00, 0.0000e+00, 
DIAGNOSTIC,Iteration,metricValue,convergenceValue,ITERATION_TIME_INDEX,SINCE_LAST
 2DIAGNOSTIC,     1, -3.599156580729e-01, 1.797693134862e+308, 0.0000e+00, 0.0000e+00, 
 2DIAGNOSTIC,     2, -3.603436999794e-01, 1.797693134862e+308, 0.0000e+00, 0.0000e+00, 
 2DIAGNOSTIC,     3, -3.608852138284e-01, 1.797693134862e+308, 0.0000e+00, 0.0000e+00, 
 2DIAGNOSTIC,     4, -3.623156298585e-01, 1.797693134862e+308, 0.0000e+00, 0.0000e+00, 
 2DIAGNOSTIC,     5, -3.626845865413e-01, 1.797693134862e+308, 0.0000e+00, 0.0000e+00, 
 2DIAGNOSTIC,     6, -3.642802737617e-01, 1.797693134862e+308, 0.0000e+00, 0.0000e+00, 
 2DIAGNOSTIC,     7, -3.686308313396e-01, 1.797693134862e+308, 0.0000e+00, 0.0000e+00, 
 2DIAGNOSTIC,     8, -3.698412033340e-01, 1.797693134862e+308, 0.0000e+00, 0.0000e+00, 
 2DIAGNOSTIC,     9, -3.708498550752e-01, 1.797693134862e+308, 0.0000e+00, 0.0000e+00, 
 2DIAGNOSTIC,    10, -3.735116542608e-01, 2.508468213511e-03, 0.0000e+00, 0.0000e+00, 
 2DIAGNOSTIC,    11, -3.792394353700e-01, 2.814637422334e-03, 0.0000e+00, 0.0000e+00, 
 2DIAGNOSTIC,    12, -3.915659027275e-01, 3.615706338516e-03, 0.0000e+00, 0.0000e+00, 
 2DIAGNOSTIC,    13, -4.076953809460e-01, 4.910844313920e-03, 0.0000e+00, 0.0000e+00, 
 2DIAGNOSTIC,    14, -4.454839494464e-01, 7.622076606448e-03, 0.0000e+00, 0.0000e+00, 
 2DIAGNOSTIC,    15, -4.809125574079e-01, 1.089714869549e-02, 0.0000e+00, 0.0000e+00, 
 2DIAGNOSTIC,    16, -4.797303222519e-01, 1.267948757783e-02, 0.0000e+00, 0.0000e+00, 
 2DIAGNOSTIC,    17, -4.799005282786e-01, 1.327949554790e-02, 0.0000e+00, 0.0000e+00, 
 2DIAGNOSTIC,    18, -4.827862470168e-01, 1.275084753326e-02, 0.0000e+00, 0.0000e+00, 
 2DIAGNOSTIC,    19, -4.821094211282e-01, 1.110714667843e-02, 0.0000e+00, 0.0000e+00, 
 2DIAGNOSTIC,    20, -4.846223832786e-01, 8.799590106724e-03, 0.0000e+00, 0.0000e+00, 
 2DIAGNOSTIC,    21, -4.872492609227e-01, 6.218422279175e-03, 0.0000e+00, 0.0000e+00, 
 2DIAGNOSTIC,    22, -4.872492609227e-01, 3.734848056176e-03, 0.0000e+00, 0.0000e+00, 
 2DIAGNOSTIC,    23, -4.872492609227e-01, 1.611914327359e-03, 0.0000e+00, 0.0000e+00, 
 2DIAGNOSTIC,    24, -4.872492609227e-01, 5.770970272906e-04, 0.0000e+00, 0.0000e+00, 
 2DIAGNOSTIC,    25, -4.872492609227e-01, 5.330156807502e-04, 0.0000e+00, 0.0000e+00, 
 2DIAGNOSTIC,    26, -4.872492609227e-01, 4.117452485537e-04, 0.0000e+00, 0.0000e+00, 
 2DIAGNOSTIC,    27, -4.872492609227e-01, 2.648671196826e-04, 0.0000e+00, 0.0000e+00, 
 2DIAGNOSTIC,    28, -4.872492609227e-01, 1.750005694145e-04, 0.0000e+00, 0.0000e+00, 
 2DIAGNOSTIC,    29, -4.872492609227e-01, 5.939859526961e-05, 0.0000e+00, 0.0000e+00, 
DIAGNOSTIC,Iteration,metricValue,convergenceValue,ITERATION_TIME_INDEX,SINCE_LAST
 2DIAGNOSTIC,     1, -4.246467662807e-01, 1.797693134862e+308, 0.0000e+00, 0.0000e+00, 
 2DIAGNOSTIC,     2, -4.246467662807e-01, 1.797693134862e+308, 0.0000e+00, 0.0000e+00, 
 2DIAGNOSTIC,     3, -4.246467662807e-01, 1.797693134862e+308, 0.0000e+00, 0.0000e+00, 
 2DIAGNOSTIC,     4, -4.246467662807e-01, 1.797693134862e+308, 0.0000e+00, 0.0000e+00, 
 2DIAGNOSTIC,     5, -4.246467662807e-01, 1.797693134862e+308, 0.0000e+00, 0.0000e+00, 
 2DIAGNOSTIC,     6, -4.246467662807e-01, 1.797693134862e+308, 0.0000e+00, 0.0000e+00, 
 2DIAGNOSTIC,     7, -4.246467662807e-01, 1.797693134862e+308, 0.0000e+00, 0.0000e+00, 
 2DIAGNOSTIC,     8, -4.246467662807e-01, 1.797693134862e+308, 0.0000e+00, 0.0000e+00, 
 2DIAGNOSTIC,     9, -4.246467662807e-01, 1.797693134862e+308, 0.0000e+00, 0.0000e+00, 
DIAGNOSTIC,Iteration,metricValue,convergenceValue,ITERATION_TIME_INDEX,SINCE_LAST
 2DIAGNOSTIC,     1, -3.888972552129e-01, 1.797693134862e+308, 0.0000e+00, 0.0000e+00, 
 2DIAGNOSTIC,     2, -3.889829827889e-01, 1.797693134862e+308, 0.0000e+00, 0.0000e+00, 
 2DIAGNOSTIC,     3, -3.890536386635e-01, 1.797693134862e+308, 0.0000e+00, 0.0000e+00, 
 2DIAGNOSTIC,     4, -3.890937255980e-01, 1.797693134862e+308, 0.0000e+00, 0.0000e+00, 
 2DIAGNOSTIC,     5, -3.890937255980e-01, 1.797693134862e+308, 0.0000e+00, 0.0000e+00, 
 2DIAGNOSTIC,     6, -3.890937255980e-01, 1.797693134862e+308, 0.0000e+00, 0.0000e+00, 
 2DIAGNOSTIC,     7, -3.890937255980e-01, 1.797693134862e+308, 0.0000e+00, 0.0000e+00, 
 2DIAGNOSTIC,     8, -3.890937255980e-01, 1.797693134862e+308, 0.0000e+00, 0.0000e+00, 
 2DIAGNOSTIC,     9, -3.890937255980e-01, 1.797693134862e+308, 0.0000e+00, 0.0000e+00, 
 2DIAGNOSTIC,    10, -3.890937255980e-01, 2.345603682209e-05, 0.0000e+00, 0.0000e+00, 
 2DIAGNOSTIC,    11, -3.890937255980e-01, 9.671535118175e-06, 0.0000e+00, 0.0000e+00, 
 2DIAGNOSTIC,    12, -3.890937255980e-01, 2.437069405073e-06, 0.0000e+00, 0.0000e+00, 
  Elapsed time (stage 0): 0.0000e+00


Total elapsed time: 0.0000e+00
Info [verificarlo]: loaded backend libinterflop_ieee.so
Info [interflop-ieee]: load backend with:
Info [interflop-ieee]: debug = false
Info [interflop-ieee]: debug-binary = false
Info [interflop-ieee]: no-backend-name = false
Info [interflop-ieee]: print-new-line = false
Info [interflop-ieee]: print-subnormal-normalized = false
Info [interflop-ieee]: count-op = false
All_Command_lines_OK
Using double precision for computations.
=============================================================================
The composite transform comprises the following transforms (in order): 
  1. /home/mdugre/scratch/mri-registration-rp/datasets/ds004513/derivatives/mri-registration-rp/0100/antsRegistration-r8-p7/sub-s037/rigid_Composite.h5[0] (type = Euler3DTransform)
  2. /home/mdugre/scratch/mri-registration-rp/datasets/ds004513/derivatives/mri-registration-rp/0100/antsRegistration-r8-p7/sub-s037/rigid_Composite.h5[1] (type = Euler3DTransform)
  3. /home/mdugre/scratch/mri-registration-rp/datasets/ds004513/derivatives/mri-registration-rp/0100/antsRegistration-r8-p7/sub-s037/rigid_Composite.h5[2] (type = Euler3DTransform)
=============================================================================
  number of levels = 4
  fixed image: /templateflow/tpl-MNI152NLin2009cAsym/tpl-MNI152NLin2009cAsym_res-01_desc-brain_T1w.nii.gz
  moving image: /home/mdugre/scratch/mri-registration-rp/datasets/ds004513/derivatives/mri-registration-rp/antsBrainExtraction/sub-s037/BrainExtractionBrain.nii.gz
Dimension = 3
Number of stages = 1
Use histogram matching = false
Winsorize image intensities = true
  Lower quantile = 0.005
  Upper quantile = 0.995


Stage 1 State
   Image metric = MattesMI
     Fixed image = Image (0x43f9530)
  RTTI typeinfo:   itk::Image<double, 3u>
  Reference Count: 2
  Modified Time: 1592
  Debug: Off
  Object Name: 
  Observers: 
    none
  Source: (none)
  Source output name: (none)
  Release Data: Off
  Data Released: False
  Global Release Data: Off
  PipelineMTime: 0
  UpdateMTime: 1203
  RealTimeStamp: 0 seconds 
  LargestPossibleRegion: 
    Dimension: 3
    Index: [0, 0, 0]
    Size: [193, 229, 193]
  BufferedRegion: 
    Dimension: 3
    Index: [0, 0, 0]
    Size: [193, 229, 193]
  RequestedRegion: 
    Dimension: 3
    Index: [0, 0, 0]
    Size: [193, 229, 193]
  Spacing: [1, 1, 1]
  Origin: [96, 132, -78]
  Direction: 
-1 0 0
0 -1 0
0 0 1

  IndexToPointMatrix: 
-1 0 0
0 -1 0
0 0 1

  PointToIndexMatrix: 
-1 0 0
0 -1 0
0 0 1

  Inverse Direction: 
-1 0 0
0 -1 0
0 0 1

  PixelContainer: 
    ImportImageContainer (0x44062b0)
      RTTI typeinfo:   itk::ImportImageContainer<unsigned long, double>
      Reference Count: 1
      Modified Time: 1200
      Debug: Off
      Object Name: 
      Observers: 
        none
      Pointer: 0x148d62b22010
      Container manages memory: true
      Size: 8530021
      Capacity: 8530021

     Moving image = Image (0x44b4fd0)
  RTTI typeinfo:   itk::Image<double, 3u>
  Reference Count: 2
  Modified Time: 1593
  Debug: Off
  Object Name: 
  Observers: 
    none
  Source: (none)
  Source output name: (none)
  Release Data: Off
  Data Released: False
  Global Release Data: Off
  PipelineMTime: 0
  UpdateMTime: 1590
  RealTimeStamp: 0 seconds 
  LargestPossibleRegion: 
    Dimension: 3
    Index: [0, 0, 0]
    Size: [160, 240, 256]
  BufferedRegion: 
    Dimension: 3
    Index: [0, 0, 0]
    Size: [160, 240, 256]
  RequestedRegion: 
    Dimension: 3
    Index: [0, 0, 0]
    Size: [160, 240, 256]
  Spacing: [1, 1, 1]
  Origin: [87.9508, 102.562, -147.639]
  Direction: 
-0.998659 -0.0436121 -0.0279129
0.043595 -0.999049 0.00121847
-0.0279395 -2.65543e-08 0.99961

  IndexToPointMatrix: 
-0.998659 -0.0436121 -0.0279129
0.043595 -0.999049 0.00121847
-0.0279395 -2.65543e-08 0.99961

  PointToIndexMatrix: 
-0.998659 0.043595 -0.0279395
-0.0436121 -0.999049 -2.65517e-08
-0.0279129 0.00121847 0.99961

  Inverse Direction: 
-0.998659 0.043595 -0.0279395
-0.0436121 -0.999049 -2.65517e-08
-0.0279129 0.00121847 0.99961

  PixelContainer: 
    ImportImageContainer (0x44cc990)
      RTTI typeinfo:   itk::ImportImageContainer<unsigned long, double>
      Reference Count: 1
      Modified Time: 1587
      Debug: Off
      Object Name: 
      Observers: 
        none
      Pointer: 0x148d5e021010
      Container manages memory: true
      Size: 9830400
      Capacity: 9830400

     Weighting = 1
     Sampling strategy = regular
     Number of bins = 32
     Radius = 4
     Sampling percentage  = 0.25
   Transform = Affine
     Gradient step = 0.1
     Update field sigma (voxel space) = 0
     Total field sigma (voxel space) = 0
     Update field time sigma = 0
     Total field time sigma  = 0
     Number of time indices = 0
     Number of time point samples = 0
Registration using 1 total stages.

Stage 0
  iterations = 1000x500x250x100
  convergence threshold = 1e-06
  convergence window size = 10
  number of levels = 4
  using the Mattes MI metric (number of bins = 32, weight = 1, use gradient filter = 0)
  preprocessing:  winsorizing the image intensities
  Shrink factors (level 1 out of 4): [8, 8, 8]
  Shrink factors (level 2 out of 4): [4, 4, 4]
  Shrink factors (level 3 out of 4): [2, 2, 2]
  Shrink factors (level 4 out of 4): [1, 1, 1]
  smoothing sigmas per level: [3, 2, 1, 0]
  regular sampling (percentage = 0.25)

*** Running AffineTransform registration ***

DIAGNOSTIC,Iteration,metricValue,convergenceValue,ITERATION_TIME_INDEX,SINCE_LAST
 2DIAGNOSTIC,     1, -5.886859686062e-01, 1.797693134862e+308, 8.0960e-01, 8.0960e-01, 
 2DIAGNOSTIC,     2, -5.899741312080e-01, 1.797693134862e+308, 8.1498e-01, 5.3861e-03, 
 2DIAGNOSTIC,     3, -5.919113920150e-01, 1.797693134862e+308, 8.2145e-01, 6.4662e-03, 
 2DIAGNOSTIC,     4, -5.949819466787e-01, 1.797693134862e+308, 8.2804e-01, 6.5861e-03, 
 2DIAGNOSTIC,     5, -6.004181424641e-01, 1.797693134862e+308, 8.3370e-01, 5.6598e-03, 
 2DIAGNOSTIC,     6, -6.105715099860e-01, 1.797693134862e+308, 8.4063e-01, 6.9358e-03, 
 2DIAGNOSTIC,     7, -6.318869342329e-01, 1.797693134862e+308, 8.4855e-01, 7.9219e-03, 
 2DIAGNOSTIC,     8, -6.645798615568e-01, 1.797693134862e+308, 8.5958e-01, 1.1021e-02, 
 2DIAGNOSTIC,     9, -6.658581311045e-01, 1.797693134862e+308, 8.6581e-01, 6.2330e-03, 
 2DIAGNOSTIC,    10, -6.699893113908e-01, 9.960453191922e-03, 8.7145e-01, 5.6431e-03, 
 2DIAGNOSTIC,    11, -6.766925507038e-01, 9.833481784766e-03, 8.7790e-01, 6.4490e-03, 
 2DIAGNOSTIC,    12, -6.879398138537e-01, 9.289508181563e-03, 8.8468e-01, 6.7799e-03, 
 2DIAGNOSTIC,    13, -6.952019819922e-01, 8.289637944300e-03, 8.9098e-01, 6.2950e-03, 
 2DIAGNOSTIC,    14, -7.050140963899e-01, 7.103862046453e-03, 8.9659e-01, 5.6162e-03, 
 2DIAGNOSTIC,    15, -7.114970225151e-01, 5.804347682818e-03, 9.0764e-01, 1.1045e-02, 
 2DIAGNOSTIC,    16, -7.149806718228e-01, 4.516640215036e-03, 9.1328e-01, 5.6410e-03, 
 2DIAGNOSTIC,    17, -7.164546639868e-01, 3.539148257445e-03, 9.1967e-01, 6.3941e-03, 
 2DIAGNOSTIC,    18, -7.180141146681e-01, 3.177881698532e-03, 9.2586e-01, 6.1929e-03, 
 2DIAGNOSTIC,    19, -7.187946107544e-01, 2.610568024402e-03, 9.3500e-01, 9.1341e-03, 
 2DIAGNOSTIC,    20, -7.191660457669e-01, 1.958061031273e-03, 9.4268e-01, 7.6780e-03, 
 2DIAGNOSTIC,    21, -7.191831065503e-01, 1.324779703305e-03, 9.5013e-01, 7.4499e-03, 
 2DIAGNOSTIC,    22, -7.192103876712e-01, 8.479199152887e-04, 9.5900e-01, 8.8751e-03, 
 2DIAGNOSTIC,    23, -7.192720833444e-01, 4.682451285805e-04, 9.6723e-01, 8.2240e-03, 
 2DIAGNOSTIC,    24, -7.193332822560e-01, 2.500338633608e-04, 9.7602e-01, 8.7960e-03, 
 2DIAGNOSTIC,    25, -7.192495744369e-01, 1.338460216149e-04, 9.8339e-01, 7.3731e-03, 
 2DIAGNOSTIC,    26, -7.189677269582e-01, 6.633578207099e-05, 9.9097e-01, 7.5788e-03, 
 2DIAGNOSTIC,    27, -7.188892495692e-01, 1.934097785756e-05, 9.9728e-01, 6.3069e-03, 
DIAGNOSTIC,Iteration,metricValue,convergenceValue,ITERATION_TIME_INDEX,SINCE_LAST
 2DIAGNOSTIC,     1, -5.893569916597e-01, 1.797693134862e+308, 1.8155e+00, 8.1819e-01, 
 2DIAGNOSTIC,     2, -5.898776088912e-01, 1.797693134862e+308, 1.8584e+00, 4.2977e-02, 
 2DIAGNOSTIC,     3, -5.906588466233e-01, 1.797693134862e+308, 1.8984e+00, 3.9973e-02, 
 2DIAGNOSTIC,     4, -5.916392974985e-01, 1.797693134862e+308, 1.9384e+00, 3.9939e-02, 
 2DIAGNOSTIC,     5, -5.926270194605e-01, 1.797693134862e+308, 1.9791e+00, 4.0759e-02, 
 2DIAGNOSTIC,     6, -5.936132458824e-01, 1.797693134862e+308, 2.0189e+00, 3.9748e-02, 
 2DIAGNOSTIC,     7, -5.950679591258e-01, 1.797693134862e+308, 2.0628e+00, 4.3944e-02, 
 2DIAGNOSTIC,     8, -5.970278728532e-01, 1.797693134862e+308, 2.1140e+00, 5.1186e-02, 
 2DIAGNOSTIC,     9, -5.976335910326e-01, 1.797693134862e+308, 2.1561e+00, 4.2079e-02, 
 2DIAGNOSTIC,    10, -5.987245792132e-01, 1.074612569626e-03, 2.2099e+00, 5.3854e-02, 
 2DIAGNOSTIC,    11, -5.989816039838e-01, 9.880835041257e-04, 2.2532e+00, 4.3257e-02, 
 2DIAGNOSTIC,    12, -5.991801003497e-01, 8.558588313999e-04, 2.2948e+00, 4.1635e-02, 
 2DIAGNOSTIC,    13, -5.995122868741e-01, 7.070763755247e-04, 2.3388e+00, 4.3969e-02, 
 2DIAGNOSTIC,    14, -6.005105063034e-01, 5.825577945583e-04, 2.4095e+00, 7.0723e-02, 
 2DIAGNOSTIC,    15, -6.005211884022e-01, 4.528988966049e-04, 2.4535e+00, 4.4002e-02, 
 2DIAGNOSTIC,    16, -6.004919385089e-01, 3.267731060856e-04, 2.4970e+00, 4.3464e-02, 
 2DIAGNOSTIC,    17, -6.004796832524e-01, 2.256077796906e-04, 2.5410e+00, 4.4039e-02, 
 2DIAGNOSTIC,    18, -6.004719794945e-01, 1.665138318007e-04, 2.5845e+00, 4.3446e-02, 
 2DIAGNOSTIC,    19, -6.004562557386e-01, 1.121208567434e-04, 2.6322e+00, 4.7709e-02, 
 2DIAGNOSTIC,    20, -6.004302816190e-01, 7.822085806164e-05, 2.6724e+00, 4.0250e-02, 
 2DIAGNOSTIC,    21, -6.004396813707e-01, 4.682328922653e-05, 2.7143e+00, 4.1879e-02, 
 2DIAGNOSTIC,    22, -6.004454550494e-01, 1.853333538127e-05, 2.7684e+00, 5.4143e-02, 
DIAGNOSTIC,Iteration,metricValue,convergenceValue,ITERATION_TIME_INDEX,SINCE_LAST
 2DIAGNOSTIC,     1, -5.246229191627e-01, 1.797693134862e+308, 3.8572e+00, 1.0888e+00, 
 2DIAGNOSTIC,     2, -5.249193432962e-01, 1.797693134862e+308, 4.1253e+00, 2.6810e-01, 
 2DIAGNOSTIC,     3, -5.252490909640e-01, 1.797693134862e+308, 4.4049e+00, 2.7958e-01, 
 2DIAGNOSTIC,     4, -5.256012313877e-01, 1.797693134862e+308, 4.7060e+00, 3.0105e-01, 
 2DIAGNOSTIC,     5, -5.260334309090e-01, 1.797693134862e+308, 4.9851e+00, 2.7913e-01, 
 2DIAGNOSTIC,     6, -5.267571433469e-01, 1.797693134862e+308, 5.2814e+00, 2.9628e-01, 
 2DIAGNOSTIC,     7, -5.273012392177e-01, 1.797693134862e+308, 5.6759e+00, 3.9455e-01, 
 2DIAGNOSTIC,     8, -5.274435523024e-01, 1.797693134862e+308, 5.9894e+00, 3.1347e-01, 
 2DIAGNOSTIC,     9, -5.275088511718e-01, 1.797693134862e+308, 6.3481e+00, 3.5876e-01, 
 2DIAGNOSTIC,    10, -5.275583953256e-01, 4.163837694050e-04, 6.6389e+00, 2.9076e-01, 
 2DIAGNOSTIC,    11, -5.276043731660e-01, 3.361568102697e-04, 6.9135e+00, 2.7455e-01, 
 2DIAGNOSTIC,    12, -5.277071693469e-01, 2.569455777407e-04, 7.1933e+00, 2.7989e-01, 
 2DIAGNOSTIC,    13, -5.279524946202e-01, 1.908834069693e-04, 7.5970e+00, 4.0364e-01, 
 2DIAGNOSTIC,    14, -5.280523566523e-01, 1.345240351320e-04, 8.1030e+00, 5.0604e-01, 
 2DIAGNOSTIC,    15, -5.280546055752e-01, 8.884205514323e-05, 8.4075e+00, 3.0450e-01, 
 2DIAGNOSTIC,    16, -5.280547104789e-01, 6.502896445702e-05, 8.8400e+00, 4.3246e-01, 
 2DIAGNOSTIC,    17, -5.280553197523e-01, 5.538535492841e-05, 9.1639e+00, 3.2388e-01, 
 2DIAGNOSTIC,    18, -5.280548571664e-01, 4.596039306608e-05, 9.4644e+00, 3.0048e-01, 
 2DIAGNOSTIC,    19, -5.280527653759e-01, 3.517806000630e-05, 9.7962e+00, 3.3184e-01, 
 2DIAGNOSTIC,    20, -5.280539980701e-01, 2.382824965557e-05, 1.0150e+01, 3.5357e-01, 
 2DIAGNOSTIC,    21, -5.280516928626e-01, 1.265118401242e-05, 1.0460e+01, 3.1073e-01, 
 2DIAGNOSTIC,    22, -5.280511304497e-01, 3.816356758307e-06, 1.0731e+01, 2.7058e-01, 
 2DIAGNOSTIC,    23, -5.280508543950e-01, 1.206562825970e-06, 1.1040e+01, 3.0906e-01, 
 2DIAGNOSTIC,    24, -5.280514757305e-01, 1.086736378511e-06, 1.1350e+01, 3.0937e-01, 
 2DIAGNOSTIC,    25, -5.280498915906e-01, 1.012622265886e-06, 1.1703e+01, 3.5346e-01, 
DIAGNOSTIC,Iteration,metricValue,convergenceValue,ITERATION_TIME_INDEX,SINCE_LAST
 2DIAGNOSTIC,     1, -4.832358971805e-01, 1.797693134862e+308, 1.4817e+01, 3.1144e+00, 
 2DIAGNOSTIC,     2, -4.834201994082e-01, 1.797693134862e+308, 1.6729e+01, 1.9113e+00, 
 2DIAGNOSTIC,     3, -4.836859737034e-01, 1.797693134862e+308, 1.8601e+01, 1.8723e+00, 
 2DIAGNOSTIC,     4, -4.843040550398e-01, 1.797693134862e+308, 2.1361e+01, 2.7598e+00, 
 2DIAGNOSTIC,     5, -4.843070081945e-01, 1.797693134862e+308, 2.4484e+01, 3.1234e+00, 
 2DIAGNOSTIC,     6, -4.843071691843e-01, 1.797693134862e+308, 2.6596e+01, 2.1118e+00, 
 2DIAGNOSTIC,     7, -4.843070817970e-01, 1.797693134862e+308, 2.8506e+01, 1.9104e+00, 
 2DIAGNOSTIC,     8, -4.843068832245e-01, 1.797693134862e+308, 3.0445e+01, 1.9390e+00, 
 2DIAGNOSTIC,     9, -4.843067918200e-01, 1.797693134862e+308, 3.2259e+01, 1.8139e+00, 
 2DIAGNOSTIC,    10, -4.843067014757e-01, 1.372151742623e-04, 3.4613e+01, 2.3538e+00, 
 2DIAGNOSTIC,    11, -4.843064914566e-01, 7.923802895282e-05, 3.6455e+01, 1.8418e+00, 
 2DIAGNOSTIC,    12, -4.843064992382e-01, 3.309460845427e-05, 3.8902e+01, 2.4469e+00, 
 2DIAGNOSTIC,    13, -4.843063936493e-01, 2.503262460749e-06, 4.0821e+01, 1.9195e+00, 
 2DIAGNOSTIC,    14, -4.843062888408e-01, 2.188981393203e-06, 4.2738e+01, 1.9163e+00, 
 2DIAGNOSTIC,    15, -4.843061865629e-01, 2.035691210309e-06, 4.4766e+01, 2.0283e+00, 
 2DIAGNOSTIC,    16, -4.843060844236e-01, 1.911677361549e-06, 4.6966e+01, 2.2001e+00, 
 2DIAGNOSTIC,    17, -4.843058743902e-01, 1.799229742111e-06, 4.9059e+01, 2.0927e+00, 
 2DIAGNOSTIC,    18, -4.843056618212e-01, 1.692681844641e-06, 5.0909e+01, 1.8501e+00, 
 2DIAGNOSTIC,    19, -4.843056689712e-01, 1.601847518844e-06, 5.2594e+01, 1.6847e+00, 
 2DIAGNOSTIC,    20, -4.843058969478e-01, 1.530926293784e-06, 5.4444e+01, 1.8507e+00, 
 2DIAGNOSTIC,    21, -4.843060192194e-01, 1.469611633421e-06, 5.6273e+01, 1.8291e+00, 
 2DIAGNOSTIC,    22, -4.843058126416e-01, 1.412931302368e-06, 5.8270e+01, 1.9963e+00, 
 2DIAGNOSTIC,    23, -4.843057126123e-01, 1.359448016894e-06, 6.0288e+01, 2.0183e+00, 
 2DIAGNOSTIC,    24, -4.843057251522e-01, 1.310418675377e-06, 6.2711e+01, 2.4226e+00, 
 2DIAGNOSTIC,    25, -4.843056221293e-01, 1.261638415524e-06, 6.4589e+01, 1.8787e+00, 
 2DIAGNOSTIC,    26, -4.843054123558e-01, 1.210672669269e-06, 6.6759e+01, 2.1697e+00, 
 2DIAGNOSTIC,    27, -4.843053146823e-01, 1.158418554324e-06, 6.8697e+01, 1.9375e+00, 
 2DIAGNOSTIC,    28, -4.843053351180e-01, 1.107868529970e-06, 7.0849e+01, 2.1526e+00, 
 2DIAGNOSTIC,    29, -4.843053636623e-01, 1.063946926831e-06, 7.3179e+01, 2.3300e+00, 
 2DIAGNOSTIC,    30, -4.843052686079e-01, 1.028545752034e-06, 7.5095e+01, 1.9161e+00, 
  Elapsed time (stage 0): 7.6270e+01


Total elapsed time: 7.6273e+01
Info [verificarlo]: loaded backend libinterflop_ieee.so
Info [interflop-ieee]: load backend with:
Info [interflop-ieee]: debug = false
Info [interflop-ieee]: debug-binary = false
Info [interflop-ieee]: no-backend-name = false
Info [interflop-ieee]: print-new-line = false
Info [interflop-ieee]: print-subnormal-normalized = false
Info [interflop-ieee]: count-op = false
All_Command_lines_OK
Using double precision for computations.
=============================================================================
The composite transform comprises the following transforms (in order): 
  1. /home/mdugre/scratch/mri-registration-rp/datasets/ds004513/derivatives/mri-registration-rp/0100/antsRegistration-r8-p7/sub-s037/affine_Composite.h5[0] (type = Euler3DTransform)
  2. /home/mdugre/scratch/mri-registration-rp/datasets/ds004513/derivatives/mri-registration-rp/0100/antsRegistration-r8-p7/sub-s037/affine_Composite.h5[1] (type = Euler3DTransform)
  3. /home/mdugre/scratch/mri-registration-rp/datasets/ds004513/derivatives/mri-registration-rp/0100/antsRegistration-r8-p7/sub-s037/affine_Composite.h5[2] (type = Euler3DTransform)
  4. /home/mdugre/scratch/mri-registration-rp/datasets/ds004513/derivatives/mri-registration-rp/0100/antsRegistration-r8-p7/sub-s037/affine_Composite.h5[3] (type = AffineTransform)
=============================================================================
  number of levels = 4
  fixed image: /templateflow/tpl-MNI152NLin2009cAsym/tpl-MNI152NLin2009cAsym_res-01_desc-brain_T1w.nii.gz
  moving image: /home/mdugre/scratch/mri-registration-rp/datasets/ds004513/derivatives/mri-registration-rp/antsBrainExtraction/sub-s037/BrainExtractionBrain.nii.gz
Dimension = 3
Number of stages = 1
Use histogram matching = false
Winsorize image intensities = true
  Lower quantile = 0.005
  Upper quantile = 0.995


Stage 1 State
   Image metric = CC
     Fixed image = Image (0x4520a40)
  RTTI typeinfo:   itk::Image<double, 3u>
  Reference Count: 2
  Modified Time: 1606
  Debug: Off
  Object Name: 
  Observers: 
    none
  Source: (none)
  Source output name: (none)
  Release Data: Off
  Data Released: False
  Global Release Data: Off
  PipelineMTime: 0
  UpdateMTime: 1217
  RealTimeStamp: 0 seconds 
  LargestPossibleRegion: 
    Dimension: 3
    Index: [0, 0, 0]
    Size: [193, 229, 193]
  BufferedRegion: 
    Dimension: 3
    Index: [0, 0, 0]
    Size: [193, 229, 193]
  RequestedRegion: 
    Dimension: 3
    Index: [0, 0, 0]
    Size: [193, 229, 193]
  Spacing: [1, 1, 1]
  Origin: [96, 132, -78]
  Direction: 
-1 0 0
0 -1 0
0 0 1

  IndexToPointMatrix: 
-1 0 0
0 -1 0
0 0 1

  PointToIndexMatrix: 
-1 0 0
0 -1 0
0 0 1

  Inverse Direction: 
-1 0 0
0 -1 0
0 0 1

  PixelContainer: 
    ImportImageContainer (0x45ef780)
      RTTI typeinfo:   itk::ImportImageContainer<unsigned long, double>
      Reference Count: 1
      Modified Time: 1214
      Debug: Off
      Object Name: 
      Observers: 
        none
      Pointer: 0x1495d4a71010
      Container manages memory: true
      Size: 8530021
      Capacity: 8530021

     Moving image = Image (0x45f1390)
  RTTI typeinfo:   itk::Image<double, 3u>
  Reference Count: 2
  Modified Time: 1607
  Debug: Off
  Object Name: 
  Observers: 
    none
  Source: (none)
  Source output name: (none)
  Release Data: Off
  Data Released: False
  Global Release Data: Off
  PipelineMTime: 0
  UpdateMTime: 1604
  RealTimeStamp: 0 seconds 
  LargestPossibleRegion: 
    Dimension: 3
    Index: [0, 0, 0]
    Size: [160, 240, 256]
  BufferedRegion: 
    Dimension: 3
    Index: [0, 0, 0]
    Size: [160, 240, 256]
  RequestedRegion: 
    Dimension: 3
    Index: [0, 0, 0]
    Size: [160, 240, 256]
  Spacing: [1, 1, 1]
  Origin: [87.9508, 102.562, -147.639]
  Direction: 
-0.998659 -0.0436121 -0.0279129
0.043595 -0.999049 0.00121847
-0.0279395 -2.65543e-08 0.99961

  IndexToPointMatrix: 
-0.998659 -0.0436121 -0.0279129
0.043595 -0.999049 0.00121847
-0.0279395 -2.65543e-08 0.99961

  PointToIndexMatrix: 
-0.998659 0.043595 -0.0279395
-0.0436121 -0.999049 -2.65517e-08
-0.0279129 0.00121847 0.99961

  Inverse Direction: 
-0.998659 0.043595 -0.0279395
-0.0436121 -0.999049 -2.65517e-08
-0.0279129 0.00121847 0.99961

  PixelContainer: 
    ImportImageContainer (0x45a66f0)
      RTTI typeinfo:   itk::ImportImageContainer<unsigned long, double>
      Reference Count: 1
      Modified Time: 1601
      Debug: Off
      Object Name: 
      Observers: 
        none
      Pointer: 0x1495cff70010
      Container manages memory: true
      Size: 9830400
      Capacity: 9830400

     Weighting = 1
     Sampling strategy = none
     Number of bins = 32
     Radius = 4
     Sampling percentage  = 1
   Transform = SyN
     Gradient step = 0.1
     Update field sigma (voxel space) = 3
     Total field sigma (voxel space) = 0
     Update field time sigma = 0
     Total field time sigma  = 0
     Number of time indices = 0
     Number of time point samples = 0
Registration using 1 total stages.

Stage 0
  iterations = 100x70x50x20
  convergence threshold = 1e-06
  convergence window size = 10
  number of levels = 4
  using the CC metric (radius = 4, weight = 1, use gradient filter = 0)
  preprocessing:  winsorizing the image intensities
  Shrink factors (level 1 out of 4): [8, 8, 8]
  Shrink factors (level 2 out of 4): [4, 4, 4]
  Shrink factors (level 3 out of 4): [2, 2, 2]
  Shrink factors (level 4 out of 4): [1, 1, 1]
  smoothing sigmas per level: [3, 2, 1, 0]
  Using default NONE metricSamplingStrategy 

*** Running SyN registration (varianceForUpdateField = 3, varianceForTotalField = 0) ***

XXDIAGNOSTIC,Iteration,metricValue,convergenceValue,ITERATION_TIME_INDEX,SINCE_LAST
 1DIAGNOSTIC,     1, -8.466946291570e-01, 1.797693134862e+308, 1.5664e+00, 1.5664e+00, 
 1DIAGNOSTIC,     2, -8.660875150048e-01, 1.797693134862e+308, 1.9353e+00, 3.6886e-01, 
 1DIAGNOSTIC,     3, -8.820835390294e-01, 1.797693134862e+308, 2.2787e+00, 3.4339e-01, 
 1DIAGNOSTIC,     4, -8.936729880383e-01, 1.797693134862e+308, 2.6310e+00, 3.5231e-01, 
 1DIAGNOSTIC,     5, -9.023283880909e-01, 1.797693134862e+308, 2.9655e+00, 3.3446e-01, 
 1DIAGNOSTIC,     6, -9.078342866145e-01, 1.797693134862e+308, 3.3885e+00, 4.2299e-01, 
 1DIAGNOSTIC,     7, -9.122225512929e-01, 1.797693134862e+308, 3.7403e+00, 3.5186e-01, 
 1DIAGNOSTIC,     8, -9.157391578443e-01, 1.797693134862e+308, 4.0995e+00, 3.5919e-01, 
 1DIAGNOSTIC,     9, -9.187011168264e-01, 1.797693134862e+308, 4.4696e+00, 3.7009e-01, 
 1DIAGNOSTIC,    10, -9.211500228111e-01, 4.872403106922e-03, 4.8180e+00, 3.4845e-01, 
 1DIAGNOSTIC,    11, -9.231546793031e-01, 3.329468187231e-03, 5.1651e+00, 3.4709e-01, 
 1DIAGNOSTIC,    12, -9.248212466130e-01, 2.298596740548e-03, 5.5010e+00, 3.3590e-01, 
 1DIAGNOSTIC,    13, -9.262626840295e-01, 1.640174586159e-03, 5.8722e+00, 3.7117e-01, 
 1DIAGNOSTIC,    14, -9.275709740949e-01, 1.214990343652e-03, 6.2191e+00, 3.4688e-01, 
 1DIAGNOSTIC,    15, -9.287927550446e-01, 9.415844168643e-04, 6.5848e+00, 3.6566e-01, 
 1DIAGNOSTIC,    16, -9.299677438281e-01, 7.462158137838e-04, 6.9228e+00, 3.3803e-01, 
 1DIAGNOSTIC,    17, -9.311390957284e-01, 6.069475260191e-04, 7.2659e+00, 3.4315e-01, 
 1DIAGNOSTIC,    18, -9.323463049850e-01, 5.085628493971e-04, 7.6080e+00, 3.4210e-01, 
 1DIAGNOSTIC,    19, -9.336155848203e-01, 4.423980879429e-04, 7.9462e+00, 3.3817e-01, 
 1DIAGNOSTIC,    20, -9.348626679951e-01, 3.988801096131e-04, 8.2815e+00, 3.3530e-01, 
 1DIAGNOSTIC,    21, -9.362632766643e-01, 3.724596850629e-04, 8.6269e+00, 3.4540e-01, 
 1DIAGNOSTIC,    22, -9.373846959523e-01, 3.526964365118e-04, 8.9735e+00, 3.4664e-01, 
 1DIAGNOSTIC,    23, -9.386278573617e-01, 3.376787747036e-04, 9.3103e+00, 3.3671e-01, 
 1DIAGNOSTIC,    24, -9.396788653266e-01, 3.224937587774e-04, 9.6484e+00, 3.3811e-01, 
 1DIAGNOSTIC,    25, -9.408278567457e-01, 3.074248002411e-04, 9.9987e+00, 3.5030e-01, 
 1DIAGNOSTIC,    26, -9.418082654781e-01, 2.900384792647e-04, 1.0333e+01, 3.3397e-01, 
 1DIAGNOSTIC,    27, -9.429022816015e-01, 2.724210340336e-04, 1.0679e+01, 3.4608e-01, 
 1DIAGNOSTIC,    28, -9.439807189425e-01, 2.554078152869e-04, 1.1030e+01, 3.5085e-01, 
