
##########################
# Experiment information #
##########################

EXPERIMENT_NAME: antsRegistration-r8-p10
VFC_BACKENDS: libinterflop_vprec.so --range-binary32=8 --precision-binary32=10 --range-binary64=8 --precision-binary64=10

SIF_IMG: /home/mdugre/projects/rrg-glatard/mdugre/containers/ants-vprec-no_metrics.simg

SUBJECT_ID: s003
INPUT_IMG: /home/mdugre/scratch/mri-registration-rp/datasets/ds004513/derivatives/mri-registration-rp/antsBrainExtraction/sub-s003/BrainExtractionBrain.nii.gz
OUTPUT_DIR: /home/mdugre/scratch/mri-registration-rp/datasets/ds004513/derivatives/mri-registration-rp/0100/antsRegistration-r8-p10/sub-s003

FIXED_IMG: /templateflow/tpl-MNI152NLin2009cAsym/tpl-MNI152NLin2009cAsym_res-01_desc-brain_T1w.nii.gz
DATA_DIR: /home/mdugre/scratch/mri-registration-rp/datasets/ds004513
TEMPLATEFLOW_DIR: /home/mdugre/projects/rrg-glatard/mdugre/templateflow
ITK_GLOBAL_DEFAULT_NUMBER_OF_THREADS: 16
##########################

Info [verificarlo]: loaded backend libinterflop_ieee.so
Info [interflop-ieee]: load backend with:
Info [interflop-ieee]: debug = false
Info [interflop-ieee]: debug-binary = false
Info [interflop-ieee]: no-backend-name = false
Info [interflop-ieee]: print-new-line = false
Info [interflop-ieee]: print-subnormal-normalized = false
Info [interflop-ieee]: count-op = false
All_Command_lines_OK
Using double precision for computations.
=============================================================================
The composite transform comprises the following transforms (in order): 
  1. Center of mass alignment using fixed image: /templateflow/tpl-MNI152NLin2009cAsym/tpl-MNI152NLin2009cAsym_res-01_desc-brain_T1w.nii.gz and moving image: /home/mdugre/scratch/mri-registration-rp/datasets/ds004513/derivatives/mri-registration-rp/antsBrainExtraction/sub-s003/BrainExtractionBrain.nii.gz (type = Euler3DTransform)
=============================================================================
  number of levels = 1
  fixed image: /templateflow/tpl-MNI152NLin2009cAsym/tpl-MNI152NLin2009cAsym_res-01_desc-brain_T1w.nii.gz
  moving image: /home/mdugre/scratch/mri-registration-rp/datasets/ds004513/derivatives/mri-registration-rp/antsBrainExtraction/sub-s003/BrainExtractionBrain.nii.gz
Dimension = 3
Number of stages = 1
Use histogram matching = false
Winsorize image intensities = true
  Lower quantile = 0.005
  Upper quantile = 0.995


Stage 1 State
   Image metric = MattesMI
     Fixed image = Image (0x435ce70)
  RTTI typeinfo:   itk::Image<double, 3u>
  Reference Count: 2
  Modified Time: 2334
  Debug: Off
  Object Name: 
  Observers: 
    none
  Source: (none)
  Source output name: (none)
  Release Data: Off
  Data Released: False
  Global Release Data: Off
  PipelineMTime: 0
  UpdateMTime: 1943
  RealTimeStamp: 0 seconds 
  LargestPossibleRegion: 
    Dimension: 3
    Index: [0, 0, 0]
    Size: [193, 229, 193]
  BufferedRegion: 
    Dimension: 3
    Index: [0, 0, 0]
    Size: [193, 229, 193]
  RequestedRegion: 
    Dimension: 3
    Index: [0, 0, 0]
    Size: [193, 229, 193]
  Spacing: [1, 1, 1]
  Origin: [96, 132, -78]
  Direction: 
-1 0 0
0 -1 0
0 0 1

  IndexToPointMatrix: 
-1 0 0
0 -1 0
0 0 1

  PointToIndexMatrix: 
-1 0 0
0 -1 0
0 0 1

  Inverse Direction: 
-1 0 0
0 -1 0
0 0 1

  PixelContainer: 
    ImportImageContainer (0x4369140)
      RTTI typeinfo:   itk::ImportImageContainer<unsigned long, double>
      Reference Count: 1
      Modified Time: 1940
      Debug: Off
      Object Name: 
      Observers: 
        none
      Pointer: 0x147f7a524010
      Container manages memory: true
      Size: 8530021
      Capacity: 8530021

     Moving image = Image (0x4366310)
  RTTI typeinfo:   itk::Image<double, 3u>
  Reference Count: 2
  Modified Time: 2335
  Debug: Off
  Object Name: 
  Observers: 
    none
  Source: (none)
  Source output name: (none)
  Release Data: Off
  Data Released: False
  Global Release Data: Off
  PipelineMTime: 0
  UpdateMTime: 2332
  RealTimeStamp: 0 seconds 
  LargestPossibleRegion: 
    Dimension: 3
    Index: [0, 0, 0]
    Size: [176, 240, 256]
  BufferedRegion: 
    Dimension: 3
    Index: [0, 0, 0]
    Size: [176, 240, 256]
  RequestedRegion: 
    Dimension: 3
    Index: [0, 0, 0]
    Size: [176, 240, 256]
  Spacing: [0.999999, 1, 1]
  Origin: [93.3499, 86.9368, -128.957]
  Direction: 
-0.999513 -0.0279216 -0.0139567
0.0279189 -0.99961 0.000389866
-0.0139622 2.01492e-08 0.999903

  IndexToPointMatrix: 
-0.999512 -0.0279216 -0.0139567
0.0279189 -0.99961 0.000389866
-0.0139621 2.01492e-08 0.999903

  PointToIndexMatrix: 
-0.999514 0.0279189 -0.0139622
-0.0279216 -0.99961 2.01716e-08
-0.0139567 0.000389866 0.999903

  Inverse Direction: 
-0.999513 0.0279189 -0.0139622
-0.0279216 -0.99961 2.01716e-08
-0.0139567 0.000389866 0.999903

  PixelContainer: 
    ImportImageContainer (0x4491610)
      RTTI typeinfo:   itk::ImportImageContainer<unsigned long, double>
      Reference Count: 1
      Modified Time: 2329
      Debug: Off
      Object Name: 
      Observers: 
        none
      Pointer: 0x147f752a3010
      Container manages memory: true
      Size: 10813440
      Capacity: 10813440

     Weighting = 1
     Sampling strategy = regular
     Number of bins = 32
     Radius = 4
     Sampling percentage  = 0.25
   Transform = Rigid
     Gradient step = 0.1
     Update field sigma (voxel space) = 0
     Total field sigma (voxel space) = 0
     Update field time sigma = 0
     Total field time sigma  = 0
     Number of time indices = 0
     Number of time point samples = 0
Registration using 1 total stages.

Stage 0
  iterations = 0
  convergence threshold = 1e-06
  convergence window size = 10
  number of levels = 1
  using the Mattes MI metric (number of bins = 32, weight = 1, use gradient filter = 0)
  preprocessing:  winsorizing the image intensities
  Shrink factors (level 1 out of 1): [1, 1, 1]
  smoothing sigmas per level: [0]
  regular sampling (percentage = 0.25)

*** Running Euler3DTransform registration ***

  Elapsed time (stage 0): 1.10921


Total elapsed time: 1.11141
Info [verificarlo]: loaded backend libinterflop_vprec.so
Info [interflop-vprec]: load backend with: 
Info [interflop-vprec]: precision-binary32 = 10
Info [interflop-vprec]: range-binary32 = 8
Info [interflop-vprec]: precision-binary64 = 10
Info [interflop-vprec]: range-binary64 = 8
Info [interflop-vprec]: mode = ob
Info [interflop-vprec]: error-mode = rel
Info [interflop-vprec]: max-abs-error-exponent = -1022
Info [interflop-vprec]: daz = false
Info [interflop-vprec]: ftz = false
Info [interflop-vprec]: 	instrument = none
Info [interflop-vprec]: 	prec-input-file = (null)
Info [interflop-vprec]: 	prec-output-file = (null)
Info [interflop-vprec]: 	prec-log-file = (null)
All_Command_lines_OK
Using double precision for computations.
=============================================================================
The composite transform comprises the following transforms (in order): 
  1. /home/mdugre/scratch/mri-registration-rp/datasets/ds004513/derivatives/mri-registration-rp/0100/antsRegistration-r8-p10/sub-s003/align_Composite.h5[0] (type = Euler3DTransform)
  2. /home/mdugre/scratch/mri-registration-rp/datasets/ds004513/derivatives/mri-registration-rp/0100/antsRegistration-r8-p10/sub-s003/align_Composite.h5[1] (type = Euler3DTransform)
=============================================================================
  number of levels = 4
  fixed image: /templateflow/tpl-MNI152NLin2009cAsym/tpl-MNI152NLin2009cAsym_res-01_desc-brain_T1w.nii.gz
  moving image: /home/mdugre/scratch/mri-registration-rp/datasets/ds004513/derivatives/mri-registration-rp/antsBrainExtraction/sub-s003/BrainExtractionBrain.nii.gz
Dimension = 3
Number of stages = 1
Use histogram matching = false
Winsorize image intensities = true
  Lower quantile = 0.005
  Upper quantile = 0.995


Stage 1 State
   Image metric = MattesMI
     Fixed image = Image (0x4ef51e0)
  RTTI typeinfo:   itk::Image<double, 3u>
  Reference Count: 2
  Modified Time: 1578
  Debug: Off
  Object Name: 
  Observers: 
    none
  Source: (none)
  Source output name: (none)
  Release Data: Off
  Data Released: False
  Global Release Data: Off
  PipelineMTime: 0
  UpdateMTime: 1189
  RealTimeStamp: 0 seconds 
  LargestPossibleRegion: 
    Dimension: 3
    Index: [0, 0, 0]
    Size: [193, 229, 193]
  BufferedRegion: 
    Dimension: 3
    Index: [0, 0, 0]
    Size: [193, 229, 193]
  RequestedRegion: 
    Dimension: 3
    Index: [0, 0, 0]
    Size: [193, 229, 193]
  Spacing: [1, 1, 1]
  Origin: [96, 132, -78]
  Direction: 
-1 0 0
0 -1 0
0 0 1

  IndexToPointMatrix: 
-1 0 0
0 -1 0
0 0 1

  PointToIndexMatrix: 
-1 0 0
0 -1 0
0 0 1

  Inverse Direction: 
-1 0 0
0 -1 0
0 0 1

  PixelContainer: 
    ImportImageContainer (0x4fb4680)
      RTTI typeinfo:   itk::ImportImageContainer<unsigned long, double>
      Reference Count: 1
      Modified Time: 1186
      Debug: Off
      Object Name: 
      Observers: 
        none
      Pointer: 0x148c6a8d4010
      Container manages memory: true
      Size: 8530021
      Capacity: 8530021

     Moving image = Image (0x4fb0b20)
  RTTI typeinfo:   itk::Image<double, 3u>
  Reference Count: 2
  Modified Time: 1579
  Debug: Off
  Object Name: 
  Observers: 
    none
  Source: (none)
  Source output name: (none)
  Release Data: Off
  Data Released: False
  Global Release Data: Off
  PipelineMTime: 0
  UpdateMTime: 1576
  RealTimeStamp: 0 seconds 
  LargestPossibleRegion: 
    Dimension: 3
    Index: [0, 0, 0]
    Size: [176, 240, 256]
  BufferedRegion: 
    Dimension: 3
    Index: [0, 0, 0]
    Size: [176, 240, 256]
  RequestedRegion: 
    Dimension: 3
    Index: [0, 0, 0]
    Size: [176, 240, 256]
  Spacing: [1, 1, 1]
  Origin: [93.375, 86.9375, -129]
  Direction: 
-0.999512 -0.0279083 -0.0139618
0.0279083 -0.999512 0.000389814
-0.0139542 0 1

  IndexToPointMatrix: 
-0.999512 -0.0279083 -0.0139618
0.0279083 -0.999512 0.000389814
-0.0139542 0 1

  PointToIndexMatrix: 
-1 0.0279083 -0.0139542
-0.0278625 -0.998535 -0.00146484
-0.0139389 0.000488281 0.999023

  Inverse Direction: 
-1 0.0279083 -0.0139542
-0.0278625 -0.998535 -0.00146484
-0.0139389 0.000488281 0.999023

  PixelContainer: 
    ImportImageContainer (0x5019d50)
      RTTI typeinfo:   itk::ImportImageContainer<unsigned long, double>
      Reference Count: 1
      Modified Time: 1573
      Debug: Off
      Object Name: 
      Observers: 
        none
      Pointer: 0x148c65653010
      Container manages memory: true
      Size: 10813440
      Capacity: 10813440

     Weighting = 1
     Sampling strategy = regular
     Number of bins = 32
     Radius = 4
     Sampling percentage  = 0.25
   Transform = Rigid
     Gradient step = 0.1
     Update field sigma (voxel space) = 0
     Total field sigma (voxel space) = 0
     Update field time sigma = 0
     Total field time sigma  = 0
     Number of time indices = 0
     Number of time point samples = 0
Registration using 1 total stages.

Stage 0
  iterations = 1000x500x250x100
  convergence threshold = 1e-06
  convergence window size = 10
  number of levels = 4
  using the Mattes MI metric (number of bins = 32, weight = 1, use gradient filter = 0)
  preprocessing:  winsorizing the image intensities
  Shrink factors (level 1 out of 4): [8, 8, 8]
  Shrink factors (level 2 out of 4): [4, 4, 4]
  Shrink factors (level 3 out of 4): [2, 2, 2]
  Shrink factors (level 4 out of 4): [1, 1, 1]
  smoothing sigmas per level: [3, 2, 1, 0]
  regular sampling (percentage = 0.25)

*** Running Euler3DTransform registration ***

DIAGNOSTIC,Iteration,metricValue,convergenceValue,ITERATION_TIME_INDEX,SINCE_LAST
 2DIAGNOSTIC,     1, -4.836645276034e-01, 1.797693134862e+308, 0.0000e+00, 0.0000e+00, 
 2DIAGNOSTIC,     2, -4.840716665022e-01, 1.797693134862e+308, 0.0000e+00, 0.0000e+00, 
 2DIAGNOSTIC,     3, -4.843962426028e-01, 1.797693134862e+308, 0.0000e+00, 0.0000e+00, 
 2DIAGNOSTIC,     4, -4.846295346559e-01, 1.797693134862e+308, 0.0000e+00, 0.0000e+00, 
 2DIAGNOSTIC,     5, -4.853310944705e-01, 1.797693134862e+308, 0.0000e+00, 0.0000e+00, 
 2DIAGNOSTIC,     6, -4.856316722790e-01, 1.797693134862e+308, 0.0000e+00, 0.0000e+00, 
 2DIAGNOSTIC,     7, -4.857252866674e-01, 1.797693134862e+308, 0.0000e+00, 0.0000e+00, 
 2DIAGNOSTIC,     8, -4.862633709435e-01, 1.797693134862e+308, 0.0000e+00, 0.0000e+00, 
 2DIAGNOSTIC,     9, -4.870045733849e-01, 1.797693134862e+308, 0.0000e+00, 0.0000e+00, 
 2DIAGNOSTIC,    10, -4.882896614980e-01, 5.303852762055e-04, 0.0000e+00, 0.0000e+00, 
 2DIAGNOSTIC,    11, -4.887528569451e-01, 5.425734570095e-04, 0.0000e+00, 0.0000e+00, 
 2DIAGNOSTIC,    12, -4.897754027125e-01, 5.743905989479e-04, 0.0000e+00, 0.0000e+00, 
 2DIAGNOSTIC,    13, -4.901932377009e-01, 5.823958276783e-04, 0.0000e+00, 0.0000e+00, 
 2DIAGNOSTIC,    14, -4.908847685193e-01, 5.738137470236e-04, 0.0000e+00, 0.0000e+00, 
 2DIAGNOSTIC,    15, -4.921460446124e-01, 5.893772076562e-04, 0.0000e+00, 0.0000e+00, 
 2DIAGNOSTIC,    16, -4.928340411795e-01, 5.841741505014e-04, 0.0000e+00, 0.0000e+00, 
 2DIAGNOSTIC,    17, -4.946879783169e-01, 5.924818067401e-04, 0.0000e+00, 0.0000e+00, 
 2DIAGNOSTIC,    18, -4.959077373734e-01, 6.007704446189e-04, 0.0000e+00, 0.0000e+00, 
 2DIAGNOSTIC,    19, -5.327396894338e-01, 1.694939476335e-03, 0.0000e+00, 0.0000e+00, 
 2DIAGNOSTIC,    20, -6.314807312356e-01, 5.315692018972e-03, 0.0000e+00, 0.0000e+00, 
 2DIAGNOSTIC,    21, -6.311275959936e-01, 7.953920536707e-03, 0.0000e+00, 0.0000e+00, 
 2DIAGNOSTIC,    22, -6.315615745988e-01, 9.643181514179e-03, 0.0000e+00, 0.0000e+00, 
 2DIAGNOSTIC,    23, -6.315440801419e-01, 1.030326134440e-02, 0.0000e+00, 0.0000e+00, 
 2DIAGNOSTIC,    24, -6.314650824847e-01, 9.931500639491e-03, 0.0000e+00, 0.0000e+00, 
 2DIAGNOSTIC,    25, -6.314826855954e-01, 8.659220109967e-03, 0.0000e+00, 0.0000e+00, 
 2DIAGNOSTIC,    26, -6.314639276426e-01, 6.714317626535e-03, 0.0000e+00, 0.0000e+00, 
 2DIAGNOSTIC,    27, -6.315148270396e-01, 4.389614476696e-03, 0.0000e+00, 0.0000e+00, 
 2DIAGNOSTIC,    28, -6.315105923602e-01, 1.875089122871e-03, 0.0000e+00, 0.0000e+00, 
 2DIAGNOSTIC,    29, -6.315105923381e-01, 5.396149223832e-06, 0.0000e+00, 0.0000e+00, 
 2DIAGNOSTIC,    30, -6.315105849088e-01, 5.851214750469e-06, 0.0000e+00, 0.0000e+00, 
DIAGNOSTIC,Iteration,metricValue,convergenceValue,ITERATION_TIME_INDEX,SINCE_LAST
 2DIAGNOSTIC,     1, -5.186424440008e-01, 1.797693134862e+308, 0.0000e+00, 0.0000e+00, 
 2DIAGNOSTIC,     2, -5.192164176811e-01, 1.797693134862e+308, 0.0000e+00, 0.0000e+00, 
 2DIAGNOSTIC,     3, -5.201999278682e-01, 1.797693134862e+308, 0.0000e+00, 0.0000e+00, 
 2DIAGNOSTIC,     4, -5.220140600553e-01, 1.797693134862e+308, 0.0000e+00, 0.0000e+00, 
 2DIAGNOSTIC,     5, -5.238099771444e-01, 1.797693134862e+308, 0.0000e+00, 0.0000e+00, 
 2DIAGNOSTIC,     6, -5.260442774152e-01, 1.797693134862e+308, 0.0000e+00, 0.0000e+00, 
 2DIAGNOSTIC,     7, -5.286630912090e-01, 1.797693134862e+308, 0.0000e+00, 0.0000e+00, 
 2DIAGNOSTIC,     8, -5.304834748794e-01, 1.797693134862e+308, 0.0000e+00, 0.0000e+00, 
 2DIAGNOSTIC,     9, -5.318371499276e-01, 1.797693134862e+308, 0.0000e+00, 0.0000e+00, 
 2DIAGNOSTIC,    10, -5.321016154796e-01, 1.903485944768e-03, 0.0000e+00, 0.0000e+00, 
 2DIAGNOSTIC,    11, -5.322459433829e-01, 1.664199117565e-03, 0.0000e+00, 0.0000e+00, 
 2DIAGNOSTIC,    12, -5.324053744013e-01, 1.348426424627e-03, 0.0000e+00, 0.0000e+00, 
 2DIAGNOSTIC,    13, -5.324859132239e-01, 1.002660943439e-03, 0.0000e+00, 0.0000e+00, 
 2DIAGNOSTIC,    14, -5.326899140977e-01, 6.930402356794e-04, 0.0000e+00, 0.0000e+00, 
 2DIAGNOSTIC,    15, -5.331652700147e-01, 4.428672158092e-04, 0.0000e+00, 0.0000e+00, 
 2DIAGNOSTIC,    16, -5.346397495353e-01, 3.068801919889e-04, 0.0000e+00, 0.0000e+00, 
 2DIAGNOSTIC,    17, -5.355483937501e-01, 2.682406079026e-04, 0.0000e+00, 0.0000e+00, 
 2DIAGNOSTIC,    18, -5.357275749367e-01, 2.677829106900e-04, 0.0000e+00, 0.0000e+00, 
 2DIAGNOSTIC,    19, -5.358717161112e-01, 2.854988902301e-04, 0.0000e+00, 0.0000e+00, 
 2DIAGNOSTIC,    20, -5.359475862757e-01, 2.839808466980e-04, 0.0000e+00, 0.0000e+00, 
 2DIAGNOSTIC,    21, -5.358920444594e-01, 2.577157643777e-04, 0.0000e+00, 0.0000e+00, 
 2DIAGNOSTIC,    22, -5.365726706635e-01, 2.300572081428e-04, 0.0000e+00, 0.0000e+00, 
 2DIAGNOSTIC,    23, -5.366005303277e-01, 1.857932428922e-04, 0.0000e+00, 0.0000e+00, 
 2DIAGNOSTIC,    24, -5.366331769816e-01, 1.336304671323e-04, 0.0000e+00, 0.0000e+00, 
 2DIAGNOSTIC,    25, -5.365618795145e-01, 8.137017294566e-05, 0.0000e+00, 0.0000e+00, 
 2DIAGNOSTIC,    26, -5.365690140759e-01, 5.559156074332e-05, 0.0000e+00, 0.0000e+00, 
 2DIAGNOSTIC,    27, -5.365640041419e-01, 4.411922980880e-05, 0.0000e+00, 0.0000e+00, 
 2DIAGNOSTIC,    28, -5.365559379061e-01, 3.243032271766e-05, 0.0000e+00, 0.0000e+00, 
 2DIAGNOSTIC,    29, -5.365490845073e-01, 2.116938693632e-05, 0.0000e+00, 0.0000e+00, 
 2DIAGNOSTIC,    30, -5.365492671751e-01, 1.022543120147e-05, 0.0000e+00, 0.0000e+00, 
DIAGNOSTIC,Iteration,metricValue,convergenceValue,ITERATION_TIME_INDEX,SINCE_LAST
 2DIAGNOSTIC,     1, -4.771968757613e-01, 1.797693134862e+308, 0.0000e+00, 0.0000e+00, 
 2DIAGNOSTIC,     2, -4.771976696390e-01, 1.797693134862e+308, 0.0000e+00, 0.0000e+00, 
 2DIAGNOSTIC,     3, -4.773298061146e-01, 1.797693134862e+308, 0.0000e+00, 0.0000e+00, 
 2DIAGNOSTIC,     4, -4.773756072139e-01, 1.797693134862e+308, 0.0000e+00, 0.0000e+00, 
 2DIAGNOSTIC,     5, -4.771252895509e-01, 1.797693134862e+308, 0.0000e+00, 0.0000e+00, 
 2DIAGNOSTIC,     6, -4.768344452414e-01, 1.797693134862e+308, 0.0000e+00, 0.0000e+00, 
 2DIAGNOSTIC,     7, -4.770079288373e-01, 1.797693134862e+308, 0.0000e+00, 0.0000e+00, 
 2DIAGNOSTIC,     8, -4.770531645541e-01, 1.797693134862e+308, 0.0000e+00, 0.0000e+00, 
 2DIAGNOSTIC,     9, -4.771085333278e-01, 1.797693134862e+308, 0.0000e+00, 0.0000e+00, 
DIAGNOSTIC,Iteration,metricValue,convergenceValue,ITERATION_TIME_INDEX,SINCE_LAST
 2DIAGNOSTIC,     1, -4.438515658327e-01, 1.797693134862e+308, 0.0000e+00, 0.0000e+00, 
 2DIAGNOSTIC,     2, -4.439318489833e-01, 1.797693134862e+308, 0.0000e+00, 0.0000e+00, 
 2DIAGNOSTIC,     3, -4.439003197820e-01, 1.797693134862e+308, 0.0000e+00, 0.0000e+00, 
 2DIAGNOSTIC,     4, -4.439082428582e-01, 1.797693134862e+308, 0.0000e+00, 0.0000e+00, 
 2DIAGNOSTIC,     5, -4.439124082390e-01, 1.797693134862e+308, 0.0000e+00, 0.0000e+00, 
 2DIAGNOSTIC,     6, -4.439103889095e-01, 1.797693134862e+308, 0.0000e+00, 0.0000e+00, 
 2DIAGNOSTIC,     7, -4.439073523162e-01, 1.797693134862e+308, 0.0000e+00, 0.0000e+00, 
 2DIAGNOSTIC,     8, -4.439073523162e-01, 1.797693134862e+308, 0.0000e+00, 0.0000e+00, 
 2DIAGNOSTIC,     9, -4.439073523162e-01, 1.797693134862e+308, 0.0000e+00, 0.0000e+00, 
 2DIAGNOSTIC,    10, -4.439073523162e-01, 2.463545567280e-06, 0.0000e+00, 0.0000e+00, 
  Elapsed time (stage 0): 0.0000e+00


Total elapsed time: 0.0000e+00
Info [verificarlo]: loaded backend libinterflop_ieee.so
Info [interflop-ieee]: load backend with:
Info [interflop-ieee]: debug = false
Info [interflop-ieee]: debug-binary = false
Info [interflop-ieee]: no-backend-name = false
Info [interflop-ieee]: print-new-line = false
Info [interflop-ieee]: print-subnormal-normalized = false
Info [interflop-ieee]: count-op = false
All_Command_lines_OK
Using double precision for computations.
=============================================================================
The composite transform comprises the following transforms (in order): 
  1. /home/mdugre/scratch/mri-registration-rp/datasets/ds004513/derivatives/mri-registration-rp/0100/antsRegistration-r8-p10/sub-s003/rigid_Composite.h5[0] (type = Euler3DTransform)
  2. /home/mdugre/scratch/mri-registration-rp/datasets/ds004513/derivatives/mri-registration-rp/0100/antsRegistration-r8-p10/sub-s003/rigid_Composite.h5[1] (type = Euler3DTransform)
  3. /home/mdugre/scratch/mri-registration-rp/datasets/ds004513/derivatives/mri-registration-rp/0100/antsRegistration-r8-p10/sub-s003/rigid_Composite.h5[2] (type = Euler3DTransform)
=============================================================================
  number of levels = 4
  fixed image: /templateflow/tpl-MNI152NLin2009cAsym/tpl-MNI152NLin2009cAsym_res-01_desc-brain_T1w.nii.gz
  moving image: /home/mdugre/scratch/mri-registration-rp/datasets/ds004513/derivatives/mri-registration-rp/antsBrainExtraction/sub-s003/BrainExtractionBrain.nii.gz
Dimension = 3
Number of stages = 1
Use histogram matching = false
Winsorize image intensities = true
  Lower quantile = 0.005
  Upper quantile = 0.995


Stage 1 State
   Image metric = MattesMI
     Fixed image = Image (0x405e7e0)
  RTTI typeinfo:   itk::Image<double, 3u>
  Reference Count: 2
  Modified Time: 1594
  Debug: Off
  Object Name: 
  Observers: 
    none
  Source: (none)
  Source output name: (none)
  Release Data: Off
  Data Released: False
  Global Release Data: Off
  PipelineMTime: 0
  UpdateMTime: 1203
  RealTimeStamp: 0 seconds 
  LargestPossibleRegion: 
    Dimension: 3
    Index: [0, 0, 0]
    Size: [193, 229, 193]
  BufferedRegion: 
    Dimension: 3
    Index: [0, 0, 0]
    Size: [193, 229, 193]
  RequestedRegion: 
    Dimension: 3
    Index: [0, 0, 0]
    Size: [193, 229, 193]
  Spacing: [1, 1, 1]
  Origin: [96, 132, -78]
  Direction: 
-1 0 0
0 -1 0
0 0 1

  IndexToPointMatrix: 
-1 0 0
0 -1 0
0 0 1

  PointToIndexMatrix: 
-1 0 0
0 -1 0
0 0 1

  Inverse Direction: 
-1 0 0
0 -1 0
0 0 1

  PixelContainer: 
    ImportImageContainer (0x411ea20)
      RTTI typeinfo:   itk::ImportImageContainer<unsigned long, double>
      Reference Count: 1
      Modified Time: 1200
      Debug: Off
      Object Name: 
      Observers: 
        none
      Pointer: 0x14cfce7f6010
      Container manages memory: true
      Size: 8530021
      Capacity: 8530021

     Moving image = Image (0x40d3e20)
  RTTI typeinfo:   itk::Image<double, 3u>
  Reference Count: 2
  Modified Time: 1595
  Debug: Off
  Object Name: 
  Observers: 
    none
  Source: (none)
  Source output name: (none)
  Release Data: Off
  Data Released: False
  Global Release Data: Off
  PipelineMTime: 0
  UpdateMTime: 1592
  RealTimeStamp: 0 seconds 
  LargestPossibleRegion: 
    Dimension: 3
    Index: [0, 0, 0]
    Size: [176, 240, 256]
  BufferedRegion: 
    Dimension: 3
    Index: [0, 0, 0]
    Size: [176, 240, 256]
  RequestedRegion: 
    Dimension: 3
    Index: [0, 0, 0]
    Size: [176, 240, 256]
  Spacing: [0.999999, 1, 1]
  Origin: [93.3499, 86.9368, -128.957]
  Direction: 
-0.999513 -0.0279216 -0.0139567
0.0279189 -0.99961 0.000389866
-0.0139622 2.01492e-08 0.999903

  IndexToPointMatrix: 
-0.999512 -0.0279216 -0.0139567
0.0279189 -0.99961 0.000389866
-0.0139621 2.01492e-08 0.999903

  PointToIndexMatrix: 
-0.999514 0.0279189 -0.0139622
-0.0279216 -0.99961 2.01716e-08
-0.0139567 0.000389866 0.999903

  Inverse Direction: 
-0.999513 0.0279189 -0.0139622
-0.0279216 -0.99961 2.01716e-08
-0.0139567 0.000389866 0.999903

  PixelContainer: 
    ImportImageContainer (0x416d550)
      RTTI typeinfo:   itk::ImportImageContainer<unsigned long, double>
      Reference Count: 1
      Modified Time: 1589
      Debug: Off
      Object Name: 
      Observers: 
        none
      Pointer: 0x14cfc9575010
      Container manages memory: true
      Size: 10813440
      Capacity: 10813440

     Weighting = 1
     Sampling strategy = regular
     Number of bins = 32
     Radius = 4
     Sampling percentage  = 0.25
   Transform = Affine
     Gradient step = 0.1
     Update field sigma (voxel space) = 0
     Total field sigma (voxel space) = 0
     Update field time sigma = 0
     Total field time sigma  = 0
     Number of time indices = 0
     Number of time point samples = 0
Registration using 1 total stages.

Stage 0
  iterations = 1000x500x250x100
  convergence threshold = 1e-06
  convergence window size = 10
  number of levels = 4
  using the Mattes MI metric (number of bins = 32, weight = 1, use gradient filter = 0)
  preprocessing:  winsorizing the image intensities
  Shrink factors (level 1 out of 4): [8, 8, 8]
  Shrink factors (level 2 out of 4): [4, 4, 4]
  Shrink factors (level 3 out of 4): [2, 2, 2]
  Shrink factors (level 4 out of 4): [1, 1, 1]
  smoothing sigmas per level: [3, 2, 1, 0]
  regular sampling (percentage = 0.25)

*** Running AffineTransform registration ***

DIAGNOSTIC,Iteration,metricValue,convergenceValue,ITERATION_TIME_INDEX,SINCE_LAST
 2DIAGNOSTIC,     1, -6.677097728062e-01, 1.797693134862e+308, 8.6560e-01, 8.6560e-01, 
 2DIAGNOSTIC,     2, -6.699849355949e-01, 1.797693134862e+308, 8.7177e-01, 6.1698e-03, 
 2DIAGNOSTIC,     3, -6.727730415820e-01, 1.797693134862e+308, 8.7681e-01, 5.0359e-03, 
 2DIAGNOSTIC,     4, -6.764570861688e-01, 1.797693134862e+308, 8.8220e-01, 5.3911e-03, 
 2DIAGNOSTIC,     5, -6.820709311972e-01, 1.797693134862e+308, 8.8750e-01, 5.2979e-03, 
 2DIAGNOSTIC,     6, -6.947886916707e-01, 1.797693134862e+308, 8.9263e-01, 5.1289e-03, 
 2DIAGNOSTIC,     7, -7.098349012407e-01, 1.797693134862e+308, 8.9901e-01, 6.3839e-03, 
 2DIAGNOSTIC,     8, -7.164156382886e-01, 1.797693134862e+308, 9.0423e-01, 5.2161e-03, 
 2DIAGNOSTIC,     9, -7.242704288818e-01, 1.797693134862e+308, 9.1066e-01, 6.4390e-03, 
 2DIAGNOSTIC,    10, -7.244479270983e-01, 6.249045060254e-03, 9.1934e-01, 8.6732e-03, 
 2DIAGNOSTIC,    11, -7.247133459976e-01, 5.638660735240e-03, 9.2532e-01, 5.9788e-03, 
 2DIAGNOSTIC,    12, -7.249051753652e-01, 4.708593135966e-03, 9.3130e-01, 5.9810e-03, 
 2DIAGNOSTIC,    13, -7.250455562229e-01, 3.593227535762e-03, 9.3797e-01, 6.6688e-03, 
 2DIAGNOSTIC,    14, -7.248984348755e-01, 2.421507698559e-03, 9.4373e-01, 5.7640e-03, 
 2DIAGNOSTIC,    15, -7.248428340514e-01, 1.337065267619e-03, 9.5006e-01, 6.3331e-03, 
 2DIAGNOSTIC,    16, -7.249089174677e-01, 5.858406894764e-04, 9.5673e-01, 6.6640e-03, 
 2DIAGNOSTIC,    17, -7.249489331492e-01, 2.261538495170e-04, 9.6305e-01, 6.3181e-03, 
 2DIAGNOSTIC,    18, -7.249481278662e-01, 2.856841895620e-05, 9.6927e-01, 6.2270e-03, 
 2DIAGNOSTIC,    19, -7.249195368368e-01, 1.510689545995e-05, 9.7546e-01, 6.1882e-03, 
 2DIAGNOSTIC,    20, -7.249030661720e-01, 4.997362017971e-06, 9.8122e-01, 5.7590e-03, 
DIAGNOSTIC,Iteration,metricValue,convergenceValue,ITERATION_TIME_INDEX,SINCE_LAST
 2DIAGNOSTIC,     1, -5.977711273335e-01, 1.797693134862e+308, 1.7709e+00, 7.8964e-01, 
 2DIAGNOSTIC,     2, -5.978286150801e-01, 1.797693134862e+308, 1.8221e+00, 5.1212e-02, 
 2DIAGNOSTIC,     3, -5.978482843766e-01, 1.797693134862e+308, 1.8613e+00, 3.9184e-02, 
 2DIAGNOSTIC,     4, -5.978326591751e-01, 1.797693134862e+308, 1.8971e+00, 3.5884e-02, 
 2DIAGNOSTIC,     5, -5.978192796188e-01, 1.797693134862e+308, 1.9316e+00, 3.4441e-02, 
 2DIAGNOSTIC,     6, -5.978220347230e-01, 1.797693134862e+308, 1.9661e+00, 3.4543e-02, 
 2DIAGNOSTIC,     7, -5.977897452838e-01, 1.797693134862e+308, 2.0078e+00, 4.1720e-02, 
 2DIAGNOSTIC,     8, -5.978088659566e-01, 1.797693134862e+308, 2.0548e+00, 4.6913e-02, 
 2DIAGNOSTIC,     9, -5.978095627309e-01, 1.797693134862e+308, 2.1014e+00, 4.6651e-02, 
 2DIAGNOSTIC,    10, -5.978004085870e-01, 1.535286318605e-06, 2.1523e+00, 5.0930e-02, 
DIAGNOSTIC,Iteration,metricValue,convergenceValue,ITERATION_TIME_INDEX,SINCE_LAST
 2DIAGNOSTIC,     1, -5.239579722427e-01, 1.797693134862e+308, 3.2335e+00, 1.0812e+00, 
 2DIAGNOSTIC,     2, -5.242818224484e-01, 1.797693134862e+308, 3.5160e+00, 2.8241e-01, 
 2DIAGNOSTIC,     3, -5.246104020568e-01, 1.797693134862e+308, 3.7965e+00, 2.8054e-01, 
 2DIAGNOSTIC,     4, -5.249092240641e-01, 1.797693134862e+308, 4.0728e+00, 2.7627e-01, 
 2DIAGNOSTIC,     5, -5.251612281067e-01, 1.797693134862e+308, 4.3453e+00, 2.7249e-01, 
 2DIAGNOSTIC,     6, -5.254778053491e-01, 1.797693134862e+308, 4.6500e+00, 3.0470e-01, 
 2DIAGNOSTIC,     7, -5.255633851561e-01, 1.797693134862e+308, 4.9384e+00, 2.8840e-01, 
 2DIAGNOSTIC,     8, -5.260500994499e-01, 1.797693134862e+308, 5.2143e+00, 2.7591e-01, 
 2DIAGNOSTIC,     9, -5.268692857513e-01, 1.797693134862e+308, 5.5259e+00, 3.1161e-01, 
 2DIAGNOSTIC,    10, -5.275577993842e-01, 3.941789441753e-04, 5.8118e+00, 2.8591e-01, 
 2DIAGNOSTIC,    11, -5.286290704161e-01, 4.317995456955e-04, 6.2413e+00, 4.2956e-01, 
 2DIAGNOSTIC,    12, -5.292744930597e-01, 4.675928815683e-04, 6.6285e+00, 3.8718e-01, 
 2DIAGNOSTIC,    13, -5.293150279968e-01, 4.709573696296e-04, 6.9665e+00, 3.3800e-01, 
 2DIAGNOSTIC,    14, -5.294063721742e-01, 4.464888814107e-04, 7.2736e+00, 3.0703e-01, 
 2DIAGNOSTIC,    15, -5.296852489837e-01, 4.034687070367e-04, 7.6064e+00, 3.3286e-01, 
 2DIAGNOSTIC,    16, -5.301267534672e-01, 3.541794471429e-04, 7.9283e+00, 3.2185e-01, 
 2DIAGNOSTIC,    17, -5.310215835943e-01, 3.088765535261e-04, 8.7275e+00, 7.9922e-01, 
 2DIAGNOSTIC,    18, -5.310231903299e-01, 2.544070047031e-04, 9.1196e+00, 3.9215e-01, 
 2DIAGNOSTIC,    19, -5.310228332304e-01, 2.060584361172e-04, 9.4700e+00, 3.5037e-01, 
 2DIAGNOSTIC,    20, -5.310206415423e-01, 1.616829105483e-04, 9.8181e+00, 3.4804e-01, 
 2DIAGNOSTIC,    21, -5.310195540577e-01, 1.333604411520e-04, 1.0165e+01, 3.4724e-01, 
 2DIAGNOSTIC,    22, -5.310174772618e-01, 1.107603886722e-04, 1.0485e+01, 3.1958e-01, 
 2DIAGNOSTIC,    23, -5.310174867523e-01, 8.096701160393e-05, 1.0797e+01, 3.1165e-01, 
 2DIAGNOSTIC,    24, -5.310156957552e-01, 4.848527171099e-05, 1.1181e+01, 3.8400e-01, 
 2DIAGNOSTIC,    25, -5.310141891303e-01, 2.011715575258e-05, 1.1556e+01, 3.7519e-01, 
DIAGNOSTIC,Iteration,metricValue,convergenceValue,ITERATION_TIME_INDEX,SINCE_LAST
 2DIAGNOSTIC,     1, -4.872020648866e-01, 1.797693134862e+308, 1.4565e+01, 3.0094e+00, 
 2DIAGNOSTIC,     2, -4.873556421531e-01, 1.797693134862e+308, 1.6427e+01, 1.8622e+00, 
 2DIAGNOSTIC,     3, -4.874792441387e-01, 1.797693134862e+308, 1.8197e+01, 1.7697e+00, 
 2DIAGNOSTIC,     4, -4.876499880382e-01, 1.797693134862e+308, 2.0163e+01, 1.9662e+00, 
 2DIAGNOSTIC,     5, -4.876996834428e-01, 1.797693134862e+308, 2.2159e+01, 1.9960e+00, 
 2DIAGNOSTIC,     6, -4.880508534596e-01, 1.797693134862e+308, 2.4239e+01, 2.0797e+00, 
 2DIAGNOSTIC,     7, -4.890174139640e-01, 1.797693134862e+308, 2.6971e+01, 2.7321e+00, 
 2DIAGNOSTIC,     8, -4.892393187705e-01, 1.797693134862e+308, 2.8848e+01, 1.8775e+00, 
 2DIAGNOSTIC,     9, -4.893265144418e-01, 1.797693134862e+308, 3.0764e+01, 1.9152e+00, 
 2DIAGNOSTIC,    10, -4.895052510383e-01, 3.499420645246e-04, 3.2765e+01, 2.0016e+00, 
 2DIAGNOSTIC,    11, -4.895506330249e-01, 3.214077343649e-04, 3.5107e+01, 2.3415e+00, 
 2DIAGNOSTIC,    12, -4.895568016423e-01, 2.760145151353e-04, 3.7198e+01, 2.0918e+00, 
 2DIAGNOSTIC,    13, -4.895764844078e-01, 2.192189299626e-04, 3.8992e+01, 1.7938e+00, 
 2DIAGNOSTIC,    14, -4.896369797950e-01, 1.611311310176e-04, 4.0751e+01, 1.7585e+00, 
 2DIAGNOSTIC,    15, -4.896930394381e-01, 1.004136265556e-04, 4.3389e+01, 2.6385e+00, 
 2DIAGNOSTIC,    16, -4.896937604646e-01, 5.014510389262e-05, 4.5312e+01, 1.9233e+00, 
 2DIAGNOSTIC,    17, -4.896986740423e-01, 3.455638937041e-05, 4.7419e+01, 2.1068e+00, 
 2DIAGNOSTIC,    18, -4.897112098840e-01, 2.527488771207e-05, 4.9365e+01, 1.9456e+00, 
 2DIAGNOSTIC,    19, -4.897364775169e-01, 1.804907780101e-05, 5.1292e+01, 1.9272e+00, 
 2DIAGNOSTIC,    20, -4.897967445329e-01, 1.689695679874e-05, 5.3840e+01, 2.5482e+00, 
 2DIAGNOSTIC,    21, -4.897958353493e-01, 1.564872381122e-05, 5.5791e+01, 1.9503e+00, 
 2DIAGNOSTIC,    22, -4.898008229897e-01, 1.354523224430e-05, 5.7689e+01, 1.8988e+00, 
 2DIAGNOSTIC,    23, -4.898155563255e-01, 1.134897179453e-05, 6.1322e+01, 3.6326e+00, 
 2DIAGNOSTIC,    24, -4.898154139705e-01, 9.800481478695e-06, 6.3456e+01, 2.1340e+00, 
 2DIAGNOSTIC,    25, -4.898149999885e-01, 8.859774117423e-06, 6.5437e+01, 1.9809e+00, 
 2DIAGNOSTIC,    26, -4.898153913157e-01, 7.312862207717e-06, 6.7398e+01, 1.9615e+00, 
 2DIAGNOSTIC,    27, -4.898156429843e-01, 5.435083909780e-06, 6.9254e+01, 1.8559e+00, 
 2DIAGNOSTIC,    28, -4.898158751018e-01, 3.549171043185e-06, 7.1076e+01, 1.8214e+00, 
 2DIAGNOSTIC,    29, -4.898164770191e-01, 2.049763777399e-06, 7.3050e+01, 1.9742e+00, 
 2DIAGNOSTIC,    30, -4.898171761527e-01, 1.747250193737e-06, 7.5223e+01, 2.1738e+00, 
 2DIAGNOSTIC,    31, -4.898183296986e-01, 1.404274934835e-06, 7.7148e+01, 1.9243e+00, 
 2DIAGNOSTIC,    32, -4.898190886170e-01, 1.143139438511e-06, 7.9086e+01, 1.9381e+00, 
 2DIAGNOSTIC,    33, -4.898240118717e-01, 1.229830705954e-06, 8.1003e+01, 1.9176e+00, 
 2DIAGNOSTIC,    34, -4.898295665843e-01, 1.376922341496e-06, 8.2887e+01, 1.8833e+00, 
 2DIAGNOSTIC,    35, -4.898446401029e-01, 1.715194016084e-06, 8.4742e+01, 1.8555e+00, 
 2DIAGNOSTIC,    36, -4.898687016682e-01, 2.347656570065e-06, 8.6482e+01, 1.7401e+00, 
 2DIAGNOSTIC,    37, -4.899035993828e-01, 3.351455679659e-06, 8.8195e+01, 1.7129e+00, 
 2DIAGNOSTIC,    38, -4.901612319627e-01, 7.997346789433e-06, 9.0922e+01, 2.7272e+00, 
 2DIAGNOSTIC,    39, -4.901777067708e-01, 1.187655439366e-05, 9.2899e+01, 1.9766e+00, 
 2DIAGNOSTIC,    40, -4.901953383195e-01, 1.481484124097e-05, 9.4808e+01, 1.9088e+00, 
 2DIAGNOSTIC,    41, -4.901999778003e-01, 1.640244177875e-05, 9.6973e+01, 2.1650e+00, 
 2DIAGNOSTIC,    42, -4.902050662266e-01, 1.648758154968e-05, 9.9010e+01, 2.0372e+00, 
 2DIAGNOSTIC,    43, -4.902076624635e-01, 1.511457803643e-05, 1.0114e+02, 2.1307e+00, 
 2DIAGNOSTIC,    44, -4.902071254728e-01, 1.248545631845e-05, 1.0348e+02, 2.3416e+00, 
 2DIAGNOSTIC,    45, -4.902072058728e-01, 9.091581366871e-06, 1.0571e+02, 2.2325e+00, 
 2DIAGNOSTIC,    46, -4.902064144288e-01, 5.365303648818e-06, 1.0759e+02, 1.8710e+00, 
 2DIAGNOSTIC,    47, -4.902071719384e-01, 1.704427221798e-06, 1.0928e+02, 1.6948e+00, 
 2DIAGNOSTIC,    48, -4.902107023003e-01, 1.253370872551e-06, 1.1128e+02, 1.9971e+00, 
  Elapsed time (stage 0): 1.1238e+02


Total elapsed time: 1.1239e+02
Info [verificarlo]: loaded backend libinterflop_ieee.so
Info [interflop-ieee]: load backend with:
Info [interflop-ieee]: debug = false
Info [interflop-ieee]: debug-binary = false
Info [interflop-ieee]: no-backend-name = false
Info [interflop-ieee]: print-new-line = false
Info [interflop-ieee]: print-subnormal-normalized = false
Info [interflop-ieee]: count-op = false
All_Command_lines_OK
Using double precision for computations.
=============================================================================
The composite transform comprises the following transforms (in order): 
  1. /home/mdugre/scratch/mri-registration-rp/datasets/ds004513/derivatives/mri-registration-rp/0100/antsRegistration-r8-p10/sub-s003/affine_Composite.h5[0] (type = Euler3DTransform)
  2. /home/mdugre/scratch/mri-registration-rp/datasets/ds004513/derivatives/mri-registration-rp/0100/antsRegistration-r8-p10/sub-s003/affine_Composite.h5[1] (type = Euler3DTransform)
  3. /home/mdugre/scratch/mri-registration-rp/datasets/ds004513/derivatives/mri-registration-rp/0100/antsRegistration-r8-p10/sub-s003/affine_Composite.h5[2] (type = Euler3DTransform)
  4. /home/mdugre/scratch/mri-registration-rp/datasets/ds004513/derivatives/mri-registration-rp/0100/antsRegistration-r8-p10/sub-s003/affine_Composite.h5[3] (type = AffineTransform)
=============================================================================
  number of levels = 4
  fixed image: /templateflow/tpl-MNI152NLin2009cAsym/tpl-MNI152NLin2009cAsym_res-01_desc-brain_T1w.nii.gz
  moving image: /home/mdugre/scratch/mri-registration-rp/datasets/ds004513/derivatives/mri-registration-rp/antsBrainExtraction/sub-s003/BrainExtractionBrain.nii.gz
Dimension = 3
Number of stages = 1
Use histogram matching = false
Winsorize image intensities = true
  Lower quantile = 0.005
  Upper quantile = 0.995


Stage 1 State
   Image metric = CC
     Fixed image = Image (0x4c1aa40)
  RTTI typeinfo:   itk::Image<double, 3u>
  Reference Count: 2
  Modified Time: 1608
  Debug: Off
  Object Name: 
  Observers: 
    none
  Source: (none)
  Source output name: (none)
  Release Data: Off
  Data Released: False
  Global Release Data: Off
  PipelineMTime: 0
  UpdateMTime: 1217
  RealTimeStamp: 0 seconds 
  LargestPossibleRegion: 
    Dimension: 3
    Index: [0, 0, 0]
    Size: [193, 229, 193]
  BufferedRegion: 
    Dimension: 3
    Index: [0, 0, 0]
    Size: [193, 229, 193]
  RequestedRegion: 
    Dimension: 3
    Index: [0, 0, 0]
    Size: [193, 229, 193]
  Spacing: [1, 1, 1]
  Origin: [96, 132, -78]
  Direction: 
-1 0 0
0 -1 0
0 0 1

  IndexToPointMatrix: 
-1 0 0
0 -1 0
0 0 1

  PointToIndexMatrix: 
-1 0 0
0 -1 0
0 0 1

  Inverse Direction: 
-1 0 0
0 -1 0
0 0 1

  PixelContainer: 
    ImportImageContainer (0x4ce9780)
      RTTI typeinfo:   itk::ImportImageContainer<unsigned long, double>
      Reference Count: 1
      Modified Time: 1214
      Debug: Off
      Object Name: 
      Observers: 
        none
      Pointer: 0x1552d32fd010
      Container manages memory: true
      Size: 8530021
      Capacity: 8530021

     Moving image = Image (0x4ceb390)
  RTTI typeinfo:   itk::Image<double, 3u>
  Reference Count: 2
  Modified Time: 1609
  Debug: Off
  Object Name: 
  Observers: 
    none
  Source: (none)
  Source output name: (none)
  Release Data: Off
  Data Released: False
  Global Release Data: Off
  PipelineMTime: 0
  UpdateMTime: 1606
  RealTimeStamp: 0 seconds 
  LargestPossibleRegion: 
    Dimension: 3
    Index: [0, 0, 0]
    Size: [176, 240, 256]
  BufferedRegion: 
    Dimension: 3
    Index: [0, 0, 0]
    Size: [176, 240, 256]
  RequestedRegion: 
    Dimension: 3
    Index: [0, 0, 0]
    Size: [176, 240, 256]
  Spacing: [0.999999, 1, 1]
  Origin: [93.3499, 86.9368, -128.957]
  Direction: 
-0.999513 -0.0279216 -0.0139567
0.0279189 -0.99961 0.000389866
-0.0139622 2.01492e-08 0.999903

  IndexToPointMatrix: 
-0.999512 -0.0279216 -0.0139567
0.0279189 -0.99961 0.000389866
-0.0139621 2.01492e-08 0.999903

  PointToIndexMatrix: 
-0.999514 0.0279189 -0.0139622
-0.0279216 -0.99961 2.01716e-08
-0.0139567 0.000389866 0.999903

  Inverse Direction: 
-0.999513 0.0279189 -0.0139622
-0.0279216 -0.99961 2.01716e-08
-0.0139567 0.000389866 0.999903

  PixelContainer: 
    ImportImageContainer (0x4ca06f0)
      RTTI typeinfo:   itk::ImportImageContainer<unsigned long, double>
      Reference Count: 1
      Modified Time: 1603
      Debug: Off
      Object Name: 
      Observers: 
        none
      Pointer: 0x1552ce07c010
      Container manages memory: true
      Size: 10813440
      Capacity: 10813440

     Weighting = 1
     Sampling strategy = none
     Number of bins = 32
     Radius = 4
     Sampling percentage  = 1
   Transform = SyN
     Gradient step = 0.1
     Update field sigma (voxel space) = 3
     Total field sigma (voxel space) = 0
     Update field time sigma = 0
     Total field time sigma  = 0
     Number of time indices = 0
     Number of time point samples = 0
Registration using 1 total stages.

Stage 0
  iterations = 100x70x50x20
  convergence threshold = 1e-06
  convergence window size = 10
  number of levels = 4
  using the CC metric (radius = 4, weight = 1, use gradient filter = 0)
  preprocessing:  winsorizing the image intensities
  Shrink factors (level 1 out of 4): [8, 8, 8]
  Shrink factors (level 2 out of 4): [4, 4, 4]
  Shrink factors (level 3 out of 4): [2, 2, 2]
  Shrink factors (level 4 out of 4): [1, 1, 1]
  smoothing sigmas per level: [3, 2, 1, 0]
  Using default NONE metricSamplingStrategy 

*** Running SyN registration (varianceForUpdateField = 3, varianceForTotalField = 0) ***

XXDIAGNOSTIC,Iteration,metricValue,convergenceValue,ITERATION_TIME_INDEX,SINCE_LAST
 1DIAGNOSTIC,     1, -8.475450079425e-01, 1.797693134862e+308, 1.1691e+00, 1.1691e+00, 
 1DIAGNOSTIC,     2, -8.626149078325e-01, 1.797693134862e+308, 1.5153e+00, 3.4626e-01, 
 1DIAGNOSTIC,     3, -8.764195492608e-01, 1.797693134862e+308, 1.8627e+00, 3.4736e-01, 
 1DIAGNOSTIC,     4, -8.883777625766e-01, 1.797693134862e+308, 2.2088e+00, 3.4612e-01, 
 1DIAGNOSTIC,     5, -8.983192100510e-01, 1.797693134862e+308, 2.5417e+00, 3.3292e-01, 
 1DIAGNOSTIC,     6, -9.055107623696e-01, 1.797693134862e+308, 2.8683e+00, 3.2657e-01, 
 1DIAGNOSTIC,     7, -9.118797728818e-01, 1.797693134862e+308, 3.1984e+00, 3.3008e-01, 
