
##########################
# Experiment information #
##########################

EXPERIMENT_NAME: antsRegistration-r7-p10
VFC_BACKENDS: libinterflop_vprec.so --range-binary32=7 --precision-binary32=10 --range-binary64=7 --precision-binary64=10

SIF_IMG: /home/mdugre/projects/rrg-glatard/mdugre/containers/ants-vprec-no_metrics.simg

SUBJECT_ID: s020
INPUT_IMG: /home/mdugre/scratch/mri-registration-rp/datasets/ds004513/derivatives/mri-registration-rp/antsBrainExtraction/sub-s020/BrainExtractionBrain.nii.gz
OUTPUT_DIR: /home/mdugre/scratch/mri-registration-rp/datasets/ds004513/derivatives/mri-registration-rp/0100/antsRegistration-r7-p10/sub-s020

FIXED_IMG: /templateflow/tpl-MNI152NLin2009cAsym/tpl-MNI152NLin2009cAsym_res-01_desc-brain_T1w.nii.gz
DATA_DIR: /home/mdugre/scratch/mri-registration-rp/datasets/ds004513
TEMPLATEFLOW_DIR: /home/mdugre/projects/rrg-glatard/mdugre/templateflow
ITK_GLOBAL_DEFAULT_NUMBER_OF_THREADS: 16
##########################

Info [verificarlo]: loaded backend libinterflop_ieee.so
Info [interflop-ieee]: load backend with:
Info [interflop-ieee]: debug = false
Info [interflop-ieee]: debug-binary = false
Info [interflop-ieee]: no-backend-name = false
Info [interflop-ieee]: print-new-line = false
Info [interflop-ieee]: print-subnormal-normalized = false
Info [interflop-ieee]: count-op = false
All_Command_lines_OK
Using double precision for computations.
=============================================================================
The composite transform comprises the following transforms (in order): 
  1. Center of mass alignment using fixed image: /templateflow/tpl-MNI152NLin2009cAsym/tpl-MNI152NLin2009cAsym_res-01_desc-brain_T1w.nii.gz and moving image: /home/mdugre/scratch/mri-registration-rp/datasets/ds004513/derivatives/mri-registration-rp/antsBrainExtraction/sub-s020/BrainExtractionBrain.nii.gz (type = Euler3DTransform)
=============================================================================
  number of levels = 1
  fixed image: /templateflow/tpl-MNI152NLin2009cAsym/tpl-MNI152NLin2009cAsym_res-01_desc-brain_T1w.nii.gz
  moving image: /home/mdugre/scratch/mri-registration-rp/datasets/ds004513/derivatives/mri-registration-rp/antsBrainExtraction/sub-s020/BrainExtractionBrain.nii.gz
Dimension = 3
Number of stages = 1
Use histogram matching = false
Winsorize image intensities = true
  Lower quantile = 0.005
  Upper quantile = 0.995


Stage 1 State
   Image metric = MattesMI
     Fixed image = Image (0x3b52e70)
  RTTI typeinfo:   itk::Image<double, 3u>
  Reference Count: 2
  Modified Time: 2334
  Debug: Off
  Object Name: 
  Observers: 
    none
  Source: (none)
  Source output name: (none)
  Release Data: Off
  Data Released: False
  Global Release Data: Off
  PipelineMTime: 0
  UpdateMTime: 1943
  RealTimeStamp: 0 seconds 
  LargestPossibleRegion: 
    Dimension: 3
    Index: [0, 0, 0]
    Size: [193, 229, 193]
  BufferedRegion: 
    Dimension: 3
    Index: [0, 0, 0]
    Size: [193, 229, 193]
  RequestedRegion: 
    Dimension: 3
    Index: [0, 0, 0]
    Size: [193, 229, 193]
  Spacing: [1, 1, 1]
  Origin: [96, 132, -78]
  Direction: 
-1 0 0
0 -1 0
0 0 1

  IndexToPointMatrix: 
-1 0 0
0 -1 0
0 0 1

  PointToIndexMatrix: 
-1 0 0
0 -1 0
0 0 1

  Inverse Direction: 
-1 0 0
0 -1 0
0 0 1

  PixelContainer: 
    ImportImageContainer (0x3b5bc60)
      RTTI typeinfo:   itk::ImportImageContainer<unsigned long, double>
      Reference Count: 1
      Modified Time: 1940
      Debug: Off
      Object Name: 
      Observers: 
        none
      Pointer: 0x1460668d7010
      Container manages memory: true
      Size: 8530021
      Capacity: 8530021

     Moving image = Image (0x3b5e610)
  RTTI typeinfo:   itk::Image<double, 3u>
  Reference Count: 2
  Modified Time: 2335
  Debug: Off
  Object Name: 
  Observers: 
    none
  Source: (none)
  Source output name: (none)
  Release Data: Off
  Data Released: False
  Global Release Data: Off
  PipelineMTime: 0
  UpdateMTime: 2332
  RealTimeStamp: 0 seconds 
  LargestPossibleRegion: 
    Dimension: 3
    Index: [0, 0, 0]
    Size: [160, 240, 256]
  BufferedRegion: 
    Dimension: 3
    Index: [0, 0, 0]
    Size: [160, 240, 256]
  RequestedRegion: 
    Dimension: 3
    Index: [0, 0, 0]
    Size: [160, 240, 256]
  Spacing: [0.999995, 1, 1]
  Origin: [87.0906, 98.7205, -152.377]
  Direction: 
-0.996975 0.0261379 -0.0731913
-0.0260677 -0.999658 -0.00191374
-0.0732163 -2.46403e-08 0.997316

  IndexToPointMatrix: 
-0.996971 0.0261379 -0.0731913
-0.0260676 -0.999658 -0.00191374
-0.0732159 -2.46403e-08 0.997316

  PointToIndexMatrix: 
-0.99698 -0.0260679 -0.0732166
0.0261379 -0.999658 -2.46993e-08
-0.0731913 -0.00191374 0.997316

  Inverse Direction: 
-0.996975 -0.0260677 -0.0732163
0.0261379 -0.999658 -2.46993e-08
-0.0731913 -0.00191374 0.997316

  PixelContainer: 
    ImportImageContainer (0x3bf7ef0)
      RTTI typeinfo:   itk::ImportImageContainer<unsigned long, double>
      Reference Count: 1
      Modified Time: 2329
      Debug: Off
      Object Name: 
      Observers: 
        none
      Pointer: 0x146061dd6010
      Container manages memory: true
      Size: 9830400
      Capacity: 9830400

     Weighting = 1
     Sampling strategy = regular
     Number of bins = 32
     Radius = 4
     Sampling percentage  = 0.25
   Transform = Rigid
     Gradient step = 0.1
     Update field sigma (voxel space) = 0
     Total field sigma (voxel space) = 0
     Update field time sigma = 0
     Total field time sigma  = 0
     Number of time indices = 0
     Number of time point samples = 0
Registration using 1 total stages.

Stage 0
  iterations = 0
  convergence threshold = 1e-06
  convergence window size = 10
  number of levels = 1
  using the Mattes MI metric (number of bins = 32, weight = 1, use gradient filter = 0)
  preprocessing:  winsorizing the image intensities
  Shrink factors (level 1 out of 1): [1, 1, 1]
  smoothing sigmas per level: [0]
  regular sampling (percentage = 0.25)

*** Running Euler3DTransform registration ***

  Elapsed time (stage 0): 1.11678


Total elapsed time: 1.11902
Info [verificarlo]: loaded backend libinterflop_vprec.so
Info [interflop-vprec]: load backend with: 
Info [interflop-vprec]: precision-binary32 = 10
Info [interflop-vprec]: range-binary32 = 7
Info [interflop-vprec]: precision-binary64 = 10
Info [interflop-vprec]: range-binary64 = 7
Info [interflop-vprec]: mode = ob
Info [interflop-vprec]: error-mode = rel
Info [interflop-vprec]: max-abs-error-exponent = -1022
Info [interflop-vprec]: daz = false
Info [interflop-vprec]: ftz = false
Info [interflop-vprec]: 	instrument = none
Info [interflop-vprec]: 	prec-input-file = (null)
Info [interflop-vprec]: 	prec-output-file = (null)
Info [interflop-vprec]: 	prec-log-file = (null)
All_Command_lines_OK
Using double precision for computations.
=============================================================================
The composite transform comprises the following transforms (in order): 
  1. /home/mdugre/scratch/mri-registration-rp/datasets/ds004513/derivatives/mri-registration-rp/0100/antsRegistration-r7-p10/sub-s020/align_Composite.h5[0] (type = Euler3DTransform)
  2. /home/mdugre/scratch/mri-registration-rp/datasets/ds004513/derivatives/mri-registration-rp/0100/antsRegistration-r7-p10/sub-s020/align_Composite.h5[1] (type = Euler3DTransform)
=============================================================================
  number of levels = 4
  fixed image: /templateflow/tpl-MNI152NLin2009cAsym/tpl-MNI152NLin2009cAsym_res-01_desc-brain_T1w.nii.gz
  moving image: /home/mdugre/scratch/mri-registration-rp/datasets/ds004513/derivatives/mri-registration-rp/antsBrainExtraction/sub-s020/BrainExtractionBrain.nii.gz
Dimension = 3
Number of stages = 1
Use histogram matching = false
Winsorize image intensities = true
  Lower quantile = 0.005
  Upper quantile = 0.995


Stage 1 State
   Image metric = MattesMI
     Fixed image = Image (0x43dd1e0)
  RTTI typeinfo:   itk::Image<double, 3u>
  Reference Count: 2
  Modified Time: 1578
  Debug: Off
  Object Name: 
  Observers: 
    none
  Source: (none)
  Source output name: (none)
  Release Data: Off
  Data Released: False
  Global Release Data: Off
  PipelineMTime: 0
  UpdateMTime: 1189
  RealTimeStamp: 0 seconds 
  LargestPossibleRegion: 
    Dimension: 3
    Index: [0, 0, 0]
    Size: [193, 229, 193]
  BufferedRegion: 
    Dimension: 3
    Index: [0, 0, 0]
    Size: [193, 229, 193]
  RequestedRegion: 
    Dimension: 3
    Index: [0, 0, 0]
    Size: [193, 229, 193]
  Spacing: [1, 1, 1]
  Origin: [96, 132, -78]
  Direction: 
-1 0 0
0 -1 0
0 0 1

  IndexToPointMatrix: 
-1 0 0
0 -1 0
0 0 1

  PointToIndexMatrix: 
-1 0 0
0 -1 0
0 0 1

  Inverse Direction: 
-1 0 0
0 -1 0
0 0 1

  PixelContainer: 
    ImportImageContainer (0x449c680)
      RTTI typeinfo:   itk::ImportImageContainer<unsigned long, double>
      Reference Count: 1
      Modified Time: 1186
      Debug: Off
      Object Name: 
      Observers: 
        none
      Pointer: 0x14b5b3d71010
      Container manages memory: true
      Size: 8530021
      Capacity: 8530021

     Moving image = Image (0x4498b20)
  RTTI typeinfo:   itk::Image<double, 3u>
  Reference Count: 2
  Modified Time: 1579
  Debug: Off
  Object Name: 
  Observers: 
    none
  Source: (none)
  Source output name: (none)
  Release Data: Off
  Data Released: False
  Global Release Data: Off
  PipelineMTime: 0
  UpdateMTime: 1576
  RealTimeStamp: 0 seconds 
  LargestPossibleRegion: 
    Dimension: 3
    Index: [0, 0, 0]
    Size: [160, 240, 256]
  BufferedRegion: 
    Dimension: 3
    Index: [0, 0, 0]
    Size: [160, 240, 256]
  RequestedRegion: 
    Dimension: 3
    Index: [0, 0, 0]
    Size: [160, 240, 256]
  Spacing: [1, 1, 1]
  Origin: [87.0625, 98.75, -152.375]
  Direction: 
-0.99707 0.026123 -0.0731812
-0.0260773 -0.999512 -0.00191402
-0.0731812 0 0.99707

  IndexToPointMatrix: 
-0.99707 0.026123 -0.0731812
-0.0260773 -0.999512 -0.00191402
-0.0731812 0 0.99707

  PointToIndexMatrix: 
-0.99707 -0.0260773 -0.0731812
0.0261536 -0.999512 1.90735e-06
-0.0732422 -0.00191402 0.998535

  Inverse Direction: 
-0.99707 -0.0260773 -0.0731812
0.0261536 -0.999512 1.90735e-06
-0.0732422 -0.00191402 0.998535

  PixelContainer: 
    ImportImageContainer (0x4501d50)
      RTTI typeinfo:   itk::ImportImageContainer<unsigned long, double>
      Reference Count: 1
      Modified Time: 1573
      Debug: Off
      Object Name: 
      Observers: 
        none
      Pointer: 0x14b5af270010
      Container manages memory: true
      Size: 9830400
      Capacity: 9830400

     Weighting = 1
     Sampling strategy = regular
     Number of bins = 32
     Radius = 4
     Sampling percentage  = 0.25
   Transform = Rigid
     Gradient step = 0.1
     Update field sigma (voxel space) = 0
     Total field sigma (voxel space) = 0
     Update field time sigma = 0
     Total field time sigma  = 0
     Number of time indices = 0
     Number of time point samples = 0
Registration using 1 total stages.

Stage 0
  iterations = 1000x500x250x100
  convergence threshold = 1e-06
  convergence window size = 10
  number of levels = 4
  using the Mattes MI metric (number of bins = 32, weight = 1, use gradient filter = 0)
  preprocessing:  winsorizing the image intensities
  Shrink factors (level 1 out of 4): [8, 8, 8]
  Shrink factors (level 2 out of 4): [4, 4, 4]
  Shrink factors (level 3 out of 4): [2, 2, 2]
  Shrink factors (level 4 out of 4): [1, 1, 1]
  smoothing sigmas per level: [3, 2, 1, 0]
  regular sampling (percentage = 0.25)

*** Running Euler3DTransform registration ***

DIAGNOSTIC,Iteration,metricValue,convergenceValue,ITERATION_TIME_INDEX,SINCE_LAST
 2DIAGNOSTIC,     1, -3.796259401896e-01, 1.797693134862e+308, 0.0000e+00, 0.0000e+00, 
 2DIAGNOSTIC,     2, -3.799384927476e-01, 1.797693134862e+308, 0.0000e+00, 0.0000e+00, 
 2DIAGNOSTIC,     3, -3.801844446143e-01, 1.797693134862e+308, 0.0000e+00, 0.0000e+00, 
 2DIAGNOSTIC,     4, -3.803973943671e-01, 1.797693134862e+308, 0.0000e+00, 0.0000e+00, 
 2DIAGNOSTIC,     5, -3.805526057745e-01, 1.797693134862e+308, 0.0000e+00, 0.0000e+00, 
 2DIAGNOSTIC,     6, -3.810661250560e-01, 1.797693134862e+308, 0.0000e+00, 0.0000e+00, 
 2DIAGNOSTIC,     7, -3.812547597307e-01, 1.797693134862e+308, 0.0000e+00, 0.0000e+00, 
 2DIAGNOSTIC,     8, -3.819464742329e-01, 1.797693134862e+308, 0.0000e+00, 0.0000e+00, 
 2DIAGNOSTIC,     9, -3.823129112461e-01, 1.797693134862e+308, 0.0000e+00, 0.0000e+00, 
 2DIAGNOSTIC,    10, -3.823789949938e-01, 4.886704378701e-04, 0.0000e+00, 0.0000e+00, 
 2DIAGNOSTIC,    11, -3.824669210247e-01, 4.388386753810e-04, 0.0000e+00, 0.0000e+00, 
 2DIAGNOSTIC,    12, -3.826496273705e-01, 3.884424571113e-04, 0.0000e+00, 0.0000e+00, 
 2DIAGNOSTIC,    13, -3.832721192731e-01, 3.597655845888e-04, 0.0000e+00, 0.0000e+00, 
 2DIAGNOSTIC,    14, -3.838698836171e-01, 3.446674911207e-04, 0.0000e+00, 0.0000e+00, 
 2DIAGNOSTIC,    15, -3.846562414994e-01, 3.463055539329e-04, 0.0000e+00, 0.0000e+00, 
 2DIAGNOSTIC,    16, -3.856827572911e-01, 3.876234099066e-04, 0.0000e+00, 0.0000e+00, 
 2DIAGNOSTIC,    17, -3.878693557356e-01, 4.907868455299e-04, 0.0000e+00, 0.0000e+00, 
 2DIAGNOSTIC,    18, -3.942798772459e-01, 8.268937881362e-04, 0.0000e+00, 0.0000e+00, 
 2DIAGNOSTIC,    19, -4.033672918355e-01, 1.411033551238e-03, 0.0000e+00, 0.0000e+00, 
 2DIAGNOSTIC,    20, -4.172147105700e-01, 2.306784662080e-03, 0.0000e+00, 0.0000e+00, 
 2DIAGNOSTIC,    21, -4.423094886888e-01, 3.758202388238e-03, 0.0000e+00, 0.0000e+00, 
 2DIAGNOSTIC,    22, -5.110489769696e-01, 6.919010456664e-03, 0.0000e+00, 0.0000e+00, 
 2DIAGNOSTIC,    23, -5.145546499287e-01, 9.163734576584e-03, 0.0000e+00, 0.0000e+00, 
 2DIAGNOSTIC,    24, -5.160158446650e-01, 1.040808308507e-02, 0.0000e+00, 0.0000e+00, 
 2DIAGNOSTIC,    25, -5.162304379761e-01, 1.061139176882e-02, 0.0000e+00, 0.0000e+00, 
 2DIAGNOSTIC,    26, -5.160110227767e-01, 9.815862024874e-03, 0.0000e+00, 0.0000e+00, 
 2DIAGNOSTIC,    27, -5.160987230113e-01, 8.206477012155e-03, 0.0000e+00, 0.0000e+00, 
 2DIAGNOSTIC,    28, -5.157701823624e-01, 6.118295769234e-03, 0.0000e+00, 0.0000e+00, 
 2DIAGNOSTIC,    29, -5.161352823992e-01, 3.873732551225e-03, 0.0000e+00, 0.0000e+00, 
 2DIAGNOSTIC,    30, -5.160384493155e-01, 1.755653394728e-03, 0.0000e+00, 0.0000e+00, 
 2DIAGNOSTIC,    31, -5.162182101158e-01, 1.355700264807e-04, 0.0000e+00, 0.0000e+00, 
 2DIAGNOSTIC,    32, -5.161432334974e-01, 3.358818244670e-05, 0.0000e+00, 0.0000e+00, 
DIAGNOSTIC,Iteration,metricValue,convergenceValue,ITERATION_TIME_INDEX,SINCE_LAST
 2DIAGNOSTIC,     1, -4.094558645008e-01, 1.797693134862e+308, 0.0000e+00, 0.0000e+00, 
 2DIAGNOSTIC,     2, -4.099065828734e-01, 1.797693134862e+308, 0.0000e+00, 0.0000e+00, 
 2DIAGNOSTIC,     3, -4.098422200406e-01, 1.797693134862e+308, 0.0000e+00, 0.0000e+00, 
 2DIAGNOSTIC,     4, -4.102076687925e-01, 1.797693134862e+308, 0.0000e+00, 0.0000e+00, 
 2DIAGNOSTIC,     5, -4.102449319885e-01, 1.797693134862e+308, 0.0000e+00, 0.0000e+00, 
 2DIAGNOSTIC,     6, -4.104002828427e-01, 1.797693134862e+308, 0.0000e+00, 0.0000e+00, 
 2DIAGNOSTIC,     7, -4.099891130919e-01, 1.797693134862e+308, 0.0000e+00, 0.0000e+00, 
 2DIAGNOSTIC,     8, -4.106514715355e-01, 1.797693134862e+308, 0.0000e+00, 0.0000e+00, 
 2DIAGNOSTIC,     9, -4.109078820083e-01, 1.797693134862e+308, 0.0000e+00, 0.0000e+00, 
 2DIAGNOSTIC,    10, -4.114700957091e-01, 2.342143356300e-04, 0.0000e+00, 0.0000e+00, 
 2DIAGNOSTIC,    11, -4.117760168504e-01, 2.458192910162e-04, 0.0000e+00, 0.0000e+00, 
 2DIAGNOSTIC,    12, -4.127942932541e-01, 3.189287088198e-04, 0.0000e+00, 0.0000e+00, 
 2DIAGNOSTIC,    13, -4.136322252352e-01, 3.911877234137e-04, 0.0000e+00, 0.0000e+00, 
 2DIAGNOSTIC,    14, -4.150878324647e-01, 5.063255460865e-04, 0.0000e+00, 0.0000e+00, 
 2DIAGNOSTIC,    15, -4.164642278502e-01, 6.235586596440e-04, 0.0000e+00, 0.0000e+00, 
 2DIAGNOSTIC,    16, -4.181663013803e-01, 7.489943090644e-04, 0.0000e+00, 0.0000e+00, 
 2DIAGNOSTIC,    17, -4.205961501440e-01, 8.706231851091e-04, 0.0000e+00, 0.0000e+00, 
 2DIAGNOSTIC,    18, -4.226460433956e-01, 9.998631948416e-04, 0.0000e+00, 0.0000e+00, 
 2DIAGNOSTIC,    19, -4.228643804656e-01, 1.038691722464e-03, 0.0000e+00, 0.0000e+00, 
 2DIAGNOSTIC,    20, -4.230500775941e-01, 1.004193934057e-03, 0.0000e+00, 0.0000e+00, 
 2DIAGNOSTIC,    21, -4.229622594919e-01, 8.864757496732e-04, 0.0000e+00, 0.0000e+00, 
 2DIAGNOSTIC,    22, -4.229419070072e-01, 7.271032508906e-04, 0.0000e+00, 0.0000e+00, 
 2DIAGNOSTIC,    23, -4.229340765614e-01, 5.374008102644e-04, 0.0000e+00, 0.0000e+00, 
 2DIAGNOSTIC,    24, -4.232630494735e-01, 3.645289101186e-04, 0.0000e+00, 0.0000e+00, 
 2DIAGNOSTIC,    25, -4.232595754878e-01, 2.090763216810e-04, 0.0000e+00, 0.0000e+00, 
 2DIAGNOSTIC,    26, -4.232655360746e-01, 9.005840311781e-05, 0.0000e+00, 0.0000e+00, 
 2DIAGNOSTIC,    27, -4.232422790159e-01, 3.116770429371e-05, 0.0000e+00, 0.0000e+00, 
 2DIAGNOSTIC,    28, -4.232367891045e-01, 2.329247049410e-05, 0.0000e+00, 0.0000e+00, 
 2DIAGNOSTIC,    29, -4.232487088150e-01, 1.888978399583e-05, 0.0000e+00, 0.0000e+00, 
 2DIAGNOSTIC,    30, -4.231962720543e-01, 1.603429471900e-05, 0.0000e+00, 0.0000e+00, 
 2DIAGNOSTIC,    31, -4.232055706291e-01, 1.028417972702e-05, 0.0000e+00, 0.0000e+00, 
 2DIAGNOSTIC,    32, -4.232043451658e-01, 3.548213176864e-06, 0.0000e+00, 0.0000e+00, 
DIAGNOSTIC,Iteration,metricValue,convergenceValue,ITERATION_TIME_INDEX,SINCE_LAST
 2DIAGNOSTIC,     1, -3.608305394307e-01, 1.797693134862e+308, 0.0000e+00, 0.0000e+00, 
 2DIAGNOSTIC,     2, -3.608548632139e-01, 1.797693134862e+308, 0.0000e+00, 0.0000e+00, 
 2DIAGNOSTIC,     3, -3.608599738630e-01, 1.797693134862e+308, 0.0000e+00, 0.0000e+00, 
 2DIAGNOSTIC,     4, -3.608579037345e-01, 1.797693134862e+308, 0.0000e+00, 0.0000e+00, 
 2DIAGNOSTIC,     5, -3.608576454543e-01, 1.797693134862e+308, 0.0000e+00, 0.0000e+00, 
 2DIAGNOSTIC,     6, -3.608560962986e-01, 1.797693134862e+308, 0.0000e+00, 0.0000e+00, 
 2DIAGNOSTIC,     7, -3.608539092632e-01, 1.797693134862e+308, 0.0000e+00, 0.0000e+00, 
 2DIAGNOSTIC,     8, -3.608537850416e-01, 1.797693134862e+308, 0.0000e+00, 0.0000e+00, 
 2DIAGNOSTIC,     9, -3.608533950037e-01, 1.797693134862e+308, 0.0000e+00, 0.0000e+00, 
 2DIAGNOSTIC,    10, -3.608525653322e-01, 1.117433514941e-06, 0.0000e+00, 0.0000e+00, 
DIAGNOSTIC,Iteration,metricValue,convergenceValue,ITERATION_TIME_INDEX,SINCE_LAST
 2DIAGNOSTIC,     1, -3.317648620332e-01, 1.797693134862e+308, 0.0000e+00, 0.0000e+00, 
 2DIAGNOSTIC,     2, -3.317014987569e-01, 1.797693134862e+308, 0.0000e+00, 0.0000e+00, 
 2DIAGNOSTIC,     3, -3.318131861694e-01, 1.797693134862e+308, 0.0000e+00, 0.0000e+00, 
 2DIAGNOSTIC,     4, -3.319039694192e-01, 1.797693134862e+308, 0.0000e+00, 0.0000e+00, 
 2DIAGNOSTIC,     5, -3.319618133091e-01, 1.797693134862e+308, 0.0000e+00, 0.0000e+00, 
 2DIAGNOSTIC,     6, -3.319915037069e-01, 1.797693134862e+308, 0.0000e+00, 0.0000e+00, 
 2DIAGNOSTIC,     7, -3.321790162170e-01, 1.797693134862e+308, 0.0000e+00, 0.0000e+00, 
 2DIAGNOSTIC,     8, -3.321891400114e-01, 1.797693134862e+308, 0.0000e+00, 0.0000e+00, 
 2DIAGNOSTIC,     9, -3.321763776115e-01, 1.797693134862e+308, 0.0000e+00, 0.0000e+00, 
 2DIAGNOSTIC,    10, -3.321786785735e-01, 1.049529896533e-04, 0.0000e+00, 0.0000e+00, 
 2DIAGNOSTIC,    11, -3.321842972247e-01, 8.798122513017e-05, 0.0000e+00, 0.0000e+00, 
 2DIAGNOSTIC,    12, -3.321749890903e-01, 6.041448094693e-05, 0.0000e+00, 0.0000e+00, 
 2DIAGNOSTIC,    13, -3.321740421347e-01, 3.880857750155e-05, 0.0000e+00, 0.0000e+00, 
 2DIAGNOSTIC,    14, -3.321739090668e-01, 2.242436106771e-05, 0.0000e+00, 0.0000e+00, 
 2DIAGNOSTIC,    15, -3.321711358728e-01, 9.403427320809e-06, 0.0000e+00, 0.0000e+00, 
  Elapsed time (stage 0): 0.0000e+00


Total elapsed time: 0.0000e+00
Info [verificarlo]: loaded backend libinterflop_ieee.so
Info [interflop-ieee]: load backend with:
Info [interflop-ieee]: debug = false
Info [interflop-ieee]: debug-binary = false
Info [interflop-ieee]: no-backend-name = false
Info [interflop-ieee]: print-new-line = false
Info [interflop-ieee]: print-subnormal-normalized = false
Info [interflop-ieee]: count-op = false
All_Command_lines_OK
Using double precision for computations.
=============================================================================
The composite transform comprises the following transforms (in order): 
  1. /home/mdugre/scratch/mri-registration-rp/datasets/ds004513/derivatives/mri-registration-rp/0100/antsRegistration-r7-p10/sub-s020/rigid_Composite.h5[0] (type = Euler3DTransform)
  2. /home/mdugre/scratch/mri-registration-rp/datasets/ds004513/derivatives/mri-registration-rp/0100/antsRegistration-r7-p10/sub-s020/rigid_Composite.h5[1] (type = Euler3DTransform)
  3. /home/mdugre/scratch/mri-registration-rp/datasets/ds004513/derivatives/mri-registration-rp/0100/antsRegistration-r7-p10/sub-s020/rigid_Composite.h5[2] (type = Euler3DTransform)
=============================================================================
  number of levels = 4
  fixed image: /templateflow/tpl-MNI152NLin2009cAsym/tpl-MNI152NLin2009cAsym_res-01_desc-brain_T1w.nii.gz
  moving image: /home/mdugre/scratch/mri-registration-rp/datasets/ds004513/derivatives/mri-registration-rp/antsBrainExtraction/sub-s020/BrainExtractionBrain.nii.gz
Dimension = 3
Number of stages = 1
Use histogram matching = false
Winsorize image intensities = true
  Lower quantile = 0.005
  Upper quantile = 0.995


Stage 1 State
   Image metric = MattesMI
     Fixed image = Image (0x42407e0)
  RTTI typeinfo:   itk::Image<double, 3u>
  Reference Count: 2
  Modified Time: 1594
  Debug: Off
  Object Name: 
  Observers: 
    none
  Source: (none)
  Source output name: (none)
  Release Data: Off
  Data Released: False
  Global Release Data: Off
  PipelineMTime: 0
  UpdateMTime: 1203
  RealTimeStamp: 0 seconds 
  LargestPossibleRegion: 
    Dimension: 3
    Index: [0, 0, 0]
    Size: [193, 229, 193]
  BufferedRegion: 
    Dimension: 3
    Index: [0, 0, 0]
    Size: [193, 229, 193]
  RequestedRegion: 
    Dimension: 3
    Index: [0, 0, 0]
    Size: [193, 229, 193]
  Spacing: [1, 1, 1]
  Origin: [96, 132, -78]
  Direction: 
-1 0 0
0 -1 0
0 0 1

  IndexToPointMatrix: 
-1 0 0
0 -1 0
0 0 1

  PointToIndexMatrix: 
-1 0 0
0 -1 0
0 0 1

  Inverse Direction: 
-1 0 0
0 -1 0
0 0 1

  PixelContainer: 
    ImportImageContainer (0x4300a20)
      RTTI typeinfo:   itk::ImportImageContainer<unsigned long, double>
      Reference Count: 1
      Modified Time: 1200
      Debug: Off
      Object Name: 
      Observers: 
        none
      Pointer: 0x151f974ea010
      Container manages memory: true
      Size: 8530021
      Capacity: 8530021

     Moving image = Image (0x42b5e20)
  RTTI typeinfo:   itk::Image<double, 3u>
  Reference Count: 2
  Modified Time: 1595
  Debug: Off
  Object Name: 
  Observers: 
    none
  Source: (none)
  Source output name: (none)
  Release Data: Off
  Data Released: False
  Global Release Data: Off
  PipelineMTime: 0
  UpdateMTime: 1592
  RealTimeStamp: 0 seconds 
  LargestPossibleRegion: 
    Dimension: 3
    Index: [0, 0, 0]
    Size: [160, 240, 256]
  BufferedRegion: 
    Dimension: 3
    Index: [0, 0, 0]
    Size: [160, 240, 256]
  RequestedRegion: 
    Dimension: 3
    Index: [0, 0, 0]
    Size: [160, 240, 256]
  Spacing: [0.999995, 1, 1]
  Origin: [87.0906, 98.7205, -152.377]
  Direction: 
-0.996975 0.0261379 -0.0731913
-0.0260677 -0.999658 -0.00191374
-0.0732163 -2.46403e-08 0.997316

  IndexToPointMatrix: 
-0.996971 0.0261379 -0.0731913
-0.0260676 -0.999658 -0.00191374
-0.0732159 -2.46403e-08 0.997316

  PointToIndexMatrix: 
-0.99698 -0.0260679 -0.0732166
0.0261379 -0.999658 -2.46993e-08
-0.0731913 -0.00191374 0.997316

  Inverse Direction: 
-0.996975 -0.0260677 -0.0732163
0.0261379 -0.999658 -2.46993e-08
-0.0731913 -0.00191374 0.997316

  PixelContainer: 
    ImportImageContainer (0x434f550)
      RTTI typeinfo:   itk::ImportImageContainer<unsigned long, double>
      Reference Count: 1
      Modified Time: 1589
      Debug: Off
      Object Name: 
      Observers: 
        none
      Pointer: 0x151f929e9010
      Container manages memory: true
      Size: 9830400
      Capacity: 9830400

     Weighting = 1
     Sampling strategy = regular
     Number of bins = 32
     Radius = 4
     Sampling percentage  = 0.25
   Transform = Affine
     Gradient step = 0.1
     Update field sigma (voxel space) = 0
     Total field sigma (voxel space) = 0
     Update field time sigma = 0
     Total field time sigma  = 0
     Number of time indices = 0
     Number of time point samples = 0
Registration using 1 total stages.

Stage 0
  iterations = 1000x500x250x100
  convergence threshold = 1e-06
  convergence window size = 10
  number of levels = 4
  using the Mattes MI metric (number of bins = 32, weight = 1, use gradient filter = 0)
  preprocessing:  winsorizing the image intensities
  Shrink factors (level 1 out of 4): [8, 8, 8]
  Shrink factors (level 2 out of 4): [4, 4, 4]
  Shrink factors (level 3 out of 4): [2, 2, 2]
  Shrink factors (level 4 out of 4): [1, 1, 1]
  smoothing sigmas per level: [3, 2, 1, 0]
  regular sampling (percentage = 0.25)

*** Running AffineTransform registration ***

DIAGNOSTIC,Iteration,metricValue,convergenceValue,ITERATION_TIME_INDEX,SINCE_LAST
 2DIAGNOSTIC,     1, -5.148747762432e-01, 1.797693134862e+308, 1.1611e+00, 1.1611e+00, 
 2DIAGNOSTIC,     2, -5.166430470601e-01, 1.797693134862e+308, 1.1679e+00, 6.7911e-03, 
 2DIAGNOSTIC,     3, -5.194967197506e-01, 1.797693134862e+308, 1.1742e+00, 6.3250e-03, 
 2DIAGNOSTIC,     4, -5.237759293977e-01, 1.797693134862e+308, 1.1810e+00, 6.7670e-03, 
 2DIAGNOSTIC,     5, -5.301735214906e-01, 1.797693134862e+308, 1.1875e+00, 6.5551e-03, 
 2DIAGNOSTIC,     6, -5.398790527714e-01, 1.797693134862e+308, 1.1940e+00, 6.5160e-03, 
 2DIAGNOSTIC,     7, -5.579273595540e-01, 1.797693134862e+308, 1.2010e+00, 6.9959e-03, 
 2DIAGNOSTIC,     8, -5.995212211323e-01, 1.797693134862e+308, 1.2086e+00, 7.6120e-03, 
 2DIAGNOSTIC,     9, -7.168924439181e-01, 1.797693134862e+308, 1.2185e+00, 9.8460e-03, 
 2DIAGNOSTIC,    10, -7.368357672390e-01, 2.324073283693e-02, 1.2259e+00, 7.4570e-03, 
 2DIAGNOSTIC,    11, -7.524686757907e-01, 2.605717065225e-02, 1.2342e+00, 8.2788e-03, 
 2DIAGNOSTIC,    12, -7.860542292351e-01, 2.731315952761e-02, 1.2443e+00, 1.0066e-02, 
 2DIAGNOSTIC,    13, -8.000606661732e-01, 2.640616352846e-02, 1.2520e+00, 7.7369e-03, 
 2DIAGNOSTIC,    14, -8.134298545104e-01, 2.378506593051e-02, 1.2618e+00, 9.7480e-03, 
 2DIAGNOSTIC,    15, -8.245059560317e-01, 1.996243418934e-02, 1.2703e+00, 8.5590e-03, 
 2DIAGNOSTIC,    16, -8.458059437571e-01, 1.578039226551e-02, 1.2789e+00, 8.6210e-03, 
 2DIAGNOSTIC,    17, -8.480104175237e-01, 1.128055715181e-02, 1.2879e+00, 8.9979e-03, 
 2DIAGNOSTIC,    18, -8.496793715066e-01, 7.308898352204e-03, 1.2961e+00, 8.1880e-03, 
 2DIAGNOSTIC,    19, -8.504559220878e-01, 5.744599077082e-03, 1.3038e+00, 7.7069e-03, 
 2DIAGNOSTIC,    20, -8.513683890273e-01, 4.264941813188e-03, 1.3111e+00, 7.2641e-03, 
 2DIAGNOSTIC,    21, -8.533456011484e-01, 2.880572040132e-03, 1.3185e+00, 7.3812e-03, 
 2DIAGNOSTIC,    22, -8.564601634009e-01, 2.041269335697e-03, 1.3269e+00, 8.3921e-03, 
 2DIAGNOSTIC,    23, -8.576484416928e-01, 1.360759377559e-03, 1.3373e+00, 1.0431e-02, 
 2DIAGNOSTIC,    24, -8.582691181800e-01, 8.491776160403e-04, 1.3454e+00, 8.0540e-03, 
 2DIAGNOSTIC,    25, -8.582777918163e-01, 4.708482125377e-04, 1.3536e+00, 8.2650e-03, 
 2DIAGNOSTIC,    26, -8.584439791645e-01, 4.009364220894e-04, 1.3616e+00, 7.9460e-03, 
 2DIAGNOSTIC,    27, -8.585536342407e-01, 3.313768377044e-04, 1.3698e+00, 8.2350e-03, 
 2DIAGNOSTIC,    28, -8.584649690437e-01, 2.579623596946e-04, 1.3778e+00, 7.9708e-03, 
 2DIAGNOSTIC,    29, -8.586178891100e-01, 1.789459665175e-04, 1.3857e+00, 7.9291e-03, 
 2DIAGNOSTIC,    30, -8.585961314715e-01, 1.003684530675e-04, 1.3938e+00, 8.0869e-03, 
 2DIAGNOSTIC,    31, -8.585543904690e-01, 4.089069712387e-05, 1.4017e+00, 7.9319e-03, 
 2DIAGNOSTIC,    32, -8.584813389651e-01, 1.719266662702e-05, 1.4091e+00, 7.3709e-03, 
 2DIAGNOSTIC,    33, -8.584402436779e-01, 6.420172375149e-06, 1.4173e+00, 8.1699e-03, 
 2DIAGNOSTIC,    34, -8.585085658812e-01, 3.400636768722e-06, 1.4249e+00, 7.6659e-03, 
DIAGNOSTIC,Iteration,metricValue,convergenceValue,ITERATION_TIME_INDEX,SINCE_LAST
 2DIAGNOSTIC,     1, -7.180985680019e-01, 1.797693134862e+308, 2.2226e+00, 7.9766e-01, 
 2DIAGNOSTIC,     2, -7.189278752782e-01, 1.797693134862e+308, 2.2581e+00, 3.5499e-02, 
 2DIAGNOSTIC,     3, -7.193099107772e-01, 1.797693134862e+308, 2.2958e+00, 3.7687e-02, 
 2DIAGNOSTIC,     4, -7.192958736221e-01, 1.797693134862e+308, 2.3537e+00, 5.7886e-02, 
 2DIAGNOSTIC,     5, -7.193071768137e-01, 1.797693134862e+308, 2.3939e+00, 4.0199e-02, 
 2DIAGNOSTIC,     6, -7.192918628287e-01, 1.797693134862e+308, 2.4319e+00, 3.8009e-02, 
 2DIAGNOSTIC,     7, -7.192735200112e-01, 1.797693134862e+308, 2.4637e+00, 3.1832e-02, 
 2DIAGNOSTIC,     8, -7.192606395470e-01, 1.797693134862e+308, 2.5033e+00, 3.9571e-02, 
 2DIAGNOSTIC,     9, -7.192667576785e-01, 1.797693134862e+308, 2.5392e+00, 3.5873e-02, 
 2DIAGNOSTIC,    10, -7.192595847113e-01, 5.888580850200e-05, 2.5740e+00, 3.4884e-02, 
 2DIAGNOSTIC,    11, -7.192416886022e-01, 1.096380418358e-05, 2.6088e+00, 3.4748e-02, 
DIAGNOSTIC,Iteration,metricValue,convergenceValue,ITERATION_TIME_INDEX,SINCE_LAST
 2DIAGNOSTIC,     1, -5.957570963329e-01, 1.797693134862e+308, 3.6328e+00, 1.0240e+00, 
 2DIAGNOSTIC,     2, -5.960582941319e-01, 1.797693134862e+308, 3.8760e+00, 2.4322e-01, 
 2DIAGNOSTIC,     3, -5.962675941256e-01, 1.797693134862e+308, 4.1097e+00, 2.3373e-01, 
 2DIAGNOSTIC,     4, -5.964747594126e-01, 1.797693134862e+308, 4.3884e+00, 2.7869e-01, 
 2DIAGNOSTIC,     5, -5.968284014940e-01, 1.797693134862e+308, 4.6954e+00, 3.0697e-01, 
 2DIAGNOSTIC,     6, -5.970471538215e-01, 1.797693134862e+308, 4.9688e+00, 2.7345e-01, 
 2DIAGNOSTIC,     7, -5.971868640901e-01, 1.797693134862e+308, 5.3520e+00, 3.8315e-01, 
 2DIAGNOSTIC,     8, -5.972021034742e-01, 1.797693134862e+308, 5.6356e+00, 2.8364e-01, 
 2DIAGNOSTIC,     9, -5.972125232985e-01, 1.797693134862e+308, 5.9193e+00, 2.8373e-01, 
 2DIAGNOSTIC,    10, -5.972156144717e-01, 1.694790478653e-04, 6.2412e+00, 3.2191e-01, 
 2DIAGNOSTIC,    11, -5.972259622320e-01, 1.202841658322e-04, 6.5467e+00, 3.0549e-01, 
 2DIAGNOSTIC,    12, -5.972214865507e-01, 8.050244603548e-05, 6.9222e+00, 3.7551e-01, 
 2DIAGNOSTIC,    13, -5.972190448937e-01, 4.744367731230e-05, 7.2481e+00, 3.2584e-01, 
 2DIAGNOSTIC,    14, -5.972178172807e-01, 2.184832151875e-05, 7.5662e+00, 3.1812e-01, 
 2DIAGNOSTIC,    15, -5.972158612957e-01, 8.900236798892e-06, 7.9223e+00, 3.5612e-01, 
 2DIAGNOSTIC,    16, -5.972140687118e-01, 3.292607253208e-06, 8.2844e+00, 3.6208e-01, 
 2DIAGNOSTIC,    17, -5.972143449603e-01, 2.139831674068e-06, 8.6129e+00, 3.2852e-01, 
 2DIAGNOSTIC,    18, -5.972133776328e-01, 1.465548413147e-06, 8.8960e+00, 2.8307e-01, 
 2DIAGNOSTIC,    19, -5.972125980245e-01, 1.131918052392e-06, 9.1790e+00, 2.8299e-01, 
DIAGNOSTIC,Iteration,metricValue,convergenceValue,ITERATION_TIME_INDEX,SINCE_LAST
 2DIAGNOSTIC,     1, -5.292285768519e-01, 1.797693134862e+308, 1.2088e+01, 2.9087e+00, 
 2DIAGNOSTIC,     2, -5.295924498349e-01, 1.797693134862e+308, 1.3840e+01, 1.7524e+00, 
 2DIAGNOSTIC,     3, -5.299179055536e-01, 1.797693134862e+308, 1.5694e+01, 1.8543e+00, 
 2DIAGNOSTIC,     4, -5.302479874479e-01, 1.797693134862e+308, 1.7623e+01, 1.9289e+00, 
 2DIAGNOSTIC,     5, -5.306392068406e-01, 1.797693134862e+308, 2.0741e+01, 3.1176e+00, 
 2DIAGNOSTIC,     6, -5.306379155716e-01, 1.797693134862e+308, 2.3414e+01, 2.6728e+00, 
 2DIAGNOSTIC,     7, -5.306380209533e-01, 1.797693134862e+308, 2.5277e+01, 1.8632e+00, 
 2DIAGNOSTIC,     8, -5.306368479821e-01, 1.797693134862e+308, 2.7067e+01, 1.7901e+00, 
 2DIAGNOSTIC,     9, -5.306371254668e-01, 1.797693134862e+308, 2.9205e+01, 2.1377e+00, 
 2DIAGNOSTIC,    10, -5.306369229598e-01, 1.643785967436e-04, 3.1627e+01, 2.4221e+00, 
 2DIAGNOSTIC,    11, -5.306369361406e-01, 9.764396458770e-05, 3.3537e+01, 1.9106e+00, 
 2DIAGNOSTIC,    12, -5.306368986396e-01, 4.983734824754e-05, 3.5319e+01, 1.7813e+00, 
 2DIAGNOSTIC,    13, -5.306365355946e-01, 1.833400348067e-05, 3.7026e+01, 1.7075e+00, 
 2DIAGNOSTIC,    14, -5.306366662255e-01, 2.099967902902e-06, 3.8875e+01, 1.8483e+00, 
 2DIAGNOSTIC,    15, -5.306366652224e-01, 2.023129332451e-06, 4.0615e+01, 1.7401e+00, 
 2DIAGNOSTIC,    16, -5.306372279218e-01, 1.939984899099e-06, 4.3305e+01, 2.6908e+00, 
 2DIAGNOSTIC,    17, -5.306371535088e-01, 1.872792946236e-06, 4.5228e+01, 1.9223e+00, 
 2DIAGNOSTIC,    18, -5.306370790210e-01, 1.775988456860e-06, 4.7022e+01, 1.7939e+00, 
 2DIAGNOSTIC,    19, -5.306370423322e-01, 1.695837148284e-06, 4.8978e+01, 1.9565e+00, 
 2DIAGNOSTIC,    20, -5.306371348563e-01, 1.618523345452e-06, 5.1014e+01, 2.0357e+00, 
 2DIAGNOSTIC,    21, -5.306368059358e-01, 1.537584379936e-06, 5.3163e+01, 2.1496e+00, 
 2DIAGNOSTIC,    22, -5.306367202288e-01, 1.459438330430e-06, 5.5284e+01, 2.1206e+00, 
 2DIAGNOSTIC,    23, -5.306366345083e-01, 1.376576438145e-06, 5.6936e+01, 1.6518e+00, 
 2DIAGNOSTIC,    24, -5.306365788793e-01, 1.302988904266e-06, 5.8576e+01, 1.6399e+00, 
 2DIAGNOSTIC,    25, -5.306367038266e-01, 1.239673340481e-06, 6.0427e+01, 1.8510e+00, 
 2DIAGNOSTIC,    26, -5.306367524762e-01, 1.196946974209e-06, 6.2093e+01, 1.6664e+00, 
 2DIAGNOSTIC,    27, -5.306365750025e-01, 1.155022816474e-06, 6.4038e+01, 1.9445e+00, 
 2DIAGNOSTIC,    28, -5.306367294739e-01, 1.119956587269e-06, 6.5929e+01, 1.8914e+00, 
 2DIAGNOSTIC,    29, -5.306364405739e-01, 1.082602153112e-06, 6.8695e+01, 2.7661e+00, 
 2DIAGNOSTIC,    30, -5.306363317778e-01, 1.049040317738e-06, 7.1055e+01, 2.3599e+00, 
 2DIAGNOSTIC,    31, -5.306362105166e-01, 1.010991073642e-06, 7.3190e+01, 2.1352e+00, 
  Elapsed time (stage 0): 7.4335e+01


Total elapsed time: 7.4337e+01
Info [verificarlo]: loaded backend libinterflop_ieee.so
Info [interflop-ieee]: load backend with:
Info [interflop-ieee]: debug = false
Info [interflop-ieee]: debug-binary = false
Info [interflop-ieee]: no-backend-name = false
Info [interflop-ieee]: print-new-line = false
Info [interflop-ieee]: print-subnormal-normalized = false
Info [interflop-ieee]: count-op = false
All_Command_lines_OK
Using double precision for computations.
=============================================================================
The composite transform comprises the following transforms (in order): 
  1. /home/mdugre/scratch/mri-registration-rp/datasets/ds004513/derivatives/mri-registration-rp/0100/antsRegistration-r7-p10/sub-s020/affine_Composite.h5[0] (type = Euler3DTransform)
  2. /home/mdugre/scratch/mri-registration-rp/datasets/ds004513/derivatives/mri-registration-rp/0100/antsRegistration-r7-p10/sub-s020/affine_Composite.h5[1] (type = Euler3DTransform)
  3. /home/mdugre/scratch/mri-registration-rp/datasets/ds004513/derivatives/mri-registration-rp/0100/antsRegistration-r7-p10/sub-s020/affine_Composite.h5[2] (type = Euler3DTransform)
  4. /home/mdugre/scratch/mri-registration-rp/datasets/ds004513/derivatives/mri-registration-rp/0100/antsRegistration-r7-p10/sub-s020/affine_Composite.h5[3] (type = AffineTransform)
=============================================================================
  number of levels = 4
  fixed image: /templateflow/tpl-MNI152NLin2009cAsym/tpl-MNI152NLin2009cAsym_res-01_desc-brain_T1w.nii.gz
  moving image: /home/mdugre/scratch/mri-registration-rp/datasets/ds004513/derivatives/mri-registration-rp/antsBrainExtraction/sub-s020/BrainExtractionBrain.nii.gz
Dimension = 3
Number of stages = 1
Use histogram matching = false
Winsorize image intensities = true
  Lower quantile = 0.005
  Upper quantile = 0.995


Stage 1 State
   Image metric = CC
     Fixed image = Image (0x4d15a40)
  RTTI typeinfo:   itk::Image<double, 3u>
  Reference Count: 2
  Modified Time: 1608
  Debug: Off
  Object Name: 
  Observers: 
    none
  Source: (none)
  Source output name: (none)
  Release Data: Off
  Data Released: False
  Global Release Data: Off
  PipelineMTime: 0
  UpdateMTime: 1217
  RealTimeStamp: 0 seconds 
  LargestPossibleRegion: 
    Dimension: 3
    Index: [0, 0, 0]
    Size: [193, 229, 193]
  BufferedRegion: 
    Dimension: 3
    Index: [0, 0, 0]
    Size: [193, 229, 193]
  RequestedRegion: 
    Dimension: 3
    Index: [0, 0, 0]
    Size: [193, 229, 193]
  Spacing: [1, 1, 1]
  Origin: [96, 132, -78]
  Direction: 
-1 0 0
0 -1 0
0 0 1

  IndexToPointMatrix: 
-1 0 0
0 -1 0
0 0 1

  PointToIndexMatrix: 
-1 0 0
0 -1 0
0 0 1

  Inverse Direction: 
-1 0 0
0 -1 0
0 0 1

  PixelContainer: 
    ImportImageContainer (0x4de4780)
      RTTI typeinfo:   itk::ImportImageContainer<unsigned long, double>
      Reference Count: 1
      Modified Time: 1214
      Debug: Off
      Object Name: 
      Observers: 
        none
      Pointer: 0x14ea79705010
      Container manages memory: true
      Size: 8530021
      Capacity: 8530021

     Moving image = Image (0x4de6390)
  RTTI typeinfo:   itk::Image<double, 3u>
  Reference Count: 2
  Modified Time: 1609
  Debug: Off
  Object Name: 
  Observers: 
    none
  Source: (none)
  Source output name: (none)
  Release Data: Off
  Data Released: False
  Global Release Data: Off
  PipelineMTime: 0
  UpdateMTime: 1606
  RealTimeStamp: 0 seconds 
  LargestPossibleRegion: 
    Dimension: 3
    Index: [0, 0, 0]
    Size: [160, 240, 256]
  BufferedRegion: 
    Dimension: 3
    Index: [0, 0, 0]
    Size: [160, 240, 256]
  RequestedRegion: 
    Dimension: 3
    Index: [0, 0, 0]
    Size: [160, 240, 256]
  Spacing: [0.999995, 1, 1]
  Origin: [87.0906, 98.7205, -152.377]
  Direction: 
-0.996975 0.0261379 -0.0731913
-0.0260677 -0.999658 -0.00191374
-0.0732163 -2.46403e-08 0.997316

  IndexToPointMatrix: 
-0.996971 0.0261379 -0.0731913
-0.0260676 -0.999658 -0.00191374
-0.0732159 -2.46403e-08 0.997316

  PointToIndexMatrix: 
-0.99698 -0.0260679 -0.0732166
0.0261379 -0.999658 -2.46993e-08
-0.0731913 -0.00191374 0.997316

  Inverse Direction: 
-0.996975 -0.0260677 -0.0732163
0.0261379 -0.999658 -2.46993e-08
-0.0731913 -0.00191374 0.997316

  PixelContainer: 
    ImportImageContainer (0x4d9b6f0)
      RTTI typeinfo:   itk::ImportImageContainer<unsigned long, double>
      Reference Count: 1
      Modified Time: 1603
      Debug: Off
      Object Name: 
      Observers: 
        none
      Pointer: 0x14ea74c04010
      Container manages memory: true
      Size: 9830400
      Capacity: 9830400

     Weighting = 1
     Sampling strategy = none
     Number of bins = 32
     Radius = 4
     Sampling percentage  = 1
   Transform = SyN
     Gradient step = 0.1
     Update field sigma (voxel space) = 3
     Total field sigma (voxel space) = 0
     Update field time sigma = 0
     Total field time sigma  = 0
     Number of time indices = 0
     Number of time point samples = 0
Registration using 1 total stages.

Stage 0
  iterations = 100x70x50x20
  convergence threshold = 1e-06
  convergence window size = 10
  number of levels = 4
  using the CC metric (radius = 4, weight = 1, use gradient filter = 0)
  preprocessing:  winsorizing the image intensities
  Shrink factors (level 1 out of 4): [8, 8, 8]
  Shrink factors (level 2 out of 4): [4, 4, 4]
  Shrink factors (level 3 out of 4): [2, 2, 2]
  Shrink factors (level 4 out of 4): [1, 1, 1]
  smoothing sigmas per level: [3, 2, 1, 0]
  Using default NONE metricSamplingStrategy 

*** Running SyN registration (varianceForUpdateField = 3, varianceForTotalField = 0) ***

XXDIAGNOSTIC,Iteration,metricValue,convergenceValue,ITERATION_TIME_INDEX,SINCE_LAST
 1DIAGNOSTIC,     1, -9.047317154368e-01, 1.797693134862e+308, 1.0391e+00, 1.0391e+00, 
 1DIAGNOSTIC,     2, -9.120728269295e-01, 1.797693134862e+308, 1.3733e+00, 3.3414e-01, 
 1DIAGNOSTIC,     3, -9.173935402239e-01, 1.797693134862e+308, 1.7011e+00, 3.2782e-01, 
 1DIAGNOSTIC,     4, -9.209302096698e-01, 1.797693134862e+308, 2.0472e+00, 3.4613e-01, 
 1DIAGNOSTIC,     5, -9.234651222005e-01, 1.797693134862e+308, 2.3685e+00, 3.2130e-01, 
