
##########################
# Experiment information #
##########################

EXPERIMENT_NAME: antsRegistration-r8-p18
VFC_BACKENDS: libinterflop_vprec.so --range-binary32=8 --precision-binary32=18 --range-binary64=8 --precision-binary64=18

SIF_IMG: /home/mdugre/projects/rrg-glatard/mdugre/containers/ants-vprec-no_metrics.simg

SUBJECT_ID: s003
INPUT_IMG: /home/mdugre/scratch/mri-registration-rp/datasets/ds004513/derivatives/mri-registration-rp/antsBrainExtraction/sub-s003/BrainExtractionBrain.nii.gz
OUTPUT_DIR: /home/mdugre/scratch/mri-registration-rp/datasets/ds004513/derivatives/mri-registration-rp/0100/antsRegistration-r8-p18/sub-s003

FIXED_IMG: /templateflow/tpl-MNI152NLin2009cAsym/tpl-MNI152NLin2009cAsym_res-01_desc-brain_T1w.nii.gz
DATA_DIR: /home/mdugre/scratch/mri-registration-rp/datasets/ds004513
TEMPLATEFLOW_DIR: /home/mdugre/projects/rrg-glatard/mdugre/templateflow
ITK_GLOBAL_DEFAULT_NUMBER_OF_THREADS: 16
##########################

Info [verificarlo]: loaded backend libinterflop_ieee.so
Info [interflop-ieee]: load backend with:
Info [interflop-ieee]: debug = false
Info [interflop-ieee]: debug-binary = false
Info [interflop-ieee]: no-backend-name = false
Info [interflop-ieee]: print-new-line = false
Info [interflop-ieee]: print-subnormal-normalized = false
Info [interflop-ieee]: count-op = false
All_Command_lines_OK
Using double precision for computations.
=============================================================================
The composite transform comprises the following transforms (in order): 
  1. Center of mass alignment using fixed image: /templateflow/tpl-MNI152NLin2009cAsym/tpl-MNI152NLin2009cAsym_res-01_desc-brain_T1w.nii.gz and moving image: /home/mdugre/scratch/mri-registration-rp/datasets/ds004513/derivatives/mri-registration-rp/antsBrainExtraction/sub-s003/BrainExtractionBrain.nii.gz (type = Euler3DTransform)
=============================================================================
  number of levels = 1
  fixed image: /templateflow/tpl-MNI152NLin2009cAsym/tpl-MNI152NLin2009cAsym_res-01_desc-brain_T1w.nii.gz
  moving image: /home/mdugre/scratch/mri-registration-rp/datasets/ds004513/derivatives/mri-registration-rp/antsBrainExtraction/sub-s003/BrainExtractionBrain.nii.gz
Dimension = 3
Number of stages = 1
Use histogram matching = false
Winsorize image intensities = true
  Lower quantile = 0.005
  Upper quantile = 0.995


Stage 1 State
   Image metric = MattesMI
     Fixed image = Image (0x3e42e70)
  RTTI typeinfo:   itk::Image<double, 3u>
  Reference Count: 2
  Modified Time: 2334
  Debug: Off
  Object Name: 
  Observers: 
    none
  Source: (none)
  Source output name: (none)
  Release Data: Off
  Data Released: False
  Global Release Data: Off
  PipelineMTime: 0
  UpdateMTime: 1943
  RealTimeStamp: 0 seconds 
  LargestPossibleRegion: 
    Dimension: 3
    Index: [0, 0, 0]
    Size: [193, 229, 193]
  BufferedRegion: 
    Dimension: 3
    Index: [0, 0, 0]
    Size: [193, 229, 193]
  RequestedRegion: 
    Dimension: 3
    Index: [0, 0, 0]
    Size: [193, 229, 193]
  Spacing: [1, 1, 1]
  Origin: [96, 132, -78]
  Direction: 
-1 0 0
0 -1 0
0 0 1

  IndexToPointMatrix: 
-1 0 0
0 -1 0
0 0 1

  PointToIndexMatrix: 
-1 0 0
0 -1 0
0 0 1

  Inverse Direction: 
-1 0 0
0 -1 0
0 0 1

  PixelContainer: 
    ImportImageContainer (0x3e4f140)
      RTTI typeinfo:   itk::ImportImageContainer<unsigned long, double>
      Reference Count: 1
      Modified Time: 1940
      Debug: Off
      Object Name: 
      Observers: 
        none
      Pointer: 0x1527335f4010
      Container manages memory: true
      Size: 8530021
      Capacity: 8530021

     Moving image = Image (0x3e4c310)
  RTTI typeinfo:   itk::Image<double, 3u>
  Reference Count: 2
  Modified Time: 2335
  Debug: Off
  Object Name: 
  Observers: 
    none
  Source: (none)
  Source output name: (none)
  Release Data: Off
  Data Released: False
  Global Release Data: Off
  PipelineMTime: 0
  UpdateMTime: 2332
  RealTimeStamp: 0 seconds 
  LargestPossibleRegion: 
    Dimension: 3
    Index: [0, 0, 0]
    Size: [176, 240, 256]
  BufferedRegion: 
    Dimension: 3
    Index: [0, 0, 0]
    Size: [176, 240, 256]
  RequestedRegion: 
    Dimension: 3
    Index: [0, 0, 0]
    Size: [176, 240, 256]
  Spacing: [0.999999, 1, 1]
  Origin: [93.3499, 86.9368, -128.957]
  Direction: 
-0.999513 -0.0279216 -0.0139567
0.0279189 -0.99961 0.000389866
-0.0139622 2.01492e-08 0.999903

  IndexToPointMatrix: 
-0.999512 -0.0279216 -0.0139567
0.0279189 -0.99961 0.000389866
-0.0139621 2.01492e-08 0.999903

  PointToIndexMatrix: 
-0.999514 0.0279189 -0.0139622
-0.0279216 -0.99961 2.01716e-08
-0.0139567 0.000389866 0.999903

  Inverse Direction: 
-0.999513 0.0279189 -0.0139622
-0.0279216 -0.99961 2.01716e-08
-0.0139567 0.000389866 0.999903

  PixelContainer: 
    ImportImageContainer (0x3f77610)
      RTTI typeinfo:   itk::ImportImageContainer<unsigned long, double>
      Reference Count: 1
      Modified Time: 2329
      Debug: Off
      Object Name: 
      Observers: 
        none
      Pointer: 0x15272e373010
      Container manages memory: true
      Size: 10813440
      Capacity: 10813440

     Weighting = 1
     Sampling strategy = regular
     Number of bins = 32
     Radius = 4
     Sampling percentage  = 0.25
   Transform = Rigid
     Gradient step = 0.1
     Update field sigma (voxel space) = 0
     Total field sigma (voxel space) = 0
     Update field time sigma = 0
     Total field time sigma  = 0
     Number of time indices = 0
     Number of time point samples = 0
Registration using 1 total stages.

Stage 0
  iterations = 0
  convergence threshold = 1e-06
  convergence window size = 10
  number of levels = 1
  using the Mattes MI metric (number of bins = 32, weight = 1, use gradient filter = 0)
  preprocessing:  winsorizing the image intensities
  Shrink factors (level 1 out of 1): [1, 1, 1]
  smoothing sigmas per level: [0]
  regular sampling (percentage = 0.25)

*** Running Euler3DTransform registration ***

  Elapsed time (stage 0): 1.1274


Total elapsed time: 1.13039
Info [verificarlo]: loaded backend libinterflop_vprec.so
Info [interflop-vprec]: load backend with: 
Info [interflop-vprec]: precision-binary32 = 18
Info [interflop-vprec]: range-binary32 = 8
Info [interflop-vprec]: precision-binary64 = 18
Info [interflop-vprec]: range-binary64 = 8
Info [interflop-vprec]: mode = ob
Info [interflop-vprec]: error-mode = rel
Info [interflop-vprec]: max-abs-error-exponent = -1022
Info [interflop-vprec]: daz = false
Info [interflop-vprec]: ftz = false
Info [interflop-vprec]: 	instrument = none
Info [interflop-vprec]: 	prec-input-file = (null)
Info [interflop-vprec]: 	prec-output-file = (null)
Info [interflop-vprec]: 	prec-log-file = (null)
All_Command_lines_OK
Using double precision for computations.
=============================================================================
The composite transform comprises the following transforms (in order): 
  1. /home/mdugre/scratch/mri-registration-rp/datasets/ds004513/derivatives/mri-registration-rp/0100/antsRegistration-r8-p18/sub-s003/align_Composite.h5[0] (type = Euler3DTransform)
  2. /home/mdugre/scratch/mri-registration-rp/datasets/ds004513/derivatives/mri-registration-rp/0100/antsRegistration-r8-p18/sub-s003/align_Composite.h5[1] (type = Euler3DTransform)
=============================================================================
  number of levels = 4
  fixed image: /templateflow/tpl-MNI152NLin2009cAsym/tpl-MNI152NLin2009cAsym_res-01_desc-brain_T1w.nii.gz
  moving image: /home/mdugre/scratch/mri-registration-rp/datasets/ds004513/derivatives/mri-registration-rp/antsBrainExtraction/sub-s003/BrainExtractionBrain.nii.gz
Dimension = 3
Number of stages = 1
Use histogram matching = false
Winsorize image intensities = true
  Lower quantile = 0.005
  Upper quantile = 0.995


Stage 1 State
   Image metric = MattesMI
     Fixed image = Image (0x38671e0)
  RTTI typeinfo:   itk::Image<double, 3u>
  Reference Count: 2
  Modified Time: 1578
  Debug: Off
  Object Name: 
  Observers: 
    none
  Source: (none)
  Source output name: (none)
  Release Data: Off
  Data Released: False
  Global Release Data: Off
  PipelineMTime: 0
  UpdateMTime: 1189
  RealTimeStamp: 0 seconds 
  LargestPossibleRegion: 
    Dimension: 3
    Index: [0, 0, 0]
    Size: [193, 229, 193]
  BufferedRegion: 
    Dimension: 3
    Index: [0, 0, 0]
    Size: [193, 229, 193]
  RequestedRegion: 
    Dimension: 3
    Index: [0, 0, 0]
    Size: [193, 229, 193]
  Spacing: [1, 1, 1]
  Origin: [96, 132, -78]
  Direction: 
-1 0 0
0 -1 0
0 0 1

  IndexToPointMatrix: 
-1 0 0
0 -1 0
0 0 1

  PointToIndexMatrix: 
-1 0 0
0 -1 0
0 0 1

  Inverse Direction: 
-1 0 0
0 -1 0
0 0 1

  PixelContainer: 
    ImportImageContainer (0x3926680)
      RTTI typeinfo:   itk::ImportImageContainer<unsigned long, double>
      Reference Count: 1
      Modified Time: 1186
      Debug: Off
      Object Name: 
      Observers: 
        none
      Pointer: 0x153f471ed010
      Container manages memory: true
      Size: 8530021
      Capacity: 8530021

     Moving image = Image (0x3922b20)
  RTTI typeinfo:   itk::Image<double, 3u>
  Reference Count: 2
  Modified Time: 1579
  Debug: Off
  Object Name: 
  Observers: 
    none
  Source: (none)
  Source output name: (none)
  Release Data: Off
  Data Released: False
  Global Release Data: Off
  PipelineMTime: 0
  UpdateMTime: 1576
  RealTimeStamp: 0 seconds 
  LargestPossibleRegion: 
    Dimension: 3
    Index: [0, 0, 0]
    Size: [176, 240, 256]
  BufferedRegion: 
    Dimension: 3
    Index: [0, 0, 0]
    Size: [176, 240, 256]
  RequestedRegion: 
    Dimension: 3
    Index: [0, 0, 0]
    Size: [176, 240, 256]
  Spacing: [1, 1, 1]
  Origin: [93.3499, 86.9368, -128.957]
  Direction: 
-0.999512 -0.0279216 -0.0139567
0.0279189 -0.999611 0.000389866
-0.0139621 2.01492e-08 0.999903

  IndexToPointMatrix: 
-0.999512 -0.0279216 -0.0139567
0.0279189 -0.999611 0.000389866
-0.0139621 2.01492e-08 0.999903

  PointToIndexMatrix: 
-0.999512 0.0279189 -0.0139621
-0.0279216 -0.999611 -4.20958e-07
-0.0139567 0.000389425 0.999903

  Inverse Direction: 
-0.999512 0.0279189 -0.0139621
-0.0279216 -0.999611 -4.20958e-07
-0.0139567 0.000389425 0.999903

  PixelContainer: 
    ImportImageContainer (0x398bd50)
      RTTI typeinfo:   itk::ImportImageContainer<unsigned long, double>
      Reference Count: 1
      Modified Time: 1573
      Debug: Off
      Object Name: 
      Observers: 
        none
      Pointer: 0x153f41f6c010
      Container manages memory: true
      Size: 10813440
      Capacity: 10813440

     Weighting = 1
     Sampling strategy = regular
     Number of bins = 32
     Radius = 4
     Sampling percentage  = 0.25
   Transform = Rigid
     Gradient step = 0.1
     Update field sigma (voxel space) = 0
     Total field sigma (voxel space) = 0
     Update field time sigma = 0
     Total field time sigma  = 0
     Number of time indices = 0
     Number of time point samples = 0
Registration using 1 total stages.

Stage 0
  iterations = 1000x500x250x100
  convergence threshold = 1e-06
  convergence window size = 10
  number of levels = 4
  using the Mattes MI metric (number of bins = 32, weight = 1, use gradient filter = 0)
  preprocessing:  winsorizing the image intensities
  Shrink factors (level 1 out of 4): [8, 8, 8]
  Shrink factors (level 2 out of 4): [4, 4, 4]
  Shrink factors (level 3 out of 4): [2, 2, 2]
  Shrink factors (level 4 out of 4): [1, 1, 1]
  smoothing sigmas per level: [3, 2, 1, 0]
  regular sampling (percentage = 0.25)

*** Running Euler3DTransform registration ***

DIAGNOSTIC,Iteration,metricValue,convergenceValue,ITERATION_TIME_INDEX,SINCE_LAST
 2DIAGNOSTIC,     1, -4.871874609873e-01, 1.797693134862e+308, 0.0000e+00, 0.0000e+00, 
 2DIAGNOSTIC,     2, -4.888100817410e-01, 1.797693134862e+308, 0.0000e+00, 0.0000e+00, 
 2DIAGNOSTIC,     3, -4.919860487499e-01, 1.797693134862e+308, 0.0000e+00, 0.0000e+00, 
 2DIAGNOSTIC,     4, -5.019303215409e-01, 1.797693134862e+308, 0.0000e+00, 0.0000e+00, 
 2DIAGNOSTIC,     5, -5.198410295037e-01, 1.797693134862e+308, 0.0000e+00, 0.0000e+00, 
 2DIAGNOSTIC,     6, -5.247478572410e-01, 1.797693134862e+308, 0.0000e+00, 0.0000e+00, 
 2DIAGNOSTIC,     7, -5.373566854891e-01, 1.797693134862e+308, 0.0000e+00, 0.0000e+00, 
 2DIAGNOSTIC,     8, -5.546683467721e-01, 1.797693134862e+308, 0.0000e+00, 0.0000e+00, 
 2DIAGNOSTIC,     9, -5.584328166567e-01, 1.797693134862e+308, 0.0000e+00, 0.0000e+00, 
 2DIAGNOSTIC,    10, -5.627097011470e-01, 1.075170936186e-02, 0.0000e+00, 0.0000e+00, 
 2DIAGNOSTIC,    11, -5.703526305428e-01, 9.872314529993e-03, 0.0000e+00, 0.0000e+00, 
 2DIAGNOSTIC,    12, -5.908349335306e-01, 9.224713946960e-03, 0.0000e+00, 0.0000e+00, 
 2DIAGNOSTIC,    13, -5.975130184447e-01, 8.223225828617e-03, 0.0000e+00, 0.0000e+00, 
 2DIAGNOSTIC,    14, -5.978285321795e-01, 7.015006960166e-03, 0.0000e+00, 0.0000e+00, 
 2DIAGNOSTIC,    15, -5.985887204041e-01, 6.015802669635e-03, 0.0000e+00, 0.0000e+00, 
 2DIAGNOSTIC,    16, -5.991745929586e-01, 4.774948962413e-03, 0.0000e+00, 0.0000e+00, 
 2DIAGNOSTIC,    17, -5.999262980079e-01, 3.636320483176e-03, 0.0000e+00, 0.0000e+00, 
 2DIAGNOSTIC,    18, -6.022763000947e-01, 2.856034014500e-03, 0.0000e+00, 0.0000e+00, 
 2DIAGNOSTIC,    19, -6.025904061488e-01, 2.016621915181e-03, 0.0000e+00, 0.0000e+00, 
 2DIAGNOSTIC,    20, -6.041594855877e-01, 1.233329341374e-03, 0.0000e+00, 0.0000e+00, 
 2DIAGNOSTIC,    21, -6.132775519613e-01, 8.066797489693e-04, 0.0000e+00, 0.0000e+00, 
 2DIAGNOSTIC,    22, -6.197987427420e-01, 9.548877106612e-04, 0.0000e+00, 0.0000e+00, 
 2DIAGNOSTIC,    23, -6.353989579523e-01, 1.481971718176e-03, 0.0000e+00, 0.0000e+00, 
 2DIAGNOSTIC,    24, -6.414738955792e-01, 1.948792328843e-03, 0.0000e+00, 0.0000e+00, 
 2DIAGNOSTIC,    25, -6.489608985945e-01, 2.355850936832e-03, 0.0000e+00, 0.0000e+00, 
 2DIAGNOSTIC,    26, -6.543492797665e-01, 2.618490779340e-03, 0.0000e+00, 0.0000e+00, 
 2DIAGNOSTIC,    27, -6.552173996261e-01, 2.639397452306e-03, 0.0000e+00, 0.0000e+00, 
 2DIAGNOSTIC,    28, -6.568226345983e-01, 2.479779229100e-03, 0.0000e+00, 0.0000e+00, 
 2DIAGNOSTIC,    29, -6.568931203488e-01, 2.106466487004e-03, 0.0000e+00, 0.0000e+00, 
 2DIAGNOSTIC,    30, -6.572114844417e-01, 1.592048654991e-03, 0.0000e+00, 0.0000e+00, 
 2DIAGNOSTIC,    31, -6.573449852476e-01, 1.108292230848e-03, 0.0000e+00, 0.0000e+00, 
 2DIAGNOSTIC,    32, -6.574272908239e-01, 6.482503904097e-04, 0.0000e+00, 0.0000e+00, 
 2DIAGNOSTIC,    33, -6.576265435818e-01, 3.866324377693e-04, 0.0000e+00, 0.0000e+00, 
 2DIAGNOSTIC,    34, -6.577063028024e-01, 1.897880822050e-04, 0.0000e+00, 0.0000e+00, 
 2DIAGNOSTIC,    35, -6.577508560126e-01, 8.810268469044e-05, 0.0000e+00, 0.0000e+00, 
 2DIAGNOSTIC,    36, -6.577365251842e-01, 5.507737639714e-05, 0.0000e+00, 0.0000e+00, 
 2DIAGNOSTIC,    37, -6.576929247598e-01, 2.889267062955e-05, 0.0000e+00, 0.0000e+00, 
 2DIAGNOSTIC,    38, -6.576742565070e-01, 2.127712948344e-05, 0.0000e+00, 0.0000e+00, 
 2DIAGNOSTIC,    39, -6.577923506046e-01, 1.432114705301e-05, 0.0000e+00, 0.0000e+00, 
 2DIAGNOSTIC,    40, -6.579661667550e-01, 1.218513942899e-05, 0.0000e+00, 0.0000e+00, 
 2DIAGNOSTIC,    41, -6.578972734159e-01, 9.795909435173e-06, 0.0000e+00, 0.0000e+00, 
 2DIAGNOSTIC,    42, -6.577911197020e-01, 6.441712307837e-06, 0.0000e+00, 0.0000e+00, 
 2DIAGNOSTIC,    43, -6.578800399407e-01, 5.881030745902e-06, 0.0000e+00, 0.0000e+00, 
 2DIAGNOSTIC,    44, -6.580881122366e-01, 7.807559291469e-06, 0.0000e+00, 0.0000e+00, 
 2DIAGNOSTIC,    45, -6.580651628481e-01, 9.088643572443e-06, 0.0000e+00, 0.0000e+00, 
 2DIAGNOSTIC,    46, -6.582040678364e-01, 1.085653676093e-05, 0.0000e+00, 0.0000e+00, 
 2DIAGNOSTIC,    47, -6.581409161001e-01, 1.057914987716e-05, 0.0000e+00, 0.0000e+00, 
 2DIAGNOSTIC,    48, -6.580958759220e-01, 8.745397384682e-06, 0.0000e+00, 0.0000e+00, 
 2DIAGNOSTIC,    49, -6.580363136937e-01, 6.694174717728e-06, 0.0000e+00, 0.0000e+00, 
 2DIAGNOSTIC,    50, -6.580531388143e-01, 5.928120279480e-06, 0.0000e+00, 0.0000e+00, 
 2DIAGNOSTIC,    51, -6.580673382495e-01, 4.228711504333e-06, 0.0000e+00, 0.0000e+00, 
 2DIAGNOSTIC,    52, -6.580770893396e-01, 1.395753765263e-06, 0.0000e+00, 0.0000e+00, 
DIAGNOSTIC,Iteration,metricValue,convergenceValue,ITERATION_TIME_INDEX,SINCE_LAST
 2DIAGNOSTIC,     1, -5.269495283777e-01, 1.797693134862e+308, 0.0000e+00, 0.0000e+00, 
 2DIAGNOSTIC,     2, -5.276745708470e-01, 1.797693134862e+308, 0.0000e+00, 0.0000e+00, 
 2DIAGNOSTIC,     3, -5.285815032517e-01, 1.797693134862e+308, 0.0000e+00, 0.0000e+00, 
 2DIAGNOSTIC,     4, -5.293408132158e-01, 1.797693134862e+308, 0.0000e+00, 0.0000e+00, 
 2DIAGNOSTIC,     5, -5.299869461094e-01, 1.797693134862e+308, 0.0000e+00, 0.0000e+00, 
 2DIAGNOSTIC,     6, -5.307832159014e-01, 1.797693134862e+308, 0.0000e+00, 0.0000e+00, 
 2DIAGNOSTIC,     7, -5.314577127389e-01, 1.797693134862e+308, 0.0000e+00, 0.0000e+00, 
 2DIAGNOSTIC,     8, -5.324942301977e-01, 1.797693134862e+308, 0.0000e+00, 0.0000e+00, 
 2DIAGNOSTIC,     9, -5.330944927273e-01, 1.797693134862e+308, 0.0000e+00, 0.0000e+00, 
 2DIAGNOSTIC,    10, -5.333081415665e-01, 8.048465430465e-04, 0.0000e+00, 0.0000e+00, 
 2DIAGNOSTIC,    11, -5.337228641377e-01, 6.891193905044e-04, 0.0000e+00, 0.0000e+00, 
 2DIAGNOSTIC,    12, -5.344056455436e-01, 5.929422249239e-04, 0.0000e+00, 0.0000e+00, 
 2DIAGNOSTIC,    13, -5.346359112787e-01, 5.037461734916e-04, 0.0000e+00, 0.0000e+00, 
 2DIAGNOSTIC,    14, -5.348223895496e-01, 4.178020003445e-04, 0.0000e+00, 0.0000e+00, 
 2DIAGNOSTIC,    15, -5.348639704110e-01, 3.300855668695e-04, 0.0000e+00, 0.0000e+00, 
 2DIAGNOSTIC,    16, -5.349251218380e-01, 2.518722155618e-04, 0.0000e+00, 0.0000e+00, 
 2DIAGNOSTIC,    17, -5.349485308577e-01, 1.808589319321e-04, 0.0000e+00, 0.0000e+00, 
 2DIAGNOSTIC,    18, -5.350093906974e-01, 1.333727681225e-04, 0.0000e+00, 0.0000e+00, 
 2DIAGNOSTIC,    19, -5.350929139327e-01, 9.807773560411e-05, 0.0000e+00, 0.0000e+00, 
 2DIAGNOSTIC,    20, -5.350988665027e-01, 6.315686000919e-05, 0.0000e+00, 0.0000e+00, 
 2DIAGNOSTIC,    21, -5.351338300976e-01, 3.693140583776e-05, 0.0000e+00, 0.0000e+00, 
 2DIAGNOSTIC,    22, -5.351612977338e-01, 2.691562988815e-05, 0.0000e+00, 0.0000e+00, 
 2DIAGNOSTIC,    23, -5.351938606163e-01, 2.135705430478e-05, 0.0000e+00, 0.0000e+00, 
 2DIAGNOSTIC,    24, -5.351965573653e-01, 1.855476630678e-05, 0.0000e+00, 0.0000e+00, 
 2DIAGNOSTIC,    25, -5.351944177277e-01, 1.519474413254e-05, 0.0000e+00, 0.0000e+00, 
 2DIAGNOSTIC,    26, -5.351853126695e-01, 1.187866191127e-05, 0.0000e+00, 0.0000e+00, 
 2DIAGNOSTIC,    27, -5.351885145900e-01, 8.308902400118e-06, 0.0000e+00, 0.0000e+00, 
 2DIAGNOSTIC,    28, -5.351995552539e-01, 5.639821027408e-06, 0.0000e+00, 0.0000e+00, 
 2DIAGNOSTIC,    29, -5.351998053985e-01, 4.270834965014e-06, 0.0000e+00, 0.0000e+00, 
 2DIAGNOSTIC,    30, -5.352005967699e-01, 2.814181687641e-06, 0.0000e+00, 0.0000e+00, 
 2DIAGNOSTIC,    31, -5.352024635341e-01, 1.917370468618e-06, 0.0000e+00, 0.0000e+00, 
 2DIAGNOSTIC,    32, -5.352064549645e-01, 1.498101162463e-06, 0.0000e+00, 0.0000e+00, 
 2DIAGNOSTIC,    33, -5.352055661224e-01, 1.558565077123e-06, 0.0000e+00, 0.0000e+00, 
 2DIAGNOSTIC,    34, -5.352122804260e-01, 1.706726642011e-06, 0.0000e+00, 0.0000e+00, 
 2DIAGNOSTIC,    35, -5.352335072517e-01, 2.067802174363e-06, 0.0000e+00, 0.0000e+00, 
 2DIAGNOSTIC,    36, -5.352540235883e-01, 2.458672851622e-06, 0.0000e+00, 0.0000e+00, 
 2DIAGNOSTIC,    37, -5.352690170505e-01, 2.931171801425e-06, 0.0000e+00, 0.0000e+00, 
 2DIAGNOSTIC,    38, -5.352786789183e-01, 3.473345614700e-06, 0.0000e+00, 0.0000e+00, 
 2DIAGNOSTIC,    39, -5.353670359946e-01, 4.946870556966e-06, 0.0000e+00, 0.0000e+00, 
 2DIAGNOSTIC,    40, -5.358344286497e-01, 1.214704632243e-05, 0.0000e+00, 0.0000e+00, 
 2DIAGNOSTIC,    41, -5.357950586007e-01, 1.726008295253e-05, 0.0000e+00, 0.0000e+00, 
 2DIAGNOSTIC,    42, -5.358308436548e-01, 2.116339067773e-05, 0.0000e+00, 0.0000e+00, 
 2DIAGNOSTIC,    43, -5.360311966503e-01, 2.547681238402e-05, 0.0000e+00, 0.0000e+00, 
 2DIAGNOSTIC,    44, -5.361328245707e-01, 2.842565769083e-05, 0.0000e+00, 0.0000e+00, 
 2DIAGNOSTIC,    45, -5.362283799359e-01, 2.987666530494e-05, 0.0000e+00, 0.0000e+00, 
 2DIAGNOSTIC,    46, -5.363383821453e-01, 3.000151611407e-05, 0.0000e+00, 0.0000e+00, 
 2DIAGNOSTIC,    47, -5.363802762152e-01, 2.803644139317e-05, 0.0000e+00, 0.0000e+00, 
 2DIAGNOSTIC,    48, -5.364868396010e-01, 2.482361576668e-05, 0.0000e+00, 0.0000e+00, 
 2DIAGNOSTIC,    49, -5.365041207202e-01, 2.039074936204e-05, 0.0000e+00, 0.0000e+00, 
 2DIAGNOSTIC,    50, -5.365043416865e-01, 1.925883141792e-05, 0.0000e+00, 0.0000e+00, 
 2DIAGNOSTIC,    51, -5.365038424685e-01, 1.599690112246e-05, 0.0000e+00, 0.0000e+00, 
 2DIAGNOSTIC,    52, -5.365054979425e-01, 1.172594150215e-05, 0.0000e+00, 0.0000e+00, 
 2DIAGNOSTIC,    53, -5.365058063872e-01, 8.542628629291e-06, 0.0000e+00, 0.0000e+00, 
 2DIAGNOSTIC,    54, -5.365056889765e-01, 5.700376882252e-06, 0.0000e+00, 0.0000e+00, 
 2DIAGNOSTIC,    55, -5.365058138702e-01, 3.386454849812e-06, 0.0000e+00, 0.0000e+00, 
 2DIAGNOSTIC,    56, -5.365058139277e-01, 1.933159907999e-06, 0.0000e+00, 0.0000e+00, 
DIAGNOSTIC,Iteration,metricValue,convergenceValue,ITERATION_TIME_INDEX,SINCE_LAST
 2DIAGNOSTIC,     1, -4.759798868670e-01, 1.797693134862e+308, 0.0000e+00, 0.0000e+00, 
 2DIAGNOSTIC,     2, -4.761105340771e-01, 1.797693134862e+308, 0.0000e+00, 0.0000e+00, 
 2DIAGNOSTIC,     3, -4.762414563014e-01, 1.797693134862e+308, 0.0000e+00, 0.0000e+00, 
 2DIAGNOSTIC,     4, -4.764060772744e-01, 1.797693134862e+308, 0.0000e+00, 0.0000e+00, 
 2DIAGNOSTIC,     5, -4.764955000719e-01, 1.797693134862e+308, 0.0000e+00, 0.0000e+00, 
 2DIAGNOSTIC,     6, -4.766210968718e-01, 1.797693134862e+308, 0.0000e+00, 0.0000e+00, 
 2DIAGNOSTIC,     7, -4.767019919311e-01, 1.797693134862e+308, 0.0000e+00, 0.0000e+00, 
 2DIAGNOSTIC,     8, -4.770713242671e-01, 1.797693134862e+308, 0.0000e+00, 0.0000e+00, 
 2DIAGNOSTIC,     9, -4.773124722831e-01, 1.797693134862e+308, 0.0000e+00, 0.0000e+00, 
 2DIAGNOSTIC,    10, -4.776188765228e-01, 2.077008117596e-04, 0.0000e+00, 0.0000e+00, 
 2DIAGNOSTIC,    11, -4.777965658884e-01, 2.092271660560e-04, 0.0000e+00, 0.0000e+00, 
 2DIAGNOSTIC,    12, -4.777985835360e-01, 1.985385115151e-04, 0.0000e+00, 0.0000e+00, 
 2DIAGNOSTIC,    13, -4.778100450229e-01, 1.782480070447e-04, 0.0000e+00, 0.0000e+00, 
 2DIAGNOSTIC,    14, -4.778188830028e-01, 1.521165516159e-04, 0.0000e+00, 0.0000e+00, 
 2DIAGNOSTIC,    15, -4.778454758057e-01, 1.202662993843e-04, 0.0000e+00, 0.0000e+00, 
 2DIAGNOSTIC,    16, -4.779176122303e-01, 8.898380840761e-05, 0.0000e+00, 0.0000e+00, 
 2DIAGNOSTIC,    17, -4.783148332990e-01, 6.994992028297e-05, 0.0000e+00, 0.0000e+00, 
 2DIAGNOSTIC,    18, -4.785868860528e-01, 6.761283587558e-05, 0.0000e+00, 0.0000e+00, 
 2DIAGNOSTIC,    19, -4.786435332970e-01, 6.847890295344e-05, 0.0000e+00, 0.0000e+00, 
 2DIAGNOSTIC,    20, -4.787157855184e-01, 7.439516310349e-05, 0.0000e+00, 0.0000e+00, 
 2DIAGNOSTIC,    21, -4.787496907337e-01, 7.897460103479e-05, 0.0000e+00, 0.0000e+00, 
 2DIAGNOSTIC,    22, -4.788053279093e-01, 7.727521076987e-05, 0.0000e+00, 0.0000e+00, 
 2DIAGNOSTIC,    23, -4.789006655218e-01, 7.126088472929e-05, 0.0000e+00, 0.0000e+00, 
 2DIAGNOSTIC,    24, -4.788936119069e-01, 5.931307088345e-05, 0.0000e+00, 0.0000e+00, 
 2DIAGNOSTIC,    25, -4.788902707980e-01, 4.361833327053e-05, 0.0000e+00, 0.0000e+00, 
 2DIAGNOSTIC,    26, -4.788900659876e-01, 2.664370192978e-05, 0.0000e+00, 0.0000e+00, 
 2DIAGNOSTIC,    27, -4.788885856361e-01, 1.708779337160e-05, 0.0000e+00, 0.0000e+00, 
 2DIAGNOSTIC,    28, -4.788880689340e-01, 1.244042898794e-05, 4.0960e+03, 4.0960e+03, 
 2DIAGNOSTIC,    29, -4.788877348240e-01, 8.180587389238e-06, 4.0960e+03, 0.0000e+00, 
 2DIAGNOSTIC,    30, -4.788868590264e-01, 4.975872868081e-06, 4.0960e+03, 0.0000e+00, 
 2DIAGNOSTIC,    31, -4.788862913017e-01, 2.236362528975e-06, 4.0960e+03, 0.0000e+00, 
DIAGNOSTIC,Iteration,metricValue,convergenceValue,ITERATION_TIME_INDEX,SINCE_LAST
 2DIAGNOSTIC,     1, -4.453584082281e-01, 1.797693134862e+308, 4.0960e+03, 0.0000e+00, 
 2DIAGNOSTIC,     2, -4.453802254441e-01, 1.797693134862e+308, 4.0960e+03, 0.0000e+00, 
 2DIAGNOSTIC,     3, -4.453892091347e-01, 1.797693134862e+308, 4.0960e+03, 0.0000e+00, 
 2DIAGNOSTIC,     4, -4.453890215977e-01, 1.797693134862e+308, 4.0960e+03, 0.0000e+00, 
 2DIAGNOSTIC,     5, -4.453896798798e-01, 1.797693134862e+308, 4.0960e+03, 0.0000e+00, 
 2DIAGNOSTIC,     6, -4.453892236158e-01, 1.797693134862e+308, 4.0960e+03, 0.0000e+00, 
 2DIAGNOSTIC,     7, -4.453891619979e-01, 1.797693134862e+308, 4.0960e+03, 0.0000e+00, 
 2DIAGNOSTIC,     8, -4.453892705476e-01, 1.797693134862e+308, 4.0960e+03, 0.0000e+00, 
 2DIAGNOSTIC,     9, -4.453891151871e-01, 1.797693134862e+308, 4.0960e+03, 0.0000e+00, 
 2DIAGNOSTIC,    10, -4.453891569338e-01, 5.609638859205e-06, 4.0960e+03, 0.0000e+00, 
 2DIAGNOSTIC,    11, -4.453888369648e-01, 3.352564174761e-06, 4.0960e+03, 0.0000e+00, 
 2DIAGNOSTIC,    12, -4.453888687845e-01, 2.576935017262e-06, 4.0960e+03, 0.0000e+00, 
 2DIAGNOSTIC,    13, -4.453889039837e-01, 2.367704551615e-06, 4.0960e+03, 0.0000e+00, 
 2DIAGNOSTIC,    14, -4.453888652406e-01, 2.181739769763e-06, 4.0960e+03, 0.0000e+00, 
 2DIAGNOSTIC,    15, -4.453888639561e-01, 2.055475651200e-06, 4.0960e+03, 0.0000e+00, 
 2DIAGNOSTIC,    16, -4.453888639561e-01, 1.931102686523e-06, 4.0960e+03, 0.0000e+00, 
 2DIAGNOSTIC,    17, -4.453888602568e-01, 1.822201207584e-06, 4.0960e+03, 0.0000e+00, 
 2DIAGNOSTIC,    18, -4.453888602568e-01, 1.732053159273e-06, 4.0960e+03, 0.0000e+00, 
 2DIAGNOSTIC,    19, -4.453888624661e-01, 1.647769581184e-06, 4.0960e+03, 0.0000e+00, 
 2DIAGNOSTIC,    20, -4.453888624661e-01, 1.574504276410e-06, 4.0960e+03, 0.0000e+00, 
 2DIAGNOSTIC,    21, -4.453888604894e-01, 1.498439934772e-06, 4.0960e+03, 0.0000e+00, 
 2DIAGNOSTIC,    22, -4.453887645660e-01, 1.427530975158e-06, 4.0960e+03, 0.0000e+00, 
 2DIAGNOSTIC,    23, -4.453887645660e-01, 1.364264931115e-06, 4.0960e+03, 0.0000e+00, 
 2DIAGNOSTIC,    24, -4.453887908861e-01, 1.306397845249e-06, 4.0960e+03, 0.0000e+00, 
 2DIAGNOSTIC,    25, -4.453887908861e-01, 1.253633786433e-06, 4.0960e+03, 0.0000e+00, 
 2DIAGNOSTIC,    26, -4.453887908861e-01, 1.205542158482e-06, 4.0960e+03, 0.0000e+00, 
 2DIAGNOSTIC,    27, -4.453887610707e-01, 1.160828941457e-06, 4.0960e+03, 0.0000e+00, 
 2DIAGNOSTIC,    28, -4.453887610707e-01, 1.119877704396e-06, 4.0960e+03, 0.0000e+00, 
 2DIAGNOSTIC,    29, -4.453887610707e-01, 1.082224971381e-06, 4.0960e+03, 0.0000e+00, 
 2DIAGNOSTIC,    30, -4.453887610707e-01, 1.047417783777e-06, 4.0960e+03, 0.0000e+00, 
 2DIAGNOSTIC,    31, -4.453887611312e-01, 1.015123840882e-06, 4.0960e+03, 0.0000e+00, 
  Elapsed time (stage 0): 4.0960e+03


Total elapsed time: 4.0960e+03
Info [verificarlo]: loaded backend libinterflop_ieee.so
Info [interflop-ieee]: load backend with:
Info [interflop-ieee]: debug = false
Info [interflop-ieee]: debug-binary = false
Info [interflop-ieee]: no-backend-name = false
Info [interflop-ieee]: print-new-line = false
Info [interflop-ieee]: print-subnormal-normalized = false
Info [interflop-ieee]: count-op = false
All_Command_lines_OK
Using double precision for computations.
=============================================================================
The composite transform comprises the following transforms (in order): 
  1. /home/mdugre/scratch/mri-registration-rp/datasets/ds004513/derivatives/mri-registration-rp/0100/antsRegistration-r8-p18/sub-s003/rigid_Composite.h5[0] (type = Euler3DTransform)
  2. /home/mdugre/scratch/mri-registration-rp/datasets/ds004513/derivatives/mri-registration-rp/0100/antsRegistration-r8-p18/sub-s003/rigid_Composite.h5[1] (type = Euler3DTransform)
  3. /home/mdugre/scratch/mri-registration-rp/datasets/ds004513/derivatives/mri-registration-rp/0100/antsRegistration-r8-p18/sub-s003/rigid_Composite.h5[2] (type = Euler3DTransform)
=============================================================================
  number of levels = 4
  fixed image: /templateflow/tpl-MNI152NLin2009cAsym/tpl-MNI152NLin2009cAsym_res-01_desc-brain_T1w.nii.gz
  moving image: /home/mdugre/scratch/mri-registration-rp/datasets/ds004513/derivatives/mri-registration-rp/antsBrainExtraction/sub-s003/BrainExtractionBrain.nii.gz
Dimension = 3
Number of stages = 1
Use histogram matching = false
Winsorize image intensities = true
  Lower quantile = 0.005
  Upper quantile = 0.995


Stage 1 State
   Image metric = MattesMI
     Fixed image = Image (0x48e17e0)
  RTTI typeinfo:   itk::Image<double, 3u>
  Reference Count: 2
  Modified Time: 1594
  Debug: Off
  Object Name: 
  Observers: 
    none
  Source: (none)
  Source output name: (none)
  Release Data: Off
  Data Released: False
  Global Release Data: Off
  PipelineMTime: 0
  UpdateMTime: 1203
  RealTimeStamp: 0 seconds 
  LargestPossibleRegion: 
    Dimension: 3
    Index: [0, 0, 0]
    Size: [193, 229, 193]
  BufferedRegion: 
    Dimension: 3
    Index: [0, 0, 0]
    Size: [193, 229, 193]
  RequestedRegion: 
    Dimension: 3
    Index: [0, 0, 0]
    Size: [193, 229, 193]
  Spacing: [1, 1, 1]
  Origin: [96, 132, -78]
  Direction: 
-1 0 0
0 -1 0
0 0 1

  IndexToPointMatrix: 
-1 0 0
0 -1 0
0 0 1

  PointToIndexMatrix: 
-1 0 0
0 -1 0
0 0 1

  Inverse Direction: 
-1 0 0
0 -1 0
0 0 1

  PixelContainer: 
    ImportImageContainer (0x49ac880)
      RTTI typeinfo:   itk::ImportImageContainer<unsigned long, double>
      Reference Count: 1
      Modified Time: 1200
      Debug: Off
      Object Name: 
      Observers: 
        none
      Pointer: 0x14aa504b6010
      Container manages memory: true
      Size: 8530021
      Capacity: 8530021

     Moving image = Image (0x499d050)
  RTTI typeinfo:   itk::Image<double, 3u>
  Reference Count: 2
  Modified Time: 1595
  Debug: Off
  Object Name: 
  Observers: 
    none
  Source: (none)
  Source output name: (none)
  Release Data: Off
  Data Released: False
  Global Release Data: Off
  PipelineMTime: 0
  UpdateMTime: 1592
  RealTimeStamp: 0 seconds 
  LargestPossibleRegion: 
    Dimension: 3
    Index: [0, 0, 0]
    Size: [176, 240, 256]
  BufferedRegion: 
    Dimension: 3
    Index: [0, 0, 0]
    Size: [176, 240, 256]
  RequestedRegion: 
    Dimension: 3
    Index: [0, 0, 0]
    Size: [176, 240, 256]
  Spacing: [0.999999, 1, 1]
  Origin: [93.3499, 86.9368, -128.957]
  Direction: 
-0.999513 -0.0279216 -0.0139567
0.0279189 -0.99961 0.000389866
-0.0139622 2.01492e-08 0.999903

  IndexToPointMatrix: 
-0.999512 -0.0279216 -0.0139567
0.0279189 -0.99961 0.000389866
-0.0139621 2.01492e-08 0.999903

  PointToIndexMatrix: 
-0.999514 0.0279189 -0.0139622
-0.0279216 -0.99961 2.01716e-08
-0.0139567 0.000389866 0.999903

  Inverse Direction: 
-0.999513 0.0279189 -0.0139622
-0.0279216 -0.99961 2.01716e-08
-0.0139567 0.000389866 0.999903

  PixelContainer: 
    ImportImageContainer (0x4a50690)
      RTTI typeinfo:   itk::ImportImageContainer<unsigned long, double>
      Reference Count: 1
      Modified Time: 1589
      Debug: Off
      Object Name: 
      Observers: 
        none
      Pointer: 0x14aa4b235010
      Container manages memory: true
      Size: 10813440
      Capacity: 10813440

     Weighting = 1
     Sampling strategy = regular
     Number of bins = 32
     Radius = 4
     Sampling percentage  = 0.25
   Transform = Affine
     Gradient step = 0.1
     Update field sigma (voxel space) = 0
     Total field sigma (voxel space) = 0
     Update field time sigma = 0
     Total field time sigma  = 0
     Number of time indices = 0
     Number of time point samples = 0
Registration using 1 total stages.

Stage 0
  iterations = 1000x500x250x100
  convergence threshold = 1e-06
  convergence window size = 10
  number of levels = 4
  using the Mattes MI metric (number of bins = 32, weight = 1, use gradient filter = 0)
  preprocessing:  winsorizing the image intensities
  Shrink factors (level 1 out of 4): [8, 8, 8]
  Shrink factors (level 2 out of 4): [4, 4, 4]
  Shrink factors (level 3 out of 4): [2, 2, 2]
  Shrink factors (level 4 out of 4): [1, 1, 1]
  smoothing sigmas per level: [3, 2, 1, 0]
  regular sampling (percentage = 0.25)

*** Running AffineTransform registration ***

DIAGNOSTIC,Iteration,metricValue,convergenceValue,ITERATION_TIME_INDEX,SINCE_LAST
 2DIAGNOSTIC,     1, -6.605418544948e-01, 1.797693134862e+308, 8.4731e-01, 8.4731e-01, 
 2DIAGNOSTIC,     2, -6.628981824758e-01, 1.797693134862e+308, 8.5310e-01, 5.7881e-03, 
 2DIAGNOSTIC,     3, -6.668088926187e-01, 1.797693134862e+308, 8.5845e-01, 5.3530e-03, 
 2DIAGNOSTIC,     4, -6.726190928858e-01, 1.797693134862e+308, 8.6364e-01, 5.1808e-03, 
 2DIAGNOSTIC,     5, -6.805100589484e-01, 1.797693134862e+308, 8.6862e-01, 4.9851e-03, 
 2DIAGNOSTIC,     6, -6.926883704778e-01, 1.797693134862e+308, 8.7413e-01, 5.5091e-03, 
 2DIAGNOSTIC,     7, -7.138867374733e-01, 1.797693134862e+308, 8.8270e-01, 8.5669e-03, 
 2DIAGNOSTIC,     8, -7.198117306184e-01, 1.797693134862e+308, 8.8838e-01, 5.6851e-03, 
 2DIAGNOSTIC,     9, -7.204553341604e-01, 1.797693134862e+308, 8.9370e-01, 5.3170e-03, 
 2DIAGNOSTIC,    10, -7.209549392695e-01, 6.960715259818e-03, 8.9976e-01, 6.0589e-03, 
 2DIAGNOSTIC,    11, -7.215658251433e-01, 6.013017516415e-03, 9.0587e-01, 6.1140e-03, 
 2DIAGNOSTIC,    12, -7.216489305704e-01, 4.763305590193e-03, 9.1260e-01, 6.7301e-03, 
 2DIAGNOSTIC,    13, -7.211332229053e-01, 3.388893199173e-03, 9.1826e-01, 5.6539e-03, 
 2DIAGNOSTIC,    14, -7.208687365038e-01, 2.078364911529e-03, 9.2436e-01, 6.1071e-03, 
 2DIAGNOSTIC,    15, -7.213564762189e-01, 9.845114603049e-04, 9.2962e-01, 5.2581e-03, 
 2DIAGNOSTIC,    16, -7.221534409765e-01, 2.549825326643e-04, 9.3605e-01, 6.4301e-03, 
 2DIAGNOSTIC,    17, -7.224086311675e-01, 9.580418434001e-05, 9.4182e-01, 5.7700e-03, 
 2DIAGNOSTIC,    18, -7.223602339126e-01, 7.815060326925e-05, 9.4773e-01, 5.9130e-03, 
 2DIAGNOSTIC,    19, -7.220105650433e-01, 6.191512657289e-05, 9.5483e-01, 7.0939e-03, 
 2DIAGNOSTIC,    20, -7.219602551380e-01, 5.035519017750e-05, 9.6198e-01, 7.1490e-03, 
 2DIAGNOSTIC,    21, -7.217096140264e-01, 4.165367003996e-05, 9.6770e-01, 5.7201e-03, 
 2DIAGNOSTIC,    22, -7.216407944293e-01, 3.052112434111e-05, 9.7344e-01, 5.7409e-03, 
 2DIAGNOSTIC,    23, -7.215846891958e-01, 8.134736635586e-06, 9.7860e-01, 5.1610e-03, 
DIAGNOSTIC,Iteration,metricValue,convergenceValue,ITERATION_TIME_INDEX,SINCE_LAST
 2DIAGNOSTIC,     1, -5.946882267617e-01, 1.797693134862e+308, 1.7320e+00, 7.5336e-01, 
 2DIAGNOSTIC,     2, -5.949292635487e-01, 1.797693134862e+308, 1.7740e+00, 4.2007e-02, 
 2DIAGNOSTIC,     3, -5.953022274635e-01, 1.797693134862e+308, 1.8131e+00, 3.9112e-02, 
 2DIAGNOSTIC,     4, -5.958464956649e-01, 1.797693134862e+308, 1.8511e+00, 3.8071e-02, 
 2DIAGNOSTIC,     5, -5.967690900255e-01, 1.797693134862e+308, 1.8890e+00, 3.7867e-02, 
 2DIAGNOSTIC,     6, -5.981259985378e-01, 1.797693134862e+308, 1.9246e+00, 3.5582e-02, 
 2DIAGNOSTIC,     7, -6.006754048981e-01, 1.797693134862e+308, 1.9647e+00, 4.0052e-02, 
 2DIAGNOSTIC,     8, -6.008343930067e-01, 1.797693134862e+308, 2.0060e+00, 4.1396e-02, 
 2DIAGNOSTIC,     9, -6.009922723952e-01, 1.797693134862e+308, 2.0497e+00, 4.3611e-02, 
 2DIAGNOSTIC,    10, -6.011035264934e-01, 8.623169727218e-04, 2.0881e+00, 3.8470e-02, 
 2DIAGNOSTIC,    11, -6.012695960747e-01, 7.518219262995e-04, 2.1250e+00, 3.6879e-02, 
 2DIAGNOSTIC,    12, -6.013875104257e-01, 6.053727660445e-04, 2.1654e+00, 4.0369e-02, 
 2DIAGNOSTIC,    13, -6.015003867830e-01, 4.450805459338e-04, 2.2079e+00, 4.2542e-02, 
 2DIAGNOSTIC,    14, -6.016258688223e-01, 2.912661774861e-04, 2.2446e+00, 3.6641e-02, 
 2DIAGNOSTIC,    15, -6.025220094149e-01, 1.888864370203e-04, 2.2937e+00, 4.9110e-02, 
 2DIAGNOSTIC,    16, -6.027275225692e-01, 1.257495753746e-04, 2.3315e+00, 3.7815e-02, 
 2DIAGNOSTIC,    17, -6.028747864232e-01, 1.339650267897e-04, 2.3678e+00, 3.6310e-02, 
 2DIAGNOSTIC,    18, -6.028708287375e-01, 1.333978247323e-04, 2.4090e+00, 4.1230e-02, 
 2DIAGNOSTIC,    19, -6.029236356343e-01, 1.259506850060e-04, 2.4521e+00, 4.3101e-02, 
 2DIAGNOSTIC,    20, -6.030183244793e-01, 1.121799612426e-04, 2.4925e+00, 4.0395e-02, 
 2DIAGNOSTIC,    21, -6.030833648974e-01, 9.442383360075e-05, 2.5329e+00, 4.0352e-02, 
 2DIAGNOSTIC,    22, -6.032136773186e-01, 7.516802026723e-05, 2.5684e+00, 3.5550e-02, 
 2DIAGNOSTIC,    23, -6.035005969357e-01, 5.909841286968e-05, 2.6057e+00, 3.7246e-02, 
 2DIAGNOSTIC,    24, -6.038692152525e-01, 4.816118074547e-05, 2.6422e+00, 3.6545e-02, 
 2DIAGNOSTIC,    25, -6.042891000652e-01, 5.839613933094e-05, 2.6995e+00, 5.7287e-02, 
 2DIAGNOSTIC,    26, -6.043418388772e-01, 6.701598974020e-05, 2.7377e+00, 3.8207e-02, 
 2DIAGNOSTIC,    27, -6.043408823987e-01, 7.150672085049e-05, 2.7769e+00, 3.9189e-02, 
 2DIAGNOSTIC,    28, -6.043425693112e-01, 6.902994198392e-05, 2.8174e+00, 4.0494e-02, 
 2DIAGNOSTIC,    29, -6.043377302925e-01, 6.096786666991e-05, 2.8598e+00, 4.2425e-02, 
 2DIAGNOSTIC,    30, -6.043389692608e-01, 4.923228090295e-05, 2.8950e+00, 3.5232e-02, 
 2DIAGNOSTIC,    31, -6.043408821664e-01, 3.476804749468e-05, 2.9297e+00, 3.4695e-02, 
 2DIAGNOSTIC,    32, -6.043436534173e-01, 2.002113430349e-05, 2.9676e+00, 3.7838e-02, 
 2DIAGNOSTIC,    33, -6.043664407826e-01, 8.734043134326e-06, 3.0026e+00, 3.5054e-02, 
 2DIAGNOSTIC,    34, -6.044002841080e-01, 2.801617004257e-06, 3.0380e+00, 3.5336e-02, 
 2DIAGNOSTIC,    35, -6.044369373803e-01, 3.163728619159e-06, 3.0773e+00, 3.9287e-02, 
 2DIAGNOSTIC,    36, -6.045024474335e-01, 4.838014184643e-06, 3.1163e+00, 3.9012e-02, 
 2DIAGNOSTIC,    37, -6.046367825932e-01, 7.733217572095e-06, 3.1822e+00, 6.5883e-02, 
 2DIAGNOSTIC,    38, -6.046179131702e-01, 9.573033998251e-06, 3.2259e+00, 4.3784e-02, 
 2DIAGNOSTIC,    39, -6.045991978672e-01, 1.023068418725e-05, 3.2627e+00, 3.6717e-02, 
 2DIAGNOSTIC,    40, -6.045806751899e-01, 9.775792301738e-06, 3.3019e+00, 3.9198e-02, 
 2DIAGNOSTIC,    41, -6.045717178579e-01, 8.393914962192e-06, 3.3425e+00, 4.0641e-02, 
 2DIAGNOSTIC,    42, -6.045632111797e-01, 6.260077000799e-06, 3.3825e+00, 4.0049e-02, 
 2DIAGNOSTIC,    43, -6.045553910513e-01, 3.867511336561e-06, 3.4170e+00, 3.4414e-02, 
 2DIAGNOSTIC,    44, -6.045399215441e-01, 1.507743027422e-06, 3.4558e+00, 3.8806e-02, 
DIAGNOSTIC,Iteration,metricValue,convergenceValue,ITERATION_TIME_INDEX,SINCE_LAST
 2DIAGNOSTIC,     1, -5.293679096153e-01, 1.797693134862e+308, 4.7558e+00, 1.3000e+00, 
 2DIAGNOSTIC,     2, -5.295637775755e-01, 1.797693134862e+308, 5.0822e+00, 3.2643e-01, 
 2DIAGNOSTIC,     3, -5.297908270143e-01, 1.797693134862e+308, 5.4139e+00, 3.3162e-01, 
 2DIAGNOSTIC,     4, -5.300350195023e-01, 1.797693134862e+308, 5.7338e+00, 3.1995e-01, 
 2DIAGNOSTIC,     5, -5.302833215688e-01, 1.797693134862e+308, 6.0478e+00, 3.1400e-01, 
 2DIAGNOSTIC,     6, -5.306689397495e-01, 1.797693134862e+308, 6.3703e+00, 3.2251e-01, 
 2DIAGNOSTIC,     7, -5.319406618022e-01, 1.797693134862e+308, 7.0126e+00, 6.4230e-01, 
 2DIAGNOSTIC,     8, -5.319351832805e-01, 1.797693134862e+308, 7.3814e+00, 3.6880e-01, 
 2DIAGNOSTIC,     9, -5.319332163771e-01, 1.797693134862e+308, 7.7788e+00, 3.9737e-01, 
 2DIAGNOSTIC,    10, -5.319298447945e-01, 3.828875140408e-04, 8.1469e+00, 3.6814e-01, 
 2DIAGNOSTIC,    11, -5.319292623073e-01, 3.216036728216e-04, 8.7036e+00, 5.5672e-01, 
 2DIAGNOSTIC,    12, -5.319295632621e-01, 2.497304526295e-04, 9.0440e+00, 3.4035e-01, 
 2DIAGNOSTIC,    13, -5.319287778257e-01, 1.758418306756e-04, 9.3355e+00, 2.9148e-01, 
 2DIAGNOSTIC,    14, -5.319281261415e-01, 1.067896601869e-04, 9.6245e+00, 2.8906e-01, 
 2DIAGNOSTIC,    15, -5.319267215996e-01, 4.637740000109e-05, 9.9905e+00, 3.6598e-01, 
 2DIAGNOSTIC,    16, -5.319269426662e-01, 1.150414766934e-06, 1.0321e+01, 3.3081e-01, 
 2DIAGNOSTIC,    17, -5.319252465906e-01, 1.298645531209e-06, 1.0634e+01, 3.1286e-01, 
 2DIAGNOSTIC,    18, -5.319245799481e-01, 1.302323110297e-06, 1.0970e+01, 3.3612e-01, 
 2DIAGNOSTIC,    19, -5.319250251891e-01, 1.309318529194e-06, 1.1329e+01, 3.5894e-01, 
