
##########################
# Experiment information #
##########################

EXPERIMENT_NAME: antsRegistration-r7-p8
VFC_BACKENDS: libinterflop_vprec.so --range-binary32=7 --precision-binary32=8 --range-binary64=7 --precision-binary64=8

SIF_IMG: /home/mdugre/projects/rrg-glatard/mdugre/containers/ants-vprec-no_metrics.simg

SUBJECT_ID: s035
INPUT_IMG: /home/mdugre/scratch/mri-registration-rp/datasets/ds004513/derivatives/mri-registration-rp/antsBrainExtraction/sub-s035/BrainExtractionBrain.nii.gz
OUTPUT_DIR: /home/mdugre/scratch/mri-registration-rp/datasets/ds004513/derivatives/mri-registration-rp/0100/antsRegistration-r7-p8/sub-s035

FIXED_IMG: /templateflow/tpl-MNI152NLin2009cAsym/tpl-MNI152NLin2009cAsym_res-01_desc-brain_T1w.nii.gz
DATA_DIR: /home/mdugre/scratch/mri-registration-rp/datasets/ds004513
TEMPLATEFLOW_DIR: /home/mdugre/projects/rrg-glatard/mdugre/templateflow
ITK_GLOBAL_DEFAULT_NUMBER_OF_THREADS: 16
##########################

Info [verificarlo]: loaded backend libinterflop_ieee.so
Info [interflop-ieee]: load backend with:
Info [interflop-ieee]: debug = false
Info [interflop-ieee]: debug-binary = false
Info [interflop-ieee]: no-backend-name = false
Info [interflop-ieee]: print-new-line = false
Info [interflop-ieee]: print-subnormal-normalized = false
Info [interflop-ieee]: count-op = false
All_Command_lines_OK
Using double precision for computations.
=============================================================================
The composite transform comprises the following transforms (in order): 
  1. Center of mass alignment using fixed image: /templateflow/tpl-MNI152NLin2009cAsym/tpl-MNI152NLin2009cAsym_res-01_desc-brain_T1w.nii.gz and moving image: /home/mdugre/scratch/mri-registration-rp/datasets/ds004513/derivatives/mri-registration-rp/antsBrainExtraction/sub-s035/BrainExtractionBrain.nii.gz (type = Euler3DTransform)
=============================================================================
  number of levels = 1
  fixed image: /templateflow/tpl-MNI152NLin2009cAsym/tpl-MNI152NLin2009cAsym_res-01_desc-brain_T1w.nii.gz
  moving image: /home/mdugre/scratch/mri-registration-rp/datasets/ds004513/derivatives/mri-registration-rp/antsBrainExtraction/sub-s035/BrainExtractionBrain.nii.gz
Dimension = 3
Number of stages = 1
Use histogram matching = false
Winsorize image intensities = true
  Lower quantile = 0.005
  Upper quantile = 0.995


Stage 1 State
   Image metric = MattesMI
     Fixed image = Image (0x4eaabd0)
  RTTI typeinfo:   itk::Image<double, 3u>
  Reference Count: 2
  Modified Time: 2330
  Debug: Off
  Object Name: 
  Observers: 
    none
  Source: (none)
  Source output name: (none)
  Release Data: Off
  Data Released: False
  Global Release Data: Off
  PipelineMTime: 0
  UpdateMTime: 1941
  RealTimeStamp: 0 seconds 
  LargestPossibleRegion: 
    Dimension: 3
    Index: [0, 0, 0]
    Size: [193, 229, 193]
  BufferedRegion: 
    Dimension: 3
    Index: [0, 0, 0]
    Size: [193, 229, 193]
  RequestedRegion: 
    Dimension: 3
    Index: [0, 0, 0]
    Size: [193, 229, 193]
  Spacing: [1, 1, 1]
  Origin: [96, 132, -78]
  Direction: 
-1 0 0
0 -1 0
0 0 1

  IndexToPointMatrix: 
-1 0 0
0 -1 0
0 0 1

  PointToIndexMatrix: 
-1 0 0
0 -1 0
0 0 1

  Inverse Direction: 
-1 0 0
0 -1 0
0 0 1

  PixelContainer: 
    ImportImageContainer (0x4eb39e0)
      RTTI typeinfo:   itk::ImportImageContainer<unsigned long, double>
      Reference Count: 1
      Modified Time: 1938
      Debug: Off
      Object Name: 
      Observers: 
        none
      Pointer: 0x1462adf7c010
      Container manages memory: true
      Size: 8530021
      Capacity: 8530021

     Moving image = Image (0x4eb4d40)
  RTTI typeinfo:   itk::Image<double, 3u>
  Reference Count: 2
  Modified Time: 2331
  Debug: Off
  Object Name: 
  Observers: 
    none
  Source: (none)
  Source output name: (none)
  Release Data: Off
  Data Released: False
  Global Release Data: Off
  PipelineMTime: 0
  UpdateMTime: 2328
  RealTimeStamp: 0 seconds 
  LargestPossibleRegion: 
    Dimension: 3
    Index: [0, 0, 0]
    Size: [160, 240, 256]
  BufferedRegion: 
    Dimension: 3
    Index: [0, 0, 0]
    Size: [160, 240, 256]
  RequestedRegion: 
    Dimension: 3
    Index: [0, 0, 0]
    Size: [160, 240, 256]
  Spacing: [1, 1, 1]
  Origin: [98.6438, 87.6358, -117.989]
  Direction: 
-0.993515 -0.100993 -0.0522355
0.100854 -0.994887 0.00530255
-0.0525039 1.93537e-08 0.998621

  IndexToPointMatrix: 
-0.993515 -0.100993 -0.0522355
0.100854 -0.994887 0.00530255
-0.0525039 1.93537e-08 0.998621

  PointToIndexMatrix: 
-0.993515 0.100854 -0.0525039
-0.100993 -0.994887 1.93006e-08
-0.0522355 0.00530255 0.998621

  Inverse Direction: 
-0.993515 0.100854 -0.0525039
-0.100993 -0.994887 1.93006e-08
-0.0522355 0.00530255 0.998621

  PixelContainer: 
    ImportImageContainer (0x4eda850)
      RTTI typeinfo:   itk::ImportImageContainer<unsigned long, double>
      Reference Count: 1
      Modified Time: 2325
      Debug: Off
      Object Name: 
      Observers: 
        none
      Pointer: 0x1462a947b010
      Container manages memory: true
      Size: 9830400
      Capacity: 9830400

     Weighting = 1
     Sampling strategy = regular
     Number of bins = 32
     Radius = 4
     Sampling percentage  = 0.25
   Transform = Rigid
     Gradient step = 0.1
     Update field sigma (voxel space) = 0
     Total field sigma (voxel space) = 0
     Update field time sigma = 0
     Total field time sigma  = 0
     Number of time indices = 0
     Number of time point samples = 0
Registration using 1 total stages.

Stage 0
  iterations = 0
  convergence threshold = 1e-06
  convergence window size = 10
  number of levels = 1
  using the Mattes MI metric (number of bins = 32, weight = 1, use gradient filter = 0)
  preprocessing:  winsorizing the image intensities
  Shrink factors (level 1 out of 1): [1, 1, 1]
  smoothing sigmas per level: [0]
  regular sampling (percentage = 0.25)

*** Running Euler3DTransform registration ***

  Elapsed time (stage 0): 1.11218


Total elapsed time: 1.11443
Info [verificarlo]: loaded backend libinterflop_vprec.so
Info [interflop-vprec]: load backend with: 
Info [interflop-vprec]: precision-binary32 = 8
Info [interflop-vprec]: range-binary32 = 7
Info [interflop-vprec]: precision-binary64 = 8
Info [interflop-vprec]: range-binary64 = 7
Info [interflop-vprec]: mode = ob
Info [interflop-vprec]: error-mode = rel
Info [interflop-vprec]: max-abs-error-exponent = -1022
Info [interflop-vprec]: daz = false
Info [interflop-vprec]: ftz = false
Info [interflop-vprec]: 	instrument = none
Info [interflop-vprec]: 	prec-input-file = (null)
Info [interflop-vprec]: 	prec-output-file = (null)
Info [interflop-vprec]: 	prec-log-file = (null)
All_Command_lines_OK
Using double precision for computations.
=============================================================================
The composite transform comprises the following transforms (in order): 
  1. /home/mdugre/scratch/mri-registration-rp/datasets/ds004513/derivatives/mri-registration-rp/0100/antsRegistration-r7-p8/sub-s035/align_Composite.h5[0] (type = Euler3DTransform)
  2. /home/mdugre/scratch/mri-registration-rp/datasets/ds004513/derivatives/mri-registration-rp/0100/antsRegistration-r7-p8/sub-s035/align_Composite.h5[1] (type = Euler3DTransform)
=============================================================================
  number of levels = 4
  fixed image: /templateflow/tpl-MNI152NLin2009cAsym/tpl-MNI152NLin2009cAsym_res-01_desc-brain_T1w.nii.gz
  moving image: /home/mdugre/scratch/mri-registration-rp/datasets/ds004513/derivatives/mri-registration-rp/antsBrainExtraction/sub-s035/BrainExtractionBrain.nii.gz
Dimension = 3
Number of stages = 1
Use histogram matching = false
Winsorize image intensities = true
  Lower quantile = 0.005
  Upper quantile = 0.995


Stage 1 State
   Image metric = MattesMI
     Fixed image = Image (0x331e1e0)
  RTTI typeinfo:   itk::Image<double, 3u>
  Reference Count: 2
  Modified Time: 1578
  Debug: Off
  Object Name: 
  Observers: 
    none
  Source: (none)
  Source output name: (none)
  Release Data: Off
  Data Released: False
  Global Release Data: Off
  PipelineMTime: 0
  UpdateMTime: 1189
  RealTimeStamp: 0 seconds 
  LargestPossibleRegion: 
    Dimension: 3
    Index: [0, 0, 0]
    Size: [193, 229, 193]
  BufferedRegion: 
    Dimension: 3
    Index: [0, 0, 0]
    Size: [193, 229, 193]
  RequestedRegion: 
    Dimension: 3
    Index: [0, 0, 0]
    Size: [193, 229, 193]
  Spacing: [1, 1, 1]
  Origin: [96, 132, -78]
  Direction: 
-1 0 0
0 -1 0
0 0 1

  IndexToPointMatrix: 
-1 0 0
0 -1 0
0 0 1

  PointToIndexMatrix: 
-1 0 0
0 -1 0
0 0 1

  Inverse Direction: 
-1 0 0
0 -1 0
0 0 1

  PixelContainer: 
    ImportImageContainer (0x33dd680)
      RTTI typeinfo:   itk::ImportImageContainer<unsigned long, double>
      Reference Count: 1
      Modified Time: 1186
      Debug: Off
      Object Name: 
      Observers: 
        none
      Pointer: 0x1539bb3d8010
      Container manages memory: true
      Size: 8530021
      Capacity: 8530021

     Moving image = Image (0x33d9b20)
  RTTI typeinfo:   itk::Image<double, 3u>
  Reference Count: 2
  Modified Time: 1579
  Debug: Off
  Object Name: 
  Observers: 
    none
  Source: (none)
  Source output name: (none)
  Release Data: Off
  Data Released: False
  Global Release Data: Off
  PipelineMTime: 0
  UpdateMTime: 1576
  RealTimeStamp: 0 seconds 
  LargestPossibleRegion: 
    Dimension: 3
    Index: [0, 0, 0]
    Size: [160, 240, 256]
  BufferedRegion: 
    Dimension: 3
    Index: [0, 0, 0]
    Size: [160, 240, 256]
  RequestedRegion: 
    Dimension: 3
    Index: [0, 0, 0]
    Size: [160, 240, 256]
  Spacing: [1, 1, 1]
  Origin: [98.75, 87.75, -118]
  Direction: 
-0.994141 -0.10083 -0.0522461
0.10083 -0.994141 0.00531006
-0.0524902 0 0.998047

  IndexToPointMatrix: 
-0.994141 -0.10083 -0.0522461
0.10083 -0.994141 0.00531006
-0.0524902 0 0.998047

  PointToIndexMatrix: 
-0.992188 0.10083 -0.0524902
-0.101807 -1 0.00195312
-0.0522461 0.00537109 0.998047

  Inverse Direction: 
-0.992188 0.10083 -0.0524902
-0.101807 -1 0.00195312
-0.0522461 0.00537109 0.998047

  PixelContainer: 
    ImportImageContainer (0x3442d50)
      RTTI typeinfo:   itk::ImportImageContainer<unsigned long, double>
      Reference Count: 1
      Modified Time: 1573
      Debug: Off
      Object Name: 
      Observers: 
        none
      Pointer: 0x1539b68d7010
      Container manages memory: true
      Size: 9830400
      Capacity: 9830400

     Weighting = 1
     Sampling strategy = regular
     Number of bins = 32
     Radius = 4
     Sampling percentage  = 0.25
   Transform = Rigid
     Gradient step = 0.1
     Update field sigma (voxel space) = 0
     Total field sigma (voxel space) = 0
     Update field time sigma = 0
     Total field time sigma  = 0
     Number of time indices = 0
     Number of time point samples = 0
Registration using 1 total stages.

Stage 0
  iterations = 1000x500x250x100
  convergence threshold = 1e-06
  convergence window size = 10
  number of levels = 4
  using the Mattes MI metric (number of bins = 32, weight = 1, use gradient filter = 0)
  preprocessing:  winsorizing the image intensities
  Shrink factors (level 1 out of 4): [8, 8, 8]
  Shrink factors (level 2 out of 4): [4, 4, 4]
  Shrink factors (level 3 out of 4): [2, 2, 2]
  Shrink factors (level 4 out of 4): [1, 1, 1]
  smoothing sigmas per level: [3, 2, 1, 0]
  regular sampling (percentage = 0.25)

*** Running Euler3DTransform registration ***

DIAGNOSTIC,Iteration,metricValue,convergenceValue,ITERATION_TIME_INDEX,SINCE_LAST
 2DIAGNOSTIC,     1, -5.693890465973e-01, 1.797693134862e+308, 0.0000e+00, 0.0000e+00, 
 2DIAGNOSTIC,     2, -5.695899355208e-01, 1.797693134862e+308, 0.0000e+00, 0.0000e+00, 
 2DIAGNOSTIC,     3, -5.698017808112e-01, 1.797693134862e+308, 0.0000e+00, 0.0000e+00, 
 2DIAGNOSTIC,     4, -5.719487538990e-01, 1.797693134862e+308, 0.0000e+00, 0.0000e+00, 
 2DIAGNOSTIC,     5, -5.720989156562e-01, 1.797693134862e+308, 0.0000e+00, 0.0000e+00, 
 2DIAGNOSTIC,     6, -5.719186657681e-01, 1.797693134862e+308, 0.0000e+00, 0.0000e+00, 
 2DIAGNOSTIC,     7, -5.717942838298e-01, 1.797693134862e+308, 0.0000e+00, 0.0000e+00, 
 2DIAGNOSTIC,     8, -5.722002589831e-01, 1.797693134862e+308, 0.0000e+00, 0.0000e+00, 
 2DIAGNOSTIC,     9, -5.726009966030e-01, 1.797693134862e+308, 0.0000e+00, 0.0000e+00, 
 2DIAGNOSTIC,    10, -5.727842425526e-01, 3.786832645498e-04, 0.0000e+00, 0.0000e+00, 
 2DIAGNOSTIC,    11, -5.733143232926e-01, 3.082759023130e-04, 0.0000e+00, 0.0000e+00, 
 2DIAGNOSTIC,    12, -5.740795672670e-01, 2.626888080968e-04, 0.0000e+00, 0.0000e+00, 
 2DIAGNOSTIC,    13, -5.761144304268e-01, 2.831189048444e-04, 0.0000e+00, 0.0000e+00, 
 2DIAGNOSTIC,    14, -5.774824299887e-01, 3.975479938945e-04, 0.0000e+00, 0.0000e+00, 
 2DIAGNOSTIC,    15, -5.767435475905e-01, 4.408817313618e-04, 0.0000e+00, 0.0000e+00, 
 2DIAGNOSTIC,    16, -5.764144286294e-01, 4.248363766506e-04, 0.0000e+00, 0.0000e+00, 
 2DIAGNOSTIC,    17, -5.764782126536e-01, 3.697040992457e-04, 0.0000e+00, 0.0000e+00, 
 2DIAGNOSTIC,    18, -5.767298481318e-01, 3.030961144301e-04, 0.0000e+00, 0.0000e+00, 
 2DIAGNOSTIC,    19, -5.771375402714e-01, 2.359097042125e-04, 0.0000e+00, 0.0000e+00, 
 2DIAGNOSTIC,    20, -5.769177617606e-01, 1.532894765254e-04, 0.0000e+00, 0.0000e+00, 
 2DIAGNOSTIC,    21, -5.774918878838e-01, 9.147746116760e-05, 0.0000e+00, 0.0000e+00, 
 2DIAGNOSTIC,    22, -5.770882769092e-01, 3.339804614803e-05, 0.0000e+00, 0.0000e+00, 
 2DIAGNOSTIC,    23, -5.781594644579e-01, 4.320790265822e-05, 0.0000e+00, 0.0000e+00, 
 2DIAGNOSTIC,    24, -5.783307096958e-01, 7.961510984649e-05, 0.0000e+00, 0.0000e+00, 
 2DIAGNOSTIC,    25, -5.793546178300e-01, 1.115368550843e-04, 0.0000e+00, 0.0000e+00, 
 2DIAGNOSTIC,    26, -5.795438723833e-01, 1.276781563069e-04, 0.0000e+00, 0.0000e+00, 
 2DIAGNOSTIC,    27, -5.789988478810e-01, 1.218133895669e-04, 0.0000e+00, 0.0000e+00, 
 2DIAGNOSTIC,    28, -5.790574583790e-01, 1.106234912671e-04, 0.0000e+00, 0.0000e+00, 
 2DIAGNOSTIC,    29, -5.789331665560e-01, 9.441961756858e-05, 0.0000e+00, 0.0000e+00, 
 2DIAGNOSTIC,    30, -5.789638186170e-01, 6.684191742959e-05, 0.0000e+00, 0.0000e+00, 
 2DIAGNOSTIC,    31, -5.791239256525e-01, 4.676570019475e-05, 0.0000e+00, 0.0000e+00, 
 2DIAGNOSTIC,    32, -5.790738119533e-01, 1.633464717952e-05, 0.0000e+00, 0.0000e+00, 
 2DIAGNOSTIC,    33, -5.790513789366e-01, 2.155526447535e-06, 0.0000e+00, 0.0000e+00, 
DIAGNOSTIC,Iteration,metricValue,convergenceValue,ITERATION_TIME_INDEX,SINCE_LAST
 2DIAGNOSTIC,     1, -4.530377723322e-01, 1.797693134862e+308, 0.0000e+00, 0.0000e+00, 
 2DIAGNOSTIC,     2, -4.529782989112e-01, 1.797693134862e+308, 0.0000e+00, 0.0000e+00, 
 2DIAGNOSTIC,     3, -4.532033253017e-01, 1.797693134862e+308, 0.0000e+00, 0.0000e+00, 
 2DIAGNOSTIC,     4, -4.531995267609e-01, 1.797693134862e+308, 0.0000e+00, 0.0000e+00, 
 2DIAGNOSTIC,     5, -4.531371158468e-01, 1.797693134862e+308, 0.0000e+00, 0.0000e+00, 
 2DIAGNOSTIC,     6, -4.531371158468e-01, 1.797693134862e+308, 0.0000e+00, 0.0000e+00, 
 2DIAGNOSTIC,     7, -4.531371158468e-01, 1.797693134862e+308, 0.0000e+00, 0.0000e+00, 
 2DIAGNOSTIC,     8, -4.531371158468e-01, 1.797693134862e+308, 0.0000e+00, 0.0000e+00, 
 2DIAGNOSTIC,     9, -4.531371158468e-01, 1.797693134862e+308, 0.0000e+00, 0.0000e+00, 
 2DIAGNOSTIC,    10, -4.531371158468e-01, 1.019990472227e-05, 0.0000e+00, 0.0000e+00, 
 2DIAGNOSTIC,    11, -4.531371158468e-01, 3.264147853926e-06, 0.0000e+00, 0.0000e+00, 
DIAGNOSTIC,Iteration,metricValue,convergenceValue,ITERATION_TIME_INDEX,SINCE_LAST
 2DIAGNOSTIC,     1, -4.018803261362e-01, 1.797693134862e+308, 0.0000e+00, 0.0000e+00, 
 2DIAGNOSTIC,     2, -4.021116787805e-01, 1.797693134862e+308, 0.0000e+00, 0.0000e+00, 
 2DIAGNOSTIC,     3, -4.024710815914e-01, 1.797693134862e+308, 0.0000e+00, 0.0000e+00, 
 2DIAGNOSTIC,     4, -4.031713672902e-01, 1.797693134862e+308, 0.0000e+00, 0.0000e+00, 
 2DIAGNOSTIC,     5, -4.034658255382e-01, 1.797693134862e+308, 0.0000e+00, 0.0000e+00, 
 2DIAGNOSTIC,     6, -4.042163168854e-01, 1.797693134862e+308, 0.0000e+00, 0.0000e+00, 
 2DIAGNOSTIC,     7, -4.061083367233e-01, 1.797693134862e+308, 0.0000e+00, 0.0000e+00, 
 2DIAGNOSTIC,     8, -4.108382183873e-01, 1.797693134862e+308, 0.0000e+00, 0.0000e+00, 
 2DIAGNOSTIC,     9, -4.150583576159e-01, 1.797693134862e+308, 0.0000e+00, 0.0000e+00, 
 2DIAGNOSTIC,    10, -4.245971769271e-01, 2.890036583402e-03, 0.0000e+00, 0.0000e+00, 
 2DIAGNOSTIC,    11, -4.413235627461e-01, 4.449574615779e-03, 0.0000e+00, 0.0000e+00, 
 2DIAGNOSTIC,    12, -4.698617833333e-01, 6.925986555290e-03, 0.0000e+00, 0.0000e+00, 
 2DIAGNOSTIC,    13, -4.946406421459e-01, 9.594071410581e-03, 0.0000e+00, 0.0000e+00, 
 2DIAGNOSTIC,    14, -4.960306866895e-01, 1.104688208564e-02, 0.0000e+00, 0.0000e+00, 
 2DIAGNOSTIC,    15, -4.954453211554e-01, 1.129197417542e-02, 0.0000e+00, 0.0000e+00, 
 2DIAGNOSTIC,    16, -4.946221634441e-01, 1.047796741855e-02, 0.0000e+00, 0.0000e+00, 
 2DIAGNOSTIC,    17, -4.952972257797e-01, 8.892813861079e-03, 0.0000e+00, 0.0000e+00, 
 2DIAGNOSTIC,    18, -4.953430289743e-01, 6.850026986854e-03, 0.0000e+00, 0.0000e+00, 
 2DIAGNOSTIC,    19, -4.952864307803e-01, 4.564451071128e-03, 0.0000e+00, 0.0000e+00, 
 2DIAGNOSTIC,    20, -4.952993060323e-01, 2.422612161169e-03, 0.0000e+00, 0.0000e+00, 
 2DIAGNOSTIC,    21, -4.952814672359e-01, 7.693198965905e-04, 0.0000e+00, 0.0000e+00, 
 2DIAGNOSTIC,    22, -4.952781208926e-01, 5.665570947402e-06, 0.0000e+00, 0.0000e+00, 
DIAGNOSTIC,Iteration,metricValue,convergenceValue,ITERATION_TIME_INDEX,SINCE_LAST
 2DIAGNOSTIC,     1, -4.589676472703e-01, 1.797693134862e+308, 0.0000e+00, 0.0000e+00, 
 2DIAGNOSTIC,     2, -4.590538795880e-01, 1.797693134862e+308, 0.0000e+00, 0.0000e+00, 
 2DIAGNOSTIC,     3, -4.590736228741e-01, 1.797693134862e+308, 0.0000e+00, 0.0000e+00, 
 2DIAGNOSTIC,     4, -4.590659344403e-01, 1.797693134862e+308, 0.0000e+00, 0.0000e+00, 
 2DIAGNOSTIC,     5, -4.590433118102e-01, 1.797693134862e+308, 0.0000e+00, 0.0000e+00, 
 2DIAGNOSTIC,     6, -4.590401493111e-01, 1.797693134862e+308, 0.0000e+00, 0.0000e+00, 
 2DIAGNOSTIC,     7, -4.590378544690e-01, 1.797693134862e+308, 0.0000e+00, 0.0000e+00, 
 2DIAGNOSTIC,     8, -4.590316435669e-01, 1.797693134862e+308, 0.0000e+00, 0.0000e+00, 
 2DIAGNOSTIC,     9, -4.590212594278e-01, 1.797693134862e+308, 0.0000e+00, 0.0000e+00, 
  Elapsed time (stage 0): 0.0000e+00


Total elapsed time: 0.0000e+00
Info [verificarlo]: loaded backend libinterflop_ieee.so
Info [interflop-ieee]: load backend with:
Info [interflop-ieee]: debug = false
Info [interflop-ieee]: debug-binary = false
Info [interflop-ieee]: no-backend-name = false
Info [interflop-ieee]: print-new-line = false
Info [interflop-ieee]: print-subnormal-normalized = false
Info [interflop-ieee]: count-op = false
All_Command_lines_OK
Using double precision for computations.
=============================================================================
The composite transform comprises the following transforms (in order): 
  1. /home/mdugre/scratch/mri-registration-rp/datasets/ds004513/derivatives/mri-registration-rp/0100/antsRegistration-r7-p8/sub-s035/rigid_Composite.h5[0] (type = Euler3DTransform)
  2. /home/mdugre/scratch/mri-registration-rp/datasets/ds004513/derivatives/mri-registration-rp/0100/antsRegistration-r7-p8/sub-s035/rigid_Composite.h5[1] (type = Euler3DTransform)
  3. /home/mdugre/scratch/mri-registration-rp/datasets/ds004513/derivatives/mri-registration-rp/0100/antsRegistration-r7-p8/sub-s035/rigid_Composite.h5[2] (type = Euler3DTransform)
=============================================================================
  number of levels = 4
  fixed image: /templateflow/tpl-MNI152NLin2009cAsym/tpl-MNI152NLin2009cAsym_res-01_desc-brain_T1w.nii.gz
  moving image: /home/mdugre/scratch/mri-registration-rp/datasets/ds004513/derivatives/mri-registration-rp/antsBrainExtraction/sub-s035/BrainExtractionBrain.nii.gz
Dimension = 3
Number of stages = 1
Use histogram matching = false
Winsorize image intensities = true
  Lower quantile = 0.005
  Upper quantile = 0.995


Stage 1 State
   Image metric = MattesMI
     Fixed image = Image (0x49b1530)
  RTTI typeinfo:   itk::Image<double, 3u>
  Reference Count: 2
  Modified Time: 1592
  Debug: Off
  Object Name: 
  Observers: 
    none
  Source: (none)
  Source output name: (none)
  Release Data: Off
  Data Released: False
  Global Release Data: Off
  PipelineMTime: 0
  UpdateMTime: 1203
  RealTimeStamp: 0 seconds 
  LargestPossibleRegion: 
    Dimension: 3
    Index: [0, 0, 0]
    Size: [193, 229, 193]
  BufferedRegion: 
    Dimension: 3
    Index: [0, 0, 0]
    Size: [193, 229, 193]
  RequestedRegion: 
    Dimension: 3
    Index: [0, 0, 0]
    Size: [193, 229, 193]
  Spacing: [1, 1, 1]
  Origin: [96, 132, -78]
  Direction: 
-1 0 0
0 -1 0
0 0 1

  IndexToPointMatrix: 
-1 0 0
0 -1 0
0 0 1

  PointToIndexMatrix: 
-1 0 0
0 -1 0
0 0 1

  Inverse Direction: 
-1 0 0
0 -1 0
0 0 1

  PixelContainer: 
    ImportImageContainer (0x49be2b0)
      RTTI typeinfo:   itk::ImportImageContainer<unsigned long, double>
      Reference Count: 1
      Modified Time: 1200
      Debug: Off
      Object Name: 
      Observers: 
        none
      Pointer: 0x14c61016a010
      Container manages memory: true
      Size: 8530021
      Capacity: 8530021

     Moving image = Image (0x4a6cfd0)
  RTTI typeinfo:   itk::Image<double, 3u>
  Reference Count: 2
  Modified Time: 1593
  Debug: Off
  Object Name: 
  Observers: 
    none
  Source: (none)
  Source output name: (none)
  Release Data: Off
  Data Released: False
  Global Release Data: Off
  PipelineMTime: 0
  UpdateMTime: 1590
  RealTimeStamp: 0 seconds 
  LargestPossibleRegion: 
    Dimension: 3
    Index: [0, 0, 0]
    Size: [160, 240, 256]
  BufferedRegion: 
    Dimension: 3
    Index: [0, 0, 0]
    Size: [160, 240, 256]
  RequestedRegion: 
    Dimension: 3
    Index: [0, 0, 0]
    Size: [160, 240, 256]
  Spacing: [1, 1, 1]
  Origin: [98.6438, 87.6358, -117.989]
  Direction: 
-0.993515 -0.100993 -0.0522355
0.100854 -0.994887 0.00530255
-0.0525039 1.93537e-08 0.998621

  IndexToPointMatrix: 
-0.993515 -0.100993 -0.0522355
0.100854 -0.994887 0.00530255
-0.0525039 1.93537e-08 0.998621

  PointToIndexMatrix: 
-0.993515 0.100854 -0.0525039
-0.100993 -0.994887 1.93006e-08
-0.0522355 0.00530255 0.998621

  Inverse Direction: 
-0.993515 0.100854 -0.0525039
-0.100993 -0.994887 1.93006e-08
-0.0522355 0.00530255 0.998621

  PixelContainer: 
    ImportImageContainer (0x4a84990)
      RTTI typeinfo:   itk::ImportImageContainer<unsigned long, double>
      Reference Count: 1
      Modified Time: 1587
      Debug: Off
      Object Name: 
      Observers: 
        none
      Pointer: 0x14c60b669010
      Container manages memory: true
      Size: 9830400
      Capacity: 9830400

     Weighting = 1
     Sampling strategy = regular
     Number of bins = 32
     Radius = 4
     Sampling percentage  = 0.25
   Transform = Affine
     Gradient step = 0.1
     Update field sigma (voxel space) = 0
     Total field sigma (voxel space) = 0
     Update field time sigma = 0
     Total field time sigma  = 0
     Number of time indices = 0
     Number of time point samples = 0
Registration using 1 total stages.

Stage 0
  iterations = 1000x500x250x100
  convergence threshold = 1e-06
  convergence window size = 10
  number of levels = 4
  using the Mattes MI metric (number of bins = 32, weight = 1, use gradient filter = 0)
  preprocessing:  winsorizing the image intensities
  Shrink factors (level 1 out of 4): [8, 8, 8]
  Shrink factors (level 2 out of 4): [4, 4, 4]
  Shrink factors (level 3 out of 4): [2, 2, 2]
  Shrink factors (level 4 out of 4): [1, 1, 1]
  smoothing sigmas per level: [3, 2, 1, 0]
  regular sampling (percentage = 0.25)

*** Running AffineTransform registration ***

DIAGNOSTIC,Iteration,metricValue,convergenceValue,ITERATION_TIME_INDEX,SINCE_LAST
 2DIAGNOSTIC,     1, -6.783320818600e-01, 1.797693134862e+308, 1.1924e+00, 1.1924e+00, 
 2DIAGNOSTIC,     2, -6.801907080051e-01, 1.797693134862e+308, 1.1972e+00, 4.8299e-03, 
 2DIAGNOSTIC,     3, -6.833598522958e-01, 1.797693134862e+308, 1.2019e+00, 4.7269e-03, 
 2DIAGNOSTIC,     4, -6.886625865958e-01, 1.797693134862e+308, 1.2066e+00, 4.6630e-03, 
 2DIAGNOSTIC,     5, -6.968015187748e-01, 1.797693134862e+308, 1.2114e+00, 4.7829e-03, 
 2DIAGNOSTIC,     6, -7.082779764624e-01, 1.797693134862e+308, 1.2161e+00, 4.7050e-03, 
 2DIAGNOSTIC,     7, -7.248187540409e-01, 1.797693134862e+308, 1.2208e+00, 4.7529e-03, 
 2DIAGNOSTIC,     8, -7.432324933656e-01, 1.797693134862e+308, 1.2271e+00, 6.3102e-03, 
 2DIAGNOSTIC,     9, -7.451762276194e-01, 1.797693134862e+308, 1.2325e+00, 5.3842e-03, 
 2DIAGNOSTIC,    10, -7.459707420938e-01, 7.423066648711e-03, 1.2381e+00, 5.6169e-03, 
 2DIAGNOSTIC,    11, -7.463725431775e-01, 6.707182971857e-03, 1.2447e+00, 6.5660e-03, 
 2DIAGNOSTIC,    12, -7.464812925383e-01, 5.573535225425e-03, 1.2495e+00, 4.8220e-03, 
 2DIAGNOSTIC,    13, -7.464890675218e-01, 4.209542366685e-03, 1.2556e+00, 6.0780e-03, 
 2DIAGNOSTIC,    14, -7.464508094392e-01, 2.817142470793e-03, 1.2611e+00, 5.4772e-03, 
 2DIAGNOSTIC,    15, -7.463996951739e-01, 1.576674654329e-03, 1.2666e+00, 5.4710e-03, 
 2DIAGNOSTIC,    16, -7.462173885538e-01, 6.238546648435e-04, 1.2717e+00, 5.0890e-03, 
 2DIAGNOSTIC,    17, -7.462725190121e-01, 1.008639440302e-04, 1.2772e+00, 5.5091e-03, 
 2DIAGNOSTIC,    18, -7.463334217434e-01, 2.938631382524e-05, 1.2827e+00, 5.5780e-03, 
DIAGNOSTIC,Iteration,metricValue,convergenceValue,ITERATION_TIME_INDEX,SINCE_LAST
 2DIAGNOSTIC,     1, -6.108431852752e-01, 1.797693134862e+308, 2.0355e+00, 7.5276e-01, 
 2DIAGNOSTIC,     2, -6.112345346640e-01, 1.797693134862e+308, 2.0775e+00, 4.1992e-02, 
 2DIAGNOSTIC,     3, -6.116819490316e-01, 1.797693134862e+308, 2.1143e+00, 3.6822e-02, 
 2DIAGNOSTIC,     4, -6.121120473514e-01, 1.797693134862e+308, 2.1507e+00, 3.6391e-02, 
 2DIAGNOSTIC,     5, -6.123724118609e-01, 1.797693134862e+308, 2.1911e+00, 4.0377e-02, 
 2DIAGNOSTIC,     6, -6.127398916841e-01, 1.797693134862e+308, 2.2317e+00, 4.0610e-02, 
 2DIAGNOSTIC,     7, -6.129350764113e-01, 1.797693134862e+308, 2.2764e+00, 4.4707e-02, 
 2DIAGNOSTIC,     8, -6.129241669540e-01, 1.797693134862e+308, 2.3174e+00, 4.1039e-02, 
 2DIAGNOSTIC,     9, -6.129108408033e-01, 1.797693134862e+308, 2.3695e+00, 5.2023e-02, 
 2DIAGNOSTIC,    10, -6.128946656039e-01, 2.275288694225e-04, 2.4089e+00, 3.9457e-02, 
 2DIAGNOSTIC,    11, -6.128816707626e-01, 1.529930080639e-04, 2.4520e+00, 4.3065e-02, 
 2DIAGNOSTIC,    12, -6.128818136081e-01, 9.226215709369e-05, 2.5029e+00, 5.0908e-02, 
 2DIAGNOSTIC,    13, -6.128827826432e-01, 4.865093730855e-05, 2.5444e+00, 4.1489e-02, 
 2DIAGNOSTIC,    14, -6.128700521768e-01, 2.092063573549e-05, 2.5843e+00, 3.9949e-02, 
 2DIAGNOSTIC,    15, -6.128564655337e-01, 2.586662921994e-06, 2.6204e+00, 3.6084e-02, 
DIAGNOSTIC,Iteration,metricValue,convergenceValue,ITERATION_TIME_INDEX,SINCE_LAST
 2DIAGNOSTIC,     1, -5.359061618270e-01, 1.797693134862e+308, 3.7462e+00, 1.1258e+00, 
 2DIAGNOSTIC,     2, -5.361058362377e-01, 1.797693134862e+308, 4.0371e+00, 2.9086e-01, 
 2DIAGNOSTIC,     3, -5.363242012255e-01, 1.797693134862e+308, 4.3348e+00, 2.9767e-01, 
 2DIAGNOSTIC,     4, -5.364749540617e-01, 1.797693134862e+308, 4.8444e+00, 5.0965e-01, 
 2DIAGNOSTIC,     5, -5.364730332947e-01, 1.797693134862e+308, 5.3293e+00, 4.8490e-01, 
 2DIAGNOSTIC,     6, -5.364749843646e-01, 1.797693134862e+308, 5.6605e+00, 3.3121e-01, 
 2DIAGNOSTIC,     7, -5.364732450511e-01, 1.797693134862e+308, 5.9548e+00, 2.9433e-01, 
 2DIAGNOSTIC,     8, -5.364743654166e-01, 1.797693134862e+308, 6.3629e+00, 4.0803e-01, 
 2DIAGNOSTIC,     9, -5.364738879103e-01, 1.797693134862e+308, 6.6988e+00, 3.3595e-01, 
 2DIAGNOSTIC,    10, -5.364736308436e-01, 5.584927379389e-05, 7.0308e+00, 3.3197e-01, 
 2DIAGNOSTIC,    11, -5.364733726868e-01, 2.686422293748e-05, 7.3643e+00, 3.3348e-01, 
 2DIAGNOSTIC,    12, -5.364722560407e-01, 9.131814743560e-06, 7.6813e+00, 3.1699e-01, 
 2DIAGNOSTIC,    13, -5.364698283799e-01, 2.168703002833e-06, 8.0086e+00, 3.2731e-01, 
 2DIAGNOSTIC,    14, -5.364696395041e-01, 1.928139247431e-06, 8.3004e+00, 2.9183e-01, 
 2DIAGNOSTIC,    15, -5.364680110639e-01, 1.622416248445e-06, 8.5924e+00, 2.9200e-01, 
 2DIAGNOSTIC,    16, -5.364676432230e-01, 1.455370683676e-06, 8.9208e+00, 3.2838e-01, 
 2DIAGNOSTIC,    17, -5.364689695931e-01, 1.343385907827e-06, 9.2529e+00, 3.3208e-01, 
 2DIAGNOSTIC,    18, -5.364678979739e-01, 1.293567498471e-06, 9.5881e+00, 3.3522e-01, 
 2DIAGNOSTIC,    19, -5.364674040182e-01, 1.267071170263e-06, 9.9471e+00, 3.5900e-01, 
 2DIAGNOSTIC,    20, -5.364666068952e-01, 1.253325153758e-06, 1.0272e+01, 3.2493e-01, 
 2DIAGNOSTIC,    21, -5.364657859599e-01, 1.245248586065e-06, 1.0553e+01, 2.8048e-01, 
 2DIAGNOSTIC,    22, -5.364650876903e-01, 1.220089073495e-06, 1.0823e+01, 2.7088e-01, 
 2DIAGNOSTIC,    23, -5.364645963475e-01, 1.150826736268e-06, 1.1094e+01, 2.7052e-01, 
 2DIAGNOSTIC,    24, -5.364654531297e-01, 1.125437125028e-06, 1.1384e+01, 2.9001e-01, 
 2DIAGNOSTIC,    25, -5.364644755578e-01, 1.065334533770e-06, 1.1679e+01, 2.9529e-01, 
 2DIAGNOSTIC,    26, -5.364646894103e-01, 1.026011552205e-06, 1.1970e+01, 2.9089e-01, 
 2DIAGNOSTIC,    27, -5.364647442890e-01, 1.035793533756e-06, 1.2295e+01, 3.2450e-01, 
 2DIAGNOSTIC,    28, -5.364657918955e-01, 1.057551326664e-06, 1.2600e+01, 3.0545e-01, 
 2DIAGNOSTIC,    29, -5.364662208149e-01, 1.083436405369e-06, 1.2915e+01, 3.1531e-01, 
 2DIAGNOSTIC,    30, -5.364670023565e-01, 1.108966399765e-06, 1.3289e+01, 3.7325e-01, 
 2DIAGNOSTIC,    31, -5.364659743068e-01, 1.097127417811e-06, 1.3594e+01, 3.0560e-01, 
 2DIAGNOSTIC,    32, -5.364653575669e-01, 1.058339267689e-06, 1.3863e+01, 2.6829e-01, 
 2DIAGNOSTIC,    33, -5.364656828963e-01, 1.012593112325e-06, 1.4223e+01, 3.6096e-01, 
DIAGNOSTIC,Iteration,metricValue,convergenceValue,ITERATION_TIME_INDEX,SINCE_LAST
 2DIAGNOSTIC,     1, -4.925356043821e-01, 1.797693134862e+308, 1.7086e+01, 2.8625e+00, 
 2DIAGNOSTIC,     2, -4.926805950309e-01, 1.797693134862e+308, 1.8840e+01, 1.7538e+00, 
 2DIAGNOSTIC,     3, -4.927754015310e-01, 1.797693134862e+308, 2.2785e+01, 3.9455e+00, 
 2DIAGNOSTIC,     4, -4.927754043401e-01, 1.797693134862e+308, 2.4856e+01, 2.0707e+00, 
 2DIAGNOSTIC,     5, -4.927749569835e-01, 1.797693134862e+308, 2.6821e+01, 1.9649e+00, 
 2DIAGNOSTIC,     6, -4.927747168131e-01, 1.797693134862e+308, 2.8740e+01, 1.9187e+00, 
 2DIAGNOSTIC,     7, -4.927746727284e-01, 1.797693134862e+308, 3.0457e+01, 1.7174e+00, 
 2DIAGNOSTIC,     8, -4.927744555767e-01, 1.797693134862e+308, 3.2396e+01, 1.9387e+00, 
 2DIAGNOSTIC,     9, -4.927743949842e-01, 1.797693134862e+308, 3.4283e+01, 1.8869e+00, 
 2DIAGNOSTIC,    10, -4.927742801175e-01, 2.161353380067e-05, 3.6848e+01, 2.5650e+00, 
 2DIAGNOSTIC,    11, -4.927742961624e-01, 7.704071592382e-06, 3.8755e+01, 1.9075e+00, 
 2DIAGNOSTIC,    12, -4.927740912291e-01, 2.509674107379e-06, 4.0479e+01, 1.7234e+00, 
 2DIAGNOSTIC,    13, -4.927740055738e-01, 2.329748583524e-06, 4.2204e+01, 1.7251e+00, 
 2DIAGNOSTIC,    14, -4.927740460999e-01, 2.188449968937e-06, 4.3920e+01, 1.7162e+00, 
 2DIAGNOSTIC,    15, -4.927737858970e-01, 2.046411793771e-06, 4.5692e+01, 1.7723e+00, 
 2DIAGNOSTIC,    16, -4.927739008073e-01, 1.924615503759e-06, 4.7653e+01, 1.9613e+00, 
 2DIAGNOSTIC,    17, -4.927740010490e-01, 1.824961421024e-06, 4.9591e+01, 1.9377e+00, 
 2DIAGNOSTIC,    18, -4.927737721123e-01, 1.726264720385e-06, 5.1545e+01, 1.9541e+00, 
 2DIAGNOSTIC,    19, -4.927735427826e-01, 1.633273197681e-06, 5.3636e+01, 2.0904e+00, 
 2DIAGNOSTIC,    20, -4.927733779283e-01, 1.545465139280e-06, 5.5694e+01, 2.0579e+00, 
 2DIAGNOSTIC,    21, -4.927732981879e-01, 1.468536070172e-06, 5.7600e+01, 1.9068e+00, 
 2DIAGNOSTIC,    22, -4.927732106566e-01, 1.395096006350e-06, 5.9289e+01, 1.6887e+00, 
 2DIAGNOSTIC,    23, -4.927731383274e-01, 1.328857787218e-06, 6.0956e+01, 1.6675e+00, 
 2DIAGNOSTIC,    24, -4.927733106504e-01, 1.278710820792e-06, 6.2816e+01, 1.8595e+00, 
 2DIAGNOSTIC,    25, -4.927731828956e-01, 1.227804077630e-06, 6.4719e+01, 1.9030e+00, 
 2DIAGNOSTIC,    26, -4.927731551752e-01, 1.186888487194e-06, 6.6676e+01, 1.9574e+00, 
 2DIAGNOSTIC,    27, -4.927731611896e-01, 1.154832565090e-06, 6.8359e+01, 1.6829e+00, 
 2DIAGNOSTIC,    28, -4.927730258197e-01, 1.119796656429e-06, 7.0361e+01, 2.0020e+00, 
 2DIAGNOSTIC,    29, -4.927729125625e-01, 1.081975908326e-06, 7.2025e+01, 1.6641e+00, 
 2DIAGNOSTIC,    30, -4.927728721230e-01, 1.044207283696e-06, 7.3876e+01, 1.8505e+00, 
 2DIAGNOSTIC,    31, -4.927729880828e-01, 1.011132558459e-06, 7.5830e+01, 1.9544e+00, 
  Elapsed time (stage 0): 7.7087e+01


Total elapsed time: 7.7090e+01
Info [verificarlo]: loaded backend libinterflop_ieee.so
Info [interflop-ieee]: load backend with:
Info [interflop-ieee]: debug = false
Info [interflop-ieee]: debug-binary = false
Info [interflop-ieee]: no-backend-name = false
Info [interflop-ieee]: print-new-line = false
Info [interflop-ieee]: print-subnormal-normalized = false
Info [interflop-ieee]: count-op = false
All_Command_lines_OK
Using double precision for computations.
=============================================================================
The composite transform comprises the following transforms (in order): 
  1. /home/mdugre/scratch/mri-registration-rp/datasets/ds004513/derivatives/mri-registration-rp/0100/antsRegistration-r7-p8/sub-s035/affine_Composite.h5[0] (type = Euler3DTransform)
  2. /home/mdugre/scratch/mri-registration-rp/datasets/ds004513/derivatives/mri-registration-rp/0100/antsRegistration-r7-p8/sub-s035/affine_Composite.h5[1] (type = Euler3DTransform)
  3. /home/mdugre/scratch/mri-registration-rp/datasets/ds004513/derivatives/mri-registration-rp/0100/antsRegistration-r7-p8/sub-s035/affine_Composite.h5[2] (type = Euler3DTransform)
  4. /home/mdugre/scratch/mri-registration-rp/datasets/ds004513/derivatives/mri-registration-rp/0100/antsRegistration-r7-p8/sub-s035/affine_Composite.h5[3] (type = AffineTransform)
=============================================================================
  number of levels = 4
  fixed image: /templateflow/tpl-MNI152NLin2009cAsym/tpl-MNI152NLin2009cAsym_res-01_desc-brain_T1w.nii.gz
  moving image: /home/mdugre/scratch/mri-registration-rp/datasets/ds004513/derivatives/mri-registration-rp/antsBrainExtraction/sub-s035/BrainExtractionBrain.nii.gz
Dimension = 3
Number of stages = 1
Use histogram matching = false
Winsorize image intensities = true
  Lower quantile = 0.005
  Upper quantile = 0.995


Stage 1 State
   Image metric = CC
     Fixed image = Image (0x3acaa40)
  RTTI typeinfo:   itk::Image<double, 3u>
  Reference Count: 2
  Modified Time: 1606
  Debug: Off
  Object Name: 
  Observers: 
    none
  Source: (none)
  Source output name: (none)
  Release Data: Off
  Data Released: False
  Global Release Data: Off
  PipelineMTime: 0
  UpdateMTime: 1217
  RealTimeStamp: 0 seconds 
  LargestPossibleRegion: 
    Dimension: 3
    Index: [0, 0, 0]
    Size: [193, 229, 193]
  BufferedRegion: 
    Dimension: 3
    Index: [0, 0, 0]
    Size: [193, 229, 193]
  RequestedRegion: 
    Dimension: 3
    Index: [0, 0, 0]
    Size: [193, 229, 193]
  Spacing: [1, 1, 1]
  Origin: [96, 132, -78]
  Direction: 
-1 0 0
0 -1 0
0 0 1

  IndexToPointMatrix: 
-1 0 0
0 -1 0
0 0 1

  PointToIndexMatrix: 
-1 0 0
0 -1 0
0 0 1

  Inverse Direction: 
-1 0 0
0 -1 0
0 0 1

  PixelContainer: 
    ImportImageContainer (0x3b99780)
      RTTI typeinfo:   itk::ImportImageContainer<unsigned long, double>
      Reference Count: 1
      Modified Time: 1214
      Debug: Off
      Object Name: 
      Observers: 
        none
      Pointer: 0x1475c90e7010
      Container manages memory: true
      Size: 8530021
      Capacity: 8530021

     Moving image = Image (0x3b9b390)
  RTTI typeinfo:   itk::Image<double, 3u>
  Reference Count: 2
  Modified Time: 1607
  Debug: Off
  Object Name: 
  Observers: 
    none
  Source: (none)
  Source output name: (none)
  Release Data: Off
  Data Released: False
  Global Release Data: Off
  PipelineMTime: 0
  UpdateMTime: 1604
  RealTimeStamp: 0 seconds 
  LargestPossibleRegion: 
    Dimension: 3
    Index: [0, 0, 0]
    Size: [160, 240, 256]
  BufferedRegion: 
    Dimension: 3
    Index: [0, 0, 0]
    Size: [160, 240, 256]
  RequestedRegion: 
    Dimension: 3
    Index: [0, 0, 0]
    Size: [160, 240, 256]
  Spacing: [1, 1, 1]
  Origin: [98.6438, 87.6358, -117.989]
  Direction: 
-0.993515 -0.100993 -0.0522355
0.100854 -0.994887 0.00530255
-0.0525039 1.93537e-08 0.998621

  IndexToPointMatrix: 
-0.993515 -0.100993 -0.0522355
0.100854 -0.994887 0.00530255
-0.0525039 1.93537e-08 0.998621

  PointToIndexMatrix: 
-0.993515 0.100854 -0.0525039
-0.100993 -0.994887 1.93006e-08
-0.0522355 0.00530255 0.998621

  Inverse Direction: 
-0.993515 0.100854 -0.0525039
-0.100993 -0.994887 1.93006e-08
-0.0522355 0.00530255 0.998621

  PixelContainer: 
    ImportImageContainer (0x3b506f0)
      RTTI typeinfo:   itk::ImportImageContainer<unsigned long, double>
      Reference Count: 1
      Modified Time: 1601
      Debug: Off
      Object Name: 
      Observers: 
        none
      Pointer: 0x1475c45e6010
      Container manages memory: true
      Size: 9830400
      Capacity: 9830400

     Weighting = 1
     Sampling strategy = none
     Number of bins = 32
     Radius = 4
     Sampling percentage  = 1
   Transform = SyN
     Gradient step = 0.1
     Update field sigma (voxel space) = 3
     Total field sigma (voxel space) = 0
     Update field time sigma = 0
     Total field time sigma  = 0
     Number of time indices = 0
     Number of time point samples = 0
Registration using 1 total stages.

Stage 0
  iterations = 100x70x50x20
  convergence threshold = 1e-06
  convergence window size = 10
  number of levels = 4
  using the CC metric (radius = 4, weight = 1, use gradient filter = 0)
  preprocessing:  winsorizing the image intensities
  Shrink factors (level 1 out of 4): [8, 8, 8]
  Shrink factors (level 2 out of 4): [4, 4, 4]
  Shrink factors (level 3 out of 4): [2, 2, 2]
  Shrink factors (level 4 out of 4): [1, 1, 1]
  smoothing sigmas per level: [3, 2, 1, 0]
  Using default NONE metricSamplingStrategy 

*** Running SyN registration (varianceForUpdateField = 3, varianceForTotalField = 0) ***

XXDIAGNOSTIC,Iteration,metricValue,convergenceValue,ITERATION_TIME_INDEX,SINCE_LAST
 1DIAGNOSTIC,     1, -8.520469999814e-01, 1.797693134862e+308, 1.0350e+00, 1.0350e+00, 
 1DIAGNOSTIC,     2, -8.650711727686e-01, 1.797693134862e+308, 1.4410e+00, 4.0600e-01, 
 1DIAGNOSTIC,     3, -8.770867591277e-01, 1.797693134862e+308, 1.7730e+00, 3.3206e-01, 
 1DIAGNOSTIC,     4, -8.874363496652e-01, 1.797693134862e+308, 2.1164e+00, 3.4340e-01, 
 1DIAGNOSTIC,     5, -8.955116536530e-01, 1.797693134862e+308, 2.4555e+00, 3.3911e-01, 
 1DIAGNOSTIC,     6, -9.021160672260e-01, 1.797693134862e+308, 2.7917e+00, 3.3617e-01, 
 1DIAGNOSTIC,     7, -9.077833227349e-01, 1.797693134862e+308, 3.1348e+00, 3.4311e-01, 
 1DIAGNOSTIC,     8, -9.125401372590e-01, 1.797693134862e+308, 3.4766e+00, 3.4180e-01, 
 1DIAGNOSTIC,     9, -9.162249420085e-01, 1.797693134862e+308, 3.8267e+00, 3.5005e-01, 
 1DIAGNOSTIC,    10, -9.194209888133e-01, 4.696252992978e-03, 4.2606e+00, 4.3390e-01, 
 1DIAGNOSTIC,    11, -9.218887882519e-01, 3.546475456875e-03, 4.6820e+00, 4.2139e-01, 
 1DIAGNOSTIC,    12, -9.241258301496e-01, 2.673007912885e-03, 5.0457e+00, 3.6370e-01, 
 1DIAGNOSTIC,    13, -9.261159137774e-01, 2.032003232432e-03, 5.4211e+00, 3.7547e-01, 
 1DIAGNOSTIC,    14, -9.279373162901e-01, 1.571413106843e-03, 5.7593e+00, 3.3817e-01, 
 1DIAGNOSTIC,    15, -9.296035034324e-01, 1.232490009556e-03, 6.1068e+00, 3.4747e-01, 
 1DIAGNOSTIC,    16, -9.310050873817e-01, 9.793330306034e-04, 6.4445e+00, 3.3775e-01, 
 1DIAGNOSTIC,    17, -9.322955724795e-01, 7.934614749509e-04, 6.7878e+00, 3.4327e-01, 
 1DIAGNOSTIC,    18, -9.335230626373e-01, 6.584765191985e-04, 7.1252e+00, 3.3742e-01, 
