
##########################
# Experiment information #
##########################

EXPERIMENT_NAME: antsRegistration-r8-p21
VFC_BACKENDS: libinterflop_vprec.so --range-binary32=8 --precision-binary32=21 --range-binary64=8 --precision-binary64=21

SIF_IMG: /home/mdugre/projects/rrg-glatard/mdugre/containers/ants-vprec-no_metrics.simg

SUBJECT_ID: s020
INPUT_IMG: /home/mdugre/scratch/mri-registration-rp/datasets/ds004513/derivatives/mri-registration-rp/antsBrainExtraction/sub-s020/BrainExtractionBrain.nii.gz
OUTPUT_DIR: /home/mdugre/scratch/mri-registration-rp/datasets/ds004513/derivatives/mri-registration-rp/0100/antsRegistration-r8-p21/sub-s020

FIXED_IMG: /templateflow/tpl-MNI152NLin2009cAsym/tpl-MNI152NLin2009cAsym_res-01_desc-brain_T1w.nii.gz
DATA_DIR: /home/mdugre/scratch/mri-registration-rp/datasets/ds004513
TEMPLATEFLOW_DIR: /home/mdugre/projects/rrg-glatard/mdugre/templateflow
ITK_GLOBAL_DEFAULT_NUMBER_OF_THREADS: 16
##########################

Info [verificarlo]: loaded backend libinterflop_ieee.so
Info [interflop-ieee]: load backend with:
Info [interflop-ieee]: debug = false
Info [interflop-ieee]: debug-binary = false
Info [interflop-ieee]: no-backend-name = false
Info [interflop-ieee]: print-new-line = false
Info [interflop-ieee]: print-subnormal-normalized = false
Info [interflop-ieee]: count-op = false
All_Command_lines_OK
Using double precision for computations.
=============================================================================
The composite transform comprises the following transforms (in order): 
  1. Center of mass alignment using fixed image: /templateflow/tpl-MNI152NLin2009cAsym/tpl-MNI152NLin2009cAsym_res-01_desc-brain_T1w.nii.gz and moving image: /home/mdugre/scratch/mri-registration-rp/datasets/ds004513/derivatives/mri-registration-rp/antsBrainExtraction/sub-s020/BrainExtractionBrain.nii.gz (type = Euler3DTransform)
=============================================================================
  number of levels = 1
  fixed image: /templateflow/tpl-MNI152NLin2009cAsym/tpl-MNI152NLin2009cAsym_res-01_desc-brain_T1w.nii.gz
  moving image: /home/mdugre/scratch/mri-registration-rp/datasets/ds004513/derivatives/mri-registration-rp/antsBrainExtraction/sub-s020/BrainExtractionBrain.nii.gz
Dimension = 3
Number of stages = 1
Use histogram matching = false
Winsorize image intensities = true
  Lower quantile = 0.005
  Upper quantile = 0.995


Stage 1 State
   Image metric = MattesMI
     Fixed image = Image (0x49b4e70)
  RTTI typeinfo:   itk::Image<double, 3u>
  Reference Count: 2
  Modified Time: 2334
  Debug: Off
  Object Name: 
  Observers: 
    none
  Source: (none)
  Source output name: (none)
  Release Data: Off
  Data Released: False
  Global Release Data: Off
  PipelineMTime: 0
  UpdateMTime: 1943
  RealTimeStamp: 0 seconds 
  LargestPossibleRegion: 
    Dimension: 3
    Index: [0, 0, 0]
    Size: [193, 229, 193]
  BufferedRegion: 
    Dimension: 3
    Index: [0, 0, 0]
    Size: [193, 229, 193]
  RequestedRegion: 
    Dimension: 3
    Index: [0, 0, 0]
    Size: [193, 229, 193]
  Spacing: [1, 1, 1]
  Origin: [96, 132, -78]
  Direction: 
-1 0 0
0 -1 0
0 0 1

  IndexToPointMatrix: 
-1 0 0
0 -1 0
0 0 1

  PointToIndexMatrix: 
-1 0 0
0 -1 0
0 0 1

  Inverse Direction: 
-1 0 0
0 -1 0
0 0 1

  PixelContainer: 
    ImportImageContainer (0x49bdc60)
      RTTI typeinfo:   itk::ImportImageContainer<unsigned long, double>
      Reference Count: 1
      Modified Time: 1940
      Debug: Off
      Object Name: 
      Observers: 
        none
      Pointer: 0x14e3ec271010
      Container manages memory: true
      Size: 8530021
      Capacity: 8530021

     Moving image = Image (0x49c0610)
  RTTI typeinfo:   itk::Image<double, 3u>
  Reference Count: 2
  Modified Time: 2335
  Debug: Off
  Object Name: 
  Observers: 
    none
  Source: (none)
  Source output name: (none)
  Release Data: Off
  Data Released: False
  Global Release Data: Off
  PipelineMTime: 0
  UpdateMTime: 2332
  RealTimeStamp: 0 seconds 
  LargestPossibleRegion: 
    Dimension: 3
    Index: [0, 0, 0]
    Size: [160, 240, 256]
  BufferedRegion: 
    Dimension: 3
    Index: [0, 0, 0]
    Size: [160, 240, 256]
  RequestedRegion: 
    Dimension: 3
    Index: [0, 0, 0]
    Size: [160, 240, 256]
  Spacing: [0.999995, 1, 1]
  Origin: [87.0906, 98.7205, -152.377]
  Direction: 
-0.996975 0.0261379 -0.0731913
-0.0260677 -0.999658 -0.00191374
-0.0732163 -2.46403e-08 0.997316

  IndexToPointMatrix: 
-0.996971 0.0261379 -0.0731913
-0.0260676 -0.999658 -0.00191374
-0.0732159 -2.46403e-08 0.997316

  PointToIndexMatrix: 
-0.99698 -0.0260679 -0.0732166
0.0261379 -0.999658 -2.46993e-08
-0.0731913 -0.00191374 0.997316

  Inverse Direction: 
-0.996975 -0.0260677 -0.0732163
0.0261379 -0.999658 -2.46993e-08
-0.0731913 -0.00191374 0.997316

  PixelContainer: 
    ImportImageContainer (0x4a59ef0)
      RTTI typeinfo:   itk::ImportImageContainer<unsigned long, double>
      Reference Count: 1
      Modified Time: 2329
      Debug: Off
      Object Name: 
      Observers: 
        none
      Pointer: 0x14e3e7770010
      Container manages memory: true
      Size: 9830400
      Capacity: 9830400

     Weighting = 1
     Sampling strategy = regular
     Number of bins = 32
     Radius = 4
     Sampling percentage  = 0.25
   Transform = Rigid
     Gradient step = 0.1
     Update field sigma (voxel space) = 0
     Total field sigma (voxel space) = 0
     Update field time sigma = 0
     Total field time sigma  = 0
     Number of time indices = 0
     Number of time point samples = 0
Registration using 1 total stages.

Stage 0
  iterations = 0
  convergence threshold = 1e-06
  convergence window size = 10
  number of levels = 1
  using the Mattes MI metric (number of bins = 32, weight = 1, use gradient filter = 0)
  preprocessing:  winsorizing the image intensities
  Shrink factors (level 1 out of 1): [1, 1, 1]
  smoothing sigmas per level: [0]
  regular sampling (percentage = 0.25)

*** Running Euler3DTransform registration ***

  Elapsed time (stage 0): 1.14538


Total elapsed time: 1.14755
Info [verificarlo]: loaded backend libinterflop_vprec.so
Info [interflop-vprec]: load backend with: 
Info [interflop-vprec]: precision-binary32 = 21
Info [interflop-vprec]: range-binary32 = 8
Info [interflop-vprec]: precision-binary64 = 21
Info [interflop-vprec]: range-binary64 = 8
Info [interflop-vprec]: mode = ob
Info [interflop-vprec]: error-mode = rel
Info [interflop-vprec]: max-abs-error-exponent = -1022
Info [interflop-vprec]: daz = false
Info [interflop-vprec]: ftz = false
Info [interflop-vprec]: 	instrument = none
Info [interflop-vprec]: 	prec-input-file = (null)
Info [interflop-vprec]: 	prec-output-file = (null)
Info [interflop-vprec]: 	prec-log-file = (null)
All_Command_lines_OK
Using double precision for computations.
=============================================================================
The composite transform comprises the following transforms (in order): 
  1. /home/mdugre/scratch/mri-registration-rp/datasets/ds004513/derivatives/mri-registration-rp/0100/antsRegistration-r8-p21/sub-s020/align_Composite.h5[0] (type = Euler3DTransform)
  2. /home/mdugre/scratch/mri-registration-rp/datasets/ds004513/derivatives/mri-registration-rp/0100/antsRegistration-r8-p21/sub-s020/align_Composite.h5[1] (type = Euler3DTransform)
=============================================================================
  number of levels = 4
  fixed image: /templateflow/tpl-MNI152NLin2009cAsym/tpl-MNI152NLin2009cAsym_res-01_desc-brain_T1w.nii.gz
  moving image: /home/mdugre/scratch/mri-registration-rp/datasets/ds004513/derivatives/mri-registration-rp/antsBrainExtraction/sub-s020/BrainExtractionBrain.nii.gz
Dimension = 3
Number of stages = 1
Use histogram matching = false
Winsorize image intensities = true
  Lower quantile = 0.005
  Upper quantile = 0.995


Stage 1 State
   Image metric = MattesMI
     Fixed image = Image (0x39481e0)
  RTTI typeinfo:   itk::Image<double, 3u>
  Reference Count: 2
  Modified Time: 1580
  Debug: Off
  Object Name: 
  Observers: 
    none
  Source: (none)
  Source output name: (none)
  Release Data: Off
  Data Released: False
  Global Release Data: Off
  PipelineMTime: 0
  UpdateMTime: 1189
  RealTimeStamp: 0 seconds 
  LargestPossibleRegion: 
    Dimension: 3
    Index: [0, 0, 0]
    Size: [193, 229, 193]
  BufferedRegion: 
    Dimension: 3
    Index: [0, 0, 0]
    Size: [193, 229, 193]
  RequestedRegion: 
    Dimension: 3
    Index: [0, 0, 0]
    Size: [193, 229, 193]
  Spacing: [1, 1, 1]
  Origin: [96, 132, -78]
  Direction: 
-1 0 0
0 -1 0
0 0 1

  IndexToPointMatrix: 
-1 0 0
0 -1 0
0 0 1

  PointToIndexMatrix: 
-1 0 0
0 -1 0
0 0 1

  Inverse Direction: 
-1 0 0
0 -1 0
0 0 1

  PixelContainer: 
    ImportImageContainer (0x3a07680)
      RTTI typeinfo:   itk::ImportImageContainer<unsigned long, double>
      Reference Count: 1
      Modified Time: 1186
      Debug: Off
      Object Name: 
      Observers: 
        none
      Pointer: 0x15214ef8c010
      Container manages memory: true
      Size: 8530021
      Capacity: 8530021

     Moving image = Image (0x3a03b20)
  RTTI typeinfo:   itk::Image<double, 3u>
  Reference Count: 2
  Modified Time: 1581
  Debug: Off
  Object Name: 
  Observers: 
    none
  Source: (none)
  Source output name: (none)
  Release Data: Off
  Data Released: False
  Global Release Data: Off
  PipelineMTime: 0
  UpdateMTime: 1578
  RealTimeStamp: 0 seconds 
  LargestPossibleRegion: 
    Dimension: 3
    Index: [0, 0, 0]
    Size: [160, 240, 256]
  BufferedRegion: 
    Dimension: 3
    Index: [0, 0, 0]
    Size: [160, 240, 256]
  RequestedRegion: 
    Dimension: 3
    Index: [0, 0, 0]
    Size: [160, 240, 256]
  Spacing: [0.999995, 1, 1]
  Origin: [87.0906, 98.7205, -152.377]
  Direction: 
-0.996975 0.0261379 -0.0731913
-0.0260677 -0.999658 -0.00191374
-0.0732163 -2.46403e-08 0.997316

  IndexToPointMatrix: 
-0.996971 0.0261379 -0.0731913
-0.0260676 -0.999658 -0.00191374
-0.0732159 -2.46403e-08 0.997316

  PointToIndexMatrix: 
-0.99698 -0.0260679 -0.0732166
0.0261379 -0.999658 -2.53785e-08
-0.0731913 -0.00191374 0.997316

  Inverse Direction: 
-0.996975 -0.0260677 -0.0732163
0.0261379 -0.999658 -2.53785e-08
-0.0731913 -0.00191374 0.997316

  PixelContainer: 
    ImportImageContainer (0x3a6cd50)
      RTTI typeinfo:   itk::ImportImageContainer<unsigned long, double>
      Reference Count: 1
      Modified Time: 1575
      Debug: Off
      Object Name: 
      Observers: 
        none
      Pointer: 0x15214a48b010
      Container manages memory: true
      Size: 9830400
      Capacity: 9830400

     Weighting = 1
     Sampling strategy = regular
     Number of bins = 32
     Radius = 4
     Sampling percentage  = 0.25
   Transform = Rigid
     Gradient step = 0.1
     Update field sigma (voxel space) = 0
     Total field sigma (voxel space) = 0
     Update field time sigma = 0
     Total field time sigma  = 0
     Number of time indices = 0
     Number of time point samples = 0
Registration using 1 total stages.

Stage 0
  iterations = 1000x500x250x100
  convergence threshold = 1e-06
  convergence window size = 10
  number of levels = 4
  using the Mattes MI metric (number of bins = 32, weight = 1, use gradient filter = 0)
  preprocessing:  winsorizing the image intensities
  Shrink factors (level 1 out of 4): [8, 8, 8]
  Shrink factors (level 2 out of 4): [4, 4, 4]
  Shrink factors (level 3 out of 4): [2, 2, 2]
  Shrink factors (level 4 out of 4): [1, 1, 1]
  smoothing sigmas per level: [3, 2, 1, 0]
  regular sampling (percentage = 0.25)

*** Running Euler3DTransform registration ***

DIAGNOSTIC,Iteration,metricValue,convergenceValue,ITERATION_TIME_INDEX,SINCE_LAST
 2DIAGNOSTIC,     1, -3.791281955408e-01, 1.797693134862e+308, 0.0000e+00, 0.0000e+00, 
 2DIAGNOSTIC,     2, -3.803618811431e-01, 1.797693134862e+308, 0.0000e+00, 0.0000e+00, 
 2DIAGNOSTIC,     3, -3.828988337116e-01, 1.797693134862e+308, 0.0000e+00, 0.0000e+00, 
 2DIAGNOSTIC,     4, -3.876155426319e-01, 1.797693134862e+308, 0.0000e+00, 0.0000e+00, 
 2DIAGNOSTIC,     5, -3.904969684654e-01, 1.797693134862e+308, 0.0000e+00, 0.0000e+00, 
 2DIAGNOSTIC,     6, -3.911064971859e-01, 1.797693134862e+308, 0.0000e+00, 0.0000e+00, 
 2DIAGNOSTIC,     7, -3.914936146144e-01, 1.797693134862e+308, 0.0000e+00, 0.0000e+00, 
 2DIAGNOSTIC,     8, -3.925706014145e-01, 1.797693134862e+308, 0.0000e+00, 0.0000e+00, 
 2DIAGNOSTIC,     9, -3.981663433609e-01, 1.797693134862e+308, 0.0000e+00, 0.0000e+00, 
 2DIAGNOSTIC,    10, -4.081709071634e-01, 3.885236224671e-03, 0.0000e+00, 0.0000e+00, 
 2DIAGNOSTIC,    11, -4.246087902294e-01, 4.914006189815e-03, 0.0000e+00, 0.0000e+00, 
 2DIAGNOSTIC,    12, -4.355105847756e-01, 6.019178948467e-03, 0.0000e+00, 0.0000e+00, 
 2DIAGNOSTIC,    13, -4.427391150086e-01, 6.919823230499e-03, 0.0000e+00, 0.0000e+00, 
 2DIAGNOSTIC,    14, -4.460719487406e-01, 7.455738672011e-03, 0.0000e+00, 0.0000e+00, 
 2DIAGNOSTIC,    15, -4.467892752977e-01, 7.400801790310e-03, 0.0000e+00, 0.0000e+00, 
 2DIAGNOSTIC,    16, -4.467890843444e-01, 6.700106963398e-03, 0.0000e+00, 0.0000e+00, 
 2DIAGNOSTIC,    17, -4.467914840287e-01, 5.491097858563e-03, 0.0000e+00, 0.0000e+00, 
 2DIAGNOSTIC,    18, -4.467958987671e-01, 3.966451390449e-03, 0.0000e+00, 0.0000e+00, 
 2DIAGNOSTIC,    19, -4.468034750840e-01, 2.450847517231e-03, 0.0000e+00, 0.0000e+00, 
 2DIAGNOSTIC,    20, -4.468154572426e-01, 1.204351994879e-03, 0.0000e+00, 0.0000e+00, 
 2DIAGNOSTIC,    21, -4.468360872464e-01, 5.003157397713e-04, 0.0000e+00, 0.0000e+00, 
 2DIAGNOSTIC,    22, -4.468692445818e-01, 1.501396789640e-04, 0.0000e+00, 0.0000e+00, 
 2DIAGNOSTIC,    23, -4.468919425629e-01, 2.895399908363e-05, 0.0000e+00, 0.0000e+00, 
 2DIAGNOSTIC,    24, -4.468613723474e-01, 8.071102724973e-06, 0.0000e+00, 0.0000e+00, 
 2DIAGNOSTIC,    25, -4.468470854733e-01, 7.280943720059e-06, 0.0000e+00, 0.0000e+00, 
 2DIAGNOSTIC,    26, -4.468545408755e-01, 6.185499643728e-06, 0.0000e+00, 0.0000e+00, 
 2DIAGNOSTIC,    27, -4.469082113441e-01, 6.070168853560e-06, 0.0000e+00, 0.0000e+00, 
 2DIAGNOSTIC,    28, -4.468970929935e-01, 5.305836588816e-06, 0.0000e+00, 0.0000e+00, 
 2DIAGNOSTIC,    29, -4.469639998886e-01, 5.969147086261e-06, 0.0000e+00, 0.0000e+00, 
 2DIAGNOSTIC,    30, -4.469812577229e-01, 6.765814285027e-06, 0.0000e+00, 0.0000e+00, 
 2DIAGNOSTIC,    31, -4.470087041968e-01, 7.977436199645e-06, 0.0000e+00, 0.0000e+00, 
 2DIAGNOSTIC,    32, -4.471308499105e-01, 1.164581576005e-05, 0.0000e+00, 0.0000e+00, 
 2DIAGNOSTIC,    33, -4.473176367991e-01, 1.824055596723e-05, 0.0000e+00, 0.0000e+00, 
 2DIAGNOSTIC,    34, -4.477139194013e-01, 2.985771491427e-05, 0.0000e+00, 0.0000e+00, 
 2DIAGNOSTIC,    35, -4.483263876946e-01, 4.920391673629e-05, 0.0000e+00, 0.0000e+00, 
 2DIAGNOSTIC,    36, -4.482589166804e-01, 6.153863647001e-05, 0.0000e+00, 0.0000e+00, 
 2DIAGNOSTIC,    37, -4.484623492119e-01, 7.225664278110e-05, 0.0000e+00, 0.0000e+00, 
 2DIAGNOSTIC,    38, -4.485152417517e-01, 7.627090889305e-05, 0.0000e+00, 0.0000e+00, 
 2DIAGNOSTIC,    39, -4.488177414966e-01, 7.899291541930e-05, 0.0000e+00, 0.0000e+00, 
 2DIAGNOSTIC,    40, -4.497991610979e-01, 9.034113212056e-05, 0.0000e+00, 0.0000e+00, 
 2DIAGNOSTIC,    41, -4.503514160889e-01, 1.015429911339e-04, 0.0000e+00, 0.0000e+00, 
 2DIAGNOSTIC,    42, -4.506331125899e-01, 1.090003673467e-04, 0.0000e+00, 0.0000e+00, 
 2DIAGNOSTIC,    43, -4.511286044212e-01, 1.162737505869e-04, 0.0000e+00, 0.0000e+00, 
 2DIAGNOSTIC,    44, -4.511466831343e-01, 1.179580055980e-04, 0.0000e+00, 0.0000e+00, 
 2DIAGNOSTIC,    45, -4.511864137966e-01, 1.177873714870e-04, 0.0000e+00, 0.0000e+00, 
 2DIAGNOSTIC,    46, -4.512559483428e-01, 1.063603917642e-04, 0.0000e+00, 0.0000e+00, 
 2DIAGNOSTIC,    47, -4.512327884015e-01, 8.795407607248e-05, 0.0000e+00, 0.0000e+00, 
 2DIAGNOSTIC,    48, -4.512731724201e-01, 6.332739250491e-05, 0.0000e+00, 0.0000e+00, 
 2DIAGNOSTIC,    49, -4.513451345512e-01, 3.847145734137e-05, 0.0000e+00, 0.0000e+00, 
 2DIAGNOSTIC,    50, -4.515440687445e-01, 2.632227874610e-05, 0.0000e+00, 0.0000e+00, 
 2DIAGNOSTIC,    51, -4.514966652514e-01, 1.856534716077e-05, 0.0000e+00, 0.0000e+00, 
 2DIAGNOSTIC,    52, -4.515095097193e-01, 1.298177964616e-05, 0.0000e+00, 0.0000e+00, 
 2DIAGNOSTIC,    53, -4.515367566133e-01, 1.288111751674e-05, 0.0000e+00, 0.0000e+00, 
 2DIAGNOSTIC,    54, -4.516458420761e-01, 1.308893049831e-05, 0.0000e+00, 0.0000e+00, 
 2DIAGNOSTIC,    55, -4.517229257644e-01, 1.338117095086e-05, 0.0000e+00, 0.0000e+00, 
 2DIAGNOSTIC,    56, -4.516958084621e-01, 1.294916119206e-05, 0.0000e+00, 0.0000e+00, 
 2DIAGNOSTIC,    57, -4.516249426877e-01, 1.034636393035e-05, 0.0000e+00, 0.0000e+00, 
 2DIAGNOSTIC,    58, -4.516360865213e-01, 7.491756440766e-06, 0.0000e+00, 0.0000e+00, 
 2DIAGNOSTIC,    59, -4.516887937794e-01, 5.332556556794e-06, 0.0000e+00, 0.0000e+00, 
 2DIAGNOSTIC,    60, -4.517693273691e-01, 5.783748847171e-06, 0.0000e+00, 0.0000e+00, 
 2DIAGNOSTIC,    61, -4.517889347979e-01, 5.428190588828e-06, 0.0000e+00, 0.0000e+00, 
 2DIAGNOSTIC,    62, -4.519053476398e-01, 6.008947081988e-06, 0.0000e+00, 0.0000e+00, 
 2DIAGNOSTIC,    63, -4.527819480098e-01, 1.528139374178e-05, 0.0000e+00, 0.0000e+00, 
 2DIAGNOSTIC,    64, -4.541430521218e-01, 3.740645526925e-05, 0.0000e+00, 0.0000e+00, 
 2DIAGNOSTIC,    65, -4.543229406869e-01, 5.755393754280e-05, 0.0000e+00, 0.0000e+00, 
 2DIAGNOSTIC,    66, -4.545022058232e-01, 7.333616292770e-05, 0.0000e+00, 0.0000e+00, 
 2DIAGNOSTIC,    67, -4.548806612233e-01, 8.473035137667e-05, 0.0000e+00, 0.0000e+00, 
 2DIAGNOSTIC,    68, -4.548774013211e-01, 8.748876681968e-05, 0.0000e+00, 0.0000e+00, 
 2DIAGNOSTIC,    69, -4.548992649283e-01, 8.229619472726e-05, 0.0000e+00, 0.0000e+00, 
 2DIAGNOSTIC,    70, -4.550654238431e-01, 7.175279848135e-05, 0.0000e+00, 0.0000e+00, 
 2DIAGNOSTIC,    71, -4.553797368299e-01, 5.785519713084e-05, 0.0000e+00, 0.0000e+00, 
 2DIAGNOSTIC,    72, -4.555485182738e-01, 4.120046035418e-05, 0.0000e+00, 0.0000e+00, 
 2DIAGNOSTIC,    73, -4.554710362103e-01, 2.784032966396e-05, 0.0000e+00, 0.0000e+00, 
 2DIAGNOSTIC,    74, -4.556925506859e-01, 2.607893861293e-05, 0.0000e+00, 0.0000e+00, 
 2DIAGNOSTIC,    75, -4.556933591966e-01, 2.336425522677e-05, 0.0000e+00, 0.0000e+00, 
 2DIAGNOSTIC,    76, -4.556934258872e-01, 1.989584798874e-05, 0.0000e+00, 0.0000e+00, 
 2DIAGNOSTIC,    77, -4.556934155858e-01, 1.782654412313e-05, 0.0000e+00, 0.0000e+00, 
 2DIAGNOSTIC,    78, -4.556934391559e-01, 1.415809473381e-05, 0.0000e+00, 0.0000e+00, 
 2DIAGNOSTIC,    79, -4.556933452960e-01, 9.422568807810e-06, 0.0000e+00, 0.0000e+00, 
 2DIAGNOSTIC,    80, -4.556934524621e-01, 5.200977699854e-06, 0.0000e+00, 0.0000e+00, 
 2DIAGNOSTIC,    81, -4.556933936188e-01, 3.097402460520e-06, 0.0000e+00, 0.0000e+00, 
 2DIAGNOSTIC,    82, -4.556933623427e-01, 2.145584719225e-06, 0.0000e+00, 0.0000e+00, 
DIAGNOSTIC,Iteration,metricValue,convergenceValue,ITERATION_TIME_INDEX,SINCE_LAST
 2DIAGNOSTIC,     1, -3.751254495377e-01, 1.797693134862e+308, 0.0000e+00, 0.0000e+00, 
 2DIAGNOSTIC,     2, -3.755941884531e-01, 1.797693134862e+308, 0.0000e+00, 0.0000e+00, 
 2DIAGNOSTIC,     3, -3.762976767251e-01, 1.797693134862e+308, 0.0000e+00, 0.0000e+00, 
 2DIAGNOSTIC,     4, -3.773909271994e-01, 1.797693134862e+308, 0.0000e+00, 0.0000e+00, 
 2DIAGNOSTIC,     5, -3.787675405986e-01, 1.797693134862e+308, 0.0000e+00, 0.0000e+00, 
 2DIAGNOSTIC,     6, -3.799215584933e-01, 1.797693134862e+308, 0.0000e+00, 0.0000e+00, 
 2DIAGNOSTIC,     7, -3.854301567803e-01, 1.797693134862e+308, 0.0000e+00, 0.0000e+00, 
 2DIAGNOSTIC,     8, -3.915594466978e-01, 1.797693134862e+308, 0.0000e+00, 0.0000e+00, 
 2DIAGNOSTIC,     9, -3.984578183469e-01, 1.797693134862e+308, 0.0000e+00, 0.0000e+00, 
 2DIAGNOSTIC,    10, -3.998430115734e-01, 4.397720691566e-03, 0.0000e+00, 0.0000e+00, 
 2DIAGNOSTIC,    11, -4.018761301422e-01, 4.595902457348e-03, 0.0000e+00, 0.0000e+00, 
 2DIAGNOSTIC,    12, -4.031268184719e-01, 4.451399623251e-03, 0.0000e+00, 0.0000e+00, 
 2DIAGNOSTIC,    13, -4.034255324521e-01, 3.978217396999e-03, 0.0000e+00, 0.0000e+00, 
 2DIAGNOSTIC,    14, -4.041034489516e-01, 3.304815064048e-03, 0.0000e+00, 0.0000e+00, 
 2DIAGNOSTIC,    15, -4.046899521378e-01, 2.522598044806e-03, 0.0000e+00, 0.0000e+00, 
 2DIAGNOSTIC,    16, -4.071733374221e-01, 1.774454963628e-03, 0.0000e+00, 0.0000e+00, 
 2DIAGNOSTIC,    17, -4.085738033806e-01, 1.242495751416e-03, 0.0000e+00, 0.0000e+00, 
 2DIAGNOSTIC,    18, -4.104080751964e-01, 9.705617469063e-04, 0.0000e+00, 0.0000e+00, 
 2DIAGNOSTIC,    19, -4.121904117443e-01, 9.677402536702e-04, 0.0000e+00, 0.0000e+00, 
 2DIAGNOSTIC,    20, -4.138217681009e-01, 9.815039951679e-04, 0.0000e+00, 0.0000e+00, 
 2DIAGNOSTIC,    21, -4.139642628584e-01, 9.748594606140e-04, 0.0000e+00, 0.0000e+00, 
 2DIAGNOSTIC,    22, -4.140842431724e-01, 9.231886247365e-04, 0.0000e+00, 0.0000e+00, 
 2DIAGNOSTIC,    23, -4.145335552563e-01, 8.136280215778e-04, 0.0000e+00, 0.0000e+00, 
 2DIAGNOSTIC,    24, -4.148935518126e-01, 6.678957520183e-04, 0.0000e+00, 0.0000e+00, 
 2DIAGNOSTIC,    25, -4.159031810600e-01, 5.154273763887e-04, 0.0000e+00, 0.0000e+00, 
 2DIAGNOSTIC,    26, -4.164464879212e-01, 4.091812705737e-04, 0.0000e+00, 0.0000e+00, 
 2DIAGNOSTIC,    27, -4.166234110190e-01, 3.140413312927e-04, 0.0000e+00, 0.0000e+00, 
 2DIAGNOSTIC,    28, -4.169407467820e-01, 2.504181943844e-04, 0.0000e+00, 0.0000e+00, 
 2DIAGNOSTIC,    29, -4.169680170353e-01, 2.107091619499e-04, 0.0000e+00, 0.0000e+00, 
 2DIAGNOSTIC,    30, -4.170446005657e-01, 1.939546284278e-04, 0.0000e+00, 0.0000e+00, 
 2DIAGNOSTIC,    31, -4.173070370264e-01, 1.692458697301e-04, 0.0000e+00, 0.0000e+00, 
 2DIAGNOSTIC,    32, -4.173555503805e-01, 1.338311742708e-04, 0.0000e+00, 0.0000e+00, 
 2DIAGNOSTIC,    33, -4.173419139748e-01, 9.751399556656e-05, 0.0000e+00, 0.0000e+00, 
 2DIAGNOSTIC,    34, -4.173407569536e-01, 6.134013514819e-05, 0.0000e+00, 0.0000e+00, 
 2DIAGNOSTIC,    35, -4.173331764939e-01, 4.149195496647e-05, 0.0000e+00, 0.0000e+00, 
 2DIAGNOSTIC,    36, -4.173215981555e-01, 2.918906626621e-05, 0.0000e+00, 0.0000e+00, 
 2DIAGNOSTIC,    37, -4.173124661790e-01, 1.789282512670e-05, 0.0000e+00, 0.0000e+00, 
 2DIAGNOSTIC,    38, -4.172955557001e-01, 1.121586161430e-05, 0.0000e+00, 0.0000e+00, 
 2DIAGNOSTIC,    39, -4.172924829683e-01, 4.376548792661e-06, 0.0000e+00, 0.0000e+00, 
DIAGNOSTIC,Iteration,metricValue,convergenceValue,ITERATION_TIME_INDEX,SINCE_LAST
 2DIAGNOSTIC,     1, -3.583614133397e-01, 1.797693134862e+308, 0.0000e+00, 0.0000e+00, 
 2DIAGNOSTIC,     2, -3.585506704777e-01, 1.797693134862e+308, 0.0000e+00, 0.0000e+00, 
 2DIAGNOSTIC,     3, -3.587492938759e-01, 1.797693134862e+308, 0.0000e+00, 0.0000e+00, 
 2DIAGNOSTIC,     4, -3.588676210644e-01, 1.797693134862e+308, 0.0000e+00, 0.0000e+00, 
 2DIAGNOSTIC,     5, -3.589722442236e-01, 1.797693134862e+308, 0.0000e+00, 0.0000e+00, 
 2DIAGNOSTIC,     6, -3.592410116476e-01, 1.797693134862e+308, 0.0000e+00, 0.0000e+00, 
 2DIAGNOSTIC,     7, -3.594590825243e-01, 1.797693134862e+308, 0.0000e+00, 0.0000e+00, 
 2DIAGNOSTIC,     8, -3.595638188957e-01, 1.797693134862e+308, 0.0000e+00, 0.0000e+00, 
 2DIAGNOSTIC,     9, -3.596347132819e-01, 1.797693134862e+308, 0.0000e+00, 0.0000e+00, 
 2DIAGNOSTIC,    10, -3.597006232639e-01, 2.547527276397e-04, 0.0000e+00, 0.0000e+00, 
 2DIAGNOSTIC,    11, -3.597119308668e-01, 2.074232187840e-04, 0.0000e+00, 0.0000e+00, 
 2DIAGNOSTIC,    12, -3.597113816306e-01, 1.617022579191e-04, 0.0000e+00, 0.0000e+00, 
 2DIAGNOSTIC,    13, -3.597112122004e-01, 1.207806638743e-04, 0.0000e+00, 0.0000e+00, 
 2DIAGNOSTIC,    14, -3.597113737961e-01, 8.178155552316e-05, 0.0000e+00, 0.0000e+00, 
 2DIAGNOSTIC,    15, -3.597113254837e-01, 4.599149081058e-05, 0.0000e+00, 0.0000e+00, 
 2DIAGNOSTIC,    16, -3.597113226451e-01, 2.373237170153e-05, 0.0000e+00, 0.0000e+00, 
 2DIAGNOSTIC,    17, -3.597113269762e-01, 1.218733936579e-05, 0.0000e+00, 0.0000e+00, 
 2DIAGNOSTIC,    18, -3.597113298932e-01, 5.529325458942e-06, 0.0000e+00, 0.0000e+00, 
 2DIAGNOSTIC,    19, -3.597113222086e-01, 2.101455496936e-06, 0.0000e+00, 0.0000e+00, 
 2DIAGNOSTIC,    20, -3.597113238757e-01, 1.570160948580e-06, 0.0000e+00, 0.0000e+00, 
 2DIAGNOSTIC,    21, -3.597113128545e-01, 1.517693678649e-06, 0.0000e+00, 0.0000e+00, 
 2DIAGNOSTIC,    22, -3.597113150556e-01, 1.450576380402e-06, 0.0000e+00, 0.0000e+00, 
 2DIAGNOSTIC,    23, -3.597113127190e-01, 1.383042710898e-06, 0.0000e+00, 0.0000e+00, 
 2DIAGNOSTIC,    24, -3.597113098152e-01, 1.326673518383e-06, 0.0000e+00, 0.0000e+00, 
 2DIAGNOSTIC,    25, -3.597113096595e-01, 1.273418928596e-06, 0.0000e+00, 0.0000e+00, 
 2DIAGNOSTIC,    26, -3.597113089542e-01, 1.224286753004e-06, 0.0000e+00, 0.0000e+00, 
 2DIAGNOSTIC,    27, -3.597113088013e-01, 1.179054801473e-06, 0.0000e+00, 0.0000e+00, 
 2DIAGNOSTIC,    28, -3.597113088288e-01, 1.137264271985e-06, 0.0000e+00, 0.0000e+00, 
 2DIAGNOSTIC,    29, -3.597113088288e-01, 1.098231367291e-06, 0.0000e+00, 0.0000e+00, 
 2DIAGNOSTIC,    30, -3.597113096449e-01, 1.061939702111e-06, 0.0000e+00, 0.0000e+00, 
 2DIAGNOSTIC,    31, -3.597113096449e-01, 1.027735716697e-06, 0.0000e+00, 0.0000e+00, 
DIAGNOSTIC,Iteration,metricValue,convergenceValue,ITERATION_TIME_INDEX,SINCE_LAST
 2DIAGNOSTIC,     1, -3.309799092056e-01, 1.797693134862e+308, 0.0000e+00, 0.0000e+00, 
 2DIAGNOSTIC,     2, -3.310788060036e-01, 1.797693134862e+308, 0.0000e+00, 0.0000e+00, 
 2DIAGNOSTIC,     3, -3.311547932813e-01, 1.797693134862e+308, 0.0000e+00, 0.0000e+00, 
 2DIAGNOSTIC,     4, -3.311959223493e-01, 1.797693134862e+308, 0.0000e+00, 0.0000e+00, 
 2DIAGNOSTIC,     5, -3.312296513948e-01, 1.797693134862e+308, 0.0000e+00, 0.0000e+00, 
 2DIAGNOSTIC,     6, -3.312936375549e-01, 1.797693134862e+308, 0.0000e+00, 0.0000e+00, 
 2DIAGNOSTIC,     7, -3.313385385269e-01, 1.797693134862e+308, 0.0000e+00, 0.0000e+00, 
 2DIAGNOSTIC,     8, -3.313665703586e-01, 1.797693134862e+308, 0.0000e+00, 0.0000e+00, 
 2DIAGNOSTIC,     9, -3.313742477999e-01, 1.797693134862e+308, 0.0000e+00, 0.0000e+00, 
 2DIAGNOSTIC,    10, -3.313796178644e-01, 7.900429757150e-05, 0.0000e+00, 0.0000e+00, 
 2DIAGNOSTIC,    11, -3.313865914254e-01, 5.755226803145e-05, 0.0000e+00, 0.0000e+00, 
 2DIAGNOSTIC,    12, -3.313948271324e-01, 4.227530347613e-05, 0.0000e+00, 0.0000e+00, 
 2DIAGNOSTIC,    13, -3.314290866232e-01, 3.301699512209e-05, 0.0000e+00, 0.0000e+00, 
 2DIAGNOSTIC,    14, -3.314366689749e-01, 2.526083533985e-05, 0.0000e+00, 0.0000e+00, 
 2DIAGNOSTIC,    15, -3.314383437441e-01, 1.842840956412e-05, 0.0000e+00, 0.0000e+00, 
 2DIAGNOSTIC,    16, -3.314387499096e-01, 1.438670900659e-05, 0.0000e+00, 0.0000e+00, 
 2DIAGNOSTIC,    17, -3.314388265916e-01, 1.190950808215e-05, 0.0000e+00, 0.0000e+00, 
 2DIAGNOSTIC,    18, -3.314386988121e-01, 1.007946540236e-05, 0.0000e+00, 0.0000e+00, 
 2DIAGNOSTIC,    19, -3.314385939549e-01, 8.005547380965e-06, 0.0000e+00, 0.0000e+00, 
 2DIAGNOSTIC,    20, -3.314385264084e-01, 5.795691308673e-06, 0.0000e+00, 0.0000e+00, 
 2DIAGNOSTIC,    21, -3.314385755842e-01, 3.703376504599e-06, 0.0000e+00, 0.0000e+00, 
 2DIAGNOSTIC,    22, -3.314385267854e-01, 1.882474319086e-06, 0.0000e+00, 0.0000e+00, 
 2DIAGNOSTIC,    23, -3.314385348325e-01, 1.450270012179e-06, 0.0000e+00, 0.0000e+00, 
 2DIAGNOSTIC,    24, -3.314384899590e-01, 1.315961780039e-06, 0.0000e+00, 0.0000e+00, 
 2DIAGNOSTIC,    25, -3.314385270199e-01, 1.251835647129e-06, 0.0000e+00, 0.0000e+00, 
 2DIAGNOSTIC,    26, -3.314385252109e-01, 1.207856260274e-06, 0.0000e+00, 0.0000e+00, 
 2DIAGNOSTIC,    27, -3.314385256773e-01, 1.171281843480e-06, 0.0000e+00, 0.0000e+00, 
 2DIAGNOSTIC,    28, -3.314385256773e-01, 1.134335268868e-06, 0.0000e+00, 0.0000e+00, 
 2DIAGNOSTIC,    29, -3.314385254993e-01, 1.097221613837e-06, 0.0000e+00, 0.0000e+00, 
 2DIAGNOSTIC,    30, -3.314385254993e-01, 1.060707772532e-06, 0.0000e+00, 0.0000e+00, 
 2DIAGNOSTIC,    31, -3.314385253271e-01, 1.028035654861e-06, 0.0000e+00, 0.0000e+00, 
  Elapsed time (stage 0): 0.0000e+00


Total elapsed time: 0.0000e+00
Info [verificarlo]: loaded backend libinterflop_ieee.so
Info [interflop-ieee]: load backend with:
Info [interflop-ieee]: debug = false
Info [interflop-ieee]: debug-binary = false
Info [interflop-ieee]: no-backend-name = false
Info [interflop-ieee]: print-new-line = false
Info [interflop-ieee]: print-subnormal-normalized = false
Info [interflop-ieee]: count-op = false
All_Command_lines_OK
Using double precision for computations.
=============================================================================
The composite transform comprises the following transforms (in order): 
  1. /home/mdugre/scratch/mri-registration-rp/datasets/ds004513/derivatives/mri-registration-rp/0100/antsRegistration-r8-p21/sub-s020/rigid_Composite.h5[0] (type = Euler3DTransform)
  2. /home/mdugre/scratch/mri-registration-rp/datasets/ds004513/derivatives/mri-registration-rp/0100/antsRegistration-r8-p21/sub-s020/rigid_Composite.h5[1] (type = Euler3DTransform)
  3. /home/mdugre/scratch/mri-registration-rp/datasets/ds004513/derivatives/mri-registration-rp/0100/antsRegistration-r8-p21/sub-s020/rigid_Composite.h5[2] (type = Euler3DTransform)
=============================================================================
  number of levels = 4
  fixed image: /templateflow/tpl-MNI152NLin2009cAsym/tpl-MNI152NLin2009cAsym_res-01_desc-brain_T1w.nii.gz
  moving image: /home/mdugre/scratch/mri-registration-rp/datasets/ds004513/derivatives/mri-registration-rp/antsBrainExtraction/sub-s020/BrainExtractionBrain.nii.gz
Dimension = 3
Number of stages = 1
Use histogram matching = false
Winsorize image intensities = true
  Lower quantile = 0.005
  Upper quantile = 0.995


Stage 1 State
   Image metric = MattesMI
     Fixed image = Image (0x35937e0)
  RTTI typeinfo:   itk::Image<double, 3u>
  Reference Count: 2
  Modified Time: 1594
  Debug: Off
  Object Name: 
  Observers: 
    none
  Source: (none)
  Source output name: (none)
  Release Data: Off
  Data Released: False
  Global Release Data: Off
  PipelineMTime: 0
  UpdateMTime: 1203
  RealTimeStamp: 0 seconds 
  LargestPossibleRegion: 
    Dimension: 3
    Index: [0, 0, 0]
    Size: [193, 229, 193]
  BufferedRegion: 
    Dimension: 3
    Index: [0, 0, 0]
    Size: [193, 229, 193]
  RequestedRegion: 
    Dimension: 3
    Index: [0, 0, 0]
    Size: [193, 229, 193]
  Spacing: [1, 1, 1]
  Origin: [96, 132, -78]
  Direction: 
-1 0 0
0 -1 0
0 0 1

  IndexToPointMatrix: 
-1 0 0
0 -1 0
0 0 1

  PointToIndexMatrix: 
-1 0 0
0 -1 0
0 0 1

  Inverse Direction: 
-1 0 0
0 -1 0
0 0 1

  PixelContainer: 
    ImportImageContainer (0x365e880)
      RTTI typeinfo:   itk::ImportImageContainer<unsigned long, double>
      Reference Count: 1
      Modified Time: 1200
      Debug: Off
      Object Name: 
      Observers: 
        none
      Pointer: 0x14dff9097010
      Container manages memory: true
      Size: 8530021
      Capacity: 8530021

     Moving image = Image (0x364f050)
  RTTI typeinfo:   itk::Image<double, 3u>
  Reference Count: 2
  Modified Time: 1595
  Debug: Off
  Object Name: 
  Observers: 
    none
  Source: (none)
  Source output name: (none)
  Release Data: Off
  Data Released: False
  Global Release Data: Off
  PipelineMTime: 0
  UpdateMTime: 1592
  RealTimeStamp: 0 seconds 
  LargestPossibleRegion: 
    Dimension: 3
    Index: [0, 0, 0]
    Size: [160, 240, 256]
  BufferedRegion: 
    Dimension: 3
    Index: [0, 0, 0]
    Size: [160, 240, 256]
  RequestedRegion: 
    Dimension: 3
    Index: [0, 0, 0]
    Size: [160, 240, 256]
  Spacing: [0.999995, 1, 1]
  Origin: [87.0906, 98.7205, -152.377]
  Direction: 
-0.996975 0.0261379 -0.0731913
-0.0260677 -0.999658 -0.00191374
-0.0732163 -2.46403e-08 0.997316

  IndexToPointMatrix: 
-0.996971 0.0261379 -0.0731913
-0.0260676 -0.999658 -0.00191374
-0.0732159 -2.46403e-08 0.997316

  PointToIndexMatrix: 
-0.99698 -0.0260679 -0.0732166
0.0261379 -0.999658 -2.46993e-08
-0.0731913 -0.00191374 0.997316

  Inverse Direction: 
-0.996975 -0.0260677 -0.0732163
0.0261379 -0.999658 -2.46993e-08
-0.0731913 -0.00191374 0.997316

  PixelContainer: 
    ImportImageContainer (0x3702690)
      RTTI typeinfo:   itk::ImportImageContainer<unsigned long, double>
      Reference Count: 1
      Modified Time: 1589
      Debug: Off
      Object Name: 
      Observers: 
        none
      Pointer: 0x14dff4596010
      Container manages memory: true
      Size: 9830400
      Capacity: 9830400

     Weighting = 1
     Sampling strategy = regular
     Number of bins = 32
     Radius = 4
     Sampling percentage  = 0.25
   Transform = Affine
     Gradient step = 0.1
     Update field sigma (voxel space) = 0
     Total field sigma (voxel space) = 0
     Update field time sigma = 0
     Total field time sigma  = 0
     Number of time indices = 0
     Number of time point samples = 0
Registration using 1 total stages.

Stage 0
  iterations = 1000x500x250x100
  convergence threshold = 1e-06
  convergence window size = 10
  number of levels = 4
  using the Mattes MI metric (number of bins = 32, weight = 1, use gradient filter = 0)
  preprocessing:  winsorizing the image intensities
  Shrink factors (level 1 out of 4): [8, 8, 8]
  Shrink factors (level 2 out of 4): [4, 4, 4]
  Shrink factors (level 3 out of 4): [2, 2, 2]
  Shrink factors (level 4 out of 4): [1, 1, 1]
  smoothing sigmas per level: [3, 2, 1, 0]
  regular sampling (percentage = 0.25)

*** Running AffineTransform registration ***

DIAGNOSTIC,Iteration,metricValue,convergenceValue,ITERATION_TIME_INDEX,SINCE_LAST
 2DIAGNOSTIC,     1, -4.996910691609e-01, 1.797693134862e+308, 8.8178e-01, 8.8178e-01, 
 2DIAGNOSTIC,     2, -5.012519721301e-01, 1.797693134862e+308, 8.8662e-01, 4.8389e-03, 
 2DIAGNOSTIC,     3, -5.040210063858e-01, 1.797693134862e+308, 8.9142e-01, 4.7970e-03, 
 2DIAGNOSTIC,     4, -5.086257091671e-01, 1.797693134862e+308, 8.9618e-01, 4.7622e-03, 
 2DIAGNOSTIC,     5, -5.169158381617e-01, 1.797693134862e+308, 9.0104e-01, 4.8621e-03, 
 2DIAGNOSTIC,     6, -5.345468519198e-01, 1.797693134862e+308, 9.0591e-01, 4.8721e-03, 
 2DIAGNOSTIC,     7, -5.683707513504e-01, 1.797693134862e+308, 9.1101e-01, 5.0941e-03, 
 2DIAGNOSTIC,     8, -6.525873664669e-01, 1.797693134862e+308, 9.1610e-01, 5.0938e-03, 
 2DIAGNOSTIC,     9, -6.954847834430e-01, 1.797693134862e+308, 9.2448e-01, 8.3759e-03, 
 2DIAGNOSTIC,    10, -7.009279705394e-01, 2.531300915959e-02, 9.3008e-01, 5.6019e-03, 
 2DIAGNOSTIC,    11, -7.221512050953e-01, 2.631978492869e-02, 9.3590e-01, 5.8210e-03, 
 2DIAGNOSTIC,    12, -7.621656156485e-01, 2.629222690085e-02, 9.4149e-01, 5.5890e-03, 
 2DIAGNOSTIC,    13, -8.202823606810e-01, 2.585772993779e-02, 9.4872e-01, 7.2281e-03, 
 2DIAGNOSTIC,    14, -8.295367595876e-01, 2.358900894050e-02, 9.5459e-01, 5.8680e-03, 
 2DIAGNOSTIC,    15, -8.352024611065e-01, 2.006103440776e-02, 9.5988e-01, 5.2950e-03, 
 2DIAGNOSTIC,    16, -8.475103310995e-01, 1.611187002842e-02, 9.6572e-01, 5.8391e-03, 
 2DIAGNOSTIC,    17, -8.487135019069e-01, 1.209762872689e-02, 9.7300e-01, 7.2842e-03, 
 2DIAGNOSTIC,    18, -8.493739049083e-01, 9.477164539328e-03, 9.8091e-01, 7.9100e-03, 
 2DIAGNOSTIC,    19, -8.494786501413e-01, 7.280181313216e-03, 9.8716e-01, 6.2461e-03, 
 2DIAGNOSTIC,    20, -8.493995168255e-01, 4.806837724345e-03, 9.9228e-01, 5.1188e-03, 
 2DIAGNOSTIC,    21, -8.490881672219e-01, 2.568709894192e-03, 9.9798e-01, 5.7011e-03, 
 2DIAGNOSTIC,    22, -8.487896535807e-01, 1.033002740247e-03, 1.0032e+00, 5.2001e-03, 
 2DIAGNOSTIC,    23, -8.486858440038e-01, 5.627617393854e-04, 1.0088e+00, 5.6531e-03, 
 2DIAGNOSTIC,    24, -8.486622445195e-01, 2.381427551397e-04, 1.0140e+00, 5.1579e-03, 
 2DIAGNOSTIC,    25, -8.486508625857e-01, 5.241367473201e-06, 1.0197e+00, 5.7330e-03, 
DIAGNOSTIC,Iteration,metricValue,convergenceValue,ITERATION_TIME_INDEX,SINCE_LAST
 2DIAGNOSTIC,     1, -7.113487698207e-01, 1.797693134862e+308, 1.7446e+00, 7.2484e-01, 
 2DIAGNOSTIC,     2, -7.119952409619e-01, 1.797693134862e+308, 1.7831e+00, 3.8519e-02, 
 2DIAGNOSTIC,     3, -7.128340885105e-01, 1.797693134862e+308, 1.8247e+00, 4.1622e-02, 
 2DIAGNOSTIC,     4, -7.133667749764e-01, 1.797693134862e+308, 1.8627e+00, 3.7954e-02, 
 2DIAGNOSTIC,     5, -7.136919788325e-01, 1.797693134862e+308, 1.9046e+00, 4.1991e-02, 
 2DIAGNOSTIC,     6, -7.137362108583e-01, 1.797693134862e+308, 1.9462e+00, 4.1557e-02, 
 2DIAGNOSTIC,     7, -7.137223721563e-01, 1.797693134862e+308, 2.0080e+00, 6.1841e-02, 
 2DIAGNOSTIC,     8, -7.137429134568e-01, 1.797693134862e+308, 2.0497e+00, 4.1701e-02, 
 2DIAGNOSTIC,     9, -7.137200069241e-01, 1.797693134862e+308, 2.0910e+00, 4.1232e-02, 
 2DIAGNOSTIC,    10, -7.137154407097e-01, 1.898758098258e-04, 2.1343e+00, 4.3296e-02, 
 2DIAGNOSTIC,    11, -7.137302596829e-01, 1.033991823808e-04, 2.1760e+00, 4.1756e-02, 
 2DIAGNOSTIC,    12, -7.136964537830e-01, 4.223879958397e-05, 2.2197e+00, 4.3672e-02, 
 2DIAGNOSTIC,    13, -7.136676201109e-01, 1.144560343086e-05, 2.2620e+00, 4.2345e-02, 
DIAGNOSTIC,Iteration,metricValue,convergenceValue,ITERATION_TIME_INDEX,SINCE_LAST
 2DIAGNOSTIC,     1, -5.940729016370e-01, 1.797693134862e+308, 3.4244e+00, 1.1624e+00, 
 2DIAGNOSTIC,     2, -5.944513289902e-01, 1.797693134862e+308, 3.7341e+00, 3.0973e-01, 
 2DIAGNOSTIC,     3, -5.947635954838e-01, 1.797693134862e+308, 4.0601e+00, 3.2599e-01, 
 2DIAGNOSTIC,     4, -5.950805639450e-01, 1.797693134862e+308, 4.3761e+00, 3.1592e-01, 
 2DIAGNOSTIC,     5, -5.960863263316e-01, 1.797693134862e+308, 4.7362e+00, 3.6014e-01, 
 2DIAGNOSTIC,     6, -5.963257527828e-01, 1.797693134862e+308, 5.1734e+00, 4.3717e-01, 
 2DIAGNOSTIC,     7, -5.963925073530e-01, 1.797693134862e+308, 5.5161e+00, 3.4268e-01, 
 2DIAGNOSTIC,     8, -5.964507629771e-01, 1.797693134862e+308, 5.8465e+00, 3.3041e-01, 
 2DIAGNOSTIC,     9, -5.965890863218e-01, 1.797693134862e+308, 6.2551e+00, 4.0863e-01, 
 2DIAGNOSTIC,    10, -5.966394215263e-01, 3.023636741418e-04, 6.5903e+00, 3.3525e-01, 
 2DIAGNOSTIC,    11, -5.967135534838e-01, 2.258600985467e-04, 6.9302e+00, 3.3989e-01, 
 2DIAGNOSTIC,    12, -5.968457648799e-01, 1.628181276799e-04, 7.3487e+00, 4.1851e-01, 
 2DIAGNOSTIC,    13, -5.968641004568e-01, 1.072725375755e-04, 7.6592e+00, 3.1046e-01, 
 2DIAGNOSTIC,    14, -5.968895850241e-01, 6.095478309262e-05, 7.9797e+00, 3.2052e-01, 
 2DIAGNOSTIC,    15, -5.969300049627e-01, 4.855697942210e-05, 8.4503e+00, 4.7056e-01, 
 2DIAGNOSTIC,    16, -5.969347356235e-01, 4.068560498773e-05, 8.7796e+00, 3.2931e-01, 
 2DIAGNOSTIC,    17, -5.969395359570e-01, 3.215816969297e-05, 9.0778e+00, 2.9818e-01, 
 2DIAGNOSTIC,    18, -5.969438599928e-01, 2.337357007551e-05, 9.3860e+00, 3.0823e-01, 
 2DIAGNOSTIC,    19, -5.969599959401e-01, 1.741204599550e-05, 9.7001e+00, 3.1414e-01, 
 2DIAGNOSTIC,    20, -5.969834871882e-01, 1.231213284518e-05, 9.9822e+00, 2.8207e-01, 
 2DIAGNOSTIC,    21, -5.970291528787e-01, 9.332143549083e-06, 1.0559e+01, 5.7675e-01, 
 2DIAGNOSTIC,    22, -5.970278995637e-01, 8.721138382857e-06, 1.0956e+01, 3.9731e-01, 
 2DIAGNOSTIC,    23, -5.970293402371e-01, 7.906048116589e-06, 1.1302e+01, 3.4546e-01, 
 2DIAGNOSTIC,    24, -5.970353477298e-01, 7.158780515645e-06, 1.1691e+01, 3.8932e-01, 
 2DIAGNOSTIC,    25, -5.970449518378e-01, 6.861745522335e-06, 1.2056e+01, 3.6500e-01, 
 2DIAGNOSTIC,    26, -5.970633078804e-01, 6.469438434908e-06, 1.2387e+01, 3.3088e-01, 
 2DIAGNOSTIC,    27, -5.970969447256e-01, 6.290247018106e-06, 1.2759e+01, 3.7249e-01, 
 2DIAGNOSTIC,    28, -5.971177096829e-01, 6.067667953309e-06, 1.3243e+01, 4.8381e-01, 
 2DIAGNOSTIC,    29, -5.971135091085e-01, 5.588021985248e-06, 1.3568e+01, 3.2443e-01, 
 2DIAGNOSTIC,    30, -5.971151446992e-01, 5.104760318328e-06, 1.3903e+01, 3.3508e-01, 
 2DIAGNOSTIC,    31, -5.971181904857e-01, 5.017331600909e-06, 1.4225e+01, 3.2197e-01, 
 2DIAGNOSTIC,    32, -5.971438320820e-01, 4.910460075537e-06, 1.4550e+01, 3.2509e-01, 
 2DIAGNOSTIC,    33, -5.971686782232e-01, 4.805324563859e-06, 1.4951e+01, 4.0140e-01, 
 2DIAGNOSTIC,    34, -5.971755921113e-01, 4.524618644631e-06, 1.5368e+01, 4.1647e-01, 
 2DIAGNOSTIC,    35, -5.971752792522e-01, 4.055198103699e-06, 1.5719e+01, 3.5152e-01, 
