
##########################
# Experiment information #
##########################

EXPERIMENT_NAME: antsRegistration-r7-p9
VFC_BACKENDS: libinterflop_vprec.so --range-binary32=7 --precision-binary32=9 --range-binary64=7 --precision-binary64=9

SIF_IMG: /home/mdugre/projects/rrg-glatard/mdugre/containers/ants-vprec-no_metrics.simg

SUBJECT_ID: s035
INPUT_IMG: /home/mdugre/scratch/mri-registration-rp/datasets/ds004513/derivatives/mri-registration-rp/antsBrainExtraction/sub-s035/BrainExtractionBrain.nii.gz
OUTPUT_DIR: /home/mdugre/scratch/mri-registration-rp/datasets/ds004513/derivatives/mri-registration-rp/0100/antsRegistration-r7-p9/sub-s035

FIXED_IMG: /templateflow/tpl-MNI152NLin2009cAsym/tpl-MNI152NLin2009cAsym_res-01_desc-brain_T1w.nii.gz
DATA_DIR: /home/mdugre/scratch/mri-registration-rp/datasets/ds004513
TEMPLATEFLOW_DIR: /home/mdugre/projects/rrg-glatard/mdugre/templateflow
ITK_GLOBAL_DEFAULT_NUMBER_OF_THREADS: 16
##########################

Info [verificarlo]: loaded backend libinterflop_ieee.so
Info [interflop-ieee]: load backend with:
Info [interflop-ieee]: debug = false
Info [interflop-ieee]: debug-binary = false
Info [interflop-ieee]: no-backend-name = false
Info [interflop-ieee]: print-new-line = false
Info [interflop-ieee]: print-subnormal-normalized = false
Info [interflop-ieee]: count-op = false
All_Command_lines_OK
Using double precision for computations.
=============================================================================
The composite transform comprises the following transforms (in order): 
  1. Center of mass alignment using fixed image: /templateflow/tpl-MNI152NLin2009cAsym/tpl-MNI152NLin2009cAsym_res-01_desc-brain_T1w.nii.gz and moving image: /home/mdugre/scratch/mri-registration-rp/datasets/ds004513/derivatives/mri-registration-rp/antsBrainExtraction/sub-s035/BrainExtractionBrain.nii.gz (type = Euler3DTransform)
=============================================================================
  number of levels = 1
  fixed image: /templateflow/tpl-MNI152NLin2009cAsym/tpl-MNI152NLin2009cAsym_res-01_desc-brain_T1w.nii.gz
  moving image: /home/mdugre/scratch/mri-registration-rp/datasets/ds004513/derivatives/mri-registration-rp/antsBrainExtraction/sub-s035/BrainExtractionBrain.nii.gz
Dimension = 3
Number of stages = 1
Use histogram matching = false
Winsorize image intensities = true
  Lower quantile = 0.005
  Upper quantile = 0.995


Stage 1 State
   Image metric = MattesMI
     Fixed image = Image (0x4457bd0)
  RTTI typeinfo:   itk::Image<double, 3u>
  Reference Count: 2
  Modified Time: 2330
  Debug: Off
  Object Name: 
  Observers: 
    none
  Source: (none)
  Source output name: (none)
  Release Data: Off
  Data Released: False
  Global Release Data: Off
  PipelineMTime: 0
  UpdateMTime: 1941
  RealTimeStamp: 0 seconds 
  LargestPossibleRegion: 
    Dimension: 3
    Index: [0, 0, 0]
    Size: [193, 229, 193]
  BufferedRegion: 
    Dimension: 3
    Index: [0, 0, 0]
    Size: [193, 229, 193]
  RequestedRegion: 
    Dimension: 3
    Index: [0, 0, 0]
    Size: [193, 229, 193]
  Spacing: [1, 1, 1]
  Origin: [96, 132, -78]
  Direction: 
-1 0 0
0 -1 0
0 0 1

  IndexToPointMatrix: 
-1 0 0
0 -1 0
0 0 1

  PointToIndexMatrix: 
-1 0 0
0 -1 0
0 0 1

  Inverse Direction: 
-1 0 0
0 -1 0
0 0 1

  PixelContainer: 
    ImportImageContainer (0x44609e0)
      RTTI typeinfo:   itk::ImportImageContainer<unsigned long, double>
      Reference Count: 1
      Modified Time: 1938
      Debug: Off
      Object Name: 
      Observers: 
        none
      Pointer: 0x1543704d2010
      Container manages memory: true
      Size: 8530021
      Capacity: 8530021

     Moving image = Image (0x4461d40)
  RTTI typeinfo:   itk::Image<double, 3u>
  Reference Count: 2
  Modified Time: 2331
  Debug: Off
  Object Name: 
  Observers: 
    none
  Source: (none)
  Source output name: (none)
  Release Data: Off
  Data Released: False
  Global Release Data: Off
  PipelineMTime: 0
  UpdateMTime: 2328
  RealTimeStamp: 0 seconds 
  LargestPossibleRegion: 
    Dimension: 3
    Index: [0, 0, 0]
    Size: [160, 240, 256]
  BufferedRegion: 
    Dimension: 3
    Index: [0, 0, 0]
    Size: [160, 240, 256]
  RequestedRegion: 
    Dimension: 3
    Index: [0, 0, 0]
    Size: [160, 240, 256]
  Spacing: [1, 1, 1]
  Origin: [98.6438, 87.6358, -117.989]
  Direction: 
-0.993515 -0.100993 -0.0522355
0.100854 -0.994887 0.00530255
-0.0525039 1.93537e-08 0.998621

  IndexToPointMatrix: 
-0.993515 -0.100993 -0.0522355
0.100854 -0.994887 0.00530255
-0.0525039 1.93537e-08 0.998621

  PointToIndexMatrix: 
-0.993515 0.100854 -0.0525039
-0.100993 -0.994887 1.93006e-08
-0.0522355 0.00530255 0.998621

  Inverse Direction: 
-0.993515 0.100854 -0.0525039
-0.100993 -0.994887 1.93006e-08
-0.0522355 0.00530255 0.998621

  PixelContainer: 
    ImportImageContainer (0x4487850)
      RTTI typeinfo:   itk::ImportImageContainer<unsigned long, double>
      Reference Count: 1
      Modified Time: 2325
      Debug: Off
      Object Name: 
      Observers: 
        none
      Pointer: 0x15436b9d1010
      Container manages memory: true
      Size: 9830400
      Capacity: 9830400

     Weighting = 1
     Sampling strategy = regular
     Number of bins = 32
     Radius = 4
     Sampling percentage  = 0.25
   Transform = Rigid
     Gradient step = 0.1
     Update field sigma (voxel space) = 0
     Total field sigma (voxel space) = 0
     Update field time sigma = 0
     Total field time sigma  = 0
     Number of time indices = 0
     Number of time point samples = 0
Registration using 1 total stages.

Stage 0
  iterations = 0
  convergence threshold = 1e-06
  convergence window size = 10
  number of levels = 1
  using the Mattes MI metric (number of bins = 32, weight = 1, use gradient filter = 0)
  preprocessing:  winsorizing the image intensities
  Shrink factors (level 1 out of 1): [1, 1, 1]
  smoothing sigmas per level: [0]
  regular sampling (percentage = 0.25)

*** Running Euler3DTransform registration ***

  Elapsed time (stage 0): 1.14149


Total elapsed time: 1.1437
Info [verificarlo]: loaded backend libinterflop_vprec.so
Info [interflop-vprec]: load backend with: 
Info [interflop-vprec]: precision-binary32 = 9
Info [interflop-vprec]: range-binary32 = 7
Info [interflop-vprec]: precision-binary64 = 9
Info [interflop-vprec]: range-binary64 = 7
Info [interflop-vprec]: mode = ob
Info [interflop-vprec]: error-mode = rel
Info [interflop-vprec]: max-abs-error-exponent = -1022
Info [interflop-vprec]: daz = false
Info [interflop-vprec]: ftz = false
Info [interflop-vprec]: 	instrument = none
Info [interflop-vprec]: 	prec-input-file = (null)
Info [interflop-vprec]: 	prec-output-file = (null)
Info [interflop-vprec]: 	prec-log-file = (null)
All_Command_lines_OK
Using double precision for computations.
=============================================================================
The composite transform comprises the following transforms (in order): 
  1. /home/mdugre/scratch/mri-registration-rp/datasets/ds004513/derivatives/mri-registration-rp/0100/antsRegistration-r7-p9/sub-s035/align_Composite.h5[0] (type = Euler3DTransform)
  2. /home/mdugre/scratch/mri-registration-rp/datasets/ds004513/derivatives/mri-registration-rp/0100/antsRegistration-r7-p9/sub-s035/align_Composite.h5[1] (type = Euler3DTransform)
=============================================================================
  number of levels = 4
  fixed image: /templateflow/tpl-MNI152NLin2009cAsym/tpl-MNI152NLin2009cAsym_res-01_desc-brain_T1w.nii.gz
  moving image: /home/mdugre/scratch/mri-registration-rp/datasets/ds004513/derivatives/mri-registration-rp/antsBrainExtraction/sub-s035/BrainExtractionBrain.nii.gz
Dimension = 3
Number of stages = 1
Use histogram matching = false
Winsorize image intensities = true
  Lower quantile = 0.005
  Upper quantile = 0.995


Stage 1 State
   Image metric = MattesMI
     Fixed image = Image (0x3c411e0)
  RTTI typeinfo:   itk::Image<double, 3u>
  Reference Count: 2
  Modified Time: 1578
  Debug: Off
  Object Name: 
  Observers: 
    none
  Source: (none)
  Source output name: (none)
  Release Data: Off
  Data Released: False
  Global Release Data: Off
  PipelineMTime: 0
  UpdateMTime: 1189
  RealTimeStamp: 0 seconds 
  LargestPossibleRegion: 
    Dimension: 3
    Index: [0, 0, 0]
    Size: [193, 229, 193]
  BufferedRegion: 
    Dimension: 3
    Index: [0, 0, 0]
    Size: [193, 229, 193]
  RequestedRegion: 
    Dimension: 3
    Index: [0, 0, 0]
    Size: [193, 229, 193]
  Spacing: [1, 1, 1]
  Origin: [96, 132, -78]
  Direction: 
-1 0 0
0 -1 0
0 0 1

  IndexToPointMatrix: 
-1 0 0
0 -1 0
0 0 1

  PointToIndexMatrix: 
-1 0 0
0 -1 0
0 0 1

  Inverse Direction: 
-1 0 0
0 -1 0
0 0 1

  PixelContainer: 
    ImportImageContainer (0x3d00680)
      RTTI typeinfo:   itk::ImportImageContainer<unsigned long, double>
      Reference Count: 1
      Modified Time: 1186
      Debug: Off
      Object Name: 
      Observers: 
        none
      Pointer: 0x14fff2e39010
      Container manages memory: true
      Size: 8530021
      Capacity: 8530021

     Moving image = Image (0x3cfcb20)
  RTTI typeinfo:   itk::Image<double, 3u>
  Reference Count: 2
  Modified Time: 1579
  Debug: Off
  Object Name: 
  Observers: 
    none
  Source: (none)
  Source output name: (none)
  Release Data: Off
  Data Released: False
  Global Release Data: Off
  PipelineMTime: 0
  UpdateMTime: 1576
  RealTimeStamp: 0 seconds 
  LargestPossibleRegion: 
    Dimension: 3
    Index: [0, 0, 0]
    Size: [160, 240, 256]
  BufferedRegion: 
    Dimension: 3
    Index: [0, 0, 0]
    Size: [160, 240, 256]
  RequestedRegion: 
    Dimension: 3
    Index: [0, 0, 0]
    Size: [160, 240, 256]
  Spacing: [1, 1, 1]
  Origin: [98.625, 87.625, -118]
  Direction: 
-0.993164 -0.101074 -0.0522461
0.10083 -0.995117 0.00530243
-0.0524902 0 0.999023

  IndexToPointMatrix: 
-0.993164 -0.101074 -0.0522461
0.10083 -0.995117 0.00530243
-0.0524902 0 0.999023

  PointToIndexMatrix: 
-0.998047 0.101318 -0.0527344
-0.101318 -0.99707 -0.00146484
-0.0518799 0.00830078 0.996094

  Inverse Direction: 
-0.998047 0.101318 -0.0527344
-0.101318 -0.99707 -0.00146484
-0.0518799 0.00830078 0.996094

  PixelContainer: 
    ImportImageContainer (0x3d65d50)
      RTTI typeinfo:   itk::ImportImageContainer<unsigned long, double>
      Reference Count: 1
      Modified Time: 1573
      Debug: Off
      Object Name: 
      Observers: 
        none
      Pointer: 0x14ffee338010
      Container manages memory: true
      Size: 9830400
      Capacity: 9830400

     Weighting = 1
     Sampling strategy = regular
     Number of bins = 32
     Radius = 4
     Sampling percentage  = 0.25
   Transform = Rigid
     Gradient step = 0.1
     Update field sigma (voxel space) = 0
     Total field sigma (voxel space) = 0
     Update field time sigma = 0
     Total field time sigma  = 0
     Number of time indices = 0
     Number of time point samples = 0
Registration using 1 total stages.

Stage 0
  iterations = 1000x500x250x100
  convergence threshold = 1e-06
  convergence window size = 10
  number of levels = 4
  using the Mattes MI metric (number of bins = 32, weight = 1, use gradient filter = 0)
  preprocessing:  winsorizing the image intensities
  Shrink factors (level 1 out of 4): [8, 8, 8]
  Shrink factors (level 2 out of 4): [4, 4, 4]
  Shrink factors (level 3 out of 4): [2, 2, 2]
  Shrink factors (level 4 out of 4): [1, 1, 1]
  smoothing sigmas per level: [3, 2, 1, 0]
  regular sampling (percentage = 0.25)

*** Running Euler3DTransform registration ***

DIAGNOSTIC,Iteration,metricValue,convergenceValue,ITERATION_TIME_INDEX,SINCE_LAST
 2DIAGNOSTIC,     1, -5.097168767085e-01, 1.797693134862e+308, 0.0000e+00, 0.0000e+00, 
 2DIAGNOSTIC,     2, -5.105967925271e-01, 1.797693134862e+308, 0.0000e+00, 0.0000e+00, 
 2DIAGNOSTIC,     3, -5.110709550256e-01, 1.797693134862e+308, 0.0000e+00, 0.0000e+00, 
 2DIAGNOSTIC,     4, -5.114150654077e-01, 1.797693134862e+308, 0.0000e+00, 0.0000e+00, 
 2DIAGNOSTIC,     5, -5.115640143970e-01, 1.797693134862e+308, 0.0000e+00, 0.0000e+00, 
 2DIAGNOSTIC,     6, -5.124569342978e-01, 1.797693134862e+308, 0.0000e+00, 0.0000e+00, 
 2DIAGNOSTIC,     7, -5.136463052545e-01, 1.797693134862e+308, 0.0000e+00, 0.0000e+00, 
 2DIAGNOSTIC,     8, -5.129789656295e-01, 1.797693134862e+308, 0.0000e+00, 0.0000e+00, 
 2DIAGNOSTIC,     9, -5.155289317168e-01, 1.797693134862e+308, 0.0000e+00, 0.0000e+00, 
 2DIAGNOSTIC,    10, -5.157315554352e-01, 7.127909002724e-04, 0.0000e+00, 0.0000e+00, 
 2DIAGNOSTIC,    11, -5.157909035949e-01, 6.555975629250e-04, 0.0000e+00, 0.0000e+00, 
 2DIAGNOSTIC,    12, -5.156431140597e-01, 5.837467113239e-04, 0.0000e+00, 0.0000e+00, 
 2DIAGNOSTIC,    13, -5.154176066313e-01, 4.814860456669e-04, 0.0000e+00, 0.0000e+00, 
 2DIAGNOSTIC,    14, -5.154244722029e-01, 3.636292303691e-04, 0.0000e+00, 0.0000e+00, 
 2DIAGNOSTIC,    15, -5.153425494563e-01, 2.292973667965e-04, 0.0000e+00, 0.0000e+00, 
 2DIAGNOSTIC,    16, -5.153680213717e-01, 1.224995366953e-04, 0.0000e+00, 0.0000e+00, 
 2DIAGNOSTIC,    17, -5.153893024753e-01, 5.820896062859e-05, 0.0000e+00, 0.0000e+00, 
DIAGNOSTIC,Iteration,metricValue,convergenceValue,ITERATION_TIME_INDEX,SINCE_LAST
 2DIAGNOSTIC,     1, -4.296333900220e-01, 1.797693134862e+308, 0.0000e+00, 0.0000e+00, 
 2DIAGNOSTIC,     2, -4.302795148083e-01, 1.797693134862e+308, 0.0000e+00, 0.0000e+00, 
 2DIAGNOSTIC,     3, -4.310713523757e-01, 1.797693134862e+308, 0.0000e+00, 0.0000e+00, 
 2DIAGNOSTIC,     4, -4.321566761412e-01, 1.797693134862e+308, 0.0000e+00, 0.0000e+00, 
 2DIAGNOSTIC,     5, -4.333923288676e-01, 1.797693134862e+308, 0.0000e+00, 0.0000e+00, 
 2DIAGNOSTIC,     6, -4.365760080929e-01, 1.797693134862e+308, 0.0000e+00, 0.0000e+00, 
 2DIAGNOSTIC,     7, -4.401854180035e-01, 1.797693134862e+308, 0.0000e+00, 0.0000e+00, 
 2DIAGNOSTIC,     8, -4.486280722239e-01, 1.797693134862e+308, 0.0000e+00, 0.0000e+00, 
 2DIAGNOSTIC,     9, -4.663140979776e-01, 1.797693134862e+308, 0.0000e+00, 0.0000e+00, 
 2DIAGNOSTIC,    10, -5.077596657047e-01, 8.050007244359e-03, 0.0000e+00, 0.0000e+00, 
 2DIAGNOSTIC,    11, -5.453825648243e-01, 1.214899798588e-02, 0.0000e+00, 0.0000e+00, 
 2DIAGNOSTIC,    12, -5.586929113417e-01, 1.502939213975e-02, 0.0000e+00, 0.0000e+00, 
 2DIAGNOSTIC,    13, -5.584188193243e-01, 1.609922732620e-02, 0.0000e+00, 0.0000e+00, 
 2DIAGNOSTIC,    14, -5.590341248126e-01, 1.563378754973e-02, 0.0000e+00, 0.0000e+00, 
 2DIAGNOSTIC,    15, -5.588547953212e-01, 1.384615955432e-02, 0.0000e+00, 0.0000e+00, 
 2DIAGNOSTIC,    16, -5.581524594114e-01, 1.112868688183e-02, 0.0000e+00, 0.0000e+00, 
 2DIAGNOSTIC,    17, -5.583910645874e-01, 7.900312853682e-03, 0.0000e+00, 0.0000e+00, 
 2DIAGNOSTIC,    18, -5.582919973413e-01, 4.635914293418e-03, 0.0000e+00, 0.0000e+00, 
 2DIAGNOSTIC,    19, -5.584765342917e-01, 1.849794173616e-03, 0.0000e+00, 0.0000e+00, 
 2DIAGNOSTIC,    20, -5.584925166030e-01, 3.519197572074e-04, 0.0000e+00, 0.0000e+00, 
DIAGNOSTIC,Iteration,metricValue,convergenceValue,ITERATION_TIME_INDEX,SINCE_LAST
 2DIAGNOSTIC,     1, -4.989960966471e-01, 1.797693134862e+308, 0.0000e+00, 0.0000e+00, 
 2DIAGNOSTIC,     2, -4.989960966471e-01, 1.797693134862e+308, 0.0000e+00, 0.0000e+00, 
 2DIAGNOSTIC,     3, -4.989904141058e-01, 1.797693134862e+308, 0.0000e+00, 0.0000e+00, 
 2DIAGNOSTIC,     4, -4.989904141058e-01, 1.797693134862e+308, 0.0000e+00, 0.0000e+00, 
 2DIAGNOSTIC,     5, -4.989904141058e-01, 1.797693134862e+308, 0.0000e+00, 0.0000e+00, 
 2DIAGNOSTIC,     6, -4.989904141058e-01, 1.797693134862e+308, 0.0000e+00, 0.0000e+00, 
 2DIAGNOSTIC,     7, -4.989904141058e-01, 1.797693134862e+308, 0.0000e+00, 0.0000e+00, 
 2DIAGNOSTIC,     8, -4.989904141058e-01, 1.797693134862e+308, 0.0000e+00, 0.0000e+00, 
 2DIAGNOSTIC,     9, -4.989902637520e-01, 1.797693134862e+308, 0.0000e+00, 0.0000e+00, 
DIAGNOSTIC,Iteration,metricValue,convergenceValue,ITERATION_TIME_INDEX,SINCE_LAST
 2DIAGNOSTIC,     1, -4.624469564038e-01, 1.797693134862e+308, 0.0000e+00, 0.0000e+00, 
 2DIAGNOSTIC,     2, -4.624809938545e-01, 1.797693134862e+308, 0.0000e+00, 0.0000e+00, 
 2DIAGNOSTIC,     3, -4.624719950819e-01, 1.797693134862e+308, 0.0000e+00, 0.0000e+00, 
 2DIAGNOSTIC,     4, -4.624645279450e-01, 1.797693134862e+308, 0.0000e+00, 0.0000e+00, 
 2DIAGNOSTIC,     5, -4.624800858270e-01, 1.797693134862e+308, 0.0000e+00, 0.0000e+00, 
 2DIAGNOSTIC,     6, -4.624889979845e-01, 1.797693134862e+308, 0.0000e+00, 0.0000e+00, 
 2DIAGNOSTIC,     7, -4.624900444075e-01, 1.797693134862e+308, 0.0000e+00, 0.0000e+00, 
 2DIAGNOSTIC,     8, -4.624949613098e-01, 1.797693134862e+308, 0.0000e+00, 0.0000e+00, 
 2DIAGNOSTIC,     9, -4.624798567717e-01, 1.797693134862e+308, 0.0000e+00, 0.0000e+00, 
 2DIAGNOSTIC,    10, -4.624859629648e-01, 4.150123223273e-06, 0.0000e+00, 0.0000e+00, 
 2DIAGNOSTIC,    11, -4.625022738206e-01, 2.869488129914e-06, 0.0000e+00, 0.0000e+00, 
 2DIAGNOSTIC,    12, -4.624989987277e-01, 3.105807274320e-06, 0.0000e+00, 0.0000e+00, 
 2DIAGNOSTIC,    13, -4.625043357396e-01, 2.895095398733e-06, 0.0000e+00, 0.0000e+00, 
 2DIAGNOSTIC,    14, -4.625078044074e-01, 2.275110919214e-06, 0.0000e+00, 0.0000e+00, 
 2DIAGNOSTIC,    15, -4.625265824640e-01, 2.921990357563e-06, 0.0000e+00, 0.0000e+00, 
 2DIAGNOSTIC,    16, -4.625335902036e-01, 3.795671936702e-06, 0.0000e+00, 0.0000e+00, 
 2DIAGNOSTIC,    17, -4.625295542252e-01, 4.103184721660e-06, 0.0000e+00, 0.0000e+00, 
 2DIAGNOSTIC,    18, -4.625300261202e-01, 4.222700630524e-06, 0.0000e+00, 0.0000e+00, 
 2DIAGNOSTIC,    19, -4.625348550514e-01, 3.601667629700e-06, 0.0000e+00, 0.0000e+00, 
 2DIAGNOSTIC,    20, -4.625186777039e-01, 2.368175765946e-06, 0.0000e+00, 0.0000e+00, 
 2DIAGNOSTIC,    21, -4.625111499929e-01, 1.305333244273e-06, 0.0000e+00, 0.0000e+00, 
  Elapsed time (stage 0): 0.0000e+00


Total elapsed time: 0.0000e+00
Info [verificarlo]: loaded backend libinterflop_ieee.so
Info [interflop-ieee]: load backend with:
Info [interflop-ieee]: debug = false
Info [interflop-ieee]: debug-binary = false
Info [interflop-ieee]: no-backend-name = false
Info [interflop-ieee]: print-new-line = false
Info [interflop-ieee]: print-subnormal-normalized = false
Info [interflop-ieee]: count-op = false
All_Command_lines_OK
Using double precision for computations.
=============================================================================
The composite transform comprises the following transforms (in order): 
  1. /home/mdugre/scratch/mri-registration-rp/datasets/ds004513/derivatives/mri-registration-rp/0100/antsRegistration-r7-p9/sub-s035/rigid_Composite.h5[0] (type = Euler3DTransform)
  2. /home/mdugre/scratch/mri-registration-rp/datasets/ds004513/derivatives/mri-registration-rp/0100/antsRegistration-r7-p9/sub-s035/rigid_Composite.h5[1] (type = Euler3DTransform)
  3. /home/mdugre/scratch/mri-registration-rp/datasets/ds004513/derivatives/mri-registration-rp/0100/antsRegistration-r7-p9/sub-s035/rigid_Composite.h5[2] (type = Euler3DTransform)
=============================================================================
  number of levels = 4
  fixed image: /templateflow/tpl-MNI152NLin2009cAsym/tpl-MNI152NLin2009cAsym_res-01_desc-brain_T1w.nii.gz
  moving image: /home/mdugre/scratch/mri-registration-rp/datasets/ds004513/derivatives/mri-registration-rp/antsBrainExtraction/sub-s035/BrainExtractionBrain.nii.gz
Dimension = 3
Number of stages = 1
Use histogram matching = false
Winsorize image intensities = true
  Lower quantile = 0.005
  Upper quantile = 0.995


Stage 1 State
   Image metric = MattesMI
     Fixed image = Image (0x50da530)
  RTTI typeinfo:   itk::Image<double, 3u>
  Reference Count: 2
  Modified Time: 1592
  Debug: Off
  Object Name: 
  Observers: 
    none
  Source: (none)
  Source output name: (none)
  Release Data: Off
  Data Released: False
  Global Release Data: Off
  PipelineMTime: 0
  UpdateMTime: 1203
  RealTimeStamp: 0 seconds 
  LargestPossibleRegion: 
    Dimension: 3
    Index: [0, 0, 0]
    Size: [193, 229, 193]
  BufferedRegion: 
    Dimension: 3
    Index: [0, 0, 0]
    Size: [193, 229, 193]
  RequestedRegion: 
    Dimension: 3
    Index: [0, 0, 0]
    Size: [193, 229, 193]
  Spacing: [1, 1, 1]
  Origin: [96, 132, -78]
  Direction: 
-1 0 0
0 -1 0
0 0 1

  IndexToPointMatrix: 
-1 0 0
0 -1 0
0 0 1

  PointToIndexMatrix: 
-1 0 0
0 -1 0
0 0 1

  Inverse Direction: 
-1 0 0
0 -1 0
0 0 1

  PixelContainer: 
    ImportImageContainer (0x50e72b0)
      RTTI typeinfo:   itk::ImportImageContainer<unsigned long, double>
      Reference Count: 1
      Modified Time: 1200
      Debug: Off
      Object Name: 
      Observers: 
        none
      Pointer: 0x146897e68010
      Container manages memory: true
      Size: 8530021
      Capacity: 8530021

     Moving image = Image (0x5195fd0)
  RTTI typeinfo:   itk::Image<double, 3u>
  Reference Count: 2
  Modified Time: 1593
  Debug: Off
  Object Name: 
  Observers: 
    none
  Source: (none)
  Source output name: (none)
  Release Data: Off
  Data Released: False
  Global Release Data: Off
  PipelineMTime: 0
  UpdateMTime: 1590
  RealTimeStamp: 0 seconds 
  LargestPossibleRegion: 
    Dimension: 3
    Index: [0, 0, 0]
    Size: [160, 240, 256]
  BufferedRegion: 
    Dimension: 3
    Index: [0, 0, 0]
    Size: [160, 240, 256]
  RequestedRegion: 
    Dimension: 3
    Index: [0, 0, 0]
    Size: [160, 240, 256]
  Spacing: [1, 1, 1]
  Origin: [98.6438, 87.6358, -117.989]
  Direction: 
-0.993515 -0.100993 -0.0522355
0.100854 -0.994887 0.00530255
-0.0525039 1.93537e-08 0.998621

  IndexToPointMatrix: 
-0.993515 -0.100993 -0.0522355
0.100854 -0.994887 0.00530255
-0.0525039 1.93537e-08 0.998621

  PointToIndexMatrix: 
-0.993515 0.100854 -0.0525039
-0.100993 -0.994887 1.93006e-08
-0.0522355 0.00530255 0.998621

  Inverse Direction: 
-0.993515 0.100854 -0.0525039
-0.100993 -0.994887 1.93006e-08
-0.0522355 0.00530255 0.998621

  PixelContainer: 
    ImportImageContainer (0x51ad990)
      RTTI typeinfo:   itk::ImportImageContainer<unsigned long, double>
      Reference Count: 1
      Modified Time: 1587
      Debug: Off
      Object Name: 
      Observers: 
        none
      Pointer: 0x146893367010
      Container manages memory: true
      Size: 9830400
      Capacity: 9830400

     Weighting = 1
     Sampling strategy = regular
     Number of bins = 32
     Radius = 4
     Sampling percentage  = 0.25
   Transform = Affine
     Gradient step = 0.1
     Update field sigma (voxel space) = 0
     Total field sigma (voxel space) = 0
     Update field time sigma = 0
     Total field time sigma  = 0
     Number of time indices = 0
     Number of time point samples = 0
Registration using 1 total stages.

Stage 0
  iterations = 1000x500x250x100
  convergence threshold = 1e-06
  convergence window size = 10
  number of levels = 4
  using the Mattes MI metric (number of bins = 32, weight = 1, use gradient filter = 0)
  preprocessing:  winsorizing the image intensities
  Shrink factors (level 1 out of 4): [8, 8, 8]
  Shrink factors (level 2 out of 4): [4, 4, 4]
  Shrink factors (level 3 out of 4): [2, 2, 2]
  Shrink factors (level 4 out of 4): [1, 1, 1]
  smoothing sigmas per level: [3, 2, 1, 0]
  regular sampling (percentage = 0.25)

*** Running AffineTransform registration ***

DIAGNOSTIC,Iteration,metricValue,convergenceValue,ITERATION_TIME_INDEX,SINCE_LAST
 2DIAGNOSTIC,     1, -6.772707073180e-01, 1.797693134862e+308, 1.8908e+00, 1.8908e+00, 
 2DIAGNOSTIC,     2, -6.799405804757e-01, 1.797693134862e+308, 1.8985e+00, 7.7598e-03, 
 2DIAGNOSTIC,     3, -6.841813599315e-01, 1.797693134862e+308, 1.9061e+00, 7.6292e-03, 
 2DIAGNOSTIC,     4, -6.899746260092e-01, 1.797693134862e+308, 1.9132e+00, 7.0879e-03, 
 2DIAGNOSTIC,     5, -6.970501625681e-01, 1.797693134862e+308, 1.9205e+00, 7.2799e-03, 
 2DIAGNOSTIC,     6, -7.098501176224e-01, 1.797693134862e+308, 1.9275e+00, 7.0240e-03, 
 2DIAGNOSTIC,     7, -7.235916239987e-01, 1.797693134862e+308, 1.9366e+00, 9.1071e-03, 
 2DIAGNOSTIC,     8, -7.365488022557e-01, 1.797693134862e+308, 1.9458e+00, 9.1591e-03, 
 2DIAGNOSTIC,     9, -7.374176811968e-01, 1.797693134862e+308, 1.9582e+00, 1.2400e-02, 
 2DIAGNOSTIC,    10, -7.370904803008e-01, 6.617690713806e-03, 1.9672e+00, 8.9998e-03, 
 2DIAGNOSTIC,    11, -7.372616323012e-01, 5.736592704447e-03, 1.9764e+00, 9.2001e-03, 
 2DIAGNOSTIC,    12, -7.372722928493e-01, 4.575523671615e-03, 1.9855e+00, 9.1221e-03, 
 2DIAGNOSTIC,    13, -7.371112391894e-01, 3.307455473092e-03, 1.9944e+00, 8.9231e-03, 
 2DIAGNOSTIC,    14, -7.370683508555e-01, 2.092946038499e-03, 2.0023e+00, 7.8700e-03, 
 2DIAGNOSTIC,    15, -7.370175486930e-01, 1.040229527698e-03, 2.0114e+00, 9.1221e-03, 
 2DIAGNOSTIC,    16, -7.369602400433e-01, 3.368980488409e-04, 2.0190e+00, 7.5419e-03, 
DIAGNOSTIC,Iteration,metricValue,convergenceValue,ITERATION_TIME_INDEX,SINCE_LAST
 2DIAGNOSTIC,     1, -6.087566354953e-01, 1.797693134862e+308, 2.9134e+00, 8.9442e-01, 
 2DIAGNOSTIC,     2, -6.091510723263e-01, 1.797693134862e+308, 2.9558e+00, 4.2425e-02, 
 2DIAGNOSTIC,     3, -6.097797346558e-01, 1.797693134862e+308, 2.9995e+00, 4.3719e-02, 
 2DIAGNOSTIC,     4, -6.104793808298e-01, 1.797693134862e+308, 3.0558e+00, 5.6230e-02, 
 2DIAGNOSTIC,     5, -6.113526164403e-01, 1.797693134862e+308, 3.1096e+00, 5.3792e-02, 
 2DIAGNOSTIC,     6, -6.116218261203e-01, 1.797693134862e+308, 3.1839e+00, 7.4311e-02, 
 2DIAGNOSTIC,     7, -6.116519469332e-01, 1.797693134862e+308, 3.2259e+00, 4.2009e-02, 
 2DIAGNOSTIC,     8, -6.116666253661e-01, 1.797693134862e+308, 3.2879e+00, 6.2020e-02, 
 2DIAGNOSTIC,     9, -6.116590477503e-01, 1.797693134862e+308, 3.3454e+00, 5.7526e-02, 
 2DIAGNOSTIC,    10, -6.116634941676e-01, 3.295857127625e-04, 3.4032e+00, 5.7730e-02, 
 2DIAGNOSTIC,    11, -6.116366499766e-01, 2.190772287022e-04, 3.4465e+00, 4.3300e-02, 
 2DIAGNOSTIC,    12, -6.116477671220e-01, 1.234952810639e-04, 3.4957e+00, 4.9227e-02, 
 2DIAGNOSTIC,    13, -6.116572145078e-01, 5.434123555197e-05, 3.5415e+00, 4.5844e-02, 
 2DIAGNOSTIC,    14, -6.116370642770e-01, 1.221415116592e-05, 3.5824e+00, 4.0894e-02, 
 2DIAGNOSTIC,    15, -6.116429437331e-01, 1.868616779352e-06, 3.6204e+00, 3.7986e-02, 
 2DIAGNOSTIC,    16, -6.116593873949e-01, 1.124313325940e-06, 3.6643e+00, 4.3911e-02, 
 2DIAGNOSTIC,    17, -6.116864788148e-01, 2.077110418684e-06, 3.7219e+00, 5.7543e-02, 
 2DIAGNOSTIC,    18, -6.116841662491e-01, 3.204581653045e-06, 3.7719e+00, 5.0052e-02, 
 2DIAGNOSTIC,    19, -6.116771236320e-01, 3.738877493636e-06, 3.8151e+00, 4.3137e-02, 
 2DIAGNOSTIC,    20, -6.116783797433e-01, 4.197470600639e-06, 3.8526e+00, 3.7532e-02, 
 2DIAGNOSTIC,    21, -6.116773084694e-01, 3.727315248003e-06, 3.8926e+00, 4.0038e-02, 
 2DIAGNOSTIC,    22, -6.116885707683e-01, 3.545345635833e-06, 3.9331e+00, 4.0434e-02, 
 2DIAGNOSTIC,    23, -6.117123713824e-01, 3.866404344473e-06, 3.9872e+00, 5.4137e-02, 
 2DIAGNOSTIC,    24, -6.117130054211e-01, 3.550542923815e-06, 4.0410e+00, 5.3778e-02, 
 2DIAGNOSTIC,    25, -6.117123233907e-01, 3.152948549204e-06, 4.0926e+00, 5.1579e-02, 
 2DIAGNOSTIC,    26, -6.117083671907e-01, 2.822913655429e-06, 4.1434e+00, 5.0803e-02, 
 2DIAGNOSTIC,    27, -6.116929967614e-01, 2.565859893777e-06, 4.1982e+00, 5.4887e-02, 
 2DIAGNOSTIC,    28, -6.116904191247e-01, 2.117393528435e-06, 4.2533e+00, 5.5042e-02, 
 2DIAGNOSTIC,    29, -6.116908967847e-01, 1.499792780607e-06, 4.3018e+00, 4.8550e-02, 
DIAGNOSTIC,Iteration,metricValue,convergenceValue,ITERATION_TIME_INDEX,SINCE_LAST
 2DIAGNOSTIC,     1, -5.342697061917e-01, 1.797693134862e+308, 5.5976e+00, 1.2957e+00, 
 2DIAGNOSTIC,     2, -5.346815349320e-01, 1.797693134862e+308, 5.9109e+00, 3.1331e-01, 
 2DIAGNOSTIC,     3, -5.351960249724e-01, 1.797693134862e+308, 6.2131e+00, 3.0227e-01, 
 2DIAGNOSTIC,     4, -5.354850923190e-01, 1.797693134862e+308, 6.5675e+00, 3.5438e-01, 
 2DIAGNOSTIC,     5, -5.355247301813e-01, 1.797693134862e+308, 6.9285e+00, 3.6096e-01, 
 2DIAGNOSTIC,     6, -5.355547520772e-01, 1.797693134862e+308, 7.2725e+00, 3.4399e-01, 
 2DIAGNOSTIC,     7, -5.355573508229e-01, 1.797693134862e+308, 7.5839e+00, 3.1139e-01, 
 2DIAGNOSTIC,     8, -5.355641586857e-01, 1.797693134862e+308, 7.8949e+00, 3.1101e-01, 
 2DIAGNOSTIC,     9, -5.355605989323e-01, 1.797693134862e+308, 8.2114e+00, 3.1652e-01, 
 2DIAGNOSTIC,    10, -5.355510221297e-01, 1.277632936689e-04, 8.8132e+00, 6.0176e-01, 
 2DIAGNOSTIC,    11, -5.355519774675e-01, 6.334029762439e-05, 9.2372e+00, 4.2406e-01, 
 2DIAGNOSTIC,    12, -5.355525021000e-01, 2.199526686435e-05, 9.5587e+00, 3.2151e-01, 
 2DIAGNOSTIC,    13, -5.355519696040e-01, 5.945363592996e-06, 9.9011e+00, 3.4240e-01, 
 2DIAGNOSTIC,    14, -5.355515248182e-01, 2.792080886868e-06, 1.0246e+01, 3.4517e-01, 
 2DIAGNOSTIC,    15, -5.355513148347e-01, 1.388500722996e-06, 1.0577e+01, 3.3062e-01, 
 2DIAGNOSTIC,    16, -5.355520993219e-01, 1.248365131643e-06, 1.0917e+01, 3.3975e-01, 
 2DIAGNOSTIC,    17, -5.355522206364e-01, 1.264166473447e-06, 1.1220e+01, 3.0307e-01, 
 2DIAGNOSTIC,    18, -5.355511162250e-01, 1.502930921722e-06, 1.1525e+01, 3.0482e-01, 
 2DIAGNOSTIC,    19, -5.355542686138e-01, 1.739507254787e-06, 1.1869e+01, 3.4449e-01, 
 2DIAGNOSTIC,    20, -5.355544088340e-01, 1.692514842007e-06, 1.2210e+01, 3.4129e-01, 
 2DIAGNOSTIC,    21, -5.355534235632e-01, 1.639127160495e-06, 1.2627e+01, 4.1642e-01, 
 2DIAGNOSTIC,    22, -5.355529183179e-01, 1.581579495764e-06, 1.2967e+01, 3.4016e-01, 
 2DIAGNOSTIC,    23, -5.355524116651e-01, 1.493180686568e-06, 1.3310e+01, 3.4269e-01, 
 2DIAGNOSTIC,    24, -5.355518466294e-01, 1.378641080158e-06, 1.3610e+01, 3.0066e-01, 
 2DIAGNOSTIC,    25, -5.355515770789e-01, 1.257098704729e-06, 1.3907e+01, 2.9686e-01, 
 2DIAGNOSTIC,    26, -5.355527968970e-01, 1.188209555948e-06, 1.4211e+01, 3.0363e-01, 
 2DIAGNOSTIC,    27, -5.355548454074e-01, 1.171181648468e-06, 1.4553e+01, 3.4208e-01, 
 2DIAGNOSTIC,    28, -5.355568842375e-01, 1.171094999600e-06, 1.4890e+01, 3.3731e-01, 
 2DIAGNOSTIC,    29, -5.355572104452e-01, 1.230926555275e-06, 1.5195e+01, 3.0481e-01, 
 2DIAGNOSTIC,    30, -5.355564550254e-01, 1.264372214239e-06, 1.5534e+01, 3.3934e-01, 
 2DIAGNOSTIC,    31, -5.355594033660e-01, 1.310495260698e-06, 1.5870e+01, 3.3591e-01, 
 2DIAGNOSTIC,    32, -5.355591902501e-01, 1.312707446098e-06, 1.6180e+01, 3.0989e-01, 
 2DIAGNOSTIC,    33, -5.355568767563e-01, 1.239522812196e-06, 1.6570e+01, 3.8964e-01, 
 2DIAGNOSTIC,    34, -5.355587271101e-01, 1.167011232948e-06, 1.6958e+01, 3.8816e-01, 
 2DIAGNOSTIC,    35, -5.355604607060e-01, 1.097944271715e-06, 1.7376e+01, 4.1775e-01, 
 2DIAGNOSTIC,    36, -5.355596734201e-01, 1.019060316812e-06, 1.7723e+01, 3.4769e-01, 
DIAGNOSTIC,Iteration,metricValue,convergenceValue,ITERATION_TIME_INDEX,SINCE_LAST
 2DIAGNOSTIC,     1, -4.914387673720e-01, 1.797693134862e+308, 2.0741e+01, 3.0176e+00, 
 2DIAGNOSTIC,     2, -4.917214480351e-01, 1.797693134862e+308, 2.2428e+01, 1.6874e+00, 
 2DIAGNOSTIC,     3, -4.919624175572e-01, 1.797693134862e+308, 2.4204e+01, 1.7752e+00, 
 2DIAGNOSTIC,     4, -4.921558145695e-01, 1.797693134862e+308, 2.6092e+01, 1.8884e+00, 
 2DIAGNOSTIC,     5, -4.923437933311e-01, 1.797693134862e+308, 2.7998e+01, 1.9059e+00, 
 2DIAGNOSTIC,     6, -4.924145800531e-01, 1.797693134862e+308, 2.9918e+01, 1.9197e+00, 
 2DIAGNOSTIC,     7, -4.924823571047e-01, 1.797693134862e+308, 3.1737e+01, 1.8197e+00, 
 2DIAGNOSTIC,     8, -4.925878050925e-01, 1.797693134862e+308, 3.3876e+01, 2.1386e+00, 
 2DIAGNOSTIC,     9, -4.925312821867e-01, 1.797693134862e+308, 3.5605e+01, 1.7292e+00, 
 2DIAGNOSTIC,    10, -4.927887542700e-01, 1.568040845139e-04, 3.9519e+01, 3.9136e+00, 
 2DIAGNOSTIC,    11, -4.927883452035e-01, 1.171751955178e-04, 4.2072e+01, 2.5528e+00, 
 2DIAGNOSTIC,    12, -4.927883830464e-01, 8.745738580231e-05, 4.4154e+01, 2.0827e+00, 
 2DIAGNOSTIC,    13, -4.927883112465e-01, 6.536623653565e-05, 4.6255e+01, 2.1003e+00, 
 2DIAGNOSTIC,    14, -4.927881131262e-01, 4.852566397770e-05, 4.8114e+01, 1.8598e+00, 
 2DIAGNOSTIC,    15, -4.927880188227e-01, 3.680011915398e-05, 4.9994e+01, 1.8794e+00, 
 2DIAGNOSTIC,    16, -4.927879348743e-01, 2.581951402264e-05, 5.1929e+01, 1.9350e+00, 
 2DIAGNOSTIC,    17, -4.927880739787e-01, 1.626020017820e-05, 5.4063e+01, 2.1345e+00, 
 2DIAGNOSTIC,    18, -4.927878748190e-01, 9.960083713671e-06, 5.5982e+01, 1.9184e+00, 
 2DIAGNOSTIC,    19, -4.927879071962e-01, 1.624574032966e-06, 5.8129e+01, 2.1472e+00, 
 2DIAGNOSTIC,    20, -4.927879452469e-01, 1.558072325658e-06, 6.0398e+01, 2.2690e+00, 
 2DIAGNOSTIC,    21, -4.927877420932e-01, 1.483970838184e-06, 6.2373e+01, 1.9753e+00, 
 2DIAGNOSTIC,    22, -4.927876481594e-01, 1.418182878660e-06, 6.3994e+01, 1.6212e+00, 
 2DIAGNOSTIC,    23, -4.927875647327e-01, 1.357055248064e-06, 6.5598e+01, 1.6034e+00, 
 2DIAGNOSTIC,    24, -4.927874861560e-01, 1.296916997899e-06, 6.7393e+01, 1.7952e+00, 
 2DIAGNOSTIC,    25, -4.927872985031e-01, 1.237830485119e-06, 6.9185e+01, 1.7923e+00, 
 2DIAGNOSTIC,    26, -4.927872260144e-01, 1.183141883458e-06, 7.1024e+01, 1.8385e+00, 
 2DIAGNOSTIC,    27, -4.927874810373e-01, 1.144943587834e-06, 7.3040e+01, 2.0159e+00, 
 2DIAGNOSTIC,    28, -4.927875332800e-01, 1.109357565560e-06, 7.4957e+01, 1.9175e+00, 
 2DIAGNOSTIC,    29, -4.927873784518e-01, 1.076309209341e-06, 7.7112e+01, 2.1553e+00, 
 2DIAGNOSTIC,    30, -4.927871945068e-01, 1.044958182601e-06, 7.8804e+01, 1.6913e+00, 
 2DIAGNOSTIC,    31, -4.927869244002e-01, 1.008419517397e-06, 8.0739e+01, 1.9356e+00, 
  Elapsed time (stage 0): 8.1852e+01


Total elapsed time: 8.1855e+01
Info [verificarlo]: loaded backend libinterflop_ieee.so
Info [interflop-ieee]: load backend with:
Info [interflop-ieee]: debug = false
Info [interflop-ieee]: debug-binary = false
Info [interflop-ieee]: no-backend-name = false
Info [interflop-ieee]: print-new-line = false
Info [interflop-ieee]: print-subnormal-normalized = false
Info [interflop-ieee]: count-op = false
All_Command_lines_OK
Using double precision for computations.
=============================================================================
The composite transform comprises the following transforms (in order): 
  1. /home/mdugre/scratch/mri-registration-rp/datasets/ds004513/derivatives/mri-registration-rp/0100/antsRegistration-r7-p9/sub-s035/affine_Composite.h5[0] (type = Euler3DTransform)
  2. /home/mdugre/scratch/mri-registration-rp/datasets/ds004513/derivatives/mri-registration-rp/0100/antsRegistration-r7-p9/sub-s035/affine_Composite.h5[1] (type = Euler3DTransform)
  3. /home/mdugre/scratch/mri-registration-rp/datasets/ds004513/derivatives/mri-registration-rp/0100/antsRegistration-r7-p9/sub-s035/affine_Composite.h5[2] (type = Euler3DTransform)
  4. /home/mdugre/scratch/mri-registration-rp/datasets/ds004513/derivatives/mri-registration-rp/0100/antsRegistration-r7-p9/sub-s035/affine_Composite.h5[3] (type = AffineTransform)
=============================================================================
  number of levels = 4
  fixed image: /templateflow/tpl-MNI152NLin2009cAsym/tpl-MNI152NLin2009cAsym_res-01_desc-brain_T1w.nii.gz
  moving image: /home/mdugre/scratch/mri-registration-rp/datasets/ds004513/derivatives/mri-registration-rp/antsBrainExtraction/sub-s035/BrainExtractionBrain.nii.gz
Dimension = 3
Number of stages = 1
Use histogram matching = false
Winsorize image intensities = true
  Lower quantile = 0.005
  Upper quantile = 0.995


Stage 1 State
   Image metric = CC
     Fixed image = Image (0x4c06a40)
  RTTI typeinfo:   itk::Image<double, 3u>
  Reference Count: 2
  Modified Time: 1606
  Debug: Off
  Object Name: 
  Observers: 
    none
  Source: (none)
  Source output name: (none)
  Release Data: Off
  Data Released: False
  Global Release Data: Off
  PipelineMTime: 0
  UpdateMTime: 1217
  RealTimeStamp: 0 seconds 
  LargestPossibleRegion: 
    Dimension: 3
    Index: [0, 0, 0]
    Size: [193, 229, 193]
  BufferedRegion: 
    Dimension: 3
    Index: [0, 0, 0]
    Size: [193, 229, 193]
  RequestedRegion: 
    Dimension: 3
    Index: [0, 0, 0]
    Size: [193, 229, 193]
  Spacing: [1, 1, 1]
  Origin: [96, 132, -78]
  Direction: 
-1 0 0
0 -1 0
0 0 1

  IndexToPointMatrix: 
-1 0 0
0 -1 0
0 0 1

  PointToIndexMatrix: 
-1 0 0
0 -1 0
0 0 1

  Inverse Direction: 
-1 0 0
0 -1 0
0 0 1

  PixelContainer: 
    ImportImageContainer (0x4cd5780)
      RTTI typeinfo:   itk::ImportImageContainer<unsigned long, double>
      Reference Count: 1
      Modified Time: 1214
      Debug: Off
      Object Name: 
      Observers: 
        none
      Pointer: 0x152af12c1010
      Container manages memory: true
      Size: 8530021
      Capacity: 8530021

     Moving image = Image (0x4cd7390)
  RTTI typeinfo:   itk::Image<double, 3u>
  Reference Count: 2
  Modified Time: 1607
  Debug: Off
  Object Name: 
  Observers: 
    none
  Source: (none)
  Source output name: (none)
  Release Data: Off
  Data Released: False
  Global Release Data: Off
  PipelineMTime: 0
  UpdateMTime: 1604
  RealTimeStamp: 0 seconds 
  LargestPossibleRegion: 
    Dimension: 3
    Index: [0, 0, 0]
    Size: [160, 240, 256]
  BufferedRegion: 
    Dimension: 3
    Index: [0, 0, 0]
    Size: [160, 240, 256]
  RequestedRegion: 
    Dimension: 3
    Index: [0, 0, 0]
    Size: [160, 240, 256]
  Spacing: [1, 1, 1]
  Origin: [98.6438, 87.6358, -117.989]
  Direction: 
-0.993515 -0.100993 -0.0522355
0.100854 -0.994887 0.00530255
-0.0525039 1.93537e-08 0.998621

  IndexToPointMatrix: 
-0.993515 -0.100993 -0.0522355
0.100854 -0.994887 0.00530255
-0.0525039 1.93537e-08 0.998621

  PointToIndexMatrix: 
-0.993515 0.100854 -0.0525039
-0.100993 -0.994887 1.93006e-08
-0.0522355 0.00530255 0.998621

  Inverse Direction: 
-0.993515 0.100854 -0.0525039
-0.100993 -0.994887 1.93006e-08
-0.0522355 0.00530255 0.998621

  PixelContainer: 
    ImportImageContainer (0x4c8c6f0)
      RTTI typeinfo:   itk::ImportImageContainer<unsigned long, double>
      Reference Count: 1
      Modified Time: 1601
      Debug: Off
      Object Name: 
      Observers: 
        none
      Pointer: 0x152aec7c0010
      Container manages memory: true
      Size: 9830400
      Capacity: 9830400

     Weighting = 1
     Sampling strategy = none
     Number of bins = 32
     Radius = 4
     Sampling percentage  = 1
   Transform = SyN
     Gradient step = 0.1
     Update field sigma (voxel space) = 3
     Total field sigma (voxel space) = 0
     Update field time sigma = 0
     Total field time sigma  = 0
     Number of time indices = 0
     Number of time point samples = 0
Registration using 1 total stages.

Stage 0
  iterations = 100x70x50x20
  convergence threshold = 1e-06
  convergence window size = 10
  number of levels = 4
  using the CC metric (radius = 4, weight = 1, use gradient filter = 0)
  preprocessing:  winsorizing the image intensities
  Shrink factors (level 1 out of 4): [8, 8, 8]
  Shrink factors (level 2 out of 4): [4, 4, 4]
  Shrink factors (level 3 out of 4): [2, 2, 2]
  Shrink factors (level 4 out of 4): [1, 1, 1]
  smoothing sigmas per level: [3, 2, 1, 0]
  Using default NONE metricSamplingStrategy 

*** Running SyN registration (varianceForUpdateField = 3, varianceForTotalField = 0) ***

XXDIAGNOSTIC,Iteration,metricValue,convergenceValue,ITERATION_TIME_INDEX,SINCE_LAST
 1DIAGNOSTIC,     1, -8.520741970010e-01, 1.797693134862e+308, 1.1317e+00, 1.1317e+00, 
 1DIAGNOSTIC,     2, -8.654528779616e-01, 1.797693134862e+308, 1.4952e+00, 3.6348e-01, 
 1DIAGNOSTIC,     3, -8.772119560196e-01, 1.797693134862e+308, 1.8349e+00, 3.3972e-01, 
 1DIAGNOSTIC,     4, -8.870826314412e-01, 1.797693134862e+308, 2.1816e+00, 3.4667e-01, 
 1DIAGNOSTIC,     5, -8.953698774623e-01, 1.797693134862e+308, 2.5319e+00, 3.5024e-01, 
 1DIAGNOSTIC,     6, -9.015246962771e-01, 1.797693134862e+308, 2.8617e+00, 3.2986e-01, 
 1DIAGNOSTIC,     7, -9.069407829335e-01, 1.797693134862e+308, 3.2089e+00, 3.4716e-01, 
 1DIAGNOSTIC,     8, -9.117406908414e-01, 1.797693134862e+308, 3.5431e+00, 3.3418e-01, 
 1DIAGNOSTIC,     9, -9.159456248262e-01, 1.797693134862e+308, 3.8972e+00, 3.5417e-01, 
 1DIAGNOSTIC,    10, -9.193709964388e-01, 4.646466204789e-03, 4.2880e+00, 3.9073e-01, 
 1DIAGNOSTIC,    11, -9.220041625258e-01, 3.526704140672e-03, 4.6326e+00, 3.4461e-01, 
