
##########################
# Experiment information #
##########################

EXPERIMENT_NAME: antsRegistration-r7-p10
VFC_BACKENDS: libinterflop_vprec.so --range-binary32=7 --precision-binary32=10 --range-binary64=7 --precision-binary64=10

SIF_IMG: /home/mdugre/projects/rrg-glatard/mdugre/containers/ants-vprec-no_metrics.simg

SUBJECT_ID: s003
INPUT_IMG: /home/mdugre/scratch/mri-registration-rp/datasets/ds004513/derivatives/mri-registration-rp/antsBrainExtraction/sub-s003/BrainExtractionBrain.nii.gz
OUTPUT_DIR: /home/mdugre/scratch/mri-registration-rp/datasets/ds004513/derivatives/mri-registration-rp/0100/antsRegistration-r7-p10/sub-s003

FIXED_IMG: /templateflow/tpl-MNI152NLin2009cAsym/tpl-MNI152NLin2009cAsym_res-01_desc-brain_T1w.nii.gz
DATA_DIR: /home/mdugre/scratch/mri-registration-rp/datasets/ds004513
TEMPLATEFLOW_DIR: /home/mdugre/projects/rrg-glatard/mdugre/templateflow
ITK_GLOBAL_DEFAULT_NUMBER_OF_THREADS: 16
##########################

Info [verificarlo]: loaded backend libinterflop_ieee.so
Info [interflop-ieee]: load backend with:
Info [interflop-ieee]: debug = false
Info [interflop-ieee]: debug-binary = false
Info [interflop-ieee]: no-backend-name = false
Info [interflop-ieee]: print-new-line = false
Info [interflop-ieee]: print-subnormal-normalized = false
Info [interflop-ieee]: count-op = false
All_Command_lines_OK
Using double precision for computations.
=============================================================================
The composite transform comprises the following transforms (in order): 
  1. Center of mass alignment using fixed image: /templateflow/tpl-MNI152NLin2009cAsym/tpl-MNI152NLin2009cAsym_res-01_desc-brain_T1w.nii.gz and moving image: /home/mdugre/scratch/mri-registration-rp/datasets/ds004513/derivatives/mri-registration-rp/antsBrainExtraction/sub-s003/BrainExtractionBrain.nii.gz (type = Euler3DTransform)
=============================================================================
  number of levels = 1
  fixed image: /templateflow/tpl-MNI152NLin2009cAsym/tpl-MNI152NLin2009cAsym_res-01_desc-brain_T1w.nii.gz
  moving image: /home/mdugre/scratch/mri-registration-rp/datasets/ds004513/derivatives/mri-registration-rp/antsBrainExtraction/sub-s003/BrainExtractionBrain.nii.gz
Dimension = 3
Number of stages = 1
Use histogram matching = false
Winsorize image intensities = true
  Lower quantile = 0.005
  Upper quantile = 0.995


Stage 1 State
   Image metric = MattesMI
     Fixed image = Image (0x4266e70)
  RTTI typeinfo:   itk::Image<double, 3u>
  Reference Count: 2
  Modified Time: 2334
  Debug: Off
  Object Name: 
  Observers: 
    none
  Source: (none)
  Source output name: (none)
  Release Data: Off
  Data Released: False
  Global Release Data: Off
  PipelineMTime: 0
  UpdateMTime: 1943
  RealTimeStamp: 0 seconds 
  LargestPossibleRegion: 
    Dimension: 3
    Index: [0, 0, 0]
    Size: [193, 229, 193]
  BufferedRegion: 
    Dimension: 3
    Index: [0, 0, 0]
    Size: [193, 229, 193]
  RequestedRegion: 
    Dimension: 3
    Index: [0, 0, 0]
    Size: [193, 229, 193]
  Spacing: [1, 1, 1]
  Origin: [96, 132, -78]
  Direction: 
-1 0 0
0 -1 0
0 0 1

  IndexToPointMatrix: 
-1 0 0
0 -1 0
0 0 1

  PointToIndexMatrix: 
-1 0 0
0 -1 0
0 0 1

  Inverse Direction: 
-1 0 0
0 -1 0
0 0 1

  PixelContainer: 
    ImportImageContainer (0x4273140)
      RTTI typeinfo:   itk::ImportImageContainer<unsigned long, double>
      Reference Count: 1
      Modified Time: 1940
      Debug: Off
      Object Name: 
      Observers: 
        none
      Pointer: 0x154909d07010
      Container manages memory: true
      Size: 8530021
      Capacity: 8530021

     Moving image = Image (0x4270310)
  RTTI typeinfo:   itk::Image<double, 3u>
  Reference Count: 2
  Modified Time: 2335
  Debug: Off
  Object Name: 
  Observers: 
    none
  Source: (none)
  Source output name: (none)
  Release Data: Off
  Data Released: False
  Global Release Data: Off
  PipelineMTime: 0
  UpdateMTime: 2332
  RealTimeStamp: 0 seconds 
  LargestPossibleRegion: 
    Dimension: 3
    Index: [0, 0, 0]
    Size: [176, 240, 256]
  BufferedRegion: 
    Dimension: 3
    Index: [0, 0, 0]
    Size: [176, 240, 256]
  RequestedRegion: 
    Dimension: 3
    Index: [0, 0, 0]
    Size: [176, 240, 256]
  Spacing: [0.999999, 1, 1]
  Origin: [93.3499, 86.9368, -128.957]
  Direction: 
-0.999513 -0.0279216 -0.0139567
0.0279189 -0.99961 0.000389866
-0.0139622 2.01492e-08 0.999903

  IndexToPointMatrix: 
-0.999512 -0.0279216 -0.0139567
0.0279189 -0.99961 0.000389866
-0.0139621 2.01492e-08 0.999903

  PointToIndexMatrix: 
-0.999514 0.0279189 -0.0139622
-0.0279216 -0.99961 2.01716e-08
-0.0139567 0.000389866 0.999903

  Inverse Direction: 
-0.999513 0.0279189 -0.0139622
-0.0279216 -0.99961 2.01716e-08
-0.0139567 0.000389866 0.999903

  PixelContainer: 
    ImportImageContainer (0x439b610)
      RTTI typeinfo:   itk::ImportImageContainer<unsigned long, double>
      Reference Count: 1
      Modified Time: 2329
      Debug: Off
      Object Name: 
      Observers: 
        none
      Pointer: 0x154904a86010
      Container manages memory: true
      Size: 10813440
      Capacity: 10813440

     Weighting = 1
     Sampling strategy = regular
     Number of bins = 32
     Radius = 4
     Sampling percentage  = 0.25
   Transform = Rigid
     Gradient step = 0.1
     Update field sigma (voxel space) = 0
     Total field sigma (voxel space) = 0
     Update field time sigma = 0
     Total field time sigma  = 0
     Number of time indices = 0
     Number of time point samples = 0
Registration using 1 total stages.

Stage 0
  iterations = 0
  convergence threshold = 1e-06
  convergence window size = 10
  number of levels = 1
  using the Mattes MI metric (number of bins = 32, weight = 1, use gradient filter = 0)
  preprocessing:  winsorizing the image intensities
  Shrink factors (level 1 out of 1): [1, 1, 1]
  smoothing sigmas per level: [0]
  regular sampling (percentage = 0.25)

*** Running Euler3DTransform registration ***

  Elapsed time (stage 0): 1.1234


Total elapsed time: 1.12567
Info [verificarlo]: loaded backend libinterflop_vprec.so
Info [interflop-vprec]: load backend with: 
Info [interflop-vprec]: precision-binary32 = 10
Info [interflop-vprec]: range-binary32 = 7
Info [interflop-vprec]: precision-binary64 = 10
Info [interflop-vprec]: range-binary64 = 7
Info [interflop-vprec]: mode = ob
Info [interflop-vprec]: error-mode = rel
Info [interflop-vprec]: max-abs-error-exponent = -1022
Info [interflop-vprec]: daz = false
Info [interflop-vprec]: ftz = false
Info [interflop-vprec]: 	instrument = none
Info [interflop-vprec]: 	prec-input-file = (null)
Info [interflop-vprec]: 	prec-output-file = (null)
Info [interflop-vprec]: 	prec-log-file = (null)
All_Command_lines_OK
Using double precision for computations.
=============================================================================
The composite transform comprises the following transforms (in order): 
  1. /home/mdugre/scratch/mri-registration-rp/datasets/ds004513/derivatives/mri-registration-rp/0100/antsRegistration-r7-p10/sub-s003/align_Composite.h5[0] (type = Euler3DTransform)
  2. /home/mdugre/scratch/mri-registration-rp/datasets/ds004513/derivatives/mri-registration-rp/0100/antsRegistration-r7-p10/sub-s003/align_Composite.h5[1] (type = Euler3DTransform)
=============================================================================
  number of levels = 4
  fixed image: /templateflow/tpl-MNI152NLin2009cAsym/tpl-MNI152NLin2009cAsym_res-01_desc-brain_T1w.nii.gz
  moving image: /home/mdugre/scratch/mri-registration-rp/datasets/ds004513/derivatives/mri-registration-rp/antsBrainExtraction/sub-s003/BrainExtractionBrain.nii.gz
Dimension = 3
Number of stages = 1
Use histogram matching = false
Winsorize image intensities = true
  Lower quantile = 0.005
  Upper quantile = 0.995


Stage 1 State
   Image metric = MattesMI
     Fixed image = Image (0x49cd1e0)
  RTTI typeinfo:   itk::Image<double, 3u>
  Reference Count: 2
  Modified Time: 1578
  Debug: Off
  Object Name: 
  Observers: 
    none
  Source: (none)
  Source output name: (none)
  Release Data: Off
  Data Released: False
  Global Release Data: Off
  PipelineMTime: 0
  UpdateMTime: 1189
  RealTimeStamp: 0 seconds 
  LargestPossibleRegion: 
    Dimension: 3
    Index: [0, 0, 0]
    Size: [193, 229, 193]
  BufferedRegion: 
    Dimension: 3
    Index: [0, 0, 0]
    Size: [193, 229, 193]
  RequestedRegion: 
    Dimension: 3
    Index: [0, 0, 0]
    Size: [193, 229, 193]
  Spacing: [1, 1, 1]
  Origin: [96, 132, -78]
  Direction: 
-1 0 0
0 -1 0
0 0 1

  IndexToPointMatrix: 
-1 0 0
0 -1 0
0 0 1

  PointToIndexMatrix: 
-1 0 0
0 -1 0
0 0 1

  Inverse Direction: 
-1 0 0
0 -1 0
0 0 1

  PixelContainer: 
    ImportImageContainer (0x4a8c680)
      RTTI typeinfo:   itk::ImportImageContainer<unsigned long, double>
      Reference Count: 1
      Modified Time: 1186
      Debug: Off
      Object Name: 
      Observers: 
        none
      Pointer: 0x148f44783010
      Container manages memory: true
      Size: 8530021
      Capacity: 8530021

     Moving image = Image (0x4a88b20)
  RTTI typeinfo:   itk::Image<double, 3u>
  Reference Count: 2
  Modified Time: 1579
  Debug: Off
  Object Name: 
  Observers: 
    none
  Source: (none)
  Source output name: (none)
  Release Data: Off
  Data Released: False
  Global Release Data: Off
  PipelineMTime: 0
  UpdateMTime: 1576
  RealTimeStamp: 0 seconds 
  LargestPossibleRegion: 
    Dimension: 3
    Index: [0, 0, 0]
    Size: [176, 240, 256]
  BufferedRegion: 
    Dimension: 3
    Index: [0, 0, 0]
    Size: [176, 240, 256]
  RequestedRegion: 
    Dimension: 3
    Index: [0, 0, 0]
    Size: [176, 240, 256]
  Spacing: [1, 1, 1]
  Origin: [93.375, 86.9375, -129]
  Direction: 
-0.999512 -0.0279083 -0.0139618
0.0279083 -0.999512 0.000389814
-0.0139542 0 1

  IndexToPointMatrix: 
-0.999512 -0.0279083 -0.0139618
0.0279083 -0.999512 0.000389814
-0.0139542 0 1

  PointToIndexMatrix: 
-1 0.0279083 -0.0139542
-0.0278625 -0.998535 -0.00146484
-0.0139389 0.000488281 0.999023

  Inverse Direction: 
-1 0.0279083 -0.0139542
-0.0278625 -0.998535 -0.00146484
-0.0139389 0.000488281 0.999023

  PixelContainer: 
    ImportImageContainer (0x4af1d50)
      RTTI typeinfo:   itk::ImportImageContainer<unsigned long, double>
      Reference Count: 1
      Modified Time: 1573
      Debug: Off
      Object Name: 
      Observers: 
        none
      Pointer: 0x148f3f502010
      Container manages memory: true
      Size: 10813440
      Capacity: 10813440

     Weighting = 1
     Sampling strategy = regular
     Number of bins = 32
     Radius = 4
     Sampling percentage  = 0.25
   Transform = Rigid
     Gradient step = 0.1
     Update field sigma (voxel space) = 0
     Total field sigma (voxel space) = 0
     Update field time sigma = 0
     Total field time sigma  = 0
     Number of time indices = 0
     Number of time point samples = 0
Registration using 1 total stages.

Stage 0
  iterations = 1000x500x250x100
  convergence threshold = 1e-06
  convergence window size = 10
  number of levels = 4
  using the Mattes MI metric (number of bins = 32, weight = 1, use gradient filter = 0)
  preprocessing:  winsorizing the image intensities
  Shrink factors (level 1 out of 4): [8, 8, 8]
  Shrink factors (level 2 out of 4): [4, 4, 4]
  Shrink factors (level 3 out of 4): [2, 2, 2]
  Shrink factors (level 4 out of 4): [1, 1, 1]
  smoothing sigmas per level: [3, 2, 1, 0]
  regular sampling (percentage = 0.25)

*** Running Euler3DTransform registration ***

DIAGNOSTIC,Iteration,metricValue,convergenceValue,ITERATION_TIME_INDEX,SINCE_LAST
 2DIAGNOSTIC,     1, -4.836645276022e-01, 1.797693134862e+308, 0.0000e+00, 0.0000e+00, 
 2DIAGNOSTIC,     2, -4.840716663751e-01, 1.797693134862e+308, 0.0000e+00, 0.0000e+00, 
 2DIAGNOSTIC,     3, -4.843962424765e-01, 1.797693134862e+308, 0.0000e+00, 0.0000e+00, 
 2DIAGNOSTIC,     4, -4.846295345291e-01, 1.797693134862e+308, 0.0000e+00, 0.0000e+00, 
 2DIAGNOSTIC,     5, -4.853310944692e-01, 1.797693134862e+308, 0.0000e+00, 0.0000e+00, 
 2DIAGNOSTIC,     6, -4.856316722781e-01, 1.797693134862e+308, 0.0000e+00, 0.0000e+00, 
 2DIAGNOSTIC,     7, -4.857252865089e-01, 1.797693134862e+308, 0.0000e+00, 0.0000e+00, 
 2DIAGNOSTIC,     8, -4.862633709098e-01, 1.797693134862e+308, 0.0000e+00, 0.0000e+00, 
 2DIAGNOSTIC,     9, -4.870045733203e-01, 1.797693134862e+308, 0.0000e+00, 0.0000e+00, 
 2DIAGNOSTIC,    10, -4.882896614326e-01, 5.303852786726e-04, 0.0000e+00, 0.0000e+00, 
 2DIAGNOSTIC,    11, -4.887528568195e-01, 5.425734601412e-04, 0.0000e+00, 0.0000e+00, 
 2DIAGNOSTIC,    12, -4.897754025272e-01, 5.743905935939e-04, 0.0000e+00, 0.0000e+00, 
 2DIAGNOSTIC,    13, -4.901932375762e-01, 5.823958184446e-04, 0.0000e+00, 0.0000e+00, 
 2DIAGNOSTIC,    14, -4.908847683300e-01, 5.738137322123e-04, 0.0000e+00, 0.0000e+00, 
 2DIAGNOSTIC,    15, -4.921460443969e-01, 5.893771933250e-04, 0.0000e+00, 0.0000e+00, 
 2DIAGNOSTIC,    16, -4.928340409032e-01, 5.841741359981e-04, 0.0000e+00, 0.0000e+00, 
 2DIAGNOSTIC,    17, -4.946879782390e-01, 5.924817947385e-04, 0.0000e+00, 0.0000e+00, 
 2DIAGNOSTIC,    18, -4.959077372168e-01, 6.007704372103e-04, 0.0000e+00, 0.0000e+00, 
 2DIAGNOSTIC,    19, -5.327396894337e-01, 1.694939477885e-03, 0.0000e+00, 0.0000e+00, 
 2DIAGNOSTIC,    20, -6.314807312357e-01, 5.315692028832e-03, 0.0000e+00, 0.0000e+00, 
 2DIAGNOSTIC,    21, -6.311275959707e-01, 7.953920550743e-03, 0.0000e+00, 0.0000e+00, 
 2DIAGNOSTIC,    22, -6.315615746164e-01, 9.643181530010e-03, 0.0000e+00, 0.0000e+00, 
 2DIAGNOSTIC,    23, -6.315440801599e-01, 1.030326136180e-02, 0.0000e+00, 0.0000e+00, 
 2DIAGNOSTIC,    24, -6.314650825022e-01, 9.931500655211e-03, 0.0000e+00, 0.0000e+00, 
 2DIAGNOSTIC,    25, -6.314826856129e-01, 8.659220122223e-03, 0.0000e+00, 0.0000e+00, 
 2DIAGNOSTIC,    26, -6.314639276605e-01, 6.714317633198e-03, 0.0000e+00, 0.0000e+00, 
 2DIAGNOSTIC,    27, -6.315148270575e-01, 4.389614481675e-03, 0.0000e+00, 0.0000e+00, 
 2DIAGNOSTIC,    28, -6.315105923781e-01, 1.875089124291e-03, 0.0000e+00, 0.0000e+00, 
 2DIAGNOSTIC,    29, -6.315105923560e-01, 5.396150199913e-06, 0.0000e+00, 0.0000e+00, 
 2DIAGNOSTIC,    30, -6.315105849267e-01, 5.851215472863e-06, 0.0000e+00, 0.0000e+00, 
DIAGNOSTIC,Iteration,metricValue,convergenceValue,ITERATION_TIME_INDEX,SINCE_LAST
 2DIAGNOSTIC,     1, -5.186424440008e-01, 1.797693134862e+308, 0.0000e+00, 0.0000e+00, 
 2DIAGNOSTIC,     2, -5.192164176811e-01, 1.797693134862e+308, 0.0000e+00, 0.0000e+00, 
 2DIAGNOSTIC,     3, -5.201999278682e-01, 1.797693134862e+308, 0.0000e+00, 0.0000e+00, 
 2DIAGNOSTIC,     4, -5.220140600553e-01, 1.797693134862e+308, 0.0000e+00, 0.0000e+00, 
 2DIAGNOSTIC,     5, -5.238099771444e-01, 1.797693134862e+308, 0.0000e+00, 0.0000e+00, 
 2DIAGNOSTIC,     6, -5.260442774152e-01, 1.797693134862e+308, 0.0000e+00, 0.0000e+00, 
 2DIAGNOSTIC,     7, -5.286630912090e-01, 1.797693134862e+308, 0.0000e+00, 0.0000e+00, 
 2DIAGNOSTIC,     8, -5.304834748794e-01, 1.797693134862e+308, 0.0000e+00, 0.0000e+00, 
 2DIAGNOSTIC,     9, -5.318371499276e-01, 1.797693134862e+308, 0.0000e+00, 0.0000e+00, 
 2DIAGNOSTIC,    10, -5.321016154796e-01, 1.903485944768e-03, 0.0000e+00, 0.0000e+00, 
 2DIAGNOSTIC,    11, -5.322459433829e-01, 1.664199117566e-03, 0.0000e+00, 0.0000e+00, 
 2DIAGNOSTIC,    12, -5.324053744013e-01, 1.348426424627e-03, 0.0000e+00, 0.0000e+00, 
 2DIAGNOSTIC,    13, -5.324859132239e-01, 1.002660943439e-03, 0.0000e+00, 0.0000e+00, 
 2DIAGNOSTIC,    14, -5.326899140977e-01, 6.930402356794e-04, 0.0000e+00, 0.0000e+00, 
 2DIAGNOSTIC,    15, -5.331652700147e-01, 4.428672158092e-04, 0.0000e+00, 0.0000e+00, 
 2DIAGNOSTIC,    16, -5.346397495353e-01, 3.068801919889e-04, 0.0000e+00, 0.0000e+00, 
 2DIAGNOSTIC,    17, -5.355483937501e-01, 2.682406079026e-04, 0.0000e+00, 0.0000e+00, 
 2DIAGNOSTIC,    18, -5.357275749367e-01, 2.677829106900e-04, 0.0000e+00, 0.0000e+00, 
 2DIAGNOSTIC,    19, -5.358717161112e-01, 2.854988902301e-04, 0.0000e+00, 0.0000e+00, 
 2DIAGNOSTIC,    20, -5.359475862757e-01, 2.839808466980e-04, 0.0000e+00, 0.0000e+00, 
 2DIAGNOSTIC,    21, -5.358920444594e-01, 2.577157643777e-04, 0.0000e+00, 0.0000e+00, 
 2DIAGNOSTIC,    22, -5.365726706635e-01, 2.300572081428e-04, 0.0000e+00, 0.0000e+00, 
 2DIAGNOSTIC,    23, -5.366005303277e-01, 1.857932428922e-04, 0.0000e+00, 0.0000e+00, 
 2DIAGNOSTIC,    24, -5.366331769816e-01, 1.336304671323e-04, 0.0000e+00, 0.0000e+00, 
 2DIAGNOSTIC,    25, -5.365618795145e-01, 8.137017294566e-05, 0.0000e+00, 0.0000e+00, 
 2DIAGNOSTIC,    26, -5.365690140759e-01, 5.559156074332e-05, 0.0000e+00, 0.0000e+00, 
 2DIAGNOSTIC,    27, -5.365640041419e-01, 4.411922980880e-05, 0.0000e+00, 0.0000e+00, 
 2DIAGNOSTIC,    28, -5.365559379061e-01, 3.243032271766e-05, 0.0000e+00, 0.0000e+00, 
 2DIAGNOSTIC,    29, -5.365490845073e-01, 2.116938693632e-05, 0.0000e+00, 0.0000e+00, 
 2DIAGNOSTIC,    30, -5.365492671751e-01, 1.022543120147e-05, 0.0000e+00, 0.0000e+00, 
DIAGNOSTIC,Iteration,metricValue,convergenceValue,ITERATION_TIME_INDEX,SINCE_LAST
 2DIAGNOSTIC,     1, -4.771968757613e-01, 1.797693134862e+308, 0.0000e+00, 0.0000e+00, 
 2DIAGNOSTIC,     2, -4.771976696390e-01, 1.797693134862e+308, 0.0000e+00, 0.0000e+00, 
 2DIAGNOSTIC,     3, -4.773298061146e-01, 1.797693134862e+308, 0.0000e+00, 0.0000e+00, 
 2DIAGNOSTIC,     4, -4.773756072139e-01, 1.797693134862e+308, 0.0000e+00, 0.0000e+00, 
 2DIAGNOSTIC,     5, -4.771252895509e-01, 1.797693134862e+308, 0.0000e+00, 0.0000e+00, 
 2DIAGNOSTIC,     6, -4.768344452414e-01, 1.797693134862e+308, 0.0000e+00, 0.0000e+00, 
 2DIAGNOSTIC,     7, -4.770079288373e-01, 1.797693134862e+308, 0.0000e+00, 0.0000e+00, 
 2DIAGNOSTIC,     8, -4.770531645541e-01, 1.797693134862e+308, 0.0000e+00, 0.0000e+00, 
 2DIAGNOSTIC,     9, -4.771085333278e-01, 1.797693134862e+308, 0.0000e+00, 0.0000e+00, 
DIAGNOSTIC,Iteration,metricValue,convergenceValue,ITERATION_TIME_INDEX,SINCE_LAST
 2DIAGNOSTIC,     1, -4.438515658327e-01, 1.797693134862e+308, 0.0000e+00, 0.0000e+00, 
 2DIAGNOSTIC,     2, -4.439318489833e-01, 1.797693134862e+308, 0.0000e+00, 0.0000e+00, 
 2DIAGNOSTIC,     3, -4.439003197820e-01, 1.797693134862e+308, 0.0000e+00, 0.0000e+00, 
 2DIAGNOSTIC,     4, -4.439082428582e-01, 1.797693134862e+308, 0.0000e+00, 0.0000e+00, 
 2DIAGNOSTIC,     5, -4.439124082390e-01, 1.797693134862e+308, 0.0000e+00, 0.0000e+00, 
 2DIAGNOSTIC,     6, -4.439103889095e-01, 1.797693134862e+308, 0.0000e+00, 0.0000e+00, 
 2DIAGNOSTIC,     7, -4.439073523162e-01, 1.797693134862e+308, 0.0000e+00, 0.0000e+00, 
 2DIAGNOSTIC,     8, -4.439073523162e-01, 1.797693134862e+308, 0.0000e+00, 0.0000e+00, 
 2DIAGNOSTIC,     9, -4.439073523162e-01, 1.797693134862e+308, 0.0000e+00, 0.0000e+00, 
 2DIAGNOSTIC,    10, -4.439073523162e-01, 2.463545567280e-06, 0.0000e+00, 0.0000e+00, 
  Elapsed time (stage 0): 0.0000e+00


Total elapsed time: 0.0000e+00
Info [verificarlo]: loaded backend libinterflop_ieee.so
Info [interflop-ieee]: load backend with:
Info [interflop-ieee]: debug = false
Info [interflop-ieee]: debug-binary = false
Info [interflop-ieee]: no-backend-name = false
Info [interflop-ieee]: print-new-line = false
Info [interflop-ieee]: print-subnormal-normalized = false
Info [interflop-ieee]: count-op = false
All_Command_lines_OK
Using double precision for computations.
=============================================================================
The composite transform comprises the following transforms (in order): 
  1. /home/mdugre/scratch/mri-registration-rp/datasets/ds004513/derivatives/mri-registration-rp/0100/antsRegistration-r7-p10/sub-s003/rigid_Composite.h5[0] (type = Euler3DTransform)
  2. /home/mdugre/scratch/mri-registration-rp/datasets/ds004513/derivatives/mri-registration-rp/0100/antsRegistration-r7-p10/sub-s003/rigid_Composite.h5[1] (type = Euler3DTransform)
  3. /home/mdugre/scratch/mri-registration-rp/datasets/ds004513/derivatives/mri-registration-rp/0100/antsRegistration-r7-p10/sub-s003/rigid_Composite.h5[2] (type = Euler3DTransform)
=============================================================================
  number of levels = 4
  fixed image: /templateflow/tpl-MNI152NLin2009cAsym/tpl-MNI152NLin2009cAsym_res-01_desc-brain_T1w.nii.gz
  moving image: /home/mdugre/scratch/mri-registration-rp/datasets/ds004513/derivatives/mri-registration-rp/antsBrainExtraction/sub-s003/BrainExtractionBrain.nii.gz
Dimension = 3
Number of stages = 1
Use histogram matching = false
Winsorize image intensities = true
  Lower quantile = 0.005
  Upper quantile = 0.995


Stage 1 State
   Image metric = MattesMI
     Fixed image = Image (0x364d7e0)
  RTTI typeinfo:   itk::Image<double, 3u>
  Reference Count: 2
  Modified Time: 1594
  Debug: Off
  Object Name: 
  Observers: 
    none
  Source: (none)
  Source output name: (none)
  Release Data: Off
  Data Released: False
  Global Release Data: Off
  PipelineMTime: 0
  UpdateMTime: 1203
  RealTimeStamp: 0 seconds 
  LargestPossibleRegion: 
    Dimension: 3
    Index: [0, 0, 0]
    Size: [193, 229, 193]
  BufferedRegion: 
    Dimension: 3
    Index: [0, 0, 0]
    Size: [193, 229, 193]
  RequestedRegion: 
    Dimension: 3
    Index: [0, 0, 0]
    Size: [193, 229, 193]
  Spacing: [1, 1, 1]
  Origin: [96, 132, -78]
  Direction: 
-1 0 0
0 -1 0
0 0 1

  IndexToPointMatrix: 
-1 0 0
0 -1 0
0 0 1

  PointToIndexMatrix: 
-1 0 0
0 -1 0
0 0 1

  Inverse Direction: 
-1 0 0
0 -1 0
0 0 1

  PixelContainer: 
    ImportImageContainer (0x370da20)
      RTTI typeinfo:   itk::ImportImageContainer<unsigned long, double>
      Reference Count: 1
      Modified Time: 1200
      Debug: Off
      Object Name: 
      Observers: 
        none
      Pointer: 0x14c25e636010
      Container manages memory: true
      Size: 8530021
      Capacity: 8530021

     Moving image = Image (0x36c2e20)
  RTTI typeinfo:   itk::Image<double, 3u>
  Reference Count: 2
  Modified Time: 1595
  Debug: Off
  Object Name: 
  Observers: 
    none
  Source: (none)
  Source output name: (none)
  Release Data: Off
  Data Released: False
  Global Release Data: Off
  PipelineMTime: 0
  UpdateMTime: 1592
  RealTimeStamp: 0 seconds 
  LargestPossibleRegion: 
    Dimension: 3
    Index: [0, 0, 0]
    Size: [176, 240, 256]
  BufferedRegion: 
    Dimension: 3
    Index: [0, 0, 0]
    Size: [176, 240, 256]
  RequestedRegion: 
    Dimension: 3
    Index: [0, 0, 0]
    Size: [176, 240, 256]
  Spacing: [0.999999, 1, 1]
  Origin: [93.3499, 86.9368, -128.957]
  Direction: 
-0.999513 -0.0279216 -0.0139567
0.0279189 -0.99961 0.000389866
-0.0139622 2.01492e-08 0.999903

  IndexToPointMatrix: 
-0.999512 -0.0279216 -0.0139567
0.0279189 -0.99961 0.000389866
-0.0139621 2.01492e-08 0.999903

  PointToIndexMatrix: 
-0.999514 0.0279189 -0.0139622
-0.0279216 -0.99961 2.01716e-08
-0.0139567 0.000389866 0.999903

  Inverse Direction: 
-0.999513 0.0279189 -0.0139622
-0.0279216 -0.99961 2.01716e-08
-0.0139567 0.000389866 0.999903

  PixelContainer: 
    ImportImageContainer (0x375c550)
      RTTI typeinfo:   itk::ImportImageContainer<unsigned long, double>
      Reference Count: 1
      Modified Time: 1589
      Debug: Off
      Object Name: 
      Observers: 
        none
      Pointer: 0x14c2593b5010
      Container manages memory: true
      Size: 10813440
      Capacity: 10813440

     Weighting = 1
     Sampling strategy = regular
     Number of bins = 32
     Radius = 4
     Sampling percentage  = 0.25
   Transform = Affine
     Gradient step = 0.1
     Update field sigma (voxel space) = 0
     Total field sigma (voxel space) = 0
     Update field time sigma = 0
     Total field time sigma  = 0
     Number of time indices = 0
     Number of time point samples = 0
Registration using 1 total stages.

Stage 0
  iterations = 1000x500x250x100
  convergence threshold = 1e-06
  convergence window size = 10
  number of levels = 4
  using the Mattes MI metric (number of bins = 32, weight = 1, use gradient filter = 0)
  preprocessing:  winsorizing the image intensities
  Shrink factors (level 1 out of 4): [8, 8, 8]
  Shrink factors (level 2 out of 4): [4, 4, 4]
  Shrink factors (level 3 out of 4): [2, 2, 2]
  Shrink factors (level 4 out of 4): [1, 1, 1]
  smoothing sigmas per level: [3, 2, 1, 0]
  regular sampling (percentage = 0.25)

*** Running AffineTransform registration ***

DIAGNOSTIC,Iteration,metricValue,convergenceValue,ITERATION_TIME_INDEX,SINCE_LAST
 2DIAGNOSTIC,     1, -6.677097728062e-01, 1.797693134862e+308, 8.0685e-01, 8.0685e-01, 
 2DIAGNOSTIC,     2, -6.699849355949e-01, 1.797693134862e+308, 8.1294e-01, 6.0940e-03, 
 2DIAGNOSTIC,     3, -6.727730415820e-01, 1.797693134862e+308, 8.1764e-01, 4.7050e-03, 
 2DIAGNOSTIC,     4, -6.764570861688e-01, 1.797693134862e+308, 8.2264e-01, 4.9908e-03, 
 2DIAGNOSTIC,     5, -6.820709311972e-01, 1.797693134862e+308, 8.2782e-01, 5.1839e-03, 
 2DIAGNOSTIC,     6, -6.947886916707e-01, 1.797693134862e+308, 8.3237e-01, 4.5459e-03, 
 2DIAGNOSTIC,     7, -7.098349012407e-01, 1.797693134862e+308, 8.3786e-01, 5.4982e-03, 
 2DIAGNOSTIC,     8, -7.164156382886e-01, 1.797693134862e+308, 8.4244e-01, 4.5791e-03, 
 2DIAGNOSTIC,     9, -7.242704288818e-01, 1.797693134862e+308, 8.4818e-01, 5.7392e-03, 
 2DIAGNOSTIC,    10, -7.244479270983e-01, 6.249045060254e-03, 8.5716e-01, 8.9769e-03, 
 2DIAGNOSTIC,    11, -7.247133459976e-01, 5.638660735240e-03, 8.6328e-01, 6.1221e-03, 
 2DIAGNOSTIC,    12, -7.249051753652e-01, 4.708593135966e-03, 8.6893e-01, 5.6450e-03, 
 2DIAGNOSTIC,    13, -7.250455562229e-01, 3.593227535762e-03, 8.7513e-01, 6.2089e-03, 
 2DIAGNOSTIC,    14, -7.248984348755e-01, 2.421507698559e-03, 8.8013e-01, 4.9920e-03, 
 2DIAGNOSTIC,    15, -7.248428340514e-01, 1.337065267619e-03, 8.8578e-01, 5.6551e-03, 
 2DIAGNOSTIC,    16, -7.249089174677e-01, 5.858406894763e-04, 8.9131e-01, 5.5320e-03, 
 2DIAGNOSTIC,    17, -7.249489331492e-01, 2.261538495169e-04, 8.9718e-01, 5.8649e-03, 
 2DIAGNOSTIC,    18, -7.249481278662e-01, 2.856841895618e-05, 9.0284e-01, 5.6610e-03, 
 2DIAGNOSTIC,    19, -7.249195368368e-01, 1.510689545993e-05, 9.0832e-01, 5.4801e-03, 
 2DIAGNOSTIC,    20, -7.249030661720e-01, 4.997362017964e-06, 9.1327e-01, 4.9500e-03, 
DIAGNOSTIC,Iteration,metricValue,convergenceValue,ITERATION_TIME_INDEX,SINCE_LAST
 2DIAGNOSTIC,     1, -5.977711273335e-01, 1.797693134862e+308, 1.6637e+00, 7.5040e-01, 
 2DIAGNOSTIC,     2, -5.978286150801e-01, 1.797693134862e+308, 1.7111e+00, 4.7465e-02, 
 2DIAGNOSTIC,     3, -5.978482843766e-01, 1.797693134862e+308, 1.7483e+00, 3.7180e-02, 
 2DIAGNOSTIC,     4, -5.978326591751e-01, 1.797693134862e+308, 1.7812e+00, 3.2884e-02, 
 2DIAGNOSTIC,     5, -5.978192796188e-01, 1.797693134862e+308, 1.8135e+00, 3.2328e-02, 
 2DIAGNOSTIC,     6, -5.978220347230e-01, 1.797693134862e+308, 1.8459e+00, 3.2355e-02, 
 2DIAGNOSTIC,     7, -5.977897452838e-01, 1.797693134862e+308, 1.8847e+00, 3.8788e-02, 
 2DIAGNOSTIC,     8, -5.978088659566e-01, 1.797693134862e+308, 1.9272e+00, 4.2570e-02, 
 2DIAGNOSTIC,     9, -5.978095627309e-01, 1.797693134862e+308, 1.9671e+00, 3.9847e-02, 
 2DIAGNOSTIC,    10, -5.978004085870e-01, 1.535286318716e-06, 2.0099e+00, 4.2769e-02, 
DIAGNOSTIC,Iteration,metricValue,convergenceValue,ITERATION_TIME_INDEX,SINCE_LAST
 2DIAGNOSTIC,     1, -5.239579722427e-01, 1.797693134862e+308, 3.1556e+00, 1.1458e+00, 
 2DIAGNOSTIC,     2, -5.242818224484e-01, 1.797693134862e+308, 3.4245e+00, 2.6884e-01, 
 2DIAGNOSTIC,     3, -5.246104020568e-01, 1.797693134862e+308, 3.7066e+00, 2.8211e-01, 
 2DIAGNOSTIC,     4, -5.249092240641e-01, 1.797693134862e+308, 3.9834e+00, 2.7683e-01, 
 2DIAGNOSTIC,     5, -5.251612281067e-01, 1.797693134862e+308, 4.2645e+00, 2.8109e-01, 
 2DIAGNOSTIC,     6, -5.254778053491e-01, 1.797693134862e+308, 4.6005e+00, 3.3599e-01, 
 2DIAGNOSTIC,     7, -5.255633851561e-01, 1.797693134862e+308, 4.8761e+00, 2.7556e-01, 
 2DIAGNOSTIC,     8, -5.260500994499e-01, 1.797693134862e+308, 5.1639e+00, 2.8783e-01, 
 2DIAGNOSTIC,     9, -5.268692857513e-01, 1.797693134862e+308, 5.4808e+00, 3.1688e-01, 
 2DIAGNOSTIC,    10, -5.275577993842e-01, 3.941789441764e-04, 5.7667e+00, 2.8596e-01, 
 2DIAGNOSTIC,    11, -5.286290704161e-01, 4.317995456986e-04, 6.1646e+00, 3.9783e-01, 
 2DIAGNOSTIC,    12, -5.292744930597e-01, 4.675928815698e-04, 6.4469e+00, 2.8237e-01, 
 2DIAGNOSTIC,    13, -5.293150279968e-01, 4.709573696298e-04, 6.7029e+00, 2.5600e-01, 
 2DIAGNOSTIC,    14, -5.294063721742e-01, 4.464888814096e-04, 6.9552e+00, 2.5231e-01, 
 2DIAGNOSTIC,    15, -5.296852489836e-01, 4.034687070343e-04, 7.2204e+00, 2.6516e-01, 
 2DIAGNOSTIC,    16, -5.301267534672e-01, 3.541794471402e-04, 7.4940e+00, 2.7362e-01, 
 2DIAGNOSTIC,    17, -5.310215835942e-01, 3.088765535212e-04, 8.1982e+00, 7.0421e-01, 
 2DIAGNOSTIC,    18, -5.310231903298e-01, 2.544070046967e-04, 8.5856e+00, 3.8735e-01, 
 2DIAGNOSTIC,    19, -5.310228332303e-01, 2.060584361100e-04, 8.9235e+00, 3.3794e-01, 
 2DIAGNOSTIC,    20, -5.310206415422e-01, 1.616829105417e-04, 9.2399e+00, 3.1642e-01, 
 2DIAGNOSTIC,    21, -5.310195540576e-01, 1.333604411470e-04, 9.5261e+00, 2.8621e-01, 
 2DIAGNOSTIC,    22, -5.310174772618e-01, 1.107603886676e-04, 9.7884e+00, 2.6225e-01, 
 2DIAGNOSTIC,    23, -5.310174867522e-01, 8.096701160007e-05, 1.0074e+01, 2.8519e-01, 
 2DIAGNOSTIC,    24, -5.310156957551e-01, 4.848527170807e-05, 1.0376e+01, 3.0264e-01, 
 2DIAGNOSTIC,    25, -5.310141891302e-01, 2.011715575066e-05, 1.0712e+01, 3.3590e-01, 
DIAGNOSTIC,Iteration,metricValue,convergenceValue,ITERATION_TIME_INDEX,SINCE_LAST
 2DIAGNOSTIC,     1, -4.872020648864e-01, 1.797693134862e+308, 1.3627e+01, 2.9152e+00, 
 2DIAGNOSTIC,     2, -4.873556421529e-01, 1.797693134862e+308, 1.5526e+01, 1.8987e+00, 
 2DIAGNOSTIC,     3, -4.874792441384e-01, 1.797693134862e+308, 1.7537e+01, 2.0109e+00, 
 2DIAGNOSTIC,     4, -4.876499880379e-01, 1.797693134862e+308, 1.9530e+01, 1.9931e+00, 
 2DIAGNOSTIC,     5, -4.876996834423e-01, 1.797693134862e+308, 2.1305e+01, 1.7747e+00, 
 2DIAGNOSTIC,     6, -4.880508534591e-01, 1.797693134862e+308, 2.3372e+01, 2.0677e+00, 
 2DIAGNOSTIC,     7, -4.890174139514e-01, 1.797693134862e+308, 2.5957e+01, 2.5847e+00, 
 2DIAGNOSTIC,     8, -4.892393187559e-01, 1.797693134862e+308, 2.7753e+01, 1.7955e+00, 
 2DIAGNOSTIC,     9, -4.893265144380e-01, 1.797693134862e+308, 2.9560e+01, 1.8076e+00, 
 2DIAGNOSTIC,    10, -4.895052510387e-01, 3.499420634544e-04, 3.1708e+01, 2.1481e+00, 
 2DIAGNOSTIC,    11, -4.895506330285e-01, 3.214077340156e-04, 3.4122e+01, 2.4135e+00, 
 2DIAGNOSTIC,    12, -4.895568016392e-01, 2.760145151075e-04, 3.6007e+01, 1.8856e+00, 
 2DIAGNOSTIC,    13, -4.895764843962e-01, 2.192189298391e-04, 3.7839e+01, 1.8313e+00, 
 2DIAGNOSTIC,    14, -4.896369797735e-01, 1.611311304051e-04, 3.9715e+01, 1.8760e+00, 
 2DIAGNOSTIC,    15, -4.896930393978e-01, 1.004136248265e-04, 4.2341e+01, 2.6262e+00, 
 2DIAGNOSTIC,    16, -4.896937604237e-01, 5.014510135590e-05, 4.4150e+01, 1.8096e+00, 
 2DIAGNOSTIC,    17, -4.896986740030e-01, 3.455638599481e-05, 4.5973e+01, 1.8226e+00, 
 2DIAGNOSTIC,    18, -4.897112098439e-01, 2.527488379708e-05, 4.7799e+01, 1.8261e+00, 
 2DIAGNOSTIC,    19, -4.897364774890e-01, 1.804907447630e-05, 4.9559e+01, 1.7595e+00, 
 2DIAGNOSTIC,    20, -4.897967444839e-01, 1.689695381551e-05, 5.1904e+01, 2.3450e+00, 
 2DIAGNOSTIC,    21, -4.897958353276e-01, 1.564872227906e-05, 5.3775e+01, 1.8717e+00, 
 2DIAGNOSTIC,    22, -4.898008229747e-01, 1.354523214465e-05, 5.5839e+01, 2.0633e+00, 
 2DIAGNOSTIC,    23, -4.898155562572e-01, 1.134897144662e-05, 5.9354e+01, 3.5159e+00, 
 2DIAGNOSTIC,    24, -4.898154138915e-01, 9.800480497091e-06, 6.1475e+01, 2.1209e+00, 
 2DIAGNOSTIC,    25, -4.898149999017e-01, 8.859772027324e-06, 6.3469e+01, 1.9938e+00, 
 2DIAGNOSTIC,    26, -4.898153912278e-01, 7.312859231522e-06, 6.5536e+01, 2.0666e+00, 
 2DIAGNOSTIC,    27, -4.898156428906e-01, 5.435080293152e-06, 6.7582e+01, 2.0458e+00, 
 2DIAGNOSTIC,    28, -4.898158750073e-01, 3.549167153526e-06, 6.9512e+01, 1.9302e+00, 
 2DIAGNOSTIC,    29, -4.898164769095e-01, 2.049759972492e-06, 7.1432e+01, 1.9204e+00, 
 2DIAGNOSTIC,    30, -4.898171760359e-01, 1.747246258378e-06, 7.3411e+01, 1.9788e+00, 
 2DIAGNOSTIC,    31, -4.898183295757e-01, 1.404271629375e-06, 7.5287e+01, 1.8756e+00, 
 2DIAGNOSTIC,    32, -4.898190884915e-01, 1.143137132828e-06, 7.7070e+01, 1.7831e+00, 
 2DIAGNOSTIC,    33, -4.898240117364e-01, 1.229828451944e-06, 7.8868e+01, 1.7983e+00, 
 2DIAGNOSTIC,    34, -4.898295664434e-01, 1.376920080644e-06, 8.0756e+01, 1.8878e+00, 
 2DIAGNOSTIC,    35, -4.898446399892e-01, 1.715192290256e-06, 8.2544e+01, 1.7884e+00, 
 2DIAGNOSTIC,    36, -4.898687015623e-01, 2.347655603592e-06, 8.4330e+01, 1.7855e+00, 
 2DIAGNOSTIC,    37, -4.899035992609e-01, 3.351455178994e-06, 8.6098e+01, 1.7685e+00, 
 2DIAGNOSTIC,    38, -4.901612332775e-01, 7.997368743354e-06, 8.8734e+01, 2.6356e+00, 
 2DIAGNOSTIC,    39, -4.901777087773e-01, 1.187660501946e-05, 9.0521e+01, 1.7869e+00, 
 2DIAGNOSTIC,    40, -4.901953419782e-01, 1.481493810861e-05, 9.2508e+01, 1.9868e+00, 
 2DIAGNOSTIC,    41, -4.901999855159e-01, 1.640263052479e-05, 9.4677e+01, 2.1695e+00, 
 2DIAGNOSTIC,    42, -4.902050726052e-01, 1.648782001733e-05, 9.6647e+01, 1.9700e+00, 
 2DIAGNOSTIC,    43, -4.902076667652e-01, 1.511481413992e-05, 9.8663e+01, 2.0163e+00, 
 2DIAGNOSTIC,    44, -4.902071297831e-01, 1.248566876137e-05, 1.0066e+02, 1.9980e+00, 
 2DIAGNOSTIC,    45, -4.902072102824e-01, 9.091751617306e-06, 1.0264e+02, 1.9751e+00, 
 2DIAGNOSTIC,    46, -4.902064187291e-01, 5.365414999892e-06, 1.0443e+02, 1.7914e+00, 
 2DIAGNOSTIC,    47, -4.902071764284e-01, 1.704473840070e-06, 1.0628e+02, 1.8570e+00, 
 2DIAGNOSTIC,    48, -4.902107073016e-01, 1.253375773631e-06, 1.0838e+02, 2.0978e+00, 
  Elapsed time (stage 0): 1.0955e+02


Total elapsed time: 1.0955e+02
Info [verificarlo]: loaded backend libinterflop_ieee.so
Info [interflop-ieee]: load backend with:
Info [interflop-ieee]: debug = false
Info [interflop-ieee]: debug-binary = false
Info [interflop-ieee]: no-backend-name = false
Info [interflop-ieee]: print-new-line = false
Info [interflop-ieee]: print-subnormal-normalized = false
Info [interflop-ieee]: count-op = false
All_Command_lines_OK
Using double precision for computations.
=============================================================================
The composite transform comprises the following transforms (in order): 
  1. /home/mdugre/scratch/mri-registration-rp/datasets/ds004513/derivatives/mri-registration-rp/0100/antsRegistration-r7-p10/sub-s003/affine_Composite.h5[0] (type = Euler3DTransform)
  2. /home/mdugre/scratch/mri-registration-rp/datasets/ds004513/derivatives/mri-registration-rp/0100/antsRegistration-r7-p10/sub-s003/affine_Composite.h5[1] (type = Euler3DTransform)
  3. /home/mdugre/scratch/mri-registration-rp/datasets/ds004513/derivatives/mri-registration-rp/0100/antsRegistration-r7-p10/sub-s003/affine_Composite.h5[2] (type = Euler3DTransform)
  4. /home/mdugre/scratch/mri-registration-rp/datasets/ds004513/derivatives/mri-registration-rp/0100/antsRegistration-r7-p10/sub-s003/affine_Composite.h5[3] (type = AffineTransform)
=============================================================================
  number of levels = 4
  fixed image: /templateflow/tpl-MNI152NLin2009cAsym/tpl-MNI152NLin2009cAsym_res-01_desc-brain_T1w.nii.gz
  moving image: /home/mdugre/scratch/mri-registration-rp/datasets/ds004513/derivatives/mri-registration-rp/antsBrainExtraction/sub-s003/BrainExtractionBrain.nii.gz
Dimension = 3
Number of stages = 1
Use histogram matching = false
Winsorize image intensities = true
  Lower quantile = 0.005
  Upper quantile = 0.995


Stage 1 State
   Image metric = CC
     Fixed image = Image (0x513da40)
  RTTI typeinfo:   itk::Image<double, 3u>
  Reference Count: 2
  Modified Time: 1608
  Debug: Off
  Object Name: 
  Observers: 
    none
  Source: (none)
  Source output name: (none)
  Release Data: Off
  Data Released: False
  Global Release Data: Off
  PipelineMTime: 0
  UpdateMTime: 1217
  RealTimeStamp: 0 seconds 
  LargestPossibleRegion: 
    Dimension: 3
    Index: [0, 0, 0]
    Size: [193, 229, 193]
  BufferedRegion: 
    Dimension: 3
    Index: [0, 0, 0]
    Size: [193, 229, 193]
  RequestedRegion: 
    Dimension: 3
    Index: [0, 0, 0]
    Size: [193, 229, 193]
  Spacing: [1, 1, 1]
  Origin: [96, 132, -78]
  Direction: 
-1 0 0
0 -1 0
0 0 1

  IndexToPointMatrix: 
-1 0 0
0 -1 0
0 0 1

  PointToIndexMatrix: 
-1 0 0
0 -1 0
0 0 1

  Inverse Direction: 
-1 0 0
0 -1 0
0 0 1

  PixelContainer: 
    ImportImageContainer (0x520c780)
      RTTI typeinfo:   itk::ImportImageContainer<unsigned long, double>
      Reference Count: 1
      Modified Time: 1214
      Debug: Off
      Object Name: 
      Observers: 
        none
      Pointer: 0x145e62001010
      Container manages memory: true
      Size: 8530021
      Capacity: 8530021

     Moving image = Image (0x520e390)
  RTTI typeinfo:   itk::Image<double, 3u>
  Reference Count: 2
  Modified Time: 1609
  Debug: Off
  Object Name: 
  Observers: 
    none
  Source: (none)
  Source output name: (none)
  Release Data: Off
  Data Released: False
  Global Release Data: Off
  PipelineMTime: 0
  UpdateMTime: 1606
  RealTimeStamp: 0 seconds 
  LargestPossibleRegion: 
    Dimension: 3
    Index: [0, 0, 0]
    Size: [176, 240, 256]
  BufferedRegion: 
    Dimension: 3
    Index: [0, 0, 0]
    Size: [176, 240, 256]
  RequestedRegion: 
    Dimension: 3
    Index: [0, 0, 0]
    Size: [176, 240, 256]
  Spacing: [0.999999, 1, 1]
  Origin: [93.3499, 86.9368, -128.957]
  Direction: 
-0.999513 -0.0279216 -0.0139567
0.0279189 -0.99961 0.000389866
-0.0139622 2.01492e-08 0.999903

  IndexToPointMatrix: 
-0.999512 -0.0279216 -0.0139567
0.0279189 -0.99961 0.000389866
-0.0139621 2.01492e-08 0.999903

  PointToIndexMatrix: 
-0.999514 0.0279189 -0.0139622
-0.0279216 -0.99961 2.01716e-08
-0.0139567 0.000389866 0.999903

  Inverse Direction: 
-0.999513 0.0279189 -0.0139622
-0.0279216 -0.99961 2.01716e-08
-0.0139567 0.000389866 0.999903

  PixelContainer: 
    ImportImageContainer (0x51c36f0)
      RTTI typeinfo:   itk::ImportImageContainer<unsigned long, double>
      Reference Count: 1
      Modified Time: 1603
      Debug: Off
      Object Name: 
      Observers: 
        none
      Pointer: 0x145e5cd80010
      Container manages memory: true
      Size: 10813440
      Capacity: 10813440

     Weighting = 1
     Sampling strategy = none
     Number of bins = 32
     Radius = 4
     Sampling percentage  = 1
   Transform = SyN
     Gradient step = 0.1
     Update field sigma (voxel space) = 3
     Total field sigma (voxel space) = 0
     Update field time sigma = 0
     Total field time sigma  = 0
     Number of time indices = 0
     Number of time point samples = 0
Registration using 1 total stages.

Stage 0
  iterations = 100x70x50x20
  convergence threshold = 1e-06
  convergence window size = 10
  number of levels = 4
  using the CC metric (radius = 4, weight = 1, use gradient filter = 0)
  preprocessing:  winsorizing the image intensities
  Shrink factors (level 1 out of 4): [8, 8, 8]
  Shrink factors (level 2 out of 4): [4, 4, 4]
  Shrink factors (level 3 out of 4): [2, 2, 2]
  Shrink factors (level 4 out of 4): [1, 1, 1]
  smoothing sigmas per level: [3, 2, 1, 0]
  Using default NONE metricSamplingStrategy 

*** Running SyN registration (varianceForUpdateField = 3, varianceForTotalField = 0) ***

XXDIAGNOSTIC,Iteration,metricValue,convergenceValue,ITERATION_TIME_INDEX,SINCE_LAST
 1DIAGNOSTIC,     1, -8.475437602455e-01, 1.797693134862e+308, 1.0947e+00, 1.0947e+00, 
 1DIAGNOSTIC,     2, -8.626133548604e-01, 1.797693134862e+308, 1.4462e+00, 3.5153e-01, 
 1DIAGNOSTIC,     3, -8.764177722071e-01, 1.797693134862e+308, 1.7908e+00, 3.4459e-01, 
 1DIAGNOSTIC,     4, -8.883758662523e-01, 1.797693134862e+308, 2.1330e+00, 3.4218e-01, 
 1DIAGNOSTIC,     5, -8.983172988708e-01, 1.797693134862e+308, 2.4823e+00, 3.4926e-01, 
 1DIAGNOSTIC,     6, -9.055089676491e-01, 1.797693134862e+308, 2.8102e+00, 3.2792e-01, 
 1DIAGNOSTIC,     7, -9.118781676093e-01, 1.797693134862e+308, 3.1423e+00, 3.3208e-01, 
