
##########################
# Experiment information #
##########################

EXPERIMENT_NAME: antsRegistration-r8-p8
VFC_BACKENDS: libinterflop_vprec.so --range-binary32=8 --precision-binary32=8 --range-binary64=8 --precision-binary64=8

SIF_IMG: /home/mdugre/projects/rrg-glatard/mdugre/containers/ants-vprec-no_metrics.simg

SUBJECT_ID: s035
INPUT_IMG: /home/mdugre/scratch/mri-registration-rp/datasets/ds004513/derivatives/mri-registration-rp/antsBrainExtraction/sub-s035/BrainExtractionBrain.nii.gz
OUTPUT_DIR: /home/mdugre/scratch/mri-registration-rp/datasets/ds004513/derivatives/mri-registration-rp/0100/antsRegistration-r8-p8/sub-s035

FIXED_IMG: /templateflow/tpl-MNI152NLin2009cAsym/tpl-MNI152NLin2009cAsym_res-01_desc-brain_T1w.nii.gz
DATA_DIR: /home/mdugre/scratch/mri-registration-rp/datasets/ds004513
TEMPLATEFLOW_DIR: /home/mdugre/projects/rrg-glatard/mdugre/templateflow
ITK_GLOBAL_DEFAULT_NUMBER_OF_THREADS: 16
##########################

Info [verificarlo]: loaded backend libinterflop_ieee.so
Info [interflop-ieee]: load backend with:
Info [interflop-ieee]: debug = false
Info [interflop-ieee]: debug-binary = false
Info [interflop-ieee]: no-backend-name = false
Info [interflop-ieee]: print-new-line = false
Info [interflop-ieee]: print-subnormal-normalized = false
Info [interflop-ieee]: count-op = false
All_Command_lines_OK
Using double precision for computations.
=============================================================================
The composite transform comprises the following transforms (in order): 
  1. Center of mass alignment using fixed image: /templateflow/tpl-MNI152NLin2009cAsym/tpl-MNI152NLin2009cAsym_res-01_desc-brain_T1w.nii.gz and moving image: /home/mdugre/scratch/mri-registration-rp/datasets/ds004513/derivatives/mri-registration-rp/antsBrainExtraction/sub-s035/BrainExtractionBrain.nii.gz (type = Euler3DTransform)
=============================================================================
  number of levels = 1
  fixed image: /templateflow/tpl-MNI152NLin2009cAsym/tpl-MNI152NLin2009cAsym_res-01_desc-brain_T1w.nii.gz
  moving image: /home/mdugre/scratch/mri-registration-rp/datasets/ds004513/derivatives/mri-registration-rp/antsBrainExtraction/sub-s035/BrainExtractionBrain.nii.gz
Dimension = 3
Number of stages = 1
Use histogram matching = false
Winsorize image intensities = true
  Lower quantile = 0.005
  Upper quantile = 0.995


Stage 1 State
   Image metric = MattesMI
     Fixed image = Image (0x3479bd0)
  RTTI typeinfo:   itk::Image<double, 3u>
  Reference Count: 2
  Modified Time: 2330
  Debug: Off
  Object Name: 
  Observers: 
    none
  Source: (none)
  Source output name: (none)
  Release Data: Off
  Data Released: False
  Global Release Data: Off
  PipelineMTime: 0
  UpdateMTime: 1941
  RealTimeStamp: 0 seconds 
  LargestPossibleRegion: 
    Dimension: 3
    Index: [0, 0, 0]
    Size: [193, 229, 193]
  BufferedRegion: 
    Dimension: 3
    Index: [0, 0, 0]
    Size: [193, 229, 193]
  RequestedRegion: 
    Dimension: 3
    Index: [0, 0, 0]
    Size: [193, 229, 193]
  Spacing: [1, 1, 1]
  Origin: [96, 132, -78]
  Direction: 
-1 0 0
0 -1 0
0 0 1

  IndexToPointMatrix: 
-1 0 0
0 -1 0
0 0 1

  PointToIndexMatrix: 
-1 0 0
0 -1 0
0 0 1

  Inverse Direction: 
-1 0 0
0 -1 0
0 0 1

  PixelContainer: 
    ImportImageContainer (0x34829e0)
      RTTI typeinfo:   itk::ImportImageContainer<unsigned long, double>
      Reference Count: 1
      Modified Time: 1938
      Debug: Off
      Object Name: 
      Observers: 
        none
      Pointer: 0x154abb7ce010
      Container manages memory: true
      Size: 8530021
      Capacity: 8530021

     Moving image = Image (0x3483d40)
  RTTI typeinfo:   itk::Image<double, 3u>
  Reference Count: 2
  Modified Time: 2331
  Debug: Off
  Object Name: 
  Observers: 
    none
  Source: (none)
  Source output name: (none)
  Release Data: Off
  Data Released: False
  Global Release Data: Off
  PipelineMTime: 0
  UpdateMTime: 2328
  RealTimeStamp: 0 seconds 
  LargestPossibleRegion: 
    Dimension: 3
    Index: [0, 0, 0]
    Size: [160, 240, 256]
  BufferedRegion: 
    Dimension: 3
    Index: [0, 0, 0]
    Size: [160, 240, 256]
  RequestedRegion: 
    Dimension: 3
    Index: [0, 0, 0]
    Size: [160, 240, 256]
  Spacing: [1, 1, 1]
  Origin: [98.6438, 87.6358, -117.989]
  Direction: 
-0.993515 -0.100993 -0.0522355
0.100854 -0.994887 0.00530255
-0.0525039 1.93537e-08 0.998621

  IndexToPointMatrix: 
-0.993515 -0.100993 -0.0522355
0.100854 -0.994887 0.00530255
-0.0525039 1.93537e-08 0.998621

  PointToIndexMatrix: 
-0.993515 0.100854 -0.0525039
-0.100993 -0.994887 1.93006e-08
-0.0522355 0.00530255 0.998621

  Inverse Direction: 
-0.993515 0.100854 -0.0525039
-0.100993 -0.994887 1.93006e-08
-0.0522355 0.00530255 0.998621

  PixelContainer: 
    ImportImageContainer (0x34a9850)
      RTTI typeinfo:   itk::ImportImageContainer<unsigned long, double>
      Reference Count: 1
      Modified Time: 2325
      Debug: Off
      Object Name: 
      Observers: 
        none
      Pointer: 0x154ab6ccd010
      Container manages memory: true
      Size: 9830400
      Capacity: 9830400

     Weighting = 1
     Sampling strategy = regular
     Number of bins = 32
     Radius = 4
     Sampling percentage  = 0.25
   Transform = Rigid
     Gradient step = 0.1
     Update field sigma (voxel space) = 0
     Total field sigma (voxel space) = 0
     Update field time sigma = 0
     Total field time sigma  = 0
     Number of time indices = 0
     Number of time point samples = 0
Registration using 1 total stages.

Stage 0
  iterations = 0
  convergence threshold = 1e-06
  convergence window size = 10
  number of levels = 1
  using the Mattes MI metric (number of bins = 32, weight = 1, use gradient filter = 0)
  preprocessing:  winsorizing the image intensities
  Shrink factors (level 1 out of 1): [1, 1, 1]
  smoothing sigmas per level: [0]
  regular sampling (percentage = 0.25)

*** Running Euler3DTransform registration ***

  Elapsed time (stage 0): 1.12466


Total elapsed time: 1.12696
Info [verificarlo]: loaded backend libinterflop_vprec.so
Info [interflop-vprec]: load backend with: 
Info [interflop-vprec]: precision-binary32 = 8
Info [interflop-vprec]: range-binary32 = 8
Info [interflop-vprec]: precision-binary64 = 8
Info [interflop-vprec]: range-binary64 = 8
Info [interflop-vprec]: mode = ob
Info [interflop-vprec]: error-mode = rel
Info [interflop-vprec]: max-abs-error-exponent = -1022
Info [interflop-vprec]: daz = false
Info [interflop-vprec]: ftz = false
Info [interflop-vprec]: 	instrument = none
Info [interflop-vprec]: 	prec-input-file = (null)
Info [interflop-vprec]: 	prec-output-file = (null)
Info [interflop-vprec]: 	prec-log-file = (null)
All_Command_lines_OK
Using double precision for computations.
=============================================================================
The composite transform comprises the following transforms (in order): 
  1. /home/mdugre/scratch/mri-registration-rp/datasets/ds004513/derivatives/mri-registration-rp/0100/antsRegistration-r8-p8/sub-s035/align_Composite.h5[0] (type = Euler3DTransform)
  2. /home/mdugre/scratch/mri-registration-rp/datasets/ds004513/derivatives/mri-registration-rp/0100/antsRegistration-r8-p8/sub-s035/align_Composite.h5[1] (type = Euler3DTransform)
=============================================================================
  number of levels = 4
  fixed image: /templateflow/tpl-MNI152NLin2009cAsym/tpl-MNI152NLin2009cAsym_res-01_desc-brain_T1w.nii.gz
  moving image: /home/mdugre/scratch/mri-registration-rp/datasets/ds004513/derivatives/mri-registration-rp/antsBrainExtraction/sub-s035/BrainExtractionBrain.nii.gz
Dimension = 3
Number of stages = 1
Use histogram matching = false
Winsorize image intensities = true
  Lower quantile = 0.005
  Upper quantile = 0.995


Stage 1 State
   Image metric = MattesMI
     Fixed image = Image (0x3b2c1e0)
  RTTI typeinfo:   itk::Image<double, 3u>
  Reference Count: 2
  Modified Time: 1578
  Debug: Off
  Object Name: 
  Observers: 
    none
  Source: (none)
  Source output name: (none)
  Release Data: Off
  Data Released: False
  Global Release Data: Off
  PipelineMTime: 0
  UpdateMTime: 1189
  RealTimeStamp: 0 seconds 
  LargestPossibleRegion: 
    Dimension: 3
    Index: [0, 0, 0]
    Size: [193, 229, 193]
  BufferedRegion: 
    Dimension: 3
    Index: [0, 0, 0]
    Size: [193, 229, 193]
  RequestedRegion: 
    Dimension: 3
    Index: [0, 0, 0]
    Size: [193, 229, 193]
  Spacing: [1, 1, 1]
  Origin: [96, 132, -78]
  Direction: 
-1 0 0
0 -1 0
0 0 1

  IndexToPointMatrix: 
-1 0 0
0 -1 0
0 0 1

  PointToIndexMatrix: 
-1 0 0
0 -1 0
0 0 1

  Inverse Direction: 
-1 0 0
0 -1 0
0 0 1

  PixelContainer: 
    ImportImageContainer (0x3beb680)
      RTTI typeinfo:   itk::ImportImageContainer<unsigned long, double>
      Reference Count: 1
      Modified Time: 1186
      Debug: Off
      Object Name: 
      Observers: 
        none
      Pointer: 0x1461a23d2010
      Container manages memory: true
      Size: 8530021
      Capacity: 8530021

     Moving image = Image (0x3be7b20)
  RTTI typeinfo:   itk::Image<double, 3u>
  Reference Count: 2
  Modified Time: 1579
  Debug: Off
  Object Name: 
  Observers: 
    none
  Source: (none)
  Source output name: (none)
  Release Data: Off
  Data Released: False
  Global Release Data: Off
  PipelineMTime: 0
  UpdateMTime: 1576
  RealTimeStamp: 0 seconds 
  LargestPossibleRegion: 
    Dimension: 3
    Index: [0, 0, 0]
    Size: [160, 240, 256]
  BufferedRegion: 
    Dimension: 3
    Index: [0, 0, 0]
    Size: [160, 240, 256]
  RequestedRegion: 
    Dimension: 3
    Index: [0, 0, 0]
    Size: [160, 240, 256]
  Spacing: [1, 1, 1]
  Origin: [98.75, 87.75, -118]
  Direction: 
-0.994141 -0.10083 -0.0522461
0.10083 -0.994141 0.00531006
-0.0524902 0 0.998047

  IndexToPointMatrix: 
-0.994141 -0.10083 -0.0522461
0.10083 -0.994141 0.00531006
-0.0524902 0 0.998047

  PointToIndexMatrix: 
-0.992188 0.10083 -0.0524902
-0.101807 -1 0.00195312
-0.0522461 0.00537109 0.998047

  Inverse Direction: 
-0.992188 0.10083 -0.0524902
-0.101807 -1 0.00195312
-0.0522461 0.00537109 0.998047

  PixelContainer: 
    ImportImageContainer (0x3c50d50)
      RTTI typeinfo:   itk::ImportImageContainer<unsigned long, double>
      Reference Count: 1
      Modified Time: 1573
      Debug: Off
      Object Name: 
      Observers: 
        none
      Pointer: 0x14619d8d1010
      Container manages memory: true
      Size: 9830400
      Capacity: 9830400

     Weighting = 1
     Sampling strategy = regular
     Number of bins = 32
     Radius = 4
     Sampling percentage  = 0.25
   Transform = Rigid
     Gradient step = 0.1
     Update field sigma (voxel space) = 0
     Total field sigma (voxel space) = 0
     Update field time sigma = 0
     Total field time sigma  = 0
     Number of time indices = 0
     Number of time point samples = 0
Registration using 1 total stages.

Stage 0
  iterations = 1000x500x250x100
  convergence threshold = 1e-06
  convergence window size = 10
  number of levels = 4
  using the Mattes MI metric (number of bins = 32, weight = 1, use gradient filter = 0)
  preprocessing:  winsorizing the image intensities
  Shrink factors (level 1 out of 4): [8, 8, 8]
  Shrink factors (level 2 out of 4): [4, 4, 4]
  Shrink factors (level 3 out of 4): [2, 2, 2]
  Shrink factors (level 4 out of 4): [1, 1, 1]
  smoothing sigmas per level: [3, 2, 1, 0]
  regular sampling (percentage = 0.25)

*** Running Euler3DTransform registration ***

DIAGNOSTIC,Iteration,metricValue,convergenceValue,ITERATION_TIME_INDEX,SINCE_LAST
 2DIAGNOSTIC,     1, -5.693890462565e-01, 1.797693134862e+308, 0.0000e+00, 0.0000e+00, 
 2DIAGNOSTIC,     2, -5.695899351811e-01, 1.797693134862e+308, 0.0000e+00, 0.0000e+00, 
 2DIAGNOSTIC,     3, -5.698017804735e-01, 1.797693134862e+308, 0.0000e+00, 0.0000e+00, 
 2DIAGNOSTIC,     4, -5.719487539118e-01, 1.797693134862e+308, 0.0000e+00, 0.0000e+00, 
 2DIAGNOSTIC,     5, -5.720989153907e-01, 1.797693134862e+308, 0.0000e+00, 0.0000e+00, 
 2DIAGNOSTIC,     6, -5.719186656228e-01, 1.797693134862e+308, 0.0000e+00, 0.0000e+00, 
 2DIAGNOSTIC,     7, -5.717942836478e-01, 1.797693134862e+308, 0.0000e+00, 0.0000e+00, 
 2DIAGNOSTIC,     8, -5.722002587591e-01, 1.797693134862e+308, 0.0000e+00, 0.0000e+00, 
 2DIAGNOSTIC,     9, -5.726009963798e-01, 1.797693134862e+308, 0.0000e+00, 0.0000e+00, 
 2DIAGNOSTIC,    10, -5.727842425619e-01, 3.786832876140e-04, 0.0000e+00, 0.0000e+00, 
 2DIAGNOSTIC,    11, -5.733143231405e-01, 3.082759177300e-04, 0.0000e+00, 0.0000e+00, 
 2DIAGNOSTIC,    12, -5.740795671538e-01, 2.626888177299e-04, 0.0000e+00, 0.0000e+00, 
 2DIAGNOSTIC,    13, -5.761144303549e-01, 2.831189100189e-04, 0.0000e+00, 0.0000e+00, 
 2DIAGNOSTIC,    14, -5.774824299207e-01, 3.975480075580e-04, 0.0000e+00, 0.0000e+00, 
 2DIAGNOSTIC,    15, -5.767435478357e-01, 4.408817520557e-04, 0.0000e+00, 0.0000e+00, 
 2DIAGNOSTIC,    16, -5.764144285571e-01, 4.248363952750e-04, 0.0000e+00, 0.0000e+00, 
 2DIAGNOSTIC,    17, -5.764782125810e-01, 3.697041137756e-04, 0.0000e+00, 0.0000e+00, 
 2DIAGNOSTIC,    18, -5.767298482202e-01, 3.030961272775e-04, 0.0000e+00, 0.0000e+00, 
 2DIAGNOSTIC,    19, -5.771375403599e-01, 2.359097138901e-04, 0.0000e+00, 0.0000e+00, 
 2DIAGNOSTIC,    20, -5.769177618485e-01, 1.532894883125e-04, 0.0000e+00, 0.0000e+00, 
 2DIAGNOSTIC,    21, -5.774918879707e-01, 9.147747006656e-05, 0.0000e+00, 0.0000e+00, 
 2DIAGNOSTIC,    22, -5.770882769950e-01, 3.339805254884e-05, 0.0000e+00, 0.0000e+00, 
 2DIAGNOSTIC,    23, -5.781594645441e-01, 4.320790700532e-05, 0.0000e+00, 0.0000e+00, 
 2DIAGNOSTIC,    24, -5.783307097822e-01, 7.961511171101e-05, 0.0000e+00, 0.0000e+00, 
 2DIAGNOSTIC,    25, -5.793546178359e-01, 1.115368593359e-04, 0.0000e+00, 0.0000e+00, 
 2DIAGNOSTIC,    26, -5.795438722279e-01, 1.276781533274e-04, 0.0000e+00, 0.0000e+00, 
 2DIAGNOSTIC,    27, -5.789988479670e-01, 1.218133845747e-04, 0.0000e+00, 0.0000e+00, 
 2DIAGNOSTIC,    28, -5.790574584650e-01, 1.106234875427e-04, 0.0000e+00, 0.0000e+00, 
 2DIAGNOSTIC,    29, -5.789331666419e-01, 9.441961538741e-05, 0.0000e+00, 0.0000e+00, 
 2DIAGNOSTIC,    30, -5.789638187030e-01, 6.684191698226e-05, 0.0000e+00, 0.0000e+00, 
 2DIAGNOSTIC,    31, -5.791239257380e-01, 4.676570141681e-05, 0.0000e+00, 0.0000e+00, 
 2DIAGNOSTIC,    32, -5.790738120391e-01, 1.633464976958e-05, 0.0000e+00, 0.0000e+00, 
 2DIAGNOSTIC,    33, -5.790513790223e-01, 2.155530015133e-06, 0.0000e+00, 0.0000e+00, 
DIAGNOSTIC,Iteration,metricValue,convergenceValue,ITERATION_TIME_INDEX,SINCE_LAST
 2DIAGNOSTIC,     1, -4.530377723322e-01, 1.797693134862e+308, 0.0000e+00, 0.0000e+00, 
 2DIAGNOSTIC,     2, -4.529782989112e-01, 1.797693134862e+308, 0.0000e+00, 0.0000e+00, 
 2DIAGNOSTIC,     3, -4.532033253017e-01, 1.797693134862e+308, 0.0000e+00, 0.0000e+00, 
 2DIAGNOSTIC,     4, -4.531995267609e-01, 1.797693134862e+308, 0.0000e+00, 0.0000e+00, 
 2DIAGNOSTIC,     5, -4.531371158468e-01, 1.797693134862e+308, 0.0000e+00, 0.0000e+00, 
 2DIAGNOSTIC,     6, -4.531371158468e-01, 1.797693134862e+308, 0.0000e+00, 0.0000e+00, 
 2DIAGNOSTIC,     7, -4.531371158468e-01, 1.797693134862e+308, 0.0000e+00, 0.0000e+00, 
 2DIAGNOSTIC,     8, -4.531371158468e-01, 1.797693134862e+308, 0.0000e+00, 0.0000e+00, 
 2DIAGNOSTIC,     9, -4.531371158468e-01, 1.797693134862e+308, 0.0000e+00, 0.0000e+00, 
 2DIAGNOSTIC,    10, -4.531371158468e-01, 1.019990472233e-05, 0.0000e+00, 0.0000e+00, 
 2DIAGNOSTIC,    11, -4.531371158468e-01, 3.264147853926e-06, 0.0000e+00, 0.0000e+00, 
DIAGNOSTIC,Iteration,metricValue,convergenceValue,ITERATION_TIME_INDEX,SINCE_LAST
 2DIAGNOSTIC,     1, -4.018803261362e-01, 1.797693134862e+308, 0.0000e+00, 0.0000e+00, 
 2DIAGNOSTIC,     2, -4.021116787805e-01, 1.797693134862e+308, 0.0000e+00, 0.0000e+00, 
 2DIAGNOSTIC,     3, -4.024710815914e-01, 1.797693134862e+308, 0.0000e+00, 0.0000e+00, 
 2DIAGNOSTIC,     4, -4.031713672902e-01, 1.797693134862e+308, 0.0000e+00, 0.0000e+00, 
 2DIAGNOSTIC,     5, -4.034658255382e-01, 1.797693134862e+308, 0.0000e+00, 0.0000e+00, 
 2DIAGNOSTIC,     6, -4.042163168854e-01, 1.797693134862e+308, 0.0000e+00, 0.0000e+00, 
 2DIAGNOSTIC,     7, -4.061083367233e-01, 1.797693134862e+308, 0.0000e+00, 0.0000e+00, 
 2DIAGNOSTIC,     8, -4.108382183873e-01, 1.797693134862e+308, 0.0000e+00, 0.0000e+00, 
 2DIAGNOSTIC,     9, -4.150583576159e-01, 1.797693134862e+308, 0.0000e+00, 0.0000e+00, 
 2DIAGNOSTIC,    10, -4.245971769271e-01, 2.890036583402e-03, 0.0000e+00, 0.0000e+00, 
 2DIAGNOSTIC,    11, -4.413235627461e-01, 4.449574615779e-03, 0.0000e+00, 0.0000e+00, 
 2DIAGNOSTIC,    12, -4.698617833333e-01, 6.925986555290e-03, 0.0000e+00, 0.0000e+00, 
 2DIAGNOSTIC,    13, -4.946406421459e-01, 9.594071410581e-03, 0.0000e+00, 0.0000e+00, 
 2DIAGNOSTIC,    14, -4.960306866895e-01, 1.104688208564e-02, 0.0000e+00, 0.0000e+00, 
 2DIAGNOSTIC,    15, -4.954453211554e-01, 1.129197417542e-02, 0.0000e+00, 0.0000e+00, 
 2DIAGNOSTIC,    16, -4.946221634441e-01, 1.047796741855e-02, 0.0000e+00, 0.0000e+00, 
 2DIAGNOSTIC,    17, -4.952972257797e-01, 8.892813861079e-03, 0.0000e+00, 0.0000e+00, 
 2DIAGNOSTIC,    18, -4.953430289743e-01, 6.850026986854e-03, 0.0000e+00, 0.0000e+00, 
 2DIAGNOSTIC,    19, -4.952864307803e-01, 4.564451071128e-03, 0.0000e+00, 0.0000e+00, 
 2DIAGNOSTIC,    20, -4.952993060323e-01, 2.422612161169e-03, 0.0000e+00, 0.0000e+00, 
 2DIAGNOSTIC,    21, -4.952814672359e-01, 7.693198965905e-04, 0.0000e+00, 0.0000e+00, 
 2DIAGNOSTIC,    22, -4.952781208926e-01, 5.665570947402e-06, 0.0000e+00, 0.0000e+00, 
DIAGNOSTIC,Iteration,metricValue,convergenceValue,ITERATION_TIME_INDEX,SINCE_LAST
 2DIAGNOSTIC,     1, -4.589676472703e-01, 1.797693134862e+308, 0.0000e+00, 0.0000e+00, 
 2DIAGNOSTIC,     2, -4.590538795880e-01, 1.797693134862e+308, 0.0000e+00, 0.0000e+00, 
 2DIAGNOSTIC,     3, -4.590736228741e-01, 1.797693134862e+308, 0.0000e+00, 0.0000e+00, 
 2DIAGNOSTIC,     4, -4.590659344403e-01, 1.797693134862e+308, 0.0000e+00, 0.0000e+00, 
 2DIAGNOSTIC,     5, -4.590433118102e-01, 1.797693134862e+308, 0.0000e+00, 0.0000e+00, 
 2DIAGNOSTIC,     6, -4.590401493111e-01, 1.797693134862e+308, 0.0000e+00, 0.0000e+00, 
 2DIAGNOSTIC,     7, -4.590378544690e-01, 1.797693134862e+308, 0.0000e+00, 0.0000e+00, 
 2DIAGNOSTIC,     8, -4.590316435669e-01, 1.797693134862e+308, 0.0000e+00, 0.0000e+00, 
 2DIAGNOSTIC,     9, -4.590212594278e-01, 1.797693134862e+308, 0.0000e+00, 0.0000e+00, 
  Elapsed time (stage 0): 0.0000e+00


Total elapsed time: 0.0000e+00
Info [verificarlo]: loaded backend libinterflop_ieee.so
Info [interflop-ieee]: load backend with:
Info [interflop-ieee]: debug = false
Info [interflop-ieee]: debug-binary = false
Info [interflop-ieee]: no-backend-name = false
Info [interflop-ieee]: print-new-line = false
Info [interflop-ieee]: print-subnormal-normalized = false
Info [interflop-ieee]: count-op = false
All_Command_lines_OK
Using double precision for computations.
=============================================================================
The composite transform comprises the following transforms (in order): 
  1. /home/mdugre/scratch/mri-registration-rp/datasets/ds004513/derivatives/mri-registration-rp/0100/antsRegistration-r8-p8/sub-s035/rigid_Composite.h5[0] (type = Euler3DTransform)
  2. /home/mdugre/scratch/mri-registration-rp/datasets/ds004513/derivatives/mri-registration-rp/0100/antsRegistration-r8-p8/sub-s035/rigid_Composite.h5[1] (type = Euler3DTransform)
  3. /home/mdugre/scratch/mri-registration-rp/datasets/ds004513/derivatives/mri-registration-rp/0100/antsRegistration-r8-p8/sub-s035/rigid_Composite.h5[2] (type = Euler3DTransform)
=============================================================================
  number of levels = 4
  fixed image: /templateflow/tpl-MNI152NLin2009cAsym/tpl-MNI152NLin2009cAsym_res-01_desc-brain_T1w.nii.gz
  moving image: /home/mdugre/scratch/mri-registration-rp/datasets/ds004513/derivatives/mri-registration-rp/antsBrainExtraction/sub-s035/BrainExtractionBrain.nii.gz
Dimension = 3
Number of stages = 1
Use histogram matching = false
Winsorize image intensities = true
  Lower quantile = 0.005
  Upper quantile = 0.995


Stage 1 State
   Image metric = MattesMI
     Fixed image = Image (0x3b02530)
  RTTI typeinfo:   itk::Image<double, 3u>
  Reference Count: 2
  Modified Time: 1592
  Debug: Off
  Object Name: 
  Observers: 
    none
  Source: (none)
  Source output name: (none)
  Release Data: Off
  Data Released: False
  Global Release Data: Off
  PipelineMTime: 0
  UpdateMTime: 1203
  RealTimeStamp: 0 seconds 
  LargestPossibleRegion: 
    Dimension: 3
    Index: [0, 0, 0]
    Size: [193, 229, 193]
  BufferedRegion: 
    Dimension: 3
    Index: [0, 0, 0]
    Size: [193, 229, 193]
  RequestedRegion: 
    Dimension: 3
    Index: [0, 0, 0]
    Size: [193, 229, 193]
  Spacing: [1, 1, 1]
  Origin: [96, 132, -78]
  Direction: 
-1 0 0
0 -1 0
0 0 1

  IndexToPointMatrix: 
-1 0 0
0 -1 0
0 0 1

  PointToIndexMatrix: 
-1 0 0
0 -1 0
0 0 1

  Inverse Direction: 
-1 0 0
0 -1 0
0 0 1

  PixelContainer: 
    ImportImageContainer (0x3b0f2b0)
      RTTI typeinfo:   itk::ImportImageContainer<unsigned long, double>
      Reference Count: 1
      Modified Time: 1200
      Debug: Off
      Object Name: 
      Observers: 
        none
      Pointer: 0x147eff36f010
      Container manages memory: true
      Size: 8530021
      Capacity: 8530021

     Moving image = Image (0x3bbdfd0)
  RTTI typeinfo:   itk::Image<double, 3u>
  Reference Count: 2
  Modified Time: 1593
  Debug: Off
  Object Name: 
  Observers: 
    none
  Source: (none)
  Source output name: (none)
  Release Data: Off
  Data Released: False
  Global Release Data: Off
  PipelineMTime: 0
  UpdateMTime: 1590
  RealTimeStamp: 0 seconds 
  LargestPossibleRegion: 
    Dimension: 3
    Index: [0, 0, 0]
    Size: [160, 240, 256]
  BufferedRegion: 
    Dimension: 3
    Index: [0, 0, 0]
    Size: [160, 240, 256]
  RequestedRegion: 
    Dimension: 3
    Index: [0, 0, 0]
    Size: [160, 240, 256]
  Spacing: [1, 1, 1]
  Origin: [98.6438, 87.6358, -117.989]
  Direction: 
-0.993515 -0.100993 -0.0522355
0.100854 -0.994887 0.00530255
-0.0525039 1.93537e-08 0.998621

  IndexToPointMatrix: 
-0.993515 -0.100993 -0.0522355
0.100854 -0.994887 0.00530255
-0.0525039 1.93537e-08 0.998621

  PointToIndexMatrix: 
-0.993515 0.100854 -0.0525039
-0.100993 -0.994887 1.93006e-08
-0.0522355 0.00530255 0.998621

  Inverse Direction: 
-0.993515 0.100854 -0.0525039
-0.100993 -0.994887 1.93006e-08
-0.0522355 0.00530255 0.998621

  PixelContainer: 
    ImportImageContainer (0x3bd5990)
      RTTI typeinfo:   itk::ImportImageContainer<unsigned long, double>
      Reference Count: 1
      Modified Time: 1587
      Debug: Off
      Object Name: 
      Observers: 
        none
      Pointer: 0x147efa86e010
      Container manages memory: true
      Size: 9830400
      Capacity: 9830400

     Weighting = 1
     Sampling strategy = regular
     Number of bins = 32
     Radius = 4
     Sampling percentage  = 0.25
   Transform = Affine
     Gradient step = 0.1
     Update field sigma (voxel space) = 0
     Total field sigma (voxel space) = 0
     Update field time sigma = 0
     Total field time sigma  = 0
     Number of time indices = 0
     Number of time point samples = 0
Registration using 1 total stages.

Stage 0
  iterations = 1000x500x250x100
  convergence threshold = 1e-06
  convergence window size = 10
  number of levels = 4
  using the Mattes MI metric (number of bins = 32, weight = 1, use gradient filter = 0)
  preprocessing:  winsorizing the image intensities
  Shrink factors (level 1 out of 4): [8, 8, 8]
  Shrink factors (level 2 out of 4): [4, 4, 4]
  Shrink factors (level 3 out of 4): [2, 2, 2]
  Shrink factors (level 4 out of 4): [1, 1, 1]
  smoothing sigmas per level: [3, 2, 1, 0]
  regular sampling (percentage = 0.25)

*** Running AffineTransform registration ***

DIAGNOSTIC,Iteration,metricValue,convergenceValue,ITERATION_TIME_INDEX,SINCE_LAST
 2DIAGNOSTIC,     1, -6.783320818600e-01, 1.797693134862e+308, 7.7450e-01, 7.7450e-01, 
 2DIAGNOSTIC,     2, -6.801907080051e-01, 1.797693134862e+308, 7.7964e-01, 5.1391e-03, 
 2DIAGNOSTIC,     3, -6.833598522958e-01, 1.797693134862e+308, 7.8447e-01, 4.8308e-03, 
 2DIAGNOSTIC,     4, -6.886625865958e-01, 1.797693134862e+308, 7.8910e-01, 4.6308e-03, 
 2DIAGNOSTIC,     5, -6.968015187748e-01, 1.797693134862e+308, 7.9374e-01, 4.6399e-03, 
 2DIAGNOSTIC,     6, -7.082779764624e-01, 1.797693134862e+308, 7.9842e-01, 4.6771e-03, 
 2DIAGNOSTIC,     7, -7.248187540409e-01, 1.797693134862e+308, 8.0318e-01, 4.7622e-03, 
 2DIAGNOSTIC,     8, -7.432324933656e-01, 1.797693134862e+308, 8.0971e-01, 6.5320e-03, 
 2DIAGNOSTIC,     9, -7.451762276194e-01, 1.797693134862e+308, 8.1496e-01, 5.2490e-03, 
 2DIAGNOSTIC,    10, -7.459707420938e-01, 7.423066648711e-03, 8.2042e-01, 5.4610e-03, 
 2DIAGNOSTIC,    11, -7.463725431775e-01, 6.707182971857e-03, 8.2691e-01, 6.4828e-03, 
 2DIAGNOSTIC,    12, -7.464812925383e-01, 5.573535225425e-03, 8.3169e-01, 4.7848e-03, 
 2DIAGNOSTIC,    13, -7.464890675217e-01, 4.209542366685e-03, 8.3758e-01, 5.8849e-03, 
 2DIAGNOSTIC,    14, -7.464508094392e-01, 2.817142470793e-03, 8.4276e-01, 5.1839e-03, 
 2DIAGNOSTIC,    15, -7.463996951739e-01, 1.576674654328e-03, 8.4808e-01, 5.3201e-03, 
 2DIAGNOSTIC,    16, -7.462173885538e-01, 6.238546648434e-04, 8.5281e-01, 4.7328e-03, 
 2DIAGNOSTIC,    17, -7.462725190121e-01, 1.008639440301e-04, 8.5848e-01, 5.6639e-03, 
 2DIAGNOSTIC,    18, -7.463334217434e-01, 2.938631382519e-05, 8.6399e-01, 5.5089e-03, 
DIAGNOSTIC,Iteration,metricValue,convergenceValue,ITERATION_TIME_INDEX,SINCE_LAST
 2DIAGNOSTIC,     1, -6.108431852752e-01, 1.797693134862e+308, 1.5733e+00, 7.0927e-01, 
 2DIAGNOSTIC,     2, -6.112345346640e-01, 1.797693134862e+308, 1.6092e+00, 3.5914e-02, 
 2DIAGNOSTIC,     3, -6.116819490316e-01, 1.797693134862e+308, 1.6451e+00, 3.5881e-02, 
 2DIAGNOSTIC,     4, -6.121120473514e-01, 1.797693134862e+308, 1.6816e+00, 3.6559e-02, 
 2DIAGNOSTIC,     5, -6.123724118609e-01, 1.797693134862e+308, 1.7218e+00, 4.0230e-02, 
 2DIAGNOSTIC,     6, -6.127398916841e-01, 1.797693134862e+308, 1.7615e+00, 3.9656e-02, 
 2DIAGNOSTIC,     7, -6.129350764113e-01, 1.797693134862e+308, 1.8050e+00, 4.3466e-02, 
 2DIAGNOSTIC,     8, -6.129241669540e-01, 1.797693134862e+308, 1.8425e+00, 3.7489e-02, 
 2DIAGNOSTIC,     9, -6.129108408033e-01, 1.797693134862e+308, 1.8923e+00, 4.9817e-02, 
 2DIAGNOSTIC,    10, -6.128946656039e-01, 2.275288694224e-04, 1.9322e+00, 3.9941e-02, 
 2DIAGNOSTIC,    11, -6.128816707626e-01, 1.529930080639e-04, 1.9707e+00, 3.8463e-02, 
 2DIAGNOSTIC,    12, -6.128818136081e-01, 9.226215709369e-05, 2.0181e+00, 4.7390e-02, 
 2DIAGNOSTIC,    13, -6.128827826432e-01, 4.865093730858e-05, 2.0609e+00, 4.2872e-02, 
 2DIAGNOSTIC,    14, -6.128700521768e-01, 2.092063573560e-05, 2.0978e+00, 3.6874e-02, 
 2DIAGNOSTIC,    15, -6.128564655337e-01, 2.586662922063e-06, 2.1306e+00, 3.2781e-02, 
DIAGNOSTIC,Iteration,metricValue,convergenceValue,ITERATION_TIME_INDEX,SINCE_LAST
 2DIAGNOSTIC,     1, -5.359061618270e-01, 1.797693134862e+308, 3.2076e+00, 1.0770e+00, 
 2DIAGNOSTIC,     2, -5.361058362377e-01, 1.797693134862e+308, 3.4949e+00, 2.8725e-01, 
 2DIAGNOSTIC,     3, -5.363242012255e-01, 1.797693134862e+308, 3.7733e+00, 2.7847e-01, 
 2DIAGNOSTIC,     4, -5.364749540617e-01, 1.797693134862e+308, 4.2558e+00, 4.8250e-01, 
 2DIAGNOSTIC,     5, -5.364730332947e-01, 1.797693134862e+308, 4.7132e+00, 4.5735e-01, 
 2DIAGNOSTIC,     6, -5.364749843646e-01, 1.797693134862e+308, 5.0348e+00, 3.2160e-01, 
 2DIAGNOSTIC,     7, -5.364732450511e-01, 1.797693134862e+308, 5.3412e+00, 3.0644e-01, 
 2DIAGNOSTIC,     8, -5.364743654166e-01, 1.797693134862e+308, 5.7462e+00, 4.0502e-01, 
 2DIAGNOSTIC,     9, -5.364738879103e-01, 1.797693134862e+308, 6.0931e+00, 3.4689e-01, 
 2DIAGNOSTIC,    10, -5.364736308436e-01, 5.584927379396e-05, 6.3926e+00, 2.9952e-01, 
 2DIAGNOSTIC,    11, -5.364733726868e-01, 2.686422293753e-05, 6.7137e+00, 3.2105e-01, 
 2DIAGNOSTIC,    12, -5.364722560407e-01, 9.131814743643e-06, 7.0274e+00, 3.1374e-01, 
 2DIAGNOSTIC,    13, -5.364698283799e-01, 2.168703002819e-06, 7.3324e+00, 3.0497e-01, 
 2DIAGNOSTIC,    14, -5.364696395041e-01, 1.928139247390e-06, 7.6149e+00, 2.8247e-01, 
 2DIAGNOSTIC,    15, -5.364680110639e-01, 1.622416248417e-06, 7.9297e+00, 3.1480e-01, 
 2DIAGNOSTIC,    16, -5.364676432230e-01, 1.455370683662e-06, 8.2149e+00, 2.8519e-01, 
 2DIAGNOSTIC,    17, -5.364689695931e-01, 1.343385907779e-06, 8.5418e+00, 3.2692e-01, 
 2DIAGNOSTIC,    18, -5.364678979739e-01, 1.293567498450e-06, 8.8842e+00, 3.4245e-01, 
 2DIAGNOSTIC,    19, -5.364674040182e-01, 1.267071170270e-06, 9.2246e+00, 3.4039e-01, 
 2DIAGNOSTIC,    20, -5.364666068952e-01, 1.253325153772e-06, 9.5269e+00, 3.0227e-01, 
 2DIAGNOSTIC,    21, -5.364657859599e-01, 1.245248586065e-06, 9.8014e+00, 2.7450e-01, 
 2DIAGNOSTIC,    22, -5.364650876903e-01, 1.220089073509e-06, 1.0068e+01, 2.6662e-01, 
 2DIAGNOSTIC,    23, -5.364645963475e-01, 1.150826736275e-06, 1.0339e+01, 2.7112e-01, 
 2DIAGNOSTIC,    24, -5.364654531297e-01, 1.125437125028e-06, 1.0639e+01, 3.0034e-01, 
 2DIAGNOSTIC,    25, -5.364644755578e-01, 1.065334533777e-06, 1.0935e+01, 2.9574e-01, 
 2DIAGNOSTIC,    26, -5.364646894103e-01, 1.026011552212e-06, 1.1197e+01, 2.6203e-01, 
 2DIAGNOSTIC,    27, -5.364647442890e-01, 1.035793533763e-06, 1.1509e+01, 3.1182e-01, 
 2DIAGNOSTIC,    28, -5.364657918955e-01, 1.057551326684e-06, 1.1840e+01, 3.3086e-01, 
 2DIAGNOSTIC,    29, -5.364662208149e-01, 1.083436405355e-06, 1.2168e+01, 3.2798e-01, 
 2DIAGNOSTIC,    30, -5.364670023565e-01, 1.108966399738e-06, 1.2537e+01, 3.6915e-01, 
 2DIAGNOSTIC,    31, -5.364659743068e-01, 1.097127417790e-06, 1.2855e+01, 3.1785e-01, 
 2DIAGNOSTIC,    32, -5.364653575669e-01, 1.058339267682e-06, 1.3129e+01, 2.7440e-01, 
 2DIAGNOSTIC,    33, -5.364656828963e-01, 1.012593112311e-06, 1.3463e+01, 3.3325e-01, 
DIAGNOSTIC,Iteration,metricValue,convergenceValue,ITERATION_TIME_INDEX,SINCE_LAST
 2DIAGNOSTIC,     1, -4.925356043821e-01, 1.797693134862e+308, 1.6269e+01, 2.8069e+00, 
 2DIAGNOSTIC,     2, -4.926805950309e-01, 1.797693134862e+308, 1.8002e+01, 1.7327e+00, 
 2DIAGNOSTIC,     3, -4.927754015310e-01, 1.797693134862e+308, 2.1946e+01, 3.9443e+00, 
 2DIAGNOSTIC,     4, -4.927754043401e-01, 1.797693134862e+308, 2.4055e+01, 2.1090e+00, 
 2DIAGNOSTIC,     5, -4.927749569835e-01, 1.797693134862e+308, 2.5954e+01, 1.8989e+00, 
 2DIAGNOSTIC,     6, -4.927747168131e-01, 1.797693134862e+308, 2.8073e+01, 2.1186e+00, 
 2DIAGNOSTIC,     7, -4.927746727284e-01, 1.797693134862e+308, 2.9896e+01, 1.8226e+00, 
 2DIAGNOSTIC,     8, -4.927744555767e-01, 1.797693134862e+308, 3.1890e+01, 1.9946e+00, 
 2DIAGNOSTIC,     9, -4.927743949842e-01, 1.797693134862e+308, 3.3724e+01, 1.8341e+00, 
 2DIAGNOSTIC,    10, -4.927742801175e-01, 2.161353380083e-05, 3.6282e+01, 2.5574e+00, 
 2DIAGNOSTIC,    11, -4.927742961624e-01, 7.704071592451e-06, 3.8240e+01, 1.9583e+00, 
 2DIAGNOSTIC,    12, -4.927740912291e-01, 2.509674107434e-06, 4.0101e+01, 1.8607e+00, 
 2DIAGNOSTIC,    13, -4.927740055738e-01, 2.329748583552e-06, 4.1981e+01, 1.8806e+00, 
 2DIAGNOSTIC,    14, -4.927740460999e-01, 2.188449968979e-06, 4.3702e+01, 1.7204e+00, 
 2DIAGNOSTIC,    15, -4.927737858970e-01, 2.046411793744e-06, 4.5600e+01, 1.8984e+00, 
 2DIAGNOSTIC,    16, -4.927739008073e-01, 1.924615503718e-06, 4.7570e+01, 1.9705e+00, 
 2DIAGNOSTIC,    17, -4.927740010490e-01, 1.824961420996e-06, 4.9403e+01, 1.8326e+00, 
 2DIAGNOSTIC,    18, -4.927737721123e-01, 1.726264720329e-06, 5.1330e+01, 1.9273e+00, 
 2DIAGNOSTIC,    19, -4.927735427826e-01, 1.633273197632e-06, 5.3427e+01, 2.0967e+00, 
 2DIAGNOSTIC,    20, -4.927733779283e-01, 1.545465139224e-06, 5.5454e+01, 2.0270e+00, 
 2DIAGNOSTIC,    21, -4.927732981879e-01, 1.468536070186e-06, 5.7312e+01, 1.8575e+00, 
 2DIAGNOSTIC,    22, -4.927732106566e-01, 1.395096006343e-06, 5.9174e+01, 1.8620e+00, 
 2DIAGNOSTIC,    23, -4.927731383274e-01, 1.328857787197e-06, 6.0883e+01, 1.7089e+00, 
 2DIAGNOSTIC,    24, -4.927733106504e-01, 1.278710820785e-06, 6.2756e+01, 1.8739e+00, 
 2DIAGNOSTIC,    25, -4.927731828956e-01, 1.227804077637e-06, 6.4682e+01, 1.9253e+00, 
 2DIAGNOSTIC,    26, -4.927731551752e-01, 1.186888487194e-06, 6.6492e+01, 1.8107e+00, 
 2DIAGNOSTIC,    27, -4.927731611896e-01, 1.154832565083e-06, 6.8155e+01, 1.6624e+00, 
 2DIAGNOSTIC,    28, -4.927730258197e-01, 1.119796656429e-06, 7.0323e+01, 2.1679e+00, 
 2DIAGNOSTIC,    29, -4.927729125625e-01, 1.081975908326e-06, 7.1997e+01, 1.6747e+00, 
 2DIAGNOSTIC,    30, -4.927728721230e-01, 1.044207283696e-06, 7.3848e+01, 1.8501e+00, 
 2DIAGNOSTIC,    31, -4.927729880828e-01, 1.011132558459e-06, 7.5717e+01, 1.8697e+00, 
  Elapsed time (stage 0): 7.6840e+01


Total elapsed time: 7.6843e+01
Info [verificarlo]: loaded backend libinterflop_ieee.so
Info [interflop-ieee]: load backend with:
Info [interflop-ieee]: debug = false
Info [interflop-ieee]: debug-binary = false
Info [interflop-ieee]: no-backend-name = false
Info [interflop-ieee]: print-new-line = false
Info [interflop-ieee]: print-subnormal-normalized = false
Info [interflop-ieee]: count-op = false
All_Command_lines_OK
Using double precision for computations.
=============================================================================
The composite transform comprises the following transforms (in order): 
  1. /home/mdugre/scratch/mri-registration-rp/datasets/ds004513/derivatives/mri-registration-rp/0100/antsRegistration-r8-p8/sub-s035/affine_Composite.h5[0] (type = Euler3DTransform)
  2. /home/mdugre/scratch/mri-registration-rp/datasets/ds004513/derivatives/mri-registration-rp/0100/antsRegistration-r8-p8/sub-s035/affine_Composite.h5[1] (type = Euler3DTransform)
  3. /home/mdugre/scratch/mri-registration-rp/datasets/ds004513/derivatives/mri-registration-rp/0100/antsRegistration-r8-p8/sub-s035/affine_Composite.h5[2] (type = Euler3DTransform)
  4. /home/mdugre/scratch/mri-registration-rp/datasets/ds004513/derivatives/mri-registration-rp/0100/antsRegistration-r8-p8/sub-s035/affine_Composite.h5[3] (type = AffineTransform)
=============================================================================
  number of levels = 4
  fixed image: /templateflow/tpl-MNI152NLin2009cAsym/tpl-MNI152NLin2009cAsym_res-01_desc-brain_T1w.nii.gz
  moving image: /home/mdugre/scratch/mri-registration-rp/datasets/ds004513/derivatives/mri-registration-rp/antsBrainExtraction/sub-s035/BrainExtractionBrain.nii.gz
Dimension = 3
Number of stages = 1
Use histogram matching = false
Winsorize image intensities = true
  Lower quantile = 0.005
  Upper quantile = 0.995


Stage 1 State
   Image metric = CC
     Fixed image = Image (0x36fda40)
  RTTI typeinfo:   itk::Image<double, 3u>
  Reference Count: 2
  Modified Time: 1606
  Debug: Off
  Object Name: 
  Observers: 
    none
  Source: (none)
  Source output name: (none)
  Release Data: Off
  Data Released: False
  Global Release Data: Off
  PipelineMTime: 0
  UpdateMTime: 1217
  RealTimeStamp: 0 seconds 
  LargestPossibleRegion: 
    Dimension: 3
    Index: [0, 0, 0]
    Size: [193, 229, 193]
  BufferedRegion: 
    Dimension: 3
    Index: [0, 0, 0]
    Size: [193, 229, 193]
  RequestedRegion: 
    Dimension: 3
    Index: [0, 0, 0]
    Size: [193, 229, 193]
  Spacing: [1, 1, 1]
  Origin: [96, 132, -78]
  Direction: 
-1 0 0
0 -1 0
0 0 1

  IndexToPointMatrix: 
-1 0 0
0 -1 0
0 0 1

  PointToIndexMatrix: 
-1 0 0
0 -1 0
0 0 1

  Inverse Direction: 
-1 0 0
0 -1 0
0 0 1

  PixelContainer: 
    ImportImageContainer (0x37cc780)
      RTTI typeinfo:   itk::ImportImageContainer<unsigned long, double>
      Reference Count: 1
      Modified Time: 1214
      Debug: Off
      Object Name: 
      Observers: 
        none
      Pointer: 0x147c0fd45010
      Container manages memory: true
      Size: 8530021
      Capacity: 8530021

     Moving image = Image (0x37ce390)
  RTTI typeinfo:   itk::Image<double, 3u>
  Reference Count: 2
  Modified Time: 1607
  Debug: Off
  Object Name: 
  Observers: 
    none
  Source: (none)
  Source output name: (none)
  Release Data: Off
  Data Released: False
  Global Release Data: Off
  PipelineMTime: 0
  UpdateMTime: 1604
  RealTimeStamp: 0 seconds 
  LargestPossibleRegion: 
    Dimension: 3
    Index: [0, 0, 0]
    Size: [160, 240, 256]
  BufferedRegion: 
    Dimension: 3
    Index: [0, 0, 0]
    Size: [160, 240, 256]
  RequestedRegion: 
    Dimension: 3
    Index: [0, 0, 0]
    Size: [160, 240, 256]
  Spacing: [1, 1, 1]
  Origin: [98.6438, 87.6358, -117.989]
  Direction: 
-0.993515 -0.100993 -0.0522355
0.100854 -0.994887 0.00530255
-0.0525039 1.93537e-08 0.998621

  IndexToPointMatrix: 
-0.993515 -0.100993 -0.0522355
0.100854 -0.994887 0.00530255
-0.0525039 1.93537e-08 0.998621

  PointToIndexMatrix: 
-0.993515 0.100854 -0.0525039
-0.100993 -0.994887 1.93006e-08
-0.0522355 0.00530255 0.998621

  Inverse Direction: 
-0.993515 0.100854 -0.0525039
-0.100993 -0.994887 1.93006e-08
-0.0522355 0.00530255 0.998621

  PixelContainer: 
    ImportImageContainer (0x37836f0)
      RTTI typeinfo:   itk::ImportImageContainer<unsigned long, double>
      Reference Count: 1
      Modified Time: 1601
      Debug: Off
      Object Name: 
      Observers: 
        none
      Pointer: 0x147c0b244010
      Container manages memory: true
      Size: 9830400
      Capacity: 9830400

     Weighting = 1
     Sampling strategy = none
     Number of bins = 32
     Radius = 4
     Sampling percentage  = 1
   Transform = SyN
     Gradient step = 0.1
     Update field sigma (voxel space) = 3
     Total field sigma (voxel space) = 0
     Update field time sigma = 0
     Total field time sigma  = 0
     Number of time indices = 0
     Number of time point samples = 0
Registration using 1 total stages.

Stage 0
  iterations = 100x70x50x20
  convergence threshold = 1e-06
  convergence window size = 10
  number of levels = 4
  using the CC metric (radius = 4, weight = 1, use gradient filter = 0)
  preprocessing:  winsorizing the image intensities
  Shrink factors (level 1 out of 4): [8, 8, 8]
  Shrink factors (level 2 out of 4): [4, 4, 4]
  Shrink factors (level 3 out of 4): [2, 2, 2]
  Shrink factors (level 4 out of 4): [1, 1, 1]
  smoothing sigmas per level: [3, 2, 1, 0]
  Using default NONE metricSamplingStrategy 

*** Running SyN registration (varianceForUpdateField = 3, varianceForTotalField = 0) ***

XXDIAGNOSTIC,Iteration,metricValue,convergenceValue,ITERATION_TIME_INDEX,SINCE_LAST
 1DIAGNOSTIC,     1, -8.520469999814e-01, 1.797693134862e+308, 1.0149e+00, 1.0149e+00, 
 1DIAGNOSTIC,     2, -8.650711727686e-01, 1.797693134862e+308, 1.3591e+00, 3.4418e-01, 
 1DIAGNOSTIC,     3, -8.770867591277e-01, 1.797693134862e+308, 1.6972e+00, 3.3811e-01, 
 1DIAGNOSTIC,     4, -8.874363496652e-01, 1.797693134862e+308, 2.0245e+00, 3.2732e-01, 
 1DIAGNOSTIC,     5, -8.955116536530e-01, 1.797693134862e+308, 2.3499e+00, 3.2544e-01, 
 1DIAGNOSTIC,     6, -9.021160672260e-01, 1.797693134862e+308, 2.6819e+00, 3.3199e-01, 
 1DIAGNOSTIC,     7, -9.077833227349e-01, 1.797693134862e+308, 3.0112e+00, 3.2927e-01, 
 1DIAGNOSTIC,     8, -9.125401372590e-01, 1.797693134862e+308, 3.3383e+00, 3.2708e-01, 
 1DIAGNOSTIC,     9, -9.162249420085e-01, 1.797693134862e+308, 3.6682e+00, 3.2989e-01, 
 1DIAGNOSTIC,    10, -9.194209888133e-01, 4.696252992979e-03, 4.0029e+00, 3.3476e-01, 
 1DIAGNOSTIC,    11, -9.218887882519e-01, 3.546475456875e-03, 4.3385e+00, 3.3555e-01, 
 1DIAGNOSTIC,    12, -9.241258301496e-01, 2.673007912885e-03, 4.6661e+00, 3.2768e-01, 
 1DIAGNOSTIC,    13, -9.261159137774e-01, 2.032003232432e-03, 5.0144e+00, 3.4827e-01, 
 1DIAGNOSTIC,    14, -9.279373162901e-01, 1.571413106843e-03, 5.3709e+00, 3.5649e-01, 
 1DIAGNOSTIC,    15, -9.296035034324e-01, 1.232490009556e-03, 5.6973e+00, 3.2637e-01, 
 1DIAGNOSTIC,    16, -9.310050873817e-01, 9.793330306032e-04, 6.0375e+00, 3.4021e-01, 
 1DIAGNOSTIC,    17, -9.322955724795e-01, 7.934614749508e-04, 6.3832e+00, 3.4575e-01, 
 1DIAGNOSTIC,    18, -9.335230626373e-01, 6.584765191984e-04, 6.7100e+00, 3.2675e-01, 
