
##########################
# Experiment information #
##########################

EXPERIMENT_NAME: antsRegistration-r7-p10
VFC_BACKENDS: libinterflop_vprec.so --range-binary32=7 --precision-binary32=10 --range-binary64=7 --precision-binary64=10

SIF_IMG: /home/mdugre/projects/rrg-glatard/mdugre/containers/ants-vprec-no_metrics.simg

SUBJECT_ID: s017
INPUT_IMG: /home/mdugre/scratch/mri-registration-rp/datasets/ds004513/derivatives/mri-registration-rp/antsBrainExtraction/sub-s017/BrainExtractionBrain.nii.gz
OUTPUT_DIR: /home/mdugre/scratch/mri-registration-rp/datasets/ds004513/derivatives/mri-registration-rp/0100/antsRegistration-r7-p10/sub-s017

FIXED_IMG: /templateflow/tpl-MNI152NLin2009cAsym/tpl-MNI152NLin2009cAsym_res-01_desc-brain_T1w.nii.gz
DATA_DIR: /home/mdugre/scratch/mri-registration-rp/datasets/ds004513
TEMPLATEFLOW_DIR: /home/mdugre/projects/rrg-glatard/mdugre/templateflow
ITK_GLOBAL_DEFAULT_NUMBER_OF_THREADS: 16
##########################

Info [verificarlo]: loaded backend libinterflop_ieee.so
Info [interflop-ieee]: load backend with:
Info [interflop-ieee]: debug = false
Info [interflop-ieee]: debug-binary = false
Info [interflop-ieee]: no-backend-name = false
Info [interflop-ieee]: print-new-line = false
Info [interflop-ieee]: print-subnormal-normalized = false
Info [interflop-ieee]: count-op = false
All_Command_lines_OK
Using double precision for computations.
=============================================================================
The composite transform comprises the following transforms (in order): 
  1. Center of mass alignment using fixed image: /templateflow/tpl-MNI152NLin2009cAsym/tpl-MNI152NLin2009cAsym_res-01_desc-brain_T1w.nii.gz and moving image: /home/mdugre/scratch/mri-registration-rp/datasets/ds004513/derivatives/mri-registration-rp/antsBrainExtraction/sub-s017/BrainExtractionBrain.nii.gz (type = Euler3DTransform)
=============================================================================
  number of levels = 1
  fixed image: /templateflow/tpl-MNI152NLin2009cAsym/tpl-MNI152NLin2009cAsym_res-01_desc-brain_T1w.nii.gz
  moving image: /home/mdugre/scratch/mri-registration-rp/datasets/ds004513/derivatives/mri-registration-rp/antsBrainExtraction/sub-s017/BrainExtractionBrain.nii.gz
Dimension = 3
Number of stages = 1
Use histogram matching = false
Winsorize image intensities = true
  Lower quantile = 0.005
  Upper quantile = 0.995


Stage 1 State
   Image metric = MattesMI
     Fixed image = Image (0x4aa8e70)
  RTTI typeinfo:   itk::Image<double, 3u>
  Reference Count: 2
  Modified Time: 2334
  Debug: Off
  Object Name: 
  Observers: 
    none
  Source: (none)
  Source output name: (none)
  Release Data: Off
  Data Released: False
  Global Release Data: Off
  PipelineMTime: 0
  UpdateMTime: 1943
  RealTimeStamp: 0 seconds 
  LargestPossibleRegion: 
    Dimension: 3
    Index: [0, 0, 0]
    Size: [193, 229, 193]
  BufferedRegion: 
    Dimension: 3
    Index: [0, 0, 0]
    Size: [193, 229, 193]
  RequestedRegion: 
    Dimension: 3
    Index: [0, 0, 0]
    Size: [193, 229, 193]
  Spacing: [1, 1, 1]
  Origin: [96, 132, -78]
  Direction: 
-1 0 0
0 -1 0
0 0 1

  IndexToPointMatrix: 
-1 0 0
0 -1 0
0 0 1

  PointToIndexMatrix: 
-1 0 0
0 -1 0
0 0 1

  Inverse Direction: 
-1 0 0
0 -1 0
0 0 1

  PixelContainer: 
    ImportImageContainer (0x4ab1c60)
      RTTI typeinfo:   itk::ImportImageContainer<unsigned long, double>
      Reference Count: 1
      Modified Time: 1940
      Debug: Off
      Object Name: 
      Observers: 
        none
      Pointer: 0x1548f97e1010
      Container manages memory: true
      Size: 8530021
      Capacity: 8530021

     Moving image = Image (0x4ab4610)
  RTTI typeinfo:   itk::Image<double, 3u>
  Reference Count: 2
  Modified Time: 2335
  Debug: Off
  Object Name: 
  Observers: 
    none
  Source: (none)
  Source output name: (none)
  Release Data: Off
  Data Released: False
  Global Release Data: Off
  PipelineMTime: 0
  UpdateMTime: 2332
  RealTimeStamp: 0 seconds 
  LargestPossibleRegion: 
    Dimension: 3
    Index: [0, 0, 0]
    Size: [160, 240, 256]
  BufferedRegion: 
    Dimension: 3
    Index: [0, 0, 0]
    Size: [160, 240, 256]
  RequestedRegion: 
    Dimension: 3
    Index: [0, 0, 0]
    Size: [160, 240, 256]
  Spacing: [1, 1, 1]
  Origin: [91.3357, 102.231, -120.042]
  Direction: 
-0.997442 -5.36781e-05 -0.0714818
5.35416e-05 -1 3.82465e-06
-0.0714818 -1.23894e-08 0.997442

  IndexToPointMatrix: 
-0.997444 -5.36781e-05 -0.0714818
5.35418e-05 -1 3.82465e-06
-0.0714819 -1.23894e-08 0.997442

  PointToIndexMatrix: 
-0.99744 5.35415e-05 -0.0714816
-5.36781e-05 -1 -1.23894e-08
-0.0714818 3.82465e-06 0.997442

  Inverse Direction: 
-0.997442 5.35416e-05 -0.0714818
-5.36781e-05 -1 -1.23894e-08
-0.0714818 3.82465e-06 0.997442

  PixelContainer: 
    ImportImageContainer (0x4b4def0)
      RTTI typeinfo:   itk::ImportImageContainer<unsigned long, double>
      Reference Count: 1
      Modified Time: 2329
      Debug: Off
      Object Name: 
      Observers: 
        none
      Pointer: 0x1548f4ce0010
      Container manages memory: true
      Size: 9830400
      Capacity: 9830400

     Weighting = 1
     Sampling strategy = regular
     Number of bins = 32
     Radius = 4
     Sampling percentage  = 0.25
   Transform = Rigid
     Gradient step = 0.1
     Update field sigma (voxel space) = 0
     Total field sigma (voxel space) = 0
     Update field time sigma = 0
     Total field time sigma  = 0
     Number of time indices = 0
     Number of time point samples = 0
Registration using 1 total stages.

Stage 0
  iterations = 0
  convergence threshold = 1e-06
  convergence window size = 10
  number of levels = 1
  using the Mattes MI metric (number of bins = 32, weight = 1, use gradient filter = 0)
  preprocessing:  winsorizing the image intensities
  Shrink factors (level 1 out of 1): [1, 1, 1]
  smoothing sigmas per level: [0]
  regular sampling (percentage = 0.25)

*** Running Euler3DTransform registration ***

  Elapsed time (stage 0): 1.09135


Total elapsed time: 1.09352
Info [verificarlo]: loaded backend libinterflop_vprec.so
Info [interflop-vprec]: load backend with: 
Info [interflop-vprec]: precision-binary32 = 10
Info [interflop-vprec]: range-binary32 = 7
Info [interflop-vprec]: precision-binary64 = 10
Info [interflop-vprec]: range-binary64 = 7
Info [interflop-vprec]: mode = ob
Info [interflop-vprec]: error-mode = rel
Info [interflop-vprec]: max-abs-error-exponent = -1022
Info [interflop-vprec]: daz = false
Info [interflop-vprec]: ftz = false
Info [interflop-vprec]: 	instrument = none
Info [interflop-vprec]: 	prec-input-file = (null)
Info [interflop-vprec]: 	prec-output-file = (null)
Info [interflop-vprec]: 	prec-log-file = (null)
All_Command_lines_OK
Using double precision for computations.
=============================================================================
The composite transform comprises the following transforms (in order): 
  1. /home/mdugre/scratch/mri-registration-rp/datasets/ds004513/derivatives/mri-registration-rp/0100/antsRegistration-r7-p10/sub-s017/align_Composite.h5[0] (type = Euler3DTransform)
  2. /home/mdugre/scratch/mri-registration-rp/datasets/ds004513/derivatives/mri-registration-rp/0100/antsRegistration-r7-p10/sub-s017/align_Composite.h5[1] (type = Euler3DTransform)
=============================================================================
  number of levels = 4
  fixed image: /templateflow/tpl-MNI152NLin2009cAsym/tpl-MNI152NLin2009cAsym_res-01_desc-brain_T1w.nii.gz
  moving image: /home/mdugre/scratch/mri-registration-rp/datasets/ds004513/derivatives/mri-registration-rp/antsBrainExtraction/sub-s017/BrainExtractionBrain.nii.gz
Dimension = 3
Number of stages = 1
Use histogram matching = false
Winsorize image intensities = true
  Lower quantile = 0.005
  Upper quantile = 0.995


Stage 1 State
   Image metric = MattesMI
     Fixed image = Image (0x39651e0)
  RTTI typeinfo:   itk::Image<double, 3u>
  Reference Count: 2
  Modified Time: 1578
  Debug: Off
  Object Name: 
  Observers: 
    none
  Source: (none)
  Source output name: (none)
  Release Data: Off
  Data Released: False
  Global Release Data: Off
  PipelineMTime: 0
  UpdateMTime: 1189
  RealTimeStamp: 0 seconds 
  LargestPossibleRegion: 
    Dimension: 3
    Index: [0, 0, 0]
    Size: [193, 229, 193]
  BufferedRegion: 
    Dimension: 3
    Index: [0, 0, 0]
    Size: [193, 229, 193]
  RequestedRegion: 
    Dimension: 3
    Index: [0, 0, 0]
    Size: [193, 229, 193]
  Spacing: [1, 1, 1]
  Origin: [96, 132, -78]
  Direction: 
-1 0 0
0 -1 0
0 0 1

  IndexToPointMatrix: 
-1 0 0
0 -1 0
0 0 1

  PointToIndexMatrix: 
-1 0 0
0 -1 0
0 0 1

  Inverse Direction: 
-1 0 0
0 -1 0
0 0 1

  PixelContainer: 
    ImportImageContainer (0x3a24680)
      RTTI typeinfo:   itk::ImportImageContainer<unsigned long, double>
      Reference Count: 1
      Modified Time: 1186
      Debug: Off
      Object Name: 
      Observers: 
        none
      Pointer: 0x14fbbe142010
      Container manages memory: true
      Size: 8530021
      Capacity: 8530021

     Moving image = Image (0x3a20b20)
  RTTI typeinfo:   itk::Image<double, 3u>
  Reference Count: 2
  Modified Time: 1579
  Debug: Off
  Object Name: 
  Observers: 
    none
  Source: (none)
  Source output name: (none)
  Release Data: Off
  Data Released: False
  Global Release Data: Off
  PipelineMTime: 0
  UpdateMTime: 1576
  RealTimeStamp: 0 seconds 
  LargestPossibleRegion: 
    Dimension: 3
    Index: [0, 0, 0]
    Size: [160, 240, 256]
  BufferedRegion: 
    Dimension: 3
    Index: [0, 0, 0]
    Size: [160, 240, 256]
  RequestedRegion: 
    Dimension: 3
    Index: [0, 0, 0]
    Size: [160, 240, 256]
  Spacing: [1, 1, 1]
  Origin: [91.3125, 102.25, -120.062]
  Direction: 
-0.997559 -5.3674e-05 -0.0715332
5.35846e-05 -1 3.8296e-06
-0.0715332 -1.21072e-08 0.997559

  IndexToPointMatrix: 
-0.997559 -5.3674e-05 -0.0715332
5.35846e-05 -1 3.8296e-06
-0.0715332 -1.21072e-08 0.997559

  PointToIndexMatrix: 
-0.998047 5.35846e-05 -0.0715332
-5.35846e-05 -1 -1.91852e-06
-0.0715332 1.91852e-06 0.997559

  Inverse Direction: 
-0.998047 5.35846e-05 -0.0715332
-5.35846e-05 -1 -1.91852e-06
-0.0715332 1.91852e-06 0.997559

  PixelContainer: 
    ImportImageContainer (0x3a89d50)
      RTTI typeinfo:   itk::ImportImageContainer<unsigned long, double>
      Reference Count: 1
      Modified Time: 1573
      Debug: Off
      Object Name: 
      Observers: 
        none
      Pointer: 0x14fbb9641010
      Container manages memory: true
      Size: 9830400
      Capacity: 9830400

     Weighting = 1
     Sampling strategy = regular
     Number of bins = 32
     Radius = 4
     Sampling percentage  = 0.25
   Transform = Rigid
     Gradient step = 0.1
     Update field sigma (voxel space) = 0
     Total field sigma (voxel space) = 0
     Update field time sigma = 0
     Total field time sigma  = 0
     Number of time indices = 0
     Number of time point samples = 0
Registration using 1 total stages.

Stage 0
  iterations = 1000x500x250x100
  convergence threshold = 1e-06
  convergence window size = 10
  number of levels = 4
  using the Mattes MI metric (number of bins = 32, weight = 1, use gradient filter = 0)
  preprocessing:  winsorizing the image intensities
  Shrink factors (level 1 out of 4): [8, 8, 8]
  Shrink factors (level 2 out of 4): [4, 4, 4]
  Shrink factors (level 3 out of 4): [2, 2, 2]
  Shrink factors (level 4 out of 4): [1, 1, 1]
  smoothing sigmas per level: [3, 2, 1, 0]
  regular sampling (percentage = 0.25)

*** Running Euler3DTransform registration ***

DIAGNOSTIC,Iteration,metricValue,convergenceValue,ITERATION_TIME_INDEX,SINCE_LAST
 2DIAGNOSTIC,     1, -5.545801050727e-01, 1.797693134862e+308, 0.0000e+00, 0.0000e+00, 
 2DIAGNOSTIC,     2, -5.551015662776e-01, 1.797693134862e+308, 0.0000e+00, 0.0000e+00, 
 2DIAGNOSTIC,     3, -5.554284164306e-01, 1.797693134862e+308, 0.0000e+00, 0.0000e+00, 
 2DIAGNOSTIC,     4, -5.554189649352e-01, 1.797693134862e+308, 0.0000e+00, 0.0000e+00, 
 2DIAGNOSTIC,     5, -5.553322856775e-01, 1.797693134862e+308, 0.0000e+00, 0.0000e+00, 
 2DIAGNOSTIC,     6, -5.553237125055e-01, 1.797693134862e+308, 0.0000e+00, 0.0000e+00, 
 2DIAGNOSTIC,     7, -5.553600253074e-01, 1.797693134862e+308, 0.0000e+00, 0.0000e+00, 
 2DIAGNOSTIC,     8, -5.554080522811e-01, 1.797693134862e+308, 0.0000e+00, 0.0000e+00, 
 2DIAGNOSTIC,     9, -5.554078717848e-01, 1.797693134862e+308, 0.0000e+00, 0.0000e+00, 
 2DIAGNOSTIC,    10, -5.554094821575e-01, 5.393117716718e-05, 0.0000e+00, 0.0000e+00, 
 2DIAGNOSTIC,    11, -5.554094821575e-01, 1.511583617551e-05, 0.0000e+00, 0.0000e+00, 
 2DIAGNOSTIC,    12, -5.554085069758e-01, 3.118818138179e-06, 0.0000e+00, 0.0000e+00, 
 2DIAGNOSTIC,    13, -5.554085069793e-01, 5.483324936759e-06, 0.0000e+00, 0.0000e+00, 
 2DIAGNOSTIC,    14, -5.553872314393e-01, 5.990657233959e-06, 0.0000e+00, 0.0000e+00, 
 2DIAGNOSTIC,    15, -5.553872199340e-01, 2.994230284395e-06, 0.0000e+00, 0.0000e+00, 
DIAGNOSTIC,Iteration,metricValue,convergenceValue,ITERATION_TIME_INDEX,SINCE_LAST
 2DIAGNOSTIC,     1, -4.664783292115e-01, 1.797693134862e+308, 0.0000e+00, 0.0000e+00, 
 2DIAGNOSTIC,     2, -4.666835151740e-01, 1.797693134862e+308, 0.0000e+00, 0.0000e+00, 
 2DIAGNOSTIC,     3, -4.673947003895e-01, 1.797693134862e+308, 0.0000e+00, 0.0000e+00, 
 2DIAGNOSTIC,     4, -4.676249352331e-01, 1.797693134862e+308, 0.0000e+00, 0.0000e+00, 
 2DIAGNOSTIC,     5, -4.686957941869e-01, 1.797693134862e+308, 0.0000e+00, 0.0000e+00, 
 2DIAGNOSTIC,     6, -4.702942160477e-01, 1.797693134862e+308, 0.0000e+00, 0.0000e+00, 
 2DIAGNOSTIC,     7, -4.732176232866e-01, 1.797693134862e+308, 0.0000e+00, 0.0000e+00, 
 2DIAGNOSTIC,     8, -4.773415979646e-01, 1.797693134862e+308, 0.0000e+00, 0.0000e+00, 
 2DIAGNOSTIC,     9, -4.821773719811e-01, 1.797693134862e+308, 0.0000e+00, 0.0000e+00, 
 2DIAGNOSTIC,    10, -4.826680971624e-01, 2.382429671482e-03, 0.0000e+00, 0.0000e+00, 
 2DIAGNOSTIC,    11, -4.825358025228e-01, 2.399063589142e-03, 0.0000e+00, 0.0000e+00, 
 2DIAGNOSTIC,    12, -4.829921731977e-01, 2.231851057776e-03, 0.0000e+00, 0.0000e+00, 
 2DIAGNOSTIC,    13, -4.831239689567e-01, 1.925031067887e-03, 0.0000e+00, 0.0000e+00, 
 2DIAGNOSTIC,    14, -4.831518412105e-01, 1.496403348890e-03, 0.0000e+00, 0.0000e+00, 
 2DIAGNOSTIC,    15, -4.831214505423e-01, 1.032381322729e-03, 0.0000e+00, 0.0000e+00, 
 2DIAGNOSTIC,    16, -4.830098796160e-01, 5.898269375701e-04, 0.0000e+00, 0.0000e+00, 
 2DIAGNOSTIC,    17, -4.829727363786e-01, 2.450478658514e-04, 0.0000e+00, 0.0000e+00, 
 2DIAGNOSTIC,    18, -4.829822823858e-01, 4.862343088351e-05, 0.0000e+00, 0.0000e+00, 
 2DIAGNOSTIC,    19, -4.829443157344e-01, 1.862017836307e-05, 0.0000e+00, 0.0000e+00, 
 2DIAGNOSTIC,    20, -4.829384520305e-01, 4.736603277988e-06, 0.0000e+00, 0.0000e+00, 
DIAGNOSTIC,Iteration,metricValue,convergenceValue,ITERATION_TIME_INDEX,SINCE_LAST
 2DIAGNOSTIC,     1, -4.154980981251e-01, 1.797693134862e+308, 0.0000e+00, 0.0000e+00, 
 2DIAGNOSTIC,     2, -4.155751684799e-01, 1.797693134862e+308, 0.0000e+00, 0.0000e+00, 
 2DIAGNOSTIC,     3, -4.155788223999e-01, 1.797693134862e+308, 0.0000e+00, 0.0000e+00, 
 2DIAGNOSTIC,     4, -4.155884132585e-01, 1.797693134862e+308, 0.0000e+00, 0.0000e+00, 
 2DIAGNOSTIC,     5, -4.155912347817e-01, 1.797693134862e+308, 0.0000e+00, 0.0000e+00, 
 2DIAGNOSTIC,     6, -4.155897871708e-01, 1.797693134862e+308, 0.0000e+00, 0.0000e+00, 
 2DIAGNOSTIC,     7, -4.155891601039e-01, 1.797693134862e+308, 0.0000e+00, 0.0000e+00, 
 2DIAGNOSTIC,     8, -4.155891364210e-01, 1.797693134862e+308, 0.0000e+00, 0.0000e+00, 
 2DIAGNOSTIC,     9, -4.155837990022e-01, 1.797693134862e+308, 0.0000e+00, 0.0000e+00, 
 2DIAGNOSTIC,    10, -4.155823941177e-01, 6.777231657248e-06, 0.0000e+00, 0.0000e+00, 
DIAGNOSTIC,Iteration,metricValue,convergenceValue,ITERATION_TIME_INDEX,SINCE_LAST
 2DIAGNOSTIC,     1, -3.831885240802e-01, 1.797693134862e+308, 0.0000e+00, 0.0000e+00, 
 2DIAGNOSTIC,     2, -3.832333904877e-01, 1.797693134862e+308, 0.0000e+00, 0.0000e+00, 
 2DIAGNOSTIC,     3, -3.832590007572e-01, 1.797693134862e+308, 0.0000e+00, 0.0000e+00, 
 2DIAGNOSTIC,     4, -3.832779371400e-01, 1.797693134862e+308, 0.0000e+00, 0.0000e+00, 
 2DIAGNOSTIC,     5, -3.833101730450e-01, 1.797693134862e+308, 0.0000e+00, 0.0000e+00, 
 2DIAGNOSTIC,     6, -3.833119193170e-01, 1.797693134862e+308, 0.0000e+00, 0.0000e+00, 
 2DIAGNOSTIC,     7, -3.833374196967e-01, 1.797693134862e+308, 0.0000e+00, 0.0000e+00, 
 2DIAGNOSTIC,     8, -3.830902780233e-01, 1.797693134862e+308, 0.0000e+00, 0.0000e+00, 
 2DIAGNOSTIC,     9, -3.828450773579e-01, 1.797693134862e+308, 0.0000e+00, 0.0000e+00, 
  Elapsed time (stage 0): 0.0000e+00


Total elapsed time: 0.0000e+00
Info [verificarlo]: loaded backend libinterflop_ieee.so
Info [interflop-ieee]: load backend with:
Info [interflop-ieee]: debug = false
Info [interflop-ieee]: debug-binary = false
Info [interflop-ieee]: no-backend-name = false
Info [interflop-ieee]: print-new-line = false
Info [interflop-ieee]: print-subnormal-normalized = false
Info [interflop-ieee]: count-op = false
All_Command_lines_OK
Using double precision for computations.
=============================================================================
The composite transform comprises the following transforms (in order): 
  1. /home/mdugre/scratch/mri-registration-rp/datasets/ds004513/derivatives/mri-registration-rp/0100/antsRegistration-r7-p10/sub-s017/rigid_Composite.h5[0] (type = Euler3DTransform)
  2. /home/mdugre/scratch/mri-registration-rp/datasets/ds004513/derivatives/mri-registration-rp/0100/antsRegistration-r7-p10/sub-s017/rigid_Composite.h5[1] (type = Euler3DTransform)
  3. /home/mdugre/scratch/mri-registration-rp/datasets/ds004513/derivatives/mri-registration-rp/0100/antsRegistration-r7-p10/sub-s017/rigid_Composite.h5[2] (type = Euler3DTransform)
=============================================================================
  number of levels = 4
  fixed image: /templateflow/tpl-MNI152NLin2009cAsym/tpl-MNI152NLin2009cAsym_res-01_desc-brain_T1w.nii.gz
  moving image: /home/mdugre/scratch/mri-registration-rp/datasets/ds004513/derivatives/mri-registration-rp/antsBrainExtraction/sub-s017/BrainExtractionBrain.nii.gz
Dimension = 3
Number of stages = 1
Use histogram matching = false
Winsorize image intensities = true
  Lower quantile = 0.005
  Upper quantile = 0.995


Stage 1 State
   Image metric = MattesMI
     Fixed image = Image (0x46e27e0)
  RTTI typeinfo:   itk::Image<double, 3u>
  Reference Count: 2
  Modified Time: 1594
  Debug: Off
  Object Name: 
  Observers: 
    none
  Source: (none)
  Source output name: (none)
  Release Data: Off
  Data Released: False
  Global Release Data: Off
  PipelineMTime: 0
  UpdateMTime: 1203
  RealTimeStamp: 0 seconds 
  LargestPossibleRegion: 
    Dimension: 3
    Index: [0, 0, 0]
    Size: [193, 229, 193]
  BufferedRegion: 
    Dimension: 3
    Index: [0, 0, 0]
    Size: [193, 229, 193]
  RequestedRegion: 
    Dimension: 3
    Index: [0, 0, 0]
    Size: [193, 229, 193]
  Spacing: [1, 1, 1]
  Origin: [96, 132, -78]
  Direction: 
-1 0 0
0 -1 0
0 0 1

  IndexToPointMatrix: 
-1 0 0
0 -1 0
0 0 1

  PointToIndexMatrix: 
-1 0 0
0 -1 0
0 0 1

  Inverse Direction: 
-1 0 0
0 -1 0
0 0 1

  PixelContainer: 
    ImportImageContainer (0x47a2a20)
      RTTI typeinfo:   itk::ImportImageContainer<unsigned long, double>
      Reference Count: 1
      Modified Time: 1200
      Debug: Off
      Object Name: 
      Observers: 
        none
      Pointer: 0x14fc2e3a9010
      Container manages memory: true
      Size: 8530021
      Capacity: 8530021

     Moving image = Image (0x4757e20)
  RTTI typeinfo:   itk::Image<double, 3u>
  Reference Count: 2
  Modified Time: 1595
  Debug: Off
  Object Name: 
  Observers: 
    none
  Source: (none)
  Source output name: (none)
  Release Data: Off
  Data Released: False
  Global Release Data: Off
  PipelineMTime: 0
  UpdateMTime: 1592
  RealTimeStamp: 0 seconds 
  LargestPossibleRegion: 
    Dimension: 3
    Index: [0, 0, 0]
    Size: [160, 240, 256]
  BufferedRegion: 
    Dimension: 3
    Index: [0, 0, 0]
    Size: [160, 240, 256]
  RequestedRegion: 
    Dimension: 3
    Index: [0, 0, 0]
    Size: [160, 240, 256]
  Spacing: [1, 1, 1]
  Origin: [91.3357, 102.231, -120.042]
  Direction: 
-0.997442 -5.36781e-05 -0.0714818
5.35416e-05 -1 3.82465e-06
-0.0714818 -1.23894e-08 0.997442

  IndexToPointMatrix: 
-0.997444 -5.36781e-05 -0.0714818
5.35418e-05 -1 3.82465e-06
-0.0714819 -1.23894e-08 0.997442

  PointToIndexMatrix: 
-0.99744 5.35415e-05 -0.0714816
-5.36781e-05 -1 -1.23894e-08
-0.0714818 3.82465e-06 0.997442

  Inverse Direction: 
-0.997442 5.35416e-05 -0.0714818
-5.36781e-05 -1 -1.23894e-08
-0.0714818 3.82465e-06 0.997442

  PixelContainer: 
    ImportImageContainer (0x47f1550)
      RTTI typeinfo:   itk::ImportImageContainer<unsigned long, double>
      Reference Count: 1
      Modified Time: 1589
      Debug: Off
      Object Name: 
      Observers: 
        none
      Pointer: 0x14fc298a8010
      Container manages memory: true
      Size: 9830400
      Capacity: 9830400

     Weighting = 1
     Sampling strategy = regular
     Number of bins = 32
     Radius = 4
     Sampling percentage  = 0.25
   Transform = Affine
     Gradient step = 0.1
     Update field sigma (voxel space) = 0
     Total field sigma (voxel space) = 0
     Update field time sigma = 0
     Total field time sigma  = 0
     Number of time indices = 0
     Number of time point samples = 0
Registration using 1 total stages.

Stage 0
  iterations = 1000x500x250x100
  convergence threshold = 1e-06
  convergence window size = 10
  number of levels = 4
  using the Mattes MI metric (number of bins = 32, weight = 1, use gradient filter = 0)
  preprocessing:  winsorizing the image intensities
  Shrink factors (level 1 out of 4): [8, 8, 8]
  Shrink factors (level 2 out of 4): [4, 4, 4]
  Shrink factors (level 3 out of 4): [2, 2, 2]
  Shrink factors (level 4 out of 4): [1, 1, 1]
  smoothing sigmas per level: [3, 2, 1, 0]
  regular sampling (percentage = 0.25)

*** Running AffineTransform registration ***

DIAGNOSTIC,Iteration,metricValue,convergenceValue,ITERATION_TIME_INDEX,SINCE_LAST
 2DIAGNOSTIC,     1, -5.800608710508e-01, 1.797693134862e+308, 8.1021e-01, 8.1021e-01, 
 2DIAGNOSTIC,     2, -5.827218711071e-01, 1.797693134862e+308, 8.1492e-01, 4.7100e-03, 
 2DIAGNOSTIC,     3, -5.868467343933e-01, 1.797693134862e+308, 8.1958e-01, 4.6570e-03, 
 2DIAGNOSTIC,     4, -5.944324379702e-01, 1.797693134862e+308, 8.2415e-01, 4.5660e-03, 
 2DIAGNOSTIC,     5, -6.081126488577e-01, 1.797693134862e+308, 8.2877e-01, 4.6179e-03, 
 2DIAGNOSTIC,     6, -6.306032789106e-01, 1.797693134862e+308, 8.3335e-01, 4.5879e-03, 
 2DIAGNOSTIC,     7, -6.955898569434e-01, 1.797693134862e+308, 8.3947e-01, 6.1119e-03, 
 2DIAGNOSTIC,     8, -8.214002748025e-01, 1.797693134862e+308, 8.4463e-01, 5.1649e-03, 
 2DIAGNOSTIC,     9, -8.452584914751e-01, 1.797693134862e+308, 8.5049e-01, 5.8570e-03, 
 2DIAGNOSTIC,    10, -8.668146573401e-01, 3.053349438165e-02, 8.6004e-01, 9.5539e-03, 
 2DIAGNOSTIC,    11, -8.673943259465e-01, 3.019102642614e-02, 8.6505e-01, 5.0061e-03, 
 2DIAGNOSTIC,    12, -8.705249991423e-01, 2.742002082349e-02, 8.7029e-01, 5.2400e-03, 
 2DIAGNOSTIC,    13, -8.741272526844e-01, 2.289505412456e-02, 8.7530e-01, 5.0139e-03, 
 2DIAGNOSTIC,    14, -8.767783265242e-01, 1.736515773906e-02, 8.8038e-01, 5.0809e-03, 
 2DIAGNOSTIC,    15, -8.788346638468e-01, 1.158031448170e-02, 8.8542e-01, 5.0390e-03, 
 2DIAGNOSTIC,    16, -8.806512275961e-01, 6.160053967727e-03, 8.9109e-01, 5.6651e-03, 
 2DIAGNOSTIC,    17, -8.838224610117e-01, 2.346152386331e-03, 8.9956e-01, 8.4760e-03, 
 2DIAGNOSTIC,    18, -8.844538233586e-01, 1.392985845126e-03, 9.0979e-01, 1.0226e-02, 
 2DIAGNOSTIC,    19, -8.844403714351e-01, 8.760171490234e-04, 9.1485e-01, 5.0640e-03, 
 2DIAGNOSTIC,    20, -8.841775373063e-01, 7.266441789125e-04, 9.1991e-01, 5.0540e-03, 
 2DIAGNOSTIC,    21, -8.841937713455e-01, 5.358597705264e-04, 9.2507e-01, 5.1589e-03, 
 2DIAGNOSTIC,    22, -8.842209614641e-01, 3.648903362299e-04, 9.3081e-01, 5.7461e-03, 
 2DIAGNOSTIC,    23, -8.842532226881e-01, 2.325149801949e-04, 9.3597e-01, 5.1610e-03, 
 2DIAGNOSTIC,    24, -8.841630708557e-01, 1.290615451212e-04, 9.4149e-01, 5.5189e-03, 
 2DIAGNOSTIC,    25, -8.840818437462e-01, 5.092060637189e-05, 9.4662e-01, 5.1260e-03, 
DIAGNOSTIC,Iteration,metricValue,convergenceValue,ITERATION_TIME_INDEX,SINCE_LAST
 2DIAGNOSTIC,     1, -7.457818501944e-01, 1.797693134862e+308, 1.6732e+00, 7.2661e-01, 
 2DIAGNOSTIC,     2, -7.463978891155e-01, 1.797693134862e+308, 1.7115e+00, 3.8279e-02, 
 2DIAGNOSTIC,     3, -7.471603231457e-01, 1.797693134862e+308, 1.7461e+00, 3.4568e-02, 
 2DIAGNOSTIC,     4, -7.482102659265e-01, 1.797693134862e+308, 1.7822e+00, 3.6149e-02, 
 2DIAGNOSTIC,     5, -7.501310076533e-01, 1.797693134862e+308, 1.8252e+00, 4.2933e-02, 
 2DIAGNOSTIC,     6, -7.501864816124e-01, 1.797693134862e+308, 1.8643e+00, 3.9169e-02, 
 2DIAGNOSTIC,     7, -7.503121979806e-01, 1.797693134862e+308, 1.9079e+00, 4.3578e-02, 
 2DIAGNOSTIC,     8, -7.503750159125e-01, 1.797693134862e+308, 1.9524e+00, 4.4514e-02, 
 2DIAGNOSTIC,     9, -7.504518496002e-01, 1.797693134862e+308, 2.0130e+00, 6.0626e-02, 
 2DIAGNOSTIC,    10, -7.504607338448e-01, 4.383669464610e-04, 2.0564e+00, 4.3384e-02, 
 2DIAGNOSTIC,    11, -7.504565151289e-01, 3.012680810496e-04, 2.0958e+00, 3.9388e-02, 
 2DIAGNOSTIC,    12, -7.504420066436e-01, 1.799897274359e-04, 2.1388e+00, 4.3025e-02, 
 2DIAGNOSTIC,    13, -7.504503640161e-01, 8.366332286892e-05, 2.1781e+00, 3.9275e-02, 
 2DIAGNOSTIC,    14, -7.504359392574e-01, 2.032024066835e-05, 2.2173e+00, 3.9212e-02, 
 2DIAGNOSTIC,    15, -7.504540654961e-01, 1.282523623593e-05, 2.2594e+00, 4.2058e-02, 
 2DIAGNOSTIC,    16, -7.504918194317e-01, 7.447628731699e-06, 2.3046e+00, 4.5193e-02, 
 2DIAGNOSTIC,    17, -7.505072630661e-01, 5.313871171135e-06, 2.3436e+00, 3.9062e-02, 
 2DIAGNOSTIC,    18, -7.505138392494e-01, 4.521540304669e-06, 2.4077e+00, 6.4020e-02, 
 2DIAGNOSTIC,    19, -7.505006791090e-01, 4.832476256766e-06, 2.4505e+00, 4.2818e-02, 
 2DIAGNOSTIC,    20, -7.504876566492e-01, 4.748075100293e-06, 2.4884e+00, 3.7936e-02, 
 2DIAGNOSTIC,    21, -7.504755930864e-01, 4.080942050469e-06, 2.5300e+00, 4.1549e-02, 
 2DIAGNOSTIC,    22, -7.504628763946e-01, 2.756138007640e-06, 2.5718e+00, 4.1880e-02, 
 2DIAGNOSTIC,    23, -7.504366352785e-01, 1.148172120310e-06, 2.6164e+00, 4.4565e-02, 
DIAGNOSTIC,Iteration,metricValue,convergenceValue,ITERATION_TIME_INDEX,SINCE_LAST
 2DIAGNOSTIC,     1, -6.292954410870e-01, 1.797693134862e+308, 3.9378e+00, 1.3213e+00, 
 2DIAGNOSTIC,     2, -6.298486527912e-01, 1.797693134862e+308, 4.3148e+00, 3.7701e-01, 
 2DIAGNOSTIC,     3, -6.304545741743e-01, 1.797693134862e+308, 4.6511e+00, 3.3637e-01, 
 2DIAGNOSTIC,     4, -6.310887454073e-01, 1.797693134862e+308, 4.9916e+00, 3.4045e-01, 
 2DIAGNOSTIC,     5, -6.320899176430e-01, 1.797693134862e+308, 5.3890e+00, 3.9742e-01, 
 2DIAGNOSTIC,     6, -6.331480299123e-01, 1.797693134862e+308, 6.1194e+00, 7.3042e-01, 
 2DIAGNOSTIC,     7, -6.331484963221e-01, 1.797693134862e+308, 6.4905e+00, 3.7113e-01, 
 2DIAGNOSTIC,     8, -6.331453767228e-01, 1.797693134862e+308, 6.8208e+00, 3.3026e-01, 
 2DIAGNOSTIC,     9, -6.331454104490e-01, 1.797693134862e+308, 7.1748e+00, 3.5398e-01, 
 2DIAGNOSTIC,    10, -6.331454169514e-01, 4.420000119744e-04, 7.5534e+00, 3.7863e-01, 
 2DIAGNOSTIC,    11, -6.331451314072e-01, 3.129591296977e-04, 7.8988e+00, 3.4540e-01, 
 2DIAGNOSTIC,    12, -6.331420482311e-01, 1.983773066530e-04, 8.2376e+00, 3.3874e-01, 
 2DIAGNOSTIC,    13, -6.331399676484e-01, 1.050549381644e-04, 8.5667e+00, 3.2915e-01, 
 2DIAGNOSTIC,    14, -6.331404283431e-01, 3.563245624032e-05, 8.8994e+00, 3.3270e-01, 
 2DIAGNOSTIC,    15, -6.331382894882e-01, 1.458204982499e-06, 9.2338e+00, 3.3437e-01, 
 2DIAGNOSTIC,    16, -6.331387126916e-01, 1.357868067667e-06, 9.5292e+00, 2.9542e-01, 
 2DIAGNOSTIC,    17, -6.331380295253e-01, 1.325057212252e-06, 9.8427e+00, 3.1355e-01, 
 2DIAGNOSTIC,    18, -6.331386582279e-01, 1.285088581882e-06, 1.0162e+01, 3.1963e-01, 
 2DIAGNOSTIC,    19, -6.331381554251e-01, 1.281557941157e-06, 1.0493e+01, 3.3043e-01, 
 2DIAGNOSTIC,    20, -6.331382645707e-01, 1.317194949578e-06, 1.0845e+01, 3.5177e-01, 
 2DIAGNOSTIC,    21, -6.331393677218e-01, 1.394150244867e-06, 1.1201e+01, 3.5614e-01, 
 2DIAGNOSTIC,    22, -6.331392787022e-01, 1.410704216748e-06, 1.1530e+01, 3.2901e-01, 
 2DIAGNOSTIC,    23, -6.331390311988e-01, 1.383355735088e-06, 1.1857e+01, 3.2772e-01, 
 2DIAGNOSTIC,    24, -6.331395735211e-01, 1.378740020527e-06, 1.2202e+01, 3.4457e-01, 
 2DIAGNOSTIC,    25, -6.331404751540e-01, 1.346744117912e-06, 1.2541e+01, 3.3873e-01, 
 2DIAGNOSTIC,    26, -6.331377584870e-01, 1.270293792953e-06, 1.2829e+01, 2.8839e-01, 
 2DIAGNOSTIC,    27, -6.331374527206e-01, 1.179956236573e-06, 1.3253e+01, 4.2370e-01, 
 2DIAGNOSTIC,    28, -6.331340420851e-01, 1.051791364559e-06, 1.3592e+01, 3.3893e-01, 
DIAGNOSTIC,Iteration,metricValue,convergenceValue,ITERATION_TIME_INDEX,SINCE_LAST
 2DIAGNOSTIC,     1, -5.646874484632e-01, 1.797693134862e+308, 1.6745e+01, 3.1529e+00, 
 2DIAGNOSTIC,     2, -5.649219567515e-01, 1.797693134862e+308, 1.8623e+01, 1.8784e+00, 
 2DIAGNOSTIC,     3, -5.651296946956e-01, 1.797693134862e+308, 2.0460e+01, 1.8374e+00, 
 2DIAGNOSTIC,     4, -5.653778741016e-01, 1.797693134862e+308, 2.3348e+01, 2.8873e+00, 
 2DIAGNOSTIC,     5, -5.653964078434e-01, 1.797693134862e+308, 2.5799e+01, 2.4516e+00, 
 2DIAGNOSTIC,     6, -5.653957596450e-01, 1.797693134862e+308, 2.7819e+01, 2.0194e+00, 
 2DIAGNOSTIC,     7, -5.653932523608e-01, 1.797693134862e+308, 3.0856e+01, 3.0367e+00, 
 2DIAGNOSTIC,     8, -5.653930744563e-01, 1.797693134862e+308, 3.2907e+01, 2.0511e+00, 
 2DIAGNOSTIC,     9, -5.653930023935e-01, 1.797693134862e+308, 3.4924e+01, 2.0170e+00, 
 2DIAGNOSTIC,    10, -5.653929100402e-01, 6.899740524365e-05, 3.6727e+01, 1.8033e+00, 
 2DIAGNOSTIC,    11, -5.653930026103e-01, 3.532825443291e-05, 3.9227e+01, 2.5003e+00, 
 2DIAGNOSTIC,    12, -5.653928858222e-01, 1.407439230289e-05, 4.1238e+01, 2.0107e+00, 
 2DIAGNOSTIC,    13, -5.653927747490e-01, 2.823175419220e-06, 4.3382e+01, 2.1441e+00, 
 2DIAGNOSTIC,    14, -5.653926708225e-01, 2.033717619712e-06, 4.5346e+01, 1.9636e+00, 
 2DIAGNOSTIC,    15, -5.653925515539e-01, 1.988104715467e-06, 4.7294e+01, 1.9482e+00, 
 2DIAGNOSTIC,    16, -5.653922845320e-01, 1.933766934942e-06, 4.9234e+01, 1.9400e+00, 
 2DIAGNOSTIC,    17, -5.653921616490e-01, 1.813346266422e-06, 5.1258e+01, 2.0244e+00, 
 2DIAGNOSTIC,    18, -5.653920433276e-01, 1.703500183754e-06, 5.3344e+01, 2.0855e+00, 
 2DIAGNOSTIC,    19, -5.653919172403e-01, 1.605956819029e-06, 5.5267e+01, 1.9234e+00, 
 2DIAGNOSTIC,    20, -5.653914883317e-01, 1.511371805728e-06, 5.7171e+01, 1.9044e+00, 
 2DIAGNOSTIC,    21, -5.653912070168e-01, 1.429015744292e-06, 5.8959e+01, 1.7878e+00, 
 2DIAGNOSTIC,    22, -5.653910828624e-01, 1.356763312102e-06, 6.0667e+01, 1.7082e+00, 
 2DIAGNOSTIC,    23, -5.653911224303e-01, 1.297440527778e-06, 6.2609e+01, 1.9414e+00, 
 2DIAGNOSTIC,    24, -5.653911514224e-01, 1.249429190546e-06, 6.4495e+01, 1.8864e+00, 
 2DIAGNOSTIC,    25, -5.653910526005e-01, 1.208235631045e-06, 6.6446e+01, 1.9512e+00, 
 2DIAGNOSTIC,    26, -5.653909537927e-01, 1.169390791776e-06, 6.8213e+01, 1.7670e+00, 
 2DIAGNOSTIC,    27, -5.653910364021e-01, 1.137777292277e-06, 6.9988e+01, 1.7743e+00, 
 2DIAGNOSTIC,    28, -5.653910278015e-01, 1.109752598191e-06, 7.1950e+01, 1.9626e+00, 
 2DIAGNOSTIC,    29, -5.653903037337e-01, 1.071526987452e-06, 7.3876e+01, 1.9256e+00, 
 2DIAGNOSTIC,    30, -5.653902590388e-01, 1.030842164476e-06, 7.5821e+01, 1.9450e+00, 
  Elapsed time (stage 0): 7.6923e+01


Total elapsed time: 7.6926e+01
Info [verificarlo]: loaded backend libinterflop_ieee.so
Info [interflop-ieee]: load backend with:
Info [interflop-ieee]: debug = false
Info [interflop-ieee]: debug-binary = false
Info [interflop-ieee]: no-backend-name = false
Info [interflop-ieee]: print-new-line = false
Info [interflop-ieee]: print-subnormal-normalized = false
Info [interflop-ieee]: count-op = false
All_Command_lines_OK
Using double precision for computations.
=============================================================================
The composite transform comprises the following transforms (in order): 
  1. /home/mdugre/scratch/mri-registration-rp/datasets/ds004513/derivatives/mri-registration-rp/0100/antsRegistration-r7-p10/sub-s017/affine_Composite.h5[0] (type = Euler3DTransform)
  2. /home/mdugre/scratch/mri-registration-rp/datasets/ds004513/derivatives/mri-registration-rp/0100/antsRegistration-r7-p10/sub-s017/affine_Composite.h5[1] (type = Euler3DTransform)
  3. /home/mdugre/scratch/mri-registration-rp/datasets/ds004513/derivatives/mri-registration-rp/0100/antsRegistration-r7-p10/sub-s017/affine_Composite.h5[2] (type = Euler3DTransform)
  4. /home/mdugre/scratch/mri-registration-rp/datasets/ds004513/derivatives/mri-registration-rp/0100/antsRegistration-r7-p10/sub-s017/affine_Composite.h5[3] (type = AffineTransform)
=============================================================================
  number of levels = 4
  fixed image: /templateflow/tpl-MNI152NLin2009cAsym/tpl-MNI152NLin2009cAsym_res-01_desc-brain_T1w.nii.gz
  moving image: /home/mdugre/scratch/mri-registration-rp/datasets/ds004513/derivatives/mri-registration-rp/antsBrainExtraction/sub-s017/BrainExtractionBrain.nii.gz
Dimension = 3
Number of stages = 1
Use histogram matching = false
Winsorize image intensities = true
  Lower quantile = 0.005
  Upper quantile = 0.995


Stage 1 State
   Image metric = CC
     Fixed image = Image (0x46e3a40)
  RTTI typeinfo:   itk::Image<double, 3u>
  Reference Count: 2
  Modified Time: 1608
  Debug: Off
  Object Name: 
  Observers: 
    none
  Source: (none)
  Source output name: (none)
  Release Data: Off
  Data Released: False
  Global Release Data: Off
  PipelineMTime: 0
  UpdateMTime: 1217
  RealTimeStamp: 0 seconds 
  LargestPossibleRegion: 
    Dimension: 3
    Index: [0, 0, 0]
    Size: [193, 229, 193]
  BufferedRegion: 
    Dimension: 3
    Index: [0, 0, 0]
    Size: [193, 229, 193]
  RequestedRegion: 
    Dimension: 3
    Index: [0, 0, 0]
    Size: [193, 229, 193]
  Spacing: [1, 1, 1]
  Origin: [96, 132, -78]
  Direction: 
-1 0 0
0 -1 0
0 0 1

  IndexToPointMatrix: 
-1 0 0
0 -1 0
0 0 1

  PointToIndexMatrix: 
-1 0 0
0 -1 0
0 0 1

  Inverse Direction: 
-1 0 0
0 -1 0
0 0 1

  PixelContainer: 
    ImportImageContainer (0x47b2780)
      RTTI typeinfo:   itk::ImportImageContainer<unsigned long, double>
      Reference Count: 1
      Modified Time: 1214
      Debug: Off
      Object Name: 
      Observers: 
        none
      Pointer: 0x153890b79010
      Container manages memory: true
      Size: 8530021
      Capacity: 8530021

     Moving image = Image (0x47b4390)
  RTTI typeinfo:   itk::Image<double, 3u>
  Reference Count: 2
  Modified Time: 1609
  Debug: Off
  Object Name: 
  Observers: 
    none
  Source: (none)
  Source output name: (none)
  Release Data: Off
  Data Released: False
  Global Release Data: Off
  PipelineMTime: 0
  UpdateMTime: 1606
  RealTimeStamp: 0 seconds 
  LargestPossibleRegion: 
    Dimension: 3
    Index: [0, 0, 0]
    Size: [160, 240, 256]
  BufferedRegion: 
    Dimension: 3
    Index: [0, 0, 0]
    Size: [160, 240, 256]
  RequestedRegion: 
    Dimension: 3
    Index: [0, 0, 0]
    Size: [160, 240, 256]
  Spacing: [1, 1, 1]
  Origin: [91.3357, 102.231, -120.042]
  Direction: 
-0.997442 -5.36781e-05 -0.0714818
5.35416e-05 -1 3.82465e-06
-0.0714818 -1.23894e-08 0.997442

  IndexToPointMatrix: 
-0.997444 -5.36781e-05 -0.0714818
5.35418e-05 -1 3.82465e-06
-0.0714819 -1.23894e-08 0.997442

  PointToIndexMatrix: 
-0.99744 5.35415e-05 -0.0714816
-5.36781e-05 -1 -1.23894e-08
-0.0714818 3.82465e-06 0.997442

  Inverse Direction: 
-0.997442 5.35416e-05 -0.0714818
-5.36781e-05 -1 -1.23894e-08
-0.0714818 3.82465e-06 0.997442

  PixelContainer: 
    ImportImageContainer (0x47696f0)
      RTTI typeinfo:   itk::ImportImageContainer<unsigned long, double>
      Reference Count: 1
      Modified Time: 1603
      Debug: Off
      Object Name: 
      Observers: 
        none
      Pointer: 0x15388c078010
      Container manages memory: true
      Size: 9830400
      Capacity: 9830400

     Weighting = 1
     Sampling strategy = none
     Number of bins = 32
     Radius = 4
     Sampling percentage  = 1
   Transform = SyN
     Gradient step = 0.1
     Update field sigma (voxel space) = 3
     Total field sigma (voxel space) = 0
     Update field time sigma = 0
     Total field time sigma  = 0
     Number of time indices = 0
     Number of time point samples = 0
Registration using 1 total stages.

Stage 0
  iterations = 100x70x50x20
  convergence threshold = 1e-06
  convergence window size = 10
  number of levels = 4
  using the CC metric (radius = 4, weight = 1, use gradient filter = 0)
  preprocessing:  winsorizing the image intensities
  Shrink factors (level 1 out of 4): [8, 8, 8]
  Shrink factors (level 2 out of 4): [4, 4, 4]
  Shrink factors (level 3 out of 4): [2, 2, 2]
  Shrink factors (level 4 out of 4): [1, 1, 1]
  smoothing sigmas per level: [3, 2, 1, 0]
  Using default NONE metricSamplingStrategy 

*** Running SyN registration (varianceForUpdateField = 3, varianceForTotalField = 0) ***

XXDIAGNOSTIC,Iteration,metricValue,convergenceValue,ITERATION_TIME_INDEX,SINCE_LAST
 1DIAGNOSTIC,     1, -9.269901353056e-01, 1.797693134862e+308, 1.1447e+00, 1.1447e+00, 
 1DIAGNOSTIC,     2, -9.332366900628e-01, 1.797693134862e+308, 1.5231e+00, 3.7840e-01, 
 1DIAGNOSTIC,     3, -9.385759526469e-01, 1.797693134862e+308, 1.8602e+00, 3.3713e-01, 
 1DIAGNOSTIC,     4, -9.430967333993e-01, 1.797693134862e+308, 2.1979e+00, 3.3774e-01, 
 1DIAGNOSTIC,     5, -9.462203745005e-01, 1.797693134862e+308, 2.5310e+00, 3.3306e-01, 
 1DIAGNOSTIC,     6, -9.487180680231e-01, 1.797693134862e+308, 2.8640e+00, 3.3303e-01, 
 1DIAGNOSTIC,     7, -9.510662676681e-01, 1.797693134862e+308, 3.1890e+00, 3.2505e-01, 
 1DIAGNOSTIC,     8, -9.537870095277e-01, 1.797693134862e+308, 3.5218e+00, 3.3274e-01, 
 1DIAGNOSTIC,     9, -9.571989350763e-01, 1.797693134862e+308, 3.8516e+00, 3.2977e-01, 
 1DIAGNOSTIC,    10, -9.608467072504e-01, 2.094348337573e-03, 4.1858e+00, 3.3423e-01, 
 1DIAGNOSTIC,    11, -9.645085357062e-01, 1.762789737850e-03, 4.5223e+00, 3.3651e-01, 
 1DIAGNOSTIC,    12, -9.653274604754e-01, 1.503243257284e-03, 4.9173e+00, 3.9504e-01, 
 1DIAGNOSTIC,    13, -9.656444341943e-01, 1.278138589551e-03, 5.2617e+00, 3.4435e-01, 
 1DIAGNOSTIC,    14, -9.660779563017e-01, 1.074704873963e-03, 5.6101e+00, 3.4840e-01, 
 1DIAGNOSTIC,    15, -9.668244641374e-01, 8.762811304051e-04, 5.9342e+00, 3.2410e-01, 
 1DIAGNOSTIC,    16, -9.671298084085e-01, 6.738588974178e-04, 6.2737e+00, 3.3949e-01, 
 1DIAGNOSTIC,    17, -9.678560254840e-01, 4.876342149499e-04, 6.6217e+00, 3.4800e-01, 
 1DIAGNOSTIC,    18, -9.681014776261e-01, 3.264240526477e-04, 6.9601e+00, 3.3844e-01, 
 1DIAGNOSTIC,    19, -9.686821704362e-01, 2.140129802010e-04, 7.3070e+00, 3.4686e-01, 
 1DIAGNOSTIC,    20, -9.688452047998e-01, 1.482979272083e-04, 7.6464e+00, 3.3943e-01, 
 1DIAGNOSTIC,    21, -9.693134401670e-01, 1.334244156393e-04, 7.9868e+00, 3.4041e-01, 
 1DIAGNOSTIC,    22, -9.694221677646e-01, 1.200185682858e-04, 8.3360e+00, 3.4921e-01, 
 1DIAGNOSTIC,    23, -9.698118033558e-01, 1.057869410170e-04, 8.6729e+00, 3.3691e-01, 
 1DIAGNOSTIC,    24, -9.698824650084e-01, 8.896296432967e-05, 9.0092e+00, 3.3622e-01, 
 1DIAGNOSTIC,    25, -9.702313457932e-01, 7.827950605734e-05, 9.3437e+00, 3.3456e-01, 
 1DIAGNOSTIC,    26, -9.702731363494e-01, 6.491449733834e-05, 9.6771e+00, 3.3339e-01, 
 1DIAGNOSTIC,    27, -9.705595249861e-01, 5.767678006025e-05, 1.0014e+01, 3.3686e-01, 
 1DIAGNOSTIC,    28, -9.705768036617e-01, 4.824053961582e-05, 1.0344e+01, 3.3042e-01, 
 1DIAGNOSTIC,    29, -9.708553253143e-01, 4.380528006143e-05, 1.0674e+01, 3.2917e-01, 
 1DIAGNOSTIC,    30, -9.708576588703e-01, 3.711371138405e-05, 1.1011e+01, 3.3759e-01, 
