
##########################
# Experiment information #
##########################

EXPERIMENT_NAME: antsRegistration-r7-p21
VFC_BACKENDS: libinterflop_vprec.so --range-binary32=7 --precision-binary32=21 --range-binary64=7 --precision-binary64=21

SIF_IMG: /home/mdugre/projects/rrg-glatard/mdugre/containers/ants-vprec-no_metrics.simg

SUBJECT_ID: s032
INPUT_IMG: /home/mdugre/scratch/mri-registration-rp/datasets/ds004513/derivatives/mri-registration-rp/antsBrainExtraction/sub-s032/BrainExtractionBrain.nii.gz
OUTPUT_DIR: /home/mdugre/scratch/mri-registration-rp/datasets/ds004513/derivatives/mri-registration-rp/0100/antsRegistration-r7-p21/sub-s032

FIXED_IMG: /templateflow/tpl-MNI152NLin2009cAsym/tpl-MNI152NLin2009cAsym_res-01_desc-brain_T1w.nii.gz
DATA_DIR: /home/mdugre/scratch/mri-registration-rp/datasets/ds004513
TEMPLATEFLOW_DIR: /home/mdugre/projects/rrg-glatard/mdugre/templateflow
ITK_GLOBAL_DEFAULT_NUMBER_OF_THREADS: 16
##########################

Info [verificarlo]: loaded backend libinterflop_ieee.so
Info [interflop-ieee]: load backend with:
Info [interflop-ieee]: debug = false
Info [interflop-ieee]: debug-binary = false
Info [interflop-ieee]: no-backend-name = false
Info [interflop-ieee]: print-new-line = false
Info [interflop-ieee]: print-subnormal-normalized = false
Info [interflop-ieee]: count-op = false
All_Command_lines_OK
Using double precision for computations.
=============================================================================
The composite transform comprises the following transforms (in order): 
  1. Center of mass alignment using fixed image: /templateflow/tpl-MNI152NLin2009cAsym/tpl-MNI152NLin2009cAsym_res-01_desc-brain_T1w.nii.gz and moving image: /home/mdugre/scratch/mri-registration-rp/datasets/ds004513/derivatives/mri-registration-rp/antsBrainExtraction/sub-s032/BrainExtractionBrain.nii.gz (type = Euler3DTransform)
=============================================================================
  number of levels = 1
  fixed image: /templateflow/tpl-MNI152NLin2009cAsym/tpl-MNI152NLin2009cAsym_res-01_desc-brain_T1w.nii.gz
  moving image: /home/mdugre/scratch/mri-registration-rp/datasets/ds004513/derivatives/mri-registration-rp/antsBrainExtraction/sub-s032/BrainExtractionBrain.nii.gz
Dimension = 3
Number of stages = 1
Use histogram matching = false
Winsorize image intensities = true
  Lower quantile = 0.005
  Upper quantile = 0.995


Stage 1 State
   Image metric = MattesMI
     Fixed image = Image (0x43d7e70)
  RTTI typeinfo:   itk::Image<double, 3u>
  Reference Count: 2
  Modified Time: 2330
  Debug: Off
  Object Name: 
  Observers: 
    none
  Source: (none)
  Source output name: (none)
  Release Data: Off
  Data Released: False
  Global Release Data: Off
  PipelineMTime: 0
  UpdateMTime: 1941
  RealTimeStamp: 0 seconds 
  LargestPossibleRegion: 
    Dimension: 3
    Index: [0, 0, 0]
    Size: [193, 229, 193]
  BufferedRegion: 
    Dimension: 3
    Index: [0, 0, 0]
    Size: [193, 229, 193]
  RequestedRegion: 
    Dimension: 3
    Index: [0, 0, 0]
    Size: [193, 229, 193]
  Spacing: [1, 1, 1]
  Origin: [96, 132, -78]
  Direction: 
-1 0 0
0 -1 0
0 0 1

  IndexToPointMatrix: 
-1 0 0
0 -1 0
0 0 1

  PointToIndexMatrix: 
-1 0 0
0 -1 0
0 0 1

  Inverse Direction: 
-1 0 0
0 -1 0
0 0 1

  PixelContainer: 
    ImportImageContainer (0x43e0c60)
      RTTI typeinfo:   itk::ImportImageContainer<unsigned long, double>
      Reference Count: 1
      Modified Time: 1938
      Debug: Off
      Object Name: 
      Observers: 
        none
      Pointer: 0x1472c5453010
      Container manages memory: true
      Size: 8530021
      Capacity: 8530021

     Moving image = Image (0x4474ec0)
  RTTI typeinfo:   itk::Image<double, 3u>
  Reference Count: 2
  Modified Time: 2331
  Debug: Off
  Object Name: 
  Observers: 
    none
  Source: (none)
  Source output name: (none)
  Release Data: Off
  Data Released: False
  Global Release Data: Off
  PipelineMTime: 0
  UpdateMTime: 2328
  RealTimeStamp: 0 seconds 
  LargestPossibleRegion: 
    Dimension: 3
    Index: [0, 0, 0]
    Size: [160, 240, 256]
  BufferedRegion: 
    Dimension: 3
    Index: [0, 0, 0]
    Size: [160, 240, 256]
  RequestedRegion: 
    Dimension: 3
    Index: [0, 0, 0]
    Size: [160, 240, 256]
  Spacing: [1, 1, 1]
  Origin: [73.279, 104.707, -131.187]
  Direction: 
-0.997527 0.0645574 -0.0278053
-0.0645323 -0.997914 -0.00179875
-0.0278634 4.01097e-08 0.999612

  IndexToPointMatrix: 
-0.997527 0.0645574 -0.0278053
-0.0645323 -0.997914 -0.00179875
-0.0278634 4.01097e-08 0.999612

  PointToIndexMatrix: 
-0.997527 -0.0645323 -0.0278634
0.0645574 -0.997914 4.01049e-08
-0.0278053 -0.00179875 0.999612

  Inverse Direction: 
-0.997527 -0.0645323 -0.0278634
0.0645574 -0.997914 4.01049e-08
-0.0278053 -0.00179875 0.999612

  PixelContainer: 
    ImportImageContainer (0x450c610)
      RTTI typeinfo:   itk::ImportImageContainer<unsigned long, double>
      Reference Count: 1
      Modified Time: 2325
      Debug: Off
      Object Name: 
      Observers: 
        none
      Pointer: 0x1472c0952010
      Container manages memory: true
      Size: 9830400
      Capacity: 9830400

     Weighting = 1
     Sampling strategy = regular
     Number of bins = 32
     Radius = 4
     Sampling percentage  = 0.25
   Transform = Rigid
     Gradient step = 0.1
     Update field sigma (voxel space) = 0
     Total field sigma (voxel space) = 0
     Update field time sigma = 0
     Total field time sigma  = 0
     Number of time indices = 0
     Number of time point samples = 0
Registration using 1 total stages.

Stage 0
  iterations = 0
  convergence threshold = 1e-06
  convergence window size = 10
  number of levels = 1
  using the Mattes MI metric (number of bins = 32, weight = 1, use gradient filter = 0)
  preprocessing:  winsorizing the image intensities
  Shrink factors (level 1 out of 1): [1, 1, 1]
  smoothing sigmas per level: [0]
  regular sampling (percentage = 0.25)

*** Running Euler3DTransform registration ***

  Elapsed time (stage 0): 1.10089


Total elapsed time: 1.10311
Info [verificarlo]: loaded backend libinterflop_vprec.so
Info [interflop-vprec]: load backend with: 
Info [interflop-vprec]: precision-binary32 = 21
Info [interflop-vprec]: range-binary32 = 7
Info [interflop-vprec]: precision-binary64 = 21
Info [interflop-vprec]: range-binary64 = 7
Info [interflop-vprec]: mode = ob
Info [interflop-vprec]: error-mode = rel
Info [interflop-vprec]: max-abs-error-exponent = -1022
Info [interflop-vprec]: daz = false
Info [interflop-vprec]: ftz = false
Info [interflop-vprec]: 	instrument = none
Info [interflop-vprec]: 	prec-input-file = (null)
Info [interflop-vprec]: 	prec-output-file = (null)
Info [interflop-vprec]: 	prec-log-file = (null)
All_Command_lines_OK
Using double precision for computations.
=============================================================================
The composite transform comprises the following transforms (in order): 
  1. /home/mdugre/scratch/mri-registration-rp/datasets/ds004513/derivatives/mri-registration-rp/0100/antsRegistration-r7-p21/sub-s032/align_Composite.h5[0] (type = Euler3DTransform)
  2. /home/mdugre/scratch/mri-registration-rp/datasets/ds004513/derivatives/mri-registration-rp/0100/antsRegistration-r7-p21/sub-s032/align_Composite.h5[1] (type = Euler3DTransform)
=============================================================================
  number of levels = 4
  fixed image: /templateflow/tpl-MNI152NLin2009cAsym/tpl-MNI152NLin2009cAsym_res-01_desc-brain_T1w.nii.gz
  moving image: /home/mdugre/scratch/mri-registration-rp/datasets/ds004513/derivatives/mri-registration-rp/antsBrainExtraction/sub-s032/BrainExtractionBrain.nii.gz
Dimension = 3
Number of stages = 1
Use histogram matching = false
Winsorize image intensities = true
  Lower quantile = 0.005
  Upper quantile = 0.995


Stage 1 State
   Image metric = MattesMI
     Fixed image = Image (0x50e41e0)
  RTTI typeinfo:   itk::Image<double, 3u>
  Reference Count: 2
  Modified Time: 1578
  Debug: Off
  Object Name: 
  Observers: 
    none
  Source: (none)
  Source output name: (none)
  Release Data: Off
  Data Released: False
  Global Release Data: Off
  PipelineMTime: 0
  UpdateMTime: 1189
  RealTimeStamp: 0 seconds 
  LargestPossibleRegion: 
    Dimension: 3
    Index: [0, 0, 0]
    Size: [193, 229, 193]
  BufferedRegion: 
    Dimension: 3
    Index: [0, 0, 0]
    Size: [193, 229, 193]
  RequestedRegion: 
    Dimension: 3
    Index: [0, 0, 0]
    Size: [193, 229, 193]
  Spacing: [1, 1, 1]
  Origin: [96, 132, -78]
  Direction: 
-1 0 0
0 -1 0
0 0 1

  IndexToPointMatrix: 
-1 0 0
0 -1 0
0 0 1

  PointToIndexMatrix: 
-1 0 0
0 -1 0
0 0 1

  Inverse Direction: 
-1 0 0
0 -1 0
0 0 1

  PixelContainer: 
    ImportImageContainer (0x51a3680)
      RTTI typeinfo:   itk::ImportImageContainer<unsigned long, double>
      Reference Count: 1
      Modified Time: 1186
      Debug: Off
      Object Name: 
      Observers: 
        none
      Pointer: 0x14a805317010
      Container manages memory: true
      Size: 8530021
      Capacity: 8530021

     Moving image = Image (0x519fb20)
  RTTI typeinfo:   itk::Image<double, 3u>
  Reference Count: 2
  Modified Time: 1579
  Debug: Off
  Object Name: 
  Observers: 
    none
  Source: (none)
  Source output name: (none)
  Release Data: Off
  Data Released: False
  Global Release Data: Off
  PipelineMTime: 0
  UpdateMTime: 1576
  RealTimeStamp: 0 seconds 
  LargestPossibleRegion: 
    Dimension: 3
    Index: [0, 0, 0]
    Size: [160, 240, 256]
  BufferedRegion: 
    Dimension: 3
    Index: [0, 0, 0]
    Size: [160, 240, 256]
  RequestedRegion: 
    Dimension: 3
    Index: [0, 0, 0]
    Size: [160, 240, 256]
  Spacing: [1, 1, 1]
  Origin: [73.279, 104.707, -131.187]
  Direction: 
-0.997526 0.0645574 -0.0278053
-0.0645323 -0.997914 -0.00179875
-0.0278634 4.01097e-08 0.999612

  IndexToPointMatrix: 
-0.997526 0.0645574 -0.0278053
-0.0645323 -0.997914 -0.00179875
-0.0278634 4.01097e-08 0.999612

  PointToIndexMatrix: 
-0.997528 -0.0645323 -0.0278634
0.0645573 -0.997913 1.19209e-07
-0.0278053 -0.00179881 0.999612

  Inverse Direction: 
-0.997528 -0.0645323 -0.0278634
0.0645573 -0.997913 1.19209e-07
-0.0278053 -0.00179881 0.999612

  PixelContainer: 
    ImportImageContainer (0x5208d50)
      RTTI typeinfo:   itk::ImportImageContainer<unsigned long, double>
      Reference Count: 1
      Modified Time: 1573
      Debug: Off
      Object Name: 
      Observers: 
        none
      Pointer: 0x14a800816010
      Container manages memory: true
      Size: 9830400
      Capacity: 9830400

     Weighting = 1
     Sampling strategy = regular
     Number of bins = 32
     Radius = 4
     Sampling percentage  = 0.25
   Transform = Rigid
     Gradient step = 0.1
     Update field sigma (voxel space) = 0
     Total field sigma (voxel space) = 0
     Update field time sigma = 0
     Total field time sigma  = 0
     Number of time indices = 0
     Number of time point samples = 0
Registration using 1 total stages.

Stage 0
  iterations = 1000x500x250x100
  convergence threshold = 1e-06
  convergence window size = 10
  number of levels = 4
  using the Mattes MI metric (number of bins = 32, weight = 1, use gradient filter = 0)
  preprocessing:  winsorizing the image intensities
  Shrink factors (level 1 out of 4): [8, 8, 8]
  Shrink factors (level 2 out of 4): [4, 4, 4]
  Shrink factors (level 3 out of 4): [2, 2, 2]
  Shrink factors (level 4 out of 4): [1, 1, 1]
  smoothing sigmas per level: [3, 2, 1, 0]
  regular sampling (percentage = 0.25)

*** Running Euler3DTransform registration ***

DIAGNOSTIC,Iteration,metricValue,convergenceValue,ITERATION_TIME_INDEX,SINCE_LAST
 2DIAGNOSTIC,     1, -5.480491141375e-01, 1.797693134862e+308, 0.0000e+00, 0.0000e+00, 
 2DIAGNOSTIC,     2, -5.506778886201e-01, 1.797693134862e+308, 0.0000e+00, 0.0000e+00, 
 2DIAGNOSTIC,     3, -5.546442877758e-01, 1.797693134862e+308, 0.0000e+00, 0.0000e+00, 
 2DIAGNOSTIC,     4, -5.606741418040e-01, 1.797693134862e+308, 0.0000e+00, 0.0000e+00, 
 2DIAGNOSTIC,     5, -5.693482042679e-01, 1.797693134862e+308, 0.0000e+00, 0.0000e+00, 
 2DIAGNOSTIC,     6, -5.853672095514e-01, 1.797693134862e+308, 0.0000e+00, 0.0000e+00, 
 2DIAGNOSTIC,     7, -6.232272573247e-01, 1.797693134862e+308, 0.0000e+00, 0.0000e+00, 
 2DIAGNOSTIC,     8, -6.298059412534e-01, 1.797693134862e+308, 0.0000e+00, 0.0000e+00, 
 2DIAGNOSTIC,     9, -6.367913044326e-01, 1.797693134862e+308, 0.0000e+00, 0.0000e+00, 
 2DIAGNOSTIC,    10, -6.377785440818e-01, 1.203311114857e-02, 0.0000e+00, 0.0000e+00, 
 2DIAGNOSTIC,    11, -6.406614418960e-01, 1.089541095240e-02, 0.0000e+00, 0.0000e+00, 
 2DIAGNOSTIC,    12, -6.431516369833e-01, 9.167023126003e-03, 0.0000e+00, 0.0000e+00, 
 2DIAGNOSTIC,    13, -6.440187611552e-01, 7.071029410202e-03, 0.0000e+00, 0.0000e+00, 
 2DIAGNOSTIC,    14, -6.458999968634e-01, 4.935139986858e-03, 0.0000e+00, 0.0000e+00, 
 2DIAGNOSTIC,    15, -6.475090575800e-01, 2.975174955871e-03, 0.0000e+00, 0.0000e+00, 
 2DIAGNOSTIC,    16, -6.475858329392e-01, 1.444027904127e-03, 0.0000e+00, 0.0000e+00, 
 2DIAGNOSTIC,    17, -6.482797301934e-01, 1.020660734088e-03, 0.0000e+00, 0.0000e+00, 
 2DIAGNOSTIC,    18, -6.495667949505e-01, 7.508764736021e-04, 0.0000e+00, 0.0000e+00, 
 2DIAGNOSTIC,    19, -6.512466687016e-01, 6.514705827217e-04, 0.0000e+00, 0.0000e+00, 
 2DIAGNOSTIC,    20, -6.522859713817e-01, 5.466966778580e-04, 0.0000e+00, 0.0000e+00, 
 2DIAGNOSTIC,    21, -6.537591570701e-01, 4.961926515171e-04, 0.0000e+00, 0.0000e+00, 
 2DIAGNOSTIC,    22, -6.559285198943e-01, 5.013209939368e-04, 0.0000e+00, 0.0000e+00, 
 2DIAGNOSTIC,    23, -6.574943875075e-01, 5.057091835363e-04, 0.0000e+00, 0.0000e+00, 
 2DIAGNOSTIC,    24, -6.574424234485e-01, 4.959897782199e-04, 0.0000e+00, 0.0000e+00, 
 2DIAGNOSTIC,    25, -6.576982980065e-01, 4.755746921989e-04, 0.0000e+00, 0.0000e+00, 
 2DIAGNOSTIC,    26, -6.578678867754e-01, 4.166432271641e-04, 0.0000e+00, 0.0000e+00, 
 2DIAGNOSTIC,    27, -6.581580595694e-01, 3.388662526735e-04, 0.0000e+00, 0.0000e+00, 
 2DIAGNOSTIC,    28, -6.583920024170e-01, 2.588572605980e-04, 0.0000e+00, 0.0000e+00, 
 2DIAGNOSTIC,    29, -6.583184913139e-01, 1.855517827636e-04, 0.0000e+00, 0.0000e+00, 
 2DIAGNOSTIC,    30, -6.584207419954e-01, 1.172760431110e-04, 0.0000e+00, 0.0000e+00, 
 2DIAGNOSTIC,    31, -6.583614907045e-01, 6.239912513071e-05, 0.0000e+00, 0.0000e+00, 
 2DIAGNOSTIC,    32, -6.585710984220e-01, 3.801663917377e-05, 0.0000e+00, 0.0000e+00, 
 2DIAGNOSTIC,    33, -6.587144787788e-01, 3.485853062356e-05, 0.0000e+00, 0.0000e+00, 
 2DIAGNOSTIC,    34, -6.590279354066e-01, 3.208570542342e-05, 0.0000e+00, 0.0000e+00, 
 2DIAGNOSTIC,    35, -6.595661200589e-01, 3.664010992369e-05, 0.0000e+00, 0.0000e+00, 
 2DIAGNOSTIC,    36, -6.596016406703e-01, 3.988674283222e-05, 0.0000e+00, 0.0000e+00, 
 2DIAGNOSTIC,    37, -6.596194797557e-01, 4.297267624806e-05, 0.0000e+00, 0.0000e+00, 
 2DIAGNOSTIC,    38, -6.596339802968e-01, 4.488099110811e-05, 0.0000e+00, 0.0000e+00, 
 2DIAGNOSTIC,    39, -6.595643499131e-01, 4.077360522806e-05, 0.0000e+00, 0.0000e+00, 
 2DIAGNOSTIC,    40, -6.597187584080e-01, 3.591513872799e-05, 0.0000e+00, 0.0000e+00, 
 2DIAGNOSTIC,    41, -6.597436943304e-01, 2.750829211740e-05, 0.0000e+00, 0.0000e+00, 
 2DIAGNOSTIC,    42, -6.597543372182e-01, 1.938201337648e-05, 0.0000e+00, 0.0000e+00, 
 2DIAGNOSTIC,    43, -6.597538890848e-01, 1.135196868269e-05, 0.0000e+00, 0.0000e+00, 
 2DIAGNOSTIC,    44, -6.597564365563e-01, 5.737129774235e-06, 0.0000e+00, 0.0000e+00, 
 2DIAGNOSTIC,    45, -6.597563726864e-01, 5.178209805438e-06, 0.0000e+00, 0.0000e+00, 
 2DIAGNOSTIC,    46, -6.597564971236e-01, 4.538352149693e-06, 0.0000e+00, 0.0000e+00, 
 2DIAGNOSTIC,    47, -6.597561823625e-01, 3.735349390178e-06, 0.0000e+00, 0.0000e+00, 
 2DIAGNOSTIC,    48, -6.597563192345e-01, 2.849967936314e-06, 0.0000e+00, 0.0000e+00, 
 2DIAGNOSTIC,    49, -6.597561860099e-01, 1.127921661143e-06, 0.0000e+00, 0.0000e+00, 
DIAGNOSTIC,Iteration,metricValue,convergenceValue,ITERATION_TIME_INDEX,SINCE_LAST
 2DIAGNOSTIC,     1, -5.174225301564e-01, 1.797693134862e+308, 0.0000e+00, 0.0000e+00, 
 2DIAGNOSTIC,     2, -5.180936321852e-01, 1.797693134862e+308, 0.0000e+00, 0.0000e+00, 
 2DIAGNOSTIC,     3, -5.191042553662e-01, 1.797693134862e+308, 0.0000e+00, 0.0000e+00, 
 2DIAGNOSTIC,     4, -5.197971648009e-01, 1.797693134862e+308, 0.0000e+00, 0.0000e+00, 
 2DIAGNOSTIC,     5, -5.202410959291e-01, 1.797693134862e+308, 0.0000e+00, 0.0000e+00, 
 2DIAGNOSTIC,     6, -5.208991716825e-01, 1.797693134862e+308, 0.0000e+00, 0.0000e+00, 
 2DIAGNOSTIC,     7, -5.220843638785e-01, 1.797693134862e+308, 0.0000e+00, 0.0000e+00, 
 2DIAGNOSTIC,     8, -5.246510403379e-01, 1.797693134862e+308, 0.0000e+00, 0.0000e+00, 
 2DIAGNOSTIC,     9, -5.255504354199e-01, 1.797693134862e+308, 0.0000e+00, 0.0000e+00, 
 2DIAGNOSTIC,    10, -5.262112163631e-01, 1.113744540778e-03, 0.0000e+00, 0.0000e+00, 
 2DIAGNOSTIC,    11, -5.273117823849e-01, 1.078121930921e-03, 0.0000e+00, 0.0000e+00, 
 2DIAGNOSTIC,    12, -5.273993162937e-01, 9.840838646784e-04, 0.0000e+00, 0.0000e+00, 
 2DIAGNOSTIC,    13, -5.275335327725e-01, 8.625564899543e-04, 0.0000e+00, 0.0000e+00, 
 2DIAGNOSTIC,    14, -5.279987678874e-01, 7.254553207422e-04, 0.0000e+00, 0.0000e+00, 
 2DIAGNOSTIC,    15, -5.283771711806e-01, 5.708502336320e-04, 0.0000e+00, 0.0000e+00, 
 2DIAGNOSTIC,    16, -5.285453159867e-01, 4.111939774186e-04, 0.0000e+00, 0.0000e+00, 
 2DIAGNOSTIC,    17, -5.285740318259e-01, 2.699310936023e-04, 0.0000e+00, 0.0000e+00, 
 2DIAGNOSTIC,    18, -5.285714236318e-01, 1.970448952886e-04, 0.0000e+00, 0.0000e+00, 
 2DIAGNOSTIC,    19, -5.285953232537e-01, 1.398205013949e-04, 0.0000e+00, 0.0000e+00, 
 2DIAGNOSTIC,    20, -5.285944350077e-01, 9.238771980805e-05, 0.0000e+00, 0.0000e+00, 
 2DIAGNOSTIC,    21, -5.285933485759e-01, 6.946180501873e-05, 0.0000e+00, 0.0000e+00, 
 2DIAGNOSTIC,    22, -5.285758483171e-01, 4.419383096715e-05, 0.0000e+00, 0.0000e+00, 
 2DIAGNOSTIC,    23, -5.285875419137e-01, 2.043743186416e-05, 0.0000e+00, 0.0000e+00, 
 2DIAGNOSTIC,    24, -5.285840223761e-01, 7.084633695933e-06, 0.0000e+00, 0.0000e+00, 
 2DIAGNOSTIC,    25, -5.285757170803e-01, 2.172191901600e-06, 0.0000e+00, 0.0000e+00, 
 2DIAGNOSTIC,    26, -5.286009851135e-01, 1.578186847359e-06, 0.0000e+00, 0.0000e+00, 
 2DIAGNOSTIC,    27, -5.286303176094e-01, 2.152421320178e-06, 0.0000e+00, 0.0000e+00, 
 2DIAGNOSTIC,    28, -5.286495325504e-01, 2.885822703289e-06, 0.0000e+00, 0.0000e+00, 
 2DIAGNOSTIC,    29, -5.286829449679e-01, 4.471526393497e-06, 0.0000e+00, 0.0000e+00, 
 2DIAGNOSTIC,    30, -5.287410328913e-01, 6.659459225268e-06, 0.0000e+00, 0.0000e+00, 
 2DIAGNOSTIC,    31, -5.287925098111e-01, 9.039148377341e-06, 0.0000e+00, 0.0000e+00, 
 2DIAGNOSTIC,    32, -5.288806283497e-01, 1.167886969573e-05, 0.0000e+00, 0.0000e+00, 
 2DIAGNOSTIC,    33, -5.289348671053e-01, 1.420590360416e-05, 0.0000e+00, 0.0000e+00, 
 2DIAGNOSTIC,    34, -5.290110106253e-01, 1.648848743315e-05, 0.0000e+00, 0.0000e+00, 
 2DIAGNOSTIC,    35, -5.290722969380e-01, 1.795771346105e-05, 0.0000e+00, 0.0000e+00, 
 2DIAGNOSTIC,    36, -5.294021058836e-01, 2.302608866921e-05, 0.0000e+00, 0.0000e+00, 
 2DIAGNOSTIC,    37, -5.296430527692e-01, 2.952979090188e-05, 0.0000e+00, 0.0000e+00, 
 2DIAGNOSTIC,    38, -5.301686543361e-01, 4.065377739877e-05, 0.0000e+00, 0.0000e+00, 
 2DIAGNOSTIC,    39, -5.306894658503e-01, 5.496315180272e-05, 0.0000e+00, 0.0000e+00, 
 2DIAGNOSTIC,    40, -5.308272905336e-01, 6.593996547191e-05, 0.0000e+00, 0.0000e+00, 
 2DIAGNOSTIC,    41, -5.311199550215e-01, 7.473468741832e-05, 0.0000e+00, 0.0000e+00, 
 2DIAGNOSTIC,    42, -5.312778915190e-01, 7.913932655159e-05, 0.0000e+00, 0.0000e+00, 
 2DIAGNOSTIC,    43, -5.316961800762e-01, 8.169089528787e-05, 0.0000e+00, 0.0000e+00, 
 2DIAGNOSTIC,    44, -5.325149291216e-01, 8.721965671730e-05, 0.0000e+00, 0.0000e+00, 
 2DIAGNOSTIC,    45, -5.347961345046e-01, 1.120368729090e-04, 0.0000e+00, 0.0000e+00, 
 2DIAGNOSTIC,    46, -5.455383449610e-01, 2.540862363556e-04, 0.0000e+00, 0.0000e+00, 
 2DIAGNOSTIC,    47, -5.493560991258e-01, 4.088614635861e-04, 0.0000e+00, 0.0000e+00, 
 2DIAGNOSTIC,    48, -5.569403995157e-01, 6.089241679112e-04, 0.0000e+00, 0.0000e+00, 
 2DIAGNOSTIC,    49, -5.598405363774e-01, 7.793699820336e-04, 0.0000e+00, 0.0000e+00, 
 2DIAGNOSTIC,    50, -5.621649203195e-01, 8.942565152239e-04, 0.0000e+00, 0.0000e+00, 
 2DIAGNOSTIC,    51, -5.636894258435e-01, 9.367721148431e-04, 0.0000e+00, 0.0000e+00, 
 2DIAGNOSTIC,    52, -5.640615974605e-01, 8.926087835415e-04, 0.0000e+00, 0.0000e+00, 
 2DIAGNOSTIC,    53, -5.644571389406e-01, 7.736214282567e-04, 0.0000e+00, 0.0000e+00, 
 2DIAGNOSTIC,    54, -5.651946322893e-01, 6.011104280324e-04, 0.0000e+00, 0.0000e+00, 
 2DIAGNOSTIC,    55, -5.656796485204e-01, 4.024545759576e-04, 0.0000e+00, 0.0000e+00, 
 2DIAGNOSTIC,    56, -5.657059391784e-01, 2.750580229952e-04, 0.0000e+00, 0.0000e+00, 
 2DIAGNOSTIC,    57, -5.657680031859e-01, 1.609218560189e-04, 0.0000e+00, 0.0000e+00, 
 2DIAGNOSTIC,    58, -5.658105342529e-01, 1.050822930119e-04, 0.0000e+00, 0.0000e+00, 
 2DIAGNOSTIC,    59, -5.659088699990e-01, 6.765114909118e-05, 0.0000e+00, 0.0000e+00, 
 2DIAGNOSTIC,    60, -5.659399333018e-01, 4.550529529943e-05, 0.0000e+00, 0.0000e+00, 
 2DIAGNOSTIC,    61, -5.659552952869e-01, 3.321620396172e-05, 0.0000e+00, 0.0000e+00, 
 2DIAGNOSTIC,    62, -5.659920486424e-01, 2.174301929665e-05, 0.0000e+00, 0.0000e+00, 
 2DIAGNOSTIC,    63, -5.660610069065e-01, 1.237375649104e-05, 0.0000e+00, 0.0000e+00, 
 2DIAGNOSTIC,    64, -5.661911762142e-01, 9.205475186621e-06, 0.0000e+00, 0.0000e+00, 
 2DIAGNOSTIC,    65, -5.664749973034e-01, 1.152736155477e-05, 0.0000e+00, 0.0000e+00, 
 2DIAGNOSTIC,    66, -5.667705498667e-01, 1.524246685405e-05, 0.0000e+00, 0.0000e+00, 
 2DIAGNOSTIC,    67, -5.668558514070e-01, 1.855492892124e-05, 0.0000e+00, 0.0000e+00, 
 2DIAGNOSTIC,    68, -5.668576021302e-01, 2.038283181425e-05, 0.0000e+00, 0.0000e+00, 
 2DIAGNOSTIC,    69, -5.668628079601e-01, 2.104532183754e-05, 0.0000e+00, 0.0000e+00, 
 2DIAGNOSTIC,    70, -5.668682274174e-01, 1.995097037198e-05, 0.0000e+00, 0.0000e+00, 
 2DIAGNOSTIC,    71, -5.668682114980e-01, 1.709224349234e-05, 0.0000e+00, 0.0000e+00, 
 2DIAGNOSTIC,    72, -5.668677988258e-01, 1.299278731207e-05, 0.0000e+00, 0.0000e+00, 
 2DIAGNOSTIC,    73, -5.668658205433e-01, 8.314963337964e-06, 0.0000e+00, 0.0000e+00, 
 2DIAGNOSTIC,    74, -5.668639727794e-01, 3.898143415542e-06, 0.0000e+00, 0.0000e+00, 
 2DIAGNOSTIC,    75, -5.668832988680e-01, 1.338206294757e-06, 0.0000e+00, 0.0000e+00, 
DIAGNOSTIC,Iteration,metricValue,convergenceValue,ITERATION_TIME_INDEX,SINCE_LAST
 2DIAGNOSTIC,     1, -4.998463276499e-01, 1.797693134862e+308, 0.0000e+00, 0.0000e+00, 
 2DIAGNOSTIC,     2, -5.001306918253e-01, 1.797693134862e+308, 0.0000e+00, 0.0000e+00, 
 2DIAGNOSTIC,     3, -5.004215477510e-01, 1.797693134862e+308, 0.0000e+00, 0.0000e+00, 
 2DIAGNOSTIC,     4, -5.006426598145e-01, 1.797693134862e+308, 0.0000e+00, 0.0000e+00, 
 2DIAGNOSTIC,     5, -5.007855623523e-01, 1.797693134862e+308, 0.0000e+00, 0.0000e+00, 
 2DIAGNOSTIC,     6, -5.010227476977e-01, 1.797693134862e+308, 0.0000e+00, 0.0000e+00, 
 2DIAGNOSTIC,     7, -5.014077452748e-01, 1.797693134862e+308, 0.0000e+00, 0.0000e+00, 
 2DIAGNOSTIC,     8, -5.023292389575e-01, 1.797693134862e+308, 0.0000e+00, 0.0000e+00, 
 2DIAGNOSTIC,     9, -5.023582413166e-01, 1.797693134862e+308, 0.0000e+00, 0.0000e+00, 
 2DIAGNOSTIC,    10, -5.023596741163e-01, 3.545394272153e-04, 0.0000e+00, 0.0000e+00, 
 2DIAGNOSTIC,    11, -5.023556684143e-01, 3.073768692410e-04, 0.0000e+00, 0.0000e+00, 
 2DIAGNOSTIC,    12, -5.023567278320e-01, 2.536369958852e-04, 0.0000e+00, 0.0000e+00, 
 2DIAGNOSTIC,    13, -5.023570902802e-01, 1.974398858729e-04, 0.0000e+00, 0.0000e+00, 
 2DIAGNOSTIC,    14, -5.023558947094e-01, 1.405209562181e-04, 0.0000e+00, 0.0000e+00, 
 2DIAGNOSTIC,    15, -5.023562551966e-01, 8.448047186095e-05, 0.0000e+00, 0.0000e+00, 
 2DIAGNOSTIC,    16, -5.023554555423e-01, 3.629644145714e-05, 0.0000e+00, 0.0000e+00, 
 2DIAGNOSTIC,    17, -5.023633226401e-01, 2.856522529862e-06, 0.0000e+00, 0.0000e+00, 
 2DIAGNOSTIC,    18, -5.023633806161e-01, 2.016028355742e-06, 0.0000e+00, 0.0000e+00, 
 2DIAGNOSTIC,    19, -5.023612720172e-01, 2.044088835862e-06, 0.0000e+00, 0.0000e+00, 
 2DIAGNOSTIC,    20, -5.023607745015e-01, 2.071040841163e-06, 0.0000e+00, 0.0000e+00, 
 2DIAGNOSTIC,    21, -5.023585259829e-01, 1.880366371436e-06, 0.0000e+00, 0.0000e+00, 
 2DIAGNOSTIC,    22, -5.023586912395e-01, 1.701567597691e-06, 0.0000e+00, 0.0000e+00, 
 2DIAGNOSTIC,    23, -5.023580034544e-01, 1.505814901701e-06, 0.0000e+00, 0.0000e+00, 
 2DIAGNOSTIC,    24, -5.023571682419e-01, 1.270345688628e-06, 0.0000e+00, 0.0000e+00, 
 2DIAGNOSTIC,    25, -5.023574104672e-01, 1.076504906806e-06, 0.0000e+00, 0.0000e+00, 
DIAGNOSTIC,Iteration,metricValue,convergenceValue,ITERATION_TIME_INDEX,SINCE_LAST
 2DIAGNOSTIC,     1, -4.668425527506e-01, 1.797693134862e+308, 0.0000e+00, 0.0000e+00, 
 2DIAGNOSTIC,     2, -4.669808755247e-01, 1.797693134862e+308, 0.0000e+00, 0.0000e+00, 
 2DIAGNOSTIC,     3, -4.670459093820e-01, 1.797693134862e+308, 0.0000e+00, 0.0000e+00, 
 2DIAGNOSTIC,     4, -4.670940961063e-01, 1.797693134862e+308, 0.0000e+00, 0.0000e+00, 
 2DIAGNOSTIC,     5, -4.670965357512e-01, 1.797693134862e+308, 0.0000e+00, 0.0000e+00, 
 2DIAGNOSTIC,     6, -4.670963784118e-01, 1.797693134862e+308, 0.0000e+00, 0.0000e+00, 
 2DIAGNOSTIC,     7, -4.670963730147e-01, 1.797693134862e+308, 0.0000e+00, 0.0000e+00, 
 2DIAGNOSTIC,     8, -4.670963698827e-01, 1.797693134862e+308, 0.0000e+00, 0.0000e+00, 
 2DIAGNOSTIC,     9, -4.670962098729e-01, 1.797693134862e+308, 0.0000e+00, 0.0000e+00, 
 2DIAGNOSTIC,    10, -4.670962334077e-01, 2.697227380336e-05, 0.0000e+00, 0.0000e+00, 
 2DIAGNOSTIC,    11, -4.670960852972e-01, 1.177853812406e-05, 0.0000e+00, 0.0000e+00, 
 2DIAGNOSTIC,    12, -4.670960758164e-01, 5.271576799734e-06, 0.0000e+00, 0.0000e+00, 
 2DIAGNOSTIC,    13, -4.670960575013e-01, 2.509242441356e-06, 0.0000e+00, 0.0000e+00, 
 2DIAGNOSTIC,    14, -4.670959488910e-01, 2.222772623531e-06, 0.0000e+00, 0.0000e+00, 
 2DIAGNOSTIC,    15, -4.670960176921e-01, 2.081360832545e-06, 0.0000e+00, 0.0000e+00, 
 2DIAGNOSTIC,    16, -4.670959922932e-01, 1.954399036663e-06, 0.0000e+00, 0.0000e+00, 
 2DIAGNOSTIC,    17, -4.670959893231e-01, 1.845388229768e-06, 0.0000e+00, 0.0000e+00, 
 2DIAGNOSTIC,    18, -4.670959606397e-01, 1.750162125121e-06, 0.0000e+00, 0.0000e+00, 
 2DIAGNOSTIC,    19, -4.670959597289e-01, 1.661581803779e-06, 0.0000e+00, 0.0000e+00, 
 2DIAGNOSTIC,    20, -4.670959257042e-01, 1.583002327707e-06, 0.0000e+00, 0.0000e+00, 
 2DIAGNOSTIC,    21, -4.670959268446e-01, 1.508509030398e-06, 0.0000e+00, 0.0000e+00, 
 2DIAGNOSTIC,    22, -4.670959274195e-01, 1.441312770349e-06, 0.0000e+00, 0.0000e+00, 
 2DIAGNOSTIC,    23, -4.670960974033e-01, 1.384669280756e-06, 0.0000e+00, 0.0000e+00, 
 2DIAGNOSTIC,    24, -4.670961006960e-01, 1.329916114665e-06, 0.0000e+00, 0.0000e+00, 
 2DIAGNOSTIC,    25, -4.670960753067e-01, 1.280405455231e-06, 0.0000e+00, 0.0000e+00, 
 2DIAGNOSTIC,    26, -4.670960734787e-01, 1.233546532746e-06, 0.0000e+00, 0.0000e+00, 
 2DIAGNOSTIC,    27, -4.670960734787e-01, 1.189276967822e-06, 0.0000e+00, 0.0000e+00, 
 2DIAGNOSTIC,    28, -4.670960734787e-01, 1.146559663760e-06, 0.0000e+00, 0.0000e+00, 
 2DIAGNOSTIC,    29, -4.670960727911e-01, 1.105910203143e-06, 0.0000e+00, 0.0000e+00, 
 2DIAGNOSTIC,    30, -4.670960727911e-01, 1.066626395700e-06, 0.0000e+00, 0.0000e+00, 
 2DIAGNOSTIC,    31, -4.670960139977e-01, 1.028322011688e-06, 0.0000e+00, 0.0000e+00, 
  Elapsed time (stage 0): 0.0000e+00


Total elapsed time: 0.0000e+00
Info [verificarlo]: loaded backend libinterflop_ieee.so
Info [interflop-ieee]: load backend with:
Info [interflop-ieee]: debug = false
Info [interflop-ieee]: debug-binary = false
Info [interflop-ieee]: no-backend-name = false
Info [interflop-ieee]: print-new-line = false
Info [interflop-ieee]: print-subnormal-normalized = false
Info [interflop-ieee]: count-op = false
All_Command_lines_OK
Using double precision for computations.
=============================================================================
The composite transform comprises the following transforms (in order): 
  1. /home/mdugre/scratch/mri-registration-rp/datasets/ds004513/derivatives/mri-registration-rp/0100/antsRegistration-r7-p21/sub-s032/rigid_Composite.h5[0] (type = Euler3DTransform)
  2. /home/mdugre/scratch/mri-registration-rp/datasets/ds004513/derivatives/mri-registration-rp/0100/antsRegistration-r7-p21/sub-s032/rigid_Composite.h5[1] (type = Euler3DTransform)
  3. /home/mdugre/scratch/mri-registration-rp/datasets/ds004513/derivatives/mri-registration-rp/0100/antsRegistration-r7-p21/sub-s032/rigid_Composite.h5[2] (type = Euler3DTransform)
=============================================================================
  number of levels = 4
  fixed image: /templateflow/tpl-MNI152NLin2009cAsym/tpl-MNI152NLin2009cAsym_res-01_desc-brain_T1w.nii.gz
  moving image: /home/mdugre/scratch/mri-registration-rp/datasets/ds004513/derivatives/mri-registration-rp/antsBrainExtraction/sub-s032/BrainExtractionBrain.nii.gz
Dimension = 3
Number of stages = 1
Use histogram matching = false
Winsorize image intensities = true
  Lower quantile = 0.005
  Upper quantile = 0.995


Stage 1 State
   Image metric = MattesMI
     Fixed image = Image (0x4e1d7e0)
  RTTI typeinfo:   itk::Image<double, 3u>
  Reference Count: 2
  Modified Time: 1592
  Debug: Off
  Object Name: 
  Observers: 
    none
  Source: (none)
  Source output name: (none)
  Release Data: Off
  Data Released: False
  Global Release Data: Off
  PipelineMTime: 0
  UpdateMTime: 1203
  RealTimeStamp: 0 seconds 
  LargestPossibleRegion: 
    Dimension: 3
    Index: [0, 0, 0]
    Size: [193, 229, 193]
  BufferedRegion: 
    Dimension: 3
    Index: [0, 0, 0]
    Size: [193, 229, 193]
  RequestedRegion: 
    Dimension: 3
    Index: [0, 0, 0]
    Size: [193, 229, 193]
  Spacing: [1, 1, 1]
  Origin: [96, 132, -78]
  Direction: 
-1 0 0
0 -1 0
0 0 1

  IndexToPointMatrix: 
-1 0 0
0 -1 0
0 0 1

  PointToIndexMatrix: 
-1 0 0
0 -1 0
0 0 1

  Inverse Direction: 
-1 0 0
0 -1 0
0 0 1

  PixelContainer: 
    ImportImageContainer (0x4ee8880)
      RTTI typeinfo:   itk::ImportImageContainer<unsigned long, double>
      Reference Count: 1
      Modified Time: 1200
      Debug: Off
      Object Name: 
      Observers: 
        none
      Pointer: 0x14e05fcec010
      Container manages memory: true
      Size: 8530021
      Capacity: 8530021

     Moving image = Image (0x4ed9050)
  RTTI typeinfo:   itk::Image<double, 3u>
  Reference Count: 2
  Modified Time: 1593
  Debug: Off
  Object Name: 
  Observers: 
    none
  Source: (none)
  Source output name: (none)
  Release Data: Off
  Data Released: False
  Global Release Data: Off
  PipelineMTime: 0
  UpdateMTime: 1590
  RealTimeStamp: 0 seconds 
  LargestPossibleRegion: 
    Dimension: 3
    Index: [0, 0, 0]
    Size: [160, 240, 256]
  BufferedRegion: 
    Dimension: 3
    Index: [0, 0, 0]
    Size: [160, 240, 256]
  RequestedRegion: 
    Dimension: 3
    Index: [0, 0, 0]
    Size: [160, 240, 256]
  Spacing: [1, 1, 1]
  Origin: [73.279, 104.707, -131.187]
  Direction: 
-0.997527 0.0645574 -0.0278053
-0.0645323 -0.997914 -0.00179875
-0.0278634 4.01097e-08 0.999612

  IndexToPointMatrix: 
-0.997527 0.0645574 -0.0278053
-0.0645323 -0.997914 -0.00179875
-0.0278634 4.01097e-08 0.999612

  PointToIndexMatrix: 
-0.997527 -0.0645323 -0.0278634
0.0645574 -0.997914 4.01049e-08
-0.0278053 -0.00179875 0.999612

  Inverse Direction: 
-0.997527 -0.0645323 -0.0278634
0.0645574 -0.997914 4.01049e-08
-0.0278053 -0.00179875 0.999612

  PixelContainer: 
    ImportImageContainer (0x4f8c690)
      RTTI typeinfo:   itk::ImportImageContainer<unsigned long, double>
      Reference Count: 1
      Modified Time: 1587
      Debug: Off
      Object Name: 
      Observers: 
        none
      Pointer: 0x14e05b1eb010
      Container manages memory: true
      Size: 9830400
      Capacity: 9830400

     Weighting = 1
     Sampling strategy = regular
     Number of bins = 32
     Radius = 4
     Sampling percentage  = 0.25
   Transform = Affine
     Gradient step = 0.1
     Update field sigma (voxel space) = 0
     Total field sigma (voxel space) = 0
     Update field time sigma = 0
     Total field time sigma  = 0
     Number of time indices = 0
     Number of time point samples = 0
Registration using 1 total stages.

Stage 0
  iterations = 1000x500x250x100
  convergence threshold = 1e-06
  convergence window size = 10
  number of levels = 4
  using the Mattes MI metric (number of bins = 32, weight = 1, use gradient filter = 0)
  preprocessing:  winsorizing the image intensities
  Shrink factors (level 1 out of 4): [8, 8, 8]
  Shrink factors (level 2 out of 4): [4, 4, 4]
  Shrink factors (level 3 out of 4): [2, 2, 2]
  Shrink factors (level 4 out of 4): [1, 1, 1]
  smoothing sigmas per level: [3, 2, 1, 0]
  regular sampling (percentage = 0.25)

*** Running AffineTransform registration ***

DIAGNOSTIC,Iteration,metricValue,convergenceValue,ITERATION_TIME_INDEX,SINCE_LAST
 2DIAGNOSTIC,     1, -6.840628082899e-01, 1.797693134862e+308, 7.5069e-01, 7.5069e-01, 
 2DIAGNOSTIC,     2, -6.859143747570e-01, 1.797693134862e+308, 7.5564e-01, 4.9489e-03, 
 2DIAGNOSTIC,     3, -6.884596987375e-01, 1.797693134862e+308, 7.6100e-01, 5.3670e-03, 
 2DIAGNOSTIC,     4, -6.928519844917e-01, 1.797693134862e+308, 7.6656e-01, 5.5549e-03, 
 2DIAGNOSTIC,     5, -7.013171558217e-01, 1.797693134862e+308, 7.7174e-01, 5.1799e-03, 
 2DIAGNOSTIC,     6, -7.104512898140e-01, 1.797693134862e+308, 7.7636e-01, 4.6210e-03, 
 2DIAGNOSTIC,     7, -7.212438196922e-01, 1.797693134862e+308, 7.8186e-01, 5.4970e-03, 
 2DIAGNOSTIC,     8, -7.250201196657e-01, 1.797693134862e+308, 7.8669e-01, 4.8318e-03, 
 2DIAGNOSTIC,     9, -7.273191694143e-01, 1.797693134862e+308, 7.9283e-01, 6.1440e-03, 
 2DIAGNOSTIC,    10, -7.322671255050e-01, 5.021206152856e-03, 7.9842e-01, 5.5828e-03, 
 2DIAGNOSTIC,    11, -7.346938455362e-01, 4.522627941315e-03, 8.0444e-01, 6.0279e-03, 
 2DIAGNOSTIC,    12, -7.353008080673e-01, 3.784542830224e-03, 8.0974e-01, 5.3010e-03, 
 2DIAGNOSTIC,    13, -7.353218956983e-01, 2.904754676235e-03, 8.1513e-01, 5.3902e-03, 
 2DIAGNOSTIC,    14, -7.358082783534e-01, 2.030137900989e-03, 8.2106e-01, 5.9271e-03, 
 2DIAGNOSTIC,    15, -7.362090539260e-01, 1.320335675274e-03, 8.2588e-01, 4.8149e-03, 
 2DIAGNOSTIC,    16, -7.364783535224e-01, 8.063492795717e-04, 8.3133e-01, 5.4560e-03, 
 2DIAGNOSTIC,    17, -7.368083976363e-01, 5.387462345124e-04, 8.3659e-01, 5.2550e-03, 
 2DIAGNOSTIC,    18, -7.374010413612e-01, 3.485164280363e-04, 8.4393e-01, 7.3419e-03, 
 2DIAGNOSTIC,    19, -7.377527201575e-01, 1.991798792631e-04, 8.5111e-01, 7.1812e-03, 
 2DIAGNOSTIC,    20, -7.381202184044e-01, 1.500928919693e-04, 8.5666e-01, 5.5540e-03, 
 2DIAGNOSTIC,    21, -7.382399122241e-01, 1.394237954289e-04, 8.6142e-01, 4.7510e-03, 
 2DIAGNOSTIC,    22, -7.383830508222e-01, 1.304567605331e-04, 8.6651e-01, 5.0929e-03, 
 2DIAGNOSTIC,    23, -7.387884583479e-01, 1.172682897064e-04, 8.7369e-01, 7.1850e-03, 
 2DIAGNOSTIC,    24, -7.389309484851e-01, 1.042959554506e-04, 8.7905e-01, 5.3570e-03, 
 2DIAGNOSTIC,    25, -7.388258377648e-01, 8.737587065431e-05, 8.8388e-01, 4.8280e-03, 
 2DIAGNOSTIC,    26, -7.388523896341e-01, 6.831088124028e-05, 8.8936e-01, 5.4810e-03, 
 2DIAGNOSTIC,    27, -7.390007521783e-01, 5.114822023111e-05, 8.9421e-01, 4.8511e-03, 
 2DIAGNOSTIC,    28, -7.391572547223e-01, 4.074913980049e-05, 8.9901e-01, 4.7979e-03, 
 2DIAGNOSTIC,    29, -7.393698785085e-01, 3.477996253665e-05, 9.0453e-01, 5.5201e-03, 
 2DIAGNOSTIC,    30, -7.397578154971e-01, 3.592757236605e-05, 9.0993e-01, 5.4002e-03, 
 2DIAGNOSTIC,    31, -7.397786444800e-01, 3.542906113248e-05, 9.1753e-01, 7.6020e-03, 
 2DIAGNOSTIC,    32, -7.397789122489e-01, 3.336590078226e-05, 9.2236e-01, 4.8330e-03, 
 2DIAGNOSTIC,    33, -7.397799911637e-01, 3.313971367414e-05, 9.2892e-01, 6.5560e-03, 
 2DIAGNOSTIC,    34, -7.397800167678e-01, 3.151453412239e-05, 9.3674e-01, 7.8161e-03, 
 2DIAGNOSTIC,    35, -7.397800174305e-01, 2.586740099558e-05, 9.4472e-01, 7.9801e-03, 
 2DIAGNOSTIC,    36, -7.397800174383e-01, 1.844699611911e-05, 9.5453e-01, 9.8128e-03, 
 2DIAGNOSTIC,    37, -7.397800174383e-01, 1.137061502680e-05, 9.5994e-01, 5.4109e-03, 
 2DIAGNOSTIC,    38, -7.397800174383e-01, 5.264239010098e-06, 9.6643e-01, 6.4950e-03, 
 2DIAGNOSTIC,    39, -7.397800174383e-01, 1.067668543291e-06, 9.7250e-01, 6.0651e-03, 
DIAGNOSTIC,Iteration,metricValue,convergenceValue,ITERATION_TIME_INDEX,SINCE_LAST
 2DIAGNOSTIC,     1, -5.964288021578e-01, 1.797693134862e+308, 1.7930e+00, 8.2046e-01, 
 2DIAGNOSTIC,     2, -5.963822569060e-01, 1.797693134862e+308, 1.8337e+00, 4.0790e-02, 
 2DIAGNOSTIC,     3, -5.963453699603e-01, 1.797693134862e+308, 1.8745e+00, 4.0769e-02, 
 2DIAGNOSTIC,     4, -5.962922073230e-01, 1.797693134862e+308, 1.9176e+00, 4.3106e-02, 
 2DIAGNOSTIC,     5, -5.962716857052e-01, 1.797693134862e+308, 1.9765e+00, 5.8904e-02, 
 2DIAGNOSTIC,     6, -5.962715212186e-01, 1.797693134862e+308, 2.0147e+00, 3.8146e-02, 
 2DIAGNOSTIC,     7, -5.962690809207e-01, 1.797693134862e+308, 2.0546e+00, 3.9969e-02, 
 2DIAGNOSTIC,     8, -5.962678791906e-01, 1.797693134862e+308, 2.0928e+00, 3.8201e-02, 
 2DIAGNOSTIC,     9, -5.962666938083e-01, 1.797693134862e+308, 2.1357e+00, 4.2845e-02, 
DIAGNOSTIC,Iteration,metricValue,convergenceValue,ITERATION_TIME_INDEX,SINCE_LAST
 2DIAGNOSTIC,     1, -5.309098575703e-01, 1.797693134862e+308, 3.2541e+00, 1.1184e+00, 
 2DIAGNOSTIC,     2, -5.311420271974e-01, 1.797693134862e+308, 3.5448e+00, 2.9067e-01, 
 2DIAGNOSTIC,     3, -5.315599178831e-01, 1.797693134862e+308, 3.8432e+00, 2.9843e-01, 
 2DIAGNOSTIC,     4, -5.321552142356e-01, 1.797693134862e+308, 4.1617e+00, 3.1850e-01, 
 2DIAGNOSTIC,     5, -5.331468328004e-01, 1.797693134862e+308, 4.4597e+00, 2.9794e-01, 
 2DIAGNOSTIC,     6, -5.343272073915e-01, 1.797693134862e+308, 4.7705e+00, 3.1086e-01, 
 2DIAGNOSTIC,     7, -5.371214546584e-01, 1.797693134862e+308, 5.2745e+00, 5.0400e-01, 
 2DIAGNOSTIC,     8, -5.372366835757e-01, 1.797693134862e+308, 5.5762e+00, 3.0168e-01, 
 2DIAGNOSTIC,     9, -5.379419989891e-01, 1.797693134862e+308, 5.8784e+00, 3.0221e-01, 
 2DIAGNOSTIC,    10, -5.388453053109e-01, 1.086705350067e-03, 6.1764e+00, 2.9796e-01, 
 2DIAGNOSTIC,    11, -5.399284001264e-01, 1.045440481020e-03, 6.4683e+00, 2.9196e-01, 
 2DIAGNOSTIC,    12, -5.412408680734e-01, 9.836613899697e-04, 6.7347e+00, 2.6640e-01, 
 2DIAGNOSTIC,    13, -5.435093273773e-01, 9.518181443135e-04, 7.2388e+00, 5.0408e-01, 
 2DIAGNOSTIC,    14, -5.435715694934e-01, 8.627116644690e-04, 7.5966e+00, 3.5777e-01, 
 2DIAGNOSTIC,    15, -5.435667475680e-01, 7.429010824892e-04, 7.9301e+00, 3.3355e-01, 
 2DIAGNOSTIC,    16, -5.435613294280e-01, 6.073393723875e-04, 8.2681e+00, 3.3793e-01, 
 2DIAGNOSTIC,    17, -5.435624134115e-01, 5.186689399059e-04, 8.6154e+00, 3.4738e-01, 
 2DIAGNOSTIC,    18, -5.435743083847e-01, 3.949318391929e-04, 8.9352e+00, 3.1972e-01, 
 2DIAGNOSTIC,    19, -5.435717500334e-01, 2.674150833767e-04, 9.2657e+00, 3.3057e-01, 
 2DIAGNOSTIC,    20, -5.435766459526e-01, 1.526190021697e-04, 9.6052e+00, 3.3943e-01, 
 2DIAGNOSTIC,    21, -5.435796841847e-01, 6.183355525078e-05, 9.8847e+00, 2.7949e-01, 
 2DIAGNOSTIC,    22, -5.435853782300e-01, 3.780107199293e-06, 1.0237e+01, 3.5225e-01, 
 2DIAGNOSTIC,    23, -5.435960892087e-01, 2.766357057572e-06, 1.0603e+01, 3.6630e-01, 
 2DIAGNOSTIC,    24, -5.435926391728e-01, 2.996993844095e-06, 1.0994e+01, 3.9067e-01, 
 2DIAGNOSTIC,    25, -5.435940823546e-01, 2.994500325176e-06, 1.1306e+01, 3.1251e-01, 
 2DIAGNOSTIC,    26, -5.435926665110e-01, 2.694204694710e-06, 1.1611e+01, 3.0485e-01, 
 2DIAGNOSTIC,    27, -5.435936647422e-01, 2.310653557082e-06, 1.1918e+01, 3.0643e-01, 
 2DIAGNOSTIC,    28, -5.435924224846e-01, 2.048282734625e-06, 1.2200e+01, 2.8187e-01, 
