
##########################
# Experiment information #
##########################

EXPERIMENT_NAME: antsRegistration-r7-p11
VFC_BACKENDS: libinterflop_vprec.so --range-binary32=7 --precision-binary32=11 --range-binary64=7 --precision-binary64=11

SIF_IMG: /home/mdugre/projects/rrg-glatard/mdugre/containers/ants-vprec-no_metrics.simg

SUBJECT_ID: s035
INPUT_IMG: /home/mdugre/scratch/mri-registration-rp/datasets/ds004513/derivatives/mri-registration-rp/antsBrainExtraction/sub-s035/BrainExtractionBrain.nii.gz
OUTPUT_DIR: /home/mdugre/scratch/mri-registration-rp/datasets/ds004513/derivatives/mri-registration-rp/0100/antsRegistration-r7-p11/sub-s035

FIXED_IMG: /templateflow/tpl-MNI152NLin2009cAsym/tpl-MNI152NLin2009cAsym_res-01_desc-brain_T1w.nii.gz
DATA_DIR: /home/mdugre/scratch/mri-registration-rp/datasets/ds004513
TEMPLATEFLOW_DIR: /home/mdugre/projects/rrg-glatard/mdugre/templateflow
ITK_GLOBAL_DEFAULT_NUMBER_OF_THREADS: 16
##########################

Info [verificarlo]: loaded backend libinterflop_ieee.so
Info [interflop-ieee]: load backend with:
Info [interflop-ieee]: debug = false
Info [interflop-ieee]: debug-binary = false
Info [interflop-ieee]: no-backend-name = false
Info [interflop-ieee]: print-new-line = false
Info [interflop-ieee]: print-subnormal-normalized = false
Info [interflop-ieee]: count-op = false
All_Command_lines_OK
Using double precision for computations.
=============================================================================
The composite transform comprises the following transforms (in order): 
  1. Center of mass alignment using fixed image: /templateflow/tpl-MNI152NLin2009cAsym/tpl-MNI152NLin2009cAsym_res-01_desc-brain_T1w.nii.gz and moving image: /home/mdugre/scratch/mri-registration-rp/datasets/ds004513/derivatives/mri-registration-rp/antsBrainExtraction/sub-s035/BrainExtractionBrain.nii.gz (type = Euler3DTransform)
=============================================================================
  number of levels = 1
  fixed image: /templateflow/tpl-MNI152NLin2009cAsym/tpl-MNI152NLin2009cAsym_res-01_desc-brain_T1w.nii.gz
  moving image: /home/mdugre/scratch/mri-registration-rp/datasets/ds004513/derivatives/mri-registration-rp/antsBrainExtraction/sub-s035/BrainExtractionBrain.nii.gz
Dimension = 3
Number of stages = 1
Use histogram matching = false
Winsorize image intensities = true
  Lower quantile = 0.005
  Upper quantile = 0.995


Stage 1 State
   Image metric = MattesMI
     Fixed image = Image (0x4942e70)
  RTTI typeinfo:   itk::Image<double, 3u>
  Reference Count: 2
  Modified Time: 2330
  Debug: Off
  Object Name: 
  Observers: 
    none
  Source: (none)
  Source output name: (none)
  Release Data: Off
  Data Released: False
  Global Release Data: Off
  PipelineMTime: 0
  UpdateMTime: 1941
  RealTimeStamp: 0 seconds 
  LargestPossibleRegion: 
    Dimension: 3
    Index: [0, 0, 0]
    Size: [193, 229, 193]
  BufferedRegion: 
    Dimension: 3
    Index: [0, 0, 0]
    Size: [193, 229, 193]
  RequestedRegion: 
    Dimension: 3
    Index: [0, 0, 0]
    Size: [193, 229, 193]
  Spacing: [1, 1, 1]
  Origin: [96, 132, -78]
  Direction: 
-1 0 0
0 -1 0
0 0 1

  IndexToPointMatrix: 
-1 0 0
0 -1 0
0 0 1

  PointToIndexMatrix: 
-1 0 0
0 -1 0
0 0 1

  Inverse Direction: 
-1 0 0
0 -1 0
0 0 1

  PixelContainer: 
    ImportImageContainer (0x494bc60)
      RTTI typeinfo:   itk::ImportImageContainer<unsigned long, double>
      Reference Count: 1
      Modified Time: 1938
      Debug: Off
      Object Name: 
      Observers: 
        none
      Pointer: 0x1458bf0ee010
      Container manages memory: true
      Size: 8530021
      Capacity: 8530021

     Moving image = Image (0x49dfec0)
  RTTI typeinfo:   itk::Image<double, 3u>
  Reference Count: 2
  Modified Time: 2331
  Debug: Off
  Object Name: 
  Observers: 
    none
  Source: (none)
  Source output name: (none)
  Release Data: Off
  Data Released: False
  Global Release Data: Off
  PipelineMTime: 0
  UpdateMTime: 2328
  RealTimeStamp: 0 seconds 
  LargestPossibleRegion: 
    Dimension: 3
    Index: [0, 0, 0]
    Size: [160, 240, 256]
  BufferedRegion: 
    Dimension: 3
    Index: [0, 0, 0]
    Size: [160, 240, 256]
  RequestedRegion: 
    Dimension: 3
    Index: [0, 0, 0]
    Size: [160, 240, 256]
  Spacing: [1, 1, 1]
  Origin: [98.6438, 87.6358, -117.989]
  Direction: 
-0.993515 -0.100993 -0.0522355
0.100854 -0.994887 0.00530255
-0.0525039 1.93537e-08 0.998621

  IndexToPointMatrix: 
-0.993515 -0.100993 -0.0522355
0.100854 -0.994887 0.00530255
-0.0525039 1.93537e-08 0.998621

  PointToIndexMatrix: 
-0.993515 0.100854 -0.0525039
-0.100993 -0.994887 1.93006e-08
-0.0522355 0.00530255 0.998621

  Inverse Direction: 
-0.993515 0.100854 -0.0525039
-0.100993 -0.994887 1.93006e-08
-0.0522355 0.00530255 0.998621

  PixelContainer: 
    ImportImageContainer (0x4a77610)
      RTTI typeinfo:   itk::ImportImageContainer<unsigned long, double>
      Reference Count: 1
      Modified Time: 2325
      Debug: Off
      Object Name: 
      Observers: 
        none
      Pointer: 0x1458ba5ed010
      Container manages memory: true
      Size: 9830400
      Capacity: 9830400

     Weighting = 1
     Sampling strategy = regular
     Number of bins = 32
     Radius = 4
     Sampling percentage  = 0.25
   Transform = Rigid
     Gradient step = 0.1
     Update field sigma (voxel space) = 0
     Total field sigma (voxel space) = 0
     Update field time sigma = 0
     Total field time sigma  = 0
     Number of time indices = 0
     Number of time point samples = 0
Registration using 1 total stages.

Stage 0
  iterations = 0
  convergence threshold = 1e-06
  convergence window size = 10
  number of levels = 1
  using the Mattes MI metric (number of bins = 32, weight = 1, use gradient filter = 0)
  preprocessing:  winsorizing the image intensities
  Shrink factors (level 1 out of 1): [1, 1, 1]
  smoothing sigmas per level: [0]
  regular sampling (percentage = 0.25)

*** Running Euler3DTransform registration ***

  Elapsed time (stage 0): 1.10543


Total elapsed time: 1.10776
Info [verificarlo]: loaded backend libinterflop_vprec.so
Info [interflop-vprec]: load backend with: 
Info [interflop-vprec]: precision-binary32 = 11
Info [interflop-vprec]: range-binary32 = 7
Info [interflop-vprec]: precision-binary64 = 11
Info [interflop-vprec]: range-binary64 = 7
Info [interflop-vprec]: mode = ob
Info [interflop-vprec]: error-mode = rel
Info [interflop-vprec]: max-abs-error-exponent = -1022
Info [interflop-vprec]: daz = false
Info [interflop-vprec]: ftz = false
Info [interflop-vprec]: 	instrument = none
Info [interflop-vprec]: 	prec-input-file = (null)
Info [interflop-vprec]: 	prec-output-file = (null)
Info [interflop-vprec]: 	prec-log-file = (null)
All_Command_lines_OK
Using double precision for computations.
=============================================================================
The composite transform comprises the following transforms (in order): 
  1. /home/mdugre/scratch/mri-registration-rp/datasets/ds004513/derivatives/mri-registration-rp/0100/antsRegistration-r7-p11/sub-s035/align_Composite.h5[0] (type = Euler3DTransform)
  2. /home/mdugre/scratch/mri-registration-rp/datasets/ds004513/derivatives/mri-registration-rp/0100/antsRegistration-r7-p11/sub-s035/align_Composite.h5[1] (type = Euler3DTransform)
=============================================================================
  number of levels = 4
  fixed image: /templateflow/tpl-MNI152NLin2009cAsym/tpl-MNI152NLin2009cAsym_res-01_desc-brain_T1w.nii.gz
  moving image: /home/mdugre/scratch/mri-registration-rp/datasets/ds004513/derivatives/mri-registration-rp/antsBrainExtraction/sub-s035/BrainExtractionBrain.nii.gz
Dimension = 3
Number of stages = 1
Use histogram matching = false
Winsorize image intensities = true
  Lower quantile = 0.005
  Upper quantile = 0.995


Stage 1 State
   Image metric = MattesMI
     Fixed image = Image (0x4cf21e0)
  RTTI typeinfo:   itk::Image<double, 3u>
  Reference Count: 2
  Modified Time: 1578
  Debug: Off
  Object Name: 
  Observers: 
    none
  Source: (none)
  Source output name: (none)
  Release Data: Off
  Data Released: False
  Global Release Data: Off
  PipelineMTime: 0
  UpdateMTime: 1189
  RealTimeStamp: 0 seconds 
  LargestPossibleRegion: 
    Dimension: 3
    Index: [0, 0, 0]
    Size: [193, 229, 193]
  BufferedRegion: 
    Dimension: 3
    Index: [0, 0, 0]
    Size: [193, 229, 193]
  RequestedRegion: 
    Dimension: 3
    Index: [0, 0, 0]
    Size: [193, 229, 193]
  Spacing: [1, 1, 1]
  Origin: [96, 132, -78]
  Direction: 
-1 0 0
0 -1 0
0 0 1

  IndexToPointMatrix: 
-1 0 0
0 -1 0
0 0 1

  PointToIndexMatrix: 
-1 0 0
0 -1 0
0 0 1

  Inverse Direction: 
-1 0 0
0 -1 0
0 0 1

  PixelContainer: 
    ImportImageContainer (0x4db1680)
      RTTI typeinfo:   itk::ImportImageContainer<unsigned long, double>
      Reference Count: 1
      Modified Time: 1186
      Debug: Off
      Object Name: 
      Observers: 
        none
      Pointer: 0x145db1408010
      Container manages memory: true
      Size: 8530021
      Capacity: 8530021

     Moving image = Image (0x4dadb20)
  RTTI typeinfo:   itk::Image<double, 3u>
  Reference Count: 2
  Modified Time: 1579
  Debug: Off
  Object Name: 
  Observers: 
    none
  Source: (none)
  Source output name: (none)
  Release Data: Off
  Data Released: False
  Global Release Data: Off
  PipelineMTime: 0
  UpdateMTime: 1576
  RealTimeStamp: 0 seconds 
  LargestPossibleRegion: 
    Dimension: 3
    Index: [0, 0, 0]
    Size: [160, 240, 256]
  BufferedRegion: 
    Dimension: 3
    Index: [0, 0, 0]
    Size: [160, 240, 256]
  RequestedRegion: 
    Dimension: 3
    Index: [0, 0, 0]
    Size: [160, 240, 256]
  Spacing: [1, 1, 1]
  Origin: [98.6562, 87.625, -118]
  Direction: 
-0.993408 -0.100952 -0.0522308
0.10083 -0.994873 0.00530243
-0.0524902 0 0.998535

  IndexToPointMatrix: 
-0.993408 -0.100952 -0.0522308
0.10083 -0.994873 0.00530243
-0.0524902 0 0.998535

  PointToIndexMatrix: 
-0.993164 0.10083 -0.0524902
-0.100983 -0.994873 -9.53674e-07
-0.0522156 0.00529861 0.998535

  Inverse Direction: 
-0.993164 0.10083 -0.0524902
-0.100983 -0.994873 -9.53674e-07
-0.0522156 0.00529861 0.998535

  PixelContainer: 
    ImportImageContainer (0x4e16d50)
      RTTI typeinfo:   itk::ImportImageContainer<unsigned long, double>
      Reference Count: 1
      Modified Time: 1573
      Debug: Off
      Object Name: 
      Observers: 
        none
      Pointer: 0x145dac907010
      Container manages memory: true
      Size: 9830400
      Capacity: 9830400

     Weighting = 1
     Sampling strategy = regular
     Number of bins = 32
     Radius = 4
     Sampling percentage  = 0.25
   Transform = Rigid
     Gradient step = 0.1
     Update field sigma (voxel space) = 0
     Total field sigma (voxel space) = 0
     Update field time sigma = 0
     Total field time sigma  = 0
     Number of time indices = 0
     Number of time point samples = 0
Registration using 1 total stages.

Stage 0
  iterations = 1000x500x250x100
  convergence threshold = 1e-06
  convergence window size = 10
  number of levels = 4
  using the Mattes MI metric (number of bins = 32, weight = 1, use gradient filter = 0)
  preprocessing:  winsorizing the image intensities
  Shrink factors (level 1 out of 4): [8, 8, 8]
  Shrink factors (level 2 out of 4): [4, 4, 4]
  Shrink factors (level 3 out of 4): [2, 2, 2]
  Shrink factors (level 4 out of 4): [1, 1, 1]
  smoothing sigmas per level: [3, 2, 1, 0]
  regular sampling (percentage = 0.25)

*** Running Euler3DTransform registration ***

DIAGNOSTIC,Iteration,metricValue,convergenceValue,ITERATION_TIME_INDEX,SINCE_LAST
 2DIAGNOSTIC,     1, -5.218917032634e-01, 1.797693134862e+308, 0.0000e+00, 0.0000e+00, 
 2DIAGNOSTIC,     2, -5.222880798083e-01, 1.797693134862e+308, 0.0000e+00, 0.0000e+00, 
 2DIAGNOSTIC,     3, -5.231666485475e-01, 1.797693134862e+308, 0.0000e+00, 0.0000e+00, 
 2DIAGNOSTIC,     4, -5.235799632572e-01, 1.797693134862e+308, 0.0000e+00, 0.0000e+00, 
 2DIAGNOSTIC,     5, -5.247875309568e-01, 1.797693134862e+308, 0.0000e+00, 0.0000e+00, 
 2DIAGNOSTIC,     6, -5.264762022706e-01, 1.797693134862e+308, 0.0000e+00, 0.0000e+00, 
 2DIAGNOSTIC,     7, -5.296456393661e-01, 1.797693134862e+308, 0.0000e+00, 0.0000e+00, 
 2DIAGNOSTIC,     8, -5.356183887355e-01, 1.797693134862e+308, 0.0000e+00, 0.0000e+00, 
 2DIAGNOSTIC,     9, -5.477023508115e-01, 1.797693134862e+308, 0.0000e+00, 0.0000e+00, 
 2DIAGNOSTIC,    10, -5.531610852898e-01, 3.497173781296e-03, 0.0000e+00, 0.0000e+00, 
 2DIAGNOSTIC,    11, -5.914358625483e-01, 5.677581690447e-03, 0.0000e+00, 0.0000e+00, 
 2DIAGNOSTIC,    12, -6.668730771013e-01, 1.011812980455e-02, 0.0000e+00, 0.0000e+00, 
 2DIAGNOSTIC,    13, -6.779438230773e-01, 1.322239992722e-02, 0.0000e+00, 0.0000e+00, 
 2DIAGNOSTIC,    14, -6.810922228199e-01, 1.477078492856e-02, 0.0000e+00, 0.0000e+00, 
 2DIAGNOSTIC,    15, -6.818450245101e-01, 1.484288543228e-02, 0.0000e+00, 0.0000e+00, 
 2DIAGNOSTIC,    16, -6.820209514927e-01, 1.359831039583e-02, 0.0000e+00, 0.0000e+00, 
 2DIAGNOSTIC,    17, -6.818809292544e-01, 1.133282292859e-02, 0.0000e+00, 0.0000e+00, 
 2DIAGNOSTIC,    18, -6.818692840153e-01, 8.475762566294e-03, 0.0000e+00, 0.0000e+00, 
 2DIAGNOSTIC,    19, -6.818926495462e-01, 5.522932223464e-03, 0.0000e+00, 0.0000e+00, 
 2DIAGNOSTIC,    20, -6.819493549528e-01, 2.525296396493e-03, 0.0000e+00, 0.0000e+00, 
 2DIAGNOSTIC,    21, -6.822115318123e-01, 4.338510900499e-04, 0.0000e+00, 0.0000e+00, 
 2DIAGNOSTIC,    22, -6.820589672737e-01, 1.084039896477e-04, 0.0000e+00, 0.0000e+00, 
 2DIAGNOSTIC,    23, -6.822028362339e-01, 2.964977631822e-05, 0.0000e+00, 0.0000e+00, 
 2DIAGNOSTIC,    24, -6.821006961470e-01, 1.366166743993e-05, 0.0000e+00, 0.0000e+00, 
 2DIAGNOSTIC,    25, -6.822812427636e-01, 1.487777847196e-05, 0.0000e+00, 0.0000e+00, 
 2DIAGNOSTIC,    26, -6.821960094755e-01, 1.612791161455e-05, 0.0000e+00, 0.0000e+00, 
 2DIAGNOSTIC,    27, -6.822291284421e-01, 1.404930058602e-05, 0.0000e+00, 0.0000e+00, 
 2DIAGNOSTIC,    28, -6.821389754762e-01, 9.217990498543e-06, 0.0000e+00, 0.0000e+00, 
 2DIAGNOSTIC,    29, -6.821311290079e-01, 4.143966363834e-06, 0.0000e+00, 0.0000e+00, 
DIAGNOSTIC,Iteration,metricValue,convergenceValue,ITERATION_TIME_INDEX,SINCE_LAST
 2DIAGNOSTIC,     1, -5.586340649878e-01, 1.797693134862e+308, 0.0000e+00, 0.0000e+00, 
 2DIAGNOSTIC,     2, -5.588311263114e-01, 1.797693134862e+308, 0.0000e+00, 0.0000e+00, 
 2DIAGNOSTIC,     3, -5.588633414668e-01, 1.797693134862e+308, 0.0000e+00, 0.0000e+00, 
 2DIAGNOSTIC,     4, -5.590178154270e-01, 1.797693134862e+308, 0.0000e+00, 0.0000e+00, 
 2DIAGNOSTIC,     5, -5.590374837089e-01, 1.797693134862e+308, 0.0000e+00, 0.0000e+00, 
 2DIAGNOSTIC,     6, -5.589694435115e-01, 1.797693134862e+308, 0.0000e+00, 0.0000e+00, 
 2DIAGNOSTIC,     7, -5.591368070098e-01, 1.797693134862e+308, 0.0000e+00, 0.0000e+00, 
 2DIAGNOSTIC,     8, -5.592642541418e-01, 1.797693134862e+308, 0.0000e+00, 0.0000e+00, 
 2DIAGNOSTIC,     9, -5.596286865028e-01, 1.797693134862e+308, 0.0000e+00, 0.0000e+00, 
 2DIAGNOSTIC,    10, -5.599005936164e-01, 1.163503434923e-04, 0.0000e+00, 0.0000e+00, 
 2DIAGNOSTIC,    11, -5.602096452248e-01, 1.315361019590e-04, 0.0000e+00, 0.0000e+00, 
 2DIAGNOSTIC,    12, -5.608888521469e-01, 1.694190114869e-04, 0.0000e+00, 0.0000e+00, 
 2DIAGNOSTIC,    13, -5.612688070786e-01, 2.014502305727e-04, 0.0000e+00, 0.0000e+00, 
 2DIAGNOSTIC,    14, -5.620960084259e-01, 2.460351471163e-04, 0.0000e+00, 0.0000e+00, 
 2DIAGNOSTIC,    15, -5.628945148504e-01, 2.895485731018e-04, 0.0000e+00, 0.0000e+00, 
 2DIAGNOSTIC,    16, -5.639555668149e-01, 3.320984618552e-04, 0.0000e+00, 0.0000e+00, 
 2DIAGNOSTIC,    17, -5.647595702612e-01, 3.675116838253e-04, 0.0000e+00, 0.0000e+00, 
 2DIAGNOSTIC,    18, -5.648027289834e-01, 3.695096169503e-04, 0.0000e+00, 0.0000e+00, 
 2DIAGNOSTIC,    19, -5.648956144489e-01, 3.496431719466e-04, 0.0000e+00, 0.0000e+00, 
 2DIAGNOSTIC,    20, -5.652169918408e-01, 3.142114494879e-04, 0.0000e+00, 0.0000e+00, 
 2DIAGNOSTIC,    21, -5.654032005821e-01, 2.640631347775e-04, 0.0000e+00, 0.0000e+00, 
 2DIAGNOSTIC,    22, -5.659871587145e-01, 2.227783652789e-04, 0.0000e+00, 0.0000e+00, 
 2DIAGNOSTIC,    23, -5.665752011178e-01, 1.853384935224e-04, 0.0000e+00, 0.0000e+00, 
 2DIAGNOSTIC,    24, -5.666476302325e-01, 1.524932868728e-04, 0.0000e+00, 0.0000e+00, 
 2DIAGNOSTIC,    25, -5.666778655125e-01, 1.244988757078e-04, 0.0000e+00, 0.0000e+00, 
 2DIAGNOSTIC,    26, -5.664189193370e-01, 1.022138487917e-04, 0.0000e+00, 0.0000e+00, 
 2DIAGNOSTIC,    27, -5.665305328411e-01, 8.912319005928e-05, 0.0000e+00, 0.0000e+00, 
 2DIAGNOSTIC,    28, -5.665506215242e-01, 6.945800956926e-05, 0.0000e+00, 0.0000e+00, 
 2DIAGNOSTIC,    29, -5.664667913997e-01, 4.468193382087e-05, 0.0000e+00, 0.0000e+00, 
 2DIAGNOSTIC,    30, -5.664824785118e-01, 2.328546930546e-05, 0.0000e+00, 0.0000e+00, 
 2DIAGNOSTIC,    31, -5.664292570091e-01, 3.147660720799e-06, 0.0000e+00, 0.0000e+00, 
DIAGNOSTIC,Iteration,metricValue,convergenceValue,ITERATION_TIME_INDEX,SINCE_LAST
 2DIAGNOSTIC,     1, -5.037540950168e-01, 1.797693134862e+308, 0.0000e+00, 0.0000e+00, 
 2DIAGNOSTIC,     2, -5.038052742386e-01, 1.797693134862e+308, 0.0000e+00, 0.0000e+00, 
 2DIAGNOSTIC,     3, -5.038277948021e-01, 1.797693134862e+308, 0.0000e+00, 0.0000e+00, 
 2DIAGNOSTIC,     4, -5.037797146486e-01, 1.797693134862e+308, 0.0000e+00, 0.0000e+00, 
 2DIAGNOSTIC,     5, -5.038239361930e-01, 1.797693134862e+308, 0.0000e+00, 0.0000e+00, 
 2DIAGNOSTIC,     6, -5.038283526312e-01, 1.797693134862e+308, 0.0000e+00, 0.0000e+00, 
 2DIAGNOSTIC,     7, -5.038312468186e-01, 1.797693134862e+308, 0.0000e+00, 0.0000e+00, 
 2DIAGNOSTIC,     8, -5.038786487647e-01, 1.797693134862e+308, 0.0000e+00, 0.0000e+00, 
 2DIAGNOSTIC,     9, -5.039149946736e-01, 1.797693134862e+308, 0.0000e+00, 0.0000e+00, 
 2DIAGNOSTIC,    10, -5.038806253133e-01, 1.596220137465e-05, 0.0000e+00, 0.0000e+00, 
 2DIAGNOSTIC,    11, -5.041006917209e-01, 2.372532020260e-05, 0.0000e+00, 0.0000e+00, 
 2DIAGNOSTIC,    12, -5.041261731094e-01, 3.134721689343e-05, 0.0000e+00, 0.0000e+00, 
 2DIAGNOSTIC,    13, -5.041285048780e-01, 3.614847114894e-05, 0.0000e+00, 0.0000e+00, 
 2DIAGNOSTIC,    14, -5.042268507393e-01, 3.908554487299e-05, 0.0000e+00, 0.0000e+00, 
 2DIAGNOSTIC,    15, -5.043192713346e-01, 4.312274737138e-05, 0.0000e+00, 0.0000e+00, 
 2DIAGNOSTIC,    16, -5.045308688793e-01, 5.016924410174e-05, 0.0000e+00, 0.0000e+00, 
 2DIAGNOSTIC,    17, -5.047714455996e-01, 5.963998328102e-05, 0.0000e+00, 0.0000e+00, 
 2DIAGNOSTIC,    18, -5.046969628037e-01, 6.166343552919e-05, 0.0000e+00, 0.0000e+00, 
 2DIAGNOSTIC,    19, -5.047170645025e-01, 5.974730914907e-05, 0.0000e+00, 0.0000e+00, 
 2DIAGNOSTIC,    20, -5.047568651255e-01, 5.244917959046e-05, 0.0000e+00, 0.0000e+00, 
 2DIAGNOSTIC,    21, -5.047066399580e-01, 4.535812788681e-05, 0.0000e+00, 0.0000e+00, 
 2DIAGNOSTIC,    22, -5.046772826805e-01, 3.458538806703e-05, 0.0000e+00, 0.0000e+00, 
 2DIAGNOSTIC,    23, -5.046781000244e-01, 2.166447170975e-05, 0.0000e+00, 0.0000e+00, 
 2DIAGNOSTIC,    24, -5.046717987701e-01, 1.000917844203e-05, 0.0000e+00, 0.0000e+00, 
DIAGNOSTIC,Iteration,metricValue,convergenceValue,ITERATION_TIME_INDEX,SINCE_LAST
 2DIAGNOSTIC,     1, -4.673232438113e-01, 1.797693134862e+308, 0.0000e+00, 0.0000e+00, 
 2DIAGNOSTIC,     2, -4.673809076818e-01, 1.797693134862e+308, 0.0000e+00, 0.0000e+00, 
 2DIAGNOSTIC,     3, -4.674466536404e-01, 1.797693134862e+308, 0.0000e+00, 0.0000e+00, 
 2DIAGNOSTIC,     4, -4.674386767714e-01, 1.797693134862e+308, 0.0000e+00, 0.0000e+00, 
 2DIAGNOSTIC,     5, -4.674372050405e-01, 1.797693134862e+308, 0.0000e+00, 0.0000e+00, 
 2DIAGNOSTIC,     6, -4.674418879196e-01, 1.797693134862e+308, 0.0000e+00, 0.0000e+00, 
 2DIAGNOSTIC,     7, -4.674925596453e-01, 1.797693134862e+308, 0.0000e+00, 0.0000e+00, 
 2DIAGNOSTIC,     8, -4.674300002816e-01, 1.797693134862e+308, 0.0000e+00, 0.0000e+00, 
 2DIAGNOSTIC,     9, -4.675410950630e-01, 1.797693134862e+308, 0.0000e+00, 0.0000e+00, 
 2DIAGNOSTIC,    10, -4.676034588395e-01, 2.641372737350e-05, 0.0000e+00, 0.0000e+00, 
 2DIAGNOSTIC,    11, -4.676168296161e-01, 2.486729978089e-05, 0.0000e+00, 0.0000e+00, 
 2DIAGNOSTIC,    12, -4.676143182080e-01, 2.411947551166e-05, 0.0000e+00, 0.0000e+00, 
 2DIAGNOSTIC,    13, -4.676144653905e-01, 2.448502226111e-05, 0.0000e+00, 0.0000e+00, 
 2DIAGNOSTIC,    14, -4.676132337735e-01, 2.214082864031e-05, 0.0000e+00, 0.0000e+00, 
 2DIAGNOSTIC,    15, -4.676127708067e-01, 1.792620257168e-05, 0.0000e+00, 0.0000e+00, 
 2DIAGNOSTIC,    16, -4.675739278231e-01, 1.126543440289e-05, 0.0000e+00, 0.0000e+00, 
 2DIAGNOSTIC,    17, -4.675820771411e-01, 6.642041632643e-06, 0.0000e+00, 0.0000e+00, 
  Elapsed time (stage 0): 0.0000e+00


Total elapsed time: 0.0000e+00
Info [verificarlo]: loaded backend libinterflop_ieee.so
Info [interflop-ieee]: load backend with:
Info [interflop-ieee]: debug = false
Info [interflop-ieee]: debug-binary = false
Info [interflop-ieee]: no-backend-name = false
Info [interflop-ieee]: print-new-line = false
Info [interflop-ieee]: print-subnormal-normalized = false
Info [interflop-ieee]: count-op = false
All_Command_lines_OK
Using double precision for computations.
=============================================================================
The composite transform comprises the following transforms (in order): 
  1. /home/mdugre/scratch/mri-registration-rp/datasets/ds004513/derivatives/mri-registration-rp/0100/antsRegistration-r7-p11/sub-s035/rigid_Composite.h5[0] (type = Euler3DTransform)
  2. /home/mdugre/scratch/mri-registration-rp/datasets/ds004513/derivatives/mri-registration-rp/0100/antsRegistration-r7-p11/sub-s035/rigid_Composite.h5[1] (type = Euler3DTransform)
  3. /home/mdugre/scratch/mri-registration-rp/datasets/ds004513/derivatives/mri-registration-rp/0100/antsRegistration-r7-p11/sub-s035/rigid_Composite.h5[2] (type = Euler3DTransform)
=============================================================================
  number of levels = 4
  fixed image: /templateflow/tpl-MNI152NLin2009cAsym/tpl-MNI152NLin2009cAsym_res-01_desc-brain_T1w.nii.gz
  moving image: /home/mdugre/scratch/mri-registration-rp/datasets/ds004513/derivatives/mri-registration-rp/antsBrainExtraction/sub-s035/BrainExtractionBrain.nii.gz
Dimension = 3
Number of stages = 1
Use histogram matching = false
Winsorize image intensities = true
  Lower quantile = 0.005
  Upper quantile = 0.995


Stage 1 State
   Image metric = MattesMI
     Fixed image = Image (0x47cc7e0)
  RTTI typeinfo:   itk::Image<double, 3u>
  Reference Count: 2
  Modified Time: 1592
  Debug: Off
  Object Name: 
  Observers: 
    none
  Source: (none)
  Source output name: (none)
  Release Data: Off
  Data Released: False
  Global Release Data: Off
  PipelineMTime: 0
  UpdateMTime: 1203
  RealTimeStamp: 0 seconds 
  LargestPossibleRegion: 
    Dimension: 3
    Index: [0, 0, 0]
    Size: [193, 229, 193]
  BufferedRegion: 
    Dimension: 3
    Index: [0, 0, 0]
    Size: [193, 229, 193]
  RequestedRegion: 
    Dimension: 3
    Index: [0, 0, 0]
    Size: [193, 229, 193]
  Spacing: [1, 1, 1]
  Origin: [96, 132, -78]
  Direction: 
-1 0 0
0 -1 0
0 0 1

  IndexToPointMatrix: 
-1 0 0
0 -1 0
0 0 1

  PointToIndexMatrix: 
-1 0 0
0 -1 0
0 0 1

  Inverse Direction: 
-1 0 0
0 -1 0
0 0 1

  PixelContainer: 
    ImportImageContainer (0x488ca20)
      RTTI typeinfo:   itk::ImportImageContainer<unsigned long, double>
      Reference Count: 1
      Modified Time: 1200
      Debug: Off
      Object Name: 
      Observers: 
        none
      Pointer: 0x14c03ce77010
      Container manages memory: true
      Size: 8530021
      Capacity: 8530021

     Moving image = Image (0x4841e20)
  RTTI typeinfo:   itk::Image<double, 3u>
  Reference Count: 2
  Modified Time: 1593
  Debug: Off
  Object Name: 
  Observers: 
    none
  Source: (none)
  Source output name: (none)
  Release Data: Off
  Data Released: False
  Global Release Data: Off
  PipelineMTime: 0
  UpdateMTime: 1590
  RealTimeStamp: 0 seconds 
  LargestPossibleRegion: 
    Dimension: 3
    Index: [0, 0, 0]
    Size: [160, 240, 256]
  BufferedRegion: 
    Dimension: 3
    Index: [0, 0, 0]
    Size: [160, 240, 256]
  RequestedRegion: 
    Dimension: 3
    Index: [0, 0, 0]
    Size: [160, 240, 256]
  Spacing: [1, 1, 1]
  Origin: [98.6438, 87.6358, -117.989]
  Direction: 
-0.993515 -0.100993 -0.0522355
0.100854 -0.994887 0.00530255
-0.0525039 1.93537e-08 0.998621

  IndexToPointMatrix: 
-0.993515 -0.100993 -0.0522355
0.100854 -0.994887 0.00530255
-0.0525039 1.93537e-08 0.998621

  PointToIndexMatrix: 
-0.993515 0.100854 -0.0525039
-0.100993 -0.994887 1.93006e-08
-0.0522355 0.00530255 0.998621

  Inverse Direction: 
-0.993515 0.100854 -0.0525039
-0.100993 -0.994887 1.93006e-08
-0.0522355 0.00530255 0.998621

  PixelContainer: 
    ImportImageContainer (0x48db550)
      RTTI typeinfo:   itk::ImportImageContainer<unsigned long, double>
      Reference Count: 1
      Modified Time: 1587
      Debug: Off
      Object Name: 
      Observers: 
        none
      Pointer: 0x14c038376010
      Container manages memory: true
      Size: 9830400
      Capacity: 9830400

     Weighting = 1
     Sampling strategy = regular
     Number of bins = 32
     Radius = 4
     Sampling percentage  = 0.25
   Transform = Affine
     Gradient step = 0.1
     Update field sigma (voxel space) = 0
     Total field sigma (voxel space) = 0
     Update field time sigma = 0
     Total field time sigma  = 0
     Number of time indices = 0
     Number of time point samples = 0
Registration using 1 total stages.

Stage 0
  iterations = 1000x500x250x100
  convergence threshold = 1e-06
  convergence window size = 10
  number of levels = 4
  using the Mattes MI metric (number of bins = 32, weight = 1, use gradient filter = 0)
  preprocessing:  winsorizing the image intensities
  Shrink factors (level 1 out of 4): [8, 8, 8]
  Shrink factors (level 2 out of 4): [4, 4, 4]
  Shrink factors (level 3 out of 4): [2, 2, 2]
  Shrink factors (level 4 out of 4): [1, 1, 1]
  smoothing sigmas per level: [3, 2, 1, 0]
  regular sampling (percentage = 0.25)

*** Running AffineTransform registration ***

DIAGNOSTIC,Iteration,metricValue,convergenceValue,ITERATION_TIME_INDEX,SINCE_LAST
 2DIAGNOSTIC,     1, -6.774549204315e-01, 1.797693134862e+308, 6.6296e-01, 6.6296e-01, 
 2DIAGNOSTIC,     2, -6.798746524587e-01, 1.797693134862e+308, 6.6878e-01, 5.8291e-03, 
 2DIAGNOSTIC,     3, -6.841783631715e-01, 1.797693134862e+308, 6.7395e-01, 5.1651e-03, 
 2DIAGNOSTIC,     4, -6.915426205002e-01, 1.797693134862e+308, 6.7901e-01, 5.0571e-03, 
 2DIAGNOSTIC,     5, -7.008896666685e-01, 1.797693134862e+308, 6.8395e-01, 4.9472e-03, 
 2DIAGNOSTIC,     6, -7.127704275396e-01, 1.797693134862e+308, 6.8904e-01, 5.0850e-03, 
 2DIAGNOSTIC,     7, -7.350089134190e-01, 1.797693134862e+308, 6.9529e-01, 6.2501e-03, 
 2DIAGNOSTIC,     8, -7.378992665190e-01, 1.797693134862e+308, 7.0135e-01, 6.0639e-03, 
 2DIAGNOSTIC,     9, -7.385304984733e-01, 1.797693134862e+308, 7.0671e-01, 5.3530e-03, 
 2DIAGNOSTIC,    10, -7.393056436603e-01, 6.933421914486e-03, 7.1284e-01, 6.1302e-03, 
 2DIAGNOSTIC,    11, -7.406177729882e-01, 5.907753521088e-03, 7.1844e-01, 5.6019e-03, 
 2DIAGNOSTIC,    12, -7.448999605377e-01, 4.740176471107e-03, 7.2537e-01, 6.9301e-03, 
 2DIAGNOSTIC,    13, -7.465844108500e-01, 3.510441249597e-03, 7.3324e-01, 7.8771e-03, 
 2DIAGNOSTIC,    14, -7.467206137795e-01, 2.363484565430e-03, 7.3976e-01, 6.5169e-03, 
 2DIAGNOSTIC,    15, -7.468043514599e-01, 1.408473476007e-03, 7.4631e-01, 6.5510e-03, 
 2DIAGNOSTIC,    16, -7.468106073460e-01, 7.251583548928e-04, 7.5338e-01, 7.0701e-03, 
 2DIAGNOSTIC,    17, -7.466291422303e-01, 5.639425242375e-04, 7.5927e-01, 5.8899e-03, 
 2DIAGNOSTIC,    18, -7.466546205177e-01, 4.322015608670e-04, 7.6520e-01, 5.9259e-03, 
 2DIAGNOSTIC,    19, -7.464595484593e-01, 2.849283552179e-04, 7.7042e-01, 5.2211e-03, 
 2DIAGNOSTIC,    20, -7.463875347529e-01, 1.410369756197e-04, 7.7587e-01, 5.4531e-03, 
 2DIAGNOSTIC,    21, -7.463384165066e-01, 1.981413942061e-05, 7.8173e-01, 5.8610e-03, 
DIAGNOSTIC,Iteration,metricValue,convergenceValue,ITERATION_TIME_INDEX,SINCE_LAST
 2DIAGNOSTIC,     1, -6.107478326229e-01, 1.797693134862e+308, 1.4914e+00, 7.0965e-01, 
 2DIAGNOSTIC,     2, -6.111458879115e-01, 1.797693134862e+308, 1.5271e+00, 3.5671e-02, 
 2DIAGNOSTIC,     3, -6.115115831458e-01, 1.797693134862e+308, 1.5681e+00, 4.1049e-02, 
 2DIAGNOSTIC,     4, -6.117200184988e-01, 1.797693134862e+308, 1.6044e+00, 3.6278e-02, 
 2DIAGNOSTIC,     5, -6.117943444080e-01, 1.797693134862e+308, 1.6412e+00, 3.6821e-02, 
 2DIAGNOSTIC,     6, -6.121650068589e-01, 1.797693134862e+308, 1.6798e+00, 3.8641e-02, 
 2DIAGNOSTIC,     7, -6.123428262427e-01, 1.797693134862e+308, 1.7179e+00, 3.8029e-02, 
 2DIAGNOSTIC,     8, -6.123207484550e-01, 1.797693134862e+308, 1.7539e+00, 3.6011e-02, 
 2DIAGNOSTIC,     9, -6.124333328061e-01, 1.797693134862e+308, 1.8027e+00, 4.8837e-02, 
 2DIAGNOSTIC,    10, -6.124503884335e-01, 1.772470795138e-04, 1.8412e+00, 3.8464e-02, 
 2DIAGNOSTIC,    11, -6.124366594625e-01, 1.247867588107e-04, 1.8813e+00, 4.0103e-02, 
 2DIAGNOSTIC,    12, -6.124238863886e-01, 8.472518148085e-05, 1.9207e+00, 3.9377e-02, 
 2DIAGNOSTIC,    13, -6.124298764832e-01, 5.672479297759e-05, 1.9589e+00, 3.8188e-02, 
 2DIAGNOSTIC,    14, -6.124094416331e-01, 3.412678151196e-05, 1.9985e+00, 3.9665e-02, 
 2DIAGNOSTIC,    15, -6.123887078032e-01, 1.301444201193e-05, 2.0488e+00, 5.0314e-02, 
 2DIAGNOSTIC,    16, -6.123651668828e-01, 3.534422462023e-06, 2.0877e+00, 3.8888e-02, 
DIAGNOSTIC,Iteration,metricValue,convergenceValue,ITERATION_TIME_INDEX,SINCE_LAST
 2DIAGNOSTIC,     1, -5.356780319112e-01, 1.797693134862e+308, 3.2290e+00, 1.1413e+00, 
 2DIAGNOSTIC,     2, -5.359319288964e-01, 1.797693134862e+308, 3.4986e+00, 2.6961e-01, 
 2DIAGNOSTIC,     3, -5.361503127155e-01, 1.797693134862e+308, 3.8422e+00, 3.4357e-01, 
 2DIAGNOSTIC,     4, -5.362858229246e-01, 1.797693134862e+308, 4.2689e+00, 4.2674e-01, 
 2DIAGNOSTIC,     5, -5.362884580254e-01, 1.797693134862e+308, 4.6451e+00, 3.7622e-01, 
 2DIAGNOSTIC,     6, -5.362832184162e-01, 1.797693134862e+308, 5.0659e+00, 4.2076e-01, 
 2DIAGNOSTIC,     7, -5.362825123546e-01, 1.797693134862e+308, 5.3987e+00, 3.3281e-01, 
 2DIAGNOSTIC,     8, -5.362837631517e-01, 1.797693134862e+308, 5.7161e+00, 3.1745e-01, 
 2DIAGNOSTIC,     9, -5.362835987122e-01, 1.797693134862e+308, 6.0673e+00, 3.5118e-01, 
 2DIAGNOSTIC,    10, -5.362823288279e-01, 5.633677899983e-05, 6.4221e+00, 3.5478e-01, 
 2DIAGNOSTIC,    11, -5.362812695281e-01, 2.509647891452e-05, 6.6932e+00, 2.7105e-01, 
 2DIAGNOSTIC,    12, -5.362798551765e-01, 8.024456167155e-06, 7.0188e+00, 3.2568e-01, 
 2DIAGNOSTIC,    13, -5.362778865917e-01, 1.756913569864e-06, 7.3933e+00, 3.7445e-01, 
 2DIAGNOSTIC,    14, -5.362772978458e-01, 1.550950008880e-06, 7.7212e+00, 3.2793e-01, 
 2DIAGNOSTIC,    15, -5.362757910532e-01, 1.483784454928e-06, 8.0558e+00, 3.3454e-01, 
 2DIAGNOSTIC,    16, -5.362752804126e-01, 1.295092383599e-06, 8.3977e+00, 3.4194e-01, 
 2DIAGNOSTIC,    17, -5.362747128520e-01, 1.151578829565e-06, 8.7144e+00, 3.1667e-01, 
 2DIAGNOSTIC,    18, -5.362744410392e-01, 1.119287774846e-06, 9.0209e+00, 3.0650e-01, 
 2DIAGNOSTIC,    19, -5.362746643686e-01, 1.152548717867e-06, 9.3308e+00, 3.0991e-01, 
 2DIAGNOSTIC,    20, -5.362754487640e-01, 1.217889966133e-06, 9.6498e+00, 3.1897e-01, 
 2DIAGNOSTIC,    21, -5.362750285098e-01, 1.274376850581e-06, 9.9474e+00, 2.9766e-01, 
 2DIAGNOSTIC,    22, -5.362750042130e-01, 1.315028647489e-06, 1.0252e+01, 3.0413e-01, 
 2DIAGNOSTIC,    23, -5.362756456197e-01, 1.333925209838e-06, 1.0543e+01, 2.9166e-01, 
 2DIAGNOSTIC,    24, -5.362765862658e-01, 1.363556935564e-06, 1.0837e+01, 2.9398e-01, 
 2DIAGNOSTIC,    25, -5.362788402646e-01, 1.402476491406e-06, 1.1213e+01, 3.7558e-01, 
 2DIAGNOSTIC,    26, -5.362793156457e-01, 1.425013199927e-06, 1.1544e+01, 3.3078e-01, 
 2DIAGNOSTIC,    27, -5.362787913325e-01, 1.406487015923e-06, 1.1865e+01, 3.2173e-01, 
 2DIAGNOSTIC,    28, -5.362768813519e-01, 1.327203412067e-06, 1.2177e+01, 3.1179e-01, 
 2DIAGNOSTIC,    29, -5.362765788417e-01, 1.233921675878e-06, 1.2509e+01, 3.3172e-01, 
 2DIAGNOSTIC,    30, -5.362754104031e-01, 1.126347985742e-06, 1.2847e+01, 3.3806e-01, 
 2DIAGNOSTIC,    31, -5.362750188522e-01, 1.005728064503e-06, 1.3140e+01, 2.9271e-01, 
DIAGNOSTIC,Iteration,metricValue,convergenceValue,ITERATION_TIME_INDEX,SINCE_LAST
 2DIAGNOSTIC,     1, -4.920367027618e-01, 1.797693134862e+308, 1.6011e+01, 2.8713e+00, 
 2DIAGNOSTIC,     2, -4.922141147511e-01, 1.797693134862e+308, 1.7729e+01, 1.7180e+00, 
 2DIAGNOSTIC,     3, -4.923010407299e-01, 1.797693134862e+308, 1.9673e+01, 1.9445e+00, 
 2DIAGNOSTIC,     4, -4.923049205108e-01, 1.797693134862e+308, 2.2075e+01, 2.4021e+00, 
 2DIAGNOSTIC,     5, -4.923068276979e-01, 1.797693134862e+308, 2.5337e+01, 3.2615e+00, 
 2DIAGNOSTIC,     6, -4.923065930366e-01, 1.797693134862e+308, 2.7615e+01, 2.2780e+00, 
 2DIAGNOSTIC,     7, -4.923068063568e-01, 1.797693134862e+308, 2.9933e+01, 2.3185e+00, 
 2DIAGNOSTIC,     8, -4.923065018487e-01, 1.797693134862e+308, 3.2138e+01, 2.2050e+00, 
 2DIAGNOSTIC,     9, -4.923063039077e-01, 1.797693134862e+308, 3.4298e+01, 2.1594e+00, 
 2DIAGNOSTIC,    10, -4.923059242103e-01, 2.364390621336e-05, 3.6325e+01, 2.0275e+00, 
 2DIAGNOSTIC,    11, -4.923058641699e-01, 7.976301447082e-06, 3.8468e+01, 2.1424e+00, 
 2DIAGNOSTIC,    12, -4.923062642503e-01, 2.902519576214e-06, 4.0404e+01, 1.9360e+00, 
 2DIAGNOSTIC,    13, -4.923059378295e-01, 2.427910528263e-06, 4.2485e+01, 2.0814e+00, 
 2DIAGNOSTIC,    14, -4.923057994398e-01, 2.175692225506e-06, 4.4742e+01, 2.2570e+00, 
 2DIAGNOSTIC,    15, -4.923057433766e-01, 2.037870924426e-06, 4.6750e+01, 2.0082e+00, 
 2DIAGNOSTIC,    16, -4.923056082954e-01, 1.910908029909e-06, 4.8775e+01, 2.0250e+00, 
 2DIAGNOSTIC,    17, -4.923056405272e-01, 1.814195425602e-06, 5.0776e+01, 2.0012e+00, 
 2DIAGNOSTIC,    18, -4.923055467859e-01, 1.720764649056e-06, 5.2714e+01, 1.9377e+00, 
 2DIAGNOSTIC,    19, -4.923057247673e-01, 1.641521798712e-06, 5.4659e+01, 1.9452e+00, 
 2DIAGNOSTIC,    20, -4.923057606722e-01, 1.563250572559e-06, 5.6665e+01, 2.0061e+00, 
 2DIAGNOSTIC,    21, -4.923057965349e-01, 1.493880883184e-06, 5.8977e+01, 2.3118e+00, 
 2DIAGNOSTIC,    22, -4.923057590503e-01, 1.442534050315e-06, 6.0727e+01, 1.7497e+00, 
 2DIAGNOSTIC,    23, -4.923055525027e-01, 1.382694061712e-06, 6.2549e+01, 1.8224e+00, 
 2DIAGNOSTIC,    24, -4.923055871577e-01, 1.325472514843e-06, 6.4638e+01, 2.0885e+00, 
 2DIAGNOSTIC,    25, -4.923053864861e-01, 1.266834668515e-06, 6.6708e+01, 2.0703e+00, 
 2DIAGNOSTIC,    26, -4.923053590886e-01, 1.209693887727e-06, 6.8489e+01, 1.7812e+00, 
 2DIAGNOSTIC,    27, -4.923053879061e-01, 1.159511258245e-06, 7.0367e+01, 1.8780e+00, 
 2DIAGNOSTIC,    28, -4.923052249600e-01, 1.109277911894e-06, 7.2373e+01, 2.0054e+00, 
 2DIAGNOSTIC,    29, -4.923052798965e-01, 1.069764315000e-06, 7.4420e+01, 2.0474e+00, 
 2DIAGNOSTIC,    30, -4.923049680727e-01, 1.030055617288e-06, 7.6395e+01, 1.9746e+00, 
  Elapsed time (stage 0): 7.7401e+01


Total elapsed time: 7.7403e+01
Info [verificarlo]: loaded backend libinterflop_ieee.so
Info [interflop-ieee]: load backend with:
Info [interflop-ieee]: debug = false
Info [interflop-ieee]: debug-binary = false
Info [interflop-ieee]: no-backend-name = false
Info [interflop-ieee]: print-new-line = false
Info [interflop-ieee]: print-subnormal-normalized = false
Info [interflop-ieee]: count-op = false
All_Command_lines_OK
Using double precision for computations.
=============================================================================
The composite transform comprises the following transforms (in order): 
  1. /home/mdugre/scratch/mri-registration-rp/datasets/ds004513/derivatives/mri-registration-rp/0100/antsRegistration-r7-p11/sub-s035/affine_Composite.h5[0] (type = Euler3DTransform)
  2. /home/mdugre/scratch/mri-registration-rp/datasets/ds004513/derivatives/mri-registration-rp/0100/antsRegistration-r7-p11/sub-s035/affine_Composite.h5[1] (type = Euler3DTransform)
  3. /home/mdugre/scratch/mri-registration-rp/datasets/ds004513/derivatives/mri-registration-rp/0100/antsRegistration-r7-p11/sub-s035/affine_Composite.h5[2] (type = Euler3DTransform)
  4. /home/mdugre/scratch/mri-registration-rp/datasets/ds004513/derivatives/mri-registration-rp/0100/antsRegistration-r7-p11/sub-s035/affine_Composite.h5[3] (type = AffineTransform)
=============================================================================
  number of levels = 4
  fixed image: /templateflow/tpl-MNI152NLin2009cAsym/tpl-MNI152NLin2009cAsym_res-01_desc-brain_T1w.nii.gz
  moving image: /home/mdugre/scratch/mri-registration-rp/datasets/ds004513/derivatives/mri-registration-rp/antsBrainExtraction/sub-s035/BrainExtractionBrain.nii.gz
Dimension = 3
Number of stages = 1
Use histogram matching = false
Winsorize image intensities = true
  Lower quantile = 0.005
  Upper quantile = 0.995


Stage 1 State
   Image metric = CC
     Fixed image = Image (0x5243a40)
  RTTI typeinfo:   itk::Image<double, 3u>
  Reference Count: 2
  Modified Time: 1606
  Debug: Off
  Object Name: 
  Observers: 
    none
  Source: (none)
  Source output name: (none)
  Release Data: Off
  Data Released: False
  Global Release Data: Off
  PipelineMTime: 0
  UpdateMTime: 1217
  RealTimeStamp: 0 seconds 
  LargestPossibleRegion: 
    Dimension: 3
    Index: [0, 0, 0]
    Size: [193, 229, 193]
  BufferedRegion: 
    Dimension: 3
    Index: [0, 0, 0]
    Size: [193, 229, 193]
  RequestedRegion: 
    Dimension: 3
    Index: [0, 0, 0]
    Size: [193, 229, 193]
  Spacing: [1, 1, 1]
  Origin: [96, 132, -78]
  Direction: 
-1 0 0
0 -1 0
0 0 1

  IndexToPointMatrix: 
-1 0 0
0 -1 0
0 0 1

  PointToIndexMatrix: 
-1 0 0
0 -1 0
0 0 1

  Inverse Direction: 
-1 0 0
0 -1 0
0 0 1

  PixelContainer: 
    ImportImageContainer (0x5312780)
      RTTI typeinfo:   itk::ImportImageContainer<unsigned long, double>
      Reference Count: 1
      Modified Time: 1214
      Debug: Off
      Object Name: 
      Observers: 
        none
      Pointer: 0x153add780010
      Container manages memory: true
      Size: 8530021
      Capacity: 8530021

     Moving image = Image (0x5314390)
  RTTI typeinfo:   itk::Image<double, 3u>
  Reference Count: 2
  Modified Time: 1607
  Debug: Off
  Object Name: 
  Observers: 
    none
  Source: (none)
  Source output name: (none)
  Release Data: Off
  Data Released: False
  Global Release Data: Off
  PipelineMTime: 0
  UpdateMTime: 1604
  RealTimeStamp: 0 seconds 
  LargestPossibleRegion: 
    Dimension: 3
    Index: [0, 0, 0]
    Size: [160, 240, 256]
  BufferedRegion: 
    Dimension: 3
    Index: [0, 0, 0]
    Size: [160, 240, 256]
  RequestedRegion: 
    Dimension: 3
    Index: [0, 0, 0]
    Size: [160, 240, 256]
  Spacing: [1, 1, 1]
  Origin: [98.6438, 87.6358, -117.989]
  Direction: 
-0.993515 -0.100993 -0.0522355
0.100854 -0.994887 0.00530255
-0.0525039 1.93537e-08 0.998621

  IndexToPointMatrix: 
-0.993515 -0.100993 -0.0522355
0.100854 -0.994887 0.00530255
-0.0525039 1.93537e-08 0.998621

  PointToIndexMatrix: 
-0.993515 0.100854 -0.0525039
-0.100993 -0.994887 1.93006e-08
-0.0522355 0.00530255 0.998621

  Inverse Direction: 
-0.993515 0.100854 -0.0525039
-0.100993 -0.994887 1.93006e-08
-0.0522355 0.00530255 0.998621

  PixelContainer: 
    ImportImageContainer (0x52c96f0)
      RTTI typeinfo:   itk::ImportImageContainer<unsigned long, double>
      Reference Count: 1
      Modified Time: 1601
      Debug: Off
      Object Name: 
      Observers: 
        none
      Pointer: 0x153ad8c7f010
      Container manages memory: true
      Size: 9830400
      Capacity: 9830400

     Weighting = 1
     Sampling strategy = none
     Number of bins = 32
     Radius = 4
     Sampling percentage  = 1
   Transform = SyN
     Gradient step = 0.1
     Update field sigma (voxel space) = 3
     Total field sigma (voxel space) = 0
     Update field time sigma = 0
     Total field time sigma  = 0
     Number of time indices = 0
