
##########################
# Experiment information #
##########################

EXPERIMENT_NAME: antsRegistration-r7-p7
VFC_BACKENDS: libinterflop_vprec.so --range-binary32=7 --precision-binary32=7 --range-binary64=7 --precision-binary64=7

SIF_IMG: /home/mdugre/projects/rrg-glatard/mdugre/containers/ants-vprec-no_metrics.simg

SUBJECT_ID: s033
INPUT_IMG: /home/mdugre/scratch/mri-registration-rp/datasets/ds004513/derivatives/mri-registration-rp/antsBrainExtraction/sub-s033/BrainExtractionBrain.nii.gz
OUTPUT_DIR: /home/mdugre/scratch/mri-registration-rp/datasets/ds004513/derivatives/mri-registration-rp/0100/antsRegistration-r7-p7/sub-s033

FIXED_IMG: /templateflow/tpl-MNI152NLin2009cAsym/tpl-MNI152NLin2009cAsym_res-01_desc-brain_T1w.nii.gz
DATA_DIR: /home/mdugre/scratch/mri-registration-rp/datasets/ds004513
TEMPLATEFLOW_DIR: /home/mdugre/projects/rrg-glatard/mdugre/templateflow
ITK_GLOBAL_DEFAULT_NUMBER_OF_THREADS: 16
##########################

Info [verificarlo]: loaded backend libinterflop_ieee.so
Info [interflop-ieee]: load backend with:
Info [interflop-ieee]: debug = false
Info [interflop-ieee]: debug-binary = false
Info [interflop-ieee]: no-backend-name = false
Info [interflop-ieee]: print-new-line = false
Info [interflop-ieee]: print-subnormal-normalized = false
Info [interflop-ieee]: count-op = false
All_Command_lines_OK
Using double precision for computations.
=============================================================================
The composite transform comprises the following transforms (in order): 
  1. Center of mass alignment using fixed image: /templateflow/tpl-MNI152NLin2009cAsym/tpl-MNI152NLin2009cAsym_res-01_desc-brain_T1w.nii.gz and moving image: /home/mdugre/scratch/mri-registration-rp/datasets/ds004513/derivatives/mri-registration-rp/antsBrainExtraction/sub-s033/BrainExtractionBrain.nii.gz (type = Euler3DTransform)
=============================================================================
  number of levels = 1
  fixed image: /templateflow/tpl-MNI152NLin2009cAsym/tpl-MNI152NLin2009cAsym_res-01_desc-brain_T1w.nii.gz
  moving image: /home/mdugre/scratch/mri-registration-rp/datasets/ds004513/derivatives/mri-registration-rp/antsBrainExtraction/sub-s033/BrainExtractionBrain.nii.gz
Dimension = 3
Number of stages = 1
Use histogram matching = false
Winsorize image intensities = true
  Lower quantile = 0.005
  Upper quantile = 0.995


Stage 1 State
   Image metric = MattesMI
     Fixed image = Image (0x4284bd0)
  RTTI typeinfo:   itk::Image<double, 3u>
  Reference Count: 2
  Modified Time: 2330
  Debug: Off
  Object Name: 
  Observers: 
    none
  Source: (none)
  Source output name: (none)
  Release Data: Off
  Data Released: False
  Global Release Data: Off
  PipelineMTime: 0
  UpdateMTime: 1941
  RealTimeStamp: 0 seconds 
  LargestPossibleRegion: 
    Dimension: 3
    Index: [0, 0, 0]
    Size: [193, 229, 193]
  BufferedRegion: 
    Dimension: 3
    Index: [0, 0, 0]
    Size: [193, 229, 193]
  RequestedRegion: 
    Dimension: 3
    Index: [0, 0, 0]
    Size: [193, 229, 193]
  Spacing: [1, 1, 1]
  Origin: [96, 132, -78]
  Direction: 
-1 0 0
0 -1 0
0 0 1

  IndexToPointMatrix: 
-1 0 0
0 -1 0
0 0 1

  PointToIndexMatrix: 
-1 0 0
0 -1 0
0 0 1

  Inverse Direction: 
-1 0 0
0 -1 0
0 0 1

  PixelContainer: 
    ImportImageContainer (0x428d9e0)
      RTTI typeinfo:   itk::ImportImageContainer<unsigned long, double>
      Reference Count: 1
      Modified Time: 1938
      Debug: Off
      Object Name: 
      Observers: 
        none
      Pointer: 0x14e611796010
      Container manages memory: true
      Size: 8530021
      Capacity: 8530021

     Moving image = Image (0x428e910)
  RTTI typeinfo:   itk::Image<double, 3u>
  Reference Count: 2
  Modified Time: 2331
  Debug: Off
  Object Name: 
  Observers: 
    none
  Source: (none)
  Source output name: (none)
  Release Data: Off
  Data Released: False
  Global Release Data: Off
  PipelineMTime: 0
  UpdateMTime: 2328
  RealTimeStamp: 0 seconds 
  LargestPossibleRegion: 
    Dimension: 3
    Index: [0, 0, 0]
    Size: [160, 240, 256]
  BufferedRegion: 
    Dimension: 3
    Index: [0, 0, 0]
    Size: [160, 240, 256]
  RequestedRegion: 
    Dimension: 3
    Index: [0, 0, 0]
    Size: [160, 240, 256]
  Spacing: [1, 1, 1]
  Origin: [91.5134, 94.282, -109.927]
  Direction: 
-0.99591 -0.0698718 -0.0572835
0.0697565 -0.997556 0.00401236
-0.0574239 5.01125e-08 0.99835

  IndexToPointMatrix: 
-0.99591 -0.0698718 -0.0572835
0.0697565 -0.997556 0.00401236
-0.0574239 5.01125e-08 0.99835

  PointToIndexMatrix: 
-0.99591 0.0697565 -0.0574239
-0.0698718 -0.997556 5.01483e-08
-0.0572835 0.00401236 0.99835

  Inverse Direction: 
-0.99591 0.0697565 -0.0574239
-0.0698718 -0.997556 5.01483e-08
-0.0572835 0.00401236 0.99835

  PixelContainer: 
    ImportImageContainer (0x4374a50)
      RTTI typeinfo:   itk::ImportImageContainer<unsigned long, double>
      Reference Count: 1
      Modified Time: 2325
      Debug: Off
      Object Name: 
      Observers: 
        none
      Pointer: 0x14e60cc95010
      Container manages memory: true
      Size: 9830400
      Capacity: 9830400

     Weighting = 1
     Sampling strategy = regular
     Number of bins = 32
     Radius = 4
     Sampling percentage  = 0.25
   Transform = Rigid
     Gradient step = 0.1
     Update field sigma (voxel space) = 0
     Total field sigma (voxel space) = 0
     Update field time sigma = 0
     Total field time sigma  = 0
     Number of time indices = 0
     Number of time point samples = 0
Registration using 1 total stages.

Stage 0
  iterations = 0
  convergence threshold = 1e-06
  convergence window size = 10
  number of levels = 1
  using the Mattes MI metric (number of bins = 32, weight = 1, use gradient filter = 0)
  preprocessing:  winsorizing the image intensities
  Shrink factors (level 1 out of 1): [1, 1, 1]
  smoothing sigmas per level: [0]
  regular sampling (percentage = 0.25)

*** Running Euler3DTransform registration ***

  Elapsed time (stage 0): 1.12968


Total elapsed time: 1.13179
Info [verificarlo]: loaded backend libinterflop_vprec.so
Info [interflop-vprec]: load backend with: 
Info [interflop-vprec]: precision-binary32 = 7
Info [interflop-vprec]: range-binary32 = 7
Info [interflop-vprec]: precision-binary64 = 7
Info [interflop-vprec]: range-binary64 = 7
Info [interflop-vprec]: mode = ob
Info [interflop-vprec]: error-mode = rel
Info [interflop-vprec]: max-abs-error-exponent = -1022
Info [interflop-vprec]: daz = false
Info [interflop-vprec]: ftz = false
Info [interflop-vprec]: 	instrument = none
Info [interflop-vprec]: 	prec-input-file = (null)
Info [interflop-vprec]: 	prec-output-file = (null)
Info [interflop-vprec]: 	prec-log-file = (null)
All_Command_lines_OK
Using double precision for computations.
=============================================================================
The composite transform comprises the following transforms (in order): 
  1. /home/mdugre/scratch/mri-registration-rp/datasets/ds004513/derivatives/mri-registration-rp/0100/antsRegistration-r7-p7/sub-s033/align_Composite.h5[0] (type = Euler3DTransform)
  2. /home/mdugre/scratch/mri-registration-rp/datasets/ds004513/derivatives/mri-registration-rp/0100/antsRegistration-r7-p7/sub-s033/align_Composite.h5[1] (type = Euler3DTransform)
=============================================================================
  number of levels = 4
  fixed image: /templateflow/tpl-MNI152NLin2009cAsym/tpl-MNI152NLin2009cAsym_res-01_desc-brain_T1w.nii.gz
  moving image: /home/mdugre/scratch/mri-registration-rp/datasets/ds004513/derivatives/mri-registration-rp/antsBrainExtraction/sub-s033/BrainExtractionBrain.nii.gz
Dimension = 3
Number of stages = 1
Use histogram matching = false
Winsorize image intensities = true
  Lower quantile = 0.005
  Upper quantile = 0.995


Stage 1 State
   Image metric = MattesMI
     Fixed image = Image (0x35551e0)
  RTTI typeinfo:   itk::Image<double, 3u>
  Reference Count: 2
  Modified Time: 1578
  Debug: Off
  Object Name: 
  Observers: 
    none
  Source: (none)
  Source output name: (none)
  Release Data: Off
  Data Released: False
  Global Release Data: Off
  PipelineMTime: 0
  UpdateMTime: 1189
  RealTimeStamp: 0 seconds 
  LargestPossibleRegion: 
    Dimension: 3
    Index: [0, 0, 0]
    Size: [193, 229, 193]
  BufferedRegion: 
    Dimension: 3
    Index: [0, 0, 0]
    Size: [193, 229, 193]
  RequestedRegion: 
    Dimension: 3
    Index: [0, 0, 0]
    Size: [193, 229, 193]
  Spacing: [1, 1, 1]
  Origin: [96, 132, -78]
  Direction: 
-1 0 0
0 -1 0
0 0 1

  IndexToPointMatrix: 
-1 0 0
0 -1 0
0 0 1

  PointToIndexMatrix: 
-1 0 0
0 -1 0
0 0 1

  Inverse Direction: 
-1 0 0
0 -1 0
0 0 1

  PixelContainer: 
    ImportImageContainer (0x3614680)
      RTTI typeinfo:   itk::ImportImageContainer<unsigned long, double>
      Reference Count: 1
      Modified Time: 1186
      Debug: Off
      Object Name: 
      Observers: 
        none
      Pointer: 0x152ef0fe1010
      Container manages memory: true
      Size: 8530021
      Capacity: 8530021

     Moving image = Image (0x3610b20)
  RTTI typeinfo:   itk::Image<double, 3u>
  Reference Count: 2
  Modified Time: 1579
  Debug: Off
  Object Name: 
  Observers: 
    none
  Source: (none)
  Source output name: (none)
  Release Data: Off
  Data Released: False
  Global Release Data: Off
  PipelineMTime: 0
  UpdateMTime: 1576
  RealTimeStamp: 0 seconds 
  LargestPossibleRegion: 
    Dimension: 3
    Index: [0, 0, 0]
    Size: [160, 240, 256]
  BufferedRegion: 
    Dimension: 3
    Index: [0, 0, 0]
    Size: [160, 240, 256]
  RequestedRegion: 
    Dimension: 3
    Index: [0, 0, 0]
    Size: [160, 240, 256]
  Spacing: [1, 1, 1]
  Origin: [91.5, 94.5, -110]
  Direction: 
-0.996094 -0.0698242 -0.057373
0.0698242 -0.996094 0.0039978
-0.057373 0 0.996094

  IndexToPointMatrix: 
-0.996094 -0.0698242 -0.057373
0.0698242 -0.996094 0.0039978
-0.057373 0 0.996094

  PointToIndexMatrix: 
-1 0.0698242 -0.057373
-0.0708008 -1.00781 0.00390625
-0.0581055 -0.00585938 1.00781

  Inverse Direction: 
-1 0.0698242 -0.057373
-0.0708008 -1.00781 0.00390625
-0.0581055 -0.00585938 1.00781

  PixelContainer: 
    ImportImageContainer (0x3679d50)
      RTTI typeinfo:   itk::ImportImageContainer<unsigned long, double>
      Reference Count: 1
      Modified Time: 1573
      Debug: Off
      Object Name: 
      Observers: 
        none
      Pointer: 0x152eec4e0010
      Container manages memory: true
      Size: 9830400
      Capacity: 9830400

     Weighting = 1
     Sampling strategy = regular
     Number of bins = 32
     Radius = 4
     Sampling percentage  = 0.25
   Transform = Rigid
     Gradient step = 0.1
     Update field sigma (voxel space) = 0
     Total field sigma (voxel space) = 0
     Update field time sigma = 0
     Total field time sigma  = 0
     Number of time indices = 0
     Number of time point samples = 0
Registration using 1 total stages.

Stage 0
  iterations = 1000x500x250x100
  convergence threshold = 1e-06
  convergence window size = 10
  number of levels = 4
  using the Mattes MI metric (number of bins = 32, weight = 1, use gradient filter = 0)
  preprocessing:  winsorizing the image intensities
  Shrink factors (level 1 out of 4): [8, 8, 8]
  Shrink factors (level 2 out of 4): [4, 4, 4]
  Shrink factors (level 3 out of 4): [2, 2, 2]
  Shrink factors (level 4 out of 4): [1, 1, 1]
  smoothing sigmas per level: [3, 2, 1, 0]
  regular sampling (percentage = 0.25)

*** Running Euler3DTransform registration ***

DIAGNOSTIC,Iteration,metricValue,convergenceValue,ITERATION_TIME_INDEX,SINCE_LAST
 2DIAGNOSTIC,     1, -5.063334341936e-01, 1.797693134862e+308, 0.0000e+00, 0.0000e+00, 
 2DIAGNOSTIC,     2, -5.066713034143e-01, 1.797693134862e+308, 0.0000e+00, 0.0000e+00, 
 2DIAGNOSTIC,     3, -5.069416056698e-01, 1.797693134862e+308, 0.0000e+00, 0.0000e+00, 
 2DIAGNOSTIC,     4, -5.070216868851e-01, 1.797693134862e+308, 0.0000e+00, 0.0000e+00, 
 2DIAGNOSTIC,     5, -5.076000848441e-01, 1.797693134862e+308, 0.0000e+00, 0.0000e+00, 
 2DIAGNOSTIC,     6, -5.099061208341e-01, 1.797693134862e+308, 0.0000e+00, 0.0000e+00, 
 2DIAGNOSTIC,     7, -5.104930902019e-01, 1.797693134862e+308, 0.0000e+00, 0.0000e+00, 
 2DIAGNOSTIC,     8, -5.100389578798e-01, 1.797693134862e+308, 0.0000e+00, 0.0000e+00, 
 2DIAGNOSTIC,     9, -5.102227472790e-01, 1.797693134862e+308, 0.0000e+00, 0.0000e+00, 
 2DIAGNOSTIC,    10, -5.097483866837e-01, 5.969565889286e-04, 0.0000e+00, 0.0000e+00, 
 2DIAGNOSTIC,    11, -5.094603837066e-01, 4.427746234429e-04, 0.0000e+00, 0.0000e+00, 
 2DIAGNOSTIC,    12, -5.091963491584e-01, 2.776371838385e-04, 0.0000e+00, 0.0000e+00, 
 2DIAGNOSTIC,    13, -5.090929453760e-01, 1.217864483448e-04, 0.0000e+00, 0.0000e+00, 
DIAGNOSTIC,Iteration,metricValue,convergenceValue,ITERATION_TIME_INDEX,SINCE_LAST
 2DIAGNOSTIC,     1, -4.310510717798e-01, 1.797693134862e+308, 0.0000e+00, 0.0000e+00, 
 2DIAGNOSTIC,     2, -4.315343131398e-01, 1.797693134862e+308, 0.0000e+00, 0.0000e+00, 
 2DIAGNOSTIC,     3, -4.313848554150e-01, 1.797693134862e+308, 0.0000e+00, 0.0000e+00, 
 2DIAGNOSTIC,     4, -4.322639798273e-01, 1.797693134862e+308, 0.0000e+00, 0.0000e+00, 
 2DIAGNOSTIC,     5, -4.327536680929e-01, 1.797693134862e+308, 0.0000e+00, 0.0000e+00, 
 2DIAGNOSTIC,     6, -4.334548594339e-01, 1.797693134862e+308, 0.0000e+00, 0.0000e+00, 
 2DIAGNOSTIC,     7, -4.342148471306e-01, 1.797693134862e+308, 0.0000e+00, 0.0000e+00, 
 2DIAGNOSTIC,     8, -4.364783878503e-01, 1.797693134862e+308, 0.0000e+00, 0.0000e+00, 
 2DIAGNOSTIC,     9, -4.415712337545e-01, 1.797693134862e+308, 0.0000e+00, 0.0000e+00, 
 2DIAGNOSTIC,    10, -4.457031830078e-01, 1.829174083189e-03, 0.0000e+00, 0.0000e+00, 
 2DIAGNOSTIC,    11, -4.566463737023e-01, 2.718358838655e-03, 0.0000e+00, 0.0000e+00, 
 2DIAGNOSTIC,    12, -4.753798690374e-01, 4.222407600467e-03, 0.0000e+00, 0.0000e+00, 
 2DIAGNOSTIC,    13, -4.961461164176e-01, 6.073970651461e-03, 0.0000e+00, 0.0000e+00, 
 2DIAGNOSTIC,    14, -5.134867553801e-01, 7.875424645231e-03, 0.0000e+00, 0.0000e+00, 
 2DIAGNOSTIC,    15, -5.137538929415e-01, 8.721596428861e-03, 0.0000e+00, 0.0000e+00, 
 2DIAGNOSTIC,    16, -5.170807091435e-01, 8.821166575722e-03, 0.0000e+00, 0.0000e+00, 
 2DIAGNOSTIC,    17, -5.145049412943e-01, 8.032970753582e-03, 0.0000e+00, 0.0000e+00, 
 2DIAGNOSTIC,    18, -5.184999819307e-01, 6.804068928810e-03, 0.0000e+00, 0.0000e+00, 
 2DIAGNOSTIC,    19, -5.125744520563e-01, 5.065932771190e-03, 0.0000e+00, 0.0000e+00, 
 2DIAGNOSTIC,    20, -5.161249885990e-01, 3.288557358884e-03, 0.0000e+00, 0.0000e+00, 
 2DIAGNOSTIC,    21, -5.147046134374e-01, 1.662146280368e-03, 0.0000e+00, 0.0000e+00, 
 2DIAGNOSTIC,    22, -5.149813865579e-01, 5.480273914875e-04, 0.0000e+00, 0.0000e+00, 
DIAGNOSTIC,Iteration,metricValue,convergenceValue,ITERATION_TIME_INDEX,SINCE_LAST
 2DIAGNOSTIC,     1, -4.361471159256e-01, 1.797693134862e+308, 0.0000e+00, 0.0000e+00, 
 2DIAGNOSTIC,     2, -4.361471159256e-01, 1.797693134862e+308, 0.0000e+00, 0.0000e+00, 
 2DIAGNOSTIC,     3, -4.361471159256e-01, 1.797693134862e+308, 0.0000e+00, 0.0000e+00, 
 2DIAGNOSTIC,     4, -4.361471159256e-01, 1.797693134862e+308, 0.0000e+00, 0.0000e+00, 
 2DIAGNOSTIC,     5, -4.361471159256e-01, 1.797693134862e+308, 0.0000e+00, 0.0000e+00, 
 2DIAGNOSTIC,     6, -4.361471159256e-01, 1.797693134862e+308, 0.0000e+00, 0.0000e+00, 
 2DIAGNOSTIC,     7, -4.361471159256e-01, 1.797693134862e+308, 0.0000e+00, 0.0000e+00, 
 2DIAGNOSTIC,     8, -4.361471159256e-01, 1.797693134862e+308, 0.0000e+00, 0.0000e+00, 
 2DIAGNOSTIC,     9, -4.361471159256e-01, 1.797693134862e+308, 0.0000e+00, 0.0000e+00, 
DIAGNOSTIC,Iteration,metricValue,convergenceValue,ITERATION_TIME_INDEX,SINCE_LAST
 2DIAGNOSTIC,     1, -3.965192220397e-01, 1.797693134862e+308, 0.0000e+00, 0.0000e+00, 
 2DIAGNOSTIC,     2, -3.965268496332e-01, 1.797693134862e+308, 0.0000e+00, 0.0000e+00, 
 2DIAGNOSTIC,     3, -3.965581185980e-01, 1.797693134862e+308, 0.0000e+00, 0.0000e+00, 
 2DIAGNOSTIC,     4, -3.965581185980e-01, 1.797693134862e+308, 0.0000e+00, 0.0000e+00, 
 2DIAGNOSTIC,     5, -3.965581185980e-01, 1.797693134862e+308, 0.0000e+00, 0.0000e+00, 
 2DIAGNOSTIC,     6, -3.965581185980e-01, 1.797693134862e+308, 0.0000e+00, 0.0000e+00, 
 2DIAGNOSTIC,     7, -3.965581185980e-01, 1.797693134862e+308, 0.0000e+00, 0.0000e+00, 
 2DIAGNOSTIC,     8, -3.965581185980e-01, 1.797693134862e+308, 0.0000e+00, 0.0000e+00, 
 2DIAGNOSTIC,     9, -3.965581185980e-01, 1.797693134862e+308, 0.0000e+00, 0.0000e+00, 
 2DIAGNOSTIC,    10, -3.965581185980e-01, 4.742892692214e-06, 0.0000e+00, 0.0000e+00, 
 2DIAGNOSTIC,    11, -3.965581185980e-01, 2.034647492974e-06, 0.0000e+00, 0.0000e+00, 
  Elapsed time (stage 0): 0.0000e+00


Total elapsed time: 0.0000e+00
Info [verificarlo]: loaded backend libinterflop_ieee.so
Info [interflop-ieee]: load backend with:
Info [interflop-ieee]: debug = false
Info [interflop-ieee]: debug-binary = false
Info [interflop-ieee]: no-backend-name = false
Info [interflop-ieee]: print-new-line = false
Info [interflop-ieee]: print-subnormal-normalized = false
Info [interflop-ieee]: count-op = false
All_Command_lines_OK
Using double precision for computations.
=============================================================================
The composite transform comprises the following transforms (in order): 
  1. /home/mdugre/scratch/mri-registration-rp/datasets/ds004513/derivatives/mri-registration-rp/0100/antsRegistration-r7-p7/sub-s033/rigid_Composite.h5[0] (type = Euler3DTransform)
  2. /home/mdugre/scratch/mri-registration-rp/datasets/ds004513/derivatives/mri-registration-rp/0100/antsRegistration-r7-p7/sub-s033/rigid_Composite.h5[1] (type = Euler3DTransform)
  3. /home/mdugre/scratch/mri-registration-rp/datasets/ds004513/derivatives/mri-registration-rp/0100/antsRegistration-r7-p7/sub-s033/rigid_Composite.h5[2] (type = Euler3DTransform)
=============================================================================
  number of levels = 4
  fixed image: /templateflow/tpl-MNI152NLin2009cAsym/tpl-MNI152NLin2009cAsym_res-01_desc-brain_T1w.nii.gz
  moving image: /home/mdugre/scratch/mri-registration-rp/datasets/ds004513/derivatives/mri-registration-rp/antsBrainExtraction/sub-s033/BrainExtractionBrain.nii.gz
Dimension = 3
Number of stages = 1
Use histogram matching = false
Winsorize image intensities = true
  Lower quantile = 0.005
  Upper quantile = 0.995


Stage 1 State
   Image metric = MattesMI
     Fixed image = Image (0x41ae530)
  RTTI typeinfo:   itk::Image<double, 3u>
  Reference Count: 2
  Modified Time: 1592
  Debug: Off
  Object Name: 
  Observers: 
    none
  Source: (none)
  Source output name: (none)
  Release Data: Off
  Data Released: False
  Global Release Data: Off
  PipelineMTime: 0
  UpdateMTime: 1203
  RealTimeStamp: 0 seconds 
  LargestPossibleRegion: 
    Dimension: 3
    Index: [0, 0, 0]
    Size: [193, 229, 193]
  BufferedRegion: 
    Dimension: 3
    Index: [0, 0, 0]
    Size: [193, 229, 193]
  RequestedRegion: 
    Dimension: 3
    Index: [0, 0, 0]
    Size: [193, 229, 193]
  Spacing: [1, 1, 1]
  Origin: [96, 132, -78]
  Direction: 
-1 0 0
0 -1 0
0 0 1

  IndexToPointMatrix: 
-1 0 0
0 -1 0
0 0 1

  PointToIndexMatrix: 
-1 0 0
0 -1 0
0 0 1

  Inverse Direction: 
-1 0 0
0 -1 0
0 0 1

  PixelContainer: 
    ImportImageContainer (0x41bb2b0)
      RTTI typeinfo:   itk::ImportImageContainer<unsigned long, double>
      Reference Count: 1
      Modified Time: 1200
      Debug: Off
      Object Name: 
      Observers: 
        none
      Pointer: 0x148eff0c3010
      Container manages memory: true
      Size: 8530021
      Capacity: 8530021

     Moving image = Image (0x4269fd0)
  RTTI typeinfo:   itk::Image<double, 3u>
  Reference Count: 2
  Modified Time: 1593
  Debug: Off
  Object Name: 
  Observers: 
    none
  Source: (none)
  Source output name: (none)
  Release Data: Off
  Data Released: False
  Global Release Data: Off
  PipelineMTime: 0
  UpdateMTime: 1590
  RealTimeStamp: 0 seconds 
  LargestPossibleRegion: 
    Dimension: 3
    Index: [0, 0, 0]
    Size: [160, 240, 256]
  BufferedRegion: 
    Dimension: 3
    Index: [0, 0, 0]
    Size: [160, 240, 256]
  RequestedRegion: 
    Dimension: 3
    Index: [0, 0, 0]
    Size: [160, 240, 256]
  Spacing: [1, 1, 1]
  Origin: [91.5134, 94.282, -109.927]
  Direction: 
-0.99591 -0.0698718 -0.0572835
0.0697565 -0.997556 0.00401236
-0.0574239 5.01125e-08 0.99835

  IndexToPointMatrix: 
-0.99591 -0.0698718 -0.0572835
0.0697565 -0.997556 0.00401236
-0.0574239 5.01125e-08 0.99835

  PointToIndexMatrix: 
-0.99591 0.0697565 -0.0574239
-0.0698718 -0.997556 5.01483e-08
-0.0572835 0.00401236 0.99835

  Inverse Direction: 
-0.99591 0.0697565 -0.0574239
-0.0698718 -0.997556 5.01483e-08
-0.0572835 0.00401236 0.99835

  PixelContainer: 
    ImportImageContainer (0x4281990)
      RTTI typeinfo:   itk::ImportImageContainer<unsigned long, double>
      Reference Count: 1
      Modified Time: 1587
      Debug: Off
      Object Name: 
      Observers: 
        none
      Pointer: 0x148efa5c2010
      Container manages memory: true
      Size: 9830400
      Capacity: 9830400

     Weighting = 1
     Sampling strategy = regular
     Number of bins = 32
     Radius = 4
     Sampling percentage  = 0.25
   Transform = Affine
     Gradient step = 0.1
     Update field sigma (voxel space) = 0
     Total field sigma (voxel space) = 0
     Update field time sigma = 0
     Total field time sigma  = 0
     Number of time indices = 0
     Number of time point samples = 0
Registration using 1 total stages.

Stage 0
  iterations = 1000x500x250x100
  convergence threshold = 1e-06
  convergence window size = 10
  number of levels = 4
  using the Mattes MI metric (number of bins = 32, weight = 1, use gradient filter = 0)
  preprocessing:  winsorizing the image intensities
  Shrink factors (level 1 out of 4): [8, 8, 8]
  Shrink factors (level 2 out of 4): [4, 4, 4]
  Shrink factors (level 3 out of 4): [2, 2, 2]
  Shrink factors (level 4 out of 4): [1, 1, 1]
  smoothing sigmas per level: [3, 2, 1, 0]
  regular sampling (percentage = 0.25)

*** Running AffineTransform registration ***

DIAGNOSTIC,Iteration,metricValue,convergenceValue,ITERATION_TIME_INDEX,SINCE_LAST
 2DIAGNOSTIC,     1, -6.321988462427e-01, 1.797693134862e+308, 6.9864e-01, 6.9864e-01, 
 2DIAGNOSTIC,     2, -6.345569699408e-01, 1.797693134862e+308, 7.0396e-01, 5.3179e-03, 
 2DIAGNOSTIC,     3, -6.387463837102e-01, 1.797693134862e+308, 7.0906e-01, 5.0981e-03, 
 2DIAGNOSTIC,     4, -6.460643801478e-01, 1.797693134862e+308, 7.1396e-01, 4.8981e-03, 
 2DIAGNOSTIC,     5, -6.574941372366e-01, 1.797693134862e+308, 7.1862e-01, 4.6668e-03, 
 2DIAGNOSTIC,     6, -6.718156618461e-01, 1.797693134862e+308, 7.2355e-01, 4.9260e-03, 
 2DIAGNOSTIC,     7, -6.955371368746e-01, 1.797693134862e+308, 7.2924e-01, 5.6870e-03, 
 2DIAGNOSTIC,     8, -8.261201660370e-01, 1.797693134862e+308, 7.3656e-01, 7.3240e-03, 
 2DIAGNOSTIC,     9, -8.534659077972e-01, 1.797693134862e+308, 7.4262e-01, 6.0580e-03, 
 2DIAGNOSTIC,    10, -8.681647475075e-01, 2.331058511504e-02, 7.4945e-01, 6.8300e-03, 
 2DIAGNOSTIC,    11, -8.891588876531e-01, 2.423693001010e-02, 7.5527e-01, 5.8250e-03, 
 2DIAGNOSTIC,    12, -8.922762419576e-01, 2.298677480428e-02, 7.6242e-01, 7.1468e-03, 
 2DIAGNOSTIC,    13, -8.950097199228e-01, 2.006304808157e-02, 7.6818e-01, 5.7600e-03, 
 2DIAGNOSTIC,    14, -8.960799002076e-01, 1.603932984852e-02, 7.7330e-01, 5.1231e-03, 
 2DIAGNOSTIC,    15, -8.962347547322e-01, 1.151405021074e-02, 7.7936e-01, 6.0601e-03, 
 2DIAGNOSTIC,    16, -8.965148347660e-01, 6.947293713875e-03, 7.8488e-01, 5.5130e-03, 
 2DIAGNOSTIC,    17, -8.967156327897e-01, 2.796095077738e-03, 7.9033e-01, 5.4550e-03, 
 2DIAGNOSTIC,    18, -8.973475025798e-01, 1.514453218407e-03, 7.9555e-01, 5.2140e-03, 
 2DIAGNOSTIC,    19, -8.983677277240e-01, 7.731869411135e-04, 8.0104e-01, 5.4920e-03, 
 2DIAGNOSTIC,    20, -9.000942637659e-01, 3.241414585193e-04, 8.0761e-01, 6.5751e-03, 
 2DIAGNOSTIC,    21, -9.023647098967e-01, 2.809493425616e-04, 8.1339e-01, 5.7771e-03, 
 2DIAGNOSTIC,    22, -9.051425660597e-01, 3.082533152247e-04, 8.2177e-01, 8.3761e-03, 
 2DIAGNOSTIC,    23, -9.052074167415e-01, 3.457321680361e-04, 8.2950e-01, 7.7319e-03, 
 2DIAGNOSTIC,    24, -9.052401055820e-01, 3.642013442636e-04, 8.3630e-01, 6.8009e-03, 
 2DIAGNOSTIC,    25, -9.049563942482e-01, 3.454671523395e-04, 8.4241e-01, 6.1090e-03, 
 2DIAGNOSTIC,    26, -9.048731285203e-01, 2.983125022306e-04, 8.4749e-01, 5.0790e-03, 
 2DIAGNOSTIC,    27, -9.048000807786e-01, 2.282813642278e-04, 8.5266e-01, 5.1699e-03, 
 2DIAGNOSTIC,    28, -9.048763117424e-01, 1.511352516810e-04, 8.5780e-01, 5.1422e-03, 
 2DIAGNOSTIC,    29, -9.049354795910e-01, 7.852463027187e-05, 8.6289e-01, 5.0881e-03, 
 2DIAGNOSTIC,    30, -9.051430538743e-01, 2.541404820354e-05, 8.6801e-01, 5.1231e-03, 
 2DIAGNOSTIC,    31, -9.056907723538e-01, 3.600815090564e-06, 8.7365e-01, 5.6369e-03, 
 2DIAGNOSTIC,    32, -9.057771208333e-01, 1.305428325819e-05, 8.7995e-01, 6.3021e-03, 
 2DIAGNOSTIC,    33, -9.059385686914e-01, 2.307373316825e-05, 8.8687e-01, 6.9170e-03, 
 2DIAGNOSTIC,    34, -9.061113709896e-01, 3.249608032806e-05, 8.9205e-01, 5.1858e-03, 
 2DIAGNOSTIC,    35, -9.061856658028e-01, 3.630504479760e-05, 8.9776e-01, 5.7092e-03, 
 2DIAGNOSTIC,    36, -9.063481561109e-01, 3.723578746730e-05, 9.0530e-01, 7.5412e-03, 
 2DIAGNOSTIC,    37, -9.063485093883e-01, 3.398028309134e-05, 9.1775e-01, 1.2447e-02, 
 2DIAGNOSTIC,    38, -9.063485096732e-01, 2.851327399247e-05, 9.2879e-01, 1.1036e-02, 
 2DIAGNOSTIC,    39, -9.063485096760e-01, 2.122864055771e-05, 9.4309e-01, 1.4307e-02, 
 2DIAGNOSTIC,    40, -9.063485096760e-01, 1.399581342012e-05, 9.4879e-01, 5.7020e-03, 
 2DIAGNOSTIC,    41, -9.063485096760e-01, 1.031262651513e-05, 9.5503e-01, 6.2392e-03, 
 2DIAGNOSTIC,    42, -9.063485096760e-01, 6.576089943474e-06, 9.6187e-01, 6.8340e-03, 
 2DIAGNOSTIC,    43, -9.063485096760e-01, 3.704315687678e-06, 9.6761e-01, 5.7471e-03, 
 2DIAGNOSTIC,    44, -9.063485096760e-01, 1.988575522516e-06, 9.7383e-01, 6.2170e-03, 
DIAGNOSTIC,Iteration,metricValue,convergenceValue,ITERATION_TIME_INDEX,SINCE_LAST
 2DIAGNOSTIC,     1, -7.400011536297e-01, 1.797693134862e+308, 1.6711e+00, 6.9729e-01, 
 2DIAGNOSTIC,     2, -7.409651489223e-01, 1.797693134862e+308, 1.7085e+00, 3.7425e-02, 
 2DIAGNOSTIC,     3, -7.419910910295e-01, 1.797693134862e+308, 1.7450e+00, 3.6464e-02, 
 2DIAGNOSTIC,     4, -7.431317783597e-01, 1.797693134862e+308, 1.7815e+00, 3.6449e-02, 
 2DIAGNOSTIC,     5, -7.442215278765e-01, 1.797693134862e+308, 1.8183e+00, 3.6864e-02, 
 2DIAGNOSTIC,     6, -7.458706745434e-01, 1.797693134862e+308, 1.8564e+00, 3.8076e-02, 
 2DIAGNOSTIC,     7, -7.469184292292e-01, 1.797693134862e+308, 1.9086e+00, 5.2216e-02, 
 2DIAGNOSTIC,     8, -7.470472634547e-01, 1.797693134862e+308, 1.9471e+00, 3.8444e-02, 
 2DIAGNOSTIC,     9, -7.471984183836e-01, 1.797693134862e+308, 1.9841e+00, 3.7091e-02, 
 2DIAGNOSTIC,    10, -7.475316013028e-01, 7.119492924563e-04, 2.0253e+00, 4.1128e-02, 
 2DIAGNOSTIC,    11, -7.486032259099e-01, 5.865359004208e-04, 2.0778e+00, 5.2573e-02, 
 2DIAGNOSTIC,    12, -7.486266289451e-01, 4.597183676822e-04, 2.1231e+00, 4.5206e-02, 
 2DIAGNOSTIC,    13, -7.486295893467e-01, 3.419537750532e-04, 2.1628e+00, 3.9731e-02, 
 2DIAGNOSTIC,    14, -7.486230517465e-01, 2.416500539531e-04, 2.1987e+00, 3.5956e-02, 
 2DIAGNOSTIC,    15, -7.486195070750e-01, 1.594438818892e-04, 2.2356e+00, 3.6896e-02, 
 2DIAGNOSTIC,    16, -7.486319367910e-01, 1.116079621366e-04, 2.2723e+00, 3.6620e-02, 
 2DIAGNOSTIC,    17, -7.486269586747e-01, 8.266152107796e-05, 2.3136e+00, 4.1298e-02, 
 2DIAGNOSTIC,    18, -7.486210415616e-01, 5.244582011123e-05, 2.3538e+00, 4.0241e-02, 
 2DIAGNOSTIC,    19, -7.486165300317e-01, 2.374729933937e-05, 2.3988e+00, 4.4994e-02, 
 2DIAGNOSTIC,    20, -7.486056268732e-01, 1.432250964231e-06, 2.4354e+00, 3.6617e-02, 
DIAGNOSTIC,Iteration,metricValue,convergenceValue,ITERATION_TIME_INDEX,SINCE_LAST
 2DIAGNOSTIC,     1, -6.327950435566e-01, 1.797693134862e+308, 3.5259e+00, 1.0905e+00, 
 2DIAGNOSTIC,     2, -6.333605786964e-01, 1.797693134862e+308, 3.8315e+00, 3.0568e-01, 
 2DIAGNOSTIC,     3, -6.339340909985e-01, 1.797693134862e+308, 4.1396e+00, 3.0809e-01, 
 2DIAGNOSTIC,     4, -6.346293179690e-01, 1.797693134862e+308, 4.4325e+00, 2.9290e-01, 
 2DIAGNOSTIC,     5, -6.361164495741e-01, 1.797693134862e+308, 4.7522e+00, 3.1969e-01, 
 2DIAGNOSTIC,     6, -6.377635625258e-01, 1.797693134862e+308, 5.3260e+00, 5.7378e-01, 
 2DIAGNOSTIC,     7, -6.377673620097e-01, 1.797693134862e+308, 5.6613e+00, 3.3530e-01, 
 2DIAGNOSTIC,     8, -6.377669443351e-01, 1.797693134862e+308, 6.1496e+00, 4.8830e-01, 
 2DIAGNOSTIC,     9, -6.377696418976e-01, 1.797693134862e+308, 6.5128e+00, 3.6320e-01, 
 2DIAGNOSTIC,    10, -6.377678710515e-01, 5.954454422086e-04, 6.8122e+00, 2.9937e-01, 
 2DIAGNOSTIC,    11, -6.377677263206e-01, 4.388058362296e-04, 7.0843e+00, 2.7207e-01, 
 2DIAGNOSTIC,    12, -6.377670428446e-01, 2.906543393902e-04, 7.5160e+00, 4.3176e-01, 
 2DIAGNOSTIC,    13, -6.377674176457e-01, 1.599145140637e-04, 7.8532e+00, 3.3721e-01, 
 2DIAGNOSTIC,    14, -6.377662374738e-01, 5.499973821402e-05, 8.1663e+00, 3.1305e-01, 
 2DIAGNOSTIC,    15, -6.377651604472e-01, 2.116066766242e-06, 8.4256e+00, 2.5930e-01, 
 2DIAGNOSTIC,    16, -6.377628997590e-01, 1.747890170337e-06, 8.7290e+00, 3.0342e-01, 
 2DIAGNOSTIC,    17, -6.377605704966e-01, 1.485685679439e-06, 9.0036e+00, 2.7458e-01, 
 2DIAGNOSTIC,    18, -6.377614398395e-01, 1.297806137300e-06, 9.3302e+00, 3.2660e-01, 
 2DIAGNOSTIC,    19, -6.377618348130e-01, 1.245436912531e-06, 9.6192e+00, 2.8898e-01, 
 2DIAGNOSTIC,    20, -6.377608073986e-01, 1.175819519347e-06, 9.8743e+00, 2.5511e-01, 
 2DIAGNOSTIC,    21, -6.377600520672e-01, 1.134764962447e-06, 1.0134e+01, 2.5967e-01, 
 2DIAGNOSTIC,    22, -6.377597563107e-01, 1.113610911645e-06, 1.0390e+01, 2.5562e-01, 
 2DIAGNOSTIC,    23, -6.377616599507e-01, 1.168966979735e-06, 1.0691e+01, 3.0165e-01, 
 2DIAGNOSTIC,    24, -6.377633345299e-01, 1.247060232051e-06, 1.1001e+01, 3.0941e-01, 
 2DIAGNOSTIC,    25, -6.377593167110e-01, 1.236196085073e-06, 1.1294e+01, 2.9305e-01, 
 2DIAGNOSTIC,    26, -6.377591212820e-01, 1.192155213513e-06, 1.1618e+01, 3.2389e-01, 
 2DIAGNOSTIC,    27, -6.377586004371e-01, 1.106507452261e-06, 1.1925e+01, 3.0757e-01, 
 2DIAGNOSTIC,    28, -6.377580783745e-01, 1.037376965884e-06, 1.2190e+01, 2.6505e-01, 
DIAGNOSTIC,Iteration,metricValue,convergenceValue,ITERATION_TIME_INDEX,SINCE_LAST
 2DIAGNOSTIC,     1, -5.635934363055e-01, 1.797693134862e+308, 1.4963e+01, 2.7733e+00, 
 2DIAGNOSTIC,     2, -5.637048846712e-01, 1.797693134862e+308, 1.6901e+01, 1.9379e+00, 
 2DIAGNOSTIC,     3, -5.637243088143e-01, 1.797693134862e+308, 1.9026e+01, 2.1246e+00, 
 2DIAGNOSTIC,     4, -5.637285686570e-01, 1.797693134862e+308, 2.0966e+01, 1.9403e+00, 
 2DIAGNOSTIC,     5, -5.637257520594e-01, 1.797693134862e+308, 2.2592e+01, 1.6259e+00, 
 2DIAGNOSTIC,     6, -5.637258280305e-01, 1.797693134862e+308, 2.4504e+01, 1.9116e+00, 
 2DIAGNOSTIC,     7, -5.637309552562e-01, 1.797693134862e+308, 2.6681e+01, 2.1772e+00, 
 2DIAGNOSTIC,     8, -5.637317209098e-01, 1.797693134862e+308, 2.8565e+01, 1.8836e+00, 
 2DIAGNOSTIC,     9, -5.637308081825e-01, 1.797693134862e+308, 3.0995e+01, 2.4303e+00, 
 2DIAGNOSTIC,    10, -5.637304025936e-01, 1.154751354888e-05, 3.2798e+01, 1.8027e+00, 
 2DIAGNOSTIC,    11, -5.637304759072e-01, 4.547423438764e-06, 3.4701e+01, 1.9033e+00, 
 2DIAGNOSTIC,    12, -5.637304558005e-01, 3.219341189062e-06, 3.6569e+01, 1.8682e+00, 
 2DIAGNOSTIC,    13, -5.637299742713e-01, 2.771579593872e-06, 3.8244e+01, 1.6752e+00, 
 2DIAGNOSTIC,    14, -5.637302111347e-01, 2.527227948829e-06, 4.0062e+01, 1.8179e+00, 
 2DIAGNOSTIC,    15, -5.637301383007e-01, 2.197382770658e-06, 4.1849e+01, 1.7872e+00, 
 2DIAGNOSTIC,    16, -5.637295650128e-01, 1.881175533416e-06, 4.3666e+01, 1.8163e+00, 
 2DIAGNOSTIC,    17, -5.637297218002e-01, 1.768183246341e-06, 4.5757e+01, 2.0910e+00, 
 2DIAGNOSTIC,    18, -5.637298323409e-01, 1.702286721444e-06, 4.7613e+01, 1.8564e+00, 
 2DIAGNOSTIC,    19, -5.637296420338e-01, 1.620068557549e-06, 5.0286e+01, 2.6730e+00, 
 2DIAGNOSTIC,    20, -5.637297204021e-01, 1.542897715104e-06, 5.2132e+01, 1.8458e+00, 
 2DIAGNOSTIC,    21, -5.637295395616e-01, 1.475057747502e-06, 5.4022e+01, 1.8906e+00, 
 2DIAGNOSTIC,    22, -5.637294919058e-01, 1.415944126233e-06, 5.5901e+01, 1.8787e+00, 
 2DIAGNOSTIC,    23, -5.637291705318e-01, 1.346775312216e-06, 5.7726e+01, 1.8252e+00, 
 2DIAGNOSTIC,    24, -5.637291277643e-01, 1.290973052931e-06, 5.9566e+01, 1.8394e+00, 
 2DIAGNOSTIC,    25, -5.637290575839e-01, 1.240325009977e-06, 6.1360e+01, 1.7940e+00, 
 2DIAGNOSTIC,    26, -5.637289672696e-01, 1.183585670424e-06, 6.3216e+01, 1.8557e+00, 
 2DIAGNOSTIC,    27, -5.637288621666e-01, 1.135762974086e-06, 6.4848e+01, 1.6325e+00, 
 2DIAGNOSTIC,    28, -5.637287855340e-01, 1.096145343146e-06, 6.6569e+01, 1.7214e+00, 
 2DIAGNOSTIC,    29, -5.637289032320e-01, 1.061707191975e-06, 6.8460e+01, 1.8908e+00, 
 2DIAGNOSTIC,    30, -5.637290433674e-01, 1.036481777739e-06, 7.0091e+01, 1.6307e+00, 
 2DIAGNOSTIC,    31, -5.637294264228e-01, 1.018351605500e-06, 7.1919e+01, 1.8283e+00, 
 2DIAGNOSTIC,    32, -5.637295616689e-01, 1.003513209433e-06, 7.3750e+01, 1.8307e+00, 
  Elapsed time (stage 0): 7.4773e+01


Total elapsed time: 7.4776e+01
Info [verificarlo]: loaded backend libinterflop_ieee.so
Info [interflop-ieee]: load backend with:
Info [interflop-ieee]: debug = false
Info [interflop-ieee]: debug-binary = false
Info [interflop-ieee]: no-backend-name = false
Info [interflop-ieee]: print-new-line = false
Info [interflop-ieee]: print-subnormal-normalized = false
Info [interflop-ieee]: count-op = false
All_Command_lines_OK
Using double precision for computations.
=============================================================================
The composite transform comprises the following transforms (in order): 
  1. /home/mdugre/scratch/mri-registration-rp/datasets/ds004513/derivatives/mri-registration-rp/0100/antsRegistration-r7-p7/sub-s033/affine_Composite.h5[0] (type = Euler3DTransform)
  2. /home/mdugre/scratch/mri-registration-rp/datasets/ds004513/derivatives/mri-registration-rp/0100/antsRegistration-r7-p7/sub-s033/affine_Composite.h5[1] (type = Euler3DTransform)
  3. /home/mdugre/scratch/mri-registration-rp/datasets/ds004513/derivatives/mri-registration-rp/0100/antsRegistration-r7-p7/sub-s033/affine_Composite.h5[2] (type = Euler3DTransform)
  4. /home/mdugre/scratch/mri-registration-rp/datasets/ds004513/derivatives/mri-registration-rp/0100/antsRegistration-r7-p7/sub-s033/affine_Composite.h5[3] (type = AffineTransform)
=============================================================================
  number of levels = 4
  fixed image: /templateflow/tpl-MNI152NLin2009cAsym/tpl-MNI152NLin2009cAsym_res-01_desc-brain_T1w.nii.gz
  moving image: /home/mdugre/scratch/mri-registration-rp/datasets/ds004513/derivatives/mri-registration-rp/antsBrainExtraction/sub-s033/BrainExtractionBrain.nii.gz
Dimension = 3
Number of stages = 1
Use histogram matching = false
Winsorize image intensities = true
  Lower quantile = 0.005
  Upper quantile = 0.995


Stage 1 State
   Image metric = CC
     Fixed image = Image (0x3c77a40)
  RTTI typeinfo:   itk::Image<double, 3u>
  Reference Count: 2
  Modified Time: 1606
  Debug: Off
  Object Name: 
  Observers: 
    none
  Source: (none)
  Source output name: (none)
  Release Data: Off
  Data Released: False
  Global Release Data: Off
  PipelineMTime: 0
  UpdateMTime: 1217
  RealTimeStamp: 0 seconds 
  LargestPossibleRegion: 
    Dimension: 3
    Index: [0, 0, 0]
    Size: [193, 229, 193]
  BufferedRegion: 
    Dimension: 3
    Index: [0, 0, 0]
    Size: [193, 229, 193]
  RequestedRegion: 
    Dimension: 3
    Index: [0, 0, 0]
    Size: [193, 229, 193]
  Spacing: [1, 1, 1]
  Origin: [96, 132, -78]
  Direction: 
-1 0 0
0 -1 0
0 0 1

  IndexToPointMatrix: 
-1 0 0
0 -1 0
0 0 1

  PointToIndexMatrix: 
-1 0 0
0 -1 0
0 0 1

  Inverse Direction: 
-1 0 0
0 -1 0
0 0 1

  PixelContainer: 
    ImportImageContainer (0x3d46780)
      RTTI typeinfo:   itk::ImportImageContainer<unsigned long, double>
      Reference Count: 1
      Modified Time: 1214
      Debug: Off
      Object Name: 
      Observers: 
        none
      Pointer: 0x14d57a51e010
      Container manages memory: true
      Size: 8530021
      Capacity: 8530021

     Moving image = Image (0x3d48390)
  RTTI typeinfo:   itk::Image<double, 3u>
  Reference Count: 2
  Modified Time: 1607
  Debug: Off
  Object Name: 
  Observers: 
    none
  Source: (none)
  Source output name: (none)
  Release Data: Off
  Data Released: False
  Global Release Data: Off
  PipelineMTime: 0
  UpdateMTime: 1604
  RealTimeStamp: 0 seconds 
  LargestPossibleRegion: 
    Dimension: 3
    Index: [0, 0, 0]
    Size: [160, 240, 256]
  BufferedRegion: 
    Dimension: 3
    Index: [0, 0, 0]
    Size: [160, 240, 256]
  RequestedRegion: 
    Dimension: 3
    Index: [0, 0, 0]
    Size: [160, 240, 256]
  Spacing: [1, 1, 1]
  Origin: [91.5134, 94.282, -109.927]
  Direction: 
-0.99591 -0.0698718 -0.0572835
0.0697565 -0.997556 0.00401236
-0.0574239 5.01125e-08 0.99835

  IndexToPointMatrix: 
-0.99591 -0.0698718 -0.0572835
0.0697565 -0.997556 0.00401236
-0.0574239 5.01125e-08 0.99835

  PointToIndexMatrix: 
-0.99591 0.0697565 -0.0574239
-0.0698718 -0.997556 5.01483e-08
-0.0572835 0.00401236 0.99835

  Inverse Direction: 
-0.99591 0.0697565 -0.0574239
-0.0698718 -0.997556 5.01483e-08
-0.0572835 0.00401236 0.99835

  PixelContainer: 
    ImportImageContainer (0x3cfd6f0)
      RTTI typeinfo:   itk::ImportImageContainer<unsigned long, double>
      Reference Count: 1
      Modified Time: 1601
      Debug: Off
      Object Name: 
      Observers: 
        none
      Pointer: 0x14d575a1d010
      Container manages memory: true
      Size: 9830400
      Capacity: 9830400

     Weighting = 1
     Sampling strategy = none
     Number of bins = 32
     Radius = 4
     Sampling percentage  = 1
   Transform = SyN
     Gradient step = 0.1
     Update field sigma (voxel space) = 3
     Total field sigma (voxel space) = 0
     Update field time sigma = 0
     Total field time sigma  = 0
     Number of time indices = 0
     Number of time point samples = 0
Registration using 1 total stages.

Stage 0
  iterations = 100x70x50x20
  convergence threshold = 1e-06
  convergence window size = 10
  number of levels = 4
  using the CC metric (radius = 4, weight = 1, use gradient filter = 0)
  preprocessing:  winsorizing the image intensities
  Shrink factors (level 1 out of 4): [8, 8, 8]
  Shrink factors (level 2 out of 4): [4, 4, 4]
  Shrink factors (level 3 out of 4): [2, 2, 2]
  Shrink factors (level 4 out of 4): [1, 1, 1]
  smoothing sigmas per level: [3, 2, 1, 0]
  Using default NONE metricSamplingStrategy 

*** Running SyN registration (varianceForUpdateField = 3, varianceForTotalField = 0) ***

XXDIAGNOSTIC,Iteration,metricValue,convergenceValue,ITERATION_TIME_INDEX,SINCE_LAST
 1DIAGNOSTIC,     1, -9.292411893169e-01, 1.797693134862e+308, 1.0061e+00, 1.0061e+00, 
 1DIAGNOSTIC,     2, -9.380947613278e-01, 1.797693134862e+308, 1.3639e+00, 3.5776e-01, 
 1DIAGNOSTIC,     3, -9.447139416293e-01, 1.797693134862e+308, 1.6999e+00, 3.3595e-01, 
 1DIAGNOSTIC,     4, -9.493732241708e-01, 1.797693134862e+308, 2.0257e+00, 3.2585e-01, 
 1DIAGNOSTIC,     5, -9.522861367141e-01, 1.797693134862e+308, 2.3768e+00, 3.5105e-01, 
 1DIAGNOSTIC,     6, -9.548982778978e-01, 1.797693134862e+308, 2.7097e+00, 3.3291e-01, 
 1DIAGNOSTIC,     7, -9.579743724720e-01, 1.797693134862e+308, 3.0372e+00, 3.2750e-01, 
 1DIAGNOSTIC,     8, -9.610129452163e-01, 1.797693134862e+308, 3.3847e+00, 3.4751e-01, 
 1DIAGNOSTIC,     9, -9.638523245537e-01, 1.797693134862e+308, 3.7348e+00, 3.5010e-01, 
 1DIAGNOSTIC,    10, -9.665320485752e-01, 2.263115129269e-03, 4.0620e+00, 3.2725e-01, 
 1DIAGNOSTIC,    11, -9.689112432272e-01, 1.754332634031e-03, 4.3972e+00, 3.3523e-01, 
