
##########################
# Experiment information #
##########################

EXPERIMENT_NAME: antsRegistration-r7-p8
VFC_BACKENDS: libinterflop_vprec.so --range-binary32=7 --precision-binary32=8 --range-binary64=7 --precision-binary64=8

SIF_IMG: /home/mdugre/projects/rrg-glatard/mdugre/containers/ants-vprec-no_metrics.simg

SUBJECT_ID: s017
INPUT_IMG: /home/mdugre/scratch/mri-registration-rp/datasets/ds004513/derivatives/mri-registration-rp/antsBrainExtraction/sub-s017/BrainExtractionBrain.nii.gz
OUTPUT_DIR: /home/mdugre/scratch/mri-registration-rp/datasets/ds004513/derivatives/mri-registration-rp/0100/antsRegistration-r7-p8/sub-s017

FIXED_IMG: /templateflow/tpl-MNI152NLin2009cAsym/tpl-MNI152NLin2009cAsym_res-01_desc-brain_T1w.nii.gz
DATA_DIR: /home/mdugre/scratch/mri-registration-rp/datasets/ds004513
TEMPLATEFLOW_DIR: /home/mdugre/projects/rrg-glatard/mdugre/templateflow
ITK_GLOBAL_DEFAULT_NUMBER_OF_THREADS: 16
##########################

Info [verificarlo]: loaded backend libinterflop_ieee.so
Info [interflop-ieee]: load backend with:
Info [interflop-ieee]: debug = false
Info [interflop-ieee]: debug-binary = false
Info [interflop-ieee]: no-backend-name = false
Info [interflop-ieee]: print-new-line = false
Info [interflop-ieee]: print-subnormal-normalized = false
Info [interflop-ieee]: count-op = false
All_Command_lines_OK
Using double precision for computations.
=============================================================================
The composite transform comprises the following transforms (in order): 
  1. Center of mass alignment using fixed image: /templateflow/tpl-MNI152NLin2009cAsym/tpl-MNI152NLin2009cAsym_res-01_desc-brain_T1w.nii.gz and moving image: /home/mdugre/scratch/mri-registration-rp/datasets/ds004513/derivatives/mri-registration-rp/antsBrainExtraction/sub-s017/BrainExtractionBrain.nii.gz (type = Euler3DTransform)
=============================================================================
  number of levels = 1
  fixed image: /templateflow/tpl-MNI152NLin2009cAsym/tpl-MNI152NLin2009cAsym_res-01_desc-brain_T1w.nii.gz
  moving image: /home/mdugre/scratch/mri-registration-rp/datasets/ds004513/derivatives/mri-registration-rp/antsBrainExtraction/sub-s017/BrainExtractionBrain.nii.gz
Dimension = 3
Number of stages = 1
Use histogram matching = false
Winsorize image intensities = true
  Lower quantile = 0.005
  Upper quantile = 0.995


Stage 1 State
   Image metric = MattesMI
     Fixed image = Image (0x4665bd0)
  RTTI typeinfo:   itk::Image<double, 3u>
  Reference Count: 2
  Modified Time: 2334
  Debug: Off
  Object Name: 
  Observers: 
    none
  Source: (none)
  Source output name: (none)
  Release Data: Off
  Data Released: False
  Global Release Data: Off
  PipelineMTime: 0
  UpdateMTime: 1943
  RealTimeStamp: 0 seconds 
  LargestPossibleRegion: 
    Dimension: 3
    Index: [0, 0, 0]
    Size: [193, 229, 193]
  BufferedRegion: 
    Dimension: 3
    Index: [0, 0, 0]
    Size: [193, 229, 193]
  RequestedRegion: 
    Dimension: 3
    Index: [0, 0, 0]
    Size: [193, 229, 193]
  Spacing: [1, 1, 1]
  Origin: [96, 132, -78]
  Direction: 
-1 0 0
0 -1 0
0 0 1

  IndexToPointMatrix: 
-1 0 0
0 -1 0
0 0 1

  PointToIndexMatrix: 
-1 0 0
0 -1 0
0 0 1

  Inverse Direction: 
-1 0 0
0 -1 0
0 0 1

  PixelContainer: 
    ImportImageContainer (0x466e9e0)
      RTTI typeinfo:   itk::ImportImageContainer<unsigned long, double>
      Reference Count: 1
      Modified Time: 1940
      Debug: Off
      Object Name: 
      Observers: 
        none
      Pointer: 0x14686e2ae010
      Container manages memory: true
      Size: 8530021
      Capacity: 8530021

     Moving image = Image (0x466fbd0)
  RTTI typeinfo:   itk::Image<double, 3u>
  Reference Count: 2
  Modified Time: 2335
  Debug: Off
  Object Name: 
  Observers: 
    none
  Source: (none)
  Source output name: (none)
  Release Data: Off
  Data Released: False
  Global Release Data: Off
  PipelineMTime: 0
  UpdateMTime: 2332
  RealTimeStamp: 0 seconds 
  LargestPossibleRegion: 
    Dimension: 3
    Index: [0, 0, 0]
    Size: [160, 240, 256]
  BufferedRegion: 
    Dimension: 3
    Index: [0, 0, 0]
    Size: [160, 240, 256]
  RequestedRegion: 
    Dimension: 3
    Index: [0, 0, 0]
    Size: [160, 240, 256]
  Spacing: [1, 1, 1]
  Origin: [91.3357, 102.231, -120.042]
  Direction: 
-0.997442 -5.36781e-05 -0.0714818
5.35416e-05 -1 3.82465e-06
-0.0714818 -1.23894e-08 0.997442

  IndexToPointMatrix: 
-0.997444 -5.36781e-05 -0.0714818
5.35418e-05 -1 3.82465e-06
-0.0714819 -1.23894e-08 0.997442

  PointToIndexMatrix: 
-0.99744 5.35415e-05 -0.0714816
-5.36781e-05 -1 -1.23894e-08
-0.0714818 3.82465e-06 0.997442

  Inverse Direction: 
-0.997442 5.35416e-05 -0.0714818
-5.36781e-05 -1 -1.23894e-08
-0.0714818 3.82465e-06 0.997442

  PixelContainer: 
    ImportImageContainer (0x47f5b50)
      RTTI typeinfo:   itk::ImportImageContainer<unsigned long, double>
      Reference Count: 1
      Modified Time: 2329
      Debug: Off
      Object Name: 
      Observers: 
        none
      Pointer: 0x1468697ad010
      Container manages memory: true
      Size: 9830400
      Capacity: 9830400

     Weighting = 1
     Sampling strategy = regular
     Number of bins = 32
     Radius = 4
     Sampling percentage  = 0.25
   Transform = Rigid
     Gradient step = 0.1
     Update field sigma (voxel space) = 0
     Total field sigma (voxel space) = 0
     Update field time sigma = 0
     Total field time sigma  = 0
     Number of time indices = 0
     Number of time point samples = 0
Registration using 1 total stages.

Stage 0
  iterations = 0
  convergence threshold = 1e-06
  convergence window size = 10
  number of levels = 1
  using the Mattes MI metric (number of bins = 32, weight = 1, use gradient filter = 0)
  preprocessing:  winsorizing the image intensities
  Shrink factors (level 1 out of 1): [1, 1, 1]
  smoothing sigmas per level: [0]
  regular sampling (percentage = 0.25)

*** Running Euler3DTransform registration ***

  Elapsed time (stage 0): 1.15559


Total elapsed time: 1.1581
Info [verificarlo]: loaded backend libinterflop_vprec.so
Info [interflop-vprec]: load backend with: 
Info [interflop-vprec]: precision-binary32 = 8
Info [interflop-vprec]: range-binary32 = 7
Info [interflop-vprec]: precision-binary64 = 8
Info [interflop-vprec]: range-binary64 = 7
Info [interflop-vprec]: mode = ob
Info [interflop-vprec]: error-mode = rel
Info [interflop-vprec]: max-abs-error-exponent = -1022
Info [interflop-vprec]: daz = false
Info [interflop-vprec]: ftz = false
Info [interflop-vprec]: 	instrument = none
Info [interflop-vprec]: 	prec-input-file = (null)
Info [interflop-vprec]: 	prec-output-file = (null)
Info [interflop-vprec]: 	prec-log-file = (null)
All_Command_lines_OK
Using double precision for computations.
=============================================================================
The composite transform comprises the following transforms (in order): 
  1. /home/mdugre/scratch/mri-registration-rp/datasets/ds004513/derivatives/mri-registration-rp/0100/antsRegistration-r7-p8/sub-s017/align_Composite.h5[0] (type = Euler3DTransform)
  2. /home/mdugre/scratch/mri-registration-rp/datasets/ds004513/derivatives/mri-registration-rp/0100/antsRegistration-r7-p8/sub-s017/align_Composite.h5[1] (type = Euler3DTransform)
=============================================================================
  number of levels = 4
  fixed image: /templateflow/tpl-MNI152NLin2009cAsym/tpl-MNI152NLin2009cAsym_res-01_desc-brain_T1w.nii.gz
  moving image: /home/mdugre/scratch/mri-registration-rp/datasets/ds004513/derivatives/mri-registration-rp/antsBrainExtraction/sub-s017/BrainExtractionBrain.nii.gz
Dimension = 3
Number of stages = 1
Use histogram matching = false
Winsorize image intensities = true
  Lower quantile = 0.005
  Upper quantile = 0.995


Stage 1 State
   Image metric = MattesMI
     Fixed image = Image (0x4ee51e0)
  RTTI typeinfo:   itk::Image<double, 3u>
  Reference Count: 2
  Modified Time: 1578
  Debug: Off
  Object Name: 
  Observers: 
    none
  Source: (none)
  Source output name: (none)
  Release Data: Off
  Data Released: False
  Global Release Data: Off
  PipelineMTime: 0
  UpdateMTime: 1189
  RealTimeStamp: 0 seconds 
  LargestPossibleRegion: 
    Dimension: 3
    Index: [0, 0, 0]
    Size: [193, 229, 193]
  BufferedRegion: 
    Dimension: 3
    Index: [0, 0, 0]
    Size: [193, 229, 193]
  RequestedRegion: 
    Dimension: 3
    Index: [0, 0, 0]
    Size: [193, 229, 193]
  Spacing: [1, 1, 1]
  Origin: [96, 132, -78]
  Direction: 
-1 0 0
0 -1 0
0 0 1

  IndexToPointMatrix: 
-1 0 0
0 -1 0
0 0 1

  PointToIndexMatrix: 
-1 0 0
0 -1 0
0 0 1

  Inverse Direction: 
-1 0 0
0 -1 0
0 0 1

  PixelContainer: 
    ImportImageContainer (0x4fa4680)
      RTTI typeinfo:   itk::ImportImageContainer<unsigned long, double>
      Reference Count: 1
      Modified Time: 1186
      Debug: Off
      Object Name: 
      Observers: 
        none
      Pointer: 0x14a498ff6010
      Container manages memory: true
      Size: 8530021
      Capacity: 8530021

     Moving image = Image (0x4fa0b20)
  RTTI typeinfo:   itk::Image<double, 3u>
  Reference Count: 2
  Modified Time: 1579
  Debug: Off
  Object Name: 
  Observers: 
    none
  Source: (none)
  Source output name: (none)
  Release Data: Off
  Data Released: False
  Global Release Data: Off
  PipelineMTime: 0
  UpdateMTime: 1576
  RealTimeStamp: 0 seconds 
  LargestPossibleRegion: 
    Dimension: 3
    Index: [0, 0, 0]
    Size: [160, 240, 256]
  BufferedRegion: 
    Dimension: 3
    Index: [0, 0, 0]
    Size: [160, 240, 256]
  RequestedRegion: 
    Dimension: 3
    Index: [0, 0, 0]
    Size: [160, 240, 256]
  Spacing: [1, 1, 1]
  Origin: [91.25, 102.25, -120]
  Direction: 
-0.996094 -5.37634e-05 -0.0715332
5.3525e-05 -1 3.8147e-06
-0.0715332 -7.45058e-09 0.996094

  IndexToPointMatrix: 
-0.996094 -5.37634e-05 -0.0715332
5.3525e-05 -1 3.8147e-06
-0.0715332 -7.45058e-09 0.996094

  PointToIndexMatrix: 
-1.00391 5.40018e-05 -0.0720215
-5.38826e-05 -1 -1.49012e-08
-0.0720215 3.8594e-06 1

  Inverse Direction: 
-1.00391 5.40018e-05 -0.0720215
-5.38826e-05 -1 -1.49012e-08
-0.0720215 3.8594e-06 1

  PixelContainer: 
    ImportImageContainer (0x5009d50)
      RTTI typeinfo:   itk::ImportImageContainer<unsigned long, double>
      Reference Count: 1
      Modified Time: 1573
      Debug: Off
      Object Name: 
      Observers: 
        none
      Pointer: 0x14a4944f5010
      Container manages memory: true
      Size: 9830400
      Capacity: 9830400

     Weighting = 1
     Sampling strategy = regular
     Number of bins = 32
     Radius = 4
     Sampling percentage  = 0.25
   Transform = Rigid
     Gradient step = 0.1
     Update field sigma (voxel space) = 0
     Total field sigma (voxel space) = 0
     Update field time sigma = 0
     Total field time sigma  = 0
     Number of time indices = 0
     Number of time point samples = 0
Registration using 1 total stages.

Stage 0
  iterations = 1000x500x250x100
  convergence threshold = 1e-06
  convergence window size = 10
  number of levels = 4
  using the Mattes MI metric (number of bins = 32, weight = 1, use gradient filter = 0)
  preprocessing:  winsorizing the image intensities
  Shrink factors (level 1 out of 4): [8, 8, 8]
  Shrink factors (level 2 out of 4): [4, 4, 4]
  Shrink factors (level 3 out of 4): [2, 2, 2]
  Shrink factors (level 4 out of 4): [1, 1, 1]
  smoothing sigmas per level: [3, 2, 1, 0]
  regular sampling (percentage = 0.25)

*** Running Euler3DTransform registration ***

DIAGNOSTIC,Iteration,metricValue,convergenceValue,ITERATION_TIME_INDEX,SINCE_LAST
 2DIAGNOSTIC,     1, -5.865835691590e-01, 1.797693134862e+308, 0.0000e+00, 0.0000e+00, 
 2DIAGNOSTIC,     2, -5.865115907486e-01, 1.797693134862e+308, 0.0000e+00, 0.0000e+00, 
 2DIAGNOSTIC,     3, -5.868120763682e-01, 1.797693134862e+308, 0.0000e+00, 0.0000e+00, 
 2DIAGNOSTIC,     4, -5.871967471932e-01, 1.797693134862e+308, 0.0000e+00, 0.0000e+00, 
 2DIAGNOSTIC,     5, -5.873315181624e-01, 1.797693134862e+308, 0.0000e+00, 0.0000e+00, 
 2DIAGNOSTIC,     6, -5.872943439116e-01, 1.797693134862e+308, 0.0000e+00, 0.0000e+00, 
 2DIAGNOSTIC,     7, -5.873021839195e-01, 1.797693134862e+308, 0.0000e+00, 0.0000e+00, 
 2DIAGNOSTIC,     8, -5.872790138992e-01, 1.797693134862e+308, 0.0000e+00, 0.0000e+00, 
 2DIAGNOSTIC,     9, -5.871949027828e-01, 1.797693134862e+308, 0.0000e+00, 0.0000e+00, 
 2DIAGNOSTIC,    10, -5.871975482437e-01, 7.663295501791e-05, 0.0000e+00, 0.0000e+00, 
 2DIAGNOSTIC,    11, -5.872327194196e-01, 4.551566041032e-05, 0.0000e+00, 0.0000e+00, 
 2DIAGNOSTIC,    12, -5.871798794223e-01, 1.029749820192e-05, 0.0000e+00, 0.0000e+00, 
DIAGNOSTIC,Iteration,metricValue,convergenceValue,ITERATION_TIME_INDEX,SINCE_LAST
 2DIAGNOSTIC,     1, -4.654386153393e-01, 1.797693134862e+308, 0.0000e+00, 0.0000e+00, 
 2DIAGNOSTIC,     2, -4.657313648564e-01, 1.797693134862e+308, 0.0000e+00, 0.0000e+00, 
 2DIAGNOSTIC,     3, -4.660936467063e-01, 1.797693134862e+308, 0.0000e+00, 0.0000e+00, 
 2DIAGNOSTIC,     4, -4.663425917817e-01, 1.797693134862e+308, 0.0000e+00, 0.0000e+00, 
 2DIAGNOSTIC,     5, -4.664203746059e-01, 1.797693134862e+308, 0.0000e+00, 0.0000e+00, 
 2DIAGNOSTIC,     6, -4.686094302724e-01, 1.797693134862e+308, 0.0000e+00, 0.0000e+00, 
 2DIAGNOSTIC,     7, -4.715157311637e-01, 1.797693134862e+308, 0.0000e+00, 0.0000e+00, 
 2DIAGNOSTIC,     8, -4.749175271498e-01, 1.797693134862e+308, 0.0000e+00, 0.0000e+00, 
 2DIAGNOSTIC,     9, -4.787130441511e-01, 1.797693134862e+308, 0.0000e+00, 0.0000e+00, 
 2DIAGNOSTIC,    10, -4.791480347730e-01, 2.057241672446e-03, 0.0000e+00, 0.0000e+00, 
 2DIAGNOSTIC,    11, -4.792102312801e-01, 2.086010498829e-03, 0.0000e+00, 0.0000e+00, 
 2DIAGNOSTIC,    12, -4.792051813348e-01, 1.937106697826e-03, 0.0000e+00, 0.0000e+00, 
 2DIAGNOSTIC,    13, -4.792184556214e-01, 1.652127598792e-03, 0.0000e+00, 0.0000e+00, 
 2DIAGNOSTIC,    14, -4.792194427941e-01, 1.269144741461e-03, 0.0000e+00, 0.0000e+00, 
 2DIAGNOSTIC,    15, -4.792196351636e-01, 8.253298728160e-04, 0.0000e+00, 0.0000e+00, 
 2DIAGNOSTIC,    16, -4.792229873748e-01, 4.448891788320e-04, 0.0000e+00, 0.0000e+00, 
 2DIAGNOSTIC,    17, -4.792221575345e-01, 1.697024226592e-04, 0.0000e+00, 0.0000e+00, 
 2DIAGNOSTIC,    18, -4.792211851247e-01, 1.961841955794e-05, 0.0000e+00, 0.0000e+00, 
 2DIAGNOSTIC,    19, -4.792186187960e-01, 2.972520005327e-06, 0.0000e+00, 0.0000e+00, 
DIAGNOSTIC,Iteration,metricValue,convergenceValue,ITERATION_TIME_INDEX,SINCE_LAST
 2DIAGNOSTIC,     1, -4.080899170329e-01, 1.797693134862e+308, 0.0000e+00, 0.0000e+00, 
 2DIAGNOSTIC,     2, -4.081479128687e-01, 1.797693134862e+308, 0.0000e+00, 0.0000e+00, 
 2DIAGNOSTIC,     3, -4.081767206776e-01, 1.797693134862e+308, 0.0000e+00, 0.0000e+00, 
 2DIAGNOSTIC,     4, -4.081749232923e-01, 1.797693134862e+308, 0.0000e+00, 0.0000e+00, 
 2DIAGNOSTIC,     5, -4.081462412701e-01, 1.797693134862e+308, 0.0000e+00, 0.0000e+00, 
 2DIAGNOSTIC,     6, -4.082140626922e-01, 1.797693134862e+308, 0.0000e+00, 0.0000e+00, 
 2DIAGNOSTIC,     7, -4.082171403296e-01, 1.797693134862e+308, 0.0000e+00, 0.0000e+00, 
 2DIAGNOSTIC,     8, -4.082166220172e-01, 1.797693134862e+308, 0.0000e+00, 0.0000e+00, 
 2DIAGNOSTIC,     9, -4.082186072187e-01, 1.797693134862e+308, 0.0000e+00, 0.0000e+00, 
 2DIAGNOSTIC,    10, -4.082163412981e-01, 1.721296631908e-05, 0.0000e+00, 0.0000e+00, 
 2DIAGNOSTIC,    11, -4.082139203672e-01, 1.042754936197e-05, 0.0000e+00, 0.0000e+00, 
 2DIAGNOSTIC,    12, -4.082119136598e-01, 6.997220598978e-06, 0.0000e+00, 0.0000e+00, 
 2DIAGNOSTIC,    13, -4.082118890514e-01, 5.048352234166e-06, 0.0000e+00, 0.0000e+00, 
 2DIAGNOSTIC,    14, -4.082163854394e-01, 3.133401540970e-06, 0.0000e+00, 0.0000e+00, 
DIAGNOSTIC,Iteration,metricValue,convergenceValue,ITERATION_TIME_INDEX,SINCE_LAST
 2DIAGNOSTIC,     1, -3.769925759400e-01, 1.797693134862e+308, 0.0000e+00, 0.0000e+00, 
 2DIAGNOSTIC,     2, -3.770257587613e-01, 1.797693134862e+308, 0.0000e+00, 0.0000e+00, 
 2DIAGNOSTIC,     3, -3.770261603892e-01, 1.797693134862e+308, 0.0000e+00, 0.0000e+00, 
 2DIAGNOSTIC,     4, -3.770282434727e-01, 1.797693134862e+308, 0.0000e+00, 0.0000e+00, 
 2DIAGNOSTIC,     5, -3.770254095092e-01, 1.797693134862e+308, 0.0000e+00, 0.0000e+00, 
 2DIAGNOSTIC,     6, -3.770257502551e-01, 1.797693134862e+308, 0.0000e+00, 0.0000e+00, 
 2DIAGNOSTIC,     7, -3.770240251038e-01, 1.797693134862e+308, 0.0000e+00, 0.0000e+00, 
 2DIAGNOSTIC,     8, -3.770231301126e-01, 1.797693134862e+308, 0.0000e+00, 0.0000e+00, 
 2DIAGNOSTIC,     9, -3.770245185847e-01, 1.797693134862e+308, 0.0000e+00, 0.0000e+00, 
 2DIAGNOSTIC,    10, -3.770224514857e-01, 1.867822350357e-06, 0.0000e+00, 0.0000e+00, 
  Elapsed time (stage 0): 0.0000e+00


Total elapsed time: 0.0000e+00
Info [verificarlo]: loaded backend libinterflop_ieee.so
Info [interflop-ieee]: load backend with:
Info [interflop-ieee]: debug = false
Info [interflop-ieee]: debug-binary = false
Info [interflop-ieee]: no-backend-name = false
Info [interflop-ieee]: print-new-line = false
Info [interflop-ieee]: print-subnormal-normalized = false
Info [interflop-ieee]: count-op = false
All_Command_lines_OK
Using double precision for computations.
=============================================================================
The composite transform comprises the following transforms (in order): 
  1. /home/mdugre/scratch/mri-registration-rp/datasets/ds004513/derivatives/mri-registration-rp/0100/antsRegistration-r7-p8/sub-s017/rigid_Composite.h5[0] (type = Euler3DTransform)
  2. /home/mdugre/scratch/mri-registration-rp/datasets/ds004513/derivatives/mri-registration-rp/0100/antsRegistration-r7-p8/sub-s017/rigid_Composite.h5[1] (type = Euler3DTransform)
  3. /home/mdugre/scratch/mri-registration-rp/datasets/ds004513/derivatives/mri-registration-rp/0100/antsRegistration-r7-p8/sub-s017/rigid_Composite.h5[2] (type = Euler3DTransform)
=============================================================================
  number of levels = 4
  fixed image: /templateflow/tpl-MNI152NLin2009cAsym/tpl-MNI152NLin2009cAsym_res-01_desc-brain_T1w.nii.gz
  moving image: /home/mdugre/scratch/mri-registration-rp/datasets/ds004513/derivatives/mri-registration-rp/antsBrainExtraction/sub-s017/BrainExtractionBrain.nii.gz
Dimension = 3
Number of stages = 1
Use histogram matching = false
Winsorize image intensities = true
  Lower quantile = 0.005
  Upper quantile = 0.995


Stage 1 State
   Image metric = MattesMI
     Fixed image = Image (0x34d1530)
  RTTI typeinfo:   itk::Image<double, 3u>
  Reference Count: 2
  Modified Time: 1594
  Debug: Off
  Object Name: 
  Observers: 
    none
  Source: (none)
  Source output name: (none)
  Release Data: Off
  Data Released: False
  Global Release Data: Off
  PipelineMTime: 0
  UpdateMTime: 1203
  RealTimeStamp: 0 seconds 
  LargestPossibleRegion: 
    Dimension: 3
    Index: [0, 0, 0]
    Size: [193, 229, 193]
  BufferedRegion: 
    Dimension: 3
    Index: [0, 0, 0]
    Size: [193, 229, 193]
  RequestedRegion: 
    Dimension: 3
    Index: [0, 0, 0]
    Size: [193, 229, 193]
  Spacing: [1, 1, 1]
  Origin: [96, 132, -78]
  Direction: 
-1 0 0
0 -1 0
0 0 1

  IndexToPointMatrix: 
-1 0 0
0 -1 0
0 0 1

  PointToIndexMatrix: 
-1 0 0
0 -1 0
0 0 1

  Inverse Direction: 
-1 0 0
0 -1 0
0 0 1

  PixelContainer: 
    ImportImageContainer (0x34de2b0)
      RTTI typeinfo:   itk::ImportImageContainer<unsigned long, double>
      Reference Count: 1
      Modified Time: 1200
      Debug: Off
      Object Name: 
      Observers: 
        none
      Pointer: 0x148eeaff7010
      Container manages memory: true
      Size: 8530021
      Capacity: 8530021

     Moving image = Image (0x358cfd0)
  RTTI typeinfo:   itk::Image<double, 3u>
  Reference Count: 2
  Modified Time: 1595
  Debug: Off
  Object Name: 
  Observers: 
    none
  Source: (none)
  Source output name: (none)
  Release Data: Off
  Data Released: False
  Global Release Data: Off
  PipelineMTime: 0
  UpdateMTime: 1592
  RealTimeStamp: 0 seconds 
  LargestPossibleRegion: 
    Dimension: 3
    Index: [0, 0, 0]
    Size: [160, 240, 256]
  BufferedRegion: 
    Dimension: 3
    Index: [0, 0, 0]
    Size: [160, 240, 256]
  RequestedRegion: 
    Dimension: 3
    Index: [0, 0, 0]
    Size: [160, 240, 256]
  Spacing: [1, 1, 1]
  Origin: [91.3357, 102.231, -120.042]
  Direction: 
-0.997442 -5.36781e-05 -0.0714818
5.35416e-05 -1 3.82465e-06
-0.0714818 -1.23894e-08 0.997442

  IndexToPointMatrix: 
-0.997444 -5.36781e-05 -0.0714818
5.35418e-05 -1 3.82465e-06
-0.0714819 -1.23894e-08 0.997442

  PointToIndexMatrix: 
-0.99744 5.35415e-05 -0.0714816
-5.36781e-05 -1 -1.23894e-08
-0.0714818 3.82465e-06 0.997442

  Inverse Direction: 
-0.997442 5.35416e-05 -0.0714818
-5.36781e-05 -1 -1.23894e-08
-0.0714818 3.82465e-06 0.997442

  PixelContainer: 
    ImportImageContainer (0x35a4990)
      RTTI typeinfo:   itk::ImportImageContainer<unsigned long, double>
      Reference Count: 1
      Modified Time: 1589
      Debug: Off
      Object Name: 
      Observers: 
        none
      Pointer: 0x148ee64f6010
      Container manages memory: true
      Size: 9830400
      Capacity: 9830400

     Weighting = 1
     Sampling strategy = regular
     Number of bins = 32
     Radius = 4
     Sampling percentage  = 0.25
   Transform = Affine
     Gradient step = 0.1
     Update field sigma (voxel space) = 0
     Total field sigma (voxel space) = 0
     Update field time sigma = 0
     Total field time sigma  = 0
     Number of time indices = 0
     Number of time point samples = 0
Registration using 1 total stages.

Stage 0
  iterations = 1000x500x250x100
  convergence threshold = 1e-06
  convergence window size = 10
  number of levels = 4
  using the Mattes MI metric (number of bins = 32, weight = 1, use gradient filter = 0)
  preprocessing:  winsorizing the image intensities
  Shrink factors (level 1 out of 4): [8, 8, 8]
  Shrink factors (level 2 out of 4): [4, 4, 4]
  Shrink factors (level 3 out of 4): [2, 2, 2]
  Shrink factors (level 4 out of 4): [1, 1, 1]
  smoothing sigmas per level: [3, 2, 1, 0]
  regular sampling (percentage = 0.25)

*** Running AffineTransform registration ***

DIAGNOSTIC,Iteration,metricValue,convergenceValue,ITERATION_TIME_INDEX,SINCE_LAST
 2DIAGNOSTIC,     1, -5.778526959816e-01, 1.797693134862e+308, 7.7215e-01, 7.7215e-01, 
 2DIAGNOSTIC,     2, -5.803116675770e-01, 1.797693134862e+308, 7.7687e-01, 4.7200e-03, 
 2DIAGNOSTIC,     3, -5.841498762305e-01, 1.797693134862e+308, 7.8151e-01, 4.6470e-03, 
 2DIAGNOSTIC,     4, -5.903831846399e-01, 1.797693134862e+308, 7.8601e-01, 4.4911e-03, 
 2DIAGNOSTIC,     5, -6.014194084664e-01, 1.797693134862e+308, 7.9060e-01, 4.5941e-03, 
 2DIAGNOSTIC,     6, -6.212623318935e-01, 1.797693134862e+308, 7.9544e-01, 4.8380e-03, 
 2DIAGNOSTIC,     7, -6.504365180550e-01, 1.797693134862e+308, 8.0051e-01, 5.0752e-03, 
 2DIAGNOSTIC,     8, -7.418703402718e-01, 1.797693134862e+308, 8.0606e-01, 5.5461e-03, 
 2DIAGNOSTIC,     9, -7.948441877117e-01, 1.797693134862e+308, 8.1370e-01, 7.6461e-03, 
 2DIAGNOSTIC,    10, -8.040706703455e-01, 2.412754600175e-02, 8.1913e-01, 5.4281e-03, 
 2DIAGNOSTIC,    11, -8.341378538623e-01, 2.541348045635e-02, 8.2529e-01, 6.1550e-03, 
 2DIAGNOSTIC,    12, -8.665397645761e-01, 2.528890998045e-02, 8.3105e-01, 5.7631e-03, 
 2DIAGNOSTIC,    13, -8.677642575572e-01, 2.304267043770e-02, 8.3766e-01, 6.6092e-03, 
 2DIAGNOSTIC,    14, -8.707464384089e-01, 1.938498007358e-02, 8.4359e-01, 5.9340e-03, 
 2DIAGNOSTIC,    15, -8.764943178100e-01, 1.503469711728e-02, 8.4914e-01, 5.5468e-03, 
 2DIAGNOSTIC,    16, -8.850573747742e-01, 1.066208406537e-02, 8.5559e-01, 6.4509e-03, 
 2DIAGNOSTIC,    17, -8.863704969600e-01, 6.558749486357e-03, 8.6266e-01, 7.0679e-03, 
 2DIAGNOSTIC,    18, -8.866923713226e-01, 4.303710118214e-03, 8.6853e-01, 5.8680e-03, 
 2DIAGNOSTIC,    19, -8.866797843179e-01, 2.989884492215e-03, 8.7420e-01, 5.6729e-03, 
 2DIAGNOSTIC,    20, -8.866727924206e-01, 1.713884865910e-03, 8.7994e-01, 5.7378e-03, 
 2DIAGNOSTIC,    21, -8.865892935458e-01, 9.279966661983e-04, 8.8504e-01, 5.0991e-03, 
 2DIAGNOSTIC,    22, -8.865757068716e-01, 6.779021198661e-04, 8.9129e-01, 6.2549e-03, 
 2DIAGNOSTIC,    23, -8.866887801813e-01, 4.125776073542e-04, 8.9700e-01, 5.7030e-03, 
 2DIAGNOSTIC,    24, -8.865017973845e-01, 1.753921824433e-04, 9.0327e-01, 6.2771e-03, 
 2DIAGNOSTIC,    25, -8.863952719667e-01, 2.142305568220e-05, 9.0899e-01, 5.7189e-03, 
DIAGNOSTIC,Iteration,metricValue,convergenceValue,ITERATION_TIME_INDEX,SINCE_LAST
 2DIAGNOSTIC,     1, -7.411518222282e-01, 1.797693134862e+308, 1.6306e+00, 7.2159e-01, 
 2DIAGNOSTIC,     2, -7.426139816612e-01, 1.797693134862e+308, 1.6788e+00, 4.8243e-02, 
 2DIAGNOSTIC,     3, -7.440987328428e-01, 1.797693134862e+308, 1.7179e+00, 3.9071e-02, 
 2DIAGNOSTIC,     4, -7.451928138913e-01, 1.797693134862e+308, 1.7536e+00, 3.5665e-02, 
 2DIAGNOSTIC,     5, -7.462157551803e-01, 1.797693134862e+308, 1.7915e+00, 3.7943e-02, 
 2DIAGNOSTIC,     6, -7.474216449852e-01, 1.797693134862e+308, 1.8292e+00, 3.7686e-02, 
 2DIAGNOSTIC,     7, -7.488607054891e-01, 1.797693134862e+308, 1.8653e+00, 3.6138e-02, 
 2DIAGNOSTIC,     8, -7.500575993498e-01, 1.797693134862e+308, 1.9260e+00, 6.0675e-02, 
 2DIAGNOSTIC,     9, -7.500044076734e-01, 1.797693134862e+308, 1.9673e+00, 4.1332e-02, 
 2DIAGNOSTIC,    10, -7.500102077812e-01, 8.182493417981e-04, 2.0126e+00, 4.5261e-02, 
 2DIAGNOSTIC,    11, -7.499816933687e-01, 6.235651144389e-04, 2.0507e+00, 3.8115e-02, 
 2DIAGNOSTIC,    12, -7.499879828453e-01, 4.509118189562e-04, 2.0918e+00, 4.1074e-02, 
 2DIAGNOSTIC,    13, -7.499765832247e-01, 3.068163690203e-04, 2.1373e+00, 4.5550e-02, 
 2DIAGNOSTIC,    14, -7.499684262339e-01, 1.853611534708e-04, 2.1774e+00, 4.0088e-02, 
 2DIAGNOSTIC,    15, -7.499600362618e-01, 8.921643472251e-05, 2.2182e+00, 4.0782e-02, 
 2DIAGNOSTIC,    16, -7.499494642912e-01, 2.488217303227e-05, 2.2583e+00, 4.0104e-02, 
DIAGNOSTIC,Iteration,metricValue,convergenceValue,ITERATION_TIME_INDEX,SINCE_LAST
 2DIAGNOSTIC,     1, -6.287781978108e-01, 1.797693134862e+308, 3.3887e+00, 1.1304e+00, 
 2DIAGNOSTIC,     2, -6.293797860176e-01, 1.797693134862e+308, 3.6667e+00, 2.7797e-01, 
 2DIAGNOSTIC,     3, -6.301100928331e-01, 1.797693134862e+308, 3.9795e+00, 3.1286e-01, 
 2DIAGNOSTIC,     4, -6.309855582359e-01, 1.797693134862e+308, 4.2884e+00, 3.0885e-01, 
 2DIAGNOSTIC,     5, -6.325138067530e-01, 1.797693134862e+308, 4.6233e+00, 3.3490e-01, 
 2DIAGNOSTIC,     6, -6.329231804051e-01, 1.797693134862e+308, 5.0091e+00, 3.8585e-01, 
 2DIAGNOSTIC,     7, -6.329514991403e-01, 1.797693134862e+308, 5.4763e+00, 4.6715e-01, 
 2DIAGNOSTIC,     8, -6.329478455727e-01, 1.797693134862e+308, 5.8837e+00, 4.0736e-01, 
 2DIAGNOSTIC,     9, -6.329464393032e-01, 1.797693134862e+308, 6.2170e+00, 3.3331e-01, 
 2DIAGNOSTIC,    10, -6.329474557315e-01, 4.649634059144e-04, 6.5372e+00, 3.2026e-01, 
 2DIAGNOSTIC,    11, -6.329467144658e-01, 3.149305280766e-04, 6.8460e+00, 3.0874e-01, 
 2DIAGNOSTIC,    12, -6.329459699826e-01, 1.849638622678e-04, 7.1627e+00, 3.1672e-01, 
 2DIAGNOSTIC,    13, -6.329453457881e-01, 8.380801514493e-05, 7.4932e+00, 3.3050e-01, 
 2DIAGNOSTIC,    14, -6.329445146414e-01, 1.659563121027e-05, 7.8092e+00, 3.1604e-01, 
 2DIAGNOSTIC,    15, -6.329425262361e-01, 2.457732131089e-06, 8.1470e+00, 3.3781e-01, 
 2DIAGNOSTIC,    16, -6.329420810541e-01, 1.526342518043e-06, 8.4701e+00, 3.2306e-01, 
 2DIAGNOSTIC,    17, -6.329406375924e-01, 1.460704504019e-06, 8.7922e+00, 3.2213e-01, 
 2DIAGNOSTIC,    18, -6.329387100397e-01, 1.302619283348e-06, 9.0727e+00, 2.8045e-01, 
 2DIAGNOSTIC,    19, -6.329359746552e-01, 1.106542685883e-06, 9.4013e+00, 3.2861e-01, 
 2DIAGNOSTIC,    20, -6.329370339174e-01, 1.031272587146e-06, 9.7306e+00, 3.2933e-01, 
DIAGNOSTIC,Iteration,metricValue,convergenceValue,ITERATION_TIME_INDEX,SINCE_LAST
 2DIAGNOSTIC,     1, -5.643268585796e-01, 1.797693134862e+308, 1.2649e+01, 2.9184e+00, 
 2DIAGNOSTIC,     2, -5.647079422981e-01, 1.797693134862e+308, 1.4421e+01, 1.7723e+00, 
 2DIAGNOSTIC,     3, -5.651764132756e-01, 1.797693134862e+308, 1.6197e+01, 1.7756e+00, 
 2DIAGNOSTIC,     4, -5.657581698148e-01, 1.797693134862e+308, 1.8588e+01, 2.3912e+00, 
 2DIAGNOSTIC,     5, -5.658593473083e-01, 1.797693134862e+308, 2.2604e+01, 4.0161e+00, 
 2DIAGNOSTIC,     6, -5.658591551886e-01, 1.797693134862e+308, 2.4810e+01, 2.2059e+00, 
 2DIAGNOSTIC,     7, -5.658589493549e-01, 1.797693134862e+308, 2.6757e+01, 1.9466e+00, 
 2DIAGNOSTIC,     8, -5.658588676524e-01, 1.797693134862e+308, 2.8690e+01, 1.9330e+00, 
 2DIAGNOSTIC,     9, -5.658586660362e-01, 1.797693134862e+308, 3.0656e+01, 1.9664e+00, 
 2DIAGNOSTIC,    10, -5.658583565741e-01, 1.571181563856e-04, 3.2446e+01, 1.7896e+00, 
 2DIAGNOSTIC,    11, -5.658582207237e-01, 8.587163493082e-05, 3.4713e+01, 2.2673e+00, 
 2DIAGNOSTIC,    12, -5.658579885511e-01, 3.481486358314e-05, 3.6826e+01, 2.1129e+00, 
 2DIAGNOSTIC,    13, -5.658578968307e-01, 6.219682808992e-06, 3.8672e+01, 1.8462e+00, 
 2DIAGNOSTIC,    14, -5.658579919227e-01, 2.148140618996e-06, 4.0677e+01, 2.0053e+00, 
 2DIAGNOSTIC,    15, -5.658579137817e-01, 2.017743969115e-06, 4.2680e+01, 2.0026e+00, 
 2DIAGNOSTIC,    16, -5.658578356440e-01, 1.904929251409e-06, 4.4699e+01, 2.0187e+00, 
 2DIAGNOSTIC,    17, -5.658574367968e-01, 1.795322168471e-06, 4.6489e+01, 1.7901e+00, 
 2DIAGNOSTIC,    18, -5.658573653544e-01, 1.701001625026e-06, 4.8462e+01, 1.9733e+00, 
 2DIAGNOSTIC,    19, -5.658572938095e-01, 1.615540028505e-06, 5.0300e+01, 1.8377e+00, 
 2DIAGNOSTIC,    20, -5.658569787688e-01, 1.528328831241e-06, 5.2259e+01, 1.9591e+00, 
 2DIAGNOSTIC,    21, -5.658570736865e-01, 1.454694372009e-06, 5.4289e+01, 2.0296e+00, 
 2DIAGNOSTIC,    22, -5.658567422876e-01, 1.380583503290e-06, 5.6284e+01, 1.9957e+00, 
 2DIAGNOSTIC,    23, -5.658567282606e-01, 1.316834684718e-06, 5.8374e+01, 2.0896e+00, 
 2DIAGNOSTIC,    24, -5.658565659011e-01, 1.263135885630e-06, 6.0312e+01, 1.9385e+00, 
 2DIAGNOSTIC,    25, -5.658564605100e-01, 1.215936724724e-06, 6.2269e+01, 1.9567e+00, 
 2DIAGNOSTIC,    26, -5.658561394151e-01, 1.170208474344e-06, 6.4480e+01, 2.2107e+00, 
 2DIAGNOSTIC,    27, -5.658560471865e-01, 1.123896419791e-06, 6.6547e+01, 2.0671e+00, 
 2DIAGNOSTIC,    28, -5.658558002169e-01, 1.080303204157e-06, 6.8520e+01, 1.9734e+00, 
 2DIAGNOSTIC,    29, -5.658558435520e-01, 1.044668429026e-06, 7.0294e+01, 1.7732e+00, 
 2DIAGNOSTIC,    30, -5.658557687749e-01, 1.009690013008e-06, 7.2409e+01, 2.1152e+00, 
  Elapsed time (stage 0): 7.3531e+01


Total elapsed time: 7.3533e+01
Info [verificarlo]: loaded backend libinterflop_ieee.so
Info [interflop-ieee]: load backend with:
Info [interflop-ieee]: debug = false
Info [interflop-ieee]: debug-binary = false
Info [interflop-ieee]: no-backend-name = false
Info [interflop-ieee]: print-new-line = false
Info [interflop-ieee]: print-subnormal-normalized = false
Info [interflop-ieee]: count-op = false
All_Command_lines_OK
Using double precision for computations.
=============================================================================
The composite transform comprises the following transforms (in order): 
  1. /home/mdugre/scratch/mri-registration-rp/datasets/ds004513/derivatives/mri-registration-rp/0100/antsRegistration-r7-p8/sub-s017/affine_Composite.h5[0] (type = Euler3DTransform)
  2. /home/mdugre/scratch/mri-registration-rp/datasets/ds004513/derivatives/mri-registration-rp/0100/antsRegistration-r7-p8/sub-s017/affine_Composite.h5[1] (type = Euler3DTransform)
  3. /home/mdugre/scratch/mri-registration-rp/datasets/ds004513/derivatives/mri-registration-rp/0100/antsRegistration-r7-p8/sub-s017/affine_Composite.h5[2] (type = Euler3DTransform)
  4. /home/mdugre/scratch/mri-registration-rp/datasets/ds004513/derivatives/mri-registration-rp/0100/antsRegistration-r7-p8/sub-s017/affine_Composite.h5[3] (type = AffineTransform)
=============================================================================
  number of levels = 4
  fixed image: /templateflow/tpl-MNI152NLin2009cAsym/tpl-MNI152NLin2009cAsym_res-01_desc-brain_T1w.nii.gz
  moving image: /home/mdugre/scratch/mri-registration-rp/datasets/ds004513/derivatives/mri-registration-rp/antsBrainExtraction/sub-s017/BrainExtractionBrain.nii.gz
Dimension = 3
Number of stages = 1
Use histogram matching = false
Winsorize image intensities = true
  Lower quantile = 0.005
  Upper quantile = 0.995


Stage 1 State
   Image metric = CC
     Fixed image = Image (0x4ddaa40)
  RTTI typeinfo:   itk::Image<double, 3u>
  Reference Count: 2
  Modified Time: 1608
  Debug: Off
  Object Name: 
  Observers: 
    none
  Source: (none)
  Source output name: (none)
  Release Data: Off
  Data Released: False
  Global Release Data: Off
  PipelineMTime: 0
  UpdateMTime: 1217
  RealTimeStamp: 0 seconds 
  LargestPossibleRegion: 
    Dimension: 3
    Index: [0, 0, 0]
    Size: [193, 229, 193]
  BufferedRegion: 
    Dimension: 3
    Index: [0, 0, 0]
    Size: [193, 229, 193]
  RequestedRegion: 
    Dimension: 3
    Index: [0, 0, 0]
    Size: [193, 229, 193]
  Spacing: [1, 1, 1]
  Origin: [96, 132, -78]
  Direction: 
-1 0 0
0 -1 0
0 0 1

  IndexToPointMatrix: 
-1 0 0
0 -1 0
0 0 1

  PointToIndexMatrix: 
-1 0 0
0 -1 0
0 0 1

  Inverse Direction: 
-1 0 0
0 -1 0
0 0 1

  PixelContainer: 
    ImportImageContainer (0x4ea9780)
      RTTI typeinfo:   itk::ImportImageContainer<unsigned long, double>
      Reference Count: 1
      Modified Time: 1214
      Debug: Off
      Object Name: 
      Observers: 
        none
      Pointer: 0x15031cabd010
      Container manages memory: true
      Size: 8530021
      Capacity: 8530021

     Moving image = Image (0x4eab390)
  RTTI typeinfo:   itk::Image<double, 3u>
  Reference Count: 2
  Modified Time: 1609
  Debug: Off
  Object Name: 
  Observers: 
    none
  Source: (none)
  Source output name: (none)
  Release Data: Off
  Data Released: False
  Global Release Data: Off
  PipelineMTime: 0
  UpdateMTime: 1606
  RealTimeStamp: 0 seconds 
  LargestPossibleRegion: 
    Dimension: 3
    Index: [0, 0, 0]
    Size: [160, 240, 256]
  BufferedRegion: 
    Dimension: 3
    Index: [0, 0, 0]
    Size: [160, 240, 256]
  RequestedRegion: 
    Dimension: 3
    Index: [0, 0, 0]
    Size: [160, 240, 256]
  Spacing: [1, 1, 1]
  Origin: [91.3357, 102.231, -120.042]
  Direction: 
-0.997442 -5.36781e-05 -0.0714818
5.35416e-05 -1 3.82465e-06
-0.0714818 -1.23894e-08 0.997442

  IndexToPointMatrix: 
-0.997444 -5.36781e-05 -0.0714818
5.35418e-05 -1 3.82465e-06
-0.0714819 -1.23894e-08 0.997442

  PointToIndexMatrix: 
-0.99744 5.35415e-05 -0.0714816
-5.36781e-05 -1 -1.23894e-08
-0.0714818 3.82465e-06 0.997442

  Inverse Direction: 
-0.997442 5.35416e-05 -0.0714818
-5.36781e-05 -1 -1.23894e-08
-0.0714818 3.82465e-06 0.997442

  PixelContainer: 
    ImportImageContainer (0x4e606f0)
      RTTI typeinfo:   itk::ImportImageContainer<unsigned long, double>
      Reference Count: 1
      Modified Time: 1603
      Debug: Off
      Object Name: 
      Observers: 
        none
      Pointer: 0x150317fbc010
      Container manages memory: true
      Size: 9830400
      Capacity: 9830400

     Weighting = 1
     Sampling strategy = none
     Number of bins = 32
     Radius = 4
     Sampling percentage  = 1
   Transform = SyN
     Gradient step = 0.1
     Update field sigma (voxel space) = 3
     Total field sigma (voxel space) = 0
     Update field time sigma = 0
     Total field time sigma  = 0
     Number of time indices = 0
     Number of time point samples = 0
Registration using 1 total stages.

Stage 0
  iterations = 100x70x50x20
  convergence threshold = 1e-06
  convergence window size = 10
  number of levels = 4
  using the CC metric (radius = 4, weight = 1, use gradient filter = 0)
  preprocessing:  winsorizing the image intensities
  Shrink factors (level 1 out of 4): [8, 8, 8]
  Shrink factors (level 2 out of 4): [4, 4, 4]
  Shrink factors (level 3 out of 4): [2, 2, 2]
  Shrink factors (level 4 out of 4): [1, 1, 1]
  smoothing sigmas per level: [3, 2, 1, 0]
  Using default NONE metricSamplingStrategy 

*** Running SyN registration (varianceForUpdateField = 3, varianceForTotalField = 0) ***

XXDIAGNOSTIC,Iteration,metricValue,convergenceValue,ITERATION_TIME_INDEX,SINCE_LAST
 1DIAGNOSTIC,     1, -9.271818307112e-01, 1.797693134862e+308, 1.0260e+00, 1.0260e+00, 
 1DIAGNOSTIC,     2, -9.336211116041e-01, 1.797693134862e+308, 1.3651e+00, 3.3908e-01, 
 1DIAGNOSTIC,     3, -9.390569165525e-01, 1.797693134862e+308, 1.7000e+00, 3.3485e-01, 
 1DIAGNOSTIC,     4, -9.435218228328e-01, 1.797693134862e+308, 2.0289e+00, 3.2899e-01, 
 1DIAGNOSTIC,     5, -9.466026082917e-01, 1.797693134862e+308, 2.3880e+00, 3.5906e-01, 
 1DIAGNOSTIC,     6, -9.489856521469e-01, 1.797693134862e+308, 2.7238e+00, 3.3580e-01, 
 1DIAGNOSTIC,     7, -9.512440024259e-01, 1.797693134862e+308, 3.0579e+00, 3.3410e-01, 
 1DIAGNOSTIC,     8, -9.540161594852e-01, 1.797693134862e+308, 3.3913e+00, 3.3338e-01, 
 1DIAGNOSTIC,     9, -9.574597580272e-01, 1.797693134862e+308, 3.7318e+00, 3.4055e-01, 
 1DIAGNOSTIC,    10, -9.612551725964e-01, 2.087559161792e-03, 4.0872e+00, 3.5538e-01, 
 1DIAGNOSTIC,    11, -9.648617646975e-01, 1.754116182525e-03, 4.4523e+00, 3.6513e-01, 
 1DIAGNOSTIC,    12, -9.655343302570e-01, 1.494936770813e-03, 4.7896e+00, 3.3729e-01, 
 1DIAGNOSTIC,    13, -9.658908652985e-01, 1.274072922656e-03, 5.1275e+00, 3.3787e-01, 
 1DIAGNOSTIC,    14, -9.662276595932e-01, 1.071208168980e-03, 5.5141e+00, 3.8664e-01, 
 1DIAGNOSTIC,    15, -9.669103725355e-01, 8.714806493470e-04, 5.8509e+00, 3.3674e-01, 
 1DIAGNOSTIC,    16, -9.672161068172e-01, 6.663219384007e-04, 6.1779e+00, 3.2705e-01, 
 1DIAGNOSTIC,    17, -9.679281221197e-01, 4.765649429856e-04, 6.5262e+00, 3.4826e-01, 
 1DIAGNOSTIC,    18, -9.682036261571e-01, 3.145640872096e-04, 6.8624e+00, 3.3620e-01, 
 1DIAGNOSTIC,    19, -9.688088687031e-01, 2.033030383582e-04, 7.1982e+00, 3.3578e-01, 
 1DIAGNOSTIC,    20, -9.690053234565e-01, 1.423100013407e-04, 7.5337e+00, 3.3556e-01, 
 1DIAGNOSTIC,    21, -9.694784672043e-01, 1.315797202227e-04, 7.8697e+00, 3.3597e-01, 
 1DIAGNOSTIC,    22, -9.696091273547e-01, 1.203920607750e-04, 8.2144e+00, 3.4473e-01, 
 1DIAGNOSTIC,    23, -9.700261595827e-01, 1.090279886871e-04, 8.5485e+00, 3.3410e-01, 
 1DIAGNOSTIC,    24, -9.701162244001e-01, 9.357589643874e-05, 8.8773e+00, 3.2872e-01, 
 1DIAGNOSTIC,    25, -9.704437338749e-01, 8.270518275171e-05, 9.2073e+00, 3.2998e-01, 
 1DIAGNOSTIC,    26, -9.704979881623e-01, 6.892156328960e-05, 9.5416e+00, 3.3435e-01, 
 1DIAGNOSTIC,    27, -9.707771362598e-01, 6.067263262483e-05, 9.8677e+00, 3.2606e-01, 
 1DIAGNOSTIC,    28, -9.708046451456e-01, 5.043195407916e-05, 1.0203e+01, 3.3513e-01, 
 1DIAGNOSTIC,    29, -9.710471883218e-01, 4.491190635211e-05, 1.0578e+01, 3.7566e-01, 
 1DIAGNOSTIC,    30, -9.710569100322e-01, 3.752399889952e-05, 1.0939e+01, 3.6065e-01, 
 1DIAGNOSTIC,    31, -9.712713359052e-01, 3.374848632524e-05, 1.1274e+01, 3.3509e-01, 
 1DIAGNOSTIC,    32, -9.712666641214e-01, 2.815937375340e-05, 1.1616e+01, 3.4203e-01, 
 1DIAGNOSTIC,    33, -9.714603371541e-01, 2.582766325247e-05, 1.1948e+01, 3.3201e-01, 
 1DIAGNOSTIC,    34, -9.714474182233e-01, 2.185414071884e-05, 1.2276e+01, 3.2809e-01, 
 1DIAGNOSTIC,    35, -9.716223645877e-01, 2.038674967806e-05, 1.2603e+01, 3.2664e-01, 
 1DIAGNOSTIC,    36, -9.716029656982e-01, 1.735965127548e-05, 1.2941e+01, 3.3784e-01, 
 1DIAGNOSTIC,    37, -9.717634118763e-01, 1.646255038583e-05, 1.3274e+01, 3.3305e-01, 
 1DIAGNOSTIC,    38, -9.717384688449e-01, 1.408197013610e-05, 1.3604e+01, 3.3010e-01, 
 1DIAGNOSTIC,    39, -9.718887749945e-01, 1.355961347456e-05, 1.3939e+01, 3.3478e-01, 
 1DIAGNOSTIC,    40, -9.718562309952e-01, 1.162296028798e-05, 1.4265e+01, 3.2614e-01, 
 1DIAGNOSTIC,    41, -9.719992494138e-01, 1.134556222509e-05, 1.4596e+01, 3.3150e-01, 
 1DIAGNOSTIC,    42, -9.719634093242e-01, 9.736600853776e-06, 1.4932e+01, 3.3572e-01, 
 1DIAGNOSTIC,    43, -9.720989973075e-01, 9.627337564190e-06, 1.5270e+01, 3.3807e-01, 
 1DIAGNOSTIC,    44, -9.720577277007e-01, 8.264942596724e-06, 1.5608e+01, 3.3781e-01, 
