
##########################
# Experiment information #
##########################

EXPERIMENT_NAME: antsRegistration-r8-p20
VFC_BACKENDS: libinterflop_vprec.so --range-binary32=8 --precision-binary32=20 --range-binary64=8 --precision-binary64=20

SIF_IMG: /home/mdugre/projects/rrg-glatard/mdugre/containers/ants-vprec-no_metrics.simg

SUBJECT_ID: s035
INPUT_IMG: /home/mdugre/scratch/mri-registration-rp/datasets/ds004513/derivatives/mri-registration-rp/antsBrainExtraction/sub-s035/BrainExtractionBrain.nii.gz
OUTPUT_DIR: /home/mdugre/scratch/mri-registration-rp/datasets/ds004513/derivatives/mri-registration-rp/0100/antsRegistration-r8-p20/sub-s035

FIXED_IMG: /templateflow/tpl-MNI152NLin2009cAsym/tpl-MNI152NLin2009cAsym_res-01_desc-brain_T1w.nii.gz
DATA_DIR: /home/mdugre/scratch/mri-registration-rp/datasets/ds004513
TEMPLATEFLOW_DIR: /home/mdugre/projects/rrg-glatard/mdugre/templateflow
ITK_GLOBAL_DEFAULT_NUMBER_OF_THREADS: 16
##########################

Info [verificarlo]: loaded backend libinterflop_ieee.so
Info [interflop-ieee]: load backend with:
Info [interflop-ieee]: debug = false
Info [interflop-ieee]: debug-binary = false
Info [interflop-ieee]: no-backend-name = false
Info [interflop-ieee]: print-new-line = false
Info [interflop-ieee]: print-subnormal-normalized = false
Info [interflop-ieee]: count-op = false
All_Command_lines_OK
Using double precision for computations.
=============================================================================
The composite transform comprises the following transforms (in order): 
  1. Center of mass alignment using fixed image: /templateflow/tpl-MNI152NLin2009cAsym/tpl-MNI152NLin2009cAsym_res-01_desc-brain_T1w.nii.gz and moving image: /home/mdugre/scratch/mri-registration-rp/datasets/ds004513/derivatives/mri-registration-rp/antsBrainExtraction/sub-s035/BrainExtractionBrain.nii.gz (type = Euler3DTransform)
=============================================================================
  number of levels = 1
  fixed image: /templateflow/tpl-MNI152NLin2009cAsym/tpl-MNI152NLin2009cAsym_res-01_desc-brain_T1w.nii.gz
  moving image: /home/mdugre/scratch/mri-registration-rp/datasets/ds004513/derivatives/mri-registration-rp/antsBrainExtraction/sub-s035/BrainExtractionBrain.nii.gz
Dimension = 3
Number of stages = 1
Use histogram matching = false
Winsorize image intensities = true
  Lower quantile = 0.005
  Upper quantile = 0.995


Stage 1 State
   Image metric = MattesMI
     Fixed image = Image (0x38bfe70)
  RTTI typeinfo:   itk::Image<double, 3u>
  Reference Count: 2
  Modified Time: 2330
  Debug: Off
  Object Name: 
  Observers: 
    none
  Source: (none)
  Source output name: (none)
  Release Data: Off
  Data Released: False
  Global Release Data: Off
  PipelineMTime: 0
  UpdateMTime: 1941
  RealTimeStamp: 0 seconds 
  LargestPossibleRegion: 
    Dimension: 3
    Index: [0, 0, 0]
    Size: [193, 229, 193]
  BufferedRegion: 
    Dimension: 3
    Index: [0, 0, 0]
    Size: [193, 229, 193]
  RequestedRegion: 
    Dimension: 3
    Index: [0, 0, 0]
    Size: [193, 229, 193]
  Spacing: [1, 1, 1]
  Origin: [96, 132, -78]
  Direction: 
-1 0 0
0 -1 0
0 0 1

  IndexToPointMatrix: 
-1 0 0
0 -1 0
0 0 1

  PointToIndexMatrix: 
-1 0 0
0 -1 0
0 0 1

  Inverse Direction: 
-1 0 0
0 -1 0
0 0 1

  PixelContainer: 
    ImportImageContainer (0x38c8c60)
      RTTI typeinfo:   itk::ImportImageContainer<unsigned long, double>
      Reference Count: 1
      Modified Time: 1938
      Debug: Off
      Object Name: 
      Observers: 
        none
      Pointer: 0x14fbdb486010
      Container manages memory: true
      Size: 8530021
      Capacity: 8530021

     Moving image = Image (0x395cec0)
  RTTI typeinfo:   itk::Image<double, 3u>
  Reference Count: 2
  Modified Time: 2331
  Debug: Off
  Object Name: 
  Observers: 
    none
  Source: (none)
  Source output name: (none)
  Release Data: Off
  Data Released: False
  Global Release Data: Off
  PipelineMTime: 0
  UpdateMTime: 2328
  RealTimeStamp: 0 seconds 
  LargestPossibleRegion: 
    Dimension: 3
    Index: [0, 0, 0]
    Size: [160, 240, 256]
  BufferedRegion: 
    Dimension: 3
    Index: [0, 0, 0]
    Size: [160, 240, 256]
  RequestedRegion: 
    Dimension: 3
    Index: [0, 0, 0]
    Size: [160, 240, 256]
  Spacing: [1, 1, 1]
  Origin: [98.6438, 87.6358, -117.989]
  Direction: 
-0.993515 -0.100993 -0.0522355
0.100854 -0.994887 0.00530255
-0.0525039 1.93537e-08 0.998621

  IndexToPointMatrix: 
-0.993515 -0.100993 -0.0522355
0.100854 -0.994887 0.00530255
-0.0525039 1.93537e-08 0.998621

  PointToIndexMatrix: 
-0.993515 0.100854 -0.0525039
-0.100993 -0.994887 1.93006e-08
-0.0522355 0.00530255 0.998621

  Inverse Direction: 
-0.993515 0.100854 -0.0525039
-0.100993 -0.994887 1.93006e-08
-0.0522355 0.00530255 0.998621

  PixelContainer: 
    ImportImageContainer (0x39f4610)
      RTTI typeinfo:   itk::ImportImageContainer<unsigned long, double>
      Reference Count: 1
      Modified Time: 2325
      Debug: Off
      Object Name: 
      Observers: 
        none
      Pointer: 0x14fbd6985010
      Container manages memory: true
      Size: 9830400
      Capacity: 9830400

     Weighting = 1
     Sampling strategy = regular
     Number of bins = 32
     Radius = 4
     Sampling percentage  = 0.25
   Transform = Rigid
     Gradient step = 0.1
     Update field sigma (voxel space) = 0
     Total field sigma (voxel space) = 0
     Update field time sigma = 0
     Total field time sigma  = 0
     Number of time indices = 0
     Number of time point samples = 0
Registration using 1 total stages.

Stage 0
  iterations = 0
  convergence threshold = 1e-06
  convergence window size = 10
  number of levels = 1
  using the Mattes MI metric (number of bins = 32, weight = 1, use gradient filter = 0)
  preprocessing:  winsorizing the image intensities
  Shrink factors (level 1 out of 1): [1, 1, 1]
  smoothing sigmas per level: [0]
  regular sampling (percentage = 0.25)

*** Running Euler3DTransform registration ***

  Elapsed time (stage 0): 1.13836


Total elapsed time: 1.14059
Info [verificarlo]: loaded backend libinterflop_vprec.so
Info [interflop-vprec]: load backend with: 
Info [interflop-vprec]: precision-binary32 = 20
Info [interflop-vprec]: range-binary32 = 8
Info [interflop-vprec]: precision-binary64 = 20
Info [interflop-vprec]: range-binary64 = 8
Info [interflop-vprec]: mode = ob
Info [interflop-vprec]: error-mode = rel
Info [interflop-vprec]: max-abs-error-exponent = -1022
Info [interflop-vprec]: daz = false
Info [interflop-vprec]: ftz = false
Info [interflop-vprec]: 	instrument = none
Info [interflop-vprec]: 	prec-input-file = (null)
Info [interflop-vprec]: 	prec-output-file = (null)
Info [interflop-vprec]: 	prec-log-file = (null)
All_Command_lines_OK
Using double precision for computations.
=============================================================================
The composite transform comprises the following transforms (in order): 
  1. /home/mdugre/scratch/mri-registration-rp/datasets/ds004513/derivatives/mri-registration-rp/0100/antsRegistration-r8-p20/sub-s035/align_Composite.h5[0] (type = Euler3DTransform)
  2. /home/mdugre/scratch/mri-registration-rp/datasets/ds004513/derivatives/mri-registration-rp/0100/antsRegistration-r8-p20/sub-s035/align_Composite.h5[1] (type = Euler3DTransform)
=============================================================================
  number of levels = 4
  fixed image: /templateflow/tpl-MNI152NLin2009cAsym/tpl-MNI152NLin2009cAsym_res-01_desc-brain_T1w.nii.gz
  moving image: /home/mdugre/scratch/mri-registration-rp/datasets/ds004513/derivatives/mri-registration-rp/antsBrainExtraction/sub-s035/BrainExtractionBrain.nii.gz
Dimension = 3
Number of stages = 1
Use histogram matching = false
Winsorize image intensities = true
  Lower quantile = 0.005
  Upper quantile = 0.995


Stage 1 State
   Image metric = MattesMI
     Fixed image = Image (0x33ec1e0)
  RTTI typeinfo:   itk::Image<double, 3u>
  Reference Count: 2
  Modified Time: 1578
  Debug: Off
  Object Name: 
  Observers: 
    none
  Source: (none)
  Source output name: (none)
  Release Data: Off
  Data Released: False
  Global Release Data: Off
  PipelineMTime: 0
  UpdateMTime: 1189
  RealTimeStamp: 0 seconds 
  LargestPossibleRegion: 
    Dimension: 3
    Index: [0, 0, 0]
    Size: [193, 229, 193]
  BufferedRegion: 
    Dimension: 3
    Index: [0, 0, 0]
    Size: [193, 229, 193]
  RequestedRegion: 
    Dimension: 3
    Index: [0, 0, 0]
    Size: [193, 229, 193]
  Spacing: [1, 1, 1]
  Origin: [96, 132, -78]
  Direction: 
-1 0 0
0 -1 0
0 0 1

  IndexToPointMatrix: 
-1 0 0
0 -1 0
0 0 1

  PointToIndexMatrix: 
-1 0 0
0 -1 0
0 0 1

  Inverse Direction: 
-1 0 0
0 -1 0
0 0 1

  PixelContainer: 
    ImportImageContainer (0x34ab680)
      RTTI typeinfo:   itk::ImportImageContainer<unsigned long, double>
      Reference Count: 1
      Modified Time: 1186
      Debug: Off
      Object Name: 
      Observers: 
        none
      Pointer: 0x14910b423010
      Container manages memory: true
      Size: 8530021
      Capacity: 8530021

     Moving image = Image (0x34a7b20)
  RTTI typeinfo:   itk::Image<double, 3u>
  Reference Count: 2
  Modified Time: 1579
  Debug: Off
  Object Name: 
  Observers: 
    none
  Source: (none)
  Source output name: (none)
  Release Data: Off
  Data Released: False
  Global Release Data: Off
  PipelineMTime: 0
  UpdateMTime: 1576
  RealTimeStamp: 0 seconds 
  LargestPossibleRegion: 
    Dimension: 3
    Index: [0, 0, 0]
    Size: [160, 240, 256]
  BufferedRegion: 
    Dimension: 3
    Index: [0, 0, 0]
    Size: [160, 240, 256]
  RequestedRegion: 
    Dimension: 3
    Index: [0, 0, 0]
    Size: [160, 240, 256]
  Spacing: [1, 1, 1]
  Origin: [98.6437, 87.6359, -117.989]
  Direction: 
-0.993515 -0.100993 -0.0522355
0.100854 -0.994887 0.00530255
-0.0525039 1.93537e-08 0.998621

  IndexToPointMatrix: 
-0.993515 -0.100993 -0.0522355
0.100854 -0.994887 0.00530255
-0.0525039 1.93537e-08 0.998621

  PointToIndexMatrix: 
-0.993515 0.100854 -0.0525039
-0.100993 -0.994887 -5.69969e-07
-0.0522355 0.00530244 0.998621

  Inverse Direction: 
-0.993515 0.100854 -0.0525039
-0.100993 -0.994887 -5.69969e-07
-0.0522355 0.00530244 0.998621

  PixelContainer: 
    ImportImageContainer (0x3510d50)
      RTTI typeinfo:   itk::ImportImageContainer<unsigned long, double>
      Reference Count: 1
      Modified Time: 1573
      Debug: Off
      Object Name: 
      Observers: 
        none
      Pointer: 0x149106922010
      Container manages memory: true
      Size: 9830400
      Capacity: 9830400

     Weighting = 1
     Sampling strategy = regular
     Number of bins = 32
     Radius = 4
     Sampling percentage  = 0.25
   Transform = Rigid
     Gradient step = 0.1
     Update field sigma (voxel space) = 0
     Total field sigma (voxel space) = 0
     Update field time sigma = 0
     Total field time sigma  = 0
     Number of time indices = 0
     Number of time point samples = 0
Registration using 1 total stages.

Stage 0
  iterations = 1000x500x250x100
  convergence threshold = 1e-06
  convergence window size = 10
  number of levels = 4
  using the Mattes MI metric (number of bins = 32, weight = 1, use gradient filter = 0)
  preprocessing:  winsorizing the image intensities
  Shrink factors (level 1 out of 4): [8, 8, 8]
  Shrink factors (level 2 out of 4): [4, 4, 4]
  Shrink factors (level 3 out of 4): [2, 2, 2]
  Shrink factors (level 4 out of 4): [1, 1, 1]
  smoothing sigmas per level: [3, 2, 1, 0]
  regular sampling (percentage = 0.25)

*** Running Euler3DTransform registration ***

DIAGNOSTIC,Iteration,metricValue,convergenceValue,ITERATION_TIME_INDEX,SINCE_LAST
 2DIAGNOSTIC,     1, -5.238612734006e-01, 1.797693134862e+308, 0.0000e+00, 0.0000e+00, 
 2DIAGNOSTIC,     2, -5.257827267413e-01, 1.797693134862e+308, 0.0000e+00, 0.0000e+00, 
 2DIAGNOSTIC,     3, -5.278513251396e-01, 1.797693134862e+308, 0.0000e+00, 0.0000e+00, 
 2DIAGNOSTIC,     4, -5.302051633643e-01, 1.797693134862e+308, 0.0000e+00, 0.0000e+00, 
 2DIAGNOSTIC,     5, -5.343236529899e-01, 1.797693134862e+308, 0.0000e+00, 0.0000e+00, 
 2DIAGNOSTIC,     6, -5.398863134279e-01, 1.797693134862e+308, 0.0000e+00, 0.0000e+00, 
 2DIAGNOSTIC,     7, -5.489906124727e-01, 1.797693134862e+308, 0.0000e+00, 0.0000e+00, 
 2DIAGNOSTIC,     8, -5.544133762599e-01, 1.797693134862e+308, 0.0000e+00, 0.0000e+00, 
 2DIAGNOSTIC,     9, -5.601564817517e-01, 1.797693134862e+308, 0.0000e+00, 0.0000e+00, 
 2DIAGNOSTIC,    10, -5.616628261863e-01, 5.058015960243e-03, 0.0000e+00, 0.0000e+00, 
 2DIAGNOSTIC,    11, -5.650943022615e-01, 4.798042651799e-03, 0.0000e+00, 0.0000e+00, 
 2DIAGNOSTIC,    12, -5.661731455410e-01, 4.277953351967e-03, 0.0000e+00, 0.0000e+00, 
 2DIAGNOSTIC,    13, -5.679397040063e-01, 3.606846508259e-03, 0.0000e+00, 0.0000e+00, 
 2DIAGNOSTIC,    14, -5.679456905221e-01, 2.795735977567e-03, 0.0000e+00, 0.0000e+00, 
 2DIAGNOSTIC,    15, -5.684160868301e-01, 2.000721363355e-03, 0.0000e+00, 0.0000e+00, 
 2DIAGNOSTIC,    16, -5.688358643129e-01, 1.313336668632e-03, 0.0000e+00, 0.0000e+00, 
 2DIAGNOSTIC,    17, -5.691980116687e-01, 8.724155013302e-04, 0.0000e+00, 0.0000e+00, 
 2DIAGNOSTIC,    18, -5.696324258409e-01, 5.654576256046e-04, 0.0000e+00, 0.0000e+00, 
 2DIAGNOSTIC,    19, -5.705294512668e-01, 4.191121380904e-04, 0.0000e+00, 0.0000e+00, 
 2DIAGNOSTIC,    20, -5.735222408327e-01, 3.622151543185e-04, 0.0000e+00, 0.0000e+00, 
 2DIAGNOSTIC,    21, -5.766123906976e-01, 4.339822444208e-04, 0.0000e+00, 0.0000e+00, 
 2DIAGNOSTIC,    22, -5.776231751320e-01, 5.050465857957e-04, 0.0000e+00, 0.0000e+00, 
 2DIAGNOSTIC,    23, -5.800709759280e-01, 6.172081829953e-04, 0.0000e+00, 0.0000e+00, 
 2DIAGNOSTIC,    24, -5.811999092313e-01, 6.852298698127e-04, 0.0000e+00, 0.0000e+00, 
 2DIAGNOSTIC,    25, -5.813927528291e-01, 6.958860581141e-04, 0.0000e+00, 0.0000e+00, 
 2DIAGNOSTIC,    26, -5.835291046422e-01, 6.900229307765e-04, 0.0000e+00, 0.0000e+00, 
 2DIAGNOSTIC,    27, -5.840460446069e-01, 6.357115511269e-04, 0.0000e+00, 0.0000e+00, 
 2DIAGNOSTIC,    28, -5.840886967537e-01, 5.347416152131e-04, 0.0000e+00, 0.0000e+00, 
 2DIAGNOSTIC,    29, -5.843405709817e-01, 4.102956559123e-04, 0.0000e+00, 0.0000e+00, 
 2DIAGNOSTIC,    30, -5.846026888752e-01, 3.096604515816e-04, 0.0000e+00, 0.0000e+00, 
 2DIAGNOSTIC,    31, -5.855978037783e-01, 2.525397790976e-04, 0.0000e+00, 0.0000e+00, 
 2DIAGNOSTIC,    32, -5.951145567094e-01, 3.391533600469e-04, 0.0000e+00, 0.0000e+00, 
 2DIAGNOSTIC,    33, -5.955910817216e-01, 4.288200365720e-04, 0.0000e+00, 0.0000e+00, 
 2DIAGNOSTIC,    34, -5.956947188179e-01, 4.926274007291e-04, 0.0000e+00, 0.0000e+00, 
 2DIAGNOSTIC,    35, -5.957658283835e-01, 5.110829444675e-04, 0.0000e+00, 0.0000e+00, 
 2DIAGNOSTIC,    36, -5.962308984995e-01, 5.153258830482e-04, 0.0000e+00, 0.0000e+00, 
 2DIAGNOSTIC,    37, -5.964265405948e-01, 4.777405329728e-04, 0.0000e+00, 0.0000e+00, 
 2DIAGNOSTIC,    38, -5.964651635954e-01, 3.975259845415e-04, 0.0000e+00, 0.0000e+00, 
 2DIAGNOSTIC,    39, -5.967966142002e-01, 2.933942848362e-04, 0.0000e+00, 0.0000e+00, 
 2DIAGNOSTIC,    40, -5.979685908702e-01, 1.857029822546e-04, 0.0000e+00, 0.0000e+00, 
 2DIAGNOSTIC,    41, -5.982291990028e-01, 7.741592478054e-05, 0.0000e+00, 0.0000e+00, 
 2DIAGNOSTIC,    42, -5.983031912389e-01, 8.044602440789e-05, 0.0000e+00, 0.0000e+00, 
 2DIAGNOSTIC,    43, -5.987393669279e-01, 8.650920770465e-05, 0.0000e+00, 0.0000e+00, 
 2DIAGNOSTIC,    44, -5.994808055152e-01, 9.348272959044e-05, 0.0000e+00, 0.0000e+00, 
 2DIAGNOSTIC,    45, -5.999308758616e-01, 9.648196251226e-05, 0.0000e+00, 0.0000e+00, 
 2DIAGNOSTIC,    46, -6.003327900303e-01, 9.944288552367e-05, 0.0000e+00, 0.0000e+00, 
 2DIAGNOSTIC,    47, -6.014897257807e-01, 1.072853332278e-04, 0.0000e+00, 0.0000e+00, 
 2DIAGNOSTIC,    48, -6.030876968286e-01, 1.211651546277e-04, 0.0000e+00, 0.0000e+00, 
 2DIAGNOSTIC,    49, -6.033111847420e-01, 1.277916802938e-04, 0.0000e+00, 0.0000e+00, 
 2DIAGNOSTIC,    50, -6.037684669085e-01, 1.382047372773e-04, 0.0000e+00, 0.0000e+00, 
 2DIAGNOSTIC,    51, -6.041801898820e-01, 1.416683755758e-04, 0.0000e+00, 0.0000e+00, 
 2DIAGNOSTIC,    52, -6.071479623297e-01, 1.599560777562e-04, 0.0000e+00, 0.0000e+00, 
 2DIAGNOSTIC,    53, -6.240778520019e-01, 3.218344000673e-04, 0.0000e+00, 0.0000e+00, 
 2DIAGNOSTIC,    54, -6.423337948165e-01, 6.144295554843e-04, 0.0000e+00, 0.0000e+00, 
 2DIAGNOSTIC,    55, -6.670418978766e-01, 1.056894320671e-03, 0.0000e+00, 0.0000e+00, 
 2DIAGNOSTIC,    56, -6.715872443480e-01, 1.420817083421e-03, 0.0000e+00, 0.0000e+00, 
 2DIAGNOSTIC,    57, -6.728455989168e-01, 1.657159216980e-03, 0.0000e+00, 0.0000e+00, 
 2DIAGNOSTIC,    58, -6.735404499025e-01, 1.744954626929e-03, 0.0000e+00, 0.0000e+00, 
 2DIAGNOSTIC,    59, -6.735204456966e-01, 1.660791918261e-03, 0.0000e+00, 0.0000e+00, 
 2DIAGNOSTIC,    60, -6.739572162101e-01, 1.426310060230e-03, 0.0000e+00, 0.0000e+00, 
 2DIAGNOSTIC,    61, -6.745376611564e-01, 1.073449573078e-03, 0.0000e+00, 0.0000e+00, 
 2DIAGNOSTIC,    62, -6.752392012401e-01, 6.595729865286e-04, 0.0000e+00, 0.0000e+00, 
 2DIAGNOSTIC,    63, -6.793620224555e-01, 3.559424050324e-04, 0.0000e+00, 0.0000e+00, 
 2DIAGNOSTIC,    64, -6.794070570508e-01, 1.600589454099e-04, 0.0000e+00, 0.0000e+00, 
 2DIAGNOSTIC,    65, -6.794448570619e-01, 1.367327665772e-04, 0.0000e+00, 0.0000e+00, 
 2DIAGNOSTIC,    66, -6.797915570567e-01, 1.365407642119e-04, 0.0000e+00, 0.0000e+00, 
 2DIAGNOSTIC,    67, -6.801870676653e-01, 1.346271553540e-04, 0.0000e+00, 0.0000e+00, 
 2DIAGNOSTIC,    68, -6.804554512934e-01, 1.261450536896e-04, 0.0000e+00, 0.0000e+00, 
 2DIAGNOSTIC,    69, -6.811062285146e-01, 1.101215412848e-04, 0.0000e+00, 0.0000e+00, 
 2DIAGNOSTIC,    70, -6.818132172789e-01, 9.209840505045e-05, 0.0000e+00, 0.0000e+00, 
 2DIAGNOSTIC,    71, -6.818079622039e-01, 6.974612057972e-05, 0.0000e+00, 0.0000e+00, 
 2DIAGNOSTIC,    72, -6.824143747162e-01, 4.926786071176e-05, 0.0000e+00, 0.0000e+00, 
 2DIAGNOSTIC,    73, -6.830146583621e-01, 5.502010926066e-05, 0.0000e+00, 0.0000e+00, 
 2DIAGNOSTIC,    74, -6.832574737322e-01, 5.707105447096e-05, 0.0000e+00, 0.0000e+00, 
 2DIAGNOSTIC,    75, -6.833947350396e-01, 5.466860210971e-05, 0.0000e+00, 0.0000e+00, 
 2DIAGNOSTIC,    76, -6.845050508460e-01, 5.610230745982e-05, 0.0000e+00, 0.0000e+00, 
 2DIAGNOSTIC,    77, -6.849011112683e-01, 5.675956812821e-05, 0.0000e+00, 0.0000e+00, 
 2DIAGNOSTIC,    78, -6.850270405325e-01, 5.420780609996e-05, 0.0000e+00, 0.0000e+00, 
 2DIAGNOSTIC,    79, -6.850348587741e-01, 5.043006988107e-05, 0.0000e+00, 0.0000e+00, 
 2DIAGNOSTIC,    80, -6.852058569122e-01, 4.713079545146e-05, 0.0000e+00, 0.0000e+00, 
 2DIAGNOSTIC,    81, -6.861080311452e-01, 4.437765670661e-05, 0.0000e+00, 0.0000e+00, 
 2DIAGNOSTIC,    82, -6.864851195865e-01, 4.274263003276e-05, 0.0000e+00, 0.0000e+00, 
 2DIAGNOSTIC,    83, -6.866639774984e-01, 4.147148506737e-05, 0.0000e+00, 0.0000e+00, 
 2DIAGNOSTIC,    84, -6.867918082434e-01, 3.846593286262e-05, 0.0000e+00, 0.0000e+00, 
 2DIAGNOSTIC,    85, -6.869358131295e-01, 3.324612332819e-05, 0.0000e+00, 0.0000e+00, 
 2DIAGNOSTIC,    86, -6.870846642414e-01, 3.158455514236e-05, 0.0000e+00, 0.0000e+00, 
 2DIAGNOSTIC,    87, -6.870282842700e-01, 2.868779911300e-05, 0.0000e+00, 0.0000e+00, 
 2DIAGNOSTIC,    88, -6.870406173890e-01, 2.394418656676e-05, 0.0000e+00, 0.0000e+00, 
 2DIAGNOSTIC,    89, -6.870531396745e-01, 1.720145599226e-05, 0.0000e+00, 0.0000e+00, 
 2DIAGNOSTIC,    90, -6.870617936700e-01, 9.797636606981e-06, 0.0000e+00, 0.0000e+00, 
 2DIAGNOSTIC,    91, -6.870636178166e-01, 6.160064385970e-06, 0.0000e+00, 0.0000e+00, 
 2DIAGNOSTIC,    92, -6.870693197284e-01, 3.948875152749e-06, 0.0000e+00, 0.0000e+00, 
 2DIAGNOSTIC,    93, -6.870726447361e-01, 2.341236795805e-06, 0.0000e+00, 0.0000e+00, 
 2DIAGNOSTIC,    94, -6.870724454961e-01, 1.182984659847e-06, 0.0000e+00, 0.0000e+00, 
DIAGNOSTIC,Iteration,metricValue,convergenceValue,ITERATION_TIME_INDEX,SINCE_LAST
 2DIAGNOSTIC,     1, -5.586030547050e-01, 1.797693134862e+308, 0.0000e+00, 0.0000e+00, 
 2DIAGNOSTIC,     2, -5.587602887964e-01, 1.797693134862e+308, 0.0000e+00, 0.0000e+00, 
 2DIAGNOSTIC,     3, -5.590614097321e-01, 1.797693134862e+308, 0.0000e+00, 0.0000e+00, 
 2DIAGNOSTIC,     4, -5.594606707203e-01, 1.797693134862e+308, 0.0000e+00, 0.0000e+00, 
 2DIAGNOSTIC,     5, -5.599749420556e-01, 1.797693134862e+308, 0.0000e+00, 0.0000e+00, 
 2DIAGNOSTIC,     6, -5.613995201157e-01, 1.797693134862e+308, 0.0000e+00, 0.0000e+00, 
 2DIAGNOSTIC,     7, -5.619402168597e-01, 1.797693134862e+308, 0.0000e+00, 0.0000e+00, 
 2DIAGNOSTIC,     8, -5.624044819112e-01, 1.797693134862e+308, 0.0000e+00, 0.0000e+00, 
 2DIAGNOSTIC,     9, -5.639969526677e-01, 1.797693134862e+308, 0.0000e+00, 0.0000e+00, 
 2DIAGNOSTIC,    10, -5.660649448843e-01, 8.022093368420e-04, 0.0000e+00, 0.0000e+00, 
 2DIAGNOSTIC,    11, -5.662868731571e-01, 8.334191603788e-04, 0.0000e+00, 0.0000e+00, 
 2DIAGNOSTIC,    12, -5.663126309387e-01, 7.940655770304e-04, 0.0000e+00, 0.0000e+00, 
 2DIAGNOSTIC,    13, -5.663317695072e-01, 7.033118946601e-04, 0.0000e+00, 0.0000e+00, 
 2DIAGNOSTIC,    14, -5.663301564932e-01, 5.755458412436e-04, 0.0000e+00, 0.0000e+00, 
 2DIAGNOSTIC,    15, -5.663250654860e-01, 4.274660418552e-04, 0.0000e+00, 0.0000e+00, 
 2DIAGNOSTIC,    16, -5.663207737036e-01, 3.039712254968e-04, 0.0000e+00, 0.0000e+00, 
 2DIAGNOSTIC,    17, -5.663281296023e-01, 1.846958943544e-04, 0.0000e+00, 0.0000e+00, 
 2DIAGNOSTIC,    18, -5.663306315174e-01, 7.443641577997e-05, 0.0000e+00, 0.0000e+00, 
 2DIAGNOSTIC,    19, -5.663338664283e-01, 9.964630516696e-06, 0.0000e+00, 0.0000e+00, 
 2DIAGNOSTIC,    20, -5.663269110818e-01, 3.012962291285e-06, 0.0000e+00, 0.0000e+00, 
 2DIAGNOSTIC,    21, -5.663215412836e-01, 1.787654653695e-06, 0.0000e+00, 0.0000e+00, 
 2DIAGNOSTIC,    22, -5.663270051679e-01, 1.349726048532e-06, 0.0000e+00, 0.0000e+00, 
 2DIAGNOSTIC,    23, -5.663301936543e-01, 1.437724701847e-06, 0.0000e+00, 0.0000e+00, 
DIAGNOSTIC,Iteration,metricValue,convergenceValue,ITERATION_TIME_INDEX,SINCE_LAST
 2DIAGNOSTIC,     1, -5.041513749903e-01, 1.797693134862e+308, 0.0000e+00, 0.0000e+00, 
 2DIAGNOSTIC,     2, -5.043939107914e-01, 1.797693134862e+308, 0.0000e+00, 0.0000e+00, 
 2DIAGNOSTIC,     3, -5.045427792784e-01, 1.797693134862e+308, 0.0000e+00, 0.0000e+00, 
 2DIAGNOSTIC,     4, -5.046563730428e-01, 1.797693134862e+308, 0.0000e+00, 0.0000e+00, 
 2DIAGNOSTIC,     5, -5.046910080451e-01, 1.797693134862e+308, 0.0000e+00, 0.0000e+00, 
 2DIAGNOSTIC,     6, -5.046961920638e-01, 1.797693134862e+308, 0.0000e+00, 0.0000e+00, 
 2DIAGNOSTIC,     7, -5.046961058562e-01, 1.797693134862e+308, 0.0000e+00, 0.0000e+00, 
 2DIAGNOSTIC,     8, -5.046959580617e-01, 1.797693134862e+308, 0.0000e+00, 0.0000e+00, 
 2DIAGNOSTIC,     9, -5.046932682616e-01, 1.797693134862e+308, 0.0000e+00, 0.0000e+00, 
 2DIAGNOSTIC,    10, -5.046939932696e-01, 5.562538964646e-05, 0.0000e+00, 0.0000e+00, 
 2DIAGNOSTIC,    11, -5.046967711056e-01, 2.660783062530e-05, 0.0000e+00, 0.0000e+00, 
 2DIAGNOSTIC,    12, -5.046986269900e-01, 1.165594208187e-05, 0.0000e+00, 0.0000e+00, 
 2DIAGNOSTIC,    13, -5.046964836435e-01, 4.429392860772e-06, 0.0000e+00, 0.0000e+00, 
 2DIAGNOSTIC,    14, -5.046983585033e-01, 2.670044993394e-06, 0.0000e+00, 0.0000e+00, 
 2DIAGNOSTIC,    15, -5.047029985810e-01, 2.575676421104e-06, 0.0000e+00, 0.0000e+00, 
 2DIAGNOSTIC,    16, -5.047101313482e-01, 2.876358289147e-06, 0.0000e+00, 0.0000e+00, 
 2DIAGNOSTIC,    17, -5.047155104629e-01, 3.229728900954e-06, 0.0000e+00, 0.0000e+00, 
 2DIAGNOSTIC,    18, -5.047163049907e-01, 3.443645789053e-06, 0.0000e+00, 0.0000e+00, 
 2DIAGNOSTIC,    19, -5.047200211268e-01, 3.514904591419e-06, 0.0000e+00, 0.0000e+00, 
 2DIAGNOSTIC,    20, -5.047211475130e-01, 3.454155858174e-06, 0.0000e+00, 0.0000e+00, 
 2DIAGNOSTIC,    21, -5.047245409516e-01, 3.386264109027e-06, 0.0000e+00, 0.0000e+00, 
 2DIAGNOSTIC,    22, -5.047246202165e-01, 3.199799308420e-06, 0.0000e+00, 0.0000e+00, 
 2DIAGNOSTIC,    23, -5.047221140449e-01, 2.754775958881e-06, 0.0000e+00, 0.0000e+00, 
 2DIAGNOSTIC,    24, -5.047217224708e-01, 2.255413169457e-06, 0.0000e+00, 0.0000e+00, 
 2DIAGNOSTIC,    25, -5.047219568730e-01, 1.814227733613e-06, 0.0000e+00, 0.0000e+00, 
 2DIAGNOSTIC,    26, -5.047218920556e-01, 1.504854785672e-06, 0.0000e+00, 0.0000e+00, 
 2DIAGNOSTIC,    27, -5.047223878991e-01, 1.315172235519e-06, 0.0000e+00, 0.0000e+00, 
 2DIAGNOSTIC,    28, -5.047215489492e-01, 1.125141670659e-06, 0.0000e+00, 0.0000e+00, 
 2DIAGNOSTIC,    29, -5.047217901616e-01, 1.027171638295e-06, 0.0000e+00, 0.0000e+00, 
DIAGNOSTIC,Iteration,metricValue,convergenceValue,ITERATION_TIME_INDEX,SINCE_LAST
 2DIAGNOSTIC,     1, -4.669980444231e-01, 1.797693134862e+308, 0.0000e+00, 0.0000e+00, 
 2DIAGNOSTIC,     2, -4.672035280808e-01, 1.797693134862e+308, 0.0000e+00, 0.0000e+00, 
 2DIAGNOSTIC,     3, -4.672816344957e-01, 1.797693134862e+308, 0.0000e+00, 0.0000e+00, 
 2DIAGNOSTIC,     4, -4.673280584015e-01, 1.797693134862e+308, 0.0000e+00, 0.0000e+00, 
 2DIAGNOSTIC,     5, -4.673988929408e-01, 1.797693134862e+308, 0.0000e+00, 0.0000e+00, 
 2DIAGNOSTIC,     6, -4.674187319482e-01, 1.797693134862e+308, 1.0240e+03, 1.0240e+03, 
 2DIAGNOSTIC,     7, -4.674257550384e-01, 1.797693134862e+308, 1.0240e+03, 0.0000e+00, 
 2DIAGNOSTIC,     8, -4.674428374546e-01, 1.797693134862e+308, 1.0240e+03, 0.0000e+00, 
 2DIAGNOSTIC,     9, -4.674683271389e-01, 1.797693134862e+308, 1.0240e+03, 0.0000e+00, 
 2DIAGNOSTIC,    10, -4.675079407993e-01, 5.811380618786e-05, 1.0240e+03, 0.0000e+00, 
 2DIAGNOSTIC,    11, -4.675086717028e-01, 3.733441301665e-05, 1.0240e+03, 0.0000e+00, 
 2DIAGNOSTIC,    12, -4.675095231196e-01, 2.739173143165e-05, 1.0240e+03, 0.0000e+00, 
 2DIAGNOSTIC,    13, -4.675097911467e-01, 2.041448295589e-05, 1.0240e+03, 0.0000e+00, 
 2DIAGNOSTIC,    14, -4.675098528607e-01, 1.472125180686e-05, 1.0240e+03, 0.0000e+00, 
 2DIAGNOSTIC,    15, -4.675094787416e-01, 1.146837049978e-05, 1.0240e+03, 0.0000e+00, 
 2DIAGNOSTIC,    16, -4.675097011642e-01, 8.537795938277e-06, 1.0240e+03, 0.0000e+00, 
 2DIAGNOSTIC,    17, -4.675094724490e-01, 5.607763348271e-06, 1.0240e+03, 0.0000e+00, 
 2DIAGNOSTIC,    18, -4.675094385131e-01, 3.225804068495e-06, 1.0240e+03, 0.0000e+00, 
 2DIAGNOSTIC,    19, -4.675094581221e-01, 1.740266545633e-06, 1.0240e+03, 0.0000e+00, 
 2DIAGNOSTIC,    20, -4.675094581221e-01, 1.601358379219e-06, 1.0240e+03, 0.0000e+00, 
 2DIAGNOSTIC,    21, -4.675094581221e-01, 1.495241220818e-06, 1.0240e+03, 0.0000e+00, 
 2DIAGNOSTIC,    22, -4.675094588411e-01, 1.423923144395e-06, 1.0240e+03, 0.0000e+00, 
 2DIAGNOSTIC,    23, -4.675094596835e-01, 1.367976602960e-06, 1.0240e+03, 0.0000e+00, 
 2DIAGNOSTIC,    24, -4.675094596835e-01, 1.319945027140e-06, 1.0240e+03, 0.0000e+00, 
 2DIAGNOSTIC,    25, -4.675094596835e-01, 1.266968952890e-06, 1.0240e+03, 0.0000e+00, 
 2DIAGNOSTIC,    26, -4.675094338797e-01, 1.223361087842e-06, 1.0240e+03, 0.0000e+00, 
 2DIAGNOSTIC,    27, -4.675094334651e-01, 1.177907610575e-06, 1.0240e+03, 0.0000e+00, 
 2DIAGNOSTIC,    28, -4.675094343877e-01, 1.135016804370e-06, 1.0240e+03, 0.0000e+00, 
 2DIAGNOSTIC,    29, -4.675094343877e-01, 1.095613102776e-06, 1.0240e+03, 0.0000e+00, 
 2DIAGNOSTIC,    30, -4.675094343877e-01, 1.058986479736e-06, 1.0240e+03, 0.0000e+00, 
 2DIAGNOSTIC,    31, -4.675094343877e-01, 1.024884029990e-06, 1.0240e+03, 0.0000e+00, 
  Elapsed time (stage 0): 1.0240e+03


Total elapsed time: 1.0240e+03
Info [verificarlo]: loaded backend libinterflop_ieee.so
Info [interflop-ieee]: load backend with:
Info [interflop-ieee]: debug = false
Info [interflop-ieee]: debug-binary = false
Info [interflop-ieee]: no-backend-name = false
Info [interflop-ieee]: print-new-line = false
Info [interflop-ieee]: print-subnormal-normalized = false
Info [interflop-ieee]: count-op = false
All_Command_lines_OK
Using double precision for computations.
=============================================================================
The composite transform comprises the following transforms (in order): 
  1. /home/mdugre/scratch/mri-registration-rp/datasets/ds004513/derivatives/mri-registration-rp/0100/antsRegistration-r8-p20/sub-s035/rigid_Composite.h5[0] (type = Euler3DTransform)
  2. /home/mdugre/scratch/mri-registration-rp/datasets/ds004513/derivatives/mri-registration-rp/0100/antsRegistration-r8-p20/sub-s035/rigid_Composite.h5[1] (type = Euler3DTransform)
  3. /home/mdugre/scratch/mri-registration-rp/datasets/ds004513/derivatives/mri-registration-rp/0100/antsRegistration-r8-p20/sub-s035/rigid_Composite.h5[2] (type = Euler3DTransform)
=============================================================================
  number of levels = 4
  fixed image: /templateflow/tpl-MNI152NLin2009cAsym/tpl-MNI152NLin2009cAsym_res-01_desc-brain_T1w.nii.gz
  moving image: /home/mdugre/scratch/mri-registration-rp/datasets/ds004513/derivatives/mri-registration-rp/antsBrainExtraction/sub-s035/BrainExtractionBrain.nii.gz
Dimension = 3
Number of stages = 1
Use histogram matching = false
Winsorize image intensities = true
  Lower quantile = 0.005
  Upper quantile = 0.995


Stage 1 State
   Image metric = MattesMI
     Fixed image = Image (0x487e7e0)
  RTTI typeinfo:   itk::Image<double, 3u>
  Reference Count: 2
  Modified Time: 1592
  Debug: Off
  Object Name: 
  Observers: 
    none
  Source: (none)
  Source output name: (none)
  Release Data: Off
  Data Released: False
  Global Release Data: Off
  PipelineMTime: 0
  UpdateMTime: 1203
  RealTimeStamp: 0 seconds 
  LargestPossibleRegion: 
    Dimension: 3
    Index: [0, 0, 0]
    Size: [193, 229, 193]
  BufferedRegion: 
    Dimension: 3
    Index: [0, 0, 0]
    Size: [193, 229, 193]
  RequestedRegion: 
    Dimension: 3
    Index: [0, 0, 0]
    Size: [193, 229, 193]
  Spacing: [1, 1, 1]
  Origin: [96, 132, -78]
  Direction: 
-1 0 0
0 -1 0
0 0 1

  IndexToPointMatrix: 
-1 0 0
0 -1 0
0 0 1

  PointToIndexMatrix: 
-1 0 0
0 -1 0
0 0 1

  Inverse Direction: 
-1 0 0
0 -1 0
0 0 1

  PixelContainer: 
    ImportImageContainer (0x4949880)
      RTTI typeinfo:   itk::ImportImageContainer<unsigned long, double>
      Reference Count: 1
      Modified Time: 1200
      Debug: Off
      Object Name: 
      Observers: 
        none
      Pointer: 0x14b244f44010
      Container manages memory: true
      Size: 8530021
      Capacity: 8530021

     Moving image = Image (0x493a050)
  RTTI typeinfo:   itk::Image<double, 3u>
  Reference Count: 2
  Modified Time: 1593
  Debug: Off
  Object Name: 
  Observers: 
    none
  Source: (none)
  Source output name: (none)
  Release Data: Off
  Data Released: False
  Global Release Data: Off
  PipelineMTime: 0
  UpdateMTime: 1590
  RealTimeStamp: 0 seconds 
  LargestPossibleRegion: 
    Dimension: 3
    Index: [0, 0, 0]
    Size: [160, 240, 256]
  BufferedRegion: 
    Dimension: 3
    Index: [0, 0, 0]
    Size: [160, 240, 256]
  RequestedRegion: 
    Dimension: 3
    Index: [0, 0, 0]
    Size: [160, 240, 256]
  Spacing: [1, 1, 1]
  Origin: [98.6438, 87.6358, -117.989]
  Direction: 
-0.993515 -0.100993 -0.0522355
0.100854 -0.994887 0.00530255
-0.0525039 1.93537e-08 0.998621

  IndexToPointMatrix: 
-0.993515 -0.100993 -0.0522355
0.100854 -0.994887 0.00530255
-0.0525039 1.93537e-08 0.998621

  PointToIndexMatrix: 
-0.993515 0.100854 -0.0525039
-0.100993 -0.994887 1.93006e-08
-0.0522355 0.00530255 0.998621

  Inverse Direction: 
-0.993515 0.100854 -0.0525039
-0.100993 -0.994887 1.93006e-08
-0.0522355 0.00530255 0.998621

  PixelContainer: 
    ImportImageContainer (0x49ed690)
      RTTI typeinfo:   itk::ImportImageContainer<unsigned long, double>
      Reference Count: 1
      Modified Time: 1587
      Debug: Off
      Object Name: 
      Observers: 
        none
      Pointer: 0x14b240443010
      Container manages memory: true
      Size: 9830400
      Capacity: 9830400

     Weighting = 1
     Sampling strategy = regular
     Number of bins = 32
     Radius = 4
     Sampling percentage  = 0.25
   Transform = Affine
     Gradient step = 0.1
     Update field sigma (voxel space) = 0
     Total field sigma (voxel space) = 0
     Update field time sigma = 0
     Total field time sigma  = 0
     Number of time indices = 0
     Number of time point samples = 0
Registration using 1 total stages.

Stage 0
  iterations = 1000x500x250x100
  convergence threshold = 1e-06
  convergence window size = 10
  number of levels = 4
  using the Mattes MI metric (number of bins = 32, weight = 1, use gradient filter = 0)
  preprocessing:  winsorizing the image intensities
  Shrink factors (level 1 out of 4): [8, 8, 8]
  Shrink factors (level 2 out of 4): [4, 4, 4]
  Shrink factors (level 3 out of 4): [2, 2, 2]
  Shrink factors (level 4 out of 4): [1, 1, 1]
  smoothing sigmas per level: [3, 2, 1, 0]
  regular sampling (percentage = 0.25)

*** Running AffineTransform registration ***

DIAGNOSTIC,Iteration,metricValue,convergenceValue,ITERATION_TIME_INDEX,SINCE_LAST
 2DIAGNOSTIC,     1, -6.759254440459e-01, 1.797693134862e+308, 7.3550e-01, 7.3550e-01, 
 2DIAGNOSTIC,     2, -6.778749156019e-01, 1.797693134862e+308, 7.4083e-01, 5.3251e-03, 
 2DIAGNOSTIC,     3, -6.807652763456e-01, 1.797693134862e+308, 7.4637e-01, 5.5470e-03, 
 2DIAGNOSTIC,     4, -6.864417492405e-01, 1.797693134862e+308, 7.5152e-01, 5.1460e-03, 
 2DIAGNOSTIC,     5, -6.977684479756e-01, 1.797693134862e+308, 7.5662e-01, 5.1000e-03, 
 2DIAGNOSTIC,     6, -7.100462038153e-01, 1.797693134862e+308, 7.6169e-01, 5.0650e-03, 
 2DIAGNOSTIC,     7, -7.242810634629e-01, 1.797693134862e+308, 7.6711e-01, 5.4259e-03, 
 2DIAGNOSTIC,     8, -7.356976947542e-01, 1.797693134862e+308, 7.7330e-01, 6.1929e-03, 
 2DIAGNOSTIC,     9, -7.375035048289e-01, 1.797693134862e+308, 7.7828e-01, 4.9751e-03, 
 2DIAGNOSTIC,    10, -7.386227133335e-01, 6.964791522016e-03, 7.8406e-01, 5.7790e-03, 
 2DIAGNOSTIC,    11, -7.396827987759e-01, 6.130325562589e-03, 7.8909e-01, 5.0311e-03, 
 2DIAGNOSTIC,    12, -7.405196160562e-01, 4.980204081229e-03, 7.9490e-01, 5.8110e-03, 
 2DIAGNOSTIC,    13, -7.423208037309e-01, 3.706160311659e-03, 8.0331e-01, 8.4131e-03, 
 2DIAGNOSTIC,    14, -7.428897688159e-01, 2.460766968390e-03, 8.0939e-01, 6.0811e-03, 
 2DIAGNOSTIC,    15, -7.428596817973e-01, 1.461136241232e-03, 8.1490e-01, 5.5089e-03, 
 2DIAGNOSTIC,    16, -7.428046097155e-01, 7.529632122676e-04, 8.1985e-01, 4.9419e-03, 
 2DIAGNOSTIC,    17, -7.426147283916e-01, 3.802420150915e-04, 8.2478e-01, 4.9379e-03, 
 2DIAGNOSTIC,    18, -7.427347122156e-01, 2.662539592134e-04, 8.3021e-01, 5.4262e-03, 
 2DIAGNOSTIC,    19, -7.427815979914e-01, 1.778383075905e-04, 8.3568e-01, 5.4672e-03, 
 2DIAGNOSTIC,    20, -7.425016708563e-01, 9.870414380500e-05, 8.4238e-01, 6.7070e-03, 
 2DIAGNOSTIC,    21, -7.425608536503e-01, 3.950183027185e-05, 8.4785e-01, 5.4710e-03, 
DIAGNOSTIC,Iteration,metricValue,convergenceValue,ITERATION_TIME_INDEX,SINCE_LAST
 2DIAGNOSTIC,     1, -6.111858809832e-01, 1.797693134862e+308, 1.6142e+00, 7.6638e-01, 
 2DIAGNOSTIC,     2, -6.117205373839e-01, 1.797693134862e+308, 1.6507e+00, 3.6440e-02, 
 2DIAGNOSTIC,     3, -6.123162746198e-01, 1.797693134862e+308, 1.6864e+00, 3.5710e-02, 
 2DIAGNOSTIC,     4, -6.126256409226e-01, 1.797693134862e+308, 1.7416e+00, 5.5212e-02, 
 2DIAGNOSTIC,     5, -6.126234552995e-01, 1.797693134862e+308, 1.7960e+00, 5.4394e-02, 
 2DIAGNOSTIC,     6, -6.126272492658e-01, 1.797693134862e+308, 1.8355e+00, 3.9546e-02, 
 2DIAGNOSTIC,     7, -6.126202352255e-01, 1.797693134862e+308, 1.8704e+00, 3.4838e-02, 
 2DIAGNOSTIC,     8, -6.126151088334e-01, 1.797693134862e+308, 1.9055e+00, 3.5168e-02, 
 2DIAGNOSTIC,     9, -6.126033658485e-01, 1.797693134862e+308, 1.9450e+00, 3.9494e-02, 
 2DIAGNOSTIC,    10, -6.125993106595e-01, 1.142278638100e-04, 1.9842e+00, 3.9118e-02, 
 2DIAGNOSTIC,    11, -6.125658547334e-01, 4.811672407080e-05, 2.0231e+00, 3.8923e-02, 
 2DIAGNOSTIC,    12, -6.125617524466e-01, 9.006258256783e-06, 2.0616e+00, 3.8551e-02, 
DIAGNOSTIC,Iteration,metricValue,convergenceValue,ITERATION_TIME_INDEX,SINCE_LAST
 2DIAGNOSTIC,     1, -5.356167285845e-01, 1.797693134862e+308, 3.2433e+00, 1.1817e+00, 
 2DIAGNOSTIC,     2, -5.359407882207e-01, 1.797693134862e+308, 3.5627e+00, 3.1934e-01, 
 2DIAGNOSTIC,     3, -5.362457231499e-01, 1.797693134862e+308, 3.8804e+00, 3.1770e-01, 
 2DIAGNOSTIC,     4, -5.364242312251e-01, 1.797693134862e+308, 4.5366e+00, 6.5625e-01, 
 2DIAGNOSTIC,     5, -5.364225324488e-01, 1.797693134862e+308, 4.9785e+00, 4.4188e-01, 
 2DIAGNOSTIC,     6, -5.364224555267e-01, 1.797693134862e+308, 5.3393e+00, 3.6081e-01, 
 2DIAGNOSTIC,     7, -5.364222678941e-01, 1.797693134862e+308, 5.6747e+00, 3.3541e-01, 
 2DIAGNOSTIC,     8, -5.364190951366e-01, 1.797693134862e+308, 6.0202e+00, 3.4551e-01, 
 2DIAGNOSTIC,     9, -5.364189197567e-01, 1.797693134862e+308, 6.3568e+00, 3.3652e-01, 
 2DIAGNOSTIC,    10, -5.364184529394e-01, 7.420892404048e-05, 6.6445e+00, 2.8771e-01, 
 2DIAGNOSTIC,    11, -5.364180858455e-01, 3.289841846255e-05, 6.9371e+00, 2.9262e-01, 
 2DIAGNOSTIC,    12, -5.364201402597e-01, 9.894456212953e-06, 7.2966e+00, 3.5953e-01, 
 2DIAGNOSTIC,    13, -5.364197214234e-01, 1.979544669614e-06, 7.6480e+00, 3.5142e-01, 
 2DIAGNOSTIC,    14, -5.364159712620e-01, 1.856513802093e-06, 7.9770e+00, 3.2898e-01, 
 2DIAGNOSTIC,    15, -5.364162441982e-01, 1.740813316969e-06, 8.2789e+00, 3.0187e-01, 
 2DIAGNOSTIC,    16, -5.364144302477e-01, 1.608664498901e-06, 8.5844e+00, 3.0549e-01, 
 2DIAGNOSTIC,    17, -5.364146812899e-01, 1.530363503789e-06, 8.8694e+00, 2.8499e-01, 
 2DIAGNOSTIC,    18, -5.364141103684e-01, 1.381542367868e-06, 9.1899e+00, 3.2049e-01, 
 2DIAGNOSTIC,    19, -5.364144219897e-01, 1.290629230551e-06, 9.4541e+00, 2.6429e-01, 
 2DIAGNOSTIC,    20, -5.364139533572e-01, 1.220566078264e-06, 9.7518e+00, 2.9761e-01, 
 2DIAGNOSTIC,    21, -5.364148404018e-01, 1.202538296989e-06, 1.0108e+01, 3.5586e-01, 
 2DIAGNOSTIC,    22, -5.364153241440e-01, 1.275249249283e-06, 1.0443e+01, 3.3527e-01, 
 2DIAGNOSTIC,    23, -5.364130310443e-01, 1.296938909906e-06, 1.0760e+01, 3.1673e-01, 
 2DIAGNOSTIC,    24, -5.364124821144e-01, 1.231288911781e-06, 1.1049e+01, 2.8894e-01, 
 2DIAGNOSTIC,    25, -5.364122389339e-01, 1.181329733237e-06, 1.1359e+01, 3.1049e-01, 
 2DIAGNOSTIC,    26, -5.364129884504e-01, 1.120852609428e-06, 1.1643e+01, 2.8372e-01, 
 2DIAGNOSTIC,    27, -5.364122598798e-01, 1.064695837619e-06, 1.2015e+01, 3.7253e-01, 
 2DIAGNOSTIC,    28, -5.364137554042e-01, 1.041982129892e-06, 1.2367e+01, 3.5153e-01, 
 2DIAGNOSTIC,    29, -5.364127309364e-01, 1.016916381047e-06, 1.2729e+01, 3.6264e-01, 
DIAGNOSTIC,Iteration,metricValue,convergenceValue,ITERATION_TIME_INDEX,SINCE_LAST
 2DIAGNOSTIC,     1, -4.917957975119e-01, 1.797693134862e+308, 1.5588e+01, 2.8590e+00, 
 2DIAGNOSTIC,     2, -4.919857932449e-01, 1.797693134862e+308, 1.7295e+01, 1.7062e+00, 
 2DIAGNOSTIC,     3, -4.922038119199e-01, 1.797693134862e+308, 1.9032e+01, 1.7373e+00, 
 2DIAGNOSTIC,     4, -4.922773061088e-01, 1.797693134862e+308, 2.0963e+01, 1.9312e+00, 
 2DIAGNOSTIC,     5, -4.922890670939e-01, 1.797693134862e+308, 2.2679e+01, 1.7158e+00, 
 2DIAGNOSTIC,     6, -4.923125022558e-01, 1.797693134862e+308, 2.4622e+01, 1.9427e+00, 
 2DIAGNOSTIC,     7, -4.923423919872e-01, 1.797693134862e+308, 2.6376e+01, 1.7540e+00, 
 2DIAGNOSTIC,     8, -4.924548755360e-01, 1.797693134862e+308, 2.8504e+01, 2.1285e+00, 
 2DIAGNOSTIC,     9, -4.926231885515e-01, 1.797693134862e+308, 3.2667e+01, 4.1630e+00, 
 2DIAGNOSTIC,    10, -4.926246550518e-01, 9.533356488052e-05, 3.4755e+01, 2.0874e+00, 
 2DIAGNOSTIC,    11, -4.926247187897e-01, 7.278475913489e-05, 3.6891e+01, 2.1368e+00, 
 2DIAGNOSTIC,    12, -4.926246055267e-01, 5.669896413943e-05, 3.8822e+01, 1.9307e+00, 
 2DIAGNOSTIC,    13, -4.926245733970e-01, 4.770215518425e-05, 4.0764e+01, 1.9422e+00, 
 2DIAGNOSTIC,    14, -4.926243375698e-01, 3.878460308515e-05, 4.2499e+01, 1.7350e+00, 
 2DIAGNOSTIC,    15, -4.926246033349e-01, 2.821966656302e-05, 4.4349e+01, 1.8498e+00, 
 2DIAGNOSTIC,    16, -4.926248649202e-01, 1.755398026966e-05, 4.6223e+01, 1.8739e+00, 
 2DIAGNOSTIC,    17, -4.926250640401e-01, 7.692189799749e-06, 4.8358e+01, 2.1346e+00, 
