
##########################
# Experiment information #
##########################

EXPERIMENT_NAME: antsRegistration-r7-p22
VFC_BACKENDS: libinterflop_vprec.so --range-binary32=7 --precision-binary32=22 --range-binary64=7 --precision-binary64=22

SIF_IMG: /home/mdugre/projects/rrg-glatard/mdugre/containers/ants-vprec-no_metrics.simg

SUBJECT_ID: s035
INPUT_IMG: /home/mdugre/scratch/mri-registration-rp/datasets/ds004513/derivatives/mri-registration-rp/antsBrainExtraction/sub-s035/BrainExtractionBrain.nii.gz
OUTPUT_DIR: /home/mdugre/scratch/mri-registration-rp/datasets/ds004513/derivatives/mri-registration-rp/0100/antsRegistration-r7-p22/sub-s035

FIXED_IMG: /templateflow/tpl-MNI152NLin2009cAsym/tpl-MNI152NLin2009cAsym_res-01_desc-brain_T1w.nii.gz
DATA_DIR: /home/mdugre/scratch/mri-registration-rp/datasets/ds004513
TEMPLATEFLOW_DIR: /home/mdugre/projects/rrg-glatard/mdugre/templateflow
ITK_GLOBAL_DEFAULT_NUMBER_OF_THREADS: 16
##########################

Info [verificarlo]: loaded backend libinterflop_ieee.so
Info [interflop-ieee]: load backend with:
Info [interflop-ieee]: debug = false
Info [interflop-ieee]: debug-binary = false
Info [interflop-ieee]: no-backend-name = false
Info [interflop-ieee]: print-new-line = false
Info [interflop-ieee]: print-subnormal-normalized = false
Info [interflop-ieee]: count-op = false
All_Command_lines_OK
Using double precision for computations.
=============================================================================
The composite transform comprises the following transforms (in order): 
  1. Center of mass alignment using fixed image: /templateflow/tpl-MNI152NLin2009cAsym/tpl-MNI152NLin2009cAsym_res-01_desc-brain_T1w.nii.gz and moving image: /home/mdugre/scratch/mri-registration-rp/datasets/ds004513/derivatives/mri-registration-rp/antsBrainExtraction/sub-s035/BrainExtractionBrain.nii.gz (type = Euler3DTransform)
=============================================================================
  number of levels = 1
  fixed image: /templateflow/tpl-MNI152NLin2009cAsym/tpl-MNI152NLin2009cAsym_res-01_desc-brain_T1w.nii.gz
  moving image: /home/mdugre/scratch/mri-registration-rp/datasets/ds004513/derivatives/mri-registration-rp/antsBrainExtraction/sub-s035/BrainExtractionBrain.nii.gz
Dimension = 3
Number of stages = 1
Use histogram matching = false
Winsorize image intensities = true
  Lower quantile = 0.005
  Upper quantile = 0.995


Stage 1 State
   Image metric = MattesMI
     Fixed image = Image (0x4755e70)
  RTTI typeinfo:   itk::Image<double, 3u>
  Reference Count: 2
  Modified Time: 2330
  Debug: Off
  Object Name: 
  Observers: 
    none
  Source: (none)
  Source output name: (none)
  Release Data: Off
  Data Released: False
  Global Release Data: Off
  PipelineMTime: 0
  UpdateMTime: 1941
  RealTimeStamp: 0 seconds 
  LargestPossibleRegion: 
    Dimension: 3
    Index: [0, 0, 0]
    Size: [193, 229, 193]
  BufferedRegion: 
    Dimension: 3
    Index: [0, 0, 0]
    Size: [193, 229, 193]
  RequestedRegion: 
    Dimension: 3
    Index: [0, 0, 0]
    Size: [193, 229, 193]
  Spacing: [1, 1, 1]
  Origin: [96, 132, -78]
  Direction: 
-1 0 0
0 -1 0
0 0 1

  IndexToPointMatrix: 
-1 0 0
0 -1 0
0 0 1

  PointToIndexMatrix: 
-1 0 0
0 -1 0
0 0 1

  Inverse Direction: 
-1 0 0
0 -1 0
0 0 1

  PixelContainer: 
    ImportImageContainer (0x475ec60)
      RTTI typeinfo:   itk::ImportImageContainer<unsigned long, double>
      Reference Count: 1
      Modified Time: 1938
      Debug: Off
      Object Name: 
      Observers: 
        none
      Pointer: 0x15470693d010
      Container manages memory: true
      Size: 8530021
      Capacity: 8530021

     Moving image = Image (0x47f2ec0)
  RTTI typeinfo:   itk::Image<double, 3u>
  Reference Count: 2
  Modified Time: 2331
  Debug: Off
  Object Name: 
  Observers: 
    none
  Source: (none)
  Source output name: (none)
  Release Data: Off
  Data Released: False
  Global Release Data: Off
  PipelineMTime: 0
  UpdateMTime: 2328
  RealTimeStamp: 0 seconds 
  LargestPossibleRegion: 
    Dimension: 3
    Index: [0, 0, 0]
    Size: [160, 240, 256]
  BufferedRegion: 
    Dimension: 3
    Index: [0, 0, 0]
    Size: [160, 240, 256]
  RequestedRegion: 
    Dimension: 3
    Index: [0, 0, 0]
    Size: [160, 240, 256]
  Spacing: [1, 1, 1]
  Origin: [98.6438, 87.6358, -117.989]
  Direction: 
-0.993515 -0.100993 -0.0522355
0.100854 -0.994887 0.00530255
-0.0525039 1.93537e-08 0.998621

  IndexToPointMatrix: 
-0.993515 -0.100993 -0.0522355
0.100854 -0.994887 0.00530255
-0.0525039 1.93537e-08 0.998621

  PointToIndexMatrix: 
-0.993515 0.100854 -0.0525039
-0.100993 -0.994887 1.93006e-08
-0.0522355 0.00530255 0.998621

  Inverse Direction: 
-0.993515 0.100854 -0.0525039
-0.100993 -0.994887 1.93006e-08
-0.0522355 0.00530255 0.998621

  PixelContainer: 
    ImportImageContainer (0x488a610)
      RTTI typeinfo:   itk::ImportImageContainer<unsigned long, double>
      Reference Count: 1
      Modified Time: 2325
      Debug: Off
      Object Name: 
      Observers: 
        none
      Pointer: 0x154701e3c010
      Container manages memory: true
      Size: 9830400
      Capacity: 9830400

     Weighting = 1
     Sampling strategy = regular
     Number of bins = 32
     Radius = 4
     Sampling percentage  = 0.25
   Transform = Rigid
     Gradient step = 0.1
     Update field sigma (voxel space) = 0
     Total field sigma (voxel space) = 0
     Update field time sigma = 0
     Total field time sigma  = 0
     Number of time indices = 0
     Number of time point samples = 0
Registration using 1 total stages.

Stage 0
  iterations = 0
  convergence threshold = 1e-06
  convergence window size = 10
  number of levels = 1
  using the Mattes MI metric (number of bins = 32, weight = 1, use gradient filter = 0)
  preprocessing:  winsorizing the image intensities
  Shrink factors (level 1 out of 1): [1, 1, 1]
  smoothing sigmas per level: [0]
  regular sampling (percentage = 0.25)

*** Running Euler3DTransform registration ***

  Elapsed time (stage 0): 1.11184


Total elapsed time: 1.11392
Info [verificarlo]: loaded backend libinterflop_vprec.so
Info [interflop-vprec]: load backend with: 
Info [interflop-vprec]: precision-binary32 = 22
Info [interflop-vprec]: range-binary32 = 7
Info [interflop-vprec]: precision-binary64 = 22
Info [interflop-vprec]: range-binary64 = 7
Info [interflop-vprec]: mode = ob
Info [interflop-vprec]: error-mode = rel
Info [interflop-vprec]: max-abs-error-exponent = -1022
Info [interflop-vprec]: daz = false
Info [interflop-vprec]: ftz = false
Info [interflop-vprec]: 	instrument = none
Info [interflop-vprec]: 	prec-input-file = (null)
Info [interflop-vprec]: 	prec-output-file = (null)
Info [interflop-vprec]: 	prec-log-file = (null)
All_Command_lines_OK
Using double precision for computations.
=============================================================================
The composite transform comprises the following transforms (in order): 
  1. /home/mdugre/scratch/mri-registration-rp/datasets/ds004513/derivatives/mri-registration-rp/0100/antsRegistration-r7-p22/sub-s035/align_Composite.h5[0] (type = Euler3DTransform)
  2. /home/mdugre/scratch/mri-registration-rp/datasets/ds004513/derivatives/mri-registration-rp/0100/antsRegistration-r7-p22/sub-s035/align_Composite.h5[1] (type = Euler3DTransform)
=============================================================================
  number of levels = 4
  fixed image: /templateflow/tpl-MNI152NLin2009cAsym/tpl-MNI152NLin2009cAsym_res-01_desc-brain_T1w.nii.gz
  moving image: /home/mdugre/scratch/mri-registration-rp/datasets/ds004513/derivatives/mri-registration-rp/antsBrainExtraction/sub-s035/BrainExtractionBrain.nii.gz
Dimension = 3
Number of stages = 1
Use histogram matching = false
Winsorize image intensities = true
  Lower quantile = 0.005
  Upper quantile = 0.995


Stage 1 State
   Image metric = MattesMI
     Fixed image = Image (0x3cb91e0)
  RTTI typeinfo:   itk::Image<double, 3u>
  Reference Count: 2
  Modified Time: 1578
  Debug: Off
  Object Name: 
  Observers: 
    none
  Source: (none)
  Source output name: (none)
  Release Data: Off
  Data Released: False
  Global Release Data: Off
  PipelineMTime: 0
  UpdateMTime: 1189
  RealTimeStamp: 0 seconds 
  LargestPossibleRegion: 
    Dimension: 3
    Index: [0, 0, 0]
    Size: [193, 229, 193]
  BufferedRegion: 
    Dimension: 3
    Index: [0, 0, 0]
    Size: [193, 229, 193]
  RequestedRegion: 
    Dimension: 3
    Index: [0, 0, 0]
    Size: [193, 229, 193]
  Spacing: [1, 1, 1]
  Origin: [96, 132, -78]
  Direction: 
-1 0 0
0 -1 0
0 0 1

  IndexToPointMatrix: 
-1 0 0
0 -1 0
0 0 1

  PointToIndexMatrix: 
-1 0 0
0 -1 0
0 0 1

  Inverse Direction: 
-1 0 0
0 -1 0
0 0 1

  PixelContainer: 
    ImportImageContainer (0x3d78680)
      RTTI typeinfo:   itk::ImportImageContainer<unsigned long, double>
      Reference Count: 1
      Modified Time: 1186
      Debug: Off
      Object Name: 
      Observers: 
        none
      Pointer: 0x14877d5a1010
      Container manages memory: true
      Size: 8530021
      Capacity: 8530021

     Moving image = Image (0x3d74b20)
  RTTI typeinfo:   itk::Image<double, 3u>
  Reference Count: 2
  Modified Time: 1579
  Debug: Off
  Object Name: 
  Observers: 
    none
  Source: (none)
  Source output name: (none)
  Release Data: Off
  Data Released: False
  Global Release Data: Off
  PipelineMTime: 0
  UpdateMTime: 1576
  RealTimeStamp: 0 seconds 
  LargestPossibleRegion: 
    Dimension: 3
    Index: [0, 0, 0]
    Size: [160, 240, 256]
  BufferedRegion: 
    Dimension: 3
    Index: [0, 0, 0]
    Size: [160, 240, 256]
  RequestedRegion: 
    Dimension: 3
    Index: [0, 0, 0]
    Size: [160, 240, 256]
  Spacing: [1, 1, 1]
  Origin: [98.6438, 87.6358, -117.989]
  Direction: 
-0.993515 -0.100993 -0.0522355
0.100854 -0.994887 0.00530255
-0.0525039 1.93537e-08 0.998621

  IndexToPointMatrix: 
-0.993515 -0.100993 -0.0522355
0.100854 -0.994887 0.00530255
-0.0525039 1.93537e-08 0.998621

  PointToIndexMatrix: 
-0.993515 0.100854 -0.0525039
-0.100993 -0.994887 -1.78814e-07
-0.0522355 0.00530255 0.998621

  Inverse Direction: 
-0.993515 0.100854 -0.0525039
-0.100993 -0.994887 -1.78814e-07
-0.0522355 0.00530255 0.998621

  PixelContainer: 
    ImportImageContainer (0x3dddd50)
      RTTI typeinfo:   itk::ImportImageContainer<unsigned long, double>
      Reference Count: 1
      Modified Time: 1573
      Debug: Off
      Object Name: 
      Observers: 
        none
      Pointer: 0x148778aa0010
      Container manages memory: true
      Size: 9830400
      Capacity: 9830400

     Weighting = 1
     Sampling strategy = regular
     Number of bins = 32
     Radius = 4
     Sampling percentage  = 0.25
   Transform = Rigid
     Gradient step = 0.1
     Update field sigma (voxel space) = 0
     Total field sigma (voxel space) = 0
     Update field time sigma = 0
     Total field time sigma  = 0
     Number of time indices = 0
     Number of time point samples = 0
Registration using 1 total stages.

Stage 0
  iterations = 1000x500x250x100
  convergence threshold = 1e-06
  convergence window size = 10
  number of levels = 4
  using the Mattes MI metric (number of bins = 32, weight = 1, use gradient filter = 0)
  preprocessing:  winsorizing the image intensities
  Shrink factors (level 1 out of 4): [8, 8, 8]
  Shrink factors (level 2 out of 4): [4, 4, 4]
  Shrink factors (level 3 out of 4): [2, 2, 2]
  Shrink factors (level 4 out of 4): [1, 1, 1]
  smoothing sigmas per level: [3, 2, 1, 0]
  regular sampling (percentage = 0.25)

*** Running Euler3DTransform registration ***

DIAGNOSTIC,Iteration,metricValue,convergenceValue,ITERATION_TIME_INDEX,SINCE_LAST
 2DIAGNOSTIC,     1, -5.238620255813e-01, 1.797693134862e+308, 0.0000e+00, 0.0000e+00, 
 2DIAGNOSTIC,     2, -5.257895045712e-01, 1.797693134862e+308, 0.0000e+00, 0.0000e+00, 
 2DIAGNOSTIC,     3, -5.278618847225e-01, 1.797693134862e+308, 0.0000e+00, 0.0000e+00, 
 2DIAGNOSTIC,     4, -5.301596792179e-01, 1.797693134862e+308, 0.0000e+00, 0.0000e+00, 
 2DIAGNOSTIC,     5, -5.343530097432e-01, 1.797693134862e+308, 0.0000e+00, 0.0000e+00, 
 2DIAGNOSTIC,     6, -5.399395474756e-01, 1.797693134862e+308, 0.0000e+00, 0.0000e+00, 
 2DIAGNOSTIC,     7, -5.490911579401e-01, 1.797693134862e+308, 0.0000e+00, 0.0000e+00, 
 2DIAGNOSTIC,     8, -5.544368892226e-01, 1.797693134862e+308, 0.0000e+00, 0.0000e+00, 
 2DIAGNOSTIC,     9, -5.601980156232e-01, 1.797693134862e+308, 0.0000e+00, 0.0000e+00, 
 2DIAGNOSTIC,    10, -5.618409683293e-01, 5.072823112499e-03, 0.0000e+00, 0.0000e+00, 
 2DIAGNOSTIC,    11, -5.649179250084e-01, 4.799260317775e-03, 0.0000e+00, 0.0000e+00, 
 2DIAGNOSTIC,    12, -5.655125680395e-01, 4.247842608740e-03, 0.0000e+00, 0.0000e+00, 
 2DIAGNOSTIC,    13, -5.673826148955e-01, 3.557893929753e-03, 0.0000e+00, 0.0000e+00, 
 2DIAGNOSTIC,    14, -5.728843265214e-01, 2.933866741143e-03, 0.0000e+00, 0.0000e+00, 
 2DIAGNOSTIC,    15, -5.861377001495e-01, 2.721094895633e-03, 0.0000e+00, 0.0000e+00, 
 2DIAGNOSTIC,    16, -5.926394549932e-01, 2.660048834338e-03, 0.0000e+00, 0.0000e+00, 
 2DIAGNOSTIC,    17, -5.981281101280e-01, 2.800995997731e-03, 0.0000e+00, 0.0000e+00, 
 2DIAGNOSTIC,    18, -6.026374040605e-01, 2.944604870588e-03, 0.0000e+00, 0.0000e+00, 
 2DIAGNOSTIC,    19, -6.048954875027e-01, 3.010709676617e-03, 0.0000e+00, 0.0000e+00, 
 2DIAGNOSTIC,    20, -6.060414309796e-01, 2.855198338351e-03, 0.0000e+00, 0.0000e+00, 
 2DIAGNOSTIC,    21, -6.080860485311e-01, 2.572417509006e-03, 0.0000e+00, 0.0000e+00, 
 2DIAGNOSTIC,    22, -6.083592517500e-01, 2.099658025137e-03, 0.0000e+00, 0.0000e+00, 
 2DIAGNOSTIC,    23, -6.083591096314e-01, 1.516559141283e-03, 0.0000e+00, 0.0000e+00, 
 2DIAGNOSTIC,    24, -6.083627707714e-01, 9.529424595425e-04, 0.0000e+00, 0.0000e+00, 
 2DIAGNOSTIC,    25, -6.083690138445e-01, 6.099263988581e-04, 0.0000e+00, 0.0000e+00, 
 2DIAGNOSTIC,    26, -6.083793428057e-01, 3.598227799283e-04, 0.0000e+00, 0.0000e+00, 
 2DIAGNOSTIC,    27, -6.083970214607e-01, 1.946573639875e-04, 0.0000e+00, 0.0000e+00, 
 2DIAGNOSTIC,    28, -6.084268526209e-01, 1.033610481097e-04, 0.0000e+00, 0.0000e+00, 
 2DIAGNOSTIC,    29, -6.084768156895e-01, 4.817302542271e-05, 0.0000e+00, 0.0000e+00, 
 2DIAGNOSTIC,    30, -6.086448341932e-01, 1.301640126510e-05, 0.0000e+00, 0.0000e+00, 
 2DIAGNOSTIC,    31, -6.087874414142e-01, 1.354107508589e-05, 0.0000e+00, 0.0000e+00, 
 2DIAGNOSTIC,    32, -6.090180380099e-01, 2.053859472106e-05, 0.0000e+00, 0.0000e+00, 
 2DIAGNOSTIC,    33, -6.092346397667e-01, 2.841142549228e-05, 0.0000e+00, 0.0000e+00, 
 2DIAGNOSTIC,    34, -6.094864597358e-01, 3.683508255884e-05, 0.0000e+00, 0.0000e+00, 
 2DIAGNOSTIC,    35, -6.101771174590e-01, 5.100485324560e-05, 0.0000e+00, 0.0000e+00, 
 2DIAGNOSTIC,    36, -6.109446844538e-01, 6.989552522942e-05, 0.0000e+00, 0.0000e+00, 
 2DIAGNOSTIC,    37, -6.125086828547e-01, 1.017841141314e-04, 0.0000e+00, 0.0000e+00, 
 2DIAGNOSTIC,    38, -6.146173784686e-01, 1.492965467531e-04, 0.0000e+00, 0.0000e+00, 
 2DIAGNOSTIC,    39, -6.160526347435e-01, 1.981371245327e-04, 0.0000e+00, 0.0000e+00, 
 2DIAGNOSTIC,    40, -6.166349392306e-01, 2.346616032531e-04, 0.0000e+00, 0.0000e+00, 
 2DIAGNOSTIC,    41, -6.170595962339e-01, 2.538795782005e-04, 0.0000e+00, 0.0000e+00, 
 2DIAGNOSTIC,    42, -6.179470523613e-01, 2.607300065335e-04, 0.0000e+00, 0.0000e+00, 
 2DIAGNOSTIC,    43, -6.187930821557e-01, 2.538644476167e-04, 0.0000e+00, 0.0000e+00, 
 2DIAGNOSTIC,    44, -6.213335879176e-01, 2.534414258238e-04, 0.0000e+00, 0.0000e+00, 
 2DIAGNOSTIC,    45, -6.270784781895e-01, 2.973218689806e-04, 0.0000e+00, 0.0000e+00, 
 2DIAGNOSTIC,    46, -6.470104671066e-01, 5.253934343414e-04, 0.0000e+00, 0.0000e+00, 
 2DIAGNOSTIC,    47, -6.510258846044e-01, 7.443121425910e-04, 0.0000e+00, 0.0000e+00, 
 2DIAGNOSTIC,    48, -6.571709943124e-01, 9.658394889404e-04, 0.0000e+00, 0.0000e+00, 
 2DIAGNOSTIC,    49, -6.794560598841e-01, 1.316387997187e-03, 0.0000e+00, 0.0000e+00, 
 2DIAGNOSTIC,    50, -6.844568630658e-01, 1.571716120612e-03, 0.0000e+00, 0.0000e+00, 
 2DIAGNOSTIC,    51, -6.848990535833e-01, 1.672292309275e-03, 0.0000e+00, 0.0000e+00, 
 2DIAGNOSTIC,    52, -6.851561909041e-01, 1.622066692520e-03, 0.0000e+00, 0.0000e+00, 
 2DIAGNOSTIC,    53, -6.855512817643e-01, 1.431589651465e-03, 0.0000e+00, 0.0000e+00, 
 2DIAGNOSTIC,    54, -6.855618269481e-01, 1.131890870473e-03, 0.0000e+00, 0.0000e+00, 
 2DIAGNOSTIC,    55, -6.856278159662e-01, 7.807347039484e-04, 0.0000e+00, 0.0000e+00, 
 2DIAGNOSTIC,    56, -6.857176322451e-01, 5.388253948431e-04, 0.0000e+00, 0.0000e+00, 
 2DIAGNOSTIC,    57, -6.858113773284e-01, 2.898945911233e-04, 0.0000e+00, 0.0000e+00, 
 2DIAGNOSTIC,    58, -6.858806953826e-01, 6.813829360610e-05, 0.0000e+00, 0.0000e+00, 
 2DIAGNOSTIC,    59, -6.859453657479e-01, 2.341738181824e-05, 0.0000e+00, 0.0000e+00, 
 2DIAGNOSTIC,    60, -6.860507429261e-01, 1.763626942861e-05, 0.0000e+00, 0.0000e+00, 
 2DIAGNOSTIC,    61, -6.860312198526e-01, 1.359660135780e-05, 0.0000e+00, 0.0000e+00, 
 2DIAGNOSTIC,    62, -6.863056606681e-01, 1.234507446003e-05, 0.0000e+00, 0.0000e+00, 
 2DIAGNOSTIC,    63, -6.863204252744e-01, 1.296305839460e-05, 0.0000e+00, 0.0000e+00, 
 2DIAGNOSTIC,    64, -6.863210659686e-01, 1.245914284122e-05, 0.0000e+00, 0.0000e+00, 
 2DIAGNOSTIC,    65, -6.863219379408e-01, 1.131734483478e-05, 0.0000e+00, 0.0000e+00, 
 2DIAGNOSTIC,    66, -6.863246124216e-01, 9.809253167015e-06, 0.0000e+00, 0.0000e+00, 
 2DIAGNOSTIC,    67, -6.863263643032e-01, 8.083415881127e-06, 0.0000e+00, 0.0000e+00, 
 2DIAGNOSTIC,    68, -6.863306825960e-01, 6.167055827410e-06, 0.0000e+00, 0.0000e+00, 
 2DIAGNOSTIC,    69, -6.863304839253e-01, 4.202160601180e-06, 0.0000e+00, 0.0000e+00, 
 2DIAGNOSTIC,    70, -6.863305873933e-01, 2.658020923064e-06, 0.0000e+00, 0.0000e+00, 
DIAGNOSTIC,Iteration,metricValue,convergenceValue,ITERATION_TIME_INDEX,SINCE_LAST
 2DIAGNOSTIC,     1, -5.581215731575e-01, 1.797693134862e+308, 0.0000e+00, 0.0000e+00, 
 2DIAGNOSTIC,     2, -5.584988833422e-01, 1.797693134862e+308, 0.0000e+00, 0.0000e+00, 
 2DIAGNOSTIC,     3, -5.590307048211e-01, 1.797693134862e+308, 0.0000e+00, 0.0000e+00, 
 2DIAGNOSTIC,     4, -5.598271669548e-01, 1.797693134862e+308, 0.0000e+00, 0.0000e+00, 
 2DIAGNOSTIC,     5, -5.608526884737e-01, 1.797693134862e+308, 0.0000e+00, 0.0000e+00, 
 2DIAGNOSTIC,     6, -5.612238486192e-01, 1.797693134862e+308, 0.0000e+00, 0.0000e+00, 
 2DIAGNOSTIC,     7, -5.620794713107e-01, 1.797693134862e+308, 0.0000e+00, 0.0000e+00, 
 2DIAGNOSTIC,     8, -5.638314677906e-01, 1.797693134862e+308, 0.0000e+00, 0.0000e+00, 
 2DIAGNOSTIC,     9, -5.644297003898e-01, 1.797693134862e+308, 0.0000e+00, 0.0000e+00, 
 2DIAGNOSTIC,    10, -5.646410078663e-01, 8.227194817983e-04, 0.0000e+00, 0.0000e+00, 
 2DIAGNOSTIC,    11, -5.647420916632e-01, 7.347968853646e-04, 0.0000e+00, 0.0000e+00, 
 2DIAGNOSTIC,    12, -5.656913096847e-01, 6.517546236889e-04, 0.0000e+00, 0.0000e+00, 
 2DIAGNOSTIC,    13, -5.659578745810e-01, 5.516084800072e-04, 0.0000e+00, 0.0000e+00, 
 2DIAGNOSTIC,    14, -5.660694261093e-01, 4.479365254398e-04, 0.0000e+00, 0.0000e+00, 
 2DIAGNOSTIC,    15, -5.660666412523e-01, 3.532006531631e-04, 0.0000e+00, 0.0000e+00, 
 2DIAGNOSTIC,    16, -5.660622849551e-01, 2.499551250111e-04, 0.0000e+00, 0.0000e+00, 
 2DIAGNOSTIC,    17, -5.660472833419e-01, 1.594211788601e-04, 0.0000e+00, 0.0000e+00, 
 2DIAGNOSTIC,    18, -5.660527851617e-01, 1.131181192374e-04, 0.0000e+00, 0.0000e+00, 
 2DIAGNOSTIC,    19, -5.660437175783e-01, 7.723331087276e-05, 0.0000e+00, 0.0000e+00, 
 2DIAGNOSTIC,    20, -5.660500666607e-01, 4.374003200541e-05, 0.0000e+00, 0.0000e+00, 
 2DIAGNOSTIC,    21, -5.660392123893e-01, 1.115682815929e-05, 0.0000e+00, 0.0000e+00, 
 2DIAGNOSTIC,    22, -5.660517467383e-01, 2.551084614714e-06, 0.0000e+00, 0.0000e+00, 
DIAGNOSTIC,Iteration,metricValue,convergenceValue,ITERATION_TIME_INDEX,SINCE_LAST
 2DIAGNOSTIC,     1, -5.037375431401e-01, 1.797693134862e+308, 0.0000e+00, 0.0000e+00, 
 2DIAGNOSTIC,     2, -5.039307539858e-01, 1.797693134862e+308, 0.0000e+00, 0.0000e+00, 
 2DIAGNOSTIC,     3, -5.040973105055e-01, 1.797693134862e+308, 0.0000e+00, 0.0000e+00, 
 2DIAGNOSTIC,     4, -5.042012092665e-01, 1.797693134862e+308, 0.0000e+00, 0.0000e+00, 
 2DIAGNOSTIC,     5, -5.042706442621e-01, 1.797693134862e+308, 0.0000e+00, 0.0000e+00, 
 2DIAGNOSTIC,     6, -5.044217994971e-01, 1.797693134862e+308, 0.0000e+00, 0.0000e+00, 
 2DIAGNOSTIC,     7, -5.045950156926e-01, 1.797693134862e+308, 0.0000e+00, 0.0000e+00, 
 2DIAGNOSTIC,     8, -5.046017160054e-01, 1.797693134862e+308, 0.0000e+00, 0.0000e+00, 
 2DIAGNOSTIC,     9, -5.045989359779e-01, 1.797693134862e+308, 0.0000e+00, 0.0000e+00, 
 2DIAGNOSTIC,    10, -5.045993220907e-01, 1.163669508748e-04, 0.0000e+00, 0.0000e+00, 
 2DIAGNOSTIC,    11, -5.045996333273e-01, 8.331295485249e-05, 0.0000e+00, 0.0000e+00, 
 2DIAGNOSTIC,    12, -5.045989957878e-01, 5.732324491585e-05, 0.0000e+00, 0.0000e+00, 
 2DIAGNOSTIC,    13, -5.045974343715e-01, 3.753158019527e-05, 0.0000e+00, 0.0000e+00, 
 2DIAGNOSTIC,    14, -5.045968325796e-01, 2.164855910294e-05, 0.0000e+00, 0.0000e+00, 
 2DIAGNOSTIC,    15, -5.045981472600e-01, 8.691928353302e-06, 0.0000e+00, 0.0000e+00, 
 2DIAGNOSTIC,    16, -5.045973540725e-01, 1.871362131270e-06, 0.0000e+00, 0.0000e+00, 
 2DIAGNOSTIC,    17, -5.045941832134e-01, 1.494037375836e-06, 0.0000e+00, 0.0000e+00, 
 2DIAGNOSTIC,    18, -5.045941362353e-01, 1.408500994948e-06, 0.0000e+00, 0.0000e+00, 
 2DIAGNOSTIC,    19, -5.045945616342e-01, 1.293496034255e-06, 0.0000e+00, 0.0000e+00, 
 2DIAGNOSTIC,    20, -5.045951911592e-01, 1.250293998951e-06, 0.0000e+00, 0.0000e+00, 
 2DIAGNOSTIC,    21, -5.045944732575e-01, 1.231689795184e-06, 0.0000e+00, 0.0000e+00, 
 2DIAGNOSTIC,    22, -5.045938558223e-01, 1.212731256521e-06, 0.0000e+00, 0.0000e+00, 
 2DIAGNOSTIC,    23, -5.045935636695e-01, 1.172884291724e-06, 0.0000e+00, 0.0000e+00, 
 2DIAGNOSTIC,    24, -5.045934257594e-01, 1.135715156982e-06, 0.0000e+00, 0.0000e+00, 
 2DIAGNOSTIC,    25, -5.045950099677e-01, 1.183683255461e-06, 0.0000e+00, 0.0000e+00, 
 2DIAGNOSTIC,    26, -5.045928047004e-01, 1.172414284448e-06, 0.0000e+00, 0.0000e+00, 
 2DIAGNOSTIC,    27, -5.045930315459e-01, 1.107507221668e-06, 0.0000e+00, 0.0000e+00, 
 2DIAGNOSTIC,    28, -5.045907441782e-01, 1.006456803149e-06, 0.0000e+00, 0.0000e+00, 
DIAGNOSTIC,Iteration,metricValue,convergenceValue,ITERATION_TIME_INDEX,SINCE_LAST
 2DIAGNOSTIC,     1, -4.673120902228e-01, 1.797693134862e+308, 0.0000e+00, 0.0000e+00, 
 2DIAGNOSTIC,     2, -4.673989767416e-01, 1.797693134862e+308, 0.0000e+00, 0.0000e+00, 
 2DIAGNOSTIC,     3, -4.674128251775e-01, 1.797693134862e+308, 0.0000e+00, 0.0000e+00, 
 2DIAGNOSTIC,     4, -4.674119419742e-01, 1.797693134862e+308, 0.0000e+00, 0.0000e+00, 
 2DIAGNOSTIC,     5, -4.674119276306e-01, 1.797693134862e+308, 2.5600e+02, 2.5600e+02, 
 2DIAGNOSTIC,     6, -4.674118108223e-01, 1.797693134862e+308, 2.5600e+02, 0.0000e+00, 
 2DIAGNOSTIC,     7, -4.674117721691e-01, 1.797693134862e+308, 2.5600e+02, 0.0000e+00, 
 2DIAGNOSTIC,     8, -4.674118225392e-01, 1.797693134862e+308, 2.5600e+02, 0.0000e+00, 
 2DIAGNOSTIC,     9, -4.674118102312e-01, 1.797693134862e+308, 2.5600e+02, 0.0000e+00, 
 2DIAGNOSTIC,    10, -4.674118110857e-01, 9.872327320123e-06, 2.5600e+02, 0.0000e+00, 
 2DIAGNOSTIC,    11, -4.674118105046e-01, 3.539372172567e-06, 2.5600e+02, 0.0000e+00, 
 2DIAGNOSTIC,    12, -4.674118093363e-01, 2.585456216023e-06, 2.5600e+02, 0.0000e+00, 
 2DIAGNOSTIC,    13, -4.674116978570e-01, 2.427402322938e-06, 2.5600e+02, 0.0000e+00, 
 2DIAGNOSTIC,    14, -4.674116983795e-01, 2.255066345075e-06, 2.5600e+02, 0.0000e+00, 
 2DIAGNOSTIC,    15, -4.674116985027e-01, 2.106446655270e-06, 2.5600e+02, 0.0000e+00, 
 2DIAGNOSTIC,    16, -4.674116963139e-01, 1.972855950813e-06, 2.5600e+02, 0.0000e+00, 
 2DIAGNOSTIC,    17, -4.674116939289e-01, 1.854580914881e-06, 2.5600e+02, 0.0000e+00, 
 2DIAGNOSTIC,    18, -4.674116945554e-01, 1.752496283286e-06, 2.5600e+02, 0.0000e+00, 
 2DIAGNOSTIC,    19, -4.674116953624e-01, 1.661893487014e-06, 2.5600e+02, 0.0000e+00, 
 2DIAGNOSTIC,    20, -4.674116950461e-01, 1.581199170632e-06, 2.5600e+02, 0.0000e+00, 
 2DIAGNOSTIC,    21, -4.674116821174e-01, 1.508385854256e-06, 2.5600e+02, 0.0000e+00, 
 2DIAGNOSTIC,    22, -4.674116827272e-01, 1.442639262147e-06, 2.5600e+02, 0.0000e+00, 
 2DIAGNOSTIC,    23, -4.674116819372e-01, 1.379718605921e-06, 2.5600e+02, 0.0000e+00, 
 2DIAGNOSTIC,    24, -4.674116598056e-01, 1.321585217741e-06, 2.5600e+02, 0.0000e+00, 
 2DIAGNOSTIC,    25, -4.674116599185e-01, 1.268280589786e-06, 2.5600e+02, 0.0000e+00, 
 2DIAGNOSTIC,    26, -4.674116598716e-01, 1.219214705681e-06, 2.5600e+02, 0.0000e+00, 
 2DIAGNOSTIC,    27, -4.674116609053e-01, 1.173955427848e-06, 2.5600e+02, 0.0000e+00, 
 2DIAGNOSTIC,    28, -4.674117033938e-01, 1.133073638186e-06, 2.5600e+02, 0.0000e+00, 
 2DIAGNOSTIC,    29, -4.674117021329e-01, 1.095087644370e-06, 2.5600e+02, 0.0000e+00, 
 2DIAGNOSTIC,    30, -4.674117038539e-01, 1.059682907811e-06, 2.5600e+02, 0.0000e+00, 
 2DIAGNOSTIC,    31, -4.674117041394e-01, 1.026214909342e-06, 2.5600e+02, 0.0000e+00, 
  Elapsed time (stage 0): 2.5600e+02


Total elapsed time: 2.5600e+02
Info [verificarlo]: loaded backend libinterflop_ieee.so
Info [interflop-ieee]: load backend with:
Info [interflop-ieee]: debug = false
Info [interflop-ieee]: debug-binary = false
Info [interflop-ieee]: no-backend-name = false
Info [interflop-ieee]: print-new-line = false
Info [interflop-ieee]: print-subnormal-normalized = false
Info [interflop-ieee]: count-op = false
All_Command_lines_OK
Using double precision for computations.
=============================================================================
The composite transform comprises the following transforms (in order): 
  1. /home/mdugre/scratch/mri-registration-rp/datasets/ds004513/derivatives/mri-registration-rp/0100/antsRegistration-r7-p22/sub-s035/rigid_Composite.h5[0] (type = Euler3DTransform)
  2. /home/mdugre/scratch/mri-registration-rp/datasets/ds004513/derivatives/mri-registration-rp/0100/antsRegistration-r7-p22/sub-s035/rigid_Composite.h5[1] (type = Euler3DTransform)
  3. /home/mdugre/scratch/mri-registration-rp/datasets/ds004513/derivatives/mri-registration-rp/0100/antsRegistration-r7-p22/sub-s035/rigid_Composite.h5[2] (type = Euler3DTransform)
=============================================================================
  number of levels = 4
  fixed image: /templateflow/tpl-MNI152NLin2009cAsym/tpl-MNI152NLin2009cAsym_res-01_desc-brain_T1w.nii.gz
  moving image: /home/mdugre/scratch/mri-registration-rp/datasets/ds004513/derivatives/mri-registration-rp/antsBrainExtraction/sub-s035/BrainExtractionBrain.nii.gz
Dimension = 3
Number of stages = 1
Use histogram matching = false
Winsorize image intensities = true
  Lower quantile = 0.005
  Upper quantile = 0.995


Stage 1 State
   Image metric = MattesMI
     Fixed image = Image (0x499b7e0)
  RTTI typeinfo:   itk::Image<double, 3u>
  Reference Count: 2
  Modified Time: 1592
  Debug: Off
  Object Name: 
  Observers: 
    none
  Source: (none)
  Source output name: (none)
  Release Data: Off
  Data Released: False
  Global Release Data: Off
  PipelineMTime: 0
  UpdateMTime: 1203
  RealTimeStamp: 0 seconds 
  LargestPossibleRegion: 
    Dimension: 3
    Index: [0, 0, 0]
    Size: [193, 229, 193]
  BufferedRegion: 
    Dimension: 3
    Index: [0, 0, 0]
    Size: [193, 229, 193]
  RequestedRegion: 
    Dimension: 3
    Index: [0, 0, 0]
    Size: [193, 229, 193]
  Spacing: [1, 1, 1]
  Origin: [96, 132, -78]
  Direction: 
-1 0 0
0 -1 0
0 0 1

  IndexToPointMatrix: 
-1 0 0
0 -1 0
0 0 1

  PointToIndexMatrix: 
-1 0 0
0 -1 0
0 0 1

  Inverse Direction: 
-1 0 0
0 -1 0
0 0 1

  PixelContainer: 
    ImportImageContainer (0x4a66880)
      RTTI typeinfo:   itk::ImportImageContainer<unsigned long, double>
      Reference Count: 1
      Modified Time: 1200
      Debug: Off
      Object Name: 
      Observers: 
        none
      Pointer: 0x153d5022b010
      Container manages memory: true
      Size: 8530021
      Capacity: 8530021

     Moving image = Image (0x4a57050)
  RTTI typeinfo:   itk::Image<double, 3u>
  Reference Count: 2
  Modified Time: 1593
  Debug: Off
  Object Name: 
  Observers: 
    none
  Source: (none)
  Source output name: (none)
  Release Data: Off
  Data Released: False
  Global Release Data: Off
  PipelineMTime: 0
  UpdateMTime: 1590
  RealTimeStamp: 0 seconds 
  LargestPossibleRegion: 
    Dimension: 3
    Index: [0, 0, 0]
    Size: [160, 240, 256]
  BufferedRegion: 
    Dimension: 3
    Index: [0, 0, 0]
    Size: [160, 240, 256]
  RequestedRegion: 
    Dimension: 3
    Index: [0, 0, 0]
    Size: [160, 240, 256]
  Spacing: [1, 1, 1]
  Origin: [98.6438, 87.6358, -117.989]
  Direction: 
-0.993515 -0.100993 -0.0522355
0.100854 -0.994887 0.00530255
-0.0525039 1.93537e-08 0.998621

  IndexToPointMatrix: 
-0.993515 -0.100993 -0.0522355
0.100854 -0.994887 0.00530255
-0.0525039 1.93537e-08 0.998621

  PointToIndexMatrix: 
-0.993515 0.100854 -0.0525039
-0.100993 -0.994887 1.93006e-08
-0.0522355 0.00530255 0.998621

  Inverse Direction: 
-0.993515 0.100854 -0.0525039
-0.100993 -0.994887 1.93006e-08
-0.0522355 0.00530255 0.998621

  PixelContainer: 
    ImportImageContainer (0x4b0a690)
      RTTI typeinfo:   itk::ImportImageContainer<unsigned long, double>
      Reference Count: 1
      Modified Time: 1587
      Debug: Off
      Object Name: 
      Observers: 
        none
      Pointer: 0x153d4b72a010
      Container manages memory: true
      Size: 9830400
      Capacity: 9830400

     Weighting = 1
     Sampling strategy = regular
     Number of bins = 32
     Radius = 4
     Sampling percentage  = 0.25
   Transform = Affine
     Gradient step = 0.1
     Update field sigma (voxel space) = 0
     Total field sigma (voxel space) = 0
     Update field time sigma = 0
     Total field time sigma  = 0
     Number of time indices = 0
     Number of time point samples = 0
Registration using 1 total stages.

Stage 0
  iterations = 1000x500x250x100
  convergence threshold = 1e-06
  convergence window size = 10
  number of levels = 4
  using the Mattes MI metric (number of bins = 32, weight = 1, use gradient filter = 0)
  preprocessing:  winsorizing the image intensities
  Shrink factors (level 1 out of 4): [8, 8, 8]
  Shrink factors (level 2 out of 4): [4, 4, 4]
  Shrink factors (level 3 out of 4): [2, 2, 2]
  Shrink factors (level 4 out of 4): [1, 1, 1]
  smoothing sigmas per level: [3, 2, 1, 0]
  regular sampling (percentage = 0.25)

*** Running AffineTransform registration ***

DIAGNOSTIC,Iteration,metricValue,convergenceValue,ITERATION_TIME_INDEX,SINCE_LAST
 2DIAGNOSTIC,     1, -6.766099067844e-01, 1.797693134862e+308, 7.4532e-01, 7.4532e-01, 
 2DIAGNOSTIC,     2, -6.787421450019e-01, 1.797693134862e+308, 7.5105e-01, 5.7321e-03, 
 2DIAGNOSTIC,     3, -6.824016846010e-01, 1.797693134862e+308, 7.5586e-01, 4.8130e-03, 
 2DIAGNOSTIC,     4, -6.892389969940e-01, 1.797693134862e+308, 7.6053e-01, 4.6642e-03, 
 2DIAGNOSTIC,     5, -7.005449932372e-01, 1.797693134862e+308, 7.6522e-01, 4.6899e-03, 
 2DIAGNOSTIC,     6, -7.122693997468e-01, 1.797693134862e+308, 7.7059e-01, 5.3711e-03, 
 2DIAGNOSTIC,     7, -7.362592877842e-01, 1.797693134862e+308, 7.7909e-01, 8.5061e-03, 
 2DIAGNOSTIC,     8, -7.364344119298e-01, 1.797693134862e+308, 7.8432e-01, 5.2319e-03, 
 2DIAGNOSTIC,     9, -7.369107956609e-01, 1.797693134862e+308, 7.8946e-01, 5.1348e-03, 
 2DIAGNOSTIC,    10, -7.370610354592e-01, 6.945229439391e-03, 7.9487e-01, 5.4121e-03, 
 2DIAGNOSTIC,    11, -7.372286934062e-01, 5.830757210211e-03, 8.0023e-01, 5.3630e-03, 
 2DIAGNOSTIC,    12, -7.375141597026e-01, 4.458009750808e-03, 8.0502e-01, 4.7889e-03, 
 2DIAGNOSTIC,    13, -7.376734484138e-01, 3.019458957296e-03, 8.1084e-01, 5.8210e-03, 
 2DIAGNOSTIC,    14, -7.377320413489e-01, 1.719908514543e-03, 8.1607e-01, 5.2290e-03, 
 2DIAGNOSTIC,    15, -7.376572208568e-01, 7.369206097551e-04, 8.2138e-01, 5.3110e-03, 
 2DIAGNOSTIC,    16, -7.376514026310e-01, 8.523771573955e-05, 8.2682e-01, 5.4331e-03, 
 2DIAGNOSTIC,    17, -7.376591663932e-01, 6.111706921690e-05, 8.3323e-01, 6.4130e-03, 
 2DIAGNOSTIC,    18, -7.377306266440e-01, 3.935079668676e-05, 8.3856e-01, 5.3341e-03, 
 2DIAGNOSTIC,    19, -7.375624895740e-01, 2.281255850858e-05, 8.4329e-01, 4.7300e-03, 
 2DIAGNOSTIC,    20, -7.376358972800e-01, 1.055616183342e-05, 8.4861e-01, 5.3182e-03, 
 2DIAGNOSTIC,    21, -7.376977724390e-01, 2.801507186449e-06, 8.5339e-01, 4.7779e-03, 
DIAGNOSTIC,Iteration,metricValue,convergenceValue,ITERATION_TIME_INDEX,SINCE_LAST
 2DIAGNOSTIC,     1, -6.044000433447e-01, 1.797693134862e+308, 1.5656e+00, 7.1225e-01, 
 2DIAGNOSTIC,     2, -6.055540310518e-01, 1.797693134862e+308, 1.6020e+00, 3.6359e-02, 
 2DIAGNOSTIC,     3, -6.071728699050e-01, 1.797693134862e+308, 1.6395e+00, 3.7462e-02, 
 2DIAGNOSTIC,     4, -6.086364075643e-01, 1.797693134862e+308, 1.6753e+00, 3.5884e-02, 
 2DIAGNOSTIC,     5, -6.095364681127e-01, 1.797693134862e+308, 1.7150e+00, 3.9689e-02, 
 2DIAGNOSTIC,     6, -6.099799373852e-01, 1.797693134862e+308, 1.7504e+00, 3.5365e-02, 
 2DIAGNOSTIC,     7, -6.103288941855e-01, 1.797693134862e+308, 1.7953e+00, 4.4875e-02, 
 2DIAGNOSTIC,     8, -6.104276352647e-01, 1.797693134862e+308, 1.8364e+00, 4.1171e-02, 
 2DIAGNOSTIC,     9, -6.106856282129e-01, 1.797693134862e+308, 1.8814e+00, 4.4937e-02, 
 2DIAGNOSTIC,    10, -6.107411985979e-01, 6.555391972156e-04, 1.9249e+00, 4.3491e-02, 
 2DIAGNOSTIC,    11, -6.107191000815e-01, 4.354730077232e-04, 1.9725e+00, 4.7622e-02, 
 2DIAGNOSTIC,    12, -6.107168278297e-01, 2.575496335296e-04, 2.0107e+00, 3.8159e-02, 
 2DIAGNOSTIC,    13, -6.107063180401e-01, 1.408019526601e-04, 2.0596e+00, 4.8938e-02, 
 2DIAGNOSTIC,    14, -6.107058824220e-01, 7.629474353711e-05, 2.0990e+00, 3.9429e-02, 
 2DIAGNOSTIC,    15, -6.106944861932e-01, 4.100484573710e-05, 2.1425e+00, 4.3441e-02, 
 2DIAGNOSTIC,    16, -6.106879404278e-01, 1.917916762989e-05, 2.1829e+00, 4.0480e-02, 
 2DIAGNOSTIC,    17, -6.106810016930e-01, 7.762615240978e-06, 2.2189e+00, 3.6008e-02, 
DIAGNOSTIC,Iteration,metricValue,convergenceValue,ITERATION_TIME_INDEX,SINCE_LAST
 2DIAGNOSTIC,     1, -5.343428009047e-01, 1.797693134862e+308, 3.3260e+00, 1.1071e+00, 
 2DIAGNOSTIC,     2, -5.347917410772e-01, 1.797693134862e+308, 3.6213e+00, 2.9528e-01, 
 2DIAGNOSTIC,     3, -5.350952062682e-01, 1.797693134862e+308, 3.9060e+00, 2.8466e-01, 
 2DIAGNOSTIC,     4, -5.352100734032e-01, 1.797693134862e+308, 4.1905e+00, 2.8454e-01, 
 2DIAGNOSTIC,     5, -5.353567176135e-01, 1.797693134862e+308, 4.4590e+00, 2.6842e-01, 
 2DIAGNOSTIC,     6, -5.355673067342e-01, 1.797693134862e+308, 4.8355e+00, 3.7652e-01, 
 2DIAGNOSTIC,     7, -5.359451624853e-01, 1.797693134862e+308, 5.3820e+00, 5.4650e-01, 
 2DIAGNOSTIC,     8, -5.359466212555e-01, 1.797693134862e+308, 5.6839e+00, 3.0195e-01, 
 2DIAGNOSTIC,     9, -5.359528671332e-01, 1.797693134862e+308, 5.9935e+00, 3.0961e-01, 
 2DIAGNOSTIC,    10, -5.359615590942e-01, 1.947466694957e-04, 6.3140e+00, 3.2051e-01, 
 2DIAGNOSTIC,    11, -5.359705954407e-01, 1.377599978871e-04, 6.6187e+00, 3.0462e-01, 
 2DIAGNOSTIC,    12, -5.359709161517e-01, 9.752004134188e-05, 6.9422e+00, 3.2355e-01, 
 2DIAGNOSTIC,    13, -5.359703846930e-01, 6.730506448957e-05, 7.2117e+00, 2.6952e-01, 
 2DIAGNOSTIC,    14, -5.359779431900e-01, 4.033099220527e-05, 7.5137e+00, 3.0200e-01, 
 2DIAGNOSTIC,    15, -5.359936649911e-01, 1.915897664517e-05, 7.8274e+00, 3.1365e-01, 
 2DIAGNOSTIC,    16, -5.360116319547e-01, 6.278867987278e-06, 8.0859e+00, 2.5855e-01, 
 2DIAGNOSTIC,    17, -5.360483705456e-01, 7.458095146615e-06, 8.3555e+00, 2.6955e-01, 
 2DIAGNOSTIC,    18, -5.360887819996e-01, 9.208794610444e-06, 8.6262e+00, 2.7069e-01, 
 2DIAGNOSTIC,    19, -5.361434583587e-01, 1.176597700677e-05, 8.9187e+00, 2.9253e-01, 
 2DIAGNOSTIC,    20, -5.362404922969e-01, 1.590456534122e-05, 9.2657e+00, 3.4696e-01, 
 2DIAGNOSTIC,    21, -5.362518824705e-01, 1.878458458767e-05, 9.5731e+00, 3.0748e-01, 
 2DIAGNOSTIC,    22, -5.362820305974e-01, 2.055517257166e-05, 9.9122e+00, 3.3910e-01, 
 2DIAGNOSTIC,    23, -5.363036403393e-01, 2.087223452853e-05, 1.0315e+01, 4.0289e-01, 
 2DIAGNOSTIC,    24, -5.362983349015e-01, 1.936065377055e-05, 1.0738e+01, 4.2287e-01, 
 2DIAGNOSTIC,    25, -5.362988133529e-01, 1.661204555924e-05, 1.1109e+01, 3.7061e-01, 
 2DIAGNOSTIC,    26, -5.362983765225e-01, 1.298861527445e-05, 1.1435e+01, 3.2667e-01, 
 2DIAGNOSTIC,    27, -5.362968724506e-01, 9.225366835557e-06, 1.1766e+01, 3.3044e-01, 
 2DIAGNOSTIC,    28, -5.362944478846e-01, 5.679895392220e-06, 1.2118e+01, 3.5193e-01, 
 2DIAGNOSTIC,    29, -5.362938168869e-01, 2.899972390419e-06, 1.2438e+01, 3.1996e-01, 
 2DIAGNOSTIC,    30, -5.362924344069e-01, 1.832472591889e-06, 1.2789e+01, 3.5140e-01, 
DIAGNOSTIC,Iteration,metricValue,convergenceValue,ITERATION_TIME_INDEX,SINCE_LAST
 2DIAGNOSTIC,     1, -4.910232747695e-01, 1.797693134862e+308, 1.5906e+01, 3.1167e+00, 
 2DIAGNOSTIC,     2, -4.913845276738e-01, 1.797693134862e+308, 1.7907e+01, 2.0010e+00, 
 2DIAGNOSTIC,     3, -4.917102722801e-01, 1.797693134862e+308, 1.9712e+01, 1.8050e+00, 
 2DIAGNOSTIC,     4, -4.920087861882e-01, 1.797693134862e+308, 2.1543e+01, 1.8316e+00, 
 2DIAGNOSTIC,     5, -4.923669619173e-01, 1.797693134862e+308, 2.3319e+01, 1.7755e+00, 
 2DIAGNOSTIC,     6, -4.931262426447e-01, 1.797693134862e+308, 2.6829e+01, 3.5100e+00, 
 2DIAGNOSTIC,     7, -4.931235873508e-01, 1.797693134862e+308, 2.9031e+01, 2.2020e+00, 
 2DIAGNOSTIC,     8, -4.931219638782e-01, 1.797693134862e+308, 3.1971e+01, 2.9397e+00, 
 2DIAGNOSTIC,     9, -4.931216883372e-01, 1.797693134862e+308, 3.4671e+01, 2.7000e+00, 
 2DIAGNOSTIC,    10, -4.931214816474e-01, 3.063681054405e-04, 3.6923e+01, 2.2526e+00, 
 2DIAGNOSTIC,    11, -4.931213677612e-01, 2.181575373587e-04, 3.9030e+01, 2.1069e+00, 
 2DIAGNOSTIC,    12, -4.931212162242e-01, 1.426012546782e-04, 4.0989e+01, 1.9593e+00, 
 2DIAGNOSTIC,    13, -4.931211871289e-01, 8.086666061947e-05, 4.3191e+01, 2.2021e+00, 
 2DIAGNOSTIC,    14, -4.931207531288e-01, 3.307494200254e-05, 4.5322e+01, 2.1302e+00, 
 2DIAGNOSTIC,    15, -4.931208677745e-01, 1.790586474704e-06, 4.7553e+01, 2.2316e+00, 
 2DIAGNOSTIC,    16, -4.931207221322e-01, 1.822548484645e-06, 4.9805e+01, 2.2514e+00, 
 2DIAGNOSTIC,    17, -4.931206666908e-01, 1.775579946725e-06, 5.2007e+01, 2.2024e+00, 
 2DIAGNOSTIC,    18, -4.931206343333e-01, 1.690004754827e-06, 5.4026e+01, 2.0185e+00, 
 2DIAGNOSTIC,    19, -4.931205069949e-01, 1.608711399897e-06, 5.5897e+01, 1.8712e+00, 
 2DIAGNOSTIC,    20, -4.931205285314e-01, 1.536520126529e-06, 5.7939e+01, 2.0425e+00, 
 2DIAGNOSTIC,    21, -4.931204706565e-01, 1.471529620857e-06, 5.9962e+01, 2.0224e+00, 
 2DIAGNOSTIC,    22, -4.931204126644e-01, 1.411063071340e-06, 6.1932e+01, 1.9701e+00, 
 2DIAGNOSTIC,    23, -4.931203767411e-01, 1.357926920340e-06, 6.3735e+01, 1.8037e+00, 
 2DIAGNOSTIC,    24, -4.931205016937e-01, 1.304125198415e-06, 6.5635e+01, 1.8991e+00, 
 2DIAGNOSTIC,    25, -4.931205822929e-01, 1.261169628071e-06, 6.7626e+01, 1.9912e+00, 
 2DIAGNOSTIC,    26, -4.931205436873e-01, 1.218532998705e-06, 6.9317e+01, 1.6912e+00, 
 2DIAGNOSTIC,    27, -4.931205539573e-01, 1.178730054736e-06, 7.1015e+01, 1.6982e+00, 
 2DIAGNOSTIC,    28, -4.931203172972e-01, 1.136315480356e-06, 7.2871e+01, 1.8557e+00, 
 2DIAGNOSTIC,    29, -4.931199158790e-01, 1.086380180662e-06, 7.5279e+01, 2.4079e+00, 
 2DIAGNOSTIC,    30, -4.931197763590e-01, 1.038697300976e-06, 7.7559e+01, 2.2797e+00, 
  Elapsed time (stage 0): 7.8669e+01


Total elapsed time: 7.8671e+01
Info [verificarlo]: loaded backend libinterflop_ieee.so
Info [interflop-ieee]: load backend with:
Info [interflop-ieee]: debug = false
Info [interflop-ieee]: debug-binary = false
Info [interflop-ieee]: no-backend-name = false
Info [interflop-ieee]: print-new-line = false
Info [interflop-ieee]: print-subnormal-normalized = false
Info [interflop-ieee]: count-op = false
All_Command_lines_OK
Using double precision for computations.
=============================================================================
