
##########################
# Experiment information #
##########################

EXPERIMENT_NAME: antsRegistration-r8-p20
VFC_BACKENDS: libinterflop_vprec.so --range-binary32=8 --precision-binary32=20 --range-binary64=8 --precision-binary64=20

SIF_IMG: /home/mdugre/projects/rrg-glatard/mdugre/containers/ants-vprec-no_metrics.simg

SUBJECT_ID: s032
INPUT_IMG: /home/mdugre/scratch/mri-registration-rp/datasets/ds004513/derivatives/mri-registration-rp/antsBrainExtraction/sub-s032/BrainExtractionBrain.nii.gz
OUTPUT_DIR: /home/mdugre/scratch/mri-registration-rp/datasets/ds004513/derivatives/mri-registration-rp/0100/antsRegistration-r8-p20/sub-s032

FIXED_IMG: /templateflow/tpl-MNI152NLin2009cAsym/tpl-MNI152NLin2009cAsym_res-01_desc-brain_T1w.nii.gz
DATA_DIR: /home/mdugre/scratch/mri-registration-rp/datasets/ds004513
TEMPLATEFLOW_DIR: /home/mdugre/projects/rrg-glatard/mdugre/templateflow
ITK_GLOBAL_DEFAULT_NUMBER_OF_THREADS: 16
##########################

Info [verificarlo]: loaded backend libinterflop_ieee.so
Info [interflop-ieee]: load backend with:
Info [interflop-ieee]: debug = false
Info [interflop-ieee]: debug-binary = false
Info [interflop-ieee]: no-backend-name = false
Info [interflop-ieee]: print-new-line = false
Info [interflop-ieee]: print-subnormal-normalized = false
Info [interflop-ieee]: count-op = false
All_Command_lines_OK
Using double precision for computations.
=============================================================================
The composite transform comprises the following transforms (in order): 
  1. Center of mass alignment using fixed image: /templateflow/tpl-MNI152NLin2009cAsym/tpl-MNI152NLin2009cAsym_res-01_desc-brain_T1w.nii.gz and moving image: /home/mdugre/scratch/mri-registration-rp/datasets/ds004513/derivatives/mri-registration-rp/antsBrainExtraction/sub-s032/BrainExtractionBrain.nii.gz (type = Euler3DTransform)
=============================================================================
  number of levels = 1
  fixed image: /templateflow/tpl-MNI152NLin2009cAsym/tpl-MNI152NLin2009cAsym_res-01_desc-brain_T1w.nii.gz
  moving image: /home/mdugre/scratch/mri-registration-rp/datasets/ds004513/derivatives/mri-registration-rp/antsBrainExtraction/sub-s032/BrainExtractionBrain.nii.gz
Dimension = 3
Number of stages = 1
Use histogram matching = false
Winsorize image intensities = true
  Lower quantile = 0.005
  Upper quantile = 0.995


Stage 1 State
   Image metric = MattesMI
     Fixed image = Image (0x4677e70)
  RTTI typeinfo:   itk::Image<double, 3u>
  Reference Count: 2
  Modified Time: 2330
  Debug: Off
  Object Name: 
  Observers: 
    none
  Source: (none)
  Source output name: (none)
  Release Data: Off
  Data Released: False
  Global Release Data: Off
  PipelineMTime: 0
  UpdateMTime: 1941
  RealTimeStamp: 0 seconds 
  LargestPossibleRegion: 
    Dimension: 3
    Index: [0, 0, 0]
    Size: [193, 229, 193]
  BufferedRegion: 
    Dimension: 3
    Index: [0, 0, 0]
    Size: [193, 229, 193]
  RequestedRegion: 
    Dimension: 3
    Index: [0, 0, 0]
    Size: [193, 229, 193]
  Spacing: [1, 1, 1]
  Origin: [96, 132, -78]
  Direction: 
-1 0 0
0 -1 0
0 0 1

  IndexToPointMatrix: 
-1 0 0
0 -1 0
0 0 1

  PointToIndexMatrix: 
-1 0 0
0 -1 0
0 0 1

  Inverse Direction: 
-1 0 0
0 -1 0
0 0 1

  PixelContainer: 
    ImportImageContainer (0x4680c60)
      RTTI typeinfo:   itk::ImportImageContainer<unsigned long, double>
      Reference Count: 1
      Modified Time: 1938
      Debug: Off
      Object Name: 
      Observers: 
        none
      Pointer: 0x150bea27e010
      Container manages memory: true
      Size: 8530021
      Capacity: 8530021

     Moving image = Image (0x4714ec0)
  RTTI typeinfo:   itk::Image<double, 3u>
  Reference Count: 2
  Modified Time: 2331
  Debug: Off
  Object Name: 
  Observers: 
    none
  Source: (none)
  Source output name: (none)
  Release Data: Off
  Data Released: False
  Global Release Data: Off
  PipelineMTime: 0
  UpdateMTime: 2328
  RealTimeStamp: 0 seconds 
  LargestPossibleRegion: 
    Dimension: 3
    Index: [0, 0, 0]
    Size: [160, 240, 256]
  BufferedRegion: 
    Dimension: 3
    Index: [0, 0, 0]
    Size: [160, 240, 256]
  RequestedRegion: 
    Dimension: 3
    Index: [0, 0, 0]
    Size: [160, 240, 256]
  Spacing: [1, 1, 1]
  Origin: [73.279, 104.707, -131.187]
  Direction: 
-0.997527 0.0645574 -0.0278053
-0.0645323 -0.997914 -0.00179875
-0.0278634 4.01097e-08 0.999612

  IndexToPointMatrix: 
-0.997527 0.0645574 -0.0278053
-0.0645323 -0.997914 -0.00179875
-0.0278634 4.01097e-08 0.999612

  PointToIndexMatrix: 
-0.997527 -0.0645323 -0.0278634
0.0645574 -0.997914 4.01049e-08
-0.0278053 -0.00179875 0.999612

  Inverse Direction: 
-0.997527 -0.0645323 -0.0278634
0.0645574 -0.997914 4.01049e-08
-0.0278053 -0.00179875 0.999612

  PixelContainer: 
    ImportImageContainer (0x47ac610)
      RTTI typeinfo:   itk::ImportImageContainer<unsigned long, double>
      Reference Count: 1
      Modified Time: 2325
      Debug: Off
      Object Name: 
      Observers: 
        none
      Pointer: 0x150be577d010
      Container manages memory: true
      Size: 9830400
      Capacity: 9830400

     Weighting = 1
     Sampling strategy = regular
     Number of bins = 32
     Radius = 4
     Sampling percentage  = 0.25
   Transform = Rigid
     Gradient step = 0.1
     Update field sigma (voxel space) = 0
     Total field sigma (voxel space) = 0
     Update field time sigma = 0
     Total field time sigma  = 0
     Number of time indices = 0
     Number of time point samples = 0
Registration using 1 total stages.

Stage 0
  iterations = 0
  convergence threshold = 1e-06
  convergence window size = 10
  number of levels = 1
  using the Mattes MI metric (number of bins = 32, weight = 1, use gradient filter = 0)
  preprocessing:  winsorizing the image intensities
  Shrink factors (level 1 out of 1): [1, 1, 1]
  smoothing sigmas per level: [0]
  regular sampling (percentage = 0.25)

*** Running Euler3DTransform registration ***

  Elapsed time (stage 0): 1.07648


Total elapsed time: 1.07861
Info [verificarlo]: loaded backend libinterflop_vprec.so
Info [interflop-vprec]: load backend with: 
Info [interflop-vprec]: precision-binary32 = 20
Info [interflop-vprec]: range-binary32 = 8
Info [interflop-vprec]: precision-binary64 = 20
Info [interflop-vprec]: range-binary64 = 8
Info [interflop-vprec]: mode = ob
Info [interflop-vprec]: error-mode = rel
Info [interflop-vprec]: max-abs-error-exponent = -1022
Info [interflop-vprec]: daz = false
Info [interflop-vprec]: ftz = false
Info [interflop-vprec]: 	instrument = none
Info [interflop-vprec]: 	prec-input-file = (null)
Info [interflop-vprec]: 	prec-output-file = (null)
Info [interflop-vprec]: 	prec-log-file = (null)
All_Command_lines_OK
Using double precision for computations.
=============================================================================
The composite transform comprises the following transforms (in order): 
  1. /home/mdugre/scratch/mri-registration-rp/datasets/ds004513/derivatives/mri-registration-rp/0100/antsRegistration-r8-p20/sub-s032/align_Composite.h5[0] (type = Euler3DTransform)
  2. /home/mdugre/scratch/mri-registration-rp/datasets/ds004513/derivatives/mri-registration-rp/0100/antsRegistration-r8-p20/sub-s032/align_Composite.h5[1] (type = Euler3DTransform)
=============================================================================
  number of levels = 4
  fixed image: /templateflow/tpl-MNI152NLin2009cAsym/tpl-MNI152NLin2009cAsym_res-01_desc-brain_T1w.nii.gz
  moving image: /home/mdugre/scratch/mri-registration-rp/datasets/ds004513/derivatives/mri-registration-rp/antsBrainExtraction/sub-s032/BrainExtractionBrain.nii.gz
Dimension = 3
Number of stages = 1
Use histogram matching = false
Winsorize image intensities = true
  Lower quantile = 0.005
  Upper quantile = 0.995


Stage 1 State
   Image metric = MattesMI
     Fixed image = Image (0x4ac41e0)
  RTTI typeinfo:   itk::Image<double, 3u>
  Reference Count: 2
  Modified Time: 1578
  Debug: Off
  Object Name: 
  Observers: 
    none
  Source: (none)
  Source output name: (none)
  Release Data: Off
  Data Released: False
  Global Release Data: Off
  PipelineMTime: 0
  UpdateMTime: 1189
  RealTimeStamp: 0 seconds 
  LargestPossibleRegion: 
    Dimension: 3
    Index: [0, 0, 0]
    Size: [193, 229, 193]
  BufferedRegion: 
    Dimension: 3
    Index: [0, 0, 0]
    Size: [193, 229, 193]
  RequestedRegion: 
    Dimension: 3
    Index: [0, 0, 0]
    Size: [193, 229, 193]
  Spacing: [1, 1, 1]
  Origin: [96, 132, -78]
  Direction: 
-1 0 0
0 -1 0
0 0 1

  IndexToPointMatrix: 
-1 0 0
0 -1 0
0 0 1

  PointToIndexMatrix: 
-1 0 0
0 -1 0
0 0 1

  Inverse Direction: 
-1 0 0
0 -1 0
0 0 1

  PixelContainer: 
    ImportImageContainer (0x4b83680)
      RTTI typeinfo:   itk::ImportImageContainer<unsigned long, double>
      Reference Count: 1
      Modified Time: 1186
      Debug: Off
      Object Name: 
      Observers: 
        none
      Pointer: 0x14f415977010
      Container manages memory: true
      Size: 8530021
      Capacity: 8530021

     Moving image = Image (0x4b7fb20)
  RTTI typeinfo:   itk::Image<double, 3u>
  Reference Count: 2
  Modified Time: 1579
  Debug: Off
  Object Name: 
  Observers: 
    none
  Source: (none)
  Source output name: (none)
  Release Data: Off
  Data Released: False
  Global Release Data: Off
  PipelineMTime: 0
  UpdateMTime: 1576
  RealTimeStamp: 0 seconds 
  LargestPossibleRegion: 
    Dimension: 3
    Index: [0, 0, 0]
    Size: [160, 240, 256]
  BufferedRegion: 
    Dimension: 3
    Index: [0, 0, 0]
    Size: [160, 240, 256]
  RequestedRegion: 
    Dimension: 3
    Index: [0, 0, 0]
    Size: [160, 240, 256]
  Spacing: [1, 1, 1]
  Origin: [73.2791, 104.707, -131.187]
  Direction: 
-0.997527 0.0645574 -0.0278053
-0.0645323 -0.997914 -0.00179875
-0.0278634 4.01097e-08 0.999612

  IndexToPointMatrix: 
-0.997527 0.0645574 -0.0278053
-0.0645323 -0.997914 -0.00179875
-0.0278634 4.01097e-08 0.999612

  PointToIndexMatrix: 
-0.997526 -0.0645323 -0.0278634
0.0645574 -0.997914 4.00469e-08
-0.0278053 -0.00179875 0.999612

  Inverse Direction: 
-0.997526 -0.0645323 -0.0278634
0.0645574 -0.997914 4.00469e-08
-0.0278053 -0.00179875 0.999612

  PixelContainer: 
    ImportImageContainer (0x4be8d50)
      RTTI typeinfo:   itk::ImportImageContainer<unsigned long, double>
      Reference Count: 1
      Modified Time: 1573
      Debug: Off
      Object Name: 
      Observers: 
        none
      Pointer: 0x14f410e76010
      Container manages memory: true
      Size: 9830400
      Capacity: 9830400

     Weighting = 1
     Sampling strategy = regular
     Number of bins = 32
     Radius = 4
     Sampling percentage  = 0.25
   Transform = Rigid
     Gradient step = 0.1
     Update field sigma (voxel space) = 0
     Total field sigma (voxel space) = 0
     Update field time sigma = 0
     Total field time sigma  = 0
     Number of time indices = 0
     Number of time point samples = 0
Registration using 1 total stages.

Stage 0
  iterations = 1000x500x250x100
  convergence threshold = 1e-06
  convergence window size = 10
  number of levels = 4
  using the Mattes MI metric (number of bins = 32, weight = 1, use gradient filter = 0)
  preprocessing:  winsorizing the image intensities
  Shrink factors (level 1 out of 4): [8, 8, 8]
  Shrink factors (level 2 out of 4): [4, 4, 4]
  Shrink factors (level 3 out of 4): [2, 2, 2]
  Shrink factors (level 4 out of 4): [1, 1, 1]
  smoothing sigmas per level: [3, 2, 1, 0]
  regular sampling (percentage = 0.25)

*** Running Euler3DTransform registration ***

DIAGNOSTIC,Iteration,metricValue,convergenceValue,ITERATION_TIME_INDEX,SINCE_LAST
 2DIAGNOSTIC,     1, -5.480491500392e-01, 1.797693134862e+308, 0.0000e+00, 0.0000e+00, 
 2DIAGNOSTIC,     2, -5.506893811187e-01, 1.797693134862e+308, 0.0000e+00, 0.0000e+00, 
 2DIAGNOSTIC,     3, -5.546706345732e-01, 1.797693134862e+308, 0.0000e+00, 0.0000e+00, 
 2DIAGNOSTIC,     4, -5.607200997171e-01, 1.797693134862e+308, 0.0000e+00, 0.0000e+00, 
 2DIAGNOSTIC,     5, -5.694172096669e-01, 1.797693134862e+308, 0.0000e+00, 0.0000e+00, 
 2DIAGNOSTIC,     6, -5.855908215141e-01, 1.797693134862e+308, 0.0000e+00, 0.0000e+00, 
 2DIAGNOSTIC,     7, -6.234314675381e-01, 1.797693134862e+308, 0.0000e+00, 0.0000e+00, 
 2DIAGNOSTIC,     8, -6.299058095453e-01, 1.797693134862e+308, 0.0000e+00, 0.0000e+00, 
 2DIAGNOSTIC,     9, -6.363717025982e-01, 1.797693134862e+308, 0.0000e+00, 0.0000e+00, 
 2DIAGNOSTIC,    10, -6.369613652500e-01, 1.198397952412e-02, 0.0000e+00, 0.0000e+00, 
 2DIAGNOSTIC,    11, -6.393828469312e-01, 1.079658597405e-02, 0.0000e+00, 0.0000e+00, 
 2DIAGNOSTIC,    12, -6.419068682315e-01, 9.037584441504e-03, 0.0000e+00, 0.0000e+00, 
 2DIAGNOSTIC,    13, -6.430160051853e-01, 6.936107066636e-03, 0.0000e+00, 0.0000e+00, 
 2DIAGNOSTIC,    14, -6.440575955043e-01, 4.780461472857e-03, 0.0000e+00, 0.0000e+00, 
 2DIAGNOSTIC,    15, -6.472452960608e-01, 2.867674955419e-03, 0.0000e+00, 0.0000e+00, 
 2DIAGNOSTIC,    16, -6.506218234480e-01, 1.486229864586e-03, 0.0000e+00, 0.0000e+00, 
 2DIAGNOSTIC,    17, -6.526005458824e-01, 1.222618979919e-03, 0.0000e+00, 0.0000e+00, 
 2DIAGNOSTIC,    18, -6.532125680039e-01, 1.056196909201e-03, 0.0000e+00, 0.0000e+00, 
 2DIAGNOSTIC,    19, -6.552670661000e-01, 1.019328670334e-03, 0.0000e+00, 0.0000e+00, 
 2DIAGNOSTIC,    20, -6.562790787878e-01, 9.262624054882e-04, 0.0000e+00, 0.0000e+00, 
 2DIAGNOSTIC,    21, -6.564603118373e-01, 8.109606957783e-04, 0.0000e+00, 0.0000e+00, 
 2DIAGNOSTIC,    22, -6.566726113644e-01, 6.886456037603e-04, 0.0000e+00, 0.0000e+00, 
 2DIAGNOSTIC,    23, -6.569360890437e-01, 5.415724331503e-04, 0.0000e+00, 0.0000e+00, 
 2DIAGNOSTIC,    24, -6.575299361024e-01, 3.866560673741e-04, 0.0000e+00, 0.0000e+00, 
 2DIAGNOSTIC,    25, -6.588733730212e-01, 2.890346162067e-04, 0.0000e+00, 0.0000e+00, 
 2DIAGNOSTIC,    26, -6.592986585175e-01, 2.375909558573e-04, 0.0000e+00, 0.0000e+00, 
 2DIAGNOSTIC,    27, -6.593961319124e-01, 2.032031314156e-04, 0.0000e+00, 0.0000e+00, 
 2DIAGNOSTIC,    28, -6.594649659141e-01, 1.628997763471e-04, 0.0000e+00, 0.0000e+00, 
 2DIAGNOSTIC,    29, -6.596742502706e-01, 1.448850168984e-04, 0.0000e+00, 0.0000e+00, 
 2DIAGNOSTIC,    30, -6.597480260303e-01, 1.303997805274e-04, 0.0000e+00, 0.0000e+00, 
 2DIAGNOSTIC,    31, -6.597433262822e-01, 1.071616882693e-04, 0.0000e+00, 0.0000e+00, 
 2DIAGNOSTIC,    32, -6.597440287339e-01, 7.869463572901e-05, 0.0000e+00, 0.0000e+00, 
 2DIAGNOSTIC,    33, -6.597509985390e-01, 4.840100440029e-05, 0.0000e+00, 0.0000e+00, 
 2DIAGNOSTIC,    34, -6.597589759193e-01, 2.290530009386e-05, 0.0000e+00, 0.0000e+00, 
 2DIAGNOSTIC,    35, -6.597631405405e-01, 1.388928021718e-05, 0.0000e+00, 0.0000e+00, 
 2DIAGNOSTIC,    36, -6.596779011763e-01, 8.395277383794e-06, 0.0000e+00, 0.0000e+00, 
 2DIAGNOSTIC,    37, -6.596894370533e-01, 3.863726653491e-06, 0.0000e+00, 0.0000e+00, 
DIAGNOSTIC,Iteration,metricValue,convergenceValue,ITERATION_TIME_INDEX,SINCE_LAST
 2DIAGNOSTIC,     1, -5.174640494085e-01, 1.797693134862e+308, 0.0000e+00, 0.0000e+00, 
 2DIAGNOSTIC,     2, -5.182428558750e-01, 1.797693134862e+308, 0.0000e+00, 0.0000e+00, 
 2DIAGNOSTIC,     3, -5.192064045912e-01, 1.797693134862e+308, 0.0000e+00, 0.0000e+00, 
 2DIAGNOSTIC,     4, -5.198152723042e-01, 1.797693134862e+308, 0.0000e+00, 0.0000e+00, 
 2DIAGNOSTIC,     5, -5.202558160627e-01, 1.797693134862e+308, 1.0240e+03, 1.0240e+03, 
 2DIAGNOSTIC,     6, -5.208153760247e-01, 1.797693134862e+308, 1.0240e+03, 0.0000e+00, 
 2DIAGNOSTIC,     7, -5.218404730196e-01, 1.797693134862e+308, 1.0240e+03, 0.0000e+00, 
 2DIAGNOSTIC,     8, -5.244915697861e-01, 1.797693134862e+308, 1.0240e+03, 0.0000e+00, 
 2DIAGNOSTIC,     9, -5.248361164878e-01, 1.797693134862e+308, 1.0240e+03, 0.0000e+00, 
 2DIAGNOSTIC,    10, -5.251442235004e-01, 9.950044493433e-04, 1.0240e+03, 0.0000e+00, 
 2DIAGNOSTIC,    11, -5.252852774783e-01, 8.896784914418e-04, 1.0240e+03, 0.0000e+00, 
 2DIAGNOSTIC,    12, -5.269676778221e-01, 8.323355462666e-04, 1.0240e+03, 0.0000e+00, 
 2DIAGNOSTIC,    13, -5.278163016884e-01, 7.808280689713e-04, 1.0240e+03, 0.0000e+00, 
 2DIAGNOSTIC,    14, -5.286038774428e-01, 7.199397754641e-04, 1.0240e+03, 0.0000e+00, 
 2DIAGNOSTIC,    15, -5.318526565430e-01, 7.367810533496e-04, 1.0240e+03, 0.0000e+00, 
 2DIAGNOSTIC,    16, -5.354578532499e-01, 8.225838013885e-04, 1.0240e+03, 0.0000e+00, 
 2DIAGNOSTIC,    17, -5.373112937227e-01, 9.093501252381e-04, 1.0240e+03, 0.0000e+00, 
 2DIAGNOSTIC,    18, -5.418800454385e-01, 1.119318678566e-03, 1.0240e+03, 0.0000e+00, 
 2DIAGNOSTIC,    19, -5.470990763643e-01, 1.358777528254e-03, 1.0240e+03, 0.0000e+00, 
 2DIAGNOSTIC,    20, -5.583117625067e-01, 1.752882280075e-03, 1.0240e+03, 0.0000e+00, 
 2DIAGNOSTIC,    21, -5.594465427393e-01, 1.969754848493e-03, 1.0240e+03, 0.0000e+00, 
 2DIAGNOSTIC,    22, -5.607427099608e-01, 2.058724834498e-03, 1.0240e+03, 0.0000e+00, 
 2DIAGNOSTIC,    23, -5.627017760150e-01, 2.015371423667e-03, 1.0240e+03, 0.0000e+00, 
 2DIAGNOSTIC,    24, -5.646695479025e-01, 1.844100581550e-03, 1.0240e+03, 0.0000e+00, 
 2DIAGNOSTIC,    25, -5.648693463706e-01, 1.582935578269e-03, 1.0240e+03, 0.0000e+00, 
 2DIAGNOSTIC,    26, -5.651848360765e-01, 1.275772392129e-03, 1.0240e+03, 0.0000e+00, 
 2DIAGNOSTIC,    27, -5.657207190851e-01, 9.215568174339e-04, 1.0240e+03, 0.0000e+00, 
 2DIAGNOSTIC,    28, -5.660428395151e-01, 5.984900184042e-04, 1.0240e+03, 0.0000e+00, 
 2DIAGNOSTIC,    29, -5.662493073509e-01, 3.351060238807e-04, 1.0240e+03, 0.0000e+00, 
 2DIAGNOSTIC,    30, -5.663691543966e-01, 2.574000600910e-04, 1.0240e+03, 0.0000e+00, 
 2DIAGNOSTIC,    31, -5.664783468112e-01, 1.820335841059e-04, 1.0240e+03, 0.0000e+00, 
 2DIAGNOSTIC,    32, -5.668683369538e-01, 1.214501266665e-04, 1.0240e+03, 0.0000e+00, 
 2DIAGNOSTIC,    33, -5.669077588470e-01, 8.396900635514e-05, 1.0240e+03, 0.0000e+00, 
 2DIAGNOSTIC,    34, -5.669077466285e-01, 7.128895484999e-05, 1.0240e+03, 0.0000e+00, 
 2DIAGNOSTIC,    35, -5.669079893561e-01, 5.576911524349e-05, 1.0240e+03, 0.0000e+00, 
 2DIAGNOSTIC,    36, -5.669078736313e-01, 4.034539273635e-05, 1.0240e+03, 0.0000e+00, 
 2DIAGNOSTIC,    37, -5.669081549220e-01, 2.942235017246e-05, 1.0240e+03, 0.0000e+00, 
 2DIAGNOSTIC,    38, -5.669084899471e-01, 2.073243140718e-05, 1.0240e+03, 0.0000e+00, 
 2DIAGNOSTIC,    39, -5.669083896346e-01, 1.341940777309e-05, 1.0240e+03, 0.0000e+00, 
 2DIAGNOSTIC,    40, -5.669084693461e-01, 6.873695392078e-06, 1.0240e+03, 0.0000e+00, 
 2DIAGNOSTIC,    41, -5.669089741564e-01, 1.334935018839e-06, 1.0240e+03, 0.0000e+00, 
DIAGNOSTIC,Iteration,metricValue,convergenceValue,ITERATION_TIME_INDEX,SINCE_LAST
 2DIAGNOSTIC,     1, -5.009510248759e-01, 1.797693134862e+308, 1.0240e+03, 0.0000e+00, 
 2DIAGNOSTIC,     2, -5.013456058067e-01, 1.797693134862e+308, 1.0240e+03, 0.0000e+00, 
 2DIAGNOSTIC,     3, -5.018034554510e-01, 1.797693134862e+308, 1.0240e+03, 0.0000e+00, 
 2DIAGNOSTIC,     4, -5.020510337359e-01, 1.797693134862e+308, 1.0240e+03, 0.0000e+00, 
 2DIAGNOSTIC,     5, -5.022094088547e-01, 1.797693134862e+308, 1.0240e+03, 0.0000e+00, 
 2DIAGNOSTIC,     6, -5.022216977378e-01, 1.797693134862e+308, 1.0240e+03, 0.0000e+00, 
 2DIAGNOSTIC,     7, -5.022354821527e-01, 1.797693134862e+308, 1.0240e+03, 0.0000e+00, 
 2DIAGNOSTIC,     8, -5.022461633748e-01, 1.797693134862e+308, 1.0240e+03, 0.0000e+00, 
 2DIAGNOSTIC,     9, -5.022677954116e-01, 1.797693134862e+308, 1.0240e+03, 0.0000e+00, 
 2DIAGNOSTIC,    10, -5.022973476798e-01, 1.476136072883e-04, 1.0240e+03, 0.0000e+00, 
 2DIAGNOSTIC,    11, -5.023258064104e-01, 8.438382283740e-05, 1.0240e+03, 0.0000e+00, 
 2DIAGNOSTIC,    12, -5.023592185294e-01, 4.420690164737e-05, 1.0240e+03, 0.0000e+00, 
 2DIAGNOSTIC,    13, -5.023930168422e-01, 2.763548232153e-05, 1.0240e+03, 0.0000e+00, 
 2DIAGNOSTIC,    14, -5.024102782617e-01, 2.166011120468e-05, 1.0240e+03, 0.0000e+00, 
 2DIAGNOSTIC,    15, -5.024031465187e-01, 2.041044209777e-05, 1.0240e+03, 0.0000e+00, 
 2DIAGNOSTIC,    16, -5.024153995619e-01, 1.851996863339e-05, 1.0240e+03, 0.0000e+00, 
 2DIAGNOSTIC,    17, -5.024137286883e-01, 1.571638989273e-05, 1.0240e+03, 0.0000e+00, 
 2DIAGNOSTIC,    18, -5.024087515595e-01, 1.210983380588e-05, 1.0240e+03, 0.0000e+00, 
 2DIAGNOSTIC,    19, -5.024093422804e-01, 8.585917031574e-06, 1.0240e+03, 0.0000e+00, 
 2DIAGNOSTIC,    20, -5.024079901672e-01, 5.571619951419e-06, 1.0240e+03, 0.0000e+00, 
 2DIAGNOSTIC,    21, -5.024083490783e-01, 3.237490507478e-06, 1.0240e+03, 0.0000e+00, 
 2DIAGNOSTIC,    22, -5.024084943278e-01, 1.795124180616e-06, 1.0240e+03, 0.0000e+00, 
 2DIAGNOSTIC,    23, -5.024083242623e-01, 1.265311600385e-06, 1.0240e+03, 0.0000e+00, 
 2DIAGNOSTIC,    24, -5.024080668521e-01, 1.200005239226e-06, 1.0240e+03, 0.0000e+00, 
DIAGNOSTIC,Iteration,metricValue,convergenceValue,ITERATION_TIME_INDEX,SINCE_LAST
 2DIAGNOSTIC,     1, -4.669285400357e-01, 1.797693134862e+308, 1.0240e+03, 0.0000e+00, 
 2DIAGNOSTIC,     2, -4.670370544550e-01, 1.797693134862e+308, 1.0240e+03, 0.0000e+00, 
 2DIAGNOSTIC,     3, -4.670532697074e-01, 1.797693134862e+308, 1.0240e+03, 0.0000e+00, 
 2DIAGNOSTIC,     4, -4.670820634540e-01, 1.797693134862e+308, 1.0240e+03, 0.0000e+00, 
 2DIAGNOSTIC,     5, -4.670832151626e-01, 1.797693134862e+308, 1.0240e+03, 0.0000e+00, 
 2DIAGNOSTIC,     6, -4.670826217755e-01, 1.797693134862e+308, 1.0240e+03, 0.0000e+00, 
 2DIAGNOSTIC,     7, -4.670822058210e-01, 1.797693134862e+308, 1.0240e+03, 0.0000e+00, 
 2DIAGNOSTIC,     8, -4.670822240072e-01, 1.797693134862e+308, 1.0240e+03, 0.0000e+00, 
 2DIAGNOSTIC,     9, -4.670820996853e-01, 1.797693134862e+308, 1.0240e+03, 0.0000e+00, 
 2DIAGNOSTIC,    10, -4.670819715825e-01, 1.614782495372e-05, 1.0240e+03, 0.0000e+00, 
 2DIAGNOSTIC,    11, -4.670817775657e-01, 6.725286666898e-06, 1.0240e+03, 0.0000e+00, 
 2DIAGNOSTIC,    12, -4.670816081507e-01, 4.019143498624e-06, 1.0240e+03, 0.0000e+00, 
 2DIAGNOSTIC,    13, -4.670816047754e-01, 2.326328079422e-06, 1.0240e+03, 0.0000e+00, 
 2DIAGNOSTIC,    14, -4.670814664153e-01, 2.129678576032e-06, 1.0240e+03, 0.0000e+00, 
 2DIAGNOSTIC,    15, -4.670814699403e-01, 2.019836240347e-06, 1.0240e+03, 0.0000e+00, 
 2DIAGNOSTIC,    16, -4.670814711088e-01, 1.910962361323e-06, 1.0240e+03, 0.0000e+00, 
 2DIAGNOSTIC,    17, -4.670814711088e-01, 1.807043205980e-06, 1.0240e+03, 0.0000e+00, 
 2DIAGNOSTIC,    18, -4.670814631277e-01, 1.720972890182e-06, 1.0240e+03, 0.0000e+00, 
 2DIAGNOSTIC,    19, -4.670814631277e-01, 1.644329660273e-06, 1.0240e+03, 0.0000e+00, 
 2DIAGNOSTIC,    20, -4.670814631277e-01, 1.574370759115e-06, 1.0240e+03, 0.0000e+00, 
 2DIAGNOSTIC,    21, -4.670814629410e-01, 1.507042471156e-06, 1.0240e+03, 0.0000e+00, 
 2DIAGNOSTIC,    22, -4.670814629410e-01, 1.441850671899e-06, 1.0240e+03, 0.0000e+00, 
 2DIAGNOSTIC,    23, -4.670814263751e-01, 1.381781639262e-06, 1.0240e+03, 0.0000e+00, 
 2DIAGNOSTIC,    24, -4.670814263751e-01, 1.323373392231e-06, 1.0240e+03, 0.0000e+00, 
 2DIAGNOSTIC,    25, -4.670814263751e-01, 1.269919611843e-06, 1.0240e+03, 0.0000e+00, 
 2DIAGNOSTIC,    26, -4.670814263751e-01, 1.220840167702e-06, 1.0240e+03, 0.0000e+00, 
 2DIAGNOSTIC,    27, -4.670814263751e-01, 1.175668670382e-06, 1.0240e+03, 0.0000e+00, 
 2DIAGNOSTIC,    28, -4.670814263751e-01, 1.133814009895e-06, 1.0240e+03, 0.0000e+00, 
 2DIAGNOSTIC,    29, -4.670814283012e-01, 1.095118224839e-06, 1.0240e+03, 0.0000e+00, 
 2DIAGNOSTIC,    30, -4.670814283012e-01, 1.059172508248e-06, 1.0240e+03, 0.0000e+00, 
 2DIAGNOSTIC,    31, -4.670814283012e-01, 1.025658643662e-06, 1.0240e+03, 0.0000e+00, 
  Elapsed time (stage 0): 1.0240e+03


Total elapsed time: 1.0240e+03
Info [verificarlo]: loaded backend libinterflop_ieee.so
Info [interflop-ieee]: load backend with:
Info [interflop-ieee]: debug = false
Info [interflop-ieee]: debug-binary = false
Info [interflop-ieee]: no-backend-name = false
Info [interflop-ieee]: print-new-line = false
Info [interflop-ieee]: print-subnormal-normalized = false
Info [interflop-ieee]: count-op = false
All_Command_lines_OK
Using double precision for computations.
=============================================================================
The composite transform comprises the following transforms (in order): 
  1. /home/mdugre/scratch/mri-registration-rp/datasets/ds004513/derivatives/mri-registration-rp/0100/antsRegistration-r8-p20/sub-s032/rigid_Composite.h5[0] (type = Euler3DTransform)
  2. /home/mdugre/scratch/mri-registration-rp/datasets/ds004513/derivatives/mri-registration-rp/0100/antsRegistration-r8-p20/sub-s032/rigid_Composite.h5[1] (type = Euler3DTransform)
  3. /home/mdugre/scratch/mri-registration-rp/datasets/ds004513/derivatives/mri-registration-rp/0100/antsRegistration-r8-p20/sub-s032/rigid_Composite.h5[2] (type = Euler3DTransform)
=============================================================================
  number of levels = 4
  fixed image: /templateflow/tpl-MNI152NLin2009cAsym/tpl-MNI152NLin2009cAsym_res-01_desc-brain_T1w.nii.gz
  moving image: /home/mdugre/scratch/mri-registration-rp/datasets/ds004513/derivatives/mri-registration-rp/antsBrainExtraction/sub-s032/BrainExtractionBrain.nii.gz
Dimension = 3
Number of stages = 1
Use histogram matching = false
Winsorize image intensities = true
  Lower quantile = 0.005
  Upper quantile = 0.995


Stage 1 State
   Image metric = MattesMI
     Fixed image = Image (0x3cb87e0)
  RTTI typeinfo:   itk::Image<double, 3u>
  Reference Count: 2
  Modified Time: 1592
  Debug: Off
  Object Name: 
  Observers: 
    none
  Source: (none)
  Source output name: (none)
  Release Data: Off
  Data Released: False
  Global Release Data: Off
  PipelineMTime: 0
  UpdateMTime: 1203
  RealTimeStamp: 0 seconds 
  LargestPossibleRegion: 
    Dimension: 3
    Index: [0, 0, 0]
    Size: [193, 229, 193]
  BufferedRegion: 
    Dimension: 3
    Index: [0, 0, 0]
    Size: [193, 229, 193]
  RequestedRegion: 
    Dimension: 3
    Index: [0, 0, 0]
    Size: [193, 229, 193]
  Spacing: [1, 1, 1]
  Origin: [96, 132, -78]
  Direction: 
-1 0 0
0 -1 0
0 0 1

  IndexToPointMatrix: 
-1 0 0
0 -1 0
0 0 1

  PointToIndexMatrix: 
-1 0 0
0 -1 0
0 0 1

  Inverse Direction: 
-1 0 0
0 -1 0
0 0 1

  PixelContainer: 
    ImportImageContainer (0x3d83880)
      RTTI typeinfo:   itk::ImportImageContainer<unsigned long, double>
      Reference Count: 1
      Modified Time: 1200
      Debug: Off
      Object Name: 
      Observers: 
        none
      Pointer: 0x147ced59c010
      Container manages memory: true
      Size: 8530021
      Capacity: 8530021

     Moving image = Image (0x3d74050)
  RTTI typeinfo:   itk::Image<double, 3u>
  Reference Count: 2
  Modified Time: 1593
  Debug: Off
  Object Name: 
  Observers: 
    none
  Source: (none)
  Source output name: (none)
  Release Data: Off
  Data Released: False
  Global Release Data: Off
  PipelineMTime: 0
  UpdateMTime: 1590
  RealTimeStamp: 0 seconds 
  LargestPossibleRegion: 
    Dimension: 3
    Index: [0, 0, 0]
    Size: [160, 240, 256]
  BufferedRegion: 
    Dimension: 3
    Index: [0, 0, 0]
    Size: [160, 240, 256]
  RequestedRegion: 
    Dimension: 3
    Index: [0, 0, 0]
    Size: [160, 240, 256]
  Spacing: [1, 1, 1]
  Origin: [73.279, 104.707, -131.187]
  Direction: 
-0.997527 0.0645574 -0.0278053
-0.0645323 -0.997914 -0.00179875
-0.0278634 4.01097e-08 0.999612

  IndexToPointMatrix: 
-0.997527 0.0645574 -0.0278053
-0.0645323 -0.997914 -0.00179875
-0.0278634 4.01097e-08 0.999612

  PointToIndexMatrix: 
-0.997527 -0.0645323 -0.0278634
0.0645574 -0.997914 4.01049e-08
-0.0278053 -0.00179875 0.999612

  Inverse Direction: 
-0.997527 -0.0645323 -0.0278634
0.0645574 -0.997914 4.01049e-08
-0.0278053 -0.00179875 0.999612

  PixelContainer: 
    ImportImageContainer (0x3e27690)
      RTTI typeinfo:   itk::ImportImageContainer<unsigned long, double>
      Reference Count: 1
      Modified Time: 1587
      Debug: Off
      Object Name: 
      Observers: 
        none
      Pointer: 0x147ce8a9b010
      Container manages memory: true
      Size: 9830400
      Capacity: 9830400

     Weighting = 1
     Sampling strategy = regular
     Number of bins = 32
     Radius = 4
     Sampling percentage  = 0.25
   Transform = Affine
     Gradient step = 0.1
     Update field sigma (voxel space) = 0
     Total field sigma (voxel space) = 0
     Update field time sigma = 0
     Total field time sigma  = 0
     Number of time indices = 0
     Number of time point samples = 0
Registration using 1 total stages.

Stage 0
  iterations = 1000x500x250x100
  convergence threshold = 1e-06
  convergence window size = 10
  number of levels = 4
  using the Mattes MI metric (number of bins = 32, weight = 1, use gradient filter = 0)
  preprocessing:  winsorizing the image intensities
  Shrink factors (level 1 out of 4): [8, 8, 8]
  Shrink factors (level 2 out of 4): [4, 4, 4]
  Shrink factors (level 3 out of 4): [2, 2, 2]
  Shrink factors (level 4 out of 4): [1, 1, 1]
  smoothing sigmas per level: [3, 2, 1, 0]
  regular sampling (percentage = 0.25)

*** Running AffineTransform registration ***

DIAGNOSTIC,Iteration,metricValue,convergenceValue,ITERATION_TIME_INDEX,SINCE_LAST
 2DIAGNOSTIC,     1, -6.851822054323e-01, 1.797693134862e+308, 6.3246e-01, 6.3246e-01, 
 2DIAGNOSTIC,     2, -6.868110811668e-01, 1.797693134862e+308, 6.3744e-01, 4.9889e-03, 
 2DIAGNOSTIC,     3, -6.894792713582e-01, 1.797693134862e+308, 6.4182e-01, 4.3769e-03, 
 2DIAGNOSTIC,     4, -6.939949678018e-01, 1.797693134862e+308, 6.4631e-01, 4.4920e-03, 
 2DIAGNOSTIC,     5, -7.087731618221e-01, 1.797693134862e+308, 6.5090e-01, 4.5860e-03, 
 2DIAGNOSTIC,     6, -7.203180926134e-01, 1.797693134862e+308, 6.5603e-01, 5.1291e-03, 
 2DIAGNOSTIC,     7, -7.232997433769e-01, 1.797693134862e+308, 6.6057e-01, 4.5388e-03, 
 2DIAGNOSTIC,     8, -7.268908494240e-01, 1.797693134862e+308, 6.6531e-01, 4.7479e-03, 
 2DIAGNOSTIC,     9, -7.291950106436e-01, 1.797693134862e+308, 6.7115e-01, 5.8370e-03, 
 2DIAGNOSTIC,    10, -7.311602542257e-01, 5.004745596464e-03, 6.7706e-01, 5.9099e-03, 
 2DIAGNOSTIC,    11, -7.323714412076e-01, 4.201684521797e-03, 6.8192e-01, 4.8599e-03, 
 2DIAGNOSTIC,    12, -7.343607865204e-01, 3.284443741442e-03, 6.8896e-01, 7.0410e-03, 
 2DIAGNOSTIC,    13, -7.345546779735e-01, 2.308399987314e-03, 6.9434e-01, 5.3821e-03, 
 2DIAGNOSTIC,    14, -7.344313889878e-01, 1.383440829721e-03, 6.9913e-01, 4.7810e-03, 
 2DIAGNOSTIC,    15, -7.354921893756e-01, 8.704244895504e-04, 7.0442e-01, 5.2941e-03, 
 2DIAGNOSTIC,    16, -7.360378073749e-01, 6.405532741563e-04, 7.0916e-01, 4.7359e-03, 
 2DIAGNOSTIC,    17, -7.362077092978e-01, 4.507964104328e-04, 7.1549e-01, 6.3379e-03, 
 2DIAGNOSTIC,    18, -7.361829225418e-01, 3.189729613688e-04, 7.2071e-01, 5.2211e-03, 
 2DIAGNOSTIC,    19, -7.362569769060e-01, 2.212371667824e-04, 7.2540e-01, 4.6840e-03, 
 2DIAGNOSTIC,    20, -7.362835113289e-01, 1.517409200652e-04, 7.3089e-01, 5.4910e-03, 
 2DIAGNOSTIC,    21, -7.363058177169e-01, 9.677567754295e-05, 7.3574e-01, 4.8530e-03, 
 2DIAGNOSTIC,    22, -7.363437605447e-01, 7.431523557051e-05, 7.4095e-01, 5.2078e-03, 
 2DIAGNOSTIC,    23, -7.366713793580e-01, 5.634309728553e-05, 7.4938e-01, 8.4260e-03, 
 2DIAGNOSTIC,    24, -7.365989272676e-01, 3.104446267468e-05, 7.5405e-01, 4.6751e-03, 
 2DIAGNOSTIC,    25, -7.365369837035e-01, 2.054512491616e-05, 7.5878e-01, 4.7331e-03, 
 2DIAGNOSTIC,    26, -7.365896855274e-01, 1.809410710818e-05, 7.6386e-01, 5.0731e-03, 
 2DIAGNOSTIC,    27, -7.367621921920e-01, 1.915626555151e-05, 7.6848e-01, 4.6260e-03, 
 2DIAGNOSTIC,    28, -7.367643574161e-01, 1.796249887492e-05, 7.7372e-01, 5.2390e-03, 
 2DIAGNOSTIC,    29, -7.368061892611e-01, 1.687147039296e-05, 7.7846e-01, 4.7400e-03, 
 2DIAGNOSTIC,    30, -7.371250763244e-01, 1.896798878632e-05, 7.8311e-01, 4.6518e-03, 
 2DIAGNOSTIC,    31, -7.373846329823e-01, 2.268293799039e-05, 7.8780e-01, 4.6859e-03, 
 2DIAGNOSTIC,    32, -7.374596246581e-01, 2.527967514886e-05, 7.9422e-01, 6.4240e-03, 
 2DIAGNOSTIC,    33, -7.375988610056e-01, 3.102697449937e-05, 7.9934e-01, 5.1110e-03, 
 2DIAGNOSTIC,    34, -7.375117068277e-01, 3.179964096250e-05, 8.0394e-01, 4.6051e-03, 
 2DIAGNOSTIC,    35, -7.377528520244e-01, 3.158807949519e-05, 8.0932e-01, 5.3771e-03, 
 2DIAGNOSTIC,    36, -7.378269675253e-01, 2.967560636645e-05, 8.1365e-01, 4.3280e-03, 
 2DIAGNOSTIC,    37, -7.380144197680e-01, 2.894508513904e-05, 8.1804e-01, 4.3919e-03, 
 2DIAGNOSTIC,    38, -7.383003395130e-01, 2.857563673547e-05, 8.2412e-01, 6.0840e-03, 
 2DIAGNOSTIC,    39, -7.384325345443e-01, 2.722698312684e-05, 8.2845e-01, 4.3261e-03, 
 2DIAGNOSTIC,    40, -7.385081665800e-01, 2.721601413209e-05, 8.3278e-01, 4.3352e-03, 
 2DIAGNOSTIC,    41, -7.386383251490e-01, 2.837991616727e-05, 8.3761e-01, 4.8258e-03, 
 2DIAGNOSTIC,    42, -7.390026088701e-01, 3.086545817976e-05, 8.5154e-01, 1.3931e-02, 
 2DIAGNOSTIC,    43, -7.390025960481e-01, 3.155535552993e-05, 8.5588e-01, 4.3359e-03, 
 2DIAGNOSTIC,    44, -7.390026284506e-01, 2.849879118464e-05, 8.6018e-01, 4.3011e-03, 
 2DIAGNOSTIC,    45, -7.390026832329e-01, 2.508218451219e-05, 8.6446e-01, 4.2889e-03, 
 2DIAGNOSTIC,    46, -7.390027758317e-01, 2.008119472245e-05, 8.6879e-01, 4.3240e-03, 
 2DIAGNOSTIC,    47, -7.390029323087e-01, 1.489247471021e-05, 8.7312e-01, 4.3309e-03, 
 2DIAGNOSTIC,    48, -7.390031966056e-01, 1.086143951756e-05, 8.7772e-01, 4.6000e-03, 
 2DIAGNOSTIC,    49, -7.390036426617e-01, 7.114333752632e-06, 8.8205e-01, 4.3342e-03, 
 2DIAGNOSTIC,    50, -7.390043944650e-01, 3.498132765695e-06, 8.8634e-01, 4.2908e-03, 
DIAGNOSTIC,Iteration,metricValue,convergenceValue,ITERATION_TIME_INDEX,SINCE_LAST
 2DIAGNOSTIC,     1, -5.977133625041e-01, 1.797693134862e+308, 1.5556e+00, 6.6926e-01, 
 2DIAGNOSTIC,     2, -5.981430794086e-01, 1.797693134862e+308, 1.5898e+00, 3.4203e-02, 
 2DIAGNOSTIC,     3, -5.986802456686e-01, 1.797693134862e+308, 1.6300e+00, 4.0233e-02, 
 2DIAGNOSTIC,     4, -5.987587851396e-01, 1.797693134862e+308, 1.6663e+00, 3.6244e-02, 
 2DIAGNOSTIC,     5, -5.987138372960e-01, 1.797693134862e+308, 1.7215e+00, 5.5215e-02, 
 2DIAGNOSTIC,     6, -5.987146323723e-01, 1.797693134862e+308, 1.7571e+00, 3.5597e-02, 
 2DIAGNOSTIC,     7, -5.986949193697e-01, 1.797693134862e+308, 1.7935e+00, 3.6443e-02, 
 2DIAGNOSTIC,     8, -5.986854822110e-01, 1.797693134862e+308, 1.8299e+00, 3.6344e-02, 
 2DIAGNOSTIC,     9, -5.986819934541e-01, 1.797693134862e+308, 1.8611e+00, 3.1226e-02, 
 2DIAGNOSTIC,    10, -5.986822143965e-01, 7.030439038823e-05, 1.9005e+00, 3.9438e-02, 
 2DIAGNOSTIC,    11, -5.986774040600e-01, 2.299143833027e-05, 1.9366e+00, 3.6006e-02, 
DIAGNOSTIC,Iteration,metricValue,convergenceValue,ITERATION_TIME_INDEX,SINCE_LAST
 2DIAGNOSTIC,     1, -5.328487932781e-01, 1.797693134862e+308, 2.9532e+00, 1.0166e+00, 
 2DIAGNOSTIC,     2, -5.331922425509e-01, 1.797693134862e+308, 3.2028e+00, 2.4962e-01, 
 2DIAGNOSTIC,     3, -5.335635270941e-01, 1.797693134862e+308, 3.4517e+00, 2.4889e-01, 
 2DIAGNOSTIC,     4, -5.339534280978e-01, 1.797693134862e+308, 3.6951e+00, 2.4342e-01, 
 2DIAGNOSTIC,     5, -5.344691488142e-01, 1.797693134862e+308, 3.9303e+00, 2.3520e-01, 
 2DIAGNOSTIC,     6, -5.351363746841e-01, 1.797693134862e+308, 4.1557e+00, 2.2539e-01, 
 2DIAGNOSTIC,     7, -5.360975955407e-01, 1.797693134862e+308, 4.4221e+00, 2.6636e-01, 
 2DIAGNOSTIC,     8, -5.384371292486e-01, 1.797693134862e+308, 4.7260e+00, 3.0396e-01, 
 2DIAGNOSTIC,     9, -5.397657717850e-01, 1.797693134862e+308, 4.9579e+00, 2.3191e-01, 
 2DIAGNOSTIC,    10, -5.409153765308e-01, 9.760645503572e-04, 5.2969e+00, 3.3903e-01, 
 2DIAGNOSTIC,    11, -5.414263094434e-01, 1.002420609080e-03, 5.5199e+00, 2.2296e-01, 
 2DIAGNOSTIC,    12, -5.426397970658e-01, 1.003118791380e-03, 5.7451e+00, 2.2515e-01, 
 2DIAGNOSTIC,    13, -5.431260662570e-01, 9.461631278819e-04, 6.0425e+00, 2.9742e-01, 
 2DIAGNOSTIC,    14, -5.434136931498e-01, 8.366579441949e-04, 6.3441e+00, 3.0161e-01, 
 2DIAGNOSTIC,    15, -5.436093200535e-01, 6.915688721561e-04, 6.5924e+00, 2.4835e-01, 
 2DIAGNOSTIC,    16, -5.437913197158e-01, 5.299559726645e-04, 6.9656e+00, 3.7321e-01, 
 2DIAGNOSTIC,    17, -5.439731515169e-01, 3.727157245237e-04, 7.2373e+00, 2.7164e-01, 
 2DIAGNOSTIC,    18, -5.440488643849e-01, 2.687310926397e-04, 7.4925e+00, 2.5517e-01, 
 2DIAGNOSTIC,    19, -5.442243677480e-01, 1.924534532380e-04, 7.8115e+00, 3.1905e-01, 
 2DIAGNOSTIC,    20, -5.445094490144e-01, 1.439700770149e-04, 8.1270e+00, 3.1545e-01, 
 2DIAGNOSTIC,    21, -5.447005224802e-01, 1.036419064568e-04, 8.3900e+00, 2.6309e-01, 
 2DIAGNOSTIC,    22, -5.451400250974e-01, 9.676232521220e-05, 8.7462e+00, 3.5612e-01, 
 2DIAGNOSTIC,    23, -5.451387036153e-01, 9.240763940697e-05, 9.1192e+00, 3.7308e-01, 
 2DIAGNOSTIC,    24, -5.451382173522e-01, 8.626161538279e-05, 9.4000e+00, 2.8075e-01, 
 2DIAGNOSTIC,    25, -5.451365715095e-01, 7.670034430372e-05, 9.6663e+00, 2.6630e-01, 
 2DIAGNOSTIC,    26, -5.451341718271e-01, 6.426987631968e-05, 9.9134e+00, 2.4706e-01, 
 2DIAGNOSTIC,    27, -5.451344450542e-01, 5.030618707048e-05, 1.0170e+01, 2.5648e-01, 
 2DIAGNOSTIC,    28, -5.451329538898e-01, 3.410419527532e-05, 1.0397e+01, 2.2701e-01, 
 2DIAGNOSTIC,    29, -5.451300558033e-01, 1.906414187898e-05, 1.0666e+01, 2.6959e-01, 
 2DIAGNOSTIC,    30, -5.451310059420e-01, 8.338611407352e-06, 1.0952e+01, 2.8550e-01, 
DIAGNOSTIC,Iteration,metricValue,convergenceValue,ITERATION_TIME_INDEX,SINCE_LAST
 2DIAGNOSTIC,     1, -4.998879170450e-01, 1.797693134862e+308, 1.3781e+01, 2.8291e+00, 
 2DIAGNOSTIC,     2, -5.000505697734e-01, 1.797693134862e+308, 1.5476e+01, 1.6953e+00, 
 2DIAGNOSTIC,     3, -5.002817744140e-01, 1.797693134862e+308, 1.7155e+01, 1.6788e+00, 
 2DIAGNOSTIC,     4, -5.004923737971e-01, 1.797693134862e+308, 1.9264e+01, 2.1091e+00, 
 2DIAGNOSTIC,     5, -5.005543199380e-01, 1.797693134862e+308, 2.1184e+01, 1.9201e+00, 
 2DIAGNOSTIC,     6, -5.006151657428e-01, 1.797693134862e+308, 2.4346e+01, 3.1613e+00, 
 2DIAGNOSTIC,     7, -5.006155531320e-01, 1.797693134862e+308, 2.6299e+01, 1.9535e+00, 
 2DIAGNOSTIC,     8, -5.006155747452e-01, 1.797693134862e+308, 2.8582e+01, 2.2832e+00, 
 2DIAGNOSTIC,     9, -5.006155785098e-01, 1.797693134862e+308, 3.0562e+01, 1.9794e+00, 
 2DIAGNOSTIC,    10, -5.006155312458e-01, 8.968447715529e-05, 3.2558e+01, 1.9960e+00, 
 2DIAGNOSTIC,    11, -5.006154504978e-01, 5.305437256711e-05, 3.4355e+01, 1.7970e+00, 
 2DIAGNOSTIC,    12, -5.006153598986e-01, 2.556984964389e-05, 3.6199e+01, 1.8445e+00, 
 2DIAGNOSTIC,    13, -5.006152728285e-01, 1.015364955106e-05, 3.7981e+01, 1.7820e+00, 
 2DIAGNOSTIC,    14, -5.006151898795e-01, 4.737356082127e-06, 3.9867e+01, 1.8857e+00, 
 2DIAGNOSTIC,    15, -5.006150032594e-01, 2.090614978481e-06, 4.1616e+01, 1.7485e+00, 
 2DIAGNOSTIC,    16, -5.006149460536e-01, 1.934808655402e-06, 4.3575e+01, 1.9597e+00, 
 2DIAGNOSTIC,    17, -5.006149912172e-01, 1.816695395285e-06, 4.5406e+01, 1.8304e+00, 
 2DIAGNOSTIC,    18, -5.006149278044e-01, 1.715304693298e-06, 4.7127e+01, 1.7212e+00, 
 2DIAGNOSTIC,    19, -5.006146784926e-01, 1.622176538034e-06, 4.9020e+01, 1.8934e+00, 
 2DIAGNOSTIC,    20, -5.006147868687e-01, 1.545262423956e-06, 5.0935e+01, 1.9146e+00, 
 2DIAGNOSTIC,    21, -5.006145310855e-01, 1.470668858562e-06, 5.2804e+01, 1.8693e+00, 
 2DIAGNOSTIC,    22, -5.006145759691e-01, 1.405888155226e-06, 5.4662e+01, 1.8575e+00, 
 2DIAGNOSTIC,    23, -5.006145122972e-01, 1.346747668843e-06, 5.6697e+01, 2.0355e+00, 
 2DIAGNOSTIC,    24, -5.006144216566e-01, 1.292032167831e-06, 5.8637e+01, 1.9397e+00, 
 2DIAGNOSTIC,    25, -5.006143288948e-01, 1.238588313246e-06, 6.0332e+01, 1.6955e+00, 
 2DIAGNOSTIC,    26, -5.006141384945e-01, 1.187005109420e-06, 6.2176e+01, 1.8434e+00, 
 2DIAGNOSTIC,    27, -5.006141580483e-01, 1.144135324524e-06, 6.3861e+01, 1.6854e+00, 
 2DIAGNOSTIC,    28, -5.006141910620e-01, 1.106957825514e-06, 6.5581e+01, 1.7196e+00, 
 2DIAGNOSTIC,    29, -5.006141383596e-01, 1.069054378453e-06, 6.7489e+01, 1.9080e+00, 
 2DIAGNOSTIC,    30, -5.006138923218e-01, 1.033939173861e-06, 6.9328e+01, 1.8388e+00, 
  Elapsed time (stage 0): 7.0343e+01


Total elapsed time: 7.0345e+01
Info [verificarlo]: loaded backend libinterflop_ieee.so
