
##########################
# Experiment information #
##########################

EXPERIMENT_NAME: antsRegistration-r8-p9
VFC_BACKENDS: libinterflop_vprec.so --range-binary32=8 --precision-binary32=9 --range-binary64=8 --precision-binary64=9

SIF_IMG: /home/mdugre/projects/rrg-glatard/mdugre/containers/ants-vprec-no_metrics.simg

SUBJECT_ID: s003
INPUT_IMG: /home/mdugre/scratch/mri-registration-rp/datasets/ds004513/derivatives/mri-registration-rp/antsBrainExtraction/sub-s003/BrainExtractionBrain.nii.gz
OUTPUT_DIR: /home/mdugre/scratch/mri-registration-rp/datasets/ds004513/derivatives/mri-registration-rp/0100/antsRegistration-r8-p9/sub-s003

FIXED_IMG: /templateflow/tpl-MNI152NLin2009cAsym/tpl-MNI152NLin2009cAsym_res-01_desc-brain_T1w.nii.gz
DATA_DIR: /home/mdugre/scratch/mri-registration-rp/datasets/ds004513
TEMPLATEFLOW_DIR: /home/mdugre/projects/rrg-glatard/mdugre/templateflow
ITK_GLOBAL_DEFAULT_NUMBER_OF_THREADS: 16
##########################

Info [verificarlo]: loaded backend libinterflop_ieee.so
Info [interflop-ieee]: load backend with:
Info [interflop-ieee]: debug = false
Info [interflop-ieee]: debug-binary = false
Info [interflop-ieee]: no-backend-name = false
Info [interflop-ieee]: print-new-line = false
Info [interflop-ieee]: print-subnormal-normalized = false
Info [interflop-ieee]: count-op = false
All_Command_lines_OK
Using double precision for computations.
=============================================================================
The composite transform comprises the following transforms (in order): 
  1. Center of mass alignment using fixed image: /templateflow/tpl-MNI152NLin2009cAsym/tpl-MNI152NLin2009cAsym_res-01_desc-brain_T1w.nii.gz and moving image: /home/mdugre/scratch/mri-registration-rp/datasets/ds004513/derivatives/mri-registration-rp/antsBrainExtraction/sub-s003/BrainExtractionBrain.nii.gz (type = Euler3DTransform)
=============================================================================
  number of levels = 1
  fixed image: /templateflow/tpl-MNI152NLin2009cAsym/tpl-MNI152NLin2009cAsym_res-01_desc-brain_T1w.nii.gz
  moving image: /home/mdugre/scratch/mri-registration-rp/datasets/ds004513/derivatives/mri-registration-rp/antsBrainExtraction/sub-s003/BrainExtractionBrain.nii.gz
Dimension = 3
Number of stages = 1
Use histogram matching = false
Winsorize image intensities = true
  Lower quantile = 0.005
  Upper quantile = 0.995


Stage 1 State
   Image metric = MattesMI
     Fixed image = Image (0x3e32bd0)
  RTTI typeinfo:   itk::Image<double, 3u>
  Reference Count: 2
  Modified Time: 2334
  Debug: Off
  Object Name: 
  Observers: 
    none
  Source: (none)
  Source output name: (none)
  Release Data: Off
  Data Released: False
  Global Release Data: Off
  PipelineMTime: 0
  UpdateMTime: 1943
  RealTimeStamp: 0 seconds 
  LargestPossibleRegion: 
    Dimension: 3
    Index: [0, 0, 0]
    Size: [193, 229, 193]
  BufferedRegion: 
    Dimension: 3
    Index: [0, 0, 0]
    Size: [193, 229, 193]
  RequestedRegion: 
    Dimension: 3
    Index: [0, 0, 0]
    Size: [193, 229, 193]
  Spacing: [1, 1, 1]
  Origin: [96, 132, -78]
  Direction: 
-1 0 0
0 -1 0
0 0 1

  IndexToPointMatrix: 
-1 0 0
0 -1 0
0 0 1

  PointToIndexMatrix: 
-1 0 0
0 -1 0
0 0 1

  Inverse Direction: 
-1 0 0
0 -1 0
0 0 1

  PixelContainer: 
    ImportImageContainer (0x3e8a930)
      RTTI typeinfo:   itk::ImportImageContainer<unsigned long, double>
      Reference Count: 1
      Modified Time: 1940
      Debug: Off
      Object Name: 
      Observers: 
        none
      Pointer: 0x147818500010
      Container manages memory: true
      Size: 8530021
      Capacity: 8530021

     Moving image = Image (0x3f22610)
  RTTI typeinfo:   itk::Image<double, 3u>
  Reference Count: 2
  Modified Time: 2335
  Debug: Off
  Object Name: 
  Observers: 
    none
  Source: (none)
  Source output name: (none)
  Release Data: Off
  Data Released: False
  Global Release Data: Off
  PipelineMTime: 0
  UpdateMTime: 2332
  RealTimeStamp: 0 seconds 
  LargestPossibleRegion: 
    Dimension: 3
    Index: [0, 0, 0]
    Size: [176, 240, 256]
  BufferedRegion: 
    Dimension: 3
    Index: [0, 0, 0]
    Size: [176, 240, 256]
  RequestedRegion: 
    Dimension: 3
    Index: [0, 0, 0]
    Size: [176, 240, 256]
  Spacing: [0.999999, 1, 1]
  Origin: [93.3499, 86.9368, -128.957]
  Direction: 
-0.999513 -0.0279216 -0.0139567
0.0279189 -0.99961 0.000389866
-0.0139622 2.01492e-08 0.999903

  IndexToPointMatrix: 
-0.999512 -0.0279216 -0.0139567
0.0279189 -0.99961 0.000389866
-0.0139621 2.01492e-08 0.999903

  PointToIndexMatrix: 
-0.999514 0.0279189 -0.0139622
-0.0279216 -0.99961 2.01716e-08
-0.0139567 0.000389866 0.999903

  Inverse Direction: 
-0.999513 0.0279189 -0.0139622
-0.0279216 -0.99961 2.01716e-08
-0.0139567 0.000389866 0.999903

  PixelContainer: 
    ImportImageContainer (0x3e62850)
      RTTI typeinfo:   itk::ImportImageContainer<unsigned long, double>
      Reference Count: 1
      Modified Time: 2329
      Debug: Off
      Object Name: 
      Observers: 
        none
      Pointer: 0x14781327f010
      Container manages memory: true
      Size: 10813440
      Capacity: 10813440

     Weighting = 1
     Sampling strategy = regular
     Number of bins = 32
     Radius = 4
     Sampling percentage  = 0.25
   Transform = Rigid
     Gradient step = 0.1
     Update field sigma (voxel space) = 0
     Total field sigma (voxel space) = 0
     Update field time sigma = 0
     Total field time sigma  = 0
     Number of time indices = 0
     Number of time point samples = 0
Registration using 1 total stages.

Stage 0
  iterations = 0
  convergence threshold = 1e-06
  convergence window size = 10
  number of levels = 1
  using the Mattes MI metric (number of bins = 32, weight = 1, use gradient filter = 0)
  preprocessing:  winsorizing the image intensities
  Shrink factors (level 1 out of 1): [1, 1, 1]
  smoothing sigmas per level: [0]
  regular sampling (percentage = 0.25)

*** Running Euler3DTransform registration ***

  Elapsed time (stage 0): 1.10124


Total elapsed time: 1.10336
Info [verificarlo]: loaded backend libinterflop_vprec.so
Info [interflop-vprec]: load backend with: 
Info [interflop-vprec]: precision-binary32 = 9
Info [interflop-vprec]: range-binary32 = 8
Info [interflop-vprec]: precision-binary64 = 9
Info [interflop-vprec]: range-binary64 = 8
Info [interflop-vprec]: mode = ob
Info [interflop-vprec]: error-mode = rel
Info [interflop-vprec]: max-abs-error-exponent = -1022
Info [interflop-vprec]: daz = false
Info [interflop-vprec]: ftz = false
Info [interflop-vprec]: 	instrument = none
Info [interflop-vprec]: 	prec-input-file = (null)
Info [interflop-vprec]: 	prec-output-file = (null)
Info [interflop-vprec]: 	prec-log-file = (null)
All_Command_lines_OK
Using double precision for computations.
=============================================================================
The composite transform comprises the following transforms (in order): 
  1. /home/mdugre/scratch/mri-registration-rp/datasets/ds004513/derivatives/mri-registration-rp/0100/antsRegistration-r8-p9/sub-s003/align_Composite.h5[0] (type = Euler3DTransform)
  2. /home/mdugre/scratch/mri-registration-rp/datasets/ds004513/derivatives/mri-registration-rp/0100/antsRegistration-r8-p9/sub-s003/align_Composite.h5[1] (type = Euler3DTransform)
=============================================================================
  number of levels = 4
  fixed image: /templateflow/tpl-MNI152NLin2009cAsym/tpl-MNI152NLin2009cAsym_res-01_desc-brain_T1w.nii.gz
  moving image: /home/mdugre/scratch/mri-registration-rp/datasets/ds004513/derivatives/mri-registration-rp/antsBrainExtraction/sub-s003/BrainExtractionBrain.nii.gz
Dimension = 3
Number of stages = 1
Use histogram matching = false
Winsorize image intensities = true
  Lower quantile = 0.005
  Upper quantile = 0.995


Stage 1 State
   Image metric = MattesMI
     Fixed image = Image (0x36641e0)
  RTTI typeinfo:   itk::Image<double, 3u>
  Reference Count: 2
  Modified Time: 1578
  Debug: Off
  Object Name: 
  Observers: 
    none
  Source: (none)
  Source output name: (none)
  Release Data: Off
  Data Released: False
  Global Release Data: Off
  PipelineMTime: 0
  UpdateMTime: 1189
  RealTimeStamp: 0 seconds 
  LargestPossibleRegion: 
    Dimension: 3
    Index: [0, 0, 0]
    Size: [193, 229, 193]
  BufferedRegion: 
    Dimension: 3
    Index: [0, 0, 0]
    Size: [193, 229, 193]
  RequestedRegion: 
    Dimension: 3
    Index: [0, 0, 0]
    Size: [193, 229, 193]
  Spacing: [1, 1, 1]
  Origin: [96, 132, -78]
  Direction: 
-1 0 0
0 -1 0
0 0 1

  IndexToPointMatrix: 
-1 0 0
0 -1 0
0 0 1

  PointToIndexMatrix: 
-1 0 0
0 -1 0
0 0 1

  Inverse Direction: 
-1 0 0
0 -1 0
0 0 1

  PixelContainer: 
    ImportImageContainer (0x3723680)
      RTTI typeinfo:   itk::ImportImageContainer<unsigned long, double>
      Reference Count: 1
      Modified Time: 1186
      Debug: Off
      Object Name: 
      Observers: 
        none
      Pointer: 0x154910ff4010
      Container manages memory: true
      Size: 8530021
      Capacity: 8530021

     Moving image = Image (0x371fb20)
  RTTI typeinfo:   itk::Image<double, 3u>
  Reference Count: 2
  Modified Time: 1579
  Debug: Off
  Object Name: 
  Observers: 
    none
  Source: (none)
  Source output name: (none)
  Release Data: Off
  Data Released: False
  Global Release Data: Off
  PipelineMTime: 0
  UpdateMTime: 1576
  RealTimeStamp: 0 seconds 
  LargestPossibleRegion: 
    Dimension: 3
    Index: [0, 0, 0]
    Size: [176, 240, 256]
  BufferedRegion: 
    Dimension: 3
    Index: [0, 0, 0]
    Size: [176, 240, 256]
  RequestedRegion: 
    Dimension: 3
    Index: [0, 0, 0]
    Size: [176, 240, 256]
  Spacing: [1, 1, 1]
  Origin: [93.375, 86.875, -129]
  Direction: 
-1 -0.0279236 -0.0139618
0.0279236 -1 0.000390053
-0.0139618 0 1

  IndexToPointMatrix: 
-1 -0.0279236 -0.0139618
0.0279236 -1 0.000390053
-0.0139618 0 1

  PointToIndexMatrix: 
-1 0.0279236 -0.0139618
-0.0279236 -1 0
-0.0139618 0.000390053 1

  Inverse Direction: 
-1 0.0279236 -0.0139618
-0.0279236 -1 0
-0.0139618 0.000390053 1

  PixelContainer: 
    ImportImageContainer (0x3788d50)
      RTTI typeinfo:   itk::ImportImageContainer<unsigned long, double>
      Reference Count: 1
      Modified Time: 1573
      Debug: Off
      Object Name: 
      Observers: 
        none
      Pointer: 0x15490bd73010
      Container manages memory: true
      Size: 10813440
      Capacity: 10813440

     Weighting = 1
     Sampling strategy = regular
     Number of bins = 32
     Radius = 4
     Sampling percentage  = 0.25
   Transform = Rigid
     Gradient step = 0.1
     Update field sigma (voxel space) = 0
     Total field sigma (voxel space) = 0
     Update field time sigma = 0
     Total field time sigma  = 0
     Number of time indices = 0
     Number of time point samples = 0
Registration using 1 total stages.

Stage 0
  iterations = 1000x500x250x100
  convergence threshold = 1e-06
  convergence window size = 10
  number of levels = 4
  using the Mattes MI metric (number of bins = 32, weight = 1, use gradient filter = 0)
  preprocessing:  winsorizing the image intensities
  Shrink factors (level 1 out of 4): [8, 8, 8]
  Shrink factors (level 2 out of 4): [4, 4, 4]
  Shrink factors (level 3 out of 4): [2, 2, 2]
  Shrink factors (level 4 out of 4): [1, 1, 1]
  smoothing sigmas per level: [3, 2, 1, 0]
  regular sampling (percentage = 0.25)

*** Running Euler3DTransform registration ***

DIAGNOSTIC,Iteration,metricValue,convergenceValue,ITERATION_TIME_INDEX,SINCE_LAST
 2DIAGNOSTIC,     1, -4.836280563427e-01, 1.797693134862e+308, 0.0000e+00, 0.0000e+00, 
 2DIAGNOSTIC,     2, -4.837550560396e-01, 1.797693134862e+308, 0.0000e+00, 0.0000e+00, 
 2DIAGNOSTIC,     3, -4.839453843872e-01, 1.797693134862e+308, 0.0000e+00, 0.0000e+00, 
 2DIAGNOSTIC,     4, -4.842910627409e-01, 1.797693134862e+308, 0.0000e+00, 0.0000e+00, 
 2DIAGNOSTIC,     5, -4.843579049585e-01, 1.797693134862e+308, 0.0000e+00, 0.0000e+00, 
 2DIAGNOSTIC,     6, -4.843645561422e-01, 1.797693134862e+308, 0.0000e+00, 0.0000e+00, 
 2DIAGNOSTIC,     7, -4.843576136507e-01, 1.797693134862e+308, 0.0000e+00, 0.0000e+00, 
 2DIAGNOSTIC,     8, -4.843576137009e-01, 1.797693134862e+308, 0.0000e+00, 0.0000e+00, 
 2DIAGNOSTIC,     9, -4.843555355866e-01, 1.797693134862e+308, 0.0000e+00, 0.0000e+00, 
 2DIAGNOSTIC,    10, -4.843437369250e-01, 9.167805232056e-05, 0.0000e+00, 0.0000e+00, 
 2DIAGNOSTIC,    11, -4.843663555857e-01, 5.353728619469e-05, 0.0000e+00, 0.0000e+00, 
 2DIAGNOSTIC,    12, -4.843486108839e-01, 2.225031972007e-05, 0.0000e+00, 0.0000e+00, 
 2DIAGNOSTIC,    13, -4.843479995443e-01, 1.953483874620e-06, 0.0000e+00, 0.0000e+00, 
DIAGNOSTIC,Iteration,metricValue,convergenceValue,ITERATION_TIME_INDEX,SINCE_LAST
 2DIAGNOSTIC,     1, -3.988135596245e-01, 1.797693134862e+308, 0.0000e+00, 0.0000e+00, 
 2DIAGNOSTIC,     2, -3.990175435490e-01, 1.797693134862e+308, 0.0000e+00, 0.0000e+00, 
 2DIAGNOSTIC,     3, -3.992902694360e-01, 1.797693134862e+308, 0.0000e+00, 0.0000e+00, 
 2DIAGNOSTIC,     4, -4.000629299015e-01, 1.797693134862e+308, 0.0000e+00, 0.0000e+00, 
 2DIAGNOSTIC,     5, -4.005450327401e-01, 1.797693134862e+308, 0.0000e+00, 0.0000e+00, 
 2DIAGNOSTIC,     6, -4.010518523062e-01, 1.797693134862e+308, 0.0000e+00, 0.0000e+00, 
 2DIAGNOSTIC,     7, -4.026223598711e-01, 1.797693134862e+308, 0.0000e+00, 0.0000e+00, 
 2DIAGNOSTIC,     8, -4.046288776492e-01, 1.797693134862e+308, 0.0000e+00, 0.0000e+00, 
 2DIAGNOSTIC,     9, -4.082031534289e-01, 1.797693134862e+308, 0.0000e+00, 0.0000e+00, 
 2DIAGNOSTIC,    10, -4.148242108612e-01, 2.050080613054e-03, 0.0000e+00, 0.0000e+00, 
 2DIAGNOSTIC,    11, -4.249733354672e-01, 3.025134455467e-03, 0.0000e+00, 0.0000e+00, 
 2DIAGNOSTIC,    12, -4.480035166719e-01, 4.880193225319e-03, 0.0000e+00, 0.0000e+00, 
 2DIAGNOSTIC,    13, -4.934250830278e-01, 8.318010610395e-03, 0.0000e+00, 0.0000e+00, 
 2DIAGNOSTIC,    14, -5.253223120000e-01, 1.190116695651e-02, 0.0000e+00, 0.0000e+00, 
 2DIAGNOSTIC,    15, -5.259435512630e-01, 1.387289279914e-02, 0.0000e+00, 0.0000e+00, 
 2DIAGNOSTIC,    16, -5.258817483039e-01, 1.434662758656e-02, 0.0000e+00, 0.0000e+00, 
 2DIAGNOSTIC,    17, -5.256686511847e-01, 1.350222158955e-02, 0.0000e+00, 0.0000e+00, 
 2DIAGNOSTIC,    18, -5.261770742231e-01, 1.159300391501e-02, 0.0000e+00, 0.0000e+00, 
 2DIAGNOSTIC,    19, -5.261488925900e-01, 8.958225726758e-03, 0.0000e+00, 0.0000e+00, 
 2DIAGNOSTIC,    20, -5.262995575192e-01, 6.034881375638e-03, 0.0000e+00, 0.0000e+00, 
 2DIAGNOSTIC,    21, -5.264267830012e-01, 3.190405469218e-03, 0.0000e+00, 0.0000e+00, 
 2DIAGNOSTIC,    22, -5.265077684031e-01, 9.682715605498e-04, 0.0000e+00, 0.0000e+00, 
 2DIAGNOSTIC,    23, -5.248057341208e-01, 1.730352782797e-05, 0.0000e+00, 0.0000e+00, 
DIAGNOSTIC,Iteration,metricValue,convergenceValue,ITERATION_TIME_INDEX,SINCE_LAST
 2DIAGNOSTIC,     1, -4.732446012187e-01, 1.797693134862e+308, 0.0000e+00, 0.0000e+00, 
 2DIAGNOSTIC,     2, -4.733149824334e-01, 1.797693134862e+308, 0.0000e+00, 0.0000e+00, 
 2DIAGNOSTIC,     3, -4.733740687277e-01, 1.797693134862e+308, 0.0000e+00, 0.0000e+00, 
 2DIAGNOSTIC,     4, -4.733800418454e-01, 1.797693134862e+308, 0.0000e+00, 0.0000e+00, 
 2DIAGNOSTIC,     5, -4.733698099215e-01, 1.797693134862e+308, 0.0000e+00, 0.0000e+00, 
 2DIAGNOSTIC,     6, -4.733844289064e-01, 1.797693134862e+308, 0.0000e+00, 0.0000e+00, 
 2DIAGNOSTIC,     7, -4.733844289064e-01, 1.797693134862e+308, 0.0000e+00, 0.0000e+00, 
 2DIAGNOSTIC,     8, -4.733844289064e-01, 1.797693134862e+308, 0.0000e+00, 0.0000e+00, 
 2DIAGNOSTIC,     9, -4.733844289064e-01, 1.797693134862e+308, 0.0000e+00, 0.0000e+00, 
 2DIAGNOSTIC,    10, -4.733844289064e-01, 1.274354860908e-05, 0.0000e+00, 0.0000e+00, 
 2DIAGNOSTIC,    11, -4.733844289064e-01, 4.825733777011e-06, 0.0000e+00, 0.0000e+00, 
 2DIAGNOSTIC,    12, -4.733844289064e-01, 1.223603625158e-06, 0.0000e+00, 0.0000e+00, 
DIAGNOSTIC,Iteration,metricValue,convergenceValue,ITERATION_TIME_INDEX,SINCE_LAST
 2DIAGNOSTIC,     1, -4.396642804218e-01, 1.797693134862e+308, 0.0000e+00, 0.0000e+00, 
 2DIAGNOSTIC,     2, -4.397011675877e-01, 1.797693134862e+308, 0.0000e+00, 0.0000e+00, 
 2DIAGNOSTIC,     3, -4.396902798227e-01, 1.797693134862e+308, 0.0000e+00, 0.0000e+00, 
 2DIAGNOSTIC,     4, -4.396736052764e-01, 1.797693134862e+308, 0.0000e+00, 0.0000e+00, 
 2DIAGNOSTIC,     5, -4.396789862165e-01, 1.797693134862e+308, 0.0000e+00, 0.0000e+00, 
 2DIAGNOSTIC,     6, -4.396789862165e-01, 1.797693134862e+308, 0.0000e+00, 0.0000e+00, 
 2DIAGNOSTIC,     7, -4.396789862165e-01, 1.797693134862e+308, 0.0000e+00, 0.0000e+00, 
 2DIAGNOSTIC,     8, -4.396789862165e-01, 1.797693134862e+308, 0.0000e+00, 0.0000e+00, 
 2DIAGNOSTIC,     9, -4.396789862165e-01, 1.797693134862e+308, 0.0000e+00, 0.0000e+00, 
  Elapsed time (stage 0): 0.0000e+00


Total elapsed time: 0.0000e+00
Info [verificarlo]: loaded backend libinterflop_ieee.so
Info [interflop-ieee]: load backend with:
Info [interflop-ieee]: debug = false
Info [interflop-ieee]: debug-binary = false
Info [interflop-ieee]: no-backend-name = false
Info [interflop-ieee]: print-new-line = false
Info [interflop-ieee]: print-subnormal-normalized = false
Info [interflop-ieee]: count-op = false
All_Command_lines_OK
Using double precision for computations.
=============================================================================
The composite transform comprises the following transforms (in order): 
  1. /home/mdugre/scratch/mri-registration-rp/datasets/ds004513/derivatives/mri-registration-rp/0100/antsRegistration-r8-p9/sub-s003/rigid_Composite.h5[0] (type = Euler3DTransform)
  2. /home/mdugre/scratch/mri-registration-rp/datasets/ds004513/derivatives/mri-registration-rp/0100/antsRegistration-r8-p9/sub-s003/rigid_Composite.h5[1] (type = Euler3DTransform)
  3. /home/mdugre/scratch/mri-registration-rp/datasets/ds004513/derivatives/mri-registration-rp/0100/antsRegistration-r8-p9/sub-s003/rigid_Composite.h5[2] (type = Euler3DTransform)
=============================================================================
  number of levels = 4
  fixed image: /templateflow/tpl-MNI152NLin2009cAsym/tpl-MNI152NLin2009cAsym_res-01_desc-brain_T1w.nii.gz
  moving image: /home/mdugre/scratch/mri-registration-rp/datasets/ds004513/derivatives/mri-registration-rp/antsBrainExtraction/sub-s003/BrainExtractionBrain.nii.gz
Dimension = 3
Number of stages = 1
Use histogram matching = false
Winsorize image intensities = true
  Lower quantile = 0.005
  Upper quantile = 0.995


Stage 1 State
   Image metric = MattesMI
     Fixed image = Image (0x3d9d530)
  RTTI typeinfo:   itk::Image<double, 3u>
  Reference Count: 2
  Modified Time: 1594
  Debug: Off
  Object Name: 
  Observers: 
    none
  Source: (none)
  Source output name: (none)
  Release Data: Off
  Data Released: False
  Global Release Data: Off
  PipelineMTime: 0
  UpdateMTime: 1203
  RealTimeStamp: 0 seconds 
  LargestPossibleRegion: 
    Dimension: 3
    Index: [0, 0, 0]
    Size: [193, 229, 193]
  BufferedRegion: 
    Dimension: 3
    Index: [0, 0, 0]
    Size: [193, 229, 193]
  RequestedRegion: 
    Dimension: 3
    Index: [0, 0, 0]
    Size: [193, 229, 193]
  Spacing: [1, 1, 1]
  Origin: [96, 132, -78]
  Direction: 
-1 0 0
0 -1 0
0 0 1

  IndexToPointMatrix: 
-1 0 0
0 -1 0
0 0 1

  PointToIndexMatrix: 
-1 0 0
0 -1 0
0 0 1

  Inverse Direction: 
-1 0 0
0 -1 0
0 0 1

  PixelContainer: 
    ImportImageContainer (0x3daa2b0)
      RTTI typeinfo:   itk::ImportImageContainer<unsigned long, double>
      Reference Count: 1
      Modified Time: 1200
      Debug: Off
      Object Name: 
      Observers: 
        none
      Pointer: 0x147eb552e010
      Container manages memory: true
      Size: 8530021
      Capacity: 8530021

     Moving image = Image (0x3e58fd0)
  RTTI typeinfo:   itk::Image<double, 3u>
  Reference Count: 2
  Modified Time: 1595
  Debug: Off
  Object Name: 
  Observers: 
    none
  Source: (none)
  Source output name: (none)
  Release Data: Off
  Data Released: False
  Global Release Data: Off
  PipelineMTime: 0
  UpdateMTime: 1592
  RealTimeStamp: 0 seconds 
  LargestPossibleRegion: 
    Dimension: 3
    Index: [0, 0, 0]
    Size: [176, 240, 256]
  BufferedRegion: 
    Dimension: 3
    Index: [0, 0, 0]
    Size: [176, 240, 256]
  RequestedRegion: 
    Dimension: 3
    Index: [0, 0, 0]
    Size: [176, 240, 256]
  Spacing: [0.999999, 1, 1]
  Origin: [93.3499, 86.9368, -128.957]
  Direction: 
-0.999513 -0.0279216 -0.0139567
0.0279189 -0.99961 0.000389866
-0.0139622 2.01492e-08 0.999903

  IndexToPointMatrix: 
-0.999512 -0.0279216 -0.0139567
0.0279189 -0.99961 0.000389866
-0.0139621 2.01492e-08 0.999903

  PointToIndexMatrix: 
-0.999514 0.0279189 -0.0139622
-0.0279216 -0.99961 2.01716e-08
-0.0139567 0.000389866 0.999903

  Inverse Direction: 
-0.999513 0.0279189 -0.0139622
-0.0279216 -0.99961 2.01716e-08
-0.0139567 0.000389866 0.999903

  PixelContainer: 
    ImportImageContainer (0x3e70990)
      RTTI typeinfo:   itk::ImportImageContainer<unsigned long, double>
      Reference Count: 1
      Modified Time: 1589
      Debug: Off
      Object Name: 
      Observers: 
        none
      Pointer: 0x147eb02ad010
      Container manages memory: true
      Size: 10813440
      Capacity: 10813440

     Weighting = 1
     Sampling strategy = regular
     Number of bins = 32
     Radius = 4
     Sampling percentage  = 0.25
   Transform = Affine
     Gradient step = 0.1
     Update field sigma (voxel space) = 0
     Total field sigma (voxel space) = 0
     Update field time sigma = 0
     Total field time sigma  = 0
     Number of time indices = 0
     Number of time point samples = 0
Registration using 1 total stages.

Stage 0
  iterations = 1000x500x250x100
  convergence threshold = 1e-06
  convergence window size = 10
  number of levels = 4
  using the Mattes MI metric (number of bins = 32, weight = 1, use gradient filter = 0)
  preprocessing:  winsorizing the image intensities
  Shrink factors (level 1 out of 4): [8, 8, 8]
  Shrink factors (level 2 out of 4): [4, 4, 4]
  Shrink factors (level 3 out of 4): [2, 2, 2]
  Shrink factors (level 4 out of 4): [1, 1, 1]
  smoothing sigmas per level: [3, 2, 1, 0]
  regular sampling (percentage = 0.25)

*** Running AffineTransform registration ***

DIAGNOSTIC,Iteration,metricValue,convergenceValue,ITERATION_TIME_INDEX,SINCE_LAST
 2DIAGNOSTIC,     1, -6.423264464793e-01, 1.797693134862e+308, 8.6724e-01, 8.6724e-01, 
 2DIAGNOSTIC,     2, -6.444662296938e-01, 1.797693134862e+308, 8.7268e-01, 5.4359e-03, 
 2DIAGNOSTIC,     3, -6.476667997905e-01, 1.797693134862e+308, 8.7818e-01, 5.5022e-03, 
 2DIAGNOSTIC,     4, -6.531273168787e-01, 1.797693134862e+308, 8.8469e-01, 6.5069e-03, 
 2DIAGNOSTIC,     5, -6.622619209935e-01, 1.797693134862e+308, 8.9052e-01, 5.8360e-03, 
 2DIAGNOSTIC,     6, -6.754481238200e-01, 1.797693134862e+308, 8.9740e-01, 6.8791e-03, 
 2DIAGNOSTIC,     7, -6.866669558834e-01, 1.797693134862e+308, 9.0413e-01, 6.7339e-03, 
 2DIAGNOSTIC,     8, -7.066671338338e-01, 1.797693134862e+308, 9.1160e-01, 7.4680e-03, 
 2DIAGNOSTIC,     9, -7.113860519879e-01, 1.797693134862e+308, 9.1828e-01, 6.6781e-03, 
 2DIAGNOSTIC,    10, -7.157394013501e-01, 8.056125455917e-03, 9.2559e-01, 7.3061e-03, 
 2DIAGNOSTIC,    11, -7.172069772537e-01, 7.455595997036e-03, 9.3354e-01, 7.9501e-03, 
 2DIAGNOSTIC,    12, -7.178533909375e-01, 6.388004661783e-03, 9.4000e-01, 6.4600e-03, 
 2DIAGNOSTIC,    13, -7.192872886010e-01, 5.060608976766e-03, 9.4641e-01, 6.4139e-03, 
 2DIAGNOSTIC,    14, -7.199048004977e-01, 3.650340656566e-03, 9.5274e-01, 6.3331e-03, 
 2DIAGNOSTIC,    15, -7.201651655825e-01, 2.362554742063e-03, 9.5940e-01, 6.6581e-03, 
 2DIAGNOSTIC,    16, -7.208388473403e-01, 1.382077816823e-03, 9.6535e-01, 5.9521e-03, 
 2DIAGNOSTIC,    17, -7.225166506018e-01, 6.944263901304e-04, 9.7246e-01, 7.1039e-03, 
 2DIAGNOSTIC,    18, -7.256259318051e-01, 5.446467937626e-04, 9.7890e-01, 6.4449e-03, 
 2DIAGNOSTIC,    19, -7.268940244992e-01, 4.859528250068e-04, 9.8740e-01, 8.5020e-03, 
 2DIAGNOSTIC,    20, -7.270705853398e-01, 4.808411923480e-04, 9.9322e-01, 5.8191e-03, 
 2DIAGNOSTIC,    21, -7.273254464895e-01, 4.659871003655e-04, 9.9912e-01, 5.8939e-03, 
 2DIAGNOSTIC,    22, -7.275811714648e-01, 4.248325370395e-04, 1.0050e+00, 5.9252e-03, 
 2DIAGNOSTIC,    23, -7.279348930737e-01, 3.780983750243e-04, 1.0145e+00, 9.4709e-03, 
 2DIAGNOSTIC,    24, -7.279663127620e-01, 3.109268640305e-04, 1.0218e+00, 7.3330e-03, 
 2DIAGNOSTIC,    25, -7.277867395868e-01, 2.224059639362e-04, 1.0282e+00, 6.3112e-03, 
 2DIAGNOSTIC,    26, -7.278145786248e-01, 1.312635233887e-04, 1.0343e+00, 6.1879e-03, 
 2DIAGNOSTIC,    27, -7.278518995636e-01, 5.923665186648e-05, 1.0403e+00, 5.9731e-03, 
 2DIAGNOSTIC,    28, -7.279079850136e-01, 3.192631812989e-05, 1.0463e+00, 5.9850e-03, 
 2DIAGNOSTIC,    29, -7.279896465697e-01, 2.235735669659e-05, 1.0530e+00, 6.7441e-03, 
 2DIAGNOSTIC,    30, -7.281618900366e-01, 1.614991413015e-05, 1.0599e+00, 6.8159e-03, 
 2DIAGNOSTIC,    31, -7.284919401573e-01, 1.642460362788e-05, 1.0672e+00, 7.3209e-03, 
 2DIAGNOSTIC,    32, -7.285099677679e-01, 1.840781423253e-05, 1.0737e+00, 6.5391e-03, 
 2DIAGNOSTIC,    33, -7.284260045264e-01, 2.192004193419e-05, 1.0800e+00, 6.2959e-03, 
 2DIAGNOSTIC,    34, -7.283605260739e-01, 2.297366131931e-05, 1.0859e+00, 5.9090e-03, 
 2DIAGNOSTIC,    35, -7.289320918394e-01, 2.632035541183e-05, 1.0930e+00, 7.0989e-03, 
 2DIAGNOSTIC,    36, -7.287500874656e-01, 2.508881694882e-05, 1.1007e+00, 7.6461e-03, 
 2DIAGNOSTIC,    37, -7.288775639767e-01, 2.353244166238e-05, 1.1071e+00, 6.4051e-03, 
 2DIAGNOSTIC,    38, -7.292306932602e-01, 2.430659116528e-05, 1.1165e+00, 9.4061e-03, 
 2DIAGNOSTIC,    39, -7.291825366646e-01, 2.301693977542e-05, 1.1229e+00, 6.4621e-03, 
 2DIAGNOSTIC,    40, -7.292464193011e-01, 2.191535429657e-05, 1.1298e+00, 6.8600e-03, 
 2DIAGNOSTIC,    41, -7.292033323436e-01, 2.165508992179e-05, 1.1358e+00, 5.9998e-03, 
 2DIAGNOSTIC,    42, -7.292002085700e-01, 1.964643673618e-05, 1.1431e+00, 7.2930e-03, 
 2DIAGNOSTIC,    43, -7.292144302453e-01, 1.528709796822e-05, 1.1497e+00, 6.6030e-03, 
 2DIAGNOSTIC,    44, -7.291186513591e-01, 8.117675986345e-06, 1.1562e+00, 6.4821e-03, 
 2DIAGNOSTIC,    45, -7.289220367696e-01, 4.009112920728e-06, 1.1624e+00, 6.1719e-03, 
DIAGNOSTIC,Iteration,metricValue,convergenceValue,ITERATION_TIME_INDEX,SINCE_LAST
 2DIAGNOSTIC,     1, -5.998917435638e-01, 1.797693134862e+308, 1.9295e+00, 7.6712e-01, 
 2DIAGNOSTIC,     2, -6.001083252003e-01, 1.797693134862e+308, 1.9693e+00, 3.9792e-02, 
 2DIAGNOSTIC,     3, -6.005085073902e-01, 1.797693134862e+308, 2.0042e+00, 3.4886e-02, 
 2DIAGNOSTIC,     4, -6.007303470586e-01, 1.797693134862e+308, 2.0438e+00, 3.9676e-02, 
 2DIAGNOSTIC,     5, -6.008728772497e-01, 1.797693134862e+308, 2.0777e+00, 3.3846e-02, 
 2DIAGNOSTIC,     6, -6.011915746638e-01, 1.797693134862e+308, 2.1145e+00, 3.6790e-02, 
 2DIAGNOSTIC,     7, -6.015831841391e-01, 1.797693134862e+308, 2.1474e+00, 3.2901e-02, 
 2DIAGNOSTIC,     8, -6.021528777281e-01, 1.797693134862e+308, 2.1914e+00, 4.4005e-02, 
 2DIAGNOSTIC,     9, -6.023939986962e-01, 1.797693134862e+308, 2.2327e+00, 4.1323e-02, 
 2DIAGNOSTIC,    10, -6.026872639647e-01, 3.056157204207e-04, 2.2781e+00, 4.5357e-02, 
 2DIAGNOSTIC,    11, -6.028004028438e-01, 2.789752596409e-04, 2.3131e+00, 3.5011e-02, 
 2DIAGNOSTIC,    12, -6.033141006763e-01, 2.602916228948e-04, 2.3496e+00, 3.6580e-02, 
 2DIAGNOSTIC,    13, -6.037445455928e-01, 2.506754049359e-04, 2.3833e+00, 3.3612e-02, 
 2DIAGNOSTIC,    14, -6.040468284761e-01, 2.373837214999e-04, 2.4208e+00, 3.7500e-02, 
 2DIAGNOSTIC,    15, -6.046785847713e-01, 2.288750180475e-04, 2.4577e+00, 3.6994e-02, 
 2DIAGNOSTIC,    16, -6.049710578948e-01, 2.182901276727e-04, 2.5117e+00, 5.3993e-02, 
 2DIAGNOSTIC,    17, -6.049894347144e-01, 2.000053771984e-04, 2.5540e+00, 4.2309e-02, 
 2DIAGNOSTIC,    18, -6.050032793378e-01, 1.807906129147e-04, 2.5961e+00, 4.2027e-02, 
 2DIAGNOSTIC,    19, -6.050110494522e-01, 1.531196700913e-04, 2.6349e+00, 3.8796e-02, 
 2DIAGNOSTIC,    20, -6.050056379988e-01, 1.208794047007e-04, 2.6694e+00, 3.4490e-02, 
 2DIAGNOSTIC,    21, -6.049904632165e-01, 8.255100351608e-05, 2.7190e+00, 4.9611e-02, 
 2DIAGNOSTIC,    22, -6.049883028226e-01, 5.112711880086e-05, 2.7573e+00, 3.8302e-02, 
 2DIAGNOSTIC,    23, -6.049999979255e-01, 2.692181301325e-05, 2.7947e+00, 3.7437e-02, 
 2DIAGNOSTIC,    24, -6.050035040445e-01, 8.054544456765e-06, 2.8372e+00, 4.2536e-02, 
 2DIAGNOSTIC,    25, -6.050083770243e-01, 1.920291357434e-06, 2.8754e+00, 3.8150e-02, 
 2DIAGNOSTIC,    26, -6.049855173737e-01, 1.086458306633e-06, 2.9090e+00, 3.3595e-02, 
DIAGNOSTIC,Iteration,metricValue,convergenceValue,ITERATION_TIME_INDEX,SINCE_LAST
 2DIAGNOSTIC,     1, -5.304975076119e-01, 1.797693134862e+308, 4.0887e+00, 1.1797e+00, 
 2DIAGNOSTIC,     2, -5.307133857185e-01, 1.797693134862e+308, 4.3806e+00, 2.9187e-01, 
 2DIAGNOSTIC,     3, -5.308579915276e-01, 1.797693134862e+308, 4.6760e+00, 2.9544e-01, 
 2DIAGNOSTIC,     4, -5.309710499693e-01, 1.797693134862e+308, 4.9701e+00, 2.9410e-01, 
 2DIAGNOSTIC,     5, -5.311085993682e-01, 1.797693134862e+308, 5.2870e+00, 3.1687e-01, 
 2DIAGNOSTIC,     6, -5.313930012234e-01, 1.797693134862e+308, 5.5747e+00, 2.8766e-01, 
 2DIAGNOSTIC,     7, -5.318258962648e-01, 1.797693134862e+308, 5.9946e+00, 4.1996e-01, 
 2DIAGNOSTIC,     8, -5.319776645188e-01, 1.797693134862e+308, 6.2892e+00, 2.9457e-01, 
 2DIAGNOSTIC,     9, -5.322138473133e-01, 1.797693134862e+308, 6.6286e+00, 3.3946e-01, 
 2DIAGNOSTIC,    10, -5.324794480156e-01, 2.451871997505e-04, 6.9583e+00, 3.2965e-01, 
 2DIAGNOSTIC,    11, -5.326883514398e-01, 2.333676947447e-04, 7.2620e+00, 3.0366e-01, 
 2DIAGNOSTIC,    12, -5.327441626239e-01, 2.145884408929e-04, 7.5741e+00, 3.1218e-01, 
 2DIAGNOSTIC,    13, -5.330935896848e-01, 2.000065644391e-04, 8.0634e+00, 4.8927e-01, 
 2DIAGNOSTIC,    14, -5.330870535448e-01, 1.734507324008e-04, 8.5014e+00, 4.3801e-01, 
 2DIAGNOSTIC,    15, -5.330859261533e-01, 1.396315672846e-04, 8.8742e+00, 3.7276e-01, 
 2DIAGNOSTIC,    16, -5.330853941739e-01, 1.067248946927e-04, 9.1941e+00, 3.1989e-01, 
 2DIAGNOSTIC,    17, -5.330847342333e-01, 8.162810826480e-05, 9.4727e+00, 2.7862e-01, 
 2DIAGNOSTIC,    18, -5.330832952702e-01, 5.623344614173e-05, 9.8000e+00, 3.2737e-01, 
 2DIAGNOSTIC,    19, -5.330837652617e-01, 3.497136976614e-05, 1.0107e+01, 3.0711e-01, 
 2DIAGNOSTIC,    20, -5.330834208275e-01, 1.983832824822e-05, 1.0429e+01, 3.2154e-01, 
 2DIAGNOSTIC,    21, -5.330792165791e-01, 9.718185921749e-06, 1.0707e+01, 2.7869e-01, 
DIAGNOSTIC,Iteration,metricValue,convergenceValue,ITERATION_TIME_INDEX,SINCE_LAST
 2DIAGNOSTIC,     1, -4.898455155605e-01, 1.797693134862e+308, 1.3598e+01, 2.8910e+00, 
 2DIAGNOSTIC,     2, -4.900403572189e-01, 1.797693134862e+308, 1.5425e+01, 1.8267e+00, 
 2DIAGNOSTIC,     3, -4.902357196805e-01, 1.797693134862e+308, 1.7245e+01, 1.8199e+00, 
 2DIAGNOSTIC,     4, -4.904153089881e-01, 1.797693134862e+308, 1.9125e+01, 1.8802e+00, 
 2DIAGNOSTIC,     5, -4.905503055932e-01, 1.797693134862e+308, 2.1159e+01, 2.0333e+00, 
 2DIAGNOSTIC,     6, -4.906073354408e-01, 1.797693134862e+308, 2.3044e+01, 1.8852e+00, 
 2DIAGNOSTIC,     7, -4.906776625768e-01, 1.797693134862e+308, 2.4927e+01, 1.8830e+00, 
 2DIAGNOSTIC,     8, -4.907198112330e-01, 1.797693134862e+308, 2.6892e+01, 1.9657e+00, 
 2DIAGNOSTIC,     9, -4.907492861509e-01, 1.797693134862e+308, 2.9529e+01, 2.6369e+00, 
 2DIAGNOSTIC,    10, -4.907494231530e-01, 1.187882715802e-04, 3.1448e+01, 1.9183e+00, 
 2DIAGNOSTIC,    11, -4.907492679411e-01, 8.100871810669e-05, 3.3531e+01, 2.0831e+00, 
 2DIAGNOSTIC,    12, -4.907484009473e-01, 5.177967634869e-05, 3.5632e+01, 2.1012e+00, 
 2DIAGNOSTIC,    13, -4.907478998128e-01, 3.113581000598e-05, 3.7696e+01, 2.0644e+00, 
 2DIAGNOSTIC,    14, -4.907475611692e-01, 1.814350408343e-05, 4.0644e+01, 2.9480e+00, 
 2DIAGNOSTIC,    15, -4.907475892952e-01, 1.064196509251e-05, 4.6308e+01, 5.6639e+00, 
 2DIAGNOSTIC,    16, -4.907475892925e-01, 5.324654495820e-06, 5.1602e+01, 5.2936e+00, 
 2DIAGNOSTIC,    17, -4.907475892925e-01, 2.694090252435e-06, 5.3311e+01, 1.7088e+00, 
 2DIAGNOSTIC,    18, -4.907475892925e-01, 1.609689568693e-06, 5.5507e+01, 2.1964e+00, 
 2DIAGNOSTIC,    19, -4.907475892925e-01, 1.552443912881e-06, 5.7773e+01, 2.2662e+00, 
 2DIAGNOSTIC,    20, -4.907475892925e-01, 1.515867991193e-06, 5.9799e+01, 2.0253e+00, 
 2DIAGNOSTIC,    21, -4.907475892925e-01, 1.485854382914e-06, 6.1791e+01, 1.9920e+00, 
 2DIAGNOSTIC,    22, -4.907475892925e-01, 1.438762056112e-06, 6.3689e+01, 1.8987e+00, 
 2DIAGNOSTIC,    23, -4.907475892925e-01, 1.384101665072e-06, 6.5788e+01, 2.0989e+00, 
 2DIAGNOSTIC,    24, -4.907475892925e-01, 1.325737835130e-06, 6.7914e+01, 2.1262e+00, 
 2DIAGNOSTIC,    25, -4.907475892925e-01, 1.272695922858e-06, 7.0002e+01, 2.0879e+00, 
 2DIAGNOSTIC,    26, -4.907475892925e-01, 1.223735019283e-06, 7.2127e+01, 2.1249e+00, 
 2DIAGNOSTIC,    27, -4.907475892925e-01, 1.178401638401e-06, 7.4235e+01, 2.1077e+00, 
 2DIAGNOSTIC,    28, -4.907475892925e-01, 1.136307035549e-06, 7.6319e+01, 2.0836e+00, 
 2DIAGNOSTIC,    29, -4.907475892925e-01, 1.097116096846e-06, 7.8384e+01, 2.0654e+00, 
 2DIAGNOSTIC,    30, -4.907475892925e-01, 1.060538399010e-06, 8.0623e+01, 2.2390e+00, 
 2DIAGNOSTIC,    31, -4.907475892925e-01, 1.026320999853e-06, 8.2594e+01, 1.9711e+00, 
  Elapsed time (stage 0): 8.3666e+01


Total elapsed time: 8.3668e+01
Info [verificarlo]: loaded backend libinterflop_ieee.so
Info [interflop-ieee]: load backend with:
Info [interflop-ieee]: debug = false
Info [interflop-ieee]: debug-binary = false
Info [interflop-ieee]: no-backend-name = false
Info [interflop-ieee]: print-new-line = false
Info [interflop-ieee]: print-subnormal-normalized = false
Info [interflop-ieee]: count-op = false
All_Command_lines_OK
Using double precision for computations.
=============================================================================
The composite transform comprises the following transforms (in order): 
  1. /home/mdugre/scratch/mri-registration-rp/datasets/ds004513/derivatives/mri-registration-rp/0100/antsRegistration-r8-p9/sub-s003/affine_Composite.h5[0] (type = Euler3DTransform)
  2. /home/mdugre/scratch/mri-registration-rp/datasets/ds004513/derivatives/mri-registration-rp/0100/antsRegistration-r8-p9/sub-s003/affine_Composite.h5[1] (type = Euler3DTransform)
  3. /home/mdugre/scratch/mri-registration-rp/datasets/ds004513/derivatives/mri-registration-rp/0100/antsRegistration-r8-p9/sub-s003/affine_Composite.h5[2] (type = Euler3DTransform)
  4. /home/mdugre/scratch/mri-registration-rp/datasets/ds004513/derivatives/mri-registration-rp/0100/antsRegistration-r8-p9/sub-s003/affine_Composite.h5[3] (type = AffineTransform)
=============================================================================
  number of levels = 4
  fixed image: /templateflow/tpl-MNI152NLin2009cAsym/tpl-MNI152NLin2009cAsym_res-01_desc-brain_T1w.nii.gz
  moving image: /home/mdugre/scratch/mri-registration-rp/datasets/ds004513/derivatives/mri-registration-rp/antsBrainExtraction/sub-s003/BrainExtractionBrain.nii.gz
Dimension = 3
Number of stages = 1
Use histogram matching = false
Winsorize image intensities = true
  Lower quantile = 0.005
  Upper quantile = 0.995


Stage 1 State
   Image metric = CC
     Fixed image = Image (0x48aea40)
  RTTI typeinfo:   itk::Image<double, 3u>
  Reference Count: 2
  Modified Time: 1608
  Debug: Off
  Object Name: 
  Observers: 
    none
  Source: (none)
  Source output name: (none)
  Release Data: Off
  Data Released: False
  Global Release Data: Off
  PipelineMTime: 0
  UpdateMTime: 1217
  RealTimeStamp: 0 seconds 
  LargestPossibleRegion: 
    Dimension: 3
    Index: [0, 0, 0]
    Size: [193, 229, 193]
  BufferedRegion: 
    Dimension: 3
    Index: [0, 0, 0]
    Size: [193, 229, 193]
  RequestedRegion: 
    Dimension: 3
    Index: [0, 0, 0]
    Size: [193, 229, 193]
  Spacing: [1, 1, 1]
  Origin: [96, 132, -78]
  Direction: 
-1 0 0
0 -1 0
0 0 1

  IndexToPointMatrix: 
-1 0 0
0 -1 0
0 0 1

  PointToIndexMatrix: 
-1 0 0
0 -1 0
0 0 1

  Inverse Direction: 
-1 0 0
0 -1 0
0 0 1

  PixelContainer: 
    ImportImageContainer (0x497d780)
      RTTI typeinfo:   itk::ImportImageContainer<unsigned long, double>
      Reference Count: 1
      Modified Time: 1214
      Debug: Off
      Object Name: 
      Observers: 
        none
      Pointer: 0x14970ad9a010
      Container manages memory: true
      Size: 8530021
      Capacity: 8530021

     Moving image = Image (0x497f390)
  RTTI typeinfo:   itk::Image<double, 3u>
  Reference Count: 2
  Modified Time: 1609
  Debug: Off
  Object Name: 
  Observers: 
    none
  Source: (none)
  Source output name: (none)
  Release Data: Off
  Data Released: False
  Global Release Data: Off
  PipelineMTime: 0
  UpdateMTime: 1606
  RealTimeStamp: 0 seconds 
  LargestPossibleRegion: 
    Dimension: 3
    Index: [0, 0, 0]
    Size: [176, 240, 256]
  BufferedRegion: 
    Dimension: 3
    Index: [0, 0, 0]
    Size: [176, 240, 256]
  RequestedRegion: 
    Dimension: 3
    Index: [0, 0, 0]
    Size: [176, 240, 256]
  Spacing: [0.999999, 1, 1]
  Origin: [93.3499, 86.9368, -128.957]
  Direction: 
-0.999513 -0.0279216 -0.0139567
0.0279189 -0.99961 0.000389866
-0.0139622 2.01492e-08 0.999903

  IndexToPointMatrix: 
-0.999512 -0.0279216 -0.0139567
0.0279189 -0.99961 0.000389866
-0.0139621 2.01492e-08 0.999903

  PointToIndexMatrix: 
-0.999514 0.0279189 -0.0139622
-0.0279216 -0.99961 2.01716e-08
-0.0139567 0.000389866 0.999903

  Inverse Direction: 
-0.999513 0.0279189 -0.0139622
-0.0279216 -0.99961 2.01716e-08
-0.0139567 0.000389866 0.999903

  PixelContainer: 
    ImportImageContainer (0x49346f0)
      RTTI typeinfo:   itk::ImportImageContainer<unsigned long, double>
      Reference Count: 1
      Modified Time: 1603
      Debug: Off
      Object Name: 
      Observers: 
        none
      Pointer: 0x149705b19010
      Container manages memory: true
      Size: 10813440
      Capacity: 10813440

     Weighting = 1
     Sampling strategy = none
     Number of bins = 32
     Radius = 4
     Sampling percentage  = 1
   Transform = SyN
     Gradient step = 0.1
     Update field sigma (voxel space) = 3
     Total field sigma (voxel space) = 0
     Update field time sigma = 0
     Total field time sigma  = 0
     Number of time indices = 0
     Number of time point samples = 0
Registration using 1 total stages.

Stage 0
  iterations = 100x70x50x20
  convergence threshold = 1e-06
  convergence window size = 10
  number of levels = 4
  using the CC metric (radius = 4, weight = 1, use gradient filter = 0)
  preprocessing:  winsorizing the image intensities
  Shrink factors (level 1 out of 4): [8, 8, 8]
  Shrink factors (level 2 out of 4): [4, 4, 4]
  Shrink factors (level 3 out of 4): [2, 2, 2]
  Shrink factors (level 4 out of 4): [1, 1, 1]
  smoothing sigmas per level: [3, 2, 1, 0]
  Using default NONE metricSamplingStrategy 

*** Running SyN registration (varianceForUpdateField = 3, varianceForTotalField = 0) ***

XXDIAGNOSTIC,Iteration,metricValue,convergenceValue,ITERATION_TIME_INDEX,SINCE_LAST
 1DIAGNOSTIC,     1, -8.486972369851e-01, 1.797693134862e+308, 1.1789e+00, 1.1789e+00, 
 1DIAGNOSTIC,     2, -8.636248735253e-01, 1.797693134862e+308, 1.5168e+00, 3.3794e-01, 
 1DIAGNOSTIC,     3, -8.773953250590e-01, 1.797693134862e+308, 1.8633e+00, 3.4648e-01, 
 1DIAGNOSTIC,     4, -8.892547260074e-01, 1.797693134862e+308, 2.2154e+00, 3.5206e-01, 
 1DIAGNOSTIC,     5, -8.983594107955e-01, 1.797693134862e+308, 2.5640e+00, 3.4864e-01, 
 1DIAGNOSTIC,     6, -9.059842480599e-01, 1.797693134862e+308, 2.9052e+00, 3.4121e-01, 
 1DIAGNOSTIC,     7, -9.123377895051e-01, 1.797693134862e+308, 3.2506e+00, 3.4542e-01, 
 1DIAGNOSTIC,     8, -9.177767282496e-01, 1.797693134862e+308, 3.5857e+00, 3.3507e-01, 
 1DIAGNOSTIC,     9, -9.224713310409e-01, 1.797693134862e+308, 3.9314e+00, 3.4574e-01, 
 1DIAGNOSTIC,    10, -9.263007737072e-01, 5.375228181819e-03, 4.2729e+00, 3.4150e-01, 
 1DIAGNOSTIC,    11, -9.290099947156e-01, 4.070025789636e-03, 4.6044e+00, 3.3148e-01, 
