
##########################
# Experiment information #
##########################

EXPERIMENT_NAME: antsRegistration-r7-p21
VFC_BACKENDS: libinterflop_vprec.so --range-binary32=7 --precision-binary32=21 --range-binary64=7 --precision-binary64=21

SIF_IMG: /home/mdugre/projects/rrg-glatard/mdugre/containers/ants-vprec-no_metrics.simg

SUBJECT_ID: s025
INPUT_IMG: /home/mdugre/scratch/mri-registration-rp/datasets/ds004513/derivatives/mri-registration-rp/antsBrainExtraction/sub-s025/BrainExtractionBrain.nii.gz
OUTPUT_DIR: /home/mdugre/scratch/mri-registration-rp/datasets/ds004513/derivatives/mri-registration-rp/0100/antsRegistration-r7-p21/sub-s025

FIXED_IMG: /templateflow/tpl-MNI152NLin2009cAsym/tpl-MNI152NLin2009cAsym_res-01_desc-brain_T1w.nii.gz
DATA_DIR: /home/mdugre/scratch/mri-registration-rp/datasets/ds004513
TEMPLATEFLOW_DIR: /home/mdugre/projects/rrg-glatard/mdugre/templateflow
ITK_GLOBAL_DEFAULT_NUMBER_OF_THREADS: 16
##########################

Info [verificarlo]: loaded backend libinterflop_ieee.so
Info [interflop-ieee]: load backend with:
Info [interflop-ieee]: debug = false
Info [interflop-ieee]: debug-binary = false
Info [interflop-ieee]: no-backend-name = false
Info [interflop-ieee]: print-new-line = false
Info [interflop-ieee]: print-subnormal-normalized = false
Info [interflop-ieee]: count-op = false
All_Command_lines_OK
Using double precision for computations.
=============================================================================
The composite transform comprises the following transforms (in order): 
  1. Center of mass alignment using fixed image: /templateflow/tpl-MNI152NLin2009cAsym/tpl-MNI152NLin2009cAsym_res-01_desc-brain_T1w.nii.gz and moving image: /home/mdugre/scratch/mri-registration-rp/datasets/ds004513/derivatives/mri-registration-rp/antsBrainExtraction/sub-s025/BrainExtractionBrain.nii.gz (type = Euler3DTransform)
=============================================================================
  number of levels = 1
  fixed image: /templateflow/tpl-MNI152NLin2009cAsym/tpl-MNI152NLin2009cAsym_res-01_desc-brain_T1w.nii.gz
  moving image: /home/mdugre/scratch/mri-registration-rp/datasets/ds004513/derivatives/mri-registration-rp/antsBrainExtraction/sub-s025/BrainExtractionBrain.nii.gz
Dimension = 3
Number of stages = 1
Use histogram matching = false
Winsorize image intensities = true
  Lower quantile = 0.005
  Upper quantile = 0.995


Stage 1 State
   Image metric = MattesMI
     Fixed image = Image (0x4cece70)
  RTTI typeinfo:   itk::Image<double, 3u>
  Reference Count: 2
  Modified Time: 2334
  Debug: Off
  Object Name: 
  Observers: 
    none
  Source: (none)
  Source output name: (none)
  Release Data: Off
  Data Released: False
  Global Release Data: Off
  PipelineMTime: 0
  UpdateMTime: 1943
  RealTimeStamp: 0 seconds 
  LargestPossibleRegion: 
    Dimension: 3
    Index: [0, 0, 0]
    Size: [193, 229, 193]
  BufferedRegion: 
    Dimension: 3
    Index: [0, 0, 0]
    Size: [193, 229, 193]
  RequestedRegion: 
    Dimension: 3
    Index: [0, 0, 0]
    Size: [193, 229, 193]
  Spacing: [1, 1, 1]
  Origin: [96, 132, -78]
  Direction: 
-1 0 0
0 -1 0
0 0 1

  IndexToPointMatrix: 
-1 0 0
0 -1 0
0 0 1

  PointToIndexMatrix: 
-1 0 0
0 -1 0
0 0 1

  Inverse Direction: 
-1 0 0
0 -1 0
0 0 1

  PixelContainer: 
    ImportImageContainer (0x4cf5c60)
      RTTI typeinfo:   itk::ImportImageContainer<unsigned long, double>
      Reference Count: 1
      Modified Time: 1940
      Debug: Off
      Object Name: 
      Observers: 
        none
      Pointer: 0x1476e2e8b010
      Container manages memory: true
      Size: 8530021
      Capacity: 8530021

     Moving image = Image (0x4cf8610)
  RTTI typeinfo:   itk::Image<double, 3u>
  Reference Count: 2
  Modified Time: 2335
  Debug: Off
  Object Name: 
  Observers: 
    none
  Source: (none)
  Source output name: (none)
  Release Data: Off
  Data Released: False
  Global Release Data: Off
  PipelineMTime: 0
  UpdateMTime: 2332
  RealTimeStamp: 0 seconds 
  LargestPossibleRegion: 
    Dimension: 3
    Index: [0, 0, 0]
    Size: [176, 240, 256]
  BufferedRegion: 
    Dimension: 3
    Index: [0, 0, 0]
    Size: [176, 240, 256]
  RequestedRegion: 
    Dimension: 3
    Index: [0, 0, 0]
    Size: [176, 240, 256]
  Spacing: [0.999999, 1, 1]
  Origin: [90.3778, 84.5091, -154.071]
  Direction: 
-0.999391 7.48184e-06 -0.0348969
-7.47664e-06 -1 -2.7953e-07
-0.0348969 -1.84481e-08 0.999391

  IndexToPointMatrix: 
-0.99939 7.48184e-06 -0.0348969
-7.47663e-06 -1 -2.7953e-07
-0.0348968 -1.84481e-08 0.999391

  PointToIndexMatrix: 
-0.999392 -7.47665e-06 -0.0348969
7.48184e-06 -1 -1.84481e-08
-0.0348969 -2.7953e-07 0.999391

  Inverse Direction: 
-0.999391 -7.47664e-06 -0.0348969
7.48184e-06 -1 -1.84481e-08
-0.0348969 -2.7953e-07 0.999391

  PixelContainer: 
    ImportImageContainer (0x4d91ef0)
      RTTI typeinfo:   itk::ImportImageContainer<unsigned long, double>
      Reference Count: 1
      Modified Time: 2329
      Debug: Off
      Object Name: 
      Observers: 
        none
      Pointer: 0x1476ddc0a010
      Container manages memory: true
      Size: 10813440
      Capacity: 10813440

     Weighting = 1
     Sampling strategy = regular
     Number of bins = 32
     Radius = 4
     Sampling percentage  = 0.25
   Transform = Rigid
     Gradient step = 0.1
     Update field sigma (voxel space) = 0
     Total field sigma (voxel space) = 0
     Update field time sigma = 0
     Total field time sigma  = 0
     Number of time indices = 0
     Number of time point samples = 0
Registration using 1 total stages.

Stage 0
  iterations = 0
  convergence threshold = 1e-06
  convergence window size = 10
  number of levels = 1
  using the Mattes MI metric (number of bins = 32, weight = 1, use gradient filter = 0)
  preprocessing:  winsorizing the image intensities
  Shrink factors (level 1 out of 1): [1, 1, 1]
  smoothing sigmas per level: [0]
  regular sampling (percentage = 0.25)

*** Running Euler3DTransform registration ***

  Elapsed time (stage 0): 1.21922


Total elapsed time: 1.22168
Info [verificarlo]: loaded backend libinterflop_vprec.so
Info [interflop-vprec]: load backend with: 
Info [interflop-vprec]: precision-binary32 = 21
Info [interflop-vprec]: range-binary32 = 7
Info [interflop-vprec]: precision-binary64 = 21
Info [interflop-vprec]: range-binary64 = 7
Info [interflop-vprec]: mode = ob
Info [interflop-vprec]: error-mode = rel
Info [interflop-vprec]: max-abs-error-exponent = -1022
Info [interflop-vprec]: daz = false
Info [interflop-vprec]: ftz = false
Info [interflop-vprec]: 	instrument = none
Info [interflop-vprec]: 	prec-input-file = (null)
Info [interflop-vprec]: 	prec-output-file = (null)
Info [interflop-vprec]: 	prec-log-file = (null)
All_Command_lines_OK
Using double precision for computations.
=============================================================================
The composite transform comprises the following transforms (in order): 
  1. /home/mdugre/scratch/mri-registration-rp/datasets/ds004513/derivatives/mri-registration-rp/0100/antsRegistration-r7-p21/sub-s025/align_Composite.h5[0] (type = Euler3DTransform)
  2. /home/mdugre/scratch/mri-registration-rp/datasets/ds004513/derivatives/mri-registration-rp/0100/antsRegistration-r7-p21/sub-s025/align_Composite.h5[1] (type = Euler3DTransform)
=============================================================================
  number of levels = 4
  fixed image: /templateflow/tpl-MNI152NLin2009cAsym/tpl-MNI152NLin2009cAsym_res-01_desc-brain_T1w.nii.gz
  moving image: /home/mdugre/scratch/mri-registration-rp/datasets/ds004513/derivatives/mri-registration-rp/antsBrainExtraction/sub-s025/BrainExtractionBrain.nii.gz
Dimension = 3
Number of stages = 1
Use histogram matching = false
Winsorize image intensities = true
  Lower quantile = 0.005
  Upper quantile = 0.995


Stage 1 State
   Image metric = MattesMI
     Fixed image = Image (0x3f2c1e0)
  RTTI typeinfo:   itk::Image<double, 3u>
  Reference Count: 2
  Modified Time: 1580
  Debug: Off
  Object Name: 
  Observers: 
    none
  Source: (none)
  Source output name: (none)
  Release Data: Off
  Data Released: False
  Global Release Data: Off
  PipelineMTime: 0
  UpdateMTime: 1189
  RealTimeStamp: 0 seconds 
  LargestPossibleRegion: 
    Dimension: 3
    Index: [0, 0, 0]
    Size: [193, 229, 193]
  BufferedRegion: 
    Dimension: 3
    Index: [0, 0, 0]
    Size: [193, 229, 193]
  RequestedRegion: 
    Dimension: 3
    Index: [0, 0, 0]
    Size: [193, 229, 193]
  Spacing: [1, 1, 1]
  Origin: [96, 132, -78]
  Direction: 
-1 0 0
0 -1 0
0 0 1

  IndexToPointMatrix: 
-1 0 0
0 -1 0
0 0 1

  PointToIndexMatrix: 
-1 0 0
0 -1 0
0 0 1

  Inverse Direction: 
-1 0 0
0 -1 0
0 0 1

  PixelContainer: 
    ImportImageContainer (0x3feb680)
      RTTI typeinfo:   itk::ImportImageContainer<unsigned long, double>
      Reference Count: 1
      Modified Time: 1186
      Debug: Off
      Object Name: 
      Observers: 
        none
      Pointer: 0x153cda195010
      Container manages memory: true
      Size: 8530021
      Capacity: 8530021

     Moving image = Image (0x3fe7b20)
  RTTI typeinfo:   itk::Image<double, 3u>
  Reference Count: 2
  Modified Time: 1581
  Debug: Off
  Object Name: 
  Observers: 
    none
  Source: (none)
  Source output name: (none)
  Release Data: Off
  Data Released: False
  Global Release Data: Off
  PipelineMTime: 0
  UpdateMTime: 1578
  RealTimeStamp: 0 seconds 
  LargestPossibleRegion: 
    Dimension: 3
    Index: [0, 0, 0]
    Size: [176, 240, 256]
  BufferedRegion: 
    Dimension: 3
    Index: [0, 0, 0]
    Size: [176, 240, 256]
  RequestedRegion: 
    Dimension: 3
    Index: [0, 0, 0]
    Size: [176, 240, 256]
  Spacing: [0.999999, 1, 1]
  Origin: [90.3778, 84.5091, -154.071]
  Direction: 
-0.999391 7.48184e-06 -0.0348969
-7.47664e-06 -1 -2.7953e-07
-0.0348969 -1.84481e-08 0.999391

  IndexToPointMatrix: 
-0.999389 7.48184e-06 -0.0348969
-7.47663e-06 -1 -2.7953e-07
-0.0348968 -1.84481e-08 0.999391

  PointToIndexMatrix: 
-0.999392 -7.47665e-06 -0.0348969
7.49328e-06 -1 -3.46051e-07
-0.0348969 -6.07333e-07 0.999391

  Inverse Direction: 
-0.999391 -7.47664e-06 -0.0348969
7.49328e-06 -1 -3.46051e-07
-0.0348969 -6.07333e-07 0.999391

  PixelContainer: 
    ImportImageContainer (0x4050d50)
      RTTI typeinfo:   itk::ImportImageContainer<unsigned long, double>
      Reference Count: 1
      Modified Time: 1575
      Debug: Off
      Object Name: 
      Observers: 
        none
      Pointer: 0x153cd4f14010
      Container manages memory: true
      Size: 10813440
      Capacity: 10813440

     Weighting = 1
     Sampling strategy = regular
     Number of bins = 32
     Radius = 4
     Sampling percentage  = 0.25
   Transform = Rigid
     Gradient step = 0.1
     Update field sigma (voxel space) = 0
     Total field sigma (voxel space) = 0
     Update field time sigma = 0
     Total field time sigma  = 0
     Number of time indices = 0
     Number of time point samples = 0
Registration using 1 total stages.

Stage 0
  iterations = 1000x500x250x100
  convergence threshold = 1e-06
  convergence window size = 10
  number of levels = 4
  using the Mattes MI metric (number of bins = 32, weight = 1, use gradient filter = 0)
  preprocessing:  winsorizing the image intensities
  Shrink factors (level 1 out of 4): [8, 8, 8]
  Shrink factors (level 2 out of 4): [4, 4, 4]
  Shrink factors (level 3 out of 4): [2, 2, 2]
  Shrink factors (level 4 out of 4): [1, 1, 1]
  smoothing sigmas per level: [3, 2, 1, 0]
  regular sampling (percentage = 0.25)

*** Running Euler3DTransform registration ***

DIAGNOSTIC,Iteration,metricValue,convergenceValue,ITERATION_TIME_INDEX,SINCE_LAST
 2DIAGNOSTIC,     1, -5.323249905371e-01, 1.797693134862e+308, 0.0000e+00, 0.0000e+00, 
 2DIAGNOSTIC,     2, -5.346169960364e-01, 1.797693134862e+308, 0.0000e+00, 0.0000e+00, 
 2DIAGNOSTIC,     3, -5.377988314335e-01, 1.797693134862e+308, 0.0000e+00, 0.0000e+00, 
 2DIAGNOSTIC,     4, -5.422840834263e-01, 1.797693134862e+308, 0.0000e+00, 0.0000e+00, 
 2DIAGNOSTIC,     5, -5.486709416900e-01, 1.797693134862e+308, 0.0000e+00, 0.0000e+00, 
 2DIAGNOSTIC,     6, -5.542737249062e-01, 1.797693134862e+308, 0.0000e+00, 0.0000e+00, 
 2DIAGNOSTIC,     7, -5.627047614871e-01, 1.797693134862e+308, 0.0000e+00, 0.0000e+00, 
 2DIAGNOSTIC,     8, -5.766341198881e-01, 1.797693134862e+308, 0.0000e+00, 0.0000e+00, 
 2DIAGNOSTIC,     9, -5.865819744297e-01, 1.797693134862e+308, 0.0000e+00, 0.0000e+00, 
 2DIAGNOSTIC,    10, -5.981131238558e-01, 7.595909726874e-03, 0.0000e+00, 0.0000e+00, 
 2DIAGNOSTIC,    11, -6.121791318097e-01, 8.079719196933e-03, 0.0000e+00, 0.0000e+00, 
 2DIAGNOSTIC,    12, -6.261291582849e-01, 8.408798331756e-03, 0.0000e+00, 0.0000e+00, 
 2DIAGNOSTIC,    13, -6.282272840079e-01, 8.117216505018e-03, 0.0000e+00, 0.0000e+00, 
 2DIAGNOSTIC,    14, -6.307767416614e-01, 7.387925913538e-03, 0.0000e+00, 0.0000e+00, 
 2DIAGNOSTIC,    15, -6.338237255095e-01, 6.402237937633e-03, 0.0000e+00, 0.0000e+00, 
 2DIAGNOSTIC,    16, -6.358051074942e-01, 5.188400051071e-03, 0.0000e+00, 0.0000e+00, 
 2DIAGNOSTIC,    17, -6.437527374351e-01, 4.107188288100e-03, 0.0000e+00, 0.0000e+00, 
 2DIAGNOSTIC,    18, -6.452529299027e-01, 3.187376261661e-03, 0.0000e+00, 0.0000e+00, 
 2DIAGNOSTIC,    19, -6.464638449172e-01, 2.362355288330e-03, 0.0000e+00, 0.0000e+00, 
 2DIAGNOSTIC,    20, -6.501372558682e-01, 1.766583222079e-03, 0.0000e+00, 0.0000e+00, 
 2DIAGNOSTIC,    21, -6.516787399412e-01, 1.410515091228e-03, 0.0000e+00, 0.0000e+00, 
 2DIAGNOSTIC,    22, -6.529518222857e-01, 1.283111218167e-03, 0.0000e+00, 0.0000e+00, 
 2DIAGNOSTIC,    23, -6.539683144572e-01, 1.111459971531e-03, 0.0000e+00, 0.0000e+00, 
 2DIAGNOSTIC,    24, -6.546966384389e-01, 9.163256119885e-04, 0.0000e+00, 0.0000e+00, 
 2DIAGNOSTIC,    25, -6.547729084074e-01, 7.108508261376e-04, 0.0000e+00, 0.0000e+00, 
 2DIAGNOSTIC,    26, -6.547593096132e-01, 4.873154404402e-04, 0.0000e+00, 0.0000e+00, 
 2DIAGNOSTIC,    27, -6.547843965049e-01, 3.733920211390e-04, 0.0000e+00, 0.0000e+00, 
 2DIAGNOSTIC,    28, -6.548883226006e-01, 2.598926004446e-04, 0.0000e+00, 0.0000e+00, 
 2DIAGNOSTIC,    29, -6.552857400250e-01, 1.546614320685e-04, 0.0000e+00, 0.0000e+00, 
 2DIAGNOSTIC,    30, -6.554074392631e-01, 1.004152277782e-04, 0.0000e+00, 0.0000e+00, 
 2DIAGNOSTIC,    31, -6.558855342895e-01, 7.037660564068e-05, 0.0000e+00, 0.0000e+00, 
 2DIAGNOSTIC,    32, -6.562468430896e-01, 5.889020718510e-05, 0.0000e+00, 0.0000e+00, 
 2DIAGNOSTIC,    33, -6.565111754719e-01, 6.011278845974e-05, 0.0000e+00, 0.0000e+00, 
 2DIAGNOSTIC,    34, -6.573473702692e-01, 7.666824845514e-05, 0.0000e+00, 0.0000e+00, 
 2DIAGNOSTIC,    35, -6.587680898402e-01, 1.043629177647e-04, 0.0000e+00, 0.0000e+00, 
 2DIAGNOSTIC,    36, -6.604972229772e-01, 1.419854340747e-04, 0.0000e+00, 0.0000e+00, 
 2DIAGNOSTIC,    37, -6.640325872297e-01, 2.075780177387e-04, 0.0000e+00, 0.0000e+00, 
 2DIAGNOSTIC,    38, -6.651284251857e-01, 2.633841889506e-04, 0.0000e+00, 0.0000e+00, 
 2DIAGNOSTIC,    39, -6.662116831942e-01, 3.087147819556e-04, 0.0000e+00, 0.0000e+00, 
 2DIAGNOSTIC,    40, -6.670614213531e-01, 3.333362255417e-04, 0.0000e+00, 0.0000e+00, 
 2DIAGNOSTIC,    41, -6.701839085491e-01, 3.643216612137e-04, 0.0000e+00, 0.0000e+00, 
 2DIAGNOSTIC,    42, -6.732729084536e-01, 3.950132456080e-04, 0.0000e+00, 0.0000e+00, 
 2DIAGNOSTIC,    43, -6.764899062679e-01, 4.225059863597e-04, 0.0000e+00, 0.0000e+00, 
 2DIAGNOSTIC,    44, -6.880700892689e-01, 5.353274564897e-04, 0.0000e+00, 0.0000e+00, 
 2DIAGNOSTIC,    45, -6.902732115604e-01, 6.251867207235e-04, 0.0000e+00, 0.0000e+00, 
 2DIAGNOSTIC,    46, -6.907278582314e-01, 6.723408161596e-04, 0.0000e+00, 0.0000e+00, 
 2DIAGNOSTIC,    47, -6.909780467998e-01, 6.903295143560e-04, 0.0000e+00, 0.0000e+00, 
 2DIAGNOSTIC,    48, -6.916081944986e-01, 6.572012575728e-04, 0.0000e+00, 0.0000e+00, 
 2DIAGNOSTIC,    49, -6.936056496273e-01, 5.892836329466e-04, 0.0000e+00, 0.0000e+00, 
 2DIAGNOSTIC,    50, -6.985415717061e-01, 5.182645024226e-04, 0.0000e+00, 0.0000e+00, 
 2DIAGNOSTIC,    51, -7.003228037755e-01, 4.435503861208e-04, 0.0000e+00, 0.0000e+00, 
 2DIAGNOSTIC,    52, -7.021088448478e-01, 3.720897066060e-04, 0.0000e+00, 0.0000e+00, 
 2DIAGNOSTIC,    53, -7.106279237311e-01, 3.636486109125e-04, 0.0000e+00, 0.0000e+00, 
 2DIAGNOSTIC,    54, -7.329697701311e-01, 5.952385207182e-04, 0.0000e+00, 0.0000e+00, 
 2DIAGNOSTIC,    55, -7.371306737900e-01, 8.063006542562e-04, 0.0000e+00, 0.0000e+00, 
 2DIAGNOSTIC,    56, -7.384118988616e-01, 9.472400715332e-04, 0.0000e+00, 0.0000e+00, 
 2DIAGNOSTIC,    57, -7.420732797227e-01, 1.024788817638e-03, 0.0000e+00, 0.0000e+00, 
 2DIAGNOSTIC,    58, -7.435744973364e-01, 1.015394852135e-03, 0.0000e+00, 0.0000e+00, 
 2DIAGNOSTIC,    59, -7.450625945905e-01, 9.310779152115e-04, 0.0000e+00, 0.0000e+00, 
 2DIAGNOSTIC,    60, -7.460819399423e-01, 8.036870014758e-04, 0.0000e+00, 0.0000e+00, 
 2DIAGNOSTIC,    61, -7.469751845248e-01, 6.256449724728e-04, 0.0000e+00, 0.0000e+00, 
 2DIAGNOSTIC,    62, -7.472374270309e-01, 4.086245660666e-04, 0.0000e+00, 0.0000e+00, 
 2DIAGNOSTIC,    63, -7.485698177788e-01, 2.236464671104e-04, 0.0000e+00, 0.0000e+00, 
 2DIAGNOSTIC,    64, -7.495300422739e-01, 1.799424699937e-04, 0.0000e+00, 0.0000e+00, 
 2DIAGNOSTIC,    65, -7.500305111962e-01, 1.513345387055e-04, 0.0000e+00, 0.0000e+00, 
 2DIAGNOSTIC,    66, -7.514147867477e-01, 1.261178154825e-04, 0.0000e+00, 0.0000e+00, 
 2DIAGNOSTIC,    67, -7.540219478973e-01, 1.294683238516e-04, 0.0000e+00, 0.0000e+00, 
 2DIAGNOSTIC,    68, -7.541245369914e-01, 1.297991273398e-04, 0.0000e+00, 0.0000e+00, 
 2DIAGNOSTIC,    69, -7.541600173354e-01, 1.271810900003e-04, 0.0000e+00, 0.0000e+00, 
 2DIAGNOSTIC,    70, -7.541386643612e-01, 1.186757394070e-04, 0.0000e+00, 0.0000e+00, 
 2DIAGNOSTIC,    71, -7.539336015761e-01, 1.031350281320e-04, 0.0000e+00, 0.0000e+00, 
 2DIAGNOSTIC,    72, -7.536316097402e-01, 7.760023951893e-05, 0.0000e+00, 0.0000e+00, 
 2DIAGNOSTIC,    73, -7.536737674540e-01, 5.336802841452e-05, 0.0000e+00, 0.0000e+00, 
 2DIAGNOSTIC,    74, -7.535035816276e-01, 2.949228249230e-05, 0.0000e+00, 0.0000e+00, 
 2DIAGNOSTIC,    75, -7.533377100922e-01, 5.387051320777e-06, 0.0000e+00, 0.0000e+00, 
DIAGNOSTIC,Iteration,metricValue,convergenceValue,ITERATION_TIME_INDEX,SINCE_LAST
 2DIAGNOSTIC,     1, -6.033847817499e-01, 1.797693134862e+308, 0.0000e+00, 0.0000e+00, 
 2DIAGNOSTIC,     2, -6.046235257710e-01, 1.797693134862e+308, 0.0000e+00, 0.0000e+00, 
 2DIAGNOSTIC,     3, -6.061583230958e-01, 1.797693134862e+308, 0.0000e+00, 0.0000e+00, 
 2DIAGNOSTIC,     4, -6.075820282660e-01, 1.797693134862e+308, 0.0000e+00, 0.0000e+00, 
 2DIAGNOSTIC,     5, -6.088349464881e-01, 1.797693134862e+308, 0.0000e+00, 0.0000e+00, 
 2DIAGNOSTIC,     6, -6.096564705450e-01, 1.797693134862e+308, 0.0000e+00, 0.0000e+00, 
 2DIAGNOSTIC,     7, -6.104993452765e-01, 1.797693134862e+308, 0.0000e+00, 0.0000e+00, 
 2DIAGNOSTIC,     8, -6.119564536022e-01, 1.797693134862e+308, 0.0000e+00, 0.0000e+00, 
 2DIAGNOSTIC,     9, -6.142382302425e-01, 1.797693134862e+308, 0.0000e+00, 0.0000e+00, 
 2DIAGNOSTIC,    10, -6.151199540015e-01, 1.202302288535e-03, 0.0000e+00, 0.0000e+00, 
 2DIAGNOSTIC,    11, -6.160202801061e-01, 1.083110399899e-03, 0.0000e+00, 0.0000e+00, 
 2DIAGNOSTIC,    12, -6.192434805048e-01, 1.059592517834e-03, 0.0000e+00, 0.0000e+00, 
 2DIAGNOSTIC,    13, -6.202493402706e-01, 1.031013890003e-03, 0.0000e+00, 0.0000e+00, 
 2DIAGNOSTIC,    14, -6.203026967831e-01, 9.610851603792e-04, 0.0000e+00, 0.0000e+00, 
 2DIAGNOSTIC,    15, -6.203423450684e-01, 8.545673814439e-04, 0.0000e+00, 0.0000e+00, 
 2DIAGNOSTIC,    16, -6.203589621083e-01, 7.081613839676e-04, 0.0000e+00, 0.0000e+00, 
 2DIAGNOSTIC,    17, -6.204364987413e-01, 5.376387330646e-04, 0.0000e+00, 0.0000e+00, 
 2DIAGNOSTIC,    18, -6.206401415220e-01, 3.776942114996e-04, 0.0000e+00, 0.0000e+00, 
 2DIAGNOSTIC,    19, -6.211995871466e-01, 2.698263794957e-04, 0.0000e+00, 0.0000e+00, 
 2DIAGNOSTIC,    20, -6.212978548982e-01, 1.709919810111e-04, 0.0000e+00, 0.0000e+00, 
 2DIAGNOSTIC,    21, -6.213087875973e-01, 8.434768070741e-05, 0.0000e+00, 0.0000e+00, 
 2DIAGNOSTIC,    22, -6.213135129718e-01, 6.529731883298e-05, 0.0000e+00, 0.0000e+00, 
 2DIAGNOSTIC,    23, -6.213216950369e-01, 6.220725932419e-05, 0.0000e+00, 0.0000e+00, 
 2DIAGNOSTIC,    24, -6.213466770543e-01, 5.498863355800e-05, 0.0000e+00, 0.0000e+00, 
 2DIAGNOSTIC,    25, -6.214113742742e-01, 4.523184090750e-05, 0.0000e+00, 0.0000e+00, 
 2DIAGNOSTIC,    26, -6.214773260479e-01, 3.369542777980e-05, 0.0000e+00, 0.0000e+00, 
 2DIAGNOSTIC,    27, -6.215708290510e-01, 2.291327607552e-05, 0.0000e+00, 0.0000e+00, 
 2DIAGNOSTIC,    28, -6.216200837376e-01, 1.476312695711e-05, 0.0000e+00, 0.0000e+00, 
 2DIAGNOSTIC,    29, -6.216752869677e-01, 1.562120765320e-05, 0.0000e+00, 0.0000e+00, 
 2DIAGNOSTIC,    30, -6.216944452546e-01, 1.683726699910e-05, 0.0000e+00, 0.0000e+00, 
 2DIAGNOSTIC,    31, -6.217349580619e-01, 1.724021980135e-05, 0.0000e+00, 0.0000e+00, 
 2DIAGNOSTIC,    32, -6.217300453109e-01, 1.606671875733e-05, 0.0000e+00, 0.0000e+00, 
 2DIAGNOSTIC,    33, -6.217303707731e-01, 1.366462400811e-05, 0.0000e+00, 0.0000e+00, 
 2DIAGNOSTIC,    34, -6.217305883223e-01, 1.053940642017e-05, 0.0000e+00, 0.0000e+00, 
 2DIAGNOSTIC,    35, -6.217309144028e-01, 7.527720626763e-06, 0.0000e+00, 0.0000e+00, 
 2DIAGNOSTIC,    36, -6.217308108517e-01, 4.872791311634e-06, 0.0000e+00, 0.0000e+00, 
 2DIAGNOSTIC,    37, -6.217196102164e-01, 3.000484060687e-06, 0.0000e+00, 0.0000e+00, 
 2DIAGNOSTIC,    38, -6.217198746313e-01, 1.619177809557e-06, 0.0000e+00, 0.0000e+00, 
DIAGNOSTIC,Iteration,metricValue,convergenceValue,ITERATION_TIME_INDEX,SINCE_LAST
 2DIAGNOSTIC,     1, -5.349008737690e-01, 1.797693134862e+308, 0.0000e+00, 0.0000e+00, 
 2DIAGNOSTIC,     2, -5.351763610591e-01, 1.797693134862e+308, 0.0000e+00, 0.0000e+00, 
 2DIAGNOSTIC,     3, -5.353954046159e-01, 1.797693134862e+308, 0.0000e+00, 0.0000e+00, 
 2DIAGNOSTIC,     4, -5.355746489957e-01, 1.797693134862e+308, 0.0000e+00, 0.0000e+00, 
 2DIAGNOSTIC,     5, -5.356461108416e-01, 1.797693134862e+308, 0.0000e+00, 0.0000e+00, 
 2DIAGNOSTIC,     6, -5.359157712335e-01, 1.797693134862e+308, 0.0000e+00, 0.0000e+00, 
 2DIAGNOSTIC,     7, -5.359193028620e-01, 1.797693134862e+308, 0.0000e+00, 0.0000e+00, 
 2DIAGNOSTIC,     8, -5.359191925028e-01, 1.797693134862e+308, 0.0000e+00, 0.0000e+00, 
 2DIAGNOSTIC,     9, -5.359175844374e-01, 1.797693134862e+308, 0.0000e+00, 0.0000e+00, 
 2DIAGNOSTIC,    10, -5.359142510306e-01, 1.217312674328e-04, 0.0000e+00, 0.0000e+00, 
 2DIAGNOSTIC,    11, -5.359124975689e-01, 7.805765730536e-05, 0.0000e+00, 0.0000e+00, 
 2DIAGNOSTIC,    12, -5.359128040855e-01, 4.694229521113e-05, 0.0000e+00, 0.0000e+00, 
 2DIAGNOSTIC,    13, -5.359122438234e-01, 2.553509653916e-05, 0.0000e+00, 0.0000e+00, 
 2DIAGNOSTIC,    14, -5.359136224705e-01, 1.198423634395e-05, 0.0000e+00, 0.0000e+00, 
 2DIAGNOSTIC,    15, -5.359127316643e-01, 1.579338109223e-06, 0.0000e+00, 0.0000e+00, 
 2DIAGNOSTIC,    16, -5.359110949835e-01, 1.410380038480e-06, 0.0000e+00, 0.0000e+00, 
 2DIAGNOSTIC,    17, -5.359098584705e-01, 1.386139515759e-06, 0.0000e+00, 0.0000e+00, 
 2DIAGNOSTIC,    18, -5.359093021656e-01, 1.389480707430e-06, 0.0000e+00, 0.0000e+00, 
 2DIAGNOSTIC,    19, -5.359087598683e-01, 1.368695266624e-06, 0.0000e+00, 0.0000e+00, 
 2DIAGNOSTIC,    20, -5.359086845463e-01, 1.289517829219e-06, 0.0000e+00, 0.0000e+00, 
 2DIAGNOSTIC,    21, -5.359087532283e-01, 1.204323018644e-06, 0.0000e+00, 0.0000e+00, 
 2DIAGNOSTIC,    22, -5.359088240538e-01, 1.166028187810e-06, 0.0000e+00, 0.0000e+00, 
 2DIAGNOSTIC,    23, -5.359088159303e-01, 1.142882505530e-06, 0.0000e+00, 0.0000e+00, 
 2DIAGNOSTIC,    24, -5.359088317071e-01, 1.175176043207e-06, 0.0000e+00, 0.0000e+00, 
 2DIAGNOSTIC,    25, -5.359088217529e-01, 1.200629095172e-06, 0.0000e+00, 0.0000e+00, 
 2DIAGNOSTIC,    26, -5.359087908208e-01, 1.197417145250e-06, 0.0000e+00, 0.0000e+00, 
 2DIAGNOSTIC,    27, -5.359088633468e-01, 1.174349444071e-06, 0.0000e+00, 0.0000e+00, 
 2DIAGNOSTIC,    28, -5.359088631711e-01, 1.143152542522e-06, 0.0000e+00, 0.0000e+00, 
 2DIAGNOSTIC,    29, -5.359088630102e-01, 1.103750421977e-06, 0.0000e+00, 0.0000e+00, 
 2DIAGNOSTIC,    30, -5.359088613342e-01, 1.065117683413e-06, 0.0000e+00, 0.0000e+00, 
 2DIAGNOSTIC,    31, -5.359088619862e-01, 1.029828165723e-06, 0.0000e+00, 0.0000e+00, 
DIAGNOSTIC,Iteration,metricValue,convergenceValue,ITERATION_TIME_INDEX,SINCE_LAST
 2DIAGNOSTIC,     1, -4.896808556163e-01, 1.797693134862e+308, 0.0000e+00, 0.0000e+00, 
 2DIAGNOSTIC,     2, -4.896839653708e-01, 1.797693134862e+308, 0.0000e+00, 0.0000e+00, 
 2DIAGNOSTIC,     3, -4.896834065130e-01, 1.797693134862e+308, 0.0000e+00, 0.0000e+00, 
 2DIAGNOSTIC,     4, -4.896835719791e-01, 1.797693134862e+308, 0.0000e+00, 0.0000e+00, 
 2DIAGNOSTIC,     5, -4.896829886913e-01, 1.797693134862e+308, 0.0000e+00, 0.0000e+00, 
 2DIAGNOSTIC,     6, -4.896832166918e-01, 1.797693134862e+308, 0.0000e+00, 0.0000e+00, 
 2DIAGNOSTIC,     7, -4.896830736415e-01, 1.797693134862e+308, 0.0000e+00, 0.0000e+00, 
 2DIAGNOSTIC,     8, -4.896825398222e-01, 1.797693134862e+308, 0.0000e+00, 0.0000e+00, 
 2DIAGNOSTIC,     9, -4.896827400126e-01, 1.797693134862e+308, 0.0000e+00, 0.0000e+00, 
 2DIAGNOSTIC,    10, -4.896824568958e-01, 3.169167840655e-06, 0.0000e+00, 0.0000e+00, 
 2DIAGNOSTIC,    11, -4.896824984070e-01, 2.731146581073e-06, 0.0000e+00, 0.0000e+00, 
 2DIAGNOSTIC,    12, -4.896824995635e-01, 2.531843586701e-06, 0.0000e+00, 0.0000e+00, 
 2DIAGNOSTIC,    13, -4.896824960933e-01, 2.348987916984e-06, 0.0000e+00, 0.0000e+00, 
 2DIAGNOSTIC,    14, -4.896824686409e-01, 2.207881127855e-06, 0.0000e+00, 0.0000e+00, 
 2DIAGNOSTIC,    15, -4.896824810109e-01, 2.069147096190e-06, 0.0000e+00, 0.0000e+00, 
 2DIAGNOSTIC,    16, -4.896824613500e-01, 1.960300567524e-06, 0.0000e+00, 0.0000e+00, 
 2DIAGNOSTIC,    17, -4.896824628112e-01, 1.862667466615e-06, 0.0000e+00, 0.0000e+00, 
 2DIAGNOSTIC,    18, -4.896824730900e-01, 1.759733302437e-06, 0.0000e+00, 0.0000e+00, 
 2DIAGNOSTIC,    19, -4.896824712617e-01, 1.674851835838e-06, 0.0000e+00, 0.0000e+00, 
 2DIAGNOSTIC,    20, -4.896824719178e-01, 1.590366125993e-06, 0.0000e+00, 0.0000e+00, 
 2DIAGNOSTIC,    21, -4.896824289442e-01, 1.514081351975e-06, 0.0000e+00, 0.0000e+00, 
 2DIAGNOSTIC,    22, -4.896823277724e-01, 1.442365332956e-06, 0.0000e+00, 0.0000e+00, 
 2DIAGNOSTIC,    23, -4.896823115953e-01, 1.376962314420e-06, 0.0000e+00, 0.0000e+00, 
 2DIAGNOSTIC,    24, -4.896823103810e-01, 1.316999682026e-06, 0.0000e+00, 0.0000e+00, 
 2DIAGNOSTIC,    25, -4.896822856395e-01, 1.262472346684e-06, 5.1200e+02, 5.1200e+02, 
 2DIAGNOSTIC,    26, -4.896822507438e-01, 1.212040733931e-06, 5.1200e+02, 0.0000e+00, 
 2DIAGNOSTIC,    27, -4.896822518512e-01, 1.166669737394e-06, 5.1200e+02, 0.0000e+00, 
 2DIAGNOSTIC,    28, -4.896822518512e-01, 1.125957201198e-06, 5.1200e+02, 0.0000e+00, 
 2DIAGNOSTIC,    29, -4.896822471357e-01, 1.088959792325e-06, 5.1200e+02, 0.0000e+00, 
 2DIAGNOSTIC,    30, -4.896822471357e-01, 1.055330859562e-06, 5.1200e+02, 0.0000e+00, 
 2DIAGNOSTIC,    31, -4.896822471357e-01, 1.023728254029e-06, 5.1200e+02, 0.0000e+00, 
  Elapsed time (stage 0): 5.1200e+02


Total elapsed time: 5.1200e+02
Info [verificarlo]: loaded backend libinterflop_ieee.so
Info [interflop-ieee]: load backend with:
Info [interflop-ieee]: debug = false
Info [interflop-ieee]: debug-binary = false
Info [interflop-ieee]: no-backend-name = false
Info [interflop-ieee]: print-new-line = false
Info [interflop-ieee]: print-subnormal-normalized = false
Info [interflop-ieee]: count-op = false
All_Command_lines_OK
Using double precision for computations.
=============================================================================
The composite transform comprises the following transforms (in order): 
  1. /home/mdugre/scratch/mri-registration-rp/datasets/ds004513/derivatives/mri-registration-rp/0100/antsRegistration-r7-p21/sub-s025/rigid_Composite.h5[0] (type = Euler3DTransform)
  2. /home/mdugre/scratch/mri-registration-rp/datasets/ds004513/derivatives/mri-registration-rp/0100/antsRegistration-r7-p21/sub-s025/rigid_Composite.h5[1] (type = Euler3DTransform)
  3. /home/mdugre/scratch/mri-registration-rp/datasets/ds004513/derivatives/mri-registration-rp/0100/antsRegistration-r7-p21/sub-s025/rigid_Composite.h5[2] (type = Euler3DTransform)
=============================================================================
  number of levels = 4
  fixed image: /templateflow/tpl-MNI152NLin2009cAsym/tpl-MNI152NLin2009cAsym_res-01_desc-brain_T1w.nii.gz
  moving image: /home/mdugre/scratch/mri-registration-rp/datasets/ds004513/derivatives/mri-registration-rp/antsBrainExtraction/sub-s025/BrainExtractionBrain.nii.gz
Dimension = 3
Number of stages = 1
Use histogram matching = false
Winsorize image intensities = true
  Lower quantile = 0.005
  Upper quantile = 0.995


Stage 1 State
   Image metric = MattesMI
     Fixed image = Image (0x45f77e0)
  RTTI typeinfo:   itk::Image<double, 3u>
  Reference Count: 2
  Modified Time: 1594
  Debug: Off
  Object Name: 
  Observers: 
    none
  Source: (none)
  Source output name: (none)
  Release Data: Off
  Data Released: False
  Global Release Data: Off
  PipelineMTime: 0
  UpdateMTime: 1203
  RealTimeStamp: 0 seconds 
  LargestPossibleRegion: 
    Dimension: 3
    Index: [0, 0, 0]
    Size: [193, 229, 193]
  BufferedRegion: 
    Dimension: 3
    Index: [0, 0, 0]
    Size: [193, 229, 193]
  RequestedRegion: 
    Dimension: 3
    Index: [0, 0, 0]
    Size: [193, 229, 193]
  Spacing: [1, 1, 1]
  Origin: [96, 132, -78]
  Direction: 
-1 0 0
0 -1 0
0 0 1

  IndexToPointMatrix: 
-1 0 0
0 -1 0
0 0 1

  PointToIndexMatrix: 
-1 0 0
0 -1 0
0 0 1

  Inverse Direction: 
-1 0 0
0 -1 0
0 0 1

  PixelContainer: 
    ImportImageContainer (0x46c2880)
      RTTI typeinfo:   itk::ImportImageContainer<unsigned long, double>
      Reference Count: 1
      Modified Time: 1200
      Debug: Off
      Object Name: 
      Observers: 
        none
      Pointer: 0x1547073c7010
      Container manages memory: true
      Size: 8530021
      Capacity: 8530021

     Moving image = Image (0x46b3050)
  RTTI typeinfo:   itk::Image<double, 3u>
  Reference Count: 2
  Modified Time: 1595
  Debug: Off
  Object Name: 
  Observers: 
    none
  Source: (none)
  Source output name: (none)
  Release Data: Off
  Data Released: False
  Global Release Data: Off
  PipelineMTime: 0
  UpdateMTime: 1592
  RealTimeStamp: 0 seconds 
  LargestPossibleRegion: 
    Dimension: 3
    Index: [0, 0, 0]
    Size: [176, 240, 256]
  BufferedRegion: 
    Dimension: 3
    Index: [0, 0, 0]
    Size: [176, 240, 256]
  RequestedRegion: 
    Dimension: 3
    Index: [0, 0, 0]
    Size: [176, 240, 256]
  Spacing: [0.999999, 1, 1]
  Origin: [90.3778, 84.5091, -154.071]
  Direction: 
-0.999391 7.48184e-06 -0.0348969
-7.47664e-06 -1 -2.7953e-07
-0.0348969 -1.84481e-08 0.999391

  IndexToPointMatrix: 
-0.99939 7.48184e-06 -0.0348969
-7.47663e-06 -1 -2.7953e-07
-0.0348968 -1.84481e-08 0.999391

  PointToIndexMatrix: 
-0.999392 -7.47665e-06 -0.0348969
7.48184e-06 -1 -1.84481e-08
-0.0348969 -2.7953e-07 0.999391

  Inverse Direction: 
-0.999391 -7.47664e-06 -0.0348969
7.48184e-06 -1 -1.84481e-08
-0.0348969 -2.7953e-07 0.999391

  PixelContainer: 
    ImportImageContainer (0x4766690)
      RTTI typeinfo:   itk::ImportImageContainer<unsigned long, double>
      Reference Count: 1
      Modified Time: 1589
      Debug: Off
      Object Name: 
      Observers: 
        none
      Pointer: 0x154702146010
      Container manages memory: true
      Size: 10813440
      Capacity: 10813440

     Weighting = 1
     Sampling strategy = regular
     Number of bins = 32
     Radius = 4
     Sampling percentage  = 0.25
   Transform = Affine
     Gradient step = 0.1
     Update field sigma (voxel space) = 0
     Total field sigma (voxel space) = 0
     Update field time sigma = 0
     Total field time sigma  = 0
     Number of time indices = 0
     Number of time point samples = 0
Registration using 1 total stages.

Stage 0
  iterations = 1000x500x250x100
  convergence threshold = 1e-06
  convergence window size = 10
  number of levels = 4
  using the Mattes MI metric (number of bins = 32, weight = 1, use gradient filter = 0)
  preprocessing:  winsorizing the image intensities
  Shrink factors (level 1 out of 4): [8, 8, 8]
  Shrink factors (level 2 out of 4): [4, 4, 4]
  Shrink factors (level 3 out of 4): [2, 2, 2]
  Shrink factors (level 4 out of 4): [1, 1, 1]
  smoothing sigmas per level: [3, 2, 1, 0]
  regular sampling (percentage = 0.25)

*** Running AffineTransform registration ***

DIAGNOSTIC,Iteration,metricValue,convergenceValue,ITERATION_TIME_INDEX,SINCE_LAST
 2DIAGNOSTIC,     1, -7.475789731984e-01, 1.797693134862e+308, 8.4786e-01, 8.4786e-01, 
 2DIAGNOSTIC,     2, -7.498883834754e-01, 1.797693134862e+308, 8.5297e-01, 5.1060e-03, 
 2DIAGNOSTIC,     3, -7.532352486406e-01, 1.797693134862e+308, 8.5789e-01, 4.9231e-03, 
 2DIAGNOSTIC,     4, -7.597457542524e-01, 1.797693134862e+308, 8.6280e-01, 4.9100e-03, 
 2DIAGNOSTIC,     5, -7.712326717946e-01, 1.797693134862e+308, 8.6773e-01, 4.9272e-03, 
 2DIAGNOSTIC,     6, -7.865362476150e-01, 1.797693134862e+308, 8.7266e-01, 4.9331e-03, 
 2DIAGNOSTIC,     7, -8.203828566735e-01, 1.797693134862e+308, 8.7788e-01, 5.2199e-03, 
 2DIAGNOSTIC,     8, -9.007102558323e-01, 1.797693134862e+308, 8.8420e-01, 6.3200e-03, 
 2DIAGNOSTIC,     9, -9.199048903625e-01, 1.797693134862e+308, 8.8966e-01, 5.4541e-03, 
 2DIAGNOSTIC,    10, -9.247208125342e-01, 1.607810812714e-02, 8.9640e-01, 6.7470e-03, 
 2DIAGNOSTIC,    11, -9.299626476123e-01, 1.594358311791e-02, 9.0127e-01, 4.8690e-03, 
 2DIAGNOSTIC,    12, -9.359689644632e-01, 1.463229711009e-02, 9.0675e-01, 5.4781e-03, 
 2DIAGNOSTIC,    13, -9.371559718346e-01, 1.231752096340e-02, 9.1166e-01, 4.9062e-03, 
 2DIAGNOSTIC,    14, -9.379023842433e-01, 9.429019645194e-03, 9.1819e-01, 6.5341e-03, 
 2DIAGNOSTIC,    15, -9.377661353999e-01, 6.387234358008e-03, 9.2362e-01, 5.4290e-03, 
 2DIAGNOSTIC,    16, -9.381998050538e-01, 3.507982510254e-03, 9.2894e-01, 5.3210e-03, 
 2DIAGNOSTIC,    17, -9.382739440585e-01, 1.290774301052e-03, 9.3420e-01, 5.2562e-03, 
 2DIAGNOSTIC,    18, -9.383630738195e-01, 6.756102409378e-04, 9.3952e-01, 5.3229e-03, 
 2DIAGNOSTIC,    19, -9.383174272104e-01, 3.967046487293e-04, 9.4429e-01, 4.7729e-03, 
 2DIAGNOSTIC,    20, -9.383288206051e-01, 1.885963355130e-04, 9.4914e-01, 4.8509e-03, 
 2DIAGNOSTIC,    21, -9.385069985901e-01, 6.549215820233e-05, 9.5443e-01, 5.2841e-03, 
 2DIAGNOSTIC,    22, -9.386229785398e-01, 3.761294966095e-05, 9.5925e-01, 4.8261e-03, 
 2DIAGNOSTIC,    23, -9.386247892520e-01, 2.531186605535e-05, 9.6463e-01, 5.3771e-03, 
 2DIAGNOSTIC,    24, -9.385496849362e-01, 2.104319579777e-05, 9.7049e-01, 5.8560e-03, 
 2DIAGNOSTIC,    25, -9.386191359130e-01, 1.435432619820e-05, 9.7606e-01, 5.5768e-03, 
 2DIAGNOSTIC,    26, -9.385014398785e-01, 1.076899004603e-05, 9.8229e-01, 6.2239e-03, 
 2DIAGNOSTIC,    27, -9.384258812727e-01, 6.525085665010e-06, 9.8737e-01, 5.0802e-03, 
 2DIAGNOSTIC,    28, -9.382464338870e-01, 1.144589397158e-06, 9.9298e-01, 5.6090e-03, 
DIAGNOSTIC,Iteration,metricValue,convergenceValue,ITERATION_TIME_INDEX,SINCE_LAST
 2DIAGNOSTIC,     1, -7.506241989802e-01, 1.797693134862e+308, 1.8480e+00, 8.5507e-01, 
 2DIAGNOSTIC,     2, -7.510615308516e-01, 1.797693134862e+308, 1.8845e+00, 3.6448e-02, 
 2DIAGNOSTIC,     3, -7.516308004227e-01, 1.797693134862e+308, 1.9276e+00, 4.3148e-02, 
 2DIAGNOSTIC,     4, -7.521216192427e-01, 1.797693134862e+308, 1.9653e+00, 3.7615e-02, 
 2DIAGNOSTIC,     5, -7.535561966987e-01, 1.797693134862e+308, 2.0031e+00, 3.7819e-02, 
 2DIAGNOSTIC,     6, -7.542048688668e-01, 1.797693134862e+308, 2.0641e+00, 6.1027e-02, 
 2DIAGNOSTIC,     7, -7.543015244536e-01, 1.797693134862e+308, 2.1050e+00, 4.0919e-02, 
 2DIAGNOSTIC,     8, -7.543048203385e-01, 1.797693134862e+308, 2.1500e+00, 4.5006e-02, 
 2DIAGNOSTIC,     9, -7.542960634613e-01, 1.797693134862e+308, 2.1924e+00, 4.2396e-02, 
 2DIAGNOSTIC,    10, -7.542986728871e-01, 3.618211039448e-04, 2.2424e+00, 4.9989e-02, 
 2DIAGNOSTIC,    11, -7.542995312829e-01, 2.588443154426e-04, 2.2861e+00, 4.3684e-02, 
 2DIAGNOSTIC,    12, -7.542989920567e-01, 1.641176222707e-04, 2.3270e+00, 4.0895e-02, 
 2DIAGNOSTIC,    13, -7.542920874799e-01, 8.611764389001e-05, 2.3709e+00, 4.3859e-02, 
 2DIAGNOSTIC,    14, -7.543419111097e-01, 2.539625044441e-05, 2.4141e+00, 4.3290e-02, 
 2DIAGNOSTIC,    15, -7.543901212853e-01, 7.481659400038e-06, 2.4525e+00, 3.8349e-02, 
 2DIAGNOSTIC,    16, -7.544303265779e-01, 7.467413310480e-06, 2.4971e+00, 4.4621e-02, 
 2DIAGNOSTIC,    17, -7.544526471824e-01, 9.592717871473e-06, 2.5468e+00, 4.9688e-02, 
 2DIAGNOSTIC,    18, -7.544462831887e-01, 1.072226051693e-05, 2.5972e+00, 5.0371e-02, 
 2DIAGNOSTIC,    19, -7.544706904545e-01, 1.121447822887e-05, 2.6487e+00, 5.1493e-02, 
 2DIAGNOSTIC,    20, -7.544707395895e-01, 1.078905902092e-05, 2.6933e+00, 4.4611e-02, 
 2DIAGNOSTIC,    21, -7.544658425097e-01, 9.474784886110e-06, 2.7308e+00, 3.7562e-02, 
 2DIAGNOSTIC,    22, -7.544659070678e-01, 7.556672988185e-06, 2.7706e+00, 3.9718e-02, 
 2DIAGNOSTIC,    23, -7.544737328679e-01, 5.243745080694e-06, 2.8122e+00, 4.1621e-02, 
 2DIAGNOSTIC,    24, -7.545047725215e-01, 4.012968690556e-06, 2.8487e+00, 3.6534e-02, 
 2DIAGNOSTIC,    25, -7.544858081389e-01, 3.041567027455e-06, 2.8964e+00, 4.7688e-02, 
 2DIAGNOSTIC,    26, -7.544822800954e-01, 2.522167343526e-06, 2.9400e+00, 4.3563e-02, 
 2DIAGNOSTIC,    27, -7.544571206564e-01, 1.891199965263e-06, 2.9804e+00, 4.0438e-02, 
 2DIAGNOSTIC,    28, -7.544608458439e-01, 1.193737966483e-06, 3.0202e+00, 3.9799e-02, 
DIAGNOSTIC,Iteration,metricValue,convergenceValue,ITERATION_TIME_INDEX,SINCE_LAST
 2DIAGNOSTIC,     1, -6.416033482628e-01, 1.797693134862e+308, 4.2694e+00, 1.2492e+00, 
 2DIAGNOSTIC,     2, -6.420912064537e-01, 1.797693134862e+308, 4.5662e+00, 2.9679e-01, 
 2DIAGNOSTIC,     3, -6.425831534247e-01, 1.797693134862e+308, 4.8624e+00, 2.9615e-01, 
 2DIAGNOSTIC,     4, -6.430764738955e-01, 1.797693134862e+308, 5.1930e+00, 3.3065e-01, 
 2DIAGNOSTIC,     5, -6.438658840117e-01, 1.797693134862e+308, 5.5578e+00, 3.6483e-01, 
 2DIAGNOSTIC,     6, -6.449850833034e-01, 1.797693134862e+308, 5.9765e+00, 4.1871e-01, 
 2DIAGNOSTIC,     7, -6.450167463530e-01, 1.797693134862e+308, 6.3676e+00, 3.9107e-01, 
 2DIAGNOSTIC,     8, -6.450050278648e-01, 1.797693134862e+308, 6.7753e+00, 4.0766e-01, 
 2DIAGNOSTIC,     9, -6.450050652151e-01, 1.797693134862e+308, 7.2072e+00, 4.3198e-01, 
 2DIAGNOSTIC,    10, -6.450044451997e-01, 3.889060524053e-04, 7.5464e+00, 3.3918e-01, 
 2DIAGNOSTIC,    11, -6.450033088561e-01, 2.804931158310e-04, 7.8707e+00, 3.2431e-01, 
 2DIAGNOSTIC,    12, -6.450028048362e-01, 1.832139228667e-04, 8.2010e+00, 3.3027e-01, 
 2DIAGNOSTIC,    13, -6.449989969849e-01, 1.016545293727e-04, 8.5563e+00, 3.5531e-01, 
 2DIAGNOSTIC,    14, -6.449985732546e-01, 3.801784250672e-05, 8.9183e+00, 3.6199e-01, 
 2DIAGNOSTIC,    15, -6.449982458709e-01, 1.882369771208e-06, 9.1995e+00, 2.8121e-01, 
 2DIAGNOSTIC,    16, -6.449972445616e-01, 1.091264286213e-06, 9.5454e+00, 3.4585e-01, 
 2DIAGNOSTIC,    17, -6.449986111941e-01, 1.342774156136e-06, 9.8874e+00, 3.4199e-01, 
 2DIAGNOSTIC,    18, -6.449988112357e-01, 1.332662345623e-06, 1.0239e+01, 3.5159e-01, 
 2DIAGNOSTIC,    19, -6.449973909239e-01, 1.332247732043e-06, 1.0595e+01, 3.5615e-01, 
 2DIAGNOSTIC,    20, -6.449972241407e-01, 1.347343336372e-06, 1.0952e+01, 3.5672e-01, 
 2DIAGNOSTIC,    21, -6.449967216082e-01, 1.348643746180e-06, 1.1278e+01, 3.2651e-01, 
 2DIAGNOSTIC,    22, -6.449968558802e-01, 1.359407607489e-06, 1.1639e+01, 3.6058e-01, 
 2DIAGNOSTIC,    23, -6.449987097843e-01, 1.339515570770e-06, 1.1963e+01, 3.2384e-01, 
 2DIAGNOSTIC,    24, -6.450018191181e-01, 1.374510147603e-06, 1.2307e+01, 3.4449e-01, 
 2DIAGNOSTIC,    25, -6.450045378084e-01, 1.444260039077e-06, 1.2645e+01, 3.3783e-01, 
