
##########################
# Experiment information #
##########################

EXPERIMENT_NAME: antsRegistration-r8-p9
VFC_BACKENDS: libinterflop_vprec.so --range-binary32=8 --precision-binary32=9 --range-binary64=8 --precision-binary64=9

SIF_IMG: /home/mdugre/projects/rrg-glatard/mdugre/containers/ants-vprec-no_metrics.simg

SUBJECT_ID: s025
INPUT_IMG: /home/mdugre/scratch/mri-registration-rp/datasets/ds004513/derivatives/mri-registration-rp/antsBrainExtraction/sub-s025/BrainExtractionBrain.nii.gz
OUTPUT_DIR: /home/mdugre/scratch/mri-registration-rp/datasets/ds004513/derivatives/mri-registration-rp/0100/antsRegistration-r8-p9/sub-s025

FIXED_IMG: /templateflow/tpl-MNI152NLin2009cAsym/tpl-MNI152NLin2009cAsym_res-01_desc-brain_T1w.nii.gz
DATA_DIR: /home/mdugre/scratch/mri-registration-rp/datasets/ds004513
TEMPLATEFLOW_DIR: /home/mdugre/projects/rrg-glatard/mdugre/templateflow
ITK_GLOBAL_DEFAULT_NUMBER_OF_THREADS: 16
##########################

Info [verificarlo]: loaded backend libinterflop_ieee.so
Info [interflop-ieee]: load backend with:
Info [interflop-ieee]: debug = false
Info [interflop-ieee]: debug-binary = false
Info [interflop-ieee]: no-backend-name = false
Info [interflop-ieee]: print-new-line = false
Info [interflop-ieee]: print-subnormal-normalized = false
Info [interflop-ieee]: count-op = false
All_Command_lines_OK
Using double precision for computations.
=============================================================================
The composite transform comprises the following transforms (in order): 
  1. Center of mass alignment using fixed image: /templateflow/tpl-MNI152NLin2009cAsym/tpl-MNI152NLin2009cAsym_res-01_desc-brain_T1w.nii.gz and moving image: /home/mdugre/scratch/mri-registration-rp/datasets/ds004513/derivatives/mri-registration-rp/antsBrainExtraction/sub-s025/BrainExtractionBrain.nii.gz (type = Euler3DTransform)
=============================================================================
  number of levels = 1
  fixed image: /templateflow/tpl-MNI152NLin2009cAsym/tpl-MNI152NLin2009cAsym_res-01_desc-brain_T1w.nii.gz
  moving image: /home/mdugre/scratch/mri-registration-rp/datasets/ds004513/derivatives/mri-registration-rp/antsBrainExtraction/sub-s025/BrainExtractionBrain.nii.gz
Dimension = 3
Number of stages = 1
Use histogram matching = false
Winsorize image intensities = true
  Lower quantile = 0.005
  Upper quantile = 0.995


Stage 1 State
   Image metric = MattesMI
     Fixed image = Image (0x4a36bd0)
  RTTI typeinfo:   itk::Image<double, 3u>
  Reference Count: 2
  Modified Time: 2334
  Debug: Off
  Object Name: 
  Observers: 
    none
  Source: (none)
  Source output name: (none)
  Release Data: Off
  Data Released: False
  Global Release Data: Off
  PipelineMTime: 0
  UpdateMTime: 1943
  RealTimeStamp: 0 seconds 
  LargestPossibleRegion: 
    Dimension: 3
    Index: [0, 0, 0]
    Size: [193, 229, 193]
  BufferedRegion: 
    Dimension: 3
    Index: [0, 0, 0]
    Size: [193, 229, 193]
  RequestedRegion: 
    Dimension: 3
    Index: [0, 0, 0]
    Size: [193, 229, 193]
  Spacing: [1, 1, 1]
  Origin: [96, 132, -78]
  Direction: 
-1 0 0
0 -1 0
0 0 1

  IndexToPointMatrix: 
-1 0 0
0 -1 0
0 0 1

  PointToIndexMatrix: 
-1 0 0
0 -1 0
0 0 1

  Inverse Direction: 
-1 0 0
0 -1 0
0 0 1

  PixelContainer: 
    ImportImageContainer (0x4a3f9e0)
      RTTI typeinfo:   itk::ImportImageContainer<unsigned long, double>
      Reference Count: 1
      Modified Time: 1940
      Debug: Off
      Object Name: 
      Observers: 
        none
      Pointer: 0x1514be072010
      Container manages memory: true
      Size: 8530021
      Capacity: 8530021

     Moving image = Image (0x4a40bd0)
  RTTI typeinfo:   itk::Image<double, 3u>
  Reference Count: 2
  Modified Time: 2335
  Debug: Off
  Object Name: 
  Observers: 
    none
  Source: (none)
  Source output name: (none)
  Release Data: Off
  Data Released: False
  Global Release Data: Off
  PipelineMTime: 0
  UpdateMTime: 2332
  RealTimeStamp: 0 seconds 
  LargestPossibleRegion: 
    Dimension: 3
    Index: [0, 0, 0]
    Size: [176, 240, 256]
  BufferedRegion: 
    Dimension: 3
    Index: [0, 0, 0]
    Size: [176, 240, 256]
  RequestedRegion: 
    Dimension: 3
    Index: [0, 0, 0]
    Size: [176, 240, 256]
  Spacing: [0.999999, 1, 1]
  Origin: [90.3778, 84.5091, -154.071]
  Direction: 
-0.999391 7.48184e-06 -0.0348969
-7.47664e-06 -1 -2.7953e-07
-0.0348969 -1.84481e-08 0.999391

  IndexToPointMatrix: 
-0.99939 7.48184e-06 -0.0348969
-7.47663e-06 -1 -2.7953e-07
-0.0348968 -1.84481e-08 0.999391

  PointToIndexMatrix: 
-0.999392 -7.47665e-06 -0.0348969
7.48184e-06 -1 -1.84481e-08
-0.0348969 -2.7953e-07 0.999391

  Inverse Direction: 
-0.999391 -7.47664e-06 -0.0348969
7.48184e-06 -1 -1.84481e-08
-0.0348969 -2.7953e-07 0.999391

  PixelContainer: 
    ImportImageContainer (0x4bc6b50)
      RTTI typeinfo:   itk::ImportImageContainer<unsigned long, double>
      Reference Count: 1
      Modified Time: 2329
      Debug: Off
      Object Name: 
      Observers: 
        none
      Pointer: 0x1514b8df1010
      Container manages memory: true
      Size: 10813440
      Capacity: 10813440

     Weighting = 1
     Sampling strategy = regular
     Number of bins = 32
     Radius = 4
     Sampling percentage  = 0.25
   Transform = Rigid
     Gradient step = 0.1
     Update field sigma (voxel space) = 0
     Total field sigma (voxel space) = 0
     Update field time sigma = 0
     Total field time sigma  = 0
     Number of time indices = 0
     Number of time point samples = 0
Registration using 1 total stages.

Stage 0
  iterations = 0
  convergence threshold = 1e-06
  convergence window size = 10
  number of levels = 1
  using the Mattes MI metric (number of bins = 32, weight = 1, use gradient filter = 0)
  preprocessing:  winsorizing the image intensities
  Shrink factors (level 1 out of 1): [1, 1, 1]
  smoothing sigmas per level: [0]
  regular sampling (percentage = 0.25)

*** Running Euler3DTransform registration ***

  Elapsed time (stage 0): 1.12097


Total elapsed time: 1.12335
Info [verificarlo]: loaded backend libinterflop_vprec.so
Info [interflop-vprec]: load backend with: 
Info [interflop-vprec]: precision-binary32 = 9
Info [interflop-vprec]: range-binary32 = 8
Info [interflop-vprec]: precision-binary64 = 9
Info [interflop-vprec]: range-binary64 = 8
Info [interflop-vprec]: mode = ob
Info [interflop-vprec]: error-mode = rel
Info [interflop-vprec]: max-abs-error-exponent = -1022
Info [interflop-vprec]: daz = false
Info [interflop-vprec]: ftz = false
Info [interflop-vprec]: 	instrument = none
Info [interflop-vprec]: 	prec-input-file = (null)
Info [interflop-vprec]: 	prec-output-file = (null)
Info [interflop-vprec]: 	prec-log-file = (null)
All_Command_lines_OK
Using double precision for computations.
=============================================================================
The composite transform comprises the following transforms (in order): 
  1. /home/mdugre/scratch/mri-registration-rp/datasets/ds004513/derivatives/mri-registration-rp/0100/antsRegistration-r8-p9/sub-s025/align_Composite.h5[0] (type = Euler3DTransform)
  2. /home/mdugre/scratch/mri-registration-rp/datasets/ds004513/derivatives/mri-registration-rp/0100/antsRegistration-r8-p9/sub-s025/align_Composite.h5[1] (type = Euler3DTransform)
=============================================================================
  number of levels = 4
  fixed image: /templateflow/tpl-MNI152NLin2009cAsym/tpl-MNI152NLin2009cAsym_res-01_desc-brain_T1w.nii.gz
  moving image: /home/mdugre/scratch/mri-registration-rp/datasets/ds004513/derivatives/mri-registration-rp/antsBrainExtraction/sub-s025/BrainExtractionBrain.nii.gz
Dimension = 3
Number of stages = 1
Use histogram matching = false
Winsorize image intensities = true
  Lower quantile = 0.005
  Upper quantile = 0.995


Stage 1 State
   Image metric = MattesMI
     Fixed image = Image (0x498a1e0)
  RTTI typeinfo:   itk::Image<double, 3u>
  Reference Count: 2
  Modified Time: 1578
  Debug: Off
  Object Name: 
  Observers: 
    none
  Source: (none)
  Source output name: (none)
  Release Data: Off
  Data Released: False
  Global Release Data: Off
  PipelineMTime: 0
  UpdateMTime: 1189
  RealTimeStamp: 0 seconds 
  LargestPossibleRegion: 
    Dimension: 3
    Index: [0, 0, 0]
    Size: [193, 229, 193]
  BufferedRegion: 
    Dimension: 3
    Index: [0, 0, 0]
    Size: [193, 229, 193]
  RequestedRegion: 
    Dimension: 3
    Index: [0, 0, 0]
    Size: [193, 229, 193]
  Spacing: [1, 1, 1]
  Origin: [96, 132, -78]
  Direction: 
-1 0 0
0 -1 0
0 0 1

  IndexToPointMatrix: 
-1 0 0
0 -1 0
0 0 1

  PointToIndexMatrix: 
-1 0 0
0 -1 0
0 0 1

  Inverse Direction: 
-1 0 0
0 -1 0
0 0 1

  PixelContainer: 
    ImportImageContainer (0x4a49680)
      RTTI typeinfo:   itk::ImportImageContainer<unsigned long, double>
      Reference Count: 1
      Modified Time: 1186
      Debug: Off
      Object Name: 
      Observers: 
        none
      Pointer: 0x14c54c60e010
      Container manages memory: true
      Size: 8530021
      Capacity: 8530021

     Moving image = Image (0x4a45b20)
  RTTI typeinfo:   itk::Image<double, 3u>
  Reference Count: 2
  Modified Time: 1579
  Debug: Off
  Object Name: 
  Observers: 
    none
  Source: (none)
  Source output name: (none)
  Release Data: Off
  Data Released: False
  Global Release Data: Off
  PipelineMTime: 0
  UpdateMTime: 1576
  RealTimeStamp: 0 seconds 
  LargestPossibleRegion: 
    Dimension: 3
    Index: [0, 0, 0]
    Size: [176, 240, 256]
  BufferedRegion: 
    Dimension: 3
    Index: [0, 0, 0]
    Size: [176, 240, 256]
  RequestedRegion: 
    Dimension: 3
    Index: [0, 0, 0]
    Size: [176, 240, 256]
  Spacing: [1, 1, 1]
  Origin: [90.375, 84.5, -154]
  Direction: 
-0.999023 7.48038e-06 -0.0348511
-7.47293e-06 -1 -2.78931e-07
-0.0348511 -1.83936e-08 0.999023

  IndexToPointMatrix: 
-0.999023 7.48038e-06 -0.0348511
-7.47293e-06 -1 -2.78931e-07
-0.0348511 -1.83936e-08 0.999023

  PointToIndexMatrix: 
-1 -7.47293e-06 -0.0348511
7.47293e-06 -1 1.30152e-07
-0.0348511 -1.30152e-07 0.999023

  Inverse Direction: 
-1 -7.47293e-06 -0.0348511
7.47293e-06 -1 1.30152e-07
-0.0348511 -1.30152e-07 0.999023

  PixelContainer: 
    ImportImageContainer (0x4aaed50)
      RTTI typeinfo:   itk::ImportImageContainer<unsigned long, double>
      Reference Count: 1
      Modified Time: 1573
      Debug: Off
      Object Name: 
      Observers: 
        none
      Pointer: 0x14c54738d010
      Container manages memory: true
      Size: 10813440
      Capacity: 10813440

     Weighting = 1
     Sampling strategy = regular
     Number of bins = 32
     Radius = 4
     Sampling percentage  = 0.25
   Transform = Rigid
     Gradient step = 0.1
     Update field sigma (voxel space) = 0
     Total field sigma (voxel space) = 0
     Update field time sigma = 0
     Total field time sigma  = 0
     Number of time indices = 0
     Number of time point samples = 0
Registration using 1 total stages.

Stage 0
  iterations = 1000x500x250x100
  convergence threshold = 1e-06
  convergence window size = 10
  number of levels = 4
  using the Mattes MI metric (number of bins = 32, weight = 1, use gradient filter = 0)
  preprocessing:  winsorizing the image intensities
  Shrink factors (level 1 out of 4): [8, 8, 8]
  Shrink factors (level 2 out of 4): [4, 4, 4]
  Shrink factors (level 3 out of 4): [2, 2, 2]
  Shrink factors (level 4 out of 4): [1, 1, 1]
  smoothing sigmas per level: [3, 2, 1, 0]
  regular sampling (percentage = 0.25)

*** Running Euler3DTransform registration ***

DIAGNOSTIC,Iteration,metricValue,convergenceValue,ITERATION_TIME_INDEX,SINCE_LAST
 2DIAGNOSTIC,     1, -5.334320207650e-01, 1.797693134862e+308, 0.0000e+00, 0.0000e+00, 
 2DIAGNOSTIC,     2, -5.336340161657e-01, 1.797693134862e+308, 0.0000e+00, 0.0000e+00, 
 2DIAGNOSTIC,     3, -5.335559640038e-01, 1.797693134862e+308, 0.0000e+00, 0.0000e+00, 
 2DIAGNOSTIC,     4, -5.335844779529e-01, 1.797693134862e+308, 0.0000e+00, 0.0000e+00, 
 2DIAGNOSTIC,     5, -5.336102259668e-01, 1.797693134862e+308, 0.0000e+00, 0.0000e+00, 
 2DIAGNOSTIC,     6, -5.335436065487e-01, 1.797693134862e+308, 0.0000e+00, 0.0000e+00, 
 2DIAGNOSTIC,     7, -5.335647033381e-01, 1.797693134862e+308, 0.0000e+00, 0.0000e+00, 
 2DIAGNOSTIC,     8, -5.335647033379e-01, 1.797693134862e+308, 0.0000e+00, 0.0000e+00, 
 2DIAGNOSTIC,     9, -5.335640222568e-01, 1.797693134862e+308, 0.0000e+00, 0.0000e+00, 
 2DIAGNOSTIC,    10, -5.335582622577e-01, 2.716127474919e-06, 0.0000e+00, 0.0000e+00, 
DIAGNOSTIC,Iteration,metricValue,convergenceValue,ITERATION_TIME_INDEX,SINCE_LAST
 2DIAGNOSTIC,     1, -4.265892519036e-01, 1.797693134862e+308, 0.0000e+00, 0.0000e+00, 
 2DIAGNOSTIC,     2, -4.268397282014e-01, 1.797693134862e+308, 0.0000e+00, 0.0000e+00, 
 2DIAGNOSTIC,     3, -4.275945741845e-01, 1.797693134862e+308, 0.0000e+00, 0.0000e+00, 
 2DIAGNOSTIC,     4, -4.288897549330e-01, 1.797693134862e+308, 0.0000e+00, 0.0000e+00, 
 2DIAGNOSTIC,     5, -4.309169315145e-01, 1.797693134862e+308, 0.0000e+00, 0.0000e+00, 
 2DIAGNOSTIC,     6, -4.352874850599e-01, 1.797693134862e+308, 0.0000e+00, 0.0000e+00, 
 2DIAGNOSTIC,     7, -4.427230657041e-01, 1.797693134862e+308, 0.0000e+00, 0.0000e+00, 
 2DIAGNOSTIC,     8, -4.529275453659e-01, 1.797693134862e+308, 0.0000e+00, 0.0000e+00, 
 2DIAGNOSTIC,     9, -4.722151963322e-01, 1.797693134862e+308, 0.0000e+00, 0.0000e+00, 
 2DIAGNOSTIC,    10, -5.184343413711e-01, 9.964735089351e-03, 0.0000e+00, 0.0000e+00, 
 2DIAGNOSTIC,    11, -5.918857791003e-01, 1.610101860530e-02, 0.0000e+00, 0.0000e+00, 
 2DIAGNOSTIC,    12, -6.141484344009e-01, 2.052263119065e-02, 0.0000e+00, 0.0000e+00, 
 2DIAGNOSTIC,    13, -6.155457822860e-01, 2.239668700379e-02, 0.0000e+00, 0.0000e+00, 
 2DIAGNOSTIC,    14, -6.157125421900e-01, 2.204350468424e-02, 0.0000e+00, 0.0000e+00, 
 2DIAGNOSTIC,    15, -6.156011524760e-01, 1.981757788192e-02, 0.0000e+00, 0.0000e+00, 
 2DIAGNOSTIC,    16, -6.152250410353e-01, 1.623271496374e-02, 0.0000e+00, 0.0000e+00, 
 2DIAGNOSTIC,    17, -6.152698481980e-01, 1.192112373617e-02, 0.0000e+00, 0.0000e+00, 
 2DIAGNOSTIC,    18, -6.152300305909e-01, 7.429453503826e-03, 0.0000e+00, 0.0000e+00, 
 2DIAGNOSTIC,    19, -6.152195724994e-01, 3.356195852618e-03, 0.0000e+00, 0.0000e+00, 
 2DIAGNOSTIC,    20, -6.152298746454e-01, 6.384435317990e-04, 0.0000e+00, 0.0000e+00, 
 2DIAGNOSTIC,    21, -6.152152894755e-01, 7.079856574867e-06, 0.0000e+00, 0.0000e+00, 
DIAGNOSTIC,Iteration,metricValue,convergenceValue,ITERATION_TIME_INDEX,SINCE_LAST
 2DIAGNOSTIC,     1, -5.299393671922e-01, 1.797693134862e+308, 0.0000e+00, 0.0000e+00, 
 2DIAGNOSTIC,     2, -5.303913719643e-01, 1.797693134862e+308, 0.0000e+00, 0.0000e+00, 
 2DIAGNOSTIC,     3, -5.308985219180e-01, 1.797693134862e+308, 0.0000e+00, 0.0000e+00, 
 2DIAGNOSTIC,     4, -5.310768116168e-01, 1.797693134862e+308, 0.0000e+00, 0.0000e+00, 
 2DIAGNOSTIC,     5, -5.316413164366e-01, 1.797693134862e+308, 0.0000e+00, 0.0000e+00, 
 2DIAGNOSTIC,     6, -5.320557662558e-01, 1.797693134862e+308, 0.0000e+00, 0.0000e+00, 
 2DIAGNOSTIC,     7, -5.323015048665e-01, 1.797693134862e+308, 0.0000e+00, 0.0000e+00, 
 2DIAGNOSTIC,     8, -5.325715370581e-01, 1.797693134862e+308, 0.0000e+00, 0.0000e+00, 
 2DIAGNOSTIC,     9, -5.332126246050e-01, 1.797693134862e+308, 0.0000e+00, 0.0000e+00, 
 2DIAGNOSTIC,    10, -5.334757986524e-01, 4.177482605219e-04, 0.0000e+00, 0.0000e+00, 
 2DIAGNOSTIC,    11, -5.333956005287e-01, 3.512016519483e-04, 0.0000e+00, 0.0000e+00, 
 2DIAGNOSTIC,    12, -5.337484036901e-01, 3.003946190493e-04, 0.0000e+00, 0.0000e+00, 
 2DIAGNOSTIC,    13, -5.340396595703e-01, 2.628494060114e-04, 0.0000e+00, 0.0000e+00, 
 2DIAGNOSTIC,    14, -5.339344686469e-01, 2.086136535541e-04, 0.0000e+00, 0.0000e+00, 
 2DIAGNOSTIC,    15, -5.346899136499e-01, 1.895936580865e-04, 0.0000e+00, 0.0000e+00, 
 2DIAGNOSTIC,    16, -5.353567116218e-01, 1.912256168381e-04, 0.0000e+00, 0.0000e+00, 
 2DIAGNOSTIC,    17, -5.361341688789e-01, 2.066904305228e-04, 0.0000e+00, 0.0000e+00, 
 2DIAGNOSTIC,    18, -5.358611525766e-01, 2.005279302832e-04, 0.0000e+00, 0.0000e+00, 
 2DIAGNOSTIC,    19, -5.365000329906e-01, 2.130071067280e-04, 0.0000e+00, 0.0000e+00, 
 2DIAGNOSTIC,    20, -5.366643658271e-01, 2.155007174600e-04, 0.0000e+00, 0.0000e+00, 
 2DIAGNOSTIC,    21, -5.367894074568e-01, 1.981184167560e-04, 0.0000e+00, 0.0000e+00, 
 2DIAGNOSTIC,    22, -5.367842921192e-01, 1.721819134656e-04, 0.0000e+00, 0.0000e+00, 
 2DIAGNOSTIC,    23, -5.367823994512e-01, 1.397356994196e-04, 0.0000e+00, 0.0000e+00, 
 2DIAGNOSTIC,    24, -5.367790417459e-01, 9.429420076958e-05, 0.0000e+00, 0.0000e+00, 
 2DIAGNOSTIC,    25, -5.367790417459e-01, 5.930209441659e-05, 0.0000e+00, 0.0000e+00, 
 2DIAGNOSTIC,    26, -5.367790417459e-01, 3.472262204105e-05, 0.0000e+00, 0.0000e+00, 
 2DIAGNOSTIC,    27, -5.367790417459e-01, 2.437279416399e-05, 0.0000e+00, 0.0000e+00, 
 2DIAGNOSTIC,    28, -5.367790417459e-01, 7.007870646648e-06, 0.0000e+00, 0.0000e+00, 
 2DIAGNOSTIC,    29, -5.367790417459e-01, 1.840819477676e-06, 0.0000e+00, 0.0000e+00, 
DIAGNOSTIC,Iteration,metricValue,convergenceValue,ITERATION_TIME_INDEX,SINCE_LAST
 2DIAGNOSTIC,     1, -4.904765064772e-01, 1.797693134862e+308, 0.0000e+00, 0.0000e+00, 
 2DIAGNOSTIC,     2, -4.904954365591e-01, 1.797693134862e+308, 0.0000e+00, 0.0000e+00, 
 2DIAGNOSTIC,     3, -4.904888373899e-01, 1.797693134862e+308, 0.0000e+00, 0.0000e+00, 
 2DIAGNOSTIC,     4, -4.904865439905e-01, 1.797693134862e+308, 0.0000e+00, 0.0000e+00, 
 2DIAGNOSTIC,     5, -4.904840087757e-01, 1.797693134862e+308, 0.0000e+00, 0.0000e+00, 
 2DIAGNOSTIC,     6, -4.904856101092e-01, 1.797693134862e+308, 0.0000e+00, 0.0000e+00, 
 2DIAGNOSTIC,     7, -4.904756442437e-01, 1.797693134862e+308, 0.0000e+00, 0.0000e+00, 
 2DIAGNOSTIC,     8, -4.904716777768e-01, 1.797693134862e+308, 0.0000e+00, 0.0000e+00, 
 2DIAGNOSTIC,     9, -4.904715295515e-01, 1.797693134862e+308, 0.0000e+00, 0.0000e+00, 
  Elapsed time (stage 0): 0.0000e+00


Total elapsed time: 0.0000e+00
Info [verificarlo]: loaded backend libinterflop_ieee.so
Info [interflop-ieee]: load backend with:
Info [interflop-ieee]: debug = false
Info [interflop-ieee]: debug-binary = false
Info [interflop-ieee]: no-backend-name = false
Info [interflop-ieee]: print-new-line = false
Info [interflop-ieee]: print-subnormal-normalized = false
Info [interflop-ieee]: count-op = false
All_Command_lines_OK
Using double precision for computations.
=============================================================================
The composite transform comprises the following transforms (in order): 
  1. /home/mdugre/scratch/mri-registration-rp/datasets/ds004513/derivatives/mri-registration-rp/0100/antsRegistration-r8-p9/sub-s025/rigid_Composite.h5[0] (type = Euler3DTransform)
  2. /home/mdugre/scratch/mri-registration-rp/datasets/ds004513/derivatives/mri-registration-rp/0100/antsRegistration-r8-p9/sub-s025/rigid_Composite.h5[1] (type = Euler3DTransform)
  3. /home/mdugre/scratch/mri-registration-rp/datasets/ds004513/derivatives/mri-registration-rp/0100/antsRegistration-r8-p9/sub-s025/rigid_Composite.h5[2] (type = Euler3DTransform)
=============================================================================
  number of levels = 4
  fixed image: /templateflow/tpl-MNI152NLin2009cAsym/tpl-MNI152NLin2009cAsym_res-01_desc-brain_T1w.nii.gz
  moving image: /home/mdugre/scratch/mri-registration-rp/datasets/ds004513/derivatives/mri-registration-rp/antsBrainExtraction/sub-s025/BrainExtractionBrain.nii.gz
Dimension = 3
Number of stages = 1
Use histogram matching = false
Winsorize image intensities = true
  Lower quantile = 0.005
  Upper quantile = 0.995


Stage 1 State
   Image metric = MattesMI
     Fixed image = Image (0x4239530)
  RTTI typeinfo:   itk::Image<double, 3u>
  Reference Count: 2
  Modified Time: 1594
  Debug: Off
  Object Name: 
  Observers: 
    none
  Source: (none)
  Source output name: (none)
  Release Data: Off
  Data Released: False
  Global Release Data: Off
  PipelineMTime: 0
  UpdateMTime: 1203
  RealTimeStamp: 0 seconds 
  LargestPossibleRegion: 
    Dimension: 3
    Index: [0, 0, 0]
    Size: [193, 229, 193]
  BufferedRegion: 
    Dimension: 3
    Index: [0, 0, 0]
    Size: [193, 229, 193]
  RequestedRegion: 
    Dimension: 3
    Index: [0, 0, 0]
    Size: [193, 229, 193]
  Spacing: [1, 1, 1]
  Origin: [96, 132, -78]
  Direction: 
-1 0 0
0 -1 0
0 0 1

  IndexToPointMatrix: 
-1 0 0
0 -1 0
0 0 1

  PointToIndexMatrix: 
-1 0 0
0 -1 0
0 0 1

  Inverse Direction: 
-1 0 0
0 -1 0
0 0 1

  PixelContainer: 
    ImportImageContainer (0x42462b0)
      RTTI typeinfo:   itk::ImportImageContainer<unsigned long, double>
      Reference Count: 1
      Modified Time: 1200
      Debug: Off
      Object Name: 
      Observers: 
        none
      Pointer: 0x1482a3517010
      Container manages memory: true
      Size: 8530021
      Capacity: 8530021

     Moving image = Image (0x42f4fd0)
  RTTI typeinfo:   itk::Image<double, 3u>
  Reference Count: 2
  Modified Time: 1595
  Debug: Off
  Object Name: 
  Observers: 
    none
  Source: (none)
  Source output name: (none)
  Release Data: Off
  Data Released: False
  Global Release Data: Off
  PipelineMTime: 0
  UpdateMTime: 1592
  RealTimeStamp: 0 seconds 
  LargestPossibleRegion: 
    Dimension: 3
    Index: [0, 0, 0]
    Size: [176, 240, 256]
  BufferedRegion: 
    Dimension: 3
    Index: [0, 0, 0]
    Size: [176, 240, 256]
  RequestedRegion: 
    Dimension: 3
    Index: [0, 0, 0]
    Size: [176, 240, 256]
  Spacing: [0.999999, 1, 1]
  Origin: [90.3778, 84.5091, -154.071]
  Direction: 
-0.999391 7.48184e-06 -0.0348969
-7.47664e-06 -1 -2.7953e-07
-0.0348969 -1.84481e-08 0.999391

  IndexToPointMatrix: 
-0.99939 7.48184e-06 -0.0348969
-7.47663e-06 -1 -2.7953e-07
-0.0348968 -1.84481e-08 0.999391

  PointToIndexMatrix: 
-0.999392 -7.47665e-06 -0.0348969
7.48184e-06 -1 -1.84481e-08
-0.0348969 -2.7953e-07 0.999391

  Inverse Direction: 
-0.999391 -7.47664e-06 -0.0348969
7.48184e-06 -1 -1.84481e-08
-0.0348969 -2.7953e-07 0.999391

  PixelContainer: 
    ImportImageContainer (0x430c990)
      RTTI typeinfo:   itk::ImportImageContainer<unsigned long, double>
      Reference Count: 1
      Modified Time: 1589
      Debug: Off
      Object Name: 
      Observers: 
        none
      Pointer: 0x14829e296010
      Container manages memory: true
      Size: 10813440
      Capacity: 10813440

     Weighting = 1
     Sampling strategy = regular
     Number of bins = 32
     Radius = 4
     Sampling percentage  = 0.25
   Transform = Affine
     Gradient step = 0.1
     Update field sigma (voxel space) = 0
     Total field sigma (voxel space) = 0
     Update field time sigma = 0
     Total field time sigma  = 0
     Number of time indices = 0
     Number of time point samples = 0
Registration using 1 total stages.

Stage 0
  iterations = 1000x500x250x100
  convergence threshold = 1e-06
  convergence window size = 10
  number of levels = 4
  using the Mattes MI metric (number of bins = 32, weight = 1, use gradient filter = 0)
  preprocessing:  winsorizing the image intensities
  Shrink factors (level 1 out of 4): [8, 8, 8]
  Shrink factors (level 2 out of 4): [4, 4, 4]
  Shrink factors (level 3 out of 4): [2, 2, 2]
  Shrink factors (level 4 out of 4): [1, 1, 1]
  smoothing sigmas per level: [3, 2, 1, 0]
  regular sampling (percentage = 0.25)

*** Running AffineTransform registration ***

DIAGNOSTIC,Iteration,metricValue,convergenceValue,ITERATION_TIME_INDEX,SINCE_LAST
 2DIAGNOSTIC,     1, -7.462107097312e-01, 1.797693134862e+308, 9.1547e-01, 9.1547e-01, 
 2DIAGNOSTIC,     2, -7.482359266754e-01, 1.797693134862e+308, 9.2168e-01, 6.2070e-03, 
 2DIAGNOSTIC,     3, -7.512792739330e-01, 1.797693134862e+308, 9.2736e-01, 5.6808e-03, 
 2DIAGNOSTIC,     4, -7.564615012806e-01, 1.797693134862e+308, 9.3243e-01, 5.0700e-03, 
 2DIAGNOSTIC,     5, -7.667939275117e-01, 1.797693134862e+308, 9.3772e-01, 5.2891e-03, 
 2DIAGNOSTIC,     6, -7.825791804498e-01, 1.797693134862e+308, 9.4294e-01, 5.2190e-03, 
 2DIAGNOSTIC,     7, -8.237587822607e-01, 1.797693134862e+308, 9.4932e-01, 6.3801e-03, 
 2DIAGNOSTIC,     8, -8.944590597993e-01, 1.797693134862e+308, 9.5567e-01, 6.3510e-03, 
 2DIAGNOSTIC,     9, -9.205377929232e-01, 1.797693134862e+308, 9.6175e-01, 6.0818e-03, 
 2DIAGNOSTIC,    10, -9.254767716869e-01, 1.626433219697e-02, 9.6791e-01, 6.1569e-03, 
 2DIAGNOSTIC,    11, -9.303281281774e-01, 1.621068078797e-02, 9.7415e-01, 6.2480e-03, 
 2DIAGNOSTIC,    12, -9.324743192305e-01, 1.483006104311e-02, 9.8028e-01, 6.1259e-03, 
 2DIAGNOSTIC,    13, -9.341286910817e-01, 1.244997676950e-02, 9.8817e-01, 7.8921e-03, 
 2DIAGNOSTIC,    14, -9.346698090767e-01, 9.458154432785e-03, 9.9375e-01, 5.5811e-03, 
 2DIAGNOSTIC,    15, -9.359437066019e-01, 6.327092698065e-03, 9.9917e-01, 5.4121e-03, 
 2DIAGNOSTIC,    16, -9.365418977729e-01, 3.385737970935e-03, 1.0054e+00, 6.2270e-03, 
 2DIAGNOSTIC,    17, -9.372929840799e-01, 1.290804412806e-03, 1.0115e+00, 6.1350e-03, 
 2DIAGNOSTIC,    18, -9.380682763261e-01, 6.201536022552e-04, 1.0192e+00, 7.6461e-03, 
 2DIAGNOSTIC,    19, -9.382719215437e-01, 4.191247906749e-04, 1.0252e+00, 6.0050e-03, 
 2DIAGNOSTIC,    20, -9.382676972861e-01, 2.797656646244e-04, 1.0312e+00, 6.0408e-03, 
 2DIAGNOSTIC,    21, -9.382305590914e-01, 2.025760082575e-04, 1.0373e+00, 6.0499e-03, 
 2DIAGNOSTIC,    22, -9.381701071613e-01, 1.443132454697e-04, 1.0435e+00, 6.2261e-03, 
 2DIAGNOSTIC,    23, -9.379328870198e-01, 9.789351263937e-05, 1.0494e+00, 5.9440e-03, 
 2DIAGNOSTIC,    24, -9.379043151503e-01, 5.318488225366e-05, 1.0551e+00, 5.6262e-03, 
 2DIAGNOSTIC,    25, -9.379462168997e-01, 2.429649459177e-05, 1.0608e+00, 5.7330e-03, 
 2DIAGNOSTIC,    26, -9.382168311894e-01, 6.124512223545e-06, 1.0665e+00, 5.6870e-03, 
 2DIAGNOSTIC,    27, -9.385392919395e-01, 1.307891461869e-06, 1.0735e+00, 6.9761e-03, 
 2DIAGNOSTIC,    28, -9.386978507096e-01, 7.388286753902e-06, 1.0790e+00, 5.5358e-03, 
 2DIAGNOSTIC,    29, -9.385548628340e-01, 1.314988879007e-05, 1.0863e+00, 7.3490e-03, 
 2DIAGNOSTIC,    30, -9.382724270655e-01, 1.440723959815e-05, 1.0919e+00, 5.5990e-03, 
 2DIAGNOSTIC,    31, -9.383164697850e-01, 1.440806841793e-05, 1.0980e+00, 6.0050e-03, 
 2DIAGNOSTIC,    32, -9.382528119383e-01, 1.185123095987e-05, 1.1046e+00, 6.6280e-03, 
 2DIAGNOSTIC,    33, -9.380400419735e-01, 4.122769875416e-06, 1.1113e+00, 6.7370e-03, 
DIAGNOSTIC,Iteration,metricValue,convergenceValue,ITERATION_TIME_INDEX,SINCE_LAST
 2DIAGNOSTIC,     1, -7.506088419767e-01, 1.797693134862e+308, 2.0610e+00, 9.4964e-01, 
 2DIAGNOSTIC,     2, -7.510948940781e-01, 1.797693134862e+308, 2.1077e+00, 4.6786e-02, 
 2DIAGNOSTIC,     3, -7.515655335304e-01, 1.797693134862e+308, 2.1542e+00, 4.6457e-02, 
 2DIAGNOSTIC,     4, -7.521475732733e-01, 1.797693134862e+308, 2.2001e+00, 4.5893e-02, 
 2DIAGNOSTIC,     5, -7.535122516167e-01, 1.797693134862e+308, 2.2448e+00, 4.4688e-02, 
 2DIAGNOSTIC,     6, -7.542508709090e-01, 1.797693134862e+308, 2.3131e+00, 6.8366e-02, 
 2DIAGNOSTIC,     7, -7.542600684351e-01, 1.797693134862e+308, 2.3647e+00, 5.1548e-02, 
 2DIAGNOSTIC,     8, -7.542741032638e-01, 1.797693134862e+308, 2.4220e+00, 5.7257e-02, 
 2DIAGNOSTIC,     9, -7.542793556827e-01, 1.797693134862e+308, 2.4716e+00, 4.9650e-02, 
 2DIAGNOSTIC,    10, -7.542612694896e-01, 3.596349175940e-04, 2.5158e+00, 4.4241e-02, 
 2DIAGNOSTIC,    11, -7.542635237582e-01, 2.559929408275e-04, 2.5678e+00, 5.2004e-02, 
 2DIAGNOSTIC,    12, -7.542603652259e-01, 1.625374449799e-04, 2.6139e+00, 4.6057e-02, 
 2DIAGNOSTIC,    13, -7.542783303557e-01, 8.355247543228e-05, 2.6580e+00, 4.4086e-02, 
 2DIAGNOSTIC,    14, -7.543068914872e-01, 2.412556759744e-05, 2.7050e+00, 4.6978e-02, 
 2DIAGNOSTIC,    15, -7.543165143960e-01, 4.663459133636e-06, 2.7482e+00, 4.3251e-02, 
 2DIAGNOSTIC,    16, -7.543974454486e-01, 6.733231821515e-06, 2.7989e+00, 5.0732e-02, 
 2DIAGNOSTIC,    17, -7.544318178148e-01, 9.036173188592e-06, 2.8524e+00, 5.3489e-02, 
 2DIAGNOSTIC,    18, -7.544274503432e-01, 1.061163466945e-05, 2.9101e+00, 5.7673e-02, 
 2DIAGNOSTIC,    19, -7.544297656922e-01, 1.138699116637e-05, 2.9646e+00, 5.4538e-02, 
 2DIAGNOSTIC,    20, -7.544362072830e-01, 1.096389735822e-05, 3.0145e+00, 4.9833e-02, 
 2DIAGNOSTIC,    21, -7.544482098522e-01, 9.946413820024e-06, 3.0650e+00, 5.0485e-02, 
 2DIAGNOSTIC,    22, -7.544313931354e-01, 7.873077201868e-06, 3.0973e+00, 3.2347e-02, 
 2DIAGNOSTIC,    23, -7.544354169618e-01, 5.760486253725e-06, 3.1323e+00, 3.4942e-02, 
 2DIAGNOSTIC,    24, -7.544625608372e-01, 4.306102378969e-06, 3.1719e+00, 3.9611e-02, 
 2DIAGNOSTIC,    25, -7.544620709064e-01, 2.778727656375e-06, 3.2157e+00, 4.3830e-02, 
 2DIAGNOSTIC,    26, -7.544717164112e-01, 2.529746878414e-06, 3.2508e+00, 3.5112e-02, 
 2DIAGNOSTIC,    27, -7.544723290645e-01, 2.673727707327e-06, 3.2898e+00, 3.8980e-02, 
 2DIAGNOSTIC,    28, -7.544561911220e-01, 2.392941982642e-06, 3.3322e+00, 4.2448e-02, 
 2DIAGNOSTIC,    29, -7.544488504765e-01, 1.945524529909e-06, 3.3735e+00, 4.1233e-02, 
 2DIAGNOSTIC,    30, -7.544144501512e-01, 1.089129240670e-06, 3.4101e+00, 3.6617e-02, 
DIAGNOSTIC,Iteration,metricValue,convergenceValue,ITERATION_TIME_INDEX,SINCE_LAST
 2DIAGNOSTIC,     1, -6.416377880521e-01, 1.797693134862e+308, 4.5756e+00, 1.1655e+00, 
 2DIAGNOSTIC,     2, -6.421212732859e-01, 1.797693134862e+308, 4.8462e+00, 2.7058e-01, 
 2DIAGNOSTIC,     3, -6.425875159930e-01, 1.797693134862e+308, 5.2071e+00, 3.6087e-01, 
 2DIAGNOSTIC,     4, -6.431010691641e-01, 1.797693134862e+308, 5.5105e+00, 3.0343e-01, 
 2DIAGNOSTIC,     5, -6.438999564174e-01, 1.797693134862e+308, 5.8503e+00, 3.3982e-01, 
 2DIAGNOSTIC,     6, -6.449986331144e-01, 1.797693134862e+308, 6.2232e+00, 3.7286e-01, 
 2DIAGNOSTIC,     7, -6.450452871255e-01, 1.797693134862e+308, 6.7555e+00, 5.3228e-01, 
 2DIAGNOSTIC,     8, -6.450518864975e-01, 1.797693134862e+308, 7.0876e+00, 3.3211e-01, 
 2DIAGNOSTIC,     9, -6.450553970726e-01, 1.797693134862e+308, 7.7102e+00, 6.2259e-01, 
 2DIAGNOSTIC,    10, -6.450558775677e-01, 3.916674113380e-04, 8.0580e+00, 3.4784e-01, 
 2DIAGNOSTIC,    11, -6.450521625946e-01, 2.839462447528e-04, 8.3798e+00, 3.2185e-01, 
 2DIAGNOSTIC,    12, -6.450514145941e-01, 1.868015338626e-04, 8.6533e+00, 2.7348e-01, 
 2DIAGNOSTIC,    13, -6.450511366160e-01, 1.042385056432e-04, 8.9384e+00, 2.8508e-01, 
 2DIAGNOSTIC,    14, -6.450491240449e-01, 4.007662125520e-05, 9.2312e+00, 2.9283e-01, 
 2DIAGNOSTIC,    15, -6.450486996309e-01, 3.606095657957e-06, 9.5104e+00, 2.7914e-01, 
 2DIAGNOSTIC,    16, -6.450487019808e-01, 1.821959845480e-06, 9.8016e+00, 2.9126e-01, 
 2DIAGNOSTIC,    17, -6.450472728276e-01, 1.432988935166e-06, 1.0077e+01, 2.7526e-01, 
 2DIAGNOSTIC,    18, -6.450468275231e-01, 1.276133505868e-06, 1.0431e+01, 3.5379e-01, 
 2DIAGNOSTIC,    19, -6.450476362823e-01, 1.280841947206e-06, 1.0717e+01, 2.8617e-01, 
 2DIAGNOSTIC,    20, -6.450461435521e-01, 1.300696235829e-06, 1.1047e+01, 3.3011e-01, 
 2DIAGNOSTIC,    21, -6.450441641963e-01, 1.226998905930e-06, 1.1427e+01, 3.7964e-01, 
 2DIAGNOSTIC,    22, -6.450416568130e-01, 1.122837849796e-06, 1.1755e+01, 3.2801e-01, 
 2DIAGNOSTIC,    23, -6.450421560805e-01, 1.063971489974e-06, 1.2063e+01, 3.0859e-01, 
DIAGNOSTIC,Iteration,metricValue,convergenceValue,ITERATION_TIME_INDEX,SINCE_LAST
 2DIAGNOSTIC,     1, -5.764454909777e-01, 1.797693134862e+308, 1.5076e+01, 3.0128e+00, 
 2DIAGNOSTIC,     2, -5.768853884572e-01, 1.797693134862e+308, 1.6738e+01, 1.6616e+00, 
 2DIAGNOSTIC,     3, -5.774039325808e-01, 1.797693134862e+308, 1.8371e+01, 1.6330e+00, 
 2DIAGNOSTIC,     4, -5.779729462203e-01, 1.797693134862e+308, 2.0152e+01, 1.7811e+00, 
 2DIAGNOSTIC,     5, -5.784692485400e-01, 1.797693134862e+308, 2.1907e+01, 1.7557e+00, 
 2DIAGNOSTIC,     6, -5.798320065855e-01, 1.797693134862e+308, 2.5215e+01, 3.3074e+00, 
 2DIAGNOSTIC,     7, -5.798302389492e-01, 1.797693134862e+308, 2.8296e+01, 3.0816e+00, 
 2DIAGNOSTIC,     8, -5.798302473433e-01, 1.797693134862e+308, 3.0570e+01, 2.2731e+00, 
 2DIAGNOSTIC,     9, -5.798299159530e-01, 1.797693134862e+308, 3.3461e+01, 2.8910e+00, 
 2DIAGNOSTIC,    10, -5.798299611787e-01, 4.330910464582e-04, 3.5297e+01, 1.8360e+00, 
 2DIAGNOSTIC,    11, -5.798298556598e-01, 3.155213772143e-04, 3.7205e+01, 1.9089e+00, 
 2DIAGNOSTIC,    12, -5.798296187185e-01, 2.073382756863e-04, 3.9114e+01, 1.9083e+00, 
 2DIAGNOSTIC,    13, -5.798295324909e-01, 1.173757049316e-04, 4.1001e+01, 1.8869e+00, 
 2DIAGNOSTIC,    14, -5.798294234037e-01, 4.987047704710e-05, 4.2596e+01, 1.5949e+00, 
 2DIAGNOSTIC,    15, -5.798293430636e-01, 1.991577795291e-06, 4.4396e+01, 1.8005e+00, 
 2DIAGNOSTIC,    16, -5.798292761678e-01, 1.918976097734e-06, 4.6497e+01, 2.1004e+00, 
 2DIAGNOSTIC,    17, -5.798292252062e-01, 1.809039192328e-06, 4.8240e+01, 1.7433e+00, 
 2DIAGNOSTIC,    18, -5.798290923741e-01, 1.714172995909e-06, 5.0217e+01, 1.9773e+00, 
 2DIAGNOSTIC,    19, -5.798291833194e-01, 1.628148427753e-06, 5.1989e+01, 1.7715e+00, 
 2DIAGNOSTIC,    20, -5.798287365223e-01, 1.545228277042e-06, 5.3762e+01, 1.7734e+00, 
 2DIAGNOSTIC,    21, -5.798288498189e-01, 1.475168719109e-06, 5.5565e+01, 1.8031e+00, 
 2DIAGNOSTIC,    22, -5.798284172302e-01, 1.400262049894e-06, 5.7375e+01, 1.8095e+00, 
 2DIAGNOSTIC,    23, -5.798285271916e-01, 1.336983186946e-06, 5.8994e+01, 1.6189e+00, 
 2DIAGNOSTIC,    24, -5.798284116363e-01, 1.278717621442e-06, 6.0800e+01, 1.8064e+00, 
 2DIAGNOSTIC,    25, -5.798286329375e-01, 1.232442940882e-06, 6.2522e+01, 1.7222e+00, 
 2DIAGNOSTIC,    26, -5.798284441909e-01, 1.188703850123e-06, 6.4321e+01, 1.7991e+00, 
 2DIAGNOSTIC,    27, -5.798284638544e-01, 1.151189722444e-06, 6.6243e+01, 1.9221e+00, 
 2DIAGNOSTIC,    28, -5.798284231453e-01, 1.115853709009e-06, 6.7938e+01, 1.6946e+00, 
 2DIAGNOSTIC,    29, -5.798283076268e-01, 1.084632981305e-06, 6.9770e+01, 1.8321e+00, 
 2DIAGNOSTIC,    30, -5.798284276682e-01, 1.051285405125e-06, 7.1342e+01, 1.5720e+00, 
 2DIAGNOSTIC,    31, -5.798284801617e-01, 1.023775685033e-06, 7.2909e+01, 1.5668e+00, 
  Elapsed time (stage 0): 7.3921e+01


Total elapsed time: 7.3923e+01
Info [verificarlo]: loaded backend libinterflop_ieee.so
Info [interflop-ieee]: load backend with:
Info [interflop-ieee]: debug = false
Info [interflop-ieee]: debug-binary = false
Info [interflop-ieee]: no-backend-name = false
Info [interflop-ieee]: print-new-line = false
Info [interflop-ieee]: print-subnormal-normalized = false
Info [interflop-ieee]: count-op = false
All_Command_lines_OK
Using double precision for computations.
=============================================================================
The composite transform comprises the following transforms (in order): 
  1. /home/mdugre/scratch/mri-registration-rp/datasets/ds004513/derivatives/mri-registration-rp/0100/antsRegistration-r8-p9/sub-s025/affine_Composite.h5[0] (type = Euler3DTransform)
  2. /home/mdugre/scratch/mri-registration-rp/datasets/ds004513/derivatives/mri-registration-rp/0100/antsRegistration-r8-p9/sub-s025/affine_Composite.h5[1] (type = Euler3DTransform)
  3. /home/mdugre/scratch/mri-registration-rp/datasets/ds004513/derivatives/mri-registration-rp/0100/antsRegistration-r8-p9/sub-s025/affine_Composite.h5[2] (type = Euler3DTransform)
  4. /home/mdugre/scratch/mri-registration-rp/datasets/ds004513/derivatives/mri-registration-rp/0100/antsRegistration-r8-p9/sub-s025/affine_Composite.h5[3] (type = AffineTransform)
=============================================================================
  number of levels = 4
  fixed image: /templateflow/tpl-MNI152NLin2009cAsym/tpl-MNI152NLin2009cAsym_res-01_desc-brain_T1w.nii.gz
  moving image: /home/mdugre/scratch/mri-registration-rp/datasets/ds004513/derivatives/mri-registration-rp/antsBrainExtraction/sub-s025/BrainExtractionBrain.nii.gz
Dimension = 3
Number of stages = 1
Use histogram matching = false
Winsorize image intensities = true
  Lower quantile = 0.005
  Upper quantile = 0.995


Stage 1 State
   Image metric = CC
     Fixed image = Image (0x42e9a40)
  RTTI typeinfo:   itk::Image<double, 3u>
  Reference Count: 2
  Modified Time: 1608
  Debug: Off
  Object Name: 
  Observers: 
    none
  Source: (none)
  Source output name: (none)
  Release Data: Off
  Data Released: False
  Global Release Data: Off
  PipelineMTime: 0
  UpdateMTime: 1217
  RealTimeStamp: 0 seconds 
  LargestPossibleRegion: 
    Dimension: 3
    Index: [0, 0, 0]
    Size: [193, 229, 193]
  BufferedRegion: 
    Dimension: 3
    Index: [0, 0, 0]
    Size: [193, 229, 193]
  RequestedRegion: 
    Dimension: 3
    Index: [0, 0, 0]
    Size: [193, 229, 193]
  Spacing: [1, 1, 1]
  Origin: [96, 132, -78]
  Direction: 
-1 0 0
0 -1 0
0 0 1

  IndexToPointMatrix: 
-1 0 0
0 -1 0
0 0 1

  PointToIndexMatrix: 
-1 0 0
0 -1 0
0 0 1

  Inverse Direction: 
-1 0 0
0 -1 0
0 0 1

  PixelContainer: 
    ImportImageContainer (0x43b8780)
      RTTI typeinfo:   itk::ImportImageContainer<unsigned long, double>
      Reference Count: 1
      Modified Time: 1214
      Debug: Off
      Object Name: 
      Observers: 
        none
      Pointer: 0x15205bfc7010
      Container manages memory: true
      Size: 8530021
      Capacity: 8530021

     Moving image = Image (0x43ba390)
  RTTI typeinfo:   itk::Image<double, 3u>
  Reference Count: 2
  Modified Time: 1609
  Debug: Off
  Object Name: 
  Observers: 
    none
  Source: (none)
  Source output name: (none)
  Release Data: Off
  Data Released: False
  Global Release Data: Off
  PipelineMTime: 0
  UpdateMTime: 1606
  RealTimeStamp: 0 seconds 
  LargestPossibleRegion: 
    Dimension: 3
    Index: [0, 0, 0]
    Size: [176, 240, 256]
  BufferedRegion: 
    Dimension: 3
    Index: [0, 0, 0]
    Size: [176, 240, 256]
  RequestedRegion: 
    Dimension: 3
    Index: [0, 0, 0]
    Size: [176, 240, 256]
  Spacing: [0.999999, 1, 1]
  Origin: [90.3778, 84.5091, -154.071]
  Direction: 
-0.999391 7.48184e-06 -0.0348969
-7.47664e-06 -1 -2.7953e-07
-0.0348969 -1.84481e-08 0.999391

  IndexToPointMatrix: 
-0.99939 7.48184e-06 -0.0348969
-7.47663e-06 -1 -2.7953e-07
-0.0348968 -1.84481e-08 0.999391

  PointToIndexMatrix: 
-0.999392 -7.47665e-06 -0.0348969
7.48184e-06 -1 -1.84481e-08
-0.0348969 -2.7953e-07 0.999391

  Inverse Direction: 
-0.999391 -7.47664e-06 -0.0348969
7.48184e-06 -1 -1.84481e-08
-0.0348969 -2.7953e-07 0.999391

  PixelContainer: 
    ImportImageContainer (0x436f6f0)
      RTTI typeinfo:   itk::ImportImageContainer<unsigned long, double>
      Reference Count: 1
      Modified Time: 1603
      Debug: Off
      Object Name: 
      Observers: 
        none
      Pointer: 0x152056d46010
      Container manages memory: true
      Size: 10813440
      Capacity: 10813440

     Weighting = 1
     Sampling strategy = none
     Number of bins = 32
     Radius = 4
     Sampling percentage  = 1
   Transform = SyN
     Gradient step = 0.1
     Update field sigma (voxel space) = 3
     Total field sigma (voxel space) = 0
     Update field time sigma = 0
     Total field time sigma  = 0
     Number of time indices = 0
     Number of time point samples = 0
Registration using 1 total stages.

Stage 0
  iterations = 100x70x50x20
  convergence threshold = 1e-06
  convergence window size = 10
  number of levels = 4
  using the CC metric (radius = 4, weight = 1, use gradient filter = 0)
  preprocessing:  winsorizing the image intensities
  Shrink factors (level 1 out of 4): [8, 8, 8]
  Shrink factors (level 2 out of 4): [4, 4, 4]
  Shrink factors (level 3 out of 4): [2, 2, 2]
  Shrink factors (level 4 out of 4): [1, 1, 1]
  smoothing sigmas per level: [3, 2, 1, 0]
  Using default NONE metricSamplingStrategy 

*** Running SyN registration (varianceForUpdateField = 3, varianceForTotalField = 0) ***

XXDIAGNOSTIC,Iteration,metricValue,convergenceValue,ITERATION_TIME_INDEX,SINCE_LAST
 1DIAGNOSTIC,     1, -9.076814658491e-01, 1.797693134862e+308, 9.5209e-01, 9.5209e-01, 
 1DIAGNOSTIC,     2, -9.182604629886e-01, 1.797693134862e+308, 1.2976e+00, 3.4554e-01, 
 1DIAGNOSTIC,     3, -9.267552794612e-01, 1.797693134862e+308, 1.6403e+00, 3.4267e-01, 
 1DIAGNOSTIC,     4, -9.332116001089e-01, 1.797693134862e+308, 1.9893e+00, 3.4900e-01, 
