
##########################
# Experiment information #
##########################

EXPERIMENT_NAME: antsRegistration-r7-p13
VFC_BACKENDS: libinterflop_vprec.so --range-binary32=7 --precision-binary32=13 --range-binary64=7 --precision-binary64=13

SIF_IMG: /home/mdugre/projects/rrg-glatard/mdugre/containers/ants-vprec-no_metrics.simg

SUBJECT_ID: s025
INPUT_IMG: /home/mdugre/scratch/mri-registration-rp/datasets/ds004513/derivatives/mri-registration-rp/antsBrainExtraction/sub-s025/BrainExtractionBrain.nii.gz
OUTPUT_DIR: /home/mdugre/scratch/mri-registration-rp/datasets/ds004513/derivatives/mri-registration-rp/0100/antsRegistration-r7-p13/sub-s025

FIXED_IMG: /templateflow/tpl-MNI152NLin2009cAsym/tpl-MNI152NLin2009cAsym_res-01_desc-brain_T1w.nii.gz
DATA_DIR: /home/mdugre/scratch/mri-registration-rp/datasets/ds004513
TEMPLATEFLOW_DIR: /home/mdugre/projects/rrg-glatard/mdugre/templateflow
ITK_GLOBAL_DEFAULT_NUMBER_OF_THREADS: 16
##########################

Info [verificarlo]: loaded backend libinterflop_ieee.so
Info [interflop-ieee]: load backend with:
Info [interflop-ieee]: debug = false
Info [interflop-ieee]: debug-binary = false
Info [interflop-ieee]: no-backend-name = false
Info [interflop-ieee]: print-new-line = false
Info [interflop-ieee]: print-subnormal-normalized = false
Info [interflop-ieee]: count-op = false
All_Command_lines_OK
Using double precision for computations.
=============================================================================
The composite transform comprises the following transforms (in order): 
  1. Center of mass alignment using fixed image: /templateflow/tpl-MNI152NLin2009cAsym/tpl-MNI152NLin2009cAsym_res-01_desc-brain_T1w.nii.gz and moving image: /home/mdugre/scratch/mri-registration-rp/datasets/ds004513/derivatives/mri-registration-rp/antsBrainExtraction/sub-s025/BrainExtractionBrain.nii.gz (type = Euler3DTransform)
=============================================================================
  number of levels = 1
  fixed image: /templateflow/tpl-MNI152NLin2009cAsym/tpl-MNI152NLin2009cAsym_res-01_desc-brain_T1w.nii.gz
  moving image: /home/mdugre/scratch/mri-registration-rp/datasets/ds004513/derivatives/mri-registration-rp/antsBrainExtraction/sub-s025/BrainExtractionBrain.nii.gz
Dimension = 3
Number of stages = 1
Use histogram matching = false
Winsorize image intensities = true
  Lower quantile = 0.005
  Upper quantile = 0.995


Stage 1 State
   Image metric = MattesMI
     Fixed image = Image (0x3f41e70)
  RTTI typeinfo:   itk::Image<double, 3u>
  Reference Count: 2
  Modified Time: 2334
  Debug: Off
  Object Name: 
  Observers: 
    none
  Source: (none)
  Source output name: (none)
  Release Data: Off
  Data Released: False
  Global Release Data: Off
  PipelineMTime: 0
  UpdateMTime: 1943
  RealTimeStamp: 0 seconds 
  LargestPossibleRegion: 
    Dimension: 3
    Index: [0, 0, 0]
    Size: [193, 229, 193]
  BufferedRegion: 
    Dimension: 3
    Index: [0, 0, 0]
    Size: [193, 229, 193]
  RequestedRegion: 
    Dimension: 3
    Index: [0, 0, 0]
    Size: [193, 229, 193]
  Spacing: [1, 1, 1]
  Origin: [96, 132, -78]
  Direction: 
-1 0 0
0 -1 0
0 0 1

  IndexToPointMatrix: 
-1 0 0
0 -1 0
0 0 1

  PointToIndexMatrix: 
-1 0 0
0 -1 0
0 0 1

  Inverse Direction: 
-1 0 0
0 -1 0
0 0 1

  PixelContainer: 
    ImportImageContainer (0x3f4ac60)
      RTTI typeinfo:   itk::ImportImageContainer<unsigned long, double>
      Reference Count: 1
      Modified Time: 1940
      Debug: Off
      Object Name: 
      Observers: 
        none
      Pointer: 0x151bd80a9010
      Container manages memory: true
      Size: 8530021
      Capacity: 8530021

     Moving image = Image (0x3f4d610)
  RTTI typeinfo:   itk::Image<double, 3u>
  Reference Count: 2
  Modified Time: 2335
  Debug: Off
  Object Name: 
  Observers: 
    none
  Source: (none)
  Source output name: (none)
  Release Data: Off
  Data Released: False
  Global Release Data: Off
  PipelineMTime: 0
  UpdateMTime: 2332
  RealTimeStamp: 0 seconds 
  LargestPossibleRegion: 
    Dimension: 3
    Index: [0, 0, 0]
    Size: [176, 240, 256]
  BufferedRegion: 
    Dimension: 3
    Index: [0, 0, 0]
    Size: [176, 240, 256]
  RequestedRegion: 
    Dimension: 3
    Index: [0, 0, 0]
    Size: [176, 240, 256]
  Spacing: [0.999999, 1, 1]
  Origin: [90.3778, 84.5091, -154.071]
  Direction: 
-0.999391 7.48184e-06 -0.0348969
-7.47664e-06 -1 -2.7953e-07
-0.0348969 -1.84481e-08 0.999391

  IndexToPointMatrix: 
-0.99939 7.48184e-06 -0.0348969
-7.47663e-06 -1 -2.7953e-07
-0.0348968 -1.84481e-08 0.999391

  PointToIndexMatrix: 
-0.999392 -7.47665e-06 -0.0348969
7.48184e-06 -1 -1.84481e-08
-0.0348969 -2.7953e-07 0.999391

  Inverse Direction: 
-0.999391 -7.47664e-06 -0.0348969
7.48184e-06 -1 -1.84481e-08
-0.0348969 -2.7953e-07 0.999391

  PixelContainer: 
    ImportImageContainer (0x3fe6ef0)
      RTTI typeinfo:   itk::ImportImageContainer<unsigned long, double>
      Reference Count: 1
      Modified Time: 2329
      Debug: Off
      Object Name: 
      Observers: 
        none
      Pointer: 0x151bd2e28010
      Container manages memory: true
      Size: 10813440
      Capacity: 10813440

     Weighting = 1
     Sampling strategy = regular
     Number of bins = 32
     Radius = 4
     Sampling percentage  = 0.25
   Transform = Rigid
     Gradient step = 0.1
     Update field sigma (voxel space) = 0
     Total field sigma (voxel space) = 0
     Update field time sigma = 0
     Total field time sigma  = 0
     Number of time indices = 0
     Number of time point samples = 0
Registration using 1 total stages.

Stage 0
  iterations = 0
  convergence threshold = 1e-06
  convergence window size = 10
  number of levels = 1
  using the Mattes MI metric (number of bins = 32, weight = 1, use gradient filter = 0)
  preprocessing:  winsorizing the image intensities
  Shrink factors (level 1 out of 1): [1, 1, 1]
  smoothing sigmas per level: [0]
  regular sampling (percentage = 0.25)

*** Running Euler3DTransform registration ***

  Elapsed time (stage 0): 1.11978


Total elapsed time: 1.12215
Info [verificarlo]: loaded backend libinterflop_vprec.so
Info [interflop-vprec]: load backend with: 
Info [interflop-vprec]: precision-binary32 = 13
Info [interflop-vprec]: range-binary32 = 7
Info [interflop-vprec]: precision-binary64 = 13
Info [interflop-vprec]: range-binary64 = 7
Info [interflop-vprec]: mode = ob
Info [interflop-vprec]: error-mode = rel
Info [interflop-vprec]: max-abs-error-exponent = -1022
Info [interflop-vprec]: daz = false
Info [interflop-vprec]: ftz = false
Info [interflop-vprec]: 	instrument = none
Info [interflop-vprec]: 	prec-input-file = (null)
Info [interflop-vprec]: 	prec-output-file = (null)
Info [interflop-vprec]: 	prec-log-file = (null)
All_Command_lines_OK
Using double precision for computations.
=============================================================================
The composite transform comprises the following transforms (in order): 
  1. /home/mdugre/scratch/mri-registration-rp/datasets/ds004513/derivatives/mri-registration-rp/0100/antsRegistration-r7-p13/sub-s025/align_Composite.h5[0] (type = Euler3DTransform)
  2. /home/mdugre/scratch/mri-registration-rp/datasets/ds004513/derivatives/mri-registration-rp/0100/antsRegistration-r7-p13/sub-s025/align_Composite.h5[1] (type = Euler3DTransform)
=============================================================================
  number of levels = 4
  fixed image: /templateflow/tpl-MNI152NLin2009cAsym/tpl-MNI152NLin2009cAsym_res-01_desc-brain_T1w.nii.gz
  moving image: /home/mdugre/scratch/mri-registration-rp/datasets/ds004513/derivatives/mri-registration-rp/antsBrainExtraction/sub-s025/BrainExtractionBrain.nii.gz
Dimension = 3
Number of stages = 1
Use histogram matching = false
Winsorize image intensities = true
  Lower quantile = 0.005
  Upper quantile = 0.995


Stage 1 State
   Image metric = MattesMI
     Fixed image = Image (0x3d131e0)
  RTTI typeinfo:   itk::Image<double, 3u>
  Reference Count: 2
  Modified Time: 1578
  Debug: Off
  Object Name: 
  Observers: 
    none
  Source: (none)
  Source output name: (none)
  Release Data: Off
  Data Released: False
  Global Release Data: Off
  PipelineMTime: 0
  UpdateMTime: 1189
  RealTimeStamp: 0 seconds 
  LargestPossibleRegion: 
    Dimension: 3
    Index: [0, 0, 0]
    Size: [193, 229, 193]
  BufferedRegion: 
    Dimension: 3
    Index: [0, 0, 0]
    Size: [193, 229, 193]
  RequestedRegion: 
    Dimension: 3
    Index: [0, 0, 0]
    Size: [193, 229, 193]
  Spacing: [1, 1, 1]
  Origin: [96, 132, -78]
  Direction: 
-1 0 0
0 -1 0
0 0 1

  IndexToPointMatrix: 
-1 0 0
0 -1 0
0 0 1

  PointToIndexMatrix: 
-1 0 0
0 -1 0
0 0 1

  Inverse Direction: 
-1 0 0
0 -1 0
0 0 1

  PixelContainer: 
    ImportImageContainer (0x3dd2680)
      RTTI typeinfo:   itk::ImportImageContainer<unsigned long, double>
      Reference Count: 1
      Modified Time: 1186
      Debug: Off
      Object Name: 
      Observers: 
        none
      Pointer: 0x14c19225c010
      Container manages memory: true
      Size: 8530021
      Capacity: 8530021

     Moving image = Image (0x3dceb20)
  RTTI typeinfo:   itk::Image<double, 3u>
  Reference Count: 2
  Modified Time: 1579
  Debug: Off
  Object Name: 
  Observers: 
    none
  Source: (none)
  Source output name: (none)
  Release Data: Off
  Data Released: False
  Global Release Data: Off
  PipelineMTime: 0
  UpdateMTime: 1576
  RealTimeStamp: 0 seconds 
  LargestPossibleRegion: 
    Dimension: 3
    Index: [0, 0, 0]
    Size: [176, 240, 256]
  BufferedRegion: 
    Dimension: 3
    Index: [0, 0, 0]
    Size: [176, 240, 256]
  RequestedRegion: 
    Dimension: 3
    Index: [0, 0, 0]
    Size: [176, 240, 256]
  Spacing: [1, 1, 1]
  Origin: [90.375, 84.5078, -154.078]
  Direction: 
-0.99939 7.48178e-06 -0.0348969
-7.47666e-06 -1 -2.79542e-07
-0.0348969 -1.84482e-08 0.99939

  IndexToPointMatrix: 
-0.99939 7.48178e-06 -0.0348969
-7.47666e-06 -1 -2.79542e-07
-0.0348969 -1.84482e-08 0.99939

  PointToIndexMatrix: 
-0.99939 -7.47666e-06 -0.0348969
7.48178e-06 -1 -1.84518e-08
-0.0348969 -2.79542e-07 0.99939

  Inverse Direction: 
-0.99939 -7.47666e-06 -0.0348969
7.48178e-06 -1 -1.84518e-08
-0.0348969 -2.79542e-07 0.99939

  PixelContainer: 
    ImportImageContainer (0x3e37d50)
      RTTI typeinfo:   itk::ImportImageContainer<unsigned long, double>
      Reference Count: 1
      Modified Time: 1573
      Debug: Off
      Object Name: 
      Observers: 
        none
      Pointer: 0x14c18cfdb010
      Container manages memory: true
      Size: 10813440
      Capacity: 10813440

     Weighting = 1
     Sampling strategy = regular
     Number of bins = 32
     Radius = 4
     Sampling percentage  = 0.25
   Transform = Rigid
     Gradient step = 0.1
     Update field sigma (voxel space) = 0
     Total field sigma (voxel space) = 0
     Update field time sigma = 0
     Total field time sigma  = 0
     Number of time indices = 0
     Number of time point samples = 0
Registration using 1 total stages.

Stage 0
  iterations = 1000x500x250x100
  convergence threshold = 1e-06
  convergence window size = 10
  number of levels = 4
  using the Mattes MI metric (number of bins = 32, weight = 1, use gradient filter = 0)
  preprocessing:  winsorizing the image intensities
  Shrink factors (level 1 out of 4): [8, 8, 8]
  Shrink factors (level 2 out of 4): [4, 4, 4]
  Shrink factors (level 3 out of 4): [2, 2, 2]
  Shrink factors (level 4 out of 4): [1, 1, 1]
  smoothing sigmas per level: [3, 2, 1, 0]
  regular sampling (percentage = 0.25)

*** Running Euler3DTransform registration ***

DIAGNOSTIC,Iteration,metricValue,convergenceValue,ITERATION_TIME_INDEX,SINCE_LAST
 2DIAGNOSTIC,     1, -5.318810909191e-01, 1.797693134862e+308, 0.0000e+00, 0.0000e+00, 
 2DIAGNOSTIC,     2, -5.339824922598e-01, 1.797693134862e+308, 0.0000e+00, 0.0000e+00, 
 2DIAGNOSTIC,     3, -5.368889563031e-01, 1.797693134862e+308, 0.0000e+00, 0.0000e+00, 
 2DIAGNOSTIC,     4, -5.409659865314e-01, 1.797693134862e+308, 0.0000e+00, 0.0000e+00, 
 2DIAGNOSTIC,     5, -5.459901601514e-01, 1.797693134862e+308, 0.0000e+00, 0.0000e+00, 
 2DIAGNOSTIC,     6, -5.516237921107e-01, 1.797693134862e+308, 0.0000e+00, 0.0000e+00, 
 2DIAGNOSTIC,     7, -5.590744812355e-01, 1.797693134862e+308, 0.0000e+00, 0.0000e+00, 
 2DIAGNOSTIC,     8, -5.733879426911e-01, 1.797693134862e+308, 0.0000e+00, 0.0000e+00, 
 2DIAGNOSTIC,     9, -5.779788902324e-01, 1.797693134862e+308, 0.0000e+00, 0.0000e+00, 
 2DIAGNOSTIC,    10, -5.797392658867e-01, 6.236512748067e-03, 0.0000e+00, 0.0000e+00, 
 2DIAGNOSTIC,    11, -5.846223804234e-01, 5.955335413453e-03, 0.0000e+00, 0.0000e+00, 
 2DIAGNOSTIC,    12, -5.879364068038e-01, 5.410509798999e-03, 0.0000e+00, 0.0000e+00, 
 2DIAGNOSTIC,    13, -5.882902795551e-01, 4.584080624979e-03, 0.0000e+00, 0.0000e+00, 
 2DIAGNOSTIC,    14, -5.895644370844e-01, 3.659383209690e-03, 0.0000e+00, 0.0000e+00, 
 2DIAGNOSTIC,    15, -5.914206564502e-01, 2.764806990451e-03, 0.0000e+00, 0.0000e+00, 
 2DIAGNOSTIC,    16, -5.949235687476e-01, 2.016957572706e-03, 0.0000e+00, 0.0000e+00, 
 2DIAGNOSTIC,    17, -5.989467781317e-01, 1.499619213155e-03, 0.0000e+00, 0.0000e+00, 
 2DIAGNOSTIC,    18, -6.010459581407e-01, 1.356145838490e-03, 0.0000e+00, 0.0000e+00, 
 2DIAGNOSTIC,    19, -6.040984466296e-01, 1.304960441138e-03, 0.0000e+00, 0.0000e+00, 
 2DIAGNOSTIC,    20, -6.105706984792e-01, 1.338080559264e-03, 0.0000e+00, 0.0000e+00, 
 2DIAGNOSTIC,    21, -6.195985625450e-01, 1.563279622482e-03, 0.0000e+00, 0.0000e+00, 
 2DIAGNOSTIC,    22, -6.279627444979e-01, 1.876798045540e-03, 0.0000e+00, 0.0000e+00, 
 2DIAGNOSTIC,    23, -6.284067593320e-01, 2.002038711153e-03, 0.0000e+00, 0.0000e+00, 
 2DIAGNOSTIC,    24, -6.285330172056e-01, 1.961781064512e-03, 0.0000e+00, 0.0000e+00, 
 2DIAGNOSTIC,    25, -6.288235033302e-01, 1.782548983078e-03, 0.0000e+00, 0.0000e+00, 
 2DIAGNOSTIC,    26, -6.295095026694e-01, 1.524491004918e-03, 0.0000e+00, 0.0000e+00, 
 2DIAGNOSTIC,    27, -6.300767375380e-01, 1.224040747537e-03, 0.0000e+00, 0.0000e+00, 
 2DIAGNOSTIC,    28, -6.302774358785e-01, 8.727353621132e-04, 0.0000e+00, 0.0000e+00, 
 2DIAGNOSTIC,    29, -6.301831003498e-01, 5.153606419067e-04, 0.0000e+00, 0.0000e+00, 
 2DIAGNOSTIC,    30, -6.301837876712e-01, 2.360849389416e-04, 0.0000e+00, 0.0000e+00, 
 2DIAGNOSTIC,    31, -6.302249840022e-01, 9.009205276866e-05, 0.0000e+00, 0.0000e+00, 
 2DIAGNOSTIC,    32, -6.302742505766e-01, 7.071728942623e-05, 0.0000e+00, 0.0000e+00, 
 2DIAGNOSTIC,    33, -6.303368312602e-01, 5.340783541627e-05, 0.0000e+00, 0.0000e+00, 
 2DIAGNOSTIC,    34, -6.304046902041e-01, 3.508219348403e-05, 0.0000e+00, 0.0000e+00, 
 2DIAGNOSTIC,    35, -6.304174135082e-01, 1.863444732716e-05, 0.0000e+00, 0.0000e+00, 
 2DIAGNOSTIC,    36, -6.303953447123e-01, 1.005229398727e-05, 0.0000e+00, 0.0000e+00, 
 2DIAGNOSTIC,    37, -6.303809105585e-01, 8.114779987561e-06, 0.0000e+00, 0.0000e+00, 
 2DIAGNOSTIC,    38, -6.303809105585e-01, 8.146131371005e-06, 0.0000e+00, 0.0000e+00, 
 2DIAGNOSTIC,    39, -6.303809105585e-01, 6.350482770600e-06, 0.0000e+00, 0.0000e+00, 
 2DIAGNOSTIC,    40, -6.303809105585e-01, 4.149310801730e-06, 0.0000e+00, 0.0000e+00, 
 2DIAGNOSTIC,    41, -6.303809105585e-01, 2.245410458814e-06, 0.0000e+00, 0.0000e+00, 
DIAGNOSTIC,Iteration,metricValue,convergenceValue,ITERATION_TIME_INDEX,SINCE_LAST
 2DIAGNOSTIC,     1, -4.911219725652e-01, 1.797693134862e+308, 0.0000e+00, 0.0000e+00, 
 2DIAGNOSTIC,     2, -4.916273132793e-01, 1.797693134862e+308, 0.0000e+00, 0.0000e+00, 
 2DIAGNOSTIC,     3, -4.922828311402e-01, 1.797693134862e+308, 0.0000e+00, 0.0000e+00, 
 2DIAGNOSTIC,     4, -4.932359250361e-01, 1.797693134862e+308, 0.0000e+00, 0.0000e+00, 
 2DIAGNOSTIC,     5, -4.950432800303e-01, 1.797693134862e+308, 0.0000e+00, 0.0000e+00, 
 2DIAGNOSTIC,     6, -4.965308257300e-01, 1.797693134862e+308, 0.0000e+00, 0.0000e+00, 
 2DIAGNOSTIC,     7, -4.987498460654e-01, 1.797693134862e+308, 0.0000e+00, 0.0000e+00, 
 2DIAGNOSTIC,     8, -5.099271011357e-01, 1.797693134862e+308, 0.0000e+00, 0.0000e+00, 
 2DIAGNOSTIC,     9, -5.200440109106e-01, 1.797693134862e+308, 0.0000e+00, 0.0000e+00, 
 2DIAGNOSTIC,    10, -5.227042326032e-01, 4.065439290688e-03, 0.0000e+00, 0.0000e+00, 
 2DIAGNOSTIC,    11, -5.242964239238e-01, 4.387277960661e-03, 0.0000e+00, 0.0000e+00, 
 2DIAGNOSTIC,    12, -5.344833501824e-01, 4.759310462921e-03, 0.0000e+00, 0.0000e+00, 
 2DIAGNOSTIC,    13, -5.381847915662e-01, 4.809234544480e-03, 0.0000e+00, 0.0000e+00, 
 2DIAGNOSTIC,    14, -5.422251120868e-01, 4.605835212082e-03, 0.0000e+00, 0.0000e+00, 
 2DIAGNOSTIC,    15, -5.489796581829e-01, 4.331490987566e-03, 0.0000e+00, 0.0000e+00, 
 2DIAGNOSTIC,    16, -5.556593062005e-01, 3.979229655206e-03, 0.0000e+00, 0.0000e+00, 
 2DIAGNOSTIC,    17, -5.603020054857e-01, 3.513846856527e-03, 0.0000e+00, 0.0000e+00, 
 2DIAGNOSTIC,    18, -5.630813695450e-01, 3.194454735905e-03, 0.0000e+00, 0.0000e+00, 
 2DIAGNOSTIC,    19, -5.657754750908e-01, 2.984597242016e-03, 0.0000e+00, 0.0000e+00, 
 2DIAGNOSTIC,    20, -5.695917855636e-01, 2.695874268137e-03, 0.0000e+00, 0.0000e+00, 
 2DIAGNOSTIC,    21, -5.732415681480e-01, 2.311081716047e-03, 0.0000e+00, 0.0000e+00, 
 2DIAGNOSTIC,    22, -5.742672549034e-01, 2.020633935956e-03, 0.0000e+00, 0.0000e+00, 
 2DIAGNOSTIC,    23, -5.769183472360e-01, 1.718216033685e-03, 0.0000e+00, 0.0000e+00, 
 2DIAGNOSTIC,    24, -5.789544651756e-01, 1.414751333945e-03, 0.0000e+00, 0.0000e+00, 
 2DIAGNOSTIC,    25, -5.821600219771e-01, 1.212300855793e-03, 0.0000e+00, 0.0000e+00, 
 2DIAGNOSTIC,    26, -5.855558949134e-01, 1.114519716613e-03, 0.0000e+00, 0.0000e+00, 
 2DIAGNOSTIC,    27, -5.918640226084e-01, 1.132215356665e-03, 0.0000e+00, 0.0000e+00, 
 2DIAGNOSTIC,    28, -5.981543364786e-01, 1.209521753147e-03, 0.0000e+00, 0.0000e+00, 
 2DIAGNOSTIC,    29, -5.998650080666e-01, 1.243744819900e-03, 0.0000e+00, 0.0000e+00, 
 2DIAGNOSTIC,    30, -6.062048287705e-01, 1.334255589530e-03, 0.0000e+00, 0.0000e+00, 
 2DIAGNOSTIC,    31, -6.067499309216e-01, 1.360795296565e-03, 0.0000e+00, 0.0000e+00, 
 2DIAGNOSTIC,    32, -6.077752122555e-01, 1.289306954851e-03, 0.0000e+00, 0.0000e+00, 
 2DIAGNOSTIC,    33, -6.088166481499e-01, 1.158090602617e-03, 0.0000e+00, 0.0000e+00, 
 2DIAGNOSTIC,    34, -6.118788834190e-01, 1.002224942074e-03, 0.0000e+00, 0.0000e+00, 
 2DIAGNOSTIC,    35, -6.133572269933e-01, 8.284604174307e-04, 0.0000e+00, 0.0000e+00, 
 2DIAGNOSTIC,    36, -6.159672340926e-01, 6.705045660288e-04, 0.0000e+00, 0.0000e+00, 
 2DIAGNOSTIC,    37, -6.185398036228e-01, 5.793463309401e-04, 0.0000e+00, 0.0000e+00, 
 2DIAGNOSTIC,    38, -6.191439926999e-01, 5.304270854246e-04, 0.0000e+00, 0.0000e+00, 
 2DIAGNOSTIC,    39, -6.193681672918e-01, 4.569480389405e-04, 0.0000e+00, 0.0000e+00, 
 2DIAGNOSTIC,    40, -6.194140870016e-01, 4.248554358168e-04, 0.0000e+00, 0.0000e+00, 
 2DIAGNOSTIC,    41, -6.196786168860e-01, 3.638937133888e-04, 0.0000e+00, 0.0000e+00, 
 2DIAGNOSTIC,    42, -6.200684289247e-01, 2.881342967972e-04, 0.0000e+00, 0.0000e+00, 
 2DIAGNOSTIC,    43, -6.201949339248e-01, 2.018253347623e-04, 0.0000e+00, 0.0000e+00, 
 2DIAGNOSTIC,    44, -6.202569570129e-01, 1.364973972543e-04, 0.0000e+00, 0.0000e+00, 
 2DIAGNOSTIC,    45, -6.202971635445e-01, 7.790102982963e-05, 0.0000e+00, 0.0000e+00, 
 2DIAGNOSTIC,    46, -6.203640201291e-01, 4.298630645854e-05, 0.0000e+00, 0.0000e+00, 
 2DIAGNOSTIC,    47, -6.204318705583e-01, 3.336280583817e-05, 0.0000e+00, 0.0000e+00, 
 2DIAGNOSTIC,    48, -6.205357233798e-01, 2.833060192747e-05, 0.0000e+00, 0.0000e+00, 
 2DIAGNOSTIC,    49, -6.205468265859e-01, 2.332927383096e-05, 0.0000e+00, 0.0000e+00, 
 2DIAGNOSTIC,    50, -6.207508601836e-01, 1.886662342429e-05, 0.0000e+00, 0.0000e+00, 
 2DIAGNOSTIC,    51, -6.209388288843e-01, 1.711154110417e-05, 0.0000e+00, 0.0000e+00, 
 2DIAGNOSTIC,    52, -6.209723631350e-01, 1.781969022190e-05, 0.0000e+00, 0.0000e+00, 
 2DIAGNOSTIC,    53, -6.209319957006e-01, 1.769103222324e-05, 0.0000e+00, 0.0000e+00, 
 2DIAGNOSTIC,    54, -6.209207119401e-01, 1.644570639286e-05, 0.0000e+00, 0.0000e+00, 
 2DIAGNOSTIC,    55, -6.209689079892e-01, 1.450646220561e-05, 0.0000e+00, 0.0000e+00, 
 2DIAGNOSTIC,    56, -6.209858677127e-01, 1.199725860088e-05, 0.0000e+00, 0.0000e+00, 
 2DIAGNOSTIC,    57, -6.209838986129e-01, 9.062036425221e-06, 0.0000e+00, 0.0000e+00, 
 2DIAGNOSTIC,    58, -6.209820429762e-01, 6.353032285040e-06, 0.0000e+00, 0.0000e+00, 
 2DIAGNOSTIC,    59, -6.209648377288e-01, 3.128774663748e-06, 0.0000e+00, 0.0000e+00, 
 2DIAGNOSTIC,    60, -6.209647071693e-01, 1.395736558354e-06, 0.0000e+00, 0.0000e+00, 
 2DIAGNOSTIC,    61, -6.209648048822e-01, 1.140083786991e-06, 0.0000e+00, 0.0000e+00, 
 2DIAGNOSTIC,    62, -6.209645033714e-01, 1.121634556508e-06, 0.0000e+00, 0.0000e+00, 
DIAGNOSTIC,Iteration,metricValue,convergenceValue,ITERATION_TIME_INDEX,SINCE_LAST
 2DIAGNOSTIC,     1, -5.349162905728e-01, 1.797693134862e+308, 0.0000e+00, 0.0000e+00, 
 2DIAGNOSTIC,     2, -5.350338068168e-01, 1.797693134862e+308, 0.0000e+00, 0.0000e+00, 
 2DIAGNOSTIC,     3, -5.351672954282e-01, 1.797693134862e+308, 0.0000e+00, 0.0000e+00, 
 2DIAGNOSTIC,     4, -5.353383153097e-01, 1.797693134862e+308, 0.0000e+00, 0.0000e+00, 
 2DIAGNOSTIC,     5, -5.353569863162e-01, 1.797693134862e+308, 0.0000e+00, 0.0000e+00, 
 2DIAGNOSTIC,     6, -5.353968065329e-01, 1.797693134862e+308, 0.0000e+00, 0.0000e+00, 
 2DIAGNOSTIC,     7, -5.353896496724e-01, 1.797693134862e+308, 0.0000e+00, 0.0000e+00, 
 2DIAGNOSTIC,     8, -5.353851125457e-01, 1.797693134862e+308, 0.0000e+00, 0.0000e+00, 
 2DIAGNOSTIC,     9, -5.354136765794e-01, 1.797693134862e+308, 0.0000e+00, 0.0000e+00, 
 2DIAGNOSTIC,    10, -5.354932583031e-01, 6.187704192046e-05, 0.0000e+00, 0.0000e+00, 
 2DIAGNOSTIC,    11, -5.355530570200e-01, 4.546485387973e-05, 0.0000e+00, 0.0000e+00, 
 2DIAGNOSTIC,    12, -5.355816060465e-01, 3.441309903625e-05, 0.0000e+00, 0.0000e+00, 
 2DIAGNOSTIC,    13, -5.356814640218e-01, 3.166025208753e-05, 0.0000e+00, 0.0000e+00, 
 2DIAGNOSTIC,    14, -5.357588704677e-01, 3.602209503265e-05, 0.0000e+00, 0.0000e+00, 
 2DIAGNOSTIC,    15, -5.358082946060e-01, 3.905161749247e-05, 0.0000e+00, 0.0000e+00, 
 2DIAGNOSTIC,    16, -5.358065453630e-01, 3.963326066360e-05, 0.0000e+00, 0.0000e+00, 
 2DIAGNOSTIC,    17, -5.357886121631e-01, 3.601904215991e-05, 0.0000e+00, 0.0000e+00, 
 2DIAGNOSTIC,    18, -5.357999708370e-01, 2.990122265228e-05, 0.0000e+00, 0.0000e+00, 
 2DIAGNOSTIC,    19, -5.358309706893e-01, 2.342196136568e-05, 0.0000e+00, 0.0000e+00, 
 2DIAGNOSTIC,    20, -5.357919920363e-01, 1.663173271132e-05, 0.0000e+00, 0.0000e+00, 
 2DIAGNOSTIC,    21, -5.358207372467e-01, 1.143921072723e-05, 0.0000e+00, 0.0000e+00, 
 2DIAGNOSTIC,    22, -5.357956717307e-01, 5.868105657857e-06, 0.0000e+00, 0.0000e+00, 
 2DIAGNOSTIC,    23, -5.357964271824e-01, 2.685367608224e-06, 0.0000e+00, 0.0000e+00, 
DIAGNOSTIC,Iteration,metricValue,convergenceValue,ITERATION_TIME_INDEX,SINCE_LAST
 2DIAGNOSTIC,     1, -4.896175966278e-01, 1.797693134862e+308, 0.0000e+00, 0.0000e+00, 
 2DIAGNOSTIC,     2, -4.896594544820e-01, 1.797693134862e+308, 0.0000e+00, 0.0000e+00, 
 2DIAGNOSTIC,     3, -4.896903594711e-01, 1.797693134862e+308, 0.0000e+00, 0.0000e+00, 
 2DIAGNOSTIC,     4, -4.897359978773e-01, 1.797693134862e+308, 0.0000e+00, 0.0000e+00, 
 2DIAGNOSTIC,     5, -4.897312966662e-01, 1.797693134862e+308, 0.0000e+00, 0.0000e+00, 
 2DIAGNOSTIC,     6, -4.897305269695e-01, 1.797693134862e+308, 0.0000e+00, 0.0000e+00, 
 2DIAGNOSTIC,     7, -4.897389863609e-01, 1.797693134862e+308, 0.0000e+00, 0.0000e+00, 
 2DIAGNOSTIC,     8, -4.897393195044e-01, 1.797693134862e+308, 0.0000e+00, 0.0000e+00, 
 2DIAGNOSTIC,     9, -4.897194203733e-01, 1.797693134862e+308, 0.0000e+00, 0.0000e+00, 
 2DIAGNOSTIC,    10, -4.897232170392e-01, 1.512108898806e-05, 0.0000e+00, 0.0000e+00, 
 2DIAGNOSTIC,    11, -4.897247262470e-01, 8.144358409984e-06, 0.0000e+00, 0.0000e+00, 
 2DIAGNOSTIC,    12, -4.897244331431e-01, 3.884438454380e-06, 0.0000e+00, 0.0000e+00, 
 2DIAGNOSTIC,    13, -4.897244389640e-01, 1.545403567629e-06, 0.0000e+00, 0.0000e+00, 
 2DIAGNOSTIC,    14, -4.897244200110e-01, 1.587475880110e-06, 0.0000e+00, 0.0000e+00, 
 2DIAGNOSTIC,    15, -4.897242009300e-01, 1.546886229151e-06, 0.0000e+00, 0.0000e+00, 
 2DIAGNOSTIC,    16, -4.897241917094e-01, 1.556978269646e-06, 0.0000e+00, 0.0000e+00, 
 2DIAGNOSTIC,    17, -4.897241165542e-01, 1.925644274238e-06, 0.0000e+00, 0.0000e+00, 
 2DIAGNOSTIC,    18, -4.897241598985e-01, 2.319190693829e-06, 0.0000e+00, 0.0000e+00, 
 2DIAGNOSTIC,    19, -4.897232169263e-01, 2.016696576158e-06, 0.0000e+00, 0.0000e+00, 
 2DIAGNOSTIC,    20, -4.897230966991e-01, 1.853114517635e-06, 0.0000e+00, 0.0000e+00, 
 2DIAGNOSTIC,    21, -4.897229874043e-01, 1.752055008769e-06, 0.0000e+00, 0.0000e+00, 
 2DIAGNOSTIC,    22, -4.897229557342e-01, 1.660196050197e-06, 0.0000e+00, 0.0000e+00, 
 2DIAGNOSTIC,    23, -4.897229557342e-01, 1.586203661176e-06, 0.0000e+00, 0.0000e+00, 
 2DIAGNOSTIC,    24, -4.897228812672e-01, 1.526106426356e-06, 0.0000e+00, 0.0000e+00, 
 2DIAGNOSTIC,    25, -4.897228812672e-01, 1.474497017089e-06, 0.0000e+00, 0.0000e+00, 
 2DIAGNOSTIC,    26, -4.897228812672e-01, 1.433770533840e-06, 0.0000e+00, 0.0000e+00, 
 2DIAGNOSTIC,    27, -4.897233654537e-01, 1.410124093000e-06, 0.0000e+00, 0.0000e+00, 
 2DIAGNOSTIC,    28, -4.897237587941e-01, 1.400044467026e-06, 0.0000e+00, 0.0000e+00, 
 2DIAGNOSTIC,    29, -4.897237587941e-01, 1.370456235938e-06, 0.0000e+00, 0.0000e+00, 
 2DIAGNOSTIC,    30, -4.897238282125e-01, 1.339154095753e-06, 0.0000e+00, 0.0000e+00, 
 2DIAGNOSTIC,    31, -4.897238282125e-01, 1.303597383040e-06, 0.0000e+00, 0.0000e+00, 
 2DIAGNOSTIC,    32, -4.897236803201e-01, 1.261969490185e-06, 0.0000e+00, 0.0000e+00, 
 2DIAGNOSTIC,    33, -4.897236803201e-01, 1.218218013667e-06, 0.0000e+00, 0.0000e+00, 
 2DIAGNOSTIC,    34, -4.897236803201e-01, 1.171873314450e-06, 0.0000e+00, 0.0000e+00, 
 2DIAGNOSTIC,    35, -4.897235373547e-01, 1.123092360802e-06, 0.0000e+00, 0.0000e+00, 
 2DIAGNOSTIC,    36, -4.897235373547e-01, 1.075621072204e-06, 0.0000e+00, 0.0000e+00, 
 2DIAGNOSTIC,    37, -4.897235373547e-01, 1.038424233834e-06, 0.0000e+00, 0.0000e+00, 
 2DIAGNOSTIC,    38, -4.897238251306e-01, 1.014600710055e-06, 0.0000e+00, 0.0000e+00, 
  Elapsed time (stage 0): 0.0000e+00


Total elapsed time: 0.0000e+00
Info [verificarlo]: loaded backend libinterflop_ieee.so
Info [interflop-ieee]: load backend with:
Info [interflop-ieee]: debug = false
Info [interflop-ieee]: debug-binary = false
Info [interflop-ieee]: no-backend-name = false
Info [interflop-ieee]: print-new-line = false
Info [interflop-ieee]: print-subnormal-normalized = false
Info [interflop-ieee]: count-op = false
All_Command_lines_OK
Using double precision for computations.
=============================================================================
The composite transform comprises the following transforms (in order): 
  1. /home/mdugre/scratch/mri-registration-rp/datasets/ds004513/derivatives/mri-registration-rp/0100/antsRegistration-r7-p13/sub-s025/rigid_Composite.h5[0] (type = Euler3DTransform)
  2. /home/mdugre/scratch/mri-registration-rp/datasets/ds004513/derivatives/mri-registration-rp/0100/antsRegistration-r7-p13/sub-s025/rigid_Composite.h5[1] (type = Euler3DTransform)
  3. /home/mdugre/scratch/mri-registration-rp/datasets/ds004513/derivatives/mri-registration-rp/0100/antsRegistration-r7-p13/sub-s025/rigid_Composite.h5[2] (type = Euler3DTransform)
=============================================================================
  number of levels = 4
  fixed image: /templateflow/tpl-MNI152NLin2009cAsym/tpl-MNI152NLin2009cAsym_res-01_desc-brain_T1w.nii.gz
  moving image: /home/mdugre/scratch/mri-registration-rp/datasets/ds004513/derivatives/mri-registration-rp/antsBrainExtraction/sub-s025/BrainExtractionBrain.nii.gz
Dimension = 3
Number of stages = 1
Use histogram matching = false
Winsorize image intensities = true
  Lower quantile = 0.005
  Upper quantile = 0.995


Stage 1 State
   Image metric = MattesMI
     Fixed image = Image (0x47517e0)
  RTTI typeinfo:   itk::Image<double, 3u>
  Reference Count: 2
  Modified Time: 1594
  Debug: Off
  Object Name: 
  Observers: 
    none
  Source: (none)
  Source output name: (none)
  Release Data: Off
  Data Released: False
  Global Release Data: Off
  PipelineMTime: 0
  UpdateMTime: 1203
  RealTimeStamp: 0 seconds 
  LargestPossibleRegion: 
    Dimension: 3
    Index: [0, 0, 0]
    Size: [193, 229, 193]
  BufferedRegion: 
    Dimension: 3
    Index: [0, 0, 0]
    Size: [193, 229, 193]
  RequestedRegion: 
    Dimension: 3
    Index: [0, 0, 0]
    Size: [193, 229, 193]
  Spacing: [1, 1, 1]
  Origin: [96, 132, -78]
  Direction: 
-1 0 0
0 -1 0
0 0 1

  IndexToPointMatrix: 
-1 0 0
0 -1 0
0 0 1

  PointToIndexMatrix: 
-1 0 0
0 -1 0
0 0 1

  Inverse Direction: 
-1 0 0
0 -1 0
0 0 1

  PixelContainer: 
    ImportImageContainer (0x4811a20)
      RTTI typeinfo:   itk::ImportImageContainer<unsigned long, double>
      Reference Count: 1
      Modified Time: 1200
      Debug: Off
      Object Name: 
      Observers: 
        none
      Pointer: 0x14733ff04010
      Container manages memory: true
      Size: 8530021
      Capacity: 8530021

     Moving image = Image (0x47c6e20)
  RTTI typeinfo:   itk::Image<double, 3u>
  Reference Count: 2
  Modified Time: 1595
  Debug: Off
  Object Name: 
  Observers: 
    none
  Source: (none)
  Source output name: (none)
  Release Data: Off
  Data Released: False
  Global Release Data: Off
  PipelineMTime: 0
  UpdateMTime: 1592
  RealTimeStamp: 0 seconds 
  LargestPossibleRegion: 
    Dimension: 3
    Index: [0, 0, 0]
    Size: [176, 240, 256]
  BufferedRegion: 
    Dimension: 3
    Index: [0, 0, 0]
    Size: [176, 240, 256]
  RequestedRegion: 
    Dimension: 3
    Index: [0, 0, 0]
    Size: [176, 240, 256]
  Spacing: [0.999999, 1, 1]
  Origin: [90.3778, 84.5091, -154.071]
  Direction: 
-0.999391 7.48184e-06 -0.0348969
-7.47664e-06 -1 -2.7953e-07
-0.0348969 -1.84481e-08 0.999391

  IndexToPointMatrix: 
-0.99939 7.48184e-06 -0.0348969
-7.47663e-06 -1 -2.7953e-07
-0.0348968 -1.84481e-08 0.999391

  PointToIndexMatrix: 
-0.999392 -7.47665e-06 -0.0348969
7.48184e-06 -1 -1.84481e-08
-0.0348969 -2.7953e-07 0.999391

  Inverse Direction: 
-0.999391 -7.47664e-06 -0.0348969
7.48184e-06 -1 -1.84481e-08
-0.0348969 -2.7953e-07 0.999391

  PixelContainer: 
    ImportImageContainer (0x4860550)
      RTTI typeinfo:   itk::ImportImageContainer<unsigned long, double>
      Reference Count: 1
      Modified Time: 1589
      Debug: Off
      Object Name: 
      Observers: 
        none
      Pointer: 0x14733ac83010
      Container manages memory: true
      Size: 10813440
      Capacity: 10813440

     Weighting = 1
     Sampling strategy = regular
     Number of bins = 32
     Radius = 4
     Sampling percentage  = 0.25
   Transform = Affine
     Gradient step = 0.1
     Update field sigma (voxel space) = 0
     Total field sigma (voxel space) = 0
     Update field time sigma = 0
     Total field time sigma  = 0
     Number of time indices = 0
     Number of time point samples = 0
Registration using 1 total stages.

Stage 0
  iterations = 1000x500x250x100
  convergence threshold = 1e-06
  convergence window size = 10
  number of levels = 4
  using the Mattes MI metric (number of bins = 32, weight = 1, use gradient filter = 0)
  preprocessing:  winsorizing the image intensities
  Shrink factors (level 1 out of 4): [8, 8, 8]
  Shrink factors (level 2 out of 4): [4, 4, 4]
  Shrink factors (level 3 out of 4): [2, 2, 2]
  Shrink factors (level 4 out of 4): [1, 1, 1]
  smoothing sigmas per level: [3, 2, 1, 0]
  regular sampling (percentage = 0.25)

*** Running AffineTransform registration ***

DIAGNOSTIC,Iteration,metricValue,convergenceValue,ITERATION_TIME_INDEX,SINCE_LAST
 2DIAGNOSTIC,     1, -7.477903433460e-01, 1.797693134862e+308, 7.8219e-01, 7.8219e-01, 
 2DIAGNOSTIC,     2, -7.498085369234e-01, 1.797693134862e+308, 7.8731e-01, 5.1250e-03, 
 2DIAGNOSTIC,     3, -7.529914880850e-01, 1.797693134862e+308, 7.9275e-01, 5.4369e-03, 
 2DIAGNOSTIC,     4, -7.580685311008e-01, 1.797693134862e+308, 7.9767e-01, 4.9200e-03, 
 2DIAGNOSTIC,     5, -7.669819118580e-01, 1.797693134862e+308, 8.0345e-01, 5.7831e-03, 
 2DIAGNOSTIC,     6, -7.817526814172e-01, 1.797693134862e+308, 8.0948e-01, 6.0239e-03, 
 2DIAGNOSTIC,     7, -8.062775144587e-01, 1.797693134862e+308, 8.1501e-01, 5.5280e-03, 
 2DIAGNOSTIC,     8, -8.753550899106e-01, 1.797693134862e+308, 8.2051e-01, 5.5020e-03, 
 2DIAGNOSTIC,     9, -9.089227113153e-01, 1.797693134862e+308, 8.2595e-01, 5.4460e-03, 
 2DIAGNOSTIC,    10, -9.188762568405e-01, 1.483412626503e-02, 8.3162e-01, 5.6660e-03, 
 2DIAGNOSTIC,    11, -9.248581748497e-01, 1.519155899084e-02, 8.3726e-01, 5.6400e-03, 
 2DIAGNOSTIC,    12, -9.292917647263e-01, 1.431034633108e-02, 8.4289e-01, 5.6260e-03, 
 2DIAGNOSTIC,    13, -9.343776443136e-01, 1.248308105306e-02, 8.4911e-01, 6.2230e-03, 
 2DIAGNOSTIC,    14, -9.353304031523e-01, 9.953076847221e-03, 8.5464e-01, 5.5292e-03, 
 2DIAGNOSTIC,    15, -9.364111690121e-01, 7.133391733449e-03, 8.6038e-01, 5.7409e-03, 
 2DIAGNOSTIC,    16, -9.368025844015e-01, 4.377909813918e-03, 8.6669e-01, 6.3078e-03, 
 2DIAGNOSTIC,    17, -9.371058143558e-01, 2.029263508972e-03, 8.7223e-01, 5.5430e-03, 
 2DIAGNOSTIC,    18, -9.370638564204e-01, 1.025004842231e-03, 8.7718e-01, 4.9469e-03, 
 2DIAGNOSTIC,    19, -9.369251286821e-01, 6.143707569747e-04, 8.8213e-01, 4.9551e-03, 
 2DIAGNOSTIC,    20, -9.370238214960e-01, 3.544965193972e-04, 8.8710e-01, 4.9682e-03, 
 2DIAGNOSTIC,    21, -9.376954035489e-01, 1.904259933023e-04, 8.9203e-01, 4.9329e-03, 
 2DIAGNOSTIC,    22, -9.381496183323e-01, 9.464700402001e-05, 8.9760e-01, 5.5699e-03, 
 2DIAGNOSTIC,    23, -9.385214713856e-01, 7.560171489086e-05, 9.0321e-01, 5.6050e-03, 
 2DIAGNOSTIC,    24, -9.381398904928e-01, 5.880734031316e-05, 9.1301e-01, 9.7978e-03, 
 2DIAGNOSTIC,    25, -9.379843648454e-01, 5.010010280847e-05, 9.1848e-01, 5.4710e-03, 
 2DIAGNOSTIC,    26, -9.378342322979e-01, 4.027019217057e-05, 9.2336e-01, 4.8850e-03, 
 2DIAGNOSTIC,    27, -9.378494303834e-01, 3.115137500727e-05, 9.2836e-01, 4.9980e-03, 
 2DIAGNOSTIC,    28, -9.378730323955e-01, 1.974916131901e-05, 9.3327e-01, 4.9062e-03, 
 2DIAGNOSTIC,    29, -9.379067662241e-01, 6.440012475212e-06, 9.3816e-01, 4.8978e-03, 
DIAGNOSTIC,Iteration,metricValue,convergenceValue,ITERATION_TIME_INDEX,SINCE_LAST
 2DIAGNOSTIC,     1, -7.506905220162e-01, 1.797693134862e+308, 1.7020e+00, 7.6385e-01, 
 2DIAGNOSTIC,     2, -7.510882095412e-01, 1.797693134862e+308, 1.7391e+00, 3.7069e-02, 
 2DIAGNOSTIC,     3, -7.514934579821e-01, 1.797693134862e+308, 1.7746e+00, 3.5491e-02, 
 2DIAGNOSTIC,     4, -7.520967017210e-01, 1.797693134862e+308, 1.8096e+00, 3.5010e-02, 
 2DIAGNOSTIC,     5, -7.534539088929e-01, 1.797693134862e+308, 1.8441e+00, 3.4529e-02, 
 2DIAGNOSTIC,     6, -7.543188612625e-01, 1.797693134862e+308, 1.8920e+00, 4.7888e-02, 
 2DIAGNOSTIC,     7, -7.548945931762e-01, 1.797693134862e+308, 1.9474e+00, 5.5418e-02, 
 2DIAGNOSTIC,     8, -7.548718710220e-01, 1.797693134862e+308, 1.9855e+00, 3.8069e-02, 
 2DIAGNOSTIC,     9, -7.549081501547e-01, 1.797693134862e+308, 2.0276e+00, 4.2103e-02, 
 2DIAGNOSTIC,    10, -7.549119542825e-01, 4.325365080113e-04, 2.0623e+00, 3.4696e-02, 
 2DIAGNOSTIC,    11, -7.549010293503e-01, 3.297221555303e-04, 2.1051e+00, 4.2794e-02, 
 2DIAGNOSTIC,    12, -7.548726410543e-01, 2.265670094395e-04, 2.1447e+00, 3.9642e-02, 
 2DIAGNOSTIC,    13, -7.548672312965e-01, 1.310402409166e-04, 2.1833e+00, 3.8538e-02, 
 2DIAGNOSTIC,    14, -7.548674441920e-01, 5.321685061496e-05, 2.2181e+00, 3.4880e-02, 
 2DIAGNOSTIC,    15, -7.548902734452e-01, 1.534649368334e-05, 2.2568e+00, 3.8709e-02, 
 2DIAGNOSTIC,    16, -7.549030246050e-01, 1.292214632187e-06, 2.2957e+00, 3.8900e-02, 
 2DIAGNOSTIC,    17, -7.548824065156e-01, 1.302855190476e-06, 2.3343e+00, 3.8501e-02, 
DIAGNOSTIC,Iteration,metricValue,convergenceValue,ITERATION_TIME_INDEX,SINCE_LAST
 2DIAGNOSTIC,     1, -6.415098685603e-01, 1.797693134862e+308, 3.5030e+00, 1.1687e+00, 
 2DIAGNOSTIC,     2, -6.419650489677e-01, 1.797693134862e+308, 3.7785e+00, 2.7550e-01, 
 2DIAGNOSTIC,     3, -6.425262801806e-01, 1.797693134862e+308, 4.0641e+00, 2.8562e-01, 
 2DIAGNOSTIC,     4, -6.431158286442e-01, 1.797693134862e+308, 4.3420e+00, 2.7790e-01, 
 2DIAGNOSTIC,     5, -6.439688475676e-01, 1.797693134862e+308, 4.6121e+00, 2.7006e-01, 
 2DIAGNOSTIC,     6, -6.442489313331e-01, 1.797693134862e+308, 4.9580e+00, 3.4595e-01, 
 2DIAGNOSTIC,     7, -6.443286972615e-01, 1.797693134862e+308, 5.3516e+00, 3.9353e-01, 
 2DIAGNOSTIC,     8, -6.443477497715e-01, 1.797693134862e+308, 5.6469e+00, 2.9535e-01, 
 2DIAGNOSTIC,     9, -6.444902661602e-01, 1.797693134862e+308, 5.9998e+00, 3.5287e-01, 
 2DIAGNOSTIC,    10, -6.445690225210e-01, 3.192565808146e-04, 6.3051e+00, 3.0536e-01, 
 2DIAGNOSTIC,    11, -6.445891014305e-01, 2.262472747477e-04, 6.6136e+00, 3.0846e-01, 
 2DIAGNOSTIC,    12, -6.446211280486e-01, 1.468527426540e-04, 6.9098e+00, 2.9622e-01, 
 2DIAGNOSTIC,    13, -6.446247448521e-01, 8.576468327352e-05, 7.1906e+00, 2.8076e-01, 
 2DIAGNOSTIC,    14, -6.447125597304e-01, 4.651339885138e-05, 7.4507e+00, 2.6013e-01, 
 2DIAGNOSTIC,    15, -6.447985123965e-01, 3.578089929791e-05, 7.9592e+00, 5.0853e-01, 
 2DIAGNOSTIC,    16, -6.447934616590e-01, 3.084176589289e-05, 8.2686e+00, 3.0933e-01, 
 2DIAGNOSTIC,    17, -6.447932656089e-01, 2.600940506053e-05, 8.6188e+00, 3.5019e-01, 
 2DIAGNOSTIC,    18, -6.447939422121e-01, 1.992025671547e-05, 8.9581e+00, 3.3937e-01, 
 2DIAGNOSTIC,    19, -6.447903644196e-01, 1.593830339005e-05, 9.2476e+00, 2.8949e-01, 
 2DIAGNOSTIC,    20, -6.447893497018e-01, 1.270549454190e-05, 9.5600e+00, 3.1236e-01, 
 2DIAGNOSTIC,    21, -6.447870418996e-01, 9.125681325869e-06, 9.8366e+00, 2.7661e-01, 
 2DIAGNOSTIC,    22, -6.447836047409e-01, 5.782085719330e-06, 1.0124e+01, 2.8713e-01, 
 2DIAGNOSTIC,    23, -6.447791544058e-01, 2.279033443305e-06, 1.0442e+01, 3.1804e-01, 
DIAGNOSTIC,Iteration,metricValue,convergenceValue,ITERATION_TIME_INDEX,SINCE_LAST
 2DIAGNOSTIC,     1, -5.761179288665e-01, 1.797693134862e+308, 1.3347e+01, 2.9055e+00, 
 2DIAGNOSTIC,     2, -5.766446770877e-01, 1.797693134862e+308, 1.5092e+01, 1.7444e+00, 
 2DIAGNOSTIC,     3, -5.771721902003e-01, 1.797693134862e+308, 1.6718e+01, 1.6261e+00, 
 2DIAGNOSTIC,     4, -5.777905527703e-01, 1.797693134862e+308, 1.8331e+01, 1.6131e+00, 
 2DIAGNOSTIC,     5, -5.784344230723e-01, 1.797693134862e+308, 2.0324e+01, 1.9931e+00, 
 2DIAGNOSTIC,     6, -5.798939146571e-01, 1.797693134862e+308, 2.2710e+01, 2.3859e+00, 
 2DIAGNOSTIC,     7, -5.801434497979e-01, 1.797693134862e+308, 2.5957e+01, 3.2476e+00, 
 2DIAGNOSTIC,     8, -5.801428210436e-01, 1.797693134862e+308, 2.8357e+01, 2.4000e+00, 
 2DIAGNOSTIC,     9, -5.801420500153e-01, 1.797693134862e+308, 3.0926e+01, 2.5687e+00, 
 2DIAGNOSTIC,    10, -5.801420674906e-01, 5.191262437404e-04, 3.2936e+01, 2.0101e+00, 
 2DIAGNOSTIC,    11, -5.801418895074e-01, 3.859685870757e-04, 3.4604e+01, 1.6681e+00, 
 2DIAGNOSTIC,    12, -5.801415841018e-01, 2.619667723217e-04, 3.7020e+01, 2.4155e+00, 
 2DIAGNOSTIC,    13, -5.801416255970e-01, 1.540775135514e-04, 3.8828e+01, 1.8078e+00, 
 2DIAGNOSTIC,    14, -5.801409198430e-01, 6.962461578064e-05, 4.0628e+01, 1.8003e+00, 
 2DIAGNOSTIC,    15, -5.801409517465e-01, 1.009837751720e-05, 4.2273e+01, 1.6451e+00, 
 2DIAGNOSTIC,    16, -5.801408546537e-01, 1.829417185351e-06, 4.4149e+01, 1.8757e+00, 
 2DIAGNOSTIC,    17, -5.801408894866e-01, 1.752622982312e-06, 4.5761e+01, 1.6119e+00, 
 2DIAGNOSTIC,    18, -5.801407973861e-01, 1.676506077700e-06, 4.7390e+01, 1.6296e+00, 
 2DIAGNOSTIC,    19, -5.801407459986e-01, 1.595957176651e-06, 4.9397e+01, 2.0066e+00, 
 2DIAGNOSTIC,    20, -5.801404350467e-01, 1.523890726135e-06, 5.1364e+01, 1.9674e+00, 
 2DIAGNOSTIC,    21, -5.801404868846e-01, 1.462280965876e-06, 5.3207e+01, 1.8424e+00, 
 2DIAGNOSTIC,    22, -5.801405274131e-01, 1.405107518462e-06, 5.5031e+01, 1.8240e+00, 
