
##########################
# Experiment information #
##########################

EXPERIMENT_NAME: antsRegistration-r8-p9
VFC_BACKENDS: libinterflop_vprec.so --range-binary32=8 --precision-binary32=9 --range-binary64=8 --precision-binary64=9

SIF_IMG: /home/mdugre/projects/rrg-glatard/mdugre/containers/ants-vprec-no_metrics.simg

SUBJECT_ID: s033
INPUT_IMG: /home/mdugre/scratch/mri-registration-rp/datasets/ds004513/derivatives/mri-registration-rp/antsBrainExtraction/sub-s033/BrainExtractionBrain.nii.gz
OUTPUT_DIR: /home/mdugre/scratch/mri-registration-rp/datasets/ds004513/derivatives/mri-registration-rp/0100/antsRegistration-r8-p9/sub-s033

FIXED_IMG: /templateflow/tpl-MNI152NLin2009cAsym/tpl-MNI152NLin2009cAsym_res-01_desc-brain_T1w.nii.gz
DATA_DIR: /home/mdugre/scratch/mri-registration-rp/datasets/ds004513
TEMPLATEFLOW_DIR: /home/mdugre/projects/rrg-glatard/mdugre/templateflow
ITK_GLOBAL_DEFAULT_NUMBER_OF_THREADS: 16
##########################

Info [verificarlo]: loaded backend libinterflop_ieee.so
Info [interflop-ieee]: load backend with:
Info [interflop-ieee]: debug = false
Info [interflop-ieee]: debug-binary = false
Info [interflop-ieee]: no-backend-name = false
Info [interflop-ieee]: print-new-line = false
Info [interflop-ieee]: print-subnormal-normalized = false
Info [interflop-ieee]: count-op = false
All_Command_lines_OK
Using double precision for computations.
=============================================================================
The composite transform comprises the following transforms (in order): 
  1. Center of mass alignment using fixed image: /templateflow/tpl-MNI152NLin2009cAsym/tpl-MNI152NLin2009cAsym_res-01_desc-brain_T1w.nii.gz and moving image: /home/mdugre/scratch/mri-registration-rp/datasets/ds004513/derivatives/mri-registration-rp/antsBrainExtraction/sub-s033/BrainExtractionBrain.nii.gz (type = Euler3DTransform)
=============================================================================
  number of levels = 1
  fixed image: /templateflow/tpl-MNI152NLin2009cAsym/tpl-MNI152NLin2009cAsym_res-01_desc-brain_T1w.nii.gz
  moving image: /home/mdugre/scratch/mri-registration-rp/datasets/ds004513/derivatives/mri-registration-rp/antsBrainExtraction/sub-s033/BrainExtractionBrain.nii.gz
Dimension = 3
Number of stages = 1
Use histogram matching = false
Winsorize image intensities = true
  Lower quantile = 0.005
  Upper quantile = 0.995


Stage 1 State
   Image metric = MattesMI
     Fixed image = Image (0x370ebd0)
  RTTI typeinfo:   itk::Image<double, 3u>
  Reference Count: 2
  Modified Time: 2330
  Debug: Off
  Object Name: 
  Observers: 
    none
  Source: (none)
  Source output name: (none)
  Release Data: Off
  Data Released: False
  Global Release Data: Off
  PipelineMTime: 0
  UpdateMTime: 1941
  RealTimeStamp: 0 seconds 
  LargestPossibleRegion: 
    Dimension: 3
    Index: [0, 0, 0]
    Size: [193, 229, 193]
  BufferedRegion: 
    Dimension: 3
    Index: [0, 0, 0]
    Size: [193, 229, 193]
  RequestedRegion: 
    Dimension: 3
    Index: [0, 0, 0]
    Size: [193, 229, 193]
  Spacing: [1, 1, 1]
  Origin: [96, 132, -78]
  Direction: 
-1 0 0
0 -1 0
0 0 1

  IndexToPointMatrix: 
-1 0 0
0 -1 0
0 0 1

  PointToIndexMatrix: 
-1 0 0
0 -1 0
0 0 1

  Inverse Direction: 
-1 0 0
0 -1 0
0 0 1

  PixelContainer: 
    ImportImageContainer (0x37179e0)
      RTTI typeinfo:   itk::ImportImageContainer<unsigned long, double>
      Reference Count: 1
      Modified Time: 1938
      Debug: Off
      Object Name: 
      Observers: 
        none
      Pointer: 0x151767708010
      Container manages memory: true
      Size: 8530021
      Capacity: 8530021

     Moving image = Image (0x3718910)
  RTTI typeinfo:   itk::Image<double, 3u>
  Reference Count: 2
  Modified Time: 2331
  Debug: Off
  Object Name: 
  Observers: 
    none
  Source: (none)
  Source output name: (none)
  Release Data: Off
  Data Released: False
  Global Release Data: Off
  PipelineMTime: 0
  UpdateMTime: 2328
  RealTimeStamp: 0 seconds 
  LargestPossibleRegion: 
    Dimension: 3
    Index: [0, 0, 0]
    Size: [160, 240, 256]
  BufferedRegion: 
    Dimension: 3
    Index: [0, 0, 0]
    Size: [160, 240, 256]
  RequestedRegion: 
    Dimension: 3
    Index: [0, 0, 0]
    Size: [160, 240, 256]
  Spacing: [1, 1, 1]
  Origin: [91.5134, 94.282, -109.927]
  Direction: 
-0.99591 -0.0698718 -0.0572835
0.0697565 -0.997556 0.00401236
-0.0574239 5.01125e-08 0.99835

  IndexToPointMatrix: 
-0.99591 -0.0698718 -0.0572835
0.0697565 -0.997556 0.00401236
-0.0574239 5.01125e-08 0.99835

  PointToIndexMatrix: 
-0.99591 0.0697565 -0.0574239
-0.0698718 -0.997556 5.01483e-08
-0.0572835 0.00401236 0.99835

  Inverse Direction: 
-0.99591 0.0697565 -0.0574239
-0.0698718 -0.997556 5.01483e-08
-0.0572835 0.00401236 0.99835

  PixelContainer: 
    ImportImageContainer (0x37fea50)
      RTTI typeinfo:   itk::ImportImageContainer<unsigned long, double>
      Reference Count: 1
      Modified Time: 2325
      Debug: Off
      Object Name: 
      Observers: 
        none
      Pointer: 0x151762c07010
      Container manages memory: true
      Size: 9830400
      Capacity: 9830400

     Weighting = 1
     Sampling strategy = regular
     Number of bins = 32
     Radius = 4
     Sampling percentage  = 0.25
   Transform = Rigid
     Gradient step = 0.1
     Update field sigma (voxel space) = 0
     Total field sigma (voxel space) = 0
     Update field time sigma = 0
     Total field time sigma  = 0
     Number of time indices = 0
     Number of time point samples = 0
Registration using 1 total stages.

Stage 0
  iterations = 0
  convergence threshold = 1e-06
  convergence window size = 10
  number of levels = 1
  using the Mattes MI metric (number of bins = 32, weight = 1, use gradient filter = 0)
  preprocessing:  winsorizing the image intensities
  Shrink factors (level 1 out of 1): [1, 1, 1]
  smoothing sigmas per level: [0]
  regular sampling (percentage = 0.25)

*** Running Euler3DTransform registration ***

  Elapsed time (stage 0): 1.08926


Total elapsed time: 1.0915
Info [verificarlo]: loaded backend libinterflop_vprec.so
Info [interflop-vprec]: load backend with: 
Info [interflop-vprec]: precision-binary32 = 9
Info [interflop-vprec]: range-binary32 = 8
Info [interflop-vprec]: precision-binary64 = 9
Info [interflop-vprec]: range-binary64 = 8
Info [interflop-vprec]: mode = ob
Info [interflop-vprec]: error-mode = rel
Info [interflop-vprec]: max-abs-error-exponent = -1022
Info [interflop-vprec]: daz = false
Info [interflop-vprec]: ftz = false
Info [interflop-vprec]: 	instrument = none
Info [interflop-vprec]: 	prec-input-file = (null)
Info [interflop-vprec]: 	prec-output-file = (null)
Info [interflop-vprec]: 	prec-log-file = (null)
All_Command_lines_OK
Using double precision for computations.
=============================================================================
The composite transform comprises the following transforms (in order): 
  1. /home/mdugre/scratch/mri-registration-rp/datasets/ds004513/derivatives/mri-registration-rp/0100/antsRegistration-r8-p9/sub-s033/align_Composite.h5[0] (type = Euler3DTransform)
  2. /home/mdugre/scratch/mri-registration-rp/datasets/ds004513/derivatives/mri-registration-rp/0100/antsRegistration-r8-p9/sub-s033/align_Composite.h5[1] (type = Euler3DTransform)
=============================================================================
  number of levels = 4
  fixed image: /templateflow/tpl-MNI152NLin2009cAsym/tpl-MNI152NLin2009cAsym_res-01_desc-brain_T1w.nii.gz
  moving image: /home/mdugre/scratch/mri-registration-rp/datasets/ds004513/derivatives/mri-registration-rp/antsBrainExtraction/sub-s033/BrainExtractionBrain.nii.gz
Dimension = 3
Number of stages = 1
Use histogram matching = false
Winsorize image intensities = true
  Lower quantile = 0.005
  Upper quantile = 0.995


Stage 1 State
   Image metric = MattesMI
     Fixed image = Image (0x508d1e0)
  RTTI typeinfo:   itk::Image<double, 3u>
  Reference Count: 2
  Modified Time: 1578
  Debug: Off
  Object Name: 
  Observers: 
    none
  Source: (none)
  Source output name: (none)
  Release Data: Off
  Data Released: False
  Global Release Data: Off
  PipelineMTime: 0
  UpdateMTime: 1189
  RealTimeStamp: 0 seconds 
  LargestPossibleRegion: 
    Dimension: 3
    Index: [0, 0, 0]
    Size: [193, 229, 193]
  BufferedRegion: 
    Dimension: 3
    Index: [0, 0, 0]
    Size: [193, 229, 193]
  RequestedRegion: 
    Dimension: 3
    Index: [0, 0, 0]
    Size: [193, 229, 193]
  Spacing: [1, 1, 1]
  Origin: [96, 132, -78]
  Direction: 
-1 0 0
0 -1 0
0 0 1

  IndexToPointMatrix: 
-1 0 0
0 -1 0
0 0 1

  PointToIndexMatrix: 
-1 0 0
0 -1 0
0 0 1

  Inverse Direction: 
-1 0 0
0 -1 0
0 0 1

  PixelContainer: 
    ImportImageContainer (0x514c680)
      RTTI typeinfo:   itk::ImportImageContainer<unsigned long, double>
      Reference Count: 1
      Modified Time: 1186
      Debug: Off
      Object Name: 
      Observers: 
        none
      Pointer: 0x15513c9ac010
      Container manages memory: true
      Size: 8530021
      Capacity: 8530021

     Moving image = Image (0x5148b20)
  RTTI typeinfo:   itk::Image<double, 3u>
  Reference Count: 2
  Modified Time: 1579
  Debug: Off
  Object Name: 
  Observers: 
    none
  Source: (none)
  Source output name: (none)
  Release Data: Off
  Data Released: False
  Global Release Data: Off
  PipelineMTime: 0
  UpdateMTime: 1576
  RealTimeStamp: 0 seconds 
  LargestPossibleRegion: 
    Dimension: 3
    Index: [0, 0, 0]
    Size: [160, 240, 256]
  BufferedRegion: 
    Dimension: 3
    Index: [0, 0, 0]
    Size: [160, 240, 256]
  RequestedRegion: 
    Dimension: 3
    Index: [0, 0, 0]
    Size: [160, 240, 256]
  Spacing: [1, 1, 1]
  Origin: [91.5, 94.25, -109.875]
  Direction: 
-0.996094 -0.0698242 -0.057312
0.0698242 -0.998047 0.00401306
-0.0574341 0 0.998047

  IndexToPointMatrix: 
-0.996094 -0.0698242 -0.057312
0.0698242 -0.998047 0.00401306
-0.0574341 0 0.998047

  PointToIndexMatrix: 
-0.996094 0.0698242 -0.0574341
-0.0699463 -0.99707 -3.8147e-06
-0.057312 0.00401306 0.998047

  Inverse Direction: 
-0.996094 0.0698242 -0.0574341
-0.0699463 -0.99707 -3.8147e-06
-0.057312 0.00401306 0.998047

  PixelContainer: 
    ImportImageContainer (0x51b1d50)
      RTTI typeinfo:   itk::ImportImageContainer<unsigned long, double>
      Reference Count: 1
      Modified Time: 1573
      Debug: Off
      Object Name: 
      Observers: 
        none
      Pointer: 0x155137eab010
      Container manages memory: true
      Size: 9830400
      Capacity: 9830400

     Weighting = 1
     Sampling strategy = regular
     Number of bins = 32
     Radius = 4
     Sampling percentage  = 0.25
   Transform = Rigid
     Gradient step = 0.1
     Update field sigma (voxel space) = 0
     Total field sigma (voxel space) = 0
     Update field time sigma = 0
     Total field time sigma  = 0
     Number of time indices = 0
     Number of time point samples = 0
Registration using 1 total stages.

Stage 0
  iterations = 1000x500x250x100
  convergence threshold = 1e-06
  convergence window size = 10
  number of levels = 4
  using the Mattes MI metric (number of bins = 32, weight = 1, use gradient filter = 0)
  preprocessing:  winsorizing the image intensities
  Shrink factors (level 1 out of 4): [8, 8, 8]
  Shrink factors (level 2 out of 4): [4, 4, 4]
  Shrink factors (level 3 out of 4): [2, 2, 2]
  Shrink factors (level 4 out of 4): [1, 1, 1]
  smoothing sigmas per level: [3, 2, 1, 0]
  regular sampling (percentage = 0.25)

*** Running Euler3DTransform registration ***

DIAGNOSTIC,Iteration,metricValue,convergenceValue,ITERATION_TIME_INDEX,SINCE_LAST
 2DIAGNOSTIC,     1, -4.931848898539e-01, 1.797693134862e+308, 0.0000e+00, 0.0000e+00, 
 2DIAGNOSTIC,     2, -4.935277809369e-01, 1.797693134862e+308, 0.0000e+00, 0.0000e+00, 
 2DIAGNOSTIC,     3, -4.937334097962e-01, 1.797693134862e+308, 0.0000e+00, 0.0000e+00, 
 2DIAGNOSTIC,     4, -4.946423006573e-01, 1.797693134862e+308, 0.0000e+00, 0.0000e+00, 
 2DIAGNOSTIC,     5, -4.946940957832e-01, 1.797693134862e+308, 0.0000e+00, 0.0000e+00, 
 2DIAGNOSTIC,     6, -4.946305126636e-01, 1.797693134862e+308, 0.0000e+00, 0.0000e+00, 
 2DIAGNOSTIC,     7, -4.946309207159e-01, 1.797693134862e+308, 0.0000e+00, 0.0000e+00, 
 2DIAGNOSTIC,     8, -4.946321694923e-01, 1.797693134862e+308, 0.0000e+00, 0.0000e+00, 
 2DIAGNOSTIC,     9, -4.946017686565e-01, 1.797693134862e+308, 0.0000e+00, 0.0000e+00, 
 2DIAGNOSTIC,    10, -4.946017686565e-01, 1.707828130330e-04, 0.0000e+00, 0.0000e+00, 
 2DIAGNOSTIC,    11, -4.946017686565e-01, 9.279217689399e-05, 0.0000e+00, 0.0000e+00, 
 2DIAGNOSTIC,    12, -4.946017686565e-01, 3.617550311515e-05, 0.0000e+00, 0.0000e+00, 
DIAGNOSTIC,Iteration,metricValue,convergenceValue,ITERATION_TIME_INDEX,SINCE_LAST
 2DIAGNOSTIC,     1, -4.258153468401e-01, 1.797693134862e+308, 0.0000e+00, 0.0000e+00, 
 2DIAGNOSTIC,     2, -4.260604663174e-01, 1.797693134862e+308, 0.0000e+00, 0.0000e+00, 
 2DIAGNOSTIC,     3, -4.266295972451e-01, 1.797693134862e+308, 0.0000e+00, 0.0000e+00, 
 2DIAGNOSTIC,     4, -4.276728543952e-01, 1.797693134862e+308, 0.0000e+00, 0.0000e+00, 
 2DIAGNOSTIC,     5, -4.292908227596e-01, 1.797693134862e+308, 0.0000e+00, 0.0000e+00, 
 2DIAGNOSTIC,     6, -4.323508504608e-01, 1.797693134862e+308, 0.0000e+00, 0.0000e+00, 
 2DIAGNOSTIC,     7, -4.368559929170e-01, 1.797693134862e+308, 0.0000e+00, 0.0000e+00, 
 2DIAGNOSTIC,     8, -4.458053092355e-01, 1.797693134862e+308, 0.0000e+00, 0.0000e+00, 
 2DIAGNOSTIC,     9, -4.625873161398e-01, 1.797693134862e+308, 0.0000e+00, 0.0000e+00, 
 2DIAGNOSTIC,    10, -4.859034143630e-01, 7.123477062091e-03, 0.0000e+00, 0.0000e+00, 
 2DIAGNOSTIC,    11, -5.205644808276e-01, 1.035594118146e-02, 0.0000e+00, 0.0000e+00, 
 2DIAGNOSTIC,    12, -5.424903838206e-01, 1.313094635548e-02, 0.0000e+00, 0.0000e+00, 
 2DIAGNOSTIC,    13, -5.449588683295e-01, 1.437289498587e-02, 0.0000e+00, 0.0000e+00, 
 2DIAGNOSTIC,    14, -5.455343334551e-01, 1.420677186902e-02, 0.0000e+00, 0.0000e+00, 
 2DIAGNOSTIC,    15, -5.446318560038e-01, 1.280966694425e-02, 0.0000e+00, 0.0000e+00, 
 2DIAGNOSTIC,    16, -5.444979341490e-01, 1.054068257764e-02, 0.0000e+00, 0.0000e+00, 
 2DIAGNOSTIC,    17, -5.450236182138e-01, 7.778870783029e-03, 0.0000e+00, 0.0000e+00, 
 2DIAGNOSTIC,    18, -5.458185309662e-01, 4.972308046467e-03, 0.0000e+00, 0.0000e+00, 
 2DIAGNOSTIC,    19, -5.448977783029e-01, 2.526573183556e-03, 0.0000e+00, 0.0000e+00, 
 2DIAGNOSTIC,    20, -5.446381542640e-01, 7.674621884826e-04, 0.0000e+00, 0.0000e+00, 
 2DIAGNOSTIC,    21, -5.447312449944e-01, 5.909288488801e-05, 0.0000e+00, 0.0000e+00, 
DIAGNOSTIC,Iteration,metricValue,convergenceValue,ITERATION_TIME_INDEX,SINCE_LAST
 2DIAGNOSTIC,     1, -4.654875115138e-01, 1.797693134862e+308, 0.0000e+00, 0.0000e+00, 
 2DIAGNOSTIC,     2, -4.654875115138e-01, 1.797693134862e+308, 0.0000e+00, 0.0000e+00, 
 2DIAGNOSTIC,     3, -4.654875115138e-01, 1.797693134862e+308, 0.0000e+00, 0.0000e+00, 
 2DIAGNOSTIC,     4, -4.654875115138e-01, 1.797693134862e+308, 0.0000e+00, 0.0000e+00, 
 2DIAGNOSTIC,     5, -4.654875115138e-01, 1.797693134862e+308, 0.0000e+00, 0.0000e+00, 
 2DIAGNOSTIC,     6, -4.654875115138e-01, 1.797693134862e+308, 0.0000e+00, 0.0000e+00, 
 2DIAGNOSTIC,     7, -4.654875115138e-01, 1.797693134862e+308, 0.0000e+00, 0.0000e+00, 
 2DIAGNOSTIC,     8, -4.654875115138e-01, 1.797693134862e+308, 0.0000e+00, 0.0000e+00, 
 2DIAGNOSTIC,     9, -4.654875115138e-01, 1.797693134862e+308, 0.0000e+00, 0.0000e+00, 
DIAGNOSTIC,Iteration,metricValue,convergenceValue,ITERATION_TIME_INDEX,SINCE_LAST
 2DIAGNOSTIC,     1, -4.240266734673e-01, 1.797693134862e+308, 0.0000e+00, 0.0000e+00, 
 2DIAGNOSTIC,     2, -4.239400325430e-01, 1.797693134862e+308, 0.0000e+00, 0.0000e+00, 
 2DIAGNOSTIC,     3, -4.243220153433e-01, 1.797693134862e+308, 0.0000e+00, 0.0000e+00, 
 2DIAGNOSTIC,     4, -4.242580779847e-01, 1.797693134862e+308, 0.0000e+00, 0.0000e+00, 
 2DIAGNOSTIC,     5, -4.243485703637e-01, 1.797693134862e+308, 0.0000e+00, 0.0000e+00, 
 2DIAGNOSTIC,     6, -4.242479632438e-01, 1.797693134862e+308, 0.0000e+00, 0.0000e+00, 
 2DIAGNOSTIC,     7, -4.242532684309e-01, 1.797693134862e+308, 0.0000e+00, 0.0000e+00, 
 2DIAGNOSTIC,     8, -4.242730334449e-01, 1.797693134862e+308, 0.0000e+00, 0.0000e+00, 
 2DIAGNOSTIC,     9, -4.242837894388e-01, 1.797693134862e+308, 0.0000e+00, 0.0000e+00, 
 2DIAGNOSTIC,    10, -4.242894481247e-01, 3.415172633836e-05, 0.0000e+00, 0.0000e+00, 
 2DIAGNOSTIC,    11, -4.243353026171e-01, 2.134899145391e-05, 0.0000e+00, 0.0000e+00, 
 2DIAGNOSTIC,    12, -4.243457120601e-01, 3.888430692767e-06, 0.0000e+00, 0.0000e+00, 
 2DIAGNOSTIC,    13, -4.243555033498e-01, 9.014369292820e-06, 0.0000e+00, 0.0000e+00, 
 2DIAGNOSTIC,    14, -4.243760014513e-01, 1.034846877158e-05, 0.0000e+00, 0.0000e+00, 
 2DIAGNOSTIC,    15, -4.243760014513e-01, 1.472215262585e-05, 0.0000e+00, 0.0000e+00, 
 2DIAGNOSTIC,    16, -4.243760014513e-01, 1.297817782663e-05, 0.0000e+00, 0.0000e+00, 
 2DIAGNOSTIC,    17, -4.243760014513e-01, 1.043835921320e-05, 0.0000e+00, 0.0000e+00, 
 2DIAGNOSTIC,    18, -4.243760014513e-01, 7.961310548352e-06, 0.0000e+00, 0.0000e+00, 
 2DIAGNOSTIC,    19, -4.243760014513e-01, 5.392186806702e-06, 0.0000e+00, 0.0000e+00, 
 2DIAGNOSTIC,    20, -4.243760014513e-01, 2.731254051126e-06, 0.0000e+00, 0.0000e+00, 
 2DIAGNOSTIC,    21, -4.243760014513e-01, 1.537346842856e-06, 0.0000e+00, 0.0000e+00, 
  Elapsed time (stage 0): 0.0000e+00


Total elapsed time: 0.0000e+00
Info [verificarlo]: loaded backend libinterflop_ieee.so
Info [interflop-ieee]: load backend with:
Info [interflop-ieee]: debug = false
Info [interflop-ieee]: debug-binary = false
Info [interflop-ieee]: no-backend-name = false
Info [interflop-ieee]: print-new-line = false
Info [interflop-ieee]: print-subnormal-normalized = false
Info [interflop-ieee]: count-op = false
All_Command_lines_OK
Using double precision for computations.
=============================================================================
The composite transform comprises the following transforms (in order): 
  1. /home/mdugre/scratch/mri-registration-rp/datasets/ds004513/derivatives/mri-registration-rp/0100/antsRegistration-r8-p9/sub-s033/rigid_Composite.h5[0] (type = Euler3DTransform)
  2. /home/mdugre/scratch/mri-registration-rp/datasets/ds004513/derivatives/mri-registration-rp/0100/antsRegistration-r8-p9/sub-s033/rigid_Composite.h5[1] (type = Euler3DTransform)
  3. /home/mdugre/scratch/mri-registration-rp/datasets/ds004513/derivatives/mri-registration-rp/0100/antsRegistration-r8-p9/sub-s033/rigid_Composite.h5[2] (type = Euler3DTransform)
=============================================================================
  number of levels = 4
  fixed image: /templateflow/tpl-MNI152NLin2009cAsym/tpl-MNI152NLin2009cAsym_res-01_desc-brain_T1w.nii.gz
  moving image: /home/mdugre/scratch/mri-registration-rp/datasets/ds004513/derivatives/mri-registration-rp/antsBrainExtraction/sub-s033/BrainExtractionBrain.nii.gz
Dimension = 3
Number of stages = 1
Use histogram matching = false
Winsorize image intensities = true
  Lower quantile = 0.005
  Upper quantile = 0.995


Stage 1 State
   Image metric = MattesMI
     Fixed image = Image (0x3d1b530)
  RTTI typeinfo:   itk::Image<double, 3u>
  Reference Count: 2
  Modified Time: 1592
  Debug: Off
  Object Name: 
  Observers: 
    none
  Source: (none)
  Source output name: (none)
  Release Data: Off
  Data Released: False
  Global Release Data: Off
  PipelineMTime: 0
  UpdateMTime: 1203
  RealTimeStamp: 0 seconds 
  LargestPossibleRegion: 
    Dimension: 3
    Index: [0, 0, 0]
    Size: [193, 229, 193]
  BufferedRegion: 
    Dimension: 3
    Index: [0, 0, 0]
    Size: [193, 229, 193]
  RequestedRegion: 
    Dimension: 3
    Index: [0, 0, 0]
    Size: [193, 229, 193]
  Spacing: [1, 1, 1]
  Origin: [96, 132, -78]
  Direction: 
-1 0 0
0 -1 0
0 0 1

  IndexToPointMatrix: 
-1 0 0
0 -1 0
0 0 1

  PointToIndexMatrix: 
-1 0 0
0 -1 0
0 0 1

  Inverse Direction: 
-1 0 0
0 -1 0
0 0 1

  PixelContainer: 
    ImportImageContainer (0x3d282b0)
      RTTI typeinfo:   itk::ImportImageContainer<unsigned long, double>
      Reference Count: 1
      Modified Time: 1200
      Debug: Off
      Object Name: 
      Observers: 
        none
      Pointer: 0x14cdeb923010
      Container manages memory: true
      Size: 8530021
      Capacity: 8530021

     Moving image = Image (0x3dd6fd0)
  RTTI typeinfo:   itk::Image<double, 3u>
  Reference Count: 2
  Modified Time: 1593
  Debug: Off
  Object Name: 
  Observers: 
    none
  Source: (none)
  Source output name: (none)
  Release Data: Off
  Data Released: False
  Global Release Data: Off
  PipelineMTime: 0
  UpdateMTime: 1590
  RealTimeStamp: 0 seconds 
  LargestPossibleRegion: 
    Dimension: 3
    Index: [0, 0, 0]
    Size: [160, 240, 256]
  BufferedRegion: 
    Dimension: 3
    Index: [0, 0, 0]
    Size: [160, 240, 256]
  RequestedRegion: 
    Dimension: 3
    Index: [0, 0, 0]
    Size: [160, 240, 256]
  Spacing: [1, 1, 1]
  Origin: [91.5134, 94.282, -109.927]
  Direction: 
-0.99591 -0.0698718 -0.0572835
0.0697565 -0.997556 0.00401236
-0.0574239 5.01125e-08 0.99835

  IndexToPointMatrix: 
-0.99591 -0.0698718 -0.0572835
0.0697565 -0.997556 0.00401236
-0.0574239 5.01125e-08 0.99835

  PointToIndexMatrix: 
-0.99591 0.0697565 -0.0574239
-0.0698718 -0.997556 5.01483e-08
-0.0572835 0.00401236 0.99835

  Inverse Direction: 
-0.99591 0.0697565 -0.0574239
-0.0698718 -0.997556 5.01483e-08
-0.0572835 0.00401236 0.99835

  PixelContainer: 
    ImportImageContainer (0x3dee990)
      RTTI typeinfo:   itk::ImportImageContainer<unsigned long, double>
      Reference Count: 1
      Modified Time: 1587
      Debug: Off
      Object Name: 
      Observers: 
        none
      Pointer: 0x14cde6e22010
      Container manages memory: true
      Size: 9830400
      Capacity: 9830400

     Weighting = 1
     Sampling strategy = regular
     Number of bins = 32
     Radius = 4
     Sampling percentage  = 0.25
   Transform = Affine
     Gradient step = 0.1
     Update field sigma (voxel space) = 0
     Total field sigma (voxel space) = 0
     Update field time sigma = 0
     Total field time sigma  = 0
     Number of time indices = 0
     Number of time point samples = 0
Registration using 1 total stages.

Stage 0
  iterations = 1000x500x250x100
  convergence threshold = 1e-06
  convergence window size = 10
  number of levels = 4
  using the Mattes MI metric (number of bins = 32, weight = 1, use gradient filter = 0)
  preprocessing:  winsorizing the image intensities
  Shrink factors (level 1 out of 4): [8, 8, 8]
  Shrink factors (level 2 out of 4): [4, 4, 4]
  Shrink factors (level 3 out of 4): [2, 2, 2]
  Shrink factors (level 4 out of 4): [1, 1, 1]
  smoothing sigmas per level: [3, 2, 1, 0]
  regular sampling (percentage = 0.25)

*** Running AffineTransform registration ***

DIAGNOSTIC,Iteration,metricValue,convergenceValue,ITERATION_TIME_INDEX,SINCE_LAST
 2DIAGNOSTIC,     1, -6.365472306364e-01, 1.797693134862e+308, 6.9736e-01, 6.9736e-01, 
 2DIAGNOSTIC,     2, -6.393532465185e-01, 1.797693134862e+308, 7.0214e-01, 4.7801e-03, 
 2DIAGNOSTIC,     3, -6.439669516481e-01, 1.797693134862e+308, 7.0705e-01, 4.9140e-03, 
 2DIAGNOSTIC,     4, -6.508960431530e-01, 1.797693134862e+308, 7.1128e-01, 4.2300e-03, 
 2DIAGNOSTIC,     5, -6.629209553088e-01, 1.797693134862e+308, 7.1549e-01, 4.2119e-03, 
 2DIAGNOSTIC,     6, -6.825918810119e-01, 1.797693134862e+308, 7.1993e-01, 4.4429e-03, 
 2DIAGNOSTIC,     7, -7.356283006952e-01, 1.797693134862e+308, 7.2438e-01, 4.4441e-03, 
 2DIAGNOSTIC,     8, -7.777910603029e-01, 1.797693134862e+308, 7.3062e-01, 6.2468e-03, 
 2DIAGNOSTIC,     9, -8.053695525240e-01, 1.797693134862e+308, 7.3591e-01, 5.2841e-03, 
 2DIAGNOSTIC,    10, -8.171542864616e-01, 1.863850041942e-02, 7.4088e-01, 4.9710e-03, 
 2DIAGNOSTIC,    11, -8.668807939765e-01, 1.973020849107e-02, 7.4587e-01, 4.9911e-03, 
 2DIAGNOSTIC,    12, -8.869833321697e-01, 1.950511188138e-02, 7.5059e-01, 4.7209e-03, 
 2DIAGNOSTIC,    13, -9.039841742472e-01, 1.817446237334e-02, 7.5907e-01, 8.4791e-03, 
 2DIAGNOSTIC,    14, -9.047054252083e-01, 1.566574408521e-02, 7.6373e-01, 4.6542e-03, 
 2DIAGNOSTIC,    15, -9.061520938216e-01, 1.248949019083e-02, 7.6835e-01, 4.6248e-03, 
 2DIAGNOSTIC,    16, -9.075773875100e-01, 9.096313242369e-03, 7.7294e-01, 4.5850e-03, 
 2DIAGNOSTIC,    17, -9.081933727324e-01, 6.451681667978e-03, 7.7802e-01, 5.0819e-03, 
 2DIAGNOSTIC,    18, -9.083045211568e-01, 4.393450487325e-03, 7.8379e-01, 5.7740e-03, 
 2DIAGNOSTIC,    19, -9.077870927274e-01, 2.695847233398e-03, 7.8903e-01, 5.2378e-03, 
 2DIAGNOSTIC,    20, -9.077274584881e-01, 1.132876612882e-03, 7.9369e-01, 4.6599e-03, 
 2DIAGNOSTIC,    21, -9.076845794643e-01, 4.579877554639e-04, 7.9899e-01, 5.2989e-03, 
 2DIAGNOSTIC,    22, -9.074351432533e-01, 1.172975866590e-04, 8.0418e-01, 5.1968e-03, 
 2DIAGNOSTIC,    23, -9.070366257984e-01, 5.032573765339e-05, 8.0941e-01, 5.2271e-03, 
DIAGNOSTIC,Iteration,metricValue,convergenceValue,ITERATION_TIME_INDEX,SINCE_LAST
 2DIAGNOSTIC,     1, -7.449084688260e-01, 1.797693134862e+308, 1.5213e+00, 7.1189e-01, 
 2DIAGNOSTIC,     2, -7.454944717845e-01, 1.797693134862e+308, 1.5569e+00, 3.5614e-02, 
 2DIAGNOSTIC,     3, -7.462169701512e-01, 1.797693134862e+308, 1.5918e+00, 3.4916e-02, 
 2DIAGNOSTIC,     4, -7.469691545921e-01, 1.797693134862e+308, 1.6277e+00, 3.5918e-02, 
 2DIAGNOSTIC,     5, -7.477042016833e-01, 1.797693134862e+308, 1.6633e+00, 3.5566e-02, 
 2DIAGNOSTIC,     6, -7.482572804544e-01, 1.797693134862e+308, 1.7058e+00, 4.2476e-02, 
 2DIAGNOSTIC,     7, -7.484491005773e-01, 1.797693134862e+308, 1.7576e+00, 5.1801e-02, 
 2DIAGNOSTIC,     8, -7.484597103199e-01, 1.797693134862e+308, 1.7933e+00, 3.5666e-02, 
 2DIAGNOSTIC,     9, -7.485723778250e-01, 1.797693134862e+308, 1.8276e+00, 3.4368e-02, 
 2DIAGNOSTIC,    10, -7.486602298101e-01, 3.377367495328e-04, 1.8642e+00, 3.6567e-02, 
 2DIAGNOSTIC,    11, -7.486671450900e-01, 2.385326709512e-04, 1.9111e+00, 4.6880e-02, 
 2DIAGNOSTIC,    12, -7.486661978510e-01, 1.532228224678e-04, 1.9497e+00, 3.8610e-02, 
 2DIAGNOSTIC,    13, -7.486712074278e-01, 8.863292506067e-05, 1.9862e+00, 3.6547e-02, 
 2DIAGNOSTIC,    14, -7.486491943839e-01, 4.490928639489e-05, 2.0255e+00, 3.9313e-02, 
 2DIAGNOSTIC,    15, -7.486424598264e-01, 2.121299456448e-05, 2.0608e+00, 3.5305e-02, 
 2DIAGNOSTIC,    16, -7.486537054967e-01, 1.204106080162e-05, 2.1078e+00, 4.6960e-02, 
 2DIAGNOSTIC,    17, -7.486903699705e-01, 8.169361619244e-06, 2.1478e+00, 3.9985e-02, 
 2DIAGNOSTIC,    18, -7.486566358747e-01, 3.593511134201e-06, 2.1849e+00, 3.7092e-02, 
 2DIAGNOSTIC,    19, -7.486475712686e-01, 1.392908638390e-06, 2.2212e+00, 3.6292e-02, 
 2DIAGNOSTIC,    20, -7.486545595864e-01, 1.249621831526e-06, 2.2592e+00, 3.7976e-02, 
 2DIAGNOSTIC,    21, -7.486598051193e-01, 1.345963079512e-06, 2.2944e+00, 3.5214e-02, 
 2DIAGNOSTIC,    22, -7.486385328818e-01, 1.043854992472e-06, 2.3332e+00, 3.8824e-02, 
 2DIAGNOSTIC,    23, -7.486440391376e-01, 1.012224290046e-06, 2.3685e+00, 3.5356e-02, 
DIAGNOSTIC,Iteration,metricValue,convergenceValue,ITERATION_TIME_INDEX,SINCE_LAST
 2DIAGNOSTIC,     1, -6.324355940567e-01, 1.797693134862e+308, 3.4354e+00, 1.0668e+00, 
 2DIAGNOSTIC,     2, -6.330162243867e-01, 1.797693134862e+308, 3.6897e+00, 2.5434e-01, 
 2DIAGNOSTIC,     3, -6.336731198352e-01, 1.797693134862e+308, 3.9694e+00, 2.7976e-01, 
 2DIAGNOSTIC,     4, -6.344989538548e-01, 1.797693134862e+308, 4.2425e+00, 2.7309e-01, 
 2DIAGNOSTIC,     5, -6.368204452673e-01, 1.797693134862e+308, 4.6133e+00, 3.7079e-01, 
 2DIAGNOSTIC,     6, -6.378533504976e-01, 1.797693134862e+308, 4.9338e+00, 3.2045e-01, 
 2DIAGNOSTIC,     7, -6.378759027852e-01, 1.797693134862e+308, 5.3914e+00, 4.5762e-01, 
 2DIAGNOSTIC,     8, -6.378754164365e-01, 1.797693134862e+308, 5.6788e+00, 2.8740e-01, 
 2DIAGNOSTIC,     9, -6.378756072512e-01, 1.797693134862e+308, 5.9803e+00, 3.0149e-01, 
 2DIAGNOSTIC,    10, -6.378722678414e-01, 6.457813736132e-04, 6.2870e+00, 3.0667e-01, 
 2DIAGNOSTIC,    11, -6.378733738975e-01, 4.656106624900e-04, 6.5878e+00, 3.0085e-01, 
 2DIAGNOSTIC,    12, -6.378738255122e-01, 2.966103617336e-04, 6.8977e+00, 3.0986e-01, 
 2DIAGNOSTIC,    13, -6.378666053140e-01, 1.501735694537e-04, 7.2076e+00, 3.0989e-01, 
 2DIAGNOSTIC,    14, -6.378664785820e-01, 3.591321156533e-05, 7.5125e+00, 3.0499e-01, 
 2DIAGNOSTIC,    15, -6.378663231388e-01, 2.062474040054e-06, 7.8586e+00, 3.4601e-01, 
 2DIAGNOSTIC,    16, -6.378642495395e-01, 1.194579405145e-06, 8.2296e+00, 3.7106e-01, 
 2DIAGNOSTIC,    17, -6.378649883572e-01, 1.114722472662e-06, 8.5381e+00, 3.0849e-01, 
 2DIAGNOSTIC,    18, -6.378631933601e-01, 1.058462465120e-06, 8.8488e+00, 3.1071e-01, 
 2DIAGNOSTIC,    19, -6.378626967309e-01, 1.070951355153e-06, 9.1166e+00, 2.6780e-01, 
 2DIAGNOSTIC,    20, -6.378628394944e-01, 1.064295757969e-06, 9.4191e+00, 3.0251e-01, 
 2DIAGNOSTIC,    21, -6.378638499126e-01, 1.150169728736e-06, 9.6970e+00, 2.7789e-01, 
 2DIAGNOSTIC,    22, -6.378630779522e-01, 1.259413094160e-06, 9.9680e+00, 2.7094e-01, 
 2DIAGNOSTIC,    23, -6.378627565327e-01, 1.231144160056e-06, 1.0275e+01, 3.0682e-01, 
 2DIAGNOSTIC,    24, -6.378635668552e-01, 1.232761442052e-06, 1.0556e+01, 2.8100e-01, 
 2DIAGNOSTIC,    25, -6.378616831182e-01, 1.206630256420e-06, 1.0839e+01, 2.8301e-01, 
 2DIAGNOSTIC,    26, -6.378618871184e-01, 1.156637928407e-06, 1.1114e+01, 2.7524e-01, 
 2DIAGNOSTIC,    27, -6.378632086168e-01, 1.151522947405e-06, 1.1422e+01, 3.0841e-01, 
 2DIAGNOSTIC,    28, -6.378607777176e-01, 1.081638767823e-06, 1.1761e+01, 3.3903e-01, 
 2DIAGNOSTIC,    29, -6.378620775349e-01, 1.035397753840e-06, 1.2054e+01, 2.9245e-01, 
DIAGNOSTIC,Iteration,metricValue,convergenceValue,ITERATION_TIME_INDEX,SINCE_LAST
 2DIAGNOSTIC,     1, -5.637392270563e-01, 1.797693134862e+308, 1.4938e+01, 2.8838e+00, 
 2DIAGNOSTIC,     2, -5.638404370416e-01, 1.797693134862e+308, 1.6688e+01, 1.7504e+00, 
 2DIAGNOSTIC,     3, -5.638538361841e-01, 1.797693134862e+308, 1.8984e+01, 2.2960e+00, 
 2DIAGNOSTIC,     4, -5.638543746613e-01, 1.797693134862e+308, 2.0754e+01, 1.7700e+00, 
 2DIAGNOSTIC,     5, -5.638528129062e-01, 1.797693134862e+308, 2.2504e+01, 1.7494e+00, 
 2DIAGNOSTIC,     6, -5.638524302004e-01, 1.797693134862e+308, 2.4872e+01, 2.3686e+00, 
 2DIAGNOSTIC,     7, -5.638518348302e-01, 1.797693134862e+308, 2.6923e+01, 2.0505e+00, 
 2DIAGNOSTIC,     8, -5.638519477412e-01, 1.797693134862e+308, 2.8913e+01, 1.9900e+00, 
 2DIAGNOSTIC,     9, -5.638518056457e-01, 1.797693134862e+308, 3.1286e+01, 2.3730e+00, 
 2DIAGNOSTIC,    10, -5.638518584181e-01, 9.229158206350e-06, 3.3392e+01, 2.1060e+00, 
 2DIAGNOSTIC,    11, -5.638517884229e-01, 3.227177417839e-06, 3.5404e+01, 2.0121e+00, 
 2DIAGNOSTIC,    12, -5.638517309086e-01, 2.427931570390e-06, 3.7276e+01, 1.8721e+00, 
 2DIAGNOSTIC,    13, -5.638516498518e-01, 2.286698759069e-06, 3.9114e+01, 1.8384e+00, 
 2DIAGNOSTIC,    14, -5.638514674520e-01, 2.194197079697e-06, 4.1045e+01, 1.9307e+00, 
 2DIAGNOSTIC,    15, -5.638516252836e-01, 2.074267407046e-06, 4.3183e+01, 2.1384e+00, 
 2DIAGNOSTIC,    16, -5.638513438908e-01, 1.952957681448e-06, 4.5296e+01, 2.1128e+00, 
 2DIAGNOSTIC,    17, -5.638512392687e-01, 1.828535443192e-06, 4.7604e+01, 2.3083e+00, 
 2DIAGNOSTIC,    18, -5.638513143716e-01, 1.727368226095e-06, 4.9706e+01, 2.1019e+00, 
 2DIAGNOSTIC,    19, -5.638510698645e-01, 1.630063260885e-06, 5.1784e+01, 2.0777e+00, 
 2DIAGNOSTIC,    20, -5.638509718319e-01, 1.545584652318e-06, 5.3657e+01, 1.8727e+00, 
 2DIAGNOSTIC,    21, -5.638509072507e-01, 1.470186642392e-06, 5.5364e+01, 1.7077e+00, 
 2DIAGNOSTIC,    22, -5.638508992094e-01, 1.404347939091e-06, 5.7264e+01, 1.8995e+00, 
 2DIAGNOSTIC,    23, -5.638509866965e-01, 1.348274390092e-06, 5.9395e+01, 2.1306e+00, 
 2DIAGNOSTIC,    24, -5.638509912403e-01, 1.296207807255e-06, 6.1193e+01, 1.7989e+00, 
 2DIAGNOSTIC,    25, -5.638512466096e-01, 1.259615589874e-06, 6.3283e+01, 2.0898e+00, 
 2DIAGNOSTIC,    26, -5.638511711450e-01, 1.220037360139e-06, 6.5346e+01, 2.0626e+00, 
 2DIAGNOSTIC,    27, -5.638510179969e-01, 1.178876759857e-06, 6.7091e+01, 1.7449e+00, 
 2DIAGNOSTIC,    28, -5.638513090222e-01, 1.147375884969e-06, 6.9180e+01, 2.0888e+00, 
 2DIAGNOSTIC,    29, -5.638513404891e-01, 1.113088632133e-06, 7.1955e+01, 2.7756e+00, 
 2DIAGNOSTIC,    30, -5.638512757853e-01, 1.076809841911e-06, 7.4064e+01, 2.1088e+00, 
 2DIAGNOSTIC,    31, -5.638511821015e-01, 1.038889038595e-06, 7.6183e+01, 2.1192e+00, 
 2DIAGNOSTIC,    32, -5.638511109361e-01, 1.000974805092e-06, 7.8298e+01, 2.1153e+00, 
  Elapsed time (stage 0): 7.9527e+01


Total elapsed time: 7.9529e+01
Info [verificarlo]: loaded backend libinterflop_ieee.so
Info [interflop-ieee]: load backend with:
Info [interflop-ieee]: debug = false
Info [interflop-ieee]: debug-binary = false
Info [interflop-ieee]: no-backend-name = false
Info [interflop-ieee]: print-new-line = false
Info [interflop-ieee]: print-subnormal-normalized = false
Info [interflop-ieee]: count-op = false
All_Command_lines_OK
Using double precision for computations.
=============================================================================
The composite transform comprises the following transforms (in order): 
  1. /home/mdugre/scratch/mri-registration-rp/datasets/ds004513/derivatives/mri-registration-rp/0100/antsRegistration-r8-p9/sub-s033/affine_Composite.h5[0] (type = Euler3DTransform)
  2. /home/mdugre/scratch/mri-registration-rp/datasets/ds004513/derivatives/mri-registration-rp/0100/antsRegistration-r8-p9/sub-s033/affine_Composite.h5[1] (type = Euler3DTransform)
  3. /home/mdugre/scratch/mri-registration-rp/datasets/ds004513/derivatives/mri-registration-rp/0100/antsRegistration-r8-p9/sub-s033/affine_Composite.h5[2] (type = Euler3DTransform)
  4. /home/mdugre/scratch/mri-registration-rp/datasets/ds004513/derivatives/mri-registration-rp/0100/antsRegistration-r8-p9/sub-s033/affine_Composite.h5[3] (type = AffineTransform)
=============================================================================
  number of levels = 4
  fixed image: /templateflow/tpl-MNI152NLin2009cAsym/tpl-MNI152NLin2009cAsym_res-01_desc-brain_T1w.nii.gz
  moving image: /home/mdugre/scratch/mri-registration-rp/datasets/ds004513/derivatives/mri-registration-rp/antsBrainExtraction/sub-s033/BrainExtractionBrain.nii.gz
Dimension = 3
Number of stages = 1
Use histogram matching = false
Winsorize image intensities = true
  Lower quantile = 0.005
  Upper quantile = 0.995


Stage 1 State
   Image metric = CC
     Fixed image = Image (0x42aea40)
  RTTI typeinfo:   itk::Image<double, 3u>
  Reference Count: 2
  Modified Time: 1606
  Debug: Off
  Object Name: 
  Observers: 
    none
  Source: (none)
  Source output name: (none)
  Release Data: Off
  Data Released: False
  Global Release Data: Off
  PipelineMTime: 0
  UpdateMTime: 1217
  RealTimeStamp: 0 seconds 
  LargestPossibleRegion: 
    Dimension: 3
    Index: [0, 0, 0]
    Size: [193, 229, 193]
  BufferedRegion: 
    Dimension: 3
    Index: [0, 0, 0]
    Size: [193, 229, 193]
  RequestedRegion: 
    Dimension: 3
    Index: [0, 0, 0]
    Size: [193, 229, 193]
  Spacing: [1, 1, 1]
  Origin: [96, 132, -78]
  Direction: 
-1 0 0
0 -1 0
0 0 1

  IndexToPointMatrix: 
-1 0 0
0 -1 0
0 0 1

  PointToIndexMatrix: 
-1 0 0
0 -1 0
0 0 1

  Inverse Direction: 
-1 0 0
0 -1 0
0 0 1

  PixelContainer: 
    ImportImageContainer (0x437d780)
      RTTI typeinfo:   itk::ImportImageContainer<unsigned long, double>
      Reference Count: 1
      Modified Time: 1214
      Debug: Off
      Object Name: 
      Observers: 
        none
      Pointer: 0x14d560a85010
      Container manages memory: true
      Size: 8530021
      Capacity: 8530021

     Moving image = Image (0x437f390)
  RTTI typeinfo:   itk::Image<double, 3u>
  Reference Count: 2
  Modified Time: 1607
  Debug: Off
  Object Name: 
  Observers: 
    none
  Source: (none)
  Source output name: (none)
  Release Data: Off
  Data Released: False
  Global Release Data: Off
  PipelineMTime: 0
  UpdateMTime: 1604
  RealTimeStamp: 0 seconds 
  LargestPossibleRegion: 
    Dimension: 3
    Index: [0, 0, 0]
    Size: [160, 240, 256]
  BufferedRegion: 
    Dimension: 3
    Index: [0, 0, 0]
    Size: [160, 240, 256]
  RequestedRegion: 
    Dimension: 3
    Index: [0, 0, 0]
    Size: [160, 240, 256]
  Spacing: [1, 1, 1]
  Origin: [91.5134, 94.282, -109.927]
  Direction: 
-0.99591 -0.0698718 -0.0572835
0.0697565 -0.997556 0.00401236
-0.0574239 5.01125e-08 0.99835

  IndexToPointMatrix: 
-0.99591 -0.0698718 -0.0572835
0.0697565 -0.997556 0.00401236
-0.0574239 5.01125e-08 0.99835

  PointToIndexMatrix: 
-0.99591 0.0697565 -0.0574239
-0.0698718 -0.997556 5.01483e-08
-0.0572835 0.00401236 0.99835

  Inverse Direction: 
-0.99591 0.0697565 -0.0574239
-0.0698718 -0.997556 5.01483e-08
-0.0572835 0.00401236 0.99835

  PixelContainer: 
    ImportImageContainer (0x43346f0)
      RTTI typeinfo:   itk::ImportImageContainer<unsigned long, double>
      Reference Count: 1
      Modified Time: 1601
      Debug: Off
      Object Name: 
      Observers: 
        none
      Pointer: 0x14d55bf84010
      Container manages memory: true
      Size: 9830400
      Capacity: 9830400

     Weighting = 1
     Sampling strategy = none
     Number of bins = 32
     Radius = 4
     Sampling percentage  = 1
   Transform = SyN
     Gradient step = 0.1
     Update field sigma (voxel space) = 3
     Total field sigma (voxel space) = 0
     Update field time sigma = 0
     Total field time sigma  = 0
     Number of time indices = 0
     Number of time point samples = 0
Registration using 1 total stages.

Stage 0
  iterations = 100x70x50x20
  convergence threshold = 1e-06
  convergence window size = 10
  number of levels = 4
  using the CC metric (radius = 4, weight = 1, use gradient filter = 0)
  preprocessing:  winsorizing the image intensities
  Shrink factors (level 1 out of 4): [8, 8, 8]
  Shrink factors (level 2 out of 4): [4, 4, 4]
  Shrink factors (level 3 out of 4): [2, 2, 2]
  Shrink factors (level 4 out of 4): [1, 1, 1]
  smoothing sigmas per level: [3, 2, 1, 0]
  Using default NONE metricSamplingStrategy 

*** Running SyN registration (varianceForUpdateField = 3, varianceForTotalField = 0) ***

XXDIAGNOSTIC,Iteration,metricValue,convergenceValue,ITERATION_TIME_INDEX,SINCE_LAST
 1DIAGNOSTIC,     1, -9.290118152696e-01, 1.797693134862e+308, 1.0934e+00, 1.0934e+00, 
 1DIAGNOSTIC,     2, -9.381280459836e-01, 1.797693134862e+308, 1.4369e+00, 3.4348e-01, 
 1DIAGNOSTIC,     3, -9.449059800475e-01, 1.797693134862e+308, 1.7757e+00, 3.3879e-01, 
 1DIAGNOSTIC,     4, -9.496053780006e-01, 1.797693134862e+308, 2.1053e+00, 3.2964e-01, 
 1DIAGNOSTIC,     5, -9.524371227229e-01, 1.797693134862e+308, 2.4372e+00, 3.3190e-01, 
 1DIAGNOSTIC,     6, -9.550473095073e-01, 1.797693134862e+308, 2.7669e+00, 3.2966e-01, 
 1DIAGNOSTIC,     7, -9.581386099792e-01, 1.797693134862e+308, 3.0881e+00, 3.2121e-01, 
 1DIAGNOSTIC,     8, -9.611339217725e-01, 1.797693134862e+308, 3.4109e+00, 3.2281e-01, 
 1DIAGNOSTIC,     9, -9.639848954669e-01, 1.797693134862e+308, 3.7486e+00, 3.3770e-01, 
 1DIAGNOSTIC,    10, -9.666214022534e-01, 2.272529225178e-03, 4.0736e+00, 3.2498e-01, 
 1DIAGNOSTIC,    11, -9.689608386660e-01, 1.749956390220e-03, 4.3992e+00, 3.2565e-01, 
 1DIAGNOSTIC,    12, -9.705361948366e-01, 1.420563561695e-03, 4.7235e+00, 3.2428e-01, 
 1DIAGNOSTIC,    13, -9.704164260048e-01, 1.164616450598e-03, 5.0528e+00, 3.2934e-01, 
 1DIAGNOSTIC,    14, -9.703229149842e-01, 9.378301017504e-04, 5.3935e+00, 3.4061e-01, 
 1DIAGNOSTIC,    15, -9.705747920247e-01, 7.168085944785e-04, 5.7228e+00, 3.2938e-01, 
 1DIAGNOSTIC,    16, -9.705967449933e-01, 5.057106799636e-04, 6.0514e+00, 3.2856e-01, 
 1DIAGNOSTIC,    17, -9.707010435733e-01, 3.283360640984e-04, 6.3756e+00, 3.2416e-01, 
 1DIAGNOSTIC,    18, -9.708407671311e-01, 1.920757710821e-04, 6.7095e+00, 3.3397e-01, 
 1DIAGNOSTIC,    19, -9.709184495287e-01, 9.792995257184e-05, 7.0347e+00, 3.2521e-01, 
 1DIAGNOSTIC,    20, -9.709761533917e-01, 4.340609289056e-05, 7.3782e+00, 3.4350e-01, 
