
##########################
# Experiment information #
##########################

EXPERIMENT_NAME: antsRegistration-r7-p7
VFC_BACKENDS: libinterflop_vprec.so --range-binary32=7 --precision-binary32=7 --range-binary64=7 --precision-binary64=7

SIF_IMG: /home/mdugre/projects/rrg-glatard/mdugre/containers/ants-vprec-no_metrics.simg

SUBJECT_ID: s014
INPUT_IMG: /home/mdugre/scratch/mri-registration-rp/datasets/ds004513/derivatives/mri-registration-rp/antsBrainExtraction/sub-s014/BrainExtractionBrain.nii.gz
OUTPUT_DIR: /home/mdugre/scratch/mri-registration-rp/datasets/ds004513/derivatives/mri-registration-rp/0100/antsRegistration-r7-p7/sub-s014

FIXED_IMG: /templateflow/tpl-MNI152NLin2009cAsym/tpl-MNI152NLin2009cAsym_res-01_desc-brain_T1w.nii.gz
DATA_DIR: /home/mdugre/scratch/mri-registration-rp/datasets/ds004513
TEMPLATEFLOW_DIR: /home/mdugre/projects/rrg-glatard/mdugre/templateflow
ITK_GLOBAL_DEFAULT_NUMBER_OF_THREADS: 16
##########################

Info [verificarlo]: loaded backend libinterflop_ieee.so
Info [interflop-ieee]: load backend with:
Info [interflop-ieee]: debug = false
Info [interflop-ieee]: debug-binary = false
Info [interflop-ieee]: no-backend-name = false
Info [interflop-ieee]: print-new-line = false
Info [interflop-ieee]: print-subnormal-normalized = false
Info [interflop-ieee]: count-op = false
All_Command_lines_OK
Using double precision for computations.
=============================================================================
The composite transform comprises the following transforms (in order): 
  1. Center of mass alignment using fixed image: /templateflow/tpl-MNI152NLin2009cAsym/tpl-MNI152NLin2009cAsym_res-01_desc-brain_T1w.nii.gz and moving image: /home/mdugre/scratch/mri-registration-rp/datasets/ds004513/derivatives/mri-registration-rp/antsBrainExtraction/sub-s014/BrainExtractionBrain.nii.gz (type = Euler3DTransform)
=============================================================================
  number of levels = 1
  fixed image: /templateflow/tpl-MNI152NLin2009cAsym/tpl-MNI152NLin2009cAsym_res-01_desc-brain_T1w.nii.gz
  moving image: /home/mdugre/scratch/mri-registration-rp/datasets/ds004513/derivatives/mri-registration-rp/antsBrainExtraction/sub-s014/BrainExtractionBrain.nii.gz
Dimension = 3
Number of stages = 1
Use histogram matching = false
Winsorize image intensities = true
  Lower quantile = 0.005
  Upper quantile = 0.995


Stage 1 State
   Image metric = MattesMI
     Fixed image = Image (0x4e13bd0)
  RTTI typeinfo:   itk::Image<double, 3u>
  Reference Count: 2
  Modified Time: 2334
  Debug: Off
  Object Name: 
  Observers: 
    none
  Source: (none)
  Source output name: (none)
  Release Data: Off
  Data Released: False
  Global Release Data: Off
  PipelineMTime: 0
  UpdateMTime: 1943
  RealTimeStamp: 0 seconds 
  LargestPossibleRegion: 
    Dimension: 3
    Index: [0, 0, 0]
    Size: [193, 229, 193]
  BufferedRegion: 
    Dimension: 3
    Index: [0, 0, 0]
    Size: [193, 229, 193]
  RequestedRegion: 
    Dimension: 3
    Index: [0, 0, 0]
    Size: [193, 229, 193]
  Spacing: [1, 1, 1]
  Origin: [96, 132, -78]
  Direction: 
-1 0 0
0 -1 0
0 0 1

  IndexToPointMatrix: 
-1 0 0
0 -1 0
0 0 1

  PointToIndexMatrix: 
-1 0 0
0 -1 0
0 0 1

  Inverse Direction: 
-1 0 0
0 -1 0
0 0 1

  PixelContainer: 
    ImportImageContainer (0x4e6b930)
      RTTI typeinfo:   itk::ImportImageContainer<unsigned long, double>
      Reference Count: 1
      Modified Time: 1940
      Debug: Off
      Object Name: 
      Observers: 
        none
      Pointer: 0x151a60b30010
      Container manages memory: true
      Size: 8530021
      Capacity: 8530021

     Moving image = Image (0x4f03610)
  RTTI typeinfo:   itk::Image<double, 3u>
  Reference Count: 2
  Modified Time: 2335
  Debug: Off
  Object Name: 
  Observers: 
    none
  Source: (none)
  Source output name: (none)
  Release Data: Off
  Data Released: False
  Global Release Data: Off
  PipelineMTime: 0
  UpdateMTime: 2332
  RealTimeStamp: 0 seconds 
  LargestPossibleRegion: 
    Dimension: 3
    Index: [0, 0, 0]
    Size: [160, 240, 256]
  BufferedRegion: 
    Dimension: 3
    Index: [0, 0, 0]
    Size: [160, 240, 256]
  RequestedRegion: 
    Dimension: 3
    Index: [0, 0, 0]
    Size: [160, 240, 256]
  Spacing: [0.999999, 1, 1]
  Origin: [84.1637, 106.709, -120.531]
  Direction: 
-0.999619 -0.0226874 -0.0157033
0.0226846 -0.999743 0.00035635
-0.0157073 -7.8229e-09 0.999877

  IndexToPointMatrix: 
-0.999619 -0.0226874 -0.0157033
0.0226845 -0.999743 0.00035635
-0.0157073 -7.8229e-09 0.999877

  PointToIndexMatrix: 
-0.99962 0.0226846 -0.0157073
-0.0226874 -0.999743 -7.83127e-09
-0.0157033 0.00035635 0.999877

  Inverse Direction: 
-0.999619 0.0226846 -0.0157073
-0.0226874 -0.999743 -7.83127e-09
-0.0157033 0.00035635 0.999877

  PixelContainer: 
    ImportImageContainer (0x4e43850)
      RTTI typeinfo:   itk::ImportImageContainer<unsigned long, double>
      Reference Count: 1
      Modified Time: 2329
      Debug: Off
      Object Name: 
      Observers: 
        none
      Pointer: 0x151a5c02f010
      Container manages memory: true
      Size: 9830400
      Capacity: 9830400

     Weighting = 1
     Sampling strategy = regular
     Number of bins = 32
     Radius = 4
     Sampling percentage  = 0.25
   Transform = Rigid
     Gradient step = 0.1
     Update field sigma (voxel space) = 0
     Total field sigma (voxel space) = 0
     Update field time sigma = 0
     Total field time sigma  = 0
     Number of time indices = 0
     Number of time point samples = 0
Registration using 1 total stages.

Stage 0
  iterations = 0
  convergence threshold = 1e-06
  convergence window size = 10
  number of levels = 1
  using the Mattes MI metric (number of bins = 32, weight = 1, use gradient filter = 0)
  preprocessing:  winsorizing the image intensities
  Shrink factors (level 1 out of 1): [1, 1, 1]
  smoothing sigmas per level: [0]
  regular sampling (percentage = 0.25)

*** Running Euler3DTransform registration ***

  Elapsed time (stage 0): 1.1675


Total elapsed time: 1.1698
Info [verificarlo]: loaded backend libinterflop_vprec.so
Info [interflop-vprec]: load backend with: 
Info [interflop-vprec]: precision-binary32 = 7
Info [interflop-vprec]: range-binary32 = 7
Info [interflop-vprec]: precision-binary64 = 7
Info [interflop-vprec]: range-binary64 = 7
Info [interflop-vprec]: mode = ob
Info [interflop-vprec]: error-mode = rel
Info [interflop-vprec]: max-abs-error-exponent = -1022
Info [interflop-vprec]: daz = false
Info [interflop-vprec]: ftz = false
Info [interflop-vprec]: 	instrument = none
Info [interflop-vprec]: 	prec-input-file = (null)
Info [interflop-vprec]: 	prec-output-file = (null)
Info [interflop-vprec]: 	prec-log-file = (null)
All_Command_lines_OK
Using double precision for computations.
=============================================================================
The composite transform comprises the following transforms (in order): 
  1. /home/mdugre/scratch/mri-registration-rp/datasets/ds004513/derivatives/mri-registration-rp/0100/antsRegistration-r7-p7/sub-s014/align_Composite.h5[0] (type = Euler3DTransform)
  2. /home/mdugre/scratch/mri-registration-rp/datasets/ds004513/derivatives/mri-registration-rp/0100/antsRegistration-r7-p7/sub-s014/align_Composite.h5[1] (type = Euler3DTransform)
=============================================================================
  number of levels = 4
  fixed image: /templateflow/tpl-MNI152NLin2009cAsym/tpl-MNI152NLin2009cAsym_res-01_desc-brain_T1w.nii.gz
  moving image: /home/mdugre/scratch/mri-registration-rp/datasets/ds004513/derivatives/mri-registration-rp/antsBrainExtraction/sub-s014/BrainExtractionBrain.nii.gz
Dimension = 3
Number of stages = 1
Use histogram matching = false
Winsorize image intensities = true
  Lower quantile = 0.005
  Upper quantile = 0.995


Stage 1 State
   Image metric = MattesMI
     Fixed image = Image (0x4be01e0)
  RTTI typeinfo:   itk::Image<double, 3u>
  Reference Count: 2
  Modified Time: 1578
  Debug: Off
  Object Name: 
  Observers: 
    none
  Source: (none)
  Source output name: (none)
  Release Data: Off
  Data Released: False
  Global Release Data: Off
  PipelineMTime: 0
  UpdateMTime: 1189
  RealTimeStamp: 0 seconds 
  LargestPossibleRegion: 
    Dimension: 3
    Index: [0, 0, 0]
    Size: [193, 229, 193]
  BufferedRegion: 
    Dimension: 3
    Index: [0, 0, 0]
    Size: [193, 229, 193]
  RequestedRegion: 
    Dimension: 3
    Index: [0, 0, 0]
    Size: [193, 229, 193]
  Spacing: [1, 1, 1]
  Origin: [96, 132, -78]
  Direction: 
-1 0 0
0 -1 0
0 0 1

  IndexToPointMatrix: 
-1 0 0
0 -1 0
0 0 1

  PointToIndexMatrix: 
-1 0 0
0 -1 0
0 0 1

  Inverse Direction: 
-1 0 0
0 -1 0
0 0 1

  PixelContainer: 
    ImportImageContainer (0x4c9f680)
      RTTI typeinfo:   itk::ImportImageContainer<unsigned long, double>
      Reference Count: 1
      Modified Time: 1186
      Debug: Off
      Object Name: 
      Observers: 
        none
      Pointer: 0x146538c90010
      Container manages memory: true
      Size: 8530021
      Capacity: 8530021

     Moving image = Image (0x4c9bb20)
  RTTI typeinfo:   itk::Image<double, 3u>
  Reference Count: 2
  Modified Time: 1579
  Debug: Off
  Object Name: 
  Observers: 
    none
  Source: (none)
  Source output name: (none)
  Release Data: Off
  Data Released: False
  Global Release Data: Off
  PipelineMTime: 0
  UpdateMTime: 1576
  RealTimeStamp: 0 seconds 
  LargestPossibleRegion: 
    Dimension: 3
    Index: [0, 0, 0]
    Size: [160, 240, 256]
  BufferedRegion: 
    Dimension: 3
    Index: [0, 0, 0]
    Size: [160, 240, 256]
  RequestedRegion: 
    Dimension: 3
    Index: [0, 0, 0]
    Size: [160, 240, 256]
  Spacing: [1, 1, 1]
  Origin: [84, 106.5, -120.5]
  Direction: 
-1 -0.0227051 -0.0157471
0.0227051 -1 0.000356674
-0.0157471 0 1

  IndexToPointMatrix: 
-1 -0.0227051 -0.0157471
0.0227051 -1 0.000356674
-0.0157471 0 1

  PointToIndexMatrix: 
-1 0.0227051 -0.0157471
-0.0227051 -1 0
-0.0157471 0.000356674 1

  Inverse Direction: 
-1 0.0227051 -0.0157471
-0.0227051 -1 0
-0.0157471 0.000356674 1

  PixelContainer: 
    ImportImageContainer (0x4d04d50)
      RTTI typeinfo:   itk::ImportImageContainer<unsigned long, double>
      Reference Count: 1
      Modified Time: 1573
      Debug: Off
      Object Name: 
      Observers: 
        none
      Pointer: 0x14653418f010
      Container manages memory: true
      Size: 9830400
      Capacity: 9830400

     Weighting = 1
     Sampling strategy = regular
     Number of bins = 32
     Radius = 4
     Sampling percentage  = 0.25
   Transform = Rigid
     Gradient step = 0.1
     Update field sigma (voxel space) = 0
     Total field sigma (voxel space) = 0
     Update field time sigma = 0
     Total field time sigma  = 0
     Number of time indices = 0
     Number of time point samples = 0
Registration using 1 total stages.

Stage 0
  iterations = 1000x500x250x100
  convergence threshold = 1e-06
  convergence window size = 10
  number of levels = 4
  using the Mattes MI metric (number of bins = 32, weight = 1, use gradient filter = 0)
  preprocessing:  winsorizing the image intensities
  Shrink factors (level 1 out of 4): [8, 8, 8]
  Shrink factors (level 2 out of 4): [4, 4, 4]
  Shrink factors (level 3 out of 4): [2, 2, 2]
  Shrink factors (level 4 out of 4): [1, 1, 1]
  smoothing sigmas per level: [3, 2, 1, 0]
  regular sampling (percentage = 0.25)

*** Running Euler3DTransform registration ***

DIAGNOSTIC,Iteration,metricValue,convergenceValue,ITERATION_TIME_INDEX,SINCE_LAST
 2DIAGNOSTIC,     1, -4.952249625187e-01, 1.797693134862e+308, 0.0000e+00, 0.0000e+00, 
 2DIAGNOSTIC,     2, -4.952686449214e-01, 1.797693134862e+308, 0.0000e+00, 0.0000e+00, 
 2DIAGNOSTIC,     3, -4.956498257327e-01, 1.797693134862e+308, 0.0000e+00, 0.0000e+00, 
 2DIAGNOSTIC,     4, -4.965706835888e-01, 1.797693134862e+308, 0.0000e+00, 0.0000e+00, 
 2DIAGNOSTIC,     5, -4.974040672619e-01, 1.797693134862e+308, 0.0000e+00, 0.0000e+00, 
 2DIAGNOSTIC,     6, -4.994210909193e-01, 1.797693134862e+308, 0.0000e+00, 0.0000e+00, 
 2DIAGNOSTIC,     7, -5.040116219765e-01, 1.797693134862e+308, 0.0000e+00, 0.0000e+00, 
 2DIAGNOSTIC,     8, -5.037597857749e-01, 1.797693134862e+308, 0.0000e+00, 0.0000e+00, 
 2DIAGNOSTIC,     9, -5.057425013814e-01, 1.797693134862e+308, 0.0000e+00, 0.0000e+00, 
 2DIAGNOSTIC,    10, -5.047823642799e-01, 1.602727551770e-03, 0.0000e+00, 0.0000e+00, 
 2DIAGNOSTIC,    11, -5.046423939488e-01, 1.419567719134e-03, 0.0000e+00, 0.0000e+00, 
 2DIAGNOSTIC,    12, -5.043582028594e-01, 1.127609353527e-03, 0.0000e+00, 0.0000e+00, 
 2DIAGNOSTIC,    13, -5.043491538553e-01, 7.938461364582e-04, 0.0000e+00, 0.0000e+00, 
 2DIAGNOSTIC,    14, -5.039682157487e-01, 4.603100418426e-04, 0.0000e+00, 0.0000e+00, 
 2DIAGNOSTIC,    15, -5.038962044420e-01, 1.578106648824e-04, 0.0000e+00, 0.0000e+00, 
DIAGNOSTIC,Iteration,metricValue,convergenceValue,ITERATION_TIME_INDEX,SINCE_LAST
 2DIAGNOSTIC,     1, -4.019876683102e-01, 1.797693134862e+308, 0.0000e+00, 0.0000e+00, 
 2DIAGNOSTIC,     2, -4.027239524237e-01, 1.797693134862e+308, 0.0000e+00, 0.0000e+00, 
 2DIAGNOSTIC,     3, -4.030906390523e-01, 1.797693134862e+308, 0.0000e+00, 0.0000e+00, 
 2DIAGNOSTIC,     4, -4.030084515494e-01, 1.797693134862e+308, 0.0000e+00, 0.0000e+00, 
 2DIAGNOSTIC,     5, -4.039144588846e-01, 1.797693134862e+308, 0.0000e+00, 0.0000e+00, 
 2DIAGNOSTIC,     6, -4.048544102189e-01, 1.797693134862e+308, 0.0000e+00, 0.0000e+00, 
 2DIAGNOSTIC,     7, -4.050711055564e-01, 1.797693134862e+308, 0.0000e+00, 0.0000e+00, 
 2DIAGNOSTIC,     8, -4.075011771937e-01, 1.797693134862e+308, 0.0000e+00, 0.0000e+00, 
 2DIAGNOSTIC,     9, -4.076322649449e-01, 1.797693134862e+308, 0.0000e+00, 0.0000e+00, 
 2DIAGNOSTIC,    10, -4.081068079613e-01, 1.025602807999e-03, 0.0000e+00, 0.0000e+00, 
 2DIAGNOSTIC,    11, -4.097255117097e-01, 1.040938426260e-03, 0.0000e+00, 0.0000e+00, 
 2DIAGNOSTIC,    12, -4.099195112957e-01, 1.011315782395e-03, 0.0000e+00, 0.0000e+00, 
 2DIAGNOSTIC,    13, -4.113576954893e-01, 9.927150590492e-04, 0.0000e+00, 0.0000e+00, 
 2DIAGNOSTIC,    14, -4.165940578400e-01, 1.140725227604e-03, 0.0000e+00, 0.0000e+00, 
 2DIAGNOSTIC,    15, -4.207125173510e-01, 1.391360509420e-03, 0.0000e+00, 0.0000e+00, 
 2DIAGNOSTIC,    16, -4.287952912213e-01, 1.870216829611e-03, 0.0000e+00, 0.0000e+00, 
 2DIAGNOSTIC,    17, -4.346523085471e-01, 2.357103499559e-03, 0.0000e+00, 0.0000e+00, 
 2DIAGNOSTIC,    18, -4.386136506999e-01, 2.811903539638e-03, 0.0000e+00, 0.0000e+00, 
 2DIAGNOSTIC,    19, -4.440373351388e-01, 3.154793896094e-03, 0.0000e+00, 0.0000e+00, 
 2DIAGNOSTIC,    20, -4.463596514164e-01, 3.258132480812e-03, 0.0000e+00, 0.0000e+00, 
 2DIAGNOSTIC,    21, -4.468105148234e-01, 3.115409104975e-03, 0.0000e+00, 0.0000e+00, 
 2DIAGNOSTIC,    22, -4.490909398546e-01, 2.773516921057e-03, 0.0000e+00, 0.0000e+00, 
 2DIAGNOSTIC,    23, -4.495500201073e-01, 2.257612749752e-03, 0.0000e+00, 0.0000e+00, 
 2DIAGNOSTIC,    24, -4.476362301638e-01, 1.669798121066e-03, 0.0000e+00, 0.0000e+00, 
 2DIAGNOSTIC,    25, -4.478397473719e-01, 1.090097439630e-03, 0.0000e+00, 0.0000e+00, 
 2DIAGNOSTIC,    26, -4.478267310086e-01, 6.616708596016e-04, 0.0000e+00, 0.0000e+00, 
 2DIAGNOSTIC,    27, -4.477775320160e-01, 3.466871557191e-04, 0.0000e+00, 0.0000e+00, 
 2DIAGNOSTIC,    28, -4.477775320160e-01, 1.144967194468e-04, 0.0000e+00, 0.0000e+00, 
 2DIAGNOSTIC,    29, -4.477775320160e-01, 1.311444994843e-05, 0.0000e+00, 0.0000e+00, 
DIAGNOSTIC,Iteration,metricValue,convergenceValue,ITERATION_TIME_INDEX,SINCE_LAST
 2DIAGNOSTIC,     1, -3.886777141254e-01, 1.797693134862e+308, 0.0000e+00, 0.0000e+00, 
 2DIAGNOSTIC,     2, -3.887044162838e-01, 1.797693134862e+308, 0.0000e+00, 0.0000e+00, 
 2DIAGNOSTIC,     3, -3.887000430340e-01, 1.797693134862e+308, 0.0000e+00, 0.0000e+00, 
 2DIAGNOSTIC,     4, -3.886505731876e-01, 1.797693134862e+308, 0.0000e+00, 0.0000e+00, 
 2DIAGNOSTIC,     5, -3.886145521779e-01, 1.797693134862e+308, 0.0000e+00, 0.0000e+00, 
 2DIAGNOSTIC,     6, -3.886381828279e-01, 1.797693134862e+308, 0.0000e+00, 0.0000e+00, 
 2DIAGNOSTIC,     7, -3.886539466318e-01, 1.797693134862e+308, 0.0000e+00, 0.0000e+00, 
 2DIAGNOSTIC,     8, -3.886262779014e-01, 1.797693134862e+308, 0.0000e+00, 0.0000e+00, 
 2DIAGNOSTIC,     9, -3.886091903216e-01, 1.797693134862e+308, 0.0000e+00, 0.0000e+00, 
DIAGNOSTIC,Iteration,metricValue,convergenceValue,ITERATION_TIME_INDEX,SINCE_LAST
 2DIAGNOSTIC,     1, -3.603580898095e-01, 1.797693134862e+308, 0.0000e+00, 0.0000e+00, 
 2DIAGNOSTIC,     2, -3.618963556178e-01, 1.797693134862e+308, 0.0000e+00, 0.0000e+00, 
 2DIAGNOSTIC,     3, -3.618963556178e-01, 1.797693134862e+308, 0.0000e+00, 0.0000e+00, 
 2DIAGNOSTIC,     4, -3.618963556178e-01, 1.797693134862e+308, 0.0000e+00, 0.0000e+00, 
 2DIAGNOSTIC,     5, -3.618963556178e-01, 1.797693134862e+308, 0.0000e+00, 0.0000e+00, 
 2DIAGNOSTIC,     6, -3.618963556178e-01, 1.797693134862e+308, 0.0000e+00, 0.0000e+00, 
 2DIAGNOSTIC,     7, -3.618963556178e-01, 1.797693134862e+308, 0.0000e+00, 0.0000e+00, 
 2DIAGNOSTIC,     8, -3.618963556178e-01, 1.797693134862e+308, 0.0000e+00, 0.0000e+00, 
 2DIAGNOSTIC,     9, -3.618963556178e-01, 1.797693134862e+308, 0.0000e+00, 0.0000e+00, 
 2DIAGNOSTIC,    10, -3.618963556178e-01, 1.206979905683e-04, 0.0000e+00, 0.0000e+00, 
  Elapsed time (stage 0): 0.0000e+00


Total elapsed time: 0.0000e+00
Info [verificarlo]: loaded backend libinterflop_ieee.so
Info [interflop-ieee]: load backend with:
Info [interflop-ieee]: debug = false
Info [interflop-ieee]: debug-binary = false
Info [interflop-ieee]: no-backend-name = false
Info [interflop-ieee]: print-new-line = false
Info [interflop-ieee]: print-subnormal-normalized = false
Info [interflop-ieee]: count-op = false
All_Command_lines_OK
Using double precision for computations.
=============================================================================
The composite transform comprises the following transforms (in order): 
  1. /home/mdugre/scratch/mri-registration-rp/datasets/ds004513/derivatives/mri-registration-rp/0100/antsRegistration-r7-p7/sub-s014/rigid_Composite.h5[0] (type = Euler3DTransform)
  2. /home/mdugre/scratch/mri-registration-rp/datasets/ds004513/derivatives/mri-registration-rp/0100/antsRegistration-r7-p7/sub-s014/rigid_Composite.h5[1] (type = Euler3DTransform)
  3. /home/mdugre/scratch/mri-registration-rp/datasets/ds004513/derivatives/mri-registration-rp/0100/antsRegistration-r7-p7/sub-s014/rigid_Composite.h5[2] (type = Euler3DTransform)
=============================================================================
  number of levels = 4
  fixed image: /templateflow/tpl-MNI152NLin2009cAsym/tpl-MNI152NLin2009cAsym_res-01_desc-brain_T1w.nii.gz
  moving image: /home/mdugre/scratch/mri-registration-rp/datasets/ds004513/derivatives/mri-registration-rp/antsBrainExtraction/sub-s014/BrainExtractionBrain.nii.gz
Dimension = 3
Number of stages = 1
Use histogram matching = false
Winsorize image intensities = true
  Lower quantile = 0.005
  Upper quantile = 0.995


Stage 1 State
   Image metric = MattesMI
     Fixed image = Image (0x4ea3530)
  RTTI typeinfo:   itk::Image<double, 3u>
  Reference Count: 2
  Modified Time: 1594
  Debug: Off
  Object Name: 
  Observers: 
    none
  Source: (none)
  Source output name: (none)
  Release Data: Off
  Data Released: False
  Global Release Data: Off
  PipelineMTime: 0
  UpdateMTime: 1203
  RealTimeStamp: 0 seconds 
  LargestPossibleRegion: 
    Dimension: 3
    Index: [0, 0, 0]
    Size: [193, 229, 193]
  BufferedRegion: 
    Dimension: 3
    Index: [0, 0, 0]
    Size: [193, 229, 193]
  RequestedRegion: 
    Dimension: 3
    Index: [0, 0, 0]
    Size: [193, 229, 193]
  Spacing: [1, 1, 1]
  Origin: [96, 132, -78]
  Direction: 
-1 0 0
0 -1 0
0 0 1

  IndexToPointMatrix: 
-1 0 0
0 -1 0
0 0 1

  PointToIndexMatrix: 
-1 0 0
0 -1 0
0 0 1

  Inverse Direction: 
-1 0 0
0 -1 0
0 0 1

  PixelContainer: 
    ImportImageContainer (0x4eb02b0)
      RTTI typeinfo:   itk::ImportImageContainer<unsigned long, double>
      Reference Count: 1
      Modified Time: 1200
      Debug: Off
      Object Name: 
      Observers: 
        none
      Pointer: 0x152d30251010
      Container manages memory: true
      Size: 8530021
      Capacity: 8530021

     Moving image = Image (0x4f5efd0)
  RTTI typeinfo:   itk::Image<double, 3u>
  Reference Count: 2
  Modified Time: 1595
  Debug: Off
  Object Name: 
  Observers: 
    none
  Source: (none)
  Source output name: (none)
  Release Data: Off
  Data Released: False
  Global Release Data: Off
  PipelineMTime: 0
  UpdateMTime: 1592
  RealTimeStamp: 0 seconds 
  LargestPossibleRegion: 
    Dimension: 3
    Index: [0, 0, 0]
    Size: [160, 240, 256]
  BufferedRegion: 
    Dimension: 3
    Index: [0, 0, 0]
    Size: [160, 240, 256]
  RequestedRegion: 
    Dimension: 3
    Index: [0, 0, 0]
    Size: [160, 240, 256]
  Spacing: [0.999999, 1, 1]
  Origin: [84.1637, 106.709, -120.531]
  Direction: 
-0.999619 -0.0226874 -0.0157033
0.0226846 -0.999743 0.00035635
-0.0157073 -7.8229e-09 0.999877

  IndexToPointMatrix: 
-0.999619 -0.0226874 -0.0157033
0.0226845 -0.999743 0.00035635
-0.0157073 -7.8229e-09 0.999877

  PointToIndexMatrix: 
-0.99962 0.0226846 -0.0157073
-0.0226874 -0.999743 -7.83127e-09
-0.0157033 0.00035635 0.999877

  Inverse Direction: 
-0.999619 0.0226846 -0.0157073
-0.0226874 -0.999743 -7.83127e-09
-0.0157033 0.00035635 0.999877

  PixelContainer: 
    ImportImageContainer (0x4f76990)
      RTTI typeinfo:   itk::ImportImageContainer<unsigned long, double>
      Reference Count: 1
      Modified Time: 1589
      Debug: Off
      Object Name: 
      Observers: 
        none
      Pointer: 0x152d2b750010
      Container manages memory: true
      Size: 9830400
      Capacity: 9830400

     Weighting = 1
     Sampling strategy = regular
     Number of bins = 32
     Radius = 4
     Sampling percentage  = 0.25
   Transform = Affine
     Gradient step = 0.1
     Update field sigma (voxel space) = 0
     Total field sigma (voxel space) = 0
     Update field time sigma = 0
     Total field time sigma  = 0
     Number of time indices = 0
     Number of time point samples = 0
Registration using 1 total stages.

Stage 0
  iterations = 1000x500x250x100
  convergence threshold = 1e-06
  convergence window size = 10
  number of levels = 4
  using the Mattes MI metric (number of bins = 32, weight = 1, use gradient filter = 0)
  preprocessing:  winsorizing the image intensities
  Shrink factors (level 1 out of 4): [8, 8, 8]
  Shrink factors (level 2 out of 4): [4, 4, 4]
  Shrink factors (level 3 out of 4): [2, 2, 2]
  Shrink factors (level 4 out of 4): [1, 1, 1]
  smoothing sigmas per level: [3, 2, 1, 0]
  regular sampling (percentage = 0.25)

*** Running AffineTransform registration ***

DIAGNOSTIC,Iteration,metricValue,convergenceValue,ITERATION_TIME_INDEX,SINCE_LAST
 2DIAGNOSTIC,     1, -5.264903182196e-01, 1.797693134862e+308, 9.3007e-01, 9.3007e-01, 
 2DIAGNOSTIC,     2, -5.283084843550e-01, 1.797693134862e+308, 9.3572e-01, 5.6491e-03, 
 2DIAGNOSTIC,     3, -5.314321001661e-01, 1.797693134862e+308, 9.4168e-01, 5.9590e-03, 
 2DIAGNOSTIC,     4, -5.365966612954e-01, 1.797693134862e+308, 9.4791e-01, 6.2249e-03, 
 2DIAGNOSTIC,     5, -5.460483601963e-01, 1.797693134862e+308, 9.5325e-01, 5.3430e-03, 
 2DIAGNOSTIC,     6, -5.760304040530e-01, 1.797693134862e+308, 9.5955e-01, 6.3028e-03, 
 2DIAGNOSTIC,     7, -6.360078055927e-01, 1.797693134862e+308, 9.6730e-01, 7.7519e-03, 
 2DIAGNOSTIC,     8, -6.794183223636e-01, 1.797693134862e+308, 9.7479e-01, 7.4880e-03, 
 2DIAGNOSTIC,     9, -7.196395012168e-01, 1.797693134862e+308, 9.8089e-01, 6.0980e-03, 
 2DIAGNOSTIC,    10, -7.424219022971e-01, 2.540879475013e-02, 9.8784e-01, 6.9470e-03, 
 2DIAGNOSTIC,    11, -7.637299017566e-01, 2.598736543771e-02, 9.9640e-01, 8.5678e-03, 
 2DIAGNOSTIC,    12, -7.676457624730e-01, 2.433595773297e-02, 1.0026e+00, 6.2430e-03, 
 2DIAGNOSTIC,    13, -7.811347866567e-01, 2.135670631097e-02, 1.0093e+00, 6.6209e-03, 
 2DIAGNOSTIC,    14, -7.880166635778e-01, 1.734542749744e-02, 1.0164e+00, 7.1540e-03, 
 2DIAGNOSTIC,    15, -7.913038738264e-01, 1.277115795528e-02, 1.0236e+00, 7.2100e-03, 
 2DIAGNOSTIC,    16, -7.969519791616e-01, 8.636785310372e-03, 1.0336e+00, 9.9461e-03, 
 2DIAGNOSTIC,    17, -7.971396522130e-01, 5.760015592631e-03, 1.0399e+00, 6.2740e-03, 
 2DIAGNOSTIC,    18, -7.994023781920e-01, 3.767646562297e-03, 1.0469e+00, 7.0412e-03, 
 2DIAGNOSTIC,    19, -7.997658981866e-01, 2.541938681855e-03, 1.0539e+00, 6.9890e-03, 
 2DIAGNOSTIC,    20, -7.997820292668e-01, 1.680236116707e-03, 1.0607e+00, 6.8672e-03, 
 2DIAGNOSTIC,    21, -7.996766405122e-01, 1.168589478371e-03, 1.0677e+00, 6.9761e-03, 
 2DIAGNOSTIC,    22, -7.997197790404e-01, 6.690001237412e-04, 1.0740e+00, 6.2690e-03, 
 2DIAGNOSTIC,    23, -7.997088348171e-01, 3.893686578463e-04, 1.0804e+00, 6.3710e-03, 
 2DIAGNOSTIC,    24, -8.000946423426e-01, 2.198239503349e-04, 1.0873e+00, 6.9621e-03, 
 2DIAGNOSTIC,    25, -8.002397291467e-01, 9.736884359043e-05, 1.0937e+00, 6.3620e-03, 
 2DIAGNOSTIC,    26, -8.011014220922e-01, 7.575593777692e-05, 1.1000e+00, 6.3069e-03, 
 2DIAGNOSTIC,    27, -8.037179141520e-01, 8.865425016299e-05, 1.1069e+00, 6.8939e-03, 
 2DIAGNOSTIC,    28, -8.062131383402e-01, 1.578133307068e-04, 1.1144e+00, 7.5040e-03, 
 2DIAGNOSTIC,    29, -8.097757211235e-01, 2.592867269259e-04, 1.1250e+00, 1.0584e-02, 
 2DIAGNOSTIC,    30, -8.107048401792e-01, 3.407613999816e-04, 1.1319e+00, 6.9540e-03, 
 2DIAGNOSTIC,    31, -8.109723771290e-01, 3.868790555640e-04, 1.1395e+00, 7.5679e-03, 
 2DIAGNOSTIC,    32, -8.109051473188e-01, 3.932460917584e-04, 1.1464e+00, 6.9120e-03, 
 2DIAGNOSTIC,    33, -8.110483614538e-01, 3.631774694894e-04, 1.1534e+00, 6.9630e-03, 
 2DIAGNOSTIC,    34, -8.109931891547e-01, 3.042203910674e-04, 1.1603e+00, 6.9139e-03, 
 2DIAGNOSTIC,    35, -8.108347801162e-01, 2.202812003936e-04, 1.1665e+00, 6.2170e-03, 
 2DIAGNOSTIC,    36, -8.110533798904e-01, 1.321961173498e-04, 1.1727e+00, 6.1450e-03, 
 2DIAGNOSTIC,    37, -8.116400601867e-01, 6.955446019001e-05, 1.1789e+00, 6.2301e-03, 
 2DIAGNOSTIC,    38, -8.127015175365e-01, 3.847380617200e-05, 1.1851e+00, 6.2470e-03, 
 2DIAGNOSTIC,    39, -8.148740300622e-01, 6.086526250032e-05, 1.1918e+00, 6.7060e-03, 
 2DIAGNOSTIC,    40, -8.213798448658e-01, 1.461855842193e-04, 1.1996e+00, 7.7829e-03, 
 2DIAGNOSTIC,    41, -8.225561265538e-01, 2.250727210870e-04, 1.2059e+00, 6.3171e-03, 
 2DIAGNOSTIC,    42, -8.247591919480e-01, 2.981451043082e-04, 1.2124e+00, 6.5031e-03, 
 2DIAGNOSTIC,    43, -8.312586235553e-01, 3.973906541326e-04, 1.2210e+00, 8.6079e-03, 
 2DIAGNOSTIC,    44, -8.319762819319e-01, 4.578925432688e-04, 1.2274e+00, 6.3279e-03, 
 2DIAGNOSTIC,    45, -8.331767297360e-01, 4.803802686969e-04, 1.2343e+00, 6.9571e-03, 
 2DIAGNOSTIC,    46, -8.338979004619e-01, 4.640924731760e-04, 1.2406e+00, 6.3059e-03, 
 2DIAGNOSTIC,    47, -8.350031330191e-01, 4.180114346948e-04, 1.2478e+00, 7.1161e-03, 
 2DIAGNOSTIC,    48, -8.380250581078e-01, 3.650340131077e-04, 1.2560e+00, 8.2130e-03, 
 2DIAGNOSTIC,    49, -8.382333977911e-01, 2.957902482514e-04, 1.2622e+00, 6.2420e-03, 
 2DIAGNOSTIC,    50, -8.388431749160e-01, 2.549091758800e-04, 1.2692e+00, 7.0140e-03, 
 2DIAGNOSTIC,    51, -8.392997062851e-01, 2.035608608641e-04, 1.2762e+00, 7.0131e-03, 
 2DIAGNOSTIC,    52, -8.398846005987e-01, 1.533355801050e-04, 1.2824e+00, 6.2151e-03, 
 2DIAGNOSTIC,    53, -8.403601177756e-01, 1.386406783218e-04, 1.2887e+00, 6.2571e-03, 
 2DIAGNOSTIC,    54, -8.415381922779e-01, 1.240488819204e-04, 1.2971e+00, 8.4071e-03, 
 2DIAGNOSTIC,    55, -8.423878529148e-01, 1.119490934620e-04, 1.3041e+00, 6.9420e-03, 
 2DIAGNOSTIC,    56, -8.422763766622e-01, 9.358834708455e-05, 1.3103e+00, 6.2149e-03, 
 2DIAGNOSTIC,    57, -8.426337832207e-01, 7.603937746748e-05, 1.3172e+00, 6.8941e-03, 
 2DIAGNOSTIC,    58, -8.428511986423e-01, 7.228529149813e-05, 1.3239e+00, 6.7651e-03, 
 2DIAGNOSTIC,    59, -8.425869562671e-01, 6.124787464820e-05, 1.3308e+00, 6.8209e-03, 
 2DIAGNOSTIC,    60, -8.425260503269e-01, 4.810959216993e-05, 1.3368e+00, 6.0620e-03, 
 2DIAGNOSTIC,    61, -8.424521045935e-01, 3.319566065296e-05, 1.3430e+00, 6.1891e-03, 
 2DIAGNOSTIC,    62, -8.425539307044e-01, 1.971772570695e-05, 1.3499e+00, 6.8660e-03, 
 2DIAGNOSTIC,    63, -8.425719053974e-01, 7.503514511530e-06, 1.3560e+00, 6.1598e-03, 
DIAGNOSTIC,Iteration,metricValue,convergenceValue,ITERATION_TIME_INDEX,SINCE_LAST
 2DIAGNOSTIC,     1, -6.878889335884e-01, 1.797693134862e+308, 2.2155e+00, 8.5943e-01, 
 2DIAGNOSTIC,     2, -6.884795277747e-01, 1.797693134862e+308, 2.2683e+00, 5.2825e-02, 
 2DIAGNOSTIC,     3, -6.890691140103e-01, 1.797693134862e+308, 2.3203e+00, 5.2004e-02, 
 2DIAGNOSTIC,     4, -6.895173563370e-01, 1.797693134862e+308, 2.3723e+00, 5.1967e-02, 
 2DIAGNOSTIC,     5, -6.903801592894e-01, 1.797693134862e+308, 2.4257e+00, 5.3441e-02, 
 2DIAGNOSTIC,     6, -6.922292043612e-01, 1.797693134862e+308, 2.4780e+00, 5.2275e-02, 
 2DIAGNOSTIC,     7, -6.927755899443e-01, 1.797693134862e+308, 2.5472e+00, 6.9224e-02, 
 2DIAGNOSTIC,     8, -6.928180941876e-01, 1.797693134862e+308, 2.5964e+00, 4.9163e-02, 
 2DIAGNOSTIC,     9, -6.930266485021e-01, 1.797693134862e+308, 2.6541e+00, 5.7729e-02, 
 2DIAGNOSTIC,    10, -6.932513366592e-01, 5.705621225884e-04, 2.7021e+00, 4.8024e-02, 
 2DIAGNOSTIC,    11, -6.932888957400e-01, 4.572921437391e-04, 2.7502e+00, 4.8093e-02, 
 2DIAGNOSTIC,    12, -6.934343013038e-01, 3.471308128463e-04, 2.7974e+00, 4.7215e-02, 
 2DIAGNOSTIC,    13, -6.936888224612e-01, 2.503106613642e-04, 2.8561e+00, 5.8670e-02, 
 2DIAGNOSTIC,    14, -6.937839096515e-01, 1.607122941935e-04, 2.9209e+00, 6.4830e-02, 
 2DIAGNOSTIC,    15, -6.937787049856e-01, 9.081271898720e-05, 2.9709e+00, 4.9999e-02, 
 2DIAGNOSTIC,    16, -6.937609377168e-01, 6.833952480781e-05, 3.0266e+00, 5.5709e-02, 
 2DIAGNOSTIC,    17, -6.937503335804e-01, 5.543514912926e-05, 3.0839e+00, 5.7231e-02, 
 2DIAGNOSTIC,    18, -6.937400656886e-01, 3.957701058010e-05, 3.1433e+00, 5.9492e-02, 
 2DIAGNOSTIC,    19, -6.937297285068e-01, 2.603637780188e-05, 3.1932e+00, 4.9880e-02, 
 2DIAGNOSTIC,    20, -6.937190328533e-01, 1.607675582128e-05, 3.2415e+00, 4.8244e-02, 
 2DIAGNOSTIC,    21, -6.937090293588e-01, 6.273175706964e-06, 3.2920e+00, 5.0520e-02, 
DIAGNOSTIC,Iteration,metricValue,convergenceValue,ITERATION_TIME_INDEX,SINCE_LAST
 2DIAGNOSTIC,     1, -5.887615916234e-01, 1.797693134862e+308, 4.5894e+00, 1.2974e+00, 
 2DIAGNOSTIC,     2, -5.893895243930e-01, 1.797693134862e+308, 4.9196e+00, 3.3020e-01, 
 2DIAGNOSTIC,     3, -5.900930837268e-01, 1.797693134862e+308, 5.2534e+00, 3.3379e-01, 
 2DIAGNOSTIC,     4, -5.909319207574e-01, 1.797693134862e+308, 5.6290e+00, 3.7558e-01, 
 2DIAGNOSTIC,     5, -5.920731013949e-01, 1.797693134862e+308, 6.0119e+00, 3.8289e-01, 
 2DIAGNOSTIC,     6, -5.926372665870e-01, 1.797693134862e+308, 6.4500e+00, 4.3813e-01, 
 2DIAGNOSTIC,     7, -5.937611602944e-01, 1.797693134862e+308, 7.0523e+00, 6.0236e-01, 
 2DIAGNOSTIC,     8, -5.937586889931e-01, 1.797693134862e+308, 7.5329e+00, 4.8054e-01, 
 2DIAGNOSTIC,     9, -5.937476992512e-01, 1.797693134862e+308, 8.0224e+00, 4.8949e-01, 
 2DIAGNOSTIC,    10, -5.937390686147e-01, 6.164832420043e-04, 8.4510e+00, 4.2867e-01, 
 2DIAGNOSTIC,    11, -5.937362961307e-01, 4.603106124425e-04, 8.8568e+00, 4.0572e-01, 
 2DIAGNOSTIC,    12, -5.937355693187e-01, 3.138065499551e-04, 9.2420e+00, 3.8519e-01, 
 2DIAGNOSTIC,    13, -5.937353993337e-01, 1.875703457157e-04, 9.6101e+00, 3.6811e-01, 
 2DIAGNOSTIC,    14, -5.937318284127e-01, 9.096547845037e-05, 9.9554e+00, 3.4538e-01, 
 2DIAGNOSTIC,    15, -5.937304013308e-01, 3.554376893211e-05, 1.0295e+01, 3.3999e-01, 
DIAGNOSTIC,Iteration,metricValue,convergenceValue,ITERATION_TIME_INDEX,SINCE_LAST
 2DIAGNOSTIC,     1, -5.277824654928e-01, 1.797693134862e+308, 1.3379e+01, 3.0840e+00, 
 2DIAGNOSTIC,     2, -5.278555434025e-01, 1.797693134862e+308, 1.7150e+01, 3.7707e+00, 
 2DIAGNOSTIC,     3, -5.278560681989e-01, 1.797693134862e+308, 1.9607e+01, 2.4571e+00, 
 2DIAGNOSTIC,     4, -5.278557906513e-01, 1.797693134862e+308, 2.2026e+01, 2.4187e+00, 
 2DIAGNOSTIC,     5, -5.278556040275e-01, 1.797693134862e+308, 2.4108e+01, 2.0825e+00, 
 2DIAGNOSTIC,     6, -5.278555009334e-01, 1.797693134862e+308, 2.6368e+01, 2.2598e+00, 
 2DIAGNOSTIC,     7, -5.278554501005e-01, 1.797693134862e+308, 2.8447e+01, 2.0791e+00, 
 2DIAGNOSTIC,     8, -5.278553986675e-01, 1.797693134862e+308, 3.0650e+01, 2.2028e+00, 
 2DIAGNOSTIC,     9, -5.278552751235e-01, 1.797693134862e+308, 3.2903e+01, 2.2529e+00, 
 2DIAGNOSTIC,    10, -5.278553361576e-01, 7.057217131873e-06, 3.5185e+01, 2.2821e+00, 
 2DIAGNOSTIC,    11, -5.278552839792e-01, 2.825024534692e-06, 3.7442e+01, 2.2572e+00, 
 2DIAGNOSTIC,    12, -5.278551182164e-01, 2.574822990348e-06, 3.9346e+01, 1.9039e+00, 
 2DIAGNOSTIC,    13, -5.278551427902e-01, 2.393174566226e-06, 4.1286e+01, 1.9395e+00, 
 2DIAGNOSTIC,    14, -5.278549851916e-01, 2.225693012614e-06, 4.3026e+01, 1.7405e+00, 
 2DIAGNOSTIC,    15, -5.278550236065e-01, 2.079580684933e-06, 4.5048e+01, 2.0214e+00, 
 2DIAGNOSTIC,    16, -5.278549341761e-01, 1.948938662510e-06, 4.7322e+01, 2.2741e+00, 
 2DIAGNOSTIC,    17, -5.278548447285e-01, 1.832969274439e-06, 4.9808e+01, 2.4866e+00, 
 2DIAGNOSTIC,    18, -5.278547830386e-01, 1.730221796017e-06, 5.2315e+01, 2.5071e+00, 
 2DIAGNOSTIC,    19, -5.278545630828e-01, 1.631888126713e-06, 5.4504e+01, 2.1886e+00, 
 2DIAGNOSTIC,    20, -5.278544961060e-01, 1.547276304061e-06, 5.6641e+01, 2.1366e+00, 
 2DIAGNOSTIC,    21, -5.278545355126e-01, 1.474484976761e-06, 5.8407e+01, 1.7669e+00, 
 2DIAGNOSTIC,    22, -5.278544740645e-01, 1.406378776971e-06, 6.0444e+01, 2.0370e+00, 
 2DIAGNOSTIC,    23, -5.278545533709e-01, 1.350486361296e-06, 6.2480e+01, 2.0361e+00, 
 2DIAGNOSTIC,    24, -5.278545594172e-01, 1.298863232441e-06, 6.4828e+01, 2.3479e+00, 
 2DIAGNOSTIC,    25, -5.278546457588e-01, 1.256595060214e-06, 6.6856e+01, 2.0277e+00, 
 2DIAGNOSTIC,    26, -5.278546634333e-01, 1.217515882897e-06, 6.8751e+01, 1.8954e+00, 
 2DIAGNOSTIC,    27, -5.278547820255e-01, 1.182457804769e-06, 7.0740e+01, 1.9881e+00, 
 2DIAGNOSTIC,    28, -5.278549629938e-01, 1.151853489846e-06, 7.2872e+01, 2.1325e+00, 
 2DIAGNOSTIC,    29, -5.278548054609e-01, 1.114809243218e-06, 7.5141e+01, 2.2685e+00, 
 2DIAGNOSTIC,    30, -5.278546478221e-01, 1.074626471351e-06, 7.7124e+01, 1.9835e+00, 
 2DIAGNOSTIC,    31, -5.278546600236e-01, 1.036706604500e-06, 7.9059e+01, 1.9351e+00, 
  Elapsed time (stage 0): 8.0225e+01


Total elapsed time: 8.0227e+01
Info [verificarlo]: loaded backend libinterflop_ieee.so
Info [interflop-ieee]: load backend with:
Info [interflop-ieee]: debug = false
Info [interflop-ieee]: debug-binary = false
Info [interflop-ieee]: no-backend-name = false
Info [interflop-ieee]: print-new-line = false
Info [interflop-ieee]: print-subnormal-normalized = false
Info [interflop-ieee]: count-op = false
All_Command_lines_OK
Using double precision for computations.
=============================================================================
The composite transform comprises the following transforms (in order): 
  1. /home/mdugre/scratch/mri-registration-rp/datasets/ds004513/derivatives/mri-registration-rp/0100/antsRegistration-r7-p7/sub-s014/affine_Composite.h5[0] (type = Euler3DTransform)
  2. /home/mdugre/scratch/mri-registration-rp/datasets/ds004513/derivatives/mri-registration-rp/0100/antsRegistration-r7-p7/sub-s014/affine_Composite.h5[1] (type = Euler3DTransform)
  3. /home/mdugre/scratch/mri-registration-rp/datasets/ds004513/derivatives/mri-registration-rp/0100/antsRegistration-r7-p7/sub-s014/affine_Composite.h5[2] (type = Euler3DTransform)
  4. /home/mdugre/scratch/mri-registration-rp/datasets/ds004513/derivatives/mri-registration-rp/0100/antsRegistration-r7-p7/sub-s014/affine_Composite.h5[3] (type = AffineTransform)
=============================================================================
  number of levels = 4
  fixed image: /templateflow/tpl-MNI152NLin2009cAsym/tpl-MNI152NLin2009cAsym_res-01_desc-brain_T1w.nii.gz
  moving image: /home/mdugre/scratch/mri-registration-rp/datasets/ds004513/derivatives/mri-registration-rp/antsBrainExtraction/sub-s014/BrainExtractionBrain.nii.gz
Dimension = 3
Number of stages = 1
Use histogram matching = false
Winsorize image intensities = true
  Lower quantile = 0.005
  Upper quantile = 0.995


Stage 1 State
   Image metric = CC
     Fixed image = Image (0x3de3a40)
  RTTI typeinfo:   itk::Image<double, 3u>
  Reference Count: 2
  Modified Time: 1608
  Debug: Off
  Object Name: 
  Observers: 
    none
  Source: (none)
  Source output name: (none)
  Release Data: Off
  Data Released: False
  Global Release Data: Off
  PipelineMTime: 0
  UpdateMTime: 1217
  RealTimeStamp: 0 seconds 
  LargestPossibleRegion: 
    Dimension: 3
    Index: [0, 0, 0]
    Size: [193, 229, 193]
  BufferedRegion: 
    Dimension: 3
    Index: [0, 0, 0]
    Size: [193, 229, 193]
  RequestedRegion: 
    Dimension: 3
    Index: [0, 0, 0]
    Size: [193, 229, 193]
  Spacing: [1, 1, 1]
  Origin: [96, 132, -78]
  Direction: 
-1 0 0
0 -1 0
0 0 1

  IndexToPointMatrix: 
-1 0 0
0 -1 0
0 0 1

  PointToIndexMatrix: 
-1 0 0
0 -1 0
0 0 1

  Inverse Direction: 
-1 0 0
0 -1 0
0 0 1

  PixelContainer: 
    ImportImageContainer (0x3eb2780)
      RTTI typeinfo:   itk::ImportImageContainer<unsigned long, double>
      Reference Count: 1
      Modified Time: 1214
      Debug: Off
      Object Name: 
      Observers: 
        none
      Pointer: 0x1525c87f8010
      Container manages memory: true
      Size: 8530021
      Capacity: 8530021

     Moving image = Image (0x3eb4390)
  RTTI typeinfo:   itk::Image<double, 3u>
  Reference Count: 2
  Modified Time: 1609
  Debug: Off
  Object Name: 
  Observers: 
    none
  Source: (none)
  Source output name: (none)
  Release Data: Off
  Data Released: False
  Global Release Data: Off
  PipelineMTime: 0
  UpdateMTime: 1606
  RealTimeStamp: 0 seconds 
  LargestPossibleRegion: 
    Dimension: 3
    Index: [0, 0, 0]
    Size: [160, 240, 256]
  BufferedRegion: 
    Dimension: 3
    Index: [0, 0, 0]
    Size: [160, 240, 256]
  RequestedRegion: 
    Dimension: 3
    Index: [0, 0, 0]
    Size: [160, 240, 256]
  Spacing: [0.999999, 1, 1]
  Origin: [84.1637, 106.709, -120.531]
  Direction: 
-0.999619 -0.0226874 -0.0157033
0.0226846 -0.999743 0.00035635
-0.0157073 -7.8229e-09 0.999877

  IndexToPointMatrix: 
-0.999619 -0.0226874 -0.0157033
0.0226845 -0.999743 0.00035635
-0.0157073 -7.8229e-09 0.999877

  PointToIndexMatrix: 
-0.99962 0.0226846 -0.0157073
-0.0226874 -0.999743 -7.83127e-09
-0.0157033 0.00035635 0.999877

  Inverse Direction: 
-0.999619 0.0226846 -0.0157073
-0.0226874 -0.999743 -7.83127e-09
-0.0157033 0.00035635 0.999877

  PixelContainer: 
    ImportImageContainer (0x3e696f0)
      RTTI typeinfo:   itk::ImportImageContainer<unsigned long, double>
      Reference Count: 1
      Modified Time: 1603
      Debug: Off
      Object Name: 
      Observers: 
        none
      Pointer: 0x1525c3cf7010
      Container manages memory: true
      Size: 9830400
      Capacity: 9830400

     Weighting = 1
     Sampling strategy = none
     Number of bins = 32
     Radius = 4
     Sampling percentage  = 1
   Transform = SyN
     Gradient step = 0.1
     Update field sigma (voxel space) = 3
     Total field sigma (voxel space) = 0
     Update field time sigma = 0
     Total field time sigma  = 0
     Number of time indices = 0
     Number of time point samples = 0
Registration using 1 total stages.

Stage 0
  iterations = 100x70x50x20
  convergence threshold = 1e-06
  convergence window size = 10
  number of levels = 4
  using the CC metric (radius = 4, weight = 1, use gradient filter = 0)
  preprocessing:  winsorizing the image intensities
  Shrink factors (level 1 out of 4): [8, 8, 8]
  Shrink factors (level 2 out of 4): [4, 4, 4]
  Shrink factors (level 3 out of 4): [2, 2, 2]
  Shrink factors (level 4 out of 4): [1, 1, 1]
  smoothing sigmas per level: [3, 2, 1, 0]
  Using default NONE metricSamplingStrategy 

