
##########################
# Experiment information #
##########################

EXPERIMENT_NAME: antsRegistration-r8-p8
VFC_BACKENDS: libinterflop_vprec.so --range-binary32=8 --precision-binary32=8 --range-binary64=8 --precision-binary64=8

SIF_IMG: /home/mdugre/projects/rrg-glatard/mdugre/containers/ants-vprec-no_metrics.simg

SUBJECT_ID: s037
INPUT_IMG: /home/mdugre/scratch/mri-registration-rp/datasets/ds004513/derivatives/mri-registration-rp/antsBrainExtraction/sub-s037/BrainExtractionBrain.nii.gz
OUTPUT_DIR: /home/mdugre/scratch/mri-registration-rp/datasets/ds004513/derivatives/mri-registration-rp/0100/antsRegistration-r8-p8/sub-s037

FIXED_IMG: /templateflow/tpl-MNI152NLin2009cAsym/tpl-MNI152NLin2009cAsym_res-01_desc-brain_T1w.nii.gz
DATA_DIR: /home/mdugre/scratch/mri-registration-rp/datasets/ds004513
TEMPLATEFLOW_DIR: /home/mdugre/projects/rrg-glatard/mdugre/templateflow
ITK_GLOBAL_DEFAULT_NUMBER_OF_THREADS: 16
##########################

Info [verificarlo]: loaded backend libinterflop_ieee.so
Info [interflop-ieee]: load backend with:
Info [interflop-ieee]: debug = false
Info [interflop-ieee]: debug-binary = false
Info [interflop-ieee]: no-backend-name = false
Info [interflop-ieee]: print-new-line = false
Info [interflop-ieee]: print-subnormal-normalized = false
Info [interflop-ieee]: count-op = false
All_Command_lines_OK
Using double precision for computations.
=============================================================================
The composite transform comprises the following transforms (in order): 
  1. Center of mass alignment using fixed image: /templateflow/tpl-MNI152NLin2009cAsym/tpl-MNI152NLin2009cAsym_res-01_desc-brain_T1w.nii.gz and moving image: /home/mdugre/scratch/mri-registration-rp/datasets/ds004513/derivatives/mri-registration-rp/antsBrainExtraction/sub-s037/BrainExtractionBrain.nii.gz (type = Euler3DTransform)
=============================================================================
  number of levels = 1
  fixed image: /templateflow/tpl-MNI152NLin2009cAsym/tpl-MNI152NLin2009cAsym_res-01_desc-brain_T1w.nii.gz
  moving image: /home/mdugre/scratch/mri-registration-rp/datasets/ds004513/derivatives/mri-registration-rp/antsBrainExtraction/sub-s037/BrainExtractionBrain.nii.gz
Dimension = 3
Number of stages = 1
Use histogram matching = false
Winsorize image intensities = true
  Lower quantile = 0.005
  Upper quantile = 0.995


Stage 1 State
   Image metric = MattesMI
     Fixed image = Image (0x3457bd0)
  RTTI typeinfo:   itk::Image<double, 3u>
  Reference Count: 2
  Modified Time: 2330
  Debug: Off
  Object Name: 
  Observers: 
    none
  Source: (none)
  Source output name: (none)
  Release Data: Off
  Data Released: False
  Global Release Data: Off
  PipelineMTime: 0
  UpdateMTime: 1941
  RealTimeStamp: 0 seconds 
  LargestPossibleRegion: 
    Dimension: 3
    Index: [0, 0, 0]
    Size: [193, 229, 193]
  BufferedRegion: 
    Dimension: 3
    Index: [0, 0, 0]
    Size: [193, 229, 193]
  RequestedRegion: 
    Dimension: 3
    Index: [0, 0, 0]
    Size: [193, 229, 193]
  Spacing: [1, 1, 1]
  Origin: [96, 132, -78]
  Direction: 
-1 0 0
0 -1 0
0 0 1

  IndexToPointMatrix: 
-1 0 0
0 -1 0
0 0 1

  PointToIndexMatrix: 
-1 0 0
0 -1 0
0 0 1

  Inverse Direction: 
-1 0 0
0 -1 0
0 0 1

  PixelContainer: 
    ImportImageContainer (0x34609e0)
      RTTI typeinfo:   itk::ImportImageContainer<unsigned long, double>
      Reference Count: 1
      Modified Time: 1938
      Debug: Off
      Object Name: 
      Observers: 
        none
      Pointer: 0x14d6b4cb3010
      Container manages memory: true
      Size: 8530021
      Capacity: 8530021

     Moving image = Image (0x3461d40)
  RTTI typeinfo:   itk::Image<double, 3u>
  Reference Count: 2
  Modified Time: 2331
  Debug: Off
  Object Name: 
  Observers: 
    none
  Source: (none)
  Source output name: (none)
  Release Data: Off
  Data Released: False
  Global Release Data: Off
  PipelineMTime: 0
  UpdateMTime: 2328
  RealTimeStamp: 0 seconds 
  LargestPossibleRegion: 
    Dimension: 3
    Index: [0, 0, 0]
    Size: [160, 240, 256]
  BufferedRegion: 
    Dimension: 3
    Index: [0, 0, 0]
    Size: [160, 240, 256]
  RequestedRegion: 
    Dimension: 3
    Index: [0, 0, 0]
    Size: [160, 240, 256]
  Spacing: [1, 1, 1]
  Origin: [87.9508, 102.562, -147.639]
  Direction: 
-0.998659 -0.0436121 -0.0279129
0.043595 -0.999049 0.00121847
-0.0279395 -2.65543e-08 0.99961

  IndexToPointMatrix: 
-0.998659 -0.0436121 -0.0279129
0.043595 -0.999049 0.00121847
-0.0279395 -2.65543e-08 0.99961

  PointToIndexMatrix: 
-0.998659 0.043595 -0.0279395
-0.0436121 -0.999049 -2.65517e-08
-0.0279129 0.00121847 0.99961

  Inverse Direction: 
-0.998659 0.043595 -0.0279395
-0.0436121 -0.999049 -2.65517e-08
-0.0279129 0.00121847 0.99961

  PixelContainer: 
    ImportImageContainer (0x3487850)
      RTTI typeinfo:   itk::ImportImageContainer<unsigned long, double>
      Reference Count: 1
      Modified Time: 2325
      Debug: Off
      Object Name: 
      Observers: 
        none
      Pointer: 0x14d6b01b2010
      Container manages memory: true
      Size: 9830400
      Capacity: 9830400

     Weighting = 1
     Sampling strategy = regular
     Number of bins = 32
     Radius = 4
     Sampling percentage  = 0.25
   Transform = Rigid
     Gradient step = 0.1
     Update field sigma (voxel space) = 0
     Total field sigma (voxel space) = 0
     Update field time sigma = 0
     Total field time sigma  = 0
     Number of time indices = 0
     Number of time point samples = 0
Registration using 1 total stages.

Stage 0
  iterations = 0
  convergence threshold = 1e-06
  convergence window size = 10
  number of levels = 1
  using the Mattes MI metric (number of bins = 32, weight = 1, use gradient filter = 0)
  preprocessing:  winsorizing the image intensities
  Shrink factors (level 1 out of 1): [1, 1, 1]
  smoothing sigmas per level: [0]
  regular sampling (percentage = 0.25)

*** Running Euler3DTransform registration ***

  Elapsed time (stage 0): 1.0832


Total elapsed time: 1.08537
Info [verificarlo]: loaded backend libinterflop_vprec.so
Info [interflop-vprec]: load backend with: 
Info [interflop-vprec]: precision-binary32 = 8
Info [interflop-vprec]: range-binary32 = 8
Info [interflop-vprec]: precision-binary64 = 8
Info [interflop-vprec]: range-binary64 = 8
Info [interflop-vprec]: mode = ob
Info [interflop-vprec]: error-mode = rel
Info [interflop-vprec]: max-abs-error-exponent = -1022
Info [interflop-vprec]: daz = false
Info [interflop-vprec]: ftz = false
Info [interflop-vprec]: 	instrument = none
Info [interflop-vprec]: 	prec-input-file = (null)
Info [interflop-vprec]: 	prec-output-file = (null)
Info [interflop-vprec]: 	prec-log-file = (null)
All_Command_lines_OK
Using double precision for computations.
=============================================================================
The composite transform comprises the following transforms (in order): 
  1. /home/mdugre/scratch/mri-registration-rp/datasets/ds004513/derivatives/mri-registration-rp/0100/antsRegistration-r8-p8/sub-s037/align_Composite.h5[0] (type = Euler3DTransform)
  2. /home/mdugre/scratch/mri-registration-rp/datasets/ds004513/derivatives/mri-registration-rp/0100/antsRegistration-r8-p8/sub-s037/align_Composite.h5[1] (type = Euler3DTransform)
=============================================================================
  number of levels = 4
  fixed image: /templateflow/tpl-MNI152NLin2009cAsym/tpl-MNI152NLin2009cAsym_res-01_desc-brain_T1w.nii.gz
  moving image: /home/mdugre/scratch/mri-registration-rp/datasets/ds004513/derivatives/mri-registration-rp/antsBrainExtraction/sub-s037/BrainExtractionBrain.nii.gz
Dimension = 3
Number of stages = 1
Use histogram matching = false
Winsorize image intensities = true
  Lower quantile = 0.005
  Upper quantile = 0.995


Stage 1 State
   Image metric = MattesMI
     Fixed image = Image (0x51841e0)
  RTTI typeinfo:   itk::Image<double, 3u>
  Reference Count: 2
  Modified Time: 1578
  Debug: Off
  Object Name: 
  Observers: 
    none
  Source: (none)
  Source output name: (none)
  Release Data: Off
  Data Released: False
  Global Release Data: Off
  PipelineMTime: 0
  UpdateMTime: 1189
  RealTimeStamp: 0 seconds 
  LargestPossibleRegion: 
    Dimension: 3
    Index: [0, 0, 0]
    Size: [193, 229, 193]
  BufferedRegion: 
    Dimension: 3
    Index: [0, 0, 0]
    Size: [193, 229, 193]
  RequestedRegion: 
    Dimension: 3
    Index: [0, 0, 0]
    Size: [193, 229, 193]
  Spacing: [1, 1, 1]
  Origin: [96, 132, -78]
  Direction: 
-1 0 0
0 -1 0
0 0 1

  IndexToPointMatrix: 
-1 0 0
0 -1 0
0 0 1

  PointToIndexMatrix: 
-1 0 0
0 -1 0
0 0 1

  Inverse Direction: 
-1 0 0
0 -1 0
0 0 1

  PixelContainer: 
    ImportImageContainer (0x5243680)
      RTTI typeinfo:   itk::ImportImageContainer<unsigned long, double>
      Reference Count: 1
      Modified Time: 1186
      Debug: Off
      Object Name: 
      Observers: 
        none
      Pointer: 0x1534da185010
      Container manages memory: true
      Size: 8530021
      Capacity: 8530021

     Moving image = Image (0x523fb20)
  RTTI typeinfo:   itk::Image<double, 3u>
  Reference Count: 2
  Modified Time: 1579
  Debug: Off
  Object Name: 
  Observers: 
    none
  Source: (none)
  Source output name: (none)
  Release Data: Off
  Data Released: False
  Global Release Data: Off
  PipelineMTime: 0
  UpdateMTime: 1576
  RealTimeStamp: 0 seconds 
  LargestPossibleRegion: 
    Dimension: 3
    Index: [0, 0, 0]
    Size: [160, 240, 256]
  BufferedRegion: 
    Dimension: 3
    Index: [0, 0, 0]
    Size: [160, 240, 256]
  RequestedRegion: 
    Dimension: 3
    Index: [0, 0, 0]
    Size: [160, 240, 256]
  Spacing: [1, 1, 1]
  Origin: [88, 102.5, -147.5]
  Direction: 
-1 -0.0435791 -0.0279541
0.0435791 -1 0.00121689
-0.0279541 0 1

  IndexToPointMatrix: 
-1 -0.0435791 -0.0279541
0.0435791 -1 0.00121689
-0.0279541 0 1

  PointToIndexMatrix: 
-1 0.0435791 -0.0279541
-0.0435791 -1 0
-0.0279541 0.00121689 1

  Inverse Direction: 
-1 0.0435791 -0.0279541
-0.0435791 -1 0
-0.0279541 0.00121689 1

  PixelContainer: 
    ImportImageContainer (0x52a8d50)
      RTTI typeinfo:   itk::ImportImageContainer<unsigned long, double>
      Reference Count: 1
      Modified Time: 1573
      Debug: Off
      Object Name: 
      Observers: 
        none
      Pointer: 0x1534d5684010
      Container manages memory: true
      Size: 9830400
      Capacity: 9830400

     Weighting = 1
     Sampling strategy = regular
     Number of bins = 32
     Radius = 4
     Sampling percentage  = 0.25
   Transform = Rigid
     Gradient step = 0.1
     Update field sigma (voxel space) = 0
     Total field sigma (voxel space) = 0
     Update field time sigma = 0
     Total field time sigma  = 0
     Number of time indices = 0
     Number of time point samples = 0
Registration using 1 total stages.

Stage 0
  iterations = 1000x500x250x100
  convergence threshold = 1e-06
  convergence window size = 10
  number of levels = 4
  using the Mattes MI metric (number of bins = 32, weight = 1, use gradient filter = 0)
  preprocessing:  winsorizing the image intensities
  Shrink factors (level 1 out of 4): [8, 8, 8]
  Shrink factors (level 2 out of 4): [4, 4, 4]
  Shrink factors (level 3 out of 4): [2, 2, 2]
  Shrink factors (level 4 out of 4): [1, 1, 1]
  smoothing sigmas per level: [3, 2, 1, 0]
  regular sampling (percentage = 0.25)

*** Running Euler3DTransform registration ***

DIAGNOSTIC,Iteration,metricValue,convergenceValue,ITERATION_TIME_INDEX,SINCE_LAST
 2DIAGNOSTIC,     1, -4.547049265570e-01, 1.797693134862e+308, 0.0000e+00, 0.0000e+00, 
 2DIAGNOSTIC,     2, -4.552277476583e-01, 1.797693134862e+308, 0.0000e+00, 0.0000e+00, 
 2DIAGNOSTIC,     3, -4.563276582803e-01, 1.797693134862e+308, 0.0000e+00, 0.0000e+00, 
 2DIAGNOSTIC,     4, -4.561583568323e-01, 1.797693134862e+308, 0.0000e+00, 0.0000e+00, 
 2DIAGNOSTIC,     5, -4.567606208545e-01, 1.797693134862e+308, 0.0000e+00, 0.0000e+00, 
 2DIAGNOSTIC,     6, -4.572901040957e-01, 1.797693134862e+308, 0.0000e+00, 0.0000e+00, 
 2DIAGNOSTIC,     7, -4.588493754619e-01, 1.797693134862e+308, 0.0000e+00, 0.0000e+00, 
 2DIAGNOSTIC,     8, -4.631002843977e-01, 1.797693134862e+308, 0.0000e+00, 0.0000e+00, 
 2DIAGNOSTIC,     9, -4.677656064212e-01, 1.797693134862e+308, 0.0000e+00, 0.0000e+00, 
 2DIAGNOSTIC,    10, -4.858799257480e-01, 2.974159494277e-03, 0.0000e+00, 0.0000e+00, 
 2DIAGNOSTIC,    11, -5.009514283710e-01, 4.611726734527e-03, 0.0000e+00, 0.0000e+00, 
 2DIAGNOSTIC,    12, -5.193573956395e-01, 6.473267909906e-03, 0.0000e+00, 0.0000e+00, 
 2DIAGNOSTIC,    13, -5.906304334007e-01, 1.065796625094e-02, 0.0000e+00, 0.0000e+00, 
 2DIAGNOSTIC,    14, -6.099574027803e-01, 1.385237232832e-02, 0.0000e+00, 0.0000e+00, 
 2DIAGNOSTIC,    15, -6.165626293374e-01, 1.555226886829e-02, 0.0000e+00, 0.0000e+00, 
 2DIAGNOSTIC,    16, -6.178151670313e-01, 1.567900520065e-02, 0.0000e+00, 0.0000e+00, 
 2DIAGNOSTIC,    17, -6.183152150512e-01, 1.442710690558e-02, 0.0000e+00, 0.0000e+00, 
 2DIAGNOSTIC,    18, -6.189951983664e-01, 1.214970419604e-02, 0.0000e+00, 0.0000e+00, 
 2DIAGNOSTIC,    19, -6.189829927535e-01, 9.156049031678e-03, 0.0000e+00, 0.0000e+00, 
 2DIAGNOSTIC,    20, -6.173903689762e-01, 6.138266556309e-03, 0.0000e+00, 0.0000e+00, 
 2DIAGNOSTIC,    21, -6.158633086788e-01, 3.249039581705e-03, 0.0000e+00, 0.0000e+00, 
 2DIAGNOSTIC,    22, -6.158633086788e-01, 7.642349632858e-04, 0.0000e+00, 0.0000e+00, 
 2DIAGNOSTIC,    23, -6.158633086788e-01, 8.018641932930e-05, 0.0000e+00, 0.0000e+00, 
DIAGNOSTIC,Iteration,metricValue,convergenceValue,ITERATION_TIME_INDEX,SINCE_LAST
 2DIAGNOSTIC,     1, -4.809360811392e-01, 1.797693134862e+308, 0.0000e+00, 0.0000e+00, 
 2DIAGNOSTIC,     2, -4.815380732172e-01, 1.797693134862e+308, 0.0000e+00, 0.0000e+00, 
 2DIAGNOSTIC,     3, -4.816405080888e-01, 1.797693134862e+308, 0.0000e+00, 0.0000e+00, 
 2DIAGNOSTIC,     4, -4.810287157331e-01, 1.797693134862e+308, 0.0000e+00, 0.0000e+00, 
 2DIAGNOSTIC,     5, -4.813717156785e-01, 1.797693134862e+308, 0.0000e+00, 0.0000e+00, 
 2DIAGNOSTIC,     6, -4.821877973097e-01, 1.797693134862e+308, 0.0000e+00, 0.0000e+00, 
 2DIAGNOSTIC,     7, -4.822697287360e-01, 1.797693134862e+308, 0.0000e+00, 0.0000e+00, 
 2DIAGNOSTIC,     8, -4.816247488053e-01, 1.797693134862e+308, 0.0000e+00, 0.0000e+00, 
 2DIAGNOSTIC,     9, -4.829253636068e-01, 1.797693134862e+308, 0.0000e+00, 0.0000e+00, 
 2DIAGNOSTIC,    10, -4.828854589867e-01, 2.280305722294e-04, 0.0000e+00, 0.0000e+00, 
 2DIAGNOSTIC,    11, -4.830914152964e-01, 2.201705071364e-04, 0.0000e+00, 0.0000e+00, 
 2DIAGNOSTIC,    12, -4.830284150160e-01, 2.207922403073e-04, 0.0000e+00, 0.0000e+00, 
 2DIAGNOSTIC,    13, -4.829325731095e-01, 2.035899771028e-04, 0.0000e+00, 0.0000e+00, 
 2DIAGNOSTIC,    14, -4.832153302519e-01, 1.560748481844e-04, 0.0000e+00, 0.0000e+00, 
 2DIAGNOSTIC,    15, -4.834172096243e-01, 1.201332666411e-04, 0.0000e+00, 0.0000e+00, 
 2DIAGNOSTIC,    16, -4.835878799913e-01, 1.142148362739e-04, 0.0000e+00, 0.0000e+00, 
 2DIAGNOSTIC,    17, -4.838188217524e-01, 1.105732868206e-04, 0.0000e+00, 0.0000e+00, 
 2DIAGNOSTIC,    18, -4.837653131167e-01, 7.307897914026e-05, 0.0000e+00, 0.0000e+00, 
 2DIAGNOSTIC,    19, -4.839331814799e-01, 7.848175668133e-05, 0.0000e+00, 0.0000e+00, 
 2DIAGNOSTIC,    20, -4.841457592109e-01, 8.069483209887e-05, 0.0000e+00, 0.0000e+00, 
 2DIAGNOSTIC,    21, -4.843176567172e-01, 8.566299376691e-05, 0.0000e+00, 0.0000e+00, 
 2DIAGNOSTIC,    22, -4.843255002180e-01, 8.085637970452e-05, 0.0000e+00, 0.0000e+00, 
 2DIAGNOSTIC,    23, -4.843461780931e-01, 6.701107657384e-05, 0.0000e+00, 0.0000e+00, 
 2DIAGNOSTIC,    24, -4.846205199910e-01, 6.168925686927e-05, 0.0000e+00, 0.0000e+00, 
 2DIAGNOSTIC,    25, -4.850030488196e-01, 6.440696927473e-05, 0.0000e+00, 0.0000e+00, 
 2DIAGNOSTIC,    26, -4.852148657417e-01, 6.916583763217e-05, 0.0000e+00, 0.0000e+00, 
 2DIAGNOSTIC,    27, -4.852577640765e-01, 7.322047436981e-05, 0.0000e+00, 0.0000e+00, 
 2DIAGNOSTIC,    28, -4.853954094595e-01, 7.198041508525e-05, 0.0000e+00, 0.0000e+00, 
 2DIAGNOSTIC,    29, -4.853954094595e-01, 6.723493206465e-05, 0.0000e+00, 0.0000e+00, 
 2DIAGNOSTIC,    30, -4.853954094595e-01, 6.042242991441e-05, 0.0000e+00, 0.0000e+00, 
 2DIAGNOSTIC,    31, -4.853954094595e-01, 5.162607319725e-05, 0.0000e+00, 0.0000e+00, 
 2DIAGNOSTIC,    32, -4.853954094595e-01, 3.875639318004e-05, 0.0000e+00, 0.0000e+00, 
 2DIAGNOSTIC,    33, -4.853954094595e-01, 2.332318215068e-05, 0.0000e+00, 0.0000e+00, 
 2DIAGNOSTIC,    34, -4.853954094595e-01, 1.118631755893e-05, 0.0000e+00, 0.0000e+00, 
 2DIAGNOSTIC,    35, -4.853954094595e-01, 5.053546134653e-06, 0.0000e+00, 0.0000e+00, 
 2DIAGNOSTIC,    36, -4.853954094595e-01, 2.248423842877e-06, 0.0000e+00, 0.0000e+00, 
DIAGNOSTIC,Iteration,metricValue,convergenceValue,ITERATION_TIME_INDEX,SINCE_LAST
 2DIAGNOSTIC,     1, -4.215803063057e-01, 1.797693134862e+308, 0.0000e+00, 0.0000e+00, 
 2DIAGNOSTIC,     2, -4.216557809774e-01, 1.797693134862e+308, 0.0000e+00, 0.0000e+00, 
 2DIAGNOSTIC,     3, -4.216557809774e-01, 1.797693134862e+308, 0.0000e+00, 0.0000e+00, 
 2DIAGNOSTIC,     4, -4.216557809774e-01, 1.797693134862e+308, 0.0000e+00, 0.0000e+00, 
 2DIAGNOSTIC,     5, -4.216557809774e-01, 1.797693134862e+308, 0.0000e+00, 0.0000e+00, 
 2DIAGNOSTIC,     6, -4.216557809774e-01, 1.797693134862e+308, 0.0000e+00, 0.0000e+00, 
 2DIAGNOSTIC,     7, -4.216557809774e-01, 1.797693134862e+308, 0.0000e+00, 0.0000e+00, 
 2DIAGNOSTIC,     8, -4.216557809774e-01, 1.797693134862e+308, 0.0000e+00, 0.0000e+00, 
 2DIAGNOSTIC,     9, -4.216557809774e-01, 1.797693134862e+308, 0.0000e+00, 0.0000e+00, 
 2DIAGNOSTIC,    10, -4.216557809774e-01, 5.092026640938e-06, 0.0000e+00, 0.0000e+00, 
DIAGNOSTIC,Iteration,metricValue,convergenceValue,ITERATION_TIME_INDEX,SINCE_LAST
 2DIAGNOSTIC,     1, -3.889935776746e-01, 1.797693134862e+308, 0.0000e+00, 0.0000e+00, 
 2DIAGNOSTIC,     2, -3.890388472667e-01, 1.797693134862e+308, 0.0000e+00, 0.0000e+00, 
 2DIAGNOSTIC,     3, -3.890928125095e-01, 1.797693134862e+308, 0.0000e+00, 0.0000e+00, 
 2DIAGNOSTIC,     4, -3.891301029157e-01, 1.797693134862e+308, 0.0000e+00, 0.0000e+00, 
 2DIAGNOSTIC,     5, -3.891244395780e-01, 1.797693134862e+308, 0.0000e+00, 0.0000e+00, 
 2DIAGNOSTIC,     6, -3.890973546365e-01, 1.797693134862e+308, 0.0000e+00, 0.0000e+00, 
 2DIAGNOSTIC,     7, -3.890686581570e-01, 1.797693134862e+308, 0.0000e+00, 0.0000e+00, 
 2DIAGNOSTIC,     8, -3.890984161262e-01, 1.797693134862e+308, 0.0000e+00, 0.0000e+00, 
 2DIAGNOSTIC,     9, -3.883952787877e-01, 1.797693134862e+308, 0.0000e+00, 0.0000e+00, 
  Elapsed time (stage 0): 0.0000e+00


Total elapsed time: 0.0000e+00
Info [verificarlo]: loaded backend libinterflop_ieee.so
Info [interflop-ieee]: load backend with:
Info [interflop-ieee]: debug = false
Info [interflop-ieee]: debug-binary = false
Info [interflop-ieee]: no-backend-name = false
Info [interflop-ieee]: print-new-line = false
Info [interflop-ieee]: print-subnormal-normalized = false
Info [interflop-ieee]: count-op = false
All_Command_lines_OK
Using double precision for computations.
=============================================================================
The composite transform comprises the following transforms (in order): 
  1. /home/mdugre/scratch/mri-registration-rp/datasets/ds004513/derivatives/mri-registration-rp/0100/antsRegistration-r8-p8/sub-s037/rigid_Composite.h5[0] (type = Euler3DTransform)
  2. /home/mdugre/scratch/mri-registration-rp/datasets/ds004513/derivatives/mri-registration-rp/0100/antsRegistration-r8-p8/sub-s037/rigid_Composite.h5[1] (type = Euler3DTransform)
  3. /home/mdugre/scratch/mri-registration-rp/datasets/ds004513/derivatives/mri-registration-rp/0100/antsRegistration-r8-p8/sub-s037/rigid_Composite.h5[2] (type = Euler3DTransform)
=============================================================================
  number of levels = 4
  fixed image: /templateflow/tpl-MNI152NLin2009cAsym/tpl-MNI152NLin2009cAsym_res-01_desc-brain_T1w.nii.gz
  moving image: /home/mdugre/scratch/mri-registration-rp/datasets/ds004513/derivatives/mri-registration-rp/antsBrainExtraction/sub-s037/BrainExtractionBrain.nii.gz
Dimension = 3
Number of stages = 1
Use histogram matching = false
Winsorize image intensities = true
  Lower quantile = 0.005
  Upper quantile = 0.995


Stage 1 State
   Image metric = MattesMI
     Fixed image = Image (0x3848530)
  RTTI typeinfo:   itk::Image<double, 3u>
  Reference Count: 2
  Modified Time: 1592
  Debug: Off
  Object Name: 
  Observers: 
    none
  Source: (none)
  Source output name: (none)
  Release Data: Off
  Data Released: False
  Global Release Data: Off
  PipelineMTime: 0
  UpdateMTime: 1203
  RealTimeStamp: 0 seconds 
  LargestPossibleRegion: 
    Dimension: 3
    Index: [0, 0, 0]
    Size: [193, 229, 193]
  BufferedRegion: 
    Dimension: 3
    Index: [0, 0, 0]
    Size: [193, 229, 193]
  RequestedRegion: 
    Dimension: 3
    Index: [0, 0, 0]
    Size: [193, 229, 193]
  Spacing: [1, 1, 1]
  Origin: [96, 132, -78]
  Direction: 
-1 0 0
0 -1 0
0 0 1

  IndexToPointMatrix: 
-1 0 0
0 -1 0
0 0 1

  PointToIndexMatrix: 
-1 0 0
0 -1 0
0 0 1

  Inverse Direction: 
-1 0 0
0 -1 0
0 0 1

  PixelContainer: 
    ImportImageContainer (0x38552b0)
      RTTI typeinfo:   itk::ImportImageContainer<unsigned long, double>
      Reference Count: 1
      Modified Time: 1200
      Debug: Off
      Object Name: 
      Observers: 
        none
      Pointer: 0x14c9f1095010
      Container manages memory: true
      Size: 8530021
      Capacity: 8530021

     Moving image = Image (0x3903fd0)
  RTTI typeinfo:   itk::Image<double, 3u>
  Reference Count: 2
  Modified Time: 1593
  Debug: Off
  Object Name: 
  Observers: 
    none
  Source: (none)
  Source output name: (none)
  Release Data: Off
  Data Released: False
  Global Release Data: Off
  PipelineMTime: 0
  UpdateMTime: 1590
  RealTimeStamp: 0 seconds 
  LargestPossibleRegion: 
    Dimension: 3
    Index: [0, 0, 0]
    Size: [160, 240, 256]
  BufferedRegion: 
    Dimension: 3
    Index: [0, 0, 0]
    Size: [160, 240, 256]
  RequestedRegion: 
    Dimension: 3
    Index: [0, 0, 0]
    Size: [160, 240, 256]
  Spacing: [1, 1, 1]
  Origin: [87.9508, 102.562, -147.639]
  Direction: 
-0.998659 -0.0436121 -0.0279129
0.043595 -0.999049 0.00121847
-0.0279395 -2.65543e-08 0.99961

  IndexToPointMatrix: 
-0.998659 -0.0436121 -0.0279129
0.043595 -0.999049 0.00121847
-0.0279395 -2.65543e-08 0.99961

  PointToIndexMatrix: 
-0.998659 0.043595 -0.0279395
-0.0436121 -0.999049 -2.65517e-08
-0.0279129 0.00121847 0.99961

  Inverse Direction: 
-0.998659 0.043595 -0.0279395
-0.0436121 -0.999049 -2.65517e-08
-0.0279129 0.00121847 0.99961

  PixelContainer: 
    ImportImageContainer (0x391b990)
      RTTI typeinfo:   itk::ImportImageContainer<unsigned long, double>
      Reference Count: 1
      Modified Time: 1587
      Debug: Off
      Object Name: 
      Observers: 
        none
      Pointer: 0x14c9ec594010
      Container manages memory: true
      Size: 9830400
      Capacity: 9830400

     Weighting = 1
     Sampling strategy = regular
     Number of bins = 32
     Radius = 4
     Sampling percentage  = 0.25
   Transform = Affine
     Gradient step = 0.1
     Update field sigma (voxel space) = 0
     Total field sigma (voxel space) = 0
     Update field time sigma = 0
     Total field time sigma  = 0
     Number of time indices = 0
     Number of time point samples = 0
Registration using 1 total stages.

Stage 0
  iterations = 1000x500x250x100
  convergence threshold = 1e-06
  convergence window size = 10
  number of levels = 4
  using the Mattes MI metric (number of bins = 32, weight = 1, use gradient filter = 0)
  preprocessing:  winsorizing the image intensities
  Shrink factors (level 1 out of 4): [8, 8, 8]
  Shrink factors (level 2 out of 4): [4, 4, 4]
  Shrink factors (level 3 out of 4): [2, 2, 2]
  Shrink factors (level 4 out of 4): [1, 1, 1]
  smoothing sigmas per level: [3, 2, 1, 0]
  regular sampling (percentage = 0.25)

*** Running AffineTransform registration ***

DIAGNOSTIC,Iteration,metricValue,convergenceValue,ITERATION_TIME_INDEX,SINCE_LAST
 2DIAGNOSTIC,     1, -5.859708971810e-01, 1.797693134862e+308, 6.1996e-01, 6.1996e-01, 
 2DIAGNOSTIC,     2, -5.876985347218e-01, 1.797693134862e+308, 6.2427e-01, 4.3180e-03, 
 2DIAGNOSTIC,     3, -5.907072871552e-01, 1.797693134862e+308, 6.2833e-01, 4.0600e-03, 
 2DIAGNOSTIC,     4, -5.948366294508e-01, 1.797693134862e+308, 6.3252e-01, 4.1840e-03, 
 2DIAGNOSTIC,     5, -6.008782587272e-01, 1.797693134862e+308, 6.3675e-01, 4.2360e-03, 
 2DIAGNOSTIC,     6, -6.087508507958e-01, 1.797693134862e+308, 6.4065e-01, 3.8919e-03, 
 2DIAGNOSTIC,     7, -6.186378050997e-01, 1.797693134862e+308, 6.4472e-01, 4.0691e-03, 
 2DIAGNOSTIC,     8, -6.594494823166e-01, 1.797693134862e+308, 6.4905e-01, 4.3321e-03, 
 2DIAGNOSTIC,     9, -6.871535427156e-01, 1.797693134862e+308, 6.5478e-01, 5.7271e-03, 
 2DIAGNOSTIC,    10, -6.906080653823e-01, 1.151824198160e-02, 6.5970e-01, 4.9241e-03, 
 2DIAGNOSTIC,    11, -6.959582221013e-01, 1.188476519346e-02, 6.6404e-01, 4.3380e-03, 
 2DIAGNOSTIC,    12, -6.999472355477e-01, 1.133761246706e-02, 6.6892e-01, 4.8850e-03, 
 2DIAGNOSTIC,    13, -7.071631271756e-01, 1.018219715313e-02, 6.7624e-01, 7.3140e-03, 
 2DIAGNOSTIC,    14, -7.092100268278e-01, 8.462675515816e-03, 6.8106e-01, 4.8280e-03, 
 2DIAGNOSTIC,    15, -7.100991924139e-01, 6.441312596127e-03, 6.8579e-01, 4.7281e-03, 
 2DIAGNOSTIC,    16, -7.108500506815e-01, 4.359379617321e-03, 6.9049e-01, 4.6961e-03, 
 2DIAGNOSTIC,    17, -7.111340673230e-01, 2.379951757785e-03, 6.9523e-01, 4.7450e-03, 
 2DIAGNOSTIC,    18, -7.114689438832e-01, 1.384124113275e-03, 7.0153e-01, 6.2950e-03, 
 2DIAGNOSTIC,    19, -7.114563854677e-01, 9.976424392290e-04, 7.0669e-01, 5.1639e-03, 
 2DIAGNOSTIC,    20, -7.114569554235e-01, 6.340235714623e-04, 7.1119e-01, 4.4990e-03, 
 2DIAGNOSTIC,    21, -7.114256014545e-01, 3.563557600006e-04, 7.1608e-01, 4.8902e-03, 
 2DIAGNOSTIC,    22, -7.113915004414e-01, 1.454260451463e-04, 7.2091e-01, 4.8320e-03, 
 2DIAGNOSTIC,    23, -7.112997385160e-01, 7.089812326049e-05, 7.2577e-01, 4.8528e-03, 
 2DIAGNOSTIC,    24, -7.113661966404e-01, 3.344043011595e-05, 7.3061e-01, 4.8420e-03, 
 2DIAGNOSTIC,    25, -7.113172146282e-01, 1.003411833378e-05, 7.3519e-01, 4.5819e-03, 
DIAGNOSTIC,Iteration,metricValue,convergenceValue,ITERATION_TIME_INDEX,SINCE_LAST
 2DIAGNOSTIC,     1, -5.911245505351e-01, 1.797693134862e+308, 1.4310e+00, 6.9586e-01, 
 2DIAGNOSTIC,     2, -5.916220081180e-01, 1.797693134862e+308, 1.4656e+00, 3.4599e-02, 
 2DIAGNOSTIC,     3, -5.922593002005e-01, 1.797693134862e+308, 1.5027e+00, 3.7059e-02, 
 2DIAGNOSTIC,     4, -5.932535140096e-01, 1.797693134862e+308, 1.5392e+00, 3.6488e-02, 
 2DIAGNOSTIC,     5, -5.947029948371e-01, 1.797693134862e+308, 1.5753e+00, 3.6133e-02, 
 2DIAGNOSTIC,     6, -5.983423365646e-01, 1.797693134862e+308, 1.6201e+00, 4.4744e-02, 
 2DIAGNOSTIC,     7, -6.006791733594e-01, 1.797693134862e+308, 1.6639e+00, 4.3839e-02, 
 2DIAGNOSTIC,     8, -6.013197537410e-01, 1.797693134862e+308, 1.7045e+00, 4.0588e-02, 
 2DIAGNOSTIC,     9, -6.013006380946e-01, 1.797693134862e+308, 1.7447e+00, 4.0217e-02, 
 2DIAGNOSTIC,    10, -6.012948929268e-01, 1.387344900404e-03, 1.7845e+00, 3.9779e-02, 
 2DIAGNOSTIC,    11, -6.013182843790e-01, 1.159040346657e-03, 1.8251e+00, 4.0584e-02, 
 2DIAGNOSTIC,    12, -6.013133007943e-01, 8.834080392790e-04, 1.8610e+00, 3.5932e-02, 
 2DIAGNOSTIC,    13, -6.013232318272e-01, 5.956954363881e-04, 1.9250e+00, 6.4015e-02, 
 2DIAGNOSTIC,    14, -6.013301129528e-01, 3.307497826562e-04, 1.9672e+00, 4.2215e-02, 
 2DIAGNOSTIC,    15, -6.013265299345e-01, 1.150560307631e-04, 2.0074e+00, 4.0146e-02, 
 2DIAGNOSTIC,    16, -6.013036957346e-01, 2.169607009719e-05, 2.0479e+00, 4.0537e-02, 
 2DIAGNOSTIC,    17, -6.012915316069e-01, 1.986863326156e-06, 2.0859e+00, 3.7929e-02, 
 2DIAGNOSTIC,    18, -6.012822592752e-01, 1.135441591284e-06, 2.1248e+00, 3.8963e-02, 
DIAGNOSTIC,Iteration,metricValue,convergenceValue,ITERATION_TIME_INDEX,SINCE_LAST
 2DIAGNOSTIC,     1, -5.245353238462e-01, 1.797693134862e+308, 3.0966e+00, 9.7181e-01, 
 2DIAGNOSTIC,     2, -5.248274504177e-01, 1.797693134862e+308, 3.3391e+00, 2.4247e-01, 
 2DIAGNOSTIC,     3, -5.252311138539e-01, 1.797693134862e+308, 3.5729e+00, 2.3380e-01, 
 2DIAGNOSTIC,     4, -5.258229046211e-01, 1.797693134862e+308, 3.8375e+00, 2.6465e-01, 
 2DIAGNOSTIC,     5, -5.266048086484e-01, 1.797693134862e+308, 4.0991e+00, 2.6158e-01, 
 2DIAGNOSTIC,     6, -5.273821406146e-01, 1.797693134862e+308, 4.3489e+00, 2.4977e-01, 
 2DIAGNOSTIC,     7, -5.278647031603e-01, 1.797693134862e+308, 4.6854e+00, 3.3654e-01, 
 2DIAGNOSTIC,     8, -5.279124671140e-01, 1.797693134862e+308, 4.9374e+00, 2.5198e-01, 
 2DIAGNOSTIC,     9, -5.279162483870e-01, 1.797693134862e+308, 5.1587e+00, 2.2130e-01, 
 2DIAGNOSTIC,    10, -5.279144753695e-01, 4.911743293014e-04, 5.4585e+00, 2.9977e-01, 
 2DIAGNOSTIC,    11, -5.279132912155e-01, 3.752090367521e-04, 5.7413e+00, 2.8281e-01, 
 2DIAGNOSTIC,    12, -5.279112625063e-01, 2.581485156708e-04, 6.0272e+00, 2.8590e-01, 
 2DIAGNOSTIC,    13, -5.279093461936e-01, 1.528405121119e-04, 6.4044e+00, 3.7720e-01, 
 2DIAGNOSTIC,    14, -5.279091305619e-01, 7.152650193919e-05, 6.6696e+00, 2.6525e-01, 
 2DIAGNOSTIC,    15, -5.279072603233e-01, 2.222827847312e-05, 6.9343e+00, 2.6465e-01, 
 2DIAGNOSTIC,    16, -5.279049916412e-01, 2.935238818724e-06, 7.2947e+00, 3.6045e-01, 
 2DIAGNOSTIC,    17, -5.279043788691e-01, 1.073203358543e-06, 7.5342e+00, 2.3950e-01, 
DIAGNOSTIC,Iteration,metricValue,convergenceValue,ITERATION_TIME_INDEX,SINCE_LAST
 2DIAGNOSTIC,     1, -4.828661559455e-01, 1.797693134862e+308, 1.0328e+01, 2.7940e+00, 
 2DIAGNOSTIC,     2, -4.830495228111e-01, 1.797693134862e+308, 1.2009e+01, 1.6810e+00, 
 2DIAGNOSTIC,     3, -4.833580894117e-01, 1.797693134862e+308, 1.3695e+01, 1.6859e+00, 
 2DIAGNOSTIC,     4, -4.839587739960e-01, 1.797693134862e+308, 1.5590e+01, 1.8951e+00, 
 2DIAGNOSTIC,     5, -4.847437073038e-01, 1.797693134862e+308, 1.7796e+01, 2.2053e+00, 
 2DIAGNOSTIC,     6, -4.848371736498e-01, 1.797693134862e+308, 2.0075e+01, 2.2793e+00, 
 2DIAGNOSTIC,     7, -4.848387418781e-01, 1.797693134862e+308, 2.3430e+01, 3.3549e+00, 
 2DIAGNOSTIC,     8, -4.848387758500e-01, 1.797693134862e+308, 2.5755e+01, 2.3254e+00, 
 2DIAGNOSTIC,     9, -4.848387818164e-01, 1.797693134862e+308, 2.7624e+01, 1.8686e+00, 
 2DIAGNOSTIC,    10, -4.848387469369e-01, 2.967480474269e-04, 2.9349e+01, 1.7254e+00, 
 2DIAGNOSTIC,    11, -4.848386539676e-01, 2.027092739546e-04, 3.1402e+01, 2.0526e+00, 
 2DIAGNOSTIC,    12, -4.848387220309e-01, 1.159454887281e-04, 3.3174e+01, 1.7722e+00, 
 2DIAGNOSTIC,    13, -4.848384387032e-01, 4.594757227022e-05, 3.5041e+01, 1.8672e+00, 
 2DIAGNOSTIC,    14, -4.848384909585e-01, 6.289662447950e-06, 3.6674e+01, 1.6331e+00, 
 2DIAGNOSTIC,    15, -4.848383608957e-01, 2.149386954850e-06, 3.8485e+01, 1.8107e+00, 
 2DIAGNOSTIC,    16, -4.848385953284e-01, 1.958698935559e-06, 4.0326e+01, 1.8407e+00, 
 2DIAGNOSTIC,    17, -4.848385258682e-01, 1.844739322812e-06, 4.2123e+01, 1.7975e+00, 
 2DIAGNOSTIC,    18, -4.848384559746e-01, 1.745012497882e-06, 4.4131e+01, 2.0076e+00, 
 2DIAGNOSTIC,    19, -4.848382309924e-01, 1.651408500662e-06, 4.5854e+01, 1.7226e+00, 
 2DIAGNOSTIC,    20, -4.848380424183e-01, 1.562971211899e-06, 4.7778e+01, 1.9241e+00, 
 2DIAGNOSTIC,    21, -4.848380693673e-01, 1.483604174755e-06, 4.9918e+01, 2.1400e+00, 
 2DIAGNOSTIC,    22, -4.848379381236e-01, 1.412780083178e-06, 5.1774e+01, 1.8559e+00, 
 2DIAGNOSTIC,    23, -4.848379156636e-01, 1.343601413073e-06, 5.3623e+01, 1.8495e+00, 
 2DIAGNOSTIC,    24, -4.848378623443e-01, 1.284170714627e-06, 5.5477e+01, 1.8534e+00, 
 2DIAGNOSTIC,    25, -4.848378195874e-01, 1.229248929015e-06, 5.7138e+01, 1.6611e+00, 
 2DIAGNOSTIC,    26, -4.848376800684e-01, 1.184779403716e-06, 5.8971e+01, 1.8329e+00, 
 2DIAGNOSTIC,    27, -4.848377584212e-01, 1.147520616293e-06, 6.0804e+01, 1.8334e+00, 
 2DIAGNOSTIC,    28, -4.848375242519e-01, 1.109519650530e-06, 6.2723e+01, 1.9194e+00, 
 2DIAGNOSTIC,    29, -4.848375484062e-01, 1.072839950579e-06, 6.4761e+01, 2.0378e+00, 
 2DIAGNOSTIC,    30, -4.848373396286e-01, 1.033090803661e-06, 6.6590e+01, 1.8293e+00, 
 2DIAGNOSTIC,    31, -4.848374803886e-01, 1.001838765967e-06, 6.8365e+01, 1.7747e+00, 
  Elapsed time (stage 0): 6.9439e+01


Total elapsed time: 6.9441e+01
Info [verificarlo]: loaded backend libinterflop_ieee.so
Info [interflop-ieee]: load backend with:
Info [interflop-ieee]: debug = false
Info [interflop-ieee]: debug-binary = false
Info [interflop-ieee]: no-backend-name = false
Info [interflop-ieee]: print-new-line = false
Info [interflop-ieee]: print-subnormal-normalized = false
Info [interflop-ieee]: count-op = false
All_Command_lines_OK
Using double precision for computations.
=============================================================================
The composite transform comprises the following transforms (in order): 
  1. /home/mdugre/scratch/mri-registration-rp/datasets/ds004513/derivatives/mri-registration-rp/0100/antsRegistration-r8-p8/sub-s037/affine_Composite.h5[0] (type = Euler3DTransform)
  2. /home/mdugre/scratch/mri-registration-rp/datasets/ds004513/derivatives/mri-registration-rp/0100/antsRegistration-r8-p8/sub-s037/affine_Composite.h5[1] (type = Euler3DTransform)
  3. /home/mdugre/scratch/mri-registration-rp/datasets/ds004513/derivatives/mri-registration-rp/0100/antsRegistration-r8-p8/sub-s037/affine_Composite.h5[2] (type = Euler3DTransform)
  4. /home/mdugre/scratch/mri-registration-rp/datasets/ds004513/derivatives/mri-registration-rp/0100/antsRegistration-r8-p8/sub-s037/affine_Composite.h5[3] (type = AffineTransform)
=============================================================================
  number of levels = 4
  fixed image: /templateflow/tpl-MNI152NLin2009cAsym/tpl-MNI152NLin2009cAsym_res-01_desc-brain_T1w.nii.gz
  moving image: /home/mdugre/scratch/mri-registration-rp/datasets/ds004513/derivatives/mri-registration-rp/antsBrainExtraction/sub-s037/BrainExtractionBrain.nii.gz
Dimension = 3
Number of stages = 1
Use histogram matching = false
Winsorize image intensities = true
  Lower quantile = 0.005
  Upper quantile = 0.995


Stage 1 State
   Image metric = CC
     Fixed image = Image (0x4f3aa40)
  RTTI typeinfo:   itk::Image<double, 3u>
  Reference Count: 2
  Modified Time: 1606
  Debug: Off
  Object Name: 
  Observers: 
    none
  Source: (none)
  Source output name: (none)
  Release Data: Off
  Data Released: False
  Global Release Data: Off
  PipelineMTime: 0
  UpdateMTime: 1217
  RealTimeStamp: 0 seconds 
  LargestPossibleRegion: 
    Dimension: 3
    Index: [0, 0, 0]
    Size: [193, 229, 193]
  BufferedRegion: 
    Dimension: 3
    Index: [0, 0, 0]
    Size: [193, 229, 193]
  RequestedRegion: 
    Dimension: 3
    Index: [0, 0, 0]
    Size: [193, 229, 193]
  Spacing: [1, 1, 1]
  Origin: [96, 132, -78]
  Direction: 
-1 0 0
0 -1 0
0 0 1

  IndexToPointMatrix: 
-1 0 0
0 -1 0
0 0 1

  PointToIndexMatrix: 
-1 0 0
0 -1 0
0 0 1

  Inverse Direction: 
-1 0 0
0 -1 0
0 0 1

  PixelContainer: 
    ImportImageContainer (0x5009780)
      RTTI typeinfo:   itk::ImportImageContainer<unsigned long, double>
      Reference Count: 1
      Modified Time: 1214
      Debug: Off
      Object Name: 
      Observers: 
        none
      Pointer: 0x1465d789c010
      Container manages memory: true
      Size: 8530021
      Capacity: 8530021

     Moving image = Image (0x500b390)
  RTTI typeinfo:   itk::Image<double, 3u>
  Reference Count: 2
  Modified Time: 1607
  Debug: Off
  Object Name: 
  Observers: 
    none
  Source: (none)
  Source output name: (none)
  Release Data: Off
  Data Released: False
  Global Release Data: Off
  PipelineMTime: 0
  UpdateMTime: 1604
  RealTimeStamp: 0 seconds 
  LargestPossibleRegion: 
    Dimension: 3
    Index: [0, 0, 0]
    Size: [160, 240, 256]
  BufferedRegion: 
    Dimension: 3
    Index: [0, 0, 0]
    Size: [160, 240, 256]
  RequestedRegion: 
    Dimension: 3
    Index: [0, 0, 0]
    Size: [160, 240, 256]
  Spacing: [1, 1, 1]
  Origin: [87.9508, 102.562, -147.639]
  Direction: 
-0.998659 -0.0436121 -0.0279129
0.043595 -0.999049 0.00121847
-0.0279395 -2.65543e-08 0.99961

  IndexToPointMatrix: 
-0.998659 -0.0436121 -0.0279129
0.043595 -0.999049 0.00121847
-0.0279395 -2.65543e-08 0.99961

  PointToIndexMatrix: 
-0.998659 0.043595 -0.0279395
-0.0436121 -0.999049 -2.65517e-08
-0.0279129 0.00121847 0.99961

  Inverse Direction: 
-0.998659 0.043595 -0.0279395
-0.0436121 -0.999049 -2.65517e-08
-0.0279129 0.00121847 0.99961

  PixelContainer: 
    ImportImageContainer (0x4fc06f0)
      RTTI typeinfo:   itk::ImportImageContainer<unsigned long, double>
      Reference Count: 1
      Modified Time: 1601
      Debug: Off
      Object Name: 
      Observers: 
        none
      Pointer: 0x1465d2d9b010
      Container manages memory: true
      Size: 9830400
      Capacity: 9830400

     Weighting = 1
     Sampling strategy = none
     Number of bins = 32
     Radius = 4
     Sampling percentage  = 1
   Transform = SyN
     Gradient step = 0.1
     Update field sigma (voxel space) = 3
     Total field sigma (voxel space) = 0
     Update field time sigma = 0
     Total field time sigma  = 0
     Number of time indices = 0
     Number of time point samples = 0
Registration using 1 total stages.

Stage 0
  iterations = 100x70x50x20
  convergence threshold = 1e-06
  convergence window size = 10
  number of levels = 4
  using the CC metric (radius = 4, weight = 1, use gradient filter = 0)
  preprocessing:  winsorizing the image intensities
  Shrink factors (level 1 out of 4): [8, 8, 8]
  Shrink factors (level 2 out of 4): [4, 4, 4]
  Shrink factors (level 3 out of 4): [2, 2, 2]
  Shrink factors (level 4 out of 4): [1, 1, 1]
  smoothing sigmas per level: [3, 2, 1, 0]
  Using default NONE metricSamplingStrategy 

*** Running SyN registration (varianceForUpdateField = 3, varianceForTotalField = 0) ***

XXDIAGNOSTIC,Iteration,metricValue,convergenceValue,ITERATION_TIME_INDEX,SINCE_LAST
 1DIAGNOSTIC,     1, -8.463591386635e-01, 1.797693134862e+308, 9.2689e-01, 9.2689e-01, 
 1DIAGNOSTIC,     2, -8.658044495963e-01, 1.797693134862e+308, 1.2554e+00, 3.2848e-01, 
 1DIAGNOSTIC,     3, -8.816969178164e-01, 1.797693134862e+308, 1.5887e+00, 3.3334e-01, 
 1DIAGNOSTIC,     4, -8.932554934618e-01, 1.797693134862e+308, 1.9180e+00, 3.2931e-01, 
 1DIAGNOSTIC,     5, -9.019896171669e-01, 1.797693134862e+308, 2.2383e+00, 3.2027e-01, 
 1DIAGNOSTIC,     6, -9.076725603813e-01, 1.797693134862e+308, 2.5675e+00, 3.2923e-01, 
 1DIAGNOSTIC,     7, -9.121300545371e-01, 1.797693134862e+308, 2.9018e+00, 3.3430e-01, 
 1DIAGNOSTIC,     8, -9.156777630501e-01, 1.797693134862e+308, 3.2383e+00, 3.3643e-01, 
 1DIAGNOSTIC,     9, -9.187175110396e-01, 1.797693134862e+308, 3.5582e+00, 3.1990e-01, 
 1DIAGNOSTIC,    10, -9.211564756550e-01, 4.905631198289e-03, 3.9006e+00, 3.4242e-01, 
 1DIAGNOSTIC,    11, -9.231546410965e-01, 3.360973083653e-03, 4.2385e+00, 3.3793e-01, 
 1DIAGNOSTIC,    12, -9.248146163168e-01, 2.327301171565e-03, 4.5724e+00, 3.3386e-01, 
 1DIAGNOSTIC,    13, -9.262533921768e-01, 1.661550046795e-03, 4.9099e+00, 3.3758e-01, 
 1DIAGNOSTIC,    14, -9.275544130586e-01, 1.227366863784e-03, 5.2481e+00, 3.3819e-01, 
 1DIAGNOSTIC,    15, -9.287752725824e-01, 9.466502165237e-04, 5.5870e+00, 3.3889e-01, 
 1DIAGNOSTIC,    16, -9.299506132341e-01, 7.479320466055e-04, 5.9175e+00, 3.3051e-01, 
 1DIAGNOSTIC,    17, -9.311228924311e-01, 6.068649651931e-04, 6.2402e+00, 3.2270e-01, 
 1DIAGNOSTIC,    18, -9.323348041660e-01, 5.074856956705e-04, 6.5711e+00, 3.3090e-01, 
 1DIAGNOSTIC,    19, -9.336113783777e-01, 4.419410435422e-04, 6.8947e+00, 3.2359e-01, 
 1DIAGNOSTIC,    20, -9.348659989445e-01, 3.989918143775e-04, 7.2269e+00, 3.3215e-01, 
 1DIAGNOSTIC,    21, -9.361484302353e-01, 3.712365951714e-04, 7.6051e+00, 3.7819e-01, 
 1DIAGNOSTIC,    22, -9.372683256395e-01, 3.503167383814e-04, 7.9387e+00, 3.3360e-01, 
