
##########################
# Experiment information #
##########################

EXPERIMENT_NAME: antsRegistration-r8-p17
VFC_BACKENDS: libinterflop_vprec.so --range-binary32=8 --precision-binary32=17 --range-binary64=8 --precision-binary64=17

SIF_IMG: /home/mdugre/projects/rrg-glatard/mdugre/containers/ants-vprec-no_metrics.simg

SUBJECT_ID: s035
INPUT_IMG: /home/mdugre/scratch/mri-registration-rp/datasets/ds004513/derivatives/mri-registration-rp/antsBrainExtraction/sub-s035/BrainExtractionBrain.nii.gz
OUTPUT_DIR: /home/mdugre/scratch/mri-registration-rp/datasets/ds004513/derivatives/mri-registration-rp/0100/antsRegistration-r8-p17/sub-s035

FIXED_IMG: /templateflow/tpl-MNI152NLin2009cAsym/tpl-MNI152NLin2009cAsym_res-01_desc-brain_T1w.nii.gz
DATA_DIR: /home/mdugre/scratch/mri-registration-rp/datasets/ds004513
TEMPLATEFLOW_DIR: /home/mdugre/projects/rrg-glatard/mdugre/templateflow
ITK_GLOBAL_DEFAULT_NUMBER_OF_THREADS: 16
##########################

Info [verificarlo]: loaded backend libinterflop_ieee.so
Info [interflop-ieee]: load backend with:
Info [interflop-ieee]: debug = false
Info [interflop-ieee]: debug-binary = false
Info [interflop-ieee]: no-backend-name = false
Info [interflop-ieee]: print-new-line = false
Info [interflop-ieee]: print-subnormal-normalized = false
Info [interflop-ieee]: count-op = false
All_Command_lines_OK
Using double precision for computations.
=============================================================================
The composite transform comprises the following transforms (in order): 
  1. Center of mass alignment using fixed image: /templateflow/tpl-MNI152NLin2009cAsym/tpl-MNI152NLin2009cAsym_res-01_desc-brain_T1w.nii.gz and moving image: /home/mdugre/scratch/mri-registration-rp/datasets/ds004513/derivatives/mri-registration-rp/antsBrainExtraction/sub-s035/BrainExtractionBrain.nii.gz (type = Euler3DTransform)
=============================================================================
  number of levels = 1
  fixed image: /templateflow/tpl-MNI152NLin2009cAsym/tpl-MNI152NLin2009cAsym_res-01_desc-brain_T1w.nii.gz
  moving image: /home/mdugre/scratch/mri-registration-rp/datasets/ds004513/derivatives/mri-registration-rp/antsBrainExtraction/sub-s035/BrainExtractionBrain.nii.gz
Dimension = 3
Number of stages = 1
Use histogram matching = false
Winsorize image intensities = true
  Lower quantile = 0.005
  Upper quantile = 0.995


Stage 1 State
   Image metric = MattesMI
     Fixed image = Image (0x3b7ee70)
  RTTI typeinfo:   itk::Image<double, 3u>
  Reference Count: 2
  Modified Time: 2330
  Debug: Off
  Object Name: 
  Observers: 
    none
  Source: (none)
  Source output name: (none)
  Release Data: Off
  Data Released: False
  Global Release Data: Off
  PipelineMTime: 0
  UpdateMTime: 1941
  RealTimeStamp: 0 seconds 
  LargestPossibleRegion: 
    Dimension: 3
    Index: [0, 0, 0]
    Size: [193, 229, 193]
  BufferedRegion: 
    Dimension: 3
    Index: [0, 0, 0]
    Size: [193, 229, 193]
  RequestedRegion: 
    Dimension: 3
    Index: [0, 0, 0]
    Size: [193, 229, 193]
  Spacing: [1, 1, 1]
  Origin: [96, 132, -78]
  Direction: 
-1 0 0
0 -1 0
0 0 1

  IndexToPointMatrix: 
-1 0 0
0 -1 0
0 0 1

  PointToIndexMatrix: 
-1 0 0
0 -1 0
0 0 1

  Inverse Direction: 
-1 0 0
0 -1 0
0 0 1

  PixelContainer: 
    ImportImageContainer (0x3b87c60)
      RTTI typeinfo:   itk::ImportImageContainer<unsigned long, double>
      Reference Count: 1
      Modified Time: 1938
      Debug: Off
      Object Name: 
      Observers: 
        none
      Pointer: 0x150b30e2b010
      Container manages memory: true
      Size: 8530021
      Capacity: 8530021

     Moving image = Image (0x3c1bec0)
  RTTI typeinfo:   itk::Image<double, 3u>
  Reference Count: 2
  Modified Time: 2331
  Debug: Off
  Object Name: 
  Observers: 
    none
  Source: (none)
  Source output name: (none)
  Release Data: Off
  Data Released: False
  Global Release Data: Off
  PipelineMTime: 0
  UpdateMTime: 2328
  RealTimeStamp: 0 seconds 
  LargestPossibleRegion: 
    Dimension: 3
    Index: [0, 0, 0]
    Size: [160, 240, 256]
  BufferedRegion: 
    Dimension: 3
    Index: [0, 0, 0]
    Size: [160, 240, 256]
  RequestedRegion: 
    Dimension: 3
    Index: [0, 0, 0]
    Size: [160, 240, 256]
  Spacing: [1, 1, 1]
  Origin: [98.6438, 87.6358, -117.989]
  Direction: 
-0.993515 -0.100993 -0.0522355
0.100854 -0.994887 0.00530255
-0.0525039 1.93537e-08 0.998621

  IndexToPointMatrix: 
-0.993515 -0.100993 -0.0522355
0.100854 -0.994887 0.00530255
-0.0525039 1.93537e-08 0.998621

  PointToIndexMatrix: 
-0.993515 0.100854 -0.0525039
-0.100993 -0.994887 1.93006e-08
-0.0522355 0.00530255 0.998621

  Inverse Direction: 
-0.993515 0.100854 -0.0525039
-0.100993 -0.994887 1.93006e-08
-0.0522355 0.00530255 0.998621

  PixelContainer: 
    ImportImageContainer (0x3cb3610)
      RTTI typeinfo:   itk::ImportImageContainer<unsigned long, double>
      Reference Count: 1
      Modified Time: 2325
      Debug: Off
      Object Name: 
      Observers: 
        none
      Pointer: 0x150b2c32a010
      Container manages memory: true
      Size: 9830400
      Capacity: 9830400

     Weighting = 1
     Sampling strategy = regular
     Number of bins = 32
     Radius = 4
     Sampling percentage  = 0.25
   Transform = Rigid
     Gradient step = 0.1
     Update field sigma (voxel space) = 0
     Total field sigma (voxel space) = 0
     Update field time sigma = 0
     Total field time sigma  = 0
     Number of time indices = 0
     Number of time point samples = 0
Registration using 1 total stages.

Stage 0
  iterations = 0
  convergence threshold = 1e-06
  convergence window size = 10
  number of levels = 1
  using the Mattes MI metric (number of bins = 32, weight = 1, use gradient filter = 0)
  preprocessing:  winsorizing the image intensities
  Shrink factors (level 1 out of 1): [1, 1, 1]
  smoothing sigmas per level: [0]
  regular sampling (percentage = 0.25)

*** Running Euler3DTransform registration ***

  Elapsed time (stage 0): 1.13678


Total elapsed time: 1.139
Info [verificarlo]: loaded backend libinterflop_vprec.so
Info [interflop-vprec]: load backend with: 
Info [interflop-vprec]: precision-binary32 = 17
Info [interflop-vprec]: range-binary32 = 8
Info [interflop-vprec]: precision-binary64 = 17
Info [interflop-vprec]: range-binary64 = 8
Info [interflop-vprec]: mode = ob
Info [interflop-vprec]: error-mode = rel
Info [interflop-vprec]: max-abs-error-exponent = -1022
Info [interflop-vprec]: daz = false
Info [interflop-vprec]: ftz = false
Info [interflop-vprec]: 	instrument = none
Info [interflop-vprec]: 	prec-input-file = (null)
Info [interflop-vprec]: 	prec-output-file = (null)
Info [interflop-vprec]: 	prec-log-file = (null)
All_Command_lines_OK
Using double precision for computations.
=============================================================================
The composite transform comprises the following transforms (in order): 
  1. /home/mdugre/scratch/mri-registration-rp/datasets/ds004513/derivatives/mri-registration-rp/0100/antsRegistration-r8-p17/sub-s035/align_Composite.h5[0] (type = Euler3DTransform)
  2. /home/mdugre/scratch/mri-registration-rp/datasets/ds004513/derivatives/mri-registration-rp/0100/antsRegistration-r8-p17/sub-s035/align_Composite.h5[1] (type = Euler3DTransform)
=============================================================================
  number of levels = 4
  fixed image: /templateflow/tpl-MNI152NLin2009cAsym/tpl-MNI152NLin2009cAsym_res-01_desc-brain_T1w.nii.gz
  moving image: /home/mdugre/scratch/mri-registration-rp/datasets/ds004513/derivatives/mri-registration-rp/antsBrainExtraction/sub-s035/BrainExtractionBrain.nii.gz
Dimension = 3
Number of stages = 1
Use histogram matching = false
Winsorize image intensities = true
  Lower quantile = 0.005
  Upper quantile = 0.995


Stage 1 State
   Image metric = MattesMI
     Fixed image = Image (0x49c91e0)
  RTTI typeinfo:   itk::Image<double, 3u>
  Reference Count: 2
  Modified Time: 1578
  Debug: Off
  Object Name: 
  Observers: 
    none
  Source: (none)
  Source output name: (none)
  Release Data: Off
  Data Released: False
  Global Release Data: Off
  PipelineMTime: 0
  UpdateMTime: 1189
  RealTimeStamp: 0 seconds 
  LargestPossibleRegion: 
    Dimension: 3
    Index: [0, 0, 0]
    Size: [193, 229, 193]
  BufferedRegion: 
    Dimension: 3
    Index: [0, 0, 0]
    Size: [193, 229, 193]
  RequestedRegion: 
    Dimension: 3
    Index: [0, 0, 0]
    Size: [193, 229, 193]
  Spacing: [1, 1, 1]
  Origin: [96, 132, -78]
  Direction: 
-1 0 0
0 -1 0
0 0 1

  IndexToPointMatrix: 
-1 0 0
0 -1 0
0 0 1

  PointToIndexMatrix: 
-1 0 0
0 -1 0
0 0 1

  Inverse Direction: 
-1 0 0
0 -1 0
0 0 1

  PixelContainer: 
    ImportImageContainer (0x4a88680)
      RTTI typeinfo:   itk::ImportImageContainer<unsigned long, double>
      Reference Count: 1
      Modified Time: 1186
      Debug: Off
      Object Name: 
      Observers: 
        none
      Pointer: 0x147b239cd010
      Container manages memory: true
      Size: 8530021
      Capacity: 8530021

     Moving image = Image (0x4a84b20)
  RTTI typeinfo:   itk::Image<double, 3u>
  Reference Count: 2
  Modified Time: 1579
  Debug: Off
  Object Name: 
  Observers: 
    none
  Source: (none)
  Source output name: (none)
  Release Data: Off
  Data Released: False
  Global Release Data: Off
  PipelineMTime: 0
  UpdateMTime: 1576
  RealTimeStamp: 0 seconds 
  LargestPossibleRegion: 
    Dimension: 3
    Index: [0, 0, 0]
    Size: [160, 240, 256]
  BufferedRegion: 
    Dimension: 3
    Index: [0, 0, 0]
    Size: [160, 240, 256]
  RequestedRegion: 
    Dimension: 3
    Index: [0, 0, 0]
    Size: [160, 240, 256]
  Spacing: [1, 1, 1]
  Origin: [98.6436, 87.6357, -117.989]
  Direction: 
-0.993515 -0.100993 -0.0522354
0.100854 -0.994888 0.00530255
-0.0525038 1.93537e-08 0.998619

  IndexToPointMatrix: 
-0.993515 -0.100993 -0.0522354
0.100854 -0.994888 0.00530255
-0.0525038 1.93537e-08 0.998619

  PointToIndexMatrix: 
-0.993515 0.100854 -0.0525038
-0.100993 -0.994888 0
-0.0522356 0.00530243 0.998623

  Inverse Direction: 
-0.993515 0.100854 -0.0525038
-0.100993 -0.994888 0
-0.0522356 0.00530243 0.998623

  PixelContainer: 
    ImportImageContainer (0x4aedd50)
      RTTI typeinfo:   itk::ImportImageContainer<unsigned long, double>
      Reference Count: 1
      Modified Time: 1573
      Debug: Off
      Object Name: 
      Observers: 
        none
      Pointer: 0x147b1eecc010
      Container manages memory: true
      Size: 9830400
      Capacity: 9830400

     Weighting = 1
     Sampling strategy = regular
     Number of bins = 32
     Radius = 4
     Sampling percentage  = 0.25
   Transform = Rigid
     Gradient step = 0.1
     Update field sigma (voxel space) = 0
     Total field sigma (voxel space) = 0
     Update field time sigma = 0
     Total field time sigma  = 0
     Number of time indices = 0
     Number of time point samples = 0
Registration using 1 total stages.

Stage 0
  iterations = 1000x500x250x100
  convergence threshold = 1e-06
  convergence window size = 10
  number of levels = 4
  using the Mattes MI metric (number of bins = 32, weight = 1, use gradient filter = 0)
  preprocessing:  winsorizing the image intensities
  Shrink factors (level 1 out of 4): [8, 8, 8]
  Shrink factors (level 2 out of 4): [4, 4, 4]
  Shrink factors (level 3 out of 4): [2, 2, 2]
  Shrink factors (level 4 out of 4): [1, 1, 1]
  smoothing sigmas per level: [3, 2, 1, 0]
  regular sampling (percentage = 0.25)

*** Running Euler3DTransform registration ***

DIAGNOSTIC,Iteration,metricValue,convergenceValue,ITERATION_TIME_INDEX,SINCE_LAST
 2DIAGNOSTIC,     1, -5.238076795407e-01, 1.797693134862e+308, 0.0000e+00, 0.0000e+00, 
 2DIAGNOSTIC,     2, -5.257665106356e-01, 1.797693134862e+308, 0.0000e+00, 0.0000e+00, 
 2DIAGNOSTIC,     3, -5.278548869461e-01, 1.797693134862e+308, 0.0000e+00, 0.0000e+00, 
 2DIAGNOSTIC,     4, -5.301787369743e-01, 1.797693134862e+308, 0.0000e+00, 0.0000e+00, 
 2DIAGNOSTIC,     5, -5.344260163964e-01, 1.797693134862e+308, 0.0000e+00, 0.0000e+00, 
 2DIAGNOSTIC,     6, -5.401509111344e-01, 1.797693134862e+308, 0.0000e+00, 0.0000e+00, 
 2DIAGNOSTIC,     7, -5.493990955857e-01, 1.797693134862e+308, 0.0000e+00, 0.0000e+00, 
 2DIAGNOSTIC,     8, -5.541179491744e-01, 1.797693134862e+308, 0.0000e+00, 0.0000e+00, 
 2DIAGNOSTIC,     9, -5.608599621944e-01, 1.797693134862e+308, 0.0000e+00, 0.0000e+00, 
 2DIAGNOSTIC,    10, -5.615727397528e-01, 5.089204179978e-03, 0.0000e+00, 0.0000e+00, 
 2DIAGNOSTIC,    11, -5.640199145439e-01, 4.760512945026e-03, 0.0000e+00, 0.0000e+00, 
 2DIAGNOSTIC,    12, -5.659612284484e-01, 4.226917291881e-03, 0.0000e+00, 0.0000e+00, 
 2DIAGNOSTIC,    13, -5.723127408527e-01, 3.729324510178e-03, 0.0000e+00, 0.0000e+00, 
 2DIAGNOSTIC,    14, -5.821099383361e-01, 3.406807861924e-03, 0.0000e+00, 0.0000e+00, 
 2DIAGNOSTIC,    15, -5.992656706129e-01, 3.541176996851e-03, 0.0000e+00, 0.0000e+00, 
 2DIAGNOSTIC,    16, -6.109356125786e-01, 3.872157905618e-03, 0.0000e+00, 0.0000e+00, 
 2DIAGNOSTIC,    17, -6.288193741992e-01, 4.605982631828e-03, 0.0000e+00, 0.0000e+00, 
 2DIAGNOSTIC,    18, -6.445386129740e-01, 5.379033260005e-03, 0.0000e+00, 0.0000e+00, 
 2DIAGNOSTIC,    19, -6.479631095969e-01, 5.823790598987e-03, 0.0000e+00, 0.0000e+00, 
 2DIAGNOSTIC,    20, -6.485075803926e-01, 5.713596041968e-03, 0.0000e+00, 0.0000e+00, 
 2DIAGNOSTIC,    21, -6.493834278391e-01, 5.167063437358e-03, 0.0000e+00, 0.0000e+00, 
 2DIAGNOSTIC,    22, -6.505807281587e-01, 4.262619096324e-03, 0.0000e+00, 0.0000e+00, 
 2DIAGNOSTIC,    23, -6.511933921784e-01, 3.191399386923e-03, 0.0000e+00, 0.0000e+00, 
 2DIAGNOSTIC,    24, -6.515567491507e-01, 2.123454572640e-03, 0.0000e+00, 0.0000e+00, 
 2DIAGNOSTIC,    25, -6.523807438468e-01, 1.301020317918e-03, 0.0000e+00, 0.0000e+00, 
 2DIAGNOSTIC,    26, -6.528821196896e-01, 6.460127065878e-04, 0.0000e+00, 0.0000e+00, 
 2DIAGNOSTIC,    27, -6.530268033029e-01, 2.958960939652e-04, 0.0000e+00, 0.0000e+00, 
 2DIAGNOSTIC,    28, -6.528021257909e-01, 2.080704022052e-04, 0.0000e+00, 0.0000e+00, 
 2DIAGNOSTIC,    29, -6.528627907285e-01, 1.648289826837e-04, 0.0000e+00, 0.0000e+00, 
 2DIAGNOSTIC,    30, -6.528859224775e-01, 1.179509000223e-04, 0.0000e+00, 0.0000e+00, 
 2DIAGNOSTIC,    31, -6.529022595456e-01, 7.637034760821e-05, 0.0000e+00, 0.0000e+00, 
 2DIAGNOSTIC,    32, -6.528277183960e-01, 4.699004758844e-05, 0.0000e+00, 0.0000e+00, 
 2DIAGNOSTIC,    33, -6.529329603642e-01, 2.560534022793e-05, 0.0000e+00, 0.0000e+00, 
 2DIAGNOSTIC,    34, -6.529480280651e-01, 8.204499645045e-06, 0.0000e+00, 0.0000e+00, 
 2DIAGNOSTIC,    35, -6.529718160242e-01, 2.292519314884e-06, 0.0000e+00, 0.0000e+00, 
 2DIAGNOSTIC,    36, -6.530178148639e-01, 3.646222944964e-06, 0.0000e+00, 0.0000e+00, 
 2DIAGNOSTIC,    37, -6.529873541751e-01, 6.198565773826e-06, 0.0000e+00, 0.0000e+00, 
 2DIAGNOSTIC,    38, -6.530454562250e-01, 6.054014973837e-06, 0.0000e+00, 0.0000e+00, 
 2DIAGNOSTIC,    39, -6.530446526499e-01, 6.094412103825e-06, 0.0000e+00, 0.0000e+00, 
 2DIAGNOSTIC,    40, -6.531927737858e-01, 7.618524544426e-06, 0.0000e+00, 0.0000e+00, 
 2DIAGNOSTIC,    41, -6.538156016981e-01, 1.562816141811e-05, 0.0000e+00, 0.0000e+00, 
 2DIAGNOSTIC,    42, -6.558194683714e-01, 4.284277576519e-05, 0.0000e+00, 0.0000e+00, 
 2DIAGNOSTIC,    43, -6.567451750781e-01, 7.524672320583e-05, 0.0000e+00, 0.0000e+00, 
 2DIAGNOSTIC,    44, -6.569836503593e-01, 1.016958011059e-04, 0.0000e+00, 0.0000e+00, 
 2DIAGNOSTIC,    45, -6.575249351342e-01, 1.233501793233e-04, 0.0000e+00, 0.0000e+00, 
 2DIAGNOSTIC,    46, -6.582627405606e-01, 1.399660992569e-04, 0.0000e+00, 0.0000e+00, 
 2DIAGNOSTIC,    47, -6.588077477346e-01, 1.470541988171e-04, 0.0000e+00, 0.0000e+00, 
 2DIAGNOSTIC,    48, -6.643007649655e-01, 1.926782287081e-04, 0.0000e+00, 0.0000e+00, 
 2DIAGNOSTIC,    49, -6.646600509544e-01, 2.202398213077e-04, 0.0000e+00, 0.0000e+00, 
 2DIAGNOSTIC,    50, -6.652835114079e-01, 2.333201583547e-04, 0.0000e+00, 0.0000e+00, 
 2DIAGNOSTIC,    51, -6.676825071168e-01, 2.507303553934e-04, 0.0000e+00, 0.0000e+00, 
 2DIAGNOSTIC,    52, -6.692749666477e-01, 2.740512701705e-04, 0.0000e+00, 0.0000e+00, 
 2DIAGNOSTIC,    53, -6.696955208534e-01, 2.809964501726e-04, 0.0000e+00, 0.0000e+00, 
 2DIAGNOSTIC,    54, -6.708841548323e-01, 2.729432547917e-04, 0.0000e+00, 0.0000e+00, 
 2DIAGNOSTIC,    55, -6.727792717652e-01, 2.595847541890e-04, 0.0000e+00, 0.0000e+00, 
 2DIAGNOSTIC,    56, -6.728306490799e-01, 2.280693424972e-04, 0.0000e+00, 0.0000e+00, 
 2DIAGNOSTIC,    57, -6.729883589160e-01, 1.803735172499e-04, 0.0000e+00, 0.0000e+00, 
 2DIAGNOSTIC,    58, -6.730997198031e-01, 1.611913084496e-04, 0.0000e+00, 0.0000e+00, 
 2DIAGNOSTIC,    59, -6.729508324669e-01, 1.289481498743e-04, 0.0000e+00, 0.0000e+00, 
 2DIAGNOSTIC,    60, -6.729810383361e-01, 8.989420675286e-05, 0.0000e+00, 0.0000e+00, 
 2DIAGNOSTIC,    61, -6.729387037865e-01, 6.078993931127e-05, 0.0000e+00, 0.0000e+00, 
 2DIAGNOSTIC,    62, -6.730211578881e-01, 3.925637756344e-05, 0.0000e+00, 0.0000e+00, 
 2DIAGNOSTIC,    63, -6.731556536767e-01, 1.858115052221e-05, 0.0000e+00, 0.0000e+00, 
 2DIAGNOSTIC,    64, -6.734609022539e-01, 6.964524170459e-06, 0.0000e+00, 0.0000e+00, 
 2DIAGNOSTIC,    65, -6.739456296719e-01, 1.150356053488e-05, 0.0000e+00, 0.0000e+00, 
 2DIAGNOSTIC,    66, -6.747248837805e-01, 2.038623766129e-05, 0.0000e+00, 0.0000e+00, 
 2DIAGNOSTIC,    67, -6.769578260636e-01, 4.292231996673e-05, 0.0000e+00, 0.0000e+00, 
 2DIAGNOSTIC,    68, -6.772136770346e-01, 6.277720844195e-05, 0.0000e+00, 0.0000e+00, 
 2DIAGNOSTIC,    69, -6.773762384126e-01, 7.626968584894e-05, 0.0000e+00, 0.0000e+00, 
 2DIAGNOSTIC,    70, -6.781483347905e-01, 8.733711435777e-05, 0.0000e+00, 0.0000e+00, 
 2DIAGNOSTIC,    71, -6.788394041638e-01, 9.355598672208e-05, 0.0000e+00, 0.0000e+00, 
 2DIAGNOSTIC,    72, -6.790906189183e-01, 9.242672943879e-05, 0.0000e+00, 0.0000e+00, 
 2DIAGNOSTIC,    73, -6.790555802269e-01, 8.313481004562e-05, 0.0000e+00, 0.0000e+00, 
 2DIAGNOSTIC,    74, -6.790231472896e-01, 6.802222097440e-05, 0.0000e+00, 0.0000e+00, 
 2DIAGNOSTIC,    75, -6.792065389380e-01, 5.076224610305e-05, 0.0000e+00, 0.0000e+00, 
 2DIAGNOSTIC,    76, -6.793536958654e-01, 3.407512011473e-05, 0.0000e+00, 0.0000e+00, 
 2DIAGNOSTIC,    77, -6.797005120894e-01, 2.945267489044e-05, 0.0000e+00, 0.0000e+00, 
 2DIAGNOSTIC,    78, -6.803309796159e-01, 2.725188584930e-05, 0.0000e+00, 0.0000e+00, 
 2DIAGNOSTIC,    79, -6.812247426618e-01, 2.832417542408e-05, 0.0000e+00, 0.0000e+00, 
 2DIAGNOSTIC,    80, -6.817110097502e-01, 3.345197725298e-05, 0.0000e+00, 0.0000e+00, 
 2DIAGNOSTIC,    81, -6.819288010728e-01, 4.018804712951e-05, 0.0000e+00, 0.0000e+00, 
 2DIAGNOSTIC,    82, -6.823577429922e-01, 4.662287791415e-05, 0.0000e+00, 0.0000e+00, 
 2DIAGNOSTIC,    83, -6.825963946871e-01, 4.945232065281e-05, 0.0000e+00, 0.0000e+00, 
 2DIAGNOSTIC,    84, -6.828044993589e-01, 4.831566171049e-05, 0.0000e+00, 0.0000e+00, 
 2DIAGNOSTIC,    85, -6.828036411490e-01, 4.353466667829e-05, 0.0000e+00, 0.0000e+00, 
 2DIAGNOSTIC,    86, -6.829607095515e-01, 3.632098263910e-05, 0.0000e+00, 0.0000e+00, 
 2DIAGNOSTIC,    87, -6.839855738700e-01, 3.270426771586e-05, 0.0000e+00, 0.0000e+00, 
 2DIAGNOSTIC,    88, -6.842571360457e-01, 3.031080838127e-05, 0.0000e+00, 0.0000e+00, 
 2DIAGNOSTIC,    89, -6.843400445435e-01, 2.989871270687e-05, 0.0000e+00, 0.0000e+00, 
 2DIAGNOSTIC,    90, -6.844753121858e-01, 2.976995360045e-05, 0.0000e+00, 0.0000e+00, 
 2DIAGNOSTIC,    91, -6.851842500726e-01, 3.122050174898e-05, 0.0000e+00, 0.0000e+00, 
 2DIAGNOSTIC,    92, -6.857265512229e-01, 3.409355162715e-05, 0.0000e+00, 0.0000e+00, 
 2DIAGNOSTIC,    93, -6.858660108910e-01, 3.534250384036e-05, 0.0000e+00, 0.0000e+00, 
 2DIAGNOSTIC,    94, -6.859328560206e-01, 3.460081548607e-05, 0.0000e+00, 0.0000e+00, 
 2DIAGNOSTIC,    95, -6.859532331450e-01, 3.072512582149e-05, 0.0000e+00, 0.0000e+00, 
 2DIAGNOSTIC,    96, -6.859737388774e-01, 2.463837423282e-05, 0.0000e+00, 0.0000e+00, 
 2DIAGNOSTIC,    97, -6.860203599586e-01, 2.109387198808e-05, 0.0000e+00, 0.0000e+00, 
 2DIAGNOSTIC,    98, -6.860481876113e-01, 1.697783896086e-05, 0.0000e+00, 0.0000e+00, 
 2DIAGNOSTIC,    99, -6.862574865344e-01, 1.268165570005e-05, 0.0000e+00, 0.0000e+00, 
 2DIAGNOSTIC,   100, -6.862143076963e-01, 7.608835251549e-06, 0.0000e+00, 0.0000e+00, 
 2DIAGNOSTIC,   101, -6.862205728209e-01, 4.989169272107e-06, 0.0000e+00, 0.0000e+00, 
 2DIAGNOSTIC,   102, -6.862109238493e-01, 4.246137526479e-06, 0.0000e+00, 0.0000e+00, 
 2DIAGNOSTIC,   103, -6.862187125534e-01, 3.748905846552e-06, 0.0000e+00, 0.0000e+00, 
 2DIAGNOSTIC,   104, -6.862290050965e-01, 3.239435289321e-06, 0.0000e+00, 0.0000e+00, 
 2DIAGNOSTIC,   105, -6.862313241941e-01, 2.551462113306e-06, 0.0000e+00, 0.0000e+00, 
 2DIAGNOSTIC,   106, -6.862266115575e-01, 1.736525493297e-06, 0.0000e+00, 0.0000e+00, 
 2DIAGNOSTIC,   107, -6.862311158026e-01, 1.013562262443e-06, 0.0000e+00, 0.0000e+00, 
DIAGNOSTIC,Iteration,metricValue,convergenceValue,ITERATION_TIME_INDEX,SINCE_LAST
 2DIAGNOSTIC,     1, -5.580465141135e-01, 1.797693134862e+308, 0.0000e+00, 0.0000e+00, 
 2DIAGNOSTIC,     2, -5.584601988330e-01, 1.797693134862e+308, 0.0000e+00, 0.0000e+00, 
 2DIAGNOSTIC,     3, -5.589487567910e-01, 1.797693134862e+308, 0.0000e+00, 0.0000e+00, 
 2DIAGNOSTIC,     4, -5.597649449029e-01, 1.797693134862e+308, 0.0000e+00, 0.0000e+00, 
 2DIAGNOSTIC,     5, -5.606757041168e-01, 1.797693134862e+308, 0.0000e+00, 0.0000e+00, 
 2DIAGNOSTIC,     6, -5.609652236176e-01, 1.797693134862e+308, 0.0000e+00, 0.0000e+00, 
 2DIAGNOSTIC,     7, -5.627356115516e-01, 1.797693134862e+308, 0.0000e+00, 0.0000e+00, 
 2DIAGNOSTIC,     8, -5.634563623643e-01, 1.797693134862e+308, 0.0000e+00, 0.0000e+00, 
 2DIAGNOSTIC,     9, -5.639231411975e-01, 1.797693134862e+308, 0.0000e+00, 0.0000e+00, 
 2DIAGNOSTIC,    10, -5.639892257908e-01, 7.788773136947e-04, 0.0000e+00, 0.0000e+00, 
 2DIAGNOSTIC,    11, -5.643033349427e-01, 6.820308208185e-04, 0.0000e+00, 0.0000e+00, 
 2DIAGNOSTIC,    12, -5.645501438727e-01, 5.673714916096e-04, 0.0000e+00, 0.0000e+00, 
 2DIAGNOSTIC,    13, -5.646872130379e-01, 4.426145733244e-04, 0.0000e+00, 0.0000e+00, 
 2DIAGNOSTIC,    14, -5.650263540351e-01, 3.374927616837e-04, 0.0000e+00, 0.0000e+00, 
 2DIAGNOSTIC,    15, -5.656927596491e-01, 2.695461154459e-04, 0.0000e+00, 0.0000e+00, 
 2DIAGNOSTIC,    16, -5.657739208085e-01, 1.956324110786e-04, 0.0000e+00, 0.0000e+00, 
 2DIAGNOSTIC,    17, -5.658553025779e-01, 1.673947626445e-04, 0.0000e+00, 0.0000e+00, 
 2DIAGNOSTIC,    18, -5.659135655039e-01, 1.488036797509e-04, 0.0000e+00, 0.0000e+00, 
 2DIAGNOSTIC,    19, -5.659891951334e-01, 1.329067904629e-04, 0.0000e+00, 0.0000e+00, 
 2DIAGNOSTIC,    20, -5.661193671160e-01, 1.109424932308e-04, 0.0000e+00, 0.0000e+00, 
 2DIAGNOSTIC,    21, -5.661868497237e-01, 8.991859342636e-05, 0.0000e+00, 0.0000e+00, 
 2DIAGNOSTIC,    22, -5.661581665094e-01, 6.779206493003e-05, 0.0000e+00, 0.0000e+00, 
 2DIAGNOSTIC,    23, -5.661628705814e-01, 4.453929176467e-05, 0.0000e+00, 0.0000e+00, 
 2DIAGNOSTIC,    24, -5.661658524654e-01, 2.599233496195e-05, 0.0000e+00, 0.0000e+00, 
 2DIAGNOSTIC,    25, -5.661680208055e-01, 2.002595275844e-05, 0.0000e+00, 0.0000e+00, 
 2DIAGNOSTIC,    26, -5.661675610622e-01, 1.428427502631e-05, 0.0000e+00, 0.0000e+00, 
 2DIAGNOSTIC,    27, -5.661682266267e-01, 9.301179309154e-06, 0.0000e+00, 0.0000e+00, 
 2DIAGNOSTIC,    28, -5.661638613054e-01, 4.887990620858e-06, 0.0000e+00, 0.0000e+00, 
 2DIAGNOSTIC,    29, -5.661641364115e-01, 1.685905763139e-06, 0.0000e+00, 0.0000e+00, 
DIAGNOSTIC,Iteration,metricValue,convergenceValue,ITERATION_TIME_INDEX,SINCE_LAST
 2DIAGNOSTIC,     1, -5.037853402754e-01, 1.797693134862e+308, 0.0000e+00, 0.0000e+00, 
 2DIAGNOSTIC,     2, -5.039787303361e-01, 1.797693134862e+308, 0.0000e+00, 0.0000e+00, 
 2DIAGNOSTIC,     3, -5.041481717898e-01, 1.797693134862e+308, 0.0000e+00, 0.0000e+00, 
 2DIAGNOSTIC,     4, -5.042491900524e-01, 1.797693134862e+308, 0.0000e+00, 0.0000e+00, 
 2DIAGNOSTIC,     5, -5.043002587531e-01, 1.797693134862e+308, 0.0000e+00, 0.0000e+00, 
 2DIAGNOSTIC,     6, -5.044726085313e-01, 1.797693134862e+308, 0.0000e+00, 0.0000e+00, 
 2DIAGNOSTIC,     7, -5.044737780032e-01, 1.797693134862e+308, 0.0000e+00, 0.0000e+00, 
 2DIAGNOSTIC,     8, -5.044731712104e-01, 1.797693134862e+308, 0.0000e+00, 0.0000e+00, 
 2DIAGNOSTIC,     9, -5.044896579071e-01, 1.797693134862e+308, 0.0000e+00, 0.0000e+00, 
 2DIAGNOSTIC,    10, -5.045051648004e-01, 8.924837173600e-05, 0.0000e+00, 0.0000e+00, 
 2DIAGNOSTIC,    11, -5.045254666506e-01, 5.964791918406e-05, 0.0000e+00, 0.0000e+00, 
 2DIAGNOSTIC,    12, -5.045344116619e-01, 3.922453011511e-05, 0.0000e+00, 0.0000e+00, 
 2DIAGNOSTIC,    13, -5.045855404012e-01, 2.823192364841e-05, 0.0000e+00, 0.0000e+00, 
 2DIAGNOSTIC,    14, -5.045806690423e-01, 2.030711580314e-05, 0.0000e+00, 0.0000e+00, 
 2DIAGNOSTIC,    15, -5.045823205264e-01, 1.360472852607e-05, 0.0000e+00, 0.0000e+00, 
 2DIAGNOSTIC,    16, -5.045845800344e-01, 1.285308965310e-05, 0.0000e+00, 0.0000e+00, 
 2DIAGNOSTIC,    17, -5.045859272935e-01, 1.126889772858e-05, 0.0000e+00, 0.0000e+00, 
 2DIAGNOSTIC,    18, -5.045865907554e-01, 8.967205563135e-06, 0.0000e+00, 0.0000e+00, 
 2DIAGNOSTIC,    19, -5.045843215904e-01, 6.656716166641e-06, 0.0000e+00, 0.0000e+00, 
 2DIAGNOSTIC,    20, -5.045830273111e-01, 4.525565808086e-06, 0.0000e+00, 0.0000e+00, 
 2DIAGNOSTIC,    21, -5.045810489236e-01, 2.820977583702e-06, 0.0000e+00, 0.0000e+00, 
 2DIAGNOSTIC,    22, -5.045794924141e-01, 1.298179247260e-06, 0.0000e+00, 0.0000e+00, 
 2DIAGNOSTIC,    23, -5.045825169473e-01, 1.251508262898e-06, 0.0000e+00, 0.0000e+00, 
 2DIAGNOSTIC,    24, -5.045805261243e-01, 1.056503310094e-06, 0.0000e+00, 0.0000e+00, 
DIAGNOSTIC,Iteration,metricValue,convergenceValue,ITERATION_TIME_INDEX,SINCE_LAST
 2DIAGNOSTIC,     1, -4.672811987923e-01, 1.797693134862e+308, 0.0000e+00, 0.0000e+00, 
 2DIAGNOSTIC,     2, -4.673681994045e-01, 1.797693134862e+308, 0.0000e+00, 0.0000e+00, 
 2DIAGNOSTIC,     3, -4.673663367651e-01, 1.797693134862e+308, 0.0000e+00, 0.0000e+00, 
 2DIAGNOSTIC,     4, -4.673672905997e-01, 1.797693134862e+308, 0.0000e+00, 0.0000e+00, 
 2DIAGNOSTIC,     5, -4.673664310886e-01, 1.797693134862e+308, 0.0000e+00, 0.0000e+00, 
 2DIAGNOSTIC,     6, -4.673670226744e-01, 1.797693134862e+308, 0.0000e+00, 0.0000e+00, 
 2DIAGNOSTIC,     7, -4.673638538539e-01, 1.797693134862e+308, 0.0000e+00, 0.0000e+00, 
 2DIAGNOSTIC,     8, -4.673643358051e-01, 1.797693134862e+308, 0.0000e+00, 0.0000e+00, 
 2DIAGNOSTIC,     9, -4.673626499668e-01, 1.797693134862e+308, 0.0000e+00, 0.0000e+00, 
 2DIAGNOSTIC,    10, -4.673638740312e-01, 7.705702526076e-06, 0.0000e+00, 0.0000e+00, 
 2DIAGNOSTIC,    11, -4.673646732609e-01, 2.286448825800e-06, 0.0000e+00, 0.0000e+00, 
 2DIAGNOSTIC,    12, -4.673644740036e-01, 2.224242197285e-06, 0.0000e+00, 0.0000e+00, 
 2DIAGNOSTIC,    13, -4.673654089310e-01, 2.165192091313e-06, 0.0000e+00, 0.0000e+00, 
 2DIAGNOSTIC,    14, -4.673653941736e-01, 2.178173984416e-06, 0.0000e+00, 0.0000e+00, 
 2DIAGNOSTIC,    15, -4.673653137774e-01, 2.155589698793e-06, 0.0000e+00, 0.0000e+00, 
 2DIAGNOSTIC,    16, -4.673650397182e-01, 2.145421948291e-06, 0.0000e+00, 0.0000e+00, 
 2DIAGNOSTIC,    17, -4.673640103767e-01, 1.969620630496e-06, 8.1920e+03, 8.1920e+03, 
 2DIAGNOSTIC,    18, -4.673642748085e-01, 1.830687067106e-06, 8.1920e+03, 0.0000e+00, 
 2DIAGNOSTIC,    19, -4.673646508942e-01, 1.655176747037e-06, 8.1920e+03, 0.0000e+00, 
 2DIAGNOSTIC,    20, -4.673639594542e-01, 1.512686179664e-06, 8.1920e+03, 0.0000e+00, 
 2DIAGNOSTIC,    21, -4.673624495096e-01, 1.370553573896e-06, 8.1920e+03, 0.0000e+00, 
 2DIAGNOSTIC,    22, -4.673624813544e-01, 1.249624914122e-06, 8.1920e+03, 0.0000e+00, 
 2DIAGNOSTIC,    23, -4.673623822731e-01, 1.177362357919e-06, 8.1920e+03, 0.0000e+00, 
 2DIAGNOSTIC,    24, -4.673624314742e-01, 1.128891746034e-06, 8.1920e+03, 0.0000e+00, 
 2DIAGNOSTIC,    25, -4.673626018912e-01, 1.104054137085e-06, 8.1920e+03, 0.0000e+00, 
 2DIAGNOSTIC,    26, -4.673626439996e-01, 1.091787042093e-06, 8.1920e+03, 0.0000e+00, 
 2DIAGNOSTIC,    27, -4.673622963016e-01, 1.060526287719e-06, 8.1920e+03, 0.0000e+00, 
 2DIAGNOSTIC,    28, -4.673618432202e-01, 1.036773779502e-06, 8.1920e+03, 0.0000e+00, 
 2DIAGNOSTIC,    29, -4.673618432202e-01, 1.031092272757e-06, 8.1920e+03, 0.0000e+00, 
 2DIAGNOSTIC,    30, -4.673617941211e-01, 1.016546213858e-06, 8.1920e+03, 0.0000e+00, 
  Elapsed time (stage 0): 8.1920e+03


Total elapsed time: 8.1920e+03
Info [verificarlo]: loaded backend libinterflop_ieee.so
Info [interflop-ieee]: load backend with:
Info [interflop-ieee]: debug = false
Info [interflop-ieee]: debug-binary = false
Info [interflop-ieee]: no-backend-name = false
Info [interflop-ieee]: print-new-line = false
Info [interflop-ieee]: print-subnormal-normalized = false
Info [interflop-ieee]: count-op = false
All_Command_lines_OK
Using double precision for computations.
=============================================================================
The composite transform comprises the following transforms (in order): 
  1. /home/mdugre/scratch/mri-registration-rp/datasets/ds004513/derivatives/mri-registration-rp/0100/antsRegistration-r8-p17/sub-s035/rigid_Composite.h5[0] (type = Euler3DTransform)
  2. /home/mdugre/scratch/mri-registration-rp/datasets/ds004513/derivatives/mri-registration-rp/0100/antsRegistration-r8-p17/sub-s035/rigid_Composite.h5[1] (type = Euler3DTransform)
  3. /home/mdugre/scratch/mri-registration-rp/datasets/ds004513/derivatives/mri-registration-rp/0100/antsRegistration-r8-p17/sub-s035/rigid_Composite.h5[2] (type = Euler3DTransform)
=============================================================================
  number of levels = 4
  fixed image: /templateflow/tpl-MNI152NLin2009cAsym/tpl-MNI152NLin2009cAsym_res-01_desc-brain_T1w.nii.gz
  moving image: /home/mdugre/scratch/mri-registration-rp/datasets/ds004513/derivatives/mri-registration-rp/antsBrainExtraction/sub-s035/BrainExtractionBrain.nii.gz
Dimension = 3
Number of stages = 1
Use histogram matching = false
Winsorize image intensities = true
  Lower quantile = 0.005
  Upper quantile = 0.995


Stage 1 State
   Image metric = MattesMI
     Fixed image = Image (0x3c0b7e0)
  RTTI typeinfo:   itk::Image<double, 3u>
  Reference Count: 2
  Modified Time: 1592
  Debug: Off
  Object Name: 
  Observers: 
    none
  Source: (none)
  Source output name: (none)
  Release Data: Off
  Data Released: False
  Global Release Data: Off
  PipelineMTime: 0
  UpdateMTime: 1203
  RealTimeStamp: 0 seconds 
  LargestPossibleRegion: 
    Dimension: 3
    Index: [0, 0, 0]
    Size: [193, 229, 193]
  BufferedRegion: 
    Dimension: 3
    Index: [0, 0, 0]
    Size: [193, 229, 193]
  RequestedRegion: 
    Dimension: 3
    Index: [0, 0, 0]
    Size: [193, 229, 193]
  Spacing: [1, 1, 1]
  Origin: [96, 132, -78]
  Direction: 
-1 0 0
0 -1 0
0 0 1

  IndexToPointMatrix: 
-1 0 0
0 -1 0
0 0 1

  PointToIndexMatrix: 
-1 0 0
0 -1 0
0 0 1

  Inverse Direction: 
-1 0 0
0 -1 0
0 0 1

  PixelContainer: 
    ImportImageContainer (0x3ccba20)
      RTTI typeinfo:   itk::ImportImageContainer<unsigned long, double>
      Reference Count: 1
      Modified Time: 1200
      Debug: Off
      Object Name: 
      Observers: 
        none
      Pointer: 0x14fd918b1010
      Container manages memory: true
      Size: 8530021
      Capacity: 8530021

     Moving image = Image (0x3c7ecf0)
  RTTI typeinfo:   itk::Image<double, 3u>
  Reference Count: 2
  Modified Time: 1593
  Debug: Off
  Object Name: 
  Observers: 
    none
  Source: (none)
  Source output name: (none)
  Release Data: Off
  Data Released: False
  Global Release Data: Off
  PipelineMTime: 0
  UpdateMTime: 1590
  RealTimeStamp: 0 seconds 
  LargestPossibleRegion: 
    Dimension: 3
    Index: [0, 0, 0]
    Size: [160, 240, 256]
  BufferedRegion: 
    Dimension: 3
    Index: [0, 0, 0]
    Size: [160, 240, 256]
  RequestedRegion: 
    Dimension: 3
    Index: [0, 0, 0]
    Size: [160, 240, 256]
  Spacing: [1, 1, 1]
  Origin: [98.6438, 87.6358, -117.989]
  Direction: 
-0.993515 -0.100993 -0.0522355
0.100854 -0.994887 0.00530255
-0.0525039 1.93537e-08 0.998621

  IndexToPointMatrix: 
-0.993515 -0.100993 -0.0522355
0.100854 -0.994887 0.00530255
-0.0525039 1.93537e-08 0.998621

  PointToIndexMatrix: 
-0.993515 0.100854 -0.0525039
-0.100993 -0.994887 1.93006e-08
-0.0522355 0.00530255 0.998621

  Inverse Direction: 
-0.993515 0.100854 -0.0525039
-0.100993 -0.994887 1.93006e-08
-0.0522355 0.00530255 0.998621

  PixelContainer: 
    ImportImageContainer (0x3cfa550)
      RTTI typeinfo:   itk::ImportImageContainer<unsigned long, double>
      Reference Count: 1
      Modified Time: 1587
      Debug: Off
      Object Name: 
      Observers: 
        none
      Pointer: 0x14fd8cdb0010
      Container manages memory: true
      Size: 9830400
      Capacity: 9830400

     Weighting = 1
     Sampling strategy = regular
     Number of bins = 32
     Radius = 4
     Sampling percentage  = 0.25
   Transform = Affine
     Gradient step = 0.1
     Update field sigma (voxel space) = 0
     Total field sigma (voxel space) = 0
     Update field time sigma = 0
     Total field time sigma  = 0
     Number of time indices = 0
     Number of time point samples = 0
Registration using 1 total stages.

Stage 0
  iterations = 1000x500x250x100
  convergence threshold = 1e-06
  convergence window size = 10
  number of levels = 4
  using the Mattes MI metric (number of bins = 32, weight = 1, use gradient filter = 0)
  preprocessing:  winsorizing the image intensities
  Shrink factors (level 1 out of 4): [8, 8, 8]
  Shrink factors (level 2 out of 4): [4, 4, 4]
  Shrink factors (level 3 out of 4): [2, 2, 2]
  Shrink factors (level 4 out of 4): [1, 1, 1]
  smoothing sigmas per level: [3, 2, 1, 0]
  regular sampling (percentage = 0.25)

*** Running AffineTransform registration ***

DIAGNOSTIC,Iteration,metricValue,convergenceValue,ITERATION_TIME_INDEX,SINCE_LAST
 2DIAGNOSTIC,     1, -6.769352782330e-01, 1.797693134862e+308, 7.6451e-01, 7.6451e-01, 
 2DIAGNOSTIC,     2, -6.791751322513e-01, 1.797693134862e+308, 7.7083e-01, 6.3288e-03, 
 2DIAGNOSTIC,     3, -6.834404088271e-01, 1.797693134862e+308, 7.7567e-01, 4.8392e-03, 
 2DIAGNOSTIC,     4, -6.909999117738e-01, 1.797693134862e+308, 7.8043e-01, 4.7591e-03, 
 2DIAGNOSTIC,     5, -7.006632878568e-01, 1.797693134862e+308, 7.8512e-01, 4.6849e-03, 
 2DIAGNOSTIC,     6, -7.127441953088e-01, 1.797693134862e+308, 7.9065e-01, 5.5351e-03, 
 2DIAGNOSTIC,     7, -7.365840703568e-01, 1.797693134862e+308, 7.9850e-01, 7.8521e-03, 
 2DIAGNOSTIC,     8, -7.364831312218e-01, 1.797693134862e+308, 8.0382e-01, 5.3110e-03, 
 2DIAGNOSTIC,     9, -7.368746562138e-01, 1.797693134862e+308, 8.0913e-01, 5.3170e-03, 
 2DIAGNOSTIC,    10, -7.370709843947e-01, 6.859390628089e-03, 8.1463e-01, 5.5020e-03, 
 2DIAGNOSTIC,    11, -7.372370327015e-01, 5.731457442583e-03, 8.2055e-01, 5.9199e-03, 
 2DIAGNOSTIC,    12, -7.370299663656e-01, 4.342635310688e-03, 8.2593e-01, 5.3799e-03, 
 2DIAGNOSTIC,    13, -7.370195510033e-01, 2.913580605864e-03, 8.3136e-01, 5.4281e-03, 
 2DIAGNOSTIC,    14, -7.369869537716e-01, 1.650702848234e-03, 8.3619e-01, 4.8289e-03, 
 2DIAGNOSTIC,    15, -7.368835310713e-01, 6.606817548448e-04, 8.4175e-01, 5.5549e-03, 
 2DIAGNOSTIC,    16, -7.369519164512e-01, 2.026016740413e-05, 8.4710e-01, 5.3520e-03, 
 2DIAGNOSTIC,    17, -7.369503294374e-01, 8.516887993040e-06, 8.5263e-01, 5.5342e-03, 
DIAGNOSTIC,Iteration,metricValue,convergenceValue,ITERATION_TIME_INDEX,SINCE_LAST
 2DIAGNOSTIC,     1, -6.024764256733e-01, 1.797693134862e+308, 1.6393e+00, 7.8668e-01, 
 2DIAGNOSTIC,     2, -6.038409117510e-01, 1.797693134862e+308, 1.6794e+00, 4.0111e-02, 
 2DIAGNOSTIC,     3, -6.057582518250e-01, 1.797693134862e+308, 1.7231e+00, 4.3711e-02, 
 2DIAGNOSTIC,     4, -6.078141101490e-01, 1.797693134862e+308, 1.7682e+00, 4.5118e-02, 
 2DIAGNOSTIC,     5, -6.088549830570e-01, 1.797693134862e+308, 1.8104e+00, 4.2130e-02, 
 2DIAGNOSTIC,     6, -6.093726075811e-01, 1.797693134862e+308, 1.8569e+00, 4.6474e-02, 
 2DIAGNOSTIC,     7, -6.097392673856e-01, 1.797693134862e+308, 1.9005e+00, 4.3609e-02, 
 2DIAGNOSTIC,     8, -6.099924462798e-01, 1.797693134862e+308, 1.9657e+00, 6.5197e-02, 
 2DIAGNOSTIC,     9, -6.100202854682e-01, 1.797693134862e+308, 2.0097e+00, 4.4045e-02, 
 2DIAGNOSTIC,    10, -6.100132855184e-01, 7.930962255964e-04, 2.0502e+00, 4.0531e-02, 
 2DIAGNOSTIC,    11, -6.100049420136e-01, 5.137768293615e-04, 2.0958e+00, 4.5564e-02, 
 2DIAGNOSTIC,    12, -6.099834939275e-01, 2.868169710598e-04, 2.1453e+00, 4.9552e-02, 
 2DIAGNOSTIC,    13, -6.099853739388e-01, 1.366400741200e-04, 2.1864e+00, 4.1016e-02, 
 2DIAGNOSTIC,    14, -6.099774886247e-01, 6.347077261586e-05, 2.2269e+00, 4.0582e-02, 
 2DIAGNOSTIC,    15, -6.099704148774e-01, 2.648656721077e-05, 2.2631e+00, 3.6107e-02, 
 2DIAGNOSTIC,    16, -6.099651809998e-01, 6.663653316225e-06, 2.3001e+00, 3.7051e-02, 
DIAGNOSTIC,Iteration,metricValue,convergenceValue,ITERATION_TIME_INDEX,SINCE_LAST
 2DIAGNOSTIC,     1, -5.338634505336e-01, 1.797693134862e+308, 3.4956e+00, 1.1955e+00, 
 2DIAGNOSTIC,     2, -5.342993094162e-01, 1.797693134862e+308, 3.7851e+00, 2.8949e-01, 
 2DIAGNOSTIC,     3, -5.346382955022e-01, 1.797693134862e+308, 4.0504e+00, 2.6534e-01, 
 2DIAGNOSTIC,     4, -5.348276155345e-01, 1.797693134862e+308, 4.3340e+00, 2.8354e-01, 
 2DIAGNOSTIC,     5, -5.350590083278e-01, 1.797693134862e+308, 4.6072e+00, 2.7320e-01, 
 2DIAGNOSTIC,     6, -5.356815167554e-01, 1.797693134862e+308, 4.9577e+00, 3.5055e-01, 
 2DIAGNOSTIC,     7, -5.357148532318e-01, 1.797693134862e+308, 5.2606e+00, 3.0294e-01, 
 2DIAGNOSTIC,     8, -5.357152531597e-01, 1.797693134862e+308, 5.5267e+00, 2.6601e-01, 
 2DIAGNOSTIC,     9, -5.358162468684e-01, 1.797693134862e+308, 5.9065e+00, 3.7988e-01, 
 2DIAGNOSTIC,    10, -5.358898055953e-01, 2.487952359248e-04, 6.2496e+00, 3.4302e-01, 
 2DIAGNOSTIC,    11, -5.359367677442e-01, 1.832818392398e-04, 6.5939e+00, 3.4432e-01, 
 2DIAGNOSTIC,    12, -5.359908170064e-01, 1.339656238057e-04, 6.9002e+00, 3.0635e-01, 
 2DIAGNOSTIC,    13, -5.361112411200e-01, 9.944511321132e-05, 7.2033e+00, 3.0310e-01, 
 2DIAGNOSTIC,    14, -5.362796334660e-01, 7.451650694303e-05, 7.4942e+00, 2.9090e-01, 
 2DIAGNOSTIC,    15, -5.364469319570e-01, 5.965934646901e-05, 7.7627e+00, 2.6850e-01, 
 2DIAGNOSTIC,    16, -5.368680126524e-01, 7.595134336714e-05, 8.5129e+00, 7.5021e-01, 
 2DIAGNOSTIC,    17, -5.368689428959e-01, 8.438360658861e-05, 8.8941e+00, 3.8114e-01, 
 2DIAGNOSTIC,    18, -5.368683958122e-01, 8.435917377018e-05, 9.2580e+00, 3.6394e-01, 
 2DIAGNOSTIC,    19, -5.368669735808e-01, 7.952928955438e-05, 9.5427e+00, 2.8471e-01, 
 2DIAGNOSTIC,    20, -5.368667920679e-01, 6.979700418753e-05, 9.9090e+00, 3.6626e-01, 
 2DIAGNOSTIC,    21, -5.368661176187e-01, 5.568030789216e-05, 1.0237e+01, 3.2767e-01, 
 2DIAGNOSTIC,    22, -5.368644049647e-01, 3.904691956682e-05, 1.0528e+01, 2.9131e-01, 
 2DIAGNOSTIC,    23, -5.368638891985e-01, 2.320400029080e-05, 1.0829e+01, 3.0077e-01, 
 2DIAGNOSTIC,    24, -5.368634693018e-01, 1.035611798841e-05, 1.1152e+01, 3.2279e-01, 
DIAGNOSTIC,Iteration,metricValue,convergenceValue,ITERATION_TIME_INDEX,SINCE_LAST
 2DIAGNOSTIC,     1, -4.915690064829e-01, 1.797693134862e+308, 1.4202e+01, 3.0507e+00, 
 2DIAGNOSTIC,     2, -4.918623521080e-01, 1.797693134862e+308, 1.5969e+01, 1.7669e+00, 
 2DIAGNOSTIC,     3, -4.921114156517e-01, 1.797693134862e+308, 1.7843e+01, 1.8743e+00, 
 2DIAGNOSTIC,     4, -4.923958238999e-01, 1.797693134862e+308, 1.9703e+01, 1.8591e+00, 
 2DIAGNOSTIC,     5, -4.924480446535e-01, 1.797693134862e+308, 2.1414e+01, 1.7110e+00, 
 2DIAGNOSTIC,     6, -4.925770144794e-01, 1.797693134862e+308, 2.4100e+01, 2.6865e+00, 
 2DIAGNOSTIC,     7, -4.925826094733e-01, 1.797693134862e+308, 2.7519e+01, 3.4186e+00, 
 2DIAGNOSTIC,     8, -4.925823885241e-01, 1.797693134862e+308, 2.9557e+01, 2.0386e+00, 
 2DIAGNOSTIC,     9, -4.925823523528e-01, 1.797693134862e+308, 3.1446e+01, 1.8892e+00, 
