
##########################
# Experiment information #
##########################

EXPERIMENT_NAME: antsRegistration-r8-p23
VFC_BACKENDS: libinterflop_vprec.so --range-binary32=8 --precision-binary32=23 --range-binary64=8 --precision-binary64=23

SIF_IMG: /home/mdugre/projects/rrg-glatard/mdugre/containers/ants-vprec-no_metrics.simg

SUBJECT_ID: s017
INPUT_IMG: /home/mdugre/scratch/mri-registration-rp/datasets/ds004513/derivatives/mri-registration-rp/antsBrainExtraction/sub-s017/BrainExtractionBrain.nii.gz
OUTPUT_DIR: /home/mdugre/scratch/mri-registration-rp/datasets/ds004513/derivatives/mri-registration-rp/0100/antsRegistration-r8-p23/sub-s017

FIXED_IMG: /templateflow/tpl-MNI152NLin2009cAsym/tpl-MNI152NLin2009cAsym_res-01_desc-brain_T1w.nii.gz
DATA_DIR: /home/mdugre/scratch/mri-registration-rp/datasets/ds004513
TEMPLATEFLOW_DIR: /home/mdugre/projects/rrg-glatard/mdugre/templateflow
ITK_GLOBAL_DEFAULT_NUMBER_OF_THREADS: 16
##########################

Info [verificarlo]: loaded backend libinterflop_ieee.so
Info [interflop-ieee]: load backend with:
Info [interflop-ieee]: debug = false
Info [interflop-ieee]: debug-binary = false
Info [interflop-ieee]: no-backend-name = false
Info [interflop-ieee]: print-new-line = false
Info [interflop-ieee]: print-subnormal-normalized = false
Info [interflop-ieee]: count-op = false
All_Command_lines_OK
Using double precision for computations.
=============================================================================
The composite transform comprises the following transforms (in order): 
  1. Center of mass alignment using fixed image: /templateflow/tpl-MNI152NLin2009cAsym/tpl-MNI152NLin2009cAsym_res-01_desc-brain_T1w.nii.gz and moving image: /home/mdugre/scratch/mri-registration-rp/datasets/ds004513/derivatives/mri-registration-rp/antsBrainExtraction/sub-s017/BrainExtractionBrain.nii.gz (type = Euler3DTransform)
=============================================================================
  number of levels = 1
  fixed image: /templateflow/tpl-MNI152NLin2009cAsym/tpl-MNI152NLin2009cAsym_res-01_desc-brain_T1w.nii.gz
  moving image: /home/mdugre/scratch/mri-registration-rp/datasets/ds004513/derivatives/mri-registration-rp/antsBrainExtraction/sub-s017/BrainExtractionBrain.nii.gz
Dimension = 3
Number of stages = 1
Use histogram matching = false
Winsorize image intensities = true
  Lower quantile = 0.005
  Upper quantile = 0.995


Stage 1 State
   Image metric = MattesMI
     Fixed image = Image (0x4a24e70)
  RTTI typeinfo:   itk::Image<double, 3u>
  Reference Count: 2
  Modified Time: 2334
  Debug: Off
  Object Name: 
  Observers: 
    none
  Source: (none)
  Source output name: (none)
  Release Data: Off
  Data Released: False
  Global Release Data: Off
  PipelineMTime: 0
  UpdateMTime: 1943
  RealTimeStamp: 0 seconds 
  LargestPossibleRegion: 
    Dimension: 3
    Index: [0, 0, 0]
    Size: [193, 229, 193]
  BufferedRegion: 
    Dimension: 3
    Index: [0, 0, 0]
    Size: [193, 229, 193]
  RequestedRegion: 
    Dimension: 3
    Index: [0, 0, 0]
    Size: [193, 229, 193]
  Spacing: [1, 1, 1]
  Origin: [96, 132, -78]
  Direction: 
-1 0 0
0 -1 0
0 0 1

  IndexToPointMatrix: 
-1 0 0
0 -1 0
0 0 1

  PointToIndexMatrix: 
-1 0 0
0 -1 0
0 0 1

  Inverse Direction: 
-1 0 0
0 -1 0
0 0 1

  PixelContainer: 
    ImportImageContainer (0x4a2dc60)
      RTTI typeinfo:   itk::ImportImageContainer<unsigned long, double>
      Reference Count: 1
      Modified Time: 1940
      Debug: Off
      Object Name: 
      Observers: 
        none
      Pointer: 0x150ce057f010
      Container manages memory: true
      Size: 8530021
      Capacity: 8530021

     Moving image = Image (0x4a30610)
  RTTI typeinfo:   itk::Image<double, 3u>
  Reference Count: 2
  Modified Time: 2335
  Debug: Off
  Object Name: 
  Observers: 
    none
  Source: (none)
  Source output name: (none)
  Release Data: Off
  Data Released: False
  Global Release Data: Off
  PipelineMTime: 0
  UpdateMTime: 2332
  RealTimeStamp: 0 seconds 
  LargestPossibleRegion: 
    Dimension: 3
    Index: [0, 0, 0]
    Size: [160, 240, 256]
  BufferedRegion: 
    Dimension: 3
    Index: [0, 0, 0]
    Size: [160, 240, 256]
  RequestedRegion: 
    Dimension: 3
    Index: [0, 0, 0]
    Size: [160, 240, 256]
  Spacing: [1, 1, 1]
  Origin: [91.3357, 102.231, -120.042]
  Direction: 
-0.997442 -5.36781e-05 -0.0714818
5.35416e-05 -1 3.82465e-06
-0.0714818 -1.23894e-08 0.997442

  IndexToPointMatrix: 
-0.997444 -5.36781e-05 -0.0714818
5.35418e-05 -1 3.82465e-06
-0.0714819 -1.23894e-08 0.997442

  PointToIndexMatrix: 
-0.99744 5.35415e-05 -0.0714816
-5.36781e-05 -1 -1.23894e-08
-0.0714818 3.82465e-06 0.997442

  Inverse Direction: 
-0.997442 5.35416e-05 -0.0714818
-5.36781e-05 -1 -1.23894e-08
-0.0714818 3.82465e-06 0.997442

  PixelContainer: 
    ImportImageContainer (0x4ac9ef0)
      RTTI typeinfo:   itk::ImportImageContainer<unsigned long, double>
      Reference Count: 1
      Modified Time: 2329
      Debug: Off
      Object Name: 
      Observers: 
        none
      Pointer: 0x150cdba7e010
      Container manages memory: true
      Size: 9830400
      Capacity: 9830400

     Weighting = 1
     Sampling strategy = regular
     Number of bins = 32
     Radius = 4
     Sampling percentage  = 0.25
   Transform = Rigid
     Gradient step = 0.1
     Update field sigma (voxel space) = 0
     Total field sigma (voxel space) = 0
     Update field time sigma = 0
     Total field time sigma  = 0
     Number of time indices = 0
     Number of time point samples = 0
Registration using 1 total stages.

Stage 0
  iterations = 0
  convergence threshold = 1e-06
  convergence window size = 10
  number of levels = 1
  using the Mattes MI metric (number of bins = 32, weight = 1, use gradient filter = 0)
  preprocessing:  winsorizing the image intensities
  Shrink factors (level 1 out of 1): [1, 1, 1]
  smoothing sigmas per level: [0]
  regular sampling (percentage = 0.25)

*** Running Euler3DTransform registration ***

  Elapsed time (stage 0): 1.13395


Total elapsed time: 1.13614
Info [verificarlo]: loaded backend libinterflop_vprec.so
Info [interflop-vprec]: load backend with: 
Info [interflop-vprec]: precision-binary32 = 23
Info [interflop-vprec]: range-binary32 = 8
Info [interflop-vprec]: precision-binary64 = 23
Info [interflop-vprec]: range-binary64 = 8
Info [interflop-vprec]: mode = ob
Info [interflop-vprec]: error-mode = rel
Info [interflop-vprec]: max-abs-error-exponent = -1022
Info [interflop-vprec]: daz = false
Info [interflop-vprec]: ftz = false
Info [interflop-vprec]: 	instrument = none
Info [interflop-vprec]: 	prec-input-file = (null)
Info [interflop-vprec]: 	prec-output-file = (null)
Info [interflop-vprec]: 	prec-log-file = (null)
All_Command_lines_OK
Using double precision for computations.
=============================================================================
The composite transform comprises the following transforms (in order): 
  1. /home/mdugre/scratch/mri-registration-rp/datasets/ds004513/derivatives/mri-registration-rp/0100/antsRegistration-r8-p23/sub-s017/align_Composite.h5[0] (type = Euler3DTransform)
  2. /home/mdugre/scratch/mri-registration-rp/datasets/ds004513/derivatives/mri-registration-rp/0100/antsRegistration-r8-p23/sub-s017/align_Composite.h5[1] (type = Euler3DTransform)
=============================================================================
  number of levels = 4
  fixed image: /templateflow/tpl-MNI152NLin2009cAsym/tpl-MNI152NLin2009cAsym_res-01_desc-brain_T1w.nii.gz
  moving image: /home/mdugre/scratch/mri-registration-rp/datasets/ds004513/derivatives/mri-registration-rp/antsBrainExtraction/sub-s017/BrainExtractionBrain.nii.gz
Dimension = 3
Number of stages = 1
Use histogram matching = false
Winsorize image intensities = true
  Lower quantile = 0.005
  Upper quantile = 0.995


Stage 1 State
   Image metric = MattesMI
     Fixed image = Image (0x508d1e0)
  RTTI typeinfo:   itk::Image<double, 3u>
  Reference Count: 2
  Modified Time: 1580
  Debug: Off
  Object Name: 
  Observers: 
    none
  Source: (none)
  Source output name: (none)
  Release Data: Off
  Data Released: False
  Global Release Data: Off
  PipelineMTime: 0
  UpdateMTime: 1189
  RealTimeStamp: 0 seconds 
  LargestPossibleRegion: 
    Dimension: 3
    Index: [0, 0, 0]
    Size: [193, 229, 193]
  BufferedRegion: 
    Dimension: 3
    Index: [0, 0, 0]
    Size: [193, 229, 193]
  RequestedRegion: 
    Dimension: 3
    Index: [0, 0, 0]
    Size: [193, 229, 193]
  Spacing: [1, 1, 1]
  Origin: [96, 132, -78]
  Direction: 
-1 0 0
0 -1 0
0 0 1

  IndexToPointMatrix: 
-1 0 0
0 -1 0
0 0 1

  PointToIndexMatrix: 
-1 0 0
0 -1 0
0 0 1

  Inverse Direction: 
-1 0 0
0 -1 0
0 0 1

  PixelContainer: 
    ImportImageContainer (0x514c680)
      RTTI typeinfo:   itk::ImportImageContainer<unsigned long, double>
      Reference Count: 1
      Modified Time: 1186
      Debug: Off
      Object Name: 
      Observers: 
        none
      Pointer: 0x14da677dd010
      Container manages memory: true
      Size: 8530021
      Capacity: 8530021

     Moving image = Image (0x5148b20)
  RTTI typeinfo:   itk::Image<double, 3u>
  Reference Count: 2
  Modified Time: 1581
  Debug: Off
  Object Name: 
  Observers: 
    none
  Source: (none)
  Source output name: (none)
  Release Data: Off
  Data Released: False
  Global Release Data: Off
  PipelineMTime: 0
  UpdateMTime: 1578
  RealTimeStamp: 0 seconds 
  LargestPossibleRegion: 
    Dimension: 3
    Index: [0, 0, 0]
    Size: [160, 240, 256]
  BufferedRegion: 
    Dimension: 3
    Index: [0, 0, 0]
    Size: [160, 240, 256]
  RequestedRegion: 
    Dimension: 3
    Index: [0, 0, 0]
    Size: [160, 240, 256]
  Spacing: [1, 1, 1]
  Origin: [91.3357, 102.231, -120.042]
  Direction: 
-0.997442 -5.36781e-05 -0.0714818
5.35416e-05 -1 3.82465e-06
-0.0714818 -1.23894e-08 0.997442

  IndexToPointMatrix: 
-0.997444 -5.36781e-05 -0.0714818
5.35418e-05 -1 3.82465e-06
-0.0714819 -1.23894e-08 0.997442

  PointToIndexMatrix: 
-0.99744 5.35415e-05 -0.0714816
-5.3678e-05 -1 -1.35915e-08
-0.0714818 3.82343e-06 0.997442

  Inverse Direction: 
-0.997442 5.35416e-05 -0.0714818
-5.3678e-05 -1 -1.35915e-08
-0.0714818 3.82343e-06 0.997442

  PixelContainer: 
    ImportImageContainer (0x51b1d50)
      RTTI typeinfo:   itk::ImportImageContainer<unsigned long, double>
      Reference Count: 1
      Modified Time: 1575
      Debug: Off
      Object Name: 
      Observers: 
        none
      Pointer: 0x14da62cdc010
      Container manages memory: true
      Size: 9830400
      Capacity: 9830400

     Weighting = 1
     Sampling strategy = regular
     Number of bins = 32
     Radius = 4
     Sampling percentage  = 0.25
   Transform = Rigid
     Gradient step = 0.1
     Update field sigma (voxel space) = 0
     Total field sigma (voxel space) = 0
     Update field time sigma = 0
     Total field time sigma  = 0
     Number of time indices = 0
     Number of time point samples = 0
Registration using 1 total stages.

Stage 0
  iterations = 1000x500x250x100
  convergence threshold = 1e-06
  convergence window size = 10
  number of levels = 4
  using the Mattes MI metric (number of bins = 32, weight = 1, use gradient filter = 0)
  preprocessing:  winsorizing the image intensities
  Shrink factors (level 1 out of 4): [8, 8, 8]
  Shrink factors (level 2 out of 4): [4, 4, 4]
  Shrink factors (level 3 out of 4): [2, 2, 2]
  Shrink factors (level 4 out of 4): [1, 1, 1]
  smoothing sigmas per level: [3, 2, 1, 0]
  regular sampling (percentage = 0.25)

*** Running Euler3DTransform registration ***

DIAGNOSTIC,Iteration,metricValue,convergenceValue,ITERATION_TIME_INDEX,SINCE_LAST
 2DIAGNOSTIC,     1, -5.567766004436e-01, 1.797693134862e+308, 0.0000e+00, 0.0000e+00, 
 2DIAGNOSTIC,     2, -5.584230569340e-01, 1.797693134862e+308, 0.0000e+00, 0.0000e+00, 
 2DIAGNOSTIC,     3, -5.612699261409e-01, 1.797693134862e+308, 0.0000e+00, 0.0000e+00, 
 2DIAGNOSTIC,     4, -5.637775409105e-01, 1.797693134862e+308, 0.0000e+00, 0.0000e+00, 
 2DIAGNOSTIC,     5, -5.658236781800e-01, 1.797693134862e+308, 0.0000e+00, 0.0000e+00, 
 2DIAGNOSTIC,     6, -5.696428543274e-01, 1.797693134862e+308, 0.0000e+00, 0.0000e+00, 
 2DIAGNOSTIC,     7, -5.734089572810e-01, 1.797693134862e+308, 0.0000e+00, 0.0000e+00, 
 2DIAGNOSTIC,     8, -5.754972804133e-01, 1.797693134862e+308, 0.0000e+00, 0.0000e+00, 
 2DIAGNOSTIC,     9, -5.763092974867e-01, 1.797693134862e+308, 0.0000e+00, 0.0000e+00, 
 2DIAGNOSTIC,    10, -5.771887932745e-01, 2.563643921720e-03, 0.0000e+00, 0.0000e+00, 
 2DIAGNOSTIC,    11, -5.784049267720e-01, 2.175436264836e-03, 0.0000e+00, 0.0000e+00, 
 2DIAGNOSTIC,    12, -5.799902587758e-01, 1.787608292544e-03, 0.0000e+00, 0.0000e+00, 
 2DIAGNOSTIC,    13, -5.808708720268e-01, 1.440110340980e-03, 0.0000e+00, 0.0000e+00, 
 2DIAGNOSTIC,    14, -5.814992143523e-01, 1.125359699286e-03, 0.0000e+00, 0.0000e+00, 
 2DIAGNOSTIC,    15, -5.817965468775e-01, 8.273304908831e-04, 0.0000e+00, 0.0000e+00, 
 2DIAGNOSTIC,    16, -5.820914689062e-01, 6.164885233901e-04, 0.0000e+00, 0.0000e+00, 
 2DIAGNOSTIC,    17, -5.832022787464e-01, 5.146011672666e-04, 0.0000e+00, 0.0000e+00, 
 2DIAGNOSTIC,    18, -5.835129911639e-01, 4.418135099304e-04, 0.0000e+00, 0.0000e+00, 
 2DIAGNOSTIC,    19, -5.838004278145e-01, 3.649432415015e-04, 0.0000e+00, 0.0000e+00, 
 2DIAGNOSTIC,    20, -5.840808613571e-01, 2.909118727021e-04, 0.0000e+00, 0.0000e+00, 
 2DIAGNOSTIC,    21, -5.864890114892e-01, 2.815015284336e-04, 0.0000e+00, 0.0000e+00, 
 2DIAGNOSTIC,    22, -5.872594907730e-01, 2.975471780803e-04, 0.0000e+00, 0.0000e+00, 
 2DIAGNOSTIC,    23, -5.875567757807e-01, 3.095519346914e-04, 0.0000e+00, 0.0000e+00, 
 2DIAGNOSTIC,    24, -5.882932335784e-01, 3.206184575072e-04, 0.0000e+00, 0.0000e+00, 
 2DIAGNOSTIC,    25, -5.886563512244e-01, 3.136285101566e-04, 0.0000e+00, 0.0000e+00, 
 2DIAGNOSTIC,    26, -5.899788186207e-01, 3.071768739820e-04, 0.0000e+00, 0.0000e+00, 
 2DIAGNOSTIC,    27, -5.901723824084e-01, 2.953272929566e-04, 0.0000e+00, 0.0000e+00, 
 2DIAGNOSTIC,    28, -5.902545098792e-01, 2.642086609201e-04, 0.0000e+00, 0.0000e+00, 
 2DIAGNOSTIC,    29, -5.902275848511e-01, 2.155396327000e-04, 0.0000e+00, 0.0000e+00, 
 2DIAGNOSTIC,    30, -5.902532595849e-01, 1.538724612709e-04, 0.0000e+00, 0.0000e+00, 
 2DIAGNOSTIC,    31, -5.901926771275e-01, 1.184313147144e-04, 0.0000e+00, 0.0000e+00, 
 2DIAGNOSTIC,    32, -5.902463400590e-01, 8.673104634047e-05, 0.0000e+00, 0.0000e+00, 
 2DIAGNOSTIC,    33, -5.904245995775e-01, 5.592662185119e-05, 0.0000e+00, 0.0000e+00, 
 2DIAGNOSTIC,    34, -5.906520049607e-01, 3.566914682546e-05, 0.0000e+00, 0.0000e+00, 
 2DIAGNOSTIC,    35, -5.909213713479e-01, 2.159996631681e-05, 0.0000e+00, 0.0000e+00, 
 2DIAGNOSTIC,    36, -5.916162568384e-01, 3.366632390870e-05, 0.0000e+00, 0.0000e+00, 
 2DIAGNOSTIC,    37, -5.917142303263e-01, 4.558352829206e-05, 0.0000e+00, 0.0000e+00, 
 2DIAGNOSTIC,    38, -5.917143449082e-01, 5.374065201256e-05, 0.0000e+00, 0.0000e+00, 
 2DIAGNOSTIC,    39, -5.917144841625e-01, 5.617873421719e-05, 0.0000e+00, 0.0000e+00, 
 2DIAGNOSTIC,    40, -5.917145034997e-01, 5.351608679601e-05, 0.0000e+00, 0.0000e+00, 
 2DIAGNOSTIC,    41, -5.917145175554e-01, 4.513236390792e-05, 0.0000e+00, 0.0000e+00, 
 2DIAGNOSTIC,    42, -5.917147128341e-01, 3.352044986036e-05, 0.0000e+00, 0.0000e+00, 
 2DIAGNOSTIC,    43, -5.917148911840e-01, 2.143841141493e-05, 0.0000e+00, 0.0000e+00, 
 2DIAGNOSTIC,    44, -5.917150430613e-01, 1.048146496064e-05, 0.0000e+00, 0.0000e+00, 
 2DIAGNOSTIC,    45, -5.917153644719e-01, 1.802697883625e-06, 0.0000e+00, 0.0000e+00, 
DIAGNOSTIC,Iteration,metricValue,convergenceValue,ITERATION_TIME_INDEX,SINCE_LAST
 2DIAGNOSTIC,     1, -4.782877371043e-01, 1.797693134862e+308, 0.0000e+00, 0.0000e+00, 
 2DIAGNOSTIC,     2, -4.783276465380e-01, 1.797693134862e+308, 0.0000e+00, 0.0000e+00, 
 2DIAGNOSTIC,     3, -4.783501499026e-01, 1.797693134862e+308, 0.0000e+00, 0.0000e+00, 
 2DIAGNOSTIC,     4, -4.784843529745e-01, 1.797693134862e+308, 0.0000e+00, 0.0000e+00, 
 2DIAGNOSTIC,     5, -4.785769068668e-01, 1.797693134862e+308, 0.0000e+00, 0.0000e+00, 
 2DIAGNOSTIC,     6, -4.786463581037e-01, 1.797693134862e+308, 0.0000e+00, 0.0000e+00, 
 2DIAGNOSTIC,     7, -4.793506569484e-01, 1.797693134862e+308, 0.0000e+00, 0.0000e+00, 
 2DIAGNOSTIC,     8, -4.814547355818e-01, 1.797693134862e+308, 0.0000e+00, 0.0000e+00, 
 2DIAGNOSTIC,     9, -4.819737040053e-01, 1.797693134862e+308, 0.0000e+00, 0.0000e+00, 
 2DIAGNOSTIC,    10, -4.823564317614e-01, 5.868967865166e-04, 0.0000e+00, 0.0000e+00, 
 2DIAGNOSTIC,    11, -4.826384828178e-01, 6.339634233625e-04, 0.0000e+00, 0.0000e+00, 
 2DIAGNOSTIC,    12, -4.833269529305e-01, 6.518210903135e-04, 0.0000e+00, 0.0000e+00, 
 2DIAGNOSTIC,    13, -4.834816329339e-01, 6.140248971717e-04, 0.0000e+00, 0.0000e+00, 
 2DIAGNOSTIC,    14, -4.835233117554e-01, 5.335650589622e-04, 0.0000e+00, 0.0000e+00, 
 2DIAGNOSTIC,    15, -4.835249503180e-01, 4.208259463132e-04, 0.0000e+00, 0.0000e+00, 
 2DIAGNOSTIC,    16, -4.835087167650e-01, 2.861269362266e-04, 0.0000e+00, 0.0000e+00, 
 2DIAGNOSTIC,    17, -4.834934336541e-01, 1.630630368321e-04, 0.0000e+00, 0.0000e+00, 
 2DIAGNOSTIC,    18, -4.834851065854e-01, 1.072550136379e-04, 0.0000e+00, 0.0000e+00, 
 2DIAGNOSTIC,    19, -4.834819114860e-01, 6.366906427867e-05, 0.0000e+00, 0.0000e+00, 
 2DIAGNOSTIC,    20, -4.834698817091e-01, 2.971109127821e-05, 0.0000e+00, 0.0000e+00, 
 2DIAGNOSTIC,    21, -4.834571396295e-01, 3.480279605499e-06, 0.0000e+00, 0.0000e+00, 
DIAGNOSTIC,Iteration,metricValue,convergenceValue,ITERATION_TIME_INDEX,SINCE_LAST
 2DIAGNOSTIC,     1, -4.160408610810e-01, 1.797693134862e+308, 0.0000e+00, 0.0000e+00, 
 2DIAGNOSTIC,     2, -4.160748242337e-01, 1.797693134862e+308, 0.0000e+00, 0.0000e+00, 
 2DIAGNOSTIC,     3, -4.160864063748e-01, 1.797693134862e+308, 0.0000e+00, 0.0000e+00, 
 2DIAGNOSTIC,     4, -4.160875805022e-01, 1.797693134862e+308, 0.0000e+00, 0.0000e+00, 
 2DIAGNOSTIC,     5, -4.161182589165e-01, 1.797693134862e+308, 0.0000e+00, 0.0000e+00, 
 2DIAGNOSTIC,     6, -4.161217233840e-01, 1.797693134862e+308, 1.2800e+02, 1.2800e+02, 
 2DIAGNOSTIC,     7, -4.161175477965e-01, 1.797693134862e+308, 1.2800e+02, 0.0000e+00, 
 2DIAGNOSTIC,     8, -4.161163014311e-01, 1.797693134862e+308, 1.2800e+02, 0.0000e+00, 
 2DIAGNOSTIC,     9, -4.161145952010e-01, 1.797693134862e+308, 1.2800e+02, 0.0000e+00, 
 2DIAGNOSTIC,    10, -4.161151009360e-01, 1.305322868538e-05, 1.2800e+02, 0.0000e+00, 
 2DIAGNOSTIC,    11, -4.161137830937e-01, 7.945902151515e-06, 1.2800e+02, 0.0000e+00, 
 2DIAGNOSTIC,    12, -4.161134259734e-01, 5.164316807041e-06, 1.2800e+02, 0.0000e+00, 
 2DIAGNOSTIC,    13, -4.161138462679e-01, 3.237395866676e-06, 1.2800e+02, 0.0000e+00, 
 2DIAGNOSTIC,    14, -4.161126008618e-01, 1.465973393219e-06, 1.2800e+02, 0.0000e+00, 
 2DIAGNOSTIC,    15, -4.161124351882e-01, 1.387726123403e-06, 1.2800e+02, 0.0000e+00, 
 2DIAGNOSTIC,    16, -4.161126758753e-01, 1.548707134577e-06, 1.2800e+02, 0.0000e+00, 
 2DIAGNOSTIC,    17, -4.161131814354e-01, 1.583896280508e-06, 1.2800e+02, 0.0000e+00, 
 2DIAGNOSTIC,    18, -4.161135715764e-01, 1.609918325936e-06, 1.2800e+02, 0.0000e+00, 
 2DIAGNOSTIC,    19, -4.161122163431e-01, 1.537104898391e-06, 1.2800e+02, 0.0000e+00, 
 2DIAGNOSTIC,    20, -4.161107627105e-01, 1.455313790651e-06, 1.2800e+02, 0.0000e+00, 
 2DIAGNOSTIC,    21, -4.161103350534e-01, 1.337827633639e-06, 1.2800e+02, 0.0000e+00, 
 2DIAGNOSTIC,    22, -4.161113160028e-01, 1.264797501954e-06, 1.2800e+02, 0.0000e+00, 
 2DIAGNOSTIC,    23, -4.161109722677e-01, 1.216666565600e-06, 1.2800e+02, 0.0000e+00, 
 2DIAGNOSTIC,    24, -4.161111676176e-01, 1.159894227755e-06, 1.2800e+02, 0.0000e+00, 
 2DIAGNOSTIC,    25, -4.161099994581e-01, 1.087943529918e-06, 1.2800e+02, 0.0000e+00, 
 2DIAGNOSTIC,    26, -4.161086150111e-01, 1.009022119323e-06, 1.2800e+02, 0.0000e+00, 
DIAGNOSTIC,Iteration,metricValue,convergenceValue,ITERATION_TIME_INDEX,SINCE_LAST
 2DIAGNOSTIC,     1, -3.833173273236e-01, 1.797693134862e+308, 1.2800e+02, 0.0000e+00, 
 2DIAGNOSTIC,     2, -3.834168888873e-01, 1.797693134862e+308, 1.2800e+02, 0.0000e+00, 
 2DIAGNOSTIC,     3, -3.834375550890e-01, 1.797693134862e+308, 1.2800e+02, 0.0000e+00, 
 2DIAGNOSTIC,     4, -3.834593334379e-01, 1.797693134862e+308, 1.2800e+02, 0.0000e+00, 
 2DIAGNOSTIC,     5, -3.834820464713e-01, 1.797693134862e+308, 1.2800e+02, 0.0000e+00, 
 2DIAGNOSTIC,     6, -3.834850919987e-01, 1.797693134862e+308, 1.2800e+02, 0.0000e+00, 
 2DIAGNOSTIC,     7, -3.834847682633e-01, 1.797693134862e+308, 1.2800e+02, 0.0000e+00, 
 2DIAGNOSTIC,     8, -3.834845818224e-01, 1.797693134862e+308, 1.2800e+02, 0.0000e+00, 
 2DIAGNOSTIC,     9, -3.834842178777e-01, 1.797693134862e+308, 1.2800e+02, 0.0000e+00, 
 2DIAGNOSTIC,    10, -3.834842220836e-01, 2.327532470117e-05, 1.2800e+02, 0.0000e+00, 
 2DIAGNOSTIC,    11, -3.834842753090e-01, 1.143287526026e-05, 1.2800e+02, 0.0000e+00, 
 2DIAGNOSTIC,    12, -3.834840962691e-01, 6.938537764609e-06, 1.2800e+02, 0.0000e+00, 
 2DIAGNOSTIC,    13, -3.834841501877e-01, 3.913371895994e-06, 1.2800e+02, 0.0000e+00, 
 2DIAGNOSTIC,    14, -3.834841013583e-01, 2.304980214002e-06, 2.5600e+02, 1.2800e+02, 
 2DIAGNOSTIC,    15, -3.834840891146e-01, 2.025088689378e-06, 2.5600e+02, 0.0000e+00, 
 2DIAGNOSTIC,    16, -3.834839120149e-01, 1.921903317756e-06, 2.5600e+02, 0.0000e+00, 
 2DIAGNOSTIC,    17, -3.834837592135e-01, 1.816525918776e-06, 2.5600e+02, 0.0000e+00, 
 2DIAGNOSTIC,    18, -3.834836772156e-01, 1.717410299674e-06, 2.5600e+02, 0.0000e+00, 
 2DIAGNOSTIC,    19, -3.834836680526e-01, 1.618636191095e-06, 2.5600e+02, 0.0000e+00, 
 2DIAGNOSTIC,    20, -3.834836641955e-01, 1.534739050769e-06, 2.5600e+02, 0.0000e+00, 
 2DIAGNOSTIC,    21, -3.834836659995e-01, 1.466230753151e-06, 2.5600e+02, 0.0000e+00, 
 2DIAGNOSTIC,    22, -3.834836638830e-01, 1.402416611548e-06, 2.5600e+02, 0.0000e+00, 
 2DIAGNOSTIC,    23, -3.834836529839e-01, 1.349623795818e-06, 2.5600e+02, 0.0000e+00, 
 2DIAGNOSTIC,    24, -3.834836516968e-01, 1.302712088126e-06, 2.5600e+02, 0.0000e+00, 
 2DIAGNOSTIC,    25, -3.834836642266e-01, 1.261752870678e-06, 2.5600e+02, 0.0000e+00, 
 2DIAGNOSTIC,    26, -3.834835800920e-01, 1.217579236337e-06, 2.5600e+02, 0.0000e+00, 
 2DIAGNOSTIC,    27, -3.834835917337e-01, 1.173491517861e-06, 2.5600e+02, 0.0000e+00, 
 2DIAGNOSTIC,    28, -3.834835900928e-01, 1.130762739825e-06, 2.5600e+02, 0.0000e+00, 
 2DIAGNOSTIC,    29, -3.834835900013e-01, 1.091221037482e-06, 2.5600e+02, 0.0000e+00, 
 2DIAGNOSTIC,    30, -3.834835899079e-01, 1.054757772241e-06, 3.8400e+02, 1.2800e+02, 
 2DIAGNOSTIC,    31, -3.834835895928e-01, 1.021241704424e-06, 3.8400e+02, 0.0000e+00, 
  Elapsed time (stage 0): 3.8400e+02


Total elapsed time: 3.8400e+02
Info [verificarlo]: loaded backend libinterflop_ieee.so
Info [interflop-ieee]: load backend with:
Info [interflop-ieee]: debug = false
Info [interflop-ieee]: debug-binary = false
Info [interflop-ieee]: no-backend-name = false
Info [interflop-ieee]: print-new-line = false
Info [interflop-ieee]: print-subnormal-normalized = false
Info [interflop-ieee]: count-op = false
All_Command_lines_OK
Using double precision for computations.
=============================================================================
The composite transform comprises the following transforms (in order): 
  1. /home/mdugre/scratch/mri-registration-rp/datasets/ds004513/derivatives/mri-registration-rp/0100/antsRegistration-r8-p23/sub-s017/rigid_Composite.h5[0] (type = Euler3DTransform)
  2. /home/mdugre/scratch/mri-registration-rp/datasets/ds004513/derivatives/mri-registration-rp/0100/antsRegistration-r8-p23/sub-s017/rigid_Composite.h5[1] (type = Euler3DTransform)
  3. /home/mdugre/scratch/mri-registration-rp/datasets/ds004513/derivatives/mri-registration-rp/0100/antsRegistration-r8-p23/sub-s017/rigid_Composite.h5[2] (type = Euler3DTransform)
=============================================================================
  number of levels = 4
  fixed image: /templateflow/tpl-MNI152NLin2009cAsym/tpl-MNI152NLin2009cAsym_res-01_desc-brain_T1w.nii.gz
  moving image: /home/mdugre/scratch/mri-registration-rp/datasets/ds004513/derivatives/mri-registration-rp/antsBrainExtraction/sub-s017/BrainExtractionBrain.nii.gz
Dimension = 3
Number of stages = 1
Use histogram matching = false
Winsorize image intensities = true
  Lower quantile = 0.005
  Upper quantile = 0.995


Stage 1 State
   Image metric = MattesMI
     Fixed image = Image (0x35ae7e0)
  RTTI typeinfo:   itk::Image<double, 3u>
  Reference Count: 2
  Modified Time: 1594
  Debug: Off
  Object Name: 
  Observers: 
    none
  Source: (none)
  Source output name: (none)
  Release Data: Off
  Data Released: False
  Global Release Data: Off
  PipelineMTime: 0
  UpdateMTime: 1203
  RealTimeStamp: 0 seconds 
  LargestPossibleRegion: 
    Dimension: 3
    Index: [0, 0, 0]
    Size: [193, 229, 193]
  BufferedRegion: 
    Dimension: 3
    Index: [0, 0, 0]
    Size: [193, 229, 193]
  RequestedRegion: 
    Dimension: 3
    Index: [0, 0, 0]
    Size: [193, 229, 193]
  Spacing: [1, 1, 1]
  Origin: [96, 132, -78]
  Direction: 
-1 0 0
0 -1 0
0 0 1

  IndexToPointMatrix: 
-1 0 0
0 -1 0
0 0 1

  PointToIndexMatrix: 
-1 0 0
0 -1 0
0 0 1

  Inverse Direction: 
-1 0 0
0 -1 0
0 0 1

  PixelContainer: 
    ImportImageContainer (0x3679880)
      RTTI typeinfo:   itk::ImportImageContainer<unsigned long, double>
      Reference Count: 1
      Modified Time: 1200
      Debug: Off
      Object Name: 
      Observers: 
        none
      Pointer: 0x149fb7098010
      Container manages memory: true
      Size: 8530021
      Capacity: 8530021

     Moving image = Image (0x366a050)
  RTTI typeinfo:   itk::Image<double, 3u>
  Reference Count: 2
  Modified Time: 1595
  Debug: Off
  Object Name: 
  Observers: 
    none
  Source: (none)
  Source output name: (none)
  Release Data: Off
  Data Released: False
  Global Release Data: Off
  PipelineMTime: 0
  UpdateMTime: 1592
  RealTimeStamp: 0 seconds 
  LargestPossibleRegion: 
    Dimension: 3
    Index: [0, 0, 0]
    Size: [160, 240, 256]
  BufferedRegion: 
    Dimension: 3
    Index: [0, 0, 0]
    Size: [160, 240, 256]
  RequestedRegion: 
    Dimension: 3
    Index: [0, 0, 0]
    Size: [160, 240, 256]
  Spacing: [1, 1, 1]
  Origin: [91.3357, 102.231, -120.042]
  Direction: 
-0.997442 -5.36781e-05 -0.0714818
5.35416e-05 -1 3.82465e-06
-0.0714818 -1.23894e-08 0.997442

  IndexToPointMatrix: 
-0.997444 -5.36781e-05 -0.0714818
5.35418e-05 -1 3.82465e-06
-0.0714819 -1.23894e-08 0.997442

  PointToIndexMatrix: 
-0.99744 5.35415e-05 -0.0714816
-5.36781e-05 -1 -1.23894e-08
-0.0714818 3.82465e-06 0.997442

  Inverse Direction: 
-0.997442 5.35416e-05 -0.0714818
-5.36781e-05 -1 -1.23894e-08
-0.0714818 3.82465e-06 0.997442

  PixelContainer: 
    ImportImageContainer (0x371d690)
      RTTI typeinfo:   itk::ImportImageContainer<unsigned long, double>
      Reference Count: 1
      Modified Time: 1589
      Debug: Off
      Object Name: 
      Observers: 
        none
      Pointer: 0x149fb2597010
      Container manages memory: true
      Size: 9830400
      Capacity: 9830400

     Weighting = 1
     Sampling strategy = regular
     Number of bins = 32
     Radius = 4
     Sampling percentage  = 0.25
   Transform = Affine
     Gradient step = 0.1
     Update field sigma (voxel space) = 0
     Total field sigma (voxel space) = 0
     Update field time sigma = 0
     Total field time sigma  = 0
     Number of time indices = 0
     Number of time point samples = 0
Registration using 1 total stages.

Stage 0
  iterations = 1000x500x250x100
  convergence threshold = 1e-06
  convergence window size = 10
  number of levels = 4
  using the Mattes MI metric (number of bins = 32, weight = 1, use gradient filter = 0)
  preprocessing:  winsorizing the image intensities
  Shrink factors (level 1 out of 4): [8, 8, 8]
  Shrink factors (level 2 out of 4): [4, 4, 4]
  Shrink factors (level 3 out of 4): [2, 2, 2]
  Shrink factors (level 4 out of 4): [1, 1, 1]
  smoothing sigmas per level: [3, 2, 1, 0]
  regular sampling (percentage = 0.25)

*** Running AffineTransform registration ***

DIAGNOSTIC,Iteration,metricValue,convergenceValue,ITERATION_TIME_INDEX,SINCE_LAST
 2DIAGNOSTIC,     1, -5.805674420130e-01, 1.797693134862e+308, 8.9072e-01, 8.9072e-01, 
 2DIAGNOSTIC,     2, -5.831971983343e-01, 1.797693134862e+308, 8.9720e-01, 6.4778e-03, 
 2DIAGNOSTIC,     3, -5.880574536936e-01, 1.797693134862e+308, 9.0361e-01, 6.4139e-03, 
 2DIAGNOSTIC,     4, -5.967991991726e-01, 1.797693134862e+308, 9.0915e-01, 5.5411e-03, 
 2DIAGNOSTIC,     5, -6.124040160072e-01, 1.797693134862e+308, 9.1568e-01, 6.5250e-03, 
 2DIAGNOSTIC,     6, -6.400260962929e-01, 1.797693134862e+308, 9.2178e-01, 6.1009e-03, 
 2DIAGNOSTIC,     7, -6.989182842985e-01, 1.797693134862e+308, 9.2782e-01, 6.0461e-03, 
 2DIAGNOSTIC,     8, -7.608064659521e-01, 1.797693134862e+308, 9.3388e-01, 6.0611e-03, 
 2DIAGNOSTIC,     9, -8.350517090168e-01, 1.797693134862e+308, 9.4260e-01, 8.7152e-03, 
 2DIAGNOSTIC,    10, -8.597973080814e-01, 2.830687240097e-02, 9.4903e-01, 6.4301e-03, 
 2DIAGNOSTIC,    11, -8.761875370297e-01, 2.892663570040e-02, 9.5652e-01, 7.4899e-03, 
 2DIAGNOSTIC,    12, -8.846668534549e-01, 2.722259024494e-02, 9.6518e-01, 8.6589e-03, 
 2DIAGNOSTIC,    13, -8.851683746093e-01, 2.356402065985e-02, 9.7188e-01, 6.6981e-03, 
 2DIAGNOSTIC,    14, -8.851745496503e-01, 1.866002876506e-02, 9.7899e-01, 7.1161e-03, 
 2DIAGNOSTIC,    15, -8.850863097944e-01, 1.325557164336e-02, 9.8619e-01, 7.2000e-03, 
 2DIAGNOSTIC,    16, -8.849796344892e-01, 8.089179584569e-03, 9.9353e-01, 7.3340e-03, 
 2DIAGNOSTIC,    17, -8.852969532504e-01, 4.177654825038e-03, 9.9998e-01, 6.4530e-03, 
 2DIAGNOSTIC,    18, -8.857487378148e-01, 1.632792331994e-03, 1.0071e+00, 7.1478e-03, 
 2DIAGNOSTIC,    19, -8.884417648621e-01, 7.229651417780e-04, 1.0190e+00, 1.1856e-02, 
 2DIAGNOSTIC,    20, -8.881938546315e-01, 2.886792651780e-04, 1.0273e+00, 8.3320e-03, 
 2DIAGNOSTIC,    21, -8.880696520242e-01, 1.516636899212e-04, 1.0353e+00, 8.0111e-03, 
 2DIAGNOSTIC,    22, -8.879007967322e-01, 1.509871890299e-04, 1.0539e+00, 1.8525e-02, 
 2DIAGNOSTIC,    23, -8.879007952261e-01, 1.439266568005e-04, 1.0601e+00, 6.2511e-03, 
 2DIAGNOSTIC,    24, -8.879007959468e-01, 1.236807224220e-04, 1.0662e+00, 6.1328e-03, 
 2DIAGNOSTIC,    25, -8.879007971654e-01, 9.263859263489e-05, 1.0738e+00, 7.5281e-03, 
 2DIAGNOSTIC,    26, -8.879007992262e-01, 5.483301413103e-05, 1.0801e+00, 6.3682e-03, 
 2DIAGNOSTIC,    27, -8.879008027109e-01, 1.946345204808e-05, 1.0860e+00, 5.8880e-03, 
DIAGNOSTIC,Iteration,metricValue,convergenceValue,ITERATION_TIME_INDEX,SINCE_LAST
 2DIAGNOSTIC,     1, -7.467095254720e-01, 1.797693134862e+308, 1.9562e+00, 8.7017e-01, 
 2DIAGNOSTIC,     2, -7.472522305398e-01, 1.797693134862e+308, 1.9999e+00, 4.3758e-02, 
 2DIAGNOSTIC,     3, -7.477370811760e-01, 1.797693134862e+308, 2.0435e+00, 4.3530e-02, 
 2DIAGNOSTIC,     4, -7.482059190580e-01, 1.797693134862e+308, 2.0841e+00, 4.0646e-02, 
 2DIAGNOSTIC,     5, -7.488756900649e-01, 1.797693134862e+308, 2.1244e+00, 4.0248e-02, 
 2DIAGNOSTIC,     6, -7.495967729337e-01, 1.797693134862e+308, 2.1641e+00, 3.9709e-02, 
 2DIAGNOSTIC,     7, -7.499656636077e-01, 1.797693134862e+308, 2.2393e+00, 7.5260e-02, 
 2DIAGNOSTIC,     8, -7.503074536755e-01, 1.797693134862e+308, 2.2862e+00, 4.6860e-02, 
 2DIAGNOSTIC,     9, -7.503996802158e-01, 1.797693134862e+308, 2.3369e+00, 5.0742e-02, 
 2DIAGNOSTIC,    10, -7.504772299310e-01, 3.546801954010e-04, 2.3863e+00, 4.9345e-02, 
 2DIAGNOSTIC,    11, -7.505038643052e-01, 2.758954795885e-04, 2.4509e+00, 6.4640e-02, 
 2DIAGNOSTIC,    12, -7.505626040112e-01, 2.046158308920e-04, 2.4927e+00, 4.1739e-02, 
 2DIAGNOSTIC,    13, -7.505520070254e-01, 1.398898169174e-04, 2.5379e+00, 4.5273e-02, 
 2DIAGNOSTIC,    14, -7.505404710249e-01, 8.416303846077e-05, 2.5787e+00, 4.0759e-02, 
 2DIAGNOSTIC,    15, -7.505151787470e-01, 4.441035828635e-05, 2.6400e+00, 6.1293e-02, 
 2DIAGNOSTIC,    16, -7.504594990528e-01, 2.139458339302e-05, 2.6865e+00, 4.6480e-02, 
 2DIAGNOSTIC,    17, -7.504605380414e-01, 7.389478056681e-06, 2.7363e+00, 4.9845e-02, 
 2DIAGNOSTIC,    18, -7.504606703172e-01, 1.584158160199e-06, 2.7909e+00, 5.4606e-02, 
DIAGNOSTIC,Iteration,metricValue,convergenceValue,ITERATION_TIME_INDEX,SINCE_LAST
 2DIAGNOSTIC,     1, -6.293229557340e-01, 1.797693134862e+308, 4.1891e+00, 1.3982e+00, 
 2DIAGNOSTIC,     2, -6.298760733621e-01, 1.797693134862e+308, 4.5337e+00, 3.4458e-01, 
 2DIAGNOSTIC,     3, -6.304622347282e-01, 1.797693134862e+308, 4.8745e+00, 3.4085e-01, 
 2DIAGNOSTIC,     4, -6.310923666586e-01, 1.797693134862e+308, 5.2139e+00, 3.3936e-01, 
 2DIAGNOSTIC,     5, -6.321428539792e-01, 1.797693134862e+308, 5.5921e+00, 3.7822e-01, 
 2DIAGNOSTIC,     6, -6.331255716969e-01, 1.797693134862e+308, 6.2683e+00, 6.7620e-01, 
 2DIAGNOSTIC,     7, -6.331252987776e-01, 1.797693134862e+308, 6.6275e+00, 3.5919e-01, 
 2DIAGNOSTIC,     8, -6.331213000375e-01, 1.797693134862e+308, 7.1135e+00, 4.8605e-01, 
 2DIAGNOSTIC,     9, -6.331208097102e-01, 1.797693134862e+308, 7.5494e+00, 4.3583e-01, 
 2DIAGNOSTIC,    10, -6.331200792310e-01, 4.354525234908e-04, 8.0088e+00, 4.5948e-01, 
 2DIAGNOSTIC,    11, -6.331177139113e-01, 3.072551608958e-04, 8.3948e+00, 3.8600e-01, 
 2DIAGNOSTIC,    12, -6.331184407824e-01, 1.940881546029e-04, 8.7747e+00, 3.7986e-01, 
 2DIAGNOSTIC,    13, -6.331194748063e-01, 1.017514257892e-04, 9.1629e+00, 3.8824e-01, 
 2DIAGNOSTIC,    14, -6.331174379627e-01, 3.318660740023e-05, 9.5184e+00, 3.5544e-01, 
 2DIAGNOSTIC,    15, -6.331145242781e-01, 1.503415709911e-06, 9.8996e+00, 3.8120e-01, 
 2DIAGNOSTIC,    16, -6.331156508278e-01, 1.482246887799e-06, 1.0253e+01, 3.5349e-01, 
 2DIAGNOSTIC,    17, -6.331161519465e-01, 1.516112262873e-06, 1.0660e+01, 4.0670e-01, 
 2DIAGNOSTIC,    18, -6.331184041679e-01, 1.533255754735e-06, 1.1049e+01, 3.8947e-01, 
 2DIAGNOSTIC,    19, -6.331178486397e-01, 1.545853859544e-06, 1.1490e+01, 4.4038e-01, 
 2DIAGNOSTIC,    20, -6.331174650782e-01, 1.548682296140e-06, 1.1836e+01, 3.4681e-01, 
 2DIAGNOSTIC,    21, -6.331158736002e-01, 1.470397461012e-06, 1.2198e+01, 3.6171e-01, 
 2DIAGNOSTIC,    22, -6.331165046641e-01, 1.429385283087e-06, 1.2579e+01, 3.8037e-01, 
 2DIAGNOSTIC,    23, -6.331168879502e-01, 1.420524285735e-06, 1.2924e+01, 3.4586e-01, 
 2DIAGNOSTIC,    24, -6.331184854246e-01, 1.402242043314e-06, 1.3302e+01, 3.7811e-01, 
 2DIAGNOSTIC,    25, -6.331197186854e-01, 1.348010413099e-06, 1.3679e+01, 3.7657e-01, 
 2DIAGNOSTIC,    26, -6.331158477598e-01, 1.243864463998e-06, 1.4043e+01, 3.6398e-01, 
 2DIAGNOSTIC,    27, -6.331150617363e-01, 1.141995984978e-06, 1.4453e+01, 4.1044e-01, 
 2DIAGNOSTIC,    28, -6.331165331520e-01, 1.110102933514e-06, 1.4839e+01, 3.8577e-01, 
 2DIAGNOSTIC,    29, -6.331172253212e-01, 1.082801040567e-06, 1.5195e+01, 3.5552e-01, 
 2DIAGNOSTIC,    30, -6.331193377762e-01, 1.085095864904e-06, 1.5649e+01, 4.5398e-01, 
 2DIAGNOSTIC,    31, -6.331201956990e-01, 1.075032256659e-06, 1.6008e+01, 3.5925e-01, 
 2DIAGNOSTIC,    32, -6.331195529867e-01, 1.061745940154e-06, 1.6370e+01, 3.6227e-01, 
 2DIAGNOSTIC,    33, -6.331188196307e-01, 1.037385960273e-06, 1.6786e+01, 4.1619e-01, 
 2DIAGNOSTIC,    34, -6.331176867351e-01, 1.012454493465e-06, 1.7112e+01, 3.2603e-01, 
DIAGNOSTIC,Iteration,metricValue,convergenceValue,ITERATION_TIME_INDEX,SINCE_LAST
 2DIAGNOSTIC,     1, -5.647288040978e-01, 1.797693134862e+308, 2.0461e+01, 3.3485e+00, 
 2DIAGNOSTIC,     2, -5.649539449744e-01, 1.797693134862e+308, 2.2620e+01, 2.1595e+00, 
 2DIAGNOSTIC,     3, -5.651331052580e-01, 1.797693134862e+308, 2.4735e+01, 2.1147e+00, 
 2DIAGNOSTIC,     4, -5.653170612652e-01, 1.797693134862e+308, 2.7182e+01, 2.4469e+00, 
 2DIAGNOSTIC,     5, -5.653492057823e-01, 1.797693134862e+308, 2.9352e+01, 2.1703e+00, 
 2DIAGNOSTIC,     6, -5.653570453909e-01, 1.797693134862e+308, 3.1720e+01, 2.3681e+00, 
 2DIAGNOSTIC,     7, -5.653572939650e-01, 1.797693134862e+308, 3.7972e+01, 6.2514e+00, 
 2DIAGNOSTIC,     8, -5.653572939386e-01, 1.797693134862e+308, 4.4717e+01, 6.7453e+00, 
 2DIAGNOSTIC,     9, -5.653572939386e-01, 1.797693134862e+308, 4.7058e+01, 2.3412e+00, 
 2DIAGNOSTIC,    10, -5.653572939386e-01, 6.142586434407e-05, 4.9439e+01, 2.3811e+00, 
 2DIAGNOSTIC,    11, -5.653572939385e-01, 3.174713990736e-05, 5.1912e+01, 2.4725e+00, 
 2DIAGNOSTIC,    12, -5.653572939386e-01, 1.376035649089e-05, 5.4378e+01, 2.4661e+00, 
 2DIAGNOSTIC,    13, -5.653572939385e-01, 4.283428096094e-06, 5.7159e+01, 2.7810e+00, 
 2DIAGNOSTIC,    14, -5.653572939385e-01, 2.570784390962e-06, 5.9916e+01, 2.7569e+00, 
 2DIAGNOSTIC,    15, -5.653572939385e-01, 2.129318141322e-06, 6.2353e+01, 2.4369e+00, 
 2DIAGNOSTIC,    16, -5.653572939385e-01, 1.988406124712e-06, 6.4659e+01, 2.3060e+00, 
 2DIAGNOSTIC,    17, -5.653572939385e-01, 1.871425961815e-06, 6.7115e+01, 2.4559e+00, 
 2DIAGNOSTIC,    18, -5.653572939385e-01, 1.767444522682e-06, 6.9523e+01, 2.4082e+00, 
 2DIAGNOSTIC,    19, -5.653572939385e-01, 1.674409827651e-06, 7.1661e+01, 2.1377e+00, 
 2DIAGNOSTIC,    20, -5.653572939385e-01, 1.590679675673e-06, 7.4859e+01, 3.1981e+00, 
 2DIAGNOSTIC,    21, -5.653572939385e-01, 1.514924700206e-06, 7.7332e+01, 2.4734e+00, 
 2DIAGNOSTIC,    22, -5.653572939385e-01, 1.446057263099e-06, 7.9822e+01, 2.4898e+00, 
 2DIAGNOSTIC,    23, -5.653572939385e-01, 1.383178899646e-06, 8.2176e+01, 2.3543e+00, 
 2DIAGNOSTIC,    24, -5.653572939385e-01, 1.325540903714e-06, 8.4375e+01, 2.1989e+00, 
 2DIAGNOSTIC,    25, -5.653572939385e-01, 1.272514373075e-06, 8.6799e+01, 2.4235e+00, 
 2DIAGNOSTIC,    26, -5.653572939385e-01, 1.223567168362e-06, 8.9156e+01, 2.3575e+00, 
 2DIAGNOSTIC,    27, -5.653572939385e-01, 1.178245992474e-06, 9.1479e+01, 2.3231e+00, 
 2DIAGNOSTIC,    28, -5.653572939385e-01, 1.136162310213e-06, 9.3760e+01, 2.2808e+00, 
 2DIAGNOSTIC,    29, -5.653572939385e-01, 1.096981181829e-06, 9.6269e+01, 2.5092e+00, 
 2DIAGNOSTIC,    30, -5.653572939385e-01, 1.060412329612e-06, 9.8559e+01, 2.2899e+00, 
 2DIAGNOSTIC,    31, -5.653572939385e-01, 1.026202933810e-06, 1.0084e+02, 2.2809e+00, 
  Elapsed time (stage 0): 1.0234e+02


Total elapsed time: 1.0234e+02
Info [verificarlo]: loaded backend libinterflop_ieee.so
Info [interflop-ieee]: load backend with:
Info [interflop-ieee]: debug = false
Info [interflop-ieee]: debug-binary = false
Info [interflop-ieee]: no-backend-name = false
Info [interflop-ieee]: print-new-line = false
Info [interflop-ieee]: print-subnormal-normalized = false
Info [interflop-ieee]: count-op = false
All_Command_lines_OK
Using double precision for computations.
=============================================================================
The composite transform comprises the following transforms (in order): 
  1. /home/mdugre/scratch/mri-registration-rp/datasets/ds004513/derivatives/mri-registration-rp/0100/antsRegistration-r8-p23/sub-s017/affine_Composite.h5[0] (type = Euler3DTransform)
  2. /home/mdugre/scratch/mri-registration-rp/datasets/ds004513/derivatives/mri-registration-rp/0100/antsRegistration-r8-p23/sub-s017/affine_Composite.h5[1] (type = Euler3DTransform)
  3. /home/mdugre/scratch/mri-registration-rp/datasets/ds004513/derivatives/mri-registration-rp/0100/antsRegistration-r8-p23/sub-s017/affine_Composite.h5[2] (type = Euler3DTransform)
  4. /home/mdugre/scratch/mri-registration-rp/datasets/ds004513/derivatives/mri-registration-rp/0100/antsRegistration-r8-p23/sub-s017/affine_Composite.h5[3] (type = AffineTransform)
=============================================================================
  number of levels = 4
  fixed image: /templateflow/tpl-MNI152NLin2009cAsym/tpl-MNI152NLin2009cAsym_res-01_desc-brain_T1w.nii.gz
  moving image: /home/mdugre/scratch/mri-registration-rp/datasets/ds004513/derivatives/mri-registration-rp/antsBrainExtraction/sub-s017/BrainExtractionBrain.nii.gz
Dimension = 3
Number of stages = 1
Use histogram matching = false
Winsorize image intensities = true
  Lower quantile = 0.005
  Upper quantile = 0.995


Stage 1 State
   Image metric = CC
     Fixed image = Image (0x51d1a40)
