
##########################
# Experiment information #
##########################

EXPERIMENT_NAME: antsRegistration-r8-p8
VFC_BACKENDS: libinterflop_vprec.so --range-binary32=8 --precision-binary32=8 --range-binary64=8 --precision-binary64=8

SIF_IMG: /home/mdugre/projects/rrg-glatard/mdugre/containers/ants-vprec-no_metrics.simg

SUBJECT_ID: s033
INPUT_IMG: /home/mdugre/scratch/mri-registration-rp/datasets/ds004513/derivatives/mri-registration-rp/antsBrainExtraction/sub-s033/BrainExtractionBrain.nii.gz
OUTPUT_DIR: /home/mdugre/scratch/mri-registration-rp/datasets/ds004513/derivatives/mri-registration-rp/0100/antsRegistration-r8-p8/sub-s033

FIXED_IMG: /templateflow/tpl-MNI152NLin2009cAsym/tpl-MNI152NLin2009cAsym_res-01_desc-brain_T1w.nii.gz
DATA_DIR: /home/mdugre/scratch/mri-registration-rp/datasets/ds004513
TEMPLATEFLOW_DIR: /home/mdugre/projects/rrg-glatard/mdugre/templateflow
ITK_GLOBAL_DEFAULT_NUMBER_OF_THREADS: 16
##########################

Info [verificarlo]: loaded backend libinterflop_ieee.so
Info [interflop-ieee]: load backend with:
Info [interflop-ieee]: debug = false
Info [interflop-ieee]: debug-binary = false
Info [interflop-ieee]: no-backend-name = false
Info [interflop-ieee]: print-new-line = false
Info [interflop-ieee]: print-subnormal-normalized = false
Info [interflop-ieee]: count-op = false
All_Command_lines_OK
Using double precision for computations.
=============================================================================
The composite transform comprises the following transforms (in order): 
  1. Center of mass alignment using fixed image: /templateflow/tpl-MNI152NLin2009cAsym/tpl-MNI152NLin2009cAsym_res-01_desc-brain_T1w.nii.gz and moving image: /home/mdugre/scratch/mri-registration-rp/datasets/ds004513/derivatives/mri-registration-rp/antsBrainExtraction/sub-s033/BrainExtractionBrain.nii.gz (type = Euler3DTransform)
=============================================================================
  number of levels = 1
  fixed image: /templateflow/tpl-MNI152NLin2009cAsym/tpl-MNI152NLin2009cAsym_res-01_desc-brain_T1w.nii.gz
  moving image: /home/mdugre/scratch/mri-registration-rp/datasets/ds004513/derivatives/mri-registration-rp/antsBrainExtraction/sub-s033/BrainExtractionBrain.nii.gz
Dimension = 3
Number of stages = 1
Use histogram matching = false
Winsorize image intensities = true
  Lower quantile = 0.005
  Upper quantile = 0.995


Stage 1 State
   Image metric = MattesMI
     Fixed image = Image (0x45cabd0)
  RTTI typeinfo:   itk::Image<double, 3u>
  Reference Count: 2
  Modified Time: 2330
  Debug: Off
  Object Name: 
  Observers: 
    none
  Source: (none)
  Source output name: (none)
  Release Data: Off
  Data Released: False
  Global Release Data: Off
  PipelineMTime: 0
  UpdateMTime: 1941
  RealTimeStamp: 0 seconds 
  LargestPossibleRegion: 
    Dimension: 3
    Index: [0, 0, 0]
    Size: [193, 229, 193]
  BufferedRegion: 
    Dimension: 3
    Index: [0, 0, 0]
    Size: [193, 229, 193]
  RequestedRegion: 
    Dimension: 3
    Index: [0, 0, 0]
    Size: [193, 229, 193]
  Spacing: [1, 1, 1]
  Origin: [96, 132, -78]
  Direction: 
-1 0 0
0 -1 0
0 0 1

  IndexToPointMatrix: 
-1 0 0
0 -1 0
0 0 1

  PointToIndexMatrix: 
-1 0 0
0 -1 0
0 0 1

  Inverse Direction: 
-1 0 0
0 -1 0
0 0 1

  PixelContainer: 
    ImportImageContainer (0x45d39e0)
      RTTI typeinfo:   itk::ImportImageContainer<unsigned long, double>
      Reference Count: 1
      Modified Time: 1938
      Debug: Off
      Object Name: 
      Observers: 
        none
      Pointer: 0x14a0143c7010
      Container manages memory: true
      Size: 8530021
      Capacity: 8530021

     Moving image = Image (0x45d4910)
  RTTI typeinfo:   itk::Image<double, 3u>
  Reference Count: 2
  Modified Time: 2331
  Debug: Off
  Object Name: 
  Observers: 
    none
  Source: (none)
  Source output name: (none)
  Release Data: Off
  Data Released: False
  Global Release Data: Off
  PipelineMTime: 0
  UpdateMTime: 2328
  RealTimeStamp: 0 seconds 
  LargestPossibleRegion: 
    Dimension: 3
    Index: [0, 0, 0]
    Size: [160, 240, 256]
  BufferedRegion: 
    Dimension: 3
    Index: [0, 0, 0]
    Size: [160, 240, 256]
  RequestedRegion: 
    Dimension: 3
    Index: [0, 0, 0]
    Size: [160, 240, 256]
  Spacing: [1, 1, 1]
  Origin: [91.5134, 94.282, -109.927]
  Direction: 
-0.99591 -0.0698718 -0.0572835
0.0697565 -0.997556 0.00401236
-0.0574239 5.01125e-08 0.99835

  IndexToPointMatrix: 
-0.99591 -0.0698718 -0.0572835
0.0697565 -0.997556 0.00401236
-0.0574239 5.01125e-08 0.99835

  PointToIndexMatrix: 
-0.99591 0.0697565 -0.0574239
-0.0698718 -0.997556 5.01483e-08
-0.0572835 0.00401236 0.99835

  Inverse Direction: 
-0.99591 0.0697565 -0.0574239
-0.0698718 -0.997556 5.01483e-08
-0.0572835 0.00401236 0.99835

  PixelContainer: 
    ImportImageContainer (0x46baa50)
      RTTI typeinfo:   itk::ImportImageContainer<unsigned long, double>
      Reference Count: 1
      Modified Time: 2325
      Debug: Off
      Object Name: 
      Observers: 
        none
      Pointer: 0x14a00f8c6010
      Container manages memory: true
      Size: 9830400
      Capacity: 9830400

     Weighting = 1
     Sampling strategy = regular
     Number of bins = 32
     Radius = 4
     Sampling percentage  = 0.25
   Transform = Rigid
     Gradient step = 0.1
     Update field sigma (voxel space) = 0
     Total field sigma (voxel space) = 0
     Update field time sigma = 0
     Total field time sigma  = 0
     Number of time indices = 0
     Number of time point samples = 0
Registration using 1 total stages.

Stage 0
  iterations = 0
  convergence threshold = 1e-06
  convergence window size = 10
  number of levels = 1
  using the Mattes MI metric (number of bins = 32, weight = 1, use gradient filter = 0)
  preprocessing:  winsorizing the image intensities
  Shrink factors (level 1 out of 1): [1, 1, 1]
  smoothing sigmas per level: [0]
  regular sampling (percentage = 0.25)

*** Running Euler3DTransform registration ***

  Elapsed time (stage 0): 1.12345


Total elapsed time: 1.12559
Info [verificarlo]: loaded backend libinterflop_vprec.so
Info [interflop-vprec]: load backend with: 
Info [interflop-vprec]: precision-binary32 = 8
Info [interflop-vprec]: range-binary32 = 8
Info [interflop-vprec]: precision-binary64 = 8
Info [interflop-vprec]: range-binary64 = 8
Info [interflop-vprec]: mode = ob
Info [interflop-vprec]: error-mode = rel
Info [interflop-vprec]: max-abs-error-exponent = -1022
Info [interflop-vprec]: daz = false
Info [interflop-vprec]: ftz = false
Info [interflop-vprec]: 	instrument = none
Info [interflop-vprec]: 	prec-input-file = (null)
Info [interflop-vprec]: 	prec-output-file = (null)
Info [interflop-vprec]: 	prec-log-file = (null)
All_Command_lines_OK
Using double precision for computations.
=============================================================================
The composite transform comprises the following transforms (in order): 
  1. /home/mdugre/scratch/mri-registration-rp/datasets/ds004513/derivatives/mri-registration-rp/0100/antsRegistration-r8-p8/sub-s033/align_Composite.h5[0] (type = Euler3DTransform)
  2. /home/mdugre/scratch/mri-registration-rp/datasets/ds004513/derivatives/mri-registration-rp/0100/antsRegistration-r8-p8/sub-s033/align_Composite.h5[1] (type = Euler3DTransform)
=============================================================================
  number of levels = 4
  fixed image: /templateflow/tpl-MNI152NLin2009cAsym/tpl-MNI152NLin2009cAsym_res-01_desc-brain_T1w.nii.gz
  moving image: /home/mdugre/scratch/mri-registration-rp/datasets/ds004513/derivatives/mri-registration-rp/antsBrainExtraction/sub-s033/BrainExtractionBrain.nii.gz
Dimension = 3
Number of stages = 1
Use histogram matching = false
Winsorize image intensities = true
  Lower quantile = 0.005
  Upper quantile = 0.995


Stage 1 State
   Image metric = MattesMI
     Fixed image = Image (0x3db21e0)
  RTTI typeinfo:   itk::Image<double, 3u>
  Reference Count: 2
  Modified Time: 1578
  Debug: Off
  Object Name: 
  Observers: 
    none
  Source: (none)
  Source output name: (none)
  Release Data: Off
  Data Released: False
  Global Release Data: Off
  PipelineMTime: 0
  UpdateMTime: 1189
  RealTimeStamp: 0 seconds 
  LargestPossibleRegion: 
    Dimension: 3
    Index: [0, 0, 0]
    Size: [193, 229, 193]
  BufferedRegion: 
    Dimension: 3
    Index: [0, 0, 0]
    Size: [193, 229, 193]
  RequestedRegion: 
    Dimension: 3
    Index: [0, 0, 0]
    Size: [193, 229, 193]
  Spacing: [1, 1, 1]
  Origin: [96, 132, -78]
  Direction: 
-1 0 0
0 -1 0
0 0 1

  IndexToPointMatrix: 
-1 0 0
0 -1 0
0 0 1

  PointToIndexMatrix: 
-1 0 0
0 -1 0
0 0 1

  Inverse Direction: 
-1 0 0
0 -1 0
0 0 1

  PixelContainer: 
    ImportImageContainer (0x3e71680)
      RTTI typeinfo:   itk::ImportImageContainer<unsigned long, double>
      Reference Count: 1
      Modified Time: 1186
      Debug: Off
      Object Name: 
      Observers: 
        none
      Pointer: 0x14907618e010
      Container manages memory: true
      Size: 8530021
      Capacity: 8530021

     Moving image = Image (0x3e6db20)
  RTTI typeinfo:   itk::Image<double, 3u>
  Reference Count: 2
  Modified Time: 1579
  Debug: Off
  Object Name: 
  Observers: 
    none
  Source: (none)
  Source output name: (none)
  Release Data: Off
  Data Released: False
  Global Release Data: Off
  PipelineMTime: 0
  UpdateMTime: 1576
  RealTimeStamp: 0 seconds 
  LargestPossibleRegion: 
    Dimension: 3
    Index: [0, 0, 0]
    Size: [160, 240, 256]
  BufferedRegion: 
    Dimension: 3
    Index: [0, 0, 0]
    Size: [160, 240, 256]
  RequestedRegion: 
    Dimension: 3
    Index: [0, 0, 0]
    Size: [160, 240, 256]
  Spacing: [1, 1, 1]
  Origin: [91.5, 94.25, -110]
  Direction: 
-0.996094 -0.0700684 -0.0571289
0.0698242 -0.998047 0.0039978
-0.0574951 0 0.998047

  IndexToPointMatrix: 
-0.996094 -0.0700684 -0.0571289
0.0698242 -0.998047 0.0039978
-0.0574951 0 0.998047

  PointToIndexMatrix: 
-0.996094 0.0698242 -0.0574951
-0.0703125 -1 0.00189209
-0.057251 0.00592041 0.998047

  Inverse Direction: 
-0.996094 0.0698242 -0.0574951
-0.0703125 -1 0.00189209
-0.057251 0.00592041 0.998047

  PixelContainer: 
    ImportImageContainer (0x3ed6d50)
      RTTI typeinfo:   itk::ImportImageContainer<unsigned long, double>
      Reference Count: 1
      Modified Time: 1573
      Debug: Off
      Object Name: 
      Observers: 
        none
      Pointer: 0x14907168d010
      Container manages memory: true
      Size: 9830400
      Capacity: 9830400

     Weighting = 1
     Sampling strategy = regular
     Number of bins = 32
     Radius = 4
     Sampling percentage  = 0.25
   Transform = Rigid
     Gradient step = 0.1
     Update field sigma (voxel space) = 0
     Total field sigma (voxel space) = 0
     Update field time sigma = 0
     Total field time sigma  = 0
     Number of time indices = 0
     Number of time point samples = 0
Registration using 1 total stages.

Stage 0
  iterations = 1000x500x250x100
  convergence threshold = 1e-06
  convergence window size = 10
  number of levels = 4
  using the Mattes MI metric (number of bins = 32, weight = 1, use gradient filter = 0)
  preprocessing:  winsorizing the image intensities
  Shrink factors (level 1 out of 4): [8, 8, 8]
  Shrink factors (level 2 out of 4): [4, 4, 4]
  Shrink factors (level 3 out of 4): [2, 2, 2]
  Shrink factors (level 4 out of 4): [1, 1, 1]
  smoothing sigmas per level: [3, 2, 1, 0]
  regular sampling (percentage = 0.25)

*** Running Euler3DTransform registration ***

DIAGNOSTIC,Iteration,metricValue,convergenceValue,ITERATION_TIME_INDEX,SINCE_LAST
 2DIAGNOSTIC,     1, -5.373061974486e-01, 1.797693134862e+308, 0.0000e+00, 0.0000e+00, 
 2DIAGNOSTIC,     2, -5.378783732802e-01, 1.797693134862e+308, 0.0000e+00, 0.0000e+00, 
 2DIAGNOSTIC,     3, -5.388896836831e-01, 1.797693134862e+308, 0.0000e+00, 0.0000e+00, 
 2DIAGNOSTIC,     4, -5.387607566124e-01, 1.797693134862e+308, 0.0000e+00, 0.0000e+00, 
 2DIAGNOSTIC,     5, -5.386496574755e-01, 1.797693134862e+308, 0.0000e+00, 0.0000e+00, 
 2DIAGNOSTIC,     6, -5.386583089781e-01, 1.797693134862e+308, 0.0000e+00, 0.0000e+00, 
 2DIAGNOSTIC,     7, -5.384858811238e-01, 1.797693134862e+308, 0.0000e+00, 0.0000e+00, 
 2DIAGNOSTIC,     8, -5.385387685390e-01, 1.797693134862e+308, 0.0000e+00, 0.0000e+00, 
 2DIAGNOSTIC,     9, -5.385379368273e-01, 1.797693134862e+308, 0.0000e+00, 0.0000e+00, 
 2DIAGNOSTIC,    10, -5.384725219945e-01, 7.234625425329e-05, 0.0000e+00, 0.0000e+00, 
 2DIAGNOSTIC,    11, -5.385657363356e-01, 4.162332977453e-06, 0.0000e+00, 0.0000e+00, 
DIAGNOSTIC,Iteration,metricValue,convergenceValue,ITERATION_TIME_INDEX,SINCE_LAST
 2DIAGNOSTIC,     1, -4.292658188373e-01, 1.797693134862e+308, 0.0000e+00, 0.0000e+00, 
 2DIAGNOSTIC,     2, -4.297071737268e-01, 1.797693134862e+308, 0.0000e+00, 0.0000e+00, 
 2DIAGNOSTIC,     3, -4.304327494200e-01, 1.797693134862e+308, 0.0000e+00, 0.0000e+00, 
 2DIAGNOSTIC,     4, -4.318868500181e-01, 1.797693134862e+308, 0.0000e+00, 0.0000e+00, 
 2DIAGNOSTIC,     5, -4.329454698083e-01, 1.797693134862e+308, 0.0000e+00, 0.0000e+00, 
 2DIAGNOSTIC,     6, -4.338258223317e-01, 1.797693134862e+308, 0.0000e+00, 0.0000e+00, 
 2DIAGNOSTIC,     7, -4.359522195081e-01, 1.797693134862e+308, 0.0000e+00, 0.0000e+00, 
 2DIAGNOSTIC,     8, -4.401642354215e-01, 1.797693134862e+308, 0.0000e+00, 0.0000e+00, 
 2DIAGNOSTIC,     9, -4.482594095430e-01, 1.797693134862e+308, 0.0000e+00, 0.0000e+00, 
 2DIAGNOSTIC,    10, -4.589714709681e-01, 3.564659099626e-03, 0.0000e+00, 0.0000e+00, 
 2DIAGNOSTIC,    11, -4.740125252937e-01, 4.957067496415e-03, 0.0000e+00, 0.0000e+00, 
 2DIAGNOSTIC,    12, -4.973792970006e-01, 6.890940996103e-03, 0.0000e+00, 0.0000e+00, 
 2DIAGNOSTIC,    13, -5.297576524529e-01, 9.417248220906e-03, 0.0000e+00, 0.0000e+00, 
 2DIAGNOSTIC,    14, -5.430611007336e-01, 1.128665765497e-02, 0.0000e+00, 0.0000e+00, 
 2DIAGNOSTIC,    15, -5.463119356878e-01, 1.202442509926e-02, 0.0000e+00, 0.0000e+00, 
 2DIAGNOSTIC,    16, -5.441374941470e-01, 1.153109885298e-02, 0.0000e+00, 0.0000e+00, 
 2DIAGNOSTIC,    17, -5.449984858611e-01, 1.015386674712e-02, 0.0000e+00, 0.0000e+00, 
 2DIAGNOSTIC,    18, -5.447095205903e-01, 8.134348480495e-03, 0.0000e+00, 0.0000e+00, 
 2DIAGNOSTIC,    19, -5.449275741997e-01, 5.861889120085e-03, 0.0000e+00, 0.0000e+00, 
 2DIAGNOSTIC,    20, -5.450939004240e-01, 3.631462935349e-03, 0.0000e+00, 0.0000e+00, 
 2DIAGNOSTIC,    21, -5.455071539840e-01, 1.730114212531e-03, 0.0000e+00, 0.0000e+00, 
 2DIAGNOSTIC,    22, -5.448837706769e-01, 4.415953905118e-04, 0.0000e+00, 0.0000e+00, 
 2DIAGNOSTIC,    23, -5.442666687252e-01, 2.512822155813e-05, 0.0000e+00, 0.0000e+00, 
DIAGNOSTIC,Iteration,metricValue,convergenceValue,ITERATION_TIME_INDEX,SINCE_LAST
 2DIAGNOSTIC,     1, -4.617481234819e-01, 1.797693134862e+308, 0.0000e+00, 0.0000e+00, 
 2DIAGNOSTIC,     2, -4.618872430456e-01, 1.797693134862e+308, 0.0000e+00, 0.0000e+00, 
 2DIAGNOSTIC,     3, -4.619838512211e-01, 1.797693134862e+308, 0.0000e+00, 0.0000e+00, 
 2DIAGNOSTIC,     4, -4.622921541691e-01, 1.797693134862e+308, 0.0000e+00, 0.0000e+00, 
 2DIAGNOSTIC,     5, -4.623108567022e-01, 1.797693134862e+308, 0.0000e+00, 0.0000e+00, 
 2DIAGNOSTIC,     6, -4.609792873428e-01, 1.797693134862e+308, 0.0000e+00, 0.0000e+00, 
 2DIAGNOSTIC,     7, -4.607819007651e-01, 1.797693134862e+308, 0.0000e+00, 0.0000e+00, 
 2DIAGNOSTIC,     8, -4.608905090120e-01, 1.797693134862e+308, 0.0000e+00, 0.0000e+00, 
 2DIAGNOSTIC,     9, -4.608636679216e-01, 1.797693134862e+308, 0.0000e+00, 0.0000e+00, 
DIAGNOSTIC,Iteration,metricValue,convergenceValue,ITERATION_TIME_INDEX,SINCE_LAST
 2DIAGNOSTIC,     1, -4.197810107884e-01, 1.797693134862e+308, 0.0000e+00, 0.0000e+00, 
 2DIAGNOSTIC,     2, -4.197194422540e-01, 1.797693134862e+308, 0.0000e+00, 0.0000e+00, 
 2DIAGNOSTIC,     3, -4.197935025816e-01, 1.797693134862e+308, 0.0000e+00, 0.0000e+00, 
 2DIAGNOSTIC,     4, -4.189253145947e-01, 1.797693134862e+308, 0.0000e+00, 0.0000e+00, 
 2DIAGNOSTIC,     5, -4.189939245750e-01, 1.797693134862e+308, 0.0000e+00, 0.0000e+00, 
 2DIAGNOSTIC,     6, -4.190710392630e-01, 1.797693134862e+308, 0.0000e+00, 0.0000e+00, 
 2DIAGNOSTIC,     7, -4.191352935633e-01, 1.797693134862e+308, 0.0000e+00, 0.0000e+00, 
 2DIAGNOSTIC,     8, -4.191657142891e-01, 1.797693134862e+308, 0.0000e+00, 0.0000e+00, 
 2DIAGNOSTIC,     9, -4.191760756055e-01, 1.797693134862e+308, 0.0000e+00, 0.0000e+00, 
  Elapsed time (stage 0): 0.0000e+00


Total elapsed time: 0.0000e+00
Info [verificarlo]: loaded backend libinterflop_ieee.so
Info [interflop-ieee]: load backend with:
Info [interflop-ieee]: debug = false
Info [interflop-ieee]: debug-binary = false
Info [interflop-ieee]: no-backend-name = false
Info [interflop-ieee]: print-new-line = false
Info [interflop-ieee]: print-subnormal-normalized = false
Info [interflop-ieee]: count-op = false
All_Command_lines_OK
Using double precision for computations.
=============================================================================
The composite transform comprises the following transforms (in order): 
  1. /home/mdugre/scratch/mri-registration-rp/datasets/ds004513/derivatives/mri-registration-rp/0100/antsRegistration-r8-p8/sub-s033/rigid_Composite.h5[0] (type = Euler3DTransform)
  2. /home/mdugre/scratch/mri-registration-rp/datasets/ds004513/derivatives/mri-registration-rp/0100/antsRegistration-r8-p8/sub-s033/rigid_Composite.h5[1] (type = Euler3DTransform)
  3. /home/mdugre/scratch/mri-registration-rp/datasets/ds004513/derivatives/mri-registration-rp/0100/antsRegistration-r8-p8/sub-s033/rigid_Composite.h5[2] (type = Euler3DTransform)
=============================================================================
  number of levels = 4
  fixed image: /templateflow/tpl-MNI152NLin2009cAsym/tpl-MNI152NLin2009cAsym_res-01_desc-brain_T1w.nii.gz
  moving image: /home/mdugre/scratch/mri-registration-rp/datasets/ds004513/derivatives/mri-registration-rp/antsBrainExtraction/sub-s033/BrainExtractionBrain.nii.gz
Dimension = 3
Number of stages = 1
Use histogram matching = false
Winsorize image intensities = true
  Lower quantile = 0.005
  Upper quantile = 0.995


Stage 1 State
   Image metric = MattesMI
     Fixed image = Image (0x424b530)
  RTTI typeinfo:   itk::Image<double, 3u>
  Reference Count: 2
  Modified Time: 1592
  Debug: Off
  Object Name: 
  Observers: 
    none
  Source: (none)
  Source output name: (none)
  Release Data: Off
  Data Released: False
  Global Release Data: Off
  PipelineMTime: 0
  UpdateMTime: 1203
  RealTimeStamp: 0 seconds 
  LargestPossibleRegion: 
    Dimension: 3
    Index: [0, 0, 0]
    Size: [193, 229, 193]
  BufferedRegion: 
    Dimension: 3
    Index: [0, 0, 0]
    Size: [193, 229, 193]
  RequestedRegion: 
    Dimension: 3
    Index: [0, 0, 0]
    Size: [193, 229, 193]
  Spacing: [1, 1, 1]
  Origin: [96, 132, -78]
  Direction: 
-1 0 0
0 -1 0
0 0 1

  IndexToPointMatrix: 
-1 0 0
0 -1 0
0 0 1

  PointToIndexMatrix: 
-1 0 0
0 -1 0
0 0 1

  Inverse Direction: 
-1 0 0
0 -1 0
0 0 1

  PixelContainer: 
    ImportImageContainer (0x42582b0)
      RTTI typeinfo:   itk::ImportImageContainer<unsigned long, double>
      Reference Count: 1
      Modified Time: 1200
      Debug: Off
      Object Name: 
      Observers: 
        none
      Pointer: 0x151e767fb010
      Container manages memory: true
      Size: 8530021
      Capacity: 8530021

     Moving image = Image (0x4306fd0)
  RTTI typeinfo:   itk::Image<double, 3u>
  Reference Count: 2
  Modified Time: 1593
  Debug: Off
  Object Name: 
  Observers: 
    none
  Source: (none)
  Source output name: (none)
  Release Data: Off
  Data Released: False
  Global Release Data: Off
  PipelineMTime: 0
  UpdateMTime: 1590
  RealTimeStamp: 0 seconds 
  LargestPossibleRegion: 
    Dimension: 3
    Index: [0, 0, 0]
    Size: [160, 240, 256]
  BufferedRegion: 
    Dimension: 3
    Index: [0, 0, 0]
    Size: [160, 240, 256]
  RequestedRegion: 
    Dimension: 3
    Index: [0, 0, 0]
    Size: [160, 240, 256]
  Spacing: [1, 1, 1]
  Origin: [91.5134, 94.282, -109.927]
  Direction: 
-0.99591 -0.0698718 -0.0572835
0.0697565 -0.997556 0.00401236
-0.0574239 5.01125e-08 0.99835

  IndexToPointMatrix: 
-0.99591 -0.0698718 -0.0572835
0.0697565 -0.997556 0.00401236
-0.0574239 5.01125e-08 0.99835

  PointToIndexMatrix: 
-0.99591 0.0697565 -0.0574239
-0.0698718 -0.997556 5.01483e-08
-0.0572835 0.00401236 0.99835

  Inverse Direction: 
-0.99591 0.0697565 -0.0574239
-0.0698718 -0.997556 5.01483e-08
-0.0572835 0.00401236 0.99835

  PixelContainer: 
    ImportImageContainer (0x43a2650)
      RTTI typeinfo:   itk::ImportImageContainer<unsigned long, double>
      Reference Count: 1
      Modified Time: 1587
      Debug: Off
      Object Name: 
      Observers: 
        none
      Pointer: 0x151e71cfa010
      Container manages memory: true
      Size: 9830400
      Capacity: 9830400

     Weighting = 1
     Sampling strategy = regular
     Number of bins = 32
     Radius = 4
     Sampling percentage  = 0.25
   Transform = Affine
     Gradient step = 0.1
     Update field sigma (voxel space) = 0
     Total field sigma (voxel space) = 0
     Update field time sigma = 0
     Total field time sigma  = 0
     Number of time indices = 0
     Number of time point samples = 0
Registration using 1 total stages.

Stage 0
  iterations = 1000x500x250x100
  convergence threshold = 1e-06
  convergence window size = 10
  number of levels = 4
  using the Mattes MI metric (number of bins = 32, weight = 1, use gradient filter = 0)
  preprocessing:  winsorizing the image intensities
  Shrink factors (level 1 out of 4): [8, 8, 8]
  Shrink factors (level 2 out of 4): [4, 4, 4]
  Shrink factors (level 3 out of 4): [2, 2, 2]
  Shrink factors (level 4 out of 4): [1, 1, 1]
  smoothing sigmas per level: [3, 2, 1, 0]
  regular sampling (percentage = 0.25)

*** Running AffineTransform registration ***

DIAGNOSTIC,Iteration,metricValue,convergenceValue,ITERATION_TIME_INDEX,SINCE_LAST
 2DIAGNOSTIC,     1, -6.347849617368e-01, 1.797693134862e+308, 6.7092e-01, 6.7092e-01, 
 2DIAGNOSTIC,     2, -6.375239188735e-01, 1.797693134862e+308, 6.7515e-01, 4.2269e-03, 
 2DIAGNOSTIC,     3, -6.422796113282e-01, 1.797693134862e+308, 6.7952e-01, 4.3721e-03, 
 2DIAGNOSTIC,     4, -6.500418016469e-01, 1.797693134862e+308, 6.8365e-01, 4.1301e-03, 
 2DIAGNOSTIC,     5, -6.629579369445e-01, 1.797693134862e+308, 6.8761e-01, 3.9601e-03, 
 2DIAGNOSTIC,     6, -6.841597451659e-01, 1.797693134862e+308, 6.9196e-01, 4.3461e-03, 
 2DIAGNOSTIC,     7, -7.188206579598e-01, 1.797693134862e+308, 6.9601e-01, 4.0550e-03, 
 2DIAGNOSTIC,     8, -7.636133947783e-01, 1.797693134862e+308, 7.0096e-01, 4.9481e-03, 
 2DIAGNOSTIC,     9, -8.293597235523e-01, 1.797693134862e+308, 7.0668e-01, 5.7242e-03, 
 2DIAGNOSTIC,    10, -8.731200429930e-01, 2.109750845679e-02, 7.1107e-01, 4.3821e-03, 
 2DIAGNOSTIC,    11, -8.892375838318e-01, 2.249506213983e-02, 7.1629e-01, 5.2280e-03, 
 2DIAGNOSTIC,    12, -8.974389529719e-01, 2.197812136567e-02, 7.2124e-01, 4.9410e-03, 
 2DIAGNOSTIC,    13, -9.013768465698e-01, 1.984312903078e-02, 7.2643e-01, 5.1961e-03, 
 2DIAGNOSTIC,    14, -9.056187083688e-01, 1.658425577717e-02, 7.3160e-01, 5.1692e-03, 
 2DIAGNOSTIC,    15, -9.060042432742e-01, 1.265381515507e-02, 7.3679e-01, 5.1901e-03, 
 2DIAGNOSTIC,    16, -9.064704834607e-01, 8.643264141012e-03, 7.4210e-01, 5.3079e-03, 
 2DIAGNOSTIC,    17, -9.061416419216e-01, 5.116110345323e-03, 7.4682e-01, 4.7169e-03, 
 2DIAGNOSTIC,    18, -9.063203988885e-01, 2.436195697388e-03, 7.5148e-01, 4.6680e-03, 
 2DIAGNOSTIC,    19, -9.066736670272e-01, 1.066673372902e-03, 7.5672e-01, 5.2340e-03, 
 2DIAGNOSTIC,    20, -9.067196868482e-01, 5.188300654928e-04, 7.6374e-01, 7.0188e-03, 
 2DIAGNOSTIC,    21, -9.066240405121e-01, 2.467112409269e-04, 7.7041e-01, 6.6700e-03, 
 2DIAGNOSTIC,    22, -9.066282726223e-01, 1.086329284590e-04, 7.7502e-01, 4.6151e-03, 
 2DIAGNOSTIC,    23, -9.066344511625e-01, 3.163957549690e-05, 7.7963e-01, 4.6070e-03, 
 2DIAGNOSTIC,    24, -9.066420003366e-01, 1.976042704787e-05, 7.8427e-01, 4.6432e-03, 
 2DIAGNOSTIC,    25, -9.066493418080e-01, 1.239304474242e-05, 7.8943e-01, 5.1620e-03, 
 2DIAGNOSTIC,    26, -9.068060688602e-01, 1.307043180266e-05, 7.9463e-01, 5.1961e-03, 
 2DIAGNOSTIC,    27, -9.066630288268e-01, 6.572658349337e-06, 7.9924e-01, 4.6101e-03, 
DIAGNOSTIC,Iteration,metricValue,convergenceValue,ITERATION_TIME_INDEX,SINCE_LAST
 2DIAGNOSTIC,     1, -7.439362011787e-01, 1.797693134862e+308, 1.5400e+00, 7.4078e-01, 
 2DIAGNOSTIC,     2, -7.447095958762e-01, 1.797693134862e+308, 1.5796e+00, 3.9533e-02, 
 2DIAGNOSTIC,     3, -7.455241297943e-01, 1.797693134862e+308, 1.6149e+00, 3.5354e-02, 
 2DIAGNOSTIC,     4, -7.464614820767e-01, 1.797693134862e+308, 1.6507e+00, 3.5765e-02, 
 2DIAGNOSTIC,     5, -7.481429712534e-01, 1.797693134862e+308, 1.6902e+00, 3.9565e-02, 
 2DIAGNOSTIC,     6, -7.482332819655e-01, 1.797693134862e+308, 1.7298e+00, 3.9551e-02, 
 2DIAGNOSTIC,     7, -7.484187936175e-01, 1.797693134862e+308, 1.7690e+00, 3.9222e-02, 
 2DIAGNOSTIC,     8, -7.485801960137e-01, 1.797693134862e+308, 1.8076e+00, 3.8623e-02, 
 2DIAGNOSTIC,     9, -7.486623616944e-01, 1.797693134862e+308, 1.8472e+00, 3.9585e-02, 
 2DIAGNOSTIC,    10, -7.486553637440e-01, 4.310071714701e-04, 1.8826e+00, 3.5418e-02, 
 2DIAGNOSTIC,    11, -7.486615884556e-01, 2.956663324308e-04, 1.9299e+00, 4.7246e-02, 
 2DIAGNOSTIC,    12, -7.486906000719e-01, 1.824930383287e-04, 1.9631e+00, 3.3219e-02, 
 2DIAGNOSTIC,    13, -7.486805730489e-01, 9.376886041440e-05, 2.0001e+00, 3.7025e-02, 
 2DIAGNOSTIC,    14, -7.486849445455e-01, 3.378673077009e-05, 2.0355e+00, 3.5391e-02, 
 2DIAGNOSTIC,    15, -7.486603653218e-01, 2.098539109972e-05, 2.0757e+00, 4.0166e-02, 
 2DIAGNOSTIC,    16, -7.486080127853e-01, 8.919867766605e-06, 2.1158e+00, 4.0089e-02, 
 2DIAGNOSTIC,    17, -7.486099769984e-01, 1.763034350684e-06, 2.1508e+00, 3.5032e-02, 
DIAGNOSTIC,Iteration,metricValue,convergenceValue,ITERATION_TIME_INDEX,SINCE_LAST
 2DIAGNOSTIC,     1, -6.325683705978e-01, 1.797693134862e+308, 3.2701e+00, 1.1193e+00, 
 2DIAGNOSTIC,     2, -6.331415339174e-01, 1.797693134862e+308, 3.5177e+00, 2.4760e-01, 
 2DIAGNOSTIC,     3, -6.337888394739e-01, 1.797693134862e+308, 3.7634e+00, 2.4568e-01, 
 2DIAGNOSTIC,     4, -6.345026228347e-01, 1.797693134862e+308, 4.0140e+00, 2.5060e-01, 
 2DIAGNOSTIC,     5, -6.363448030258e-01, 1.797693134862e+308, 4.3257e+00, 3.1163e-01, 
 2DIAGNOSTIC,     6, -6.378520760677e-01, 1.797693134862e+308, 4.7165e+00, 3.9083e-01, 
 2DIAGNOSTIC,     7, -6.378576737481e-01, 1.797693134862e+308, 5.0437e+00, 3.2722e-01, 
 2DIAGNOSTIC,     8, -6.378553227978e-01, 1.797693134862e+308, 5.3855e+00, 3.4181e-01, 
 2DIAGNOSTIC,     9, -6.378538952022e-01, 1.797693134862e+308, 5.6554e+00, 2.6984e-01, 
 2DIAGNOSTIC,    10, -6.378533711011e-01, 6.320668925475e-04, 5.8865e+00, 2.3116e-01, 
 2DIAGNOSTIC,    11, -6.378507048249e-01, 4.626343246387e-04, 6.1943e+00, 3.0778e-01, 
 2DIAGNOSTIC,    12, -6.378439405700e-01, 3.019167887061e-04, 6.4584e+00, 2.6408e-01, 
 2DIAGNOSTIC,    13, -6.378440822564e-01, 1.621184062139e-04, 6.7182e+00, 2.5982e-01, 
 2DIAGNOSTIC,    14, -6.378416724603e-01, 4.941681435160e-05, 6.9735e+00, 2.5526e-01, 
 2DIAGNOSTIC,    15, -6.378433862173e-01, 1.063835308165e-06, 7.2213e+00, 2.4785e-01, 
DIAGNOSTIC,Iteration,metricValue,convergenceValue,ITERATION_TIME_INDEX,SINCE_LAST
 2DIAGNOSTIC,     1, -5.636989335254e-01, 1.797693134862e+308, 1.0213e+01, 2.9917e+00, 
 2DIAGNOSTIC,     2, -5.638063938850e-01, 1.797693134862e+308, 1.2203e+01, 1.9904e+00, 
 2DIAGNOSTIC,     3, -5.638161976754e-01, 1.797693134862e+308, 1.4809e+01, 2.6056e+00, 
 2DIAGNOSTIC,     4, -5.638162536142e-01, 1.797693134862e+308, 1.7046e+01, 2.2371e+00, 
 2DIAGNOSTIC,     5, -5.638158877735e-01, 1.797693134862e+308, 1.8830e+01, 1.7840e+00, 
 2DIAGNOSTIC,     6, -5.638158953672e-01, 1.797693134862e+308, 2.0970e+01, 2.1398e+00, 
 2DIAGNOSTIC,     7, -5.638153012126e-01, 1.797693134862e+308, 2.3209e+01, 2.2394e+00, 
 2DIAGNOSTIC,     8, -5.638156933518e-01, 1.797693134862e+308, 2.5118e+01, 1.9081e+00, 
 2DIAGNOSTIC,     9, -5.638152008784e-01, 1.797693134862e+308, 2.7331e+01, 2.2137e+00, 
 2DIAGNOSTIC,    10, -5.638150872811e-01, 9.383922397688e-06, 2.9594e+01, 2.2632e+00, 
 2DIAGNOSTIC,    11, -5.638151487386e-01, 3.206085767829e-06, 3.1467e+01, 1.8726e+00, 
 2DIAGNOSTIC,    12, -5.638149900819e-01, 2.525096762851e-06, 3.3359e+01, 1.8915e+00, 
 2DIAGNOSTIC,    13, -5.638148569132e-01, 2.335032033077e-06, 3.5464e+01, 2.1057e+00, 
 2DIAGNOSTIC,    14, -5.638148135785e-01, 2.183137544021e-06, 3.7334e+01, 1.8700e+00, 
 2DIAGNOSTIC,    15, -5.638147580195e-01, 2.045449217475e-06, 3.9297e+01, 1.9627e+00, 
 2DIAGNOSTIC,    16, -5.638147024253e-01, 1.930757392479e-06, 4.1084e+01, 1.7866e+00, 
 2DIAGNOSTIC,    17, -5.638147095476e-01, 1.816964395066e-06, 4.3380e+01, 2.2967e+00, 
 2DIAGNOSTIC,    18, -5.638146148079e-01, 1.729573480762e-06, 4.5005e+01, 1.6251e+00, 
 2DIAGNOSTIC,    19, -5.638145557052e-01, 1.640363917518e-06, 4.6959e+01, 1.9536e+00, 
 2DIAGNOSTIC,    20, -5.638143873675e-01, 1.556018401114e-06, 4.8665e+01, 1.7065e+00, 
 2DIAGNOSTIC,    21, -5.638144514250e-01, 1.486074007184e-06, 5.0581e+01, 1.9155e+00, 
 2DIAGNOSTIC,    22, -5.638144597917e-01, 1.421678664286e-06, 5.2501e+01, 1.9204e+00, 
 2DIAGNOSTIC,    23, -5.638143216222e-01, 1.359187668797e-06, 5.4303e+01, 1.8019e+00, 
 2DIAGNOSTIC,    24, -5.638144367355e-01, 1.305819418491e-06, 5.6227e+01, 1.9242e+00, 
 2DIAGNOSTIC,    25, -5.638146013414e-01, 1.260722618739e-06, 5.8337e+01, 2.1100e+00, 
 2DIAGNOSTIC,    26, -5.638144498202e-01, 1.216016234436e-06, 6.0216e+01, 1.8784e+00, 
 2DIAGNOSTIC,    27, -5.638142609962e-01, 1.172072833774e-06, 6.2167e+01, 1.9516e+00, 
 2DIAGNOSTIC,    28, -5.638140353462e-01, 1.126233006431e-06, 6.4136e+01, 1.9689e+00, 
 2DIAGNOSTIC,    29, -5.638141312829e-01, 1.085218306766e-06, 6.5975e+01, 1.8383e+00, 
 2DIAGNOSTIC,    30, -5.638140991248e-01, 1.044418838157e-06, 6.7761e+01, 1.7863e+00, 
 2DIAGNOSTIC,    31, -5.638140887918e-01, 1.008648584024e-06, 6.9628e+01, 1.8675e+00, 
  Elapsed time (stage 0): 7.0771e+01


Total elapsed time: 7.0773e+01
Info [verificarlo]: loaded backend libinterflop_ieee.so
Info [interflop-ieee]: load backend with:
Info [interflop-ieee]: debug = false
Info [interflop-ieee]: debug-binary = false
Info [interflop-ieee]: no-backend-name = false
Info [interflop-ieee]: print-new-line = false
Info [interflop-ieee]: print-subnormal-normalized = false
Info [interflop-ieee]: count-op = false
All_Command_lines_OK
Using double precision for computations.
=============================================================================
The composite transform comprises the following transforms (in order): 
  1. /home/mdugre/scratch/mri-registration-rp/datasets/ds004513/derivatives/mri-registration-rp/0100/antsRegistration-r8-p8/sub-s033/affine_Composite.h5[0] (type = Euler3DTransform)
  2. /home/mdugre/scratch/mri-registration-rp/datasets/ds004513/derivatives/mri-registration-rp/0100/antsRegistration-r8-p8/sub-s033/affine_Composite.h5[1] (type = Euler3DTransform)
  3. /home/mdugre/scratch/mri-registration-rp/datasets/ds004513/derivatives/mri-registration-rp/0100/antsRegistration-r8-p8/sub-s033/affine_Composite.h5[2] (type = Euler3DTransform)
  4. /home/mdugre/scratch/mri-registration-rp/datasets/ds004513/derivatives/mri-registration-rp/0100/antsRegistration-r8-p8/sub-s033/affine_Composite.h5[3] (type = AffineTransform)
=============================================================================
  number of levels = 4
  fixed image: /templateflow/tpl-MNI152NLin2009cAsym/tpl-MNI152NLin2009cAsym_res-01_desc-brain_T1w.nii.gz
  moving image: /home/mdugre/scratch/mri-registration-rp/datasets/ds004513/derivatives/mri-registration-rp/antsBrainExtraction/sub-s033/BrainExtractionBrain.nii.gz
Dimension = 3
Number of stages = 1
Use histogram matching = false
Winsorize image intensities = true
  Lower quantile = 0.005
  Upper quantile = 0.995


Stage 1 State
   Image metric = CC
     Fixed image = Image (0x486ea40)
  RTTI typeinfo:   itk::Image<double, 3u>
  Reference Count: 2
  Modified Time: 1606
  Debug: Off
  Object Name: 
  Observers: 
    none
  Source: (none)
  Source output name: (none)
  Release Data: Off
  Data Released: False
  Global Release Data: Off
  PipelineMTime: 0
  UpdateMTime: 1217
  RealTimeStamp: 0 seconds 
  LargestPossibleRegion: 
    Dimension: 3
    Index: [0, 0, 0]
    Size: [193, 229, 193]
  BufferedRegion: 
    Dimension: 3
    Index: [0, 0, 0]
    Size: [193, 229, 193]
  RequestedRegion: 
    Dimension: 3
    Index: [0, 0, 0]
    Size: [193, 229, 193]
  Spacing: [1, 1, 1]
  Origin: [96, 132, -78]
  Direction: 
-1 0 0
0 -1 0
0 0 1

  IndexToPointMatrix: 
-1 0 0
0 -1 0
0 0 1

  PointToIndexMatrix: 
-1 0 0
0 -1 0
0 0 1

  Inverse Direction: 
-1 0 0
0 -1 0
0 0 1

  PixelContainer: 
    ImportImageContainer (0x493cc30)
      RTTI typeinfo:   itk::ImportImageContainer<unsigned long, double>
      Reference Count: 1
      Modified Time: 1214
      Debug: Off
      Object Name: 
      Observers: 
        none
      Pointer: 0x153491ec8010
      Container manages memory: true
      Size: 8530021
      Capacity: 8530021

     Moving image = Image (0x4945b70)
  RTTI typeinfo:   itk::Image<double, 3u>
  Reference Count: 2
  Modified Time: 1607
  Debug: Off
  Object Name: 
  Observers: 
    none
  Source: (none)
  Source output name: (none)
  Release Data: Off
  Data Released: False
  Global Release Data: Off
  PipelineMTime: 0
  UpdateMTime: 1604
  RealTimeStamp: 0 seconds 
  LargestPossibleRegion: 
    Dimension: 3
    Index: [0, 0, 0]
    Size: [160, 240, 256]
  BufferedRegion: 
    Dimension: 3
    Index: [0, 0, 0]
    Size: [160, 240, 256]
  RequestedRegion: 
    Dimension: 3
    Index: [0, 0, 0]
    Size: [160, 240, 256]
  Spacing: [1, 1, 1]
  Origin: [91.5134, 94.282, -109.927]
  Direction: 
-0.99591 -0.0698718 -0.0572835
0.0697565 -0.997556 0.00401236
-0.0574239 5.01125e-08 0.99835

  IndexToPointMatrix: 
-0.99591 -0.0698718 -0.0572835
0.0697565 -0.997556 0.00401236
-0.0574239 5.01125e-08 0.99835

  PointToIndexMatrix: 
-0.99591 0.0697565 -0.0574239
-0.0698718 -0.997556 5.01483e-08
-0.0572835 0.00401236 0.99835

  Inverse Direction: 
-0.99591 0.0697565 -0.0574239
-0.0698718 -0.997556 5.01483e-08
-0.0572835 0.00401236 0.99835

  PixelContainer: 
    ImportImageContainer (0x49665d0)
      RTTI typeinfo:   itk::ImportImageContainer<unsigned long, double>
      Reference Count: 1
      Modified Time: 1601
      Debug: Off
      Object Name: 
      Observers: 
        none
      Pointer: 0x15348d3c7010
      Container manages memory: true
      Size: 9830400
      Capacity: 9830400

     Weighting = 1
     Sampling strategy = none
     Number of bins = 32
     Radius = 4
     Sampling percentage  = 1
   Transform = SyN
     Gradient step = 0.1
     Update field sigma (voxel space) = 3
     Total field sigma (voxel space) = 0
     Update field time sigma = 0
     Total field time sigma  = 0
     Number of time indices = 0
     Number of time point samples = 0
Registration using 1 total stages.

Stage 0
  iterations = 100x70x50x20
  convergence threshold = 1e-06
  convergence window size = 10
  number of levels = 4
  using the CC metric (radius = 4, weight = 1, use gradient filter = 0)
  preprocessing:  winsorizing the image intensities
  Shrink factors (level 1 out of 4): [8, 8, 8]
  Shrink factors (level 2 out of 4): [4, 4, 4]
  Shrink factors (level 3 out of 4): [2, 2, 2]
  Shrink factors (level 4 out of 4): [1, 1, 1]
  smoothing sigmas per level: [3, 2, 1, 0]
  Using default NONE metricSamplingStrategy 

*** Running SyN registration (varianceForUpdateField = 3, varianceForTotalField = 0) ***

XXDIAGNOSTIC,Iteration,metricValue,convergenceValue,ITERATION_TIME_INDEX,SINCE_LAST
 1DIAGNOSTIC,     1, -9.289742920768e-01, 1.797693134862e+308, 1.0221e+00, 1.0221e+00, 
 1DIAGNOSTIC,     2, -9.380418225290e-01, 1.797693134862e+308, 1.3555e+00, 3.3341e-01, 
 1DIAGNOSTIC,     3, -9.448024054186e-01, 1.797693134862e+308, 1.6992e+00, 3.4364e-01, 
 1DIAGNOSTIC,     4, -9.495134548181e-01, 1.797693134862e+308, 2.0339e+00, 3.3469e-01, 
 1DIAGNOSTIC,     5, -9.523614232596e-01, 1.797693134862e+308, 2.3759e+00, 3.4206e-01, 
 1DIAGNOSTIC,     6, -9.549992235998e-01, 1.797693134862e+308, 2.7091e+00, 3.3318e-01, 
 1DIAGNOSTIC,     7, -9.580707533111e-01, 1.797693134862e+308, 3.0495e+00, 3.4041e-01, 
 1DIAGNOSTIC,     8, -9.611468573742e-01, 1.797693134862e+308, 3.3919e+00, 3.4236e-01, 
 1DIAGNOSTIC,     9, -9.639750344332e-01, 1.797693134862e+308, 3.7197e+00, 3.2784e-01, 
 1DIAGNOSTIC,    10, -9.666196622611e-01, 2.278625725224e-03, 4.0673e+00, 3.4754e-01, 
 1DIAGNOSTIC,    11, -9.689530538968e-01, 1.757173200246e-03, 4.4108e+00, 3.4353e-01, 
 1DIAGNOSTIC,    12, -9.705597586532e-01, 1.427663496805e-03, 4.7381e+00, 3.2735e-01, 
 1DIAGNOSTIC,    13, -9.705993759208e-01, 1.174180429025e-03, 5.0738e+00, 3.3570e-01, 
 1DIAGNOSTIC,    14, -9.705879664295e-01, 9.505267754941e-04, 5.4210e+00, 3.4717e-01, 
 1DIAGNOSTIC,    15, -9.706694436493e-01, 7.280313318122e-04, 5.7483e+00, 3.2727e-01, 
 1DIAGNOSTIC,    16, -9.707307969383e-01, 5.160378555867e-04, 6.0939e+00, 3.4558e-01, 
 1DIAGNOSTIC,    17, -9.707897218660e-01, 3.356981492734e-04, 6.4267e+00, 3.3288e-01, 
 1DIAGNOSTIC,    18, -9.709331654091e-01, 1.974594091839e-04, 6.7680e+00, 3.4131e-01, 
 1DIAGNOSTIC,    19, -9.709857419834e-01, 1.002834249578e-04, 7.1431e+00, 3.7509e-01, 
 1DIAGNOSTIC,    20, -9.710470689766e-01, 4.307261572804e-05, 7.4778e+00, 3.3470e-01, 
 1DIAGNOSTIC,    21, -9.710837034406e-01, 2.020663034751e-05, 7.8119e+00, 3.3402e-01, 
 1DIAGNOSTIC,    22, -9.711433790862e-01, 2.005504542462e-05, 8.1528e+00, 3.4090e-01, 
 1DIAGNOSTIC,    23, -9.711824672710e-01, 1.917780833906e-05, 8.4773e+00, 3.2453e-01, 
 1DIAGNOSTIC,    24, -9.712334573530e-01, 1.716897659414e-05, 8.8014e+00, 3.2414e-01, 
 1DIAGNOSTIC,    25, -9.712701269203e-01, 1.522931958659e-05, 9.1332e+00, 3.3175e-01, 
 1DIAGNOSTIC,    26, -9.713309712749e-01, 1.351536678200e-05, 9.4585e+00, 3.2532e-01, 
 1DIAGNOSTIC,    27, -9.713702714839e-01, 1.179927661460e-05, 9.8024e+00, 3.4390e-01, 
 1DIAGNOSTIC,    28, -9.714019716152e-01, 1.103905836810e-05, 1.0137e+01, 3.3457e-01, 
 1DIAGNOSTIC,    29, -9.714434011199e-01, 1.034332238218e-05, 1.0469e+01, 3.3214e-01, 
 1DIAGNOSTIC,    30, -9.714649920230e-01, 9.626556398475e-06, 1.0799e+01, 3.3008e-01, 
 1DIAGNOSTIC,    31, -9.715070293604e-01, 8.881365105240e-06, 1.1147e+01, 3.4770e-01, 
 1DIAGNOSTIC,    32, -9.715210069286e-01, 8.106496560210e-06, 1.1488e+01, 3.4152e-01, 
 1DIAGNOSTIC,    33, -9.715610249321e-01, 7.407237814332e-06, 1.1829e+01, 3.4097e-01, 
 1DIAGNOSTIC,    34, -9.715694561512e-01, 6.645378164805e-06, 1.2154e+01, 3.2437e-01, 
 1DIAGNOSTIC,    35, -9.716094925316e-01, 6.022399792600e-06, 1.2488e+01, 3.3471e-01, 
 1DIAGNOSTIC,    36, -9.716120641404e-01, 5.456334309682e-06, 1.2822e+01, 3.3328e-01, 
 1DIAGNOSTIC,    37, -9.716523763875e-01, 5.119092964002e-06, 1.3147e+01, 3.2549e-01, 
 1DIAGNOSTIC,    38, -9.716497303042e-01, 4.608138973544e-06, 1.3471e+01, 3.2410e-01, 
 1DIAGNOSTIC,    39, -9.716910620469e-01, 4.390920721516e-06, 1.3809e+01, 3.3812e-01, 
 1DIAGNOSTIC,    40, -9.716831842680e-01, 3.932782399754e-06, 1.4150e+01, 3.4015e-01, 
 1DIAGNOSTIC,    41, -9.717251895518e-01, 3.804906407018e-06, 1.4492e+01, 3.4232e-01, 
 1DIAGNOSTIC,    42, -9.717134941007e-01, 3.398472385122e-06, 1.4834e+01, 3.4240e-01, 
 1DIAGNOSTIC,    43, -9.717569037512e-01, 3.334520557605e-06, 1.5180e+01, 3.4539e-01, 
 1DIAGNOSTIC,    44, -9.717408569509e-01, 2.962851281197e-06, 1.5514e+01, 3.3468e-01, 
 1DIAGNOSTIC,    45, -9.717864265130e-01, 2.959470207675e-06, 1.5850e+01, 3.3561e-01, 
 1DIAGNOSTIC,    46, -9.717653308120e-01, 2.610327613502e-06, 1.6203e+01, 3.5329e-01, 
 1DIAGNOSTIC,    47, -9.718134824284e-01, 2.653441753455e-06, 1.6545e+01, 3.4192e-01, 
 1DIAGNOSTIC,    48, -9.717866939942e-01, 2.312662615578e-06, 1.6877e+01, 3.3204e-01, 
