
##########################
# Experiment information #
##########################

EXPERIMENT_NAME: antsRegistration-r7-p7
VFC_BACKENDS: libinterflop_vprec.so --range-binary32=7 --precision-binary32=7 --range-binary64=7 --precision-binary64=7

SIF_IMG: /home/mdugre/projects/rrg-glatard/mdugre/containers/ants-vprec-no_metrics.simg

SUBJECT_ID: s037
INPUT_IMG: /home/mdugre/scratch/mri-registration-rp/datasets/ds004513/derivatives/mri-registration-rp/antsBrainExtraction/sub-s037/BrainExtractionBrain.nii.gz
OUTPUT_DIR: /home/mdugre/scratch/mri-registration-rp/datasets/ds004513/derivatives/mri-registration-rp/0100/antsRegistration-r7-p7/sub-s037

FIXED_IMG: /templateflow/tpl-MNI152NLin2009cAsym/tpl-MNI152NLin2009cAsym_res-01_desc-brain_T1w.nii.gz
DATA_DIR: /home/mdugre/scratch/mri-registration-rp/datasets/ds004513
TEMPLATEFLOW_DIR: /home/mdugre/projects/rrg-glatard/mdugre/templateflow
ITK_GLOBAL_DEFAULT_NUMBER_OF_THREADS: 16
##########################

Info [verificarlo]: loaded backend libinterflop_ieee.so
Info [interflop-ieee]: load backend with:
Info [interflop-ieee]: debug = false
Info [interflop-ieee]: debug-binary = false
Info [interflop-ieee]: no-backend-name = false
Info [interflop-ieee]: print-new-line = false
Info [interflop-ieee]: print-subnormal-normalized = false
Info [interflop-ieee]: count-op = false
All_Command_lines_OK
Using double precision for computations.
=============================================================================
The composite transform comprises the following transforms (in order): 
  1. Center of mass alignment using fixed image: /templateflow/tpl-MNI152NLin2009cAsym/tpl-MNI152NLin2009cAsym_res-01_desc-brain_T1w.nii.gz and moving image: /home/mdugre/scratch/mri-registration-rp/datasets/ds004513/derivatives/mri-registration-rp/antsBrainExtraction/sub-s037/BrainExtractionBrain.nii.gz (type = Euler3DTransform)
=============================================================================
  number of levels = 1
  fixed image: /templateflow/tpl-MNI152NLin2009cAsym/tpl-MNI152NLin2009cAsym_res-01_desc-brain_T1w.nii.gz
  moving image: /home/mdugre/scratch/mri-registration-rp/datasets/ds004513/derivatives/mri-registration-rp/antsBrainExtraction/sub-s037/BrainExtractionBrain.nii.gz
Dimension = 3
Number of stages = 1
Use histogram matching = false
Winsorize image intensities = true
  Lower quantile = 0.005
  Upper quantile = 0.995


Stage 1 State
   Image metric = MattesMI
     Fixed image = Image (0x3b32bd0)
  RTTI typeinfo:   itk::Image<double, 3u>
  Reference Count: 2
  Modified Time: 2330
  Debug: Off
  Object Name: 
  Observers: 
    none
  Source: (none)
  Source output name: (none)
  Release Data: Off
  Data Released: False
  Global Release Data: Off
  PipelineMTime: 0
  UpdateMTime: 1941
  RealTimeStamp: 0 seconds 
  LargestPossibleRegion: 
    Dimension: 3
    Index: [0, 0, 0]
    Size: [193, 229, 193]
  BufferedRegion: 
    Dimension: 3
    Index: [0, 0, 0]
    Size: [193, 229, 193]
  RequestedRegion: 
    Dimension: 3
    Index: [0, 0, 0]
    Size: [193, 229, 193]
  Spacing: [1, 1, 1]
  Origin: [96, 132, -78]
  Direction: 
-1 0 0
0 -1 0
0 0 1

  IndexToPointMatrix: 
-1 0 0
0 -1 0
0 0 1

  PointToIndexMatrix: 
-1 0 0
0 -1 0
0 0 1

  Inverse Direction: 
-1 0 0
0 -1 0
0 0 1

  PixelContainer: 
    ImportImageContainer (0x3b3b9e0)
      RTTI typeinfo:   itk::ImportImageContainer<unsigned long, double>
      Reference Count: 1
      Modified Time: 1938
      Debug: Off
      Object Name: 
      Observers: 
        none
      Pointer: 0x152320a7c010
      Container manages memory: true
      Size: 8530021
      Capacity: 8530021

     Moving image = Image (0x3b3cd40)
  RTTI typeinfo:   itk::Image<double, 3u>
  Reference Count: 2
  Modified Time: 2331
  Debug: Off
  Object Name: 
  Observers: 
    none
  Source: (none)
  Source output name: (none)
  Release Data: Off
  Data Released: False
  Global Release Data: Off
  PipelineMTime: 0
  UpdateMTime: 2328
  RealTimeStamp: 0 seconds 
  LargestPossibleRegion: 
    Dimension: 3
    Index: [0, 0, 0]
    Size: [160, 240, 256]
  BufferedRegion: 
    Dimension: 3
    Index: [0, 0, 0]
    Size: [160, 240, 256]
  RequestedRegion: 
    Dimension: 3
    Index: [0, 0, 0]
    Size: [160, 240, 256]
  Spacing: [1, 1, 1]
  Origin: [87.9508, 102.562, -147.639]
  Direction: 
-0.998659 -0.0436121 -0.0279129
0.043595 -0.999049 0.00121847
-0.0279395 -2.65543e-08 0.99961

  IndexToPointMatrix: 
-0.998659 -0.0436121 -0.0279129
0.043595 -0.999049 0.00121847
-0.0279395 -2.65543e-08 0.99961

  PointToIndexMatrix: 
-0.998659 0.043595 -0.0279395
-0.0436121 -0.999049 -2.65517e-08
-0.0279129 0.00121847 0.99961

  Inverse Direction: 
-0.998659 0.043595 -0.0279395
-0.0436121 -0.999049 -2.65517e-08
-0.0279129 0.00121847 0.99961

  PixelContainer: 
    ImportImageContainer (0x3b62850)
      RTTI typeinfo:   itk::ImportImageContainer<unsigned long, double>
      Reference Count: 1
      Modified Time: 2325
      Debug: Off
      Object Name: 
      Observers: 
        none
      Pointer: 0x15231bf7b010
      Container manages memory: true
      Size: 9830400
      Capacity: 9830400

     Weighting = 1
     Sampling strategy = regular
     Number of bins = 32
     Radius = 4
     Sampling percentage  = 0.25
   Transform = Rigid
     Gradient step = 0.1
     Update field sigma (voxel space) = 0
     Total field sigma (voxel space) = 0
     Update field time sigma = 0
     Total field time sigma  = 0
     Number of time indices = 0
     Number of time point samples = 0
Registration using 1 total stages.

Stage 0
  iterations = 0
  convergence threshold = 1e-06
  convergence window size = 10
  number of levels = 1
  using the Mattes MI metric (number of bins = 32, weight = 1, use gradient filter = 0)
  preprocessing:  winsorizing the image intensities
  Shrink factors (level 1 out of 1): [1, 1, 1]
  smoothing sigmas per level: [0]
  regular sampling (percentage = 0.25)

*** Running Euler3DTransform registration ***

  Elapsed time (stage 0): 1.15743


Total elapsed time: 1.16603
Info [verificarlo]: loaded backend libinterflop_vprec.so
Info [interflop-vprec]: load backend with: 
Info [interflop-vprec]: precision-binary32 = 7
Info [interflop-vprec]: range-binary32 = 7
Info [interflop-vprec]: precision-binary64 = 7
Info [interflop-vprec]: range-binary64 = 7
Info [interflop-vprec]: mode = ob
Info [interflop-vprec]: error-mode = rel
Info [interflop-vprec]: max-abs-error-exponent = -1022
Info [interflop-vprec]: daz = false
Info [interflop-vprec]: ftz = false
Info [interflop-vprec]: 	instrument = none
Info [interflop-vprec]: 	prec-input-file = (null)
Info [interflop-vprec]: 	prec-output-file = (null)
Info [interflop-vprec]: 	prec-log-file = (null)
All_Command_lines_OK
Using double precision for computations.
=============================================================================
The composite transform comprises the following transforms (in order): 
  1. /home/mdugre/scratch/mri-registration-rp/datasets/ds004513/derivatives/mri-registration-rp/0100/antsRegistration-r7-p7/sub-s037/align_Composite.h5[0] (type = Euler3DTransform)
  2. /home/mdugre/scratch/mri-registration-rp/datasets/ds004513/derivatives/mri-registration-rp/0100/antsRegistration-r7-p7/sub-s037/align_Composite.h5[1] (type = Euler3DTransform)
=============================================================================
  number of levels = 4
  fixed image: /templateflow/tpl-MNI152NLin2009cAsym/tpl-MNI152NLin2009cAsym_res-01_desc-brain_T1w.nii.gz
  moving image: /home/mdugre/scratch/mri-registration-rp/datasets/ds004513/derivatives/mri-registration-rp/antsBrainExtraction/sub-s037/BrainExtractionBrain.nii.gz
Dimension = 3
Number of stages = 1
Use histogram matching = false
Winsorize image intensities = true
  Lower quantile = 0.005
  Upper quantile = 0.995


Stage 1 State
   Image metric = MattesMI
     Fixed image = Image (0x40981e0)
  RTTI typeinfo:   itk::Image<double, 3u>
  Reference Count: 2
  Modified Time: 1578
  Debug: Off
  Object Name: 
  Observers: 
    none
  Source: (none)
  Source output name: (none)
  Release Data: Off
  Data Released: False
  Global Release Data: Off
  PipelineMTime: 0
  UpdateMTime: 1189
  RealTimeStamp: 0 seconds 
  LargestPossibleRegion: 
    Dimension: 3
    Index: [0, 0, 0]
    Size: [193, 229, 193]
  BufferedRegion: 
    Dimension: 3
    Index: [0, 0, 0]
    Size: [193, 229, 193]
  RequestedRegion: 
    Dimension: 3
    Index: [0, 0, 0]
    Size: [193, 229, 193]
  Spacing: [1, 1, 1]
  Origin: [96, 132, -78]
  Direction: 
-1 0 0
0 -1 0
0 0 1

  IndexToPointMatrix: 
-1 0 0
0 -1 0
0 0 1

  PointToIndexMatrix: 
-1 0 0
0 -1 0
0 0 1

  Inverse Direction: 
-1 0 0
0 -1 0
0 0 1

  PixelContainer: 
    ImportImageContainer (0x4157680)
      RTTI typeinfo:   itk::ImportImageContainer<unsigned long, double>
      Reference Count: 1
      Modified Time: 1186
      Debug: Off
      Object Name: 
      Observers: 
        none
      Pointer: 0x1473dea91010
      Container manages memory: true
      Size: 8530021
      Capacity: 8530021

     Moving image = Image (0x4153b20)
  RTTI typeinfo:   itk::Image<double, 3u>
  Reference Count: 2
  Modified Time: 1579
  Debug: Off
  Object Name: 
  Observers: 
    none
  Source: (none)
  Source output name: (none)
  Release Data: Off
  Data Released: False
  Global Release Data: Off
  PipelineMTime: 0
  UpdateMTime: 1576
  RealTimeStamp: 0 seconds 
  LargestPossibleRegion: 
    Dimension: 3
    Index: [0, 0, 0]
    Size: [160, 240, 256]
  BufferedRegion: 
    Dimension: 3
    Index: [0, 0, 0]
    Size: [160, 240, 256]
  RequestedRegion: 
    Dimension: 3
    Index: [0, 0, 0]
    Size: [160, 240, 256]
  Spacing: [1, 1, 1]
  Origin: [88, 102.5, -148]
  Direction: 
-1 -0.0437012 -0.0279541
0.0437012 -1 0.0012207
-0.0279541 0 1

  IndexToPointMatrix: 
-1 -0.0437012 -0.0279541
0.0437012 -1 0.0012207
-0.0279541 0 1

  PointToIndexMatrix: 
-1 0.0437012 -0.0279541
-0.0437012 -1 0
-0.0279541 0.0012207 1

  Inverse Direction: 
-1 0.0437012 -0.0279541
-0.0437012 -1 0
-0.0279541 0.0012207 1

  PixelContainer: 
    ImportImageContainer (0x41bcd50)
      RTTI typeinfo:   itk::ImportImageContainer<unsigned long, double>
      Reference Count: 1
      Modified Time: 1573
      Debug: Off
      Object Name: 
      Observers: 
        none
      Pointer: 0x1473d9f90010
      Container manages memory: true
      Size: 9830400
      Capacity: 9830400

     Weighting = 1
     Sampling strategy = regular
     Number of bins = 32
     Radius = 4
     Sampling percentage  = 0.25
   Transform = Rigid
     Gradient step = 0.1
     Update field sigma (voxel space) = 0
     Total field sigma (voxel space) = 0
     Update field time sigma = 0
     Total field time sigma  = 0
     Number of time indices = 0
     Number of time point samples = 0
Registration using 1 total stages.

Stage 0
  iterations = 1000x500x250x100
  convergence threshold = 1e-06
  convergence window size = 10
  number of levels = 4
  using the Mattes MI metric (number of bins = 32, weight = 1, use gradient filter = 0)
  preprocessing:  winsorizing the image intensities
  Shrink factors (level 1 out of 4): [8, 8, 8]
  Shrink factors (level 2 out of 4): [4, 4, 4]
  Shrink factors (level 3 out of 4): [2, 2, 2]
  Shrink factors (level 4 out of 4): [1, 1, 1]
  smoothing sigmas per level: [3, 2, 1, 0]
  regular sampling (percentage = 0.25)

*** Running Euler3DTransform registration ***

DIAGNOSTIC,Iteration,metricValue,convergenceValue,ITERATION_TIME_INDEX,SINCE_LAST
 2DIAGNOSTIC,     1, -4.427241453697e-01, 1.797693134862e+308, 0.0000e+00, 0.0000e+00, 
 2DIAGNOSTIC,     2, -4.428548026359e-01, 1.797693134862e+308, 0.0000e+00, 0.0000e+00, 
 2DIAGNOSTIC,     3, -4.428564155706e-01, 1.797693134862e+308, 0.0000e+00, 0.0000e+00, 
 2DIAGNOSTIC,     4, -4.428564155647e-01, 1.797693134862e+308, 0.0000e+00, 0.0000e+00, 
 2DIAGNOSTIC,     5, -4.428192985363e-01, 1.797693134862e+308, 0.0000e+00, 0.0000e+00, 
 2DIAGNOSTIC,     6, -4.427595385531e-01, 1.797693134862e+308, 0.0000e+00, 0.0000e+00, 
 2DIAGNOSTIC,     7, -4.427733766940e-01, 1.797693134862e+308, 0.0000e+00, 0.0000e+00, 
 2DIAGNOSTIC,     8, -4.427733766202e-01, 1.797693134862e+308, 0.0000e+00, 0.0000e+00, 
 2DIAGNOSTIC,     9, -4.427199145912e-01, 1.797693134862e+308, 0.0000e+00, 0.0000e+00, 
DIAGNOSTIC,Iteration,metricValue,convergenceValue,ITERATION_TIME_INDEX,SINCE_LAST
 2DIAGNOSTIC,     1, -3.599156580729e-01, 1.797693134862e+308, 0.0000e+00, 0.0000e+00, 
 2DIAGNOSTIC,     2, -3.603436999794e-01, 1.797693134862e+308, 0.0000e+00, 0.0000e+00, 
 2DIAGNOSTIC,     3, -3.608852138284e-01, 1.797693134862e+308, 0.0000e+00, 0.0000e+00, 
 2DIAGNOSTIC,     4, -3.623156298585e-01, 1.797693134862e+308, 0.0000e+00, 0.0000e+00, 
 2DIAGNOSTIC,     5, -3.626845865413e-01, 1.797693134862e+308, 0.0000e+00, 0.0000e+00, 
 2DIAGNOSTIC,     6, -3.642802737617e-01, 1.797693134862e+308, 0.0000e+00, 0.0000e+00, 
 2DIAGNOSTIC,     7, -3.686308313396e-01, 1.797693134862e+308, 0.0000e+00, 0.0000e+00, 
 2DIAGNOSTIC,     8, -3.698412033340e-01, 1.797693134862e+308, 0.0000e+00, 0.0000e+00, 
 2DIAGNOSTIC,     9, -3.708498550752e-01, 1.797693134862e+308, 0.0000e+00, 0.0000e+00, 
 2DIAGNOSTIC,    10, -3.735116542608e-01, 2.508468213511e-03, 0.0000e+00, 0.0000e+00, 
 2DIAGNOSTIC,    11, -3.792394353700e-01, 2.814637422334e-03, 0.0000e+00, 0.0000e+00, 
 2DIAGNOSTIC,    12, -3.915659027275e-01, 3.615706338516e-03, 0.0000e+00, 0.0000e+00, 
 2DIAGNOSTIC,    13, -4.076953809460e-01, 4.910844313920e-03, 0.0000e+00, 0.0000e+00, 
 2DIAGNOSTIC,    14, -4.454839494464e-01, 7.622076606448e-03, 0.0000e+00, 0.0000e+00, 
 2DIAGNOSTIC,    15, -4.809125574079e-01, 1.089714869549e-02, 0.0000e+00, 0.0000e+00, 
 2DIAGNOSTIC,    16, -4.797303222519e-01, 1.267948757783e-02, 0.0000e+00, 0.0000e+00, 
 2DIAGNOSTIC,    17, -4.799005282786e-01, 1.327949554790e-02, 0.0000e+00, 0.0000e+00, 
 2DIAGNOSTIC,    18, -4.827862470168e-01, 1.275084753326e-02, 0.0000e+00, 0.0000e+00, 
 2DIAGNOSTIC,    19, -4.821094211282e-01, 1.110714667843e-02, 0.0000e+00, 0.0000e+00, 
 2DIAGNOSTIC,    20, -4.846223832786e-01, 8.799590106724e-03, 0.0000e+00, 0.0000e+00, 
 2DIAGNOSTIC,    21, -4.872492609227e-01, 6.218422279175e-03, 0.0000e+00, 0.0000e+00, 
 2DIAGNOSTIC,    22, -4.872492609227e-01, 3.734848056176e-03, 0.0000e+00, 0.0000e+00, 
 2DIAGNOSTIC,    23, -4.872492609227e-01, 1.611914327359e-03, 0.0000e+00, 0.0000e+00, 
 2DIAGNOSTIC,    24, -4.872492609227e-01, 5.770970272906e-04, 0.0000e+00, 0.0000e+00, 
 2DIAGNOSTIC,    25, -4.872492609227e-01, 5.330156807502e-04, 0.0000e+00, 0.0000e+00, 
 2DIAGNOSTIC,    26, -4.872492609227e-01, 4.117452485537e-04, 0.0000e+00, 0.0000e+00, 
 2DIAGNOSTIC,    27, -4.872492609227e-01, 2.648671196826e-04, 0.0000e+00, 0.0000e+00, 
 2DIAGNOSTIC,    28, -4.872492609227e-01, 1.750005694145e-04, 0.0000e+00, 0.0000e+00, 
 2DIAGNOSTIC,    29, -4.872492609227e-01, 5.939859526961e-05, 0.0000e+00, 0.0000e+00, 
DIAGNOSTIC,Iteration,metricValue,convergenceValue,ITERATION_TIME_INDEX,SINCE_LAST
 2DIAGNOSTIC,     1, -4.246467662807e-01, 1.797693134862e+308, 0.0000e+00, 0.0000e+00, 
 2DIAGNOSTIC,     2, -4.246467662807e-01, 1.797693134862e+308, 0.0000e+00, 0.0000e+00, 
 2DIAGNOSTIC,     3, -4.246467662807e-01, 1.797693134862e+308, 0.0000e+00, 0.0000e+00, 
 2DIAGNOSTIC,     4, -4.246467662807e-01, 1.797693134862e+308, 0.0000e+00, 0.0000e+00, 
 2DIAGNOSTIC,     5, -4.246467662807e-01, 1.797693134862e+308, 0.0000e+00, 0.0000e+00, 
 2DIAGNOSTIC,     6, -4.246467662807e-01, 1.797693134862e+308, 0.0000e+00, 0.0000e+00, 
 2DIAGNOSTIC,     7, -4.246467662807e-01, 1.797693134862e+308, 0.0000e+00, 0.0000e+00, 
 2DIAGNOSTIC,     8, -4.246467662807e-01, 1.797693134862e+308, 0.0000e+00, 0.0000e+00, 
 2DIAGNOSTIC,     9, -4.246467662807e-01, 1.797693134862e+308, 0.0000e+00, 0.0000e+00, 
DIAGNOSTIC,Iteration,metricValue,convergenceValue,ITERATION_TIME_INDEX,SINCE_LAST
 2DIAGNOSTIC,     1, -3.888972552129e-01, 1.797693134862e+308, 0.0000e+00, 0.0000e+00, 
 2DIAGNOSTIC,     2, -3.889829827889e-01, 1.797693134862e+308, 0.0000e+00, 0.0000e+00, 
 2DIAGNOSTIC,     3, -3.890536386635e-01, 1.797693134862e+308, 0.0000e+00, 0.0000e+00, 
 2DIAGNOSTIC,     4, -3.890937255980e-01, 1.797693134862e+308, 0.0000e+00, 0.0000e+00, 
 2DIAGNOSTIC,     5, -3.890937255980e-01, 1.797693134862e+308, 0.0000e+00, 0.0000e+00, 
 2DIAGNOSTIC,     6, -3.890937255980e-01, 1.797693134862e+308, 0.0000e+00, 0.0000e+00, 
 2DIAGNOSTIC,     7, -3.890937255980e-01, 1.797693134862e+308, 0.0000e+00, 0.0000e+00, 
 2DIAGNOSTIC,     8, -3.890937255980e-01, 1.797693134862e+308, 0.0000e+00, 0.0000e+00, 
 2DIAGNOSTIC,     9, -3.890937255980e-01, 1.797693134862e+308, 0.0000e+00, 0.0000e+00, 
 2DIAGNOSTIC,    10, -3.890937255980e-01, 2.345603682209e-05, 0.0000e+00, 0.0000e+00, 
 2DIAGNOSTIC,    11, -3.890937255980e-01, 9.671535118175e-06, 0.0000e+00, 0.0000e+00, 
 2DIAGNOSTIC,    12, -3.890937255980e-01, 2.437069405073e-06, 0.0000e+00, 0.0000e+00, 
  Elapsed time (stage 0): 0.0000e+00


Total elapsed time: 0.0000e+00
Info [verificarlo]: loaded backend libinterflop_ieee.so
Info [interflop-ieee]: load backend with:
Info [interflop-ieee]: debug = false
Info [interflop-ieee]: debug-binary = false
Info [interflop-ieee]: no-backend-name = false
Info [interflop-ieee]: print-new-line = false
Info [interflop-ieee]: print-subnormal-normalized = false
Info [interflop-ieee]: count-op = false
All_Command_lines_OK
Using double precision for computations.
=============================================================================
The composite transform comprises the following transforms (in order): 
  1. /home/mdugre/scratch/mri-registration-rp/datasets/ds004513/derivatives/mri-registration-rp/0100/antsRegistration-r7-p7/sub-s037/rigid_Composite.h5[0] (type = Euler3DTransform)
  2. /home/mdugre/scratch/mri-registration-rp/datasets/ds004513/derivatives/mri-registration-rp/0100/antsRegistration-r7-p7/sub-s037/rigid_Composite.h5[1] (type = Euler3DTransform)
  3. /home/mdugre/scratch/mri-registration-rp/datasets/ds004513/derivatives/mri-registration-rp/0100/antsRegistration-r7-p7/sub-s037/rigid_Composite.h5[2] (type = Euler3DTransform)
=============================================================================
  number of levels = 4
  fixed image: /templateflow/tpl-MNI152NLin2009cAsym/tpl-MNI152NLin2009cAsym_res-01_desc-brain_T1w.nii.gz
  moving image: /home/mdugre/scratch/mri-registration-rp/datasets/ds004513/derivatives/mri-registration-rp/antsBrainExtraction/sub-s037/BrainExtractionBrain.nii.gz
Dimension = 3
Number of stages = 1
Use histogram matching = false
Winsorize image intensities = true
  Lower quantile = 0.005
  Upper quantile = 0.995


Stage 1 State
   Image metric = MattesMI
     Fixed image = Image (0x3da5530)
  RTTI typeinfo:   itk::Image<double, 3u>
  Reference Count: 2
  Modified Time: 1592
  Debug: Off
  Object Name: 
  Observers: 
    none
  Source: (none)
  Source output name: (none)
  Release Data: Off
  Data Released: False
  Global Release Data: Off
  PipelineMTime: 0
  UpdateMTime: 1203
  RealTimeStamp: 0 seconds 
  LargestPossibleRegion: 
    Dimension: 3
    Index: [0, 0, 0]
    Size: [193, 229, 193]
  BufferedRegion: 
    Dimension: 3
    Index: [0, 0, 0]
    Size: [193, 229, 193]
  RequestedRegion: 
    Dimension: 3
    Index: [0, 0, 0]
    Size: [193, 229, 193]
  Spacing: [1, 1, 1]
  Origin: [96, 132, -78]
  Direction: 
-1 0 0
0 -1 0
0 0 1

  IndexToPointMatrix: 
-1 0 0
0 -1 0
0 0 1

  PointToIndexMatrix: 
-1 0 0
0 -1 0
0 0 1

  Inverse Direction: 
-1 0 0
0 -1 0
0 0 1

  PixelContainer: 
    ImportImageContainer (0x3db22b0)
      RTTI typeinfo:   itk::ImportImageContainer<unsigned long, double>
      Reference Count: 1
      Modified Time: 1200
      Debug: Off
      Object Name: 
      Observers: 
        none
      Pointer: 0x1535b6e01010
      Container manages memory: true
      Size: 8530021
      Capacity: 8530021

     Moving image = Image (0x3e60fd0)
  RTTI typeinfo:   itk::Image<double, 3u>
  Reference Count: 2
  Modified Time: 1593
  Debug: Off
  Object Name: 
  Observers: 
    none
  Source: (none)
  Source output name: (none)
  Release Data: Off
  Data Released: False
  Global Release Data: Off
  PipelineMTime: 0
  UpdateMTime: 1590
  RealTimeStamp: 0 seconds 
  LargestPossibleRegion: 
    Dimension: 3
    Index: [0, 0, 0]
    Size: [160, 240, 256]
  BufferedRegion: 
    Dimension: 3
    Index: [0, 0, 0]
    Size: [160, 240, 256]
  RequestedRegion: 
    Dimension: 3
    Index: [0, 0, 0]
    Size: [160, 240, 256]
  Spacing: [1, 1, 1]
  Origin: [87.9508, 102.562, -147.639]
  Direction: 
-0.998659 -0.0436121 -0.0279129
0.043595 -0.999049 0.00121847
-0.0279395 -2.65543e-08 0.99961

  IndexToPointMatrix: 
-0.998659 -0.0436121 -0.0279129
0.043595 -0.999049 0.00121847
-0.0279395 -2.65543e-08 0.99961

  PointToIndexMatrix: 
-0.998659 0.043595 -0.0279395
-0.0436121 -0.999049 -2.65517e-08
-0.0279129 0.00121847 0.99961

  Inverse Direction: 
-0.998659 0.043595 -0.0279395
-0.0436121 -0.999049 -2.65517e-08
-0.0279129 0.00121847 0.99961

  PixelContainer: 
    ImportImageContainer (0x3e78990)
      RTTI typeinfo:   itk::ImportImageContainer<unsigned long, double>
      Reference Count: 1
      Modified Time: 1587
      Debug: Off
      Object Name: 
      Observers: 
        none
      Pointer: 0x1535b2300010
      Container manages memory: true
      Size: 9830400
      Capacity: 9830400

     Weighting = 1
     Sampling strategy = regular
     Number of bins = 32
     Radius = 4
     Sampling percentage  = 0.25
   Transform = Affine
     Gradient step = 0.1
     Update field sigma (voxel space) = 0
     Total field sigma (voxel space) = 0
     Update field time sigma = 0
     Total field time sigma  = 0
     Number of time indices = 0
     Number of time point samples = 0
Registration using 1 total stages.

Stage 0
  iterations = 1000x500x250x100
  convergence threshold = 1e-06
  convergence window size = 10
  number of levels = 4
  using the Mattes MI metric (number of bins = 32, weight = 1, use gradient filter = 0)
  preprocessing:  winsorizing the image intensities
  Shrink factors (level 1 out of 4): [8, 8, 8]
  Shrink factors (level 2 out of 4): [4, 4, 4]
  Shrink factors (level 3 out of 4): [2, 2, 2]
  Shrink factors (level 4 out of 4): [1, 1, 1]
  smoothing sigmas per level: [3, 2, 1, 0]
  regular sampling (percentage = 0.25)

*** Running AffineTransform registration ***

DIAGNOSTIC,Iteration,metricValue,convergenceValue,ITERATION_TIME_INDEX,SINCE_LAST
 2DIAGNOSTIC,     1, -5.886859686062e-01, 1.797693134862e+308, 7.3957e-01, 7.3957e-01, 
 2DIAGNOSTIC,     2, -5.899741312080e-01, 1.797693134862e+308, 7.4560e-01, 6.0339e-03, 
 2DIAGNOSTIC,     3, -5.919113920150e-01, 1.797693134862e+308, 7.5109e-01, 5.4889e-03, 
 2DIAGNOSTIC,     4, -5.949819466787e-01, 1.797693134862e+308, 7.5634e-01, 5.2490e-03, 
 2DIAGNOSTIC,     5, -6.004181424641e-01, 1.797693134862e+308, 7.6109e-01, 4.7469e-03, 
 2DIAGNOSTIC,     6, -6.105715099860e-01, 1.797693134862e+308, 7.6606e-01, 4.9698e-03, 
 2DIAGNOSTIC,     7, -6.318869342329e-01, 1.797693134862e+308, 7.7174e-01, 5.6858e-03, 
 2DIAGNOSTIC,     8, -6.645798615568e-01, 1.797693134862e+308, 7.8060e-01, 8.8632e-03, 
 2DIAGNOSTIC,     9, -6.658581311045e-01, 1.797693134862e+308, 7.8548e-01, 4.8771e-03, 
 2DIAGNOSTIC,    10, -6.699893113908e-01, 9.960453191922e-03, 7.9066e-01, 5.1830e-03, 
 2DIAGNOSTIC,    11, -6.766925507038e-01, 9.833481784766e-03, 7.9580e-01, 5.1391e-03, 
 2DIAGNOSTIC,    12, -6.879398138537e-01, 9.289508181563e-03, 8.0090e-01, 5.0931e-03, 
 2DIAGNOSTIC,    13, -6.952019819922e-01, 8.289637944300e-03, 8.0606e-01, 5.1680e-03, 
 2DIAGNOSTIC,    14, -7.050140963899e-01, 7.103862046453e-03, 8.1132e-01, 5.2590e-03, 
 2DIAGNOSTIC,    15, -7.114970225151e-01, 5.804347682818e-03, 8.1941e-01, 8.0872e-03, 
 2DIAGNOSTIC,    16, -7.149806718228e-01, 4.516640215036e-03, 8.2500e-01, 5.5940e-03, 
 2DIAGNOSTIC,    17, -7.164546639868e-01, 3.539148257445e-03, 8.2999e-01, 4.9870e-03, 
 2DIAGNOSTIC,    18, -7.180141146681e-01, 3.177881698531e-03, 8.3503e-01, 5.0340e-03, 
 2DIAGNOSTIC,    19, -7.187946107544e-01, 2.610568024402e-03, 8.4258e-01, 7.5531e-03, 
 2DIAGNOSTIC,    20, -7.191660457669e-01, 1.958061031273e-03, 8.4831e-01, 5.7292e-03, 
 2DIAGNOSTIC,    21, -7.191831065503e-01, 1.324779703305e-03, 8.5410e-01, 5.7950e-03, 
 2DIAGNOSTIC,    22, -7.192103876712e-01, 8.479199152888e-04, 8.5987e-01, 5.7700e-03, 
 2DIAGNOSTIC,    23, -7.192720833444e-01, 4.682451285806e-04, 8.6558e-01, 5.7030e-03, 
 2DIAGNOSTIC,    24, -7.193332822560e-01, 2.500338633609e-04, 8.7308e-01, 7.4990e-03, 
 2DIAGNOSTIC,    25, -7.192495744369e-01, 1.338460216150e-04, 8.7883e-01, 5.7518e-03, 
 2DIAGNOSTIC,    26, -7.189677269582e-01, 6.633578207106e-05, 8.8460e-01, 5.7690e-03, 
 2DIAGNOSTIC,    27, -7.188892495692e-01, 1.934097785760e-05, 8.9027e-01, 5.6770e-03, 
DIAGNOSTIC,Iteration,metricValue,convergenceValue,ITERATION_TIME_INDEX,SINCE_LAST
 2DIAGNOSTIC,     1, -5.893569916597e-01, 1.797693134862e+308, 1.6432e+00, 7.5297e-01, 
 2DIAGNOSTIC,     2, -5.898776088912e-01, 1.797693134862e+308, 1.6797e+00, 3.6470e-02, 
 2DIAGNOSTIC,     3, -5.906588466233e-01, 1.797693134862e+308, 1.7152e+00, 3.5493e-02, 
 2DIAGNOSTIC,     4, -5.916392974985e-01, 1.797693134862e+308, 1.7518e+00, 3.6642e-02, 
 2DIAGNOSTIC,     5, -5.926270194605e-01, 1.797693134862e+308, 1.7876e+00, 3.5759e-02, 
 2DIAGNOSTIC,     6, -5.936132458824e-01, 1.797693134862e+308, 1.8245e+00, 3.6870e-02, 
 2DIAGNOSTIC,     7, -5.950679591258e-01, 1.797693134862e+308, 1.8641e+00, 3.9620e-02, 
 2DIAGNOSTIC,     8, -5.970278728532e-01, 1.797693134862e+308, 1.9078e+00, 4.3724e-02, 
 2DIAGNOSTIC,     9, -5.976335910326e-01, 1.797693134862e+308, 1.9453e+00, 3.7444e-02, 
 2DIAGNOSTIC,    10, -5.987245792132e-01, 1.074612569626e-03, 1.9922e+00, 4.6954e-02, 
 2DIAGNOSTIC,    11, -5.989816039838e-01, 9.880835041256e-04, 2.0305e+00, 3.8304e-02, 
 2DIAGNOSTIC,    12, -5.991801003497e-01, 8.558588314000e-04, 2.0654e+00, 3.4878e-02, 
 2DIAGNOSTIC,    13, -5.995122868741e-01, 7.070763755248e-04, 2.1014e+00, 3.5957e-02, 
 2DIAGNOSTIC,    14, -6.005105063034e-01, 5.825577945571e-04, 2.1655e+00, 6.4168e-02, 
 2DIAGNOSTIC,    15, -6.005211884022e-01, 4.528988966028e-04, 2.2088e+00, 4.3318e-02, 
 2DIAGNOSTIC,    16, -6.004919385088e-01, 3.267731060829e-04, 2.2516e+00, 4.2722e-02, 
 2DIAGNOSTIC,    17, -6.004796832524e-01, 2.256077796876e-04, 2.2919e+00, 4.0367e-02, 
 2DIAGNOSTIC,    18, -6.004719794944e-01, 1.665138317979e-04, 2.3329e+00, 4.0977e-02, 
 2DIAGNOSTIC,    19, -6.004562557385e-01, 1.121208567411e-04, 2.3729e+00, 4.0014e-02, 
 2DIAGNOSTIC,    20, -6.004302816190e-01, 7.822085805993e-05, 2.4090e+00, 3.6131e-02, 
 2DIAGNOSTIC,    21, -6.004396813707e-01, 4.682328922553e-05, 2.4480e+00, 3.8952e-02, 
 2DIAGNOSTIC,    22, -6.004454550494e-01, 1.853333538114e-05, 2.4911e+00, 4.3093e-02, 
DIAGNOSTIC,Iteration,metricValue,convergenceValue,ITERATION_TIME_INDEX,SINCE_LAST
 2DIAGNOSTIC,     1, -5.246229191627e-01, 1.797693134862e+308, 3.6167e+00, 1.1256e+00, 
 2DIAGNOSTIC,     2, -5.249193432962e-01, 1.797693134862e+308, 3.8990e+00, 2.8222e-01, 
 2DIAGNOSTIC,     3, -5.252490909641e-01, 1.797693134862e+308, 4.1770e+00, 2.7809e-01, 
 2DIAGNOSTIC,     4, -5.256012313878e-01, 1.797693134862e+308, 4.4339e+00, 2.5685e-01, 
 2DIAGNOSTIC,     5, -5.260334309090e-01, 1.797693134862e+308, 4.7044e+00, 2.7046e-01, 
 2DIAGNOSTIC,     6, -5.267571433469e-01, 1.797693134862e+308, 4.9571e+00, 2.5277e-01, 
 2DIAGNOSTIC,     7, -5.273012392178e-01, 1.797693134862e+308, 5.3205e+00, 3.6337e-01, 
 2DIAGNOSTIC,     8, -5.274435523024e-01, 1.797693134862e+308, 5.6406e+00, 3.2010e-01, 
 2DIAGNOSTIC,     9, -5.275088511716e-01, 1.797693134862e+308, 5.9682e+00, 3.2758e-01, 
 2DIAGNOSTIC,    10, -5.275583953255e-01, 4.163837693912e-04, 6.2914e+00, 3.2319e-01, 
 2DIAGNOSTIC,    11, -5.276043731659e-01, 3.361568102580e-04, 6.5649e+00, 2.7358e-01, 
 2DIAGNOSTIC,    12, -5.277071693469e-01, 2.569455777299e-04, 6.8434e+00, 2.7847e-01, 
 2DIAGNOSTIC,    13, -5.279524946201e-01, 1.908834069569e-04, 7.2437e+00, 4.0028e-01, 
 2DIAGNOSTIC,    14, -5.280523566495e-01, 1.345240350162e-04, 7.7093e+00, 4.6556e-01, 
 2DIAGNOSTIC,    15, -5.280546055723e-01, 8.884205494646e-05, 8.0248e+00, 3.1554e-01, 
 2DIAGNOSTIC,    16, -5.280547104761e-01, 6.502896420972e-05, 8.4631e+00, 4.3833e-01, 
 2DIAGNOSTIC,    17, -5.280553197495e-01, 5.538535466074e-05, 8.7785e+00, 3.1543e-01, 
 2DIAGNOSTIC,    18, -5.280548571637e-01, 4.596039280443e-05, 9.0542e+00, 2.7569e-01, 
 2DIAGNOSTIC,    19, -5.280527653732e-01, 3.517805977276e-05, 9.3667e+00, 3.1243e-01, 
 2DIAGNOSTIC,    20, -5.280539980675e-01, 2.382824947161e-05, 9.6818e+00, 3.1515e-01, 
 2DIAGNOSTIC,    21, -5.280516928600e-01, 1.265118389104e-05, 9.9707e+00, 2.8891e-01, 
 2DIAGNOSTIC,    22, -5.280511304470e-01, 3.816356703823e-06, 1.0236e+01, 2.6567e-01, 
 2DIAGNOSTIC,    23, -5.280508543924e-01, 1.206562838113e-06, 1.0530e+01, 2.9401e-01, 
 2DIAGNOSTIC,    24, -5.280514757279e-01, 1.086736390966e-06, 1.0845e+01, 3.1499e-01, 
 2DIAGNOSTIC,    25, -5.280498915880e-01, 1.012622275046e-06, 1.1165e+01, 3.1991e-01, 
DIAGNOSTIC,Iteration,metricValue,convergenceValue,ITERATION_TIME_INDEX,SINCE_LAST
 2DIAGNOSTIC,     1, -4.832358971795e-01, 1.797693134862e+308, 1.4062e+01, 2.8970e+00, 
 2DIAGNOSTIC,     2, -4.834201994061e-01, 1.797693134862e+308, 1.5799e+01, 1.7371e+00, 
 2DIAGNOSTIC,     3, -4.836859737045e-01, 1.797693134862e+308, 1.7706e+01, 1.9069e+00, 
 2DIAGNOSTIC,     4, -4.843040550508e-01, 1.797693134862e+308, 2.0542e+01, 2.8359e+00, 
 2DIAGNOSTIC,     5, -4.843070082027e-01, 1.797693134862e+308, 2.3535e+01, 2.9926e+00, 
 2DIAGNOSTIC,     6, -4.843071691926e-01, 1.797693134862e+308, 2.5705e+01, 2.1706e+00, 
 2DIAGNOSTIC,     7, -4.843070818053e-01, 1.797693134862e+308, 2.7686e+01, 1.9810e+00, 
 2DIAGNOSTIC,     8, -4.843068832328e-01, 1.797693134862e+308, 2.9620e+01, 1.9335e+00, 
 2DIAGNOSTIC,     9, -4.843067918281e-01, 1.797693134862e+308, 3.1538e+01, 1.9184e+00, 
 2DIAGNOSTIC,    10, -4.843067014839e-01, 1.372151755519e-04, 3.3545e+01, 2.0068e+00, 
 2DIAGNOSTIC,    11, -4.843064914647e-01, 7.923802972135e-05, 3.5214e+01, 1.6691e+00, 
 2DIAGNOSTIC,    12, -4.843064992462e-01, 3.309460866051e-05, 3.7218e+01, 2.0042e+00, 
 2DIAGNOSTIC,    13, -4.843063936573e-01, 2.503262305317e-06, 3.9044e+01, 1.8255e+00, 
 2DIAGNOSTIC,    14, -4.843062888489e-01, 2.188981362297e-06, 4.0684e+01, 1.6398e+00, 
 2DIAGNOSTIC,    15, -4.843061865710e-01, 2.035691178390e-06, 4.2624e+01, 1.9404e+00, 
 2DIAGNOSTIC,    16, -4.843060844317e-01, 1.911677335487e-06, 4.4630e+01, 2.0060e+00, 
 2DIAGNOSTIC,    17, -4.843058743984e-01, 1.799229729142e-06, 4.6530e+01, 1.9004e+00, 
 2DIAGNOSTIC,    18, -4.843056618294e-01, 1.692681843836e-06, 4.8218e+01, 1.6878e+00, 
 2DIAGNOSTIC,    19, -4.843056689792e-01, 1.601847520322e-06, 4.9903e+01, 1.6848e+00, 
 2DIAGNOSTIC,    20, -4.843058969558e-01, 1.530926295047e-06, 5.1804e+01, 1.9007e+00, 
 2DIAGNOSTIC,    21, -4.843060192272e-01, 1.469611626850e-06, 5.3633e+01, 1.8294e+00, 
 2DIAGNOSTIC,    22, -4.843058126497e-01, 1.412931296393e-06, 5.5582e+01, 1.9484e+00, 
 2DIAGNOSTIC,    23, -4.843057126207e-01, 1.359448019773e-06, 5.7601e+01, 2.0193e+00, 
 2DIAGNOSTIC,    24, -4.843057251604e-01, 1.310418682982e-06, 5.9912e+01, 2.3113e+00, 
 2DIAGNOSTIC,    25, -4.843056221377e-01, 1.261638429582e-06, 6.2017e+01, 2.1046e+00, 
 2DIAGNOSTIC,    26, -4.843054123641e-01, 1.210672686880e-06, 6.4136e+01, 2.1190e+00, 
 2DIAGNOSTIC,    27, -4.843053146904e-01, 1.158418570554e-06, 6.6051e+01, 1.9155e+00, 
 2DIAGNOSTIC,    28, -4.843053351262e-01, 1.107868545576e-06, 6.8126e+01, 2.0744e+00, 
 2DIAGNOSTIC,    29, -4.843053636705e-01, 1.063946939515e-06, 7.0221e+01, 2.0953e+00, 
 2DIAGNOSTIC,    30, -4.843052686162e-01, 1.028545761783e-06, 7.2263e+01, 2.0421e+00, 
  Elapsed time (stage 0): 7.3445e+01


Total elapsed time: 7.3455e+01
Info [verificarlo]: loaded backend libinterflop_ieee.so
Info [interflop-ieee]: load backend with:
Info [interflop-ieee]: debug = false
Info [interflop-ieee]: debug-binary = false
Info [interflop-ieee]: no-backend-name = false
Info [interflop-ieee]: print-new-line = false
Info [interflop-ieee]: print-subnormal-normalized = false
Info [interflop-ieee]: count-op = false
All_Command_lines_OK
Using double precision for computations.
=============================================================================
The composite transform comprises the following transforms (in order): 
  1. /home/mdugre/scratch/mri-registration-rp/datasets/ds004513/derivatives/mri-registration-rp/0100/antsRegistration-r7-p7/sub-s037/affine_Composite.h5[0] (type = Euler3DTransform)
  2. /home/mdugre/scratch/mri-registration-rp/datasets/ds004513/derivatives/mri-registration-rp/0100/antsRegistration-r7-p7/sub-s037/affine_Composite.h5[1] (type = Euler3DTransform)
  3. /home/mdugre/scratch/mri-registration-rp/datasets/ds004513/derivatives/mri-registration-rp/0100/antsRegistration-r7-p7/sub-s037/affine_Composite.h5[2] (type = Euler3DTransform)
  4. /home/mdugre/scratch/mri-registration-rp/datasets/ds004513/derivatives/mri-registration-rp/0100/antsRegistration-r7-p7/sub-s037/affine_Composite.h5[3] (type = AffineTransform)
=============================================================================
  number of levels = 4
  fixed image: /templateflow/tpl-MNI152NLin2009cAsym/tpl-MNI152NLin2009cAsym_res-01_desc-brain_T1w.nii.gz
  moving image: /home/mdugre/scratch/mri-registration-rp/datasets/ds004513/derivatives/mri-registration-rp/antsBrainExtraction/sub-s037/BrainExtractionBrain.nii.gz
Dimension = 3
Number of stages = 1
Use histogram matching = false
Winsorize image intensities = true
  Lower quantile = 0.005
  Upper quantile = 0.995


Stage 1 State
   Image metric = CC
     Fixed image = Image (0x39f3a40)
  RTTI typeinfo:   itk::Image<double, 3u>
  Reference Count: 2
  Modified Time: 1606
  Debug: Off
  Object Name: 
  Observers: 
    none
  Source: (none)
  Source output name: (none)
  Release Data: Off
  Data Released: False
  Global Release Data: Off
  PipelineMTime: 0
  UpdateMTime: 1217
  RealTimeStamp: 0 seconds 
  LargestPossibleRegion: 
    Dimension: 3
    Index: [0, 0, 0]
    Size: [193, 229, 193]
  BufferedRegion: 
    Dimension: 3
    Index: [0, 0, 0]
    Size: [193, 229, 193]
  RequestedRegion: 
    Dimension: 3
    Index: [0, 0, 0]
    Size: [193, 229, 193]
  Spacing: [1, 1, 1]
  Origin: [96, 132, -78]
  Direction: 
-1 0 0
0 -1 0
0 0 1

  IndexToPointMatrix: 
-1 0 0
0 -1 0
0 0 1

  PointToIndexMatrix: 
-1 0 0
0 -1 0
0 0 1

  Inverse Direction: 
-1 0 0
0 -1 0
0 0 1

  PixelContainer: 
    ImportImageContainer (0x3ac2780)
      RTTI typeinfo:   itk::ImportImageContainer<unsigned long, double>
      Reference Count: 1
      Modified Time: 1214
      Debug: Off
      Object Name: 
      Observers: 
        none
      Pointer: 0x14f78061c010
      Container manages memory: true
      Size: 8530021
      Capacity: 8530021

     Moving image = Image (0x3ac4390)
  RTTI typeinfo:   itk::Image<double, 3u>
  Reference Count: 2
  Modified Time: 1607
  Debug: Off
  Object Name: 
  Observers: 
    none
  Source: (none)
  Source output name: (none)
  Release Data: Off
  Data Released: False
  Global Release Data: Off
  PipelineMTime: 0
  UpdateMTime: 1604
  RealTimeStamp: 0 seconds 
  LargestPossibleRegion: 
    Dimension: 3
    Index: [0, 0, 0]
    Size: [160, 240, 256]
  BufferedRegion: 
    Dimension: 3
    Index: [0, 0, 0]
    Size: [160, 240, 256]
  RequestedRegion: 
    Dimension: 3
    Index: [0, 0, 0]
    Size: [160, 240, 256]
  Spacing: [1, 1, 1]
  Origin: [87.9508, 102.562, -147.639]
  Direction: 
-0.998659 -0.0436121 -0.0279129
0.043595 -0.999049 0.00121847
-0.0279395 -2.65543e-08 0.99961

  IndexToPointMatrix: 
-0.998659 -0.0436121 -0.0279129
0.043595 -0.999049 0.00121847
-0.0279395 -2.65543e-08 0.99961

  PointToIndexMatrix: 
-0.998659 0.043595 -0.0279395
-0.0436121 -0.999049 -2.65517e-08
-0.0279129 0.00121847 0.99961

  Inverse Direction: 
-0.998659 0.043595 -0.0279395
-0.0436121 -0.999049 -2.65517e-08
-0.0279129 0.00121847 0.99961

  PixelContainer: 
    ImportImageContainer (0x3a796f0)
      RTTI typeinfo:   itk::ImportImageContainer<unsigned long, double>
      Reference Count: 1
      Modified Time: 1601
      Debug: Off
      Object Name: 
      Observers: 
        none
      Pointer: 0x14f77bb1b010
      Container manages memory: true
      Size: 9830400
      Capacity: 9830400

     Weighting = 1
     Sampling strategy = none
     Number of bins = 32
     Radius = 4
     Sampling percentage  = 1
   Transform = SyN
     Gradient step = 0.1
     Update field sigma (voxel space) = 3
     Total field sigma (voxel space) = 0
     Update field time sigma = 0
     Total field time sigma  = 0
     Number of time indices = 0
     Number of time point samples = 0
Registration using 1 total stages.

Stage 0
  iterations = 100x70x50x20
  convergence threshold = 1e-06
  convergence window size = 10
  number of levels = 4
  using the CC metric (radius = 4, weight = 1, use gradient filter = 0)
  preprocessing:  winsorizing the image intensities
  Shrink factors (level 1 out of 4): [8, 8, 8]
  Shrink factors (level 2 out of 4): [4, 4, 4]
  Shrink factors (level 3 out of 4): [2, 2, 2]
  Shrink factors (level 4 out of 4): [1, 1, 1]
  smoothing sigmas per level: [3, 2, 1, 0]
  Using default NONE metricSamplingStrategy 

*** Running SyN registration (varianceForUpdateField = 3, varianceForTotalField = 0) ***

XXDIAGNOSTIC,Iteration,metricValue,convergenceValue,ITERATION_TIME_INDEX,SINCE_LAST
 1DIAGNOSTIC,     1, -8.466946291853e-01, 1.797693134862e+308, 1.0835e+00, 1.0835e+00, 
 1DIAGNOSTIC,     2, -8.660875150838e-01, 1.797693134862e+308, 1.4268e+00, 3.4326e-01, 
 1DIAGNOSTIC,     3, -8.820835391376e-01, 1.797693134862e+308, 1.7529e+00, 3.2612e-01, 
 1DIAGNOSTIC,     4, -8.936729881428e-01, 1.797693134862e+308, 2.0874e+00, 3.3451e-01, 
 1DIAGNOSTIC,     5, -9.023283881951e-01, 1.797693134862e+308, 2.4190e+00, 3.3156e-01, 
 1DIAGNOSTIC,     6, -9.078342867015e-01, 1.797693134862e+308, 2.7688e+00, 3.4981e-01, 
 1DIAGNOSTIC,     7, -9.122225513704e-01, 1.797693134862e+308, 3.0922e+00, 3.2343e-01, 
 1DIAGNOSTIC,     8, -9.157391579167e-01, 1.797693134862e+308, 3.5092e+00, 4.1695e-01, 
 1DIAGNOSTIC,     9, -9.187011168899e-01, 1.797693134862e+308, 3.8707e+00, 3.6155e-01, 
 1DIAGNOSTIC,    10, -9.211500228693e-01, 4.872403105726e-03, 4.2716e+00, 4.0091e-01, 
 1DIAGNOSTIC,    11, -9.231546793538e-01, 3.329468183581e-03, 4.6366e+00, 3.6496e-01, 
 1DIAGNOSTIC,    12, -9.248212466592e-01, 2.298596736337e-03, 4.9818e+00, 3.4521e-01, 
 1DIAGNOSTIC,    13, -9.262626840736e-01, 1.640174582471e-03, 5.3461e+00, 3.6433e-01, 
 1DIAGNOSTIC,    14, -9.275709741368e-01, 1.214990340580e-03, 5.7017e+00, 3.5559e-01, 
 1DIAGNOSTIC,    15, -9.287927550858e-01, 9.415844145784e-04, 6.0607e+00, 3.5899e-01, 
 1DIAGNOSTIC,    16, -9.299677438679e-01, 7.462158120204e-04, 6.4069e+00, 3.4624e-01, 
 1DIAGNOSTIC,    17, -9.311390957689e-01, 6.069475247108e-04, 6.7463e+00, 3.3935e-01, 
 1DIAGNOSTIC,    18, -9.323463050266e-01, 5.085628485376e-04, 7.0881e+00, 3.4182e-01, 
 1DIAGNOSTIC,    19, -9.336155848640e-01, 4.423980874462e-04, 7.4234e+00, 3.3533e-01, 
 1DIAGNOSTIC,    20, -9.348626680413e-01, 3.988801094420e-04, 7.7664e+00, 3.4302e-01, 
 1DIAGNOSTIC,    21, -9.362632767107e-01, 3.724596850920e-04, 8.0979e+00, 3.3150e-01, 
 1DIAGNOSTIC,    22, -9.373846959977e-01, 3.526964366398e-04, 8.4612e+00, 3.6331e-01, 
 1DIAGNOSTIC,    23, -9.386278574040e-01, 3.376787748395e-04, 8.8163e+00, 3.5501e-01, 
 1DIAGNOSTIC,    24, -9.396788653659e-01, 3.224937588382e-04, 9.1427e+00, 3.2639e-01, 
 1DIAGNOSTIC,    25, -9.408278567848e-01, 3.074248002161e-04, 9.4777e+00, 3.3509e-01, 
 1DIAGNOSTIC,    26, -9.418082655181e-01, 2.900384791537e-04, 9.8060e+00, 3.2821e-01, 
 1DIAGNOSTIC,    27, -9.429022816410e-01, 2.724210338544e-04, 1.0138e+01, 3.3236e-01, 
 1DIAGNOSTIC,    28, -9.439807189816e-01, 2.554078150694e-04, 1.0478e+01, 3.3941e-01, 
