
##########################
# Experiment information #
##########################

EXPERIMENT_NAME: antsRegistration-r7-p10
VFC_BACKENDS: libinterflop_vprec.so --range-binary32=7 --precision-binary32=10 --range-binary64=7 --precision-binary64=10

SIF_IMG: /home/mdugre/projects/rrg-glatard/mdugre/containers/ants-vprec-no_metrics.simg

SUBJECT_ID: s025
INPUT_IMG: /home/mdugre/scratch/mri-registration-rp/datasets/ds004513/derivatives/mri-registration-rp/antsBrainExtraction/sub-s025/BrainExtractionBrain.nii.gz
OUTPUT_DIR: /home/mdugre/scratch/mri-registration-rp/datasets/ds004513/derivatives/mri-registration-rp/0100/antsRegistration-r7-p10/sub-s025

FIXED_IMG: /templateflow/tpl-MNI152NLin2009cAsym/tpl-MNI152NLin2009cAsym_res-01_desc-brain_T1w.nii.gz
DATA_DIR: /home/mdugre/scratch/mri-registration-rp/datasets/ds004513
TEMPLATEFLOW_DIR: /home/mdugre/projects/rrg-glatard/mdugre/templateflow
ITK_GLOBAL_DEFAULT_NUMBER_OF_THREADS: 16
##########################

Info [verificarlo]: loaded backend libinterflop_ieee.so
Info [interflop-ieee]: load backend with:
Info [interflop-ieee]: debug = false
Info [interflop-ieee]: debug-binary = false
Info [interflop-ieee]: no-backend-name = false
Info [interflop-ieee]: print-new-line = false
Info [interflop-ieee]: print-subnormal-normalized = false
Info [interflop-ieee]: count-op = false
All_Command_lines_OK
Using double precision for computations.
=============================================================================
The composite transform comprises the following transforms (in order): 
  1. Center of mass alignment using fixed image: /templateflow/tpl-MNI152NLin2009cAsym/tpl-MNI152NLin2009cAsym_res-01_desc-brain_T1w.nii.gz and moving image: /home/mdugre/scratch/mri-registration-rp/datasets/ds004513/derivatives/mri-registration-rp/antsBrainExtraction/sub-s025/BrainExtractionBrain.nii.gz (type = Euler3DTransform)
=============================================================================
  number of levels = 1
  fixed image: /templateflow/tpl-MNI152NLin2009cAsym/tpl-MNI152NLin2009cAsym_res-01_desc-brain_T1w.nii.gz
  moving image: /home/mdugre/scratch/mri-registration-rp/datasets/ds004513/derivatives/mri-registration-rp/antsBrainExtraction/sub-s025/BrainExtractionBrain.nii.gz
Dimension = 3
Number of stages = 1
Use histogram matching = false
Winsorize image intensities = true
  Lower quantile = 0.005
  Upper quantile = 0.995


Stage 1 State
   Image metric = MattesMI
     Fixed image = Image (0x43c5e70)
  RTTI typeinfo:   itk::Image<double, 3u>
  Reference Count: 2
  Modified Time: 2334
  Debug: Off
  Object Name: 
  Observers: 
    none
  Source: (none)
  Source output name: (none)
  Release Data: Off
  Data Released: False
  Global Release Data: Off
  PipelineMTime: 0
  UpdateMTime: 1943
  RealTimeStamp: 0 seconds 
  LargestPossibleRegion: 
    Dimension: 3
    Index: [0, 0, 0]
    Size: [193, 229, 193]
  BufferedRegion: 
    Dimension: 3
    Index: [0, 0, 0]
    Size: [193, 229, 193]
  RequestedRegion: 
    Dimension: 3
    Index: [0, 0, 0]
    Size: [193, 229, 193]
  Spacing: [1, 1, 1]
  Origin: [96, 132, -78]
  Direction: 
-1 0 0
0 -1 0
0 0 1

  IndexToPointMatrix: 
-1 0 0
0 -1 0
0 0 1

  PointToIndexMatrix: 
-1 0 0
0 -1 0
0 0 1

  Inverse Direction: 
-1 0 0
0 -1 0
0 0 1

  PixelContainer: 
    ImportImageContainer (0x43cec60)
      RTTI typeinfo:   itk::ImportImageContainer<unsigned long, double>
      Reference Count: 1
      Modified Time: 1940
      Debug: Off
      Object Name: 
      Observers: 
        none
      Pointer: 0x14ff90b57010
      Container manages memory: true
      Size: 8530021
      Capacity: 8530021

     Moving image = Image (0x43d1610)
  RTTI typeinfo:   itk::Image<double, 3u>
  Reference Count: 2
  Modified Time: 2335
  Debug: Off
  Object Name: 
  Observers: 
    none
  Source: (none)
  Source output name: (none)
  Release Data: Off
  Data Released: False
  Global Release Data: Off
  PipelineMTime: 0
  UpdateMTime: 2332
  RealTimeStamp: 0 seconds 
  LargestPossibleRegion: 
    Dimension: 3
    Index: [0, 0, 0]
    Size: [176, 240, 256]
  BufferedRegion: 
    Dimension: 3
    Index: [0, 0, 0]
    Size: [176, 240, 256]
  RequestedRegion: 
    Dimension: 3
    Index: [0, 0, 0]
    Size: [176, 240, 256]
  Spacing: [0.999999, 1, 1]
  Origin: [90.3778, 84.5091, -154.071]
  Direction: 
-0.999391 7.48184e-06 -0.0348969
-7.47664e-06 -1 -2.7953e-07
-0.0348969 -1.84481e-08 0.999391

  IndexToPointMatrix: 
-0.99939 7.48184e-06 -0.0348969
-7.47663e-06 -1 -2.7953e-07
-0.0348968 -1.84481e-08 0.999391

  PointToIndexMatrix: 
-0.999392 -7.47665e-06 -0.0348969
7.48184e-06 -1 -1.84481e-08
-0.0348969 -2.7953e-07 0.999391

  Inverse Direction: 
-0.999391 -7.47664e-06 -0.0348969
7.48184e-06 -1 -1.84481e-08
-0.0348969 -2.7953e-07 0.999391

  PixelContainer: 
    ImportImageContainer (0x446aef0)
      RTTI typeinfo:   itk::ImportImageContainer<unsigned long, double>
      Reference Count: 1
      Modified Time: 2329
      Debug: Off
      Object Name: 
      Observers: 
        none
      Pointer: 0x14ff8b8d6010
      Container manages memory: true
      Size: 10813440
      Capacity: 10813440

     Weighting = 1
     Sampling strategy = regular
     Number of bins = 32
     Radius = 4
     Sampling percentage  = 0.25
   Transform = Rigid
     Gradient step = 0.1
     Update field sigma (voxel space) = 0
     Total field sigma (voxel space) = 0
     Update field time sigma = 0
     Total field time sigma  = 0
     Number of time indices = 0
     Number of time point samples = 0
Registration using 1 total stages.

Stage 0
  iterations = 0
  convergence threshold = 1e-06
  convergence window size = 10
  number of levels = 1
  using the Mattes MI metric (number of bins = 32, weight = 1, use gradient filter = 0)
  preprocessing:  winsorizing the image intensities
  Shrink factors (level 1 out of 1): [1, 1, 1]
  smoothing sigmas per level: [0]
  regular sampling (percentage = 0.25)

*** Running Euler3DTransform registration ***

  Elapsed time (stage 0): 1.08721


Total elapsed time: 1.0894
Info [verificarlo]: loaded backend libinterflop_vprec.so
Info [interflop-vprec]: load backend with: 
Info [interflop-vprec]: precision-binary32 = 10
Info [interflop-vprec]: range-binary32 = 7
Info [interflop-vprec]: precision-binary64 = 10
Info [interflop-vprec]: range-binary64 = 7
Info [interflop-vprec]: mode = ob
Info [interflop-vprec]: error-mode = rel
Info [interflop-vprec]: max-abs-error-exponent = -1022
Info [interflop-vprec]: daz = false
Info [interflop-vprec]: ftz = false
Info [interflop-vprec]: 	instrument = none
Info [interflop-vprec]: 	prec-input-file = (null)
Info [interflop-vprec]: 	prec-output-file = (null)
Info [interflop-vprec]: 	prec-log-file = (null)
All_Command_lines_OK
Using double precision for computations.
=============================================================================
The composite transform comprises the following transforms (in order): 
  1. /home/mdugre/scratch/mri-registration-rp/datasets/ds004513/derivatives/mri-registration-rp/0100/antsRegistration-r7-p10/sub-s025/align_Composite.h5[0] (type = Euler3DTransform)
  2. /home/mdugre/scratch/mri-registration-rp/datasets/ds004513/derivatives/mri-registration-rp/0100/antsRegistration-r7-p10/sub-s025/align_Composite.h5[1] (type = Euler3DTransform)
=============================================================================
  number of levels = 4
  fixed image: /templateflow/tpl-MNI152NLin2009cAsym/tpl-MNI152NLin2009cAsym_res-01_desc-brain_T1w.nii.gz
  moving image: /home/mdugre/scratch/mri-registration-rp/datasets/ds004513/derivatives/mri-registration-rp/antsBrainExtraction/sub-s025/BrainExtractionBrain.nii.gz
Dimension = 3
Number of stages = 1
Use histogram matching = false
Winsorize image intensities = true
  Lower quantile = 0.005
  Upper quantile = 0.995


Stage 1 State
   Image metric = MattesMI
     Fixed image = Image (0x47d01e0)
  RTTI typeinfo:   itk::Image<double, 3u>
  Reference Count: 2
  Modified Time: 1578
  Debug: Off
  Object Name: 
  Observers: 
    none
  Source: (none)
  Source output name: (none)
  Release Data: Off
  Data Released: False
  Global Release Data: Off
  PipelineMTime: 0
  UpdateMTime: 1189
  RealTimeStamp: 0 seconds 
  LargestPossibleRegion: 
    Dimension: 3
    Index: [0, 0, 0]
    Size: [193, 229, 193]
  BufferedRegion: 
    Dimension: 3
    Index: [0, 0, 0]
    Size: [193, 229, 193]
  RequestedRegion: 
    Dimension: 3
    Index: [0, 0, 0]
    Size: [193, 229, 193]
  Spacing: [1, 1, 1]
  Origin: [96, 132, -78]
  Direction: 
-1 0 0
0 -1 0
0 0 1

  IndexToPointMatrix: 
-1 0 0
0 -1 0
0 0 1

  PointToIndexMatrix: 
-1 0 0
0 -1 0
0 0 1

  Inverse Direction: 
-1 0 0
0 -1 0
0 0 1

  PixelContainer: 
    ImportImageContainer (0x488f680)
      RTTI typeinfo:   itk::ImportImageContainer<unsigned long, double>
      Reference Count: 1
      Modified Time: 1186
      Debug: Off
      Object Name: 
      Observers: 
        none
      Pointer: 0x1514231b7010
      Container manages memory: true
      Size: 8530021
      Capacity: 8530021

     Moving image = Image (0x488bb20)
  RTTI typeinfo:   itk::Image<double, 3u>
  Reference Count: 2
  Modified Time: 1579
  Debug: Off
  Object Name: 
  Observers: 
    none
  Source: (none)
  Source output name: (none)
  Release Data: Off
  Data Released: False
  Global Release Data: Off
  PipelineMTime: 0
  UpdateMTime: 1576
  RealTimeStamp: 0 seconds 
  LargestPossibleRegion: 
    Dimension: 3
    Index: [0, 0, 0]
    Size: [176, 240, 256]
  BufferedRegion: 
    Dimension: 3
    Index: [0, 0, 0]
    Size: [176, 240, 256]
  RequestedRegion: 
    Dimension: 3
    Index: [0, 0, 0]
    Size: [176, 240, 256]
  Spacing: [1, 1, 1]
  Origin: [90.375, 84.5, -154.125]
  Direction: 
-0.999512 7.48411e-06 -0.0349426
-7.48038e-06 -1 -2.7963e-07
-0.0349426 -1.851e-08 0.999512

  IndexToPointMatrix: 
-0.999512 7.48411e-06 -0.0349426
-7.48038e-06 -1 -2.7963e-07
-0.0349426 -1.851e-08 0.999512

  PointToIndexMatrix: 
-1 -7.48038e-06 -0.0349426
7.48038e-06 -1 1.30734e-07
-0.0349426 -1.30734e-07 0.999512

  Inverse Direction: 
-1 -7.48038e-06 -0.0349426
7.48038e-06 -1 1.30734e-07
-0.0349426 -1.30734e-07 0.999512

  PixelContainer: 
    ImportImageContainer (0x48f4d50)
      RTTI typeinfo:   itk::ImportImageContainer<unsigned long, double>
      Reference Count: 1
      Modified Time: 1573
      Debug: Off
      Object Name: 
      Observers: 
        none
      Pointer: 0x15141df36010
      Container manages memory: true
      Size: 10813440
      Capacity: 10813440

     Weighting = 1
     Sampling strategy = regular
     Number of bins = 32
     Radius = 4
     Sampling percentage  = 0.25
   Transform = Rigid
     Gradient step = 0.1
     Update field sigma (voxel space) = 0
     Total field sigma (voxel space) = 0
     Update field time sigma = 0
     Total field time sigma  = 0
     Number of time indices = 0
     Number of time point samples = 0
Registration using 1 total stages.

Stage 0
  iterations = 1000x500x250x100
  convergence threshold = 1e-06
  convergence window size = 10
  number of levels = 4
  using the Mattes MI metric (number of bins = 32, weight = 1, use gradient filter = 0)
  preprocessing:  winsorizing the image intensities
  Shrink factors (level 1 out of 4): [8, 8, 8]
  Shrink factors (level 2 out of 4): [4, 4, 4]
  Shrink factors (level 3 out of 4): [2, 2, 2]
  Shrink factors (level 4 out of 4): [1, 1, 1]
  smoothing sigmas per level: [3, 2, 1, 0]
  regular sampling (percentage = 0.25)

*** Running Euler3DTransform registration ***

DIAGNOSTIC,Iteration,metricValue,convergenceValue,ITERATION_TIME_INDEX,SINCE_LAST
 2DIAGNOSTIC,     1, -5.326732712821e-01, 1.797693134862e+308, 0.0000e+00, 0.0000e+00, 
 2DIAGNOSTIC,     2, -5.329364166054e-01, 1.797693134862e+308, 0.0000e+00, 0.0000e+00, 
 2DIAGNOSTIC,     3, -5.330954619028e-01, 1.797693134862e+308, 0.0000e+00, 0.0000e+00, 
 2DIAGNOSTIC,     4, -5.337398209585e-01, 1.797693134862e+308, 0.0000e+00, 0.0000e+00, 
 2DIAGNOSTIC,     5, -5.351444547176e-01, 1.797693134862e+308, 0.0000e+00, 0.0000e+00, 
 2DIAGNOSTIC,     6, -5.377672484311e-01, 1.797693134862e+308, 0.0000e+00, 0.0000e+00, 
 2DIAGNOSTIC,     7, -5.411453998586e-01, 1.797693134862e+308, 0.0000e+00, 0.0000e+00, 
 2DIAGNOSTIC,     8, -5.462831782260e-01, 1.797693134862e+308, 0.0000e+00, 0.0000e+00, 
 2DIAGNOSTIC,     9, -5.647245667410e-01, 1.797693134862e+308, 0.0000e+00, 0.0000e+00, 
 2DIAGNOSTIC,    10, -5.843950163079e-01, 4.838753629946e-03, 0.0000e+00, 0.0000e+00, 
 2DIAGNOSTIC,    11, -6.473463174987e-01, 8.716863457599e-03, 0.0000e+00, 0.0000e+00, 
 2DIAGNOSTIC,    12, -7.146687712663e-01, 1.373702662457e-02, 0.0000e+00, 0.0000e+00, 
 2DIAGNOSTIC,    13, -7.540459356385e-01, 1.795080290275e-02, 0.0000e+00, 0.0000e+00, 
 2DIAGNOSTIC,    14, -7.527996422565e-01, 1.979774104822e-02, 0.0000e+00, 0.0000e+00, 
 2DIAGNOSTIC,    15, -7.519598786467e-01, 1.961428590724e-02, 0.0000e+00, 0.0000e+00, 
 2DIAGNOSTIC,    16, -7.518508918099e-01, 1.774627742885e-02, 0.0000e+00, 0.0000e+00, 
 2DIAGNOSTIC,    17, -7.517924305105e-01, 1.459019684636e-02, 0.0000e+00, 0.0000e+00, 
 2DIAGNOSTIC,    18, -7.518340288908e-01, 1.064607615666e-02, 0.0000e+00, 0.0000e+00, 
 2DIAGNOSTIC,    19, -7.518147558681e-01, 6.678513756268e-03, 0.0000e+00, 0.0000e+00, 
 2DIAGNOSTIC,    20, -7.518330086608e-01, 2.990348177999e-03, 0.0000e+00, 0.0000e+00, 
 2DIAGNOSTIC,    21, -7.518778974447e-01, 7.228291782611e-04, 0.0000e+00, 0.0000e+00, 
DIAGNOSTIC,Iteration,metricValue,convergenceValue,ITERATION_TIME_INDEX,SINCE_LAST
 2DIAGNOSTIC,     1, -6.149480393209e-01, 1.797693134862e+308, 0.0000e+00, 0.0000e+00, 
 2DIAGNOSTIC,     2, -6.148545898690e-01, 1.797693134862e+308, 0.0000e+00, 0.0000e+00, 
 2DIAGNOSTIC,     3, -6.149040293123e-01, 1.797693134862e+308, 0.0000e+00, 0.0000e+00, 
 2DIAGNOSTIC,     4, -6.150129855057e-01, 1.797693134862e+308, 0.0000e+00, 0.0000e+00, 
 2DIAGNOSTIC,     5, -6.148220989442e-01, 1.797693134862e+308, 0.0000e+00, 0.0000e+00, 
 2DIAGNOSTIC,     6, -6.148151706104e-01, 1.797693134862e+308, 0.0000e+00, 0.0000e+00, 
 2DIAGNOSTIC,     7, -6.148164725442e-01, 1.797693134862e+308, 0.0000e+00, 0.0000e+00, 
 2DIAGNOSTIC,     8, -6.148094716243e-01, 1.797693134862e+308, 0.0000e+00, 0.0000e+00, 
 2DIAGNOSTIC,     9, -6.149075458973e-01, 1.797693134862e+308, 0.0000e+00, 0.0000e+00, 
DIAGNOSTIC,Iteration,metricValue,convergenceValue,ITERATION_TIME_INDEX,SINCE_LAST
 2DIAGNOSTIC,     1, -5.277526270055e-01, 1.797693134862e+308, 0.0000e+00, 0.0000e+00, 
 2DIAGNOSTIC,     2, -5.277971777392e-01, 1.797693134862e+308, 0.0000e+00, 0.0000e+00, 
 2DIAGNOSTIC,     3, -5.279055405897e-01, 1.797693134862e+308, 0.0000e+00, 0.0000e+00, 
 2DIAGNOSTIC,     4, -5.279487090253e-01, 1.797693134862e+308, 0.0000e+00, 0.0000e+00, 
 2DIAGNOSTIC,     5, -5.281162227951e-01, 1.797693134862e+308, 0.0000e+00, 0.0000e+00, 
 2DIAGNOSTIC,     6, -5.281291442574e-01, 1.797693134862e+308, 0.0000e+00, 0.0000e+00, 
 2DIAGNOSTIC,     7, -5.281486334841e-01, 1.797693134862e+308, 0.0000e+00, 0.0000e+00, 
 2DIAGNOSTIC,     8, -5.281915512578e-01, 1.797693134862e+308, 0.0000e+00, 0.0000e+00, 
 2DIAGNOSTIC,     9, -5.285471101418e-01, 1.797693134862e+308, 0.0000e+00, 0.0000e+00, 
 2DIAGNOSTIC,    10, -5.291964571202e-01, 1.288918651070e-04, 0.0000e+00, 0.0000e+00, 
 2DIAGNOSTIC,    11, -5.293180455435e-01, 1.519729533804e-04, 0.0000e+00, 0.0000e+00, 
 2DIAGNOSTIC,    12, -5.302237619457e-01, 2.005892388009e-04, 0.0000e+00, 0.0000e+00, 
 2DIAGNOSTIC,    13, -5.304472424028e-01, 2.366868339774e-04, 0.0000e+00, 0.0000e+00, 
 2DIAGNOSTIC,    14, -5.311370966690e-01, 2.740031491602e-04, 0.0000e+00, 0.0000e+00, 
 2DIAGNOSTIC,    15, -5.320262973506e-01, 3.186023341707e-04, 0.0000e+00, 0.0000e+00, 
 2DIAGNOSTIC,    16, -5.327694810118e-01, 3.532329349780e-04, 0.0000e+00, 0.0000e+00, 
 2DIAGNOSTIC,    17, -5.337809723238e-01, 3.836872038663e-04, 0.0000e+00, 0.0000e+00, 
 2DIAGNOSTIC,    18, -5.343963056283e-01, 3.944442293301e-04, 0.0000e+00, 0.0000e+00, 
 2DIAGNOSTIC,    19, -5.350006497897e-01, 3.942630123161e-04, 0.0000e+00, 0.0000e+00, 
 2DIAGNOSTIC,    20, -5.349713283366e-01, 3.740279357494e-04, 0.0000e+00, 0.0000e+00, 
 2DIAGNOSTIC,    21, -5.350945889421e-01, 3.268076873465e-04, 0.0000e+00, 0.0000e+00, 
 2DIAGNOSTIC,    22, -5.350730573162e-01, 2.749384891427e-04, 0.0000e+00, 0.0000e+00, 
 2DIAGNOSTIC,    23, -5.350724319226e-01, 2.068204438818e-04, 0.0000e+00, 0.0000e+00, 
 2DIAGNOSTIC,    24, -5.350987579792e-01, 1.407659237815e-04, 0.0000e+00, 0.0000e+00, 
 2DIAGNOSTIC,    25, -5.349468418329e-01, 8.255514074142e-05, 0.0000e+00, 0.0000e+00, 
 2DIAGNOSTIC,    26, -5.349431441482e-01, 3.611496055066e-05, 0.0000e+00, 0.0000e+00, 
 2DIAGNOSTIC,    27, -5.349407473503e-01, 9.482448398601e-06, 0.0000e+00, 0.0000e+00, 
DIAGNOSTIC,Iteration,metricValue,convergenceValue,ITERATION_TIME_INDEX,SINCE_LAST
 2DIAGNOSTIC,     1, -4.887935588939e-01, 1.797693134862e+308, 0.0000e+00, 0.0000e+00, 
 2DIAGNOSTIC,     2, -4.888138618754e-01, 1.797693134862e+308, 0.0000e+00, 0.0000e+00, 
 2DIAGNOSTIC,     3, -4.889343074124e-01, 1.797693134862e+308, 0.0000e+00, 0.0000e+00, 
 2DIAGNOSTIC,     4, -4.889859185145e-01, 1.797693134862e+308, 0.0000e+00, 0.0000e+00, 
 2DIAGNOSTIC,     5, -4.890043264603e-01, 1.797693134862e+308, 0.0000e+00, 0.0000e+00, 
 2DIAGNOSTIC,     6, -4.888169976383e-01, 1.797693134862e+308, 0.0000e+00, 0.0000e+00, 
 2DIAGNOSTIC,     7, -4.888059423695e-01, 1.797693134862e+308, 0.0000e+00, 0.0000e+00, 
 2DIAGNOSTIC,     8, -4.888091426804e-01, 1.797693134862e+308, 0.0000e+00, 0.0000e+00, 
 2DIAGNOSTIC,     9, -4.888709464312e-01, 1.797693134862e+308, 0.0000e+00, 0.0000e+00, 
  Elapsed time (stage 0): 0.0000e+00


Total elapsed time: 0.0000e+00
Info [verificarlo]: loaded backend libinterflop_ieee.so
Info [interflop-ieee]: load backend with:
Info [interflop-ieee]: debug = false
Info [interflop-ieee]: debug-binary = false
Info [interflop-ieee]: no-backend-name = false
Info [interflop-ieee]: print-new-line = false
Info [interflop-ieee]: print-subnormal-normalized = false
Info [interflop-ieee]: count-op = false
All_Command_lines_OK
Using double precision for computations.
=============================================================================
The composite transform comprises the following transforms (in order): 
  1. /home/mdugre/scratch/mri-registration-rp/datasets/ds004513/derivatives/mri-registration-rp/0100/antsRegistration-r7-p10/sub-s025/rigid_Composite.h5[0] (type = Euler3DTransform)
  2. /home/mdugre/scratch/mri-registration-rp/datasets/ds004513/derivatives/mri-registration-rp/0100/antsRegistration-r7-p10/sub-s025/rigid_Composite.h5[1] (type = Euler3DTransform)
  3. /home/mdugre/scratch/mri-registration-rp/datasets/ds004513/derivatives/mri-registration-rp/0100/antsRegistration-r7-p10/sub-s025/rigid_Composite.h5[2] (type = Euler3DTransform)
=============================================================================
  number of levels = 4
  fixed image: /templateflow/tpl-MNI152NLin2009cAsym/tpl-MNI152NLin2009cAsym_res-01_desc-brain_T1w.nii.gz
  moving image: /home/mdugre/scratch/mri-registration-rp/datasets/ds004513/derivatives/mri-registration-rp/antsBrainExtraction/sub-s025/BrainExtractionBrain.nii.gz
Dimension = 3
Number of stages = 1
Use histogram matching = false
Winsorize image intensities = true
  Lower quantile = 0.005
  Upper quantile = 0.995


Stage 1 State
   Image metric = MattesMI
     Fixed image = Image (0x3f007e0)
  RTTI typeinfo:   itk::Image<double, 3u>
  Reference Count: 2
  Modified Time: 1594
  Debug: Off
  Object Name: 
  Observers: 
    none
  Source: (none)
  Source output name: (none)
  Release Data: Off
  Data Released: False
  Global Release Data: Off
  PipelineMTime: 0
  UpdateMTime: 1203
  RealTimeStamp: 0 seconds 
  LargestPossibleRegion: 
    Dimension: 3
    Index: [0, 0, 0]
    Size: [193, 229, 193]
  BufferedRegion: 
    Dimension: 3
    Index: [0, 0, 0]
    Size: [193, 229, 193]
  RequestedRegion: 
    Dimension: 3
    Index: [0, 0, 0]
    Size: [193, 229, 193]
  Spacing: [1, 1, 1]
  Origin: [96, 132, -78]
  Direction: 
-1 0 0
0 -1 0
0 0 1

  IndexToPointMatrix: 
-1 0 0
0 -1 0
0 0 1

  PointToIndexMatrix: 
-1 0 0
0 -1 0
0 0 1

  Inverse Direction: 
-1 0 0
0 -1 0
0 0 1

  PixelContainer: 
    ImportImageContainer (0x3fc0a20)
      RTTI typeinfo:   itk::ImportImageContainer<unsigned long, double>
      Reference Count: 1
      Modified Time: 1200
      Debug: Off
      Object Name: 
      Observers: 
        none
      Pointer: 0x154eb9b30010
      Container manages memory: true
      Size: 8530021
      Capacity: 8530021

     Moving image = Image (0x3f75e20)
  RTTI typeinfo:   itk::Image<double, 3u>
  Reference Count: 2
  Modified Time: 1595
  Debug: Off
  Object Name: 
  Observers: 
    none
  Source: (none)
  Source output name: (none)
  Release Data: Off
  Data Released: False
  Global Release Data: Off
  PipelineMTime: 0
  UpdateMTime: 1592
  RealTimeStamp: 0 seconds 
  LargestPossibleRegion: 
    Dimension: 3
    Index: [0, 0, 0]
    Size: [176, 240, 256]
  BufferedRegion: 
    Dimension: 3
    Index: [0, 0, 0]
    Size: [176, 240, 256]
  RequestedRegion: 
    Dimension: 3
    Index: [0, 0, 0]
    Size: [176, 240, 256]
  Spacing: [0.999999, 1, 1]
  Origin: [90.3778, 84.5091, -154.071]
  Direction: 
-0.999391 7.48184e-06 -0.0348969
-7.47664e-06 -1 -2.7953e-07
-0.0348969 -1.84481e-08 0.999391

  IndexToPointMatrix: 
-0.99939 7.48184e-06 -0.0348969
-7.47663e-06 -1 -2.7953e-07
-0.0348968 -1.84481e-08 0.999391

  PointToIndexMatrix: 
-0.999392 -7.47665e-06 -0.0348969
7.48184e-06 -1 -1.84481e-08
-0.0348969 -2.7953e-07 0.999391

  Inverse Direction: 
-0.999391 -7.47664e-06 -0.0348969
7.48184e-06 -1 -1.84481e-08
-0.0348969 -2.7953e-07 0.999391

  PixelContainer: 
    ImportImageContainer (0x400f550)
      RTTI typeinfo:   itk::ImportImageContainer<unsigned long, double>
      Reference Count: 1
      Modified Time: 1589
      Debug: Off
      Object Name: 
      Observers: 
        none
      Pointer: 0x154eb48af010
      Container manages memory: true
      Size: 10813440
      Capacity: 10813440

     Weighting = 1
     Sampling strategy = regular
     Number of bins = 32
     Radius = 4
     Sampling percentage  = 0.25
   Transform = Affine
     Gradient step = 0.1
     Update field sigma (voxel space) = 0
     Total field sigma (voxel space) = 0
     Update field time sigma = 0
     Total field time sigma  = 0
     Number of time indices = 0
     Number of time point samples = 0
Registration using 1 total stages.

Stage 0
  iterations = 1000x500x250x100
  convergence threshold = 1e-06
  convergence window size = 10
  number of levels = 4
  using the Mattes MI metric (number of bins = 32, weight = 1, use gradient filter = 0)
  preprocessing:  winsorizing the image intensities
  Shrink factors (level 1 out of 4): [8, 8, 8]
  Shrink factors (level 2 out of 4): [4, 4, 4]
  Shrink factors (level 3 out of 4): [2, 2, 2]
  Shrink factors (level 4 out of 4): [1, 1, 1]
  smoothing sigmas per level: [3, 2, 1, 0]
  regular sampling (percentage = 0.25)

*** Running AffineTransform registration ***

DIAGNOSTIC,Iteration,metricValue,convergenceValue,ITERATION_TIME_INDEX,SINCE_LAST
 2DIAGNOSTIC,     1, -7.461116996261e-01, 1.797693134862e+308, 7.9483e-01, 7.9483e-01, 
 2DIAGNOSTIC,     2, -7.482664370432e-01, 1.797693134862e+308, 7.9928e-01, 4.4479e-03, 
 2DIAGNOSTIC,     3, -7.518781315746e-01, 1.797693134862e+308, 8.0366e-01, 4.3790e-03, 
 2DIAGNOSTIC,     4, -7.573987159342e-01, 1.797693134862e+308, 8.0827e-01, 4.6082e-03, 
 2DIAGNOSTIC,     5, -7.667444407913e-01, 1.797693134862e+308, 8.1264e-01, 4.3731e-03, 
 2DIAGNOSTIC,     6, -7.821560440696e-01, 1.797693134862e+308, 8.1769e-01, 5.0490e-03, 
 2DIAGNOSTIC,     7, -8.097355817996e-01, 1.797693134862e+308, 8.2306e-01, 5.3689e-03, 
 2DIAGNOSTIC,     8, -8.490365317394e-01, 1.797693134862e+308, 8.2912e-01, 6.0611e-03, 
 2DIAGNOSTIC,     9, -8.819917972513e-01, 1.797693134862e+308, 8.3684e-01, 7.7209e-03, 
 2DIAGNOSTIC,    10, -8.850757703613e-01, 1.250605597853e-02, 8.4184e-01, 5.0039e-03, 
 2DIAGNOSTIC,    11, -8.953486640599e-01, 1.261881082007e-02, 8.4664e-01, 4.7951e-03, 
 2DIAGNOSTIC,    12, -9.078423238379e-01, 1.199279553891e-02, 8.5155e-01, 4.9109e-03, 
 2DIAGNOSTIC,    13, -9.188456602906e-01, 1.075434241667e-02, 8.5640e-01, 4.8509e-03, 
 2DIAGNOSTIC,    14, -9.266800564458e-01, 9.055383792251e-03, 8.6125e-01, 4.8511e-03, 
 2DIAGNOSTIC,    15, -9.316959106489e-01, 7.119106222931e-03, 8.6839e-01, 7.1330e-03, 
 2DIAGNOSTIC,    16, -9.324791936872e-01, 5.145615827625e-03, 8.7424e-01, 5.8548e-03, 
 2DIAGNOSTIC,    17, -9.336387096415e-01, 3.506859833023e-03, 8.7901e-01, 4.7729e-03, 
 2DIAGNOSTIC,    18, -9.358951366096e-01, 2.496532817297e-03, 8.8376e-01, 4.7500e-03, 
 2DIAGNOSTIC,    19, -9.364731364639e-01, 1.957151015257e-03, 8.8852e-01, 4.7560e-03, 
 2DIAGNOSTIC,    20, -9.371035498168e-01, 1.355869786038e-03, 8.9352e-01, 5.0030e-03, 
 2DIAGNOSTIC,    21, -9.377176161831e-01, 8.595288427004e-04, 8.9886e-01, 5.3360e-03, 
 2DIAGNOSTIC,    22, -9.382842342783e-01, 5.237836324969e-04, 9.0532e-01, 6.4580e-03, 
 2DIAGNOSTIC,    23, -9.382500208952e-01, 3.235146337279e-04, 9.1060e-01, 5.2819e-03, 
 2DIAGNOSTIC,    24, -9.385533234862e-01, 2.196590453182e-04, 9.1646e-01, 5.8651e-03, 
 2DIAGNOSTIC,    25, -9.384228937046e-01, 1.677626139859e-04, 9.2190e-01, 5.4400e-03, 
 2DIAGNOSTIC,    26, -9.385530731900e-01, 1.158138456710e-04, 9.2723e-01, 5.3232e-03, 
 2DIAGNOSTIC,    27, -9.383086306369e-01, 6.741880048981e-05, 9.3197e-01, 4.7469e-03, 
 2DIAGNOSTIC,    28, -9.383677211253e-01, 4.312240402679e-05, 9.3726e-01, 5.2872e-03, 
 2DIAGNOSTIC,    29, -9.382680276384e-01, 2.185196870404e-05, 9.4208e-01, 4.8170e-03, 
 2DIAGNOSTIC,    30, -9.381740171028e-01, 5.736768360756e-06, 9.4747e-01, 5.3930e-03, 
DIAGNOSTIC,Iteration,metricValue,convergenceValue,ITERATION_TIME_INDEX,SINCE_LAST
 2DIAGNOSTIC,     1, -7.502952880374e-01, 1.797693134862e+308, 1.7089e+00, 7.6139e-01, 
 2DIAGNOSTIC,     2, -7.507525808905e-01, 1.797693134862e+308, 1.7478e+00, 3.8965e-02, 
 2DIAGNOSTIC,     3, -7.511237968795e-01, 1.797693134862e+308, 1.7830e+00, 3.5161e-02, 
 2DIAGNOSTIC,     4, -7.515874850839e-01, 1.797693134862e+308, 1.8182e+00, 3.5234e-02, 
 2DIAGNOSTIC,     5, -7.523629334713e-01, 1.797693134862e+308, 1.8529e+00, 3.4685e-02, 
 2DIAGNOSTIC,     6, -7.536572831849e-01, 1.797693134862e+308, 1.8939e+00, 4.1014e-02, 
 2DIAGNOSTIC,     7, -7.545078231614e-01, 1.797693134862e+308, 1.9720e+00, 7.8037e-02, 
 2DIAGNOSTIC,     8, -7.545085951813e-01, 1.797693134862e+308, 2.0067e+00, 3.4757e-02, 
 2DIAGNOSTIC,     9, -7.545116241400e-01, 1.797693134862e+308, 2.0474e+00, 4.0711e-02, 
 2DIAGNOSTIC,    10, -7.545168664420e-01, 4.358200593142e-04, 2.0839e+00, 3.6468e-02, 
 2DIAGNOSTIC,    11, -7.545107995201e-01, 3.432233957802e-04, 2.1227e+00, 3.8830e-02, 
 2DIAGNOSTIC,    12, -7.545221992622e-01, 2.499630467856e-04, 2.1605e+00, 3.7746e-02, 
 2DIAGNOSTIC,    13, -7.545154508356e-01, 1.597245808773e-04, 2.1941e+00, 3.3643e-02, 
 2DIAGNOSTIC,    14, -7.545134043379e-01, 8.075601068928e-05, 2.2312e+00, 3.7053e-02, 
 2DIAGNOSTIC,    15, -7.545237891474e-01, 2.425953012941e-05, 2.2644e+00, 3.3279e-02, 
 2DIAGNOSTIC,    16, -7.545404694366e-01, 3.131868709691e-06, 2.3046e+00, 4.0207e-02, 
 2DIAGNOSTIC,    17, -7.545490244306e-01, 3.439857199583e-06, 2.3371e+00, 3.2450e-02, 
 2DIAGNOSTIC,    18, -7.545480766619e-01, 3.566939105457e-06, 2.3718e+00, 3.4670e-02, 
 2DIAGNOSTIC,    19, -7.545837642346e-01, 4.290168815070e-06, 2.4085e+00, 3.6694e-02, 
 2DIAGNOSTIC,    20, -7.546006576619e-01, 5.098095345185e-06, 2.4444e+00, 3.5937e-02, 
 2DIAGNOSTIC,    21, -7.546014064546e-01, 5.391434269669e-06, 2.4812e+00, 3.6824e-02, 
 2DIAGNOSTIC,    22, -7.546033465963e-01, 5.540333301635e-06, 2.5142e+00, 3.3007e-02, 
 2DIAGNOSTIC,    23, -7.545845805666e-01, 4.883868447346e-06, 2.5505e+00, 3.6229e-02, 
 2DIAGNOSTIC,    24, -7.545744337856e-01, 3.761874377471e-06, 2.5872e+00, 3.6734e-02, 
 2DIAGNOSTIC,    25, -7.545563498983e-01, 2.374169975027e-06, 2.6202e+00, 3.3029e-02, 
 2DIAGNOSTIC,    26, -7.545540431179e-01, 1.203018470758e-06, 2.6527e+00, 3.2442e-02, 
DIAGNOSTIC,Iteration,metricValue,convergenceValue,ITERATION_TIME_INDEX,SINCE_LAST
 2DIAGNOSTIC,     1, -6.417508128932e-01, 1.797693134862e+308, 3.7476e+00, 1.0949e+00, 
 2DIAGNOSTIC,     2, -6.421671415195e-01, 1.797693134862e+308, 4.0129e+00, 2.6532e-01, 
 2DIAGNOSTIC,     3, -6.426313027707e-01, 1.797693134862e+308, 4.2665e+00, 2.5356e-01, 
 2DIAGNOSTIC,     4, -6.431261748175e-01, 1.797693134862e+308, 4.5215e+00, 2.5510e-01, 
 2DIAGNOSTIC,     5, -6.439013848255e-01, 1.797693134862e+308, 4.7799e+00, 2.5830e-01, 
 2DIAGNOSTIC,     6, -6.449051834889e-01, 1.797693134862e+308, 5.1833e+00, 4.0348e-01, 
 2DIAGNOSTIC,     7, -6.449281317913e-01, 1.797693134862e+308, 5.4933e+00, 3.1001e-01, 
 2DIAGNOSTIC,     8, -6.449292856654e-01, 1.797693134862e+308, 5.7784e+00, 2.8504e-01, 
 2DIAGNOSTIC,     9, -6.449205963658e-01, 1.797693134862e+308, 6.1716e+00, 3.9318e-01, 
 2DIAGNOSTIC,    10, -6.449207467813e-01, 3.649866954548e-04, 6.4724e+00, 3.0085e-01, 
 2DIAGNOSTIC,    11, -6.449198079522e-01, 2.635579262601e-04, 6.7657e+00, 2.9325e-01, 
 2DIAGNOSTIC,    12, -6.449167498706e-01, 1.709254071858e-04, 7.0575e+00, 2.9184e-01, 
 2DIAGNOSTIC,    13, -6.449156310649e-01, 9.348004641084e-05, 7.3936e+00, 3.3610e-01, 
 2DIAGNOSTIC,    14, -6.449163196806e-01, 3.415912694997e-05, 7.6797e+00, 2.8616e-01, 
 2DIAGNOSTIC,    15, -6.449153372904e-01, 1.778824949519e-06, 7.9296e+00, 2.4986e-01, 
 2DIAGNOSTIC,    16, -6.449146616770e-01, 1.120307955849e-06, 8.1586e+00, 2.2903e-01, 
 2DIAGNOSTIC,    17, -6.449130879717e-01, 1.172588179214e-06, 8.4676e+00, 3.0898e-01, 
 2DIAGNOSTIC,    18, -6.449121702408e-01, 1.296515334342e-06, 8.7581e+00, 2.9045e-01, 
 2DIAGNOSTIC,    19, -6.449125434156e-01, 1.256402315776e-06, 9.0184e+00, 2.6029e-01, 
 2DIAGNOSTIC,    20, -6.449117449307e-01, 1.243671780497e-06, 9.3121e+00, 2.9375e-01, 
 2DIAGNOSTIC,    21, -6.449121486914e-01, 1.255845809865e-06, 9.6066e+00, 2.9447e-01, 
 2DIAGNOSTIC,    22, -6.449110777302e-01, 1.209264088295e-06, 9.8512e+00, 2.4460e-01, 
 2DIAGNOSTIC,    23, -6.449102505103e-01, 1.151663087791e-06, 1.0089e+01, 2.3826e-01, 
 2DIAGNOSTIC,    24, -6.449098339757e-01, 1.125867309423e-06, 1.0363e+01, 2.7372e-01, 
 2DIAGNOSTIC,    25, -6.449126941555e-01, 1.153738393385e-06, 1.0670e+01, 3.0712e-01, 
 2DIAGNOSTIC,    26, -6.449104087495e-01, 1.139469214123e-06, 1.0952e+01, 2.8153e-01, 
 2DIAGNOSTIC,    27, -6.449079212105e-01, 1.070046662333e-06, 1.1206e+01, 2.5397e-01, 
DIAGNOSTIC,Iteration,metricValue,convergenceValue,ITERATION_TIME_INDEX,SINCE_LAST
 2DIAGNOSTIC,     1, -5.762273957533e-01, 1.797693134862e+308, 1.3942e+01, 2.7362e+00, 
 2DIAGNOSTIC,     2, -5.766706825065e-01, 1.797693134862e+308, 1.5567e+01, 1.6248e+00, 
 2DIAGNOSTIC,     3, -5.771908627941e-01, 1.797693134862e+308, 1.7251e+01, 1.6840e+00, 
 2DIAGNOSTIC,     4, -5.777570335739e-01, 1.797693134862e+308, 1.8894e+01, 1.6433e+00, 
 2DIAGNOSTIC,     5, -5.788173761870e-01, 1.797693134862e+308, 2.0719e+01, 1.8250e+00, 
 2DIAGNOSTIC,     6, -5.799984133931e-01, 1.797693134862e+308, 2.2813e+01, 2.0943e+00, 
 2DIAGNOSTIC,     7, -5.800382262922e-01, 1.797693134862e+308, 2.6070e+01, 3.2565e+00, 
 2DIAGNOSTIC,     8, -5.800372126897e-01, 1.797693134862e+308, 2.8142e+01, 2.0719e+00, 
 2DIAGNOSTIC,     9, -5.800369892070e-01, 1.797693134862e+308, 3.0638e+01, 2.4961e+00, 
 2DIAGNOSTIC,    10, -5.800369518965e-01, 4.947565848108e-04, 3.2507e+01, 1.8694e+00, 
 2DIAGNOSTIC,    11, -5.800369646655e-01, 3.613238582471e-04, 3.4470e+01, 1.9628e+00, 
 2DIAGNOSTIC,    12, -5.800367430878e-01, 2.363351131885e-04, 3.6212e+01, 1.7421e+00, 
 2DIAGNOSTIC,    13, -5.800368320391e-01, 1.297513153343e-04, 3.8381e+01, 2.1687e+00, 
 2DIAGNOSTIC,    14, -5.800366265410e-01, 4.615563400771e-05, 4.0233e+01, 1.8523e+00, 
 2DIAGNOSTIC,    15, -5.800365720059e-01, 3.314245359196e-06, 4.2098e+01, 1.8647e+00, 
 2DIAGNOSTIC,    16, -5.800365586435e-01, 1.912069573617e-06, 4.3915e+01, 1.8170e+00, 
 2DIAGNOSTIC,    17, -5.800361509621e-01, 1.820418809792e-06, 4.5808e+01, 1.8931e+00, 
 2DIAGNOSTIC,    18, -5.800362292628e-01, 1.718857507084e-06, 4.7660e+01, 1.8524e+00, 
 2DIAGNOSTIC,    19, -5.800359848783e-01, 1.620447867723e-06, 4.9524e+01, 1.8636e+00, 
 2DIAGNOSTIC,    20, -5.800359024999e-01, 1.534177086905e-06, 5.1181e+01, 1.6569e+00, 
 2DIAGNOSTIC,    21, -5.800358675119e-01, 1.461189414957e-06, 5.2793e+01, 1.6125e+00, 
 2DIAGNOSTIC,    22, -5.800357616641e-01, 1.392630005724e-06, 5.4739e+01, 1.9462e+00, 
 2DIAGNOSTIC,    23, -5.800358067749e-01, 1.338183420053e-06, 5.6963e+01, 2.2240e+00, 
 2DIAGNOSTIC,    24, -5.800354319945e-01, 1.280669884536e-06, 5.8716e+01, 1.7524e+00, 
 2DIAGNOSTIC,    25, -5.800355251207e-01, 1.233012302274e-06, 6.0658e+01, 1.9423e+00, 
 2DIAGNOSTIC,    26, -5.800354342397e-01, 1.190939842285e-06, 6.2322e+01, 1.6641e+00, 
 2DIAGNOSTIC,    27, -5.800353848515e-01, 1.146720710360e-06, 6.4192e+01, 1.8702e+00, 
 2DIAGNOSTIC,    28, -5.800352277818e-01, 1.107489208237e-06, 6.5852e+01, 1.6595e+00, 
 2DIAGNOSTIC,    29, -5.800354725287e-01, 1.073902462248e-06, 6.7622e+01, 1.7703e+00, 
 2DIAGNOSTIC,    30, -5.800357346789e-01, 1.047604299788e-06, 6.9703e+01, 2.0808e+00, 
 2DIAGNOSTIC,    31, -5.800358507872e-01, 1.025439053157e-06, 7.1665e+01, 1.9624e+00, 
  Elapsed time (stage 0): 7.2636e+01


Total elapsed time: 7.2638e+01
Info [verificarlo]: loaded backend libinterflop_ieee.so
Info [interflop-ieee]: load backend with:
Info [interflop-ieee]: debug = false
Info [interflop-ieee]: debug-binary = false
Info [interflop-ieee]: no-backend-name = false
Info [interflop-ieee]: print-new-line = false
Info [interflop-ieee]: print-subnormal-normalized = false
Info [interflop-ieee]: count-op = false
All_Command_lines_OK
Using double precision for computations.
=============================================================================
The composite transform comprises the following transforms (in order): 
  1. /home/mdugre/scratch/mri-registration-rp/datasets/ds004513/derivatives/mri-registration-rp/0100/antsRegistration-r7-p10/sub-s025/affine_Composite.h5[0] (type = Euler3DTransform)
  2. /home/mdugre/scratch/mri-registration-rp/datasets/ds004513/derivatives/mri-registration-rp/0100/antsRegistration-r7-p10/sub-s025/affine_Composite.h5[1] (type = Euler3DTransform)
  3. /home/mdugre/scratch/mri-registration-rp/datasets/ds004513/derivatives/mri-registration-rp/0100/antsRegistration-r7-p10/sub-s025/affine_Composite.h5[2] (type = Euler3DTransform)
  4. /home/mdugre/scratch/mri-registration-rp/datasets/ds004513/derivatives/mri-registration-rp/0100/antsRegistration-r7-p10/sub-s025/affine_Composite.h5[3] (type = AffineTransform)
=============================================================================
  number of levels = 4
  fixed image: /templateflow/tpl-MNI152NLin2009cAsym/tpl-MNI152NLin2009cAsym_res-01_desc-brain_T1w.nii.gz
  moving image: /home/mdugre/scratch/mri-registration-rp/datasets/ds004513/derivatives/mri-registration-rp/antsBrainExtraction/sub-s025/BrainExtractionBrain.nii.gz
Dimension = 3
Number of stages = 1
Use histogram matching = false
Winsorize image intensities = true
  Lower quantile = 0.005
  Upper quantile = 0.995


Stage 1 State
   Image metric = CC
     Fixed image = Image (0x4b10a40)
  RTTI typeinfo:   itk::Image<double, 3u>
  Reference Count: 2
  Modified Time: 1608
  Debug: Off
  Object Name: 
  Observers: 
    none
  Source: (none)
  Source output name: (none)
  Release Data: Off
  Data Released: False
  Global Release Data: Off
  PipelineMTime: 0
  UpdateMTime: 1217
  RealTimeStamp: 0 seconds 
  LargestPossibleRegion: 
    Dimension: 3
    Index: [0, 0, 0]
    Size: [193, 229, 193]
  BufferedRegion: 
    Dimension: 3
    Index: [0, 0, 0]
    Size: [193, 229, 193]
  RequestedRegion: 
    Dimension: 3
    Index: [0, 0, 0]
    Size: [193, 229, 193]
  Spacing: [1, 1, 1]
  Origin: [96, 132, -78]
  Direction: 
-1 0 0
0 -1 0
0 0 1

  IndexToPointMatrix: 
-1 0 0
0 -1 0
0 0 1

  PointToIndexMatrix: 
-1 0 0
0 -1 0
0 0 1

  Inverse Direction: 
-1 0 0
0 -1 0
0 0 1

  PixelContainer: 
    ImportImageContainer (0x4bdf780)
      RTTI typeinfo:   itk::ImportImageContainer<unsigned long, double>
      Reference Count: 1
      Modified Time: 1214
      Debug: Off
      Object Name: 
      Observers: 
        none
      Pointer: 0x151f1e706010
      Container manages memory: true
      Size: 8530021
      Capacity: 8530021

     Moving image = Image (0x4be1390)
  RTTI typeinfo:   itk::Image<double, 3u>
  Reference Count: 2
  Modified Time: 1609
  Debug: Off
  Object Name: 
  Observers: 
    none
  Source: (none)
  Source output name: (none)
  Release Data: Off
  Data Released: False
  Global Release Data: Off
  PipelineMTime: 0
  UpdateMTime: 1606
  RealTimeStamp: 0 seconds 
  LargestPossibleRegion: 
    Dimension: 3
    Index: [0, 0, 0]
    Size: [176, 240, 256]
  BufferedRegion: 
    Dimension: 3
    Index: [0, 0, 0]
    Size: [176, 240, 256]
  RequestedRegion: 
    Dimension: 3
    Index: [0, 0, 0]
    Size: [176, 240, 256]
  Spacing: [0.999999, 1, 1]
  Origin: [90.3778, 84.5091, -154.071]
  Direction: 
-0.999391 7.48184e-06 -0.0348969
-7.47664e-06 -1 -2.7953e-07
-0.0348969 -1.84481e-08 0.999391

  IndexToPointMatrix: 
-0.99939 7.48184e-06 -0.0348969
-7.47663e-06 -1 -2.7953e-07
-0.0348968 -1.84481e-08 0.999391

  PointToIndexMatrix: 
-0.999392 -7.47665e-06 -0.0348969
7.48184e-06 -1 -1.84481e-08
-0.0348969 -2.7953e-07 0.999391

  Inverse Direction: 
-0.999391 -7.47664e-06 -0.0348969
7.48184e-06 -1 -1.84481e-08
-0.0348969 -2.7953e-07 0.999391

  PixelContainer: 
    ImportImageContainer (0x4b966f0)
      RTTI typeinfo:   itk::ImportImageContainer<unsigned long, double>
      Reference Count: 1
      Modified Time: 1603
      Debug: Off
      Object Name: 
      Observers: 
        none
      Pointer: 0x151f19485010
      Container manages memory: true
      Size: 10813440
      Capacity: 10813440

     Weighting = 1
     Sampling strategy = none
     Number of bins = 32
     Radius = 4
     Sampling percentage  = 1
   Transform = SyN
     Gradient step = 0.1
     Update field sigma (voxel space) = 3
     Total field sigma (voxel space) = 0
     Update field time sigma = 0
     Total field time sigma  = 0
     Number of time indices = 0
     Number of time point samples = 0
Registration using 1 total stages.

Stage 0
  iterations = 100x70x50x20
  convergence threshold = 1e-06
  convergence window size = 10
  number of levels = 4
  using the CC metric (radius = 4, weight = 1, use gradient filter = 0)
  preprocessing:  winsorizing the image intensities
  Shrink factors (level 1 out of 4): [8, 8, 8]
  Shrink factors (level 2 out of 4): [4, 4, 4]
  Shrink factors (level 3 out of 4): [2, 2, 2]
  Shrink factors (level 4 out of 4): [1, 1, 1]
  smoothing sigmas per level: [3, 2, 1, 0]
  Using default NONE metricSamplingStrategy 

*** Running SyN registration (varianceForUpdateField = 3, varianceForTotalField = 0) ***

XXDIAGNOSTIC,Iteration,metricValue,convergenceValue,ITERATION_TIME_INDEX,SINCE_LAST
 1DIAGNOSTIC,     1, -9.075487678462e-01, 1.797693134862e+308, 1.0179e+00, 1.0179e+00, 
 1DIAGNOSTIC,     2, -9.181623979617e-01, 1.797693134862e+308, 1.3792e+00, 3.6127e-01, 
 1DIAGNOSTIC,     3, -9.266863628555e-01, 1.797693134862e+308, 1.7229e+00, 3.4367e-01, 
 1DIAGNOSTIC,     4, -9.332196326932e-01, 1.797693134862e+308, 2.0577e+00, 3.3486e-01, 
 1DIAGNOSTIC,     5, -9.380016335996e-01, 1.797693134862e+308, 2.3956e+00, 3.3788e-01, 
 1DIAGNOSTIC,     6, -9.413280381283e-01, 1.797693134862e+308, 2.7332e+00, 3.3762e-01, 
 1DIAGNOSTIC,     7, -9.444364212055e-01, 1.797693134862e+308, 3.0639e+00, 3.3072e-01, 
 1DIAGNOSTIC,     8, -9.477260255137e-01, 1.797693134862e+308, 3.3998e+00, 3.3590e-01, 
 1DIAGNOSTIC,     9, -9.511118778476e-01, 1.797693134862e+308, 3.7300e+00, 3.3021e-01, 
