
##########################
# Experiment information #
##########################

EXPERIMENT_NAME: antsRegistration-r7-p7
VFC_BACKENDS: libinterflop_vprec.so --range-binary32=7 --precision-binary32=7 --range-binary64=7 --precision-binary64=7

SIF_IMG: /home/mdugre/projects/rrg-glatard/mdugre/containers/ants-vprec-no_metrics.simg

SUBJECT_ID: s017
INPUT_IMG: /home/mdugre/scratch/mri-registration-rp/datasets/ds004513/derivatives/mri-registration-rp/antsBrainExtraction/sub-s017/BrainExtractionBrain.nii.gz
OUTPUT_DIR: /home/mdugre/scratch/mri-registration-rp/datasets/ds004513/derivatives/mri-registration-rp/0100/antsRegistration-r7-p7/sub-s017

FIXED_IMG: /templateflow/tpl-MNI152NLin2009cAsym/tpl-MNI152NLin2009cAsym_res-01_desc-brain_T1w.nii.gz
DATA_DIR: /home/mdugre/scratch/mri-registration-rp/datasets/ds004513
TEMPLATEFLOW_DIR: /home/mdugre/projects/rrg-glatard/mdugre/templateflow
ITK_GLOBAL_DEFAULT_NUMBER_OF_THREADS: 16
##########################

Info [verificarlo]: loaded backend libinterflop_ieee.so
Info [interflop-ieee]: load backend with:
Info [interflop-ieee]: debug = false
Info [interflop-ieee]: debug-binary = false
Info [interflop-ieee]: no-backend-name = false
Info [interflop-ieee]: print-new-line = false
Info [interflop-ieee]: print-subnormal-normalized = false
Info [interflop-ieee]: count-op = false
All_Command_lines_OK
Using double precision for computations.
=============================================================================
The composite transform comprises the following transforms (in order): 
  1. Center of mass alignment using fixed image: /templateflow/tpl-MNI152NLin2009cAsym/tpl-MNI152NLin2009cAsym_res-01_desc-brain_T1w.nii.gz and moving image: /home/mdugre/scratch/mri-registration-rp/datasets/ds004513/derivatives/mri-registration-rp/antsBrainExtraction/sub-s017/BrainExtractionBrain.nii.gz (type = Euler3DTransform)
=============================================================================
  number of levels = 1
  fixed image: /templateflow/tpl-MNI152NLin2009cAsym/tpl-MNI152NLin2009cAsym_res-01_desc-brain_T1w.nii.gz
  moving image: /home/mdugre/scratch/mri-registration-rp/datasets/ds004513/derivatives/mri-registration-rp/antsBrainExtraction/sub-s017/BrainExtractionBrain.nii.gz
Dimension = 3
Number of stages = 1
Use histogram matching = false
Winsorize image intensities = true
  Lower quantile = 0.005
  Upper quantile = 0.995


Stage 1 State
   Image metric = MattesMI
     Fixed image = Image (0x4e06bd0)
  RTTI typeinfo:   itk::Image<double, 3u>
  Reference Count: 2
  Modified Time: 2334
  Debug: Off
  Object Name: 
  Observers: 
    none
  Source: (none)
  Source output name: (none)
  Release Data: Off
  Data Released: False
  Global Release Data: Off
  PipelineMTime: 0
  UpdateMTime: 1943
  RealTimeStamp: 0 seconds 
  LargestPossibleRegion: 
    Dimension: 3
    Index: [0, 0, 0]
    Size: [193, 229, 193]
  BufferedRegion: 
    Dimension: 3
    Index: [0, 0, 0]
    Size: [193, 229, 193]
  RequestedRegion: 
    Dimension: 3
    Index: [0, 0, 0]
    Size: [193, 229, 193]
  Spacing: [1, 1, 1]
  Origin: [96, 132, -78]
  Direction: 
-1 0 0
0 -1 0
0 0 1

  IndexToPointMatrix: 
-1 0 0
0 -1 0
0 0 1

  PointToIndexMatrix: 
-1 0 0
0 -1 0
0 0 1

  Inverse Direction: 
-1 0 0
0 -1 0
0 0 1

  PixelContainer: 
    ImportImageContainer (0x4e0f9e0)
      RTTI typeinfo:   itk::ImportImageContainer<unsigned long, double>
      Reference Count: 1
      Modified Time: 1940
      Debug: Off
      Object Name: 
      Observers: 
        none
      Pointer: 0x148959f7c010
      Container manages memory: true
      Size: 8530021
      Capacity: 8530021

     Moving image = Image (0x4e10bd0)
  RTTI typeinfo:   itk::Image<double, 3u>
  Reference Count: 2
  Modified Time: 2335
  Debug: Off
  Object Name: 
  Observers: 
    none
  Source: (none)
  Source output name: (none)
  Release Data: Off
  Data Released: False
  Global Release Data: Off
  PipelineMTime: 0
  UpdateMTime: 2332
  RealTimeStamp: 0 seconds 
  LargestPossibleRegion: 
    Dimension: 3
    Index: [0, 0, 0]
    Size: [160, 240, 256]
  BufferedRegion: 
    Dimension: 3
    Index: [0, 0, 0]
    Size: [160, 240, 256]
  RequestedRegion: 
    Dimension: 3
    Index: [0, 0, 0]
    Size: [160, 240, 256]
  Spacing: [1, 1, 1]
  Origin: [91.3357, 102.231, -120.042]
  Direction: 
-0.997442 -5.36781e-05 -0.0714818
5.35416e-05 -1 3.82465e-06
-0.0714818 -1.23894e-08 0.997442

  IndexToPointMatrix: 
-0.997444 -5.36781e-05 -0.0714818
5.35418e-05 -1 3.82465e-06
-0.0714819 -1.23894e-08 0.997442

  PointToIndexMatrix: 
-0.99744 5.35415e-05 -0.0714816
-5.36781e-05 -1 -1.23894e-08
-0.0714818 3.82465e-06 0.997442

  Inverse Direction: 
-0.997442 5.35416e-05 -0.0714818
-5.36781e-05 -1 -1.23894e-08
-0.0714818 3.82465e-06 0.997442

  PixelContainer: 
    ImportImageContainer (0x4f96b50)
      RTTI typeinfo:   itk::ImportImageContainer<unsigned long, double>
      Reference Count: 1
      Modified Time: 2329
      Debug: Off
      Object Name: 
      Observers: 
        none
      Pointer: 0x14895547b010
      Container manages memory: true
      Size: 9830400
      Capacity: 9830400

     Weighting = 1
     Sampling strategy = regular
     Number of bins = 32
     Radius = 4
     Sampling percentage  = 0.25
   Transform = Rigid
     Gradient step = 0.1
     Update field sigma (voxel space) = 0
     Total field sigma (voxel space) = 0
     Update field time sigma = 0
     Total field time sigma  = 0
     Number of time indices = 0
     Number of time point samples = 0
Registration using 1 total stages.

Stage 0
  iterations = 0
  convergence threshold = 1e-06
  convergence window size = 10
  number of levels = 1
  using the Mattes MI metric (number of bins = 32, weight = 1, use gradient filter = 0)
  preprocessing:  winsorizing the image intensities
  Shrink factors (level 1 out of 1): [1, 1, 1]
  smoothing sigmas per level: [0]
  regular sampling (percentage = 0.25)

*** Running Euler3DTransform registration ***

  Elapsed time (stage 0): 1.05466


Total elapsed time: 1.05723
Info [verificarlo]: loaded backend libinterflop_vprec.so
Info [interflop-vprec]: load backend with: 
Info [interflop-vprec]: precision-binary32 = 7
Info [interflop-vprec]: range-binary32 = 7
Info [interflop-vprec]: precision-binary64 = 7
Info [interflop-vprec]: range-binary64 = 7
Info [interflop-vprec]: mode = ob
Info [interflop-vprec]: error-mode = rel
Info [interflop-vprec]: max-abs-error-exponent = -1022
Info [interflop-vprec]: daz = false
Info [interflop-vprec]: ftz = false
Info [interflop-vprec]: 	instrument = none
Info [interflop-vprec]: 	prec-input-file = (null)
Info [interflop-vprec]: 	prec-output-file = (null)
Info [interflop-vprec]: 	prec-log-file = (null)
All_Command_lines_OK
Using double precision for computations.
=============================================================================
The composite transform comprises the following transforms (in order): 
  1. /home/mdugre/scratch/mri-registration-rp/datasets/ds004513/derivatives/mri-registration-rp/0100/antsRegistration-r7-p7/sub-s017/align_Composite.h5[0] (type = Euler3DTransform)
  2. /home/mdugre/scratch/mri-registration-rp/datasets/ds004513/derivatives/mri-registration-rp/0100/antsRegistration-r7-p7/sub-s017/align_Composite.h5[1] (type = Euler3DTransform)
=============================================================================
  number of levels = 4
  fixed image: /templateflow/tpl-MNI152NLin2009cAsym/tpl-MNI152NLin2009cAsym_res-01_desc-brain_T1w.nii.gz
  moving image: /home/mdugre/scratch/mri-registration-rp/datasets/ds004513/derivatives/mri-registration-rp/antsBrainExtraction/sub-s017/BrainExtractionBrain.nii.gz
Dimension = 3
Number of stages = 1
Use histogram matching = false
Winsorize image intensities = true
  Lower quantile = 0.005
  Upper quantile = 0.995


Stage 1 State
   Image metric = MattesMI
     Fixed image = Image (0x337b1e0)
  RTTI typeinfo:   itk::Image<double, 3u>
  Reference Count: 2
  Modified Time: 1578
  Debug: Off
  Object Name: 
  Observers: 
    none
  Source: (none)
  Source output name: (none)
  Release Data: Off
  Data Released: False
  Global Release Data: Off
  PipelineMTime: 0
  UpdateMTime: 1189
  RealTimeStamp: 0 seconds 
  LargestPossibleRegion: 
    Dimension: 3
    Index: [0, 0, 0]
    Size: [193, 229, 193]
  BufferedRegion: 
    Dimension: 3
    Index: [0, 0, 0]
    Size: [193, 229, 193]
  RequestedRegion: 
    Dimension: 3
    Index: [0, 0, 0]
    Size: [193, 229, 193]
  Spacing: [1, 1, 1]
  Origin: [96, 132, -78]
  Direction: 
-1 0 0
0 -1 0
0 0 1

  IndexToPointMatrix: 
-1 0 0
0 -1 0
0 0 1

  PointToIndexMatrix: 
-1 0 0
0 -1 0
0 0 1

  Inverse Direction: 
-1 0 0
0 -1 0
0 0 1

  PixelContainer: 
    ImportImageContainer (0x343a680)
      RTTI typeinfo:   itk::ImportImageContainer<unsigned long, double>
      Reference Count: 1
      Modified Time: 1186
      Debug: Off
      Object Name: 
      Observers: 
        none
      Pointer: 0x14ae160b8010
      Container manages memory: true
      Size: 8530021
      Capacity: 8530021

     Moving image = Image (0x3436b20)
  RTTI typeinfo:   itk::Image<double, 3u>
  Reference Count: 2
  Modified Time: 1579
  Debug: Off
  Object Name: 
  Observers: 
    none
  Source: (none)
  Source output name: (none)
  Release Data: Off
  Data Released: False
  Global Release Data: Off
  PipelineMTime: 0
  UpdateMTime: 1576
  RealTimeStamp: 0 seconds 
  LargestPossibleRegion: 
    Dimension: 3
    Index: [0, 0, 0]
    Size: [160, 240, 256]
  BufferedRegion: 
    Dimension: 3
    Index: [0, 0, 0]
    Size: [160, 240, 256]
  RequestedRegion: 
    Dimension: 3
    Index: [0, 0, 0]
    Size: [160, 240, 256]
  Spacing: [1, 1, 1]
  Origin: [91.5, 102, -120]
  Direction: 
-0.996094 -5.36442e-05 -0.0708008
5.34058e-05 -1 3.7998e-06
-0.0708008 -1.49012e-08 0.996094

  IndexToPointMatrix: 
-0.996094 -5.36442e-05 -0.0708008
5.34058e-05 -1 3.7998e-06
-0.0708008 -1.49012e-08 0.996094

  PointToIndexMatrix: 
-1 5.34058e-05 -0.0708008
-5.34058e-05 -1 -1.89245e-06
-0.0708008 1.89245e-06 0.996094

  Inverse Direction: 
-1 5.34058e-05 -0.0708008
-5.34058e-05 -1 -1.89245e-06
-0.0708008 1.89245e-06 0.996094

  PixelContainer: 
    ImportImageContainer (0x349fd50)
      RTTI typeinfo:   itk::ImportImageContainer<unsigned long, double>
      Reference Count: 1
      Modified Time: 1573
      Debug: Off
      Object Name: 
      Observers: 
        none
      Pointer: 0x14ae115b7010
      Container manages memory: true
      Size: 9830400
      Capacity: 9830400

     Weighting = 1
     Sampling strategy = regular
     Number of bins = 32
     Radius = 4
     Sampling percentage  = 0.25
   Transform = Rigid
     Gradient step = 0.1
     Update field sigma (voxel space) = 0
     Total field sigma (voxel space) = 0
     Update field time sigma = 0
     Total field time sigma  = 0
     Number of time indices = 0
     Number of time point samples = 0
Registration using 1 total stages.

Stage 0
  iterations = 1000x500x250x100
  convergence threshold = 1e-06
  convergence window size = 10
  number of levels = 4
  using the Mattes MI metric (number of bins = 32, weight = 1, use gradient filter = 0)
  preprocessing:  winsorizing the image intensities
  Shrink factors (level 1 out of 4): [8, 8, 8]
  Shrink factors (level 2 out of 4): [4, 4, 4]
  Shrink factors (level 3 out of 4): [2, 2, 2]
  Shrink factors (level 4 out of 4): [1, 1, 1]
  smoothing sigmas per level: [3, 2, 1, 0]
  regular sampling (percentage = 0.25)

*** Running Euler3DTransform registration ***

DIAGNOSTIC,Iteration,metricValue,convergenceValue,ITERATION_TIME_INDEX,SINCE_LAST
 2DIAGNOSTIC,     1, -5.658123403698e-01, 1.797693134862e+308, 0.0000e+00, 0.0000e+00, 
 2DIAGNOSTIC,     2, -5.659693103501e-01, 1.797693134862e+308, 0.0000e+00, 0.0000e+00, 
 2DIAGNOSTIC,     3, -5.660739349864e-01, 1.797693134862e+308, 0.0000e+00, 0.0000e+00, 
 2DIAGNOSTIC,     4, -5.662685300921e-01, 1.797693134862e+308, 0.0000e+00, 0.0000e+00, 
 2DIAGNOSTIC,     5, -5.662734345679e-01, 1.797693134862e+308, 0.0000e+00, 0.0000e+00, 
 2DIAGNOSTIC,     6, -5.661566324113e-01, 1.797693134862e+308, 0.0000e+00, 0.0000e+00, 
 2DIAGNOSTIC,     7, -5.662439465111e-01, 1.797693134862e+308, 0.0000e+00, 0.0000e+00, 
 2DIAGNOSTIC,     8, -5.662439465118e-01, 1.797693134862e+308, 0.0000e+00, 0.0000e+00, 
 2DIAGNOSTIC,     9, -5.660103262458e-01, 1.797693134862e+308, 0.0000e+00, 0.0000e+00, 
 2DIAGNOSTIC,    10, -5.659798385285e-01, 1.464829580800e-05, 0.0000e+00, 0.0000e+00, 
DIAGNOSTIC,Iteration,metricValue,convergenceValue,ITERATION_TIME_INDEX,SINCE_LAST
 2DIAGNOSTIC,     1, -4.663429084428e-01, 1.797693134862e+308, 0.0000e+00, 0.0000e+00, 
 2DIAGNOSTIC,     2, -4.665492197290e-01, 1.797693134862e+308, 0.0000e+00, 0.0000e+00, 
 2DIAGNOSTIC,     3, -4.664855970023e-01, 1.797693134862e+308, 0.0000e+00, 0.0000e+00, 
 2DIAGNOSTIC,     4, -4.664807478980e-01, 1.797693134862e+308, 0.0000e+00, 0.0000e+00, 
 2DIAGNOSTIC,     5, -4.664783549704e-01, 1.797693134862e+308, 0.0000e+00, 0.0000e+00, 
 2DIAGNOSTIC,     6, -4.664553879143e-01, 1.797693134862e+308, 0.0000e+00, 0.0000e+00, 
 2DIAGNOSTIC,     7, -4.664646557870e-01, 1.797693134862e+308, 0.0000e+00, 0.0000e+00, 
 2DIAGNOSTIC,     8, -4.664606876837e-01, 1.797693134862e+308, 0.0000e+00, 0.0000e+00, 
 2DIAGNOSTIC,     9, -4.664197075091e-01, 1.797693134862e+308, 0.0000e+00, 0.0000e+00, 
DIAGNOSTIC,Iteration,metricValue,convergenceValue,ITERATION_TIME_INDEX,SINCE_LAST
 2DIAGNOSTIC,     1, -4.014320979189e-01, 1.797693134862e+308, 0.0000e+00, 0.0000e+00, 
 2DIAGNOSTIC,     2, -4.014157594695e-01, 1.797693134862e+308, 0.0000e+00, 0.0000e+00, 
 2DIAGNOSTIC,     3, -4.014115563958e-01, 1.797693134862e+308, 0.0000e+00, 0.0000e+00, 
 2DIAGNOSTIC,     4, -4.013974431238e-01, 1.797693134862e+308, 0.0000e+00, 0.0000e+00, 
 2DIAGNOSTIC,     5, -4.013786803098e-01, 1.797693134862e+308, 0.0000e+00, 0.0000e+00, 
 2DIAGNOSTIC,     6, -4.013786803098e-01, 1.797693134862e+308, 0.0000e+00, 0.0000e+00, 
 2DIAGNOSTIC,     7, -4.013786803098e-01, 1.797693134862e+308, 0.0000e+00, 0.0000e+00, 
 2DIAGNOSTIC,     8, -4.013786803098e-01, 1.797693134862e+308, 0.0000e+00, 0.0000e+00, 
 2DIAGNOSTIC,     9, -4.013786803098e-01, 1.797693134862e+308, 0.0000e+00, 0.0000e+00, 
DIAGNOSTIC,Iteration,metricValue,convergenceValue,ITERATION_TIME_INDEX,SINCE_LAST
 2DIAGNOSTIC,     1, -3.695795968456e-01, 1.797693134862e+308, 0.0000e+00, 0.0000e+00, 
 2DIAGNOSTIC,     2, -3.696120152626e-01, 1.797693134862e+308, 0.0000e+00, 0.0000e+00, 
 2DIAGNOSTIC,     3, -3.696629007318e-01, 1.797693134862e+308, 0.0000e+00, 0.0000e+00, 
 2DIAGNOSTIC,     4, -3.696674908755e-01, 1.797693134862e+308, 0.0000e+00, 0.0000e+00, 
 2DIAGNOSTIC,     5, -3.696658218871e-01, 1.797693134862e+308, 0.0000e+00, 0.0000e+00, 
 2DIAGNOSTIC,     6, -3.696504256244e-01, 1.797693134862e+308, 0.0000e+00, 0.0000e+00, 
 2DIAGNOSTIC,     7, -3.696530529909e-01, 1.797693134862e+308, 0.0000e+00, 0.0000e+00, 
 2DIAGNOSTIC,     8, -3.696291011619e-01, 1.797693134862e+308, 0.0000e+00, 0.0000e+00, 
 2DIAGNOSTIC,     9, -3.696239593182e-01, 1.797693134862e+308, 0.0000e+00, 0.0000e+00, 
 2DIAGNOSTIC,    10, -3.696239593182e-01, 1.677665786723e-06, 0.0000e+00, 0.0000e+00, 
  Elapsed time (stage 0): 0.0000e+00


Total elapsed time: 0.0000e+00
Info [verificarlo]: loaded backend libinterflop_ieee.so
Info [interflop-ieee]: load backend with:
Info [interflop-ieee]: debug = false
Info [interflop-ieee]: debug-binary = false
Info [interflop-ieee]: no-backend-name = false
Info [interflop-ieee]: print-new-line = false
Info [interflop-ieee]: print-subnormal-normalized = false
Info [interflop-ieee]: count-op = false
All_Command_lines_OK
Using double precision for computations.
=============================================================================
The composite transform comprises the following transforms (in order): 
  1. /home/mdugre/scratch/mri-registration-rp/datasets/ds004513/derivatives/mri-registration-rp/0100/antsRegistration-r7-p7/sub-s017/rigid_Composite.h5[0] (type = Euler3DTransform)
  2. /home/mdugre/scratch/mri-registration-rp/datasets/ds004513/derivatives/mri-registration-rp/0100/antsRegistration-r7-p7/sub-s017/rigid_Composite.h5[1] (type = Euler3DTransform)
  3. /home/mdugre/scratch/mri-registration-rp/datasets/ds004513/derivatives/mri-registration-rp/0100/antsRegistration-r7-p7/sub-s017/rigid_Composite.h5[2] (type = Euler3DTransform)
=============================================================================
  number of levels = 4
  fixed image: /templateflow/tpl-MNI152NLin2009cAsym/tpl-MNI152NLin2009cAsym_res-01_desc-brain_T1w.nii.gz
  moving image: /home/mdugre/scratch/mri-registration-rp/datasets/ds004513/derivatives/mri-registration-rp/antsBrainExtraction/sub-s017/BrainExtractionBrain.nii.gz
Dimension = 3
Number of stages = 1
Use histogram matching = false
Winsorize image intensities = true
  Lower quantile = 0.005
  Upper quantile = 0.995


Stage 1 State
   Image metric = MattesMI
     Fixed image = Image (0x4605530)
  RTTI typeinfo:   itk::Image<double, 3u>
  Reference Count: 2
  Modified Time: 1594
  Debug: Off
  Object Name: 
  Observers: 
    none
  Source: (none)
  Source output name: (none)
  Release Data: Off
  Data Released: False
  Global Release Data: Off
  PipelineMTime: 0
  UpdateMTime: 1203
  RealTimeStamp: 0 seconds 
  LargestPossibleRegion: 
    Dimension: 3
    Index: [0, 0, 0]
    Size: [193, 229, 193]
  BufferedRegion: 
    Dimension: 3
    Index: [0, 0, 0]
    Size: [193, 229, 193]
  RequestedRegion: 
    Dimension: 3
    Index: [0, 0, 0]
    Size: [193, 229, 193]
  Spacing: [1, 1, 1]
  Origin: [96, 132, -78]
  Direction: 
-1 0 0
0 -1 0
0 0 1

  IndexToPointMatrix: 
-1 0 0
0 -1 0
0 0 1

  PointToIndexMatrix: 
-1 0 0
0 -1 0
0 0 1

  Inverse Direction: 
-1 0 0
0 -1 0
0 0 1

  PixelContainer: 
    ImportImageContainer (0x46122b0)
      RTTI typeinfo:   itk::ImportImageContainer<unsigned long, double>
      Reference Count: 1
      Modified Time: 1200
      Debug: Off
      Object Name: 
      Observers: 
        none
      Pointer: 0x149e38573010
      Container manages memory: true
      Size: 8530021
      Capacity: 8530021

     Moving image = Image (0x46c0fd0)
  RTTI typeinfo:   itk::Image<double, 3u>
  Reference Count: 2
  Modified Time: 1595
  Debug: Off
  Object Name: 
  Observers: 
    none
  Source: (none)
  Source output name: (none)
  Release Data: Off
  Data Released: False
  Global Release Data: Off
  PipelineMTime: 0
  UpdateMTime: 1592
  RealTimeStamp: 0 seconds 
  LargestPossibleRegion: 
    Dimension: 3
    Index: [0, 0, 0]
    Size: [160, 240, 256]
  BufferedRegion: 
    Dimension: 3
    Index: [0, 0, 0]
    Size: [160, 240, 256]
  RequestedRegion: 
    Dimension: 3
    Index: [0, 0, 0]
    Size: [160, 240, 256]
  Spacing: [1, 1, 1]
  Origin: [91.3357, 102.231, -120.042]
  Direction: 
-0.997442 -5.36781e-05 -0.0714818
5.35416e-05 -1 3.82465e-06
-0.0714818 -1.23894e-08 0.997442

  IndexToPointMatrix: 
-0.997444 -5.36781e-05 -0.0714818
5.35418e-05 -1 3.82465e-06
-0.0714819 -1.23894e-08 0.997442

  PointToIndexMatrix: 
-0.99744 5.35415e-05 -0.0714816
-5.36781e-05 -1 -1.23894e-08
-0.0714818 3.82465e-06 0.997442

  Inverse Direction: 
-0.997442 5.35416e-05 -0.0714818
-5.36781e-05 -1 -1.23894e-08
-0.0714818 3.82465e-06 0.997442

  PixelContainer: 
    ImportImageContainer (0x46d8990)
      RTTI typeinfo:   itk::ImportImageContainer<unsigned long, double>
      Reference Count: 1
      Modified Time: 1589
      Debug: Off
      Object Name: 
      Observers: 
        none
      Pointer: 0x149e33a72010
      Container manages memory: true
      Size: 9830400
      Capacity: 9830400

     Weighting = 1
     Sampling strategy = regular
     Number of bins = 32
     Radius = 4
     Sampling percentage  = 0.25
   Transform = Affine
     Gradient step = 0.1
     Update field sigma (voxel space) = 0
     Total field sigma (voxel space) = 0
     Update field time sigma = 0
     Total field time sigma  = 0
     Number of time indices = 0
     Number of time point samples = 0
Registration using 1 total stages.

Stage 0
  iterations = 1000x500x250x100
  convergence threshold = 1e-06
  convergence window size = 10
  number of levels = 4
  using the Mattes MI metric (number of bins = 32, weight = 1, use gradient filter = 0)
  preprocessing:  winsorizing the image intensities
  Shrink factors (level 1 out of 4): [8, 8, 8]
  Shrink factors (level 2 out of 4): [4, 4, 4]
  Shrink factors (level 3 out of 4): [2, 2, 2]
  Shrink factors (level 4 out of 4): [1, 1, 1]
  smoothing sigmas per level: [3, 2, 1, 0]
  regular sampling (percentage = 0.25)

*** Running AffineTransform registration ***

DIAGNOSTIC,Iteration,metricValue,convergenceValue,ITERATION_TIME_INDEX,SINCE_LAST
 2DIAGNOSTIC,     1, -5.586822555947e-01, 1.797693134862e+308, 6.4665e-01, 6.4665e-01, 
 2DIAGNOSTIC,     2, -5.610311543661e-01, 1.797693134862e+308, 6.5104e-01, 4.3809e-03, 
 2DIAGNOSTIC,     3, -5.652337047051e-01, 1.797693134862e+308, 6.5545e-01, 4.4138e-03, 
 2DIAGNOSTIC,     4, -5.721387672677e-01, 1.797693134862e+308, 6.6005e-01, 4.5960e-03, 
 2DIAGNOSTIC,     5, -5.821795821495e-01, 1.797693134862e+308, 6.6419e-01, 4.1399e-03, 
 2DIAGNOSTIC,     6, -5.970325021505e-01, 1.797693134862e+308, 6.6867e-01, 4.4839e-03, 
 2DIAGNOSTIC,     7, -6.218868630947e-01, 1.797693134862e+308, 6.7314e-01, 4.4751e-03, 
 2DIAGNOSTIC,     8, -6.931626010983e-01, 1.797693134862e+308, 6.7791e-01, 4.7610e-03, 
 2DIAGNOSTIC,     9, -7.767115923601e-01, 1.797693134862e+308, 6.8268e-01, 4.7710e-03, 
 2DIAGNOSTIC,    10, -8.242869776888e-01, 2.548401278794e-02, 6.8905e-01, 6.3701e-03, 
 2DIAGNOSTIC,    11, -8.293738706687e-01, 2.747551492387e-02, 6.9346e-01, 4.4138e-03, 
 2DIAGNOSTIC,    12, -8.360031423275e-01, 2.698344937979e-02, 6.9790e-01, 4.4401e-03, 
 2DIAGNOSTIC,    13, -8.457767256807e-01, 2.459029915007e-02, 7.0430e-01, 6.4030e-03, 
 2DIAGNOSTIC,    14, -8.483583905557e-01, 2.064170265513e-02, 7.1163e-01, 7.3290e-03, 
 2DIAGNOSTIC,    15, -8.492714828251e-01, 1.576576374045e-02, 7.1718e-01, 5.5511e-03, 
 2DIAGNOSTIC,    16, -8.549435097987e-01, 1.072890097083e-02, 7.2209e-01, 4.9050e-03, 
 2DIAGNOSTIC,    17, -8.602389437524e-01, 6.100987672728e-03, 7.2705e-01, 4.9639e-03, 
 2DIAGNOSTIC,    18, -8.669485505314e-01, 3.163868554896e-03, 7.3219e-01, 5.1370e-03, 
 2DIAGNOSTIC,    19, -8.726864467732e-01, 2.083860515835e-03, 7.3751e-01, 5.3170e-03, 
 2DIAGNOSTIC,    20, -8.766232559357e-01, 1.922519729643e-03, 7.4351e-01, 6.0070e-03, 
 2DIAGNOSTIC,    21, -8.831540875228e-01, 1.808823249813e-03, 7.5213e-01, 8.6191e-03, 
 2DIAGNOSTIC,    22, -8.828803819513e-01, 1.641154178132e-03, 7.5821e-01, 6.0740e-03, 
 2DIAGNOSTIC,    23, -8.830309417581e-01, 1.499261019080e-03, 7.6374e-01, 5.5318e-03, 
 2DIAGNOSTIC,    24, -8.829910333427e-01, 1.272103791072e-03, 7.6935e-01, 5.6100e-03, 
 2DIAGNOSTIC,    25, -8.828174692563e-01, 9.564969266533e-04, 7.7500e-01, 5.6479e-03, 
 2DIAGNOSTIC,    26, -8.829615263984e-01, 6.596946684220e-04, 7.8047e-01, 5.4748e-03, 
 2DIAGNOSTIC,    27, -8.828593827416e-01, 3.949470286256e-04, 7.8651e-01, 6.0399e-03, 
 2DIAGNOSTIC,    28, -8.827820063972e-01, 2.002578737096e-04, 7.9259e-01, 6.0799e-03, 
 2DIAGNOSTIC,    29, -8.827279391770e-01, 7.220944982178e-05, 7.9791e-01, 5.3198e-03, 
DIAGNOSTIC,Iteration,metricValue,convergenceValue,ITERATION_TIME_INDEX,SINCE_LAST
 2DIAGNOSTIC,     1, -7.384377532074e-01, 1.797693134862e+308, 1.5202e+00, 7.2229e-01, 
 2DIAGNOSTIC,     2, -7.396880264952e-01, 1.797693134862e+308, 1.5529e+00, 3.2676e-02, 
 2DIAGNOSTIC,     3, -7.411591454471e-01, 1.797693134862e+308, 1.5902e+00, 3.7337e-02, 
 2DIAGNOSTIC,     4, -7.423457921297e-01, 1.797693134862e+308, 1.6244e+00, 3.4234e-02, 
 2DIAGNOSTIC,     5, -7.436054942552e-01, 1.797693134862e+308, 1.6561e+00, 3.1655e-02, 
 2DIAGNOSTIC,     6, -7.453996188161e-01, 1.797693134862e+308, 1.6890e+00, 3.2904e-02, 
 2DIAGNOSTIC,     7, -7.479823305539e-01, 1.797693134862e+308, 1.7228e+00, 3.3782e-02, 
 2DIAGNOSTIC,     8, -7.511214788967e-01, 1.797693134862e+308, 1.7825e+00, 5.9727e-02, 
 2DIAGNOSTIC,     9, -7.511449753836e-01, 1.797693134862e+308, 1.8342e+00, 5.1717e-02, 
 2DIAGNOSTIC,    10, -7.511392671809e-01, 1.247766227414e-03, 1.8713e+00, 3.7038e-02, 
 2DIAGNOSTIC,    11, -7.511323187042e-01, 1.051867924524e-03, 1.9123e+00, 4.0992e-02, 
 2DIAGNOSTIC,    12, -7.511252125150e-01, 8.321090229096e-04, 1.9447e+00, 3.2394e-02, 
 2DIAGNOSTIC,    13, -7.511228022824e-01, 6.129906549615e-04, 1.9808e+00, 3.6153e-02, 
 2DIAGNOSTIC,    14, -7.511024875291e-01, 4.020412619941e-04, 2.0172e+00, 3.6420e-02, 
 2DIAGNOSTIC,    15, -7.511019395054e-01, 2.156103750527e-04, 2.0567e+00, 3.9502e-02, 
 2DIAGNOSTIC,    16, -7.510818915485e-01, 7.433689375107e-05, 2.0929e+00, 3.6149e-02, 
DIAGNOSTIC,Iteration,metricValue,convergenceValue,ITERATION_TIME_INDEX,SINCE_LAST
 2DIAGNOSTIC,     1, -6.300863620013e-01, 1.797693134862e+308, 3.1669e+00, 1.0741e+00, 
 2DIAGNOSTIC,     2, -6.304835416024e-01, 1.797693134862e+308, 3.4302e+00, 2.6322e-01, 
 2DIAGNOSTIC,     3, -6.309071604016e-01, 1.797693134862e+308, 3.7096e+00, 2.7942e-01, 
 2DIAGNOSTIC,     4, -6.314788069489e-01, 1.797693134862e+308, 3.9951e+00, 2.8552e-01, 
 2DIAGNOSTIC,     5, -6.324965989112e-01, 1.797693134862e+308, 4.2975e+00, 3.0242e-01, 
 2DIAGNOSTIC,     6, -6.324929899658e-01, 1.797693134862e+308, 4.6661e+00, 3.6857e-01, 
 2DIAGNOSTIC,     7, -6.324892144388e-01, 1.797693134862e+308, 4.9675e+00, 3.0141e-01, 
 2DIAGNOSTIC,     8, -6.324901316938e-01, 1.797693134862e+308, 5.2512e+00, 2.8369e-01, 
 2DIAGNOSTIC,     9, -6.324900136675e-01, 1.797693134862e+308, 5.5980e+00, 3.4680e-01, 
 2DIAGNOSTIC,    10, -6.324885338492e-01, 2.612849904014e-04, 5.9679e+00, 3.6990e-01, 
 2DIAGNOSTIC,    11, -6.324879722287e-01, 1.702342109158e-04, 6.2907e+00, 3.2285e-01, 
 2DIAGNOSTIC,    12, -6.324885082701e-01, 9.470388000582e-05, 6.6116e+00, 3.2088e-01, 
 2DIAGNOSTIC,    13, -6.324890431360e-01, 3.702003392989e-05, 6.8789e+00, 2.6734e-01, 
 2DIAGNOSTIC,    14, -6.324885532499e-01, 1.848586304726e-06, 7.2114e+00, 3.3248e-01, 
 2DIAGNOSTIC,    15, -6.324890446843e-01, 1.939870479084e-06, 7.5098e+00, 2.9838e-01, 
 2DIAGNOSTIC,    16, -6.324879689329e-01, 1.908150701932e-06, 7.8056e+00, 2.9578e-01, 
 2DIAGNOSTIC,    17, -6.324853877123e-01, 1.718673130438e-06, 8.0769e+00, 2.7130e-01, 
 2DIAGNOSTIC,    18, -6.324857328681e-01, 1.596895476103e-06, 8.3290e+00, 2.5212e-01, 
 2DIAGNOSTIC,    19, -6.324863142724e-01, 1.514562371456e-06, 8.6035e+00, 2.7451e-01, 
 2DIAGNOSTIC,    20, -6.324872975662e-01, 1.443652245463e-06, 8.8641e+00, 2.6062e-01, 
 2DIAGNOSTIC,    21, -6.324875610793e-01, 1.386740542564e-06, 9.1434e+00, 2.7927e-01, 
 2DIAGNOSTIC,    22, -6.324876228379e-01, 1.360205095113e-06, 9.4356e+00, 2.9219e-01, 
 2DIAGNOSTIC,    23, -6.324865653246e-01, 1.334270605398e-06, 9.6801e+00, 2.4451e-01, 
 2DIAGNOSTIC,    24, -6.324866718884e-01, 1.307039397692e-06, 9.9733e+00, 2.9317e-01, 
 2DIAGNOSTIC,    25, -6.324921184895e-01, 1.390018827714e-06, 1.0259e+01, 2.8552e-01, 
 2DIAGNOSTIC,    26, -6.324912781193e-01, 1.420875998713e-06, 1.0509e+01, 2.5025e-01, 
 2DIAGNOSTIC,    27, -6.324893581574e-01, 1.357732522536e-06, 1.0762e+01, 2.5277e-01, 
 2DIAGNOSTIC,    28, -6.324937967785e-01, 1.361418523853e-06, 1.1043e+01, 2.8131e-01, 
 2DIAGNOSTIC,    29, -6.324997123176e-01, 1.441119522341e-06, 1.1338e+01, 2.9501e-01, 
 2DIAGNOSTIC,    30, -6.325017160455e-01, 1.523855742744e-06, 1.1653e+01, 3.1470e-01, 
 2DIAGNOSTIC,    31, -6.325032528335e-01, 1.584597009566e-06, 1.1939e+01, 2.8579e-01, 
 2DIAGNOSTIC,    32, -6.325027935374e-01, 1.586106058583e-06, 1.2250e+01, 3.1096e-01, 
 2DIAGNOSTIC,    33, -6.325013941616e-01, 1.498254557628e-06, 1.2581e+01, 3.3167e-01, 
 2DIAGNOSTIC,    34, -6.325010117255e-01, 1.357765768862e-06, 1.2869e+01, 2.8816e-01, 
 2DIAGNOSTIC,    35, -6.324980314133e-01, 1.216873960406e-06, 1.3127e+01, 2.5807e-01, 
 2DIAGNOSTIC,    36, -6.324958623256e-01, 1.019860789604e-06, 1.3464e+01, 3.3688e-01, 
DIAGNOSTIC,Iteration,metricValue,convergenceValue,ITERATION_TIME_INDEX,SINCE_LAST
 2DIAGNOSTIC,     1, -5.630671689042e-01, 1.797693134862e+308, 1.6361e+01, 2.8962e+00, 
 2DIAGNOSTIC,     2, -5.635787153002e-01, 1.797693134862e+308, 1.8212e+01, 1.8512e+00, 
 2DIAGNOSTIC,     3, -5.641249671017e-01, 1.797693134862e+308, 1.9933e+01, 1.7213e+00, 
 2DIAGNOSTIC,     4, -5.649846996333e-01, 1.797693134862e+308, 2.1663e+01, 1.7296e+00, 
 2DIAGNOSTIC,     5, -5.666735259132e-01, 1.797693134862e+308, 2.6165e+01, 4.5024e+00, 
 2DIAGNOSTIC,     6, -5.666727312841e-01, 1.797693134862e+308, 2.8625e+01, 2.4596e+00, 
 2DIAGNOSTIC,     7, -5.666727459162e-01, 1.797693134862e+308, 3.1100e+01, 2.4752e+00, 
 2DIAGNOSTIC,     8, -5.666725984006e-01, 1.797693134862e+308, 3.2883e+01, 1.7834e+00, 
 2DIAGNOSTIC,     9, -5.666726285076e-01, 1.797693134862e+308, 3.4810e+01, 1.9265e+00, 
 2DIAGNOSTIC,    10, -5.666724370719e-01, 4.496515585478e-04, 3.6810e+01, 2.0000e+00, 
 2DIAGNOSTIC,    11, -5.666723944350e-01, 2.999626759059e-04, 3.8923e+01, 2.1129e+00, 
 2DIAGNOSTIC,    12, -5.666721983834e-01, 1.709677502166e-04, 4.0920e+01, 1.9977e+00, 
 2DIAGNOSTIC,    13, -5.666720217519e-01, 6.758524897203e-05, 4.2683e+01, 1.7628e+00, 
 2DIAGNOSTIC,    14, -5.666720777846e-01, 2.182743769633e-06, 4.4675e+01, 1.9921e+00, 
 2DIAGNOSTIC,    15, -5.666721095440e-01, 2.062522818286e-06, 4.6668e+01, 1.9931e+00, 
 2DIAGNOSTIC,    16, -5.666719922926e-01, 1.934227504413e-06, 4.8613e+01, 1.9447e+00, 
 2DIAGNOSTIC,    17, -5.666720239012e-01, 1.827893356530e-06, 5.0783e+01, 2.1697e+00, 
 2DIAGNOSTIC,    18, -5.666718425676e-01, 1.728348202341e-06, 5.2714e+01, 1.9308e+00, 
 2DIAGNOSTIC,    19, -5.666716612503e-01, 1.639207147387e-06, 5.4637e+01, 1.9238e+00, 
 2DIAGNOSTIC,    20, -5.666715875662e-01, 1.555723806987e-06, 5.6690e+01, 2.0527e+00, 
 2DIAGNOSTIC,    21, -5.666712480889e-01, 1.474521028819e-06, 5.8650e+01, 1.9595e+00, 
 2DIAGNOSTIC,    22, -5.666711032930e-01, 1.397106460806e-06, 6.0841e+01, 2.1916e+00, 
 2DIAGNOSTIC,    23, -5.666711729095e-01, 1.328763264481e-06, 6.2748e+01, 1.9069e+00, 
 2DIAGNOSTIC,    24, -5.666707874452e-01, 1.264279116640e-06, 6.4526e+01, 1.7776e+00, 
 2DIAGNOSTIC,    25, -5.666708912660e-01, 1.213790908200e-06, 6.6508e+01, 1.9823e+00, 
 2DIAGNOSTIC,    26, -5.666710667573e-01, 1.173802094988e-06, 6.8735e+01, 2.2270e+00, 
 2DIAGNOSTIC,    27, -5.666711267007e-01, 1.143152952014e-06, 7.0806e+01, 2.0708e+00, 
 2DIAGNOSTIC,    28, -5.666708146790e-01, 1.109261621265e-06, 7.2970e+01, 2.1642e+00, 
 2DIAGNOSTIC,    29, -5.666706356786e-01, 1.074321540423e-06, 7.4996e+01, 2.0255e+00, 
 2DIAGNOSTIC,    30, -5.666707405378e-01, 1.044612543674e-06, 7.7128e+01, 2.1323e+00, 
 2DIAGNOSTIC,    31, -5.666706487351e-01, 1.011147201080e-06, 7.9103e+01, 1.9753e+00, 
  Elapsed time (stage 0): 8.0206e+01


Total elapsed time: 8.0209e+01
Info [verificarlo]: loaded backend libinterflop_ieee.so
Info [interflop-ieee]: load backend with:
Info [interflop-ieee]: debug = false
Info [interflop-ieee]: debug-binary = false
Info [interflop-ieee]: no-backend-name = false
Info [interflop-ieee]: print-new-line = false
Info [interflop-ieee]: print-subnormal-normalized = false
Info [interflop-ieee]: count-op = false
All_Command_lines_OK
Using double precision for computations.
=============================================================================
The composite transform comprises the following transforms (in order): 
  1. /home/mdugre/scratch/mri-registration-rp/datasets/ds004513/derivatives/mri-registration-rp/0100/antsRegistration-r7-p7/sub-s017/affine_Composite.h5[0] (type = Euler3DTransform)
  2. /home/mdugre/scratch/mri-registration-rp/datasets/ds004513/derivatives/mri-registration-rp/0100/antsRegistration-r7-p7/sub-s017/affine_Composite.h5[1] (type = Euler3DTransform)
  3. /home/mdugre/scratch/mri-registration-rp/datasets/ds004513/derivatives/mri-registration-rp/0100/antsRegistration-r7-p7/sub-s017/affine_Composite.h5[2] (type = Euler3DTransform)
  4. /home/mdugre/scratch/mri-registration-rp/datasets/ds004513/derivatives/mri-registration-rp/0100/antsRegistration-r7-p7/sub-s017/affine_Composite.h5[3] (type = AffineTransform)
=============================================================================
  number of levels = 4
  fixed image: /templateflow/tpl-MNI152NLin2009cAsym/tpl-MNI152NLin2009cAsym_res-01_desc-brain_T1w.nii.gz
  moving image: /home/mdugre/scratch/mri-registration-rp/datasets/ds004513/derivatives/mri-registration-rp/antsBrainExtraction/sub-s017/BrainExtractionBrain.nii.gz
Dimension = 3
Number of stages = 1
Use histogram matching = false
Winsorize image intensities = true
  Lower quantile = 0.005
  Upper quantile = 0.995


Stage 1 State
   Image metric = CC
     Fixed image = Image (0x3f2ba40)
  RTTI typeinfo:   itk::Image<double, 3u>
  Reference Count: 2
  Modified Time: 1608
  Debug: Off
  Object Name: 
  Observers: 
    none
  Source: (none)
  Source output name: (none)
  Release Data: Off
  Data Released: False
  Global Release Data: Off
  PipelineMTime: 0
  UpdateMTime: 1217
  RealTimeStamp: 0 seconds 
  LargestPossibleRegion: 
    Dimension: 3
    Index: [0, 0, 0]
    Size: [193, 229, 193]
  BufferedRegion: 
    Dimension: 3
    Index: [0, 0, 0]
    Size: [193, 229, 193]
  RequestedRegion: 
    Dimension: 3
    Index: [0, 0, 0]
    Size: [193, 229, 193]
  Spacing: [1, 1, 1]
  Origin: [96, 132, -78]
  Direction: 
-1 0 0
0 -1 0
0 0 1

  IndexToPointMatrix: 
-1 0 0
0 -1 0
0 0 1

  PointToIndexMatrix: 
-1 0 0
0 -1 0
0 0 1

  Inverse Direction: 
-1 0 0
0 -1 0
0 0 1

  PixelContainer: 
    ImportImageContainer (0x3ffa780)
      RTTI typeinfo:   itk::ImportImageContainer<unsigned long, double>
      Reference Count: 1
      Modified Time: 1214
      Debug: Off
      Object Name: 
      Observers: 
        none
      Pointer: 0x149bd62a2010
      Container manages memory: true
      Size: 8530021
      Capacity: 8530021

     Moving image = Image (0x3ffc390)
  RTTI typeinfo:   itk::Image<double, 3u>
  Reference Count: 2
  Modified Time: 1609
  Debug: Off
  Object Name: 
  Observers: 
    none
  Source: (none)
  Source output name: (none)
  Release Data: Off
  Data Released: False
  Global Release Data: Off
  PipelineMTime: 0
  UpdateMTime: 1606
  RealTimeStamp: 0 seconds 
  LargestPossibleRegion: 
    Dimension: 3
    Index: [0, 0, 0]
    Size: [160, 240, 256]
  BufferedRegion: 
    Dimension: 3
    Index: [0, 0, 0]
    Size: [160, 240, 256]
  RequestedRegion: 
    Dimension: 3
    Index: [0, 0, 0]
    Size: [160, 240, 256]
  Spacing: [1, 1, 1]
  Origin: [91.3357, 102.231, -120.042]
  Direction: 
-0.997442 -5.36781e-05 -0.0714818
5.35416e-05 -1 3.82465e-06
-0.0714818 -1.23894e-08 0.997442

  IndexToPointMatrix: 
-0.997444 -5.36781e-05 -0.0714818
5.35418e-05 -1 3.82465e-06
-0.0714819 -1.23894e-08 0.997442

  PointToIndexMatrix: 
-0.99744 5.35415e-05 -0.0714816
-5.36781e-05 -1 -1.23894e-08
-0.0714818 3.82465e-06 0.997442

  Inverse Direction: 
-0.997442 5.35416e-05 -0.0714818
-5.36781e-05 -1 -1.23894e-08
-0.0714818 3.82465e-06 0.997442

  PixelContainer: 
    ImportImageContainer (0x3fb16f0)
      RTTI typeinfo:   itk::ImportImageContainer<unsigned long, double>
      Reference Count: 1
      Modified Time: 1603
      Debug: Off
      Object Name: 
      Observers: 
        none
      Pointer: 0x149bd17a1010
      Container manages memory: true
      Size: 9830400
      Capacity: 9830400

     Weighting = 1
     Sampling strategy = none
     Number of bins = 32
     Radius = 4
     Sampling percentage  = 1
   Transform = SyN
     Gradient step = 0.1
     Update field sigma (voxel space) = 3
     Total field sigma (voxel space) = 0
     Update field time sigma = 0
     Total field time sigma  = 0
     Number of time indices = 0
     Number of time point samples = 0
Registration using 1 total stages.

Stage 0
  iterations = 100x70x50x20
  convergence threshold = 1e-06
  convergence window size = 10
  number of levels = 4
  using the CC metric (radius = 4, weight = 1, use gradient filter = 0)
  preprocessing:  winsorizing the image intensities
  Shrink factors (level 1 out of 4): [8, 8, 8]
  Shrink factors (level 2 out of 4): [4, 4, 4]
  Shrink factors (level 3 out of 4): [2, 2, 2]
  Shrink factors (level 4 out of 4): [1, 1, 1]
  smoothing sigmas per level: [3, 2, 1, 0]
  Using default NONE metricSamplingStrategy 

*** Running SyN registration (varianceForUpdateField = 3, varianceForTotalField = 0) ***

XXDIAGNOSTIC,Iteration,metricValue,convergenceValue,ITERATION_TIME_INDEX,SINCE_LAST
 1DIAGNOSTIC,     1, -9.271574985843e-01, 1.797693134862e+308, 9.9390e-01, 9.9390e-01, 
 1DIAGNOSTIC,     2, -9.339431668182e-01, 1.797693134862e+308, 1.3372e+00, 3.4331e-01, 
 1DIAGNOSTIC,     3, -9.396469169187e-01, 1.797693134862e+308, 1.6693e+00, 3.3206e-01, 
 1DIAGNOSTIC,     4, -9.442796617563e-01, 1.797693134862e+308, 1.9991e+00, 3.2985e-01, 
 1DIAGNOSTIC,     5, -9.472835145522e-01, 1.797693134862e+308, 2.3357e+00, 3.3653e-01, 
 1DIAGNOSTIC,     6, -9.495631545544e-01, 1.797693134862e+308, 2.6724e+00, 3.3677e-01, 
 1DIAGNOSTIC,     7, -9.517580651436e-01, 1.797693134862e+308, 3.0016e+00, 3.2919e-01, 
 1DIAGNOSTIC,     8, -9.546141402150e-01, 1.797693134862e+308, 3.3324e+00, 3.3082e-01, 
 1DIAGNOSTIC,     9, -9.583542816128e-01, 1.797693134862e+308, 3.6682e+00, 3.3574e-01, 
 1DIAGNOSTIC,    10, -9.621208150984e-01, 2.124250943638e-03, 4.0024e+00, 3.3425e-01, 
 1DIAGNOSTIC,    11, -9.654328906536e-01, 1.767669267635e-03, 4.3503e+00, 3.4784e-01, 
 1DIAGNOSTIC,    12, -9.660844170795e-01, 1.496242015074e-03, 4.6902e+00, 3.3996e-01, 
 1DIAGNOSTIC,    13, -9.664158632784e-01, 1.270127112325e-03, 5.0387e+00, 3.4847e-01, 
 1DIAGNOSTIC,    14, -9.667662860662e-01, 1.066730096058e-03, 5.3663e+00, 3.2762e-01, 
 1DIAGNOSTIC,    15, -9.673861818573e-01, 8.641925728111e-04, 5.7035e+00, 3.3723e-01, 
 1DIAGNOSTIC,    16, -9.676782775823e-01, 6.553059735636e-04, 6.0704e+00, 3.6687e-01, 
 1DIAGNOSTIC,    17, -9.683181863655e-01, 4.609129580794e-04, 6.4198e+00, 3.4942e-01, 
 1DIAGNOSTIC,    18, -9.685527302398e-01, 2.967175807114e-04, 6.7570e+00, 3.3721e-01, 
 1DIAGNOSTIC,    19, -9.691267520712e-01, 1.892155546043e-04, 7.0929e+00, 3.3584e-01, 
 1DIAGNOSTIC,    20, -9.693444484394e-01, 1.328818856864e-04, 7.4213e+00, 3.2846e-01, 
 1DIAGNOSTIC,    21, -9.698083826557e-01, 1.229109729148e-04, 7.7634e+00, 3.4201e-01, 
 1DIAGNOSTIC,    22, -9.699580531074e-01, 1.132058789514e-04, 8.1081e+00, 3.4474e-01, 
 1DIAGNOSTIC,    23, -9.703300671004e-01, 1.029497281339e-04, 8.4457e+00, 3.3756e-01, 
 1DIAGNOSTIC,    24, -9.704290213026e-01, 8.938674449570e-05, 8.7830e+00, 3.3731e-01, 
 1DIAGNOSTIC,    25, -9.707329205498e-01, 7.959392174953e-05, 9.1127e+00, 3.2972e-01, 
 1DIAGNOSTIC,    26, -9.707930781038e-01, 6.701937189901e-05, 9.4410e+00, 3.2829e-01, 
 1DIAGNOSTIC,    27, -9.710468793490e-01, 5.900272298097e-05, 9.7961e+00, 3.5515e-01, 
 1DIAGNOSTIC,    28, -9.710823205604e-01, 4.880636553262e-05, 1.0126e+01, 3.2940e-01, 
 1DIAGNOSTIC,    29, -9.712970381629e-01, 4.286741404814e-05, 1.0459e+01, 3.3361e-01, 
 1DIAGNOSTIC,    30, -9.713125014884e-01, 3.555258020416e-05, 1.0788e+01, 3.2919e-01, 
 1DIAGNOSTIC,    31, -9.715008874971e-01, 3.168123901385e-05, 1.1117e+01, 3.2867e-01, 
 1DIAGNOSTIC,    32, -9.715040010807e-01, 2.646106027539e-05, 1.1444e+01, 3.2681e-01, 
 1DIAGNOSTIC,    33, -9.716714000382e-01, 2.398908573072e-05, 1.1773e+01, 3.2900e-01, 
 1DIAGNOSTIC,    34, -9.716647845694e-01, 2.019989377400e-05, 1.2101e+01, 3.2838e-01, 
 1DIAGNOSTIC,    35, -9.718660767971e-01, 1.907937203543e-05, 1.2454e+01, 3.5321e-01, 
 1DIAGNOSTIC,    36, -9.718527756113e-01, 1.659935721819e-05, 1.2800e+01, 3.4546e-01, 
 1DIAGNOSTIC,    37, -9.719899172007e-01, 1.590126117370e-05, 1.3136e+01, 3.3643e-01, 
 1DIAGNOSTIC,    38, -9.719710356369e-01, 1.388668047859e-05, 1.3473e+01, 3.3713e-01, 
 1DIAGNOSTIC,    39, -9.720980130935e-01, 1.333591878153e-05, 1.3809e+01, 3.3569e-01, 
 1DIAGNOSTIC,    40, -9.720708646805e-01, 1.147782773711e-05, 1.4139e+01, 3.2952e-01, 
