
##########################
# Experiment information #
##########################

EXPERIMENT_NAME: antsRegistration-r8-p23
VFC_BACKENDS: libinterflop_vprec.so --range-binary32=8 --precision-binary32=23 --range-binary64=8 --precision-binary64=23

SIF_IMG: /home/mdugre/projects/rrg-glatard/mdugre/containers/ants-vprec-no_metrics.simg

SUBJECT_ID: s014
INPUT_IMG: /home/mdugre/scratch/mri-registration-rp/datasets/ds004513/derivatives/mri-registration-rp/antsBrainExtraction/sub-s014/BrainExtractionBrain.nii.gz
OUTPUT_DIR: /home/mdugre/scratch/mri-registration-rp/datasets/ds004513/derivatives/mri-registration-rp/0100/antsRegistration-r8-p23/sub-s014

FIXED_IMG: /templateflow/tpl-MNI152NLin2009cAsym/tpl-MNI152NLin2009cAsym_res-01_desc-brain_T1w.nii.gz
DATA_DIR: /home/mdugre/scratch/mri-registration-rp/datasets/ds004513
TEMPLATEFLOW_DIR: /home/mdugre/projects/rrg-glatard/mdugre/templateflow
ITK_GLOBAL_DEFAULT_NUMBER_OF_THREADS: 16
##########################

Info [verificarlo]: loaded backend libinterflop_ieee.so
Info [interflop-ieee]: load backend with:
Info [interflop-ieee]: debug = false
Info [interflop-ieee]: debug-binary = false
Info [interflop-ieee]: no-backend-name = false
Info [interflop-ieee]: print-new-line = false
Info [interflop-ieee]: print-subnormal-normalized = false
Info [interflop-ieee]: count-op = false
All_Command_lines_OK
Using double precision for computations.
=============================================================================
The composite transform comprises the following transforms (in order): 
  1. Center of mass alignment using fixed image: /templateflow/tpl-MNI152NLin2009cAsym/tpl-MNI152NLin2009cAsym_res-01_desc-brain_T1w.nii.gz and moving image: /home/mdugre/scratch/mri-registration-rp/datasets/ds004513/derivatives/mri-registration-rp/antsBrainExtraction/sub-s014/BrainExtractionBrain.nii.gz (type = Euler3DTransform)
=============================================================================
  number of levels = 1
  fixed image: /templateflow/tpl-MNI152NLin2009cAsym/tpl-MNI152NLin2009cAsym_res-01_desc-brain_T1w.nii.gz
  moving image: /home/mdugre/scratch/mri-registration-rp/datasets/ds004513/derivatives/mri-registration-rp/antsBrainExtraction/sub-s014/BrainExtractionBrain.nii.gz
Dimension = 3
Number of stages = 1
Use histogram matching = false
Winsorize image intensities = true
  Lower quantile = 0.005
  Upper quantile = 0.995


Stage 1 State
   Image metric = MattesMI
     Fixed image = Image (0x353ce70)
  RTTI typeinfo:   itk::Image<double, 3u>
  Reference Count: 2
  Modified Time: 2334
  Debug: Off
  Object Name: 
  Observers: 
    none
  Source: (none)
  Source output name: (none)
  Release Data: Off
  Data Released: False
  Global Release Data: Off
  PipelineMTime: 0
  UpdateMTime: 1943
  RealTimeStamp: 0 seconds 
  LargestPossibleRegion: 
    Dimension: 3
    Index: [0, 0, 0]
    Size: [193, 229, 193]
  BufferedRegion: 
    Dimension: 3
    Index: [0, 0, 0]
    Size: [193, 229, 193]
  RequestedRegion: 
    Dimension: 3
    Index: [0, 0, 0]
    Size: [193, 229, 193]
  Spacing: [1, 1, 1]
  Origin: [96, 132, -78]
  Direction: 
-1 0 0
0 -1 0
0 0 1

  IndexToPointMatrix: 
-1 0 0
0 -1 0
0 0 1

  PointToIndexMatrix: 
-1 0 0
0 -1 0
0 0 1

  Inverse Direction: 
-1 0 0
0 -1 0
0 0 1

  PixelContainer: 
    ImportImageContainer (0x3549140)
      RTTI typeinfo:   itk::ImportImageContainer<unsigned long, double>
      Reference Count: 1
      Modified Time: 1940
      Debug: Off
      Object Name: 
      Observers: 
        none
      Pointer: 0x148f12786010
      Container manages memory: true
      Size: 8530021
      Capacity: 8530021

     Moving image = Image (0x3546310)
  RTTI typeinfo:   itk::Image<double, 3u>
  Reference Count: 2
  Modified Time: 2335
  Debug: Off
  Object Name: 
  Observers: 
    none
  Source: (none)
  Source output name: (none)
  Release Data: Off
  Data Released: False
  Global Release Data: Off
  PipelineMTime: 0
  UpdateMTime: 2332
  RealTimeStamp: 0 seconds 
  LargestPossibleRegion: 
    Dimension: 3
    Index: [0, 0, 0]
    Size: [160, 240, 256]
  BufferedRegion: 
    Dimension: 3
    Index: [0, 0, 0]
    Size: [160, 240, 256]
  RequestedRegion: 
    Dimension: 3
    Index: [0, 0, 0]
    Size: [160, 240, 256]
  Spacing: [0.999999, 1, 1]
  Origin: [84.1637, 106.709, -120.531]
  Direction: 
-0.999619 -0.0226874 -0.0157033
0.0226846 -0.999743 0.00035635
-0.0157073 -7.8229e-09 0.999877

  IndexToPointMatrix: 
-0.999619 -0.0226874 -0.0157033
0.0226845 -0.999743 0.00035635
-0.0157073 -7.8229e-09 0.999877

  PointToIndexMatrix: 
-0.99962 0.0226846 -0.0157073
-0.0226874 -0.999743 -7.83127e-09
-0.0157033 0.00035635 0.999877

  Inverse Direction: 
-0.999619 0.0226846 -0.0157073
-0.0226874 -0.999743 -7.83127e-09
-0.0157033 0.00035635 0.999877

  PixelContainer: 
    ImportImageContainer (0x3671610)
      RTTI typeinfo:   itk::ImportImageContainer<unsigned long, double>
      Reference Count: 1
      Modified Time: 2329
      Debug: Off
      Object Name: 
      Observers: 
        none
      Pointer: 0x148f0dc85010
      Container manages memory: true
      Size: 9830400
      Capacity: 9830400

     Weighting = 1
     Sampling strategy = regular
     Number of bins = 32
     Radius = 4
     Sampling percentage  = 0.25
   Transform = Rigid
     Gradient step = 0.1
     Update field sigma (voxel space) = 0
     Total field sigma (voxel space) = 0
     Update field time sigma = 0
     Total field time sigma  = 0
     Number of time indices = 0
     Number of time point samples = 0
Registration using 1 total stages.

Stage 0
  iterations = 0
  convergence threshold = 1e-06
  convergence window size = 10
  number of levels = 1
  using the Mattes MI metric (number of bins = 32, weight = 1, use gradient filter = 0)
  preprocessing:  winsorizing the image intensities
  Shrink factors (level 1 out of 1): [1, 1, 1]
  smoothing sigmas per level: [0]
  regular sampling (percentage = 0.25)

*** Running Euler3DTransform registration ***

  Elapsed time (stage 0): 1.17704


Total elapsed time: 1.18142
Info [verificarlo]: loaded backend libinterflop_vprec.so
Info [interflop-vprec]: load backend with: 
Info [interflop-vprec]: precision-binary32 = 23
Info [interflop-vprec]: range-binary32 = 8
Info [interflop-vprec]: precision-binary64 = 23
Info [interflop-vprec]: range-binary64 = 8
Info [interflop-vprec]: mode = ob
Info [interflop-vprec]: error-mode = rel
Info [interflop-vprec]: max-abs-error-exponent = -1022
Info [interflop-vprec]: daz = false
Info [interflop-vprec]: ftz = false
Info [interflop-vprec]: 	instrument = none
Info [interflop-vprec]: 	prec-input-file = (null)
Info [interflop-vprec]: 	prec-output-file = (null)
Info [interflop-vprec]: 	prec-log-file = (null)
All_Command_lines_OK
Using double precision for computations.
=============================================================================
The composite transform comprises the following transforms (in order): 
  1. /home/mdugre/scratch/mri-registration-rp/datasets/ds004513/derivatives/mri-registration-rp/0100/antsRegistration-r8-p23/sub-s014/align_Composite.h5[0] (type = Euler3DTransform)
  2. /home/mdugre/scratch/mri-registration-rp/datasets/ds004513/derivatives/mri-registration-rp/0100/antsRegistration-r8-p23/sub-s014/align_Composite.h5[1] (type = Euler3DTransform)
=============================================================================
  number of levels = 4
  fixed image: /templateflow/tpl-MNI152NLin2009cAsym/tpl-MNI152NLin2009cAsym_res-01_desc-brain_T1w.nii.gz
  moving image: /home/mdugre/scratch/mri-registration-rp/datasets/ds004513/derivatives/mri-registration-rp/antsBrainExtraction/sub-s014/BrainExtractionBrain.nii.gz
Dimension = 3
Number of stages = 1
Use histogram matching = false
Winsorize image intensities = true
  Lower quantile = 0.005
  Upper quantile = 0.995


Stage 1 State
   Image metric = MattesMI
     Fixed image = Image (0x44401e0)
  RTTI typeinfo:   itk::Image<double, 3u>
  Reference Count: 2
  Modified Time: 1580
  Debug: Off
  Object Name: 
  Observers: 
    none
  Source: (none)
  Source output name: (none)
  Release Data: Off
  Data Released: False
  Global Release Data: Off
  PipelineMTime: 0
  UpdateMTime: 1189
  RealTimeStamp: 0 seconds 
  LargestPossibleRegion: 
    Dimension: 3
    Index: [0, 0, 0]
    Size: [193, 229, 193]
  BufferedRegion: 
    Dimension: 3
    Index: [0, 0, 0]
    Size: [193, 229, 193]
  RequestedRegion: 
    Dimension: 3
    Index: [0, 0, 0]
    Size: [193, 229, 193]
  Spacing: [1, 1, 1]
  Origin: [96, 132, -78]
  Direction: 
-1 0 0
0 -1 0
0 0 1

  IndexToPointMatrix: 
-1 0 0
0 -1 0
0 0 1

  PointToIndexMatrix: 
-1 0 0
0 -1 0
0 0 1

  Inverse Direction: 
-1 0 0
0 -1 0
0 0 1

  PixelContainer: 
    ImportImageContainer (0x44ff680)
      RTTI typeinfo:   itk::ImportImageContainer<unsigned long, double>
      Reference Count: 1
      Modified Time: 1186
      Debug: Off
      Object Name: 
      Observers: 
        none
      Pointer: 0x14ced67e1010
      Container manages memory: true
      Size: 8530021
      Capacity: 8530021

     Moving image = Image (0x44fbb20)
  RTTI typeinfo:   itk::Image<double, 3u>
  Reference Count: 2
  Modified Time: 1581
  Debug: Off
  Object Name: 
  Observers: 
    none
  Source: (none)
  Source output name: (none)
  Release Data: Off
  Data Released: False
  Global Release Data: Off
  PipelineMTime: 0
  UpdateMTime: 1578
  RealTimeStamp: 0 seconds 
  LargestPossibleRegion: 
    Dimension: 3
    Index: [0, 0, 0]
    Size: [160, 240, 256]
  BufferedRegion: 
    Dimension: 3
    Index: [0, 0, 0]
    Size: [160, 240, 256]
  RequestedRegion: 
    Dimension: 3
    Index: [0, 0, 0]
    Size: [160, 240, 256]
  Spacing: [0.999999, 1, 1]
  Origin: [84.1637, 106.709, -120.531]
  Direction: 
-0.999619 -0.0226874 -0.0157033
0.0226846 -0.999743 0.00035635
-0.0157073 -7.8229e-09 0.999877

  IndexToPointMatrix: 
-0.999619 -0.0226874 -0.0157033
0.0226845 -0.999743 0.00035635
-0.0157073 -7.8229e-09 0.999877

  PointToIndexMatrix: 
-0.99962 0.0226846 -0.0157073
-0.0226874 -0.999743 2.98023e-08
-0.0157033 0.000356346 0.999877

  Inverse Direction: 
-0.999619 0.0226846 -0.0157073
-0.0226874 -0.999743 -7.84348e-09
-0.0157033 0.00035635 0.999877

  PixelContainer: 
    ImportImageContainer (0x4564d50)
      RTTI typeinfo:   itk::ImportImageContainer<unsigned long, double>
      Reference Count: 1
      Modified Time: 1575
      Debug: Off
      Object Name: 
      Observers: 
        none
      Pointer: 0x14ced1ce0010
      Container manages memory: true
      Size: 9830400
      Capacity: 9830400

     Weighting = 1
     Sampling strategy = regular
     Number of bins = 32
     Radius = 4
     Sampling percentage  = 0.25
   Transform = Rigid
     Gradient step = 0.1
     Update field sigma (voxel space) = 0
     Total field sigma (voxel space) = 0
     Update field time sigma = 0
     Total field time sigma  = 0
     Number of time indices = 0
     Number of time point samples = 0
Registration using 1 total stages.

Stage 0
  iterations = 1000x500x250x100
  convergence threshold = 1e-06
  convergence window size = 10
  number of levels = 4
  using the Mattes MI metric (number of bins = 32, weight = 1, use gradient filter = 0)
  preprocessing:  winsorizing the image intensities
  Shrink factors (level 1 out of 4): [8, 8, 8]
  Shrink factors (level 2 out of 4): [4, 4, 4]
  Shrink factors (level 3 out of 4): [2, 2, 2]
  Shrink factors (level 4 out of 4): [1, 1, 1]
  smoothing sigmas per level: [3, 2, 1, 0]
  regular sampling (percentage = 0.25)

*** Running Euler3DTransform registration ***

DIAGNOSTIC,Iteration,metricValue,convergenceValue,ITERATION_TIME_INDEX,SINCE_LAST
 2DIAGNOSTIC,     1, -4.770817624370e-01, 1.797693134862e+308, 0.0000e+00, 0.0000e+00, 
 2DIAGNOSTIC,     2, -4.784212444453e-01, 1.797693134862e+308, 0.0000e+00, 0.0000e+00, 
 2DIAGNOSTIC,     3, -4.807048552631e-01, 1.797693134862e+308, 0.0000e+00, 0.0000e+00, 
 2DIAGNOSTIC,     4, -4.840274950158e-01, 1.797693134862e+308, 0.0000e+00, 0.0000e+00, 
 2DIAGNOSTIC,     5, -4.883059259970e-01, 1.797693134862e+308, 0.0000e+00, 0.0000e+00, 
 2DIAGNOSTIC,     6, -4.953537286534e-01, 1.797693134862e+308, 0.0000e+00, 0.0000e+00, 
 2DIAGNOSTIC,     7, -5.007328504244e-01, 1.797693134862e+308, 0.0000e+00, 0.0000e+00, 
 2DIAGNOSTIC,     8, -5.013256155480e-01, 1.797693134862e+308, 0.0000e+00, 0.0000e+00, 
 2DIAGNOSTIC,     9, -5.084989713523e-01, 1.797693134862e+308, 0.0000e+00, 0.0000e+00, 
 2DIAGNOSTIC,    10, -5.162379617679e-01, 5.125892432551e-03, 0.0000e+00, 0.0000e+00, 
 2DIAGNOSTIC,    11, -5.168131404227e-01, 4.885345496708e-03, 0.0000e+00, 0.0000e+00, 
 2DIAGNOSTIC,    12, -5.204883336701e-01, 4.492132456103e-03, 0.0000e+00, 0.0000e+00, 
 2DIAGNOSTIC,    13, -5.229998210469e-01, 3.968434214589e-03, 0.0000e+00, 0.0000e+00, 
 2DIAGNOSTIC,    14, -5.258651391714e-01, 3.408294866254e-03, 0.0000e+00, 0.0000e+00, 
 2DIAGNOSTIC,    15, -5.270613062559e-01, 2.811655857301e-03, 0.0000e+00, 0.0000e+00, 
 2DIAGNOSTIC,    16, -5.288858373013e-01, 2.346514543567e-03, 0.0000e+00, 0.0000e+00, 
 2DIAGNOSTIC,    17, -5.292179657896e-01, 1.916313785482e-03, 0.0000e+00, 0.0000e+00, 
 2DIAGNOSTIC,    18, -5.293994306855e-01, 1.379352139290e-03, 0.0000e+00, 0.0000e+00, 
 2DIAGNOSTIC,    19, -5.295172031704e-01, 9.828125616113e-04, 0.0000e+00, 0.0000e+00, 
 2DIAGNOSTIC,    20, -5.295672553871e-01, 7.547190793583e-04, 0.0000e+00, 0.0000e+00, 
 2DIAGNOSTIC,    21, -5.296843079922e-01, 4.958427263318e-04, 0.0000e+00, 0.0000e+00, 
 2DIAGNOSTIC,    22, -5.296854205292e-01, 3.073422842733e-04, 0.0000e+00, 0.0000e+00, 
 2DIAGNOSTIC,    23, -5.296979213759e-01, 1.671418803485e-04, 0.0000e+00, 0.0000e+00, 
 2DIAGNOSTIC,    24, -5.297041286238e-01, 8.960830127695e-05, 0.0000e+00, 0.0000e+00, 
 2DIAGNOSTIC,    25, -5.296290054081e-01, 3.397098732252e-05, 0.0000e+00, 0.0000e+00, 
 2DIAGNOSTIC,    26, -5.296327218503e-01, 1.843244376404e-05, 0.0000e+00, 0.0000e+00, 
 2DIAGNOSTIC,    27, -5.296343878562e-01, 9.198776094121e-06, 0.0000e+00, 0.0000e+00, 
 2DIAGNOSTIC,    28, -5.296343859120e-01, 3.419194342338e-06, 0.0000e+00, 0.0000e+00, 
DIAGNOSTIC,Iteration,metricValue,convergenceValue,ITERATION_TIME_INDEX,SINCE_LAST
 2DIAGNOSTIC,     1, -4.331414691402e-01, 1.797693134862e+308, 0.0000e+00, 0.0000e+00, 
 2DIAGNOSTIC,     2, -4.337059132871e-01, 1.797693134862e+308, 0.0000e+00, 0.0000e+00, 
 2DIAGNOSTIC,     3, -4.343671721947e-01, 1.797693134862e+308, 0.0000e+00, 0.0000e+00, 
 2DIAGNOSTIC,     4, -4.354900278794e-01, 1.797693134862e+308, 0.0000e+00, 0.0000e+00, 
 2DIAGNOSTIC,     5, -4.367776551868e-01, 1.797693134862e+308, 0.0000e+00, 0.0000e+00, 
 2DIAGNOSTIC,     6, -4.376300649833e-01, 1.797693134862e+308, 0.0000e+00, 0.0000e+00, 
 2DIAGNOSTIC,     7, -4.393873162116e-01, 1.797693134862e+308, 0.0000e+00, 0.0000e+00, 
 2DIAGNOSTIC,     8, -4.395119453004e-01, 1.797693134862e+308, 0.0000e+00, 0.0000e+00, 
 2DIAGNOSTIC,     9, -4.398513079392e-01, 1.797693134862e+308, 0.0000e+00, 0.0000e+00, 
 2DIAGNOSTIC,    10, -4.403175506122e-01, 1.181411772781e-03, 0.0000e+00, 0.0000e+00, 
 2DIAGNOSTIC,    11, -4.412213646131e-01, 1.027332530862e-03, 0.0000e+00, 0.0000e+00, 
 2DIAGNOSTIC,    12, -4.415859925861e-01, 8.558073342182e-04, 0.0000e+00, 0.0000e+00, 
 2DIAGNOSTIC,    13, -4.418734715312e-01, 6.809860374231e-04, 0.0000e+00, 0.0000e+00, 
 2DIAGNOSTIC,    14, -4.420717293380e-01, 5.311470017810e-04, 0.0000e+00, 0.0000e+00, 
 2DIAGNOSTIC,    15, -4.422398232822e-01, 4.156325276558e-04, 0.0000e+00, 0.0000e+00, 
 2DIAGNOSTIC,    16, -4.422661504218e-01, 3.099316984767e-04, 0.0000e+00, 0.0000e+00, 
 2DIAGNOSTIC,    17, -4.426679466780e-01, 2.706973795728e-04, 0.0000e+00, 0.0000e+00, 
 2DIAGNOSTIC,    18, -4.438175601751e-01, 2.566267707594e-04, 0.0000e+00, 0.0000e+00, 
 2DIAGNOSTIC,    19, -4.442806935491e-01, 2.467498652951e-04, 0.0000e+00, 0.0000e+00, 
 2DIAGNOSTIC,    20, -4.443598100637e-01, 2.322969718730e-04, 0.0000e+00, 0.0000e+00, 
 2DIAGNOSTIC,    21, -4.443707089577e-01, 2.263692848980e-04, 0.0000e+00, 0.0000e+00, 
 2DIAGNOSTIC,    22, -4.443776342707e-01, 2.107248024491e-04, 0.0000e+00, 0.0000e+00, 
 2DIAGNOSTIC,    23, -4.443726479768e-01, 1.841159794479e-04, 0.0000e+00, 0.0000e+00, 
 2DIAGNOSTIC,    24, -4.443593337485e-01, 1.473248104300e-04, 0.0000e+00, 0.0000e+00, 
 2DIAGNOSTIC,    25, -4.443541274209e-01, 1.045187251444e-04, 0.0000e+00, 0.0000e+00, 
 2DIAGNOSTIC,    26, -4.443480419104e-01, 5.605712560595e-05, 0.0000e+00, 0.0000e+00, 
 2DIAGNOSTIC,    27, -4.443426493135e-01, 1.488303235558e-05, 0.0000e+00, 0.0000e+00, 
 2DIAGNOSTIC,    28, -4.443375650114e-01, 1.438732787747e-06, 0.0000e+00, 0.0000e+00, 
DIAGNOSTIC,Iteration,metricValue,convergenceValue,ITERATION_TIME_INDEX,SINCE_LAST
 2DIAGNOSTIC,     1, -3.883291927525e-01, 1.797693134862e+308, 0.0000e+00, 0.0000e+00, 
 2DIAGNOSTIC,     2, -3.884314541034e-01, 1.797693134862e+308, 0.0000e+00, 0.0000e+00, 
 2DIAGNOSTIC,     3, -3.886664820281e-01, 1.797693134862e+308, 0.0000e+00, 0.0000e+00, 
 2DIAGNOSTIC,     4, -3.890252561897e-01, 1.797693134862e+308, 0.0000e+00, 0.0000e+00, 
 2DIAGNOSTIC,     5, -3.893547495365e-01, 1.797693134862e+308, 0.0000e+00, 0.0000e+00, 
 2DIAGNOSTIC,     6, -3.895006062542e-01, 1.797693134862e+308, 0.0000e+00, 0.0000e+00, 
 2DIAGNOSTIC,     7, -3.896907002465e-01, 1.797693134862e+308, 0.0000e+00, 0.0000e+00, 
 2DIAGNOSTIC,     8, -3.897923747447e-01, 1.797693134862e+308, 0.0000e+00, 0.0000e+00, 
 2DIAGNOSTIC,     9, -3.898543776596e-01, 1.797693134862e+308, 0.0000e+00, 0.0000e+00, 
 2DIAGNOSTIC,    10, -3.898986588035e-01, 2.906966732802e-04, 0.0000e+00, 0.0000e+00, 
 2DIAGNOSTIC,    11, -3.899604121997e-01, 2.300783665152e-04, 0.0000e+00, 0.0000e+00, 
 2DIAGNOSTIC,    12, -3.900666467412e-01, 1.718039085847e-04, 0.0000e+00, 0.0000e+00, 
 2DIAGNOSTIC,    13, -3.901069903136e-01, 1.222378822179e-04, 0.0000e+00, 0.0000e+00, 
 2DIAGNOSTIC,    14, -3.901295335671e-01, 8.849654396188e-05, 0.0000e+00, 0.0000e+00, 
 2DIAGNOSTIC,    15, -3.902193586742e-01, 7.179166072736e-05, 0.0000e+00, 0.0000e+00, 
 2DIAGNOSTIC,    16, -3.902977921275e-01, 6.072151063700e-05, 0.0000e+00, 0.0000e+00, 
 2DIAGNOSTIC,    17, -3.904265465028e-01, 5.904027576153e-05, 0.0000e+00, 0.0000e+00, 
 2DIAGNOSTIC,    18, -3.905727926831e-01, 6.220142034241e-05, 0.0000e+00, 0.0000e+00, 
 2DIAGNOSTIC,    19, -3.906728441053e-01, 6.560964755251e-05, 0.0000e+00, 0.0000e+00, 
 2DIAGNOSTIC,    20, -3.906992160502e-01, 6.528515777931e-05, 0.0000e+00, 0.0000e+00, 
 2DIAGNOSTIC,    21, -3.907895908428e-01, 6.428743755692e-05, 0.0000e+00, 0.0000e+00, 
 2DIAGNOSTIC,    22, -3.908173585327e-01, 6.185869664166e-05, 1.2800e+02, 1.2800e+02, 
 2DIAGNOSTIC,    23, -3.908201181157e-01, 5.532801997934e-05, 1.2800e+02, 0.0000e+00, 
 2DIAGNOSTIC,    24, -3.908214154513e-01, 4.500654382752e-05, 1.2800e+02, 0.0000e+00, 
 2DIAGNOSTIC,    25, -3.908217443064e-01, 3.406788002382e-05, 1.2800e+02, 0.0000e+00, 
 2DIAGNOSTIC,    26, -3.908215721919e-01, 2.302647353618e-05, 1.2800e+02, 0.0000e+00, 
 2DIAGNOSTIC,    27, -3.908209538815e-01, 1.411896922483e-05, 1.2800e+02, 0.0000e+00, 
 2DIAGNOSTIC,    28, -3.908259999597e-01, 8.533891526281e-06, 1.2800e+02, 0.0000e+00, 
 2DIAGNOSTIC,    29, -3.908324210070e-01, 5.326143487625e-06, 1.2800e+02, 0.0000e+00, 
 2DIAGNOSTIC,    30, -3.908419034455e-01, 2.746421761693e-06, 1.2800e+02, 0.0000e+00, 
 2DIAGNOSTIC,    31, -3.908874433138e-01, 3.347803966047e-06, 1.2800e+02, 0.0000e+00, 
 2DIAGNOSTIC,    32, -3.910087553404e-01, 7.058855430925e-06, 1.2800e+02, 0.0000e+00, 
 2DIAGNOSTIC,    33, -3.910151588411e-01, 1.010751931382e-05, 1.2800e+02, 0.0000e+00, 
 2DIAGNOSTIC,    34, -3.910163146409e-01, 1.220051006535e-05, 1.2800e+02, 0.0000e+00, 
 2DIAGNOSTIC,    35, -3.910177860821e-01, 1.317727999918e-05, 1.2800e+02, 0.0000e+00, 
 2DIAGNOSTIC,    36, -3.910178042866e-01, 1.290984100319e-05, 1.2800e+02, 0.0000e+00, 
 2DIAGNOSTIC,    37, -3.910178032543e-01, 1.145867974295e-05, 1.2800e+02, 0.0000e+00, 
 2DIAGNOSTIC,    38, -3.910177901572e-01, 9.173685417783e-06, 1.2800e+02, 0.0000e+00, 
 2DIAGNOSTIC,    39, -3.910177752979e-01, 6.372536516357e-06, 1.2800e+02, 0.0000e+00, 
 2DIAGNOSTIC,    40, -3.910178428162e-01, 3.359942446414e-06, 1.2800e+02, 0.0000e+00, 
DIAGNOSTIC,Iteration,metricValue,convergenceValue,ITERATION_TIME_INDEX,SINCE_LAST
 2DIAGNOSTIC,     1, -3.637406168932e-01, 1.797693134862e+308, 1.2800e+02, 0.0000e+00, 
 2DIAGNOSTIC,     2, -3.638864962440e-01, 1.797693134862e+308, 1.2800e+02, 0.0000e+00, 
 2DIAGNOSTIC,     3, -3.640800155564e-01, 1.797693134862e+308, 1.2800e+02, 0.0000e+00, 
 2DIAGNOSTIC,     4, -3.642275974817e-01, 1.797693134862e+308, 1.2800e+02, 0.0000e+00, 
 2DIAGNOSTIC,     5, -3.642489820001e-01, 1.797693134862e+308, 1.2800e+02, 0.0000e+00, 
 2DIAGNOSTIC,     6, -3.642721861611e-01, 1.797693134862e+308, 1.2800e+02, 0.0000e+00, 
 2DIAGNOSTIC,     7, -3.643352808751e-01, 1.797693134862e+308, 1.2800e+02, 0.0000e+00, 
 2DIAGNOSTIC,     8, -3.644288996683e-01, 1.797693134862e+308, 1.2800e+02, 0.0000e+00, 
 2DIAGNOSTIC,     9, -3.645009206868e-01, 1.797693134862e+308, 1.2800e+02, 0.0000e+00, 
 2DIAGNOSTIC,    10, -3.648579279424e-01, 1.555723106510e-04, 1.2800e+02, 0.0000e+00, 
 2DIAGNOSTIC,    11, -3.654915270343e-01, 1.851910679838e-04, 1.2800e+02, 0.0000e+00, 
 2DIAGNOSTIC,    12, -3.660506701329e-01, 2.381595657212e-04, 1.2800e+02, 0.0000e+00, 
 2DIAGNOSTIC,    13, -3.661898813341e-01, 2.811386165225e-04, 1.2800e+02, 0.0000e+00, 
 2DIAGNOSTIC,    14, -3.661942795508e-01, 3.017119075197e-04, 1.2800e+02, 0.0000e+00, 
 2DIAGNOSTIC,    15, -3.661927943509e-01, 2.934236387355e-04, 1.2800e+02, 0.0000e+00, 
 2DIAGNOSTIC,    16, -3.661931633125e-01, 2.600673866437e-04, 2.5600e+02, 1.2800e+02, 
 2DIAGNOSTIC,    17, -3.661928817160e-01, 2.093919690537e-04, 2.5600e+02, 0.0000e+00, 
 2DIAGNOSTIC,    18, -3.661926147964e-01, 1.495851305672e-04, 2.5600e+02, 0.0000e+00, 
 2DIAGNOSTIC,    19, -3.661923494088e-01, 8.557990188299e-05, 2.5600e+02, 0.0000e+00, 
 2DIAGNOSTIC,    20, -3.661924813562e-01, 3.373895064124e-05, 2.5600e+02, 0.0000e+00, 
 2DIAGNOSTIC,    21, -3.661923187760e-01, 6.796709631017e-06, 2.5600e+02, 0.0000e+00, 
 2DIAGNOSTIC,    22, -3.661922922453e-01, 1.451462246331e-06, 2.5600e+02, 0.0000e+00, 
 2DIAGNOSTIC,    23, -3.661922589931e-01, 1.275314436402e-06, 2.5600e+02, 0.0000e+00, 
 2DIAGNOSTIC,    24, -3.661922979095e-01, 1.269580452344e-06, 2.5600e+02, 0.0000e+00, 
 2DIAGNOSTIC,    25, -3.661922177012e-01, 1.220479762844e-06, 2.5600e+02, 0.0000e+00, 
 2DIAGNOSTIC,    26, -3.661922059260e-01, 1.191148449729e-06, 2.5600e+02, 0.0000e+00, 
 2DIAGNOSTIC,    27, -3.661920444729e-01, 1.154745330328e-06, 2.5600e+02, 0.0000e+00, 
 2DIAGNOSTIC,    28, -3.661920397993e-01, 1.116122925422e-06, 2.5600e+02, 0.0000e+00, 
 2DIAGNOSTIC,    29, -3.661920401068e-01, 1.074931062502e-06, 2.5600e+02, 0.0000e+00, 
 2DIAGNOSTIC,    30, -3.661920400891e-01, 1.042244809957e-06, 2.5600e+02, 0.0000e+00, 
 2DIAGNOSTIC,    31, -3.661920384933e-01, 1.009500976971e-06, 2.5600e+02, 0.0000e+00, 
  Elapsed time (stage 0): 2.5600e+02


Total elapsed time: 2.5600e+02
Info [verificarlo]: loaded backend libinterflop_ieee.so
Info [interflop-ieee]: load backend with:
Info [interflop-ieee]: debug = false
Info [interflop-ieee]: debug-binary = false
Info [interflop-ieee]: no-backend-name = false
Info [interflop-ieee]: print-new-line = false
Info [interflop-ieee]: print-subnormal-normalized = false
Info [interflop-ieee]: count-op = false
All_Command_lines_OK
Using double precision for computations.
=============================================================================
The composite transform comprises the following transforms (in order): 
  1. /home/mdugre/scratch/mri-registration-rp/datasets/ds004513/derivatives/mri-registration-rp/0100/antsRegistration-r8-p23/sub-s014/rigid_Composite.h5[0] (type = Euler3DTransform)
  2. /home/mdugre/scratch/mri-registration-rp/datasets/ds004513/derivatives/mri-registration-rp/0100/antsRegistration-r8-p23/sub-s014/rigid_Composite.h5[1] (type = Euler3DTransform)
  3. /home/mdugre/scratch/mri-registration-rp/datasets/ds004513/derivatives/mri-registration-rp/0100/antsRegistration-r8-p23/sub-s014/rigid_Composite.h5[2] (type = Euler3DTransform)
=============================================================================
  number of levels = 4
  fixed image: /templateflow/tpl-MNI152NLin2009cAsym/tpl-MNI152NLin2009cAsym_res-01_desc-brain_T1w.nii.gz
  moving image: /home/mdugre/scratch/mri-registration-rp/datasets/ds004513/derivatives/mri-registration-rp/antsBrainExtraction/sub-s014/BrainExtractionBrain.nii.gz
Dimension = 3
Number of stages = 1
Use histogram matching = false
Winsorize image intensities = true
  Lower quantile = 0.005
  Upper quantile = 0.995


Stage 1 State
   Image metric = MattesMI
     Fixed image = Image (0x42597e0)
  RTTI typeinfo:   itk::Image<double, 3u>
  Reference Count: 2
  Modified Time: 1594
  Debug: Off
  Object Name: 
  Observers: 
    none
  Source: (none)
  Source output name: (none)
  Release Data: Off
  Data Released: False
  Global Release Data: Off
  PipelineMTime: 0
  UpdateMTime: 1203
  RealTimeStamp: 0 seconds 
  LargestPossibleRegion: 
    Dimension: 3
    Index: [0, 0, 0]
    Size: [193, 229, 193]
  BufferedRegion: 
    Dimension: 3
    Index: [0, 0, 0]
    Size: [193, 229, 193]
  RequestedRegion: 
    Dimension: 3
    Index: [0, 0, 0]
    Size: [193, 229, 193]
  Spacing: [1, 1, 1]
  Origin: [96, 132, -78]
  Direction: 
-1 0 0
0 -1 0
0 0 1

  IndexToPointMatrix: 
-1 0 0
0 -1 0
0 0 1

  PointToIndexMatrix: 
-1 0 0
0 -1 0
0 0 1

  Inverse Direction: 
-1 0 0
0 -1 0
0 0 1

  PixelContainer: 
    ImportImageContainer (0x4319a20)
      RTTI typeinfo:   itk::ImportImageContainer<unsigned long, double>
      Reference Count: 1
      Modified Time: 1200
      Debug: Off
      Object Name: 
      Observers: 
        none
      Pointer: 0x14955df58010
      Container manages memory: true
      Size: 8530021
      Capacity: 8530021

     Moving image = Image (0x4324840)
  RTTI typeinfo:   itk::Image<double, 3u>
  Reference Count: 2
  Modified Time: 1595
  Debug: Off
  Object Name: 
  Observers: 
    none
  Source: (none)
  Source output name: (none)
  Release Data: Off
  Data Released: False
  Global Release Data: Off
  PipelineMTime: 0
  UpdateMTime: 1592
  RealTimeStamp: 0 seconds 
  LargestPossibleRegion: 
    Dimension: 3
    Index: [0, 0, 0]
    Size: [160, 240, 256]
  BufferedRegion: 
    Dimension: 3
    Index: [0, 0, 0]
    Size: [160, 240, 256]
  RequestedRegion: 
    Dimension: 3
    Index: [0, 0, 0]
    Size: [160, 240, 256]
  Spacing: [0.999999, 1, 1]
  Origin: [84.1637, 106.709, -120.531]
  Direction: 
-0.999619 -0.0226874 -0.0157033
0.0226846 -0.999743 0.00035635
-0.0157073 -7.8229e-09 0.999877

  IndexToPointMatrix: 
-0.999619 -0.0226874 -0.0157033
0.0226845 -0.999743 0.00035635
-0.0157073 -7.8229e-09 0.999877

  PointToIndexMatrix: 
-0.99962 0.0226846 -0.0157073
-0.0226874 -0.999743 -7.83127e-09
-0.0157033 0.00035635 0.999877

  Inverse Direction: 
-0.999619 0.0226846 -0.0157073
-0.0226874 -0.999743 -7.83127e-09
-0.0157033 0.00035635 0.999877

  PixelContainer: 
    ImportImageContainer (0x42ccc90)
      RTTI typeinfo:   itk::ImportImageContainer<unsigned long, double>
      Reference Count: 1
      Modified Time: 1589
      Debug: Off
      Object Name: 
      Observers: 
        none
      Pointer: 0x149559457010
      Container manages memory: true
      Size: 9830400
      Capacity: 9830400

     Weighting = 1
     Sampling strategy = regular
     Number of bins = 32
     Radius = 4
     Sampling percentage  = 0.25
   Transform = Affine
     Gradient step = 0.1
     Update field sigma (voxel space) = 0
     Total field sigma (voxel space) = 0
     Update field time sigma = 0
     Total field time sigma  = 0
     Number of time indices = 0
     Number of time point samples = 0
Registration using 1 total stages.

Stage 0
  iterations = 1000x500x250x100
  convergence threshold = 1e-06
  convergence window size = 10
  number of levels = 4
  using the Mattes MI metric (number of bins = 32, weight = 1, use gradient filter = 0)
  preprocessing:  winsorizing the image intensities
  Shrink factors (level 1 out of 4): [8, 8, 8]
  Shrink factors (level 2 out of 4): [4, 4, 4]
  Shrink factors (level 3 out of 4): [2, 2, 2]
  Shrink factors (level 4 out of 4): [1, 1, 1]
  smoothing sigmas per level: [3, 2, 1, 0]
  regular sampling (percentage = 0.25)

*** Running AffineTransform registration ***

DIAGNOSTIC,Iteration,metricValue,convergenceValue,ITERATION_TIME_INDEX,SINCE_LAST
 2DIAGNOSTIC,     1, -5.241028793191e-01, 1.797693134862e+308, 7.2694e-01, 7.2694e-01, 
 2DIAGNOSTIC,     2, -5.259606230684e-01, 1.797693134862e+308, 7.3205e-01, 5.1110e-03, 
 2DIAGNOSTIC,     3, -5.290945430659e-01, 1.797693134862e+308, 7.3714e-01, 5.0900e-03, 
 2DIAGNOSTIC,     4, -5.342883684670e-01, 1.797693134862e+308, 7.4301e-01, 5.8699e-03, 
 2DIAGNOSTIC,     5, -5.420746269463e-01, 1.797693134862e+308, 7.4826e-01, 5.2540e-03, 
 2DIAGNOSTIC,     6, -5.520574801022e-01, 1.797693134862e+308, 7.5364e-01, 5.3821e-03, 
 2DIAGNOSTIC,     7, -5.924410174220e-01, 1.797693134862e+308, 7.5976e-01, 6.1171e-03, 
 2DIAGNOSTIC,     8, -6.797598883433e-01, 1.797693134862e+308, 7.6590e-01, 6.1421e-03, 
 2DIAGNOSTIC,     9, -7.269631980010e-01, 1.797693134862e+308, 7.7143e-01, 5.5282e-03, 
 2DIAGNOSTIC,    10, -7.503464046615e-01, 2.559572712963e-02, 7.7869e-01, 7.2589e-03, 
 2DIAGNOSTIC,    11, -7.590903421389e-01, 2.677475861149e-02, 7.8504e-01, 6.3522e-03, 
 2DIAGNOSTIC,    12, -7.613311751735e-01, 2.550420545528e-02, 7.9140e-01, 6.3541e-03, 
 2DIAGNOSTIC,    13, -7.637342874245e-01, 2.234518430558e-02, 7.9892e-01, 7.5181e-03, 
 2DIAGNOSTIC,    14, -7.707829135259e-01, 1.807663244288e-02, 8.0815e-01, 9.2340e-03, 
 2DIAGNOSTIC,    15, -7.837416629301e-01, 1.346261858102e-02, 8.1488e-01, 6.7351e-03, 
 2DIAGNOSTIC,    16, -8.024187499333e-01, 9.071731174504e-03, 8.2208e-01, 7.1909e-03, 
 2DIAGNOSTIC,    17, -8.074912579279e-01, 5.557688057071e-03, 8.2982e-01, 7.7429e-03, 
 2DIAGNOSTIC,    18, -8.083167652964e-01, 4.035147183958e-03, 8.3619e-01, 6.3679e-03, 
 2DIAGNOSTIC,    19, -8.122366183392e-01, 3.438397650798e-03, 8.4247e-01, 6.2821e-03, 
 2DIAGNOSTIC,    20, -8.148284105155e-01, 3.117506365280e-03, 8.5007e-01, 7.6060e-03, 
 2DIAGNOSTIC,    21, -8.180281982136e-01, 2.769351965472e-03, 8.5845e-01, 8.3749e-03, 
 2DIAGNOSTIC,    22, -8.195992390095e-01, 2.272688080441e-03, 8.6473e-01, 6.2780e-03, 
 2DIAGNOSTIC,    23, -8.212443048511e-01, 1.689732435205e-03, 8.7100e-01, 6.2759e-03, 
 2DIAGNOSTIC,    24, -8.232795026265e-01, 1.154179439354e-03, 8.7718e-01, 6.1791e-03, 
 2DIAGNOSTIC,    25, -8.263248830941e-01, 8.048788463357e-04, 8.8438e-01, 7.1971e-03, 
 2DIAGNOSTIC,    26, -8.301042806102e-01, 7.482877007939e-04, 8.9212e-01, 7.7450e-03, 
 2DIAGNOSTIC,    27, -8.352743978716e-01, 7.745179300848e-04, 9.0259e-01, 1.0466e-02, 
 2DIAGNOSTIC,    28, -8.354009653691e-01, 7.375842055066e-04, 9.0944e-01, 6.8529e-03, 
 2DIAGNOSTIC,    29, -8.356886748060e-01, 6.913027507385e-04, 9.1724e-01, 7.8011e-03, 
 2DIAGNOSTIC,    30, -8.355808488240e-01, 6.149504570959e-04, 9.2485e-01, 7.6070e-03, 
 2DIAGNOSTIC,    31, -8.353775326130e-01, 5.224417285900e-04, 9.3174e-01, 6.8901e-03, 
 2DIAGNOSTIC,    32, -8.353105008650e-01, 4.044131205895e-04, 9.3824e-01, 6.5022e-03, 
 2DIAGNOSTIC,    33, -8.352800380384e-01, 2.750875594204e-04, 9.4522e-01, 6.9721e-03, 
 2DIAGNOSTIC,    34, -8.352414591946e-01, 1.509936596615e-04, 9.5170e-01, 6.4809e-03, 
 2DIAGNOSTIC,    35, -8.349944018263e-01, 5.036066399745e-05, 9.5815e-01, 6.4499e-03, 
DIAGNOSTIC,Iteration,metricValue,convergenceValue,ITERATION_TIME_INDEX,SINCE_LAST
 2DIAGNOSTIC,     1, -6.786496008768e-01, 1.797693134862e+308, 1.7517e+00, 7.9352e-01, 
 2DIAGNOSTIC,     2, -6.794015059204e-01, 1.797693134862e+308, 1.7957e+00, 4.3986e-02, 
 2DIAGNOSTIC,     3, -6.800599760564e-01, 1.797693134862e+308, 1.8357e+00, 4.0090e-02, 
 2DIAGNOSTIC,     4, -6.806121486258e-01, 1.797693134862e+308, 1.8744e+00, 3.8676e-02, 
 2DIAGNOSTIC,     5, -6.815517255729e-01, 1.797693134862e+308, 1.9157e+00, 4.1310e-02, 
 2DIAGNOSTIC,     6, -6.838454793108e-01, 1.797693134862e+308, 1.9611e+00, 4.5416e-02, 
 2DIAGNOSTIC,     7, -6.894918043620e-01, 1.797693134862e+308, 2.0206e+00, 5.9432e-02, 
 2DIAGNOSTIC,     8, -6.896173354855e-01, 1.797693134862e+308, 2.0666e+00, 4.6052e-02, 
 2DIAGNOSTIC,     9, -6.899528819666e-01, 1.797693134862e+308, 2.1079e+00, 4.1309e-02, 
 2DIAGNOSTIC,    10, -6.909129855447e-01, 1.361740580078e-03, 2.1562e+00, 4.8283e-02, 
 2DIAGNOSTIC,    11, -6.910468936421e-01, 1.224328244358e-03, 2.2142e+00, 5.7968e-02, 
 2DIAGNOSTIC,    12, -6.910406134721e-01, 1.023287195574e-03, 2.2605e+00, 4.6276e-02, 
 2DIAGNOSTIC,    13, -6.911838470364e-01, 7.876694457224e-04, 2.3002e+00, 3.9759e-02, 
 2DIAGNOSTIC,    14, -6.922822595435e-01, 5.658240322324e-04, 2.3409e+00, 4.0660e-02, 
 2DIAGNOSTIC,    15, -6.927538308995e-01, 3.600927491422e-04, 2.3790e+00, 3.8089e-02, 
 2DIAGNOSTIC,    16, -6.928485034388e-01, 2.051114578311e-04, 2.4239e+00, 4.4908e-02, 
 2DIAGNOSTIC,    17, -6.929625876555e-01, 1.907606792880e-04, 2.4730e+00, 4.9154e-02, 
 2DIAGNOSTIC,    18, -6.931359219149e-01, 1.675061691385e-04, 2.5183e+00, 4.5249e-02, 
 2DIAGNOSTIC,    19, -6.933071250750e-01, 1.413167592453e-04, 2.6365e+00, 1.1824e-01, 
 2DIAGNOSTIC,    20, -6.933071113333e-01, 1.243047788919e-04, 2.6774e+00, 4.0891e-02, 
 2DIAGNOSTIC,    21, -6.933071337542e-01, 1.005402984560e-04, 2.7219e+00, 4.4441e-02, 
 2DIAGNOSTIC,    22, -6.933071716618e-01, 6.990395074263e-05, 2.7635e+00, 4.1649e-02, 
 2DIAGNOSTIC,    23, -6.933072357374e-01, 3.760856733288e-05, 2.8040e+00, 4.0500e-02, 
 2DIAGNOSTIC,    24, -6.933073440136e-01, 2.325949931533e-05, 2.8445e+00, 4.0528e-02, 
 2DIAGNOSTIC,    25, -6.933075268651e-01, 1.579994399600e-05, 2.8850e+00, 4.0476e-02, 
 2DIAGNOSTIC,    26, -6.933078357531e-01, 9.083188486282e-06, 2.9253e+00, 4.0254e-02, 
 2DIAGNOSTIC,    27, -6.933083569515e-01, 3.831788074976e-06, 2.9659e+00, 4.0599e-02, 
 2DIAGNOSTIC,    28, -6.933092347360e-01, 1.198854902192e-06, 3.0093e+00, 4.3391e-02, 
 2DIAGNOSTIC,    29, -6.933107110369e-01, 1.195711264723e-06, 3.0493e+00, 4.0076e-02, 
 2DIAGNOSTIC,    30, -6.933131775204e-01, 1.217248075586e-06, 3.0943e+00, 4.4931e-02, 
 2DIAGNOSTIC,    31, -6.933049574820e-01, 1.113523116943e-06, 3.1405e+00, 4.6185e-02, 
 2DIAGNOSTIC,    32, -6.933075017500e-01, 1.045277426927e-06, 3.1867e+00, 4.6210e-02, 
DIAGNOSTIC,Iteration,metricValue,convergenceValue,ITERATION_TIME_INDEX,SINCE_LAST
 2DIAGNOSTIC,     1, -5.886844252582e-01, 1.797693134862e+308, 4.4445e+00, 1.2578e+00, 
 2DIAGNOSTIC,     2, -5.892057387040e-01, 1.797693134862e+308, 4.7315e+00, 2.8706e-01, 
 2DIAGNOSTIC,     3, -5.899095929396e-01, 1.797693134862e+308, 5.0094e+00, 2.7790e-01, 
 2DIAGNOSTIC,     4, -5.907368757141e-01, 1.797693134862e+308, 5.3413e+00, 3.3184e-01, 
 2DIAGNOSTIC,     5, -5.921118353301e-01, 1.797693134862e+308, 5.6868e+00, 3.4558e-01, 
 2DIAGNOSTIC,     6, -5.925235727891e-01, 1.797693134862e+308, 6.0563e+00, 3.6949e-01, 
 2DIAGNOSTIC,     7, -5.931667637182e-01, 1.797693134862e+308, 6.4667e+00, 4.1039e-01, 
 2DIAGNOSTIC,     8, -5.933012607755e-01, 1.797693134862e+308, 7.0379e+00, 5.7118e-01, 
 2DIAGNOSTIC,     9, -5.932964887712e-01, 1.797693134862e+308, 7.4342e+00, 3.9631e-01, 
 2DIAGNOSTIC,    10, -5.932951643251e-01, 5.685135596019e-04, 7.7803e+00, 3.4614e-01, 
 2DIAGNOSTIC,    11, -5.932929860631e-01, 4.178317491693e-04, 8.1053e+00, 3.2491e-01, 
 2DIAGNOSTIC,    12, -5.932895705886e-01, 2.758205401089e-04, 8.4581e+00, 3.5285e-01, 
 2DIAGNOSTIC,    13, -5.932864822869e-01, 1.567369931051e-04, 8.7987e+00, 3.4056e-01, 
 2DIAGNOSTIC,    14, -5.932869146817e-01, 6.823116392228e-05, 9.1768e+00, 3.7813e-01, 
 2DIAGNOSTIC,    15, -5.932863035909e-01, 2.944017357767e-05, 9.5443e+00, 3.6753e-01, 
 2DIAGNOSTIC,    16, -5.932856903406e-01, 4.826571895461e-06, 9.8857e+00, 3.4138e-01, 
DIAGNOSTIC,Iteration,metricValue,convergenceValue,ITERATION_TIME_INDEX,SINCE_LAST
 2DIAGNOSTIC,     1, -5.271023234255e-01, 1.797693134862e+308, 1.3074e+01, 3.1881e+00, 
 2DIAGNOSTIC,     2, -5.273373915813e-01, 1.797693134862e+308, 1.5007e+01, 1.9333e+00, 
 2DIAGNOSTIC,     3, -5.274531588686e-01, 1.797693134862e+308, 1.6989e+01, 1.9821e+00, 
 2DIAGNOSTIC,     4, -5.275222820613e-01, 1.797693134862e+308, 2.0320e+01, 3.3311e+00, 
 2DIAGNOSTIC,     5, -5.275287882175e-01, 1.797693134862e+308, 2.2256e+01, 1.9361e+00, 
 2DIAGNOSTIC,     6, -5.275325611219e-01, 1.797693134862e+308, 2.4144e+01, 1.8873e+00, 
 2DIAGNOSTIC,     7, -5.275356448850e-01, 1.797693134862e+308, 2.6105e+01, 1.9609e+00, 
 2DIAGNOSTIC,     8, -5.275394675766e-01, 1.797693134862e+308, 2.7928e+01, 1.8229e+00, 
 2DIAGNOSTIC,     9, -5.275428277648e-01, 1.797693134862e+308, 2.9766e+01, 1.8383e+00, 
 2DIAGNOSTIC,    10, -5.275500856058e-01, 4.061277425881e-05, 3.1580e+01, 1.8143e+00, 
 2DIAGNOSTIC,    11, -5.275635518992e-01, 1.909328293910e-05, 3.3462e+01, 1.8821e+00, 
 2DIAGNOSTIC,    12, -5.275779680232e-01, 1.078882923167e-05, 3.6902e+01, 3.4401e+00, 
 2DIAGNOSTIC,    13, -5.275784430717e-01, 7.759736271179e-06, 3.9222e+01, 2.3194e+00, 
 2DIAGNOSTIC,    14, -5.275784229374e-01, 7.347688977935e-06, 4.4851e+01, 5.6289e+00, 
 2DIAGNOSTIC,    15, -5.275784229367e-01, 6.762633659674e-06, 5.0750e+01, 5.8993e+00, 
 2DIAGNOSTIC,    16, -5.275784229367e-01, 5.942399952288e-06, 5.3077e+01, 2.3267e+00, 
 2DIAGNOSTIC,    17, -5.275784229367e-01, 4.944585518390e-06, 5.5553e+01, 2.4760e+00, 
 2DIAGNOSTIC,    18, -5.275784229367e-01, 3.892621285612e-06, 5.7517e+01, 1.9643e+00, 
 2DIAGNOSTIC,    19, -5.275784229367e-01, 2.855080260766e-06, 5.9923e+01, 2.4057e+00, 
 2DIAGNOSTIC,    20, -5.275784229367e-01, 2.001594713801e-06, 6.2412e+01, 2.4890e+00, 
 2DIAGNOSTIC,    21, -5.275784229367e-01, 1.526135923226e-06, 6.4870e+01, 2.4589e+00, 
 2DIAGNOSTIC,    22, -5.275784229367e-01, 1.445556383095e-06, 6.7036e+01, 2.1654e+00, 
 2DIAGNOSTIC,    23, -5.275784229367e-01, 1.383171768683e-06, 6.9522e+01, 2.4864e+00, 
 2DIAGNOSTIC,    24, -5.275784229367e-01, 1.325534369004e-06, 7.1752e+01, 2.2296e+00, 
 2DIAGNOSTIC,    25, -5.275784229367e-01, 1.272508350726e-06, 7.4151e+01, 2.3993e+00, 
 2DIAGNOSTIC,    26, -5.275784229367e-01, 1.223561600448e-06, 7.6380e+01, 2.2286e+00, 
 2DIAGNOSTIC,    27, -5.275784229367e-01, 1.178240829368e-06, 7.8325e+01, 1.9448e+00, 
 2DIAGNOSTIC,    28, -5.275784229367e-01, 1.136157509352e-06, 8.0429e+01, 2.1048e+00, 
 2DIAGNOSTIC,    29, -5.275784229367e-01, 1.096976706388e-06, 8.2575e+01, 2.1456e+00, 
 2DIAGNOSTIC,    30, -5.275784229367e-01, 1.060408147562e-06, 8.4759e+01, 2.1841e+00, 
 2DIAGNOSTIC,    31, -5.275784229367e-01, 1.026199017234e-06, 8.7021e+01, 2.2623e+00, 
  Elapsed time (stage 0): 8.8454e+01


Total elapsed time: 8.8457e+01
Info [verificarlo]: loaded backend libinterflop_ieee.so
Info [interflop-ieee]: load backend with:
Info [interflop-ieee]: debug = false
Info [interflop-ieee]: debug-binary = false
Info [interflop-ieee]: no-backend-name = false
Info [interflop-ieee]: print-new-line = false
Info [interflop-ieee]: print-subnormal-normalized = false
Info [interflop-ieee]: count-op = false
All_Command_lines_OK
Using double precision for computations.
=============================================================================
The composite transform comprises the following transforms (in order): 
  1. /home/mdugre/scratch/mri-registration-rp/datasets/ds004513/derivatives/mri-registration-rp/0100/antsRegistration-r8-p23/sub-s014/affine_Composite.h5[0] (type = Euler3DTransform)
  2. /home/mdugre/scratch/mri-registration-rp/datasets/ds004513/derivatives/mri-registration-rp/0100/antsRegistration-r8-p23/sub-s014/affine_Composite.h5[1] (type = Euler3DTransform)
  3. /home/mdugre/scratch/mri-registration-rp/datasets/ds004513/derivatives/mri-registration-rp/0100/antsRegistration-r8-p23/sub-s014/affine_Composite.h5[2] (type = Euler3DTransform)
