
##########################
# Experiment information #
##########################

EXPERIMENT_NAME: antsRegistration-r8-p22
VFC_BACKENDS: libinterflop_vprec.so --range-binary32=8 --precision-binary32=22 --range-binary64=8 --precision-binary64=22

SIF_IMG: /home/mdugre/projects/rrg-glatard/mdugre/containers/ants-vprec-no_metrics.simg

SUBJECT_ID: s020
INPUT_IMG: /home/mdugre/scratch/mri-registration-rp/datasets/ds004513/derivatives/mri-registration-rp/antsBrainExtraction/sub-s020/BrainExtractionBrain.nii.gz
OUTPUT_DIR: /home/mdugre/scratch/mri-registration-rp/datasets/ds004513/derivatives/mri-registration-rp/0100/antsRegistration-r8-p22/sub-s020

FIXED_IMG: /templateflow/tpl-MNI152NLin2009cAsym/tpl-MNI152NLin2009cAsym_res-01_desc-brain_T1w.nii.gz
DATA_DIR: /home/mdugre/scratch/mri-registration-rp/datasets/ds004513
TEMPLATEFLOW_DIR: /home/mdugre/projects/rrg-glatard/mdugre/templateflow
ITK_GLOBAL_DEFAULT_NUMBER_OF_THREADS: 16
##########################

Info [verificarlo]: loaded backend libinterflop_ieee.so
Info [interflop-ieee]: load backend with:
Info [interflop-ieee]: debug = false
Info [interflop-ieee]: debug-binary = false
Info [interflop-ieee]: no-backend-name = false
Info [interflop-ieee]: print-new-line = false
Info [interflop-ieee]: print-subnormal-normalized = false
Info [interflop-ieee]: count-op = false
All_Command_lines_OK
Using double precision for computations.
=============================================================================
The composite transform comprises the following transforms (in order): 
  1. Center of mass alignment using fixed image: /templateflow/tpl-MNI152NLin2009cAsym/tpl-MNI152NLin2009cAsym_res-01_desc-brain_T1w.nii.gz and moving image: /home/mdugre/scratch/mri-registration-rp/datasets/ds004513/derivatives/mri-registration-rp/antsBrainExtraction/sub-s020/BrainExtractionBrain.nii.gz (type = Euler3DTransform)
=============================================================================
  number of levels = 1
  fixed image: /templateflow/tpl-MNI152NLin2009cAsym/tpl-MNI152NLin2009cAsym_res-01_desc-brain_T1w.nii.gz
  moving image: /home/mdugre/scratch/mri-registration-rp/datasets/ds004513/derivatives/mri-registration-rp/antsBrainExtraction/sub-s020/BrainExtractionBrain.nii.gz
Dimension = 3
Number of stages = 1
Use histogram matching = false
Winsorize image intensities = true
  Lower quantile = 0.005
  Upper quantile = 0.995


Stage 1 State
   Image metric = MattesMI
     Fixed image = Image (0x3c69e70)
  RTTI typeinfo:   itk::Image<double, 3u>
  Reference Count: 2
  Modified Time: 2334
  Debug: Off
  Object Name: 
  Observers: 
    none
  Source: (none)
  Source output name: (none)
  Release Data: Off
  Data Released: False
  Global Release Data: Off
  PipelineMTime: 0
  UpdateMTime: 1943
  RealTimeStamp: 0 seconds 
  LargestPossibleRegion: 
    Dimension: 3
    Index: [0, 0, 0]
    Size: [193, 229, 193]
  BufferedRegion: 
    Dimension: 3
    Index: [0, 0, 0]
    Size: [193, 229, 193]
  RequestedRegion: 
    Dimension: 3
    Index: [0, 0, 0]
    Size: [193, 229, 193]
  Spacing: [1, 1, 1]
  Origin: [96, 132, -78]
  Direction: 
-1 0 0
0 -1 0
0 0 1

  IndexToPointMatrix: 
-1 0 0
0 -1 0
0 0 1

  PointToIndexMatrix: 
-1 0 0
0 -1 0
0 0 1

  Inverse Direction: 
-1 0 0
0 -1 0
0 0 1

  PixelContainer: 
    ImportImageContainer (0x3c72c60)
      RTTI typeinfo:   itk::ImportImageContainer<unsigned long, double>
      Reference Count: 1
      Modified Time: 1940
      Debug: Off
      Object Name: 
      Observers: 
        none
      Pointer: 0x1528b3827010
      Container manages memory: true
      Size: 8530021
      Capacity: 8530021

     Moving image = Image (0x3c75610)
  RTTI typeinfo:   itk::Image<double, 3u>
  Reference Count: 2
  Modified Time: 2335
  Debug: Off
  Object Name: 
  Observers: 
    none
  Source: (none)
  Source output name: (none)
  Release Data: Off
  Data Released: False
  Global Release Data: Off
  PipelineMTime: 0
  UpdateMTime: 2332
  RealTimeStamp: 0 seconds 
  LargestPossibleRegion: 
    Dimension: 3
    Index: [0, 0, 0]
    Size: [160, 240, 256]
  BufferedRegion: 
    Dimension: 3
    Index: [0, 0, 0]
    Size: [160, 240, 256]
  RequestedRegion: 
    Dimension: 3
    Index: [0, 0, 0]
    Size: [160, 240, 256]
  Spacing: [0.999995, 1, 1]
  Origin: [87.0906, 98.7205, -152.377]
  Direction: 
-0.996975 0.0261379 -0.0731913
-0.0260677 -0.999658 -0.00191374
-0.0732163 -2.46403e-08 0.997316

  IndexToPointMatrix: 
-0.996971 0.0261379 -0.0731913
-0.0260676 -0.999658 -0.00191374
-0.0732159 -2.46403e-08 0.997316

  PointToIndexMatrix: 
-0.99698 -0.0260679 -0.0732166
0.0261379 -0.999658 -2.46993e-08
-0.0731913 -0.00191374 0.997316

  Inverse Direction: 
-0.996975 -0.0260677 -0.0732163
0.0261379 -0.999658 -2.46993e-08
-0.0731913 -0.00191374 0.997316

  PixelContainer: 
    ImportImageContainer (0x3d0eef0)
      RTTI typeinfo:   itk::ImportImageContainer<unsigned long, double>
      Reference Count: 1
      Modified Time: 2329
      Debug: Off
      Object Name: 
      Observers: 
        none
      Pointer: 0x1528aed26010
      Container manages memory: true
      Size: 9830400
      Capacity: 9830400

     Weighting = 1
     Sampling strategy = regular
     Number of bins = 32
     Radius = 4
     Sampling percentage  = 0.25
   Transform = Rigid
     Gradient step = 0.1
     Update field sigma (voxel space) = 0
     Total field sigma (voxel space) = 0
     Update field time sigma = 0
     Total field time sigma  = 0
     Number of time indices = 0
     Number of time point samples = 0
Registration using 1 total stages.

Stage 0
  iterations = 0
  convergence threshold = 1e-06
  convergence window size = 10
  number of levels = 1
  using the Mattes MI metric (number of bins = 32, weight = 1, use gradient filter = 0)
  preprocessing:  winsorizing the image intensities
  Shrink factors (level 1 out of 1): [1, 1, 1]
  smoothing sigmas per level: [0]
  regular sampling (percentage = 0.25)

*** Running Euler3DTransform registration ***

  Elapsed time (stage 0): 1.11301


Total elapsed time: 1.1153
Info [verificarlo]: loaded backend libinterflop_vprec.so
Info [interflop-vprec]: load backend with: 
Info [interflop-vprec]: precision-binary32 = 22
Info [interflop-vprec]: range-binary32 = 8
Info [interflop-vprec]: precision-binary64 = 22
Info [interflop-vprec]: range-binary64 = 8
Info [interflop-vprec]: mode = ob
Info [interflop-vprec]: error-mode = rel
Info [interflop-vprec]: max-abs-error-exponent = -1022
Info [interflop-vprec]: daz = false
Info [interflop-vprec]: ftz = false
Info [interflop-vprec]: 	instrument = none
Info [interflop-vprec]: 	prec-input-file = (null)
Info [interflop-vprec]: 	prec-output-file = (null)
Info [interflop-vprec]: 	prec-log-file = (null)
All_Command_lines_OK
Using double precision for computations.
=============================================================================
The composite transform comprises the following transforms (in order): 
  1. /home/mdugre/scratch/mri-registration-rp/datasets/ds004513/derivatives/mri-registration-rp/0100/antsRegistration-r8-p22/sub-s020/align_Composite.h5[0] (type = Euler3DTransform)
  2. /home/mdugre/scratch/mri-registration-rp/datasets/ds004513/derivatives/mri-registration-rp/0100/antsRegistration-r8-p22/sub-s020/align_Composite.h5[1] (type = Euler3DTransform)
=============================================================================
  number of levels = 4
  fixed image: /templateflow/tpl-MNI152NLin2009cAsym/tpl-MNI152NLin2009cAsym_res-01_desc-brain_T1w.nii.gz
  moving image: /home/mdugre/scratch/mri-registration-rp/datasets/ds004513/derivatives/mri-registration-rp/antsBrainExtraction/sub-s020/BrainExtractionBrain.nii.gz
Dimension = 3
Number of stages = 1
Use histogram matching = false
Winsorize image intensities = true
  Lower quantile = 0.005
  Upper quantile = 0.995


Stage 1 State
   Image metric = MattesMI
     Fixed image = Image (0x3e441e0)
  RTTI typeinfo:   itk::Image<double, 3u>
  Reference Count: 2
  Modified Time: 1580
  Debug: Off
  Object Name: 
  Observers: 
    none
  Source: (none)
  Source output name: (none)
  Release Data: Off
  Data Released: False
  Global Release Data: Off
  PipelineMTime: 0
  UpdateMTime: 1189
  RealTimeStamp: 0 seconds 
  LargestPossibleRegion: 
    Dimension: 3
    Index: [0, 0, 0]
    Size: [193, 229, 193]
  BufferedRegion: 
    Dimension: 3
    Index: [0, 0, 0]
    Size: [193, 229, 193]
  RequestedRegion: 
    Dimension: 3
    Index: [0, 0, 0]
    Size: [193, 229, 193]
  Spacing: [1, 1, 1]
  Origin: [96, 132, -78]
  Direction: 
-1 0 0
0 -1 0
0 0 1

  IndexToPointMatrix: 
-1 0 0
0 -1 0
0 0 1

  PointToIndexMatrix: 
-1 0 0
0 -1 0
0 0 1

  Inverse Direction: 
-1 0 0
0 -1 0
0 0 1

  PixelContainer: 
    ImportImageContainer (0x3f03680)
      RTTI typeinfo:   itk::ImportImageContainer<unsigned long, double>
      Reference Count: 1
      Modified Time: 1186
      Debug: Off
      Object Name: 
      Observers: 
        none
      Pointer: 0x145b26ad0010
      Container manages memory: true
      Size: 8530021
      Capacity: 8530021

     Moving image = Image (0x3effb20)
  RTTI typeinfo:   itk::Image<double, 3u>
  Reference Count: 2
  Modified Time: 1581
  Debug: Off
  Object Name: 
  Observers: 
    none
  Source: (none)
  Source output name: (none)
  Release Data: Off
  Data Released: False
  Global Release Data: Off
  PipelineMTime: 0
  UpdateMTime: 1578
  RealTimeStamp: 0 seconds 
  LargestPossibleRegion: 
    Dimension: 3
    Index: [0, 0, 0]
    Size: [160, 240, 256]
  BufferedRegion: 
    Dimension: 3
    Index: [0, 0, 0]
    Size: [160, 240, 256]
  RequestedRegion: 
    Dimension: 3
    Index: [0, 0, 0]
    Size: [160, 240, 256]
  Spacing: [0.999995, 1, 1]
  Origin: [87.0906, 98.7205, -152.377]
  Direction: 
-0.996975 0.0261379 -0.0731913
-0.0260677 -0.999658 -0.00191374
-0.0732163 -2.46403e-08 0.997316

  IndexToPointMatrix: 
-0.996971 0.0261379 -0.0731913
-0.0260676 -0.999658 -0.00191374
-0.0732159 -2.46403e-08 0.997316

  PointToIndexMatrix: 
-0.99698 -0.0260679 -0.0732167
0.0261379 -0.999659 -3.57628e-07
-0.0731913 -0.00191373 0.997316

  Inverse Direction: 
-0.996976 -0.0260677 -0.0732163
0.0261379 -0.999659 -3.57628e-07
-0.0731913 -0.00191367 0.997316

  PixelContainer: 
    ImportImageContainer (0x3f68d50)
      RTTI typeinfo:   itk::ImportImageContainer<unsigned long, double>
      Reference Count: 1
      Modified Time: 1575
      Debug: Off
      Object Name: 
      Observers: 
        none
      Pointer: 0x145b21fcf010
      Container manages memory: true
      Size: 9830400
      Capacity: 9830400

     Weighting = 1
     Sampling strategy = regular
     Number of bins = 32
     Radius = 4
     Sampling percentage  = 0.25
   Transform = Rigid
     Gradient step = 0.1
     Update field sigma (voxel space) = 0
     Total field sigma (voxel space) = 0
     Update field time sigma = 0
     Total field time sigma  = 0
     Number of time indices = 0
     Number of time point samples = 0
Registration using 1 total stages.

Stage 0
  iterations = 1000x500x250x100
  convergence threshold = 1e-06
  convergence window size = 10
  number of levels = 4
  using the Mattes MI metric (number of bins = 32, weight = 1, use gradient filter = 0)
  preprocessing:  winsorizing the image intensities
  Shrink factors (level 1 out of 4): [8, 8, 8]
  Shrink factors (level 2 out of 4): [4, 4, 4]
  Shrink factors (level 3 out of 4): [2, 2, 2]
  Shrink factors (level 4 out of 4): [1, 1, 1]
  smoothing sigmas per level: [3, 2, 1, 0]
  regular sampling (percentage = 0.25)

*** Running Euler3DTransform registration ***

DIAGNOSTIC,Iteration,metricValue,convergenceValue,ITERATION_TIME_INDEX,SINCE_LAST
 2DIAGNOSTIC,     1, -3.791266413848e-01, 1.797693134862e+308, 0.0000e+00, 0.0000e+00, 
 2DIAGNOSTIC,     2, -3.803594411069e-01, 1.797693134862e+308, 0.0000e+00, 0.0000e+00, 
 2DIAGNOSTIC,     3, -3.828940471450e-01, 1.797693134862e+308, 0.0000e+00, 0.0000e+00, 
 2DIAGNOSTIC,     4, -3.876094657420e-01, 1.797693134862e+308, 0.0000e+00, 0.0000e+00, 
 2DIAGNOSTIC,     5, -3.904906490914e-01, 1.797693134862e+308, 0.0000e+00, 0.0000e+00, 
 2DIAGNOSTIC,     6, -3.911023308837e-01, 1.797693134862e+308, 0.0000e+00, 0.0000e+00, 
 2DIAGNOSTIC,     7, -3.914883412772e-01, 1.797693134862e+308, 0.0000e+00, 0.0000e+00, 
 2DIAGNOSTIC,     8, -3.925571261067e-01, 1.797693134862e+308, 0.0000e+00, 0.0000e+00, 
 2DIAGNOSTIC,     9, -3.981511725376e-01, 1.797693134862e+308, 0.0000e+00, 0.0000e+00, 
 2DIAGNOSTIC,    10, -4.077290550517e-01, 3.852452013319e-03, 0.0000e+00, 0.0000e+00, 
 2DIAGNOSTIC,    11, -4.244394148331e-01, 4.878057594616e-03, 0.0000e+00, 0.0000e+00, 
 2DIAGNOSTIC,    12, -4.252031148292e-01, 5.389586487353e-03, 0.0000e+00, 0.0000e+00, 
 2DIAGNOSTIC,    13, -4.305585555885e-01, 5.771897752989e-03, 0.0000e+00, 0.0000e+00, 
 2DIAGNOSTIC,    14, -4.470790007030e-01, 6.626581392722e-03, 0.0000e+00, 0.0000e+00, 
 2DIAGNOSTIC,    15, -4.480631407260e-01, 6.905137619608e-03, 0.0000e+00, 0.0000e+00, 
 2DIAGNOSTIC,    16, -4.478864063530e-01, 6.537051053498e-03, 0.0000e+00, 0.0000e+00, 
 2DIAGNOSTIC,    17, -4.497019869674e-01, 5.721970084775e-03, 0.0000e+00, 0.0000e+00, 
 2DIAGNOSTIC,    18, -4.502124325497e-01, 4.541477662240e-03, 0.0000e+00, 0.0000e+00, 
 2DIAGNOSTIC,    19, -4.513902338717e-01, 3.308268631643e-03, 0.0000e+00, 0.0000e+00, 
 2DIAGNOSTIC,    20, -4.516976401129e-01, 2.224503417695e-03, 0.0000e+00, 0.0000e+00, 
 2DIAGNOSTIC,    21, -4.519931823291e-01, 1.606790043843e-03, 0.0000e+00, 0.0000e+00, 
 2DIAGNOSTIC,    22, -4.532916134127e-01, 9.649524308830e-04, 0.0000e+00, 0.0000e+00, 
 2DIAGNOSTIC,    23, -4.536610207448e-01, 4.462600213628e-04, 0.0000e+00, 0.0000e+00, 
 2DIAGNOSTIC,    24, -4.539835243915e-01, 4.040881799650e-04, 0.0000e+00, 0.0000e+00, 
 2DIAGNOSTIC,    25, -4.543144077517e-01, 3.641945356811e-04, 0.0000e+00, 0.0000e+00, 
 2DIAGNOSTIC,    26, -4.543546621312e-01, 2.890791218916e-04, 0.0000e+00, 0.0000e+00, 
 2DIAGNOSTIC,    27, -4.545094711208e-01, 2.412476056019e-04, 0.0000e+00, 0.0000e+00, 
 2DIAGNOSTIC,    28, -4.546747660914e-01, 1.896678824036e-04, 0.0000e+00, 0.0000e+00, 
 2DIAGNOSTIC,    29, -4.552731396521e-01, 1.648953035755e-04, 0.0000e+00, 0.0000e+00, 
 2DIAGNOSTIC,    30, -4.556709674827e-01, 1.418568748346e-04, 0.0000e+00, 0.0000e+00, 
 2DIAGNOSTIC,    31, -4.557496053360e-01, 1.144070467207e-04, 0.0000e+00, 0.0000e+00, 
 2DIAGNOSTIC,    32, -4.559108700335e-01, 1.083140722923e-04, 0.0000e+00, 0.0000e+00, 
 2DIAGNOSTIC,    33, -4.560765096116e-01, 1.029870509577e-04, 0.0000e+00, 0.0000e+00, 
 2DIAGNOSTIC,    34, -4.574176660847e-01, 1.201032105471e-04, 0.0000e+00, 0.0000e+00, 
 2DIAGNOSTIC,    35, -4.600434996883e-01, 1.795705606008e-04, 0.0000e+00, 0.0000e+00, 
 2DIAGNOSTIC,    36, -4.839877472539e-01, 6.531574152165e-04, 0.0000e+00, 0.0000e+00, 
 2DIAGNOSTIC,    37, -4.844202742306e-01, 1.035722329197e-03, 0.0000e+00, 0.0000e+00, 
 2DIAGNOSTIC,    38, -4.860693115772e-01, 1.333741215215e-03, 0.0000e+00, 0.0000e+00, 
 2DIAGNOSTIC,    39, -4.881478120990e-01, 1.537574322557e-03, 0.0000e+00, 0.0000e+00, 
 2DIAGNOSTIC,    40, -4.908092462394e-01, 1.630405302406e-03, 0.0000e+00, 0.0000e+00, 
 2DIAGNOSTIC,    41, -4.952391272755e-01, 1.626999191196e-03, 0.0000e+00, 0.0000e+00, 
 2DIAGNOSTIC,    42, -4.969138437551e-01, 1.495220706700e-03, 0.0000e+00, 0.0000e+00, 
 2DIAGNOSTIC,    43, -4.974808654712e-01, 1.244709192816e-03, 0.0000e+00, 0.0000e+00, 
 2DIAGNOSTIC,    44, -4.978315694415e-01, 9.164613780372e-04, 0.0000e+00, 0.0000e+00, 
 2DIAGNOSTIC,    45, -4.986200379921e-01, 5.555607653610e-04, 0.0000e+00, 0.0000e+00, 
 2DIAGNOSTIC,    46, -4.995470872951e-01, 5.019635050836e-04, 0.0000e+00, 0.0000e+00, 
 2DIAGNOSTIC,    47, -4.996042850909e-01, 4.091475850957e-04, 0.0000e+00, 0.0000e+00, 
 2DIAGNOSTIC,    48, -4.998058658301e-01, 3.066441774227e-04, 0.0000e+00, 0.0000e+00, 
 2DIAGNOSTIC,    49, -4.999595262748e-01, 2.083215171605e-04, 0.0000e+00, 0.0000e+00, 
 2DIAGNOSTIC,    50, -5.000922053952e-01, 1.282063518421e-04, 0.0000e+00, 0.0000e+00, 
 2DIAGNOSTIC,    51, -5.003185302264e-01, 9.606325949887e-05, 0.0000e+00, 0.0000e+00, 
 2DIAGNOSTIC,    52, -5.003415879645e-01, 7.654059976539e-05, 0.0000e+00, 0.0000e+00, 
 2DIAGNOSTIC,    53, -5.003559860152e-01, 5.759914212282e-05, 0.0000e+00, 0.0000e+00, 
 2DIAGNOSTIC,    54, -5.004693925417e-01, 3.921532998239e-05, 0.0000e+00, 0.0000e+00, 
 2DIAGNOSTIC,    55, -5.004845850262e-01, 2.664861260641e-05, 0.0000e+00, 0.0000e+00, 
 2DIAGNOSTIC,    56, -5.005225090231e-01, 2.280280150199e-05, 0.0000e+00, 0.0000e+00, 
 2DIAGNOSTIC,    57, -5.004587742610e-01, 1.688240546894e-05, 0.0000e+00, 0.0000e+00, 
 2DIAGNOSTIC,    58, -5.003989475647e-01, 1.116757706818e-05, 0.0000e+00, 0.0000e+00, 
 2DIAGNOSTIC,    59, -5.004382374824e-01, 6.662271196889e-06, 0.0000e+00, 0.0000e+00, 
 2DIAGNOSTIC,    60, -5.005157028678e-01, 3.802857758899e-06, 0.0000e+00, 0.0000e+00, 
 2DIAGNOSTIC,    61, -5.005578324355e-01, 3.434390758797e-06, 0.0000e+00, 0.0000e+00, 
 2DIAGNOSTIC,    62, -5.005697468136e-01, 3.178103482038e-06, 0.0000e+00, 0.0000e+00, 
 2DIAGNOSTIC,    63, -5.005925316460e-01, 3.042766648673e-06, 0.0000e+00, 0.0000e+00, 
 2DIAGNOSTIC,    64, -5.006460735773e-01, 4.260965732004e-06, 0.0000e+00, 0.0000e+00, 
 2DIAGNOSTIC,    65, -5.006952438009e-01, 5.636515001427e-06, 0.0000e+00, 0.0000e+00, 
 2DIAGNOSTIC,    66, -5.007072738894e-01, 6.942700676468e-06, 0.0000e+00, 0.0000e+00, 
 2DIAGNOSTIC,    67, -5.007085783893e-01, 7.055574760179e-06, 0.0000e+00, 0.0000e+00, 
 2DIAGNOSTIC,    68, -5.007112952970e-01, 6.027938573405e-06, 0.0000e+00, 0.0000e+00, 
 2DIAGNOSTIC,    69, -5.007189311517e-01, 4.893451437293e-06, 0.0000e+00, 0.0000e+00, 
 2DIAGNOSTIC,    70, -5.007416144923e-01, 4.226926877085e-06, 0.0000e+00, 0.0000e+00, 
 2DIAGNOSTIC,    71, -5.007693002755e-01, 3.819267016241e-06, 0.0000e+00, 0.0000e+00, 
 2DIAGNOSTIC,    72, -5.009070504170e-01, 4.371225917770e-06, 0.0000e+00, 0.0000e+00, 
 2DIAGNOSTIC,    73, -5.009909036218e-01, 5.386534639811e-06, 0.0000e+00, 0.0000e+00, 
 2DIAGNOSTIC,    74, -5.009628223368e-01, 6.092960240615e-06, 0.0000e+00, 0.0000e+00, 
 2DIAGNOSTIC,    75, -5.009746448374e-01, 6.756491072008e-06, 0.0000e+00, 0.0000e+00, 
 2DIAGNOSTIC,    76, -5.009947384755e-01, 7.047918640006e-06, 0.0000e+00, 0.0000e+00, 
 2DIAGNOSTIC,    77, -5.010292395902e-01, 6.950913261403e-06, 0.0000e+00, 0.0000e+00, 
 2DIAGNOSTIC,    78, -5.010395478557e-01, 6.315120832502e-06, 0.0000e+00, 0.0000e+00, 
 2DIAGNOSTIC,    79, -5.010418252204e-01, 5.224140742031e-06, 0.0000e+00, 0.0000e+00, 
 2DIAGNOSTIC,    80, -5.010469148097e-01, 3.929723089446e-06, 0.0000e+00, 0.0000e+00, 
 2DIAGNOSTIC,    81, -5.010602776251e-01, 2.608315331960e-06, 0.0000e+00, 0.0000e+00, 
 2DIAGNOSTIC,    82, -5.010613406129e-01, 2.105905051399e-06, 0.0000e+00, 0.0000e+00, 
 2DIAGNOSTIC,    83, -5.010666235016e-01, 2.109348569276e-06, 0.0000e+00, 0.0000e+00, 
 2DIAGNOSTIC,    84, -5.010684725518e-01, 1.763240490348e-06, 0.0000e+00, 0.0000e+00, 
 2DIAGNOSTIC,    85, -5.010688435839e-01, 1.379933738147e-06, 0.0000e+00, 0.0000e+00, 
 2DIAGNOSTIC,    86, -5.010700067104e-01, 1.053061899479e-06, 0.0000e+00, 0.0000e+00, 
DIAGNOSTIC,Iteration,metricValue,convergenceValue,ITERATION_TIME_INDEX,SINCE_LAST
 2DIAGNOSTIC,     1, -4.061195340988e-01, 1.797693134862e+308, 0.0000e+00, 0.0000e+00, 
 2DIAGNOSTIC,     2, -4.067262973464e-01, 1.797693134862e+308, 0.0000e+00, 0.0000e+00, 
 2DIAGNOSTIC,     3, -4.078053193039e-01, 1.797693134862e+308, 0.0000e+00, 0.0000e+00, 
 2DIAGNOSTIC,     4, -4.090541754657e-01, 1.797693134862e+308, 0.0000e+00, 0.0000e+00, 
 2DIAGNOSTIC,     5, -4.095197310525e-01, 1.797693134862e+308, 0.0000e+00, 0.0000e+00, 
 2DIAGNOSTIC,     6, -4.095838869396e-01, 1.797693134862e+308, 0.0000e+00, 0.0000e+00, 
 2DIAGNOSTIC,     7, -4.097255405062e-01, 1.797693134862e+308, 0.0000e+00, 0.0000e+00, 
 2DIAGNOSTIC,     8, -4.103011736793e-01, 1.797693134862e+308, 0.0000e+00, 0.0000e+00, 
 2DIAGNOSTIC,     9, -4.114202175454e-01, 1.797693134862e+308, 0.0000e+00, 0.0000e+00, 
 2DIAGNOSTIC,    10, -4.117598701414e-01, 8.239470490702e-04, 0.0000e+00, 0.0000e+00, 
 2DIAGNOSTIC,    11, -4.124702185806e-01, 7.125862892941e-04, 0.0000e+00, 0.0000e+00, 
 2DIAGNOSTIC,    12, -4.135964673763e-01, 6.556929773452e-04, 0.0000e+00, 0.0000e+00, 
 2DIAGNOSTIC,    13, -4.138531000285e-01, 6.165829849632e-04, 0.0000e+00, 0.0000e+00, 
 2DIAGNOSTIC,    14, -4.141738563925e-01, 6.042371946737e-04, 0.0000e+00, 0.0000e+00, 
 2DIAGNOSTIC,    15, -4.146807332162e-01, 5.838567431646e-04, 0.0000e+00, 0.0000e+00, 
 2DIAGNOSTIC,    16, -4.149599666902e-01, 5.274316192763e-04, 0.0000e+00, 0.0000e+00, 
 2DIAGNOSTIC,    17, -4.150985087547e-01, 4.400620432689e-04, 0.0000e+00, 0.0000e+00, 
 2DIAGNOSTIC,    18, -4.151365966980e-01, 3.448678563237e-04, 0.0000e+00, 0.0000e+00, 
 2DIAGNOSTIC,    19, -4.151404369395e-01, 2.693156966675e-04, 0.0000e+00, 0.0000e+00, 
 2DIAGNOSTIC,    20, -4.152272798965e-01, 1.908631131535e-04, 0.0000e+00, 0.0000e+00, 
 2DIAGNOSTIC,    21, -4.152837827305e-01, 1.264258367322e-04, 0.0000e+00, 0.0000e+00, 
 2DIAGNOSTIC,    22, -4.153481996099e-01, 9.357840092575e-05, 0.0000e+00, 0.0000e+00, 
 2DIAGNOSTIC,    23, -4.155878316486e-01, 6.988070930650e-05, 0.0000e+00, 0.0000e+00, 
 2DIAGNOSTIC,    24, -4.165747903008e-01, 7.887562244270e-05, 0.0000e+00, 0.0000e+00, 
 2DIAGNOSTIC,    25, -4.168065091640e-01, 9.933905289316e-05, 0.0000e+00, 0.0000e+00, 
 2DIAGNOSTIC,    26, -4.168359099541e-01, 1.172775572267e-04, 0.0000e+00, 0.0000e+00, 
 2DIAGNOSTIC,    27, -4.168676682747e-01, 1.277019094603e-04, 0.0000e+00, 0.0000e+00, 
 2DIAGNOSTIC,    28, -4.169139196960e-01, 1.274458178344e-04, 0.0000e+00, 0.0000e+00, 
 2DIAGNOSTIC,    29, -4.170016113658e-01, 1.169873242643e-04, 0.0000e+00, 0.0000e+00, 
 2DIAGNOSTIC,    30, -4.173318452181e-01, 1.056944561558e-04, 0.0000e+00, 0.0000e+00, 
 2DIAGNOSTIC,    31, -4.173355557582e-01, 8.674893949235e-05, 0.0000e+00, 0.0000e+00, 
 2DIAGNOSTIC,    32, -4.173326529173e-01, 6.248453494286e-05, 0.0000e+00, 0.0000e+00, 
 2DIAGNOSTIC,    33, -4.173155375039e-01, 3.807350843860e-05, 0.0000e+00, 0.0000e+00, 
 2DIAGNOSTIC,    34, -4.173243939813e-01, 3.153910508962e-05, 0.0000e+00, 0.0000e+00, 
 2DIAGNOSTIC,    35, -4.173185531578e-01, 2.678553460753e-05, 0.0000e+00, 0.0000e+00, 
 2DIAGNOSTIC,    36, -4.173122675333e-01, 2.027500726704e-05, 0.0000e+00, 0.0000e+00, 
 2DIAGNOSTIC,    37, -4.172923448686e-01, 1.259557974735e-05, 0.0000e+00, 0.0000e+00, 
 2DIAGNOSTIC,    38, -4.173070225268e-01, 5.346124274601e-06, 0.0000e+00, 0.0000e+00, 
DIAGNOSTIC,Iteration,metricValue,convergenceValue,ITERATION_TIME_INDEX,SINCE_LAST
 2DIAGNOSTIC,     1, -3.580262494230e-01, 1.797693134862e+308, 0.0000e+00, 0.0000e+00, 
 2DIAGNOSTIC,     2, -3.582249361483e-01, 1.797693134862e+308, 0.0000e+00, 0.0000e+00, 
 2DIAGNOSTIC,     3, -3.585065619612e-01, 1.797693134862e+308, 0.0000e+00, 0.0000e+00, 
 2DIAGNOSTIC,     4, -3.586930646939e-01, 1.797693134862e+308, 0.0000e+00, 0.0000e+00, 
 2DIAGNOSTIC,     5, -3.588001030046e-01, 1.797693134862e+308, 0.0000e+00, 0.0000e+00, 
 2DIAGNOSTIC,     6, -3.589294331342e-01, 1.797693134862e+308, 0.0000e+00, 0.0000e+00, 
 2DIAGNOSTIC,     7, -3.591191015508e-01, 1.797693134862e+308, 0.0000e+00, 0.0000e+00, 
 2DIAGNOSTIC,     8, -3.591616532750e-01, 1.797693134862e+308, 0.0000e+00, 0.0000e+00, 
 2DIAGNOSTIC,     9, -3.592159389491e-01, 1.797693134862e+308, 0.0000e+00, 0.0000e+00, 
 2DIAGNOSTIC,    10, -3.593996072212e-01, 2.344122469389e-04, 0.0000e+00, 0.0000e+00, 
 2DIAGNOSTIC,    11, -3.597558034204e-01, 2.100970465365e-04, 0.0000e+00, 0.0000e+00, 
 2DIAGNOSTIC,    12, -3.597438213724e-01, 1.825965154901e-04, 0.0000e+00, 0.0000e+00, 
 2DIAGNOSTIC,    13, -3.597527687070e-01, 1.610304538244e-04, 0.0000e+00, 0.0000e+00, 
 2DIAGNOSTIC,    14, -3.597696672699e-01, 1.399434274718e-04, 0.0000e+00, 0.0000e+00, 
 2DIAGNOSTIC,    15, -3.597881112402e-01, 1.154125746382e-04, 0.0000e+00, 0.0000e+00, 
 2DIAGNOSTIC,    16, -3.597949532419e-01, 8.976233612459e-05, 0.0000e+00, 0.0000e+00, 
 2DIAGNOSTIC,    17, -3.598052133249e-01, 6.843262490325e-05, 0.0000e+00, 0.0000e+00, 
 2DIAGNOSTIC,    18, -3.598087852046e-01, 4.563615246901e-05, 0.0000e+00, 0.0000e+00, 
 2DIAGNOSTIC,    19, -3.598138470833e-01, 2.358973665065e-05, 0.0000e+00, 0.0000e+00, 
 2DIAGNOSTIC,    20, -3.598127357110e-01, 8.517856396682e-06, 0.0000e+00, 0.0000e+00, 
 2DIAGNOSTIC,    21, -3.598146191795e-01, 7.749781723576e-06, 0.0000e+00, 0.0000e+00, 
 2DIAGNOSTIC,    22, -3.598184249826e-01, 6.177344411717e-06, 0.0000e+00, 0.0000e+00, 
 2DIAGNOSTIC,    23, -3.598184845809e-01, 4.595997625867e-06, 0.0000e+00, 0.0000e+00, 
 2DIAGNOSTIC,    24, -3.598180831690e-01, 3.379124891879e-06, 0.0000e+00, 0.0000e+00, 
 2DIAGNOSTIC,    25, -3.598183687647e-01, 2.660929284005e-06, 0.0000e+00, 0.0000e+00, 
 2DIAGNOSTIC,    26, -3.598178502236e-01, 2.052942844381e-06, 0.0000e+00, 0.0000e+00, 
 2DIAGNOSTIC,    27, -3.598180635945e-01, 1.715082541799e-06, 0.0000e+00, 0.0000e+00, 
 2DIAGNOSTIC,    28, -3.598174504209e-01, 1.430006696564e-06, 0.0000e+00, 0.0000e+00, 
 2DIAGNOSTIC,    29, -3.598175022396e-01, 1.279853853835e-06, 0.0000e+00, 0.0000e+00, 
 2DIAGNOSTIC,    30, -3.598163657078e-01, 1.062746142297e-06, 0.0000e+00, 0.0000e+00, 
DIAGNOSTIC,Iteration,metricValue,convergenceValue,ITERATION_TIME_INDEX,SINCE_LAST
 2DIAGNOSTIC,     1, -3.311808180582e-01, 1.797693134862e+308, 0.0000e+00, 0.0000e+00, 
 2DIAGNOSTIC,     2, -3.312639438797e-01, 1.797693134862e+308, 0.0000e+00, 0.0000e+00, 
 2DIAGNOSTIC,     3, -3.313041302809e-01, 1.797693134862e+308, 0.0000e+00, 0.0000e+00, 
 2DIAGNOSTIC,     4, -3.313410977311e-01, 1.797693134862e+308, 0.0000e+00, 0.0000e+00, 
 2DIAGNOSTIC,     5, -3.313556109180e-01, 1.797693134862e+308, 0.0000e+00, 0.0000e+00, 
 2DIAGNOSTIC,     6, -3.314090648731e-01, 1.797693134862e+308, 0.0000e+00, 0.0000e+00, 
 2DIAGNOSTIC,     7, -3.314558124944e-01, 1.797693134862e+308, 0.0000e+00, 0.0000e+00, 
 2DIAGNOSTIC,     8, -3.314587113231e-01, 1.797693134862e+308, 0.0000e+00, 0.0000e+00, 
 2DIAGNOSTIC,     9, -3.314587078469e-01, 1.797693134862e+308, 0.0000e+00, 0.0000e+00, 
 2DIAGNOSTIC,    10, -3.314585711754e-01, 5.625119186975e-05, 2.5600e+02, 2.5600e+02, 
 2DIAGNOSTIC,    11, -3.314585649657e-01, 3.937475139050e-05, 2.5600e+02, 0.0000e+00, 
 2DIAGNOSTIC,    12, -3.314585804489e-01, 2.787715145629e-05, 2.5600e+02, 0.0000e+00, 
 2DIAGNOSTIC,    13, -3.314584743776e-01, 1.849905672967e-05, 2.5600e+02, 0.0000e+00, 
 2DIAGNOSTIC,    14, -3.314584920235e-01, 1.132856794127e-05, 2.5600e+02, 0.0000e+00, 
 2DIAGNOSTIC,    15, -3.314586754504e-01, 5.074813154995e-06, 2.5600e+02, 0.0000e+00, 
 2DIAGNOSTIC,    16, -3.314584721299e-01, 2.115633097127e-06, 2.5600e+02, 0.0000e+00, 
 2DIAGNOSTIC,    17, -3.314583793746e-01, 1.842331690864e-06, 2.5600e+02, 0.0000e+00, 
 2DIAGNOSTIC,    18, -3.314582799725e-01, 1.735334819064e-06, 2.5600e+02, 0.0000e+00, 
 2DIAGNOSTIC,    19, -3.314583292384e-01, 1.644463502780e-06, 2.5600e+02, 0.0000e+00, 
 2DIAGNOSTIC,    20, -3.314582686365e-01, 1.556412442164e-06, 2.5600e+02, 0.0000e+00, 
 2DIAGNOSTIC,    21, -3.314581411245e-01, 1.474333892040e-06, 2.5600e+02, 0.0000e+00, 
 2DIAGNOSTIC,    22, -3.314581534430e-01, 1.404853773465e-06, 2.5600e+02, 0.0000e+00, 
 2DIAGNOSTIC,    23, -3.314581422325e-01, 1.340577984087e-06, 2.5600e+02, 0.0000e+00, 
 2DIAGNOSTIC,    24, -3.314581512110e-01, 1.285995933700e-06, 2.5600e+02, 0.0000e+00, 
 2DIAGNOSTIC,    25, -3.314581648984e-01, 1.246196188909e-06, 2.5600e+02, 0.0000e+00, 
 2DIAGNOSTIC,    26, -3.314581236478e-01, 1.203806973001e-06, 2.5600e+02, 0.0000e+00, 
 2DIAGNOSTIC,    27, -3.314580277355e-01, 1.160373363909e-06, 2.5600e+02, 0.0000e+00, 
 2DIAGNOSTIC,    28, -3.314580514167e-01, 1.119176255039e-06, 2.5600e+02, 0.0000e+00, 
 2DIAGNOSTIC,    29, -3.314580775156e-01, 1.084410100737e-06, 2.5600e+02, 0.0000e+00, 
 2DIAGNOSTIC,    30, -3.314580788765e-01, 1.051329327068e-06, 2.5600e+02, 0.0000e+00, 
 2DIAGNOSTIC,    31, -3.314580862108e-01, 1.017790064797e-06, 2.5600e+02, 0.0000e+00, 
  Elapsed time (stage 0): 2.5600e+02


Total elapsed time: 2.5600e+02
Info [verificarlo]: loaded backend libinterflop_ieee.so
Info [interflop-ieee]: load backend with:
Info [interflop-ieee]: debug = false
Info [interflop-ieee]: debug-binary = false
Info [interflop-ieee]: no-backend-name = false
Info [interflop-ieee]: print-new-line = false
Info [interflop-ieee]: print-subnormal-normalized = false
Info [interflop-ieee]: count-op = false
All_Command_lines_OK
Using double precision for computations.
=============================================================================
The composite transform comprises the following transforms (in order): 
  1. /home/mdugre/scratch/mri-registration-rp/datasets/ds004513/derivatives/mri-registration-rp/0100/antsRegistration-r8-p22/sub-s020/rigid_Composite.h5[0] (type = Euler3DTransform)
  2. /home/mdugre/scratch/mri-registration-rp/datasets/ds004513/derivatives/mri-registration-rp/0100/antsRegistration-r8-p22/sub-s020/rigid_Composite.h5[1] (type = Euler3DTransform)
  3. /home/mdugre/scratch/mri-registration-rp/datasets/ds004513/derivatives/mri-registration-rp/0100/antsRegistration-r8-p22/sub-s020/rigid_Composite.h5[2] (type = Euler3DTransform)
=============================================================================
  number of levels = 4
  fixed image: /templateflow/tpl-MNI152NLin2009cAsym/tpl-MNI152NLin2009cAsym_res-01_desc-brain_T1w.nii.gz
  moving image: /home/mdugre/scratch/mri-registration-rp/datasets/ds004513/derivatives/mri-registration-rp/antsBrainExtraction/sub-s020/BrainExtractionBrain.nii.gz
Dimension = 3
Number of stages = 1
Use histogram matching = false
Winsorize image intensities = true
  Lower quantile = 0.005
  Upper quantile = 0.995


Stage 1 State
   Image metric = MattesMI
     Fixed image = Image (0x33367e0)
  RTTI typeinfo:   itk::Image<double, 3u>
  Reference Count: 2
  Modified Time: 1594
  Debug: Off
  Object Name: 
  Observers: 
    none
  Source: (none)
  Source output name: (none)
  Release Data: Off
  Data Released: False
  Global Release Data: Off
  PipelineMTime: 0
  UpdateMTime: 1203
  RealTimeStamp: 0 seconds 
  LargestPossibleRegion: 
    Dimension: 3
    Index: [0, 0, 0]
    Size: [193, 229, 193]
  BufferedRegion: 
    Dimension: 3
    Index: [0, 0, 0]
    Size: [193, 229, 193]
  RequestedRegion: 
    Dimension: 3
    Index: [0, 0, 0]
    Size: [193, 229, 193]
  Spacing: [1, 1, 1]
  Origin: [96, 132, -78]
  Direction: 
-1 0 0
0 -1 0
0 0 1

  IndexToPointMatrix: 
-1 0 0
0 -1 0
0 0 1

  PointToIndexMatrix: 
-1 0 0
0 -1 0
0 0 1

  Inverse Direction: 
-1 0 0
0 -1 0
0 0 1

  PixelContainer: 
    ImportImageContainer (0x33f6a20)
      RTTI typeinfo:   itk::ImportImageContainer<unsigned long, double>
      Reference Count: 1
      Modified Time: 1200
      Debug: Off
      Object Name: 
      Observers: 
        none
      Pointer: 0x1538731de010
      Container manages memory: true
      Size: 8530021
      Capacity: 8530021

     Moving image = Image (0x3401840)
  RTTI typeinfo:   itk::Image<double, 3u>
  Reference Count: 2
  Modified Time: 1595
  Debug: Off
  Object Name: 
  Observers: 
    none
  Source: (none)
  Source output name: (none)
  Release Data: Off
  Data Released: False
  Global Release Data: Off
  PipelineMTime: 0
  UpdateMTime: 1592
  RealTimeStamp: 0 seconds 
  LargestPossibleRegion: 
    Dimension: 3
    Index: [0, 0, 0]
    Size: [160, 240, 256]
  BufferedRegion: 
    Dimension: 3
    Index: [0, 0, 0]
    Size: [160, 240, 256]
  RequestedRegion: 
    Dimension: 3
    Index: [0, 0, 0]
    Size: [160, 240, 256]
  Spacing: [0.999995, 1, 1]
  Origin: [87.0906, 98.7205, -152.377]
  Direction: 
-0.996975 0.0261379 -0.0731913
-0.0260677 -0.999658 -0.00191374
-0.0732163 -2.46403e-08 0.997316

  IndexToPointMatrix: 
-0.996971 0.0261379 -0.0731913
-0.0260676 -0.999658 -0.00191374
-0.0732159 -2.46403e-08 0.997316

  PointToIndexMatrix: 
-0.99698 -0.0260679 -0.0732166
0.0261379 -0.999658 -2.46993e-08
-0.0731913 -0.00191374 0.997316

  Inverse Direction: 
-0.996975 -0.0260677 -0.0732163
0.0261379 -0.999658 -2.46993e-08
-0.0731913 -0.00191374 0.997316

  PixelContainer: 
    ImportImageContainer (0x33a9c90)
      RTTI typeinfo:   itk::ImportImageContainer<unsigned long, double>
      Reference Count: 1
      Modified Time: 1589
      Debug: Off
      Object Name: 
      Observers: 
        none
      Pointer: 0x15386e6dd010
      Container manages memory: true
      Size: 9830400
      Capacity: 9830400

     Weighting = 1
     Sampling strategy = regular
     Number of bins = 32
     Radius = 4
     Sampling percentage  = 0.25
   Transform = Affine
     Gradient step = 0.1
     Update field sigma (voxel space) = 0
     Total field sigma (voxel space) = 0
     Update field time sigma = 0
     Total field time sigma  = 0
     Number of time indices = 0
     Number of time point samples = 0
Registration using 1 total stages.

Stage 0
  iterations = 1000x500x250x100
  convergence threshold = 1e-06
  convergence window size = 10
  number of levels = 4
  using the Mattes MI metric (number of bins = 32, weight = 1, use gradient filter = 0)
  preprocessing:  winsorizing the image intensities
  Shrink factors (level 1 out of 4): [8, 8, 8]
  Shrink factors (level 2 out of 4): [4, 4, 4]
  Shrink factors (level 3 out of 4): [2, 2, 2]
  Shrink factors (level 4 out of 4): [1, 1, 1]
  smoothing sigmas per level: [3, 2, 1, 0]
  regular sampling (percentage = 0.25)

*** Running AffineTransform registration ***

DIAGNOSTIC,Iteration,metricValue,convergenceValue,ITERATION_TIME_INDEX,SINCE_LAST
 2DIAGNOSTIC,     1, -4.996834354090e-01, 1.797693134862e+308, 7.4244e-01, 7.4244e-01, 
 2DIAGNOSTIC,     2, -5.013638592658e-01, 1.797693134862e+308, 7.4756e-01, 5.1248e-03, 
 2DIAGNOSTIC,     3, -5.040376567633e-01, 1.797693134862e+308, 7.5236e-01, 4.7991e-03, 
 2DIAGNOSTIC,     4, -5.085419918718e-01, 1.797693134862e+308, 7.5707e-01, 4.7050e-03, 
 2DIAGNOSTIC,     5, -5.167200593944e-01, 1.797693134862e+308, 7.6200e-01, 4.9329e-03, 
 2DIAGNOSTIC,     6, -5.343013596073e-01, 1.797693134862e+308, 7.6724e-01, 5.2412e-03, 
 2DIAGNOSTIC,     7, -5.653852562962e-01, 1.797693134862e+308, 7.7254e-01, 5.2960e-03, 
 2DIAGNOSTIC,     8, -6.198880571916e-01, 1.797693134862e+308, 7.7979e-01, 7.2591e-03, 
 2DIAGNOSTIC,     9, -6.801262003891e-01, 1.797693134862e+308, 7.8585e-01, 6.0511e-03, 
 2DIAGNOSTIC,    10, -7.191808294385e-01, 2.447592945398e-02, 7.9146e-01, 5.6159e-03, 
 2DIAGNOSTIC,    11, -7.362842009186e-01, 2.655859440819e-02, 7.9716e-01, 5.6989e-03, 
 2DIAGNOSTIC,    12, -7.731280191410e-01, 2.728893889268e-02, 8.0344e-01, 6.2809e-03, 
 2DIAGNOSTIC,    13, -7.965786717055e-01, 2.628280975866e-02, 8.1150e-01, 8.0621e-03, 
 2DIAGNOSTIC,    14, -8.003933067168e-01, 2.335620633386e-02, 8.1718e-01, 5.6810e-03, 
 2DIAGNOSTIC,    15, -8.228364289225e-01, 1.970864200946e-02, 8.2354e-01, 6.3581e-03, 
 2DIAGNOSTIC,    16, -8.349938457320e-01, 1.565633390732e-02, 8.2908e-01, 5.5411e-03, 
 2DIAGNOSTIC,    17, -8.380822378122e-01, 1.162336386049e-02, 8.3530e-01, 6.2120e-03, 
 2DIAGNOSTIC,    18, -8.397623539734e-01, 8.385337756257e-03, 8.4138e-01, 6.0830e-03, 
 2DIAGNOSTIC,    19, -8.414955686268e-01, 6.154394705455e-03, 8.4741e-01, 6.0298e-03, 
 2DIAGNOSTIC,    20, -8.424521000845e-01, 4.454586966345e-03, 8.5306e-01, 5.6520e-03, 
 2DIAGNOSTIC,    21, -8.431923448242e-01, 2.867773086709e-03, 8.5916e-01, 6.0980e-03, 
 2DIAGNOSTIC,    22, -8.458082660924e-01, 1.907637236718e-03, 8.6490e-01, 5.7378e-03, 
 2DIAGNOSTIC,    23, -8.504637274430e-01, 1.364272865502e-03, 8.7081e-01, 5.9159e-03, 
 2DIAGNOSTIC,    24, -8.559901995379e-01, 8.929155979112e-04, 8.7864e-01, 7.8270e-03, 
 2DIAGNOSTIC,    25, -8.571671218599e-01, 7.498079216386e-04, 8.8458e-01, 5.9361e-03, 
 2DIAGNOSTIC,    26, -8.565567023824e-01, 7.242627884856e-04, 8.9166e-01, 7.0810e-03, 
 2DIAGNOSTIC,    27, -8.566222736077e-01, 6.793607359848e-04, 8.9877e-01, 7.1120e-03, 
 2DIAGNOSTIC,    28, -8.565837891477e-01, 5.955581828208e-04, 9.0456e-01, 5.7960e-03, 
 2DIAGNOSTIC,    29, -8.563724848006e-01, 4.814970064688e-04, 9.0990e-01, 5.3310e-03, 
 2DIAGNOSTIC,    30, -8.563318981789e-01, 3.433856486412e-04, 9.1796e-01, 8.0621e-03, 
 2DIAGNOSTIC,    31, -8.562369309934e-01, 1.920883910709e-04, 9.2383e-01, 5.8701e-03, 
 2DIAGNOSTIC,    32, -8.561304100749e-01, 6.269380823890e-05, 9.2912e-01, 5.2879e-03, 
DIAGNOSTIC,Iteration,metricValue,convergenceValue,ITERATION_TIME_INDEX,SINCE_LAST
 2DIAGNOSTIC,     1, -7.145956218203e-01, 1.797693134862e+308, 1.7451e+00, 8.1603e-01, 
 2DIAGNOSTIC,     2, -7.151681552560e-01, 1.797693134862e+308, 1.7903e+00, 4.5195e-02, 
 2DIAGNOSTIC,     3, -7.157430237953e-01, 1.797693134862e+308, 1.8287e+00, 3.8359e-02, 
 2DIAGNOSTIC,     4, -7.164768825087e-01, 1.797693134862e+308, 1.8654e+00, 3.6674e-02, 
 2DIAGNOSTIC,     5, -7.169724324023e-01, 1.797693134862e+308, 1.9208e+00, 5.5466e-02, 
 2DIAGNOSTIC,     6, -7.170367694548e-01, 1.797693134862e+308, 1.9711e+00, 5.0282e-02, 
 2DIAGNOSTIC,     7, -7.170288437506e-01, 1.797693134862e+308, 2.0227e+00, 5.1583e-02, 
 2DIAGNOSTIC,     8, -7.170259573025e-01, 1.797693134862e+308, 2.0717e+00, 4.8962e-02, 
 2DIAGNOSTIC,     9, -7.170347396306e-01, 1.797693134862e+308, 2.1097e+00, 3.8070e-02, 
 2DIAGNOSTIC,    10, -7.170319570110e-01, 2.109044517842e-04, 2.1510e+00, 4.1221e-02, 
 2DIAGNOSTIC,    11, -7.170179766427e-01, 1.251867483517e-04, 2.1924e+00, 4.1488e-02, 
 2DIAGNOSTIC,    12, -7.169930477258e-01, 6.093036629731e-05, 2.2374e+00, 4.4937e-02, 
 2DIAGNOSTIC,    13, -7.169904335681e-01, 1.835269995439e-05, 2.2796e+00, 4.2226e-02, 
DIAGNOSTIC,Iteration,metricValue,convergenceValue,ITERATION_TIME_INDEX,SINCE_LAST
 2DIAGNOSTIC,     1, -5.954162088813e-01, 1.797693134862e+308, 3.4821e+00, 1.2025e+00, 
 2DIAGNOSTIC,     2, -5.957308709580e-01, 1.797693134862e+308, 3.7833e+00, 3.0120e-01, 
 2DIAGNOSTIC,     3, -5.959257854082e-01, 1.797693134862e+308, 4.1048e+00, 3.2146e-01, 
 2DIAGNOSTIC,     4, -5.961588860606e-01, 1.797693134862e+308, 4.4259e+00, 3.2117e-01, 
 2DIAGNOSTIC,     5, -5.964981902348e-01, 1.797693134862e+308, 4.7579e+00, 3.3194e-01, 
 2DIAGNOSTIC,     6, -5.969630321720e-01, 1.797693134862e+308, 5.2897e+00, 5.3188e-01, 
 2DIAGNOSTIC,     7, -5.969655960012e-01, 1.797693134862e+308, 5.6370e+00, 3.4722e-01, 
 2DIAGNOSTIC,     8, -5.969708092487e-01, 1.797693134862e+308, 5.9666e+00, 3.2966e-01, 
 2DIAGNOSTIC,     9, -5.969767350145e-01, 1.797693134862e+308, 6.3273e+00, 3.6063e-01, 
 2DIAGNOSTIC,    10, -5.969867533865e-01, 1.864459164008e-04, 6.6328e+00, 3.0554e-01, 
 2DIAGNOSTIC,    11, -5.970066599429e-01, 1.327459673857e-04, 6.9566e+00, 3.2385e-01, 
 2DIAGNOSTIC,    12, -5.970207855388e-01, 8.943743778017e-05, 7.3495e+00, 3.9281e-01, 
 2DIAGNOSTIC,    13, -5.970305946376e-01, 5.264170878776e-05, 7.8652e+00, 5.1575e-01, 
 2DIAGNOSTIC,    14, -5.970330218860e-01, 2.442449341220e-05, 8.2126e+00, 3.4742e-01, 
 2DIAGNOSTIC,    15, -5.970312871448e-01, 8.250550563318e-06, 8.5543e+00, 3.4164e-01, 
 2DIAGNOSTIC,    16, -5.970296843350e-01, 7.325381528242e-06, 8.8573e+00, 3.0298e-01, 
 2DIAGNOSTIC,    17, -5.970286749244e-01, 6.055834006695e-06, 9.1919e+00, 3.3461e-01, 
 2DIAGNOSTIC,    18, -5.970283815524e-01, 4.671904352389e-06, 9.5511e+00, 3.5925e-01, 
 2DIAGNOSTIC,    19, -5.970263226132e-01, 3.263639014907e-06, 9.8383e+00, 2.8720e-01, 
 2DIAGNOSTIC,    20, -5.970245542081e-01, 2.040934096420e-06, 1.0120e+01, 2.8214e-01, 
 2DIAGNOSTIC,    21, -5.970257573386e-01, 1.367300549511e-06, 1.0464e+01, 3.4309e-01, 
 2DIAGNOSTIC,    22, -5.970257026128e-01, 1.065887979601e-06, 1.0754e+01, 2.9009e-01, 
 2DIAGNOSTIC,    23, -5.970251780529e-01, 1.016217575221e-06, 1.1078e+01, 3.2396e-01, 
 2DIAGNOSTIC,    24, -5.970258421538e-01, 1.068261515164e-06, 1.1391e+01, 3.1367e-01, 
 2DIAGNOSTIC,    25, -5.970290463552e-01, 1.169008012308e-06, 1.1671e+01, 2.7933e-01, 
 2DIAGNOSTIC,    26, -5.970317529812e-01, 1.289902612833e-06, 1.2054e+01, 3.8382e-01, 
