
##########################
# Experiment information #
##########################

EXPERIMENT_NAME: antsRegistration-r8-p14
VFC_BACKENDS: libinterflop_vprec.so --range-binary32=8 --precision-binary32=14 --range-binary64=8 --precision-binary64=14

SIF_IMG: /home/mdugre/projects/rrg-glatard/mdugre/containers/ants-vprec-no_metrics.simg

SUBJECT_ID: s025
INPUT_IMG: /home/mdugre/scratch/mri-registration-rp/datasets/ds004513/derivatives/mri-registration-rp/antsBrainExtraction/sub-s025/BrainExtractionBrain.nii.gz
OUTPUT_DIR: /home/mdugre/scratch/mri-registration-rp/datasets/ds004513/derivatives/mri-registration-rp/0100/antsRegistration-r8-p14/sub-s025

FIXED_IMG: /templateflow/tpl-MNI152NLin2009cAsym/tpl-MNI152NLin2009cAsym_res-01_desc-brain_T1w.nii.gz
DATA_DIR: /home/mdugre/scratch/mri-registration-rp/datasets/ds004513
TEMPLATEFLOW_DIR: /home/mdugre/projects/rrg-glatard/mdugre/templateflow
ITK_GLOBAL_DEFAULT_NUMBER_OF_THREADS: 16
##########################

Info [verificarlo]: loaded backend libinterflop_ieee.so
Info [interflop-ieee]: load backend with:
Info [interflop-ieee]: debug = false
Info [interflop-ieee]: debug-binary = false
Info [interflop-ieee]: no-backend-name = false
Info [interflop-ieee]: print-new-line = false
Info [interflop-ieee]: print-subnormal-normalized = false
Info [interflop-ieee]: count-op = false
All_Command_lines_OK
Using double precision for computations.
=============================================================================
The composite transform comprises the following transforms (in order): 
  1. Center of mass alignment using fixed image: /templateflow/tpl-MNI152NLin2009cAsym/tpl-MNI152NLin2009cAsym_res-01_desc-brain_T1w.nii.gz and moving image: /home/mdugre/scratch/mri-registration-rp/datasets/ds004513/derivatives/mri-registration-rp/antsBrainExtraction/sub-s025/BrainExtractionBrain.nii.gz (type = Euler3DTransform)
=============================================================================
  number of levels = 1
  fixed image: /templateflow/tpl-MNI152NLin2009cAsym/tpl-MNI152NLin2009cAsym_res-01_desc-brain_T1w.nii.gz
  moving image: /home/mdugre/scratch/mri-registration-rp/datasets/ds004513/derivatives/mri-registration-rp/antsBrainExtraction/sub-s025/BrainExtractionBrain.nii.gz
Dimension = 3
Number of stages = 1
Use histogram matching = false
Winsorize image intensities = true
  Lower quantile = 0.005
  Upper quantile = 0.995


Stage 1 State
   Image metric = MattesMI
     Fixed image = Image (0x4916e70)
  RTTI typeinfo:   itk::Image<double, 3u>
  Reference Count: 2
  Modified Time: 2334
  Debug: Off
  Object Name: 
  Observers: 
    none
  Source: (none)
  Source output name: (none)
  Release Data: Off
  Data Released: False
  Global Release Data: Off
  PipelineMTime: 0
  UpdateMTime: 1943
  RealTimeStamp: 0 seconds 
  LargestPossibleRegion: 
    Dimension: 3
    Index: [0, 0, 0]
    Size: [193, 229, 193]
  BufferedRegion: 
    Dimension: 3
    Index: [0, 0, 0]
    Size: [193, 229, 193]
  RequestedRegion: 
    Dimension: 3
    Index: [0, 0, 0]
    Size: [193, 229, 193]
  Spacing: [1, 1, 1]
  Origin: [96, 132, -78]
  Direction: 
-1 0 0
0 -1 0
0 0 1

  IndexToPointMatrix: 
-1 0 0
0 -1 0
0 0 1

  PointToIndexMatrix: 
-1 0 0
0 -1 0
0 0 1

  Inverse Direction: 
-1 0 0
0 -1 0
0 0 1

  PixelContainer: 
    ImportImageContainer (0x491fc60)
      RTTI typeinfo:   itk::ImportImageContainer<unsigned long, double>
      Reference Count: 1
      Modified Time: 1940
      Debug: Off
      Object Name: 
      Observers: 
        none
      Pointer: 0x14c6199aa010
      Container manages memory: true
      Size: 8530021
      Capacity: 8530021

     Moving image = Image (0x4922610)
  RTTI typeinfo:   itk::Image<double, 3u>
  Reference Count: 2
  Modified Time: 2335
  Debug: Off
  Object Name: 
  Observers: 
    none
  Source: (none)
  Source output name: (none)
  Release Data: Off
  Data Released: False
  Global Release Data: Off
  PipelineMTime: 0
  UpdateMTime: 2332
  RealTimeStamp: 0 seconds 
  LargestPossibleRegion: 
    Dimension: 3
    Index: [0, 0, 0]
    Size: [176, 240, 256]
  BufferedRegion: 
    Dimension: 3
    Index: [0, 0, 0]
    Size: [176, 240, 256]
  RequestedRegion: 
    Dimension: 3
    Index: [0, 0, 0]
    Size: [176, 240, 256]
  Spacing: [0.999999, 1, 1]
  Origin: [90.3778, 84.5091, -154.071]
  Direction: 
-0.999391 7.48184e-06 -0.0348969
-7.47664e-06 -1 -2.7953e-07
-0.0348969 -1.84481e-08 0.999391

  IndexToPointMatrix: 
-0.99939 7.48184e-06 -0.0348969
-7.47663e-06 -1 -2.7953e-07
-0.0348968 -1.84481e-08 0.999391

  PointToIndexMatrix: 
-0.999392 -7.47665e-06 -0.0348969
7.48184e-06 -1 -1.84481e-08
-0.0348969 -2.7953e-07 0.999391

  Inverse Direction: 
-0.999391 -7.47664e-06 -0.0348969
7.48184e-06 -1 -1.84481e-08
-0.0348969 -2.7953e-07 0.999391

  PixelContainer: 
    ImportImageContainer (0x49bbef0)
      RTTI typeinfo:   itk::ImportImageContainer<unsigned long, double>
      Reference Count: 1
      Modified Time: 2329
      Debug: Off
      Object Name: 
      Observers: 
        none
      Pointer: 0x14c614729010
      Container manages memory: true
      Size: 10813440
      Capacity: 10813440

     Weighting = 1
     Sampling strategy = regular
     Number of bins = 32
     Radius = 4
     Sampling percentage  = 0.25
   Transform = Rigid
     Gradient step = 0.1
     Update field sigma (voxel space) = 0
     Total field sigma (voxel space) = 0
     Update field time sigma = 0
     Total field time sigma  = 0
     Number of time indices = 0
     Number of time point samples = 0
Registration using 1 total stages.

Stage 0
  iterations = 0
  convergence threshold = 1e-06
  convergence window size = 10
  number of levels = 1
  using the Mattes MI metric (number of bins = 32, weight = 1, use gradient filter = 0)
  preprocessing:  winsorizing the image intensities
  Shrink factors (level 1 out of 1): [1, 1, 1]
  smoothing sigmas per level: [0]
  regular sampling (percentage = 0.25)

*** Running Euler3DTransform registration ***

  Elapsed time (stage 0): 1.10713


Total elapsed time: 1.10947
Info [verificarlo]: loaded backend libinterflop_vprec.so
Info [interflop-vprec]: load backend with: 
Info [interflop-vprec]: precision-binary32 = 14
Info [interflop-vprec]: range-binary32 = 8
Info [interflop-vprec]: precision-binary64 = 14
Info [interflop-vprec]: range-binary64 = 8
Info [interflop-vprec]: mode = ob
Info [interflop-vprec]: error-mode = rel
Info [interflop-vprec]: max-abs-error-exponent = -1022
Info [interflop-vprec]: daz = false
Info [interflop-vprec]: ftz = false
Info [interflop-vprec]: 	instrument = none
Info [interflop-vprec]: 	prec-input-file = (null)
Info [interflop-vprec]: 	prec-output-file = (null)
Info [interflop-vprec]: 	prec-log-file = (null)
All_Command_lines_OK
Using double precision for computations.
=============================================================================
The composite transform comprises the following transforms (in order): 
  1. /home/mdugre/scratch/mri-registration-rp/datasets/ds004513/derivatives/mri-registration-rp/0100/antsRegistration-r8-p14/sub-s025/align_Composite.h5[0] (type = Euler3DTransform)
  2. /home/mdugre/scratch/mri-registration-rp/datasets/ds004513/derivatives/mri-registration-rp/0100/antsRegistration-r8-p14/sub-s025/align_Composite.h5[1] (type = Euler3DTransform)
=============================================================================
  number of levels = 4
  fixed image: /templateflow/tpl-MNI152NLin2009cAsym/tpl-MNI152NLin2009cAsym_res-01_desc-brain_T1w.nii.gz
  moving image: /home/mdugre/scratch/mri-registration-rp/datasets/ds004513/derivatives/mri-registration-rp/antsBrainExtraction/sub-s025/BrainExtractionBrain.nii.gz
Dimension = 3
Number of stages = 1
Use histogram matching = false
Winsorize image intensities = true
  Lower quantile = 0.005
  Upper quantile = 0.995


Stage 1 State
   Image metric = MattesMI
     Fixed image = Image (0x39431e0)
  RTTI typeinfo:   itk::Image<double, 3u>
  Reference Count: 2
  Modified Time: 1578
  Debug: Off
  Object Name: 
  Observers: 
    none
  Source: (none)
  Source output name: (none)
  Release Data: Off
  Data Released: False
  Global Release Data: Off
  PipelineMTime: 0
  UpdateMTime: 1189
  RealTimeStamp: 0 seconds 
  LargestPossibleRegion: 
    Dimension: 3
    Index: [0, 0, 0]
    Size: [193, 229, 193]
  BufferedRegion: 
    Dimension: 3
    Index: [0, 0, 0]
    Size: [193, 229, 193]
  RequestedRegion: 
    Dimension: 3
    Index: [0, 0, 0]
    Size: [193, 229, 193]
  Spacing: [1, 1, 1]
  Origin: [96, 132, -78]
  Direction: 
-1 0 0
0 -1 0
0 0 1

  IndexToPointMatrix: 
-1 0 0
0 -1 0
0 0 1

  PointToIndexMatrix: 
-1 0 0
0 -1 0
0 0 1

  Inverse Direction: 
-1 0 0
0 -1 0
0 0 1

  PixelContainer: 
    ImportImageContainer (0x3a02680)
      RTTI typeinfo:   itk::ImportImageContainer<unsigned long, double>
      Reference Count: 1
      Modified Time: 1186
      Debug: Off
      Object Name: 
      Observers: 
        none
      Pointer: 0x153569650010
      Container manages memory: true
      Size: 8530021
      Capacity: 8530021

     Moving image = Image (0x39feb20)
  RTTI typeinfo:   itk::Image<double, 3u>
  Reference Count: 2
  Modified Time: 1579
  Debug: Off
  Object Name: 
  Observers: 
    none
  Source: (none)
  Source output name: (none)
  Release Data: Off
  Data Released: False
  Global Release Data: Off
  PipelineMTime: 0
  UpdateMTime: 1576
  RealTimeStamp: 0 seconds 
  LargestPossibleRegion: 
    Dimension: 3
    Index: [0, 0, 0]
    Size: [176, 240, 256]
  BufferedRegion: 
    Dimension: 3
    Index: [0, 0, 0]
    Size: [176, 240, 256]
  RequestedRegion: 
    Dimension: 3
    Index: [0, 0, 0]
    Size: [176, 240, 256]
  Spacing: [1, 1, 1]
  Origin: [90.3789, 84.5078, -154.07]
  Direction: 
-0.99939 7.48178e-06 -0.0348969
-7.47666e-06 -1 -2.79528e-07
-0.0348969 -1.84482e-08 0.99939

  IndexToPointMatrix: 
-0.99939 7.48178e-06 -0.0348969
-7.47666e-06 -1 -2.79528e-07
-0.0348969 -1.84482e-08 0.99939

  PointToIndexMatrix: 
-0.99939 -7.47666e-06 -0.0348969
7.47666e-06 -1 1.3411e-07
-0.0348969 -1.30385e-07 0.99939

  Inverse Direction: 
-0.99939 -7.47666e-06 -0.0348969
7.47666e-06 -1 1.3411e-07
-0.0348969 -1.30385e-07 0.99939

  PixelContainer: 
    ImportImageContainer (0x3a67d50)
      RTTI typeinfo:   itk::ImportImageContainer<unsigned long, double>
      Reference Count: 1
      Modified Time: 1573
      Debug: Off
      Object Name: 
      Observers: 
        none
      Pointer: 0x1535643cf010
      Container manages memory: true
      Size: 10813440
      Capacity: 10813440

     Weighting = 1
     Sampling strategy = regular
     Number of bins = 32
     Radius = 4
     Sampling percentage  = 0.25
   Transform = Rigid
     Gradient step = 0.1
     Update field sigma (voxel space) = 0
     Total field sigma (voxel space) = 0
     Update field time sigma = 0
     Total field time sigma  = 0
     Number of time indices = 0
     Number of time point samples = 0
Registration using 1 total stages.

Stage 0
  iterations = 1000x500x250x100
  convergence threshold = 1e-06
  convergence window size = 10
  number of levels = 4
  using the Mattes MI metric (number of bins = 32, weight = 1, use gradient filter = 0)
  preprocessing:  winsorizing the image intensities
  Shrink factors (level 1 out of 4): [8, 8, 8]
  Shrink factors (level 2 out of 4): [4, 4, 4]
  Shrink factors (level 3 out of 4): [2, 2, 2]
  Shrink factors (level 4 out of 4): [1, 1, 1]
  smoothing sigmas per level: [3, 2, 1, 0]
  regular sampling (percentage = 0.25)

*** Running Euler3DTransform registration ***

DIAGNOSTIC,Iteration,metricValue,convergenceValue,ITERATION_TIME_INDEX,SINCE_LAST
 2DIAGNOSTIC,     1, -5.323186841828e-01, 1.797693134862e+308, 0.0000e+00, 0.0000e+00, 
 2DIAGNOSTIC,     2, -5.341327759246e-01, 1.797693134862e+308, 0.0000e+00, 0.0000e+00, 
 2DIAGNOSTIC,     3, -5.370948978486e-01, 1.797693134862e+308, 0.0000e+00, 0.0000e+00, 
 2DIAGNOSTIC,     4, -5.414271587679e-01, 1.797693134862e+308, 0.0000e+00, 0.0000e+00, 
 2DIAGNOSTIC,     5, -5.492581347479e-01, 1.797693134862e+308, 0.0000e+00, 0.0000e+00, 
 2DIAGNOSTIC,     6, -5.550399861855e-01, 1.797693134862e+308, 0.0000e+00, 0.0000e+00, 
 2DIAGNOSTIC,     7, -5.636179268527e-01, 1.797693134862e+308, 0.0000e+00, 0.0000e+00, 
 2DIAGNOSTIC,     8, -5.771925645815e-01, 1.797693134862e+308, 0.0000e+00, 0.0000e+00, 
 2DIAGNOSTIC,     9, -5.898373480241e-01, 1.797693134862e+308, 0.0000e+00, 0.0000e+00, 
 2DIAGNOSTIC,    10, -5.993227237005e-01, 7.905672302869e-03, 0.0000e+00, 0.0000e+00, 
 2DIAGNOSTIC,    11, -6.067163862717e-01, 8.061100829359e-03, 0.0000e+00, 0.0000e+00, 
 2DIAGNOSTIC,    12, -6.170631787054e-01, 7.967044722889e-03, 0.0000e+00, 0.0000e+00, 
 2DIAGNOSTIC,    13, -6.459156976486e-01, 8.349115684382e-03, 0.0000e+00, 0.0000e+00, 
 2DIAGNOSTIC,    14, -6.560519863725e-01, 8.384981016510e-03, 0.0000e+00, 0.0000e+00, 
 2DIAGNOSTIC,    15, -6.848538671054e-01, 8.821139201889e-03, 0.0000e+00, 0.0000e+00, 
 2DIAGNOSTIC,    16, -6.874712032774e-01, 8.634320102211e-03, 0.0000e+00, 0.0000e+00, 
 2DIAGNOSTIC,    17, -6.900783468662e-01, 7.997425910514e-03, 0.0000e+00, 0.0000e+00, 
 2DIAGNOSTIC,    18, -6.923438006863e-01, 7.115356284907e-03, 0.0000e+00, 0.0000e+00, 
 2DIAGNOSTIC,    19, -6.993801596170e-01, 6.155689174568e-03, 0.0000e+00, 0.0000e+00, 
 2DIAGNOSTIC,    20, -7.015131514985e-01, 4.999900622733e-03, 0.0000e+00, 0.0000e+00, 
 2DIAGNOSTIC,    21, -7.056381031968e-01, 3.760641247826e-03, 0.0000e+00, 0.0000e+00, 
 2DIAGNOSTIC,    22, -7.091856029187e-01, 2.583022374502e-03, 0.0000e+00, 0.0000e+00, 
 2DIAGNOSTIC,    23, -7.100718760967e-01, 1.869075276244e-03, 0.0000e+00, 0.0000e+00, 
 2DIAGNOSTIC,    24, -7.112381051668e-01, 1.245796099633e-03, 0.0000e+00, 0.0000e+00, 
 2DIAGNOSTIC,    25, -7.127767279113e-01, 1.106851063274e-03, 0.0000e+00, 0.0000e+00, 
 2DIAGNOSTIC,    26, -7.131167285699e-01, 9.265999466355e-04, 0.0000e+00, 0.0000e+00, 
 2DIAGNOSTIC,    27, -7.129490467552e-01, 7.147924763973e-04, 0.0000e+00, 0.0000e+00, 
 2DIAGNOSTIC,    28, -7.132739586805e-01, 4.920900623287e-04, 0.0000e+00, 0.0000e+00, 
 2DIAGNOSTIC,    29, -7.141002068345e-01, 3.601328259588e-04, 0.0000e+00, 0.0000e+00, 
 2DIAGNOSTIC,    30, -7.154706599839e-01, 2.537574726139e-04, 0.0000e+00, 0.0000e+00, 
 2DIAGNOSTIC,    31, -7.229943626671e-01, 2.942566199748e-04, 0.0000e+00, 0.0000e+00, 
 2DIAGNOSTIC,    32, -7.464067446013e-01, 6.691084022871e-04, 0.0000e+00, 0.0000e+00, 
 2DIAGNOSTIC,    33, -7.512602335859e-01, 1.022711371459e-03, 0.0000e+00, 0.0000e+00, 
 2DIAGNOSTIC,    34, -7.513603197759e-01, 1.274636576417e-03, 0.0000e+00, 0.0000e+00, 
 2DIAGNOSTIC,    35, -7.512856325158e-01, 1.412284396657e-03, 0.0000e+00, 0.0000e+00, 
 2DIAGNOSTIC,    36, -7.514648145853e-01, 1.412356563747e-03, 0.0000e+00, 0.0000e+00, 
 2DIAGNOSTIC,    37, -7.516446828661e-01, 1.273835099604e-03, 0.0000e+00, 0.0000e+00, 
 2DIAGNOSTIC,    38, -7.515248004897e-01, 1.024344399191e-03, 0.0000e+00, 0.0000e+00, 
 2DIAGNOSTIC,    39, -7.516616131625e-01, 7.070613388952e-04, 0.0000e+00, 0.0000e+00, 
 2DIAGNOSTIC,    40, -7.517077162236e-01, 3.568955436213e-04, 0.0000e+00, 0.0000e+00, 
 2DIAGNOSTIC,    41, -7.517466580664e-01, 6.341332193686e-05, 0.0000e+00, 0.0000e+00, 
 2DIAGNOSTIC,    42, -7.516145027865e-01, 1.139426971862e-05, 0.0000e+00, 0.0000e+00, 
 2DIAGNOSTIC,    43, -7.516796044590e-01, 9.111898772608e-06, 0.0000e+00, 0.0000e+00, 
 2DIAGNOSTIC,    44, -7.517258708308e-01, 7.562594879357e-06, 0.0000e+00, 0.0000e+00, 
 2DIAGNOSTIC,    45, -7.517218793980e-01, 4.623184140302e-06, 0.0000e+00, 0.0000e+00, 
 2DIAGNOSTIC,    46, -7.517218793980e-01, 3.047909361221e-06, 0.0000e+00, 0.0000e+00, 
 2DIAGNOSTIC,    47, -7.517218793980e-01, 2.987374441144e-06, 0.0000e+00, 0.0000e+00, 
 2DIAGNOSTIC,    48, -7.517212259028e-01, 1.636125282894e-06, 0.0000e+00, 0.0000e+00, 
 2DIAGNOSTIC,    49, -7.517212259028e-01, 1.375014969135e-06, 0.0000e+00, 0.0000e+00, 
 2DIAGNOSTIC,    50, -7.517188838546e-01, 1.403179785909e-06, 0.0000e+00, 0.0000e+00, 
 2DIAGNOSTIC,    51, -7.517188838546e-01, 1.715453243491e-06, 0.0000e+00, 0.0000e+00, 
DIAGNOSTIC,Iteration,metricValue,convergenceValue,ITERATION_TIME_INDEX,SINCE_LAST
 2DIAGNOSTIC,     1, -5.978919004205e-01, 1.797693134862e+308, 0.0000e+00, 0.0000e+00, 
 2DIAGNOSTIC,     2, -5.986623995903e-01, 1.797693134862e+308, 0.0000e+00, 0.0000e+00, 
 2DIAGNOSTIC,     3, -5.996937037221e-01, 1.797693134862e+308, 0.0000e+00, 0.0000e+00, 
 2DIAGNOSTIC,     4, -6.007697672936e-01, 1.797693134862e+308, 0.0000e+00, 0.0000e+00, 
 2DIAGNOSTIC,     5, -6.018669520655e-01, 1.797693134862e+308, 0.0000e+00, 0.0000e+00, 
 2DIAGNOSTIC,     6, -6.028632015218e-01, 1.797693134862e+308, 0.0000e+00, 0.0000e+00, 
 2DIAGNOSTIC,     7, -6.041067041675e-01, 1.797693134862e+308, 0.0000e+00, 0.0000e+00, 
 2DIAGNOSTIC,     8, -6.058333084200e-01, 1.797693134862e+308, 0.0000e+00, 0.0000e+00, 
 2DIAGNOSTIC,     9, -6.068062219898e-01, 1.797693134862e+308, 0.0000e+00, 0.0000e+00, 
 2DIAGNOSTIC,    10, -6.073517959074e-01, 1.069207256135e-03, 0.0000e+00, 0.0000e+00, 
 2DIAGNOSTIC,    11, -6.085068557405e-01, 9.806719039413e-04, 0.0000e+00, 0.0000e+00, 
 2DIAGNOSTIC,    12, -6.094149569564e-01, 8.835522708049e-04, 0.0000e+00, 0.0000e+00, 
 2DIAGNOSTIC,    13, -6.107346569078e-01, 8.054359692384e-04, 0.0000e+00, 0.0000e+00, 
 2DIAGNOSTIC,    14, -6.123599594812e-01, 7.551669535077e-04, 0.0000e+00, 0.0000e+00, 
 2DIAGNOSTIC,    15, -6.129764563434e-01, 6.960047515818e-04, 0.0000e+00, 0.0000e+00, 
 2DIAGNOSTIC,    16, -6.137579061321e-01, 6.327906848517e-04, 0.0000e+00, 0.0000e+00, 
 2DIAGNOSTIC,    17, -6.148798109380e-01, 5.830647490489e-04, 0.0000e+00, 0.0000e+00, 
 2DIAGNOSTIC,    18, -6.154529746985e-01, 5.438625811254e-04, 0.0000e+00, 0.0000e+00, 
 2DIAGNOSTIC,    19, -6.158331637899e-01, 4.916542736154e-04, 0.0000e+00, 0.0000e+00, 
 2DIAGNOSTIC,    20, -6.162613986663e-01, 4.218429544941e-04, 0.0000e+00, 0.0000e+00, 
 2DIAGNOSTIC,    21, -6.176930404890e-01, 3.771133107880e-04, 0.0000e+00, 0.0000e+00, 
 2DIAGNOSTIC,    22, -6.190015650361e-01, 3.471532042215e-04, 0.0000e+00, 0.0000e+00, 
 2DIAGNOSTIC,    23, -6.192190087889e-01, 3.175681725469e-04, 0.0000e+00, 0.0000e+00, 
 2DIAGNOSTIC,    24, -6.194884415952e-01, 2.982949814357e-04, 0.0000e+00, 0.0000e+00, 
 2DIAGNOSTIC,    25, -6.196207919225e-01, 2.667126605219e-04, 0.0000e+00, 0.0000e+00, 
 2DIAGNOSTIC,    26, -6.204583998572e-01, 2.407816797021e-04, 0.0000e+00, 0.0000e+00, 
 2DIAGNOSTIC,    27, -6.207076911381e-01, 2.169892251787e-04, 0.0000e+00, 0.0000e+00, 
 2DIAGNOSTIC,    28, -6.209457254063e-01, 1.882582100175e-04, 0.0000e+00, 0.0000e+00, 
 2DIAGNOSTIC,    29, -6.209450837345e-01, 1.504374478784e-04, 0.0000e+00, 0.0000e+00, 
 2DIAGNOSTIC,    30, -6.209521077217e-01, 1.074657835410e-04, 0.0000e+00, 0.0000e+00, 
 2DIAGNOSTIC,    31, -6.209430909308e-01, 7.790436187308e-05, 0.0000e+00, 0.0000e+00, 
 2DIAGNOSTIC,    32, -6.209435648685e-01, 6.178508053396e-05, 0.0000e+00, 0.0000e+00, 
 2DIAGNOSTIC,    33, -6.209436796511e-01, 4.397993401845e-05, 0.0000e+00, 0.0000e+00, 
 2DIAGNOSTIC,    34, -6.209436065518e-01, 2.694757710191e-05, 0.0000e+00, 0.0000e+00, 
 2DIAGNOSTIC,    35, -6.209384828081e-01, 9.880655935112e-06, 0.0000e+00, 0.0000e+00, 
 2DIAGNOSTIC,    36, -6.209385923553e-01, 3.645335334212e-06, 0.0000e+00, 0.0000e+00, 
DIAGNOSTIC,Iteration,metricValue,convergenceValue,ITERATION_TIME_INDEX,SINCE_LAST
 2DIAGNOSTIC,     1, -5.342559869475e-01, 1.797693134862e+308, 0.0000e+00, 0.0000e+00, 
 2DIAGNOSTIC,     2, -5.343135427342e-01, 1.797693134862e+308, 0.0000e+00, 0.0000e+00, 
 2DIAGNOSTIC,     3, -5.343386296327e-01, 1.797693134862e+308, 0.0000e+00, 0.0000e+00, 
 2DIAGNOSTIC,     4, -5.343592320414e-01, 1.797693134862e+308, 0.0000e+00, 0.0000e+00, 
 2DIAGNOSTIC,     5, -5.344037375189e-01, 1.797693134862e+308, 0.0000e+00, 0.0000e+00, 
 2DIAGNOSTIC,     6, -5.344435499577e-01, 1.797693134862e+308, 0.0000e+00, 0.0000e+00, 
 2DIAGNOSTIC,     7, -5.344851679307e-01, 1.797693134862e+308, 0.0000e+00, 0.0000e+00, 
 2DIAGNOSTIC,     8, -5.345190480185e-01, 1.797693134862e+308, 0.0000e+00, 0.0000e+00, 
 2DIAGNOSTIC,     9, -5.345793754779e-01, 1.797693134862e+308, 0.0000e+00, 0.0000e+00, 
 2DIAGNOSTIC,    10, -5.347143986920e-01, 4.984796536288e-05, 0.0000e+00, 0.0000e+00, 
 2DIAGNOSTIC,    11, -5.353203592500e-01, 7.758290248036e-05, 0.0000e+00, 0.0000e+00, 
 2DIAGNOSTIC,    12, -5.354931082928e-01, 1.034865681013e-04, 0.0000e+00, 0.0000e+00, 
 2DIAGNOSTIC,    13, -5.355664772038e-01, 1.204711908908e-04, 0.0000e+00, 0.0000e+00, 
 2DIAGNOSTIC,    14, -5.355759683070e-01, 1.257374684258e-04, 0.0000e+00, 0.0000e+00, 
 2DIAGNOSTIC,    15, -5.355415259322e-01, 1.193182028339e-04, 0.0000e+00, 0.0000e+00, 
 2DIAGNOSTIC,    16, -5.355594750904e-01, 1.045633099283e-04, 0.0000e+00, 0.0000e+00, 
 2DIAGNOSTIC,    17, -5.355739654629e-01, 8.370810777179e-05, 0.0000e+00, 0.0000e+00, 
 2DIAGNOSTIC,    18, -5.355739654629e-01, 5.880826110381e-05, 0.0000e+00, 0.0000e+00, 
 2DIAGNOSTIC,    19, -5.355698745311e-01, 3.298484447988e-05, 0.0000e+00, 0.0000e+00, 
 2DIAGNOSTIC,    20, -5.355700737412e-01, 1.006331999388e-05, 0.0000e+00, 0.0000e+00, 
 2DIAGNOSTIC,    21, -5.355701455478e-01, 3.749524204941e-06, 0.0000e+00, 0.0000e+00, 
 2DIAGNOSTIC,    22, -5.355701478629e-01, 1.890040779336e-06, 0.0000e+00, 0.0000e+00, 
 2DIAGNOSTIC,    23, -5.355775405596e-01, 1.994581047694e-06, 0.0000e+00, 0.0000e+00, 
 2DIAGNOSTIC,    24, -5.355791544972e-01, 2.296556322640e-06, 0.0000e+00, 0.0000e+00, 
 2DIAGNOSTIC,    25, -5.355791544972e-01, 1.734759509098e-06, 0.0000e+00, 0.0000e+00, 
 2DIAGNOSTIC,    26, -5.355791544972e-01, 1.522165139142e-06, 0.0000e+00, 0.0000e+00, 
 2DIAGNOSTIC,    27, -5.355791544972e-01, 1.571470062148e-06, 0.0000e+00, 0.0000e+00, 
 2DIAGNOSTIC,    28, -5.355781138517e-01, 1.550765355324e-06, 0.0000e+00, 0.0000e+00, 
 2DIAGNOSTIC,    29, -5.355781138517e-01, 1.407714416500e-06, 0.0000e+00, 0.0000e+00, 
 2DIAGNOSTIC,    30, -5.355781138517e-01, 1.241272230855e-06, 0.0000e+00, 0.0000e+00, 
 2DIAGNOSTIC,    31, -5.355782187697e-01, 1.064602884987e-06, 0.0000e+00, 0.0000e+00, 
DIAGNOSTIC,Iteration,metricValue,convergenceValue,ITERATION_TIME_INDEX,SINCE_LAST
 2DIAGNOSTIC,     1, -4.891644477202e-01, 1.797693134862e+308, 0.0000e+00, 0.0000e+00, 
 2DIAGNOSTIC,     2, -4.892543069598e-01, 1.797693134862e+308, 0.0000e+00, 0.0000e+00, 
 2DIAGNOSTIC,     3, -4.894568476436e-01, 1.797693134862e+308, 0.0000e+00, 0.0000e+00, 
 2DIAGNOSTIC,     4, -4.896018429445e-01, 1.797693134862e+308, 0.0000e+00, 0.0000e+00, 
 2DIAGNOSTIC,     5, -4.896491757510e-01, 1.797693134862e+308, 0.0000e+00, 0.0000e+00, 
 2DIAGNOSTIC,     6, -4.896657172551e-01, 1.797693134862e+308, 0.0000e+00, 0.0000e+00, 
 2DIAGNOSTIC,     7, -4.896642028085e-01, 1.797693134862e+308, 0.0000e+00, 0.0000e+00, 
 2DIAGNOSTIC,     8, -4.896561155651e-01, 1.797693134862e+308, 0.0000e+00, 0.0000e+00, 
 2DIAGNOSTIC,     9, -4.896545143105e-01, 1.797693134862e+308, 0.0000e+00, 0.0000e+00, 
 2DIAGNOSTIC,    10, -4.896505658310e-01, 6.139984275266e-05, 0.0000e+00, 0.0000e+00, 
 2DIAGNOSTIC,    11, -4.896482234246e-01, 3.447489583940e-05, 0.0000e+00, 0.0000e+00, 
 2DIAGNOSTIC,    12, -4.896518066783e-01, 1.354507923280e-05, 0.0000e+00, 0.0000e+00, 
 2DIAGNOSTIC,    13, -4.896472759421e-01, 3.523885166154e-06, 0.0000e+00, 0.0000e+00, 
  Elapsed time (stage 0): 0.0000e+00


Total elapsed time: 0.0000e+00
Info [verificarlo]: loaded backend libinterflop_ieee.so
Info [interflop-ieee]: load backend with:
Info [interflop-ieee]: debug = false
Info [interflop-ieee]: debug-binary = false
Info [interflop-ieee]: no-backend-name = false
Info [interflop-ieee]: print-new-line = false
Info [interflop-ieee]: print-subnormal-normalized = false
Info [interflop-ieee]: count-op = false
All_Command_lines_OK
Using double precision for computations.
=============================================================================
The composite transform comprises the following transforms (in order): 
  1. /home/mdugre/scratch/mri-registration-rp/datasets/ds004513/derivatives/mri-registration-rp/0100/antsRegistration-r8-p14/sub-s025/rigid_Composite.h5[0] (type = Euler3DTransform)
  2. /home/mdugre/scratch/mri-registration-rp/datasets/ds004513/derivatives/mri-registration-rp/0100/antsRegistration-r8-p14/sub-s025/rigid_Composite.h5[1] (type = Euler3DTransform)
  3. /home/mdugre/scratch/mri-registration-rp/datasets/ds004513/derivatives/mri-registration-rp/0100/antsRegistration-r8-p14/sub-s025/rigid_Composite.h5[2] (type = Euler3DTransform)
=============================================================================
  number of levels = 4
  fixed image: /templateflow/tpl-MNI152NLin2009cAsym/tpl-MNI152NLin2009cAsym_res-01_desc-brain_T1w.nii.gz
  moving image: /home/mdugre/scratch/mri-registration-rp/datasets/ds004513/derivatives/mri-registration-rp/antsBrainExtraction/sub-s025/BrainExtractionBrain.nii.gz
Dimension = 3
Number of stages = 1
Use histogram matching = false
Winsorize image intensities = true
  Lower quantile = 0.005
  Upper quantile = 0.995


Stage 1 State
   Image metric = MattesMI
     Fixed image = Image (0x33027e0)
  RTTI typeinfo:   itk::Image<double, 3u>
  Reference Count: 2
  Modified Time: 1594
  Debug: Off
  Object Name: 
  Observers: 
    none
  Source: (none)
  Source output name: (none)
  Release Data: Off
  Data Released: False
  Global Release Data: Off
  PipelineMTime: 0
  UpdateMTime: 1203
  RealTimeStamp: 0 seconds 
  LargestPossibleRegion: 
    Dimension: 3
    Index: [0, 0, 0]
    Size: [193, 229, 193]
  BufferedRegion: 
    Dimension: 3
    Index: [0, 0, 0]
    Size: [193, 229, 193]
  RequestedRegion: 
    Dimension: 3
    Index: [0, 0, 0]
    Size: [193, 229, 193]
  Spacing: [1, 1, 1]
  Origin: [96, 132, -78]
  Direction: 
-1 0 0
0 -1 0
0 0 1

  IndexToPointMatrix: 
-1 0 0
0 -1 0
0 0 1

  PointToIndexMatrix: 
-1 0 0
0 -1 0
0 0 1

  Inverse Direction: 
-1 0 0
0 -1 0
0 0 1

  PixelContainer: 
    ImportImageContainer (0x33c2a20)
      RTTI typeinfo:   itk::ImportImageContainer<unsigned long, double>
      Reference Count: 1
      Modified Time: 1200
      Debug: Off
      Object Name: 
      Observers: 
        none
      Pointer: 0x14943c551010
      Container manages memory: true
      Size: 8530021
      Capacity: 8530021

     Moving image = Image (0x3375cf0)
  RTTI typeinfo:   itk::Image<double, 3u>
  Reference Count: 2
  Modified Time: 1595
  Debug: Off
  Object Name: 
  Observers: 
    none
  Source: (none)
  Source output name: (none)
  Release Data: Off
  Data Released: False
  Global Release Data: Off
  PipelineMTime: 0
  UpdateMTime: 1592
  RealTimeStamp: 0 seconds 
  LargestPossibleRegion: 
    Dimension: 3
    Index: [0, 0, 0]
    Size: [176, 240, 256]
  BufferedRegion: 
    Dimension: 3
    Index: [0, 0, 0]
    Size: [176, 240, 256]
  RequestedRegion: 
    Dimension: 3
    Index: [0, 0, 0]
    Size: [176, 240, 256]
  Spacing: [0.999999, 1, 1]
  Origin: [90.3778, 84.5091, -154.071]
  Direction: 
-0.999391 7.48184e-06 -0.0348969
-7.47664e-06 -1 -2.7953e-07
-0.0348969 -1.84481e-08 0.999391

  IndexToPointMatrix: 
-0.99939 7.48184e-06 -0.0348969
-7.47663e-06 -1 -2.7953e-07
-0.0348968 -1.84481e-08 0.999391

  PointToIndexMatrix: 
-0.999392 -7.47665e-06 -0.0348969
7.48184e-06 -1 -1.84481e-08
-0.0348969 -2.7953e-07 0.999391

  Inverse Direction: 
-0.999391 -7.47664e-06 -0.0348969
7.48184e-06 -1 -1.84481e-08
-0.0348969 -2.7953e-07 0.999391

  PixelContainer: 
    ImportImageContainer (0x33f1550)
      RTTI typeinfo:   itk::ImportImageContainer<unsigned long, double>
      Reference Count: 1
      Modified Time: 1589
      Debug: Off
      Object Name: 
      Observers: 
        none
      Pointer: 0x1494372d0010
      Container manages memory: true
      Size: 10813440
      Capacity: 10813440

     Weighting = 1
     Sampling strategy = regular
     Number of bins = 32
     Radius = 4
     Sampling percentage  = 0.25
   Transform = Affine
     Gradient step = 0.1
     Update field sigma (voxel space) = 0
     Total field sigma (voxel space) = 0
     Update field time sigma = 0
     Total field time sigma  = 0
     Number of time indices = 0
     Number of time point samples = 0
Registration using 1 total stages.

Stage 0
  iterations = 1000x500x250x100
  convergence threshold = 1e-06
  convergence window size = 10
  number of levels = 4
  using the Mattes MI metric (number of bins = 32, weight = 1, use gradient filter = 0)
  preprocessing:  winsorizing the image intensities
  Shrink factors (level 1 out of 4): [8, 8, 8]
  Shrink factors (level 2 out of 4): [4, 4, 4]
  Shrink factors (level 3 out of 4): [2, 2, 2]
  Shrink factors (level 4 out of 4): [1, 1, 1]
  smoothing sigmas per level: [3, 2, 1, 0]
  regular sampling (percentage = 0.25)

*** Running AffineTransform registration ***

DIAGNOSTIC,Iteration,metricValue,convergenceValue,ITERATION_TIME_INDEX,SINCE_LAST
 2DIAGNOSTIC,     1, -7.479454110399e-01, 1.797693134862e+308, 8.2230e-01, 8.2230e-01, 
 2DIAGNOSTIC,     2, -7.499853748350e-01, 1.797693134862e+308, 8.2740e-01, 5.0919e-03, 
 2DIAGNOSTIC,     3, -7.537868693262e-01, 1.797693134862e+308, 8.3250e-01, 5.1060e-03, 
 2DIAGNOSTIC,     4, -7.606903883628e-01, 1.797693134862e+308, 8.3729e-01, 4.7829e-03, 
 2DIAGNOSTIC,     5, -7.764822857839e-01, 1.797693134862e+308, 8.4219e-01, 4.9078e-03, 
 2DIAGNOSTIC,     6, -7.919851853188e-01, 1.797693134862e+308, 8.4717e-01, 4.9758e-03, 
 2DIAGNOSTIC,     7, -8.406139529151e-01, 1.797693134862e+308, 8.5220e-01, 5.0311e-03, 
 2DIAGNOSTIC,     8, -8.794282814196e-01, 1.797693134862e+308, 8.6041e-01, 8.2052e-03, 
 2DIAGNOSTIC,     9, -8.963934097613e-01, 1.797693134862e+308, 8.6544e-01, 5.0380e-03, 
 2DIAGNOSTIC,    10, -9.091203982015e-01, 1.462893767774e-02, 8.7134e-01, 5.8949e-03, 
 2DIAGNOSTIC,    11, -9.303446520263e-01, 1.470387923399e-02, 8.7697e-01, 5.6310e-03, 
 2DIAGNOSTIC,    12, -9.328747048573e-01, 1.356030969933e-02, 8.8383e-01, 6.8629e-03, 
 2DIAGNOSTIC,    13, -9.339041184725e-01, 1.151771852826e-02, 8.8897e-01, 5.1401e-03, 
 2DIAGNOSTIC,    14, -9.358880393111e-01, 8.981279985406e-03, 8.9449e-01, 5.5211e-03, 
 2DIAGNOSTIC,    15, -9.366592657180e-01, 6.379832334123e-03, 8.9970e-01, 5.2099e-03, 
 2DIAGNOSTIC,    16, -9.373321205168e-01, 3.865940474567e-03, 9.0488e-01, 5.1739e-03, 
 2DIAGNOSTIC,    17, -9.385914686624e-01, 2.271929558986e-03, 9.1028e-01, 5.3990e-03, 
 2DIAGNOSTIC,    18, -9.388550618786e-01, 1.372865147897e-03, 9.1510e-01, 4.8268e-03, 
 2DIAGNOSTIC,    19, -9.386794193315e-01, 7.365938986453e-04, 9.2116e-01, 6.0589e-03, 
 2DIAGNOSTIC,    20, -9.388723258026e-01, 3.018567256679e-04, 9.2654e-01, 5.3740e-03, 
 2DIAGNOSTIC,    21, -9.389590096777e-01, 2.118739390960e-04, 9.3207e-01, 5.5339e-03, 
 2DIAGNOSTIC,    22, -9.386414720066e-01, 1.432582364260e-04, 9.3725e-01, 5.1839e-03, 
 2DIAGNOSTIC,    23, -9.385674606760e-01, 8.071223695895e-05, 9.4213e-01, 4.8711e-03, 
 2DIAGNOSTIC,    24, -9.386292887398e-01, 4.378589974000e-05, 9.4802e-01, 5.8980e-03, 
 2DIAGNOSTIC,    25, -9.386700195869e-01, 1.629495106741e-05, 9.5289e-01, 4.8699e-03, 
DIAGNOSTIC,Iteration,metricValue,convergenceValue,ITERATION_TIME_INDEX,SINCE_LAST
 2DIAGNOSTIC,     1, -7.507980658652e-01, 1.797693134862e+308, 1.7571e+00, 8.0416e-01, 
 2DIAGNOSTIC,     2, -7.512259076835e-01, 1.797693134862e+308, 1.7913e+00, 3.4244e-02, 
 2DIAGNOSTIC,     3, -7.516586991304e-01, 1.797693134862e+308, 1.8262e+00, 3.4954e-02, 
 2DIAGNOSTIC,     4, -7.522534997305e-01, 1.797693134862e+308, 1.8605e+00, 3.4273e-02, 
 2DIAGNOSTIC,     5, -7.532672943888e-01, 1.797693134862e+308, 1.8979e+00, 3.7397e-02, 
 2DIAGNOSTIC,     6, -7.544898061510e-01, 1.797693134862e+308, 1.9406e+00, 4.2718e-02, 
 2DIAGNOSTIC,     7, -7.546802121423e-01, 1.797693134862e+308, 1.9819e+00, 4.1222e-02, 
 2DIAGNOSTIC,     8, -7.547556676774e-01, 1.797693134862e+308, 2.0190e+00, 3.7132e-02, 
 2DIAGNOSTIC,     9, -7.547514883578e-01, 1.797693134862e+308, 2.0603e+00, 4.1325e-02, 
 2DIAGNOSTIC,    10, -7.547479217509e-01, 4.008304567806e-04, 2.0974e+00, 3.7082e-02, 
 2DIAGNOSTIC,    11, -7.547286568533e-01, 3.006275571761e-04, 2.1345e+00, 3.7090e-02, 
 2DIAGNOSTIC,    12, -7.547198977075e-01, 2.037477340610e-04, 2.1720e+00, 3.7473e-02, 
 2DIAGNOSTIC,    13, -7.547094118777e-01, 1.162713545560e-04, 2.2063e+00, 3.4379e-02, 
 2DIAGNOSTIC,    14, -7.547016827574e-01, 4.647369955130e-05, 2.2426e+00, 3.6234e-02, 
 2DIAGNOSTIC,    15, -7.546983143381e-01, 6.568996658102e-06, 2.2803e+00, 3.7690e-02, 
DIAGNOSTIC,Iteration,metricValue,convergenceValue,ITERATION_TIME_INDEX,SINCE_LAST
 2DIAGNOSTIC,     1, -6.418118393249e-01, 1.797693134862e+308, 3.4578e+00, 1.1776e+00, 
 2DIAGNOSTIC,     2, -6.421911055924e-01, 1.797693134862e+308, 3.7470e+00, 2.8919e-01, 
 2DIAGNOSTIC,     3, -6.426218669070e-01, 1.797693134862e+308, 4.0277e+00, 2.8069e-01, 
 2DIAGNOSTIC,     4, -6.431061860312e-01, 1.797693134862e+308, 4.3309e+00, 3.0322e-01, 
 2DIAGNOSTIC,     5, -6.439175849950e-01, 1.797693134862e+308, 4.6790e+00, 3.4810e-01, 
 2DIAGNOSTIC,     6, -6.449445961452e-01, 1.797693134862e+308, 5.1022e+00, 4.2320e-01, 
 2DIAGNOSTIC,     7, -6.449921804941e-01, 1.797693134862e+308, 5.5222e+00, 4.1994e-01, 
 2DIAGNOSTIC,     8, -6.449982211491e-01, 1.797693134862e+308, 5.9637e+00, 4.4148e-01, 
 2DIAGNOSTIC,     9, -6.449984313387e-01, 1.797693134862e+308, 6.3123e+00, 3.4867e-01, 
 2DIAGNOSTIC,    10, -6.450003695863e-01, 3.721923377971e-04, 6.6220e+00, 3.0964e-01, 
 2DIAGNOSTIC,    11, -6.449979716253e-01, 2.727435581001e-04, 7.0508e+00, 4.2880e-01, 
 2DIAGNOSTIC,    12, -6.449972511680e-01, 1.797006091586e-04, 7.3655e+00, 3.1474e-01, 
 2DIAGNOSTIC,    13, -6.449950196539e-01, 9.997293329037e-05, 7.6842e+00, 3.1874e-01, 
 2DIAGNOSTIC,    14, -6.449939948517e-01, 3.770361361630e-05, 7.9739e+00, 2.8962e-01, 
 2DIAGNOSTIC,    15, -6.449946748692e-01, 3.548629496211e-06, 8.2529e+00, 2.7901e-01, 
 2DIAGNOSTIC,    16, -6.449943964042e-01, 1.807983064900e-06, 8.5683e+00, 3.1539e-01, 
 2DIAGNOSTIC,    17, -6.449951371884e-01, 1.540144877729e-06, 8.8489e+00, 2.8066e-01, 
 2DIAGNOSTIC,    18, -6.449935312623e-01, 1.441744215562e-06, 9.2317e+00, 3.8282e-01, 
 2DIAGNOSTIC,    19, -6.449942098867e-01, 1.404131748782e-06, 9.5273e+00, 2.9557e-01, 
 2DIAGNOSTIC,    20, -6.449921626549e-01, 1.392911830642e-06, 9.8382e+00, 3.1089e-01, 
 2DIAGNOSTIC,    21, -6.449901131873e-01, 1.308256752146e-06, 1.0127e+01, 2.8843e-01, 
 2DIAGNOSTIC,    22, -6.449900428480e-01, 1.236902148920e-06, 1.0439e+01, 3.1202e-01, 
 2DIAGNOSTIC,    23, -6.449909172505e-01, 1.165374307006e-06, 1.0754e+01, 3.1572e-01, 
 2DIAGNOSTIC,    24, -6.449891087654e-01, 1.067013236412e-06, 1.1059e+01, 3.0468e-01, 
 2DIAGNOSTIC,    25, -6.449891672686e-01, 1.015521225257e-06, 1.1400e+01, 3.4057e-01, 
DIAGNOSTIC,Iteration,metricValue,convergenceValue,ITERATION_TIME_INDEX,SINCE_LAST
 2DIAGNOSTIC,     1, -5.763087828538e-01, 1.797693134862e+308, 1.4257e+01, 2.8575e+00, 
 2DIAGNOSTIC,     2, -5.767344589282e-01, 1.797693134862e+308, 1.5851e+01, 1.5938e+00, 
 2DIAGNOSTIC,     3, -5.772538418206e-01, 1.797693134862e+308, 1.7496e+01, 1.6450e+00, 
 2DIAGNOSTIC,     4, -5.778446935670e-01, 1.797693134862e+308, 1.9287e+01, 1.7909e+00, 
 2DIAGNOSTIC,     5, -5.786543003365e-01, 1.797693134862e+308, 2.0868e+01, 1.5816e+00, 
 2DIAGNOSTIC,     6, -5.798774465852e-01, 1.797693134862e+308, 2.3961e+01, 3.0931e+00, 
 2DIAGNOSTIC,     7, -5.798775497714e-01, 1.797693134862e+308, 2.6951e+01, 2.9895e+00, 
 2DIAGNOSTIC,     8, -5.798772976164e-01, 1.797693134862e+308, 2.9018e+01, 2.0671e+00, 
 2DIAGNOSTIC,     9, -5.798765054024e-01, 1.797693134862e+308, 3.1352e+01, 2.3341e+00, 
 2DIAGNOSTIC,    10, -5.798765262470e-01, 4.602705442936e-04, 3.3678e+01, 2.3264e+00, 
 2DIAGNOSTIC,    11, -5.798763838533e-01, 3.346318343723e-04, 3.5464e+01, 1.7859e+00, 
 2DIAGNOSTIC,    12, -5.798763358469e-01, 2.176805200346e-04, 3.7364e+01, 1.8997e+00, 
 2DIAGNOSTIC,    13, -5.798760298014e-01, 1.194249246288e-04, 3.9183e+01, 1.8185e+00, 
 2DIAGNOSTIC,    14, -5.798759736135e-01, 4.502320773381e-05, 4.0888e+01, 1.7054e+00, 
 2DIAGNOSTIC,    15, -5.798758319172e-01, 1.993351863544e-06, 4.2616e+01, 1.7274e+00, 
 2DIAGNOSTIC,    16, -5.798757844682e-01, 1.878592017251e-06, 4.4187e+01, 1.5715e+00, 
 2DIAGNOSTIC,    17, -5.798758084854e-01, 1.791331929776e-06, 4.5814e+01, 1.6271e+00, 
 2DIAGNOSTIC,    18, -5.798756511782e-01, 1.710829641753e-06, 4.7743e+01, 1.9288e+00, 
 2DIAGNOSTIC,    19, -5.798756094831e-01, 1.622789118888e-06, 4.9602e+01, 1.8589e+00, 
 2DIAGNOSTIC,    20, -5.798757185843e-01, 1.551729481804e-06, 5.1342e+01, 1.7400e+00, 
 2DIAGNOSTIC,    21, -5.798758563129e-01, 1.490916330796e-06, 5.3411e+01, 2.0688e+00, 
 2DIAGNOSTIC,    22, -5.798759952016e-01, 1.440099410867e-06, 5.5880e+01, 2.4698e+00, 
 2DIAGNOSTIC,    23, -5.798762037496e-01, 1.392330439262e-06, 5.7986e+01, 2.1058e+00, 
 2DIAGNOSTIC,    24, -5.798759346151e-01, 1.341203579384e-06, 6.0107e+01, 2.1209e+00, 
 2DIAGNOSTIC,    25, -5.798758162910e-01, 1.287881888440e-06, 6.2140e+01, 2.0324e+00, 
 2DIAGNOSTIC,    26, -5.798756978159e-01, 1.234126292007e-06, 6.3900e+01, 1.7605e+00, 
 2DIAGNOSTIC,    27, -5.798758084234e-01, 1.185887767638e-06, 6.5730e+01, 1.8301e+00, 
 2DIAGNOSTIC,    28, -5.798755243473e-01, 1.132640845801e-06, 6.7439e+01, 1.7087e+00, 
 2DIAGNOSTIC,    29, -5.798758096125e-01, 1.087806903576e-06, 6.9273e+01, 1.8338e+00, 
 2DIAGNOSTIC,    30, -5.798756917486e-01, 1.046672728024e-06, 7.1147e+01, 1.8747e+00, 
 2DIAGNOSTIC,    31, -5.798757247403e-01, 1.012234472714e-06, 7.3190e+01, 2.0428e+00, 
  Elapsed time (stage 0): 7.4271e+01


Total elapsed time: 7.4273e+01
Info [verificarlo]: loaded backend libinterflop_ieee.so
Info [interflop-ieee]: load backend with:
Info [interflop-ieee]: debug = false
Info [interflop-ieee]: debug-binary = false
Info [interflop-ieee]: no-backend-name = false
Info [interflop-ieee]: print-new-line = false
Info [interflop-ieee]: print-subnormal-normalized = false
Info [interflop-ieee]: count-op = false
All_Command_lines_OK
Using double precision for computations.
=============================================================================
The composite transform comprises the following transforms (in order): 
  1. /home/mdugre/scratch/mri-registration-rp/datasets/ds004513/derivatives/mri-registration-rp/0100/antsRegistration-r8-p14/sub-s025/affine_Composite.h5[0] (type = Euler3DTransform)
  2. /home/mdugre/scratch/mri-registration-rp/datasets/ds004513/derivatives/mri-registration-rp/0100/antsRegistration-r8-p14/sub-s025/affine_Composite.h5[1] (type = Euler3DTransform)
  3. /home/mdugre/scratch/mri-registration-rp/datasets/ds004513/derivatives/mri-registration-rp/0100/antsRegistration-r8-p14/sub-s025/affine_Composite.h5[2] (type = Euler3DTransform)
  4. /home/mdugre/scratch/mri-registration-rp/datasets/ds004513/derivatives/mri-registration-rp/0100/antsRegistration-r8-p14/sub-s025/affine_Composite.h5[3] (type = AffineTransform)
=============================================================================
  number of levels = 4
  fixed image: /templateflow/tpl-MNI152NLin2009cAsym/tpl-MNI152NLin2009cAsym_res-01_desc-brain_T1w.nii.gz
  moving image: /home/mdugre/scratch/mri-registration-rp/datasets/ds004513/derivatives/mri-registration-rp/antsBrainExtraction/sub-s025/BrainExtractionBrain.nii.gz
Dimension = 3
Number of stages = 1
Use histogram matching = false
Winsorize image intensities = true
  Lower quantile = 0.005
  Upper quantile = 0.995


Stage 1 State
   Image metric = CC
     Fixed image = Image (0x3f65a40)
  RTTI typeinfo:   itk::Image<double, 3u>
  Reference Count: 2
  Modified Time: 1608
  Debug: Off
  Object Name: 
  Observers: 
    none
  Source: (none)
  Source output name: (none)
  Release Data: Off
  Data Released: False
  Global Release Data: Off
  PipelineMTime: 0
  UpdateMTime: 1217
  RealTimeStamp: 0 seconds 
  LargestPossibleRegion: 
    Dimension: 3
    Index: [0, 0, 0]
    Size: [193, 229, 193]
  BufferedRegion: 
    Dimension: 3
    Index: [0, 0, 0]
    Size: [193, 229, 193]
  RequestedRegion: 
    Dimension: 3
