
##########################
# Experiment information #
##########################

EXPERIMENT_NAME: antsRegistration-r8-p10
VFC_BACKENDS: libinterflop_vprec.so --range-binary32=8 --precision-binary32=10 --range-binary64=8 --precision-binary64=10

SIF_IMG: /home/mdugre/projects/rrg-glatard/mdugre/containers/ants-vprec-no_metrics.simg

SUBJECT_ID: s033
INPUT_IMG: /home/mdugre/scratch/mri-registration-rp/datasets/ds004513/derivatives/mri-registration-rp/antsBrainExtraction/sub-s033/BrainExtractionBrain.nii.gz
OUTPUT_DIR: /home/mdugre/scratch/mri-registration-rp/datasets/ds004513/derivatives/mri-registration-rp/0100/antsRegistration-r8-p10/sub-s033

FIXED_IMG: /templateflow/tpl-MNI152NLin2009cAsym/tpl-MNI152NLin2009cAsym_res-01_desc-brain_T1w.nii.gz
DATA_DIR: /home/mdugre/scratch/mri-registration-rp/datasets/ds004513
TEMPLATEFLOW_DIR: /home/mdugre/projects/rrg-glatard/mdugre/templateflow
ITK_GLOBAL_DEFAULT_NUMBER_OF_THREADS: 16
##########################

Info [verificarlo]: loaded backend libinterflop_ieee.so
Info [interflop-ieee]: load backend with:
Info [interflop-ieee]: debug = false
Info [interflop-ieee]: debug-binary = false
Info [interflop-ieee]: no-backend-name = false
Info [interflop-ieee]: print-new-line = false
Info [interflop-ieee]: print-subnormal-normalized = false
Info [interflop-ieee]: count-op = false
All_Command_lines_OK
Using double precision for computations.
=============================================================================
The composite transform comprises the following transforms (in order): 
  1. Center of mass alignment using fixed image: /templateflow/tpl-MNI152NLin2009cAsym/tpl-MNI152NLin2009cAsym_res-01_desc-brain_T1w.nii.gz and moving image: /home/mdugre/scratch/mri-registration-rp/datasets/ds004513/derivatives/mri-registration-rp/antsBrainExtraction/sub-s033/BrainExtractionBrain.nii.gz (type = Euler3DTransform)
=============================================================================
  number of levels = 1
  fixed image: /templateflow/tpl-MNI152NLin2009cAsym/tpl-MNI152NLin2009cAsym_res-01_desc-brain_T1w.nii.gz
  moving image: /home/mdugre/scratch/mri-registration-rp/datasets/ds004513/derivatives/mri-registration-rp/antsBrainExtraction/sub-s033/BrainExtractionBrain.nii.gz
Dimension = 3
Number of stages = 1
Use histogram matching = false
Winsorize image intensities = true
  Lower quantile = 0.005
  Upper quantile = 0.995


Stage 1 State
   Image metric = MattesMI
     Fixed image = Image (0x5045e70)
  RTTI typeinfo:   itk::Image<double, 3u>
  Reference Count: 2
  Modified Time: 2330
  Debug: Off
  Object Name: 
  Observers: 
    none
  Source: (none)
  Source output name: (none)
  Release Data: Off
  Data Released: False
  Global Release Data: Off
  PipelineMTime: 0
  UpdateMTime: 1941
  RealTimeStamp: 0 seconds 
  LargestPossibleRegion: 
    Dimension: 3
    Index: [0, 0, 0]
    Size: [193, 229, 193]
  BufferedRegion: 
    Dimension: 3
    Index: [0, 0, 0]
    Size: [193, 229, 193]
  RequestedRegion: 
    Dimension: 3
    Index: [0, 0, 0]
    Size: [193, 229, 193]
  Spacing: [1, 1, 1]
  Origin: [96, 132, -78]
  Direction: 
-1 0 0
0 -1 0
0 0 1

  IndexToPointMatrix: 
-1 0 0
0 -1 0
0 0 1

  PointToIndexMatrix: 
-1 0 0
0 -1 0
0 0 1

  Inverse Direction: 
-1 0 0
0 -1 0
0 0 1

  PixelContainer: 
    ImportImageContainer (0x504ec60)
      RTTI typeinfo:   itk::ImportImageContainer<unsigned long, double>
      Reference Count: 1
      Modified Time: 1938
      Debug: Off
      Object Name: 
      Observers: 
        none
      Pointer: 0x15455aa3a010
      Container manages memory: true
      Size: 8530021
      Capacity: 8530021

     Moving image = Image (0x5048540)
  RTTI typeinfo:   itk::Image<double, 3u>
  Reference Count: 2
  Modified Time: 2331
  Debug: Off
  Object Name: 
  Observers: 
    none
  Source: (none)
  Source output name: (none)
  Release Data: Off
  Data Released: False
  Global Release Data: Off
  PipelineMTime: 0
  UpdateMTime: 2328
  RealTimeStamp: 0 seconds 
  LargestPossibleRegion: 
    Dimension: 3
    Index: [0, 0, 0]
    Size: [160, 240, 256]
  BufferedRegion: 
    Dimension: 3
    Index: [0, 0, 0]
    Size: [160, 240, 256]
  RequestedRegion: 
    Dimension: 3
    Index: [0, 0, 0]
    Size: [160, 240, 256]
  Spacing: [1, 1, 1]
  Origin: [91.5134, 94.282, -109.927]
  Direction: 
-0.99591 -0.0698718 -0.0572835
0.0697565 -0.997556 0.00401236
-0.0574239 5.01125e-08 0.99835

  IndexToPointMatrix: 
-0.99591 -0.0698718 -0.0572835
0.0697565 -0.997556 0.00401236
-0.0574239 5.01125e-08 0.99835

  PointToIndexMatrix: 
-0.99591 0.0697565 -0.0574239
-0.0698718 -0.997556 5.01483e-08
-0.0572835 0.00401236 0.99835

  Inverse Direction: 
-0.99591 0.0697565 -0.0574239
-0.0698718 -0.997556 5.01483e-08
-0.0572835 0.00401236 0.99835

  PixelContainer: 
    ImportImageContainer (0x515a610)
      RTTI typeinfo:   itk::ImportImageContainer<unsigned long, double>
      Reference Count: 1
      Modified Time: 2325
      Debug: Off
      Object Name: 
      Observers: 
        none
      Pointer: 0x154555f39010
      Container manages memory: true
      Size: 9830400
      Capacity: 9830400

     Weighting = 1
     Sampling strategy = regular
     Number of bins = 32
     Radius = 4
     Sampling percentage  = 0.25
   Transform = Rigid
     Gradient step = 0.1
     Update field sigma (voxel space) = 0
     Total field sigma (voxel space) = 0
     Update field time sigma = 0
     Total field time sigma  = 0
     Number of time indices = 0
     Number of time point samples = 0
Registration using 1 total stages.

Stage 0
  iterations = 0
  convergence threshold = 1e-06
  convergence window size = 10
  number of levels = 1
  using the Mattes MI metric (number of bins = 32, weight = 1, use gradient filter = 0)
  preprocessing:  winsorizing the image intensities
  Shrink factors (level 1 out of 1): [1, 1, 1]
  smoothing sigmas per level: [0]
  regular sampling (percentage = 0.25)

*** Running Euler3DTransform registration ***

  Elapsed time (stage 0): 1.08906


Total elapsed time: 1.09144
Info [verificarlo]: loaded backend libinterflop_vprec.so
Info [interflop-vprec]: load backend with: 
Info [interflop-vprec]: precision-binary32 = 10
Info [interflop-vprec]: range-binary32 = 8
Info [interflop-vprec]: precision-binary64 = 10
Info [interflop-vprec]: range-binary64 = 8
Info [interflop-vprec]: mode = ob
Info [interflop-vprec]: error-mode = rel
Info [interflop-vprec]: max-abs-error-exponent = -1022
Info [interflop-vprec]: daz = false
Info [interflop-vprec]: ftz = false
Info [interflop-vprec]: 	instrument = none
Info [interflop-vprec]: 	prec-input-file = (null)
Info [interflop-vprec]: 	prec-output-file = (null)
Info [interflop-vprec]: 	prec-log-file = (null)
All_Command_lines_OK
Using double precision for computations.
=============================================================================
The composite transform comprises the following transforms (in order): 
  1. /home/mdugre/scratch/mri-registration-rp/datasets/ds004513/derivatives/mri-registration-rp/0100/antsRegistration-r8-p10/sub-s033/align_Composite.h5[0] (type = Euler3DTransform)
  2. /home/mdugre/scratch/mri-registration-rp/datasets/ds004513/derivatives/mri-registration-rp/0100/antsRegistration-r8-p10/sub-s033/align_Composite.h5[1] (type = Euler3DTransform)
=============================================================================
  number of levels = 4
  fixed image: /templateflow/tpl-MNI152NLin2009cAsym/tpl-MNI152NLin2009cAsym_res-01_desc-brain_T1w.nii.gz
  moving image: /home/mdugre/scratch/mri-registration-rp/datasets/ds004513/derivatives/mri-registration-rp/antsBrainExtraction/sub-s033/BrainExtractionBrain.nii.gz
Dimension = 3
Number of stages = 1
Use histogram matching = false
Winsorize image intensities = true
  Lower quantile = 0.005
  Upper quantile = 0.995


Stage 1 State
   Image metric = MattesMI
     Fixed image = Image (0x4bcf1e0)
  RTTI typeinfo:   itk::Image<double, 3u>
  Reference Count: 2
  Modified Time: 1578
  Debug: Off
  Object Name: 
  Observers: 
    none
  Source: (none)
  Source output name: (none)
  Release Data: Off
  Data Released: False
  Global Release Data: Off
  PipelineMTime: 0
  UpdateMTime: 1189
  RealTimeStamp: 0 seconds 
  LargestPossibleRegion: 
    Dimension: 3
    Index: [0, 0, 0]
    Size: [193, 229, 193]
  BufferedRegion: 
    Dimension: 3
    Index: [0, 0, 0]
    Size: [193, 229, 193]
  RequestedRegion: 
    Dimension: 3
    Index: [0, 0, 0]
    Size: [193, 229, 193]
  Spacing: [1, 1, 1]
  Origin: [96, 132, -78]
  Direction: 
-1 0 0
0 -1 0
0 0 1

  IndexToPointMatrix: 
-1 0 0
0 -1 0
0 0 1

  PointToIndexMatrix: 
-1 0 0
0 -1 0
0 0 1

  Inverse Direction: 
-1 0 0
0 -1 0
0 0 1

  PixelContainer: 
    ImportImageContainer (0x4c8e680)
      RTTI typeinfo:   itk::ImportImageContainer<unsigned long, double>
      Reference Count: 1
      Modified Time: 1186
      Debug: Off
      Object Name: 
      Observers: 
        none
      Pointer: 0x14f2a4652010
      Container manages memory: true
      Size: 8530021
      Capacity: 8530021

     Moving image = Image (0x4c8ab20)
  RTTI typeinfo:   itk::Image<double, 3u>
  Reference Count: 2
  Modified Time: 1579
  Debug: Off
  Object Name: 
  Observers: 
    none
  Source: (none)
  Source output name: (none)
  Release Data: Off
  Data Released: False
  Global Release Data: Off
  PipelineMTime: 0
  UpdateMTime: 1576
  RealTimeStamp: 0 seconds 
  LargestPossibleRegion: 
    Dimension: 3
    Index: [0, 0, 0]
    Size: [160, 240, 256]
  BufferedRegion: 
    Dimension: 3
    Index: [0, 0, 0]
    Size: [160, 240, 256]
  RequestedRegion: 
    Dimension: 3
    Index: [0, 0, 0]
    Size: [160, 240, 256]
  Spacing: [1, 1, 1]
  Origin: [91.5, 94.3125, -109.938]
  Direction: 
-0.996094 -0.0698242 -0.0572815
0.0697632 -0.997559 0.00401306
-0.0574036 0 0.998047

  IndexToPointMatrix: 
-0.996094 -0.0698242 -0.0572815
0.0697632 -0.997559 0.00401306
-0.0574036 0 0.998047

  PointToIndexMatrix: 
-0.996094 0.0697632 -0.0574036
-0.0698853 -0.997559 -5.53131e-05
-0.0572815 0.00395584 0.998535

  Inverse Direction: 
-0.996094 0.0697632 -0.0574036
-0.0698853 -0.997559 -5.53131e-05
-0.0572815 0.00395584 0.998535

  PixelContainer: 
    ImportImageContainer (0x4cf3d50)
      RTTI typeinfo:   itk::ImportImageContainer<unsigned long, double>
      Reference Count: 1
      Modified Time: 1573
      Debug: Off
      Object Name: 
      Observers: 
        none
      Pointer: 0x14f29fb51010
      Container manages memory: true
      Size: 9830400
      Capacity: 9830400

     Weighting = 1
     Sampling strategy = regular
     Number of bins = 32
     Radius = 4
     Sampling percentage  = 0.25
   Transform = Rigid
     Gradient step = 0.1
     Update field sigma (voxel space) = 0
     Total field sigma (voxel space) = 0
     Update field time sigma = 0
     Total field time sigma  = 0
     Number of time indices = 0
     Number of time point samples = 0
Registration using 1 total stages.

Stage 0
  iterations = 1000x500x250x100
  convergence threshold = 1e-06
  convergence window size = 10
  number of levels = 4
  using the Mattes MI metric (number of bins = 32, weight = 1, use gradient filter = 0)
  preprocessing:  winsorizing the image intensities
  Shrink factors (level 1 out of 4): [8, 8, 8]
  Shrink factors (level 2 out of 4): [4, 4, 4]
  Shrink factors (level 3 out of 4): [2, 2, 2]
  Shrink factors (level 4 out of 4): [1, 1, 1]
  smoothing sigmas per level: [3, 2, 1, 0]
  regular sampling (percentage = 0.25)

*** Running Euler3DTransform registration ***

DIAGNOSTIC,Iteration,metricValue,convergenceValue,ITERATION_TIME_INDEX,SINCE_LAST
 2DIAGNOSTIC,     1, -4.948667761578e-01, 1.797693134862e+308, 0.0000e+00, 0.0000e+00, 
 2DIAGNOSTIC,     2, -4.954352361168e-01, 1.797693134862e+308, 0.0000e+00, 0.0000e+00, 
 2DIAGNOSTIC,     3, -4.955655860250e-01, 1.797693134862e+308, 0.0000e+00, 0.0000e+00, 
 2DIAGNOSTIC,     4, -4.973710046563e-01, 1.797693134862e+308, 0.0000e+00, 0.0000e+00, 
 2DIAGNOSTIC,     5, -4.996360458462e-01, 1.797693134862e+308, 0.0000e+00, 0.0000e+00, 
 2DIAGNOSTIC,     6, -5.030638150893e-01, 1.797693134862e+308, 0.0000e+00, 0.0000e+00, 
 2DIAGNOSTIC,     7, -5.070708405171e-01, 1.797693134862e+308, 0.0000e+00, 0.0000e+00, 
 2DIAGNOSTIC,     8, -5.169204340437e-01, 1.797693134862e+308, 0.0000e+00, 0.0000e+00, 
 2DIAGNOSTIC,     9, -5.418441880973e-01, 1.797693134862e+308, 0.0000e+00, 0.0000e+00, 
 2DIAGNOSTIC,    10, -6.320169636524e-01, 1.084495829436e-02, 0.0000e+00, 0.0000e+00, 
 2DIAGNOSTIC,    11, -6.367987101471e-01, 1.467493136809e-02, 0.0000e+00, 0.0000e+00, 
 2DIAGNOSTIC,    12, -6.372424194438e-01, 1.655703122324e-02, 0.0000e+00, 0.0000e+00, 
 2DIAGNOSTIC,    13, -6.348832524206e-01, 1.659364869602e-02, 0.0000e+00, 0.0000e+00, 
 2DIAGNOSTIC,    14, -6.330064550702e-01, 1.511426115541e-02, 0.0000e+00, 0.0000e+00, 
 2DIAGNOSTIC,    15, -6.328164290559e-01, 1.251116610564e-02, 0.0000e+00, 0.0000e+00, 
 2DIAGNOSTIC,    16, -6.338850885256e-01, 9.276761666687e-03, 0.0000e+00, 0.0000e+00, 
 2DIAGNOSTIC,    17, -6.338157038492e-01, 5.778173197294e-03, 0.0000e+00, 0.0000e+00, 
 2DIAGNOSTIC,    18, -6.337193166520e-01, 2.466439024666e-03, 0.0000e+00, 0.0000e+00, 
DIAGNOSTIC,Iteration,metricValue,convergenceValue,ITERATION_TIME_INDEX,SINCE_LAST
 2DIAGNOSTIC,     1, -5.360687788219e-01, 1.797693134862e+308, 0.0000e+00, 0.0000e+00, 
 2DIAGNOSTIC,     2, -5.360572095873e-01, 1.797693134862e+308, 0.0000e+00, 0.0000e+00, 
 2DIAGNOSTIC,     3, -5.361956528273e-01, 1.797693134862e+308, 0.0000e+00, 0.0000e+00, 
 2DIAGNOSTIC,     4, -5.364775283866e-01, 1.797693134862e+308, 0.0000e+00, 0.0000e+00, 
 2DIAGNOSTIC,     5, -5.366307390254e-01, 1.797693134862e+308, 0.0000e+00, 0.0000e+00, 
 2DIAGNOSTIC,     6, -5.368576801184e-01, 1.797693134862e+308, 0.0000e+00, 0.0000e+00, 
 2DIAGNOSTIC,     7, -5.374456511836e-01, 1.797693134862e+308, 0.0000e+00, 0.0000e+00, 
 2DIAGNOSTIC,     8, -5.380395750579e-01, 1.797693134862e+308, 0.0000e+00, 0.0000e+00, 
 2DIAGNOSTIC,     9, -5.386450576995e-01, 1.797693134862e+308, 0.0000e+00, 0.0000e+00, 
 2DIAGNOSTIC,    10, -5.400369028929e-01, 4.239360452303e-04, 0.0000e+00, 0.0000e+00, 
 2DIAGNOSTIC,    11, -5.409255605712e-01, 5.047324602961e-04, 0.0000e+00, 0.0000e+00, 
 2DIAGNOSTIC,    12, -5.430479825121e-01, 6.190815112959e-04, 0.0000e+00, 0.0000e+00, 
 2DIAGNOSTIC,    13, -5.444924137932e-01, 7.221380659335e-04, 0.0000e+00, 0.0000e+00, 
 2DIAGNOSTIC,    14, -5.462610475673e-01, 8.214378358344e-04, 0.0000e+00, 0.0000e+00, 
 2DIAGNOSTIC,    15, -5.466197725388e-01, 8.497107974637e-04, 0.0000e+00, 0.0000e+00, 
 2DIAGNOSTIC,    16, -5.476618009246e-01, 8.384429529899e-04, 0.0000e+00, 0.0000e+00, 
 2DIAGNOSTIC,    17, -5.485449374372e-01, 7.959142807166e-04, 0.0000e+00, 0.0000e+00, 
 2DIAGNOSTIC,    18, -5.482891653764e-01, 6.936882488633e-04, 0.0000e+00, 0.0000e+00, 
 2DIAGNOSTIC,    19, -5.482824173793e-01, 5.547521415012e-04, 0.0000e+00, 0.0000e+00, 
 2DIAGNOSTIC,    20, -5.482484751051e-01, 4.144938315014e-04, 0.0000e+00, 0.0000e+00, 
 2DIAGNOSTIC,    21, -5.482421166416e-01, 2.701733930112e-04, 0.0000e+00, 0.0000e+00, 
 2DIAGNOSTIC,    22, -5.482594626913e-01, 1.641064413503e-04, 0.0000e+00, 0.0000e+00, 
 2DIAGNOSTIC,    23, -5.482312521011e-01, 8.359863156875e-05, 0.0000e+00, 0.0000e+00, 
 2DIAGNOSTIC,    24, -5.482610467933e-01, 4.168220941837e-05, 0.0000e+00, 0.0000e+00, 
 2DIAGNOSTIC,    25, -5.482479887109e-01, 5.981788289325e-06, 0.0000e+00, 0.0000e+00, 
DIAGNOSTIC,Iteration,metricValue,convergenceValue,ITERATION_TIME_INDEX,SINCE_LAST
 2DIAGNOSTIC,     1, -4.654067350085e-01, 1.797693134862e+308, 0.0000e+00, 0.0000e+00, 
 2DIAGNOSTIC,     2, -4.653315583555e-01, 1.797693134862e+308, 0.0000e+00, 0.0000e+00, 
 2DIAGNOSTIC,     3, -4.654750816985e-01, 1.797693134862e+308, 0.0000e+00, 0.0000e+00, 
 2DIAGNOSTIC,     4, -4.654849809251e-01, 1.797693134862e+308, 0.0000e+00, 0.0000e+00, 
 2DIAGNOSTIC,     5, -4.652737189706e-01, 1.797693134862e+308, 0.0000e+00, 0.0000e+00, 
 2DIAGNOSTIC,     6, -4.652826586874e-01, 1.797693134862e+308, 0.0000e+00, 0.0000e+00, 
 2DIAGNOSTIC,     7, -4.653102023393e-01, 1.797693134862e+308, 0.0000e+00, 0.0000e+00, 
 2DIAGNOSTIC,     8, -4.653263870733e-01, 1.797693134862e+308, 0.0000e+00, 0.0000e+00, 
 2DIAGNOSTIC,     9, -4.653209539821e-01, 1.797693134862e+308, 0.0000e+00, 0.0000e+00, 
DIAGNOSTIC,Iteration,metricValue,convergenceValue,ITERATION_TIME_INDEX,SINCE_LAST
 2DIAGNOSTIC,     1, -4.239470381932e-01, 1.797693134862e+308, 0.0000e+00, 0.0000e+00, 
 2DIAGNOSTIC,     2, -4.239502191774e-01, 1.797693134862e+308, 0.0000e+00, 0.0000e+00, 
 2DIAGNOSTIC,     3, -4.239585060469e-01, 1.797693134862e+308, 0.0000e+00, 0.0000e+00, 
 2DIAGNOSTIC,     4, -4.239628659057e-01, 1.797693134862e+308, 0.0000e+00, 0.0000e+00, 
 2DIAGNOSTIC,     5, -4.239673894967e-01, 1.797693134862e+308, 0.0000e+00, 0.0000e+00, 
 2DIAGNOSTIC,     6, -4.239872178689e-01, 1.797693134862e+308, 0.0000e+00, 0.0000e+00, 
 2DIAGNOSTIC,     7, -4.239891962051e-01, 1.797693134862e+308, 0.0000e+00, 0.0000e+00, 
 2DIAGNOSTIC,     8, -4.240048361440e-01, 1.797693134862e+308, 0.0000e+00, 0.0000e+00, 
 2DIAGNOSTIC,     9, -4.240271434027e-01, 1.797693134862e+308, 0.0000e+00, 0.0000e+00, 
 2DIAGNOSTIC,    10, -4.240391658271e-01, 1.389891074252e-05, 0.0000e+00, 0.0000e+00, 
 2DIAGNOSTIC,    11, -4.240519027478e-01, 1.432068216908e-05, 0.0000e+00, 0.0000e+00, 
 2DIAGNOSTIC,    12, -4.240606157237e-01, 1.404493315964e-05, 0.0000e+00, 0.0000e+00, 
 2DIAGNOSTIC,    13, -4.240555914378e-01, 1.271087791103e-05, 0.0000e+00, 0.0000e+00, 
 2DIAGNOSTIC,    14, -4.240664543195e-01, 1.114717644435e-05, 0.0000e+00, 0.0000e+00, 
 2DIAGNOSTIC,    15, -4.240729702394e-01, 9.228819066925e-06, 0.0000e+00, 0.0000e+00, 
 2DIAGNOSTIC,    16, -4.240772993229e-01, 7.718595708736e-06, 0.0000e+00, 0.0000e+00, 
 2DIAGNOSTIC,    17, -4.240899366074e-01, 6.250213856515e-06, 0.0000e+00, 0.0000e+00, 
 2DIAGNOSTIC,    18, -4.240947246110e-01, 5.110317125037e-06, 0.0000e+00, 0.0000e+00, 
 2DIAGNOSTIC,    19, -4.241318502059e-01, 5.707895298079e-06, 0.0000e+00, 0.0000e+00, 
 2DIAGNOSTIC,    20, -4.241382093783e-01, 6.286951967742e-06, 0.0000e+00, 0.0000e+00, 
 2DIAGNOSTIC,    21, -4.241448733681e-01, 6.846481786935e-06, 0.0000e+00, 0.0000e+00, 
 2DIAGNOSTIC,    22, -4.241589029795e-01, 7.427310421713e-06, 0.0000e+00, 0.0000e+00, 
 2DIAGNOSTIC,    23, -4.241560110574e-01, 7.013190613678e-06, 0.0000e+00, 0.0000e+00, 
 2DIAGNOSTIC,    24, -4.241638498896e-01, 6.491149750772e-06, 0.0000e+00, 0.0000e+00, 
 2DIAGNOSTIC,    25, -4.241638498896e-01, 5.570794339993e-06, 0.0000e+00, 0.0000e+00, 
 2DIAGNOSTIC,    26, -4.241638498896e-01, 4.312693834316e-06, 0.0000e+00, 0.0000e+00, 
 2DIAGNOSTIC,    27, -4.241638498896e-01, 3.062284638942e-06, 0.0000e+00, 0.0000e+00, 
 2DIAGNOSTIC,    28, -4.241638498896e-01, 1.704970243759e-06, 0.0000e+00, 0.0000e+00, 
 2DIAGNOSTIC,    29, -4.241638498896e-01, 1.138068276105e-06, 0.0000e+00, 0.0000e+00, 
  Elapsed time (stage 0): 0.0000e+00


Total elapsed time: 0.0000e+00
Info [verificarlo]: loaded backend libinterflop_ieee.so
Info [interflop-ieee]: load backend with:
Info [interflop-ieee]: debug = false
Info [interflop-ieee]: debug-binary = false
Info [interflop-ieee]: no-backend-name = false
Info [interflop-ieee]: print-new-line = false
Info [interflop-ieee]: print-subnormal-normalized = false
Info [interflop-ieee]: count-op = false
All_Command_lines_OK
Using double precision for computations.
=============================================================================
The composite transform comprises the following transforms (in order): 
  1. /home/mdugre/scratch/mri-registration-rp/datasets/ds004513/derivatives/mri-registration-rp/0100/antsRegistration-r8-p10/sub-s033/rigid_Composite.h5[0] (type = Euler3DTransform)
  2. /home/mdugre/scratch/mri-registration-rp/datasets/ds004513/derivatives/mri-registration-rp/0100/antsRegistration-r8-p10/sub-s033/rigid_Composite.h5[1] (type = Euler3DTransform)
  3. /home/mdugre/scratch/mri-registration-rp/datasets/ds004513/derivatives/mri-registration-rp/0100/antsRegistration-r8-p10/sub-s033/rigid_Composite.h5[2] (type = Euler3DTransform)
=============================================================================
  number of levels = 4
  fixed image: /templateflow/tpl-MNI152NLin2009cAsym/tpl-MNI152NLin2009cAsym_res-01_desc-brain_T1w.nii.gz
  moving image: /home/mdugre/scratch/mri-registration-rp/datasets/ds004513/derivatives/mri-registration-rp/antsBrainExtraction/sub-s033/BrainExtractionBrain.nii.gz
Dimension = 3
Number of stages = 1
Use histogram matching = false
Winsorize image intensities = true
  Lower quantile = 0.005
  Upper quantile = 0.995


Stage 1 State
   Image metric = MattesMI
     Fixed image = Image (0x38977e0)
  RTTI typeinfo:   itk::Image<double, 3u>
  Reference Count: 2
  Modified Time: 1592
  Debug: Off
  Object Name: 
  Observers: 
    none
  Source: (none)
  Source output name: (none)
  Release Data: Off
  Data Released: False
  Global Release Data: Off
  PipelineMTime: 0
  UpdateMTime: 1203
  RealTimeStamp: 0 seconds 
  LargestPossibleRegion: 
    Dimension: 3
    Index: [0, 0, 0]
    Size: [193, 229, 193]
  BufferedRegion: 
    Dimension: 3
    Index: [0, 0, 0]
    Size: [193, 229, 193]
  RequestedRegion: 
    Dimension: 3
    Index: [0, 0, 0]
    Size: [193, 229, 193]
  Spacing: [1, 1, 1]
  Origin: [96, 132, -78]
  Direction: 
-1 0 0
0 -1 0
0 0 1

  IndexToPointMatrix: 
-1 0 0
0 -1 0
0 0 1

  PointToIndexMatrix: 
-1 0 0
0 -1 0
0 0 1

  Inverse Direction: 
-1 0 0
0 -1 0
0 0 1

  PixelContainer: 
    ImportImageContainer (0x3957a20)
      RTTI typeinfo:   itk::ImportImageContainer<unsigned long, double>
      Reference Count: 1
      Modified Time: 1200
      Debug: Off
      Object Name: 
      Observers: 
        none
      Pointer: 0x14c56fb7a010
      Container manages memory: true
      Size: 8530021
      Capacity: 8530021

     Moving image = Image (0x390ce20)
  RTTI typeinfo:   itk::Image<double, 3u>
  Reference Count: 2
  Modified Time: 1593
  Debug: Off
  Object Name: 
  Observers: 
    none
  Source: (none)
  Source output name: (none)
  Release Data: Off
  Data Released: False
  Global Release Data: Off
  PipelineMTime: 0
  UpdateMTime: 1590
  RealTimeStamp: 0 seconds 
  LargestPossibleRegion: 
    Dimension: 3
    Index: [0, 0, 0]
    Size: [160, 240, 256]
  BufferedRegion: 
    Dimension: 3
    Index: [0, 0, 0]
    Size: [160, 240, 256]
  RequestedRegion: 
    Dimension: 3
    Index: [0, 0, 0]
    Size: [160, 240, 256]
  Spacing: [1, 1, 1]
  Origin: [91.5134, 94.282, -109.927]
  Direction: 
-0.99591 -0.0698718 -0.0572835
0.0697565 -0.997556 0.00401236
-0.0574239 5.01125e-08 0.99835

  IndexToPointMatrix: 
-0.99591 -0.0698718 -0.0572835
0.0697565 -0.997556 0.00401236
-0.0574239 5.01125e-08 0.99835

  PointToIndexMatrix: 
-0.99591 0.0697565 -0.0574239
-0.0698718 -0.997556 5.01483e-08
-0.0572835 0.00401236 0.99835

  Inverse Direction: 
-0.99591 0.0697565 -0.0574239
-0.0698718 -0.997556 5.01483e-08
-0.0572835 0.00401236 0.99835

  PixelContainer: 
    ImportImageContainer (0x39a6550)
      RTTI typeinfo:   itk::ImportImageContainer<unsigned long, double>
      Reference Count: 1
      Modified Time: 1587
      Debug: Off
      Object Name: 
      Observers: 
        none
      Pointer: 0x14c56b079010
      Container manages memory: true
      Size: 9830400
      Capacity: 9830400

     Weighting = 1
     Sampling strategy = regular
     Number of bins = 32
     Radius = 4
     Sampling percentage  = 0.25
   Transform = Affine
     Gradient step = 0.1
     Update field sigma (voxel space) = 0
     Total field sigma (voxel space) = 0
     Update field time sigma = 0
     Total field time sigma  = 0
     Number of time indices = 0
     Number of time point samples = 0
Registration using 1 total stages.

Stage 0
  iterations = 1000x500x250x100
  convergence threshold = 1e-06
  convergence window size = 10
  number of levels = 4
  using the Mattes MI metric (number of bins = 32, weight = 1, use gradient filter = 0)
  preprocessing:  winsorizing the image intensities
  Shrink factors (level 1 out of 4): [8, 8, 8]
  Shrink factors (level 2 out of 4): [4, 4, 4]
  Shrink factors (level 3 out of 4): [2, 2, 2]
  Shrink factors (level 4 out of 4): [1, 1, 1]
  smoothing sigmas per level: [3, 2, 1, 0]
  regular sampling (percentage = 0.25)

*** Running AffineTransform registration ***

DIAGNOSTIC,Iteration,metricValue,convergenceValue,ITERATION_TIME_INDEX,SINCE_LAST
 2DIAGNOSTIC,     1, -6.414331902218e-01, 1.797693134862e+308, 7.5787e-01, 7.5787e-01, 
 2DIAGNOSTIC,     2, -6.441072710842e-01, 1.797693134862e+308, 7.6266e-01, 4.7839e-03, 
 2DIAGNOSTIC,     3, -6.485225717321e-01, 1.797693134862e+308, 7.6671e-01, 4.0541e-03, 
 2DIAGNOSTIC,     4, -6.557133035178e-01, 1.797693134862e+308, 7.7077e-01, 4.0619e-03, 
 2DIAGNOSTIC,     5, -6.693882777864e-01, 1.797693134862e+308, 7.7484e-01, 4.0669e-03, 
 2DIAGNOSTIC,     6, -7.140629334722e-01, 1.797693134862e+308, 7.7893e-01, 4.0960e-03, 
 2DIAGNOSTIC,     7, -7.536386635491e-01, 1.797693134862e+308, 7.8294e-01, 4.0071e-03, 
 2DIAGNOSTIC,     8, -8.392661263450e-01, 1.797693134862e+308, 7.8794e-01, 4.9949e-03, 
 2DIAGNOSTIC,     9, -8.653923793236e-01, 1.797693134862e+308, 7.9349e-01, 5.5528e-03, 
 2DIAGNOSTIC,    10, -8.715866826848e-01, 2.376144901090e-02, 7.9832e-01, 4.8258e-03, 
 2DIAGNOSTIC,    11, -8.951153045925e-01, 2.353992413902e-02, 8.0361e-01, 5.2950e-03, 
 2DIAGNOSTIC,    12, -9.035677182785e-01, 2.157822979155e-02, 8.0828e-01, 4.6651e-03, 
 2DIAGNOSTIC,    13, -9.048448269218e-01, 1.818596739939e-02, 8.1343e-01, 5.1520e-03, 
 2DIAGNOSTIC,    14, -9.062307631979e-01, 1.395869121223e-02, 8.1854e-01, 5.1091e-03, 
 2DIAGNOSTIC,    15, -9.070343384922e-01, 9.476712851970e-03, 8.2417e-01, 5.6310e-03, 
 2DIAGNOSTIC,    16, -9.072396005860e-01, 5.772501414227e-03, 8.3080e-01, 6.6330e-03, 
 2DIAGNOSTIC,    17, -9.072903554052e-01, 2.813513987260e-03, 8.3595e-01, 5.1482e-03, 
 2DIAGNOSTIC,    18, -9.071861875639e-01, 1.630890017924e-03, 8.4131e-01, 5.3620e-03, 
 2DIAGNOSTIC,    19, -9.070856019030e-01, 9.200221987269e-04, 8.4715e-01, 5.8401e-03, 
 2DIAGNOSTIC,    20, -9.069526887429e-01, 2.986144044957e-04, 8.5238e-01, 5.2309e-03, 
 2DIAGNOSTIC,    21, -9.068165818679e-01, 9.666445627193e-05, 8.5748e-01, 5.1010e-03, 
 2DIAGNOSTIC,    22, -9.066788548346e-01, 3.599085175658e-05, 8.6261e-01, 5.1241e-03, 
DIAGNOSTIC,Iteration,metricValue,convergenceValue,ITERATION_TIME_INDEX,SINCE_LAST
 2DIAGNOSTIC,     1, -7.441761765420e-01, 1.797693134862e+308, 1.5591e+00, 6.9644e-01, 
 2DIAGNOSTIC,     2, -7.448645091062e-01, 1.797693134862e+308, 1.5929e+00, 3.3890e-02, 
 2DIAGNOSTIC,     3, -7.455899115581e-01, 1.797693134862e+308, 1.6255e+00, 3.2592e-02, 
 2DIAGNOSTIC,     4, -7.464301879662e-01, 1.797693134862e+308, 1.6602e+00, 3.4694e-02, 
 2DIAGNOSTIC,     5, -7.474797604708e-01, 1.797693134862e+308, 1.6922e+00, 3.2007e-02, 
 2DIAGNOSTIC,     6, -7.485119503778e-01, 1.797693134862e+308, 1.7409e+00, 4.8702e-02, 
 2DIAGNOSTIC,     7, -7.485588647092e-01, 1.797693134862e+308, 1.7746e+00, 3.3708e-02, 
 2DIAGNOSTIC,     8, -7.485844462410e-01, 1.797693134862e+308, 1.8093e+00, 3.4668e-02, 
 2DIAGNOSTIC,     9, -7.486163610493e-01, 1.797693134862e+308, 1.8481e+00, 3.8828e-02, 
 2DIAGNOSTIC,    10, -7.486948621640e-01, 4.240157957130e-04, 1.8865e+00, 3.8322e-02, 
 2DIAGNOSTIC,    11, -7.486532743331e-01, 2.988429844109e-04, 1.9207e+00, 3.4259e-02, 
 2DIAGNOSTIC,    12, -7.486476826561e-01, 1.898082372111e-04, 1.9594e+00, 3.8656e-02, 
 2DIAGNOSTIC,    13, -7.486554219382e-01, 1.022841234269e-04, 1.9981e+00, 3.8756e-02, 
 2DIAGNOSTIC,    14, -7.486364399102e-01, 4.000714068914e-05, 2.0415e+00, 4.3369e-02, 
 2DIAGNOSTIC,    15, -7.486236398852e-01, 8.130748162707e-06, 2.0799e+00, 3.8418e-02, 
 2DIAGNOSTIC,    16, -7.486213168005e-01, 4.163399683135e-06, 2.1185e+00, 3.8625e-02, 
 2DIAGNOSTIC,    17, -7.486231191312e-01, 1.569408075393e-06, 2.1536e+00, 3.5053e-02, 
DIAGNOSTIC,Iteration,metricValue,convergenceValue,ITERATION_TIME_INDEX,SINCE_LAST
 2DIAGNOSTIC,     1, -6.322758479366e-01, 1.797693134862e+308, 3.1582e+00, 1.0046e+00, 
 2DIAGNOSTIC,     2, -6.328467226574e-01, 1.797693134862e+308, 3.3823e+00, 2.2412e-01, 
 2DIAGNOSTIC,     3, -6.335136001154e-01, 1.797693134862e+308, 3.5922e+00, 2.0991e-01, 
 2DIAGNOSTIC,     4, -6.343241808241e-01, 1.797693134862e+308, 3.8186e+00, 2.2632e-01, 
 2DIAGNOSTIC,     5, -6.365159031831e-01, 1.797693134862e+308, 4.1363e+00, 3.1771e-01, 
 2DIAGNOSTIC,     6, -6.378601722546e-01, 1.797693134862e+308, 4.4420e+00, 3.0576e-01, 
 2DIAGNOSTIC,     7, -6.378615878513e-01, 1.797693134862e+308, 4.7753e+00, 3.3332e-01, 
 2DIAGNOSTIC,     8, -6.378668541813e-01, 1.797693134862e+308, 5.1252e+00, 3.4984e-01, 
 2DIAGNOSTIC,     9, -6.378696662146e-01, 1.797693134862e+308, 5.4638e+00, 3.3859e-01, 
 2DIAGNOSTIC,    10, -6.378680421003e-01, 6.696048855126e-04, 5.7452e+00, 2.8139e-01, 
 2DIAGNOSTIC,    11, -6.378676957074e-01, 4.881272419883e-04, 5.9981e+00, 2.5294e-01, 
 2DIAGNOSTIC,    12, -6.378655434251e-01, 3.154435952216e-04, 6.2478e+00, 2.4972e-01, 
 2DIAGNOSTIC,    13, -6.378617208673e-01, 1.647946697776e-04, 6.4939e+00, 2.4608e-01, 
 2DIAGNOSTIC,    14, -6.378624785435e-01, 4.536463444728e-05, 6.7357e+00, 2.4177e-01, 
 2DIAGNOSTIC,    15, -6.378631460736e-01, 2.070461509490e-06, 6.9560e+00, 2.2033e-01, 
 2DIAGNOSTIC,    16, -6.378614258143e-01, 1.664011127708e-06, 7.1959e+00, 2.3989e-01, 
 2DIAGNOSTIC,    17, -6.378607287976e-01, 1.353946880570e-06, 7.4276e+00, 2.3168e-01, 
 2DIAGNOSTIC,    18, -6.378589172886e-01, 1.211509618487e-06, 7.6856e+00, 2.5798e-01, 
 2DIAGNOSTIC,    19, -6.378558781370e-01, 1.131043479055e-06, 7.9539e+00, 2.6831e-01, 
 2DIAGNOSTIC,    20, -6.378552487203e-01, 1.058357035441e-06, 8.1744e+00, 2.2057e-01, 
 2DIAGNOSTIC,    21, -6.378551661565e-01, 1.033477991998e-06, 8.4372e+00, 2.6273e-01, 
 2DIAGNOSTIC,    22, -6.378549227772e-01, 1.009445172312e-06, 8.6662e+00, 2.2900e-01, 
DIAGNOSTIC,Iteration,metricValue,convergenceValue,ITERATION_TIME_INDEX,SINCE_LAST
 2DIAGNOSTIC,     1, -5.637168281741e-01, 1.797693134862e+308, 1.1474e+01, 2.8078e+00, 
 2DIAGNOSTIC,     2, -5.638194990771e-01, 1.797693134862e+308, 1.3472e+01, 1.9979e+00, 
 2DIAGNOSTIC,     3, -5.638300253162e-01, 1.797693134862e+308, 1.6448e+01, 2.9760e+00, 
 2DIAGNOSTIC,     4, -5.638298502013e-01, 1.797693134862e+308, 1.8110e+01, 1.6619e+00, 
 2DIAGNOSTIC,     5, -5.638296544247e-01, 1.797693134862e+308, 1.9918e+01, 1.8081e+00, 
 2DIAGNOSTIC,     6, -5.638292965891e-01, 1.797693134862e+308, 2.1814e+01, 1.8958e+00, 
 2DIAGNOSTIC,     7, -5.638282286102e-01, 1.797693134862e+308, 2.3772e+01, 1.9580e+00, 
 2DIAGNOSTIC,     8, -5.638282759570e-01, 1.797693134862e+308, 2.5834e+01, 2.0625e+00, 
 2DIAGNOSTIC,     9, -5.638283739279e-01, 1.797693134862e+308, 2.8589e+01, 2.7551e+00, 
 2DIAGNOSTIC,    10, -5.638284307877e-01, 9.094474948165e-06, 3.0481e+01, 1.8912e+00, 
 2DIAGNOSTIC,    11, -5.638283654241e-01, 3.149263135230e-06, 3.2374e+01, 1.8933e+00, 
 2DIAGNOSTIC,    12, -5.638283000305e-01, 2.470060049692e-06, 3.4207e+01, 1.8333e+00, 
 2DIAGNOSTIC,    13, -5.638282250778e-01, 2.316995687923e-06, 3.5990e+01, 1.7827e+00, 
 2DIAGNOSTIC,    14, -5.638280530169e-01, 2.184458445603e-06, 3.7865e+01, 1.8750e+00, 
 2DIAGNOSTIC,    15, -5.638281739716e-01, 2.075086933770e-06, 3.9679e+01, 1.8145e+00, 
 2DIAGNOSTIC,    16, -5.638278412252e-01, 1.962669019070e-06, 4.1403e+01, 1.7240e+00, 
 2DIAGNOSTIC,    17, -5.638280215137e-01, 1.839813225234e-06, 4.3152e+01, 1.7485e+00, 
 2DIAGNOSTIC,    18, -5.638279430775e-01, 1.732406342159e-06, 4.4973e+01, 1.8206e+00, 
 2DIAGNOSTIC,    19, -5.638275166442e-01, 1.630772650932e-06, 4.6812e+01, 1.8397e+00, 
 2DIAGNOSTIC,    20, -5.638274214172e-01, 1.542723812621e-06, 4.8461e+01, 1.6489e+00, 
 2DIAGNOSTIC,    21, -5.638273163540e-01, 1.463396432845e-06, 5.0371e+01, 1.9096e+00, 
 2DIAGNOSTIC,    22, -5.638273854578e-01, 1.396058449878e-06, 5.2408e+01, 2.0370e+00, 
 2DIAGNOSTIC,    23, -5.638274714383e-01, 1.339447954884e-06, 5.4290e+01, 1.8821e+00, 
 2DIAGNOSTIC,    24, -5.638269715271e-01, 1.277528545632e-06, 5.6137e+01, 1.8470e+00, 
 2DIAGNOSTIC,    25, -5.638269273959e-01, 1.227224154146e-06, 5.7791e+01, 1.6536e+00, 
 2DIAGNOSTIC,    26, -5.638269538618e-01, 1.178818438217e-06, 5.9474e+01, 1.6837e+00, 
 2DIAGNOSTIC,    27, -5.638269527373e-01, 1.141269139936e-06, 6.1320e+01, 1.8454e+00, 
 2DIAGNOSTIC,    28, -5.638272995004e-01, 1.114876316294e-06, 6.2999e+01, 1.6794e+00, 
 2DIAGNOSTIC,    29, -5.638277383490e-01, 1.092544980617e-06, 6.5034e+01, 2.0347e+00, 
 2DIAGNOSTIC,    30, -5.638279100117e-01, 1.073388051075e-06, 6.7184e+01, 2.1499e+00, 
 2DIAGNOSTIC,    31, -5.638278903576e-01, 1.052149316200e-06, 6.9252e+01, 2.0683e+00, 
 2DIAGNOSTIC,    32, -5.638277241363e-01, 1.028230141684e-06, 7.1090e+01, 1.8381e+00, 
 2DIAGNOSTIC,    33, -5.638276893756e-01, 1.003517235997e-06, 7.2913e+01, 1.8229e+00, 
  Elapsed time (stage 0): 7.3932e+01


Total elapsed time: 7.3935e+01
Info [verificarlo]: loaded backend libinterflop_ieee.so
Info [interflop-ieee]: load backend with:
Info [interflop-ieee]: debug = false
Info [interflop-ieee]: debug-binary = false
Info [interflop-ieee]: no-backend-name = false
Info [interflop-ieee]: print-new-line = false
Info [interflop-ieee]: print-subnormal-normalized = false
Info [interflop-ieee]: count-op = false
All_Command_lines_OK
Using double precision for computations.
=============================================================================
The composite transform comprises the following transforms (in order): 
  1. /home/mdugre/scratch/mri-registration-rp/datasets/ds004513/derivatives/mri-registration-rp/0100/antsRegistration-r8-p10/sub-s033/affine_Composite.h5[0] (type = Euler3DTransform)
  2. /home/mdugre/scratch/mri-registration-rp/datasets/ds004513/derivatives/mri-registration-rp/0100/antsRegistration-r8-p10/sub-s033/affine_Composite.h5[1] (type = Euler3DTransform)
  3. /home/mdugre/scratch/mri-registration-rp/datasets/ds004513/derivatives/mri-registration-rp/0100/antsRegistration-r8-p10/sub-s033/affine_Composite.h5[2] (type = Euler3DTransform)
  4. /home/mdugre/scratch/mri-registration-rp/datasets/ds004513/derivatives/mri-registration-rp/0100/antsRegistration-r8-p10/sub-s033/affine_Composite.h5[3] (type = AffineTransform)
=============================================================================
  number of levels = 4
  fixed image: /templateflow/tpl-MNI152NLin2009cAsym/tpl-MNI152NLin2009cAsym_res-01_desc-brain_T1w.nii.gz
  moving image: /home/mdugre/scratch/mri-registration-rp/datasets/ds004513/derivatives/mri-registration-rp/antsBrainExtraction/sub-s033/BrainExtractionBrain.nii.gz
Dimension = 3
Number of stages = 1
Use histogram matching = false
Winsorize image intensities = true
  Lower quantile = 0.005
  Upper quantile = 0.995


Stage 1 State
   Image metric = CC
     Fixed image = Image (0x4a34a40)
  RTTI typeinfo:   itk::Image<double, 3u>
  Reference Count: 2
  Modified Time: 1606
  Debug: Off
  Object Name: 
  Observers: 
    none
  Source: (none)
  Source output name: (none)
  Release Data: Off
  Data Released: False
  Global Release Data: Off
  PipelineMTime: 0
  UpdateMTime: 1217
  RealTimeStamp: 0 seconds 
  LargestPossibleRegion: 
    Dimension: 3
    Index: [0, 0, 0]
    Size: [193, 229, 193]
  BufferedRegion: 
    Dimension: 3
    Index: [0, 0, 0]
    Size: [193, 229, 193]
  RequestedRegion: 
    Dimension: 3
    Index: [0, 0, 0]
    Size: [193, 229, 193]
  Spacing: [1, 1, 1]
  Origin: [96, 132, -78]
  Direction: 
-1 0 0
0 -1 0
0 0 1

  IndexToPointMatrix: 
-1 0 0
0 -1 0
0 0 1

  PointToIndexMatrix: 
-1 0 0
0 -1 0
0 0 1

  Inverse Direction: 
-1 0 0
0 -1 0
0 0 1

  PixelContainer: 
    ImportImageContainer (0x4b03780)
      RTTI typeinfo:   itk::ImportImageContainer<unsigned long, double>
      Reference Count: 1
      Modified Time: 1214
      Debug: Off
      Object Name: 
      Observers: 
        none
      Pointer: 0x14781be90010
      Container manages memory: true
      Size: 8530021
      Capacity: 8530021

     Moving image = Image (0x4b05390)
  RTTI typeinfo:   itk::Image<double, 3u>
  Reference Count: 2
  Modified Time: 1607
  Debug: Off
  Object Name: 
  Observers: 
    none
  Source: (none)
  Source output name: (none)
  Release Data: Off
  Data Released: False
  Global Release Data: Off
  PipelineMTime: 0
  UpdateMTime: 1604
  RealTimeStamp: 0 seconds 
  LargestPossibleRegion: 
    Dimension: 3
    Index: [0, 0, 0]
    Size: [160, 240, 256]
  BufferedRegion: 
    Dimension: 3
    Index: [0, 0, 0]
    Size: [160, 240, 256]
  RequestedRegion: 
    Dimension: 3
    Index: [0, 0, 0]
    Size: [160, 240, 256]
  Spacing: [1, 1, 1]
  Origin: [91.5134, 94.282, -109.927]
  Direction: 
-0.99591 -0.0698718 -0.0572835
0.0697565 -0.997556 0.00401236
-0.0574239 5.01125e-08 0.99835

  IndexToPointMatrix: 
-0.99591 -0.0698718 -0.0572835
0.0697565 -0.997556 0.00401236
-0.0574239 5.01125e-08 0.99835

  PointToIndexMatrix: 
-0.99591 0.0697565 -0.0574239
-0.0698718 -0.997556 5.01483e-08
-0.0572835 0.00401236 0.99835

  Inverse Direction: 
-0.99591 0.0697565 -0.0574239
-0.0698718 -0.997556 5.01483e-08
-0.0572835 0.00401236 0.99835

  PixelContainer: 
    ImportImageContainer (0x4aba6f0)
      RTTI typeinfo:   itk::ImportImageContainer<unsigned long, double>
      Reference Count: 1
      Modified Time: 1601
      Debug: Off
      Object Name: 
      Observers: 
        none
      Pointer: 0x14781738f010
      Container manages memory: true
      Size: 9830400
      Capacity: 9830400

     Weighting = 1
     Sampling strategy = none
     Number of bins = 32
     Radius = 4
     Sampling percentage  = 1
   Transform = SyN
     Gradient step = 0.1
     Update field sigma (voxel space) = 3
     Total field sigma (voxel space) = 0
     Update field time sigma = 0
     Total field time sigma  = 0
     Number of time indices = 0
     Number of time point samples = 0
Registration using 1 total stages.

Stage 0
  iterations = 100x70x50x20
  convergence threshold = 1e-06
  convergence window size = 10
  number of levels = 4
  using the CC metric (radius = 4, weight = 1, use gradient filter = 0)
  preprocessing:  winsorizing the image intensities
  Shrink factors (level 1 out of 4): [8, 8, 8]
  Shrink factors (level 2 out of 4): [4, 4, 4]
  Shrink factors (level 3 out of 4): [2, 2, 2]
  Shrink factors (level 4 out of 4): [1, 1, 1]
  smoothing sigmas per level: [3, 2, 1, 0]
  Using default NONE metricSamplingStrategy 

*** Running SyN registration (varianceForUpdateField = 3, varianceForTotalField = 0) ***

XXDIAGNOSTIC,Iteration,metricValue,convergenceValue,ITERATION_TIME_INDEX,SINCE_LAST
 1DIAGNOSTIC,     1, -9.290322654812e-01, 1.797693134862e+308, 9.1898e-01, 9.1898e-01, 
 1DIAGNOSTIC,     2, -9.381073383525e-01, 1.797693134862e+308, 1.2472e+00, 3.2826e-01, 
 1DIAGNOSTIC,     3, -9.448689266828e-01, 1.797693134862e+308, 1.5708e+00, 3.2352e-01, 
 1DIAGNOSTIC,     4, -9.495706370426e-01, 1.797693134862e+308, 1.9005e+00, 3.2970e-01, 
 1DIAGNOSTIC,     5, -9.523983717808e-01, 1.797693134862e+308, 2.2299e+00, 3.2939e-01, 
 1DIAGNOSTIC,     6, -9.550138125987e-01, 1.797693134862e+308, 2.5585e+00, 3.2868e-01, 
 1DIAGNOSTIC,     7, -9.581204784809e-01, 1.797693134862e+308, 2.8879e+00, 3.2936e-01, 
 1DIAGNOSTIC,     8, -9.611228185302e-01, 1.797693134862e+308, 3.2246e+00, 3.3668e-01, 
 1DIAGNOSTIC,     9, -9.639772185427e-01, 1.797693134862e+308, 3.5531e+00, 3.2852e-01, 
 1DIAGNOSTIC,    10, -9.666096034581e-01, 2.272753730181e-03, 3.8893e+00, 3.3618e-01, 
 1DIAGNOSTIC,    11, -9.689502102970e-01, 1.751794829671e-03, 4.2146e+00, 3.2532e-01, 
 1DIAGNOSTIC,    12, -9.705441258952e-01, 1.423023181534e-03, 4.5406e+00, 3.2598e-01, 
 1DIAGNOSTIC,    13, -9.704252637463e-01, 1.167010706366e-03, 4.8797e+00, 3.3911e-01, 
 1DIAGNOSTIC,    14, -9.703347150430e-01, 9.400774683237e-04, 5.2085e+00, 3.2886e-01, 
 1DIAGNOSTIC,    15, -9.705417109996e-01, 7.177692465929e-04, 5.5458e+00, 3.3728e-01, 
