
##########################
# Experiment information #
##########################

EXPERIMENT_NAME: antsRegistration-r8-p18
VFC_BACKENDS: libinterflop_vprec.so --range-binary32=8 --precision-binary32=18 --range-binary64=8 --precision-binary64=18

SIF_IMG: /home/mdugre/projects/rrg-glatard/mdugre/containers/ants-vprec-no_metrics.simg

SUBJECT_ID: s035
INPUT_IMG: /home/mdugre/scratch/mri-registration-rp/datasets/ds004513/derivatives/mri-registration-rp/antsBrainExtraction/sub-s035/BrainExtractionBrain.nii.gz
OUTPUT_DIR: /home/mdugre/scratch/mri-registration-rp/datasets/ds004513/derivatives/mri-registration-rp/0100/antsRegistration-r8-p18/sub-s035

FIXED_IMG: /templateflow/tpl-MNI152NLin2009cAsym/tpl-MNI152NLin2009cAsym_res-01_desc-brain_T1w.nii.gz
DATA_DIR: /home/mdugre/scratch/mri-registration-rp/datasets/ds004513
TEMPLATEFLOW_DIR: /home/mdugre/projects/rrg-glatard/mdugre/templateflow
ITK_GLOBAL_DEFAULT_NUMBER_OF_THREADS: 16
##########################

Info [verificarlo]: loaded backend libinterflop_ieee.so
Info [interflop-ieee]: load backend with:
Info [interflop-ieee]: debug = false
Info [interflop-ieee]: debug-binary = false
Info [interflop-ieee]: no-backend-name = false
Info [interflop-ieee]: print-new-line = false
Info [interflop-ieee]: print-subnormal-normalized = false
Info [interflop-ieee]: count-op = false
All_Command_lines_OK
Using double precision for computations.
=============================================================================
The composite transform comprises the following transforms (in order): 
  1. Center of mass alignment using fixed image: /templateflow/tpl-MNI152NLin2009cAsym/tpl-MNI152NLin2009cAsym_res-01_desc-brain_T1w.nii.gz and moving image: /home/mdugre/scratch/mri-registration-rp/datasets/ds004513/derivatives/mri-registration-rp/antsBrainExtraction/sub-s035/BrainExtractionBrain.nii.gz (type = Euler3DTransform)
=============================================================================
  number of levels = 1
  fixed image: /templateflow/tpl-MNI152NLin2009cAsym/tpl-MNI152NLin2009cAsym_res-01_desc-brain_T1w.nii.gz
  moving image: /home/mdugre/scratch/mri-registration-rp/datasets/ds004513/derivatives/mri-registration-rp/antsBrainExtraction/sub-s035/BrainExtractionBrain.nii.gz
Dimension = 3
Number of stages = 1
Use histogram matching = false
Winsorize image intensities = true
  Lower quantile = 0.005
  Upper quantile = 0.995


Stage 1 State
   Image metric = MattesMI
     Fixed image = Image (0x457be70)
  RTTI typeinfo:   itk::Image<double, 3u>
  Reference Count: 2
  Modified Time: 2330
  Debug: Off
  Object Name: 
  Observers: 
    none
  Source: (none)
  Source output name: (none)
  Release Data: Off
  Data Released: False
  Global Release Data: Off
  PipelineMTime: 0
  UpdateMTime: 1941
  RealTimeStamp: 0 seconds 
  LargestPossibleRegion: 
    Dimension: 3
    Index: [0, 0, 0]
    Size: [193, 229, 193]
  BufferedRegion: 
    Dimension: 3
    Index: [0, 0, 0]
    Size: [193, 229, 193]
  RequestedRegion: 
    Dimension: 3
    Index: [0, 0, 0]
    Size: [193, 229, 193]
  Spacing: [1, 1, 1]
  Origin: [96, 132, -78]
  Direction: 
-1 0 0
0 -1 0
0 0 1

  IndexToPointMatrix: 
-1 0 0
0 -1 0
0 0 1

  PointToIndexMatrix: 
-1 0 0
0 -1 0
0 0 1

  Inverse Direction: 
-1 0 0
0 -1 0
0 0 1

  PixelContainer: 
    ImportImageContainer (0x4584c60)
      RTTI typeinfo:   itk::ImportImageContainer<unsigned long, double>
      Reference Count: 1
      Modified Time: 1938
      Debug: Off
      Object Name: 
      Observers: 
        none
      Pointer: 0x14e137807010
      Container manages memory: true
      Size: 8530021
      Capacity: 8530021

     Moving image = Image (0x4618ec0)
  RTTI typeinfo:   itk::Image<double, 3u>
  Reference Count: 2
  Modified Time: 2331
  Debug: Off
  Object Name: 
  Observers: 
    none
  Source: (none)
  Source output name: (none)
  Release Data: Off
  Data Released: False
  Global Release Data: Off
  PipelineMTime: 0
  UpdateMTime: 2328
  RealTimeStamp: 0 seconds 
  LargestPossibleRegion: 
    Dimension: 3
    Index: [0, 0, 0]
    Size: [160, 240, 256]
  BufferedRegion: 
    Dimension: 3
    Index: [0, 0, 0]
    Size: [160, 240, 256]
  RequestedRegion: 
    Dimension: 3
    Index: [0, 0, 0]
    Size: [160, 240, 256]
  Spacing: [1, 1, 1]
  Origin: [98.6438, 87.6358, -117.989]
  Direction: 
-0.993515 -0.100993 -0.0522355
0.100854 -0.994887 0.00530255
-0.0525039 1.93537e-08 0.998621

  IndexToPointMatrix: 
-0.993515 -0.100993 -0.0522355
0.100854 -0.994887 0.00530255
-0.0525039 1.93537e-08 0.998621

  PointToIndexMatrix: 
-0.993515 0.100854 -0.0525039
-0.100993 -0.994887 1.93006e-08
-0.0522355 0.00530255 0.998621

  Inverse Direction: 
-0.993515 0.100854 -0.0525039
-0.100993 -0.994887 1.93006e-08
-0.0522355 0.00530255 0.998621

  PixelContainer: 
    ImportImageContainer (0x46b0610)
      RTTI typeinfo:   itk::ImportImageContainer<unsigned long, double>
      Reference Count: 1
      Modified Time: 2325
      Debug: Off
      Object Name: 
      Observers: 
        none
      Pointer: 0x14e132d06010
      Container manages memory: true
      Size: 9830400
      Capacity: 9830400

     Weighting = 1
     Sampling strategy = regular
     Number of bins = 32
     Radius = 4
     Sampling percentage  = 0.25
   Transform = Rigid
     Gradient step = 0.1
     Update field sigma (voxel space) = 0
     Total field sigma (voxel space) = 0
     Update field time sigma = 0
     Total field time sigma  = 0
     Number of time indices = 0
     Number of time point samples = 0
Registration using 1 total stages.

Stage 0
  iterations = 0
  convergence threshold = 1e-06
  convergence window size = 10
  number of levels = 1
  using the Mattes MI metric (number of bins = 32, weight = 1, use gradient filter = 0)
  preprocessing:  winsorizing the image intensities
  Shrink factors (level 1 out of 1): [1, 1, 1]
  smoothing sigmas per level: [0]
  regular sampling (percentage = 0.25)

*** Running Euler3DTransform registration ***

  Elapsed time (stage 0): 1.10122


Total elapsed time: 1.10339
Info [verificarlo]: loaded backend libinterflop_vprec.so
Info [interflop-vprec]: load backend with: 
Info [interflop-vprec]: precision-binary32 = 18
Info [interflop-vprec]: range-binary32 = 8
Info [interflop-vprec]: precision-binary64 = 18
Info [interflop-vprec]: range-binary64 = 8
Info [interflop-vprec]: mode = ob
Info [interflop-vprec]: error-mode = rel
Info [interflop-vprec]: max-abs-error-exponent = -1022
Info [interflop-vprec]: daz = false
Info [interflop-vprec]: ftz = false
Info [interflop-vprec]: 	instrument = none
Info [interflop-vprec]: 	prec-input-file = (null)
Info [interflop-vprec]: 	prec-output-file = (null)
Info [interflop-vprec]: 	prec-log-file = (null)
All_Command_lines_OK
Using double precision for computations.
=============================================================================
The composite transform comprises the following transforms (in order): 
  1. /home/mdugre/scratch/mri-registration-rp/datasets/ds004513/derivatives/mri-registration-rp/0100/antsRegistration-r8-p18/sub-s035/align_Composite.h5[0] (type = Euler3DTransform)
  2. /home/mdugre/scratch/mri-registration-rp/datasets/ds004513/derivatives/mri-registration-rp/0100/antsRegistration-r8-p18/sub-s035/align_Composite.h5[1] (type = Euler3DTransform)
=============================================================================
  number of levels = 4
  fixed image: /templateflow/tpl-MNI152NLin2009cAsym/tpl-MNI152NLin2009cAsym_res-01_desc-brain_T1w.nii.gz
  moving image: /home/mdugre/scratch/mri-registration-rp/datasets/ds004513/derivatives/mri-registration-rp/antsBrainExtraction/sub-s035/BrainExtractionBrain.nii.gz
Dimension = 3
Number of stages = 1
Use histogram matching = false
Winsorize image intensities = true
  Lower quantile = 0.005
  Upper quantile = 0.995


Stage 1 State
   Image metric = MattesMI
     Fixed image = Image (0x47f21e0)
  RTTI typeinfo:   itk::Image<double, 3u>
  Reference Count: 2
  Modified Time: 1578
  Debug: Off
  Object Name: 
  Observers: 
    none
  Source: (none)
  Source output name: (none)
  Release Data: Off
  Data Released: False
  Global Release Data: Off
  PipelineMTime: 0
  UpdateMTime: 1189
  RealTimeStamp: 0 seconds 
  LargestPossibleRegion: 
    Dimension: 3
    Index: [0, 0, 0]
    Size: [193, 229, 193]
  BufferedRegion: 
    Dimension: 3
    Index: [0, 0, 0]
    Size: [193, 229, 193]
  RequestedRegion: 
    Dimension: 3
    Index: [0, 0, 0]
    Size: [193, 229, 193]
  Spacing: [1, 1, 1]
  Origin: [96, 132, -78]
  Direction: 
-1 0 0
0 -1 0
0 0 1

  IndexToPointMatrix: 
-1 0 0
0 -1 0
0 0 1

  PointToIndexMatrix: 
-1 0 0
0 -1 0
0 0 1

  Inverse Direction: 
-1 0 0
0 -1 0
0 0 1

  PixelContainer: 
    ImportImageContainer (0x48b1680)
      RTTI typeinfo:   itk::ImportImageContainer<unsigned long, double>
      Reference Count: 1
      Modified Time: 1186
      Debug: Off
      Object Name: 
      Observers: 
        none
      Pointer: 0x146c43fa9010
      Container manages memory: true
      Size: 8530021
      Capacity: 8530021

     Moving image = Image (0x48adb20)
  RTTI typeinfo:   itk::Image<double, 3u>
  Reference Count: 2
  Modified Time: 1579
  Debug: Off
  Object Name: 
  Observers: 
    none
  Source: (none)
  Source output name: (none)
  Release Data: Off
  Data Released: False
  Global Release Data: Off
  PipelineMTime: 0
  UpdateMTime: 1576
  RealTimeStamp: 0 seconds 
  LargestPossibleRegion: 
    Dimension: 3
    Index: [0, 0, 0]
    Size: [160, 240, 256]
  BufferedRegion: 
    Dimension: 3
    Index: [0, 0, 0]
    Size: [160, 240, 256]
  RequestedRegion: 
    Dimension: 3
    Index: [0, 0, 0]
    Size: [160, 240, 256]
  Spacing: [1, 1, 1]
  Origin: [98.6438, 87.6357, -117.99]
  Direction: 
-0.993515 -0.100993 -0.0522355
0.100854 -0.994886 0.00530255
-0.0525039 1.93537e-08 0.998621

  IndexToPointMatrix: 
-0.993515 -0.100993 -0.0522355
0.100854 -0.994886 0.00530255
-0.0525039 1.93537e-08 0.998621

  PointToIndexMatrix: 
-0.993515 0.100854 -0.0525039
-0.100993 -0.994888 1.90735e-06
-0.0522356 0.00530243 0.998623

  Inverse Direction: 
-0.993515 0.100854 -0.0525039
-0.100993 -0.994888 1.90735e-06
-0.0522356 0.00530243 0.998623

  PixelContainer: 
    ImportImageContainer (0x4916d50)
      RTTI typeinfo:   itk::ImportImageContainer<unsigned long, double>
      Reference Count: 1
      Modified Time: 1573
      Debug: Off
      Object Name: 
      Observers: 
        none
      Pointer: 0x146c3f4a8010
      Container manages memory: true
      Size: 9830400
      Capacity: 9830400

     Weighting = 1
     Sampling strategy = regular
     Number of bins = 32
     Radius = 4
     Sampling percentage  = 0.25
   Transform = Rigid
     Gradient step = 0.1
     Update field sigma (voxel space) = 0
     Total field sigma (voxel space) = 0
     Update field time sigma = 0
     Total field time sigma  = 0
     Number of time indices = 0
     Number of time point samples = 0
Registration using 1 total stages.

Stage 0
  iterations = 1000x500x250x100
  convergence threshold = 1e-06
  convergence window size = 10
  number of levels = 4
  using the Mattes MI metric (number of bins = 32, weight = 1, use gradient filter = 0)
  preprocessing:  winsorizing the image intensities
  Shrink factors (level 1 out of 4): [8, 8, 8]
  Shrink factors (level 2 out of 4): [4, 4, 4]
  Shrink factors (level 3 out of 4): [2, 2, 2]
  Shrink factors (level 4 out of 4): [1, 1, 1]
  smoothing sigmas per level: [3, 2, 1, 0]
  regular sampling (percentage = 0.25)

*** Running Euler3DTransform registration ***

DIAGNOSTIC,Iteration,metricValue,convergenceValue,ITERATION_TIME_INDEX,SINCE_LAST
 2DIAGNOSTIC,     1, -5.237292073903e-01, 1.797693134862e+308, 0.0000e+00, 0.0000e+00, 
 2DIAGNOSTIC,     2, -5.256679046266e-01, 1.797693134862e+308, 0.0000e+00, 0.0000e+00, 
 2DIAGNOSTIC,     3, -5.277570963084e-01, 1.797693134862e+308, 0.0000e+00, 0.0000e+00, 
 2DIAGNOSTIC,     4, -5.301308974394e-01, 1.797693134862e+308, 0.0000e+00, 0.0000e+00, 
 2DIAGNOSTIC,     5, -5.341857848678e-01, 1.797693134862e+308, 0.0000e+00, 0.0000e+00, 
 2DIAGNOSTIC,     6, -5.399302343622e-01, 1.797693134862e+308, 0.0000e+00, 0.0000e+00, 
 2DIAGNOSTIC,     7, -5.490968006886e-01, 1.797693134862e+308, 0.0000e+00, 0.0000e+00, 
 2DIAGNOSTIC,     8, -5.550180450827e-01, 1.797693134862e+308, 0.0000e+00, 0.0000e+00, 
 2DIAGNOSTIC,     9, -5.599581667298e-01, 1.797693134862e+308, 0.0000e+00, 0.0000e+00, 
 2DIAGNOSTIC,    10, -5.611449390226e-01, 5.066159934219e-03, 0.0000e+00, 0.0000e+00, 
 2DIAGNOSTIC,    11, -5.643231343538e-01, 4.763027513137e-03, 0.0000e+00, 0.0000e+00, 
 2DIAGNOSTIC,    12, -5.654927818982e-01, 4.214319985270e-03, 0.0000e+00, 0.0000e+00, 
 2DIAGNOSTIC,    13, -5.654937618488e-01, 3.455311964858e-03, 0.0000e+00, 0.0000e+00, 
 2DIAGNOSTIC,    14, -5.654951761070e-01, 2.585636837327e-03, 0.0000e+00, 0.0000e+00, 
 2DIAGNOSTIC,    15, -5.654966008554e-01, 1.740503706674e-03, 0.0000e+00, 0.0000e+00, 
 2DIAGNOSTIC,    16, -5.654993924724e-01, 1.024949386681e-03, 0.0000e+00, 0.0000e+00, 
 2DIAGNOSTIC,    17, -5.655032720559e-01, 5.764229902984e-04, 0.0000e+00, 0.0000e+00, 
 2DIAGNOSTIC,    18, -5.655107873709e-01, 2.933981969006e-04, 0.0000e+00, 0.0000e+00, 
 2DIAGNOSTIC,    19, -5.655207510202e-01, 1.485682355494e-04, 0.0000e+00, 0.0000e+00, 
 2DIAGNOSTIC,    20, -5.655390047524e-01, 3.389741598291e-05, 0.0000e+00, 0.0000e+00, 
 2DIAGNOSTIC,    21, -5.655670674946e-01, 4.930796686231e-06, 0.0000e+00, 0.0000e+00, 
 2DIAGNOSTIC,    22, -5.655420636712e-01, 5.006628815571e-06, 0.0000e+00, 0.0000e+00, 
 2DIAGNOSTIC,    23, -5.656109291063e-01, 6.326857968038e-06, 0.0000e+00, 0.0000e+00, 
 2DIAGNOSTIC,    24, -5.656357602718e-01, 7.589902060470e-06, 0.0000e+00, 0.0000e+00, 
 2DIAGNOSTIC,    25, -5.657491357170e-01, 1.049912448489e-05, 0.0000e+00, 0.0000e+00, 
 2DIAGNOSTIC,    26, -5.659370266549e-01, 1.602154757738e-05, 0.0000e+00, 0.0000e+00, 
 2DIAGNOSTIC,    27, -5.661016392700e-01, 2.286025025361e-05, 0.0000e+00, 0.0000e+00, 
 2DIAGNOSTIC,    28, -5.662110718850e-01, 2.926645173688e-05, 0.0000e+00, 0.0000e+00, 
 2DIAGNOSTIC,    29, -5.679900304732e-01, 6.404038101382e-05, 0.0000e+00, 0.0000e+00, 
 2DIAGNOSTIC,    30, -5.705722424788e-01, 1.338360766502e-04, 0.0000e+00, 0.0000e+00, 
 2DIAGNOSTIC,    31, -5.706384968423e-01, 1.871486320461e-04, 0.0000e+00, 0.0000e+00, 
 2DIAGNOSTIC,    32, -5.708071145998e-01, 2.225814893885e-04, 0.0000e+00, 0.0000e+00, 
 2DIAGNOSTIC,    33, -5.711154055986e-01, 2.411300946150e-04, 0.0000e+00, 0.0000e+00, 
 2DIAGNOSTIC,    34, -5.714246454762e-01, 2.401097384040e-04, 0.0000e+00, 0.0000e+00, 
 2DIAGNOSTIC,    35, -5.717446449903e-01, 2.219335031541e-04, 0.0000e+00, 0.0000e+00, 
 2DIAGNOSTIC,    36, -5.720746317661e-01, 1.912773796001e-04, 0.0000e+00, 0.0000e+00, 
 2DIAGNOSTIC,    37, -5.724287131474e-01, 1.520782914198e-04, 0.0000e+00, 0.0000e+00, 
 2DIAGNOSTIC,    38, -5.731581432876e-01, 1.114264328522e-04, 0.0000e+00, 0.0000e+00, 
 2DIAGNOSTIC,    39, -5.740135195745e-01, 9.543883854599e-05, 0.0000e+00, 0.0000e+00, 
 2DIAGNOSTIC,    40, -5.756595702018e-01, 1.246181978838e-04, 0.0000e+00, 0.0000e+00, 
 2DIAGNOSTIC,    41, -5.765004913419e-01, 1.513640371847e-04, 0.0000e+00, 0.0000e+00, 
 2DIAGNOSTIC,    42, -5.769807178999e-01, 1.702423885605e-04, 0.0000e+00, 0.0000e+00, 
 2DIAGNOSTIC,    43, -5.775170699238e-01, 1.820414764497e-04, 0.0000e+00, 0.0000e+00, 
 2DIAGNOSTIC,    44, -5.786932671591e-01, 1.927998996550e-04, 0.0000e+00, 0.0000e+00, 
 2DIAGNOSTIC,    45, -5.835218931352e-01, 2.418893755983e-04, 0.0000e+00, 0.0000e+00, 
 2DIAGNOSTIC,    46, -5.976794270395e-01, 4.229271592155e-04, 0.0000e+00, 0.0000e+00, 
 2DIAGNOSTIC,    47, -6.389751501957e-01, 9.964629081586e-04, 0.0000e+00, 0.0000e+00, 
 2DIAGNOSTIC,    48, -6.428248205131e-01, 1.485767013618e-03, 0.0000e+00, 0.0000e+00, 
 2DIAGNOSTIC,    49, -6.428237769918e-01, 1.824897014222e-03, 0.0000e+00, 0.0000e+00, 
 2DIAGNOSTIC,    50, -6.428242933158e-01, 1.996428874868e-03, 0.0000e+00, 0.0000e+00, 
 2DIAGNOSTIC,    51, -6.428258888884e-01, 1.974408134884e-03, 0.0000e+00, 0.0000e+00, 
 2DIAGNOSTIC,    52, -6.428280370511e-01, 1.762495740343e-03, 0.0000e+00, 0.0000e+00, 
 2DIAGNOSTIC,    53, -6.428303593796e-01, 1.396200742428e-03, 0.0000e+00, 0.0000e+00, 
 2DIAGNOSTIC,    54, -6.428313431347e-01, 9.284649366665e-04, 0.0000e+00, 0.0000e+00, 
 2DIAGNOSTIC,    55, -6.428355327475e-01, 4.354585017288e-04, 0.0000e+00, 0.0000e+00, 
 2DIAGNOSTIC,    56, -6.428424856746e-01, 3.474436932678e-05, 0.0000e+00, 0.0000e+00, 
 2DIAGNOSTIC,    57, -6.428569839838e-01, 1.124308931271e-06, 0.0000e+00, 0.0000e+00, 
 2DIAGNOSTIC,    58, -6.428796061635e-01, 1.443828007579e-06, 0.0000e+00, 0.0000e+00, 
 2DIAGNOSTIC,    59, -6.429129744285e-01, 1.935444315322e-06, 0.0000e+00, 0.0000e+00, 
 2DIAGNOSTIC,    60, -6.429720466277e-01, 2.760282418138e-06, 0.0000e+00, 0.0000e+00, 
 2DIAGNOSTIC,    61, -6.430734578746e-01, 4.159688504497e-06, 0.0000e+00, 0.0000e+00, 
 2DIAGNOSTIC,    62, -6.432464952246e-01, 6.523342787213e-06, 0.0000e+00, 0.0000e+00, 
 2DIAGNOSTIC,    63, -6.435365465096e-01, 1.046059044546e-05, 0.0000e+00, 0.0000e+00, 
 2DIAGNOSTIC,    64, -6.440293974823e-01, 1.701179676460e-05, 0.0000e+00, 0.0000e+00, 
 2DIAGNOSTIC,    65, -6.447487767386e-01, 2.708053200337e-05, 0.0000e+00, 0.0000e+00, 
 2DIAGNOSTIC,    66, -6.461922901748e-01, 4.479522017943e-05, 0.0000e+00, 0.0000e+00, 
 2DIAGNOSTIC,    67, -6.483961213309e-01, 7.344463769554e-05, 0.0000e+00, 0.0000e+00, 
 2DIAGNOSTIC,    68, -6.523698692843e-01, 1.221797229112e-04, 0.0000e+00, 0.0000e+00, 
 2DIAGNOSTIC,    69, -6.597994683647e-01, 2.091381957495e-04, 0.0000e+00, 0.0000e+00, 
 2DIAGNOSTIC,    70, -6.658415944997e-01, 3.140706664878e-04, 0.0000e+00, 0.0000e+00, 
 2DIAGNOSTIC,    71, -6.685965588466e-01, 4.044363212312e-04, 0.0000e+00, 0.0000e+00, 
 2DIAGNOSTIC,    72, -6.690639732447e-01, 4.577783439797e-04, 0.0000e+00, 0.0000e+00, 
 2DIAGNOSTIC,    73, -6.717492908938e-01, 4.850916540710e-04, 0.0000e+00, 0.0000e+00, 
 2DIAGNOSTIC,    74, -6.765310887456e-01, 4.978165305382e-04, 0.0000e+00, 0.0000e+00, 
 2DIAGNOSTIC,    75, -6.767127850284e-01, 4.667739543091e-04, 0.0000e+00, 0.0000e+00, 
 2DIAGNOSTIC,    76, -6.772301997969e-01, 4.047958092790e-04, 0.0000e+00, 0.0000e+00, 
 2DIAGNOSTIC,    77, -6.779407555391e-01, 3.242976823162e-04, 0.0000e+00, 0.0000e+00, 
 2DIAGNOSTIC,    78, -6.784610484004e-01, 2.411482253615e-04, 0.0000e+00, 0.0000e+00, 
 2DIAGNOSTIC,    79, -6.786629668826e-01, 1.815002205048e-04, 0.0000e+00, 0.0000e+00, 
 2DIAGNOSTIC,    80, -6.797084688506e-01, 1.476393502740e-04, 0.0000e+00, 0.0000e+00, 
 2DIAGNOSTIC,    81, -6.799674309301e-01, 1.184366221492e-04, 0.0000e+00, 0.0000e+00, 
 2DIAGNOSTIC,    82, -6.802172137164e-01, 8.262931039109e-05, 0.0000e+00, 0.0000e+00, 
 2DIAGNOSTIC,    83, -6.809663096514e-01, 5.858404621906e-05, 0.0000e+00, 0.0000e+00, 
 2DIAGNOSTIC,    84, -6.821716052549e-01, 6.293492617254e-05, 0.0000e+00, 0.0000e+00, 
 2DIAGNOSTIC,    85, -6.826911419180e-01, 6.478715725679e-05, 0.0000e+00, 0.0000e+00, 
 2DIAGNOSTIC,    86, -6.826891151107e-01, 6.313464750295e-05, 0.0000e+00, 0.0000e+00, 
 2DIAGNOSTIC,    87, -6.827773559130e-01, 5.987659904893e-05, 0.0000e+00, 0.0000e+00, 
 2DIAGNOSTIC,    88, -6.830006911223e-01, 5.489245710053e-05, 0.0000e+00, 0.0000e+00, 
 2DIAGNOSTIC,    89, -6.835279366495e-01, 4.830658523753e-05, 0.0000e+00, 0.0000e+00, 
 2DIAGNOSTIC,    90, -6.834855675294e-01, 4.235477908464e-05, 0.0000e+00, 0.0000e+00, 
 2DIAGNOSTIC,    91, -6.837211289375e-01, 3.517407363328e-05, 0.0000e+00, 0.0000e+00, 
 2DIAGNOSTIC,    92, -6.840009617284e-01, 2.747889800868e-05, 0.0000e+00, 0.0000e+00, 
 2DIAGNOSTIC,    93, -6.853357683442e-01, 2.752867457951e-05, 0.0000e+00, 0.0000e+00, 
 2DIAGNOSTIC,    94, -6.855799415954e-01, 3.182144808288e-05, 0.0000e+00, 0.0000e+00, 
 2DIAGNOSTIC,    95, -6.856343615448e-01, 3.584449954118e-05, 0.0000e+00, 0.0000e+00, 
 2DIAGNOSTIC,    96, -6.855962925904e-01, 3.628170247352e-05, 0.0000e+00, 0.0000e+00, 
 2DIAGNOSTIC,    97, -6.859081007782e-01, 3.511024921432e-05, 0.0000e+00, 0.0000e+00, 
 2DIAGNOSTIC,    98, -6.862322422066e-01, 3.296690037106e-05, 0.0000e+00, 0.0000e+00, 
 2DIAGNOSTIC,    99, -6.862635947714e-01, 3.028115424844e-05, 0.0000e+00, 0.0000e+00, 
 2DIAGNOSTIC,   100, -6.861674575862e-01, 2.423763184276e-05, 0.0000e+00, 0.0000e+00, 
 2DIAGNOSTIC,   101, -6.861704281386e-01, 1.718928983101e-05, 0.0000e+00, 0.0000e+00, 
 2DIAGNOSTIC,   102, -6.861688780960e-01, 9.728465102696e-06, 0.0000e+00, 0.0000e+00, 
 2DIAGNOSTIC,   103, -6.861682423105e-01, 7.384473669429e-06, 0.0000e+00, 0.0000e+00, 
 2DIAGNOSTIC,   104, -6.861680137019e-01, 5.489174403633e-06, 0.0000e+00, 0.0000e+00, 
 2DIAGNOSTIC,   105, -6.861678131162e-01, 3.421354018627e-06, 0.0000e+00, 0.0000e+00, 
DIAGNOSTIC,Iteration,metricValue,convergenceValue,ITERATION_TIME_INDEX,SINCE_LAST
 2DIAGNOSTIC,     1, -5.583868515663e-01, 1.797693134862e+308, 0.0000e+00, 0.0000e+00, 
 2DIAGNOSTIC,     2, -5.587013545685e-01, 1.797693134862e+308, 0.0000e+00, 0.0000e+00, 
 2DIAGNOSTIC,     3, -5.591309969936e-01, 1.797693134862e+308, 0.0000e+00, 0.0000e+00, 
 2DIAGNOSTIC,     4, -5.599167658915e-01, 1.797693134862e+308, 0.0000e+00, 0.0000e+00, 
 2DIAGNOSTIC,     5, -5.610506216447e-01, 1.797693134862e+308, 0.0000e+00, 0.0000e+00, 
 2DIAGNOSTIC,     6, -5.614253623135e-01, 1.797693134862e+308, 0.0000e+00, 0.0000e+00, 
 2DIAGNOSTIC,     7, -5.629031961410e-01, 1.797693134862e+308, 0.0000e+00, 0.0000e+00, 
 2DIAGNOSTIC,     8, -5.632717341981e-01, 1.797693134862e+308, 0.0000e+00, 0.0000e+00, 
 2DIAGNOSTIC,     9, -5.641071466436e-01, 1.797693134862e+308, 0.0000e+00, 0.0000e+00, 
 2DIAGNOSTIC,    10, -5.643347689893e-01, 7.643405824008e-04, 0.0000e+00, 0.0000e+00, 
 2DIAGNOSTIC,    11, -5.644153237788e-01, 6.691921244366e-04, 0.0000e+00, 0.0000e+00, 
 2DIAGNOSTIC,    12, -5.644556261791e-01, 5.452918693160e-04, 0.0000e+00, 0.0000e+00, 
 2DIAGNOSTIC,    13, -5.645946144392e-01, 4.131159940491e-04, 0.0000e+00, 0.0000e+00, 
 2DIAGNOSTIC,    14, -5.656591026172e-01, 3.285646559350e-04, 0.0000e+00, 0.0000e+00, 
 2DIAGNOSTIC,    15, -5.657865079937e-01, 2.672979310946e-04, 0.0000e+00, 0.0000e+00, 
 2DIAGNOSTIC,    16, -5.657615976857e-01, 1.999835511631e-04, 0.0000e+00, 0.0000e+00, 
 2DIAGNOSTIC,    17, -5.658240702773e-01, 1.687829088691e-04, 0.0000e+00, 0.0000e+00, 
 2DIAGNOSTIC,    18, -5.658416984321e-01, 1.357373818041e-04, 0.0000e+00, 0.0000e+00, 
 2DIAGNOSTIC,    19, -5.658391115020e-01, 1.152549487102e-04, 0.0000e+00, 0.0000e+00, 
 2DIAGNOSTIC,    20, -5.658085701670e-01, 9.113976636911e-05, 0.0000e+00, 0.0000e+00, 
 2DIAGNOSTIC,    21, -5.658508153460e-01, 6.438824700018e-05, 0.0000e+00, 0.0000e+00, 
 2DIAGNOSTIC,    22, -5.658928836433e-01, 3.628617234782e-05, 0.0000e+00, 0.0000e+00, 
 2DIAGNOSTIC,    23, -5.659197934381e-01, 1.033199996626e-05, 0.0000e+00, 0.0000e+00, 
 2DIAGNOSTIC,    24, -5.659734898470e-01, 9.145644398065e-06, 0.0000e+00, 0.0000e+00, 
 2DIAGNOSTIC,    25, -5.660900995315e-01, 1.227119099394e-05, 0.0000e+00, 0.0000e+00, 
 2DIAGNOSTIC,    26, -5.662043234538e-01, 1.576161367602e-05, 0.0000e+00, 0.0000e+00, 
 2DIAGNOSTIC,    27, -5.663450079354e-01, 2.135780284643e-05, 0.0000e+00, 0.0000e+00, 
 2DIAGNOSTIC,    28, -5.663559308346e-01, 2.514162540436e-05, 0.0000e+00, 0.0000e+00, 
 2DIAGNOSTIC,    29, -5.663627994264e-01, 2.653758574984e-05, 0.0000e+00, 0.0000e+00, 
 2DIAGNOSTIC,    30, -5.663666521379e-01, 2.497551835784e-05, 0.0000e+00, 0.0000e+00, 
 2DIAGNOSTIC,    31, -5.663660145572e-01, 2.188167714619e-05, 0.0000e+00, 0.0000e+00, 
 2DIAGNOSTIC,    32, -5.663647319645e-01, 1.763305382759e-05, 0.0000e+00, 0.0000e+00, 
 2DIAGNOSTIC,    33, -5.663469979108e-01, 1.222064723999e-05, 0.0000e+00, 0.0000e+00, 
 2DIAGNOSTIC,    34, -5.663468090670e-01, 6.860198479272e-06, 0.0000e+00, 0.0000e+00, 
 2DIAGNOSTIC,    35, -5.663469481238e-01, 2.897984125748e-06, 0.0000e+00, 0.0000e+00, 
DIAGNOSTIC,Iteration,metricValue,convergenceValue,ITERATION_TIME_INDEX,SINCE_LAST
 2DIAGNOSTIC,     1, -5.037838213518e-01, 1.797693134862e+308, 0.0000e+00, 0.0000e+00, 
 2DIAGNOSTIC,     2, -5.039939194313e-01, 1.797693134862e+308, 0.0000e+00, 0.0000e+00, 
 2DIAGNOSTIC,     3, -5.042011416698e-01, 1.797693134862e+308, 0.0000e+00, 0.0000e+00, 
 2DIAGNOSTIC,     4, -5.043149836504e-01, 1.797693134862e+308, 0.0000e+00, 0.0000e+00, 
 2DIAGNOSTIC,     5, -5.043173411570e-01, 1.797693134862e+308, 0.0000e+00, 0.0000e+00, 
 2DIAGNOSTIC,     6, -5.043398769050e-01, 1.797693134862e+308, 0.0000e+00, 0.0000e+00, 
 2DIAGNOSTIC,     7, -5.044132192134e-01, 1.797693134862e+308, 0.0000e+00, 0.0000e+00, 
 2DIAGNOSTIC,     8, -5.044617348249e-01, 1.797693134862e+308, 0.0000e+00, 0.0000e+00, 
 2DIAGNOSTIC,     9, -5.045824371188e-01, 1.797693134862e+308, 0.0000e+00, 0.0000e+00, 
 2DIAGNOSTIC,    10, -5.046110761699e-01, 9.185177123880e-05, 0.0000e+00, 0.0000e+00, 
 2DIAGNOSTIC,    11, -5.046381234198e-01, 6.790815411641e-05, 0.0000e+00, 0.0000e+00, 
 2DIAGNOSTIC,    12, -5.046338609503e-01, 5.158032055774e-05, 0.0000e+00, 0.0000e+00, 
 2DIAGNOSTIC,    13, -5.046369391583e-01, 4.230941231478e-05, 0.0000e+00, 0.0000e+00, 
 2DIAGNOSTIC,    14, -5.046361564152e-01, 3.526621321609e-05, 0.0000e+00, 0.0000e+00, 
 2DIAGNOSTIC,    15, -5.046356433042e-01, 2.621706719182e-05, 0.0000e+00, 0.0000e+00, 
 2DIAGNOSTIC,    16, -5.046335539823e-01, 1.680662476405e-05, 0.0000e+00, 0.0000e+00, 
 2DIAGNOSTIC,    17, -5.046318206367e-01, 9.528692891475e-06, 0.0000e+00, 0.0000e+00, 
 2DIAGNOSTIC,    18, -5.046317506862e-01, 3.782791356891e-06, 0.0000e+00, 0.0000e+00, 
 2DIAGNOSTIC,    19, -5.046317368538e-01, 2.014104248653e-06, 0.0000e+00, 0.0000e+00, 
 2DIAGNOSTIC,    20, -5.046317443497e-01, 1.174096256863e-06, 0.0000e+00, 0.0000e+00, 
 2DIAGNOSTIC,    21, -5.046317515661e-01, 1.182368186851e-06, 0.0000e+00, 0.0000e+00, 
 2DIAGNOSTIC,    22, -5.046316236187e-01, 1.105382676683e-06, 0.0000e+00, 0.0000e+00, 
 2DIAGNOSTIC,    23, -5.046315814353e-01, 1.139880102197e-06, 0.0000e+00, 0.0000e+00, 
 2DIAGNOSTIC,    24, -5.046315911897e-01, 1.174013348350e-06, 0.0000e+00, 0.0000e+00, 
 2DIAGNOSTIC,    25, -5.046316076967e-01, 1.208042014617e-06, 0.0000e+00, 0.0000e+00, 
 2DIAGNOSTIC,    26, -5.046316141678e-01, 1.200272758212e-06, 0.0000e+00, 0.0000e+00, 
 2DIAGNOSTIC,    27, -5.046316100568e-01, 1.158003824511e-06, 0.0000e+00, 0.0000e+00, 
 2DIAGNOSTIC,    28, -5.046316243019e-01, 1.118516341436e-06, 0.0000e+00, 0.0000e+00, 
 2DIAGNOSTIC,    29, -5.046316251872e-01, 1.082081223271e-06, 0.0000e+00, 0.0000e+00, 
 2DIAGNOSTIC,    30, -5.046314711950e-01, 1.045681751431e-06, 0.0000e+00, 0.0000e+00, 
 2DIAGNOSTIC,    31, -5.046314851623e-01, 1.012582819239e-06, 0.0000e+00, 0.0000e+00, 
DIAGNOSTIC,Iteration,metricValue,convergenceValue,ITERATION_TIME_INDEX,SINCE_LAST
 2DIAGNOSTIC,     1, -4.671359667109e-01, 1.797693134862e+308, 0.0000e+00, 0.0000e+00, 
 2DIAGNOSTIC,     2, -4.672746268788e-01, 1.797693134862e+308, 0.0000e+00, 0.0000e+00, 
 2DIAGNOSTIC,     3, -4.674237164613e-01, 1.797693134862e+308, 0.0000e+00, 0.0000e+00, 
 2DIAGNOSTIC,     4, -4.674243307958e-01, 1.797693134862e+308, 0.0000e+00, 0.0000e+00, 
 2DIAGNOSTIC,     5, -4.674267312553e-01, 1.797693134862e+308, 0.0000e+00, 0.0000e+00, 
 2DIAGNOSTIC,     6, -4.674254992813e-01, 1.797693134862e+308, 0.0000e+00, 0.0000e+00, 
 2DIAGNOSTIC,     7, -4.674258643720e-01, 1.797693134862e+308, 0.0000e+00, 0.0000e+00, 
 2DIAGNOSTIC,     8, -4.674244475258e-01, 1.797693134862e+308, 0.0000e+00, 0.0000e+00, 
 2DIAGNOSTIC,     9, -4.674244144423e-01, 1.797693134862e+308, 0.0000e+00, 0.0000e+00, 
 2DIAGNOSTIC,    10, -4.674245257928e-01, 2.871579312065e-05, 0.0000e+00, 0.0000e+00, 
 2DIAGNOSTIC,    11, -4.674242218643e-01, 1.112017408481e-05, 0.0000e+00, 0.0000e+00, 
 2DIAGNOSTIC,    12, -4.674242152076e-01, 2.529501947457e-06, 0.0000e+00, 0.0000e+00, 
 2DIAGNOSTIC,    13, -4.674242386867e-01, 2.244569501431e-06, 0.0000e+00, 0.0000e+00, 
 2DIAGNOSTIC,    14, -4.674241179582e-01, 2.034613881138e-06, 0.0000e+00, 0.0000e+00, 
 2DIAGNOSTIC,    15, -4.674239030843e-01, 1.961716391496e-06, 0.0000e+00, 0.0000e+00, 
 2DIAGNOSTIC,    16, -4.674240104189e-01, 1.867177156722e-06, 0.0000e+00, 0.0000e+00, 
 2DIAGNOSTIC,    17, -4.674240032033e-01, 1.807186169690e-06, 0.0000e+00, 0.0000e+00, 
 2DIAGNOSTIC,    18, -4.674238177310e-01, 1.703804763817e-06, 0.0000e+00, 0.0000e+00, 
 2DIAGNOSTIC,    19, -4.674238048757e-01, 1.614204362670e-06, 0.0000e+00, 0.0000e+00, 
 2DIAGNOSTIC,    20, -4.674238068818e-01, 1.541395305109e-06, 0.0000e+00, 0.0000e+00, 
 2DIAGNOSTIC,    21, -4.674238045351e-01, 1.469616501534e-06, 0.0000e+00, 0.0000e+00, 
 2DIAGNOSTIC,    22, -4.674238315526e-01, 1.407613910764e-06, 0.0000e+00, 0.0000e+00, 
 2DIAGNOSTIC,    23, -4.674238315526e-01, 1.354020354727e-06, 0.0000e+00, 0.0000e+00, 
 2DIAGNOSTIC,    24, -4.674238288384e-01, 1.303437055039e-06, 0.0000e+00, 0.0000e+00, 
 2DIAGNOSTIC,    25, -4.674238288384e-01, 1.252385949189e-06, 0.0000e+00, 0.0000e+00, 
 2DIAGNOSTIC,    26, -4.674237333193e-01, 1.206197660045e-06, 0.0000e+00, 0.0000e+00, 
 2DIAGNOSTIC,    27, -4.674237333193e-01, 1.163936692798e-06, 0.0000e+00, 0.0000e+00, 
 2DIAGNOSTIC,    28, -4.674237333193e-01, 1.120902645917e-06, 0.0000e+00, 0.0000e+00, 
 2DIAGNOSTIC,    29, -4.674237333193e-01, 1.080927404244e-06, 0.0000e+00, 0.0000e+00, 
 2DIAGNOSTIC,    30, -4.674237333193e-01, 1.044170218747e-06, 0.0000e+00, 0.0000e+00, 
 2DIAGNOSTIC,    31, -4.674237333193e-01, 1.010303478245e-06, 0.0000e+00, 0.0000e+00, 
  Elapsed time (stage 0): 0.0000e+00


Total elapsed time: 0.0000e+00
Info [verificarlo]: loaded backend libinterflop_ieee.so
Info [interflop-ieee]: load backend with:
Info [interflop-ieee]: debug = false
Info [interflop-ieee]: debug-binary = false
Info [interflop-ieee]: no-backend-name = false
Info [interflop-ieee]: print-new-line = false
Info [interflop-ieee]: print-subnormal-normalized = false
Info [interflop-ieee]: count-op = false
All_Command_lines_OK
Using double precision for computations.
=============================================================================
The composite transform comprises the following transforms (in order): 
  1. /home/mdugre/scratch/mri-registration-rp/datasets/ds004513/derivatives/mri-registration-rp/0100/antsRegistration-r8-p18/sub-s035/rigid_Composite.h5[0] (type = Euler3DTransform)
  2. /home/mdugre/scratch/mri-registration-rp/datasets/ds004513/derivatives/mri-registration-rp/0100/antsRegistration-r8-p18/sub-s035/rigid_Composite.h5[1] (type = Euler3DTransform)
  3. /home/mdugre/scratch/mri-registration-rp/datasets/ds004513/derivatives/mri-registration-rp/0100/antsRegistration-r8-p18/sub-s035/rigid_Composite.h5[2] (type = Euler3DTransform)
=============================================================================
  number of levels = 4
  fixed image: /templateflow/tpl-MNI152NLin2009cAsym/tpl-MNI152NLin2009cAsym_res-01_desc-brain_T1w.nii.gz
  moving image: /home/mdugre/scratch/mri-registration-rp/datasets/ds004513/derivatives/mri-registration-rp/antsBrainExtraction/sub-s035/BrainExtractionBrain.nii.gz
Dimension = 3
Number of stages = 1
Use histogram matching = false
Winsorize image intensities = true
  Lower quantile = 0.005
  Upper quantile = 0.995


Stage 1 State
   Image metric = MattesMI
     Fixed image = Image (0x50af7e0)
  RTTI typeinfo:   itk::Image<double, 3u>
  Reference Count: 2
  Modified Time: 1592
  Debug: Off
  Object Name: 
  Observers: 
    none
  Source: (none)
  Source output name: (none)
  Release Data: Off
  Data Released: False
  Global Release Data: Off
  PipelineMTime: 0
  UpdateMTime: 1203
  RealTimeStamp: 0 seconds 
  LargestPossibleRegion: 
    Dimension: 3
    Index: [0, 0, 0]
    Size: [193, 229, 193]
  BufferedRegion: 
    Dimension: 3
    Index: [0, 0, 0]
    Size: [193, 229, 193]
  RequestedRegion: 
    Dimension: 3
    Index: [0, 0, 0]
    Size: [193, 229, 193]
  Spacing: [1, 1, 1]
  Origin: [96, 132, -78]
  Direction: 
-1 0 0
0 -1 0
0 0 1

  IndexToPointMatrix: 
-1 0 0
0 -1 0
0 0 1

  PointToIndexMatrix: 
-1 0 0
0 -1 0
0 0 1

  Inverse Direction: 
-1 0 0
0 -1 0
0 0 1

  PixelContainer: 
    ImportImageContainer (0x516fa20)
      RTTI typeinfo:   itk::ImportImageContainer<unsigned long, double>
      Reference Count: 1
      Modified Time: 1200
      Debug: Off
      Object Name: 
      Observers: 
        none
      Pointer: 0x14ed72eb5010
      Container manages memory: true
      Size: 8530021
      Capacity: 8530021

     Moving image = Image (0x5122cf0)
  RTTI typeinfo:   itk::Image<double, 3u>
  Reference Count: 2
  Modified Time: 1593
  Debug: Off
  Object Name: 
  Observers: 
    none
  Source: (none)
  Source output name: (none)
  Release Data: Off
  Data Released: False
  Global Release Data: Off
  PipelineMTime: 0
  UpdateMTime: 1590
  RealTimeStamp: 0 seconds 
  LargestPossibleRegion: 
    Dimension: 3
    Index: [0, 0, 0]
    Size: [160, 240, 256]
  BufferedRegion: 
    Dimension: 3
    Index: [0, 0, 0]
    Size: [160, 240, 256]
  RequestedRegion: 
    Dimension: 3
    Index: [0, 0, 0]
    Size: [160, 240, 256]
  Spacing: [1, 1, 1]
  Origin: [98.6438, 87.6358, -117.989]
  Direction: 
-0.993515 -0.100993 -0.0522355
0.100854 -0.994887 0.00530255
-0.0525039 1.93537e-08 0.998621

  IndexToPointMatrix: 
-0.993515 -0.100993 -0.0522355
0.100854 -0.994887 0.00530255
-0.0525039 1.93537e-08 0.998621

  PointToIndexMatrix: 
-0.993515 0.100854 -0.0525039
-0.100993 -0.994887 1.93006e-08
-0.0522355 0.00530255 0.998621

  Inverse Direction: 
-0.993515 0.100854 -0.0525039
-0.100993 -0.994887 1.93006e-08
-0.0522355 0.00530255 0.998621

  PixelContainer: 
    ImportImageContainer (0x519e550)
      RTTI typeinfo:   itk::ImportImageContainer<unsigned long, double>
      Reference Count: 1
      Modified Time: 1587
      Debug: Off
      Object Name: 
      Observers: 
        none
      Pointer: 0x14ed6e3b4010
      Container manages memory: true
      Size: 9830400
      Capacity: 9830400

     Weighting = 1
     Sampling strategy = regular
     Number of bins = 32
     Radius = 4
     Sampling percentage  = 0.25
   Transform = Affine
     Gradient step = 0.1
     Update field sigma (voxel space) = 0
     Total field sigma (voxel space) = 0
     Update field time sigma = 0
     Total field time sigma  = 0
     Number of time indices = 0
     Number of time point samples = 0
Registration using 1 total stages.

Stage 0
  iterations = 1000x500x250x100
  convergence threshold = 1e-06
  convergence window size = 10
  number of levels = 4
  using the Mattes MI metric (number of bins = 32, weight = 1, use gradient filter = 0)
  preprocessing:  winsorizing the image intensities
  Shrink factors (level 1 out of 4): [8, 8, 8]
  Shrink factors (level 2 out of 4): [4, 4, 4]
  Shrink factors (level 3 out of 4): [2, 2, 2]
  Shrink factors (level 4 out of 4): [1, 1, 1]
  smoothing sigmas per level: [3, 2, 1, 0]
  regular sampling (percentage = 0.25)

*** Running AffineTransform registration ***

DIAGNOSTIC,Iteration,metricValue,convergenceValue,ITERATION_TIME_INDEX,SINCE_LAST
 2DIAGNOSTIC,     1, -6.758555465744e-01, 1.797693134862e+308, 6.7661e-01, 6.7661e-01, 
 2DIAGNOSTIC,     2, -6.778742110422e-01, 1.797693134862e+308, 6.8096e-01, 4.3411e-03, 
 2DIAGNOSTIC,     3, -6.811997937233e-01, 1.797693134862e+308, 6.8533e-01, 4.3731e-03, 
 2DIAGNOSTIC,     4, -6.862776065755e-01, 1.797693134862e+308, 6.8971e-01, 4.3759e-03, 
 2DIAGNOSTIC,     5, -6.943530438896e-01, 1.797693134862e+308, 6.9393e-01, 4.2219e-03, 
 2DIAGNOSTIC,     6, -7.057700977751e-01, 1.797693134862e+308, 6.9788e-01, 3.9561e-03, 
 2DIAGNOSTIC,     7, -7.199475872427e-01, 1.797693134862e+308, 7.0334e-01, 5.4529e-03, 
 2DIAGNOSTIC,     8, -7.352493862090e-01, 1.797693134862e+308, 7.1051e-01, 7.1719e-03, 
 2DIAGNOSTIC,     9, -7.355740245367e-01, 1.797693134862e+308, 7.1440e-01, 3.8970e-03, 
 2DIAGNOSTIC,    10, -7.360062932998e-01, 6.701578989838e-03, 7.1854e-01, 4.1339e-03, 
 2DIAGNOSTIC,    11, -7.363141029253e-01, 5.930892046203e-03, 7.2265e-01, 4.1089e-03, 
 2DIAGNOSTIC,    12, -7.370880553464e-01, 4.848358027422e-03, 7.2770e-01, 5.0540e-03, 
 2DIAGNOSTIC,    13, -7.371747400001e-01, 3.600949587319e-03, 7.3231e-01, 4.6132e-03, 
 2DIAGNOSTIC,    14, -7.372129431524e-01, 2.359363501029e-03, 7.3760e-01, 5.2841e-03, 
 2DIAGNOSTIC,    15, -7.372833625069e-01, 1.291853498043e-03, 7.4310e-01, 5.4998e-03, 
 2DIAGNOSTIC,    16, -7.372835317670e-01, 5.208093592504e-04, 7.4820e-01, 5.1000e-03, 
 2DIAGNOSTIC,    17, -7.372141182377e-01, 1.134075401412e-04, 7.5331e-01, 5.1091e-03, 
 2DIAGNOSTIC,    18, -7.370552890256e-01, 7.458612984057e-05, 7.5845e-01, 5.1429e-03, 
 2DIAGNOSTIC,    19, -7.370616131526e-01, 4.022065069711e-05, 7.6410e-01, 5.6529e-03, 
 2DIAGNOSTIC,    20, -7.369982111036e-01, 1.301337856742e-05, 7.6872e-01, 4.6120e-03, 
DIAGNOSTIC,Iteration,metricValue,convergenceValue,ITERATION_TIME_INDEX,SINCE_LAST
 2DIAGNOSTIC,     1, -6.065782942234e-01, 1.797693134862e+308, 1.4800e+00, 7.1129e-01, 
 2DIAGNOSTIC,     2, -6.074201341068e-01, 1.797693134862e+308, 1.5107e+00, 3.0700e-02, 
 2DIAGNOSTIC,     3, -6.084534578315e-01, 1.797693134862e+308, 1.5415e+00, 3.0761e-02, 
 2DIAGNOSTIC,     4, -6.097387108227e-01, 1.797693134862e+308, 1.5765e+00, 3.5013e-02, 
 2DIAGNOSTIC,     5, -6.104288518386e-01, 1.797693134862e+308, 1.6101e+00, 3.3584e-02, 
 2DIAGNOSTIC,     6, -6.108065451090e-01, 1.797693134862e+308, 1.6432e+00, 3.3153e-02, 
 2DIAGNOSTIC,     7, -6.109346419664e-01, 1.797693134862e+308, 1.6812e+00, 3.8020e-02, 
 2DIAGNOSTIC,     8, -6.110897968514e-01, 1.797693134862e+308, 1.7214e+00, 4.0118e-02, 
 2DIAGNOSTIC,     9, -6.111082952109e-01, 1.797693134862e+308, 1.7596e+00, 3.8228e-02, 
 2DIAGNOSTIC,    10, -6.111242939646e-01, 4.804540198315e-04, 1.7982e+00, 3.8662e-02, 
 2DIAGNOSTIC,    11, -6.111062228425e-01, 3.126010485921e-04, 1.8685e+00, 7.0221e-02, 
 2DIAGNOSTIC,    12, -6.111018394059e-01, 1.772918658884e-04, 1.9116e+00, 4.3111e-02, 
 2DIAGNOSTIC,    13, -6.110843824639e-01, 8.256337563615e-05, 1.9493e+00, 3.7763e-02, 
 2DIAGNOSTIC,    14, -6.110771450655e-01, 3.617046885863e-05, 1.9836e+00, 3.4241e-02, 
 2DIAGNOSTIC,    15, -6.110814841812e-01, 1.422148373016e-05, 2.0238e+00, 4.0177e-02, 
 2DIAGNOSTIC,    16, -6.110842789937e-01, 4.934980121690e-06, 2.0574e+00, 3.3602e-02, 
DIAGNOSTIC,Iteration,metricValue,convergenceValue,ITERATION_TIME_INDEX,SINCE_LAST
 2DIAGNOSTIC,     1, -5.351514134340e-01, 1.797693134862e+308, 3.1132e+00, 1.0558e+00, 
 2DIAGNOSTIC,     2, -5.355491444865e-01, 1.797693134862e+308, 3.3768e+00, 2.6362e-01, 
 2DIAGNOSTIC,     3, -5.359191378609e-01, 1.797693134862e+308, 3.6984e+00, 3.2158e-01, 
 2DIAGNOSTIC,     4, -5.360138797343e-01, 1.797693134862e+308, 4.0120e+00, 3.1358e-01, 
 2DIAGNOSTIC,     5, -5.360112488179e-01, 1.797693134862e+308, 4.3159e+00, 3.0396e-01, 
 2DIAGNOSTIC,     6, -5.360052981183e-01, 1.797693134862e+308, 4.6309e+00, 3.1501e-01, 
 2DIAGNOSTIC,     7, -5.360008335714e-01, 1.797693134862e+308, 4.9274e+00, 2.9643e-01, 
 2DIAGNOSTIC,     8, -5.360017712118e-01, 1.797693134862e+308, 5.2180e+00, 2.9063e-01, 
 2DIAGNOSTIC,     9, -5.360160207823e-01, 1.797693134862e+308, 5.5616e+00, 3.4360e-01, 
 2DIAGNOSTIC,    10, -5.360195499826e-01, 7.355791787025e-05, 5.8750e+00, 3.1337e-01, 
 2DIAGNOSTIC,    11, -5.360126716335e-01, 2.929386361586e-05, 6.1537e+00, 2.7874e-01, 
 2DIAGNOSTIC,    12, -5.360135009533e-01, 7.260893800973e-06, 6.4216e+00, 2.6788e-01, 
 2DIAGNOSTIC,    13, -5.360181504087e-01, 3.365571379602e-06, 6.6569e+00, 2.3527e-01, 
 2DIAGNOSTIC,    14, -5.360352836321e-01, 4.160065693690e-06, 6.9807e+00, 3.2385e-01, 
 2DIAGNOSTIC,    15, -5.360474443695e-01, 4.999917384840e-06, 7.2111e+00, 2.3037e-01, 
 2DIAGNOSTIC,    16, -5.360497819037e-01, 5.364462895160e-06, 7.4938e+00, 2.8269e-01, 
 2DIAGNOSTIC,    17, -5.360599882346e-01, 5.571751067517e-06, 7.7321e+00, 2.3835e-01, 
 2DIAGNOSTIC,    18, -5.360801564570e-01, 6.015617375892e-06, 8.0356e+00, 3.0351e-01, 
 2DIAGNOSTIC,    19, -5.360910239746e-01, 6.693907825171e-06, 8.3047e+00, 2.6908e-01, 
