
##########################
# Experiment information #
##########################

EXPERIMENT_NAME: antsRegistration-r8-p7
VFC_BACKENDS: libinterflop_vprec.so --range-binary32=8 --precision-binary32=7 --range-binary64=8 --precision-binary64=7

SIF_IMG: /home/mdugre/projects/rrg-glatard/mdugre/containers/ants-vprec-no_metrics.simg

SUBJECT_ID: s035
INPUT_IMG: /home/mdugre/scratch/mri-registration-rp/datasets/ds004513/derivatives/mri-registration-rp/antsBrainExtraction/sub-s035/BrainExtractionBrain.nii.gz
OUTPUT_DIR: /home/mdugre/scratch/mri-registration-rp/datasets/ds004513/derivatives/mri-registration-rp/0100/antsRegistration-r8-p7/sub-s035

FIXED_IMG: /templateflow/tpl-MNI152NLin2009cAsym/tpl-MNI152NLin2009cAsym_res-01_desc-brain_T1w.nii.gz
DATA_DIR: /home/mdugre/scratch/mri-registration-rp/datasets/ds004513
TEMPLATEFLOW_DIR: /home/mdugre/projects/rrg-glatard/mdugre/templateflow
ITK_GLOBAL_DEFAULT_NUMBER_OF_THREADS: 16
##########################

Info [verificarlo]: loaded backend libinterflop_ieee.so
Info [interflop-ieee]: load backend with:
Info [interflop-ieee]: debug = false
Info [interflop-ieee]: debug-binary = false
Info [interflop-ieee]: no-backend-name = false
Info [interflop-ieee]: print-new-line = false
Info [interflop-ieee]: print-subnormal-normalized = false
Info [interflop-ieee]: count-op = false
All_Command_lines_OK
Using double precision for computations.
=============================================================================
The composite transform comprises the following transforms (in order): 
  1. Center of mass alignment using fixed image: /templateflow/tpl-MNI152NLin2009cAsym/tpl-MNI152NLin2009cAsym_res-01_desc-brain_T1w.nii.gz and moving image: /home/mdugre/scratch/mri-registration-rp/datasets/ds004513/derivatives/mri-registration-rp/antsBrainExtraction/sub-s035/BrainExtractionBrain.nii.gz (type = Euler3DTransform)
=============================================================================
  number of levels = 1
  fixed image: /templateflow/tpl-MNI152NLin2009cAsym/tpl-MNI152NLin2009cAsym_res-01_desc-brain_T1w.nii.gz
  moving image: /home/mdugre/scratch/mri-registration-rp/datasets/ds004513/derivatives/mri-registration-rp/antsBrainExtraction/sub-s035/BrainExtractionBrain.nii.gz
Dimension = 3
Number of stages = 1
Use histogram matching = false
Winsorize image intensities = true
  Lower quantile = 0.005
  Upper quantile = 0.995


Stage 1 State
   Image metric = MattesMI
     Fixed image = Image (0x4feabd0)
  RTTI typeinfo:   itk::Image<double, 3u>
  Reference Count: 2
  Modified Time: 2330
  Debug: Off
  Object Name: 
  Observers: 
    none
  Source: (none)
  Source output name: (none)
  Release Data: Off
  Data Released: False
  Global Release Data: Off
  PipelineMTime: 0
  UpdateMTime: 1941
  RealTimeStamp: 0 seconds 
  LargestPossibleRegion: 
    Dimension: 3
    Index: [0, 0, 0]
    Size: [193, 229, 193]
  BufferedRegion: 
    Dimension: 3
    Index: [0, 0, 0]
    Size: [193, 229, 193]
  RequestedRegion: 
    Dimension: 3
    Index: [0, 0, 0]
    Size: [193, 229, 193]
  Spacing: [1, 1, 1]
  Origin: [96, 132, -78]
  Direction: 
-1 0 0
0 -1 0
0 0 1

  IndexToPointMatrix: 
-1 0 0
0 -1 0
0 0 1

  PointToIndexMatrix: 
-1 0 0
0 -1 0
0 0 1

  Inverse Direction: 
-1 0 0
0 -1 0
0 0 1

  PixelContainer: 
    ImportImageContainer (0x4ff39e0)
      RTTI typeinfo:   itk::ImportImageContainer<unsigned long, double>
      Reference Count: 1
      Modified Time: 1938
      Debug: Off
      Object Name: 
      Observers: 
        none
      Pointer: 0x14e361216010
      Container manages memory: true
      Size: 8530021
      Capacity: 8530021

     Moving image = Image (0x4ff4d40)
  RTTI typeinfo:   itk::Image<double, 3u>
  Reference Count: 2
  Modified Time: 2331
  Debug: Off
  Object Name: 
  Observers: 
    none
  Source: (none)
  Source output name: (none)
  Release Data: Off
  Data Released: False
  Global Release Data: Off
  PipelineMTime: 0
  UpdateMTime: 2328
  RealTimeStamp: 0 seconds 
  LargestPossibleRegion: 
    Dimension: 3
    Index: [0, 0, 0]
    Size: [160, 240, 256]
  BufferedRegion: 
    Dimension: 3
    Index: [0, 0, 0]
    Size: [160, 240, 256]
  RequestedRegion: 
    Dimension: 3
    Index: [0, 0, 0]
    Size: [160, 240, 256]
  Spacing: [1, 1, 1]
  Origin: [98.6438, 87.6358, -117.989]
  Direction: 
-0.993515 -0.100993 -0.0522355
0.100854 -0.994887 0.00530255
-0.0525039 1.93537e-08 0.998621

  IndexToPointMatrix: 
-0.993515 -0.100993 -0.0522355
0.100854 -0.994887 0.00530255
-0.0525039 1.93537e-08 0.998621

  PointToIndexMatrix: 
-0.993515 0.100854 -0.0525039
-0.100993 -0.994887 1.93006e-08
-0.0522355 0.00530255 0.998621

  Inverse Direction: 
-0.993515 0.100854 -0.0525039
-0.100993 -0.994887 1.93006e-08
-0.0522355 0.00530255 0.998621

  PixelContainer: 
    ImportImageContainer (0x501a850)
      RTTI typeinfo:   itk::ImportImageContainer<unsigned long, double>
      Reference Count: 1
      Modified Time: 2325
      Debug: Off
      Object Name: 
      Observers: 
        none
      Pointer: 0x14e35c715010
      Container manages memory: true
      Size: 9830400
      Capacity: 9830400

     Weighting = 1
     Sampling strategy = regular
     Number of bins = 32
     Radius = 4
     Sampling percentage  = 0.25
   Transform = Rigid
     Gradient step = 0.1
     Update field sigma (voxel space) = 0
     Total field sigma (voxel space) = 0
     Update field time sigma = 0
     Total field time sigma  = 0
     Number of time indices = 0
     Number of time point samples = 0
Registration using 1 total stages.

Stage 0
  iterations = 0
  convergence threshold = 1e-06
  convergence window size = 10
  number of levels = 1
  using the Mattes MI metric (number of bins = 32, weight = 1, use gradient filter = 0)
  preprocessing:  winsorizing the image intensities
  Shrink factors (level 1 out of 1): [1, 1, 1]
  smoothing sigmas per level: [0]
  regular sampling (percentage = 0.25)

*** Running Euler3DTransform registration ***

  Elapsed time (stage 0): 1.08615


Total elapsed time: 1.08833
Info [verificarlo]: loaded backend libinterflop_vprec.so
Info [interflop-vprec]: load backend with: 
Info [interflop-vprec]: precision-binary32 = 7
Info [interflop-vprec]: range-binary32 = 8
Info [interflop-vprec]: precision-binary64 = 7
Info [interflop-vprec]: range-binary64 = 8
Info [interflop-vprec]: mode = ob
Info [interflop-vprec]: error-mode = rel
Info [interflop-vprec]: max-abs-error-exponent = -1022
Info [interflop-vprec]: daz = false
Info [interflop-vprec]: ftz = false
Info [interflop-vprec]: 	instrument = none
Info [interflop-vprec]: 	prec-input-file = (null)
Info [interflop-vprec]: 	prec-output-file = (null)
Info [interflop-vprec]: 	prec-log-file = (null)
All_Command_lines_OK
Using double precision for computations.
=============================================================================
The composite transform comprises the following transforms (in order): 
  1. /home/mdugre/scratch/mri-registration-rp/datasets/ds004513/derivatives/mri-registration-rp/0100/antsRegistration-r8-p7/sub-s035/align_Composite.h5[0] (type = Euler3DTransform)
  2. /home/mdugre/scratch/mri-registration-rp/datasets/ds004513/derivatives/mri-registration-rp/0100/antsRegistration-r8-p7/sub-s035/align_Composite.h5[1] (type = Euler3DTransform)
=============================================================================
  number of levels = 4
  fixed image: /templateflow/tpl-MNI152NLin2009cAsym/tpl-MNI152NLin2009cAsym_res-01_desc-brain_T1w.nii.gz
  moving image: /home/mdugre/scratch/mri-registration-rp/datasets/ds004513/derivatives/mri-registration-rp/antsBrainExtraction/sub-s035/BrainExtractionBrain.nii.gz
Dimension = 3
Number of stages = 1
Use histogram matching = false
Winsorize image intensities = true
  Lower quantile = 0.005
  Upper quantile = 0.995


Stage 1 State
   Image metric = MattesMI
     Fixed image = Image (0x3fcd1e0)
  RTTI typeinfo:   itk::Image<double, 3u>
  Reference Count: 2
  Modified Time: 1578
  Debug: Off
  Object Name: 
  Observers: 
    none
  Source: (none)
  Source output name: (none)
  Release Data: Off
  Data Released: False
  Global Release Data: Off
  PipelineMTime: 0
  UpdateMTime: 1189
  RealTimeStamp: 0 seconds 
  LargestPossibleRegion: 
    Dimension: 3
    Index: [0, 0, 0]
    Size: [193, 229, 193]
  BufferedRegion: 
    Dimension: 3
    Index: [0, 0, 0]
    Size: [193, 229, 193]
  RequestedRegion: 
    Dimension: 3
    Index: [0, 0, 0]
    Size: [193, 229, 193]
  Spacing: [1, 1, 1]
  Origin: [96, 132, -78]
  Direction: 
-1 0 0
0 -1 0
0 0 1

  IndexToPointMatrix: 
-1 0 0
0 -1 0
0 0 1

  PointToIndexMatrix: 
-1 0 0
0 -1 0
0 0 1

  Inverse Direction: 
-1 0 0
0 -1 0
0 0 1

  PixelContainer: 
    ImportImageContainer (0x408c680)
      RTTI typeinfo:   itk::ImportImageContainer<unsigned long, double>
      Reference Count: 1
      Modified Time: 1186
      Debug: Off
      Object Name: 
      Observers: 
        none
      Pointer: 0x14eebfed8010
      Container manages memory: true
      Size: 8530021
      Capacity: 8530021

     Moving image = Image (0x4088b20)
  RTTI typeinfo:   itk::Image<double, 3u>
  Reference Count: 2
  Modified Time: 1579
  Debug: Off
  Object Name: 
  Observers: 
    none
  Source: (none)
  Source output name: (none)
  Release Data: Off
  Data Released: False
  Global Release Data: Off
  PipelineMTime: 0
  UpdateMTime: 1576
  RealTimeStamp: 0 seconds 
  LargestPossibleRegion: 
    Dimension: 3
    Index: [0, 0, 0]
    Size: [160, 240, 256]
  BufferedRegion: 
    Dimension: 3
    Index: [0, 0, 0]
    Size: [160, 240, 256]
  RequestedRegion: 
    Dimension: 3
    Index: [0, 0, 0]
    Size: [160, 240, 256]
  Spacing: [1, 1, 1]
  Origin: [98.5, 87.5, -118]
  Direction: 
-0.992188 -0.101074 -0.0522461
0.101074 -0.992188 0.00531006
-0.0527344 0 1

  IndexToPointMatrix: 
-0.992188 -0.101074 -0.0522461
0.101074 -0.992188 0.00531006
-0.0527344 0 1

  PointToIndexMatrix: 
-1.00781 0.103027 -0.0537109
-0.103027 -1 -0.00273132
-0.0532227 0.00271606 1

  Inverse Direction: 
-1.00781 0.103027 -0.0537109
-0.103027 -1 -0.00273132
-0.0532227 0.00271606 1

  PixelContainer: 
    ImportImageContainer (0x40f1d50)
      RTTI typeinfo:   itk::ImportImageContainer<unsigned long, double>
      Reference Count: 1
      Modified Time: 1573
      Debug: Off
      Object Name: 
      Observers: 
        none
      Pointer: 0x14eebb3d7010
      Container manages memory: true
      Size: 9830400
      Capacity: 9830400

     Weighting = 1
     Sampling strategy = regular
     Number of bins = 32
     Radius = 4
     Sampling percentage  = 0.25
   Transform = Rigid
     Gradient step = 0.1
     Update field sigma (voxel space) = 0
     Total field sigma (voxel space) = 0
     Update field time sigma = 0
     Total field time sigma  = 0
     Number of time indices = 0
     Number of time point samples = 0
Registration using 1 total stages.

Stage 0
  iterations = 1000x500x250x100
  convergence threshold = 1e-06
  convergence window size = 10
  number of levels = 4
  using the Mattes MI metric (number of bins = 32, weight = 1, use gradient filter = 0)
  preprocessing:  winsorizing the image intensities
  Shrink factors (level 1 out of 4): [8, 8, 8]
  Shrink factors (level 2 out of 4): [4, 4, 4]
  Shrink factors (level 3 out of 4): [2, 2, 2]
  Shrink factors (level 4 out of 4): [1, 1, 1]
  smoothing sigmas per level: [3, 2, 1, 0]
  regular sampling (percentage = 0.25)

*** Running Euler3DTransform registration ***

DIAGNOSTIC,Iteration,metricValue,convergenceValue,ITERATION_TIME_INDEX,SINCE_LAST
 2DIAGNOSTIC,     1, -5.341064184466e-01, 1.797693134862e+308, 0.0000e+00, 0.0000e+00, 
 2DIAGNOSTIC,     2, -5.341543457368e-01, 1.797693134862e+308, 0.0000e+00, 0.0000e+00, 
 2DIAGNOSTIC,     3, -5.339542036566e-01, 1.797693134862e+308, 0.0000e+00, 0.0000e+00, 
 2DIAGNOSTIC,     4, -5.335218109301e-01, 1.797693134862e+308, 0.0000e+00, 0.0000e+00, 
 2DIAGNOSTIC,     5, -5.335087737771e-01, 1.797693134862e+308, 0.0000e+00, 0.0000e+00, 
 2DIAGNOSTIC,     6, -5.334561155351e-01, 1.797693134862e+308, 0.0000e+00, 0.0000e+00, 
 2DIAGNOSTIC,     7, -5.334561150065e-01, 1.797693134862e+308, 0.0000e+00, 0.0000e+00, 
 2DIAGNOSTIC,     8, -5.334240431476e-01, 1.797693134862e+308, 0.0000e+00, 0.0000e+00, 
 2DIAGNOSTIC,     9, -5.334240429740e-01, 1.797693134862e+308, 0.0000e+00, 0.0000e+00, 
DIAGNOSTIC,Iteration,metricValue,convergenceValue,ITERATION_TIME_INDEX,SINCE_LAST
 2DIAGNOSTIC,     1, -4.288514134988e-01, 1.797693134862e+308, 0.0000e+00, 0.0000e+00, 
 2DIAGNOSTIC,     2, -4.291127402036e-01, 1.797693134862e+308, 0.0000e+00, 0.0000e+00, 
 2DIAGNOSTIC,     3, -4.291256050616e-01, 1.797693134862e+308, 0.0000e+00, 0.0000e+00, 
 2DIAGNOSTIC,     4, -4.292340070947e-01, 1.797693134862e+308, 0.0000e+00, 0.0000e+00, 
 2DIAGNOSTIC,     5, -4.293270455343e-01, 1.797693134862e+308, 0.0000e+00, 0.0000e+00, 
 2DIAGNOSTIC,     6, -4.303514565755e-01, 1.797693134862e+308, 0.0000e+00, 0.0000e+00, 
 2DIAGNOSTIC,     7, -4.315765255545e-01, 1.797693134862e+308, 0.0000e+00, 0.0000e+00, 
 2DIAGNOSTIC,     8, -4.324348122602e-01, 1.797693134862e+308, 0.0000e+00, 0.0000e+00, 
 2DIAGNOSTIC,     9, -4.326379762595e-01, 1.797693134862e+308, 0.0000e+00, 0.0000e+00, 
 2DIAGNOSTIC,    10, -4.326422015183e-01, 6.895762586118e-04, 0.0000e+00, 0.0000e+00, 
 2DIAGNOSTIC,    11, -4.326292982608e-01, 6.371030625926e-04, 0.0000e+00, 0.0000e+00, 
 2DIAGNOSTIC,    12, -4.324728573404e-01, 5.409129143468e-04, 0.0000e+00, 0.0000e+00, 
 2DIAGNOSTIC,    13, -4.330795242174e-01, 4.421088056290e-04, 0.0000e+00, 0.0000e+00, 
 2DIAGNOSTIC,    14, -4.335315172883e-01, 3.438063910156e-04, 0.0000e+00, 0.0000e+00, 
 2DIAGNOSTIC,    15, -4.343743374167e-01, 2.678494793772e-04, 0.0000e+00, 0.0000e+00, 
 2DIAGNOSTIC,    16, -4.345252892349e-01, 2.240847772609e-04, 0.0000e+00, 0.0000e+00, 
 2DIAGNOSTIC,    17, -4.351902575289e-01, 2.375122832537e-04, 0.0000e+00, 0.0000e+00, 
 2DIAGNOSTIC,    18, -4.353558069686e-01, 2.642801369087e-04, 0.0000e+00, 0.0000e+00, 
 2DIAGNOSTIC,    19, -4.353438463709e-01, 2.698594463446e-04, 0.0000e+00, 0.0000e+00, 
 2DIAGNOSTIC,    20, -4.353438459410e-01, 2.502620708885e-04, 0.0000e+00, 0.0000e+00, 
 2DIAGNOSTIC,    21, -4.353438475929e-01, 2.091091954104e-04, 0.0000e+00, 0.0000e+00, 
 2DIAGNOSTIC,    22, -4.353438475929e-01, 1.473277590129e-04, 0.0000e+00, 0.0000e+00, 
 2DIAGNOSTIC,    23, -4.353297332910e-01, 9.384578537364e-05, 0.0000e+00, 0.0000e+00, 
 2DIAGNOSTIC,    24, -4.353296998102e-01, 4.813012560045e-05, 0.0000e+00, 0.0000e+00, 
 2DIAGNOSTIC,    25, -4.353274199355e-01, 2.375523439097e-05, 0.0000e+00, 0.0000e+00, 
 2DIAGNOSTIC,    26, -4.353274207309e-01, 2.414954335610e-06, 0.0000e+00, 0.0000e+00, 
DIAGNOSTIC,Iteration,metricValue,convergenceValue,ITERATION_TIME_INDEX,SINCE_LAST
 2DIAGNOSTIC,     1, -3.876143221822e-01, 1.797693134862e+308, 0.0000e+00, 0.0000e+00, 
 2DIAGNOSTIC,     2, -3.876378311328e-01, 1.797693134862e+308, 0.0000e+00, 0.0000e+00, 
 2DIAGNOSTIC,     3, -3.876582792003e-01, 1.797693134862e+308, 0.0000e+00, 0.0000e+00, 
 2DIAGNOSTIC,     4, -3.876591425717e-01, 1.797693134862e+308, 0.0000e+00, 0.0000e+00, 
 2DIAGNOSTIC,     5, -3.876951453353e-01, 1.797693134862e+308, 0.0000e+00, 0.0000e+00, 
 2DIAGNOSTIC,     6, -3.877043602905e-01, 1.797693134862e+308, 0.0000e+00, 0.0000e+00, 
 2DIAGNOSTIC,     7, -3.879270215351e-01, 1.797693134862e+308, 0.0000e+00, 0.0000e+00, 
 2DIAGNOSTIC,     8, -3.883076582245e-01, 1.797693134862e+308, 0.0000e+00, 0.0000e+00, 
 2DIAGNOSTIC,     9, -3.888342046342e-01, 1.797693134862e+308, 0.0000e+00, 0.0000e+00, 
 2DIAGNOSTIC,    10, -3.891172531563e-01, 2.291315037227e-04, 0.0000e+00, 0.0000e+00, 
 2DIAGNOSTIC,    11, -3.896364620731e-01, 2.939885792994e-04, 0.0000e+00, 0.0000e+00, 
 2DIAGNOSTIC,    12, -3.923209334201e-01, 4.859020798452e-04, 0.0000e+00, 0.0000e+00, 
 2DIAGNOSTIC,    13, -3.934365913041e-01, 6.638204982564e-04, 0.0000e+00, 0.0000e+00, 
 2DIAGNOSTIC,    14, -3.930985216597e-01, 7.381631031749e-04, 0.0000e+00, 0.0000e+00, 
 2DIAGNOSTIC,    15, -3.939025909233e-01, 7.791051620691e-04, 0.0000e+00, 0.0000e+00, 
 2DIAGNOSTIC,    16, -3.948725331390e-01, 7.868040786772e-04, 0.0000e+00, 0.0000e+00, 
 2DIAGNOSTIC,    17, -3.974453482326e-01, 8.376183964770e-04, 0.0000e+00, 0.0000e+00, 
 2DIAGNOSTIC,    18, -4.015074469083e-01, 9.810235522187e-04, 0.0000e+00, 0.0000e+00, 
 2DIAGNOSTIC,    19, -4.084164904861e-01, 1.299547016778e-03, 0.0000e+00, 0.0000e+00, 
 2DIAGNOSTIC,    20, -4.190169511927e-01, 1.852335069172e-03, 0.0000e+00, 0.0000e+00, 
 2DIAGNOSTIC,    21, -4.401371771530e-01, 2.902812846746e-03, 0.0000e+00, 0.0000e+00, 
 2DIAGNOSTIC,    22, -4.668818263624e-01, 4.505559771100e-03, 0.0000e+00, 0.0000e+00, 
 2DIAGNOSTIC,    23, -4.819548555193e-01, 6.003057420923e-03, 0.0000e+00, 0.0000e+00, 
 2DIAGNOSTIC,    24, -4.840099202748e-01, 6.845268567660e-03, 0.0000e+00, 0.0000e+00, 
 2DIAGNOSTIC,    25, -4.866603784352e-01, 7.072983118145e-03, 0.0000e+00, 0.0000e+00, 
 2DIAGNOSTIC,    26, -4.865965009590e-01, 6.638453266394e-03, 0.0000e+00, 0.0000e+00, 
 2DIAGNOSTIC,    27, -4.865860043104e-01, 5.676487787167e-03, 0.0000e+00, 0.0000e+00, 
 2DIAGNOSTIC,    28, -4.866222472577e-01, 4.361253303620e-03, 0.0000e+00, 0.0000e+00, 
 2DIAGNOSTIC,    29, -4.866222472577e-01, 2.908691496836e-03, 0.0000e+00, 0.0000e+00, 
 2DIAGNOSTIC,    30, -4.866222472577e-01, 1.530146422518e-03, 0.0000e+00, 0.0000e+00, 
 2DIAGNOSTIC,    31, -4.866222472577e-01, 5.536828969636e-04, 0.0000e+00, 0.0000e+00, 
 2DIAGNOSTIC,    32, -4.866222472577e-01, 1.446263328693e-04, 0.0000e+00, 0.0000e+00, 
 2DIAGNOSTIC,    33, -4.866222472577e-01, 5.255868746407e-05, 0.0000e+00, 0.0000e+00, 
DIAGNOSTIC,Iteration,metricValue,convergenceValue,ITERATION_TIME_INDEX,SINCE_LAST
 2DIAGNOSTIC,     1, -4.474430389998e-01, 1.797693134862e+308, 0.0000e+00, 0.0000e+00, 
 2DIAGNOSTIC,     2, -4.474818537159e-01, 1.797693134862e+308, 0.0000e+00, 0.0000e+00, 
 2DIAGNOSTIC,     3, -4.476213892739e-01, 1.797693134862e+308, 0.0000e+00, 0.0000e+00, 
 2DIAGNOSTIC,     4, -4.476213892739e-01, 1.797693134862e+308, 0.0000e+00, 0.0000e+00, 
 2DIAGNOSTIC,     5, -4.476213892739e-01, 1.797693134862e+308, 0.0000e+00, 0.0000e+00, 
 2DIAGNOSTIC,     6, -4.476213892739e-01, 1.797693134862e+308, 0.0000e+00, 0.0000e+00, 
 2DIAGNOSTIC,     7, -4.476213892739e-01, 1.797693134862e+308, 0.0000e+00, 0.0000e+00, 
 2DIAGNOSTIC,     8, -4.476213892739e-01, 1.797693134862e+308, 0.0000e+00, 0.0000e+00, 
 2DIAGNOSTIC,     9, -4.476213892739e-01, 1.797693134862e+308, 0.0000e+00, 0.0000e+00, 
 2DIAGNOSTIC,    10, -4.476213892739e-01, 1.905434534387e-05, 0.0000e+00, 0.0000e+00, 
 2DIAGNOSTIC,    11, -4.476213892739e-01, 8.044103296856e-06, 0.0000e+00, 0.0000e+00, 
  Elapsed time (stage 0): 0.0000e+00


Total elapsed time: 0.0000e+00
Info [verificarlo]: loaded backend libinterflop_ieee.so
Info [interflop-ieee]: load backend with:
Info [interflop-ieee]: debug = false
Info [interflop-ieee]: debug-binary = false
Info [interflop-ieee]: no-backend-name = false
Info [interflop-ieee]: print-new-line = false
Info [interflop-ieee]: print-subnormal-normalized = false
Info [interflop-ieee]: count-op = false
All_Command_lines_OK
Using double precision for computations.
=============================================================================
The composite transform comprises the following transforms (in order): 
  1. /home/mdugre/scratch/mri-registration-rp/datasets/ds004513/derivatives/mri-registration-rp/0100/antsRegistration-r8-p7/sub-s035/rigid_Composite.h5[0] (type = Euler3DTransform)
  2. /home/mdugre/scratch/mri-registration-rp/datasets/ds004513/derivatives/mri-registration-rp/0100/antsRegistration-r8-p7/sub-s035/rigid_Composite.h5[1] (type = Euler3DTransform)
  3. /home/mdugre/scratch/mri-registration-rp/datasets/ds004513/derivatives/mri-registration-rp/0100/antsRegistration-r8-p7/sub-s035/rigid_Composite.h5[2] (type = Euler3DTransform)
=============================================================================
  number of levels = 4
  fixed image: /templateflow/tpl-MNI152NLin2009cAsym/tpl-MNI152NLin2009cAsym_res-01_desc-brain_T1w.nii.gz
  moving image: /home/mdugre/scratch/mri-registration-rp/datasets/ds004513/derivatives/mri-registration-rp/antsBrainExtraction/sub-s035/BrainExtractionBrain.nii.gz
Dimension = 3
Number of stages = 1
Use histogram matching = false
Winsorize image intensities = true
  Lower quantile = 0.005
  Upper quantile = 0.995


Stage 1 State
   Image metric = MattesMI
     Fixed image = Image (0x3817530)
  RTTI typeinfo:   itk::Image<double, 3u>
  Reference Count: 2
  Modified Time: 1592
  Debug: Off
  Object Name: 
  Observers: 
    none
  Source: (none)
  Source output name: (none)
  Release Data: Off
  Data Released: False
  Global Release Data: Off
  PipelineMTime: 0
  UpdateMTime: 1203
  RealTimeStamp: 0 seconds 
  LargestPossibleRegion: 
    Dimension: 3
    Index: [0, 0, 0]
    Size: [193, 229, 193]
  BufferedRegion: 
    Dimension: 3
    Index: [0, 0, 0]
    Size: [193, 229, 193]
  RequestedRegion: 
    Dimension: 3
    Index: [0, 0, 0]
    Size: [193, 229, 193]
  Spacing: [1, 1, 1]
  Origin: [96, 132, -78]
  Direction: 
-1 0 0
0 -1 0
0 0 1

  IndexToPointMatrix: 
-1 0 0
0 -1 0
0 0 1

  PointToIndexMatrix: 
-1 0 0
0 -1 0
0 0 1

  Inverse Direction: 
-1 0 0
0 -1 0
0 0 1

  PixelContainer: 
    ImportImageContainer (0x38242b0)
      RTTI typeinfo:   itk::ImportImageContainer<unsigned long, double>
      Reference Count: 1
      Modified Time: 1200
      Debug: Off
      Object Name: 
      Observers: 
        none
      Pointer: 0x1480a4c69010
      Container manages memory: true
      Size: 8530021
      Capacity: 8530021

     Moving image = Image (0x38d2fd0)
  RTTI typeinfo:   itk::Image<double, 3u>
  Reference Count: 2
  Modified Time: 1593
  Debug: Off
  Object Name: 
  Observers: 
    none
  Source: (none)
  Source output name: (none)
  Release Data: Off
  Data Released: False
  Global Release Data: Off
  PipelineMTime: 0
  UpdateMTime: 1590
  RealTimeStamp: 0 seconds 
  LargestPossibleRegion: 
    Dimension: 3
    Index: [0, 0, 0]
    Size: [160, 240, 256]
  BufferedRegion: 
    Dimension: 3
    Index: [0, 0, 0]
    Size: [160, 240, 256]
  RequestedRegion: 
    Dimension: 3
    Index: [0, 0, 0]
    Size: [160, 240, 256]
  Spacing: [1, 1, 1]
  Origin: [98.6438, 87.6358, -117.989]
  Direction: 
-0.993515 -0.100993 -0.0522355
0.100854 -0.994887 0.00530255
-0.0525039 1.93537e-08 0.998621

  IndexToPointMatrix: 
-0.993515 -0.100993 -0.0522355
0.100854 -0.994887 0.00530255
-0.0525039 1.93537e-08 0.998621

  PointToIndexMatrix: 
-0.993515 0.100854 -0.0525039
-0.100993 -0.994887 1.93006e-08
-0.0522355 0.00530255 0.998621

  Inverse Direction: 
-0.993515 0.100854 -0.0525039
-0.100993 -0.994887 1.93006e-08
-0.0522355 0.00530255 0.998621

  PixelContainer: 
    ImportImageContainer (0x38ea990)
      RTTI typeinfo:   itk::ImportImageContainer<unsigned long, double>
      Reference Count: 1
      Modified Time: 1587
      Debug: Off
      Object Name: 
      Observers: 
        none
      Pointer: 0x1480a0168010
      Container manages memory: true
      Size: 9830400
      Capacity: 9830400

     Weighting = 1
     Sampling strategy = regular
     Number of bins = 32
     Radius = 4
     Sampling percentage  = 0.25
   Transform = Affine
     Gradient step = 0.1
     Update field sigma (voxel space) = 0
     Total field sigma (voxel space) = 0
     Update field time sigma = 0
     Total field time sigma  = 0
     Number of time indices = 0
     Number of time point samples = 0
Registration using 1 total stages.

Stage 0
  iterations = 1000x500x250x100
  convergence threshold = 1e-06
  convergence window size = 10
  number of levels = 4
  using the Mattes MI metric (number of bins = 32, weight = 1, use gradient filter = 0)
  preprocessing:  winsorizing the image intensities
  Shrink factors (level 1 out of 4): [8, 8, 8]
  Shrink factors (level 2 out of 4): [4, 4, 4]
  Shrink factors (level 3 out of 4): [2, 2, 2]
  Shrink factors (level 4 out of 4): [1, 1, 1]
  smoothing sigmas per level: [3, 2, 1, 0]
  regular sampling (percentage = 0.25)

*** Running AffineTransform registration ***

DIAGNOSTIC,Iteration,metricValue,convergenceValue,ITERATION_TIME_INDEX,SINCE_LAST
 2DIAGNOSTIC,     1, -6.723305539227e-01, 1.797693134862e+308, 6.9482e-01, 6.9482e-01, 
 2DIAGNOSTIC,     2, -6.744521396054e-01, 1.797693134862e+308, 6.9921e-01, 4.3919e-03, 
 2DIAGNOSTIC,     3, -6.778617398052e-01, 1.797693134862e+308, 7.0359e-01, 4.3731e-03, 
 2DIAGNOSTIC,     4, -6.827074525020e-01, 1.797693134862e+308, 7.0778e-01, 4.1909e-03, 
 2DIAGNOSTIC,     5, -6.903436530027e-01, 1.797693134862e+308, 7.1178e-01, 4.0052e-03, 
 2DIAGNOSTIC,     6, -7.015496870740e-01, 1.797693134862e+308, 7.1601e-01, 4.2229e-03, 
 2DIAGNOSTIC,     7, -7.259581856175e-01, 1.797693134862e+308, 7.2032e-01, 4.3089e-03, 
 2DIAGNOSTIC,     8, -7.325898767708e-01, 1.797693134862e+308, 7.2829e-01, 7.9720e-03, 
 2DIAGNOSTIC,     9, -7.336319179619e-01, 1.797693134862e+308, 7.3344e-01, 5.1520e-03, 
 2DIAGNOSTIC,    10, -7.352338738230e-01, 7.084358760238e-03, 7.3828e-01, 4.8399e-03, 
 2DIAGNOSTIC,    11, -7.372509514724e-01, 6.314987153043e-03, 7.4345e-01, 5.1689e-03, 
 2DIAGNOSTIC,    12, -7.380472143452e-01, 5.198385717002e-03, 7.4855e-01, 5.1038e-03, 
 2DIAGNOSTIC,    13, -7.381100909795e-01, 3.897971219434e-03, 7.5382e-01, 5.2712e-03, 
 2DIAGNOSTIC,    14, -7.385479499683e-01, 2.596204353368e-03, 7.5852e-01, 4.6918e-03, 
 2DIAGNOSTIC,    15, -7.390564800295e-01, 1.454703075198e-03, 7.6474e-01, 6.2289e-03, 
 2DIAGNOSTIC,    16, -7.391250895899e-01, 5.910191231004e-04, 7.6992e-01, 5.1720e-03, 
 2DIAGNOSTIC,    17, -7.391935850187e-01, 3.445432714393e-04, 7.7455e-01, 4.6320e-03, 
 2DIAGNOSTIC,    18, -7.393926811470e-01, 2.452436499769e-04, 7.7972e-01, 5.1730e-03, 
 2DIAGNOSTIC,    19, -7.395638303256e-01, 1.589156085320e-04, 7.8489e-01, 5.1651e-03, 
 2DIAGNOSTIC,    20, -7.395783044678e-01, 9.756480857485e-05, 7.9057e-01, 5.6810e-03, 
 2DIAGNOSTIC,    21, -7.397413425009e-01, 7.391224935263e-05, 7.9582e-01, 5.2490e-03, 
 2DIAGNOSTIC,    22, -7.399829873234e-01, 6.441263640999e-05, 8.0047e-01, 4.6499e-03, 
 2DIAGNOSTIC,    23, -7.399892891057e-01, 5.081434208332e-05, 8.0563e-01, 5.1632e-03, 
 2DIAGNOSTIC,    24, -7.399846156011e-01, 4.065530076181e-05, 8.1184e-01, 6.2070e-03, 
 2DIAGNOSTIC,    25, -7.399212730046e-01, 3.469879334113e-05, 8.1700e-01, 5.1680e-03, 
 2DIAGNOSTIC,    26, -7.393878584907e-01, 1.908603087179e-05, 8.2168e-01, 4.6761e-03, 
 2DIAGNOSTIC,    27, -7.392085826619e-01, 1.457108259932e-06, 8.2639e-01, 4.7090e-03, 
DIAGNOSTIC,Iteration,metricValue,convergenceValue,ITERATION_TIME_INDEX,SINCE_LAST
 2DIAGNOSTIC,     1, -6.122461355611e-01, 1.797693134862e+308, 1.5968e+00, 7.7039e-01, 
 2DIAGNOSTIC,     2, -6.122779110058e-01, 1.797693134862e+308, 1.6351e+00, 3.8338e-02, 
 2DIAGNOSTIC,     3, -6.122507906323e-01, 1.797693134862e+308, 1.6779e+00, 4.2820e-02, 
 2DIAGNOSTIC,     4, -6.122733802885e-01, 1.797693134862e+308, 1.7240e+00, 4.6029e-02, 
 2DIAGNOSTIC,     5, -6.122738473364e-01, 1.797693134862e+308, 1.7604e+00, 3.6453e-02, 
 2DIAGNOSTIC,     6, -6.122730898350e-01, 1.797693134862e+308, 1.7950e+00, 3.4586e-02, 
 2DIAGNOSTIC,     7, -6.122686718069e-01, 1.797693134862e+308, 1.8322e+00, 3.7168e-02, 
 2DIAGNOSTIC,     8, -6.122647363319e-01, 1.797693134862e+308, 1.8694e+00, 3.7195e-02, 
 2DIAGNOSTIC,     9, -6.122733808815e-01, 1.797693134862e+308, 1.9064e+00, 3.7033e-02, 
 2DIAGNOSTIC,    10, -6.122753195675e-01, 4.698838667258e-06, 1.9439e+00, 3.7461e-02, 
 2DIAGNOSTIC,    11, -6.122770860885e-01, 3.550947454217e-06, 1.9833e+00, 3.9471e-02, 
 2DIAGNOSTIC,    12, -6.122747021673e-01, 3.721108631546e-06, 2.0175e+00, 3.4201e-02, 
 2DIAGNOSTIC,    13, -6.122676115815e-01, 2.529644535301e-06, 2.0539e+00, 3.6416e-02, 
 2DIAGNOSTIC,    14, -6.122886480345e-01, 2.946336701559e-06, 2.0914e+00, 3.7445e-02, 
 2DIAGNOSTIC,    15, -6.123036746011e-01, 3.697712792558e-06, 2.1297e+00, 3.8327e-02, 
 2DIAGNOSTIC,    16, -6.123118819989e-01, 4.423776084964e-06, 2.1711e+00, 4.1348e-02, 
 2DIAGNOSTIC,    17, -6.123077851501e-01, 4.624033455795e-06, 2.2061e+00, 3.5002e-02, 
 2DIAGNOSTIC,    18, -6.123496601731e-01, 5.534163371464e-06, 2.2438e+00, 3.7753e-02, 
 2DIAGNOSTIC,    19, -6.123759234487e-01, 6.813817271821e-06, 2.2860e+00, 4.2146e-02, 
 2DIAGNOSTIC,    20, -6.123666015054e-01, 7.296331804206e-06, 2.3254e+00, 3.9388e-02, 
 2DIAGNOSTIC,    21, -6.123572189194e-01, 7.064246407291e-06, 2.3637e+00, 3.8300e-02, 
 2DIAGNOSTIC,    22, -6.123441759616e-01, 6.034274191373e-06, 2.3968e+00, 3.3151e-02, 
 2DIAGNOSTIC,    23, -6.123355705174e-01, 4.328255878074e-06, 2.4349e+00, 3.8109e-02, 
 2DIAGNOSTIC,    24, -6.123315266218e-01, 2.797107144750e-06, 2.4731e+00, 3.8217e-02, 
 2DIAGNOSTIC,    25, -6.123451203849e-01, 1.787054153636e-06, 2.5103e+00, 3.7178e-02, 
DIAGNOSTIC,Iteration,metricValue,convergenceValue,ITERATION_TIME_INDEX,SINCE_LAST
 2DIAGNOSTIC,     1, -5.353736928496e-01, 1.797693134862e+308, 3.5889e+00, 1.0785e+00, 
 2DIAGNOSTIC,     2, -5.358191848088e-01, 1.797693134862e+308, 3.8253e+00, 2.3648e-01, 
 2DIAGNOSTIC,     3, -5.362588450810e-01, 1.797693134862e+308, 4.0723e+00, 2.4697e-01, 
 2DIAGNOSTIC,     4, -5.364132810284e-01, 1.797693134862e+308, 4.3769e+00, 3.0456e-01, 
 2DIAGNOSTIC,     5, -5.364329927300e-01, 1.797693134862e+308, 4.7228e+00, 3.4594e-01, 
 2DIAGNOSTIC,     6, -5.364376409485e-01, 1.797693134862e+308, 5.0353e+00, 3.1248e-01, 
 2DIAGNOSTIC,     7, -5.364332967708e-01, 1.797693134862e+308, 5.4017e+00, 3.6641e-01, 
 2DIAGNOSTIC,     8, -5.364315084241e-01, 1.797693134862e+308, 5.7020e+00, 3.0031e-01, 
 2DIAGNOSTIC,     9, -5.364316718860e-01, 1.797693134862e+308, 5.9861e+00, 2.8410e-01, 
 2DIAGNOSTIC,    10, -5.364303232545e-01, 9.450173749574e-05, 6.2657e+00, 2.7955e-01, 
 2DIAGNOSTIC,    11, -5.364294832164e-01, 4.006820755989e-05, 6.5639e+00, 2.9820e-01, 
 2DIAGNOSTIC,    12, -5.364309669106e-01, 1.065936514104e-05, 6.8563e+00, 2.9247e-01, 
 2DIAGNOSTIC,    13, -5.364327468023e-01, 2.879939483072e-06, 7.1324e+00, 2.7608e-01, 
 2DIAGNOSTIC,    14, -5.364323218828e-01, 1.979322949583e-06, 7.4674e+00, 3.3496e-01, 
 2DIAGNOSTIC,    15, -5.364319490523e-01, 1.904171862646e-06, 7.7397e+00, 2.7234e-01, 
 2DIAGNOSTIC,    16, -5.364297049939e-01, 1.943042223562e-06, 8.0044e+00, 2.6468e-01, 
 2DIAGNOSTIC,    17, -5.364292569735e-01, 1.833874594653e-06, 8.2774e+00, 2.7304e-01, 
 2DIAGNOSTIC,    18, -5.364291856358e-01, 1.682952115667e-06, 8.5699e+00, 2.9246e-01, 
 2DIAGNOSTIC,    19, -5.364299984293e-01, 1.583395358530e-06, 8.8580e+00, 2.8811e-01, 
 2DIAGNOSTIC,    20, -5.364286025740e-01, 1.431030225089e-06, 9.1137e+00, 2.5568e-01, 
 2DIAGNOSTIC,    21, -5.364270496869e-01, 1.249229336323e-06, 9.3924e+00, 2.7875e-01, 
 2DIAGNOSTIC,    22, -5.364255021565e-01, 1.107113117849e-06, 9.7076e+00, 3.1517e-01, 
 2DIAGNOSTIC,    23, -5.364236870102e-01, 1.007659100764e-06, 9.9688e+00, 2.6116e-01, 
DIAGNOSTIC,Iteration,metricValue,convergenceValue,ITERATION_TIME_INDEX,SINCE_LAST
 2DIAGNOSTIC,     1, -4.922734972388e-01, 1.797693134862e+308, 1.2707e+01, 2.7387e+00, 
 2DIAGNOSTIC,     2, -4.924040007067e-01, 1.797693134862e+308, 1.4310e+01, 1.6022e+00, 
 2DIAGNOSTIC,     3, -4.924660270106e-01, 1.797693134862e+308, 1.6466e+01, 2.1567e+00, 
 2DIAGNOSTIC,     4, -4.924696517338e-01, 1.797693134862e+308, 1.8343e+01, 1.8772e+00, 
 2DIAGNOSTIC,     5, -4.924679091251e-01, 1.797693134862e+308, 2.0378e+01, 2.0345e+00, 
 2DIAGNOSTIC,     6, -4.924683525728e-01, 1.797693134862e+308, 2.2355e+01, 1.9766e+00, 
 2DIAGNOSTIC,     7, -4.924689824117e-01, 1.797693134862e+308, 2.5671e+01, 3.3166e+00, 
 2DIAGNOSTIC,     8, -4.924690056233e-01, 1.797693134862e+308, 2.7543e+01, 1.8713e+00, 
 2DIAGNOSTIC,     9, -4.924689133653e-01, 1.797693134862e+308, 2.9430e+01, 1.8879e+00, 
 2DIAGNOSTIC,    10, -4.924688210980e-01, 1.783360464239e-05, 3.1019e+01, 1.5883e+00, 
 2DIAGNOSTIC,    11, -4.924686312855e-01, 6.416110582455e-06, 3.2639e+01, 1.6201e+00, 
 2DIAGNOSTIC,    12, -4.924686798975e-01, 2.779240633258e-06, 3.4571e+01, 1.9320e+00, 
 2DIAGNOSTIC,    13, -4.924686134169e-01, 2.435482451379e-06, 3.6194e+01, 1.6233e+00, 
 2DIAGNOSTIC,    14, -4.924685772642e-01, 2.292571490689e-06, 3.8015e+01, 1.8214e+00, 
 2DIAGNOSTIC,    15, -4.924686423074e-01, 2.102270457230e-06, 3.9861e+01, 1.8458e+00, 
 2DIAGNOSTIC,    16, -4.924682469382e-01, 1.938489866057e-06, 4.1656e+01, 1.7946e+00, 
 2DIAGNOSTIC,    17, -4.924681973585e-01, 1.818536344879e-06, 4.3696e+01, 2.0398e+00, 
 2DIAGNOSTIC,    18, -4.924681154381e-01, 1.714808097221e-06, 4.5503e+01, 1.8075e+00, 
 2DIAGNOSTIC,    19, -4.924680262355e-01, 1.621259391224e-06, 4.7195e+01, 1.6920e+00, 
 2DIAGNOSTIC,    20, -4.924679508339e-01, 1.537331658440e-06, 4.8825e+01, 1.6293e+00, 
 2DIAGNOSTIC,    21, -4.924680082857e-01, 1.462814159553e-06, 5.0483e+01, 1.6580e+00, 
 2DIAGNOSTIC,    22, -4.924681059611e-01, 1.403792380651e-06, 5.2468e+01, 1.9856e+00, 
 2DIAGNOSTIC,    23, -4.924679406194e-01, 1.347877692855e-06, 5.4309e+01, 1.8404e+00, 
 2DIAGNOSTIC,    24, -4.924678844443e-01, 1.297737475370e-06, 5.5968e+01, 1.6592e+00, 
 2DIAGNOSTIC,    25, -4.924679770366e-01, 1.258126047760e-06, 5.7691e+01, 1.7236e+00, 
 2DIAGNOSTIC,    26, -4.924680286743e-01, 1.215096800497e-06, 5.9816e+01, 2.1247e+00, 
 2DIAGNOSTIC,    27, -4.924681019387e-01, 1.176498157014e-06, 6.1502e+01, 1.6861e+00, 
 2DIAGNOSTIC,    28, -4.924680067274e-01, 1.137271510306e-06, 6.3271e+01, 1.7691e+00, 
 2DIAGNOSTIC,    29, -4.924679630251e-01, 1.098194982348e-06, 6.5376e+01, 2.1049e+00, 
 2DIAGNOSTIC,    30, -4.924677295429e-01, 1.055594780204e-06, 6.7266e+01, 1.8900e+00, 
 2DIAGNOSTIC,    31, -4.924676813275e-01, 1.016316459129e-06, 6.9114e+01, 1.8476e+00, 
  Elapsed time (stage 0): 7.0271e+01


Total elapsed time: 7.0273e+01
Info [verificarlo]: loaded backend libinterflop_ieee.so
Info [interflop-ieee]: load backend with:
Info [interflop-ieee]: debug = false
Info [interflop-ieee]: debug-binary = false
Info [interflop-ieee]: no-backend-name = false
Info [interflop-ieee]: print-new-line = false
Info [interflop-ieee]: print-subnormal-normalized = false
Info [interflop-ieee]: count-op = false
All_Command_lines_OK
Using double precision for computations.
=============================================================================
The composite transform comprises the following transforms (in order): 
  1. /home/mdugre/scratch/mri-registration-rp/datasets/ds004513/derivatives/mri-registration-rp/0100/antsRegistration-r8-p7/sub-s035/affine_Composite.h5[0] (type = Euler3DTransform)
  2. /home/mdugre/scratch/mri-registration-rp/datasets/ds004513/derivatives/mri-registration-rp/0100/antsRegistration-r8-p7/sub-s035/affine_Composite.h5[1] (type = Euler3DTransform)
  3. /home/mdugre/scratch/mri-registration-rp/datasets/ds004513/derivatives/mri-registration-rp/0100/antsRegistration-r8-p7/sub-s035/affine_Composite.h5[2] (type = Euler3DTransform)
  4. /home/mdugre/scratch/mri-registration-rp/datasets/ds004513/derivatives/mri-registration-rp/0100/antsRegistration-r8-p7/sub-s035/affine_Composite.h5[3] (type = AffineTransform)
=============================================================================
  number of levels = 4
  fixed image: /templateflow/tpl-MNI152NLin2009cAsym/tpl-MNI152NLin2009cAsym_res-01_desc-brain_T1w.nii.gz
  moving image: /home/mdugre/scratch/mri-registration-rp/datasets/ds004513/derivatives/mri-registration-rp/antsBrainExtraction/sub-s035/BrainExtractionBrain.nii.gz
Dimension = 3
Number of stages = 1
Use histogram matching = false
Winsorize image intensities = true
  Lower quantile = 0.005
  Upper quantile = 0.995


Stage 1 State
   Image metric = CC
     Fixed image = Image (0x351aa40)
  RTTI typeinfo:   itk::Image<double, 3u>
  Reference Count: 2
  Modified Time: 1606
  Debug: Off
  Object Name: 
  Observers: 
    none
  Source: (none)
  Source output name: (none)
  Release Data: Off
  Data Released: False
  Global Release Data: Off
  PipelineMTime: 0
  UpdateMTime: 1217
  RealTimeStamp: 0 seconds 
  LargestPossibleRegion: 
    Dimension: 3
    Index: [0, 0, 0]
    Size: [193, 229, 193]
  BufferedRegion: 
    Dimension: 3
    Index: [0, 0, 0]
    Size: [193, 229, 193]
  RequestedRegion: 
    Dimension: 3
    Index: [0, 0, 0]
    Size: [193, 229, 193]
  Spacing: [1, 1, 1]
  Origin: [96, 132, -78]
  Direction: 
-1 0 0
0 -1 0
0 0 1

  IndexToPointMatrix: 
-1 0 0
0 -1 0
0 0 1

  PointToIndexMatrix: 
-1 0 0
0 -1 0
0 0 1

  Inverse Direction: 
-1 0 0
0 -1 0
0 0 1

  PixelContainer: 
    ImportImageContainer (0x35e9780)
      RTTI typeinfo:   itk::ImportImageContainer<unsigned long, double>
      Reference Count: 1
      Modified Time: 1214
      Debug: Off
      Object Name: 
      Observers: 
        none
      Pointer: 0x153433ee3010
      Container manages memory: true
      Size: 8530021
      Capacity: 8530021

     Moving image = Image (0x35eb390)
  RTTI typeinfo:   itk::Image<double, 3u>
  Reference Count: 2
  Modified Time: 1607
  Debug: Off
  Object Name: 
  Observers: 
    none
  Source: (none)
  Source output name: (none)
  Release Data: Off
  Data Released: False
  Global Release Data: Off
  PipelineMTime: 0
  UpdateMTime: 1604
  RealTimeStamp: 0 seconds 
  LargestPossibleRegion: 
    Dimension: 3
    Index: [0, 0, 0]
    Size: [160, 240, 256]
  BufferedRegion: 
    Dimension: 3
    Index: [0, 0, 0]
    Size: [160, 240, 256]
  RequestedRegion: 
    Dimension: 3
    Index: [0, 0, 0]
    Size: [160, 240, 256]
  Spacing: [1, 1, 1]
  Origin: [98.6438, 87.6358, -117.989]
  Direction: 
-0.993515 -0.100993 -0.0522355
0.100854 -0.994887 0.00530255
-0.0525039 1.93537e-08 0.998621

  IndexToPointMatrix: 
-0.993515 -0.100993 -0.0522355
0.100854 -0.994887 0.00530255
-0.0525039 1.93537e-08 0.998621

  PointToIndexMatrix: 
-0.993515 0.100854 -0.0525039
-0.100993 -0.994887 1.93006e-08
-0.0522355 0.00530255 0.998621

  Inverse Direction: 
-0.993515 0.100854 -0.0525039
-0.100993 -0.994887 1.93006e-08
-0.0522355 0.00530255 0.998621

  PixelContainer: 
    ImportImageContainer (0x35a06f0)
      RTTI typeinfo:   itk::ImportImageContainer<unsigned long, double>
      Reference Count: 1
      Modified Time: 1601
      Debug: Off
      Object Name: 
      Observers: 
        none
      Pointer: 0x15342f3e2010
      Container manages memory: true
      Size: 9830400
      Capacity: 9830400

     Weighting = 1
     Sampling strategy = none
     Number of bins = 32
     Radius = 4
     Sampling percentage  = 1
   Transform = SyN
     Gradient step = 0.1
     Update field sigma (voxel space) = 3
     Total field sigma (voxel space) = 0
     Update field time sigma = 0
     Total field time sigma  = 0
     Number of time indices = 0
     Number of time point samples = 0
Registration using 1 total stages.

Stage 0
  iterations = 100x70x50x20
  convergence threshold = 1e-06
  convergence window size = 10
  number of levels = 4
  using the CC metric (radius = 4, weight = 1, use gradient filter = 0)
  preprocessing:  winsorizing the image intensities
  Shrink factors (level 1 out of 4): [8, 8, 8]
  Shrink factors (level 2 out of 4): [4, 4, 4]
  Shrink factors (level 3 out of 4): [2, 2, 2]
  Shrink factors (level 4 out of 4): [1, 1, 1]
  smoothing sigmas per level: [3, 2, 1, 0]
  Using default NONE metricSamplingStrategy 

*** Running SyN registration (varianceForUpdateField = 3, varianceForTotalField = 0) ***

XXDIAGNOSTIC,Iteration,metricValue,convergenceValue,ITERATION_TIME_INDEX,SINCE_LAST
 1DIAGNOSTIC,     1, -8.524034484538e-01, 1.797693134862e+308, 1.0666e+00, 1.0666e+00, 
 1DIAGNOSTIC,     2, -8.657847765315e-01, 1.797693134862e+308, 1.4065e+00, 3.3995e-01, 
 1DIAGNOSTIC,     3, -8.776525650374e-01, 1.797693134862e+308, 1.7339e+00, 3.2745e-01, 
 1DIAGNOSTIC,     4, -8.875405338941e-01, 1.797693134862e+308, 2.0762e+00, 3.4228e-01, 
 1DIAGNOSTIC,     5, -8.959835648738e-01, 1.797693134862e+308, 2.4216e+00, 3.4536e-01, 
 1DIAGNOSTIC,     6, -9.021305376453e-01, 1.797693134862e+308, 2.7438e+00, 3.2224e-01, 
