
##########################
# Experiment information #
##########################

EXPERIMENT_NAME: antsRegistration-r8-p22
VFC_BACKENDS: libinterflop_vprec.so --range-binary32=8 --precision-binary32=22 --range-binary64=8 --precision-binary64=22

SIF_IMG: /home/mdugre/projects/rrg-glatard/mdugre/containers/ants-vprec-no_metrics.simg

SUBJECT_ID: s003
INPUT_IMG: /home/mdugre/scratch/mri-registration-rp/datasets/ds004513/derivatives/mri-registration-rp/antsBrainExtraction/sub-s003/BrainExtractionBrain.nii.gz
OUTPUT_DIR: /home/mdugre/scratch/mri-registration-rp/datasets/ds004513/derivatives/mri-registration-rp/0100/antsRegistration-r8-p22/sub-s003

FIXED_IMG: /templateflow/tpl-MNI152NLin2009cAsym/tpl-MNI152NLin2009cAsym_res-01_desc-brain_T1w.nii.gz
DATA_DIR: /home/mdugre/scratch/mri-registration-rp/datasets/ds004513
TEMPLATEFLOW_DIR: /home/mdugre/projects/rrg-glatard/mdugre/templateflow
ITK_GLOBAL_DEFAULT_NUMBER_OF_THREADS: 16
##########################

Info [verificarlo]: loaded backend libinterflop_ieee.so
Info [interflop-ieee]: load backend with:
Info [interflop-ieee]: debug = false
Info [interflop-ieee]: debug-binary = false
Info [interflop-ieee]: no-backend-name = false
Info [interflop-ieee]: print-new-line = false
Info [interflop-ieee]: print-subnormal-normalized = false
Info [interflop-ieee]: count-op = false
All_Command_lines_OK
Using double precision for computations.
=============================================================================
The composite transform comprises the following transforms (in order): 
  1. Center of mass alignment using fixed image: /templateflow/tpl-MNI152NLin2009cAsym/tpl-MNI152NLin2009cAsym_res-01_desc-brain_T1w.nii.gz and moving image: /home/mdugre/scratch/mri-registration-rp/datasets/ds004513/derivatives/mri-registration-rp/antsBrainExtraction/sub-s003/BrainExtractionBrain.nii.gz (type = Euler3DTransform)
=============================================================================
  number of levels = 1
  fixed image: /templateflow/tpl-MNI152NLin2009cAsym/tpl-MNI152NLin2009cAsym_res-01_desc-brain_T1w.nii.gz
  moving image: /home/mdugre/scratch/mri-registration-rp/datasets/ds004513/derivatives/mri-registration-rp/antsBrainExtraction/sub-s003/BrainExtractionBrain.nii.gz
Dimension = 3
Number of stages = 1
Use histogram matching = false
Winsorize image intensities = true
  Lower quantile = 0.005
  Upper quantile = 0.995


Stage 1 State
   Image metric = MattesMI
     Fixed image = Image (0x3d6ae70)
  RTTI typeinfo:   itk::Image<double, 3u>
  Reference Count: 2
  Modified Time: 2334
  Debug: Off
  Object Name: 
  Observers: 
    none
  Source: (none)
  Source output name: (none)
  Release Data: Off
  Data Released: False
  Global Release Data: Off
  PipelineMTime: 0
  UpdateMTime: 1943
  RealTimeStamp: 0 seconds 
  LargestPossibleRegion: 
    Dimension: 3
    Index: [0, 0, 0]
    Size: [193, 229, 193]
  BufferedRegion: 
    Dimension: 3
    Index: [0, 0, 0]
    Size: [193, 229, 193]
  RequestedRegion: 
    Dimension: 3
    Index: [0, 0, 0]
    Size: [193, 229, 193]
  Spacing: [1, 1, 1]
  Origin: [96, 132, -78]
  Direction: 
-1 0 0
0 -1 0
0 0 1

  IndexToPointMatrix: 
-1 0 0
0 -1 0
0 0 1

  PointToIndexMatrix: 
-1 0 0
0 -1 0
0 0 1

  Inverse Direction: 
-1 0 0
0 -1 0
0 0 1

  PixelContainer: 
    ImportImageContainer (0x3d77140)
      RTTI typeinfo:   itk::ImportImageContainer<unsigned long, double>
      Reference Count: 1
      Modified Time: 1940
      Debug: Off
      Object Name: 
      Observers: 
        none
      Pointer: 0x14cf8d02d010
      Container manages memory: true
      Size: 8530021
      Capacity: 8530021

     Moving image = Image (0x3d74310)
  RTTI typeinfo:   itk::Image<double, 3u>
  Reference Count: 2
  Modified Time: 2335
  Debug: Off
  Object Name: 
  Observers: 
    none
  Source: (none)
  Source output name: (none)
  Release Data: Off
  Data Released: False
  Global Release Data: Off
  PipelineMTime: 0
  UpdateMTime: 2332
  RealTimeStamp: 0 seconds 
  LargestPossibleRegion: 
    Dimension: 3
    Index: [0, 0, 0]
    Size: [176, 240, 256]
  BufferedRegion: 
    Dimension: 3
    Index: [0, 0, 0]
    Size: [176, 240, 256]
  RequestedRegion: 
    Dimension: 3
    Index: [0, 0, 0]
    Size: [176, 240, 256]
  Spacing: [0.999999, 1, 1]
  Origin: [93.3499, 86.9368, -128.957]
  Direction: 
-0.999513 -0.0279216 -0.0139567
0.0279189 -0.99961 0.000389866
-0.0139622 2.01492e-08 0.999903

  IndexToPointMatrix: 
-0.999512 -0.0279216 -0.0139567
0.0279189 -0.99961 0.000389866
-0.0139621 2.01492e-08 0.999903

  PointToIndexMatrix: 
-0.999514 0.0279189 -0.0139622
-0.0279216 -0.99961 2.01716e-08
-0.0139567 0.000389866 0.999903

  Inverse Direction: 
-0.999513 0.0279189 -0.0139622
-0.0279216 -0.99961 2.01716e-08
-0.0139567 0.000389866 0.999903

  PixelContainer: 
    ImportImageContainer (0x3e9f610)
      RTTI typeinfo:   itk::ImportImageContainer<unsigned long, double>
      Reference Count: 1
      Modified Time: 2329
      Debug: Off
      Object Name: 
      Observers: 
        none
      Pointer: 0x14cf87dac010
      Container manages memory: true
      Size: 10813440
      Capacity: 10813440

     Weighting = 1
     Sampling strategy = regular
     Number of bins = 32
     Radius = 4
     Sampling percentage  = 0.25
   Transform = Rigid
     Gradient step = 0.1
     Update field sigma (voxel space) = 0
     Total field sigma (voxel space) = 0
     Update field time sigma = 0
     Total field time sigma  = 0
     Number of time indices = 0
     Number of time point samples = 0
Registration using 1 total stages.

Stage 0
  iterations = 0
  convergence threshold = 1e-06
  convergence window size = 10
  number of levels = 1
  using the Mattes MI metric (number of bins = 32, weight = 1, use gradient filter = 0)
  preprocessing:  winsorizing the image intensities
  Shrink factors (level 1 out of 1): [1, 1, 1]
  smoothing sigmas per level: [0]
  regular sampling (percentage = 0.25)

*** Running Euler3DTransform registration ***

  Elapsed time (stage 0): 1.14364


Total elapsed time: 1.14737
Info [verificarlo]: loaded backend libinterflop_vprec.so
Info [interflop-vprec]: load backend with: 
Info [interflop-vprec]: precision-binary32 = 22
Info [interflop-vprec]: range-binary32 = 8
Info [interflop-vprec]: precision-binary64 = 22
Info [interflop-vprec]: range-binary64 = 8
Info [interflop-vprec]: mode = ob
Info [interflop-vprec]: error-mode = rel
Info [interflop-vprec]: max-abs-error-exponent = -1022
Info [interflop-vprec]: daz = false
Info [interflop-vprec]: ftz = false
Info [interflop-vprec]: 	instrument = none
Info [interflop-vprec]: 	prec-input-file = (null)
Info [interflop-vprec]: 	prec-output-file = (null)
Info [interflop-vprec]: 	prec-log-file = (null)
All_Command_lines_OK
Using double precision for computations.
=============================================================================
The composite transform comprises the following transforms (in order): 
  1. /home/mdugre/scratch/mri-registration-rp/datasets/ds004513/derivatives/mri-registration-rp/0100/antsRegistration-r8-p22/sub-s003/align_Composite.h5[0] (type = Euler3DTransform)
  2. /home/mdugre/scratch/mri-registration-rp/datasets/ds004513/derivatives/mri-registration-rp/0100/antsRegistration-r8-p22/sub-s003/align_Composite.h5[1] (type = Euler3DTransform)
=============================================================================
  number of levels = 4
  fixed image: /templateflow/tpl-MNI152NLin2009cAsym/tpl-MNI152NLin2009cAsym_res-01_desc-brain_T1w.nii.gz
  moving image: /home/mdugre/scratch/mri-registration-rp/datasets/ds004513/derivatives/mri-registration-rp/antsBrainExtraction/sub-s003/BrainExtractionBrain.nii.gz
Dimension = 3
Number of stages = 1
Use histogram matching = false
Winsorize image intensities = true
  Lower quantile = 0.005
  Upper quantile = 0.995


Stage 1 State
   Image metric = MattesMI
     Fixed image = Image (0x365f1e0)
  RTTI typeinfo:   itk::Image<double, 3u>
  Reference Count: 2
  Modified Time: 1580
  Debug: Off
  Object Name: 
  Observers: 
    none
  Source: (none)
  Source output name: (none)
  Release Data: Off
  Data Released: False
  Global Release Data: Off
  PipelineMTime: 0
  UpdateMTime: 1189
  RealTimeStamp: 0 seconds 
  LargestPossibleRegion: 
    Dimension: 3
    Index: [0, 0, 0]
    Size: [193, 229, 193]
  BufferedRegion: 
    Dimension: 3
    Index: [0, 0, 0]
    Size: [193, 229, 193]
  RequestedRegion: 
    Dimension: 3
    Index: [0, 0, 0]
    Size: [193, 229, 193]
  Spacing: [1, 1, 1]
  Origin: [96, 132, -78]
  Direction: 
-1 0 0
0 -1 0
0 0 1

  IndexToPointMatrix: 
-1 0 0
0 -1 0
0 0 1

  PointToIndexMatrix: 
-1 0 0
0 -1 0
0 0 1

  Inverse Direction: 
-1 0 0
0 -1 0
0 0 1

  PixelContainer: 
    ImportImageContainer (0x371e680)
      RTTI typeinfo:   itk::ImportImageContainer<unsigned long, double>
      Reference Count: 1
      Modified Time: 1186
      Debug: Off
      Object Name: 
      Observers: 
        none
      Pointer: 0x14bce8618010
      Container manages memory: true
      Size: 8530021
      Capacity: 8530021

     Moving image = Image (0x371ab20)
  RTTI typeinfo:   itk::Image<double, 3u>
  Reference Count: 2
  Modified Time: 1581
  Debug: Off
  Object Name: 
  Observers: 
    none
  Source: (none)
  Source output name: (none)
  Release Data: Off
  Data Released: False
  Global Release Data: Off
  PipelineMTime: 0
  UpdateMTime: 1578
  RealTimeStamp: 0 seconds 
  LargestPossibleRegion: 
    Dimension: 3
    Index: [0, 0, 0]
    Size: [176, 240, 256]
  BufferedRegion: 
    Dimension: 3
    Index: [0, 0, 0]
    Size: [176, 240, 256]
  RequestedRegion: 
    Dimension: 3
    Index: [0, 0, 0]
    Size: [176, 240, 256]
  Spacing: [0.999999, 1, 1]
  Origin: [93.3499, 86.9368, -128.957]
  Direction: 
-0.999513 -0.0279216 -0.0139567
0.0279189 -0.99961 0.000389866
-0.0139622 2.01492e-08 0.999902

  IndexToPointMatrix: 
-0.999512 -0.0279216 -0.0139567
0.0279189 -0.99961 0.000389866
-0.0139621 2.01492e-08 0.999902

  PointToIndexMatrix: 
-0.999514 0.0279189 -0.0139622
-0.0279216 -0.99961 5.59667e-08
-0.0139567 0.000389902 0.999902

  Inverse Direction: 
-0.999513 0.0279189 -0.0139622
-0.0279216 -0.99961 2.01399e-08
-0.0139567 0.000389866 0.999902

  PixelContainer: 
    ImportImageContainer (0x3783d50)
      RTTI typeinfo:   itk::ImportImageContainer<unsigned long, double>
      Reference Count: 1
      Modified Time: 1575
      Debug: Off
      Object Name: 
      Observers: 
        none
      Pointer: 0x14bce3397010
      Container manages memory: true
      Size: 10813440
      Capacity: 10813440

     Weighting = 1
     Sampling strategy = regular
     Number of bins = 32
     Radius = 4
     Sampling percentage  = 0.25
   Transform = Rigid
     Gradient step = 0.1
     Update field sigma (voxel space) = 0
     Total field sigma (voxel space) = 0
     Update field time sigma = 0
     Total field time sigma  = 0
     Number of time indices = 0
     Number of time point samples = 0
Registration using 1 total stages.

Stage 0
  iterations = 1000x500x250x100
  convergence threshold = 1e-06
  convergence window size = 10
  number of levels = 4
  using the Mattes MI metric (number of bins = 32, weight = 1, use gradient filter = 0)
  preprocessing:  winsorizing the image intensities
  Shrink factors (level 1 out of 4): [8, 8, 8]
  Shrink factors (level 2 out of 4): [4, 4, 4]
  Shrink factors (level 3 out of 4): [2, 2, 2]
  Shrink factors (level 4 out of 4): [1, 1, 1]
  smoothing sigmas per level: [3, 2, 1, 0]
  regular sampling (percentage = 0.25)

*** Running Euler3DTransform registration ***

DIAGNOSTIC,Iteration,metricValue,convergenceValue,ITERATION_TIME_INDEX,SINCE_LAST
 2DIAGNOSTIC,     1, -4.871184026862e-01, 1.797693134862e+308, 0.0000e+00, 0.0000e+00, 
 2DIAGNOSTIC,     2, -4.888444347334e-01, 1.797693134862e+308, 0.0000e+00, 0.0000e+00, 
 2DIAGNOSTIC,     3, -4.919217504514e-01, 1.797693134862e+308, 0.0000e+00, 0.0000e+00, 
 2DIAGNOSTIC,     4, -5.018659934491e-01, 1.797693134862e+308, 0.0000e+00, 0.0000e+00, 
 2DIAGNOSTIC,     5, -5.198277430577e-01, 1.797693134862e+308, 0.0000e+00, 0.0000e+00, 
 2DIAGNOSTIC,     6, -5.251273656598e-01, 1.797693134862e+308, 0.0000e+00, 0.0000e+00, 
 2DIAGNOSTIC,     7, -5.364645292611e-01, 1.797693134862e+308, 0.0000e+00, 0.0000e+00, 
 2DIAGNOSTIC,     8, -5.563516973249e-01, 1.797693134862e+308, 0.0000e+00, 0.0000e+00, 
 2DIAGNOSTIC,     9, -5.572261856382e-01, 1.797693134862e+308, 0.0000e+00, 0.0000e+00, 
 2DIAGNOSTIC,    10, -5.594249323834e-01, 1.057431343103e-02, 0.0000e+00, 0.0000e+00, 
 2DIAGNOSTIC,    11, -5.642704172979e-01, 9.439403132938e-03, 0.0000e+00, 0.0000e+00, 
 2DIAGNOSTIC,    12, -5.657116125353e-01, 7.802347498413e-03, 0.0000e+00, 0.0000e+00, 
 2DIAGNOSTIC,    13, -5.696316813927e-01, 6.003646322496e-03, 0.0000e+00, 0.0000e+00, 
 2DIAGNOSTIC,    14, -5.729081677263e-01, 4.421126855323e-03, 0.0000e+00, 0.0000e+00, 
 2DIAGNOSTIC,    15, -5.740072648804e-01, 3.340655624055e-03, 0.0000e+00, 0.0000e+00, 
 2DIAGNOSTIC,    16, -5.762520471530e-01, 2.343121297220e-03, 0.0000e+00, 0.0000e+00, 
 2DIAGNOSTIC,    17, -5.816153210423e-01, 1.751313536310e-03, 0.0000e+00, 0.0000e+00, 
 2DIAGNOSTIC,    18, -5.821156382154e-01, 1.656032846557e-03, 0.0000e+00, 0.0000e+00, 
 2DIAGNOSTIC,    19, -5.844067814613e-01, 1.505786681256e-03, 0.0000e+00, 0.0000e+00, 
 2DIAGNOSTIC,    20, -5.991264232275e-01, 1.666154973519e-03, 0.0000e+00, 0.0000e+00, 
 2DIAGNOSTIC,    21, -6.159812809242e-01, 2.174844771288e-03, 0.0000e+00, 0.0000e+00, 
 2DIAGNOSTIC,    22, -6.193146552170e-01, 2.530874869207e-03, 0.0000e+00, 0.0000e+00, 
 2DIAGNOSTIC,    23, -6.212166290509e-01, 2.751366250624e-03, 0.0000e+00, 0.0000e+00, 
 2DIAGNOSTIC,    24, -6.252255739505e-01, 2.853015272517e-03, 0.0000e+00, 0.0000e+00, 
 2DIAGNOSTIC,    25, -6.302560391607e-01, 2.794592408252e-03, 0.0000e+00, 0.0000e+00, 
 2DIAGNOSTIC,    26, -6.338023569077e-01, 2.580533740392e-03, 0.0000e+00, 0.0000e+00, 
 2DIAGNOSTIC,    27, -6.400056440143e-01, 2.357906806263e-03, 0.0000e+00, 0.0000e+00, 
 2DIAGNOSTIC,    28, -6.416797227992e-01, 1.975000243927e-03, 0.0000e+00, 0.0000e+00, 
 2DIAGNOSTIC,    29, -6.423569014240e-01, 1.483562359899e-03, 0.0000e+00, 0.0000e+00, 
 2DIAGNOSTIC,    30, -6.451581181578e-01, 1.169576833389e-03, 0.0000e+00, 0.0000e+00, 
 2DIAGNOSTIC,    31, -6.466766570845e-01, 1.056290683161e-03, 0.0000e+00, 0.0000e+00, 
 2DIAGNOSTIC,    32, -6.488340959235e-01, 9.343188548788e-04, 0.0000e+00, 0.0000e+00, 
 2DIAGNOSTIC,    33, -6.530075777270e-01, 8.211496765822e-04, 0.0000e+00, 0.0000e+00, 
 2DIAGNOSTIC,    34, -6.546211624877e-01, 7.166288426752e-04, 0.0000e+00, 0.0000e+00, 
 2DIAGNOSTIC,    35, -6.547950328605e-01, 6.226873998073e-04, 0.0000e+00, 0.0000e+00, 
 2DIAGNOSTIC,    36, -6.548891814410e-01, 5.229088071042e-04, 0.0000e+00, 0.0000e+00, 
 2DIAGNOSTIC,    37, -6.551126007510e-01, 4.627248849470e-04, 0.0000e+00, 0.0000e+00, 
 2DIAGNOSTIC,    38, -6.566936514956e-01, 4.026109006207e-04, 0.0000e+00, 0.0000e+00, 
 2DIAGNOSTIC,    39, -6.570887486927e-01, 3.194934329412e-04, 0.0000e+00, 0.0000e+00, 
 2DIAGNOSTIC,    40, -6.574844733423e-01, 2.493733924646e-04, 0.0000e+00, 0.0000e+00, 
 2DIAGNOSTIC,    41, -6.580666494412e-01, 1.840781118726e-04, 0.0000e+00, 0.0000e+00, 
 2DIAGNOSTIC,    42, -6.582314676091e-01, 1.296956448749e-04, 0.0000e+00, 0.0000e+00, 
 2DIAGNOSTIC,    43, -6.585427716073e-01, 1.144683236162e-04, 0.0000e+00, 0.0000e+00, 
 2DIAGNOSTIC,    44, -6.586395499957e-01, 1.073869781872e-04, 0.0000e+00, 0.0000e+00, 
 2DIAGNOSTIC,    45, -6.586867366704e-01, 9.299018418102e-05, 0.0000e+00, 0.0000e+00, 
 2DIAGNOSTIC,    46, -6.586960230521e-01, 7.164969140606e-05, 0.0000e+00, 0.0000e+00, 
 2DIAGNOSTIC,    47, -6.589074181815e-01, 4.848145175990e-05, 0.0000e+00, 0.0000e+00, 
 2DIAGNOSTIC,    48, -6.589194133986e-01, 3.726417858899e-05, 0.0000e+00, 0.0000e+00, 
 2DIAGNOSTIC,    49, -6.596674066856e-01, 3.393568414102e-05, 0.0000e+00, 0.0000e+00, 
 2DIAGNOSTIC,    50, -6.600099381177e-01, 3.419714607145e-05, 0.0000e+00, 0.0000e+00, 
 2DIAGNOSTIC,    51, -6.600676230520e-01, 3.707712971809e-05, 0.0000e+00, 0.0000e+00, 
 2DIAGNOSTIC,    52, -6.600705230025e-01, 3.788767528115e-05, 0.0000e+00, 0.0000e+00, 
 2DIAGNOSTIC,    53, -6.600728671712e-01, 3.785061260799e-05, 0.0000e+00, 0.0000e+00, 
 2DIAGNOSTIC,    54, -6.600770313293e-01, 3.502276373195e-05, 0.0000e+00, 0.0000e+00, 
 2DIAGNOSTIC,    55, -6.601730127496e-01, 3.015989791058e-05, 0.0000e+00, 0.0000e+00, 
 2DIAGNOSTIC,    56, -6.601909086277e-01, 2.288559260766e-05, 0.0000e+00, 0.0000e+00, 
 2DIAGNOSTIC,    57, -6.601484657666e-01, 1.523624315547e-05, 0.0000e+00, 0.0000e+00, 
 2DIAGNOSTIC,    58, -6.601938422657e-01, 6.813704590262e-06, 0.0000e+00, 0.0000e+00, 
 2DIAGNOSTIC,    59, -6.601944226429e-01, 3.861002112811e-06, 0.0000e+00, 0.0000e+00, 
 2DIAGNOSTIC,    60, -6.601946172979e-01, 3.301455495413e-06, 0.0000e+00, 0.0000e+00, 
 2DIAGNOSTIC,    61, -6.601947216958e-01, 2.936200951792e-06, 0.0000e+00, 0.0000e+00, 
 2DIAGNOSTIC,    62, -6.601943913265e-01, 2.388836158915e-06, 0.0000e+00, 0.0000e+00, 
 2DIAGNOSTIC,    63, -6.601942560894e-01, 1.704292500598e-06, 0.0000e+00, 0.0000e+00, 
DIAGNOSTIC,Iteration,metricValue,convergenceValue,ITERATION_TIME_INDEX,SINCE_LAST
 2DIAGNOSTIC,     1, -5.279144598415e-01, 1.797693134862e+308, 0.0000e+00, 0.0000e+00, 
 2DIAGNOSTIC,     2, -5.285532279715e-01, 1.797693134862e+308, 0.0000e+00, 0.0000e+00, 
 2DIAGNOSTIC,     3, -5.292047887618e-01, 1.797693134862e+308, 0.0000e+00, 0.0000e+00, 
 2DIAGNOSTIC,     4, -5.296298664006e-01, 1.797693134862e+308, 0.0000e+00, 0.0000e+00, 
 2DIAGNOSTIC,     5, -5.298864291796e-01, 1.797693134862e+308, 0.0000e+00, 0.0000e+00, 
 2DIAGNOSTIC,     6, -5.302145685068e-01, 1.797693134862e+308, 0.0000e+00, 0.0000e+00, 
 2DIAGNOSTIC,     7, -5.303764677922e-01, 1.797693134862e+308, 0.0000e+00, 0.0000e+00, 
 2DIAGNOSTIC,     8, -5.305742155007e-01, 1.797693134862e+308, 0.0000e+00, 0.0000e+00, 
 2DIAGNOSTIC,     9, -5.309114790785e-01, 1.797693134862e+308, 0.0000e+00, 0.0000e+00, 
 2DIAGNOSTIC,    10, -5.310667899127e-01, 3.559621031777e-04, 0.0000e+00, 0.0000e+00, 
 2DIAGNOSTIC,    11, -5.312626478115e-01, 2.751127010389e-04, 0.0000e+00, 0.0000e+00, 
 2DIAGNOSTIC,    12, -5.317913620858e-01, 2.349586400297e-04, 0.0000e+00, 0.0000e+00, 
 2DIAGNOSTIC,    13, -5.323829281417e-01, 2.304730990213e-04, 0.0000e+00, 0.0000e+00, 
 2DIAGNOSTIC,    14, -5.325425792397e-01, 2.277196770265e-04, 0.0000e+00, 0.0000e+00, 
 2DIAGNOSTIC,    15, -5.327109964680e-01, 2.200122788216e-04, 0.0000e+00, 0.0000e+00, 
 2DIAGNOSTIC,    16, -5.337116594363e-01, 2.378780841209e-04, 0.0000e+00, 0.0000e+00, 
 2DIAGNOSTIC,    17, -5.343507810576e-01, 2.560244988775e-04, 0.0000e+00, 0.0000e+00, 
 2DIAGNOSTIC,    18, -5.349445181105e-01, 2.715676184125e-04, 0.0000e+00, 0.0000e+00, 
 2DIAGNOSTIC,    19, -5.349388047981e-01, 2.700300937674e-04, 0.0000e+00, 0.0000e+00, 
 2DIAGNOSTIC,    20, -5.349625212567e-01, 2.490639466464e-04, 0.0000e+00, 0.0000e+00, 
 2DIAGNOSTIC,    21, -5.349737229001e-01, 2.119121981037e-04, 0.0000e+00, 0.0000e+00, 
 2DIAGNOSTIC,    22, -5.349789353382e-01, 1.707772695582e-04, 0.0000e+00, 0.0000e+00, 
 2DIAGNOSTIC,    23, -5.350113349169e-01, 1.319329331746e-04, 0.0000e+00, 0.0000e+00, 
 2DIAGNOSTIC,    24, -5.350596900949e-01, 8.906525222132e-05, 0.0000e+00, 0.0000e+00, 
 2DIAGNOSTIC,    25, -5.351319522580e-01, 4.627834780382e-05, 0.0000e+00, 0.0000e+00, 
 2DIAGNOSTIC,    26, -5.353965194865e-01, 2.828813042357e-05, 0.0000e+00, 0.0000e+00, 
 2DIAGNOSTIC,    27, -5.358323537418e-01, 2.988491406634e-05, 0.0000e+00, 0.0000e+00, 
 2DIAGNOSTIC,    28, -5.360603159013e-01, 4.416156804429e-05, 0.0000e+00, 0.0000e+00, 
 2DIAGNOSTIC,    29, -5.360859773003e-01, 5.377754554898e-05, 0.0000e+00, 0.0000e+00, 
 2DIAGNOSTIC,    30, -5.360695716533e-01, 5.802314952973e-05, 0.0000e+00, 0.0000e+00, 
 2DIAGNOSTIC,    31, -5.360917484489e-01, 5.716203006718e-05, 0.0000e+00, 0.0000e+00, 
 2DIAGNOSTIC,    32, -5.361453713319e-01, 5.187072452612e-05, 0.0000e+00, 0.0000e+00, 
 2DIAGNOSTIC,    33, -5.362939493387e-01, 4.494671188776e-05, 0.0000e+00, 0.0000e+00, 
 2DIAGNOSTIC,    34, -5.362884072151e-01, 3.498772971439e-05, 0.0000e+00, 0.0000e+00, 
 2DIAGNOSTIC,    35, -5.362947873338e-01, 2.362900014570e-05, 0.0000e+00, 0.0000e+00, 
 2DIAGNOSTIC,    36, -5.363395968359e-01, 1.520970554867e-05, 0.0000e+00, 0.0000e+00, 
 2DIAGNOSTIC,    37, -5.363691192823e-01, 1.245044920490e-05, 0.0000e+00, 0.0000e+00, 
 2DIAGNOSTIC,    38, -5.365708359140e-01, 1.470758780756e-05, 0.0000e+00, 0.0000e+00, 
 2DIAGNOSTIC,    39, -5.365755391757e-01, 1.589289620011e-05, 0.0000e+00, 0.0000e+00, 
 2DIAGNOSTIC,    40, -5.365761732462e-01, 1.543718922218e-05, 0.0000e+00, 0.0000e+00, 
 2DIAGNOSTIC,    41, -5.365612623818e-01, 1.373511897539e-05, 0.0000e+00, 0.0000e+00, 
 2DIAGNOSTIC,    42, -5.365539143945e-01, 1.139886908621e-05, 0.0000e+00, 0.0000e+00, 
 2DIAGNOSTIC,    43, -5.365464284716e-01, 9.870787548587e-06, 0.0000e+00, 0.0000e+00, 
 2DIAGNOSTIC,    44, -5.365465194807e-01, 7.472590041750e-06, 0.0000e+00, 0.0000e+00, 
 2DIAGNOSTIC,    45, -5.365466405459e-01, 4.638830742615e-06, 0.0000e+00, 0.0000e+00, 
 2DIAGNOSTIC,    46, -5.365466851679e-01, 2.092686051228e-06, 0.0000e+00, 0.0000e+00, 
DIAGNOSTIC,Iteration,metricValue,convergenceValue,ITERATION_TIME_INDEX,SINCE_LAST
 2DIAGNOSTIC,     1, -4.763623410286e-01, 1.797693134862e+308, 0.0000e+00, 0.0000e+00, 
 2DIAGNOSTIC,     2, -4.765646604042e-01, 1.797693134862e+308, 0.0000e+00, 0.0000e+00, 
 2DIAGNOSTIC,     3, -4.767304289386e-01, 1.797693134862e+308, 0.0000e+00, 0.0000e+00, 
 2DIAGNOSTIC,     4, -4.768661425881e-01, 1.797693134862e+308, 0.0000e+00, 0.0000e+00, 
 2DIAGNOSTIC,     5, -4.768765521026e-01, 1.797693134862e+308, 0.0000e+00, 0.0000e+00, 
 2DIAGNOSTIC,     6, -4.768776566170e-01, 1.797693134862e+308, 0.0000e+00, 0.0000e+00, 
 2DIAGNOSTIC,     7, -4.768795583470e-01, 1.797693134862e+308, 0.0000e+00, 0.0000e+00, 
 2DIAGNOSTIC,     8, -4.768785040620e-01, 1.797693134862e+308, 0.0000e+00, 0.0000e+00, 
 2DIAGNOSTIC,     9, -4.768764240732e-01, 1.797693134862e+308, 0.0000e+00, 0.0000e+00, 
 2DIAGNOSTIC,    10, -4.768796800023e-01, 5.683198338911e-05, 0.0000e+00, 0.0000e+00, 
 2DIAGNOSTIC,    11, -4.768866389346e-01, 2.785820352640e-05, 0.0000e+00, 0.0000e+00, 
 2DIAGNOSTIC,    12, -4.768916712003e-01, 1.161757719170e-05, 0.0000e+00, 0.0000e+00, 
 2DIAGNOSTIC,    13, -4.769071195318e-01, 5.203716037572e-06, 0.0000e+00, 0.0000e+00, 
 2DIAGNOSTIC,    14, -4.769467976525e-01, 6.901849906357e-06, 0.0000e+00, 0.0000e+00, 
 2DIAGNOSTIC,    15, -4.770309260118e-01, 1.166849889368e-05, 0.0000e+00, 0.0000e+00, 
 2DIAGNOSTIC,    16, -4.772003696651e-01, 2.124399064109e-05, 0.0000e+00, 0.0000e+00, 
 2DIAGNOSTIC,    17, -4.774849401183e-01, 3.784514102003e-05, 0.0000e+00, 0.0000e+00, 
 2DIAGNOSTIC,    18, -4.775739206336e-01, 5.202298457227e-05, 0.0000e+00, 0.0000e+00, 
 2DIAGNOSTIC,    19, -4.776779526592e-01, 6.333004475271e-05, 0.0000e+00, 0.0000e+00, 
 2DIAGNOSTIC,    20, -4.777580709324e-01, 7.027805745433e-05, 0.0000e+00, 0.0000e+00, 
 2DIAGNOSTIC,    21, -4.780029951946e-01, 7.721962243188e-05, 0.0000e+00, 0.0000e+00, 
 2DIAGNOSTIC,    22, -4.782701133503e-01, 8.359203792029e-05, 0.0000e+00, 0.0000e+00, 
 2DIAGNOSTIC,    23, -4.784886916819e-01, 8.768671028139e-05, 0.0000e+00, 0.0000e+00, 
 2DIAGNOSTIC,    24, -4.786642915100e-01, 8.876112047662e-05, 0.0000e+00, 0.0000e+00, 
 2DIAGNOSTIC,    25, -4.787418322260e-01, 8.537395654102e-05, 0.0000e+00, 0.0000e+00, 
 2DIAGNOSTIC,    26, -4.788453021489e-01, 8.041925896017e-05, 0.0000e+00, 0.0000e+00, 
 2DIAGNOSTIC,    27, -4.788532372909e-01, 7.470428114071e-05, 0.0000e+00, 0.0000e+00, 
 2DIAGNOSTIC,    28, -4.788537594155e-01, 6.434400758471e-05, 0.0000e+00, 0.0000e+00, 
 2DIAGNOSTIC,    29, -4.788547983752e-01, 5.094344767795e-05, 0.0000e+00, 0.0000e+00, 
 2DIAGNOSTIC,    30, -4.788602270990e-01, 3.537368755496e-05, 0.0000e+00, 0.0000e+00, 
 2DIAGNOSTIC,    31, -4.788611314149e-01, 2.219866253578e-05, 0.0000e+00, 0.0000e+00, 
 2DIAGNOSTIC,    32, -4.788695125385e-01, 1.290365969096e-05, 0.0000e+00, 0.0000e+00, 
 2DIAGNOSTIC,    33, -4.788707104034e-01, 6.959691098950e-06, 0.0000e+00, 0.0000e+00, 
 2DIAGNOSTIC,    34, -4.788755114545e-01, 3.939746945198e-06, 0.0000e+00, 0.0000e+00, 
 2DIAGNOSTIC,    35, -4.788800108270e-01, 2.151751069764e-06, 0.0000e+00, 0.0000e+00, 
 2DIAGNOSTIC,    36, -4.788786968242e-01, 2.027884673815e-06, 0.0000e+00, 0.0000e+00, 
 2DIAGNOSTIC,    37, -4.788790985093e-01, 1.937632116904e-06, 0.0000e+00, 0.0000e+00, 
 2DIAGNOSTIC,    38, -4.788786862462e-01, 1.751670432284e-06, 0.0000e+00, 0.0000e+00, 
 2DIAGNOSTIC,    39, -4.788766161222e-01, 1.470665863316e-06, 0.0000e+00, 0.0000e+00, 
 2DIAGNOSTIC,    40, -4.788753360919e-01, 1.203983909036e-06, 0.0000e+00, 0.0000e+00, 
DIAGNOSTIC,Iteration,metricValue,convergenceValue,ITERATION_TIME_INDEX,SINCE_LAST
 2DIAGNOSTIC,     1, -4.451809218410e-01, 1.797693134862e+308, 0.0000e+00, 0.0000e+00, 
 2DIAGNOSTIC,     2, -4.452029342452e-01, 1.797693134862e+308, 0.0000e+00, 0.0000e+00, 
 2DIAGNOSTIC,     3, -4.452371987170e-01, 1.797693134862e+308, 0.0000e+00, 0.0000e+00, 
 2DIAGNOSTIC,     4, -4.452587735243e-01, 1.797693134862e+308, 0.0000e+00, 0.0000e+00, 
 2DIAGNOSTIC,     5, -4.452622031725e-01, 1.797693134862e+308, 0.0000e+00, 0.0000e+00, 
 2DIAGNOSTIC,     6, -4.452751342326e-01, 1.797693134862e+308, 0.0000e+00, 0.0000e+00, 
 2DIAGNOSTIC,     7, -4.453077070819e-01, 1.797693134862e+308, 0.0000e+00, 0.0000e+00, 
 2DIAGNOSTIC,     8, -4.453597488445e-01, 1.797693134862e+308, 0.0000e+00, 0.0000e+00, 
 2DIAGNOSTIC,     9, -4.453639811805e-01, 1.797693134862e+308, 0.0000e+00, 0.0000e+00, 
 2DIAGNOSTIC,    10, -4.453647597746e-01, 3.097617950935e-05, 0.0000e+00, 0.0000e+00, 
 2DIAGNOSTIC,    11, -4.453661613768e-01, 2.606470691553e-05, 0.0000e+00, 0.0000e+00, 
 2DIAGNOSTIC,    12, -4.453680998279e-01, 2.109203608598e-05, 0.0000e+00, 0.0000e+00, 
 2DIAGNOSTIC,    13, -4.453720349896e-01, 1.702536183977e-05, 0.0000e+00, 0.0000e+00, 
 2DIAGNOSTIC,    14, -4.453757885025e-01, 1.338143914068e-05, 0.0000e+00, 0.0000e+00, 
 2DIAGNOSTIC,    15, -4.453801354024e-01, 9.574174619803e-06, 0.0000e+00, 0.0000e+00, 
 2DIAGNOSTIC,    16, -4.453831526468e-01, 6.183824018513e-06, 2.5600e+02, 2.5600e+02, 
 2DIAGNOSTIC,    17, -4.453827082516e-01, 3.957429113924e-06, 2.5600e+02, 0.0000e+00, 
 2DIAGNOSTIC,    18, -4.453829007501e-01, 3.635457578428e-06, 2.5600e+02, 0.0000e+00, 
 2DIAGNOSTIC,    19, -4.453827933719e-01, 3.311559568016e-06, 2.5600e+02, 0.0000e+00, 
 2DIAGNOSTIC,    20, -4.453827889186e-01, 2.890670606652e-06, 2.5600e+02, 0.0000e+00, 
 2DIAGNOSTIC,    21, -4.453828071187e-01, 2.431352235439e-06, 2.5600e+02, 0.0000e+00, 
 2DIAGNOSTIC,    22, -4.453827963341e-01, 1.983810411957e-06, 2.5600e+02, 0.0000e+00, 
 2DIAGNOSTIC,    23, -4.453827860397e-01, 1.633370929288e-06, 2.5600e+02, 0.0000e+00, 
 2DIAGNOSTIC,    24, -4.453827052801e-01, 1.383634987147e-06, 2.5600e+02, 0.0000e+00, 
 2DIAGNOSTIC,    25, -4.453827060068e-01, 1.256999101390e-06, 2.5600e+02, 0.0000e+00, 
 2DIAGNOSTIC,    26, -4.453826917316e-01, 1.215368641658e-06, 2.5600e+02, 0.0000e+00, 
 2DIAGNOSTIC,    27, -4.453826770067e-01, 1.166371522580e-06, 2.5600e+02, 0.0000e+00, 
 2DIAGNOSTIC,    28, -4.453826806663e-01, 1.126375173410e-06, 2.5600e+02, 0.0000e+00, 
 2DIAGNOSTIC,    29, -4.453826805186e-01, 1.087541321450e-06, 2.5600e+02, 0.0000e+00, 
 2DIAGNOSTIC,    30, -4.453826798603e-01, 1.051894781147e-06, 2.5600e+02, 0.0000e+00, 
 2DIAGNOSTIC,    31, -4.453826786154e-01, 1.019521861691e-06, 2.5600e+02, 0.0000e+00, 
  Elapsed time (stage 0): 2.5600e+02


Total elapsed time: 2.5600e+02
Info [verificarlo]: loaded backend libinterflop_ieee.so
Info [interflop-ieee]: load backend with:
Info [interflop-ieee]: debug = false
Info [interflop-ieee]: debug-binary = false
Info [interflop-ieee]: no-backend-name = false
Info [interflop-ieee]: print-new-line = false
Info [interflop-ieee]: print-subnormal-normalized = false
Info [interflop-ieee]: count-op = false
All_Command_lines_OK
Using double precision for computations.
=============================================================================
The composite transform comprises the following transforms (in order): 
  1. /home/mdugre/scratch/mri-registration-rp/datasets/ds004513/derivatives/mri-registration-rp/0100/antsRegistration-r8-p22/sub-s003/rigid_Composite.h5[0] (type = Euler3DTransform)
  2. /home/mdugre/scratch/mri-registration-rp/datasets/ds004513/derivatives/mri-registration-rp/0100/antsRegistration-r8-p22/sub-s003/rigid_Composite.h5[1] (type = Euler3DTransform)
  3. /home/mdugre/scratch/mri-registration-rp/datasets/ds004513/derivatives/mri-registration-rp/0100/antsRegistration-r8-p22/sub-s003/rigid_Composite.h5[2] (type = Euler3DTransform)
=============================================================================
  number of levels = 4
  fixed image: /templateflow/tpl-MNI152NLin2009cAsym/tpl-MNI152NLin2009cAsym_res-01_desc-brain_T1w.nii.gz
  moving image: /home/mdugre/scratch/mri-registration-rp/datasets/ds004513/derivatives/mri-registration-rp/antsBrainExtraction/sub-s003/BrainExtractionBrain.nii.gz
Dimension = 3
Number of stages = 1
Use histogram matching = false
Winsorize image intensities = true
  Lower quantile = 0.005
  Upper quantile = 0.995


Stage 1 State
   Image metric = MattesMI
     Fixed image = Image (0x37127e0)
  RTTI typeinfo:   itk::Image<double, 3u>
  Reference Count: 2
  Modified Time: 1594
  Debug: Off
  Object Name: 
  Observers: 
    none
  Source: (none)
  Source output name: (none)
  Release Data: Off
  Data Released: False
  Global Release Data: Off
  PipelineMTime: 0
  UpdateMTime: 1203
  RealTimeStamp: 0 seconds 
  LargestPossibleRegion: 
    Dimension: 3
    Index: [0, 0, 0]
    Size: [193, 229, 193]
  BufferedRegion: 
    Dimension: 3
    Index: [0, 0, 0]
    Size: [193, 229, 193]
  RequestedRegion: 
    Dimension: 3
    Index: [0, 0, 0]
    Size: [193, 229, 193]
  Spacing: [1, 1, 1]
  Origin: [96, 132, -78]
  Direction: 
-1 0 0
0 -1 0
0 0 1

  IndexToPointMatrix: 
-1 0 0
0 -1 0
0 0 1

  PointToIndexMatrix: 
-1 0 0
0 -1 0
0 0 1

  Inverse Direction: 
-1 0 0
0 -1 0
0 0 1

  PixelContainer: 
    ImportImageContainer (0x37d2a20)
      RTTI typeinfo:   itk::ImportImageContainer<unsigned long, double>
      Reference Count: 1
      Modified Time: 1200
      Debug: Off
      Object Name: 
      Observers: 
        none
      Pointer: 0x147a5d7b3010
      Container manages memory: true
      Size: 8530021
      Capacity: 8530021

     Moving image = Image (0x37dd840)
  RTTI typeinfo:   itk::Image<double, 3u>
  Reference Count: 2
  Modified Time: 1595
  Debug: Off
  Object Name: 
  Observers: 
    none
  Source: (none)
  Source output name: (none)
  Release Data: Off
  Data Released: False
  Global Release Data: Off
  PipelineMTime: 0
  UpdateMTime: 1592
  RealTimeStamp: 0 seconds 
  LargestPossibleRegion: 
    Dimension: 3
    Index: [0, 0, 0]
    Size: [176, 240, 256]
  BufferedRegion: 
    Dimension: 3
    Index: [0, 0, 0]
    Size: [176, 240, 256]
  RequestedRegion: 
    Dimension: 3
    Index: [0, 0, 0]
    Size: [176, 240, 256]
  Spacing: [0.999999, 1, 1]
  Origin: [93.3499, 86.9368, -128.957]
  Direction: 
-0.999513 -0.0279216 -0.0139567
0.0279189 -0.99961 0.000389866
-0.0139622 2.01492e-08 0.999903

  IndexToPointMatrix: 
-0.999512 -0.0279216 -0.0139567
0.0279189 -0.99961 0.000389866
-0.0139621 2.01492e-08 0.999903

  PointToIndexMatrix: 
-0.999514 0.0279189 -0.0139622
-0.0279216 -0.99961 2.01716e-08
-0.0139567 0.000389866 0.999903

  Inverse Direction: 
-0.999513 0.0279189 -0.0139622
-0.0279216 -0.99961 2.01716e-08
-0.0139567 0.000389866 0.999903

  PixelContainer: 
    ImportImageContainer (0x3785c90)
      RTTI typeinfo:   itk::ImportImageContainer<unsigned long, double>
      Reference Count: 1
      Modified Time: 1589
      Debug: Off
      Object Name: 
      Observers: 
        none
      Pointer: 0x147a58532010
      Container manages memory: true
      Size: 10813440
      Capacity: 10813440

     Weighting = 1
     Sampling strategy = regular
     Number of bins = 32
     Radius = 4
     Sampling percentage  = 0.25
   Transform = Affine
     Gradient step = 0.1
     Update field sigma (voxel space) = 0
     Total field sigma (voxel space) = 0
     Update field time sigma = 0
     Total field time sigma  = 0
     Number of time indices = 0
     Number of time point samples = 0
Registration using 1 total stages.

Stage 0
  iterations = 1000x500x250x100
  convergence threshold = 1e-06
  convergence window size = 10
  number of levels = 4
  using the Mattes MI metric (number of bins = 32, weight = 1, use gradient filter = 0)
  preprocessing:  winsorizing the image intensities
  Shrink factors (level 1 out of 4): [8, 8, 8]
  Shrink factors (level 2 out of 4): [4, 4, 4]
  Shrink factors (level 3 out of 4): [2, 2, 2]
  Shrink factors (level 4 out of 4): [1, 1, 1]
  smoothing sigmas per level: [3, 2, 1, 0]
  regular sampling (percentage = 0.25)

*** Running AffineTransform registration ***

DIAGNOSTIC,Iteration,metricValue,convergenceValue,ITERATION_TIME_INDEX,SINCE_LAST
 2DIAGNOSTIC,     1, -6.599420505512e-01, 1.797693134862e+308, 7.4551e-01, 7.4551e-01, 
 2DIAGNOSTIC,     2, -6.626729351333e-01, 1.797693134862e+308, 7.5105e-01, 5.5401e-03, 
 2DIAGNOSTIC,     3, -6.666258804981e-01, 1.797693134862e+308, 7.5653e-01, 5.4839e-03, 
 2DIAGNOSTIC,     4, -6.729449030386e-01, 1.797693134862e+308, 7.6150e-01, 4.9670e-03, 
 2DIAGNOSTIC,     5, -6.815961804901e-01, 1.797693134862e+308, 7.6655e-01, 5.0468e-03, 
 2DIAGNOSTIC,     6, -6.948737494715e-01, 1.797693134862e+308, 7.7189e-01, 5.3458e-03, 
 2DIAGNOSTIC,     7, -7.061377177542e-01, 1.797693134862e+308, 7.7743e-01, 5.5408e-03, 
 2DIAGNOSTIC,     8, -7.133908242559e-01, 1.797693134862e+308, 7.8324e-01, 5.8110e-03, 
 2DIAGNOSTIC,     9, -7.230217776963e-01, 1.797693134862e+308, 7.9265e-01, 9.4011e-03, 
 2DIAGNOSTIC,    10, -7.231688876506e-01, 6.855788554618e-03, 7.9873e-01, 6.0799e-03, 
 2DIAGNOSTIC,    11, -7.231652856822e-01, 6.030022842155e-03, 8.0453e-01, 5.8050e-03, 
 2DIAGNOSTIC,    12, -7.230319289864e-01, 4.897130513308e-03, 8.1024e-01, 5.7092e-03, 
 2DIAGNOSTIC,    13, -7.231222327234e-01, 3.629074172599e-03, 8.1656e-01, 6.3210e-03, 
 2DIAGNOSTIC,    14, -7.229957427201e-01, 2.396479625056e-03, 8.2269e-01, 6.1309e-03, 
 2DIAGNOSTIC,    15, -7.228426093425e-01, 1.340439484938e-03, 8.2813e-01, 5.4429e-03, 
 2DIAGNOSTIC,    16, -7.228209704329e-01, 6.309531030685e-04, 8.3543e-01, 7.2911e-03, 
 2DIAGNOSTIC,    17, -7.228400585953e-01, 2.152365287710e-04, 8.4123e-01, 5.8022e-03, 
DIAGNOSTIC,Iteration,metricValue,convergenceValue,ITERATION_TIME_INDEX,SINCE_LAST
 2DIAGNOSTIC,     1, -5.950972928858e-01, 1.797693134862e+308, 1.6071e+00, 7.6587e-01, 
 2DIAGNOSTIC,     2, -5.955244622868e-01, 1.797693134862e+308, 1.6474e+00, 4.0279e-02, 
 2DIAGNOSTIC,     3, -5.958404249018e-01, 1.797693134862e+308, 1.6871e+00, 3.9759e-02, 
 2DIAGNOSTIC,     4, -5.960266510613e-01, 1.797693134862e+308, 1.7266e+00, 3.9443e-02, 
 2DIAGNOSTIC,     5, -5.961392537383e-01, 1.797693134862e+308, 1.7667e+00, 4.0160e-02, 
 2DIAGNOSTIC,     6, -5.961205812804e-01, 1.797693134862e+308, 1.8097e+00, 4.2955e-02, 
 2DIAGNOSTIC,     7, -5.961136011011e-01, 1.797693134862e+308, 1.8812e+00, 7.1486e-02, 
 2DIAGNOSTIC,     8, -5.961161065507e-01, 1.797693134862e+308, 1.9234e+00, 4.2241e-02, 
 2DIAGNOSTIC,     9, -5.961144584832e-01, 1.797693134862e+308, 1.9655e+00, 4.2124e-02, 
 2DIAGNOSTIC,    10, -5.961101329564e-01, 8.708814679696e-05, 2.0018e+00, 3.6288e-02, 
 2DIAGNOSTIC,    11, -5.960907916509e-01, 3.981598349352e-05, 2.0474e+00, 4.5566e-02, 
 2DIAGNOSTIC,    12, -5.960853375637e-01, 1.370164216655e-05, 2.0818e+00, 3.4412e-02, 
 2DIAGNOSTIC,    13, -5.960640890674e-01, 1.256393556429e-06, 2.1202e+00, 3.8373e-02, 
DIAGNOSTIC,Iteration,metricValue,convergenceValue,ITERATION_TIME_INDEX,SINCE_LAST
 2DIAGNOSTIC,     1, -5.236956630099e-01, 1.797693134862e+308, 3.3493e+00, 1.2291e+00, 
 2DIAGNOSTIC,     2, -5.239011282952e-01, 1.797693134862e+308, 3.6545e+00, 3.0515e-01, 
 2DIAGNOSTIC,     3, -5.240893902138e-01, 1.797693134862e+308, 4.0959e+00, 4.4139e-01, 
 2DIAGNOSTIC,     4, -5.241061968973e-01, 1.797693134862e+308, 4.4797e+00, 3.8384e-01, 
 2DIAGNOSTIC,     5, -5.241078505471e-01, 1.797693134862e+308, 4.9209e+00, 4.4123e-01, 
 2DIAGNOSTIC,     6, -5.241099123862e-01, 1.797693134862e+308, 5.4423e+00, 5.2143e-01, 
 2DIAGNOSTIC,     7, -5.241111048324e-01, 1.797693134862e+308, 5.7388e+00, 2.9641e-01, 
 2DIAGNOSTIC,     8, -5.241093637073e-01, 1.797693134862e+308, 6.0425e+00, 3.0371e-01, 
 2DIAGNOSTIC,     9, -5.241098817973e-01, 1.797693134862e+308, 6.4868e+00, 4.4435e-01, 
 2DIAGNOSTIC,    10, -5.241096154660e-01, 3.642455711295e-05, 6.8034e+00, 3.1658e-01, 
 2DIAGNOSTIC,    11, -5.241069963578e-01, 1.408523374026e-05, 7.1668e+00, 3.6347e-01, 
 2DIAGNOSTIC,    12, -5.241074105149e-01, 3.539437639283e-06, 7.5219e+00, 3.5508e-01, 
 2DIAGNOSTIC,    13, -5.241068844355e-01, 2.348938567751e-06, 7.8755e+00, 3.5359e-01, 
 2DIAGNOSTIC,    14, -5.241071372250e-01, 1.997237136717e-06, 8.2454e+00, 3.6989e-01, 
 2DIAGNOSTIC,    15, -5.241045723436e-01, 1.682164060601e-06, 8.5894e+00, 3.4402e-01, 
 2DIAGNOSTIC,    16, -5.241037676767e-01, 1.491508910212e-06, 8.9144e+00, 3.2496e-01, 
 2DIAGNOSTIC,    17, -5.241061615629e-01, 1.485108450820e-06, 9.3126e+00, 3.9820e-01, 
 2DIAGNOSTIC,    18, -5.241061770599e-01, 1.457851305862e-06, 9.6539e+00, 3.4135e-01, 
 2DIAGNOSTIC,    19, -5.241042017981e-01, 1.420709150185e-06, 9.9767e+00, 3.2275e-01, 
 2DIAGNOSTIC,    20, -5.241049442317e-01, 1.429518970024e-06, 1.0384e+01, 4.0713e-01, 
 2DIAGNOSTIC,    21, -5.241033624058e-01, 1.342857093647e-06, 1.0768e+01, 3.8392e-01, 
 2DIAGNOSTIC,    22, -5.241027761669e-01, 1.274926127698e-06, 1.1124e+01, 3.5649e-01, 
 2DIAGNOSTIC,    23, -5.241021484698e-01, 1.200681560995e-06, 1.1439e+01, 3.1502e-01, 
 2DIAGNOSTIC,    24, -5.241017359949e-01, 1.148793493728e-06, 1.1780e+01, 3.4064e-01, 
 2DIAGNOSTIC,    25, -5.241020761254e-01, 1.070422844716e-06, 1.2087e+01, 3.0701e-01, 
DIAGNOSTIC,Iteration,metricValue,convergenceValue,ITERATION_TIME_INDEX,SINCE_LAST
 2DIAGNOSTIC,     1, -4.776460794157e-01, 1.797693134862e+308, 1.5295e+01, 3.2079e+00, 
 2DIAGNOSTIC,     2, -4.779565233369e-01, 1.797693134862e+308, 1.7314e+01, 2.0189e+00, 
 2DIAGNOSTIC,     3, -4.783901783482e-01, 1.797693134862e+308, 1.9298e+01, 1.9841e+00, 
 2DIAGNOSTIC,     4, -4.789530507409e-01, 1.797693134862e+308, 2.1089e+01, 1.7909e+00, 
 2DIAGNOSTIC,     5, -4.794560200245e-01, 1.797693134862e+308, 2.2835e+01, 1.7461e+00, 
 2DIAGNOSTIC,     6, -4.799423808012e-01, 1.797693134862e+308, 2.4767e+01, 1.9325e+00, 
 2DIAGNOSTIC,     7, -4.802103017442e-01, 1.797693134862e+308, 2.6881e+01, 2.1141e+00, 
 2DIAGNOSTIC,     8, -4.810586188993e-01, 1.797693134862e+308, 2.9477e+01, 2.5952e+00, 
 2DIAGNOSTIC,     9, -4.812231444919e-01, 1.797693134862e+308, 3.1521e+01, 2.0441e+00, 
 2DIAGNOSTIC,    10, -4.827381022065e-01, 6.244131080321e-04, 3.3704e+01, 2.1836e+00, 
 2DIAGNOSTIC,    11, -4.833187335703e-01, 6.243183833757e-04, 3.5535e+01, 1.8307e+00, 
 2DIAGNOSTIC,    12, -4.836502771393e-01, 6.000396772026e-04, 3.7362e+01, 1.8273e+00, 
 2DIAGNOSTIC,    13, -4.841176822128e-01, 5.667410546742e-04, 3.9538e+01, 2.1763e+00, 
 2DIAGNOSTIC,    14, -4.843292169108e-01, 5.190122130394e-04, 4.1278e+01, 1.7390e+00, 
 2DIAGNOSTIC,    15, -4.846887317762e-01, 4.636798792755e-04, 4.3032e+01, 1.7547e+00, 
 2DIAGNOSTIC,    16, -4.849829506316e-01, 4.013640789797e-04, 4.5431e+01, 2.3987e+00, 
 2DIAGNOSTIC,    17, -4.852202146352e-01, 3.269359619491e-04, 4.7225e+01, 1.7945e+00, 
 2DIAGNOSTIC,    18, -4.853066680516e-01, 2.619632152585e-04, 4.9145e+01, 1.9196e+00, 
 2DIAGNOSTIC,    19, -4.855326924847e-01, 1.908798015388e-04, 5.1745e+01, 2.6005e+00, 
 2DIAGNOSTIC,    20, -4.855716170628e-01, 1.547417213030e-04, 5.3624e+01, 1.8785e+00, 
