
##########################
# Experiment information #
##########################

EXPERIMENT_NAME: antsRegistration-r7-p18
VFC_BACKENDS: libinterflop_vprec.so --range-binary32=7 --precision-binary32=18 --range-binary64=7 --precision-binary64=18

SIF_IMG: /home/mdugre/projects/rrg-glatard/mdugre/containers/ants-vprec-no_metrics.simg

SUBJECT_ID: s035
INPUT_IMG: /home/mdugre/scratch/mri-registration-rp/datasets/ds004513/derivatives/mri-registration-rp/antsBrainExtraction/sub-s035/BrainExtractionBrain.nii.gz
OUTPUT_DIR: /home/mdugre/scratch/mri-registration-rp/datasets/ds004513/derivatives/mri-registration-rp/0100/antsRegistration-r7-p18/sub-s035

FIXED_IMG: /templateflow/tpl-MNI152NLin2009cAsym/tpl-MNI152NLin2009cAsym_res-01_desc-brain_T1w.nii.gz
DATA_DIR: /home/mdugre/scratch/mri-registration-rp/datasets/ds004513
TEMPLATEFLOW_DIR: /home/mdugre/projects/rrg-glatard/mdugre/templateflow
ITK_GLOBAL_DEFAULT_NUMBER_OF_THREADS: 16
##########################

Info [verificarlo]: loaded backend libinterflop_ieee.so
Info [interflop-ieee]: load backend with:
Info [interflop-ieee]: debug = false
Info [interflop-ieee]: debug-binary = false
Info [interflop-ieee]: no-backend-name = false
Info [interflop-ieee]: print-new-line = false
Info [interflop-ieee]: print-subnormal-normalized = false
Info [interflop-ieee]: count-op = false
All_Command_lines_OK
Using double precision for computations.
=============================================================================
The composite transform comprises the following transforms (in order): 
  1. Center of mass alignment using fixed image: /templateflow/tpl-MNI152NLin2009cAsym/tpl-MNI152NLin2009cAsym_res-01_desc-brain_T1w.nii.gz and moving image: /home/mdugre/scratch/mri-registration-rp/datasets/ds004513/derivatives/mri-registration-rp/antsBrainExtraction/sub-s035/BrainExtractionBrain.nii.gz (type = Euler3DTransform)
=============================================================================
  number of levels = 1
  fixed image: /templateflow/tpl-MNI152NLin2009cAsym/tpl-MNI152NLin2009cAsym_res-01_desc-brain_T1w.nii.gz
  moving image: /home/mdugre/scratch/mri-registration-rp/datasets/ds004513/derivatives/mri-registration-rp/antsBrainExtraction/sub-s035/BrainExtractionBrain.nii.gz
Dimension = 3
Number of stages = 1
Use histogram matching = false
Winsorize image intensities = true
  Lower quantile = 0.005
  Upper quantile = 0.995


Stage 1 State
   Image metric = MattesMI
     Fixed image = Image (0x459fe70)
  RTTI typeinfo:   itk::Image<double, 3u>
  Reference Count: 2
  Modified Time: 2330
  Debug: Off
  Object Name: 
  Observers: 
    none
  Source: (none)
  Source output name: (none)
  Release Data: Off
  Data Released: False
  Global Release Data: Off
  PipelineMTime: 0
  UpdateMTime: 1941
  RealTimeStamp: 0 seconds 
  LargestPossibleRegion: 
    Dimension: 3
    Index: [0, 0, 0]
    Size: [193, 229, 193]
  BufferedRegion: 
    Dimension: 3
    Index: [0, 0, 0]
    Size: [193, 229, 193]
  RequestedRegion: 
    Dimension: 3
    Index: [0, 0, 0]
    Size: [193, 229, 193]
  Spacing: [1, 1, 1]
  Origin: [96, 132, -78]
  Direction: 
-1 0 0
0 -1 0
0 0 1

  IndexToPointMatrix: 
-1 0 0
0 -1 0
0 0 1

  PointToIndexMatrix: 
-1 0 0
0 -1 0
0 0 1

  Inverse Direction: 
-1 0 0
0 -1 0
0 0 1

  PixelContainer: 
    ImportImageContainer (0x45a8c60)
      RTTI typeinfo:   itk::ImportImageContainer<unsigned long, double>
      Reference Count: 1
      Modified Time: 1938
      Debug: Off
      Object Name: 
      Observers: 
        none
      Pointer: 0x14d68362b010
      Container manages memory: true
      Size: 8530021
      Capacity: 8530021

     Moving image = Image (0x463cec0)
  RTTI typeinfo:   itk::Image<double, 3u>
  Reference Count: 2
  Modified Time: 2331
  Debug: Off
  Object Name: 
  Observers: 
    none
  Source: (none)
  Source output name: (none)
  Release Data: Off
  Data Released: False
  Global Release Data: Off
  PipelineMTime: 0
  UpdateMTime: 2328
  RealTimeStamp: 0 seconds 
  LargestPossibleRegion: 
    Dimension: 3
    Index: [0, 0, 0]
    Size: [160, 240, 256]
  BufferedRegion: 
    Dimension: 3
    Index: [0, 0, 0]
    Size: [160, 240, 256]
  RequestedRegion: 
    Dimension: 3
    Index: [0, 0, 0]
    Size: [160, 240, 256]
  Spacing: [1, 1, 1]
  Origin: [98.6438, 87.6358, -117.989]
  Direction: 
-0.993515 -0.100993 -0.0522355
0.100854 -0.994887 0.00530255
-0.0525039 1.93537e-08 0.998621

  IndexToPointMatrix: 
-0.993515 -0.100993 -0.0522355
0.100854 -0.994887 0.00530255
-0.0525039 1.93537e-08 0.998621

  PointToIndexMatrix: 
-0.993515 0.100854 -0.0525039
-0.100993 -0.994887 1.93006e-08
-0.0522355 0.00530255 0.998621

  Inverse Direction: 
-0.993515 0.100854 -0.0525039
-0.100993 -0.994887 1.93006e-08
-0.0522355 0.00530255 0.998621

  PixelContainer: 
    ImportImageContainer (0x46d4610)
      RTTI typeinfo:   itk::ImportImageContainer<unsigned long, double>
      Reference Count: 1
      Modified Time: 2325
      Debug: Off
      Object Name: 
      Observers: 
        none
      Pointer: 0x14d67eb2a010
      Container manages memory: true
      Size: 9830400
      Capacity: 9830400

     Weighting = 1
     Sampling strategy = regular
     Number of bins = 32
     Radius = 4
     Sampling percentage  = 0.25
   Transform = Rigid
     Gradient step = 0.1
     Update field sigma (voxel space) = 0
     Total field sigma (voxel space) = 0
     Update field time sigma = 0
     Total field time sigma  = 0
     Number of time indices = 0
     Number of time point samples = 0
Registration using 1 total stages.

Stage 0
  iterations = 0
  convergence threshold = 1e-06
  convergence window size = 10
  number of levels = 1
  using the Mattes MI metric (number of bins = 32, weight = 1, use gradient filter = 0)
  preprocessing:  winsorizing the image intensities
  Shrink factors (level 1 out of 1): [1, 1, 1]
  smoothing sigmas per level: [0]
  regular sampling (percentage = 0.25)

*** Running Euler3DTransform registration ***

  Elapsed time (stage 0): 1.15283


Total elapsed time: 1.15521
Info [verificarlo]: loaded backend libinterflop_vprec.so
Info [interflop-vprec]: load backend with: 
Info [interflop-vprec]: precision-binary32 = 18
Info [interflop-vprec]: range-binary32 = 7
Info [interflop-vprec]: precision-binary64 = 18
Info [interflop-vprec]: range-binary64 = 7
Info [interflop-vprec]: mode = ob
Info [interflop-vprec]: error-mode = rel
Info [interflop-vprec]: max-abs-error-exponent = -1022
Info [interflop-vprec]: daz = false
Info [interflop-vprec]: ftz = false
Info [interflop-vprec]: 	instrument = none
Info [interflop-vprec]: 	prec-input-file = (null)
Info [interflop-vprec]: 	prec-output-file = (null)
Info [interflop-vprec]: 	prec-log-file = (null)
All_Command_lines_OK
Using double precision for computations.
=============================================================================
The composite transform comprises the following transforms (in order): 
  1. /home/mdugre/scratch/mri-registration-rp/datasets/ds004513/derivatives/mri-registration-rp/0100/antsRegistration-r7-p18/sub-s035/align_Composite.h5[0] (type = Euler3DTransform)
  2. /home/mdugre/scratch/mri-registration-rp/datasets/ds004513/derivatives/mri-registration-rp/0100/antsRegistration-r7-p18/sub-s035/align_Composite.h5[1] (type = Euler3DTransform)
=============================================================================
  number of levels = 4
  fixed image: /templateflow/tpl-MNI152NLin2009cAsym/tpl-MNI152NLin2009cAsym_res-01_desc-brain_T1w.nii.gz
  moving image: /home/mdugre/scratch/mri-registration-rp/datasets/ds004513/derivatives/mri-registration-rp/antsBrainExtraction/sub-s035/BrainExtractionBrain.nii.gz
Dimension = 3
Number of stages = 1
Use histogram matching = false
Winsorize image intensities = true
  Lower quantile = 0.005
  Upper quantile = 0.995


Stage 1 State
   Image metric = MattesMI
     Fixed image = Image (0x434e1e0)
  RTTI typeinfo:   itk::Image<double, 3u>
  Reference Count: 2
  Modified Time: 1578
  Debug: Off
  Object Name: 
  Observers: 
    none
  Source: (none)
  Source output name: (none)
  Release Data: Off
  Data Released: False
  Global Release Data: Off
  PipelineMTime: 0
  UpdateMTime: 1189
  RealTimeStamp: 0 seconds 
  LargestPossibleRegion: 
    Dimension: 3
    Index: [0, 0, 0]
    Size: [193, 229, 193]
  BufferedRegion: 
    Dimension: 3
    Index: [0, 0, 0]
    Size: [193, 229, 193]
  RequestedRegion: 
    Dimension: 3
    Index: [0, 0, 0]
    Size: [193, 229, 193]
  Spacing: [1, 1, 1]
  Origin: [96, 132, -78]
  Direction: 
-1 0 0
0 -1 0
0 0 1

  IndexToPointMatrix: 
-1 0 0
0 -1 0
0 0 1

  PointToIndexMatrix: 
-1 0 0
0 -1 0
0 0 1

  Inverse Direction: 
-1 0 0
0 -1 0
0 0 1

  PixelContainer: 
    ImportImageContainer (0x440d680)
      RTTI typeinfo:   itk::ImportImageContainer<unsigned long, double>
      Reference Count: 1
      Modified Time: 1186
      Debug: Off
      Object Name: 
      Observers: 
        none
      Pointer: 0x14a7c9ce8010
      Container manages memory: true
      Size: 8530021
      Capacity: 8530021

     Moving image = Image (0x4409b20)
  RTTI typeinfo:   itk::Image<double, 3u>
  Reference Count: 2
  Modified Time: 1579
  Debug: Off
  Object Name: 
  Observers: 
    none
  Source: (none)
  Source output name: (none)
  Release Data: Off
  Data Released: False
  Global Release Data: Off
  PipelineMTime: 0
  UpdateMTime: 1576
  RealTimeStamp: 0 seconds 
  LargestPossibleRegion: 
    Dimension: 3
    Index: [0, 0, 0]
    Size: [160, 240, 256]
  BufferedRegion: 
    Dimension: 3
    Index: [0, 0, 0]
    Size: [160, 240, 256]
  RequestedRegion: 
    Dimension: 3
    Index: [0, 0, 0]
    Size: [160, 240, 256]
  Spacing: [1, 1, 1]
  Origin: [98.6438, 87.6357, -117.99]
  Direction: 
-0.993515 -0.100993 -0.0522355
0.100854 -0.994886 0.00530255
-0.0525039 1.93537e-08 0.998621

  IndexToPointMatrix: 
-0.993515 -0.100993 -0.0522355
0.100854 -0.994886 0.00530255
-0.0525039 1.93537e-08 0.998621

  PointToIndexMatrix: 
-0.993515 0.100854 -0.0525039
-0.100993 -0.994888 1.90735e-06
-0.0522356 0.00530243 0.998623

  Inverse Direction: 
-0.993515 0.100854 -0.0525039
-0.100993 -0.994888 1.90735e-06
-0.0522356 0.00530243 0.998623

  PixelContainer: 
    ImportImageContainer (0x4472d50)
      RTTI typeinfo:   itk::ImportImageContainer<unsigned long, double>
      Reference Count: 1
      Modified Time: 1573
      Debug: Off
      Object Name: 
      Observers: 
        none
      Pointer: 0x14a7c51e7010
      Container manages memory: true
      Size: 9830400
      Capacity: 9830400

     Weighting = 1
     Sampling strategy = regular
     Number of bins = 32
     Radius = 4
     Sampling percentage  = 0.25
   Transform = Rigid
     Gradient step = 0.1
     Update field sigma (voxel space) = 0
     Total field sigma (voxel space) = 0
     Update field time sigma = 0
     Total field time sigma  = 0
     Number of time indices = 0
     Number of time point samples = 0
Registration using 1 total stages.

Stage 0
  iterations = 1000x500x250x100
  convergence threshold = 1e-06
  convergence window size = 10
  number of levels = 4
  using the Mattes MI metric (number of bins = 32, weight = 1, use gradient filter = 0)
  preprocessing:  winsorizing the image intensities
  Shrink factors (level 1 out of 4): [8, 8, 8]
  Shrink factors (level 2 out of 4): [4, 4, 4]
  Shrink factors (level 3 out of 4): [2, 2, 2]
  Shrink factors (level 4 out of 4): [1, 1, 1]
  smoothing sigmas per level: [3, 2, 1, 0]
  regular sampling (percentage = 0.25)

*** Running Euler3DTransform registration ***

DIAGNOSTIC,Iteration,metricValue,convergenceValue,ITERATION_TIME_INDEX,SINCE_LAST
 2DIAGNOSTIC,     1, -5.237292073903e-01, 1.797693134862e+308, 0.0000e+00, 0.0000e+00, 
 2DIAGNOSTIC,     2, -5.256679046266e-01, 1.797693134862e+308, 0.0000e+00, 0.0000e+00, 
 2DIAGNOSTIC,     3, -5.277570963084e-01, 1.797693134862e+308, 0.0000e+00, 0.0000e+00, 
 2DIAGNOSTIC,     4, -5.301308974395e-01, 1.797693134862e+308, 0.0000e+00, 0.0000e+00, 
 2DIAGNOSTIC,     5, -5.341857848678e-01, 1.797693134862e+308, 0.0000e+00, 0.0000e+00, 
 2DIAGNOSTIC,     6, -5.399302343622e-01, 1.797693134862e+308, 0.0000e+00, 0.0000e+00, 
 2DIAGNOSTIC,     7, -5.490968006886e-01, 1.797693134862e+308, 0.0000e+00, 0.0000e+00, 
 2DIAGNOSTIC,     8, -5.550180450827e-01, 1.797693134862e+308, 0.0000e+00, 0.0000e+00, 
 2DIAGNOSTIC,     9, -5.599581667298e-01, 1.797693134862e+308, 0.0000e+00, 0.0000e+00, 
 2DIAGNOSTIC,    10, -5.611449390226e-01, 5.066159934215e-03, 0.0000e+00, 0.0000e+00, 
 2DIAGNOSTIC,    11, -5.643231343538e-01, 4.763027513133e-03, 0.0000e+00, 0.0000e+00, 
 2DIAGNOSTIC,    12, -5.654928368952e-01, 4.214322341026e-03, 0.0000e+00, 0.0000e+00, 
 2DIAGNOSTIC,    13, -5.654937210545e-01, 3.455312248094e-03, 0.0000e+00, 0.0000e+00, 
 2DIAGNOSTIC,    14, -5.654951447801e-01, 2.585635792820e-03, 0.0000e+00, 0.0000e+00, 
 2DIAGNOSTIC,    15, -5.654966348968e-01, 1.740503830463e-03, 0.0000e+00, 0.0000e+00, 
 2DIAGNOSTIC,    16, -5.654994209632e-01, 1.024950230252e-03, 0.0000e+00, 0.0000e+00, 
 2DIAGNOSTIC,    17, -5.655032592451e-01, 5.764231561741e-04, 0.0000e+00, 0.0000e+00, 
 2DIAGNOSTIC,    18, -5.655107763826e-01, 2.933978990902e-04, 0.0000e+00, 0.0000e+00, 
 2DIAGNOSTIC,    19, -5.655207499015e-01, 1.485678236404e-04, 0.0000e+00, 0.0000e+00, 
 2DIAGNOSTIC,    20, -5.655391804067e-01, 3.390140559562e-05, 0.0000e+00, 0.0000e+00, 
 2DIAGNOSTIC,    21, -5.655669820769e-01, 4.931824348839e-06, 0.0000e+00, 0.0000e+00, 
 2DIAGNOSTIC,    22, -5.655421188847e-01, 5.009768838340e-06, 0.0000e+00, 0.0000e+00, 
 2DIAGNOSTIC,    23, -5.656109581810e-01, 6.328829100989e-06, 0.0000e+00, 0.0000e+00, 
 2DIAGNOSTIC,    24, -5.656357664831e-01, 7.590220797639e-06, 0.0000e+00, 0.0000e+00, 
 2DIAGNOSTIC,    25, -5.657489820400e-01, 1.049596742348e-05, 0.0000e+00, 0.0000e+00, 
 2DIAGNOSTIC,    26, -5.659373521360e-01, 1.602496104888e-05, 0.0000e+00, 0.0000e+00, 
 2DIAGNOSTIC,    27, -5.661016581181e-01, 2.286256336664e-05, 0.0000e+00, 0.0000e+00, 
 2DIAGNOSTIC,    28, -5.662118085486e-01, 2.928081991903e-05, 0.0000e+00, 0.0000e+00, 
 2DIAGNOSTIC,    29, -5.679899617990e-01, 6.405023169040e-05, 0.0000e+00, 0.0000e+00, 
 2DIAGNOSTIC,    30, -5.705767254757e-01, 1.339217111548e-04, 0.0000e+00, 0.0000e+00, 
 2DIAGNOSTIC,    31, -5.706999190969e-01, 1.882253132458e-04, 0.0000e+00, 0.0000e+00, 
 2DIAGNOSTIC,    32, -5.708404584996e-01, 2.240143378682e-04, 0.0000e+00, 0.0000e+00, 
 2DIAGNOSTIC,    33, -5.710416804577e-01, 2.411358386486e-04, 0.0000e+00, 0.0000e+00, 
 2DIAGNOSTIC,    34, -5.713134277972e-01, 2.382678372650e-04, 0.0000e+00, 0.0000e+00, 
 2DIAGNOSTIC,    35, -5.716618814689e-01, 2.189229314850e-04, 0.0000e+00, 0.0000e+00, 
 2DIAGNOSTIC,    36, -5.720053992080e-01, 1.875932591339e-04, 0.0000e+00, 0.0000e+00, 
 2DIAGNOSTIC,    37, -5.723705267008e-01, 1.482560505387e-04, 0.0000e+00, 0.0000e+00, 
 2DIAGNOSTIC,    38, -5.729371627029e-01, 1.057204930508e-04, 0.0000e+00, 0.0000e+00, 
 2DIAGNOSTIC,    39, -5.737119971572e-01, 8.751365783174e-05, 0.0000e+00, 0.0000e+00, 
 2DIAGNOSTIC,    40, -5.752791061968e-01, 1.143586142163e-04, 0.0000e+00, 0.0000e+00, 
 2DIAGNOSTIC,    41, -5.807423116531e-01, 1.975521226715e-04, 0.0000e+00, 0.0000e+00, 
 2DIAGNOSTIC,    42, -5.842877597180e-01, 3.006274867359e-04, 0.0000e+00, 0.0000e+00, 
 2DIAGNOSTIC,    43, -5.846328463298e-01, 3.762571083132e-04, 0.0000e+00, 0.0000e+00, 
 2DIAGNOSTIC,    44, -5.850783523959e-01, 4.218302718428e-04, 0.0000e+00, 0.0000e+00, 
 2DIAGNOSTIC,    45, -5.858594278657e-01, 4.377379933008e-04, 0.0000e+00, 0.0000e+00, 
 2DIAGNOSTIC,    46, -5.906094170692e-01, 4.655905298727e-04, 0.0000e+00, 0.0000e+00, 
 2DIAGNOSTIC,    47, -5.917700391254e-01, 4.621059803497e-04, 0.0000e+00, 0.0000e+00, 
 2DIAGNOSTIC,    48, -5.939874597693e-01, 4.448048365913e-04, 0.0000e+00, 0.0000e+00, 
 2DIAGNOSTIC,    49, -5.954180455244e-01, 4.092820118532e-04, 0.0000e+00, 0.0000e+00, 
 2DIAGNOSTIC,    50, -5.962573790889e-01, 3.588828073813e-04, 0.0000e+00, 0.0000e+00, 
 2DIAGNOSTIC,    51, -5.979832109814e-01, 3.453857641625e-04, 0.0000e+00, 0.0000e+00, 
 2DIAGNOSTIC,    52, -5.981493306054e-01, 3.346003223478e-04, 0.0000e+00, 0.0000e+00, 
 2DIAGNOSTIC,    53, -5.984176265907e-01, 2.985426994170e-04, 0.0000e+00, 0.0000e+00, 
 2DIAGNOSTIC,    54, -5.985719128272e-01, 2.412381038034e-04, 0.0000e+00, 0.0000e+00, 
 2DIAGNOSTIC,    55, -5.985450107127e-01, 1.688752407879e-04, 0.0000e+00, 0.0000e+00, 
 2DIAGNOSTIC,    56, -5.986789265378e-01, 1.264700936019e-04, 0.0000e+00, 0.0000e+00, 
 2DIAGNOSTIC,    57, -5.994656062358e-01, 9.016352462194e-05, 0.0000e+00, 0.0000e+00, 
 2DIAGNOSTIC,    58, -6.001426715226e-01, 7.114385365195e-05, 0.0000e+00, 0.0000e+00, 
 2DIAGNOSTIC,    59, -6.002889486766e-01, 5.920955109556e-05, 0.0000e+00, 0.0000e+00, 
 2DIAGNOSTIC,    60, -6.006666315386e-01, 5.190873416325e-05, 0.0000e+00, 0.0000e+00, 
 2DIAGNOSTIC,    61, -6.010729902247e-01, 5.725359292193e-05, 0.0000e+00, 0.0000e+00, 
 2DIAGNOSTIC,    62, -6.021417798988e-01, 6.662209499801e-05, 0.0000e+00, 0.0000e+00, 
 2DIAGNOSTIC,    63, -6.037373770036e-01, 8.368735483224e-05, 0.0000e+00, 0.0000e+00, 
 2DIAGNOSTIC,    64, -6.073879662596e-01, 1.214787902504e-04, 0.0000e+00, 0.0000e+00, 
 2DIAGNOSTIC,    65, -6.148341404413e-01, 2.023642434861e-04, 0.0000e+00, 0.0000e+00, 
 2DIAGNOSTIC,    66, -6.366025601749e-01, 4.236422273652e-04, 0.0000e+00, 0.0000e+00, 
 2DIAGNOSTIC,    67, -6.410823809606e-01, 6.318386910679e-04, 0.0000e+00, 0.0000e+00, 
 2DIAGNOSTIC,    68, -6.451076375229e-01, 8.080129122303e-04, 0.0000e+00, 0.0000e+00, 
 2DIAGNOSTIC,    69, -6.494470493541e-01, 9.341053934194e-04, 0.0000e+00, 0.0000e+00, 
 2DIAGNOSTIC,    70, -6.499897346456e-01, 9.713589511005e-04, 0.0000e+00, 0.0000e+00, 
 2DIAGNOSTIC,    71, -6.504894477126e-01, 9.184028179600e-04, 0.0000e+00, 0.0000e+00, 
 2DIAGNOSTIC,    72, -6.521366039083e-01, 7.971693568165e-04, 0.0000e+00, 0.0000e+00, 
 2DIAGNOSTIC,    73, -6.543803868547e-01, 6.299241964950e-04, 0.0000e+00, 0.0000e+00, 
 2DIAGNOSTIC,    74, -6.579117104769e-01, 4.543037481463e-04, 0.0000e+00, 0.0000e+00, 
 2DIAGNOSTIC,    75, -6.605385790738e-01, 3.017418286447e-04, 0.0000e+00, 0.0000e+00, 
 2DIAGNOSTIC,    76, -6.626365820884e-01, 2.769030933994e-04, 0.0000e+00, 0.0000e+00, 
 2DIAGNOSTIC,    77, -6.626090555141e-01, 2.537609603494e-04, 0.0000e+00, 0.0000e+00, 
 2DIAGNOSTIC,    78, -6.630216310277e-01, 2.337720248591e-04, 0.0000e+00, 0.0000e+00, 
 2DIAGNOSTIC,    79, -6.667642487249e-01, 2.409933519913e-04, 0.0000e+00, 0.0000e+00, 
 2DIAGNOSTIC,    80, -6.687426253752e-01, 2.392337234505e-04, 0.0000e+00, 0.0000e+00, 
 2DIAGNOSTIC,    81, -6.719275919540e-01, 2.362889789812e-04, 0.0000e+00, 0.0000e+00, 
 2DIAGNOSTIC,    82, -6.728018167594e-01, 2.254744091022e-04, 0.0000e+00, 0.0000e+00, 
 2DIAGNOSTIC,    83, -6.727763596946e-01, 2.059982920389e-04, 0.0000e+00, 0.0000e+00, 
 2DIAGNOSTIC,    84, -6.731858595991e-01, 1.893307326282e-04, 0.0000e+00, 0.0000e+00, 
 2DIAGNOSTIC,    85, -6.734375536104e-01, 1.704375349132e-04, 0.0000e+00, 0.0000e+00, 
 2DIAGNOSTIC,    86, -6.736045444884e-01, 1.481965107490e-04, 0.0000e+00, 0.0000e+00, 
 2DIAGNOSTIC,    87, -6.736329841534e-01, 1.125104564905e-04, 0.0000e+00, 0.0000e+00, 
 2DIAGNOSTIC,    88, -6.736553727158e-01, 6.910057956927e-05, 0.0000e+00, 0.0000e+00, 
 2DIAGNOSTIC,    89, -6.737419631262e-01, 4.054733147047e-05, 0.0000e+00, 0.0000e+00, 
 2DIAGNOSTIC,    90, -6.738821447778e-01, 1.952735657302e-05, 0.0000e+00, 0.0000e+00, 
 2DIAGNOSTIC,    91, -6.744249817183e-01, 1.645668630907e-05, 0.0000e+00, 0.0000e+00, 
 2DIAGNOSTIC,    92, -6.783931726926e-01, 3.679094145418e-05, 0.0000e+00, 0.0000e+00, 
 2DIAGNOSTIC,    93, -6.788197757787e-01, 5.458545609465e-05, 0.0000e+00, 0.0000e+00, 
 2DIAGNOSTIC,    94, -6.791467776033e-01, 7.060017880124e-05, 0.0000e+00, 0.0000e+00, 
 2DIAGNOSTIC,    95, -6.794453731408e-01, 8.243293502261e-05, 0.0000e+00, 0.0000e+00, 
 2DIAGNOSTIC,    96, -6.809903124273e-01, 9.433961267764e-05, 0.0000e+00, 0.0000e+00, 
 2DIAGNOSTIC,    97, -6.820574218799e-01, 1.016908999139e-04, 0.0000e+00, 0.0000e+00, 
 2DIAGNOSTIC,    98, -6.829639173613e-01, 1.034157534387e-04, 0.0000e+00, 0.0000e+00, 
 2DIAGNOSTIC,    99, -6.858361391589e-01, 1.094752419849e-04, 0.0000e+00, 0.0000e+00, 
 2DIAGNOSTIC,   100, -6.862241986797e-01, 1.071921319239e-04, 0.0000e+00, 0.0000e+00, 
 2DIAGNOSTIC,   101, -6.861792057373e-01, 9.648539064031e-05, 0.0000e+00, 0.0000e+00, 
 2DIAGNOSTIC,   102, -6.862009574064e-01, 9.508044388589e-05, 0.0000e+00, 0.0000e+00, 
 2DIAGNOSTIC,   103, -6.862203731120e-01, 8.653536741356e-05, 0.0000e+00, 0.0000e+00, 
 2DIAGNOSTIC,   104, -6.862380200854e-01, 7.125859468423e-05, 0.0000e+00, 0.0000e+00, 
 2DIAGNOSTIC,   105, -6.862356207704e-01, 5.060877269031e-05, 0.0000e+00, 0.0000e+00, 
 2DIAGNOSTIC,   106, -6.862457932583e-01, 3.246596764817e-05, 0.0000e+00, 0.0000e+00, 
 2DIAGNOSTIC,   107, -6.862521301915e-01, 1.631288259803e-05, 0.0000e+00, 0.0000e+00, 
 2DIAGNOSTIC,   108, -6.862559502615e-01, 2.516028802944e-06, 0.0000e+00, 0.0000e+00, 
DIAGNOSTIC,Iteration,metricValue,convergenceValue,ITERATION_TIME_INDEX,SINCE_LAST
 2DIAGNOSTIC,     1, -5.581921935300e-01, 1.797693134862e+308, 0.0000e+00, 0.0000e+00, 
 2DIAGNOSTIC,     2, -5.585539712450e-01, 1.797693134862e+308, 0.0000e+00, 0.0000e+00, 
 2DIAGNOSTIC,     3, -5.591159108401e-01, 1.797693134862e+308, 0.0000e+00, 0.0000e+00, 
 2DIAGNOSTIC,     4, -5.599400256862e-01, 1.797693134862e+308, 0.0000e+00, 0.0000e+00, 
 2DIAGNOSTIC,     5, -5.609104022539e-01, 1.797693134862e+308, 0.0000e+00, 0.0000e+00, 
 2DIAGNOSTIC,     6, -5.612865821281e-01, 1.797693134862e+308, 0.0000e+00, 0.0000e+00, 
 2DIAGNOSTIC,     7, -5.622372607621e-01, 1.797693134862e+308, 0.0000e+00, 0.0000e+00, 
 2DIAGNOSTIC,     8, -5.630521218611e-01, 1.797693134862e+308, 0.0000e+00, 0.0000e+00, 
 2DIAGNOSTIC,     9, -5.652009752092e-01, 1.797693134862e+308, 0.0000e+00, 0.0000e+00, 
 2DIAGNOSTIC,    10, -5.658167313689e-01, 8.804109136138e-04, 0.0000e+00, 0.0000e+00, 
 2DIAGNOSTIC,    11, -5.658798011157e-01, 8.320453930198e-04, 0.0000e+00, 0.0000e+00, 
 2DIAGNOSTIC,    12, -5.660117842775e-01, 7.395337583782e-04, 0.0000e+00, 0.0000e+00, 
 2DIAGNOSTIC,    13, -5.661275441218e-01, 6.202347059913e-04, 0.0000e+00, 0.0000e+00, 
 2DIAGNOSTIC,    14, -5.661259025554e-01, 4.898561630745e-04, 0.0000e+00, 0.0000e+00, 
 2DIAGNOSTIC,    15, -5.661194676282e-01, 3.648663583505e-04, 0.0000e+00, 0.0000e+00, 
 2DIAGNOSTIC,    16, -5.661227158844e-01, 2.347939493902e-04, 0.0000e+00, 0.0000e+00, 
 2DIAGNOSTIC,    17, -5.661252341307e-01, 1.272425611902e-04, 0.0000e+00, 0.0000e+00, 
 2DIAGNOSTIC,    18, -5.661178506643e-01, 4.118112965622e-05, 0.0000e+00, 0.0000e+00, 
 2DIAGNOSTIC,    19, -5.661198678895e-01, 1.725517213987e-05, 0.0000e+00, 0.0000e+00, 
 2DIAGNOSTIC,    20, -5.661128237969e-01, 9.669147539866e-06, 0.0000e+00, 0.0000e+00, 
 2DIAGNOSTIC,    21, -5.661135502704e-01, 3.529991307899e-06, 0.0000e+00, 0.0000e+00, 
DIAGNOSTIC,Iteration,metricValue,convergenceValue,ITERATION_TIME_INDEX,SINCE_LAST
 2DIAGNOSTIC,     1, -5.034798655107e-01, 1.797693134862e+308, 0.0000e+00, 0.0000e+00, 
 2DIAGNOSTIC,     2, -5.037233774738e-01, 1.797693134862e+308, 0.0000e+00, 0.0000e+00, 
 2DIAGNOSTIC,     3, -5.039533820369e-01, 1.797693134862e+308, 0.0000e+00, 0.0000e+00, 
 2DIAGNOSTIC,     4, -5.040707339899e-01, 1.797693134862e+308, 0.0000e+00, 0.0000e+00, 
 2DIAGNOSTIC,     5, -5.041841512230e-01, 1.797693134862e+308, 0.0000e+00, 0.0000e+00, 
 2DIAGNOSTIC,     6, -5.043065670206e-01, 1.797693134862e+308, 0.0000e+00, 0.0000e+00, 
 2DIAGNOSTIC,     7, -5.046081030054e-01, 1.797693134862e+308, 0.0000e+00, 0.0000e+00, 
 2DIAGNOSTIC,     8, -5.046651783013e-01, 1.797693134862e+308, 0.0000e+00, 0.0000e+00, 
 2DIAGNOSTIC,     9, -5.046581103859e-01, 1.797693134862e+308, 0.0000e+00, 0.0000e+00, 
 2DIAGNOSTIC,    10, -5.046534213678e-01, 1.587735738466e-04, 0.0000e+00, 0.0000e+00, 
 2DIAGNOSTIC,    11, -5.046551275897e-01, 1.171284693207e-04, 0.0000e+00, 0.0000e+00, 
 2DIAGNOSTIC,    12, -5.046559457773e-01, 8.322195678613e-05, 0.0000e+00, 0.0000e+00, 
 2DIAGNOSTIC,    13, -5.046524040986e-01, 5.698243269647e-05, 0.0000e+00, 0.0000e+00, 
 2DIAGNOSTIC,    14, -5.046519152925e-01, 3.437125655420e-05, 0.0000e+00, 0.0000e+00, 
 2DIAGNOSTIC,    15, -5.046508955508e-01, 1.610951058782e-05, 0.0000e+00, 0.0000e+00, 
 2DIAGNOSTIC,    16, -5.046513928059e-01, 2.889667173600e-06, 0.0000e+00, 0.0000e+00, 
 2DIAGNOSTIC,    17, -5.046510895899e-01, 1.064413512247e-06, 0.0000e+00, 0.0000e+00, 
 2DIAGNOSTIC,    18, -5.046509398093e-01, 1.304095784332e-06, 0.0000e+00, 0.0000e+00, 
 2DIAGNOSTIC,    19, -5.046495768005e-01, 1.315919374918e-06, 0.0000e+00, 0.0000e+00, 
 2DIAGNOSTIC,    20, -5.046498086688e-01, 1.231497850987e-06, 0.0000e+00, 0.0000e+00, 
 2DIAGNOSTIC,    21, -5.046495568099e-01, 1.223426293134e-06, 0.0000e+00, 0.0000e+00, 
 2DIAGNOSTIC,    22, -5.046493725627e-01, 1.260003021100e-06, 0.0000e+00, 0.0000e+00, 
 2DIAGNOSTIC,    23, -5.046488543901e-01, 1.210674361637e-06, 0.0000e+00, 0.0000e+00, 
 2DIAGNOSTIC,    24, -5.046488481004e-01, 1.170211961249e-06, 0.0000e+00, 0.0000e+00, 
 2DIAGNOSTIC,    25, -5.046475302358e-01, 1.093093903663e-06, 0.0000e+00, 0.0000e+00, 
 2DIAGNOSTIC,    26, -5.046469573109e-01, 1.036388906250e-06, 0.0000e+00, 0.0000e+00, 
 2DIAGNOSTIC,    27, -5.046480445857e-01, 1.016730661871e-06, 0.0000e+00, 0.0000e+00, 
 2DIAGNOSTIC,    28, -5.046476257902e-01, 1.000961074180e-06, 0.0000e+00, 0.0000e+00, 
DIAGNOSTIC,Iteration,metricValue,convergenceValue,ITERATION_TIME_INDEX,SINCE_LAST
 2DIAGNOSTIC,     1, -4.673500011709e-01, 1.797693134862e+308, 0.0000e+00, 0.0000e+00, 
 2DIAGNOSTIC,     2, -4.674486312032e-01, 1.797693134862e+308, 0.0000e+00, 0.0000e+00, 
 2DIAGNOSTIC,     3, -4.674687950436e-01, 1.797693134862e+308, 0.0000e+00, 0.0000e+00, 
 2DIAGNOSTIC,     4, -4.674681008643e-01, 1.797693134862e+308, 0.0000e+00, 0.0000e+00, 
 2DIAGNOSTIC,     5, -4.674663355097e-01, 1.797693134862e+308, 0.0000e+00, 0.0000e+00, 
 2DIAGNOSTIC,     6, -4.674655911386e-01, 1.797693134862e+308, 0.0000e+00, 0.0000e+00, 
 2DIAGNOSTIC,     7, -4.674637995585e-01, 1.797693134862e+308, 0.0000e+00, 0.0000e+00, 
 2DIAGNOSTIC,     8, -4.674643480090e-01, 1.797693134862e+308, 0.0000e+00, 0.0000e+00, 
 2DIAGNOSTIC,     9, -4.674624118619e-01, 1.797693134862e+308, 0.0000e+00, 0.0000e+00, 
 2DIAGNOSTIC,    10, -4.674630621264e-01, 1.043647084042e-05, 0.0000e+00, 0.0000e+00, 
 2DIAGNOSTIC,    11, -4.674635578532e-01, 3.123315275036e-06, 0.0000e+00, 0.0000e+00, 
 2DIAGNOSTIC,    12, -4.674625172196e-01, 1.918720004199e-06, 0.0000e+00, 0.0000e+00, 
 2DIAGNOSTIC,    13, -4.674625040204e-01, 1.907394288986e-06, 0.0000e+00, 0.0000e+00, 
 2DIAGNOSTIC,    14, -4.674625151027e-01, 1.916436080926e-06, 0.0000e+00, 0.0000e+00, 
 2DIAGNOSTIC,    15, -4.674619717203e-01, 1.860558459701e-06, 0.0000e+00, 0.0000e+00, 
 2DIAGNOSTIC,    16, -4.674619717873e-01, 1.806661532600e-06, 0.0000e+00, 0.0000e+00, 
 2DIAGNOSTIC,    17, -4.674619805781e-01, 1.709576575443e-06, 0.0000e+00, 0.0000e+00, 
 2DIAGNOSTIC,    18, -4.674618512519e-01, 1.652917333742e-06, 0.0000e+00, 0.0000e+00, 
 2DIAGNOSTIC,    19, -4.674618512519e-01, 1.548489977153e-06, 0.0000e+00, 0.0000e+00, 
 2DIAGNOSTIC,    20, -4.674618512519e-01, 1.483846931070e-06, 0.0000e+00, 0.0000e+00, 
 2DIAGNOSTIC,    21, -4.674616965151e-01, 1.444579920178e-06, 0.0000e+00, 0.0000e+00, 
 2DIAGNOSTIC,    22, -4.674616965151e-01, 1.385192828642e-06, 0.0000e+00, 0.0000e+00, 
 2DIAGNOSTIC,    23, -4.674616965151e-01, 1.334803169876e-06, 0.0000e+00, 0.0000e+00, 
 2DIAGNOSTIC,    24, -4.674616965151e-01, 1.292492998371e-06, 0.0000e+00, 0.0000e+00, 
 2DIAGNOSTIC,    25, -4.674616965151e-01, 1.242191213210e-06, 0.0000e+00, 0.0000e+00, 
 2DIAGNOSTIC,    26, -4.674616965151e-01, 1.197448486374e-06, 0.0000e+00, 0.0000e+00, 
 2DIAGNOSTIC,    27, -4.674616965151e-01, 1.157636451483e-06, 0.0000e+00, 0.0000e+00, 
 2DIAGNOSTIC,    28, -4.674616965151e-01, 1.118651718160e-06, 0.0000e+00, 0.0000e+00, 
 2DIAGNOSTIC,    29, -4.674616965151e-01, 1.082910988014e-06, 0.0000e+00, 0.0000e+00, 
 2DIAGNOSTIC,    30, -4.674616965151e-01, 1.049949671643e-06, 0.0000e+00, 0.0000e+00, 
 2DIAGNOSTIC,    31, -4.674616965151e-01, 1.016080116378e-06, 0.0000e+00, 0.0000e+00, 
  Elapsed time (stage 0): 0.0000e+00


Total elapsed time: 0.0000e+00
Info [verificarlo]: loaded backend libinterflop_ieee.so
Info [interflop-ieee]: load backend with:
Info [interflop-ieee]: debug = false
Info [interflop-ieee]: debug-binary = false
Info [interflop-ieee]: no-backend-name = false
Info [interflop-ieee]: print-new-line = false
Info [interflop-ieee]: print-subnormal-normalized = false
Info [interflop-ieee]: count-op = false
All_Command_lines_OK
Using double precision for computations.
=============================================================================
The composite transform comprises the following transforms (in order): 
  1. /home/mdugre/scratch/mri-registration-rp/datasets/ds004513/derivatives/mri-registration-rp/0100/antsRegistration-r7-p18/sub-s035/rigid_Composite.h5[0] (type = Euler3DTransform)
  2. /home/mdugre/scratch/mri-registration-rp/datasets/ds004513/derivatives/mri-registration-rp/0100/antsRegistration-r7-p18/sub-s035/rigid_Composite.h5[1] (type = Euler3DTransform)
  3. /home/mdugre/scratch/mri-registration-rp/datasets/ds004513/derivatives/mri-registration-rp/0100/antsRegistration-r7-p18/sub-s035/rigid_Composite.h5[2] (type = Euler3DTransform)
=============================================================================
  number of levels = 4
  fixed image: /templateflow/tpl-MNI152NLin2009cAsym/tpl-MNI152NLin2009cAsym_res-01_desc-brain_T1w.nii.gz
  moving image: /home/mdugre/scratch/mri-registration-rp/datasets/ds004513/derivatives/mri-registration-rp/antsBrainExtraction/sub-s035/BrainExtractionBrain.nii.gz
Dimension = 3
Number of stages = 1
Use histogram matching = false
Winsorize image intensities = true
  Lower quantile = 0.005
  Upper quantile = 0.995


Stage 1 State
   Image metric = MattesMI
     Fixed image = Image (0x4fb77e0)
  RTTI typeinfo:   itk::Image<double, 3u>
  Reference Count: 2
  Modified Time: 1592
  Debug: Off
  Object Name: 
  Observers: 
    none
  Source: (none)
  Source output name: (none)
  Release Data: Off
  Data Released: False
  Global Release Data: Off
  PipelineMTime: 0
  UpdateMTime: 1203
  RealTimeStamp: 0 seconds 
  LargestPossibleRegion: 
    Dimension: 3
    Index: [0, 0, 0]
    Size: [193, 229, 193]
  BufferedRegion: 
    Dimension: 3
    Index: [0, 0, 0]
    Size: [193, 229, 193]
  RequestedRegion: 
    Dimension: 3
    Index: [0, 0, 0]
    Size: [193, 229, 193]
  Spacing: [1, 1, 1]
  Origin: [96, 132, -78]
  Direction: 
-1 0 0
0 -1 0
0 0 1

  IndexToPointMatrix: 
-1 0 0
0 -1 0
0 0 1

  PointToIndexMatrix: 
-1 0 0
0 -1 0
0 0 1

  Inverse Direction: 
-1 0 0
0 -1 0
0 0 1

  PixelContainer: 
    ImportImageContainer (0x5082880)
      RTTI typeinfo:   itk::ImportImageContainer<unsigned long, double>
      Reference Count: 1
      Modified Time: 1200
      Debug: Off
      Object Name: 
      Observers: 
        none
      Pointer: 0x14d04d7f4010
      Container manages memory: true
      Size: 8530021
      Capacity: 8530021

     Moving image = Image (0x5073050)
  RTTI typeinfo:   itk::Image<double, 3u>
  Reference Count: 2
  Modified Time: 1593
  Debug: Off
  Object Name: 
  Observers: 
    none
  Source: (none)
  Source output name: (none)
  Release Data: Off
  Data Released: False
  Global Release Data: Off
  PipelineMTime: 0
  UpdateMTime: 1590
  RealTimeStamp: 0 seconds 
  LargestPossibleRegion: 
    Dimension: 3
    Index: [0, 0, 0]
    Size: [160, 240, 256]
  BufferedRegion: 
    Dimension: 3
    Index: [0, 0, 0]
    Size: [160, 240, 256]
  RequestedRegion: 
    Dimension: 3
    Index: [0, 0, 0]
    Size: [160, 240, 256]
  Spacing: [1, 1, 1]
  Origin: [98.6438, 87.6358, -117.989]
  Direction: 
-0.993515 -0.100993 -0.0522355
0.100854 -0.994887 0.00530255
-0.0525039 1.93537e-08 0.998621

  IndexToPointMatrix: 
-0.993515 -0.100993 -0.0522355
0.100854 -0.994887 0.00530255
-0.0525039 1.93537e-08 0.998621

  PointToIndexMatrix: 
-0.993515 0.100854 -0.0525039
-0.100993 -0.994887 1.93006e-08
-0.0522355 0.00530255 0.998621

  Inverse Direction: 
-0.993515 0.100854 -0.0525039
-0.100993 -0.994887 1.93006e-08
-0.0522355 0.00530255 0.998621

  PixelContainer: 
    ImportImageContainer (0x5126690)
      RTTI typeinfo:   itk::ImportImageContainer<unsigned long, double>
      Reference Count: 1
      Modified Time: 1587
      Debug: Off
      Object Name: 
      Observers: 
        none
      Pointer: 0x14d048cf3010
      Container manages memory: true
      Size: 9830400
      Capacity: 9830400

     Weighting = 1
     Sampling strategy = regular
     Number of bins = 32
     Radius = 4
     Sampling percentage  = 0.25
   Transform = Affine
     Gradient step = 0.1
     Update field sigma (voxel space) = 0
     Total field sigma (voxel space) = 0
     Update field time sigma = 0
     Total field time sigma  = 0
     Number of time indices = 0
     Number of time point samples = 0
Registration using 1 total stages.

Stage 0
  iterations = 1000x500x250x100
  convergence threshold = 1e-06
  convergence window size = 10
  number of levels = 4
  using the Mattes MI metric (number of bins = 32, weight = 1, use gradient filter = 0)
  preprocessing:  winsorizing the image intensities
  Shrink factors (level 1 out of 4): [8, 8, 8]
  Shrink factors (level 2 out of 4): [4, 4, 4]
  Shrink factors (level 3 out of 4): [2, 2, 2]
  Shrink factors (level 4 out of 4): [1, 1, 1]
  smoothing sigmas per level: [3, 2, 1, 0]
  regular sampling (percentage = 0.25)

*** Running AffineTransform registration ***

DIAGNOSTIC,Iteration,metricValue,convergenceValue,ITERATION_TIME_INDEX,SINCE_LAST
 2DIAGNOSTIC,     1, -6.766517292489e-01, 1.797693134862e+308, 1.0252e+00, 1.0252e+00, 
 2DIAGNOSTIC,     2, -6.786694189195e-01, 1.797693134862e+308, 1.0304e+00, 5.1429e-03, 
 2DIAGNOSTIC,     3, -6.823527506526e-01, 1.797693134862e+308, 1.0355e+00, 5.1000e-03, 
 2DIAGNOSTIC,     4, -6.895002564090e-01, 1.797693134862e+308, 1.0404e+00, 4.9231e-03, 
 2DIAGNOSTIC,     5, -7.010436889282e-01, 1.797693134862e+308, 1.0453e+00, 4.8921e-03, 
 2DIAGNOSTIC,     6, -7.131134377971e-01, 1.797693134862e+308, 1.0504e+00, 5.0850e-03, 
 2DIAGNOSTIC,     7, -7.358413140094e-01, 1.797693134862e+308, 1.0561e+00, 5.7039e-03, 
 2DIAGNOSTIC,     8, -7.386306909436e-01, 1.797693134862e+308, 1.0617e+00, 5.6450e-03, 
 2DIAGNOSTIC,     9, -7.392919983067e-01, 1.797693134862e+308, 1.0680e+00, 6.3071e-03, 
 2DIAGNOSTIC,    10, -7.420203075576e-01, 7.270315441617e-03, 1.0764e+00, 8.3251e-03, 
 2DIAGNOSTIC,    11, -7.407989738913e-01, 6.186071079248e-03, 1.0822e+00, 5.8680e-03, 
 2DIAGNOSTIC,    12, -7.409198403345e-01, 4.800938919652e-03, 1.0873e+00, 5.1100e-03, 
 2DIAGNOSTIC,    13, -7.412162555704e-01, 3.325958750408e-03, 1.0930e+00, 5.7011e-03, 
 2DIAGNOSTIC,    14, -7.415156622517e-01, 1.981039365739e-03, 1.0988e+00, 5.7478e-03, 
 2DIAGNOSTIC,    15, -7.414900761774e-01, 9.415694986240e-04, 1.1045e+00, 5.7390e-03, 
 2DIAGNOSTIC,    16, -7.415668090437e-01, 2.341850895626e-04, 1.1102e+00, 5.7101e-03, 
 2DIAGNOSTIC,    17, -7.416550018484e-01, 1.181002210462e-04, 1.1163e+00, 6.0420e-03, 
 2DIAGNOSTIC,    18, -7.417037842409e-01, 6.611237717663e-05, 1.1221e+00, 5.7981e-03, 
 2DIAGNOSTIC,    19, -7.416948890466e-01, 2.525564846929e-05, 1.1272e+00, 5.1751e-03, 
 2DIAGNOSTIC,    20, -7.417960165658e-01, 4.264013586655e-05, 1.1330e+00, 5.7690e-03, 
 2DIAGNOSTIC,    21, -7.419361000567e-01, 3.439334832667e-05, 1.1394e+00, 6.4011e-03, 
 2DIAGNOSTIC,    22, -7.419195869229e-01, 2.552073174941e-05, 1.1450e+00, 5.5559e-03, 
 2DIAGNOSTIC,    23, -7.419165420305e-01, 2.008443709700e-05, 1.1503e+00, 5.3220e-03, 
 2DIAGNOSTIC,    24, -7.418698541502e-01, 1.754873946640e-05, 1.1562e+00, 5.8570e-03, 
 2DIAGNOSTIC,    25, -7.420905969228e-01, 1.671968114569e-05, 1.1620e+00, 5.8329e-03, 
 2DIAGNOSTIC,    26, -7.420868290247e-01, 1.542415611492e-05, 1.1672e+00, 5.1892e-03, 
 2DIAGNOSTIC,    27, -7.422188155518e-01, 1.609449855675e-05, 1.1724e+00, 5.2509e-03, 
 2DIAGNOSTIC,    28, -7.422899156972e-01, 1.703134110749e-05, 1.1782e+00, 5.8022e-03, 
 2DIAGNOSTIC,    29, -7.421012560451e-01, 1.372742989163e-05, 1.1841e+00, 5.9171e-03, 
 2DIAGNOSTIC,    30, -7.422787068061e-01, 1.307270625794e-05, 1.1899e+00, 5.7719e-03, 
 2DIAGNOSTIC,    31, -7.420201799459e-01, 9.744014352185e-06, 1.1963e+00, 6.3832e-03, 
 2DIAGNOSTIC,    32, -7.419156542473e-01, 4.419153111355e-06, 1.2021e+00, 5.7991e-03, 
DIAGNOSTIC,Iteration,metricValue,convergenceValue,ITERATION_TIME_INDEX,SINCE_LAST
 2DIAGNOSTIC,     1, -6.103054230073e-01, 1.797693134862e+308, 1.9216e+00, 7.1952e-01, 
 2DIAGNOSTIC,     2, -6.105648385500e-01, 1.797693134862e+308, 1.9620e+00, 4.0348e-02, 
 2DIAGNOSTIC,     3, -6.111740161375e-01, 1.797693134862e+308, 1.9987e+00, 3.6725e-02, 
 2DIAGNOSTIC,     4, -6.117907120532e-01, 1.797693134862e+308, 2.0390e+00, 4.0278e-02, 
 2DIAGNOSTIC,     5, -6.120636668834e-01, 1.797693134862e+308, 2.0779e+00, 3.8930e-02, 
 2DIAGNOSTIC,     6, -6.121207308587e-01, 1.797693134862e+308, 2.1262e+00, 4.8329e-02, 
 2DIAGNOSTIC,     7, -6.121539218975e-01, 1.797693134862e+308, 2.1669e+00, 4.0639e-02, 
 2DIAGNOSTIC,     8, -6.121601925217e-01, 1.797693134862e+308, 2.2376e+00, 7.0734e-02, 
 2DIAGNOSTIC,     9, -6.121639599316e-01, 1.797693134862e+308, 2.2778e+00, 4.0224e-02, 
 2DIAGNOSTIC,    10, -6.121467872249e-01, 1.941425670410e-04, 2.3125e+00, 3.4722e-02, 
 2DIAGNOSTIC,    11, -6.121410920953e-01, 1.185686100397e-04, 2.3523e+00, 3.9744e-02, 
 2DIAGNOSTIC,    12, -6.121361720089e-01, 5.483394037305e-05, 2.3905e+00, 3.8253e-02, 
 2DIAGNOSTIC,    13, -6.121235292342e-01, 1.701959810260e-05, 2.4286e+00, 3.8013e-02, 
 2DIAGNOSTIC,    14, -6.121236633974e-01, 3.541725174361e-06, 2.4711e+00, 4.2535e-02, 
DIAGNOSTIC,Iteration,metricValue,convergenceValue,ITERATION_TIME_INDEX,SINCE_LAST
 2DIAGNOSTIC,     1, -5.356365564896e-01, 1.797693134862e+308, 3.6629e+00, 1.1918e+00, 
 2DIAGNOSTIC,     2, -5.359237790613e-01, 1.797693134862e+308, 3.9873e+00, 3.2442e-01, 
 2DIAGNOSTIC,     3, -5.361899286743e-01, 1.797693134862e+308, 4.3633e+00, 3.7599e-01, 
 2DIAGNOSTIC,     4, -5.363220764861e-01, 1.797693134862e+308, 4.8620e+00, 4.9878e-01, 
 2DIAGNOSTIC,     5, -5.363184015613e-01, 1.797693134862e+308, 5.3343e+00, 4.7225e-01, 
 2DIAGNOSTIC,     6, -5.363169460969e-01, 1.797693134862e+308, 5.7006e+00, 3.6628e-01, 
 2DIAGNOSTIC,     7, -5.363150627075e-01, 1.797693134862e+308, 6.0708e+00, 3.7022e-01, 
 2DIAGNOSTIC,     8, -5.363160536877e-01, 1.797693134862e+308, 6.4419e+00, 3.7116e-01, 
 2DIAGNOSTIC,     9, -5.363154217840e-01, 1.797693134862e+308, 6.9095e+00, 4.6752e-01, 
 2DIAGNOSTIC,    10, -5.363162140258e-01, 6.184873855956e-05, 7.2618e+00, 3.5234e-01, 
 2DIAGNOSTIC,    11, -5.363129227925e-01, 2.666576750444e-05, 7.6356e+00, 3.7383e-01, 
 2DIAGNOSTIC,    12, -5.363137498597e-01, 7.675181097538e-06, 8.0042e+00, 3.6852e-01, 
 2DIAGNOSTIC,    13, -5.363129312607e-01, 1.811254400533e-06, 8.3842e+00, 3.8005e-01, 
 2DIAGNOSTIC,    14, -5.363126894183e-01, 1.838211361557e-06, 8.7603e+00, 3.7605e-01, 
 2DIAGNOSTIC,    15, -5.363124482622e-01, 1.764515747155e-06, 9.0716e+00, 3.1137e-01, 
 2DIAGNOSTIC,    16, -5.363117327026e-01, 1.663975717686e-06, 9.4378e+00, 3.6618e-01, 
 2DIAGNOSTIC,    17, -5.363102588519e-01, 1.500216855826e-06, 9.8629e+00, 4.2513e-01, 
 2DIAGNOSTIC,    18, -5.363097708921e-01, 1.404205334191e-06, 1.0296e+01, 4.3266e-01, 
 2DIAGNOSTIC,    19, -5.363079799443e-01, 1.282807012101e-06, 1.0722e+01, 4.2666e-01, 
 2DIAGNOSTIC,    20, -5.363062274241e-01, 1.187672250283e-06, 1.1040e+01, 3.1809e-01, 
 2DIAGNOSTIC,    21, -5.363056380522e-01, 1.041242994181e-06, 1.1364e+01, 3.2372e-01, 
DIAGNOSTIC,Iteration,metricValue,convergenceValue,ITERATION_TIME_INDEX,SINCE_LAST
 2DIAGNOSTIC,     1, -4.918505271496e-01, 1.797693134862e+308, 1.4601e+01, 3.2365e+00, 
