
##########################
# Experiment information #
##########################

EXPERIMENT_NAME: antsRegistration-r7-p17
VFC_BACKENDS: libinterflop_vprec.so --range-binary32=7 --precision-binary32=17 --range-binary64=7 --precision-binary64=17

SIF_IMG: /home/mdugre/projects/rrg-glatard/mdugre/containers/ants-vprec-no_metrics.simg

SUBJECT_ID: s035
INPUT_IMG: /home/mdugre/scratch/mri-registration-rp/datasets/ds004513/derivatives/mri-registration-rp/antsBrainExtraction/sub-s035/BrainExtractionBrain.nii.gz
OUTPUT_DIR: /home/mdugre/scratch/mri-registration-rp/datasets/ds004513/derivatives/mri-registration-rp/0100/antsRegistration-r7-p17/sub-s035

FIXED_IMG: /templateflow/tpl-MNI152NLin2009cAsym/tpl-MNI152NLin2009cAsym_res-01_desc-brain_T1w.nii.gz
DATA_DIR: /home/mdugre/scratch/mri-registration-rp/datasets/ds004513
TEMPLATEFLOW_DIR: /home/mdugre/projects/rrg-glatard/mdugre/templateflow
ITK_GLOBAL_DEFAULT_NUMBER_OF_THREADS: 16
##########################

Info [verificarlo]: loaded backend libinterflop_ieee.so
Info [interflop-ieee]: load backend with:
Info [interflop-ieee]: debug = false
Info [interflop-ieee]: debug-binary = false
Info [interflop-ieee]: no-backend-name = false
Info [interflop-ieee]: print-new-line = false
Info [interflop-ieee]: print-subnormal-normalized = false
Info [interflop-ieee]: count-op = false
All_Command_lines_OK
Using double precision for computations.
=============================================================================
The composite transform comprises the following transforms (in order): 
  1. Center of mass alignment using fixed image: /templateflow/tpl-MNI152NLin2009cAsym/tpl-MNI152NLin2009cAsym_res-01_desc-brain_T1w.nii.gz and moving image: /home/mdugre/scratch/mri-registration-rp/datasets/ds004513/derivatives/mri-registration-rp/antsBrainExtraction/sub-s035/BrainExtractionBrain.nii.gz (type = Euler3DTransform)
=============================================================================
  number of levels = 1
  fixed image: /templateflow/tpl-MNI152NLin2009cAsym/tpl-MNI152NLin2009cAsym_res-01_desc-brain_T1w.nii.gz
  moving image: /home/mdugre/scratch/mri-registration-rp/datasets/ds004513/derivatives/mri-registration-rp/antsBrainExtraction/sub-s035/BrainExtractionBrain.nii.gz
Dimension = 3
Number of stages = 1
Use histogram matching = false
Winsorize image intensities = true
  Lower quantile = 0.005
  Upper quantile = 0.995


Stage 1 State
   Image metric = MattesMI
     Fixed image = Image (0x4db7e70)
  RTTI typeinfo:   itk::Image<double, 3u>
  Reference Count: 2
  Modified Time: 2330
  Debug: Off
  Object Name: 
  Observers: 
    none
  Source: (none)
  Source output name: (none)
  Release Data: Off
  Data Released: False
  Global Release Data: Off
  PipelineMTime: 0
  UpdateMTime: 1941
  RealTimeStamp: 0 seconds 
  LargestPossibleRegion: 
    Dimension: 3
    Index: [0, 0, 0]
    Size: [193, 229, 193]
  BufferedRegion: 
    Dimension: 3
    Index: [0, 0, 0]
    Size: [193, 229, 193]
  RequestedRegion: 
    Dimension: 3
    Index: [0, 0, 0]
    Size: [193, 229, 193]
  Spacing: [1, 1, 1]
  Origin: [96, 132, -78]
  Direction: 
-1 0 0
0 -1 0
0 0 1

  IndexToPointMatrix: 
-1 0 0
0 -1 0
0 0 1

  PointToIndexMatrix: 
-1 0 0
0 -1 0
0 0 1

  Inverse Direction: 
-1 0 0
0 -1 0
0 0 1

  PixelContainer: 
    ImportImageContainer (0x4dc0c60)
      RTTI typeinfo:   itk::ImportImageContainer<unsigned long, double>
      Reference Count: 1
      Modified Time: 1938
      Debug: Off
      Object Name: 
      Observers: 
        none
      Pointer: 0x148f4c5e9010
      Container manages memory: true
      Size: 8530021
      Capacity: 8530021

     Moving image = Image (0x4e54ec0)
  RTTI typeinfo:   itk::Image<double, 3u>
  Reference Count: 2
  Modified Time: 2331
  Debug: Off
  Object Name: 
  Observers: 
    none
  Source: (none)
  Source output name: (none)
  Release Data: Off
  Data Released: False
  Global Release Data: Off
  PipelineMTime: 0
  UpdateMTime: 2328
  RealTimeStamp: 0 seconds 
  LargestPossibleRegion: 
    Dimension: 3
    Index: [0, 0, 0]
    Size: [160, 240, 256]
  BufferedRegion: 
    Dimension: 3
    Index: [0, 0, 0]
    Size: [160, 240, 256]
  RequestedRegion: 
    Dimension: 3
    Index: [0, 0, 0]
    Size: [160, 240, 256]
  Spacing: [1, 1, 1]
  Origin: [98.6438, 87.6358, -117.989]
  Direction: 
-0.993515 -0.100993 -0.0522355
0.100854 -0.994887 0.00530255
-0.0525039 1.93537e-08 0.998621

  IndexToPointMatrix: 
-0.993515 -0.100993 -0.0522355
0.100854 -0.994887 0.00530255
-0.0525039 1.93537e-08 0.998621

  PointToIndexMatrix: 
-0.993515 0.100854 -0.0525039
-0.100993 -0.994887 1.93006e-08
-0.0522355 0.00530255 0.998621

  Inverse Direction: 
-0.993515 0.100854 -0.0525039
-0.100993 -0.994887 1.93006e-08
-0.0522355 0.00530255 0.998621

  PixelContainer: 
    ImportImageContainer (0x4eec610)
      RTTI typeinfo:   itk::ImportImageContainer<unsigned long, double>
      Reference Count: 1
      Modified Time: 2325
      Debug: Off
      Object Name: 
      Observers: 
        none
      Pointer: 0x148f47ae8010
      Container manages memory: true
      Size: 9830400
      Capacity: 9830400

     Weighting = 1
     Sampling strategy = regular
     Number of bins = 32
     Radius = 4
     Sampling percentage  = 0.25
   Transform = Rigid
     Gradient step = 0.1
     Update field sigma (voxel space) = 0
     Total field sigma (voxel space) = 0
     Update field time sigma = 0
     Total field time sigma  = 0
     Number of time indices = 0
     Number of time point samples = 0
Registration using 1 total stages.

Stage 0
  iterations = 0
  convergence threshold = 1e-06
  convergence window size = 10
  number of levels = 1
  using the Mattes MI metric (number of bins = 32, weight = 1, use gradient filter = 0)
  preprocessing:  winsorizing the image intensities
  Shrink factors (level 1 out of 1): [1, 1, 1]
  smoothing sigmas per level: [0]
  regular sampling (percentage = 0.25)

*** Running Euler3DTransform registration ***

  Elapsed time (stage 0): 1.12102


Total elapsed time: 1.1234
Info [verificarlo]: loaded backend libinterflop_vprec.so
Info [interflop-vprec]: load backend with: 
Info [interflop-vprec]: precision-binary32 = 17
Info [interflop-vprec]: range-binary32 = 7
Info [interflop-vprec]: precision-binary64 = 17
Info [interflop-vprec]: range-binary64 = 7
Info [interflop-vprec]: mode = ob
Info [interflop-vprec]: error-mode = rel
Info [interflop-vprec]: max-abs-error-exponent = -1022
Info [interflop-vprec]: daz = false
Info [interflop-vprec]: ftz = false
Info [interflop-vprec]: 	instrument = none
Info [interflop-vprec]: 	prec-input-file = (null)
Info [interflop-vprec]: 	prec-output-file = (null)
Info [interflop-vprec]: 	prec-log-file = (null)
All_Command_lines_OK
Using double precision for computations.
=============================================================================
The composite transform comprises the following transforms (in order): 
  1. /home/mdugre/scratch/mri-registration-rp/datasets/ds004513/derivatives/mri-registration-rp/0100/antsRegistration-r7-p17/sub-s035/align_Composite.h5[0] (type = Euler3DTransform)
  2. /home/mdugre/scratch/mri-registration-rp/datasets/ds004513/derivatives/mri-registration-rp/0100/antsRegistration-r7-p17/sub-s035/align_Composite.h5[1] (type = Euler3DTransform)
=============================================================================
  number of levels = 4
  fixed image: /templateflow/tpl-MNI152NLin2009cAsym/tpl-MNI152NLin2009cAsym_res-01_desc-brain_T1w.nii.gz
  moving image: /home/mdugre/scratch/mri-registration-rp/datasets/ds004513/derivatives/mri-registration-rp/antsBrainExtraction/sub-s035/BrainExtractionBrain.nii.gz
Dimension = 3
Number of stages = 1
Use histogram matching = false
Winsorize image intensities = true
  Lower quantile = 0.005
  Upper quantile = 0.995


Stage 1 State
   Image metric = MattesMI
     Fixed image = Image (0x3ac71e0)
  RTTI typeinfo:   itk::Image<double, 3u>
  Reference Count: 2
  Modified Time: 1578
  Debug: Off
  Object Name: 
  Observers: 
    none
  Source: (none)
  Source output name: (none)
  Release Data: Off
  Data Released: False
  Global Release Data: Off
  PipelineMTime: 0
  UpdateMTime: 1189
  RealTimeStamp: 0 seconds 
  LargestPossibleRegion: 
    Dimension: 3
    Index: [0, 0, 0]
    Size: [193, 229, 193]
  BufferedRegion: 
    Dimension: 3
    Index: [0, 0, 0]
    Size: [193, 229, 193]
  RequestedRegion: 
    Dimension: 3
    Index: [0, 0, 0]
    Size: [193, 229, 193]
  Spacing: [1, 1, 1]
  Origin: [96, 132, -78]
  Direction: 
-1 0 0
0 -1 0
0 0 1

  IndexToPointMatrix: 
-1 0 0
0 -1 0
0 0 1

  PointToIndexMatrix: 
-1 0 0
0 -1 0
0 0 1

  Inverse Direction: 
-1 0 0
0 -1 0
0 0 1

  PixelContainer: 
    ImportImageContainer (0x3b86680)
      RTTI typeinfo:   itk::ImportImageContainer<unsigned long, double>
      Reference Count: 1
      Modified Time: 1186
      Debug: Off
      Object Name: 
      Observers: 
        none
      Pointer: 0x147dc5d7a010
      Container manages memory: true
      Size: 8530021
      Capacity: 8530021

     Moving image = Image (0x3b82b20)
  RTTI typeinfo:   itk::Image<double, 3u>
  Reference Count: 2
  Modified Time: 1579
  Debug: Off
  Object Name: 
  Observers: 
    none
  Source: (none)
  Source output name: (none)
  Release Data: Off
  Data Released: False
  Global Release Data: Off
  PipelineMTime: 0
  UpdateMTime: 1576
  RealTimeStamp: 0 seconds 
  LargestPossibleRegion: 
    Dimension: 3
    Index: [0, 0, 0]
    Size: [160, 240, 256]
  BufferedRegion: 
    Dimension: 3
    Index: [0, 0, 0]
    Size: [160, 240, 256]
  RequestedRegion: 
    Dimension: 3
    Index: [0, 0, 0]
    Size: [160, 240, 256]
  Spacing: [1, 1, 1]
  Origin: [98.6436, 87.6357, -117.989]
  Direction: 
-0.993515 -0.100993 -0.0522354
0.100854 -0.994888 0.00530255
-0.0525038 1.93537e-08 0.998619

  IndexToPointMatrix: 
-0.993515 -0.100993 -0.0522354
0.100854 -0.994888 0.00530255
-0.0525038 1.93537e-08 0.998619

  PointToIndexMatrix: 
-0.993515 0.100854 -0.0525038
-0.100993 -0.994888 0
-0.0522356 0.00530243 0.998623

  Inverse Direction: 
-0.993515 0.100854 -0.0525038
-0.100993 -0.994888 0
-0.0522356 0.00530243 0.998623

  PixelContainer: 
    ImportImageContainer (0x3bebd50)
      RTTI typeinfo:   itk::ImportImageContainer<unsigned long, double>
      Reference Count: 1
      Modified Time: 1573
      Debug: Off
      Object Name: 
      Observers: 
        none
      Pointer: 0x147dc1279010
      Container manages memory: true
      Size: 9830400
      Capacity: 9830400

     Weighting = 1
     Sampling strategy = regular
     Number of bins = 32
     Radius = 4
     Sampling percentage  = 0.25
   Transform = Rigid
     Gradient step = 0.1
     Update field sigma (voxel space) = 0
     Total field sigma (voxel space) = 0
     Update field time sigma = 0
     Total field time sigma  = 0
     Number of time indices = 0
     Number of time point samples = 0
Registration using 1 total stages.

Stage 0
  iterations = 1000x500x250x100
  convergence threshold = 1e-06
  convergence window size = 10
  number of levels = 4
  using the Mattes MI metric (number of bins = 32, weight = 1, use gradient filter = 0)
  preprocessing:  winsorizing the image intensities
  Shrink factors (level 1 out of 4): [8, 8, 8]
  Shrink factors (level 2 out of 4): [4, 4, 4]
  Shrink factors (level 3 out of 4): [2, 2, 2]
  Shrink factors (level 4 out of 4): [1, 1, 1]
  smoothing sigmas per level: [3, 2, 1, 0]
  regular sampling (percentage = 0.25)

*** Running Euler3DTransform registration ***

DIAGNOSTIC,Iteration,metricValue,convergenceValue,ITERATION_TIME_INDEX,SINCE_LAST
 2DIAGNOSTIC,     1, -5.238076795407e-01, 1.797693134862e+308, 0.0000e+00, 0.0000e+00, 
 2DIAGNOSTIC,     2, -5.257665106356e-01, 1.797693134862e+308, 0.0000e+00, 0.0000e+00, 
 2DIAGNOSTIC,     3, -5.278548869461e-01, 1.797693134862e+308, 0.0000e+00, 0.0000e+00, 
 2DIAGNOSTIC,     4, -5.301787369743e-01, 1.797693134862e+308, 0.0000e+00, 0.0000e+00, 
 2DIAGNOSTIC,     5, -5.344260163964e-01, 1.797693134862e+308, 0.0000e+00, 0.0000e+00, 
 2DIAGNOSTIC,     6, -5.401509111344e-01, 1.797693134862e+308, 0.0000e+00, 0.0000e+00, 
 2DIAGNOSTIC,     7, -5.493990955857e-01, 1.797693134862e+308, 0.0000e+00, 0.0000e+00, 
 2DIAGNOSTIC,     8, -5.541179491744e-01, 1.797693134862e+308, 0.0000e+00, 0.0000e+00, 
 2DIAGNOSTIC,     9, -5.608599621944e-01, 1.797693134862e+308, 0.0000e+00, 0.0000e+00, 
 2DIAGNOSTIC,    10, -5.615727397528e-01, 5.089204179978e-03, 0.0000e+00, 0.0000e+00, 
 2DIAGNOSTIC,    11, -5.640199145439e-01, 4.760512945026e-03, 0.0000e+00, 0.0000e+00, 
 2DIAGNOSTIC,    12, -5.659612284484e-01, 4.226917291882e-03, 0.0000e+00, 0.0000e+00, 
 2DIAGNOSTIC,    13, -5.723127408527e-01, 3.729324510178e-03, 0.0000e+00, 0.0000e+00, 
 2DIAGNOSTIC,    14, -5.821099383361e-01, 3.406807861924e-03, 0.0000e+00, 0.0000e+00, 
 2DIAGNOSTIC,    15, -5.992656706129e-01, 3.541176996851e-03, 0.0000e+00, 0.0000e+00, 
 2DIAGNOSTIC,    16, -6.109356125786e-01, 3.872157905618e-03, 0.0000e+00, 0.0000e+00, 
 2DIAGNOSTIC,    17, -6.288193741992e-01, 4.605982631828e-03, 0.0000e+00, 0.0000e+00, 
 2DIAGNOSTIC,    18, -6.445386129740e-01, 5.379033260004e-03, 0.0000e+00, 0.0000e+00, 
 2DIAGNOSTIC,    19, -6.479631095969e-01, 5.823790598986e-03, 0.0000e+00, 0.0000e+00, 
 2DIAGNOSTIC,    20, -6.485075803926e-01, 5.713596041968e-03, 0.0000e+00, 0.0000e+00, 
 2DIAGNOSTIC,    21, -6.493834278391e-01, 5.167063437358e-03, 0.0000e+00, 0.0000e+00, 
 2DIAGNOSTIC,    22, -6.505807281587e-01, 4.262619096324e-03, 0.0000e+00, 0.0000e+00, 
 2DIAGNOSTIC,    23, -6.511933921784e-01, 3.191399386923e-03, 0.0000e+00, 0.0000e+00, 
 2DIAGNOSTIC,    24, -6.515567491507e-01, 2.123454572640e-03, 0.0000e+00, 0.0000e+00, 
 2DIAGNOSTIC,    25, -6.523807438468e-01, 1.301020317919e-03, 0.0000e+00, 0.0000e+00, 
 2DIAGNOSTIC,    26, -6.528821196896e-01, 6.460127065879e-04, 0.0000e+00, 0.0000e+00, 
 2DIAGNOSTIC,    27, -6.530268033029e-01, 2.958960939652e-04, 0.0000e+00, 0.0000e+00, 
 2DIAGNOSTIC,    28, -6.528021257910e-01, 2.080704022076e-04, 0.0000e+00, 0.0000e+00, 
 2DIAGNOSTIC,    29, -6.528627907285e-01, 1.648289826858e-04, 0.0000e+00, 0.0000e+00, 
 2DIAGNOSTIC,    30, -6.528859224775e-01, 1.179509000239e-04, 0.0000e+00, 0.0000e+00, 
 2DIAGNOSTIC,    31, -6.529022595456e-01, 7.637034760940e-05, 0.0000e+00, 0.0000e+00, 
 2DIAGNOSTIC,    32, -6.528277183960e-01, 4.699004758902e-05, 0.0000e+00, 0.0000e+00, 
 2DIAGNOSTIC,    33, -6.529329603642e-01, 2.560534022779e-05, 0.0000e+00, 0.0000e+00, 
 2DIAGNOSTIC,    34, -6.529480280651e-01, 8.204499644296e-06, 0.0000e+00, 0.0000e+00, 
 2DIAGNOSTIC,    35, -6.529718160242e-01, 2.292519313558e-06, 0.0000e+00, 0.0000e+00, 
 2DIAGNOSTIC,    36, -6.530178148641e-01, 3.646222945144e-06, 0.0000e+00, 0.0000e+00, 
 2DIAGNOSTIC,    37, -6.529873541751e-01, 6.198565773521e-06, 0.0000e+00, 0.0000e+00, 
 2DIAGNOSTIC,    38, -6.530454562250e-01, 6.054014974943e-06, 0.0000e+00, 0.0000e+00, 
 2DIAGNOSTIC,    39, -6.530446526499e-01, 6.094412104550e-06, 0.0000e+00, 0.0000e+00, 
 2DIAGNOSTIC,    40, -6.531927737858e-01, 7.618524544655e-06, 0.0000e+00, 0.0000e+00, 
 2DIAGNOSTIC,    41, -6.538156016981e-01, 1.562816141788e-05, 0.0000e+00, 0.0000e+00, 
 2DIAGNOSTIC,    42, -6.558194683714e-01, 4.284277576450e-05, 0.0000e+00, 0.0000e+00, 
 2DIAGNOSTIC,    43, -6.567451750781e-01, 7.524672320478e-05, 0.0000e+00, 0.0000e+00, 
 2DIAGNOSTIC,    44, -6.569836503593e-01, 1.016958011046e-04, 0.0000e+00, 0.0000e+00, 
 2DIAGNOSTIC,    45, -6.575249351342e-01, 1.233501793218e-04, 0.0000e+00, 0.0000e+00, 
 2DIAGNOSTIC,    46, -6.582627405606e-01, 1.399660992569e-04, 0.0000e+00, 0.0000e+00, 
 2DIAGNOSTIC,    47, -6.588077477346e-01, 1.470541988170e-04, 0.0000e+00, 0.0000e+00, 
 2DIAGNOSTIC,    48, -6.643007649655e-01, 1.926782287080e-04, 0.0000e+00, 0.0000e+00, 
 2DIAGNOSTIC,    49, -6.646600509544e-01, 2.202398213077e-04, 0.0000e+00, 0.0000e+00, 
 2DIAGNOSTIC,    50, -6.652835114067e-01, 2.333201583444e-04, 0.0000e+00, 0.0000e+00, 
 2DIAGNOSTIC,    51, -6.676825071134e-01, 2.507303553543e-04, 0.0000e+00, 0.0000e+00, 
 2DIAGNOSTIC,    52, -6.692749666465e-01, 2.740512701277e-04, 0.0000e+00, 0.0000e+00, 
 2DIAGNOSTIC,    53, -6.696955208523e-01, 2.809964501294e-04, 0.0000e+00, 0.0000e+00, 
 2DIAGNOSTIC,    54, -6.708841548311e-01, 2.729432547521e-04, 0.0000e+00, 0.0000e+00, 
 2DIAGNOSTIC,    55, -6.727792717640e-01, 2.595847541570e-04, 0.0000e+00, 0.0000e+00, 
 2DIAGNOSTIC,    56, -6.728306490787e-01, 2.280693424759e-04, 0.0000e+00, 0.0000e+00, 
 2DIAGNOSTIC,    57, -6.729883589148e-01, 1.803735172404e-04, 0.0000e+00, 0.0000e+00, 
 2DIAGNOSTIC,    58, -6.730997198031e-01, 1.611913084612e-04, 0.0000e+00, 0.0000e+00, 
 2DIAGNOSTIC,    59, -6.729508324657e-01, 1.289481498962e-04, 0.0000e+00, 0.0000e+00, 
 2DIAGNOSTIC,    60, -6.729810383350e-01, 8.989420677498e-05, 0.0000e+00, 0.0000e+00, 
 2DIAGNOSTIC,    61, -6.729387037854e-01, 6.078993931445e-05, 0.0000e+00, 0.0000e+00, 
 2DIAGNOSTIC,    62, -6.730211578870e-01, 3.925637756416e-05, 0.0000e+00, 0.0000e+00, 
 2DIAGNOSTIC,    63, -6.731556536767e-01, 1.858115052880e-05, 0.0000e+00, 0.0000e+00, 
 2DIAGNOSTIC,    64, -6.734609022539e-01, 6.964524181953e-06, 0.0000e+00, 0.0000e+00, 
 2DIAGNOSTIC,    65, -6.739456296719e-01, 1.150356055012e-05, 0.0000e+00, 0.0000e+00, 
 2DIAGNOSTIC,    66, -6.747248837793e-01, 2.038623767054e-05, 0.0000e+00, 0.0000e+00, 
 2DIAGNOSTIC,    67, -6.769578260624e-01, 4.292231996902e-05, 0.0000e+00, 0.0000e+00, 
 2DIAGNOSTIC,    68, -6.772136770346e-01, 6.277720845309e-05, 0.0000e+00, 0.0000e+00, 
 2DIAGNOSTIC,    69, -6.773762384126e-01, 7.626968585955e-05, 0.0000e+00, 0.0000e+00, 
 2DIAGNOSTIC,    70, -6.781483347905e-01, 8.733711436706e-05, 0.0000e+00, 0.0000e+00, 
 2DIAGNOSTIC,    71, -6.788394041638e-01, 9.355598672956e-05, 0.0000e+00, 0.0000e+00, 
 2DIAGNOSTIC,    72, -6.790906189183e-01, 9.242672944357e-05, 0.0000e+00, 0.0000e+00, 
 2DIAGNOSTIC,    73, -6.790555802269e-01, 8.313481005430e-05, 0.0000e+00, 0.0000e+00, 
 2DIAGNOSTIC,    74, -6.790231472896e-01, 6.802222098593e-05, 0.0000e+00, 0.0000e+00, 
 2DIAGNOSTIC,    75, -6.792065389380e-01, 5.076224611657e-05, 0.0000e+00, 0.0000e+00, 
 2DIAGNOSTIC,    76, -6.793536958654e-01, 3.407512012193e-05, 0.0000e+00, 0.0000e+00, 
 2DIAGNOSTIC,    77, -6.797005120894e-01, 2.945267489052e-05, 0.0000e+00, 0.0000e+00, 
 2DIAGNOSTIC,    78, -6.803309796159e-01, 2.725188584937e-05, 0.0000e+00, 0.0000e+00, 
 2DIAGNOSTIC,    79, -6.812247426618e-01, 2.832417542416e-05, 0.0000e+00, 0.0000e+00, 
 2DIAGNOSTIC,    80, -6.817110097502e-01, 3.345197725309e-05, 0.0000e+00, 0.0000e+00, 
 2DIAGNOSTIC,    81, -6.819288010728e-01, 4.018804712963e-05, 0.0000e+00, 0.0000e+00, 
 2DIAGNOSTIC,    82, -6.823577429922e-01, 4.662287791425e-05, 0.0000e+00, 0.0000e+00, 
 2DIAGNOSTIC,    83, -6.825963946871e-01, 4.945232065289e-05, 0.0000e+00, 0.0000e+00, 
 2DIAGNOSTIC,    84, -6.828044993589e-01, 4.831566171054e-05, 0.0000e+00, 0.0000e+00, 
 2DIAGNOSTIC,    85, -6.828036411490e-01, 4.353466667832e-05, 0.0000e+00, 0.0000e+00, 
 2DIAGNOSTIC,    86, -6.829607095515e-01, 3.632098263911e-05, 0.0000e+00, 0.0000e+00, 
 2DIAGNOSTIC,    87, -6.839855738700e-01, 3.270426771584e-05, 0.0000e+00, 0.0000e+00, 
 2DIAGNOSTIC,    88, -6.842571360457e-01, 3.031080838124e-05, 0.0000e+00, 0.0000e+00, 
 2DIAGNOSTIC,    89, -6.843400445435e-01, 2.989871270682e-05, 0.0000e+00, 0.0000e+00, 
 2DIAGNOSTIC,    90, -6.844753121858e-01, 2.976995360042e-05, 0.0000e+00, 0.0000e+00, 
 2DIAGNOSTIC,    91, -6.851842500726e-01, 3.122050174895e-05, 0.0000e+00, 0.0000e+00, 
 2DIAGNOSTIC,    92, -6.857265512229e-01, 3.409355162714e-05, 0.0000e+00, 0.0000e+00, 
 2DIAGNOSTIC,    93, -6.858660108910e-01, 3.534250384037e-05, 0.0000e+00, 0.0000e+00, 
 2DIAGNOSTIC,    94, -6.859328560206e-01, 3.460081548609e-05, 0.0000e+00, 0.0000e+00, 
 2DIAGNOSTIC,    95, -6.859532331450e-01, 3.072512582153e-05, 0.0000e+00, 0.0000e+00, 
 2DIAGNOSTIC,    96, -6.859737388774e-01, 2.463837423287e-05, 0.0000e+00, 0.0000e+00, 
 2DIAGNOSTIC,    97, -6.860203599586e-01, 2.109387198812e-05, 0.0000e+00, 0.0000e+00, 
 2DIAGNOSTIC,    98, -6.860481876113e-01, 1.697783896088e-05, 0.0000e+00, 0.0000e+00, 
 2DIAGNOSTIC,    99, -6.862574865344e-01, 1.268165570005e-05, 0.0000e+00, 0.0000e+00, 
 2DIAGNOSTIC,   100, -6.862143076963e-01, 7.608835251537e-06, 0.0000e+00, 0.0000e+00, 
 2DIAGNOSTIC,   101, -6.862205728209e-01, 4.989169272076e-06, 0.0000e+00, 0.0000e+00, 
 2DIAGNOSTIC,   102, -6.862109238493e-01, 4.246137526446e-06, 0.0000e+00, 0.0000e+00, 
 2DIAGNOSTIC,   103, -6.862187125534e-01, 3.748905846522e-06, 0.0000e+00, 0.0000e+00, 
 2DIAGNOSTIC,   104, -6.862290050965e-01, 3.239435289288e-06, 0.0000e+00, 0.0000e+00, 
 2DIAGNOSTIC,   105, -6.862313241941e-01, 2.551462113295e-06, 0.0000e+00, 0.0000e+00, 
 2DIAGNOSTIC,   106, -6.862266115575e-01, 1.736525493307e-06, 0.0000e+00, 0.0000e+00, 
 2DIAGNOSTIC,   107, -6.862311158026e-01, 1.013562262450e-06, 0.0000e+00, 0.0000e+00, 
DIAGNOSTIC,Iteration,metricValue,convergenceValue,ITERATION_TIME_INDEX,SINCE_LAST
 2DIAGNOSTIC,     1, -5.580465141135e-01, 1.797693134862e+308, 0.0000e+00, 0.0000e+00, 
 2DIAGNOSTIC,     2, -5.584601988330e-01, 1.797693134862e+308, 0.0000e+00, 0.0000e+00, 
 2DIAGNOSTIC,     3, -5.589487567910e-01, 1.797693134862e+308, 0.0000e+00, 0.0000e+00, 
 2DIAGNOSTIC,     4, -5.597649449029e-01, 1.797693134862e+308, 0.0000e+00, 0.0000e+00, 
 2DIAGNOSTIC,     5, -5.606757041168e-01, 1.797693134862e+308, 0.0000e+00, 0.0000e+00, 
 2DIAGNOSTIC,     6, -5.609652236176e-01, 1.797693134862e+308, 0.0000e+00, 0.0000e+00, 
 2DIAGNOSTIC,     7, -5.627356115516e-01, 1.797693134862e+308, 0.0000e+00, 0.0000e+00, 
 2DIAGNOSTIC,     8, -5.634563623643e-01, 1.797693134862e+308, 0.0000e+00, 0.0000e+00, 
 2DIAGNOSTIC,     9, -5.639231411975e-01, 1.797693134862e+308, 0.0000e+00, 0.0000e+00, 
 2DIAGNOSTIC,    10, -5.639892257908e-01, 7.788773136947e-04, 0.0000e+00, 0.0000e+00, 
 2DIAGNOSTIC,    11, -5.643033349427e-01, 6.820308208185e-04, 0.0000e+00, 0.0000e+00, 
 2DIAGNOSTIC,    12, -5.645501438727e-01, 5.673714916096e-04, 0.0000e+00, 0.0000e+00, 
 2DIAGNOSTIC,    13, -5.646872130379e-01, 4.426145733244e-04, 0.0000e+00, 0.0000e+00, 
 2DIAGNOSTIC,    14, -5.650263540351e-01, 3.374927616837e-04, 0.0000e+00, 0.0000e+00, 
 2DIAGNOSTIC,    15, -5.656927596491e-01, 2.695461154459e-04, 0.0000e+00, 0.0000e+00, 
 2DIAGNOSTIC,    16, -5.657739208085e-01, 1.956324110786e-04, 0.0000e+00, 0.0000e+00, 
 2DIAGNOSTIC,    17, -5.658553025779e-01, 1.673947626445e-04, 0.0000e+00, 0.0000e+00, 
 2DIAGNOSTIC,    18, -5.659135655039e-01, 1.488036797509e-04, 0.0000e+00, 0.0000e+00, 
 2DIAGNOSTIC,    19, -5.659891951334e-01, 1.329067904629e-04, 0.0000e+00, 0.0000e+00, 
 2DIAGNOSTIC,    20, -5.661193671160e-01, 1.109424932308e-04, 0.0000e+00, 0.0000e+00, 
 2DIAGNOSTIC,    21, -5.661868497237e-01, 8.991859342636e-05, 0.0000e+00, 0.0000e+00, 
 2DIAGNOSTIC,    22, -5.661581665094e-01, 6.779206493003e-05, 0.0000e+00, 0.0000e+00, 
 2DIAGNOSTIC,    23, -5.661628705814e-01, 4.453929176467e-05, 0.0000e+00, 0.0000e+00, 
 2DIAGNOSTIC,    24, -5.661658524654e-01, 2.599233496195e-05, 0.0000e+00, 0.0000e+00, 
 2DIAGNOSTIC,    25, -5.661680208055e-01, 2.002595275844e-05, 0.0000e+00, 0.0000e+00, 
 2DIAGNOSTIC,    26, -5.661675610622e-01, 1.428427502631e-05, 0.0000e+00, 0.0000e+00, 
 2DIAGNOSTIC,    27, -5.661682266267e-01, 9.301179309154e-06, 0.0000e+00, 0.0000e+00, 
 2DIAGNOSTIC,    28, -5.661638613054e-01, 4.887990620858e-06, 0.0000e+00, 0.0000e+00, 
 2DIAGNOSTIC,    29, -5.661641364115e-01, 1.685905763139e-06, 0.0000e+00, 0.0000e+00, 
DIAGNOSTIC,Iteration,metricValue,convergenceValue,ITERATION_TIME_INDEX,SINCE_LAST
 2DIAGNOSTIC,     1, -5.037853402754e-01, 1.797693134862e+308, 0.0000e+00, 0.0000e+00, 
 2DIAGNOSTIC,     2, -5.039787303361e-01, 1.797693134862e+308, 0.0000e+00, 0.0000e+00, 
 2DIAGNOSTIC,     3, -5.041481717898e-01, 1.797693134862e+308, 0.0000e+00, 0.0000e+00, 
 2DIAGNOSTIC,     4, -5.042491900524e-01, 1.797693134862e+308, 0.0000e+00, 0.0000e+00, 
 2DIAGNOSTIC,     5, -5.043002587531e-01, 1.797693134862e+308, 0.0000e+00, 0.0000e+00, 
 2DIAGNOSTIC,     6, -5.044726085313e-01, 1.797693134862e+308, 0.0000e+00, 0.0000e+00, 
 2DIAGNOSTIC,     7, -5.044737780032e-01, 1.797693134862e+308, 0.0000e+00, 0.0000e+00, 
 2DIAGNOSTIC,     8, -5.044731712104e-01, 1.797693134862e+308, 0.0000e+00, 0.0000e+00, 
 2DIAGNOSTIC,     9, -5.044896579071e-01, 1.797693134862e+308, 0.0000e+00, 0.0000e+00, 
 2DIAGNOSTIC,    10, -5.045051648004e-01, 8.924837173600e-05, 0.0000e+00, 0.0000e+00, 
 2DIAGNOSTIC,    11, -5.045254666506e-01, 5.964791918406e-05, 0.0000e+00, 0.0000e+00, 
 2DIAGNOSTIC,    12, -5.045344116619e-01, 3.922453011511e-05, 0.0000e+00, 0.0000e+00, 
 2DIAGNOSTIC,    13, -5.045855404012e-01, 2.823192364841e-05, 0.0000e+00, 0.0000e+00, 
 2DIAGNOSTIC,    14, -5.045806690423e-01, 2.030711580314e-05, 0.0000e+00, 0.0000e+00, 
 2DIAGNOSTIC,    15, -5.045823205264e-01, 1.360472852607e-05, 0.0000e+00, 0.0000e+00, 
 2DIAGNOSTIC,    16, -5.045845800344e-01, 1.285308965310e-05, 0.0000e+00, 0.0000e+00, 
 2DIAGNOSTIC,    17, -5.045859272935e-01, 1.126889772858e-05, 0.0000e+00, 0.0000e+00, 
 2DIAGNOSTIC,    18, -5.045865907554e-01, 8.967205563135e-06, 0.0000e+00, 0.0000e+00, 
 2DIAGNOSTIC,    19, -5.045843215904e-01, 6.656716166641e-06, 0.0000e+00, 0.0000e+00, 
 2DIAGNOSTIC,    20, -5.045830273111e-01, 4.525565808086e-06, 0.0000e+00, 0.0000e+00, 
 2DIAGNOSTIC,    21, -5.045810489236e-01, 2.820977583702e-06, 0.0000e+00, 0.0000e+00, 
 2DIAGNOSTIC,    22, -5.045794924141e-01, 1.298179247260e-06, 0.0000e+00, 0.0000e+00, 
 2DIAGNOSTIC,    23, -5.045825169473e-01, 1.251508262898e-06, 0.0000e+00, 0.0000e+00, 
 2DIAGNOSTIC,    24, -5.045805261243e-01, 1.056503310094e-06, 0.0000e+00, 0.0000e+00, 
DIAGNOSTIC,Iteration,metricValue,convergenceValue,ITERATION_TIME_INDEX,SINCE_LAST
 2DIAGNOSTIC,     1, -4.672811987923e-01, 1.797693134862e+308, 0.0000e+00, 0.0000e+00, 
 2DIAGNOSTIC,     2, -4.673681994045e-01, 1.797693134862e+308, 0.0000e+00, 0.0000e+00, 
 2DIAGNOSTIC,     3, -4.673663367651e-01, 1.797693134862e+308, 0.0000e+00, 0.0000e+00, 
 2DIAGNOSTIC,     4, -4.673672905997e-01, 1.797693134862e+308, 0.0000e+00, 0.0000e+00, 
 2DIAGNOSTIC,     5, -4.673664310886e-01, 1.797693134862e+308, 0.0000e+00, 0.0000e+00, 
 2DIAGNOSTIC,     6, -4.673670226744e-01, 1.797693134862e+308, 0.0000e+00, 0.0000e+00, 
 2DIAGNOSTIC,     7, -4.673638538539e-01, 1.797693134862e+308, 0.0000e+00, 0.0000e+00, 
 2DIAGNOSTIC,     8, -4.673643358051e-01, 1.797693134862e+308, 0.0000e+00, 0.0000e+00, 
 2DIAGNOSTIC,     9, -4.673626499668e-01, 1.797693134862e+308, 0.0000e+00, 0.0000e+00, 
 2DIAGNOSTIC,    10, -4.673638740312e-01, 7.705702526076e-06, 0.0000e+00, 0.0000e+00, 
 2DIAGNOSTIC,    11, -4.673646732609e-01, 2.286448825800e-06, 0.0000e+00, 0.0000e+00, 
 2DIAGNOSTIC,    12, -4.673644740036e-01, 2.224242197285e-06, 0.0000e+00, 0.0000e+00, 
 2DIAGNOSTIC,    13, -4.673654089310e-01, 2.165192091313e-06, 0.0000e+00, 0.0000e+00, 
 2DIAGNOSTIC,    14, -4.673653941736e-01, 2.178173984416e-06, 0.0000e+00, 0.0000e+00, 
 2DIAGNOSTIC,    15, -4.673653137774e-01, 2.155589698793e-06, 0.0000e+00, 0.0000e+00, 
 2DIAGNOSTIC,    16, -4.673650397182e-01, 2.145421948291e-06, 0.0000e+00, 0.0000e+00, 
 2DIAGNOSTIC,    17, -4.673640103767e-01, 1.969620630496e-06, 0.0000e+00, 0.0000e+00, 
 2DIAGNOSTIC,    18, -4.673642748085e-01, 1.830687067106e-06, 0.0000e+00, 0.0000e+00, 
 2DIAGNOSTIC,    19, -4.673646508942e-01, 1.655176747037e-06, 0.0000e+00, 0.0000e+00, 
 2DIAGNOSTIC,    20, -4.673639594542e-01, 1.512686179664e-06, 0.0000e+00, 0.0000e+00, 
 2DIAGNOSTIC,    21, -4.673624495096e-01, 1.370553573896e-06, 0.0000e+00, 0.0000e+00, 
 2DIAGNOSTIC,    22, -4.673624813544e-01, 1.249624914122e-06, 0.0000e+00, 0.0000e+00, 
 2DIAGNOSTIC,    23, -4.673623822731e-01, 1.177362357919e-06, 0.0000e+00, 0.0000e+00, 
 2DIAGNOSTIC,    24, -4.673624314742e-01, 1.128891746034e-06, 0.0000e+00, 0.0000e+00, 
 2DIAGNOSTIC,    25, -4.673626018912e-01, 1.104054137085e-06, 0.0000e+00, 0.0000e+00, 
 2DIAGNOSTIC,    26, -4.673626439996e-01, 1.091787042093e-06, 0.0000e+00, 0.0000e+00, 
 2DIAGNOSTIC,    27, -4.673622963016e-01, 1.060526287719e-06, 0.0000e+00, 0.0000e+00, 
 2DIAGNOSTIC,    28, -4.673618432202e-01, 1.036773779502e-06, 0.0000e+00, 0.0000e+00, 
 2DIAGNOSTIC,    29, -4.673618432202e-01, 1.031092272757e-06, 0.0000e+00, 0.0000e+00, 
 2DIAGNOSTIC,    30, -4.673617941211e-01, 1.016546213858e-06, 0.0000e+00, 0.0000e+00, 
  Elapsed time (stage 0): 0.0000e+00


Total elapsed time: 0.0000e+00
Info [verificarlo]: loaded backend libinterflop_ieee.so
Info [interflop-ieee]: load backend with:
Info [interflop-ieee]: debug = false
Info [interflop-ieee]: debug-binary = false
Info [interflop-ieee]: no-backend-name = false
Info [interflop-ieee]: print-new-line = false
Info [interflop-ieee]: print-subnormal-normalized = false
Info [interflop-ieee]: count-op = false
All_Command_lines_OK
Using double precision for computations.
=============================================================================
The composite transform comprises the following transforms (in order): 
  1. /home/mdugre/scratch/mri-registration-rp/datasets/ds004513/derivatives/mri-registration-rp/0100/antsRegistration-r7-p17/sub-s035/rigid_Composite.h5[0] (type = Euler3DTransform)
  2. /home/mdugre/scratch/mri-registration-rp/datasets/ds004513/derivatives/mri-registration-rp/0100/antsRegistration-r7-p17/sub-s035/rigid_Composite.h5[1] (type = Euler3DTransform)
  3. /home/mdugre/scratch/mri-registration-rp/datasets/ds004513/derivatives/mri-registration-rp/0100/antsRegistration-r7-p17/sub-s035/rigid_Composite.h5[2] (type = Euler3DTransform)
=============================================================================
  number of levels = 4
  fixed image: /templateflow/tpl-MNI152NLin2009cAsym/tpl-MNI152NLin2009cAsym_res-01_desc-brain_T1w.nii.gz
  moving image: /home/mdugre/scratch/mri-registration-rp/datasets/ds004513/derivatives/mri-registration-rp/antsBrainExtraction/sub-s035/BrainExtractionBrain.nii.gz
Dimension = 3
Number of stages = 1
Use histogram matching = false
Winsorize image intensities = true
  Lower quantile = 0.005
  Upper quantile = 0.995


Stage 1 State
   Image metric = MattesMI
     Fixed image = Image (0x4f9d7e0)
  RTTI typeinfo:   itk::Image<double, 3u>
  Reference Count: 2
  Modified Time: 1592
  Debug: Off
  Object Name: 
  Observers: 
    none
  Source: (none)
  Source output name: (none)
  Release Data: Off
  Data Released: False
  Global Release Data: Off
  PipelineMTime: 0
  UpdateMTime: 1203
  RealTimeStamp: 0 seconds 
  LargestPossibleRegion: 
    Dimension: 3
    Index: [0, 0, 0]
    Size: [193, 229, 193]
  BufferedRegion: 
    Dimension: 3
    Index: [0, 0, 0]
    Size: [193, 229, 193]
  RequestedRegion: 
    Dimension: 3
    Index: [0, 0, 0]
    Size: [193, 229, 193]
  Spacing: [1, 1, 1]
  Origin: [96, 132, -78]
  Direction: 
-1 0 0
0 -1 0
0 0 1

  IndexToPointMatrix: 
-1 0 0
0 -1 0
0 0 1

  PointToIndexMatrix: 
-1 0 0
0 -1 0
0 0 1

  Inverse Direction: 
-1 0 0
0 -1 0
0 0 1

  PixelContainer: 
    ImportImageContainer (0x505da20)
      RTTI typeinfo:   itk::ImportImageContainer<unsigned long, double>
      Reference Count: 1
      Modified Time: 1200
      Debug: Off
      Object Name: 
      Observers: 
        none
      Pointer: 0x152fcabbc010
      Container manages memory: true
      Size: 8530021
      Capacity: 8530021

     Moving image = Image (0x5010cf0)
  RTTI typeinfo:   itk::Image<double, 3u>
  Reference Count: 2
  Modified Time: 1593
  Debug: Off
  Object Name: 
  Observers: 
    none
  Source: (none)
  Source output name: (none)
  Release Data: Off
  Data Released: False
  Global Release Data: Off
  PipelineMTime: 0
  UpdateMTime: 1590
  RealTimeStamp: 0 seconds 
  LargestPossibleRegion: 
    Dimension: 3
    Index: [0, 0, 0]
    Size: [160, 240, 256]
  BufferedRegion: 
    Dimension: 3
    Index: [0, 0, 0]
    Size: [160, 240, 256]
  RequestedRegion: 
    Dimension: 3
    Index: [0, 0, 0]
    Size: [160, 240, 256]
  Spacing: [1, 1, 1]
  Origin: [98.6438, 87.6358, -117.989]
  Direction: 
-0.993515 -0.100993 -0.0522355
0.100854 -0.994887 0.00530255
-0.0525039 1.93537e-08 0.998621

  IndexToPointMatrix: 
-0.993515 -0.100993 -0.0522355
0.100854 -0.994887 0.00530255
-0.0525039 1.93537e-08 0.998621

  PointToIndexMatrix: 
-0.993515 0.100854 -0.0525039
-0.100993 -0.994887 1.93006e-08
-0.0522355 0.00530255 0.998621

  Inverse Direction: 
-0.993515 0.100854 -0.0525039
-0.100993 -0.994887 1.93006e-08
-0.0522355 0.00530255 0.998621

  PixelContainer: 
    ImportImageContainer (0x508c550)
      RTTI typeinfo:   itk::ImportImageContainer<unsigned long, double>
      Reference Count: 1
      Modified Time: 1587
      Debug: Off
      Object Name: 
      Observers: 
        none
      Pointer: 0x152fc60bb010
      Container manages memory: true
      Size: 9830400
      Capacity: 9830400

     Weighting = 1
     Sampling strategy = regular
     Number of bins = 32
     Radius = 4
     Sampling percentage  = 0.25
   Transform = Affine
     Gradient step = 0.1
     Update field sigma (voxel space) = 0
     Total field sigma (voxel space) = 0
     Update field time sigma = 0
     Total field time sigma  = 0
     Number of time indices = 0
     Number of time point samples = 0
Registration using 1 total stages.

Stage 0
  iterations = 1000x500x250x100
  convergence threshold = 1e-06
  convergence window size = 10
  number of levels = 4
  using the Mattes MI metric (number of bins = 32, weight = 1, use gradient filter = 0)
  preprocessing:  winsorizing the image intensities
  Shrink factors (level 1 out of 4): [8, 8, 8]
  Shrink factors (level 2 out of 4): [4, 4, 4]
  Shrink factors (level 3 out of 4): [2, 2, 2]
  Shrink factors (level 4 out of 4): [1, 1, 1]
  smoothing sigmas per level: [3, 2, 1, 0]
  regular sampling (percentage = 0.25)

*** Running AffineTransform registration ***

DIAGNOSTIC,Iteration,metricValue,convergenceValue,ITERATION_TIME_INDEX,SINCE_LAST
 2DIAGNOSTIC,     1, -6.769352782330e-01, 1.797693134862e+308, 1.0644e+00, 1.0644e+00, 
 2DIAGNOSTIC,     2, -6.791751322513e-01, 1.797693134862e+308, 1.0698e+00, 5.3921e-03, 
 2DIAGNOSTIC,     3, -6.834404088271e-01, 1.797693134862e+308, 1.0756e+00, 5.8060e-03, 
 2DIAGNOSTIC,     4, -6.909999117738e-01, 1.797693134862e+308, 1.0821e+00, 6.5010e-03, 
 2DIAGNOSTIC,     5, -7.006632878568e-01, 1.797693134862e+308, 1.0875e+00, 5.3852e-03, 
 2DIAGNOSTIC,     6, -7.127441953088e-01, 1.797693134862e+308, 1.0934e+00, 5.8510e-03, 
 2DIAGNOSTIC,     7, -7.365840703568e-01, 1.797693134862e+308, 1.1024e+00, 9.0430e-03, 
 2DIAGNOSTIC,     8, -7.364831312218e-01, 1.797693134862e+308, 1.1082e+00, 5.7659e-03, 
 2DIAGNOSTIC,     9, -7.368746562138e-01, 1.797693134862e+308, 1.1138e+00, 5.6250e-03, 
 2DIAGNOSTIC,    10, -7.370709843947e-01, 6.859390628089e-03, 1.1196e+00, 5.7421e-03, 
 2DIAGNOSTIC,    11, -7.372370327015e-01, 5.731457442583e-03, 1.1258e+00, 6.2721e-03, 
 2DIAGNOSTIC,    12, -7.370299663656e-01, 4.342635310688e-03, 1.1315e+00, 5.7080e-03, 
 2DIAGNOSTIC,    13, -7.370195510033e-01, 2.913580605864e-03, 1.1372e+00, 5.6670e-03, 
 2DIAGNOSTIC,    14, -7.369869537716e-01, 1.650702848234e-03, 1.1422e+00, 5.0011e-03, 
 2DIAGNOSTIC,    15, -7.368835310713e-01, 6.606817548448e-04, 1.1481e+00, 5.9199e-03, 
 2DIAGNOSTIC,    16, -7.369519164512e-01, 2.026016740414e-05, 1.1533e+00, 5.2059e-03, 
 2DIAGNOSTIC,    17, -7.369503294374e-01, 8.516887993040e-06, 1.1591e+00, 5.7960e-03, 
DIAGNOSTIC,Iteration,metricValue,convergenceValue,ITERATION_TIME_INDEX,SINCE_LAST
 2DIAGNOSTIC,     1, -6.024764256733e-01, 1.797693134862e+308, 1.9477e+00, 7.8859e-01, 
 2DIAGNOSTIC,     2, -6.038409117510e-01, 1.797693134862e+308, 1.9894e+00, 4.1651e-02, 
 2DIAGNOSTIC,     3, -6.057582518250e-01, 1.797693134862e+308, 2.0325e+00, 4.3122e-02, 
 2DIAGNOSTIC,     4, -6.078141101490e-01, 1.797693134862e+308, 2.0694e+00, 3.6943e-02, 
 2DIAGNOSTIC,     5, -6.088549830570e-01, 1.797693134862e+308, 2.1071e+00, 3.7663e-02, 
 2DIAGNOSTIC,     6, -6.093726075811e-01, 1.797693134862e+308, 2.1478e+00, 4.0746e-02, 
 2DIAGNOSTIC,     7, -6.097392673856e-01, 1.797693134862e+308, 2.1918e+00, 4.3978e-02, 
 2DIAGNOSTIC,     8, -6.099924462798e-01, 1.797693134862e+308, 2.2504e+00, 5.8552e-02, 
 2DIAGNOSTIC,     9, -6.100202854682e-01, 1.797693134862e+308, 2.2958e+00, 4.5464e-02, 
 2DIAGNOSTIC,    10, -6.100132855184e-01, 7.930962256014e-04, 2.3367e+00, 4.0826e-02, 
 2DIAGNOSTIC,    11, -6.100049420136e-01, 5.137768293665e-04, 2.3819e+00, 4.5267e-02, 
 2DIAGNOSTIC,    12, -6.099834939275e-01, 2.868169710646e-04, 2.4338e+00, 5.1854e-02, 
 2DIAGNOSTIC,    13, -6.099853739388e-01, 1.366400741241e-04, 2.4751e+00, 4.1287e-02, 
 2DIAGNOSTIC,    14, -6.099774886247e-01, 6.347077261916e-05, 2.5165e+00, 4.1435e-02, 
 2DIAGNOSTIC,    15, -6.099704148774e-01, 2.648656721309e-05, 2.5536e+00, 3.7048e-02, 
 2DIAGNOSTIC,    16, -6.099651809998e-01, 6.663653317529e-06, 2.5907e+00, 3.7121e-02, 
DIAGNOSTIC,Iteration,metricValue,convergenceValue,ITERATION_TIME_INDEX,SINCE_LAST
 2DIAGNOSTIC,     1, -5.338634505336e-01, 1.797693134862e+308, 3.7732e+00, 1.1825e+00, 
 2DIAGNOSTIC,     2, -5.342993094162e-01, 1.797693134862e+308, 4.0845e+00, 3.1134e-01, 
 2DIAGNOSTIC,     3, -5.346382955022e-01, 1.797693134862e+308, 4.3719e+00, 2.8736e-01, 
 2DIAGNOSTIC,     4, -5.348276155346e-01, 1.797693134862e+308, 4.6625e+00, 2.9064e-01, 
 2DIAGNOSTIC,     5, -5.350590083278e-01, 1.797693134862e+308, 4.9644e+00, 3.0192e-01, 
 2DIAGNOSTIC,     6, -5.356815167554e-01, 1.797693134862e+308, 5.3349e+00, 3.7050e-01, 
 2DIAGNOSTIC,     7, -5.357148532318e-01, 1.797693134862e+308, 5.6672e+00, 3.3224e-01, 
 2DIAGNOSTIC,     8, -5.357152531597e-01, 1.797693134862e+308, 5.9692e+00, 3.0207e-01, 
 2DIAGNOSTIC,     9, -5.358162468684e-01, 1.797693134862e+308, 6.3934e+00, 4.2418e-01, 
 2DIAGNOSTIC,    10, -5.358898055953e-01, 2.487952359231e-04, 6.7315e+00, 3.3804e-01, 
 2DIAGNOSTIC,    11, -5.359367677442e-01, 1.832818392375e-04, 7.0865e+00, 3.5504e-01, 
 2DIAGNOSTIC,    12, -5.359908170064e-01, 1.339656238033e-04, 7.3878e+00, 3.0131e-01, 
 2DIAGNOSTIC,    13, -5.361112411200e-01, 9.944511320813e-05, 7.6598e+00, 2.7195e-01, 
 2DIAGNOSTIC,    14, -5.362796334660e-01, 7.451650693943e-05, 7.9395e+00, 2.7973e-01, 
 2DIAGNOSTIC,    15, -5.364469319570e-01, 5.965934646522e-05, 8.2167e+00, 2.7716e-01, 
 2DIAGNOSTIC,    16, -5.368680126523e-01, 7.595134336025e-05, 8.8981e+00, 6.8143e-01, 
 2DIAGNOSTIC,    17, -5.368689428957e-01, 8.438360657968e-05, 9.2763e+00, 3.7821e-01, 
 2DIAGNOSTIC,    18, -5.368683958121e-01, 8.435917376009e-05, 9.6223e+00, 3.4603e-01, 
 2DIAGNOSTIC,    19, -5.368669735806e-01, 7.952928954384e-05, 9.9399e+00, 3.1761e-01, 
 2DIAGNOSTIC,    20, -5.368667920677e-01, 6.979700417717e-05, 1.0286e+01, 3.4628e-01, 
 2DIAGNOSTIC,    21, -5.368661176186e-01, 5.568030788299e-05, 1.0591e+01, 3.0472e-01, 
 2DIAGNOSTIC,    22, -5.368644049645e-01, 3.904691955973e-05, 1.0890e+01, 2.9871e-01, 
 2DIAGNOSTIC,    23, -5.368638891984e-01, 2.320400028593e-05, 1.1218e+01, 3.2865e-01, 
 2DIAGNOSTIC,    24, -5.368634693016e-01, 1.035611798601e-05, 1.1609e+01, 3.9063e-01, 
DIAGNOSTIC,Iteration,metricValue,convergenceValue,ITERATION_TIME_INDEX,SINCE_LAST
 2DIAGNOSTIC,     1, -4.915690064830e-01, 1.797693134862e+308, 1.4822e+01, 3.2134e+00, 
 2DIAGNOSTIC,     2, -4.918623521081e-01, 1.797693134862e+308, 1.6820e+01, 1.9973e+00, 
 2DIAGNOSTIC,     3, -4.921114156517e-01, 1.797693134862e+308, 1.8867e+01, 2.0476e+00, 
 2DIAGNOSTIC,     4, -4.923958238998e-01, 1.797693134862e+308, 2.0831e+01, 1.9640e+00, 
 2DIAGNOSTIC,     5, -4.924480446535e-01, 1.797693134862e+308, 2.2758e+01, 1.9265e+00, 
 2DIAGNOSTIC,     6, -4.925770144793e-01, 1.797693134862e+308, 2.5433e+01, 2.6753e+00, 
 2DIAGNOSTIC,     7, -4.925826094733e-01, 1.797693134862e+308, 2.8975e+01, 3.5421e+00, 
 2DIAGNOSTIC,     8, -4.925823885240e-01, 1.797693134862e+308, 3.0961e+01, 1.9863e+00, 
 2DIAGNOSTIC,     9, -4.925823523527e-01, 1.797693134862e+308, 3.2834e+01, 1.8729e+00, 
