
##########################
# Experiment information #
##########################

EXPERIMENT_NAME: antsRegistration-r7-p23
VFC_BACKENDS: libinterflop_vprec.so --range-binary32=7 --precision-binary32=23 --range-binary64=7 --precision-binary64=23

SIF_IMG: /home/mdugre/projects/rrg-glatard/mdugre/containers/ants-vprec-no_metrics.simg

SUBJECT_ID: s037
INPUT_IMG: /home/mdugre/scratch/mri-registration-rp/datasets/ds004513/derivatives/mri-registration-rp/antsBrainExtraction/sub-s037/BrainExtractionBrain.nii.gz
OUTPUT_DIR: /home/mdugre/scratch/mri-registration-rp/datasets/ds004513/derivatives/mri-registration-rp/0100/antsRegistration-r7-p23/sub-s037

FIXED_IMG: /templateflow/tpl-MNI152NLin2009cAsym/tpl-MNI152NLin2009cAsym_res-01_desc-brain_T1w.nii.gz
DATA_DIR: /home/mdugre/scratch/mri-registration-rp/datasets/ds004513
TEMPLATEFLOW_DIR: /home/mdugre/projects/rrg-glatard/mdugre/templateflow
ITK_GLOBAL_DEFAULT_NUMBER_OF_THREADS: 16
##########################

Info [verificarlo]: loaded backend libinterflop_ieee.so
Info [interflop-ieee]: load backend with:
Info [interflop-ieee]: debug = false
Info [interflop-ieee]: debug-binary = false
Info [interflop-ieee]: no-backend-name = false
Info [interflop-ieee]: print-new-line = false
Info [interflop-ieee]: print-subnormal-normalized = false
Info [interflop-ieee]: count-op = false
All_Command_lines_OK
Using double precision for computations.
=============================================================================
The composite transform comprises the following transforms (in order): 
  1. Center of mass alignment using fixed image: /templateflow/tpl-MNI152NLin2009cAsym/tpl-MNI152NLin2009cAsym_res-01_desc-brain_T1w.nii.gz and moving image: /home/mdugre/scratch/mri-registration-rp/datasets/ds004513/derivatives/mri-registration-rp/antsBrainExtraction/sub-s037/BrainExtractionBrain.nii.gz (type = Euler3DTransform)
=============================================================================
  number of levels = 1
  fixed image: /templateflow/tpl-MNI152NLin2009cAsym/tpl-MNI152NLin2009cAsym_res-01_desc-brain_T1w.nii.gz
  moving image: /home/mdugre/scratch/mri-registration-rp/datasets/ds004513/derivatives/mri-registration-rp/antsBrainExtraction/sub-s037/BrainExtractionBrain.nii.gz
Dimension = 3
Number of stages = 1
Use histogram matching = false
Winsorize image intensities = true
  Lower quantile = 0.005
  Upper quantile = 0.995


Stage 1 State
   Image metric = MattesMI
     Fixed image = Image (0x4bd7e70)
  RTTI typeinfo:   itk::Image<double, 3u>
  Reference Count: 2
  Modified Time: 2330
  Debug: Off
  Object Name: 
  Observers: 
    none
  Source: (none)
  Source output name: (none)
  Release Data: Off
  Data Released: False
  Global Release Data: Off
  PipelineMTime: 0
  UpdateMTime: 1941
  RealTimeStamp: 0 seconds 
  LargestPossibleRegion: 
    Dimension: 3
    Index: [0, 0, 0]
    Size: [193, 229, 193]
  BufferedRegion: 
    Dimension: 3
    Index: [0, 0, 0]
    Size: [193, 229, 193]
  RequestedRegion: 
    Dimension: 3
    Index: [0, 0, 0]
    Size: [193, 229, 193]
  Spacing: [1, 1, 1]
  Origin: [96, 132, -78]
  Direction: 
-1 0 0
0 -1 0
0 0 1

  IndexToPointMatrix: 
-1 0 0
0 -1 0
0 0 1

  PointToIndexMatrix: 
-1 0 0
0 -1 0
0 0 1

  Inverse Direction: 
-1 0 0
0 -1 0
0 0 1

  PixelContainer: 
    ImportImageContainer (0x4be0c60)
      RTTI typeinfo:   itk::ImportImageContainer<unsigned long, double>
      Reference Count: 1
      Modified Time: 1938
      Debug: Off
      Object Name: 
      Observers: 
        none
      Pointer: 0x149d3bdc2010
      Container manages memory: true
      Size: 8530021
      Capacity: 8530021

     Moving image = Image (0x4c74ec0)
  RTTI typeinfo:   itk::Image<double, 3u>
  Reference Count: 2
  Modified Time: 2331
  Debug: Off
  Object Name: 
  Observers: 
    none
  Source: (none)
  Source output name: (none)
  Release Data: Off
  Data Released: False
  Global Release Data: Off
  PipelineMTime: 0
  UpdateMTime: 2328
  RealTimeStamp: 0 seconds 
  LargestPossibleRegion: 
    Dimension: 3
    Index: [0, 0, 0]
    Size: [160, 240, 256]
  BufferedRegion: 
    Dimension: 3
    Index: [0, 0, 0]
    Size: [160, 240, 256]
  RequestedRegion: 
    Dimension: 3
    Index: [0, 0, 0]
    Size: [160, 240, 256]
  Spacing: [1, 1, 1]
  Origin: [87.9508, 102.562, -147.639]
  Direction: 
-0.998659 -0.0436121 -0.0279129
0.043595 -0.999049 0.00121847
-0.0279395 -2.65543e-08 0.99961

  IndexToPointMatrix: 
-0.998659 -0.0436121 -0.0279129
0.043595 -0.999049 0.00121847
-0.0279395 -2.65543e-08 0.99961

  PointToIndexMatrix: 
-0.998659 0.043595 -0.0279395
-0.0436121 -0.999049 -2.65517e-08
-0.0279129 0.00121847 0.99961

  Inverse Direction: 
-0.998659 0.043595 -0.0279395
-0.0436121 -0.999049 -2.65517e-08
-0.0279129 0.00121847 0.99961

  PixelContainer: 
    ImportImageContainer (0x4d0c610)
      RTTI typeinfo:   itk::ImportImageContainer<unsigned long, double>
      Reference Count: 1
      Modified Time: 2325
      Debug: Off
      Object Name: 
      Observers: 
        none
      Pointer: 0x149d372c1010
      Container manages memory: true
      Size: 9830400
      Capacity: 9830400

     Weighting = 1
     Sampling strategy = regular
     Number of bins = 32
     Radius = 4
     Sampling percentage  = 0.25
   Transform = Rigid
     Gradient step = 0.1
     Update field sigma (voxel space) = 0
     Total field sigma (voxel space) = 0
     Update field time sigma = 0
     Total field time sigma  = 0
     Number of time indices = 0
     Number of time point samples = 0
Registration using 1 total stages.

Stage 0
  iterations = 0
  convergence threshold = 1e-06
  convergence window size = 10
  number of levels = 1
  using the Mattes MI metric (number of bins = 32, weight = 1, use gradient filter = 0)
  preprocessing:  winsorizing the image intensities
  Shrink factors (level 1 out of 1): [1, 1, 1]
  smoothing sigmas per level: [0]
  regular sampling (percentage = 0.25)

*** Running Euler3DTransform registration ***

  Elapsed time (stage 0): 1.13163


Total elapsed time: 1.13378
Info [verificarlo]: loaded backend libinterflop_vprec.so
Info [interflop-vprec]: load backend with: 
Info [interflop-vprec]: precision-binary32 = 23
Info [interflop-vprec]: range-binary32 = 7
Info [interflop-vprec]: precision-binary64 = 23
Info [interflop-vprec]: range-binary64 = 7
Info [interflop-vprec]: mode = ob
Info [interflop-vprec]: error-mode = rel
Info [interflop-vprec]: max-abs-error-exponent = -1022
Info [interflop-vprec]: daz = false
Info [interflop-vprec]: ftz = false
Info [interflop-vprec]: 	instrument = none
Info [interflop-vprec]: 	prec-input-file = (null)
Info [interflop-vprec]: 	prec-output-file = (null)
Info [interflop-vprec]: 	prec-log-file = (null)
All_Command_lines_OK
Using double precision for computations.
=============================================================================
The composite transform comprises the following transforms (in order): 
  1. /home/mdugre/scratch/mri-registration-rp/datasets/ds004513/derivatives/mri-registration-rp/0100/antsRegistration-r7-p23/sub-s037/align_Composite.h5[0] (type = Euler3DTransform)
  2. /home/mdugre/scratch/mri-registration-rp/datasets/ds004513/derivatives/mri-registration-rp/0100/antsRegistration-r7-p23/sub-s037/align_Composite.h5[1] (type = Euler3DTransform)
=============================================================================
  number of levels = 4
  fixed image: /templateflow/tpl-MNI152NLin2009cAsym/tpl-MNI152NLin2009cAsym_res-01_desc-brain_T1w.nii.gz
  moving image: /home/mdugre/scratch/mri-registration-rp/datasets/ds004513/derivatives/mri-registration-rp/antsBrainExtraction/sub-s037/BrainExtractionBrain.nii.gz
Dimension = 3
Number of stages = 1
Use histogram matching = false
Winsorize image intensities = true
  Lower quantile = 0.005
  Upper quantile = 0.995


Stage 1 State
   Image metric = MattesMI
     Fixed image = Image (0x4a651e0)
  RTTI typeinfo:   itk::Image<double, 3u>
  Reference Count: 2
  Modified Time: 1578
  Debug: Off
  Object Name: 
  Observers: 
    none
  Source: (none)
  Source output name: (none)
  Release Data: Off
  Data Released: False
  Global Release Data: Off
  PipelineMTime: 0
  UpdateMTime: 1189
  RealTimeStamp: 0 seconds 
  LargestPossibleRegion: 
    Dimension: 3
    Index: [0, 0, 0]
    Size: [193, 229, 193]
  BufferedRegion: 
    Dimension: 3
    Index: [0, 0, 0]
    Size: [193, 229, 193]
  RequestedRegion: 
    Dimension: 3
    Index: [0, 0, 0]
    Size: [193, 229, 193]
  Spacing: [1, 1, 1]
  Origin: [96, 132, -78]
  Direction: 
-1 0 0
0 -1 0
0 0 1

  IndexToPointMatrix: 
-1 0 0
0 -1 0
0 0 1

  PointToIndexMatrix: 
-1 0 0
0 -1 0
0 0 1

  Inverse Direction: 
-1 0 0
0 -1 0
0 0 1

  PixelContainer: 
    ImportImageContainer (0x4b24680)
      RTTI typeinfo:   itk::ImportImageContainer<unsigned long, double>
      Reference Count: 1
      Modified Time: 1186
      Debug: Off
      Object Name: 
      Observers: 
        none
      Pointer: 0x150c010af010
      Container manages memory: true
      Size: 8530021
      Capacity: 8530021

     Moving image = Image (0x4b20b20)
  RTTI typeinfo:   itk::Image<double, 3u>
  Reference Count: 2
  Modified Time: 1579
  Debug: Off
  Object Name: 
  Observers: 
    none
  Source: (none)
  Source output name: (none)
  Release Data: Off
  Data Released: False
  Global Release Data: Off
  PipelineMTime: 0
  UpdateMTime: 1576
  RealTimeStamp: 0 seconds 
  LargestPossibleRegion: 
    Dimension: 3
    Index: [0, 0, 0]
    Size: [160, 240, 256]
  BufferedRegion: 
    Dimension: 3
    Index: [0, 0, 0]
    Size: [160, 240, 256]
  RequestedRegion: 
    Dimension: 3
    Index: [0, 0, 0]
    Size: [160, 240, 256]
  Spacing: [1, 1, 1]
  Origin: [87.9508, 102.562, -147.639]
  Direction: 
-0.998659 -0.0436121 -0.0279129
0.043595 -0.999049 0.00121847
-0.0279395 -2.65543e-08 0.99961

  IndexToPointMatrix: 
-0.998659 -0.0436121 -0.0279129
0.043595 -0.999049 0.00121847
-0.0279395 -2.65543e-08 0.99961

  PointToIndexMatrix: 
-0.998659 0.043595 -0.0279395
-0.0436121 -0.999049 5.96046e-08
-0.0279129 0.00121838 0.99961

  Inverse Direction: 
-0.998659 0.043595 -0.0279395
-0.0436121 -0.999049 5.96046e-08
-0.0279129 0.00121838 0.99961

  PixelContainer: 
    ImportImageContainer (0x4b89d50)
      RTTI typeinfo:   itk::ImportImageContainer<unsigned long, double>
      Reference Count: 1
      Modified Time: 1573
      Debug: Off
      Object Name: 
      Observers: 
        none
      Pointer: 0x150bfc5ae010
      Container manages memory: true
      Size: 9830400
      Capacity: 9830400

     Weighting = 1
     Sampling strategy = regular
     Number of bins = 32
     Radius = 4
     Sampling percentage  = 0.25
   Transform = Rigid
     Gradient step = 0.1
     Update field sigma (voxel space) = 0
     Total field sigma (voxel space) = 0
     Update field time sigma = 0
     Total field time sigma  = 0
     Number of time indices = 0
     Number of time point samples = 0
Registration using 1 total stages.

Stage 0
  iterations = 1000x500x250x100
  convergence threshold = 1e-06
  convergence window size = 10
  number of levels = 4
  using the Mattes MI metric (number of bins = 32, weight = 1, use gradient filter = 0)
  preprocessing:  winsorizing the image intensities
  Shrink factors (level 1 out of 4): [8, 8, 8]
  Shrink factors (level 2 out of 4): [4, 4, 4]
  Shrink factors (level 3 out of 4): [2, 2, 2]
  Shrink factors (level 4 out of 4): [1, 1, 1]
  smoothing sigmas per level: [3, 2, 1, 0]
  regular sampling (percentage = 0.25)

*** Running Euler3DTransform registration ***

DIAGNOSTIC,Iteration,metricValue,convergenceValue,ITERATION_TIME_INDEX,SINCE_LAST
 2DIAGNOSTIC,     1, -4.299061042381e-01, 1.797693134862e+308, 0.0000e+00, 0.0000e+00, 
 2DIAGNOSTIC,     2, -4.311703347689e-01, 1.797693134862e+308, 0.0000e+00, 0.0000e+00, 
 2DIAGNOSTIC,     3, -4.334987672967e-01, 1.797693134862e+308, 0.0000e+00, 0.0000e+00, 
 2DIAGNOSTIC,     4, -4.389533117435e-01, 1.797693134862e+308, 0.0000e+00, 0.0000e+00, 
 2DIAGNOSTIC,     5, -4.438780856186e-01, 1.797693134862e+308, 0.0000e+00, 0.0000e+00, 
 2DIAGNOSTIC,     6, -4.461409700246e-01, 1.797693134862e+308, 0.0000e+00, 0.0000e+00, 
 2DIAGNOSTIC,     7, -4.511427237576e-01, 1.797693134862e+308, 0.0000e+00, 0.0000e+00, 
 2DIAGNOSTIC,     8, -4.667929261762e-01, 1.797693134862e+308, 0.0000e+00, 0.0000e+00, 
 2DIAGNOSTIC,     9, -4.752816448283e-01, 1.797693134862e+308, 0.0000e+00, 0.0000e+00, 
 2DIAGNOSTIC,    10, -4.802737106493e-01, 7.482505421016e-03, 0.0000e+00, 0.0000e+00, 
 2DIAGNOSTIC,    11, -4.820326699042e-01, 7.352407104686e-03, 0.0000e+00, 0.0000e+00, 
 2DIAGNOSTIC,    12, -4.828903719364e-01, 6.703163511403e-03, 0.0000e+00, 0.0000e+00, 
 2DIAGNOSTIC,    13, -4.840360911355e-01, 5.708030907290e-03, 0.0000e+00, 0.0000e+00, 
 2DIAGNOSTIC,    14, -4.843832307233e-01, 4.591924079053e-03, 0.0000e+00, 0.0000e+00, 
 2DIAGNOSTIC,    15, -4.856499266002e-01, 3.474541957111e-03, 0.0000e+00, 0.0000e+00, 
 2DIAGNOSTIC,    16, -4.859350773173e-01, 2.288738933908e-03, 0.0000e+00, 0.0000e+00, 
 2DIAGNOSTIC,    17, -4.862774481001e-01, 1.221644067012e-03, 0.0000e+00, 0.0000e+00, 
 2DIAGNOSTIC,    18, -4.893420686275e-01, 7.953661815909e-04, 0.0000e+00, 0.0000e+00, 
 2DIAGNOSTIC,    19, -4.929479212496e-01, 7.237031307297e-04, 0.0000e+00, 0.0000e+00, 
 2DIAGNOSTIC,    20, -4.952073044013e-01, 8.093806158431e-04, 0.0000e+00, 0.0000e+00, 
 2DIAGNOSTIC,    21, -4.967947198477e-01, 9.080830987881e-04, 0.0000e+00, 0.0000e+00, 
 2DIAGNOSTIC,    22, -4.980677061452e-01, 9.716266643779e-04, 0.0000e+00, 0.0000e+00, 
 2DIAGNOSTIC,    23, -5.013915404456e-01, 1.054490745645e-03, 0.0000e+00, 0.0000e+00, 
 2DIAGNOSTIC,    24, -5.086243472770e-01, 1.216333591865e-03, 0.0000e+00, 0.0000e+00, 
 2DIAGNOSTIC,    25, -5.105272423608e-01, 1.322411513436e-03, 0.0000e+00, 0.0000e+00, 
 2DIAGNOSTIC,    26, -5.174165087930e-01, 1.462627561815e-03, 0.0000e+00, 0.0000e+00, 
 2DIAGNOSTIC,    27, -5.231120910223e-01, 1.584272740581e-03, 0.0000e+00, 0.0000e+00, 
 2DIAGNOSTIC,    28, -5.242104318002e-01, 1.631543353119e-03, 0.0000e+00, 0.0000e+00, 
 2DIAGNOSTIC,    29, -5.250045253799e-01, 1.610854980859e-03, 0.0000e+00, 0.0000e+00, 
 2DIAGNOSTIC,    30, -5.250772536664e-01, 1.486068445626e-03, 0.0000e+00, 0.0000e+00, 
 2DIAGNOSTIC,    31, -5.260286014405e-01, 1.277829843957e-03, 0.0000e+00, 0.0000e+00, 
 2DIAGNOSTIC,    32, -5.286026855104e-01, 1.031043627163e-03, 0.0000e+00, 0.0000e+00, 
 2DIAGNOSTIC,    33, -5.292168360406e-01, 7.695144853595e-04, 0.0000e+00, 0.0000e+00, 
 2DIAGNOSTIC,    34, -5.297186819316e-01, 5.864825278614e-04, 0.0000e+00, 0.0000e+00, 
 2DIAGNOSTIC,    35, -5.303324070561e-01, 3.995939835448e-04, 0.0000e+00, 0.0000e+00, 
 2DIAGNOSTIC,    36, -5.310658604034e-01, 3.060468763884e-04, 0.0000e+00, 0.0000e+00, 
 2DIAGNOSTIC,    37, -5.336303169282e-01, 3.167364677341e-04, 0.0000e+00, 0.0000e+00, 
 2DIAGNOSTIC,    38, -5.341172324730e-01, 3.195858691019e-04, 0.0000e+00, 0.0000e+00, 
 2DIAGNOSTIC,    39, -5.349869935904e-01, 3.174818541638e-04, 0.0000e+00, 0.0000e+00, 
 2DIAGNOSTIC,    40, -5.354688367618e-01, 2.936182832208e-04, 0.0000e+00, 0.0000e+00, 
 2DIAGNOSTIC,    41, -5.358882439291e-01, 2.611829576638e-04, 0.0000e+00, 0.0000e+00, 
 2DIAGNOSTIC,    42, -5.361380645669e-01, 2.434698170282e-04, 0.0000e+00, 0.0000e+00, 
 2DIAGNOSTIC,    43, -5.364636446911e-01, 2.158312918649e-04, 0.0000e+00, 0.0000e+00, 
 2DIAGNOSTIC,    44, -5.366250759904e-01, 1.778068937479e-04, 0.0000e+00, 0.0000e+00, 
 2DIAGNOSTIC,    45, -5.371389239102e-01, 1.390432812241e-04, 0.0000e+00, 0.0000e+00, 
 2DIAGNOSTIC,    46, -5.372828615343e-01, 9.883164515382e-05, 0.0000e+00, 0.0000e+00, 
 2DIAGNOSTIC,    47, -5.375709369801e-01, 8.550356079319e-05, 0.0000e+00, 0.0000e+00, 
 2DIAGNOSTIC,    48, -5.378411420308e-01, 7.338273467233e-05, 0.0000e+00, 0.0000e+00, 
 2DIAGNOSTIC,    49, -5.378341959152e-01, 6.464504456245e-05, 0.0000e+00, 0.0000e+00, 
 2DIAGNOSTIC,    50, -5.381835647102e-01, 5.947933429565e-05, 0.0000e+00, 0.0000e+00, 
 2DIAGNOSTIC,    51, -5.388608275298e-01, 6.088640733390e-05, 0.0000e+00, 0.0000e+00, 
 2DIAGNOSTIC,    52, -5.389901255696e-01, 6.034523019019e-05, 0.0000e+00, 0.0000e+00, 
 2DIAGNOSTIC,    53, -5.390272440941e-01, 5.804078280426e-05, 0.0000e+00, 0.0000e+00, 
 2DIAGNOSTIC,    54, -5.394277509139e-01, 5.617521355028e-05, 0.0000e+00, 0.0000e+00, 
 2DIAGNOSTIC,    55, -5.394630791929e-01, 5.451436446646e-05, 0.0000e+00, 0.0000e+00, 
 2DIAGNOSTIC,    56, -5.394892902435e-01, 4.930706145141e-05, 0.0000e+00, 0.0000e+00, 
 2DIAGNOSTIC,    57, -5.394317428313e-01, 4.187370034252e-05, 0.0000e+00, 0.0000e+00, 
 2DIAGNOSTIC,    58, -5.394590463118e-01, 3.376311844082e-05, 0.0000e+00, 0.0000e+00, 
 2DIAGNOSTIC,    59, -5.397780574510e-01, 2.563526116053e-05, 0.0000e+00, 0.0000e+00, 
 2DIAGNOSTIC,    60, -5.399270885098e-01, 1.974760587743e-05, 0.0000e+00, 0.0000e+00, 
 2DIAGNOSTIC,    61, -5.399758841042e-01, 1.887916635803e-05, 0.0000e+00, 0.0000e+00, 
 2DIAGNOSTIC,    62, -5.399782874265e-01, 1.755690983390e-05, 0.0000e+00, 0.0000e+00, 
 2DIAGNOSTIC,    63, -5.399849981143e-01, 1.494897259499e-05, 0.0000e+00, 0.0000e+00, 
 2DIAGNOSTIC,    64, -5.399946757859e-01, 1.454050011217e-05, 0.0000e+00, 0.0000e+00, 
 2DIAGNOSTIC,    65, -5.401176995150e-01, 1.410588584669e-05, 0.0000e+00, 0.0000e+00, 
 2DIAGNOSTIC,    66, -5.401840763427e-01, 1.317627777090e-05, 0.0000e+00, 0.0000e+00, 
 2DIAGNOSTIC,    67, -5.417298701500e-01, 2.340801570975e-05, 0.0000e+00, 0.0000e+00, 
 2DIAGNOSTIC,    68, -5.423211544574e-01, 3.576137672184e-05, 0.0000e+00, 0.0000e+00, 
 2DIAGNOSTIC,    69, -5.428559663615e-01, 5.117378195221e-05, 0.0000e+00, 0.0000e+00, 
 2DIAGNOSTIC,    70, -5.435019957235e-01, 6.762197091248e-05, 0.0000e+00, 0.0000e+00, 
 2DIAGNOSTIC,    71, -5.440141633156e-01, 8.139925366070e-05, 0.0000e+00, 0.0000e+00, 
 2DIAGNOSTIC,    72, -5.447238766277e-01, 9.224001744188e-05, 0.0000e+00, 0.0000e+00, 
 2DIAGNOSTIC,    73, -5.471862049123e-01, 1.124214483214e-04, 0.0000e+00, 0.0000e+00, 
 2DIAGNOSTIC,    74, -5.485579025742e-01, 1.311779416044e-04, 0.0000e+00, 0.0000e+00, 
 2DIAGNOSTIC,    75, -5.486417884971e-01, 1.384154004237e-04, 0.0000e+00, 0.0000e+00, 
 2DIAGNOSTIC,    76, -5.488830798703e-01, 1.344571476931e-04, 0.0000e+00, 0.0000e+00, 
 2DIAGNOSTIC,    77, -5.492112682239e-01, 1.310082264178e-04, 0.0000e+00, 0.0000e+00, 
 2DIAGNOSTIC,    78, -5.495955003831e-01, 1.215446895342e-04, 0.0000e+00, 0.0000e+00, 
 2DIAGNOSTIC,    79, -5.499348936735e-01, 1.064653518903e-04, 0.0000e+00, 0.0000e+00, 
 2DIAGNOSTIC,    80, -5.499056054319e-01, 8.596256913187e-05, 0.0000e+00, 0.0000e+00, 
 2DIAGNOSTIC,    81, -5.499407197750e-01, 6.169296224903e-05, 0.0000e+00, 0.0000e+00, 
 2DIAGNOSTIC,    82, -5.499730660715e-01, 3.671210909809e-05, 0.0000e+00, 0.0000e+00, 
 2DIAGNOSTIC,    83, -5.500045394072e-01, 2.500945034707e-05, 0.0000e+00, 0.0000e+00, 
 2DIAGNOSTIC,    84, -5.499316880919e-01, 1.967194774550e-05, 0.0000e+00, 0.0000e+00, 
 2DIAGNOSTIC,    85, -5.499523588943e-01, 1.331228062744e-05, 0.0000e+00, 0.0000e+00, 
 2DIAGNOSTIC,    86, -5.499539580493e-01, 7.397953162102e-06, 0.0000e+00, 0.0000e+00, 
 2DIAGNOSTIC,    87, -5.499540319830e-01, 2.951307617705e-06, 0.0000e+00, 0.0000e+00, 
DIAGNOSTIC,Iteration,metricValue,convergenceValue,ITERATION_TIME_INDEX,SINCE_LAST
 2DIAGNOSTIC,     1, -4.462294342779e-01, 1.797693134862e+308, 0.0000e+00, 0.0000e+00, 
 2DIAGNOSTIC,     2, -4.466837155017e-01, 1.797693134862e+308, 0.0000e+00, 0.0000e+00, 
 2DIAGNOSTIC,     3, -4.474432806490e-01, 1.797693134862e+308, 0.0000e+00, 0.0000e+00, 
 2DIAGNOSTIC,     4, -4.485107042616e-01, 1.797693134862e+308, 0.0000e+00, 0.0000e+00, 
 2DIAGNOSTIC,     5, -4.510666841803e-01, 1.797693134862e+308, 0.0000e+00, 0.0000e+00, 
 2DIAGNOSTIC,     6, -4.517144656881e-01, 1.797693134862e+308, 0.0000e+00, 0.0000e+00, 
 2DIAGNOSTIC,     7, -4.529618356747e-01, 1.797693134862e+308, 0.0000e+00, 0.0000e+00, 
 2DIAGNOSTIC,     8, -4.541673374541e-01, 1.797693134862e+308, 0.0000e+00, 0.0000e+00, 
 2DIAGNOSTIC,     9, -4.557438810596e-01, 1.797693134862e+308, 0.0000e+00, 0.0000e+00, 
 2DIAGNOSTIC,    10, -4.571380354237e-01, 1.624000311110e-03, 0.0000e+00, 0.0000e+00, 
 2DIAGNOSTIC,    11, -4.584440004596e-01, 1.544687568774e-03, 0.0000e+00, 0.0000e+00, 
 2DIAGNOSTIC,    12, -4.656059688918e-01, 1.737655788453e-03, 0.0000e+00, 0.0000e+00, 
 2DIAGNOSTIC,    13, -4.679991303439e-01, 1.885941392533e-03, 0.0000e+00, 0.0000e+00, 
 2DIAGNOSTIC,    14, -4.688144812352e-01, 1.923587804249e-03, 0.0000e+00, 0.0000e+00, 
 2DIAGNOSTIC,    15, -4.699271428508e-01, 1.937434627932e-03, 0.0000e+00, 0.0000e+00, 
 2DIAGNOSTIC,    16, -4.702202183928e-01, 1.807590883508e-03, 0.0000e+00, 0.0000e+00, 
 2DIAGNOSTIC,    17, -4.712718741370e-01, 1.607243824962e-03, 0.0000e+00, 0.0000e+00, 
 2DIAGNOSTIC,    18, -4.719940124732e-01, 1.345000298909e-03, 0.0000e+00, 0.0000e+00, 
 2DIAGNOSTIC,    19, -4.723804148683e-01, 1.052747240519e-03, 0.0000e+00, 0.0000e+00, 
 2DIAGNOSTIC,    20, -4.731615858709e-01, 7.625705965349e-04, 0.0000e+00, 0.0000e+00, 
 2DIAGNOSTIC,    21, -4.742823536584e-01, 4.958632680957e-04, 0.0000e+00, 0.0000e+00, 
 2DIAGNOSTIC,    22, -4.756448442590e-01, 4.444210423590e-04, 0.0000e+00, 0.0000e+00, 
 2DIAGNOSTIC,    23, -4.769633546718e-01, 4.544547707319e-04, 0.0000e+00, 0.0000e+00, 
 2DIAGNOSTIC,    24, -4.819571265063e-01, 5.689473159223e-04, 0.0000e+00, 0.0000e+00, 
 2DIAGNOSTIC,    25, -4.863699699466e-01, 7.532527781471e-04, 0.0000e+00, 0.0000e+00, 
 2DIAGNOSTIC,    26, -4.873852421268e-01, 8.807913340030e-04, 0.0000e+00, 0.0000e+00, 
 2DIAGNOSTIC,    27, -4.888090623928e-01, 9.731822920306e-04, 0.0000e+00, 0.0000e+00, 
 2DIAGNOSTIC,    28, -4.895957788008e-01, 1.000216673394e-03, 0.0000e+00, 0.0000e+00, 
 2DIAGNOSTIC,    29, -4.898505776325e-01, 9.428327268980e-04, 0.0000e+00, 0.0000e+00, 
 2DIAGNOSTIC,    30, -4.906059864724e-01, 8.302766646500e-04, 0.0000e+00, 0.0000e+00, 
 2DIAGNOSTIC,    31, -4.910494425765e-01, 6.777841016927e-04, 0.0000e+00, 0.0000e+00, 
 2DIAGNOSTIC,    32, -4.913237782886e-01, 5.033957610686e-04, 0.0000e+00, 0.0000e+00, 
 2DIAGNOSTIC,    33, -4.917245033070e-01, 3.224263141370e-04, 0.0000e+00, 0.0000e+00, 
 2DIAGNOSTIC,    34, -4.922230395690e-01, 2.177872457645e-04, 0.0000e+00, 0.0000e+00, 
 2DIAGNOSTIC,    35, -4.925844290654e-01, 1.807050493644e-04, 0.0000e+00, 0.0000e+00, 
 2DIAGNOSTIC,    36, -4.928076572377e-01, 1.488016559435e-04, 0.0000e+00, 0.0000e+00, 
 2DIAGNOSTIC,    37, -4.927983013635e-01, 1.274830918469e-04, 0.0000e+00, 0.0000e+00, 
 2DIAGNOSTIC,    38, -4.927957046027e-01, 1.078146163135e-04, 0.0000e+00, 0.0000e+00, 
 2DIAGNOSTIC,    39, -4.928053650746e-01, 8.278230704822e-05, 0.0000e+00, 0.0000e+00, 
 2DIAGNOSTIC,    40, -4.927941373761e-01, 6.221462702977e-05, 0.0000e+00, 0.0000e+00, 
 2DIAGNOSTIC,    41, -4.927925406434e-01, 4.329571201220e-05, 0.0000e+00, 0.0000e+00, 
 2DIAGNOSTIC,    42, -4.927811475416e-01, 2.500080093198e-05, 0.0000e+00, 0.0000e+00, 
 2DIAGNOSTIC,    43, -4.927880913267e-01, 1.085836933257e-05, 0.0000e+00, 0.0000e+00, 
 2DIAGNOSTIC,    44, -4.928004906263e-01, 3.240858897847e-06, 0.0000e+00, 0.0000e+00, 
DIAGNOSTIC,Iteration,metricValue,convergenceValue,ITERATION_TIME_INDEX,SINCE_LAST
 2DIAGNOSTIC,     1, -4.340683872333e-01, 1.797693134862e+308, 0.0000e+00, 0.0000e+00, 
 2DIAGNOSTIC,     2, -4.342725548330e-01, 1.797693134862e+308, 0.0000e+00, 0.0000e+00, 
 2DIAGNOSTIC,     3, -4.344791099419e-01, 1.797693134862e+308, 0.0000e+00, 0.0000e+00, 
 2DIAGNOSTIC,     4, -4.345536617112e-01, 1.797693134862e+308, 0.0000e+00, 0.0000e+00, 
 2DIAGNOSTIC,     5, -4.345617647611e-01, 1.797693134862e+308, 0.0000e+00, 0.0000e+00, 
 2DIAGNOSTIC,     6, -4.346203135767e-01, 1.797693134862e+308, 0.0000e+00, 0.0000e+00, 
 2DIAGNOSTIC,     7, -4.347846881107e-01, 1.797693134862e+308, 0.0000e+00, 0.0000e+00, 
 2DIAGNOSTIC,     8, -4.348112253668e-01, 1.797693134862e+308, 0.0000e+00, 0.0000e+00, 
 2DIAGNOSTIC,     9, -4.348113557820e-01, 1.797693134862e+308, 0.0000e+00, 0.0000e+00, 
 2DIAGNOSTIC,    10, -4.348308511908e-01, 1.067640663446e-04, 0.0000e+00, 0.0000e+00, 
 2DIAGNOSTIC,    11, -4.348411144256e-01, 7.425571284411e-05, 0.0000e+00, 0.0000e+00, 
 2DIAGNOSTIC,    12, -4.348557821806e-01, 5.225653449778e-05, 0.0000e+00, 0.0000e+00, 
 2DIAGNOSTIC,    13, -4.348574795419e-01, 3.953275148194e-05, 0.0000e+00, 0.0000e+00, 
 2DIAGNOSTIC,    14, -4.348619047108e-01, 2.910080761588e-05, 0.0000e+00, 0.0000e+00, 
 2DIAGNOSTIC,    15, -4.348599739529e-01, 1.790215487357e-05, 0.0000e+00, 0.0000e+00, 
 2DIAGNOSTIC,    16, -4.348635347501e-01, 9.008659778043e-06, 0.0000e+00, 0.0000e+00, 
 2DIAGNOSTIC,    17, -4.348536556545e-01, 6.427271753470e-06, 0.0000e+00, 0.0000e+00, 
 2DIAGNOSTIC,    18, -4.348538100574e-01, 4.702999229514e-06, 0.0000e+00, 0.0000e+00, 
 2DIAGNOSTIC,    19, -4.348528684231e-01, 2.848854166633e-06, 0.0000e+00, 0.0000e+00, 
 2DIAGNOSTIC,    20, -4.348507839981e-01, 1.633058071417e-06, 0.0000e+00, 0.0000e+00, 
DIAGNOSTIC,Iteration,metricValue,convergenceValue,ITERATION_TIME_INDEX,SINCE_LAST
 2DIAGNOSTIC,     1, -4.015921239225e-01, 1.797693134862e+308, 0.0000e+00, 0.0000e+00, 
 2DIAGNOSTIC,     2, -4.016803732149e-01, 1.797693134862e+308, 0.0000e+00, 0.0000e+00, 
 2DIAGNOSTIC,     3, -4.017059028249e-01, 1.797693134862e+308, 0.0000e+00, 0.0000e+00, 
 2DIAGNOSTIC,     4, -4.017134697559e-01, 1.797693134862e+308, 0.0000e+00, 0.0000e+00, 
 2DIAGNOSTIC,     5, -4.017573937052e-01, 1.797693134862e+308, 0.0000e+00, 0.0000e+00, 
 2DIAGNOSTIC,     6, -4.017746316083e-01, 1.797693134862e+308, 0.0000e+00, 0.0000e+00, 
 2DIAGNOSTIC,     7, -4.017849687360e-01, 1.797693134862e+308, 0.0000e+00, 0.0000e+00, 
 2DIAGNOSTIC,     8, -4.017947806615e-01, 1.797693134862e+308, 0.0000e+00, 0.0000e+00, 
 2DIAGNOSTIC,     9, -4.018223827590e-01, 1.797693134862e+308, 0.0000e+00, 0.0000e+00, 
 2DIAGNOSTIC,    10, -4.018285827995e-01, 3.566264789523e-05, 0.0000e+00, 0.0000e+00, 
 2DIAGNOSTIC,    11, -4.018301255349e-01, 2.556580315757e-05, 0.0000e+00, 0.0000e+00, 
 2DIAGNOSTIC,    12, -4.018306356062e-01, 2.036806083974e-05, 0.0000e+00, 0.0000e+00, 
 2DIAGNOSTIC,    13, -4.018314932405e-01, 1.582758302067e-05, 0.0000e+00, 0.0000e+00, 
 2DIAGNOSTIC,    14, -4.018322364562e-01, 1.106959004285e-05, 1.2800e+02, 1.2800e+02, 
 2DIAGNOSTIC,    15, -4.018339418814e-01, 8.274700257521e-06, 1.2800e+02, 0.0000e+00, 
 2DIAGNOSTIC,    16, -4.018346864151e-01, 6.068563372041e-06, 1.2800e+02, 0.0000e+00, 
 2DIAGNOSTIC,    17, -4.018362837688e-01, 4.249064490293e-06, 1.2800e+02, 0.0000e+00, 
 2DIAGNOSTIC,    18, -4.018407009383e-01, 2.942993993400e-06, 1.2800e+02, 0.0000e+00, 
 2DIAGNOSTIC,    19, -4.018414922446e-01, 2.712588226449e-06, 1.2800e+02, 0.0000e+00, 
 2DIAGNOSTIC,    20, -4.018435410172e-01, 2.700429939703e-06, 1.2800e+02, 0.0000e+00, 
 2DIAGNOSTIC,    21, -4.018438014301e-01, 2.646981512366e-06, 1.2800e+02, 0.0000e+00, 
 2DIAGNOSTIC,    22, -4.018437616844e-01, 2.507687132912e-06, 1.2800e+02, 0.0000e+00, 
 2DIAGNOSTIC,    23, -4.018436292354e-01, 2.302424720602e-06, 1.2800e+02, 0.0000e+00, 
 2DIAGNOSTIC,    24, -4.018436904131e-01, 2.050512587531e-06, 1.2800e+02, 0.0000e+00, 
 2DIAGNOSTIC,    25, -4.018436841964e-01, 1.799534546182e-06, 1.2800e+02, 0.0000e+00, 
 2DIAGNOSTIC,    26, -4.018436972134e-01, 1.539102779766e-06, 1.2800e+02, 0.0000e+00, 
 2DIAGNOSTIC,    27, -4.018436682568e-01, 1.307158921167e-06, 1.2800e+02, 0.0000e+00, 
 2DIAGNOSTIC,    28, -4.018436440710e-01, 1.190836098522e-06, 1.2800e+02, 0.0000e+00, 
 2DIAGNOSTIC,    29, -4.018436716441e-01, 1.095975769506e-06, 1.2800e+02, 0.0000e+00, 
 2DIAGNOSTIC,    30, -4.018436225884e-01, 1.054405903721e-06, 1.2800e+02, 0.0000e+00, 
 2DIAGNOSTIC,    31, -4.018436175425e-01, 1.021955543669e-06, 1.2800e+02, 0.0000e+00, 
  Elapsed time (stage 0): 1.2800e+02


Total elapsed time: 1.2800e+02
Info [verificarlo]: loaded backend libinterflop_ieee.so
Info [interflop-ieee]: load backend with:
Info [interflop-ieee]: debug = false
Info [interflop-ieee]: debug-binary = false
Info [interflop-ieee]: no-backend-name = false
Info [interflop-ieee]: print-new-line = false
Info [interflop-ieee]: print-subnormal-normalized = false
Info [interflop-ieee]: count-op = false
All_Command_lines_OK
Using double precision for computations.
=============================================================================
The composite transform comprises the following transforms (in order): 
  1. /home/mdugre/scratch/mri-registration-rp/datasets/ds004513/derivatives/mri-registration-rp/0100/antsRegistration-r7-p23/sub-s037/rigid_Composite.h5[0] (type = Euler3DTransform)
  2. /home/mdugre/scratch/mri-registration-rp/datasets/ds004513/derivatives/mri-registration-rp/0100/antsRegistration-r7-p23/sub-s037/rigid_Composite.h5[1] (type = Euler3DTransform)
  3. /home/mdugre/scratch/mri-registration-rp/datasets/ds004513/derivatives/mri-registration-rp/0100/antsRegistration-r7-p23/sub-s037/rigid_Composite.h5[2] (type = Euler3DTransform)
=============================================================================
  number of levels = 4
  fixed image: /templateflow/tpl-MNI152NLin2009cAsym/tpl-MNI152NLin2009cAsym_res-01_desc-brain_T1w.nii.gz
  moving image: /home/mdugre/scratch/mri-registration-rp/datasets/ds004513/derivatives/mri-registration-rp/antsBrainExtraction/sub-s037/BrainExtractionBrain.nii.gz
Dimension = 3
Number of stages = 1
Use histogram matching = false
Winsorize image intensities = true
  Lower quantile = 0.005
  Upper quantile = 0.995


Stage 1 State
   Image metric = MattesMI
     Fixed image = Image (0x3ec27e0)
  RTTI typeinfo:   itk::Image<double, 3u>
  Reference Count: 2
  Modified Time: 1592
  Debug: Off
  Object Name: 
  Observers: 
    none
  Source: (none)
  Source output name: (none)
  Release Data: Off
  Data Released: False
  Global Release Data: Off
  PipelineMTime: 0
  UpdateMTime: 1203
  RealTimeStamp: 0 seconds 
  LargestPossibleRegion: 
    Dimension: 3
    Index: [0, 0, 0]
    Size: [193, 229, 193]
  BufferedRegion: 
    Dimension: 3
    Index: [0, 0, 0]
    Size: [193, 229, 193]
  RequestedRegion: 
    Dimension: 3
    Index: [0, 0, 0]
    Size: [193, 229, 193]
  Spacing: [1, 1, 1]
  Origin: [96, 132, -78]
  Direction: 
-1 0 0
0 -1 0
0 0 1

  IndexToPointMatrix: 
-1 0 0
0 -1 0
0 0 1

  PointToIndexMatrix: 
-1 0 0
0 -1 0
0 0 1

  Inverse Direction: 
-1 0 0
0 -1 0
0 0 1

  PixelContainer: 
    ImportImageContainer (0x3f82a20)
      RTTI typeinfo:   itk::ImportImageContainer<unsigned long, double>
      Reference Count: 1
      Modified Time: 1200
      Debug: Off
      Object Name: 
      Observers: 
        none
      Pointer: 0x154322500010
      Container manages memory: true
      Size: 8530021
      Capacity: 8530021

     Moving image = Image (0x3f8d840)
  RTTI typeinfo:   itk::Image<double, 3u>
  Reference Count: 2
  Modified Time: 1593
  Debug: Off
  Object Name: 
  Observers: 
    none
  Source: (none)
  Source output name: (none)
  Release Data: Off
  Data Released: False
  Global Release Data: Off
  PipelineMTime: 0
  UpdateMTime: 1590
  RealTimeStamp: 0 seconds 
  LargestPossibleRegion: 
    Dimension: 3
    Index: [0, 0, 0]
    Size: [160, 240, 256]
  BufferedRegion: 
    Dimension: 3
    Index: [0, 0, 0]
    Size: [160, 240, 256]
  RequestedRegion: 
    Dimension: 3
    Index: [0, 0, 0]
    Size: [160, 240, 256]
  Spacing: [1, 1, 1]
  Origin: [87.9508, 102.562, -147.639]
  Direction: 
-0.998659 -0.0436121 -0.0279129
0.043595 -0.999049 0.00121847
-0.0279395 -2.65543e-08 0.99961

  IndexToPointMatrix: 
-0.998659 -0.0436121 -0.0279129
0.043595 -0.999049 0.00121847
-0.0279395 -2.65543e-08 0.99961

  PointToIndexMatrix: 
-0.998659 0.043595 -0.0279395
-0.0436121 -0.999049 -2.65517e-08
-0.0279129 0.00121847 0.99961

  Inverse Direction: 
-0.998659 0.043595 -0.0279395
-0.0436121 -0.999049 -2.65517e-08
-0.0279129 0.00121847 0.99961

  PixelContainer: 
    ImportImageContainer (0x3f35c90)
      RTTI typeinfo:   itk::ImportImageContainer<unsigned long, double>
      Reference Count: 1
      Modified Time: 1587
      Debug: Off
      Object Name: 
      Observers: 
        none
      Pointer: 0x15431d9ff010
      Container manages memory: true
      Size: 9830400
      Capacity: 9830400

     Weighting = 1
     Sampling strategy = regular
     Number of bins = 32
     Radius = 4
     Sampling percentage  = 0.25
   Transform = Affine
     Gradient step = 0.1
     Update field sigma (voxel space) = 0
     Total field sigma (voxel space) = 0
     Update field time sigma = 0
     Total field time sigma  = 0
     Number of time indices = 0
     Number of time point samples = 0
Registration using 1 total stages.

Stage 0
  iterations = 1000x500x250x100
  convergence threshold = 1e-06
  convergence window size = 10
  number of levels = 4
  using the Mattes MI metric (number of bins = 32, weight = 1, use gradient filter = 0)
  preprocessing:  winsorizing the image intensities
  Shrink factors (level 1 out of 4): [8, 8, 8]
  Shrink factors (level 2 out of 4): [4, 4, 4]
  Shrink factors (level 3 out of 4): [2, 2, 2]
  Shrink factors (level 4 out of 4): [1, 1, 1]
  smoothing sigmas per level: [3, 2, 1, 0]
  regular sampling (percentage = 0.25)

*** Running AffineTransform registration ***

DIAGNOSTIC,Iteration,metricValue,convergenceValue,ITERATION_TIME_INDEX,SINCE_LAST
 2DIAGNOSTIC,     1, -5.856956082753e-01, 1.797693134862e+308, 7.4745e-01, 7.4745e-01, 
 2DIAGNOSTIC,     2, -5.870664651601e-01, 1.797693134862e+308, 7.5255e-01, 5.1000e-03, 
 2DIAGNOSTIC,     3, -5.894141050462e-01, 1.797693134862e+308, 7.5773e-01, 5.1830e-03, 
 2DIAGNOSTIC,     4, -5.937680354151e-01, 1.797693134862e+308, 7.6274e-01, 5.0132e-03, 
 2DIAGNOSTIC,     5, -6.031968667665e-01, 1.797693134862e+308, 7.6794e-01, 5.2030e-03, 
 2DIAGNOSTIC,     6, -6.138376788965e-01, 1.797693134862e+308, 7.7333e-01, 5.3830e-03, 
 2DIAGNOSTIC,     7, -6.390733581575e-01, 1.797693134862e+308, 7.7815e-01, 4.8220e-03, 
 2DIAGNOSTIC,     8, -6.711837762394e-01, 1.797693134862e+308, 7.8369e-01, 5.5380e-03, 
 2DIAGNOSTIC,     9, -6.939475796982e-01, 1.797693134862e+308, 7.9210e-01, 8.4140e-03, 
 2DIAGNOSTIC,    10, -6.947838347703e-01, 1.281719658602e-02, 7.9743e-01, 5.3310e-03, 
 2DIAGNOSTIC,    11, -6.979805471066e-01, 1.261158886712e-02, 8.0265e-01, 5.2149e-03, 
 2DIAGNOSTIC,    12, -7.008362995710e-01, 1.146890600524e-02, 8.0849e-01, 5.8420e-03, 
 2DIAGNOSTIC,    13, -7.033315418636e-01, 9.631415095305e-03, 8.1374e-01, 5.2490e-03, 
 2DIAGNOSTIC,    14, -7.083193249092e-01, 7.491177143715e-03, 8.1906e-01, 5.3220e-03, 
 2DIAGNOSTIC,    15, -7.123308101655e-01, 5.379056969562e-03, 8.2721e-01, 8.1470e-03, 
 2DIAGNOSTIC,    16, -7.142495190171e-01, 3.400877604820e-03, 8.3345e-01, 6.2420e-03, 
 2DIAGNOSTIC,    17, -7.174572369899e-01, 2.066984190235e-03, 8.3918e-01, 5.7280e-03, 
 2DIAGNOSTIC,    18, -7.184013541229e-01, 1.474082068607e-03, 8.4491e-01, 5.7359e-03, 
 2DIAGNOSTIC,    19, -7.189880394040e-01, 1.336526207474e-03, 8.5057e-01, 5.6531e-03, 
 2DIAGNOSTIC,    20, -7.190583090274e-01, 1.108109835597e-03, 8.5566e-01, 5.0979e-03, 
 2DIAGNOSTIC,    21, -7.197830876609e-01, 8.790779299522e-04, 8.6069e-01, 5.0249e-03, 
 2DIAGNOSTIC,    22, -7.199257606856e-01, 6.477093107654e-04, 8.6630e-01, 5.6071e-03, 
 2DIAGNOSTIC,    23, -7.203705201424e-01, 4.296402066288e-04, 8.7188e-01, 5.5850e-03, 
 2DIAGNOSTIC,    24, -7.211107030744e-01, 2.900312981024e-04, 8.7916e-01, 7.2758e-03, 
 2DIAGNOSTIC,    25, -7.210000759232e-01, 2.001732915732e-04, 8.8536e-01, 6.1998e-03, 
 2DIAGNOSTIC,    26, -7.209201673499e-01, 1.274543657085e-04, 8.9095e-01, 5.5969e-03, 
 2DIAGNOSTIC,    27, -7.207436411384e-01, 9.512585694012e-05, 8.9601e-01, 5.0611e-03, 
 2DIAGNOSTIC,    28, -7.207734260946e-01, 7.066094943197e-05, 9.0113e-01, 5.1129e-03, 
 2DIAGNOSTIC,    29, -7.208067151087e-01, 5.016318257065e-05, 9.0610e-01, 4.9770e-03, 
 2DIAGNOSTIC,    30, -7.208395215497e-01, 2.767792756722e-05, 9.1123e-01, 5.1241e-03, 
 2DIAGNOSTIC,    31, -7.208640445361e-01, 1.440638963523e-05, 9.1680e-01, 5.5699e-03, 
 2DIAGNOSTIC,    32, -7.209833678345e-01, 4.093094722990e-06, 9.2184e-01, 5.0449e-03, 
 2DIAGNOSTIC,    33, -7.214041282888e-01, 4.625873132096e-06, 9.2972e-01, 7.8731e-03, 
 2DIAGNOSTIC,    34, -7.214059165381e-01, 1.362515300445e-05, 9.3481e-01, 5.0969e-03, 
 2DIAGNOSTIC,    35, -7.214076254443e-01, 1.968845342622e-05, 9.3976e-01, 4.9491e-03, 
 2DIAGNOSTIC,    36, -7.214095006626e-01, 2.286527308297e-05, 9.4531e-01, 5.5511e-03, 
 2DIAGNOSTIC,    37, -7.215124859735e-01, 2.292180854354e-05, 9.5029e-01, 4.9760e-03, 
 2DIAGNOSTIC,    38, -7.220591352159e-01, 2.697964299325e-05, 9.5593e-01, 5.6400e-03, 
 2DIAGNOSTIC,    39, -7.219796585305e-01, 2.769671820937e-05, 9.6155e-01, 5.6188e-03, 
 2DIAGNOSTIC,    40, -7.217939103892e-01, 2.444033676301e-05, 9.6711e-01, 5.5609e-03, 
 2DIAGNOSTIC,    41, -7.217001786077e-01, 1.855254715703e-05, 9.7213e-01, 5.0180e-03, 
 2DIAGNOSTIC,    42, -7.216068532900e-01, 1.135285620927e-05, 9.7710e-01, 4.9679e-03, 
 2DIAGNOSTIC,    43, -7.215143306898e-01, 6.501608387000e-06, 9.8320e-01, 6.1040e-03, 
 2DIAGNOSTIC,    44, -7.215146794368e-01, 1.365518496946e-06, 9.8823e-01, 5.0299e-03, 
DIAGNOSTIC,Iteration,metricValue,convergenceValue,ITERATION_TIME_INDEX,SINCE_LAST
 2DIAGNOSTIC,     1, -5.923200094208e-01, 1.797693134862e+308, 1.7385e+00, 7.5026e-01, 
 2DIAGNOSTIC,     2, -5.932344384514e-01, 1.797693134862e+308, 1.7827e+00, 4.4181e-02, 
 2DIAGNOSTIC,     3, -5.942099739997e-01, 1.797693134862e+308, 1.8180e+00, 3.5312e-02, 
 2DIAGNOSTIC,     4, -5.952134848989e-01, 1.797693134862e+308, 1.8557e+00, 3.7715e-02, 
 2DIAGNOSTIC,     5, -5.959821649786e-01, 1.797693134862e+308, 1.8915e+00, 3.5767e-02, 
 2DIAGNOSTIC,     6, -5.965898219849e-01, 1.797693134862e+308, 1.9283e+00, 3.6880e-02, 
 2DIAGNOSTIC,     7, -5.969937815133e-01, 1.797693134862e+308, 1.9744e+00, 4.6100e-02, 
 2DIAGNOSTIC,     8, -5.976401276992e-01, 1.797693134862e+308, 2.0168e+00, 4.2377e-02, 
 2DIAGNOSTIC,     9, -5.982339168519e-01, 1.797693134862e+308, 2.0569e+00, 4.0115e-02, 
 2DIAGNOSTIC,    10, -5.984231831544e-01, 6.618877699396e-04, 2.1011e+00, 4.4164e-02, 
 2DIAGNOSTIC,    11, -5.984991305907e-01, 5.189637941171e-04, 2.1571e+00, 5.5969e-02, 
 2DIAGNOSTIC,    12, -5.984660891799e-01, 3.884968822912e-04, 2.1955e+00, 3.8466e-02, 
 2DIAGNOSTIC,    13, -5.986444619134e-01, 2.849191114006e-04, 2.2324e+00, 3.6906e-02, 
 2DIAGNOSTIC,    14, -5.988561550034e-01, 2.110103613723e-04, 2.2698e+00, 3.7396e-02, 
 2DIAGNOSTIC,    15, -5.989385746209e-01, 1.545712222244e-04, 2.3069e+00, 3.7112e-02, 
 2DIAGNOSTIC,    16, -5.990015514526e-01, 1.114012238756e-04, 2.3441e+00, 3.7142e-02, 
 2DIAGNOSTIC,    17, -5.992914655946e-01, 8.251298427736e-05, 2.4014e+00, 5.7319e-02, 
 2DIAGNOSTIC,    18, -5.992810269092e-01, 6.559251321320e-05, 2.4422e+00, 4.0798e-02, 
 2DIAGNOSTIC,    19, -5.992647961197e-01, 5.888988696641e-05, 2.4786e+00, 3.6369e-02, 
 2DIAGNOSTIC,    20, -5.992589466665e-01, 5.197783637683e-05, 2.5240e+00, 4.5466e-02, 
 2DIAGNOSTIC,    21, -5.992600504973e-01, 4.286653314051e-05, 2.5655e+00, 4.1421e-02, 
 2DIAGNOSTIC,    22, -5.992515800246e-01, 2.968419028652e-05, 2.6024e+00, 3.6894e-02, 
 2DIAGNOSTIC,    23, -5.992435873269e-01, 1.843452861306e-05, 2.6394e+00, 3.7094e-02, 
 2DIAGNOSTIC,    24, -5.992456105437e-01, 1.083240085705e-05, 2.6763e+00, 3.6884e-02, 
 2DIAGNOSTIC,    25, -5.992297748171e-01, 4.240189283182e-06, 2.7132e+00, 3.6882e-02, 
DIAGNOSTIC,Iteration,metricValue,convergenceValue,ITERATION_TIME_INDEX,SINCE_LAST
 2DIAGNOSTIC,     1, -5.236232304916e-01, 1.797693134862e+308, 3.8364e+00, 1.1232e+00, 
 2DIAGNOSTIC,     2, -5.239041084009e-01, 1.797693134862e+308, 4.1225e+00, 2.8617e-01, 
 2DIAGNOSTIC,     3, -5.242014112736e-01, 1.797693134862e+308, 4.4035e+00, 2.8099e-01, 
 2DIAGNOSTIC,     4, -5.245185344237e-01, 1.797693134862e+308, 4.6893e+00, 2.8573e-01, 
 2DIAGNOSTIC,     5, -5.248682718632e-01, 1.797693134862e+308, 4.9735e+00, 2.8423e-01, 
 2DIAGNOSTIC,     6, -5.255176388508e-01, 1.797693134862e+308, 5.2624e+00, 2.8894e-01, 
