
##########################
# Experiment information #
##########################

EXPERIMENT_NAME: antsRegistration-r8-p9
VFC_BACKENDS: libinterflop_vprec.so --range-binary32=8 --precision-binary32=9 --range-binary64=8 --precision-binary64=9

SIF_IMG: /home/mdugre/projects/rrg-glatard/mdugre/containers/ants-vprec-no_metrics.simg

SUBJECT_ID: s032
INPUT_IMG: /home/mdugre/scratch/mri-registration-rp/datasets/ds004513/derivatives/mri-registration-rp/antsBrainExtraction/sub-s032/BrainExtractionBrain.nii.gz
OUTPUT_DIR: /home/mdugre/scratch/mri-registration-rp/datasets/ds004513/derivatives/mri-registration-rp/0100/antsRegistration-r8-p9/sub-s032

FIXED_IMG: /templateflow/tpl-MNI152NLin2009cAsym/tpl-MNI152NLin2009cAsym_res-01_desc-brain_T1w.nii.gz
DATA_DIR: /home/mdugre/scratch/mri-registration-rp/datasets/ds004513
TEMPLATEFLOW_DIR: /home/mdugre/projects/rrg-glatard/mdugre/templateflow
ITK_GLOBAL_DEFAULT_NUMBER_OF_THREADS: 16
##########################

Info [verificarlo]: loaded backend libinterflop_ieee.so
Info [interflop-ieee]: load backend with:
Info [interflop-ieee]: debug = false
Info [interflop-ieee]: debug-binary = false
Info [interflop-ieee]: no-backend-name = false
Info [interflop-ieee]: print-new-line = false
Info [interflop-ieee]: print-subnormal-normalized = false
Info [interflop-ieee]: count-op = false
All_Command_lines_OK
Using double precision for computations.
=============================================================================
The composite transform comprises the following transforms (in order): 
  1. Center of mass alignment using fixed image: /templateflow/tpl-MNI152NLin2009cAsym/tpl-MNI152NLin2009cAsym_res-01_desc-brain_T1w.nii.gz and moving image: /home/mdugre/scratch/mri-registration-rp/datasets/ds004513/derivatives/mri-registration-rp/antsBrainExtraction/sub-s032/BrainExtractionBrain.nii.gz (type = Euler3DTransform)
=============================================================================
  number of levels = 1
  fixed image: /templateflow/tpl-MNI152NLin2009cAsym/tpl-MNI152NLin2009cAsym_res-01_desc-brain_T1w.nii.gz
  moving image: /home/mdugre/scratch/mri-registration-rp/datasets/ds004513/derivatives/mri-registration-rp/antsBrainExtraction/sub-s032/BrainExtractionBrain.nii.gz
Dimension = 3
Number of stages = 1
Use histogram matching = false
Winsorize image intensities = true
  Lower quantile = 0.005
  Upper quantile = 0.995


Stage 1 State
   Image metric = MattesMI
     Fixed image = Image (0x406cbd0)
  RTTI typeinfo:   itk::Image<double, 3u>
  Reference Count: 2
  Modified Time: 2330
  Debug: Off
  Object Name: 
  Observers: 
    none
  Source: (none)
  Source output name: (none)
  Release Data: Off
  Data Released: False
  Global Release Data: Off
  PipelineMTime: 0
  UpdateMTime: 1941
  RealTimeStamp: 0 seconds 
  LargestPossibleRegion: 
    Dimension: 3
    Index: [0, 0, 0]
    Size: [193, 229, 193]
  BufferedRegion: 
    Dimension: 3
    Index: [0, 0, 0]
    Size: [193, 229, 193]
  RequestedRegion: 
    Dimension: 3
    Index: [0, 0, 0]
    Size: [193, 229, 193]
  Spacing: [1, 1, 1]
  Origin: [96, 132, -78]
  Direction: 
-1 0 0
0 -1 0
0 0 1

  IndexToPointMatrix: 
-1 0 0
0 -1 0
0 0 1

  PointToIndexMatrix: 
-1 0 0
0 -1 0
0 0 1

  Inverse Direction: 
-1 0 0
0 -1 0
0 0 1

  PixelContainer: 
    ImportImageContainer (0x40759e0)
      RTTI typeinfo:   itk::ImportImageContainer<unsigned long, double>
      Reference Count: 1
      Modified Time: 1938
      Debug: Off
      Object Name: 
      Observers: 
        none
      Pointer: 0x14953bc0e010
      Container manages memory: true
      Size: 8530021
      Capacity: 8530021

     Moving image = Image (0x4076d40)
  RTTI typeinfo:   itk::Image<double, 3u>
  Reference Count: 2
  Modified Time: 2331
  Debug: Off
  Object Name: 
  Observers: 
    none
  Source: (none)
  Source output name: (none)
  Release Data: Off
  Data Released: False
  Global Release Data: Off
  PipelineMTime: 0
  UpdateMTime: 2328
  RealTimeStamp: 0 seconds 
  LargestPossibleRegion: 
    Dimension: 3
    Index: [0, 0, 0]
    Size: [160, 240, 256]
  BufferedRegion: 
    Dimension: 3
    Index: [0, 0, 0]
    Size: [160, 240, 256]
  RequestedRegion: 
    Dimension: 3
    Index: [0, 0, 0]
    Size: [160, 240, 256]
  Spacing: [1, 1, 1]
  Origin: [73.279, 104.707, -131.187]
  Direction: 
-0.997527 0.0645574 -0.0278053
-0.0645323 -0.997914 -0.00179875
-0.0278634 4.01097e-08 0.999612

  IndexToPointMatrix: 
-0.997527 0.0645574 -0.0278053
-0.0645323 -0.997914 -0.00179875
-0.0278634 4.01097e-08 0.999612

  PointToIndexMatrix: 
-0.997527 -0.0645323 -0.0278634
0.0645574 -0.997914 4.01049e-08
-0.0278053 -0.00179875 0.999612

  Inverse Direction: 
-0.997527 -0.0645323 -0.0278634
0.0645574 -0.997914 4.01049e-08
-0.0278053 -0.00179875 0.999612

  PixelContainer: 
    ImportImageContainer (0x409c850)
      RTTI typeinfo:   itk::ImportImageContainer<unsigned long, double>
      Reference Count: 1
      Modified Time: 2325
      Debug: Off
      Object Name: 
      Observers: 
        none
      Pointer: 0x14953710d010
      Container manages memory: true
      Size: 9830400
      Capacity: 9830400

     Weighting = 1
     Sampling strategy = regular
     Number of bins = 32
     Radius = 4
     Sampling percentage  = 0.25
   Transform = Rigid
     Gradient step = 0.1
     Update field sigma (voxel space) = 0
     Total field sigma (voxel space) = 0
     Update field time sigma = 0
     Total field time sigma  = 0
     Number of time indices = 0
     Number of time point samples = 0
Registration using 1 total stages.

Stage 0
  iterations = 0
  convergence threshold = 1e-06
  convergence window size = 10
  number of levels = 1
  using the Mattes MI metric (number of bins = 32, weight = 1, use gradient filter = 0)
  preprocessing:  winsorizing the image intensities
  Shrink factors (level 1 out of 1): [1, 1, 1]
  smoothing sigmas per level: [0]
  regular sampling (percentage = 0.25)

*** Running Euler3DTransform registration ***

  Elapsed time (stage 0): 1.11931


Total elapsed time: 1.12128
Info [verificarlo]: loaded backend libinterflop_vprec.so
Info [interflop-vprec]: load backend with: 
Info [interflop-vprec]: precision-binary32 = 9
Info [interflop-vprec]: range-binary32 = 8
Info [interflop-vprec]: precision-binary64 = 9
Info [interflop-vprec]: range-binary64 = 8
Info [interflop-vprec]: mode = ob
Info [interflop-vprec]: error-mode = rel
Info [interflop-vprec]: max-abs-error-exponent = -1022
Info [interflop-vprec]: daz = false
Info [interflop-vprec]: ftz = false
Info [interflop-vprec]: 	instrument = none
Info [interflop-vprec]: 	prec-input-file = (null)
Info [interflop-vprec]: 	prec-output-file = (null)
Info [interflop-vprec]: 	prec-log-file = (null)
All_Command_lines_OK
Using double precision for computations.
=============================================================================
The composite transform comprises the following transforms (in order): 
  1. /home/mdugre/scratch/mri-registration-rp/datasets/ds004513/derivatives/mri-registration-rp/0100/antsRegistration-r8-p9/sub-s032/align_Composite.h5[0] (type = Euler3DTransform)
  2. /home/mdugre/scratch/mri-registration-rp/datasets/ds004513/derivatives/mri-registration-rp/0100/antsRegistration-r8-p9/sub-s032/align_Composite.h5[1] (type = Euler3DTransform)
=============================================================================
  number of levels = 4
  fixed image: /templateflow/tpl-MNI152NLin2009cAsym/tpl-MNI152NLin2009cAsym_res-01_desc-brain_T1w.nii.gz
  moving image: /home/mdugre/scratch/mri-registration-rp/datasets/ds004513/derivatives/mri-registration-rp/antsBrainExtraction/sub-s032/BrainExtractionBrain.nii.gz
Dimension = 3
Number of stages = 1
Use histogram matching = false
Winsorize image intensities = true
  Lower quantile = 0.005
  Upper quantile = 0.995


Stage 1 State
   Image metric = MattesMI
     Fixed image = Image (0x4d651e0)
  RTTI typeinfo:   itk::Image<double, 3u>
  Reference Count: 2
  Modified Time: 1578
  Debug: Off
  Object Name: 
  Observers: 
    none
  Source: (none)
  Source output name: (none)
  Release Data: Off
  Data Released: False
  Global Release Data: Off
  PipelineMTime: 0
  UpdateMTime: 1189
  RealTimeStamp: 0 seconds 
  LargestPossibleRegion: 
    Dimension: 3
    Index: [0, 0, 0]
    Size: [193, 229, 193]
  BufferedRegion: 
    Dimension: 3
    Index: [0, 0, 0]
    Size: [193, 229, 193]
  RequestedRegion: 
    Dimension: 3
    Index: [0, 0, 0]
    Size: [193, 229, 193]
  Spacing: [1, 1, 1]
  Origin: [96, 132, -78]
  Direction: 
-1 0 0
0 -1 0
0 0 1

  IndexToPointMatrix: 
-1 0 0
0 -1 0
0 0 1

  PointToIndexMatrix: 
-1 0 0
0 -1 0
0 0 1

  Inverse Direction: 
-1 0 0
0 -1 0
0 0 1

  PixelContainer: 
    ImportImageContainer (0x4e24680)
      RTTI typeinfo:   itk::ImportImageContainer<unsigned long, double>
      Reference Count: 1
      Modified Time: 1186
      Debug: Off
      Object Name: 
      Observers: 
        none
      Pointer: 0x150f14353010
      Container manages memory: true
      Size: 8530021
      Capacity: 8530021

     Moving image = Image (0x4e20b20)
  RTTI typeinfo:   itk::Image<double, 3u>
  Reference Count: 2
  Modified Time: 1579
  Debug: Off
  Object Name: 
  Observers: 
    none
  Source: (none)
  Source output name: (none)
  Release Data: Off
  Data Released: False
  Global Release Data: Off
  PipelineMTime: 0
  UpdateMTime: 1576
  RealTimeStamp: 0 seconds 
  LargestPossibleRegion: 
    Dimension: 3
    Index: [0, 0, 0]
    Size: [160, 240, 256]
  BufferedRegion: 
    Dimension: 3
    Index: [0, 0, 0]
    Size: [160, 240, 256]
  RequestedRegion: 
    Dimension: 3
    Index: [0, 0, 0]
    Size: [160, 240, 256]
  Spacing: [1, 1, 1]
  Origin: [73.25, 104.75, -131.25]
  Direction: 
-0.998047 0.0645752 -0.0278015
-0.0645752 -0.998047 -0.00179863
-0.0278625 0 1

  IndexToPointMatrix: 
-0.998047 0.0645752 -0.0278015
-0.0645752 -0.998047 -0.00179863
-0.0278625 0 1

  PointToIndexMatrix: 
-0.998047 -0.0645752 -0.0278625
0.0645752 -0.998047 1.90735e-06
-0.0278015 -0.00179672 1

  Inverse Direction: 
-0.998047 -0.0645752 -0.0278625
0.0645752 -0.998047 1.90735e-06
-0.0278015 -0.00179672 1

  PixelContainer: 
    ImportImageContainer (0x4e89d50)
      RTTI typeinfo:   itk::ImportImageContainer<unsigned long, double>
      Reference Count: 1
      Modified Time: 1573
      Debug: Off
      Object Name: 
      Observers: 
        none
      Pointer: 0x150f0f852010
      Container manages memory: true
      Size: 9830400
      Capacity: 9830400

     Weighting = 1
     Sampling strategy = regular
     Number of bins = 32
     Radius = 4
     Sampling percentage  = 0.25
   Transform = Rigid
     Gradient step = 0.1
     Update field sigma (voxel space) = 0
     Total field sigma (voxel space) = 0
     Update field time sigma = 0
     Total field time sigma  = 0
     Number of time indices = 0
     Number of time point samples = 0
Registration using 1 total stages.

Stage 0
  iterations = 1000x500x250x100
  convergence threshold = 1e-06
  convergence window size = 10
  number of levels = 4
  using the Mattes MI metric (number of bins = 32, weight = 1, use gradient filter = 0)
  preprocessing:  winsorizing the image intensities
  Shrink factors (level 1 out of 4): [8, 8, 8]
  Shrink factors (level 2 out of 4): [4, 4, 4]
  Shrink factors (level 3 out of 4): [2, 2, 2]
  Shrink factors (level 4 out of 4): [1, 1, 1]
  smoothing sigmas per level: [3, 2, 1, 0]
  regular sampling (percentage = 0.25)

*** Running Euler3DTransform registration ***

DIAGNOSTIC,Iteration,metricValue,convergenceValue,ITERATION_TIME_INDEX,SINCE_LAST
 2DIAGNOSTIC,     1, -5.501093475146e-01, 1.797693134862e+308, 0.0000e+00, 0.0000e+00, 
 2DIAGNOSTIC,     2, -5.507363101942e-01, 1.797693134862e+308, 0.0000e+00, 0.0000e+00, 
 2DIAGNOSTIC,     3, -5.507963408803e-01, 1.797693134862e+308, 0.0000e+00, 0.0000e+00, 
 2DIAGNOSTIC,     4, -5.520405413562e-01, 1.797693134862e+308, 0.0000e+00, 0.0000e+00, 
 2DIAGNOSTIC,     5, -5.514784367101e-01, 1.797693134862e+308, 0.0000e+00, 0.0000e+00, 
 2DIAGNOSTIC,     6, -5.542268790771e-01, 1.797693134862e+308, 0.0000e+00, 0.0000e+00, 
 2DIAGNOSTIC,     7, -5.554059974601e-01, 1.797693134862e+308, 0.0000e+00, 0.0000e+00, 
 2DIAGNOSTIC,     8, -5.583659277263e-01, 1.797693134862e+308, 0.0000e+00, 0.0000e+00, 
 2DIAGNOSTIC,     9, -5.614797899763e-01, 1.797693134862e+308, 0.0000e+00, 0.0000e+00, 
 2DIAGNOSTIC,    10, -5.662099094645e-01, 1.680784029905e-03, 0.0000e+00, 0.0000e+00, 
 2DIAGNOSTIC,    11, -5.778323873332e-01, 2.346528163479e-03, 0.0000e+00, 0.0000e+00, 
 2DIAGNOSTIC,    12, -6.002590258171e-01, 3.641483779309e-03, 0.0000e+00, 0.0000e+00, 
 2DIAGNOSTIC,    13, -6.583349630685e-01, 6.580706044564e-03, 0.0000e+00, 0.0000e+00, 
 2DIAGNOSTIC,    14, -6.752627653085e-01, 9.027439636424e-03, 0.0000e+00, 0.0000e+00, 
 2DIAGNOSTIC,    15, -6.752867968860e-01, 1.027746474798e-02, 0.0000e+00, 0.0000e+00, 
 2DIAGNOSTIC,    16, -6.750482025450e-01, 1.051914747321e-02, 0.0000e+00, 0.0000e+00, 
 2DIAGNOSTIC,    17, -6.759725901432e-01, 9.817593651449e-03, 0.0000e+00, 0.0000e+00, 
 2DIAGNOSTIC,    18, -6.748921192267e-01, 8.327440332913e-03, 0.0000e+00, 0.0000e+00, 
 2DIAGNOSTIC,    19, -6.738604671073e-01, 6.296627142506e-03, 0.0000e+00, 0.0000e+00, 
 2DIAGNOSTIC,    20, -6.739591086909e-01, 4.044155907911e-03, 0.0000e+00, 0.0000e+00, 
 2DIAGNOSTIC,    21, -6.745395676235e-01, 1.932121700191e-03, 0.0000e+00, 0.0000e+00, 
 2DIAGNOSTIC,    22, -6.756101866757e-01, 3.162766922248e-04, 0.0000e+00, 0.0000e+00, 
DIAGNOSTIC,Iteration,metricValue,convergenceValue,ITERATION_TIME_INDEX,SINCE_LAST
 2DIAGNOSTIC,     1, -5.595474942492e-01, 1.797693134862e+308, 0.0000e+00, 0.0000e+00, 
 2DIAGNOSTIC,     2, -5.596184377843e-01, 1.797693134862e+308, 0.0000e+00, 0.0000e+00, 
 2DIAGNOSTIC,     3, -5.595919561492e-01, 1.797693134862e+308, 0.0000e+00, 0.0000e+00, 
 2DIAGNOSTIC,     4, -5.596838179192e-01, 1.797693134862e+308, 0.0000e+00, 0.0000e+00, 
 2DIAGNOSTIC,     5, -5.597136866781e-01, 1.797693134862e+308, 0.0000e+00, 0.0000e+00, 
 2DIAGNOSTIC,     6, -5.596861895833e-01, 1.797693134862e+308, 0.0000e+00, 0.0000e+00, 
 2DIAGNOSTIC,     7, -5.597847979518e-01, 1.797693134862e+308, 0.0000e+00, 0.0000e+00, 
 2DIAGNOSTIC,     8, -5.596920637518e-01, 1.797693134862e+308, 0.0000e+00, 0.0000e+00, 
 2DIAGNOSTIC,     9, -5.596607733213e-01, 1.797693134862e+308, 0.0000e+00, 0.0000e+00, 
 2DIAGNOSTIC,    10, -5.596662694810e-01, 1.364221921120e-05, 0.0000e+00, 0.0000e+00, 
 2DIAGNOSTIC,    11, -5.596524784628e-01, 4.109390730520e-06, 0.0000e+00, 0.0000e+00, 
DIAGNOSTIC,Iteration,metricValue,convergenceValue,ITERATION_TIME_INDEX,SINCE_LAST
 2DIAGNOSTIC,     1, -4.991917345715e-01, 1.797693134862e+308, 0.0000e+00, 0.0000e+00, 
 2DIAGNOSTIC,     2, -4.996747495973e-01, 1.797693134862e+308, 0.0000e+00, 0.0000e+00, 
 2DIAGNOSTIC,     3, -4.998650781860e-01, 1.797693134862e+308, 0.0000e+00, 0.0000e+00, 
 2DIAGNOSTIC,     4, -4.995317087255e-01, 1.797693134862e+308, 0.0000e+00, 0.0000e+00, 
 2DIAGNOSTIC,     5, -5.000247691831e-01, 1.797693134862e+308, 0.0000e+00, 0.0000e+00, 
 2DIAGNOSTIC,     6, -4.999988230834e-01, 1.797693134862e+308, 0.0000e+00, 0.0000e+00, 
 2DIAGNOSTIC,     7, -4.999928628682e-01, 1.797693134862e+308, 0.0000e+00, 0.0000e+00, 
 2DIAGNOSTIC,     8, -4.999920717968e-01, 1.797693134862e+308, 0.0000e+00, 0.0000e+00, 
 2DIAGNOSTIC,     9, -4.999889530762e-01, 1.797693134862e+308, 0.0000e+00, 0.0000e+00, 
 2DIAGNOSTIC,    10, -4.999888535330e-01, 7.800670160255e-05, 0.0000e+00, 0.0000e+00, 
 2DIAGNOSTIC,    11, -4.999808568330e-01, 3.716481846734e-05, 0.0000e+00, 0.0000e+00, 
 2DIAGNOSTIC,    12, -4.999772044430e-01, 2.248240291450e-05, 0.0000e+00, 0.0000e+00, 
 2DIAGNOSTIC,    13, -4.999762707240e-01, 1.697357874961e-05, 0.0000e+00, 0.0000e+00, 
DIAGNOSTIC,Iteration,metricValue,convergenceValue,ITERATION_TIME_INDEX,SINCE_LAST
 2DIAGNOSTIC,     1, -4.638138469959e-01, 1.797693134862e+308, 0.0000e+00, 0.0000e+00, 
 2DIAGNOSTIC,     2, -4.638348799182e-01, 1.797693134862e+308, 0.0000e+00, 0.0000e+00, 
 2DIAGNOSTIC,     3, -4.638282316276e-01, 1.797693134862e+308, 0.0000e+00, 0.0000e+00, 
 2DIAGNOSTIC,     4, -4.638240783356e-01, 1.797693134862e+308, 0.0000e+00, 0.0000e+00, 
 2DIAGNOSTIC,     5, -4.638410018014e-01, 1.797693134862e+308, 0.0000e+00, 0.0000e+00, 
 2DIAGNOSTIC,     6, -4.638581432721e-01, 1.797693134862e+308, 0.0000e+00, 0.0000e+00, 
 2DIAGNOSTIC,     7, -4.638718572615e-01, 1.797693134862e+308, 0.0000e+00, 0.0000e+00, 
 2DIAGNOSTIC,     8, -4.638616984601e-01, 1.797693134862e+308, 0.0000e+00, 0.0000e+00, 
 2DIAGNOSTIC,     9, -4.638805908405e-01, 1.797693134862e+308, 0.0000e+00, 0.0000e+00, 
 2DIAGNOSTIC,    10, -4.639089083765e-01, 1.125217598312e-05, 0.0000e+00, 0.0000e+00, 
 2DIAGNOSTIC,    11, -4.639162253048e-01, 1.133116498797e-05, 0.0000e+00, 0.0000e+00, 
 2DIAGNOSTIC,    12, -4.639379495460e-01, 1.259535503455e-05, 0.0000e+00, 0.0000e+00, 
 2DIAGNOSTIC,    13, -4.639371405574e-01, 1.220477907331e-05, 0.0000e+00, 0.0000e+00, 
 2DIAGNOSTIC,    14, -4.639319420014e-01, 1.035002653442e-05, 0.0000e+00, 0.0000e+00, 
 2DIAGNOSTIC,    15, -4.639277966861e-01, 8.295638110542e-06, 0.0000e+00, 0.0000e+00, 
 2DIAGNOSTIC,    16, -4.639226163830e-01, 6.177624922013e-06, 0.0000e+00, 0.0000e+00, 
 2DIAGNOSTIC,    17, -4.639170352052e-01, 4.055024961598e-06, 0.0000e+00, 0.0000e+00, 
 2DIAGNOSTIC,    18, -4.639222074398e-01, 1.620356275753e-06, 0.0000e+00, 0.0000e+00, 
  Elapsed time (stage 0): 0.0000e+00


Total elapsed time: 0.0000e+00
Info [verificarlo]: loaded backend libinterflop_ieee.so
Info [interflop-ieee]: load backend with:
Info [interflop-ieee]: debug = false
Info [interflop-ieee]: debug-binary = false
Info [interflop-ieee]: no-backend-name = false
Info [interflop-ieee]: print-new-line = false
Info [interflop-ieee]: print-subnormal-normalized = false
Info [interflop-ieee]: count-op = false
All_Command_lines_OK
Using double precision for computations.
=============================================================================
The composite transform comprises the following transforms (in order): 
  1. /home/mdugre/scratch/mri-registration-rp/datasets/ds004513/derivatives/mri-registration-rp/0100/antsRegistration-r8-p9/sub-s032/rigid_Composite.h5[0] (type = Euler3DTransform)
  2. /home/mdugre/scratch/mri-registration-rp/datasets/ds004513/derivatives/mri-registration-rp/0100/antsRegistration-r8-p9/sub-s032/rigid_Composite.h5[1] (type = Euler3DTransform)
  3. /home/mdugre/scratch/mri-registration-rp/datasets/ds004513/derivatives/mri-registration-rp/0100/antsRegistration-r8-p9/sub-s032/rigid_Composite.h5[2] (type = Euler3DTransform)
=============================================================================
  number of levels = 4
  fixed image: /templateflow/tpl-MNI152NLin2009cAsym/tpl-MNI152NLin2009cAsym_res-01_desc-brain_T1w.nii.gz
  moving image: /home/mdugre/scratch/mri-registration-rp/datasets/ds004513/derivatives/mri-registration-rp/antsBrainExtraction/sub-s032/BrainExtractionBrain.nii.gz
Dimension = 3
Number of stages = 1
Use histogram matching = false
Winsorize image intensities = true
  Lower quantile = 0.005
  Upper quantile = 0.995


Stage 1 State
   Image metric = MattesMI
     Fixed image = Image (0x3c05530)
  RTTI typeinfo:   itk::Image<double, 3u>
  Reference Count: 2
  Modified Time: 1592
  Debug: Off
  Object Name: 
  Observers: 
    none
  Source: (none)
  Source output name: (none)
  Release Data: Off
  Data Released: False
  Global Release Data: Off
  PipelineMTime: 0
  UpdateMTime: 1203
  RealTimeStamp: 0 seconds 
  LargestPossibleRegion: 
    Dimension: 3
    Index: [0, 0, 0]
    Size: [193, 229, 193]
  BufferedRegion: 
    Dimension: 3
    Index: [0, 0, 0]
    Size: [193, 229, 193]
  RequestedRegion: 
    Dimension: 3
    Index: [0, 0, 0]
    Size: [193, 229, 193]
  Spacing: [1, 1, 1]
  Origin: [96, 132, -78]
  Direction: 
-1 0 0
0 -1 0
0 0 1

  IndexToPointMatrix: 
-1 0 0
0 -1 0
0 0 1

  PointToIndexMatrix: 
-1 0 0
0 -1 0
0 0 1

  Inverse Direction: 
-1 0 0
0 -1 0
0 0 1

  PixelContainer: 
    ImportImageContainer (0x3c122b0)
      RTTI typeinfo:   itk::ImportImageContainer<unsigned long, double>
      Reference Count: 1
      Modified Time: 1200
      Debug: Off
      Object Name: 
      Observers: 
        none
      Pointer: 0x1512bb16e010
      Container manages memory: true
      Size: 8530021
      Capacity: 8530021

     Moving image = Image (0x3cc0fd0)
  RTTI typeinfo:   itk::Image<double, 3u>
  Reference Count: 2
  Modified Time: 1593
  Debug: Off
  Object Name: 
  Observers: 
    none
  Source: (none)
  Source output name: (none)
  Release Data: Off
  Data Released: False
  Global Release Data: Off
  PipelineMTime: 0
  UpdateMTime: 1590
  RealTimeStamp: 0 seconds 
  LargestPossibleRegion: 
    Dimension: 3
    Index: [0, 0, 0]
    Size: [160, 240, 256]
  BufferedRegion: 
    Dimension: 3
    Index: [0, 0, 0]
    Size: [160, 240, 256]
  RequestedRegion: 
    Dimension: 3
    Index: [0, 0, 0]
    Size: [160, 240, 256]
  Spacing: [1, 1, 1]
  Origin: [73.279, 104.707, -131.187]
  Direction: 
-0.997527 0.0645574 -0.0278053
-0.0645323 -0.997914 -0.00179875
-0.0278634 4.01097e-08 0.999612

  IndexToPointMatrix: 
-0.997527 0.0645574 -0.0278053
-0.0645323 -0.997914 -0.00179875
-0.0278634 4.01097e-08 0.999612

  PointToIndexMatrix: 
-0.997527 -0.0645323 -0.0278634
0.0645574 -0.997914 4.01049e-08
-0.0278053 -0.00179875 0.999612

  Inverse Direction: 
-0.997527 -0.0645323 -0.0278634
0.0645574 -0.997914 4.01049e-08
-0.0278053 -0.00179875 0.999612

  PixelContainer: 
    ImportImageContainer (0x3cd8990)
      RTTI typeinfo:   itk::ImportImageContainer<unsigned long, double>
      Reference Count: 1
      Modified Time: 1587
      Debug: Off
      Object Name: 
      Observers: 
        none
      Pointer: 0x1512b666d010
      Container manages memory: true
      Size: 9830400
      Capacity: 9830400

     Weighting = 1
     Sampling strategy = regular
     Number of bins = 32
     Radius = 4
     Sampling percentage  = 0.25
   Transform = Affine
     Gradient step = 0.1
     Update field sigma (voxel space) = 0
     Total field sigma (voxel space) = 0
     Update field time sigma = 0
     Total field time sigma  = 0
     Number of time indices = 0
     Number of time point samples = 0
Registration using 1 total stages.

Stage 0
  iterations = 1000x500x250x100
  convergence threshold = 1e-06
  convergence window size = 10
  number of levels = 4
  using the Mattes MI metric (number of bins = 32, weight = 1, use gradient filter = 0)
  preprocessing:  winsorizing the image intensities
  Shrink factors (level 1 out of 4): [8, 8, 8]
  Shrink factors (level 2 out of 4): [4, 4, 4]
  Shrink factors (level 3 out of 4): [2, 2, 2]
  Shrink factors (level 4 out of 4): [1, 1, 1]
  smoothing sigmas per level: [3, 2, 1, 0]
  regular sampling (percentage = 0.25)

*** Running AffineTransform registration ***

DIAGNOSTIC,Iteration,metricValue,convergenceValue,ITERATION_TIME_INDEX,SINCE_LAST
 2DIAGNOSTIC,     1, -6.826798144973e-01, 1.797693134862e+308, 1.2356e+00, 1.2356e+00, 
 2DIAGNOSTIC,     2, -6.842147864350e-01, 1.797693134862e+308, 1.2413e+00, 5.7170e-03, 
 2DIAGNOSTIC,     3, -6.866221533736e-01, 1.797693134862e+308, 1.2470e+00, 5.7211e-03, 
 2DIAGNOSTIC,     4, -6.909978585484e-01, 1.797693134862e+308, 1.2532e+00, 6.1831e-03, 
 2DIAGNOSTIC,     5, -6.971081760683e-01, 1.797693134862e+308, 1.2592e+00, 6.0279e-03, 
 2DIAGNOSTIC,     6, -7.071761608119e-01, 1.797693134862e+308, 1.2661e+00, 6.9010e-03, 
 2DIAGNOSTIC,     7, -7.193292523103e-01, 1.797693134862e+308, 1.2750e+00, 8.8880e-03, 
 2DIAGNOSTIC,     8, -7.200518052005e-01, 1.797693134862e+308, 1.2808e+00, 5.8310e-03, 
 2DIAGNOSTIC,     9, -7.225155955408e-01, 1.797693134862e+308, 1.2865e+00, 5.6698e-03, 
 2DIAGNOSTIC,    10, -7.239315858138e-01, 4.571491587074e-03, 1.2924e+00, 5.9218e-03, 
 2DIAGNOSTIC,    11, -7.259515662939e-01, 4.001293340385e-03, 1.2990e+00, 6.5579e-03, 
 2DIAGNOSTIC,    12, -7.280828118628e-01, 3.287507013686e-03, 1.3055e+00, 6.4900e-03, 
 2DIAGNOSTIC,    13, -7.294966948759e-01, 2.508995659363e-03, 1.3114e+00, 5.9409e-03, 
 2DIAGNOSTIC,    14, -7.322709384034e-01, 1.824466163622e-03, 1.3193e+00, 7.8628e-03, 
 2DIAGNOSTIC,    15, -7.337026243411e-01, 1.262961537284e-03, 1.3270e+00, 7.7231e-03, 
 2DIAGNOSTIC,    16, -7.338220597864e-01, 9.035421638890e-04, 1.3330e+00, 6.0050e-03, 
 2DIAGNOSTIC,    17, -7.342408878887e-01, 7.996740619996e-04, 1.3388e+00, 5.8029e-03, 
 2DIAGNOSTIC,    18, -7.349018087376e-01, 6.634276318434e-04, 1.3446e+00, 5.8000e-03, 
 2DIAGNOSTIC,    19, -7.355004757891e-01, 5.434664951627e-04, 1.3507e+00, 6.1021e-03, 
 2DIAGNOSTIC,    20, -7.359450751639e-01, 4.214133502986e-04, 1.3571e+00, 6.3572e-03, 
 2DIAGNOSTIC,    21, -7.359639981981e-01, 3.105444270608e-04, 1.3639e+00, 6.7968e-03, 
 2DIAGNOSTIC,    22, -7.361621097557e-01, 2.233557106160e-04, 1.3741e+00, 1.0228e-02, 
 2DIAGNOSTIC,    23, -7.360863439813e-01, 1.448724000606e-04, 1.3799e+00, 5.8529e-03, 
 2DIAGNOSTIC,    24, -7.361972141339e-01, 1.063273385509e-04, 1.3871e+00, 7.1599e-03, 
 2DIAGNOSTIC,    25, -7.363277590931e-01, 8.571923075090e-05, 1.3933e+00, 6.1989e-03, 
 2DIAGNOSTIC,    26, -7.364011734861e-01, 6.170280065763e-05, 1.3991e+00, 5.8138e-03, 
 2DIAGNOSTIC,    27, -7.365528086935e-01, 4.202554303284e-05, 1.4053e+00, 6.1460e-03, 
 2DIAGNOSTIC,    28, -7.366945278719e-01, 3.101886398834e-05, 1.4118e+00, 6.5110e-03, 
 2DIAGNOSTIC,    29, -7.367148892375e-01, 2.618217720000e-05, 1.4185e+00, 6.7489e-03, 
 2DIAGNOSTIC,    30, -7.367763604758e-01, 2.594328366238e-05, 1.4291e+00, 1.0577e-02, 
 2DIAGNOSTIC,    31, -7.367659029399e-01, 2.339526900058e-05, 1.4348e+00, 5.7101e-03, 
 2DIAGNOSTIC,    32, -7.367747224185e-01, 2.147228426553e-05, 1.4409e+00, 6.0580e-03, 
 2DIAGNOSTIC,    33, -7.367881649200e-01, 1.695419312524e-05, 1.4472e+00, 6.3629e-03, 
 2DIAGNOSTIC,    34, -7.368051609330e-01, 1.264077475614e-05, 1.4532e+00, 5.9271e-03, 
 2DIAGNOSTIC,    35, -7.367248602738e-01, 8.038029100949e-06, 1.4601e+00, 6.9299e-03, 
 2DIAGNOSTIC,    36, -7.367397806912e-01, 3.982137796246e-06, 1.4666e+00, 6.5231e-03, 
DIAGNOSTIC,Iteration,metricValue,convergenceValue,ITERATION_TIME_INDEX,SINCE_LAST
 2DIAGNOSTIC,     1, -5.972135836172e-01, 1.797693134862e+308, 2.4002e+00, 9.3355e-01, 
 2DIAGNOSTIC,     2, -5.976617658490e-01, 1.797693134862e+308, 2.4362e+00, 3.6054e-02, 
 2DIAGNOSTIC,     3, -5.981397159682e-01, 1.797693134862e+308, 2.4709e+00, 3.4695e-02, 
 2DIAGNOSTIC,     4, -5.988292206805e-01, 1.797693134862e+308, 2.5057e+00, 3.4753e-02, 
 2DIAGNOSTIC,     5, -5.998053324761e-01, 1.797693134862e+308, 2.5393e+00, 3.3673e-02, 
 2DIAGNOSTIC,     6, -6.007499056548e-01, 1.797693134862e+308, 2.5769e+00, 3.7546e-02, 
 2DIAGNOSTIC,     7, -6.029726414709e-01, 1.797693134862e+308, 2.6426e+00, 6.5679e-02, 
 2DIAGNOSTIC,     8, -6.029535813020e-01, 1.797693134862e+308, 2.6748e+00, 3.2263e-02, 
 2DIAGNOSTIC,     9, -6.030361486234e-01, 1.797693134862e+308, 2.7084e+00, 3.3548e-02, 
 2DIAGNOSTIC,    10, -6.032104602195e-01, 7.681737501212e-04, 2.7401e+00, 3.1678e-02, 
 2DIAGNOSTIC,    11, -6.034380295585e-01, 6.479112991459e-04, 2.7753e+00, 3.5207e-02, 
 2DIAGNOSTIC,    12, -6.036604037409e-01, 5.150540740098e-04, 2.8115e+00, 3.6246e-02, 
 2DIAGNOSTIC,    13, -6.039122252908e-01, 3.829355334353e-04, 2.8460e+00, 3.4460e-02, 
 2DIAGNOSTIC,    14, -6.046859344334e-01, 2.851573408689e-04, 2.8860e+00, 4.0038e-02, 
 2DIAGNOSTIC,    15, -6.050041388095e-01, 2.147829035451e-04, 2.9264e+00, 4.0397e-02, 
 2DIAGNOSTIC,    16, -6.052572922863e-01, 1.672215243839e-04, 2.9729e+00, 4.6485e-02, 
 2DIAGNOSTIC,    17, -6.054508257741e-01, 1.773896481605e-04, 3.0137e+00, 4.0771e-02, 
 2DIAGNOSTIC,    18, -6.057079445816e-01, 1.764010919370e-04, 3.0528e+00, 3.9150e-02, 
 2DIAGNOSTIC,    19, -6.059853762845e-01, 1.679081029074e-04, 3.1133e+00, 6.0448e-02, 
 2DIAGNOSTIC,    20, -6.059927558285e-01, 1.488599834312e-04, 3.1529e+00, 3.9602e-02, 
 2DIAGNOSTIC,    21, -6.059856394021e-01, 1.231034293625e-04, 3.1959e+00, 4.2995e-02, 
 2DIAGNOSTIC,    22, -6.059636416278e-01, 9.279239079353e-05, 3.2354e+00, 3.9525e-02, 
 2DIAGNOSTIC,    23, -6.059440948361e-01, 6.094156483671e-05, 3.2771e+00, 4.1701e-02, 
 2DIAGNOSTIC,    24, -6.059242399587e-01, 4.080961367912e-05, 3.3169e+00, 3.9852e-02, 
 2DIAGNOSTIC,    25, -6.059056544639e-01, 2.419851626449e-05, 3.3598e+00, 4.2871e-02, 
 2DIAGNOSTIC,    26, -6.058998879348e-01, 1.123671377406e-05, 3.3973e+00, 3.7465e-02, 
 2DIAGNOSTIC,    27, -6.058924868357e-01, 1.476054284022e-06, 3.4367e+00, 3.9425e-02, 
DIAGNOSTIC,Iteration,metricValue,convergenceValue,ITERATION_TIME_INDEX,SINCE_LAST
 2DIAGNOSTIC,     1, -5.397465978099e-01, 1.797693134862e+308, 4.5202e+00, 1.0835e+00, 
 2DIAGNOSTIC,     2, -5.402116416473e-01, 1.797693134862e+308, 4.7598e+00, 2.3960e-01, 
 2DIAGNOSTIC,     3, -5.408865372518e-01, 1.797693134862e+308, 5.0087e+00, 2.4887e-01, 
 2DIAGNOSTIC,     4, -5.417512685943e-01, 1.797693134862e+308, 5.2569e+00, 2.4821e-01, 
 2DIAGNOSTIC,     5, -5.431024125117e-01, 1.797693134862e+308, 5.5005e+00, 2.4361e-01, 
 2DIAGNOSTIC,     6, -5.448465301295e-01, 1.797693134862e+308, 5.8444e+00, 3.4393e-01, 
 2DIAGNOSTIC,     7, -5.449627741818e-01, 1.797693134862e+308, 6.1348e+00, 2.9037e-01, 
 2DIAGNOSTIC,     8, -5.449554432154e-01, 1.797693134862e+308, 6.4863e+00, 3.5145e-01, 
 2DIAGNOSTIC,     9, -5.449543959482e-01, 1.797693134862e+308, 6.8007e+00, 3.1439e-01, 
 2DIAGNOSTIC,    10, -5.449538350078e-01, 7.356337866328e-04, 7.1518e+00, 3.5111e-01, 
 2DIAGNOSTIC,    11, -5.449508083138e-01, 5.463440365555e-04, 7.5265e+00, 3.7473e-01, 
 2DIAGNOSTIC,    12, -5.449497825713e-01, 3.604109449831e-04, 7.8221e+00, 2.9564e-01, 
 2DIAGNOSTIC,    13, -5.449505002837e-01, 1.988325231946e-04, 8.1360e+00, 3.1382e-01, 
 2DIAGNOSTIC,    14, -5.449501347661e-01, 7.424986329466e-05, 8.4264e+00, 2.9044e-01, 
 2DIAGNOSTIC,    15, -5.449496935319e-01, 5.122721129874e-06, 8.7131e+00, 2.8670e-01, 
 2DIAGNOSTIC,    16, -5.449491041350e-01, 1.227717230740e-06, 8.9970e+00, 2.8393e-01, 
 2DIAGNOSTIC,    17, -5.449484658910e-01, 1.423013921857e-06, 9.3297e+00, 3.3263e-01, 
 2DIAGNOSTIC,    18, -5.449476096237e-01, 1.399799905898e-06, 9.6234e+00, 2.9370e-01, 
 2DIAGNOSTIC,    19, -5.449467533162e-01, 1.360367808526e-06, 9.8923e+00, 2.6890e-01, 
 2DIAGNOSTIC,    20, -5.449459968835e-01, 1.322558674716e-06, 1.0151e+01, 2.5865e-01, 
 2DIAGNOSTIC,    21, -5.449464101746e-01, 1.249642920385e-06, 1.0436e+01, 2.8512e-01, 
 2DIAGNOSTIC,    22, -5.449459983727e-01, 1.173013710262e-06, 1.0733e+01, 2.9697e-01, 
 2DIAGNOSTIC,    23, -5.449443765005e-01, 1.108727430470e-06, 1.0971e+01, 2.3792e-01, 
 2DIAGNOSTIC,    24, -5.449440175409e-01, 1.061338267459e-06, 1.1330e+01, 3.5912e-01, 
 2DIAGNOSTIC,    25, -5.449442336017e-01, 1.037886557143e-06, 1.1632e+01, 3.0161e-01, 
DIAGNOSTIC,Iteration,metricValue,convergenceValue,ITERATION_TIME_INDEX,SINCE_LAST
 2DIAGNOSTIC,     1, -5.009340773486e-01, 1.797693134862e+308, 1.4872e+01, 3.2403e+00, 
 2DIAGNOSTIC,     2, -5.009383384901e-01, 1.797693134862e+308, 1.7545e+01, 2.6735e+00, 
 2DIAGNOSTIC,     3, -5.009373516773e-01, 1.797693134862e+308, 1.9438e+01, 1.8923e+00, 
 2DIAGNOSTIC,     4, -5.009371984626e-01, 1.797693134862e+308, 2.1147e+01, 1.7093e+00, 
 2DIAGNOSTIC,     5, -5.009369960578e-01, 1.797693134862e+308, 2.3204e+01, 2.0569e+00, 
 2DIAGNOSTIC,     6, -5.009368149775e-01, 1.797693134862e+308, 2.4977e+01, 1.7731e+00, 
 2DIAGNOSTIC,     7, -5.009367381448e-01, 1.797693134862e+308, 2.6703e+01, 1.7254e+00, 
 2DIAGNOSTIC,     8, -5.009364425671e-01, 1.797693134862e+308, 2.8409e+01, 1.7069e+00, 
 2DIAGNOSTIC,     9, -5.009365742529e-01, 1.797693134862e+308, 3.0393e+01, 1.9841e+00, 
 2DIAGNOSTIC,    10, -5.009361940145e-01, 3.163539843587e-06, 3.2057e+01, 1.6637e+00, 
 2DIAGNOSTIC,    11, -5.009360388347e-01, 2.684454173688e-06, 3.3933e+01, 1.8758e+00, 
 2DIAGNOSTIC,    12, -5.009361371846e-01, 2.511259781859e-06, 3.5548e+01, 1.6154e+00, 
 2DIAGNOSTIC,    13, -5.009361301287e-01, 2.333626849038e-06, 3.7382e+01, 1.8334e+00, 
 2DIAGNOSTIC,    14, -5.009366418827e-01, 2.206251576736e-06, 3.9213e+01, 1.8314e+00, 
 2DIAGNOSTIC,    15, -5.009367104524e-01, 2.096541136920e-06, 4.1746e+01, 2.5324e+00, 
 2DIAGNOSTIC,    16, -5.009367474314e-01, 1.997949703861e-06, 4.3468e+01, 1.7222e+00, 
 2DIAGNOSTIC,    17, -5.009365541149e-01, 1.901401309942e-06, 4.5125e+01, 1.6573e+00, 
 2DIAGNOSTIC,    18, -5.009364858905e-01, 1.801132485518e-06, 4.6808e+01, 1.6831e+00, 
 2DIAGNOSTIC,    19, -5.009363367720e-01, 1.707814957529e-06, 4.8667e+01, 1.8588e+00, 
 2DIAGNOSTIC,    20, -5.009360548289e-01, 1.601995340883e-06, 5.0535e+01, 1.8680e+00, 
 2DIAGNOSTIC,    21, -5.009360086939e-01, 1.500025730183e-06, 5.2434e+01, 1.8990e+00, 
 2DIAGNOSTIC,    22, -5.009359460010e-01, 1.409785272036e-06, 5.4038e+01, 1.6041e+00, 
 2DIAGNOSTIC,    23, -5.009359148804e-01, 1.329480049370e-06, 5.5815e+01, 1.7773e+00, 
 2DIAGNOSTIC,    24, -5.009359647956e-01, 1.274130815118e-06, 5.7492e+01, 1.6762e+00, 
 2DIAGNOSTIC,    25, -5.009359059827e-01, 1.228204721357e-06, 5.9169e+01, 1.6779e+00, 
 2DIAGNOSTIC,    26, -5.009358683544e-01, 1.190087548494e-06, 6.0972e+01, 1.8028e+00, 
 2DIAGNOSTIC,    27, -5.009357522289e-01, 1.151394623304e-06, 6.2676e+01, 1.7038e+00, 
 2DIAGNOSTIC,    28, -5.009357053983e-01, 1.115710044089e-06, 6.4576e+01, 1.9000e+00, 
 2DIAGNOSTIC,    29, -5.009358555060e-01, 1.084532586459e-06, 6.6385e+01, 1.8093e+00, 
 2DIAGNOSTIC,    30, -5.009356403655e-01, 1.047093077335e-06, 6.8247e+01, 1.8616e+00, 
 2DIAGNOSTIC,    31, -5.009356131678e-01, 1.012176202173e-06, 7.0050e+01, 1.8033e+00, 
  Elapsed time (stage 0): 7.1208e+01


Total elapsed time: 7.1210e+01
Info [verificarlo]: loaded backend libinterflop_ieee.so
Info [interflop-ieee]: load backend with:
Info [interflop-ieee]: debug = false
Info [interflop-ieee]: debug-binary = false
Info [interflop-ieee]: no-backend-name = false
Info [interflop-ieee]: print-new-line = false
Info [interflop-ieee]: print-subnormal-normalized = false
Info [interflop-ieee]: count-op = false
All_Command_lines_OK
Using double precision for computations.
=============================================================================
The composite transform comprises the following transforms (in order): 
  1. /home/mdugre/scratch/mri-registration-rp/datasets/ds004513/derivatives/mri-registration-rp/0100/antsRegistration-r8-p9/sub-s032/affine_Composite.h5[0] (type = Euler3DTransform)
  2. /home/mdugre/scratch/mri-registration-rp/datasets/ds004513/derivatives/mri-registration-rp/0100/antsRegistration-r8-p9/sub-s032/affine_Composite.h5[1] (type = Euler3DTransform)
  3. /home/mdugre/scratch/mri-registration-rp/datasets/ds004513/derivatives/mri-registration-rp/0100/antsRegistration-r8-p9/sub-s032/affine_Composite.h5[2] (type = Euler3DTransform)
  4. /home/mdugre/scratch/mri-registration-rp/datasets/ds004513/derivatives/mri-registration-rp/0100/antsRegistration-r8-p9/sub-s032/affine_Composite.h5[3] (type = AffineTransform)
=============================================================================
  number of levels = 4
  fixed image: /templateflow/tpl-MNI152NLin2009cAsym/tpl-MNI152NLin2009cAsym_res-01_desc-brain_T1w.nii.gz
  moving image: /home/mdugre/scratch/mri-registration-rp/datasets/ds004513/derivatives/mri-registration-rp/antsBrainExtraction/sub-s032/BrainExtractionBrain.nii.gz
Dimension = 3
Number of stages = 1
Use histogram matching = false
Winsorize image intensities = true
  Lower quantile = 0.005
  Upper quantile = 0.995


Stage 1 State
   Image metric = CC
     Fixed image = Image (0x413ea40)
  RTTI typeinfo:   itk::Image<double, 3u>
  Reference Count: 2
  Modified Time: 1606
  Debug: Off
  Object Name: 
  Observers: 
    none
  Source: (none)
  Source output name: (none)
  Release Data: Off
  Data Released: False
  Global Release Data: Off
  PipelineMTime: 0
  UpdateMTime: 1217
  RealTimeStamp: 0 seconds 
  LargestPossibleRegion: 
    Dimension: 3
    Index: [0, 0, 0]
    Size: [193, 229, 193]
  BufferedRegion: 
    Dimension: 3
    Index: [0, 0, 0]
    Size: [193, 229, 193]
  RequestedRegion: 
    Dimension: 3
    Index: [0, 0, 0]
    Size: [193, 229, 193]
  Spacing: [1, 1, 1]
  Origin: [96, 132, -78]
  Direction: 
-1 0 0
0 -1 0
0 0 1

  IndexToPointMatrix: 
-1 0 0
0 -1 0
0 0 1

  PointToIndexMatrix: 
-1 0 0
0 -1 0
0 0 1

  Inverse Direction: 
-1 0 0
0 -1 0
0 0 1

  PixelContainer: 
    ImportImageContainer (0x420d780)
      RTTI typeinfo:   itk::ImportImageContainer<unsigned long, double>
      Reference Count: 1
      Modified Time: 1214
      Debug: Off
      Object Name: 
      Observers: 
        none
      Pointer: 0x14fcbc6a0010
      Container manages memory: true
      Size: 8530021
      Capacity: 8530021

     Moving image = Image (0x420f390)
  RTTI typeinfo:   itk::Image<double, 3u>
  Reference Count: 2
  Modified Time: 1607
  Debug: Off
  Object Name: 
  Observers: 
    none
  Source: (none)
  Source output name: (none)
  Release Data: Off
  Data Released: False
  Global Release Data: Off
  PipelineMTime: 0
  UpdateMTime: 1604
  RealTimeStamp: 0 seconds 
  LargestPossibleRegion: 
    Dimension: 3
    Index: [0, 0, 0]
    Size: [160, 240, 256]
  BufferedRegion: 
    Dimension: 3
    Index: [0, 0, 0]
    Size: [160, 240, 256]
  RequestedRegion: 
    Dimension: 3
    Index: [0, 0, 0]
    Size: [160, 240, 256]
  Spacing: [1, 1, 1]
  Origin: [73.279, 104.707, -131.187]
  Direction: 
-0.997527 0.0645574 -0.0278053
-0.0645323 -0.997914 -0.00179875
-0.0278634 4.01097e-08 0.999612

  IndexToPointMatrix: 
-0.997527 0.0645574 -0.0278053
-0.0645323 -0.997914 -0.00179875
-0.0278634 4.01097e-08 0.999612

  PointToIndexMatrix: 
-0.997527 -0.0645323 -0.0278634
0.0645574 -0.997914 4.01049e-08
-0.0278053 -0.00179875 0.999612

  Inverse Direction: 
-0.997527 -0.0645323 -0.0278634
0.0645574 -0.997914 4.01049e-08
-0.0278053 -0.00179875 0.999612

  PixelContainer: 
    ImportImageContainer (0x41c46f0)
      RTTI typeinfo:   itk::ImportImageContainer<unsigned long, double>
      Reference Count: 1
      Modified Time: 1601
      Debug: Off
      Object Name: 
      Observers: 
        none
      Pointer: 0x14fcb7b9f010
      Container manages memory: true
      Size: 9830400
      Capacity: 9830400

     Weighting = 1
     Sampling strategy = none
     Number of bins = 32
     Radius = 4
     Sampling percentage  = 1
   Transform = SyN
     Gradient step = 0.1
     Update field sigma (voxel space) = 3
     Total field sigma (voxel space) = 0
     Update field time sigma = 0
     Total field time sigma  = 0
     Number of time indices = 0
     Number of time point samples = 0
Registration using 1 total stages.

Stage 0
  iterations = 100x70x50x20
  convergence threshold = 1e-06
  convergence window size = 10
  number of levels = 4
  using the CC metric (radius = 4, weight = 1, use gradient filter = 0)
  preprocessing:  winsorizing the image intensities
  Shrink factors (level 1 out of 4): [8, 8, 8]
  Shrink factors (level 2 out of 4): [4, 4, 4]
  Shrink factors (level 3 out of 4): [2, 2, 2]
  Shrink factors (level 4 out of 4): [1, 1, 1]
  smoothing sigmas per level: [3, 2, 1, 0]
  Using default NONE metricSamplingStrategy 

*** Running SyN registration (varianceForUpdateField = 3, varianceForTotalField = 0) ***

XXDIAGNOSTIC,Iteration,metricValue,convergenceValue,ITERATION_TIME_INDEX,SINCE_LAST
 1DIAGNOSTIC,     1, -8.286656001281e-01, 1.797693134862e+308, 1.3823e+00, 1.3823e+00, 
 1DIAGNOSTIC,     2, -8.451336814936e-01, 1.797693134862e+308, 1.7371e+00, 3.5480e-01, 
 1DIAGNOSTIC,     3, -8.606787615324e-01, 1.797693134862e+308, 2.0791e+00, 3.4207e-01, 
 1DIAGNOSTIC,     4, -8.747397926093e-01, 1.797693134862e+308, 2.4174e+00, 3.3825e-01, 
 1DIAGNOSTIC,     5, -8.840806079466e-01, 1.797693134862e+308, 2.7625e+00, 3.4512e-01, 
 1DIAGNOSTIC,     6, -8.923983335005e-01, 1.797693134862e+308, 3.1200e+00, 3.5750e-01, 
 1DIAGNOSTIC,     7, -8.976262318047e-01, 1.797693134862e+308, 3.5402e+00, 4.2017e-01, 
