
##########################
# Experiment information #
##########################

EXPERIMENT_NAME: antsRegistration-r7-p7
VFC_BACKENDS: libinterflop_vprec.so --range-binary32=7 --precision-binary32=7 --range-binary64=7 --precision-binary64=7

SIF_IMG: /home/mdugre/projects/rrg-glatard/mdugre/containers/ants-vprec-no_metrics.simg

SUBJECT_ID: s035
INPUT_IMG: /home/mdugre/scratch/mri-registration-rp/datasets/ds004513/derivatives/mri-registration-rp/antsBrainExtraction/sub-s035/BrainExtractionBrain.nii.gz
OUTPUT_DIR: /home/mdugre/scratch/mri-registration-rp/datasets/ds004513/derivatives/mri-registration-rp/0100/antsRegistration-r7-p7/sub-s035

FIXED_IMG: /templateflow/tpl-MNI152NLin2009cAsym/tpl-MNI152NLin2009cAsym_res-01_desc-brain_T1w.nii.gz
DATA_DIR: /home/mdugre/scratch/mri-registration-rp/datasets/ds004513
TEMPLATEFLOW_DIR: /home/mdugre/projects/rrg-glatard/mdugre/templateflow
ITK_GLOBAL_DEFAULT_NUMBER_OF_THREADS: 16
##########################

Info [verificarlo]: loaded backend libinterflop_ieee.so
Info [interflop-ieee]: load backend with:
Info [interflop-ieee]: debug = false
Info [interflop-ieee]: debug-binary = false
Info [interflop-ieee]: no-backend-name = false
Info [interflop-ieee]: print-new-line = false
Info [interflop-ieee]: print-subnormal-normalized = false
Info [interflop-ieee]: count-op = false
All_Command_lines_OK
Using double precision for computations.
=============================================================================
The composite transform comprises the following transforms (in order): 
  1. Center of mass alignment using fixed image: /templateflow/tpl-MNI152NLin2009cAsym/tpl-MNI152NLin2009cAsym_res-01_desc-brain_T1w.nii.gz and moving image: /home/mdugre/scratch/mri-registration-rp/datasets/ds004513/derivatives/mri-registration-rp/antsBrainExtraction/sub-s035/BrainExtractionBrain.nii.gz (type = Euler3DTransform)
=============================================================================
  number of levels = 1
  fixed image: /templateflow/tpl-MNI152NLin2009cAsym/tpl-MNI152NLin2009cAsym_res-01_desc-brain_T1w.nii.gz
  moving image: /home/mdugre/scratch/mri-registration-rp/datasets/ds004513/derivatives/mri-registration-rp/antsBrainExtraction/sub-s035/BrainExtractionBrain.nii.gz
Dimension = 3
Number of stages = 1
Use histogram matching = false
Winsorize image intensities = true
  Lower quantile = 0.005
  Upper quantile = 0.995


Stage 1 State
   Image metric = MattesMI
     Fixed image = Image (0x5197bd0)
  RTTI typeinfo:   itk::Image<double, 3u>
  Reference Count: 2
  Modified Time: 2330
  Debug: Off
  Object Name: 
  Observers: 
    none
  Source: (none)
  Source output name: (none)
  Release Data: Off
  Data Released: False
  Global Release Data: Off
  PipelineMTime: 0
  UpdateMTime: 1941
  RealTimeStamp: 0 seconds 
  LargestPossibleRegion: 
    Dimension: 3
    Index: [0, 0, 0]
    Size: [193, 229, 193]
  BufferedRegion: 
    Dimension: 3
    Index: [0, 0, 0]
    Size: [193, 229, 193]
  RequestedRegion: 
    Dimension: 3
    Index: [0, 0, 0]
    Size: [193, 229, 193]
  Spacing: [1, 1, 1]
  Origin: [96, 132, -78]
  Direction: 
-1 0 0
0 -1 0
0 0 1

  IndexToPointMatrix: 
-1 0 0
0 -1 0
0 0 1

  PointToIndexMatrix: 
-1 0 0
0 -1 0
0 0 1

  Inverse Direction: 
-1 0 0
0 -1 0
0 0 1

  PixelContainer: 
    ImportImageContainer (0x51a09e0)
      RTTI typeinfo:   itk::ImportImageContainer<unsigned long, double>
      Reference Count: 1
      Modified Time: 1938
      Debug: Off
      Object Name: 
      Observers: 
        none
      Pointer: 0x15469ed2f010
      Container manages memory: true
      Size: 8530021
      Capacity: 8530021

     Moving image = Image (0x51a1d40)
  RTTI typeinfo:   itk::Image<double, 3u>
  Reference Count: 2
  Modified Time: 2331
  Debug: Off
  Object Name: 
  Observers: 
    none
  Source: (none)
  Source output name: (none)
  Release Data: Off
  Data Released: False
  Global Release Data: Off
  PipelineMTime: 0
  UpdateMTime: 2328
  RealTimeStamp: 0 seconds 
  LargestPossibleRegion: 
    Dimension: 3
    Index: [0, 0, 0]
    Size: [160, 240, 256]
  BufferedRegion: 
    Dimension: 3
    Index: [0, 0, 0]
    Size: [160, 240, 256]
  RequestedRegion: 
    Dimension: 3
    Index: [0, 0, 0]
    Size: [160, 240, 256]
  Spacing: [1, 1, 1]
  Origin: [98.6438, 87.6358, -117.989]
  Direction: 
-0.993515 -0.100993 -0.0522355
0.100854 -0.994887 0.00530255
-0.0525039 1.93537e-08 0.998621

  IndexToPointMatrix: 
-0.993515 -0.100993 -0.0522355
0.100854 -0.994887 0.00530255
-0.0525039 1.93537e-08 0.998621

  PointToIndexMatrix: 
-0.993515 0.100854 -0.0525039
-0.100993 -0.994887 1.93006e-08
-0.0522355 0.00530255 0.998621

  Inverse Direction: 
-0.993515 0.100854 -0.0525039
-0.100993 -0.994887 1.93006e-08
-0.0522355 0.00530255 0.998621

  PixelContainer: 
    ImportImageContainer (0x51c7850)
      RTTI typeinfo:   itk::ImportImageContainer<unsigned long, double>
      Reference Count: 1
      Modified Time: 2325
      Debug: Off
      Object Name: 
      Observers: 
        none
      Pointer: 0x15469a22e010
      Container manages memory: true
      Size: 9830400
      Capacity: 9830400

     Weighting = 1
     Sampling strategy = regular
     Number of bins = 32
     Radius = 4
     Sampling percentage  = 0.25
   Transform = Rigid
     Gradient step = 0.1
     Update field sigma (voxel space) = 0
     Total field sigma (voxel space) = 0
     Update field time sigma = 0
     Total field time sigma  = 0
     Number of time indices = 0
     Number of time point samples = 0
Registration using 1 total stages.

Stage 0
  iterations = 0
  convergence threshold = 1e-06
  convergence window size = 10
  number of levels = 1
  using the Mattes MI metric (number of bins = 32, weight = 1, use gradient filter = 0)
  preprocessing:  winsorizing the image intensities
  Shrink factors (level 1 out of 1): [1, 1, 1]
  smoothing sigmas per level: [0]
  regular sampling (percentage = 0.25)

*** Running Euler3DTransform registration ***

  Elapsed time (stage 0): 1.07083


Total elapsed time: 1.07331
Info [verificarlo]: loaded backend libinterflop_vprec.so
Info [interflop-vprec]: load backend with: 
Info [interflop-vprec]: precision-binary32 = 7
Info [interflop-vprec]: range-binary32 = 7
Info [interflop-vprec]: precision-binary64 = 7
Info [interflop-vprec]: range-binary64 = 7
Info [interflop-vprec]: mode = ob
Info [interflop-vprec]: error-mode = rel
Info [interflop-vprec]: max-abs-error-exponent = -1022
Info [interflop-vprec]: daz = false
Info [interflop-vprec]: ftz = false
Info [interflop-vprec]: 	instrument = none
Info [interflop-vprec]: 	prec-input-file = (null)
Info [interflop-vprec]: 	prec-output-file = (null)
Info [interflop-vprec]: 	prec-log-file = (null)
All_Command_lines_OK
Using double precision for computations.
=============================================================================
The composite transform comprises the following transforms (in order): 
  1. /home/mdugre/scratch/mri-registration-rp/datasets/ds004513/derivatives/mri-registration-rp/0100/antsRegistration-r7-p7/sub-s035/align_Composite.h5[0] (type = Euler3DTransform)
  2. /home/mdugre/scratch/mri-registration-rp/datasets/ds004513/derivatives/mri-registration-rp/0100/antsRegistration-r7-p7/sub-s035/align_Composite.h5[1] (type = Euler3DTransform)
=============================================================================
  number of levels = 4
  fixed image: /templateflow/tpl-MNI152NLin2009cAsym/tpl-MNI152NLin2009cAsym_res-01_desc-brain_T1w.nii.gz
  moving image: /home/mdugre/scratch/mri-registration-rp/datasets/ds004513/derivatives/mri-registration-rp/antsBrainExtraction/sub-s035/BrainExtractionBrain.nii.gz
Dimension = 3
Number of stages = 1
Use histogram matching = false
Winsorize image intensities = true
  Lower quantile = 0.005
  Upper quantile = 0.995


Stage 1 State
   Image metric = MattesMI
     Fixed image = Image (0x4ac61e0)
  RTTI typeinfo:   itk::Image<double, 3u>
  Reference Count: 2
  Modified Time: 1578
  Debug: Off
  Object Name: 
  Observers: 
    none
  Source: (none)
  Source output name: (none)
  Release Data: Off
  Data Released: False
  Global Release Data: Off
  PipelineMTime: 0
  UpdateMTime: 1189
  RealTimeStamp: 0 seconds 
  LargestPossibleRegion: 
    Dimension: 3
    Index: [0, 0, 0]
    Size: [193, 229, 193]
  BufferedRegion: 
    Dimension: 3
    Index: [0, 0, 0]
    Size: [193, 229, 193]
  RequestedRegion: 
    Dimension: 3
    Index: [0, 0, 0]
    Size: [193, 229, 193]
  Spacing: [1, 1, 1]
  Origin: [96, 132, -78]
  Direction: 
-1 0 0
0 -1 0
0 0 1

  IndexToPointMatrix: 
-1 0 0
0 -1 0
0 0 1

  PointToIndexMatrix: 
-1 0 0
0 -1 0
0 0 1

  Inverse Direction: 
-1 0 0
0 -1 0
0 0 1

  PixelContainer: 
    ImportImageContainer (0x4b85680)
      RTTI typeinfo:   itk::ImportImageContainer<unsigned long, double>
      Reference Count: 1
      Modified Time: 1186
      Debug: Off
      Object Name: 
      Observers: 
        none
      Pointer: 0x14c30f80b010
      Container manages memory: true
      Size: 8530021
      Capacity: 8530021

     Moving image = Image (0x4b81b20)
  RTTI typeinfo:   itk::Image<double, 3u>
  Reference Count: 2
  Modified Time: 1579
  Debug: Off
  Object Name: 
  Observers: 
    none
  Source: (none)
  Source output name: (none)
  Release Data: Off
  Data Released: False
  Global Release Data: Off
  PipelineMTime: 0
  UpdateMTime: 1576
  RealTimeStamp: 0 seconds 
  LargestPossibleRegion: 
    Dimension: 3
    Index: [0, 0, 0]
    Size: [160, 240, 256]
  BufferedRegion: 
    Dimension: 3
    Index: [0, 0, 0]
    Size: [160, 240, 256]
  RequestedRegion: 
    Dimension: 3
    Index: [0, 0, 0]
    Size: [160, 240, 256]
  Spacing: [1, 1, 1]
  Origin: [98.5, 87.5, -118]
  Direction: 
-0.992188 -0.101074 -0.0522461
0.101074 -0.992188 0.00531006
-0.0527344 0 1

  IndexToPointMatrix: 
-0.992188 -0.101074 -0.0522461
0.101074 -0.992188 0.00531006
-0.0527344 0 1

  PointToIndexMatrix: 
-1.00781 0.103027 -0.0537109
-0.103027 -1 -0.00273132
-0.0532227 0.00271606 1

  Inverse Direction: 
-1.00781 0.103027 -0.0537109
-0.103027 -1 -0.00273132
-0.0532227 0.00271606 1

  PixelContainer: 
    ImportImageContainer (0x4bead50)
      RTTI typeinfo:   itk::ImportImageContainer<unsigned long, double>
      Reference Count: 1
      Modified Time: 1573
      Debug: Off
      Object Name: 
      Observers: 
        none
      Pointer: 0x14c30ad0a010
      Container manages memory: true
      Size: 9830400
      Capacity: 9830400

     Weighting = 1
     Sampling strategy = regular
     Number of bins = 32
     Radius = 4
     Sampling percentage  = 0.25
   Transform = Rigid
     Gradient step = 0.1
     Update field sigma (voxel space) = 0
     Total field sigma (voxel space) = 0
     Update field time sigma = 0
     Total field time sigma  = 0
     Number of time indices = 0
     Number of time point samples = 0
Registration using 1 total stages.

Stage 0
  iterations = 1000x500x250x100
  convergence threshold = 1e-06
  convergence window size = 10
  number of levels = 4
  using the Mattes MI metric (number of bins = 32, weight = 1, use gradient filter = 0)
  preprocessing:  winsorizing the image intensities
  Shrink factors (level 1 out of 4): [8, 8, 8]
  Shrink factors (level 2 out of 4): [4, 4, 4]
  Shrink factors (level 3 out of 4): [2, 2, 2]
  Shrink factors (level 4 out of 4): [1, 1, 1]
  smoothing sigmas per level: [3, 2, 1, 0]
  regular sampling (percentage = 0.25)

*** Running Euler3DTransform registration ***

DIAGNOSTIC,Iteration,metricValue,convergenceValue,ITERATION_TIME_INDEX,SINCE_LAST
 2DIAGNOSTIC,     1, -5.341064184483e-01, 1.797693134862e+308, 0.0000e+00, 0.0000e+00, 
 2DIAGNOSTIC,     2, -5.341543457385e-01, 1.797693134862e+308, 0.0000e+00, 0.0000e+00, 
 2DIAGNOSTIC,     3, -5.339542036584e-01, 1.797693134862e+308, 0.0000e+00, 0.0000e+00, 
 2DIAGNOSTIC,     4, -5.335218109319e-01, 1.797693134862e+308, 0.0000e+00, 0.0000e+00, 
 2DIAGNOSTIC,     5, -5.335087737789e-01, 1.797693134862e+308, 0.0000e+00, 0.0000e+00, 
 2DIAGNOSTIC,     6, -5.334561155368e-01, 1.797693134862e+308, 0.0000e+00, 0.0000e+00, 
 2DIAGNOSTIC,     7, -5.334561150082e-01, 1.797693134862e+308, 0.0000e+00, 0.0000e+00, 
 2DIAGNOSTIC,     8, -5.334240431493e-01, 1.797693134862e+308, 0.0000e+00, 0.0000e+00, 
 2DIAGNOSTIC,     9, -5.334240429757e-01, 1.797693134862e+308, 0.0000e+00, 0.0000e+00, 
DIAGNOSTIC,Iteration,metricValue,convergenceValue,ITERATION_TIME_INDEX,SINCE_LAST
 2DIAGNOSTIC,     1, -4.288514134988e-01, 1.797693134862e+308, 0.0000e+00, 0.0000e+00, 
 2DIAGNOSTIC,     2, -4.291127402036e-01, 1.797693134862e+308, 0.0000e+00, 0.0000e+00, 
 2DIAGNOSTIC,     3, -4.291256050616e-01, 1.797693134862e+308, 0.0000e+00, 0.0000e+00, 
 2DIAGNOSTIC,     4, -4.292340070947e-01, 1.797693134862e+308, 0.0000e+00, 0.0000e+00, 
 2DIAGNOSTIC,     5, -4.293270455343e-01, 1.797693134862e+308, 0.0000e+00, 0.0000e+00, 
 2DIAGNOSTIC,     6, -4.303514565755e-01, 1.797693134862e+308, 0.0000e+00, 0.0000e+00, 
 2DIAGNOSTIC,     7, -4.315765255545e-01, 1.797693134862e+308, 0.0000e+00, 0.0000e+00, 
 2DIAGNOSTIC,     8, -4.324348122602e-01, 1.797693134862e+308, 0.0000e+00, 0.0000e+00, 
 2DIAGNOSTIC,     9, -4.326379762595e-01, 1.797693134862e+308, 0.0000e+00, 0.0000e+00, 
 2DIAGNOSTIC,    10, -4.326422015183e-01, 6.895762586118e-04, 0.0000e+00, 0.0000e+00, 
 2DIAGNOSTIC,    11, -4.326292982608e-01, 6.371030625926e-04, 0.0000e+00, 0.0000e+00, 
 2DIAGNOSTIC,    12, -4.324728573404e-01, 5.409129143468e-04, 0.0000e+00, 0.0000e+00, 
 2DIAGNOSTIC,    13, -4.330795242174e-01, 4.421088056290e-04, 0.0000e+00, 0.0000e+00, 
 2DIAGNOSTIC,    14, -4.335315172883e-01, 3.438063910156e-04, 0.0000e+00, 0.0000e+00, 
 2DIAGNOSTIC,    15, -4.343743374167e-01, 2.678494793772e-04, 0.0000e+00, 0.0000e+00, 
 2DIAGNOSTIC,    16, -4.345252892349e-01, 2.240847772609e-04, 0.0000e+00, 0.0000e+00, 
 2DIAGNOSTIC,    17, -4.351902575289e-01, 2.375122832537e-04, 0.0000e+00, 0.0000e+00, 
 2DIAGNOSTIC,    18, -4.353558069686e-01, 2.642801369087e-04, 0.0000e+00, 0.0000e+00, 
 2DIAGNOSTIC,    19, -4.353438463709e-01, 2.698594463446e-04, 0.0000e+00, 0.0000e+00, 
 2DIAGNOSTIC,    20, -4.353438459410e-01, 2.502620708885e-04, 0.0000e+00, 0.0000e+00, 
 2DIAGNOSTIC,    21, -4.353438475929e-01, 2.091091954104e-04, 0.0000e+00, 0.0000e+00, 
 2DIAGNOSTIC,    22, -4.353438475929e-01, 1.473277590129e-04, 0.0000e+00, 0.0000e+00, 
 2DIAGNOSTIC,    23, -4.353297332910e-01, 9.384578537364e-05, 0.0000e+00, 0.0000e+00, 
 2DIAGNOSTIC,    24, -4.353296998102e-01, 4.813012560045e-05, 0.0000e+00, 0.0000e+00, 
 2DIAGNOSTIC,    25, -4.353274199355e-01, 2.375523439097e-05, 0.0000e+00, 0.0000e+00, 
 2DIAGNOSTIC,    26, -4.353274207309e-01, 2.414954335603e-06, 0.0000e+00, 0.0000e+00, 
DIAGNOSTIC,Iteration,metricValue,convergenceValue,ITERATION_TIME_INDEX,SINCE_LAST
 2DIAGNOSTIC,     1, -3.876143221822e-01, 1.797693134862e+308, 0.0000e+00, 0.0000e+00, 
 2DIAGNOSTIC,     2, -3.876378311328e-01, 1.797693134862e+308, 0.0000e+00, 0.0000e+00, 
 2DIAGNOSTIC,     3, -3.876582792003e-01, 1.797693134862e+308, 0.0000e+00, 0.0000e+00, 
 2DIAGNOSTIC,     4, -3.876591425717e-01, 1.797693134862e+308, 0.0000e+00, 0.0000e+00, 
 2DIAGNOSTIC,     5, -3.876951453353e-01, 1.797693134862e+308, 0.0000e+00, 0.0000e+00, 
 2DIAGNOSTIC,     6, -3.877043602905e-01, 1.797693134862e+308, 0.0000e+00, 0.0000e+00, 
 2DIAGNOSTIC,     7, -3.879270215351e-01, 1.797693134862e+308, 0.0000e+00, 0.0000e+00, 
 2DIAGNOSTIC,     8, -3.883076582245e-01, 1.797693134862e+308, 0.0000e+00, 0.0000e+00, 
 2DIAGNOSTIC,     9, -3.888342046342e-01, 1.797693134862e+308, 0.0000e+00, 0.0000e+00, 
 2DIAGNOSTIC,    10, -3.891172531563e-01, 2.291315037227e-04, 0.0000e+00, 0.0000e+00, 
 2DIAGNOSTIC,    11, -3.896364620731e-01, 2.939885792994e-04, 0.0000e+00, 0.0000e+00, 
 2DIAGNOSTIC,    12, -3.923209334201e-01, 4.859020798452e-04, 0.0000e+00, 0.0000e+00, 
 2DIAGNOSTIC,    13, -3.934365913041e-01, 6.638204982564e-04, 0.0000e+00, 0.0000e+00, 
 2DIAGNOSTIC,    14, -3.930985216597e-01, 7.381631031749e-04, 0.0000e+00, 0.0000e+00, 
 2DIAGNOSTIC,    15, -3.939025909233e-01, 7.791051620691e-04, 0.0000e+00, 0.0000e+00, 
 2DIAGNOSTIC,    16, -3.948725331390e-01, 7.868040786772e-04, 0.0000e+00, 0.0000e+00, 
 2DIAGNOSTIC,    17, -3.974453482326e-01, 8.376183964770e-04, 0.0000e+00, 0.0000e+00, 
 2DIAGNOSTIC,    18, -4.015074469083e-01, 9.810235522187e-04, 0.0000e+00, 0.0000e+00, 
 2DIAGNOSTIC,    19, -4.084164904861e-01, 1.299547016778e-03, 0.0000e+00, 0.0000e+00, 
 2DIAGNOSTIC,    20, -4.190169511927e-01, 1.852335069172e-03, 0.0000e+00, 0.0000e+00, 
 2DIAGNOSTIC,    21, -4.401371771530e-01, 2.902812846746e-03, 0.0000e+00, 0.0000e+00, 
 2DIAGNOSTIC,    22, -4.668818263624e-01, 4.505559771100e-03, 0.0000e+00, 0.0000e+00, 
 2DIAGNOSTIC,    23, -4.819548555193e-01, 6.003057420923e-03, 0.0000e+00, 0.0000e+00, 
 2DIAGNOSTIC,    24, -4.840099202748e-01, 6.845268567660e-03, 0.0000e+00, 0.0000e+00, 
 2DIAGNOSTIC,    25, -4.866603784352e-01, 7.072983118145e-03, 0.0000e+00, 0.0000e+00, 
 2DIAGNOSTIC,    26, -4.865965009590e-01, 6.638453266394e-03, 0.0000e+00, 0.0000e+00, 
 2DIAGNOSTIC,    27, -4.865860043104e-01, 5.676487787167e-03, 0.0000e+00, 0.0000e+00, 
 2DIAGNOSTIC,    28, -4.866222472577e-01, 4.361253303620e-03, 0.0000e+00, 0.0000e+00, 
 2DIAGNOSTIC,    29, -4.866222472577e-01, 2.908691496836e-03, 0.0000e+00, 0.0000e+00, 
 2DIAGNOSTIC,    30, -4.866222472577e-01, 1.530146422518e-03, 0.0000e+00, 0.0000e+00, 
 2DIAGNOSTIC,    31, -4.866222472577e-01, 5.536828969636e-04, 0.0000e+00, 0.0000e+00, 
 2DIAGNOSTIC,    32, -4.866222472577e-01, 1.446263328693e-04, 0.0000e+00, 0.0000e+00, 
 2DIAGNOSTIC,    33, -4.866222472577e-01, 5.255868746407e-05, 0.0000e+00, 0.0000e+00, 
DIAGNOSTIC,Iteration,metricValue,convergenceValue,ITERATION_TIME_INDEX,SINCE_LAST
 2DIAGNOSTIC,     1, -4.474430389998e-01, 1.797693134862e+308, 0.0000e+00, 0.0000e+00, 
 2DIAGNOSTIC,     2, -4.474818537159e-01, 1.797693134862e+308, 0.0000e+00, 0.0000e+00, 
 2DIAGNOSTIC,     3, -4.476213892739e-01, 1.797693134862e+308, 0.0000e+00, 0.0000e+00, 
 2DIAGNOSTIC,     4, -4.476213892739e-01, 1.797693134862e+308, 0.0000e+00, 0.0000e+00, 
 2DIAGNOSTIC,     5, -4.476213892739e-01, 1.797693134862e+308, 0.0000e+00, 0.0000e+00, 
 2DIAGNOSTIC,     6, -4.476213892739e-01, 1.797693134862e+308, 0.0000e+00, 0.0000e+00, 
 2DIAGNOSTIC,     7, -4.476213892739e-01, 1.797693134862e+308, 0.0000e+00, 0.0000e+00, 
 2DIAGNOSTIC,     8, -4.476213892739e-01, 1.797693134862e+308, 0.0000e+00, 0.0000e+00, 
 2DIAGNOSTIC,     9, -4.476213892739e-01, 1.797693134862e+308, 0.0000e+00, 0.0000e+00, 
 2DIAGNOSTIC,    10, -4.476213892739e-01, 1.905434534387e-05, 0.0000e+00, 0.0000e+00, 
 2DIAGNOSTIC,    11, -4.476213892739e-01, 8.044103296856e-06, 0.0000e+00, 0.0000e+00, 
  Elapsed time (stage 0): 0.0000e+00


Total elapsed time: 0.0000e+00
Info [verificarlo]: loaded backend libinterflop_ieee.so
Info [interflop-ieee]: load backend with:
Info [interflop-ieee]: debug = false
Info [interflop-ieee]: debug-binary = false
Info [interflop-ieee]: no-backend-name = false
Info [interflop-ieee]: print-new-line = false
Info [interflop-ieee]: print-subnormal-normalized = false
Info [interflop-ieee]: count-op = false
All_Command_lines_OK
Using double precision for computations.
=============================================================================
The composite transform comprises the following transforms (in order): 
  1. /home/mdugre/scratch/mri-registration-rp/datasets/ds004513/derivatives/mri-registration-rp/0100/antsRegistration-r7-p7/sub-s035/rigid_Composite.h5[0] (type = Euler3DTransform)
  2. /home/mdugre/scratch/mri-registration-rp/datasets/ds004513/derivatives/mri-registration-rp/0100/antsRegistration-r7-p7/sub-s035/rigid_Composite.h5[1] (type = Euler3DTransform)
  3. /home/mdugre/scratch/mri-registration-rp/datasets/ds004513/derivatives/mri-registration-rp/0100/antsRegistration-r7-p7/sub-s035/rigid_Composite.h5[2] (type = Euler3DTransform)
=============================================================================
  number of levels = 4
  fixed image: /templateflow/tpl-MNI152NLin2009cAsym/tpl-MNI152NLin2009cAsym_res-01_desc-brain_T1w.nii.gz
  moving image: /home/mdugre/scratch/mri-registration-rp/datasets/ds004513/derivatives/mri-registration-rp/antsBrainExtraction/sub-s035/BrainExtractionBrain.nii.gz
Dimension = 3
Number of stages = 1
Use histogram matching = false
Winsorize image intensities = true
  Lower quantile = 0.005
  Upper quantile = 0.995


Stage 1 State
   Image metric = MattesMI
     Fixed image = Image (0x474d530)
  RTTI typeinfo:   itk::Image<double, 3u>
  Reference Count: 2
  Modified Time: 1592
  Debug: Off
  Object Name: 
  Observers: 
    none
  Source: (none)
  Source output name: (none)
  Release Data: Off
  Data Released: False
  Global Release Data: Off
  PipelineMTime: 0
  UpdateMTime: 1203
  RealTimeStamp: 0 seconds 
  LargestPossibleRegion: 
    Dimension: 3
    Index: [0, 0, 0]
    Size: [193, 229, 193]
  BufferedRegion: 
    Dimension: 3
    Index: [0, 0, 0]
    Size: [193, 229, 193]
  RequestedRegion: 
    Dimension: 3
    Index: [0, 0, 0]
    Size: [193, 229, 193]
  Spacing: [1, 1, 1]
  Origin: [96, 132, -78]
  Direction: 
-1 0 0
0 -1 0
0 0 1

  IndexToPointMatrix: 
-1 0 0
0 -1 0
0 0 1

  PointToIndexMatrix: 
-1 0 0
0 -1 0
0 0 1

  Inverse Direction: 
-1 0 0
0 -1 0
0 0 1

  PixelContainer: 
    ImportImageContainer (0x475a2b0)
      RTTI typeinfo:   itk::ImportImageContainer<unsigned long, double>
      Reference Count: 1
      Modified Time: 1200
      Debug: Off
      Object Name: 
      Observers: 
        none
      Pointer: 0x14c9c3bb8010
      Container manages memory: true
      Size: 8530021
      Capacity: 8530021

     Moving image = Image (0x4808fd0)
  RTTI typeinfo:   itk::Image<double, 3u>
  Reference Count: 2
  Modified Time: 1593
  Debug: Off
  Object Name: 
  Observers: 
    none
  Source: (none)
  Source output name: (none)
  Release Data: Off
  Data Released: False
  Global Release Data: Off
  PipelineMTime: 0
  UpdateMTime: 1590
  RealTimeStamp: 0 seconds 
  LargestPossibleRegion: 
    Dimension: 3
    Index: [0, 0, 0]
    Size: [160, 240, 256]
  BufferedRegion: 
    Dimension: 3
    Index: [0, 0, 0]
    Size: [160, 240, 256]
  RequestedRegion: 
    Dimension: 3
    Index: [0, 0, 0]
    Size: [160, 240, 256]
  Spacing: [1, 1, 1]
  Origin: [98.6438, 87.6358, -117.989]
  Direction: 
-0.993515 -0.100993 -0.0522355
0.100854 -0.994887 0.00530255
-0.0525039 1.93537e-08 0.998621

  IndexToPointMatrix: 
-0.993515 -0.100993 -0.0522355
0.100854 -0.994887 0.00530255
-0.0525039 1.93537e-08 0.998621

  PointToIndexMatrix: 
-0.993515 0.100854 -0.0525039
-0.100993 -0.994887 1.93006e-08
-0.0522355 0.00530255 0.998621

  Inverse Direction: 
-0.993515 0.100854 -0.0525039
-0.100993 -0.994887 1.93006e-08
-0.0522355 0.00530255 0.998621

  PixelContainer: 
    ImportImageContainer (0x4820990)
      RTTI typeinfo:   itk::ImportImageContainer<unsigned long, double>
      Reference Count: 1
      Modified Time: 1587
      Debug: Off
      Object Name: 
      Observers: 
        none
      Pointer: 0x14c9bf0b7010
      Container manages memory: true
      Size: 9830400
      Capacity: 9830400

     Weighting = 1
     Sampling strategy = regular
     Number of bins = 32
     Radius = 4
     Sampling percentage  = 0.25
   Transform = Affine
     Gradient step = 0.1
     Update field sigma (voxel space) = 0
     Total field sigma (voxel space) = 0
     Update field time sigma = 0
     Total field time sigma  = 0
     Number of time indices = 0
     Number of time point samples = 0
Registration using 1 total stages.

Stage 0
  iterations = 1000x500x250x100
  convergence threshold = 1e-06
  convergence window size = 10
  number of levels = 4
  using the Mattes MI metric (number of bins = 32, weight = 1, use gradient filter = 0)
  preprocessing:  winsorizing the image intensities
  Shrink factors (level 1 out of 4): [8, 8, 8]
  Shrink factors (level 2 out of 4): [4, 4, 4]
  Shrink factors (level 3 out of 4): [2, 2, 2]
  Shrink factors (level 4 out of 4): [1, 1, 1]
  smoothing sigmas per level: [3, 2, 1, 0]
  regular sampling (percentage = 0.25)

*** Running AffineTransform registration ***

DIAGNOSTIC,Iteration,metricValue,convergenceValue,ITERATION_TIME_INDEX,SINCE_LAST
 2DIAGNOSTIC,     1, -6.723305539227e-01, 1.797693134862e+308, 7.4505e-01, 7.4505e-01, 
 2DIAGNOSTIC,     2, -6.744521396054e-01, 1.797693134862e+308, 7.4969e-01, 4.6310e-03, 
 2DIAGNOSTIC,     3, -6.778617398052e-01, 1.797693134862e+308, 7.5463e-01, 4.9479e-03, 
 2DIAGNOSTIC,     4, -6.827074525020e-01, 1.797693134862e+308, 7.5947e-01, 4.8349e-03, 
 2DIAGNOSTIC,     5, -6.903436530027e-01, 1.797693134862e+308, 7.6403e-01, 4.5600e-03, 
 2DIAGNOSTIC,     6, -7.015496870740e-01, 1.797693134862e+308, 7.6858e-01, 4.5521e-03, 
 2DIAGNOSTIC,     7, -7.259581856175e-01, 1.797693134862e+308, 7.7326e-01, 4.6799e-03, 
 2DIAGNOSTIC,     8, -7.325898767708e-01, 1.797693134862e+308, 7.8125e-01, 7.9901e-03, 
 2DIAGNOSTIC,     9, -7.336319179619e-01, 1.797693134862e+308, 7.8642e-01, 5.1711e-03, 
 2DIAGNOSTIC,    10, -7.352338738230e-01, 7.084358760238e-03, 7.9126e-01, 4.8358e-03, 
 2DIAGNOSTIC,    11, -7.372509514724e-01, 6.314987153043e-03, 7.9657e-01, 5.3120e-03, 
 2DIAGNOSTIC,    12, -7.380472143452e-01, 5.198385717002e-03, 8.0129e-01, 4.7169e-03, 
 2DIAGNOSTIC,    13, -7.381100909795e-01, 3.897971219434e-03, 8.0667e-01, 5.3830e-03, 
 2DIAGNOSTIC,    14, -7.385479499683e-01, 2.596204353368e-03, 8.1143e-01, 4.7610e-03, 
 2DIAGNOSTIC,    15, -7.390564800295e-01, 1.454703075198e-03, 8.1772e-01, 6.2912e-03, 
 2DIAGNOSTIC,    16, -7.391250895899e-01, 5.910191231004e-04, 8.2297e-01, 5.2481e-03, 
 2DIAGNOSTIC,    17, -7.391935850187e-01, 3.445432714394e-04, 8.2770e-01, 4.7312e-03, 
 2DIAGNOSTIC,    18, -7.393926811470e-01, 2.452436499769e-04, 8.3295e-01, 5.2509e-03, 
 2DIAGNOSTIC,    19, -7.395638303256e-01, 1.589156085320e-04, 8.3840e-01, 5.4500e-03, 
 2DIAGNOSTIC,    20, -7.395783044678e-01, 9.756480857481e-05, 8.4434e-01, 5.9381e-03, 
 2DIAGNOSTIC,    21, -7.397413425009e-01, 7.391224935257e-05, 8.4972e-01, 5.3771e-03, 
 2DIAGNOSTIC,    22, -7.399829873234e-01, 6.441263640994e-05, 8.5452e-01, 4.8070e-03, 
 2DIAGNOSTIC,    23, -7.399892891057e-01, 5.081434208326e-05, 8.5989e-01, 5.3699e-03, 
 2DIAGNOSTIC,    24, -7.399846156011e-01, 4.065530076175e-05, 8.6630e-01, 6.4032e-03, 
 2DIAGNOSTIC,    25, -7.399212730046e-01, 3.469879334110e-05, 8.7166e-01, 5.3658e-03, 
 2DIAGNOSTIC,    26, -7.393878584907e-01, 1.908603087180e-05, 8.7690e-01, 5.2390e-03, 
 2DIAGNOSTIC,    27, -7.392085826619e-01, 1.457108259981e-06, 8.8169e-01, 4.7860e-03, 
DIAGNOSTIC,Iteration,metricValue,convergenceValue,ITERATION_TIME_INDEX,SINCE_LAST
 2DIAGNOSTIC,     1, -6.122461355611e-01, 1.797693134862e+308, 1.5621e+00, 6.8044e-01, 
 2DIAGNOSTIC,     2, -6.122779110058e-01, 1.797693134862e+308, 1.5983e+00, 3.6194e-02, 
 2DIAGNOSTIC,     3, -6.122507906324e-01, 1.797693134862e+308, 1.6394e+00, 4.1077e-02, 
 2DIAGNOSTIC,     4, -6.122733802885e-01, 1.797693134862e+308, 1.6828e+00, 4.3394e-02, 
 2DIAGNOSTIC,     5, -6.122738473364e-01, 1.797693134862e+308, 1.7203e+00, 3.7483e-02, 
 2DIAGNOSTIC,     6, -6.122730898350e-01, 1.797693134862e+308, 1.7540e+00, 3.3699e-02, 
 2DIAGNOSTIC,     7, -6.122686718069e-01, 1.797693134862e+308, 1.7877e+00, 3.3755e-02, 
 2DIAGNOSTIC,     8, -6.122647363319e-01, 1.797693134862e+308, 1.8249e+00, 3.7157e-02, 
 2DIAGNOSTIC,     9, -6.122733808815e-01, 1.797693134862e+308, 1.8626e+00, 3.7753e-02, 
 2DIAGNOSTIC,    10, -6.122753195675e-01, 4.698838667272e-06, 1.9006e+00, 3.7981e-02, 
 2DIAGNOSTIC,    11, -6.122770860885e-01, 3.550947454189e-06, 1.9381e+00, 3.7501e-02, 
 2DIAGNOSTIC,    12, -6.122747021673e-01, 3.721108631560e-06, 1.9722e+00, 3.4081e-02, 
 2DIAGNOSTIC,    13, -6.122676115815e-01, 2.529644535315e-06, 2.0068e+00, 3.4559e-02, 
 2DIAGNOSTIC,    14, -6.122886480345e-01, 2.946336701559e-06, 2.0451e+00, 3.8298e-02, 
 2DIAGNOSTIC,    15, -6.123036746011e-01, 3.697712792572e-06, 2.0827e+00, 3.7687e-02, 
 2DIAGNOSTIC,    16, -6.123118819989e-01, 4.423776084991e-06, 2.1200e+00, 3.7272e-02, 
 2DIAGNOSTIC,    17, -6.123077851501e-01, 4.624033455823e-06, 2.1543e+00, 3.4330e-02, 
 2DIAGNOSTIC,    18, -6.123496601731e-01, 5.534163371491e-06, 2.1915e+00, 3.7136e-02, 
 2DIAGNOSTIC,    19, -6.123759234487e-01, 6.813817271877e-06, 2.2374e+00, 4.5941e-02, 
 2DIAGNOSTIC,    20, -6.123666015054e-01, 7.296331804262e-06, 2.2831e+00, 4.5715e-02, 
 2DIAGNOSTIC,    21, -6.123572189194e-01, 7.064246407340e-06, 2.3243e+00, 4.1192e-02, 
 2DIAGNOSTIC,    22, -6.123441759616e-01, 6.034274191387e-06, 2.3613e+00, 3.6940e-02, 
 2DIAGNOSTIC,    23, -6.123355705174e-01, 4.328255878060e-06, 2.4015e+00, 4.0181e-02, 
 2DIAGNOSTIC,    24, -6.123315266218e-01, 2.797107144729e-06, 2.4413e+00, 3.9849e-02, 
 2DIAGNOSTIC,    25, -6.123451203849e-01, 1.787054153636e-06, 2.4822e+00, 4.0850e-02, 
DIAGNOSTIC,Iteration,metricValue,convergenceValue,ITERATION_TIME_INDEX,SINCE_LAST
 2DIAGNOSTIC,     1, -5.353736928496e-01, 1.797693134862e+308, 3.5692e+00, 1.0870e+00, 
 2DIAGNOSTIC,     2, -5.358191848088e-01, 1.797693134862e+308, 3.8453e+00, 2.7612e-01, 
 2DIAGNOSTIC,     3, -5.362588450810e-01, 1.797693134862e+308, 4.0943e+00, 2.4902e-01, 
 2DIAGNOSTIC,     4, -5.364132810284e-01, 1.797693134862e+308, 4.3762e+00, 2.8185e-01, 
 2DIAGNOSTIC,     5, -5.364329927300e-01, 1.797693134862e+308, 4.7643e+00, 3.8809e-01, 
 2DIAGNOSTIC,     6, -5.364376409485e-01, 1.797693134862e+308, 5.0529e+00, 2.8860e-01, 
 2DIAGNOSTIC,     7, -5.364332967708e-01, 1.797693134862e+308, 5.3970e+00, 3.4418e-01, 
 2DIAGNOSTIC,     8, -5.364315084241e-01, 1.797693134862e+308, 5.6701e+00, 2.7305e-01, 
 2DIAGNOSTIC,     9, -5.364316718860e-01, 1.797693134862e+308, 5.9734e+00, 3.0335e-01, 
 2DIAGNOSTIC,    10, -5.364303232545e-01, 9.450173749587e-05, 6.2581e+00, 2.8463e-01, 
 2DIAGNOSTIC,    11, -5.364294832164e-01, 4.006820756006e-05, 6.5306e+00, 2.7253e-01, 
 2DIAGNOSTIC,    12, -5.364309669106e-01, 1.065936514121e-05, 6.8290e+00, 2.9840e-01, 
 2DIAGNOSTIC,    13, -5.364327468023e-01, 2.879939483197e-06, 7.1165e+00, 2.8754e-01, 
 2DIAGNOSTIC,    14, -5.364323218828e-01, 1.979322949680e-06, 7.4567e+00, 3.4018e-01, 
 2DIAGNOSTIC,    15, -5.364319490523e-01, 1.904171862702e-06, 7.7123e+00, 2.5556e-01, 
 2DIAGNOSTIC,    16, -5.364297049939e-01, 1.943042223562e-06, 7.9850e+00, 2.7274e-01, 
 2DIAGNOSTIC,    17, -5.364292569735e-01, 1.833874594598e-06, 8.2494e+00, 2.6437e-01, 
 2DIAGNOSTIC,    18, -5.364291856358e-01, 1.682952115584e-06, 8.5408e+00, 2.9141e-01, 
 2DIAGNOSTIC,    19, -5.364299984293e-01, 1.583395358488e-06, 8.8372e+00, 2.9641e-01, 
 2DIAGNOSTIC,    20, -5.364286025740e-01, 1.431030225041e-06, 9.1036e+00, 2.6640e-01, 
 2DIAGNOSTIC,    21, -5.364270496869e-01, 1.249229336323e-06, 9.3763e+00, 2.7272e-01, 
 2DIAGNOSTIC,    22, -5.364255021565e-01, 1.107113117835e-06, 9.6929e+00, 3.1657e-01, 
 2DIAGNOSTIC,    23, -5.364236870102e-01, 1.007659100764e-06, 9.9885e+00, 2.9559e-01, 
DIAGNOSTIC,Iteration,metricValue,convergenceValue,ITERATION_TIME_INDEX,SINCE_LAST
 2DIAGNOSTIC,     1, -4.922734972388e-01, 1.797693134862e+308, 1.2911e+01, 2.9229e+00, 
 2DIAGNOSTIC,     2, -4.924040007067e-01, 1.797693134862e+308, 1.4528e+01, 1.6163e+00, 
 2DIAGNOSTIC,     3, -4.924660270106e-01, 1.797693134862e+308, 1.6588e+01, 2.0600e+00, 
 2DIAGNOSTIC,     4, -4.924696517338e-01, 1.797693134862e+308, 1.8477e+01, 1.8888e+00, 
 2DIAGNOSTIC,     5, -4.924679091251e-01, 1.797693134862e+308, 2.0432e+01, 1.9553e+00, 
 2DIAGNOSTIC,     6, -4.924683525728e-01, 1.797693134862e+308, 2.2345e+01, 1.9127e+00, 
 2DIAGNOSTIC,     7, -4.924689824117e-01, 1.797693134862e+308, 2.5542e+01, 3.1971e+00, 
 2DIAGNOSTIC,     8, -4.924690056233e-01, 1.797693134862e+308, 2.7573e+01, 2.0314e+00, 
 2DIAGNOSTIC,     9, -4.924689133653e-01, 1.797693134862e+308, 2.9525e+01, 1.9520e+00, 
 2DIAGNOSTIC,    10, -4.924688210980e-01, 1.783360464233e-05, 3.1264e+01, 1.7391e+00, 
 2DIAGNOSTIC,    11, -4.924686312855e-01, 6.416110582372e-06, 3.2998e+01, 1.7334e+00, 
 2DIAGNOSTIC,    12, -4.924686798975e-01, 2.779240633216e-06, 3.5060e+01, 2.0625e+00, 
 2DIAGNOSTIC,    13, -4.924686134169e-01, 2.435482451379e-06, 3.6830e+01, 1.7694e+00, 
 2DIAGNOSTIC,    14, -4.924685772642e-01, 2.292571490689e-06, 3.8967e+01, 2.1376e+00, 
 2DIAGNOSTIC,    15, -4.924686423074e-01, 2.102270457258e-06, 4.0758e+01, 1.7905e+00, 
 2DIAGNOSTIC,    16, -4.924682469382e-01, 1.938489866127e-06, 4.2794e+01, 2.0369e+00, 
 2DIAGNOSTIC,    17, -4.924681973585e-01, 1.818536344907e-06, 4.5014e+01, 2.2193e+00, 
 2DIAGNOSTIC,    18, -4.924681154381e-01, 1.714808097263e-06, 4.6999e+01, 1.9850e+00, 
 2DIAGNOSTIC,    19, -4.924680262355e-01, 1.621259391224e-06, 4.8760e+01, 1.7617e+00, 
 2DIAGNOSTIC,    20, -4.924679508339e-01, 1.537331658467e-06, 5.0546e+01, 1.7857e+00, 
 2DIAGNOSTIC,    21, -4.924680082857e-01, 1.462814159602e-06, 5.2386e+01, 1.8403e+00, 
 2DIAGNOSTIC,    22, -4.924681059611e-01, 1.403792380679e-06, 5.4611e+01, 2.2247e+00, 
 2DIAGNOSTIC,    23, -4.924679406194e-01, 1.347877692869e-06, 5.6483e+01, 1.8723e+00, 
 2DIAGNOSTIC,    24, -4.924678844443e-01, 1.297737475377e-06, 5.8336e+01, 1.8529e+00, 
 2DIAGNOSTIC,    25, -4.924679770366e-01, 1.258126047746e-06, 6.0174e+01, 1.8376e+00, 
 2DIAGNOSTIC,    26, -4.924680286743e-01, 1.215096800469e-06, 6.2448e+01, 2.2737e+00, 
 2DIAGNOSTIC,    27, -4.924681019387e-01, 1.176498156980e-06, 6.4339e+01, 1.8913e+00, 
 2DIAGNOSTIC,    28, -4.924680067274e-01, 1.137271510278e-06, 6.6457e+01, 2.1176e+00, 
 2DIAGNOSTIC,    29, -4.924679630251e-01, 1.098194982313e-06, 6.8684e+01, 2.2271e+00, 
 2DIAGNOSTIC,    30, -4.924677295429e-01, 1.055594780183e-06, 7.0656e+01, 1.9722e+00, 
 2DIAGNOSTIC,    31, -4.924676813275e-01, 1.016316459101e-06, 7.2762e+01, 2.1062e+00, 
  Elapsed time (stage 0): 7.3938e+01


Total elapsed time: 7.3940e+01
Info [verificarlo]: loaded backend libinterflop_ieee.so
Info [interflop-ieee]: load backend with:
Info [interflop-ieee]: debug = false
Info [interflop-ieee]: debug-binary = false
Info [interflop-ieee]: no-backend-name = false
Info [interflop-ieee]: print-new-line = false
Info [interflop-ieee]: print-subnormal-normalized = false
Info [interflop-ieee]: count-op = false
All_Command_lines_OK
Using double precision for computations.
=============================================================================
The composite transform comprises the following transforms (in order): 
  1. /home/mdugre/scratch/mri-registration-rp/datasets/ds004513/derivatives/mri-registration-rp/0100/antsRegistration-r7-p7/sub-s035/affine_Composite.h5[0] (type = Euler3DTransform)
  2. /home/mdugre/scratch/mri-registration-rp/datasets/ds004513/derivatives/mri-registration-rp/0100/antsRegistration-r7-p7/sub-s035/affine_Composite.h5[1] (type = Euler3DTransform)
  3. /home/mdugre/scratch/mri-registration-rp/datasets/ds004513/derivatives/mri-registration-rp/0100/antsRegistration-r7-p7/sub-s035/affine_Composite.h5[2] (type = Euler3DTransform)
  4. /home/mdugre/scratch/mri-registration-rp/datasets/ds004513/derivatives/mri-registration-rp/0100/antsRegistration-r7-p7/sub-s035/affine_Composite.h5[3] (type = AffineTransform)
=============================================================================
  number of levels = 4
  fixed image: /templateflow/tpl-MNI152NLin2009cAsym/tpl-MNI152NLin2009cAsym_res-01_desc-brain_T1w.nii.gz
  moving image: /home/mdugre/scratch/mri-registration-rp/datasets/ds004513/derivatives/mri-registration-rp/antsBrainExtraction/sub-s035/BrainExtractionBrain.nii.gz
Dimension = 3
Number of stages = 1
Use histogram matching = false
Winsorize image intensities = true
  Lower quantile = 0.005
  Upper quantile = 0.995


Stage 1 State
   Image metric = CC
     Fixed image = Image (0x4b01a40)
  RTTI typeinfo:   itk::Image<double, 3u>
  Reference Count: 2
  Modified Time: 1606
  Debug: Off
  Object Name: 
  Observers: 
    none
  Source: (none)
  Source output name: (none)
  Release Data: Off
  Data Released: False
  Global Release Data: Off
  PipelineMTime: 0
  UpdateMTime: 1217
  RealTimeStamp: 0 seconds 
  LargestPossibleRegion: 
    Dimension: 3
    Index: [0, 0, 0]
    Size: [193, 229, 193]
  BufferedRegion: 
    Dimension: 3
    Index: [0, 0, 0]
    Size: [193, 229, 193]
  RequestedRegion: 
    Dimension: 3
    Index: [0, 0, 0]
    Size: [193, 229, 193]
  Spacing: [1, 1, 1]
  Origin: [96, 132, -78]
  Direction: 
-1 0 0
0 -1 0
0 0 1

  IndexToPointMatrix: 
-1 0 0
0 -1 0
0 0 1

  PointToIndexMatrix: 
-1 0 0
0 -1 0
0 0 1

  Inverse Direction: 
-1 0 0
0 -1 0
0 0 1

  PixelContainer: 
    ImportImageContainer (0x4bd0780)
      RTTI typeinfo:   itk::ImportImageContainer<unsigned long, double>
      Reference Count: 1
      Modified Time: 1214
      Debug: Off
      Object Name: 
      Observers: 
        none
      Pointer: 0x14cab6de5010
      Container manages memory: true
      Size: 8530021
      Capacity: 8530021

     Moving image = Image (0x4bd2390)
  RTTI typeinfo:   itk::Image<double, 3u>
  Reference Count: 2
  Modified Time: 1607
  Debug: Off
  Object Name: 
  Observers: 
    none
  Source: (none)
  Source output name: (none)
  Release Data: Off
  Data Released: False
  Global Release Data: Off
  PipelineMTime: 0
  UpdateMTime: 1604
  RealTimeStamp: 0 seconds 
  LargestPossibleRegion: 
    Dimension: 3
    Index: [0, 0, 0]
    Size: [160, 240, 256]
  BufferedRegion: 
    Dimension: 3
    Index: [0, 0, 0]
    Size: [160, 240, 256]
  RequestedRegion: 
    Dimension: 3
    Index: [0, 0, 0]
    Size: [160, 240, 256]
  Spacing: [1, 1, 1]
  Origin: [98.6438, 87.6358, -117.989]
  Direction: 
-0.993515 -0.100993 -0.0522355
0.100854 -0.994887 0.00530255
-0.0525039 1.93537e-08 0.998621

  IndexToPointMatrix: 
-0.993515 -0.100993 -0.0522355
0.100854 -0.994887 0.00530255
-0.0525039 1.93537e-08 0.998621

  PointToIndexMatrix: 
-0.993515 0.100854 -0.0525039
-0.100993 -0.994887 1.93006e-08
-0.0522355 0.00530255 0.998621

  Inverse Direction: 
-0.993515 0.100854 -0.0525039
-0.100993 -0.994887 1.93006e-08
-0.0522355 0.00530255 0.998621

  PixelContainer: 
    ImportImageContainer (0x4b876f0)
      RTTI typeinfo:   itk::ImportImageContainer<unsigned long, double>
      Reference Count: 1
      Modified Time: 1601
      Debug: Off
      Object Name: 
      Observers: 
        none
      Pointer: 0x14cab22e4010
      Container manages memory: true
      Size: 9830400
      Capacity: 9830400

     Weighting = 1
     Sampling strategy = none
     Number of bins = 32
     Radius = 4
     Sampling percentage  = 1
   Transform = SyN
     Gradient step = 0.1
     Update field sigma (voxel space) = 3
     Total field sigma (voxel space) = 0
     Update field time sigma = 0
     Total field time sigma  = 0
     Number of time indices = 0
     Number of time point samples = 0
Registration using 1 total stages.

Stage 0
  iterations = 100x70x50x20
  convergence threshold = 1e-06
  convergence window size = 10
  number of levels = 4
  using the CC metric (radius = 4, weight = 1, use gradient filter = 0)
  preprocessing:  winsorizing the image intensities
  Shrink factors (level 1 out of 4): [8, 8, 8]
  Shrink factors (level 2 out of 4): [4, 4, 4]
  Shrink factors (level 3 out of 4): [2, 2, 2]
  Shrink factors (level 4 out of 4): [1, 1, 1]
  smoothing sigmas per level: [3, 2, 1, 0]
  Using default NONE metricSamplingStrategy 

*** Running SyN registration (varianceForUpdateField = 3, varianceForTotalField = 0) ***

XXDIAGNOSTIC,Iteration,metricValue,convergenceValue,ITERATION_TIME_INDEX,SINCE_LAST
 1DIAGNOSTIC,     1, -8.524034484538e-01, 1.797693134862e+308, 1.0343e+00, 1.0343e+00, 
 1DIAGNOSTIC,     2, -8.657847765315e-01, 1.797693134862e+308, 1.3612e+00, 3.2692e-01, 
 1DIAGNOSTIC,     3, -8.776525650374e-01, 1.797693134862e+308, 1.6965e+00, 3.3531e-01, 
 1DIAGNOSTIC,     4, -8.875405338941e-01, 1.797693134862e+308, 2.0291e+00, 3.3261e-01, 
 1DIAGNOSTIC,     5, -8.959835648738e-01, 1.797693134862e+308, 2.3506e+00, 3.2149e-01, 
 1DIAGNOSTIC,     6, -9.021305376453e-01, 1.797693134862e+308, 2.6802e+00, 3.2955e-01, 
