
##########################
# Experiment information #
##########################

EXPERIMENT_NAME: antsRegistration-r7-p22
VFC_BACKENDS: libinterflop_vprec.so --range-binary32=7 --precision-binary32=22 --range-binary64=7 --precision-binary64=22

SIF_IMG: /home/mdugre/projects/rrg-glatard/mdugre/containers/ants-vprec-no_metrics.simg

SUBJECT_ID: s014
INPUT_IMG: /home/mdugre/scratch/mri-registration-rp/datasets/ds004513/derivatives/mri-registration-rp/antsBrainExtraction/sub-s014/BrainExtractionBrain.nii.gz
OUTPUT_DIR: /home/mdugre/scratch/mri-registration-rp/datasets/ds004513/derivatives/mri-registration-rp/0100/antsRegistration-r7-p22/sub-s014

FIXED_IMG: /templateflow/tpl-MNI152NLin2009cAsym/tpl-MNI152NLin2009cAsym_res-01_desc-brain_T1w.nii.gz
DATA_DIR: /home/mdugre/scratch/mri-registration-rp/datasets/ds004513
TEMPLATEFLOW_DIR: /home/mdugre/projects/rrg-glatard/mdugre/templateflow
ITK_GLOBAL_DEFAULT_NUMBER_OF_THREADS: 16
##########################

Info [verificarlo]: loaded backend libinterflop_ieee.so
Info [interflop-ieee]: load backend with:
Info [interflop-ieee]: debug = false
Info [interflop-ieee]: debug-binary = false
Info [interflop-ieee]: no-backend-name = false
Info [interflop-ieee]: print-new-line = false
Info [interflop-ieee]: print-subnormal-normalized = false
Info [interflop-ieee]: count-op = false
All_Command_lines_OK
Using double precision for computations.
=============================================================================
The composite transform comprises the following transforms (in order): 
  1. Center of mass alignment using fixed image: /templateflow/tpl-MNI152NLin2009cAsym/tpl-MNI152NLin2009cAsym_res-01_desc-brain_T1w.nii.gz and moving image: /home/mdugre/scratch/mri-registration-rp/datasets/ds004513/derivatives/mri-registration-rp/antsBrainExtraction/sub-s014/BrainExtractionBrain.nii.gz (type = Euler3DTransform)
=============================================================================
  number of levels = 1
  fixed image: /templateflow/tpl-MNI152NLin2009cAsym/tpl-MNI152NLin2009cAsym_res-01_desc-brain_T1w.nii.gz
  moving image: /home/mdugre/scratch/mri-registration-rp/datasets/ds004513/derivatives/mri-registration-rp/antsBrainExtraction/sub-s014/BrainExtractionBrain.nii.gz
Dimension = 3
Number of stages = 1
Use histogram matching = false
Winsorize image intensities = true
  Lower quantile = 0.005
  Upper quantile = 0.995


Stage 1 State
   Image metric = MattesMI
     Fixed image = Image (0x3c8de70)
  RTTI typeinfo:   itk::Image<double, 3u>
  Reference Count: 2
  Modified Time: 2334
  Debug: Off
  Object Name: 
  Observers: 
    none
  Source: (none)
  Source output name: (none)
  Release Data: Off
  Data Released: False
  Global Release Data: Off
  PipelineMTime: 0
  UpdateMTime: 1943
  RealTimeStamp: 0 seconds 
  LargestPossibleRegion: 
    Dimension: 3
    Index: [0, 0, 0]
    Size: [193, 229, 193]
  BufferedRegion: 
    Dimension: 3
    Index: [0, 0, 0]
    Size: [193, 229, 193]
  RequestedRegion: 
    Dimension: 3
    Index: [0, 0, 0]
    Size: [193, 229, 193]
  Spacing: [1, 1, 1]
  Origin: [96, 132, -78]
  Direction: 
-1 0 0
0 -1 0
0 0 1

  IndexToPointMatrix: 
-1 0 0
0 -1 0
0 0 1

  PointToIndexMatrix: 
-1 0 0
0 -1 0
0 0 1

  Inverse Direction: 
-1 0 0
0 -1 0
0 0 1

  PixelContainer: 
    ImportImageContainer (0x3c9a140)
      RTTI typeinfo:   itk::ImportImageContainer<unsigned long, double>
      Reference Count: 1
      Modified Time: 1940
      Debug: Off
      Object Name: 
      Observers: 
        none
      Pointer: 0x150dd0369010
      Container manages memory: true
      Size: 8530021
      Capacity: 8530021

     Moving image = Image (0x3c97310)
  RTTI typeinfo:   itk::Image<double, 3u>
  Reference Count: 2
  Modified Time: 2335
  Debug: Off
  Object Name: 
  Observers: 
    none
  Source: (none)
  Source output name: (none)
  Release Data: Off
  Data Released: False
  Global Release Data: Off
  PipelineMTime: 0
  UpdateMTime: 2332
  RealTimeStamp: 0 seconds 
  LargestPossibleRegion: 
    Dimension: 3
    Index: [0, 0, 0]
    Size: [160, 240, 256]
  BufferedRegion: 
    Dimension: 3
    Index: [0, 0, 0]
    Size: [160, 240, 256]
  RequestedRegion: 
    Dimension: 3
    Index: [0, 0, 0]
    Size: [160, 240, 256]
  Spacing: [0.999999, 1, 1]
  Origin: [84.1637, 106.709, -120.531]
  Direction: 
-0.999619 -0.0226874 -0.0157033
0.0226846 -0.999743 0.00035635
-0.0157073 -7.8229e-09 0.999877

  IndexToPointMatrix: 
-0.999619 -0.0226874 -0.0157033
0.0226845 -0.999743 0.00035635
-0.0157073 -7.8229e-09 0.999877

  PointToIndexMatrix: 
-0.99962 0.0226846 -0.0157073
-0.0226874 -0.999743 -7.83127e-09
-0.0157033 0.00035635 0.999877

  Inverse Direction: 
-0.999619 0.0226846 -0.0157073
-0.0226874 -0.999743 -7.83127e-09
-0.0157033 0.00035635 0.999877

  PixelContainer: 
    ImportImageContainer (0x3dc2610)
      RTTI typeinfo:   itk::ImportImageContainer<unsigned long, double>
      Reference Count: 1
      Modified Time: 2329
      Debug: Off
      Object Name: 
      Observers: 
        none
      Pointer: 0x150dcb868010
      Container manages memory: true
      Size: 9830400
      Capacity: 9830400

     Weighting = 1
     Sampling strategy = regular
     Number of bins = 32
     Radius = 4
     Sampling percentage  = 0.25
   Transform = Rigid
     Gradient step = 0.1
     Update field sigma (voxel space) = 0
     Total field sigma (voxel space) = 0
     Update field time sigma = 0
     Total field time sigma  = 0
     Number of time indices = 0
     Number of time point samples = 0
Registration using 1 total stages.

Stage 0
  iterations = 0
  convergence threshold = 1e-06
  convergence window size = 10
  number of levels = 1
  using the Mattes MI metric (number of bins = 32, weight = 1, use gradient filter = 0)
  preprocessing:  winsorizing the image intensities
  Shrink factors (level 1 out of 1): [1, 1, 1]
  smoothing sigmas per level: [0]
  regular sampling (percentage = 0.25)

*** Running Euler3DTransform registration ***

  Elapsed time (stage 0): 1.15238


Total elapsed time: 1.1546
Info [verificarlo]: loaded backend libinterflop_vprec.so
Info [interflop-vprec]: load backend with: 
Info [interflop-vprec]: precision-binary32 = 22
Info [interflop-vprec]: range-binary32 = 7
Info [interflop-vprec]: precision-binary64 = 22
Info [interflop-vprec]: range-binary64 = 7
Info [interflop-vprec]: mode = ob
Info [interflop-vprec]: error-mode = rel
Info [interflop-vprec]: max-abs-error-exponent = -1022
Info [interflop-vprec]: daz = false
Info [interflop-vprec]: ftz = false
Info [interflop-vprec]: 	instrument = none
Info [interflop-vprec]: 	prec-input-file = (null)
Info [interflop-vprec]: 	prec-output-file = (null)
Info [interflop-vprec]: 	prec-log-file = (null)
All_Command_lines_OK
Using double precision for computations.
=============================================================================
The composite transform comprises the following transforms (in order): 
  1. /home/mdugre/scratch/mri-registration-rp/datasets/ds004513/derivatives/mri-registration-rp/0100/antsRegistration-r7-p22/sub-s014/align_Composite.h5[0] (type = Euler3DTransform)
  2. /home/mdugre/scratch/mri-registration-rp/datasets/ds004513/derivatives/mri-registration-rp/0100/antsRegistration-r7-p22/sub-s014/align_Composite.h5[1] (type = Euler3DTransform)
=============================================================================
  number of levels = 4
  fixed image: /templateflow/tpl-MNI152NLin2009cAsym/tpl-MNI152NLin2009cAsym_res-01_desc-brain_T1w.nii.gz
  moving image: /home/mdugre/scratch/mri-registration-rp/datasets/ds004513/derivatives/mri-registration-rp/antsBrainExtraction/sub-s014/BrainExtractionBrain.nii.gz
Dimension = 3
Number of stages = 1
Use histogram matching = false
Winsorize image intensities = true
  Lower quantile = 0.005
  Upper quantile = 0.995


Stage 1 State
   Image metric = MattesMI
     Fixed image = Image (0x4b091e0)
  RTTI typeinfo:   itk::Image<double, 3u>
  Reference Count: 2
  Modified Time: 1580
  Debug: Off
  Object Name: 
  Observers: 
    none
  Source: (none)
  Source output name: (none)
  Release Data: Off
  Data Released: False
  Global Release Data: Off
  PipelineMTime: 0
  UpdateMTime: 1189
  RealTimeStamp: 0 seconds 
  LargestPossibleRegion: 
    Dimension: 3
    Index: [0, 0, 0]
    Size: [193, 229, 193]
  BufferedRegion: 
    Dimension: 3
    Index: [0, 0, 0]
    Size: [193, 229, 193]
  RequestedRegion: 
    Dimension: 3
    Index: [0, 0, 0]
    Size: [193, 229, 193]
  Spacing: [1, 1, 1]
  Origin: [96, 132, -78]
  Direction: 
-1 0 0
0 -1 0
0 0 1

  IndexToPointMatrix: 
-1 0 0
0 -1 0
0 0 1

  PointToIndexMatrix: 
-1 0 0
0 -1 0
0 0 1

  Inverse Direction: 
-1 0 0
0 -1 0
0 0 1

  PixelContainer: 
    ImportImageContainer (0x4bc8680)
      RTTI typeinfo:   itk::ImportImageContainer<unsigned long, double>
      Reference Count: 1
      Modified Time: 1186
      Debug: Off
      Object Name: 
      Observers: 
        none
      Pointer: 0x14f380478010
      Container manages memory: true
      Size: 8530021
      Capacity: 8530021

     Moving image = Image (0x4bc4b20)
  RTTI typeinfo:   itk::Image<double, 3u>
  Reference Count: 2
  Modified Time: 1581
  Debug: Off
  Object Name: 
  Observers: 
    none
  Source: (none)
  Source output name: (none)
  Release Data: Off
  Data Released: False
  Global Release Data: Off
  PipelineMTime: 0
  UpdateMTime: 1578
  RealTimeStamp: 0 seconds 
  LargestPossibleRegion: 
    Dimension: 3
    Index: [0, 0, 0]
    Size: [160, 240, 256]
  BufferedRegion: 
    Dimension: 3
    Index: [0, 0, 0]
    Size: [160, 240, 256]
  RequestedRegion: 
    Dimension: 3
    Index: [0, 0, 0]
    Size: [160, 240, 256]
  Spacing: [1, 1, 1]
  Origin: [84.1637, 106.709, -120.531]
  Direction: 
-0.999619 -0.0226874 -0.0157033
0.0226846 -0.999743 0.00035635
-0.0157073 -7.8229e-09 0.999877

  IndexToPointMatrix: 
-0.999619 -0.0226874 -0.0157033
0.0226845 -0.999743 0.00035635
-0.0157073 -7.8229e-09 0.999877

  PointToIndexMatrix: 
-0.99962 0.0226846 -0.0157073
-0.0226874 -0.999743 -1.19209e-07
-0.0157033 0.000356376 0.999877

  Inverse Direction: 
-0.999619 0.0226846 -0.0157073
-0.0226874 -0.999743 -1.19209e-07
-0.0157033 0.000356376 0.999877

  PixelContainer: 
    ImportImageContainer (0x4c2dd50)
      RTTI typeinfo:   itk::ImportImageContainer<unsigned long, double>
      Reference Count: 1
      Modified Time: 1575
      Debug: Off
      Object Name: 
      Observers: 
        none
      Pointer: 0x14f37b977010
      Container manages memory: true
      Size: 9830400
      Capacity: 9830400

     Weighting = 1
     Sampling strategy = regular
     Number of bins = 32
     Radius = 4
     Sampling percentage  = 0.25
   Transform = Rigid
     Gradient step = 0.1
     Update field sigma (voxel space) = 0
     Total field sigma (voxel space) = 0
     Update field time sigma = 0
     Total field time sigma  = 0
     Number of time indices = 0
     Number of time point samples = 0
Registration using 1 total stages.

Stage 0
  iterations = 1000x500x250x100
  convergence threshold = 1e-06
  convergence window size = 10
  number of levels = 4
  using the Mattes MI metric (number of bins = 32, weight = 1, use gradient filter = 0)
  preprocessing:  winsorizing the image intensities
  Shrink factors (level 1 out of 4): [8, 8, 8]
  Shrink factors (level 2 out of 4): [4, 4, 4]
  Shrink factors (level 3 out of 4): [2, 2, 2]
  Shrink factors (level 4 out of 4): [1, 1, 1]
  smoothing sigmas per level: [3, 2, 1, 0]
  regular sampling (percentage = 0.25)

*** Running Euler3DTransform registration ***

DIAGNOSTIC,Iteration,metricValue,convergenceValue,ITERATION_TIME_INDEX,SINCE_LAST
 2DIAGNOSTIC,     1, -4.770818682985e-01, 1.797693134862e+308, 0.0000e+00, 0.0000e+00, 
 2DIAGNOSTIC,     2, -4.784203591715e-01, 1.797693134862e+308, 0.0000e+00, 0.0000e+00, 
 2DIAGNOSTIC,     3, -4.807016394084e-01, 1.797693134862e+308, 0.0000e+00, 0.0000e+00, 
 2DIAGNOSTIC,     4, -4.840217926828e-01, 1.797693134862e+308, 0.0000e+00, 0.0000e+00, 
 2DIAGNOSTIC,     5, -4.882976770408e-01, 1.797693134862e+308, 0.0000e+00, 0.0000e+00, 
 2DIAGNOSTIC,     6, -4.953453087930e-01, 1.797693134862e+308, 0.0000e+00, 0.0000e+00, 
 2DIAGNOSTIC,     7, -5.007313320972e-01, 1.797693134862e+308, 0.0000e+00, 0.0000e+00, 
 2DIAGNOSTIC,     8, -5.013247652312e-01, 1.797693134862e+308, 0.0000e+00, 0.0000e+00, 
 2DIAGNOSTIC,     9, -5.084826604105e-01, 1.797693134862e+308, 0.0000e+00, 0.0000e+00, 
 2DIAGNOSTIC,    10, -5.162789525781e-01, 5.127678064698e-03, 0.0000e+00, 0.0000e+00, 
 2DIAGNOSTIC,    11, -5.168251545193e-01, 4.887872335858e-03, 0.0000e+00, 0.0000e+00, 
 2DIAGNOSTIC,    12, -5.205607912191e-01, 4.497885003129e-03, 0.0000e+00, 0.0000e+00, 
 2DIAGNOSTIC,    13, -5.229641598416e-01, 3.971563230083e-03, 0.0000e+00, 0.0000e+00, 
 2DIAGNOSTIC,    14, -5.253160874786e-01, 3.388398455451e-03, 0.0000e+00, 0.0000e+00, 
 2DIAGNOSTIC,    15, -5.278078254279e-01, 2.822441873227e-03, 0.0000e+00, 0.0000e+00, 
 2DIAGNOSTIC,    16, -5.283082468058e-01, 2.335232276071e-03, 0.0000e+00, 0.0000e+00, 
 2DIAGNOSTIC,    17, -5.285048873429e-01, 1.883939791791e-03, 0.0000e+00, 0.0000e+00, 
 2DIAGNOSTIC,    18, -5.289850618122e-01, 1.340933562163e-03, 0.0000e+00, 0.0000e+00, 
 2DIAGNOSTIC,    19, -5.289217147421e-01, 9.359579537821e-04, 0.0000e+00, 0.0000e+00, 
 2DIAGNOSTIC,    20, -5.290126178881e-01, 7.071627331827e-04, 0.0000e+00, 0.0000e+00, 
 2DIAGNOSTIC,    21, -5.295271549158e-01, 4.620306143442e-04, 0.0000e+00, 0.0000e+00, 
 2DIAGNOSTIC,    22, -5.295582255684e-01, 2.916998064158e-04, 0.0000e+00, 0.0000e+00, 
 2DIAGNOSTIC,    23, -5.295012474940e-01, 1.654559071253e-04, 0.0000e+00, 0.0000e+00, 
 2DIAGNOSTIC,    24, -5.295293471117e-01, 8.846716356212e-05, 0.0000e+00, 0.0000e+00, 
 2DIAGNOSTIC,    25, -5.295559690687e-01, 6.523976509586e-05, 0.0000e+00, 0.0000e+00, 
 2DIAGNOSTIC,    26, -5.295879848487e-01, 4.892787631389e-05, 0.0000e+00, 0.0000e+00, 
 2DIAGNOSTIC,    27, -5.296401904953e-01, 3.414849159226e-05, 0.0000e+00, 0.0000e+00, 
 2DIAGNOSTIC,    28, -5.298753251789e-01, 3.166825620000e-05, 0.0000e+00, 0.0000e+00, 
 2DIAGNOSTIC,    29, -5.299423420742e-01, 2.652073880426e-05, 0.0000e+00, 0.0000e+00, 
 2DIAGNOSTIC,    30, -5.299588462306e-01, 2.103684385148e-05, 0.0000e+00, 0.0000e+00, 
 2DIAGNOSTIC,    31, -5.299501290218e-01, 2.304511808886e-05, 0.0000e+00, 0.0000e+00, 
 2DIAGNOSTIC,    32, -5.300228763151e-01, 2.466095740211e-05, 0.0000e+00, 0.0000e+00, 
 2DIAGNOSTIC,    33, -5.300766393985e-01, 2.377718174140e-05, 0.0000e+00, 0.0000e+00, 
 2DIAGNOSTIC,    34, -5.302017534561e-01, 2.321879783875e-05, 0.0000e+00, 0.0000e+00, 
 2DIAGNOSTIC,    35, -5.302255684136e-01, 2.138995490398e-05, 0.0000e+00, 0.0000e+00, 
 2DIAGNOSTIC,    36, -5.302085560381e-01, 1.800895311165e-05, 0.0000e+00, 0.0000e+00, 
 2DIAGNOSTIC,    37, -5.302578460169e-01, 1.462738812954e-05, 0.0000e+00, 0.0000e+00, 
 2DIAGNOSTIC,    38, -5.303553527289e-01, 1.484305459124e-05, 0.0000e+00, 0.0000e+00, 
 2DIAGNOSTIC,    39, -5.307132388039e-01, 1.961618883966e-05, 0.0000e+00, 0.0000e+00, 
 2DIAGNOSTIC,    40, -5.308270943007e-01, 2.404068360250e-05, 0.0000e+00, 0.0000e+00, 
 2DIAGNOSTIC,    41, -5.308441732388e-01, 2.618404356466e-05, 0.0000e+00, 0.0000e+00, 
 2DIAGNOSTIC,    42, -5.308786049187e-01, 2.727106882572e-05, 0.0000e+00, 0.0000e+00, 
 2DIAGNOSTIC,    43, -5.310887809499e-01, 2.905527187006e-05, 0.0000e+00, 0.0000e+00, 
 2DIAGNOSTIC,    44, -5.311202856756e-01, 2.984360407111e-05, 0.0000e+00, 0.0000e+00, 
 2DIAGNOSTIC,    45, -5.311242952788e-01, 2.816948745314e-05, 0.0000e+00, 0.0000e+00, 
 2DIAGNOSTIC,    46, -5.311284744059e-01, 2.389196171142e-05, 0.0000e+00, 0.0000e+00, 
 2DIAGNOSTIC,    47, -5.311317132519e-01, 1.821770021487e-05, 0.0000e+00, 0.0000e+00, 
 2DIAGNOSTIC,    48, -5.311320847690e-01, 1.207649167663e-05, 0.0000e+00, 0.0000e+00, 
 2DIAGNOSTIC,    49, -5.311316415322e-01, 9.030136326828e-06, 0.0000e+00, 0.0000e+00, 
 2DIAGNOSTIC,    50, -5.311315073323e-01, 6.579202553696e-06, 0.0000e+00, 0.0000e+00, 
 2DIAGNOSTIC,    51, -5.311316515319e-01, 3.862104597206e-06, 0.0000e+00, 0.0000e+00, 
 2DIAGNOSTIC,    52, -5.311314910285e-01, 1.240949706809e-06, 0.0000e+00, 0.0000e+00, 
DIAGNOSTIC,Iteration,metricValue,convergenceValue,ITERATION_TIME_INDEX,SINCE_LAST
 2DIAGNOSTIC,     1, -4.294795773506e-01, 1.797693134862e+308, 0.0000e+00, 0.0000e+00, 
 2DIAGNOSTIC,     2, -4.301506431261e-01, 1.797693134862e+308, 0.0000e+00, 0.0000e+00, 
 2DIAGNOSTIC,     3, -4.309592313809e-01, 1.797693134862e+308, 0.0000e+00, 0.0000e+00, 
 2DIAGNOSTIC,     4, -4.314598031578e-01, 1.797693134862e+308, 0.0000e+00, 0.0000e+00, 
 2DIAGNOSTIC,     5, -4.321950704418e-01, 1.797693134862e+308, 0.0000e+00, 0.0000e+00, 
 2DIAGNOSTIC,     6, -4.338099888815e-01, 1.797693134862e+308, 0.0000e+00, 0.0000e+00, 
 2DIAGNOSTIC,     7, -4.352880991105e-01, 1.797693134862e+308, 0.0000e+00, 0.0000e+00, 
 2DIAGNOSTIC,     8, -4.363866905050e-01, 1.797693134862e+308, 0.0000e+00, 0.0000e+00, 
 2DIAGNOSTIC,     9, -4.368738124624e-01, 1.797693134862e+308, 0.0000e+00, 0.0000e+00, 
 2DIAGNOSTIC,    10, -4.374780603704e-01, 1.297417923278e-03, 0.0000e+00, 0.0000e+00, 
 2DIAGNOSTIC,    11, -4.398888244940e-01, 1.279000375508e-03, 0.0000e+00, 0.0000e+00, 
 2DIAGNOSTIC,    12, -4.422801019421e-01, 1.310599119924e-03, 0.0000e+00, 0.0000e+00, 
 2DIAGNOSTIC,    13, -4.430708255813e-01, 1.297732408021e-03, 0.0000e+00, 0.0000e+00, 
 2DIAGNOSTIC,    14, -4.433215291077e-01, 1.206661617051e-03, 0.0000e+00, 0.0000e+00, 
 2DIAGNOSTIC,    15, -4.441342427341e-01, 1.085592180893e-03, 0.0000e+00, 0.0000e+00, 
 2DIAGNOSTIC,    16, -4.440901061443e-01, 9.412550733972e-04, 0.0000e+00, 0.0000e+00, 
 2DIAGNOSTIC,    17, -4.443518179985e-01, 7.922281343283e-04, 0.0000e+00, 0.0000e+00, 
 2DIAGNOSTIC,    18, -4.443073595789e-01, 6.256142912428e-04, 0.0000e+00, 0.0000e+00, 
 2DIAGNOSTIC,    19, -4.445210534591e-01, 4.444506527025e-04, 0.0000e+00, 0.0000e+00, 
 2DIAGNOSTIC,    20, -4.445511430937e-01, 2.596669271544e-04, 0.0000e+00, 0.0000e+00, 
 2DIAGNOSTIC,    21, -4.445781872176e-01, 1.421268214025e-04, 0.0000e+00, 0.0000e+00, 
 2DIAGNOSTIC,    22, -4.448545643754e-01, 1.005721291394e-04, 0.0000e+00, 0.0000e+00, 
 2DIAGNOSTIC,    23, -4.449735594462e-01, 7.882467391499e-05, 0.0000e+00, 0.0000e+00, 
 2DIAGNOSTIC,    24, -4.452128878441e-01, 6.424689180230e-05, 0.0000e+00, 0.0000e+00, 
 2DIAGNOSTIC,    25, -4.452926058387e-01, 6.805262116899e-05, 0.0000e+00, 0.0000e+00, 
 2DIAGNOSTIC,    26, -4.454389523829e-01, 6.773391195993e-05, 0.0000e+00, 0.0000e+00, 
 2DIAGNOSTIC,    27, -4.454789621033e-01, 6.838908658790e-05, 0.0000e+00, 0.0000e+00, 
 2DIAGNOSTIC,    28, -4.455070935274e-01, 6.211526808402e-05, 0.0000e+00, 0.0000e+00, 
 2DIAGNOSTIC,    29, -4.455143266421e-01, 5.546603098285e-05, 0.0000e+00, 0.0000e+00, 
 2DIAGNOSTIC,    30, -4.455311370118e-01, 4.518856936342e-05, 0.0000e+00, 0.0000e+00, 
 2DIAGNOSTIC,    31, -4.455692404621e-01, 3.264795818522e-05, 0.0000e+00, 0.0000e+00, 
 2DIAGNOSTIC,    32, -4.455700619533e-01, 2.346058726943e-05, 0.0000e+00, 0.0000e+00, 
 2DIAGNOSTIC,    33, -4.455818570519e-01, 1.519200434227e-05, 0.0000e+00, 0.0000e+00, 
 2DIAGNOSTIC,    34, -4.455748586504e-01, 1.046855139055e-05, 0.0000e+00, 0.0000e+00, 
 2DIAGNOSTIC,    35, -4.456271077965e-01, 7.478707813799e-06, 0.0000e+00, 0.0000e+00, 
 2DIAGNOSTIC,    36, -4.457489924696e-01, 8.778860331408e-06, 0.0000e+00, 0.0000e+00, 
 2DIAGNOSTIC,    37, -4.458839198488e-01, 1.223710243742e-05, 0.0000e+00, 0.0000e+00, 
 2DIAGNOSTIC,    38, -4.459271755325e-01, 1.561893028433e-05, 0.0000e+00, 0.0000e+00, 
 2DIAGNOSTIC,    39, -4.459364796193e-01, 1.772757365327e-05, 0.0000e+00, 0.0000e+00, 
 2DIAGNOSTIC,    40, -4.460959396467e-01, 2.095546838295e-05, 0.0000e+00, 0.0000e+00, 
 2DIAGNOSTIC,    41, -4.460508305804e-01, 2.188991564656e-05, 0.0000e+00, 0.0000e+00, 
 2DIAGNOSTIC,    42, -4.460696026982e-01, 2.107787110632e-05, 0.0000e+00, 0.0000e+00, 
 2DIAGNOSTIC,    43, -4.460375615225e-01, 1.810669496149e-05, 0.0000e+00, 0.0000e+00, 
 2DIAGNOSTIC,    44, -4.460475305989e-01, 1.367996128859e-05, 0.0000e+00, 0.0000e+00, 
 2DIAGNOSTIC,    45, -4.460345580039e-01, 8.715489307330e-06, 0.0000e+00, 0.0000e+00, 
 2DIAGNOSTIC,    46, -4.460473067364e-01, 5.038882581451e-06, 0.0000e+00, 0.0000e+00, 
 2DIAGNOSTIC,    47, -4.460762471998e-01, 3.358097172994e-06, 0.0000e+00, 0.0000e+00, 
 2DIAGNOSTIC,    48, -4.460296726439e-01, 1.453405169553e-06, 0.0000e+00, 0.0000e+00, 
DIAGNOSTIC,Iteration,metricValue,convergenceValue,ITERATION_TIME_INDEX,SINCE_LAST
 2DIAGNOSTIC,     1, -3.906117930905e-01, 1.797693134862e+308, 0.0000e+00, 0.0000e+00, 
 2DIAGNOSTIC,     2, -3.907545748979e-01, 1.797693134862e+308, 0.0000e+00, 0.0000e+00, 
 2DIAGNOSTIC,     3, -3.908965318671e-01, 1.797693134862e+308, 0.0000e+00, 0.0000e+00, 
 2DIAGNOSTIC,     4, -3.909523187377e-01, 1.797693134862e+308, 0.0000e+00, 0.0000e+00, 
 2DIAGNOSTIC,     5, -3.909581597711e-01, 1.797693134862e+308, 0.0000e+00, 0.0000e+00, 
 2DIAGNOSTIC,     6, -3.910097462029e-01, 1.797693134862e+308, 0.0000e+00, 0.0000e+00, 
 2DIAGNOSTIC,     7, -3.910575673849e-01, 1.797693134862e+308, 0.0000e+00, 0.0000e+00, 
 2DIAGNOSTIC,     8, -3.911407643667e-01, 1.797693134862e+308, 0.0000e+00, 0.0000e+00, 
 2DIAGNOSTIC,     9, -3.911434582484e-01, 1.797693134862e+308, 0.0000e+00, 0.0000e+00, 
 2DIAGNOSTIC,    10, -3.911453305861e-01, 8.331460347555e-05, 0.0000e+00, 0.0000e+00, 
 2DIAGNOSTIC,    11, -3.911653739970e-01, 5.942058753509e-05, 0.0000e+00, 0.0000e+00, 
 2DIAGNOSTIC,    12, -3.912188976977e-01, 4.602171678239e-05, 0.0000e+00, 0.0000e+00, 
 2DIAGNOSTIC,    13, -3.912908349236e-01, 4.252946344638e-05, 0.0000e+00, 0.0000e+00, 
 2DIAGNOSTIC,    14, -3.913999674689e-01, 4.444495944009e-05, 0.0000e+00, 0.0000e+00, 
 2DIAGNOSTIC,    15, -3.914089086708e-01, 4.292019515040e-05, 0.0000e+00, 0.0000e+00, 
 2DIAGNOSTIC,    16, -3.914532008662e-01, 4.226087226568e-05, 0.0000e+00, 0.0000e+00, 
 2DIAGNOSTIC,    17, -3.915143915097e-01, 4.250460401763e-05, 0.0000e+00, 0.0000e+00, 
 2DIAGNOSTIC,    18, -3.916787622140e-01, 4.885379057157e-05, 0.0000e+00, 0.0000e+00, 
 2DIAGNOSTIC,    19, -3.917777599864e-01, 5.389294046277e-05, 0.0000e+00, 0.0000e+00, 
 2DIAGNOSTIC,    20, -3.918443118065e-01, 5.608423289710e-05, 0.0000e+00, 0.0000e+00, 
 2DIAGNOSTIC,    21, -3.918511832614e-01, 5.399290695234e-05, 0.0000e+00, 0.0000e+00, 
 2DIAGNOSTIC,    22, -3.919053580700e-01, 5.074125892306e-05, 0.0000e+00, 0.0000e+00, 
 2DIAGNOSTIC,    23, -3.919418456743e-01, 4.639331354171e-05, 0.0000e+00, 0.0000e+00, 
 2DIAGNOSTIC,    24, -3.919935104575e-01, 4.300816402728e-05, 0.0000e+00, 0.0000e+00, 
 2DIAGNOSTIC,    25, -3.921043836950e-01, 3.947393718415e-05, 0.0000e+00, 0.0000e+00, 
 2DIAGNOSTIC,    26, -3.921304587391e-01, 3.456543786246e-05, 0.0000e+00, 0.0000e+00, 
 2DIAGNOSTIC,    27, -3.922001443635e-01, 3.034418777475e-05, 0.0000e+00, 0.0000e+00, 
 2DIAGNOSTIC,    28, -3.922621159715e-01, 2.947016429953e-05, 0.0000e+00, 0.0000e+00, 
 2DIAGNOSTIC,    29, -3.922683599456e-01, 2.854338449989e-05, 0.0000e+00, 0.0000e+00, 
 2DIAGNOSTIC,    30, -3.922940190099e-01, 2.732905927540e-05, 0.0000e+00, 0.0000e+00, 
 2DIAGNOSTIC,    31, -3.923232970470e-01, 2.452886709059e-05, 0.0000e+00, 0.0000e+00, 
 2DIAGNOSTIC,    32, -3.924866646247e-01, 2.459856805636e-05, 0.0000e+00, 0.0000e+00, 
 2DIAGNOSTIC,    33, -3.924869350079e-01, 2.312485231955e-05, 0.0000e+00, 0.0000e+00, 
 2DIAGNOSTIC,    34, -3.924923358771e-01, 2.085815612092e-05, 0.0000e+00, 0.0000e+00, 
 2DIAGNOSTIC,    35, -3.925017625077e-01, 1.938581809561e-05, 0.0000e+00, 0.0000e+00, 
 2DIAGNOSTIC,    36, -3.925789686328e-01, 1.826858734317e-05, 0.0000e+00, 0.0000e+00, 
 2DIAGNOSTIC,    37, -3.926030917697e-01, 1.727633616093e-05, 0.0000e+00, 0.0000e+00, 
 2DIAGNOSTIC,    38, -3.926055226928e-01, 1.600958948656e-05, 0.0000e+00, 0.0000e+00, 
 2DIAGNOSTIC,    39, -3.926480988002e-01, 1.433772372375e-05, 0.0000e+00, 0.0000e+00, 
 2DIAGNOSTIC,    40, -3.926730198082e-01, 1.237508770533e-05, 0.0000e+00, 0.0000e+00, 
 2DIAGNOSTIC,    41, -3.926972718281e-01, 1.024113508609e-05, 0.0000e+00, 0.0000e+00, 
 2DIAGNOSTIC,    42, -3.927346083017e-01, 1.076821410537e-05, 0.0000e+00, 0.0000e+00, 
 2DIAGNOSTIC,    43, -3.928524531794e-01, 1.231597897684e-05, 0.0000e+00, 0.0000e+00, 
 2DIAGNOSTIC,    44, -3.933404419501e-01, 2.078090611329e-05, 0.0000e+00, 0.0000e+00, 
 2DIAGNOSTIC,    45, -3.934154075790e-01, 2.807657566597e-05, 0.0000e+00, 0.0000e+00, 
 2DIAGNOSTIC,    46, -3.934180418623e-01, 3.377328246736e-05, 0.0000e+00, 0.0000e+00, 
 2DIAGNOSTIC,    47, -3.934176745846e-01, 3.655710832130e-05, 0.0000e+00, 0.0000e+00, 
 2DIAGNOSTIC,    48, -3.934165600097e-01, 3.575952445712e-05, 0.0000e+00, 0.0000e+00, 
 2DIAGNOSTIC,    49, -3.934151728596e-01, 3.211275801877e-05, 0.0000e+00, 0.0000e+00, 
 2DIAGNOSTIC,    50, -3.934152141850e-01, 2.593807038215e-05, 0.0000e+00, 0.0000e+00, 
 2DIAGNOSTIC,    51, -3.934145854154e-01, 1.802898084405e-05, 0.0000e+00, 0.0000e+00, 
 2DIAGNOSTIC,    52, -3.934146114978e-01, 9.328248358031e-06, 0.0000e+00, 0.0000e+00, 
 2DIAGNOSTIC,    53, -3.934146139100e-01, 1.553912653690e-06, 0.0000e+00, 0.0000e+00, 
DIAGNOSTIC,Iteration,metricValue,convergenceValue,ITERATION_TIME_INDEX,SINCE_LAST
 2DIAGNOSTIC,     1, -3.660208596934e-01, 1.797693134862e+308, 0.0000e+00, 0.0000e+00, 
 2DIAGNOSTIC,     2, -3.660812638809e-01, 1.797693134862e+308, 0.0000e+00, 0.0000e+00, 
 2DIAGNOSTIC,     3, -3.660820827999e-01, 1.797693134862e+308, 2.5600e+02, 2.5600e+02, 
 2DIAGNOSTIC,     4, -3.660830319615e-01, 1.797693134862e+308, 2.5600e+02, 0.0000e+00, 
 2DIAGNOSTIC,     5, -3.660827295046e-01, 1.797693134862e+308, 2.5600e+02, 0.0000e+00, 
 2DIAGNOSTIC,     6, -3.660827311850e-01, 1.797693134862e+308, 2.5600e+02, 0.0000e+00, 
 2DIAGNOSTIC,     7, -3.660825376624e-01, 1.797693134862e+308, 2.5600e+02, 0.0000e+00, 
 2DIAGNOSTIC,     8, -3.660825555433e-01, 1.797693134862e+308, 2.5600e+02, 0.0000e+00, 
 2DIAGNOSTIC,     9, -3.660824392504e-01, 1.797693134862e+308, 2.5600e+02, 0.0000e+00, 
 2DIAGNOSTIC,    10, -3.660823528196e-01, 8.037518635068e-06, 2.5600e+02, 0.0000e+00, 
 2DIAGNOSTIC,    11, -3.660822896049e-01, 2.938741862787e-06, 2.5600e+02, 0.0000e+00, 
 2DIAGNOSTIC,    12, -3.660823019563e-01, 2.592961779485e-06, 2.5600e+02, 0.0000e+00, 
 2DIAGNOSTIC,    13, -3.660823032260e-01, 2.352252064936e-06, 2.5600e+02, 0.0000e+00, 
 2DIAGNOSTIC,    14, -3.660822942739e-01, 2.206681303685e-06, 2.5600e+02, 0.0000e+00, 
 2DIAGNOSTIC,    15, -3.660822942753e-01, 2.070527153231e-06, 2.5600e+02, 0.0000e+00, 
 2DIAGNOSTIC,    16, -3.660822923477e-01, 1.955906704515e-06, 2.5600e+02, 0.0000e+00, 
 2DIAGNOSTIC,    17, -3.660822766483e-01, 1.847725866783e-06, 2.5600e+02, 0.0000e+00, 
 2DIAGNOSTIC,    18, -3.660822763022e-01, 1.754274233365e-06, 2.5600e+02, 0.0000e+00, 
 2DIAGNOSTIC,    19, -3.660822742672e-01, 1.666830171165e-06, 2.5600e+02, 0.0000e+00, 
 2DIAGNOSTIC,    20, -3.660822740923e-01, 1.585268571545e-06, 2.5600e+02, 0.0000e+00, 
 2DIAGNOSTIC,    21, -3.660822740869e-01, 1.509364945376e-06, 2.5600e+02, 0.0000e+00, 
 2DIAGNOSTIC,    22, -3.660822791416e-01, 1.441249703561e-06, 2.5600e+02, 0.0000e+00, 
 2DIAGNOSTIC,    23, -3.660822803141e-01, 1.379357672020e-06, 2.5600e+02, 0.0000e+00, 
 2DIAGNOSTIC,    24, -3.660822804433e-01, 1.322462373596e-06, 2.5600e+02, 0.0000e+00, 
 2DIAGNOSTIC,    25, -3.660822803019e-01, 1.270185110272e-06, 2.5600e+02, 0.0000e+00, 
 2DIAGNOSTIC,    26, -3.660822802202e-01, 1.221892354186e-06, 2.5600e+02, 0.0000e+00, 
 2DIAGNOSTIC,    27, -3.660822802696e-01, 1.176681270983e-06, 2.5600e+02, 0.0000e+00, 
 2DIAGNOSTIC,    28, -3.660822800909e-01, 1.134640095671e-06, 2.5600e+02, 0.0000e+00, 
 2DIAGNOSTIC,    29, -3.660822800703e-01, 1.095403456927e-06, 2.5600e+02, 0.0000e+00, 
 2DIAGNOSTIC,    30, -3.660822796451e-01, 1.058738948602e-06, 2.5600e+02, 0.0000e+00, 
 2DIAGNOSTIC,    31, -3.660822790344e-01, 1.024406536501e-06, 2.5600e+02, 0.0000e+00, 
  Elapsed time (stage 0): 2.5600e+02


Total elapsed time: 2.5600e+02
Info [verificarlo]: loaded backend libinterflop_ieee.so
Info [interflop-ieee]: load backend with:
Info [interflop-ieee]: debug = false
Info [interflop-ieee]: debug-binary = false
Info [interflop-ieee]: no-backend-name = false
Info [interflop-ieee]: print-new-line = false
Info [interflop-ieee]: print-subnormal-normalized = false
Info [interflop-ieee]: count-op = false
All_Command_lines_OK
Using double precision for computations.
=============================================================================
The composite transform comprises the following transforms (in order): 
  1. /home/mdugre/scratch/mri-registration-rp/datasets/ds004513/derivatives/mri-registration-rp/0100/antsRegistration-r7-p22/sub-s014/rigid_Composite.h5[0] (type = Euler3DTransform)
  2. /home/mdugre/scratch/mri-registration-rp/datasets/ds004513/derivatives/mri-registration-rp/0100/antsRegistration-r7-p22/sub-s014/rigid_Composite.h5[1] (type = Euler3DTransform)
  3. /home/mdugre/scratch/mri-registration-rp/datasets/ds004513/derivatives/mri-registration-rp/0100/antsRegistration-r7-p22/sub-s014/rigid_Composite.h5[2] (type = Euler3DTransform)
=============================================================================
  number of levels = 4
  fixed image: /templateflow/tpl-MNI152NLin2009cAsym/tpl-MNI152NLin2009cAsym_res-01_desc-brain_T1w.nii.gz
  moving image: /home/mdugre/scratch/mri-registration-rp/datasets/ds004513/derivatives/mri-registration-rp/antsBrainExtraction/sub-s014/BrainExtractionBrain.nii.gz
Dimension = 3
Number of stages = 1
Use histogram matching = false
Winsorize image intensities = true
  Lower quantile = 0.005
  Upper quantile = 0.995


Stage 1 State
   Image metric = MattesMI
     Fixed image = Image (0x45f77e0)
  RTTI typeinfo:   itk::Image<double, 3u>
  Reference Count: 2
  Modified Time: 1594
  Debug: Off
  Object Name: 
  Observers: 
    none
  Source: (none)
  Source output name: (none)
  Release Data: Off
  Data Released: False
  Global Release Data: Off
  PipelineMTime: 0
  UpdateMTime: 1203
  RealTimeStamp: 0 seconds 
  LargestPossibleRegion: 
    Dimension: 3
    Index: [0, 0, 0]
    Size: [193, 229, 193]
  BufferedRegion: 
    Dimension: 3
    Index: [0, 0, 0]
    Size: [193, 229, 193]
  RequestedRegion: 
    Dimension: 3
    Index: [0, 0, 0]
    Size: [193, 229, 193]
  Spacing: [1, 1, 1]
  Origin: [96, 132, -78]
  Direction: 
-1 0 0
0 -1 0
0 0 1

  IndexToPointMatrix: 
-1 0 0
0 -1 0
0 0 1

  PointToIndexMatrix: 
-1 0 0
0 -1 0
0 0 1

  Inverse Direction: 
-1 0 0
0 -1 0
0 0 1

  PixelContainer: 
    ImportImageContainer (0x46b7a20)
      RTTI typeinfo:   itk::ImportImageContainer<unsigned long, double>
      Reference Count: 1
      Modified Time: 1200
      Debug: Off
      Object Name: 
      Observers: 
        none
      Pointer: 0x1457d58a3010
      Container manages memory: true
      Size: 8530021
      Capacity: 8530021

     Moving image = Image (0x46c2840)
  RTTI typeinfo:   itk::Image<double, 3u>
  Reference Count: 2
  Modified Time: 1595
  Debug: Off
  Object Name: 
  Observers: 
    none
  Source: (none)
  Source output name: (none)
  Release Data: Off
  Data Released: False
  Global Release Data: Off
  PipelineMTime: 0
  UpdateMTime: 1592
  RealTimeStamp: 0 seconds 
  LargestPossibleRegion: 
    Dimension: 3
    Index: [0, 0, 0]
    Size: [160, 240, 256]
  BufferedRegion: 
    Dimension: 3
    Index: [0, 0, 0]
    Size: [160, 240, 256]
  RequestedRegion: 
    Dimension: 3
    Index: [0, 0, 0]
    Size: [160, 240, 256]
  Spacing: [0.999999, 1, 1]
  Origin: [84.1637, 106.709, -120.531]
  Direction: 
-0.999619 -0.0226874 -0.0157033
0.0226846 -0.999743 0.00035635
-0.0157073 -7.8229e-09 0.999877

  IndexToPointMatrix: 
-0.999619 -0.0226874 -0.0157033
0.0226845 -0.999743 0.00035635
-0.0157073 -7.8229e-09 0.999877

  PointToIndexMatrix: 
-0.99962 0.0226846 -0.0157073
-0.0226874 -0.999743 -7.83127e-09
-0.0157033 0.00035635 0.999877

  Inverse Direction: 
-0.999619 0.0226846 -0.0157073
-0.0226874 -0.999743 -7.83127e-09
-0.0157033 0.00035635 0.999877

  PixelContainer: 
    ImportImageContainer (0x466ac90)
      RTTI typeinfo:   itk::ImportImageContainer<unsigned long, double>
      Reference Count: 1
      Modified Time: 1589
      Debug: Off
      Object Name: 
      Observers: 
        none
      Pointer: 0x1457d0da2010
      Container manages memory: true
      Size: 9830400
      Capacity: 9830400

     Weighting = 1
     Sampling strategy = regular
     Number of bins = 32
     Radius = 4
     Sampling percentage  = 0.25
   Transform = Affine
     Gradient step = 0.1
     Update field sigma (voxel space) = 0
     Total field sigma (voxel space) = 0
     Update field time sigma = 0
     Total field time sigma  = 0
     Number of time indices = 0
     Number of time point samples = 0
Registration using 1 total stages.

Stage 0
  iterations = 1000x500x250x100
  convergence threshold = 1e-06
  convergence window size = 10
  number of levels = 4
  using the Mattes MI metric (number of bins = 32, weight = 1, use gradient filter = 0)
  preprocessing:  winsorizing the image intensities
  Shrink factors (level 1 out of 4): [8, 8, 8]
  Shrink factors (level 2 out of 4): [4, 4, 4]
  Shrink factors (level 3 out of 4): [2, 2, 2]
  Shrink factors (level 4 out of 4): [1, 1, 1]
  smoothing sigmas per level: [3, 2, 1, 0]
  regular sampling (percentage = 0.25)

*** Running AffineTransform registration ***

DIAGNOSTIC,Iteration,metricValue,convergenceValue,ITERATION_TIME_INDEX,SINCE_LAST
 2DIAGNOSTIC,     1, -5.242352578066e-01, 1.797693134862e+308, 7.4037e-01, 7.4037e-01, 
 2DIAGNOSTIC,     2, -5.260626044371e-01, 1.797693134862e+308, 7.4627e-01, 5.8970e-03, 
 2DIAGNOSTIC,     3, -5.293037447437e-01, 1.797693134862e+308, 7.5119e-01, 4.9191e-03, 
 2DIAGNOSTIC,     4, -5.354609641314e-01, 1.797693134862e+308, 7.5606e-01, 4.8659e-03, 
 2DIAGNOSTIC,     5, -5.460482468861e-01, 1.797693134862e+308, 7.6101e-01, 4.9589e-03, 
 2DIAGNOSTIC,     6, -5.735339269567e-01, 1.797693134862e+308, 7.6616e-01, 5.1439e-03, 
 2DIAGNOSTIC,     7, -6.621907236681e-01, 1.797693134862e+308, 7.7219e-01, 6.0270e-03, 
 2DIAGNOSTIC,     8, -6.957671619663e-01, 1.797693134862e+308, 7.8004e-01, 7.8590e-03, 
 2DIAGNOSTIC,     9, -6.992966735395e-01, 1.797693134862e+308, 7.8536e-01, 5.3129e-03, 
 2DIAGNOSTIC,    10, -7.217635250619e-01, 2.502519925666e-02, 7.9084e-01, 5.4872e-03, 
 2DIAGNOSTIC,    11, -7.484446038264e-01, 2.480428962908e-02, 7.9639e-01, 5.5411e-03, 
 2DIAGNOSTIC,    12, -7.617112485159e-01, 2.289805636510e-02, 8.0192e-01, 5.5380e-03, 
 2DIAGNOSTIC,    13, -7.777820919896e-01, 1.992544481653e-02, 8.0882e-01, 6.8979e-03, 
 2DIAGNOSTIC,    14, -7.860489497761e-01, 1.615902705917e-02, 8.1743e-01, 8.6119e-03, 
 2DIAGNOSTIC,    15, -7.863259148747e-01, 1.186482189888e-02, 8.2296e-01, 5.5289e-03, 
 2DIAGNOSTIC,    16, -7.878630558361e-01, 7.840407029863e-03, 8.2832e-01, 5.3580e-03, 
 2DIAGNOSTIC,    17, -7.897181460558e-01, 5.880729131209e-03, 8.3371e-01, 5.3880e-03, 
 2DIAGNOSTIC,    18, -7.921481755789e-01, 4.476242425912e-03, 8.3913e-01, 5.4259e-03, 
 2DIAGNOSTIC,    19, -7.969669050351e-01, 3.005115437499e-03, 8.4548e-01, 6.3460e-03, 
 2DIAGNOSTIC,    20, -7.989257428101e-01, 1.918502473544e-03, 8.5446e-01, 8.9769e-03, 
 2DIAGNOSTIC,    21, -7.991271359269e-01, 1.294303476130e-03, 8.6044e-01, 5.9779e-03, 
 2DIAGNOSTIC,    22, -7.992903853827e-01, 8.564293011384e-04, 8.6585e-01, 5.4159e-03, 
 2DIAGNOSTIC,    23, -7.994052001618e-01, 6.611805916084e-04, 8.7128e-01, 5.4269e-03, 
 2DIAGNOSTIC,    24, -7.997110838753e-01, 5.648461869090e-04, 8.7660e-01, 5.3210e-03, 
 2DIAGNOSTIC,    25, -7.999858865613e-01, 4.326844313312e-04, 8.8187e-01, 5.2681e-03, 
 2DIAGNOSTIC,    26, -8.004972747002e-01, 3.033519459831e-04, 8.8719e-01, 5.3191e-03, 
 2DIAGNOSTIC,    27, -8.012843256988e-01, 1.951200274461e-04, 8.9248e-01, 5.2972e-03, 
 2DIAGNOSTIC,    28, -8.029513963484e-01, 1.329881787697e-04, 8.9791e-01, 5.4221e-03, 
 2DIAGNOSTIC,    29, -8.078208444527e-01, 1.928130386623e-04, 9.0569e-01, 7.7841e-03, 
 2DIAGNOSTIC,    30, -8.089972760717e-01, 2.694115025840e-04, 9.1120e-01, 5.5141e-03, 
 2DIAGNOSTIC,    31, -8.102753511915e-01, 3.342884704329e-04, 9.1666e-01, 5.4600e-03, 
 2DIAGNOSTIC,    32, -8.130651720373e-01, 3.994108286430e-04, 9.2223e-01, 5.5621e-03, 
 2DIAGNOSTIC,    33, -8.282083260606e-01, 5.995544828195e-04, 9.2942e-01, 7.1931e-03, 
 2DIAGNOSTIC,    34, -8.295227010504e-01, 7.429728883856e-04, 9.3478e-01, 5.3561e-03, 
 2DIAGNOSTIC,    35, -8.327245189435e-01, 8.467705315952e-04, 9.4387e-01, 9.0950e-03, 
 2DIAGNOSTIC,    36, -8.332333562942e-01, 8.770046108412e-04, 9.4909e-01, 5.2199e-03, 
 2DIAGNOSTIC,    37, -8.344634975606e-01, 8.426723820854e-04, 9.5445e-01, 5.3580e-03, 
 2DIAGNOSTIC,    38, -8.356383581589e-01, 7.552505416388e-04, 9.5982e-01, 5.3742e-03, 
 2DIAGNOSTIC,    39, -8.371461273067e-01, 6.622109536947e-04, 9.6505e-01, 5.2240e-03, 
 2DIAGNOSTIC,    40, -8.381394015092e-01, 5.335254841344e-04, 9.7024e-01, 5.1939e-03, 
 2DIAGNOSTIC,    41, -8.394637001253e-01, 3.859470040525e-04, 9.7613e-01, 5.8861e-03, 
 2DIAGNOSTIC,    42, -8.395974559900e-01, 2.320585689467e-04, 9.8141e-01, 5.2881e-03, 
 2DIAGNOSTIC,    43, -8.401172117873e-01, 2.003647984591e-04, 9.8732e-01, 5.9030e-03, 
 2DIAGNOSTIC,    44, -8.407280384691e-01, 1.667848126362e-04, 9.9366e-01, 6.3410e-03, 
 2DIAGNOSTIC,    45, -8.409702288996e-01, 1.473618702133e-04, 1.0006e+00, 6.9840e-03, 
 2DIAGNOSTIC,    46, -8.409736274804e-01, 1.188938002616e-04, 1.0064e+00, 5.8010e-03, 
 2DIAGNOSTIC,    47, -8.412206211464e-01, 9.215248165986e-05, 1.0122e+00, 5.7480e-03, 
 2DIAGNOSTIC,    48, -8.413812655760e-01, 6.799936770067e-05, 1.0174e+00, 5.1630e-03, 
 2DIAGNOSTIC,    49, -8.413758425109e-01, 4.962207929696e-05, 1.0226e+00, 5.2390e-03, 
 2DIAGNOSTIC,    50, -8.415580145171e-01, 3.582308504648e-05, 1.0278e+00, 5.2459e-03, 
 2DIAGNOSTIC,    51, -8.420350196590e-01, 3.230045331385e-05, 1.0338e+00, 5.9130e-03, 
 2DIAGNOSTIC,    52, -8.422703392646e-01, 2.836267444475e-05, 1.0398e+00, 6.0129e-03, 
 2DIAGNOSTIC,    53, -8.423092967366e-01, 2.568571573415e-05, 1.0457e+00, 5.9299e-03, 
 2DIAGNOSTIC,    54, -8.421523177073e-01, 2.383016812174e-05, 1.0510e+00, 5.2810e-03, 
 2DIAGNOSTIC,    55, -8.429259882612e-01, 2.663655525812e-05, 1.0582e+00, 7.2699e-03, 
 2DIAGNOSTIC,    56, -8.429355770322e-01, 2.667495336755e-05, 1.0641e+00, 5.8899e-03, 
 2DIAGNOSTIC,    57, -8.428212149475e-01, 2.505195664416e-05, 1.0694e+00, 5.3098e-03, 
 2DIAGNOSTIC,    58, -8.425831229566e-01, 2.081460038572e-05, 1.0751e+00, 5.6560e-03, 
 2DIAGNOSTIC,    59, -8.426359342077e-01, 1.514063584634e-05, 1.0823e+00, 7.1549e-03, 
 2DIAGNOSTIC,    60, -8.424273473600e-01, 7.936804339574e-06, 1.0878e+00, 5.5170e-03, 
 2DIAGNOSTIC,    61, -8.423183833553e-01, 2.414002796040e-06, 1.0933e+00, 5.4839e-03, 
DIAGNOSTIC,Iteration,metricValue,convergenceValue,ITERATION_TIME_INDEX,SINCE_LAST
 2DIAGNOSTIC,     1, -6.909195528962e-01, 1.797693134862e+308, 1.8622e+00, 7.6894e-01, 
 2DIAGNOSTIC,     2, -6.913961508077e-01, 1.797693134862e+308, 1.9029e+00, 4.0676e-02, 
 2DIAGNOSTIC,     3, -6.917528628000e-01, 1.797693134862e+308, 1.9446e+00, 4.1762e-02, 
 2DIAGNOSTIC,     4, -6.921058696052e-01, 1.797693134862e+308, 1.9839e+00, 3.9279e-02, 
 2DIAGNOSTIC,     5, -6.926036522310e-01, 1.797693134862e+308, 2.0243e+00, 4.0378e-02, 
 2DIAGNOSTIC,     6, -6.935076529748e-01, 1.797693134862e+308, 2.0790e+00, 5.4675e-02, 
 2DIAGNOSTIC,     7, -6.935161469559e-01, 1.797693134862e+308, 2.1287e+00, 4.9690e-02, 
 2DIAGNOSTIC,     8, -6.935344162344e-01, 1.797693134862e+308, 2.1676e+00, 3.8969e-02, 
 2DIAGNOSTIC,     9, -6.935945104098e-01, 1.797693134862e+308, 2.2118e+00, 4.4187e-02, 
 2DIAGNOSTIC,    10, -6.935988807524e-01, 2.763917484276e-04, 2.2541e+00, 4.2294e-02, 
 2DIAGNOSTIC,    11, -6.936044286572e-01, 2.006462914141e-04, 2.2979e+00, 4.3789e-02, 
 2DIAGNOSTIC,    12, -6.936148411829e-01, 1.364385417796e-04, 2.3436e+00, 4.5730e-02, 
