
##########################
# Experiment information #
##########################

EXPERIMENT_NAME: antsRegistration-r8-p10
VFC_BACKENDS: libinterflop_vprec.so --range-binary32=8 --precision-binary32=10 --range-binary64=8 --precision-binary64=10

SIF_IMG: /home/mdugre/projects/rrg-glatard/mdugre/containers/ants-vprec-no_metrics.simg

SUBJECT_ID: s035
INPUT_IMG: /home/mdugre/scratch/mri-registration-rp/datasets/ds004513/derivatives/mri-registration-rp/antsBrainExtraction/sub-s035/BrainExtractionBrain.nii.gz
OUTPUT_DIR: /home/mdugre/scratch/mri-registration-rp/datasets/ds004513/derivatives/mri-registration-rp/0100/antsRegistration-r8-p10/sub-s035

FIXED_IMG: /templateflow/tpl-MNI152NLin2009cAsym/tpl-MNI152NLin2009cAsym_res-01_desc-brain_T1w.nii.gz
DATA_DIR: /home/mdugre/scratch/mri-registration-rp/datasets/ds004513
TEMPLATEFLOW_DIR: /home/mdugre/projects/rrg-glatard/mdugre/templateflow
ITK_GLOBAL_DEFAULT_NUMBER_OF_THREADS: 16
##########################

Info [verificarlo]: loaded backend libinterflop_ieee.so
Info [interflop-ieee]: load backend with:
Info [interflop-ieee]: debug = false
Info [interflop-ieee]: debug-binary = false
Info [interflop-ieee]: no-backend-name = false
Info [interflop-ieee]: print-new-line = false
Info [interflop-ieee]: print-subnormal-normalized = false
Info [interflop-ieee]: count-op = false
All_Command_lines_OK
Using double precision for computations.
=============================================================================
The composite transform comprises the following transforms (in order): 
  1. Center of mass alignment using fixed image: /templateflow/tpl-MNI152NLin2009cAsym/tpl-MNI152NLin2009cAsym_res-01_desc-brain_T1w.nii.gz and moving image: /home/mdugre/scratch/mri-registration-rp/datasets/ds004513/derivatives/mri-registration-rp/antsBrainExtraction/sub-s035/BrainExtractionBrain.nii.gz (type = Euler3DTransform)
=============================================================================
  number of levels = 1
  fixed image: /templateflow/tpl-MNI152NLin2009cAsym/tpl-MNI152NLin2009cAsym_res-01_desc-brain_T1w.nii.gz
  moving image: /home/mdugre/scratch/mri-registration-rp/datasets/ds004513/derivatives/mri-registration-rp/antsBrainExtraction/sub-s035/BrainExtractionBrain.nii.gz
Dimension = 3
Number of stages = 1
Use histogram matching = false
Winsorize image intensities = true
  Lower quantile = 0.005
  Upper quantile = 0.995


Stage 1 State
   Image metric = MattesMI
     Fixed image = Image (0x4fa2e70)
  RTTI typeinfo:   itk::Image<double, 3u>
  Reference Count: 2
  Modified Time: 2330
  Debug: Off
  Object Name: 
  Observers: 
    none
  Source: (none)
  Source output name: (none)
  Release Data: Off
  Data Released: False
  Global Release Data: Off
  PipelineMTime: 0
  UpdateMTime: 1941
  RealTimeStamp: 0 seconds 
  LargestPossibleRegion: 
    Dimension: 3
    Index: [0, 0, 0]
    Size: [193, 229, 193]
  BufferedRegion: 
    Dimension: 3
    Index: [0, 0, 0]
    Size: [193, 229, 193]
  RequestedRegion: 
    Dimension: 3
    Index: [0, 0, 0]
    Size: [193, 229, 193]
  Spacing: [1, 1, 1]
  Origin: [96, 132, -78]
  Direction: 
-1 0 0
0 -1 0
0 0 1

  IndexToPointMatrix: 
-1 0 0
0 -1 0
0 0 1

  PointToIndexMatrix: 
-1 0 0
0 -1 0
0 0 1

  Inverse Direction: 
-1 0 0
0 -1 0
0 0 1

  PixelContainer: 
    ImportImageContainer (0x4fabc60)
      RTTI typeinfo:   itk::ImportImageContainer<unsigned long, double>
      Reference Count: 1
      Modified Time: 1938
      Debug: Off
      Object Name: 
      Observers: 
        none
      Pointer: 0x14b5811b8010
      Container manages memory: true
      Size: 8530021
      Capacity: 8530021

     Moving image = Image (0x503fec0)
  RTTI typeinfo:   itk::Image<double, 3u>
  Reference Count: 2
  Modified Time: 2331
  Debug: Off
  Object Name: 
  Observers: 
    none
  Source: (none)
  Source output name: (none)
  Release Data: Off
  Data Released: False
  Global Release Data: Off
  PipelineMTime: 0
  UpdateMTime: 2328
  RealTimeStamp: 0 seconds 
  LargestPossibleRegion: 
    Dimension: 3
    Index: [0, 0, 0]
    Size: [160, 240, 256]
  BufferedRegion: 
    Dimension: 3
    Index: [0, 0, 0]
    Size: [160, 240, 256]
  RequestedRegion: 
    Dimension: 3
    Index: [0, 0, 0]
    Size: [160, 240, 256]
  Spacing: [1, 1, 1]
  Origin: [98.6438, 87.6358, -117.989]
  Direction: 
-0.993515 -0.100993 -0.0522355
0.100854 -0.994887 0.00530255
-0.0525039 1.93537e-08 0.998621

  IndexToPointMatrix: 
-0.993515 -0.100993 -0.0522355
0.100854 -0.994887 0.00530255
-0.0525039 1.93537e-08 0.998621

  PointToIndexMatrix: 
-0.993515 0.100854 -0.0525039
-0.100993 -0.994887 1.93006e-08
-0.0522355 0.00530255 0.998621

  Inverse Direction: 
-0.993515 0.100854 -0.0525039
-0.100993 -0.994887 1.93006e-08
-0.0522355 0.00530255 0.998621

  PixelContainer: 
    ImportImageContainer (0x50d7610)
      RTTI typeinfo:   itk::ImportImageContainer<unsigned long, double>
      Reference Count: 1
      Modified Time: 2325
      Debug: Off
      Object Name: 
      Observers: 
        none
      Pointer: 0x14b57c6b7010
      Container manages memory: true
      Size: 9830400
      Capacity: 9830400

     Weighting = 1
     Sampling strategy = regular
     Number of bins = 32
     Radius = 4
     Sampling percentage  = 0.25
   Transform = Rigid
     Gradient step = 0.1
     Update field sigma (voxel space) = 0
     Total field sigma (voxel space) = 0
     Update field time sigma = 0
     Total field time sigma  = 0
     Number of time indices = 0
     Number of time point samples = 0
Registration using 1 total stages.

Stage 0
  iterations = 0
  convergence threshold = 1e-06
  convergence window size = 10
  number of levels = 1
  using the Mattes MI metric (number of bins = 32, weight = 1, use gradient filter = 0)
  preprocessing:  winsorizing the image intensities
  Shrink factors (level 1 out of 1): [1, 1, 1]
  smoothing sigmas per level: [0]
  regular sampling (percentage = 0.25)

*** Running Euler3DTransform registration ***

  Elapsed time (stage 0): 1.08404


Total elapsed time: 1.08622
Info [verificarlo]: loaded backend libinterflop_vprec.so
Info [interflop-vprec]: load backend with: 
Info [interflop-vprec]: precision-binary32 = 10
Info [interflop-vprec]: range-binary32 = 8
Info [interflop-vprec]: precision-binary64 = 10
Info [interflop-vprec]: range-binary64 = 8
Info [interflop-vprec]: mode = ob
Info [interflop-vprec]: error-mode = rel
Info [interflop-vprec]: max-abs-error-exponent = -1022
Info [interflop-vprec]: daz = false
Info [interflop-vprec]: ftz = false
Info [interflop-vprec]: 	instrument = none
Info [interflop-vprec]: 	prec-input-file = (null)
Info [interflop-vprec]: 	prec-output-file = (null)
Info [interflop-vprec]: 	prec-log-file = (null)
All_Command_lines_OK
Using double precision for computations.
=============================================================================
The composite transform comprises the following transforms (in order): 
  1. /home/mdugre/scratch/mri-registration-rp/datasets/ds004513/derivatives/mri-registration-rp/0100/antsRegistration-r8-p10/sub-s035/align_Composite.h5[0] (type = Euler3DTransform)
  2. /home/mdugre/scratch/mri-registration-rp/datasets/ds004513/derivatives/mri-registration-rp/0100/antsRegistration-r8-p10/sub-s035/align_Composite.h5[1] (type = Euler3DTransform)
=============================================================================
  number of levels = 4
  fixed image: /templateflow/tpl-MNI152NLin2009cAsym/tpl-MNI152NLin2009cAsym_res-01_desc-brain_T1w.nii.gz
  moving image: /home/mdugre/scratch/mri-registration-rp/datasets/ds004513/derivatives/mri-registration-rp/antsBrainExtraction/sub-s035/BrainExtractionBrain.nii.gz
Dimension = 3
Number of stages = 1
Use histogram matching = false
Winsorize image intensities = true
  Lower quantile = 0.005
  Upper quantile = 0.995


Stage 1 State
   Image metric = MattesMI
     Fixed image = Image (0x396e1e0)
  RTTI typeinfo:   itk::Image<double, 3u>
  Reference Count: 2
  Modified Time: 1578
  Debug: Off
  Object Name: 
  Observers: 
    none
  Source: (none)
  Source output name: (none)
  Release Data: Off
  Data Released: False
  Global Release Data: Off
  PipelineMTime: 0
  UpdateMTime: 1189
  RealTimeStamp: 0 seconds 
  LargestPossibleRegion: 
    Dimension: 3
    Index: [0, 0, 0]
    Size: [193, 229, 193]
  BufferedRegion: 
    Dimension: 3
    Index: [0, 0, 0]
    Size: [193, 229, 193]
  RequestedRegion: 
    Dimension: 3
    Index: [0, 0, 0]
    Size: [193, 229, 193]
  Spacing: [1, 1, 1]
  Origin: [96, 132, -78]
  Direction: 
-1 0 0
0 -1 0
0 0 1

  IndexToPointMatrix: 
-1 0 0
0 -1 0
0 0 1

  PointToIndexMatrix: 
-1 0 0
0 -1 0
0 0 1

  Inverse Direction: 
-1 0 0
0 -1 0
0 0 1

  PixelContainer: 
    ImportImageContainer (0x3a2d680)
      RTTI typeinfo:   itk::ImportImageContainer<unsigned long, double>
      Reference Count: 1
      Modified Time: 1186
      Debug: Off
      Object Name: 
      Observers: 
        none
      Pointer: 0x145fd90f0010
      Container manages memory: true
      Size: 8530021
      Capacity: 8530021

     Moving image = Image (0x3a29b20)
  RTTI typeinfo:   itk::Image<double, 3u>
  Reference Count: 2
  Modified Time: 1579
  Debug: Off
  Object Name: 
  Observers: 
    none
  Source: (none)
  Source output name: (none)
  Release Data: Off
  Data Released: False
  Global Release Data: Off
  PipelineMTime: 0
  UpdateMTime: 1576
  RealTimeStamp: 0 seconds 
  LargestPossibleRegion: 
    Dimension: 3
    Index: [0, 0, 0]
    Size: [160, 240, 256]
  BufferedRegion: 
    Dimension: 3
    Index: [0, 0, 0]
    Size: [160, 240, 256]
  RequestedRegion: 
    Dimension: 3
    Index: [0, 0, 0]
    Size: [160, 240, 256]
  Spacing: [1, 1, 1]
  Origin: [98.625, 87.625, -118]
  Direction: 
-0.993652 -0.101013 -0.0522461
0.100891 -0.994629 0.00530243
-0.0524902 0 0.998535

  IndexToPointMatrix: 
-0.993652 -0.101013 -0.0522461
0.100891 -0.994629 0.00530243
-0.0524902 0 0.998535

  PointToIndexMatrix: 
-0.994141 0.100891 -0.0524902
-0.101074 -0.996094 -0.000976562
-0.0522461 0.00408936 0.998535

  Inverse Direction: 
-0.994141 0.100891 -0.0524902
-0.101074 -0.996094 -0.000976562
-0.0522461 0.00408936 0.998535

  PixelContainer: 
    ImportImageContainer (0x3a92d50)
      RTTI typeinfo:   itk::ImportImageContainer<unsigned long, double>
      Reference Count: 1
      Modified Time: 1573
      Debug: Off
      Object Name: 
      Observers: 
        none
      Pointer: 0x145fd45ef010
      Container manages memory: true
      Size: 9830400
      Capacity: 9830400

     Weighting = 1
     Sampling strategy = regular
     Number of bins = 32
     Radius = 4
     Sampling percentage  = 0.25
   Transform = Rigid
     Gradient step = 0.1
     Update field sigma (voxel space) = 0
     Total field sigma (voxel space) = 0
     Update field time sigma = 0
     Total field time sigma  = 0
     Number of time indices = 0
     Number of time point samples = 0
Registration using 1 total stages.

Stage 0
  iterations = 1000x500x250x100
  convergence threshold = 1e-06
  convergence window size = 10
  number of levels = 4
  using the Mattes MI metric (number of bins = 32, weight = 1, use gradient filter = 0)
  preprocessing:  winsorizing the image intensities
  Shrink factors (level 1 out of 4): [8, 8, 8]
  Shrink factors (level 2 out of 4): [4, 4, 4]
  Shrink factors (level 3 out of 4): [2, 2, 2]
  Shrink factors (level 4 out of 4): [1, 1, 1]
  smoothing sigmas per level: [3, 2, 1, 0]
  regular sampling (percentage = 0.25)

*** Running Euler3DTransform registration ***

DIAGNOSTIC,Iteration,metricValue,convergenceValue,ITERATION_TIME_INDEX,SINCE_LAST
 2DIAGNOSTIC,     1, -5.233383279132e-01, 1.797693134862e+308, 0.0000e+00, 0.0000e+00, 
 2DIAGNOSTIC,     2, -5.236412588844e-01, 1.797693134862e+308, 0.0000e+00, 0.0000e+00, 
 2DIAGNOSTIC,     3, -5.238521030843e-01, 1.797693134862e+308, 0.0000e+00, 0.0000e+00, 
 2DIAGNOSTIC,     4, -5.241233015719e-01, 1.797693134862e+308, 0.0000e+00, 0.0000e+00, 
 2DIAGNOSTIC,     5, -5.240835078446e-01, 1.797693134862e+308, 0.0000e+00, 0.0000e+00, 
 2DIAGNOSTIC,     6, -5.240642515380e-01, 1.797693134862e+308, 0.0000e+00, 0.0000e+00, 
 2DIAGNOSTIC,     7, -5.240524394269e-01, 1.797693134862e+308, 0.0000e+00, 0.0000e+00, 
 2DIAGNOSTIC,     8, -5.240523600283e-01, 1.797693134862e+308, 0.0000e+00, 0.0000e+00, 
 2DIAGNOSTIC,     9, -5.240513313110e-01, 1.797693134862e+308, 0.0000e+00, 0.0000e+00, 
 2DIAGNOSTIC,    10, -5.240516610228e-01, 6.378858472637e-05, 0.0000e+00, 0.0000e+00, 
 2DIAGNOSTIC,    11, -5.240516725119e-01, 2.552447049339e-05, 0.0000e+00, 0.0000e+00, 
 2DIAGNOSTIC,    12, -5.240292908654e-01, 3.892279411874e-06, 0.0000e+00, 0.0000e+00, 
DIAGNOSTIC,Iteration,metricValue,convergenceValue,ITERATION_TIME_INDEX,SINCE_LAST
 2DIAGNOSTIC,     1, -4.350193008348e-01, 1.797693134862e+308, 0.0000e+00, 0.0000e+00, 
 2DIAGNOSTIC,     2, -4.350856888373e-01, 1.797693134862e+308, 0.0000e+00, 0.0000e+00, 
 2DIAGNOSTIC,     3, -4.354706902503e-01, 1.797693134862e+308, 0.0000e+00, 0.0000e+00, 
 2DIAGNOSTIC,     4, -4.357773204395e-01, 1.797693134862e+308, 0.0000e+00, 0.0000e+00, 
 2DIAGNOSTIC,     5, -4.363150201587e-01, 1.797693134862e+308, 0.0000e+00, 0.0000e+00, 
 2DIAGNOSTIC,     6, -4.373322550422e-01, 1.797693134862e+308, 0.0000e+00, 0.0000e+00, 
 2DIAGNOSTIC,     7, -4.391445173109e-01, 1.797693134862e+308, 0.0000e+00, 0.0000e+00, 
 2DIAGNOSTIC,     8, -4.423404032455e-01, 1.797693134862e+308, 0.0000e+00, 0.0000e+00, 
 2DIAGNOSTIC,     9, -4.489389448194e-01, 1.797693134862e+308, 0.0000e+00, 0.0000e+00, 
 2DIAGNOSTIC,    10, -4.604424070858e-01, 2.844316401413e-03, 0.0000e+00, 0.0000e+00, 
 2DIAGNOSTIC,    11, -4.797341859897e-01, 4.585495778661e-03, 0.0000e+00, 0.0000e+00, 
 2DIAGNOSTIC,    12, -5.105497684848e-01, 7.183024039379e-03, 0.0000e+00, 0.0000e+00, 
 2DIAGNOSTIC,    13, -5.428033568079e-01, 1.017893262144e-02, 0.0000e+00, 0.0000e+00, 
 2DIAGNOSTIC,    14, -5.484746552619e-01, 1.199582413035e-02, 0.0000e+00, 0.0000e+00, 
 2DIAGNOSTIC,    15, -5.482105590714e-01, 1.247874159738e-02, 0.0000e+00, 0.0000e+00, 
 2DIAGNOSTIC,    16, -5.489009158013e-01, 1.183030613551e-02, 0.0000e+00, 0.0000e+00, 
 2DIAGNOSTIC,    17, -5.498867867584e-01, 1.027046710105e-02, 0.0000e+00, 0.0000e+00, 
 2DIAGNOSTIC,    18, -5.504951332391e-01, 8.076451817331e-03, 0.0000e+00, 0.0000e+00, 
 2DIAGNOSTIC,    19, -5.513616553053e-01, 5.636516528202e-03, 0.0000e+00, 0.0000e+00, 
 2DIAGNOSTIC,    20, -5.529478003867e-01, 3.340213908751e-03, 0.0000e+00, 0.0000e+00, 
 2DIAGNOSTIC,    21, -5.547529417820e-01, 1.547673573719e-03, 0.0000e+00, 0.0000e+00, 
 2DIAGNOSTIC,    22, -5.565351738657e-01, 6.204005658821e-04, 0.0000e+00, 0.0000e+00, 
 2DIAGNOSTIC,    23, -5.586426126695e-01, 5.735114294221e-04, 0.0000e+00, 0.0000e+00, 
 2DIAGNOSTIC,    24, -5.599382164712e-01, 6.422025682094e-04, 0.0000e+00, 0.0000e+00, 
 2DIAGNOSTIC,    25, -5.618648679890e-01, 6.818298529957e-04, 0.0000e+00, 0.0000e+00, 
 2DIAGNOSTIC,    26, -5.650304606861e-01, 7.362441408598e-04, 0.0000e+00, 0.0000e+00, 
 2DIAGNOSTIC,    27, -5.651189554499e-01, 7.378927997417e-04, 0.0000e+00, 0.0000e+00, 
 2DIAGNOSTIC,    28, -5.652051273376e-01, 6.847913274190e-04, 0.0000e+00, 0.0000e+00, 
 2DIAGNOSTIC,    29, -5.655338179601e-01, 5.945355784383e-04, 0.0000e+00, 0.0000e+00, 
 2DIAGNOSTIC,    30, -5.654745023863e-01, 4.820996934658e-04, 0.0000e+00, 0.0000e+00, 
 2DIAGNOSTIC,    31, -5.653806513583e-01, 3.615345961125e-04, 0.0000e+00, 0.0000e+00, 
 2DIAGNOSTIC,    32, -5.653806513583e-01, 2.453637335644e-04, 0.0000e+00, 0.0000e+00, 
 2DIAGNOSTIC,    33, -5.653765735222e-01, 1.491601878218e-04, 0.0000e+00, 0.0000e+00, 
 2DIAGNOSTIC,    34, -5.653765735222e-01, 6.547360089762e-05, 0.0000e+00, 0.0000e+00, 
 2DIAGNOSTIC,    35, -5.653765735222e-01, 9.421585864818e-06, 0.0000e+00, 0.0000e+00, 
 2DIAGNOSTIC,    36, -5.653765735222e-01, 3.796120634184e-06, 0.0000e+00, 0.0000e+00, 
DIAGNOSTIC,Iteration,metricValue,convergenceValue,ITERATION_TIME_INDEX,SINCE_LAST
 2DIAGNOSTIC,     1, -5.029219301384e-01, 1.797693134862e+308, 0.0000e+00, 0.0000e+00, 
 2DIAGNOSTIC,     2, -5.028788404828e-01, 1.797693134862e+308, 0.0000e+00, 0.0000e+00, 
 2DIAGNOSTIC,     3, -5.028679195642e-01, 1.797693134862e+308, 0.0000e+00, 0.0000e+00, 
 2DIAGNOSTIC,     4, -5.028544910175e-01, 1.797693134862e+308, 0.0000e+00, 0.0000e+00, 
 2DIAGNOSTIC,     5, -5.028381797771e-01, 1.797693134862e+308, 0.0000e+00, 0.0000e+00, 
 2DIAGNOSTIC,     6, -5.028544928106e-01, 1.797693134862e+308, 0.0000e+00, 0.0000e+00, 
 2DIAGNOSTIC,     7, -5.028496684011e-01, 1.797693134862e+308, 0.0000e+00, 0.0000e+00, 
 2DIAGNOSTIC,     8, -5.028686432010e-01, 1.797693134862e+308, 0.0000e+00, 0.0000e+00, 
 2DIAGNOSTIC,     9, -5.028811305813e-01, 1.797693134862e+308, 0.0000e+00, 0.0000e+00, 
DIAGNOSTIC,Iteration,metricValue,convergenceValue,ITERATION_TIME_INDEX,SINCE_LAST
 2DIAGNOSTIC,     1, -4.655726622838e-01, 1.797693134862e+308, 0.0000e+00, 0.0000e+00, 
 2DIAGNOSTIC,     2, -4.655995501559e-01, 1.797693134862e+308, 0.0000e+00, 0.0000e+00, 
 2DIAGNOSTIC,     3, -4.656236575911e-01, 1.797693134862e+308, 0.0000e+00, 0.0000e+00, 
 2DIAGNOSTIC,     4, -4.656320936223e-01, 1.797693134862e+308, 0.0000e+00, 0.0000e+00, 
 2DIAGNOSTIC,     5, -4.656560469733e-01, 1.797693134862e+308, 0.0000e+00, 0.0000e+00, 
 2DIAGNOSTIC,     6, -4.656705392581e-01, 1.797693134862e+308, 0.0000e+00, 0.0000e+00, 
 2DIAGNOSTIC,     7, -4.656699035289e-01, 1.797693134862e+308, 0.0000e+00, 0.0000e+00, 
 2DIAGNOSTIC,     8, -4.656687265292e-01, 1.797693134862e+308, 0.0000e+00, 0.0000e+00, 
 2DIAGNOSTIC,     9, -4.656471076762e-01, 1.797693134862e+308, 0.0000e+00, 0.0000e+00, 
 2DIAGNOSTIC,    10, -4.656459790703e-01, 1.015989347126e-05, 0.0000e+00, 0.0000e+00, 
 2DIAGNOSTIC,    11, -4.656589002877e-01, 5.276752582148e-06, 0.0000e+00, 0.0000e+00, 
 2DIAGNOSTIC,    12, -4.656548395092e-01, 1.845413122301e-06, 0.0000e+00, 0.0000e+00, 
  Elapsed time (stage 0): 0.0000e+00


Total elapsed time: 0.0000e+00
Info [verificarlo]: loaded backend libinterflop_ieee.so
Info [interflop-ieee]: load backend with:
Info [interflop-ieee]: debug = false
Info [interflop-ieee]: debug-binary = false
Info [interflop-ieee]: no-backend-name = false
Info [interflop-ieee]: print-new-line = false
Info [interflop-ieee]: print-subnormal-normalized = false
Info [interflop-ieee]: count-op = false
All_Command_lines_OK
Using double precision for computations.
=============================================================================
The composite transform comprises the following transforms (in order): 
  1. /home/mdugre/scratch/mri-registration-rp/datasets/ds004513/derivatives/mri-registration-rp/0100/antsRegistration-r8-p10/sub-s035/rigid_Composite.h5[0] (type = Euler3DTransform)
  2. /home/mdugre/scratch/mri-registration-rp/datasets/ds004513/derivatives/mri-registration-rp/0100/antsRegistration-r8-p10/sub-s035/rigid_Composite.h5[1] (type = Euler3DTransform)
  3. /home/mdugre/scratch/mri-registration-rp/datasets/ds004513/derivatives/mri-registration-rp/0100/antsRegistration-r8-p10/sub-s035/rigid_Composite.h5[2] (type = Euler3DTransform)
=============================================================================
  number of levels = 4
  fixed image: /templateflow/tpl-MNI152NLin2009cAsym/tpl-MNI152NLin2009cAsym_res-01_desc-brain_T1w.nii.gz
  moving image: /home/mdugre/scratch/mri-registration-rp/datasets/ds004513/derivatives/mri-registration-rp/antsBrainExtraction/sub-s035/BrainExtractionBrain.nii.gz
Dimension = 3
Number of stages = 1
Use histogram matching = false
Winsorize image intensities = true
  Lower quantile = 0.005
  Upper quantile = 0.995


Stage 1 State
   Image metric = MattesMI
     Fixed image = Image (0x3b8e7e0)
  RTTI typeinfo:   itk::Image<double, 3u>
  Reference Count: 2
  Modified Time: 1592
  Debug: Off
  Object Name: 
  Observers: 
    none
  Source: (none)
  Source output name: (none)
  Release Data: Off
  Data Released: False
  Global Release Data: Off
  PipelineMTime: 0
  UpdateMTime: 1203
  RealTimeStamp: 0 seconds 
  LargestPossibleRegion: 
    Dimension: 3
    Index: [0, 0, 0]
    Size: [193, 229, 193]
  BufferedRegion: 
    Dimension: 3
    Index: [0, 0, 0]
    Size: [193, 229, 193]
  RequestedRegion: 
    Dimension: 3
    Index: [0, 0, 0]
    Size: [193, 229, 193]
  Spacing: [1, 1, 1]
  Origin: [96, 132, -78]
  Direction: 
-1 0 0
0 -1 0
0 0 1

  IndexToPointMatrix: 
-1 0 0
0 -1 0
0 0 1

  PointToIndexMatrix: 
-1 0 0
0 -1 0
0 0 1

  Inverse Direction: 
-1 0 0
0 -1 0
0 0 1

  PixelContainer: 
    ImportImageContainer (0x3c4ea20)
      RTTI typeinfo:   itk::ImportImageContainer<unsigned long, double>
      Reference Count: 1
      Modified Time: 1200
      Debug: Off
      Object Name: 
      Observers: 
        none
      Pointer: 0x14fdd2a25010
      Container manages memory: true
      Size: 8530021
      Capacity: 8530021

     Moving image = Image (0x3c03e20)
  RTTI typeinfo:   itk::Image<double, 3u>
  Reference Count: 2
  Modified Time: 1593
  Debug: Off
  Object Name: 
  Observers: 
    none
  Source: (none)
  Source output name: (none)
  Release Data: Off
  Data Released: False
  Global Release Data: Off
  PipelineMTime: 0
  UpdateMTime: 1590
  RealTimeStamp: 0 seconds 
  LargestPossibleRegion: 
    Dimension: 3
    Index: [0, 0, 0]
    Size: [160, 240, 256]
  BufferedRegion: 
    Dimension: 3
    Index: [0, 0, 0]
    Size: [160, 240, 256]
  RequestedRegion: 
    Dimension: 3
    Index: [0, 0, 0]
    Size: [160, 240, 256]
  Spacing: [1, 1, 1]
  Origin: [98.6438, 87.6358, -117.989]
  Direction: 
-0.993515 -0.100993 -0.0522355
0.100854 -0.994887 0.00530255
-0.0525039 1.93537e-08 0.998621

  IndexToPointMatrix: 
-0.993515 -0.100993 -0.0522355
0.100854 -0.994887 0.00530255
-0.0525039 1.93537e-08 0.998621

  PointToIndexMatrix: 
-0.993515 0.100854 -0.0525039
-0.100993 -0.994887 1.93006e-08
-0.0522355 0.00530255 0.998621

  Inverse Direction: 
-0.993515 0.100854 -0.0525039
-0.100993 -0.994887 1.93006e-08
-0.0522355 0.00530255 0.998621

  PixelContainer: 
    ImportImageContainer (0x3c9d550)
      RTTI typeinfo:   itk::ImportImageContainer<unsigned long, double>
      Reference Count: 1
      Modified Time: 1587
      Debug: Off
      Object Name: 
      Observers: 
        none
      Pointer: 0x14fdcdf24010
      Container manages memory: true
      Size: 9830400
      Capacity: 9830400

     Weighting = 1
     Sampling strategy = regular
     Number of bins = 32
     Radius = 4
     Sampling percentage  = 0.25
   Transform = Affine
     Gradient step = 0.1
     Update field sigma (voxel space) = 0
     Total field sigma (voxel space) = 0
     Update field time sigma = 0
     Total field time sigma  = 0
     Number of time indices = 0
     Number of time point samples = 0
Registration using 1 total stages.

Stage 0
  iterations = 1000x500x250x100
  convergence threshold = 1e-06
  convergence window size = 10
  number of levels = 4
  using the Mattes MI metric (number of bins = 32, weight = 1, use gradient filter = 0)
  preprocessing:  winsorizing the image intensities
  Shrink factors (level 1 out of 4): [8, 8, 8]
  Shrink factors (level 2 out of 4): [4, 4, 4]
  Shrink factors (level 3 out of 4): [2, 2, 2]
  Shrink factors (level 4 out of 4): [1, 1, 1]
  smoothing sigmas per level: [3, 2, 1, 0]
  regular sampling (percentage = 0.25)

*** Running AffineTransform registration ***

DIAGNOSTIC,Iteration,metricValue,convergenceValue,ITERATION_TIME_INDEX,SINCE_LAST
 2DIAGNOSTIC,     1, -6.769909348058e-01, 1.797693134862e+308, 8.4722e-01, 8.4722e-01, 
 2DIAGNOSTIC,     2, -6.796726167617e-01, 1.797693134862e+308, 8.5260e-01, 5.3799e-03, 
 2DIAGNOSTIC,     3, -6.846646846410e-01, 1.797693134862e+308, 8.5804e-01, 5.4369e-03, 
 2DIAGNOSTIC,     4, -6.936352015738e-01, 1.797693134862e+308, 8.6404e-01, 6.0000e-03, 
 2DIAGNOSTIC,     5, -7.046682674419e-01, 1.797693134862e+308, 8.6930e-01, 5.2612e-03, 
 2DIAGNOSTIC,     6, -7.175486337398e-01, 1.797693134862e+308, 8.7516e-01, 5.8529e-03, 
 2DIAGNOSTIC,     7, -7.304486825463e-01, 1.797693134862e+308, 8.8229e-01, 7.1390e-03, 
 2DIAGNOSTIC,     8, -7.332661597003e-01, 1.797693134862e+308, 8.8785e-01, 5.5580e-03, 
 2DIAGNOSTIC,     9, -7.369950802940e-01, 1.797693134862e+308, 8.9979e-01, 1.1936e-02, 
 2DIAGNOSTIC,    10, -7.374895526079e-01, 6.572872804533e-03, 9.0546e-01, 5.6682e-03, 
 2DIAGNOSTIC,    11, -7.378428018959e-01, 5.454195500516e-03, 9.1183e-01, 6.3760e-03, 
 2DIAGNOSTIC,    12, -7.379290594956e-01, 4.130066211761e-03, 9.1902e-01, 7.1890e-03, 
 2DIAGNOSTIC,    13, -7.379007375657e-01, 2.795265630606e-03, 9.2545e-01, 6.4309e-03, 
 2DIAGNOSTIC,    14, -7.378436059285e-01, 1.655056442669e-03, 9.3318e-01, 7.7260e-03, 
 2DIAGNOSTIC,    15, -7.378193513698e-01, 8.054013549916e-04, 9.3976e-01, 6.5858e-03, 
 2DIAGNOSTIC,    16, -7.375720343044e-01, 2.956299943144e-04, 9.4647e-01, 6.7060e-03, 
 2DIAGNOSTIC,    17, -7.375178406221e-01, 1.174310974380e-04, 9.5304e-01, 6.5739e-03, 
 2DIAGNOSTIC,    18, -7.373792438033e-01, 5.262202967253e-06, 9.5831e-01, 5.2629e-03, 
DIAGNOSTIC,Iteration,metricValue,convergenceValue,ITERATION_TIME_INDEX,SINCE_LAST
 2DIAGNOSTIC,     1, -6.092731845429e-01, 1.797693134862e+308, 1.7042e+00, 7.4589e-01, 
 2DIAGNOSTIC,     2, -6.097705796656e-01, 1.797693134862e+308, 1.7419e+00, 3.7676e-02, 
 2DIAGNOSTIC,     3, -6.104567980975e-01, 1.797693134862e+308, 1.7808e+00, 3.8933e-02, 
 2DIAGNOSTIC,     4, -6.112805426131e-01, 1.797693134862e+308, 1.8168e+00, 3.6016e-02, 
 2DIAGNOSTIC,     5, -6.115411399828e-01, 1.797693134862e+308, 1.8582e+00, 4.1387e-02, 
 2DIAGNOSTIC,     6, -6.116155547130e-01, 1.797693134862e+308, 1.9079e+00, 4.9649e-02, 
 2DIAGNOSTIC,     7, -6.116037718202e-01, 1.797693134862e+308, 1.9481e+00, 4.0256e-02, 
 2DIAGNOSTIC,     8, -6.115850984374e-01, 1.797693134862e+308, 2.0139e+00, 6.5775e-02, 
 2DIAGNOSTIC,     9, -6.115910218186e-01, 1.797693134862e+308, 2.0536e+00, 3.9664e-02, 
 2DIAGNOSTIC,    10, -6.115587742913e-01, 2.279050722945e-04, 2.0976e+00, 4.4017e-02, 
 2DIAGNOSTIC,    11, -6.115619865207e-01, 1.293419975256e-04, 2.1385e+00, 4.0970e-02, 
 2DIAGNOSTIC,    12, -6.115455420327e-01, 5.429234807550e-05, 2.1748e+00, 3.6263e-02, 
 2DIAGNOSTIC,    13, -6.115411524520e-01, 9.846886246792e-06, 2.2117e+00, 3.6863e-02, 
DIAGNOSTIC,Iteration,metricValue,convergenceValue,ITERATION_TIME_INDEX,SINCE_LAST
 2DIAGNOSTIC,     1, -5.354480104824e-01, 1.797693134862e+308, 3.3849e+00, 1.1732e+00, 
 2DIAGNOSTIC,     2, -5.357391075694e-01, 1.797693134862e+308, 3.7105e+00, 3.2561e-01, 
 2DIAGNOSTIC,     3, -5.360343542591e-01, 1.797693134862e+308, 4.0289e+00, 3.1845e-01, 
 2DIAGNOSTIC,     4, -5.362009193043e-01, 1.797693134862e+308, 4.3808e+00, 3.5187e-01, 
 2DIAGNOSTIC,     5, -5.362185007438e-01, 1.797693134862e+308, 4.9311e+00, 5.5027e-01, 
 2DIAGNOSTIC,     6, -5.362206626987e-01, 1.797693134862e+308, 5.2569e+00, 3.2585e-01, 
 2DIAGNOSTIC,     7, -5.362131830636e-01, 1.797693134862e+308, 5.6421e+00, 3.8523e-01, 
 2DIAGNOSTIC,     8, -5.362140025354e-01, 1.797693134862e+308, 6.0693e+00, 4.2712e-01, 
 2DIAGNOSTIC,     9, -5.362137927687e-01, 1.797693134862e+308, 6.4056e+00, 3.3631e-01, 
 2DIAGNOSTIC,    10, -5.362127327354e-01, 7.271984604855e-05, 6.7771e+00, 3.7152e-01, 
 2DIAGNOSTIC,    11, -5.362111604790e-01, 3.342843125451e-05, 7.0668e+00, 2.8966e-01, 
 2DIAGNOSTIC,    12, -5.362088831882e-01, 1.044255728969e-05, 7.3912e+00, 3.2445e-01, 
 2DIAGNOSTIC,    13, -5.362076048558e-01, 2.095332878635e-06, 7.6959e+00, 3.0471e-01, 
 2DIAGNOSTIC,    14, -5.362078213614e-01, 1.265047849863e-06, 8.0322e+00, 3.3625e-01, 
 2DIAGNOSTIC,    15, -5.362080354709e-01, 1.260279203552e-06, 8.4625e+00, 4.3035e-01, 
 2DIAGNOSTIC,    16, -5.362073351881e-01, 1.391277345136e-06, 8.7851e+00, 3.2255e-01, 
 2DIAGNOSTIC,    17, -5.362066347207e-01, 1.307750385982e-06, 9.1086e+00, 3.2355e-01, 
 2DIAGNOSTIC,    18, -5.362058988303e-01, 1.288395580737e-06, 9.4258e+00, 3.1723e-01, 
 2DIAGNOSTIC,    19, -5.362050695691e-01, 1.285809612936e-06, 9.6912e+00, 2.6536e-01, 
 2DIAGNOSTIC,    20, -5.362043577186e-01, 1.272588930325e-06, 9.9579e+00, 2.6671e-01, 
 2DIAGNOSTIC,    21, -5.362048434043e-01, 1.264484188232e-06, 1.0247e+01, 2.8885e-01, 
 2DIAGNOSTIC,    22, -5.362046640354e-01, 1.221884895410e-06, 1.0541e+01, 2.9394e-01, 
 2DIAGNOSTIC,    23, -5.362060488621e-01, 1.206475531416e-06, 1.0801e+01, 2.6060e-01, 
 2DIAGNOSTIC,    24, -5.362073887048e-01, 1.242396590398e-06, 1.1103e+01, 3.0182e-01, 
 2DIAGNOSTIC,    25, -5.362078956944e-01, 1.298294885300e-06, 1.1425e+01, 3.2150e-01, 
 2DIAGNOSTIC,    26, -5.362074004289e-01, 1.323442612111e-06, 1.1756e+01, 3.3110e-01, 
 2DIAGNOSTIC,    27, -5.362065062346e-01, 1.306751759036e-06, 1.2060e+01, 3.0437e-01, 
 2DIAGNOSTIC,    28, -5.362064802264e-01, 1.265149713041e-06, 1.2381e+01, 3.2120e-01, 
 2DIAGNOSTIC,    29, -5.362043395029e-01, 1.159502946872e-06, 1.2689e+01, 3.0791e-01, 
 2DIAGNOSTIC,    30, -5.362051961335e-01, 1.058272452198e-06, 1.2960e+01, 2.7078e-01, 
DIAGNOSTIC,Iteration,metricValue,convergenceValue,ITERATION_TIME_INDEX,SINCE_LAST
 2DIAGNOSTIC,     1, -4.918554517014e-01, 1.797693134862e+308, 1.5897e+01, 2.9374e+00, 
 2DIAGNOSTIC,     2, -4.920033190901e-01, 1.797693134862e+308, 1.7918e+01, 2.0202e+00, 
 2DIAGNOSTIC,     3, -4.921697446615e-01, 1.797693134862e+308, 1.9802e+01, 1.8847e+00, 
 2DIAGNOSTIC,     4, -4.922699301338e-01, 1.797693134862e+308, 2.2070e+01, 2.2678e+00, 
 2DIAGNOSTIC,     5, -4.922742800019e-01, 1.797693134862e+308, 2.4005e+01, 1.9354e+00, 
 2DIAGNOSTIC,     6, -4.922751275294e-01, 1.797693134862e+308, 2.6138e+01, 2.1321e+00, 
 2DIAGNOSTIC,     7, -4.922774048350e-01, 1.797693134862e+308, 2.8022e+01, 1.8849e+00, 
 2DIAGNOSTIC,     8, -4.922834762957e-01, 1.797693134862e+308, 2.9900e+01, 1.8772e+00, 
 2DIAGNOSTIC,     9, -4.923102434555e-01, 1.797693134862e+308, 3.1953e+01, 2.0531e+00, 
 2DIAGNOSTIC,    10, -4.923777347904e-01, 5.364096654698e-05, 3.4320e+01, 2.3669e+00, 
 2DIAGNOSTIC,    11, -4.923918050350e-01, 3.455180476453e-05, 3.7941e+01, 3.6213e+00, 
 2DIAGNOSTIC,    12, -4.923921384415e-01, 2.280676005828e-05, 3.9902e+01, 1.9616e+00, 
 2DIAGNOSTIC,    13, -4.923936895358e-01, 1.843158044584e-05, 4.1855e+01, 1.9529e+00, 
 2DIAGNOSTIC,    14, -4.923947129677e-01, 1.737820333414e-05, 4.3758e+01, 1.9031e+00, 
 2DIAGNOSTIC,    15, -4.923974227562e-01, 1.531202158433e-05, 4.5416e+01, 1.6571e+00, 
 2DIAGNOSTIC,    16, -4.924021990901e-01, 1.249431961595e-05, 4.7156e+01, 1.7407e+00, 
 2DIAGNOSTIC,    17, -4.924088010876e-01, 9.379843652402e-06, 4.8944e+01, 1.7873e+00, 
 2DIAGNOSTIC,    18, -4.924191623553e-01, 6.449966255380e-06, 5.0831e+01, 1.8877e+00, 
 2DIAGNOSTIC,    19, -4.924319458682e-01, 4.537665655370e-06, 5.2554e+01, 1.7227e+00, 
 2DIAGNOSTIC,    20, -4.924574321703e-01, 5.217767808284e-06, 5.4467e+01, 1.9132e+00, 
 2DIAGNOSTIC,    21, -4.925028845802e-01, 7.117786886744e-06, 5.6279e+01, 1.8119e+00, 
 2DIAGNOSTIC,    22, -4.925599605311e-01, 9.803536757391e-06, 5.8210e+01, 1.9303e+00, 
 2DIAGNOSTIC,    23, -4.926102202303e-01, 1.275302634559e-05, 6.1475e+01, 3.2656e+00, 
 2DIAGNOSTIC,    24, -4.926113780547e-01, 1.443677670341e-05, 6.3835e+01, 2.3594e+00, 
 2DIAGNOSTIC,    25, -4.926124403669e-01, 1.486402553183e-05, 6.5913e+01, 2.0789e+00, 
 2DIAGNOSTIC,    26, -4.926128839387e-01, 1.409312811330e-05, 6.7572e+01, 1.6582e+00, 
 2DIAGNOSTIC,    27, -4.926131921215e-01, 1.229289563815e-05, 6.9472e+01, 1.9004e+00, 
 2DIAGNOSTIC,    28, -4.926131738258e-01, 9.778589428820e-06, 7.1151e+01, 1.6786e+00, 
 2DIAGNOSTIC,    29, -4.926134813797e-01, 6.893044071109e-06, 7.2998e+01, 1.8474e+00, 
 2DIAGNOSTIC,    30, -4.926137598638e-01, 4.151049774116e-06, 7.4961e+01, 1.9631e+00, 
 2DIAGNOSTIC,    31, -4.926155827084e-01, 2.154550763633e-06, 7.6917e+01, 1.9562e+00, 
 2DIAGNOSTIC,    32, -4.926171263470e-01, 1.206949950865e-06, 7.8852e+01, 1.9347e+00, 
 2DIAGNOSTIC,    33, -4.926278882126e-01, 1.363323939407e-06, 8.1234e+01, 2.3817e+00, 
 2DIAGNOSTIC,    34, -4.926262931241e-01, 1.460344257000e-06, 8.3109e+01, 1.8748e+00, 
 2DIAGNOSTIC,    35, -4.926252756572e-01, 1.505672457918e-06, 8.5114e+01, 2.0055e+00, 
 2DIAGNOSTIC,    36, -4.926239866177e-01, 1.480508445922e-06, 8.7591e+01, 2.4769e+00, 
 2DIAGNOSTIC,    37, -4.926238455719e-01, 1.401506014329e-06, 9.0023e+01, 2.4315e+00, 
 2DIAGNOSTIC,    38, -4.926238953352e-01, 1.272760489567e-06, 9.1919e+01, 1.8961e+00, 
 2DIAGNOSTIC,    39, -4.926238878022e-01, 1.113644960388e-06, 9.3745e+01, 1.8265e+00, 
  Elapsed time (stage 0): 9.4918e+01


Total elapsed time: 9.4921e+01
Info [verificarlo]: loaded backend libinterflop_ieee.so
Info [interflop-ieee]: load backend with:
Info [interflop-ieee]: debug = false
Info [interflop-ieee]: debug-binary = false
Info [interflop-ieee]: no-backend-name = false
Info [interflop-ieee]: print-new-line = false
Info [interflop-ieee]: print-subnormal-normalized = false
Info [interflop-ieee]: count-op = false
All_Command_lines_OK
Using double precision for computations.
=============================================================================
The composite transform comprises the following transforms (in order): 
  1. /home/mdugre/scratch/mri-registration-rp/datasets/ds004513/derivatives/mri-registration-rp/0100/antsRegistration-r8-p10/sub-s035/affine_Composite.h5[0] (type = Euler3DTransform)
  2. /home/mdugre/scratch/mri-registration-rp/datasets/ds004513/derivatives/mri-registration-rp/0100/antsRegistration-r8-p10/sub-s035/affine_Composite.h5[1] (type = Euler3DTransform)
  3. /home/mdugre/scratch/mri-registration-rp/datasets/ds004513/derivatives/mri-registration-rp/0100/antsRegistration-r8-p10/sub-s035/affine_Composite.h5[2] (type = Euler3DTransform)
  4. /home/mdugre/scratch/mri-registration-rp/datasets/ds004513/derivatives/mri-registration-rp/0100/antsRegistration-r8-p10/sub-s035/affine_Composite.h5[3] (type = AffineTransform)
=============================================================================
  number of levels = 4
  fixed image: /templateflow/tpl-MNI152NLin2009cAsym/tpl-MNI152NLin2009cAsym_res-01_desc-brain_T1w.nii.gz
  moving image: /home/mdugre/scratch/mri-registration-rp/datasets/ds004513/derivatives/mri-registration-rp/antsBrainExtraction/sub-s035/BrainExtractionBrain.nii.gz
Dimension = 3
Number of stages = 1
Use histogram matching = false
Winsorize image intensities = true
  Lower quantile = 0.005
  Upper quantile = 0.995


Stage 1 State
   Image metric = CC
     Fixed image = Image (0x3dfca40)
  RTTI typeinfo:   itk::Image<double, 3u>
  Reference Count: 2
  Modified Time: 1606
  Debug: Off
  Object Name: 
  Observers: 
    none
  Source: (none)
  Source output name: (none)
  Release Data: Off
  Data Released: False
  Global Release Data: Off
  PipelineMTime: 0
  UpdateMTime: 1217
  RealTimeStamp: 0 seconds 
  LargestPossibleRegion: 
    Dimension: 3
    Index: [0, 0, 0]
    Size: [193, 229, 193]
  BufferedRegion: 
    Dimension: 3
    Index: [0, 0, 0]
    Size: [193, 229, 193]
  RequestedRegion: 
    Dimension: 3
    Index: [0, 0, 0]
    Size: [193, 229, 193]
  Spacing: [1, 1, 1]
  Origin: [96, 132, -78]
  Direction: 
-1 0 0
0 -1 0
0 0 1

  IndexToPointMatrix: 
-1 0 0
0 -1 0
0 0 1

  PointToIndexMatrix: 
-1 0 0
0 -1 0
0 0 1

  Inverse Direction: 
-1 0 0
0 -1 0
0 0 1

  PixelContainer: 
    ImportImageContainer (0x3ecb780)
      RTTI typeinfo:   itk::ImportImageContainer<unsigned long, double>
      Reference Count: 1
      Modified Time: 1214
      Debug: Off
      Object Name: 
      Observers: 
        none
      Pointer: 0x14dc7f8d4010
      Container manages memory: true
      Size: 8530021
      Capacity: 8530021

     Moving image = Image (0x3ecd390)
  RTTI typeinfo:   itk::Image<double, 3u>
  Reference Count: 2
  Modified Time: 1607
  Debug: Off
  Object Name: 
  Observers: 
    none
  Source: (none)
  Source output name: (none)
  Release Data: Off
  Data Released: False
  Global Release Data: Off
  PipelineMTime: 0
  UpdateMTime: 1604
  RealTimeStamp: 0 seconds 
  LargestPossibleRegion: 
    Dimension: 3
    Index: [0, 0, 0]
    Size: [160, 240, 256]
  BufferedRegion: 
    Dimension: 3
    Index: [0, 0, 0]
    Size: [160, 240, 256]
  RequestedRegion: 
    Dimension: 3
    Index: [0, 0, 0]
    Size: [160, 240, 256]
  Spacing: [1, 1, 1]
  Origin: [98.6438, 87.6358, -117.989]
  Direction: 
-0.993515 -0.100993 -0.0522355
0.100854 -0.994887 0.00530255
-0.0525039 1.93537e-08 0.998621

  IndexToPointMatrix: 
-0.993515 -0.100993 -0.0522355
0.100854 -0.994887 0.00530255
-0.0525039 1.93537e-08 0.998621

  PointToIndexMatrix: 
-0.993515 0.100854 -0.0525039
-0.100993 -0.994887 1.93006e-08
-0.0522355 0.00530255 0.998621

  Inverse Direction: 
-0.993515 0.100854 -0.0525039
-0.100993 -0.994887 1.93006e-08
-0.0522355 0.00530255 0.998621

  PixelContainer: 
    ImportImageContainer (0x3e826f0)
      RTTI typeinfo:   itk::ImportImageContainer<unsigned long, double>
      Reference Count: 1
      Modified Time: 1601
      Debug: Off
      Object Name: 
      Observers: 
        none
      Pointer: 0x14dc7add3010
      Container manages memory: true
      Size: 9830400
      Capacity: 9830400

     Weighting = 1
     Sampling strategy = none
     Number of bins = 32
     Radius = 4
     Sampling percentage  = 1
   Transform = SyN
     Gradient step = 0.1
     Update field sigma (voxel space) = 3
     Total field sigma (voxel space) = 0
     Update field time sigma = 0
     Total field time sigma  = 0
     Number of time indices = 0
     Number of time point samples = 0
Registration using 1 total stages.

Stage 0
  iterations = 100x70x50x20
  convergence threshold = 1e-06
  convergence window size = 10
  number of levels = 4
  using the CC metric (radius = 4, weight = 1, use gradient filter = 0)
  preprocessing:  winsorizing the image intensities
  Shrink factors (level 1 out of 4): [8, 8, 8]
  Shrink factors (level 2 out of 4): [4, 4, 4]
  Shrink factors (level 3 out of 4): [2, 2, 2]
  Shrink factors (level 4 out of 4): [1, 1, 1]
  smoothing sigmas per level: [3, 2, 1, 0]
  Using default NONE metricSamplingStrategy 

*** Running SyN registration (varianceForUpdateField = 3, varianceForTotalField = 0) ***

XXDIAGNOSTIC,Iteration,metricValue,convergenceValue,ITERATION_TIME_INDEX,SINCE_LAST
 1DIAGNOSTIC,     1, -8.524637273640e-01, 1.797693134862e+308, 1.1653e+00, 1.1653e+00, 
 1DIAGNOSTIC,     2, -8.660759899376e-01, 1.797693134862e+308, 1.5025e+00, 3.3723e-01, 
 1DIAGNOSTIC,     3, -8.781295898606e-01, 1.797693134862e+308, 1.8394e+00, 3.3687e-01, 
 1DIAGNOSTIC,     4, -8.882896158814e-01, 1.797693134862e+308, 2.1832e+00, 3.4385e-01, 
 1DIAGNOSTIC,     5, -8.969306246054e-01, 1.797693134862e+308, 2.5242e+00, 3.4095e-01, 
 1DIAGNOSTIC,     6, -9.033134195259e-01, 1.797693134862e+308, 2.8569e+00, 3.3267e-01, 
 1DIAGNOSTIC,     7, -9.091154426151e-01, 1.797693134862e+308, 3.1892e+00, 3.3236e-01, 
 1DIAGNOSTIC,     8, -9.142714410287e-01, 1.797693134862e+308, 3.5285e+00, 3.3925e-01, 
 1DIAGNOSTIC,     9, -9.183512110784e-01, 1.797693134862e+308, 3.8753e+00, 3.4688e-01, 
 1DIAGNOSTIC,    10, -9.214423190836e-01, 4.792727633759e-03, 4.2129e+00, 3.3757e-01, 
 1DIAGNOSTIC,    11, -9.239110977541e-01, 3.625506820808e-03, 4.5559e+00, 3.4301e-01, 
 1DIAGNOSTIC,    12, -9.260498334705e-01, 2.743132745281e-03, 4.8960e+00, 3.4009e-01, 
 1DIAGNOSTIC,    13, -9.278178560351e-01, 2.083434455376e-03, 5.2555e+00, 3.5949e-01, 
 1DIAGNOSTIC,    14, -9.296775968757e-01, 1.597977257422e-03, 5.5961e+00, 3.4060e-01, 
 1DIAGNOSTIC,    15, -9.312393973066e-01, 1.244712153084e-03, 5.9378e+00, 3.4169e-01, 
 1DIAGNOSTIC,    16, -9.328326949564e-01, 9.772438983283e-04, 6.2764e+00, 3.3861e-01, 
 1DIAGNOSTIC,    17, -9.341934400351e-01, 7.823270871668e-04, 6.6255e+00, 3.4908e-01, 
 1DIAGNOSTIC,    18, -9.356056052915e-01, 6.501346237524e-04, 6.9653e+00, 3.3987e-01, 
 1DIAGNOSTIC,    19, -9.367988906493e-01, 5.576087409100e-04, 7.3063e+00, 3.4092e-01, 
 1DIAGNOSTIC,    20, -9.379514740346e-01, 4.882122536677e-04, 7.6492e+00, 3.4297e-01, 
 1DIAGNOSTIC,    21, -9.390620626068e-01, 4.326382779120e-04, 7.9826e+00, 3.3341e-01, 
