
##########################
# Experiment information #
##########################

EXPERIMENT_NAME: antsRegistration-r7-p20
VFC_BACKENDS: libinterflop_vprec.so --range-binary32=7 --precision-binary32=20 --range-binary64=7 --precision-binary64=20

SIF_IMG: /home/mdugre/projects/rrg-glatard/mdugre/containers/ants-vprec-no_metrics.simg

SUBJECT_ID: s014
INPUT_IMG: /home/mdugre/scratch/mri-registration-rp/datasets/ds004513/derivatives/mri-registration-rp/antsBrainExtraction/sub-s014/BrainExtractionBrain.nii.gz
OUTPUT_DIR: /home/mdugre/scratch/mri-registration-rp/datasets/ds004513/derivatives/mri-registration-rp/0100/antsRegistration-r7-p20/sub-s014

FIXED_IMG: /templateflow/tpl-MNI152NLin2009cAsym/tpl-MNI152NLin2009cAsym_res-01_desc-brain_T1w.nii.gz
DATA_DIR: /home/mdugre/scratch/mri-registration-rp/datasets/ds004513
TEMPLATEFLOW_DIR: /home/mdugre/projects/rrg-glatard/mdugre/templateflow
ITK_GLOBAL_DEFAULT_NUMBER_OF_THREADS: 16
##########################

Info [verificarlo]: loaded backend libinterflop_ieee.so
Info [interflop-ieee]: load backend with:
Info [interflop-ieee]: debug = false
Info [interflop-ieee]: debug-binary = false
Info [interflop-ieee]: no-backend-name = false
Info [interflop-ieee]: print-new-line = false
Info [interflop-ieee]: print-subnormal-normalized = false
Info [interflop-ieee]: count-op = false
All_Command_lines_OK
Using double precision for computations.
=============================================================================
The composite transform comprises the following transforms (in order): 
  1. Center of mass alignment using fixed image: /templateflow/tpl-MNI152NLin2009cAsym/tpl-MNI152NLin2009cAsym_res-01_desc-brain_T1w.nii.gz and moving image: /home/mdugre/scratch/mri-registration-rp/datasets/ds004513/derivatives/mri-registration-rp/antsBrainExtraction/sub-s014/BrainExtractionBrain.nii.gz (type = Euler3DTransform)
=============================================================================
  number of levels = 1
  fixed image: /templateflow/tpl-MNI152NLin2009cAsym/tpl-MNI152NLin2009cAsym_res-01_desc-brain_T1w.nii.gz
  moving image: /home/mdugre/scratch/mri-registration-rp/datasets/ds004513/derivatives/mri-registration-rp/antsBrainExtraction/sub-s014/BrainExtractionBrain.nii.gz
Dimension = 3
Number of stages = 1
Use histogram matching = false
Winsorize image intensities = true
  Lower quantile = 0.005
  Upper quantile = 0.995


Stage 1 State
   Image metric = MattesMI
     Fixed image = Image (0x4dc0e70)
  RTTI typeinfo:   itk::Image<double, 3u>
  Reference Count: 2
  Modified Time: 2334
  Debug: Off
  Object Name: 
  Observers: 
    none
  Source: (none)
  Source output name: (none)
  Release Data: Off
  Data Released: False
  Global Release Data: Off
  PipelineMTime: 0
  UpdateMTime: 1943
  RealTimeStamp: 0 seconds 
  LargestPossibleRegion: 
    Dimension: 3
    Index: [0, 0, 0]
    Size: [193, 229, 193]
  BufferedRegion: 
    Dimension: 3
    Index: [0, 0, 0]
    Size: [193, 229, 193]
  RequestedRegion: 
    Dimension: 3
    Index: [0, 0, 0]
    Size: [193, 229, 193]
  Spacing: [1, 1, 1]
  Origin: [96, 132, -78]
  Direction: 
-1 0 0
0 -1 0
0 0 1

  IndexToPointMatrix: 
-1 0 0
0 -1 0
0 0 1

  PointToIndexMatrix: 
-1 0 0
0 -1 0
0 0 1

  Inverse Direction: 
-1 0 0
0 -1 0
0 0 1

  PixelContainer: 
    ImportImageContainer (0x4dcd140)
      RTTI typeinfo:   itk::ImportImageContainer<unsigned long, double>
      Reference Count: 1
      Modified Time: 1940
      Debug: Off
      Object Name: 
      Observers: 
        none
      Pointer: 0x14a6e5119010
      Container manages memory: true
      Size: 8530021
      Capacity: 8530021

     Moving image = Image (0x4dca310)
  RTTI typeinfo:   itk::Image<double, 3u>
  Reference Count: 2
  Modified Time: 2335
  Debug: Off
  Object Name: 
  Observers: 
    none
  Source: (none)
  Source output name: (none)
  Release Data: Off
  Data Released: False
  Global Release Data: Off
  PipelineMTime: 0
  UpdateMTime: 2332
  RealTimeStamp: 0 seconds 
  LargestPossibleRegion: 
    Dimension: 3
    Index: [0, 0, 0]
    Size: [160, 240, 256]
  BufferedRegion: 
    Dimension: 3
    Index: [0, 0, 0]
    Size: [160, 240, 256]
  RequestedRegion: 
    Dimension: 3
    Index: [0, 0, 0]
    Size: [160, 240, 256]
  Spacing: [0.999999, 1, 1]
  Origin: [84.1637, 106.709, -120.531]
  Direction: 
-0.999619 -0.0226874 -0.0157033
0.0226846 -0.999743 0.00035635
-0.0157073 -7.8229e-09 0.999877

  IndexToPointMatrix: 
-0.999619 -0.0226874 -0.0157033
0.0226845 -0.999743 0.00035635
-0.0157073 -7.8229e-09 0.999877

  PointToIndexMatrix: 
-0.99962 0.0226846 -0.0157073
-0.0226874 -0.999743 -7.83127e-09
-0.0157033 0.00035635 0.999877

  Inverse Direction: 
-0.999619 0.0226846 -0.0157073
-0.0226874 -0.999743 -7.83127e-09
-0.0157033 0.00035635 0.999877

  PixelContainer: 
    ImportImageContainer (0x4ef5610)
      RTTI typeinfo:   itk::ImportImageContainer<unsigned long, double>
      Reference Count: 1
      Modified Time: 2329
      Debug: Off
      Object Name: 
      Observers: 
        none
      Pointer: 0x14a6e0618010
      Container manages memory: true
      Size: 9830400
      Capacity: 9830400

     Weighting = 1
     Sampling strategy = regular
     Number of bins = 32
     Radius = 4
     Sampling percentage  = 0.25
   Transform = Rigid
     Gradient step = 0.1
     Update field sigma (voxel space) = 0
     Total field sigma (voxel space) = 0
     Update field time sigma = 0
     Total field time sigma  = 0
     Number of time indices = 0
     Number of time point samples = 0
Registration using 1 total stages.

Stage 0
  iterations = 0
  convergence threshold = 1e-06
  convergence window size = 10
  number of levels = 1
  using the Mattes MI metric (number of bins = 32, weight = 1, use gradient filter = 0)
  preprocessing:  winsorizing the image intensities
  Shrink factors (level 1 out of 1): [1, 1, 1]
  smoothing sigmas per level: [0]
  regular sampling (percentage = 0.25)

*** Running Euler3DTransform registration ***

  Elapsed time (stage 0): 1.1219


Total elapsed time: 1.12408
Info [verificarlo]: loaded backend libinterflop_vprec.so
Info [interflop-vprec]: load backend with: 
Info [interflop-vprec]: precision-binary32 = 20
Info [interflop-vprec]: range-binary32 = 7
Info [interflop-vprec]: precision-binary64 = 20
Info [interflop-vprec]: range-binary64 = 7
Info [interflop-vprec]: mode = ob
Info [interflop-vprec]: error-mode = rel
Info [interflop-vprec]: max-abs-error-exponent = -1022
Info [interflop-vprec]: daz = false
Info [interflop-vprec]: ftz = false
Info [interflop-vprec]: 	instrument = none
Info [interflop-vprec]: 	prec-input-file = (null)
Info [interflop-vprec]: 	prec-output-file = (null)
Info [interflop-vprec]: 	prec-log-file = (null)
All_Command_lines_OK
Using double precision for computations.
=============================================================================
The composite transform comprises the following transforms (in order): 
  1. /home/mdugre/scratch/mri-registration-rp/datasets/ds004513/derivatives/mri-registration-rp/0100/antsRegistration-r7-p20/sub-s014/align_Composite.h5[0] (type = Euler3DTransform)
  2. /home/mdugre/scratch/mri-registration-rp/datasets/ds004513/derivatives/mri-registration-rp/0100/antsRegistration-r7-p20/sub-s014/align_Composite.h5[1] (type = Euler3DTransform)
=============================================================================
  number of levels = 4
  fixed image: /templateflow/tpl-MNI152NLin2009cAsym/tpl-MNI152NLin2009cAsym_res-01_desc-brain_T1w.nii.gz
  moving image: /home/mdugre/scratch/mri-registration-rp/datasets/ds004513/derivatives/mri-registration-rp/antsBrainExtraction/sub-s014/BrainExtractionBrain.nii.gz
Dimension = 3
Number of stages = 1
Use histogram matching = false
Winsorize image intensities = true
  Lower quantile = 0.005
  Upper quantile = 0.995


Stage 1 State
   Image metric = MattesMI
     Fixed image = Image (0x3e261e0)
  RTTI typeinfo:   itk::Image<double, 3u>
  Reference Count: 2
  Modified Time: 1580
  Debug: Off
  Object Name: 
  Observers: 
    none
  Source: (none)
  Source output name: (none)
  Release Data: Off
  Data Released: False
  Global Release Data: Off
  PipelineMTime: 0
  UpdateMTime: 1189
  RealTimeStamp: 0 seconds 
  LargestPossibleRegion: 
    Dimension: 3
    Index: [0, 0, 0]
    Size: [193, 229, 193]
  BufferedRegion: 
    Dimension: 3
    Index: [0, 0, 0]
    Size: [193, 229, 193]
  RequestedRegion: 
    Dimension: 3
    Index: [0, 0, 0]
    Size: [193, 229, 193]
  Spacing: [1, 1, 1]
  Origin: [96, 132, -78]
  Direction: 
-1 0 0
0 -1 0
0 0 1

  IndexToPointMatrix: 
-1 0 0
0 -1 0
0 0 1

  PointToIndexMatrix: 
-1 0 0
0 -1 0
0 0 1

  Inverse Direction: 
-1 0 0
0 -1 0
0 0 1

  PixelContainer: 
    ImportImageContainer (0x3ee5680)
      RTTI typeinfo:   itk::ImportImageContainer<unsigned long, double>
      Reference Count: 1
      Modified Time: 1186
      Debug: Off
      Object Name: 
      Observers: 
        none
      Pointer: 0x1538b2eb3010
      Container manages memory: true
      Size: 8530021
      Capacity: 8530021

     Moving image = Image (0x3ee1b20)
  RTTI typeinfo:   itk::Image<double, 3u>
  Reference Count: 2
  Modified Time: 1581
  Debug: Off
  Object Name: 
  Observers: 
    none
  Source: (none)
  Source output name: (none)
  Release Data: Off
  Data Released: False
  Global Release Data: Off
  PipelineMTime: 0
  UpdateMTime: 1578
  RealTimeStamp: 0 seconds 
  LargestPossibleRegion: 
    Dimension: 3
    Index: [0, 0, 0]
    Size: [160, 240, 256]
  BufferedRegion: 
    Dimension: 3
    Index: [0, 0, 0]
    Size: [160, 240, 256]
  RequestedRegion: 
    Dimension: 3
    Index: [0, 0, 0]
    Size: [160, 240, 256]
  Spacing: [1, 1, 1]
  Origin: [84.1638, 106.709, -120.531]
  Direction: 
-0.999619 -0.0226874 -0.0157033
0.0226846 -0.999743 0.00035635
-0.0157073 -7.8229e-09 0.999876

  IndexToPointMatrix: 
-0.999619 -0.0226874 -0.0157033
0.0226845 -0.999743 0.00035635
-0.0157073 -7.8229e-09 0.999876

  PointToIndexMatrix: 
-0.999619 0.0226845 -0.0157073
-0.0226874 -0.999743 4.76837e-07
-0.0157033 0.000357151 0.999876

  Inverse Direction: 
-0.999619 0.0226846 -0.0157073
-0.0226874 -0.999743 -7.79983e-09
-0.0157033 0.000356351 0.999876

  PixelContainer: 
    ImportImageContainer (0x3f4ad50)
      RTTI typeinfo:   itk::ImportImageContainer<unsigned long, double>
      Reference Count: 1
      Modified Time: 1575
      Debug: Off
      Object Name: 
      Observers: 
        none
      Pointer: 0x1538ae3b2010
      Container manages memory: true
      Size: 9830400
      Capacity: 9830400

     Weighting = 1
     Sampling strategy = regular
     Number of bins = 32
     Radius = 4
     Sampling percentage  = 0.25
   Transform = Rigid
     Gradient step = 0.1
     Update field sigma (voxel space) = 0
     Total field sigma (voxel space) = 0
     Update field time sigma = 0
     Total field time sigma  = 0
     Number of time indices = 0
     Number of time point samples = 0
Registration using 1 total stages.

Stage 0
  iterations = 1000x500x250x100
  convergence threshold = 1e-06
  convergence window size = 10
  number of levels = 4
  using the Mattes MI metric (number of bins = 32, weight = 1, use gradient filter = 0)
  preprocessing:  winsorizing the image intensities
  Shrink factors (level 1 out of 4): [8, 8, 8]
  Shrink factors (level 2 out of 4): [4, 4, 4]
  Shrink factors (level 3 out of 4): [2, 2, 2]
  Shrink factors (level 4 out of 4): [1, 1, 1]
  smoothing sigmas per level: [3, 2, 1, 0]
  regular sampling (percentage = 0.25)

*** Running Euler3DTransform registration ***

DIAGNOSTIC,Iteration,metricValue,convergenceValue,ITERATION_TIME_INDEX,SINCE_LAST
 2DIAGNOSTIC,     1, -4.770841163794e-01, 1.797693134862e+308, 0.0000e+00, 0.0000e+00, 
 2DIAGNOSTIC,     2, -4.784221520830e-01, 1.797693134862e+308, 0.0000e+00, 0.0000e+00, 
 2DIAGNOSTIC,     3, -4.807036914687e-01, 1.797693134862e+308, 0.0000e+00, 0.0000e+00, 
 2DIAGNOSTIC,     4, -4.840230521331e-01, 1.797693134862e+308, 0.0000e+00, 0.0000e+00, 
 2DIAGNOSTIC,     5, -4.882996664687e-01, 1.797693134862e+308, 0.0000e+00, 0.0000e+00, 
 2DIAGNOSTIC,     6, -4.953501225599e-01, 1.797693134862e+308, 0.0000e+00, 0.0000e+00, 
 2DIAGNOSTIC,     7, -5.007414835749e-01, 1.797693134862e+308, 0.0000e+00, 0.0000e+00, 
 2DIAGNOSTIC,     8, -5.013370610233e-01, 1.797693134862e+308, 0.0000e+00, 0.0000e+00, 
 2DIAGNOSTIC,     9, -5.085327677542e-01, 1.797693134862e+308, 0.0000e+00, 0.0000e+00, 
 2DIAGNOSTIC,    10, -5.163848348179e-01, 5.136570264389e-03, 0.0000e+00, 0.0000e+00, 
 2DIAGNOSTIC,    11, -5.172756799848e-01, 4.917526844322e-03, 0.0000e+00, 0.0000e+00, 
 2DIAGNOSTIC,    12, -5.200761553293e-01, 4.497782751143e-03, 0.0000e+00, 0.0000e+00, 
 2DIAGNOSTIC,    13, -5.230716249767e-01, 3.973378969731e-03, 0.0000e+00, 0.0000e+00, 
 2DIAGNOSTIC,    14, -5.231293935301e-01, 3.298866677543e-03, 0.0000e+00, 0.0000e+00, 
 2DIAGNOSTIC,    15, -5.243433112982e-01, 2.616586132725e-03, 0.0000e+00, 0.0000e+00, 
 2DIAGNOSTIC,    16, -5.255883879057e-01, 2.073546443377e-03, 0.0000e+00, 0.0000e+00, 
 2DIAGNOSTIC,    17, -5.260011248881e-01, 1.602527930379e-03, 0.0000e+00, 0.0000e+00, 
 2DIAGNOSTIC,    18, -5.260485469103e-01, 1.054153292703e-03, 0.0000e+00, 0.0000e+00, 
 2DIAGNOSTIC,    19, -5.261382167498e-01, 6.782585632588e-04, 0.0000e+00, 0.0000e+00, 
 2DIAGNOSTIC,    20, -5.262384307769e-01, 5.017878991639e-04, 0.0000e+00, 0.0000e+00, 
 2DIAGNOSTIC,    21, -5.265505069342e-01, 3.262286286087e-04, 0.0000e+00, 0.0000e+00, 
 2DIAGNOSTIC,    22, -5.266367508624e-01, 2.078716252442e-04, 0.0000e+00, 0.0000e+00, 
 2DIAGNOSTIC,    23, -5.267782754790e-01, 1.575392459067e-04, 0.0000e+00, 0.0000e+00, 
 2DIAGNOSTIC,    24, -5.268733161092e-01, 1.001463919765e-04, 0.0000e+00, 0.0000e+00, 
 2DIAGNOSTIC,    25, -5.269114637599e-01, 6.528040516314e-05, 0.0000e+00, 0.0000e+00, 
 2DIAGNOSTIC,    26, -5.269302943820e-01, 5.382397655548e-05, 0.0000e+00, 0.0000e+00, 
 2DIAGNOSTIC,    27, -5.269529394295e-01, 4.721581162393e-05, 0.0000e+00, 0.0000e+00, 
 2DIAGNOSTIC,    28, -5.269816672093e-01, 3.827818352423e-05, 0.0000e+00, 0.0000e+00, 
 2DIAGNOSTIC,    29, -5.269160816904e-01, 2.692540787159e-05, 0.0000e+00, 0.0000e+00, 
 2DIAGNOSTIC,    30, -5.269403413757e-01, 1.612646890202e-05, 0.0000e+00, 0.0000e+00, 
 2DIAGNOSTIC,    31, -5.270222394672e-01, 1.161773216137e-05, 0.0000e+00, 0.0000e+00, 
 2DIAGNOSTIC,    32, -5.270033279576e-01, 7.454069304288e-06, 0.0000e+00, 0.0000e+00, 
 2DIAGNOSTIC,    33, -5.269464976265e-01, 4.346585032344e-06, 0.0000e+00, 0.0000e+00, 
 2DIAGNOSTIC,    34, -5.269768232495e-01, 3.188468209542e-06, 0.0000e+00, 0.0000e+00, 
 2DIAGNOSTIC,    35, -5.270179971149e-01, 3.099767175940e-06, 0.0000e+00, 0.0000e+00, 
 2DIAGNOSTIC,    36, -5.270179140784e-01, 3.027179126706e-06, 0.0000e+00, 0.0000e+00, 
 2DIAGNOSTIC,    37, -5.273231507305e-01, 7.628275510801e-06, 0.0000e+00, 0.0000e+00, 
 2DIAGNOSTIC,    38, -5.273166611505e-01, 1.160883512030e-05, 0.0000e+00, 0.0000e+00, 
 2DIAGNOSTIC,    39, -5.274846121379e-01, 1.584594780363e-05, 0.0000e+00, 0.0000e+00, 
 2DIAGNOSTIC,    40, -5.275680126179e-01, 1.985548229742e-05, 0.0000e+00, 0.0000e+00, 
 2DIAGNOSTIC,    41, -5.284819993261e-01, 3.515616658179e-05, 0.0000e+00, 0.0000e+00, 
 2DIAGNOSTIC,    42, -5.290732975678e-01, 5.358173111219e-05, 0.0000e+00, 0.0000e+00, 
 2DIAGNOSTIC,    43, -5.302696102700e-01, 8.052631261492e-05, 0.0000e+00, 0.0000e+00, 
 2DIAGNOSTIC,    44, -5.309365680749e-01, 1.071321991846e-04, 0.0000e+00, 0.0000e+00, 
 2DIAGNOSTIC,    45, -5.311719575640e-01, 1.257591816455e-04, 0.0000e+00, 0.0000e+00, 
 2DIAGNOSTIC,    46, -5.314793140148e-01, 1.352142889046e-04, 0.0000e+00, 0.0000e+00, 
 2DIAGNOSTIC,    47, -5.325350655975e-01, 1.471093119830e-04, 0.0000e+00, 0.0000e+00, 
 2DIAGNOSTIC,    48, -5.329049139443e-01, 1.482010196750e-04, 0.0000e+00, 0.0000e+00, 
 2DIAGNOSTIC,    49, -5.331202455778e-01, 1.394893176714e-04, 0.0000e+00, 0.0000e+00, 
 2DIAGNOSTIC,    50, -5.331271288709e-01, 1.189102878612e-04, 0.0000e+00, 0.0000e+00, 
 2DIAGNOSTIC,    51, -5.332294857545e-01, 9.877137578635e-05, 0.0000e+00, 0.0000e+00, 
 2DIAGNOSTIC,    52, -5.332946319685e-01, 7.646067116057e-05, 0.0000e+00, 0.0000e+00, 
 2DIAGNOSTIC,    53, -5.336638477556e-01, 6.360941629297e-05, 0.0000e+00, 0.0000e+00, 
 2DIAGNOSTIC,    54, -5.338219497511e-01, 5.353848568811e-05, 0.0000e+00, 0.0000e+00, 
 2DIAGNOSTIC,    55, -5.338255577422e-01, 4.122367364107e-05, 0.0000e+00, 0.0000e+00, 
 2DIAGNOSTIC,    56, -5.338265203125e-01, 2.829512673345e-05, 0.0000e+00, 0.0000e+00, 
 2DIAGNOSTIC,    57, -5.338265495096e-01, 2.317371441394e-05, 0.0000e+00, 0.0000e+00, 
 2DIAGNOSTIC,    58, -5.338267781737e-01, 1.942597331395e-05, 0.0000e+00, 0.0000e+00, 
 2DIAGNOSTIC,    59, -5.338265851482e-01, 1.596020990546e-05, 0.0000e+00, 0.0000e+00, 
 2DIAGNOSTIC,    60, -5.338266046401e-01, 1.122260064609e-05, 0.0000e+00, 0.0000e+00, 
 2DIAGNOSTIC,    61, -5.338265677463e-01, 6.573871516910e-06, 0.0000e+00, 0.0000e+00, 
 2DIAGNOSTIC,    62, -5.338265629146e-01, 1.992292362005e-06, 0.0000e+00, 0.0000e+00, 
DIAGNOSTIC,Iteration,metricValue,convergenceValue,ITERATION_TIME_INDEX,SINCE_LAST
 2DIAGNOSTIC,     1, -4.353969106247e-01, 1.797693134862e+308, 0.0000e+00, 0.0000e+00, 
 2DIAGNOSTIC,     2, -4.355899933601e-01, 1.797693134862e+308, 0.0000e+00, 0.0000e+00, 
 2DIAGNOSTIC,     3, -4.358421496398e-01, 1.797693134862e+308, 0.0000e+00, 0.0000e+00, 
 2DIAGNOSTIC,     4, -4.362469589497e-01, 1.797693134862e+308, 0.0000e+00, 0.0000e+00, 
 2DIAGNOSTIC,     5, -4.369149997737e-01, 1.797693134862e+308, 0.0000e+00, 0.0000e+00, 
 2DIAGNOSTIC,     6, -4.371170259765e-01, 1.797693134862e+308, 0.0000e+00, 0.0000e+00, 
 2DIAGNOSTIC,     7, -4.375900544166e-01, 1.797693134862e+308, 0.0000e+00, 0.0000e+00, 
 2DIAGNOSTIC,     8, -4.386218756232e-01, 1.797693134862e+308, 0.0000e+00, 0.0000e+00, 
 2DIAGNOSTIC,     9, -4.399085116170e-01, 1.797693134862e+308, 0.0000e+00, 0.0000e+00, 
 2DIAGNOSTIC,    10, -4.405765563275e-01, 7.546323533175e-04, 0.0000e+00, 0.0000e+00, 
 2DIAGNOSTIC,    11, -4.406040524321e-01, 7.464747557917e-04, 0.0000e+00, 0.0000e+00, 
 2DIAGNOSTIC,    12, -4.407707270599e-01, 6.937919354428e-04, 0.0000e+00, 0.0000e+00, 
 2DIAGNOSTIC,    13, -4.410207801942e-01, 6.110328767576e-04, 0.0000e+00, 0.0000e+00, 
 2DIAGNOSTIC,    14, -4.412964801992e-01, 5.144727047545e-04, 0.0000e+00, 0.0000e+00, 
 2DIAGNOSTIC,    15, -4.417025515277e-01, 4.304329887242e-04, 0.0000e+00, 0.0000e+00, 
 2DIAGNOSTIC,    16, -4.419930013026e-01, 3.381177426824e-04, 0.0000e+00, 0.0000e+00, 
 2DIAGNOSTIC,    17, -4.421891095460e-01, 2.510545960098e-04, 0.0000e+00, 0.0000e+00, 
 2DIAGNOSTIC,    18, -4.424145031491e-01, 1.948430612264e-04, 0.0000e+00, 0.0000e+00, 
 2DIAGNOSTIC,    19, -4.425622634928e-01, 1.747669000897e-04, 0.0000e+00, 0.0000e+00, 
 2DIAGNOSTIC,    20, -4.426929206495e-01, 1.663893916365e-04, 0.0000e+00, 0.0000e+00, 
 2DIAGNOSTIC,    21, -4.435779770172e-01, 1.714559491683e-04, 0.0000e+00, 0.0000e+00, 
 2DIAGNOSTIC,    22, -4.438666094414e-01, 1.728643005373e-04, 0.0000e+00, 0.0000e+00, 
 2DIAGNOSTIC,    23, -4.439688356379e-01, 1.680401846682e-04, 0.0000e+00, 0.0000e+00, 
 2DIAGNOSTIC,    24, -4.441431255687e-01, 1.602734091381e-04, 0.0000e+00, 0.0000e+00, 
 2DIAGNOSTIC,    25, -4.441928390790e-01, 1.497860642827e-04, 0.0000e+00, 0.0000e+00, 
 2DIAGNOSTIC,    26, -4.443188567528e-01, 1.361171955913e-04, 0.0000e+00, 0.0000e+00, 
 2DIAGNOSTIC,    27, -4.448648679357e-01, 1.282168734182e-04, 0.0000e+00, 0.0000e+00, 
 2DIAGNOSTIC,    28, -4.448811233920e-01, 1.143569952193e-04, 0.0000e+00, 0.0000e+00, 
 2DIAGNOSTIC,    29, -4.449733191299e-01, 9.646613545099e-05, 0.0000e+00, 0.0000e+00, 
 2DIAGNOSTIC,    30, -4.449916916719e-01, 7.362636278783e-05, 0.0000e+00, 0.0000e+00, 
 2DIAGNOSTIC,    31, -4.449918251353e-01, 6.363637373184e-05, 0.0000e+00, 0.0000e+00, 
 2DIAGNOSTIC,    32, -4.449913911463e-01, 5.398250237252e-05, 0.0000e+00, 0.0000e+00, 
 2DIAGNOSTIC,    33, -4.449811970614e-01, 4.159783555143e-05, 0.0000e+00, 0.0000e+00, 
 2DIAGNOSTIC,    34, -4.449688370613e-01, 2.930022587946e-05, 0.0000e+00, 0.0000e+00, 
 2DIAGNOSTIC,    35, -4.449649790276e-01, 1.591108923768e-05, 0.0000e+00, 0.0000e+00, 
 2DIAGNOSTIC,    36, -4.449710433758e-01, 3.951267658345e-06, 0.0000e+00, 0.0000e+00, 
 2DIAGNOSTIC,    37, -4.449866267940e-01, 2.123382490029e-06, 0.0000e+00, 0.0000e+00, 
 2DIAGNOSTIC,    38, -4.450274474110e-01, 1.193854298573e-06, 0.0000e+00, 0.0000e+00, 
 2DIAGNOSTIC,    39, -4.451884594918e-01, 4.434061112977e-06, 0.0000e+00, 0.0000e+00, 
 2DIAGNOSTIC,    40, -4.452190582084e-01, 7.890211742311e-06, 0.0000e+00, 0.0000e+00, 
 2DIAGNOSTIC,    41, -4.452902983908e-01, 1.163887319182e-05, 0.0000e+00, 0.0000e+00, 
 2DIAGNOSTIC,    42, -4.453843844376e-01, 1.561310263268e-05, 0.0000e+00, 0.0000e+00, 
 2DIAGNOSTIC,    43, -4.452939480183e-01, 1.644508797814e-05, 0.0000e+00, 0.0000e+00, 
 2DIAGNOSTIC,    44, -4.454776635119e-01, 1.827400819683e-05, 0.0000e+00, 0.0000e+00, 
 2DIAGNOSTIC,    45, -4.454907834170e-01, 1.839660978885e-05, 0.0000e+00, 0.0000e+00, 
 2DIAGNOSTIC,    46, -4.454895893025e-01, 1.690888152252e-05, 0.0000e+00, 0.0000e+00, 
 2DIAGNOSTIC,    47, -4.454835928932e-01, 1.410416786360e-05, 0.0000e+00, 0.0000e+00, 
 2DIAGNOSTIC,    48, -4.454940268306e-01, 1.078724392807e-05, 0.0000e+00, 0.0000e+00, 
 2DIAGNOSTIC,    49, -4.455353214552e-01, 9.265289490214e-06, 0.0000e+00, 0.0000e+00, 
 2DIAGNOSTIC,    50, -4.455537554781e-01, 7.551535070472e-06, 0.0000e+00, 0.0000e+00, 
 2DIAGNOSTIC,    51, -4.455473473284e-01, 6.050260137794e-06, 0.0000e+00, 0.0000e+00, 
 2DIAGNOSTIC,    52, -4.455407016939e-01, 5.242090077715e-06, 0.0000e+00, 0.0000e+00, 
 2DIAGNOSTIC,    53, -4.455408967415e-01, 2.867293070096e-06, 0.0000e+00, 0.0000e+00, 
 2DIAGNOSTIC,    54, -4.455336811605e-01, 2.443017621888e-06, 0.0000e+00, 0.0000e+00, 
 2DIAGNOSTIC,    55, -4.455265075050e-01, 1.923476364202e-06, 0.0000e+00, 0.0000e+00, 
 2DIAGNOSTIC,    56, -4.455271702109e-01, 1.300862005785e-06, 0.0000e+00, 0.0000e+00, 
DIAGNOSTIC,Iteration,metricValue,convergenceValue,ITERATION_TIME_INDEX,SINCE_LAST
 2DIAGNOSTIC,     1, -3.898347242272e-01, 1.797693134862e+308, 0.0000e+00, 0.0000e+00, 
 2DIAGNOSTIC,     2, -3.899375149608e-01, 1.797693134862e+308, 0.0000e+00, 0.0000e+00, 
 2DIAGNOSTIC,     3, -3.901665811629e-01, 1.797693134862e+308, 0.0000e+00, 0.0000e+00, 
 2DIAGNOSTIC,     4, -3.904395008620e-01, 1.797693134862e+308, 0.0000e+00, 0.0000e+00, 
 2DIAGNOSTIC,     5, -3.905770906943e-01, 1.797693134862e+308, 0.0000e+00, 0.0000e+00, 
 2DIAGNOSTIC,     6, -3.906221737498e-01, 1.797693134862e+308, 0.0000e+00, 0.0000e+00, 
 2DIAGNOSTIC,     7, -3.906602154036e-01, 1.797693134862e+308, 0.0000e+00, 0.0000e+00, 
 2DIAGNOSTIC,     8, -3.908185899420e-01, 1.797693134862e+308, 0.0000e+00, 0.0000e+00, 
 2DIAGNOSTIC,     9, -3.909157446964e-01, 1.797693134862e+308, 0.0000e+00, 0.0000e+00, 
 2DIAGNOSTIC,    10, -3.909603763485e-01, 1.886692906333e-04, 0.0000e+00, 0.0000e+00, 
 2DIAGNOSTIC,    11, -3.910130046926e-01, 1.499186500422e-04, 0.0000e+00, 0.0000e+00, 
 2DIAGNOSTIC,    12, -3.910163797603e-01, 1.107791362229e-04, 0.0000e+00, 0.0000e+00, 
 2DIAGNOSTIC,    13, -3.910514115130e-01, 8.227483728164e-05, 0.0000e+00, 0.0000e+00, 
 2DIAGNOSTIC,    14, -3.910733067664e-01, 6.564252552817e-05, 0.0000e+00, 0.0000e+00, 
 2DIAGNOSTIC,    15, -3.910738188678e-01, 5.215692243436e-05, 0.0000e+00, 0.0000e+00, 
 2DIAGNOSTIC,    16, -3.910769309067e-01, 3.805985804849e-05, 0.0000e+00, 0.0000e+00, 
 2DIAGNOSTIC,    17, -3.910836188571e-01, 2.409827959710e-05, 0.0000e+00, 0.0000e+00, 
 2DIAGNOSTIC,    18, -3.910957956903e-01, 1.643820192391e-05, 0.0000e+00, 0.0000e+00, 
 2DIAGNOSTIC,    19, -3.911163473402e-01, 1.268142431612e-05, 0.0000e+00, 0.0000e+00, 
 2DIAGNOSTIC,    20, -3.911345816584e-01, 1.051558908212e-05, 0.0000e+00, 0.0000e+00, 
 2DIAGNOSTIC,    21, -3.912301759029e-01, 1.287603576879e-05, 0.0000e+00, 0.0000e+00, 
 2DIAGNOSTIC,    22, -3.913115942343e-01, 1.666178059646e-05, 0.0000e+00, 0.0000e+00, 
 2DIAGNOSTIC,    23, -3.913397518837e-01, 2.063661406248e-05, 0.0000e+00, 0.0000e+00, 
 2DIAGNOSTIC,    24, -3.913410004696e-01, 2.321896962910e-05, 0.0000e+00, 0.0000e+00, 
 2DIAGNOSTIC,    25, -3.913406706909e-01, 2.357547295052e-05, 0.0000e+00, 0.0000e+00, 
 2DIAGNOSTIC,    26, -3.913390097091e-01, 2.181373431968e-05, 0.0000e+00, 0.0000e+00, 
 2DIAGNOSTIC,    27, -3.913376598233e-01, 1.834463876189e-05, 0.0000e+00, 0.0000e+00, 
 2DIAGNOSTIC,    28, -3.913374863377e-01, 1.382709768868e-05, 0.0000e+00, 0.0000e+00, 
 2DIAGNOSTIC,    29, -3.913374102343e-01, 8.981260071865e-06, 0.0000e+00, 0.0000e+00, 
 2DIAGNOSTIC,    30, -3.913358830210e-01, 4.086390192885e-06, 0.0000e+00, 0.0000e+00, 
 2DIAGNOSTIC,    31, -3.913354886601e-01, 1.409068479390e-06, 0.0000e+00, 0.0000e+00, 
DIAGNOSTIC,Iteration,metricValue,convergenceValue,ITERATION_TIME_INDEX,SINCE_LAST
 2DIAGNOSTIC,     1, -3.641262070207e-01, 1.797693134862e+308, 0.0000e+00, 0.0000e+00, 
 2DIAGNOSTIC,     2, -3.642502484498e-01, 1.797693134862e+308, 0.0000e+00, 0.0000e+00, 
 2DIAGNOSTIC,     3, -3.643916289480e-01, 1.797693134862e+308, 0.0000e+00, 0.0000e+00, 
 2DIAGNOSTIC,     4, -3.646215630012e-01, 1.797693134862e+308, 0.0000e+00, 0.0000e+00, 
 2DIAGNOSTIC,     5, -3.646317011752e-01, 1.797693134862e+308, 0.0000e+00, 0.0000e+00, 
 2DIAGNOSTIC,     6, -3.646344290179e-01, 1.797693134862e+308, 0.0000e+00, 0.0000e+00, 
 2DIAGNOSTIC,     7, -3.646424616285e-01, 1.797693134862e+308, 0.0000e+00, 0.0000e+00, 
 2DIAGNOSTIC,     8, -3.646493674581e-01, 1.797693134862e+308, 0.0000e+00, 0.0000e+00, 
 2DIAGNOSTIC,     9, -3.646793008771e-01, 1.797693134862e+308, 0.0000e+00, 0.0000e+00, 
 2DIAGNOSTIC,    10, -3.647495985120e-01, 9.591214427512e-05, 0.0000e+00, 0.0000e+00, 
 2DIAGNOSTIC,    11, -3.651302556786e-01, 9.096568586515e-05, 0.0000e+00, 0.0000e+00, 
 2DIAGNOSTIC,    12, -3.654388037900e-01, 1.063344603093e-04, 0.0000e+00, 0.0000e+00, 
 2DIAGNOSTIC,    13, -3.654953655386e-01, 1.212516283318e-04, 0.0000e+00, 0.0000e+00, 
 2DIAGNOSTIC,    14, -3.656983549834e-01, 1.477421284505e-04, 0.0000e+00, 0.0000e+00, 
 2DIAGNOSTIC,    15, -3.657922470252e-01, 1.626738598982e-04, 0.0000e+00, 0.0000e+00, 
 2DIAGNOSTIC,    16, -3.657923408805e-01, 1.608196452127e-04, 0.0000e+00, 0.0000e+00, 
 2DIAGNOSTIC,    17, -3.657919549133e-01, 1.448641086223e-04, 0.0000e+00, 0.0000e+00, 
 2DIAGNOSTIC,    18, -3.657915718483e-01, 1.179698298114e-04, 0.0000e+00, 0.0000e+00, 
 2DIAGNOSTIC,    19, -3.657920169980e-01, 8.453893246533e-05, 0.0000e+00, 0.0000e+00, 
 2DIAGNOSTIC,    20, -3.657917048993e-01, 4.914600672942e-05, 0.0000e+00, 0.0000e+00, 
 2DIAGNOSTIC,    21, -3.657915452238e-01, 2.661125592393e-05, 0.0000e+00, 0.0000e+00, 
 2DIAGNOSTIC,    22, -3.657915998353e-01, 1.478768048109e-05, 0.0000e+00, 0.0000e+00, 
 2DIAGNOSTIC,    23, -3.657915085266e-01, 4.498113713149e-06, 0.0000e+00, 0.0000e+00, 
 2DIAGNOSTIC,    24, -3.657914772960e-01, 1.269002991848e-06, 0.0000e+00, 0.0000e+00, 
 2DIAGNOSTIC,    25, -3.657913953869e-01, 1.223828633962e-06, 0.0000e+00, 0.0000e+00, 
 2DIAGNOSTIC,    26, -3.657913861185e-01, 1.189966418104e-06, 0.0000e+00, 0.0000e+00, 
 2DIAGNOSTIC,    27, -3.657913143980e-01, 1.149055617135e-06, 0.0000e+00, 0.0000e+00, 
 2DIAGNOSTIC,    28, -3.657915021233e-01, 1.108083829603e-06, 0.0000e+00, 0.0000e+00, 
 2DIAGNOSTIC,    29, -3.657915922208e-01, 1.087176737885e-06, 0.0000e+00, 0.0000e+00, 
 2DIAGNOSTIC,    30, -3.657914425344e-01, 1.056857929636e-06, 0.0000e+00, 0.0000e+00, 
 2DIAGNOSTIC,    31, -3.657913557298e-01, 1.022932309580e-06, 0.0000e+00, 0.0000e+00, 
  Elapsed time (stage 0): 0.0000e+00


Total elapsed time: 0.0000e+00
Info [verificarlo]: loaded backend libinterflop_ieee.so
Info [interflop-ieee]: load backend with:
Info [interflop-ieee]: debug = false
Info [interflop-ieee]: debug-binary = false
Info [interflop-ieee]: no-backend-name = false
Info [interflop-ieee]: print-new-line = false
Info [interflop-ieee]: print-subnormal-normalized = false
Info [interflop-ieee]: count-op = false
All_Command_lines_OK
Using double precision for computations.
=============================================================================
The composite transform comprises the following transforms (in order): 
  1. /home/mdugre/scratch/mri-registration-rp/datasets/ds004513/derivatives/mri-registration-rp/0100/antsRegistration-r7-p20/sub-s014/rigid_Composite.h5[0] (type = Euler3DTransform)
  2. /home/mdugre/scratch/mri-registration-rp/datasets/ds004513/derivatives/mri-registration-rp/0100/antsRegistration-r7-p20/sub-s014/rigid_Composite.h5[1] (type = Euler3DTransform)
  3. /home/mdugre/scratch/mri-registration-rp/datasets/ds004513/derivatives/mri-registration-rp/0100/antsRegistration-r7-p20/sub-s014/rigid_Composite.h5[2] (type = Euler3DTransform)
=============================================================================
  number of levels = 4
  fixed image: /templateflow/tpl-MNI152NLin2009cAsym/tpl-MNI152NLin2009cAsym_res-01_desc-brain_T1w.nii.gz
  moving image: /home/mdugre/scratch/mri-registration-rp/datasets/ds004513/derivatives/mri-registration-rp/antsBrainExtraction/sub-s014/BrainExtractionBrain.nii.gz
Dimension = 3
Number of stages = 1
Use histogram matching = false
Winsorize image intensities = true
  Lower quantile = 0.005
  Upper quantile = 0.995


Stage 1 State
   Image metric = MattesMI
     Fixed image = Image (0x4fbb7e0)
  RTTI typeinfo:   itk::Image<double, 3u>
  Reference Count: 2
  Modified Time: 1594
  Debug: Off
  Object Name: 
  Observers: 
    none
  Source: (none)
  Source output name: (none)
  Release Data: Off
  Data Released: False
  Global Release Data: Off
  PipelineMTime: 0
  UpdateMTime: 1203
  RealTimeStamp: 0 seconds 
  LargestPossibleRegion: 
    Dimension: 3
    Index: [0, 0, 0]
    Size: [193, 229, 193]
  BufferedRegion: 
    Dimension: 3
    Index: [0, 0, 0]
    Size: [193, 229, 193]
  RequestedRegion: 
    Dimension: 3
    Index: [0, 0, 0]
    Size: [193, 229, 193]
  Spacing: [1, 1, 1]
  Origin: [96, 132, -78]
  Direction: 
-1 0 0
0 -1 0
0 0 1

  IndexToPointMatrix: 
-1 0 0
0 -1 0
0 0 1

  PointToIndexMatrix: 
-1 0 0
0 -1 0
0 0 1

  Inverse Direction: 
-1 0 0
0 -1 0
0 0 1

  PixelContainer: 
    ImportImageContainer (0x5086880)
      RTTI typeinfo:   itk::ImportImageContainer<unsigned long, double>
      Reference Count: 1
      Modified Time: 1200
      Debug: Off
      Object Name: 
      Observers: 
        none
      Pointer: 0x1460d34a1010
      Container manages memory: true
      Size: 8530021
      Capacity: 8530021

     Moving image = Image (0x5077050)
  RTTI typeinfo:   itk::Image<double, 3u>
  Reference Count: 2
  Modified Time: 1595
  Debug: Off
  Object Name: 
  Observers: 
    none
  Source: (none)
  Source output name: (none)
  Release Data: Off
  Data Released: False
  Global Release Data: Off
  PipelineMTime: 0
  UpdateMTime: 1592
  RealTimeStamp: 0 seconds 
  LargestPossibleRegion: 
    Dimension: 3
    Index: [0, 0, 0]
    Size: [160, 240, 256]
  BufferedRegion: 
    Dimension: 3
    Index: [0, 0, 0]
    Size: [160, 240, 256]
  RequestedRegion: 
    Dimension: 3
    Index: [0, 0, 0]
    Size: [160, 240, 256]
  Spacing: [0.999999, 1, 1]
  Origin: [84.1637, 106.709, -120.531]
  Direction: 
-0.999619 -0.0226874 -0.0157033
0.0226846 -0.999743 0.00035635
-0.0157073 -7.8229e-09 0.999877

  IndexToPointMatrix: 
-0.999619 -0.0226874 -0.0157033
0.0226845 -0.999743 0.00035635
-0.0157073 -7.8229e-09 0.999877

  PointToIndexMatrix: 
-0.99962 0.0226846 -0.0157073
-0.0226874 -0.999743 -7.83127e-09
-0.0157033 0.00035635 0.999877

  Inverse Direction: 
-0.999619 0.0226846 -0.0157073
-0.0226874 -0.999743 -7.83127e-09
-0.0157033 0.00035635 0.999877

  PixelContainer: 
    ImportImageContainer (0x512a690)
      RTTI typeinfo:   itk::ImportImageContainer<unsigned long, double>
      Reference Count: 1
      Modified Time: 1589
      Debug: Off
      Object Name: 
      Observers: 
        none
      Pointer: 0x1460ce9a0010
      Container manages memory: true
      Size: 9830400
      Capacity: 9830400

     Weighting = 1
     Sampling strategy = regular
     Number of bins = 32
     Radius = 4
     Sampling percentage  = 0.25
   Transform = Affine
     Gradient step = 0.1
     Update field sigma (voxel space) = 0
     Total field sigma (voxel space) = 0
     Update field time sigma = 0
     Total field time sigma  = 0
     Number of time indices = 0
     Number of time point samples = 0
Registration using 1 total stages.

Stage 0
  iterations = 1000x500x250x100
  convergence threshold = 1e-06
  convergence window size = 10
  number of levels = 4
  using the Mattes MI metric (number of bins = 32, weight = 1, use gradient filter = 0)
  preprocessing:  winsorizing the image intensities
  Shrink factors (level 1 out of 4): [8, 8, 8]
  Shrink factors (level 2 out of 4): [4, 4, 4]
  Shrink factors (level 3 out of 4): [2, 2, 2]
  Shrink factors (level 4 out of 4): [1, 1, 1]
  smoothing sigmas per level: [3, 2, 1, 0]
  regular sampling (percentage = 0.25)

*** Running AffineTransform registration ***

DIAGNOSTIC,Iteration,metricValue,convergenceValue,ITERATION_TIME_INDEX,SINCE_LAST
 2DIAGNOSTIC,     1, -5.262111369299e-01, 1.797693134862e+308, 7.9564e-01, 7.9564e-01, 
 2DIAGNOSTIC,     2, -5.277632257986e-01, 1.797693134862e+308, 8.0162e-01, 5.9760e-03, 
 2DIAGNOSTIC,     3, -5.306698664200e-01, 1.797693134862e+308, 8.0735e-01, 5.7321e-03, 
 2DIAGNOSTIC,     4, -5.359494985475e-01, 1.797693134862e+308, 8.1236e-01, 5.0149e-03, 
 2DIAGNOSTIC,     5, -5.489906916336e-01, 1.797693134862e+308, 8.1757e-01, 5.2021e-03, 
 2DIAGNOSTIC,     6, -5.733619469349e-01, 1.797693134862e+308, 8.2315e-01, 5.5881e-03, 
 2DIAGNOSTIC,     7, -6.663634659640e-01, 1.797693134862e+308, 8.2900e-01, 5.8448e-03, 
 2DIAGNOSTIC,     8, -6.966227731722e-01, 1.797693134862e+308, 8.3426e-01, 5.2602e-03, 
 2DIAGNOSTIC,     9, -7.328344740439e-01, 1.797693134862e+308, 8.4062e-01, 6.3550e-03, 
 2DIAGNOSTIC,    10, -7.537939198687e-01, 2.743991285998e-02, 8.4674e-01, 6.1281e-03, 
 2DIAGNOSTIC,    11, -7.629026610132e-01, 2.705761969093e-02, 8.5273e-01, 5.9819e-03, 
 2DIAGNOSTIC,    12, -7.783792335408e-01, 2.491794575178e-02, 8.5862e-01, 5.8959e-03, 
 2DIAGNOSTIC,    13, -7.832286892813e-01, 2.119276683493e-02, 8.6389e-01, 5.2710e-03, 
 2DIAGNOSTIC,    14, -7.909196669117e-01, 1.661800664557e-02, 8.6939e-01, 5.4989e-03, 
 2DIAGNOSTIC,    15, -8.066290770881e-01, 1.208223756580e-02, 8.7636e-01, 6.9690e-03, 
 2DIAGNOSTIC,    16, -8.140929633615e-01, 7.899946832602e-03, 8.8253e-01, 6.1722e-03, 
 2DIAGNOSTIC,    17, -8.238121014234e-01, 6.079084141176e-03, 8.8806e-01, 5.5301e-03, 
 2DIAGNOSTIC,    18, -8.288542247800e-01, 4.728955854487e-03, 8.9410e-01, 6.0420e-03, 
 2DIAGNOSTIC,    19, -8.334537300028e-01, 3.975960324641e-03, 9.0126e-01, 7.1511e-03, 
 2DIAGNOSTIC,    20, -8.372318212484e-01, 3.437251018801e-03, 9.0657e-01, 5.3170e-03, 
 2DIAGNOSTIC,    21, -8.418938446474e-01, 2.893090220424e-03, 9.1249e-01, 5.9140e-03, 
 2DIAGNOSTIC,    22, -8.426545894346e-01, 2.430058019004e-03, 9.1781e-01, 5.3248e-03, 
 2DIAGNOSTIC,    23, -8.432397718561e-01, 1.881630610584e-03, 9.2369e-01, 5.8749e-03, 
 2DIAGNOSTIC,    24, -8.436922802179e-01, 1.339022214363e-03, 9.2950e-01, 5.8110e-03, 
 2DIAGNOSTIC,    25, -8.436639860424e-01, 9.624417430609e-04, 9.3706e-01, 7.5650e-03, 
 2DIAGNOSTIC,    26, -8.435264441241e-01, 6.341623840685e-04, 9.4348e-01, 6.4158e-03, 
 2DIAGNOSTIC,    27, -8.434604147336e-01, 4.103184086097e-04, 9.4868e-01, 5.2001e-03, 
 2DIAGNOSTIC,    28, -8.433043882347e-01, 2.322674671092e-04, 9.5502e-01, 6.3379e-03, 
 2DIAGNOSTIC,    29, -8.432290234593e-01, 1.048271446867e-04, 9.6081e-01, 5.7919e-03, 
 2DIAGNOSTIC,    30, -8.430219047423e-01, 2.062233089998e-05, 9.6591e-01, 5.1060e-03, 
DIAGNOSTIC,Iteration,metricValue,convergenceValue,ITERATION_TIME_INDEX,SINCE_LAST
 2DIAGNOSTIC,     1, -6.876697591980e-01, 1.797693134862e+308, 1.7635e+00, 7.9761e-01, 
 2DIAGNOSTIC,     2, -6.882703391114e-01, 1.797693134862e+308, 1.8015e+00, 3.8026e-02, 
 2DIAGNOSTIC,     3, -6.888729000331e-01, 1.797693134862e+308, 1.8390e+00, 3.7434e-02, 
 2DIAGNOSTIC,     4, -6.895411319580e-01, 1.797693134862e+308, 1.8765e+00, 3.7543e-02, 
 2DIAGNOSTIC,     5, -6.904689569199e-01, 1.797693134862e+308, 1.9213e+00, 4.4738e-02, 
 2DIAGNOSTIC,     6, -6.915786117061e-01, 1.797693134862e+308, 1.9699e+00, 4.8643e-02, 
 2DIAGNOSTIC,     7, -6.920864199696e-01, 1.797693134862e+308, 2.0216e+00, 5.1665e-02, 
 2DIAGNOSTIC,     8, -6.923077539357e-01, 1.797693134862e+308, 2.0615e+00, 3.9898e-02, 
 2DIAGNOSTIC,     9, -6.924370548954e-01, 1.797693134862e+308, 2.1000e+00, 3.8490e-02, 
 2DIAGNOSTIC,    10, -6.927594208987e-01, 5.181429647789e-04, 2.1436e+00, 4.3644e-02, 
 2DIAGNOSTIC,    11, -6.935995738634e-01, 4.404542375872e-04, 2.2000e+00, 5.6371e-02, 
 2DIAGNOSTIC,    12, -6.936189886752e-01, 3.569065269842e-04, 2.2567e+00, 5.6752e-02, 
 2DIAGNOSTIC,    13, -6.936701551815e-01, 2.755466624278e-04, 2.3020e+00, 4.5256e-02, 
 2DIAGNOSTIC,    14, -6.936715843790e-01, 2.008052801528e-04, 2.3524e+00, 5.0416e-02, 
 2DIAGNOSTIC,    15, -6.936714604679e-01, 1.425239750310e-04, 2.3964e+00, 4.4027e-02, 
 2DIAGNOSTIC,    16, -6.936599253407e-01, 1.062482330997e-04, 2.4370e+00, 4.0558e-02, 
 2DIAGNOSTIC,    17, -6.936669018009e-01, 7.702541896337e-05, 2.4865e+00, 4.9511e-02, 
 2DIAGNOSTIC,    18, -6.936688958783e-01, 4.949979596630e-05, 2.5352e+00, 4.8756e-02, 
 2DIAGNOSTIC,    19, -6.936892129114e-01, 2.370787478462e-05, 2.5761e+00, 4.0863e-02, 
 2DIAGNOSTIC,    20, -6.936778973712e-01, 4.359406938319e-06, 2.6326e+00, 5.6499e-02, 
 2DIAGNOSTIC,    21, -6.936837740496e-01, 3.158086047644e-06, 2.6759e+00, 4.3263e-02, 
 2DIAGNOSTIC,    22, -6.936654144995e-01, 1.904662398959e-06, 2.7172e+00, 4.1304e-02, 
 2DIAGNOSTIC,    23, -6.936496459097e-01, 1.350398006257e-06, 2.7624e+00, 4.5260e-02, 
DIAGNOSTIC,Iteration,metricValue,convergenceValue,ITERATION_TIME_INDEX,SINCE_LAST
 2DIAGNOSTIC,     1, -5.888062513893e-01, 1.797693134862e+308, 3.9470e+00, 1.1846e+00, 
 2DIAGNOSTIC,     2, -5.893873371823e-01, 1.797693134862e+308, 4.2691e+00, 3.2205e-01, 
 2DIAGNOSTIC,     3, -5.900677424862e-01, 1.797693134862e+308, 4.5697e+00, 3.0067e-01, 
 2DIAGNOSTIC,     4, -5.908273662785e-01, 1.797693134862e+308, 4.8901e+00, 3.2036e-01, 
 2DIAGNOSTIC,     5, -5.917829117841e-01, 1.797693134862e+308, 5.2501e+00, 3.5995e-01, 
 2DIAGNOSTIC,     6, -5.936577207973e-01, 1.797693134862e+308, 5.8245e+00, 5.7443e-01, 
 2DIAGNOSTIC,     7, -5.936581312038e-01, 1.797693134862e+308, 6.3594e+00, 5.3496e-01, 
 2DIAGNOSTIC,     8, -5.936593765482e-01, 1.797693134862e+308, 6.7720e+00, 4.1258e-01, 
 2DIAGNOSTIC,     9, -5.936605003996e-01, 1.797693134862e+308, 7.1265e+00, 3.5450e-01, 
 2DIAGNOSTIC,    10, -5.936593818560e-01, 6.148620737797e-04, 7.5100e+00, 3.8344e-01, 
 2DIAGNOSTIC,    11, -5.936582627424e-01, 4.512296692353e-04, 7.8411e+00, 3.3111e-01, 
 2DIAGNOSTIC,    12, -5.936586262557e-01, 2.979282717616e-04, 8.1952e+00, 3.5418e-01, 
 2DIAGNOSTIC,    13, -5.936573380389e-01, 1.674231771985e-04, 8.5555e+00, 3.6028e-01, 
 2DIAGNOSTIC,    14, -5.936556344524e-01, 6.642739218340e-05, 8.8593e+00, 3.0381e-01, 
 2DIAGNOSTIC,    15, -5.936556786172e-01, 1.910100105737e-06, 9.2528e+00, 3.9347e-01, 
 2DIAGNOSTIC,    16, -5.936562565029e-01, 1.709512108983e-06, 9.6193e+00, 3.6653e-01, 
 2DIAGNOSTIC,    17, -5.936541720689e-01, 1.509031997825e-06, 9.9627e+00, 3.4340e-01, 
 2DIAGNOSTIC,    18, -5.936548021327e-01, 1.415375826361e-06, 1.0285e+01, 3.2179e-01, 
 2DIAGNOSTIC,    19, -5.936546396477e-01, 1.389333965186e-06, 1.0632e+01, 3.4717e-01, 
 2DIAGNOSTIC,    20, -5.936559073866e-01, 1.396117921056e-06, 1.0939e+01, 3.0751e-01, 
 2DIAGNOSTIC,    21, -5.936543582449e-01, 1.357754058649e-06, 1.1308e+01, 3.6886e-01, 
 2DIAGNOSTIC,    22, -5.936559260064e-01, 1.382099731516e-06, 1.1645e+01, 3.3719e-01, 
 2DIAGNOSTIC,    23, -5.936573482982e-01, 1.413556310906e-06, 1.2246e+01, 6.0072e-01, 
