
##########################
# Experiment information #
##########################

EXPERIMENT_NAME: antsRegistration-r7-p11
VFC_BACKENDS: libinterflop_vprec.so --range-binary32=7 --precision-binary32=11 --range-binary64=7 --precision-binary64=11

SIF_IMG: /home/mdugre/projects/rrg-glatard/mdugre/containers/ants-vprec-no_metrics.simg

SUBJECT_ID: s017
INPUT_IMG: /home/mdugre/scratch/mri-registration-rp/datasets/ds004513/derivatives/mri-registration-rp/antsBrainExtraction/sub-s017/BrainExtractionBrain.nii.gz
OUTPUT_DIR: /home/mdugre/scratch/mri-registration-rp/datasets/ds004513/derivatives/mri-registration-rp/0100/antsRegistration-r7-p11/sub-s017

FIXED_IMG: /templateflow/tpl-MNI152NLin2009cAsym/tpl-MNI152NLin2009cAsym_res-01_desc-brain_T1w.nii.gz
DATA_DIR: /home/mdugre/scratch/mri-registration-rp/datasets/ds004513
TEMPLATEFLOW_DIR: /home/mdugre/projects/rrg-glatard/mdugre/templateflow
ITK_GLOBAL_DEFAULT_NUMBER_OF_THREADS: 16
##########################

Info [verificarlo]: loaded backend libinterflop_ieee.so
Info [interflop-ieee]: load backend with:
Info [interflop-ieee]: debug = false
Info [interflop-ieee]: debug-binary = false
Info [interflop-ieee]: no-backend-name = false
Info [interflop-ieee]: print-new-line = false
Info [interflop-ieee]: print-subnormal-normalized = false
Info [interflop-ieee]: count-op = false
All_Command_lines_OK
Using double precision for computations.
=============================================================================
The composite transform comprises the following transforms (in order): 
  1. Center of mass alignment using fixed image: /templateflow/tpl-MNI152NLin2009cAsym/tpl-MNI152NLin2009cAsym_res-01_desc-brain_T1w.nii.gz and moving image: /home/mdugre/scratch/mri-registration-rp/datasets/ds004513/derivatives/mri-registration-rp/antsBrainExtraction/sub-s017/BrainExtractionBrain.nii.gz (type = Euler3DTransform)
=============================================================================
  number of levels = 1
  fixed image: /templateflow/tpl-MNI152NLin2009cAsym/tpl-MNI152NLin2009cAsym_res-01_desc-brain_T1w.nii.gz
  moving image: /home/mdugre/scratch/mri-registration-rp/datasets/ds004513/derivatives/mri-registration-rp/antsBrainExtraction/sub-s017/BrainExtractionBrain.nii.gz
Dimension = 3
Number of stages = 1
Use histogram matching = false
Winsorize image intensities = true
  Lower quantile = 0.005
  Upper quantile = 0.995


Stage 1 State
   Image metric = MattesMI
     Fixed image = Image (0x3c96e70)
  RTTI typeinfo:   itk::Image<double, 3u>
  Reference Count: 2
  Modified Time: 2334
  Debug: Off
  Object Name: 
  Observers: 
    none
  Source: (none)
  Source output name: (none)
  Release Data: Off
  Data Released: False
  Global Release Data: Off
  PipelineMTime: 0
  UpdateMTime: 1943
  RealTimeStamp: 0 seconds 
  LargestPossibleRegion: 
    Dimension: 3
    Index: [0, 0, 0]
    Size: [193, 229, 193]
  BufferedRegion: 
    Dimension: 3
    Index: [0, 0, 0]
    Size: [193, 229, 193]
  RequestedRegion: 
    Dimension: 3
    Index: [0, 0, 0]
    Size: [193, 229, 193]
  Spacing: [1, 1, 1]
  Origin: [96, 132, -78]
  Direction: 
-1 0 0
0 -1 0
0 0 1

  IndexToPointMatrix: 
-1 0 0
0 -1 0
0 0 1

  PointToIndexMatrix: 
-1 0 0
0 -1 0
0 0 1

  Inverse Direction: 
-1 0 0
0 -1 0
0 0 1

  PixelContainer: 
    ImportImageContainer (0x3c9fc60)
      RTTI typeinfo:   itk::ImportImageContainer<unsigned long, double>
      Reference Count: 1
      Modified Time: 1940
      Debug: Off
      Object Name: 
      Observers: 
        none
      Pointer: 0x1546608f9010
      Container manages memory: true
      Size: 8530021
      Capacity: 8530021

     Moving image = Image (0x3ca2610)
  RTTI typeinfo:   itk::Image<double, 3u>
  Reference Count: 2
  Modified Time: 2335
  Debug: Off
  Object Name: 
  Observers: 
    none
  Source: (none)
  Source output name: (none)
  Release Data: Off
  Data Released: False
  Global Release Data: Off
  PipelineMTime: 0
  UpdateMTime: 2332
  RealTimeStamp: 0 seconds 
  LargestPossibleRegion: 
    Dimension: 3
    Index: [0, 0, 0]
    Size: [160, 240, 256]
  BufferedRegion: 
    Dimension: 3
    Index: [0, 0, 0]
    Size: [160, 240, 256]
  RequestedRegion: 
    Dimension: 3
    Index: [0, 0, 0]
    Size: [160, 240, 256]
  Spacing: [1, 1, 1]
  Origin: [91.3357, 102.231, -120.042]
  Direction: 
-0.997442 -5.36781e-05 -0.0714818
5.35416e-05 -1 3.82465e-06
-0.0714818 -1.23894e-08 0.997442

  IndexToPointMatrix: 
-0.997444 -5.36781e-05 -0.0714818
5.35418e-05 -1 3.82465e-06
-0.0714819 -1.23894e-08 0.997442

  PointToIndexMatrix: 
-0.99744 5.35415e-05 -0.0714816
-5.36781e-05 -1 -1.23894e-08
-0.0714818 3.82465e-06 0.997442

  Inverse Direction: 
-0.997442 5.35416e-05 -0.0714818
-5.36781e-05 -1 -1.23894e-08
-0.0714818 3.82465e-06 0.997442

  PixelContainer: 
    ImportImageContainer (0x3d3bef0)
      RTTI typeinfo:   itk::ImportImageContainer<unsigned long, double>
      Reference Count: 1
      Modified Time: 2329
      Debug: Off
      Object Name: 
      Observers: 
        none
      Pointer: 0x15465bdf8010
      Container manages memory: true
      Size: 9830400
      Capacity: 9830400

     Weighting = 1
     Sampling strategy = regular
     Number of bins = 32
     Radius = 4
     Sampling percentage  = 0.25
   Transform = Rigid
     Gradient step = 0.1
     Update field sigma (voxel space) = 0
     Total field sigma (voxel space) = 0
     Update field time sigma = 0
     Total field time sigma  = 0
     Number of time indices = 0
     Number of time point samples = 0
Registration using 1 total stages.

Stage 0
  iterations = 0
  convergence threshold = 1e-06
  convergence window size = 10
  number of levels = 1
  using the Mattes MI metric (number of bins = 32, weight = 1, use gradient filter = 0)
  preprocessing:  winsorizing the image intensities
  Shrink factors (level 1 out of 1): [1, 1, 1]
  smoothing sigmas per level: [0]
  regular sampling (percentage = 0.25)

*** Running Euler3DTransform registration ***

  Elapsed time (stage 0): 1.08955


Total elapsed time: 1.09175
Info [verificarlo]: loaded backend libinterflop_vprec.so
Info [interflop-vprec]: load backend with: 
Info [interflop-vprec]: precision-binary32 = 11
Info [interflop-vprec]: range-binary32 = 7
Info [interflop-vprec]: precision-binary64 = 11
Info [interflop-vprec]: range-binary64 = 7
Info [interflop-vprec]: mode = ob
Info [interflop-vprec]: error-mode = rel
Info [interflop-vprec]: max-abs-error-exponent = -1022
Info [interflop-vprec]: daz = false
Info [interflop-vprec]: ftz = false
Info [interflop-vprec]: 	instrument = none
Info [interflop-vprec]: 	prec-input-file = (null)
Info [interflop-vprec]: 	prec-output-file = (null)
Info [interflop-vprec]: 	prec-log-file = (null)
All_Command_lines_OK
Using double precision for computations.
=============================================================================
The composite transform comprises the following transforms (in order): 
  1. /home/mdugre/scratch/mri-registration-rp/datasets/ds004513/derivatives/mri-registration-rp/0100/antsRegistration-r7-p11/sub-s017/align_Composite.h5[0] (type = Euler3DTransform)
  2. /home/mdugre/scratch/mri-registration-rp/datasets/ds004513/derivatives/mri-registration-rp/0100/antsRegistration-r7-p11/sub-s017/align_Composite.h5[1] (type = Euler3DTransform)
=============================================================================
  number of levels = 4
  fixed image: /templateflow/tpl-MNI152NLin2009cAsym/tpl-MNI152NLin2009cAsym_res-01_desc-brain_T1w.nii.gz
  moving image: /home/mdugre/scratch/mri-registration-rp/datasets/ds004513/derivatives/mri-registration-rp/antsBrainExtraction/sub-s017/BrainExtractionBrain.nii.gz
Dimension = 3
Number of stages = 1
Use histogram matching = false
Winsorize image intensities = true
  Lower quantile = 0.005
  Upper quantile = 0.995


Stage 1 State
   Image metric = MattesMI
     Fixed image = Image (0x3cda1e0)
  RTTI typeinfo:   itk::Image<double, 3u>
  Reference Count: 2
  Modified Time: 1578
  Debug: Off
  Object Name: 
  Observers: 
    none
  Source: (none)
  Source output name: (none)
  Release Data: Off
  Data Released: False
  Global Release Data: Off
  PipelineMTime: 0
  UpdateMTime: 1189
  RealTimeStamp: 0 seconds 
  LargestPossibleRegion: 
    Dimension: 3
    Index: [0, 0, 0]
    Size: [193, 229, 193]
  BufferedRegion: 
    Dimension: 3
    Index: [0, 0, 0]
    Size: [193, 229, 193]
  RequestedRegion: 
    Dimension: 3
    Index: [0, 0, 0]
    Size: [193, 229, 193]
  Spacing: [1, 1, 1]
  Origin: [96, 132, -78]
  Direction: 
-1 0 0
0 -1 0
0 0 1

  IndexToPointMatrix: 
-1 0 0
0 -1 0
0 0 1

  PointToIndexMatrix: 
-1 0 0
0 -1 0
0 0 1

  Inverse Direction: 
-1 0 0
0 -1 0
0 0 1

  PixelContainer: 
    ImportImageContainer (0x3d99680)
      RTTI typeinfo:   itk::ImportImageContainer<unsigned long, double>
      Reference Count: 1
      Modified Time: 1186
      Debug: Off
      Object Name: 
      Observers: 
        none
      Pointer: 0x14e1c6305010
      Container manages memory: true
      Size: 8530021
      Capacity: 8530021

     Moving image = Image (0x3d95b20)
  RTTI typeinfo:   itk::Image<double, 3u>
  Reference Count: 2
  Modified Time: 1579
  Debug: Off
  Object Name: 
  Observers: 
    none
  Source: (none)
  Source output name: (none)
  Release Data: Off
  Data Released: False
  Global Release Data: Off
  PipelineMTime: 0
  UpdateMTime: 1576
  RealTimeStamp: 0 seconds 
  LargestPossibleRegion: 
    Dimension: 3
    Index: [0, 0, 0]
    Size: [160, 240, 256]
  BufferedRegion: 
    Dimension: 3
    Index: [0, 0, 0]
    Size: [160, 240, 256]
  RequestedRegion: 
    Dimension: 3
    Index: [0, 0, 0]
    Size: [160, 240, 256]
  Spacing: [1, 1, 1]
  Origin: [91.3438, 102.219, -120.031]
  Direction: 
-0.997559 -5.36889e-05 -0.0714722
5.35399e-05 -1 3.82401e-06
-0.0714722 -1.25729e-08 0.997559

  IndexToPointMatrix: 
-0.997559 -5.36889e-05 -0.0714722
5.35399e-05 -1 3.82401e-06
-0.0714722 -1.25729e-08 0.997559

  PointToIndexMatrix: 
-0.997559 5.35399e-05 -0.0714722
-5.3674e-05 -1 -1.11759e-08
-0.0714722 3.82587e-06 0.997559

  Inverse Direction: 
-0.997559 5.35399e-05 -0.0714722
-5.3674e-05 -1 -1.11759e-08
-0.0714722 3.82587e-06 0.997559

  PixelContainer: 
    ImportImageContainer (0x3dfed50)
      RTTI typeinfo:   itk::ImportImageContainer<unsigned long, double>
      Reference Count: 1
      Modified Time: 1573
      Debug: Off
      Object Name: 
      Observers: 
        none
      Pointer: 0x14e1c1804010
      Container manages memory: true
      Size: 9830400
      Capacity: 9830400

     Weighting = 1
     Sampling strategy = regular
     Number of bins = 32
     Radius = 4
     Sampling percentage  = 0.25
   Transform = Rigid
     Gradient step = 0.1
     Update field sigma (voxel space) = 0
     Total field sigma (voxel space) = 0
     Update field time sigma = 0
     Total field time sigma  = 0
     Number of time indices = 0
     Number of time point samples = 0
Registration using 1 total stages.

Stage 0
  iterations = 1000x500x250x100
  convergence threshold = 1e-06
  convergence window size = 10
  number of levels = 4
  using the Mattes MI metric (number of bins = 32, weight = 1, use gradient filter = 0)
  preprocessing:  winsorizing the image intensities
  Shrink factors (level 1 out of 4): [8, 8, 8]
  Shrink factors (level 2 out of 4): [4, 4, 4]
  Shrink factors (level 3 out of 4): [2, 2, 2]
  Shrink factors (level 4 out of 4): [1, 1, 1]
  smoothing sigmas per level: [3, 2, 1, 0]
  regular sampling (percentage = 0.25)

*** Running Euler3DTransform registration ***

DIAGNOSTIC,Iteration,metricValue,convergenceValue,ITERATION_TIME_INDEX,SINCE_LAST
 2DIAGNOSTIC,     1, -5.536169431063e-01, 1.797693134862e+308, 0.0000e+00, 0.0000e+00, 
 2DIAGNOSTIC,     2, -5.538857809722e-01, 1.797693134862e+308, 0.0000e+00, 0.0000e+00, 
 2DIAGNOSTIC,     3, -5.539308746798e-01, 1.797693134862e+308, 0.0000e+00, 0.0000e+00, 
 2DIAGNOSTIC,     4, -5.544231454657e-01, 1.797693134862e+308, 0.0000e+00, 0.0000e+00, 
 2DIAGNOSTIC,     5, -5.552810199314e-01, 1.797693134862e+308, 0.0000e+00, 0.0000e+00, 
 2DIAGNOSTIC,     6, -5.557871786975e-01, 1.797693134862e+308, 0.0000e+00, 0.0000e+00, 
 2DIAGNOSTIC,     7, -5.572984833588e-01, 1.797693134862e+308, 0.0000e+00, 0.0000e+00, 
 2DIAGNOSTIC,     8, -5.594256124668e-01, 1.797693134862e+308, 0.0000e+00, 0.0000e+00, 
 2DIAGNOSTIC,     9, -5.634462685192e-01, 1.797693134862e+308, 0.0000e+00, 0.0000e+00, 
 2DIAGNOSTIC,    10, -5.684681383591e-01, 1.451976080856e-03, 0.0000e+00, 0.0000e+00, 
 2DIAGNOSTIC,    11, -5.719815916239e-01, 1.817459150819e-03, 0.0000e+00, 0.0000e+00, 
 2DIAGNOSTIC,    12, -5.740897332123e-01, 2.058333071945e-03, 0.0000e+00, 0.0000e+00, 
 2DIAGNOSTIC,    13, -5.757284170992e-01, 2.141376063888e-03, 0.0000e+00, 0.0000e+00, 
 2DIAGNOSTIC,    14, -5.761339449733e-01, 2.048525572455e-03, 0.0000e+00, 0.0000e+00, 
 2DIAGNOSTIC,    15, -5.760803984551e-01, 1.807597296095e-03, 0.0000e+00, 0.0000e+00, 
 2DIAGNOSTIC,    16, -5.756033792558e-01, 1.432737066528e-03, 0.0000e+00, 0.0000e+00, 
 2DIAGNOSTIC,    17, -5.755449658053e-01, 1.015112743009e-03, 0.0000e+00, 0.0000e+00, 
 2DIAGNOSTIC,    18, -5.756300493875e-01, 6.117245181422e-04, 0.0000e+00, 0.0000e+00, 
 2DIAGNOSTIC,    19, -5.756930784988e-01, 3.004312572375e-04, 0.0000e+00, 0.0000e+00, 
 2DIAGNOSTIC,    20, -5.756225186680e-01, 1.158705653493e-04, 0.0000e+00, 0.0000e+00, 
 2DIAGNOSTIC,    21, -5.756221218823e-01, 2.173783367170e-05, 0.0000e+00, 0.0000e+00, 
DIAGNOSTIC,Iteration,metricValue,convergenceValue,ITERATION_TIME_INDEX,SINCE_LAST
 2DIAGNOSTIC,     1, -4.788295112828e-01, 1.797693134862e+308, 0.0000e+00, 0.0000e+00, 
 2DIAGNOSTIC,     2, -4.793996961847e-01, 1.797693134862e+308, 0.0000e+00, 0.0000e+00, 
 2DIAGNOSTIC,     3, -4.794323765195e-01, 1.797693134862e+308, 0.0000e+00, 0.0000e+00, 
 2DIAGNOSTIC,     4, -4.797509496980e-01, 1.797693134862e+308, 0.0000e+00, 0.0000e+00, 
 2DIAGNOSTIC,     5, -4.804050712831e-01, 1.797693134862e+308, 0.0000e+00, 0.0000e+00, 
 2DIAGNOSTIC,     6, -4.814767934451e-01, 1.797693134862e+308, 0.0000e+00, 0.0000e+00, 
 2DIAGNOSTIC,     7, -4.817721629839e-01, 1.797693134862e+308, 0.0000e+00, 0.0000e+00, 
 2DIAGNOSTIC,     8, -4.823197464196e-01, 1.797693134862e+308, 0.0000e+00, 0.0000e+00, 
 2DIAGNOSTIC,     9, -4.825299444960e-01, 1.797693134862e+308, 0.0000e+00, 0.0000e+00, 
 2DIAGNOSTIC,    10, -4.827208608342e-01, 5.776462325329e-04, 0.0000e+00, 0.0000e+00, 
 2DIAGNOSTIC,    11, -4.830669216878e-01, 5.066452103935e-04, 0.0000e+00, 0.0000e+00, 
 2DIAGNOSTIC,    12, -4.831390595045e-01, 4.336380400384e-04, 0.0000e+00, 0.0000e+00, 
 2DIAGNOSTIC,    13, -4.830157898057e-01, 3.291227171197e-04, 0.0000e+00, 0.0000e+00, 
 2DIAGNOSTIC,    14, -4.833908598420e-01, 2.390461289919e-04, 0.0000e+00, 0.0000e+00, 
 2DIAGNOSTIC,    15, -4.836180520585e-01, 1.725071920737e-04, 0.0000e+00, 0.0000e+00, 
 2DIAGNOSTIC,    16, -4.835590304636e-01, 1.354952840212e-04, 0.0000e+00, 0.0000e+00, 
 2DIAGNOSTIC,    17, -4.834936573823e-01, 9.830866105791e-05, 0.0000e+00, 0.0000e+00, 
 2DIAGNOSTIC,    18, -4.834750889834e-01, 7.375443334744e-05, 0.0000e+00, 0.0000e+00, 
 2DIAGNOSTIC,    19, -4.834738214544e-01, 5.118989876347e-05, 0.0000e+00, 0.0000e+00, 
 2DIAGNOSTIC,    20, -4.834645359022e-01, 3.097401448740e-05, 0.0000e+00, 0.0000e+00, 
 2DIAGNOSTIC,    21, -4.834465736160e-01, 1.909411275765e-05, 0.0000e+00, 0.0000e+00, 
 2DIAGNOSTIC,    22, -4.834429581581e-01, 8.713275027515e-06, 0.0000e+00, 0.0000e+00, 
DIAGNOSTIC,Iteration,metricValue,convergenceValue,ITERATION_TIME_INDEX,SINCE_LAST
 2DIAGNOSTIC,     1, -4.157399573699e-01, 1.797693134862e+308, 0.0000e+00, 0.0000e+00, 
 2DIAGNOSTIC,     2, -4.157771508441e-01, 1.797693134862e+308, 0.0000e+00, 0.0000e+00, 
 2DIAGNOSTIC,     3, -4.157621524672e-01, 1.797693134862e+308, 0.0000e+00, 0.0000e+00, 
 2DIAGNOSTIC,     4, -4.157670111308e-01, 1.797693134862e+308, 0.0000e+00, 0.0000e+00, 
 2DIAGNOSTIC,     5, -4.157972006469e-01, 1.797693134862e+308, 0.0000e+00, 0.0000e+00, 
 2DIAGNOSTIC,     6, -4.158433475608e-01, 1.797693134862e+308, 0.0000e+00, 0.0000e+00, 
 2DIAGNOSTIC,     7, -4.158830416645e-01, 1.797693134862e+308, 0.0000e+00, 0.0000e+00, 
 2DIAGNOSTIC,     8, -4.158951288183e-01, 1.797693134862e+308, 0.0000e+00, 0.0000e+00, 
 2DIAGNOSTIC,     9, -4.159027783273e-01, 1.797693134862e+308, 0.0000e+00, 0.0000e+00, 
 2DIAGNOSTIC,    10, -4.159775832442e-01, 3.435115843237e-05, 0.0000e+00, 0.0000e+00, 
 2DIAGNOSTIC,    11, -4.160233458077e-01, 3.616333180606e-05, 0.0000e+00, 0.0000e+00, 
 2DIAGNOSTIC,    12, -4.160286693907e-01, 3.684163301372e-05, 0.0000e+00, 0.0000e+00, 
 2DIAGNOSTIC,    13, -4.160314446835e-01, 3.356395687913e-05, 0.0000e+00, 0.0000e+00, 
 2DIAGNOSTIC,    14, -4.160281082090e-01, 2.781146275301e-05, 0.0000e+00, 0.0000e+00, 
 2DIAGNOSTIC,    15, -4.160256025467e-01, 2.146205147188e-05, 0.0000e+00, 0.0000e+00, 
 2DIAGNOSTIC,    16, -4.160272195521e-01, 1.589897895753e-05, 0.0000e+00, 0.0000e+00, 
 2DIAGNOSTIC,    17, -4.160268595702e-01, 1.113104033761e-05, 0.0000e+00, 0.0000e+00, 
 2DIAGNOSTIC,    18, -4.160259826799e-01, 6.342509527142e-06, 0.0000e+00, 0.0000e+00, 
 2DIAGNOSTIC,    19, -4.160256649978e-01, 1.684099952791e-06, 0.0000e+00, 0.0000e+00, 
DIAGNOSTIC,Iteration,metricValue,convergenceValue,ITERATION_TIME_INDEX,SINCE_LAST
 2DIAGNOSTIC,     1, -3.835647915713e-01, 1.797693134862e+308, 0.0000e+00, 0.0000e+00, 
 2DIAGNOSTIC,     2, -3.836479408543e-01, 1.797693134862e+308, 0.0000e+00, 0.0000e+00, 
 2DIAGNOSTIC,     3, -3.837142586947e-01, 1.797693134862e+308, 0.0000e+00, 0.0000e+00, 
 2DIAGNOSTIC,     4, -3.837215034132e-01, 1.797693134862e+308, 0.0000e+00, 0.0000e+00, 
 2DIAGNOSTIC,     5, -3.836436359181e-01, 1.797693134862e+308, 0.0000e+00, 0.0000e+00, 
 2DIAGNOSTIC,     6, -3.836500436582e-01, 1.797693134862e+308, 0.0000e+00, 0.0000e+00, 
 2DIAGNOSTIC,     7, -3.837134479025e-01, 1.797693134862e+308, 0.0000e+00, 0.0000e+00, 
 2DIAGNOSTIC,     8, -3.837370397877e-01, 1.797693134862e+308, 0.0000e+00, 0.0000e+00, 
 2DIAGNOSTIC,     9, -3.837711529371e-01, 1.797693134862e+308, 0.0000e+00, 0.0000e+00, 
 2DIAGNOSTIC,    10, -3.837674024391e-01, 2.396989394715e-05, 0.0000e+00, 0.0000e+00, 
 2DIAGNOSTIC,    11, -3.837689480920e-01, 1.726886984238e-05, 0.0000e+00, 0.0000e+00, 
 2DIAGNOSTIC,    12, -3.837636227318e-01, 1.470502723667e-05, 0.0000e+00, 0.0000e+00, 
 2DIAGNOSTIC,    13, -3.837621100117e-01, 1.480389051972e-05, 0.0000e+00, 0.0000e+00, 
 2DIAGNOSTIC,    14, -3.837602688493e-01, 1.397277789381e-05, 0.0000e+00, 0.0000e+00, 
 2DIAGNOSTIC,    15, -3.837613864534e-01, 8.229904008700e-06, 0.0000e+00, 0.0000e+00, 
 2DIAGNOSTIC,    16, -3.837612588769e-01, 2.692946284660e-06, 0.0000e+00, 0.0000e+00, 
  Elapsed time (stage 0): 0.0000e+00


Total elapsed time: 0.0000e+00
Info [verificarlo]: loaded backend libinterflop_ieee.so
Info [interflop-ieee]: load backend with:
Info [interflop-ieee]: debug = false
Info [interflop-ieee]: debug-binary = false
Info [interflop-ieee]: no-backend-name = false
Info [interflop-ieee]: print-new-line = false
Info [interflop-ieee]: print-subnormal-normalized = false
Info [interflop-ieee]: count-op = false
All_Command_lines_OK
Using double precision for computations.
=============================================================================
The composite transform comprises the following transforms (in order): 
  1. /home/mdugre/scratch/mri-registration-rp/datasets/ds004513/derivatives/mri-registration-rp/0100/antsRegistration-r7-p11/sub-s017/rigid_Composite.h5[0] (type = Euler3DTransform)
  2. /home/mdugre/scratch/mri-registration-rp/datasets/ds004513/derivatives/mri-registration-rp/0100/antsRegistration-r7-p11/sub-s017/rigid_Composite.h5[1] (type = Euler3DTransform)
  3. /home/mdugre/scratch/mri-registration-rp/datasets/ds004513/derivatives/mri-registration-rp/0100/antsRegistration-r7-p11/sub-s017/rigid_Composite.h5[2] (type = Euler3DTransform)
=============================================================================
  number of levels = 4
  fixed image: /templateflow/tpl-MNI152NLin2009cAsym/tpl-MNI152NLin2009cAsym_res-01_desc-brain_T1w.nii.gz
  moving image: /home/mdugre/scratch/mri-registration-rp/datasets/ds004513/derivatives/mri-registration-rp/antsBrainExtraction/sub-s017/BrainExtractionBrain.nii.gz
Dimension = 3
Number of stages = 1
Use histogram matching = false
Winsorize image intensities = true
  Lower quantile = 0.005
  Upper quantile = 0.995


Stage 1 State
   Image metric = MattesMI
     Fixed image = Image (0x43e37e0)
  RTTI typeinfo:   itk::Image<double, 3u>
  Reference Count: 2
  Modified Time: 1594
  Debug: Off
  Object Name: 
  Observers: 
    none
  Source: (none)
  Source output name: (none)
  Release Data: Off
  Data Released: False
  Global Release Data: Off
  PipelineMTime: 0
  UpdateMTime: 1203
  RealTimeStamp: 0 seconds 
  LargestPossibleRegion: 
    Dimension: 3
    Index: [0, 0, 0]
    Size: [193, 229, 193]
  BufferedRegion: 
    Dimension: 3
    Index: [0, 0, 0]
    Size: [193, 229, 193]
  RequestedRegion: 
    Dimension: 3
    Index: [0, 0, 0]
    Size: [193, 229, 193]
  Spacing: [1, 1, 1]
  Origin: [96, 132, -78]
  Direction: 
-1 0 0
0 -1 0
0 0 1

  IndexToPointMatrix: 
-1 0 0
0 -1 0
0 0 1

  PointToIndexMatrix: 
-1 0 0
0 -1 0
0 0 1

  Inverse Direction: 
-1 0 0
0 -1 0
0 0 1

  PixelContainer: 
    ImportImageContainer (0x44a3a20)
      RTTI typeinfo:   itk::ImportImageContainer<unsigned long, double>
      Reference Count: 1
      Modified Time: 1200
      Debug: Off
      Object Name: 
      Observers: 
        none
      Pointer: 0x14bf4d1c6010
      Container manages memory: true
      Size: 8530021
      Capacity: 8530021

     Moving image = Image (0x4458e20)
  RTTI typeinfo:   itk::Image<double, 3u>
  Reference Count: 2
  Modified Time: 1595
  Debug: Off
  Object Name: 
  Observers: 
    none
  Source: (none)
  Source output name: (none)
  Release Data: Off
  Data Released: False
  Global Release Data: Off
  PipelineMTime: 0
  UpdateMTime: 1592
  RealTimeStamp: 0 seconds 
  LargestPossibleRegion: 
    Dimension: 3
    Index: [0, 0, 0]
    Size: [160, 240, 256]
  BufferedRegion: 
    Dimension: 3
    Index: [0, 0, 0]
    Size: [160, 240, 256]
  RequestedRegion: 
    Dimension: 3
    Index: [0, 0, 0]
    Size: [160, 240, 256]
  Spacing: [1, 1, 1]
  Origin: [91.3357, 102.231, -120.042]
  Direction: 
-0.997442 -5.36781e-05 -0.0714818
5.35416e-05 -1 3.82465e-06
-0.0714818 -1.23894e-08 0.997442

  IndexToPointMatrix: 
-0.997444 -5.36781e-05 -0.0714818
5.35418e-05 -1 3.82465e-06
-0.0714819 -1.23894e-08 0.997442

  PointToIndexMatrix: 
-0.99744 5.35415e-05 -0.0714816
-5.36781e-05 -1 -1.23894e-08
-0.0714818 3.82465e-06 0.997442

  Inverse Direction: 
-0.997442 5.35416e-05 -0.0714818
-5.36781e-05 -1 -1.23894e-08
-0.0714818 3.82465e-06 0.997442

  PixelContainer: 
    ImportImageContainer (0x44f2550)
      RTTI typeinfo:   itk::ImportImageContainer<unsigned long, double>
      Reference Count: 1
      Modified Time: 1589
      Debug: Off
      Object Name: 
      Observers: 
        none
      Pointer: 0x14bf486c5010
      Container manages memory: true
      Size: 9830400
      Capacity: 9830400

     Weighting = 1
     Sampling strategy = regular
     Number of bins = 32
     Radius = 4
     Sampling percentage  = 0.25
   Transform = Affine
     Gradient step = 0.1
     Update field sigma (voxel space) = 0
     Total field sigma (voxel space) = 0
     Update field time sigma = 0
     Total field time sigma  = 0
     Number of time indices = 0
     Number of time point samples = 0
Registration using 1 total stages.

Stage 0
  iterations = 1000x500x250x100
  convergence threshold = 1e-06
  convergence window size = 10
  number of levels = 4
  using the Mattes MI metric (number of bins = 32, weight = 1, use gradient filter = 0)
  preprocessing:  winsorizing the image intensities
  Shrink factors (level 1 out of 4): [8, 8, 8]
  Shrink factors (level 2 out of 4): [4, 4, 4]
  Shrink factors (level 3 out of 4): [2, 2, 2]
  Shrink factors (level 4 out of 4): [1, 1, 1]
  smoothing sigmas per level: [3, 2, 1, 0]
  regular sampling (percentage = 0.25)

*** Running AffineTransform registration ***

DIAGNOSTIC,Iteration,metricValue,convergenceValue,ITERATION_TIME_INDEX,SINCE_LAST
 2DIAGNOSTIC,     1, -5.803655498813e-01, 1.797693134862e+308, 7.3408e-01, 7.3408e-01, 
 2DIAGNOSTIC,     2, -5.826240190530e-01, 1.797693134862e+308, 7.3974e-01, 5.6651e-03, 
 2DIAGNOSTIC,     3, -5.866836078143e-01, 1.797693134862e+308, 7.4525e-01, 5.5099e-03, 
 2DIAGNOSTIC,     4, -5.941805204618e-01, 1.797693134862e+308, 7.5042e-01, 5.1651e-03, 
 2DIAGNOSTIC,     5, -6.063756317899e-01, 1.797693134862e+308, 7.5482e-01, 4.4022e-03, 
 2DIAGNOSTIC,     6, -6.258631909572e-01, 1.797693134862e+308, 7.6064e-01, 5.8181e-03, 
 2DIAGNOSTIC,     7, -7.417628755551e-01, 1.797693134862e+308, 7.6589e-01, 5.2481e-03, 
 2DIAGNOSTIC,     8, -8.034893887025e-01, 1.797693134862e+308, 7.7122e-01, 5.3360e-03, 
 2DIAGNOSTIC,     9, -8.325132770391e-01, 1.797693134862e+308, 7.7698e-01, 5.7600e-03, 
 2DIAGNOSTIC,    10, -8.644753803044e-01, 3.029653431215e-02, 7.8408e-01, 7.0980e-03, 
 2DIAGNOSTIC,    11, -8.680879528002e-01, 2.982945947167e-02, 7.8935e-01, 5.2691e-03, 
 2DIAGNOSTIC,    12, -8.868919002329e-01, 2.743096234138e-02, 7.9698e-01, 7.6289e-03, 
 2DIAGNOSTIC,    13, -8.868080946587e-01, 2.313115398750e-02, 8.0326e-01, 6.2799e-03, 
 2DIAGNOSTIC,    14, -8.869989455127e-01, 1.774439033729e-02, 8.0899e-01, 5.7271e-03, 
 2DIAGNOSTIC,    15, -8.866146844566e-01, 1.194661999350e-02, 8.1462e-01, 5.6391e-03, 
 2DIAGNOSTIC,    16, -8.867594573202e-01, 6.319484042437e-03, 8.2179e-01, 7.1690e-03, 
 2DIAGNOSTIC,    17, -8.867534249366e-01, 3.389120466392e-03, 8.2763e-01, 5.8379e-03, 
 2DIAGNOSTIC,    18, -8.865496079634e-01, 1.771705028539e-03, 8.3296e-01, 5.3270e-03, 
 2DIAGNOSTIC,    19, -8.865074800152e-01, 7.321291052112e-04, 8.3886e-01, 5.9052e-03, 
 2DIAGNOSTIC,    20, -8.863367844483e-01, 3.218254823625e-04, 8.4411e-01, 5.2490e-03, 
DIAGNOSTIC,Iteration,metricValue,convergenceValue,ITERATION_TIME_INDEX,SINCE_LAST
 2DIAGNOSTIC,     1, -7.454172035254e-01, 1.797693134862e+308, 1.5637e+00, 7.1961e-01, 
 2DIAGNOSTIC,     2, -7.462186360067e-01, 1.797693134862e+308, 1.5989e+00, 3.5154e-02, 
 2DIAGNOSTIC,     3, -7.469607745761e-01, 1.797693134862e+308, 1.6373e+00, 3.8452e-02, 
 2DIAGNOSTIC,     4, -7.475709818352e-01, 1.797693134862e+308, 1.6747e+00, 3.7328e-02, 
 2DIAGNOSTIC,     5, -7.482561864381e-01, 1.797693134862e+308, 1.7084e+00, 3.3706e-02, 
 2DIAGNOSTIC,     6, -7.493488073390e-01, 1.797693134862e+308, 1.7496e+00, 4.1189e-02, 
 2DIAGNOSTIC,     7, -7.500316400906e-01, 1.797693134862e+308, 1.7954e+00, 4.5812e-02, 
 2DIAGNOSTIC,     8, -7.501443197298e-01, 1.797693134862e+308, 1.8384e+00, 4.3027e-02, 
 2DIAGNOSTIC,     9, -7.501640274253e-01, 1.797693134862e+308, 1.8793e+00, 4.0862e-02, 
 2DIAGNOSTIC,    10, -7.501732075082e-01, 4.500327666740e-04, 1.9188e+00, 3.9515e-02, 
 2DIAGNOSTIC,    11, -7.502330753437e-01, 3.354664242928e-04, 1.9532e+00, 3.4470e-02, 
 2DIAGNOSTIC,    12, -7.503170740364e-01, 2.375897932974e-04, 1.9897e+00, 3.6502e-02, 
 2DIAGNOSTIC,    13, -7.504573669382e-01, 1.594242087361e-04, 2.0299e+00, 4.0166e-02, 
 2DIAGNOSTIC,    14, -7.505059572386e-01, 9.609759265286e-05, 2.0734e+00, 4.3500e-02, 
 2DIAGNOSTIC,    15, -7.504742096454e-01, 4.868787381318e-05, 2.1096e+00, 3.6164e-02, 
 2DIAGNOSTIC,    16, -7.505620752979e-01, 3.056756413825e-05, 2.1690e+00, 5.9444e-02, 
 2DIAGNOSTIC,    17, -7.505586576849e-01, 2.695334637192e-05, 2.2113e+00, 4.2306e-02, 
 2DIAGNOSTIC,    18, -7.505436494724e-01, 2.344696939109e-05, 2.2532e+00, 4.1861e-02, 
 2DIAGNOSTIC,    19, -7.505410049276e-01, 1.869062094637e-05, 2.2955e+00, 4.2316e-02, 
 2DIAGNOSTIC,    20, -7.505334353311e-01, 1.288766344015e-05, 2.3312e+00, 3.5676e-02, 
 2DIAGNOSTIC,    21, -7.504947988417e-01, 6.945331712679e-06, 2.3702e+00, 3.9046e-02, 
 2DIAGNOSTIC,    22, -7.504842266193e-01, 2.247435157900e-06, 2.4116e+00, 4.1411e-02, 
DIAGNOSTIC,Iteration,metricValue,convergenceValue,ITERATION_TIME_INDEX,SINCE_LAST
 2DIAGNOSTIC,     1, -6.294556047662e-01, 1.797693134862e+308, 3.4895e+00, 1.0779e+00, 
 2DIAGNOSTIC,     2, -6.299700351336e-01, 1.797693134862e+308, 3.7651e+00, 2.7558e-01, 
 2DIAGNOSTIC,     3, -6.305494100487e-01, 1.797693134862e+308, 4.0701e+00, 3.0500e-01, 
 2DIAGNOSTIC,     4, -6.311871851019e-01, 1.797693134862e+308, 4.4109e+00, 3.4080e-01, 
 2DIAGNOSTIC,     5, -6.320315793169e-01, 1.797693134862e+308, 4.7588e+00, 3.4793e-01, 
 2DIAGNOSTIC,     6, -6.325028750170e-01, 1.797693134862e+308, 5.1028e+00, 3.4403e-01, 
 2DIAGNOSTIC,     7, -6.324977295727e-01, 1.797693134862e+308, 5.5476e+00, 4.4477e-01, 
 2DIAGNOSTIC,     8, -6.324876161990e-01, 1.797693134862e+308, 5.9361e+00, 3.8846e-01, 
 2DIAGNOSTIC,     9, -6.324835067173e-01, 1.797693134862e+308, 6.3340e+00, 3.9793e-01, 
 2DIAGNOSTIC,    10, -6.324837080268e-01, 3.305378805427e-04, 6.7111e+00, 3.7713e-01, 
 2DIAGNOSTIC,    11, -6.324813795361e-01, 2.206447799983e-04, 7.0980e+00, 3.8682e-01, 
 2DIAGNOSTIC,    12, -6.324807456955e-01, 1.289503953039e-04, 7.4525e+00, 3.5459e-01, 
 2DIAGNOSTIC,    13, -6.324795001062e-01, 5.997438896016e-05, 7.8518e+00, 3.9925e-01, 
 2DIAGNOSTIC,    14, -6.324787968095e-01, 1.551198558673e-05, 8.2165e+00, 3.6467e-01, 
DIAGNOSTIC,Iteration,metricValue,convergenceValue,ITERATION_TIME_INDEX,SINCE_LAST
 2DIAGNOSTIC,     1, -5.631217362460e-01, 1.797693134862e+308, 1.1228e+01, 3.0119e+00, 
 2DIAGNOSTIC,     2, -5.636749777897e-01, 1.797693134862e+308, 1.3004e+01, 1.7755e+00, 
 2DIAGNOSTIC,     3, -5.642395206169e-01, 1.797693134862e+308, 1.4835e+01, 1.8308e+00, 
 2DIAGNOSTIC,     4, -5.650303652713e-01, 1.797693134862e+308, 1.6677e+01, 1.8419e+00, 
 2DIAGNOSTIC,     5, -5.664076992247e-01, 1.797693134862e+308, 2.1231e+01, 4.5547e+00, 
 2DIAGNOSTIC,     6, -5.664070412742e-01, 1.797693134862e+308, 2.3130e+01, 1.8983e+00, 
 2DIAGNOSTIC,     7, -5.664062637420e-01, 1.797693134862e+308, 2.5597e+01, 2.4675e+00, 
 2DIAGNOSTIC,     8, -5.664060968791e-01, 1.797693134862e+308, 2.7699e+01, 2.1017e+00, 
 2DIAGNOSTIC,     9, -5.664061678339e-01, 1.797693134862e+308, 2.9483e+01, 1.7839e+00, 
 2DIAGNOSTIC,    10, -5.664059906618e-01, 3.969204591110e-04, 3.1532e+01, 2.0493e+00, 
 2DIAGNOSTIC,    11, -5.664059195939e-01, 2.582242490037e-04, 3.3445e+01, 1.9133e+00, 
 2DIAGNOSTIC,    12, -5.664059020160e-01, 1.436141543129e-04, 3.5671e+01, 2.2258e+00, 
 2DIAGNOSTIC,    13, -5.664059092771e-01, 5.551724525096e-05, 3.7817e+01, 2.1456e+00, 
 2DIAGNOSTIC,    14, -5.664056490417e-01, 2.152689812671e-06, 4.0010e+01, 2.1936e+00, 
 2DIAGNOSTIC,    15, -5.664057210544e-01, 2.051892972657e-06, 4.1921e+01, 1.9108e+00, 
 2DIAGNOSTIC,    16, -5.664054992674e-01, 1.943189819054e-06, 4.4031e+01, 2.1095e+00, 
 2DIAGNOSTIC,    17, -5.664054757207e-01, 1.828133538523e-06, 4.6167e+01, 2.1365e+00, 
 2DIAGNOSTIC,    18, -5.664053275825e-01, 1.721085429625e-06, 4.8552e+01, 2.3854e+00, 
 2DIAGNOSTIC,    19, -5.664050898957e-01, 1.625558000422e-06, 5.0587e+01, 2.0347e+00, 
 2DIAGNOSTIC,    20, -5.664048775367e-01, 1.534649110943e-06, 5.2504e+01, 1.9171e+00, 
 2DIAGNOSTIC,    21, -5.664048136669e-01, 1.454522402987e-06, 5.4653e+01, 2.1487e+00, 
 2DIAGNOSTIC,    22, -5.664044887839e-01, 1.379492607714e-06, 5.6614e+01, 1.9611e+00, 
 2DIAGNOSTIC,    23, -5.664045667243e-01, 1.319458559704e-06, 5.8527e+01, 1.9135e+00, 
 2DIAGNOSTIC,    24, -5.664045109374e-01, 1.263728680465e-06, 6.0491e+01, 1.9638e+00, 
 2DIAGNOSTIC,    25, -5.664041756396e-01, 1.213164800014e-06, 6.2413e+01, 1.9213e+00, 
 2DIAGNOSTIC,    26, -5.664041374392e-01, 1.167283837422e-06, 6.4110e+01, 1.6972e+00, 
 2DIAGNOSTIC,    27, -5.664040268240e-01, 1.127664975176e-06, 6.6031e+01, 1.9209e+00, 
 2DIAGNOSTIC,    28, -5.664039516721e-01, 1.091714606355e-06, 6.7984e+01, 1.9536e+00, 
 2DIAGNOSTIC,    29, -5.664039986814e-01, 1.059233867763e-06, 6.9946e+01, 1.9621e+00, 
 2DIAGNOSTIC,    30, -5.664040226387e-01, 1.029406820258e-06, 7.2012e+01, 2.0659e+00, 
 2DIAGNOSTIC,    31, -5.664038525582e-01, 1.000867065587e-06, 7.4031e+01, 2.0192e+00, 
  Elapsed time (stage 0): 7.5254e+01


Total elapsed time: 7.5256e+01
Info [verificarlo]: loaded backend libinterflop_ieee.so
Info [interflop-ieee]: load backend with:
Info [interflop-ieee]: debug = false
Info [interflop-ieee]: debug-binary = false
Info [interflop-ieee]: no-backend-name = false
Info [interflop-ieee]: print-new-line = false
Info [interflop-ieee]: print-subnormal-normalized = false
Info [interflop-ieee]: count-op = false
All_Command_lines_OK
Using double precision for computations.
=============================================================================
The composite transform comprises the following transforms (in order): 
  1. /home/mdugre/scratch/mri-registration-rp/datasets/ds004513/derivatives/mri-registration-rp/0100/antsRegistration-r7-p11/sub-s017/affine_Composite.h5[0] (type = Euler3DTransform)
  2. /home/mdugre/scratch/mri-registration-rp/datasets/ds004513/derivatives/mri-registration-rp/0100/antsRegistration-r7-p11/sub-s017/affine_Composite.h5[1] (type = Euler3DTransform)
  3. /home/mdugre/scratch/mri-registration-rp/datasets/ds004513/derivatives/mri-registration-rp/0100/antsRegistration-r7-p11/sub-s017/affine_Composite.h5[2] (type = Euler3DTransform)
  4. /home/mdugre/scratch/mri-registration-rp/datasets/ds004513/derivatives/mri-registration-rp/0100/antsRegistration-r7-p11/sub-s017/affine_Composite.h5[3] (type = AffineTransform)
=============================================================================
  number of levels = 4
  fixed image: /templateflow/tpl-MNI152NLin2009cAsym/tpl-MNI152NLin2009cAsym_res-01_desc-brain_T1w.nii.gz
  moving image: /home/mdugre/scratch/mri-registration-rp/datasets/ds004513/derivatives/mri-registration-rp/antsBrainExtraction/sub-s017/BrainExtractionBrain.nii.gz
Dimension = 3
Number of stages = 1
Use histogram matching = false
Winsorize image intensities = true
  Lower quantile = 0.005
  Upper quantile = 0.995


Stage 1 State
   Image metric = CC
     Fixed image = Image (0x3da1a40)
  RTTI typeinfo:   itk::Image<double, 3u>
  Reference Count: 2
  Modified Time: 1608
  Debug: Off
  Object Name: 
  Observers: 
    none
  Source: (none)
  Source output name: (none)
  Release Data: Off
  Data Released: False
  Global Release Data: Off
  PipelineMTime: 0
  UpdateMTime: 1217
  RealTimeStamp: 0 seconds 
  LargestPossibleRegion: 
    Dimension: 3
    Index: [0, 0, 0]
    Size: [193, 229, 193]
  BufferedRegion: 
    Dimension: 3
    Index: [0, 0, 0]
    Size: [193, 229, 193]
  RequestedRegion: 
    Dimension: 3
    Index: [0, 0, 0]
    Size: [193, 229, 193]
  Spacing: [1, 1, 1]
  Origin: [96, 132, -78]
  Direction: 
-1 0 0
0 -1 0
0 0 1

  IndexToPointMatrix: 
-1 0 0
0 -1 0
0 0 1

  PointToIndexMatrix: 
-1 0 0
0 -1 0
0 0 1

  Inverse Direction: 
-1 0 0
0 -1 0
0 0 1

  PixelContainer: 
    ImportImageContainer (0x3e70780)
      RTTI typeinfo:   itk::ImportImageContainer<unsigned long, double>
      Reference Count: 1
      Modified Time: 1214
      Debug: Off
      Object Name: 
      Observers: 
        none
      Pointer: 0x1515b133c010
      Container manages memory: true
      Size: 8530021
      Capacity: 8530021

     Moving image = Image (0x3e72390)
  RTTI typeinfo:   itk::Image<double, 3u>
  Reference Count: 2
  Modified Time: 1609
  Debug: Off
  Object Name: 
  Observers: 
    none
  Source: (none)
  Source output name: (none)
  Release Data: Off
  Data Released: False
  Global Release Data: Off
  PipelineMTime: 0
  UpdateMTime: 1606
  RealTimeStamp: 0 seconds 
  LargestPossibleRegion: 
    Dimension: 3
    Index: [0, 0, 0]
    Size: [160, 240, 256]
  BufferedRegion: 
    Dimension: 3
    Index: [0, 0, 0]
    Size: [160, 240, 256]
  RequestedRegion: 
    Dimension: 3
    Index: [0, 0, 0]
    Size: [160, 240, 256]
  Spacing: [1, 1, 1]
  Origin: [91.3357, 102.231, -120.042]
  Direction: 
-0.997442 -5.36781e-05 -0.0714818
5.35416e-05 -1 3.82465e-06
-0.0714818 -1.23894e-08 0.997442

  IndexToPointMatrix: 
-0.997444 -5.36781e-05 -0.0714818
5.35418e-05 -1 3.82465e-06
-0.0714819 -1.23894e-08 0.997442

  PointToIndexMatrix: 
-0.99744 5.35415e-05 -0.0714816
-5.36781e-05 -1 -1.23894e-08
-0.0714818 3.82465e-06 0.997442

  Inverse Direction: 
-0.997442 5.35416e-05 -0.0714818
-5.36781e-05 -1 -1.23894e-08
-0.0714818 3.82465e-06 0.997442

  PixelContainer: 
    ImportImageContainer (0x3e276f0)
      RTTI typeinfo:   itk::ImportImageContainer<unsigned long, double>
      Reference Count: 1
      Modified Time: 1603
      Debug: Off
      Object Name: 
      Observers: 
        none
      Pointer: 0x1515ac83b010
      Container manages memory: true
      Size: 9830400
      Capacity: 9830400

     Weighting = 1
     Sampling strategy = none
     Number of bins = 32
     Radius = 4
     Sampling percentage  = 1
   Transform = SyN
     Gradient step = 0.1
     Update field sigma (voxel space) = 3
     Total field sigma (voxel space) = 0
     Update field time sigma = 0
     Total field time sigma  = 0
     Number of time indices = 0
     Number of time point samples = 0
Registration using 1 total stages.

Stage 0
  iterations = 100x70x50x20
  convergence threshold = 1e-06
  convergence window size = 10
  number of levels = 4
  using the CC metric (radius = 4, weight = 1, use gradient filter = 0)
  preprocessing:  winsorizing the image intensities
  Shrink factors (level 1 out of 4): [8, 8, 8]
  Shrink factors (level 2 out of 4): [4, 4, 4]
  Shrink factors (level 3 out of 4): [2, 2, 2]
  Shrink factors (level 4 out of 4): [1, 1, 1]
  smoothing sigmas per level: [3, 2, 1, 0]
  Using default NONE metricSamplingStrategy 

*** Running SyN registration (varianceForUpdateField = 3, varianceForTotalField = 0) ***

XXDIAGNOSTIC,Iteration,metricValue,convergenceValue,ITERATION_TIME_INDEX,SINCE_LAST
 1DIAGNOSTIC,     1, -9.271117370940e-01, 1.797693134862e+308, 1.0537e+00, 1.0537e+00, 
 1DIAGNOSTIC,     2, -9.337254007333e-01, 1.797693134862e+308, 1.3936e+00, 3.3984e-01, 
 1DIAGNOSTIC,     3, -9.393125095969e-01, 1.797693134862e+308, 1.7479e+00, 3.5434e-01, 
 1DIAGNOSTIC,     4, -9.438986401715e-01, 1.797693134862e+308, 2.0786e+00, 3.3069e-01, 
 1DIAGNOSTIC,     5, -9.469755269991e-01, 1.797693134862e+308, 2.4191e+00, 3.4049e-01, 
 1DIAGNOSTIC,     6, -9.493094702619e-01, 1.797693134862e+308, 2.7508e+00, 3.3173e-01, 
 1DIAGNOSTIC,     7, -9.515504609212e-01, 1.797693134862e+308, 3.0837e+00, 3.3286e-01, 
 1DIAGNOSTIC,     8, -9.543188206362e-01, 1.797693134862e+308, 3.4094e+00, 3.2576e-01, 
 1DIAGNOSTIC,     9, -9.578752764452e-01, 1.797693134862e+308, 3.7374e+00, 3.2796e-01, 
 1DIAGNOSTIC,    10, -9.616736263916e-01, 2.109535616113e-03, 4.0649e+00, 3.2748e-01, 
 1DIAGNOSTIC,    11, -9.651703817442e-01, 1.762806036777e-03, 4.4107e+00, 3.4579e-01, 
 1DIAGNOSTIC,    12, -9.658167937732e-01, 1.495525681978e-03, 4.7499e+00, 3.3919e-01, 
 1DIAGNOSTIC,    13, -9.661540551818e-01, 1.270652964346e-03, 5.0893e+00, 3.3940e-01, 
 1DIAGNOSTIC,    14, -9.664768411681e-01, 1.066837495082e-03, 5.4323e+00, 3.4301e-01, 
 1DIAGNOSTIC,    15, -9.671236165910e-01, 8.658907753684e-04, 5.7765e+00, 3.4422e-01, 
 1DIAGNOSTIC,    16, -9.674385253726e-01, 6.595089029070e-04, 6.1325e+00, 3.5599e-01, 
 1DIAGNOSTIC,    17, -9.681120499672e-01, 4.683353305133e-04, 6.4910e+00, 3.5852e-01, 
 1DIAGNOSTIC,    18, -9.683805417509e-01, 3.055786088168e-04, 6.8456e+00, 3.5461e-01, 
 1DIAGNOSTIC,    19, -9.689843954498e-01, 1.961763122601e-04, 7.2130e+00, 3.6742e-01, 
 1DIAGNOSTIC,    20, -9.691830798305e-01, 1.376127809723e-04, 7.5566e+00, 3.4359e-01, 
 1DIAGNOSTIC,    21, -9.696472612599e-01, 1.278237399881e-04, 7.8920e+00, 3.3543e-01, 
 1DIAGNOSTIC,    22, -9.697816357918e-01, 1.175451910210e-04, 8.2168e+00, 3.2476e-01, 
 1DIAGNOSTIC,    23, -9.701596862171e-01, 1.065258267183e-04, 8.5627e+00, 3.4585e-01, 
 1DIAGNOSTIC,    24, -9.702445980480e-01, 9.140522342846e-05, 8.9216e+00, 3.5898e-01, 
