
##########################
# Experiment information #
##########################

EXPERIMENT_NAME: antsRegistration-r8-p22
VFC_BACKENDS: libinterflop_vprec.so --range-binary32=8 --precision-binary32=22 --range-binary64=8 --precision-binary64=22

SIF_IMG: /home/mdugre/projects/rrg-glatard/mdugre/containers/ants-vprec-no_metrics.simg

SUBJECT_ID: s035
INPUT_IMG: /home/mdugre/scratch/mri-registration-rp/datasets/ds004513/derivatives/mri-registration-rp/antsBrainExtraction/sub-s035/BrainExtractionBrain.nii.gz
OUTPUT_DIR: /home/mdugre/scratch/mri-registration-rp/datasets/ds004513/derivatives/mri-registration-rp/0100/antsRegistration-r8-p22/sub-s035

FIXED_IMG: /templateflow/tpl-MNI152NLin2009cAsym/tpl-MNI152NLin2009cAsym_res-01_desc-brain_T1w.nii.gz
DATA_DIR: /home/mdugre/scratch/mri-registration-rp/datasets/ds004513
TEMPLATEFLOW_DIR: /home/mdugre/projects/rrg-glatard/mdugre/templateflow
ITK_GLOBAL_DEFAULT_NUMBER_OF_THREADS: 16
##########################

Info [verificarlo]: loaded backend libinterflop_ieee.so
Info [interflop-ieee]: load backend with:
Info [interflop-ieee]: debug = false
Info [interflop-ieee]: debug-binary = false
Info [interflop-ieee]: no-backend-name = false
Info [interflop-ieee]: print-new-line = false
Info [interflop-ieee]: print-subnormal-normalized = false
Info [interflop-ieee]: count-op = false
All_Command_lines_OK
Using double precision for computations.
=============================================================================
The composite transform comprises the following transforms (in order): 
  1. Center of mass alignment using fixed image: /templateflow/tpl-MNI152NLin2009cAsym/tpl-MNI152NLin2009cAsym_res-01_desc-brain_T1w.nii.gz and moving image: /home/mdugre/scratch/mri-registration-rp/datasets/ds004513/derivatives/mri-registration-rp/antsBrainExtraction/sub-s035/BrainExtractionBrain.nii.gz (type = Euler3DTransform)
=============================================================================
  number of levels = 1
  fixed image: /templateflow/tpl-MNI152NLin2009cAsym/tpl-MNI152NLin2009cAsym_res-01_desc-brain_T1w.nii.gz
  moving image: /home/mdugre/scratch/mri-registration-rp/datasets/ds004513/derivatives/mri-registration-rp/antsBrainExtraction/sub-s035/BrainExtractionBrain.nii.gz
Dimension = 3
Number of stages = 1
Use histogram matching = false
Winsorize image intensities = true
  Lower quantile = 0.005
  Upper quantile = 0.995


Stage 1 State
   Image metric = MattesMI
     Fixed image = Image (0x3453e70)
  RTTI typeinfo:   itk::Image<double, 3u>
  Reference Count: 2
  Modified Time: 2330
  Debug: Off
  Object Name: 
  Observers: 
    none
  Source: (none)
  Source output name: (none)
  Release Data: Off
  Data Released: False
  Global Release Data: Off
  PipelineMTime: 0
  UpdateMTime: 1941
  RealTimeStamp: 0 seconds 
  LargestPossibleRegion: 
    Dimension: 3
    Index: [0, 0, 0]
    Size: [193, 229, 193]
  BufferedRegion: 
    Dimension: 3
    Index: [0, 0, 0]
    Size: [193, 229, 193]
  RequestedRegion: 
    Dimension: 3
    Index: [0, 0, 0]
    Size: [193, 229, 193]
  Spacing: [1, 1, 1]
  Origin: [96, 132, -78]
  Direction: 
-1 0 0
0 -1 0
0 0 1

  IndexToPointMatrix: 
-1 0 0
0 -1 0
0 0 1

  PointToIndexMatrix: 
-1 0 0
0 -1 0
0 0 1

  Inverse Direction: 
-1 0 0
0 -1 0
0 0 1

  PixelContainer: 
    ImportImageContainer (0x345cc60)
      RTTI typeinfo:   itk::ImportImageContainer<unsigned long, double>
      Reference Count: 1
      Modified Time: 1938
      Debug: Off
      Object Name: 
      Observers: 
        none
      Pointer: 0x14fa28342010
      Container manages memory: true
      Size: 8530021
      Capacity: 8530021

     Moving image = Image (0x34f0ec0)
  RTTI typeinfo:   itk::Image<double, 3u>
  Reference Count: 2
  Modified Time: 2331
  Debug: Off
  Object Name: 
  Observers: 
    none
  Source: (none)
  Source output name: (none)
  Release Data: Off
  Data Released: False
  Global Release Data: Off
  PipelineMTime: 0
  UpdateMTime: 2328
  RealTimeStamp: 0 seconds 
  LargestPossibleRegion: 
    Dimension: 3
    Index: [0, 0, 0]
    Size: [160, 240, 256]
  BufferedRegion: 
    Dimension: 3
    Index: [0, 0, 0]
    Size: [160, 240, 256]
  RequestedRegion: 
    Dimension: 3
    Index: [0, 0, 0]
    Size: [160, 240, 256]
  Spacing: [1, 1, 1]
  Origin: [98.6438, 87.6358, -117.989]
  Direction: 
-0.993515 -0.100993 -0.0522355
0.100854 -0.994887 0.00530255
-0.0525039 1.93537e-08 0.998621

  IndexToPointMatrix: 
-0.993515 -0.100993 -0.0522355
0.100854 -0.994887 0.00530255
-0.0525039 1.93537e-08 0.998621

  PointToIndexMatrix: 
-0.993515 0.100854 -0.0525039
-0.100993 -0.994887 1.93006e-08
-0.0522355 0.00530255 0.998621

  Inverse Direction: 
-0.993515 0.100854 -0.0525039
-0.100993 -0.994887 1.93006e-08
-0.0522355 0.00530255 0.998621

  PixelContainer: 
    ImportImageContainer (0x3588610)
      RTTI typeinfo:   itk::ImportImageContainer<unsigned long, double>
      Reference Count: 1
      Modified Time: 2325
      Debug: Off
      Object Name: 
      Observers: 
        none
      Pointer: 0x14fa23841010
      Container manages memory: true
      Size: 9830400
      Capacity: 9830400

     Weighting = 1
     Sampling strategy = regular
     Number of bins = 32
     Radius = 4
     Sampling percentage  = 0.25
   Transform = Rigid
     Gradient step = 0.1
     Update field sigma (voxel space) = 0
     Total field sigma (voxel space) = 0
     Update field time sigma = 0
     Total field time sigma  = 0
     Number of time indices = 0
     Number of time point samples = 0
Registration using 1 total stages.

Stage 0
  iterations = 0
  convergence threshold = 1e-06
  convergence window size = 10
  number of levels = 1
  using the Mattes MI metric (number of bins = 32, weight = 1, use gradient filter = 0)
  preprocessing:  winsorizing the image intensities
  Shrink factors (level 1 out of 1): [1, 1, 1]
  smoothing sigmas per level: [0]
  regular sampling (percentage = 0.25)

*** Running Euler3DTransform registration ***

  Elapsed time (stage 0): 1.12023


Total elapsed time: 1.12244
Info [verificarlo]: loaded backend libinterflop_vprec.so
Info [interflop-vprec]: load backend with: 
Info [interflop-vprec]: precision-binary32 = 22
Info [interflop-vprec]: range-binary32 = 8
Info [interflop-vprec]: precision-binary64 = 22
Info [interflop-vprec]: range-binary64 = 8
Info [interflop-vprec]: mode = ob
Info [interflop-vprec]: error-mode = rel
Info [interflop-vprec]: max-abs-error-exponent = -1022
Info [interflop-vprec]: daz = false
Info [interflop-vprec]: ftz = false
Info [interflop-vprec]: 	instrument = none
Info [interflop-vprec]: 	prec-input-file = (null)
Info [interflop-vprec]: 	prec-output-file = (null)
Info [interflop-vprec]: 	prec-log-file = (null)
All_Command_lines_OK
Using double precision for computations.
=============================================================================
The composite transform comprises the following transforms (in order): 
  1. /home/mdugre/scratch/mri-registration-rp/datasets/ds004513/derivatives/mri-registration-rp/0100/antsRegistration-r8-p22/sub-s035/align_Composite.h5[0] (type = Euler3DTransform)
  2. /home/mdugre/scratch/mri-registration-rp/datasets/ds004513/derivatives/mri-registration-rp/0100/antsRegistration-r8-p22/sub-s035/align_Composite.h5[1] (type = Euler3DTransform)
=============================================================================
  number of levels = 4
  fixed image: /templateflow/tpl-MNI152NLin2009cAsym/tpl-MNI152NLin2009cAsym_res-01_desc-brain_T1w.nii.gz
  moving image: /home/mdugre/scratch/mri-registration-rp/datasets/ds004513/derivatives/mri-registration-rp/antsBrainExtraction/sub-s035/BrainExtractionBrain.nii.gz
Dimension = 3
Number of stages = 1
Use histogram matching = false
Winsorize image intensities = true
  Lower quantile = 0.005
  Upper quantile = 0.995


Stage 1 State
   Image metric = MattesMI
     Fixed image = Image (0x4e301e0)
  RTTI typeinfo:   itk::Image<double, 3u>
  Reference Count: 2
  Modified Time: 1578
  Debug: Off
  Object Name: 
  Observers: 
    none
  Source: (none)
  Source output name: (none)
  Release Data: Off
  Data Released: False
  Global Release Data: Off
  PipelineMTime: 0
  UpdateMTime: 1189
  RealTimeStamp: 0 seconds 
  LargestPossibleRegion: 
    Dimension: 3
    Index: [0, 0, 0]
    Size: [193, 229, 193]
  BufferedRegion: 
    Dimension: 3
    Index: [0, 0, 0]
    Size: [193, 229, 193]
  RequestedRegion: 
    Dimension: 3
    Index: [0, 0, 0]
    Size: [193, 229, 193]
  Spacing: [1, 1, 1]
  Origin: [96, 132, -78]
  Direction: 
-1 0 0
0 -1 0
0 0 1

  IndexToPointMatrix: 
-1 0 0
0 -1 0
0 0 1

  PointToIndexMatrix: 
-1 0 0
0 -1 0
0 0 1

  Inverse Direction: 
-1 0 0
0 -1 0
0 0 1

  PixelContainer: 
    ImportImageContainer (0x4eef680)
      RTTI typeinfo:   itk::ImportImageContainer<unsigned long, double>
      Reference Count: 1
      Modified Time: 1186
      Debug: Off
      Object Name: 
      Observers: 
        none
      Pointer: 0x14c8c0cd4010
      Container manages memory: true
      Size: 8530021
      Capacity: 8530021

     Moving image = Image (0x4eebb20)
  RTTI typeinfo:   itk::Image<double, 3u>
  Reference Count: 2
  Modified Time: 1579
  Debug: Off
  Object Name: 
  Observers: 
    none
  Source: (none)
  Source output name: (none)
  Release Data: Off
  Data Released: False
  Global Release Data: Off
  PipelineMTime: 0
  UpdateMTime: 1576
  RealTimeStamp: 0 seconds 
  LargestPossibleRegion: 
    Dimension: 3
    Index: [0, 0, 0]
    Size: [160, 240, 256]
  BufferedRegion: 
    Dimension: 3
    Index: [0, 0, 0]
    Size: [160, 240, 256]
  RequestedRegion: 
    Dimension: 3
    Index: [0, 0, 0]
    Size: [160, 240, 256]
  Spacing: [1, 1, 1]
  Origin: [98.6438, 87.6358, -117.989]
  Direction: 
-0.993515 -0.100993 -0.0522355
0.100854 -0.994887 0.00530255
-0.0525039 1.93537e-08 0.998621

  IndexToPointMatrix: 
-0.993515 -0.100993 -0.0522355
0.100854 -0.994887 0.00530255
-0.0525039 1.93537e-08 0.998621

  PointToIndexMatrix: 
-0.993515 0.100854 -0.0525039
-0.100993 -0.994887 -1.78814e-07
-0.0522355 0.00530255 0.998621

  Inverse Direction: 
-0.993515 0.100854 -0.0525039
-0.100993 -0.994887 -1.78814e-07
-0.0522355 0.00530255 0.998621

  PixelContainer: 
    ImportImageContainer (0x4f54d50)
      RTTI typeinfo:   itk::ImportImageContainer<unsigned long, double>
      Reference Count: 1
      Modified Time: 1573
      Debug: Off
      Object Name: 
      Observers: 
        none
      Pointer: 0x14c8bc1d3010
      Container manages memory: true
      Size: 9830400
      Capacity: 9830400

     Weighting = 1
     Sampling strategy = regular
     Number of bins = 32
     Radius = 4
     Sampling percentage  = 0.25
   Transform = Rigid
     Gradient step = 0.1
     Update field sigma (voxel space) = 0
     Total field sigma (voxel space) = 0
     Update field time sigma = 0
     Total field time sigma  = 0
     Number of time indices = 0
     Number of time point samples = 0
Registration using 1 total stages.

Stage 0
  iterations = 1000x500x250x100
  convergence threshold = 1e-06
  convergence window size = 10
  number of levels = 4
  using the Mattes MI metric (number of bins = 32, weight = 1, use gradient filter = 0)
  preprocessing:  winsorizing the image intensities
  Shrink factors (level 1 out of 4): [8, 8, 8]
  Shrink factors (level 2 out of 4): [4, 4, 4]
  Shrink factors (level 3 out of 4): [2, 2, 2]
  Shrink factors (level 4 out of 4): [1, 1, 1]
  smoothing sigmas per level: [3, 2, 1, 0]
  regular sampling (percentage = 0.25)

*** Running Euler3DTransform registration ***

DIAGNOSTIC,Iteration,metricValue,convergenceValue,ITERATION_TIME_INDEX,SINCE_LAST
 2DIAGNOSTIC,     1, -5.238620255814e-01, 1.797693134862e+308, 0.0000e+00, 0.0000e+00, 
 2DIAGNOSTIC,     2, -5.257895045712e-01, 1.797693134862e+308, 0.0000e+00, 0.0000e+00, 
 2DIAGNOSTIC,     3, -5.278618847225e-01, 1.797693134862e+308, 0.0000e+00, 0.0000e+00, 
 2DIAGNOSTIC,     4, -5.301596792179e-01, 1.797693134862e+308, 0.0000e+00, 0.0000e+00, 
 2DIAGNOSTIC,     5, -5.343530097433e-01, 1.797693134862e+308, 0.0000e+00, 0.0000e+00, 
 2DIAGNOSTIC,     6, -5.399395474757e-01, 1.797693134862e+308, 0.0000e+00, 0.0000e+00, 
 2DIAGNOSTIC,     7, -5.490911579400e-01, 1.797693134862e+308, 0.0000e+00, 0.0000e+00, 
 2DIAGNOSTIC,     8, -5.544368892226e-01, 1.797693134862e+308, 0.0000e+00, 0.0000e+00, 
 2DIAGNOSTIC,     9, -5.601980156232e-01, 1.797693134862e+308, 0.0000e+00, 0.0000e+00, 
 2DIAGNOSTIC,    10, -5.618409683293e-01, 5.072823112492e-03, 0.0000e+00, 0.0000e+00, 
 2DIAGNOSTIC,    11, -5.649179250087e-01, 4.799260317783e-03, 0.0000e+00, 0.0000e+00, 
 2DIAGNOSTIC,    12, -5.655125680400e-01, 4.247842608772e-03, 0.0000e+00, 0.0000e+00, 
 2DIAGNOSTIC,    13, -5.673826148955e-01, 3.557893929780e-03, 0.0000e+00, 0.0000e+00, 
 2DIAGNOSTIC,    14, -5.728843265214e-01, 2.933866741164e-03, 0.0000e+00, 0.0000e+00, 
 2DIAGNOSTIC,    15, -5.861377001495e-01, 2.721094895647e-03, 0.0000e+00, 0.0000e+00, 
 2DIAGNOSTIC,    16, -5.926394549932e-01, 2.660048834344e-03, 0.0000e+00, 0.0000e+00, 
 2DIAGNOSTIC,    17, -5.981281101280e-01, 2.800995997725e-03, 0.0000e+00, 0.0000e+00, 
 2DIAGNOSTIC,    18, -6.026374040605e-01, 2.944604870576e-03, 0.0000e+00, 0.0000e+00, 
 2DIAGNOSTIC,    19, -6.048954875027e-01, 3.010709676600e-03, 0.0000e+00, 0.0000e+00, 
 2DIAGNOSTIC,    20, -6.060414309796e-01, 2.855198338333e-03, 0.0000e+00, 0.0000e+00, 
 2DIAGNOSTIC,    21, -6.080860485310e-01, 2.572417508991e-03, 0.0000e+00, 0.0000e+00, 
 2DIAGNOSTIC,    22, -6.083592517500e-01, 2.099658025136e-03, 0.0000e+00, 0.0000e+00, 
 2DIAGNOSTIC,    23, -6.083591096314e-01, 1.516559141282e-03, 0.0000e+00, 0.0000e+00, 
 2DIAGNOSTIC,    24, -6.083627707714e-01, 9.529424595419e-04, 0.0000e+00, 0.0000e+00, 
 2DIAGNOSTIC,    25, -6.083690138445e-01, 6.099263988576e-04, 0.0000e+00, 0.0000e+00, 
 2DIAGNOSTIC,    26, -6.083793428057e-01, 3.598227799282e-04, 0.0000e+00, 0.0000e+00, 
 2DIAGNOSTIC,    27, -6.083970214607e-01, 1.946573639876e-04, 0.0000e+00, 0.0000e+00, 
 2DIAGNOSTIC,    28, -6.084268526209e-01, 1.033610481100e-04, 0.0000e+00, 0.0000e+00, 
 2DIAGNOSTIC,    29, -6.084768156895e-01, 4.817302542317e-05, 0.0000e+00, 0.0000e+00, 
 2DIAGNOSTIC,    30, -6.086448341932e-01, 1.301640126566e-05, 0.0000e+00, 0.0000e+00, 
 2DIAGNOSTIC,    31, -6.087874414142e-01, 1.354107508588e-05, 0.0000e+00, 0.0000e+00, 
 2DIAGNOSTIC,    32, -6.090180380099e-01, 2.053859472106e-05, 0.0000e+00, 0.0000e+00, 
 2DIAGNOSTIC,    33, -6.092346397667e-01, 2.841142549231e-05, 0.0000e+00, 0.0000e+00, 
 2DIAGNOSTIC,    34, -6.094864597358e-01, 3.683508255891e-05, 0.0000e+00, 0.0000e+00, 
 2DIAGNOSTIC,    35, -6.101771174590e-01, 5.100485324566e-05, 0.0000e+00, 0.0000e+00, 
 2DIAGNOSTIC,    36, -6.109446844538e-01, 6.989552522951e-05, 0.0000e+00, 0.0000e+00, 
 2DIAGNOSTIC,    37, -6.125086828547e-01, 1.017841141313e-04, 0.0000e+00, 0.0000e+00, 
 2DIAGNOSTIC,    38, -6.146173784686e-01, 1.492965467530e-04, 0.0000e+00, 0.0000e+00, 
 2DIAGNOSTIC,    39, -6.160526347435e-01, 1.981371245326e-04, 0.0000e+00, 0.0000e+00, 
 2DIAGNOSTIC,    40, -6.166349392306e-01, 2.346616032531e-04, 0.0000e+00, 0.0000e+00, 
 2DIAGNOSTIC,    41, -6.170595962339e-01, 2.538795782006e-04, 0.0000e+00, 0.0000e+00, 
 2DIAGNOSTIC,    42, -6.179470523613e-01, 2.607300065336e-04, 0.0000e+00, 0.0000e+00, 
 2DIAGNOSTIC,    43, -6.187930821557e-01, 2.538644476169e-04, 0.0000e+00, 0.0000e+00, 
 2DIAGNOSTIC,    44, -6.213335879176e-01, 2.534414258240e-04, 0.0000e+00, 0.0000e+00, 
 2DIAGNOSTIC,    45, -6.270784781895e-01, 2.973218689807e-04, 0.0000e+00, 0.0000e+00, 
 2DIAGNOSTIC,    46, -6.470104671066e-01, 5.253934343415e-04, 0.0000e+00, 0.0000e+00, 
 2DIAGNOSTIC,    47, -6.510258846044e-01, 7.443121425910e-04, 0.0000e+00, 0.0000e+00, 
 2DIAGNOSTIC,    48, -6.571709943124e-01, 9.658394889404e-04, 0.0000e+00, 0.0000e+00, 
 2DIAGNOSTIC,    49, -6.794560598841e-01, 1.316387997187e-03, 0.0000e+00, 0.0000e+00, 
 2DIAGNOSTIC,    50, -6.844568630658e-01, 1.571716120612e-03, 0.0000e+00, 0.0000e+00, 
 2DIAGNOSTIC,    51, -6.848990535833e-01, 1.672292309275e-03, 0.0000e+00, 0.0000e+00, 
 2DIAGNOSTIC,    52, -6.851561909041e-01, 1.622066692520e-03, 0.0000e+00, 0.0000e+00, 
 2DIAGNOSTIC,    53, -6.855512817643e-01, 1.431589651465e-03, 0.0000e+00, 0.0000e+00, 
 2DIAGNOSTIC,    54, -6.855618269481e-01, 1.131890870473e-03, 0.0000e+00, 0.0000e+00, 
 2DIAGNOSTIC,    55, -6.856278159662e-01, 7.807347039484e-04, 0.0000e+00, 0.0000e+00, 
 2DIAGNOSTIC,    56, -6.857176322451e-01, 5.388253948431e-04, 0.0000e+00, 0.0000e+00, 
 2DIAGNOSTIC,    57, -6.858113773284e-01, 2.898945911233e-04, 0.0000e+00, 0.0000e+00, 
 2DIAGNOSTIC,    58, -6.858806953826e-01, 6.813829360609e-05, 0.0000e+00, 0.0000e+00, 
 2DIAGNOSTIC,    59, -6.859453657479e-01, 2.341738181823e-05, 0.0000e+00, 0.0000e+00, 
 2DIAGNOSTIC,    60, -6.860507429261e-01, 1.763626942860e-05, 0.0000e+00, 0.0000e+00, 
 2DIAGNOSTIC,    61, -6.860312198526e-01, 1.359660135781e-05, 0.0000e+00, 0.0000e+00, 
 2DIAGNOSTIC,    62, -6.863056606681e-01, 1.234507446003e-05, 0.0000e+00, 0.0000e+00, 
 2DIAGNOSTIC,    63, -6.863204252744e-01, 1.296305839460e-05, 0.0000e+00, 0.0000e+00, 
 2DIAGNOSTIC,    64, -6.863210659686e-01, 1.245914284122e-05, 0.0000e+00, 0.0000e+00, 
 2DIAGNOSTIC,    65, -6.863219379408e-01, 1.131734483477e-05, 0.0000e+00, 0.0000e+00, 
 2DIAGNOSTIC,    66, -6.863246124216e-01, 9.809253167018e-06, 0.0000e+00, 0.0000e+00, 
 2DIAGNOSTIC,    67, -6.863263643032e-01, 8.083415881131e-06, 0.0000e+00, 0.0000e+00, 
 2DIAGNOSTIC,    68, -6.863306825960e-01, 6.167055827403e-06, 0.0000e+00, 0.0000e+00, 
 2DIAGNOSTIC,    69, -6.863304839253e-01, 4.202160601173e-06, 0.0000e+00, 0.0000e+00, 
 2DIAGNOSTIC,    70, -6.863305873933e-01, 2.658020923061e-06, 0.0000e+00, 0.0000e+00, 
DIAGNOSTIC,Iteration,metricValue,convergenceValue,ITERATION_TIME_INDEX,SINCE_LAST
 2DIAGNOSTIC,     1, -5.581215731575e-01, 1.797693134862e+308, 0.0000e+00, 0.0000e+00, 
 2DIAGNOSTIC,     2, -5.584988833422e-01, 1.797693134862e+308, 0.0000e+00, 0.0000e+00, 
 2DIAGNOSTIC,     3, -5.590307048211e-01, 1.797693134862e+308, 0.0000e+00, 0.0000e+00, 
 2DIAGNOSTIC,     4, -5.598271669548e-01, 1.797693134862e+308, 0.0000e+00, 0.0000e+00, 
 2DIAGNOSTIC,     5, -5.608526884737e-01, 1.797693134862e+308, 0.0000e+00, 0.0000e+00, 
 2DIAGNOSTIC,     6, -5.612238486192e-01, 1.797693134862e+308, 0.0000e+00, 0.0000e+00, 
 2DIAGNOSTIC,     7, -5.620794713107e-01, 1.797693134862e+308, 0.0000e+00, 0.0000e+00, 
 2DIAGNOSTIC,     8, -5.638314677906e-01, 1.797693134862e+308, 0.0000e+00, 0.0000e+00, 
 2DIAGNOSTIC,     9, -5.644297003898e-01, 1.797693134862e+308, 0.0000e+00, 0.0000e+00, 
 2DIAGNOSTIC,    10, -5.646410078663e-01, 8.227194817983e-04, 0.0000e+00, 0.0000e+00, 
 2DIAGNOSTIC,    11, -5.647420916632e-01, 7.347968853646e-04, 0.0000e+00, 0.0000e+00, 
 2DIAGNOSTIC,    12, -5.656913096847e-01, 6.517546236889e-04, 0.0000e+00, 0.0000e+00, 
 2DIAGNOSTIC,    13, -5.659578745810e-01, 5.516084800072e-04, 0.0000e+00, 0.0000e+00, 
 2DIAGNOSTIC,    14, -5.660694261093e-01, 4.479365254398e-04, 0.0000e+00, 0.0000e+00, 
 2DIAGNOSTIC,    15, -5.660666412523e-01, 3.532006531631e-04, 0.0000e+00, 0.0000e+00, 
 2DIAGNOSTIC,    16, -5.660622849551e-01, 2.499551250111e-04, 0.0000e+00, 0.0000e+00, 
 2DIAGNOSTIC,    17, -5.660472833419e-01, 1.594211788601e-04, 0.0000e+00, 0.0000e+00, 
 2DIAGNOSTIC,    18, -5.660527851617e-01, 1.131181192374e-04, 0.0000e+00, 0.0000e+00, 
 2DIAGNOSTIC,    19, -5.660437175783e-01, 7.723331087276e-05, 0.0000e+00, 0.0000e+00, 
 2DIAGNOSTIC,    20, -5.660500666607e-01, 4.374003200541e-05, 0.0000e+00, 0.0000e+00, 
 2DIAGNOSTIC,    21, -5.660392123893e-01, 1.115682815929e-05, 0.0000e+00, 0.0000e+00, 
 2DIAGNOSTIC,    22, -5.660517467383e-01, 2.551084614714e-06, 0.0000e+00, 0.0000e+00, 
DIAGNOSTIC,Iteration,metricValue,convergenceValue,ITERATION_TIME_INDEX,SINCE_LAST
 2DIAGNOSTIC,     1, -5.037375431401e-01, 1.797693134862e+308, 0.0000e+00, 0.0000e+00, 
 2DIAGNOSTIC,     2, -5.039307539858e-01, 1.797693134862e+308, 0.0000e+00, 0.0000e+00, 
 2DIAGNOSTIC,     3, -5.040973105055e-01, 1.797693134862e+308, 0.0000e+00, 0.0000e+00, 
 2DIAGNOSTIC,     4, -5.042012092665e-01, 1.797693134862e+308, 0.0000e+00, 0.0000e+00, 
 2DIAGNOSTIC,     5, -5.042706442621e-01, 1.797693134862e+308, 0.0000e+00, 0.0000e+00, 
 2DIAGNOSTIC,     6, -5.044217994971e-01, 1.797693134862e+308, 0.0000e+00, 0.0000e+00, 
 2DIAGNOSTIC,     7, -5.045950156926e-01, 1.797693134862e+308, 0.0000e+00, 0.0000e+00, 
 2DIAGNOSTIC,     8, -5.046017160054e-01, 1.797693134862e+308, 0.0000e+00, 0.0000e+00, 
 2DIAGNOSTIC,     9, -5.045989359779e-01, 1.797693134862e+308, 0.0000e+00, 0.0000e+00, 
 2DIAGNOSTIC,    10, -5.045993220907e-01, 1.163669508748e-04, 0.0000e+00, 0.0000e+00, 
 2DIAGNOSTIC,    11, -5.045996333273e-01, 8.331295485249e-05, 0.0000e+00, 0.0000e+00, 
 2DIAGNOSTIC,    12, -5.045989957878e-01, 5.732324491585e-05, 0.0000e+00, 0.0000e+00, 
 2DIAGNOSTIC,    13, -5.045974343715e-01, 3.753158019527e-05, 0.0000e+00, 0.0000e+00, 
 2DIAGNOSTIC,    14, -5.045968325796e-01, 2.164855910294e-05, 0.0000e+00, 0.0000e+00, 
 2DIAGNOSTIC,    15, -5.045981472600e-01, 8.691928353302e-06, 0.0000e+00, 0.0000e+00, 
 2DIAGNOSTIC,    16, -5.045973540725e-01, 1.871362131270e-06, 0.0000e+00, 0.0000e+00, 
 2DIAGNOSTIC,    17, -5.045941832134e-01, 1.494037375836e-06, 0.0000e+00, 0.0000e+00, 
 2DIAGNOSTIC,    18, -5.045941362353e-01, 1.408500994948e-06, 0.0000e+00, 0.0000e+00, 
 2DIAGNOSTIC,    19, -5.045945616342e-01, 1.293496034255e-06, 0.0000e+00, 0.0000e+00, 
 2DIAGNOSTIC,    20, -5.045951911592e-01, 1.250293998951e-06, 0.0000e+00, 0.0000e+00, 
 2DIAGNOSTIC,    21, -5.045944732575e-01, 1.231689795184e-06, 0.0000e+00, 0.0000e+00, 
 2DIAGNOSTIC,    22, -5.045938558223e-01, 1.212731256521e-06, 0.0000e+00, 0.0000e+00, 
 2DIAGNOSTIC,    23, -5.045935636695e-01, 1.172884291724e-06, 0.0000e+00, 0.0000e+00, 
 2DIAGNOSTIC,    24, -5.045934257594e-01, 1.135715156982e-06, 0.0000e+00, 0.0000e+00, 
 2DIAGNOSTIC,    25, -5.045950099677e-01, 1.183683255461e-06, 0.0000e+00, 0.0000e+00, 
 2DIAGNOSTIC,    26, -5.045928047004e-01, 1.172414284448e-06, 0.0000e+00, 0.0000e+00, 
 2DIAGNOSTIC,    27, -5.045930315459e-01, 1.107507221668e-06, 0.0000e+00, 0.0000e+00, 
 2DIAGNOSTIC,    28, -5.045907441782e-01, 1.006456803149e-06, 0.0000e+00, 0.0000e+00, 
DIAGNOSTIC,Iteration,metricValue,convergenceValue,ITERATION_TIME_INDEX,SINCE_LAST
 2DIAGNOSTIC,     1, -4.673120902228e-01, 1.797693134862e+308, 0.0000e+00, 0.0000e+00, 
 2DIAGNOSTIC,     2, -4.673989767416e-01, 1.797693134862e+308, 0.0000e+00, 0.0000e+00, 
 2DIAGNOSTIC,     3, -4.674128251775e-01, 1.797693134862e+308, 2.5600e+02, 2.5600e+02, 
 2DIAGNOSTIC,     4, -4.674119419742e-01, 1.797693134862e+308, 2.5600e+02, 0.0000e+00, 
 2DIAGNOSTIC,     5, -4.674119276306e-01, 1.797693134862e+308, 2.5600e+02, 0.0000e+00, 
 2DIAGNOSTIC,     6, -4.674118108223e-01, 1.797693134862e+308, 2.5600e+02, 0.0000e+00, 
 2DIAGNOSTIC,     7, -4.674117721691e-01, 1.797693134862e+308, 2.5600e+02, 0.0000e+00, 
 2DIAGNOSTIC,     8, -4.674118225392e-01, 1.797693134862e+308, 2.5600e+02, 0.0000e+00, 
 2DIAGNOSTIC,     9, -4.674118102312e-01, 1.797693134862e+308, 2.5600e+02, 0.0000e+00, 
 2DIAGNOSTIC,    10, -4.674118110857e-01, 9.872327320123e-06, 2.5600e+02, 0.0000e+00, 
 2DIAGNOSTIC,    11, -4.674118105046e-01, 3.539372172567e-06, 2.5600e+02, 0.0000e+00, 
 2DIAGNOSTIC,    12, -4.674118093363e-01, 2.585456216023e-06, 2.5600e+02, 0.0000e+00, 
 2DIAGNOSTIC,    13, -4.674116978570e-01, 2.427402322938e-06, 2.5600e+02, 0.0000e+00, 
 2DIAGNOSTIC,    14, -4.674116983795e-01, 2.255066345075e-06, 2.5600e+02, 0.0000e+00, 
 2DIAGNOSTIC,    15, -4.674116985027e-01, 2.106446655270e-06, 2.5600e+02, 0.0000e+00, 
 2DIAGNOSTIC,    16, -4.674116963139e-01, 1.972855950813e-06, 2.5600e+02, 0.0000e+00, 
 2DIAGNOSTIC,    17, -4.674116939289e-01, 1.854580914881e-06, 2.5600e+02, 0.0000e+00, 
 2DIAGNOSTIC,    18, -4.674116945554e-01, 1.752496283286e-06, 2.5600e+02, 0.0000e+00, 
 2DIAGNOSTIC,    19, -4.674116953624e-01, 1.661893487014e-06, 2.5600e+02, 0.0000e+00, 
 2DIAGNOSTIC,    20, -4.674116950461e-01, 1.581199170632e-06, 2.5600e+02, 0.0000e+00, 
 2DIAGNOSTIC,    21, -4.674116821174e-01, 1.508385854256e-06, 2.5600e+02, 0.0000e+00, 
 2DIAGNOSTIC,    22, -4.674116827272e-01, 1.442639262147e-06, 2.5600e+02, 0.0000e+00, 
 2DIAGNOSTIC,    23, -4.674116819372e-01, 1.379718605921e-06, 2.5600e+02, 0.0000e+00, 
 2DIAGNOSTIC,    24, -4.674116598056e-01, 1.321585217741e-06, 2.5600e+02, 0.0000e+00, 
 2DIAGNOSTIC,    25, -4.674116599185e-01, 1.268280589786e-06, 2.5600e+02, 0.0000e+00, 
 2DIAGNOSTIC,    26, -4.674116598716e-01, 1.219214705681e-06, 2.5600e+02, 0.0000e+00, 
 2DIAGNOSTIC,    27, -4.674116609053e-01, 1.173955427848e-06, 2.5600e+02, 0.0000e+00, 
 2DIAGNOSTIC,    28, -4.674117033938e-01, 1.133073638186e-06, 2.5600e+02, 0.0000e+00, 
 2DIAGNOSTIC,    29, -4.674117021329e-01, 1.095087644370e-06, 2.5600e+02, 0.0000e+00, 
 2DIAGNOSTIC,    30, -4.674117038539e-01, 1.059682907811e-06, 2.5600e+02, 0.0000e+00, 
 2DIAGNOSTIC,    31, -4.674117041394e-01, 1.026214909342e-06, 2.5600e+02, 0.0000e+00, 
  Elapsed time (stage 0): 2.5600e+02


Total elapsed time: 2.5600e+02
Info [verificarlo]: loaded backend libinterflop_ieee.so
Info [interflop-ieee]: load backend with:
Info [interflop-ieee]: debug = false
Info [interflop-ieee]: debug-binary = false
Info [interflop-ieee]: no-backend-name = false
Info [interflop-ieee]: print-new-line = false
Info [interflop-ieee]: print-subnormal-normalized = false
Info [interflop-ieee]: count-op = false
All_Command_lines_OK
Using double precision for computations.
=============================================================================
The composite transform comprises the following transforms (in order): 
  1. /home/mdugre/scratch/mri-registration-rp/datasets/ds004513/derivatives/mri-registration-rp/0100/antsRegistration-r8-p22/sub-s035/rigid_Composite.h5[0] (type = Euler3DTransform)
  2. /home/mdugre/scratch/mri-registration-rp/datasets/ds004513/derivatives/mri-registration-rp/0100/antsRegistration-r8-p22/sub-s035/rigid_Composite.h5[1] (type = Euler3DTransform)
  3. /home/mdugre/scratch/mri-registration-rp/datasets/ds004513/derivatives/mri-registration-rp/0100/antsRegistration-r8-p22/sub-s035/rigid_Composite.h5[2] (type = Euler3DTransform)
=============================================================================
  number of levels = 4
  fixed image: /templateflow/tpl-MNI152NLin2009cAsym/tpl-MNI152NLin2009cAsym_res-01_desc-brain_T1w.nii.gz
  moving image: /home/mdugre/scratch/mri-registration-rp/datasets/ds004513/derivatives/mri-registration-rp/antsBrainExtraction/sub-s035/BrainExtractionBrain.nii.gz
Dimension = 3
Number of stages = 1
Use histogram matching = false
Winsorize image intensities = true
  Lower quantile = 0.005
  Upper quantile = 0.995


Stage 1 State
   Image metric = MattesMI
     Fixed image = Image (0x3afe7e0)
  RTTI typeinfo:   itk::Image<double, 3u>
  Reference Count: 2
  Modified Time: 1592
  Debug: Off
  Object Name: 
  Observers: 
    none
  Source: (none)
  Source output name: (none)
  Release Data: Off
  Data Released: False
  Global Release Data: Off
  PipelineMTime: 0
  UpdateMTime: 1203
  RealTimeStamp: 0 seconds 
  LargestPossibleRegion: 
    Dimension: 3
    Index: [0, 0, 0]
    Size: [193, 229, 193]
  BufferedRegion: 
    Dimension: 3
    Index: [0, 0, 0]
    Size: [193, 229, 193]
  RequestedRegion: 
    Dimension: 3
    Index: [0, 0, 0]
    Size: [193, 229, 193]
  Spacing: [1, 1, 1]
  Origin: [96, 132, -78]
  Direction: 
-1 0 0
0 -1 0
0 0 1

  IndexToPointMatrix: 
-1 0 0
0 -1 0
0 0 1

  PointToIndexMatrix: 
-1 0 0
0 -1 0
0 0 1

  Inverse Direction: 
-1 0 0
0 -1 0
0 0 1

  PixelContainer: 
    ImportImageContainer (0x3bc9880)
      RTTI typeinfo:   itk::ImportImageContainer<unsigned long, double>
      Reference Count: 1
      Modified Time: 1200
      Debug: Off
      Object Name: 
      Observers: 
        none
      Pointer: 0x152ffb4e8010
      Container manages memory: true
      Size: 8530021
      Capacity: 8530021

     Moving image = Image (0x3bba050)
  RTTI typeinfo:   itk::Image<double, 3u>
  Reference Count: 2
  Modified Time: 1593
  Debug: Off
  Object Name: 
  Observers: 
    none
  Source: (none)
  Source output name: (none)
  Release Data: Off
  Data Released: False
  Global Release Data: Off
  PipelineMTime: 0
  UpdateMTime: 1590
  RealTimeStamp: 0 seconds 
  LargestPossibleRegion: 
    Dimension: 3
    Index: [0, 0, 0]
    Size: [160, 240, 256]
  BufferedRegion: 
    Dimension: 3
    Index: [0, 0, 0]
    Size: [160, 240, 256]
  RequestedRegion: 
    Dimension: 3
    Index: [0, 0, 0]
    Size: [160, 240, 256]
  Spacing: [1, 1, 1]
  Origin: [98.6438, 87.6358, -117.989]
  Direction: 
-0.993515 -0.100993 -0.0522355
0.100854 -0.994887 0.00530255
-0.0525039 1.93537e-08 0.998621

  IndexToPointMatrix: 
-0.993515 -0.100993 -0.0522355
0.100854 -0.994887 0.00530255
-0.0525039 1.93537e-08 0.998621

  PointToIndexMatrix: 
-0.993515 0.100854 -0.0525039
-0.100993 -0.994887 1.93006e-08
-0.0522355 0.00530255 0.998621

  Inverse Direction: 
-0.993515 0.100854 -0.0525039
-0.100993 -0.994887 1.93006e-08
-0.0522355 0.00530255 0.998621

  PixelContainer: 
    ImportImageContainer (0x3c6d690)
      RTTI typeinfo:   itk::ImportImageContainer<unsigned long, double>
      Reference Count: 1
      Modified Time: 1587
      Debug: Off
      Object Name: 
      Observers: 
        none
      Pointer: 0x152ff69e7010
      Container manages memory: true
      Size: 9830400
      Capacity: 9830400

     Weighting = 1
     Sampling strategy = regular
     Number of bins = 32
     Radius = 4
     Sampling percentage  = 0.25
   Transform = Affine
     Gradient step = 0.1
     Update field sigma (voxel space) = 0
     Total field sigma (voxel space) = 0
     Update field time sigma = 0
     Total field time sigma  = 0
     Number of time indices = 0
     Number of time point samples = 0
Registration using 1 total stages.

Stage 0
  iterations = 1000x500x250x100
  convergence threshold = 1e-06
  convergence window size = 10
  number of levels = 4
  using the Mattes MI metric (number of bins = 32, weight = 1, use gradient filter = 0)
  preprocessing:  winsorizing the image intensities
  Shrink factors (level 1 out of 4): [8, 8, 8]
  Shrink factors (level 2 out of 4): [4, 4, 4]
  Shrink factors (level 3 out of 4): [2, 2, 2]
  Shrink factors (level 4 out of 4): [1, 1, 1]
  smoothing sigmas per level: [3, 2, 1, 0]
  regular sampling (percentage = 0.25)

*** Running AffineTransform registration ***

DIAGNOSTIC,Iteration,metricValue,convergenceValue,ITERATION_TIME_INDEX,SINCE_LAST
 2DIAGNOSTIC,     1, -6.766099067844e-01, 1.797693134862e+308, 7.8480e-01, 7.8480e-01, 
 2DIAGNOSTIC,     2, -6.787421450019e-01, 1.797693134862e+308, 7.9017e-01, 5.3740e-03, 
 2DIAGNOSTIC,     3, -6.824016846010e-01, 1.797693134862e+308, 7.9525e-01, 5.0802e-03, 
 2DIAGNOSTIC,     4, -6.892389969940e-01, 1.797693134862e+308, 8.0029e-01, 5.0390e-03, 
 2DIAGNOSTIC,     5, -7.005449932372e-01, 1.797693134862e+308, 8.0536e-01, 5.0681e-03, 
 2DIAGNOSTIC,     6, -7.122693997468e-01, 1.797693134862e+308, 8.1117e-01, 5.8100e-03, 
 2DIAGNOSTIC,     7, -7.362592877842e-01, 1.797693134862e+308, 8.2034e-01, 9.1732e-03, 
 2DIAGNOSTIC,     8, -7.364344119298e-01, 1.797693134862e+308, 8.2601e-01, 5.6710e-03, 
 2DIAGNOSTIC,     9, -7.369107956609e-01, 1.797693134862e+308, 8.3161e-01, 5.5988e-03, 
 2DIAGNOSTIC,    10, -7.370610354592e-01, 6.945229439391e-03, 8.3755e-01, 5.9400e-03, 
 2DIAGNOSTIC,    11, -7.372286934062e-01, 5.830757210212e-03, 8.4373e-01, 6.1829e-03, 
 2DIAGNOSTIC,    12, -7.375141597026e-01, 4.458009750808e-03, 8.4892e-01, 5.1901e-03, 
 2DIAGNOSTIC,    13, -7.376734484138e-01, 3.019458957296e-03, 8.5534e-01, 6.4170e-03, 
 2DIAGNOSTIC,    14, -7.377320413489e-01, 1.719908514543e-03, 8.6103e-01, 5.6839e-03, 
 2DIAGNOSTIC,    15, -7.376572208568e-01, 7.369206097550e-04, 8.6704e-01, 6.0110e-03, 
 2DIAGNOSTIC,    16, -7.376514026310e-01, 8.523771573948e-05, 8.7280e-01, 5.7590e-03, 
 2DIAGNOSTIC,    17, -7.376591663932e-01, 6.111706921683e-05, 8.7986e-01, 7.0670e-03, 
 2DIAGNOSTIC,    18, -7.377306266440e-01, 3.935079668672e-05, 8.8579e-01, 5.9309e-03, 
 2DIAGNOSTIC,    19, -7.375624895740e-01, 2.281255850855e-05, 8.9108e-01, 5.2900e-03, 
 2DIAGNOSTIC,    20, -7.376358972800e-01, 1.055616183340e-05, 8.9695e-01, 5.8639e-03, 
 2DIAGNOSTIC,    21, -7.376977724390e-01, 2.801507186401e-06, 9.0246e-01, 5.5151e-03, 
DIAGNOSTIC,Iteration,metricValue,convergenceValue,ITERATION_TIME_INDEX,SINCE_LAST
 2DIAGNOSTIC,     1, -6.044000433447e-01, 1.797693134862e+308, 1.6690e+00, 7.6656e-01, 
 2DIAGNOSTIC,     2, -6.055540310518e-01, 1.797693134862e+308, 1.7109e+00, 4.1917e-02, 
 2DIAGNOSTIC,     3, -6.071728699050e-01, 1.797693134862e+308, 1.7488e+00, 3.7830e-02, 
 2DIAGNOSTIC,     4, -6.086364075643e-01, 1.797693134862e+308, 1.7850e+00, 3.6183e-02, 
 2DIAGNOSTIC,     5, -6.095364681127e-01, 1.797693134862e+308, 1.8253e+00, 4.0380e-02, 
 2DIAGNOSTIC,     6, -6.099799373852e-01, 1.797693134862e+308, 1.8609e+00, 3.5573e-02, 
 2DIAGNOSTIC,     7, -6.103288941855e-01, 1.797693134862e+308, 1.9008e+00, 3.9853e-02, 
 2DIAGNOSTIC,     8, -6.104276352648e-01, 1.797693134862e+308, 1.9420e+00, 4.1213e-02, 
 2DIAGNOSTIC,     9, -6.106856282129e-01, 1.797693134862e+308, 1.9850e+00, 4.3051e-02, 
 2DIAGNOSTIC,    10, -6.107411985979e-01, 6.555391972163e-04, 2.0289e+00, 4.3839e-02, 
 2DIAGNOSTIC,    11, -6.107191000815e-01, 4.354730077232e-04, 2.0783e+00, 4.9421e-02, 
 2DIAGNOSTIC,    12, -6.107168278297e-01, 2.575496335290e-04, 2.1142e+00, 3.5897e-02, 
 2DIAGNOSTIC,    13, -6.107063180401e-01, 1.408019526594e-04, 2.1647e+00, 5.0506e-02, 
 2DIAGNOSTIC,    14, -6.107058824220e-01, 7.629474353618e-05, 2.2046e+00, 3.9882e-02, 
 2DIAGNOSTIC,    15, -6.106944861932e-01, 4.100484573620e-05, 2.2499e+00, 4.5370e-02, 
 2DIAGNOSTIC,    16, -6.106879404278e-01, 1.917916762914e-05, 2.2947e+00, 4.4770e-02, 
 2DIAGNOSTIC,    17, -6.106810016930e-01, 7.762615240617e-06, 2.3322e+00, 3.7535e-02, 
DIAGNOSTIC,Iteration,metricValue,convergenceValue,ITERATION_TIME_INDEX,SINCE_LAST
 2DIAGNOSTIC,     1, -5.343428009047e-01, 1.797693134862e+308, 3.4974e+00, 1.1652e+00, 
 2DIAGNOSTIC,     2, -5.347917410772e-01, 1.797693134862e+308, 3.7938e+00, 2.9633e-01, 
 2DIAGNOSTIC,     3, -5.350952062682e-01, 1.797693134862e+308, 4.1040e+00, 3.1020e-01, 
 2DIAGNOSTIC,     4, -5.352100734032e-01, 1.797693134862e+308, 4.4166e+00, 3.1261e-01, 
 2DIAGNOSTIC,     5, -5.353567176135e-01, 1.797693134862e+308, 4.7233e+00, 3.0675e-01, 
 2DIAGNOSTIC,     6, -5.355673067342e-01, 1.797693134862e+308, 5.0742e+00, 3.5087e-01, 
 2DIAGNOSTIC,     7, -5.359451624853e-01, 1.797693134862e+308, 5.6018e+00, 5.2760e-01, 
 2DIAGNOSTIC,     8, -5.359466212555e-01, 1.797693134862e+308, 5.8740e+00, 2.7216e-01, 
 2DIAGNOSTIC,     9, -5.359528671332e-01, 1.797693134862e+308, 6.1643e+00, 2.9035e-01, 
 2DIAGNOSTIC,    10, -5.359615590942e-01, 1.947466694958e-04, 6.4964e+00, 3.3206e-01, 
 2DIAGNOSTIC,    11, -5.359705954407e-01, 1.377599978871e-04, 6.8385e+00, 3.4212e-01, 
 2DIAGNOSTIC,    12, -5.359709161517e-01, 9.752004134177e-05, 7.1758e+00, 3.3727e-01, 
 2DIAGNOSTIC,    13, -5.359703846930e-01, 6.730506448945e-05, 7.4825e+00, 3.0669e-01, 
 2DIAGNOSTIC,    14, -5.359779431900e-01, 4.033099220513e-05, 7.8071e+00, 3.2463e-01, 
 2DIAGNOSTIC,    15, -5.359936649911e-01, 1.915897664503e-05, 8.1440e+00, 3.3688e-01, 
 2DIAGNOSTIC,    16, -5.360116319547e-01, 6.278867987167e-06, 8.4383e+00, 2.9430e-01, 
 2DIAGNOSTIC,    17, -5.360483705456e-01, 7.458095146538e-06, 8.7292e+00, 2.9098e-01, 
 2DIAGNOSTIC,    18, -5.360887819996e-01, 9.208794610374e-06, 9.0287e+00, 2.9947e-01, 
 2DIAGNOSTIC,    19, -5.361434583587e-01, 1.176597700672e-05, 9.3065e+00, 2.7778e-01, 
 2DIAGNOSTIC,    20, -5.362404922969e-01, 1.590456534120e-05, 9.6716e+00, 3.6512e-01, 
 2DIAGNOSTIC,    21, -5.362518824705e-01, 1.878458458770e-05, 9.9985e+00, 3.2691e-01, 
 2DIAGNOSTIC,    22, -5.362820305973e-01, 2.055517257134e-05, 1.0328e+01, 3.2930e-01, 
 2DIAGNOSTIC,    23, -5.363036403393e-01, 2.087223452783e-05, 1.0728e+01, 3.9969e-01, 
 2DIAGNOSTIC,    24, -5.362983349016e-01, 1.936065377209e-05, 1.1210e+01, 4.8241e-01, 
 2DIAGNOSTIC,    25, -5.362988133530e-01, 1.661204556251e-05, 1.1661e+01, 4.5079e-01, 
 2DIAGNOSTIC,    26, -5.362983765226e-01, 1.298861527907e-05, 1.2047e+01, 3.8631e-01, 
 2DIAGNOSTIC,    27, -5.362968724507e-01, 9.225366841038e-06, 1.2437e+01, 3.9046e-01, 
 2DIAGNOSTIC,    28, -5.362944478847e-01, 5.679895397757e-06, 1.2828e+01, 3.9052e-01, 
 2DIAGNOSTIC,    29, -5.362938168869e-01, 2.899972395380e-06, 1.3177e+01, 3.4942e-01, 
 2DIAGNOSTIC,    30, -5.362924344069e-01, 1.832472595761e-06, 1.3536e+01, 3.5848e-01, 
DIAGNOSTIC,Iteration,metricValue,convergenceValue,ITERATION_TIME_INDEX,SINCE_LAST
 2DIAGNOSTIC,     1, -4.910232747694e-01, 1.797693134862e+308, 1.6894e+01, 3.3578e+00, 
 2DIAGNOSTIC,     2, -4.913845276739e-01, 1.797693134862e+308, 1.9054e+01, 2.1606e+00, 
 2DIAGNOSTIC,     3, -4.917102722804e-01, 1.797693134862e+308, 2.1300e+01, 2.2458e+00, 
 2DIAGNOSTIC,     4, -4.920087861883e-01, 1.797693134862e+308, 2.3300e+01, 2.0000e+00, 
 2DIAGNOSTIC,     5, -4.923669619174e-01, 1.797693134862e+308, 2.5172e+01, 1.8722e+00, 
 2DIAGNOSTIC,     6, -4.931262426465e-01, 1.797693134862e+308, 2.8854e+01, 3.6818e+00, 
 2DIAGNOSTIC,     7, -4.931235873517e-01, 1.797693134862e+308, 3.0976e+01, 2.1217e+00, 
 2DIAGNOSTIC,     8, -4.931219638786e-01, 1.797693134862e+308, 3.3818e+01, 2.8424e+00, 
 2DIAGNOSTIC,     9, -4.931216883374e-01, 1.797693134862e+308, 3.6677e+01, 2.8587e+00, 
 2DIAGNOSTIC,    10, -4.931214816476e-01, 3.063681055160e-04, 3.9094e+01, 2.4171e+00, 
 2DIAGNOSTIC,    11, -4.931213677614e-01, 2.181575373732e-04, 4.1239e+01, 2.1449e+00, 
 2DIAGNOSTIC,    12, -4.931212162244e-01, 1.426012546464e-04, 4.3207e+01, 1.9678e+00, 
 2DIAGNOSTIC,    13, -4.931211871292e-01, 8.086666056288e-05, 4.5148e+01, 1.9414e+00, 
 2DIAGNOSTIC,    14, -4.931207531290e-01, 3.307494192224e-05, 4.7311e+01, 2.1627e+00, 
 2DIAGNOSTIC,    15, -4.931208677747e-01, 1.790586383082e-06, 4.9626e+01, 2.3154e+00, 
 2DIAGNOSTIC,    16, -4.931207221324e-01, 1.822548452171e-06, 5.1956e+01, 2.3294e+00, 
 2DIAGNOSTIC,    17, -4.931206666911e-01, 1.775579940633e-06, 5.4284e+01, 2.3283e+00, 
 2DIAGNOSTIC,    18, -4.931206343336e-01, 1.690004757089e-06, 5.6576e+01, 2.2924e+00, 
 2DIAGNOSTIC,    19, -4.931205069951e-01, 1.608711403867e-06, 5.8733e+01, 2.1562e+00, 
 2DIAGNOSTIC,    20, -4.931205285317e-01, 1.536520129707e-06, 6.1101e+01, 2.3687e+00, 
 2DIAGNOSTIC,    21, -4.931204706568e-01, 1.471529623445e-06, 6.3279e+01, 2.1780e+00, 
 2DIAGNOSTIC,    22, -4.931204126647e-01, 1.411063073130e-06, 6.5420e+01, 2.1408e+00, 
 2DIAGNOSTIC,    23, -4.931203767414e-01, 1.357926921651e-06, 6.7358e+01, 1.9383e+00, 
 2DIAGNOSTIC,    24, -4.931205016940e-01, 1.304125199525e-06, 6.9479e+01, 2.1204e+00, 
 2DIAGNOSTIC,    25, -4.931205822931e-01, 1.261169628577e-06, 7.1647e+01, 2.1685e+00, 
 2DIAGNOSTIC,    26, -4.931205436875e-01, 1.218532998878e-06, 7.3591e+01, 1.9434e+00, 
 2DIAGNOSTIC,    27, -4.931205539576e-01, 1.178730054577e-06, 7.5520e+01, 1.9297e+00, 
 2DIAGNOSTIC,    28, -4.931203172975e-01, 1.136315480287e-06, 7.7736e+01, 2.2157e+00, 
 2DIAGNOSTIC,    29, -4.931199158793e-01, 1.086380181779e-06, 8.0061e+01, 2.3253e+00, 
 2DIAGNOSTIC,    30, -4.931197763593e-01, 1.038697302780e-06, 8.2417e+01, 2.3552e+00, 
  Elapsed time (stage 0): 8.3711e+01


Total elapsed time: 8.3714e+01
Info [verificarlo]: loaded backend libinterflop_ieee.so
Info [interflop-ieee]: load backend with:
Info [interflop-ieee]: debug = false
Info [interflop-ieee]: debug-binary = false
Info [interflop-ieee]: no-backend-name = false
Info [interflop-ieee]: print-new-line = false
Info [interflop-ieee]: print-subnormal-normalized = false
Info [interflop-ieee]: count-op = false
All_Command_lines_OK
Using double precision for computations.
=============================================================================
