
##########################
# Experiment information #
##########################

EXPERIMENT_NAME: antsRegistration-r8-p22
VFC_BACKENDS: libinterflop_vprec.so --range-binary32=8 --precision-binary32=22 --range-binary64=8 --precision-binary64=22

SIF_IMG: /home/mdugre/projects/rrg-glatard/mdugre/containers/ants-vprec-no_metrics.simg

SUBJECT_ID: s014
INPUT_IMG: /home/mdugre/scratch/mri-registration-rp/datasets/ds004513/derivatives/mri-registration-rp/antsBrainExtraction/sub-s014/BrainExtractionBrain.nii.gz
OUTPUT_DIR: /home/mdugre/scratch/mri-registration-rp/datasets/ds004513/derivatives/mri-registration-rp/0100/antsRegistration-r8-p22/sub-s014

FIXED_IMG: /templateflow/tpl-MNI152NLin2009cAsym/tpl-MNI152NLin2009cAsym_res-01_desc-brain_T1w.nii.gz
DATA_DIR: /home/mdugre/scratch/mri-registration-rp/datasets/ds004513
TEMPLATEFLOW_DIR: /home/mdugre/projects/rrg-glatard/mdugre/templateflow
ITK_GLOBAL_DEFAULT_NUMBER_OF_THREADS: 16
##########################

Info [verificarlo]: loaded backend libinterflop_ieee.so
Info [interflop-ieee]: load backend with:
Info [interflop-ieee]: debug = false
Info [interflop-ieee]: debug-binary = false
Info [interflop-ieee]: no-backend-name = false
Info [interflop-ieee]: print-new-line = false
Info [interflop-ieee]: print-subnormal-normalized = false
Info [interflop-ieee]: count-op = false
All_Command_lines_OK
Using double precision for computations.
=============================================================================
The composite transform comprises the following transforms (in order): 
  1. Center of mass alignment using fixed image: /templateflow/tpl-MNI152NLin2009cAsym/tpl-MNI152NLin2009cAsym_res-01_desc-brain_T1w.nii.gz and moving image: /home/mdugre/scratch/mri-registration-rp/datasets/ds004513/derivatives/mri-registration-rp/antsBrainExtraction/sub-s014/BrainExtractionBrain.nii.gz (type = Euler3DTransform)
=============================================================================
  number of levels = 1
  fixed image: /templateflow/tpl-MNI152NLin2009cAsym/tpl-MNI152NLin2009cAsym_res-01_desc-brain_T1w.nii.gz
  moving image: /home/mdugre/scratch/mri-registration-rp/datasets/ds004513/derivatives/mri-registration-rp/antsBrainExtraction/sub-s014/BrainExtractionBrain.nii.gz
Dimension = 3
Number of stages = 1
Use histogram matching = false
Winsorize image intensities = true
  Lower quantile = 0.005
  Upper quantile = 0.995


Stage 1 State
   Image metric = MattesMI
     Fixed image = Image (0x4908e70)
  RTTI typeinfo:   itk::Image<double, 3u>
  Reference Count: 2
  Modified Time: 2334
  Debug: Off
  Object Name: 
  Observers: 
    none
  Source: (none)
  Source output name: (none)
  Release Data: Off
  Data Released: False
  Global Release Data: Off
  PipelineMTime: 0
  UpdateMTime: 1943
  RealTimeStamp: 0 seconds 
  LargestPossibleRegion: 
    Dimension: 3
    Index: [0, 0, 0]
    Size: [193, 229, 193]
  BufferedRegion: 
    Dimension: 3
    Index: [0, 0, 0]
    Size: [193, 229, 193]
  RequestedRegion: 
    Dimension: 3
    Index: [0, 0, 0]
    Size: [193, 229, 193]
  Spacing: [1, 1, 1]
  Origin: [96, 132, -78]
  Direction: 
-1 0 0
0 -1 0
0 0 1

  IndexToPointMatrix: 
-1 0 0
0 -1 0
0 0 1

  PointToIndexMatrix: 
-1 0 0
0 -1 0
0 0 1

  Inverse Direction: 
-1 0 0
0 -1 0
0 0 1

  PixelContainer: 
    ImportImageContainer (0x4915140)
      RTTI typeinfo:   itk::ImportImageContainer<unsigned long, double>
      Reference Count: 1
      Modified Time: 1940
      Debug: Off
      Object Name: 
      Observers: 
        none
      Pointer: 0x1504fa33b010
      Container manages memory: true
      Size: 8530021
      Capacity: 8530021

     Moving image = Image (0x4912310)
  RTTI typeinfo:   itk::Image<double, 3u>
  Reference Count: 2
  Modified Time: 2335
  Debug: Off
  Object Name: 
  Observers: 
    none
  Source: (none)
  Source output name: (none)
  Release Data: Off
  Data Released: False
  Global Release Data: Off
  PipelineMTime: 0
  UpdateMTime: 2332
  RealTimeStamp: 0 seconds 
  LargestPossibleRegion: 
    Dimension: 3
    Index: [0, 0, 0]
    Size: [160, 240, 256]
  BufferedRegion: 
    Dimension: 3
    Index: [0, 0, 0]
    Size: [160, 240, 256]
  RequestedRegion: 
    Dimension: 3
    Index: [0, 0, 0]
    Size: [160, 240, 256]
  Spacing: [0.999999, 1, 1]
  Origin: [84.1637, 106.709, -120.531]
  Direction: 
-0.999619 -0.0226874 -0.0157033
0.0226846 -0.999743 0.00035635
-0.0157073 -7.8229e-09 0.999877

  IndexToPointMatrix: 
-0.999619 -0.0226874 -0.0157033
0.0226845 -0.999743 0.00035635
-0.0157073 -7.8229e-09 0.999877

  PointToIndexMatrix: 
-0.99962 0.0226846 -0.0157073
-0.0226874 -0.999743 -7.83127e-09
-0.0157033 0.00035635 0.999877

  Inverse Direction: 
-0.999619 0.0226846 -0.0157073
-0.0226874 -0.999743 -7.83127e-09
-0.0157033 0.00035635 0.999877

  PixelContainer: 
    ImportImageContainer (0x4a3d610)
      RTTI typeinfo:   itk::ImportImageContainer<unsigned long, double>
      Reference Count: 1
      Modified Time: 2329
      Debug: Off
      Object Name: 
      Observers: 
        none
      Pointer: 0x1504f583a010
      Container manages memory: true
      Size: 9830400
      Capacity: 9830400

     Weighting = 1
     Sampling strategy = regular
     Number of bins = 32
     Radius = 4
     Sampling percentage  = 0.25
   Transform = Rigid
     Gradient step = 0.1
     Update field sigma (voxel space) = 0
     Total field sigma (voxel space) = 0
     Update field time sigma = 0
     Total field time sigma  = 0
     Number of time indices = 0
     Number of time point samples = 0
Registration using 1 total stages.

Stage 0
  iterations = 0
  convergence threshold = 1e-06
  convergence window size = 10
  number of levels = 1
  using the Mattes MI metric (number of bins = 32, weight = 1, use gradient filter = 0)
  preprocessing:  winsorizing the image intensities
  Shrink factors (level 1 out of 1): [1, 1, 1]
  smoothing sigmas per level: [0]
  regular sampling (percentage = 0.25)

*** Running Euler3DTransform registration ***

  Elapsed time (stage 0): 1.17487


Total elapsed time: 1.17707
Info [verificarlo]: loaded backend libinterflop_vprec.so
Info [interflop-vprec]: load backend with: 
Info [interflop-vprec]: precision-binary32 = 22
Info [interflop-vprec]: range-binary32 = 8
Info [interflop-vprec]: precision-binary64 = 22
Info [interflop-vprec]: range-binary64 = 8
Info [interflop-vprec]: mode = ob
Info [interflop-vprec]: error-mode = rel
Info [interflop-vprec]: max-abs-error-exponent = -1022
Info [interflop-vprec]: daz = false
Info [interflop-vprec]: ftz = false
Info [interflop-vprec]: 	instrument = none
Info [interflop-vprec]: 	prec-input-file = (null)
Info [interflop-vprec]: 	prec-output-file = (null)
Info [interflop-vprec]: 	prec-log-file = (null)
All_Command_lines_OK
Using double precision for computations.
=============================================================================
The composite transform comprises the following transforms (in order): 
  1. /home/mdugre/scratch/mri-registration-rp/datasets/ds004513/derivatives/mri-registration-rp/0100/antsRegistration-r8-p22/sub-s014/align_Composite.h5[0] (type = Euler3DTransform)
  2. /home/mdugre/scratch/mri-registration-rp/datasets/ds004513/derivatives/mri-registration-rp/0100/antsRegistration-r8-p22/sub-s014/align_Composite.h5[1] (type = Euler3DTransform)
=============================================================================
  number of levels = 4
  fixed image: /templateflow/tpl-MNI152NLin2009cAsym/tpl-MNI152NLin2009cAsym_res-01_desc-brain_T1w.nii.gz
  moving image: /home/mdugre/scratch/mri-registration-rp/datasets/ds004513/derivatives/mri-registration-rp/antsBrainExtraction/sub-s014/BrainExtractionBrain.nii.gz
Dimension = 3
Number of stages = 1
Use histogram matching = false
Winsorize image intensities = true
  Lower quantile = 0.005
  Upper quantile = 0.995


Stage 1 State
   Image metric = MattesMI
     Fixed image = Image (0x44d81e0)
  RTTI typeinfo:   itk::Image<double, 3u>
  Reference Count: 2
  Modified Time: 1580
  Debug: Off
  Object Name: 
  Observers: 
    none
  Source: (none)
  Source output name: (none)
  Release Data: Off
  Data Released: False
  Global Release Data: Off
  PipelineMTime: 0
  UpdateMTime: 1189
  RealTimeStamp: 0 seconds 
  LargestPossibleRegion: 
    Dimension: 3
    Index: [0, 0, 0]
    Size: [193, 229, 193]
  BufferedRegion: 
    Dimension: 3
    Index: [0, 0, 0]
    Size: [193, 229, 193]
  RequestedRegion: 
    Dimension: 3
    Index: [0, 0, 0]
    Size: [193, 229, 193]
  Spacing: [1, 1, 1]
  Origin: [96, 132, -78]
  Direction: 
-1 0 0
0 -1 0
0 0 1

  IndexToPointMatrix: 
-1 0 0
0 -1 0
0 0 1

  PointToIndexMatrix: 
-1 0 0
0 -1 0
0 0 1

  Inverse Direction: 
-1 0 0
0 -1 0
0 0 1

  PixelContainer: 
    ImportImageContainer (0x4597680)
      RTTI typeinfo:   itk::ImportImageContainer<unsigned long, double>
      Reference Count: 1
      Modified Time: 1186
      Debug: Off
      Object Name: 
      Observers: 
        none
      Pointer: 0x1483a17fc010
      Container manages memory: true
      Size: 8530021
      Capacity: 8530021

     Moving image = Image (0x4593b20)
  RTTI typeinfo:   itk::Image<double, 3u>
  Reference Count: 2
  Modified Time: 1581
  Debug: Off
  Object Name: 
  Observers: 
    none
  Source: (none)
  Source output name: (none)
  Release Data: Off
  Data Released: False
  Global Release Data: Off
  PipelineMTime: 0
  UpdateMTime: 1578
  RealTimeStamp: 0 seconds 
  LargestPossibleRegion: 
    Dimension: 3
    Index: [0, 0, 0]
    Size: [160, 240, 256]
  BufferedRegion: 
    Dimension: 3
    Index: [0, 0, 0]
    Size: [160, 240, 256]
  RequestedRegion: 
    Dimension: 3
    Index: [0, 0, 0]
    Size: [160, 240, 256]
  Spacing: [1, 1, 1]
  Origin: [84.1637, 106.709, -120.531]
  Direction: 
-0.999619 -0.0226874 -0.0157033
0.0226846 -0.999743 0.00035635
-0.0157073 -7.8229e-09 0.999877

  IndexToPointMatrix: 
-0.999619 -0.0226874 -0.0157033
0.0226845 -0.999743 0.00035635
-0.0157073 -7.8229e-09 0.999877

  PointToIndexMatrix: 
-0.99962 0.0226846 -0.0157073
-0.0226874 -0.999743 -1.19209e-07
-0.0157033 0.000356376 0.999877

  Inverse Direction: 
-0.999619 0.0226846 -0.0157073
-0.0226874 -0.999743 -1.19209e-07
-0.0157033 0.000356376 0.999877

  PixelContainer: 
    ImportImageContainer (0x45fcd50)
      RTTI typeinfo:   itk::ImportImageContainer<unsigned long, double>
      Reference Count: 1
      Modified Time: 1575
      Debug: Off
      Object Name: 
      Observers: 
        none
      Pointer: 0x14839ccfb010
      Container manages memory: true
      Size: 9830400
      Capacity: 9830400

     Weighting = 1
     Sampling strategy = regular
     Number of bins = 32
     Radius = 4
     Sampling percentage  = 0.25
   Transform = Rigid
     Gradient step = 0.1
     Update field sigma (voxel space) = 0
     Total field sigma (voxel space) = 0
     Update field time sigma = 0
     Total field time sigma  = 0
     Number of time indices = 0
     Number of time point samples = 0
Registration using 1 total stages.

Stage 0
  iterations = 1000x500x250x100
  convergence threshold = 1e-06
  convergence window size = 10
  number of levels = 4
  using the Mattes MI metric (number of bins = 32, weight = 1, use gradient filter = 0)
  preprocessing:  winsorizing the image intensities
  Shrink factors (level 1 out of 4): [8, 8, 8]
  Shrink factors (level 2 out of 4): [4, 4, 4]
  Shrink factors (level 3 out of 4): [2, 2, 2]
  Shrink factors (level 4 out of 4): [1, 1, 1]
  smoothing sigmas per level: [3, 2, 1, 0]
  regular sampling (percentage = 0.25)

*** Running Euler3DTransform registration ***

DIAGNOSTIC,Iteration,metricValue,convergenceValue,ITERATION_TIME_INDEX,SINCE_LAST
 2DIAGNOSTIC,     1, -4.770818682985e-01, 1.797693134862e+308, 0.0000e+00, 0.0000e+00, 
 2DIAGNOSTIC,     2, -4.784203591715e-01, 1.797693134862e+308, 0.0000e+00, 0.0000e+00, 
 2DIAGNOSTIC,     3, -4.807016394084e-01, 1.797693134862e+308, 0.0000e+00, 0.0000e+00, 
 2DIAGNOSTIC,     4, -4.840217926828e-01, 1.797693134862e+308, 0.0000e+00, 0.0000e+00, 
 2DIAGNOSTIC,     5, -4.882976770408e-01, 1.797693134862e+308, 0.0000e+00, 0.0000e+00, 
 2DIAGNOSTIC,     6, -4.953453087930e-01, 1.797693134862e+308, 0.0000e+00, 0.0000e+00, 
 2DIAGNOSTIC,     7, -5.007313320972e-01, 1.797693134862e+308, 0.0000e+00, 0.0000e+00, 
 2DIAGNOSTIC,     8, -5.013247652312e-01, 1.797693134862e+308, 0.0000e+00, 0.0000e+00, 
 2DIAGNOSTIC,     9, -5.084826604105e-01, 1.797693134862e+308, 0.0000e+00, 0.0000e+00, 
 2DIAGNOSTIC,    10, -5.162789525781e-01, 5.127678064697e-03, 0.0000e+00, 0.0000e+00, 
 2DIAGNOSTIC,    11, -5.168251545193e-01, 4.887872335858e-03, 0.0000e+00, 0.0000e+00, 
 2DIAGNOSTIC,    12, -5.205607912191e-01, 4.497885003129e-03, 0.0000e+00, 0.0000e+00, 
 2DIAGNOSTIC,    13, -5.229641598416e-01, 3.971563230086e-03, 0.0000e+00, 0.0000e+00, 
 2DIAGNOSTIC,    14, -5.253160874786e-01, 3.388398455453e-03, 0.0000e+00, 0.0000e+00, 
 2DIAGNOSTIC,    15, -5.278078254279e-01, 2.822441873228e-03, 0.0000e+00, 0.0000e+00, 
 2DIAGNOSTIC,    16, -5.283082468058e-01, 2.335232276073e-03, 0.0000e+00, 0.0000e+00, 
 2DIAGNOSTIC,    17, -5.285048873429e-01, 1.883939791791e-03, 0.0000e+00, 0.0000e+00, 
 2DIAGNOSTIC,    18, -5.289850618122e-01, 1.340933562163e-03, 0.0000e+00, 0.0000e+00, 
 2DIAGNOSTIC,    19, -5.289217147421e-01, 9.359579537816e-04, 0.0000e+00, 0.0000e+00, 
 2DIAGNOSTIC,    20, -5.290126178881e-01, 7.071627331813e-04, 0.0000e+00, 0.0000e+00, 
 2DIAGNOSTIC,    21, -5.295271549158e-01, 4.620306143426e-04, 0.0000e+00, 0.0000e+00, 
 2DIAGNOSTIC,    22, -5.295582255684e-01, 2.916998064147e-04, 0.0000e+00, 0.0000e+00, 
 2DIAGNOSTIC,    23, -5.295012474940e-01, 1.654559071253e-04, 0.0000e+00, 0.0000e+00, 
 2DIAGNOSTIC,    24, -5.295293471117e-01, 8.846716356186e-05, 0.0000e+00, 0.0000e+00, 
 2DIAGNOSTIC,    25, -5.295559690687e-01, 6.523976509565e-05, 0.0000e+00, 0.0000e+00, 
 2DIAGNOSTIC,    26, -5.295879848487e-01, 4.892787631371e-05, 0.0000e+00, 0.0000e+00, 
 2DIAGNOSTIC,    27, -5.296401904953e-01, 3.414849159213e-05, 0.0000e+00, 0.0000e+00, 
 2DIAGNOSTIC,    28, -5.298753251789e-01, 3.166825619996e-05, 0.0000e+00, 0.0000e+00, 
 2DIAGNOSTIC,    29, -5.299423420742e-01, 2.652073880431e-05, 0.0000e+00, 0.0000e+00, 
 2DIAGNOSTIC,    30, -5.299588462306e-01, 2.103684385158e-05, 0.0000e+00, 0.0000e+00, 
 2DIAGNOSTIC,    31, -5.299501290218e-01, 2.304511808902e-05, 0.0000e+00, 0.0000e+00, 
 2DIAGNOSTIC,    32, -5.300228763151e-01, 2.466095740226e-05, 0.0000e+00, 0.0000e+00, 
 2DIAGNOSTIC,    33, -5.300766393985e-01, 2.377718174158e-05, 0.0000e+00, 0.0000e+00, 
 2DIAGNOSTIC,    34, -5.302017534561e-01, 2.321879783875e-05, 0.0000e+00, 0.0000e+00, 
 2DIAGNOSTIC,    35, -5.302255684136e-01, 2.138995490399e-05, 0.0000e+00, 0.0000e+00, 
 2DIAGNOSTIC,    36, -5.302085560381e-01, 1.800895311163e-05, 0.0000e+00, 0.0000e+00, 
 2DIAGNOSTIC,    37, -5.302578460169e-01, 1.462738812953e-05, 0.0000e+00, 0.0000e+00, 
 2DIAGNOSTIC,    38, -5.303553527289e-01, 1.484305459125e-05, 0.0000e+00, 0.0000e+00, 
 2DIAGNOSTIC,    39, -5.307132388039e-01, 1.961618883951e-05, 0.0000e+00, 0.0000e+00, 
 2DIAGNOSTIC,    40, -5.308270943007e-01, 2.404068360237e-05, 0.0000e+00, 0.0000e+00, 
 2DIAGNOSTIC,    41, -5.308441732388e-01, 2.618404356455e-05, 0.0000e+00, 0.0000e+00, 
 2DIAGNOSTIC,    42, -5.308786049187e-01, 2.727106882565e-05, 0.0000e+00, 0.0000e+00, 
 2DIAGNOSTIC,    43, -5.310887809499e-01, 2.905527187003e-05, 0.0000e+00, 0.0000e+00, 
 2DIAGNOSTIC,    44, -5.311202856756e-01, 2.984360407085e-05, 0.0000e+00, 0.0000e+00, 
 2DIAGNOSTIC,    45, -5.311242952788e-01, 2.816948745297e-05, 0.0000e+00, 0.0000e+00, 
 2DIAGNOSTIC,    46, -5.311284744059e-01, 2.389196171133e-05, 0.0000e+00, 0.0000e+00, 
 2DIAGNOSTIC,    47, -5.311317132519e-01, 1.821770021486e-05, 0.0000e+00, 0.0000e+00, 
 2DIAGNOSTIC,    48, -5.311320847690e-01, 1.207649167671e-05, 0.0000e+00, 0.0000e+00, 
 2DIAGNOSTIC,    49, -5.311316415322e-01, 9.030136326863e-06, 0.0000e+00, 0.0000e+00, 
 2DIAGNOSTIC,    50, -5.311315073323e-01, 6.579202553803e-06, 0.0000e+00, 0.0000e+00, 
 2DIAGNOSTIC,    51, -5.311316515319e-01, 3.862104597362e-06, 0.0000e+00, 0.0000e+00, 
 2DIAGNOSTIC,    52, -5.311314910285e-01, 1.240949707004e-06, 0.0000e+00, 0.0000e+00, 
DIAGNOSTIC,Iteration,metricValue,convergenceValue,ITERATION_TIME_INDEX,SINCE_LAST
 2DIAGNOSTIC,     1, -4.294795773506e-01, 1.797693134862e+308, 0.0000e+00, 0.0000e+00, 
 2DIAGNOSTIC,     2, -4.301506431261e-01, 1.797693134862e+308, 0.0000e+00, 0.0000e+00, 
 2DIAGNOSTIC,     3, -4.309592313809e-01, 1.797693134862e+308, 0.0000e+00, 0.0000e+00, 
 2DIAGNOSTIC,     4, -4.314598031578e-01, 1.797693134862e+308, 0.0000e+00, 0.0000e+00, 
 2DIAGNOSTIC,     5, -4.321950704418e-01, 1.797693134862e+308, 0.0000e+00, 0.0000e+00, 
 2DIAGNOSTIC,     6, -4.338099888815e-01, 1.797693134862e+308, 0.0000e+00, 0.0000e+00, 
 2DIAGNOSTIC,     7, -4.352880991105e-01, 1.797693134862e+308, 0.0000e+00, 0.0000e+00, 
 2DIAGNOSTIC,     8, -4.363866905050e-01, 1.797693134862e+308, 0.0000e+00, 0.0000e+00, 
 2DIAGNOSTIC,     9, -4.368738124624e-01, 1.797693134862e+308, 0.0000e+00, 0.0000e+00, 
 2DIAGNOSTIC,    10, -4.374780603704e-01, 1.297417923278e-03, 0.0000e+00, 0.0000e+00, 
 2DIAGNOSTIC,    11, -4.398888244940e-01, 1.279000375508e-03, 0.0000e+00, 0.0000e+00, 
 2DIAGNOSTIC,    12, -4.422801019421e-01, 1.310599119924e-03, 0.0000e+00, 0.0000e+00, 
 2DIAGNOSTIC,    13, -4.430708255813e-01, 1.297732408021e-03, 0.0000e+00, 0.0000e+00, 
 2DIAGNOSTIC,    14, -4.433215291077e-01, 1.206661617051e-03, 0.0000e+00, 0.0000e+00, 
 2DIAGNOSTIC,    15, -4.441342427341e-01, 1.085592180893e-03, 0.0000e+00, 0.0000e+00, 
 2DIAGNOSTIC,    16, -4.440901061443e-01, 9.412550733972e-04, 0.0000e+00, 0.0000e+00, 
 2DIAGNOSTIC,    17, -4.443518179985e-01, 7.922281343283e-04, 0.0000e+00, 0.0000e+00, 
 2DIAGNOSTIC,    18, -4.443073595789e-01, 6.256142912428e-04, 0.0000e+00, 0.0000e+00, 
 2DIAGNOSTIC,    19, -4.445210534591e-01, 4.444506527025e-04, 0.0000e+00, 0.0000e+00, 
 2DIAGNOSTIC,    20, -4.445511430937e-01, 2.596669271544e-04, 0.0000e+00, 0.0000e+00, 
 2DIAGNOSTIC,    21, -4.445781872176e-01, 1.421268214025e-04, 0.0000e+00, 0.0000e+00, 
 2DIAGNOSTIC,    22, -4.448545643754e-01, 1.005721291394e-04, 0.0000e+00, 0.0000e+00, 
 2DIAGNOSTIC,    23, -4.449735594462e-01, 7.882467391499e-05, 0.0000e+00, 0.0000e+00, 
 2DIAGNOSTIC,    24, -4.452128878441e-01, 6.424689180230e-05, 0.0000e+00, 0.0000e+00, 
 2DIAGNOSTIC,    25, -4.452926058387e-01, 6.805262116899e-05, 0.0000e+00, 0.0000e+00, 
 2DIAGNOSTIC,    26, -4.454389523829e-01, 6.773391195993e-05, 0.0000e+00, 0.0000e+00, 
 2DIAGNOSTIC,    27, -4.454789621033e-01, 6.838908658790e-05, 0.0000e+00, 0.0000e+00, 
 2DIAGNOSTIC,    28, -4.455070935274e-01, 6.211526808402e-05, 0.0000e+00, 0.0000e+00, 
 2DIAGNOSTIC,    29, -4.455143266421e-01, 5.546603098285e-05, 0.0000e+00, 0.0000e+00, 
 2DIAGNOSTIC,    30, -4.455311370118e-01, 4.518856936342e-05, 0.0000e+00, 0.0000e+00, 
 2DIAGNOSTIC,    31, -4.455692404621e-01, 3.264795818522e-05, 0.0000e+00, 0.0000e+00, 
 2DIAGNOSTIC,    32, -4.455700619533e-01, 2.346058726943e-05, 0.0000e+00, 0.0000e+00, 
 2DIAGNOSTIC,    33, -4.455818570519e-01, 1.519200434227e-05, 0.0000e+00, 0.0000e+00, 
 2DIAGNOSTIC,    34, -4.455748586504e-01, 1.046855139055e-05, 0.0000e+00, 0.0000e+00, 
 2DIAGNOSTIC,    35, -4.456271077965e-01, 7.478707813799e-06, 0.0000e+00, 0.0000e+00, 
 2DIAGNOSTIC,    36, -4.457489924696e-01, 8.778860331408e-06, 0.0000e+00, 0.0000e+00, 
 2DIAGNOSTIC,    37, -4.458839198488e-01, 1.223710243743e-05, 0.0000e+00, 0.0000e+00, 
 2DIAGNOSTIC,    38, -4.459271755325e-01, 1.561893028433e-05, 0.0000e+00, 0.0000e+00, 
 2DIAGNOSTIC,    39, -4.459364796193e-01, 1.772757365327e-05, 0.0000e+00, 0.0000e+00, 
 2DIAGNOSTIC,    40, -4.460959396467e-01, 2.095546838295e-05, 0.0000e+00, 0.0000e+00, 
 2DIAGNOSTIC,    41, -4.460508305804e-01, 2.188991564656e-05, 0.0000e+00, 0.0000e+00, 
 2DIAGNOSTIC,    42, -4.460696026982e-01, 2.107787110632e-05, 0.0000e+00, 0.0000e+00, 
 2DIAGNOSTIC,    43, -4.460375615225e-01, 1.810669496149e-05, 0.0000e+00, 0.0000e+00, 
 2DIAGNOSTIC,    44, -4.460475305989e-01, 1.367996128859e-05, 0.0000e+00, 0.0000e+00, 
 2DIAGNOSTIC,    45, -4.460345580039e-01, 8.715489307330e-06, 0.0000e+00, 0.0000e+00, 
 2DIAGNOSTIC,    46, -4.460473067364e-01, 5.038882581451e-06, 0.0000e+00, 0.0000e+00, 
 2DIAGNOSTIC,    47, -4.460762471998e-01, 3.358097172994e-06, 0.0000e+00, 0.0000e+00, 
 2DIAGNOSTIC,    48, -4.460296726439e-01, 1.453405169553e-06, 0.0000e+00, 0.0000e+00, 
DIAGNOSTIC,Iteration,metricValue,convergenceValue,ITERATION_TIME_INDEX,SINCE_LAST
 2DIAGNOSTIC,     1, -3.906117930905e-01, 1.797693134862e+308, 0.0000e+00, 0.0000e+00, 
 2DIAGNOSTIC,     2, -3.907545748979e-01, 1.797693134862e+308, 0.0000e+00, 0.0000e+00, 
 2DIAGNOSTIC,     3, -3.908965318671e-01, 1.797693134862e+308, 0.0000e+00, 0.0000e+00, 
 2DIAGNOSTIC,     4, -3.909523187377e-01, 1.797693134862e+308, 0.0000e+00, 0.0000e+00, 
 2DIAGNOSTIC,     5, -3.909581597711e-01, 1.797693134862e+308, 0.0000e+00, 0.0000e+00, 
 2DIAGNOSTIC,     6, -3.910097462029e-01, 1.797693134862e+308, 0.0000e+00, 0.0000e+00, 
 2DIAGNOSTIC,     7, -3.910575673849e-01, 1.797693134862e+308, 0.0000e+00, 0.0000e+00, 
 2DIAGNOSTIC,     8, -3.911407643667e-01, 1.797693134862e+308, 0.0000e+00, 0.0000e+00, 
 2DIAGNOSTIC,     9, -3.911434582484e-01, 1.797693134862e+308, 0.0000e+00, 0.0000e+00, 
 2DIAGNOSTIC,    10, -3.911453305861e-01, 8.331460347555e-05, 0.0000e+00, 0.0000e+00, 
 2DIAGNOSTIC,    11, -3.911653739970e-01, 5.942058753509e-05, 0.0000e+00, 0.0000e+00, 
 2DIAGNOSTIC,    12, -3.912188976977e-01, 4.602171678239e-05, 0.0000e+00, 0.0000e+00, 
 2DIAGNOSTIC,    13, -3.912908349236e-01, 4.252946344638e-05, 0.0000e+00, 0.0000e+00, 
 2DIAGNOSTIC,    14, -3.913999674689e-01, 4.444495944009e-05, 0.0000e+00, 0.0000e+00, 
 2DIAGNOSTIC,    15, -3.914089086708e-01, 4.292019515040e-05, 0.0000e+00, 0.0000e+00, 
 2DIAGNOSTIC,    16, -3.914532008662e-01, 4.226087226568e-05, 0.0000e+00, 0.0000e+00, 
 2DIAGNOSTIC,    17, -3.915143915097e-01, 4.250460401763e-05, 0.0000e+00, 0.0000e+00, 
 2DIAGNOSTIC,    18, -3.916787622140e-01, 4.885379057157e-05, 0.0000e+00, 0.0000e+00, 
 2DIAGNOSTIC,    19, -3.917777599864e-01, 5.389294046277e-05, 0.0000e+00, 0.0000e+00, 
 2DIAGNOSTIC,    20, -3.918443118065e-01, 5.608423289710e-05, 0.0000e+00, 0.0000e+00, 
 2DIAGNOSTIC,    21, -3.918511832614e-01, 5.399290695234e-05, 0.0000e+00, 0.0000e+00, 
 2DIAGNOSTIC,    22, -3.919053580700e-01, 5.074125892306e-05, 0.0000e+00, 0.0000e+00, 
 2DIAGNOSTIC,    23, -3.919418456743e-01, 4.639331354171e-05, 0.0000e+00, 0.0000e+00, 
 2DIAGNOSTIC,    24, -3.919935104575e-01, 4.300816402728e-05, 0.0000e+00, 0.0000e+00, 
 2DIAGNOSTIC,    25, -3.921043836950e-01, 3.947393718415e-05, 0.0000e+00, 0.0000e+00, 
 2DIAGNOSTIC,    26, -3.921304587391e-01, 3.456543786246e-05, 0.0000e+00, 0.0000e+00, 
 2DIAGNOSTIC,    27, -3.922001443635e-01, 3.034418777475e-05, 0.0000e+00, 0.0000e+00, 
 2DIAGNOSTIC,    28, -3.922621159715e-01, 2.947016429953e-05, 0.0000e+00, 0.0000e+00, 
 2DIAGNOSTIC,    29, -3.922683599456e-01, 2.854338449989e-05, 0.0000e+00, 0.0000e+00, 
 2DIAGNOSTIC,    30, -3.922940190099e-01, 2.732905927540e-05, 0.0000e+00, 0.0000e+00, 
 2DIAGNOSTIC,    31, -3.923232970470e-01, 2.452886709059e-05, 0.0000e+00, 0.0000e+00, 
 2DIAGNOSTIC,    32, -3.924866646247e-01, 2.459856805636e-05, 0.0000e+00, 0.0000e+00, 
 2DIAGNOSTIC,    33, -3.924869350079e-01, 2.312485231955e-05, 0.0000e+00, 0.0000e+00, 
 2DIAGNOSTIC,    34, -3.924923358771e-01, 2.085815612092e-05, 0.0000e+00, 0.0000e+00, 
 2DIAGNOSTIC,    35, -3.925017625077e-01, 1.938581809561e-05, 0.0000e+00, 0.0000e+00, 
 2DIAGNOSTIC,    36, -3.925789686328e-01, 1.826858734317e-05, 0.0000e+00, 0.0000e+00, 
 2DIAGNOSTIC,    37, -3.926030917697e-01, 1.727633616093e-05, 0.0000e+00, 0.0000e+00, 
 2DIAGNOSTIC,    38, -3.926055226928e-01, 1.600958948656e-05, 0.0000e+00, 0.0000e+00, 
 2DIAGNOSTIC,    39, -3.926480988002e-01, 1.433772372375e-05, 0.0000e+00, 0.0000e+00, 
 2DIAGNOSTIC,    40, -3.926730198082e-01, 1.237508770533e-05, 0.0000e+00, 0.0000e+00, 
 2DIAGNOSTIC,    41, -3.926972718281e-01, 1.024113508609e-05, 0.0000e+00, 0.0000e+00, 
 2DIAGNOSTIC,    42, -3.927346083017e-01, 1.076821410537e-05, 0.0000e+00, 0.0000e+00, 
 2DIAGNOSTIC,    43, -3.928524531794e-01, 1.231597897684e-05, 0.0000e+00, 0.0000e+00, 
 2DIAGNOSTIC,    44, -3.933404419501e-01, 2.078090611329e-05, 0.0000e+00, 0.0000e+00, 
 2DIAGNOSTIC,    45, -3.934154075790e-01, 2.807657566597e-05, 0.0000e+00, 0.0000e+00, 
 2DIAGNOSTIC,    46, -3.934180418623e-01, 3.377328246736e-05, 0.0000e+00, 0.0000e+00, 
 2DIAGNOSTIC,    47, -3.934176745846e-01, 3.655710832130e-05, 0.0000e+00, 0.0000e+00, 
 2DIAGNOSTIC,    48, -3.934165600097e-01, 3.575952445712e-05, 0.0000e+00, 0.0000e+00, 
 2DIAGNOSTIC,    49, -3.934151728596e-01, 3.211275801877e-05, 0.0000e+00, 0.0000e+00, 
 2DIAGNOSTIC,    50, -3.934152141850e-01, 2.593807038215e-05, 0.0000e+00, 0.0000e+00, 
 2DIAGNOSTIC,    51, -3.934145854154e-01, 1.802898084405e-05, 0.0000e+00, 0.0000e+00, 
 2DIAGNOSTIC,    52, -3.934146114978e-01, 9.328248358031e-06, 2.5600e+02, 2.5600e+02, 
 2DIAGNOSTIC,    53, -3.934146139100e-01, 1.553912653690e-06, 2.5600e+02, 0.0000e+00, 
DIAGNOSTIC,Iteration,metricValue,convergenceValue,ITERATION_TIME_INDEX,SINCE_LAST
 2DIAGNOSTIC,     1, -3.660208596934e-01, 1.797693134862e+308, 2.5600e+02, 0.0000e+00, 
 2DIAGNOSTIC,     2, -3.660812638809e-01, 1.797693134862e+308, 2.5600e+02, 0.0000e+00, 
 2DIAGNOSTIC,     3, -3.660820827999e-01, 1.797693134862e+308, 2.5600e+02, 0.0000e+00, 
 2DIAGNOSTIC,     4, -3.660830319615e-01, 1.797693134862e+308, 2.5600e+02, 0.0000e+00, 
 2DIAGNOSTIC,     5, -3.660827295046e-01, 1.797693134862e+308, 2.5600e+02, 0.0000e+00, 
 2DIAGNOSTIC,     6, -3.660827311850e-01, 1.797693134862e+308, 2.5600e+02, 0.0000e+00, 
 2DIAGNOSTIC,     7, -3.660825376624e-01, 1.797693134862e+308, 2.5600e+02, 0.0000e+00, 
 2DIAGNOSTIC,     8, -3.660825555433e-01, 1.797693134862e+308, 2.5600e+02, 0.0000e+00, 
 2DIAGNOSTIC,     9, -3.660824392504e-01, 1.797693134862e+308, 2.5600e+02, 0.0000e+00, 
 2DIAGNOSTIC,    10, -3.660823528196e-01, 8.037518635068e-06, 2.5600e+02, 0.0000e+00, 
 2DIAGNOSTIC,    11, -3.660822896049e-01, 2.938741862787e-06, 2.5600e+02, 0.0000e+00, 
 2DIAGNOSTIC,    12, -3.660823019563e-01, 2.592961779485e-06, 2.5600e+02, 0.0000e+00, 
 2DIAGNOSTIC,    13, -3.660823032260e-01, 2.352252064936e-06, 2.5600e+02, 0.0000e+00, 
 2DIAGNOSTIC,    14, -3.660822942739e-01, 2.206681303685e-06, 2.5600e+02, 0.0000e+00, 
 2DIAGNOSTIC,    15, -3.660822942753e-01, 2.070527153231e-06, 2.5600e+02, 0.0000e+00, 
 2DIAGNOSTIC,    16, -3.660822923477e-01, 1.955906704515e-06, 2.5600e+02, 0.0000e+00, 
 2DIAGNOSTIC,    17, -3.660822766483e-01, 1.847725866783e-06, 2.5600e+02, 0.0000e+00, 
 2DIAGNOSTIC,    18, -3.660822763022e-01, 1.754274233365e-06, 2.5600e+02, 0.0000e+00, 
 2DIAGNOSTIC,    19, -3.660822742672e-01, 1.666830171165e-06, 2.5600e+02, 0.0000e+00, 
 2DIAGNOSTIC,    20, -3.660822740923e-01, 1.585268571545e-06, 2.5600e+02, 0.0000e+00, 
 2DIAGNOSTIC,    21, -3.660822740869e-01, 1.509364945376e-06, 2.5600e+02, 0.0000e+00, 
 2DIAGNOSTIC,    22, -3.660822791416e-01, 1.441249703561e-06, 2.5600e+02, 0.0000e+00, 
 2DIAGNOSTIC,    23, -3.660822803141e-01, 1.379357672020e-06, 2.5600e+02, 0.0000e+00, 
 2DIAGNOSTIC,    24, -3.660822804433e-01, 1.322462373596e-06, 2.5600e+02, 0.0000e+00, 
 2DIAGNOSTIC,    25, -3.660822803019e-01, 1.270185110272e-06, 2.5600e+02, 0.0000e+00, 
 2DIAGNOSTIC,    26, -3.660822802202e-01, 1.221892354186e-06, 2.5600e+02, 0.0000e+00, 
 2DIAGNOSTIC,    27, -3.660822802696e-01, 1.176681270983e-06, 2.5600e+02, 0.0000e+00, 
 2DIAGNOSTIC,    28, -3.660822800909e-01, 1.134640095671e-06, 2.5600e+02, 0.0000e+00, 
 2DIAGNOSTIC,    29, -3.660822800703e-01, 1.095403456927e-06, 2.5600e+02, 0.0000e+00, 
 2DIAGNOSTIC,    30, -3.660822796451e-01, 1.058738948602e-06, 2.5600e+02, 0.0000e+00, 
 2DIAGNOSTIC,    31, -3.660822790344e-01, 1.024406536501e-06, 2.5600e+02, 0.0000e+00, 
  Elapsed time (stage 0): 2.5600e+02


Total elapsed time: 2.5600e+02
Info [verificarlo]: loaded backend libinterflop_ieee.so
Info [interflop-ieee]: load backend with:
Info [interflop-ieee]: debug = false
Info [interflop-ieee]: debug-binary = false
Info [interflop-ieee]: no-backend-name = false
Info [interflop-ieee]: print-new-line = false
Info [interflop-ieee]: print-subnormal-normalized = false
Info [interflop-ieee]: count-op = false
All_Command_lines_OK
Using double precision for computations.
=============================================================================
The composite transform comprises the following transforms (in order): 
  1. /home/mdugre/scratch/mri-registration-rp/datasets/ds004513/derivatives/mri-registration-rp/0100/antsRegistration-r8-p22/sub-s014/rigid_Composite.h5[0] (type = Euler3DTransform)
  2. /home/mdugre/scratch/mri-registration-rp/datasets/ds004513/derivatives/mri-registration-rp/0100/antsRegistration-r8-p22/sub-s014/rigid_Composite.h5[1] (type = Euler3DTransform)
  3. /home/mdugre/scratch/mri-registration-rp/datasets/ds004513/derivatives/mri-registration-rp/0100/antsRegistration-r8-p22/sub-s014/rigid_Composite.h5[2] (type = Euler3DTransform)
=============================================================================
  number of levels = 4
  fixed image: /templateflow/tpl-MNI152NLin2009cAsym/tpl-MNI152NLin2009cAsym_res-01_desc-brain_T1w.nii.gz
  moving image: /home/mdugre/scratch/mri-registration-rp/datasets/ds004513/derivatives/mri-registration-rp/antsBrainExtraction/sub-s014/BrainExtractionBrain.nii.gz
Dimension = 3
Number of stages = 1
Use histogram matching = false
Winsorize image intensities = true
  Lower quantile = 0.005
  Upper quantile = 0.995


Stage 1 State
   Image metric = MattesMI
     Fixed image = Image (0x4dc97e0)
  RTTI typeinfo:   itk::Image<double, 3u>
  Reference Count: 2
  Modified Time: 1594
  Debug: Off
  Object Name: 
  Observers: 
    none
  Source: (none)
  Source output name: (none)
  Release Data: Off
  Data Released: False
  Global Release Data: Off
  PipelineMTime: 0
  UpdateMTime: 1203
  RealTimeStamp: 0 seconds 
  LargestPossibleRegion: 
    Dimension: 3
    Index: [0, 0, 0]
    Size: [193, 229, 193]
  BufferedRegion: 
    Dimension: 3
    Index: [0, 0, 0]
    Size: [193, 229, 193]
  RequestedRegion: 
    Dimension: 3
    Index: [0, 0, 0]
    Size: [193, 229, 193]
  Spacing: [1, 1, 1]
  Origin: [96, 132, -78]
  Direction: 
-1 0 0
0 -1 0
0 0 1

  IndexToPointMatrix: 
-1 0 0
0 -1 0
0 0 1

  PointToIndexMatrix: 
-1 0 0
0 -1 0
0 0 1

  Inverse Direction: 
-1 0 0
0 -1 0
0 0 1

  PixelContainer: 
    ImportImageContainer (0x4e89a20)
      RTTI typeinfo:   itk::ImportImageContainer<unsigned long, double>
      Reference Count: 1
      Modified Time: 1200
      Debug: Off
      Object Name: 
      Observers: 
        none
      Pointer: 0x14aba294c010
      Container manages memory: true
      Size: 8530021
      Capacity: 8530021

     Moving image = Image (0x4e94840)
  RTTI typeinfo:   itk::Image<double, 3u>
  Reference Count: 2
  Modified Time: 1595
  Debug: Off
  Object Name: 
  Observers: 
    none
  Source: (none)
  Source output name: (none)
  Release Data: Off
  Data Released: False
  Global Release Data: Off
  PipelineMTime: 0
  UpdateMTime: 1592
  RealTimeStamp: 0 seconds 
  LargestPossibleRegion: 
    Dimension: 3
    Index: [0, 0, 0]
    Size: [160, 240, 256]
  BufferedRegion: 
    Dimension: 3
    Index: [0, 0, 0]
    Size: [160, 240, 256]
  RequestedRegion: 
    Dimension: 3
    Index: [0, 0, 0]
    Size: [160, 240, 256]
  Spacing: [0.999999, 1, 1]
  Origin: [84.1637, 106.709, -120.531]
  Direction: 
-0.999619 -0.0226874 -0.0157033
0.0226846 -0.999743 0.00035635
-0.0157073 -7.8229e-09 0.999877

  IndexToPointMatrix: 
-0.999619 -0.0226874 -0.0157033
0.0226845 -0.999743 0.00035635
-0.0157073 -7.8229e-09 0.999877

  PointToIndexMatrix: 
-0.99962 0.0226846 -0.0157073
-0.0226874 -0.999743 -7.83127e-09
-0.0157033 0.00035635 0.999877

  Inverse Direction: 
-0.999619 0.0226846 -0.0157073
-0.0226874 -0.999743 -7.83127e-09
-0.0157033 0.00035635 0.999877

  PixelContainer: 
    ImportImageContainer (0x4e3cc90)
      RTTI typeinfo:   itk::ImportImageContainer<unsigned long, double>
      Reference Count: 1
      Modified Time: 1589
      Debug: Off
      Object Name: 
      Observers: 
        none
      Pointer: 0x14ab9de4b010
      Container manages memory: true
      Size: 9830400
      Capacity: 9830400

     Weighting = 1
     Sampling strategy = regular
     Number of bins = 32
     Radius = 4
     Sampling percentage  = 0.25
   Transform = Affine
     Gradient step = 0.1
     Update field sigma (voxel space) = 0
     Total field sigma (voxel space) = 0
     Update field time sigma = 0
     Total field time sigma  = 0
     Number of time indices = 0
     Number of time point samples = 0
Registration using 1 total stages.

Stage 0
  iterations = 1000x500x250x100
  convergence threshold = 1e-06
  convergence window size = 10
  number of levels = 4
  using the Mattes MI metric (number of bins = 32, weight = 1, use gradient filter = 0)
  preprocessing:  winsorizing the image intensities
  Shrink factors (level 1 out of 4): [8, 8, 8]
  Shrink factors (level 2 out of 4): [4, 4, 4]
  Shrink factors (level 3 out of 4): [2, 2, 2]
  Shrink factors (level 4 out of 4): [1, 1, 1]
  smoothing sigmas per level: [3, 2, 1, 0]
  regular sampling (percentage = 0.25)

*** Running AffineTransform registration ***

DIAGNOSTIC,Iteration,metricValue,convergenceValue,ITERATION_TIME_INDEX,SINCE_LAST
 2DIAGNOSTIC,     1, -5.242352578066e-01, 1.797693134862e+308, 8.5533e-01, 8.5533e-01, 
 2DIAGNOSTIC,     2, -5.260626044371e-01, 1.797693134862e+308, 8.6172e-01, 6.3870e-03, 
 2DIAGNOSTIC,     3, -5.293037447437e-01, 1.797693134862e+308, 8.6759e-01, 5.8739e-03, 
 2DIAGNOSTIC,     4, -5.354609641314e-01, 1.797693134862e+308, 8.7376e-01, 6.1681e-03, 
 2DIAGNOSTIC,     5, -5.460482468861e-01, 1.797693134862e+308, 8.7977e-01, 6.0050e-03, 
 2DIAGNOSTIC,     6, -5.735339269567e-01, 1.797693134862e+308, 8.8491e-01, 5.1460e-03, 
 2DIAGNOSTIC,     7, -6.621907236681e-01, 1.797693134862e+308, 8.9087e-01, 5.9619e-03, 
 2DIAGNOSTIC,     8, -6.957671619662e-01, 1.797693134862e+308, 8.9882e-01, 7.9520e-03, 
 2DIAGNOSTIC,     9, -6.992966735395e-01, 1.797693134862e+308, 9.0386e-01, 5.0321e-03, 
 2DIAGNOSTIC,    10, -7.217635250619e-01, 2.502519925666e-02, 9.0948e-01, 5.6279e-03, 
 2DIAGNOSTIC,    11, -7.484446038264e-01, 2.480428962908e-02, 9.1510e-01, 5.6190e-03, 
 2DIAGNOSTIC,    12, -7.617112485159e-01, 2.289805636510e-02, 9.2067e-01, 5.5699e-03, 
 2DIAGNOSTIC,    13, -7.777820919896e-01, 1.992544481653e-02, 9.2763e-01, 6.9599e-03, 
 2DIAGNOSTIC,    14, -7.860489497761e-01, 1.615902705917e-02, 9.3708e-01, 9.4502e-03, 
 2DIAGNOSTIC,    15, -7.863259148747e-01, 1.186482189888e-02, 9.4278e-01, 5.6970e-03, 
 2DIAGNOSTIC,    16, -7.878630558361e-01, 7.840407029864e-03, 9.4825e-01, 5.4700e-03, 
 2DIAGNOSTIC,    17, -7.897181460559e-01, 5.880729131211e-03, 9.5411e-01, 5.8570e-03, 
 2DIAGNOSTIC,    18, -7.921481755789e-01, 4.476242425914e-03, 9.5960e-01, 5.4910e-03, 
 2DIAGNOSTIC,    19, -7.969669050351e-01, 3.005115437500e-03, 9.6598e-01, 6.3801e-03, 
 2DIAGNOSTIC,    20, -7.989257428101e-01, 1.918502473545e-03, 9.7533e-01, 9.3520e-03, 
 2DIAGNOSTIC,    21, -7.991271359269e-01, 1.294303476130e-03, 9.8152e-01, 6.1858e-03, 
 2DIAGNOSTIC,    22, -7.992903853827e-01, 8.564293011381e-04, 9.8715e-01, 5.6319e-03, 
 2DIAGNOSTIC,    23, -7.994052001618e-01, 6.611805916079e-04, 9.9250e-01, 5.3539e-03, 
 2DIAGNOSTIC,    24, -7.997110838753e-01, 5.648461869085e-04, 9.9778e-01, 5.2741e-03, 
 2DIAGNOSTIC,    25, -7.999858865613e-01, 4.326844313308e-04, 1.0031e+00, 5.3601e-03, 
 2DIAGNOSTIC,    26, -8.004972747002e-01, 3.033519459829e-04, 1.0084e+00, 5.3129e-03, 
 2DIAGNOSTIC,    27, -8.012843256988e-01, 1.951200274463e-04, 1.0139e+00, 5.4660e-03, 
 2DIAGNOSTIC,    28, -8.029513963484e-01, 1.329881787702e-04, 1.0199e+00, 5.9681e-03, 
 2DIAGNOSTIC,    29, -8.078208444527e-01, 1.928130386628e-04, 1.0283e+00, 8.4209e-03, 
 2DIAGNOSTIC,    30, -8.089972760717e-01, 2.694115025841e-04, 1.0342e+00, 5.9299e-03, 
 2DIAGNOSTIC,    31, -8.102753511914e-01, 3.342884704321e-04, 1.0398e+00, 5.5301e-03, 
 2DIAGNOSTIC,    32, -8.130651720373e-01, 3.994108286411e-04, 1.0454e+00, 5.6200e-03, 
 2DIAGNOSTIC,    33, -8.282083260604e-01, 5.995544828158e-04, 1.0533e+00, 7.8900e-03, 
 2DIAGNOSTIC,    34, -8.295227010508e-01, 7.429728883868e-04, 1.0588e+00, 5.5470e-03, 
 2DIAGNOSTIC,    35, -8.327245189441e-01, 8.467705316035e-04, 1.0684e+00, 9.5620e-03, 
 2DIAGNOSTIC,    36, -8.332333562948e-01, 8.770046108544e-04, 1.0739e+00, 5.5420e-03, 
 2DIAGNOSTIC,    37, -8.344634975614e-01, 8.426723821046e-04, 1.0797e+00, 5.7242e-03, 
 2DIAGNOSTIC,    38, -8.356383581599e-01, 7.552505416646e-04, 1.0851e+00, 5.4250e-03, 
 2DIAGNOSTIC,    39, -8.371461273078e-01, 6.622109537239e-04, 1.0906e+00, 5.5280e-03, 
 2DIAGNOSTIC,    40, -8.381394015100e-01, 5.335254841618e-04, 1.0960e+00, 5.3670e-03, 
 2DIAGNOSTIC,    41, -8.394637001257e-01, 3.859470040714e-04, 1.1020e+00, 6.0258e-03, 
 2DIAGNOSTIC,    42, -8.395974559898e-01, 2.320585689505e-04, 1.1074e+00, 5.3809e-03, 
 2DIAGNOSTIC,    43, -8.401172117868e-01, 2.003647984446e-04, 1.1135e+00, 6.1312e-03, 
 2DIAGNOSTIC,    44, -8.407280384689e-01, 1.667848126127e-04, 1.1210e+00, 7.4661e-03, 
 2DIAGNOSTIC,    45, -8.409702288995e-01, 1.473618701864e-04, 1.1287e+00, 7.7140e-03, 
 2DIAGNOSTIC,    46, -8.409736274805e-01, 1.188938002351e-04, 1.1350e+00, 6.3431e-03, 
 2DIAGNOSTIC,    47, -8.412206211464e-01, 9.215248163688e-05, 1.1413e+00, 6.2461e-03, 
 2DIAGNOSTIC,    48, -8.413812655758e-01, 6.799936768452e-05, 1.1468e+00, 5.4989e-03, 
 2DIAGNOSTIC,    49, -8.413758425107e-01, 4.962207928864e-05, 1.1522e+00, 5.3849e-03, 
 2DIAGNOSTIC,    50, -8.415580145170e-01, 3.582308504503e-05, 1.1577e+00, 5.5561e-03, 
 2DIAGNOSTIC,    51, -8.420350196583e-01, 3.230045331253e-05, 1.1638e+00, 6.0830e-03, 
 2DIAGNOSTIC,    52, -8.422703392643e-01, 2.836267444252e-05, 1.1701e+00, 6.3052e-03, 
 2DIAGNOSTIC,    53, -8.423092967356e-01, 2.568571572327e-05, 1.1765e+00, 6.3660e-03, 
 2DIAGNOSTIC,    54, -8.421523177063e-01, 2.383016810629e-05, 1.1823e+00, 5.8019e-03, 
 2DIAGNOSTIC,    55, -8.429259882672e-01, 2.663655528623e-05, 1.1897e+00, 7.3941e-03, 
 2DIAGNOSTIC,    56, -8.429355770398e-01, 2.667495344608e-05, 1.1959e+00, 6.2342e-03, 
 2DIAGNOSTIC,    57, -8.428212149548e-01, 2.505195676032e-05, 1.2015e+00, 5.5640e-03, 
 2DIAGNOSTIC,    58, -8.425831229631e-01, 2.081460052239e-05, 1.2078e+00, 6.3550e-03, 
 2DIAGNOSTIC,    59, -8.426359342102e-01, 1.514063596508e-05, 1.2151e+00, 7.2711e-03, 
 2DIAGNOSTIC,    60, -8.424273473553e-01, 7.936804386599e-06, 1.2204e+00, 5.3301e-03, 
 2DIAGNOSTIC,    61, -8.423183833534e-01, 2.414002783231e-06, 1.2263e+00, 5.8391e-03, 
DIAGNOSTIC,Iteration,metricValue,convergenceValue,ITERATION_TIME_INDEX,SINCE_LAST
 2DIAGNOSTIC,     1, -6.909195528793e-01, 1.797693134862e+308, 1.9873e+00, 7.6099e-01, 
 2DIAGNOSTIC,     2, -6.913961507948e-01, 1.797693134862e+308, 2.0322e+00, 4.4904e-02, 
 2DIAGNOSTIC,     3, -6.917528627882e-01, 1.797693134862e+308, 2.0750e+00, 4.2850e-02, 
 2DIAGNOSTIC,     4, -6.921058695921e-01, 1.797693134862e+308, 2.1179e+00, 4.2913e-02, 
 2DIAGNOSTIC,     5, -6.926036522163e-01, 1.797693134862e+308, 2.1602e+00, 4.2247e-02, 
 2DIAGNOSTIC,     6, -6.935076529764e-01, 1.797693134862e+308, 2.2176e+00, 5.7448e-02, 
 2DIAGNOSTIC,     7, -6.935161469526e-01, 1.797693134862e+308, 2.2687e+00, 5.1054e-02, 
 2DIAGNOSTIC,     8, -6.935344162292e-01, 1.797693134862e+308, 2.3179e+00, 4.9229e-02, 
 2DIAGNOSTIC,     9, -6.935945104044e-01, 1.797693134862e+308, 2.3652e+00, 4.7282e-02, 
 2DIAGNOSTIC,    10, -6.935988807474e-01, 2.763917496812e-04, 2.4075e+00, 4.2276e-02, 
 2DIAGNOSTIC,    11, -6.936044286528e-01, 2.006462922984e-04, 2.4568e+00, 4.9390e-02, 
 2DIAGNOSTIC,    12, -6.936148411801e-01, 1.364385424656e-04, 2.5035e+00, 4.6620e-02, 
