
##########################
# Experiment information #
##########################

EXPERIMENT_NAME: antsRegistration-r8-p7
VFC_BACKENDS: libinterflop_vprec.so --range-binary32=8 --precision-binary32=7 --range-binary64=8 --precision-binary64=7

SIF_IMG: /home/mdugre/projects/rrg-glatard/mdugre/containers/ants-vprec-no_metrics.simg

SUBJECT_ID: s032
INPUT_IMG: /home/mdugre/scratch/mri-registration-rp/datasets/ds004513/derivatives/mri-registration-rp/antsBrainExtraction/sub-s032/BrainExtractionBrain.nii.gz
OUTPUT_DIR: /home/mdugre/scratch/mri-registration-rp/datasets/ds004513/derivatives/mri-registration-rp/0100/antsRegistration-r8-p7/sub-s032

FIXED_IMG: /templateflow/tpl-MNI152NLin2009cAsym/tpl-MNI152NLin2009cAsym_res-01_desc-brain_T1w.nii.gz
DATA_DIR: /home/mdugre/scratch/mri-registration-rp/datasets/ds004513
TEMPLATEFLOW_DIR: /home/mdugre/projects/rrg-glatard/mdugre/templateflow
ITK_GLOBAL_DEFAULT_NUMBER_OF_THREADS: 16
##########################

Info [verificarlo]: loaded backend libinterflop_ieee.so
Info [interflop-ieee]: load backend with:
Info [interflop-ieee]: debug = false
Info [interflop-ieee]: debug-binary = false
Info [interflop-ieee]: no-backend-name = false
Info [interflop-ieee]: print-new-line = false
Info [interflop-ieee]: print-subnormal-normalized = false
Info [interflop-ieee]: count-op = false
All_Command_lines_OK
Using double precision for computations.
=============================================================================
The composite transform comprises the following transforms (in order): 
  1. Center of mass alignment using fixed image: /templateflow/tpl-MNI152NLin2009cAsym/tpl-MNI152NLin2009cAsym_res-01_desc-brain_T1w.nii.gz and moving image: /home/mdugre/scratch/mri-registration-rp/datasets/ds004513/derivatives/mri-registration-rp/antsBrainExtraction/sub-s032/BrainExtractionBrain.nii.gz (type = Euler3DTransform)
=============================================================================
  number of levels = 1
  fixed image: /templateflow/tpl-MNI152NLin2009cAsym/tpl-MNI152NLin2009cAsym_res-01_desc-brain_T1w.nii.gz
  moving image: /home/mdugre/scratch/mri-registration-rp/datasets/ds004513/derivatives/mri-registration-rp/antsBrainExtraction/sub-s032/BrainExtractionBrain.nii.gz
Dimension = 3
Number of stages = 1
Use histogram matching = false
Winsorize image intensities = true
  Lower quantile = 0.005
  Upper quantile = 0.995


Stage 1 State
   Image metric = MattesMI
     Fixed image = Image (0x3e01bd0)
  RTTI typeinfo:   itk::Image<double, 3u>
  Reference Count: 2
  Modified Time: 2330
  Debug: Off
  Object Name: 
  Observers: 
    none
  Source: (none)
  Source output name: (none)
  Release Data: Off
  Data Released: False
  Global Release Data: Off
  PipelineMTime: 0
  UpdateMTime: 1941
  RealTimeStamp: 0 seconds 
  LargestPossibleRegion: 
    Dimension: 3
    Index: [0, 0, 0]
    Size: [193, 229, 193]
  BufferedRegion: 
    Dimension: 3
    Index: [0, 0, 0]
    Size: [193, 229, 193]
  RequestedRegion: 
    Dimension: 3
    Index: [0, 0, 0]
    Size: [193, 229, 193]
  Spacing: [1, 1, 1]
  Origin: [96, 132, -78]
  Direction: 
-1 0 0
0 -1 0
0 0 1

  IndexToPointMatrix: 
-1 0 0
0 -1 0
0 0 1

  PointToIndexMatrix: 
-1 0 0
0 -1 0
0 0 1

  Inverse Direction: 
-1 0 0
0 -1 0
0 0 1

  PixelContainer: 
    ImportImageContainer (0x3e0a9e0)
      RTTI typeinfo:   itk::ImportImageContainer<unsigned long, double>
      Reference Count: 1
      Modified Time: 1938
      Debug: Off
      Object Name: 
      Observers: 
        none
      Pointer: 0x15139de85010
      Container manages memory: true
      Size: 8530021
      Capacity: 8530021

     Moving image = Image (0x3e0bd40)
  RTTI typeinfo:   itk::Image<double, 3u>
  Reference Count: 2
  Modified Time: 2331
  Debug: Off
  Object Name: 
  Observers: 
    none
  Source: (none)
  Source output name: (none)
  Release Data: Off
  Data Released: False
  Global Release Data: Off
  PipelineMTime: 0
  UpdateMTime: 2328
  RealTimeStamp: 0 seconds 
  LargestPossibleRegion: 
    Dimension: 3
    Index: [0, 0, 0]
    Size: [160, 240, 256]
  BufferedRegion: 
    Dimension: 3
    Index: [0, 0, 0]
    Size: [160, 240, 256]
  RequestedRegion: 
    Dimension: 3
    Index: [0, 0, 0]
    Size: [160, 240, 256]
  Spacing: [1, 1, 1]
  Origin: [73.279, 104.707, -131.187]
  Direction: 
-0.997527 0.0645574 -0.0278053
-0.0645323 -0.997914 -0.00179875
-0.0278634 4.01097e-08 0.999612

  IndexToPointMatrix: 
-0.997527 0.0645574 -0.0278053
-0.0645323 -0.997914 -0.00179875
-0.0278634 4.01097e-08 0.999612

  PointToIndexMatrix: 
-0.997527 -0.0645323 -0.0278634
0.0645574 -0.997914 4.01049e-08
-0.0278053 -0.00179875 0.999612

  Inverse Direction: 
-0.997527 -0.0645323 -0.0278634
0.0645574 -0.997914 4.01049e-08
-0.0278053 -0.00179875 0.999612

  PixelContainer: 
    ImportImageContainer (0x3e31850)
      RTTI typeinfo:   itk::ImportImageContainer<unsigned long, double>
      Reference Count: 1
      Modified Time: 2325
      Debug: Off
      Object Name: 
      Observers: 
        none
      Pointer: 0x151399384010
      Container manages memory: true
      Size: 9830400
      Capacity: 9830400

     Weighting = 1
     Sampling strategy = regular
     Number of bins = 32
     Radius = 4
     Sampling percentage  = 0.25
   Transform = Rigid
     Gradient step = 0.1
     Update field sigma (voxel space) = 0
     Total field sigma (voxel space) = 0
     Update field time sigma = 0
     Total field time sigma  = 0
     Number of time indices = 0
     Number of time point samples = 0
Registration using 1 total stages.

Stage 0
  iterations = 0
  convergence threshold = 1e-06
  convergence window size = 10
  number of levels = 1
  using the Mattes MI metric (number of bins = 32, weight = 1, use gradient filter = 0)
  preprocessing:  winsorizing the image intensities
  Shrink factors (level 1 out of 1): [1, 1, 1]
  smoothing sigmas per level: [0]
  regular sampling (percentage = 0.25)

*** Running Euler3DTransform registration ***

  Elapsed time (stage 0): 1.15297


Total elapsed time: 1.15555
Info [verificarlo]: loaded backend libinterflop_vprec.so
Info [interflop-vprec]: load backend with: 
Info [interflop-vprec]: precision-binary32 = 7
Info [interflop-vprec]: range-binary32 = 8
Info [interflop-vprec]: precision-binary64 = 7
Info [interflop-vprec]: range-binary64 = 8
Info [interflop-vprec]: mode = ob
Info [interflop-vprec]: error-mode = rel
Info [interflop-vprec]: max-abs-error-exponent = -1022
Info [interflop-vprec]: daz = false
Info [interflop-vprec]: ftz = false
Info [interflop-vprec]: 	instrument = none
Info [interflop-vprec]: 	prec-input-file = (null)
Info [interflop-vprec]: 	prec-output-file = (null)
Info [interflop-vprec]: 	prec-log-file = (null)
All_Command_lines_OK
Using double precision for computations.
=============================================================================
The composite transform comprises the following transforms (in order): 
  1. /home/mdugre/scratch/mri-registration-rp/datasets/ds004513/derivatives/mri-registration-rp/0100/antsRegistration-r8-p7/sub-s032/align_Composite.h5[0] (type = Euler3DTransform)
  2. /home/mdugre/scratch/mri-registration-rp/datasets/ds004513/derivatives/mri-registration-rp/0100/antsRegistration-r8-p7/sub-s032/align_Composite.h5[1] (type = Euler3DTransform)
=============================================================================
  number of levels = 4
  fixed image: /templateflow/tpl-MNI152NLin2009cAsym/tpl-MNI152NLin2009cAsym_res-01_desc-brain_T1w.nii.gz
  moving image: /home/mdugre/scratch/mri-registration-rp/datasets/ds004513/derivatives/mri-registration-rp/antsBrainExtraction/sub-s032/BrainExtractionBrain.nii.gz
Dimension = 3
Number of stages = 1
Use histogram matching = false
Winsorize image intensities = true
  Lower quantile = 0.005
  Upper quantile = 0.995


Stage 1 State
   Image metric = MattesMI
     Fixed image = Image (0x4f611e0)
  RTTI typeinfo:   itk::Image<double, 3u>
  Reference Count: 2
  Modified Time: 1578
  Debug: Off
  Object Name: 
  Observers: 
    none
  Source: (none)
  Source output name: (none)
  Release Data: Off
  Data Released: False
  Global Release Data: Off
  PipelineMTime: 0
  UpdateMTime: 1189
  RealTimeStamp: 0 seconds 
  LargestPossibleRegion: 
    Dimension: 3
    Index: [0, 0, 0]
    Size: [193, 229, 193]
  BufferedRegion: 
    Dimension: 3
    Index: [0, 0, 0]
    Size: [193, 229, 193]
  RequestedRegion: 
    Dimension: 3
    Index: [0, 0, 0]
    Size: [193, 229, 193]
  Spacing: [1, 1, 1]
  Origin: [96, 132, -78]
  Direction: 
-1 0 0
0 -1 0
0 0 1

  IndexToPointMatrix: 
-1 0 0
0 -1 0
0 0 1

  PointToIndexMatrix: 
-1 0 0
0 -1 0
0 0 1

  Inverse Direction: 
-1 0 0
0 -1 0
0 0 1

  PixelContainer: 
    ImportImageContainer (0x5020680)
      RTTI typeinfo:   itk::ImportImageContainer<unsigned long, double>
      Reference Count: 1
      Modified Time: 1186
      Debug: Off
      Object Name: 
      Observers: 
        none
      Pointer: 0x154e6d20f010
      Container manages memory: true
      Size: 8530021
      Capacity: 8530021

     Moving image = Image (0x501cb20)
  RTTI typeinfo:   itk::Image<double, 3u>
  Reference Count: 2
  Modified Time: 1579
  Debug: Off
  Object Name: 
  Observers: 
    none
  Source: (none)
  Source output name: (none)
  Release Data: Off
  Data Released: False
  Global Release Data: Off
  PipelineMTime: 0
  UpdateMTime: 1576
  RealTimeStamp: 0 seconds 
  LargestPossibleRegion: 
    Dimension: 3
    Index: [0, 0, 0]
    Size: [160, 240, 256]
  BufferedRegion: 
    Dimension: 3
    Index: [0, 0, 0]
    Size: [160, 240, 256]
  RequestedRegion: 
    Dimension: 3
    Index: [0, 0, 0]
    Size: [160, 240, 256]
  Spacing: [1, 1, 1]
  Origin: [73.5, 104.5, -131]
  Direction: 
-0.996094 0.0639648 -0.027832
-0.0639648 -0.996094 -0.00180054
-0.02771 0 1

  IndexToPointMatrix: 
-0.996094 0.0639648 -0.027832
-0.0639648 -0.996094 -0.00180054
-0.02771 0 1

  PointToIndexMatrix: 
-1 -0.0639648 -0.02771
0.0639648 -0.992188 0
-0.0275879 -0.00195312 0.996094

  Inverse Direction: 
-1 -0.0639648 -0.02771
0.0639648 -0.992188 0
-0.0275879 -0.00195312 0.996094

  PixelContainer: 
    ImportImageContainer (0x5085d50)
      RTTI typeinfo:   itk::ImportImageContainer<unsigned long, double>
      Reference Count: 1
      Modified Time: 1573
      Debug: Off
      Object Name: 
      Observers: 
        none
      Pointer: 0x154e6870e010
      Container manages memory: true
      Size: 9830400
      Capacity: 9830400

     Weighting = 1
     Sampling strategy = regular
     Number of bins = 32
     Radius = 4
     Sampling percentage  = 0.25
   Transform = Rigid
     Gradient step = 0.1
     Update field sigma (voxel space) = 0
     Total field sigma (voxel space) = 0
     Update field time sigma = 0
     Total field time sigma  = 0
     Number of time indices = 0
     Number of time point samples = 0
Registration using 1 total stages.

Stage 0
  iterations = 1000x500x250x100
  convergence threshold = 1e-06
  convergence window size = 10
  number of levels = 4
  using the Mattes MI metric (number of bins = 32, weight = 1, use gradient filter = 0)
  preprocessing:  winsorizing the image intensities
  Shrink factors (level 1 out of 4): [8, 8, 8]
  Shrink factors (level 2 out of 4): [4, 4, 4]
  Shrink factors (level 3 out of 4): [2, 2, 2]
  Shrink factors (level 4 out of 4): [1, 1, 1]
  smoothing sigmas per level: [3, 2, 1, 0]
  regular sampling (percentage = 0.25)

*** Running Euler3DTransform registration ***

DIAGNOSTIC,Iteration,metricValue,convergenceValue,ITERATION_TIME_INDEX,SINCE_LAST
 2DIAGNOSTIC,     1, -5.478470593986e-01, 1.797693134862e+308, 0.0000e+00, 0.0000e+00, 
 2DIAGNOSTIC,     2, -5.480525711647e-01, 1.797693134862e+308, 0.0000e+00, 0.0000e+00, 
 2DIAGNOSTIC,     3, -5.480366266939e-01, 1.797693134862e+308, 0.0000e+00, 0.0000e+00, 
 2DIAGNOSTIC,     4, -5.482803045828e-01, 1.797693134862e+308, 0.0000e+00, 0.0000e+00, 
 2DIAGNOSTIC,     5, -5.482760530236e-01, 1.797693134862e+308, 0.0000e+00, 0.0000e+00, 
 2DIAGNOSTIC,     6, -5.482544876397e-01, 1.797693134862e+308, 0.0000e+00, 0.0000e+00, 
 2DIAGNOSTIC,     7, -5.482544876397e-01, 1.797693134862e+308, 0.0000e+00, 0.0000e+00, 
 2DIAGNOSTIC,     8, -5.482544876397e-01, 1.797693134862e+308, 0.0000e+00, 0.0000e+00, 
 2DIAGNOSTIC,     9, -5.482544876397e-01, 1.797693134862e+308, 0.0000e+00, 0.0000e+00, 
 2DIAGNOSTIC,    10, -5.482544876397e-01, 3.735287031753e-05, 0.0000e+00, 0.0000e+00, 
 2DIAGNOSTIC,    11, -5.482544876397e-01, 1.715232901126e-05, 0.0000e+00, 0.0000e+00, 
 2DIAGNOSTIC,    12, -5.482544876397e-01, 7.772477450652e-06, 0.0000e+00, 0.0000e+00, 
DIAGNOSTIC,Iteration,metricValue,convergenceValue,ITERATION_TIME_INDEX,SINCE_LAST
 2DIAGNOSTIC,     1, -4.384315447991e-01, 1.797693134862e+308, 0.0000e+00, 0.0000e+00, 
 2DIAGNOSTIC,     2, -4.391648962507e-01, 1.797693134862e+308, 0.0000e+00, 0.0000e+00, 
 2DIAGNOSTIC,     3, -4.391615135786e-01, 1.797693134862e+308, 0.0000e+00, 0.0000e+00, 
 2DIAGNOSTIC,     4, -4.391149490833e-01, 1.797693134862e+308, 0.0000e+00, 0.0000e+00, 
 2DIAGNOSTIC,     5, -4.390254821549e-01, 1.797693134862e+308, 0.0000e+00, 0.0000e+00, 
 2DIAGNOSTIC,     6, -4.389576008581e-01, 1.797693134862e+308, 0.0000e+00, 0.0000e+00, 
 2DIAGNOSTIC,     7, -4.402566659037e-01, 1.797693134862e+308, 0.0000e+00, 0.0000e+00, 
 2DIAGNOSTIC,     8, -4.402202478620e-01, 1.797693134862e+308, 0.0000e+00, 0.0000e+00, 
 2DIAGNOSTIC,     9, -4.402088157080e-01, 1.797693134862e+308, 0.0000e+00, 0.0000e+00, 
 2DIAGNOSTIC,    10, -4.401704059591e-01, 2.530493803615e-04, 0.0000e+00, 0.0000e+00, 
 2DIAGNOSTIC,    11, -4.400888880087e-01, 1.963424978995e-04, 0.0000e+00, 0.0000e+00, 
 2DIAGNOSTIC,    12, -4.401439460084e-01, 1.731089748408e-04, 0.0000e+00, 0.0000e+00, 
 2DIAGNOSTIC,    13, -4.401046712875e-01, 1.350901505913e-04, 0.0000e+00, 0.0000e+00, 
 2DIAGNOSTIC,    14, -4.401219356399e-01, 9.008885328822e-05, 0.0000e+00, 0.0000e+00, 
 2DIAGNOSTIC,    15, -4.401107901122e-01, 3.918851184762e-05, 0.0000e+00, 0.0000e+00, 
DIAGNOSTIC,Iteration,metricValue,convergenceValue,ITERATION_TIME_INDEX,SINCE_LAST
 2DIAGNOSTIC,     1, -3.918688107175e-01, 1.797693134862e+308, 0.0000e+00, 0.0000e+00, 
 2DIAGNOSTIC,     2, -3.919470070568e-01, 1.797693134862e+308, 0.0000e+00, 0.0000e+00, 
 2DIAGNOSTIC,     3, -3.921363127864e-01, 1.797693134862e+308, 0.0000e+00, 0.0000e+00, 
 2DIAGNOSTIC,     4, -3.921446056464e-01, 1.797693134862e+308, 0.0000e+00, 0.0000e+00, 
 2DIAGNOSTIC,     5, -3.924538113149e-01, 1.797693134862e+308, 0.0000e+00, 0.0000e+00, 
 2DIAGNOSTIC,     6, -3.925552999469e-01, 1.797693134862e+308, 0.0000e+00, 0.0000e+00, 
 2DIAGNOSTIC,     7, -3.925040971451e-01, 1.797693134862e+308, 0.0000e+00, 0.0000e+00, 
 2DIAGNOSTIC,     8, -3.926178121792e-01, 1.797693134862e+308, 0.0000e+00, 0.0000e+00, 
 2DIAGNOSTIC,     9, -3.932846148484e-01, 1.797693134862e+308, 0.0000e+00, 0.0000e+00, 
 2DIAGNOSTIC,    10, -3.933365494041e-01, 2.285834775980e-04, 0.0000e+00, 0.0000e+00, 
 2DIAGNOSTIC,    11, -3.932789225684e-01, 2.136575077278e-04, 0.0000e+00, 0.0000e+00, 
 2DIAGNOSTIC,    12, -3.932938789853e-01, 1.885113184849e-04, 0.0000e+00, 0.0000e+00, 
 2DIAGNOSTIC,    13, -3.932515963237e-01, 1.583377826073e-04, 0.0000e+00, 0.0000e+00, 
 2DIAGNOSTIC,    14, -3.933169387723e-01, 1.210182232608e-04, 0.0000e+00, 0.0000e+00, 
 2DIAGNOSTIC,    15, -3.932949514923e-01, 9.108844335291e-05, 0.0000e+00, 0.0000e+00, 
 2DIAGNOSTIC,    16, -3.932664761775e-01, 6.053833252091e-05, 0.0000e+00, 0.0000e+00, 
 2DIAGNOSTIC,    17, -3.932366698216e-01, 2.485215939518e-05, 0.0000e+00, 0.0000e+00, 
DIAGNOSTIC,Iteration,metricValue,convergenceValue,ITERATION_TIME_INDEX,SINCE_LAST
 2DIAGNOSTIC,     1, -3.631055486789e-01, 1.797693134862e+308, 0.0000e+00, 0.0000e+00, 
 2DIAGNOSTIC,     2, -3.632460528142e-01, 1.797693134862e+308, 0.0000e+00, 0.0000e+00, 
 2DIAGNOSTIC,     3, -3.638405990081e-01, 1.797693134862e+308, 0.0000e+00, 0.0000e+00, 
 2DIAGNOSTIC,     4, -3.647197428854e-01, 1.797693134862e+308, 0.0000e+00, 0.0000e+00, 
 2DIAGNOSTIC,     5, -3.657613870378e-01, 1.797693134862e+308, 0.0000e+00, 0.0000e+00, 
 2DIAGNOSTIC,     6, -3.661713193157e-01, 1.797693134862e+308, 0.0000e+00, 0.0000e+00, 
 2DIAGNOSTIC,     7, -3.702740720180e-01, 1.797693134862e+308, 0.0000e+00, 0.0000e+00, 
 2DIAGNOSTIC,     8, -3.726960456901e-01, 1.797693134862e+308, 0.0000e+00, 0.0000e+00, 
 2DIAGNOSTIC,     9, -3.768056447542e-01, 1.797693134862e+308, 0.0000e+00, 0.0000e+00, 
 2DIAGNOSTIC,    10, -3.906506660954e-01, 3.707084364627e-03, 0.0000e+00, 0.0000e+00, 
 2DIAGNOSTIC,    11, -4.131664126207e-01, 5.922893471605e-03, 0.0000e+00, 0.0000e+00, 
 2DIAGNOSTIC,    12, -4.508478423828e-01, 9.473187674542e-03, 0.0000e+00, 0.0000e+00, 
 2DIAGNOSTIC,    13, -4.496924147470e-01, 1.147618923176e-02, 0.0000e+00, 0.0000e+00, 
 2DIAGNOSTIC,    14, -4.538875820603e-01, 1.240941528941e-02, 0.0000e+00, 0.0000e+00, 
 2DIAGNOSTIC,    15, -4.548585446992e-01, 1.218667589184e-02, 0.0000e+00, 0.0000e+00, 
 2DIAGNOSTIC,    16, -4.555637379000e-01, 1.090834639042e-02, 0.0000e+00, 0.0000e+00, 
 2DIAGNOSTIC,    17, -4.553461334388e-01, 8.953750307091e-03, 0.0000e+00, 0.0000e+00, 
 2DIAGNOSTIC,    18, -4.547947145696e-01, 6.502804096196e-03, 0.0000e+00, 0.0000e+00, 
 2DIAGNOSTIC,    19, -4.558914711250e-01, 3.950055881484e-03, 0.0000e+00, 0.0000e+00, 
 2DIAGNOSTIC,    20, -4.556458488297e-01, 1.775320811992e-03, 0.0000e+00, 0.0000e+00, 
 2DIAGNOSTIC,    21, -4.557343644707e-01, 3.751880495033e-04, 0.0000e+00, 0.0000e+00, 
 2DIAGNOSTIC,    22, -4.557418103003e-01, 2.580678857274e-04, 0.0000e+00, 0.0000e+00, 
 2DIAGNOSTIC,    23, -4.556865390116e-01, 8.933895153854e-05, 0.0000e+00, 0.0000e+00, 
 2DIAGNOSTIC,    24, -4.556572564512e-01, 4.484667520677e-05, 0.0000e+00, 0.0000e+00, 
 2DIAGNOSTIC,    25, -4.556530425270e-01, 2.524388591361e-05, 0.0000e+00, 0.0000e+00, 
 2DIAGNOSTIC,    26, -4.556530425270e-01, 2.373440565301e-05, 0.0000e+00, 0.0000e+00, 
 2DIAGNOSTIC,    27, -4.556530425270e-01, 1.519666750821e-05, 0.0000e+00, 0.0000e+00, 
  Elapsed time (stage 0): 0.0000e+00


Total elapsed time: 0.0000e+00
Info [verificarlo]: loaded backend libinterflop_ieee.so
Info [interflop-ieee]: load backend with:
Info [interflop-ieee]: debug = false
Info [interflop-ieee]: debug-binary = false
Info [interflop-ieee]: no-backend-name = false
Info [interflop-ieee]: print-new-line = false
Info [interflop-ieee]: print-subnormal-normalized = false
Info [interflop-ieee]: count-op = false
All_Command_lines_OK
Using double precision for computations.
=============================================================================
The composite transform comprises the following transforms (in order): 
  1. /home/mdugre/scratch/mri-registration-rp/datasets/ds004513/derivatives/mri-registration-rp/0100/antsRegistration-r8-p7/sub-s032/rigid_Composite.h5[0] (type = Euler3DTransform)
  2. /home/mdugre/scratch/mri-registration-rp/datasets/ds004513/derivatives/mri-registration-rp/0100/antsRegistration-r8-p7/sub-s032/rigid_Composite.h5[1] (type = Euler3DTransform)
  3. /home/mdugre/scratch/mri-registration-rp/datasets/ds004513/derivatives/mri-registration-rp/0100/antsRegistration-r8-p7/sub-s032/rigid_Composite.h5[2] (type = Euler3DTransform)
=============================================================================
  number of levels = 4
  fixed image: /templateflow/tpl-MNI152NLin2009cAsym/tpl-MNI152NLin2009cAsym_res-01_desc-brain_T1w.nii.gz
  moving image: /home/mdugre/scratch/mri-registration-rp/datasets/ds004513/derivatives/mri-registration-rp/antsBrainExtraction/sub-s032/BrainExtractionBrain.nii.gz
Dimension = 3
Number of stages = 1
Use histogram matching = false
Winsorize image intensities = true
  Lower quantile = 0.005
  Upper quantile = 0.995


Stage 1 State
   Image metric = MattesMI
     Fixed image = Image (0x364c530)
  RTTI typeinfo:   itk::Image<double, 3u>
  Reference Count: 2
  Modified Time: 1592
  Debug: Off
  Object Name: 
  Observers: 
    none
  Source: (none)
  Source output name: (none)
  Release Data: Off
  Data Released: False
  Global Release Data: Off
  PipelineMTime: 0
  UpdateMTime: 1203
  RealTimeStamp: 0 seconds 
  LargestPossibleRegion: 
    Dimension: 3
    Index: [0, 0, 0]
    Size: [193, 229, 193]
  BufferedRegion: 
    Dimension: 3
    Index: [0, 0, 0]
    Size: [193, 229, 193]
  RequestedRegion: 
    Dimension: 3
    Index: [0, 0, 0]
    Size: [193, 229, 193]
  Spacing: [1, 1, 1]
  Origin: [96, 132, -78]
  Direction: 
-1 0 0
0 -1 0
0 0 1

  IndexToPointMatrix: 
-1 0 0
0 -1 0
0 0 1

  PointToIndexMatrix: 
-1 0 0
0 -1 0
0 0 1

  Inverse Direction: 
-1 0 0
0 -1 0
0 0 1

  PixelContainer: 
    ImportImageContainer (0x36592b0)
      RTTI typeinfo:   itk::ImportImageContainer<unsigned long, double>
      Reference Count: 1
      Modified Time: 1200
      Debug: Off
      Object Name: 
      Observers: 
        none
      Pointer: 0x151f13549010
      Container manages memory: true
      Size: 8530021
      Capacity: 8530021

     Moving image = Image (0x3707fd0)
  RTTI typeinfo:   itk::Image<double, 3u>
  Reference Count: 2
  Modified Time: 1593
  Debug: Off
  Object Name: 
  Observers: 
    none
  Source: (none)
  Source output name: (none)
  Release Data: Off
  Data Released: False
  Global Release Data: Off
  PipelineMTime: 0
  UpdateMTime: 1590
  RealTimeStamp: 0 seconds 
  LargestPossibleRegion: 
    Dimension: 3
    Index: [0, 0, 0]
    Size: [160, 240, 256]
  BufferedRegion: 
    Dimension: 3
    Index: [0, 0, 0]
    Size: [160, 240, 256]
  RequestedRegion: 
    Dimension: 3
    Index: [0, 0, 0]
    Size: [160, 240, 256]
  Spacing: [1, 1, 1]
  Origin: [73.279, 104.707, -131.187]
  Direction: 
-0.997527 0.0645574 -0.0278053
-0.0645323 -0.997914 -0.00179875
-0.0278634 4.01097e-08 0.999612

  IndexToPointMatrix: 
-0.997527 0.0645574 -0.0278053
-0.0645323 -0.997914 -0.00179875
-0.0278634 4.01097e-08 0.999612

  PointToIndexMatrix: 
-0.997527 -0.0645323 -0.0278634
0.0645574 -0.997914 4.01049e-08
-0.0278053 -0.00179875 0.999612

  Inverse Direction: 
-0.997527 -0.0645323 -0.0278634
0.0645574 -0.997914 4.01049e-08
-0.0278053 -0.00179875 0.999612

  PixelContainer: 
    ImportImageContainer (0x371f990)
      RTTI typeinfo:   itk::ImportImageContainer<unsigned long, double>
      Reference Count: 1
      Modified Time: 1587
      Debug: Off
      Object Name: 
      Observers: 
        none
      Pointer: 0x151f0ea48010
      Container manages memory: true
      Size: 9830400
      Capacity: 9830400

     Weighting = 1
     Sampling strategy = regular
     Number of bins = 32
     Radius = 4
     Sampling percentage  = 0.25
   Transform = Affine
     Gradient step = 0.1
     Update field sigma (voxel space) = 0
     Total field sigma (voxel space) = 0
     Update field time sigma = 0
     Total field time sigma  = 0
     Number of time indices = 0
     Number of time point samples = 0
Registration using 1 total stages.

Stage 0
  iterations = 1000x500x250x100
  convergence threshold = 1e-06
  convergence window size = 10
  number of levels = 4
  using the Mattes MI metric (number of bins = 32, weight = 1, use gradient filter = 0)
  preprocessing:  winsorizing the image intensities
  Shrink factors (level 1 out of 4): [8, 8, 8]
  Shrink factors (level 2 out of 4): [4, 4, 4]
  Shrink factors (level 3 out of 4): [2, 2, 2]
  Shrink factors (level 4 out of 4): [1, 1, 1]
  smoothing sigmas per level: [3, 2, 1, 0]
  regular sampling (percentage = 0.25)

*** Running AffineTransform registration ***

DIAGNOSTIC,Iteration,metricValue,convergenceValue,ITERATION_TIME_INDEX,SINCE_LAST
 2DIAGNOSTIC,     1, -6.821285386952e-01, 1.797693134862e+308, 7.9157e-01, 7.9157e-01, 
 2DIAGNOSTIC,     2, -6.839971303819e-01, 1.797693134862e+308, 7.9661e-01, 5.0430e-03, 
 2DIAGNOSTIC,     3, -6.869325239036e-01, 1.797693134862e+308, 8.0212e-01, 5.5108e-03, 
 2DIAGNOSTIC,     4, -6.915690547396e-01, 1.797693134862e+308, 8.0750e-01, 5.3780e-03, 
 2DIAGNOSTIC,     5, -6.974123535075e-01, 1.797693134862e+308, 8.1343e-01, 5.9299e-03, 
 2DIAGNOSTIC,     6, -7.057038081747e-01, 1.797693134862e+308, 8.1906e-01, 5.6269e-03, 
 2DIAGNOSTIC,     7, -7.179432571515e-01, 1.797693134862e+308, 8.2539e-01, 6.3310e-03, 
 2DIAGNOSTIC,     8, -7.211150268898e-01, 1.797693134862e+308, 8.3071e-01, 5.3191e-03, 
 2DIAGNOSTIC,     9, -7.257612129288e-01, 1.797693134862e+308, 8.3568e-01, 4.9760e-03, 
 2DIAGNOSTIC,    10, -7.310209197269e-01, 4.968669667183e-03, 8.4287e-01, 7.1840e-03, 
 2DIAGNOSTIC,    11, -7.327582374204e-01, 4.548447590771e-03, 8.4808e-01, 5.2118e-03, 
 2DIAGNOSTIC,    12, -7.342292049580e-01, 3.902029380399e-03, 8.5362e-01, 5.5449e-03, 
 2DIAGNOSTIC,    13, -7.357873878024e-01, 3.145407008933e-03, 8.5896e-01, 5.3339e-03, 
 2DIAGNOSTIC,    14, -7.368018413476e-01, 2.376882509547e-03, 8.6723e-01, 8.2688e-03, 
 2DIAGNOSTIC,    15, -7.373438605493e-01, 1.663259969491e-03, 8.7225e-01, 5.0199e-03, 
 2DIAGNOSTIC,    16, -7.375283689157e-01, 1.093004285393e-03, 8.7874e-01, 6.4969e-03, 
 2DIAGNOSTIC,    17, -7.376803703209e-01, 7.809603234783e-04, 8.8465e-01, 5.9021e-03, 
 2DIAGNOSTIC,    18, -7.381168916809e-01, 5.103839441017e-04, 8.9166e-01, 7.0159e-03, 
 2DIAGNOSTIC,    19, -7.384379241829e-01, 3.223325106863e-04, 8.9757e-01, 5.9052e-03, 
 2DIAGNOSTIC,    20, -7.384167447047e-01, 2.266855688856e-04, 9.0359e-01, 6.0220e-03, 
 2DIAGNOSTIC,    21, -7.383890748953e-01, 1.514783059688e-04, 9.0927e-01, 5.6849e-03, 
 2DIAGNOSTIC,    22, -7.383789022096e-01, 9.500332126572e-05, 9.1547e-01, 6.1982e-03, 
 2DIAGNOSTIC,    23, -7.384148921616e-01, 6.155708240806e-05, 9.2039e-01, 4.9171e-03, 
 2DIAGNOSTIC,    24, -7.382611456652e-01, 3.909284488443e-05, 9.2568e-01, 5.2950e-03, 
 2DIAGNOSTIC,    25, -7.382235979407e-01, 2.295924225489e-05, 9.3112e-01, 5.4359e-03, 
 2DIAGNOSTIC,    26, -7.383064850065e-01, 1.018624354193e-05, 9.3674e-01, 5.6231e-03, 
 2DIAGNOSTIC,    27, -7.384160449473e-01, 1.126001418182e-06, 9.4246e-01, 5.7149e-03, 
DIAGNOSTIC,Iteration,metricValue,convergenceValue,ITERATION_TIME_INDEX,SINCE_LAST
 2DIAGNOSTIC,     1, -5.989565311378e-01, 1.797693134862e+308, 1.7306e+00, 7.8812e-01, 
 2DIAGNOSTIC,     2, -5.994837817176e-01, 1.797693134862e+308, 1.7696e+00, 3.8990e-02, 
 2DIAGNOSTIC,     3, -6.002612216414e-01, 1.797693134862e+308, 1.8093e+00, 3.9706e-02, 
 2DIAGNOSTIC,     4, -6.012880048720e-01, 1.797693134862e+308, 1.8459e+00, 3.6663e-02, 
 2DIAGNOSTIC,     5, -6.022536055331e-01, 1.797693134862e+308, 1.8835e+00, 3.7598e-02, 
 2DIAGNOSTIC,     6, -6.037183107454e-01, 1.797693134862e+308, 1.9365e+00, 5.2980e-02, 
 2DIAGNOSTIC,     7, -6.047018652275e-01, 1.797693134862e+308, 1.9721e+00, 3.5574e-02, 
 2DIAGNOSTIC,     8, -6.052311240826e-01, 1.797693134862e+308, 2.0061e+00, 3.4050e-02, 
 2DIAGNOSTIC,     9, -6.053966200289e-01, 1.797693134862e+308, 2.0408e+00, 3.4653e-02, 
 2DIAGNOSTIC,    10, -6.058689155820e-01, 8.238236907427e-04, 2.0850e+00, 4.4230e-02, 
 2DIAGNOSTIC,    11, -6.063811135069e-01, 6.984064374876e-04, 2.1943e+00, 1.0924e-01, 
 2DIAGNOSTIC,    12, -6.063810833331e-01, 5.513993335345e-04, 2.2307e+00, 3.6485e-02, 
 2DIAGNOSTIC,    13, -6.063811439505e-01, 4.059933734056e-04, 2.2689e+00, 3.8188e-02, 
 2DIAGNOSTIC,    14, -6.063812464175e-01, 2.795993109515e-04, 2.3202e+00, 5.1234e-02, 
 2DIAGNOSTIC,    15, -6.063814195224e-01, 1.741100228282e-04, 2.3755e+00, 5.5312e-02, 
 2DIAGNOSTIC,    16, -6.063817116829e-01, 1.082991618526e-04, 2.4120e+00, 3.6547e-02, 
 2DIAGNOSTIC,    17, -6.063822048498e-01, 6.749661348922e-05, 2.4519e+00, 3.9921e-02, 
 2DIAGNOSTIC,    18, -6.063830363617e-01, 3.927450022921e-05, 2.4879e+00, 3.5911e-02, 
 2DIAGNOSTIC,    19, -6.063844327781e-01, 1.450542935488e-05, 2.5253e+00, 3.7476e-02, 
 2DIAGNOSTIC,    20, -6.063867652523e-01, 1.839828865813e-06, 2.5669e+00, 4.1543e-02, 
 2DIAGNOSTIC,    21, -6.063900580257e-01, 1.898725845474e-06, 2.6025e+00, 3.5653e-02, 
 2DIAGNOSTIC,    22, -6.063672362253e-01, 1.427506324855e-06, 2.6402e+00, 3.7634e-02, 
DIAGNOSTIC,Iteration,metricValue,convergenceValue,ITERATION_TIME_INDEX,SINCE_LAST
 2DIAGNOSTIC,     1, -5.409894500225e-01, 1.797693134862e+308, 3.8864e+00, 1.2462e+00, 
 2DIAGNOSTIC,     2, -5.412791119706e-01, 1.797693134862e+308, 4.2142e+00, 3.2785e-01, 
 2DIAGNOSTIC,     3, -5.417503532227e-01, 1.797693134862e+308, 4.5083e+00, 2.9411e-01, 
 2DIAGNOSTIC,     4, -5.424824287868e-01, 1.797693134862e+308, 4.7989e+00, 2.9053e-01, 
 2DIAGNOSTIC,     5, -5.446603923013e-01, 1.797693134862e+308, 5.3813e+00, 5.8246e-01, 
 2DIAGNOSTIC,     6, -5.446617080199e-01, 1.797693134862e+308, 5.6884e+00, 3.0705e-01, 
 2DIAGNOSTIC,     7, -5.446612732996e-01, 1.797693134862e+308, 5.9976e+00, 3.0924e-01, 
 2DIAGNOSTIC,     8, -5.446560017715e-01, 1.797693134862e+308, 6.4350e+00, 4.3742e-01, 
 2DIAGNOSTIC,     9, -5.446565811936e-01, 1.797693134862e+308, 6.7517e+00, 3.1669e-01, 
 2DIAGNOSTIC,    10, -5.446556507318e-01, 5.091227572220e-04, 7.0329e+00, 2.8120e-01, 
 2DIAGNOSTIC,    11, -5.446534705034e-01, 3.564050765973e-04, 7.3114e+00, 2.7844e-01, 
 2DIAGNOSTIC,    12, -5.446526394036e-01, 2.114260406452e-04, 7.6009e+00, 2.8950e-01, 
 2DIAGNOSTIC,    13, -5.446490330995e-01, 8.896059364222e-05, 7.8930e+00, 2.9218e-01, 
 2DIAGNOSTIC,    14, -5.446499937458e-01, 1.198013357254e-06, 8.1969e+00, 3.0383e-01, 
 2DIAGNOSTIC,    15, -5.446472626264e-01, 1.030114662737e-06, 8.4709e+00, 2.7404e-01, 
DIAGNOSTIC,Iteration,metricValue,convergenceValue,ITERATION_TIME_INDEX,SINCE_LAST
 2DIAGNOSTIC,     1, -5.004008747316e-01, 1.797693134862e+308, 1.1421e+01, 2.9503e+00, 
 2DIAGNOSTIC,     2, -5.004073783909e-01, 1.797693134862e+308, 1.4691e+01, 3.2697e+00, 
 2DIAGNOSTIC,     3, -5.004076105095e-01, 1.797693134862e+308, 1.6496e+01, 1.8051e+00, 
 2DIAGNOSTIC,     4, -5.004074585993e-01, 1.797693134862e+308, 1.8357e+01, 1.8607e+00, 
 2DIAGNOSTIC,     5, -5.004066288387e-01, 1.797693134862e+308, 2.0127e+01, 1.7700e+00, 
 2DIAGNOSTIC,     6, -5.004065638147e-01, 1.797693134862e+308, 2.1979e+01, 1.8521e+00, 
 2DIAGNOSTIC,     7, -5.004061895526e-01, 1.797693134862e+308, 2.4124e+01, 2.1457e+00, 
 2DIAGNOSTIC,     8, -5.004060140868e-01, 1.797693134862e+308, 2.5902e+01, 1.7778e+00, 
 2DIAGNOSTIC,     9, -5.004059419086e-01, 1.797693134862e+308, 2.7494e+01, 1.5921e+00, 
 2DIAGNOSTIC,    10, -5.004058944838e-01, 3.296904740491e-06, 2.9274e+01, 1.7793e+00, 
 2DIAGNOSTIC,    11, -5.004056092937e-01, 2.650068501545e-06, 3.0866e+01, 1.5918e+00, 
 2DIAGNOSTIC,    12, -5.004057838931e-01, 2.448397733779e-06, 3.2430e+01, 1.5647e+00, 
 2DIAGNOSTIC,    13, -5.004058951019e-01, 2.310537683778e-06, 3.4663e+01, 2.2328e+00, 
 2DIAGNOSTIC,    14, -5.004059451980e-01, 2.201165535134e-06, 3.6807e+01, 2.1440e+00, 
 2DIAGNOSTIC,    15, -5.004058643340e-01, 2.078352715207e-06, 3.8773e+01, 1.9658e+00, 
 2DIAGNOSTIC,    16, -5.004055721729e-01, 1.962678264106e-06, 4.0459e+01, 1.6868e+00, 
 2DIAGNOSTIC,    17, -5.004055187087e-01, 1.848975257249e-06, 4.2091e+01, 1.6316e+00, 
 2DIAGNOSTIC,    18, -5.004056107145e-01, 1.747033059274e-06, 4.3848e+01, 1.7567e+00, 
 2DIAGNOSTIC,    19, -5.004056925490e-01, 1.657734631393e-06, 4.5698e+01, 1.8504e+00, 
 2DIAGNOSTIC,    20, -5.004056997856e-01, 1.578103806299e-06, 4.7468e+01, 1.7699e+00, 
 2DIAGNOSTIC,    21, -5.004059730779e-01, 1.507020568677e-06, 4.9177e+01, 1.7088e+00, 
 2DIAGNOSTIC,    22, -5.004061758396e-01, 1.452640531412e-06, 5.0923e+01, 1.7459e+00, 
 2DIAGNOSTIC,    23, -5.004059206665e-01, 1.398527145341e-06, 5.2641e+01, 1.7186e+00, 
 2DIAGNOSTIC,    24, -5.004061708574e-01, 1.354822754825e-06, 5.4781e+01, 2.1400e+00, 
 2DIAGNOSTIC,    25, -5.004060549900e-01, 1.307403220123e-06, 5.6527e+01, 1.7459e+00, 
 2DIAGNOSTIC,    26, -5.004060491298e-01, 1.253845048850e-06, 5.8453e+01, 1.9259e+00, 
 2DIAGNOSTIC,    27, -5.004058786977e-01, 1.196636756400e-06, 6.0357e+01, 1.9037e+00, 
 2DIAGNOSTIC,    28, -5.004056918356e-01, 1.140003120875e-06, 6.2283e+01, 1.9262e+00, 
 2DIAGNOSTIC,    29, -5.004056053616e-01, 1.086945421946e-06, 6.3943e+01, 1.6599e+00, 
 2DIAGNOSTIC,    30, -5.004056420327e-01, 1.038987084742e-06, 6.5651e+01, 1.7079e+00, 
 2DIAGNOSTIC,    31, -5.004056657531e-01, 1.001424133458e-06, 6.7352e+01, 1.7012e+00, 
  Elapsed time (stage 0): 6.8396e+01


Total elapsed time: 6.8399e+01
Info [verificarlo]: loaded backend libinterflop_ieee.so
Info [interflop-ieee]: load backend with:
Info [interflop-ieee]: debug = false
Info [interflop-ieee]: debug-binary = false
Info [interflop-ieee]: no-backend-name = false
Info [interflop-ieee]: print-new-line = false
Info [interflop-ieee]: print-subnormal-normalized = false
Info [interflop-ieee]: count-op = false
All_Command_lines_OK
Using double precision for computations.
=============================================================================
The composite transform comprises the following transforms (in order): 
  1. /home/mdugre/scratch/mri-registration-rp/datasets/ds004513/derivatives/mri-registration-rp/0100/antsRegistration-r8-p7/sub-s032/affine_Composite.h5[0] (type = Euler3DTransform)
  2. /home/mdugre/scratch/mri-registration-rp/datasets/ds004513/derivatives/mri-registration-rp/0100/antsRegistration-r8-p7/sub-s032/affine_Composite.h5[1] (type = Euler3DTransform)
  3. /home/mdugre/scratch/mri-registration-rp/datasets/ds004513/derivatives/mri-registration-rp/0100/antsRegistration-r8-p7/sub-s032/affine_Composite.h5[2] (type = Euler3DTransform)
  4. /home/mdugre/scratch/mri-registration-rp/datasets/ds004513/derivatives/mri-registration-rp/0100/antsRegistration-r8-p7/sub-s032/affine_Composite.h5[3] (type = AffineTransform)
=============================================================================
  number of levels = 4
  fixed image: /templateflow/tpl-MNI152NLin2009cAsym/tpl-MNI152NLin2009cAsym_res-01_desc-brain_T1w.nii.gz
  moving image: /home/mdugre/scratch/mri-registration-rp/datasets/ds004513/derivatives/mri-registration-rp/antsBrainExtraction/sub-s032/BrainExtractionBrain.nii.gz
Dimension = 3
Number of stages = 1
Use histogram matching = false
Winsorize image intensities = true
  Lower quantile = 0.005
  Upper quantile = 0.995


Stage 1 State
   Image metric = CC
     Fixed image = Image (0x5180a40)
  RTTI typeinfo:   itk::Image<double, 3u>
  Reference Count: 2
  Modified Time: 1606
  Debug: Off
  Object Name: 
  Observers: 
    none
  Source: (none)
  Source output name: (none)
  Release Data: Off
  Data Released: False
  Global Release Data: Off
  PipelineMTime: 0
  UpdateMTime: 1217
  RealTimeStamp: 0 seconds 
  LargestPossibleRegion: 
    Dimension: 3
    Index: [0, 0, 0]
    Size: [193, 229, 193]
  BufferedRegion: 
    Dimension: 3
    Index: [0, 0, 0]
    Size: [193, 229, 193]
  RequestedRegion: 
    Dimension: 3
    Index: [0, 0, 0]
    Size: [193, 229, 193]
  Spacing: [1, 1, 1]
  Origin: [96, 132, -78]
  Direction: 
-1 0 0
0 -1 0
0 0 1

  IndexToPointMatrix: 
-1 0 0
0 -1 0
0 0 1

  PointToIndexMatrix: 
-1 0 0
0 -1 0
0 0 1

  Inverse Direction: 
-1 0 0
0 -1 0
0 0 1

  PixelContainer: 
    ImportImageContainer (0x524f780)
      RTTI typeinfo:   itk::ImportImageContainer<unsigned long, double>
      Reference Count: 1
      Modified Time: 1214
      Debug: Off
      Object Name: 
      Observers: 
        none
      Pointer: 0x1513cdc7c010
      Container manages memory: true
      Size: 8530021
      Capacity: 8530021

     Moving image = Image (0x5251390)
  RTTI typeinfo:   itk::Image<double, 3u>
  Reference Count: 2
  Modified Time: 1607
  Debug: Off
  Object Name: 
  Observers: 
    none
  Source: (none)
  Source output name: (none)
  Release Data: Off
  Data Released: False
  Global Release Data: Off
  PipelineMTime: 0
  UpdateMTime: 1604
  RealTimeStamp: 0 seconds 
  LargestPossibleRegion: 
    Dimension: 3
    Index: [0, 0, 0]
    Size: [160, 240, 256]
  BufferedRegion: 
    Dimension: 3
    Index: [0, 0, 0]
    Size: [160, 240, 256]
  RequestedRegion: 
    Dimension: 3
    Index: [0, 0, 0]
    Size: [160, 240, 256]
  Spacing: [1, 1, 1]
  Origin: [73.279, 104.707, -131.187]
  Direction: 
-0.997527 0.0645574 -0.0278053
-0.0645323 -0.997914 -0.00179875
-0.0278634 4.01097e-08 0.999612

  IndexToPointMatrix: 
-0.997527 0.0645574 -0.0278053
-0.0645323 -0.997914 -0.00179875
-0.0278634 4.01097e-08 0.999612

  PointToIndexMatrix: 
-0.997527 -0.0645323 -0.0278634
0.0645574 -0.997914 4.01049e-08
-0.0278053 -0.00179875 0.999612

  Inverse Direction: 
-0.997527 -0.0645323 -0.0278634
0.0645574 -0.997914 4.01049e-08
-0.0278053 -0.00179875 0.999612

  PixelContainer: 
    ImportImageContainer (0x52066f0)
      RTTI typeinfo:   itk::ImportImageContainer<unsigned long, double>
      Reference Count: 1
      Modified Time: 1601
      Debug: Off
      Object Name: 
      Observers: 
        none
      Pointer: 0x1513c917b010
      Container manages memory: true
      Size: 9830400
      Capacity: 9830400

     Weighting = 1
     Sampling strategy = none
     Number of bins = 32
     Radius = 4
     Sampling percentage  = 1
   Transform = SyN
     Gradient step = 0.1
     Update field sigma (voxel space) = 3
     Total field sigma (voxel space) = 0
     Update field time sigma = 0
     Total field time sigma  = 0
     Number of time indices = 0
     Number of time point samples = 0
Registration using 1 total stages.

Stage 0
  iterations = 100x70x50x20
  convergence threshold = 1e-06
  convergence window size = 10
  number of levels = 4
  using the CC metric (radius = 4, weight = 1, use gradient filter = 0)
  preprocessing:  winsorizing the image intensities
  Shrink factors (level 1 out of 4): [8, 8, 8]
  Shrink factors (level 2 out of 4): [4, 4, 4]
  Shrink factors (level 3 out of 4): [2, 2, 2]
  Shrink factors (level 4 out of 4): [1, 1, 1]
  smoothing sigmas per level: [3, 2, 1, 0]
  Using default NONE metricSamplingStrategy 

*** Running SyN registration (varianceForUpdateField = 3, varianceForTotalField = 0) ***

XXDIAGNOSTIC,Iteration,metricValue,convergenceValue,ITERATION_TIME_INDEX,SINCE_LAST
 1DIAGNOSTIC,     1, -8.283775771514e-01, 1.797693134862e+308, 1.0471e+00, 1.0471e+00, 
 1DIAGNOSTIC,     2, -8.447516957682e-01, 1.797693134862e+308, 1.4083e+00, 3.6124e-01, 
 1DIAGNOSTIC,     3, -8.600467736267e-01, 1.797693134862e+308, 1.7580e+00, 3.4968e-01, 
 1DIAGNOSTIC,     4, -8.736251471099e-01, 1.797693134862e+308, 2.0846e+00, 3.2661e-01, 
 1DIAGNOSTIC,     5, -8.833723239321e-01, 1.797693134862e+308, 2.4212e+00, 3.3655e-01, 
 1DIAGNOSTIC,     6, -8.908982307257e-01, 1.797693134862e+308, 2.7580e+00, 3.3681e-01, 
 1DIAGNOSTIC,     7, -8.970516343843e-01, 1.797693134862e+308, 3.1669e+00, 4.0892e-01, 
 1DIAGNOSTIC,     8, -9.011374523536e-01, 1.797693134862e+308, 3.5055e+00, 3.3861e-01, 
 1DIAGNOSTIC,     9, -9.043159867258e-01, 1.797693134862e+308, 3.8429e+00, 3.3738e-01, 
 1DIAGNOSTIC,    10, -9.068489524587e-01, 5.549301655200e-03, 4.2326e+00, 3.8973e-01, 
 1DIAGNOSTIC,    11, -9.089333669654e-01, 3.985839060220e-03, 4.5993e+00, 3.6670e-01, 
 1DIAGNOSTIC,    12, -9.107005406185e-01, 2.813200903793e-03, 4.9608e+00, 3.6150e-01, 
 1DIAGNOSTIC,    13, -9.122376835123e-01, 1.981897978149e-03, 5.3515e+00, 3.9074e-01, 
 1DIAGNOSTIC,    14, -9.136141904296e-01, 1.431258855073e-03, 5.7663e+00, 4.1476e-01, 
 1DIAGNOSTIC,    15, -9.147745924000e-01, 1.055154036644e-03, 6.1282e+00, 3.6185e-01, 
 1DIAGNOSTIC,    16, -9.158730906418e-01, 8.002974514312e-04, 6.4732e+00, 3.4506e-01, 
 1DIAGNOSTIC,    17, -9.168388488667e-01, 6.346226703114e-04, 6.8192e+00, 3.4594e-01, 
 1DIAGNOSTIC,    18, -9.175461662864e-01, 5.129845378223e-04, 7.1601e+00, 3.4089e-01, 
 1DIAGNOSTIC,    19, -9.181823308671e-01, 4.201335926643e-04, 7.5022e+00, 3.4213e-01, 
 1DIAGNOSTIC,    20, -9.188296065924e-01, 3.477586923117e-04, 7.8462e+00, 3.4397e-01, 
 1DIAGNOSTIC,    21, -9.192236699873e-01, 2.870436502768e-04, 8.1971e+00, 3.5093e-01, 
 1DIAGNOSTIC,    22, -9.197007906216e-01, 2.372366380921e-04, 8.5401e+00, 3.4302e-01, 
 1DIAGNOSTIC,    23, -9.201278257351e-01, 1.964606386179e-04, 8.8703e+00, 3.3016e-01, 
 1DIAGNOSTIC,    24, -9.205167022792e-01, 1.638315590006e-04, 9.2081e+00, 3.3782e-01, 
