
##########################
# Experiment information #
##########################

EXPERIMENT_NAME: antsRegistration-r8-p23
VFC_BACKENDS: libinterflop_vprec.so --range-binary32=8 --precision-binary32=23 --range-binary64=8 --precision-binary64=23

SIF_IMG: /home/mdugre/projects/rrg-glatard/mdugre/containers/ants-vprec-no_metrics.simg

SUBJECT_ID: s033
INPUT_IMG: /home/mdugre/scratch/mri-registration-rp/datasets/ds004513/derivatives/mri-registration-rp/antsBrainExtraction/sub-s033/BrainExtractionBrain.nii.gz
OUTPUT_DIR: /home/mdugre/scratch/mri-registration-rp/datasets/ds004513/derivatives/mri-registration-rp/0100/antsRegistration-r8-p23/sub-s033

FIXED_IMG: /templateflow/tpl-MNI152NLin2009cAsym/tpl-MNI152NLin2009cAsym_res-01_desc-brain_T1w.nii.gz
DATA_DIR: /home/mdugre/scratch/mri-registration-rp/datasets/ds004513
TEMPLATEFLOW_DIR: /home/mdugre/projects/rrg-glatard/mdugre/templateflow
ITK_GLOBAL_DEFAULT_NUMBER_OF_THREADS: 16
##########################

Info [verificarlo]: loaded backend libinterflop_ieee.so
Info [interflop-ieee]: load backend with:
Info [interflop-ieee]: debug = false
Info [interflop-ieee]: debug-binary = false
Info [interflop-ieee]: no-backend-name = false
Info [interflop-ieee]: print-new-line = false
Info [interflop-ieee]: print-subnormal-normalized = false
Info [interflop-ieee]: count-op = false
All_Command_lines_OK
Using double precision for computations.
=============================================================================
The composite transform comprises the following transforms (in order): 
  1. Center of mass alignment using fixed image: /templateflow/tpl-MNI152NLin2009cAsym/tpl-MNI152NLin2009cAsym_res-01_desc-brain_T1w.nii.gz and moving image: /home/mdugre/scratch/mri-registration-rp/datasets/ds004513/derivatives/mri-registration-rp/antsBrainExtraction/sub-s033/BrainExtractionBrain.nii.gz (type = Euler3DTransform)
=============================================================================
  number of levels = 1
  fixed image: /templateflow/tpl-MNI152NLin2009cAsym/tpl-MNI152NLin2009cAsym_res-01_desc-brain_T1w.nii.gz
  moving image: /home/mdugre/scratch/mri-registration-rp/datasets/ds004513/derivatives/mri-registration-rp/antsBrainExtraction/sub-s033/BrainExtractionBrain.nii.gz
Dimension = 3
Number of stages = 1
Use histogram matching = false
Winsorize image intensities = true
  Lower quantile = 0.005
  Upper quantile = 0.995


Stage 1 State
   Image metric = MattesMI
     Fixed image = Image (0x37e6e70)
  RTTI typeinfo:   itk::Image<double, 3u>
  Reference Count: 2
  Modified Time: 2330
  Debug: Off
  Object Name: 
  Observers: 
    none
  Source: (none)
  Source output name: (none)
  Release Data: Off
  Data Released: False
  Global Release Data: Off
  PipelineMTime: 0
  UpdateMTime: 1941
  RealTimeStamp: 0 seconds 
  LargestPossibleRegion: 
    Dimension: 3
    Index: [0, 0, 0]
    Size: [193, 229, 193]
  BufferedRegion: 
    Dimension: 3
    Index: [0, 0, 0]
    Size: [193, 229, 193]
  RequestedRegion: 
    Dimension: 3
    Index: [0, 0, 0]
    Size: [193, 229, 193]
  Spacing: [1, 1, 1]
  Origin: [96, 132, -78]
  Direction: 
-1 0 0
0 -1 0
0 0 1

  IndexToPointMatrix: 
-1 0 0
0 -1 0
0 0 1

  PointToIndexMatrix: 
-1 0 0
0 -1 0
0 0 1

  Inverse Direction: 
-1 0 0
0 -1 0
0 0 1

  PixelContainer: 
    ImportImageContainer (0x37efc60)
      RTTI typeinfo:   itk::ImportImageContainer<unsigned long, double>
      Reference Count: 1
      Modified Time: 1938
      Debug: Off
      Object Name: 
      Observers: 
        none
      Pointer: 0x15166e9a4010
      Container manages memory: true
      Size: 8530021
      Capacity: 8530021

     Moving image = Image (0x37e9540)
  RTTI typeinfo:   itk::Image<double, 3u>
  Reference Count: 2
  Modified Time: 2331
  Debug: Off
  Object Name: 
  Observers: 
    none
  Source: (none)
  Source output name: (none)
  Release Data: Off
  Data Released: False
  Global Release Data: Off
  PipelineMTime: 0
  UpdateMTime: 2328
  RealTimeStamp: 0 seconds 
  LargestPossibleRegion: 
    Dimension: 3
    Index: [0, 0, 0]
    Size: [160, 240, 256]
  BufferedRegion: 
    Dimension: 3
    Index: [0, 0, 0]
    Size: [160, 240, 256]
  RequestedRegion: 
    Dimension: 3
    Index: [0, 0, 0]
    Size: [160, 240, 256]
  Spacing: [1, 1, 1]
  Origin: [91.5134, 94.282, -109.927]
  Direction: 
-0.99591 -0.0698718 -0.0572835
0.0697565 -0.997556 0.00401236
-0.0574239 5.01125e-08 0.99835

  IndexToPointMatrix: 
-0.99591 -0.0698718 -0.0572835
0.0697565 -0.997556 0.00401236
-0.0574239 5.01125e-08 0.99835

  PointToIndexMatrix: 
-0.99591 0.0697565 -0.0574239
-0.0698718 -0.997556 5.01483e-08
-0.0572835 0.00401236 0.99835

  Inverse Direction: 
-0.99591 0.0697565 -0.0574239
-0.0698718 -0.997556 5.01483e-08
-0.0572835 0.00401236 0.99835

  PixelContainer: 
    ImportImageContainer (0x38fb610)
      RTTI typeinfo:   itk::ImportImageContainer<unsigned long, double>
      Reference Count: 1
      Modified Time: 2325
      Debug: Off
      Object Name: 
      Observers: 
        none
      Pointer: 0x151669ea3010
      Container manages memory: true
      Size: 9830400
      Capacity: 9830400

     Weighting = 1
     Sampling strategy = regular
     Number of bins = 32
     Radius = 4
     Sampling percentage  = 0.25
   Transform = Rigid
     Gradient step = 0.1
     Update field sigma (voxel space) = 0
     Total field sigma (voxel space) = 0
     Update field time sigma = 0
     Total field time sigma  = 0
     Number of time indices = 0
     Number of time point samples = 0
Registration using 1 total stages.

Stage 0
  iterations = 0
  convergence threshold = 1e-06
  convergence window size = 10
  number of levels = 1
  using the Mattes MI metric (number of bins = 32, weight = 1, use gradient filter = 0)
  preprocessing:  winsorizing the image intensities
  Shrink factors (level 1 out of 1): [1, 1, 1]
  smoothing sigmas per level: [0]
  regular sampling (percentage = 0.25)

*** Running Euler3DTransform registration ***

  Elapsed time (stage 0): 1.10633


Total elapsed time: 1.10834
Info [verificarlo]: loaded backend libinterflop_vprec.so
Info [interflop-vprec]: load backend with: 
Info [interflop-vprec]: precision-binary32 = 23
Info [interflop-vprec]: range-binary32 = 8
Info [interflop-vprec]: precision-binary64 = 23
Info [interflop-vprec]: range-binary64 = 8
Info [interflop-vprec]: mode = ob
Info [interflop-vprec]: error-mode = rel
Info [interflop-vprec]: max-abs-error-exponent = -1022
Info [interflop-vprec]: daz = false
Info [interflop-vprec]: ftz = false
Info [interflop-vprec]: 	instrument = none
Info [interflop-vprec]: 	prec-input-file = (null)
Info [interflop-vprec]: 	prec-output-file = (null)
Info [interflop-vprec]: 	prec-log-file = (null)
All_Command_lines_OK
Using double precision for computations.
=============================================================================
The composite transform comprises the following transforms (in order): 
  1. /home/mdugre/scratch/mri-registration-rp/datasets/ds004513/derivatives/mri-registration-rp/0100/antsRegistration-r8-p23/sub-s033/align_Composite.h5[0] (type = Euler3DTransform)
  2. /home/mdugre/scratch/mri-registration-rp/datasets/ds004513/derivatives/mri-registration-rp/0100/antsRegistration-r8-p23/sub-s033/align_Composite.h5[1] (type = Euler3DTransform)
=============================================================================
  number of levels = 4
  fixed image: /templateflow/tpl-MNI152NLin2009cAsym/tpl-MNI152NLin2009cAsym_res-01_desc-brain_T1w.nii.gz
  moving image: /home/mdugre/scratch/mri-registration-rp/datasets/ds004513/derivatives/mri-registration-rp/antsBrainExtraction/sub-s033/BrainExtractionBrain.nii.gz
Dimension = 3
Number of stages = 1
Use histogram matching = false
Winsorize image intensities = true
  Lower quantile = 0.005
  Upper quantile = 0.995


Stage 1 State
   Image metric = MattesMI
     Fixed image = Image (0x49071e0)
  RTTI typeinfo:   itk::Image<double, 3u>
  Reference Count: 2
  Modified Time: 1578
  Debug: Off
  Object Name: 
  Observers: 
    none
  Source: (none)
  Source output name: (none)
  Release Data: Off
  Data Released: False
  Global Release Data: Off
  PipelineMTime: 0
  UpdateMTime: 1189
  RealTimeStamp: 0 seconds 
  LargestPossibleRegion: 
    Dimension: 3
    Index: [0, 0, 0]
    Size: [193, 229, 193]
  BufferedRegion: 
    Dimension: 3
    Index: [0, 0, 0]
    Size: [193, 229, 193]
  RequestedRegion: 
    Dimension: 3
    Index: [0, 0, 0]
    Size: [193, 229, 193]
  Spacing: [1, 1, 1]
  Origin: [96, 132, -78]
  Direction: 
-1 0 0
0 -1 0
0 0 1

  IndexToPointMatrix: 
-1 0 0
0 -1 0
0 0 1

  PointToIndexMatrix: 
-1 0 0
0 -1 0
0 0 1

  Inverse Direction: 
-1 0 0
0 -1 0
0 0 1

  PixelContainer: 
    ImportImageContainer (0x49c6680)
      RTTI typeinfo:   itk::ImportImageContainer<unsigned long, double>
      Reference Count: 1
      Modified Time: 1186
      Debug: Off
      Object Name: 
      Observers: 
        none
      Pointer: 0x14f215ba7010
      Container manages memory: true
      Size: 8530021
      Capacity: 8530021

     Moving image = Image (0x49c2b20)
  RTTI typeinfo:   itk::Image<double, 3u>
  Reference Count: 2
  Modified Time: 1579
  Debug: Off
  Object Name: 
  Observers: 
    none
  Source: (none)
  Source output name: (none)
  Release Data: Off
  Data Released: False
  Global Release Data: Off
  PipelineMTime: 0
  UpdateMTime: 1576
  RealTimeStamp: 0 seconds 
  LargestPossibleRegion: 
    Dimension: 3
    Index: [0, 0, 0]
    Size: [160, 240, 256]
  BufferedRegion: 
    Dimension: 3
    Index: [0, 0, 0]
    Size: [160, 240, 256]
  RequestedRegion: 
    Dimension: 3
    Index: [0, 0, 0]
    Size: [160, 240, 256]
  Spacing: [1, 1, 1]
  Origin: [91.5134, 94.282, -109.927]
  Direction: 
-0.99591 -0.0698718 -0.0572835
0.0697565 -0.997556 0.00401236
-0.0574239 5.01125e-08 0.99835

  IndexToPointMatrix: 
-0.99591 -0.0698718 -0.0572835
0.0697565 -0.997556 0.00401236
-0.0574239 5.01125e-08 0.99835

  PointToIndexMatrix: 
-0.99591 0.0697565 -0.0574239
-0.0698718 -0.997556 -8.9407e-08
-0.0572835 0.00401232 0.99835

  Inverse Direction: 
-0.99591 0.0697565 -0.0574239
-0.0698718 -0.997556 -8.9407e-08
-0.0572835 0.00401232 0.99835

  PixelContainer: 
    ImportImageContainer (0x4a2bd50)
      RTTI typeinfo:   itk::ImportImageContainer<unsigned long, double>
      Reference Count: 1
      Modified Time: 1573
      Debug: Off
      Object Name: 
      Observers: 
        none
      Pointer: 0x14f2110a6010
      Container manages memory: true
      Size: 9830400
      Capacity: 9830400

     Weighting = 1
     Sampling strategy = regular
     Number of bins = 32
     Radius = 4
     Sampling percentage  = 0.25
   Transform = Rigid
     Gradient step = 0.1
     Update field sigma (voxel space) = 0
     Total field sigma (voxel space) = 0
     Update field time sigma = 0
     Total field time sigma  = 0
     Number of time indices = 0
     Number of time point samples = 0
Registration using 1 total stages.

Stage 0
  iterations = 1000x500x250x100
  convergence threshold = 1e-06
  convergence window size = 10
  number of levels = 4
  using the Mattes MI metric (number of bins = 32, weight = 1, use gradient filter = 0)
  preprocessing:  winsorizing the image intensities
  Shrink factors (level 1 out of 4): [8, 8, 8]
  Shrink factors (level 2 out of 4): [4, 4, 4]
  Shrink factors (level 3 out of 4): [2, 2, 2]
  Shrink factors (level 4 out of 4): [1, 1, 1]
  smoothing sigmas per level: [3, 2, 1, 0]
  regular sampling (percentage = 0.25)

*** Running Euler3DTransform registration ***

DIAGNOSTIC,Iteration,metricValue,convergenceValue,ITERATION_TIME_INDEX,SINCE_LAST
 2DIAGNOSTIC,     1, -4.945362413529e-01, 1.797693134862e+308, 0.0000e+00, 0.0000e+00, 
 2DIAGNOSTIC,     2, -4.961547578613e-01, 1.797693134862e+308, 0.0000e+00, 0.0000e+00, 
 2DIAGNOSTIC,     3, -4.991204343334e-01, 1.797693134862e+308, 0.0000e+00, 0.0000e+00, 
 2DIAGNOSTIC,     4, -5.030359033586e-01, 1.797693134862e+308, 0.0000e+00, 0.0000e+00, 
 2DIAGNOSTIC,     5, -5.059125949887e-01, 1.797693134862e+308, 0.0000e+00, 0.0000e+00, 
 2DIAGNOSTIC,     6, -5.092819417623e-01, 1.797693134862e+308, 0.0000e+00, 0.0000e+00, 
 2DIAGNOSTIC,     7, -5.205930478378e-01, 1.797693134862e+308, 0.0000e+00, 0.0000e+00, 
 2DIAGNOSTIC,     8, -5.236697458174e-01, 1.797693134862e+308, 0.0000e+00, 0.0000e+00, 
 2DIAGNOSTIC,     9, -5.261633459033e-01, 1.797693134862e+308, 0.0000e+00, 0.0000e+00, 
 2DIAGNOSTIC,    10, -5.313880567387e-01, 4.956507346450e-03, 0.0000e+00, 0.0000e+00, 
 2DIAGNOSTIC,    11, -5.468529319770e-01, 5.292655115584e-03, 0.0000e+00, 0.0000e+00, 
 2DIAGNOSTIC,    12, -5.836398150360e-01, 6.791950576060e-03, 0.0000e+00, 0.0000e+00, 
 2DIAGNOSTIC,    13, -6.238940877959e-01, 9.135817431235e-03, 0.0000e+00, 0.0000e+00, 
 2DIAGNOSTIC,    14, -6.271529414075e-01, 1.052322616918e-02, 0.0000e+00, 0.0000e+00, 
 2DIAGNOSTIC,    15, -6.281557097268e-01, 1.091355360683e-02, 0.0000e+00, 0.0000e+00, 
 2DIAGNOSTIC,    16, -6.285889586841e-01, 1.038024994083e-02, 0.0000e+00, 0.0000e+00, 
 2DIAGNOSTIC,    17, -6.290185877950e-01, 9.304069071956e-03, 0.0000e+00, 0.0000e+00, 
 2DIAGNOSTIC,    18, -6.305357557819e-01, 7.623468979162e-03, 0.0000e+00, 0.0000e+00, 
 2DIAGNOSTIC,    19, -6.306944779694e-01, 5.522120018857e-03, 0.0000e+00, 0.0000e+00, 
 2DIAGNOSTIC,    20, -6.306886541514e-01, 3.294170060568e-03, 0.0000e+00, 0.0000e+00, 
 2DIAGNOSTIC,    21, -6.306952176235e-01, 1.354920881561e-03, 0.0000e+00, 0.0000e+00, 
 2DIAGNOSTIC,    22, -6.306828715631e-01, 2.940852834914e-04, 0.0000e+00, 0.0000e+00, 
 2DIAGNOSTIC,    23, -6.307228296439e-01, 1.756245162648e-04, 0.0000e+00, 0.0000e+00, 
 2DIAGNOSTIC,    24, -6.308103030841e-01, 1.201674772494e-04, 0.0000e+00, 0.0000e+00, 
 2DIAGNOSTIC,    25, -6.308449712963e-01, 7.919136508569e-05, 0.0000e+00, 0.0000e+00, 
 2DIAGNOSTIC,    26, -6.313210464949e-01, 5.169858961435e-05, 0.0000e+00, 0.0000e+00, 
 2DIAGNOSTIC,    27, -6.316780556764e-01, 3.497485136842e-05, 0.0000e+00, 0.0000e+00, 
 2DIAGNOSTIC,    28, -6.336068692371e-01, 7.622421770833e-05, 0.0000e+00, 0.0000e+00, 
 2DIAGNOSTIC,    29, -6.358938123599e-01, 1.475568348736e-04, 0.0000e+00, 0.0000e+00, 
 2DIAGNOSTIC,    30, -6.359552132250e-01, 2.002041304275e-04, 0.0000e+00, 0.0000e+00, 
 2DIAGNOSTIC,    31, -6.372081434340e-01, 2.507863730488e-04, 0.0000e+00, 0.0000e+00, 
 2DIAGNOSTIC,    32, -6.391785436262e-01, 3.036322498002e-04, 0.0000e+00, 0.0000e+00, 
 2DIAGNOSTIC,    33, -6.406294809937e-01, 3.449625089447e-04, 0.0000e+00, 0.0000e+00, 
 2DIAGNOSTIC,    34, -6.410916686236e-01, 3.583752880755e-04, 0.0000e+00, 0.0000e+00, 
 2DIAGNOSTIC,    35, -6.424944808936e-01, 3.573119935356e-04, 0.0000e+00, 0.0000e+00, 
 2DIAGNOSTIC,    36, -6.435885693871e-01, 3.434451595601e-04, 0.0000e+00, 0.0000e+00, 
 2DIAGNOSTIC,    37, -6.451374903222e-01, 3.213815453799e-04, 0.0000e+00, 0.0000e+00, 
 2DIAGNOSTIC,    38, -6.457885565187e-01, 3.012912686584e-04, 0.0000e+00, 0.0000e+00, 
 2DIAGNOSTIC,    39, -6.459769916706e-01, 2.843841491067e-04, 0.0000e+00, 0.0000e+00, 
 2DIAGNOSTIC,    40, -6.465487974901e-01, 2.490021093876e-04, 0.0000e+00, 0.0000e+00, 
 2DIAGNOSTIC,    41, -6.467910010970e-01, 2.083210510047e-04, 0.0000e+00, 0.0000e+00, 
 2DIAGNOSTIC,    42, -6.468388418907e-01, 1.721219866152e-04, 0.0000e+00, 0.0000e+00, 
 2DIAGNOSTIC,    43, -6.471030285840e-01, 1.403265289604e-04, 0.0000e+00, 0.0000e+00, 
 2DIAGNOSTIC,    44, -6.473875921428e-01, 1.046020699821e-04, 0.0000e+00, 0.0000e+00, 
 2DIAGNOSTIC,    45, -6.474384227258e-01, 7.563577618092e-05, 0.0000e+00, 0.0000e+00, 
 2DIAGNOSTIC,    46, -6.474624975298e-01, 5.190628010774e-05, 0.0000e+00, 0.0000e+00, 
 2DIAGNOSTIC,    47, -6.475224427318e-01, 4.032575963090e-05, 0.0000e+00, 0.0000e+00, 
 2DIAGNOSTIC,    48, -6.475687144622e-01, 3.225049420868e-05, 0.0000e+00, 0.0000e+00, 
 2DIAGNOSTIC,    49, -6.475760682151e-01, 2.319161582422e-05, 0.0000e+00, 0.0000e+00, 
 2DIAGNOSTIC,    50, -6.475856623188e-01, 1.775667936691e-05, 0.0000e+00, 0.0000e+00, 
 2DIAGNOSTIC,    51, -6.475889278745e-01, 1.320871148324e-05, 0.0000e+00, 0.0000e+00, 
 2DIAGNOSTIC,    52, -6.475937029370e-01, 8.074391069084e-06, 0.0000e+00, 0.0000e+00, 
 2DIAGNOSTIC,    53, -6.474983543585e-01, 3.841433152373e-06, 0.0000e+00, 0.0000e+00, 
 2DIAGNOSTIC,    54, -6.474983626216e-01, 1.931309118224e-06, 0.0000e+00, 0.0000e+00, 
DIAGNOSTIC,Iteration,metricValue,convergenceValue,ITERATION_TIME_INDEX,SINCE_LAST
 2DIAGNOSTIC,     1, -5.364044981672e-01, 1.797693134862e+308, 0.0000e+00, 0.0000e+00, 
 2DIAGNOSTIC,     2, -5.373924712343e-01, 1.797693134862e+308, 0.0000e+00, 0.0000e+00, 
 2DIAGNOSTIC,     3, -5.389848137344e-01, 1.797693134862e+308, 0.0000e+00, 0.0000e+00, 
 2DIAGNOSTIC,     4, -5.409080599080e-01, 1.797693134862e+308, 0.0000e+00, 0.0000e+00, 
 2DIAGNOSTIC,     5, -5.421989175923e-01, 1.797693134862e+308, 0.0000e+00, 0.0000e+00, 
 2DIAGNOSTIC,     6, -5.441181722119e-01, 1.797693134862e+308, 0.0000e+00, 0.0000e+00, 
 2DIAGNOSTIC,     7, -5.448687102756e-01, 1.797693134862e+308, 0.0000e+00, 0.0000e+00, 
 2DIAGNOSTIC,     8, -5.448634373331e-01, 1.797693134862e+308, 0.0000e+00, 0.0000e+00, 
 2DIAGNOSTIC,     9, -5.451158316018e-01, 1.797693134862e+308, 0.0000e+00, 0.0000e+00, 
 2DIAGNOSTIC,    10, -5.451549312091e-01, 1.145854799337e-03, 0.0000e+00, 0.0000e+00, 
 2DIAGNOSTIC,    11, -5.450662488361e-01, 8.312772410241e-04, 0.0000e+00, 0.0000e+00, 
 2DIAGNOSTIC,    12, -5.450897005792e-01, 5.386682392264e-04, 0.0000e+00, 0.0000e+00, 
 2DIAGNOSTIC,    13, -5.451030788795e-01, 3.070512501650e-04, 0.0000e+00, 0.0000e+00, 
 2DIAGNOSTIC,    14, -5.451088656292e-01, 1.528523462493e-04, 0.0000e+00, 0.0000e+00, 
 2DIAGNOSTIC,    15, -5.451797837308e-01, 5.142450486188e-05, 0.0000e+00, 0.0000e+00, 
 2DIAGNOSTIC,    16, -5.452154902433e-01, 2.154789806849e-05, 0.0000e+00, 0.0000e+00, 
 2DIAGNOSTIC,    17, -5.453298625191e-01, 2.012591388240e-05, 0.0000e+00, 0.0000e+00, 
 2DIAGNOSTIC,    18, -5.456204977215e-01, 2.517010424964e-05, 0.0000e+00, 0.0000e+00, 
 2DIAGNOSTIC,    19, -5.464901411017e-01, 5.815045737169e-05, 0.0000e+00, 0.0000e+00, 
 2DIAGNOSTIC,    20, -5.465527574738e-01, 8.476236359875e-05, 0.0000e+00, 0.0000e+00, 
 2DIAGNOSTIC,    21, -5.465278066996e-01, 9.854561199125e-05, 0.0000e+00, 0.0000e+00, 
 2DIAGNOSTIC,    22, -5.465599056921e-01, 1.036483531767e-04, 0.0000e+00, 0.0000e+00, 
 2DIAGNOSTIC,    23, -5.465981053404e-01, 9.974556522892e-05, 0.0000e+00, 0.0000e+00, 
 2DIAGNOSTIC,    24, -5.466047658359e-01, 8.685557774401e-05, 0.0000e+00, 0.0000e+00, 
 2DIAGNOSTIC,    25, -5.466141066685e-01, 6.868241559994e-05, 0.0000e+00, 0.0000e+00, 
 2DIAGNOSTIC,    26, -5.466090085966e-01, 4.648828937037e-05, 0.0000e+00, 0.0000e+00, 
 2DIAGNOSTIC,    27, -5.465935190316e-01, 2.365082395493e-05, 0.0000e+00, 0.0000e+00, 
 2DIAGNOSTIC,    28, -5.466004332911e-01, 5.414853597452e-06, 0.0000e+00, 0.0000e+00, 
 2DIAGNOSTIC,    29, -5.466167935540e-01, 3.938904842064e-06, 0.0000e+00, 0.0000e+00, 
 2DIAGNOSTIC,    30, -5.466365927991e-01, 3.742898225641e-06, 0.0000e+00, 0.0000e+00, 
 2DIAGNOSTIC,    31, -5.466519969531e-01, 3.136961044384e-06, 0.0000e+00, 0.0000e+00, 
 2DIAGNOSTIC,    32, -5.466869079076e-01, 3.452860727907e-06, 0.0000e+00, 0.0000e+00, 
 2DIAGNOSTIC,    33, -5.467767216410e-01, 5.527816150680e-06, 0.0000e+00, 0.0000e+00, 
 2DIAGNOSTIC,    34, -5.469096825949e-01, 9.145182479447e-06, 0.0000e+00, 0.0000e+00, 
 2DIAGNOSTIC,    35, -5.470622478966e-01, 1.414985459622e-05, 0.0000e+00, 0.0000e+00, 
 2DIAGNOSTIC,    36, -5.472442512634e-01, 2.016473309597e-05, 0.0000e+00, 0.0000e+00, 
 2DIAGNOSTIC,    37, -5.476299982479e-01, 2.920904502164e-05, 0.0000e+00, 0.0000e+00, 
 2DIAGNOSTIC,    38, -5.475496107439e-01, 3.395177051122e-05, 0.0000e+00, 0.0000e+00, 
 2DIAGNOSTIC,    39, -5.475758191186e-01, 3.595655283436e-05, 0.0000e+00, 0.0000e+00, 
 2DIAGNOSTIC,    40, -5.475781678494e-01, 3.482793716646e-05, 0.0000e+00, 0.0000e+00, 
 2DIAGNOSTIC,    41, -5.476391039842e-01, 3.142806598569e-05, 0.0000e+00, 0.0000e+00, 
 2DIAGNOSTIC,    42, -5.477045259322e-01, 2.642657438951e-05, 0.0000e+00, 0.0000e+00, 
 2DIAGNOSTIC,    43, -5.477116797720e-01, 2.037809205712e-05, 0.0000e+00, 0.0000e+00, 
 2DIAGNOSTIC,    44, -5.477050471703e-01, 1.429022007714e-05, 0.0000e+00, 0.0000e+00, 
 2DIAGNOSTIC,    45, -5.477099106377e-01, 8.988744950471e-06, 0.0000e+00, 0.0000e+00, 
 2DIAGNOSTIC,    46, -5.477462986748e-01, 5.452387525296e-06, 0.0000e+00, 0.0000e+00, 
 2DIAGNOSTIC,    47, -5.477643928836e-01, 6.089251982030e-06, 0.0000e+00, 0.0000e+00, 
 2DIAGNOSTIC,    48, -5.477607321832e-01, 5.268673956879e-06, 0.0000e+00, 0.0000e+00, 
 2DIAGNOSTIC,    49, -5.477805192821e-01, 4.558341680658e-06, 0.0000e+00, 0.0000e+00, 
 2DIAGNOSTIC,    50, -5.479065021556e-01, 4.824422045142e-06, 0.0000e+00, 0.0000e+00, 
 2DIAGNOSTIC,    51, -5.479787980066e-01, 5.977351181127e-06, 0.0000e+00, 0.0000e+00, 
 2DIAGNOSTIC,    52, -5.481107542767e-01, 8.539945690885e-06, 0.0000e+00, 0.0000e+00, 
 2DIAGNOSTIC,    53, -5.481763238631e-01, 1.095829364874e-05, 0.0000e+00, 0.0000e+00, 
 2DIAGNOSTIC,    54, -5.481659670365e-01, 1.213549908475e-05, 0.0000e+00, 0.0000e+00, 
 2DIAGNOSTIC,    55, -5.481671688726e-01, 1.221741764655e-05, 0.0000e+00, 0.0000e+00, 
 2DIAGNOSTIC,    56, -5.481812306850e-01, 1.163330473661e-05, 0.0000e+00, 0.0000e+00, 
 2DIAGNOSTIC,    57, -5.481817253505e-01, 1.016817974680e-05, 0.0000e+00, 0.0000e+00, 
 2DIAGNOSTIC,    58, -5.481945744780e-01, 7.919326460114e-06, 0.0000e+00, 0.0000e+00, 
 2DIAGNOSTIC,    59, -5.482076257497e-01, 5.321062604979e-06, 0.0000e+00, 0.0000e+00, 
 2DIAGNOSTIC,    60, -5.482418611246e-01, 3.742451007871e-06, 0.0000e+00, 0.0000e+00, 
 2DIAGNOSTIC,    61, -5.482607902999e-01, 2.650781562880e-06, 0.0000e+00, 0.0000e+00, 
 2DIAGNOSTIC,    62, -5.482510340912e-01, 2.398325559632e-06, 0.0000e+00, 0.0000e+00, 
 2DIAGNOSTIC,    63, -5.482414197985e-01, 2.445758703805e-06, 0.0000e+00, 0.0000e+00, 
 2DIAGNOSTIC,    64, -5.482511805198e-01, 2.301882842306e-06, 0.0000e+00, 0.0000e+00, 
 2DIAGNOSTIC,    65, -5.482632059230e-01, 2.083135663137e-06, 0.0000e+00, 0.0000e+00, 
 2DIAGNOSTIC,    66, -5.482631386415e-01, 1.824505244448e-06, 0.0000e+00, 0.0000e+00, 
 2DIAGNOSTIC,    67, -5.482531867566e-01, 1.377087388784e-06, 0.0000e+00, 0.0000e+00, 
DIAGNOSTIC,Iteration,metricValue,convergenceValue,ITERATION_TIME_INDEX,SINCE_LAST
 2DIAGNOSTIC,     1, -4.661399901345e-01, 1.797693134862e+308, 0.0000e+00, 0.0000e+00, 
 2DIAGNOSTIC,     2, -4.663327292640e-01, 1.797693134862e+308, 0.0000e+00, 0.0000e+00, 
 2DIAGNOSTIC,     3, -4.664788084632e-01, 1.797693134862e+308, 0.0000e+00, 0.0000e+00, 
 2DIAGNOSTIC,     4, -4.665969871784e-01, 1.797693134862e+308, 1.2800e+02, 1.2800e+02, 
 2DIAGNOSTIC,     5, -4.667070308936e-01, 1.797693134862e+308, 1.2800e+02, 0.0000e+00, 
 2DIAGNOSTIC,     6, -4.668263197070e-01, 1.797693134862e+308, 1.2800e+02, 0.0000e+00, 
 2DIAGNOSTIC,     7, -4.669413999830e-01, 1.797693134862e+308, 1.2800e+02, 0.0000e+00, 
 2DIAGNOSTIC,     8, -4.669596935911e-01, 1.797693134862e+308, 1.2800e+02, 0.0000e+00, 
 2DIAGNOSTIC,     9, -4.669910098361e-01, 1.797693134862e+308, 1.2800e+02, 0.0000e+00, 
 2DIAGNOSTIC,    10, -4.670337761125e-01, 1.241843886286e-04, 1.2800e+02, 0.0000e+00, 
 2DIAGNOSTIC,    11, -4.672602732799e-01, 1.039700890312e-04, 1.2800e+02, 0.0000e+00, 
 2DIAGNOSTIC,    12, -4.672970195690e-01, 8.925859456943e-05, 1.2800e+02, 0.0000e+00, 
 2DIAGNOSTIC,    13, -4.673262667331e-01, 7.726932717346e-05, 1.2800e+02, 0.0000e+00, 
 2DIAGNOSTIC,    14, -4.673831987033e-01, 6.793008585916e-05, 1.2800e+02, 0.0000e+00, 
 2DIAGNOSTIC,    15, -4.673875398436e-01, 5.831894176633e-05, 1.2800e+02, 0.0000e+00, 
 2DIAGNOSTIC,    16, -4.673912597732e-01, 4.922186151482e-05, 1.2800e+02, 0.0000e+00, 
 2DIAGNOSTIC,    17, -4.673869088923e-01, 4.080671755894e-05, 1.2800e+02, 0.0000e+00, 
 2DIAGNOSTIC,    18, -4.673856512731e-01, 3.039831426398e-05, 1.2800e+02, 0.0000e+00, 
 2DIAGNOSTIC,    19, -4.673851394158e-01, 1.945418792091e-05, 1.2800e+02, 0.0000e+00, 
 2DIAGNOSTIC,    20, -4.673848419975e-01, 9.064519208367e-06, 1.2800e+02, 0.0000e+00, 
 2DIAGNOSTIC,    21, -4.673841473271e-01, 5.516371727805e-06, 1.2800e+02, 0.0000e+00, 
 2DIAGNOSTIC,    22, -4.673826166136e-01, 2.891276107558e-06, 1.2800e+02, 0.0000e+00, 
 2DIAGNOSTIC,    23, -4.673821425956e-01, 1.082333749049e-06, 1.2800e+02, 0.0000e+00, 
DIAGNOSTIC,Iteration,metricValue,convergenceValue,ITERATION_TIME_INDEX,SINCE_LAST
 2DIAGNOSTIC,     1, -4.256552563655e-01, 1.797693134862e+308, 1.2800e+02, 0.0000e+00, 
 2DIAGNOSTIC,     2, -4.256933878160e-01, 1.797693134862e+308, 1.2800e+02, 0.0000e+00, 
 2DIAGNOSTIC,     3, -4.258121606640e-01, 1.797693134862e+308, 1.2800e+02, 0.0000e+00, 
 2DIAGNOSTIC,     4, -4.259116190156e-01, 1.797693134862e+308, 1.2800e+02, 0.0000e+00, 
 2DIAGNOSTIC,     5, -4.259475359117e-01, 1.797693134862e+308, 1.2800e+02, 0.0000e+00, 
 2DIAGNOSTIC,     6, -4.259858597820e-01, 1.797693134862e+308, 1.2800e+02, 0.0000e+00, 
 2DIAGNOSTIC,     7, -4.260287481224e-01, 1.797693134862e+308, 1.2800e+02, 0.0000e+00, 
 2DIAGNOSTIC,     8, -4.260855805066e-01, 1.797693134862e+308, 1.2800e+02, 0.0000e+00, 
 2DIAGNOSTIC,     9, -4.260863710247e-01, 1.797693134862e+308, 1.2800e+02, 0.0000e+00, 
 2DIAGNOSTIC,    10, -4.260857332156e-01, 7.169518504885e-05, 1.2800e+02, 0.0000e+00, 
 2DIAGNOSTIC,    11, -4.260857635811e-01, 5.297166329524e-05, 1.2800e+02, 0.0000e+00, 
 2DIAGNOSTIC,    12, -4.260855831487e-01, 3.483966588719e-05, 1.2800e+02, 0.0000e+00, 
 2DIAGNOSTIC,    13, -4.260851414307e-01, 2.251506949742e-05, 1.2800e+02, 0.0000e+00, 
 2DIAGNOSTIC,    14, -4.260850964034e-01, 1.486278315116e-05, 2.5600e+02, 1.2800e+02, 
 2DIAGNOSTIC,    15, -4.260852374765e-01, 8.700882208806e-06, 2.5600e+02, 0.0000e+00, 
 2DIAGNOSTIC,    16, -4.260850580432e-01, 4.274047420011e-06, 2.5600e+02, 0.0000e+00, 
 2DIAGNOSTIC,    17, -4.260850532226e-01, 1.777122726268e-06, 2.5600e+02, 0.0000e+00, 
 2DIAGNOSTIC,    18, -4.260850050353e-01, 1.670311213529e-06, 2.5600e+02, 0.0000e+00, 
 2DIAGNOSTIC,    19, -4.260849664530e-01, 1.610723359552e-06, 2.5600e+02, 0.0000e+00, 
 2DIAGNOSTIC,    20, -4.260848027323e-01, 1.535909325778e-06, 2.5600e+02, 0.0000e+00, 
 2DIAGNOSTIC,    21, -4.260847322306e-01, 1.472219583430e-06, 2.5600e+02, 0.0000e+00, 
 2DIAGNOSTIC,    22, -4.260844497934e-01, 1.404729418605e-06, 2.5600e+02, 0.0000e+00, 
 2DIAGNOSTIC,    23, -4.260844147541e-01, 1.333317542193e-06, 2.5600e+02, 0.0000e+00, 
 2DIAGNOSTIC,    24, -4.260844077011e-01, 1.270858129176e-06, 2.5600e+02, 0.0000e+00, 
 2DIAGNOSTIC,    25, -4.260844876800e-01, 1.224507255558e-06, 2.5600e+02, 0.0000e+00, 
 2DIAGNOSTIC,    26, -4.260846981169e-01, 1.187009677689e-06, 2.5600e+02, 0.0000e+00, 
 2DIAGNOSTIC,    27, -4.260844828728e-01, 1.150258679125e-06, 2.5600e+02, 0.0000e+00, 
 2DIAGNOSTIC,    28, -4.260846805060e-01, 1.122568783193e-06, 2.5600e+02, 0.0000e+00, 
 2DIAGNOSTIC,    29, -4.260849826398e-01, 1.104010614775e-06, 2.5600e+02, 0.0000e+00, 
 2DIAGNOSTIC,    30, -4.260851141749e-01, 1.085006355268e-06, 2.5600e+02, 0.0000e+00, 
 2DIAGNOSTIC,    31, -4.260850703853e-01, 1.062609359136e-06, 3.8400e+02, 1.2800e+02, 
 2DIAGNOSTIC,    32, -4.260850757591e-01, 1.032642636505e-06, 3.8400e+02, 0.0000e+00, 
 2DIAGNOSTIC,    33, -4.260850880005e-01, 1.000431133727e-06, 3.8400e+02, 0.0000e+00, 
  Elapsed time (stage 0): 3.8400e+02


Total elapsed time: 3.8400e+02
Info [verificarlo]: loaded backend libinterflop_ieee.so
Info [interflop-ieee]: load backend with:
Info [interflop-ieee]: debug = false
Info [interflop-ieee]: debug-binary = false
Info [interflop-ieee]: no-backend-name = false
Info [interflop-ieee]: print-new-line = false
Info [interflop-ieee]: print-subnormal-normalized = false
Info [interflop-ieee]: count-op = false
All_Command_lines_OK
Using double precision for computations.
=============================================================================
The composite transform comprises the following transforms (in order): 
  1. /home/mdugre/scratch/mri-registration-rp/datasets/ds004513/derivatives/mri-registration-rp/0100/antsRegistration-r8-p23/sub-s033/rigid_Composite.h5[0] (type = Euler3DTransform)
  2. /home/mdugre/scratch/mri-registration-rp/datasets/ds004513/derivatives/mri-registration-rp/0100/antsRegistration-r8-p23/sub-s033/rigid_Composite.h5[1] (type = Euler3DTransform)
  3. /home/mdugre/scratch/mri-registration-rp/datasets/ds004513/derivatives/mri-registration-rp/0100/antsRegistration-r8-p23/sub-s033/rigid_Composite.h5[2] (type = Euler3DTransform)
=============================================================================
  number of levels = 4
  fixed image: /templateflow/tpl-MNI152NLin2009cAsym/tpl-MNI152NLin2009cAsym_res-01_desc-brain_T1w.nii.gz
  moving image: /home/mdugre/scratch/mri-registration-rp/datasets/ds004513/derivatives/mri-registration-rp/antsBrainExtraction/sub-s033/BrainExtractionBrain.nii.gz
Dimension = 3
Number of stages = 1
Use histogram matching = false
Winsorize image intensities = true
  Lower quantile = 0.005
  Upper quantile = 0.995


Stage 1 State
   Image metric = MattesMI
     Fixed image = Image (0x3c437e0)
  RTTI typeinfo:   itk::Image<double, 3u>
  Reference Count: 2
  Modified Time: 1592
  Debug: Off
  Object Name: 
  Observers: 
    none
  Source: (none)
  Source output name: (none)
  Release Data: Off
  Data Released: False
  Global Release Data: Off
  PipelineMTime: 0
  UpdateMTime: 1203
  RealTimeStamp: 0 seconds 
  LargestPossibleRegion: 
    Dimension: 3
    Index: [0, 0, 0]
    Size: [193, 229, 193]
  BufferedRegion: 
    Dimension: 3
    Index: [0, 0, 0]
    Size: [193, 229, 193]
  RequestedRegion: 
    Dimension: 3
    Index: [0, 0, 0]
    Size: [193, 229, 193]
  Spacing: [1, 1, 1]
  Origin: [96, 132, -78]
  Direction: 
-1 0 0
0 -1 0
0 0 1

  IndexToPointMatrix: 
-1 0 0
0 -1 0
0 0 1

  PointToIndexMatrix: 
-1 0 0
0 -1 0
0 0 1

  Inverse Direction: 
-1 0 0
0 -1 0
0 0 1

  PixelContainer: 
    ImportImageContainer (0x3d03a20)
      RTTI typeinfo:   itk::ImportImageContainer<unsigned long, double>
      Reference Count: 1
      Modified Time: 1200
      Debug: Off
      Object Name: 
      Observers: 
        none
      Pointer: 0x1503ea639010
      Container manages memory: true
      Size: 8530021
      Capacity: 8530021

     Moving image = Image (0x3d0e840)
  RTTI typeinfo:   itk::Image<double, 3u>
  Reference Count: 2
  Modified Time: 1593
  Debug: Off
  Object Name: 
  Observers: 
    none
  Source: (none)
  Source output name: (none)
  Release Data: Off
  Data Released: False
  Global Release Data: Off
  PipelineMTime: 0
  UpdateMTime: 1590
  RealTimeStamp: 0 seconds 
  LargestPossibleRegion: 
    Dimension: 3
    Index: [0, 0, 0]
    Size: [160, 240, 256]
  BufferedRegion: 
    Dimension: 3
    Index: [0, 0, 0]
    Size: [160, 240, 256]
  RequestedRegion: 
    Dimension: 3
    Index: [0, 0, 0]
    Size: [160, 240, 256]
  Spacing: [1, 1, 1]
  Origin: [91.5134, 94.282, -109.927]
  Direction: 
-0.99591 -0.0698718 -0.0572835
0.0697565 -0.997556 0.00401236
-0.0574239 5.01125e-08 0.99835

  IndexToPointMatrix: 
-0.99591 -0.0698718 -0.0572835
0.0697565 -0.997556 0.00401236
-0.0574239 5.01125e-08 0.99835

  PointToIndexMatrix: 
-0.99591 0.0697565 -0.0574239
-0.0698718 -0.997556 5.01483e-08
-0.0572835 0.00401236 0.99835

  Inverse Direction: 
-0.99591 0.0697565 -0.0574239
-0.0698718 -0.997556 5.01483e-08
-0.0572835 0.00401236 0.99835

  PixelContainer: 
    ImportImageContainer (0x3cb6c90)
      RTTI typeinfo:   itk::ImportImageContainer<unsigned long, double>
      Reference Count: 1
      Modified Time: 1587
      Debug: Off
      Object Name: 
      Observers: 
        none
      Pointer: 0x1503e5b38010
      Container manages memory: true
      Size: 9830400
      Capacity: 9830400

     Weighting = 1
     Sampling strategy = regular
     Number of bins = 32
     Radius = 4
     Sampling percentage  = 0.25
   Transform = Affine
     Gradient step = 0.1
     Update field sigma (voxel space) = 0
     Total field sigma (voxel space) = 0
     Update field time sigma = 0
     Total field time sigma  = 0
     Number of time indices = 0
     Number of time point samples = 0
Registration using 1 total stages.

Stage 0
  iterations = 1000x500x250x100
  convergence threshold = 1e-06
  convergence window size = 10
  number of levels = 4
  using the Mattes MI metric (number of bins = 32, weight = 1, use gradient filter = 0)
  preprocessing:  winsorizing the image intensities
  Shrink factors (level 1 out of 4): [8, 8, 8]
  Shrink factors (level 2 out of 4): [4, 4, 4]
  Shrink factors (level 3 out of 4): [2, 2, 2]
  Shrink factors (level 4 out of 4): [1, 1, 1]
  smoothing sigmas per level: [3, 2, 1, 0]
  regular sampling (percentage = 0.25)

*** Running AffineTransform registration ***

DIAGNOSTIC,Iteration,metricValue,convergenceValue,ITERATION_TIME_INDEX,SINCE_LAST
 2DIAGNOSTIC,     1, -6.378885965247e-01, 1.797693134862e+308, 7.5091e-01, 7.5091e-01, 
 2DIAGNOSTIC,     2, -6.404925268574e-01, 1.797693134862e+308, 7.5625e-01, 5.3489e-03, 
 2DIAGNOSTIC,     3, -6.446199109250e-01, 1.797693134862e+308, 7.6090e-01, 4.6430e-03, 
 2DIAGNOSTIC,     4, -6.522777795832e-01, 1.797693134862e+308, 7.6636e-01, 5.4650e-03, 
 2DIAGNOSTIC,     5, -6.639076250015e-01, 1.797693134862e+308, 7.7078e-01, 4.4219e-03, 
 2DIAGNOSTIC,     6, -6.836928815530e-01, 1.797693134862e+308, 7.7537e-01, 4.5810e-03, 
 2DIAGNOSTIC,     7, -7.245302728724e-01, 1.797693134862e+308, 7.8023e-01, 4.8649e-03, 
 2DIAGNOSTIC,     8, -8.476060289624e-01, 1.797693134862e+308, 7.8581e-01, 5.5761e-03, 
 2DIAGNOSTIC,     9, -8.745274926045e-01, 1.797693134862e+308, 7.9334e-01, 7.5359e-03, 
 2DIAGNOSTIC,    10, -8.770443556699e-01, 2.444257641743e-02, 7.9817e-01, 4.8261e-03, 
 2DIAGNOSTIC,    11, -8.854084610815e-01, 2.434575253826e-02, 8.0297e-01, 4.8008e-03, 
 2DIAGNOSTIC,    12, -8.932404146603e-01, 2.240386839310e-02, 8.0838e-01, 5.4140e-03, 
 2DIAGNOSTIC,    13, -8.975174324928e-01, 1.898841209986e-02, 8.1316e-01, 4.7801e-03, 
 2DIAGNOSTIC,    14, -9.017274722389e-01, 1.473603399917e-02, 8.1849e-01, 5.3310e-03, 
 2DIAGNOSTIC,    15, -9.068205869213e-01, 1.025220481910e-02, 8.3336e-01, 1.4868e-02, 
 2DIAGNOSTIC,    16, -9.068201767913e-01, 5.938408657143e-03, 8.3818e-01, 4.8201e-03, 
 2DIAGNOSTIC,    17, -9.068205313735e-01, 2.449903551807e-03, 8.4292e-01, 4.7369e-03, 
 2DIAGNOSTIC,    18, -9.068211308875e-01, 1.582642085713e-03, 8.4768e-01, 4.7600e-03, 
 2DIAGNOSTIC,    19, -9.068221442273e-01, 1.171437750956e-03, 8.5279e-01, 5.1131e-03, 
 2DIAGNOSTIC,    20, -9.068238569717e-01, 7.389689128923e-04, 8.5757e-01, 4.7820e-03, 
 2DIAGNOSTIC,    21, -9.068267508463e-01, 4.203080053812e-04, 8.6270e-01, 5.1210e-03, 
 2DIAGNOSTIC,    22, -9.068316376369e-01, 2.180933866154e-04, 8.6746e-01, 4.7591e-03, 
 2DIAGNOSTIC,    23, -9.068398470252e-01, 7.828864532148e-05, 8.7214e-01, 4.6830e-03, 
 2DIAGNOSTIC,    24, -9.068536146152e-01, 2.320381397018e-06, 8.7702e-01, 4.8828e-03, 
 2DIAGNOSTIC,    25, -9.068767001248e-01, 2.800753620677e-06, 8.8190e-01, 4.8840e-03, 
 2DIAGNOSTIC,    26, -9.069154278619e-01, 3.604637975059e-06, 8.8663e-01, 4.7238e-03, 
 2DIAGNOSTIC,    27, -9.068295915211e-01, 3.047206534212e-06, 8.9177e-01, 5.1389e-03, 
 2DIAGNOSTIC,    28, -9.069359486498e-01, 3.696303888190e-06, 8.9681e-01, 5.0452e-03, 
 2DIAGNOSTIC,    29, -9.069562428584e-01, 4.269106925310e-06, 9.0207e-01, 5.2590e-03, 
 2DIAGNOSTIC,    30, -9.070591160580e-01, 5.669678647187e-06, 9.0737e-01, 5.2991e-03, 
 2DIAGNOSTIC,    31, -9.069967474364e-01, 5.888488510228e-06, 9.1206e-01, 4.6930e-03, 
 2DIAGNOSTIC,    32, -9.068395493325e-01, 4.093218489473e-06, 9.1679e-01, 4.7240e-03, 
 2DIAGNOSTIC,    33, -9.069160014733e-01, 3.029236241854e-06, 9.2204e-01, 5.2500e-03, 
 2DIAGNOSTIC,    34, -9.072138207306e-01, 4.823041595825e-06, 9.2733e-01, 5.2950e-03, 
 2DIAGNOSTIC,    35, -9.071459199522e-01, 5.602989268522e-06, 9.3210e-01, 4.7700e-03, 
 2DIAGNOSTIC,    36, -9.074834946782e-01, 9.483342595672e-06, 9.3737e-01, 5.2691e-03, 
 2DIAGNOSTIC,    37, -9.076022487706e-01, 1.258744557354e-05, 9.4230e-01, 4.9310e-03, 
 2DIAGNOSTIC,    38, -9.077867427797e-01, 1.692164487245e-05, 9.4759e-01, 5.2831e-03, 
 2DIAGNOSTIC,    39, -9.080471260403e-01, 2.179388014737e-05, 9.5233e-01, 4.7479e-03, 
 2DIAGNOSTIC,    40, -9.077282342902e-01, 2.260351546543e-05, 9.5764e-01, 5.3082e-03, 
 2DIAGNOSTIC,    41, -9.076431944094e-01, 2.026941433677e-05, 9.6295e-01, 5.3079e-03, 
 2DIAGNOSTIC,    42, -9.074595404931e-01, 1.351646614253e-05, 9.6817e-01, 5.2218e-03, 
 2DIAGNOSTIC,    43, -9.072227708788e-01, 4.581165459337e-06, 9.7295e-01, 4.7760e-03, 
DIAGNOSTIC,Iteration,metricValue,convergenceValue,ITERATION_TIME_INDEX,SINCE_LAST
 2DIAGNOSTIC,     1, -7.441068491137e-01, 1.797693134862e+308, 1.7191e+00, 7.4614e-01, 
 2DIAGNOSTIC,     2, -7.446664133587e-01, 1.797693134862e+308, 1.7556e+00, 3.6553e-02, 
 2DIAGNOSTIC,     3, -7.453533564587e-01, 1.797693134862e+308, 1.7915e+00, 3.5884e-02, 
 2DIAGNOSTIC,     4, -7.461542381643e-01, 1.797693134862e+308, 1.8267e+00, 3.5208e-02, 
 2DIAGNOSTIC,     5, -7.472183151763e-01, 1.797693134862e+308, 1.8632e+00, 3.6453e-02, 
 2DIAGNOSTIC,     6, -7.483490724259e-01, 1.797693134862e+308, 1.9152e+00, 5.2020e-02, 
 2DIAGNOSTIC,     7, -7.483974970277e-01, 1.797693134862e+308, 1.9584e+00, 4.3190e-02, 
 2DIAGNOSTIC,     8, -7.484530608689e-01, 1.797693134862e+308, 1.9974e+00, 3.8968e-02, 
 2DIAGNOSTIC,     9, -7.485058038993e-01, 1.797693134862e+308, 2.0357e+00, 3.8321e-02, 
 2DIAGNOSTIC,    10, -7.486747053052e-01, 4.343521600206e-04, 2.0931e+00, 5.7428e-02, 
 2DIAGNOSTIC,    11, -7.486928646743e-01, 3.197808396195e-04, 2.1344e+00, 4.1255e-02, 
 2DIAGNOSTIC,    12, -7.486708436836e-01, 2.131102023935e-04, 2.1706e+00, 3.6255e-02, 
 2DIAGNOSTIC,    13, -7.486703709579e-01, 1.242698304402e-04, 2.2102e+00, 3.9623e-02, 
 2DIAGNOSTIC,    14, -7.486836977599e-01, 5.870830366538e-05, 2.2493e+00, 3.9064e-02, 
 2DIAGNOSTIC,    15, -7.486687953864e-01, 2.246037864011e-05, 2.2849e+00, 3.5631e-02, 
 2DIAGNOSTIC,    16, -7.486662192702e-01, 1.568690775614e-05, 2.3331e+00, 4.8134e-02, 
 2DIAGNOSTIC,    17, -7.486432793545e-01, 9.069970706536e-06, 2.3740e+00, 4.0959e-02, 
 2DIAGNOSTIC,    18, -7.486213652641e-01, 3.261214839817e-06, 2.4106e+00, 3.6598e-02, 
DIAGNOSTIC,Iteration,metricValue,convergenceValue,ITERATION_TIME_INDEX,SINCE_LAST
 2DIAGNOSTIC,     1, -6.325778225694e-01, 1.797693134862e+308, 3.5340e+00, 1.1234e+00, 
 2DIAGNOSTIC,     2, -6.331245674030e-01, 1.797693134862e+308, 3.8318e+00, 2.9783e-01, 
 2DIAGNOSTIC,     3, -6.337762779008e-01, 1.797693134862e+308, 4.1379e+00, 3.0607e-01, 
 2DIAGNOSTIC,     4, -6.347788678129e-01, 1.797693134862e+308, 4.4057e+00, 2.6777e-01, 
 2DIAGNOSTIC,     5, -6.375284365014e-01, 1.797693134862e+308, 5.0227e+00, 6.1705e-01, 
 2DIAGNOSTIC,     6, -6.375266616507e-01, 1.797693134862e+308, 5.3938e+00, 3.7111e-01, 
 2DIAGNOSTIC,     7, -6.375252481035e-01, 1.797693134862e+308, 5.7923e+00, 3.9847e-01, 
 2DIAGNOSTIC,     8, -6.375255580903e-01, 1.797693134862e+308, 6.1033e+00, 3.1102e-01, 
 2DIAGNOSTIC,     9, -6.375230281944e-01, 1.797693134862e+308, 6.4142e+00, 3.1090e-01, 
 2DIAGNOSTIC,    10, -6.375212356890e-01, 5.707675835191e-04, 6.7320e+00, 3.1777e-01, 
 2DIAGNOSTIC,    11, -6.375213987279e-01, 3.925891391557e-04, 7.0367e+00, 3.0475e-01, 
 2DIAGNOSTIC,    12, -6.375208046674e-01, 2.309881013316e-04, 7.3596e+00, 3.2285e-01, 
 2DIAGNOSTIC,    13, -6.375199303588e-01, 9.619500542053e-05, 7.6767e+00, 3.1706e-01, 
 2DIAGNOSTIC,    14, -6.375199500365e-01, 1.646969267313e-06, 8.0370e+00, 3.6035e-01, 
 2DIAGNOSTIC,    15, -6.375162602977e-01, 1.529013512205e-06, 8.3624e+00, 3.2536e-01, 
 2DIAGNOSTIC,    16, -6.375155204913e-01, 1.413033890688e-06, 8.6758e+00, 3.1345e-01, 
 2DIAGNOSTIC,    17, -6.375150697150e-01, 1.312907629364e-06, 8.9987e+00, 3.2286e-01, 
 2DIAGNOSTIC,    18, -6.375150289941e-01, 1.282776070144e-06, 9.3010e+00, 3.0230e-01, 
 2DIAGNOSTIC,    19, -6.375146197120e-01, 1.232919591553e-06, 9.6319e+00, 3.3090e-01, 
