
##########################
# Experiment information #
##########################

EXPERIMENT_NAME: antsRegistration-r8-p21
VFC_BACKENDS: libinterflop_vprec.so --range-binary32=8 --precision-binary32=21 --range-binary64=8 --precision-binary64=21

SIF_IMG: /home/mdugre/projects/rrg-glatard/mdugre/containers/ants-vprec-no_metrics.simg

SUBJECT_ID: s017
INPUT_IMG: /home/mdugre/scratch/mri-registration-rp/datasets/ds004513/derivatives/mri-registration-rp/antsBrainExtraction/sub-s017/BrainExtractionBrain.nii.gz
OUTPUT_DIR: /home/mdugre/scratch/mri-registration-rp/datasets/ds004513/derivatives/mri-registration-rp/0100/antsRegistration-r8-p21/sub-s017

FIXED_IMG: /templateflow/tpl-MNI152NLin2009cAsym/tpl-MNI152NLin2009cAsym_res-01_desc-brain_T1w.nii.gz
DATA_DIR: /home/mdugre/scratch/mri-registration-rp/datasets/ds004513
TEMPLATEFLOW_DIR: /home/mdugre/projects/rrg-glatard/mdugre/templateflow
ITK_GLOBAL_DEFAULT_NUMBER_OF_THREADS: 16
##########################

Info [verificarlo]: loaded backend libinterflop_ieee.so
Info [interflop-ieee]: load backend with:
Info [interflop-ieee]: debug = false
Info [interflop-ieee]: debug-binary = false
Info [interflop-ieee]: no-backend-name = false
Info [interflop-ieee]: print-new-line = false
Info [interflop-ieee]: print-subnormal-normalized = false
Info [interflop-ieee]: count-op = false
All_Command_lines_OK
Using double precision for computations.
=============================================================================
The composite transform comprises the following transforms (in order): 
  1. Center of mass alignment using fixed image: /templateflow/tpl-MNI152NLin2009cAsym/tpl-MNI152NLin2009cAsym_res-01_desc-brain_T1w.nii.gz and moving image: /home/mdugre/scratch/mri-registration-rp/datasets/ds004513/derivatives/mri-registration-rp/antsBrainExtraction/sub-s017/BrainExtractionBrain.nii.gz (type = Euler3DTransform)
=============================================================================
  number of levels = 1
  fixed image: /templateflow/tpl-MNI152NLin2009cAsym/tpl-MNI152NLin2009cAsym_res-01_desc-brain_T1w.nii.gz
  moving image: /home/mdugre/scratch/mri-registration-rp/datasets/ds004513/derivatives/mri-registration-rp/antsBrainExtraction/sub-s017/BrainExtractionBrain.nii.gz
Dimension = 3
Number of stages = 1
Use histogram matching = false
Winsorize image intensities = true
  Lower quantile = 0.005
  Upper quantile = 0.995


Stage 1 State
   Image metric = MattesMI
     Fixed image = Image (0x47bae70)
  RTTI typeinfo:   itk::Image<double, 3u>
  Reference Count: 2
  Modified Time: 2334
  Debug: Off
  Object Name: 
  Observers: 
    none
  Source: (none)
  Source output name: (none)
  Release Data: Off
  Data Released: False
  Global Release Data: Off
  PipelineMTime: 0
  UpdateMTime: 1943
  RealTimeStamp: 0 seconds 
  LargestPossibleRegion: 
    Dimension: 3
    Index: [0, 0, 0]
    Size: [193, 229, 193]
  BufferedRegion: 
    Dimension: 3
    Index: [0, 0, 0]
    Size: [193, 229, 193]
  RequestedRegion: 
    Dimension: 3
    Index: [0, 0, 0]
    Size: [193, 229, 193]
  Spacing: [1, 1, 1]
  Origin: [96, 132, -78]
  Direction: 
-1 0 0
0 -1 0
0 0 1

  IndexToPointMatrix: 
-1 0 0
0 -1 0
0 0 1

  PointToIndexMatrix: 
-1 0 0
0 -1 0
0 0 1

  Inverse Direction: 
-1 0 0
0 -1 0
0 0 1

  PixelContainer: 
    ImportImageContainer (0x47c3c60)
      RTTI typeinfo:   itk::ImportImageContainer<unsigned long, double>
      Reference Count: 1
      Modified Time: 1940
      Debug: Off
      Object Name: 
      Observers: 
        none
      Pointer: 0x14bbecd25010
      Container manages memory: true
      Size: 8530021
      Capacity: 8530021

     Moving image = Image (0x47c6610)
  RTTI typeinfo:   itk::Image<double, 3u>
  Reference Count: 2
  Modified Time: 2335
  Debug: Off
  Object Name: 
  Observers: 
    none
  Source: (none)
  Source output name: (none)
  Release Data: Off
  Data Released: False
  Global Release Data: Off
  PipelineMTime: 0
  UpdateMTime: 2332
  RealTimeStamp: 0 seconds 
  LargestPossibleRegion: 
    Dimension: 3
    Index: [0, 0, 0]
    Size: [160, 240, 256]
  BufferedRegion: 
    Dimension: 3
    Index: [0, 0, 0]
    Size: [160, 240, 256]
  RequestedRegion: 
    Dimension: 3
    Index: [0, 0, 0]
    Size: [160, 240, 256]
  Spacing: [1, 1, 1]
  Origin: [91.3357, 102.231, -120.042]
  Direction: 
-0.997442 -5.36781e-05 -0.0714818
5.35416e-05 -1 3.82465e-06
-0.0714818 -1.23894e-08 0.997442

  IndexToPointMatrix: 
-0.997444 -5.36781e-05 -0.0714818
5.35418e-05 -1 3.82465e-06
-0.0714819 -1.23894e-08 0.997442

  PointToIndexMatrix: 
-0.99744 5.35415e-05 -0.0714816
-5.36781e-05 -1 -1.23894e-08
-0.0714818 3.82465e-06 0.997442

  Inverse Direction: 
-0.997442 5.35416e-05 -0.0714818
-5.36781e-05 -1 -1.23894e-08
-0.0714818 3.82465e-06 0.997442

  PixelContainer: 
    ImportImageContainer (0x485fef0)
      RTTI typeinfo:   itk::ImportImageContainer<unsigned long, double>
      Reference Count: 1
      Modified Time: 2329
      Debug: Off
      Object Name: 
      Observers: 
        none
      Pointer: 0x14bbe8224010
      Container manages memory: true
      Size: 9830400
      Capacity: 9830400

     Weighting = 1
     Sampling strategy = regular
     Number of bins = 32
     Radius = 4
     Sampling percentage  = 0.25
   Transform = Rigid
     Gradient step = 0.1
     Update field sigma (voxel space) = 0
     Total field sigma (voxel space) = 0
     Update field time sigma = 0
     Total field time sigma  = 0
     Number of time indices = 0
     Number of time point samples = 0
Registration using 1 total stages.

Stage 0
  iterations = 0
  convergence threshold = 1e-06
  convergence window size = 10
  number of levels = 1
  using the Mattes MI metric (number of bins = 32, weight = 1, use gradient filter = 0)
  preprocessing:  winsorizing the image intensities
  Shrink factors (level 1 out of 1): [1, 1, 1]
  smoothing sigmas per level: [0]
  regular sampling (percentage = 0.25)

*** Running Euler3DTransform registration ***

  Elapsed time (stage 0): 1.12327


Total elapsed time: 1.12542
Info [verificarlo]: loaded backend libinterflop_vprec.so
Info [interflop-vprec]: load backend with: 
Info [interflop-vprec]: precision-binary32 = 21
Info [interflop-vprec]: range-binary32 = 8
Info [interflop-vprec]: precision-binary64 = 21
Info [interflop-vprec]: range-binary64 = 8
Info [interflop-vprec]: mode = ob
Info [interflop-vprec]: error-mode = rel
Info [interflop-vprec]: max-abs-error-exponent = -1022
Info [interflop-vprec]: daz = false
Info [interflop-vprec]: ftz = false
Info [interflop-vprec]: 	instrument = none
Info [interflop-vprec]: 	prec-input-file = (null)
Info [interflop-vprec]: 	prec-output-file = (null)
Info [interflop-vprec]: 	prec-log-file = (null)
All_Command_lines_OK
Using double precision for computations.
=============================================================================
The composite transform comprises the following transforms (in order): 
  1. /home/mdugre/scratch/mri-registration-rp/datasets/ds004513/derivatives/mri-registration-rp/0100/antsRegistration-r8-p21/sub-s017/align_Composite.h5[0] (type = Euler3DTransform)
  2. /home/mdugre/scratch/mri-registration-rp/datasets/ds004513/derivatives/mri-registration-rp/0100/antsRegistration-r8-p21/sub-s017/align_Composite.h5[1] (type = Euler3DTransform)
=============================================================================
  number of levels = 4
  fixed image: /templateflow/tpl-MNI152NLin2009cAsym/tpl-MNI152NLin2009cAsym_res-01_desc-brain_T1w.nii.gz
  moving image: /home/mdugre/scratch/mri-registration-rp/datasets/ds004513/derivatives/mri-registration-rp/antsBrainExtraction/sub-s017/BrainExtractionBrain.nii.gz
Dimension = 3
Number of stages = 1
Use histogram matching = false
Winsorize image intensities = true
  Lower quantile = 0.005
  Upper quantile = 0.995


Stage 1 State
   Image metric = MattesMI
     Fixed image = Image (0x359c1e0)
  RTTI typeinfo:   itk::Image<double, 3u>
  Reference Count: 2
  Modified Time: 1580
  Debug: Off
  Object Name: 
  Observers: 
    none
  Source: (none)
  Source output name: (none)
  Release Data: Off
  Data Released: False
  Global Release Data: Off
  PipelineMTime: 0
  UpdateMTime: 1189
  RealTimeStamp: 0 seconds 
  LargestPossibleRegion: 
    Dimension: 3
    Index: [0, 0, 0]
    Size: [193, 229, 193]
  BufferedRegion: 
    Dimension: 3
    Index: [0, 0, 0]
    Size: [193, 229, 193]
  RequestedRegion: 
    Dimension: 3
    Index: [0, 0, 0]
    Size: [193, 229, 193]
  Spacing: [1, 1, 1]
  Origin: [96, 132, -78]
  Direction: 
-1 0 0
0 -1 0
0 0 1

  IndexToPointMatrix: 
-1 0 0
0 -1 0
0 0 1

  PointToIndexMatrix: 
-1 0 0
0 -1 0
0 0 1

  Inverse Direction: 
-1 0 0
0 -1 0
0 0 1

  PixelContainer: 
    ImportImageContainer (0x365b680)
      RTTI typeinfo:   itk::ImportImageContainer<unsigned long, double>
      Reference Count: 1
      Modified Time: 1186
      Debug: Off
      Object Name: 
      Observers: 
        none
      Pointer: 0x151ba6bec010
      Container manages memory: true
      Size: 8530021
      Capacity: 8530021

     Moving image = Image (0x3657b20)
  RTTI typeinfo:   itk::Image<double, 3u>
  Reference Count: 2
  Modified Time: 1581
  Debug: Off
  Object Name: 
  Observers: 
    none
  Source: (none)
  Source output name: (none)
  Release Data: Off
  Data Released: False
  Global Release Data: Off
  PipelineMTime: 0
  UpdateMTime: 1578
  RealTimeStamp: 0 seconds 
  LargestPossibleRegion: 
    Dimension: 3
    Index: [0, 0, 0]
    Size: [160, 240, 256]
  BufferedRegion: 
    Dimension: 3
    Index: [0, 0, 0]
    Size: [160, 240, 256]
  RequestedRegion: 
    Dimension: 3
    Index: [0, 0, 0]
    Size: [160, 240, 256]
  Spacing: [1, 1, 1]
  Origin: [91.3357, 102.231, -120.042]
  Direction: 
-0.997442 -5.36781e-05 -0.0714818
5.35417e-05 -1 3.82465e-06
-0.0714818 -1.23894e-08 0.997442

  IndexToPointMatrix: 
-0.997444 -5.36781e-05 -0.0714818
5.35418e-05 -1 3.82465e-06
-0.0714819 -1.23894e-08 0.997442

  PointToIndexMatrix: 
-0.99744 5.35416e-05 -0.0714816
-5.36781e-05 -1 -1.23891e-08
-0.0714818 3.82465e-06 0.997442

  Inverse Direction: 
-0.997442 5.35417e-05 -0.0714818
-5.36781e-05 -1 -1.23891e-08
-0.0714818 3.82465e-06 0.997442

  PixelContainer: 
    ImportImageContainer (0x36c0d50)
      RTTI typeinfo:   itk::ImportImageContainer<unsigned long, double>
      Reference Count: 1
      Modified Time: 1575
      Debug: Off
      Object Name: 
      Observers: 
        none
      Pointer: 0x151ba20eb010
      Container manages memory: true
      Size: 9830400
      Capacity: 9830400

     Weighting = 1
     Sampling strategy = regular
     Number of bins = 32
     Radius = 4
     Sampling percentage  = 0.25
   Transform = Rigid
     Gradient step = 0.1
     Update field sigma (voxel space) = 0
     Total field sigma (voxel space) = 0
     Update field time sigma = 0
     Total field time sigma  = 0
     Number of time indices = 0
     Number of time point samples = 0
Registration using 1 total stages.

Stage 0
  iterations = 1000x500x250x100
  convergence threshold = 1e-06
  convergence window size = 10
  number of levels = 4
  using the Mattes MI metric (number of bins = 32, weight = 1, use gradient filter = 0)
  preprocessing:  winsorizing the image intensities
  Shrink factors (level 1 out of 4): [8, 8, 8]
  Shrink factors (level 2 out of 4): [4, 4, 4]
  Shrink factors (level 3 out of 4): [2, 2, 2]
  Shrink factors (level 4 out of 4): [1, 1, 1]
  smoothing sigmas per level: [3, 2, 1, 0]
  regular sampling (percentage = 0.25)

*** Running Euler3DTransform registration ***

DIAGNOSTIC,Iteration,metricValue,convergenceValue,ITERATION_TIME_INDEX,SINCE_LAST
 2DIAGNOSTIC,     1, -5.567771482101e-01, 1.797693134862e+308, 0.0000e+00, 0.0000e+00, 
 2DIAGNOSTIC,     2, -5.584245652463e-01, 1.797693134862e+308, 0.0000e+00, 0.0000e+00, 
 2DIAGNOSTIC,     3, -5.612728323316e-01, 1.797693134862e+308, 0.0000e+00, 0.0000e+00, 
 2DIAGNOSTIC,     4, -5.637800556639e-01, 1.797693134862e+308, 0.0000e+00, 0.0000e+00, 
 2DIAGNOSTIC,     5, -5.658264781312e-01, 1.797693134862e+308, 0.0000e+00, 0.0000e+00, 
 2DIAGNOSTIC,     6, -5.696501479301e-01, 1.797693134862e+308, 0.0000e+00, 0.0000e+00, 
 2DIAGNOSTIC,     7, -5.734187283153e-01, 1.797693134862e+308, 0.0000e+00, 0.0000e+00, 
 2DIAGNOSTIC,     8, -5.754482361834e-01, 1.797693134862e+308, 0.0000e+00, 0.0000e+00, 
 2DIAGNOSTIC,     9, -5.763086286705e-01, 1.797693134862e+308, 0.0000e+00, 0.0000e+00, 
 2DIAGNOSTIC,    10, -5.770946278657e-01, 2.557245076810e-03, 0.0000e+00, 0.0000e+00, 
 2DIAGNOSTIC,    11, -5.785212436386e-01, 2.175621019549e-03, 0.0000e+00, 0.0000e+00, 
 2DIAGNOSTIC,    12, -5.799338811209e-01, 1.785904838190e-03, 0.0000e+00, 0.0000e+00, 
 2DIAGNOSTIC,    13, -5.808091933626e-01, 1.437077782296e-03, 0.0000e+00, 0.0000e+00, 
 2DIAGNOSTIC,    14, -5.814246927838e-01, 1.121043627198e-03, 0.0000e+00, 0.0000e+00, 
 2DIAGNOSTIC,    15, -5.818817081479e-01, 8.274810839130e-04, 0.0000e+00, 0.0000e+00, 
 2DIAGNOSTIC,    16, -5.822304743857e-01, 6.221094196578e-04, 0.0000e+00, 0.0000e+00, 
 2DIAGNOSTIC,    17, -5.829358156915e-01, 5.128840974435e-04, 0.0000e+00, 0.0000e+00, 
 2DIAGNOSTIC,    18, -5.839273096952e-01, 4.512817780246e-04, 0.0000e+00, 0.0000e+00, 
 2DIAGNOSTIC,    19, -5.845487220613e-01, 3.929143868314e-04, 0.0000e+00, 0.0000e+00, 
 2DIAGNOSTIC,    20, -5.858998565393e-01, 3.565620743507e-04, 0.0000e+00, 0.0000e+00, 
 2DIAGNOSTIC,    21, -5.861694450054e-01, 3.295160522981e-04, 0.0000e+00, 0.0000e+00, 
 2DIAGNOSTIC,    22, -5.862571378943e-01, 3.078313663130e-04, 0.0000e+00, 0.0000e+00, 
 2DIAGNOSTIC,    23, -5.862965756156e-01, 2.789142403708e-04, 0.0000e+00, 0.0000e+00, 
 2DIAGNOSTIC,    24, -5.865924904367e-01, 2.449011811883e-04, 0.0000e+00, 0.0000e+00, 
 2DIAGNOSTIC,    25, -5.869460818896e-01, 2.064013011857e-04, 0.0000e+00, 0.0000e+00, 
 2DIAGNOSTIC,    26, -5.873477125749e-01, 1.655620573712e-04, 0.0000e+00, 0.0000e+00, 
 2DIAGNOSTIC,    27, -5.876816544125e-01, 1.311795153574e-04, 0.0000e+00, 0.0000e+00, 
 2DIAGNOSTIC,    28, -5.880600594043e-01, 1.111089847651e-04, 0.0000e+00, 0.0000e+00, 
 2DIAGNOSTIC,    29, -5.892781044387e-01, 1.125159666602e-04, 0.0000e+00, 0.0000e+00, 
 2DIAGNOSTIC,    30, -5.896638807603e-01, 1.310649849547e-04, 0.0000e+00, 0.0000e+00, 
 2DIAGNOSTIC,    31, -5.898993405660e-01, 1.441385471173e-04, 0.0000e+00, 0.0000e+00, 
 2DIAGNOSTIC,    32, -5.905603846874e-01, 1.545587471711e-04, 0.0000e+00, 0.0000e+00, 
 2DIAGNOSTIC,    33, -5.903783673738e-01, 1.473730544589e-04, 0.0000e+00, 0.0000e+00, 
 2DIAGNOSTIC,    34, -5.904374704354e-01, 1.317482583784e-04, 0.0000e+00, 0.0000e+00, 
 2DIAGNOSTIC,    35, -5.906292208002e-01, 1.121436183821e-04, 0.0000e+00, 0.0000e+00, 
 2DIAGNOSTIC,    36, -5.908219207352e-01, 9.113817906369e-05, 0.0000e+00, 0.0000e+00, 
 2DIAGNOSTIC,    37, -5.908624588792e-01, 6.760512165491e-05, 0.0000e+00, 0.0000e+00, 
 2DIAGNOSTIC,    38, -5.909362474692e-01, 4.451287872035e-05, 0.0000e+00, 0.0000e+00, 
 2DIAGNOSTIC,    39, -5.910291088014e-01, 3.492210955647e-05, 0.0000e+00, 0.0000e+00, 
 2DIAGNOSTIC,    40, -5.910693316867e-01, 2.768270563450e-05, 0.0000e+00, 0.0000e+00, 
 2DIAGNOSTIC,    41, -5.910987393105e-01, 2.111600323869e-05, 0.0000e+00, 0.0000e+00, 
 2DIAGNOSTIC,    42, -5.911091091974e-01, 2.082585136230e-05, 0.0000e+00, 0.0000e+00, 
 2DIAGNOSTIC,    43, -5.911310017986e-01, 1.684835396440e-05, 0.0000e+00, 0.0000e+00, 
 2DIAGNOSTIC,    44, -5.911670884052e-01, 1.252065185835e-05, 0.0000e+00, 0.0000e+00, 
 2DIAGNOSTIC,    45, -5.913094482345e-01, 1.081983420484e-05, 0.0000e+00, 0.0000e+00, 
 2DIAGNOSTIC,    46, -5.913264052798e-01, 1.041980653858e-05, 0.0000e+00, 0.0000e+00, 
 2DIAGNOSTIC,    47, -5.913296780450e-01, 9.572584321729e-06, 0.0000e+00, 0.0000e+00, 
 2DIAGNOSTIC,    48, -5.913406711386e-01, 8.772454630854e-06, 0.0000e+00, 0.0000e+00, 
 2DIAGNOSTIC,    49, -5.914784090093e-01, 9.502322141090e-06, 0.0000e+00, 0.0000e+00, 
 2DIAGNOSTIC,    50, -5.915099796798e-01, 9.988623395317e-06, 0.0000e+00, 0.0000e+00, 
 2DIAGNOSTIC,    51, -5.917014953509e-01, 1.167398885604e-05, 0.0000e+00, 0.0000e+00, 
 2DIAGNOSTIC,    52, -5.916163712832e-01, 1.152712182543e-05, 0.0000e+00, 0.0000e+00, 
 2DIAGNOSTIC,    53, -5.917182939664e-01, 1.152605179756e-05, 0.0000e+00, 0.0000e+00, 
 2DIAGNOSTIC,    54, -5.917224481713e-01, 1.077533920556e-05, 0.0000e+00, 0.0000e+00, 
 2DIAGNOSTIC,    55, -5.917241005476e-01, 1.032749708572e-05, 0.0000e+00, 0.0000e+00, 
 2DIAGNOSTIC,    56, -5.917261952806e-01, 9.133571968061e-06, 0.0000e+00, 0.0000e+00, 
 2DIAGNOSTIC,    57, -5.917280102283e-01, 7.222084511042e-06, 0.0000e+00, 0.0000e+00, 
 2DIAGNOSTIC,    58, -5.917304766113e-01, 4.834668049156e-06, 0.0000e+00, 0.0000e+00, 
 2DIAGNOSTIC,    59, -5.917299744912e-01, 3.243848222274e-06, 0.0000e+00, 0.0000e+00, 
 2DIAGNOSTIC,    60, -5.917298202779e-01, 1.662374596732e-06, 0.0000e+00, 0.0000e+00, 
 2DIAGNOSTIC,    61, -5.917298206019e-01, 1.579285315283e-06, 0.0000e+00, 0.0000e+00, 
DIAGNOSTIC,Iteration,metricValue,convergenceValue,ITERATION_TIME_INDEX,SINCE_LAST
 2DIAGNOSTIC,     1, -4.783437234034e-01, 1.797693134862e+308, 0.0000e+00, 0.0000e+00, 
 2DIAGNOSTIC,     2, -4.784748689859e-01, 1.797693134862e+308, 0.0000e+00, 0.0000e+00, 
 2DIAGNOSTIC,     3, -4.785465347497e-01, 1.797693134862e+308, 0.0000e+00, 0.0000e+00, 
 2DIAGNOSTIC,     4, -4.786371151355e-01, 1.797693134862e+308, 0.0000e+00, 0.0000e+00, 
 2DIAGNOSTIC,     5, -4.789995351657e-01, 1.797693134862e+308, 0.0000e+00, 0.0000e+00, 
 2DIAGNOSTIC,     6, -4.801119194175e-01, 1.797693134862e+308, 0.0000e+00, 0.0000e+00, 
 2DIAGNOSTIC,     7, -4.825801992460e-01, 1.797693134862e+308, 0.0000e+00, 0.0000e+00, 
 2DIAGNOSTIC,     8, -4.830597905608e-01, 1.797693134862e+308, 0.0000e+00, 0.0000e+00, 
 2DIAGNOSTIC,     9, -4.830371185409e-01, 1.797693134862e+308, 0.0000e+00, 0.0000e+00, 
 2DIAGNOSTIC,    10, -4.831062490490e-01, 8.278275330166e-04, 0.0000e+00, 0.0000e+00, 
 2DIAGNOSTIC,    11, -4.831181362999e-01, 7.563827760715e-04, 0.0000e+00, 0.0000e+00, 
 2DIAGNOSTIC,    12, -4.831241220157e-01, 6.340257592727e-04, 0.0000e+00, 0.0000e+00, 
 2DIAGNOSTIC,    13, -4.831105492530e-01, 4.763966107181e-04, 0.0000e+00, 0.0000e+00, 
 2DIAGNOSTIC,    14, -4.830980824916e-01, 3.034175134614e-04, 0.0000e+00, 0.0000e+00, 
 2DIAGNOSTIC,    15, -4.831027432786e-01, 1.407404317570e-04, 0.0000e+00, 0.0000e+00, 
 2DIAGNOSTIC,    16, -4.831106408668e-01, 2.464152259060e-05, 0.0000e+00, 0.0000e+00, 
 2DIAGNOSTIC,    17, -4.830916966359e-01, 4.728489971795e-06, 0.0000e+00, 0.0000e+00, 
 2DIAGNOSTIC,    18, -4.830948429088e-01, 2.683192180254e-06, 0.0000e+00, 0.0000e+00, 
DIAGNOSTIC,Iteration,metricValue,convergenceValue,ITERATION_TIME_INDEX,SINCE_LAST
 2DIAGNOSTIC,     1, -4.159720076797e-01, 1.797693134862e+308, 0.0000e+00, 0.0000e+00, 
 2DIAGNOSTIC,     2, -4.160130570535e-01, 1.797693134862e+308, 0.0000e+00, 0.0000e+00, 
 2DIAGNOSTIC,     3, -4.160318175482e-01, 1.797693134862e+308, 0.0000e+00, 0.0000e+00, 
 2DIAGNOSTIC,     4, -4.160279231308e-01, 1.797693134862e+308, 0.0000e+00, 0.0000e+00, 
 2DIAGNOSTIC,     5, -4.160297727529e-01, 1.797693134862e+308, 0.0000e+00, 0.0000e+00, 
 2DIAGNOSTIC,     6, -4.160294148531e-01, 1.797693134862e+308, 0.0000e+00, 0.0000e+00, 
 2DIAGNOSTIC,     7, -4.160277927775e-01, 1.797693134862e+308, 0.0000e+00, 0.0000e+00, 
 2DIAGNOSTIC,     8, -4.160274309553e-01, 1.797693134862e+308, 0.0000e+00, 0.0000e+00, 
 2DIAGNOSTIC,     9, -4.160267895780e-01, 1.797693134862e+308, 0.0000e+00, 0.0000e+00, 
 2DIAGNOSTIC,    10, -4.160268954516e-01, 7.535594801933e-06, 0.0000e+00, 0.0000e+00, 
 2DIAGNOSTIC,    11, -4.160262278673e-01, 3.312480747988e-06, 0.0000e+00, 0.0000e+00, 
 2DIAGNOSTIC,    12, -4.160253932131e-01, 2.015957438761e-06, 0.0000e+00, 0.0000e+00, 
 2DIAGNOSTIC,    13, -4.160247342318e-01, 1.936205092923e-06, 0.0000e+00, 0.0000e+00, 
 2DIAGNOSTIC,    14, -4.160249845478e-01, 1.733073983962e-06, 0.0000e+00, 0.0000e+00, 
 2DIAGNOSTIC,    15, -4.160251550862e-01, 1.696652554908e-06, 0.0000e+00, 0.0000e+00, 
 2DIAGNOSTIC,    16, -4.160235972929e-01, 1.623532871961e-06, 0.0000e+00, 0.0000e+00, 
 2DIAGNOSTIC,    17, -4.160244652554e-01, 1.565482893776e-06, 0.0000e+00, 0.0000e+00, 
 2DIAGNOSTIC,    18, -4.160244628456e-01, 1.527806772074e-06, 0.0000e+00, 0.0000e+00, 
 2DIAGNOSTIC,    19, -4.160239112221e-01, 1.472085630137e-06, 0.0000e+00, 0.0000e+00, 
 2DIAGNOSTIC,    20, -4.160248440219e-01, 1.477426339692e-06, 0.0000e+00, 0.0000e+00, 
 2DIAGNOSTIC,    21, -4.160242934841e-01, 1.453647244243e-06, 0.0000e+00, 0.0000e+00, 
 2DIAGNOSTIC,    22, -4.160245047107e-01, 1.419607727683e-06, 0.0000e+00, 0.0000e+00, 
 2DIAGNOSTIC,    23, -4.160247608054e-01, 1.378326295508e-06, 0.0000e+00, 0.0000e+00, 
 2DIAGNOSTIC,    24, -4.160271231550e-01, 1.414959123647e-06, 0.0000e+00, 0.0000e+00, 
 2DIAGNOSTIC,    25, -4.160261143046e-01, 1.417024813988e-06, 0.0000e+00, 0.0000e+00, 
 2DIAGNOSTIC,    26, -4.160248915534e-01, 1.333276528764e-06, 0.0000e+00, 0.0000e+00, 
 2DIAGNOSTIC,    27, -4.160235036235e-01, 1.234086360873e-06, 0.0000e+00, 0.0000e+00, 
 2DIAGNOSTIC,    28, -4.160214294247e-01, 1.086488102854e-06, 0.0000e+00, 0.0000e+00, 
DIAGNOSTIC,Iteration,metricValue,convergenceValue,ITERATION_TIME_INDEX,SINCE_LAST
 2DIAGNOSTIC,     1, -3.830227405047e-01, 1.797693134862e+308, 0.0000e+00, 0.0000e+00, 
 2DIAGNOSTIC,     2, -3.831704105142e-01, 1.797693134862e+308, 0.0000e+00, 0.0000e+00, 
 2DIAGNOSTIC,     3, -3.832483945622e-01, 1.797693134862e+308, 0.0000e+00, 0.0000e+00, 
 2DIAGNOSTIC,     4, -3.832750208416e-01, 1.797693134862e+308, 0.0000e+00, 0.0000e+00, 
 2DIAGNOSTIC,     5, -3.833024871534e-01, 1.797693134862e+308, 0.0000e+00, 0.0000e+00, 
 2DIAGNOSTIC,     6, -3.833024199109e-01, 1.797693134862e+308, 0.0000e+00, 0.0000e+00, 
 2DIAGNOSTIC,     7, -3.833001320531e-01, 1.797693134862e+308, 0.0000e+00, 0.0000e+00, 
 2DIAGNOSTIC,     8, -3.833008033410e-01, 1.797693134862e+308, 0.0000e+00, 0.0000e+00, 
 2DIAGNOSTIC,     9, -3.832984514852e-01, 1.797693134862e+308, 0.0000e+00, 0.0000e+00, 
 2DIAGNOSTIC,    10, -3.833008532060e-01, 3.570135965582e-05, 0.0000e+00, 0.0000e+00, 
 2DIAGNOSTIC,    11, -3.833020717318e-01, 1.589176702194e-05, 0.0000e+00, 0.0000e+00, 
 2DIAGNOSTIC,    12, -3.833025388216e-01, 7.282063129138e-06, 0.0000e+00, 0.0000e+00, 
 2DIAGNOSTIC,    13, -3.833022995068e-01, 3.991921521590e-06, 0.0000e+00, 0.0000e+00, 
 2DIAGNOSTIC,    14, -3.833020735386e-01, 2.389636337974e-06, 0.0000e+00, 0.0000e+00, 
 2DIAGNOSTIC,    15, -3.833019262097e-01, 2.339142990762e-06, 0.0000e+00, 0.0000e+00, 
 2DIAGNOSTIC,    16, -3.833014439423e-01, 2.249795649209e-06, 0.0000e+00, 0.0000e+00, 
 2DIAGNOSTIC,    17, -3.833019113471e-01, 2.067197841286e-06, 0.0000e+00, 0.0000e+00, 
 2DIAGNOSTIC,    18, -3.833022319569e-01, 1.931904151889e-06, 0.0000e+00, 0.0000e+00, 
 2DIAGNOSTIC,    19, -3.833034782836e-01, 1.750603768745e-06, 0.0000e+00, 0.0000e+00, 
 2DIAGNOSTIC,    20, -3.833044908252e-01, 1.705192039438e-06, 0.0000e+00, 0.0000e+00, 
 2DIAGNOSTIC,    21, -3.833060031884e-01, 1.749275653953e-06, 0.0000e+00, 0.0000e+00, 
 2DIAGNOSTIC,    22, -3.833069752711e-01, 1.815599851344e-06, 0.0000e+00, 0.0000e+00, 
 2DIAGNOSTIC,    23, -3.833124823876e-01, 2.011309757084e-06, 0.0000e+00, 0.0000e+00, 
 2DIAGNOSTIC,    24, -3.833272549169e-01, 2.577041863391e-06, 0.0000e+00, 0.0000e+00, 
 2DIAGNOSTIC,    25, -3.833612964512e-01, 3.975233328506e-06, 0.0000e+00, 0.0000e+00, 
 2DIAGNOSTIC,    26, -3.834515360492e-01, 7.550691768297e-06, 0.0000e+00, 0.0000e+00, 
 2DIAGNOSTIC,    27, -3.838077012517e-01, 2.000473205708e-05, 0.0000e+00, 0.0000e+00, 
 2DIAGNOSTIC,    28, -3.838064793262e-01, 2.953853993215e-05, 0.0000e+00, 0.0000e+00, 
 2DIAGNOSTIC,    29, -3.838057222900e-01, 3.588262589169e-05, 0.0000e+00, 0.0000e+00, 
 2DIAGNOSTIC,    30, -3.838057118992e-01, 3.866036742725e-05, 0.0000e+00, 0.0000e+00, 
 2DIAGNOSTIC,    31, -3.838058428537e-01, 3.767359814359e-05, 0.0000e+00, 0.0000e+00, 
 2DIAGNOSTIC,    32, -3.838057257833e-01, 3.316212895602e-05, 0.0000e+00, 0.0000e+00, 
 2DIAGNOSTIC,    33, -3.838057910040e-01, 2.600199797067e-05, 0.0000e+00, 0.0000e+00, 
 2DIAGNOSTIC,    34, -3.838057915273e-01, 1.733822558143e-05, 0.0000e+00, 0.0000e+00, 
 2DIAGNOSTIC,    35, -3.838057917112e-01, 8.368375835163e-06, 0.0000e+00, 0.0000e+00, 
  Elapsed time (stage 0): 0.0000e+00


Total elapsed time: 0.0000e+00
Info [verificarlo]: loaded backend libinterflop_ieee.so
Info [interflop-ieee]: load backend with:
Info [interflop-ieee]: debug = false
Info [interflop-ieee]: debug-binary = false
Info [interflop-ieee]: no-backend-name = false
Info [interflop-ieee]: print-new-line = false
Info [interflop-ieee]: print-subnormal-normalized = false
Info [interflop-ieee]: count-op = false
All_Command_lines_OK
Using double precision for computations.
=============================================================================
The composite transform comprises the following transforms (in order): 
  1. /home/mdugre/scratch/mri-registration-rp/datasets/ds004513/derivatives/mri-registration-rp/0100/antsRegistration-r8-p21/sub-s017/rigid_Composite.h5[0] (type = Euler3DTransform)
  2. /home/mdugre/scratch/mri-registration-rp/datasets/ds004513/derivatives/mri-registration-rp/0100/antsRegistration-r8-p21/sub-s017/rigid_Composite.h5[1] (type = Euler3DTransform)
  3. /home/mdugre/scratch/mri-registration-rp/datasets/ds004513/derivatives/mri-registration-rp/0100/antsRegistration-r8-p21/sub-s017/rigid_Composite.h5[2] (type = Euler3DTransform)
=============================================================================
  number of levels = 4
  fixed image: /templateflow/tpl-MNI152NLin2009cAsym/tpl-MNI152NLin2009cAsym_res-01_desc-brain_T1w.nii.gz
  moving image: /home/mdugre/scratch/mri-registration-rp/datasets/ds004513/derivatives/mri-registration-rp/antsBrainExtraction/sub-s017/BrainExtractionBrain.nii.gz
Dimension = 3
Number of stages = 1
Use histogram matching = false
Winsorize image intensities = true
  Lower quantile = 0.005
  Upper quantile = 0.995


Stage 1 State
   Image metric = MattesMI
     Fixed image = Image (0x4ebe7e0)
  RTTI typeinfo:   itk::Image<double, 3u>
  Reference Count: 2
  Modified Time: 1594
  Debug: Off
  Object Name: 
  Observers: 
    none
  Source: (none)
  Source output name: (none)
  Release Data: Off
  Data Released: False
  Global Release Data: Off
  PipelineMTime: 0
  UpdateMTime: 1203
  RealTimeStamp: 0 seconds 
  LargestPossibleRegion: 
    Dimension: 3
    Index: [0, 0, 0]
    Size: [193, 229, 193]
  BufferedRegion: 
    Dimension: 3
    Index: [0, 0, 0]
    Size: [193, 229, 193]
  RequestedRegion: 
    Dimension: 3
    Index: [0, 0, 0]
    Size: [193, 229, 193]
  Spacing: [1, 1, 1]
  Origin: [96, 132, -78]
  Direction: 
-1 0 0
0 -1 0
0 0 1

  IndexToPointMatrix: 
-1 0 0
0 -1 0
0 0 1

  PointToIndexMatrix: 
-1 0 0
0 -1 0
0 0 1

  Inverse Direction: 
-1 0 0
0 -1 0
0 0 1

  PixelContainer: 
    ImportImageContainer (0x4f89880)
      RTTI typeinfo:   itk::ImportImageContainer<unsigned long, double>
      Reference Count: 1
      Modified Time: 1200
      Debug: Off
      Object Name: 
      Observers: 
        none
      Pointer: 0x1460cbe60010
      Container manages memory: true
      Size: 8530021
      Capacity: 8530021

     Moving image = Image (0x4f7a050)
  RTTI typeinfo:   itk::Image<double, 3u>
  Reference Count: 2
  Modified Time: 1595
  Debug: Off
  Object Name: 
  Observers: 
    none
  Source: (none)
  Source output name: (none)
  Release Data: Off
  Data Released: False
  Global Release Data: Off
  PipelineMTime: 0
  UpdateMTime: 1592
  RealTimeStamp: 0 seconds 
  LargestPossibleRegion: 
    Dimension: 3
    Index: [0, 0, 0]
    Size: [160, 240, 256]
  BufferedRegion: 
    Dimension: 3
    Index: [0, 0, 0]
    Size: [160, 240, 256]
  RequestedRegion: 
    Dimension: 3
    Index: [0, 0, 0]
    Size: [160, 240, 256]
  Spacing: [1, 1, 1]
  Origin: [91.3357, 102.231, -120.042]
  Direction: 
-0.997442 -5.36781e-05 -0.0714818
5.35416e-05 -1 3.82465e-06
-0.0714818 -1.23894e-08 0.997442

  IndexToPointMatrix: 
-0.997444 -5.36781e-05 -0.0714818
5.35418e-05 -1 3.82465e-06
-0.0714819 -1.23894e-08 0.997442

  PointToIndexMatrix: 
-0.99744 5.35415e-05 -0.0714816
-5.36781e-05 -1 -1.23894e-08
-0.0714818 3.82465e-06 0.997442

  Inverse Direction: 
-0.997442 5.35416e-05 -0.0714818
-5.36781e-05 -1 -1.23894e-08
-0.0714818 3.82465e-06 0.997442

  PixelContainer: 
    ImportImageContainer (0x502d690)
      RTTI typeinfo:   itk::ImportImageContainer<unsigned long, double>
      Reference Count: 1
      Modified Time: 1589
      Debug: Off
      Object Name: 
      Observers: 
        none
      Pointer: 0x1460c735f010
      Container manages memory: true
      Size: 9830400
      Capacity: 9830400

     Weighting = 1
     Sampling strategy = regular
     Number of bins = 32
     Radius = 4
     Sampling percentage  = 0.25
   Transform = Affine
     Gradient step = 0.1
     Update field sigma (voxel space) = 0
     Total field sigma (voxel space) = 0
     Update field time sigma = 0
     Total field time sigma  = 0
     Number of time indices = 0
     Number of time point samples = 0
Registration using 1 total stages.

Stage 0
  iterations = 1000x500x250x100
  convergence threshold = 1e-06
  convergence window size = 10
  number of levels = 4
  using the Mattes MI metric (number of bins = 32, weight = 1, use gradient filter = 0)
  preprocessing:  winsorizing the image intensities
  Shrink factors (level 1 out of 4): [8, 8, 8]
  Shrink factors (level 2 out of 4): [4, 4, 4]
  Shrink factors (level 3 out of 4): [2, 2, 2]
  Shrink factors (level 4 out of 4): [1, 1, 1]
  smoothing sigmas per level: [3, 2, 1, 0]
  regular sampling (percentage = 0.25)

*** Running AffineTransform registration ***

DIAGNOSTIC,Iteration,metricValue,convergenceValue,ITERATION_TIME_INDEX,SINCE_LAST
 2DIAGNOSTIC,     1, -5.790235399130e-01, 1.797693134862e+308, 8.3495e-01, 8.3495e-01, 
 2DIAGNOSTIC,     2, -5.813832014119e-01, 1.797693134862e+308, 8.4066e-01, 5.7120e-03, 
 2DIAGNOSTIC,     3, -5.855627567350e-01, 1.797693134862e+308, 8.4576e-01, 5.1031e-03, 
 2DIAGNOSTIC,     4, -5.930042404590e-01, 1.797693134862e+308, 8.5087e-01, 5.1088e-03, 
 2DIAGNOSTIC,     5, -6.069500111072e-01, 1.797693134862e+308, 8.5556e-01, 4.6921e-03, 
 2DIAGNOSTIC,     6, -6.300908458957e-01, 1.797693134862e+308, 8.6028e-01, 4.7140e-03, 
 2DIAGNOSTIC,     7, -6.642979316231e-01, 1.797693134862e+308, 8.6515e-01, 4.8699e-03, 
 2DIAGNOSTIC,     8, -8.035804667413e-01, 1.797693134862e+308, 8.7180e-01, 6.6490e-03, 
 2DIAGNOSTIC,     9, -8.396454748474e-01, 1.797693134862e+308, 8.7808e-01, 6.2840e-03, 
 2DIAGNOSTIC,    10, -8.497592634305e-01, 2.898199285510e-02, 8.8405e-01, 5.9712e-03, 
 2DIAGNOSTIC,    11, -8.626474295499e-01, 2.928782077656e-02, 8.8987e-01, 5.8210e-03, 
 2DIAGNOSTIC,    12, -8.684917505255e-01, 2.719395474645e-02, 8.9518e-01, 5.3070e-03, 
 2DIAGNOSTIC,    13, -8.789491599005e-01, 2.343226947508e-02, 9.0122e-01, 6.0410e-03, 
 2DIAGNOSTIC,    14, -8.865230968343e-01, 1.860555423191e-02, 9.0848e-01, 7.2570e-03, 
 2DIAGNOSTIC,    15, -8.862647789500e-01, 1.326712391881e-02, 9.1457e-01, 6.0928e-03, 
 2DIAGNOSTIC,    16, -8.870378251231e-01, 8.111416844166e-03, 9.2175e-01, 7.1750e-03, 
 2DIAGNOSTIC,    17, -8.870929641224e-01, 3.605296994086e-03, 9.2837e-01, 6.6221e-03, 
 2DIAGNOSTIC,    18, -8.870476186050e-01, 2.202911070046e-03, 9.3430e-01, 5.9340e-03, 
 2DIAGNOSTIC,    19, -8.868198680965e-01, 1.458814940647e-03, 9.3963e-01, 5.3301e-03, 
 2DIAGNOSTIC,    20, -8.869168753299e-01, 8.490943767105e-04, 9.4557e-01, 5.9400e-03, 
 2DIAGNOSTIC,    21, -8.869842207897e-01, 4.518583837493e-04, 9.5094e-01, 5.3651e-03, 
 2DIAGNOSTIC,    22, -8.868039237036e-01, 1.428132508019e-04, 9.5622e-01, 5.2800e-03, 
 2DIAGNOSTIC,    23, -8.869712128423e-01, 1.343428828820e-05, 9.6222e-01, 6.0050e-03, 
 2DIAGNOSTIC,    24, -8.868301362525e-01, 5.802132754355e-06, 9.6746e-01, 5.2359e-03, 
DIAGNOSTIC,Iteration,metricValue,convergenceValue,ITERATION_TIME_INDEX,SINCE_LAST
 2DIAGNOSTIC,     1, -7.448893723534e-01, 1.797693134862e+308, 1.7076e+00, 7.4013e-01, 
 2DIAGNOSTIC,     2, -7.456207928596e-01, 1.797693134862e+308, 1.7469e+00, 3.9340e-02, 
 2DIAGNOSTIC,     3, -7.462885311091e-01, 1.797693134862e+308, 1.7860e+00, 3.9094e-02, 
 2DIAGNOSTIC,     4, -7.469119761929e-01, 1.797693134862e+308, 1.8250e+00, 3.8948e-02, 
 2DIAGNOSTIC,     5, -7.476201561845e-01, 1.797693134862e+308, 1.8658e+00, 4.0807e-02, 
 2DIAGNOSTIC,     6, -7.485734053409e-01, 1.797693134862e+308, 1.9118e+00, 4.5977e-02, 
 2DIAGNOSTIC,     7, -7.502379526401e-01, 1.797693134862e+308, 1.9700e+00, 5.8273e-02, 
 2DIAGNOSTIC,     8, -7.503003716713e-01, 1.797693134862e+308, 2.0098e+00, 3.9781e-02, 
 2DIAGNOSTIC,     9, -7.504438073660e-01, 1.797693134862e+308, 2.0550e+00, 4.5239e-02, 
 2DIAGNOSTIC,    10, -7.505495795321e-01, 5.502395941133e-04, 2.0988e+00, 4.3751e-02, 
 2DIAGNOSTIC,    11, -7.505451031885e-01, 4.397356565018e-04, 2.1402e+00, 4.1424e-02, 
 2DIAGNOSTIC,    12, -7.505181496272e-01, 3.299367054573e-04, 2.1816e+00, 4.1340e-02, 
 2DIAGNOSTIC,    13, -7.505046341563e-01, 2.266540094672e-04, 2.2252e+00, 4.3689e-02, 
 2DIAGNOSTIC,    14, -7.505095432699e-01, 1.352475811881e-04, 2.2613e+00, 3.6006e-02, 
 2DIAGNOSTIC,    15, -7.504885524903e-01, 6.106685072700e-05, 2.2969e+00, 3.5620e-02, 
 2DIAGNOSTIC,    16, -7.505145398799e-01, 1.294116080858e-05, 2.3397e+00, 4.2853e-02, 
 2DIAGNOSTIC,    17, -7.504543888060e-01, 5.314102788978e-06, 2.3769e+00, 3.7134e-02, 
DIAGNOSTIC,Iteration,metricValue,convergenceValue,ITERATION_TIME_INDEX,SINCE_LAST
 2DIAGNOSTIC,     1, -6.292027339288e-01, 1.797693134862e+308, 3.5511e+00, 1.1742e+00, 
 2DIAGNOSTIC,     2, -6.297884278659e-01, 1.797693134862e+308, 3.8422e+00, 2.9111e-01, 
 2DIAGNOSTIC,     3, -6.303908617017e-01, 1.797693134862e+308, 4.1209e+00, 2.7865e-01, 
 2DIAGNOSTIC,     4, -6.310881478071e-01, 1.797693134862e+308, 4.4059e+00, 2.8503e-01, 
 2DIAGNOSTIC,     5, -6.319891607380e-01, 1.797693134862e+308, 4.6851e+00, 2.7922e-01, 
 2DIAGNOSTIC,     6, -6.326144260479e-01, 1.797693134862e+308, 5.1653e+00, 4.8024e-01, 
 2DIAGNOSTIC,     7, -6.326135813141e-01, 1.797693134862e+308, 5.6841e+00, 5.1878e-01, 
 2DIAGNOSTIC,     8, -6.326129171962e-01, 1.797693134862e+308, 5.9983e+00, 3.1418e-01, 
 2DIAGNOSTIC,     9, -6.326106649455e-01, 1.797693134862e+308, 6.3452e+00, 3.4692e-01, 
 2DIAGNOSTIC,    10, -6.326099034547e-01, 3.743705548479e-04, 6.6656e+00, 3.2039e-01, 
 2DIAGNOSTIC,    11, -6.326081729036e-01, 2.531630592424e-04, 7.0287e+00, 3.6305e-01, 
 2DIAGNOSTIC,    12, -6.326088503501e-01, 1.518626390778e-04, 7.3689e+00, 3.4023e-01, 
 2DIAGNOSTIC,    13, -6.326054766293e-01, 7.346167476593e-05, 7.6761e+00, 3.0716e-01, 
 2DIAGNOSTIC,    14, -6.326040453840e-01, 2.159732999767e-05, 8.0844e+00, 4.0832e-01, 
 2DIAGNOSTIC,    15, -6.326032603589e-01, 1.347809115163e-06, 8.4928e+00, 4.0841e-01, 
 2DIAGNOSTIC,    16, -6.325997995601e-01, 1.180110712415e-06, 8.8126e+00, 3.1979e-01, 
 2DIAGNOSTIC,    17, -6.325996079767e-01, 1.080732406247e-06, 9.1783e+00, 3.6568e-01, 
 2DIAGNOSTIC,    18, -6.326003732407e-01, 1.069065929851e-06, 9.5205e+00, 3.4221e-01, 
 2DIAGNOSTIC,    19, -6.326016561941e-01, 1.099848890157e-06, 9.8776e+00, 3.5713e-01, 
 2DIAGNOSTIC,    20, -6.325997971191e-01, 1.122228237019e-06, 1.0216e+01, 3.3858e-01, 
 2DIAGNOSTIC,    21, -6.325993162314e-01, 1.140147249327e-06, 1.0567e+01, 3.5077e-01, 
 2DIAGNOSTIC,    22, -6.325988209144e-01, 1.197132812568e-06, 1.0909e+01, 3.4174e-01, 
 2DIAGNOSTIC,    23, -6.325966866803e-01, 1.163622950183e-06, 1.1204e+01, 2.9579e-01, 
 2DIAGNOSTIC,    24, -6.325949920264e-01, 1.095151185196e-06, 1.1549e+01, 3.4432e-01, 
 2DIAGNOSTIC,    25, -6.325948812225e-01, 1.040499599113e-06, 1.1938e+01, 3.8944e-01, 
DIAGNOSTIC,Iteration,metricValue,convergenceValue,ITERATION_TIME_INDEX,SINCE_LAST
 2DIAGNOSTIC,     1, -5.633829743565e-01, 1.797693134862e+308, 1.5178e+01, 3.2397e+00, 
 2DIAGNOSTIC,     2, -5.638708359135e-01, 1.797693134862e+308, 1.7242e+01, 2.0643e+00, 
 2DIAGNOSTIC,     3, -5.643581518255e-01, 1.797693134862e+308, 1.9316e+01, 2.0742e+00, 
 2DIAGNOSTIC,     4, -5.653834094409e-01, 1.797693134862e+308, 2.1719e+01, 2.4023e+00, 
 2DIAGNOSTIC,     5, -5.667220979649e-01, 1.797693134862e+308, 2.6212e+01, 4.4938e+00, 
 2DIAGNOSTIC,     6, -5.667226251981e-01, 1.797693134862e+308, 2.9170e+01, 2.9578e+00, 
 2DIAGNOSTIC,     7, -5.667227865735e-01, 1.797693134862e+308, 3.1279e+01, 2.1085e+00, 
 2DIAGNOSTIC,     8, -5.667226488675e-01, 1.797693134862e+308, 3.3977e+01, 2.6978e+00, 
 2DIAGNOSTIC,     9, -5.667225212964e-01, 1.797693134862e+308, 3.6178e+01, 2.2012e+00, 
 2DIAGNOSTIC,    10, -5.667224667134e-01, 4.109234398188e-04, 3.8423e+01, 2.2453e+00, 
 2DIAGNOSTIC,    11, -5.667225804304e-01, 2.703795472678e-04, 4.0624e+01, 2.2012e+00, 
 2DIAGNOSTIC,    12, -5.667227344105e-01, 1.505838833161e-04, 4.2759e+01, 2.1348e+00, 
 2DIAGNOSTIC,    13, -5.667222913591e-01, 5.418314655398e-05, 4.4784e+01, 2.0254e+00, 
 2DIAGNOSTIC,    14, -5.667220394919e-01, 2.259636205565e-06, 4.7143e+01, 2.3586e+00, 
 2DIAGNOSTIC,    15, -5.667217644641e-01, 2.068033323074e-06, 4.9322e+01, 2.1784e+00, 
 2DIAGNOSTIC,    16, -5.667220564967e-01, 1.930756003063e-06, 5.1832e+01, 2.5101e+00, 
 2DIAGNOSTIC,    17, -5.667223238739e-01, 1.827326083510e-06, 5.4087e+01, 2.2551e+00, 
 2DIAGNOSTIC,    18, -5.667223210936e-01, 1.735823491188e-06, 5.6733e+01, 2.6460e+00, 
 2DIAGNOSTIC,    19, -5.667223183688e-01, 1.654127816601e-06, 5.8866e+01, 2.1337e+00, 
 2DIAGNOSTIC,    20, -5.667222983964e-01, 1.580752946172e-06, 6.1251e+01, 2.3847e+00, 
 2DIAGNOSTIC,    21, -5.667221844855e-01, 1.514967801305e-06, 6.3571e+01, 2.3201e+00, 
 2DIAGNOSTIC,    22, -5.667221712396e-01, 1.458535003641e-06, 6.5633e+01, 2.0621e+00, 
 2DIAGNOSTIC,    23, -5.667222518747e-01, 1.398170353085e-06, 6.7670e+01, 2.0369e+00, 
 2DIAGNOSTIC,    24, -5.667222813638e-01, 1.337111924848e-06, 7.0618e+01, 2.9475e+00, 
 2DIAGNOSTIC,    25, -5.667222631092e-01, 1.273955846585e-06, 7.2975e+01, 2.3570e+00, 
 2DIAGNOSTIC,    26, -5.667222102651e-01, 1.220147168343e-06, 7.5214e+01, 2.2393e+00, 
 2DIAGNOSTIC,    27, -5.667221574278e-01, 1.174737921855e-06, 7.7240e+01, 2.0260e+00, 
 2DIAGNOSTIC,    28, -5.667221711741e-01, 1.133112650528e-06, 7.9609e+01, 2.3688e+00, 
 2DIAGNOSTIC,    29, -5.667220869659e-01, 1.093138749041e-06, 8.1811e+01, 2.2019e+00, 
 2DIAGNOSTIC,    30, -5.667220151673e-01, 1.054823131078e-06, 8.3992e+01, 2.1807e+00, 
 2DIAGNOSTIC,    31, -5.667219159340e-01, 1.016179522507e-06, 8.6245e+01, 2.2530e+00, 
  Elapsed time (stage 0): 8.7465e+01


Total elapsed time: 8.7467e+01
Info [verificarlo]: loaded backend libinterflop_ieee.so
Info [interflop-ieee]: load backend with:
Info [interflop-ieee]: debug = false
Info [interflop-ieee]: debug-binary = false
Info [interflop-ieee]: no-backend-name = false
Info [interflop-ieee]: print-new-line = false
Info [interflop-ieee]: print-subnormal-normalized = false
Info [interflop-ieee]: count-op = false
All_Command_lines_OK
Using double precision for computations.
=============================================================================
The composite transform comprises the following transforms (in order): 
  1. /home/mdugre/scratch/mri-registration-rp/datasets/ds004513/derivatives/mri-registration-rp/0100/antsRegistration-r8-p21/sub-s017/affine_Composite.h5[0] (type = Euler3DTransform)
  2. /home/mdugre/scratch/mri-registration-rp/datasets/ds004513/derivatives/mri-registration-rp/0100/antsRegistration-r8-p21/sub-s017/affine_Composite.h5[1] (type = Euler3DTransform)
  3. /home/mdugre/scratch/mri-registration-rp/datasets/ds004513/derivatives/mri-registration-rp/0100/antsRegistration-r8-p21/sub-s017/affine_Composite.h5[2] (type = Euler3DTransform)
  4. /home/mdugre/scratch/mri-registration-rp/datasets/ds004513/derivatives/mri-registration-rp/0100/antsRegistration-r8-p21/sub-s017/affine_Composite.h5[3] (type = AffineTransform)
=============================================================================
