
##########################
# Experiment information #
##########################

EXPERIMENT_NAME: antsRegistration-r7-p20
VFC_BACKENDS: libinterflop_vprec.so --range-binary32=7 --precision-binary32=20 --range-binary64=7 --precision-binary64=20

SIF_IMG: /home/mdugre/projects/rrg-glatard/mdugre/containers/ants-vprec-no_metrics.simg

SUBJECT_ID: s003
INPUT_IMG: /home/mdugre/scratch/mri-registration-rp/datasets/ds004513/derivatives/mri-registration-rp/antsBrainExtraction/sub-s003/BrainExtractionBrain.nii.gz
OUTPUT_DIR: /home/mdugre/scratch/mri-registration-rp/datasets/ds004513/derivatives/mri-registration-rp/0100/antsRegistration-r7-p20/sub-s003

FIXED_IMG: /templateflow/tpl-MNI152NLin2009cAsym/tpl-MNI152NLin2009cAsym_res-01_desc-brain_T1w.nii.gz
DATA_DIR: /home/mdugre/scratch/mri-registration-rp/datasets/ds004513
TEMPLATEFLOW_DIR: /home/mdugre/projects/rrg-glatard/mdugre/templateflow
ITK_GLOBAL_DEFAULT_NUMBER_OF_THREADS: 16
##########################

Info [verificarlo]: loaded backend libinterflop_ieee.so
Info [interflop-ieee]: load backend with:
Info [interflop-ieee]: debug = false
Info [interflop-ieee]: debug-binary = false
Info [interflop-ieee]: no-backend-name = false
Info [interflop-ieee]: print-new-line = false
Info [interflop-ieee]: print-subnormal-normalized = false
Info [interflop-ieee]: count-op = false
All_Command_lines_OK
Using double precision for computations.
=============================================================================
The composite transform comprises the following transforms (in order): 
  1. Center of mass alignment using fixed image: /templateflow/tpl-MNI152NLin2009cAsym/tpl-MNI152NLin2009cAsym_res-01_desc-brain_T1w.nii.gz and moving image: /home/mdugre/scratch/mri-registration-rp/datasets/ds004513/derivatives/mri-registration-rp/antsBrainExtraction/sub-s003/BrainExtractionBrain.nii.gz (type = Euler3DTransform)
=============================================================================
  number of levels = 1
  fixed image: /templateflow/tpl-MNI152NLin2009cAsym/tpl-MNI152NLin2009cAsym_res-01_desc-brain_T1w.nii.gz
  moving image: /home/mdugre/scratch/mri-registration-rp/datasets/ds004513/derivatives/mri-registration-rp/antsBrainExtraction/sub-s003/BrainExtractionBrain.nii.gz
Dimension = 3
Number of stages = 1
Use histogram matching = false
Winsorize image intensities = true
  Lower quantile = 0.005
  Upper quantile = 0.995


Stage 1 State
   Image metric = MattesMI
     Fixed image = Image (0x4239e70)
  RTTI typeinfo:   itk::Image<double, 3u>
  Reference Count: 2
  Modified Time: 2334
  Debug: Off
  Object Name: 
  Observers: 
    none
  Source: (none)
  Source output name: (none)
  Release Data: Off
  Data Released: False
  Global Release Data: Off
  PipelineMTime: 0
  UpdateMTime: 1943
  RealTimeStamp: 0 seconds 
  LargestPossibleRegion: 
    Dimension: 3
    Index: [0, 0, 0]
    Size: [193, 229, 193]
  BufferedRegion: 
    Dimension: 3
    Index: [0, 0, 0]
    Size: [193, 229, 193]
  RequestedRegion: 
    Dimension: 3
    Index: [0, 0, 0]
    Size: [193, 229, 193]
  Spacing: [1, 1, 1]
  Origin: [96, 132, -78]
  Direction: 
-1 0 0
0 -1 0
0 0 1

  IndexToPointMatrix: 
-1 0 0
0 -1 0
0 0 1

  PointToIndexMatrix: 
-1 0 0
0 -1 0
0 0 1

  Inverse Direction: 
-1 0 0
0 -1 0
0 0 1

  PixelContainer: 
    ImportImageContainer (0x4246140)
      RTTI typeinfo:   itk::ImportImageContainer<unsigned long, double>
      Reference Count: 1
      Modified Time: 1940
      Debug: Off
      Object Name: 
      Observers: 
        none
      Pointer: 0x149c9d413010
      Container manages memory: true
      Size: 8530021
      Capacity: 8530021

     Moving image = Image (0x4243310)
  RTTI typeinfo:   itk::Image<double, 3u>
  Reference Count: 2
  Modified Time: 2335
  Debug: Off
  Object Name: 
  Observers: 
    none
  Source: (none)
  Source output name: (none)
  Release Data: Off
  Data Released: False
  Global Release Data: Off
  PipelineMTime: 0
  UpdateMTime: 2332
  RealTimeStamp: 0 seconds 
  LargestPossibleRegion: 
    Dimension: 3
    Index: [0, 0, 0]
    Size: [176, 240, 256]
  BufferedRegion: 
    Dimension: 3
    Index: [0, 0, 0]
    Size: [176, 240, 256]
  RequestedRegion: 
    Dimension: 3
    Index: [0, 0, 0]
    Size: [176, 240, 256]
  Spacing: [0.999999, 1, 1]
  Origin: [93.3499, 86.9368, -128.957]
  Direction: 
-0.999513 -0.0279216 -0.0139567
0.0279189 -0.99961 0.000389866
-0.0139622 2.01492e-08 0.999903

  IndexToPointMatrix: 
-0.999512 -0.0279216 -0.0139567
0.0279189 -0.99961 0.000389866
-0.0139621 2.01492e-08 0.999903

  PointToIndexMatrix: 
-0.999514 0.0279189 -0.0139622
-0.0279216 -0.99961 2.01716e-08
-0.0139567 0.000389866 0.999903

  Inverse Direction: 
-0.999513 0.0279189 -0.0139622
-0.0279216 -0.99961 2.01716e-08
-0.0139567 0.000389866 0.999903

  PixelContainer: 
    ImportImageContainer (0x436e610)
      RTTI typeinfo:   itk::ImportImageContainer<unsigned long, double>
      Reference Count: 1
      Modified Time: 2329
      Debug: Off
      Object Name: 
      Observers: 
        none
      Pointer: 0x149c98192010
      Container manages memory: true
      Size: 10813440
      Capacity: 10813440

     Weighting = 1
     Sampling strategy = regular
     Number of bins = 32
     Radius = 4
     Sampling percentage  = 0.25
   Transform = Rigid
     Gradient step = 0.1
     Update field sigma (voxel space) = 0
     Total field sigma (voxel space) = 0
     Update field time sigma = 0
     Total field time sigma  = 0
     Number of time indices = 0
     Number of time point samples = 0
Registration using 1 total stages.

Stage 0
  iterations = 0
  convergence threshold = 1e-06
  convergence window size = 10
  number of levels = 1
  using the Mattes MI metric (number of bins = 32, weight = 1, use gradient filter = 0)
  preprocessing:  winsorizing the image intensities
  Shrink factors (level 1 out of 1): [1, 1, 1]
  smoothing sigmas per level: [0]
  regular sampling (percentage = 0.25)

*** Running Euler3DTransform registration ***

  Elapsed time (stage 0): 1.11481


Total elapsed time: 1.11719
Info [verificarlo]: loaded backend libinterflop_vprec.so
Info [interflop-vprec]: load backend with: 
Info [interflop-vprec]: precision-binary32 = 20
Info [interflop-vprec]: range-binary32 = 7
Info [interflop-vprec]: precision-binary64 = 20
Info [interflop-vprec]: range-binary64 = 7
Info [interflop-vprec]: mode = ob
Info [interflop-vprec]: error-mode = rel
Info [interflop-vprec]: max-abs-error-exponent = -1022
Info [interflop-vprec]: daz = false
Info [interflop-vprec]: ftz = false
Info [interflop-vprec]: 	instrument = none
Info [interflop-vprec]: 	prec-input-file = (null)
Info [interflop-vprec]: 	prec-output-file = (null)
Info [interflop-vprec]: 	prec-log-file = (null)
All_Command_lines_OK
Using double precision for computations.
=============================================================================
The composite transform comprises the following transforms (in order): 
  1. /home/mdugre/scratch/mri-registration-rp/datasets/ds004513/derivatives/mri-registration-rp/0100/antsRegistration-r7-p20/sub-s003/align_Composite.h5[0] (type = Euler3DTransform)
  2. /home/mdugre/scratch/mri-registration-rp/datasets/ds004513/derivatives/mri-registration-rp/0100/antsRegistration-r7-p20/sub-s003/align_Composite.h5[1] (type = Euler3DTransform)
=============================================================================
  number of levels = 4
  fixed image: /templateflow/tpl-MNI152NLin2009cAsym/tpl-MNI152NLin2009cAsym_res-01_desc-brain_T1w.nii.gz
  moving image: /home/mdugre/scratch/mri-registration-rp/datasets/ds004513/derivatives/mri-registration-rp/antsBrainExtraction/sub-s003/BrainExtractionBrain.nii.gz
Dimension = 3
Number of stages = 1
Use histogram matching = false
Winsorize image intensities = true
  Lower quantile = 0.005
  Upper quantile = 0.995


Stage 1 State
   Image metric = MattesMI
     Fixed image = Image (0x4d6a1e0)
  RTTI typeinfo:   itk::Image<double, 3u>
  Reference Count: 2
  Modified Time: 1580
  Debug: Off
  Object Name: 
  Observers: 
    none
  Source: (none)
  Source output name: (none)
  Release Data: Off
  Data Released: False
  Global Release Data: Off
  PipelineMTime: 0
  UpdateMTime: 1189
  RealTimeStamp: 0 seconds 
  LargestPossibleRegion: 
    Dimension: 3
    Index: [0, 0, 0]
    Size: [193, 229, 193]
  BufferedRegion: 
    Dimension: 3
    Index: [0, 0, 0]
    Size: [193, 229, 193]
  RequestedRegion: 
    Dimension: 3
    Index: [0, 0, 0]
    Size: [193, 229, 193]
  Spacing: [1, 1, 1]
  Origin: [96, 132, -78]
  Direction: 
-1 0 0
0 -1 0
0 0 1

  IndexToPointMatrix: 
-1 0 0
0 -1 0
0 0 1

  PointToIndexMatrix: 
-1 0 0
0 -1 0
0 0 1

  Inverse Direction: 
-1 0 0
0 -1 0
0 0 1

  PixelContainer: 
    ImportImageContainer (0x4e29680)
      RTTI typeinfo:   itk::ImportImageContainer<unsigned long, double>
      Reference Count: 1
      Modified Time: 1186
      Debug: Off
      Object Name: 
      Observers: 
        none
      Pointer: 0x14aac5a13010
      Container manages memory: true
      Size: 8530021
      Capacity: 8530021

     Moving image = Image (0x4e25b20)
  RTTI typeinfo:   itk::Image<double, 3u>
  Reference Count: 2
  Modified Time: 1581
  Debug: Off
  Object Name: 
  Observers: 
    none
  Source: (none)
  Source output name: (none)
  Release Data: Off
  Data Released: False
  Global Release Data: Off
  PipelineMTime: 0
  UpdateMTime: 1578
  RealTimeStamp: 0 seconds 
  LargestPossibleRegion: 
    Dimension: 3
    Index: [0, 0, 0]
    Size: [176, 240, 256]
  BufferedRegion: 
    Dimension: 3
    Index: [0, 0, 0]
    Size: [176, 240, 256]
  RequestedRegion: 
    Dimension: 3
    Index: [0, 0, 0]
    Size: [176, 240, 256]
  Spacing: [0.999999, 1, 1]
  Origin: [93.3499, 86.9368, -128.957]
  Direction: 
-0.999513 -0.0279216 -0.0139567
0.0279189 -0.99961 0.000389866
-0.0139622 2.01492e-08 0.999903

  IndexToPointMatrix: 
-0.999512 -0.0279216 -0.0139567
0.0279189 -0.99961 0.000389866
-0.0139621 2.01492e-08 0.999903

  PointToIndexMatrix: 
-0.999514 0.0279189 -0.0139622
-0.0279216 -0.999611 4.76837e-07
-0.0139567 0.000389576 0.999903

  Inverse Direction: 
-0.999513 0.0279189 -0.0139622
-0.0279216 -0.999611 4.76837e-07
-0.0139567 0.000389576 0.999903

  PixelContainer: 
    ImportImageContainer (0x4e8ed50)
      RTTI typeinfo:   itk::ImportImageContainer<unsigned long, double>
      Reference Count: 1
      Modified Time: 1575
      Debug: Off
      Object Name: 
      Observers: 
        none
      Pointer: 0x14aac0792010
      Container manages memory: true
      Size: 10813440
      Capacity: 10813440

     Weighting = 1
     Sampling strategy = regular
     Number of bins = 32
     Radius = 4
     Sampling percentage  = 0.25
   Transform = Rigid
     Gradient step = 0.1
     Update field sigma (voxel space) = 0
     Total field sigma (voxel space) = 0
     Update field time sigma = 0
     Total field time sigma  = 0
     Number of time indices = 0
     Number of time point samples = 0
Registration using 1 total stages.

Stage 0
  iterations = 1000x500x250x100
  convergence threshold = 1e-06
  convergence window size = 10
  number of levels = 4
  using the Mattes MI metric (number of bins = 32, weight = 1, use gradient filter = 0)
  preprocessing:  winsorizing the image intensities
  Shrink factors (level 1 out of 4): [8, 8, 8]
  Shrink factors (level 2 out of 4): [4, 4, 4]
  Shrink factors (level 3 out of 4): [2, 2, 2]
  Shrink factors (level 4 out of 4): [1, 1, 1]
  smoothing sigmas per level: [3, 2, 1, 0]
  regular sampling (percentage = 0.25)

*** Running Euler3DTransform registration ***

DIAGNOSTIC,Iteration,metricValue,convergenceValue,ITERATION_TIME_INDEX,SINCE_LAST
 2DIAGNOSTIC,     1, -4.871214128292e-01, 1.797693134862e+308, 0.0000e+00, 0.0000e+00, 
 2DIAGNOSTIC,     2, -4.888535361975e-01, 1.797693134862e+308, 0.0000e+00, 0.0000e+00, 
 2DIAGNOSTIC,     3, -4.919517938237e-01, 1.797693134862e+308, 0.0000e+00, 0.0000e+00, 
 2DIAGNOSTIC,     4, -5.019941873177e-01, 1.797693134862e+308, 0.0000e+00, 0.0000e+00, 
 2DIAGNOSTIC,     5, -5.199412177971e-01, 1.797693134862e+308, 0.0000e+00, 0.0000e+00, 
 2DIAGNOSTIC,     6, -5.254206773902e-01, 1.797693134862e+308, 0.0000e+00, 0.0000e+00, 
 2DIAGNOSTIC,     7, -5.366927339672e-01, 1.797693134862e+308, 0.0000e+00, 0.0000e+00, 
 2DIAGNOSTIC,     8, -5.566736959326e-01, 1.797693134862e+308, 0.0000e+00, 0.0000e+00, 
 2DIAGNOSTIC,     9, -5.582939281050e-01, 1.797693134862e+308, 0.0000e+00, 0.0000e+00, 
 2DIAGNOSTIC,    10, -5.590049296776e-01, 1.061332495261e-02, 0.0000e+00, 0.0000e+00, 
 2DIAGNOSTIC,    11, -5.619800998800e-01, 9.344692791955e-03, 0.0000e+00, 0.0000e+00, 
 2DIAGNOSTIC,    12, -5.654839166716e-01, 7.697328978157e-03, 0.0000e+00, 0.0000e+00, 
 2DIAGNOSTIC,    13, -5.658636860498e-01, 5.753398221735e-03, 0.0000e+00, 0.0000e+00, 
 2DIAGNOSTIC,    14, -5.660629310047e-01, 3.961145196498e-03, 0.0000e+00, 0.0000e+00, 
 2DIAGNOSTIC,    15, -5.660942046501e-01, 2.707215620354e-03, 0.0000e+00, 0.0000e+00, 
 2DIAGNOSTIC,    16, -5.667215521603e-01, 1.568344276649e-03, 0.0000e+00, 0.0000e+00, 
 2DIAGNOSTIC,    17, -5.672485399916e-01, 7.718884276084e-04, 0.0000e+00, 0.0000e+00, 
 2DIAGNOSTIC,    18, -5.675597792221e-01, 5.879986786037e-04, 0.0000e+00, 0.0000e+00, 
 2DIAGNOSTIC,    19, -5.676991414498e-01, 4.206799774495e-04, 0.0000e+00, 0.0000e+00, 
 2DIAGNOSTIC,    20, -5.681788542700e-01, 2.621957378489e-04, 0.0000e+00, 0.0000e+00, 
 2DIAGNOSTIC,    21, -5.690389340398e-01, 1.875487490024e-04, 0.0000e+00, 0.0000e+00, 
 2DIAGNOSTIC,    22, -5.691596821527e-01, 1.874131207366e-04, 0.0000e+00, 0.0000e+00, 
 2DIAGNOSTIC,    23, -5.700600947091e-01, 1.990642999288e-04, 0.0000e+00, 0.0000e+00, 
 2DIAGNOSTIC,    24, -5.711581066837e-01, 2.191870378231e-04, 0.0000e+00, 0.0000e+00, 
 2DIAGNOSTIC,    25, -5.734045328129e-01, 2.635227836469e-04, 0.0000e+00, 0.0000e+00, 
 2DIAGNOSTIC,    26, -5.773914907056e-01, 3.699579024833e-04, 0.0000e+00, 0.0000e+00, 
 2DIAGNOSTIC,    27, -5.972169474290e-01, 8.192047074137e-04, 0.0000e+00, 0.0000e+00, 
 2DIAGNOSTIC,    28, -6.053581712952e-01, 1.302186508256e-03, 0.0000e+00, 0.0000e+00, 
 2DIAGNOSTIC,    29, -6.060922464026e-01, 1.642438566026e-03, 0.0000e+00, 0.0000e+00, 
 2DIAGNOSTIC,    30, -6.078904972438e-01, 1.847490863278e-03, 0.0000e+00, 0.0000e+00, 
 2DIAGNOSTIC,    31, -6.095461795101e-01, 1.904368647202e-03, 0.0000e+00, 0.0000e+00, 
 2DIAGNOSTIC,    32, -6.117711790828e-01, 1.808591913266e-03, 0.0000e+00, 0.0000e+00, 
 2DIAGNOSTIC,    33, -6.130919767156e-01, 1.579456388004e-03, 0.0000e+00, 0.0000e+00, 
 2DIAGNOSTIC,    34, -6.145937249862e-01, 1.257975295029e-03, 0.0000e+00, 0.0000e+00, 
 2DIAGNOSTIC,    35, -6.147924265482e-01, 8.756737071966e-04, 0.0000e+00, 0.0000e+00, 
 2DIAGNOSTIC,    36, -6.154535433994e-01, 4.916028382438e-04, 0.0000e+00, 0.0000e+00, 
 2DIAGNOSTIC,    37, -6.203738591782e-01, 4.145559329097e-04, 0.0000e+00, 0.0000e+00, 
 2DIAGNOSTIC,    38, -6.444989513275e-01, 7.234575542434e-04, 0.0000e+00, 0.0000e+00, 
 2DIAGNOSTIC,    39, -6.471899116160e-01, 9.811462293762e-04, 0.0000e+00, 0.0000e+00, 
 2DIAGNOSTIC,    40, -6.480438854693e-01, 1.167405164750e-03, 0.0000e+00, 0.0000e+00, 
 2DIAGNOSTIC,    41, -6.483829414825e-01, 1.260631938399e-03, 0.0000e+00, 0.0000e+00, 
 2DIAGNOSTIC,    42, -6.491566654915e-01, 1.262280412888e-03, 0.0000e+00, 0.0000e+00, 
 2DIAGNOSTIC,    43, -6.502579184137e-01, 1.165885167375e-03, 0.0000e+00, 0.0000e+00, 
 2DIAGNOSTIC,    44, -6.512680345284e-01, 9.903897589575e-04, 0.0000e+00, 0.0000e+00, 
 2DIAGNOSTIC,    45, -6.511923762639e-01, 7.349437380001e-04, 0.0000e+00, 0.0000e+00, 
 2DIAGNOSTIC,    46, -6.522068664295e-01, 4.417707389342e-04, 0.0000e+00, 0.0000e+00, 
 2DIAGNOSTIC,    47, -6.532205529705e-01, 1.746348449552e-04, 0.0000e+00, 0.0000e+00, 
 2DIAGNOSTIC,    48, -6.537566729444e-01, 1.508970136276e-04, 0.0000e+00, 0.0000e+00, 
 2DIAGNOSTIC,    49, -6.546529914312e-01, 1.490789950366e-04, 0.0000e+00, 0.0000e+00, 
 2DIAGNOSTIC,    50, -6.551838336411e-01, 1.465763646948e-04, 0.0000e+00, 0.0000e+00, 
 2DIAGNOSTIC,    51, -6.552177534839e-01, 1.336577423811e-04, 0.0000e+00, 0.0000e+00, 
 2DIAGNOSTIC,    52, -6.554308976139e-01, 1.174461621042e-04, 0.0000e+00, 0.0000e+00, 
 2DIAGNOSTIC,    53, -6.558195847390e-01, 1.039444661311e-04, 0.0000e+00, 0.0000e+00, 
 2DIAGNOSTIC,    54, -6.558860908573e-01, 9.065887455181e-05, 0.0000e+00, 0.0000e+00, 
 2DIAGNOSTIC,    55, -6.558918944018e-01, 6.854693132652e-05, 0.0000e+00, 0.0000e+00, 
 2DIAGNOSTIC,    56, -6.558944090148e-01, 4.939968592205e-05, 0.0000e+00, 0.0000e+00, 
 2DIAGNOSTIC,    57, -6.558112220618e-01, 3.406910735563e-05, 0.0000e+00, 0.0000e+00, 
 2DIAGNOSTIC,    58, -6.558134806191e-01, 2.031586946473e-05, 0.0000e+00, 0.0000e+00, 
 2DIAGNOSTIC,    59, -6.558158778788e-01, 1.227557896596e-05, 0.0000e+00, 0.0000e+00, 
 2DIAGNOSTIC,    60, -6.558209133639e-01, 7.678814155386e-06, 0.0000e+00, 0.0000e+00, 
 2DIAGNOSTIC,    61, -6.558344744509e-01, 2.930513425040e-06, 0.0000e+00, 0.0000e+00, 
DIAGNOSTIC,Iteration,metricValue,convergenceValue,ITERATION_TIME_INDEX,SINCE_LAST
 2DIAGNOSTIC,     1, -5.251129699396e-01, 1.797693134862e+308, 0.0000e+00, 0.0000e+00, 
 2DIAGNOSTIC,     2, -5.257544031948e-01, 1.797693134862e+308, 0.0000e+00, 0.0000e+00, 
 2DIAGNOSTIC,     3, -5.265134002082e-01, 1.797693134862e+308, 0.0000e+00, 0.0000e+00, 
 2DIAGNOSTIC,     4, -5.273685267093e-01, 1.797693134862e+308, 0.0000e+00, 0.0000e+00, 
 2DIAGNOSTIC,     5, -5.280671511119e-01, 1.797693134862e+308, 0.0000e+00, 0.0000e+00, 
 2DIAGNOSTIC,     6, -5.283972748078e-01, 1.797693134862e+308, 0.0000e+00, 0.0000e+00, 
 2DIAGNOSTIC,     7, -5.288824145043e-01, 1.797693134862e+308, 0.0000e+00, 0.0000e+00, 
 2DIAGNOSTIC,     8, -5.297971743819e-01, 1.797693134862e+308, 0.0000e+00, 0.0000e+00, 
 2DIAGNOSTIC,     9, -5.302943394040e-01, 1.797693134862e+308, 0.0000e+00, 0.0000e+00, 
 2DIAGNOSTIC,    10, -5.303378387326e-01, 6.629312231133e-04, 0.0000e+00, 0.0000e+00, 
 2DIAGNOSTIC,    11, -5.304584942273e-01, 5.402704052839e-04, 0.0000e+00, 0.0000e+00, 
 2DIAGNOSTIC,    12, -5.309881380309e-01, 4.420645329236e-04, 0.0000e+00, 0.0000e+00, 
 2DIAGNOSTIC,    13, -5.317196879448e-01, 3.791977612125e-04, 0.0000e+00, 0.0000e+00, 
 2DIAGNOSTIC,    14, -5.320807929779e-01, 3.365591823854e-04, 0.0000e+00, 0.0000e+00, 
 2DIAGNOSTIC,    15, -5.322112307424e-01, 2.993602590999e-04, 0.0000e+00, 0.0000e+00, 
 2DIAGNOSTIC,    16, -5.330736662609e-01, 2.800303593114e-04, 0.0000e+00, 0.0000e+00, 
 2DIAGNOSTIC,    17, -5.339012930467e-01, 2.772709787805e-04, 0.0000e+00, 0.0000e+00, 
 2DIAGNOSTIC,    18, -5.340745793881e-01, 2.806537573241e-04, 0.0000e+00, 0.0000e+00, 
 2DIAGNOSTIC,    19, -5.341025708352e-01, 2.731866567472e-04, 0.0000e+00, 0.0000e+00, 
 2DIAGNOSTIC,    20, -5.341388574504e-01, 2.440003714176e-04, 0.0000e+00, 0.0000e+00, 
 2DIAGNOSTIC,    21, -5.341189468817e-01, 1.971881987077e-04, 0.0000e+00, 0.0000e+00, 
 2DIAGNOSTIC,    22, -5.341168671737e-01, 1.484860669694e-04, 0.0000e+00, 0.0000e+00, 
 2DIAGNOSTIC,    23, -5.340934835957e-01, 1.067664862646e-04, 0.0000e+00, 0.0000e+00, 
 2DIAGNOSTIC,    24, -5.341700966919e-01, 6.885868286427e-05, 0.0000e+00, 0.0000e+00, 
 2DIAGNOSTIC,    25, -5.344775454507e-01, 3.671062234692e-05, 0.0000e+00, 0.0000e+00, 
 2DIAGNOSTIC,    26, -5.345990036217e-01, 2.336168613013e-05, 0.0000e+00, 0.0000e+00, 
 2DIAGNOSTIC,    27, -5.347269480544e-01, 2.780531535468e-05, 0.0000e+00, 0.0000e+00, 
 2DIAGNOSTIC,    28, -5.348409437559e-01, 3.494801355226e-05, 0.0000e+00, 0.0000e+00, 
 2DIAGNOSTIC,    29, -5.348601111560e-01, 3.920950886380e-05, 0.0000e+00, 0.0000e+00, 
 2DIAGNOSTIC,    30, -5.349046239477e-01, 4.097139987869e-05, 0.0000e+00, 0.0000e+00, 
 2DIAGNOSTIC,    31, -5.349920127811e-01, 3.997347553814e-05, 0.0000e+00, 0.0000e+00, 
 2DIAGNOSTIC,    32, -5.361248007565e-01, 5.425535326919e-05, 0.0000e+00, 0.0000e+00, 
 2DIAGNOSTIC,    33, -5.363190256526e-01, 6.490026882031e-05, 0.0000e+00, 0.0000e+00, 
 2DIAGNOSTIC,    34, -5.362703454513e-01, 6.933743776582e-05, 0.0000e+00, 0.0000e+00, 
 2DIAGNOSTIC,    35, -5.364061745058e-01, 7.410242513941e-05, 0.0000e+00, 0.0000e+00, 
 2DIAGNOSTIC,    36, -5.365390669544e-01, 7.527651258595e-05, 0.0000e+00, 0.0000e+00, 
 2DIAGNOSTIC,    37, -5.365360128903e-01, 7.074315777814e-05, 0.0000e+00, 0.0000e+00, 
 2DIAGNOSTIC,    38, -5.365334838342e-01, 6.133272475253e-05, 0.0000e+00, 0.0000e+00, 
 2DIAGNOSTIC,    39, -5.365551149409e-01, 4.747627702573e-05, 0.0000e+00, 0.0000e+00, 
 2DIAGNOSTIC,    40, -5.365713722696e-01, 3.082588693071e-05, 0.0000e+00, 0.0000e+00, 
 2DIAGNOSTIC,    41, -5.365777213289e-01, 1.290633309875e-05, 0.0000e+00, 0.0000e+00, 
 2DIAGNOSTIC,    42, -5.365846042099e-01, 9.104918131563e-06, 0.0000e+00, 0.0000e+00, 
 2DIAGNOSTIC,    43, -5.365724277634e-01, 7.007442009987e-06, 0.0000e+00, 0.0000e+00, 
 2DIAGNOSTIC,    44, -5.365678517158e-01, 3.735223194978e-06, 0.0000e+00, 0.0000e+00, 
 2DIAGNOSTIC,    45, -5.365615664440e-01, 1.806511530679e-06, 0.0000e+00, 0.0000e+00, 
 2DIAGNOSTIC,    46, -5.365624038042e-01, 1.408166790430e-06, 0.0000e+00, 0.0000e+00, 
DIAGNOSTIC,Iteration,metricValue,convergenceValue,ITERATION_TIME_INDEX,SINCE_LAST
 2DIAGNOSTIC,     1, -4.761166686611e-01, 1.797693134862e+308, 0.0000e+00, 0.0000e+00, 
 2DIAGNOSTIC,     2, -4.762532235340e-01, 1.797693134862e+308, 0.0000e+00, 0.0000e+00, 
 2DIAGNOSTIC,     3, -4.764057948407e-01, 1.797693134862e+308, 0.0000e+00, 0.0000e+00, 
 2DIAGNOSTIC,     4, -4.765550873749e-01, 1.797693134862e+308, 0.0000e+00, 0.0000e+00, 
 2DIAGNOSTIC,     5, -4.766470062501e-01, 1.797693134862e+308, 0.0000e+00, 0.0000e+00, 
 2DIAGNOSTIC,     6, -4.767763068463e-01, 1.797693134862e+308, 0.0000e+00, 0.0000e+00, 
 2DIAGNOSTIC,     7, -4.770799232292e-01, 1.797693134862e+308, 0.0000e+00, 0.0000e+00, 
 2DIAGNOSTIC,     8, -4.778079849156e-01, 1.797693134862e+308, 0.0000e+00, 0.0000e+00, 
 2DIAGNOSTIC,     9, -4.779719192413e-01, 1.797693134862e+308, 0.0000e+00, 0.0000e+00, 
 2DIAGNOSTIC,    10, -4.780543497479e-01, 2.826487143664e-04, 0.0000e+00, 0.0000e+00, 
 2DIAGNOSTIC,    11, -4.783453957101e-01, 2.801304720756e-04, 0.0000e+00, 0.0000e+00, 
 2DIAGNOSTIC,    12, -4.786116160505e-01, 2.724589058566e-04, 0.0000e+00, 0.0000e+00, 
 2DIAGNOSTIC,    13, -4.786638261949e-01, 2.501744447371e-04, 0.0000e+00, 0.0000e+00, 
 2DIAGNOSTIC,    14, -4.787044037034e-01, 2.168503767017e-04, 0.0000e+00, 0.0000e+00, 
 2DIAGNOSTIC,    15, -4.787479491870e-01, 1.742661343613e-04, 0.0000e+00, 0.0000e+00, 
 2DIAGNOSTIC,    16, -4.788200321976e-01, 1.285977690733e-04, 0.0000e+00, 0.0000e+00, 
 2DIAGNOSTIC,    17, -4.788783857729e-01, 8.848200035776e-05, 0.0000e+00, 0.0000e+00, 
 2DIAGNOSTIC,    18, -4.788809285096e-01, 6.894534419595e-05, 0.0000e+00, 0.0000e+00, 
 2DIAGNOSTIC,    19, -4.788921299697e-01, 5.092429870381e-05, 0.0000e+00, 0.0000e+00, 
 2DIAGNOSTIC,    20, -4.788938893895e-01, 3.249503358969e-05, 0.0000e+00, 0.0000e+00, 
 2DIAGNOSTIC,    21, -4.788947951410e-01, 2.099265625852e-05, 0.0000e+00, 0.0000e+00, 
 2DIAGNOSTIC,    22, -4.788949294659e-01, 1.588182539070e-05, 0.0000e+00, 0.0000e+00, 
 2DIAGNOSTIC,    23, -4.788942517951e-01, 1.120514574103e-05, 0.0000e+00, 0.0000e+00, 
 2DIAGNOSTIC,    24, -4.788932581454e-01, 6.989091852358e-06, 0.0000e+00, 0.0000e+00, 
 2DIAGNOSTIC,    25, -4.788932461672e-01, 3.581889823481e-06, 0.0000e+00, 0.0000e+00, 
 2DIAGNOSTIC,    26, -4.788924664276e-01, 1.816104361410e-06, 0.0000e+00, 0.0000e+00, 
 2DIAGNOSTIC,    27, -4.788918406176e-01, 1.398705327095e-06, 0.0000e+00, 0.0000e+00, 
 2DIAGNOSTIC,    28, -4.788915471216e-01, 1.032737363030e-06, 0.0000e+00, 0.0000e+00, 
DIAGNOSTIC,Iteration,metricValue,convergenceValue,ITERATION_TIME_INDEX,SINCE_LAST
 2DIAGNOSTIC,     1, -4.453259143873e-01, 1.797693134862e+308, 0.0000e+00, 0.0000e+00, 
 2DIAGNOSTIC,     2, -4.453415783466e-01, 1.797693134862e+308, 0.0000e+00, 0.0000e+00, 
 2DIAGNOSTIC,     3, -4.453610785897e-01, 1.797693134862e+308, 0.0000e+00, 0.0000e+00, 
 2DIAGNOSTIC,     4, -4.453601680520e-01, 1.797693134862e+308, 0.0000e+00, 0.0000e+00, 
 2DIAGNOSTIC,     5, -4.453604375987e-01, 1.797693134862e+308, 0.0000e+00, 0.0000e+00, 
 2DIAGNOSTIC,     6, -4.453603755431e-01, 1.797693134862e+308, 0.0000e+00, 0.0000e+00, 
 2DIAGNOSTIC,     7, -4.453603889014e-01, 1.797693134862e+308, 0.0000e+00, 0.0000e+00, 
 2DIAGNOSTIC,     8, -4.453603910181e-01, 1.797693134862e+308, 0.0000e+00, 0.0000e+00, 
 2DIAGNOSTIC,     9, -4.453603497691e-01, 1.797693134862e+308, 0.0000e+00, 0.0000e+00, 
 2DIAGNOSTIC,    10, -4.453603505530e-01, 6.400556746541e-06, 0.0000e+00, 0.0000e+00, 
 2DIAGNOSTIC,    11, -4.453603484832e-01, 3.950555509544e-06, 0.0000e+00, 0.0000e+00, 
 2DIAGNOSTIC,    12, -4.453603477544e-01, 2.616850358919e-06, 0.0000e+00, 0.0000e+00, 
 2DIAGNOSTIC,    13, -4.453603459789e-01, 2.450001758109e-06, 0.0000e+00, 0.0000e+00, 
 2DIAGNOSTIC,    14, -4.453603308847e-01, 2.264202224336e-06, 0.0000e+00, 0.0000e+00, 
 2DIAGNOSTIC,    15, -4.453603325147e-01, 2.115574389186e-06, 0.0000e+00, 0.0000e+00, 
 2DIAGNOSTIC,    16, -4.453603317779e-01, 1.983464691810e-06, 0.0000e+00, 0.0000e+00, 
 2DIAGNOSTIC,    17, -4.453603316022e-01, 1.867819479764e-06, 0.0000e+00, 0.0000e+00, 
 2DIAGNOSTIC,    18, -4.453603289221e-01, 1.765382890366e-06, 0.0000e+00, 0.0000e+00, 
 2DIAGNOSTIC,    19, -4.453603288012e-01, 1.672541310262e-06, 0.0000e+00, 0.0000e+00, 
 2DIAGNOSTIC,    20, -4.453603284542e-01, 1.589175051921e-06, 0.0000e+00, 0.0000e+00, 
 2DIAGNOSTIC,    21, -4.453603291345e-01, 1.513841619866e-06, 0.0000e+00, 0.0000e+00, 
 2DIAGNOSTIC,    22, -4.453603297622e-01, 1.445455725710e-06, 0.0000e+00, 0.0000e+00, 
 2DIAGNOSTIC,    23, -4.453603296591e-01, 1.383038293203e-06, 0.0000e+00, 0.0000e+00, 
 2DIAGNOSTIC,    24, -4.453603291668e-01, 1.325425413305e-06, 0.0000e+00, 0.0000e+00, 
 2DIAGNOSTIC,    25, -4.453603169177e-01, 1.272166688465e-06, 0.0000e+00, 0.0000e+00, 
 2DIAGNOSTIC,    26, -4.453603180081e-01, 1.223059060210e-06, 0.0000e+00, 0.0000e+00, 
 2DIAGNOSTIC,    27, -4.453603158415e-01, 1.177584159850e-06, 0.0000e+00, 0.0000e+00, 
 2DIAGNOSTIC,    28, -4.453603158112e-01, 1.135361377885e-06, 0.0000e+00, 0.0000e+00, 
 2DIAGNOSTIC,    29, -4.453603158757e-01, 1.096132521194e-06, 0.0000e+00, 0.0000e+00, 
 2DIAGNOSTIC,    30, -4.453603164206e-01, 1.059612655986e-06, 0.0000e+00, 0.0000e+00, 
 2DIAGNOSTIC,    31, -4.453603167492e-01, 1.025551315807e-06, 0.0000e+00, 0.0000e+00, 
  Elapsed time (stage 0): 0.0000e+00


Total elapsed time: 0.0000e+00
Info [verificarlo]: loaded backend libinterflop_ieee.so
Info [interflop-ieee]: load backend with:
Info [interflop-ieee]: debug = false
Info [interflop-ieee]: debug-binary = false
Info [interflop-ieee]: no-backend-name = false
Info [interflop-ieee]: print-new-line = false
Info [interflop-ieee]: print-subnormal-normalized = false
Info [interflop-ieee]: count-op = false
All_Command_lines_OK
Using double precision for computations.
=============================================================================
The composite transform comprises the following transforms (in order): 
  1. /home/mdugre/scratch/mri-registration-rp/datasets/ds004513/derivatives/mri-registration-rp/0100/antsRegistration-r7-p20/sub-s003/rigid_Composite.h5[0] (type = Euler3DTransform)
  2. /home/mdugre/scratch/mri-registration-rp/datasets/ds004513/derivatives/mri-registration-rp/0100/antsRegistration-r7-p20/sub-s003/rigid_Composite.h5[1] (type = Euler3DTransform)
  3. /home/mdugre/scratch/mri-registration-rp/datasets/ds004513/derivatives/mri-registration-rp/0100/antsRegistration-r7-p20/sub-s003/rigid_Composite.h5[2] (type = Euler3DTransform)
=============================================================================
  number of levels = 4
  fixed image: /templateflow/tpl-MNI152NLin2009cAsym/tpl-MNI152NLin2009cAsym_res-01_desc-brain_T1w.nii.gz
  moving image: /home/mdugre/scratch/mri-registration-rp/datasets/ds004513/derivatives/mri-registration-rp/antsBrainExtraction/sub-s003/BrainExtractionBrain.nii.gz
Dimension = 3
Number of stages = 1
Use histogram matching = false
Winsorize image intensities = true
  Lower quantile = 0.005
  Upper quantile = 0.995


Stage 1 State
   Image metric = MattesMI
     Fixed image = Image (0x42487e0)
  RTTI typeinfo:   itk::Image<double, 3u>
  Reference Count: 2
  Modified Time: 1594
  Debug: Off
  Object Name: 
  Observers: 
    none
  Source: (none)
  Source output name: (none)
  Release Data: Off
  Data Released: False
  Global Release Data: Off
  PipelineMTime: 0
  UpdateMTime: 1203
  RealTimeStamp: 0 seconds 
  LargestPossibleRegion: 
    Dimension: 3
    Index: [0, 0, 0]
    Size: [193, 229, 193]
  BufferedRegion: 
    Dimension: 3
    Index: [0, 0, 0]
    Size: [193, 229, 193]
  RequestedRegion: 
    Dimension: 3
    Index: [0, 0, 0]
    Size: [193, 229, 193]
  Spacing: [1, 1, 1]
  Origin: [96, 132, -78]
  Direction: 
-1 0 0
0 -1 0
0 0 1

  IndexToPointMatrix: 
-1 0 0
0 -1 0
0 0 1

  PointToIndexMatrix: 
-1 0 0
0 -1 0
0 0 1

  Inverse Direction: 
-1 0 0
0 -1 0
0 0 1

  PixelContainer: 
    ImportImageContainer (0x4313880)
      RTTI typeinfo:   itk::ImportImageContainer<unsigned long, double>
      Reference Count: 1
      Modified Time: 1200
      Debug: Off
      Object Name: 
      Observers: 
        none
      Pointer: 0x14fd1d5fc010
      Container manages memory: true
      Size: 8530021
      Capacity: 8530021

     Moving image = Image (0x4304050)
  RTTI typeinfo:   itk::Image<double, 3u>
  Reference Count: 2
  Modified Time: 1595
  Debug: Off
  Object Name: 
  Observers: 
    none
  Source: (none)
  Source output name: (none)
  Release Data: Off
  Data Released: False
  Global Release Data: Off
  PipelineMTime: 0
  UpdateMTime: 1592
  RealTimeStamp: 0 seconds 
  LargestPossibleRegion: 
    Dimension: 3
    Index: [0, 0, 0]
    Size: [176, 240, 256]
  BufferedRegion: 
    Dimension: 3
    Index: [0, 0, 0]
    Size: [176, 240, 256]
  RequestedRegion: 
    Dimension: 3
    Index: [0, 0, 0]
    Size: [176, 240, 256]
  Spacing: [0.999999, 1, 1]
  Origin: [93.3499, 86.9368, -128.957]
  Direction: 
-0.999513 -0.0279216 -0.0139567
0.0279189 -0.99961 0.000389866
-0.0139622 2.01492e-08 0.999903

  IndexToPointMatrix: 
-0.999512 -0.0279216 -0.0139567
0.0279189 -0.99961 0.000389866
-0.0139621 2.01492e-08 0.999903

  PointToIndexMatrix: 
-0.999514 0.0279189 -0.0139622
-0.0279216 -0.99961 2.01716e-08
-0.0139567 0.000389866 0.999903

  Inverse Direction: 
-0.999513 0.0279189 -0.0139622
-0.0279216 -0.99961 2.01716e-08
-0.0139567 0.000389866 0.999903

  PixelContainer: 
    ImportImageContainer (0x43b7690)
      RTTI typeinfo:   itk::ImportImageContainer<unsigned long, double>
      Reference Count: 1
      Modified Time: 1589
      Debug: Off
      Object Name: 
      Observers: 
        none
      Pointer: 0x14fd1837b010
      Container manages memory: true
      Size: 10813440
      Capacity: 10813440

     Weighting = 1
     Sampling strategy = regular
     Number of bins = 32
     Radius = 4
     Sampling percentage  = 0.25
   Transform = Affine
     Gradient step = 0.1
     Update field sigma (voxel space) = 0
     Total field sigma (voxel space) = 0
     Update field time sigma = 0
     Total field time sigma  = 0
     Number of time indices = 0
     Number of time point samples = 0
Registration using 1 total stages.

Stage 0
  iterations = 1000x500x250x100
  convergence threshold = 1e-06
  convergence window size = 10
  number of levels = 4
  using the Mattes MI metric (number of bins = 32, weight = 1, use gradient filter = 0)
  preprocessing:  winsorizing the image intensities
  Shrink factors (level 1 out of 4): [8, 8, 8]
  Shrink factors (level 2 out of 4): [4, 4, 4]
  Shrink factors (level 3 out of 4): [2, 2, 2]
  Shrink factors (level 4 out of 4): [1, 1, 1]
  smoothing sigmas per level: [3, 2, 1, 0]
  regular sampling (percentage = 0.25)

*** Running AffineTransform registration ***

DIAGNOSTIC,Iteration,metricValue,convergenceValue,ITERATION_TIME_INDEX,SINCE_LAST
 2DIAGNOSTIC,     1, -6.596238505930e-01, 1.797693134862e+308, 8.8707e-01, 8.8707e-01, 
 2DIAGNOSTIC,     2, -6.621570143263e-01, 1.797693134862e+308, 8.9276e-01, 5.6820e-03, 
 2DIAGNOSTIC,     3, -6.659638942598e-01, 1.797693134862e+308, 8.9792e-01, 5.1601e-03, 
 2DIAGNOSTIC,     4, -6.720756257687e-01, 1.797693134862e+308, 9.0297e-01, 5.0492e-03, 
 2DIAGNOSTIC,     5, -6.800491556040e-01, 1.797693134862e+308, 9.0799e-01, 5.0240e-03, 
 2DIAGNOSTIC,     6, -6.912767682605e-01, 1.797693134862e+308, 9.1356e-01, 5.5740e-03, 
 2DIAGNOSTIC,     7, -7.127819151244e-01, 1.797693134862e+308, 9.2168e-01, 8.1129e-03, 
 2DIAGNOSTIC,     8, -7.205008848422e-01, 1.797693134862e+308, 9.2840e-01, 6.7229e-03, 
 2DIAGNOSTIC,     9, -7.206827310874e-01, 1.797693134862e+308, 9.3515e-01, 6.7461e-03, 
 2DIAGNOSTIC,    10, -7.212155845257e-01, 7.076011400910e-03, 9.4111e-01, 5.9669e-03, 
 2DIAGNOSTIC,    11, -7.216427698488e-01, 6.125302199497e-03, 9.4735e-01, 6.2392e-03, 
 2DIAGNOSTIC,    12, -7.219068539207e-01, 4.875244512785e-03, 9.5455e-01, 7.2031e-03, 
 2DIAGNOSTIC,    13, -7.217683645597e-01, 3.497263566708e-03, 9.6307e-01, 8.5111e-03, 
 2DIAGNOSTIC,    14, -7.217706359254e-01, 2.190073265319e-03, 9.6942e-01, 6.3589e-03, 
 2DIAGNOSTIC,    15, -7.216734264497e-01, 1.077400293086e-03, 9.7624e-01, 6.8140e-03, 
 2DIAGNOSTIC,    16, -7.215151864088e-01, 2.757963872497e-04, 9.8241e-01, 6.1679e-03, 
 2DIAGNOSTIC,    17, -7.215638807388e-01, 5.298265206277e-05, 9.8854e-01, 6.1369e-03, 
 2DIAGNOSTIC,    18, -7.215072449570e-01, 2.266936101701e-05, 9.9407e-01, 5.5311e-03, 
DIAGNOSTIC,Iteration,metricValue,convergenceValue,ITERATION_TIME_INDEX,SINCE_LAST
 2DIAGNOSTIC,     1, -5.944875505012e-01, 1.797693134862e+308, 1.7684e+00, 7.7437e-01, 
 2DIAGNOSTIC,     2, -5.947714697363e-01, 1.797693134862e+308, 1.8117e+00, 4.3257e-02, 
 2DIAGNOSTIC,     3, -5.949897718167e-01, 1.797693134862e+308, 1.8495e+00, 3.7832e-02, 
 2DIAGNOSTIC,     4, -5.951934956171e-01, 1.797693134862e+308, 1.8881e+00, 3.8619e-02, 
 2DIAGNOSTIC,     5, -5.953694385190e-01, 1.797693134862e+308, 1.9392e+00, 5.1013e-02, 
 2DIAGNOSTIC,     6, -5.953842301623e-01, 1.797693134862e+308, 1.9773e+00, 3.8144e-02, 
 2DIAGNOSTIC,     7, -5.953585817786e-01, 1.797693134862e+308, 2.0232e+00, 4.5852e-02, 
 2DIAGNOSTIC,     8, -5.953377620092e-01, 1.797693134862e+308, 2.0639e+00, 4.0733e-02, 
 2DIAGNOSTIC,     9, -5.953439091342e-01, 1.797693134862e+308, 2.1056e+00, 4.1720e-02, 
 2DIAGNOSTIC,    10, -5.953389565863e-01, 8.318474586187e-05, 2.1452e+00, 3.9566e-02, 
 2DIAGNOSTIC,    11, -5.953339824390e-01, 4.431327090500e-05, 2.1829e+00, 3.7694e-02, 
 2DIAGNOSTIC,    12, -5.953242745727e-01, 1.910802560015e-05, 2.2225e+00, 3.9641e-02, 
 2DIAGNOSTIC,    13, -5.953161990040e-01, 3.910191101283e-06, 2.2577e+00, 3.5228e-02, 
DIAGNOSTIC,Iteration,metricValue,convergenceValue,ITERATION_TIME_INDEX,SINCE_LAST
 2DIAGNOSTIC,     1, -5.237260480845e-01, 1.797693134862e+308, 3.3774e+00, 1.1196e+00, 
 2DIAGNOSTIC,     2, -5.239317997009e-01, 1.797693134862e+308, 3.6759e+00, 2.9854e-01, 
 2DIAGNOSTIC,     3, -5.240956407249e-01, 1.797693134862e+308, 4.0034e+00, 3.2743e-01, 
 2DIAGNOSTIC,     4, -5.241330894020e-01, 1.797693134862e+308, 4.2765e+00, 2.7319e-01, 
 2DIAGNOSTIC,     5, -5.242508662592e-01, 1.797693134862e+308, 4.5467e+00, 2.7016e-01, 
 2DIAGNOSTIC,     6, -5.245306340407e-01, 1.797693134862e+308, 4.8164e+00, 2.6972e-01, 
 2DIAGNOSTIC,     7, -5.252203460194e-01, 1.797693134862e+308, 5.1293e+00, 3.1294e-01, 
 2DIAGNOSTIC,     8, -5.260708140110e-01, 1.797693134862e+308, 5.4522e+00, 3.2282e-01, 
 2DIAGNOSTIC,     9, -5.278994510751e-01, 1.797693134862e+308, 6.0192e+00, 5.6703e-01, 
 2DIAGNOSTIC,    10, -5.279211269073e-01, 5.227949838116e-04, 6.3013e+00, 2.8212e-01, 
 2DIAGNOSTIC,    11, -5.279747763205e-01, 5.434623463434e-04, 6.6138e+00, 3.1243e-01, 
 2DIAGNOSTIC,    12, -5.280574715104e-01, 5.256752977434e-04, 6.9134e+00, 2.9966e-01, 
 2DIAGNOSTIC,    13, -5.281668585094e-01, 4.739383011778e-04, 7.2183e+00, 3.0488e-01, 
 2DIAGNOSTIC,    14, -5.283291324072e-01, 3.935800755106e-04, 7.5274e+00, 3.0906e-01, 
 2DIAGNOSTIC,    15, -5.285707885825e-01, 3.013715567926e-04, 7.8204e+00, 2.9301e-01, 
 2DIAGNOSTIC,    16, -5.289397750007e-01, 2.157233062491e-04, 8.0878e+00, 2.6745e-01, 
 2DIAGNOSTIC,    17, -5.295378682017e-01, 1.611215286617e-04, 8.3589e+00, 2.7109e-01, 
 2DIAGNOSTIC,    18, -5.307823580532e-01, 1.588088308425e-04, 9.0670e+00, 7.0806e-01, 
 2DIAGNOSTIC,    19, -5.307862618165e-01, 1.934997589682e-04, 9.5625e+00, 4.9550e-01, 
 2DIAGNOSTIC,    20, -5.307874641171e-01, 2.080301373241e-04, 9.8837e+00, 3.2119e-01, 
 2DIAGNOSTIC,    21, -5.307872159263e-01, 2.036349018969e-04, 1.0239e+01, 3.5502e-01, 
 2DIAGNOSTIC,    22, -5.307849720611e-01, 1.824205622388e-04, 1.0561e+01, 3.2201e-01, 
 2DIAGNOSTIC,    23, -5.307818822778e-01, 1.481818361010e-04, 1.0954e+01, 3.9294e-01, 
 2DIAGNOSTIC,    24, -5.307802546081e-01, 1.067182358837e-04, 1.1288e+01, 3.3455e-01, 
 2DIAGNOSTIC,    25, -5.307795984312e-01, 6.424923728911e-05, 1.1613e+01, 3.2497e-01, 
 2DIAGNOSTIC,    26, -5.307778572512e-01, 2.670173436299e-05, 1.1913e+01, 2.9979e-01, 
DIAGNOSTIC,Iteration,metricValue,convergenceValue,ITERATION_TIME_INDEX,SINCE_LAST
 2DIAGNOSTIC,     1, -4.871112191200e-01, 1.797693134862e+308, 1.4986e+01, 3.0730e+00, 
 2DIAGNOSTIC,     2, -4.873176712840e-01, 1.797693134862e+308, 1.6909e+01, 1.9227e+00, 
 2DIAGNOSTIC,     3, -4.874585103548e-01, 1.797693134862e+308, 1.8662e+01, 1.7534e+00, 
 2DIAGNOSTIC,     4, -4.876000705581e-01, 1.797693134862e+308, 2.0525e+01, 1.8635e+00, 
 2DIAGNOSTIC,     5, -4.878963493681e-01, 1.797693134862e+308, 2.2380e+01, 1.8548e+00, 
 2DIAGNOSTIC,     6, -4.885915152921e-01, 1.797693134862e+308, 2.5463e+01, 3.0828e+00, 
 2DIAGNOSTIC,     7, -4.885890752765e-01, 1.797693134862e+308, 2.7984e+01, 2.5212e+00, 
 2DIAGNOSTIC,     8, -4.885891631677e-01, 1.797693134862e+308, 3.0679e+01, 2.6949e+00, 
 2DIAGNOSTIC,     9, -4.885891420513e-01, 1.797693134862e+308, 3.2616e+01, 1.9369e+00, 
 2DIAGNOSTIC,    10, -4.885888523351e-01, 2.337275000716e-04, 3.4463e+01, 1.8470e+00, 
 2DIAGNOSTIC,    11, -4.885886938883e-01, 1.763096460096e-04, 3.6753e+01, 2.2899e+00, 
 2DIAGNOSTIC,    12, -4.885884279530e-01, 1.229235743291e-04, 3.9060e+01, 2.3072e+00, 
 2DIAGNOSTIC,    13, -4.885883866252e-01, 7.369141728561e-05, 4.0975e+01, 1.9148e+00, 
 2DIAGNOSTIC,    14, -4.885881577535e-01, 3.089819236705e-05, 4.2894e+01, 1.9186e+00, 
 2DIAGNOSTIC,    15, -4.885882414103e-01, 1.928993964534e-06, 4.4872e+01, 1.9785e+00, 
 2DIAGNOSTIC,    16, -4.885881949244e-01, 1.893554705659e-06, 4.6920e+01, 2.0477e+00, 
 2DIAGNOSTIC,    17, -4.885881409803e-01, 1.785603768831e-06, 4.8764e+01, 1.8446e+00, 
 2DIAGNOSTIC,    18, -4.885881243804e-01, 1.699962146648e-06, 5.0490e+01, 1.7259e+00, 
 2DIAGNOSTIC,    19, -4.885882788820e-01, 1.633910193199e-06, 5.2534e+01, 2.0435e+00, 
 2DIAGNOSTIC,    20, -4.885882168200e-01, 1.567915916136e-06, 5.4574e+01, 2.0403e+00, 
 2DIAGNOSTIC,    21, -4.885882198630e-01, 1.506296870735e-06, 5.6768e+01, 2.1935e+00, 
 2DIAGNOSTIC,    22, -4.885881995564e-01, 1.443645989654e-06, 5.8678e+01, 1.9106e+00, 
 2DIAGNOSTIC,    23, -4.885881483533e-01, 1.384545629160e-06, 6.0402e+01, 1.7239e+00, 
 2DIAGNOSTIC,    24, -4.885881364567e-01, 1.324338887637e-06, 6.2426e+01, 2.0237e+00, 
 2DIAGNOSTIC,    25, -4.885881127130e-01, 1.270511432248e-06, 6.4672e+01, 2.2462e+00, 
 2DIAGNOSTIC,    26, -4.885880429069e-01, 1.218540866606e-06, 6.6733e+01, 2.0607e+00, 
 2DIAGNOSTIC,    27, -4.885879629636e-01, 1.168122062155e-06, 6.8698e+01, 1.9651e+00, 
 2DIAGNOSTIC,    28, -4.885878730625e-01, 1.120020676551e-06, 7.0599e+01, 1.9010e+00, 
 2DIAGNOSTIC,    29, -4.885877956686e-01, 1.078393287376e-06, 7.2397e+01, 1.7984e+00, 
 2DIAGNOSTIC,    30, -4.885878475824e-01, 1.041122836672e-06, 7.4236e+01, 1.8384e+00, 
 2DIAGNOSTIC,    31, -4.885879346643e-01, 1.009757911737e-06, 7.6085e+01, 1.8492e+00, 
  Elapsed time (stage 0): 7.7197e+01


Total elapsed time: 7.7200e+01
Info [verificarlo]: loaded backend libinterflop_ieee.so
