
##########################
# Experiment information #
##########################

EXPERIMENT_NAME: antsRegistration-r7-p23
VFC_BACKENDS: libinterflop_vprec.so --range-binary32=7 --precision-binary32=23 --range-binary64=7 --precision-binary64=23

SIF_IMG: /home/mdugre/projects/rrg-glatard/mdugre/containers/ants-vprec-no_metrics.simg

SUBJECT_ID: s017
INPUT_IMG: /home/mdugre/scratch/mri-registration-rp/datasets/ds004513/derivatives/mri-registration-rp/antsBrainExtraction/sub-s017/BrainExtractionBrain.nii.gz
OUTPUT_DIR: /home/mdugre/scratch/mri-registration-rp/datasets/ds004513/derivatives/mri-registration-rp/0100/antsRegistration-r7-p23/sub-s017

FIXED_IMG: /templateflow/tpl-MNI152NLin2009cAsym/tpl-MNI152NLin2009cAsym_res-01_desc-brain_T1w.nii.gz
DATA_DIR: /home/mdugre/scratch/mri-registration-rp/datasets/ds004513
TEMPLATEFLOW_DIR: /home/mdugre/projects/rrg-glatard/mdugre/templateflow
ITK_GLOBAL_DEFAULT_NUMBER_OF_THREADS: 16
##########################

Info [verificarlo]: loaded backend libinterflop_ieee.so
Info [interflop-ieee]: load backend with:
Info [interflop-ieee]: debug = false
Info [interflop-ieee]: debug-binary = false
Info [interflop-ieee]: no-backend-name = false
Info [interflop-ieee]: print-new-line = false
Info [interflop-ieee]: print-subnormal-normalized = false
Info [interflop-ieee]: count-op = false
All_Command_lines_OK
Using double precision for computations.
=============================================================================
The composite transform comprises the following transforms (in order): 
  1. Center of mass alignment using fixed image: /templateflow/tpl-MNI152NLin2009cAsym/tpl-MNI152NLin2009cAsym_res-01_desc-brain_T1w.nii.gz and moving image: /home/mdugre/scratch/mri-registration-rp/datasets/ds004513/derivatives/mri-registration-rp/antsBrainExtraction/sub-s017/BrainExtractionBrain.nii.gz (type = Euler3DTransform)
=============================================================================
  number of levels = 1
  fixed image: /templateflow/tpl-MNI152NLin2009cAsym/tpl-MNI152NLin2009cAsym_res-01_desc-brain_T1w.nii.gz
  moving image: /home/mdugre/scratch/mri-registration-rp/datasets/ds004513/derivatives/mri-registration-rp/antsBrainExtraction/sub-s017/BrainExtractionBrain.nii.gz
Dimension = 3
Number of stages = 1
Use histogram matching = false
Winsorize image intensities = true
  Lower quantile = 0.005
  Upper quantile = 0.995


Stage 1 State
   Image metric = MattesMI
     Fixed image = Image (0x3358e70)
  RTTI typeinfo:   itk::Image<double, 3u>
  Reference Count: 2
  Modified Time: 2334
  Debug: Off
  Object Name: 
  Observers: 
    none
  Source: (none)
  Source output name: (none)
  Release Data: Off
  Data Released: False
  Global Release Data: Off
  PipelineMTime: 0
  UpdateMTime: 1943
  RealTimeStamp: 0 seconds 
  LargestPossibleRegion: 
    Dimension: 3
    Index: [0, 0, 0]
    Size: [193, 229, 193]
  BufferedRegion: 
    Dimension: 3
    Index: [0, 0, 0]
    Size: [193, 229, 193]
  RequestedRegion: 
    Dimension: 3
    Index: [0, 0, 0]
    Size: [193, 229, 193]
  Spacing: [1, 1, 1]
  Origin: [96, 132, -78]
  Direction: 
-1 0 0
0 -1 0
0 0 1

  IndexToPointMatrix: 
-1 0 0
0 -1 0
0 0 1

  PointToIndexMatrix: 
-1 0 0
0 -1 0
0 0 1

  Inverse Direction: 
-1 0 0
0 -1 0
0 0 1

  PixelContainer: 
    ImportImageContainer (0x3361c60)
      RTTI typeinfo:   itk::ImportImageContainer<unsigned long, double>
      Reference Count: 1
      Modified Time: 1940
      Debug: Off
      Object Name: 
      Observers: 
        none
      Pointer: 0x1511f482a010
      Container manages memory: true
      Size: 8530021
      Capacity: 8530021

     Moving image = Image (0x3364610)
  RTTI typeinfo:   itk::Image<double, 3u>
  Reference Count: 2
  Modified Time: 2335
  Debug: Off
  Object Name: 
  Observers: 
    none
  Source: (none)
  Source output name: (none)
  Release Data: Off
  Data Released: False
  Global Release Data: Off
  PipelineMTime: 0
  UpdateMTime: 2332
  RealTimeStamp: 0 seconds 
  LargestPossibleRegion: 
    Dimension: 3
    Index: [0, 0, 0]
    Size: [160, 240, 256]
  BufferedRegion: 
    Dimension: 3
    Index: [0, 0, 0]
    Size: [160, 240, 256]
  RequestedRegion: 
    Dimension: 3
    Index: [0, 0, 0]
    Size: [160, 240, 256]
  Spacing: [1, 1, 1]
  Origin: [91.3357, 102.231, -120.042]
  Direction: 
-0.997442 -5.36781e-05 -0.0714818
5.35416e-05 -1 3.82465e-06
-0.0714818 -1.23894e-08 0.997442

  IndexToPointMatrix: 
-0.997444 -5.36781e-05 -0.0714818
5.35418e-05 -1 3.82465e-06
-0.0714819 -1.23894e-08 0.997442

  PointToIndexMatrix: 
-0.99744 5.35415e-05 -0.0714816
-5.36781e-05 -1 -1.23894e-08
-0.0714818 3.82465e-06 0.997442

  Inverse Direction: 
-0.997442 5.35416e-05 -0.0714818
-5.36781e-05 -1 -1.23894e-08
-0.0714818 3.82465e-06 0.997442

  PixelContainer: 
    ImportImageContainer (0x33fdef0)
      RTTI typeinfo:   itk::ImportImageContainer<unsigned long, double>
      Reference Count: 1
      Modified Time: 2329
      Debug: Off
      Object Name: 
      Observers: 
        none
      Pointer: 0x1511efd29010
      Container manages memory: true
      Size: 9830400
      Capacity: 9830400

     Weighting = 1
     Sampling strategy = regular
     Number of bins = 32
     Radius = 4
     Sampling percentage  = 0.25
   Transform = Rigid
     Gradient step = 0.1
     Update field sigma (voxel space) = 0
     Total field sigma (voxel space) = 0
     Update field time sigma = 0
     Total field time sigma  = 0
     Number of time indices = 0
     Number of time point samples = 0
Registration using 1 total stages.

Stage 0
  iterations = 0
  convergence threshold = 1e-06
  convergence window size = 10
  number of levels = 1
  using the Mattes MI metric (number of bins = 32, weight = 1, use gradient filter = 0)
  preprocessing:  winsorizing the image intensities
  Shrink factors (level 1 out of 1): [1, 1, 1]
  smoothing sigmas per level: [0]
  regular sampling (percentage = 0.25)

*** Running Euler3DTransform registration ***

  Elapsed time (stage 0): 1.14162


Total elapsed time: 1.14401
Info [verificarlo]: loaded backend libinterflop_vprec.so
Info [interflop-vprec]: load backend with: 
Info [interflop-vprec]: precision-binary32 = 23
Info [interflop-vprec]: range-binary32 = 7
Info [interflop-vprec]: precision-binary64 = 23
Info [interflop-vprec]: range-binary64 = 7
Info [interflop-vprec]: mode = ob
Info [interflop-vprec]: error-mode = rel
Info [interflop-vprec]: max-abs-error-exponent = -1022
Info [interflop-vprec]: daz = false
Info [interflop-vprec]: ftz = false
Info [interflop-vprec]: 	instrument = none
Info [interflop-vprec]: 	prec-input-file = (null)
Info [interflop-vprec]: 	prec-output-file = (null)
Info [interflop-vprec]: 	prec-log-file = (null)
All_Command_lines_OK
Using double precision for computations.
=============================================================================
The composite transform comprises the following transforms (in order): 
  1. /home/mdugre/scratch/mri-registration-rp/datasets/ds004513/derivatives/mri-registration-rp/0100/antsRegistration-r7-p23/sub-s017/align_Composite.h5[0] (type = Euler3DTransform)
  2. /home/mdugre/scratch/mri-registration-rp/datasets/ds004513/derivatives/mri-registration-rp/0100/antsRegistration-r7-p23/sub-s017/align_Composite.h5[1] (type = Euler3DTransform)
=============================================================================
  number of levels = 4
  fixed image: /templateflow/tpl-MNI152NLin2009cAsym/tpl-MNI152NLin2009cAsym_res-01_desc-brain_T1w.nii.gz
  moving image: /home/mdugre/scratch/mri-registration-rp/datasets/ds004513/derivatives/mri-registration-rp/antsBrainExtraction/sub-s017/BrainExtractionBrain.nii.gz
Dimension = 3
Number of stages = 1
Use histogram matching = false
Winsorize image intensities = true
  Lower quantile = 0.005
  Upper quantile = 0.995


Stage 1 State
   Image metric = MattesMI
     Fixed image = Image (0x3deb1e0)
  RTTI typeinfo:   itk::Image<double, 3u>
  Reference Count: 2
  Modified Time: 1580
  Debug: Off
  Object Name: 
  Observers: 
    none
  Source: (none)
  Source output name: (none)
  Release Data: Off
  Data Released: False
  Global Release Data: Off
  PipelineMTime: 0
  UpdateMTime: 1189
  RealTimeStamp: 0 seconds 
  LargestPossibleRegion: 
    Dimension: 3
    Index: [0, 0, 0]
    Size: [193, 229, 193]
  BufferedRegion: 
    Dimension: 3
    Index: [0, 0, 0]
    Size: [193, 229, 193]
  RequestedRegion: 
    Dimension: 3
    Index: [0, 0, 0]
    Size: [193, 229, 193]
  Spacing: [1, 1, 1]
  Origin: [96, 132, -78]
  Direction: 
-1 0 0
0 -1 0
0 0 1

  IndexToPointMatrix: 
-1 0 0
0 -1 0
0 0 1

  PointToIndexMatrix: 
-1 0 0
0 -1 0
0 0 1

  Inverse Direction: 
-1 0 0
0 -1 0
0 0 1

  PixelContainer: 
    ImportImageContainer (0x3eaa680)
      RTTI typeinfo:   itk::ImportImageContainer<unsigned long, double>
      Reference Count: 1
      Modified Time: 1186
      Debug: Off
      Object Name: 
      Observers: 
        none
      Pointer: 0x145f4a4df010
      Container manages memory: true
      Size: 8530021
      Capacity: 8530021

     Moving image = Image (0x3ea6b20)
  RTTI typeinfo:   itk::Image<double, 3u>
  Reference Count: 2
  Modified Time: 1581
  Debug: Off
  Object Name: 
  Observers: 
    none
  Source: (none)
  Source output name: (none)
  Release Data: Off
  Data Released: False
  Global Release Data: Off
  PipelineMTime: 0
  UpdateMTime: 1578
  RealTimeStamp: 0 seconds 
  LargestPossibleRegion: 
    Dimension: 3
    Index: [0, 0, 0]
    Size: [160, 240, 256]
  BufferedRegion: 
    Dimension: 3
    Index: [0, 0, 0]
    Size: [160, 240, 256]
  RequestedRegion: 
    Dimension: 3
    Index: [0, 0, 0]
    Size: [160, 240, 256]
  Spacing: [1, 1, 1]
  Origin: [91.3357, 102.231, -120.042]
  Direction: 
-0.997442 -5.36781e-05 -0.0714818
5.35416e-05 -1 3.82465e-06
-0.0714818 -1.23894e-08 0.997442

  IndexToPointMatrix: 
-0.997444 -5.36781e-05 -0.0714818
5.35418e-05 -1 3.82465e-06
-0.0714819 -1.23894e-08 0.997442

  PointToIndexMatrix: 
-0.99744 5.35415e-05 -0.0714816
-5.3678e-05 -1 -1.35915e-08
-0.0714818 3.82343e-06 0.997442

  Inverse Direction: 
-0.997442 5.35416e-05 -0.0714818
-5.3678e-05 -1 -1.35915e-08
-0.0714818 3.82343e-06 0.997442

  PixelContainer: 
    ImportImageContainer (0x3f0fd50)
      RTTI typeinfo:   itk::ImportImageContainer<unsigned long, double>
      Reference Count: 1
      Modified Time: 1575
      Debug: Off
      Object Name: 
      Observers: 
        none
      Pointer: 0x145f459de010
      Container manages memory: true
      Size: 9830400
      Capacity: 9830400

     Weighting = 1
     Sampling strategy = regular
     Number of bins = 32
     Radius = 4
     Sampling percentage  = 0.25
   Transform = Rigid
     Gradient step = 0.1
     Update field sigma (voxel space) = 0
     Total field sigma (voxel space) = 0
     Update field time sigma = 0
     Total field time sigma  = 0
     Number of time indices = 0
     Number of time point samples = 0
Registration using 1 total stages.

Stage 0
  iterations = 1000x500x250x100
  convergence threshold = 1e-06
  convergence window size = 10
  number of levels = 4
  using the Mattes MI metric (number of bins = 32, weight = 1, use gradient filter = 0)
  preprocessing:  winsorizing the image intensities
  Shrink factors (level 1 out of 4): [8, 8, 8]
  Shrink factors (level 2 out of 4): [4, 4, 4]
  Shrink factors (level 3 out of 4): [2, 2, 2]
  Shrink factors (level 4 out of 4): [1, 1, 1]
  smoothing sigmas per level: [3, 2, 1, 0]
  regular sampling (percentage = 0.25)

*** Running Euler3DTransform registration ***

DIAGNOSTIC,Iteration,metricValue,convergenceValue,ITERATION_TIME_INDEX,SINCE_LAST
 2DIAGNOSTIC,     1, -5.567766004436e-01, 1.797693134862e+308, 0.0000e+00, 0.0000e+00, 
 2DIAGNOSTIC,     2, -5.584230569340e-01, 1.797693134862e+308, 0.0000e+00, 0.0000e+00, 
 2DIAGNOSTIC,     3, -5.612699261409e-01, 1.797693134862e+308, 0.0000e+00, 0.0000e+00, 
 2DIAGNOSTIC,     4, -5.637775409105e-01, 1.797693134862e+308, 0.0000e+00, 0.0000e+00, 
 2DIAGNOSTIC,     5, -5.658236781800e-01, 1.797693134862e+308, 0.0000e+00, 0.0000e+00, 
 2DIAGNOSTIC,     6, -5.696428543274e-01, 1.797693134862e+308, 0.0000e+00, 0.0000e+00, 
 2DIAGNOSTIC,     7, -5.734089572810e-01, 1.797693134862e+308, 0.0000e+00, 0.0000e+00, 
 2DIAGNOSTIC,     8, -5.754972804133e-01, 1.797693134862e+308, 0.0000e+00, 0.0000e+00, 
 2DIAGNOSTIC,     9, -5.763092974867e-01, 1.797693134862e+308, 0.0000e+00, 0.0000e+00, 
 2DIAGNOSTIC,    10, -5.771887932745e-01, 2.563643921720e-03, 0.0000e+00, 0.0000e+00, 
 2DIAGNOSTIC,    11, -5.784049267720e-01, 2.175436264836e-03, 0.0000e+00, 0.0000e+00, 
 2DIAGNOSTIC,    12, -5.799902587758e-01, 1.787608292544e-03, 0.0000e+00, 0.0000e+00, 
 2DIAGNOSTIC,    13, -5.808708720268e-01, 1.440110340980e-03, 0.0000e+00, 0.0000e+00, 
 2DIAGNOSTIC,    14, -5.814992143523e-01, 1.125359699286e-03, 0.0000e+00, 0.0000e+00, 
 2DIAGNOSTIC,    15, -5.817965468775e-01, 8.273304908832e-04, 0.0000e+00, 0.0000e+00, 
 2DIAGNOSTIC,    16, -5.820914689062e-01, 6.164885233901e-04, 0.0000e+00, 0.0000e+00, 
 2DIAGNOSTIC,    17, -5.832022787464e-01, 5.146011672666e-04, 0.0000e+00, 0.0000e+00, 
 2DIAGNOSTIC,    18, -5.835129911639e-01, 4.418135099304e-04, 0.0000e+00, 0.0000e+00, 
 2DIAGNOSTIC,    19, -5.838004278145e-01, 3.649432415015e-04, 0.0000e+00, 0.0000e+00, 
 2DIAGNOSTIC,    20, -5.840808613571e-01, 2.909118727021e-04, 0.0000e+00, 0.0000e+00, 
 2DIAGNOSTIC,    21, -5.864890114892e-01, 2.815015284336e-04, 0.0000e+00, 0.0000e+00, 
 2DIAGNOSTIC,    22, -5.872594907730e-01, 2.975471780805e-04, 0.0000e+00, 0.0000e+00, 
 2DIAGNOSTIC,    23, -5.875567757807e-01, 3.095519346916e-04, 0.0000e+00, 0.0000e+00, 
 2DIAGNOSTIC,    24, -5.882932335784e-01, 3.206184575073e-04, 0.0000e+00, 0.0000e+00, 
 2DIAGNOSTIC,    25, -5.886563512244e-01, 3.136285101566e-04, 0.0000e+00, 0.0000e+00, 
 2DIAGNOSTIC,    26, -5.899788186207e-01, 3.071768739820e-04, 0.0000e+00, 0.0000e+00, 
 2DIAGNOSTIC,    27, -5.901723824084e-01, 2.953272929566e-04, 0.0000e+00, 0.0000e+00, 
 2DIAGNOSTIC,    28, -5.902545098792e-01, 2.642086609201e-04, 0.0000e+00, 0.0000e+00, 
 2DIAGNOSTIC,    29, -5.902275848511e-01, 2.155396327000e-04, 0.0000e+00, 0.0000e+00, 
 2DIAGNOSTIC,    30, -5.902532595849e-01, 1.538724612709e-04, 0.0000e+00, 0.0000e+00, 
 2DIAGNOSTIC,    31, -5.901926771275e-01, 1.184313147144e-04, 0.0000e+00, 0.0000e+00, 
 2DIAGNOSTIC,    32, -5.902463400590e-01, 8.673104634059e-05, 0.0000e+00, 0.0000e+00, 
 2DIAGNOSTIC,    33, -5.904245995775e-01, 5.592662185124e-05, 0.0000e+00, 0.0000e+00, 
 2DIAGNOSTIC,    34, -5.906520049607e-01, 3.566914682546e-05, 0.0000e+00, 0.0000e+00, 
 2DIAGNOSTIC,    35, -5.909213713479e-01, 2.159996631686e-05, 0.0000e+00, 0.0000e+00, 
 2DIAGNOSTIC,    36, -5.916162568384e-01, 3.366632390871e-05, 0.0000e+00, 0.0000e+00, 
 2DIAGNOSTIC,    37, -5.917142303263e-01, 4.558352829201e-05, 0.0000e+00, 0.0000e+00, 
 2DIAGNOSTIC,    38, -5.917143449083e-01, 5.374065201264e-05, 0.0000e+00, 0.0000e+00, 
 2DIAGNOSTIC,    39, -5.917144841625e-01, 5.617873421722e-05, 0.0000e+00, 0.0000e+00, 
 2DIAGNOSTIC,    40, -5.917145034997e-01, 5.351608679598e-05, 0.0000e+00, 0.0000e+00, 
 2DIAGNOSTIC,    41, -5.917145175554e-01, 4.513236390794e-05, 0.0000e+00, 0.0000e+00, 
 2DIAGNOSTIC,    42, -5.917147128341e-01, 3.352044986041e-05, 0.0000e+00, 0.0000e+00, 
 2DIAGNOSTIC,    43, -5.917148911840e-01, 2.143841141491e-05, 0.0000e+00, 0.0000e+00, 
 2DIAGNOSTIC,    44, -5.917150430613e-01, 1.048146496057e-05, 0.0000e+00, 0.0000e+00, 
 2DIAGNOSTIC,    45, -5.917153644719e-01, 1.802697883597e-06, 0.0000e+00, 0.0000e+00, 
DIAGNOSTIC,Iteration,metricValue,convergenceValue,ITERATION_TIME_INDEX,SINCE_LAST
 2DIAGNOSTIC,     1, -4.782877371043e-01, 1.797693134862e+308, 0.0000e+00, 0.0000e+00, 
 2DIAGNOSTIC,     2, -4.783276465380e-01, 1.797693134862e+308, 0.0000e+00, 0.0000e+00, 
 2DIAGNOSTIC,     3, -4.783501499026e-01, 1.797693134862e+308, 0.0000e+00, 0.0000e+00, 
 2DIAGNOSTIC,     4, -4.784843529745e-01, 1.797693134862e+308, 0.0000e+00, 0.0000e+00, 
 2DIAGNOSTIC,     5, -4.785769068668e-01, 1.797693134862e+308, 0.0000e+00, 0.0000e+00, 
 2DIAGNOSTIC,     6, -4.786463581037e-01, 1.797693134862e+308, 0.0000e+00, 0.0000e+00, 
 2DIAGNOSTIC,     7, -4.793506569484e-01, 1.797693134862e+308, 0.0000e+00, 0.0000e+00, 
 2DIAGNOSTIC,     8, -4.814547355818e-01, 1.797693134862e+308, 0.0000e+00, 0.0000e+00, 
 2DIAGNOSTIC,     9, -4.819737040053e-01, 1.797693134862e+308, 0.0000e+00, 0.0000e+00, 
 2DIAGNOSTIC,    10, -4.823564317614e-01, 5.868967865166e-04, 0.0000e+00, 0.0000e+00, 
 2DIAGNOSTIC,    11, -4.826384828178e-01, 6.339634233625e-04, 0.0000e+00, 0.0000e+00, 
 2DIAGNOSTIC,    12, -4.833269529305e-01, 6.518210903135e-04, 0.0000e+00, 0.0000e+00, 
 2DIAGNOSTIC,    13, -4.834816329339e-01, 6.140248971717e-04, 0.0000e+00, 0.0000e+00, 
 2DIAGNOSTIC,    14, -4.835233117554e-01, 5.335650589622e-04, 0.0000e+00, 0.0000e+00, 
 2DIAGNOSTIC,    15, -4.835249503180e-01, 4.208259463132e-04, 0.0000e+00, 0.0000e+00, 
 2DIAGNOSTIC,    16, -4.835087167650e-01, 2.861269362266e-04, 0.0000e+00, 0.0000e+00, 
 2DIAGNOSTIC,    17, -4.834934336541e-01, 1.630630368321e-04, 0.0000e+00, 0.0000e+00, 
 2DIAGNOSTIC,    18, -4.834851065854e-01, 1.072550136379e-04, 0.0000e+00, 0.0000e+00, 
 2DIAGNOSTIC,    19, -4.834819114860e-01, 6.366906427867e-05, 0.0000e+00, 0.0000e+00, 
 2DIAGNOSTIC,    20, -4.834698817091e-01, 2.971109127821e-05, 0.0000e+00, 0.0000e+00, 
 2DIAGNOSTIC,    21, -4.834571396295e-01, 3.480279605499e-06, 0.0000e+00, 0.0000e+00, 
DIAGNOSTIC,Iteration,metricValue,convergenceValue,ITERATION_TIME_INDEX,SINCE_LAST
 2DIAGNOSTIC,     1, -4.160408610810e-01, 1.797693134862e+308, 0.0000e+00, 0.0000e+00, 
 2DIAGNOSTIC,     2, -4.160748242337e-01, 1.797693134862e+308, 0.0000e+00, 0.0000e+00, 
 2DIAGNOSTIC,     3, -4.160864063748e-01, 1.797693134862e+308, 0.0000e+00, 0.0000e+00, 
 2DIAGNOSTIC,     4, -4.160875805022e-01, 1.797693134862e+308, 0.0000e+00, 0.0000e+00, 
 2DIAGNOSTIC,     5, -4.161182589165e-01, 1.797693134862e+308, 0.0000e+00, 0.0000e+00, 
 2DIAGNOSTIC,     6, -4.161217233840e-01, 1.797693134862e+308, 0.0000e+00, 0.0000e+00, 
 2DIAGNOSTIC,     7, -4.161175477965e-01, 1.797693134862e+308, 0.0000e+00, 0.0000e+00, 
 2DIAGNOSTIC,     8, -4.161163014311e-01, 1.797693134862e+308, 0.0000e+00, 0.0000e+00, 
 2DIAGNOSTIC,     9, -4.161145952010e-01, 1.797693134862e+308, 0.0000e+00, 0.0000e+00, 
 2DIAGNOSTIC,    10, -4.161151009360e-01, 1.305322868538e-05, 0.0000e+00, 0.0000e+00, 
 2DIAGNOSTIC,    11, -4.161137830937e-01, 7.945902151515e-06, 0.0000e+00, 0.0000e+00, 
 2DIAGNOSTIC,    12, -4.161134259734e-01, 5.164316807041e-06, 0.0000e+00, 0.0000e+00, 
 2DIAGNOSTIC,    13, -4.161138462679e-01, 3.237395866676e-06, 0.0000e+00, 0.0000e+00, 
 2DIAGNOSTIC,    14, -4.161126008618e-01, 1.465973393219e-06, 0.0000e+00, 0.0000e+00, 
 2DIAGNOSTIC,    15, -4.161124351882e-01, 1.387726123403e-06, 0.0000e+00, 0.0000e+00, 
 2DIAGNOSTIC,    16, -4.161126758753e-01, 1.548707134577e-06, 0.0000e+00, 0.0000e+00, 
 2DIAGNOSTIC,    17, -4.161131814354e-01, 1.583896280508e-06, 0.0000e+00, 0.0000e+00, 
 2DIAGNOSTIC,    18, -4.161135715764e-01, 1.609918325936e-06, 0.0000e+00, 0.0000e+00, 
 2DIAGNOSTIC,    19, -4.161122163431e-01, 1.537104898391e-06, 0.0000e+00, 0.0000e+00, 
 2DIAGNOSTIC,    20, -4.161107627105e-01, 1.455313790651e-06, 0.0000e+00, 0.0000e+00, 
 2DIAGNOSTIC,    21, -4.161103350534e-01, 1.337827633639e-06, 0.0000e+00, 0.0000e+00, 
 2DIAGNOSTIC,    22, -4.161113160028e-01, 1.264797501954e-06, 0.0000e+00, 0.0000e+00, 
 2DIAGNOSTIC,    23, -4.161109722677e-01, 1.216666565600e-06, 0.0000e+00, 0.0000e+00, 
 2DIAGNOSTIC,    24, -4.161111676176e-01, 1.159894227755e-06, 0.0000e+00, 0.0000e+00, 
 2DIAGNOSTIC,    25, -4.161099994581e-01, 1.087943529918e-06, 0.0000e+00, 0.0000e+00, 
 2DIAGNOSTIC,    26, -4.161086150111e-01, 1.009022119323e-06, 0.0000e+00, 0.0000e+00, 
DIAGNOSTIC,Iteration,metricValue,convergenceValue,ITERATION_TIME_INDEX,SINCE_LAST
 2DIAGNOSTIC,     1, -3.833173273236e-01, 1.797693134862e+308, 0.0000e+00, 0.0000e+00, 
 2DIAGNOSTIC,     2, -3.834168888873e-01, 1.797693134862e+308, 0.0000e+00, 0.0000e+00, 
 2DIAGNOSTIC,     3, -3.834375550890e-01, 1.797693134862e+308, 0.0000e+00, 0.0000e+00, 
 2DIAGNOSTIC,     4, -3.834593334379e-01, 1.797693134862e+308, 0.0000e+00, 0.0000e+00, 
 2DIAGNOSTIC,     5, -3.834820464713e-01, 1.797693134862e+308, 0.0000e+00, 0.0000e+00, 
 2DIAGNOSTIC,     6, -3.834850919987e-01, 1.797693134862e+308, 0.0000e+00, 0.0000e+00, 
 2DIAGNOSTIC,     7, -3.834847682633e-01, 1.797693134862e+308, 0.0000e+00, 0.0000e+00, 
 2DIAGNOSTIC,     8, -3.834845818224e-01, 1.797693134862e+308, 0.0000e+00, 0.0000e+00, 
 2DIAGNOSTIC,     9, -3.834842178777e-01, 1.797693134862e+308, 0.0000e+00, 0.0000e+00, 
 2DIAGNOSTIC,    10, -3.834842220836e-01, 2.327532470117e-05, 0.0000e+00, 0.0000e+00, 
 2DIAGNOSTIC,    11, -3.834842753090e-01, 1.143287526026e-05, 0.0000e+00, 0.0000e+00, 
 2DIAGNOSTIC,    12, -3.834840962691e-01, 6.938537764609e-06, 1.2800e+02, 1.2800e+02, 
 2DIAGNOSTIC,    13, -3.834841501877e-01, 3.913371895994e-06, 1.2800e+02, 0.0000e+00, 
 2DIAGNOSTIC,    14, -3.834841013583e-01, 2.304980214002e-06, 1.2800e+02, 0.0000e+00, 
 2DIAGNOSTIC,    15, -3.834840891146e-01, 2.025088689378e-06, 1.2800e+02, 0.0000e+00, 
 2DIAGNOSTIC,    16, -3.834839120149e-01, 1.921903317756e-06, 1.2800e+02, 0.0000e+00, 
 2DIAGNOSTIC,    17, -3.834837592135e-01, 1.816525918776e-06, 1.2800e+02, 0.0000e+00, 
 2DIAGNOSTIC,    18, -3.834836772156e-01, 1.717410299674e-06, 1.2800e+02, 0.0000e+00, 
 2DIAGNOSTIC,    19, -3.834836680526e-01, 1.618636191095e-06, 1.2800e+02, 0.0000e+00, 
 2DIAGNOSTIC,    20, -3.834836641955e-01, 1.534739050769e-06, 1.2800e+02, 0.0000e+00, 
 2DIAGNOSTIC,    21, -3.834836659995e-01, 1.466230753151e-06, 1.2800e+02, 0.0000e+00, 
 2DIAGNOSTIC,    22, -3.834836638830e-01, 1.402416611548e-06, 1.2800e+02, 0.0000e+00, 
 2DIAGNOSTIC,    23, -3.834836529839e-01, 1.349623795818e-06, 1.2800e+02, 0.0000e+00, 
 2DIAGNOSTIC,    24, -3.834836516968e-01, 1.302712088126e-06, 1.2800e+02, 0.0000e+00, 
 2DIAGNOSTIC,    25, -3.834836642266e-01, 1.261752870678e-06, 1.2800e+02, 0.0000e+00, 
 2DIAGNOSTIC,    26, -3.834835800920e-01, 1.217579236337e-06, 1.2800e+02, 0.0000e+00, 
 2DIAGNOSTIC,    27, -3.834835917337e-01, 1.173491517861e-06, 1.2800e+02, 0.0000e+00, 
 2DIAGNOSTIC,    28, -3.834835900928e-01, 1.130762739825e-06, 1.2800e+02, 0.0000e+00, 
 2DIAGNOSTIC,    29, -3.834835900013e-01, 1.091221037482e-06, 1.2800e+02, 0.0000e+00, 
 2DIAGNOSTIC,    30, -3.834835899079e-01, 1.054757772241e-06, 1.2800e+02, 0.0000e+00, 
 2DIAGNOSTIC,    31, -3.834835895928e-01, 1.021241704424e-06, 2.5600e+02, 1.2800e+02, 
  Elapsed time (stage 0): 2.5600e+02


Total elapsed time: 2.5600e+02
Info [verificarlo]: loaded backend libinterflop_ieee.so
Info [interflop-ieee]: load backend with:
Info [interflop-ieee]: debug = false
Info [interflop-ieee]: debug-binary = false
Info [interflop-ieee]: no-backend-name = false
Info [interflop-ieee]: print-new-line = false
Info [interflop-ieee]: print-subnormal-normalized = false
Info [interflop-ieee]: count-op = false
All_Command_lines_OK
Using double precision for computations.
=============================================================================
The composite transform comprises the following transforms (in order): 
  1. /home/mdugre/scratch/mri-registration-rp/datasets/ds004513/derivatives/mri-registration-rp/0100/antsRegistration-r7-p23/sub-s017/rigid_Composite.h5[0] (type = Euler3DTransform)
  2. /home/mdugre/scratch/mri-registration-rp/datasets/ds004513/derivatives/mri-registration-rp/0100/antsRegistration-r7-p23/sub-s017/rigid_Composite.h5[1] (type = Euler3DTransform)
  3. /home/mdugre/scratch/mri-registration-rp/datasets/ds004513/derivatives/mri-registration-rp/0100/antsRegistration-r7-p23/sub-s017/rigid_Composite.h5[2] (type = Euler3DTransform)
=============================================================================
  number of levels = 4
  fixed image: /templateflow/tpl-MNI152NLin2009cAsym/tpl-MNI152NLin2009cAsym_res-01_desc-brain_T1w.nii.gz
  moving image: /home/mdugre/scratch/mri-registration-rp/datasets/ds004513/derivatives/mri-registration-rp/antsBrainExtraction/sub-s017/BrainExtractionBrain.nii.gz
Dimension = 3
Number of stages = 1
Use histogram matching = false
Winsorize image intensities = true
  Lower quantile = 0.005
  Upper quantile = 0.995


Stage 1 State
   Image metric = MattesMI
     Fixed image = Image (0x3c097e0)
  RTTI typeinfo:   itk::Image<double, 3u>
  Reference Count: 2
  Modified Time: 1594
  Debug: Off
  Object Name: 
  Observers: 
    none
  Source: (none)
  Source output name: (none)
  Release Data: Off
  Data Released: False
  Global Release Data: Off
  PipelineMTime: 0
  UpdateMTime: 1203
  RealTimeStamp: 0 seconds 
  LargestPossibleRegion: 
    Dimension: 3
    Index: [0, 0, 0]
    Size: [193, 229, 193]
  BufferedRegion: 
    Dimension: 3
    Index: [0, 0, 0]
    Size: [193, 229, 193]
  RequestedRegion: 
    Dimension: 3
    Index: [0, 0, 0]
    Size: [193, 229, 193]
  Spacing: [1, 1, 1]
  Origin: [96, 132, -78]
  Direction: 
-1 0 0
0 -1 0
0 0 1

  IndexToPointMatrix: 
-1 0 0
0 -1 0
0 0 1

  PointToIndexMatrix: 
-1 0 0
0 -1 0
0 0 1

  Inverse Direction: 
-1 0 0
0 -1 0
0 0 1

  PixelContainer: 
    ImportImageContainer (0x3cd4880)
      RTTI typeinfo:   itk::ImportImageContainer<unsigned long, double>
      Reference Count: 1
      Modified Time: 1200
      Debug: Off
      Object Name: 
      Observers: 
        none
      Pointer: 0x151696812010
      Container manages memory: true
      Size: 8530021
      Capacity: 8530021

     Moving image = Image (0x3cc5050)
  RTTI typeinfo:   itk::Image<double, 3u>
  Reference Count: 2
  Modified Time: 1595
  Debug: Off
  Object Name: 
  Observers: 
    none
  Source: (none)
  Source output name: (none)
  Release Data: Off
  Data Released: False
  Global Release Data: Off
  PipelineMTime: 0
  UpdateMTime: 1592
  RealTimeStamp: 0 seconds 
  LargestPossibleRegion: 
    Dimension: 3
    Index: [0, 0, 0]
    Size: [160, 240, 256]
  BufferedRegion: 
    Dimension: 3
    Index: [0, 0, 0]
    Size: [160, 240, 256]
  RequestedRegion: 
    Dimension: 3
    Index: [0, 0, 0]
    Size: [160, 240, 256]
  Spacing: [1, 1, 1]
  Origin: [91.3357, 102.231, -120.042]
  Direction: 
-0.997442 -5.36781e-05 -0.0714818
5.35416e-05 -1 3.82465e-06
-0.0714818 -1.23894e-08 0.997442

  IndexToPointMatrix: 
-0.997444 -5.36781e-05 -0.0714818
5.35418e-05 -1 3.82465e-06
-0.0714819 -1.23894e-08 0.997442

  PointToIndexMatrix: 
-0.99744 5.35415e-05 -0.0714816
-5.36781e-05 -1 -1.23894e-08
-0.0714818 3.82465e-06 0.997442

  Inverse Direction: 
-0.997442 5.35416e-05 -0.0714818
-5.36781e-05 -1 -1.23894e-08
-0.0714818 3.82465e-06 0.997442

  PixelContainer: 
    ImportImageContainer (0x3d78690)
      RTTI typeinfo:   itk::ImportImageContainer<unsigned long, double>
      Reference Count: 1
      Modified Time: 1589
      Debug: Off
      Object Name: 
      Observers: 
        none
      Pointer: 0x151691d11010
      Container manages memory: true
      Size: 9830400
      Capacity: 9830400

     Weighting = 1
     Sampling strategy = regular
     Number of bins = 32
     Radius = 4
     Sampling percentage  = 0.25
   Transform = Affine
     Gradient step = 0.1
     Update field sigma (voxel space) = 0
     Total field sigma (voxel space) = 0
     Update field time sigma = 0
     Total field time sigma  = 0
     Number of time indices = 0
     Number of time point samples = 0
Registration using 1 total stages.

Stage 0
  iterations = 1000x500x250x100
  convergence threshold = 1e-06
  convergence window size = 10
  number of levels = 4
  using the Mattes MI metric (number of bins = 32, weight = 1, use gradient filter = 0)
  preprocessing:  winsorizing the image intensities
  Shrink factors (level 1 out of 4): [8, 8, 8]
  Shrink factors (level 2 out of 4): [4, 4, 4]
  Shrink factors (level 3 out of 4): [2, 2, 2]
  Shrink factors (level 4 out of 4): [1, 1, 1]
  smoothing sigmas per level: [3, 2, 1, 0]
  regular sampling (percentage = 0.25)

*** Running AffineTransform registration ***

DIAGNOSTIC,Iteration,metricValue,convergenceValue,ITERATION_TIME_INDEX,SINCE_LAST
 2DIAGNOSTIC,     1, -5.805674420130e-01, 1.797693134862e+308, 9.7806e-01, 9.7806e-01, 
 2DIAGNOSTIC,     2, -5.831971983343e-01, 1.797693134862e+308, 9.8454e-01, 6.4800e-03, 
 2DIAGNOSTIC,     3, -5.880574536936e-01, 1.797693134862e+308, 9.9075e-01, 6.2048e-03, 
 2DIAGNOSTIC,     4, -5.967991991726e-01, 1.797693134862e+308, 9.9667e-01, 5.9199e-03, 
 2DIAGNOSTIC,     5, -6.124040160072e-01, 1.797693134862e+308, 1.0023e+00, 5.6589e-03, 
 2DIAGNOSTIC,     6, -6.400260962929e-01, 1.797693134862e+308, 1.0090e+00, 6.6550e-03, 
 2DIAGNOSTIC,     7, -6.989182842985e-01, 1.797693134862e+308, 1.0153e+00, 6.2730e-03, 
 2DIAGNOSTIC,     8, -7.608064659521e-01, 1.797693134862e+308, 1.0213e+00, 6.0410e-03, 
 2DIAGNOSTIC,     9, -8.350517090168e-01, 1.797693134862e+308, 1.0313e+00, 9.9790e-03, 
 2DIAGNOSTIC,    10, -8.597973080814e-01, 2.830687240097e-02, 1.0396e+00, 8.3239e-03, 
 2DIAGNOSTIC,    11, -8.761875370297e-01, 2.892663570040e-02, 1.0468e+00, 7.1690e-03, 
 2DIAGNOSTIC,    12, -8.846668534549e-01, 2.722259024494e-02, 1.0557e+00, 8.9781e-03, 
 2DIAGNOSTIC,    13, -8.851683746093e-01, 2.356402065985e-02, 1.0618e+00, 6.0792e-03, 
 2DIAGNOSTIC,    14, -8.851745496503e-01, 1.866002876506e-02, 1.0685e+00, 6.6609e-03, 
 2DIAGNOSTIC,    15, -8.850863097944e-01, 1.325557164336e-02, 1.0753e+00, 6.8069e-03, 
 2DIAGNOSTIC,    16, -8.849796344892e-01, 8.089179584569e-03, 1.0821e+00, 6.7790e-03, 
 2DIAGNOSTIC,    17, -8.852969532504e-01, 4.177654825039e-03, 1.0885e+00, 6.4569e-03, 
 2DIAGNOSTIC,    18, -8.857487378148e-01, 1.632792331994e-03, 1.0956e+00, 7.0229e-03, 
 2DIAGNOSTIC,    19, -8.884417648621e-01, 7.229651417780e-04, 1.1066e+00, 1.1009e-02, 
 2DIAGNOSTIC,    20, -8.881938546315e-01, 2.886792651780e-04, 1.1136e+00, 6.9921e-03, 
 2DIAGNOSTIC,    21, -8.880696520242e-01, 1.516636899211e-04, 1.1214e+00, 7.8840e-03, 
 2DIAGNOSTIC,    22, -8.879007967322e-01, 1.509871890294e-04, 1.1399e+00, 1.8474e-02, 
 2DIAGNOSTIC,    23, -8.879007952261e-01, 1.439266567996e-04, 1.1463e+00, 6.3810e-03, 
 2DIAGNOSTIC,    24, -8.879007959467e-01, 1.236807224208e-04, 1.1528e+00, 6.5060e-03, 
 2DIAGNOSTIC,    25, -8.879007971654e-01, 9.263859263360e-05, 1.1589e+00, 6.1371e-03, 
 2DIAGNOSTIC,    26, -8.879007992262e-01, 5.483301412973e-05, 1.1650e+00, 6.0670e-03, 
 2DIAGNOSTIC,    27, -8.879008027109e-01, 1.946345204690e-05, 1.1726e+00, 7.5989e-03, 
DIAGNOSTIC,Iteration,metricValue,convergenceValue,ITERATION_TIME_INDEX,SINCE_LAST
 2DIAGNOSTIC,     1, -7.467095254720e-01, 1.797693134862e+308, 2.0432e+00, 8.7063e-01, 
 2DIAGNOSTIC,     2, -7.472522305398e-01, 1.797693134862e+308, 2.0876e+00, 4.4400e-02, 
 2DIAGNOSTIC,     3, -7.477370811760e-01, 1.797693134862e+308, 2.1288e+00, 4.1157e-02, 
 2DIAGNOSTIC,     4, -7.482059190580e-01, 1.797693134862e+308, 2.1732e+00, 4.4391e-02, 
 2DIAGNOSTIC,     5, -7.488756900649e-01, 1.797693134862e+308, 2.2136e+00, 4.0396e-02, 
 2DIAGNOSTIC,     6, -7.495967729337e-01, 1.797693134862e+308, 2.2549e+00, 4.1306e-02, 
 2DIAGNOSTIC,     7, -7.499656636077e-01, 1.797693134862e+308, 2.3207e+00, 6.5791e-02, 
 2DIAGNOSTIC,     8, -7.503074536755e-01, 1.797693134862e+308, 2.3626e+00, 4.1885e-02, 
 2DIAGNOSTIC,     9, -7.503996802158e-01, 1.797693134862e+308, 2.4078e+00, 4.5251e-02, 
 2DIAGNOSTIC,    10, -7.504772299310e-01, 3.546801954009e-04, 2.4510e+00, 4.3215e-02, 
 2DIAGNOSTIC,    11, -7.505038643052e-01, 2.758954795884e-04, 2.5048e+00, 5.3797e-02, 
 2DIAGNOSTIC,    12, -7.505626040112e-01, 2.046158308920e-04, 2.5493e+00, 4.4456e-02, 
 2DIAGNOSTIC,    13, -7.505520070254e-01, 1.398898169173e-04, 2.5924e+00, 4.3140e-02, 
 2DIAGNOSTIC,    14, -7.505404710249e-01, 8.416303846066e-05, 2.6364e+00, 4.3975e-02, 
 2DIAGNOSTIC,    15, -7.505151787470e-01, 4.441035828634e-05, 2.6961e+00, 5.9743e-02, 
 2DIAGNOSTIC,    16, -7.504594990528e-01, 2.139458339305e-05, 2.7404e+00, 4.4271e-02, 
 2DIAGNOSTIC,    17, -7.504605380414e-01, 7.389478056528e-06, 2.7845e+00, 4.4138e-02, 
 2DIAGNOSTIC,    18, -7.504606703172e-01, 1.584158160081e-06, 2.8253e+00, 4.0727e-02, 
DIAGNOSTIC,Iteration,metricValue,convergenceValue,ITERATION_TIME_INDEX,SINCE_LAST
 2DIAGNOSTIC,     1, -6.293229557340e-01, 1.797693134862e+308, 4.1328e+00, 1.3076e+00, 
 2DIAGNOSTIC,     2, -6.298760733621e-01, 1.797693134862e+308, 4.4961e+00, 3.6326e-01, 
 2DIAGNOSTIC,     3, -6.304622347282e-01, 1.797693134862e+308, 4.8256e+00, 3.2954e-01, 
 2DIAGNOSTIC,     4, -6.310923666586e-01, 1.797693134862e+308, 5.1761e+00, 3.5051e-01, 
 2DIAGNOSTIC,     5, -6.321428539792e-01, 1.797693134862e+308, 5.5892e+00, 4.1312e-01, 
 2DIAGNOSTIC,     6, -6.331255716969e-01, 1.797693134862e+308, 6.2882e+00, 6.9898e-01, 
 2DIAGNOSTIC,     7, -6.331252987777e-01, 1.797693134862e+308, 6.6645e+00, 3.7632e-01, 
 2DIAGNOSTIC,     8, -6.331213000376e-01, 1.797693134862e+308, 7.2028e+00, 5.3829e-01, 
 2DIAGNOSTIC,     9, -6.331208097102e-01, 1.797693134862e+308, 7.5681e+00, 3.6530e-01, 
 2DIAGNOSTIC,    10, -6.331200792310e-01, 4.354525234979e-04, 7.9406e+00, 3.7248e-01, 
 2DIAGNOSTIC,    11, -6.331177139114e-01, 3.072551609020e-04, 8.2678e+00, 3.2715e-01, 
 2DIAGNOSTIC,    12, -6.331184407825e-01, 1.940881546077e-04, 8.6274e+00, 3.5965e-01, 
 2DIAGNOSTIC,    13, -6.331194748063e-01, 1.017514257924e-04, 9.0345e+00, 4.0705e-01, 
 2DIAGNOSTIC,    14, -6.331174379628e-01, 3.318660740190e-05, 9.3768e+00, 3.4235e-01, 
 2DIAGNOSTIC,    15, -6.331145242781e-01, 1.503415709841e-06, 9.7496e+00, 3.7282e-01, 
 2DIAGNOSTIC,    16, -6.331156508279e-01, 1.482246887716e-06, 1.0082e+01, 3.3273e-01, 
 2DIAGNOSTIC,    17, -6.331161519465e-01, 1.516112262810e-06, 1.0404e+01, 3.2187e-01, 
 2DIAGNOSTIC,    18, -6.331184041679e-01, 1.533255754693e-06, 1.0726e+01, 3.2219e-01, 
 2DIAGNOSTIC,    19, -6.331178486397e-01, 1.545853859475e-06, 1.1083e+01, 3.5701e-01, 
 2DIAGNOSTIC,    20, -6.331174650783e-01, 1.548682296092e-06, 1.1445e+01, 3.6200e-01, 
 2DIAGNOSTIC,    21, -6.331158736002e-01, 1.470397460991e-06, 1.1749e+01, 3.0356e-01, 
 2DIAGNOSTIC,    22, -6.331165046642e-01, 1.429385283053e-06, 1.2100e+01, 3.5055e-01, 
 2DIAGNOSTIC,    23, -6.331168879503e-01, 1.420524285714e-06, 1.2398e+01, 2.9886e-01, 
 2DIAGNOSTIC,    24, -6.331184854246e-01, 1.402242043272e-06, 1.2721e+01, 3.2298e-01, 
 2DIAGNOSTIC,    25, -6.331197186855e-01, 1.348010413023e-06, 1.3048e+01, 3.2631e-01, 
 2DIAGNOSTIC,    26, -6.331158477598e-01, 1.243864463894e-06, 1.3404e+01, 3.5623e-01, 
 2DIAGNOSTIC,    27, -6.331150617363e-01, 1.141995984881e-06, 1.3751e+01, 3.4692e-01, 
 2DIAGNOSTIC,    28, -6.331165331521e-01, 1.110102933417e-06, 1.4102e+01, 3.5124e-01, 
 2DIAGNOSTIC,    29, -6.331172253212e-01, 1.082801040463e-06, 1.4419e+01, 3.1703e-01, 
 2DIAGNOSTIC,    30, -6.331193377762e-01, 1.085095864828e-06, 1.4842e+01, 4.2247e-01, 
 2DIAGNOSTIC,    31, -6.331201956990e-01, 1.075032256603e-06, 1.5174e+01, 3.3252e-01, 
 2DIAGNOSTIC,    32, -6.331195529868e-01, 1.061745940119e-06, 1.5506e+01, 3.3190e-01, 
 2DIAGNOSTIC,    33, -6.331188196307e-01, 1.037385960266e-06, 1.5889e+01, 3.8335e-01, 
 2DIAGNOSTIC,    34, -6.331176867352e-01, 1.012454493427e-06, 1.6202e+01, 3.1243e-01, 
DIAGNOSTIC,Iteration,metricValue,convergenceValue,ITERATION_TIME_INDEX,SINCE_LAST
 2DIAGNOSTIC,     1, -5.647288040978e-01, 1.797693134862e+308, 1.9205e+01, 3.0034e+00, 
 2DIAGNOSTIC,     2, -5.649539449744e-01, 1.797693134862e+308, 2.1029e+01, 1.8236e+00, 
 2DIAGNOSTIC,     3, -5.651331052580e-01, 1.797693134862e+308, 2.3050e+01, 2.0211e+00, 
 2DIAGNOSTIC,     4, -5.653170612652e-01, 1.797693134862e+308, 2.5499e+01, 2.4486e+00, 
 2DIAGNOSTIC,     5, -5.653492057823e-01, 1.797693134862e+308, 2.7359e+01, 1.8610e+00, 
 2DIAGNOSTIC,     6, -5.653570453909e-01, 1.797693134862e+308, 2.9866e+01, 2.5062e+00, 
 2DIAGNOSTIC,     7, -5.653572939650e-01, 1.797693134862e+308, 3.5857e+01, 5.9908e+00, 
 2DIAGNOSTIC,     8, -5.653572939386e-01, 1.797693134862e+308, 4.2748e+01, 6.8910e+00, 
 2DIAGNOSTIC,     9, -5.653572939386e-01, 1.797693134862e+308, 4.5317e+01, 2.5693e+00, 
 2DIAGNOSTIC,    10, -5.653572939386e-01, 6.142586434363e-05, 4.7578e+01, 2.2608e+00, 
 2DIAGNOSTIC,    11, -5.653572939386e-01, 3.174713990775e-05, 4.9877e+01, 2.2996e+00, 
 2DIAGNOSTIC,    12, -5.653572939386e-01, 1.376035649164e-05, 5.1887e+01, 2.0095e+00, 
 2DIAGNOSTIC,    13, -5.653572939386e-01, 4.283428097052e-06, 5.3914e+01, 2.0274e+00, 
 2DIAGNOSTIC,    14, -5.653572939386e-01, 2.570784391601e-06, 5.6154e+01, 2.2402e+00, 
 2DIAGNOSTIC,    15, -5.653572939386e-01, 2.129318141697e-06, 5.8391e+01, 2.2364e+00, 
 2DIAGNOSTIC,    16, -5.653572939386e-01, 1.988406124781e-06, 6.0441e+01, 2.0498e+00, 
 2DIAGNOSTIC,    17, -5.653572939386e-01, 1.871425961836e-06, 6.2504e+01, 2.0639e+00, 
 2DIAGNOSTIC,    18, -5.653572939386e-01, 1.767444522675e-06, 6.4630e+01, 2.1254e+00, 
 2DIAGNOSTIC,    19, -5.653572939386e-01, 1.674409827603e-06, 6.7109e+01, 2.4794e+00, 
 2DIAGNOSTIC,    20, -5.653572939386e-01, 1.590679675645e-06, 6.9306e+01, 2.1965e+00, 
 2DIAGNOSTIC,    21, -5.653572939386e-01, 1.514924700158e-06, 7.1308e+01, 2.0023e+00, 
 2DIAGNOSTIC,    22, -5.653572939386e-01, 1.446057263085e-06, 7.3520e+01, 2.2122e+00, 
 2DIAGNOSTIC,    23, -5.653572939386e-01, 1.383178899653e-06, 7.5853e+01, 2.3330e+00, 
 2DIAGNOSTIC,    24, -5.653572939386e-01, 1.325540903749e-06, 7.8223e+01, 2.3699e+00, 
 2DIAGNOSTIC,    25, -5.653572939386e-01, 1.272514373089e-06, 8.0701e+01, 2.4783e+00, 
 2DIAGNOSTIC,    26, -5.653572939386e-01, 1.223567168397e-06, 8.3180e+01, 2.4783e+00, 
 2DIAGNOSTIC,    27, -5.653572939386e-01, 1.178245992481e-06, 8.5377e+01, 2.1978e+00, 
 2DIAGNOSTIC,    28, -5.653572939386e-01, 1.136162310227e-06, 8.7549e+01, 2.1719e+00, 
 2DIAGNOSTIC,    29, -5.653572939386e-01, 1.096981181843e-06, 8.9595e+01, 2.0458e+00, 
 2DIAGNOSTIC,    30, -5.653572939386e-01, 1.060412329626e-06, 9.1619e+01, 2.0234e+00, 
 2DIAGNOSTIC,    31, -5.653572939386e-01, 1.026202933824e-06, 9.4069e+01, 2.4504e+00, 
  Elapsed time (stage 0): 9.5466e+01


Total elapsed time: 9.5469e+01
Info [verificarlo]: loaded backend libinterflop_ieee.so
Info [interflop-ieee]: load backend with:
Info [interflop-ieee]: debug = false
Info [interflop-ieee]: debug-binary = false
Info [interflop-ieee]: no-backend-name = false
Info [interflop-ieee]: print-new-line = false
Info [interflop-ieee]: print-subnormal-normalized = false
Info [interflop-ieee]: count-op = false
All_Command_lines_OK
Using double precision for computations.
=============================================================================
The composite transform comprises the following transforms (in order): 
  1. /home/mdugre/scratch/mri-registration-rp/datasets/ds004513/derivatives/mri-registration-rp/0100/antsRegistration-r7-p23/sub-s017/affine_Composite.h5[0] (type = Euler3DTransform)
  2. /home/mdugre/scratch/mri-registration-rp/datasets/ds004513/derivatives/mri-registration-rp/0100/antsRegistration-r7-p23/sub-s017/affine_Composite.h5[1] (type = Euler3DTransform)
  3. /home/mdugre/scratch/mri-registration-rp/datasets/ds004513/derivatives/mri-registration-rp/0100/antsRegistration-r7-p23/sub-s017/affine_Composite.h5[2] (type = Euler3DTransform)
  4. /home/mdugre/scratch/mri-registration-rp/datasets/ds004513/derivatives/mri-registration-rp/0100/antsRegistration-r7-p23/sub-s017/affine_Composite.h5[3] (type = AffineTransform)
=============================================================================
  number of levels = 4
  fixed image: /templateflow/tpl-MNI152NLin2009cAsym/tpl-MNI152NLin2009cAsym_res-01_desc-brain_T1w.nii.gz
  moving image: /home/mdugre/scratch/mri-registration-rp/datasets/ds004513/derivatives/mri-registration-rp/antsBrainExtraction/sub-s017/BrainExtractionBrain.nii.gz
Dimension = 3
Number of stages = 1
Use histogram matching = false
Winsorize image intensities = true
  Lower quantile = 0.005
  Upper quantile = 0.995


Stage 1 State
   Image metric = CC
     Fixed image = Image (0x46b2a40)
