
##########################
# Experiment information #
##########################

EXPERIMENT_NAME: antsRegistration-r7-p17
VFC_BACKENDS: libinterflop_vprec.so --range-binary32=7 --precision-binary32=17 --range-binary64=7 --precision-binary64=17

SIF_IMG: /home/mdugre/projects/rrg-glatard/mdugre/containers/ants-vprec-no_metrics.simg

SUBJECT_ID: s037
INPUT_IMG: /home/mdugre/scratch/mri-registration-rp/datasets/ds004513/derivatives/mri-registration-rp/antsBrainExtraction/sub-s037/BrainExtractionBrain.nii.gz
OUTPUT_DIR: /home/mdugre/scratch/mri-registration-rp/datasets/ds004513/derivatives/mri-registration-rp/0100/antsRegistration-r7-p17/sub-s037

FIXED_IMG: /templateflow/tpl-MNI152NLin2009cAsym/tpl-MNI152NLin2009cAsym_res-01_desc-brain_T1w.nii.gz
DATA_DIR: /home/mdugre/scratch/mri-registration-rp/datasets/ds004513
TEMPLATEFLOW_DIR: /home/mdugre/projects/rrg-glatard/mdugre/templateflow
ITK_GLOBAL_DEFAULT_NUMBER_OF_THREADS: 16
##########################

Info [verificarlo]: loaded backend libinterflop_ieee.so
Info [interflop-ieee]: load backend with:
Info [interflop-ieee]: debug = false
Info [interflop-ieee]: debug-binary = false
Info [interflop-ieee]: no-backend-name = false
Info [interflop-ieee]: print-new-line = false
Info [interflop-ieee]: print-subnormal-normalized = false
Info [interflop-ieee]: count-op = false
All_Command_lines_OK
Using double precision for computations.
=============================================================================
The composite transform comprises the following transforms (in order): 
  1. Center of mass alignment using fixed image: /templateflow/tpl-MNI152NLin2009cAsym/tpl-MNI152NLin2009cAsym_res-01_desc-brain_T1w.nii.gz and moving image: /home/mdugre/scratch/mri-registration-rp/datasets/ds004513/derivatives/mri-registration-rp/antsBrainExtraction/sub-s037/BrainExtractionBrain.nii.gz (type = Euler3DTransform)
=============================================================================
  number of levels = 1
  fixed image: /templateflow/tpl-MNI152NLin2009cAsym/tpl-MNI152NLin2009cAsym_res-01_desc-brain_T1w.nii.gz
  moving image: /home/mdugre/scratch/mri-registration-rp/datasets/ds004513/derivatives/mri-registration-rp/antsBrainExtraction/sub-s037/BrainExtractionBrain.nii.gz
Dimension = 3
Number of stages = 1
Use histogram matching = false
Winsorize image intensities = true
  Lower quantile = 0.005
  Upper quantile = 0.995


Stage 1 State
   Image metric = MattesMI
     Fixed image = Image (0x4005e70)
  RTTI typeinfo:   itk::Image<double, 3u>
  Reference Count: 2
  Modified Time: 2330
  Debug: Off
  Object Name: 
  Observers: 
    none
  Source: (none)
  Source output name: (none)
  Release Data: Off
  Data Released: False
  Global Release Data: Off
  PipelineMTime: 0
  UpdateMTime: 1941
  RealTimeStamp: 0 seconds 
  LargestPossibleRegion: 
    Dimension: 3
    Index: [0, 0, 0]
    Size: [193, 229, 193]
  BufferedRegion: 
    Dimension: 3
    Index: [0, 0, 0]
    Size: [193, 229, 193]
  RequestedRegion: 
    Dimension: 3
    Index: [0, 0, 0]
    Size: [193, 229, 193]
  Spacing: [1, 1, 1]
  Origin: [96, 132, -78]
  Direction: 
-1 0 0
0 -1 0
0 0 1

  IndexToPointMatrix: 
-1 0 0
0 -1 0
0 0 1

  PointToIndexMatrix: 
-1 0 0
0 -1 0
0 0 1

  Inverse Direction: 
-1 0 0
0 -1 0
0 0 1

  PixelContainer: 
    ImportImageContainer (0x400ec60)
      RTTI typeinfo:   itk::ImportImageContainer<unsigned long, double>
      Reference Count: 1
      Modified Time: 1938
      Debug: Off
      Object Name: 
      Observers: 
        none
      Pointer: 0x150263ba3010
      Container manages memory: true
      Size: 8530021
      Capacity: 8530021

     Moving image = Image (0x40a2ec0)
  RTTI typeinfo:   itk::Image<double, 3u>
  Reference Count: 2
  Modified Time: 2331
  Debug: Off
  Object Name: 
  Observers: 
    none
  Source: (none)
  Source output name: (none)
  Release Data: Off
  Data Released: False
  Global Release Data: Off
  PipelineMTime: 0
  UpdateMTime: 2328
  RealTimeStamp: 0 seconds 
  LargestPossibleRegion: 
    Dimension: 3
    Index: [0, 0, 0]
    Size: [160, 240, 256]
  BufferedRegion: 
    Dimension: 3
    Index: [0, 0, 0]
    Size: [160, 240, 256]
  RequestedRegion: 
    Dimension: 3
    Index: [0, 0, 0]
    Size: [160, 240, 256]
  Spacing: [1, 1, 1]
  Origin: [87.9508, 102.562, -147.639]
  Direction: 
-0.998659 -0.0436121 -0.0279129
0.043595 -0.999049 0.00121847
-0.0279395 -2.65543e-08 0.99961

  IndexToPointMatrix: 
-0.998659 -0.0436121 -0.0279129
0.043595 -0.999049 0.00121847
-0.0279395 -2.65543e-08 0.99961

  PointToIndexMatrix: 
-0.998659 0.043595 -0.0279395
-0.0436121 -0.999049 -2.65517e-08
-0.0279129 0.00121847 0.99961

  Inverse Direction: 
-0.998659 0.043595 -0.0279395
-0.0436121 -0.999049 -2.65517e-08
-0.0279129 0.00121847 0.99961

  PixelContainer: 
    ImportImageContainer (0x413a610)
      RTTI typeinfo:   itk::ImportImageContainer<unsigned long, double>
      Reference Count: 1
      Modified Time: 2325
      Debug: Off
      Object Name: 
      Observers: 
        none
      Pointer: 0x15025f0a2010
      Container manages memory: true
      Size: 9830400
      Capacity: 9830400

     Weighting = 1
     Sampling strategy = regular
     Number of bins = 32
     Radius = 4
     Sampling percentage  = 0.25
   Transform = Rigid
     Gradient step = 0.1
     Update field sigma (voxel space) = 0
     Total field sigma (voxel space) = 0
     Update field time sigma = 0
     Total field time sigma  = 0
     Number of time indices = 0
     Number of time point samples = 0
Registration using 1 total stages.

Stage 0
  iterations = 0
  convergence threshold = 1e-06
  convergence window size = 10
  number of levels = 1
  using the Mattes MI metric (number of bins = 32, weight = 1, use gradient filter = 0)
  preprocessing:  winsorizing the image intensities
  Shrink factors (level 1 out of 1): [1, 1, 1]
  smoothing sigmas per level: [0]
  regular sampling (percentage = 0.25)

*** Running Euler3DTransform registration ***

  Elapsed time (stage 0): 1.12312


Total elapsed time: 1.12559
Info [verificarlo]: loaded backend libinterflop_vprec.so
Info [interflop-vprec]: load backend with: 
Info [interflop-vprec]: precision-binary32 = 17
Info [interflop-vprec]: range-binary32 = 7
Info [interflop-vprec]: precision-binary64 = 17
Info [interflop-vprec]: range-binary64 = 7
Info [interflop-vprec]: mode = ob
Info [interflop-vprec]: error-mode = rel
Info [interflop-vprec]: max-abs-error-exponent = -1022
Info [interflop-vprec]: daz = false
Info [interflop-vprec]: ftz = false
Info [interflop-vprec]: 	instrument = none
Info [interflop-vprec]: 	prec-input-file = (null)
Info [interflop-vprec]: 	prec-output-file = (null)
Info [interflop-vprec]: 	prec-log-file = (null)
All_Command_lines_OK
Using double precision for computations.
=============================================================================
The composite transform comprises the following transforms (in order): 
  1. /home/mdugre/scratch/mri-registration-rp/datasets/ds004513/derivatives/mri-registration-rp/0100/antsRegistration-r7-p17/sub-s037/align_Composite.h5[0] (type = Euler3DTransform)
  2. /home/mdugre/scratch/mri-registration-rp/datasets/ds004513/derivatives/mri-registration-rp/0100/antsRegistration-r7-p17/sub-s037/align_Composite.h5[1] (type = Euler3DTransform)
=============================================================================
  number of levels = 4
  fixed image: /templateflow/tpl-MNI152NLin2009cAsym/tpl-MNI152NLin2009cAsym_res-01_desc-brain_T1w.nii.gz
  moving image: /home/mdugre/scratch/mri-registration-rp/datasets/ds004513/derivatives/mri-registration-rp/antsBrainExtraction/sub-s037/BrainExtractionBrain.nii.gz
Dimension = 3
Number of stages = 1
Use histogram matching = false
Winsorize image intensities = true
  Lower quantile = 0.005
  Upper quantile = 0.995


Stage 1 State
   Image metric = MattesMI
     Fixed image = Image (0x33ed1e0)
  RTTI typeinfo:   itk::Image<double, 3u>
  Reference Count: 2
  Modified Time: 1578
  Debug: Off
  Object Name: 
  Observers: 
    none
  Source: (none)
  Source output name: (none)
  Release Data: Off
  Data Released: False
  Global Release Data: Off
  PipelineMTime: 0
  UpdateMTime: 1189
  RealTimeStamp: 0 seconds 
  LargestPossibleRegion: 
    Dimension: 3
    Index: [0, 0, 0]
    Size: [193, 229, 193]
  BufferedRegion: 
    Dimension: 3
    Index: [0, 0, 0]
    Size: [193, 229, 193]
  RequestedRegion: 
    Dimension: 3
    Index: [0, 0, 0]
    Size: [193, 229, 193]
  Spacing: [1, 1, 1]
  Origin: [96, 132, -78]
  Direction: 
-1 0 0
0 -1 0
0 0 1

  IndexToPointMatrix: 
-1 0 0
0 -1 0
0 0 1

  PointToIndexMatrix: 
-1 0 0
0 -1 0
0 0 1

  Inverse Direction: 
-1 0 0
0 -1 0
0 0 1

  PixelContainer: 
    ImportImageContainer (0x34ac680)
      RTTI typeinfo:   itk::ImportImageContainer<unsigned long, double>
      Reference Count: 1
      Modified Time: 1186
      Debug: Off
      Object Name: 
      Observers: 
        none
      Pointer: 0x149316090010
      Container manages memory: true
      Size: 8530021
      Capacity: 8530021

     Moving image = Image (0x34a8b20)
  RTTI typeinfo:   itk::Image<double, 3u>
  Reference Count: 2
  Modified Time: 1579
  Debug: Off
  Object Name: 
  Observers: 
    none
  Source: (none)
  Source output name: (none)
  Release Data: Off
  Data Released: False
  Global Release Data: Off
  PipelineMTime: 0
  UpdateMTime: 1576
  RealTimeStamp: 0 seconds 
  LargestPossibleRegion: 
    Dimension: 3
    Index: [0, 0, 0]
    Size: [160, 240, 256]
  BufferedRegion: 
    Dimension: 3
    Index: [0, 0, 0]
    Size: [160, 240, 256]
  RequestedRegion: 
    Dimension: 3
    Index: [0, 0, 0]
    Size: [160, 240, 256]
  Spacing: [1, 1, 1]
  Origin: [87.9507, 102.562, -147.639]
  Direction: 
-0.998657 -0.043612 -0.027913
0.0435951 -0.99905 0.00121848
-0.0279396 -2.65543e-08 0.999611

  IndexToPointMatrix: 
-0.998657 -0.043612 -0.027913
0.0435951 -0.99905 0.00121848
-0.0279396 -2.65543e-08 0.999611

  PointToIndexMatrix: 
-0.998657 0.0435951 -0.0279396
-0.043612 -0.99905 -2.98023e-08
-0.027913 0.00121847 0.999611

  Inverse Direction: 
-0.998657 0.0435951 -0.0279396
-0.043612 -0.99905 -2.98023e-08
-0.027913 0.00121847 0.999611

  PixelContainer: 
    ImportImageContainer (0x3511d50)
      RTTI typeinfo:   itk::ImportImageContainer<unsigned long, double>
      Reference Count: 1
      Modified Time: 1573
      Debug: Off
      Object Name: 
      Observers: 
        none
      Pointer: 0x14931158f010
      Container manages memory: true
      Size: 9830400
      Capacity: 9830400

     Weighting = 1
     Sampling strategy = regular
     Number of bins = 32
     Radius = 4
     Sampling percentage  = 0.25
   Transform = Rigid
     Gradient step = 0.1
     Update field sigma (voxel space) = 0
     Total field sigma (voxel space) = 0
     Update field time sigma = 0
     Total field time sigma  = 0
     Number of time indices = 0
     Number of time point samples = 0
Registration using 1 total stages.

Stage 0
  iterations = 1000x500x250x100
  convergence threshold = 1e-06
  convergence window size = 10
  number of levels = 4
  using the Mattes MI metric (number of bins = 32, weight = 1, use gradient filter = 0)
  preprocessing:  winsorizing the image intensities
  Shrink factors (level 1 out of 4): [8, 8, 8]
  Shrink factors (level 2 out of 4): [4, 4, 4]
  Shrink factors (level 3 out of 4): [2, 2, 2]
  Shrink factors (level 4 out of 4): [1, 1, 1]
  smoothing sigmas per level: [3, 2, 1, 0]
  regular sampling (percentage = 0.25)

*** Running Euler3DTransform registration ***

DIAGNOSTIC,Iteration,metricValue,convergenceValue,ITERATION_TIME_INDEX,SINCE_LAST
 2DIAGNOSTIC,     1, -4.299323352587e-01, 1.797693134862e+308, 0.0000e+00, 0.0000e+00, 
 2DIAGNOSTIC,     2, -4.312018169111e-01, 1.797693134862e+308, 0.0000e+00, 0.0000e+00, 
 2DIAGNOSTIC,     3, -4.334420991084e-01, 1.797693134862e+308, 0.0000e+00, 0.0000e+00, 
 2DIAGNOSTIC,     4, -4.386806575297e-01, 1.797693134862e+308, 0.0000e+00, 0.0000e+00, 
 2DIAGNOSTIC,     5, -4.437888778737e-01, 1.797693134862e+308, 0.0000e+00, 0.0000e+00, 
 2DIAGNOSTIC,     6, -4.459763597864e-01, 1.797693134862e+308, 0.0000e+00, 0.0000e+00, 
 2DIAGNOSTIC,     7, -4.511189752152e-01, 1.797693134862e+308, 0.0000e+00, 0.0000e+00, 
 2DIAGNOSTIC,     8, -4.667115953665e-01, 1.797693134862e+308, 0.0000e+00, 0.0000e+00, 
 2DIAGNOSTIC,     9, -4.752003105585e-01, 1.797693134862e+308, 0.0000e+00, 0.0000e+00, 
 2DIAGNOSTIC,    10, -4.787980069392e-01, 7.390371522893e-03, 0.0000e+00, 0.0000e+00, 
 2DIAGNOSTIC,    11, -4.797296251556e-01, 7.164029419376e-03, 0.0000e+00, 0.0000e+00, 
 2DIAGNOSTIC,    12, -4.807417693859e-01, 6.460698663122e-03, 0.0000e+00, 0.0000e+00, 
 2DIAGNOSTIC,    13, -4.815985257804e-01, 5.422633887411e-03, 0.0000e+00, 0.0000e+00, 
 2DIAGNOSTIC,    14, -4.840822936840e-01, 4.379189095295e-03, 0.0000e+00, 0.0000e+00, 
 2DIAGNOSTIC,    15, -4.846009399403e-01, 3.319951507137e-03, 0.0000e+00, 0.0000e+00, 
 2DIAGNOSTIC,    16, -4.855733076142e-01, 2.224339655030e-03, 0.0000e+00, 0.0000e+00, 
 2DIAGNOSTIC,    17, -4.884268116528e-01, 1.337363873091e-03, 0.0000e+00, 0.0000e+00, 
 2DIAGNOSTIC,    18, -4.911965737941e-01, 1.044932861466e-03, 0.0000e+00, 0.0000e+00, 
 2DIAGNOSTIC,    19, -4.918529583831e-01, 9.769013013427e-04, 0.0000e+00, 0.0000e+00, 
 2DIAGNOSTIC,    20, -4.931254752686e-01, 9.746661494337e-04, 0.0000e+00, 0.0000e+00, 
 2DIAGNOSTIC,    21, -4.951759480071e-01, 9.683655849574e-04, 0.0000e+00, 0.0000e+00, 
 2DIAGNOSTIC,    22, -4.961290826345e-01, 9.243029667028e-04, 0.0000e+00, 0.0000e+00, 
 2DIAGNOSTIC,    23, -4.967551052289e-01, 8.345734517001e-04, 0.0000e+00, 0.0000e+00, 
 2DIAGNOSTIC,    24, -5.024215370525e-01, 8.796959028345e-04, 0.0000e+00, 0.0000e+00, 
 2DIAGNOSTIC,    25, -5.079394869057e-01, 9.802053594587e-04, 0.0000e+00, 0.0000e+00, 
 2DIAGNOSTIC,    26, -5.113167607336e-01, 1.076664113460e-03, 0.0000e+00, 0.0000e+00, 
 2DIAGNOSTIC,    27, -5.137559940676e-01, 1.180719820390e-03, 0.0000e+00, 0.0000e+00, 
 2DIAGNOSTIC,    28, -5.144292084660e-01, 1.240021556237e-03, 0.0000e+00, 0.0000e+00, 
 2DIAGNOSTIC,    29, -5.157083238194e-01, 1.216664910518e-03, 0.0000e+00, 0.0000e+00, 
 2DIAGNOSTIC,    30, -5.171601950811e-01, 1.130883687818e-03, 0.0000e+00, 0.0000e+00, 
 2DIAGNOSTIC,    31, -5.195404907891e-01, 1.027899170610e-03, 0.0000e+00, 0.0000e+00, 
 2DIAGNOSTIC,    32, -5.211155410519e-01, 8.821366337320e-04, 0.0000e+00, 0.0000e+00, 
 2DIAGNOSTIC,    33, -5.231049017570e-01, 7.078558851638e-04, 0.0000e+00, 0.0000e+00, 
 2DIAGNOSTIC,    34, -5.270715118577e-01, 6.414718957836e-04, 0.0000e+00, 0.0000e+00, 
 2DIAGNOSTIC,    35, -5.335399556880e-01, 7.154317176890e-04, 0.0000e+00, 0.0000e+00, 
 2DIAGNOSTIC,    36, -5.360522272201e-01, 8.090231221971e-04, 0.0000e+00, 0.0000e+00, 
 2DIAGNOSTIC,    37, -5.362015584813e-01, 8.617065479251e-04, 0.0000e+00, 0.0000e+00, 
 2DIAGNOSTIC,    38, -5.367657290243e-01, 8.498776381396e-04, 0.0000e+00, 0.0000e+00, 
 2DIAGNOSTIC,    39, -5.382863954235e-01, 7.984974313046e-04, 0.0000e+00, 0.0000e+00, 
 2DIAGNOSTIC,    40, -5.386930438601e-01, 6.981193833310e-04, 0.0000e+00, 0.0000e+00, 
 2DIAGNOSTIC,    41, -5.388586290816e-01, 5.722559366017e-04, 0.0000e+00, 0.0000e+00, 
 2DIAGNOSTIC,    42, -5.390188653018e-01, 4.236165561945e-04, 0.0000e+00, 0.0000e+00, 
 2DIAGNOSTIC,    43, -5.392596734401e-01, 2.717608630577e-04, 0.0000e+00, 0.0000e+00, 
 2DIAGNOSTIC,    44, -5.393717845992e-01, 1.520885006216e-04, 0.0000e+00, 0.0000e+00, 
 2DIAGNOSTIC,    45, -5.394189670764e-01, 1.053633259398e-04, 0.0000e+00, 0.0000e+00, 
 2DIAGNOSTIC,    46, -5.395843815577e-01, 8.429364052485e-05, 0.0000e+00, 0.0000e+00, 
 2DIAGNOSTIC,    47, -5.395366547923e-01, 5.746091996760e-05, 0.0000e+00, 0.0000e+00, 
 2DIAGNOSTIC,    48, -5.401065894248e-01, 3.937001614654e-05, 0.0000e+00, 0.0000e+00, 
 2DIAGNOSTIC,    49, -5.403730181867e-01, 3.874800882931e-05, 0.0000e+00, 0.0000e+00, 
 2DIAGNOSTIC,    50, -5.407059268460e-01, 4.284713140350e-05, 0.0000e+00, 0.0000e+00, 
 2DIAGNOSTIC,    51, -5.411480387040e-01, 4.946537678844e-05, 0.0000e+00, 0.0000e+00, 
 2DIAGNOSTIC,    52, -5.422861498986e-01, 6.508809837609e-05, 0.0000e+00, 0.0000e+00, 
 2DIAGNOSTIC,    53, -5.438043308316e-01, 9.223711465204e-05, 0.0000e+00, 0.0000e+00, 
 2DIAGNOSTIC,    54, -5.445413479706e-01, 1.180407105665e-04, 0.0000e+00, 0.0000e+00, 
 2DIAGNOSTIC,    55, -5.463915336828e-01, 1.510440208756e-04, 0.0000e+00, 0.0000e+00, 
 2DIAGNOSTIC,    56, -5.497311019627e-01, 2.032023819349e-04, 0.0000e+00, 0.0000e+00, 
 2DIAGNOSTIC,    57, -5.514544474223e-01, 2.494358765880e-04, 0.0000e+00, 0.0000e+00, 
 2DIAGNOSTIC,    58, -5.573115581299e-01, 3.318219648729e-04, 0.0000e+00, 0.0000e+00, 
 2DIAGNOSTIC,    59, -5.603755772808e-01, 4.098187679107e-04, 0.0000e+00, 0.0000e+00, 
 2DIAGNOSTIC,    60, -5.609172551482e-01, 4.536809009463e-04, 0.0000e+00, 0.0000e+00, 
 2DIAGNOSTIC,    61, -5.651180057996e-01, 4.950855839793e-04, 0.0000e+00, 0.0000e+00, 
 2DIAGNOSTIC,    62, -5.656851840124e-01, 5.015767583246e-04, 0.0000e+00, 0.0000e+00, 
 2DIAGNOSTIC,    63, -5.663558372803e-01, 4.787662808001e-04, 0.0000e+00, 0.0000e+00, 
 2DIAGNOSTIC,    64, -5.699719861615e-01, 4.482934477988e-04, 0.0000e+00, 0.0000e+00, 
 2DIAGNOSTIC,    65, -5.708036761570e-01, 3.977053225922e-04, 0.0000e+00, 0.0000e+00, 
 2DIAGNOSTIC,    66, -5.743545156811e-01, 3.683307596137e-04, 0.0000e+00, 0.0000e+00, 
 2DIAGNOSTIC,    67, -5.782994028537e-01, 3.495461190260e-04, 0.0000e+00, 0.0000e+00, 
 2DIAGNOSTIC,    68, -5.826481340055e-01, 3.793766508840e-04, 0.0000e+00, 0.0000e+00, 
 2DIAGNOSTIC,    69, -5.849897863383e-01, 4.143557416801e-04, 0.0000e+00, 0.0000e+00, 
 2DIAGNOSTIC,    70, -5.859582759838e-01, 4.194343087683e-04, 0.0000e+00, 0.0000e+00, 
 2DIAGNOSTIC,    71, -5.865316988889e-01, 4.210684110006e-04, 0.0000e+00, 0.0000e+00, 
 2DIAGNOSTIC,    72, -5.865544637457e-01, 3.864326303842e-04, 0.0000e+00, 0.0000e+00, 
 2DIAGNOSTIC,    73, -5.865206766426e-01, 3.196135438442e-04, 0.0000e+00, 0.0000e+00, 
 2DIAGNOSTIC,    74, -5.867946766135e-01, 2.528796249689e-04, 0.0000e+00, 0.0000e+00, 
 2DIAGNOSTIC,    75, -5.869039290679e-01, 1.704867868882e-04, 0.0000e+00, 0.0000e+00, 
 2DIAGNOSTIC,    76, -5.869369313964e-01, 9.940478468406e-05, 0.0000e+00, 0.0000e+00, 
 2DIAGNOSTIC,    77, -5.871270997716e-01, 4.932697685311e-05, 0.0000e+00, 0.0000e+00, 
 2DIAGNOSTIC,    78, -5.872506741367e-01, 2.657248565053e-05, 0.0000e+00, 0.0000e+00, 
 2DIAGNOSTIC,    79, -5.872846361065e-01, 1.797015263635e-05, 0.0000e+00, 0.0000e+00, 
 2DIAGNOSTIC,    80, -5.872207691828e-01, 1.389427459804e-05, 0.0000e+00, 0.0000e+00, 
 2DIAGNOSTIC,    81, -5.872596645653e-01, 1.273462671971e-05, 0.0000e+00, 0.0000e+00, 
 2DIAGNOSTIC,    82, -5.873674000288e-01, 1.127947954461e-05, 0.0000e+00, 0.0000e+00, 
 2DIAGNOSTIC,    83, -5.874415649654e-01, 8.995188833750e-06, 0.0000e+00, 0.0000e+00, 
 2DIAGNOSTIC,    84, -5.874526548651e-01, 7.756390086100e-06, 0.0000e+00, 0.0000e+00, 
 2DIAGNOSTIC,    85, -5.874501368087e-01, 6.553310042042e-06, 0.0000e+00, 0.0000e+00, 
 2DIAGNOSTIC,    86, -5.874440804958e-01, 4.937705029358e-06, 0.0000e+00, 0.0000e+00, 
 2DIAGNOSTIC,    87, -5.874543364672e-01, 4.116652647594e-06, 0.0000e+00, 0.0000e+00, 
 2DIAGNOSTIC,    88, -5.874734987525e-01, 3.801768407495e-06, 0.0000e+00, 0.0000e+00, 
 2DIAGNOSTIC,    89, -5.874807516346e-01, 3.430319501202e-06, 0.0000e+00, 0.0000e+00, 
 2DIAGNOSTIC,    90, -5.874846045835e-01, 2.429139918152e-06, 0.0000e+00, 0.0000e+00, 
 2DIAGNOSTIC,    91, -5.874802549950e-01, 1.446475112601e-06, 0.0000e+00, 0.0000e+00, 
DIAGNOSTIC,Iteration,metricValue,convergenceValue,ITERATION_TIME_INDEX,SINCE_LAST
 2DIAGNOSTIC,     1, -4.730607842089e-01, 1.797693134862e+308, 0.0000e+00, 0.0000e+00, 
 2DIAGNOSTIC,     2, -4.737863055862e-01, 1.797693134862e+308, 0.0000e+00, 0.0000e+00, 
 2DIAGNOSTIC,     3, -4.748537241574e-01, 1.797693134862e+308, 0.0000e+00, 0.0000e+00, 
 2DIAGNOSTIC,     4, -4.767774089941e-01, 1.797693134862e+308, 0.0000e+00, 0.0000e+00, 
 2DIAGNOSTIC,     5, -4.803541644087e-01, 1.797693134862e+308, 0.0000e+00, 0.0000e+00, 
 2DIAGNOSTIC,     6, -4.821019666800e-01, 1.797693134862e+308, 0.0000e+00, 0.0000e+00, 
 2DIAGNOSTIC,     7, -4.829285699227e-01, 1.797693134862e+308, 0.0000e+00, 0.0000e+00, 
 2DIAGNOSTIC,     8, -4.829758552537e-01, 1.797693134862e+308, 0.0000e+00, 0.0000e+00, 
 2DIAGNOSTIC,     9, -4.831041567353e-01, 1.797693134862e+308, 0.0000e+00, 0.0000e+00, 
 2DIAGNOSTIC,    10, -4.833693686794e-01, 1.622549285604e-03, 0.0000e+00, 0.0000e+00, 
 2DIAGNOSTIC,    11, -4.841799031548e-01, 1.275726679830e-03, 0.0000e+00, 0.0000e+00, 
 2DIAGNOSTIC,    12, -4.843263509005e-01, 9.167510258154e-04, 0.0000e+00, 0.0000e+00, 
 2DIAGNOSTIC,    13, -4.843728235559e-01, 5.826444955781e-04, 0.0000e+00, 0.0000e+00, 
 2DIAGNOSTIC,    14, -4.844363758142e-01, 3.254324666514e-04, 0.0000e+00, 0.0000e+00, 
 2DIAGNOSTIC,    15, -4.846532599410e-01, 2.208783929190e-04, 0.0000e+00, 0.0000e+00, 
 2DIAGNOSTIC,    16, -4.847637211277e-01, 1.765104433971e-04, 0.0000e+00, 0.0000e+00, 
 2DIAGNOSTIC,    17, -4.854039548324e-01, 1.722339971924e-04, 0.0000e+00, 0.0000e+00, 
 2DIAGNOSTIC,    18, -4.856579363170e-01, 1.624997246116e-04, 0.0000e+00, 0.0000e+00, 
 2DIAGNOSTIC,    19, -4.857066943594e-01, 1.445513444036e-04, 0.0000e+00, 0.0000e+00, 
 2DIAGNOSTIC,    20, -4.857405809908e-01, 1.235732320311e-04, 0.0000e+00, 0.0000e+00, 
 2DIAGNOSTIC,    21, -4.858606451075e-01, 1.192489020042e-04, 0.0000e+00, 0.0000e+00, 
 2DIAGNOSTIC,    22, -4.860263736174e-01, 1.123819160910e-04, 0.0000e+00, 0.0000e+00, 
 2DIAGNOSTIC,    23, -4.870036581280e-01, 1.217599045817e-04, 0.0000e+00, 0.0000e+00, 
 2DIAGNOSTIC,    24, -4.877179191626e-01, 1.376374398625e-04, 0.0000e+00, 0.0000e+00, 
 2DIAGNOSTIC,    25, -4.892151167266e-01, 1.797879256651e-04, 0.0000e+00, 0.0000e+00, 
 2DIAGNOSTIC,    26, -4.902831303216e-01, 2.277010297729e-04, 0.0000e+00, 0.0000e+00, 
 2DIAGNOSTIC,    27, -4.914714405703e-01, 2.901602770554e-04, 0.0000e+00, 0.0000e+00, 
 2DIAGNOSTIC,    28, -4.921917065725e-01, 3.409353818316e-04, 0.0000e+00, 0.0000e+00, 
 2DIAGNOSTIC,    29, -4.924410699522e-01, 3.619628248716e-04, 0.0000e+00, 0.0000e+00, 
 2DIAGNOSTIC,    30, -4.924804244092e-01, 3.489620858169e-04, 0.0000e+00, 0.0000e+00, 
 2DIAGNOSTIC,    31, -4.925058112269e-01, 3.067278725154e-04, 0.0000e+00, 0.0000e+00, 
 2DIAGNOSTIC,    32, -4.925060921694e-01, 2.409316641295e-04, 0.0000e+00, 0.0000e+00, 
 2DIAGNOSTIC,    33, -4.925287501694e-01, 1.741516646065e-04, 0.0000e+00, 0.0000e+00, 
 2DIAGNOSTIC,    34, -4.925443033485e-01, 1.071780434484e-04, 0.0000e+00, 0.0000e+00, 
 2DIAGNOSTIC,    35, -4.926710344982e-01, 6.103629164379e-05, 0.0000e+00, 0.0000e+00, 
 2DIAGNOSTIC,    36, -4.927790037053e-01, 3.047891195325e-05, 0.0000e+00, 0.0000e+00, 
 2DIAGNOSTIC,    37, -4.928496221986e-01, 1.838202987723e-05, 0.0000e+00, 0.0000e+00, 
 2DIAGNOSTIC,    38, -4.930255931593e-01, 1.896445203388e-05, 0.0000e+00, 0.0000e+00, 
 2DIAGNOSTIC,    39, -4.930376568990e-01, 2.164530172323e-05, 0.0000e+00, 0.0000e+00, 
 2DIAGNOSTIC,    40, -4.930410904888e-01, 2.282903840064e-05, 0.0000e+00, 0.0000e+00, 
 2DIAGNOSTIC,    41, -4.930594470713e-01, 2.248783038212e-05, 0.0000e+00, 0.0000e+00, 
 2DIAGNOSTIC,    42, -4.930641240738e-01, 2.014653687281e-05, 0.0000e+00, 0.0000e+00, 
 2DIAGNOSTIC,    43, -4.930764709573e-01, 1.653479949079e-05, 0.0000e+00, 0.0000e+00, 
 2DIAGNOSTIC,    44, -4.930896459444e-01, 1.193351929127e-05, 0.0000e+00, 0.0000e+00, 
 2DIAGNOSTIC,    45, -4.930839298826e-01, 8.039633208810e-06, 0.0000e+00, 0.0000e+00, 
 2DIAGNOSTIC,    46, -4.930881974812e-01, 5.044264104352e-06, 0.0000e+00, 0.0000e+00, 
 2DIAGNOSTIC,    47, -4.930849878690e-01, 2.535106755165e-06, 0.0000e+00, 0.0000e+00, 
 2DIAGNOSTIC,    48, -4.930786428711e-01, 2.010411528964e-06, 0.0000e+00, 0.0000e+00, 
 2DIAGNOSTIC,    49, -4.931007137348e-01, 1.786146369885e-06, 0.0000e+00, 0.0000e+00, 
 2DIAGNOSTIC,    50, -4.931199325272e-01, 1.714307491907e-06, 0.0000e+00, 0.0000e+00, 
 2DIAGNOSTIC,    51, -4.931394999889e-01, 1.972809178994e-06, 0.0000e+00, 0.0000e+00, 
 2DIAGNOSTIC,    52, -4.931429194167e-01, 2.180377396799e-06, 0.0000e+00, 0.0000e+00, 
 2DIAGNOSTIC,    53, -4.931387026132e-01, 2.320052738491e-06, 0.0000e+00, 0.0000e+00, 
 2DIAGNOSTIC,    54, -4.931460800657e-01, 2.513356236491e-06, 0.0000e+00, 0.0000e+00, 
 2DIAGNOSTIC,    55, -4.931379217176e-01, 2.357931514520e-06, 0.0000e+00, 0.0000e+00, 
 2DIAGNOSTIC,    56, -4.931297230621e-01, 1.998552967862e-06, 0.0000e+00, 0.0000e+00, 
 2DIAGNOSTIC,    57, -4.931422378981e-01, 1.618609909011e-06, 0.0000e+00, 0.0000e+00, 
 2DIAGNOSTIC,    58, -4.931413354631e-01, 1.070820732297e-06, 0.0000e+00, 0.0000e+00, 
DIAGNOSTIC,Iteration,metricValue,convergenceValue,ITERATION_TIME_INDEX,SINCE_LAST
 2DIAGNOSTIC,     1, -4.344110955338e-01, 1.797693134862e+308, 0.0000e+00, 0.0000e+00, 
 2DIAGNOSTIC,     2, -4.345572164199e-01, 1.797693134862e+308, 0.0000e+00, 0.0000e+00, 
 2DIAGNOSTIC,     3, -4.347075110920e-01, 1.797693134862e+308, 0.0000e+00, 0.0000e+00, 
 2DIAGNOSTIC,     4, -4.348230238163e-01, 1.797693134862e+308, 0.0000e+00, 0.0000e+00, 
 2DIAGNOSTIC,     5, -4.348835344329e-01, 1.797693134862e+308, 0.0000e+00, 0.0000e+00, 
 2DIAGNOSTIC,     6, -4.349215002492e-01, 1.797693134862e+308, 0.0000e+00, 0.0000e+00, 
 2DIAGNOSTIC,     7, -4.349259796257e-01, 1.797693134862e+308, 0.0000e+00, 0.0000e+00, 
 2DIAGNOSTIC,     8, -4.349311814748e-01, 1.797693134862e+308, 0.0000e+00, 0.0000e+00, 
 2DIAGNOSTIC,     9, -4.349456019850e-01, 1.797693134862e+308, 0.0000e+00, 0.0000e+00, 
 2DIAGNOSTIC,    10, -4.349688004442e-01, 7.559862004258e-05, 0.0000e+00, 0.0000e+00, 
 2DIAGNOSTIC,    11, -4.349755340639e-01, 4.776321504232e-05, 0.0000e+00, 0.0000e+00, 
 2DIAGNOSTIC,    12, -4.350259878055e-01, 3.114867648731e-05, 0.0000e+00, 0.0000e+00, 
 2DIAGNOSTIC,    13, -4.350377971620e-01, 2.250949134255e-05, 0.0000e+00, 0.0000e+00, 
 2DIAGNOSTIC,    14, -4.350391399749e-01, 1.868090678303e-05, 0.0000e+00, 0.0000e+00, 
 2DIAGNOSTIC,    15, -4.350323467021e-01, 1.618193888191e-05, 0.0000e+00, 0.0000e+00, 
 2DIAGNOSTIC,    16, -4.350363149040e-01, 1.442439653328e-05, 0.0000e+00, 0.0000e+00, 
 2DIAGNOSTIC,    17, -4.350370891968e-01, 1.190246890813e-05, 0.0000e+00, 0.0000e+00, 
 2DIAGNOSTIC,    18, -4.350363188922e-01, 8.875145201384e-06, 0.0000e+00, 0.0000e+00, 
 2DIAGNOSTIC,    19, -4.350360344780e-01, 6.002652376394e-06, 0.0000e+00, 0.0000e+00, 
 2DIAGNOSTIC,    20, -4.350373115124e-01, 3.836830116559e-06, 0.0000e+00, 0.0000e+00, 
 2DIAGNOSTIC,    21, -4.350353551393e-01, 1.772390537259e-06, 0.0000e+00, 0.0000e+00, 
 2DIAGNOSTIC,    22, -4.350355757548e-01, 1.363807118571e-06, 0.0000e+00, 0.0000e+00, 
 2DIAGNOSTIC,    23, -4.350373444954e-01, 1.381393069155e-06, 0.0000e+00, 0.0000e+00, 
 2DIAGNOSTIC,    24, -4.350373434846e-01, 1.437817688410e-06, 0.0000e+00, 0.0000e+00, 
 2DIAGNOSTIC,    25, -4.350373430789e-01, 1.297659401572e-06, 0.0000e+00, 0.0000e+00, 
 2DIAGNOSTIC,    26, -4.350372982043e-01, 1.263868110980e-06, 0.0000e+00, 0.0000e+00, 
 2DIAGNOSTIC,    27, -4.350372816842e-01, 1.246920911711e-06, 0.0000e+00, 0.0000e+00, 
 2DIAGNOSTIC,    28, -4.350372802581e-01, 1.204708951680e-06, 0.0000e+00, 0.0000e+00, 
 2DIAGNOSTIC,    29, -4.350372927447e-01, 1.150323352905e-06, 0.0000e+00, 0.0000e+00, 
 2DIAGNOSTIC,    30, -4.350372927447e-01, 1.123228118870e-06, 0.0000e+00, 0.0000e+00, 
 2DIAGNOSTIC,    31, -4.350372907876e-01, 1.050020294838e-06, 0.0000e+00, 0.0000e+00, 
DIAGNOSTIC,Iteration,metricValue,convergenceValue,ITERATION_TIME_INDEX,SINCE_LAST
 2DIAGNOSTIC,     1, -4.016051933807e-01, 1.797693134862e+308, 0.0000e+00, 0.0000e+00, 
 2DIAGNOSTIC,     2, -4.017187575861e-01, 1.797693134862e+308, 0.0000e+00, 0.0000e+00, 
 2DIAGNOSTIC,     3, -4.018190893723e-01, 1.797693134862e+308, 0.0000e+00, 0.0000e+00, 
 2DIAGNOSTIC,     4, -4.018646787713e-01, 1.797693134862e+308, 0.0000e+00, 0.0000e+00, 
 2DIAGNOSTIC,     5, -4.018764169318e-01, 1.797693134862e+308, 0.0000e+00, 0.0000e+00, 
 2DIAGNOSTIC,     6, -4.018753778867e-01, 1.797693134862e+308, 0.0000e+00, 0.0000e+00, 
 2DIAGNOSTIC,     7, -4.018733357425e-01, 1.797693134862e+308, 0.0000e+00, 0.0000e+00, 
 2DIAGNOSTIC,     8, -4.018750135029e-01, 1.797693134862e+308, 0.0000e+00, 0.0000e+00, 
 2DIAGNOSTIC,     9, -4.018731071469e-01, 1.797693134862e+308, 0.0000e+00, 0.0000e+00, 
 2DIAGNOSTIC,    10, -4.018761494017e-01, 3.490251611842e-05, 0.0000e+00, 0.0000e+00, 
 2DIAGNOSTIC,    11, -4.018742941743e-01, 1.638622787749e-05, 0.0000e+00, 0.0000e+00, 
 2DIAGNOSTIC,    12, -4.018763888731e-01, 6.440214039019e-06, 0.0000e+00, 0.0000e+00, 
 2DIAGNOSTIC,    13, -4.018760649936e-01, 3.054192938598e-06, 0.0000e+00, 0.0000e+00, 
 2DIAGNOSTIC,    14, -4.018770977286e-01, 2.431556147112e-06, 0.0000e+00, 0.0000e+00, 
 2DIAGNOSTIC,    15, -4.018770496510e-01, 2.426393112334e-06, 8.1920e+03, 8.1920e+03, 
 2DIAGNOSTIC,    16, -4.018764523294e-01, 2.322632617777e-06, 8.1920e+03, 0.0000e+00, 
 2DIAGNOSTIC,    17, -4.018764484667e-01, 2.112748416702e-06, 8.1920e+03, 0.0000e+00, 
 2DIAGNOSTIC,    18, -4.018764825761e-01, 1.971294997072e-06, 8.1920e+03, 0.0000e+00, 
 2DIAGNOSTIC,    19, -4.018764025910e-01, 1.746483055037e-06, 8.1920e+03, 0.0000e+00, 
 2DIAGNOSTIC,    20, -4.018757301460e-01, 1.622379155908e-06, 8.1920e+03, 0.0000e+00, 
 2DIAGNOSTIC,    21, -4.018753716099e-01, 1.430518955972e-06, 8.1920e+03, 0.0000e+00, 
 2DIAGNOSTIC,    22, -4.018753716099e-01, 1.330700070308e-06, 8.1920e+03, 0.0000e+00, 
 2DIAGNOSTIC,    23, -4.018753619969e-01, 1.237061363749e-06, 8.1920e+03, 0.0000e+00, 
 2DIAGNOSTIC,    24, -4.018753047647e-01, 1.192166336823e-06, 8.1920e+03, 0.0000e+00, 
 2DIAGNOSTIC,    25, -4.018753047647e-01, 1.161711476509e-06, 8.1920e+03, 0.0000e+00, 
 2DIAGNOSTIC,    26, -4.018753047647e-01, 1.126783558014e-06, 8.1920e+03, 0.0000e+00, 
 2DIAGNOSTIC,    27, -4.018752511501e-01, 1.100593187364e-06, 8.1920e+03, 0.0000e+00, 
 2DIAGNOSTIC,    28, -4.018752511501e-01, 1.083119677565e-06, 8.1920e+03, 0.0000e+00, 
 2DIAGNOSTIC,    29, -4.018752531094e-01, 1.069275787746e-06, 8.1920e+03, 0.0000e+00, 
 2DIAGNOSTIC,    30, -4.018752531094e-01, 1.042323435778e-06, 8.1920e+03, 0.0000e+00, 
  Elapsed time (stage 0): 8.1920e+03


Total elapsed time: 8.1920e+03
Info [verificarlo]: loaded backend libinterflop_ieee.so
Info [interflop-ieee]: load backend with:
Info [interflop-ieee]: debug = false
Info [interflop-ieee]: debug-binary = false
Info [interflop-ieee]: no-backend-name = false
Info [interflop-ieee]: print-new-line = false
Info [interflop-ieee]: print-subnormal-normalized = false
Info [interflop-ieee]: count-op = false
All_Command_lines_OK
Using double precision for computations.
=============================================================================
The composite transform comprises the following transforms (in order): 
  1. /home/mdugre/scratch/mri-registration-rp/datasets/ds004513/derivatives/mri-registration-rp/0100/antsRegistration-r7-p17/sub-s037/rigid_Composite.h5[0] (type = Euler3DTransform)
  2. /home/mdugre/scratch/mri-registration-rp/datasets/ds004513/derivatives/mri-registration-rp/0100/antsRegistration-r7-p17/sub-s037/rigid_Composite.h5[1] (type = Euler3DTransform)
  3. /home/mdugre/scratch/mri-registration-rp/datasets/ds004513/derivatives/mri-registration-rp/0100/antsRegistration-r7-p17/sub-s037/rigid_Composite.h5[2] (type = Euler3DTransform)
=============================================================================
  number of levels = 4
  fixed image: /templateflow/tpl-MNI152NLin2009cAsym/tpl-MNI152NLin2009cAsym_res-01_desc-brain_T1w.nii.gz
  moving image: /home/mdugre/scratch/mri-registration-rp/datasets/ds004513/derivatives/mri-registration-rp/antsBrainExtraction/sub-s037/BrainExtractionBrain.nii.gz
Dimension = 3
Number of stages = 1
Use histogram matching = false
Winsorize image intensities = true
  Lower quantile = 0.005
  Upper quantile = 0.995


Stage 1 State
   Image metric = MattesMI
     Fixed image = Image (0x4fbd7e0)
  RTTI typeinfo:   itk::Image<double, 3u>
  Reference Count: 2
  Modified Time: 1592
  Debug: Off
  Object Name: 
  Observers: 
    none
  Source: (none)
  Source output name: (none)
  Release Data: Off
  Data Released: False
  Global Release Data: Off
  PipelineMTime: 0
  UpdateMTime: 1203
  RealTimeStamp: 0 seconds 
  LargestPossibleRegion: 
    Dimension: 3
    Index: [0, 0, 0]
    Size: [193, 229, 193]
  BufferedRegion: 
    Dimension: 3
    Index: [0, 0, 0]
    Size: [193, 229, 193]
  RequestedRegion: 
    Dimension: 3
    Index: [0, 0, 0]
    Size: [193, 229, 193]
  Spacing: [1, 1, 1]
  Origin: [96, 132, -78]
  Direction: 
-1 0 0
0 -1 0
0 0 1

  IndexToPointMatrix: 
-1 0 0
0 -1 0
0 0 1

  PointToIndexMatrix: 
-1 0 0
0 -1 0
0 0 1

  Inverse Direction: 
-1 0 0
0 -1 0
0 0 1

  PixelContainer: 
    ImportImageContainer (0x5088880)
      RTTI typeinfo:   itk::ImportImageContainer<unsigned long, double>
      Reference Count: 1
      Modified Time: 1200
      Debug: Off
      Object Name: 
      Observers: 
        none
      Pointer: 0x15539d8dc010
      Container manages memory: true
      Size: 8530021
      Capacity: 8530021

     Moving image = Image (0x5079050)
  RTTI typeinfo:   itk::Image<double, 3u>
  Reference Count: 2
  Modified Time: 1593
  Debug: Off
  Object Name: 
  Observers: 
    none
  Source: (none)
  Source output name: (none)
  Release Data: Off
  Data Released: False
  Global Release Data: Off
  PipelineMTime: 0
  UpdateMTime: 1590
  RealTimeStamp: 0 seconds 
  LargestPossibleRegion: 
    Dimension: 3
    Index: [0, 0, 0]
    Size: [160, 240, 256]
  BufferedRegion: 
    Dimension: 3
    Index: [0, 0, 0]
    Size: [160, 240, 256]
  RequestedRegion: 
    Dimension: 3
    Index: [0, 0, 0]
    Size: [160, 240, 256]
  Spacing: [1, 1, 1]
  Origin: [87.9508, 102.562, -147.639]
  Direction: 
-0.998659 -0.0436121 -0.0279129
0.043595 -0.999049 0.00121847
-0.0279395 -2.65543e-08 0.99961

  IndexToPointMatrix: 
-0.998659 -0.0436121 -0.0279129
0.043595 -0.999049 0.00121847
-0.0279395 -2.65543e-08 0.99961

  PointToIndexMatrix: 
-0.998659 0.043595 -0.0279395
-0.0436121 -0.999049 -2.65517e-08
-0.0279129 0.00121847 0.99961

  Inverse Direction: 
-0.998659 0.043595 -0.0279395
-0.0436121 -0.999049 -2.65517e-08
-0.0279129 0.00121847 0.99961

  PixelContainer: 
    ImportImageContainer (0x512c690)
      RTTI typeinfo:   itk::ImportImageContainer<unsigned long, double>
      Reference Count: 1
      Modified Time: 1587
      Debug: Off
      Object Name: 
      Observers: 
        none
      Pointer: 0x155398ddb010
      Container manages memory: true
      Size: 9830400
      Capacity: 9830400

     Weighting = 1
     Sampling strategy = regular
     Number of bins = 32
     Radius = 4
     Sampling percentage  = 0.25
   Transform = Affine
     Gradient step = 0.1
     Update field sigma (voxel space) = 0
     Total field sigma (voxel space) = 0
     Update field time sigma = 0
     Total field time sigma  = 0
     Number of time indices = 0
     Number of time point samples = 0
Registration using 1 total stages.

Stage 0
  iterations = 1000x500x250x100
  convergence threshold = 1e-06
  convergence window size = 10
  number of levels = 4
  using the Mattes MI metric (number of bins = 32, weight = 1, use gradient filter = 0)
  preprocessing:  winsorizing the image intensities
  Shrink factors (level 1 out of 4): [8, 8, 8]
  Shrink factors (level 2 out of 4): [4, 4, 4]
  Shrink factors (level 3 out of 4): [2, 2, 2]
  Shrink factors (level 4 out of 4): [1, 1, 1]
  smoothing sigmas per level: [3, 2, 1, 0]
  regular sampling (percentage = 0.25)

*** Running AffineTransform registration ***

DIAGNOSTIC,Iteration,metricValue,convergenceValue,ITERATION_TIME_INDEX,SINCE_LAST
 2DIAGNOSTIC,     1, -5.849800300381e-01, 1.797693134862e+308, 9.0048e-01, 9.0048e-01, 
 2DIAGNOSTIC,     2, -5.866363700992e-01, 1.797693134862e+308, 9.0700e-01, 6.5188e-03, 
 2DIAGNOSTIC,     3, -5.892164653461e-01, 1.797693134862e+308, 9.1414e-01, 7.1452e-03, 
 2DIAGNOSTIC,     4, -5.944323873093e-01, 1.797693134862e+308, 9.1936e-01, 5.2161e-03, 
 2DIAGNOSTIC,     5, -6.036442729109e-01, 1.797693134862e+308, 9.2533e-01, 5.9700e-03, 
 2DIAGNOSTIC,     6, -6.139280419021e-01, 1.797693134862e+308, 9.3115e-01, 5.8270e-03, 
 2DIAGNOSTIC,     7, -6.345694068080e-01, 1.797693134862e+308, 9.3773e-01, 6.5749e-03, 
 2DIAGNOSTIC,     8, -6.835241969121e-01, 1.797693134862e+308, 9.4890e-01, 1.1170e-02, 
 2DIAGNOSTIC,     9, -6.841476258517e-01, 1.797693134862e+308, 9.5427e-01, 5.3720e-03, 
 2DIAGNOSTIC,    10, -6.860107701566e-01, 1.238974694432e-02, 9.6025e-01, 5.9791e-03, 
 2DIAGNOSTIC,    11, -6.911479157171e-01, 1.197115005122e-02, 9.6574e-01, 5.4882e-03, 
 2DIAGNOSTIC,    12, -6.981190051285e-01, 1.085403086804e-02, 9.7124e-01, 5.4989e-03, 
 2DIAGNOSTIC,    13, -7.060217576366e-01, 9.269104462718e-03, 9.7677e-01, 5.5380e-03, 
 2DIAGNOSTIC,    14, -7.097618343101e-01, 7.371182005343e-03, 9.8311e-01, 6.3360e-03, 
 2DIAGNOSTIC,    15, -7.150007191493e-01, 5.520856093831e-03, 9.8967e-01, 6.5579e-03, 
 2DIAGNOSTIC,    16, -7.185661745959e-01, 3.790938445869e-03, 9.9795e-01, 8.2810e-03, 
 2DIAGNOSTIC,    17, -7.186195596339e-01, 2.421780978014e-03, 1.0047e+00, 6.7890e-03, 
 2DIAGNOSTIC,    18, -7.187503649166e-01, 2.164695292000e-03, 1.0110e+00, 6.2881e-03, 
 2DIAGNOSTIC,    19, -7.185435759562e-01, 1.748109997854e-03, 1.0166e+00, 5.6159e-03, 
 2DIAGNOSTIC,    20, -7.185710645354e-01, 1.253934972136e-03, 1.0230e+00, 6.3210e-03, 
 2DIAGNOSTIC,    21, -7.185364067007e-01, 7.943006698070e-04, 1.0287e+00, 5.7080e-03, 
 2DIAGNOSTIC,    22, -7.188316174336e-01, 4.427432259642e-04, 1.0346e+00, 5.9140e-03, 
 2DIAGNOSTIC,    23, -7.190667440172e-01, 2.315666165628e-04, 1.0411e+00, 6.4721e-03, 
 2DIAGNOSTIC,    24, -7.192178135111e-01, 8.374938208251e-05, 1.0477e+00, 6.6230e-03, 
 2DIAGNOSTIC,    25, -7.192704663294e-01, 2.777283468692e-05, 1.0540e+00, 6.3610e-03, 
 2DIAGNOSTIC,    26, -7.193803455525e-01, 3.292572427178e-05, 1.0596e+00, 5.5771e-03, 
 2DIAGNOSTIC,    27, -7.194409761818e-01, 3.628412822146e-05, 1.0676e+00, 7.9520e-03, 
 2DIAGNOSTIC,    28, -7.192567643307e-01, 3.530559454855e-05, 1.0738e+00, 6.1960e-03, 
 2DIAGNOSTIC,    29, -7.192838612481e-01, 2.872039612677e-05, 1.0793e+00, 5.5830e-03, 
 2DIAGNOSTIC,    30, -7.193560327769e-01, 2.143314041036e-05, 1.0874e+00, 8.0550e-03, 
 2DIAGNOSTIC,    31, -7.192737952618e-01, 1.102118800223e-05, 1.0930e+00, 5.6059e-03, 
 2DIAGNOSTIC,    32, -7.191876361668e-01, 3.034270825784e-06, 1.0995e+00, 6.5379e-03, 
DIAGNOSTIC,Iteration,metricValue,convergenceValue,ITERATION_TIME_INDEX,SINCE_LAST
 2DIAGNOSTIC,     1, -5.921574250869e-01, 1.797693134862e+308, 1.9000e+00, 8.0043e-01, 
 2DIAGNOSTIC,     2, -5.931635990828e-01, 1.797693134862e+308, 1.9410e+00, 4.0994e-02, 
 2DIAGNOSTIC,     3, -5.942234263230e-01, 1.797693134862e+308, 1.9814e+00, 4.0453e-02, 
 2DIAGNOSTIC,     4, -5.950568228614e-01, 1.797693134862e+308, 2.0238e+00, 4.2420e-02, 
 2DIAGNOSTIC,     5, -5.965611060718e-01, 1.797693134862e+308, 2.0809e+00, 5.7038e-02, 
 2DIAGNOSTIC,     6, -5.976818741655e-01, 1.797693134862e+308, 2.1234e+00, 4.2517e-02, 
 2DIAGNOSTIC,     7, -5.983160836799e-01, 1.797693134862e+308, 2.1684e+00, 4.4992e-02, 
 2DIAGNOSTIC,     8, -5.999408706944e-01, 1.797693134862e+308, 2.2299e+00, 6.1512e-02, 
 2DIAGNOSTIC,     9, -5.999556415655e-01, 1.797693134862e+308, 2.2749e+00, 4.5040e-02, 
 2DIAGNOSTIC,    10, -5.999520282282e-01, 9.295599008717e-04, 2.3160e+00, 4.1062e-02, 
 2DIAGNOSTIC,    11, -5.999321197793e-01, 7.341021243928e-04, 2.3576e+00, 4.1607e-02, 
 2DIAGNOSTIC,    12, -5.999271021605e-01, 5.448972572042e-04, 2.4002e+00, 4.2544e-02, 
 2DIAGNOSTIC,    13, -5.999499247878e-01, 3.749564982901e-04, 2.4410e+00, 4.0848e-02, 
 2DIAGNOSTIC,    14, -5.999534253776e-01, 2.230865200662e-04, 2.4781e+00, 3.7103e-02, 
 2DIAGNOSTIC,    15, -5.999401927600e-01, 1.187161811011e-04, 2.5190e+00, 4.0873e-02, 
 2DIAGNOSTIC,    16, -5.999633721005e-01, 5.081548788978e-05, 2.5554e+00, 3.6388e-02, 
