
##########################
# Experiment information #
##########################

EXPERIMENT_NAME: antsRegistration-r7-p7
VFC_BACKENDS: libinterflop_vprec.so --range-binary32=7 --precision-binary32=7 --range-binary64=7 --precision-binary64=7

SIF_IMG: /home/mdugre/projects/rrg-glatard/mdugre/containers/ants-vprec-no_metrics.simg

SUBJECT_ID: s003
INPUT_IMG: /home/mdugre/scratch/mri-registration-rp/datasets/ds004513/derivatives/mri-registration-rp/antsBrainExtraction/sub-s003/BrainExtractionBrain.nii.gz
OUTPUT_DIR: /home/mdugre/scratch/mri-registration-rp/datasets/ds004513/derivatives/mri-registration-rp/0100/antsRegistration-r7-p7/sub-s003

FIXED_IMG: /templateflow/tpl-MNI152NLin2009cAsym/tpl-MNI152NLin2009cAsym_res-01_desc-brain_T1w.nii.gz
DATA_DIR: /home/mdugre/scratch/mri-registration-rp/datasets/ds004513
TEMPLATEFLOW_DIR: /home/mdugre/projects/rrg-glatard/mdugre/templateflow
ITK_GLOBAL_DEFAULT_NUMBER_OF_THREADS: 16
##########################

Info [verificarlo]: loaded backend libinterflop_ieee.so
Info [interflop-ieee]: load backend with:
Info [interflop-ieee]: debug = false
Info [interflop-ieee]: debug-binary = false
Info [interflop-ieee]: no-backend-name = false
Info [interflop-ieee]: print-new-line = false
Info [interflop-ieee]: print-subnormal-normalized = false
Info [interflop-ieee]: count-op = false
All_Command_lines_OK
Using double precision for computations.
=============================================================================
The composite transform comprises the following transforms (in order): 
  1. Center of mass alignment using fixed image: /templateflow/tpl-MNI152NLin2009cAsym/tpl-MNI152NLin2009cAsym_res-01_desc-brain_T1w.nii.gz and moving image: /home/mdugre/scratch/mri-registration-rp/datasets/ds004513/derivatives/mri-registration-rp/antsBrainExtraction/sub-s003/BrainExtractionBrain.nii.gz (type = Euler3DTransform)
=============================================================================
  number of levels = 1
  fixed image: /templateflow/tpl-MNI152NLin2009cAsym/tpl-MNI152NLin2009cAsym_res-01_desc-brain_T1w.nii.gz
  moving image: /home/mdugre/scratch/mri-registration-rp/datasets/ds004513/derivatives/mri-registration-rp/antsBrainExtraction/sub-s003/BrainExtractionBrain.nii.gz
Dimension = 3
Number of stages = 1
Use histogram matching = false
Winsorize image intensities = true
  Lower quantile = 0.005
  Upper quantile = 0.995


Stage 1 State
   Image metric = MattesMI
     Fixed image = Image (0x37f2bd0)
  RTTI typeinfo:   itk::Image<double, 3u>
  Reference Count: 2
  Modified Time: 2334
  Debug: Off
  Object Name: 
  Observers: 
    none
  Source: (none)
  Source output name: (none)
  Release Data: Off
  Data Released: False
  Global Release Data: Off
  PipelineMTime: 0
  UpdateMTime: 1943
  RealTimeStamp: 0 seconds 
  LargestPossibleRegion: 
    Dimension: 3
    Index: [0, 0, 0]
    Size: [193, 229, 193]
  BufferedRegion: 
    Dimension: 3
    Index: [0, 0, 0]
    Size: [193, 229, 193]
  RequestedRegion: 
    Dimension: 3
    Index: [0, 0, 0]
    Size: [193, 229, 193]
  Spacing: [1, 1, 1]
  Origin: [96, 132, -78]
  Direction: 
-1 0 0
0 -1 0
0 0 1

  IndexToPointMatrix: 
-1 0 0
0 -1 0
0 0 1

  PointToIndexMatrix: 
-1 0 0
0 -1 0
0 0 1

  Inverse Direction: 
-1 0 0
0 -1 0
0 0 1

  PixelContainer: 
    ImportImageContainer (0x384a930)
      RTTI typeinfo:   itk::ImportImageContainer<unsigned long, double>
      Reference Count: 1
      Modified Time: 1940
      Debug: Off
      Object Name: 
      Observers: 
        none
      Pointer: 0x14cd956f3010
      Container manages memory: true
      Size: 8530021
      Capacity: 8530021

     Moving image = Image (0x38e2610)
  RTTI typeinfo:   itk::Image<double, 3u>
  Reference Count: 2
  Modified Time: 2335
  Debug: Off
  Object Name: 
  Observers: 
    none
  Source: (none)
  Source output name: (none)
  Release Data: Off
  Data Released: False
  Global Release Data: Off
  PipelineMTime: 0
  UpdateMTime: 2332
  RealTimeStamp: 0 seconds 
  LargestPossibleRegion: 
    Dimension: 3
    Index: [0, 0, 0]
    Size: [176, 240, 256]
  BufferedRegion: 
    Dimension: 3
    Index: [0, 0, 0]
    Size: [176, 240, 256]
  RequestedRegion: 
    Dimension: 3
    Index: [0, 0, 0]
    Size: [176, 240, 256]
  Spacing: [0.999999, 1, 1]
  Origin: [93.3499, 86.9368, -128.957]
  Direction: 
-0.999513 -0.0279216 -0.0139567
0.0279189 -0.99961 0.000389866
-0.0139622 2.01492e-08 0.999903

  IndexToPointMatrix: 
-0.999512 -0.0279216 -0.0139567
0.0279189 -0.99961 0.000389866
-0.0139621 2.01492e-08 0.999903

  PointToIndexMatrix: 
-0.999514 0.0279189 -0.0139622
-0.0279216 -0.99961 2.01716e-08
-0.0139567 0.000389866 0.999903

  Inverse Direction: 
-0.999513 0.0279189 -0.0139622
-0.0279216 -0.99961 2.01716e-08
-0.0139567 0.000389866 0.999903

  PixelContainer: 
    ImportImageContainer (0x3822850)
      RTTI typeinfo:   itk::ImportImageContainer<unsigned long, double>
      Reference Count: 1
      Modified Time: 2329
      Debug: Off
      Object Name: 
      Observers: 
        none
      Pointer: 0x14cd90472010
      Container manages memory: true
      Size: 10813440
      Capacity: 10813440

     Weighting = 1
     Sampling strategy = regular
     Number of bins = 32
     Radius = 4
     Sampling percentage  = 0.25
   Transform = Rigid
     Gradient step = 0.1
     Update field sigma (voxel space) = 0
     Total field sigma (voxel space) = 0
     Update field time sigma = 0
     Total field time sigma  = 0
     Number of time indices = 0
     Number of time point samples = 0
Registration using 1 total stages.

Stage 0
  iterations = 0
  convergence threshold = 1e-06
  convergence window size = 10
  number of levels = 1
  using the Mattes MI metric (number of bins = 32, weight = 1, use gradient filter = 0)
  preprocessing:  winsorizing the image intensities
  Shrink factors (level 1 out of 1): [1, 1, 1]
  smoothing sigmas per level: [0]
  regular sampling (percentage = 0.25)

*** Running Euler3DTransform registration ***

  Elapsed time (stage 0): 1.10677


Total elapsed time: 1.10963
Info [verificarlo]: loaded backend libinterflop_vprec.so
Info [interflop-vprec]: load backend with: 
Info [interflop-vprec]: precision-binary32 = 7
Info [interflop-vprec]: range-binary32 = 7
Info [interflop-vprec]: precision-binary64 = 7
Info [interflop-vprec]: range-binary64 = 7
Info [interflop-vprec]: mode = ob
Info [interflop-vprec]: error-mode = rel
Info [interflop-vprec]: max-abs-error-exponent = -1022
Info [interflop-vprec]: daz = false
Info [interflop-vprec]: ftz = false
Info [interflop-vprec]: 	instrument = none
Info [interflop-vprec]: 	prec-input-file = (null)
Info [interflop-vprec]: 	prec-output-file = (null)
Info [interflop-vprec]: 	prec-log-file = (null)
All_Command_lines_OK
Using double precision for computations.
=============================================================================
The composite transform comprises the following transforms (in order): 
  1. /home/mdugre/scratch/mri-registration-rp/datasets/ds004513/derivatives/mri-registration-rp/0100/antsRegistration-r7-p7/sub-s003/align_Composite.h5[0] (type = Euler3DTransform)
  2. /home/mdugre/scratch/mri-registration-rp/datasets/ds004513/derivatives/mri-registration-rp/0100/antsRegistration-r7-p7/sub-s003/align_Composite.h5[1] (type = Euler3DTransform)
=============================================================================
  number of levels = 4
  fixed image: /templateflow/tpl-MNI152NLin2009cAsym/tpl-MNI152NLin2009cAsym_res-01_desc-brain_T1w.nii.gz
  moving image: /home/mdugre/scratch/mri-registration-rp/datasets/ds004513/derivatives/mri-registration-rp/antsBrainExtraction/sub-s003/BrainExtractionBrain.nii.gz
Dimension = 3
Number of stages = 1
Use histogram matching = false
Winsorize image intensities = true
  Lower quantile = 0.005
  Upper quantile = 0.995


Stage 1 State
   Image metric = MattesMI
     Fixed image = Image (0x48581e0)
  RTTI typeinfo:   itk::Image<double, 3u>
  Reference Count: 2
  Modified Time: 1578
  Debug: Off
  Object Name: 
  Observers: 
    none
  Source: (none)
  Source output name: (none)
  Release Data: Off
  Data Released: False
  Global Release Data: Off
  PipelineMTime: 0
  UpdateMTime: 1189
  RealTimeStamp: 0 seconds 
  LargestPossibleRegion: 
    Dimension: 3
    Index: [0, 0, 0]
    Size: [193, 229, 193]
  BufferedRegion: 
    Dimension: 3
    Index: [0, 0, 0]
    Size: [193, 229, 193]
  RequestedRegion: 
    Dimension: 3
    Index: [0, 0, 0]
    Size: [193, 229, 193]
  Spacing: [1, 1, 1]
  Origin: [96, 132, -78]
  Direction: 
-1 0 0
0 -1 0
0 0 1

  IndexToPointMatrix: 
-1 0 0
0 -1 0
0 0 1

  PointToIndexMatrix: 
-1 0 0
0 -1 0
0 0 1

  Inverse Direction: 
-1 0 0
0 -1 0
0 0 1

  PixelContainer: 
    ImportImageContainer (0x4917680)
      RTTI typeinfo:   itk::ImportImageContainer<unsigned long, double>
      Reference Count: 1
      Modified Time: 1186
      Debug: Off
      Object Name: 
      Observers: 
        none
      Pointer: 0x1553b377d010
      Container manages memory: true
      Size: 8530021
      Capacity: 8530021

     Moving image = Image (0x4913b20)
  RTTI typeinfo:   itk::Image<double, 3u>
  Reference Count: 2
  Modified Time: 1579
  Debug: Off
  Object Name: 
  Observers: 
    none
  Source: (none)
  Source output name: (none)
  Release Data: Off
  Data Released: False
  Global Release Data: Off
  PipelineMTime: 0
  UpdateMTime: 1576
  RealTimeStamp: 0 seconds 
  LargestPossibleRegion: 
    Dimension: 3
    Index: [0, 0, 0]
    Size: [176, 240, 256]
  BufferedRegion: 
    Dimension: 3
    Index: [0, 0, 0]
    Size: [176, 240, 256]
  RequestedRegion: 
    Dimension: 3
    Index: [0, 0, 0]
    Size: [176, 240, 256]
  Spacing: [1, 1, 1]
  Origin: [93.5, 87, -129]
  Direction: 
-1 -0.0279541 -0.0139771
0.0279541 -1 0.000389099
-0.0139771 0 1

  IndexToPointMatrix: 
-1 -0.0279541 -0.0139771
0.0279541 -1 0.000389099
-0.0139771 0 1

  PointToIndexMatrix: 
-1 0.0279541 -0.0139771
-0.0279541 -1 0
-0.0139771 0.000391006 1

  Inverse Direction: 
-1 0.0279541 -0.0139771
-0.0279541 -1 0
-0.0139771 0.000391006 1

  PixelContainer: 
    ImportImageContainer (0x497cd50)
      RTTI typeinfo:   itk::ImportImageContainer<unsigned long, double>
      Reference Count: 1
      Modified Time: 1573
      Debug: Off
      Object Name: 
      Observers: 
        none
      Pointer: 0x1553ae4fc010
      Container manages memory: true
      Size: 10813440
      Capacity: 10813440

     Weighting = 1
     Sampling strategy = regular
     Number of bins = 32
     Radius = 4
     Sampling percentage  = 0.25
   Transform = Rigid
     Gradient step = 0.1
     Update field sigma (voxel space) = 0
     Total field sigma (voxel space) = 0
     Update field time sigma = 0
     Total field time sigma  = 0
     Number of time indices = 0
     Number of time point samples = 0
Registration using 1 total stages.

Stage 0
  iterations = 1000x500x250x100
  convergence threshold = 1e-06
  convergence window size = 10
  number of levels = 4
  using the Mattes MI metric (number of bins = 32, weight = 1, use gradient filter = 0)
  preprocessing:  winsorizing the image intensities
  Shrink factors (level 1 out of 4): [8, 8, 8]
  Shrink factors (level 2 out of 4): [4, 4, 4]
  Shrink factors (level 3 out of 4): [2, 2, 2]
  Shrink factors (level 4 out of 4): [1, 1, 1]
  smoothing sigmas per level: [3, 2, 1, 0]
  regular sampling (percentage = 0.25)

*** Running Euler3DTransform registration ***

DIAGNOSTIC,Iteration,metricValue,convergenceValue,ITERATION_TIME_INDEX,SINCE_LAST
 2DIAGNOSTIC,     1, -5.161866091811e-01, 1.797693134862e+308, 0.0000e+00, 0.0000e+00, 
 2DIAGNOSTIC,     2, -5.162025419598e-01, 1.797693134862e+308, 0.0000e+00, 0.0000e+00, 
 2DIAGNOSTIC,     3, -5.162132902561e-01, 1.797693134862e+308, 0.0000e+00, 0.0000e+00, 
 2DIAGNOSTIC,     4, -5.161904234352e-01, 1.797693134862e+308, 0.0000e+00, 0.0000e+00, 
 2DIAGNOSTIC,     5, -5.161821991626e-01, 1.797693134862e+308, 0.0000e+00, 0.0000e+00, 
 2DIAGNOSTIC,     6, -5.161883379682e-01, 1.797693134862e+308, 0.0000e+00, 0.0000e+00, 
 2DIAGNOSTIC,     7, -5.162350645178e-01, 1.797693134862e+308, 0.0000e+00, 0.0000e+00, 
 2DIAGNOSTIC,     8, -5.163530511838e-01, 1.797693134862e+308, 0.0000e+00, 0.0000e+00, 
 2DIAGNOSTIC,     9, -5.164561514062e-01, 1.797693134862e+308, 0.0000e+00, 0.0000e+00, 
 2DIAGNOSTIC,    10, -5.167562705859e-01, 5.011239731292e-05, 0.0000e+00, 0.0000e+00, 
 2DIAGNOSTIC,    11, -5.164536001396e-01, 4.998564781593e-05, 0.0000e+00, 0.0000e+00, 
 2DIAGNOSTIC,    12, -5.163647937905e-01, 4.255819014555e-05, 0.0000e+00, 0.0000e+00, 
 2DIAGNOSTIC,    13, -5.163037463618e-01, 3.043442479982e-05, 0.0000e+00, 0.0000e+00, 
 2DIAGNOSTIC,    14, -5.163037479661e-01, 1.607696982353e-05, 0.0000e+00, 0.0000e+00, 
 2DIAGNOSTIC,    15, -5.162994147777e-01, 1.635233136177e-06, 0.0000e+00, 0.0000e+00, 
DIAGNOSTIC,Iteration,metricValue,convergenceValue,ITERATION_TIME_INDEX,SINCE_LAST
 2DIAGNOSTIC,     1, -4.027922862975e-01, 1.797693134862e+308, 0.0000e+00, 0.0000e+00, 
 2DIAGNOSTIC,     2, -4.028506871108e-01, 1.797693134862e+308, 0.0000e+00, 0.0000e+00, 
 2DIAGNOSTIC,     3, -4.028648267389e-01, 1.797693134862e+308, 0.0000e+00, 0.0000e+00, 
 2DIAGNOSTIC,     4, -4.028496754723e-01, 1.797693134862e+308, 0.0000e+00, 0.0000e+00, 
 2DIAGNOSTIC,     5, -4.028169663791e-01, 1.797693134862e+308, 0.0000e+00, 0.0000e+00, 
 2DIAGNOSTIC,     6, -4.028169663791e-01, 1.797693134862e+308, 0.0000e+00, 0.0000e+00, 
 2DIAGNOSTIC,     7, -4.028169663791e-01, 1.797693134862e+308, 0.0000e+00, 0.0000e+00, 
 2DIAGNOSTIC,     8, -4.028169663791e-01, 1.797693134862e+308, 0.0000e+00, 0.0000e+00, 
 2DIAGNOSTIC,     9, -4.028169663791e-01, 1.797693134862e+308, 0.0000e+00, 0.0000e+00, 
DIAGNOSTIC,Iteration,metricValue,convergenceValue,ITERATION_TIME_INDEX,SINCE_LAST
 2DIAGNOSTIC,     1, -3.599422912582e-01, 1.797693134862e+308, 0.0000e+00, 0.0000e+00, 
 2DIAGNOSTIC,     2, -3.599655567437e-01, 1.797693134862e+308, 0.0000e+00, 0.0000e+00, 
 2DIAGNOSTIC,     3, -3.599672340346e-01, 1.797693134862e+308, 0.0000e+00, 0.0000e+00, 
 2DIAGNOSTIC,     4, -3.599581342334e-01, 1.797693134862e+308, 0.0000e+00, 0.0000e+00, 
 2DIAGNOSTIC,     5, -3.599491080374e-01, 1.797693134862e+308, 0.0000e+00, 0.0000e+00, 
 2DIAGNOSTIC,     6, -3.599483659170e-01, 1.797693134862e+308, 0.0000e+00, 0.0000e+00, 
 2DIAGNOSTIC,     7, -3.599432694512e-01, 1.797693134862e+308, 0.0000e+00, 0.0000e+00, 
 2DIAGNOSTIC,     8, -3.599446014816e-01, 1.797693134862e+308, 0.0000e+00, 0.0000e+00, 
 2DIAGNOSTIC,     9, -3.599425012231e-01, 1.797693134862e+308, 0.0000e+00, 0.0000e+00, 
DIAGNOSTIC,Iteration,metricValue,convergenceValue,ITERATION_TIME_INDEX,SINCE_LAST
 2DIAGNOSTIC,     1, -3.352442205213e-01, 1.797693134862e+308, 0.0000e+00, 0.0000e+00, 
 2DIAGNOSTIC,     2, -3.353053649628e-01, 1.797693134862e+308, 0.0000e+00, 0.0000e+00, 
 2DIAGNOSTIC,     3, -3.354648252684e-01, 1.797693134862e+308, 0.0000e+00, 0.0000e+00, 
 2DIAGNOSTIC,     4, -3.361193868994e-01, 1.797693134862e+308, 0.0000e+00, 0.0000e+00, 
 2DIAGNOSTIC,     5, -3.367645519492e-01, 1.797693134862e+308, 0.0000e+00, 0.0000e+00, 
 2DIAGNOSTIC,     6, -3.375672197975e-01, 1.797693134862e+308, 0.0000e+00, 0.0000e+00, 
 2DIAGNOSTIC,     7, -3.397275469770e-01, 1.797693134862e+308, 0.0000e+00, 0.0000e+00, 
 2DIAGNOSTIC,     8, -3.500693633833e-01, 1.797693134862e+308, 0.0000e+00, 0.0000e+00, 
 2DIAGNOSTIC,     9, -3.568857455576e-01, 1.797693134862e+308, 0.0000e+00, 0.0000e+00, 
 2DIAGNOSTIC,    10, -3.691154339341e-01, 5.360535324491e-03, 0.0000e+00, 0.0000e+00, 
 2DIAGNOSTIC,    11, -3.948159432216e-01, 8.165795721083e-03, 0.0000e+00, 0.0000e+00, 
 2DIAGNOSTIC,    12, -4.313962704519e-01, 1.204499692156e-02, 0.0000e+00, 0.0000e+00, 
 2DIAGNOSTIC,    13, -4.310159093780e-01, 1.408629198767e-02, 0.0000e+00, 0.0000e+00, 
 2DIAGNOSTIC,    14, -4.316462692208e-01, 1.462595136673e-02, 0.0000e+00, 0.0000e+00, 
 2DIAGNOSTIC,    15, -4.317396025874e-01, 1.382303742468e-02, 0.0000e+00, 0.0000e+00, 
 2DIAGNOSTIC,    16, -4.335223735984e-01, 1.197747031233e-02, 0.0000e+00, 0.0000e+00, 
 2DIAGNOSTIC,    17, -4.334836298488e-01, 9.354339522093e-03, 0.0000e+00, 0.0000e+00, 
 2DIAGNOSTIC,    18, -4.321639068745e-01, 6.587611455598e-03, 0.0000e+00, 0.0000e+00, 
 2DIAGNOSTIC,    19, -4.323045624824e-01, 3.839164232019e-03, 0.0000e+00, 0.0000e+00, 
 2DIAGNOSTIC,    20, -4.328061536190e-01, 1.498406410559e-03, 0.0000e+00, 0.0000e+00, 
 2DIAGNOSTIC,    21, -4.323802964747e-01, 1.116171660608e-04, 0.0000e+00, 0.0000e+00, 
 2DIAGNOSTIC,    22, -4.327296342523e-01, 7.673229930742e-05, 0.0000e+00, 0.0000e+00, 
 2DIAGNOSTIC,    23, -4.329427137990e-01, 3.362071317414e-05, 0.0000e+00, 0.0000e+00, 
 2DIAGNOSTIC,    24, -4.342662170393e-01, 5.025743195850e-05, 0.0000e+00, 0.0000e+00, 
 2DIAGNOSTIC,    25, -4.330002495811e-01, 2.408534677754e-05, 0.0000e+00, 0.0000e+00, 
 2DIAGNOSTIC,    26, -4.330286397935e-01, 4.880817961295e-05, 0.0000e+00, 0.0000e+00, 
 2DIAGNOSTIC,    27, -4.333294222202e-01, 7.530788692268e-05, 0.0000e+00, 0.0000e+00, 
 2DIAGNOSTIC,    28, -4.326549359470e-01, 4.074541207068e-05, 0.0000e+00, 0.0000e+00, 
  Elapsed time (stage 0): 0.0000e+00


Total elapsed time: 0.0000e+00
Info [verificarlo]: loaded backend libinterflop_ieee.so
Info [interflop-ieee]: load backend with:
Info [interflop-ieee]: debug = false
Info [interflop-ieee]: debug-binary = false
Info [interflop-ieee]: no-backend-name = false
Info [interflop-ieee]: print-new-line = false
Info [interflop-ieee]: print-subnormal-normalized = false
Info [interflop-ieee]: count-op = false
All_Command_lines_OK
Using double precision for computations.
=============================================================================
The composite transform comprises the following transforms (in order): 
  1. /home/mdugre/scratch/mri-registration-rp/datasets/ds004513/derivatives/mri-registration-rp/0100/antsRegistration-r7-p7/sub-s003/rigid_Composite.h5[0] (type = Euler3DTransform)
  2. /home/mdugre/scratch/mri-registration-rp/datasets/ds004513/derivatives/mri-registration-rp/0100/antsRegistration-r7-p7/sub-s003/rigid_Composite.h5[1] (type = Euler3DTransform)
  3. /home/mdugre/scratch/mri-registration-rp/datasets/ds004513/derivatives/mri-registration-rp/0100/antsRegistration-r7-p7/sub-s003/rigid_Composite.h5[2] (type = Euler3DTransform)
=============================================================================
  number of levels = 4
  fixed image: /templateflow/tpl-MNI152NLin2009cAsym/tpl-MNI152NLin2009cAsym_res-01_desc-brain_T1w.nii.gz
  moving image: /home/mdugre/scratch/mri-registration-rp/datasets/ds004513/derivatives/mri-registration-rp/antsBrainExtraction/sub-s003/BrainExtractionBrain.nii.gz
Dimension = 3
Number of stages = 1
Use histogram matching = false
Winsorize image intensities = true
  Lower quantile = 0.005
  Upper quantile = 0.995


Stage 1 State
   Image metric = MattesMI
     Fixed image = Image (0x350b530)
  RTTI typeinfo:   itk::Image<double, 3u>
  Reference Count: 2
  Modified Time: 1594
  Debug: Off
  Object Name: 
  Observers: 
    none
  Source: (none)
  Source output name: (none)
  Release Data: Off
  Data Released: False
  Global Release Data: Off
  PipelineMTime: 0
  UpdateMTime: 1203
  RealTimeStamp: 0 seconds 
  LargestPossibleRegion: 
    Dimension: 3
    Index: [0, 0, 0]
    Size: [193, 229, 193]
  BufferedRegion: 
    Dimension: 3
    Index: [0, 0, 0]
    Size: [193, 229, 193]
  RequestedRegion: 
    Dimension: 3
    Index: [0, 0, 0]
    Size: [193, 229, 193]
  Spacing: [1, 1, 1]
  Origin: [96, 132, -78]
  Direction: 
-1 0 0
0 -1 0
0 0 1

  IndexToPointMatrix: 
-1 0 0
0 -1 0
0 0 1

  PointToIndexMatrix: 
-1 0 0
0 -1 0
0 0 1

  Inverse Direction: 
-1 0 0
0 -1 0
0 0 1

  PixelContainer: 
    ImportImageContainer (0x35182b0)
      RTTI typeinfo:   itk::ImportImageContainer<unsigned long, double>
      Reference Count: 1
      Modified Time: 1200
      Debug: Off
      Object Name: 
      Observers: 
        none
      Pointer: 0x148260480010
      Container manages memory: true
      Size: 8530021
      Capacity: 8530021

     Moving image = Image (0x35c6fd0)
  RTTI typeinfo:   itk::Image<double, 3u>
  Reference Count: 2
  Modified Time: 1595
  Debug: Off
  Object Name: 
  Observers: 
    none
  Source: (none)
  Source output name: (none)
  Release Data: Off
  Data Released: False
  Global Release Data: Off
  PipelineMTime: 0
  UpdateMTime: 1592
  RealTimeStamp: 0 seconds 
  LargestPossibleRegion: 
    Dimension: 3
    Index: [0, 0, 0]
    Size: [176, 240, 256]
  BufferedRegion: 
    Dimension: 3
    Index: [0, 0, 0]
    Size: [176, 240, 256]
  RequestedRegion: 
    Dimension: 3
    Index: [0, 0, 0]
    Size: [176, 240, 256]
  Spacing: [0.999999, 1, 1]
  Origin: [93.3499, 86.9368, -128.957]
  Direction: 
-0.999513 -0.0279216 -0.0139567
0.0279189 -0.99961 0.000389866
-0.0139622 2.01492e-08 0.999903

  IndexToPointMatrix: 
-0.999512 -0.0279216 -0.0139567
0.0279189 -0.99961 0.000389866
-0.0139621 2.01492e-08 0.999903

  PointToIndexMatrix: 
-0.999514 0.0279189 -0.0139622
-0.0279216 -0.99961 2.01716e-08
-0.0139567 0.000389866 0.999903

  Inverse Direction: 
-0.999513 0.0279189 -0.0139622
-0.0279216 -0.99961 2.01716e-08
-0.0139567 0.000389866 0.999903

  PixelContainer: 
    ImportImageContainer (0x3662650)
      RTTI typeinfo:   itk::ImportImageContainer<unsigned long, double>
      Reference Count: 1
      Modified Time: 1589
      Debug: Off
      Object Name: 
      Observers: 
        none
      Pointer: 0x14825b1ff010
      Container manages memory: true
      Size: 10813440
      Capacity: 10813440

     Weighting = 1
     Sampling strategy = regular
     Number of bins = 32
     Radius = 4
     Sampling percentage  = 0.25
   Transform = Affine
     Gradient step = 0.1
     Update field sigma (voxel space) = 0
     Total field sigma (voxel space) = 0
     Update field time sigma = 0
     Total field time sigma  = 0
     Number of time indices = 0
     Number of time point samples = 0
Registration using 1 total stages.

Stage 0
  iterations = 1000x500x250x100
  convergence threshold = 1e-06
  convergence window size = 10
  number of levels = 4
  using the Mattes MI metric (number of bins = 32, weight = 1, use gradient filter = 0)
  preprocessing:  winsorizing the image intensities
  Shrink factors (level 1 out of 4): [8, 8, 8]
  Shrink factors (level 2 out of 4): [4, 4, 4]
  Shrink factors (level 3 out of 4): [2, 2, 2]
  Shrink factors (level 4 out of 4): [1, 1, 1]
  smoothing sigmas per level: [3, 2, 1, 0]
  regular sampling (percentage = 0.25)

*** Running AffineTransform registration ***

DIAGNOSTIC,Iteration,metricValue,convergenceValue,ITERATION_TIME_INDEX,SINCE_LAST
 2DIAGNOSTIC,     1, -6.429454205059e-01, 1.797693134862e+308, 8.4118e-01, 8.4118e-01, 
 2DIAGNOSTIC,     2, -6.449580295683e-01, 1.797693134862e+308, 8.4804e-01, 6.8679e-03, 
 2DIAGNOSTIC,     3, -6.478608570484e-01, 1.797693134862e+308, 8.5327e-01, 5.2211e-03, 
 2DIAGNOSTIC,     4, -6.518860205636e-01, 1.797693134862e+308, 8.5830e-01, 5.0361e-03, 
 2DIAGNOSTIC,     5, -6.572702094550e-01, 1.797693134862e+308, 8.6342e-01, 5.1160e-03, 
 2DIAGNOSTIC,     6, -6.693236492911e-01, 1.797693134862e+308, 8.6861e-01, 5.1930e-03, 
 2DIAGNOSTIC,     7, -7.062668497599e-01, 1.797693134862e+308, 8.7445e-01, 5.8351e-03, 
 2DIAGNOSTIC,     8, -7.168361905075e-01, 1.797693134862e+308, 8.8474e-01, 1.0291e-02, 
 2DIAGNOSTIC,     9, -7.171325162277e-01, 1.797693134862e+308, 8.8983e-01, 5.0950e-03, 
 2DIAGNOSTIC,    10, -7.176085185212e-01, 8.964265275589e-03, 8.9502e-01, 5.1911e-03, 
 2DIAGNOSTIC,    11, -7.194653497236e-01, 8.165621941592e-03, 9.0008e-01, 5.0611e-03, 
 2DIAGNOSTIC,    12, -7.207744935409e-01, 6.868205241487e-03, 9.0534e-01, 5.2550e-03, 
 2DIAGNOSTIC,    13, -7.237120907770e-01, 5.341139753766e-03, 9.1049e-01, 5.1520e-03, 
 2DIAGNOSTIC,    14, -7.264317058787e-01, 3.772175898974e-03, 9.1579e-01, 5.2981e-03, 
 2DIAGNOSTIC,    15, -7.283498033944e-01, 2.285442139063e-03, 9.2568e-01, 9.8891e-03, 
 2DIAGNOSTIC,    16, -7.282699303038e-01, 1.066820158197e-03, 9.3173e-01, 6.0508e-03, 
 2DIAGNOSTIC,    17, -7.283465475179e-01, 7.820583732211e-04, 9.3842e-01, 6.6872e-03, 
 2DIAGNOSTIC,    18, -7.281747646428e-01, 6.931823639659e-04, 9.4441e-01, 5.9950e-03, 
 2DIAGNOSTIC,    19, -7.282100739120e-01, 5.565659652773e-04, 9.4971e-01, 5.2989e-03, 
 2DIAGNOSTIC,    20, -7.281683588240e-01, 3.907911729334e-04, 9.5580e-01, 6.0871e-03, 
 2DIAGNOSTIC,    21, -7.282516254143e-01, 2.432143886969e-04, 9.6129e-01, 5.4941e-03, 
 2DIAGNOSTIC,    22, -7.281890671767e-01, 1.094464396580e-04, 9.6736e-01, 6.0642e-03, 
 2DIAGNOSTIC,    23, -7.281244480367e-01, 2.705432340517e-05, 9.7344e-01, 6.0811e-03, 
DIAGNOSTIC,Iteration,metricValue,convergenceValue,ITERATION_TIME_INDEX,SINCE_LAST
 2DIAGNOSTIC,     1, -6.009293134497e-01, 1.797693134862e+308, 1.7922e+00, 8.1878e-01, 
 2DIAGNOSTIC,     2, -6.012297017497e-01, 1.797693134862e+308, 1.8281e+00, 3.5893e-02, 
 2DIAGNOSTIC,     3, -6.016038394511e-01, 1.797693134862e+308, 1.8671e+00, 3.8999e-02, 
 2DIAGNOSTIC,     4, -6.017458919082e-01, 1.797693134862e+308, 1.9064e+00, 3.9238e-02, 
 2DIAGNOSTIC,     5, -6.017412347552e-01, 1.797693134862e+308, 1.9454e+00, 3.9073e-02, 
 2DIAGNOSTIC,     6, -6.017415559596e-01, 1.797693134862e+308, 1.9851e+00, 3.9694e-02, 
 2DIAGNOSTIC,     7, -6.017155848593e-01, 1.797693134862e+308, 2.0186e+00, 3.3477e-02, 
 2DIAGNOSTIC,     8, -6.018675817661e-01, 1.797693134862e+308, 2.0523e+00, 3.3712e-02, 
 2DIAGNOSTIC,     9, -6.019626099032e-01, 1.797693134862e+308, 2.0904e+00, 3.8080e-02, 
 2DIAGNOSTIC,    10, -6.019686874476e-01, 9.060643805779e-05, 2.1265e+00, 3.6097e-02, 
 2DIAGNOSTIC,    11, -6.020377797546e-01, 6.016134227889e-05, 2.1682e+00, 4.1735e-02, 
 2DIAGNOSTIC,    12, -6.020614848184e-01, 4.203781724355e-05, 2.2081e+00, 3.9844e-02, 
 2DIAGNOSTIC,    13, -6.020201343769e-01, 3.499569697508e-05, 2.2471e+00, 3.9025e-02, 
 2DIAGNOSTIC,    14, -6.020032162720e-01, 3.022918590487e-05, 2.2855e+00, 3.8435e-02, 
 2DIAGNOSTIC,    15, -6.020092238826e-01, 2.364573875471e-05, 2.3227e+00, 3.7157e-02, 
 2DIAGNOSTIC,    16, -6.020929212688e-01, 1.844464006495e-05, 2.3615e+00, 3.8800e-02, 
 2DIAGNOSTIC,    17, -6.021671120331e-01, 1.350752645909e-05, 2.4058e+00, 4.4277e-02, 
 2DIAGNOSTIC,    18, -6.021588751476e-01, 1.176701507753e-05, 2.4430e+00, 3.7211e-02, 
 2DIAGNOSTIC,    19, -6.021772943889e-01, 1.220118450977e-05, 2.4842e+00, 4.1242e-02, 
 2DIAGNOSTIC,    20, -6.022572202839e-01, 1.359369905406e-05, 2.5236e+00, 3.9382e-02, 
 2DIAGNOSTIC,    21, -6.023267052269e-01, 1.673059589753e-05, 2.5572e+00, 3.3570e-02, 
 2DIAGNOSTIC,    22, -6.024127064055e-01, 2.049062648882e-05, 2.5946e+00, 3.7453e-02, 
 2DIAGNOSTIC,    23, -6.027086589563e-01, 2.739610023845e-05, 2.6284e+00, 3.3754e-02, 
 2DIAGNOSTIC,    24, -6.033053652335e-01, 4.259541107633e-05, 2.6809e+00, 5.2504e-02, 
 2DIAGNOSTIC,    25, -6.033908666406e-01, 5.413784366683e-05, 2.7224e+00, 4.1519e-02, 
 2DIAGNOSTIC,    26, -6.035061272689e-01, 6.353648462534e-05, 2.7584e+00, 3.6038e-02, 
 2DIAGNOSTIC,    27, -6.037988872626e-01, 7.289345507779e-05, 2.7977e+00, 3.9274e-02, 
 2DIAGNOSTIC,    28, -6.046985515068e-01, 8.964067208908e-05, 2.8505e+00, 5.2827e-02, 
 2DIAGNOSTIC,    29, -6.048458278797e-01, 9.904769233077e-05, 2.8967e+00, 4.6206e-02, 
 2DIAGNOSTIC,    30, -6.048271791441e-01, 9.970399912094e-05, 2.9471e+00, 5.0360e-02, 
 2DIAGNOSTIC,    31, -6.048267278263e-01, 9.240403002804e-05, 2.9850e+00, 3.7886e-02, 
 2DIAGNOSTIC,    32, -6.048254058267e-01, 7.805728973409e-05, 3.0336e+00, 4.8574e-02, 
 2DIAGNOSTIC,    33, -6.048094909909e-01, 6.082947312149e-05, 3.0676e+00, 3.4050e-02, 
 2DIAGNOSTIC,    34, -6.048049312645e-01, 4.712550497903e-05, 3.1145e+00, 4.6881e-02, 
 2DIAGNOSTIC,    35, -6.048008854965e-01, 3.111271635510e-05, 3.1571e+00, 4.2613e-02, 
 2DIAGNOSTIC,    36, -6.048001796781e-01, 1.468290491210e-05, 3.2026e+00, 4.5468e-02, 
 2DIAGNOSTIC,    37, -6.047959474316e-01, 1.196950379111e-06, 3.2391e+00, 3.6572e-02, 
DIAGNOSTIC,Iteration,metricValue,convergenceValue,ITERATION_TIME_INDEX,SINCE_LAST
 2DIAGNOSTIC,     1, -5.288247128952e-01, 1.797693134862e+308, 4.4695e+00, 1.2303e+00, 
 2DIAGNOSTIC,     2, -5.291220281647e-01, 1.797693134862e+308, 4.7498e+00, 2.8032e-01, 
 2DIAGNOSTIC,     3, -5.294239949492e-01, 1.797693134862e+308, 5.0535e+00, 3.0368e-01, 
 2DIAGNOSTIC,     4, -5.296929536040e-01, 1.797693134862e+308, 5.3738e+00, 3.2030e-01, 
 2DIAGNOSTIC,     5, -5.298663952298e-01, 1.797693134862e+308, 5.6882e+00, 3.1448e-01, 
 2DIAGNOSTIC,     6, -5.301069121129e-01, 1.797693134862e+308, 5.9769e+00, 2.8869e-01, 
 2DIAGNOSTIC,     7, -5.303184052059e-01, 1.797693134862e+308, 6.2548e+00, 2.7786e-01, 
 2DIAGNOSTIC,     8, -5.310276382691e-01, 1.797693134862e+308, 6.5908e+00, 3.3601e-01, 
 2DIAGNOSTIC,     9, -5.315796043745e-01, 1.797693134862e+308, 6.9382e+00, 3.4739e-01, 
 2DIAGNOSTIC,    10, -5.317275837760e-01, 3.520318060910e-04, 7.2081e+00, 2.6987e-01, 
 2DIAGNOSTIC,    11, -5.323388989498e-01, 3.502852653835e-04, 7.5214e+00, 3.1336e-01, 
 2DIAGNOSTIC,    12, -5.327451862071e-01, 3.483463573680e-04, 7.8992e+00, 3.7781e-01, 
 2DIAGNOSTIC,    13, -5.328247986824e-01, 3.304615922775e-04, 8.2066e+00, 3.0736e-01, 
 2DIAGNOSTIC,    14, -5.330709376717e-01, 3.050980322421e-04, 8.8354e+00, 6.2878e-01, 
 2DIAGNOSTIC,    15, -5.330661100929e-01, 2.615389957794e-04, 9.2135e+00, 3.7809e-01, 
 2DIAGNOSTIC,    16, -5.330653912792e-01, 2.077974172305e-04, 9.5546e+00, 3.4115e-01, 
 2DIAGNOSTIC,    17, -5.330648429639e-01, 1.475679607282e-04, 9.9409e+00, 3.8626e-01, 
 2DIAGNOSTIC,    18, -5.330642561164e-01, 1.014157875973e-04, 1.0220e+01, 2.7917e-01, 
 2DIAGNOSTIC,    19, -5.330629499602e-01, 6.655241214682e-05, 1.0506e+01, 2.8624e-01, 
 2DIAGNOSTIC,    20, -5.330621021464e-01, 3.276632799020e-05, 1.0802e+01, 2.9604e-01, 
 2DIAGNOSTIC,    21, -5.330640225290e-01, 1.474545773986e-05, 1.1117e+01, 3.1417e-01, 
 2DIAGNOSTIC,    22, -5.330622950087e-01, 6.974976146039e-06, 1.1532e+01, 4.1542e-01, 
DIAGNOSTIC,Iteration,metricValue,convergenceValue,ITERATION_TIME_INDEX,SINCE_LAST
 2DIAGNOSTIC,     1, -4.900635035770e-01, 1.797693134862e+308, 1.4410e+01, 2.8784e+00, 
 2DIAGNOSTIC,     2, -4.902123441897e-01, 1.797693134862e+308, 1.6114e+01, 1.7036e+00, 
 2DIAGNOSTIC,     3, -4.903911241709e-01, 1.797693134862e+308, 1.7819e+01, 1.7049e+00, 
 2DIAGNOSTIC,     4, -4.906915990887e-01, 1.797693134862e+308, 1.9981e+01, 2.1617e+00, 
 2DIAGNOSTIC,     5, -4.908004108059e-01, 1.797693134862e+308, 2.2914e+01, 2.9338e+00, 
 2DIAGNOSTIC,     6, -4.907999284293e-01, 1.797693134862e+308, 2.6157e+01, 3.2422e+00, 
 2DIAGNOSTIC,     7, -4.907998920148e-01, 1.797693134862e+308, 2.8020e+01, 1.8634e+00, 
 2DIAGNOSTIC,     8, -4.907999435020e-01, 1.797693134862e+308, 3.0137e+01, 2.1173e+00, 
 2DIAGNOSTIC,     9, -4.907999069300e-01, 1.797693134862e+308, 3.1996e+01, 1.8587e+00, 
 2DIAGNOSTIC,    10, -4.907999713853e-01, 9.513219929984e-05, 3.4000e+01, 2.0039e+00, 
 2DIAGNOSTIC,    11, -4.907998159343e-01, 5.663057020436e-05, 3.5936e+01, 1.9366e+00, 
 2DIAGNOSTIC,    12, -4.907997979426e-01, 2.692695003119e-05, 3.7867e+01, 1.9310e+00, 
 2DIAGNOSTIC,    13, -4.907994673667e-01, 7.227937570478e-06, 3.9807e+01, 1.9398e+00, 
 2DIAGNOSTIC,    14, -4.907996857985e-01, 2.221330933277e-06, 4.1703e+01, 1.8957e+00, 
 2DIAGNOSTIC,    15, -4.907995738796e-01, 2.084676093056e-06, 4.3784e+01, 2.0810e+00, 
 2DIAGNOSTIC,    16, -4.907995919444e-01, 1.951790364385e-06, 4.5825e+01, 2.0409e+00, 
 2DIAGNOSTIC,    17, -4.907995516556e-01, 1.835416726180e-06, 4.7700e+01, 1.8755e+00, 
 2DIAGNOSTIC,    18, -4.907993766477e-01, 1.731460600250e-06, 4.9478e+01, 1.7781e+00, 
 2DIAGNOSTIC,    19, -4.907993429066e-01, 1.639616311909e-06, 5.1309e+01, 1.8307e+00, 
 2DIAGNOSTIC,    20, -4.907994337599e-01, 1.564643975771e-06, 5.3353e+01, 2.0442e+00, 
 2DIAGNOSTIC,    21, -4.907992552037e-01, 1.489885859955e-06, 5.5237e+01, 1.8841e+00, 
 2DIAGNOSTIC,    22, -4.907991718458e-01, 1.422057589621e-06, 5.6917e+01, 1.6797e+00, 
 2DIAGNOSTIC,    23, -4.907991066904e-01, 1.352357800855e-06, 5.8788e+01, 1.8711e+00, 
 2DIAGNOSTIC,    24, -4.907991512519e-01, 1.297749586862e-06, 6.0563e+01, 1.7751e+00, 
 2DIAGNOSTIC,    25, -4.907992265009e-01, 1.249092577746e-06, 6.2576e+01, 2.0125e+00, 
 2DIAGNOSTIC,    26, -4.907991917669e-01, 1.205990651829e-06, 6.4734e+01, 2.1585e+00, 
 2DIAGNOSTIC,    27, -4.907991572623e-01, 1.166376336695e-06, 6.6905e+01, 2.1713e+00, 
 2DIAGNOSTIC,    28, -4.907990773840e-01, 1.125490685837e-06, 6.8812e+01, 1.9062e+00, 
 2DIAGNOSTIC,    29, -4.907988839604e-01, 1.083789959395e-06, 7.0738e+01, 1.9264e+00, 
 2DIAGNOSTIC,    30, -4.907989010011e-01, 1.048315923041e-06, 7.2641e+01, 1.9032e+00, 
 2DIAGNOSTIC,    31, -4.907988080762e-01, 1.011183493597e-06, 7.4532e+01, 1.8902e+00, 
  Elapsed time (stage 0): 7.5763e+01


Total elapsed time: 7.5766e+01
Info [verificarlo]: loaded backend libinterflop_ieee.so
Info [interflop-ieee]: load backend with:
Info [interflop-ieee]: debug = false
Info [interflop-ieee]: debug-binary = false
Info [interflop-ieee]: no-backend-name = false
Info [interflop-ieee]: print-new-line = false
Info [interflop-ieee]: print-subnormal-normalized = false
Info [interflop-ieee]: count-op = false
All_Command_lines_OK
Using double precision for computations.
=============================================================================
The composite transform comprises the following transforms (in order): 
  1. /home/mdugre/scratch/mri-registration-rp/datasets/ds004513/derivatives/mri-registration-rp/0100/antsRegistration-r7-p7/sub-s003/affine_Composite.h5[0] (type = Euler3DTransform)
  2. /home/mdugre/scratch/mri-registration-rp/datasets/ds004513/derivatives/mri-registration-rp/0100/antsRegistration-r7-p7/sub-s003/affine_Composite.h5[1] (type = Euler3DTransform)
  3. /home/mdugre/scratch/mri-registration-rp/datasets/ds004513/derivatives/mri-registration-rp/0100/antsRegistration-r7-p7/sub-s003/affine_Composite.h5[2] (type = Euler3DTransform)
  4. /home/mdugre/scratch/mri-registration-rp/datasets/ds004513/derivatives/mri-registration-rp/0100/antsRegistration-r7-p7/sub-s003/affine_Composite.h5[3] (type = AffineTransform)
=============================================================================
  number of levels = 4
  fixed image: /templateflow/tpl-MNI152NLin2009cAsym/tpl-MNI152NLin2009cAsym_res-01_desc-brain_T1w.nii.gz
  moving image: /home/mdugre/scratch/mri-registration-rp/datasets/ds004513/derivatives/mri-registration-rp/antsBrainExtraction/sub-s003/BrainExtractionBrain.nii.gz
Dimension = 3
Number of stages = 1
Use histogram matching = false
Winsorize image intensities = true
  Lower quantile = 0.005
  Upper quantile = 0.995


Stage 1 State
   Image metric = CC
     Fixed image = Image (0x3d5ea40)
  RTTI typeinfo:   itk::Image<double, 3u>
  Reference Count: 2
  Modified Time: 1608
  Debug: Off
  Object Name: 
  Observers: 
    none
  Source: (none)
  Source output name: (none)
  Release Data: Off
  Data Released: False
  Global Release Data: Off
  PipelineMTime: 0
  UpdateMTime: 1217
  RealTimeStamp: 0 seconds 
  LargestPossibleRegion: 
    Dimension: 3
    Index: [0, 0, 0]
    Size: [193, 229, 193]
  BufferedRegion: 
    Dimension: 3
    Index: [0, 0, 0]
    Size: [193, 229, 193]
  RequestedRegion: 
    Dimension: 3
    Index: [0, 0, 0]
    Size: [193, 229, 193]
  Spacing: [1, 1, 1]
  Origin: [96, 132, -78]
  Direction: 
-1 0 0
0 -1 0
0 0 1

  IndexToPointMatrix: 
-1 0 0
0 -1 0
0 0 1

  PointToIndexMatrix: 
-1 0 0
0 -1 0
0 0 1

  Inverse Direction: 
-1 0 0
0 -1 0
0 0 1

  PixelContainer: 
    ImportImageContainer (0x3e2cc30)
      RTTI typeinfo:   itk::ImportImageContainer<unsigned long, double>
      Reference Count: 1
      Modified Time: 1214
      Debug: Off
      Object Name: 
      Observers: 
        none
      Pointer: 0x14b45110b010
      Container manages memory: true
      Size: 8530021
      Capacity: 8530021

     Moving image = Image (0x3e35b70)
  RTTI typeinfo:   itk::Image<double, 3u>
  Reference Count: 2
  Modified Time: 1609
  Debug: Off
  Object Name: 
  Observers: 
    none
  Source: (none)
  Source output name: (none)
  Release Data: Off
  Data Released: False
  Global Release Data: Off
  PipelineMTime: 0
  UpdateMTime: 1606
  RealTimeStamp: 0 seconds 
  LargestPossibleRegion: 
    Dimension: 3
    Index: [0, 0, 0]
    Size: [176, 240, 256]
  BufferedRegion: 
    Dimension: 3
    Index: [0, 0, 0]
    Size: [176, 240, 256]
  RequestedRegion: 
    Dimension: 3
    Index: [0, 0, 0]
    Size: [176, 240, 256]
  Spacing: [0.999999, 1, 1]
  Origin: [93.3499, 86.9368, -128.957]
  Direction: 
-0.999513 -0.0279216 -0.0139567
0.0279189 -0.99961 0.000389866
-0.0139622 2.01492e-08 0.999903

  IndexToPointMatrix: 
-0.999512 -0.0279216 -0.0139567
0.0279189 -0.99961 0.000389866
-0.0139621 2.01492e-08 0.999903

  PointToIndexMatrix: 
-0.999514 0.0279189 -0.0139622
-0.0279216 -0.99961 2.01716e-08
-0.0139567 0.000389866 0.999903

  Inverse Direction: 
-0.999513 0.0279189 -0.0139622
-0.0279216 -0.99961 2.01716e-08
-0.0139567 0.000389866 0.999903

  PixelContainer: 
    ImportImageContainer (0x3e565d0)
      RTTI typeinfo:   itk::ImportImageContainer<unsigned long, double>
      Reference Count: 1
      Modified Time: 1603
      Debug: Off
      Object Name: 
      Observers: 
        none
      Pointer: 0x14b44be8a010
      Container manages memory: true
      Size: 10813440
      Capacity: 10813440

     Weighting = 1
     Sampling strategy = none
     Number of bins = 32
     Radius = 4
     Sampling percentage  = 1
   Transform = SyN
     Gradient step = 0.1
     Update field sigma (voxel space) = 3
     Total field sigma (voxel space) = 0
     Update field time sigma = 0
     Total field time sigma  = 0
     Number of time indices = 0
     Number of time point samples = 0
Registration using 1 total stages.

Stage 0
  iterations = 100x70x50x20
  convergence threshold = 1e-06
  convergence window size = 10
  number of levels = 4
  using the CC metric (radius = 4, weight = 1, use gradient filter = 0)
  preprocessing:  winsorizing the image intensities
  Shrink factors (level 1 out of 4): [8, 8, 8]
  Shrink factors (level 2 out of 4): [4, 4, 4]
  Shrink factors (level 3 out of 4): [2, 2, 2]
  Shrink factors (level 4 out of 4): [1, 1, 1]
  smoothing sigmas per level: [3, 2, 1, 0]
  Using default NONE metricSamplingStrategy 

*** Running SyN registration (varianceForUpdateField = 3, varianceForTotalField = 0) ***

XXDIAGNOSTIC,Iteration,metricValue,convergenceValue,ITERATION_TIME_INDEX,SINCE_LAST
 1DIAGNOSTIC,     1, -8.482733036861e-01, 1.797693134862e+308, 1.0617e+00, 1.0617e+00, 
 1DIAGNOSTIC,     2, -8.637775571714e-01, 1.797693134862e+308, 1.4229e+00, 3.6123e-01, 
 1DIAGNOSTIC,     3, -8.780728847726e-01, 1.797693134862e+308, 1.7672e+00, 3.4426e-01, 
 1DIAGNOSTIC,     4, -8.901872714753e-01, 1.797693134862e+308, 2.1068e+00, 3.3957e-01, 
 1DIAGNOSTIC,     5, -8.991722107915e-01, 1.797693134862e+308, 2.4375e+00, 3.3076e-01, 
 1DIAGNOSTIC,     6, -9.067363825830e-01, 1.797693134862e+308, 2.7758e+00, 3.3832e-01, 
 1DIAGNOSTIC,     7, -9.128612664609e-01, 1.797693134862e+308, 3.1156e+00, 3.3974e-01, 
 1DIAGNOSTIC,     8, -9.185099208804e-01, 1.797693134862e+308, 3.4584e+00, 3.4280e-01, 
 1DIAGNOSTIC,     9, -9.230866979920e-01, 1.797693134862e+308, 3.8069e+00, 3.4853e-01, 
 1DIAGNOSTIC,    10, -9.267791191838e-01, 5.408357130749e-03, 4.1394e+00, 3.3246e-01, 
 1DIAGNOSTIC,    11, -9.295250362795e-01, 4.064514729814e-03, 4.5322e+00, 3.9286e-01, 
 1DIAGNOSTIC,    12, -9.317501225384e-01, 3.047012769573e-03, 4.8782e+00, 3.4601e-01, 
 1DIAGNOSTIC,    13, -9.336391375080e-01, 2.301945233182e-03, 5.2318e+00, 3.5356e-01, 
 1DIAGNOSTIC,    14, -9.353004326768e-01, 1.762615263044e-03, 5.6140e+00, 3.8221e-01, 
 1DIAGNOSTIC,    15, -9.366984122648e-01, 1.350539332927e-03, 5.9575e+00, 3.4352e-01, 
 1DIAGNOSTIC,    16, -9.381642269947e-01, 1.042289059089e-03, 6.3032e+00, 3.4564e-01, 
 1DIAGNOSTIC,    17, -9.395250274197e-01, 8.109979598059e-04, 6.6471e+00, 3.4389e-01, 
