
##########################
# Experiment information #
##########################

EXPERIMENT_NAME: antsRegistration-r7-p9
VFC_BACKENDS: libinterflop_vprec.so --range-binary32=7 --precision-binary32=9 --range-binary64=7 --precision-binary64=9

SIF_IMG: /home/mdugre/projects/rrg-glatard/mdugre/containers/ants-vprec-no_metrics.simg

SUBJECT_ID: s032
INPUT_IMG: /home/mdugre/scratch/mri-registration-rp/datasets/ds004513/derivatives/mri-registration-rp/antsBrainExtraction/sub-s032/BrainExtractionBrain.nii.gz
OUTPUT_DIR: /home/mdugre/scratch/mri-registration-rp/datasets/ds004513/derivatives/mri-registration-rp/0100/antsRegistration-r7-p9/sub-s032

FIXED_IMG: /templateflow/tpl-MNI152NLin2009cAsym/tpl-MNI152NLin2009cAsym_res-01_desc-brain_T1w.nii.gz
DATA_DIR: /home/mdugre/scratch/mri-registration-rp/datasets/ds004513
TEMPLATEFLOW_DIR: /home/mdugre/projects/rrg-glatard/mdugre/templateflow
ITK_GLOBAL_DEFAULT_NUMBER_OF_THREADS: 16
##########################

Info [verificarlo]: loaded backend libinterflop_ieee.so
Info [interflop-ieee]: load backend with:
Info [interflop-ieee]: debug = false
Info [interflop-ieee]: debug-binary = false
Info [interflop-ieee]: no-backend-name = false
Info [interflop-ieee]: print-new-line = false
Info [interflop-ieee]: print-subnormal-normalized = false
Info [interflop-ieee]: count-op = false
All_Command_lines_OK
Using double precision for computations.
=============================================================================
The composite transform comprises the following transforms (in order): 
  1. Center of mass alignment using fixed image: /templateflow/tpl-MNI152NLin2009cAsym/tpl-MNI152NLin2009cAsym_res-01_desc-brain_T1w.nii.gz and moving image: /home/mdugre/scratch/mri-registration-rp/datasets/ds004513/derivatives/mri-registration-rp/antsBrainExtraction/sub-s032/BrainExtractionBrain.nii.gz (type = Euler3DTransform)
=============================================================================
  number of levels = 1
  fixed image: /templateflow/tpl-MNI152NLin2009cAsym/tpl-MNI152NLin2009cAsym_res-01_desc-brain_T1w.nii.gz
  moving image: /home/mdugre/scratch/mri-registration-rp/datasets/ds004513/derivatives/mri-registration-rp/antsBrainExtraction/sub-s032/BrainExtractionBrain.nii.gz
Dimension = 3
Number of stages = 1
Use histogram matching = false
Winsorize image intensities = true
  Lower quantile = 0.005
  Upper quantile = 0.995


Stage 1 State
   Image metric = MattesMI
     Fixed image = Image (0x417dbd0)
  RTTI typeinfo:   itk::Image<double, 3u>
  Reference Count: 2
  Modified Time: 2330
  Debug: Off
  Object Name: 
  Observers: 
    none
  Source: (none)
  Source output name: (none)
  Release Data: Off
  Data Released: False
  Global Release Data: Off
  PipelineMTime: 0
  UpdateMTime: 1941
  RealTimeStamp: 0 seconds 
  LargestPossibleRegion: 
    Dimension: 3
    Index: [0, 0, 0]
    Size: [193, 229, 193]
  BufferedRegion: 
    Dimension: 3
    Index: [0, 0, 0]
    Size: [193, 229, 193]
  RequestedRegion: 
    Dimension: 3
    Index: [0, 0, 0]
    Size: [193, 229, 193]
  Spacing: [1, 1, 1]
  Origin: [96, 132, -78]
  Direction: 
-1 0 0
0 -1 0
0 0 1

  IndexToPointMatrix: 
-1 0 0
0 -1 0
0 0 1

  PointToIndexMatrix: 
-1 0 0
0 -1 0
0 0 1

  Inverse Direction: 
-1 0 0
0 -1 0
0 0 1

  PixelContainer: 
    ImportImageContainer (0x41869e0)
      RTTI typeinfo:   itk::ImportImageContainer<unsigned long, double>
      Reference Count: 1
      Modified Time: 1938
      Debug: Off
      Object Name: 
      Observers: 
        none
      Pointer: 0x14cb3205e010
      Container manages memory: true
      Size: 8530021
      Capacity: 8530021

     Moving image = Image (0x4187d40)
  RTTI typeinfo:   itk::Image<double, 3u>
  Reference Count: 2
  Modified Time: 2331
  Debug: Off
  Object Name: 
  Observers: 
    none
  Source: (none)
  Source output name: (none)
  Release Data: Off
  Data Released: False
  Global Release Data: Off
  PipelineMTime: 0
  UpdateMTime: 2328
  RealTimeStamp: 0 seconds 
  LargestPossibleRegion: 
    Dimension: 3
    Index: [0, 0, 0]
    Size: [160, 240, 256]
  BufferedRegion: 
    Dimension: 3
    Index: [0, 0, 0]
    Size: [160, 240, 256]
  RequestedRegion: 
    Dimension: 3
    Index: [0, 0, 0]
    Size: [160, 240, 256]
  Spacing: [1, 1, 1]
  Origin: [73.279, 104.707, -131.187]
  Direction: 
-0.997527 0.0645574 -0.0278053
-0.0645323 -0.997914 -0.00179875
-0.0278634 4.01097e-08 0.999612

  IndexToPointMatrix: 
-0.997527 0.0645574 -0.0278053
-0.0645323 -0.997914 -0.00179875
-0.0278634 4.01097e-08 0.999612

  PointToIndexMatrix: 
-0.997527 -0.0645323 -0.0278634
0.0645574 -0.997914 4.01049e-08
-0.0278053 -0.00179875 0.999612

  Inverse Direction: 
-0.997527 -0.0645323 -0.0278634
0.0645574 -0.997914 4.01049e-08
-0.0278053 -0.00179875 0.999612

  PixelContainer: 
    ImportImageContainer (0x41ad850)
      RTTI typeinfo:   itk::ImportImageContainer<unsigned long, double>
      Reference Count: 1
      Modified Time: 2325
      Debug: Off
      Object Name: 
      Observers: 
        none
      Pointer: 0x14cb2d55d010
      Container manages memory: true
      Size: 9830400
      Capacity: 9830400

     Weighting = 1
     Sampling strategy = regular
     Number of bins = 32
     Radius = 4
     Sampling percentage  = 0.25
   Transform = Rigid
     Gradient step = 0.1
     Update field sigma (voxel space) = 0
     Total field sigma (voxel space) = 0
     Update field time sigma = 0
     Total field time sigma  = 0
     Number of time indices = 0
     Number of time point samples = 0
Registration using 1 total stages.

Stage 0
  iterations = 0
  convergence threshold = 1e-06
  convergence window size = 10
  number of levels = 1
  using the Mattes MI metric (number of bins = 32, weight = 1, use gradient filter = 0)
  preprocessing:  winsorizing the image intensities
  Shrink factors (level 1 out of 1): [1, 1, 1]
  smoothing sigmas per level: [0]
  regular sampling (percentage = 0.25)

*** Running Euler3DTransform registration ***

  Elapsed time (stage 0): 1.112


Total elapsed time: 1.11423
Info [verificarlo]: loaded backend libinterflop_vprec.so
Info [interflop-vprec]: load backend with: 
Info [interflop-vprec]: precision-binary32 = 9
Info [interflop-vprec]: range-binary32 = 7
Info [interflop-vprec]: precision-binary64 = 9
Info [interflop-vprec]: range-binary64 = 7
Info [interflop-vprec]: mode = ob
Info [interflop-vprec]: error-mode = rel
Info [interflop-vprec]: max-abs-error-exponent = -1022
Info [interflop-vprec]: daz = false
Info [interflop-vprec]: ftz = false
Info [interflop-vprec]: 	instrument = none
Info [interflop-vprec]: 	prec-input-file = (null)
Info [interflop-vprec]: 	prec-output-file = (null)
Info [interflop-vprec]: 	prec-log-file = (null)
All_Command_lines_OK
Using double precision for computations.
=============================================================================
The composite transform comprises the following transforms (in order): 
  1. /home/mdugre/scratch/mri-registration-rp/datasets/ds004513/derivatives/mri-registration-rp/0100/antsRegistration-r7-p9/sub-s032/align_Composite.h5[0] (type = Euler3DTransform)
  2. /home/mdugre/scratch/mri-registration-rp/datasets/ds004513/derivatives/mri-registration-rp/0100/antsRegistration-r7-p9/sub-s032/align_Composite.h5[1] (type = Euler3DTransform)
=============================================================================
  number of levels = 4
  fixed image: /templateflow/tpl-MNI152NLin2009cAsym/tpl-MNI152NLin2009cAsym_res-01_desc-brain_T1w.nii.gz
  moving image: /home/mdugre/scratch/mri-registration-rp/datasets/ds004513/derivatives/mri-registration-rp/antsBrainExtraction/sub-s032/BrainExtractionBrain.nii.gz
Dimension = 3
Number of stages = 1
Use histogram matching = false
Winsorize image intensities = true
  Lower quantile = 0.005
  Upper quantile = 0.995


Stage 1 State
   Image metric = MattesMI
     Fixed image = Image (0x52311e0)
  RTTI typeinfo:   itk::Image<double, 3u>
  Reference Count: 2
  Modified Time: 1578
  Debug: Off
  Object Name: 
  Observers: 
    none
  Source: (none)
  Source output name: (none)
  Release Data: Off
  Data Released: False
  Global Release Data: Off
  PipelineMTime: 0
  UpdateMTime: 1189
  RealTimeStamp: 0 seconds 
  LargestPossibleRegion: 
    Dimension: 3
    Index: [0, 0, 0]
    Size: [193, 229, 193]
  BufferedRegion: 
    Dimension: 3
    Index: [0, 0, 0]
    Size: [193, 229, 193]
  RequestedRegion: 
    Dimension: 3
    Index: [0, 0, 0]
    Size: [193, 229, 193]
  Spacing: [1, 1, 1]
  Origin: [96, 132, -78]
  Direction: 
-1 0 0
0 -1 0
0 0 1

  IndexToPointMatrix: 
-1 0 0
0 -1 0
0 0 1

  PointToIndexMatrix: 
-1 0 0
0 -1 0
0 0 1

  Inverse Direction: 
-1 0 0
0 -1 0
0 0 1

  PixelContainer: 
    ImportImageContainer (0x52f0680)
      RTTI typeinfo:   itk::ImportImageContainer<unsigned long, double>
      Reference Count: 1
      Modified Time: 1186
      Debug: Off
      Object Name: 
      Observers: 
        none
      Pointer: 0x1493fd73e010
      Container manages memory: true
      Size: 8530021
      Capacity: 8530021

     Moving image = Image (0x52ecb20)
  RTTI typeinfo:   itk::Image<double, 3u>
  Reference Count: 2
  Modified Time: 1579
  Debug: Off
  Object Name: 
  Observers: 
    none
  Source: (none)
  Source output name: (none)
  Release Data: Off
  Data Released: False
  Global Release Data: Off
  PipelineMTime: 0
  UpdateMTime: 1576
  RealTimeStamp: 0 seconds 
  LargestPossibleRegion: 
    Dimension: 3
    Index: [0, 0, 0]
    Size: [160, 240, 256]
  BufferedRegion: 
    Dimension: 3
    Index: [0, 0, 0]
    Size: [160, 240, 256]
  RequestedRegion: 
    Dimension: 3
    Index: [0, 0, 0]
    Size: [160, 240, 256]
  Spacing: [1, 1, 1]
  Origin: [73.25, 104.75, -131.25]
  Direction: 
-0.998047 0.0645752 -0.0278015
-0.0645752 -0.998047 -0.00179863
-0.0278625 0 1

  IndexToPointMatrix: 
-0.998047 0.0645752 -0.0278015
-0.0645752 -0.998047 -0.00179863
-0.0278625 0 1

  PointToIndexMatrix: 
-0.998047 -0.0645752 -0.0278625
0.0645752 -0.998047 1.90735e-06
-0.0278015 -0.00179672 1

  Inverse Direction: 
-0.998047 -0.0645752 -0.0278625
0.0645752 -0.998047 1.90735e-06
-0.0278015 -0.00179672 1

  PixelContainer: 
    ImportImageContainer (0x5355d50)
      RTTI typeinfo:   itk::ImportImageContainer<unsigned long, double>
      Reference Count: 1
      Modified Time: 1573
      Debug: Off
      Object Name: 
      Observers: 
        none
      Pointer: 0x1493f8c3d010
      Container manages memory: true
      Size: 9830400
      Capacity: 9830400

     Weighting = 1
     Sampling strategy = regular
     Number of bins = 32
     Radius = 4
     Sampling percentage  = 0.25
   Transform = Rigid
     Gradient step = 0.1
     Update field sigma (voxel space) = 0
     Total field sigma (voxel space) = 0
     Update field time sigma = 0
     Total field time sigma  = 0
     Number of time indices = 0
     Number of time point samples = 0
Registration using 1 total stages.

Stage 0
  iterations = 1000x500x250x100
  convergence threshold = 1e-06
  convergence window size = 10
  number of levels = 4
  using the Mattes MI metric (number of bins = 32, weight = 1, use gradient filter = 0)
  preprocessing:  winsorizing the image intensities
  Shrink factors (level 1 out of 4): [8, 8, 8]
  Shrink factors (level 2 out of 4): [4, 4, 4]
  Shrink factors (level 3 out of 4): [2, 2, 2]
  Shrink factors (level 4 out of 4): [1, 1, 1]
  smoothing sigmas per level: [3, 2, 1, 0]
  regular sampling (percentage = 0.25)

*** Running Euler3DTransform registration ***

DIAGNOSTIC,Iteration,metricValue,convergenceValue,ITERATION_TIME_INDEX,SINCE_LAST
 2DIAGNOSTIC,     1, -5.501093475119e-01, 1.797693134862e+308, 0.0000e+00, 0.0000e+00, 
 2DIAGNOSTIC,     2, -5.507363101919e-01, 1.797693134862e+308, 0.0000e+00, 0.0000e+00, 
 2DIAGNOSTIC,     3, -5.507963408775e-01, 1.797693134862e+308, 0.0000e+00, 0.0000e+00, 
 2DIAGNOSTIC,     4, -5.520405413530e-01, 1.797693134862e+308, 0.0000e+00, 0.0000e+00, 
 2DIAGNOSTIC,     5, -5.514784367056e-01, 1.797693134862e+308, 0.0000e+00, 0.0000e+00, 
 2DIAGNOSTIC,     6, -5.542268790722e-01, 1.797693134862e+308, 0.0000e+00, 0.0000e+00, 
 2DIAGNOSTIC,     7, -5.554059974567e-01, 1.797693134862e+308, 0.0000e+00, 0.0000e+00, 
 2DIAGNOSTIC,     8, -5.583659277232e-01, 1.797693134862e+308, 0.0000e+00, 0.0000e+00, 
 2DIAGNOSTIC,     9, -5.614797899731e-01, 1.797693134862e+308, 0.0000e+00, 0.0000e+00, 
 2DIAGNOSTIC,    10, -5.662099094635e-01, 1.680784029939e-03, 0.0000e+00, 0.0000e+00, 
 2DIAGNOSTIC,    11, -5.778323873311e-01, 2.346528163613e-03, 0.0000e+00, 0.0000e+00, 
 2DIAGNOSTIC,    12, -6.002590258162e-01, 3.641483779585e-03, 0.0000e+00, 0.0000e+00, 
 2DIAGNOSTIC,    13, -6.583349630639e-01, 6.580706044780e-03, 0.0000e+00, 0.0000e+00, 
 2DIAGNOSTIC,    14, -6.752627653108e-01, 9.027439636802e-03, 0.0000e+00, 0.0000e+00, 
 2DIAGNOSTIC,    15, -6.752867968901e-01, 1.027746474847e-02, 0.0000e+00, 0.0000e+00, 
 2DIAGNOSTIC,    16, -6.750482025453e-01, 1.051914747362e-02, 0.0000e+00, 0.0000e+00, 
 2DIAGNOSTIC,    17, -6.759725901432e-01, 9.817593651792e-03, 0.0000e+00, 0.0000e+00, 
 2DIAGNOSTIC,    18, -6.748921192252e-01, 8.327440333141e-03, 0.0000e+00, 0.0000e+00, 
 2DIAGNOSTIC,    19, -6.738604670951e-01, 6.296627142346e-03, 0.0000e+00, 0.0000e+00, 
 2DIAGNOSTIC,    20, -6.739591086889e-01, 4.044155907711e-03, 0.0000e+00, 0.0000e+00, 
 2DIAGNOSTIC,    21, -6.745395676216e-01, 1.932121699944e-03, 0.0000e+00, 0.0000e+00, 
 2DIAGNOSTIC,    22, -6.756101866737e-01, 3.162766919881e-04, 0.0000e+00, 0.0000e+00, 
DIAGNOSTIC,Iteration,metricValue,convergenceValue,ITERATION_TIME_INDEX,SINCE_LAST
 2DIAGNOSTIC,     1, -5.595474942492e-01, 1.797693134862e+308, 0.0000e+00, 0.0000e+00, 
 2DIAGNOSTIC,     2, -5.596184377843e-01, 1.797693134862e+308, 0.0000e+00, 0.0000e+00, 
 2DIAGNOSTIC,     3, -5.595919561492e-01, 1.797693134862e+308, 0.0000e+00, 0.0000e+00, 
 2DIAGNOSTIC,     4, -5.596838179192e-01, 1.797693134862e+308, 0.0000e+00, 0.0000e+00, 
 2DIAGNOSTIC,     5, -5.597136866781e-01, 1.797693134862e+308, 0.0000e+00, 0.0000e+00, 
 2DIAGNOSTIC,     6, -5.596861895833e-01, 1.797693134862e+308, 0.0000e+00, 0.0000e+00, 
 2DIAGNOSTIC,     7, -5.597847979518e-01, 1.797693134862e+308, 0.0000e+00, 0.0000e+00, 
 2DIAGNOSTIC,     8, -5.596920637518e-01, 1.797693134862e+308, 0.0000e+00, 0.0000e+00, 
 2DIAGNOSTIC,     9, -5.596607733213e-01, 1.797693134862e+308, 0.0000e+00, 0.0000e+00, 
 2DIAGNOSTIC,    10, -5.596662694810e-01, 1.364221921120e-05, 0.0000e+00, 0.0000e+00, 
 2DIAGNOSTIC,    11, -5.596524784628e-01, 4.109390730520e-06, 0.0000e+00, 0.0000e+00, 
DIAGNOSTIC,Iteration,metricValue,convergenceValue,ITERATION_TIME_INDEX,SINCE_LAST
 2DIAGNOSTIC,     1, -4.991917345715e-01, 1.797693134862e+308, 0.0000e+00, 0.0000e+00, 
 2DIAGNOSTIC,     2, -4.996747495973e-01, 1.797693134862e+308, 0.0000e+00, 0.0000e+00, 
 2DIAGNOSTIC,     3, -4.998650781860e-01, 1.797693134862e+308, 0.0000e+00, 0.0000e+00, 
 2DIAGNOSTIC,     4, -4.995317087255e-01, 1.797693134862e+308, 0.0000e+00, 0.0000e+00, 
 2DIAGNOSTIC,     5, -5.000247691831e-01, 1.797693134862e+308, 0.0000e+00, 0.0000e+00, 
 2DIAGNOSTIC,     6, -4.999988230834e-01, 1.797693134862e+308, 0.0000e+00, 0.0000e+00, 
 2DIAGNOSTIC,     7, -4.999928628682e-01, 1.797693134862e+308, 0.0000e+00, 0.0000e+00, 
 2DIAGNOSTIC,     8, -4.999920717968e-01, 1.797693134862e+308, 0.0000e+00, 0.0000e+00, 
 2DIAGNOSTIC,     9, -4.999889530762e-01, 1.797693134862e+308, 0.0000e+00, 0.0000e+00, 
 2DIAGNOSTIC,    10, -4.999888535330e-01, 7.800670160255e-05, 0.0000e+00, 0.0000e+00, 
 2DIAGNOSTIC,    11, -4.999808568330e-01, 3.716481846734e-05, 0.0000e+00, 0.0000e+00, 
 2DIAGNOSTIC,    12, -4.999772044430e-01, 2.248240291450e-05, 0.0000e+00, 0.0000e+00, 
 2DIAGNOSTIC,    13, -4.999762707240e-01, 1.697357874961e-05, 0.0000e+00, 0.0000e+00, 
DIAGNOSTIC,Iteration,metricValue,convergenceValue,ITERATION_TIME_INDEX,SINCE_LAST
 2DIAGNOSTIC,     1, -4.638138469959e-01, 1.797693134862e+308, 0.0000e+00, 0.0000e+00, 
 2DIAGNOSTIC,     2, -4.638348799182e-01, 1.797693134862e+308, 0.0000e+00, 0.0000e+00, 
 2DIAGNOSTIC,     3, -4.638282316276e-01, 1.797693134862e+308, 0.0000e+00, 0.0000e+00, 
 2DIAGNOSTIC,     4, -4.638240783356e-01, 1.797693134862e+308, 0.0000e+00, 0.0000e+00, 
 2DIAGNOSTIC,     5, -4.638410018014e-01, 1.797693134862e+308, 0.0000e+00, 0.0000e+00, 
 2DIAGNOSTIC,     6, -4.638581432721e-01, 1.797693134862e+308, 0.0000e+00, 0.0000e+00, 
 2DIAGNOSTIC,     7, -4.638718572615e-01, 1.797693134862e+308, 0.0000e+00, 0.0000e+00, 
 2DIAGNOSTIC,     8, -4.638616984601e-01, 1.797693134862e+308, 0.0000e+00, 0.0000e+00, 
 2DIAGNOSTIC,     9, -4.638805908405e-01, 1.797693134862e+308, 0.0000e+00, 0.0000e+00, 
 2DIAGNOSTIC,    10, -4.639089083765e-01, 1.125217598312e-05, 0.0000e+00, 0.0000e+00, 
 2DIAGNOSTIC,    11, -4.639162253048e-01, 1.133116498797e-05, 0.0000e+00, 0.0000e+00, 
 2DIAGNOSTIC,    12, -4.639379495460e-01, 1.259535503455e-05, 0.0000e+00, 0.0000e+00, 
 2DIAGNOSTIC,    13, -4.639371405574e-01, 1.220477907331e-05, 0.0000e+00, 0.0000e+00, 
 2DIAGNOSTIC,    14, -4.639319420014e-01, 1.035002653442e-05, 0.0000e+00, 0.0000e+00, 
 2DIAGNOSTIC,    15, -4.639277966861e-01, 8.295638110542e-06, 0.0000e+00, 0.0000e+00, 
 2DIAGNOSTIC,    16, -4.639226163830e-01, 6.177624922013e-06, 0.0000e+00, 0.0000e+00, 
 2DIAGNOSTIC,    17, -4.639170352052e-01, 4.055024961598e-06, 0.0000e+00, 0.0000e+00, 
 2DIAGNOSTIC,    18, -4.639222074398e-01, 1.620356275753e-06, 0.0000e+00, 0.0000e+00, 
  Elapsed time (stage 0): 0.0000e+00


Total elapsed time: 0.0000e+00
Info [verificarlo]: loaded backend libinterflop_ieee.so
Info [interflop-ieee]: load backend with:
Info [interflop-ieee]: debug = false
Info [interflop-ieee]: debug-binary = false
Info [interflop-ieee]: no-backend-name = false
Info [interflop-ieee]: print-new-line = false
Info [interflop-ieee]: print-subnormal-normalized = false
Info [interflop-ieee]: count-op = false
All_Command_lines_OK
Using double precision for computations.
=============================================================================
The composite transform comprises the following transforms (in order): 
  1. /home/mdugre/scratch/mri-registration-rp/datasets/ds004513/derivatives/mri-registration-rp/0100/antsRegistration-r7-p9/sub-s032/rigid_Composite.h5[0] (type = Euler3DTransform)
  2. /home/mdugre/scratch/mri-registration-rp/datasets/ds004513/derivatives/mri-registration-rp/0100/antsRegistration-r7-p9/sub-s032/rigid_Composite.h5[1] (type = Euler3DTransform)
  3. /home/mdugre/scratch/mri-registration-rp/datasets/ds004513/derivatives/mri-registration-rp/0100/antsRegistration-r7-p9/sub-s032/rigid_Composite.h5[2] (type = Euler3DTransform)
=============================================================================
  number of levels = 4
  fixed image: /templateflow/tpl-MNI152NLin2009cAsym/tpl-MNI152NLin2009cAsym_res-01_desc-brain_T1w.nii.gz
  moving image: /home/mdugre/scratch/mri-registration-rp/datasets/ds004513/derivatives/mri-registration-rp/antsBrainExtraction/sub-s032/BrainExtractionBrain.nii.gz
Dimension = 3
Number of stages = 1
Use histogram matching = false
Winsorize image intensities = true
  Lower quantile = 0.005
  Upper quantile = 0.995


Stage 1 State
   Image metric = MattesMI
     Fixed image = Image (0x4126530)
  RTTI typeinfo:   itk::Image<double, 3u>
  Reference Count: 2
  Modified Time: 1592
  Debug: Off
  Object Name: 
  Observers: 
    none
  Source: (none)
  Source output name: (none)
  Release Data: Off
  Data Released: False
  Global Release Data: Off
  PipelineMTime: 0
  UpdateMTime: 1203
  RealTimeStamp: 0 seconds 
  LargestPossibleRegion: 
    Dimension: 3
    Index: [0, 0, 0]
    Size: [193, 229, 193]
  BufferedRegion: 
    Dimension: 3
    Index: [0, 0, 0]
    Size: [193, 229, 193]
  RequestedRegion: 
    Dimension: 3
    Index: [0, 0, 0]
    Size: [193, 229, 193]
  Spacing: [1, 1, 1]
  Origin: [96, 132, -78]
  Direction: 
-1 0 0
0 -1 0
0 0 1

  IndexToPointMatrix: 
-1 0 0
0 -1 0
0 0 1

  PointToIndexMatrix: 
-1 0 0
0 -1 0
0 0 1

  Inverse Direction: 
-1 0 0
0 -1 0
0 0 1

  PixelContainer: 
    ImportImageContainer (0x41332b0)
      RTTI typeinfo:   itk::ImportImageContainer<unsigned long, double>
      Reference Count: 1
      Modified Time: 1200
      Debug: Off
      Object Name: 
      Observers: 
        none
      Pointer: 0x146bf5b2d010
      Container manages memory: true
      Size: 8530021
      Capacity: 8530021

     Moving image = Image (0x41e1fd0)
  RTTI typeinfo:   itk::Image<double, 3u>
  Reference Count: 2
  Modified Time: 1593
  Debug: Off
  Object Name: 
  Observers: 
    none
  Source: (none)
  Source output name: (none)
  Release Data: Off
  Data Released: False
  Global Release Data: Off
  PipelineMTime: 0
  UpdateMTime: 1590
  RealTimeStamp: 0 seconds 
  LargestPossibleRegion: 
    Dimension: 3
    Index: [0, 0, 0]
    Size: [160, 240, 256]
  BufferedRegion: 
    Dimension: 3
    Index: [0, 0, 0]
    Size: [160, 240, 256]
  RequestedRegion: 
    Dimension: 3
    Index: [0, 0, 0]
    Size: [160, 240, 256]
  Spacing: [1, 1, 1]
  Origin: [73.279, 104.707, -131.187]
  Direction: 
-0.997527 0.0645574 -0.0278053
-0.0645323 -0.997914 -0.00179875
-0.0278634 4.01097e-08 0.999612

  IndexToPointMatrix: 
-0.997527 0.0645574 -0.0278053
-0.0645323 -0.997914 -0.00179875
-0.0278634 4.01097e-08 0.999612

  PointToIndexMatrix: 
-0.997527 -0.0645323 -0.0278634
0.0645574 -0.997914 4.01049e-08
-0.0278053 -0.00179875 0.999612

  Inverse Direction: 
-0.997527 -0.0645323 -0.0278634
0.0645574 -0.997914 4.01049e-08
-0.0278053 -0.00179875 0.999612

  PixelContainer: 
    ImportImageContainer (0x41f9990)
      RTTI typeinfo:   itk::ImportImageContainer<unsigned long, double>
      Reference Count: 1
      Modified Time: 1587
      Debug: Off
      Object Name: 
      Observers: 
        none
      Pointer: 0x146bf102c010
      Container manages memory: true
      Size: 9830400
      Capacity: 9830400

     Weighting = 1
     Sampling strategy = regular
     Number of bins = 32
     Radius = 4
     Sampling percentage  = 0.25
   Transform = Affine
     Gradient step = 0.1
     Update field sigma (voxel space) = 0
     Total field sigma (voxel space) = 0
     Update field time sigma = 0
     Total field time sigma  = 0
     Number of time indices = 0
     Number of time point samples = 0
Registration using 1 total stages.

Stage 0
  iterations = 1000x500x250x100
  convergence threshold = 1e-06
  convergence window size = 10
  number of levels = 4
  using the Mattes MI metric (number of bins = 32, weight = 1, use gradient filter = 0)
  preprocessing:  winsorizing the image intensities
  Shrink factors (level 1 out of 4): [8, 8, 8]
  Shrink factors (level 2 out of 4): [4, 4, 4]
  Shrink factors (level 3 out of 4): [2, 2, 2]
  Shrink factors (level 4 out of 4): [1, 1, 1]
  smoothing sigmas per level: [3, 2, 1, 0]
  regular sampling (percentage = 0.25)

*** Running AffineTransform registration ***

DIAGNOSTIC,Iteration,metricValue,convergenceValue,ITERATION_TIME_INDEX,SINCE_LAST
 2DIAGNOSTIC,     1, -6.826798144973e-01, 1.797693134862e+308, 1.0534e+00, 1.0534e+00, 
 2DIAGNOSTIC,     2, -6.842147864350e-01, 1.797693134862e+308, 1.0588e+00, 5.4102e-03, 
 2DIAGNOSTIC,     3, -6.866221533736e-01, 1.797693134862e+308, 1.0638e+00, 4.9732e-03, 
 2DIAGNOSTIC,     4, -6.909978585484e-01, 1.797693134862e+308, 1.0692e+00, 5.4860e-03, 
 2DIAGNOSTIC,     5, -6.971081760683e-01, 1.797693134862e+308, 1.0743e+00, 5.0361e-03, 
 2DIAGNOSTIC,     6, -7.071761608119e-01, 1.797693134862e+308, 1.0800e+00, 5.7101e-03, 
 2DIAGNOSTIC,     7, -7.193292523103e-01, 1.797693134862e+308, 1.0882e+00, 8.1871e-03, 
 2DIAGNOSTIC,     8, -7.200518052005e-01, 1.797693134862e+308, 1.0930e+00, 4.8108e-03, 
 2DIAGNOSTIC,     9, -7.225155955408e-01, 1.797693134862e+308, 1.0982e+00, 5.1820e-03, 
 2DIAGNOSTIC,    10, -7.239315858138e-01, 4.571491587074e-03, 1.1032e+00, 5.0199e-03, 
 2DIAGNOSTIC,    11, -7.259515662939e-01, 4.001293340385e-03, 1.1086e+00, 5.4119e-03, 
 2DIAGNOSTIC,    12, -7.280828118628e-01, 3.287507013686e-03, 1.1145e+00, 5.9290e-03, 
 2DIAGNOSTIC,    13, -7.294966948759e-01, 2.508995659363e-03, 1.1199e+00, 5.3351e-03, 
 2DIAGNOSTIC,    14, -7.322709384034e-01, 1.824466163622e-03, 1.1269e+00, 7.0238e-03, 
 2DIAGNOSTIC,    15, -7.337026243411e-01, 1.262961537284e-03, 1.1351e+00, 8.2500e-03, 
 2DIAGNOSTIC,    16, -7.338220597864e-01, 9.035421638889e-04, 1.1401e+00, 4.9829e-03, 
 2DIAGNOSTIC,    17, -7.342408878887e-01, 7.996740619993e-04, 1.1451e+00, 4.9639e-03, 
 2DIAGNOSTIC,    18, -7.349018087376e-01, 6.634276318435e-04, 1.1499e+00, 4.8571e-03, 
 2DIAGNOSTIC,    19, -7.355004757891e-01, 5.434664951630e-04, 1.1553e+00, 5.3172e-03, 
 2DIAGNOSTIC,    20, -7.359450751639e-01, 4.214133502988e-04, 1.1608e+00, 5.5361e-03, 
 2DIAGNOSTIC,    21, -7.359639981981e-01, 3.105444270612e-04, 1.1669e+00, 6.1362e-03, 
 2DIAGNOSTIC,    22, -7.361621097557e-01, 2.233557106164e-04, 1.1751e+00, 8.1689e-03, 
 2DIAGNOSTIC,    23, -7.360863439813e-01, 1.448724000609e-04, 1.1801e+00, 4.9980e-03, 
 2DIAGNOSTIC,    24, -7.361972141339e-01, 1.063273385509e-04, 1.1850e+00, 4.9069e-03, 
 2DIAGNOSTIC,    25, -7.363277590931e-01, 8.571923075090e-05, 1.1902e+00, 5.2180e-03, 
 2DIAGNOSTIC,    26, -7.364011734861e-01, 6.170280065745e-05, 1.1954e+00, 5.1682e-03, 
 2DIAGNOSTIC,    27, -7.365528086935e-01, 4.202554303247e-05, 1.2002e+00, 4.7889e-03, 
 2DIAGNOSTIC,    28, -7.366945278719e-01, 3.101886398815e-05, 1.2049e+00, 4.7522e-03, 
 2DIAGNOSTIC,    29, -7.367148892375e-01, 2.618217719982e-05, 1.2103e+00, 5.3771e-03, 
 2DIAGNOSTIC,    30, -7.367763604758e-01, 2.594328366152e-05, 1.2188e+00, 8.4898e-03, 
 2DIAGNOSTIC,    31, -7.367659029398e-01, 2.339526899908e-05, 1.2237e+00, 4.8602e-03, 
 2DIAGNOSTIC,    32, -7.367747224184e-01, 2.147228426354e-05, 1.2284e+00, 4.7851e-03, 
 2DIAGNOSTIC,    33, -7.367881649199e-01, 1.695419312304e-05, 1.2370e+00, 8.5900e-03, 
 2DIAGNOSTIC,    34, -7.368051609330e-01, 1.264077475410e-05, 1.2435e+00, 6.5000e-03, 
 2DIAGNOSTIC,    35, -7.367248602738e-01, 8.038029099409e-06, 1.2492e+00, 5.6400e-03, 
 2DIAGNOSTIC,    36, -7.367397806912e-01, 3.982137795431e-06, 1.2540e+00, 4.8630e-03, 
DIAGNOSTIC,Iteration,metricValue,convergenceValue,ITERATION_TIME_INDEX,SINCE_LAST
 2DIAGNOSTIC,     1, -5.972135836172e-01, 1.797693134862e+308, 2.0272e+00, 7.7320e-01, 
 2DIAGNOSTIC,     2, -5.976617658491e-01, 1.797693134862e+308, 2.0641e+00, 3.6859e-02, 
 2DIAGNOSTIC,     3, -5.981397159683e-01, 1.797693134862e+308, 2.0967e+00, 3.2658e-02, 
 2DIAGNOSTIC,     4, -5.988292206805e-01, 1.797693134862e+308, 2.1297e+00, 3.2975e-02, 
 2DIAGNOSTIC,     5, -5.998053324762e-01, 1.797693134862e+308, 2.1626e+00, 3.2901e-02, 
 2DIAGNOSTIC,     6, -6.007499056550e-01, 1.797693134862e+308, 2.1996e+00, 3.6954e-02, 
 2DIAGNOSTIC,     7, -6.029726414713e-01, 1.797693134862e+308, 2.2677e+00, 6.8148e-02, 
 2DIAGNOSTIC,     8, -6.029535813025e-01, 1.797693134862e+308, 2.3013e+00, 3.3587e-02, 
 2DIAGNOSTIC,     9, -6.030361486239e-01, 1.797693134862e+308, 2.3348e+00, 3.3505e-02, 
 2DIAGNOSTIC,    10, -6.032104602200e-01, 7.681737501779e-04, 2.3686e+00, 3.3823e-02, 
 2DIAGNOSTIC,    11, -6.034380295588e-01, 6.479112991956e-04, 2.4032e+00, 3.4554e-02, 
 2DIAGNOSTIC,    12, -6.036604037412e-01, 5.150540740428e-04, 2.4367e+00, 3.3482e-02, 
 2DIAGNOSTIC,    13, -6.039122252908e-01, 3.829355334457e-04, 2.4713e+00, 3.4631e-02, 
 2DIAGNOSTIC,    14, -6.046859344335e-01, 2.851573408594e-04, 2.5077e+00, 3.6360e-02, 
 2DIAGNOSTIC,    15, -6.050041388093e-01, 2.147829035108e-04, 2.5440e+00, 3.6371e-02, 
 2DIAGNOSTIC,    16, -6.052572922842e-01, 1.672215242783e-04, 2.5884e+00, 4.4325e-02, 
 2DIAGNOSTIC,    17, -6.054508257700e-01, 1.773896479526e-04, 2.6255e+00, 3.7167e-02, 
 2DIAGNOSTIC,    18, -6.057079445735e-01, 1.764010915550e-04, 2.6629e+00, 3.7384e-02, 
 2DIAGNOSTIC,    19, -6.059853762840e-01, 1.679081025958e-04, 2.7205e+00, 5.7565e-02, 
 2DIAGNOSTIC,    20, -6.059927558280e-01, 1.488599832078e-04, 2.7588e+00, 3.8317e-02, 
 2DIAGNOSTIC,    21, -6.059856394018e-01, 1.231034292409e-04, 2.7993e+00, 4.0462e-02, 
 2DIAGNOSTIC,    22, -6.059636416275e-01, 9.279239077691e-05, 2.8369e+00, 3.7656e-02, 
 2DIAGNOSTIC,    23, -6.059440948359e-01, 6.094156491588e-05, 2.8750e+00, 3.8070e-02, 
 2DIAGNOSTIC,    24, -6.059242399585e-01, 4.080961383641e-05, 2.9117e+00, 3.6690e-02, 
 2DIAGNOSTIC,    25, -6.059056544637e-01, 2.419851647292e-05, 2.9476e+00, 3.5975e-02, 
 2DIAGNOSTIC,    26, -6.058998879348e-01, 1.123671398071e-05, 2.9800e+00, 3.2339e-02, 
 2DIAGNOSTIC,    27, -6.058924868356e-01, 1.476054437427e-06, 3.0152e+00, 3.5204e-02, 
DIAGNOSTIC,Iteration,metricValue,convergenceValue,ITERATION_TIME_INDEX,SINCE_LAST
 2DIAGNOSTIC,     1, -5.397465978093e-01, 1.797693134862e+308, 4.1071e+00, 1.0919e+00, 
 2DIAGNOSTIC,     2, -5.402116416467e-01, 1.797693134862e+308, 4.3542e+00, 2.4715e-01, 
 2DIAGNOSTIC,     3, -5.408865372513e-01, 1.797693134862e+308, 4.6006e+00, 2.4639e-01, 
 2DIAGNOSTIC,     4, -5.417512685939e-01, 1.797693134862e+308, 4.8585e+00, 2.5791e-01, 
 2DIAGNOSTIC,     5, -5.431024125098e-01, 1.797693134862e+308, 5.1255e+00, 2.6697e-01, 
 2DIAGNOSTIC,     6, -5.448465302728e-01, 1.797693134862e+308, 5.5117e+00, 3.8618e-01, 
 2DIAGNOSTIC,     7, -5.449627742758e-01, 1.797693134862e+308, 5.8959e+00, 3.8424e-01, 
 2DIAGNOSTIC,     8, -5.449554432886e-01, 1.797693134862e+308, 6.2790e+00, 3.8312e-01, 
 2DIAGNOSTIC,     9, -5.449543960193e-01, 1.797693134862e+308, 6.5846e+00, 3.0553e-01, 
 2DIAGNOSTIC,    10, -5.449538350774e-01, 7.356337997927e-04, 6.9557e+00, 3.7117e-01, 
 2DIAGNOSTIC,    11, -5.449508083827e-01, 5.463440463906e-04, 7.3652e+00, 4.0943e-01, 
 2DIAGNOSTIC,    12, -5.449497826403e-01, 3.604109511845e-04, 7.6647e+00, 2.9955e-01, 
 2DIAGNOSTIC,    13, -5.449505003529e-01, 1.988325258880e-04, 7.9323e+00, 2.6761e-01, 
 2DIAGNOSTIC,    14, -5.449501348352e-01, 7.424986277954e-05, 8.2082e+00, 2.7583e-01, 
 2DIAGNOSTIC,    15, -5.449496936009e-01, 5.122717643566e-06, 8.4906e+00, 2.8238e-01, 
 2DIAGNOSTIC,    16, -5.449491042040e-01, 1.227716242030e-06, 8.7754e+00, 2.8489e-01, 
 2DIAGNOSTIC,    17, -5.449484659599e-01, 1.423013726867e-06, 9.0924e+00, 3.1693e-01, 
 2DIAGNOSTIC,    18, -5.449476096926e-01, 1.399799828876e-06, 9.3912e+00, 2.9888e-01, 
 2DIAGNOSTIC,    19, -5.449467533851e-01, 1.360367786141e-06, 9.6340e+00, 2.4274e-01, 
 2DIAGNOSTIC,    20, -5.449459969524e-01, 1.322558664210e-06, 9.9048e+00, 2.7078e-01, 
 2DIAGNOSTIC,    21, -5.449464102434e-01, 1.249642903739e-06, 1.0228e+01, 3.2322e-01, 
 2DIAGNOSTIC,    22, -5.449459984414e-01, 1.173013688904e-06, 1.0528e+01, 3.0031e-01, 
 2DIAGNOSTIC,    23, -5.449443765692e-01, 1.108727411332e-06, 1.0796e+01, 2.6788e-01, 
 2DIAGNOSTIC,    24, -5.449440176094e-01, 1.061338247149e-06, 1.1173e+01, 3.7654e-01, 
 2DIAGNOSTIC,    25, -5.449442336702e-01, 1.037886535486e-06, 1.1463e+01, 2.9059e-01, 
DIAGNOSTIC,Iteration,metricValue,convergenceValue,ITERATION_TIME_INDEX,SINCE_LAST
 2DIAGNOSTIC,     1, -5.009340773861e-01, 1.797693134862e+308, 1.4559e+01, 3.0957e+00, 
 2DIAGNOSTIC,     2, -5.009383385248e-01, 1.797693134862e+308, 1.7413e+01, 2.8535e+00, 
 2DIAGNOSTIC,     3, -5.009373517120e-01, 1.797693134862e+308, 1.9425e+01, 2.0127e+00, 
 2DIAGNOSTIC,     4, -5.009371984966e-01, 1.797693134862e+308, 2.1445e+01, 2.0195e+00, 
 2DIAGNOSTIC,     5, -5.009369960920e-01, 1.797693134862e+308, 2.3742e+01, 2.2976e+00, 
 2DIAGNOSTIC,     6, -5.009368150115e-01, 1.797693134862e+308, 2.5668e+01, 1.9257e+00, 
 2DIAGNOSTIC,     7, -5.009367381788e-01, 1.797693134862e+308, 2.7649e+01, 1.9810e+00, 
 2DIAGNOSTIC,     8, -5.009364426014e-01, 1.797693134862e+308, 2.9634e+01, 1.9845e+00, 
 2DIAGNOSTIC,     9, -5.009365742871e-01, 1.797693134862e+308, 3.1438e+01, 1.8047e+00, 
 2DIAGNOSTIC,    10, -5.009361478564e-01, 3.160918990899e-06, 3.3417e+01, 1.9785e+00, 
 2DIAGNOSTIC,    11, -5.009361834509e-01, 2.689829769878e-06, 3.5426e+01, 2.0095e+00, 
 2DIAGNOSTIC,    12, -5.009361461987e-01, 2.516121831733e-06, 3.7504e+01, 2.0779e+00, 
 2DIAGNOSTIC,    13, -5.009362149645e-01, 2.341160937544e-06, 3.9451e+01, 1.9471e+00, 
 2DIAGNOSTIC,    14, -5.009362851941e-01, 2.197478551083e-06, 4.1367e+01, 1.9157e+00, 
 2DIAGNOSTIC,    15, -5.009360649214e-01, 2.063942345962e-06, 4.3308e+01, 1.9406e+00, 
 2DIAGNOSTIC,    16, -5.009361981460e-01, 1.950963648523e-06, 4.5091e+01, 1.7837e+00, 
 2DIAGNOSTIC,    17, -5.009361665258e-01, 1.851011820396e-06, 4.6737e+01, 1.6459e+00, 
 2DIAGNOSTIC,    18, -5.009365557700e-01, 1.766642435390e-06, 4.8541e+01, 1.8040e+00, 
 2DIAGNOSTIC,    19, -5.009366592281e-01, 1.698291457082e-06, 5.0557e+01, 2.0155e+00, 
 2DIAGNOSTIC,    20, -5.009367132748e-01, 1.624081850907e-06, 5.3279e+01, 2.7222e+00, 
 2DIAGNOSTIC,    21, -5.009367538699e-01, 1.556079898345e-06, 5.5428e+01, 2.1487e+00, 
 2DIAGNOSTIC,    22, -5.009366614726e-01, 1.486930068434e-06, 5.7383e+01, 1.9550e+00, 
 2DIAGNOSTIC,    23, -5.009364585602e-01, 1.416514872399e-06, 5.9191e+01, 1.8087e+00, 
 2DIAGNOSTIC,    24, -5.009364827250e-01, 1.351282146428e-06, 6.1034e+01, 1.8431e+00, 
 2DIAGNOSTIC,    25, -5.009364149270e-01, 1.282211821281e-06, 6.2991e+01, 1.9564e+00, 
 2DIAGNOSTIC,    26, -5.009364412312e-01, 1.221136344091e-06, 6.4816e+01, 1.8253e+00, 
 2DIAGNOSTIC,    27, -5.009363558085e-01, 1.162175397279e-06, 6.6558e+01, 1.7417e+00, 
 2DIAGNOSTIC,    28, -5.009360691270e-01, 1.111085272114e-06, 6.8293e+01, 1.7352e+00, 
 2DIAGNOSTIC,    29, -5.009360265695e-01, 1.067179917179e-06, 7.0089e+01, 1.7955e+00, 
 2DIAGNOSTIC,    30, -5.009359207597e-01, 1.027876002438e-06, 7.2038e+01, 1.9496e+00, 
  Elapsed time (stage 0): 7.3069e+01


Total elapsed time: 7.3071e+01
Info [verificarlo]: loaded backend libinterflop_ieee.so
Info [interflop-ieee]: load backend with:
Info [interflop-ieee]: debug = false
Info [interflop-ieee]: debug-binary = false
Info [interflop-ieee]: no-backend-name = false
Info [interflop-ieee]: print-new-line = false
Info [interflop-ieee]: print-subnormal-normalized = false
Info [interflop-ieee]: count-op = false
All_Command_lines_OK
Using double precision for computations.
=============================================================================
The composite transform comprises the following transforms (in order): 
  1. /home/mdugre/scratch/mri-registration-rp/datasets/ds004513/derivatives/mri-registration-rp/0100/antsRegistration-r7-p9/sub-s032/affine_Composite.h5[0] (type = Euler3DTransform)
  2. /home/mdugre/scratch/mri-registration-rp/datasets/ds004513/derivatives/mri-registration-rp/0100/antsRegistration-r7-p9/sub-s032/affine_Composite.h5[1] (type = Euler3DTransform)
  3. /home/mdugre/scratch/mri-registration-rp/datasets/ds004513/derivatives/mri-registration-rp/0100/antsRegistration-r7-p9/sub-s032/affine_Composite.h5[2] (type = Euler3DTransform)
  4. /home/mdugre/scratch/mri-registration-rp/datasets/ds004513/derivatives/mri-registration-rp/0100/antsRegistration-r7-p9/sub-s032/affine_Composite.h5[3] (type = AffineTransform)
=============================================================================
  number of levels = 4
  fixed image: /templateflow/tpl-MNI152NLin2009cAsym/tpl-MNI152NLin2009cAsym_res-01_desc-brain_T1w.nii.gz
  moving image: /home/mdugre/scratch/mri-registration-rp/datasets/ds004513/derivatives/mri-registration-rp/antsBrainExtraction/sub-s032/BrainExtractionBrain.nii.gz
Dimension = 3
Number of stages = 1
Use histogram matching = false
Winsorize image intensities = true
  Lower quantile = 0.005
  Upper quantile = 0.995


Stage 1 State
   Image metric = CC
     Fixed image = Image (0x5208a40)
  RTTI typeinfo:   itk::Image<double, 3u>
  Reference Count: 2
  Modified Time: 1606
  Debug: Off
  Object Name: 
  Observers: 
    none
  Source: (none)
  Source output name: (none)
  Release Data: Off
  Data Released: False
  Global Release Data: Off
  PipelineMTime: 0
  UpdateMTime: 1217
  RealTimeStamp: 0 seconds 
  LargestPossibleRegion: 
    Dimension: 3
    Index: [0, 0, 0]
    Size: [193, 229, 193]
  BufferedRegion: 
    Dimension: 3
    Index: [0, 0, 0]
    Size: [193, 229, 193]
  RequestedRegion: 
    Dimension: 3
    Index: [0, 0, 0]
    Size: [193, 229, 193]
  Spacing: [1, 1, 1]
  Origin: [96, 132, -78]
  Direction: 
-1 0 0
0 -1 0
0 0 1

  IndexToPointMatrix: 
-1 0 0
0 -1 0
0 0 1

  PointToIndexMatrix: 
-1 0 0
0 -1 0
0 0 1

  Inverse Direction: 
-1 0 0
0 -1 0
0 0 1

  PixelContainer: 
    ImportImageContainer (0x52d7780)
      RTTI typeinfo:   itk::ImportImageContainer<unsigned long, double>
      Reference Count: 1
      Modified Time: 1214
      Debug: Off
      Object Name: 
      Observers: 
        none
      Pointer: 0x152c0ef33010
      Container manages memory: true
      Size: 8530021
      Capacity: 8530021

     Moving image = Image (0x52d9390)
  RTTI typeinfo:   itk::Image<double, 3u>
  Reference Count: 2
  Modified Time: 1607
  Debug: Off
  Object Name: 
  Observers: 
    none
  Source: (none)
  Source output name: (none)
  Release Data: Off
  Data Released: False
  Global Release Data: Off
  PipelineMTime: 0
  UpdateMTime: 1604
  RealTimeStamp: 0 seconds 
  LargestPossibleRegion: 
    Dimension: 3
    Index: [0, 0, 0]
    Size: [160, 240, 256]
  BufferedRegion: 
    Dimension: 3
    Index: [0, 0, 0]
    Size: [160, 240, 256]
  RequestedRegion: 
    Dimension: 3
    Index: [0, 0, 0]
    Size: [160, 240, 256]
  Spacing: [1, 1, 1]
  Origin: [73.279, 104.707, -131.187]
  Direction: 
-0.997527 0.0645574 -0.0278053
-0.0645323 -0.997914 -0.00179875
-0.0278634 4.01097e-08 0.999612

  IndexToPointMatrix: 
-0.997527 0.0645574 -0.0278053
-0.0645323 -0.997914 -0.00179875
-0.0278634 4.01097e-08 0.999612

  PointToIndexMatrix: 
-0.997527 -0.0645323 -0.0278634
0.0645574 -0.997914 4.01049e-08
-0.0278053 -0.00179875 0.999612

  Inverse Direction: 
-0.997527 -0.0645323 -0.0278634
0.0645574 -0.997914 4.01049e-08
-0.0278053 -0.00179875 0.999612

  PixelContainer: 
    ImportImageContainer (0x528e6f0)
      RTTI typeinfo:   itk::ImportImageContainer<unsigned long, double>
      Reference Count: 1
      Modified Time: 1601
      Debug: Off
      Object Name: 
      Observers: 
        none
      Pointer: 0x152c0a432010
      Container manages memory: true
      Size: 9830400
      Capacity: 9830400

     Weighting = 1
     Sampling strategy = none
     Number of bins = 32
     Radius = 4
     Sampling percentage  = 1
   Transform = SyN
     Gradient step = 0.1
     Update field sigma (voxel space) = 3
     Total field sigma (voxel space) = 0
     Update field time sigma = 0
     Total field time sigma  = 0
     Number of time indices = 0
     Number of time point samples = 0
Registration using 1 total stages.

Stage 0
  iterations = 100x70x50x20
  convergence threshold = 1e-06
  convergence window size = 10
  number of levels = 4
  using the CC metric (radius = 4, weight = 1, use gradient filter = 0)
  preprocessing:  winsorizing the image intensities
  Shrink factors (level 1 out of 4): [8, 8, 8]
  Shrink factors (level 2 out of 4): [4, 4, 4]
  Shrink factors (level 3 out of 4): [2, 2, 2]
  Shrink factors (level 4 out of 4): [1, 1, 1]
  smoothing sigmas per level: [3, 2, 1, 0]
  Using default NONE metricSamplingStrategy 

*** Running SyN registration (varianceForUpdateField = 3, varianceForTotalField = 0) ***

XXDIAGNOSTIC,Iteration,metricValue,convergenceValue,ITERATION_TIME_INDEX,SINCE_LAST
 1DIAGNOSTIC,     1, -8.286656001937e-01, 1.797693134862e+308, 1.1069e+00, 1.1069e+00, 
 1DIAGNOSTIC,     2, -8.451336815201e-01, 1.797693134862e+308, 1.4480e+00, 3.4113e-01, 
 1DIAGNOSTIC,     3, -8.606787615174e-01, 1.797693134862e+308, 1.7872e+00, 3.3923e-01, 
 1DIAGNOSTIC,     4, -8.747397925535e-01, 1.797693134862e+308, 2.1210e+00, 3.3382e-01, 
 1DIAGNOSTIC,     5, -8.840806078856e-01, 1.797693134862e+308, 2.4693e+00, 3.4826e-01, 
 1DIAGNOSTIC,     6, -8.923983334398e-01, 1.797693134862e+308, 2.8071e+00, 3.3775e-01, 
 1DIAGNOSTIC,     7, -8.976262317456e-01, 1.797693134862e+308, 3.1441e+00, 3.3704e-01, 
 1DIAGNOSTIC,     8, -9.016937241856e-01, 1.797693134862e+308, 3.5110e+00, 3.6687e-01, 
