
##########################
# Experiment information #
##########################

EXPERIMENT_NAME: antsRegistration-r8-p11
VFC_BACKENDS: libinterflop_vprec.so --range-binary32=8 --precision-binary32=11 --range-binary64=8 --precision-binary64=11

SIF_IMG: /home/mdugre/projects/rrg-glatard/mdugre/containers/ants-vprec-no_metrics.simg

SUBJECT_ID: s033
INPUT_IMG: /home/mdugre/scratch/mri-registration-rp/datasets/ds004513/derivatives/mri-registration-rp/antsBrainExtraction/sub-s033/BrainExtractionBrain.nii.gz
OUTPUT_DIR: /home/mdugre/scratch/mri-registration-rp/datasets/ds004513/derivatives/mri-registration-rp/0100/antsRegistration-r8-p11/sub-s033

FIXED_IMG: /templateflow/tpl-MNI152NLin2009cAsym/tpl-MNI152NLin2009cAsym_res-01_desc-brain_T1w.nii.gz
DATA_DIR: /home/mdugre/scratch/mri-registration-rp/datasets/ds004513
TEMPLATEFLOW_DIR: /home/mdugre/projects/rrg-glatard/mdugre/templateflow
ITK_GLOBAL_DEFAULT_NUMBER_OF_THREADS: 16
##########################

Info [verificarlo]: loaded backend libinterflop_ieee.so
Info [interflop-ieee]: load backend with:
Info [interflop-ieee]: debug = false
Info [interflop-ieee]: debug-binary = false
Info [interflop-ieee]: no-backend-name = false
Info [interflop-ieee]: print-new-line = false
Info [interflop-ieee]: print-subnormal-normalized = false
Info [interflop-ieee]: count-op = false
All_Command_lines_OK
Using double precision for computations.
=============================================================================
The composite transform comprises the following transforms (in order): 
  1. Center of mass alignment using fixed image: /templateflow/tpl-MNI152NLin2009cAsym/tpl-MNI152NLin2009cAsym_res-01_desc-brain_T1w.nii.gz and moving image: /home/mdugre/scratch/mri-registration-rp/datasets/ds004513/derivatives/mri-registration-rp/antsBrainExtraction/sub-s033/BrainExtractionBrain.nii.gz (type = Euler3DTransform)
=============================================================================
  number of levels = 1
  fixed image: /templateflow/tpl-MNI152NLin2009cAsym/tpl-MNI152NLin2009cAsym_res-01_desc-brain_T1w.nii.gz
  moving image: /home/mdugre/scratch/mri-registration-rp/datasets/ds004513/derivatives/mri-registration-rp/antsBrainExtraction/sub-s033/BrainExtractionBrain.nii.gz
Dimension = 3
Number of stages = 1
Use histogram matching = false
Winsorize image intensities = true
  Lower quantile = 0.005
  Upper quantile = 0.995


Stage 1 State
   Image metric = MattesMI
     Fixed image = Image (0x4a88e70)
  RTTI typeinfo:   itk::Image<double, 3u>
  Reference Count: 2
  Modified Time: 2330
  Debug: Off
  Object Name: 
  Observers: 
    none
  Source: (none)
  Source output name: (none)
  Release Data: Off
  Data Released: False
  Global Release Data: Off
  PipelineMTime: 0
  UpdateMTime: 1941
  RealTimeStamp: 0 seconds 
  LargestPossibleRegion: 
    Dimension: 3
    Index: [0, 0, 0]
    Size: [193, 229, 193]
  BufferedRegion: 
    Dimension: 3
    Index: [0, 0, 0]
    Size: [193, 229, 193]
  RequestedRegion: 
    Dimension: 3
    Index: [0, 0, 0]
    Size: [193, 229, 193]
  Spacing: [1, 1, 1]
  Origin: [96, 132, -78]
  Direction: 
-1 0 0
0 -1 0
0 0 1

  IndexToPointMatrix: 
-1 0 0
0 -1 0
0 0 1

  PointToIndexMatrix: 
-1 0 0
0 -1 0
0 0 1

  Inverse Direction: 
-1 0 0
0 -1 0
0 0 1

  PixelContainer: 
    ImportImageContainer (0x4a91c60)
      RTTI typeinfo:   itk::ImportImageContainer<unsigned long, double>
      Reference Count: 1
      Modified Time: 1938
      Debug: Off
      Object Name: 
      Observers: 
        none
      Pointer: 0x1535d2962010
      Container manages memory: true
      Size: 8530021
      Capacity: 8530021

     Moving image = Image (0x4a8b540)
  RTTI typeinfo:   itk::Image<double, 3u>
  Reference Count: 2
  Modified Time: 2331
  Debug: Off
  Object Name: 
  Observers: 
    none
  Source: (none)
  Source output name: (none)
  Release Data: Off
  Data Released: False
  Global Release Data: Off
  PipelineMTime: 0
  UpdateMTime: 2328
  RealTimeStamp: 0 seconds 
  LargestPossibleRegion: 
    Dimension: 3
    Index: [0, 0, 0]
    Size: [160, 240, 256]
  BufferedRegion: 
    Dimension: 3
    Index: [0, 0, 0]
    Size: [160, 240, 256]
  RequestedRegion: 
    Dimension: 3
    Index: [0, 0, 0]
    Size: [160, 240, 256]
  Spacing: [1, 1, 1]
  Origin: [91.5134, 94.282, -109.927]
  Direction: 
-0.99591 -0.0698718 -0.0572835
0.0697565 -0.997556 0.00401236
-0.0574239 5.01125e-08 0.99835

  IndexToPointMatrix: 
-0.99591 -0.0698718 -0.0572835
0.0697565 -0.997556 0.00401236
-0.0574239 5.01125e-08 0.99835

  PointToIndexMatrix: 
-0.99591 0.0697565 -0.0574239
-0.0698718 -0.997556 5.01483e-08
-0.0572835 0.00401236 0.99835

  Inverse Direction: 
-0.99591 0.0697565 -0.0574239
-0.0698718 -0.997556 5.01483e-08
-0.0572835 0.00401236 0.99835

  PixelContainer: 
    ImportImageContainer (0x4b9d610)
      RTTI typeinfo:   itk::ImportImageContainer<unsigned long, double>
      Reference Count: 1
      Modified Time: 2325
      Debug: Off
      Object Name: 
      Observers: 
        none
      Pointer: 0x1535cde61010
      Container manages memory: true
      Size: 9830400
      Capacity: 9830400

     Weighting = 1
     Sampling strategy = regular
     Number of bins = 32
     Radius = 4
     Sampling percentage  = 0.25
   Transform = Rigid
     Gradient step = 0.1
     Update field sigma (voxel space) = 0
     Total field sigma (voxel space) = 0
     Update field time sigma = 0
     Total field time sigma  = 0
     Number of time indices = 0
     Number of time point samples = 0
Registration using 1 total stages.

Stage 0
  iterations = 0
  convergence threshold = 1e-06
  convergence window size = 10
  number of levels = 1
  using the Mattes MI metric (number of bins = 32, weight = 1, use gradient filter = 0)
  preprocessing:  winsorizing the image intensities
  Shrink factors (level 1 out of 1): [1, 1, 1]
  smoothing sigmas per level: [0]
  regular sampling (percentage = 0.25)

*** Running Euler3DTransform registration ***

  Elapsed time (stage 0): 1.08581


Total elapsed time: 1.08827
Info [verificarlo]: loaded backend libinterflop_vprec.so
Info [interflop-vprec]: load backend with: 
Info [interflop-vprec]: precision-binary32 = 11
Info [interflop-vprec]: range-binary32 = 8
Info [interflop-vprec]: precision-binary64 = 11
Info [interflop-vprec]: range-binary64 = 8
Info [interflop-vprec]: mode = ob
Info [interflop-vprec]: error-mode = rel
Info [interflop-vprec]: max-abs-error-exponent = -1022
Info [interflop-vprec]: daz = false
Info [interflop-vprec]: ftz = false
Info [interflop-vprec]: 	instrument = none
Info [interflop-vprec]: 	prec-input-file = (null)
Info [interflop-vprec]: 	prec-output-file = (null)
Info [interflop-vprec]: 	prec-log-file = (null)
All_Command_lines_OK
Using double precision for computations.
=============================================================================
The composite transform comprises the following transforms (in order): 
  1. /home/mdugre/scratch/mri-registration-rp/datasets/ds004513/derivatives/mri-registration-rp/0100/antsRegistration-r8-p11/sub-s033/align_Composite.h5[0] (type = Euler3DTransform)
  2. /home/mdugre/scratch/mri-registration-rp/datasets/ds004513/derivatives/mri-registration-rp/0100/antsRegistration-r8-p11/sub-s033/align_Composite.h5[1] (type = Euler3DTransform)
=============================================================================
  number of levels = 4
  fixed image: /templateflow/tpl-MNI152NLin2009cAsym/tpl-MNI152NLin2009cAsym_res-01_desc-brain_T1w.nii.gz
  moving image: /home/mdugre/scratch/mri-registration-rp/datasets/ds004513/derivatives/mri-registration-rp/antsBrainExtraction/sub-s033/BrainExtractionBrain.nii.gz
Dimension = 3
Number of stages = 1
Use histogram matching = false
Winsorize image intensities = true
  Lower quantile = 0.005
  Upper quantile = 0.995


Stage 1 State
   Image metric = MattesMI
     Fixed image = Image (0x37d71e0)
  RTTI typeinfo:   itk::Image<double, 3u>
  Reference Count: 2
  Modified Time: 1578
  Debug: Off
  Object Name: 
  Observers: 
    none
  Source: (none)
  Source output name: (none)
  Release Data: Off
  Data Released: False
  Global Release Data: Off
  PipelineMTime: 0
  UpdateMTime: 1189
  RealTimeStamp: 0 seconds 
  LargestPossibleRegion: 
    Dimension: 3
    Index: [0, 0, 0]
    Size: [193, 229, 193]
  BufferedRegion: 
    Dimension: 3
    Index: [0, 0, 0]
    Size: [193, 229, 193]
  RequestedRegion: 
    Dimension: 3
    Index: [0, 0, 0]
    Size: [193, 229, 193]
  Spacing: [1, 1, 1]
  Origin: [96, 132, -78]
  Direction: 
-1 0 0
0 -1 0
0 0 1

  IndexToPointMatrix: 
-1 0 0
0 -1 0
0 0 1

  PointToIndexMatrix: 
-1 0 0
0 -1 0
0 0 1

  Inverse Direction: 
-1 0 0
0 -1 0
0 0 1

  PixelContainer: 
    ImportImageContainer (0x3896680)
      RTTI typeinfo:   itk::ImportImageContainer<unsigned long, double>
      Reference Count: 1
      Modified Time: 1186
      Debug: Off
      Object Name: 
      Observers: 
        none
      Pointer: 0x14ec90b74010
      Container manages memory: true
      Size: 8530021
      Capacity: 8530021

     Moving image = Image (0x3892b20)
  RTTI typeinfo:   itk::Image<double, 3u>
  Reference Count: 2
  Modified Time: 1579
  Debug: Off
  Object Name: 
  Observers: 
    none
  Source: (none)
  Source output name: (none)
  Release Data: Off
  Data Released: False
  Global Release Data: Off
  PipelineMTime: 0
  UpdateMTime: 1576
  RealTimeStamp: 0 seconds 
  LargestPossibleRegion: 
    Dimension: 3
    Index: [0, 0, 0]
    Size: [160, 240, 256]
  BufferedRegion: 
    Dimension: 3
    Index: [0, 0, 0]
    Size: [160, 240, 256]
  RequestedRegion: 
    Dimension: 3
    Index: [0, 0, 0]
    Size: [160, 240, 256]
  Spacing: [1, 1, 1]
  Origin: [91.5, 94.2812, -109.938]
  Direction: 
-0.99585 -0.0698853 -0.0572662
0.0697327 -0.997559 0.00401115
-0.0574188 0 0.998291

  IndexToPointMatrix: 
-0.99585 -0.0698853 -0.0572662
0.0697327 -0.997559 0.00401115
-0.0574188 0 0.998291

  PointToIndexMatrix: 
-0.996094 0.0697327 -0.0574188
-0.0698547 -0.997559 2.86102e-06
-0.0572815 0.00401306 0.998291

  Inverse Direction: 
-0.996094 0.0697327 -0.0574188
-0.0698547 -0.997559 2.86102e-06
-0.0572815 0.00401306 0.998291

  PixelContainer: 
    ImportImageContainer (0x38fbd50)
      RTTI typeinfo:   itk::ImportImageContainer<unsigned long, double>
      Reference Count: 1
      Modified Time: 1573
      Debug: Off
      Object Name: 
      Observers: 
        none
      Pointer: 0x14ec8c073010
      Container manages memory: true
      Size: 9830400
      Capacity: 9830400

     Weighting = 1
     Sampling strategy = regular
     Number of bins = 32
     Radius = 4
     Sampling percentage  = 0.25
   Transform = Rigid
     Gradient step = 0.1
     Update field sigma (voxel space) = 0
     Total field sigma (voxel space) = 0
     Update field time sigma = 0
     Total field time sigma  = 0
     Number of time indices = 0
     Number of time point samples = 0
Registration using 1 total stages.

Stage 0
  iterations = 1000x500x250x100
  convergence threshold = 1e-06
  convergence window size = 10
  number of levels = 4
  using the Mattes MI metric (number of bins = 32, weight = 1, use gradient filter = 0)
  preprocessing:  winsorizing the image intensities
  Shrink factors (level 1 out of 4): [8, 8, 8]
  Shrink factors (level 2 out of 4): [4, 4, 4]
  Shrink factors (level 3 out of 4): [2, 2, 2]
  Shrink factors (level 4 out of 4): [1, 1, 1]
  smoothing sigmas per level: [3, 2, 1, 0]
  regular sampling (percentage = 0.25)

*** Running Euler3DTransform registration ***

DIAGNOSTIC,Iteration,metricValue,convergenceValue,ITERATION_TIME_INDEX,SINCE_LAST
 2DIAGNOSTIC,     1, -4.931459167584e-01, 1.797693134862e+308, 0.0000e+00, 0.0000e+00, 
 2DIAGNOSTIC,     2, -4.934305043866e-01, 1.797693134862e+308, 0.0000e+00, 0.0000e+00, 
 2DIAGNOSTIC,     3, -4.935622325519e-01, 1.797693134862e+308, 0.0000e+00, 0.0000e+00, 
 2DIAGNOSTIC,     4, -4.937203469915e-01, 1.797693134862e+308, 0.0000e+00, 0.0000e+00, 
 2DIAGNOSTIC,     5, -4.944172253742e-01, 1.797693134862e+308, 0.0000e+00, 0.0000e+00, 
 2DIAGNOSTIC,     6, -4.953545766366e-01, 1.797693134862e+308, 0.0000e+00, 0.0000e+00, 
 2DIAGNOSTIC,     7, -4.983524383587e-01, 1.797693134862e+308, 0.0000e+00, 0.0000e+00, 
 2DIAGNOSTIC,     8, -5.016392458544e-01, 1.797693134862e+308, 0.0000e+00, 0.0000e+00, 
 2DIAGNOSTIC,     9, -5.057759717836e-01, 1.797693134862e+308, 0.0000e+00, 0.0000e+00, 
 2DIAGNOSTIC,    10, -5.109860337380e-01, 2.089194281036e-03, 0.0000e+00, 0.0000e+00, 
 2DIAGNOSTIC,    11, -5.220895836600e-01, 2.903173744427e-03, 0.0000e+00, 0.0000e+00, 
 2DIAGNOSTIC,    12, -5.741930661956e-01, 5.726769540372e-03, 0.0000e+00, 0.0000e+00, 
 2DIAGNOSTIC,    13, -6.288703456417e-01, 9.755577396019e-03, 0.0000e+00, 0.0000e+00, 
 2DIAGNOSTIC,    14, -6.324645420050e-01, 1.232876792524e-02, 0.0000e+00, 0.0000e+00, 
 2DIAGNOSTIC,    15, -6.330412295354e-01, 1.347507679778e-02, 0.0000e+00, 0.0000e+00, 
 2DIAGNOSTIC,    16, -6.337328576733e-01, 1.330222575713e-02, 0.0000e+00, 0.0000e+00, 
 2DIAGNOSTIC,    17, -6.337717082762e-01, 1.200239514628e-02, 0.0000e+00, 0.0000e+00, 
 2DIAGNOSTIC,    18, -6.339617501792e-01, 9.842011283899e-03, 0.0000e+00, 0.0000e+00, 
 2DIAGNOSTIC,    19, -6.337569975546e-01, 7.159863862029e-03, 0.0000e+00, 0.0000e+00, 
 2DIAGNOSTIC,    20, -6.342727140417e-01, 4.298549189723e-03, 0.0000e+00, 0.0000e+00, 
 2DIAGNOSTIC,    21, -6.342476956517e-01, 1.595714624041e-03, 0.0000e+00, 0.0000e+00, 
 2DIAGNOSTIC,    22, -6.342148336096e-01, 1.788550779686e-04, 0.0000e+00, 0.0000e+00, 
 2DIAGNOSTIC,    23, -6.342122591358e-01, 7.265258854542e-05, 0.0000e+00, 0.0000e+00, 
 2DIAGNOSTIC,    24, -6.341720688682e-01, 4.321219344726e-05, 0.0000e+00, 0.0000e+00, 
 2DIAGNOSTIC,    25, -6.340889550956e-01, 2.167305196644e-05, 0.0000e+00, 0.0000e+00, 
 2DIAGNOSTIC,    26, -6.341088946322e-01, 1.343048636716e-05, 0.0000e+00, 0.0000e+00, 
 2DIAGNOSTIC,    27, -6.341345104013e-01, 5.755258772493e-06, 0.0000e+00, 0.0000e+00, 
 2DIAGNOSTIC,    28, -6.341345104013e-01, 1.648563639080e-06, 0.0000e+00, 0.0000e+00, 
DIAGNOSTIC,Iteration,metricValue,convergenceValue,ITERATION_TIME_INDEX,SINCE_LAST
 2DIAGNOSTIC,     1, -5.413376734532e-01, 1.797693134862e+308, 0.0000e+00, 0.0000e+00, 
 2DIAGNOSTIC,     2, -5.417274849045e-01, 1.797693134862e+308, 0.0000e+00, 0.0000e+00, 
 2DIAGNOSTIC,     3, -5.420219834443e-01, 1.797693134862e+308, 0.0000e+00, 0.0000e+00, 
 2DIAGNOSTIC,     4, -5.425132790816e-01, 1.797693134862e+308, 0.0000e+00, 0.0000e+00, 
 2DIAGNOSTIC,     5, -5.431997967940e-01, 1.797693134862e+308, 0.0000e+00, 0.0000e+00, 
 2DIAGNOSTIC,     6, -5.442583383432e-01, 1.797693134862e+308, 0.0000e+00, 0.0000e+00, 
 2DIAGNOSTIC,     7, -5.453691652649e-01, 1.797693134862e+308, 0.0000e+00, 0.0000e+00, 
 2DIAGNOSTIC,     8, -5.457069444436e-01, 1.797693134862e+308, 0.0000e+00, 0.0000e+00, 
 2DIAGNOSTIC,     9, -5.462525917400e-01, 1.797693134862e+308, 0.0000e+00, 0.0000e+00, 
 2DIAGNOSTIC,    10, -5.467347769588e-01, 7.025279513742e-04, 0.0000e+00, 0.0000e+00, 
 2DIAGNOSTIC,    11, -5.474153380523e-01, 6.543688376052e-04, 0.0000e+00, 0.0000e+00, 
 2DIAGNOSTIC,    12, -5.474142945827e-01, 5.716667457106e-04, 0.0000e+00, 0.0000e+00, 
 2DIAGNOSTIC,    13, -5.480812470197e-01, 4.893275347293e-04, 0.0000e+00, 0.0000e+00, 
 2DIAGNOSTIC,    14, -5.481292106672e-01, 3.941357107989e-04, 0.0000e+00, 0.0000e+00, 
 2DIAGNOSTIC,    15, -5.482608093714e-01, 3.035523191200e-04, 0.0000e+00, 0.0000e+00, 
 2DIAGNOSTIC,    16, -5.483705457544e-01, 2.337666258241e-04, 0.0000e+00, 0.0000e+00, 
 2DIAGNOSTIC,    17, -5.484878350900e-01, 1.883170982002e-04, 0.0000e+00, 0.0000e+00, 
 2DIAGNOSTIC,    18, -5.484875307631e-01, 1.400196814150e-04, 0.0000e+00, 0.0000e+00, 
 2DIAGNOSTIC,    19, -5.484834499689e-01, 9.852867200795e-05, 0.0000e+00, 0.0000e+00, 
 2DIAGNOSTIC,    20, -5.484356993967e-01, 6.311193329556e-05, 0.0000e+00, 0.0000e+00, 
 2DIAGNOSTIC,    21, -5.484334435236e-01, 4.219480232229e-05, 0.0000e+00, 0.0000e+00, 
 2DIAGNOSTIC,    22, -5.484585955464e-01, 1.936024874866e-05, 0.0000e+00, 0.0000e+00, 
 2DIAGNOSTIC,    23, -5.484579126674e-01, 1.177734655865e-05, 0.0000e+00, 0.0000e+00, 
 2DIAGNOSTIC,    24, -5.484530070717e-01, 4.658247426417e-06, 0.0000e+00, 0.0000e+00, 
DIAGNOSTIC,Iteration,metricValue,convergenceValue,ITERATION_TIME_INDEX,SINCE_LAST
 2DIAGNOSTIC,     1, -4.659765559234e-01, 1.797693134862e+308, 0.0000e+00, 0.0000e+00, 
 2DIAGNOSTIC,     2, -4.660113794689e-01, 1.797693134862e+308, 0.0000e+00, 0.0000e+00, 
 2DIAGNOSTIC,     3, -4.659881097786e-01, 1.797693134862e+308, 0.0000e+00, 0.0000e+00, 
 2DIAGNOSTIC,     4, -4.659950743529e-01, 1.797693134862e+308, 0.0000e+00, 0.0000e+00, 
 2DIAGNOSTIC,     5, -4.659340339299e-01, 1.797693134862e+308, 0.0000e+00, 0.0000e+00, 
 2DIAGNOSTIC,     6, -4.659361096312e-01, 1.797693134862e+308, 0.0000e+00, 0.0000e+00, 
 2DIAGNOSTIC,     7, -4.659361096312e-01, 1.797693134862e+308, 0.0000e+00, 0.0000e+00, 
 2DIAGNOSTIC,     8, -4.659321776536e-01, 1.797693134862e+308, 0.0000e+00, 0.0000e+00, 
 2DIAGNOSTIC,     9, -4.659339306852e-01, 1.797693134862e+308, 0.0000e+00, 0.0000e+00, 
DIAGNOSTIC,Iteration,metricValue,convergenceValue,ITERATION_TIME_INDEX,SINCE_LAST
 2DIAGNOSTIC,     1, -4.246539959640e-01, 1.797693134862e+308, 0.0000e+00, 0.0000e+00, 
 2DIAGNOSTIC,     2, -4.245467395477e-01, 1.797693134862e+308, 0.0000e+00, 0.0000e+00, 
 2DIAGNOSTIC,     3, -4.247207273201e-01, 1.797693134862e+308, 0.0000e+00, 0.0000e+00, 
 2DIAGNOSTIC,     4, -4.248530846675e-01, 1.797693134862e+308, 0.0000e+00, 0.0000e+00, 
 2DIAGNOSTIC,     5, -4.246121673498e-01, 1.797693134862e+308, 0.0000e+00, 0.0000e+00, 
 2DIAGNOSTIC,     6, -4.246201790444e-01, 1.797693134862e+308, 0.0000e+00, 0.0000e+00, 
 2DIAGNOSTIC,     7, -4.246206571120e-01, 1.797693134862e+308, 0.0000e+00, 0.0000e+00, 
 2DIAGNOSTIC,     8, -4.246409426039e-01, 1.797693134862e+308, 0.0000e+00, 0.0000e+00, 
 2DIAGNOSTIC,     9, -4.248443988361e-01, 1.797693134862e+308, 0.0000e+00, 0.0000e+00, 
 2DIAGNOSTIC,    10, -4.249596646403e-01, 2.693848126309e-05, 0.0000e+00, 0.0000e+00, 
 2DIAGNOSTIC,    11, -4.250104905487e-01, 4.135991127378e-05, 0.0000e+00, 0.0000e+00, 
 2DIAGNOSTIC,    12, -4.249723068579e-01, 4.132767367392e-05, 0.0000e+00, 0.0000e+00, 
 2DIAGNOSTIC,    13, -4.251306799177e-01, 5.446232478183e-05, 0.0000e+00, 0.0000e+00, 
 2DIAGNOSTIC,    14, -4.252330965656e-01, 7.193571875251e-05, 0.0000e+00, 0.0000e+00, 
 2DIAGNOSTIC,    15, -4.253365686942e-01, 7.418253914493e-05, 0.0000e+00, 0.0000e+00, 
 2DIAGNOSTIC,    16, -4.254437206137e-01, 7.429570480488e-05, 0.0000e+00, 0.0000e+00, 
 2DIAGNOSTIC,    17, -4.255132529633e-01, 7.044794838681e-05, 0.0000e+00, 0.0000e+00, 
 2DIAGNOSTIC,    18, -4.255029350766e-01, 6.068501227516e-05, 0.0000e+00, 0.0000e+00, 
 2DIAGNOSTIC,    19, -4.254667331405e-01, 5.210439290416e-05, 0.0000e+00, 0.0000e+00, 
 2DIAGNOSTIC,    20, -4.254405990496e-01, 4.252757088811e-05, 0.0000e+00, 0.0000e+00, 
 2DIAGNOSTIC,    21, -4.254144410755e-01, 3.076303701578e-05, 0.0000e+00, 0.0000e+00, 
 2DIAGNOSTIC,    22, -4.253917895627e-01, 1.524765969207e-05, 0.0000e+00, 0.0000e+00, 
 2DIAGNOSTIC,    23, -4.256569086782e-01, 1.196675321355e-05, 0.0000e+00, 0.0000e+00, 
 2DIAGNOSTIC,    24, -4.256455628129e-01, 1.014990882178e-05, 0.0000e+00, 0.0000e+00, 
 2DIAGNOSTIC,    25, -4.256067004806e-01, 9.291892879619e-06, 0.0000e+00, 0.0000e+00, 
 2DIAGNOSTIC,    26, -4.256047137529e-01, 1.041290478430e-05, 0.0000e+00, 0.0000e+00, 
 2DIAGNOSTIC,    27, -4.256044137546e-01, 1.214326828319e-05, 0.0000e+00, 0.0000e+00, 
 2DIAGNOSTIC,    28, -4.256044137546e-01, 1.224476358026e-05, 0.0000e+00, 0.0000e+00, 
 2DIAGNOSTIC,    29, -4.256046130096e-01, 1.033936268423e-05, 0.0000e+00, 0.0000e+00, 
 2DIAGNOSTIC,    30, -4.256007574498e-01, 7.038299307177e-06, 0.0000e+00, 0.0000e+00, 
 2DIAGNOSTIC,    31, -4.256007574498e-01, 2.805827492854e-06, 0.0000e+00, 0.0000e+00, 
  Elapsed time (stage 0): 0.0000e+00


Total elapsed time: 0.0000e+00
Info [verificarlo]: loaded backend libinterflop_ieee.so
Info [interflop-ieee]: load backend with:
Info [interflop-ieee]: debug = false
Info [interflop-ieee]: debug-binary = false
Info [interflop-ieee]: no-backend-name = false
Info [interflop-ieee]: print-new-line = false
Info [interflop-ieee]: print-subnormal-normalized = false
Info [interflop-ieee]: count-op = false
All_Command_lines_OK
Using double precision for computations.
=============================================================================
The composite transform comprises the following transforms (in order): 
  1. /home/mdugre/scratch/mri-registration-rp/datasets/ds004513/derivatives/mri-registration-rp/0100/antsRegistration-r8-p11/sub-s033/rigid_Composite.h5[0] (type = Euler3DTransform)
  2. /home/mdugre/scratch/mri-registration-rp/datasets/ds004513/derivatives/mri-registration-rp/0100/antsRegistration-r8-p11/sub-s033/rigid_Composite.h5[1] (type = Euler3DTransform)
  3. /home/mdugre/scratch/mri-registration-rp/datasets/ds004513/derivatives/mri-registration-rp/0100/antsRegistration-r8-p11/sub-s033/rigid_Composite.h5[2] (type = Euler3DTransform)
=============================================================================
  number of levels = 4
  fixed image: /templateflow/tpl-MNI152NLin2009cAsym/tpl-MNI152NLin2009cAsym_res-01_desc-brain_T1w.nii.gz
  moving image: /home/mdugre/scratch/mri-registration-rp/datasets/ds004513/derivatives/mri-registration-rp/antsBrainExtraction/sub-s033/BrainExtractionBrain.nii.gz
Dimension = 3
Number of stages = 1
Use histogram matching = false
Winsorize image intensities = true
  Lower quantile = 0.005
  Upper quantile = 0.995


Stage 1 State
   Image metric = MattesMI
     Fixed image = Image (0x48737e0)
  RTTI typeinfo:   itk::Image<double, 3u>
  Reference Count: 2
  Modified Time: 1592
  Debug: Off
  Object Name: 
  Observers: 
    none
  Source: (none)
  Source output name: (none)
  Release Data: Off
  Data Released: False
  Global Release Data: Off
  PipelineMTime: 0
  UpdateMTime: 1203
  RealTimeStamp: 0 seconds 
  LargestPossibleRegion: 
    Dimension: 3
    Index: [0, 0, 0]
    Size: [193, 229, 193]
  BufferedRegion: 
    Dimension: 3
    Index: [0, 0, 0]
    Size: [193, 229, 193]
  RequestedRegion: 
    Dimension: 3
    Index: [0, 0, 0]
    Size: [193, 229, 193]
  Spacing: [1, 1, 1]
  Origin: [96, 132, -78]
  Direction: 
-1 0 0
0 -1 0
0 0 1

  IndexToPointMatrix: 
-1 0 0
0 -1 0
0 0 1

  PointToIndexMatrix: 
-1 0 0
0 -1 0
0 0 1

  Inverse Direction: 
-1 0 0
0 -1 0
0 0 1

  PixelContainer: 
    ImportImageContainer (0x4933a20)
      RTTI typeinfo:   itk::ImportImageContainer<unsigned long, double>
      Reference Count: 1
      Modified Time: 1200
      Debug: Off
      Object Name: 
      Observers: 
        none
      Pointer: 0x146b84d9b010
      Container manages memory: true
      Size: 8530021
      Capacity: 8530021

     Moving image = Image (0x48e8e20)
  RTTI typeinfo:   itk::Image<double, 3u>
  Reference Count: 2
  Modified Time: 1593
  Debug: Off
  Object Name: 
  Observers: 
    none
  Source: (none)
  Source output name: (none)
  Release Data: Off
  Data Released: False
  Global Release Data: Off
  PipelineMTime: 0
  UpdateMTime: 1590
  RealTimeStamp: 0 seconds 
  LargestPossibleRegion: 
    Dimension: 3
    Index: [0, 0, 0]
    Size: [160, 240, 256]
  BufferedRegion: 
    Dimension: 3
    Index: [0, 0, 0]
    Size: [160, 240, 256]
  RequestedRegion: 
    Dimension: 3
    Index: [0, 0, 0]
    Size: [160, 240, 256]
  Spacing: [1, 1, 1]
  Origin: [91.5134, 94.282, -109.927]
  Direction: 
-0.99591 -0.0698718 -0.0572835
0.0697565 -0.997556 0.00401236
-0.0574239 5.01125e-08 0.99835

  IndexToPointMatrix: 
-0.99591 -0.0698718 -0.0572835
0.0697565 -0.997556 0.00401236
-0.0574239 5.01125e-08 0.99835

  PointToIndexMatrix: 
-0.99591 0.0697565 -0.0574239
-0.0698718 -0.997556 5.01483e-08
-0.0572835 0.00401236 0.99835

  Inverse Direction: 
-0.99591 0.0697565 -0.0574239
-0.0698718 -0.997556 5.01483e-08
-0.0572835 0.00401236 0.99835

  PixelContainer: 
    ImportImageContainer (0x4982550)
      RTTI typeinfo:   itk::ImportImageContainer<unsigned long, double>
      Reference Count: 1
      Modified Time: 1587
      Debug: Off
      Object Name: 
      Observers: 
        none
      Pointer: 0x146b8029a010
      Container manages memory: true
      Size: 9830400
      Capacity: 9830400

     Weighting = 1
     Sampling strategy = regular
     Number of bins = 32
     Radius = 4
     Sampling percentage  = 0.25
   Transform = Affine
     Gradient step = 0.1
     Update field sigma (voxel space) = 0
     Total field sigma (voxel space) = 0
     Update field time sigma = 0
     Total field time sigma  = 0
     Number of time indices = 0
     Number of time point samples = 0
Registration using 1 total stages.

Stage 0
  iterations = 1000x500x250x100
  convergence threshold = 1e-06
  convergence window size = 10
  number of levels = 4
  using the Mattes MI metric (number of bins = 32, weight = 1, use gradient filter = 0)
  preprocessing:  winsorizing the image intensities
  Shrink factors (level 1 out of 4): [8, 8, 8]
  Shrink factors (level 2 out of 4): [4, 4, 4]
  Shrink factors (level 3 out of 4): [2, 2, 2]
  Shrink factors (level 4 out of 4): [1, 1, 1]
  smoothing sigmas per level: [3, 2, 1, 0]
  regular sampling (percentage = 0.25)

*** Running AffineTransform registration ***

DIAGNOSTIC,Iteration,metricValue,convergenceValue,ITERATION_TIME_INDEX,SINCE_LAST
 2DIAGNOSTIC,     1, -6.388352732357e-01, 1.797693134862e+308, 8.6920e-01, 8.6920e-01, 
 2DIAGNOSTIC,     2, -6.412430394684e-01, 1.797693134862e+308, 8.7435e-01, 5.1460e-03, 
 2DIAGNOSTIC,     3, -6.451475355748e-01, 1.797693134862e+308, 8.7940e-01, 5.0471e-03, 
 2DIAGNOSTIC,     4, -6.516175046032e-01, 1.797693134862e+308, 8.8423e-01, 4.8289e-03, 
 2DIAGNOSTIC,     5, -6.618152650173e-01, 1.797693134862e+308, 8.8917e-01, 4.9419e-03, 
 2DIAGNOSTIC,     6, -6.796813045404e-01, 1.797693134862e+308, 8.9469e-01, 5.5201e-03, 
 2DIAGNOSTIC,     7, -7.521469143824e-01, 1.797693134862e+308, 9.0158e-01, 6.8941e-03, 
 2DIAGNOSTIC,     8, -8.433471254903e-01, 1.797693134862e+308, 9.0697e-01, 5.3921e-03, 
 2DIAGNOSTIC,     9, -8.784361190410e-01, 1.797693134862e+308, 9.1361e-01, 6.6390e-03, 
 2DIAGNOSTIC,    10, -8.905635080241e-01, 2.529062523397e-02, 9.2096e-01, 7.3488e-03, 
 2DIAGNOSTIC,    11, -8.916341472938e-01, 2.506240257777e-02, 9.2573e-01, 4.7722e-03, 
 2DIAGNOSTIC,    12, -8.978734803570e-01, 2.289880165483e-02, 9.3175e-01, 6.0129e-03, 
 2DIAGNOSTIC,    13, -9.024006961172e-01, 1.927068444293e-02, 9.3798e-01, 6.2330e-03, 
 2DIAGNOSTIC,    14, -9.048906622872e-01, 1.474926584029e-02, 9.4387e-01, 5.8851e-03, 
 2DIAGNOSTIC,    15, -9.066753650275e-01, 9.916439480155e-03, 9.5232e-01, 8.4500e-03, 
 2DIAGNOSTIC,    16, -9.063852063742e-01, 5.257368106816e-03, 9.5939e-01, 7.0710e-03, 
 2DIAGNOSTIC,    17, -9.062988416892e-01, 2.209415308358e-03, 9.6544e-01, 6.0549e-03, 
 2DIAGNOSTIC,    18, -9.061805520603e-01, 1.106450148168e-03, 9.7039e-01, 4.9529e-03, 
 2DIAGNOSTIC,    19, -9.059311216342e-01, 6.684653089079e-04, 9.7537e-01, 4.9770e-03, 
 2DIAGNOSTIC,    20, -9.058601586869e-01, 4.290012728826e-04, 9.8095e-01, 5.5768e-03, 
 2DIAGNOSTIC,    21, -9.059067702382e-01, 1.921169037409e-04, 9.8589e-01, 4.9441e-03, 
 2DIAGNOSTIC,    22, -9.058311910190e-01, 5.668141560401e-05, 9.9139e-01, 5.5010e-03, 
DIAGNOSTIC,Iteration,metricValue,convergenceValue,ITERATION_TIME_INDEX,SINCE_LAST
 2DIAGNOSTIC,     1, -7.439013536153e-01, 1.797693134862e+308, 1.7091e+00, 7.1770e-01, 
 2DIAGNOSTIC,     2, -7.445171675214e-01, 1.797693134862e+308, 1.7479e+00, 3.8758e-02, 
 2DIAGNOSTIC,     3, -7.451782798107e-01, 1.797693134862e+308, 1.7872e+00, 3.9395e-02, 
 2DIAGNOSTIC,     4, -7.460587441173e-01, 1.797693134862e+308, 1.8261e+00, 3.8874e-02, 
 2DIAGNOSTIC,     5, -7.469436242904e-01, 1.797693134862e+308, 1.8725e+00, 4.6371e-02, 
 2DIAGNOSTIC,     6, -7.481543861228e-01, 1.797693134862e+308, 1.9258e+00, 5.3355e-02, 
 2DIAGNOSTIC,     7, -7.482142074930e-01, 1.797693134862e+308, 1.9780e+00, 5.2201e-02, 
 2DIAGNOSTIC,     8, -7.482466773822e-01, 1.797693134862e+308, 2.0160e+00, 3.7991e-02, 
 2DIAGNOSTIC,     9, -7.482824930636e-01, 1.797693134862e+308, 2.0523e+00, 3.6225e-02, 
 2DIAGNOSTIC,    10, -7.484175921919e-01, 4.281463238594e-04, 2.0879e+00, 3.5588e-02, 
 2DIAGNOSTIC,    11, -7.486455918189e-01, 3.189693300261e-04, 2.1320e+00, 4.4148e-02, 
 2DIAGNOSTIC,    12, -7.486763650506e-01, 2.200644259750e-04, 2.1673e+00, 3.5343e-02, 
 2DIAGNOSTIC,    13, -7.486569322901e-01, 1.357966377862e-04, 2.2104e+00, 4.3032e-02, 
 2DIAGNOSTIC,    14, -7.486373332480e-01, 7.469012564913e-05, 2.2578e+00, 4.7453e-02, 
 2DIAGNOSTIC,    15, -7.486376392377e-01, 3.666380610033e-05, 2.3001e+00, 4.2290e-02, 
 2DIAGNOSTIC,    16, -7.486413185701e-01, 2.895367132962e-05, 2.3387e+00, 3.8594e-02, 
 2DIAGNOSTIC,    17, -7.486145414438e-01, 2.040857117295e-05, 2.3755e+00, 3.6778e-02, 
 2DIAGNOSTIC,    18, -7.486171659542e-01, 1.195776399593e-05, 2.4110e+00, 3.5545e-02, 
 2DIAGNOSTIC,    19, -7.486203943353e-01, 4.223575547059e-06, 2.4473e+00, 3.6239e-02, 
DIAGNOSTIC,Iteration,metricValue,convergenceValue,ITERATION_TIME_INDEX,SINCE_LAST
 2DIAGNOSTIC,     1, -6.326889601327e-01, 1.797693134862e+308, 3.6349e+00, 1.1876e+00, 
 2DIAGNOSTIC,     2, -6.332936748504e-01, 1.797693134862e+308, 3.9271e+00, 2.9220e-01, 
 2DIAGNOSTIC,     3, -6.338740331849e-01, 1.797693134862e+308, 4.1852e+00, 2.5817e-01, 
 2DIAGNOSTIC,     4, -6.346876187491e-01, 1.797693134862e+308, 4.4773e+00, 2.9206e-01, 
 2DIAGNOSTIC,     5, -6.366297852957e-01, 1.797693134862e+308, 4.8453e+00, 3.6798e-01, 
 2DIAGNOSTIC,     6, -6.378049102363e-01, 1.797693134862e+308, 5.2716e+00, 4.2631e-01, 
 2DIAGNOSTIC,     7, -6.378246977720e-01, 1.797693134862e+308, 5.7806e+00, 5.0903e-01, 
 2DIAGNOSTIC,     8, -6.378228618649e-01, 1.797693134862e+308, 6.1372e+00, 3.5654e-01, 
 2DIAGNOSTIC,     9, -6.378212459255e-01, 1.797693134862e+308, 6.4849e+00, 3.4775e-01, 
 2DIAGNOSTIC,    10, -6.378208781107e-01, 6.072575642415e-04, 6.8082e+00, 3.2329e-01, 
 2DIAGNOSTIC,    11, -6.378190847546e-01, 4.388264867017e-04, 7.1155e+00, 3.0724e-01, 
 2DIAGNOSTIC,    12, -6.378163167053e-01, 2.826080532086e-04, 7.4285e+00, 3.1309e-01, 
 2DIAGNOSTIC,    13, -6.378159976587e-01, 1.457894622945e-04, 7.7538e+00, 3.2529e-01, 
 2DIAGNOSTIC,    14, -6.378147242853e-01, 4.013029717705e-05, 8.0886e+00, 3.3477e-01, 
 2DIAGNOSTIC,    15, -6.378169655687e-01, 2.003380971768e-06, 8.3678e+00, 2.7919e-01, 
 2DIAGNOSTIC,    16, -6.378164688522e-01, 1.414253800860e-06, 8.6902e+00, 3.2241e-01, 
 2DIAGNOSTIC,    17, -6.378152447765e-01, 1.437767625095e-06, 9.0008e+00, 3.1064e-01, 
 2DIAGNOSTIC,    18, -6.378168425528e-01, 1.495528488125e-06, 9.3134e+00, 3.1253e-01, 
 2DIAGNOSTIC,    19, -6.378139993975e-01, 1.465305750376e-06, 9.6938e+00, 3.8039e-01, 
 2DIAGNOSTIC,    20, -6.378118533855e-01, 1.403055812872e-06, 9.9869e+00, 2.9311e-01, 
 2DIAGNOSTIC,    21, -6.378112638713e-01, 1.316171341352e-06, 1.0278e+01, 2.9089e-01, 
 2DIAGNOSTIC,    22, -6.378103782063e-01, 1.181654722258e-06, 1.0547e+01, 2.6901e-01, 
 2DIAGNOSTIC,    23, -6.378098634577e-01, 1.068095761163e-06, 1.0800e+01, 2.5333e-01, 
DIAGNOSTIC,Iteration,metricValue,convergenceValue,ITERATION_TIME_INDEX,SINCE_LAST
 2DIAGNOSTIC,     1, -5.636052740004e-01, 1.797693134862e+308, 1.3644e+01, 2.8435e+00, 
 2DIAGNOSTIC,     2, -5.637297436843e-01, 1.797693134862e+308, 1.5804e+01, 2.1604e+00, 
 2DIAGNOSTIC,     3, -5.637485185720e-01, 1.797693134862e+308, 1.7691e+01, 1.8873e+00, 
 2DIAGNOSTIC,     4, -5.637470435544e-01, 1.797693134862e+308, 1.9473e+01, 1.7815e+00, 
 2DIAGNOSTIC,     5, -5.637474507605e-01, 1.797693134862e+308, 2.1461e+01, 1.9888e+00, 
 2DIAGNOSTIC,     6, -5.637471278278e-01, 1.797693134862e+308, 2.3346e+01, 1.8845e+00, 
 2DIAGNOSTIC,     7, -5.637451752198e-01, 1.797693134862e+308, 2.5265e+01, 1.9190e+00, 
 2DIAGNOSTIC,     8, -5.637461862090e-01, 1.797693134862e+308, 2.7099e+01, 1.8337e+00, 
 2DIAGNOSTIC,     9, -5.637465689668e-01, 1.797693134862e+308, 2.9201e+01, 2.1023e+00, 
 2DIAGNOSTIC,    10, -5.637472296244e-01, 1.094963862527e-05, 3.1224e+01, 2.0231e+00, 
 2DIAGNOSTIC,    11, -5.637471655647e-01, 3.581651867438e-06, 3.3267e+01, 2.0431e+00, 
 2DIAGNOSTIC,    12, -5.637470136319e-01, 2.581678217956e-06, 3.5280e+01, 2.0130e+00, 
 2DIAGNOSTIC,    13, -5.637469449653e-01, 2.469000900063e-06, 3.7092e+01, 1.8115e+00, 
 2DIAGNOSTIC,    14, -5.637456764371e-01, 2.269424349555e-06, 3.9444e+01, 2.3520e+00, 
 2DIAGNOSTIC,    15, -5.637456129129e-01, 2.109029193578e-06, 4.1460e+01, 2.0164e+00, 
 2DIAGNOSTIC,    16, -5.637455869076e-01, 1.960618811456e-06, 4.3707e+01, 2.2464e+00, 
 2DIAGNOSTIC,    17, -5.637453839620e-01, 1.767351951815e-06, 4.5620e+01, 1.9131e+00, 
 2DIAGNOSTIC,    18, -5.637453446275e-01, 1.632561199560e-06, 4.7606e+01, 1.9861e+00, 
 2DIAGNOSTIC,    19, -5.637453256775e-01, 1.534038595340e-06, 4.9375e+01, 1.7688e+00, 
 2DIAGNOSTIC,    20, -5.637452481702e-01, 1.473135304249e-06, 5.1251e+01, 1.8762e+00, 
 2DIAGNOSTIC,    21, -5.637451725750e-01, 1.425269529808e-06, 5.3693e+01, 2.4419e+00, 
 2DIAGNOSTIC,    22, -5.637452621560e-01, 1.388459366661e-06, 5.5577e+01, 1.8839e+00, 
 2DIAGNOSTIC,    23, -5.637452052532e-01, 1.358174453917e-06, 5.7576e+01, 1.9993e+00, 
 2DIAGNOSTIC,    24, -5.637449481407e-01, 1.300706752021e-06, 5.9485e+01, 1.9094e+00, 
 2DIAGNOSTIC,    25, -5.637446978506e-01, 1.243979772046e-06, 6.1182e+01, 1.6969e+00, 
 2DIAGNOSTIC,    26, -5.637444769700e-01, 1.189685483134e-06, 6.3160e+01, 1.9778e+00, 
 2DIAGNOSTIC,    27, -5.637444521943e-01, 1.138300813240e-06, 6.4897e+01, 1.7370e+00, 
 2DIAGNOSTIC,    28, -5.637443041755e-01, 1.090863157922e-06, 6.6755e+01, 1.8576e+00, 
 2DIAGNOSTIC,    29, -5.637445441306e-01, 1.054958569807e-06, 6.8383e+01, 1.6287e+00, 
 2DIAGNOSTIC,    30, -5.637445557754e-01, 1.024294830225e-06, 7.0498e+01, 2.1151e+00, 
  Elapsed time (stage 0): 7.1705e+01


Total elapsed time: 7.1708e+01
Info [verificarlo]: loaded backend libinterflop_ieee.so
Info [interflop-ieee]: load backend with:
Info [interflop-ieee]: debug = false
Info [interflop-ieee]: debug-binary = false
Info [interflop-ieee]: no-backend-name = false
Info [interflop-ieee]: print-new-line = false
Info [interflop-ieee]: print-subnormal-normalized = false
Info [interflop-ieee]: count-op = false
All_Command_lines_OK
Using double precision for computations.
=============================================================================
The composite transform comprises the following transforms (in order): 
  1. /home/mdugre/scratch/mri-registration-rp/datasets/ds004513/derivatives/mri-registration-rp/0100/antsRegistration-r8-p11/sub-s033/affine_Composite.h5[0] (type = Euler3DTransform)
  2. /home/mdugre/scratch/mri-registration-rp/datasets/ds004513/derivatives/mri-registration-rp/0100/antsRegistration-r8-p11/sub-s033/affine_Composite.h5[1] (type = Euler3DTransform)
  3. /home/mdugre/scratch/mri-registration-rp/datasets/ds004513/derivatives/mri-registration-rp/0100/antsRegistration-r8-p11/sub-s033/affine_Composite.h5[2] (type = Euler3DTransform)
  4. /home/mdugre/scratch/mri-registration-rp/datasets/ds004513/derivatives/mri-registration-rp/0100/antsRegistration-r8-p11/sub-s033/affine_Composite.h5[3] (type = AffineTransform)
=============================================================================
  number of levels = 4
  fixed image: /templateflow/tpl-MNI152NLin2009cAsym/tpl-MNI152NLin2009cAsym_res-01_desc-brain_T1w.nii.gz
  moving image: /home/mdugre/scratch/mri-registration-rp/datasets/ds004513/derivatives/mri-registration-rp/antsBrainExtraction/sub-s033/BrainExtractionBrain.nii.gz
Dimension = 3
Number of stages = 1
Use histogram matching = false
Winsorize image intensities = true
  Lower quantile = 0.005
  Upper quantile = 0.995


Stage 1 State
   Image metric = CC
     Fixed image = Image (0x48b5a40)
  RTTI typeinfo:   itk::Image<double, 3u>
  Reference Count: 2
  Modified Time: 1606
  Debug: Off
  Object Name: 
  Observers: 
    none
  Source: (none)
  Source output name: (none)
  Release Data: Off
  Data Released: False
  Global Release Data: Off
  PipelineMTime: 0
  UpdateMTime: 1217
  RealTimeStamp: 0 seconds 
  LargestPossibleRegion: 
    Dimension: 3
    Index: [0, 0, 0]
    Size: [193, 229, 193]
  BufferedRegion: 
    Dimension: 3
    Index: [0, 0, 0]
    Size: [193, 229, 193]
  RequestedRegion: 
    Dimension: 3
    Index: [0, 0, 0]
    Size: [193, 229, 193]
  Spacing: [1, 1, 1]
  Origin: [96, 132, -78]
  Direction: 
-1 0 0
0 -1 0
0 0 1

  IndexToPointMatrix: 
-1 0 0
0 -1 0
0 0 1

  PointToIndexMatrix: 
-1 0 0
0 -1 0
0 0 1

  Inverse Direction: 
-1 0 0
0 -1 0
0 0 1

  PixelContainer: 
    ImportImageContainer (0x4984780)
      RTTI typeinfo:   itk::ImportImageContainer<unsigned long, double>
      Reference Count: 1
      Modified Time: 1214
      Debug: Off
      Object Name: 
      Observers: 
        none
      Pointer: 0x152712cf8010
      Container manages memory: true
      Size: 8530021
      Capacity: 8530021

     Moving image = Image (0x4986390)
  RTTI typeinfo:   itk::Image<double, 3u>
  Reference Count: 2
  Modified Time: 1607
  Debug: Off
  Object Name: 
  Observers: 
    none
  Source: (none)
  Source output name: (none)
  Release Data: Off
  Data Released: False
  Global Release Data: Off
  PipelineMTime: 0
  UpdateMTime: 1604
  RealTimeStamp: 0 seconds 
  LargestPossibleRegion: 
    Dimension: 3
    Index: [0, 0, 0]
    Size: [160, 240, 256]
  BufferedRegion: 
    Dimension: 3
    Index: [0, 0, 0]
    Size: [160, 240, 256]
  RequestedRegion: 
    Dimension: 3
    Index: [0, 0, 0]
    Size: [160, 240, 256]
  Spacing: [1, 1, 1]
  Origin: [91.5134, 94.282, -109.927]
  Direction: 
-0.99591 -0.0698718 -0.0572835
0.0697565 -0.997556 0.00401236
-0.0574239 5.01125e-08 0.99835

  IndexToPointMatrix: 
-0.99591 -0.0698718 -0.0572835
0.0697565 -0.997556 0.00401236
-0.0574239 5.01125e-08 0.99835

  PointToIndexMatrix: 
-0.99591 0.0697565 -0.0574239
-0.0698718 -0.997556 5.01483e-08
-0.0572835 0.00401236 0.99835

  Inverse Direction: 
-0.99591 0.0697565 -0.0574239
-0.0698718 -0.997556 5.01483e-08
-0.0572835 0.00401236 0.99835

  PixelContainer: 
    ImportImageContainer (0x493b6f0)
      RTTI typeinfo:   itk::ImportImageContainer<unsigned long, double>
      Reference Count: 1
      Modified Time: 1601
      Debug: Off
      Object Name: 
      Observers: 
        none
      Pointer: 0x15270e1f7010
      Container manages memory: true
      Size: 9830400
      Capacity: 9830400

     Weighting = 1
     Sampling strategy = none
     Number of bins = 32
     Radius = 4
     Sampling percentage  = 1
   Transform = SyN
     Gradient step = 0.1
     Update field sigma (voxel space) = 3
     Total field sigma (voxel space) = 0
     Update field time sigma = 0
     Total field time sigma  = 0
     Number of time indices = 0
     Number of time point samples = 0
Registration using 1 total stages.

Stage 0
  iterations = 100x70x50x20
  convergence threshold = 1e-06
  convergence window size = 10
  number of levels = 4
  using the CC metric (radius = 4, weight = 1, use gradient filter = 0)
  preprocessing:  winsorizing the image intensities
  Shrink factors (level 1 out of 4): [8, 8, 8]
  Shrink factors (level 2 out of 4): [4, 4, 4]
  Shrink factors (level 3 out of 4): [2, 2, 2]
  Shrink factors (level 4 out of 4): [1, 1, 1]
  smoothing sigmas per level: [3, 2, 1, 0]
  Using default NONE metricSamplingStrategy 

*** Running SyN registration (varianceForUpdateField = 3, varianceForTotalField = 0) ***

XXDIAGNOSTIC,Iteration,metricValue,convergenceValue,ITERATION_TIME_INDEX,SINCE_LAST
 1DIAGNOSTIC,     1, -9.290889973651e-01, 1.797693134862e+308, 1.1105e+00, 1.1105e+00, 
 1DIAGNOSTIC,     2, -9.381670180157e-01, 1.797693134862e+308, 1.4601e+00, 3.4965e-01, 
 1DIAGNOSTIC,     3, -9.449700742425e-01, 1.797693134862e+308, 1.7908e+00, 3.3065e-01, 
 1DIAGNOSTIC,     4, -9.496670678318e-01, 1.797693134862e+308, 2.1637e+00, 3.7287e-01, 
