
##########################
# Experiment information #
##########################

EXPERIMENT_NAME: antsRegistration-r8-p19
VFC_BACKENDS: libinterflop_vprec.so --range-binary32=8 --precision-binary32=19 --range-binary64=8 --precision-binary64=19

SIF_IMG: /home/mdugre/projects/rrg-glatard/mdugre/containers/ants-vprec-no_metrics.simg

SUBJECT_ID: s017
INPUT_IMG: /home/mdugre/scratch/mri-registration-rp/datasets/ds004513/derivatives/mri-registration-rp/antsBrainExtraction/sub-s017/BrainExtractionBrain.nii.gz
OUTPUT_DIR: /home/mdugre/scratch/mri-registration-rp/datasets/ds004513/derivatives/mri-registration-rp/0100/antsRegistration-r8-p19/sub-s017

FIXED_IMG: /templateflow/tpl-MNI152NLin2009cAsym/tpl-MNI152NLin2009cAsym_res-01_desc-brain_T1w.nii.gz
DATA_DIR: /home/mdugre/scratch/mri-registration-rp/datasets/ds004513
TEMPLATEFLOW_DIR: /home/mdugre/projects/rrg-glatard/mdugre/templateflow
ITK_GLOBAL_DEFAULT_NUMBER_OF_THREADS: 16
##########################

Info [verificarlo]: loaded backend libinterflop_ieee.so
Info [interflop-ieee]: load backend with:
Info [interflop-ieee]: debug = false
Info [interflop-ieee]: debug-binary = false
Info [interflop-ieee]: no-backend-name = false
Info [interflop-ieee]: print-new-line = false
Info [interflop-ieee]: print-subnormal-normalized = false
Info [interflop-ieee]: count-op = false
All_Command_lines_OK
Using double precision for computations.
=============================================================================
The composite transform comprises the following transforms (in order): 
  1. Center of mass alignment using fixed image: /templateflow/tpl-MNI152NLin2009cAsym/tpl-MNI152NLin2009cAsym_res-01_desc-brain_T1w.nii.gz and moving image: /home/mdugre/scratch/mri-registration-rp/datasets/ds004513/derivatives/mri-registration-rp/antsBrainExtraction/sub-s017/BrainExtractionBrain.nii.gz (type = Euler3DTransform)
=============================================================================
  number of levels = 1
  fixed image: /templateflow/tpl-MNI152NLin2009cAsym/tpl-MNI152NLin2009cAsym_res-01_desc-brain_T1w.nii.gz
  moving image: /home/mdugre/scratch/mri-registration-rp/datasets/ds004513/derivatives/mri-registration-rp/antsBrainExtraction/sub-s017/BrainExtractionBrain.nii.gz
Dimension = 3
Number of stages = 1
Use histogram matching = false
Winsorize image intensities = true
  Lower quantile = 0.005
  Upper quantile = 0.995


Stage 1 State
   Image metric = MattesMI
     Fixed image = Image (0x42dbe70)
  RTTI typeinfo:   itk::Image<double, 3u>
  Reference Count: 2
  Modified Time: 2334
  Debug: Off
  Object Name: 
  Observers: 
    none
  Source: (none)
  Source output name: (none)
  Release Data: Off
  Data Released: False
  Global Release Data: Off
  PipelineMTime: 0
  UpdateMTime: 1943
  RealTimeStamp: 0 seconds 
  LargestPossibleRegion: 
    Dimension: 3
    Index: [0, 0, 0]
    Size: [193, 229, 193]
  BufferedRegion: 
    Dimension: 3
    Index: [0, 0, 0]
    Size: [193, 229, 193]
  RequestedRegion: 
    Dimension: 3
    Index: [0, 0, 0]
    Size: [193, 229, 193]
  Spacing: [1, 1, 1]
  Origin: [96, 132, -78]
  Direction: 
-1 0 0
0 -1 0
0 0 1

  IndexToPointMatrix: 
-1 0 0
0 -1 0
0 0 1

  PointToIndexMatrix: 
-1 0 0
0 -1 0
0 0 1

  Inverse Direction: 
-1 0 0
0 -1 0
0 0 1

  PixelContainer: 
    ImportImageContainer (0x42e4c60)
      RTTI typeinfo:   itk::ImportImageContainer<unsigned long, double>
      Reference Count: 1
      Modified Time: 1940
      Debug: Off
      Object Name: 
      Observers: 
        none
      Pointer: 0x1471b93cf010
      Container manages memory: true
      Size: 8530021
      Capacity: 8530021

     Moving image = Image (0x42e7610)
  RTTI typeinfo:   itk::Image<double, 3u>
  Reference Count: 2
  Modified Time: 2335
  Debug: Off
  Object Name: 
  Observers: 
    none
  Source: (none)
  Source output name: (none)
  Release Data: Off
  Data Released: False
  Global Release Data: Off
  PipelineMTime: 0
  UpdateMTime: 2332
  RealTimeStamp: 0 seconds 
  LargestPossibleRegion: 
    Dimension: 3
    Index: [0, 0, 0]
    Size: [160, 240, 256]
  BufferedRegion: 
    Dimension: 3
    Index: [0, 0, 0]
    Size: [160, 240, 256]
  RequestedRegion: 
    Dimension: 3
    Index: [0, 0, 0]
    Size: [160, 240, 256]
  Spacing: [1, 1, 1]
  Origin: [91.3357, 102.231, -120.042]
  Direction: 
-0.997442 -5.36781e-05 -0.0714818
5.35416e-05 -1 3.82465e-06
-0.0714818 -1.23894e-08 0.997442

  IndexToPointMatrix: 
-0.997444 -5.36781e-05 -0.0714818
5.35418e-05 -1 3.82465e-06
-0.0714819 -1.23894e-08 0.997442

  PointToIndexMatrix: 
-0.99744 5.35415e-05 -0.0714816
-5.36781e-05 -1 -1.23894e-08
-0.0714818 3.82465e-06 0.997442

  Inverse Direction: 
-0.997442 5.35416e-05 -0.0714818
-5.36781e-05 -1 -1.23894e-08
-0.0714818 3.82465e-06 0.997442

  PixelContainer: 
    ImportImageContainer (0x4380ef0)
      RTTI typeinfo:   itk::ImportImageContainer<unsigned long, double>
      Reference Count: 1
      Modified Time: 2329
      Debug: Off
      Object Name: 
      Observers: 
        none
      Pointer: 0x1471b48ce010
      Container manages memory: true
      Size: 9830400
      Capacity: 9830400

     Weighting = 1
     Sampling strategy = regular
     Number of bins = 32
     Radius = 4
     Sampling percentage  = 0.25
   Transform = Rigid
     Gradient step = 0.1
     Update field sigma (voxel space) = 0
     Total field sigma (voxel space) = 0
     Update field time sigma = 0
     Total field time sigma  = 0
     Number of time indices = 0
     Number of time point samples = 0
Registration using 1 total stages.

Stage 0
  iterations = 0
  convergence threshold = 1e-06
  convergence window size = 10
  number of levels = 1
  using the Mattes MI metric (number of bins = 32, weight = 1, use gradient filter = 0)
  preprocessing:  winsorizing the image intensities
  Shrink factors (level 1 out of 1): [1, 1, 1]
  smoothing sigmas per level: [0]
  regular sampling (percentage = 0.25)

*** Running Euler3DTransform registration ***

  Elapsed time (stage 0): 1.20016


Total elapsed time: 1.20728
Info [verificarlo]: loaded backend libinterflop_vprec.so
Info [interflop-vprec]: load backend with: 
Info [interflop-vprec]: precision-binary32 = 19
Info [interflop-vprec]: range-binary32 = 8
Info [interflop-vprec]: precision-binary64 = 19
Info [interflop-vprec]: range-binary64 = 8
Info [interflop-vprec]: mode = ob
Info [interflop-vprec]: error-mode = rel
Info [interflop-vprec]: max-abs-error-exponent = -1022
Info [interflop-vprec]: daz = false
Info [interflop-vprec]: ftz = false
Info [interflop-vprec]: 	instrument = none
Info [interflop-vprec]: 	prec-input-file = (null)
Info [interflop-vprec]: 	prec-output-file = (null)
Info [interflop-vprec]: 	prec-log-file = (null)
All_Command_lines_OK
Using double precision for computations.
=============================================================================
The composite transform comprises the following transforms (in order): 
  1. /home/mdugre/scratch/mri-registration-rp/datasets/ds004513/derivatives/mri-registration-rp/0100/antsRegistration-r8-p19/sub-s017/align_Composite.h5[0] (type = Euler3DTransform)
  2. /home/mdugre/scratch/mri-registration-rp/datasets/ds004513/derivatives/mri-registration-rp/0100/antsRegistration-r8-p19/sub-s017/align_Composite.h5[1] (type = Euler3DTransform)
=============================================================================
  number of levels = 4
  fixed image: /templateflow/tpl-MNI152NLin2009cAsym/tpl-MNI152NLin2009cAsym_res-01_desc-brain_T1w.nii.gz
  moving image: /home/mdugre/scratch/mri-registration-rp/datasets/ds004513/derivatives/mri-registration-rp/antsBrainExtraction/sub-s017/BrainExtractionBrain.nii.gz
Dimension = 3
Number of stages = 1
Use histogram matching = false
Winsorize image intensities = true
  Lower quantile = 0.005
  Upper quantile = 0.995


Stage 1 State
   Image metric = MattesMI
     Fixed image = Image (0x4bf31e0)
  RTTI typeinfo:   itk::Image<double, 3u>
  Reference Count: 2
  Modified Time: 1580
  Debug: Off
  Object Name: 
  Observers: 
    none
  Source: (none)
  Source output name: (none)
  Release Data: Off
  Data Released: False
  Global Release Data: Off
  PipelineMTime: 0
  UpdateMTime: 1189
  RealTimeStamp: 0 seconds 
  LargestPossibleRegion: 
    Dimension: 3
    Index: [0, 0, 0]
    Size: [193, 229, 193]
  BufferedRegion: 
    Dimension: 3
    Index: [0, 0, 0]
    Size: [193, 229, 193]
  RequestedRegion: 
    Dimension: 3
    Index: [0, 0, 0]
    Size: [193, 229, 193]
  Spacing: [1, 1, 1]
  Origin: [96, 132, -78]
  Direction: 
-1 0 0
0 -1 0
0 0 1

  IndexToPointMatrix: 
-1 0 0
0 -1 0
0 0 1

  PointToIndexMatrix: 
-1 0 0
0 -1 0
0 0 1

  Inverse Direction: 
-1 0 0
0 -1 0
0 0 1

  PixelContainer: 
    ImportImageContainer (0x4cb2680)
      RTTI typeinfo:   itk::ImportImageContainer<unsigned long, double>
      Reference Count: 1
      Modified Time: 1186
      Debug: Off
      Object Name: 
      Observers: 
        none
      Pointer: 0x146c0699c010
      Container manages memory: true
      Size: 8530021
      Capacity: 8530021

     Moving image = Image (0x4caeb20)
  RTTI typeinfo:   itk::Image<double, 3u>
  Reference Count: 2
  Modified Time: 1581
  Debug: Off
  Object Name: 
  Observers: 
    none
  Source: (none)
  Source output name: (none)
  Release Data: Off
  Data Released: False
  Global Release Data: Off
  PipelineMTime: 0
  UpdateMTime: 1578
  RealTimeStamp: 0 seconds 
  LargestPossibleRegion: 
    Dimension: 3
    Index: [0, 0, 0]
    Size: [160, 240, 256]
  BufferedRegion: 
    Dimension: 3
    Index: [0, 0, 0]
    Size: [160, 240, 256]
  RequestedRegion: 
    Dimension: 3
    Index: [0, 0, 0]
    Size: [160, 240, 256]
  Spacing: [1, 1, 1]
  Origin: [91.3357, 102.231, -120.042]
  Direction: 
-0.997442 -5.36781e-05 -0.0714818
5.35416e-05 -1 3.82464e-06
-0.0714818 -1.23894e-08 0.997442

  IndexToPointMatrix: 
-0.997444 -5.36781e-05 -0.0714818
5.35417e-05 -1 3.82464e-06
-0.0714819 -1.23894e-08 0.997442

  PointToIndexMatrix: 
-0.99744 5.35415e-05 -0.0714817
-5.36781e-05 -1 -1.23873e-08
-0.0714818 3.82465e-06 0.997442

  Inverse Direction: 
-0.997442 5.35416e-05 -0.0714818
-5.36781e-05 -1 -1.23873e-08
-0.0714818 3.82465e-06 0.997442

  PixelContainer: 
    ImportImageContainer (0x4d17d50)
      RTTI typeinfo:   itk::ImportImageContainer<unsigned long, double>
      Reference Count: 1
      Modified Time: 1575
      Debug: Off
      Object Name: 
      Observers: 
        none
      Pointer: 0x146c01e9b010
      Container manages memory: true
      Size: 9830400
      Capacity: 9830400

     Weighting = 1
     Sampling strategy = regular
     Number of bins = 32
     Radius = 4
     Sampling percentage  = 0.25
   Transform = Rigid
     Gradient step = 0.1
     Update field sigma (voxel space) = 0
     Total field sigma (voxel space) = 0
     Update field time sigma = 0
     Total field time sigma  = 0
     Number of time indices = 0
     Number of time point samples = 0
Registration using 1 total stages.

Stage 0
  iterations = 1000x500x250x100
  convergence threshold = 1e-06
  convergence window size = 10
  number of levels = 4
  using the Mattes MI metric (number of bins = 32, weight = 1, use gradient filter = 0)
  preprocessing:  winsorizing the image intensities
  Shrink factors (level 1 out of 4): [8, 8, 8]
  Shrink factors (level 2 out of 4): [4, 4, 4]
  Shrink factors (level 3 out of 4): [2, 2, 2]
  Shrink factors (level 4 out of 4): [1, 1, 1]
  smoothing sigmas per level: [3, 2, 1, 0]
  regular sampling (percentage = 0.25)

*** Running Euler3DTransform registration ***

DIAGNOSTIC,Iteration,metricValue,convergenceValue,ITERATION_TIME_INDEX,SINCE_LAST
 2DIAGNOSTIC,     1, -5.567841896533e-01, 1.797693134862e+308, 0.0000e+00, 0.0000e+00, 
 2DIAGNOSTIC,     2, -5.584299486375e-01, 1.797693134862e+308, 0.0000e+00, 0.0000e+00, 
 2DIAGNOSTIC,     3, -5.612776536311e-01, 1.797693134862e+308, 0.0000e+00, 0.0000e+00, 
 2DIAGNOSTIC,     4, -5.637857820847e-01, 1.797693134862e+308, 0.0000e+00, 0.0000e+00, 
 2DIAGNOSTIC,     5, -5.658322369523e-01, 1.797693134862e+308, 0.0000e+00, 0.0000e+00, 
 2DIAGNOSTIC,     6, -5.696559221886e-01, 1.797693134862e+308, 0.0000e+00, 0.0000e+00, 
 2DIAGNOSTIC,     7, -5.734240060180e-01, 1.797693134862e+308, 0.0000e+00, 0.0000e+00, 
 2DIAGNOSTIC,     8, -5.754451820247e-01, 1.797693134862e+308, 0.0000e+00, 0.0000e+00, 
 2DIAGNOSTIC,     9, -5.763128886600e-01, 1.797693134862e+308, 0.0000e+00, 0.0000e+00, 
 2DIAGNOSTIC,    10, -5.770920258288e-01, 2.556396201637e-03, 0.0000e+00, 0.0000e+00, 
 2DIAGNOSTIC,    11, -5.785335537246e-01, 2.175374675076e-03, 0.0000e+00, 0.0000e+00, 
 2DIAGNOSTIC,    12, -5.797380189269e-01, 1.777497884650e-03, 0.0000e+00, 0.0000e+00, 
 2DIAGNOSTIC,    13, -5.808524308608e-01, 1.431857751716e-03, 0.0000e+00, 0.0000e+00, 
 2DIAGNOSTIC,    14, -5.808832102948e-01, 1.098036958395e-03, 0.0000e+00, 0.0000e+00, 
 2DIAGNOSTIC,    15, -5.810499738729e-01, 7.821129222485e-04, 0.0000e+00, 0.0000e+00, 
 2DIAGNOSTIC,    16, -5.811865550245e-01, 5.549649476272e-04, 0.0000e+00, 0.0000e+00, 
 2DIAGNOSTIC,    17, -5.812574475557e-01, 4.141315023586e-04, 0.0000e+00, 0.0000e+00, 
 2DIAGNOSTIC,    18, -5.818192174322e-01, 3.218416341212e-04, 0.0000e+00, 0.0000e+00, 
 2DIAGNOSTIC,    19, -5.820474531717e-01, 2.382258869856e-04, 0.0000e+00, 0.0000e+00, 
 2DIAGNOSTIC,    20, -5.820962877140e-01, 1.613387211113e-04, 0.0000e+00, 0.0000e+00, 
 2DIAGNOSTIC,    21, -5.822247289295e-01, 1.136518542416e-04, 0.0000e+00, 0.0000e+00, 
 2DIAGNOSTIC,    22, -5.822303799106e-01, 8.635493179257e-05, 0.0000e+00, 0.0000e+00, 
 2DIAGNOSTIC,    23, -5.823045849385e-01, 7.893802234359e-05, 0.0000e+00, 0.0000e+00, 
 2DIAGNOSTIC,    24, -5.835567771991e-01, 9.109652262072e-05, 0.0000e+00, 0.0000e+00, 
 2DIAGNOSTIC,    25, -5.848873032789e-01, 1.227726181705e-04, 0.0000e+00, 0.0000e+00, 
 2DIAGNOSTIC,    26, -5.850519775641e-01, 1.459708155485e-04, 0.0000e+00, 0.0000e+00, 
 2DIAGNOSTIC,    27, -5.849347613758e-01, 1.532905138225e-04, 0.0000e+00, 0.0000e+00, 
 2DIAGNOSTIC,    28, -5.850191365049e-01, 1.574079063326e-04, 0.0000e+00, 0.0000e+00, 
 2DIAGNOSTIC,    29, -5.850990544465e-01, 1.512536940821e-04, 0.0000e+00, 0.0000e+00, 
 2DIAGNOSTIC,    30, -5.851273946361e-01, 1.320430751101e-04, 0.0000e+00, 0.0000e+00, 
 2DIAGNOSTIC,    31, -5.853414914537e-01, 1.073716955690e-04, 0.0000e+00, 0.0000e+00, 
 2DIAGNOSTIC,    32, -5.867074431697e-01, 9.573458507202e-05, 0.0000e+00, 0.0000e+00, 
 2DIAGNOSTIC,    33, -5.873320322596e-01, 8.542256685275e-05, 0.0000e+00, 0.0000e+00, 
 2DIAGNOSTIC,    34, -5.874976437730e-01, 8.764687139527e-05, 0.0000e+00, 0.0000e+00, 
 2DIAGNOSTIC,    35, -5.884271934760e-01, 1.134651422153e-04, 0.0000e+00, 0.0000e+00, 
 2DIAGNOSTIC,    36, -5.892168292901e-01, 1.398901413350e-04, 0.0000e+00, 0.0000e+00, 
 2DIAGNOSTIC,    37, -5.899587237933e-01, 1.594393248135e-04, 0.0000e+00, 0.0000e+00, 
 2DIAGNOSTIC,    38, -5.901183495277e-01, 1.658469498203e-04, 0.0000e+00, 0.0000e+00, 
 2DIAGNOSTIC,    39, -5.904563358209e-01, 1.618596604206e-04, 0.0000e+00, 0.0000e+00, 
 2DIAGNOSTIC,    40, -5.908360292424e-01, 1.477860431034e-04, 0.0000e+00, 0.0000e+00, 
 2DIAGNOSTIC,    41, -5.910668494785e-01, 1.250721088159e-04, 0.0000e+00, 0.0000e+00, 
 2DIAGNOSTIC,    42, -5.911777841960e-01, 1.086458427439e-04, 0.0000e+00, 0.0000e+00, 
 2DIAGNOSTIC,    43, -5.914640266369e-01, 9.326228220167e-05, 0.0000e+00, 0.0000e+00, 
 2DIAGNOSTIC,    44, -5.915674353772e-01, 7.256294942147e-05, 0.0000e+00, 0.0000e+00, 
 2DIAGNOSTIC,    45, -5.914770325278e-01, 5.485713425466e-05, 0.0000e+00, 0.0000e+00, 
 2DIAGNOSTIC,    46, -5.915897048722e-01, 4.221978253274e-05, 0.0000e+00, 0.0000e+00, 
 2DIAGNOSTIC,    47, -5.915925289148e-01, 3.388568470977e-05, 0.0000e+00, 0.0000e+00, 
 2DIAGNOSTIC,    48, -5.915937427585e-01, 2.428851290447e-05, 0.0000e+00, 0.0000e+00, 
 2DIAGNOSTIC,    49, -5.915945029448e-01, 1.613163672884e-05, 0.0000e+00, 0.0000e+00, 
 2DIAGNOSTIC,    50, -5.915964575530e-01, 1.054836022792e-05, 0.0000e+00, 0.0000e+00, 
 2DIAGNOSTIC,    51, -5.916001723050e-01, 6.484151241125e-06, 0.0000e+00, 0.0000e+00, 
 2DIAGNOSTIC,    52, -5.917044590863e-01, 3.950971550787e-06, 0.0000e+00, 0.0000e+00, 
 2DIAGNOSTIC,    53, -5.917131373926e-01, 3.860007081448e-06, 0.0000e+00, 0.0000e+00, 
 2DIAGNOSTIC,    54, -5.917251250209e-01, 4.547100117536e-06, 0.0000e+00, 0.0000e+00, 
 2DIAGNOSTIC,    55, -5.917324467554e-01, 4.077974763143e-06, 0.0000e+00, 0.0000e+00, 
 2DIAGNOSTIC,    56, -5.917348821806e-01, 4.287642191816e-06, 0.0000e+00, 0.0000e+00, 
 2DIAGNOSTIC,    57, -5.917332766528e-01, 4.129982939798e-06, 0.0000e+00, 0.0000e+00, 
 2DIAGNOSTIC,    58, -5.917329192686e-01, 3.639597693939e-06, 0.0000e+00, 0.0000e+00, 
 2DIAGNOSTIC,    59, -5.917336000811e-01, 2.893380037866e-06, 0.0000e+00, 0.0000e+00, 
 2DIAGNOSTIC,    60, -5.917329656674e-01, 1.965868939427e-06, 0.0000e+00, 0.0000e+00, 
DIAGNOSTIC,Iteration,metricValue,convergenceValue,ITERATION_TIME_INDEX,SINCE_LAST
 2DIAGNOSTIC,     1, -4.783936518507e-01, 1.797693134862e+308, 0.0000e+00, 0.0000e+00, 
 2DIAGNOSTIC,     2, -4.784619047282e-01, 1.797693134862e+308, 0.0000e+00, 0.0000e+00, 
 2DIAGNOSTIC,     3, -4.785091634804e-01, 1.797693134862e+308, 0.0000e+00, 0.0000e+00, 
 2DIAGNOSTIC,     4, -4.785827220384e-01, 1.797693134862e+308, 0.0000e+00, 0.0000e+00, 
 2DIAGNOSTIC,     5, -4.787425457437e-01, 1.797693134862e+308, 0.0000e+00, 0.0000e+00, 
 2DIAGNOSTIC,     6, -4.793101163373e-01, 1.797693134862e+308, 0.0000e+00, 0.0000e+00, 
 2DIAGNOSTIC,     7, -4.807321950832e-01, 1.797693134862e+308, 0.0000e+00, 0.0000e+00, 
 2DIAGNOSTIC,     8, -4.812201708057e-01, 1.797693134862e+308, 0.0000e+00, 0.0000e+00, 
 2DIAGNOSTIC,     9, -4.813504978163e-01, 1.797693134862e+308, 0.0000e+00, 0.0000e+00, 
 2DIAGNOSTIC,    10, -4.822251713475e-01, 5.574098328645e-04, 0.0000e+00, 0.0000e+00, 
 2DIAGNOSTIC,    11, -4.825211930201e-01, 5.756315298792e-04, 0.0000e+00, 0.0000e+00, 
 2DIAGNOSTIC,    12, -4.825557964651e-01, 5.434735611355e-04, 0.0000e+00, 0.0000e+00, 
 2DIAGNOSTIC,    13, -4.828237201239e-01, 4.823336360394e-04, 0.0000e+00, 0.0000e+00, 
 2DIAGNOSTIC,    14, -4.828286215356e-01, 3.903746669781e-04, 0.0000e+00, 0.0000e+00, 
 2DIAGNOSTIC,    15, -4.828547411298e-01, 2.824848135683e-04, 0.0000e+00, 0.0000e+00, 
 2DIAGNOSTIC,    16, -4.828811046644e-01, 1.829876157306e-04, 0.0000e+00, 0.0000e+00, 
 2DIAGNOSTIC,    17, -4.829047594614e-01, 1.287908929806e-04, 0.0000e+00, 0.0000e+00, 
 2DIAGNOSTIC,    18, -4.828844268395e-01, 8.449547923682e-05, 0.0000e+00, 0.0000e+00, 
 2DIAGNOSTIC,    19, -4.829240231664e-01, 4.184867401324e-05, 0.0000e+00, 0.0000e+00, 
 2DIAGNOSTIC,    20, -4.829467552620e-01, 2.609074710863e-05, 0.0000e+00, 0.0000e+00, 
 2DIAGNOSTIC,    21, -4.829574253757e-01, 1.821268532086e-05, 0.0000e+00, 0.0000e+00, 
 2DIAGNOSTIC,    22, -4.829596040199e-01, 1.029333243766e-05, 0.0000e+00, 0.0000e+00, 
 2DIAGNOSTIC,    23, -4.830022076109e-01, 1.023562645767e-05, 0.0000e+00, 0.0000e+00, 
 2DIAGNOSTIC,    24, -4.830296907881e-01, 1.010659354579e-05, 0.0000e+00, 0.0000e+00, 
 2DIAGNOSTIC,    25, -4.830352238452e-01, 9.872561519346e-06, 0.0000e+00, 0.0000e+00, 
 2DIAGNOSTIC,    26, -4.830172874454e-01, 9.046285020888e-06, 0.0000e+00, 0.0000e+00, 
 2DIAGNOSTIC,    27, -4.830643958532e-01, 9.139349688055e-06, 0.0000e+00, 0.0000e+00, 
 2DIAGNOSTIC,    28, -4.831145521209e-01, 9.040183138874e-06, 0.0000e+00, 0.0000e+00, 
 2DIAGNOSTIC,    29, -4.831262723330e-01, 9.198629851180e-06, 0.0000e+00, 0.0000e+00, 
 2DIAGNOSTIC,    30, -4.831270494613e-01, 9.068710928962e-06, 0.0000e+00, 0.0000e+00, 
 2DIAGNOSTIC,    31, -4.830951372710e-01, 7.822022568625e-06, 0.0000e+00, 0.0000e+00, 
 2DIAGNOSTIC,    32, -4.830756821778e-01, 5.680040047230e-06, 0.0000e+00, 0.0000e+00, 
 2DIAGNOSTIC,    33, -4.830818143252e-01, 4.060674771794e-06, 0.0000e+00, 0.0000e+00, 
 2DIAGNOSTIC,    34, -4.830760376977e-01, 2.603168789091e-06, 0.0000e+00, 0.0000e+00, 
 2DIAGNOSTIC,    35, -4.830804248879e-01, 1.269527474340e-06, 0.0000e+00, 0.0000e+00, 
DIAGNOSTIC,Iteration,metricValue,convergenceValue,ITERATION_TIME_INDEX,SINCE_LAST
 2DIAGNOSTIC,     1, -4.157558830377e-01, 1.797693134862e+308, 0.0000e+00, 0.0000e+00, 
 2DIAGNOSTIC,     2, -4.158569457072e-01, 1.797693134862e+308, 0.0000e+00, 0.0000e+00, 
 2DIAGNOSTIC,     3, -4.158957972857e-01, 1.797693134862e+308, 0.0000e+00, 0.0000e+00, 
 2DIAGNOSTIC,     4, -4.158989694040e-01, 1.797693134862e+308, 0.0000e+00, 0.0000e+00, 
 2DIAGNOSTIC,     5, -4.158974238213e-01, 1.797693134862e+308, 0.0000e+00, 0.0000e+00, 
 2DIAGNOSTIC,     6, -4.158932620028e-01, 1.797693134862e+308, 0.0000e+00, 0.0000e+00, 
 2DIAGNOSTIC,     7, -4.158922998540e-01, 1.797693134862e+308, 0.0000e+00, 0.0000e+00, 
 2DIAGNOSTIC,     8, -4.158886277790e-01, 1.797693134862e+308, 0.0000e+00, 0.0000e+00, 
 2DIAGNOSTIC,     9, -4.158854312695e-01, 1.797693134862e+308, 0.0000e+00, 0.0000e+00, 
 2DIAGNOSTIC,    10, -4.158855228336e-01, 1.312933034206e-05, 0.0000e+00, 0.0000e+00, 
 2DIAGNOSTIC,    11, -4.158833976564e-01, 3.114795492296e-06, 0.0000e+00, 0.0000e+00, 
DIAGNOSTIC,Iteration,metricValue,convergenceValue,ITERATION_TIME_INDEX,SINCE_LAST
 2DIAGNOSTIC,     1, -3.830310362126e-01, 1.797693134862e+308, 0.0000e+00, 0.0000e+00, 
 2DIAGNOSTIC,     2, -3.831456997593e-01, 1.797693134862e+308, 0.0000e+00, 0.0000e+00, 
 2DIAGNOSTIC,     3, -3.832200090710e-01, 1.797693134862e+308, 0.0000e+00, 0.0000e+00, 
 2DIAGNOSTIC,     4, -3.832992590917e-01, 1.797693134862e+308, 0.0000e+00, 0.0000e+00, 
 2DIAGNOSTIC,     5, -3.833053615824e-01, 1.797693134862e+308, 0.0000e+00, 0.0000e+00, 
 2DIAGNOSTIC,     6, -3.833050373852e-01, 1.797693134862e+308, 0.0000e+00, 0.0000e+00, 
 2DIAGNOSTIC,     7, -3.833038653362e-01, 1.797693134862e+308, 0.0000e+00, 0.0000e+00, 
 2DIAGNOSTIC,     8, -3.833032713439e-01, 1.797693134862e+308, 0.0000e+00, 0.0000e+00, 
 2DIAGNOSTIC,     9, -3.833033223896e-01, 1.797693134862e+308, 0.0000e+00, 0.0000e+00, 
 2DIAGNOSTIC,    10, -3.833023787470e-01, 3.799764922677e-05, 0.0000e+00, 0.0000e+00, 
 2DIAGNOSTIC,    11, -3.833016550640e-01, 1.836271412281e-05, 0.0000e+00, 0.0000e+00, 
 2DIAGNOSTIC,    12, -3.833006428734e-01, 7.571672004270e-06, 0.0000e+00, 0.0000e+00, 
 2DIAGNOSTIC,    13, -3.833017834010e-01, 2.175253607878e-06, 0.0000e+00, 0.0000e+00, 
 2DIAGNOSTIC,    14, -3.833017501936e-01, 1.756668866482e-06, 0.0000e+00, 0.0000e+00, 
 2DIAGNOSTIC,    15, -3.833018679914e-01, 1.748065559359e-06, 0.0000e+00, 0.0000e+00, 
 2DIAGNOSTIC,    16, -3.833014658207e-01, 1.743424904485e-06, 0.0000e+00, 0.0000e+00, 
 2DIAGNOSTIC,    17, -3.833015969514e-01, 1.717318092294e-06, 0.0000e+00, 0.0000e+00, 
 2DIAGNOSTIC,    18, -3.833016441078e-01, 1.683452935941e-06, 0.0000e+00, 0.0000e+00, 
 2DIAGNOSTIC,    19, -3.833016409023e-01, 1.662041113237e-06, 0.0000e+00, 0.0000e+00, 
 2DIAGNOSTIC,    20, -3.833016408518e-01, 1.609626963030e-06, 0.0000e+00, 0.0000e+00, 
 2DIAGNOSTIC,    21, -3.833016392477e-01, 1.536170768472e-06, 0.0000e+00, 0.0000e+00, 
 2DIAGNOSTIC,    22, -3.833016380494e-01, 1.431806487796e-06, 0.0000e+00, 0.0000e+00, 
 2DIAGNOSTIC,    23, -3.833016393409e-01, 1.374139332176e-06, 0.0000e+00, 0.0000e+00, 
 2DIAGNOSTIC,    24, -3.833016236299e-01, 1.320085941239e-06, 0.0000e+00, 0.0000e+00, 
 2DIAGNOSTIC,    25, -3.833016236172e-01, 1.274468310060e-06, 0.0000e+00, 0.0000e+00, 
 2DIAGNOSTIC,    26, -3.833016220719e-01, 1.220258134267e-06, 0.0000e+00, 0.0000e+00, 
 2DIAGNOSTIC,    27, -3.833016037334e-01, 1.173133563882e-06, 2.0480e+03, 2.0480e+03, 
 2DIAGNOSTIC,    28, -3.833016041922e-01, 1.130849264099e-06, 2.0480e+03, 0.0000e+00, 
 2DIAGNOSTIC,    29, -3.833016052229e-01, 1.091651122664e-06, 2.0480e+03, 0.0000e+00, 
 2DIAGNOSTIC,    30, -3.833016053348e-01, 1.055300678711e-06, 2.0480e+03, 0.0000e+00, 
 2DIAGNOSTIC,    31, -3.833016092562e-01, 1.021575203951e-06, 2.0480e+03, 0.0000e+00, 
  Elapsed time (stage 0): 2.0480e+03


Total elapsed time: 2.0480e+03
Info [verificarlo]: loaded backend libinterflop_ieee.so
Info [interflop-ieee]: load backend with:
Info [interflop-ieee]: debug = false
Info [interflop-ieee]: debug-binary = false
Info [interflop-ieee]: no-backend-name = false
Info [interflop-ieee]: print-new-line = false
Info [interflop-ieee]: print-subnormal-normalized = false
Info [interflop-ieee]: count-op = false
All_Command_lines_OK
Using double precision for computations.
=============================================================================
The composite transform comprises the following transforms (in order): 
  1. /home/mdugre/scratch/mri-registration-rp/datasets/ds004513/derivatives/mri-registration-rp/0100/antsRegistration-r8-p19/sub-s017/rigid_Composite.h5[0] (type = Euler3DTransform)
  2. /home/mdugre/scratch/mri-registration-rp/datasets/ds004513/derivatives/mri-registration-rp/0100/antsRegistration-r8-p19/sub-s017/rigid_Composite.h5[1] (type = Euler3DTransform)
  3. /home/mdugre/scratch/mri-registration-rp/datasets/ds004513/derivatives/mri-registration-rp/0100/antsRegistration-r8-p19/sub-s017/rigid_Composite.h5[2] (type = Euler3DTransform)
=============================================================================
  number of levels = 4
  fixed image: /templateflow/tpl-MNI152NLin2009cAsym/tpl-MNI152NLin2009cAsym_res-01_desc-brain_T1w.nii.gz
  moving image: /home/mdugre/scratch/mri-registration-rp/datasets/ds004513/derivatives/mri-registration-rp/antsBrainExtraction/sub-s017/BrainExtractionBrain.nii.gz
Dimension = 3
Number of stages = 1
Use histogram matching = false
Winsorize image intensities = true
  Lower quantile = 0.005
  Upper quantile = 0.995


Stage 1 State
   Image metric = MattesMI
     Fixed image = Image (0x4cfc7e0)
  RTTI typeinfo:   itk::Image<double, 3u>
  Reference Count: 2
  Modified Time: 1594
  Debug: Off
  Object Name: 
  Observers: 
    none
  Source: (none)
  Source output name: (none)
  Release Data: Off
  Data Released: False
  Global Release Data: Off
  PipelineMTime: 0
  UpdateMTime: 1203
  RealTimeStamp: 0 seconds 
  LargestPossibleRegion: 
    Dimension: 3
    Index: [0, 0, 0]
    Size: [193, 229, 193]
  BufferedRegion: 
    Dimension: 3
    Index: [0, 0, 0]
    Size: [193, 229, 193]
  RequestedRegion: 
    Dimension: 3
    Index: [0, 0, 0]
    Size: [193, 229, 193]
  Spacing: [1, 1, 1]
  Origin: [96, 132, -78]
  Direction: 
-1 0 0
0 -1 0
0 0 1

  IndexToPointMatrix: 
-1 0 0
0 -1 0
0 0 1

  PointToIndexMatrix: 
-1 0 0
0 -1 0
0 0 1

  Inverse Direction: 
-1 0 0
0 -1 0
0 0 1

  PixelContainer: 
    ImportImageContainer (0x4dc7880)
      RTTI typeinfo:   itk::ImportImageContainer<unsigned long, double>
      Reference Count: 1
      Modified Time: 1200
      Debug: Off
      Object Name: 
      Observers: 
        none
      Pointer: 0x14b65db2b010
      Container manages memory: true
      Size: 8530021
      Capacity: 8530021

     Moving image = Image (0x4db8050)
  RTTI typeinfo:   itk::Image<double, 3u>
  Reference Count: 2
  Modified Time: 1595
  Debug: Off
  Object Name: 
  Observers: 
    none
  Source: (none)
  Source output name: (none)
  Release Data: Off
  Data Released: False
  Global Release Data: Off
  PipelineMTime: 0
  UpdateMTime: 1592
  RealTimeStamp: 0 seconds 
  LargestPossibleRegion: 
    Dimension: 3
    Index: [0, 0, 0]
    Size: [160, 240, 256]
  BufferedRegion: 
    Dimension: 3
    Index: [0, 0, 0]
    Size: [160, 240, 256]
  RequestedRegion: 
    Dimension: 3
    Index: [0, 0, 0]
    Size: [160, 240, 256]
  Spacing: [1, 1, 1]
  Origin: [91.3357, 102.231, -120.042]
  Direction: 
-0.997442 -5.36781e-05 -0.0714818
5.35416e-05 -1 3.82465e-06
-0.0714818 -1.23894e-08 0.997442

  IndexToPointMatrix: 
-0.997444 -5.36781e-05 -0.0714818
5.35418e-05 -1 3.82465e-06
-0.0714819 -1.23894e-08 0.997442

  PointToIndexMatrix: 
-0.99744 5.35415e-05 -0.0714816
-5.36781e-05 -1 -1.23894e-08
-0.0714818 3.82465e-06 0.997442

  Inverse Direction: 
-0.997442 5.35416e-05 -0.0714818
-5.36781e-05 -1 -1.23894e-08
-0.0714818 3.82465e-06 0.997442

  PixelContainer: 
    ImportImageContainer (0x4e6b690)
      RTTI typeinfo:   itk::ImportImageContainer<unsigned long, double>
      Reference Count: 1
      Modified Time: 1589
      Debug: Off
      Object Name: 
      Observers: 
        none
      Pointer: 0x14b65902a010
      Container manages memory: true
      Size: 9830400
      Capacity: 9830400

     Weighting = 1
     Sampling strategy = regular
     Number of bins = 32
     Radius = 4
     Sampling percentage  = 0.25
   Transform = Affine
     Gradient step = 0.1
     Update field sigma (voxel space) = 0
     Total field sigma (voxel space) = 0
     Update field time sigma = 0
     Total field time sigma  = 0
     Number of time indices = 0
     Number of time point samples = 0
Registration using 1 total stages.

Stage 0
  iterations = 1000x500x250x100
  convergence threshold = 1e-06
  convergence window size = 10
  number of levels = 4
  using the Mattes MI metric (number of bins = 32, weight = 1, use gradient filter = 0)
  preprocessing:  winsorizing the image intensities
  Shrink factors (level 1 out of 4): [8, 8, 8]
  Shrink factors (level 2 out of 4): [4, 4, 4]
  Shrink factors (level 3 out of 4): [2, 2, 2]
  Shrink factors (level 4 out of 4): [1, 1, 1]
  smoothing sigmas per level: [3, 2, 1, 0]
  regular sampling (percentage = 0.25)

*** Running AffineTransform registration ***

DIAGNOSTIC,Iteration,metricValue,convergenceValue,ITERATION_TIME_INDEX,SINCE_LAST
 2DIAGNOSTIC,     1, -5.807163708719e-01, 1.797693134862e+308, 7.8199e-01, 7.8198e-01, 
 2DIAGNOSTIC,     2, -5.834357832852e-01, 1.797693134862e+308, 7.8656e-01, 4.5791e-03, 
 2DIAGNOSTIC,     3, -5.887163640093e-01, 1.797693134862e+308, 7.9113e-01, 4.5609e-03, 
 2DIAGNOSTIC,     4, -5.970223121017e-01, 1.797693134862e+308, 7.9554e-01, 4.4119e-03, 
 2DIAGNOSTIC,     5, -6.118557460584e-01, 1.797693134862e+308, 8.0005e-01, 4.5090e-03, 
 2DIAGNOSTIC,     6, -6.404060343619e-01, 1.797693134862e+308, 8.0461e-01, 4.5600e-03, 
 2DIAGNOSTIC,     7, -7.197463023497e-01, 1.797693134862e+308, 8.0942e-01, 4.8091e-03, 
 2DIAGNOSTIC,     8, -7.791989235612e-01, 1.797693134862e+308, 8.1491e-01, 5.4908e-03, 
 2DIAGNOSTIC,     9, -8.295036088799e-01, 1.797693134862e+308, 8.2041e-01, 5.5089e-03, 
 2DIAGNOSTIC,    10, -8.692840892772e-01, 2.923053252701e-02, 8.2747e-01, 7.0510e-03, 
 2DIAGNOSTIC,    11, -8.715768577446e-01, 2.918574697070e-02, 8.3298e-01, 5.5101e-03, 
 2DIAGNOSTIC,    12, -8.791008627662e-01, 2.689577101674e-02, 8.3845e-01, 5.4781e-03, 
 2DIAGNOSTIC,    13, -8.791443569162e-01, 2.278907821230e-02, 8.4337e-01, 4.9181e-03, 
 2DIAGNOSTIC,    14, -8.799890637580e-01, 1.759815907199e-02, 8.4893e-01, 5.5609e-03, 
 2DIAGNOSTIC,    15, -8.823988151032e-01, 1.208189102357e-02, 8.5405e-01, 5.1150e-03, 
 2DIAGNOSTIC,    16, -8.833686837573e-01, 6.947125338790e-03, 8.6120e-01, 7.1499e-03, 
 2DIAGNOSTIC,    17, -8.838748286130e-01, 3.617930983330e-03, 8.6681e-01, 5.6150e-03, 
 2DIAGNOSTIC,    18, -8.835244810637e-01, 1.577305473180e-03, 8.7184e-01, 5.0259e-03, 
 2DIAGNOSTIC,    19, -8.847395170465e-01, 6.119913909622e-04, 8.7747e-01, 5.6350e-03, 
 2DIAGNOSTIC,    20, -8.847765857546e-01, 4.236815623940e-04, 8.8304e-01, 5.5690e-03, 
 2DIAGNOSTIC,    21, -8.850961082917e-01, 2.577099514055e-04, 8.8814e-01, 5.0969e-03, 
 2DIAGNOSTIC,    22, -8.853513265290e-01, 2.128567226634e-04, 8.9331e-01, 5.1749e-03, 
 2DIAGNOSTIC,    23, -8.862513151666e-01, 1.676278130293e-04, 8.9889e-01, 5.5778e-03, 
 2DIAGNOSTIC,    24, -8.876678787287e-01, 1.433543429113e-04, 9.0449e-01, 5.6000e-03, 
 2DIAGNOSTIC,    25, -8.893525575672e-01, 1.651659690111e-04, 9.1069e-01, 6.1939e-03, 
 2DIAGNOSTIC,    26, -8.894170934235e-01, 1.835322266457e-04, 9.1625e-01, 5.5599e-03, 
 2DIAGNOSTIC,    27, -8.893873350545e-01, 1.902659983043e-04, 9.2141e-01, 5.1670e-03, 
 2DIAGNOSTIC,    28, -8.892117940812e-01, 1.718633367101e-04, 9.2750e-01, 6.0871e-03, 
 2DIAGNOSTIC,    29, -8.889580660139e-01, 1.501115788609e-04, 9.3305e-01, 5.5518e-03, 
 2DIAGNOSTIC,    30, -8.886987863760e-01, 1.130836972108e-04, 9.3872e-01, 5.6670e-03, 
 2DIAGNOSTIC,    31, -8.885937763781e-01, 7.071950682482e-05, 9.4433e-01, 5.6131e-03, 
 2DIAGNOSTIC,    32, -8.883368746351e-01, 2.479213501533e-05, 9.4935e-01, 5.0130e-03, 
DIAGNOSTIC,Iteration,metricValue,convergenceValue,ITERATION_TIME_INDEX,SINCE_LAST
 2DIAGNOSTIC,     1, -7.463851527431e-01, 1.797693134862e+308, 1.6596e+00, 7.1028e-01, 
 2DIAGNOSTIC,     2, -7.471998319395e-01, 1.797693134862e+308, 1.6979e+00, 3.8298e-02, 
 2DIAGNOSTIC,     3, -7.477692314586e-01, 1.797693134862e+308, 1.7350e+00, 3.7070e-02, 
 2DIAGNOSTIC,     4, -7.481623294262e-01, 1.797693134862e+308, 1.7717e+00, 3.6745e-02, 
 2DIAGNOSTIC,     5, -7.488701923470e-01, 1.797693134862e+308, 1.8090e+00, 3.7259e-02, 
 2DIAGNOSTIC,     6, -7.509338355147e-01, 1.797693134862e+308, 1.8774e+00, 6.8449e-02, 
 2DIAGNOSTIC,     7, -7.509063359280e-01, 1.797693134862e+308, 1.9170e+00, 3.9576e-02, 
 2DIAGNOSTIC,     8, -7.508292735964e-01, 1.797693134862e+308, 1.9569e+00, 3.9886e-02, 
 2DIAGNOSTIC,     9, -7.508089012005e-01, 1.797693134862e+308, 1.9979e+00, 4.0972e-02, 
 2DIAGNOSTIC,    10, -7.507995177760e-01, 4.332451891927e-04, 2.0384e+00, 4.0547e-02, 
 2DIAGNOSTIC,    11, -7.507887395720e-01, 3.133383566891e-04, 2.0757e+00, 3.7293e-02, 
 2DIAGNOSTIC,    12, -7.507801861199e-01, 2.108646868515e-04, 2.1195e+00, 4.3770e-02, 
 2DIAGNOSTIC,    13, -7.507579572912e-01, 1.222859133720e-04, 2.1597e+00, 4.0157e-02, 
 2DIAGNOSTIC,    14, -7.507680437795e-01, 4.655324151880e-05, 2.2066e+00, 4.6914e-02, 
DIAGNOSTIC,Iteration,metricValue,convergenceValue,ITERATION_TIME_INDEX,SINCE_LAST
 2DIAGNOSTIC,     1, -6.298904047148e-01, 1.797693134862e+308, 3.4606e+00, 1.2540e+00, 
 2DIAGNOSTIC,     2, -6.303721783954e-01, 1.797693134862e+308, 3.8380e+00, 3.7747e-01, 
 2DIAGNOSTIC,     3, -6.309173912764e-01, 1.797693134862e+308, 4.1828e+00, 3.4476e-01, 
 2DIAGNOSTIC,     4, -6.314999041367e-01, 1.797693134862e+308, 4.5440e+00, 3.6117e-01, 
 2DIAGNOSTIC,     5, -6.325886942566e-01, 1.797693134862e+308, 5.0571e+00, 5.1311e-01, 
 2DIAGNOSTIC,     6, -6.327731350738e-01, 1.797693134862e+308, 5.5247e+00, 4.6768e-01, 
 2DIAGNOSTIC,     7, -6.327725350096e-01, 1.797693134862e+308, 5.9169e+00, 3.9220e-01, 
 2DIAGNOSTIC,     8, -6.327697444057e-01, 1.797693134862e+308, 6.2925e+00, 3.7551e-01, 
 2DIAGNOSTIC,     9, -6.327697223000e-01, 1.797693134862e+308, 6.7240e+00, 4.3158e-01, 
 2DIAGNOSTIC,    10, -6.327686625766e-01, 3.134234019650e-04, 7.1681e+00, 4.4407e-01, 
 2DIAGNOSTIC,    11, -6.327675625226e-01, 2.068445026673e-04, 7.5508e+00, 3.8271e-01, 
 2DIAGNOSTIC,    12, -6.327651228083e-01, 1.180435012094e-04, 7.9289e+00, 3.7813e-01, 
 2DIAGNOSTIC,    13, -6.327642252141e-01, 5.130987344164e-05, 8.3147e+00, 3.8580e-01, 
 2DIAGNOSTIC,    14, -6.327635363121e-01, 7.433700091611e-06, 8.6708e+00, 3.5608e-01, 
 2DIAGNOSTIC,    15, -6.327626577689e-01, 1.387026819219e-06, 9.0274e+00, 3.5660e-01, 
 2DIAGNOSTIC,    16, -6.327606023420e-01, 1.289045309855e-06, 9.3234e+00, 2.9594e-01, 
 2DIAGNOSTIC,    17, -6.327604368675e-01, 1.250782672310e-06, 9.6750e+00, 3.5163e-01, 
 2DIAGNOSTIC,    18, -6.327612250070e-01, 1.223277434396e-06, 1.0012e+01, 3.3669e-01, 
 2DIAGNOSTIC,    19, -6.327593671055e-01, 1.203246259358e-06, 1.0327e+01, 3.1533e-01, 
 2DIAGNOSTIC,    20, -6.327562830709e-01, 1.137602584210e-06, 1.0714e+01, 3.8720e-01, 
 2DIAGNOSTIC,    21, -6.327553854495e-01, 1.081283540594e-06, 1.1074e+01, 3.5943e-01, 
 2DIAGNOSTIC,    22, -6.327544268946e-01, 1.000592025152e-06, 1.1403e+01, 3.2971e-01, 
DIAGNOSTIC,Iteration,metricValue,convergenceValue,ITERATION_TIME_INDEX,SINCE_LAST
 2DIAGNOSTIC,     1, -5.637998722097e-01, 1.797693134862e+308, 1.4470e+01, 3.0662e+00, 
 2DIAGNOSTIC,     2, -5.642247208266e-01, 1.797693134862e+308, 1.6316e+01, 1.8463e+00, 
 2DIAGNOSTIC,     3, -5.646455938607e-01, 1.797693134862e+308, 1.8145e+01, 1.8294e+00, 
 2DIAGNOSTIC,     4, -5.659563740305e-01, 1.797693134862e+308, 2.3083e+01, 4.9374e+00, 
 2DIAGNOSTIC,     5, -5.659563578656e-01, 1.797693134862e+308, 2.5455e+01, 2.3722e+00, 
 2DIAGNOSTIC,     6, -5.659560836046e-01, 1.797693134862e+308, 2.7456e+01, 2.0015e+00, 
 2DIAGNOSTIC,     7, -5.659562530119e-01, 1.797693134862e+308, 2.9268e+01, 1.8116e+00, 
 2DIAGNOSTIC,     8, -5.659559487036e-01, 1.797693134862e+308, 3.1508e+01, 2.2404e+00, 
 2DIAGNOSTIC,     9, -5.659559154497e-01, 1.797693134862e+308, 3.3808e+01, 2.2998e+00, 
 2DIAGNOSTIC,    10, -5.659559779019e-01, 2.338189033873e-04, 3.5960e+01, 2.1522e+00, 
 2DIAGNOSTIC,    11, -5.659558701277e-01, 1.342681609407e-04, 3.7871e+01, 1.9106e+00, 
 2DIAGNOSTIC,    12, -5.659557901750e-01, 5.748913538149e-05, 3.9700e+01, 1.8290e+00, 
 2DIAGNOSTIC,    13, -5.659556091019e-01, 2.388937683062e-06, 4.1824e+01, 2.1240e+00, 
 2DIAGNOSTIC,    14, -5.659555758822e-01, 2.218070415755e-06, 4.4212e+01, 2.3885e+00, 
 2DIAGNOSTIC,    15, -5.659553945850e-01, 2.068520025558e-06, 4.6285e+01, 2.0726e+00, 
 2DIAGNOSTIC,    16, -5.659547913361e-01, 1.914849815668e-06, 4.8823e+01, 2.5383e+00, 
 2DIAGNOSTIC,    17, -5.659548374203e-01, 1.793264739140e-06, 5.0899e+01, 2.0754e+00, 
 2DIAGNOSTIC,    18, -5.659547232397e-01, 1.680578623792e-06, 5.2879e+01, 1.9807e+00, 
 2DIAGNOSTIC,    19, -5.659544843703e-01, 1.580451847012e-06, 5.5008e+01, 2.1286e+00, 
 2DIAGNOSTIC,    20, -5.659545264805e-01, 1.502027977676e-06, 5.6934e+01, 1.9256e+00, 
 2DIAGNOSTIC,    21, -5.659544495014e-01, 1.435068527192e-06, 5.8845e+01, 1.9114e+00, 
 2DIAGNOSTIC,    22, -5.659544214830e-01, 1.379294022795e-06, 6.0959e+01, 2.1140e+00, 
 2DIAGNOSTIC,    23, -5.659542965982e-01, 1.327805418297e-06, 6.2809e+01, 1.8503e+00, 
 2DIAGNOSTIC,    24, -5.659544382564e-01, 1.288211729615e-06, 6.4843e+01, 2.0339e+00, 
 2DIAGNOSTIC,    25, -5.659541814061e-01, 1.246733504941e-06, 6.6896e+01, 2.0529e+00, 
 2DIAGNOSTIC,    26, -5.659538560256e-01, 1.192994569785e-06, 6.9022e+01, 2.1260e+00, 
 2DIAGNOSTIC,    27, -5.659540241029e-01, 1.150333571218e-06, 7.1092e+01, 2.0698e+00, 
 2DIAGNOSTIC,    28, -5.659541534749e-01, 1.113561964347e-06, 7.3179e+01, 2.0869e+00, 
 2DIAGNOSTIC,    29, -5.659542527320e-01, 1.078886954622e-06, 7.5181e+01, 2.0025e+00, 
 2DIAGNOSTIC,    30, -5.659544258712e-01, 1.051969466669e-06, 7.7637e+01, 2.4553e+00, 
 2DIAGNOSTIC,    31, -5.659540966749e-01, 1.021123364371e-06, 8.0050e+01, 2.4131e+00, 
  Elapsed time (stage 0): 8.1255e+01


Total elapsed time: 8.1259e+01
Info [verificarlo]: loaded backend libinterflop_ieee.so
Info [interflop-ieee]: load backend with:
Info [interflop-ieee]: debug = false
Info [interflop-ieee]: debug-binary = false
Info [interflop-ieee]: no-backend-name = false
Info [interflop-ieee]: print-new-line = false
Info [interflop-ieee]: print-subnormal-normalized = false
Info [interflop-ieee]: count-op = false
All_Command_lines_OK
Using double precision for computations.
=============================================================================
The composite transform comprises the following transforms (in order): 
  1. /home/mdugre/scratch/mri-registration-rp/datasets/ds004513/derivatives/mri-registration-rp/0100/antsRegistration-r8-p19/sub-s017/affine_Composite.h5[0] (type = Euler3DTransform)
  2. /home/mdugre/scratch/mri-registration-rp/datasets/ds004513/derivatives/mri-registration-rp/0100/antsRegistration-r8-p19/sub-s017/affine_Composite.h5[1] (type = Euler3DTransform)
  3. /home/mdugre/scratch/mri-registration-rp/datasets/ds004513/derivatives/mri-registration-rp/0100/antsRegistration-r8-p19/sub-s017/affine_Composite.h5[2] (type = Euler3DTransform)
  4. /home/mdugre/scratch/mri-registration-rp/datasets/ds004513/derivatives/mri-registration-rp/0100/antsRegistration-r8-p19/sub-s017/affine_Composite.h5[3] (type = AffineTransform)
=============================================================================
  number of levels = 4
  fixed image: /templateflow/tpl-MNI152NLin2009cAsym/tpl-MNI152NLin2009cAsym_res-01_desc-brain_T1w.nii.gz
