
##########################
# Experiment information #
##########################

EXPERIMENT_NAME: antsRegistration-r8-p7
VFC_BACKENDS: libinterflop_vprec.so --range-binary32=8 --precision-binary32=7 --range-binary64=8 --precision-binary64=7

SIF_IMG: /home/mdugre/projects/rrg-glatard/mdugre/containers/ants-vprec-no_metrics.simg

SUBJECT_ID: s017
INPUT_IMG: /home/mdugre/scratch/mri-registration-rp/datasets/ds004513/derivatives/mri-registration-rp/antsBrainExtraction/sub-s017/BrainExtractionBrain.nii.gz
OUTPUT_DIR: /home/mdugre/scratch/mri-registration-rp/datasets/ds004513/derivatives/mri-registration-rp/0100/antsRegistration-r8-p7/sub-s017

FIXED_IMG: /templateflow/tpl-MNI152NLin2009cAsym/tpl-MNI152NLin2009cAsym_res-01_desc-brain_T1w.nii.gz
DATA_DIR: /home/mdugre/scratch/mri-registration-rp/datasets/ds004513
TEMPLATEFLOW_DIR: /home/mdugre/projects/rrg-glatard/mdugre/templateflow
ITK_GLOBAL_DEFAULT_NUMBER_OF_THREADS: 16
##########################

Info [verificarlo]: loaded backend libinterflop_ieee.so
Info [interflop-ieee]: load backend with:
Info [interflop-ieee]: debug = false
Info [interflop-ieee]: debug-binary = false
Info [interflop-ieee]: no-backend-name = false
Info [interflop-ieee]: print-new-line = false
Info [interflop-ieee]: print-subnormal-normalized = false
Info [interflop-ieee]: count-op = false
All_Command_lines_OK
Using double precision for computations.
=============================================================================
The composite transform comprises the following transforms (in order): 
  1. Center of mass alignment using fixed image: /templateflow/tpl-MNI152NLin2009cAsym/tpl-MNI152NLin2009cAsym_res-01_desc-brain_T1w.nii.gz and moving image: /home/mdugre/scratch/mri-registration-rp/datasets/ds004513/derivatives/mri-registration-rp/antsBrainExtraction/sub-s017/BrainExtractionBrain.nii.gz (type = Euler3DTransform)
=============================================================================
  number of levels = 1
  fixed image: /templateflow/tpl-MNI152NLin2009cAsym/tpl-MNI152NLin2009cAsym_res-01_desc-brain_T1w.nii.gz
  moving image: /home/mdugre/scratch/mri-registration-rp/datasets/ds004513/derivatives/mri-registration-rp/antsBrainExtraction/sub-s017/BrainExtractionBrain.nii.gz
Dimension = 3
Number of stages = 1
Use histogram matching = false
Winsorize image intensities = true
  Lower quantile = 0.005
  Upper quantile = 0.995


Stage 1 State
   Image metric = MattesMI
     Fixed image = Image (0x3f87bd0)
  RTTI typeinfo:   itk::Image<double, 3u>
  Reference Count: 2
  Modified Time: 2334
  Debug: Off
  Object Name: 
  Observers: 
    none
  Source: (none)
  Source output name: (none)
  Release Data: Off
  Data Released: False
  Global Release Data: Off
  PipelineMTime: 0
  UpdateMTime: 1943
  RealTimeStamp: 0 seconds 
  LargestPossibleRegion: 
    Dimension: 3
    Index: [0, 0, 0]
    Size: [193, 229, 193]
  BufferedRegion: 
    Dimension: 3
    Index: [0, 0, 0]
    Size: [193, 229, 193]
  RequestedRegion: 
    Dimension: 3
    Index: [0, 0, 0]
    Size: [193, 229, 193]
  Spacing: [1, 1, 1]
  Origin: [96, 132, -78]
  Direction: 
-1 0 0
0 -1 0
0 0 1

  IndexToPointMatrix: 
-1 0 0
0 -1 0
0 0 1

  PointToIndexMatrix: 
-1 0 0
0 -1 0
0 0 1

  Inverse Direction: 
-1 0 0
0 -1 0
0 0 1

  PixelContainer: 
    ImportImageContainer (0x3f909e0)
      RTTI typeinfo:   itk::ImportImageContainer<unsigned long, double>
      Reference Count: 1
      Modified Time: 1940
      Debug: Off
      Object Name: 
      Observers: 
        none
      Pointer: 0x14f7f2bbc010
      Container manages memory: true
      Size: 8530021
      Capacity: 8530021

     Moving image = Image (0x3f91bd0)
  RTTI typeinfo:   itk::Image<double, 3u>
  Reference Count: 2
  Modified Time: 2335
  Debug: Off
  Object Name: 
  Observers: 
    none
  Source: (none)
  Source output name: (none)
  Release Data: Off
  Data Released: False
  Global Release Data: Off
  PipelineMTime: 0
  UpdateMTime: 2332
  RealTimeStamp: 0 seconds 
  LargestPossibleRegion: 
    Dimension: 3
    Index: [0, 0, 0]
    Size: [160, 240, 256]
  BufferedRegion: 
    Dimension: 3
    Index: [0, 0, 0]
    Size: [160, 240, 256]
  RequestedRegion: 
    Dimension: 3
    Index: [0, 0, 0]
    Size: [160, 240, 256]
  Spacing: [1, 1, 1]
  Origin: [91.3357, 102.231, -120.042]
  Direction: 
-0.997442 -5.36781e-05 -0.0714818
5.35416e-05 -1 3.82465e-06
-0.0714818 -1.23894e-08 0.997442

  IndexToPointMatrix: 
-0.997444 -5.36781e-05 -0.0714818
5.35418e-05 -1 3.82465e-06
-0.0714819 -1.23894e-08 0.997442

  PointToIndexMatrix: 
-0.99744 5.35415e-05 -0.0714816
-5.36781e-05 -1 -1.23894e-08
-0.0714818 3.82465e-06 0.997442

  Inverse Direction: 
-0.997442 5.35416e-05 -0.0714818
-5.36781e-05 -1 -1.23894e-08
-0.0714818 3.82465e-06 0.997442

  PixelContainer: 
    ImportImageContainer (0x4117b50)
      RTTI typeinfo:   itk::ImportImageContainer<unsigned long, double>
      Reference Count: 1
      Modified Time: 2329
      Debug: Off
      Object Name: 
      Observers: 
        none
      Pointer: 0x14f7ee0bb010
      Container manages memory: true
      Size: 9830400
      Capacity: 9830400

     Weighting = 1
     Sampling strategy = regular
     Number of bins = 32
     Radius = 4
     Sampling percentage  = 0.25
   Transform = Rigid
     Gradient step = 0.1
     Update field sigma (voxel space) = 0
     Total field sigma (voxel space) = 0
     Update field time sigma = 0
     Total field time sigma  = 0
     Number of time indices = 0
     Number of time point samples = 0
Registration using 1 total stages.

Stage 0
  iterations = 0
  convergence threshold = 1e-06
  convergence window size = 10
  number of levels = 1
  using the Mattes MI metric (number of bins = 32, weight = 1, use gradient filter = 0)
  preprocessing:  winsorizing the image intensities
  Shrink factors (level 1 out of 1): [1, 1, 1]
  smoothing sigmas per level: [0]
  regular sampling (percentage = 0.25)

*** Running Euler3DTransform registration ***

  Elapsed time (stage 0): 1.20404


Total elapsed time: 1.20769
Info [verificarlo]: loaded backend libinterflop_vprec.so
Info [interflop-vprec]: load backend with: 
Info [interflop-vprec]: precision-binary32 = 7
Info [interflop-vprec]: range-binary32 = 8
Info [interflop-vprec]: precision-binary64 = 7
Info [interflop-vprec]: range-binary64 = 8
Info [interflop-vprec]: mode = ob
Info [interflop-vprec]: error-mode = rel
Info [interflop-vprec]: max-abs-error-exponent = -1022
Info [interflop-vprec]: daz = false
Info [interflop-vprec]: ftz = false
Info [interflop-vprec]: 	instrument = none
Info [interflop-vprec]: 	prec-input-file = (null)
Info [interflop-vprec]: 	prec-output-file = (null)
Info [interflop-vprec]: 	prec-log-file = (null)
All_Command_lines_OK
Using double precision for computations.
=============================================================================
The composite transform comprises the following transforms (in order): 
  1. /home/mdugre/scratch/mri-registration-rp/datasets/ds004513/derivatives/mri-registration-rp/0100/antsRegistration-r8-p7/sub-s017/align_Composite.h5[0] (type = Euler3DTransform)
  2. /home/mdugre/scratch/mri-registration-rp/datasets/ds004513/derivatives/mri-registration-rp/0100/antsRegistration-r8-p7/sub-s017/align_Composite.h5[1] (type = Euler3DTransform)
=============================================================================
  number of levels = 4
  fixed image: /templateflow/tpl-MNI152NLin2009cAsym/tpl-MNI152NLin2009cAsym_res-01_desc-brain_T1w.nii.gz
  moving image: /home/mdugre/scratch/mri-registration-rp/datasets/ds004513/derivatives/mri-registration-rp/antsBrainExtraction/sub-s017/BrainExtractionBrain.nii.gz
Dimension = 3
Number of stages = 1
Use histogram matching = false
Winsorize image intensities = true
  Lower quantile = 0.005
  Upper quantile = 0.995


Stage 1 State
   Image metric = MattesMI
     Fixed image = Image (0x3ed31e0)
  RTTI typeinfo:   itk::Image<double, 3u>
  Reference Count: 2
  Modified Time: 1578
  Debug: Off
  Object Name: 
  Observers: 
    none
  Source: (none)
  Source output name: (none)
  Release Data: Off
  Data Released: False
  Global Release Data: Off
  PipelineMTime: 0
  UpdateMTime: 1189
  RealTimeStamp: 0 seconds 
  LargestPossibleRegion: 
    Dimension: 3
    Index: [0, 0, 0]
    Size: [193, 229, 193]
  BufferedRegion: 
    Dimension: 3
    Index: [0, 0, 0]
    Size: [193, 229, 193]
  RequestedRegion: 
    Dimension: 3
    Index: [0, 0, 0]
    Size: [193, 229, 193]
  Spacing: [1, 1, 1]
  Origin: [96, 132, -78]
  Direction: 
-1 0 0
0 -1 0
0 0 1

  IndexToPointMatrix: 
-1 0 0
0 -1 0
0 0 1

  PointToIndexMatrix: 
-1 0 0
0 -1 0
0 0 1

  Inverse Direction: 
-1 0 0
0 -1 0
0 0 1

  PixelContainer: 
    ImportImageContainer (0x3f92680)
      RTTI typeinfo:   itk::ImportImageContainer<unsigned long, double>
      Reference Count: 1
      Modified Time: 1186
      Debug: Off
      Object Name: 
      Observers: 
        none
      Pointer: 0x15376ee8e010
      Container manages memory: true
      Size: 8530021
      Capacity: 8530021

     Moving image = Image (0x3f8eb20)
  RTTI typeinfo:   itk::Image<double, 3u>
  Reference Count: 2
  Modified Time: 1579
  Debug: Off
  Object Name: 
  Observers: 
    none
  Source: (none)
  Source output name: (none)
  Release Data: Off
  Data Released: False
  Global Release Data: Off
  PipelineMTime: 0
  UpdateMTime: 1576
  RealTimeStamp: 0 seconds 
  LargestPossibleRegion: 
    Dimension: 3
    Index: [0, 0, 0]
    Size: [160, 240, 256]
  BufferedRegion: 
    Dimension: 3
    Index: [0, 0, 0]
    Size: [160, 240, 256]
  RequestedRegion: 
    Dimension: 3
    Index: [0, 0, 0]
    Size: [160, 240, 256]
  Spacing: [1, 1, 1]
  Origin: [91.5, 102, -120]
  Direction: 
-0.996094 -5.36442e-05 -0.0708008
5.34058e-05 -1 3.7998e-06
-0.0708008 -1.49012e-08 0.996094

  IndexToPointMatrix: 
-0.996094 -5.36442e-05 -0.0708008
5.34058e-05 -1 3.7998e-06
-0.0708008 -1.49012e-08 0.996094

  PointToIndexMatrix: 
-1 5.34058e-05 -0.0708008
-5.34058e-05 -1 -1.89245e-06
-0.0708008 1.89245e-06 0.996094

  Inverse Direction: 
-1 5.34058e-05 -0.0708008
-5.34058e-05 -1 -1.89245e-06
-0.0708008 1.89245e-06 0.996094

  PixelContainer: 
    ImportImageContainer (0x3ff7d50)
      RTTI typeinfo:   itk::ImportImageContainer<unsigned long, double>
      Reference Count: 1
      Modified Time: 1573
      Debug: Off
      Object Name: 
      Observers: 
        none
      Pointer: 0x15376a38d010
      Container manages memory: true
      Size: 9830400
      Capacity: 9830400

     Weighting = 1
     Sampling strategy = regular
     Number of bins = 32
     Radius = 4
     Sampling percentage  = 0.25
   Transform = Rigid
     Gradient step = 0.1
     Update field sigma (voxel space) = 0
     Total field sigma (voxel space) = 0
     Update field time sigma = 0
     Total field time sigma  = 0
     Number of time indices = 0
     Number of time point samples = 0
Registration using 1 total stages.

Stage 0
  iterations = 1000x500x250x100
  convergence threshold = 1e-06
  convergence window size = 10
  number of levels = 4
  using the Mattes MI metric (number of bins = 32, weight = 1, use gradient filter = 0)
  preprocessing:  winsorizing the image intensities
  Shrink factors (level 1 out of 4): [8, 8, 8]
  Shrink factors (level 2 out of 4): [4, 4, 4]
  Shrink factors (level 3 out of 4): [2, 2, 2]
  Shrink factors (level 4 out of 4): [1, 1, 1]
  smoothing sigmas per level: [3, 2, 1, 0]
  regular sampling (percentage = 0.25)

*** Running Euler3DTransform registration ***

DIAGNOSTIC,Iteration,metricValue,convergenceValue,ITERATION_TIME_INDEX,SINCE_LAST
 2DIAGNOSTIC,     1, -5.658123406477e-01, 1.797693134862e+308, 0.0000e+00, 0.0000e+00, 
 2DIAGNOSTIC,     2, -5.659693106311e-01, 1.797693134862e+308, 0.0000e+00, 0.0000e+00, 
 2DIAGNOSTIC,     3, -5.660739352658e-01, 1.797693134862e+308, 0.0000e+00, 0.0000e+00, 
 2DIAGNOSTIC,     4, -5.662685303681e-01, 1.797693134862e+308, 0.0000e+00, 0.0000e+00, 
 2DIAGNOSTIC,     5, -5.662734348471e-01, 1.797693134862e+308, 0.0000e+00, 0.0000e+00, 
 2DIAGNOSTIC,     6, -5.661566326905e-01, 1.797693134862e+308, 0.0000e+00, 0.0000e+00, 
 2DIAGNOSTIC,     7, -5.662439467903e-01, 1.797693134862e+308, 0.0000e+00, 0.0000e+00, 
 2DIAGNOSTIC,     8, -5.662439467910e-01, 1.797693134862e+308, 0.0000e+00, 0.0000e+00, 
 2DIAGNOSTIC,     9, -5.660103265250e-01, 1.797693134862e+308, 0.0000e+00, 0.0000e+00, 
 2DIAGNOSTIC,    10, -5.659798388076e-01, 1.464829585023e-05, 0.0000e+00, 0.0000e+00, 
DIAGNOSTIC,Iteration,metricValue,convergenceValue,ITERATION_TIME_INDEX,SINCE_LAST
 2DIAGNOSTIC,     1, -4.663429084428e-01, 1.797693134862e+308, 0.0000e+00, 0.0000e+00, 
 2DIAGNOSTIC,     2, -4.665492197290e-01, 1.797693134862e+308, 0.0000e+00, 0.0000e+00, 
 2DIAGNOSTIC,     3, -4.664855970023e-01, 1.797693134862e+308, 0.0000e+00, 0.0000e+00, 
 2DIAGNOSTIC,     4, -4.664807478980e-01, 1.797693134862e+308, 0.0000e+00, 0.0000e+00, 
 2DIAGNOSTIC,     5, -4.664783549704e-01, 1.797693134862e+308, 0.0000e+00, 0.0000e+00, 
 2DIAGNOSTIC,     6, -4.664553879143e-01, 1.797693134862e+308, 0.0000e+00, 0.0000e+00, 
 2DIAGNOSTIC,     7, -4.664646557870e-01, 1.797693134862e+308, 0.0000e+00, 0.0000e+00, 
 2DIAGNOSTIC,     8, -4.664606876837e-01, 1.797693134862e+308, 0.0000e+00, 0.0000e+00, 
 2DIAGNOSTIC,     9, -4.664197075091e-01, 1.797693134862e+308, 0.0000e+00, 0.0000e+00, 
DIAGNOSTIC,Iteration,metricValue,convergenceValue,ITERATION_TIME_INDEX,SINCE_LAST
 2DIAGNOSTIC,     1, -4.014320979189e-01, 1.797693134862e+308, 0.0000e+00, 0.0000e+00, 
 2DIAGNOSTIC,     2, -4.014157594695e-01, 1.797693134862e+308, 0.0000e+00, 0.0000e+00, 
 2DIAGNOSTIC,     3, -4.014115563958e-01, 1.797693134862e+308, 0.0000e+00, 0.0000e+00, 
 2DIAGNOSTIC,     4, -4.013974431238e-01, 1.797693134862e+308, 0.0000e+00, 0.0000e+00, 
 2DIAGNOSTIC,     5, -4.013786803098e-01, 1.797693134862e+308, 0.0000e+00, 0.0000e+00, 
 2DIAGNOSTIC,     6, -4.013786803098e-01, 1.797693134862e+308, 0.0000e+00, 0.0000e+00, 
 2DIAGNOSTIC,     7, -4.013786803098e-01, 1.797693134862e+308, 0.0000e+00, 0.0000e+00, 
 2DIAGNOSTIC,     8, -4.013786803098e-01, 1.797693134862e+308, 0.0000e+00, 0.0000e+00, 
 2DIAGNOSTIC,     9, -4.013786803098e-01, 1.797693134862e+308, 0.0000e+00, 0.0000e+00, 
DIAGNOSTIC,Iteration,metricValue,convergenceValue,ITERATION_TIME_INDEX,SINCE_LAST
 2DIAGNOSTIC,     1, -3.695795968456e-01, 1.797693134862e+308, 0.0000e+00, 0.0000e+00, 
 2DIAGNOSTIC,     2, -3.696120152626e-01, 1.797693134862e+308, 0.0000e+00, 0.0000e+00, 
 2DIAGNOSTIC,     3, -3.696629007318e-01, 1.797693134862e+308, 0.0000e+00, 0.0000e+00, 
 2DIAGNOSTIC,     4, -3.696674908755e-01, 1.797693134862e+308, 0.0000e+00, 0.0000e+00, 
 2DIAGNOSTIC,     5, -3.696658218871e-01, 1.797693134862e+308, 0.0000e+00, 0.0000e+00, 
 2DIAGNOSTIC,     6, -3.696504256244e-01, 1.797693134862e+308, 0.0000e+00, 0.0000e+00, 
 2DIAGNOSTIC,     7, -3.696530529909e-01, 1.797693134862e+308, 0.0000e+00, 0.0000e+00, 
 2DIAGNOSTIC,     8, -3.696291011619e-01, 1.797693134862e+308, 0.0000e+00, 0.0000e+00, 
 2DIAGNOSTIC,     9, -3.696239593182e-01, 1.797693134862e+308, 0.0000e+00, 0.0000e+00, 
 2DIAGNOSTIC,    10, -3.696239593182e-01, 1.677665786723e-06, 0.0000e+00, 0.0000e+00, 
  Elapsed time (stage 0): 0.0000e+00


Total elapsed time: 0.0000e+00
Info [verificarlo]: loaded backend libinterflop_ieee.so
Info [interflop-ieee]: load backend with:
Info [interflop-ieee]: debug = false
Info [interflop-ieee]: debug-binary = false
Info [interflop-ieee]: no-backend-name = false
Info [interflop-ieee]: print-new-line = false
Info [interflop-ieee]: print-subnormal-normalized = false
Info [interflop-ieee]: count-op = false
All_Command_lines_OK
Using double precision for computations.
=============================================================================
The composite transform comprises the following transforms (in order): 
  1. /home/mdugre/scratch/mri-registration-rp/datasets/ds004513/derivatives/mri-registration-rp/0100/antsRegistration-r8-p7/sub-s017/rigid_Composite.h5[0] (type = Euler3DTransform)
  2. /home/mdugre/scratch/mri-registration-rp/datasets/ds004513/derivatives/mri-registration-rp/0100/antsRegistration-r8-p7/sub-s017/rigid_Composite.h5[1] (type = Euler3DTransform)
  3. /home/mdugre/scratch/mri-registration-rp/datasets/ds004513/derivatives/mri-registration-rp/0100/antsRegistration-r8-p7/sub-s017/rigid_Composite.h5[2] (type = Euler3DTransform)
=============================================================================
  number of levels = 4
  fixed image: /templateflow/tpl-MNI152NLin2009cAsym/tpl-MNI152NLin2009cAsym_res-01_desc-brain_T1w.nii.gz
  moving image: /home/mdugre/scratch/mri-registration-rp/datasets/ds004513/derivatives/mri-registration-rp/antsBrainExtraction/sub-s017/BrainExtractionBrain.nii.gz
Dimension = 3
Number of stages = 1
Use histogram matching = false
Winsorize image intensities = true
  Lower quantile = 0.005
  Upper quantile = 0.995


Stage 1 State
   Image metric = MattesMI
     Fixed image = Image (0x3fb4530)
  RTTI typeinfo:   itk::Image<double, 3u>
  Reference Count: 2
  Modified Time: 1594
  Debug: Off
  Object Name: 
  Observers: 
    none
  Source: (none)
  Source output name: (none)
  Release Data: Off
  Data Released: False
  Global Release Data: Off
  PipelineMTime: 0
  UpdateMTime: 1203
  RealTimeStamp: 0 seconds 
  LargestPossibleRegion: 
    Dimension: 3
    Index: [0, 0, 0]
    Size: [193, 229, 193]
  BufferedRegion: 
    Dimension: 3
    Index: [0, 0, 0]
    Size: [193, 229, 193]
  RequestedRegion: 
    Dimension: 3
    Index: [0, 0, 0]
    Size: [193, 229, 193]
  Spacing: [1, 1, 1]
  Origin: [96, 132, -78]
  Direction: 
-1 0 0
0 -1 0
0 0 1

  IndexToPointMatrix: 
-1 0 0
0 -1 0
0 0 1

  PointToIndexMatrix: 
-1 0 0
0 -1 0
0 0 1

  Inverse Direction: 
-1 0 0
0 -1 0
0 0 1

  PixelContainer: 
    ImportImageContainer (0x3fc12b0)
      RTTI typeinfo:   itk::ImportImageContainer<unsigned long, double>
      Reference Count: 1
      Modified Time: 1200
      Debug: Off
      Object Name: 
      Observers: 
        none
      Pointer: 0x154bf3656010
      Container manages memory: true
      Size: 8530021
      Capacity: 8530021

     Moving image = Image (0x406ffd0)
  RTTI typeinfo:   itk::Image<double, 3u>
  Reference Count: 2
  Modified Time: 1595
  Debug: Off
  Object Name: 
  Observers: 
    none
  Source: (none)
  Source output name: (none)
  Release Data: Off
  Data Released: False
  Global Release Data: Off
  PipelineMTime: 0
  UpdateMTime: 1592
  RealTimeStamp: 0 seconds 
  LargestPossibleRegion: 
    Dimension: 3
    Index: [0, 0, 0]
    Size: [160, 240, 256]
  BufferedRegion: 
    Dimension: 3
    Index: [0, 0, 0]
    Size: [160, 240, 256]
  RequestedRegion: 
    Dimension: 3
    Index: [0, 0, 0]
    Size: [160, 240, 256]
  Spacing: [1, 1, 1]
  Origin: [91.3357, 102.231, -120.042]
  Direction: 
-0.997442 -5.36781e-05 -0.0714818
5.35416e-05 -1 3.82465e-06
-0.0714818 -1.23894e-08 0.997442

  IndexToPointMatrix: 
-0.997444 -5.36781e-05 -0.0714818
5.35418e-05 -1 3.82465e-06
-0.0714819 -1.23894e-08 0.997442

  PointToIndexMatrix: 
-0.99744 5.35415e-05 -0.0714816
-5.36781e-05 -1 -1.23894e-08
-0.0714818 3.82465e-06 0.997442

  Inverse Direction: 
-0.997442 5.35416e-05 -0.0714818
-5.36781e-05 -1 -1.23894e-08
-0.0714818 3.82465e-06 0.997442

  PixelContainer: 
    ImportImageContainer (0x4087990)
      RTTI typeinfo:   itk::ImportImageContainer<unsigned long, double>
      Reference Count: 1
      Modified Time: 1589
      Debug: Off
      Object Name: 
      Observers: 
        none
      Pointer: 0x154beeb55010
      Container manages memory: true
      Size: 9830400
      Capacity: 9830400

     Weighting = 1
     Sampling strategy = regular
     Number of bins = 32
     Radius = 4
     Sampling percentage  = 0.25
   Transform = Affine
     Gradient step = 0.1
     Update field sigma (voxel space) = 0
     Total field sigma (voxel space) = 0
     Update field time sigma = 0
     Total field time sigma  = 0
     Number of time indices = 0
     Number of time point samples = 0
Registration using 1 total stages.

Stage 0
  iterations = 1000x500x250x100
  convergence threshold = 1e-06
  convergence window size = 10
  number of levels = 4
  using the Mattes MI metric (number of bins = 32, weight = 1, use gradient filter = 0)
  preprocessing:  winsorizing the image intensities
  Shrink factors (level 1 out of 4): [8, 8, 8]
  Shrink factors (level 2 out of 4): [4, 4, 4]
  Shrink factors (level 3 out of 4): [2, 2, 2]
  Shrink factors (level 4 out of 4): [1, 1, 1]
  smoothing sigmas per level: [3, 2, 1, 0]
  regular sampling (percentage = 0.25)

*** Running AffineTransform registration ***

DIAGNOSTIC,Iteration,metricValue,convergenceValue,ITERATION_TIME_INDEX,SINCE_LAST
 2DIAGNOSTIC,     1, -5.586822555947e-01, 1.797693134862e+308, 1.2253e+00, 1.2253e+00, 
 2DIAGNOSTIC,     2, -5.610311543661e-01, 1.797693134862e+308, 1.2322e+00, 6.8941e-03, 
 2DIAGNOSTIC,     3, -5.652337047051e-01, 1.797693134862e+308, 1.2388e+00, 6.5799e-03, 
 2DIAGNOSTIC,     4, -5.721387672677e-01, 1.797693134862e+308, 1.2453e+00, 6.4609e-03, 
 2DIAGNOSTIC,     5, -5.821795821495e-01, 1.797693134862e+308, 1.2520e+00, 6.6772e-03, 
 2DIAGNOSTIC,     6, -5.970325021505e-01, 1.797693134862e+308, 1.2586e+00, 6.6850e-03, 
 2DIAGNOSTIC,     7, -6.218868630947e-01, 1.797693134862e+308, 1.2656e+00, 6.9640e-03, 
 2DIAGNOSTIC,     8, -6.931626010983e-01, 1.797693134862e+308, 1.2739e+00, 8.2591e-03, 
 2DIAGNOSTIC,     9, -7.767115923601e-01, 1.797693134862e+308, 1.2824e+00, 8.5502e-03, 
 2DIAGNOSTIC,    10, -8.242869776888e-01, 2.548401278794e-02, 1.2924e+00, 9.9809e-03, 
 2DIAGNOSTIC,    11, -8.293738706687e-01, 2.747551492387e-02, 1.2995e+00, 7.1311e-03, 
 2DIAGNOSTIC,    12, -8.360031423275e-01, 2.698344937979e-02, 1.3066e+00, 7.0751e-03, 
 2DIAGNOSTIC,    13, -8.457767256807e-01, 2.459029915007e-02, 1.3169e+00, 1.0254e-02, 
 2DIAGNOSTIC,    14, -8.483583905557e-01, 2.064170265513e-02, 1.3277e+00, 1.0828e-02, 
 2DIAGNOSTIC,    15, -8.492714828251e-01, 1.576576374045e-02, 1.3355e+00, 7.8571e-03, 
 2DIAGNOSTIC,    16, -8.549435097987e-01, 1.072890097083e-02, 1.3430e+00, 7.4999e-03, 
 2DIAGNOSTIC,    17, -8.602389437524e-01, 6.100987672727e-03, 1.3502e+00, 7.1750e-03, 
 2DIAGNOSTIC,    18, -8.669485505314e-01, 3.163868554896e-03, 1.3578e+00, 7.5638e-03, 
 2DIAGNOSTIC,    19, -8.726864467732e-01, 2.083860515834e-03, 1.3654e+00, 7.5960e-03, 
 2DIAGNOSTIC,    20, -8.766232559357e-01, 1.922519729642e-03, 1.3746e+00, 9.2759e-03, 
 2DIAGNOSTIC,    21, -8.831540875228e-01, 1.808823249812e-03, 1.3856e+00, 1.0960e-02, 
 2DIAGNOSTIC,    22, -8.828803819514e-01, 1.641154178132e-03, 1.3944e+00, 8.8131e-03, 
 2DIAGNOSTIC,    23, -8.830309417582e-01, 1.499261019081e-03, 1.4026e+00, 8.2080e-03, 
 2DIAGNOSTIC,    24, -8.829910333427e-01, 1.272103791072e-03, 1.4110e+00, 8.3458e-03, 
 2DIAGNOSTIC,    25, -8.828174692563e-01, 9.564969266543e-04, 1.4204e+00, 9.4440e-03, 
 2DIAGNOSTIC,    26, -8.829615263984e-01, 6.596946684230e-04, 1.4295e+00, 9.0971e-03, 
 2DIAGNOSTIC,    27, -8.828593827416e-01, 3.949470286266e-04, 1.4388e+00, 9.2769e-03, 
 2DIAGNOSTIC,    28, -8.827820063972e-01, 2.002578737105e-04, 1.4467e+00, 7.8759e-03, 
 2DIAGNOSTIC,    29, -8.827279391770e-01, 7.220944982235e-05, 1.4555e+00, 8.8611e-03, 
DIAGNOSTIC,Iteration,metricValue,convergenceValue,ITERATION_TIME_INDEX,SINCE_LAST
 2DIAGNOSTIC,     1, -7.384377532074e-01, 1.797693134862e+308, 2.4960e+00, 1.0405e+00, 
 2DIAGNOSTIC,     2, -7.396880264952e-01, 1.797693134862e+308, 2.5521e+00, 5.6036e-02, 
 2DIAGNOSTIC,     3, -7.411591454471e-01, 1.797693134862e+308, 2.6035e+00, 5.1397e-02, 
 2DIAGNOSTIC,     4, -7.423457921297e-01, 1.797693134862e+308, 2.6609e+00, 5.7384e-02, 
 2DIAGNOSTIC,     5, -7.436054942552e-01, 1.797693134862e+308, 2.7163e+00, 5.5387e-02, 
 2DIAGNOSTIC,     6, -7.453996188161e-01, 1.797693134862e+308, 2.7668e+00, 5.0515e-02, 
 2DIAGNOSTIC,     7, -7.479823305539e-01, 1.797693134862e+308, 2.8211e+00, 5.4370e-02, 
 2DIAGNOSTIC,     8, -7.511214788968e-01, 1.797693134862e+308, 2.9142e+00, 9.3091e-02, 
 2DIAGNOSTIC,     9, -7.511449753837e-01, 1.797693134862e+308, 2.9855e+00, 7.1224e-02, 
 2DIAGNOSTIC,    10, -7.511392671810e-01, 1.247766227421e-03, 3.0464e+00, 6.0946e-02, 
 2DIAGNOSTIC,    11, -7.511323187043e-01, 1.051867924530e-03, 3.1085e+00, 6.2150e-02, 
 2DIAGNOSTIC,    12, -7.511252125150e-01, 8.321090229152e-04, 3.1565e+00, 4.7966e-02, 
 2DIAGNOSTIC,    13, -7.511228022825e-01, 6.129906549659e-04, 3.2080e+00, 5.1533e-02, 
 2DIAGNOSTIC,    14, -7.511024875292e-01, 4.020412619972e-04, 3.2584e+00, 5.0385e-02, 
 2DIAGNOSTIC,    15, -7.511019395055e-01, 2.156103750544e-04, 3.3117e+00, 5.3234e-02, 
 2DIAGNOSTIC,    16, -7.510818915486e-01, 7.433689375130e-05, 3.3619e+00, 5.0240e-02, 
DIAGNOSTIC,Iteration,metricValue,convergenceValue,ITERATION_TIME_INDEX,SINCE_LAST
 2DIAGNOSTIC,     1, -6.300863620013e-01, 1.797693134862e+308, 4.7657e+00, 1.4038e+00, 
 2DIAGNOSTIC,     2, -6.304835416024e-01, 1.797693134862e+308, 5.1473e+00, 3.8166e-01, 
 2DIAGNOSTIC,     3, -6.309071604016e-01, 1.797693134862e+308, 5.4861e+00, 3.3877e-01, 
 2DIAGNOSTIC,     4, -6.314788069489e-01, 1.797693134862e+308, 5.8562e+00, 3.7007e-01, 
 2DIAGNOSTIC,     5, -6.324965989111e-01, 1.797693134862e+308, 6.3163e+00, 4.6017e-01, 
 2DIAGNOSTIC,     6, -6.324929899657e-01, 1.797693134862e+308, 6.7483e+00, 4.3201e-01, 
 2DIAGNOSTIC,     7, -6.324892144387e-01, 1.797693134862e+308, 7.1136e+00, 3.6527e-01, 
 2DIAGNOSTIC,     8, -6.324901316938e-01, 1.797693134862e+308, 7.4645e+00, 3.5087e-01, 
 2DIAGNOSTIC,     9, -6.324900136675e-01, 1.797693134862e+308, 7.8881e+00, 4.2365e-01, 
 2DIAGNOSTIC,    10, -6.324885338492e-01, 2.612849903958e-04, 8.3341e+00, 4.4599e-01, 
 2DIAGNOSTIC,    11, -6.324879722287e-01, 1.702342109123e-04, 8.6818e+00, 3.4772e-01, 
 2DIAGNOSTIC,    12, -6.324885082700e-01, 9.470388000436e-05, 9.0107e+00, 3.2887e-01, 
 2DIAGNOSTIC,    13, -6.324890431359e-01, 3.702003393000e-05, 9.2953e+00, 2.8464e-01, 
 2DIAGNOSTIC,    14, -6.324885532498e-01, 1.848586306016e-06, 9.6497e+00, 3.5436e-01, 
 2DIAGNOSTIC,    15, -6.324890446842e-01, 1.939870479820e-06, 9.9600e+00, 3.1033e-01, 
 2DIAGNOSTIC,    16, -6.324879689329e-01, 1.908150702307e-06, 1.0274e+01, 3.1366e-01, 
 2DIAGNOSTIC,    17, -6.324853877123e-01, 1.718673130549e-06, 1.0593e+01, 3.1924e-01, 
 2DIAGNOSTIC,    18, -6.324857328680e-01, 1.596895476151e-06, 1.0883e+01, 2.9049e-01, 
 2DIAGNOSTIC,    19, -6.324863142723e-01, 1.514562371498e-06, 1.1181e+01, 2.9755e-01, 
 2DIAGNOSTIC,    20, -6.324872975662e-01, 1.443652245518e-06, 1.1469e+01, 2.8812e-01, 
 2DIAGNOSTIC,    21, -6.324875610792e-01, 1.386740542592e-06, 1.1807e+01, 3.3753e-01, 
 2DIAGNOSTIC,    22, -6.324876228378e-01, 1.360205095113e-06, 1.2111e+01, 3.0483e-01, 
 2DIAGNOSTIC,    23, -6.324865653246e-01, 1.334270605419e-06, 1.2416e+01, 3.0412e-01, 
 2DIAGNOSTIC,    24, -6.324866718884e-01, 1.307039397748e-06, 1.2751e+01, 3.3579e-01, 
 2DIAGNOSTIC,    25, -6.324921184895e-01, 1.390018827846e-06, 1.3088e+01, 3.3669e-01, 
 2DIAGNOSTIC,    26, -6.324912781193e-01, 1.420875998880e-06, 1.3364e+01, 2.7571e-01, 
 2DIAGNOSTIC,    27, -6.324893581573e-01, 1.357732522689e-06, 1.3628e+01, 2.6471e-01, 
 2DIAGNOSTIC,    28, -6.324937967784e-01, 1.361418524068e-06, 1.3900e+01, 2.7203e-01, 
 2DIAGNOSTIC,    29, -6.324997123176e-01, 1.441119522654e-06, 1.4273e+01, 3.7271e-01, 
 2DIAGNOSTIC,    30, -6.325017160455e-01, 1.523855743167e-06, 1.4607e+01, 3.3406e-01, 
 2DIAGNOSTIC,    31, -6.325032528335e-01, 1.584597010038e-06, 1.4942e+01, 3.3516e-01, 
 2DIAGNOSTIC,    32, -6.325027935373e-01, 1.586106059090e-06, 1.5309e+01, 3.6703e-01, 
 2DIAGNOSTIC,    33, -6.325013941616e-01, 1.498254558127e-06, 1.5699e+01, 3.8930e-01, 
 2DIAGNOSTIC,    34, -6.325010117255e-01, 1.357765769310e-06, 1.6002e+01, 3.0323e-01, 
 2DIAGNOSTIC,    35, -6.324980314133e-01, 1.216873960829e-06, 1.6282e+01, 2.7965e-01, 
 2DIAGNOSTIC,    36, -6.324958623256e-01, 1.019860789913e-06, 1.6671e+01, 3.8957e-01, 
DIAGNOSTIC,Iteration,metricValue,convergenceValue,ITERATION_TIME_INDEX,SINCE_LAST
 2DIAGNOSTIC,     1, -5.630671689042e-01, 1.797693134862e+308, 1.9728e+01, 3.0573e+00, 
 2DIAGNOSTIC,     2, -5.635787153002e-01, 1.797693134862e+308, 2.1568e+01, 1.8395e+00, 
 2DIAGNOSTIC,     3, -5.641249671017e-01, 1.797693134862e+308, 2.3327e+01, 1.7593e+00, 
 2DIAGNOSTIC,     4, -5.649846996333e-01, 1.797693134862e+308, 2.5040e+01, 1.7127e+00, 
 2DIAGNOSTIC,     5, -5.666735259130e-01, 1.797693134862e+308, 2.9642e+01, 4.6016e+00, 
 2DIAGNOSTIC,     6, -5.666727312838e-01, 1.797693134862e+308, 3.1949e+01, 2.3075e+00, 
 2DIAGNOSTIC,     7, -5.666727459159e-01, 1.797693134862e+308, 3.4208e+01, 2.2585e+00, 
 2DIAGNOSTIC,     8, -5.666725984003e-01, 1.797693134862e+308, 3.6198e+01, 1.9900e+00, 
 2DIAGNOSTIC,     9, -5.666726285073e-01, 1.797693134862e+308, 3.8123e+01, 1.9255e+00, 
 2DIAGNOSTIC,    10, -5.666724370717e-01, 4.496515585095e-04, 4.0093e+01, 1.9701e+00, 
 2DIAGNOSTIC,    11, -5.666723944347e-01, 2.999626758763e-04, 4.2170e+01, 2.0765e+00, 
 2DIAGNOSTIC,    12, -5.666721983831e-01, 1.709677501970e-04, 4.4190e+01, 2.0203e+00, 
 2DIAGNOSTIC,    13, -5.666720217516e-01, 6.758524896247e-05, 4.5972e+01, 1.7817e+00, 
 2DIAGNOSTIC,    14, -5.666720777844e-01, 2.182743769799e-06, 4.7882e+01, 1.9100e+00, 
 2DIAGNOSTIC,    15, -5.666721095437e-01, 2.062522818411e-06, 4.9856e+01, 1.9748e+00, 
 2DIAGNOSTIC,    16, -5.666719922923e-01, 1.934227504469e-06, 5.1772e+01, 1.9160e+00, 
 2DIAGNOSTIC,    17, -5.666720239009e-01, 1.827893356537e-06, 5.3786e+01, 2.0134e+00, 
 2DIAGNOSTIC,    18, -5.666718425674e-01, 1.728348202369e-06, 5.5744e+01, 1.9577e+00, 
 2DIAGNOSTIC,    19, -5.666716612500e-01, 1.639207147387e-06, 5.7797e+01, 2.0530e+00, 
 2DIAGNOSTIC,    20, -5.666715875660e-01, 1.555723806994e-06, 5.9891e+01, 2.0942e+00, 
 2DIAGNOSTIC,    21, -5.666712480886e-01, 1.474521028819e-06, 6.1923e+01, 2.0324e+00, 
 2DIAGNOSTIC,    22, -5.666711032927e-01, 1.397106460847e-06, 6.4032e+01, 2.1091e+00, 
 2DIAGNOSTIC,    23, -5.666711729093e-01, 1.328763264530e-06, 6.5986e+01, 1.9536e+00, 
 2DIAGNOSTIC,    24, -5.666707874449e-01, 1.264279116682e-06, 6.7720e+01, 1.7337e+00, 
 2DIAGNOSTIC,    25, -5.666708912657e-01, 1.213790908235e-06, 6.9552e+01, 1.8320e+00, 
 2DIAGNOSTIC,    26, -5.666710667570e-01, 1.173802094995e-06, 7.1476e+01, 1.9247e+00, 
 2DIAGNOSTIC,    27, -5.666711267004e-01, 1.143152952042e-06, 7.3531e+01, 2.0548e+00, 
 2DIAGNOSTIC,    28, -5.666708146788e-01, 1.109261621307e-06, 7.5405e+01, 1.8739e+00, 
 2DIAGNOSTIC,    29, -5.666706356783e-01, 1.074321540451e-06, 7.7368e+01, 1.9631e+00, 
 2DIAGNOSTIC,    30, -5.666707405375e-01, 1.044612543688e-06, 7.9516e+01, 2.1475e+00, 
 2DIAGNOSTIC,    31, -5.666706487348e-01, 1.011147201080e-06, 8.1520e+01, 2.0040e+00, 
  Elapsed time (stage 0): 8.2831e+01


Total elapsed time: 8.2837e+01
Info [verificarlo]: loaded backend libinterflop_ieee.so
Info [interflop-ieee]: load backend with:
Info [interflop-ieee]: debug = false
Info [interflop-ieee]: debug-binary = false
Info [interflop-ieee]: no-backend-name = false
Info [interflop-ieee]: print-new-line = false
Info [interflop-ieee]: print-subnormal-normalized = false
Info [interflop-ieee]: count-op = false
All_Command_lines_OK
Using double precision for computations.
=============================================================================
The composite transform comprises the following transforms (in order): 
  1. /home/mdugre/scratch/mri-registration-rp/datasets/ds004513/derivatives/mri-registration-rp/0100/antsRegistration-r8-p7/sub-s017/affine_Composite.h5[0] (type = Euler3DTransform)
  2. /home/mdugre/scratch/mri-registration-rp/datasets/ds004513/derivatives/mri-registration-rp/0100/antsRegistration-r8-p7/sub-s017/affine_Composite.h5[1] (type = Euler3DTransform)
  3. /home/mdugre/scratch/mri-registration-rp/datasets/ds004513/derivatives/mri-registration-rp/0100/antsRegistration-r8-p7/sub-s017/affine_Composite.h5[2] (type = Euler3DTransform)
  4. /home/mdugre/scratch/mri-registration-rp/datasets/ds004513/derivatives/mri-registration-rp/0100/antsRegistration-r8-p7/sub-s017/affine_Composite.h5[3] (type = AffineTransform)
=============================================================================
  number of levels = 4
  fixed image: /templateflow/tpl-MNI152NLin2009cAsym/tpl-MNI152NLin2009cAsym_res-01_desc-brain_T1w.nii.gz
  moving image: /home/mdugre/scratch/mri-registration-rp/datasets/ds004513/derivatives/mri-registration-rp/antsBrainExtraction/sub-s017/BrainExtractionBrain.nii.gz
Dimension = 3
Number of stages = 1
Use histogram matching = false
Winsorize image intensities = true
  Lower quantile = 0.005
  Upper quantile = 0.995


Stage 1 State
   Image metric = CC
     Fixed image = Image (0x4a82a40)
  RTTI typeinfo:   itk::Image<double, 3u>
  Reference Count: 2
  Modified Time: 1608
  Debug: Off
  Object Name: 
  Observers: 
    none
  Source: (none)
  Source output name: (none)
  Release Data: Off
  Data Released: False
  Global Release Data: Off
  PipelineMTime: 0
  UpdateMTime: 1217
  RealTimeStamp: 0 seconds 
  LargestPossibleRegion: 
    Dimension: 3
    Index: [0, 0, 0]
    Size: [193, 229, 193]
  BufferedRegion: 
    Dimension: 3
    Index: [0, 0, 0]
    Size: [193, 229, 193]
  RequestedRegion: 
    Dimension: 3
    Index: [0, 0, 0]
    Size: [193, 229, 193]
  Spacing: [1, 1, 1]
  Origin: [96, 132, -78]
  Direction: 
-1 0 0
0 -1 0
0 0 1

  IndexToPointMatrix: 
-1 0 0
0 -1 0
0 0 1

  PointToIndexMatrix: 
-1 0 0
0 -1 0
0 0 1

  Inverse Direction: 
-1 0 0
0 -1 0
0 0 1

  PixelContainer: 
    ImportImageContainer (0x4b51780)
      RTTI typeinfo:   itk::ImportImageContainer<unsigned long, double>
      Reference Count: 1
      Modified Time: 1214
      Debug: Off
      Object Name: 
      Observers: 
        none
      Pointer: 0x148b5a307010
      Container manages memory: true
      Size: 8530021
      Capacity: 8530021

     Moving image = Image (0x4b53390)
  RTTI typeinfo:   itk::Image<double, 3u>
  Reference Count: 2
  Modified Time: 1609
  Debug: Off
  Object Name: 
  Observers: 
    none
  Source: (none)
  Source output name: (none)
  Release Data: Off
  Data Released: False
  Global Release Data: Off
  PipelineMTime: 0
  UpdateMTime: 1606
  RealTimeStamp: 0 seconds 
  LargestPossibleRegion: 
    Dimension: 3
    Index: [0, 0, 0]
    Size: [160, 240, 256]
  BufferedRegion: 
    Dimension: 3
    Index: [0, 0, 0]
    Size: [160, 240, 256]
  RequestedRegion: 
    Dimension: 3
    Index: [0, 0, 0]
    Size: [160, 240, 256]
  Spacing: [1, 1, 1]
  Origin: [91.3357, 102.231, -120.042]
  Direction: 
-0.997442 -5.36781e-05 -0.0714818
5.35416e-05 -1 3.82465e-06
-0.0714818 -1.23894e-08 0.997442

  IndexToPointMatrix: 
-0.997444 -5.36781e-05 -0.0714818
5.35418e-05 -1 3.82465e-06
-0.0714819 -1.23894e-08 0.997442

  PointToIndexMatrix: 
-0.99744 5.35415e-05 -0.0714816
-5.36781e-05 -1 -1.23894e-08
-0.0714818 3.82465e-06 0.997442

  Inverse Direction: 
-0.997442 5.35416e-05 -0.0714818
-5.36781e-05 -1 -1.23894e-08
-0.0714818 3.82465e-06 0.997442

  PixelContainer: 
    ImportImageContainer (0x4b086f0)
      RTTI typeinfo:   itk::ImportImageContainer<unsigned long, double>
      Reference Count: 1
      Modified Time: 1603
      Debug: Off
      Object Name: 
      Observers: 
        none
      Pointer: 0x148b55806010
      Container manages memory: true
      Size: 9830400
      Capacity: 9830400

     Weighting = 1
     Sampling strategy = none
     Number of bins = 32
     Radius = 4
     Sampling percentage  = 1
   Transform = SyN
     Gradient step = 0.1
     Update field sigma (voxel space) = 3
     Total field sigma (voxel space) = 0
     Update field time sigma = 0
     Total field time sigma  = 0
     Number of time indices = 0
     Number of time point samples = 0
Registration using 1 total stages.

Stage 0
  iterations = 100x70x50x20
  convergence threshold = 1e-06
  convergence window size = 10
  number of levels = 4
  using the CC metric (radius = 4, weight = 1, use gradient filter = 0)
  preprocessing:  winsorizing the image intensities
  Shrink factors (level 1 out of 4): [8, 8, 8]
  Shrink factors (level 2 out of 4): [4, 4, 4]
  Shrink factors (level 3 out of 4): [2, 2, 2]
  Shrink factors (level 4 out of 4): [1, 1, 1]
  smoothing sigmas per level: [3, 2, 1, 0]
  Using default NONE metricSamplingStrategy 

*** Running SyN registration (varianceForUpdateField = 3, varianceForTotalField = 0) ***

XXDIAGNOSTIC,Iteration,metricValue,convergenceValue,ITERATION_TIME_INDEX,SINCE_LAST
 1DIAGNOSTIC,     1, -9.271574985843e-01, 1.797693134862e+308, 1.6595e+00, 1.6595e+00, 
 1DIAGNOSTIC,     2, -9.339431668183e-01, 1.797693134862e+308, 2.0753e+00, 4.1586e-01, 
 1DIAGNOSTIC,     3, -9.396469169189e-01, 1.797693134862e+308, 2.4622e+00, 3.8687e-01, 
 1DIAGNOSTIC,     4, -9.442796617566e-01, 1.797693134862e+308, 2.8431e+00, 3.8088e-01, 
 1DIAGNOSTIC,     5, -9.472835145524e-01, 1.797693134862e+308, 3.1916e+00, 3.4849e-01, 
 1DIAGNOSTIC,     6, -9.495631545546e-01, 1.797693134862e+308, 3.6361e+00, 4.4459e-01, 
 1DIAGNOSTIC,     7, -9.517580651438e-01, 1.797693134862e+308, 4.1213e+00, 4.8516e-01, 
 1DIAGNOSTIC,     8, -9.546141402152e-01, 1.797693134862e+308, 4.5032e+00, 3.8190e-01, 
 1DIAGNOSTIC,     9, -9.583542816131e-01, 1.797693134862e+308, 4.8846e+00, 3.8138e-01, 
 1DIAGNOSTIC,    10, -9.621208150987e-01, 2.124250943652e-03, 5.3784e+00, 4.9382e-01, 
 1DIAGNOSTIC,    11, -9.654328906538e-01, 1.767669267642e-03, 5.8124e+00, 4.3397e-01, 
 1DIAGNOSTIC,    12, -9.660844170797e-01, 1.496242015077e-03, 6.1987e+00, 3.8634e-01, 
 1DIAGNOSTIC,    13, -9.664158632786e-01, 1.270127112326e-03, 6.5502e+00, 3.5144e-01, 
 1DIAGNOSTIC,    14, -9.667662860664e-01, 1.066730096058e-03, 6.9003e+00, 3.5011e-01, 
 1DIAGNOSTIC,    15, -9.673861818574e-01, 8.641925728092e-04, 7.2679e+00, 3.6762e-01, 
 1DIAGNOSTIC,    16, -9.676782775825e-01, 6.553059735591e-04, 7.6153e+00, 3.4740e-01, 
 1DIAGNOSTIC,    17, -9.683181863656e-01, 4.609129580726e-04, 7.9639e+00, 3.4859e-01, 
 1DIAGNOSTIC,    18, -9.685527302399e-01, 2.967175807038e-04, 8.3115e+00, 3.4755e-01, 
 1DIAGNOSTIC,    19, -9.691267520713e-01, 1.892155545979e-04, 8.6733e+00, 3.6183e-01, 
 1DIAGNOSTIC,    20, -9.693444484395e-01, 1.328818856813e-04, 9.0129e+00, 3.3958e-01, 
 1DIAGNOSTIC,    21, -9.698083826558e-01, 1.229109729105e-04, 9.3595e+00, 3.4664e-01, 
 1DIAGNOSTIC,    22, -9.699580531075e-01, 1.132058789478e-04, 9.7391e+00, 3.7963e-01, 
 1DIAGNOSTIC,    23, -9.703300671005e-01, 1.029497281313e-04, 1.0184e+01, 4.4530e-01, 
 1DIAGNOSTIC,    24, -9.704290213027e-01, 8.938674449408e-05, 1.0539e+01, 3.5468e-01, 
 1DIAGNOSTIC,    25, -9.707329205499e-01, 7.959392174849e-05, 1.0940e+01, 4.0052e-01, 
 1DIAGNOSTIC,    26, -9.707930781039e-01, 6.701937189850e-05, 1.1292e+01, 3.5275e-01, 
 1DIAGNOSTIC,    27, -9.710468793491e-01, 5.900272298061e-05, 1.1640e+01, 3.4743e-01, 
 1DIAGNOSTIC,    28, -9.710823205605e-01, 4.880636553228e-05, 1.1989e+01, 3.4891e-01, 
 1DIAGNOSTIC,    29, -9.712970381630e-01, 4.286741404753e-05, 1.2381e+01, 3.9223e-01, 
 1DIAGNOSTIC,    30, -9.713125014884e-01, 3.555258020348e-05, 1.2754e+01, 3.7288e-01, 
 1DIAGNOSTIC,    31, -9.715008874971e-01, 3.168123901295e-05, 1.3096e+01, 3.4194e-01, 
 1DIAGNOSTIC,    32, -9.715040010807e-01, 2.646106027461e-05, 1.3432e+01, 3.3578e-01, 
 1DIAGNOSTIC,    33, -9.716714000383e-01, 2.398908572997e-05, 1.3807e+01, 3.7510e-01, 
 1DIAGNOSTIC,    34, -9.716647845695e-01, 2.019989377344e-05, 1.4154e+01, 3.4777e-01, 
 1DIAGNOSTIC,    35, -9.718660767972e-01, 1.907937203484e-05, 1.4501e+01, 3.4690e-01, 
 1DIAGNOSTIC,    36, -9.718527756114e-01, 1.659935721767e-05, 1.4847e+01, 3.4558e-01, 
 1DIAGNOSTIC,    37, -9.719899172008e-01, 1.590126117309e-05, 1.5192e+01, 3.4480e-01, 
 1DIAGNOSTIC,    38, -9.719710356369e-01, 1.388668047805e-05, 1.5590e+01, 3.9802e-01, 
 1DIAGNOSTIC,    39, -9.720980130935e-01, 1.333591878088e-05, 1.5948e+01, 3.5838e-01, 
 1DIAGNOSTIC,    40, -9.720708646805e-01, 1.147782773650e-05, 1.6296e+01, 3.4824e-01, 
