
##########################
# Experiment information #
##########################

EXPERIMENT_NAME: antsRegistration-r8-p9
VFC_BACKENDS: libinterflop_vprec.so --range-binary32=8 --precision-binary32=9 --range-binary64=8 --precision-binary64=9

SIF_IMG: /home/mdugre/projects/rrg-glatard/mdugre/containers/ants-vprec-no_metrics.simg

SUBJECT_ID: s035
INPUT_IMG: /home/mdugre/scratch/mri-registration-rp/datasets/ds004513/derivatives/mri-registration-rp/antsBrainExtraction/sub-s035/BrainExtractionBrain.nii.gz
OUTPUT_DIR: /home/mdugre/scratch/mri-registration-rp/datasets/ds004513/derivatives/mri-registration-rp/0100/antsRegistration-r8-p9/sub-s035

FIXED_IMG: /templateflow/tpl-MNI152NLin2009cAsym/tpl-MNI152NLin2009cAsym_res-01_desc-brain_T1w.nii.gz
DATA_DIR: /home/mdugre/scratch/mri-registration-rp/datasets/ds004513
TEMPLATEFLOW_DIR: /home/mdugre/projects/rrg-glatard/mdugre/templateflow
ITK_GLOBAL_DEFAULT_NUMBER_OF_THREADS: 16
##########################

Info [verificarlo]: loaded backend libinterflop_ieee.so
Info [interflop-ieee]: load backend with:
Info [interflop-ieee]: debug = false
Info [interflop-ieee]: debug-binary = false
Info [interflop-ieee]: no-backend-name = false
Info [interflop-ieee]: print-new-line = false
Info [interflop-ieee]: print-subnormal-normalized = false
Info [interflop-ieee]: count-op = false
All_Command_lines_OK
Using double precision for computations.
=============================================================================
The composite transform comprises the following transforms (in order): 
  1. Center of mass alignment using fixed image: /templateflow/tpl-MNI152NLin2009cAsym/tpl-MNI152NLin2009cAsym_res-01_desc-brain_T1w.nii.gz and moving image: /home/mdugre/scratch/mri-registration-rp/datasets/ds004513/derivatives/mri-registration-rp/antsBrainExtraction/sub-s035/BrainExtractionBrain.nii.gz (type = Euler3DTransform)
=============================================================================
  number of levels = 1
  fixed image: /templateflow/tpl-MNI152NLin2009cAsym/tpl-MNI152NLin2009cAsym_res-01_desc-brain_T1w.nii.gz
  moving image: /home/mdugre/scratch/mri-registration-rp/datasets/ds004513/derivatives/mri-registration-rp/antsBrainExtraction/sub-s035/BrainExtractionBrain.nii.gz
Dimension = 3
Number of stages = 1
Use histogram matching = false
Winsorize image intensities = true
  Lower quantile = 0.005
  Upper quantile = 0.995


Stage 1 State
   Image metric = MattesMI
     Fixed image = Image (0x3545bd0)
  RTTI typeinfo:   itk::Image<double, 3u>
  Reference Count: 2
  Modified Time: 2330
  Debug: Off
  Object Name: 
  Observers: 
    none
  Source: (none)
  Source output name: (none)
  Release Data: Off
  Data Released: False
  Global Release Data: Off
  PipelineMTime: 0
  UpdateMTime: 1941
  RealTimeStamp: 0 seconds 
  LargestPossibleRegion: 
    Dimension: 3
    Index: [0, 0, 0]
    Size: [193, 229, 193]
  BufferedRegion: 
    Dimension: 3
    Index: [0, 0, 0]
    Size: [193, 229, 193]
  RequestedRegion: 
    Dimension: 3
    Index: [0, 0, 0]
    Size: [193, 229, 193]
  Spacing: [1, 1, 1]
  Origin: [96, 132, -78]
  Direction: 
-1 0 0
0 -1 0
0 0 1

  IndexToPointMatrix: 
-1 0 0
0 -1 0
0 0 1

  PointToIndexMatrix: 
-1 0 0
0 -1 0
0 0 1

  Inverse Direction: 
-1 0 0
0 -1 0
0 0 1

  PixelContainer: 
    ImportImageContainer (0x354e9e0)
      RTTI typeinfo:   itk::ImportImageContainer<unsigned long, double>
      Reference Count: 1
      Modified Time: 1938
      Debug: Off
      Object Name: 
      Observers: 
        none
      Pointer: 0x14a5e5b33010
      Container manages memory: true
      Size: 8530021
      Capacity: 8530021

     Moving image = Image (0x354fd40)
  RTTI typeinfo:   itk::Image<double, 3u>
  Reference Count: 2
  Modified Time: 2331
  Debug: Off
  Object Name: 
  Observers: 
    none
  Source: (none)
  Source output name: (none)
  Release Data: Off
  Data Released: False
  Global Release Data: Off
  PipelineMTime: 0
  UpdateMTime: 2328
  RealTimeStamp: 0 seconds 
  LargestPossibleRegion: 
    Dimension: 3
    Index: [0, 0, 0]
    Size: [160, 240, 256]
  BufferedRegion: 
    Dimension: 3
    Index: [0, 0, 0]
    Size: [160, 240, 256]
  RequestedRegion: 
    Dimension: 3
    Index: [0, 0, 0]
    Size: [160, 240, 256]
  Spacing: [1, 1, 1]
  Origin: [98.6438, 87.6358, -117.989]
  Direction: 
-0.993515 -0.100993 -0.0522355
0.100854 -0.994887 0.00530255
-0.0525039 1.93537e-08 0.998621

  IndexToPointMatrix: 
-0.993515 -0.100993 -0.0522355
0.100854 -0.994887 0.00530255
-0.0525039 1.93537e-08 0.998621

  PointToIndexMatrix: 
-0.993515 0.100854 -0.0525039
-0.100993 -0.994887 1.93006e-08
-0.0522355 0.00530255 0.998621

  Inverse Direction: 
-0.993515 0.100854 -0.0525039
-0.100993 -0.994887 1.93006e-08
-0.0522355 0.00530255 0.998621

  PixelContainer: 
    ImportImageContainer (0x3575850)
      RTTI typeinfo:   itk::ImportImageContainer<unsigned long, double>
      Reference Count: 1
      Modified Time: 2325
      Debug: Off
      Object Name: 
      Observers: 
        none
      Pointer: 0x14a5e1032010
      Container manages memory: true
      Size: 9830400
      Capacity: 9830400

     Weighting = 1
     Sampling strategy = regular
     Number of bins = 32
     Radius = 4
     Sampling percentage  = 0.25
   Transform = Rigid
     Gradient step = 0.1
     Update field sigma (voxel space) = 0
     Total field sigma (voxel space) = 0
     Update field time sigma = 0
     Total field time sigma  = 0
     Number of time indices = 0
     Number of time point samples = 0
Registration using 1 total stages.

Stage 0
  iterations = 0
  convergence threshold = 1e-06
  convergence window size = 10
  number of levels = 1
  using the Mattes MI metric (number of bins = 32, weight = 1, use gradient filter = 0)
  preprocessing:  winsorizing the image intensities
  Shrink factors (level 1 out of 1): [1, 1, 1]
  smoothing sigmas per level: [0]
  regular sampling (percentage = 0.25)

*** Running Euler3DTransform registration ***

  Elapsed time (stage 0): 1.08368


Total elapsed time: 1.08594
Info [verificarlo]: loaded backend libinterflop_vprec.so
Info [interflop-vprec]: load backend with: 
Info [interflop-vprec]: precision-binary32 = 9
Info [interflop-vprec]: range-binary32 = 8
Info [interflop-vprec]: precision-binary64 = 9
Info [interflop-vprec]: range-binary64 = 8
Info [interflop-vprec]: mode = ob
Info [interflop-vprec]: error-mode = rel
Info [interflop-vprec]: max-abs-error-exponent = -1022
Info [interflop-vprec]: daz = false
Info [interflop-vprec]: ftz = false
Info [interflop-vprec]: 	instrument = none
Info [interflop-vprec]: 	prec-input-file = (null)
Info [interflop-vprec]: 	prec-output-file = (null)
Info [interflop-vprec]: 	prec-log-file = (null)
All_Command_lines_OK
Using double precision for computations.
=============================================================================
The composite transform comprises the following transforms (in order): 
  1. /home/mdugre/scratch/mri-registration-rp/datasets/ds004513/derivatives/mri-registration-rp/0100/antsRegistration-r8-p9/sub-s035/align_Composite.h5[0] (type = Euler3DTransform)
  2. /home/mdugre/scratch/mri-registration-rp/datasets/ds004513/derivatives/mri-registration-rp/0100/antsRegistration-r8-p9/sub-s035/align_Composite.h5[1] (type = Euler3DTransform)
=============================================================================
  number of levels = 4
  fixed image: /templateflow/tpl-MNI152NLin2009cAsym/tpl-MNI152NLin2009cAsym_res-01_desc-brain_T1w.nii.gz
  moving image: /home/mdugre/scratch/mri-registration-rp/datasets/ds004513/derivatives/mri-registration-rp/antsBrainExtraction/sub-s035/BrainExtractionBrain.nii.gz
Dimension = 3
Number of stages = 1
Use histogram matching = false
Winsorize image intensities = true
  Lower quantile = 0.005
  Upper quantile = 0.995


Stage 1 State
   Image metric = MattesMI
     Fixed image = Image (0x3c1d1e0)
  RTTI typeinfo:   itk::Image<double, 3u>
  Reference Count: 2
  Modified Time: 1578
  Debug: Off
  Object Name: 
  Observers: 
    none
  Source: (none)
  Source output name: (none)
  Release Data: Off
  Data Released: False
  Global Release Data: Off
  PipelineMTime: 0
  UpdateMTime: 1189
  RealTimeStamp: 0 seconds 
  LargestPossibleRegion: 
    Dimension: 3
    Index: [0, 0, 0]
    Size: [193, 229, 193]
  BufferedRegion: 
    Dimension: 3
    Index: [0, 0, 0]
    Size: [193, 229, 193]
  RequestedRegion: 
    Dimension: 3
    Index: [0, 0, 0]
    Size: [193, 229, 193]
  Spacing: [1, 1, 1]
  Origin: [96, 132, -78]
  Direction: 
-1 0 0
0 -1 0
0 0 1

  IndexToPointMatrix: 
-1 0 0
0 -1 0
0 0 1

  PointToIndexMatrix: 
-1 0 0
0 -1 0
0 0 1

  Inverse Direction: 
-1 0 0
0 -1 0
0 0 1

  PixelContainer: 
    ImportImageContainer (0x3cdc680)
      RTTI typeinfo:   itk::ImportImageContainer<unsigned long, double>
      Reference Count: 1
      Modified Time: 1186
      Debug: Off
      Object Name: 
      Observers: 
        none
      Pointer: 0x14ad66c19010
      Container manages memory: true
      Size: 8530021
      Capacity: 8530021

     Moving image = Image (0x3cd8b20)
  RTTI typeinfo:   itk::Image<double, 3u>
  Reference Count: 2
  Modified Time: 1579
  Debug: Off
  Object Name: 
  Observers: 
    none
  Source: (none)
  Source output name: (none)
  Release Data: Off
  Data Released: False
  Global Release Data: Off
  PipelineMTime: 0
  UpdateMTime: 1576
  RealTimeStamp: 0 seconds 
  LargestPossibleRegion: 
    Dimension: 3
    Index: [0, 0, 0]
    Size: [160, 240, 256]
  BufferedRegion: 
    Dimension: 3
    Index: [0, 0, 0]
    Size: [160, 240, 256]
  RequestedRegion: 
    Dimension: 3
    Index: [0, 0, 0]
    Size: [160, 240, 256]
  Spacing: [1, 1, 1]
  Origin: [98.625, 87.625, -118]
  Direction: 
-0.993164 -0.101074 -0.0522461
0.10083 -0.995117 0.00530243
-0.0524902 0 0.999023

  IndexToPointMatrix: 
-0.993164 -0.101074 -0.0522461
0.10083 -0.995117 0.00530243
-0.0524902 0 0.999023

  PointToIndexMatrix: 
-0.998047 0.101318 -0.0527344
-0.101318 -0.99707 -0.00146484
-0.0518799 0.00830078 0.996094

  Inverse Direction: 
-0.998047 0.101318 -0.0527344
-0.101318 -0.99707 -0.00146484
-0.0518799 0.00830078 0.996094

  PixelContainer: 
    ImportImageContainer (0x3d41d50)
      RTTI typeinfo:   itk::ImportImageContainer<unsigned long, double>
      Reference Count: 1
      Modified Time: 1573
      Debug: Off
      Object Name: 
      Observers: 
        none
      Pointer: 0x14ad62118010
      Container manages memory: true
      Size: 9830400
      Capacity: 9830400

     Weighting = 1
     Sampling strategy = regular
     Number of bins = 32
     Radius = 4
     Sampling percentage  = 0.25
   Transform = Rigid
     Gradient step = 0.1
     Update field sigma (voxel space) = 0
     Total field sigma (voxel space) = 0
     Update field time sigma = 0
     Total field time sigma  = 0
     Number of time indices = 0
     Number of time point samples = 0
Registration using 1 total stages.

Stage 0
  iterations = 1000x500x250x100
  convergence threshold = 1e-06
  convergence window size = 10
  number of levels = 4
  using the Mattes MI metric (number of bins = 32, weight = 1, use gradient filter = 0)
  preprocessing:  winsorizing the image intensities
  Shrink factors (level 1 out of 4): [8, 8, 8]
  Shrink factors (level 2 out of 4): [4, 4, 4]
  Shrink factors (level 3 out of 4): [2, 2, 2]
  Shrink factors (level 4 out of 4): [1, 1, 1]
  smoothing sigmas per level: [3, 2, 1, 0]
  regular sampling (percentage = 0.25)

*** Running Euler3DTransform registration ***

DIAGNOSTIC,Iteration,metricValue,convergenceValue,ITERATION_TIME_INDEX,SINCE_LAST
 2DIAGNOSTIC,     1, -5.097168767105e-01, 1.797693134862e+308, 0.0000e+00, 0.0000e+00, 
 2DIAGNOSTIC,     2, -5.105967925282e-01, 1.797693134862e+308, 0.0000e+00, 0.0000e+00, 
 2DIAGNOSTIC,     3, -5.110709550273e-01, 1.797693134862e+308, 0.0000e+00, 0.0000e+00, 
 2DIAGNOSTIC,     4, -5.114150654084e-01, 1.797693134862e+308, 0.0000e+00, 0.0000e+00, 
 2DIAGNOSTIC,     5, -5.115640143975e-01, 1.797693134862e+308, 0.0000e+00, 0.0000e+00, 
 2DIAGNOSTIC,     6, -5.124569343006e-01, 1.797693134862e+308, 0.0000e+00, 0.0000e+00, 
 2DIAGNOSTIC,     7, -5.136463052561e-01, 1.797693134862e+308, 0.0000e+00, 0.0000e+00, 
 2DIAGNOSTIC,     8, -5.129789656335e-01, 1.797693134862e+308, 0.0000e+00, 0.0000e+00, 
 2DIAGNOSTIC,     9, -5.155289317182e-01, 1.797693134862e+308, 0.0000e+00, 0.0000e+00, 
 2DIAGNOSTIC,    10, -5.157315554369e-01, 7.127909004063e-04, 0.0000e+00, 0.0000e+00, 
 2DIAGNOSTIC,    11, -5.157909035976e-01, 6.555975630992e-04, 0.0000e+00, 0.0000e+00, 
 2DIAGNOSTIC,    12, -5.156431140623e-01, 5.837467114691e-04, 0.0000e+00, 0.0000e+00, 
 2DIAGNOSTIC,    13, -5.154176066335e-01, 4.814860457852e-04, 0.0000e+00, 0.0000e+00, 
 2DIAGNOSTIC,    14, -5.154244722054e-01, 3.636292304285e-04, 0.0000e+00, 0.0000e+00, 
 2DIAGNOSTIC,    15, -5.153425494590e-01, 2.292973667981e-04, 0.0000e+00, 0.0000e+00, 
 2DIAGNOSTIC,    16, -5.153680213752e-01, 1.224995367525e-04, 0.0000e+00, 0.0000e+00, 
 2DIAGNOSTIC,    17, -5.153893024788e-01, 5.820896068748e-05, 0.0000e+00, 0.0000e+00, 
DIAGNOSTIC,Iteration,metricValue,convergenceValue,ITERATION_TIME_INDEX,SINCE_LAST
 2DIAGNOSTIC,     1, -4.296333900220e-01, 1.797693134862e+308, 0.0000e+00, 0.0000e+00, 
 2DIAGNOSTIC,     2, -4.302795148083e-01, 1.797693134862e+308, 0.0000e+00, 0.0000e+00, 
 2DIAGNOSTIC,     3, -4.310713523757e-01, 1.797693134862e+308, 0.0000e+00, 0.0000e+00, 
 2DIAGNOSTIC,     4, -4.321566761412e-01, 1.797693134862e+308, 0.0000e+00, 0.0000e+00, 
 2DIAGNOSTIC,     5, -4.333923288676e-01, 1.797693134862e+308, 0.0000e+00, 0.0000e+00, 
 2DIAGNOSTIC,     6, -4.365760080929e-01, 1.797693134862e+308, 0.0000e+00, 0.0000e+00, 
 2DIAGNOSTIC,     7, -4.401854180035e-01, 1.797693134862e+308, 0.0000e+00, 0.0000e+00, 
 2DIAGNOSTIC,     8, -4.486280722239e-01, 1.797693134862e+308, 0.0000e+00, 0.0000e+00, 
 2DIAGNOSTIC,     9, -4.663140979776e-01, 1.797693134862e+308, 0.0000e+00, 0.0000e+00, 
 2DIAGNOSTIC,    10, -5.077596657047e-01, 8.050007244359e-03, 0.0000e+00, 0.0000e+00, 
 2DIAGNOSTIC,    11, -5.453825648243e-01, 1.214899798588e-02, 0.0000e+00, 0.0000e+00, 
 2DIAGNOSTIC,    12, -5.586929113417e-01, 1.502939213975e-02, 0.0000e+00, 0.0000e+00, 
 2DIAGNOSTIC,    13, -5.584188193243e-01, 1.609922732620e-02, 0.0000e+00, 0.0000e+00, 
 2DIAGNOSTIC,    14, -5.590341248126e-01, 1.563378754973e-02, 0.0000e+00, 0.0000e+00, 
 2DIAGNOSTIC,    15, -5.588547953212e-01, 1.384615955432e-02, 0.0000e+00, 0.0000e+00, 
 2DIAGNOSTIC,    16, -5.581524594114e-01, 1.112868688183e-02, 0.0000e+00, 0.0000e+00, 
 2DIAGNOSTIC,    17, -5.583910645874e-01, 7.900312853682e-03, 0.0000e+00, 0.0000e+00, 
 2DIAGNOSTIC,    18, -5.582919973413e-01, 4.635914293418e-03, 0.0000e+00, 0.0000e+00, 
 2DIAGNOSTIC,    19, -5.584765342917e-01, 1.849794173615e-03, 0.0000e+00, 0.0000e+00, 
 2DIAGNOSTIC,    20, -5.584925166030e-01, 3.519197572074e-04, 0.0000e+00, 0.0000e+00, 
DIAGNOSTIC,Iteration,metricValue,convergenceValue,ITERATION_TIME_INDEX,SINCE_LAST
 2DIAGNOSTIC,     1, -4.989960966471e-01, 1.797693134862e+308, 0.0000e+00, 0.0000e+00, 
 2DIAGNOSTIC,     2, -4.989960966471e-01, 1.797693134862e+308, 0.0000e+00, 0.0000e+00, 
 2DIAGNOSTIC,     3, -4.989904141058e-01, 1.797693134862e+308, 0.0000e+00, 0.0000e+00, 
 2DIAGNOSTIC,     4, -4.989904141058e-01, 1.797693134862e+308, 0.0000e+00, 0.0000e+00, 
 2DIAGNOSTIC,     5, -4.989904141058e-01, 1.797693134862e+308, 0.0000e+00, 0.0000e+00, 
 2DIAGNOSTIC,     6, -4.989904141058e-01, 1.797693134862e+308, 0.0000e+00, 0.0000e+00, 
 2DIAGNOSTIC,     7, -4.989904141058e-01, 1.797693134862e+308, 0.0000e+00, 0.0000e+00, 
 2DIAGNOSTIC,     8, -4.989904141058e-01, 1.797693134862e+308, 0.0000e+00, 0.0000e+00, 
 2DIAGNOSTIC,     9, -4.989902637520e-01, 1.797693134862e+308, 0.0000e+00, 0.0000e+00, 
DIAGNOSTIC,Iteration,metricValue,convergenceValue,ITERATION_TIME_INDEX,SINCE_LAST
 2DIAGNOSTIC,     1, -4.624469564038e-01, 1.797693134862e+308, 0.0000e+00, 0.0000e+00, 
 2DIAGNOSTIC,     2, -4.624809938545e-01, 1.797693134862e+308, 0.0000e+00, 0.0000e+00, 
 2DIAGNOSTIC,     3, -4.624719950819e-01, 1.797693134862e+308, 0.0000e+00, 0.0000e+00, 
 2DIAGNOSTIC,     4, -4.624645279450e-01, 1.797693134862e+308, 0.0000e+00, 0.0000e+00, 
 2DIAGNOSTIC,     5, -4.624800858270e-01, 1.797693134862e+308, 0.0000e+00, 0.0000e+00, 
 2DIAGNOSTIC,     6, -4.624889979845e-01, 1.797693134862e+308, 0.0000e+00, 0.0000e+00, 
 2DIAGNOSTIC,     7, -4.624900444075e-01, 1.797693134862e+308, 0.0000e+00, 0.0000e+00, 
 2DIAGNOSTIC,     8, -4.624949613098e-01, 1.797693134862e+308, 0.0000e+00, 0.0000e+00, 
 2DIAGNOSTIC,     9, -4.624798567717e-01, 1.797693134862e+308, 0.0000e+00, 0.0000e+00, 
 2DIAGNOSTIC,    10, -4.624859629648e-01, 4.150123223273e-06, 0.0000e+00, 0.0000e+00, 
 2DIAGNOSTIC,    11, -4.625022738206e-01, 2.869488129914e-06, 0.0000e+00, 0.0000e+00, 
 2DIAGNOSTIC,    12, -4.624989987277e-01, 3.105807274320e-06, 0.0000e+00, 0.0000e+00, 
 2DIAGNOSTIC,    13, -4.625043357396e-01, 2.895095398733e-06, 0.0000e+00, 0.0000e+00, 
 2DIAGNOSTIC,    14, -4.625078044074e-01, 2.275110919214e-06, 0.0000e+00, 0.0000e+00, 
 2DIAGNOSTIC,    15, -4.625265824640e-01, 2.921990357563e-06, 0.0000e+00, 0.0000e+00, 
 2DIAGNOSTIC,    16, -4.625335902036e-01, 3.795671936702e-06, 0.0000e+00, 0.0000e+00, 
 2DIAGNOSTIC,    17, -4.625295542252e-01, 4.103184721660e-06, 0.0000e+00, 0.0000e+00, 
 2DIAGNOSTIC,    18, -4.625300261202e-01, 4.222700630524e-06, 0.0000e+00, 0.0000e+00, 
 2DIAGNOSTIC,    19, -4.625348550514e-01, 3.601667629700e-06, 0.0000e+00, 0.0000e+00, 
 2DIAGNOSTIC,    20, -4.625186777039e-01, 2.368175765946e-06, 0.0000e+00, 0.0000e+00, 
 2DIAGNOSTIC,    21, -4.625111499929e-01, 1.305333244273e-06, 0.0000e+00, 0.0000e+00, 
  Elapsed time (stage 0): 0.0000e+00


Total elapsed time: 0.0000e+00
Info [verificarlo]: loaded backend libinterflop_ieee.so
Info [interflop-ieee]: load backend with:
Info [interflop-ieee]: debug = false
Info [interflop-ieee]: debug-binary = false
Info [interflop-ieee]: no-backend-name = false
Info [interflop-ieee]: print-new-line = false
Info [interflop-ieee]: print-subnormal-normalized = false
Info [interflop-ieee]: count-op = false
All_Command_lines_OK
Using double precision for computations.
=============================================================================
The composite transform comprises the following transforms (in order): 
  1. /home/mdugre/scratch/mri-registration-rp/datasets/ds004513/derivatives/mri-registration-rp/0100/antsRegistration-r8-p9/sub-s035/rigid_Composite.h5[0] (type = Euler3DTransform)
  2. /home/mdugre/scratch/mri-registration-rp/datasets/ds004513/derivatives/mri-registration-rp/0100/antsRegistration-r8-p9/sub-s035/rigid_Composite.h5[1] (type = Euler3DTransform)
  3. /home/mdugre/scratch/mri-registration-rp/datasets/ds004513/derivatives/mri-registration-rp/0100/antsRegistration-r8-p9/sub-s035/rigid_Composite.h5[2] (type = Euler3DTransform)
=============================================================================
  number of levels = 4
  fixed image: /templateflow/tpl-MNI152NLin2009cAsym/tpl-MNI152NLin2009cAsym_res-01_desc-brain_T1w.nii.gz
  moving image: /home/mdugre/scratch/mri-registration-rp/datasets/ds004513/derivatives/mri-registration-rp/antsBrainExtraction/sub-s035/BrainExtractionBrain.nii.gz
Dimension = 3
Number of stages = 1
Use histogram matching = false
Winsorize image intensities = true
  Lower quantile = 0.005
  Upper quantile = 0.995


Stage 1 State
   Image metric = MattesMI
     Fixed image = Image (0x523b530)
  RTTI typeinfo:   itk::Image<double, 3u>
  Reference Count: 2
  Modified Time: 1592
  Debug: Off
  Object Name: 
  Observers: 
    none
  Source: (none)
  Source output name: (none)
  Release Data: Off
  Data Released: False
  Global Release Data: Off
  PipelineMTime: 0
  UpdateMTime: 1203
  RealTimeStamp: 0 seconds 
  LargestPossibleRegion: 
    Dimension: 3
    Index: [0, 0, 0]
    Size: [193, 229, 193]
  BufferedRegion: 
    Dimension: 3
    Index: [0, 0, 0]
    Size: [193, 229, 193]
  RequestedRegion: 
    Dimension: 3
    Index: [0, 0, 0]
    Size: [193, 229, 193]
  Spacing: [1, 1, 1]
  Origin: [96, 132, -78]
  Direction: 
-1 0 0
0 -1 0
0 0 1

  IndexToPointMatrix: 
-1 0 0
0 -1 0
0 0 1

  PointToIndexMatrix: 
-1 0 0
0 -1 0
0 0 1

  Inverse Direction: 
-1 0 0
0 -1 0
0 0 1

  PixelContainer: 
    ImportImageContainer (0x52482b0)
      RTTI typeinfo:   itk::ImportImageContainer<unsigned long, double>
      Reference Count: 1
      Modified Time: 1200
      Debug: Off
      Object Name: 
      Observers: 
        none
      Pointer: 0x146bef01a010
      Container manages memory: true
      Size: 8530021
      Capacity: 8530021

     Moving image = Image (0x52f6fd0)
  RTTI typeinfo:   itk::Image<double, 3u>
  Reference Count: 2
  Modified Time: 1593
  Debug: Off
  Object Name: 
  Observers: 
    none
  Source: (none)
  Source output name: (none)
  Release Data: Off
  Data Released: False
  Global Release Data: Off
  PipelineMTime: 0
  UpdateMTime: 1590
  RealTimeStamp: 0 seconds 
  LargestPossibleRegion: 
    Dimension: 3
    Index: [0, 0, 0]
    Size: [160, 240, 256]
  BufferedRegion: 
    Dimension: 3
    Index: [0, 0, 0]
    Size: [160, 240, 256]
  RequestedRegion: 
    Dimension: 3
    Index: [0, 0, 0]
    Size: [160, 240, 256]
  Spacing: [1, 1, 1]
  Origin: [98.6438, 87.6358, -117.989]
  Direction: 
-0.993515 -0.100993 -0.0522355
0.100854 -0.994887 0.00530255
-0.0525039 1.93537e-08 0.998621

  IndexToPointMatrix: 
-0.993515 -0.100993 -0.0522355
0.100854 -0.994887 0.00530255
-0.0525039 1.93537e-08 0.998621

  PointToIndexMatrix: 
-0.993515 0.100854 -0.0525039
-0.100993 -0.994887 1.93006e-08
-0.0522355 0.00530255 0.998621

  Inverse Direction: 
-0.993515 0.100854 -0.0525039
-0.100993 -0.994887 1.93006e-08
-0.0522355 0.00530255 0.998621

  PixelContainer: 
    ImportImageContainer (0x530e990)
      RTTI typeinfo:   itk::ImportImageContainer<unsigned long, double>
      Reference Count: 1
      Modified Time: 1587
      Debug: Off
      Object Name: 
      Observers: 
        none
      Pointer: 0x146bea519010
      Container manages memory: true
      Size: 9830400
      Capacity: 9830400

     Weighting = 1
     Sampling strategy = regular
     Number of bins = 32
     Radius = 4
     Sampling percentage  = 0.25
   Transform = Affine
     Gradient step = 0.1
     Update field sigma (voxel space) = 0
     Total field sigma (voxel space) = 0
     Update field time sigma = 0
     Total field time sigma  = 0
     Number of time indices = 0
     Number of time point samples = 0
Registration using 1 total stages.

Stage 0
  iterations = 1000x500x250x100
  convergence threshold = 1e-06
  convergence window size = 10
  number of levels = 4
  using the Mattes MI metric (number of bins = 32, weight = 1, use gradient filter = 0)
  preprocessing:  winsorizing the image intensities
  Shrink factors (level 1 out of 4): [8, 8, 8]
  Shrink factors (level 2 out of 4): [4, 4, 4]
  Shrink factors (level 3 out of 4): [2, 2, 2]
  Shrink factors (level 4 out of 4): [1, 1, 1]
  smoothing sigmas per level: [3, 2, 1, 0]
  regular sampling (percentage = 0.25)

*** Running AffineTransform registration ***

DIAGNOSTIC,Iteration,metricValue,convergenceValue,ITERATION_TIME_INDEX,SINCE_LAST
 2DIAGNOSTIC,     1, -6.772707073180e-01, 1.797693134862e+308, 7.7812e-01, 7.7812e-01, 
 2DIAGNOSTIC,     2, -6.799405804757e-01, 1.797693134862e+308, 7.8306e-01, 4.9310e-03, 
 2DIAGNOSTIC,     3, -6.841813599315e-01, 1.797693134862e+308, 7.8766e-01, 4.6051e-03, 
 2DIAGNOSTIC,     4, -6.899746260092e-01, 1.797693134862e+308, 7.9205e-01, 4.3890e-03, 
 2DIAGNOSTIC,     5, -6.970501625681e-01, 1.797693134862e+308, 7.9619e-01, 4.1451e-03, 
 2DIAGNOSTIC,     6, -7.098501176224e-01, 1.797693134862e+308, 8.0039e-01, 4.1959e-03, 
 2DIAGNOSTIC,     7, -7.235916239987e-01, 1.797693134862e+308, 8.0649e-01, 6.1021e-03, 
 2DIAGNOSTIC,     8, -7.365488022557e-01, 1.797693134862e+308, 8.1142e-01, 4.9231e-03, 
 2DIAGNOSTIC,     9, -7.374176811968e-01, 1.797693134862e+308, 8.1901e-01, 7.5960e-03, 
 2DIAGNOSTIC,    10, -7.370904803008e-01, 6.617690713806e-03, 8.2477e-01, 5.7590e-03, 
 2DIAGNOSTIC,    11, -7.372616323012e-01, 5.736592704447e-03, 8.2991e-01, 5.1410e-03, 
 2DIAGNOSTIC,    12, -7.372722928493e-01, 4.575523671615e-03, 8.3506e-01, 5.1529e-03, 
 2DIAGNOSTIC,    13, -7.371112391894e-01, 3.307455473092e-03, 8.4086e-01, 5.7909e-03, 
 2DIAGNOSTIC,    14, -7.370683508555e-01, 2.092946038498e-03, 8.4603e-01, 5.1770e-03, 
 2DIAGNOSTIC,    15, -7.370175486930e-01, 1.040229527698e-03, 8.5128e-01, 5.2471e-03, 
 2DIAGNOSTIC,    16, -7.369602400433e-01, 3.368980488409e-04, 8.5590e-01, 4.6201e-03, 
DIAGNOSTIC,Iteration,metricValue,convergenceValue,ITERATION_TIME_INDEX,SINCE_LAST
 2DIAGNOSTIC,     1, -6.087566354953e-01, 1.797693134862e+308, 1.5492e+00, 6.9328e-01, 
 2DIAGNOSTIC,     2, -6.091510723263e-01, 1.797693134862e+308, 1.5809e+00, 3.1765e-02, 
 2DIAGNOSTIC,     3, -6.097797346558e-01, 1.797693134862e+308, 1.6141e+00, 3.3127e-02, 
 2DIAGNOSTIC,     4, -6.104793808298e-01, 1.797693134862e+308, 1.6511e+00, 3.7018e-02, 
 2DIAGNOSTIC,     5, -6.113526164403e-01, 1.797693134862e+308, 1.6899e+00, 3.8823e-02, 
 2DIAGNOSTIC,     6, -6.116218261203e-01, 1.797693134862e+308, 1.7475e+00, 5.7571e-02, 
 2DIAGNOSTIC,     7, -6.116519469332e-01, 1.797693134862e+308, 1.7861e+00, 3.8630e-02, 
 2DIAGNOSTIC,     8, -6.116666253661e-01, 1.797693134862e+308, 1.8374e+00, 5.1309e-02, 
 2DIAGNOSTIC,     9, -6.116590477503e-01, 1.797693134862e+308, 1.8776e+00, 4.0174e-02, 
 2DIAGNOSTIC,    10, -6.116634941676e-01, 3.295857127625e-04, 1.9150e+00, 3.7375e-02, 
 2DIAGNOSTIC,    11, -6.116366499766e-01, 2.190772287022e-04, 1.9508e+00, 3.5854e-02, 
 2DIAGNOSTIC,    12, -6.116477671220e-01, 1.234952810640e-04, 1.9918e+00, 4.0936e-02, 
 2DIAGNOSTIC,    13, -6.116572145078e-01, 5.434123555205e-05, 2.0312e+00, 3.9454e-02, 
 2DIAGNOSTIC,    14, -6.116370642770e-01, 1.221415116592e-05, 2.0663e+00, 3.5096e-02, 
 2DIAGNOSTIC,    15, -6.116429437331e-01, 1.868616779407e-06, 2.1010e+00, 3.4653e-02, 
 2DIAGNOSTIC,    16, -6.116593873949e-01, 1.124313326023e-06, 2.1407e+00, 3.9742e-02, 
 2DIAGNOSTIC,    17, -6.116864788148e-01, 2.077110418761e-06, 2.1907e+00, 5.0014e-02, 
 2DIAGNOSTIC,    18, -6.116841662491e-01, 3.204581653114e-06, 2.2239e+00, 3.3177e-02, 
 2DIAGNOSTIC,    19, -6.116771236320e-01, 3.738877493706e-06, 2.2605e+00, 3.6572e-02, 
 2DIAGNOSTIC,    20, -6.116783797433e-01, 4.197470600716e-06, 2.2935e+00, 3.3011e-02, 
 2DIAGNOSTIC,    21, -6.116773084694e-01, 3.727315248052e-06, 2.3294e+00, 3.5966e-02, 
 2DIAGNOSTIC,    22, -6.116885707683e-01, 3.545345635861e-06, 2.3685e+00, 3.9035e-02, 
 2DIAGNOSTIC,    23, -6.117123713824e-01, 3.866404344480e-06, 2.4148e+00, 4.6368e-02, 
 2DIAGNOSTIC,    24, -6.117130054211e-01, 3.550542923808e-06, 2.4545e+00, 3.9685e-02, 
 2DIAGNOSTIC,    25, -6.117123233907e-01, 3.152948549218e-06, 2.4935e+00, 3.8919e-02, 
 2DIAGNOSTIC,    26, -6.117083671907e-01, 2.822913655443e-06, 2.5336e+00, 4.0146e-02, 
 2DIAGNOSTIC,    27, -6.116929967614e-01, 2.565859893784e-06, 2.5702e+00, 3.6586e-02, 
 2DIAGNOSTIC,    28, -6.116904191247e-01, 2.117393528428e-06, 2.6092e+00, 3.9033e-02, 
 2DIAGNOSTIC,    29, -6.116908967847e-01, 1.499792780579e-06, 2.6474e+00, 3.8147e-02, 
DIAGNOSTIC,Iteration,metricValue,convergenceValue,ITERATION_TIME_INDEX,SINCE_LAST
 2DIAGNOSTIC,     1, -5.342697061917e-01, 1.797693134862e+308, 3.7065e+00, 1.0592e+00, 
 2DIAGNOSTIC,     2, -5.346815349320e-01, 1.797693134862e+308, 3.9699e+00, 2.6334e-01, 
 2DIAGNOSTIC,     3, -5.351960249724e-01, 1.797693134862e+308, 4.2291e+00, 2.5924e-01, 
 2DIAGNOSTIC,     4, -5.354850923190e-01, 1.797693134862e+308, 4.5151e+00, 2.8595e-01, 
 2DIAGNOSTIC,     5, -5.355247301813e-01, 1.797693134862e+308, 4.8315e+00, 3.1643e-01, 
 2DIAGNOSTIC,     6, -5.355547520772e-01, 1.797693134862e+308, 5.1336e+00, 3.0208e-01, 
 2DIAGNOSTIC,     7, -5.355573508229e-01, 1.797693134862e+308, 5.4191e+00, 2.8559e-01, 
 2DIAGNOSTIC,     8, -5.355641586857e-01, 1.797693134862e+308, 5.7134e+00, 2.9420e-01, 
 2DIAGNOSTIC,     9, -5.355605989323e-01, 1.797693134862e+308, 6.0090e+00, 2.9564e-01, 
 2DIAGNOSTIC,    10, -5.355510221297e-01, 1.277632936696e-04, 6.5458e+00, 5.3679e-01, 
 2DIAGNOSTIC,    11, -5.355519774675e-01, 6.334029762531e-05, 6.8688e+00, 3.2302e-01, 
 2DIAGNOSTIC,    12, -5.355525021001e-01, 2.199526686526e-05, 7.1693e+00, 3.0046e-01, 
 2DIAGNOSTIC,    13, -5.355519696040e-01, 5.945363593912e-06, 7.4737e+00, 3.0440e-01, 
 2DIAGNOSTIC,    14, -5.355515248182e-01, 2.792080887715e-06, 7.7754e+00, 3.0172e-01, 
 2DIAGNOSTIC,    15, -5.355513148347e-01, 1.388500723704e-06, 8.0645e+00, 2.8912e-01, 
 2DIAGNOSTIC,    16, -5.355520993219e-01, 1.248365132156e-06, 8.3696e+00, 3.0508e-01, 
 2DIAGNOSTIC,    17, -5.355522206364e-01, 1.264166473780e-06, 8.6304e+00, 2.6086e-01, 
 2DIAGNOSTIC,    18, -5.355511162250e-01, 1.502930921896e-06, 8.8867e+00, 2.5629e-01, 
 2DIAGNOSTIC,    19, -5.355542686138e-01, 1.739507254787e-06, 9.2059e+00, 3.1915e-01, 
 2DIAGNOSTIC,    20, -5.355544088340e-01, 1.692514842021e-06, 9.5043e+00, 2.9843e-01, 
 2DIAGNOSTIC,    21, -5.355534235632e-01, 1.639127160488e-06, 9.8666e+00, 3.6227e-01, 
 2DIAGNOSTIC,    22, -5.355529183179e-01, 1.581579495737e-06, 1.0172e+01, 3.0578e-01, 
 2DIAGNOSTIC,    23, -5.355524116651e-01, 1.493180686540e-06, 1.0475e+01, 3.0214e-01, 
 2DIAGNOSTIC,    24, -5.355518466294e-01, 1.378641080116e-06, 1.0752e+01, 2.7701e-01, 
 2DIAGNOSTIC,    25, -5.355515770789e-01, 1.257098704709e-06, 1.1021e+01, 2.6969e-01, 
 2DIAGNOSTIC,    26, -5.355527968970e-01, 1.188209555900e-06, 1.1313e+01, 2.9161e-01, 
 2DIAGNOSTIC,    27, -5.355548454074e-01, 1.171181648434e-06, 1.1626e+01, 3.1357e-01, 
 2DIAGNOSTIC,    28, -5.355568842375e-01, 1.171094999551e-06, 1.1944e+01, 3.1753e-01, 
 2DIAGNOSTIC,    29, -5.355572104452e-01, 1.230926555261e-06, 1.2219e+01, 2.7535e-01, 
 2DIAGNOSTIC,    30, -5.355564550254e-01, 1.264372214219e-06, 1.2513e+01, 2.9400e-01, 
 2DIAGNOSTIC,    31, -5.355594033660e-01, 1.310495260705e-06, 1.2807e+01, 2.9420e-01, 
 2DIAGNOSTIC,    32, -5.355591902501e-01, 1.312707446098e-06, 1.3075e+01, 2.6739e-01, 
 2DIAGNOSTIC,    33, -5.355568767563e-01, 1.239522812183e-06, 1.3405e+01, 3.3029e-01, 
 2DIAGNOSTIC,    34, -5.355587271101e-01, 1.167011232945e-06, 1.3739e+01, 3.3337e-01, 
 2DIAGNOSTIC,    35, -5.355604607060e-01, 1.097944271718e-06, 1.4104e+01, 3.6593e-01, 
 2DIAGNOSTIC,    36, -5.355596734201e-01, 1.019060316819e-06, 1.4397e+01, 2.9260e-01, 
DIAGNOSTIC,Iteration,metricValue,convergenceValue,ITERATION_TIME_INDEX,SINCE_LAST
 2DIAGNOSTIC,     1, -4.914387673720e-01, 1.797693134862e+308, 1.7135e+01, 2.7381e+00, 
 2DIAGNOSTIC,     2, -4.917214480351e-01, 1.797693134862e+308, 1.8752e+01, 1.6172e+00, 
 2DIAGNOSTIC,     3, -4.919624175572e-01, 1.797693134862e+308, 2.0389e+01, 1.6363e+00, 
 2DIAGNOSTIC,     4, -4.921558145695e-01, 1.797693134862e+308, 2.2091e+01, 1.7020e+00, 
 2DIAGNOSTIC,     5, -4.923437933311e-01, 1.797693134862e+308, 2.3816e+01, 1.7252e+00, 
 2DIAGNOSTIC,     6, -4.924145800531e-01, 1.797693134862e+308, 2.5718e+01, 1.9021e+00, 
 2DIAGNOSTIC,     7, -4.924823571047e-01, 1.797693134862e+308, 2.7575e+01, 1.8575e+00, 
 2DIAGNOSTIC,     8, -4.925878050925e-01, 1.797693134862e+308, 2.9590e+01, 2.0144e+00, 
 2DIAGNOSTIC,     9, -4.925312821867e-01, 1.797693134862e+308, 3.1442e+01, 1.8522e+00, 
 2DIAGNOSTIC,    10, -4.927887542700e-01, 1.568040845123e-04, 3.5883e+01, 4.4411e+00, 
 2DIAGNOSTIC,    11, -4.927883452035e-01, 1.171751955168e-04, 3.8324e+01, 2.4410e+00, 
 2DIAGNOSTIC,    12, -4.927883830464e-01, 8.745738580192e-05, 4.0175e+01, 1.8513e+00, 
 2DIAGNOSTIC,    13, -4.927883112465e-01, 6.536623653587e-05, 4.2274e+01, 2.0987e+00, 
 2DIAGNOSTIC,    14, -4.927881131262e-01, 4.852566397838e-05, 4.4304e+01, 2.0302e+00, 
 2DIAGNOSTIC,    15, -4.927880188227e-01, 3.680011915493e-05, 4.6031e+01, 1.7267e+00, 
 2DIAGNOSTIC,    16, -4.927879348743e-01, 2.581951402376e-05, 4.7925e+01, 1.8940e+00, 
 2DIAGNOSTIC,    17, -4.927880739787e-01, 1.626020017927e-05, 4.9807e+01, 1.8817e+00, 
 2DIAGNOSTIC,    18, -4.927878748190e-01, 9.960083714289e-06, 5.1481e+01, 1.6744e+00, 
 2DIAGNOSTIC,    19, -4.927879071962e-01, 1.624574032966e-06, 5.3310e+01, 1.8285e+00, 
 2DIAGNOSTIC,    20, -4.927879452469e-01, 1.558072325644e-06, 5.5375e+01, 2.0659e+00, 
 2DIAGNOSTIC,    21, -4.927877420932e-01, 1.483970838156e-06, 5.7293e+01, 1.9172e+00, 
 2DIAGNOSTIC,    22, -4.927876481594e-01, 1.418182878611e-06, 5.9062e+01, 1.7696e+00, 
 2DIAGNOSTIC,    23, -4.927875647327e-01, 1.357055248036e-06, 6.0891e+01, 1.8283e+00, 
 2DIAGNOSTIC,    24, -4.927874861560e-01, 1.296916997899e-06, 6.2803e+01, 1.9129e+00, 
 2DIAGNOSTIC,    25, -4.927872985031e-01, 1.237830485064e-06, 6.4661e+01, 1.8576e+00, 
 2DIAGNOSTIC,    26, -4.927872260144e-01, 1.183141883430e-06, 6.6468e+01, 1.8073e+00, 
 2DIAGNOSTIC,    27, -4.927874810373e-01, 1.144943587834e-06, 6.8271e+01, 1.8024e+00, 
 2DIAGNOSTIC,    28, -4.927875332800e-01, 1.109357565608e-06, 7.0161e+01, 1.8907e+00, 
 2DIAGNOSTIC,    29, -4.927873784518e-01, 1.076309209355e-06, 7.2189e+01, 2.0272e+00, 
 2DIAGNOSTIC,    30, -4.927871945068e-01, 1.044958182622e-06, 7.3971e+01, 1.7826e+00, 
 2DIAGNOSTIC,    31, -4.927869244002e-01, 1.008419517390e-06, 7.5845e+01, 1.8741e+00, 
  Elapsed time (stage 0): 7.6890e+01


Total elapsed time: 7.6893e+01
Info [verificarlo]: loaded backend libinterflop_ieee.so
Info [interflop-ieee]: load backend with:
Info [interflop-ieee]: debug = false
Info [interflop-ieee]: debug-binary = false
Info [interflop-ieee]: no-backend-name = false
Info [interflop-ieee]: print-new-line = false
Info [interflop-ieee]: print-subnormal-normalized = false
Info [interflop-ieee]: count-op = false
All_Command_lines_OK
Using double precision for computations.
=============================================================================
The composite transform comprises the following transforms (in order): 
  1. /home/mdugre/scratch/mri-registration-rp/datasets/ds004513/derivatives/mri-registration-rp/0100/antsRegistration-r8-p9/sub-s035/affine_Composite.h5[0] (type = Euler3DTransform)
  2. /home/mdugre/scratch/mri-registration-rp/datasets/ds004513/derivatives/mri-registration-rp/0100/antsRegistration-r8-p9/sub-s035/affine_Composite.h5[1] (type = Euler3DTransform)
  3. /home/mdugre/scratch/mri-registration-rp/datasets/ds004513/derivatives/mri-registration-rp/0100/antsRegistration-r8-p9/sub-s035/affine_Composite.h5[2] (type = Euler3DTransform)
  4. /home/mdugre/scratch/mri-registration-rp/datasets/ds004513/derivatives/mri-registration-rp/0100/antsRegistration-r8-p9/sub-s035/affine_Composite.h5[3] (type = AffineTransform)
=============================================================================
  number of levels = 4
  fixed image: /templateflow/tpl-MNI152NLin2009cAsym/tpl-MNI152NLin2009cAsym_res-01_desc-brain_T1w.nii.gz
  moving image: /home/mdugre/scratch/mri-registration-rp/datasets/ds004513/derivatives/mri-registration-rp/antsBrainExtraction/sub-s035/BrainExtractionBrain.nii.gz
Dimension = 3
Number of stages = 1
Use histogram matching = false
Winsorize image intensities = true
  Lower quantile = 0.005
  Upper quantile = 0.995


Stage 1 State
   Image metric = CC
     Fixed image = Image (0x49a5a40)
  RTTI typeinfo:   itk::Image<double, 3u>
  Reference Count: 2
  Modified Time: 1606
  Debug: Off
  Object Name: 
  Observers: 
    none
  Source: (none)
  Source output name: (none)
  Release Data: Off
  Data Released: False
  Global Release Data: Off
  PipelineMTime: 0
  UpdateMTime: 1217
  RealTimeStamp: 0 seconds 
  LargestPossibleRegion: 
    Dimension: 3
    Index: [0, 0, 0]
    Size: [193, 229, 193]
  BufferedRegion: 
    Dimension: 3
    Index: [0, 0, 0]
    Size: [193, 229, 193]
  RequestedRegion: 
    Dimension: 3
    Index: [0, 0, 0]
    Size: [193, 229, 193]
  Spacing: [1, 1, 1]
  Origin: [96, 132, -78]
  Direction: 
-1 0 0
0 -1 0
0 0 1

  IndexToPointMatrix: 
-1 0 0
0 -1 0
0 0 1

  PointToIndexMatrix: 
-1 0 0
0 -1 0
0 0 1

  Inverse Direction: 
-1 0 0
0 -1 0
0 0 1

  PixelContainer: 
    ImportImageContainer (0x4a74780)
      RTTI typeinfo:   itk::ImportImageContainer<unsigned long, double>
      Reference Count: 1
      Modified Time: 1214
      Debug: Off
      Object Name: 
      Observers: 
        none
      Pointer: 0x150e8ab98010
      Container manages memory: true
      Size: 8530021
      Capacity: 8530021

     Moving image = Image (0x4a76390)
  RTTI typeinfo:   itk::Image<double, 3u>
  Reference Count: 2
  Modified Time: 1607
  Debug: Off
  Object Name: 
  Observers: 
    none
  Source: (none)
  Source output name: (none)
  Release Data: Off
  Data Released: False
  Global Release Data: Off
  PipelineMTime: 0
  UpdateMTime: 1604
  RealTimeStamp: 0 seconds 
  LargestPossibleRegion: 
    Dimension: 3
    Index: [0, 0, 0]
    Size: [160, 240, 256]
  BufferedRegion: 
    Dimension: 3
    Index: [0, 0, 0]
    Size: [160, 240, 256]
  RequestedRegion: 
    Dimension: 3
    Index: [0, 0, 0]
    Size: [160, 240, 256]
  Spacing: [1, 1, 1]
  Origin: [98.6438, 87.6358, -117.989]
  Direction: 
-0.993515 -0.100993 -0.0522355
0.100854 -0.994887 0.00530255
-0.0525039 1.93537e-08 0.998621

  IndexToPointMatrix: 
-0.993515 -0.100993 -0.0522355
0.100854 -0.994887 0.00530255
-0.0525039 1.93537e-08 0.998621

  PointToIndexMatrix: 
-0.993515 0.100854 -0.0525039
-0.100993 -0.994887 1.93006e-08
-0.0522355 0.00530255 0.998621

  Inverse Direction: 
-0.993515 0.100854 -0.0525039
-0.100993 -0.994887 1.93006e-08
-0.0522355 0.00530255 0.998621

  PixelContainer: 
    ImportImageContainer (0x4a2b6f0)
      RTTI typeinfo:   itk::ImportImageContainer<unsigned long, double>
      Reference Count: 1
      Modified Time: 1601
      Debug: Off
      Object Name: 
      Observers: 
        none
      Pointer: 0x150e86097010
      Container manages memory: true
      Size: 9830400
      Capacity: 9830400

     Weighting = 1
     Sampling strategy = none
     Number of bins = 32
     Radius = 4
     Sampling percentage  = 1
   Transform = SyN
     Gradient step = 0.1
     Update field sigma (voxel space) = 3
     Total field sigma (voxel space) = 0
     Update field time sigma = 0
     Total field time sigma  = 0
     Number of time indices = 0
     Number of time point samples = 0
Registration using 1 total stages.

Stage 0
  iterations = 100x70x50x20
  convergence threshold = 1e-06
  convergence window size = 10
  number of levels = 4
  using the CC metric (radius = 4, weight = 1, use gradient filter = 0)
  preprocessing:  winsorizing the image intensities
  Shrink factors (level 1 out of 4): [8, 8, 8]
  Shrink factors (level 2 out of 4): [4, 4, 4]
  Shrink factors (level 3 out of 4): [2, 2, 2]
  Shrink factors (level 4 out of 4): [1, 1, 1]
  smoothing sigmas per level: [3, 2, 1, 0]
  Using default NONE metricSamplingStrategy 

*** Running SyN registration (varianceForUpdateField = 3, varianceForTotalField = 0) ***

XXDIAGNOSTIC,Iteration,metricValue,convergenceValue,ITERATION_TIME_INDEX,SINCE_LAST
 1DIAGNOSTIC,     1, -8.520741970010e-01, 1.797693134862e+308, 1.1413e+00, 1.1413e+00, 
 1DIAGNOSTIC,     2, -8.654528779616e-01, 1.797693134862e+308, 1.4886e+00, 3.4732e-01, 
 1DIAGNOSTIC,     3, -8.772119560196e-01, 1.797693134862e+308, 1.8218e+00, 3.3320e-01, 
 1DIAGNOSTIC,     4, -8.870826314412e-01, 1.797693134862e+308, 2.1551e+00, 3.3328e-01, 
 1DIAGNOSTIC,     5, -8.953698774623e-01, 1.797693134862e+308, 2.4960e+00, 3.4089e-01, 
 1DIAGNOSTIC,     6, -9.015246962771e-01, 1.797693134862e+308, 2.8190e+00, 3.2304e-01, 
 1DIAGNOSTIC,     7, -9.069407829335e-01, 1.797693134862e+308, 3.1502e+00, 3.3117e-01, 
 1DIAGNOSTIC,     8, -9.117406908414e-01, 1.797693134862e+308, 3.4842e+00, 3.3398e-01, 
 1DIAGNOSTIC,     9, -9.159456248263e-01, 1.797693134862e+308, 3.8190e+00, 3.3485e-01, 
 1DIAGNOSTIC,    10, -9.193709964388e-01, 4.646466204793e-03, 4.1885e+00, 3.6945e-01, 
 1DIAGNOSTIC,    11, -9.220041625258e-01, 3.526704140674e-03, 4.5330e+00, 3.4450e-01, 
