
##########################
# Experiment information #
##########################

EXPERIMENT_NAME: antsRegistration-r7-p20
VFC_BACKENDS: libinterflop_vprec.so --range-binary32=7 --precision-binary32=20 --range-binary64=7 --precision-binary64=20

SIF_IMG: /home/mdugre/projects/rrg-glatard/mdugre/containers/ants-vprec-no_metrics.simg

SUBJECT_ID: s032
INPUT_IMG: /home/mdugre/scratch/mri-registration-rp/datasets/ds004513/derivatives/mri-registration-rp/antsBrainExtraction/sub-s032/BrainExtractionBrain.nii.gz
OUTPUT_DIR: /home/mdugre/scratch/mri-registration-rp/datasets/ds004513/derivatives/mri-registration-rp/0100/antsRegistration-r7-p20/sub-s032

FIXED_IMG: /templateflow/tpl-MNI152NLin2009cAsym/tpl-MNI152NLin2009cAsym_res-01_desc-brain_T1w.nii.gz
DATA_DIR: /home/mdugre/scratch/mri-registration-rp/datasets/ds004513
TEMPLATEFLOW_DIR: /home/mdugre/projects/rrg-glatard/mdugre/templateflow
ITK_GLOBAL_DEFAULT_NUMBER_OF_THREADS: 16
##########################

Info [verificarlo]: loaded backend libinterflop_ieee.so
Info [interflop-ieee]: load backend with:
Info [interflop-ieee]: debug = false
Info [interflop-ieee]: debug-binary = false
Info [interflop-ieee]: no-backend-name = false
Info [interflop-ieee]: print-new-line = false
Info [interflop-ieee]: print-subnormal-normalized = false
Info [interflop-ieee]: count-op = false
All_Command_lines_OK
Using double precision for computations.
=============================================================================
The composite transform comprises the following transforms (in order): 
  1. Center of mass alignment using fixed image: /templateflow/tpl-MNI152NLin2009cAsym/tpl-MNI152NLin2009cAsym_res-01_desc-brain_T1w.nii.gz and moving image: /home/mdugre/scratch/mri-registration-rp/datasets/ds004513/derivatives/mri-registration-rp/antsBrainExtraction/sub-s032/BrainExtractionBrain.nii.gz (type = Euler3DTransform)
=============================================================================
  number of levels = 1
  fixed image: /templateflow/tpl-MNI152NLin2009cAsym/tpl-MNI152NLin2009cAsym_res-01_desc-brain_T1w.nii.gz
  moving image: /home/mdugre/scratch/mri-registration-rp/datasets/ds004513/derivatives/mri-registration-rp/antsBrainExtraction/sub-s032/BrainExtractionBrain.nii.gz
Dimension = 3
Number of stages = 1
Use histogram matching = false
Winsorize image intensities = true
  Lower quantile = 0.005
  Upper quantile = 0.995


Stage 1 State
   Image metric = MattesMI
     Fixed image = Image (0x4b84e70)
  RTTI typeinfo:   itk::Image<double, 3u>
  Reference Count: 2
  Modified Time: 2330
  Debug: Off
  Object Name: 
  Observers: 
    none
  Source: (none)
  Source output name: (none)
  Release Data: Off
  Data Released: False
  Global Release Data: Off
  PipelineMTime: 0
  UpdateMTime: 1941
  RealTimeStamp: 0 seconds 
  LargestPossibleRegion: 
    Dimension: 3
    Index: [0, 0, 0]
    Size: [193, 229, 193]
  BufferedRegion: 
    Dimension: 3
    Index: [0, 0, 0]
    Size: [193, 229, 193]
  RequestedRegion: 
    Dimension: 3
    Index: [0, 0, 0]
    Size: [193, 229, 193]
  Spacing: [1, 1, 1]
  Origin: [96, 132, -78]
  Direction: 
-1 0 0
0 -1 0
0 0 1

  IndexToPointMatrix: 
-1 0 0
0 -1 0
0 0 1

  PointToIndexMatrix: 
-1 0 0
0 -1 0
0 0 1

  Inverse Direction: 
-1 0 0
0 -1 0
0 0 1

  PixelContainer: 
    ImportImageContainer (0x4b8dc60)
      RTTI typeinfo:   itk::ImportImageContainer<unsigned long, double>
      Reference Count: 1
      Modified Time: 1938
      Debug: Off
      Object Name: 
      Observers: 
        none
      Pointer: 0x15325d4cc010
      Container manages memory: true
      Size: 8530021
      Capacity: 8530021

     Moving image = Image (0x4c21ec0)
  RTTI typeinfo:   itk::Image<double, 3u>
  Reference Count: 2
  Modified Time: 2331
  Debug: Off
  Object Name: 
  Observers: 
    none
  Source: (none)
  Source output name: (none)
  Release Data: Off
  Data Released: False
  Global Release Data: Off
  PipelineMTime: 0
  UpdateMTime: 2328
  RealTimeStamp: 0 seconds 
  LargestPossibleRegion: 
    Dimension: 3
    Index: [0, 0, 0]
    Size: [160, 240, 256]
  BufferedRegion: 
    Dimension: 3
    Index: [0, 0, 0]
    Size: [160, 240, 256]
  RequestedRegion: 
    Dimension: 3
    Index: [0, 0, 0]
    Size: [160, 240, 256]
  Spacing: [1, 1, 1]
  Origin: [73.279, 104.707, -131.187]
  Direction: 
-0.997527 0.0645574 -0.0278053
-0.0645323 -0.997914 -0.00179875
-0.0278634 4.01097e-08 0.999612

  IndexToPointMatrix: 
-0.997527 0.0645574 -0.0278053
-0.0645323 -0.997914 -0.00179875
-0.0278634 4.01097e-08 0.999612

  PointToIndexMatrix: 
-0.997527 -0.0645323 -0.0278634
0.0645574 -0.997914 4.01049e-08
-0.0278053 -0.00179875 0.999612

  Inverse Direction: 
-0.997527 -0.0645323 -0.0278634
0.0645574 -0.997914 4.01049e-08
-0.0278053 -0.00179875 0.999612

  PixelContainer: 
    ImportImageContainer (0x4cb9610)
      RTTI typeinfo:   itk::ImportImageContainer<unsigned long, double>
      Reference Count: 1
      Modified Time: 2325
      Debug: Off
      Object Name: 
      Observers: 
        none
      Pointer: 0x1532589cb010
      Container manages memory: true
      Size: 9830400
      Capacity: 9830400

     Weighting = 1
     Sampling strategy = regular
     Number of bins = 32
     Radius = 4
     Sampling percentage  = 0.25
   Transform = Rigid
     Gradient step = 0.1
     Update field sigma (voxel space) = 0
     Total field sigma (voxel space) = 0
     Update field time sigma = 0
     Total field time sigma  = 0
     Number of time indices = 0
     Number of time point samples = 0
Registration using 1 total stages.

Stage 0
  iterations = 0
  convergence threshold = 1e-06
  convergence window size = 10
  number of levels = 1
  using the Mattes MI metric (number of bins = 32, weight = 1, use gradient filter = 0)
  preprocessing:  winsorizing the image intensities
  Shrink factors (level 1 out of 1): [1, 1, 1]
  smoothing sigmas per level: [0]
  regular sampling (percentage = 0.25)

*** Running Euler3DTransform registration ***

  Elapsed time (stage 0): 1.16017


Total elapsed time: 1.1622
Info [verificarlo]: loaded backend libinterflop_vprec.so
Info [interflop-vprec]: load backend with: 
Info [interflop-vprec]: precision-binary32 = 20
Info [interflop-vprec]: range-binary32 = 7
Info [interflop-vprec]: precision-binary64 = 20
Info [interflop-vprec]: range-binary64 = 7
Info [interflop-vprec]: mode = ob
Info [interflop-vprec]: error-mode = rel
Info [interflop-vprec]: max-abs-error-exponent = -1022
Info [interflop-vprec]: daz = false
Info [interflop-vprec]: ftz = false
Info [interflop-vprec]: 	instrument = none
Info [interflop-vprec]: 	prec-input-file = (null)
Info [interflop-vprec]: 	prec-output-file = (null)
Info [interflop-vprec]: 	prec-log-file = (null)
All_Command_lines_OK
Using double precision for computations.
=============================================================================
The composite transform comprises the following transforms (in order): 
  1. /home/mdugre/scratch/mri-registration-rp/datasets/ds004513/derivatives/mri-registration-rp/0100/antsRegistration-r7-p20/sub-s032/align_Composite.h5[0] (type = Euler3DTransform)
  2. /home/mdugre/scratch/mri-registration-rp/datasets/ds004513/derivatives/mri-registration-rp/0100/antsRegistration-r7-p20/sub-s032/align_Composite.h5[1] (type = Euler3DTransform)
=============================================================================
  number of levels = 4
  fixed image: /templateflow/tpl-MNI152NLin2009cAsym/tpl-MNI152NLin2009cAsym_res-01_desc-brain_T1w.nii.gz
  moving image: /home/mdugre/scratch/mri-registration-rp/datasets/ds004513/derivatives/mri-registration-rp/antsBrainExtraction/sub-s032/BrainExtractionBrain.nii.gz
Dimension = 3
Number of stages = 1
Use histogram matching = false
Winsorize image intensities = true
  Lower quantile = 0.005
  Upper quantile = 0.995


Stage 1 State
   Image metric = MattesMI
     Fixed image = Image (0x4ac31e0)
  RTTI typeinfo:   itk::Image<double, 3u>
  Reference Count: 2
  Modified Time: 1578
  Debug: Off
  Object Name: 
  Observers: 
    none
  Source: (none)
  Source output name: (none)
  Release Data: Off
  Data Released: False
  Global Release Data: Off
  PipelineMTime: 0
  UpdateMTime: 1189
  RealTimeStamp: 0 seconds 
  LargestPossibleRegion: 
    Dimension: 3
    Index: [0, 0, 0]
    Size: [193, 229, 193]
  BufferedRegion: 
    Dimension: 3
    Index: [0, 0, 0]
    Size: [193, 229, 193]
  RequestedRegion: 
    Dimension: 3
    Index: [0, 0, 0]
    Size: [193, 229, 193]
  Spacing: [1, 1, 1]
  Origin: [96, 132, -78]
  Direction: 
-1 0 0
0 -1 0
0 0 1

  IndexToPointMatrix: 
-1 0 0
0 -1 0
0 0 1

  PointToIndexMatrix: 
-1 0 0
0 -1 0
0 0 1

  Inverse Direction: 
-1 0 0
0 -1 0
0 0 1

  PixelContainer: 
    ImportImageContainer (0x4b82680)
      RTTI typeinfo:   itk::ImportImageContainer<unsigned long, double>
      Reference Count: 1
      Modified Time: 1186
      Debug: Off
      Object Name: 
      Observers: 
        none
      Pointer: 0x14e8ecf84010
      Container manages memory: true
      Size: 8530021
      Capacity: 8530021

     Moving image = Image (0x4b7eb20)
  RTTI typeinfo:   itk::Image<double, 3u>
  Reference Count: 2
  Modified Time: 1579
  Debug: Off
  Object Name: 
  Observers: 
    none
  Source: (none)
  Source output name: (none)
  Release Data: Off
  Data Released: False
  Global Release Data: Off
  PipelineMTime: 0
  UpdateMTime: 1576
  RealTimeStamp: 0 seconds 
  LargestPossibleRegion: 
    Dimension: 3
    Index: [0, 0, 0]
    Size: [160, 240, 256]
  BufferedRegion: 
    Dimension: 3
    Index: [0, 0, 0]
    Size: [160, 240, 256]
  RequestedRegion: 
    Dimension: 3
    Index: [0, 0, 0]
    Size: [160, 240, 256]
  Spacing: [1, 1, 1]
  Origin: [73.2791, 104.707, -131.187]
  Direction: 
-0.997527 0.0645574 -0.0278053
-0.0645323 -0.997914 -0.00179875
-0.0278634 4.01097e-08 0.999612

  IndexToPointMatrix: 
-0.997527 0.0645574 -0.0278053
-0.0645323 -0.997914 -0.00179875
-0.0278634 4.01097e-08 0.999612

  PointToIndexMatrix: 
-0.997526 -0.0645323 -0.0278634
0.0645574 -0.997914 4.00469e-08
-0.0278053 -0.00179875 0.999612

  Inverse Direction: 
-0.997526 -0.0645323 -0.0278634
0.0645574 -0.997914 4.00469e-08
-0.0278053 -0.00179875 0.999612

  PixelContainer: 
    ImportImageContainer (0x4be7d50)
      RTTI typeinfo:   itk::ImportImageContainer<unsigned long, double>
      Reference Count: 1
      Modified Time: 1573
      Debug: Off
      Object Name: 
      Observers: 
        none
      Pointer: 0x14e8e8483010
      Container manages memory: true
      Size: 9830400
      Capacity: 9830400

     Weighting = 1
     Sampling strategy = regular
     Number of bins = 32
     Radius = 4
     Sampling percentage  = 0.25
   Transform = Rigid
     Gradient step = 0.1
     Update field sigma (voxel space) = 0
     Total field sigma (voxel space) = 0
     Update field time sigma = 0
     Total field time sigma  = 0
     Number of time indices = 0
     Number of time point samples = 0
Registration using 1 total stages.

Stage 0
  iterations = 1000x500x250x100
  convergence threshold = 1e-06
  convergence window size = 10
  number of levels = 4
  using the Mattes MI metric (number of bins = 32, weight = 1, use gradient filter = 0)
  preprocessing:  winsorizing the image intensities
  Shrink factors (level 1 out of 4): [8, 8, 8]
  Shrink factors (level 2 out of 4): [4, 4, 4]
  Shrink factors (level 3 out of 4): [2, 2, 2]
  Shrink factors (level 4 out of 4): [1, 1, 1]
  smoothing sigmas per level: [3, 2, 1, 0]
  regular sampling (percentage = 0.25)

*** Running Euler3DTransform registration ***

DIAGNOSTIC,Iteration,metricValue,convergenceValue,ITERATION_TIME_INDEX,SINCE_LAST
 2DIAGNOSTIC,     1, -5.480491500392e-01, 1.797693134862e+308, 0.0000e+00, 0.0000e+00, 
 2DIAGNOSTIC,     2, -5.506893811187e-01, 1.797693134862e+308, 0.0000e+00, 0.0000e+00, 
 2DIAGNOSTIC,     3, -5.546706345732e-01, 1.797693134862e+308, 0.0000e+00, 0.0000e+00, 
 2DIAGNOSTIC,     4, -5.607200997171e-01, 1.797693134862e+308, 0.0000e+00, 0.0000e+00, 
 2DIAGNOSTIC,     5, -5.694172096669e-01, 1.797693134862e+308, 0.0000e+00, 0.0000e+00, 
 2DIAGNOSTIC,     6, -5.855908215141e-01, 1.797693134862e+308, 0.0000e+00, 0.0000e+00, 
 2DIAGNOSTIC,     7, -6.234314675381e-01, 1.797693134862e+308, 0.0000e+00, 0.0000e+00, 
 2DIAGNOSTIC,     8, -6.299058095453e-01, 1.797693134862e+308, 0.0000e+00, 0.0000e+00, 
 2DIAGNOSTIC,     9, -6.363717025982e-01, 1.797693134862e+308, 0.0000e+00, 0.0000e+00, 
 2DIAGNOSTIC,    10, -6.369613652500e-01, 1.198397952412e-02, 0.0000e+00, 0.0000e+00, 
 2DIAGNOSTIC,    11, -6.393828469312e-01, 1.079658597404e-02, 0.0000e+00, 0.0000e+00, 
 2DIAGNOSTIC,    12, -6.419068682315e-01, 9.037584441503e-03, 0.0000e+00, 0.0000e+00, 
 2DIAGNOSTIC,    13, -6.430160051853e-01, 6.936107066636e-03, 0.0000e+00, 0.0000e+00, 
 2DIAGNOSTIC,    14, -6.440575955043e-01, 4.780461472857e-03, 0.0000e+00, 0.0000e+00, 
 2DIAGNOSTIC,    15, -6.472452960608e-01, 2.867674955419e-03, 0.0000e+00, 0.0000e+00, 
 2DIAGNOSTIC,    16, -6.506218234480e-01, 1.486229864586e-03, 0.0000e+00, 0.0000e+00, 
 2DIAGNOSTIC,    17, -6.526005458824e-01, 1.222618979920e-03, 0.0000e+00, 0.0000e+00, 
 2DIAGNOSTIC,    18, -6.532125680039e-01, 1.056196909201e-03, 0.0000e+00, 0.0000e+00, 
 2DIAGNOSTIC,    19, -6.552670661000e-01, 1.019328670334e-03, 0.0000e+00, 0.0000e+00, 
 2DIAGNOSTIC,    20, -6.562790787878e-01, 9.262624054872e-04, 0.0000e+00, 0.0000e+00, 
 2DIAGNOSTIC,    21, -6.564603118373e-01, 8.109606957770e-04, 0.0000e+00, 0.0000e+00, 
 2DIAGNOSTIC,    22, -6.566726113644e-01, 6.886456037590e-04, 0.0000e+00, 0.0000e+00, 
 2DIAGNOSTIC,    23, -6.569360890437e-01, 5.415724331487e-04, 0.0000e+00, 0.0000e+00, 
 2DIAGNOSTIC,    24, -6.575299361024e-01, 3.866560673730e-04, 0.0000e+00, 0.0000e+00, 
 2DIAGNOSTIC,    25, -6.588733730212e-01, 2.890346162054e-04, 0.0000e+00, 0.0000e+00, 
 2DIAGNOSTIC,    26, -6.592986585174e-01, 2.375909558559e-04, 0.0000e+00, 0.0000e+00, 
 2DIAGNOSTIC,    27, -6.593961319123e-01, 2.032031314143e-04, 0.0000e+00, 0.0000e+00, 
 2DIAGNOSTIC,    28, -6.594649659141e-01, 1.628997763456e-04, 0.0000e+00, 0.0000e+00, 
 2DIAGNOSTIC,    29, -6.596742502706e-01, 1.448850168971e-04, 0.0000e+00, 0.0000e+00, 
 2DIAGNOSTIC,    30, -6.597480260302e-01, 1.303997805265e-04, 0.0000e+00, 0.0000e+00, 
 2DIAGNOSTIC,    31, -6.597433262822e-01, 1.071616882689e-04, 0.0000e+00, 0.0000e+00, 
 2DIAGNOSTIC,    32, -6.597440287339e-01, 7.869463572908e-05, 0.0000e+00, 0.0000e+00, 
 2DIAGNOSTIC,    33, -6.597509985390e-01, 4.840100440053e-05, 0.0000e+00, 0.0000e+00, 
 2DIAGNOSTIC,    34, -6.597589759193e-01, 2.290530009473e-05, 0.0000e+00, 0.0000e+00, 
 2DIAGNOSTIC,    35, -6.597631405405e-01, 1.388928021809e-05, 0.0000e+00, 0.0000e+00, 
 2DIAGNOSTIC,    36, -6.596779011762e-01, 8.395277384308e-06, 0.0000e+00, 0.0000e+00, 
 2DIAGNOSTIC,    37, -6.596894370532e-01, 3.863726653796e-06, 0.0000e+00, 0.0000e+00, 
DIAGNOSTIC,Iteration,metricValue,convergenceValue,ITERATION_TIME_INDEX,SINCE_LAST
 2DIAGNOSTIC,     1, -5.174640494085e-01, 1.797693134862e+308, 0.0000e+00, 0.0000e+00, 
 2DIAGNOSTIC,     2, -5.182428558750e-01, 1.797693134862e+308, 0.0000e+00, 0.0000e+00, 
 2DIAGNOSTIC,     3, -5.192064045912e-01, 1.797693134862e+308, 0.0000e+00, 0.0000e+00, 
 2DIAGNOSTIC,     4, -5.198152723042e-01, 1.797693134862e+308, 0.0000e+00, 0.0000e+00, 
 2DIAGNOSTIC,     5, -5.202558160627e-01, 1.797693134862e+308, 0.0000e+00, 0.0000e+00, 
 2DIAGNOSTIC,     6, -5.208153760247e-01, 1.797693134862e+308, 0.0000e+00, 0.0000e+00, 
 2DIAGNOSTIC,     7, -5.218404730196e-01, 1.797693134862e+308, 0.0000e+00, 0.0000e+00, 
 2DIAGNOSTIC,     8, -5.244915697861e-01, 1.797693134862e+308, 0.0000e+00, 0.0000e+00, 
 2DIAGNOSTIC,     9, -5.248361164878e-01, 1.797693134862e+308, 0.0000e+00, 0.0000e+00, 
 2DIAGNOSTIC,    10, -5.251442235004e-01, 9.950044493433e-04, 0.0000e+00, 0.0000e+00, 
 2DIAGNOSTIC,    11, -5.252852774783e-01, 8.896784914418e-04, 0.0000e+00, 0.0000e+00, 
 2DIAGNOSTIC,    12, -5.269676778221e-01, 8.323355462666e-04, 0.0000e+00, 0.0000e+00, 
 2DIAGNOSTIC,    13, -5.278163016884e-01, 7.808280689713e-04, 0.0000e+00, 0.0000e+00, 
 2DIAGNOSTIC,    14, -5.286038774428e-01, 7.199397754641e-04, 0.0000e+00, 0.0000e+00, 
 2DIAGNOSTIC,    15, -5.318526565430e-01, 7.367810533496e-04, 0.0000e+00, 0.0000e+00, 
 2DIAGNOSTIC,    16, -5.354578532499e-01, 8.225838013885e-04, 0.0000e+00, 0.0000e+00, 
 2DIAGNOSTIC,    17, -5.373112937227e-01, 9.093501252381e-04, 0.0000e+00, 0.0000e+00, 
 2DIAGNOSTIC,    18, -5.418800454385e-01, 1.119318678566e-03, 0.0000e+00, 0.0000e+00, 
 2DIAGNOSTIC,    19, -5.470990763643e-01, 1.358777528254e-03, 0.0000e+00, 0.0000e+00, 
 2DIAGNOSTIC,    20, -5.583117625067e-01, 1.752882280075e-03, 0.0000e+00, 0.0000e+00, 
 2DIAGNOSTIC,    21, -5.594465427393e-01, 1.969754848493e-03, 0.0000e+00, 0.0000e+00, 
 2DIAGNOSTIC,    22, -5.607427099608e-01, 2.058724834498e-03, 0.0000e+00, 0.0000e+00, 
 2DIAGNOSTIC,    23, -5.627017760150e-01, 2.015371423667e-03, 0.0000e+00, 0.0000e+00, 
 2DIAGNOSTIC,    24, -5.646695479025e-01, 1.844100581550e-03, 0.0000e+00, 0.0000e+00, 
 2DIAGNOSTIC,    25, -5.648693463706e-01, 1.582935578269e-03, 0.0000e+00, 0.0000e+00, 
 2DIAGNOSTIC,    26, -5.651848360765e-01, 1.275772392129e-03, 0.0000e+00, 0.0000e+00, 
 2DIAGNOSTIC,    27, -5.657207190851e-01, 9.215568174339e-04, 0.0000e+00, 0.0000e+00, 
 2DIAGNOSTIC,    28, -5.660428395151e-01, 5.984900184042e-04, 0.0000e+00, 0.0000e+00, 
 2DIAGNOSTIC,    29, -5.662493073509e-01, 3.351060238807e-04, 0.0000e+00, 0.0000e+00, 
 2DIAGNOSTIC,    30, -5.663691543966e-01, 2.574000600910e-04, 0.0000e+00, 0.0000e+00, 
 2DIAGNOSTIC,    31, -5.664783468112e-01, 1.820335841059e-04, 0.0000e+00, 0.0000e+00, 
 2DIAGNOSTIC,    32, -5.668683369538e-01, 1.214501266665e-04, 0.0000e+00, 0.0000e+00, 
 2DIAGNOSTIC,    33, -5.669077588470e-01, 8.396900635514e-05, 0.0000e+00, 0.0000e+00, 
 2DIAGNOSTIC,    34, -5.669077466285e-01, 7.128895484999e-05, 0.0000e+00, 0.0000e+00, 
 2DIAGNOSTIC,    35, -5.669079893561e-01, 5.576911524349e-05, 0.0000e+00, 0.0000e+00, 
 2DIAGNOSTIC,    36, -5.669078736313e-01, 4.034539273635e-05, 0.0000e+00, 0.0000e+00, 
 2DIAGNOSTIC,    37, -5.669081549220e-01, 2.942235017246e-05, 0.0000e+00, 0.0000e+00, 
 2DIAGNOSTIC,    38, -5.669084899471e-01, 2.073243140718e-05, 0.0000e+00, 0.0000e+00, 
 2DIAGNOSTIC,    39, -5.669083896346e-01, 1.341940777309e-05, 0.0000e+00, 0.0000e+00, 
 2DIAGNOSTIC,    40, -5.669084693461e-01, 6.873695392078e-06, 0.0000e+00, 0.0000e+00, 
 2DIAGNOSTIC,    41, -5.669089741564e-01, 1.334935018839e-06, 0.0000e+00, 0.0000e+00, 
DIAGNOSTIC,Iteration,metricValue,convergenceValue,ITERATION_TIME_INDEX,SINCE_LAST
 2DIAGNOSTIC,     1, -5.009510248759e-01, 1.797693134862e+308, 0.0000e+00, 0.0000e+00, 
 2DIAGNOSTIC,     2, -5.013456058067e-01, 1.797693134862e+308, 0.0000e+00, 0.0000e+00, 
 2DIAGNOSTIC,     3, -5.018034554510e-01, 1.797693134862e+308, 0.0000e+00, 0.0000e+00, 
 2DIAGNOSTIC,     4, -5.020510337359e-01, 1.797693134862e+308, 0.0000e+00, 0.0000e+00, 
 2DIAGNOSTIC,     5, -5.022094088547e-01, 1.797693134862e+308, 0.0000e+00, 0.0000e+00, 
 2DIAGNOSTIC,     6, -5.022216977378e-01, 1.797693134862e+308, 0.0000e+00, 0.0000e+00, 
 2DIAGNOSTIC,     7, -5.022354821527e-01, 1.797693134862e+308, 0.0000e+00, 0.0000e+00, 
 2DIAGNOSTIC,     8, -5.022461633748e-01, 1.797693134862e+308, 0.0000e+00, 0.0000e+00, 
 2DIAGNOSTIC,     9, -5.022677954116e-01, 1.797693134862e+308, 0.0000e+00, 0.0000e+00, 
 2DIAGNOSTIC,    10, -5.022973476798e-01, 1.476136072883e-04, 0.0000e+00, 0.0000e+00, 
 2DIAGNOSTIC,    11, -5.023258064104e-01, 8.438382283740e-05, 0.0000e+00, 0.0000e+00, 
 2DIAGNOSTIC,    12, -5.023592185294e-01, 4.420690164737e-05, 0.0000e+00, 0.0000e+00, 
 2DIAGNOSTIC,    13, -5.023930168422e-01, 2.763548232153e-05, 0.0000e+00, 0.0000e+00, 
 2DIAGNOSTIC,    14, -5.024102782617e-01, 2.166011120468e-05, 0.0000e+00, 0.0000e+00, 
 2DIAGNOSTIC,    15, -5.024031465187e-01, 2.041044209777e-05, 0.0000e+00, 0.0000e+00, 
 2DIAGNOSTIC,    16, -5.024153995619e-01, 1.851996863339e-05, 0.0000e+00, 0.0000e+00, 
 2DIAGNOSTIC,    17, -5.024137286883e-01, 1.571638989273e-05, 0.0000e+00, 0.0000e+00, 
 2DIAGNOSTIC,    18, -5.024087515595e-01, 1.210983380588e-05, 0.0000e+00, 0.0000e+00, 
 2DIAGNOSTIC,    19, -5.024093422804e-01, 8.585917031574e-06, 0.0000e+00, 0.0000e+00, 
 2DIAGNOSTIC,    20, -5.024079901672e-01, 5.571619951419e-06, 0.0000e+00, 0.0000e+00, 
 2DIAGNOSTIC,    21, -5.024083490783e-01, 3.237490507478e-06, 0.0000e+00, 0.0000e+00, 
 2DIAGNOSTIC,    22, -5.024084943278e-01, 1.795124180616e-06, 0.0000e+00, 0.0000e+00, 
 2DIAGNOSTIC,    23, -5.024083242623e-01, 1.265311600385e-06, 0.0000e+00, 0.0000e+00, 
 2DIAGNOSTIC,    24, -5.024080668521e-01, 1.200005239226e-06, 0.0000e+00, 0.0000e+00, 
DIAGNOSTIC,Iteration,metricValue,convergenceValue,ITERATION_TIME_INDEX,SINCE_LAST
 2DIAGNOSTIC,     1, -4.669285400357e-01, 1.797693134862e+308, 0.0000e+00, 0.0000e+00, 
 2DIAGNOSTIC,     2, -4.670370544550e-01, 1.797693134862e+308, 0.0000e+00, 0.0000e+00, 
 2DIAGNOSTIC,     3, -4.670532697074e-01, 1.797693134862e+308, 0.0000e+00, 0.0000e+00, 
 2DIAGNOSTIC,     4, -4.670820634540e-01, 1.797693134862e+308, 0.0000e+00, 0.0000e+00, 
 2DIAGNOSTIC,     5, -4.670832151626e-01, 1.797693134862e+308, 0.0000e+00, 0.0000e+00, 
 2DIAGNOSTIC,     6, -4.670826217755e-01, 1.797693134862e+308, 0.0000e+00, 0.0000e+00, 
 2DIAGNOSTIC,     7, -4.670822058210e-01, 1.797693134862e+308, 0.0000e+00, 0.0000e+00, 
 2DIAGNOSTIC,     8, -4.670822240072e-01, 1.797693134862e+308, 0.0000e+00, 0.0000e+00, 
 2DIAGNOSTIC,     9, -4.670820996853e-01, 1.797693134862e+308, 0.0000e+00, 0.0000e+00, 
 2DIAGNOSTIC,    10, -4.670819715825e-01, 1.614782495372e-05, 0.0000e+00, 0.0000e+00, 
 2DIAGNOSTIC,    11, -4.670817775657e-01, 6.725286666898e-06, 0.0000e+00, 0.0000e+00, 
 2DIAGNOSTIC,    12, -4.670816081507e-01, 4.019143498624e-06, 0.0000e+00, 0.0000e+00, 
 2DIAGNOSTIC,    13, -4.670816047754e-01, 2.326328079422e-06, 0.0000e+00, 0.0000e+00, 
 2DIAGNOSTIC,    14, -4.670814664153e-01, 2.129678576032e-06, 0.0000e+00, 0.0000e+00, 
 2DIAGNOSTIC,    15, -4.670814699403e-01, 2.019836240347e-06, 0.0000e+00, 0.0000e+00, 
 2DIAGNOSTIC,    16, -4.670814711088e-01, 1.910962361323e-06, 0.0000e+00, 0.0000e+00, 
 2DIAGNOSTIC,    17, -4.670814711088e-01, 1.807043205980e-06, 0.0000e+00, 0.0000e+00, 
 2DIAGNOSTIC,    18, -4.670814631277e-01, 1.720972890182e-06, 0.0000e+00, 0.0000e+00, 
 2DIAGNOSTIC,    19, -4.670814631277e-01, 1.644329660273e-06, 0.0000e+00, 0.0000e+00, 
 2DIAGNOSTIC,    20, -4.670814631277e-01, 1.574370759115e-06, 0.0000e+00, 0.0000e+00, 
 2DIAGNOSTIC,    21, -4.670814629410e-01, 1.507042471156e-06, 0.0000e+00, 0.0000e+00, 
 2DIAGNOSTIC,    22, -4.670814629410e-01, 1.441850671899e-06, 0.0000e+00, 0.0000e+00, 
 2DIAGNOSTIC,    23, -4.670814263751e-01, 1.381781639262e-06, 0.0000e+00, 0.0000e+00, 
 2DIAGNOSTIC,    24, -4.670814263751e-01, 1.323373392231e-06, 0.0000e+00, 0.0000e+00, 
 2DIAGNOSTIC,    25, -4.670814263751e-01, 1.269919611843e-06, 0.0000e+00, 0.0000e+00, 
 2DIAGNOSTIC,    26, -4.670814263751e-01, 1.220840167702e-06, 0.0000e+00, 0.0000e+00, 
 2DIAGNOSTIC,    27, -4.670814263751e-01, 1.175668670382e-06, 0.0000e+00, 0.0000e+00, 
 2DIAGNOSTIC,    28, -4.670814263751e-01, 1.133814009895e-06, 0.0000e+00, 0.0000e+00, 
 2DIAGNOSTIC,    29, -4.670814283012e-01, 1.095118224839e-06, 0.0000e+00, 0.0000e+00, 
 2DIAGNOSTIC,    30, -4.670814283012e-01, 1.059172508248e-06, 0.0000e+00, 0.0000e+00, 
 2DIAGNOSTIC,    31, -4.670814283012e-01, 1.025658643662e-06, 0.0000e+00, 0.0000e+00, 
  Elapsed time (stage 0): 0.0000e+00


Total elapsed time: 0.0000e+00
Info [verificarlo]: loaded backend libinterflop_ieee.so
Info [interflop-ieee]: load backend with:
Info [interflop-ieee]: debug = false
Info [interflop-ieee]: debug-binary = false
Info [interflop-ieee]: no-backend-name = false
Info [interflop-ieee]: print-new-line = false
Info [interflop-ieee]: print-subnormal-normalized = false
Info [interflop-ieee]: count-op = false
All_Command_lines_OK
Using double precision for computations.
=============================================================================
The composite transform comprises the following transforms (in order): 
  1. /home/mdugre/scratch/mri-registration-rp/datasets/ds004513/derivatives/mri-registration-rp/0100/antsRegistration-r7-p20/sub-s032/rigid_Composite.h5[0] (type = Euler3DTransform)
  2. /home/mdugre/scratch/mri-registration-rp/datasets/ds004513/derivatives/mri-registration-rp/0100/antsRegistration-r7-p20/sub-s032/rigid_Composite.h5[1] (type = Euler3DTransform)
  3. /home/mdugre/scratch/mri-registration-rp/datasets/ds004513/derivatives/mri-registration-rp/0100/antsRegistration-r7-p20/sub-s032/rigid_Composite.h5[2] (type = Euler3DTransform)
=============================================================================
  number of levels = 4
  fixed image: /templateflow/tpl-MNI152NLin2009cAsym/tpl-MNI152NLin2009cAsym_res-01_desc-brain_T1w.nii.gz
  moving image: /home/mdugre/scratch/mri-registration-rp/datasets/ds004513/derivatives/mri-registration-rp/antsBrainExtraction/sub-s032/BrainExtractionBrain.nii.gz
Dimension = 3
Number of stages = 1
Use histogram matching = false
Winsorize image intensities = true
  Lower quantile = 0.005
  Upper quantile = 0.995


Stage 1 State
   Image metric = MattesMI
     Fixed image = Image (0x469a7e0)
  RTTI typeinfo:   itk::Image<double, 3u>
  Reference Count: 2
  Modified Time: 1592
  Debug: Off
  Object Name: 
  Observers: 
    none
  Source: (none)
  Source output name: (none)
  Release Data: Off
  Data Released: False
  Global Release Data: Off
  PipelineMTime: 0
  UpdateMTime: 1203
  RealTimeStamp: 0 seconds 
  LargestPossibleRegion: 
    Dimension: 3
    Index: [0, 0, 0]
    Size: [193, 229, 193]
  BufferedRegion: 
    Dimension: 3
    Index: [0, 0, 0]
    Size: [193, 229, 193]
  RequestedRegion: 
    Dimension: 3
    Index: [0, 0, 0]
    Size: [193, 229, 193]
  Spacing: [1, 1, 1]
  Origin: [96, 132, -78]
  Direction: 
-1 0 0
0 -1 0
0 0 1

  IndexToPointMatrix: 
-1 0 0
0 -1 0
0 0 1

  PointToIndexMatrix: 
-1 0 0
0 -1 0
0 0 1

  Inverse Direction: 
-1 0 0
0 -1 0
0 0 1

  PixelContainer: 
    ImportImageContainer (0x4765880)
      RTTI typeinfo:   itk::ImportImageContainer<unsigned long, double>
      Reference Count: 1
      Modified Time: 1200
      Debug: Off
      Object Name: 
      Observers: 
        none
      Pointer: 0x1543fef00010
      Container manages memory: true
      Size: 8530021
      Capacity: 8530021

     Moving image = Image (0x4756050)
  RTTI typeinfo:   itk::Image<double, 3u>
  Reference Count: 2
  Modified Time: 1593
  Debug: Off
  Object Name: 
  Observers: 
    none
  Source: (none)
  Source output name: (none)
  Release Data: Off
  Data Released: False
  Global Release Data: Off
  PipelineMTime: 0
  UpdateMTime: 1590
  RealTimeStamp: 0 seconds 
  LargestPossibleRegion: 
    Dimension: 3
    Index: [0, 0, 0]
    Size: [160, 240, 256]
  BufferedRegion: 
    Dimension: 3
    Index: [0, 0, 0]
    Size: [160, 240, 256]
  RequestedRegion: 
    Dimension: 3
    Index: [0, 0, 0]
    Size: [160, 240, 256]
  Spacing: [1, 1, 1]
  Origin: [73.279, 104.707, -131.187]
  Direction: 
-0.997527 0.0645574 -0.0278053
-0.0645323 -0.997914 -0.00179875
-0.0278634 4.01097e-08 0.999612

  IndexToPointMatrix: 
-0.997527 0.0645574 -0.0278053
-0.0645323 -0.997914 -0.00179875
-0.0278634 4.01097e-08 0.999612

  PointToIndexMatrix: 
-0.997527 -0.0645323 -0.0278634
0.0645574 -0.997914 4.01049e-08
-0.0278053 -0.00179875 0.999612

  Inverse Direction: 
-0.997527 -0.0645323 -0.0278634
0.0645574 -0.997914 4.01049e-08
-0.0278053 -0.00179875 0.999612

  PixelContainer: 
    ImportImageContainer (0x4809690)
      RTTI typeinfo:   itk::ImportImageContainer<unsigned long, double>
      Reference Count: 1
      Modified Time: 1587
      Debug: Off
      Object Name: 
      Observers: 
        none
      Pointer: 0x1543fa3ff010
      Container manages memory: true
      Size: 9830400
      Capacity: 9830400

     Weighting = 1
     Sampling strategy = regular
     Number of bins = 32
     Radius = 4
     Sampling percentage  = 0.25
   Transform = Affine
     Gradient step = 0.1
     Update field sigma (voxel space) = 0
     Total field sigma (voxel space) = 0
     Update field time sigma = 0
     Total field time sigma  = 0
     Number of time indices = 0
     Number of time point samples = 0
Registration using 1 total stages.

Stage 0
  iterations = 1000x500x250x100
  convergence threshold = 1e-06
  convergence window size = 10
  number of levels = 4
  using the Mattes MI metric (number of bins = 32, weight = 1, use gradient filter = 0)
  preprocessing:  winsorizing the image intensities
  Shrink factors (level 1 out of 4): [8, 8, 8]
  Shrink factors (level 2 out of 4): [4, 4, 4]
  Shrink factors (level 3 out of 4): [2, 2, 2]
  Shrink factors (level 4 out of 4): [1, 1, 1]
  smoothing sigmas per level: [3, 2, 1, 0]
  regular sampling (percentage = 0.25)

*** Running AffineTransform registration ***

DIAGNOSTIC,Iteration,metricValue,convergenceValue,ITERATION_TIME_INDEX,SINCE_LAST
 2DIAGNOSTIC,     1, -6.851822054323e-01, 1.797693134862e+308, 8.0305e-01, 8.0305e-01, 
 2DIAGNOSTIC,     2, -6.868110811668e-01, 1.797693134862e+308, 8.0842e-01, 5.3680e-03, 
 2DIAGNOSTIC,     3, -6.894792713582e-01, 1.797693134862e+308, 8.1329e-01, 4.8771e-03, 
 2DIAGNOSTIC,     4, -6.939949678018e-01, 1.797693134862e+308, 8.1865e-01, 5.3549e-03, 
 2DIAGNOSTIC,     5, -7.087731618221e-01, 1.797693134862e+308, 8.2430e-01, 5.6560e-03, 
 2DIAGNOSTIC,     6, -7.203180926134e-01, 1.797693134862e+308, 8.3130e-01, 6.9931e-03, 
 2DIAGNOSTIC,     7, -7.232997433769e-01, 1.797693134862e+308, 8.3594e-01, 4.6480e-03, 
 2DIAGNOSTIC,     8, -7.268908494240e-01, 1.797693134862e+308, 8.4098e-01, 5.0399e-03, 
 2DIAGNOSTIC,     9, -7.291950106436e-01, 1.797693134862e+308, 8.4732e-01, 6.3319e-03, 
 2DIAGNOSTIC,    10, -7.311602542257e-01, 5.004745596464e-03, 8.5343e-01, 6.1181e-03, 
 2DIAGNOSTIC,    11, -7.323714412076e-01, 4.201684521797e-03, 8.5918e-01, 5.7449e-03, 
 2DIAGNOSTIC,    12, -7.343607865204e-01, 3.284443741442e-03, 8.6676e-01, 7.5800e-03, 
 2DIAGNOSTIC,    13, -7.345546779736e-01, 2.308399987315e-03, 8.7259e-01, 5.8320e-03, 
 2DIAGNOSTIC,    14, -7.344313889878e-01, 1.383440829722e-03, 8.7810e-01, 5.5060e-03, 
 2DIAGNOSTIC,    15, -7.354921893757e-01, 8.704244895517e-04, 8.8458e-01, 6.4809e-03, 
 2DIAGNOSTIC,    16, -7.360378073749e-01, 6.405532741572e-04, 8.8981e-01, 5.2278e-03, 
 2DIAGNOSTIC,    17, -7.362077092978e-01, 4.507964104332e-04, 8.9753e-01, 7.7260e-03, 
 2DIAGNOSTIC,    18, -7.361829225418e-01, 3.189729613687e-04, 9.0356e-01, 6.0251e-03, 
 2DIAGNOSTIC,    19, -7.362569769060e-01, 2.212371667820e-04, 9.0846e-01, 4.9009e-03, 
 2DIAGNOSTIC,    20, -7.362835113289e-01, 1.517409200645e-04, 9.1408e-01, 5.6181e-03, 
 2DIAGNOSTIC,    21, -7.363058177169e-01, 9.677567754220e-05, 9.1959e-01, 5.5132e-03, 
 2DIAGNOSTIC,    22, -7.363437605447e-01, 7.431523557001e-05, 9.2582e-01, 6.2301e-03, 
 2DIAGNOSTIC,    23, -7.366713793580e-01, 5.634309728575e-05, 9.3565e-01, 9.8310e-03, 
 2DIAGNOSTIC,    24, -7.365989272676e-01, 3.104446267541e-05, 9.4201e-01, 6.3550e-03, 
 2DIAGNOSTIC,    25, -7.365369837035e-01, 2.054512491739e-05, 9.4708e-01, 5.0731e-03, 
 2DIAGNOSTIC,    26, -7.365896855275e-01, 1.809410710987e-05, 9.5184e-01, 4.7660e-03, 
 2DIAGNOSTIC,    27, -7.367621921921e-01, 1.915626555363e-05, 9.5654e-01, 4.6999e-03, 
 2DIAGNOSTIC,    28, -7.367643574161e-01, 1.796249887739e-05, 9.6237e-01, 5.8289e-03, 
 2DIAGNOSTIC,    29, -7.368061892612e-01, 1.687147039569e-05, 9.6723e-01, 4.8590e-03, 
 2DIAGNOSTIC,    30, -7.371250763245e-01, 1.896798878891e-05, 9.7264e-01, 5.4100e-03, 
 2DIAGNOSTIC,    31, -7.373846329824e-01, 2.268293799231e-05, 9.7748e-01, 4.8399e-03, 
 2DIAGNOSTIC,    32, -7.374596246581e-01, 2.527967515004e-05, 9.8456e-01, 7.0820e-03, 
 2DIAGNOSTIC,    33, -7.375988610056e-01, 3.102697449984e-05, 9.9060e-01, 6.0360e-03, 
 2DIAGNOSTIC,    34, -7.375117068278e-01, 3.179964096256e-05, 9.9588e-01, 5.2831e-03, 
 2DIAGNOSTIC,    35, -7.377528520246e-01, 3.158807949603e-05, 1.0022e+00, 6.2940e-03, 
 2DIAGNOSTIC,    36, -7.378269675254e-01, 2.967560636725e-05, 1.0079e+00, 5.7502e-03, 
 2DIAGNOSTIC,    37, -7.380144197682e-01, 2.894508514126e-05, 1.0129e+00, 4.9889e-03, 
 2DIAGNOSTIC,    38, -7.383003395128e-01, 2.857563673439e-05, 1.0198e+00, 6.8440e-03, 
 2DIAGNOSTIC,    39, -7.384325345443e-01, 2.722698312440e-05, 1.0249e+00, 5.1072e-03, 
 2DIAGNOSTIC,    40, -7.385081665800e-01, 2.721601412858e-05, 1.0298e+00, 4.9381e-03, 
 2DIAGNOSTIC,    41, -7.386383251490e-01, 2.837991616259e-05, 1.0354e+00, 5.5840e-03, 
 2DIAGNOSTIC,    42, -7.390026088697e-01, 3.086545817123e-05, 1.0503e+00, 1.4951e-02, 
 2DIAGNOSTIC,    43, -7.390025960477e-01, 3.155535551855e-05, 1.0552e+00, 4.8878e-03, 
 2DIAGNOSTIC,    44, -7.390026284502e-01, 2.849879117198e-05, 1.0601e+00, 4.8831e-03, 
 2DIAGNOSTIC,    45, -7.390026832325e-01, 2.508218450024e-05, 1.0651e+00, 5.0318e-03, 
 2DIAGNOSTIC,    46, -7.390027758313e-01, 2.008119471155e-05, 1.0701e+00, 4.9548e-03, 
 2DIAGNOSTIC,    47, -7.390029323082e-01, 1.489247470257e-05, 1.0751e+00, 4.9770e-03, 
 2DIAGNOSTIC,    48, -7.390031966051e-01, 1.086143951020e-05, 1.0800e+00, 4.9329e-03, 
 2DIAGNOSTIC,    49, -7.390036426613e-01, 7.114333747393e-06, 1.0850e+00, 4.9438e-03, 
 2DIAGNOSTIC,    50, -7.390043944646e-01, 3.498132763093e-06, 1.0898e+00, 4.8940e-03, 
DIAGNOSTIC,Iteration,metricValue,convergenceValue,ITERATION_TIME_INDEX,SINCE_LAST
 2DIAGNOSTIC,     1, -5.977133625049e-01, 1.797693134862e+308, 1.8600e+00, 7.7011e-01, 
 2DIAGNOSTIC,     2, -5.981430794092e-01, 1.797693134862e+308, 1.8973e+00, 3.7317e-02, 
 2DIAGNOSTIC,     3, -5.986802456690e-01, 1.797693134862e+308, 1.9435e+00, 4.6222e-02, 
 2DIAGNOSTIC,     4, -5.987587851399e-01, 1.797693134862e+308, 1.9841e+00, 4.0629e-02, 
 2DIAGNOSTIC,     5, -5.987138372963e-01, 1.797693134862e+308, 2.0447e+00, 6.0583e-02, 
 2DIAGNOSTIC,     6, -5.987146323725e-01, 1.797693134862e+308, 2.0859e+00, 4.1187e-02, 
 2DIAGNOSTIC,     7, -5.986949193699e-01, 1.797693134862e+308, 2.1265e+00, 4.0562e-02, 
 2DIAGNOSTIC,     8, -5.986854822113e-01, 1.797693134862e+308, 2.1646e+00, 3.8187e-02, 
 2DIAGNOSTIC,     9, -5.986819934543e-01, 1.797693134862e+308, 2.1988e+00, 3.4131e-02, 
 2DIAGNOSTIC,    10, -5.986822143968e-01, 7.030439034415e-05, 2.2410e+00, 4.2183e-02, 
 2DIAGNOSTIC,    11, -5.986774040602e-01, 2.299143831040e-05, 2.2831e+00, 4.2100e-02, 
DIAGNOSTIC,Iteration,metricValue,convergenceValue,ITERATION_TIME_INDEX,SINCE_LAST
 2DIAGNOSTIC,     1, -5.328487932784e-01, 1.797693134862e+308, 3.3784e+00, 1.0953e+00, 
 2DIAGNOSTIC,     2, -5.331922425511e-01, 1.797693134862e+308, 3.6661e+00, 2.8777e-01, 
 2DIAGNOSTIC,     3, -5.335635270943e-01, 1.797693134862e+308, 3.9521e+00, 2.8596e-01, 
 2DIAGNOSTIC,     4, -5.339534280980e-01, 1.797693134862e+308, 4.2573e+00, 3.0526e-01, 
 2DIAGNOSTIC,     5, -5.344691488143e-01, 1.797693134862e+308, 4.5609e+00, 3.0356e-01, 
 2DIAGNOSTIC,     6, -5.351363746842e-01, 1.797693134862e+308, 4.8508e+00, 2.8991e-01, 
 2DIAGNOSTIC,     7, -5.360975955408e-01, 1.797693134862e+308, 5.1960e+00, 3.4520e-01, 
 2DIAGNOSTIC,     8, -5.384371292493e-01, 1.797693134862e+308, 5.5777e+00, 3.8170e-01, 
 2DIAGNOSTIC,     9, -5.397657717850e-01, 1.797693134862e+308, 5.8729e+00, 2.9523e-01, 
 2DIAGNOSTIC,    10, -5.409153765313e-01, 9.760645503791e-04, 6.3027e+00, 4.2980e-01, 
 2DIAGNOSTIC,    11, -5.414263094467e-01, 1.002420609244e-03, 6.5741e+00, 2.7132e-01, 
 2DIAGNOSTIC,    12, -5.426397970674e-01, 1.003118791572e-03, 6.8494e+00, 2.7538e-01, 
 2DIAGNOSTIC,    13, -5.431260662576e-01, 9.461631280428e-04, 7.1282e+00, 2.7875e-01, 
 2DIAGNOSTIC,    14, -5.434136931496e-01, 8.366579442834e-04, 7.3970e+00, 2.6882e-01, 
 2DIAGNOSTIC,    15, -5.436093200531e-01, 6.915688721634e-04, 7.7075e+00, 3.1047e-01, 
 2DIAGNOSTIC,    16, -5.437913197096e-01, 5.299559724106e-04, 8.1401e+00, 4.3263e-01, 
 2DIAGNOSTIC,    17, -5.439731515159e-01, 3.727157242251e-04, 8.4245e+00, 2.8439e-01, 
 2DIAGNOSTIC,    18, -5.440488643833e-01, 2.687310923284e-04, 8.6941e+00, 2.6960e-01, 
 2DIAGNOSTIC,    19, -5.442243677415e-01, 1.924534527890e-04, 9.0328e+00, 3.3871e-01, 
 2DIAGNOSTIC,    20, -5.445094489465e-01, 1.439700748817e-04, 9.4337e+00, 4.0091e-01, 
 2DIAGNOSTIC,    21, -5.447005220873e-01, 1.036418949681e-04, 9.7438e+00, 3.1008e-01, 
 2DIAGNOSTIC,    22, -5.451400242567e-01, 9.676229575564e-05, 1.0161e+01, 4.1719e-01, 
 2DIAGNOSTIC,    23, -5.451387028602e-01, 9.240759842944e-05, 1.0584e+01, 4.2304e-01, 
 2DIAGNOSTIC,    24, -5.451382166093e-01, 8.626156765975e-05, 1.0902e+01, 3.1766e-01, 
 2DIAGNOSTIC,    25, -5.451365707644e-01, 7.670029472098e-05, 1.1228e+01, 3.2615e-01, 
 2DIAGNOSTIC,    26, -5.451341710909e-01, 6.426982992504e-05, 1.1589e+01, 3.6093e-01, 
 2DIAGNOSTIC,    27, -5.451344443236e-01, 5.030614834543e-05, 1.1929e+01, 3.4019e-01, 
 2DIAGNOSTIC,    28, -5.451329531596e-01, 3.410416720914e-05, 1.2258e+01, 3.2911e-01, 
 2DIAGNOSTIC,    29, -5.451300550751e-01, 1.906412615202e-05, 1.2562e+01, 3.0386e-01, 
 2DIAGNOSTIC,    30, -5.451310052037e-01, 8.338607521322e-06, 1.2871e+01, 3.0861e-01, 
DIAGNOSTIC,Iteration,metricValue,convergenceValue,ITERATION_TIME_INDEX,SINCE_LAST
 2DIAGNOSTIC,     1, -4.998879163220e-01, 1.797693134862e+308, 1.5769e+01, 2.8983e+00, 
 2DIAGNOSTIC,     2, -5.000505689770e-01, 1.797693134862e+308, 1.7589e+01, 1.8206e+00, 
 2DIAGNOSTIC,     3, -5.002817734030e-01, 1.797693134862e+308, 1.9415e+01, 1.8256e+00, 
 2DIAGNOSTIC,     4, -5.004923739204e-01, 1.797693134862e+308, 2.1588e+01, 2.1732e+00, 
 2DIAGNOSTIC,     5, -5.005543208177e-01, 1.797693134862e+308, 2.3546e+01, 1.9581e+00, 
 2DIAGNOSTIC,     6, -5.006151666147e-01, 1.797693134862e+308, 2.7143e+01, 3.5969e+00, 
 2DIAGNOSTIC,     7, -5.006155539664e-01, 1.797693134862e+308, 2.9318e+01, 2.1744e+00, 
 2DIAGNOSTIC,     8, -5.006155755728e-01, 1.797693134862e+308, 3.1587e+01, 2.2693e+00, 
 2DIAGNOSTIC,     9, -5.006155793324e-01, 1.797693134862e+308, 3.3677e+01, 2.0901e+00, 
 2DIAGNOSTIC,    10, -5.006155320639e-01, 8.968473705866e-05, 3.5793e+01, 2.1158e+00, 
 2DIAGNOSTIC,    11, -5.006154513147e-01, 5.305456209513e-05, 3.7703e+01, 1.9101e+00, 
 2DIAGNOSTIC,    12, -5.006153607152e-01, 2.556996159610e-05, 3.9543e+01, 1.8397e+00, 
 2DIAGNOSTIC,    13, -5.006152736627e-01, 1.015367613723e-05, 4.1595e+01, 2.0521e+00, 
 2DIAGNOSTIC,    14, -5.006151907152e-01, 4.737352220702e-06, 4.3458e+01, 1.8629e+00, 
 2DIAGNOSTIC,    15, -5.006150040934e-01, 2.090613653957e-06, 4.5169e+01, 1.7112e+00, 
 2DIAGNOSTIC,    16, -5.006149468867e-01, 1.934809399778e-06, 4.7062e+01, 1.8933e+00, 
 2DIAGNOSTIC,    17, -5.006149920489e-01, 1.816696600057e-06, 4.9057e+01, 1.9949e+00, 
 2DIAGNOSTIC,    18, -5.006149286356e-01, 1.715305962206e-06, 5.1044e+01, 1.9873e+00, 
 2DIAGNOSTIC,    19, -5.006147759424e-01, 1.625064979263e-06, 5.2984e+01, 1.9394e+00, 
 2DIAGNOSTIC,    20, -5.006147758485e-01, 1.547322866301e-06, 5.5033e+01, 2.0492e+00, 
 2DIAGNOSTIC,    21, -5.006146286135e-01, 1.474838442060e-06, 5.7015e+01, 1.9821e+00, 
 2DIAGNOSTIC,    22, -5.006145814231e-01, 1.409136307015e-06, 5.9018e+01, 2.0024e+00, 
 2DIAGNOSTIC,    23, -5.006145124549e-01, 1.348764962668e-06, 6.1259e+01, 2.2411e+00, 
 2DIAGNOSTIC,    24, -5.006144254594e-01, 1.292808690864e-06, 6.3280e+01, 2.0208e+00, 
 2DIAGNOSTIC,    25, -5.006143308377e-01, 1.238094250705e-06, 6.5002e+01, 1.7222e+00, 
 2DIAGNOSTIC,    26, -5.006141372973e-01, 1.185327246002e-06, 6.6911e+01, 1.9089e+00, 
 2DIAGNOSTIC,    27, -5.006141579638e-01, 1.141557218275e-06, 6.8592e+01, 1.6809e+00, 
 2DIAGNOSTIC,    28, -5.006141928534e-01, 1.103784702090e-06, 7.0287e+01, 1.6952e+00, 
 2DIAGNOSTIC,    29, -5.006141433121e-01, 1.067635211544e-06, 7.2183e+01, 1.8966e+00, 
 2DIAGNOSTIC,    30, -5.006141048875e-01, 1.036085490326e-06, 7.4280e+01, 2.0968e+00, 
 2DIAGNOSTIC,    31, -5.006138178854e-01, 1.000993358001e-06, 7.6211e+01, 1.9306e+00, 
  Elapsed time (stage 0): 7.7263e+01


