
##########################
# Experiment information #
##########################

EXPERIMENT_NAME: antsRegistration-r8-p7
VFC_BACKENDS: libinterflop_vprec.so --range-binary32=8 --precision-binary32=7 --range-binary64=8 --precision-binary64=7

SIF_IMG: /home/mdugre/projects/rrg-glatard/mdugre/containers/ants-vprec-no_metrics.simg

SUBJECT_ID: s020
INPUT_IMG: /home/mdugre/scratch/mri-registration-rp/datasets/ds004513/derivatives/mri-registration-rp/antsBrainExtraction/sub-s020/BrainExtractionBrain.nii.gz
OUTPUT_DIR: /home/mdugre/scratch/mri-registration-rp/datasets/ds004513/derivatives/mri-registration-rp/0100/antsRegistration-r8-p7/sub-s020

FIXED_IMG: /templateflow/tpl-MNI152NLin2009cAsym/tpl-MNI152NLin2009cAsym_res-01_desc-brain_T1w.nii.gz
DATA_DIR: /home/mdugre/scratch/mri-registration-rp/datasets/ds004513
TEMPLATEFLOW_DIR: /home/mdugre/projects/rrg-glatard/mdugre/templateflow
ITK_GLOBAL_DEFAULT_NUMBER_OF_THREADS: 16
##########################

Info [verificarlo]: loaded backend libinterflop_ieee.so
Info [interflop-ieee]: load backend with:
Info [interflop-ieee]: debug = false
Info [interflop-ieee]: debug-binary = false
Info [interflop-ieee]: no-backend-name = false
Info [interflop-ieee]: print-new-line = false
Info [interflop-ieee]: print-subnormal-normalized = false
Info [interflop-ieee]: count-op = false
All_Command_lines_OK
Using double precision for computations.
=============================================================================
The composite transform comprises the following transforms (in order): 
  1. Center of mass alignment using fixed image: /templateflow/tpl-MNI152NLin2009cAsym/tpl-MNI152NLin2009cAsym_res-01_desc-brain_T1w.nii.gz and moving image: /home/mdugre/scratch/mri-registration-rp/datasets/ds004513/derivatives/mri-registration-rp/antsBrainExtraction/sub-s020/BrainExtractionBrain.nii.gz (type = Euler3DTransform)
=============================================================================
  number of levels = 1
  fixed image: /templateflow/tpl-MNI152NLin2009cAsym/tpl-MNI152NLin2009cAsym_res-01_desc-brain_T1w.nii.gz
  moving image: /home/mdugre/scratch/mri-registration-rp/datasets/ds004513/derivatives/mri-registration-rp/antsBrainExtraction/sub-s020/BrainExtractionBrain.nii.gz
Dimension = 3
Number of stages = 1
Use histogram matching = false
Winsorize image intensities = true
  Lower quantile = 0.005
  Upper quantile = 0.995


Stage 1 State
   Image metric = MattesMI
     Fixed image = Image (0x3802bd0)
  RTTI typeinfo:   itk::Image<double, 3u>
  Reference Count: 2
  Modified Time: 2334
  Debug: Off
  Object Name: 
  Observers: 
    none
  Source: (none)
  Source output name: (none)
  Release Data: Off
  Data Released: False
  Global Release Data: Off
  PipelineMTime: 0
  UpdateMTime: 1943
  RealTimeStamp: 0 seconds 
  LargestPossibleRegion: 
    Dimension: 3
    Index: [0, 0, 0]
    Size: [193, 229, 193]
  BufferedRegion: 
    Dimension: 3
    Index: [0, 0, 0]
    Size: [193, 229, 193]
  RequestedRegion: 
    Dimension: 3
    Index: [0, 0, 0]
    Size: [193, 229, 193]
  Spacing: [1, 1, 1]
  Origin: [96, 132, -78]
  Direction: 
-1 0 0
0 -1 0
0 0 1

  IndexToPointMatrix: 
-1 0 0
0 -1 0
0 0 1

  PointToIndexMatrix: 
-1 0 0
0 -1 0
0 0 1

  Inverse Direction: 
-1 0 0
0 -1 0
0 0 1

  PixelContainer: 
    ImportImageContainer (0x380b9e0)
      RTTI typeinfo:   itk::ImportImageContainer<unsigned long, double>
      Reference Count: 1
      Modified Time: 1940
      Debug: Off
      Object Name: 
      Observers: 
        none
      Pointer: 0x152446d50010
      Container manages memory: true
      Size: 8530021
      Capacity: 8530021

     Moving image = Image (0x380cbd0)
  RTTI typeinfo:   itk::Image<double, 3u>
  Reference Count: 2
  Modified Time: 2335
  Debug: Off
  Object Name: 
  Observers: 
    none
  Source: (none)
  Source output name: (none)
  Release Data: Off
  Data Released: False
  Global Release Data: Off
  PipelineMTime: 0
  UpdateMTime: 2332
  RealTimeStamp: 0 seconds 
  LargestPossibleRegion: 
    Dimension: 3
    Index: [0, 0, 0]
    Size: [160, 240, 256]
  BufferedRegion: 
    Dimension: 3
    Index: [0, 0, 0]
    Size: [160, 240, 256]
  RequestedRegion: 
    Dimension: 3
    Index: [0, 0, 0]
    Size: [160, 240, 256]
  Spacing: [0.999995, 1, 1]
  Origin: [87.0906, 98.7205, -152.377]
  Direction: 
-0.996975 0.0261379 -0.0731913
-0.0260677 -0.999658 -0.00191374
-0.0732163 -2.46403e-08 0.997316

  IndexToPointMatrix: 
-0.996971 0.0261379 -0.0731913
-0.0260676 -0.999658 -0.00191374
-0.0732159 -2.46403e-08 0.997316

  PointToIndexMatrix: 
-0.99698 -0.0260679 -0.0732166
0.0261379 -0.999658 -2.46993e-08
-0.0731913 -0.00191374 0.997316

  Inverse Direction: 
-0.996975 -0.0260677 -0.0732163
0.0261379 -0.999658 -2.46993e-08
-0.0731913 -0.00191374 0.997316

  PixelContainer: 
    ImportImageContainer (0x3992b50)
      RTTI typeinfo:   itk::ImportImageContainer<unsigned long, double>
      Reference Count: 1
      Modified Time: 2329
      Debug: Off
      Object Name: 
      Observers: 
        none
      Pointer: 0x15244224f010
      Container manages memory: true
      Size: 9830400
      Capacity: 9830400

     Weighting = 1
     Sampling strategy = regular
     Number of bins = 32
     Radius = 4
     Sampling percentage  = 0.25
   Transform = Rigid
     Gradient step = 0.1
     Update field sigma (voxel space) = 0
     Total field sigma (voxel space) = 0
     Update field time sigma = 0
     Total field time sigma  = 0
     Number of time indices = 0
     Number of time point samples = 0
Registration using 1 total stages.

Stage 0
  iterations = 0
  convergence threshold = 1e-06
  convergence window size = 10
  number of levels = 1
  using the Mattes MI metric (number of bins = 32, weight = 1, use gradient filter = 0)
  preprocessing:  winsorizing the image intensities
  Shrink factors (level 1 out of 1): [1, 1, 1]
  smoothing sigmas per level: [0]
  regular sampling (percentage = 0.25)

*** Running Euler3DTransform registration ***

  Elapsed time (stage 0): 0.986853


Total elapsed time: 0.989299
Info [verificarlo]: loaded backend libinterflop_vprec.so
Info [interflop-vprec]: load backend with: 
Info [interflop-vprec]: precision-binary32 = 7
Info [interflop-vprec]: range-binary32 = 8
Info [interflop-vprec]: precision-binary64 = 7
Info [interflop-vprec]: range-binary64 = 8
Info [interflop-vprec]: mode = ob
Info [interflop-vprec]: error-mode = rel
Info [interflop-vprec]: max-abs-error-exponent = -1022
Info [interflop-vprec]: daz = false
Info [interflop-vprec]: ftz = false
Info [interflop-vprec]: 	instrument = none
Info [interflop-vprec]: 	prec-input-file = (null)
Info [interflop-vprec]: 	prec-output-file = (null)
Info [interflop-vprec]: 	prec-log-file = (null)
All_Command_lines_OK
Using double precision for computations.
=============================================================================
The composite transform comprises the following transforms (in order): 
  1. /home/mdugre/scratch/mri-registration-rp/datasets/ds004513/derivatives/mri-registration-rp/0100/antsRegistration-r8-p7/sub-s020/align_Composite.h5[0] (type = Euler3DTransform)
  2. /home/mdugre/scratch/mri-registration-rp/datasets/ds004513/derivatives/mri-registration-rp/0100/antsRegistration-r8-p7/sub-s020/align_Composite.h5[1] (type = Euler3DTransform)
=============================================================================
  number of levels = 4
  fixed image: /templateflow/tpl-MNI152NLin2009cAsym/tpl-MNI152NLin2009cAsym_res-01_desc-brain_T1w.nii.gz
  moving image: /home/mdugre/scratch/mri-registration-rp/datasets/ds004513/derivatives/mri-registration-rp/antsBrainExtraction/sub-s020/BrainExtractionBrain.nii.gz
Dimension = 3
Number of stages = 1
Use histogram matching = false
Winsorize image intensities = true
  Lower quantile = 0.005
  Upper quantile = 0.995


Stage 1 State
   Image metric = MattesMI
     Fixed image = Image (0x37671e0)
  RTTI typeinfo:   itk::Image<double, 3u>
  Reference Count: 2
  Modified Time: 1578
  Debug: Off
  Object Name: 
  Observers: 
    none
  Source: (none)
  Source output name: (none)
  Release Data: Off
  Data Released: False
  Global Release Data: Off
  PipelineMTime: 0
  UpdateMTime: 1189
  RealTimeStamp: 0 seconds 
  LargestPossibleRegion: 
    Dimension: 3
    Index: [0, 0, 0]
    Size: [193, 229, 193]
  BufferedRegion: 
    Dimension: 3
    Index: [0, 0, 0]
    Size: [193, 229, 193]
  RequestedRegion: 
    Dimension: 3
    Index: [0, 0, 0]
    Size: [193, 229, 193]
  Spacing: [1, 1, 1]
  Origin: [96, 132, -78]
  Direction: 
-1 0 0
0 -1 0
0 0 1

  IndexToPointMatrix: 
-1 0 0
0 -1 0
0 0 1

  PointToIndexMatrix: 
-1 0 0
0 -1 0
0 0 1

  Inverse Direction: 
-1 0 0
0 -1 0
0 0 1

  PixelContainer: 
    ImportImageContainer (0x3826680)
      RTTI typeinfo:   itk::ImportImageContainer<unsigned long, double>
      Reference Count: 1
      Modified Time: 1186
      Debug: Off
      Object Name: 
      Observers: 
        none
      Pointer: 0x14c25ab46010
      Container manages memory: true
      Size: 8530021
      Capacity: 8530021

     Moving image = Image (0x3822b20)
  RTTI typeinfo:   itk::Image<double, 3u>
  Reference Count: 2
  Modified Time: 1579
  Debug: Off
  Object Name: 
  Observers: 
    none
  Source: (none)
  Source output name: (none)
  Release Data: Off
  Data Released: False
  Global Release Data: Off
  PipelineMTime: 0
  UpdateMTime: 1576
  RealTimeStamp: 0 seconds 
  LargestPossibleRegion: 
    Dimension: 3
    Index: [0, 0, 0]
    Size: [160, 240, 256]
  BufferedRegion: 
    Dimension: 3
    Index: [0, 0, 0]
    Size: [160, 240, 256]
  RequestedRegion: 
    Dimension: 3
    Index: [0, 0, 0]
    Size: [160, 240, 256]
  Spacing: [1, 1, 1]
  Origin: [87, 98.5, -152]
  Direction: 
-0.996094 0.026123 -0.0727539
-0.026001 -1 -0.00190735
-0.0727539 0 0.996094

  IndexToPointMatrix: 
-0.996094 0.026123 -0.0727539
-0.026001 -1 -0.00190735
-0.0727539 0 0.996094

  PointToIndexMatrix: 
-1 -0.026001 -0.0727539
0.0258789 -0.996094 0.000976562
-0.0722656 -0.000976562 0.992188

  Inverse Direction: 
-1 -0.026001 -0.0727539
0.0258789 -0.996094 0.000976562
-0.0722656 -0.000976562 0.992188

  PixelContainer: 
    ImportImageContainer (0x388bd50)
      RTTI typeinfo:   itk::ImportImageContainer<unsigned long, double>
      Reference Count: 1
      Modified Time: 1573
      Debug: Off
      Object Name: 
      Observers: 
        none
      Pointer: 0x14c256045010
      Container manages memory: true
      Size: 9830400
      Capacity: 9830400

     Weighting = 1
     Sampling strategy = regular
     Number of bins = 32
     Radius = 4
     Sampling percentage  = 0.25
   Transform = Rigid
     Gradient step = 0.1
     Update field sigma (voxel space) = 0
     Total field sigma (voxel space) = 0
     Update field time sigma = 0
     Total field time sigma  = 0
     Number of time indices = 0
     Number of time point samples = 0
Registration using 1 total stages.

Stage 0
  iterations = 1000x500x250x100
  convergence threshold = 1e-06
  convergence window size = 10
  number of levels = 4
  using the Mattes MI metric (number of bins = 32, weight = 1, use gradient filter = 0)
  preprocessing:  winsorizing the image intensities
  Shrink factors (level 1 out of 4): [8, 8, 8]
  Shrink factors (level 2 out of 4): [4, 4, 4]
  Shrink factors (level 3 out of 4): [2, 2, 2]
  Shrink factors (level 4 out of 4): [1, 1, 1]
  smoothing sigmas per level: [3, 2, 1, 0]
  regular sampling (percentage = 0.25)

*** Running Euler3DTransform registration ***

DIAGNOSTIC,Iteration,metricValue,convergenceValue,ITERATION_TIME_INDEX,SINCE_LAST
 2DIAGNOSTIC,     1, -3.973609648964e-01, 1.797693134862e+308, 0.0000e+00, 0.0000e+00, 
 2DIAGNOSTIC,     2, -3.974169817063e-01, 1.797693134862e+308, 0.0000e+00, 0.0000e+00, 
 2DIAGNOSTIC,     3, -3.976880553183e-01, 1.797693134862e+308, 0.0000e+00, 0.0000e+00, 
 2DIAGNOSTIC,     4, -3.985220510961e-01, 1.797693134862e+308, 0.0000e+00, 0.0000e+00, 
 2DIAGNOSTIC,     5, -3.987512230539e-01, 1.797693134862e+308, 0.0000e+00, 0.0000e+00, 
 2DIAGNOSTIC,     6, -3.986317604345e-01, 1.797693134862e+308, 0.0000e+00, 0.0000e+00, 
 2DIAGNOSTIC,     7, -3.989262065509e-01, 1.797693134862e+308, 0.0000e+00, 0.0000e+00, 
 2DIAGNOSTIC,     8, -4.002528999866e-01, 1.797693134862e+308, 0.0000e+00, 0.0000e+00, 
 2DIAGNOSTIC,     9, -4.010255974836e-01, 1.797693134862e+308, 0.0000e+00, 0.0000e+00, 
 2DIAGNOSTIC,    10, -4.031957017451e-01, 7.794471655263e-04, 0.0000e+00, 0.0000e+00, 
 2DIAGNOSTIC,    11, -4.035178891605e-01, 8.671215361161e-04, 0.0000e+00, 0.0000e+00, 
 2DIAGNOSTIC,    12, -4.031909901691e-01, 8.475492743726e-04, 0.0000e+00, 0.0000e+00, 
 2DIAGNOSTIC,    13, -4.031779774218e-01, 7.689229137332e-04, 0.0000e+00, 0.0000e+00, 
 2DIAGNOSTIC,    14, -4.031777600019e-01, 6.723720091859e-04, 0.0000e+00, 0.0000e+00, 
 2DIAGNOSTIC,    15, -4.031777577374e-01, 5.378111316456e-04, 0.0000e+00, 0.0000e+00, 
 2DIAGNOSTIC,    16, -4.031777577009e-01, 3.656740549025e-04, 0.0000e+00, 0.0000e+00, 
 2DIAGNOSTIC,    17, -4.031867648274e-01, 1.934227263614e-04, 0.0000e+00, 0.0000e+00, 
 2DIAGNOSTIC,    18, -4.031866968953e-01, 7.505114694715e-05, 0.0000e+00, 0.0000e+00, 
DIAGNOSTIC,Iteration,metricValue,convergenceValue,ITERATION_TIME_INDEX,SINCE_LAST
 2DIAGNOSTIC,     1, -3.216903451968e-01, 1.797693134862e+308, 0.0000e+00, 0.0000e+00, 
 2DIAGNOSTIC,     2, -3.221083305423e-01, 1.797693134862e+308, 0.0000e+00, 0.0000e+00, 
 2DIAGNOSTIC,     3, -3.221647311842e-01, 1.797693134862e+308, 0.0000e+00, 0.0000e+00, 
 2DIAGNOSTIC,     4, -3.221548109441e-01, 1.797693134862e+308, 0.0000e+00, 0.0000e+00, 
 2DIAGNOSTIC,     5, -3.221232203288e-01, 1.797693134862e+308, 0.0000e+00, 0.0000e+00, 
 2DIAGNOSTIC,     6, -3.221232203288e-01, 1.797693134862e+308, 0.0000e+00, 0.0000e+00, 
 2DIAGNOSTIC,     7, -3.221232203288e-01, 1.797693134862e+308, 0.0000e+00, 0.0000e+00, 
 2DIAGNOSTIC,     8, -3.221232203288e-01, 1.797693134862e+308, 0.0000e+00, 0.0000e+00, 
 2DIAGNOSTIC,     9, -3.221232203288e-01, 1.797693134862e+308, 0.0000e+00, 0.0000e+00, 
 2DIAGNOSTIC,    10, -3.221232203288e-01, 3.542737455443e-05, 0.0000e+00, 0.0000e+00, 
DIAGNOSTIC,Iteration,metricValue,convergenceValue,ITERATION_TIME_INDEX,SINCE_LAST
 2DIAGNOSTIC,     1, -2.794813518998e-01, 1.797693134862e+308, 0.0000e+00, 0.0000e+00, 
 2DIAGNOSTIC,     2, -2.795625615851e-01, 1.797693134862e+308, 0.0000e+00, 0.0000e+00, 
 2DIAGNOSTIC,     3, -2.796382918391e-01, 1.797693134862e+308, 0.0000e+00, 0.0000e+00, 
 2DIAGNOSTIC,     4, -2.798660606242e-01, 1.797693134862e+308, 0.0000e+00, 0.0000e+00, 
 2DIAGNOSTIC,     5, -2.802233824266e-01, 1.797693134862e+308, 0.0000e+00, 0.0000e+00, 
 2DIAGNOSTIC,     6, -2.798604042374e-01, 1.797693134862e+308, 0.0000e+00, 0.0000e+00, 
 2DIAGNOSTIC,     7, -2.801106037941e-01, 1.797693134862e+308, 0.0000e+00, 0.0000e+00, 
 2DIAGNOSTIC,     8, -2.807047492621e-01, 1.797693134862e+308, 0.0000e+00, 0.0000e+00, 
 2DIAGNOSTIC,     9, -2.814424726309e-01, 1.797693134862e+308, 0.0000e+00, 0.0000e+00, 
 2DIAGNOSTIC,    10, -2.845666604270e-01, 7.622404847527e-04, 0.0000e+00, 0.0000e+00, 
 2DIAGNOSTIC,    11, -2.874222271066e-01, 1.243011417146e-03, 0.0000e+00, 0.0000e+00, 
 2DIAGNOSTIC,    12, -2.937410065764e-01, 2.061695586917e-03, 0.0000e+00, 0.0000e+00, 
 2DIAGNOSTIC,    13, -3.069275091529e-01, 3.565729483430e-03, 0.0000e+00, 0.0000e+00, 
 2DIAGNOSTIC,    14, -3.245217147913e-01, 5.735915250114e-03, 0.0000e+00, 0.0000e+00, 
 2DIAGNOSTIC,    15, -3.505299018875e-01, 8.715971034683e-03, 0.0000e+00, 0.0000e+00, 
 2DIAGNOSTIC,    16, -3.649408317015e-01, 1.125183939377e-02, 0.0000e+00, 0.0000e+00, 
 2DIAGNOSTIC,    17, -3.667284514396e-01, 1.251431642647e-02, 0.0000e+00, 0.0000e+00, 
 2DIAGNOSTIC,    18, -3.665704056790e-01, 1.250406309473e-02, 0.0000e+00, 0.0000e+00, 
 2DIAGNOSTIC,    19, -3.653496327226e-01, 1.132075923199e-02, 0.0000e+00, 0.0000e+00, 
 2DIAGNOSTIC,    20, -3.655370668391e-01, 9.375025005153e-03, 0.0000e+00, 0.0000e+00, 
 2DIAGNOSTIC,    21, -3.644901460584e-01, 6.854656969581e-03, 0.0000e+00, 0.0000e+00, 
 2DIAGNOSTIC,    22, -3.677225908578e-01, 4.360763983415e-03, 0.0000e+00, 0.0000e+00, 
 2DIAGNOSTIC,    23, -3.667831139577e-01, 2.187560991440e-03, 0.0000e+00, 0.0000e+00, 
 2DIAGNOSTIC,    24, -3.669348528726e-01, 6.582372470065e-04, 0.0000e+00, 0.0000e+00, 
 2DIAGNOSTIC,    25, -3.669097562937e-01, 1.144429086675e-04, 0.0000e+00, 0.0000e+00, 
 2DIAGNOSTIC,    26, -3.668734881499e-01, 9.000607897168e-05, 0.0000e+00, 0.0000e+00, 
 2DIAGNOSTIC,    27, -3.669607005837e-01, 1.190845326152e-04, 0.0000e+00, 0.0000e+00, 
 2DIAGNOSTIC,    28, -3.669611884501e-01, 1.297475389432e-04, 0.0000e+00, 0.0000e+00, 
 2DIAGNOSTIC,    29, -3.669999437435e-01, 9.351033779000e-05, 0.0000e+00, 0.0000e+00, 
 2DIAGNOSTIC,    30, -3.669999437435e-01, 5.778471979401e-05, 0.0000e+00, 0.0000e+00, 
DIAGNOSTIC,Iteration,metricValue,convergenceValue,ITERATION_TIME_INDEX,SINCE_LAST
 2DIAGNOSTIC,     1, -3.338746435142e-01, 1.797693134862e+308, 0.0000e+00, 0.0000e+00, 
 2DIAGNOSTIC,     2, -3.339013530883e-01, 1.797693134862e+308, 0.0000e+00, 0.0000e+00, 
 2DIAGNOSTIC,     3, -3.339886441596e-01, 1.797693134862e+308, 0.0000e+00, 0.0000e+00, 
 2DIAGNOSTIC,     4, -3.340512836469e-01, 1.797693134862e+308, 0.0000e+00, 0.0000e+00, 
 2DIAGNOSTIC,     5, -3.340870454798e-01, 1.797693134862e+308, 0.0000e+00, 0.0000e+00, 
 2DIAGNOSTIC,     6, -3.340870454798e-01, 1.797693134862e+308, 0.0000e+00, 0.0000e+00, 
 2DIAGNOSTIC,     7, -3.340870454798e-01, 1.797693134862e+308, 0.0000e+00, 0.0000e+00, 
 2DIAGNOSTIC,     8, -3.340870454798e-01, 1.797693134862e+308, 0.0000e+00, 0.0000e+00, 
 2DIAGNOSTIC,     9, -3.340870454798e-01, 1.797693134862e+308, 0.0000e+00, 0.0000e+00, 
 2DIAGNOSTIC,    10, -3.340870454798e-01, 3.914455983688e-05, 0.0000e+00, 0.0000e+00, 
 2DIAGNOSTIC,    11, -3.340870454798e-01, 2.293463446182e-05, 0.0000e+00, 0.0000e+00, 
 2DIAGNOSTIC,    12, -3.340870454798e-01, 9.183885779973e-06, 0.0000e+00, 0.0000e+00, 
 2DIAGNOSTIC,    13, -3.340870454798e-01, 2.337427923063e-06, 0.0000e+00, 0.0000e+00, 
  Elapsed time (stage 0): 0.0000e+00


Total elapsed time: 0.0000e+00
Info [verificarlo]: loaded backend libinterflop_ieee.so
Info [interflop-ieee]: load backend with:
Info [interflop-ieee]: debug = false
Info [interflop-ieee]: debug-binary = false
Info [interflop-ieee]: no-backend-name = false
Info [interflop-ieee]: print-new-line = false
Info [interflop-ieee]: print-subnormal-normalized = false
Info [interflop-ieee]: count-op = false
All_Command_lines_OK
Using double precision for computations.
=============================================================================
The composite transform comprises the following transforms (in order): 
  1. /home/mdugre/scratch/mri-registration-rp/datasets/ds004513/derivatives/mri-registration-rp/0100/antsRegistration-r8-p7/sub-s020/rigid_Composite.h5[0] (type = Euler3DTransform)
  2. /home/mdugre/scratch/mri-registration-rp/datasets/ds004513/derivatives/mri-registration-rp/0100/antsRegistration-r8-p7/sub-s020/rigid_Composite.h5[1] (type = Euler3DTransform)
  3. /home/mdugre/scratch/mri-registration-rp/datasets/ds004513/derivatives/mri-registration-rp/0100/antsRegistration-r8-p7/sub-s020/rigid_Composite.h5[2] (type = Euler3DTransform)
=============================================================================
  number of levels = 4
  fixed image: /templateflow/tpl-MNI152NLin2009cAsym/tpl-MNI152NLin2009cAsym_res-01_desc-brain_T1w.nii.gz
  moving image: /home/mdugre/scratch/mri-registration-rp/datasets/ds004513/derivatives/mri-registration-rp/antsBrainExtraction/sub-s020/BrainExtractionBrain.nii.gz
Dimension = 3
Number of stages = 1
Use histogram matching = false
Winsorize image intensities = true
  Lower quantile = 0.005
  Upper quantile = 0.995


Stage 1 State
   Image metric = MattesMI
     Fixed image = Image (0x4035530)
  RTTI typeinfo:   itk::Image<double, 3u>
  Reference Count: 2
  Modified Time: 1594
  Debug: Off
  Object Name: 
  Observers: 
    none
  Source: (none)
  Source output name: (none)
  Release Data: Off
  Data Released: False
  Global Release Data: Off
  PipelineMTime: 0
  UpdateMTime: 1203
  RealTimeStamp: 0 seconds 
  LargestPossibleRegion: 
    Dimension: 3
    Index: [0, 0, 0]
    Size: [193, 229, 193]
  BufferedRegion: 
    Dimension: 3
    Index: [0, 0, 0]
    Size: [193, 229, 193]
  RequestedRegion: 
    Dimension: 3
    Index: [0, 0, 0]
    Size: [193, 229, 193]
  Spacing: [1, 1, 1]
  Origin: [96, 132, -78]
  Direction: 
-1 0 0
0 -1 0
0 0 1

  IndexToPointMatrix: 
-1 0 0
0 -1 0
0 0 1

  PointToIndexMatrix: 
-1 0 0
0 -1 0
0 0 1

  Inverse Direction: 
-1 0 0
0 -1 0
0 0 1

  PixelContainer: 
    ImportImageContainer (0x40422b0)
      RTTI typeinfo:   itk::ImportImageContainer<unsigned long, double>
      Reference Count: 1
      Modified Time: 1200
      Debug: Off
      Object Name: 
      Observers: 
        none
      Pointer: 0x15352cd9f010
      Container manages memory: true
      Size: 8530021
      Capacity: 8530021

     Moving image = Image (0x40f0fd0)
  RTTI typeinfo:   itk::Image<double, 3u>
  Reference Count: 2
  Modified Time: 1595
  Debug: Off
  Object Name: 
  Observers: 
    none
  Source: (none)
  Source output name: (none)
  Release Data: Off
  Data Released: False
  Global Release Data: Off
  PipelineMTime: 0
  UpdateMTime: 1592
  RealTimeStamp: 0 seconds 
  LargestPossibleRegion: 
    Dimension: 3
    Index: [0, 0, 0]
    Size: [160, 240, 256]
  BufferedRegion: 
    Dimension: 3
    Index: [0, 0, 0]
    Size: [160, 240, 256]
  RequestedRegion: 
    Dimension: 3
    Index: [0, 0, 0]
    Size: [160, 240, 256]
  Spacing: [0.999995, 1, 1]
  Origin: [87.0906, 98.7205, -152.377]
  Direction: 
-0.996975 0.0261379 -0.0731913
-0.0260677 -0.999658 -0.00191374
-0.0732163 -2.46403e-08 0.997316

  IndexToPointMatrix: 
-0.996971 0.0261379 -0.0731913
-0.0260676 -0.999658 -0.00191374
-0.0732159 -2.46403e-08 0.997316

  PointToIndexMatrix: 
-0.99698 -0.0260679 -0.0732166
0.0261379 -0.999658 -2.46993e-08
-0.0731913 -0.00191374 0.997316

  Inverse Direction: 
-0.996975 -0.0260677 -0.0732163
0.0261379 -0.999658 -2.46993e-08
-0.0731913 -0.00191374 0.997316

  PixelContainer: 
    ImportImageContainer (0x4108990)
      RTTI typeinfo:   itk::ImportImageContainer<unsigned long, double>
      Reference Count: 1
      Modified Time: 1589
      Debug: Off
      Object Name: 
      Observers: 
        none
      Pointer: 0x15352829e010
      Container manages memory: true
      Size: 9830400
      Capacity: 9830400

     Weighting = 1
     Sampling strategy = regular
     Number of bins = 32
     Radius = 4
     Sampling percentage  = 0.25
   Transform = Affine
     Gradient step = 0.1
     Update field sigma (voxel space) = 0
     Total field sigma (voxel space) = 0
     Update field time sigma = 0
     Total field time sigma  = 0
     Number of time indices = 0
     Number of time point samples = 0
Registration using 1 total stages.

Stage 0
  iterations = 1000x500x250x100
  convergence threshold = 1e-06
  convergence window size = 10
  number of levels = 4
  using the Mattes MI metric (number of bins = 32, weight = 1, use gradient filter = 0)
  preprocessing:  winsorizing the image intensities
  Shrink factors (level 1 out of 4): [8, 8, 8]
  Shrink factors (level 2 out of 4): [4, 4, 4]
  Shrink factors (level 3 out of 4): [2, 2, 2]
  Shrink factors (level 4 out of 4): [1, 1, 1]
  smoothing sigmas per level: [3, 2, 1, 0]
  regular sampling (percentage = 0.25)

*** Running AffineTransform registration ***

DIAGNOSTIC,Iteration,metricValue,convergenceValue,ITERATION_TIME_INDEX,SINCE_LAST
 2DIAGNOSTIC,     1, -5.170741634211e-01, 1.797693134862e+308, 6.6916e-01, 6.6916e-01, 
 2DIAGNOSTIC,     2, -5.186710294140e-01, 1.797693134862e+308, 6.7306e-01, 3.9060e-03, 
 2DIAGNOSTIC,     3, -5.214011614389e-01, 1.797693134862e+308, 6.7666e-01, 3.5980e-03, 
 2DIAGNOSTIC,     4, -5.258351306584e-01, 1.797693134862e+308, 6.8019e-01, 3.5250e-03, 
 2DIAGNOSTIC,     5, -5.341708855338e-01, 1.797693134862e+308, 6.8365e-01, 3.4599e-03, 
 2DIAGNOSTIC,     6, -5.671112699373e-01, 1.797693134862e+308, 6.8713e-01, 3.4831e-03, 
 2DIAGNOSTIC,     7, -6.035081162636e-01, 1.797693134862e+308, 6.9077e-01, 3.6428e-03, 
 2DIAGNOSTIC,     8, -6.891847461372e-01, 1.797693134862e+308, 6.9599e-01, 5.2202e-03, 
 2DIAGNOSTIC,     9, -7.368175988359e-01, 1.797693134862e+308, 7.0054e-01, 4.5471e-03, 
 2DIAGNOSTIC,    10, -7.479781342539e-01, 2.770018352077e-02, 7.0542e-01, 4.8780e-03, 
 2DIAGNOSTIC,    11, -7.673682858800e-01, 2.843402286912e-02, 7.1030e-01, 4.8821e-03, 
 2DIAGNOSTIC,    12, -8.086433652169e-01, 2.797018122156e-02, 7.1555e-01, 5.2459e-03, 
 2DIAGNOSTIC,    13, -8.141968127260e-01, 2.532225096633e-02, 7.1978e-01, 4.2350e-03, 
 2DIAGNOSTIC,    14, -8.312304268598e-01, 2.152113172567e-02, 7.2407e-01, 4.2901e-03, 
 2DIAGNOSTIC,    15, -8.400700757816e-01, 1.691338273872e-02, 7.2838e-01, 4.3061e-03, 
 2DIAGNOSTIC,    16, -8.544614376729e-01, 1.272094760739e-02, 7.3549e-01, 7.1080e-03, 
 2DIAGNOSTIC,    17, -8.551142826482e-01, 8.821759930323e-03, 7.4021e-01, 4.7200e-03, 
 2DIAGNOSTIC,    18, -8.551123847380e-01, 6.561624568382e-03, 7.4479e-01, 4.5860e-03, 
 2DIAGNOSTIC,    19, -8.549664555169e-01, 5.002550899518e-03, 7.4934e-01, 4.5459e-03, 
 2DIAGNOSTIC,    20, -8.549938990917e-01, 3.388057372037e-03, 7.5400e-01, 4.6599e-03, 
 2DIAGNOSTIC,    21, -8.547882865180e-01, 1.982078235574e-03, 7.5853e-01, 4.5300e-03, 
 2DIAGNOSTIC,    22, -8.547250623788e-01, 1.276903291827e-03, 7.6315e-01, 4.6232e-03, 
 2DIAGNOSTIC,    23, -8.547808561992e-01, 6.168306749841e-04, 7.6736e-01, 4.2040e-03, 
 2DIAGNOSTIC,    24, -8.548558578968e-01, 2.364601714341e-04, 7.7197e-01, 4.6122e-03, 
DIAGNOSTIC,Iteration,metricValue,convergenceValue,ITERATION_TIME_INDEX,SINCE_LAST
 2DIAGNOSTIC,     1, -7.160052839488e-01, 1.797693134862e+308, 1.4737e+00, 7.0171e-01, 
 2DIAGNOSTIC,     2, -7.170668314305e-01, 1.797693134862e+308, 1.5032e+00, 2.9509e-02, 
 2DIAGNOSTIC,     3, -7.180943797951e-01, 1.797693134862e+308, 1.5318e+00, 2.8564e-02, 
 2DIAGNOSTIC,     4, -7.187326673173e-01, 1.797693134862e+308, 1.5633e+00, 3.1517e-02, 
 2DIAGNOSTIC,     5, -7.187980222137e-01, 1.797693134862e+308, 1.5942e+00, 3.0925e-02, 
 2DIAGNOSTIC,     6, -7.188821133750e-01, 1.797693134862e+308, 1.6433e+00, 4.9073e-02, 
 2DIAGNOSTIC,     7, -7.188861656407e-01, 1.797693134862e+308, 1.6772e+00, 3.3957e-02, 
 2DIAGNOSTIC,     8, -7.188797665893e-01, 1.797693134862e+308, 1.7053e+00, 2.8038e-02, 
 2DIAGNOSTIC,     9, -7.188647978901e-01, 1.797693134862e+308, 1.7367e+00, 3.1390e-02, 
 2DIAGNOSTIC,    10, -7.188546266313e-01, 2.032721229204e-04, 1.7681e+00, 3.1412e-02, 
 2DIAGNOSTIC,    11, -7.188650968114e-01, 9.619132923039e-05, 1.7993e+00, 3.1192e-02, 
 2DIAGNOSTIC,    12, -7.188622123805e-01, 3.278946999348e-05, 1.8275e+00, 2.8268e-02, 
 2DIAGNOSTIC,    13, -7.188530634811e-01, 6.931513470518e-06, 1.8587e+00, 3.1179e-02, 
 2DIAGNOSTIC,    14, -7.188702298272e-01, 2.880376476014e-06, 1.8895e+00, 3.0746e-02, 
DIAGNOSTIC,Iteration,metricValue,convergenceValue,ITERATION_TIME_INDEX,SINCE_LAST
 2DIAGNOSTIC,     1, -5.943259286942e-01, 1.797693134862e+308, 2.8836e+00, 9.9419e-01, 
 2DIAGNOSTIC,     2, -5.946704910699e-01, 1.797693134862e+308, 3.1080e+00, 2.2431e-01, 
 2DIAGNOSTIC,     3, -5.949496044947e-01, 1.797693134862e+308, 3.3170e+00, 2.0906e-01, 
 2DIAGNOSTIC,     4, -5.952787447871e-01, 1.797693134862e+308, 3.5357e+00, 2.1868e-01, 
 2DIAGNOSTIC,     5, -5.957541358338e-01, 1.797693134862e+308, 3.7667e+00, 2.3099e-01, 
 2DIAGNOSTIC,     6, -5.964796917333e-01, 1.797693134862e+308, 4.0112e+00, 2.4450e-01, 
 2DIAGNOSTIC,     7, -5.971085485648e-01, 1.797693134862e+308, 4.3474e+00, 3.3622e-01, 
 2DIAGNOSTIC,     8, -5.971172866170e-01, 1.797693134862e+308, 4.5683e+00, 2.2087e-01, 
 2DIAGNOSTIC,     9, -5.971568418564e-01, 1.797693134862e+308, 4.7700e+00, 2.0178e-01, 
 2DIAGNOSTIC,    10, -5.971960839944e-01, 3.626530322886e-04, 4.9813e+00, 2.1122e-01, 
 2DIAGNOSTIC,    11, -5.972519176894e-01, 2.890804296886e-04, 5.1885e+00, 2.0722e-01, 
 2DIAGNOSTIC,    12, -5.972985228158e-01, 2.172701637620e-04, 5.5658e+00, 3.7726e-01, 
 2DIAGNOSTIC,    13, -5.972964650266e-01, 1.475085515331e-04, 5.8409e+00, 2.7519e-01, 
 2DIAGNOSTIC,    14, -5.972965411615e-01, 8.596736660768e-05, 6.1358e+00, 2.9484e-01, 
 2DIAGNOSTIC,    15, -5.972944977338e-01, 3.961624112726e-05, 6.4247e+00, 2.8891e-01, 
 2DIAGNOSTIC,    16, -5.972947372025e-01, 1.669135573408e-05, 6.6590e+00, 2.3432e-01, 
 2DIAGNOSTIC,    17, -5.972926473730e-01, 1.267505123070e-05, 6.9282e+00, 2.6920e-01, 
 2DIAGNOSTIC,    18, -5.972916555363e-01, 8.316426647587e-06, 7.1572e+00, 2.2902e-01, 
 2DIAGNOSTIC,    19, -5.972920772333e-01, 4.821032177679e-06, 7.3933e+00, 2.3609e-01, 
 2DIAGNOSTIC,    20, -5.972926668173e-01, 2.305870822304e-06, 7.6320e+00, 2.3870e-01, 
 2DIAGNOSTIC,    21, -5.972907056187e-01, 1.154728730281e-06, 7.8922e+00, 2.6016e-01, 
 2DIAGNOSTIC,    22, -5.972909449250e-01, 1.159196020922e-06, 8.1150e+00, 2.2286e-01, 
 2DIAGNOSTIC,    23, -5.972899841559e-01, 1.127294451134e-06, 8.3269e+00, 2.1187e-01, 
 2DIAGNOSTIC,    24, -5.972892130413e-01, 1.108758091957e-06, 8.5293e+00, 2.0238e-01, 
 2DIAGNOSTIC,    25, -5.972899933836e-01, 1.087375346459e-06, 8.7633e+00, 2.3406e-01, 
 2DIAGNOSTIC,    26, -5.972906563849e-01, 1.102360439431e-06, 9.0592e+00, 2.9588e-01, 
 2DIAGNOSTIC,    27, -5.972900539157e-01, 1.080744851861e-06, 9.3297e+00, 2.7051e-01, 
 2DIAGNOSTIC,    28, -5.972894396751e-01, 1.042961529987e-06, 9.5403e+00, 2.1060e-01, 
 2DIAGNOSTIC,    29, -5.972892436205e-01, 1.020336106244e-06, 9.7524e+00, 2.1211e-01, 
 2DIAGNOSTIC,    30, -5.972909876679e-01, 1.043878200144e-06, 1.0067e+01, 3.1500e-01, 
 2DIAGNOSTIC,    31, -5.972914526225e-01, 1.042932406624e-06, 1.0290e+01, 2.2250e-01, 
 2DIAGNOSTIC,    32, -5.972884970063e-01, 1.000781600612e-06, 1.0551e+01, 2.6090e-01, 
DIAGNOSTIC,Iteration,metricValue,convergenceValue,ITERATION_TIME_INDEX,SINCE_LAST
 2DIAGNOSTIC,     1, -5.295929860977e-01, 1.797693134862e+308, 1.3139e+01, 2.5880e+00, 
 2DIAGNOSTIC,     2, -5.298913871261e-01, 1.797693134862e+308, 1.4688e+01, 1.5491e+00, 
 2DIAGNOSTIC,     3, -5.301429609638e-01, 1.797693134862e+308, 1.6369e+01, 1.6811e+00, 
 2DIAGNOSTIC,     4, -5.304483157122e-01, 1.797693134862e+308, 1.7937e+01, 1.5676e+00, 
 2DIAGNOSTIC,     5, -5.306576224737e-01, 1.797693134862e+308, 1.9606e+01, 1.6695e+00, 
 2DIAGNOSTIC,     6, -5.308683275580e-01, 1.797693134862e+308, 2.2675e+01, 3.0687e+00, 
 2DIAGNOSTIC,     7, -5.308667676865e-01, 1.797693134862e+308, 2.4860e+01, 2.1852e+00, 
 2DIAGNOSTIC,     8, -5.308666413421e-01, 1.797693134862e+308, 2.6557e+01, 1.6967e+00, 
 2DIAGNOSTIC,     9, -5.308668800831e-01, 1.797693134862e+308, 2.8249e+01, 1.6929e+00, 
 2DIAGNOSTIC,    10, -5.308659499831e-01, 1.565858483477e-04, 3.0274e+01, 2.0245e+00, 
 2DIAGNOSTIC,    11, -5.308660725080e-01, 1.001702179290e-04, 3.2117e+01, 1.8427e+00, 
 2DIAGNOSTIC,    12, -5.308656323769e-01, 5.770157446687e-05, 3.3774e+01, 1.6571e+00, 
 2DIAGNOSTIC,    13, -5.308655057782e-01, 2.704532961093e-05, 3.5757e+01, 1.9834e+00, 
 2DIAGNOSTIC,    14, -5.308653064589e-01, 1.007823779496e-05, 3.7448e+01, 1.6906e+00, 
 2DIAGNOSTIC,    15, -5.308651070607e-01, 1.912500459028e-06, 3.9047e+01, 1.5990e+00, 
 2DIAGNOSTIC,    16, -5.308650787138e-01, 1.841188942975e-06, 4.0783e+01, 1.7364e+00, 
 2DIAGNOSTIC,    17, -5.308652227423e-01, 1.747076367756e-06, 4.2336e+01, 1.5526e+00, 
 2DIAGNOSTIC,    18, -5.308649461965e-01, 1.662397662951e-06, 4.3895e+01, 1.5596e+00, 
 2DIAGNOSTIC,    19, -5.308648333714e-01, 1.600939005378e-06, 4.5962e+01, 2.0664e+00, 
 2DIAGNOSTIC,    20, -5.308648393843e-01, 1.527628367297e-06, 4.7792e+01, 1.8302e+00, 
 2DIAGNOSTIC,    21, -5.308649267503e-01, 1.472624506033e-06, 4.9362e+01, 1.5699e+00, 
 2DIAGNOSTIC,    22, -5.308645549699e-01, 1.406654006622e-06, 5.0943e+01, 1.5809e+00, 
 2DIAGNOSTIC,    23, -5.308648040603e-01, 1.353433949539e-06, 5.2717e+01, 1.7747e+00, 
 2DIAGNOSTIC,    24, -5.308652885348e-01, 1.313836111343e-06, 5.4463e+01, 1.7459e+00, 
 2DIAGNOSTIC,    25, -5.308651278319e-01, 1.270411170637e-06, 5.6292e+01, 1.8290e+00, 
 2DIAGNOSTIC,    26, -5.308650354104e-01, 1.228164039288e-06, 5.8097e+01, 1.8044e+00, 
 2DIAGNOSTIC,    27, -5.308649966476e-01, 1.191123761991e-06, 5.9695e+01, 1.5979e+00, 
 2DIAGNOSTIC,    28, -5.308646295311e-01, 1.143175576167e-06, 6.1406e+01, 1.7114e+00, 
 2DIAGNOSTIC,    29, -5.308645976196e-01, 1.095121705257e-06, 6.2867e+01, 1.4611e+00, 
 2DIAGNOSTIC,    30, -5.308645029893e-01, 1.048778003006e-06, 6.4736e+01, 1.8692e+00, 
 2DIAGNOSTIC,    31, -5.308645777555e-01, 1.009690735909e-06, 6.6603e+01, 1.8664e+00, 
  Elapsed time (stage 0): 6.7589e+01


Total elapsed time: 6.7592e+01
Info [verificarlo]: loaded backend libinterflop_ieee.so
Info [interflop-ieee]: load backend with:
Info [interflop-ieee]: debug = false
Info [interflop-ieee]: debug-binary = false
Info [interflop-ieee]: no-backend-name = false
Info [interflop-ieee]: print-new-line = false
Info [interflop-ieee]: print-subnormal-normalized = false
Info [interflop-ieee]: count-op = false
All_Command_lines_OK
Using double precision for computations.
=============================================================================
The composite transform comprises the following transforms (in order): 
  1. /home/mdugre/scratch/mri-registration-rp/datasets/ds004513/derivatives/mri-registration-rp/0100/antsRegistration-r8-p7/sub-s020/affine_Composite.h5[0] (type = Euler3DTransform)
  2. /home/mdugre/scratch/mri-registration-rp/datasets/ds004513/derivatives/mri-registration-rp/0100/antsRegistration-r8-p7/sub-s020/affine_Composite.h5[1] (type = Euler3DTransform)
  3. /home/mdugre/scratch/mri-registration-rp/datasets/ds004513/derivatives/mri-registration-rp/0100/antsRegistration-r8-p7/sub-s020/affine_Composite.h5[2] (type = Euler3DTransform)
  4. /home/mdugre/scratch/mri-registration-rp/datasets/ds004513/derivatives/mri-registration-rp/0100/antsRegistration-r8-p7/sub-s020/affine_Composite.h5[3] (type = AffineTransform)
=============================================================================
  number of levels = 4
  fixed image: /templateflow/tpl-MNI152NLin2009cAsym/tpl-MNI152NLin2009cAsym_res-01_desc-brain_T1w.nii.gz
  moving image: /home/mdugre/scratch/mri-registration-rp/datasets/ds004513/derivatives/mri-registration-rp/antsBrainExtraction/sub-s020/BrainExtractionBrain.nii.gz
Dimension = 3
Number of stages = 1
Use histogram matching = false
Winsorize image intensities = true
  Lower quantile = 0.005
  Upper quantile = 0.995


Stage 1 State
   Image metric = CC
     Fixed image = Image (0x45f8a40)
  RTTI typeinfo:   itk::Image<double, 3u>
  Reference Count: 2
  Modified Time: 1608
  Debug: Off
  Object Name: 
  Observers: 
    none
  Source: (none)
  Source output name: (none)
  Release Data: Off
  Data Released: False
  Global Release Data: Off
  PipelineMTime: 0
  UpdateMTime: 1217
  RealTimeStamp: 0 seconds 
  LargestPossibleRegion: 
    Dimension: 3
    Index: [0, 0, 0]
    Size: [193, 229, 193]
  BufferedRegion: 
    Dimension: 3
    Index: [0, 0, 0]
    Size: [193, 229, 193]
  RequestedRegion: 
    Dimension: 3
    Index: [0, 0, 0]
    Size: [193, 229, 193]
  Spacing: [1, 1, 1]
  Origin: [96, 132, -78]
  Direction: 
-1 0 0
0 -1 0
0 0 1

  IndexToPointMatrix: 
-1 0 0
0 -1 0
0 0 1

  PointToIndexMatrix: 
-1 0 0
0 -1 0
0 0 1

  Inverse Direction: 
-1 0 0
0 -1 0
0 0 1

  PixelContainer: 
    ImportImageContainer (0x46c7780)
      RTTI typeinfo:   itk::ImportImageContainer<unsigned long, double>
      Reference Count: 1
      Modified Time: 1214
      Debug: Off
      Object Name: 
      Observers: 
        none
      Pointer: 0x15297b336010
      Container manages memory: true
      Size: 8530021
      Capacity: 8530021

     Moving image = Image (0x46c9390)
  RTTI typeinfo:   itk::Image<double, 3u>
  Reference Count: 2
  Modified Time: 1609
  Debug: Off
  Object Name: 
  Observers: 
    none
  Source: (none)
  Source output name: (none)
  Release Data: Off
  Data Released: False
  Global Release Data: Off
  PipelineMTime: 0
  UpdateMTime: 1606
  RealTimeStamp: 0 seconds 
  LargestPossibleRegion: 
    Dimension: 3
    Index: [0, 0, 0]
    Size: [160, 240, 256]
  BufferedRegion: 
    Dimension: 3
    Index: [0, 0, 0]
    Size: [160, 240, 256]
  RequestedRegion: 
    Dimension: 3
    Index: [0, 0, 0]
    Size: [160, 240, 256]
  Spacing: [0.999995, 1, 1]
  Origin: [87.0906, 98.7205, -152.377]
  Direction: 
-0.996975 0.0261379 -0.0731913
-0.0260677 -0.999658 -0.00191374
-0.0732163 -2.46403e-08 0.997316

  IndexToPointMatrix: 
-0.996971 0.0261379 -0.0731913
-0.0260676 -0.999658 -0.00191374
-0.0732159 -2.46403e-08 0.997316

  PointToIndexMatrix: 
-0.99698 -0.0260679 -0.0732166
0.0261379 -0.999658 -2.46993e-08
-0.0731913 -0.00191374 0.997316

  Inverse Direction: 
-0.996975 -0.0260677 -0.0732163
0.0261379 -0.999658 -2.46993e-08
-0.0731913 -0.00191374 0.997316

  PixelContainer: 
    ImportImageContainer (0x467e6f0)
      RTTI typeinfo:   itk::ImportImageContainer<unsigned long, double>
      Reference Count: 1
      Modified Time: 1603
      Debug: Off
      Object Name: 
      Observers: 
        none
      Pointer: 0x152976835010
      Container manages memory: true
      Size: 9830400
      Capacity: 9830400

     Weighting = 1
     Sampling strategy = none
     Number of bins = 32
     Radius = 4
     Sampling percentage  = 1
   Transform = SyN
     Gradient step = 0.1
     Update field sigma (voxel space) = 3
     Total field sigma (voxel space) = 0
     Update field time sigma = 0
     Total field time sigma  = 0
     Number of time indices = 0
     Number of time point samples = 0
Registration using 1 total stages.

Stage 0
  iterations = 100x70x50x20
  convergence threshold = 1e-06
  convergence window size = 10
  number of levels = 4
  using the CC metric (radius = 4, weight = 1, use gradient filter = 0)
  preprocessing:  winsorizing the image intensities
  Shrink factors (level 1 out of 4): [8, 8, 8]
  Shrink factors (level 2 out of 4): [4, 4, 4]
  Shrink factors (level 3 out of 4): [2, 2, 2]
  Shrink factors (level 4 out of 4): [1, 1, 1]
  smoothing sigmas per level: [3, 2, 1, 0]
  Using default NONE metricSamplingStrategy 

*** Running SyN registration (varianceForUpdateField = 3, varianceForTotalField = 0) ***

XXDIAGNOSTIC,Iteration,metricValue,convergenceValue,ITERATION_TIME_INDEX,SINCE_LAST
 1DIAGNOSTIC,     1, -9.055835495199e-01, 1.797693134862e+308, 8.8811e-01, 8.8811e-01, 
 1DIAGNOSTIC,     2, -9.129133810553e-01, 1.797693134862e+308, 1.1447e+00, 2.5663e-01, 
 1DIAGNOSTIC,     3, -9.181820388073e-01, 1.797693134862e+308, 1.3984e+00, 2.5367e-01, 
 1DIAGNOSTIC,     4, -9.216737030571e-01, 1.797693134862e+308, 1.6577e+00, 2.5928e-01, 
 1DIAGNOSTIC,     5, -9.241918500688e-01, 1.797693134862e+308, 1.9166e+00, 2.5893e-01, 
 1DIAGNOSTIC,     6, -9.258701546384e-01, 1.797693134862e+308, 2.1761e+00, 2.5944e-01, 
 1DIAGNOSTIC,     7, -9.271732915227e-01, 1.797693134862e+308, 2.4294e+00, 2.5335e-01, 
 1DIAGNOSTIC,     8, -9.281713673817e-01, 1.797693134862e+308, 2.6889e+00, 2.5944e-01, 
 1DIAGNOSTIC,     9, -9.290028895776e-01, 1.797693134862e+308, 2.9380e+00, 2.4912e-01, 
 1DIAGNOSTIC,    10, -9.297099963589e-01, 1.483658812419e-03, 3.1935e+00, 2.5554e-01, 
 1DIAGNOSTIC,    11, -9.302749821417e-01, 9.729134528483e-04, 3.4505e+00, 2.5694e-01, 
 1DIAGNOSTIC,    12, -9.307763715573e-01, 6.593714728056e-04, 3.7032e+00, 2.5277e-01, 
 1DIAGNOSTIC,    13, -9.312245938895e-01, 4.688759882437e-04, 3.9615e+00, 2.5830e-01, 
 1DIAGNOSTIC,    14, -9.316302875396e-01, 3.479249558269e-04, 4.2184e+00, 2.5687e-01, 
 1DIAGNOSTIC,    15, -9.320034381593e-01, 2.702355763732e-04, 4.4683e+00, 2.4987e-01, 
 1DIAGNOSTIC,    16, -9.323536435490e-01, 2.162046645346e-04, 4.7231e+00, 2.5477e-01, 
 1DIAGNOSTIC,    17, -9.326857398717e-01, 1.780496164344e-04, 4.9878e+00, 2.6471e-01, 
 1DIAGNOSTIC,    18, -9.329979250292e-01, 1.499449137206e-04, 5.2417e+00, 2.5398e-01, 
