
##########################
# Experiment information #
##########################

EXPERIMENT_NAME: antsRegistration-r8-p15
VFC_BACKENDS: libinterflop_vprec.so --range-binary32=8 --precision-binary32=15 --range-binary64=8 --precision-binary64=15

SIF_IMG: /home/mdugre/projects/rrg-glatard/mdugre/containers/ants-vprec-no_metrics.simg

SUBJECT_ID: s032
INPUT_IMG: /home/mdugre/scratch/mri-registration-rp/datasets/ds004513/derivatives/mri-registration-rp/antsBrainExtraction/sub-s032/BrainExtractionBrain.nii.gz
OUTPUT_DIR: /home/mdugre/scratch/mri-registration-rp/datasets/ds004513/derivatives/mri-registration-rp/0001/antsRegistration-r8-p15/sub-s032

FIXED_IMG: /templateflow/tpl-MNI152NLin2009cAsym/tpl-MNI152NLin2009cAsym_res-01_desc-brain_T1w.nii.gz
DATA_DIR: /home/mdugre/scratch/mri-registration-rp/datasets/ds004513
TEMPLATEFLOW_DIR: /home/mdugre/projects/rrg-glatard/mdugre/templateflow
ITK_GLOBAL_DEFAULT_NUMBER_OF_THREADS: 16
##########################

Info [verificarlo]: loaded backend libinterflop_ieee.so
Info [interflop-ieee]: load backend with:
Info [interflop-ieee]: debug = false
Info [interflop-ieee]: debug-binary = false
Info [interflop-ieee]: no-backend-name = false
Info [interflop-ieee]: print-new-line = false
Info [interflop-ieee]: print-subnormal-normalized = false
Info [interflop-ieee]: count-op = false
All_Command_lines_OK
Using double precision for computations.
=============================================================================
The composite transform comprises the following transforms (in order): 
  1. Center of mass alignment using fixed image: /templateflow/tpl-MNI152NLin2009cAsym/tpl-MNI152NLin2009cAsym_res-01_desc-brain_T1w.nii.gz and moving image: /home/mdugre/scratch/mri-registration-rp/datasets/ds004513/derivatives/mri-registration-rp/antsBrainExtraction/sub-s032/BrainExtractionBrain.nii.gz (type = Euler3DTransform)
=============================================================================
  number of levels = 1
  fixed image: /templateflow/tpl-MNI152NLin2009cAsym/tpl-MNI152NLin2009cAsym_res-01_desc-brain_T1w.nii.gz
  moving image: /home/mdugre/scratch/mri-registration-rp/datasets/ds004513/derivatives/mri-registration-rp/antsBrainExtraction/sub-s032/BrainExtractionBrain.nii.gz
Dimension = 3
Number of stages = 1
Use histogram matching = false
Winsorize image intensities = true
  Lower quantile = 0.005
  Upper quantile = 0.995


Stage 1 State
   Image metric = MattesMI
     Fixed image = Image (0x47d0e70)
  RTTI typeinfo:   itk::Image<double, 3u>
  Reference Count: 2
  Modified Time: 2330
  Debug: Off
  Object Name: 
  Observers: 
    none
  Source: (none)
  Source output name: (none)
  Release Data: Off
  Data Released: False
  Global Release Data: Off
  PipelineMTime: 0
  UpdateMTime: 1941
  RealTimeStamp: 0 seconds 
  LargestPossibleRegion: 
    Dimension: 3
    Index: [0, 0, 0]
    Size: [193, 229, 193]
  BufferedRegion: 
    Dimension: 3
    Index: [0, 0, 0]
    Size: [193, 229, 193]
  RequestedRegion: 
    Dimension: 3
    Index: [0, 0, 0]
    Size: [193, 229, 193]
  Spacing: [1, 1, 1]
  Origin: [96, 132, -78]
  Direction: 
-1 0 0
0 -1 0
0 0 1

  IndexToPointMatrix: 
-1 0 0
0 -1 0
0 0 1

  PointToIndexMatrix: 
-1 0 0
0 -1 0
0 0 1

  Inverse Direction: 
-1 0 0
0 -1 0
0 0 1

  PixelContainer: 
    ImportImageContainer (0x47d9c60)
      RTTI typeinfo:   itk::ImportImageContainer<unsigned long, double>
      Reference Count: 1
      Modified Time: 1938
      Debug: Off
      Object Name: 
      Observers: 
        none
      Pointer: 0x14e644a85010
      Container manages memory: true
      Size: 8530021
      Capacity: 8530021

     Moving image = Image (0x486dec0)
  RTTI typeinfo:   itk::Image<double, 3u>
  Reference Count: 2
  Modified Time: 2331
  Debug: Off
  Object Name: 
  Observers: 
    none
  Source: (none)
  Source output name: (none)
  Release Data: Off
  Data Released: False
  Global Release Data: Off
  PipelineMTime: 0
  UpdateMTime: 2328
  RealTimeStamp: 0 seconds 
  LargestPossibleRegion: 
    Dimension: 3
    Index: [0, 0, 0]
    Size: [160, 240, 256]
  BufferedRegion: 
    Dimension: 3
    Index: [0, 0, 0]
    Size: [160, 240, 256]
  RequestedRegion: 
    Dimension: 3
    Index: [0, 0, 0]
    Size: [160, 240, 256]
  Spacing: [1, 1, 1]
  Origin: [73.279, 104.707, -131.187]
  Direction: 
-0.997527 0.0645574 -0.0278053
-0.0645323 -0.997914 -0.00179875
-0.0278634 4.01097e-08 0.999612

  IndexToPointMatrix: 
-0.997527 0.0645574 -0.0278053
-0.0645323 -0.997914 -0.00179875
-0.0278634 4.01097e-08 0.999612

  PointToIndexMatrix: 
-0.997527 -0.0645323 -0.0278634
0.0645574 -0.997914 4.01049e-08
-0.0278053 -0.00179875 0.999612

  Inverse Direction: 
-0.997527 -0.0645323 -0.0278634
0.0645574 -0.997914 4.01049e-08
-0.0278053 -0.00179875 0.999612

  PixelContainer: 
    ImportImageContainer (0x4905610)
      RTTI typeinfo:   itk::ImportImageContainer<unsigned long, double>
      Reference Count: 1
      Modified Time: 2325
      Debug: Off
      Object Name: 
      Observers: 
        none
      Pointer: 0x14e63ff84010
      Container manages memory: true
      Size: 9830400
      Capacity: 9830400

     Weighting = 1
     Sampling strategy = regular
     Number of bins = 32
     Radius = 4
     Sampling percentage  = 0.25
   Transform = Rigid
     Gradient step = 0.1
     Update field sigma (voxel space) = 0
     Total field sigma (voxel space) = 0
     Update field time sigma = 0
     Total field time sigma  = 0
     Number of time indices = 0
     Number of time point samples = 0
Registration using 1 total stages.

Stage 0
  iterations = 0
  convergence threshold = 1e-06
  convergence window size = 10
  number of levels = 1
  using the Mattes MI metric (number of bins = 32, weight = 1, use gradient filter = 0)
  preprocessing:  winsorizing the image intensities
  Shrink factors (level 1 out of 1): [1, 1, 1]
  smoothing sigmas per level: [0]
  regular sampling (percentage = 0.25)

*** Running Euler3DTransform registration ***

  Elapsed time (stage 0): 1.18299


Total elapsed time: 1.18543
Info [verificarlo]: loaded backend libinterflop_ieee.so
Info [interflop-ieee]: load backend with:
Info [interflop-ieee]: debug = false
Info [interflop-ieee]: debug-binary = false
Info [interflop-ieee]: no-backend-name = false
Info [interflop-ieee]: print-new-line = false
Info [interflop-ieee]: print-subnormal-normalized = false
Info [interflop-ieee]: count-op = false
All_Command_lines_OK
Using double precision for computations.
=============================================================================
The composite transform comprises the following transforms (in order): 
  1. /home/mdugre/scratch/mri-registration-rp/datasets/ds004513/derivatives/mri-registration-rp/0001/antsRegistration-r8-p15/sub-s032/align_Composite.h5[0] (type = Euler3DTransform)
  2. /home/mdugre/scratch/mri-registration-rp/datasets/ds004513/derivatives/mri-registration-rp/0001/antsRegistration-r8-p15/sub-s032/align_Composite.h5[1] (type = Euler3DTransform)
=============================================================================
  number of levels = 4
  fixed image: /templateflow/tpl-MNI152NLin2009cAsym/tpl-MNI152NLin2009cAsym_res-01_desc-brain_T1w.nii.gz
  moving image: /home/mdugre/scratch/mri-registration-rp/datasets/ds004513/derivatives/mri-registration-rp/antsBrainExtraction/sub-s032/BrainExtractionBrain.nii.gz
Dimension = 3
Number of stages = 1
Use histogram matching = false
Winsorize image intensities = true
  Lower quantile = 0.005
  Upper quantile = 0.995


Stage 1 State
   Image metric = MattesMI
     Fixed image = Image (0x381f530)
  RTTI typeinfo:   itk::Image<double, 3u>
  Reference Count: 2
  Modified Time: 1578
  Debug: Off
  Object Name: 
  Observers: 
    none
  Source: (none)
  Source output name: (none)
  Release Data: Off
  Data Released: False
  Global Release Data: Off
  PipelineMTime: 0
  UpdateMTime: 1189
  RealTimeStamp: 0 seconds 
  LargestPossibleRegion: 
    Dimension: 3
    Index: [0, 0, 0]
    Size: [193, 229, 193]
  BufferedRegion: 
    Dimension: 3
    Index: [0, 0, 0]
    Size: [193, 229, 193]
  RequestedRegion: 
    Dimension: 3
    Index: [0, 0, 0]
    Size: [193, 229, 193]
  Spacing: [1, 1, 1]
  Origin: [96, 132, -78]
  Direction: 
-1 0 0
0 -1 0
0 0 1

  IndexToPointMatrix: 
-1 0 0
0 -1 0
0 0 1

  PointToIndexMatrix: 
-1 0 0
0 -1 0
0 0 1

  Inverse Direction: 
-1 0 0
0 -1 0
0 0 1

  PixelContainer: 
    ImportImageContainer (0x38ddd60)
      RTTI typeinfo:   itk::ImportImageContainer<unsigned long, double>
      Reference Count: 1
      Modified Time: 1186
      Debug: Off
      Object Name: 
      Observers: 
        none
      Pointer: 0x147222607010
      Container manages memory: true
      Size: 8530021
      Capacity: 8530021

     Moving image = Image (0x38cff60)
  RTTI typeinfo:   itk::Image<double, 3u>
  Reference Count: 2
  Modified Time: 1579
  Debug: Off
  Object Name: 
  Observers: 
    none
  Source: (none)
  Source output name: (none)
  Release Data: Off
  Data Released: False
  Global Release Data: Off
  PipelineMTime: 0
  UpdateMTime: 1576
  RealTimeStamp: 0 seconds 
  LargestPossibleRegion: 
    Dimension: 3
    Index: [0, 0, 0]
    Size: [160, 240, 256]
  BufferedRegion: 
    Dimension: 3
    Index: [0, 0, 0]
    Size: [160, 240, 256]
  RequestedRegion: 
    Dimension: 3
    Index: [0, 0, 0]
    Size: [160, 240, 256]
  Spacing: [1, 1, 1]
  Origin: [73.279, 104.707, -131.187]
  Direction: 
-0.997527 0.0645574 -0.0278053
-0.0645323 -0.997914 -0.00179875
-0.0278634 4.01097e-08 0.999612

  IndexToPointMatrix: 
-0.997527 0.0645574 -0.0278053
-0.0645323 -0.997914 -0.00179875
-0.0278634 4.01097e-08 0.999612

  PointToIndexMatrix: 
-0.997527 -0.0645323 -0.0278634
0.0645574 -0.997914 4.01049e-08
-0.0278053 -0.00179875 0.999612

  Inverse Direction: 
-0.997527 -0.0645323 -0.0278634
0.0645574 -0.997914 4.01049e-08
-0.0278053 -0.00179875 0.999612

  PixelContainer: 
    ImportImageContainer (0x38c16d0)
      RTTI typeinfo:   itk::ImportImageContainer<unsigned long, double>
      Reference Count: 1
      Modified Time: 1573
      Debug: Off
      Object Name: 
      Observers: 
        none
      Pointer: 0x14721db06010
      Container manages memory: true
      Size: 9830400
      Capacity: 9830400

     Weighting = 1
     Sampling strategy = regular
     Number of bins = 32
     Radius = 4
     Sampling percentage  = 0.25
   Transform = Rigid
     Gradient step = 0.1
     Update field sigma (voxel space) = 0
     Total field sigma (voxel space) = 0
     Update field time sigma = 0
     Total field time sigma  = 0
     Number of time indices = 0
     Number of time point samples = 0
Registration using 1 total stages.

Stage 0
  iterations = 1000x500x250x100
  convergence threshold = 1e-06
  convergence window size = 10
  number of levels = 4
  using the Mattes MI metric (number of bins = 32, weight = 1, use gradient filter = 0)
  preprocessing:  winsorizing the image intensities
  Shrink factors (level 1 out of 4): [8, 8, 8]
  Shrink factors (level 2 out of 4): [4, 4, 4]
  Shrink factors (level 3 out of 4): [2, 2, 2]
  Shrink factors (level 4 out of 4): [1, 1, 1]
  smoothing sigmas per level: [3, 2, 1, 0]
  regular sampling (percentage = 0.25)

*** Running Euler3DTransform registration ***

DIAGNOSTIC,Iteration,metricValue,convergenceValue,ITERATION_TIME_INDEX,SINCE_LAST
 2DIAGNOSTIC,     1, -5.480496989617e-01, 1.797693134862e+308, 8.4564e-01, 8.4564e-01, 
 2DIAGNOSTIC,     2, -5.506811078454e-01, 1.797693134862e+308, 8.5078e-01, 5.1389e-03, 
 2DIAGNOSTIC,     3, -5.546514955662e-01, 1.797693134862e+308, 8.5565e-01, 4.8721e-03, 
 2DIAGNOSTIC,     4, -5.606863537750e-01, 1.797693134862e+308, 8.6116e-01, 5.5120e-03, 
 2DIAGNOSTIC,     5, -5.693661845193e-01, 1.797693134862e+308, 8.6733e-01, 6.1741e-03, 
 2DIAGNOSTIC,     6, -5.854078830086e-01, 1.797693134862e+308, 8.7327e-01, 5.9350e-03, 
 2DIAGNOSTIC,     7, -6.232769732918e-01, 1.797693134862e+308, 8.7833e-01, 5.0600e-03, 
 2DIAGNOSTIC,     8, -6.297683730473e-01, 1.797693134862e+308, 8.8394e-01, 5.6150e-03, 
 2DIAGNOSTIC,     9, -6.366738733405e-01, 1.797693134862e+308, 8.9264e-01, 8.7011e-03, 
 2DIAGNOSTIC,    10, -6.375630690827e-01, 1.201760866083e-02, 8.9783e-01, 5.1861e-03, 
 2DIAGNOSTIC,    11, -6.405337628679e-01, 1.087684809450e-02, 9.0287e-01, 5.0371e-03, 
 2DIAGNOSTIC,    12, -6.435528997438e-01, 9.167753354490e-03, 9.0858e-01, 5.7139e-03, 
 2DIAGNOSTIC,    13, -6.444720921444e-01, 7.089498731847e-03, 9.1349e-01, 4.9050e-03, 
 2DIAGNOSTIC,    14, -6.463616611293e-01, 4.967892496988e-03, 9.1899e-01, 5.5001e-03, 
 2DIAGNOSTIC,    15, -6.484646963404e-01, 3.033020789043e-03, 9.2815e-01, 9.1610e-03, 
 2DIAGNOSTIC,    16, -6.486009987994e-01, 1.520386367320e-03, 9.3316e-01, 5.0080e-03, 
 2DIAGNOSTIC,    17, -6.493699344760e-01, 1.108203205204e-03, 9.3808e-01, 4.9219e-03, 
 2DIAGNOSTIC,    18, -6.514578195065e-01, 8.586162135987e-04, 9.4294e-01, 4.8590e-03, 
 2DIAGNOSTIC,    19, -6.526592717406e-01, 7.533650369805e-04, 9.4795e-01, 5.0101e-03, 
 2DIAGNOSTIC,    20, -6.536191777189e-01, 6.303067369293e-04, 9.5289e-01, 4.9419e-03, 
 2DIAGNOSTIC,    21, -6.549162298979e-01, 5.534292205380e-04, 9.5779e-01, 4.8990e-03, 
 2DIAGNOSTIC,    22, -6.562385790832e-01, 5.226986103232e-04, 9.6389e-01, 6.1030e-03, 
 2DIAGNOSTIC,    23, -6.565000058113e-01, 4.680180012235e-04, 9.6931e-01, 5.4209e-03, 
 2DIAGNOSTIC,    24, -6.565387353854e-01, 4.101063704204e-04, 9.7486e-01, 5.5492e-03, 
 2DIAGNOSTIC,    25, -6.567702146893e-01, 3.618032093028e-04, 9.8044e-01, 5.5840e-03, 
 2DIAGNOSTIC,    26, -6.583507212369e-01, 3.132611037342e-04, 9.8541e-01, 4.9641e-03, 
 2DIAGNOSTIC,    27, -6.586527568469e-01, 2.554116018358e-04, 9.9034e-01, 4.9281e-03, 
 2DIAGNOSTIC,    28, -6.593310437738e-01, 2.225767143847e-04, 9.9680e-01, 6.4678e-03, 
 2DIAGNOSTIC,    29, -6.595734041655e-01, 1.939316665342e-04, 1.0023e+00, 5.4860e-03, 
 2DIAGNOSTIC,    30, -6.595955819569e-01, 1.634946778531e-04, 1.0077e+00, 5.4121e-03, 
 2DIAGNOSTIC,    31, -6.596949967568e-01, 1.392755860925e-04, 1.0127e+00, 4.9672e-03, 
 2DIAGNOSTIC,    32, -6.597157295313e-01, 1.221677497606e-04, 1.0181e+00, 5.4641e-03, 
 2DIAGNOSTIC,    33, -6.597001423846e-01, 9.820426862998e-05, 1.0258e+00, 7.6511e-03, 
 2DIAGNOSTIC,    34, -6.595254449704e-01, 6.486903007211e-05, 1.0305e+00, 4.7400e-03, 
 2DIAGNOSTIC,    35, -6.595295822811e-01, 3.010817890445e-05, 1.0353e+00, 4.7460e-03, 
 2DIAGNOSTIC,    36, -6.595351297937e-01, 1.424396566432e-05, 1.0402e+00, 4.8871e-03, 
 2DIAGNOSTIC,    37, -6.595409535782e-01, 1.474135174196e-06, 1.0450e+00, 4.8010e-03, 
DIAGNOSTIC,Iteration,metricValue,convergenceValue,ITERATION_TIME_INDEX,SINCE_LAST
 2DIAGNOSTIC,     1, -5.183739626511e-01, 1.797693134862e+308, 1.8660e+00, 8.2101e-01, 
 2DIAGNOSTIC,     2, -5.189226238268e-01, 1.797693134862e+308, 1.8984e+00, 3.2467e-02, 
 2DIAGNOSTIC,     3, -5.196899327331e-01, 1.797693134862e+308, 1.9299e+00, 3.1457e-02, 
 2DIAGNOSTIC,     4, -5.204463662982e-01, 1.797693134862e+308, 1.9608e+00, 3.0929e-02, 
 2DIAGNOSTIC,     5, -5.209979485276e-01, 1.797693134862e+308, 1.9929e+00, 3.2029e-02, 
 2DIAGNOSTIC,     6, -5.216357744160e-01, 1.797693134862e+308, 2.0209e+00, 2.7999e-02, 
 2DIAGNOSTIC,     7, -5.233753714810e-01, 1.797693134862e+308, 2.0495e+00, 2.8657e-02, 
 2DIAGNOSTIC,     8, -5.241119131301e-01, 1.797693134862e+308, 2.0847e+00, 3.5171e-02, 
 2DIAGNOSTIC,     9, -5.247293428659e-01, 1.797693134862e+308, 2.1204e+00, 3.5723e-02, 
 2DIAGNOSTIC,    10, -5.250028240813e-01, 8.899807883557e-04, 2.1524e+00, 3.1953e-02, 
 2DIAGNOSTIC,    11, -5.254483050591e-01, 7.905532133415e-04, 2.1842e+00, 3.1865e-02, 
 2DIAGNOSTIC,    12, -5.277635691584e-01, 7.650652139909e-04, 2.2212e+00, 3.6981e-02, 
 2DIAGNOSTIC,    13, -5.283161391277e-01, 7.264279702575e-04, 2.2532e+00, 3.1978e-02, 
 2DIAGNOSTIC,    14, -5.288222939952e-01, 6.775650321805e-04, 2.2850e+00, 3.1854e-02, 
 2DIAGNOSTIC,    15, -5.289976643549e-01, 6.012605416386e-04, 2.3182e+00, 3.3179e-02, 
 2DIAGNOSTIC,    16, -5.298475150292e-01, 5.287513950006e-04, 2.3593e+00, 4.1112e-02, 
 2DIAGNOSTIC,    17, -5.313522115357e-01, 5.176188691185e-04, 2.3951e+00, 3.5754e-02, 
 2DIAGNOSTIC,    18, -5.317211912826e-01, 4.916461808183e-04, 2.4294e+00, 3.4365e-02, 
 2DIAGNOSTIC,    19, -5.322490382368e-01, 4.569576780055e-04, 2.4709e+00, 4.1489e-02, 
 2DIAGNOSTIC,    20, -5.323376750537e-01, 3.940989738544e-04, 2.5071e+00, 3.6144e-02, 
 2DIAGNOSTIC,    21, -5.325910095531e-01, 3.171262119222e-04, 2.5426e+00, 3.5510e-02, 
 2DIAGNOSTIC,    22, -5.334985676031e-01, 2.960182920090e-04, 2.5769e+00, 3.4339e-02, 
 2DIAGNOSTIC,    23, -5.343210803884e-01, 2.806740651688e-04, 2.6091e+00, 3.2218e-02, 
 2DIAGNOSTIC,    24, -5.358673385101e-01, 2.867824565353e-04, 2.6498e+00, 4.0691e-02, 
 2DIAGNOSTIC,    25, -5.371399900445e-01, 2.962680921726e-04, 2.6780e+00, 2.8170e-02, 
 2DIAGNOSTIC,    26, -5.416531558598e-01, 3.873332521232e-04, 2.7081e+00, 3.0057e-02, 
 2DIAGNOSTIC,    27, -5.440737500902e-01, 5.110352044970e-04, 2.7400e+00, 3.1919e-02, 
 2DIAGNOSTIC,    28, -5.458360261313e-01, 6.178981493651e-04, 2.7977e+00, 5.7681e-02, 
 2DIAGNOSTIC,    29, -5.459422596766e-01, 6.713326516284e-04, 2.8301e+00, 3.2403e-02, 
 2DIAGNOSTIC,    30, -5.462594873533e-01, 6.655735152369e-04, 2.8641e+00, 3.3993e-02, 
 2DIAGNOSTIC,    31, -5.466977852958e-01, 6.082492623366e-04, 2.8943e+00, 3.0260e-02, 
 2DIAGNOSTIC,    32, -5.470713054798e-01, 5.175981299657e-04, 2.9271e+00, 3.2785e-02, 
 2DIAGNOSTIC,    33, -5.475756888418e-01, 4.052008996919e-04, 2.9589e+00, 3.1798e-02, 
 2DIAGNOSTIC,    34, -5.481178187154e-01, 2.947519433550e-04, 2.9899e+00, 3.1036e-02, 
 2DIAGNOSTIC,    35, -5.484831518129e-01, 1.866086290276e-04, 3.0227e+00, 3.2803e-02, 
 2DIAGNOSTIC,    36, -5.492518519107e-01, 1.444184454471e-04, 3.0545e+00, 3.1742e-02, 
 2DIAGNOSTIC,    37, -5.550536829418e-01, 2.082986373300e-04, 3.1002e+00, 4.5737e-02, 
 2DIAGNOSTIC,    38, -5.559604845497e-01, 2.841276253835e-04, 3.1309e+00, 3.0640e-02, 
 2DIAGNOSTIC,    39, -5.562029274229e-01, 3.343231866516e-04, 3.1614e+00, 3.0510e-02, 
 2DIAGNOSTIC,    40, -5.573225200006e-01, 3.703450334382e-04, 3.2072e+00, 4.5875e-02, 
 2DIAGNOSTIC,    41, -5.575823137663e-01, 3.777351583703e-04, 3.2377e+00, 3.0479e-02, 
 2DIAGNOSTIC,    42, -5.576905013108e-01, 3.536630147181e-04, 3.2718e+00, 3.4099e-02, 
 2DIAGNOSTIC,    43, -5.577834290962e-01, 3.041933990259e-04, 3.3024e+00, 3.0562e-02, 
 2DIAGNOSTIC,    44, -5.578958245025e-01, 2.369566465269e-04, 3.3325e+00, 3.0116e-02, 
 2DIAGNOSTIC,    45, -5.583724641992e-01, 1.606146377579e-04, 3.3648e+00, 3.2335e-02, 
 2DIAGNOSTIC,    46, -5.590368701207e-01, 8.690320518276e-05, 3.3976e+00, 3.2756e-02, 
 2DIAGNOSTIC,    47, -5.605191314469e-01, 8.970576468095e-05, 3.4387e+00, 4.1147e-02, 
 2DIAGNOSTIC,    48, -5.617460617352e-01, 1.070848750382e-04, 3.4967e+00, 5.7983e-02, 
 2DIAGNOSTIC,    49, -5.617795008700e-01, 1.160987973624e-04, 3.5278e+00, 3.1073e-02, 
 2DIAGNOSTIC,    50, -5.620703896967e-01, 1.287540364409e-04, 3.5601e+00, 3.2302e-02, 
 2DIAGNOSTIC,    51, -5.622142612218e-01, 1.327099027656e-04, 3.5918e+00, 3.1683e-02, 
 2DIAGNOSTIC,    52, -5.625092000560e-01, 1.276581539454e-04, 3.6271e+00, 3.5294e-02, 
 2DIAGNOSTIC,    53, -5.628151227481e-01, 1.144224387344e-04, 3.6568e+00, 2.9706e-02, 
 2DIAGNOSTIC,    54, -5.634538965420e-01, 9.816168014977e-05, 3.6899e+00, 3.3106e-02, 
 2DIAGNOSTIC,    55, -5.653043675880e-01, 9.535050961636e-05, 3.7226e+00, 3.2700e-02, 
 2DIAGNOSTIC,    56, -5.665829083093e-01, 1.010352080002e-04, 3.7545e+00, 3.1895e-02, 
 2DIAGNOSTIC,    57, -5.667134743278e-01, 1.112961031609e-04, 3.7934e+00, 3.8936e-02, 
 2DIAGNOSTIC,    58, -5.667596534948e-01, 1.223702918096e-04, 3.8219e+00, 2.8529e-02, 
 2DIAGNOSTIC,    59, -5.668680487089e-01, 1.226088205154e-04, 3.8645e+00, 4.2552e-02, 
 2DIAGNOSTIC,    60, -5.668792411476e-01, 1.134367638196e-04, 3.8969e+00, 3.2357e-02, 
 2DIAGNOSTIC,    61, -5.668766002779e-01, 9.474692157096e-05, 3.9291e+00, 3.2219e-02, 
 2DIAGNOSTIC,    62, -5.668550659203e-01, 7.012378043138e-05, 3.9609e+00, 3.1863e-02, 
 2DIAGNOSTIC,    63, -5.668488128937e-01, 4.229425157392e-05, 3.9925e+00, 3.1577e-02, 
 2DIAGNOSTIC,    64, -5.668424097286e-01, 1.618636562564e-05, 4.0211e+00, 2.8616e-02, 
 2DIAGNOSTIC,    65, -5.668448889167e-01, 3.956101897469e-06, 4.0495e+00, 2.8405e-02, 
 2DIAGNOSTIC,    66, -5.668482931915e-01, 1.867093534072e-06, 4.0778e+00, 2.8301e-02, 
DIAGNOSTIC,Iteration,metricValue,convergenceValue,ITERATION_TIME_INDEX,SINCE_LAST
 2DIAGNOSTIC,     1, -5.013449452284e-01, 1.797693134862e+308, 5.2384e+00, 1.1606e+00, 
 2DIAGNOSTIC,     2, -5.015490504555e-01, 1.797693134862e+308, 5.5179e+00, 2.7943e-01, 
 2DIAGNOSTIC,     3, -5.017971229614e-01, 1.797693134862e+308, 5.7743e+00, 2.5643e-01, 
 2DIAGNOSTIC,     4, -5.020059813034e-01, 1.797693134862e+308, 6.0787e+00, 3.0444e-01, 
 2DIAGNOSTIC,     5, -5.021045061172e-01, 1.797693134862e+308, 6.3751e+00, 2.9634e-01, 
 2DIAGNOSTIC,     6, -5.021519744076e-01, 1.797693134862e+308, 6.6396e+00, 2.6450e-01, 
 2DIAGNOSTIC,     7, -5.023070573146e-01, 1.797693134862e+308, 7.0037e+00, 3.6408e-01, 
 2DIAGNOSTIC,     8, -5.023380118142e-01, 1.797693134862e+308, 7.3252e+00, 3.2156e-01, 
 2DIAGNOSTIC,     9, -5.023365063765e-01, 1.797693134862e+308, 7.6836e+00, 3.5842e-01, 
 2DIAGNOSTIC,    10, -5.023344650040e-01, 1.280463640180e-04, 8.0301e+00, 3.4641e-01, 
 2DIAGNOSTIC,    11, -5.023309954293e-01, 8.616332448332e-05, 8.4131e+00, 3.8303e-01, 
 2DIAGNOSTIC,    12, -5.023274827420e-01, 5.298487304480e-05, 8.8783e+00, 4.6518e-01, 
 2DIAGNOSTIC,    13, -5.023276044364e-01, 3.095347641895e-05, 9.2060e+00, 3.2771e-01, 
 2DIAGNOSTIC,    14, -5.023268597132e-01, 1.789957788513e-05, 9.5113e+00, 3.0534e-01, 
 2DIAGNOSTIC,    15, -5.023260940057e-01, 8.888136992818e-06, 9.7932e+00, 2.8190e-01, 
 2DIAGNOSTIC,    16, -5.023237199935e-01, 1.836588235771e-06, 1.0066e+01, 2.7259e-01, 
DIAGNOSTIC,Iteration,metricValue,convergenceValue,ITERATION_TIME_INDEX,SINCE_LAST
 2DIAGNOSTIC,     1, -4.668680030036e-01, 1.797693134862e+308, 1.3004e+01, 2.9379e+00, 
 2DIAGNOSTIC,     2, -4.670301560300e-01, 1.797693134862e+308, 1.5402e+01, 2.3986e+00, 
 2DIAGNOSTIC,     3, -4.670515646440e-01, 1.797693134862e+308, 1.7908e+01, 2.5053e+00, 
 2DIAGNOSTIC,     4, -4.670500746540e-01, 1.797693134862e+308, 2.0051e+01, 2.1434e+00, 
 2DIAGNOSTIC,     5, -4.670500382606e-01, 1.797693134862e+308, 2.2067e+01, 2.0159e+00, 
 2DIAGNOSTIC,     6, -4.670493704307e-01, 1.797693134862e+308, 2.4244e+01, 2.1766e+00, 
 2DIAGNOSTIC,     7, -4.670493113714e-01, 1.797693134862e+308, 2.6069e+01, 1.8256e+00, 
 2DIAGNOSTIC,     8, -4.670491778564e-01, 1.797693134862e+308, 2.7410e+01, 1.3413e+00, 
 2DIAGNOSTIC,     9, -4.670490541031e-01, 1.797693134862e+308, 2.9077e+01, 1.6664e+00, 
 2DIAGNOSTIC,    10, -4.670489242001e-01, 1.506523719944e-05, 3.0616e+01, 1.5387e+00, 
 2DIAGNOSTIC,    11, -4.670487934601e-01, 3.732987725991e-06, 3.2114e+01, 1.4981e+00, 
 2DIAGNOSTIC,    12, -4.670487632715e-01, 2.403819472821e-06, 3.3844e+01, 1.7300e+00, 
 2DIAGNOSTIC,    13, -4.670485355103e-01, 2.294429369956e-06, 3.5650e+01, 1.8064e+00, 
 2DIAGNOSTIC,    14, -4.670484626477e-01, 2.146553207738e-06, 3.7147e+01, 1.4967e+00, 
 2DIAGNOSTIC,    15, -4.670483021690e-01, 2.022619694356e-06, 3.8484e+01, 1.3376e+00, 
 2DIAGNOSTIC,    16, -4.670480651071e-01, 1.888791254401e-06, 4.0114e+01, 1.6299e+00, 
 2DIAGNOSTIC,    17, -4.670481071725e-01, 1.779453530047e-06, 4.1683e+01, 1.5686e+00, 
 2DIAGNOSTIC,    18, -4.670479063503e-01, 1.679351218697e-06, 4.3443e+01, 1.7598e+00, 
 2DIAGNOSTIC,    19, -4.670478539204e-01, 1.592504958681e-06, 4.5057e+01, 1.6144e+00, 
 2DIAGNOSTIC,    20, -4.670476967796e-01, 1.513305839723e-06, 4.6660e+01, 1.6032e+00, 
 2DIAGNOSTIC,    21, -4.670476217916e-01, 1.442938710343e-06, 4.8238e+01, 1.5773e+00, 
 2DIAGNOSTIC,    22, -4.670475449425e-01, 1.382809609617e-06, 4.9736e+01, 1.4988e+00, 
 2DIAGNOSTIC,    23, -4.670476594233e-01, 1.330776505187e-06, 5.1231e+01, 1.4948e+00, 
 2DIAGNOSTIC,    24, -4.670476086783e-01, 1.284827485591e-06, 5.2743e+01, 1.5117e+00, 
 2DIAGNOSTIC,    25, -4.670473139140e-01, 1.235499283207e-06, 5.4240e+01, 1.4966e+00, 
 2DIAGNOSTIC,    26, -4.670476122167e-01, 1.195042653196e-06, 5.6028e+01, 1.7881e+00, 
 2DIAGNOSTIC,    27, -4.670476386329e-01, 1.161597211773e-06, 5.7651e+01, 1.6230e+00, 
 2DIAGNOSTIC,    28, -4.670474692778e-01, 1.123948757606e-06, 5.9166e+01, 1.5154e+00, 
 2DIAGNOSTIC,    29, -4.670471370000e-01, 1.082262326993e-06, 6.0955e+01, 1.7891e+00, 
 2DIAGNOSTIC,    30, -4.670468243355e-01, 1.035515054981e-06, 6.2530e+01, 1.5745e+00, 
  Elapsed time (stage 0): 6.3470e+01


Total elapsed time: 6.3473e+01
Info [verificarlo]: loaded backend libinterflop_ieee.so
Info [interflop-ieee]: load backend with:
Info [interflop-ieee]: debug = false
Info [interflop-ieee]: debug-binary = false
Info [interflop-ieee]: no-backend-name = false
Info [interflop-ieee]: print-new-line = false
Info [interflop-ieee]: print-subnormal-normalized = false
Info [interflop-ieee]: count-op = false
All_Command_lines_OK
Using double precision for computations.
=============================================================================
The composite transform comprises the following transforms (in order): 
  1. /home/mdugre/scratch/mri-registration-rp/datasets/ds004513/derivatives/mri-registration-rp/0001/antsRegistration-r8-p15/sub-s032/rigid_Composite.h5[0] (type = Euler3DTransform)
  2. /home/mdugre/scratch/mri-registration-rp/datasets/ds004513/derivatives/mri-registration-rp/0001/antsRegistration-r8-p15/sub-s032/rigid_Composite.h5[1] (type = Euler3DTransform)
  3. /home/mdugre/scratch/mri-registration-rp/datasets/ds004513/derivatives/mri-registration-rp/0001/antsRegistration-r8-p15/sub-s032/rigid_Composite.h5[2] (type = Euler3DTransform)
=============================================================================
  number of levels = 4
  fixed image: /templateflow/tpl-MNI152NLin2009cAsym/tpl-MNI152NLin2009cAsym_res-01_desc-brain_T1w.nii.gz
  moving image: /home/mdugre/scratch/mri-registration-rp/datasets/ds004513/derivatives/mri-registration-rp/antsBrainExtraction/sub-s032/BrainExtractionBrain.nii.gz
Dimension = 3
Number of stages = 1
Use histogram matching = false
Winsorize image intensities = true
  Lower quantile = 0.005
  Upper quantile = 0.995


Stage 1 State
   Image metric = MattesMI
     Fixed image = Image (0x4dfa7e0)
  RTTI typeinfo:   itk::Image<double, 3u>
  Reference Count: 2
  Modified Time: 1592
  Debug: Off
  Object Name: 
  Observers: 
    none
  Source: (none)
  Source output name: (none)
  Release Data: Off
  Data Released: False
  Global Release Data: Off
  PipelineMTime: 0
  UpdateMTime: 1203
  RealTimeStamp: 0 seconds 
  LargestPossibleRegion: 
    Dimension: 3
    Index: [0, 0, 0]
    Size: [193, 229, 193]
  BufferedRegion: 
    Dimension: 3
    Index: [0, 0, 0]
    Size: [193, 229, 193]
  RequestedRegion: 
    Dimension: 3
    Index: [0, 0, 0]
    Size: [193, 229, 193]
  Spacing: [1, 1, 1]
  Origin: [96, 132, -78]
  Direction: 
-1 0 0
0 -1 0
0 0 1

  IndexToPointMatrix: 
-1 0 0
0 -1 0
0 0 1

  PointToIndexMatrix: 
-1 0 0
0 -1 0
0 0 1

  Inverse Direction: 
-1 0 0
0 -1 0
0 0 1

  PixelContainer: 
    ImportImageContainer (0x4ebaa20)
      RTTI typeinfo:   itk::ImportImageContainer<unsigned long, double>
      Reference Count: 1
      Modified Time: 1200
      Debug: Off
      Object Name: 
      Observers: 
        none
      Pointer: 0x147e29a7c010
      Container manages memory: true
      Size: 8530021
      Capacity: 8530021

     Moving image = Image (0x4eb5d70)
  RTTI typeinfo:   itk::Image<double, 3u>
  Reference Count: 2
  Modified Time: 1593
  Debug: Off
  Object Name: 
  Observers: 
    none
  Source: (none)
  Source output name: (none)
  Release Data: Off
  Data Released: False
  Global Release Data: Off
  PipelineMTime: 0
  UpdateMTime: 1590
  RealTimeStamp: 0 seconds 
  LargestPossibleRegion: 
    Dimension: 3
    Index: [0, 0, 0]
    Size: [160, 240, 256]
  BufferedRegion: 
    Dimension: 3
    Index: [0, 0, 0]
    Size: [160, 240, 256]
  RequestedRegion: 
    Dimension: 3
    Index: [0, 0, 0]
    Size: [160, 240, 256]
  Spacing: [1, 1, 1]
  Origin: [73.279, 104.707, -131.187]
  Direction: 
-0.997527 0.0645574 -0.0278053
-0.0645323 -0.997914 -0.00179875
-0.0278634 4.01097e-08 0.999612

  IndexToPointMatrix: 
-0.997527 0.0645574 -0.0278053
-0.0645323 -0.997914 -0.00179875
-0.0278634 4.01097e-08 0.999612

  PointToIndexMatrix: 
-0.997527 -0.0645323 -0.0278634
0.0645574 -0.997914 4.01049e-08
-0.0278053 -0.00179875 0.999612

  Inverse Direction: 
-0.997527 -0.0645323 -0.0278634
0.0645574 -0.997914 4.01049e-08
-0.0278053 -0.00179875 0.999612

  PixelContainer: 
    ImportImageContainer (0x4e6dc90)
      RTTI typeinfo:   itk::ImportImageContainer<unsigned long, double>
      Reference Count: 1
      Modified Time: 1587
      Debug: Off
      Object Name: 
      Observers: 
        none
      Pointer: 0x147e24f7b010
      Container manages memory: true
      Size: 9830400
      Capacity: 9830400

     Weighting = 1
     Sampling strategy = regular
     Number of bins = 32
     Radius = 4
     Sampling percentage  = 0.25
   Transform = Affine
     Gradient step = 0.1
     Update field sigma (voxel space) = 0
     Total field sigma (voxel space) = 0
     Update field time sigma = 0
     Total field time sigma  = 0
     Number of time indices = 0
     Number of time point samples = 0
Registration using 1 total stages.

Stage 0
  iterations = 1000x500x250x100
  convergence threshold = 1e-06
  convergence window size = 10
  number of levels = 4
  using the Mattes MI metric (number of bins = 32, weight = 1, use gradient filter = 0)
  preprocessing:  winsorizing the image intensities
  Shrink factors (level 1 out of 4): [8, 8, 8]
  Shrink factors (level 2 out of 4): [4, 4, 4]
  Shrink factors (level 3 out of 4): [2, 2, 2]
  Shrink factors (level 4 out of 4): [1, 1, 1]
  smoothing sigmas per level: [3, 2, 1, 0]
  regular sampling (percentage = 0.25)

*** Running AffineTransform registration ***

DIAGNOSTIC,Iteration,metricValue,convergenceValue,ITERATION_TIME_INDEX,SINCE_LAST
 2DIAGNOSTIC,     1, -6.851219951979e-01, 1.797693134862e+308, 6.8520e-01, 6.8520e-01, 
 2DIAGNOSTIC,     2, -6.868497370657e-01, 1.797693134862e+308, 6.9046e-01, 5.2590e-03, 
 2DIAGNOSTIC,     3, -6.893758915473e-01, 1.797693134862e+308, 6.9568e-01, 5.2180e-03, 
 2DIAGNOSTIC,     4, -6.951781059949e-01, 1.797693134862e+308, 7.0056e-01, 4.8828e-03, 
 2DIAGNOSTIC,     5, -7.054528010345e-01, 1.797693134862e+308, 7.0551e-01, 4.9489e-03, 
 2DIAGNOSTIC,     6, -7.189464862702e-01, 1.797693134862e+308, 7.1172e-01, 6.2099e-03, 
 2DIAGNOSTIC,     7, -7.216709114076e-01, 1.797693134862e+308, 7.1915e-01, 7.4320e-03, 
 2DIAGNOSTIC,     8, -7.219407239133e-01, 1.797693134862e+308, 7.2398e-01, 4.8320e-03, 
 2DIAGNOSTIC,     9, -7.225819558436e-01, 1.797693134862e+308, 7.2877e-01, 4.7848e-03, 
 2DIAGNOSTIC,    10, -7.236002599543e-01, 4.310370675462e-03, 7.3384e-01, 5.0750e-03, 
 2DIAGNOSTIC,    11, -7.250850107486e-01, 3.485337430586e-03, 7.3904e-01, 5.2040e-03, 
 2DIAGNOSTIC,    12, -7.263920452528e-01, 2.591485982010e-03, 7.4426e-01, 5.2140e-03, 
 2DIAGNOSTIC,    13, -7.278244221458e-01, 1.730923769113e-03, 7.5010e-01, 5.8370e-03, 
 2DIAGNOSTIC,    14, -7.294674542003e-01, 1.048101669864e-03, 7.5692e-01, 6.8290e-03, 
 2DIAGNOSTIC,    15, -7.297949914651e-01, 6.341625407983e-04, 7.6214e-01, 5.2121e-03, 
 2DIAGNOSTIC,    16, -7.309245285901e-01, 5.768286295656e-04, 7.6745e-01, 5.3101e-03, 
 2DIAGNOSTIC,    17, -7.318196819196e-01, 5.575926913722e-04, 7.7265e-01, 5.2011e-03, 
 2DIAGNOSTIC,    18, -7.327337701045e-01, 5.147808924522e-04, 7.7826e-01, 5.6112e-03, 
 2DIAGNOSTIC,    19, -7.335089910024e-01, 4.581381828982e-04, 7.8573e-01, 7.4680e-03, 
 2DIAGNOSTIC,    20, -7.339108589339e-01, 3.926674818800e-04, 7.9077e-01, 5.0430e-03, 
 2DIAGNOSTIC,    21, -7.341603103430e-01, 3.297074012333e-04, 7.9580e-01, 5.0340e-03, 
 2DIAGNOSTIC,    22, -7.352244321994e-01, 2.839861271608e-04, 8.0091e-01, 5.1098e-03, 
 2DIAGNOSTIC,    23, -7.363853241471e-01, 2.592007575798e-04, 8.0694e-01, 6.0229e-03, 
 2DIAGNOSTIC,    24, -7.369585590572e-01, 2.484964984632e-04, 8.1273e-01, 5.7960e-03, 
 2DIAGNOSTIC,    25, -7.371044792484e-01, 2.228932793765e-04, 8.1990e-01, 7.1712e-03, 
 2DIAGNOSTIC,    26, -7.376697611603e-01, 2.042537563668e-04, 8.2618e-01, 6.2761e-03, 
 2DIAGNOSTIC,    27, -7.377513328605e-01, 1.815681495507e-04, 8.3126e-01, 5.0771e-03, 
 2DIAGNOSTIC,    28, -7.379802900061e-01, 1.591110604440e-04, 8.3635e-01, 5.0921e-03, 
 2DIAGNOSTIC,    29, -7.379834012938e-01, 1.338284772028e-04, 8.4147e-01, 5.1241e-03, 
 2DIAGNOSTIC,    30, -7.381960742954e-01, 1.060398718656e-04, 8.4894e-01, 7.4701e-03, 
 2DIAGNOSTIC,    31, -7.383762992911e-01, 7.532718952313e-05, 8.5492e-01, 5.9810e-03, 
 2DIAGNOSTIC,    32, -7.383769023819e-01, 5.218772516646e-05, 8.6062e-01, 5.6949e-03, 
 2DIAGNOSTIC,    33, -7.383534916140e-01, 3.906995934021e-05, 8.6633e-01, 5.7158e-03, 
 2DIAGNOSTIC,    34, -7.382183639782e-01, 2.823202326845e-05, 8.7165e-01, 5.3179e-03, 
 2DIAGNOSTIC,    35, -7.382935394577e-01, 1.776671204188e-05, 8.7739e-01, 5.7349e-03, 
 2DIAGNOSTIC,    36, -7.382701715438e-01, 1.209400243883e-05, 8.8250e-01, 5.1141e-03, 
 2DIAGNOSTIC,    37, -7.383804743604e-01, 7.648524929887e-06, 8.8872e-01, 6.2158e-03, 
 2DIAGNOSTIC,    38, -7.384250769108e-01, 5.649660053592e-06, 8.9436e-01, 5.6460e-03, 
 2DIAGNOSTIC,    39, -7.383517686589e-01, 2.573057587010e-06, 8.9939e-01, 5.0290e-03, 
DIAGNOSTIC,Iteration,metricValue,convergenceValue,ITERATION_TIME_INDEX,SINCE_LAST
 2DIAGNOSTIC,     1, -5.940872556437e-01, 1.797693134862e+308, 1.6086e+00, 7.0922e-01, 
 2DIAGNOSTIC,     2, -5.945264358360e-01, 1.797693134862e+308, 1.6448e+00, 3.6174e-02, 
 2DIAGNOSTIC,     3, -5.952079468433e-01, 1.797693134862e+308, 1.6822e+00, 3.7370e-02, 
 2DIAGNOSTIC,     4, -5.957869578867e-01, 1.797693134862e+308, 1.7181e+00, 3.5981e-02, 
 2DIAGNOSTIC,     5, -5.963731477977e-01, 1.797693134862e+308, 1.7585e+00, 4.0360e-02, 
 2DIAGNOSTIC,     6, -5.965026137445e-01, 1.797693134862e+308, 1.7985e+00, 4.0021e-02, 
 2DIAGNOSTIC,     7, -5.964970194419e-01, 1.797693134862e+308, 1.8375e+00, 3.9015e-02, 
 2DIAGNOSTIC,     8, -5.964658096933e-01, 1.797693134862e+308, 1.8753e+00, 3.7733e-02, 
 2DIAGNOSTIC,     9, -5.965625930156e-01, 1.797693134862e+308, 1.9104e+00, 3.5143e-02, 
 2DIAGNOSTIC,    10, -5.968327174216e-01, 2.779206670435e-04, 1.9456e+00, 3.5205e-02, 
 2DIAGNOSTIC,    11, -5.979460983417e-01, 2.380854325026e-04, 1.9799e+00, 3.4311e-02, 
 2DIAGNOSTIC,    12, -6.004632784724e-01, 2.999500001107e-04, 2.0214e+00, 4.1501e-02, 
 2DIAGNOSTIC,    13, -6.062167475617e-01, 5.584867820686e-04, 2.0840e+00, 6.2620e-02, 
 2DIAGNOSTIC,    14, -6.062345856272e-01, 7.448413069096e-04, 2.1349e+00, 5.0830e-02, 
 2DIAGNOSTIC,    15, -6.062211583003e-01, 8.594858900048e-04, 2.1845e+00, 4.9621e-02, 
 2DIAGNOSTIC,    16, -6.062193423214e-01, 8.868263888668e-04, 2.2253e+00, 4.0810e-02, 
 2DIAGNOSTIC,    17, -6.062068590103e-01, 8.272911543754e-04, 2.2713e+00, 4.5988e-02, 
 2DIAGNOSTIC,    18, -6.062014657626e-01, 6.949651819833e-04, 2.3256e+00, 5.4340e-02, 
 2DIAGNOSTIC,    19, -6.061948098077e-01, 5.153790013784e-04, 2.3688e+00, 4.3154e-02, 
 2DIAGNOSTIC,    20, -6.061792488140e-01, 3.144288054527e-04, 2.4096e+00, 4.0818e-02, 
 2DIAGNOSTIC,    21, -6.061753603029e-01, 1.286178464943e-04, 2.4552e+00, 4.5626e-02, 
DIAGNOSTIC,Iteration,metricValue,convergenceValue,ITERATION_TIME_INDEX,SINCE_LAST
 2DIAGNOSTIC,     1, -5.403527361140e-01, 1.797693134862e+308, 3.6255e+00, 1.1702e+00, 
 2DIAGNOSTIC,     2, -5.406179469656e-01, 1.797693134862e+308, 3.8999e+00, 2.7448e-01, 
 2DIAGNOSTIC,     3, -5.408949960503e-01, 1.797693134862e+308, 4.1810e+00, 2.8110e-01, 
 2DIAGNOSTIC,     4, -5.411960665437e-01, 1.797693134862e+308, 4.4797e+00, 2.9860e-01, 
 2DIAGNOSTIC,     5, -5.415774535763e-01, 1.797693134862e+308, 4.8077e+00, 3.2803e-01, 
 2DIAGNOSTIC,     6, -5.419572685887e-01, 1.797693134862e+308, 5.1145e+00, 3.0684e-01, 
 2DIAGNOSTIC,     7, -5.428110459376e-01, 1.797693134862e+308, 5.5385e+00, 4.2394e-01, 
 2DIAGNOSTIC,     8, -5.428788104526e-01, 1.797693134862e+308, 5.8123e+00, 2.7383e-01, 
 2DIAGNOSTIC,     9, -5.430701303623e-01, 1.797693134862e+308, 6.0960e+00, 2.8373e-01, 
 2DIAGNOSTIC,    10, -5.432702711550e-01, 3.844596494524e-04, 6.4593e+00, 3.6328e-01, 
 2DIAGNOSTIC,    11, -5.435042875757e-01, 3.378085670520e-04, 6.8727e+00, 4.1337e-01, 
 2DIAGNOSTIC,    12, -5.436250406437e-01, 2.851156879137e-04, 7.1739e+00, 3.0127e-01, 
 2DIAGNOSTIC,    13, -5.437617284092e-01, 2.317160215415e-04, 7.4586e+00, 2.8468e-01, 
 2DIAGNOSTIC,    14, -5.440770437865e-01, 1.883829531081e-04, 7.7688e+00, 3.1022e-01, 
 2DIAGNOSTIC,    15, -5.447166267468e-01, 1.691561365044e-04, 8.3370e+00, 5.6817e-01, 
 2DIAGNOSTIC,    16, -5.447155397771e-01, 1.481823097609e-04, 8.7559e+00, 4.1893e-01, 
 2DIAGNOSTIC,    17, -5.447254242994e-01, 1.432321607337e-04, 9.1174e+00, 3.6142e-01, 
 2DIAGNOSTIC,    18, -5.447380344251e-01, 1.283166379317e-04, 9.4680e+00, 3.5063e-01, 
 2DIAGNOSTIC,    19, -5.447559548675e-01, 1.087552684386e-04, 9.7622e+00, 2.9419e-01, 
 2DIAGNOSTIC,    20, -5.447847761129e-01, 8.680076473508e-05, 1.0086e+01, 3.2392e-01, 
 2DIAGNOSTIC,    21, -5.447884416602e-01, 6.494150245262e-05, 1.0447e+01, 3.6108e-01, 
 2DIAGNOSTIC,    22, -5.447868804470e-01, 4.224155165057e-05, 1.1095e+01, 6.4799e-01, 
 2DIAGNOSTIC,    23, -5.447874251921e-01, 2.080068330421e-05, 1.1513e+01, 4.1793e-01, 
 2DIAGNOSTIC,    24, -5.447857806278e-01, 5.761479710056e-06, 1.1920e+01, 4.0691e-01, 
 2DIAGNOSTIC,    25, -5.447841404899e-01, 4.853768560291e-06, 1.2346e+01, 4.2601e-01, 
 2DIAGNOSTIC,    26, -5.447823064859e-01, 3.621443848620e-06, 1.2762e+01, 4.1565e-01, 
 2DIAGNOSTIC,    27, -5.447813730111e-01, 2.434985074330e-06, 1.3106e+01, 3.4429e-01, 
 2DIAGNOSTIC,    28, -5.447804224203e-01, 1.430546895706e-06, 1.3401e+01, 2.9516e-01, 
DIAGNOSTIC,Iteration,metricValue,convergenceValue,ITERATION_TIME_INDEX,SINCE_LAST
 2DIAGNOSTIC,     1, -4.996488554230e-01, 1.797693134862e+308, 1.6268e+01, 2.8666e+00, 
 2DIAGNOSTIC,     2, -4.998675739286e-01, 1.797693134862e+308, 1.8140e+01, 1.8724e+00, 
 2DIAGNOSTIC,     3, -5.001169891022e-01, 1.797693134862e+308, 1.9975e+01, 1.8348e+00, 
 2DIAGNOSTIC,     4, -5.005253460181e-01, 1.797693134862e+308, 2.2332e+01, 2.3572e+00, 
 2DIAGNOSTIC,     5, -5.006444459917e-01, 1.797693134862e+308, 2.4847e+01, 2.5149e+00, 
 2DIAGNOSTIC,     6, -5.006712173862e-01, 1.797693134862e+308, 2.6503e+01, 1.6556e+00, 
 2DIAGNOSTIC,     7, -5.007662222187e-01, 1.797693134862e+308, 2.8490e+01, 1.9874e+00, 
 2DIAGNOSTIC,     8, -5.007771044546e-01, 1.797693134862e+308, 3.0896e+01, 2.4063e+00, 
 2DIAGNOSTIC,     9, -5.007758587819e-01, 1.797693134862e+308, 3.3269e+01, 2.3727e+00, 
 2DIAGNOSTIC,    10, -5.007758818604e-01, 1.452067769872e-04, 3.5803e+01, 2.5336e+00, 
 2DIAGNOSTIC,    11, -5.007755895130e-01, 9.257080032905e-05, 3.8281e+01, 2.4782e+00, 
 2DIAGNOSTIC,    12, -5.007756413961e-01, 5.092731721390e-05, 4.0020e+01, 1.7389e+00, 
 2DIAGNOSTIC,    13, -5.007752607249e-01, 2.175907961571e-05, 4.2099e+01, 2.0788e+00, 
 2DIAGNOSTIC,    14, -5.007752041213e-01, 1.150202747954e-05, 4.3974e+01, 1.8751e+00, 
 2DIAGNOSTIC,    15, -5.007752553213e-01, 6.301911401829e-06, 4.5804e+01, 1.8301e+00, 
 2DIAGNOSTIC,    16, -5.007749943921e-01, 2.216581508965e-06, 4.7733e+01, 1.9295e+00, 
 2DIAGNOSTIC,    17, -5.007750597395e-01, 1.755563678187e-06, 4.9736e+01, 2.0028e+00, 
 2DIAGNOSTIC,    18, -5.007749081792e-01, 1.696047660822e-06, 5.1825e+01, 2.0893e+00, 
 2DIAGNOSTIC,    19, -5.007749114174e-01, 1.612318354542e-06, 5.3548e+01, 1.7229e+00, 
 2DIAGNOSTIC,    20, -5.007749926848e-01, 1.545794048194e-06, 5.5355e+01, 1.8064e+00, 
 2DIAGNOSTIC,    21, -5.007751315938e-01, 1.485459634083e-06, 5.7337e+01, 1.9824e+00, 
 2DIAGNOSTIC,    22, -5.007751125174e-01, 1.434458066545e-06, 5.9310e+01, 1.9733e+00, 
