
##########################
# Experiment information #
##########################

EXPERIMENT_NAME: antsRegistration-r7-p7
VFC_BACKENDS: libinterflop_vprec.so --range-binary32=7 --precision-binary32=7 --range-binary64=7 --precision-binary64=7

SIF_IMG: /home/mdugre/projects/rrg-glatard/mdugre/containers/ants-vprec-no_metrics.simg

SUBJECT_ID: s032
INPUT_IMG: /home/mdugre/scratch/mri-registration-rp/datasets/ds004513/derivatives/mri-registration-rp/antsBrainExtraction/sub-s032/BrainExtractionBrain.nii.gz
OUTPUT_DIR: /home/mdugre/scratch/mri-registration-rp/datasets/ds004513/derivatives/mri-registration-rp/0001/antsRegistration-r7-p7/sub-s032

FIXED_IMG: /templateflow/tpl-MNI152NLin2009cAsym/tpl-MNI152NLin2009cAsym_res-01_desc-brain_T1w.nii.gz
DATA_DIR: /home/mdugre/scratch/mri-registration-rp/datasets/ds004513
TEMPLATEFLOW_DIR: /home/mdugre/projects/rrg-glatard/mdugre/templateflow
ITK_GLOBAL_DEFAULT_NUMBER_OF_THREADS: 16
##########################

Info [verificarlo]: loaded backend libinterflop_ieee.so
Info [interflop-ieee]: load backend with:
Info [interflop-ieee]: debug = false
Info [interflop-ieee]: debug-binary = false
Info [interflop-ieee]: no-backend-name = false
Info [interflop-ieee]: print-new-line = false
Info [interflop-ieee]: print-subnormal-normalized = false
Info [interflop-ieee]: count-op = false
All_Command_lines_OK
Using double precision for computations.
=============================================================================
The composite transform comprises the following transforms (in order): 
  1. Center of mass alignment using fixed image: /templateflow/tpl-MNI152NLin2009cAsym/tpl-MNI152NLin2009cAsym_res-01_desc-brain_T1w.nii.gz and moving image: /home/mdugre/scratch/mri-registration-rp/datasets/ds004513/derivatives/mri-registration-rp/antsBrainExtraction/sub-s032/BrainExtractionBrain.nii.gz (type = Euler3DTransform)
=============================================================================
  number of levels = 1
  fixed image: /templateflow/tpl-MNI152NLin2009cAsym/tpl-MNI152NLin2009cAsym_res-01_desc-brain_T1w.nii.gz
  moving image: /home/mdugre/scratch/mri-registration-rp/datasets/ds004513/derivatives/mri-registration-rp/antsBrainExtraction/sub-s032/BrainExtractionBrain.nii.gz
Dimension = 3
Number of stages = 1
Use histogram matching = false
Winsorize image intensities = true
  Lower quantile = 0.005
  Upper quantile = 0.995


Stage 1 State
   Image metric = MattesMI
     Fixed image = Image (0x3d1abd0)
  RTTI typeinfo:   itk::Image<double, 3u>
  Reference Count: 2
  Modified Time: 2330
  Debug: Off
  Object Name: 
  Observers: 
    none
  Source: (none)
  Source output name: (none)
  Release Data: Off
  Data Released: False
  Global Release Data: Off
  PipelineMTime: 0
  UpdateMTime: 1941
  RealTimeStamp: 0 seconds 
  LargestPossibleRegion: 
    Dimension: 3
    Index: [0, 0, 0]
    Size: [193, 229, 193]
  BufferedRegion: 
    Dimension: 3
    Index: [0, 0, 0]
    Size: [193, 229, 193]
  RequestedRegion: 
    Dimension: 3
    Index: [0, 0, 0]
    Size: [193, 229, 193]
  Spacing: [1, 1, 1]
  Origin: [96, 132, -78]
  Direction: 
-1 0 0
0 -1 0
0 0 1

  IndexToPointMatrix: 
-1 0 0
0 -1 0
0 0 1

  PointToIndexMatrix: 
-1 0 0
0 -1 0
0 0 1

  Inverse Direction: 
-1 0 0
0 -1 0
0 0 1

  PixelContainer: 
    ImportImageContainer (0x3d239e0)
      RTTI typeinfo:   itk::ImportImageContainer<unsigned long, double>
      Reference Count: 1
      Modified Time: 1938
      Debug: Off
      Object Name: 
      Observers: 
        none
      Pointer: 0x14b8e706b010
      Container manages memory: true
      Size: 8530021
      Capacity: 8530021

     Moving image = Image (0x3d24d40)
  RTTI typeinfo:   itk::Image<double, 3u>
  Reference Count: 2
  Modified Time: 2331
  Debug: Off
  Object Name: 
  Observers: 
    none
  Source: (none)
  Source output name: (none)
  Release Data: Off
  Data Released: False
  Global Release Data: Off
  PipelineMTime: 0
  UpdateMTime: 2328
  RealTimeStamp: 0 seconds 
  LargestPossibleRegion: 
    Dimension: 3
    Index: [0, 0, 0]
    Size: [160, 240, 256]
  BufferedRegion: 
    Dimension: 3
    Index: [0, 0, 0]
    Size: [160, 240, 256]
  RequestedRegion: 
    Dimension: 3
    Index: [0, 0, 0]
    Size: [160, 240, 256]
  Spacing: [1, 1, 1]
  Origin: [73.279, 104.707, -131.187]
  Direction: 
-0.997527 0.0645574 -0.0278053
-0.0645323 -0.997914 -0.00179875
-0.0278634 4.01097e-08 0.999612

  IndexToPointMatrix: 
-0.997527 0.0645574 -0.0278053
-0.0645323 -0.997914 -0.00179875
-0.0278634 4.01097e-08 0.999612

  PointToIndexMatrix: 
-0.997527 -0.0645323 -0.0278634
0.0645574 -0.997914 4.01049e-08
-0.0278053 -0.00179875 0.999612

  Inverse Direction: 
-0.997527 -0.0645323 -0.0278634
0.0645574 -0.997914 4.01049e-08
-0.0278053 -0.00179875 0.999612

  PixelContainer: 
    ImportImageContainer (0x3d4a850)
      RTTI typeinfo:   itk::ImportImageContainer<unsigned long, double>
      Reference Count: 1
      Modified Time: 2325
      Debug: Off
      Object Name: 
      Observers: 
        none
      Pointer: 0x14b8e256a010
      Container manages memory: true
      Size: 9830400
      Capacity: 9830400

     Weighting = 1
     Sampling strategy = regular
     Number of bins = 32
     Radius = 4
     Sampling percentage  = 0.25
   Transform = Rigid
     Gradient step = 0.1
     Update field sigma (voxel space) = 0
     Total field sigma (voxel space) = 0
     Update field time sigma = 0
     Total field time sigma  = 0
     Number of time indices = 0
     Number of time point samples = 0
Registration using 1 total stages.

Stage 0
  iterations = 0
  convergence threshold = 1e-06
  convergence window size = 10
  number of levels = 1
  using the Mattes MI metric (number of bins = 32, weight = 1, use gradient filter = 0)
  preprocessing:  winsorizing the image intensities
  Shrink factors (level 1 out of 1): [1, 1, 1]
  smoothing sigmas per level: [0]
  regular sampling (percentage = 0.25)

*** Running Euler3DTransform registration ***

  Elapsed time (stage 0): 0.984207


Total elapsed time: 0.987429
Info [verificarlo]: loaded backend libinterflop_ieee.so
Info [interflop-ieee]: load backend with:
Info [interflop-ieee]: debug = false
Info [interflop-ieee]: debug-binary = false
Info [interflop-ieee]: no-backend-name = false
Info [interflop-ieee]: print-new-line = false
Info [interflop-ieee]: print-subnormal-normalized = false
Info [interflop-ieee]: count-op = false
All_Command_lines_OK
Using double precision for computations.
=============================================================================
The composite transform comprises the following transforms (in order): 
  1. /home/mdugre/scratch/mri-registration-rp/datasets/ds004513/derivatives/mri-registration-rp/0001/antsRegistration-r7-p7/sub-s032/align_Composite.h5[0] (type = Euler3DTransform)
  2. /home/mdugre/scratch/mri-registration-rp/datasets/ds004513/derivatives/mri-registration-rp/0001/antsRegistration-r7-p7/sub-s032/align_Composite.h5[1] (type = Euler3DTransform)
=============================================================================
  number of levels = 4
  fixed image: /templateflow/tpl-MNI152NLin2009cAsym/tpl-MNI152NLin2009cAsym_res-01_desc-brain_T1w.nii.gz
  moving image: /home/mdugre/scratch/mri-registration-rp/datasets/ds004513/derivatives/mri-registration-rp/antsBrainExtraction/sub-s032/BrainExtractionBrain.nii.gz
Dimension = 3
Number of stages = 1
Use histogram matching = false
Winsorize image intensities = true
  Lower quantile = 0.005
  Upper quantile = 0.995


Stage 1 State
   Image metric = MattesMI
     Fixed image = Image (0x351d530)
  RTTI typeinfo:   itk::Image<double, 3u>
  Reference Count: 2
  Modified Time: 1578
  Debug: Off
  Object Name: 
  Observers: 
    none
  Source: (none)
  Source output name: (none)
  Release Data: Off
  Data Released: False
  Global Release Data: Off
  PipelineMTime: 0
  UpdateMTime: 1189
  RealTimeStamp: 0 seconds 
  LargestPossibleRegion: 
    Dimension: 3
    Index: [0, 0, 0]
    Size: [193, 229, 193]
  BufferedRegion: 
    Dimension: 3
    Index: [0, 0, 0]
    Size: [193, 229, 193]
  RequestedRegion: 
    Dimension: 3
    Index: [0, 0, 0]
    Size: [193, 229, 193]
  Spacing: [1, 1, 1]
  Origin: [96, 132, -78]
  Direction: 
-1 0 0
0 -1 0
0 0 1

  IndexToPointMatrix: 
-1 0 0
0 -1 0
0 0 1

  PointToIndexMatrix: 
-1 0 0
0 -1 0
0 0 1

  Inverse Direction: 
-1 0 0
0 -1 0
0 0 1

  PixelContainer: 
    ImportImageContainer (0x35dbd60)
      RTTI typeinfo:   itk::ImportImageContainer<unsigned long, double>
      Reference Count: 1
      Modified Time: 1186
      Debug: Off
      Object Name: 
      Observers: 
        none
      Pointer: 0x14c974230010
      Container manages memory: true
      Size: 8530021
      Capacity: 8530021

     Moving image = Image (0x35cdf60)
  RTTI typeinfo:   itk::Image<double, 3u>
  Reference Count: 2
  Modified Time: 1579
  Debug: Off
  Object Name: 
  Observers: 
    none
  Source: (none)
  Source output name: (none)
  Release Data: Off
  Data Released: False
  Global Release Data: Off
  PipelineMTime: 0
  UpdateMTime: 1576
  RealTimeStamp: 0 seconds 
  LargestPossibleRegion: 
    Dimension: 3
    Index: [0, 0, 0]
    Size: [160, 240, 256]
  BufferedRegion: 
    Dimension: 3
    Index: [0, 0, 0]
    Size: [160, 240, 256]
  RequestedRegion: 
    Dimension: 3
    Index: [0, 0, 0]
    Size: [160, 240, 256]
  Spacing: [1, 1, 1]
  Origin: [73.279, 104.707, -131.187]
  Direction: 
-0.997527 0.0645574 -0.0278053
-0.0645323 -0.997914 -0.00179875
-0.0278634 4.01097e-08 0.999612

  IndexToPointMatrix: 
-0.997527 0.0645574 -0.0278053
-0.0645323 -0.997914 -0.00179875
-0.0278634 4.01097e-08 0.999612

  PointToIndexMatrix: 
-0.997527 -0.0645323 -0.0278634
0.0645574 -0.997914 4.01049e-08
-0.0278053 -0.00179875 0.999612

  Inverse Direction: 
-0.997527 -0.0645323 -0.0278634
0.0645574 -0.997914 4.01049e-08
-0.0278053 -0.00179875 0.999612

  PixelContainer: 
    ImportImageContainer (0x35bf6d0)
      RTTI typeinfo:   itk::ImportImageContainer<unsigned long, double>
      Reference Count: 1
      Modified Time: 1573
      Debug: Off
      Object Name: 
      Observers: 
        none
      Pointer: 0x14c96f72f010
      Container manages memory: true
      Size: 9830400
      Capacity: 9830400

     Weighting = 1
     Sampling strategy = regular
     Number of bins = 32
     Radius = 4
     Sampling percentage  = 0.25
   Transform = Rigid
     Gradient step = 0.1
     Update field sigma (voxel space) = 0
     Total field sigma (voxel space) = 0
     Update field time sigma = 0
     Total field time sigma  = 0
     Number of time indices = 0
     Number of time point samples = 0
Registration using 1 total stages.

Stage 0
  iterations = 1000x500x250x100
  convergence threshold = 1e-06
  convergence window size = 10
  number of levels = 4
  using the Mattes MI metric (number of bins = 32, weight = 1, use gradient filter = 0)
  preprocessing:  winsorizing the image intensities
  Shrink factors (level 1 out of 4): [8, 8, 8]
  Shrink factors (level 2 out of 4): [4, 4, 4]
  Shrink factors (level 3 out of 4): [2, 2, 2]
  Shrink factors (level 4 out of 4): [1, 1, 1]
  smoothing sigmas per level: [3, 2, 1, 0]
  regular sampling (percentage = 0.25)

*** Running Euler3DTransform registration ***

DIAGNOSTIC,Iteration,metricValue,convergenceValue,ITERATION_TIME_INDEX,SINCE_LAST
 2DIAGNOSTIC,     1, -5.480496989617e-01, 1.797693134862e+308, 6.4679e-01, 6.4679e-01, 
 2DIAGNOSTIC,     2, -5.506811078454e-01, 1.797693134862e+308, 6.5003e-01, 3.2389e-03, 
 2DIAGNOSTIC,     3, -5.546514955662e-01, 1.797693134862e+308, 6.5317e-01, 3.1350e-03, 
 2DIAGNOSTIC,     4, -5.606863537750e-01, 1.797693134862e+308, 6.5618e-01, 3.0119e-03, 
 2DIAGNOSTIC,     5, -5.693661845193e-01, 1.797693134862e+308, 6.5938e-01, 3.2041e-03, 
 2DIAGNOSTIC,     6, -5.854078830086e-01, 1.797693134862e+308, 6.6297e-01, 3.5849e-03, 
 2DIAGNOSTIC,     7, -6.232769732918e-01, 1.797693134862e+308, 6.6616e-01, 3.1881e-03, 
 2DIAGNOSTIC,     8, -6.297683730473e-01, 1.797693134862e+308, 6.6979e-01, 3.6280e-03, 
 2DIAGNOSTIC,     9, -6.366738733405e-01, 1.797693134862e+308, 6.7563e-01, 5.8429e-03, 
 2DIAGNOSTIC,    10, -6.375630690827e-01, 1.201760866083e-02, 6.7888e-01, 3.2480e-03, 
 2DIAGNOSTIC,    11, -6.405337628679e-01, 1.087684809450e-02, 6.8204e-01, 3.1672e-03, 
 2DIAGNOSTIC,    12, -6.435528997438e-01, 9.167753354490e-03, 6.8591e-01, 3.8640e-03, 
 2DIAGNOSTIC,    13, -6.444720921444e-01, 7.089498731847e-03, 6.8892e-01, 3.0081e-03, 
 2DIAGNOSTIC,    14, -6.463616611293e-01, 4.967892496988e-03, 6.9231e-01, 3.3970e-03, 
 2DIAGNOSTIC,    15, -6.484646963404e-01, 3.033020789043e-03, 6.9763e-01, 5.3160e-03, 
 2DIAGNOSTIC,    16, -6.486009987994e-01, 1.520386367320e-03, 7.0068e-01, 3.0549e-03, 
 2DIAGNOSTIC,    17, -6.493699344760e-01, 1.108203205204e-03, 7.0376e-01, 3.0751e-03, 
 2DIAGNOSTIC,    18, -6.514578195065e-01, 8.586162135985e-04, 7.0726e-01, 3.5059e-03, 
 2DIAGNOSTIC,    19, -6.526592717406e-01, 7.533650369804e-04, 7.1036e-01, 3.0930e-03, 
 2DIAGNOSTIC,    20, -6.536191777189e-01, 6.303067369293e-04, 7.1347e-01, 3.1128e-03, 
 2DIAGNOSTIC,    21, -6.549162298979e-01, 5.534292205380e-04, 7.1683e-01, 3.3550e-03, 
 2DIAGNOSTIC,    22, -6.562385790832e-01, 5.226986103233e-04, 7.2071e-01, 3.8860e-03, 
 2DIAGNOSTIC,    23, -6.565000058113e-01, 4.680180012236e-04, 7.2423e-01, 3.5150e-03, 
 2DIAGNOSTIC,    24, -6.565387353854e-01, 4.101063704207e-04, 7.2788e-01, 3.6519e-03, 
 2DIAGNOSTIC,    25, -6.567702146893e-01, 3.618032093042e-04, 7.3158e-01, 3.6981e-03, 
 2DIAGNOSTIC,    26, -6.583507212369e-01, 3.132611037349e-04, 7.3482e-01, 3.2480e-03, 
 2DIAGNOSTIC,    27, -6.586527568469e-01, 2.554116018362e-04, 7.3793e-01, 3.1099e-03, 
 2DIAGNOSTIC,    28, -6.593310437738e-01, 2.225767143842e-04, 7.4181e-01, 3.8791e-03, 
 2DIAGNOSTIC,    29, -6.595734041655e-01, 1.939316665336e-04, 7.4529e-01, 3.4819e-03, 
 2DIAGNOSTIC,    30, -6.595955819569e-01, 1.634946778527e-04, 7.4878e-01, 3.4809e-03, 
 2DIAGNOSTIC,    31, -6.596949967568e-01, 1.392755860912e-04, 7.5185e-01, 3.0699e-03, 
 2DIAGNOSTIC,    32, -6.597157295313e-01, 1.221677497588e-04, 7.5550e-01, 3.6581e-03, 
 2DIAGNOSTIC,    33, -6.597001423845e-01, 9.820426862693e-05, 7.6055e-01, 5.0428e-03, 
 2DIAGNOSTIC,    34, -6.595254449701e-01, 6.486903006549e-05, 7.6362e-01, 3.0732e-03, 
 2DIAGNOSTIC,    35, -6.595295822809e-01, 3.010817889743e-05, 7.6669e-01, 3.0711e-03, 
 2DIAGNOSTIC,    36, -6.595351297935e-01, 1.424396565691e-05, 7.6978e-01, 3.0880e-03, 
 2DIAGNOSTIC,    37, -6.595409535781e-01, 1.474135167819e-06, 7.7284e-01, 3.0618e-03, 
DIAGNOSTIC,Iteration,metricValue,convergenceValue,ITERATION_TIME_INDEX,SINCE_LAST
 2DIAGNOSTIC,     1, -5.183739626530e-01, 1.797693134862e+308, 1.4454e+00, 6.7257e-01, 
 2DIAGNOSTIC,     2, -5.189226238286e-01, 1.797693134862e+308, 1.4665e+00, 2.1090e-02, 
 2DIAGNOSTIC,     3, -5.196899327352e-01, 1.797693134862e+308, 1.4871e+00, 2.0585e-02, 
 2DIAGNOSTIC,     4, -5.204463662997e-01, 1.797693134862e+308, 1.5070e+00, 1.9898e-02, 
 2DIAGNOSTIC,     5, -5.209979485295e-01, 1.797693134862e+308, 1.5269e+00, 1.9943e-02, 
 2DIAGNOSTIC,     6, -5.216357744178e-01, 1.797693134862e+308, 1.5472e+00, 2.0258e-02, 
 2DIAGNOSTIC,     7, -5.233753714570e-01, 1.797693134862e+308, 1.5672e+00, 2.0018e-02, 
 2DIAGNOSTIC,     8, -5.241119131144e-01, 1.797693134862e+308, 1.5923e+00, 2.5093e-02, 
 2DIAGNOSTIC,     9, -5.247293428574e-01, 1.797693134862e+308, 1.6173e+00, 2.5003e-02, 
 2DIAGNOSTIC,    10, -5.250028241301e-01, 8.899807890851e-04, 1.6377e+00, 2.0393e-02, 
 2DIAGNOSTIC,    11, -5.255570915873e-01, 7.959217991660e-04, 1.6611e+00, 2.3378e-02, 
 2DIAGNOSTIC,    12, -5.289098580999e-01, 8.211614768061e-04, 1.6845e+00, 2.3405e-02, 
 2DIAGNOSTIC,    13, -5.295596024112e-01, 8.231568511498e-04, 1.7073e+00, 2.2824e-02, 
 2DIAGNOSTIC,    14, -5.295253573529e-01, 7.798185621913e-04, 1.7279e+00, 2.0588e-02, 
 2DIAGNOSTIC,    15, -5.301734549049e-01, 7.172057345959e-04, 1.7496e+00, 2.1732e-02, 
 2DIAGNOSTIC,    16, -5.312974507836e-01, 6.544536437224e-04, 1.7703e+00, 2.0707e-02, 
 2DIAGNOSTIC,    17, -5.330531855903e-01, 6.473171110606e-04, 1.8067e+00, 3.6413e-02, 
 2DIAGNOSTIC,    18, -5.331722874725e-01, 6.054636593542e-04, 1.8273e+00, 2.0592e-02, 
 2DIAGNOSTIC,    19, -5.334120046389e-01, 5.389730977745e-04, 1.8482e+00, 2.0897e-02, 
 2DIAGNOSTIC,    20, -5.338316402452e-01, 4.491977716294e-04, 1.8705e+00, 2.2285e-02, 
 2DIAGNOSTIC,    21, -5.362348086203e-01, 3.991444209441e-04, 1.9012e+00, 3.0722e-02, 
 2DIAGNOSTIC,    22, -5.366255617473e-01, 4.058326816623e-04, 1.9228e+00, 2.1536e-02, 
 2DIAGNOSTIC,    23, -5.369894513810e-01, 3.988416143376e-04, 1.9447e+00, 2.1956e-02, 
 2DIAGNOSTIC,    24, -5.378064066404e-01, 3.738878900333e-04, 1.9672e+00, 2.2457e-02, 
 2DIAGNOSTIC,    25, -5.385004667788e-01, 3.440299698437e-04, 1.9967e+00, 2.9533e-02, 
 2DIAGNOSTIC,    26, -5.387680785152e-01, 3.111406893083e-04, 2.0178e+00, 2.1076e-02, 
 2DIAGNOSTIC,    27, -5.394708177744e-01, 3.005108408289e-04, 2.0445e+00, 2.6709e-02, 
 2DIAGNOSTIC,    28, -5.401167967429e-01, 2.774974826535e-04, 2.0687e+00, 2.4185e-02, 
 2DIAGNOSTIC,    29, -5.404456861336e-01, 2.405279063096e-04, 2.0929e+00, 2.4248e-02, 
 2DIAGNOSTIC,    30, -5.409570843589e-01, 1.989234759411e-04, 2.1278e+00, 3.4894e-02, 
 2DIAGNOSTIC,    31, -5.411649288613e-01, 1.863817283527e-04, 2.1493e+00, 2.1443e-02, 
 2DIAGNOSTIC,    32, -5.415501744660e-01, 1.700781878680e-04, 2.1710e+00, 2.1751e-02, 
 2DIAGNOSTIC,    33, -5.419612039553e-01, 1.508949719702e-04, 2.1922e+00, 2.1198e-02, 
 2DIAGNOSTIC,    34, -5.423987032649e-01, 1.380592175212e-04, 2.2131e+00, 2.0921e-02, 
 2DIAGNOSTIC,    35, -5.428115063930e-01, 1.298324708908e-04, 2.2347e+00, 2.1557e-02, 
 2DIAGNOSTIC,    36, -5.432396618196e-01, 1.199318539573e-04, 2.2573e+00, 2.2643e-02, 
 2DIAGNOSTIC,    37, -5.470170419156e-01, 1.636101354715e-04, 2.2826e+00, 2.5225e-02, 
 2DIAGNOSTIC,    38, -5.501613242741e-01, 2.410883242837e-04, 2.3073e+00, 2.4723e-02, 
 2DIAGNOSTIC,    39, -5.508005566754e-01, 3.040696039207e-04, 2.3292e+00, 2.1892e-02, 
 2DIAGNOSTIC,    40, -5.513609042020e-01, 3.501712474565e-04, 2.3577e+00, 2.8496e-02, 
 2DIAGNOSTIC,    41, -5.516269382487e-01, 3.670536363094e-04, 2.3849e+00, 2.7199e-02, 
 2DIAGNOSTIC,    42, -5.524613389959e-01, 3.627235464908e-04, 2.4147e+00, 2.9828e-02, 
 2DIAGNOSTIC,    43, -5.529024640706e-01, 3.335521341346e-04, 2.4393e+00, 2.4570e-02, 
 2DIAGNOSTIC,    44, -5.534116624892e-01, 2.857534202608e-04, 2.4665e+00, 2.7210e-02, 
 2DIAGNOSTIC,    45, -5.535126431914e-01, 2.198555927806e-04, 2.4878e+00, 2.1294e-02, 
 2DIAGNOSTIC,    46, -5.536749858347e-01, 1.420760027584e-04, 2.5092e+00, 2.1385e-02, 
 2DIAGNOSTIC,    47, -5.540637255174e-01, 1.001445474784e-04, 2.5314e+00, 2.2268e-02, 
 2DIAGNOSTIC,    48, -5.552174895397e-01, 9.755666269318e-05, 2.5571e+00, 2.5672e-02, 
 2DIAGNOSTIC,    49, -5.585122567504e-01, 1.278390051029e-04, 2.5857e+00, 2.8559e-02, 
 2DIAGNOSTIC,    50, -5.599328778372e-01, 1.648732399838e-04, 2.6157e+00, 3.0083e-02, 
 2DIAGNOSTIC,    51, -5.602750609685e-01, 1.909835809699e-04, 2.6369e+00, 2.1168e-02, 
 2DIAGNOSTIC,    52, -5.606264905992e-01, 2.102781102157e-04, 2.6581e+00, 2.1170e-02, 
 2DIAGNOSTIC,    53, -5.610873042266e-01, 2.174070168566e-04, 2.6794e+00, 2.1366e-02, 
 2DIAGNOSTIC,    54, -5.623474120457e-01, 2.200876412692e-04, 2.7121e+00, 3.2669e-02, 
 2DIAGNOSTIC,    55, -5.625903503952e-01, 2.044761329858e-04, 2.7373e+00, 2.5166e-02, 
 2DIAGNOSTIC,    56, -5.626942710098e-01, 1.729332228919e-04, 2.7611e+00, 2.3782e-02, 
 2DIAGNOSTIC,    57, -5.629733286933e-01, 1.325247173310e-04, 2.7833e+00, 2.2205e-02, 
 2DIAGNOSTIC,    58, -5.637438484691e-01, 9.750195181199e-05, 2.8108e+00, 2.7503e-02, 
 2DIAGNOSTIC,    59, -5.647631399000e-01, 9.211099250746e-05, 2.8350e+00, 2.4251e-02, 
 2DIAGNOSTIC,    60, -5.649786336311e-01, 9.220166136610e-05, 2.8626e+00, 2.7580e-02, 
 2DIAGNOSTIC,    61, -5.652505261756e-01, 8.901534280747e-05, 2.8866e+00, 2.3959e-02, 
 2DIAGNOSTIC,    62, -5.657409850766e-01, 8.461234741266e-05, 2.9108e+00, 2.4286e-02, 
 2DIAGNOSTIC,    63, -5.658896656868e-01, 7.685631404596e-05, 2.9325e+00, 2.1626e-02, 
 2DIAGNOSTIC,    64, -5.659738200890e-01, 7.285604208437e-05, 2.9563e+00, 2.3841e-02, 
 2DIAGNOSTIC,    65, -5.659588835731e-01, 6.394875335107e-05, 2.9810e+00, 2.4703e-02, 
 2DIAGNOSTIC,    66, -5.660658705195e-01, 5.099750421179e-05, 3.0048e+00, 2.3739e-02, 
 2DIAGNOSTIC,    67, -5.660861527888e-01, 3.577604507306e-05, 3.0294e+00, 2.4628e-02, 
 2DIAGNOSTIC,    68, -5.661130684038e-01, 2.353363230550e-05, 3.0504e+00, 2.1005e-02, 
 2DIAGNOSTIC,    69, -5.662897985410e-01, 1.850569433854e-05, 3.0739e+00, 2.3493e-02, 
 2DIAGNOSTIC,    70, -5.663723798181e-01, 1.407539866177e-05, 3.0945e+00, 2.0641e-02, 
 2DIAGNOSTIC,    71, -5.663984988365e-01, 1.055663713669e-05, 3.1188e+00, 2.4272e-02, 
 2DIAGNOSTIC,    72, -5.664473079874e-01, 1.005463264939e-05, 3.1414e+00, 2.2624e-02, 
 2DIAGNOSTIC,    73, -5.664178633662e-01, 9.478302903525e-06, 3.1622e+00, 2.0800e-02, 
 2DIAGNOSTIC,    74, -5.664728725929e-01, 9.028620522180e-06, 3.1851e+00, 2.2927e-02, 
 2DIAGNOSTIC,    75, -5.665537561060e-01, 8.180870158435e-06, 3.2081e+00, 2.2936e-02, 
 2DIAGNOSTIC,    76, -5.665769665107e-01, 7.495892146728e-06, 3.2359e+00, 2.7846e-02, 
 2DIAGNOSTIC,    77, -5.666536167472e-01, 6.822089806780e-06, 3.2615e+00, 2.5541e-02, 
 2DIAGNOSTIC,    78, -5.666574362937e-01, 5.725897774495e-06, 3.2845e+00, 2.2986e-02, 
 2DIAGNOSTIC,    79, -5.667004542153e-01, 5.581132236724e-06, 3.3076e+00, 2.3099e-02, 
 2DIAGNOSTIC,    80, -5.666996721720e-01, 5.457008939514e-06, 3.3275e+00, 1.9943e-02, 
 2DIAGNOSTIC,    81, -5.667025806797e-01, 5.026533996238e-06, 3.3480e+00, 2.0520e-02, 
 2DIAGNOSTIC,    82, -5.667291967162e-01, 4.649926981534e-06, 3.3689e+00, 2.0845e-02, 
 2DIAGNOSTIC,    83, -5.667827057130e-01, 4.013094110765e-06, 3.3891e+00, 2.0234e-02, 
 2DIAGNOSTIC,    84, -5.668866934555e-01, 4.005456380868e-06, 3.4118e+00, 2.2749e-02, 
 2DIAGNOSTIC,    85, -5.669121706749e-01, 4.285540787871e-06, 3.4372e+00, 2.5303e-02, 
 2DIAGNOSTIC,    86, -5.669505690042e-01, 4.551325341884e-06, 3.4652e+00, 2.8053e-02, 
 2DIAGNOSTIC,    87, -5.669844282395e-01, 5.068234245054e-06, 3.4862e+00, 2.0953e-02, 
 2DIAGNOSTIC,    88, -5.670307733265e-01, 5.398378110612e-06, 3.5085e+00, 2.2306e-02, 
 2DIAGNOSTIC,    89, -5.671352126145e-01, 6.080126695064e-06, 3.5327e+00, 2.4276e-02, 
 2DIAGNOSTIC,    90, -5.671765503269e-01, 6.416727819135e-06, 3.5564e+00, 2.3687e-02, 
 2DIAGNOSTIC,    91, -5.672610891294e-01, 6.665179420492e-06, 3.5827e+00, 2.6286e-02, 
 2DIAGNOSTIC,    92, -5.672837069994e-01, 6.568963250159e-06, 3.6040e+00, 2.1284e-02, 
 2DIAGNOSTIC,    93, -5.673824445699e-01, 6.705658409614e-06, 3.6254e+00, 2.1417e-02, 
 2DIAGNOSTIC,    94, -5.674174341406e-01, 6.970874668140e-06, 3.6492e+00, 2.3762e-02, 
 2DIAGNOSTIC,    95, -5.674265859999e-01, 6.773245173517e-06, 3.6730e+00, 2.3799e-02, 
 2DIAGNOSTIC,    96, -5.674735846305e-01, 6.423752861074e-06, 3.6972e+00, 2.4179e-02, 
 2DIAGNOSTIC,    97, -5.674312251136e-01, 5.441851987821e-06, 3.7212e+00, 2.4079e-02, 
 2DIAGNOSTIC,    98, -5.674327416595e-01, 4.232441957162e-06, 3.7479e+00, 2.6640e-02, 
 2DIAGNOSTIC,    99, -5.674264724124e-01, 3.178414540866e-06, 3.7710e+00, 2.3136e-02, 
 2DIAGNOSTIC,   100, -5.674193321649e-01, 2.038690028088e-06, 3.7917e+00, 2.0728e-02, 
 2DIAGNOSTIC,   101, -5.674041991051e-01, 1.113171799952e-06, 3.8124e+00, 2.0675e-02, 
DIAGNOSTIC,Iteration,metricValue,convergenceValue,ITERATION_TIME_INDEX,SINCE_LAST
 2DIAGNOSTIC,     1, -5.013096162448e-01, 1.797693134862e+308, 4.8033e+00, 9.9088e-01, 
 2DIAGNOSTIC,     2, -5.016129224336e-01, 1.797693134862e+308, 5.0046e+00, 2.0131e-01, 
 2DIAGNOSTIC,     3, -5.019694679735e-01, 1.797693134862e+308, 5.1817e+00, 1.7713e-01, 
 2DIAGNOSTIC,     4, -5.021250227101e-01, 1.797693134862e+308, 5.3536e+00, 1.7186e-01, 
 2DIAGNOSTIC,     5, -5.021417465739e-01, 1.797693134862e+308, 5.5367e+00, 1.8308e-01, 
 2DIAGNOSTIC,     6, -5.021875376538e-01, 1.797693134862e+308, 5.7290e+00, 1.9228e-01, 
 2DIAGNOSTIC,     7, -5.022893654271e-01, 1.797693134862e+308, 5.9693e+00, 2.4029e-01, 
 2DIAGNOSTIC,     8, -5.022840835963e-01, 1.797693134862e+308, 6.2187e+00, 2.4948e-01, 
 2DIAGNOSTIC,     9, -5.022876455808e-01, 1.797693134862e+308, 6.4014e+00, 1.8262e-01, 
 2DIAGNOSTIC,    10, -5.022855794629e-01, 1.090746069372e-04, 6.5906e+00, 1.8922e-01, 
 2DIAGNOSTIC,    11, -5.022839076994e-01, 6.179471852438e-05, 6.7799e+00, 1.8933e-01, 
 2DIAGNOSTIC,    12, -5.022821335368e-01, 3.087501841124e-05, 6.9741e+00, 1.9421e-01, 
 2DIAGNOSTIC,    13, -5.022811634635e-01, 1.748151101574e-05, 7.1643e+00, 1.9017e-01, 
 2DIAGNOSTIC,    14, -5.022816477766e-01, 1.101318804109e-05, 7.3756e+00, 2.1130e-01, 
 2DIAGNOSTIC,    15, -5.022812981048e-01, 5.220038191867e-06, 7.5726e+00, 1.9698e-01, 
 2DIAGNOSTIC,    16, -5.022816017986e-01, 1.395696407655e-06, 7.7349e+00, 1.6231e-01, 
 2DIAGNOSTIC,    17, -5.022804824484e-01, 1.435460528679e-06, 7.9314e+00, 1.9655e-01, 
 2DIAGNOSTIC,    18, -5.022817647118e-01, 1.382096377046e-06, 8.1116e+00, 1.8013e-01, 
 2DIAGNOSTIC,    19, -5.022808962286e-01, 1.449177292057e-06, 8.3085e+00, 1.9695e-01, 
 2DIAGNOSTIC,    20, -5.022819957133e-01, 1.504151142376e-06, 8.4775e+00, 1.6897e-01, 
 2DIAGNOSTIC,    21, -5.022846211125e-01, 1.588377786368e-06, 8.6736e+00, 1.9613e-01, 
 2DIAGNOSTIC,    22, -5.022808893472e-01, 1.515562566494e-06, 8.8758e+00, 2.0216e-01, 
 2DIAGNOSTIC,    23, -5.022811281104e-01, 1.427769582903e-06, 9.0655e+00, 1.8976e-01, 
 2DIAGNOSTIC,    24, -5.022812539473e-01, 1.357329680096e-06, 9.2646e+00, 1.9909e-01, 
 2DIAGNOSTIC,    25, -5.022819454414e-01, 1.295298012086e-06, 9.4365e+00, 1.7185e-01, 
 2DIAGNOSTIC,    26, -5.022869193439e-01, 1.350445504887e-06, 9.6404e+00, 2.0396e-01, 
 2DIAGNOSTIC,    27, -5.022875295863e-01, 1.376610276403e-06, 9.8339e+00, 1.9347e-01, 
 2DIAGNOSTIC,    28, -5.022872133202e-01, 1.404646500835e-06, 1.0030e+01, 1.9580e-01, 
 2DIAGNOSTIC,    29, -5.022884677645e-01, 1.413540030241e-06, 1.0284e+01, 2.5468e-01, 
 2DIAGNOSTIC,    30, -5.022888797248e-01, 1.417090461121e-06, 1.0464e+01, 1.7955e-01, 
 2DIAGNOSTIC,    31, -5.022880344394e-01, 1.419545258514e-06, 1.0644e+01, 1.8016e-01, 
 2DIAGNOSTIC,    32, -5.022880124593e-01, 1.318687970937e-06, 1.0802e+01, 1.5748e-01, 
 2DIAGNOSTIC,    33, -5.022885537774e-01, 1.207939504776e-06, 1.0975e+01, 1.7342e-01, 
 2DIAGNOSTIC,    34, -5.022901790316e-01, 1.109684439907e-06, 1.1148e+01, 1.7338e-01, 
 2DIAGNOSTIC,    35, -5.022937076455e-01, 1.065686884193e-06, 1.1360e+01, 2.1136e-01, 
 2DIAGNOSTIC,    36, -5.022954390951e-01, 1.113684904047e-06, 1.1572e+01, 2.1190e-01, 
 2DIAGNOSTIC,    37, -5.022966829398e-01, 1.166354502258e-06, 1.1753e+01, 1.8103e-01, 
 2DIAGNOSTIC,    38, -5.022984549211e-01, 1.208482005886e-06, 1.1969e+01, 2.1632e-01, 
 2DIAGNOSTIC,    39, -5.022988840869e-01, 1.236441765990e-06, 1.2168e+01, 1.9882e-01, 
 2DIAGNOSTIC,    40, -5.022983777964e-01, 1.221407208755e-06, 1.2344e+01, 1.7662e-01, 
 2DIAGNOSTIC,    41, -5.022980839625e-01, 1.151210079327e-06, 1.2544e+01, 1.9945e-01, 
 2DIAGNOSTIC,    42, -5.022977254093e-01, 1.043893220889e-06, 1.2730e+01, 1.8609e-01, 
DIAGNOSTIC,Iteration,metricValue,convergenceValue,ITERATION_TIME_INDEX,SINCE_LAST
 2DIAGNOSTIC,     1, -4.666702790856e-01, 1.797693134862e+308, 1.4851e+01, 2.1213e+00, 
 2DIAGNOSTIC,     2, -4.667303999433e-01, 1.797693134862e+308, 1.5994e+01, 1.1428e+00, 
 2DIAGNOSTIC,     3, -4.668208252311e-01, 1.797693134862e+308, 1.7357e+01, 1.3624e+00, 
 2DIAGNOSTIC,     4, -4.669301090083e-01, 1.797693134862e+308, 1.9247e+01, 1.8903e+00, 
 2DIAGNOSTIC,     5, -4.669286843197e-01, 1.797693134862e+308, 2.0327e+01, 1.0806e+00, 
 2DIAGNOSTIC,     6, -4.669297954502e-01, 1.797693134862e+308, 2.1421e+01, 1.0937e+00, 
 2DIAGNOSTIC,     7, -4.669336486556e-01, 1.797693134862e+308, 2.2638e+01, 1.2165e+00, 
 2DIAGNOSTIC,     8, -4.669337204389e-01, 1.797693134862e+308, 2.4007e+01, 1.3693e+00, 
 2DIAGNOSTIC,     9, -4.669331614193e-01, 1.797693134862e+308, 2.5212e+01, 1.2050e+00, 
 2DIAGNOSTIC,    10, -4.669321839985e-01, 3.484502369629e-05, 2.6422e+01, 1.2102e+00, 
 2DIAGNOSTIC,    11, -4.669321479145e-01, 1.972400485777e-05, 2.7668e+01, 1.2457e+00, 
 2DIAGNOSTIC,    12, -4.669319830658e-01, 8.585262731661e-06, 2.8928e+01, 1.2603e+00, 
 2DIAGNOSTIC,    13, -4.669322183664e-01, 2.721880997827e-06, 3.0132e+01, 1.2037e+00, 
 2DIAGNOSTIC,    14, -4.669322400289e-01, 2.429172178700e-06, 3.2072e+01, 1.9404e+00, 
 2DIAGNOSTIC,    15, -4.669321769892e-01, 2.102182379879e-06, 3.3314e+01, 1.2416e+00, 
 2DIAGNOSTIC,    16, -4.669320350574e-01, 1.850546381008e-06, 3.4597e+01, 1.2827e+00, 
 2DIAGNOSTIC,    17, -4.669319914773e-01, 1.776925317845e-06, 3.5681e+01, 1.0845e+00, 
 2DIAGNOSTIC,    18, -4.669318892633e-01, 1.719132481960e-06, 3.6896e+01, 1.2150e+00, 
 2DIAGNOSTIC,    19, -4.669317290410e-01, 1.649616352038e-06, 3.8149e+01, 1.2532e+00, 
 2DIAGNOSTIC,    20, -4.669316148611e-01, 1.556338209682e-06, 3.9429e+01, 1.2797e+00, 
 2DIAGNOSTIC,    21, -4.669316231076e-01, 1.474629393615e-06, 4.0892e+01, 1.4631e+00, 
 2DIAGNOSTIC,    22, -4.669314886781e-01, 1.395544616201e-06, 4.2097e+01, 1.2045e+00, 
 2DIAGNOSTIC,    23, -4.669314391331e-01, 1.332995935133e-06, 4.3315e+01, 1.2187e+00, 
 2DIAGNOSTIC,    24, -4.669314067039e-01, 1.280156727596e-06, 4.4534e+01, 1.2189e+00, 
 2DIAGNOSTIC,    25, -4.669313855900e-01, 1.233813124321e-06, 4.5805e+01, 1.2706e+00, 
 2DIAGNOSTIC,    26, -4.669314859439e-01, 1.193639737239e-06, 4.7055e+01, 1.2502e+00, 
 2DIAGNOSTIC,    27, -4.669316298774e-01, 1.161471460384e-06, 4.8272e+01, 1.2166e+00, 
 2DIAGNOSTIC,    28, -4.669317229303e-01, 1.133013490598e-06, 4.9624e+01, 1.3524e+00, 
 2DIAGNOSTIC,    29, -4.669316742600e-01, 1.102483607955e-06, 5.0709e+01, 1.0850e+00, 
 2DIAGNOSTIC,    30, -4.669315634403e-01, 1.068946342331e-06, 5.1936e+01, 1.2273e+00, 
 2DIAGNOSTIC,    31, -4.669317897514e-01, 1.041458611219e-06, 5.3136e+01, 1.1997e+00, 
 2DIAGNOSTIC,    32, -4.669316373960e-01, 1.008574321379e-06, 5.4347e+01, 1.2109e+00, 
  Elapsed time (stage 0): 5.5024e+01


Total elapsed time: 5.5027e+01
Info [verificarlo]: loaded backend libinterflop_ieee.so
Info [interflop-ieee]: load backend with:
Info [interflop-ieee]: debug = false
Info [interflop-ieee]: debug-binary = false
Info [interflop-ieee]: no-backend-name = false
Info [interflop-ieee]: print-new-line = false
Info [interflop-ieee]: print-subnormal-normalized = false
Info [interflop-ieee]: count-op = false
All_Command_lines_OK
Using double precision for computations.
=============================================================================
The composite transform comprises the following transforms (in order): 
  1. /home/mdugre/scratch/mri-registration-rp/datasets/ds004513/derivatives/mri-registration-rp/0001/antsRegistration-r7-p7/sub-s032/rigid_Composite.h5[0] (type = Euler3DTransform)
  2. /home/mdugre/scratch/mri-registration-rp/datasets/ds004513/derivatives/mri-registration-rp/0001/antsRegistration-r7-p7/sub-s032/rigid_Composite.h5[1] (type = Euler3DTransform)
  3. /home/mdugre/scratch/mri-registration-rp/datasets/ds004513/derivatives/mri-registration-rp/0001/antsRegistration-r7-p7/sub-s032/rigid_Composite.h5[2] (type = Euler3DTransform)
=============================================================================
  number of levels = 4
  fixed image: /templateflow/tpl-MNI152NLin2009cAsym/tpl-MNI152NLin2009cAsym_res-01_desc-brain_T1w.nii.gz
  moving image: /home/mdugre/scratch/mri-registration-rp/datasets/ds004513/derivatives/mri-registration-rp/antsBrainExtraction/sub-s032/BrainExtractionBrain.nii.gz
Dimension = 3
Number of stages = 1
Use histogram matching = false
Winsorize image intensities = true
  Lower quantile = 0.005
  Upper quantile = 0.995


Stage 1 State
   Image metric = MattesMI
     Fixed image = Image (0x37ef530)
  RTTI typeinfo:   itk::Image<double, 3u>
  Reference Count: 2
  Modified Time: 1592
  Debug: Off
  Object Name: 
  Observers: 
    none
  Source: (none)
  Source output name: (none)
  Release Data: Off
  Data Released: False
  Global Release Data: Off
  PipelineMTime: 0
  UpdateMTime: 1203
  RealTimeStamp: 0 seconds 
  LargestPossibleRegion: 
    Dimension: 3
    Index: [0, 0, 0]
    Size: [193, 229, 193]
  BufferedRegion: 
    Dimension: 3
    Index: [0, 0, 0]
    Size: [193, 229, 193]
  RequestedRegion: 
    Dimension: 3
    Index: [0, 0, 0]
    Size: [193, 229, 193]
  Spacing: [1, 1, 1]
  Origin: [96, 132, -78]
  Direction: 
-1 0 0
0 -1 0
0 0 1

  IndexToPointMatrix: 
-1 0 0
0 -1 0
0 0 1

  PointToIndexMatrix: 
-1 0 0
0 -1 0
0 0 1

  Inverse Direction: 
-1 0 0
0 -1 0
0 0 1

  PixelContainer: 
    ImportImageContainer (0x38a82a0)
      RTTI typeinfo:   itk::ImportImageContainer<unsigned long, double>
      Reference Count: 1
      Modified Time: 1200
      Debug: Off
      Object Name: 
      Observers: 
        none
      Pointer: 0x149f4a599010
      Container manages memory: true
      Size: 8530021
      Capacity: 8530021

     Moving image = Image (0x38aae60)
  RTTI typeinfo:   itk::Image<double, 3u>
  Reference Count: 2
  Modified Time: 1593
  Debug: Off
  Object Name: 
  Observers: 
    none
  Source: (none)
  Source output name: (none)
  Release Data: Off
  Data Released: False
  Global Release Data: Off
  PipelineMTime: 0
  UpdateMTime: 1590
  RealTimeStamp: 0 seconds 
  LargestPossibleRegion: 
    Dimension: 3
    Index: [0, 0, 0]
    Size: [160, 240, 256]
  BufferedRegion: 
    Dimension: 3
    Index: [0, 0, 0]
    Size: [160, 240, 256]
  RequestedRegion: 
    Dimension: 3
    Index: [0, 0, 0]
    Size: [160, 240, 256]
  Spacing: [1, 1, 1]
  Origin: [73.279, 104.707, -131.187]
  Direction: 
-0.997527 0.0645574 -0.0278053
-0.0645323 -0.997914 -0.00179875
-0.0278634 4.01097e-08 0.999612

  IndexToPointMatrix: 
-0.997527 0.0645574 -0.0278053
-0.0645323 -0.997914 -0.00179875
-0.0278634 4.01097e-08 0.999612

  PointToIndexMatrix: 
-0.997527 -0.0645323 -0.0278634
0.0645574 -0.997914 4.01049e-08
-0.0278053 -0.00179875 0.999612

  Inverse Direction: 
-0.997527 -0.0645323 -0.0278634
0.0645574 -0.997914 4.01049e-08
-0.0278053 -0.00179875 0.999612

  PixelContainer: 
    ImportImageContainer (0x38de390)
      RTTI typeinfo:   itk::ImportImageContainer<unsigned long, double>
      Reference Count: 1
      Modified Time: 1587
      Debug: Off
      Object Name: 
      Observers: 
        none
      Pointer: 0x149f45a98010
      Container manages memory: true
      Size: 9830400
      Capacity: 9830400

     Weighting = 1
     Sampling strategy = regular
     Number of bins = 32
     Radius = 4
     Sampling percentage  = 0.25
   Transform = Affine
     Gradient step = 0.1
     Update field sigma (voxel space) = 0
     Total field sigma (voxel space) = 0
     Update field time sigma = 0
     Total field time sigma  = 0
     Number of time indices = 0
     Number of time point samples = 0
Registration using 1 total stages.

Stage 0
  iterations = 1000x500x250x100
  convergence threshold = 1e-06
  convergence window size = 10
  number of levels = 4
  using the Mattes MI metric (number of bins = 32, weight = 1, use gradient filter = 0)
  preprocessing:  winsorizing the image intensities
  Shrink factors (level 1 out of 4): [8, 8, 8]
  Shrink factors (level 2 out of 4): [4, 4, 4]
  Shrink factors (level 3 out of 4): [2, 2, 2]
  Shrink factors (level 4 out of 4): [1, 1, 1]
  smoothing sigmas per level: [3, 2, 1, 0]
  regular sampling (percentage = 0.25)

*** Running AffineTransform registration ***

DIAGNOSTIC,Iteration,metricValue,convergenceValue,ITERATION_TIME_INDEX,SINCE_LAST
 2DIAGNOSTIC,     1, -6.835926643205e-01, 1.797693134862e+308, 7.0063e-01, 7.0063e-01, 
 2DIAGNOSTIC,     2, -6.859035915363e-01, 1.797693134862e+308, 7.0427e-01, 3.6340e-03, 
 2DIAGNOSTIC,     3, -6.890439391668e-01, 1.797693134862e+308, 7.0779e-01, 3.5231e-03, 
 2DIAGNOSTIC,     4, -6.947970199677e-01, 1.797693134862e+308, 7.1140e-01, 3.6092e-03, 
 2DIAGNOSTIC,     5, -7.059082519092e-01, 1.797693134862e+308, 7.1520e-01, 3.7990e-03, 
 2DIAGNOSTIC,     6, -7.237332532561e-01, 1.797693134862e+308, 7.1910e-01, 3.9020e-03, 
 2DIAGNOSTIC,     7, -7.239573349486e-01, 1.797693134862e+308, 7.2263e-01, 3.5260e-03, 
 2DIAGNOSTIC,     8, -7.252706103219e-01, 1.797693134862e+308, 7.2642e-01, 3.7911e-03, 
 2DIAGNOSTIC,     9, -7.278591539327e-01, 1.797693134862e+308, 7.2987e-01, 3.4502e-03, 
 2DIAGNOSTIC,    10, -7.323653963336e-01, 5.109175882034e-03, 7.3344e-01, 3.5748e-03, 
 2DIAGNOSTIC,    11, -7.347197708882e-01, 4.322127573839e-03, 7.3750e-01, 4.0591e-03, 
 2DIAGNOSTIC,    12, -7.365178203317e-01, 3.423389133760e-03, 7.4176e-01, 4.2548e-03, 
 2DIAGNOSTIC,    13, -7.367594873428e-01, 2.470669437514e-03, 7.4558e-01, 3.8230e-03, 
 2DIAGNOSTIC,    14, -7.377964489982e-01, 1.623022429720e-03, 7.4996e-01, 4.3828e-03, 
 2DIAGNOSTIC,    15, -7.379356146108e-01, 1.025206122561e-03, 7.5395e-01, 3.9899e-03, 
 2DIAGNOSTIC,    16, -7.379344477487e-01, 8.503375278030e-04, 7.5753e-01, 3.5729e-03, 
 2DIAGNOSTIC,    17, -7.379664307190e-01, 6.255499204538e-04, 7.6150e-01, 3.9761e-03, 
 2DIAGNOSTIC,    18, -7.380907691113e-01, 4.003285653796e-04, 7.6550e-01, 3.9930e-03, 
 2DIAGNOSTIC,    19, -7.381079100319e-01, 2.144450853865e-04, 7.6905e-01, 3.5520e-03, 
 2DIAGNOSTIC,    20, -7.383573178659e-01, 1.202958221538e-04, 7.7264e-01, 3.5920e-03, 
 2DIAGNOSTIC,    21, -7.390035647008e-01, 7.963306876583e-05, 7.7664e-01, 4.0011e-03, 
 2DIAGNOSTIC,    22, -7.393764571558e-01, 7.400113171860e-05, 7.8090e-01, 4.2541e-03, 
 2DIAGNOSTIC,    23, -7.406073117708e-01, 8.666787548707e-05, 7.8600e-01, 5.1050e-03, 
 2DIAGNOSTIC,    24, -7.408963826995e-01, 1.114840652880e-04, 7.8959e-01, 3.5908e-03, 
 2DIAGNOSTIC,    25, -7.409620585095e-01, 1.272778997485e-04, 7.9365e-01, 4.0588e-03, 
 2DIAGNOSTIC,    26, -7.417485908977e-01, 1.419318316483e-04, 7.9838e-01, 4.7290e-03, 
 2DIAGNOSTIC,    27, -7.420671993482e-01, 1.468771492759e-04, 8.0240e-01, 4.0200e-03, 
 2DIAGNOSTIC,    28, -7.420457014498e-01, 1.390429825173e-04, 8.0665e-01, 4.2500e-03, 
 2DIAGNOSTIC,    29, -7.421964251967e-01, 1.211929738097e-04, 8.1067e-01, 4.0200e-03, 
 2DIAGNOSTIC,    30, -7.422456293356e-01, 9.710576976685e-05, 8.1445e-01, 3.7801e-03, 
 2DIAGNOSTIC,    31, -7.422257190781e-01, 7.331164005184e-05, 8.1805e-01, 3.6049e-03, 
 2DIAGNOSTIC,    32, -7.422775528906e-01, 4.892154814187e-05, 8.2206e-01, 4.0069e-03, 
 2DIAGNOSTIC,    33, -7.427299272202e-01, 4.137245730273e-05, 8.2606e-01, 4.0019e-03, 
 2DIAGNOSTIC,    34, -7.427018482983e-01, 3.339862347285e-05, 8.2963e-01, 3.5682e-03, 
 2DIAGNOSTIC,    35, -7.428589582791e-01, 2.513227104807e-05, 8.3447e-01, 4.8411e-03, 
 2DIAGNOSTIC,    36, -7.428741227763e-01, 2.363566608456e-05, 8.3807e-01, 3.5989e-03, 
 2DIAGNOSTIC,    37, -7.429098057277e-01, 2.379506734491e-05, 8.4164e-01, 3.5720e-03, 
 2DIAGNOSTIC,    38, -7.429711118633e-01, 2.206763048880e-05, 8.4607e-01, 4.4260e-03, 
 2DIAGNOSTIC,    39, -7.430164813666e-01, 2.032294134214e-05, 8.4963e-01, 3.5610e-03, 
 2DIAGNOSTIC,    40, -7.430478444761e-01, 1.764759774724e-05, 8.5375e-01, 4.1189e-03, 
 2DIAGNOSTIC,    41, -7.430829854874e-01, 1.367207441516e-05, 8.5774e-01, 3.9871e-03, 
 2DIAGNOSTIC,    42, -7.435032243444e-01, 1.290900579254e-05, 8.6302e-01, 5.2869e-03, 
 2DIAGNOSTIC,    43, -7.436419784601e-01, 1.626429935626e-05, 8.6687e-01, 3.8500e-03, 
 2DIAGNOSTIC,    44, -7.436253378625e-01, 1.756060459142e-05, 8.7068e-01, 3.8090e-03, 
 2DIAGNOSTIC,    45, -7.436367429271e-01, 1.871871353033e-05, 8.7457e-01, 3.8869e-03, 
 2DIAGNOSTIC,    46, -7.437550561231e-01, 1.922617445442e-05, 8.7814e-01, 3.5751e-03, 
 2DIAGNOSTIC,    47, -7.438719250323e-01, 1.909648102480e-05, 8.8281e-01, 4.6670e-03, 
 2DIAGNOSTIC,    48, -7.439675753934e-01, 1.842676941839e-05, 8.8682e-01, 4.0112e-03, 
 2DIAGNOSTIC,    49, -7.439689414061e-01, 1.650570351465e-05, 8.9083e-01, 4.0030e-03, 
 2DIAGNOSTIC,    50, -7.439713504292e-01, 1.347264453818e-05, 8.9784e-01, 7.0150e-03, 
