
##########################
# Experiment information #
##########################

EXPERIMENT_NAME: antsRegistration-r7-p11
VFC_BACKENDS: libinterflop_vprec.so --range-binary32=7 --precision-binary32=11 --range-binary64=7 --precision-binary64=11

SIF_IMG: /home/mdugre/projects/rrg-glatard/mdugre/containers/ants-vprec-no_metrics.simg

SUBJECT_ID: s003
INPUT_IMG: /home/mdugre/scratch/mri-registration-rp/datasets/ds004513/derivatives/mri-registration-rp/antsBrainExtraction/sub-s003/BrainExtractionBrain.nii.gz
OUTPUT_DIR: /home/mdugre/scratch/mri-registration-rp/datasets/ds004513/derivatives/mri-registration-rp/0001/antsRegistration-r7-p11/sub-s003

FIXED_IMG: /templateflow/tpl-MNI152NLin2009cAsym/tpl-MNI152NLin2009cAsym_res-01_desc-brain_T1w.nii.gz
DATA_DIR: /home/mdugre/scratch/mri-registration-rp/datasets/ds004513
TEMPLATEFLOW_DIR: /home/mdugre/projects/rrg-glatard/mdugre/templateflow
ITK_GLOBAL_DEFAULT_NUMBER_OF_THREADS: 16
##########################

Info [verificarlo]: loaded backend libinterflop_ieee.so
Info [interflop-ieee]: load backend with:
Info [interflop-ieee]: debug = false
Info [interflop-ieee]: debug-binary = false
Info [interflop-ieee]: no-backend-name = false
Info [interflop-ieee]: print-new-line = false
Info [interflop-ieee]: print-subnormal-normalized = false
Info [interflop-ieee]: count-op = false
All_Command_lines_OK
Using double precision for computations.
=============================================================================
The composite transform comprises the following transforms (in order): 
  1. Center of mass alignment using fixed image: /templateflow/tpl-MNI152NLin2009cAsym/tpl-MNI152NLin2009cAsym_res-01_desc-brain_T1w.nii.gz and moving image: /home/mdugre/scratch/mri-registration-rp/datasets/ds004513/derivatives/mri-registration-rp/antsBrainExtraction/sub-s003/BrainExtractionBrain.nii.gz (type = Euler3DTransform)
=============================================================================
  number of levels = 1
  fixed image: /templateflow/tpl-MNI152NLin2009cAsym/tpl-MNI152NLin2009cAsym_res-01_desc-brain_T1w.nii.gz
  moving image: /home/mdugre/scratch/mri-registration-rp/datasets/ds004513/derivatives/mri-registration-rp/antsBrainExtraction/sub-s003/BrainExtractionBrain.nii.gz
Dimension = 3
Number of stages = 1
Use histogram matching = false
Winsorize image intensities = true
  Lower quantile = 0.005
  Upper quantile = 0.995


Stage 1 State
   Image metric = MattesMI
     Fixed image = Image (0x48a5e70)
  RTTI typeinfo:   itk::Image<double, 3u>
  Reference Count: 2
  Modified Time: 2334
  Debug: Off
  Object Name: 
  Observers: 
    none
  Source: (none)
  Source output name: (none)
  Release Data: Off
  Data Released: False
  Global Release Data: Off
  PipelineMTime: 0
  UpdateMTime: 1943
  RealTimeStamp: 0 seconds 
  LargestPossibleRegion: 
    Dimension: 3
    Index: [0, 0, 0]
    Size: [193, 229, 193]
  BufferedRegion: 
    Dimension: 3
    Index: [0, 0, 0]
    Size: [193, 229, 193]
  RequestedRegion: 
    Dimension: 3
    Index: [0, 0, 0]
    Size: [193, 229, 193]
  Spacing: [1, 1, 1]
  Origin: [96, 132, -78]
  Direction: 
-1 0 0
0 -1 0
0 0 1

  IndexToPointMatrix: 
-1 0 0
0 -1 0
0 0 1

  PointToIndexMatrix: 
-1 0 0
0 -1 0
0 0 1

  Inverse Direction: 
-1 0 0
0 -1 0
0 0 1

  PixelContainer: 
    ImportImageContainer (0x48b2140)
      RTTI typeinfo:   itk::ImportImageContainer<unsigned long, double>
      Reference Count: 1
      Modified Time: 1940
      Debug: Off
      Object Name: 
      Observers: 
        none
      Pointer: 0x14984245a010
      Container manages memory: true
      Size: 8530021
      Capacity: 8530021

     Moving image = Image (0x48af310)
  RTTI typeinfo:   itk::Image<double, 3u>
  Reference Count: 2
  Modified Time: 2335
  Debug: Off
  Object Name: 
  Observers: 
    none
  Source: (none)
  Source output name: (none)
  Release Data: Off
  Data Released: False
  Global Release Data: Off
  PipelineMTime: 0
  UpdateMTime: 2332
  RealTimeStamp: 0 seconds 
  LargestPossibleRegion: 
    Dimension: 3
    Index: [0, 0, 0]
    Size: [176, 240, 256]
  BufferedRegion: 
    Dimension: 3
    Index: [0, 0, 0]
    Size: [176, 240, 256]
  RequestedRegion: 
    Dimension: 3
    Index: [0, 0, 0]
    Size: [176, 240, 256]
  Spacing: [0.999999, 1, 1]
  Origin: [93.3499, 86.9368, -128.957]
  Direction: 
-0.999513 -0.0279216 -0.0139567
0.0279189 -0.99961 0.000389866
-0.0139622 2.01492e-08 0.999903

  IndexToPointMatrix: 
-0.999512 -0.0279216 -0.0139567
0.0279189 -0.99961 0.000389866
-0.0139621 2.01492e-08 0.999903

  PointToIndexMatrix: 
-0.999514 0.0279189 -0.0139622
-0.0279216 -0.99961 2.01716e-08
-0.0139567 0.000389866 0.999903

  Inverse Direction: 
-0.999513 0.0279189 -0.0139622
-0.0279216 -0.99961 2.01716e-08
-0.0139567 0.000389866 0.999903

  PixelContainer: 
    ImportImageContainer (0x49da610)
      RTTI typeinfo:   itk::ImportImageContainer<unsigned long, double>
      Reference Count: 1
      Modified Time: 2329
      Debug: Off
      Object Name: 
      Observers: 
        none
      Pointer: 0x14983d1d9010
      Container manages memory: true
      Size: 10813440
      Capacity: 10813440

     Weighting = 1
     Sampling strategy = regular
     Number of bins = 32
     Radius = 4
     Sampling percentage  = 0.25
   Transform = Rigid
     Gradient step = 0.1
     Update field sigma (voxel space) = 0
     Total field sigma (voxel space) = 0
     Update field time sigma = 0
     Total field time sigma  = 0
     Number of time indices = 0
     Number of time point samples = 0
Registration using 1 total stages.

Stage 0
  iterations = 0
  convergence threshold = 1e-06
  convergence window size = 10
  number of levels = 1
  using the Mattes MI metric (number of bins = 32, weight = 1, use gradient filter = 0)
  preprocessing:  winsorizing the image intensities
  Shrink factors (level 1 out of 1): [1, 1, 1]
  smoothing sigmas per level: [0]
  regular sampling (percentage = 0.25)

*** Running Euler3DTransform registration ***

  Elapsed time (stage 0): 1.13024


Total elapsed time: 1.13256
Info [verificarlo]: loaded backend libinterflop_ieee.so
Info [interflop-ieee]: load backend with:
Info [interflop-ieee]: debug = false
Info [interflop-ieee]: debug-binary = false
Info [interflop-ieee]: no-backend-name = false
Info [interflop-ieee]: print-new-line = false
Info [interflop-ieee]: print-subnormal-normalized = false
Info [interflop-ieee]: count-op = false
All_Command_lines_OK
Using double precision for computations.
=============================================================================
The composite transform comprises the following transforms (in order): 
  1. /home/mdugre/scratch/mri-registration-rp/datasets/ds004513/derivatives/mri-registration-rp/0001/antsRegistration-r7-p11/sub-s003/align_Composite.h5[0] (type = Euler3DTransform)
  2. /home/mdugre/scratch/mri-registration-rp/datasets/ds004513/derivatives/mri-registration-rp/0001/antsRegistration-r7-p11/sub-s003/align_Composite.h5[1] (type = Euler3DTransform)
=============================================================================
  number of levels = 4
  fixed image: /templateflow/tpl-MNI152NLin2009cAsym/tpl-MNI152NLin2009cAsym_res-01_desc-brain_T1w.nii.gz
  moving image: /home/mdugre/scratch/mri-registration-rp/datasets/ds004513/derivatives/mri-registration-rp/antsBrainExtraction/sub-s003/BrainExtractionBrain.nii.gz
Dimension = 3
Number of stages = 1
Use histogram matching = false
Winsorize image intensities = true
  Lower quantile = 0.005
  Upper quantile = 0.995


Stage 1 State
   Image metric = MattesMI
     Fixed image = Image (0x4d4a530)
  RTTI typeinfo:   itk::Image<double, 3u>
  Reference Count: 2
  Modified Time: 1580
  Debug: Off
  Object Name: 
  Observers: 
    none
  Source: (none)
  Source output name: (none)
  Release Data: Off
  Data Released: False
  Global Release Data: Off
  PipelineMTime: 0
  UpdateMTime: 1189
  RealTimeStamp: 0 seconds 
  LargestPossibleRegion: 
    Dimension: 3
    Index: [0, 0, 0]
    Size: [193, 229, 193]
  BufferedRegion: 
    Dimension: 3
    Index: [0, 0, 0]
    Size: [193, 229, 193]
  RequestedRegion: 
    Dimension: 3
    Index: [0, 0, 0]
    Size: [193, 229, 193]
  Spacing: [1, 1, 1]
  Origin: [96, 132, -78]
  Direction: 
-1 0 0
0 -1 0
0 0 1

  IndexToPointMatrix: 
-1 0 0
0 -1 0
0 0 1

  PointToIndexMatrix: 
-1 0 0
0 -1 0
0 0 1

  Inverse Direction: 
-1 0 0
0 -1 0
0 0 1

  PixelContainer: 
    ImportImageContainer (0x4e08d60)
      RTTI typeinfo:   itk::ImportImageContainer<unsigned long, double>
      Reference Count: 1
      Modified Time: 1186
      Debug: Off
      Object Name: 
      Observers: 
        none
      Pointer: 0x14bb6f127010
      Container manages memory: true
      Size: 8530021
      Capacity: 8530021

     Moving image = Image (0x4dfaf60)
  RTTI typeinfo:   itk::Image<double, 3u>
  Reference Count: 2
  Modified Time: 1581
  Debug: Off
  Object Name: 
  Observers: 
    none
  Source: (none)
  Source output name: (none)
  Release Data: Off
  Data Released: False
  Global Release Data: Off
  PipelineMTime: 0
  UpdateMTime: 1578
  RealTimeStamp: 0 seconds 
  LargestPossibleRegion: 
    Dimension: 3
    Index: [0, 0, 0]
    Size: [176, 240, 256]
  BufferedRegion: 
    Dimension: 3
    Index: [0, 0, 0]
    Size: [176, 240, 256]
  RequestedRegion: 
    Dimension: 3
    Index: [0, 0, 0]
    Size: [176, 240, 256]
  Spacing: [0.999999, 1, 1]
  Origin: [93.3499, 86.9368, -128.957]
  Direction: 
-0.999513 -0.0279216 -0.0139567
0.0279189 -0.99961 0.000389866
-0.0139622 2.01492e-08 0.999903

  IndexToPointMatrix: 
-0.999512 -0.0279216 -0.0139567
0.0279189 -0.99961 0.000389866
-0.0139621 2.01492e-08 0.999903

  PointToIndexMatrix: 
-0.999514 0.0279189 -0.0139622
-0.0279216 -0.99961 2.01716e-08
-0.0139567 0.000389866 0.999903

  Inverse Direction: 
-0.999513 0.0279189 -0.0139622
-0.0279216 -0.99961 2.01716e-08
-0.0139567 0.000389866 0.999903

  PixelContainer: 
    ImportImageContainer (0x4dec6d0)
      RTTI typeinfo:   itk::ImportImageContainer<unsigned long, double>
      Reference Count: 1
      Modified Time: 1575
      Debug: Off
      Object Name: 
      Observers: 
        none
      Pointer: 0x14bb69ea6010
      Container manages memory: true
      Size: 10813440
      Capacity: 10813440

     Weighting = 1
     Sampling strategy = regular
     Number of bins = 32
     Radius = 4
     Sampling percentage  = 0.25
   Transform = Rigid
     Gradient step = 0.1
     Update field sigma (voxel space) = 0
     Total field sigma (voxel space) = 0
     Update field time sigma = 0
     Total field time sigma  = 0
     Number of time indices = 0
     Number of time point samples = 0
Registration using 1 total stages.

Stage 0
  iterations = 1000x500x250x100
  convergence threshold = 1e-06
  convergence window size = 10
  number of levels = 4
  using the Mattes MI metric (number of bins = 32, weight = 1, use gradient filter = 0)
  preprocessing:  winsorizing the image intensities
  Shrink factors (level 1 out of 4): [8, 8, 8]
  Shrink factors (level 2 out of 4): [4, 4, 4]
  Shrink factors (level 3 out of 4): [2, 2, 2]
  Shrink factors (level 4 out of 4): [1, 1, 1]
  smoothing sigmas per level: [3, 2, 1, 0]
  regular sampling (percentage = 0.25)

*** Running Euler3DTransform registration ***

DIAGNOSTIC,Iteration,metricValue,convergenceValue,ITERATION_TIME_INDEX,SINCE_LAST
 2DIAGNOSTIC,     1, -4.871187133941e-01, 1.797693134862e+308, 7.7315e-01, 7.7315e-01, 
 2DIAGNOSTIC,     2, -4.887966556740e-01, 1.797693134862e+308, 7.7742e-01, 4.2629e-03, 
 2DIAGNOSTIC,     3, -4.919242839642e-01, 1.797693134862e+308, 7.8150e-01, 4.0829e-03, 
 2DIAGNOSTIC,     4, -5.019092629522e-01, 1.797693134862e+308, 7.8566e-01, 4.1621e-03, 
 2DIAGNOSTIC,     5, -5.198319788477e-01, 1.797693134862e+308, 7.8977e-01, 4.1108e-03, 
 2DIAGNOSTIC,     6, -5.251449584180e-01, 1.797693134862e+308, 7.9385e-01, 4.0731e-03, 
 2DIAGNOSTIC,     7, -5.365118080768e-01, 1.797693134862e+308, 7.9807e-01, 4.2262e-03, 
 2DIAGNOSTIC,     8, -5.564319077261e-01, 1.797693134862e+308, 8.0411e-01, 6.0358e-03, 
 2DIAGNOSTIC,     9, -5.572786469687e-01, 1.797693134862e+308, 8.0786e-01, 3.7560e-03, 
 2DIAGNOSTIC,    10, -5.597886110608e-01, 1.060089541986e-02, 8.1236e-01, 4.4930e-03, 
 2DIAGNOSTIC,    11, -5.645450860914e-01, 9.471656029002e-03, 8.1634e-01, 3.9830e-03, 
 2DIAGNOSTIC,    12, -5.675342641672e-01, 7.901754414630e-03, 8.2097e-01, 4.6251e-03, 
 2DIAGNOSTIC,    13, -5.685174641935e-01, 6.033280802480e-03, 8.2555e-01, 4.5829e-03, 
 2DIAGNOSTIC,    14, -5.693412095342e-01, 4.302087948771e-03, 8.3073e-01, 5.1820e-03, 
 2DIAGNOSTIC,    15, -5.718972801998e-01, 3.155204981958e-03, 8.3527e-01, 4.5421e-03, 
 2DIAGNOSTIC,    16, -5.734788767073e-01, 2.091398053255e-03, 8.3924e-01, 3.9620e-03, 
 2DIAGNOSTIC,    17, -5.737823402463e-01, 1.310029424176e-03, 8.4322e-01, 3.9880e-03, 
 2DIAGNOSTIC,    18, -5.749452616696e-01, 1.114936190122e-03, 8.4724e-01, 4.0152e-03, 
 2DIAGNOSTIC,    19, -5.774392255374e-01, 9.301256922625e-04, 8.5366e-01, 6.4180e-03, 
 2DIAGNOSTIC,    20, -5.782944999928e-01, 7.612328991440e-04, 8.5839e-01, 4.7359e-03, 
 2DIAGNOSTIC,    21, -5.788863756070e-01, 6.687985512260e-04, 8.6279e-01, 4.4010e-03, 
 2DIAGNOSTIC,    22, -5.857337702072e-01, 7.546209607400e-04, 8.6692e-01, 4.1280e-03, 
 2DIAGNOSTIC,    23, -6.028589200252e-01, 1.162232406077e-03, 8.7180e-01, 4.8740e-03, 
 2DIAGNOSTIC,    24, -6.086613850980e-01, 1.554691271696e-03, 8.7748e-01, 5.6870e-03, 
 2DIAGNOSTIC,    25, -6.127624321905e-01, 1.904928911512e-03, 8.8229e-01, 4.8051e-03, 
 2DIAGNOSTIC,    26, -6.171330104177e-01, 2.167612468799e-03, 8.8713e-01, 4.8470e-03, 
 2DIAGNOSTIC,    27, -6.180829711534e-01, 2.226134270280e-03, 8.9113e-01, 3.9921e-03, 
 2DIAGNOSTIC,    28, -6.204355231576e-01, 2.128618137778e-03, 8.9599e-01, 4.8599e-03, 
 2DIAGNOSTIC,    29, -6.216541957205e-01, 1.901236668921e-03, 9.0016e-01, 4.1711e-03, 
 2DIAGNOSTIC,    30, -6.252686898706e-01, 1.589741172761e-03, 9.0498e-01, 4.8220e-03, 
 2DIAGNOSTIC,    31, -6.305777572196e-01, 1.244381568937e-03, 9.0916e-01, 4.1780e-03, 
 2DIAGNOSTIC,    32, -6.437128331920e-01, 1.107474383981e-03, 9.1436e-01, 5.2040e-03, 
 2DIAGNOSTIC,    33, -6.470250781664e-01, 1.176375320362e-03, 9.1864e-01, 4.2779e-03, 
 2DIAGNOSTIC,    34, -6.489206195020e-01, 1.241873871061e-03, 9.2518e-01, 6.5429e-03, 
 2DIAGNOSTIC,    35, -6.509315404752e-01, 1.271867982168e-03, 9.2940e-01, 4.2210e-03, 
 2DIAGNOSTIC,    36, -6.520054180602e-01, 1.251972723497e-03, 9.3375e-01, 4.3511e-03, 
 2DIAGNOSTIC,    37, -6.528675816361e-01, 1.135512198740e-03, 9.3804e-01, 4.2861e-03, 
 2DIAGNOSTIC,    38, -6.532426909008e-01, 9.531122777891e-04, 9.4235e-01, 4.3130e-03, 
 2DIAGNOSTIC,    39, -6.541829633892e-01, 7.191941589127e-04, 9.4844e-01, 6.0861e-03, 
 2DIAGNOSTIC,    40, -6.542230729455e-01, 4.742162026303e-04, 9.5266e-01, 4.2250e-03, 
 2DIAGNOSTIC,    41, -6.546714109253e-01, 2.613787037481e-04, 9.5690e-01, 4.2379e-03, 
 2DIAGNOSTIC,    42, -6.552158911469e-01, 1.908637625091e-04, 9.6265e-01, 5.7440e-03, 
 2DIAGNOSTIC,    43, -6.554088750974e-01, 1.445553504369e-04, 9.6694e-01, 4.2901e-03, 
 2DIAGNOSTIC,    44, -6.554499355758e-01, 1.074817293080e-04, 9.7117e-01, 4.2350e-03, 
 2DIAGNOSTIC,    45, -6.555122862652e-01, 8.392027988871e-05, 9.7538e-01, 4.2119e-03, 
 2DIAGNOSTIC,    46, -6.555917255263e-01, 6.535182736248e-05, 9.8011e-01, 4.7300e-03, 
 2DIAGNOSTIC,    47, -6.557560523026e-01, 5.174303000959e-05, 9.8496e-01, 4.8420e-03, 
 2DIAGNOSTIC,    48, -6.557076842336e-01, 3.683764433136e-05, 9.8975e-01, 4.7951e-03, 
 2DIAGNOSTIC,    49, -6.556637320275e-01, 2.795700879380e-05, 9.9392e-01, 4.1740e-03, 
 2DIAGNOSTIC,    50, -6.556333834926e-01, 1.693635770795e-05, 9.9814e-01, 4.2191e-03, 
 2DIAGNOSTIC,    51, -6.558712452481e-01, 1.103527146859e-05, 1.0028e+00, 4.7050e-03, 
 2DIAGNOSTIC,    52, -6.560379639924e-01, 1.069416025017e-05, 1.0076e+00, 4.7221e-03, 
 2DIAGNOSTIC,    53, -6.559757267681e-01, 1.055533936268e-05, 1.0125e+00, 4.9222e-03, 
 2DIAGNOSTIC,    54, -6.558252080079e-01, 8.613246780614e-06, 1.0177e+00, 5.1780e-03, 
 2DIAGNOSTIC,    55, -6.556809906853e-01, 5.327642359790e-06, 1.0218e+00, 4.1270e-03, 
 2DIAGNOSTIC,    56, -6.557640463466e-01, 2.998151409594e-06, 1.0270e+00, 5.1939e-03, 
 2DIAGNOSTIC,    57, -6.557803311692e-01, 1.929220118362e-06, 1.0318e+00, 4.7781e-03, 
DIAGNOSTIC,Iteration,metricValue,convergenceValue,ITERATION_TIME_INDEX,SINCE_LAST
 2DIAGNOSTIC,     1, -5.251972963821e-01, 1.797693134862e+308, 1.7576e+00, 7.2578e-01, 
 2DIAGNOSTIC,     2, -5.258226703059e-01, 1.797693134862e+308, 1.7880e+00, 3.0441e-02, 
 2DIAGNOSTIC,     3, -5.266040108073e-01, 1.797693134862e+308, 1.8171e+00, 2.9095e-02, 
 2DIAGNOSTIC,     4, -5.273926188127e-01, 1.797693134862e+308, 1.8466e+00, 2.9545e-02, 
 2DIAGNOSTIC,     5, -5.278927961424e-01, 1.797693134862e+308, 1.8744e+00, 2.7739e-02, 
 2DIAGNOSTIC,     6, -5.282320388611e-01, 1.797693134862e+308, 1.9056e+00, 3.1189e-02, 
 2DIAGNOSTIC,     7, -5.296101397413e-01, 1.797693134862e+308, 1.9369e+00, 3.1339e-02, 
 2DIAGNOSTIC,     8, -5.311494169084e-01, 1.797693134862e+308, 1.9808e+00, 4.3872e-02, 
 2DIAGNOSTIC,     9, -5.324543480197e-01, 1.797693134862e+308, 2.0169e+00, 3.6162e-02, 
 2DIAGNOSTIC,    10, -5.328845031372e-01, 9.580304021197e-04, 2.0495e+00, 3.2516e-02, 
 2DIAGNOSTIC,    11, -5.332566441072e-01, 8.926910865780e-04, 2.0878e+00, 3.8388e-02, 
 2DIAGNOSTIC,    12, -5.334672930473e-01, 7.950982610607e-04, 2.1186e+00, 3.0753e-02, 
 2DIAGNOSTIC,    13, -5.336303121199e-01, 6.783499799126e-04, 2.1509e+00, 3.2273e-02, 
 2DIAGNOSTIC,    14, -5.337434696335e-01, 5.510521559480e-04, 2.1819e+00, 3.1036e-02, 
 2DIAGNOSTIC,    15, -5.341756893034e-01, 4.247838406689e-04, 2.2173e+00, 3.5377e-02, 
 2DIAGNOSTIC,    16, -5.351396372094e-01, 3.186952013150e-04, 2.2528e+00, 3.5509e-02, 
 2DIAGNOSTIC,    17, -5.355974240327e-01, 2.523471071303e-04, 2.2897e+00, 3.6942e-02, 
 2DIAGNOSTIC,    18, -5.357023742127e-01, 2.184442140149e-04, 2.3254e+00, 3.5662e-02, 
 2DIAGNOSTIC,    19, -5.357324493248e-01, 2.059164920663e-04, 2.3598e+00, 3.4448e-02, 
 2DIAGNOSTIC,    20, -5.357280019390e-01, 1.868198944904e-04, 2.3958e+00, 3.5982e-02, 
 2DIAGNOSTIC,    21, -5.357116966294e-01, 1.608623337671e-04, 2.4259e+00, 3.0099e-02, 
 2DIAGNOSTIC,    22, -5.357037170019e-01, 1.271574554642e-04, 2.4575e+00, 3.1558e-02, 
 2DIAGNOSTIC,    23, -5.356802580813e-01, 8.821202392703e-05, 2.4942e+00, 3.6767e-02, 
 2DIAGNOSTIC,    24, -5.356842102432e-01, 4.713738318170e-05, 2.5236e+00, 2.9400e-02, 
 2DIAGNOSTIC,    25, -5.356750049771e-01, 1.365337537183e-05, 2.5572e+00, 3.3517e-02, 
 2DIAGNOSTIC,    26, -5.356791922703e-01, 1.238417139102e-06, 2.5876e+00, 3.0439e-02, 
DIAGNOSTIC,Iteration,metricValue,convergenceValue,ITERATION_TIME_INDEX,SINCE_LAST
 2DIAGNOSTIC,     1, -4.751767244294e-01, 1.797693134862e+308, 3.7501e+00, 1.1625e+00, 
 2DIAGNOSTIC,     2, -4.753554330940e-01, 1.797693134862e+308, 3.9963e+00, 2.4616e-01, 
 2DIAGNOSTIC,     3, -4.755679334132e-01, 1.797693134862e+308, 4.2549e+00, 2.5866e-01, 
 2DIAGNOSTIC,     4, -4.757197734897e-01, 1.797693134862e+308, 4.5319e+00, 2.7696e-01, 
 2DIAGNOSTIC,     5, -4.758012341218e-01, 1.797693134862e+308, 4.7756e+00, 2.4374e-01, 
 2DIAGNOSTIC,     6, -4.760130632563e-01, 1.797693134862e+308, 5.0088e+00, 2.3315e-01, 
 2DIAGNOSTIC,     7, -4.767933031876e-01, 1.797693134862e+308, 5.2892e+00, 2.8040e-01, 
 2DIAGNOSTIC,     8, -4.770144168376e-01, 1.797693134862e+308, 5.5846e+00, 2.9536e-01, 
 2DIAGNOSTIC,     9, -4.770781690603e-01, 1.797693134862e+308, 5.8080e+00, 2.2347e-01, 
 2DIAGNOSTIC,    10, -4.773291634129e-01, 3.140896256753e-04, 6.0504e+00, 2.4233e-01, 
 2DIAGNOSTIC,    11, -4.776898349541e-01, 3.024258642810e-04, 6.3282e+00, 2.7780e-01, 
 2DIAGNOSTIC,    12, -4.778409805066e-01, 2.810586751271e-04, 6.6191e+00, 2.9090e-01, 
 2DIAGNOSTIC,    13, -4.779198798052e-01, 2.510967023163e-04, 6.8523e+00, 2.3329e-01, 
 2DIAGNOSTIC,    14, -4.781768707952e-01, 2.209116544489e-04, 7.1244e+00, 2.7205e-01, 
 2DIAGNOSTIC,    15, -4.784572325844e-01, 1.890660839596e-04, 7.3953e+00, 2.7090e-01, 
 2DIAGNOSTIC,    16, -4.787842651567e-01, 1.630250245593e-04, 7.6517e+00, 2.5644e-01, 
 2DIAGNOSTIC,    17, -4.789040451805e-01, 1.565160178614e-04, 7.9732e+00, 3.2152e-01, 
 2DIAGNOSTIC,    18, -4.789057904539e-01, 1.441327838498e-04, 8.2361e+00, 2.6289e-01, 
 2DIAGNOSTIC,    19, -4.789020348013e-01, 1.217691752949e-04, 8.4945e+00, 2.5838e-01, 
 2DIAGNOSTIC,    20, -4.788989389804e-01, 9.751280708237e-05, 8.7233e+00, 2.2883e-01, 
 2DIAGNOSTIC,    21, -4.788982095430e-01, 7.667000274971e-05, 9.0591e+00, 3.3573e-01, 
 2DIAGNOSTIC,    22, -4.788976172370e-01, 5.484165184003e-05, 9.3262e+00, 2.6710e-01, 
 2DIAGNOSTIC,    23, -4.788970342428e-01, 3.197036289336e-05, 9.6135e+00, 2.8729e-01, 
 2DIAGNOSTIC,    24, -4.788963251223e-01, 1.444701088298e-05, 9.8718e+00, 2.5838e-01, 
 2DIAGNOSTIC,    25, -4.788955922057e-01, 3.566717608552e-06, 1.0093e+01, 2.2143e-01, 
DIAGNOSTIC,Iteration,metricValue,convergenceValue,ITERATION_TIME_INDEX,SINCE_LAST
 2DIAGNOSTIC,     1, -4.453174988109e-01, 1.797693134862e+308, 1.2894e+01, 2.8003e+00, 
 2DIAGNOSTIC,     2, -4.453270826487e-01, 1.797693134862e+308, 1.4358e+01, 1.4640e+00, 
 2DIAGNOSTIC,     3, -4.453351908451e-01, 1.797693134862e+308, 1.6946e+01, 2.5882e+00, 
 2DIAGNOSTIC,     4, -4.453352654997e-01, 1.797693134862e+308, 1.8836e+01, 1.8898e+00, 
 2DIAGNOSTIC,     5, -4.453353064036e-01, 1.797693134862e+308, 2.0402e+01, 1.5659e+00, 
 2DIAGNOSTIC,     6, -4.453350050560e-01, 1.797693134862e+308, 2.1985e+01, 1.5836e+00, 
 2DIAGNOSTIC,     7, -4.453351219159e-01, 1.797693134862e+308, 2.3634e+01, 1.6484e+00, 
 2DIAGNOSTIC,     8, -4.453350204113e-01, 1.797693134862e+308, 2.4997e+01, 1.3634e+00, 
 2DIAGNOSTIC,     9, -4.453349678477e-01, 1.797693134862e+308, 2.6518e+01, 1.5214e+00, 
 2DIAGNOSTIC,    10, -4.453349695921e-01, 4.720473728445e-06, 2.8230e+01, 1.7120e+00, 
 2DIAGNOSTIC,    11, -4.453349170088e-01, 3.316396451195e-06, 2.9756e+01, 1.5255e+00, 
 2DIAGNOSTIC,    12, -4.453349482903e-01, 2.607353754472e-06, 3.1429e+01, 1.6734e+00, 
 2DIAGNOSTIC,    13, -4.453348921363e-01, 2.406289714055e-06, 3.2881e+01, 1.4517e+00, 
 2DIAGNOSTIC,    14, -4.453347681920e-01, 2.235370227990e-06, 3.4656e+01, 1.7745e+00, 
 2DIAGNOSTIC,    15, -4.453348792297e-01, 2.097578357826e-06, 3.6252e+01, 1.5961e+00, 
 2DIAGNOSTIC,    16, -4.453347240877e-01, 1.960511128440e-06, 3.7751e+01, 1.4994e+00, 
 2DIAGNOSTIC,    17, -4.453345828912e-01, 1.841421485627e-06, 3.9445e+01, 1.6942e+00, 
 2DIAGNOSTIC,    18, -4.453346016110e-01, 1.735588539220e-06, 4.0820e+01, 1.3752e+00, 
 2DIAGNOSTIC,    19, -4.453344579812e-01, 1.637134948350e-06, 4.2424e+01, 1.6038e+00, 
 2DIAGNOSTIC,    20, -4.453344812466e-01, 1.552839477462e-06, 4.3880e+01, 1.4562e+00, 
 2DIAGNOSTIC,    21, -4.453342568186e-01, 1.471572511465e-06, 4.5330e+01, 1.4490e+00, 
 2DIAGNOSTIC,    22, -4.453345867300e-01, 1.412469516335e-06, 4.6904e+01, 1.5742e+00, 
 2DIAGNOSTIC,    23, -4.453348061282e-01, 1.365924177661e-06, 4.8436e+01, 1.5327e+00, 
 2DIAGNOSTIC,    24, -4.453346630646e-01, 1.317468434292e-06, 5.0113e+01, 1.6768e+00, 
 2DIAGNOSTIC,    25, -4.453345336521e-01, 1.273578981824e-06, 5.1744e+01, 1.6304e+00, 
 2DIAGNOSTIC,    26, -4.453345796517e-01, 1.230519607827e-06, 5.3274e+01, 1.5305e+00, 
 2DIAGNOSTIC,    27, -4.453345326165e-01, 1.185236956608e-06, 5.4629e+01, 1.3551e+00, 
 2DIAGNOSTIC,    28, -4.453344261907e-01, 1.140432851918e-06, 5.6379e+01, 1.7499e+00, 
 2DIAGNOSTIC,    29, -4.453342780077e-01, 1.092045825400e-06, 5.8067e+01, 1.6880e+00, 
 2DIAGNOSTIC,    30, -4.453342224886e-01, 1.047055481700e-06, 5.9544e+01, 1.4772e+00, 
 2DIAGNOSTIC,    31, -4.453342767506e-01, 1.002490776746e-06, 6.0976e+01, 1.4314e+00, 
  Elapsed time (stage 0): 6.1856e+01


Total elapsed time: 6.1859e+01
Info [verificarlo]: loaded backend libinterflop_ieee.so
Info [interflop-ieee]: load backend with:
Info [interflop-ieee]: debug = false
Info [interflop-ieee]: debug-binary = false
Info [interflop-ieee]: no-backend-name = false
Info [interflop-ieee]: print-new-line = false
Info [interflop-ieee]: print-subnormal-normalized = false
Info [interflop-ieee]: count-op = false
All_Command_lines_OK
Using double precision for computations.
=============================================================================
The composite transform comprises the following transforms (in order): 
  1. /home/mdugre/scratch/mri-registration-rp/datasets/ds004513/derivatives/mri-registration-rp/0001/antsRegistration-r7-p11/sub-s003/rigid_Composite.h5[0] (type = Euler3DTransform)
  2. /home/mdugre/scratch/mri-registration-rp/datasets/ds004513/derivatives/mri-registration-rp/0001/antsRegistration-r7-p11/sub-s003/rigid_Composite.h5[1] (type = Euler3DTransform)
  3. /home/mdugre/scratch/mri-registration-rp/datasets/ds004513/derivatives/mri-registration-rp/0001/antsRegistration-r7-p11/sub-s003/rigid_Composite.h5[2] (type = Euler3DTransform)
=============================================================================
  number of levels = 4
  fixed image: /templateflow/tpl-MNI152NLin2009cAsym/tpl-MNI152NLin2009cAsym_res-01_desc-brain_T1w.nii.gz
  moving image: /home/mdugre/scratch/mri-registration-rp/datasets/ds004513/derivatives/mri-registration-rp/antsBrainExtraction/sub-s003/BrainExtractionBrain.nii.gz
Dimension = 3
Number of stages = 1
Use histogram matching = false
Winsorize image intensities = true
  Lower quantile = 0.005
  Upper quantile = 0.995


Stage 1 State
   Image metric = MattesMI
     Fixed image = Image (0x4cb67e0)
  RTTI typeinfo:   itk::Image<double, 3u>
  Reference Count: 2
  Modified Time: 1594
  Debug: Off
  Object Name: 
  Observers: 
    none
  Source: (none)
  Source output name: (none)
  Release Data: Off
  Data Released: False
  Global Release Data: Off
  PipelineMTime: 0
  UpdateMTime: 1203
  RealTimeStamp: 0 seconds 
  LargestPossibleRegion: 
    Dimension: 3
    Index: [0, 0, 0]
    Size: [193, 229, 193]
  BufferedRegion: 
    Dimension: 3
    Index: [0, 0, 0]
    Size: [193, 229, 193]
  RequestedRegion: 
    Dimension: 3
    Index: [0, 0, 0]
    Size: [193, 229, 193]
  Spacing: [1, 1, 1]
  Origin: [96, 132, -78]
  Direction: 
-1 0 0
0 -1 0
0 0 1

  IndexToPointMatrix: 
-1 0 0
0 -1 0
0 0 1

  PointToIndexMatrix: 
-1 0 0
0 -1 0
0 0 1

  Inverse Direction: 
-1 0 0
0 -1 0
0 0 1

  PixelContainer: 
    ImportImageContainer (0x4d76a20)
      RTTI typeinfo:   itk::ImportImageContainer<unsigned long, double>
      Reference Count: 1
      Modified Time: 1200
      Debug: Off
      Object Name: 
      Observers: 
        none
      Pointer: 0x14ef38b4f010
      Container manages memory: true
      Size: 8530021
      Capacity: 8530021

     Moving image = Image (0x4d71d70)
  RTTI typeinfo:   itk::Image<double, 3u>
  Reference Count: 2
  Modified Time: 1595
  Debug: Off
  Object Name: 
  Observers: 
    none
  Source: (none)
  Source output name: (none)
  Release Data: Off
  Data Released: False
  Global Release Data: Off
  PipelineMTime: 0
  UpdateMTime: 1592
  RealTimeStamp: 0 seconds 
  LargestPossibleRegion: 
    Dimension: 3
    Index: [0, 0, 0]
    Size: [176, 240, 256]
  BufferedRegion: 
    Dimension: 3
    Index: [0, 0, 0]
    Size: [176, 240, 256]
  RequestedRegion: 
    Dimension: 3
    Index: [0, 0, 0]
    Size: [176, 240, 256]
  Spacing: [0.999999, 1, 1]
  Origin: [93.3499, 86.9368, -128.957]
  Direction: 
-0.999513 -0.0279216 -0.0139567
0.0279189 -0.99961 0.000389866
-0.0139622 2.01492e-08 0.999903

  IndexToPointMatrix: 
-0.999512 -0.0279216 -0.0139567
0.0279189 -0.99961 0.000389866
-0.0139621 2.01492e-08 0.999903

  PointToIndexMatrix: 
-0.999514 0.0279189 -0.0139622
-0.0279216 -0.99961 2.01716e-08
-0.0139567 0.000389866 0.999903

  Inverse Direction: 
-0.999513 0.0279189 -0.0139622
-0.0279216 -0.99961 2.01716e-08
-0.0139567 0.000389866 0.999903

  PixelContainer: 
    ImportImageContainer (0x4d29c90)
      RTTI typeinfo:   itk::ImportImageContainer<unsigned long, double>
      Reference Count: 1
      Modified Time: 1589
      Debug: Off
      Object Name: 
      Observers: 
        none
      Pointer: 0x14ef338ce010
      Container manages memory: true
      Size: 10813440
      Capacity: 10813440

     Weighting = 1
     Sampling strategy = regular
     Number of bins = 32
     Radius = 4
     Sampling percentage  = 0.25
   Transform = Affine
     Gradient step = 0.1
     Update field sigma (voxel space) = 0
     Total field sigma (voxel space) = 0
     Update field time sigma = 0
     Total field time sigma  = 0
     Number of time indices = 0
     Number of time point samples = 0
Registration using 1 total stages.

Stage 0
  iterations = 1000x500x250x100
  convergence threshold = 1e-06
  convergence window size = 10
  number of levels = 4
  using the Mattes MI metric (number of bins = 32, weight = 1, use gradient filter = 0)
  preprocessing:  winsorizing the image intensities
  Shrink factors (level 1 out of 4): [8, 8, 8]
  Shrink factors (level 2 out of 4): [4, 4, 4]
  Shrink factors (level 3 out of 4): [2, 2, 2]
  Shrink factors (level 4 out of 4): [1, 1, 1]
  smoothing sigmas per level: [3, 2, 1, 0]
  regular sampling (percentage = 0.25)

*** Running AffineTransform registration ***

DIAGNOSTIC,Iteration,metricValue,convergenceValue,ITERATION_TIME_INDEX,SINCE_LAST
 2DIAGNOSTIC,     1, -6.594395566939e-01, 1.797693134862e+308, 7.8821e-01, 7.8821e-01, 
 2DIAGNOSTIC,     2, -6.620291537931e-01, 1.797693134862e+308, 7.9445e-01, 6.2380e-03, 
 2DIAGNOSTIC,     3, -6.663052786943e-01, 1.797693134862e+308, 8.0005e-01, 5.5969e-03, 
 2DIAGNOSTIC,     4, -6.722722421254e-01, 1.797693134862e+308, 8.0576e-01, 5.7058e-03, 
 2DIAGNOSTIC,     5, -6.804202326065e-01, 1.797693134862e+308, 8.1126e-01, 5.5001e-03, 
 2DIAGNOSTIC,     6, -6.916521066740e-01, 1.797693134862e+308, 8.1680e-01, 5.5490e-03, 
 2DIAGNOSTIC,     7, -7.173258184540e-01, 1.797693134862e+308, 8.2582e-01, 9.0189e-03, 
 2DIAGNOSTIC,     8, -7.213672527442e-01, 1.797693134862e+308, 8.3216e-01, 6.3360e-03, 
 2DIAGNOSTIC,     9, -7.217180974934e-01, 1.797693134862e+308, 8.3778e-01, 5.6159e-03, 
 2DIAGNOSTIC,    10, -7.216493426703e-01, 7.233733396000e-03, 8.4477e-01, 6.9900e-03, 
 2DIAGNOSTIC,    11, -7.216757137154e-01, 6.184149853956e-03, 8.5152e-01, 6.7520e-03, 
 2DIAGNOSTIC,    12, -7.214651097721e-01, 4.830710445216e-03, 8.5763e-01, 6.1080e-03, 
 2DIAGNOSTIC,    13, -7.215212365624e-01, 3.391677829723e-03, 8.6260e-01, 4.9729e-03, 
 2DIAGNOSTIC,    14, -7.215154657945e-01, 2.038887929848e-03, 8.6900e-01, 6.4042e-03, 
 2DIAGNOSTIC,    15, -7.215263718578e-01, 9.078291004825e-04, 8.7505e-01, 6.0489e-03, 
 2DIAGNOSTIC,    16, -7.214081633557e-01, 1.027608171144e-04, 8.8121e-01, 6.1550e-03, 
DIAGNOSTIC,Iteration,metricValue,convergenceValue,ITERATION_TIME_INDEX,SINCE_LAST
 2DIAGNOSTIC,     1, -5.923840972811e-01, 1.797693134862e+308, 1.6395e+00, 7.5829e-01, 
 2DIAGNOSTIC,     2, -5.929808915522e-01, 1.797693134862e+308, 1.6732e+00, 3.3751e-02, 
 2DIAGNOSTIC,     3, -5.938473505530e-01, 1.797693134862e+308, 1.7139e+00, 4.0613e-02, 
 2DIAGNOSTIC,     4, -5.945264399616e-01, 1.797693134862e+308, 1.7506e+00, 3.6747e-02, 
 2DIAGNOSTIC,     5, -5.950240727095e-01, 1.797693134862e+308, 1.8029e+00, 5.2324e-02, 
 2DIAGNOSTIC,     6, -5.951257656261e-01, 1.797693134862e+308, 1.8416e+00, 3.8625e-02, 
 2DIAGNOSTIC,     7, -5.951633239458e-01, 1.797693134862e+308, 1.8752e+00, 3.3674e-02, 
 2DIAGNOSTIC,     8, -5.952965346625e-01, 1.797693134862e+308, 1.9095e+00, 3.4286e-02, 
 2DIAGNOSTIC,     9, -5.954737884090e-01, 1.797693134862e+308, 1.9458e+00, 3.6294e-02, 
 2DIAGNOSTIC,    10, -5.957655230963e-01, 3.325760581950e-04, 1.9836e+00, 3.7784e-02, 
 2DIAGNOSTIC,    11, -5.970186849496e-01, 2.857736384603e-04, 2.0194e+00, 3.5790e-02, 
 2DIAGNOSTIC,    12, -5.990917121212e-01, 3.260511430216e-04, 2.0576e+00, 3.8264e-02, 
 2DIAGNOSTIC,    13, -6.000822508919e-01, 3.970450083809e-04, 2.1077e+00, 5.0105e-02, 
 2DIAGNOSTIC,    14, -6.008459732291e-01, 4.711192035601e-04, 2.1461e+00, 3.8398e-02, 
 2DIAGNOSTIC,    15, -6.011384853265e-01, 5.179766368045e-04, 2.1859e+00, 3.9789e-02, 
 2DIAGNOSTIC,    16, -6.013546084841e-01, 5.208167067858e-04, 2.2254e+00, 3.9481e-02, 
 2DIAGNOSTIC,    17, -6.014727473259e-01, 4.790799821277e-04, 2.2656e+00, 4.0215e-02, 
 2DIAGNOSTIC,    18, -6.015104944676e-01, 4.023495338170e-04, 2.3021e+00, 3.6511e-02, 
 2DIAGNOSTIC,    19, -6.017959808374e-01, 3.088956215830e-04, 2.3413e+00, 3.9165e-02, 
 2DIAGNOSTIC,    20, -6.019930102198e-01, 2.077168542757e-04, 2.3925e+00, 5.1145e-02, 
 2DIAGNOSTIC,    21, -6.021252545734e-01, 1.274634538342e-04, 2.4312e+00, 3.8721e-02, 
 2DIAGNOSTIC,    22, -6.021036786470e-01, 8.681330933567e-05, 2.4726e+00, 4.1437e-02, 
 2DIAGNOSTIC,    23, -6.020963411911e-01, 6.180839267479e-05, 2.5061e+00, 3.3493e-02, 
 2DIAGNOSTIC,    24, -6.020706172059e-01, 4.769709549537e-05, 2.5449e+00, 3.8766e-02, 
 2DIAGNOSTIC,    25, -6.020537770642e-01, 3.543899350490e-05, 2.5795e+00, 3.4656e-02, 
 2DIAGNOSTIC,    26, -6.020372852257e-01, 2.454221168079e-05, 2.6135e+00, 3.3994e-02, 
 2DIAGNOSTIC,    27, -6.020308759044e-01, 1.431942314987e-05, 2.6520e+00, 3.8502e-02, 
 2DIAGNOSTIC,    28, -6.020246659112e-01, 4.064813938137e-06, 2.6910e+00, 3.8982e-02, 
DIAGNOSTIC,Iteration,metricValue,convergenceValue,ITERATION_TIME_INDEX,SINCE_LAST
 2DIAGNOSTIC,     1, -5.260673562667e-01, 1.797693134862e+308, 3.8472e+00, 1.1562e+00, 
 2DIAGNOSTIC,     2, -5.263578373098e-01, 1.797693134862e+308, 4.1274e+00, 2.8014e-01, 
 2DIAGNOSTIC,     3, -5.266155949692e-01, 1.797693134862e+308, 4.3996e+00, 2.7222e-01, 
 2DIAGNOSTIC,     4, -5.268578503928e-01, 1.797693134862e+308, 4.6666e+00, 2.6696e-01, 
 2DIAGNOSTIC,     5, -5.271629418895e-01, 1.797693134862e+308, 4.9652e+00, 2.9867e-01, 
 2DIAGNOSTIC,     6, -5.276527752462e-01, 1.797693134862e+308, 5.2334e+00, 2.6812e-01, 
 2DIAGNOSTIC,     7, -5.283174109903e-01, 1.797693134862e+308, 5.5370e+00, 3.0363e-01, 
 2DIAGNOSTIC,     8, -5.330820501638e-01, 1.797693134862e+308, 5.9158e+00, 3.7886e-01, 
 2DIAGNOSTIC,     9, -5.334966645382e-01, 1.797693134862e+308, 6.2289e+00, 3.1304e-01, 
 2DIAGNOSTIC,    10, -5.335757538302e-01, 1.026703472579e-03, 6.6084e+00, 3.7948e-01, 
 2DIAGNOSTIC,    11, -5.335937371208e-01, 1.020606716116e-03, 7.0043e+00, 3.9593e-01, 
 2DIAGNOSTIC,    12, -5.335923566114e-01, 9.362288306799e-04, 7.4410e+00, 4.3668e-01, 
 2DIAGNOSTIC,    13, -5.335920519829e-01, 7.880723768736e-04, 7.8758e+00, 4.3484e-01, 
 2DIAGNOSTIC,    14, -5.335915557943e-01, 5.985010587250e-04, 8.1776e+00, 3.0182e-01, 
 2DIAGNOSTIC,    15, -5.335904081555e-01, 3.932565538082e-04, 8.4992e+00, 3.2160e-01, 
 2DIAGNOSTIC,    16, -5.335902536005e-01, 1.958384532884e-04, 8.8177e+00, 3.1845e-01, 
 2DIAGNOSTIC,    17, -5.335896833591e-01, 2.073328797728e-05, 9.1513e+00, 3.3361e-01, 
 2DIAGNOSTIC,    18, -5.335893340769e-01, 4.791025355520e-06, 9.4984e+00, 3.4712e-01, 
 2DIAGNOSTIC,    19, -5.335888149258e-01, 1.859628009346e-06, 9.8002e+00, 3.0177e-01, 
 2DIAGNOSTIC,    20, -5.335853142274e-01, 1.214319524351e-06, 1.0105e+01, 3.0527e-01, 
 2DIAGNOSTIC,    21, -5.335848858550e-01, 1.116720718078e-06, 1.0374e+01, 2.6863e-01, 
 2DIAGNOSTIC,    22, -5.335848474121e-01, 1.030246061108e-06, 1.0677e+01, 3.0338e-01, 
 2DIAGNOSTIC,    23, -5.335856885504e-01, 1.001975489898e-06, 1.0954e+01, 2.7668e-01, 
 2DIAGNOSTIC,    24, -5.335861160263e-01, 1.011048845936e-06, 1.1280e+01, 3.2562e-01, 
DIAGNOSTIC,Iteration,metricValue,convergenceValue,ITERATION_TIME_INDEX,SINCE_LAST
 2DIAGNOSTIC,     1, -4.889359891375e-01, 1.797693134862e+308, 1.4181e+01, 2.9010e+00, 
 2DIAGNOSTIC,     2, -4.891080148634e-01, 1.797693134862e+308, 1.5905e+01, 1.7238e+00, 
 2DIAGNOSTIC,     3, -4.893211569284e-01, 1.797693134862e+308, 1.7724e+01, 1.8195e+00, 
 2DIAGNOSTIC,     4, -4.894837292941e-01, 1.797693134862e+308, 1.9400e+01, 1.6755e+00, 
 2DIAGNOSTIC,     5, -4.895644536716e-01, 1.797693134862e+308, 2.1244e+01, 1.8444e+00, 
 2DIAGNOSTIC,     6, -4.895920874546e-01, 1.797693134862e+308, 2.4208e+01, 2.9641e+00, 
 2DIAGNOSTIC,     7, -4.895942366978e-01, 1.797693134862e+308, 2.5941e+01, 1.7331e+00, 
 2DIAGNOSTIC,     8, -4.895979459308e-01, 1.797693134862e+308, 2.7713e+01, 1.7722e+00, 
 2DIAGNOSTIC,     9, -4.896037335436e-01, 1.797693134862e+308, 2.9445e+01, 1.7315e+00, 
 2DIAGNOSTIC,    10, -4.896152280787e-01, 8.231626110519e-05, 3.1143e+01, 1.6985e+00, 
 2DIAGNOSTIC,    11, -4.896328501671e-01, 4.944971390505e-05, 3.2930e+01, 1.7866e+00, 
 2DIAGNOSTIC,    12, -4.896657236106e-01, 2.764479964326e-05, 3.4722e+01, 1.7920e+00, 
 2DIAGNOSTIC,    13, -4.897207742167e-01, 1.874433060425e-05, 3.6531e+01, 1.8094e+00, 
 2DIAGNOSTIC,    14, -4.900627296809e-01, 3.043302588245e-05, 3.8698e+01, 2.1668e+00, 
 2DIAGNOSTIC,    15, -4.900715759161e-01, 4.108724564034e-05, 4.0591e+01, 1.8933e+00, 
 2DIAGNOSTIC,    16, -4.900698684561e-01, 4.793488295046e-05, 4.3859e+01, 3.2679e+00, 
 2DIAGNOSTIC,    17, -4.900698653438e-01, 4.999242636033e-05, 4.5723e+01, 1.8640e+00, 
 2DIAGNOSTIC,    18, -4.900697727088e-01, 4.742956129821e-05, 4.7628e+01, 1.9042e+00, 
 2DIAGNOSTIC,    19, -4.900698773146e-01, 4.091414369588e-05, 5.0362e+01, 2.7340e+00, 
 2DIAGNOSTIC,    20, -4.900698007086e-01, 3.171733611663e-05, 5.2396e+01, 2.0342e+00, 
 2DIAGNOSTIC,    21, -4.900696030740e-01, 2.121864008452e-05, 5.4100e+01, 1.7046e+00, 
 2DIAGNOSTIC,    22, -4.900694200969e-01, 1.076908817638e-05, 5.5944e+01, 1.8437e+00, 
 2DIAGNOSTIC,    23, -4.900690253938e-01, 1.490267413674e-06, 5.7675e+01, 1.7311e+00, 
 2DIAGNOSTIC,    24, -4.900689881602e-01, 1.236098077090e-06, 5.9741e+01, 2.0659e+00, 
 2DIAGNOSTIC,    25, -4.900689119621e-01, 1.215292268861e-06, 6.1575e+01, 1.8336e+00, 
 2DIAGNOSTIC,    26, -4.900685306808e-01, 1.154920836147e-06, 6.3480e+01, 1.9050e+00, 
 2DIAGNOSTIC,    27, -4.900683786366e-01, 1.102585737212e-06, 6.5388e+01, 1.9085e+00, 
 2DIAGNOSTIC,    28, -4.900683122050e-01, 1.057860118579e-06, 6.7152e+01, 1.7635e+00, 
 2DIAGNOSTIC,    29, -4.900682744474e-01, 1.024864114574e-06, 6.9026e+01, 1.8741e+00, 
  Elapsed time (stage 0): 7.0139e+01


Total elapsed time: 7.0142e+01
Info [verificarlo]: loaded backend libinterflop_vprec.so
Info [interflop-vprec]: load backend with: 
Info [interflop-vprec]: precision-binary32 = 11
Info [interflop-vprec]: range-binary32 = 7
Info [interflop-vprec]: precision-binary64 = 11
Info [interflop-vprec]: range-binary64 = 7
Info [interflop-vprec]: mode = ob
Info [interflop-vprec]: error-mode = rel
Info [interflop-vprec]: max-abs-error-exponent = -1022
Info [interflop-vprec]: daz = false
Info [interflop-vprec]: ftz = false
Info [interflop-vprec]: 	instrument = none
Info [interflop-vprec]: 	prec-input-file = (null)
Info [interflop-vprec]: 	prec-output-file = (null)
Info [interflop-vprec]: 	prec-log-file = (null)
All_Command_lines_OK
Using double precision for computations.
=============================================================================
The composite transform comprises the following transforms (in order): 
  1. /home/mdugre/scratch/mri-registration-rp/datasets/ds004513/derivatives/mri-registration-rp/0001/antsRegistration-r7-p11/sub-s003/affine_Composite.h5[0] (type = Euler3DTransform)
  2. /home/mdugre/scratch/mri-registration-rp/datasets/ds004513/derivatives/mri-registration-rp/0001/antsRegistration-r7-p11/sub-s003/affine_Composite.h5[1] (type = Euler3DTransform)
  3. /home/mdugre/scratch/mri-registration-rp/datasets/ds004513/derivatives/mri-registration-rp/0001/antsRegistration-r7-p11/sub-s003/affine_Composite.h5[2] (type = Euler3DTransform)
  4. /home/mdugre/scratch/mri-registration-rp/datasets/ds004513/derivatives/mri-registration-rp/0001/antsRegistration-r7-p11/sub-s003/affine_Composite.h5[3] (type = AffineTransform)
=============================================================================
  number of levels = 4
  fixed image: /templateflow/tpl-MNI152NLin2009cAsym/tpl-MNI152NLin2009cAsym_res-01_desc-brain_T1w.nii.gz
