
##########################
# Experiment information #
##########################

EXPERIMENT_NAME: antsRegistration-r8-p6
VFC_BACKENDS: libinterflop_vprec.so --range-binary32=8 --precision-binary32=6 --range-binary64=8 --precision-binary64=6

SIF_IMG: /home/mdugre/projects/rrg-glatard/mdugre/containers/ants-vprec-no_metrics.simg

SUBJECT_ID: s017
INPUT_IMG: /home/mdugre/scratch/mri-registration-rp/datasets/ds004513/derivatives/mri-registration-rp/antsBrainExtraction/sub-s017/BrainExtractionBrain.nii.gz
OUTPUT_DIR: /home/mdugre/scratch/mri-registration-rp/datasets/ds004513/derivatives/mri-registration-rp/0001/antsRegistration-r8-p6/sub-s017

FIXED_IMG: /templateflow/tpl-MNI152NLin2009cAsym/tpl-MNI152NLin2009cAsym_res-01_desc-brain_T1w.nii.gz
DATA_DIR: /home/mdugre/scratch/mri-registration-rp/datasets/ds004513
TEMPLATEFLOW_DIR: /home/mdugre/projects/rrg-glatard/mdugre/templateflow
ITK_GLOBAL_DEFAULT_NUMBER_OF_THREADS: 16
##########################

Info [verificarlo]: loaded backend libinterflop_ieee.so
Info [interflop-ieee]: load backend with:
Info [interflop-ieee]: debug = false
Info [interflop-ieee]: debug-binary = false
Info [interflop-ieee]: no-backend-name = false
Info [interflop-ieee]: print-new-line = false
Info [interflop-ieee]: print-subnormal-normalized = false
Info [interflop-ieee]: count-op = false
All_Command_lines_OK
Using double precision for computations.
=============================================================================
The composite transform comprises the following transforms (in order): 
  1. Center of mass alignment using fixed image: /templateflow/tpl-MNI152NLin2009cAsym/tpl-MNI152NLin2009cAsym_res-01_desc-brain_T1w.nii.gz and moving image: /home/mdugre/scratch/mri-registration-rp/datasets/ds004513/derivatives/mri-registration-rp/antsBrainExtraction/sub-s017/BrainExtractionBrain.nii.gz (type = Euler3DTransform)
=============================================================================
  number of levels = 1
  fixed image: /templateflow/tpl-MNI152NLin2009cAsym/tpl-MNI152NLin2009cAsym_res-01_desc-brain_T1w.nii.gz
  moving image: /home/mdugre/scratch/mri-registration-rp/datasets/ds004513/derivatives/mri-registration-rp/antsBrainExtraction/sub-s017/BrainExtractionBrain.nii.gz
Dimension = 3
Number of stages = 1
Use histogram matching = false
Winsorize image intensities = true
  Lower quantile = 0.005
  Upper quantile = 0.995


Stage 1 State
   Image metric = MattesMI
     Fixed image = Image (0x33e9bd0)
  RTTI typeinfo:   itk::Image<double, 3u>
  Reference Count: 2
  Modified Time: 2334
  Debug: Off
  Object Name: 
  Observers: 
    none
  Source: (none)
  Source output name: (none)
  Release Data: Off
  Data Released: False
  Global Release Data: Off
  PipelineMTime: 0
  UpdateMTime: 1943
  RealTimeStamp: 0 seconds 
  LargestPossibleRegion: 
    Dimension: 3
    Index: [0, 0, 0]
    Size: [193, 229, 193]
  BufferedRegion: 
    Dimension: 3
    Index: [0, 0, 0]
    Size: [193, 229, 193]
  RequestedRegion: 
    Dimension: 3
    Index: [0, 0, 0]
    Size: [193, 229, 193]
  Spacing: [1, 1, 1]
  Origin: [96, 132, -78]
  Direction: 
-1 0 0
0 -1 0
0 0 1

  IndexToPointMatrix: 
-1 0 0
0 -1 0
0 0 1

  PointToIndexMatrix: 
-1 0 0
0 -1 0
0 0 1

  Inverse Direction: 
-1 0 0
0 -1 0
0 0 1

  PixelContainer: 
    ImportImageContainer (0x33f29e0)
      RTTI typeinfo:   itk::ImportImageContainer<unsigned long, double>
      Reference Count: 1
      Modified Time: 1940
      Debug: Off
      Object Name: 
      Observers: 
        none
      Pointer: 0x150221d2d010
      Container manages memory: true
      Size: 8530021
      Capacity: 8530021

     Moving image = Image (0x33f3bd0)
  RTTI typeinfo:   itk::Image<double, 3u>
  Reference Count: 2
  Modified Time: 2335
  Debug: Off
  Object Name: 
  Observers: 
    none
  Source: (none)
  Source output name: (none)
  Release Data: Off
  Data Released: False
  Global Release Data: Off
  PipelineMTime: 0
  UpdateMTime: 2332
  RealTimeStamp: 0 seconds 
  LargestPossibleRegion: 
    Dimension: 3
    Index: [0, 0, 0]
    Size: [160, 240, 256]
  BufferedRegion: 
    Dimension: 3
    Index: [0, 0, 0]
    Size: [160, 240, 256]
  RequestedRegion: 
    Dimension: 3
    Index: [0, 0, 0]
    Size: [160, 240, 256]
  Spacing: [1, 1, 1]
  Origin: [91.3357, 102.231, -120.042]
  Direction: 
-0.997442 -5.36781e-05 -0.0714818
5.35416e-05 -1 3.82465e-06
-0.0714818 -1.23894e-08 0.997442

  IndexToPointMatrix: 
-0.997444 -5.36781e-05 -0.0714818
5.35418e-05 -1 3.82465e-06
-0.0714819 -1.23894e-08 0.997442

  PointToIndexMatrix: 
-0.99744 5.35415e-05 -0.0714816
-5.36781e-05 -1 -1.23894e-08
-0.0714818 3.82465e-06 0.997442

  Inverse Direction: 
-0.997442 5.35416e-05 -0.0714818
-5.36781e-05 -1 -1.23894e-08
-0.0714818 3.82465e-06 0.997442

  PixelContainer: 
    ImportImageContainer (0x3579b50)
      RTTI typeinfo:   itk::ImportImageContainer<unsigned long, double>
      Reference Count: 1
      Modified Time: 2329
      Debug: Off
      Object Name: 
      Observers: 
        none
      Pointer: 0x15021d22c010
      Container manages memory: true
      Size: 9830400
      Capacity: 9830400

     Weighting = 1
     Sampling strategy = regular
     Number of bins = 32
     Radius = 4
     Sampling percentage  = 0.25
   Transform = Rigid
     Gradient step = 0.1
     Update field sigma (voxel space) = 0
     Total field sigma (voxel space) = 0
     Update field time sigma = 0
     Total field time sigma  = 0
     Number of time indices = 0
     Number of time point samples = 0
Registration using 1 total stages.

Stage 0
  iterations = 0
  convergence threshold = 1e-06
  convergence window size = 10
  number of levels = 1
  using the Mattes MI metric (number of bins = 32, weight = 1, use gradient filter = 0)
  preprocessing:  winsorizing the image intensities
  Shrink factors (level 1 out of 1): [1, 1, 1]
  smoothing sigmas per level: [0]
  regular sampling (percentage = 0.25)

*** Running Euler3DTransform registration ***

  Elapsed time (stage 0): 1.13558


Total elapsed time: 1.13785
Info [verificarlo]: loaded backend libinterflop_ieee.so
Info [interflop-ieee]: load backend with:
Info [interflop-ieee]: debug = false
Info [interflop-ieee]: debug-binary = false
Info [interflop-ieee]: no-backend-name = false
Info [interflop-ieee]: print-new-line = false
Info [interflop-ieee]: print-subnormal-normalized = false
Info [interflop-ieee]: count-op = false
All_Command_lines_OK
Using double precision for computations.
=============================================================================
The composite transform comprises the following transforms (in order): 
  1. /home/mdugre/scratch/mri-registration-rp/datasets/ds004513/derivatives/mri-registration-rp/0001/antsRegistration-r8-p6/sub-s017/align_Composite.h5[0] (type = Euler3DTransform)
  2. /home/mdugre/scratch/mri-registration-rp/datasets/ds004513/derivatives/mri-registration-rp/0001/antsRegistration-r8-p6/sub-s017/align_Composite.h5[1] (type = Euler3DTransform)
=============================================================================
  number of levels = 4
  fixed image: /templateflow/tpl-MNI152NLin2009cAsym/tpl-MNI152NLin2009cAsym_res-01_desc-brain_T1w.nii.gz
  moving image: /home/mdugre/scratch/mri-registration-rp/datasets/ds004513/derivatives/mri-registration-rp/antsBrainExtraction/sub-s017/BrainExtractionBrain.nii.gz
Dimension = 3
Number of stages = 1
Use histogram matching = false
Winsorize image intensities = true
  Lower quantile = 0.005
  Upper quantile = 0.995


Stage 1 State
   Image metric = MattesMI
     Fixed image = Image (0x5202530)
  RTTI typeinfo:   itk::Image<double, 3u>
  Reference Count: 2
  Modified Time: 1580
  Debug: Off
  Object Name: 
  Observers: 
    none
  Source: (none)
  Source output name: (none)
  Release Data: Off
  Data Released: False
  Global Release Data: Off
  PipelineMTime: 0
  UpdateMTime: 1189
  RealTimeStamp: 0 seconds 
  LargestPossibleRegion: 
    Dimension: 3
    Index: [0, 0, 0]
    Size: [193, 229, 193]
  BufferedRegion: 
    Dimension: 3
    Index: [0, 0, 0]
    Size: [193, 229, 193]
  RequestedRegion: 
    Dimension: 3
    Index: [0, 0, 0]
    Size: [193, 229, 193]
  Spacing: [1, 1, 1]
  Origin: [96, 132, -78]
  Direction: 
-1 0 0
0 -1 0
0 0 1

  IndexToPointMatrix: 
-1 0 0
0 -1 0
0 0 1

  PointToIndexMatrix: 
-1 0 0
0 -1 0
0 0 1

  Inverse Direction: 
-1 0 0
0 -1 0
0 0 1

  PixelContainer: 
    ImportImageContainer (0x52c0d60)
      RTTI typeinfo:   itk::ImportImageContainer<unsigned long, double>
      Reference Count: 1
      Modified Time: 1186
      Debug: Off
      Object Name: 
      Observers: 
        none
      Pointer: 0x149c1de7e010
      Container manages memory: true
      Size: 8530021
      Capacity: 8530021

     Moving image = Image (0x52b2f60)
  RTTI typeinfo:   itk::Image<double, 3u>
  Reference Count: 2
  Modified Time: 1581
  Debug: Off
  Object Name: 
  Observers: 
    none
  Source: (none)
  Source output name: (none)
  Release Data: Off
  Data Released: False
  Global Release Data: Off
  PipelineMTime: 0
  UpdateMTime: 1578
  RealTimeStamp: 0 seconds 
  LargestPossibleRegion: 
    Dimension: 3
    Index: [0, 0, 0]
    Size: [160, 240, 256]
  BufferedRegion: 
    Dimension: 3
    Index: [0, 0, 0]
    Size: [160, 240, 256]
  RequestedRegion: 
    Dimension: 3
    Index: [0, 0, 0]
    Size: [160, 240, 256]
  Spacing: [1, 1, 1]
  Origin: [91.3357, 102.231, -120.042]
  Direction: 
-0.997442 -5.36781e-05 -0.0714818
5.35416e-05 -1 3.82465e-06
-0.0714818 -1.23894e-08 0.997442

  IndexToPointMatrix: 
-0.997444 -5.36781e-05 -0.0714818
5.35418e-05 -1 3.82465e-06
-0.0714819 -1.23894e-08 0.997442

  PointToIndexMatrix: 
-0.99744 5.35415e-05 -0.0714816
-5.36781e-05 -1 -1.23894e-08
-0.0714818 3.82465e-06 0.997442

  Inverse Direction: 
-0.997442 5.35416e-05 -0.0714818
-5.36781e-05 -1 -1.23894e-08
-0.0714818 3.82465e-06 0.997442

  PixelContainer: 
    ImportImageContainer (0x52a46d0)
      RTTI typeinfo:   itk::ImportImageContainer<unsigned long, double>
      Reference Count: 1
      Modified Time: 1575
      Debug: Off
      Object Name: 
      Observers: 
        none
      Pointer: 0x149c1937d010
      Container manages memory: true
      Size: 9830400
      Capacity: 9830400

     Weighting = 1
     Sampling strategy = regular
     Number of bins = 32
     Radius = 4
     Sampling percentage  = 0.25
   Transform = Rigid
     Gradient step = 0.1
     Update field sigma (voxel space) = 0
     Total field sigma (voxel space) = 0
     Update field time sigma = 0
     Total field time sigma  = 0
     Number of time indices = 0
     Number of time point samples = 0
Registration using 1 total stages.

Stage 0
  iterations = 1000x500x250x100
  convergence threshold = 1e-06
  convergence window size = 10
  number of levels = 4
  using the Mattes MI metric (number of bins = 32, weight = 1, use gradient filter = 0)
  preprocessing:  winsorizing the image intensities
  Shrink factors (level 1 out of 4): [8, 8, 8]
  Shrink factors (level 2 out of 4): [4, 4, 4]
  Shrink factors (level 3 out of 4): [2, 2, 2]
  Shrink factors (level 4 out of 4): [1, 1, 1]
  smoothing sigmas per level: [3, 2, 1, 0]
  regular sampling (percentage = 0.25)

*** Running Euler3DTransform registration ***

DIAGNOSTIC,Iteration,metricValue,convergenceValue,ITERATION_TIME_INDEX,SINCE_LAST
 2DIAGNOSTIC,     1, -5.567767283252e-01, 1.797693134862e+308, 7.0091e-01, 7.0090e-01, 
 2DIAGNOSTIC,     2, -5.584239703569e-01, 1.797693134862e+308, 7.0562e-01, 4.7188e-03, 
 2DIAGNOSTIC,     3, -5.612715515272e-01, 1.797693134862e+308, 7.1047e-01, 4.8499e-03, 
 2DIAGNOSTIC,     4, -5.637780194106e-01, 1.797693134862e+308, 7.1448e-01, 4.0040e-03, 
 2DIAGNOSTIC,     5, -5.658229214212e-01, 1.797693134862e+308, 7.1875e-01, 4.2760e-03, 
 2DIAGNOSTIC,     6, -5.696445468689e-01, 1.797693134862e+308, 7.2282e-01, 4.0629e-03, 
 2DIAGNOSTIC,     7, -5.734118275242e-01, 1.797693134862e+308, 7.2688e-01, 4.0641e-03, 
 2DIAGNOSTIC,     8, -5.754533484979e-01, 1.797693134862e+308, 7.3235e-01, 5.4660e-03, 
 2DIAGNOSTIC,     9, -5.763021950250e-01, 1.797693134862e+308, 7.3631e-01, 3.9649e-03, 
 2DIAGNOSTIC,    10, -5.771142770255e-01, 2.558085388189e-03, 7.4153e-01, 5.2159e-03, 
 2DIAGNOSTIC,    11, -5.785125587612e-01, 2.176117873031e-03, 7.4560e-01, 4.0770e-03, 
 2DIAGNOSTIC,    12, -5.799413348090e-01, 1.786767970983e-03, 7.5027e-01, 4.6661e-03, 
 2DIAGNOSTIC,    13, -5.809477908980e-01, 1.443124036835e-03, 7.5489e-01, 4.6220e-03, 
 2DIAGNOSTIC,    14, -5.814655964876e-01, 1.127354078216e-03, 7.5935e-01, 4.4549e-03, 
 2DIAGNOSTIC,    15, -5.819093877219e-01, 8.331089413526e-04, 7.6398e-01, 4.6299e-03, 
 2DIAGNOSTIC,    16, -5.822326442998e-01, 6.258215683232e-04, 7.6858e-01, 4.6029e-03, 
 2DIAGNOSTIC,    17, -5.825793599843e-01, 5.040365830239e-04, 7.7304e-01, 4.4601e-03, 
 2DIAGNOSTIC,    18, -5.863713925916e-01, 5.095725576647e-04, 7.7747e-01, 4.4332e-03, 
 2DIAGNOSTIC,    19, -5.901617810167e-01, 5.855607354905e-04, 7.8520e-01, 7.7271e-03, 
 2DIAGNOSTIC,    20, -5.906016223816e-01, 6.286272500302e-04, 7.9047e-01, 5.2731e-03, 
 2DIAGNOSTIC,    21, -5.907365705866e-01, 6.467002963827e-04, 7.9538e-01, 4.9050e-03, 
 2DIAGNOSTIC,    22, -5.906256574994e-01, 6.330265936367e-04, 8.0027e-01, 4.8890e-03, 
 2DIAGNOSTIC,    23, -5.906307681710e-01, 5.816453055164e-04, 8.0455e-01, 4.2861e-03, 
 2DIAGNOSTIC,    24, -5.905636622010e-01, 4.878472529208e-04, 8.0887e-01, 4.3130e-03, 
 2DIAGNOSTIC,    25, -5.906024985370e-01, 3.662279783947e-04, 8.1381e-01, 4.9469e-03, 
 2DIAGNOSTIC,    26, -5.906025304324e-01, 2.276984665064e-04, 8.1810e-01, 4.2841e-03, 
 2DIAGNOSTIC,    27, -5.906211320574e-01, 8.394584288720e-05, 8.2240e-01, 4.3061e-03, 
 2DIAGNOSTIC,    28, -5.908796758313e-01, 1.198925031205e-05, 8.2674e-01, 4.3340e-03, 
 2DIAGNOSTIC,    29, -5.911411552395e-01, 1.217108543278e-05, 8.3157e-01, 4.8339e-03, 
 2DIAGNOSTIC,    30, -5.915241330962e-01, 2.456301684447e-05, 8.3826e-01, 6.6919e-03, 
 2DIAGNOSTIC,    31, -5.916229825993e-01, 3.758205306279e-05, 8.4259e-01, 4.3221e-03, 
 2DIAGNOSTIC,    32, -5.916651208817e-01, 4.532975449238e-05, 8.4711e-01, 4.5199e-03, 
 2DIAGNOSTIC,    33, -5.916874987632e-01, 4.885284294737e-05, 8.5165e-01, 4.5450e-03, 
 2DIAGNOSTIC,    34, -5.917053822200e-01, 4.682712858867e-05, 8.5649e-01, 4.8358e-03, 
 2DIAGNOSTIC,    35, -5.917390904868e-01, 4.153275817435e-05, 8.6836e-01, 1.1870e-02, 
 2DIAGNOSTIC,    36, -5.917390912695e-01, 3.272086429466e-05, 8.7277e-01, 4.4131e-03, 
 2DIAGNOSTIC,    37, -5.917391070342e-01, 2.163060314853e-05, 8.7726e-01, 4.4951e-03, 
 2DIAGNOSTIC,    38, -5.917391330930e-01, 1.245673595325e-05, 8.8193e-01, 4.6649e-03, 
 2DIAGNOSTIC,    39, -5.917391754735e-01, 5.801896389390e-06, 8.8618e-01, 4.2510e-03, 
 2DIAGNOSTIC,    40, -5.917392424311e-01, 3.643428651046e-06, 8.9038e-01, 4.1962e-03, 
 2DIAGNOSTIC,    41, -5.917393428829e-01, 2.487109298309e-06, 8.9463e-01, 4.2560e-03, 
 2DIAGNOSTIC,    42, -5.917394845334e-01, 1.715730317296e-06, 8.9911e-01, 4.4811e-03, 
 2DIAGNOSTIC,    43, -5.917396625587e-01, 1.144189314694e-06, 9.0329e-01, 4.1771e-03, 
DIAGNOSTIC,Iteration,metricValue,convergenceValue,ITERATION_TIME_INDEX,SINCE_LAST
 2DIAGNOSTIC,     1, -4.784004501420e-01, 1.797693134862e+308, 1.6368e+00, 7.3350e-01, 
 2DIAGNOSTIC,     2, -4.783999131489e-01, 1.797693134862e+308, 1.6652e+00, 2.8443e-02, 
 2DIAGNOSTIC,     3, -4.784190365427e-01, 1.797693134862e+308, 1.7002e+00, 3.4956e-02, 
 2DIAGNOSTIC,     4, -4.785028756512e-01, 1.797693134862e+308, 1.7313e+00, 3.1158e-02, 
 2DIAGNOSTIC,     5, -4.786647485432e-01, 1.797693134862e+308, 1.7606e+00, 2.9226e-02, 
 2DIAGNOSTIC,     6, -4.788099932961e-01, 1.797693134862e+308, 1.7943e+00, 3.3699e-02, 
 2DIAGNOSTIC,     7, -4.794645847218e-01, 1.797693134862e+308, 1.8260e+00, 3.1719e-02, 
 2DIAGNOSTIC,     8, -4.813619171749e-01, 1.797693134862e+308, 1.8678e+00, 4.1832e-02, 
 2DIAGNOSTIC,     9, -4.817935635328e-01, 1.797693134862e+308, 1.9031e+00, 3.5270e-02, 
 2DIAGNOSTIC,    10, -4.822647496899e-01, 5.583367504776e-04, 1.9346e+00, 3.1539e-02, 
 2DIAGNOSTIC,    11, -4.831344909908e-01, 6.366384574868e-04, 1.9665e+00, 3.1918e-02, 
 2DIAGNOSTIC,    12, -4.835768992574e-01, 6.653898034789e-04, 2.0131e+00, 4.6550e-02, 
 2DIAGNOSTIC,    13, -4.835677565322e-01, 6.290342968946e-04, 2.0488e+00, 3.5713e-02, 
 2DIAGNOSTIC,    14, -4.835733047839e-01, 5.452729207790e-04, 2.0889e+00, 4.0043e-02, 
 2DIAGNOSTIC,    15, -4.835701547250e-01, 4.305772095897e-04, 2.1195e+00, 3.0599e-02, 
 2DIAGNOSTIC,    16, -4.835566913005e-01, 2.956272804016e-04, 2.1503e+00, 3.0868e-02, 
 2DIAGNOSTIC,    17, -4.835523104087e-01, 1.703980275126e-04, 2.1774e+00, 2.7117e-02, 
 2DIAGNOSTIC,    18, -4.835483887832e-01, 1.058854945929e-04, 2.2044e+00, 2.6957e-02, 
 2DIAGNOSTIC,    19, -4.835469915472e-01, 5.203914176192e-05, 2.2321e+00, 2.7673e-02, 
 2DIAGNOSTIC,    20, -4.835401827381e-01, 1.204163308630e-05, 2.2631e+00, 3.0985e-02, 
DIAGNOSTIC,Iteration,metricValue,convergenceValue,ITERATION_TIME_INDEX,SINCE_LAST
 2DIAGNOSTIC,     1, -4.161561167873e-01, 1.797693134862e+308, 3.3329e+00, 1.0699e+00, 
 2DIAGNOSTIC,     2, -4.161756893438e-01, 1.797693134862e+308, 3.6737e+00, 3.4073e-01, 
 2DIAGNOSTIC,     3, -4.161696114508e-01, 1.797693134862e+308, 3.9351e+00, 2.6142e-01, 
 2DIAGNOSTIC,     4, -4.161681503552e-01, 1.797693134862e+308, 4.3410e+00, 4.0591e-01, 
 2DIAGNOSTIC,     5, -4.161678896601e-01, 1.797693134862e+308, 4.5615e+00, 2.2054e-01, 
 2DIAGNOSTIC,     6, -4.161669123584e-01, 1.797693134862e+308, 4.8179e+00, 2.5641e-01, 
 2DIAGNOSTIC,     7, -4.161667485642e-01, 1.797693134862e+308, 5.0666e+00, 2.4865e-01, 
 2DIAGNOSTIC,     8, -4.161656816014e-01, 1.797693134862e+308, 5.2952e+00, 2.2864e-01, 
 2DIAGNOSTIC,     9, -4.161650043536e-01, 1.797693134862e+308, 5.5744e+00, 2.7921e-01, 
 2DIAGNOSTIC,    10, -4.161655463813e-01, 2.943366593178e-06, 5.8925e+00, 3.1812e-01, 
 2DIAGNOSTIC,    11, -4.161636420994e-01, 1.720591491311e-06, 6.1779e+00, 2.8534e-01, 
 2DIAGNOSTIC,    12, -4.161624970808e-01, 1.867462473923e-06, 6.4466e+00, 2.6876e-01, 
 2DIAGNOSTIC,    13, -4.161615819743e-01, 1.698398061939e-06, 6.7210e+00, 2.7436e-01, 
 2DIAGNOSTIC,    14, -4.161624603293e-01, 1.592444846862e-06, 7.0253e+00, 3.0425e-01, 
 2DIAGNOSTIC,    15, -4.161620529812e-01, 1.530180434611e-06, 7.3242e+00, 2.9890e-01, 
 2DIAGNOSTIC,    16, -4.161603835105e-01, 1.417836915527e-06, 7.5629e+00, 2.3875e-01, 
 2DIAGNOSTIC,    17, -4.161625251480e-01, 1.455414114733e-06, 7.8415e+00, 2.7865e-01, 
 2DIAGNOSTIC,    18, -4.161617349624e-01, 1.453854858259e-06, 8.0980e+00, 2.5645e-01, 
 2DIAGNOSTIC,    19, -4.161656140593e-01, 1.594928499368e-06, 8.3662e+00, 2.6819e-01, 
 2DIAGNOSTIC,    20, -4.161678254529e-01, 1.821576322045e-06, 8.7995e+00, 4.3333e-01, 
 2DIAGNOSTIC,    21, -4.161672172258e-01, 1.924327020966e-06, 9.1166e+00, 3.1712e-01, 
 2DIAGNOSTIC,    22, -4.161665846122e-01, 1.927748308352e-06, 9.3965e+00, 2.7990e-01, 
 2DIAGNOSTIC,    23, -4.161660793964e-01, 1.843028033362e-06, 9.6722e+00, 2.7568e-01, 
 2DIAGNOSTIC,    24, -4.161655365532e-01, 1.730448865603e-06, 9.9354e+00, 2.6315e-01, 
 2DIAGNOSTIC,    25, -4.161651834945e-01, 1.568353731801e-06, 1.0168e+01, 2.3308e-01, 
 2DIAGNOSTIC,    26, -4.161660037664e-01, 1.368374529652e-06, 1.0430e+01, 2.6153e-01, 
 2DIAGNOSTIC,    27, -4.161651045495e-01, 1.203105052437e-06, 1.0664e+01, 2.3373e-01, 
 2DIAGNOSTIC,    28, -4.161679884896e-01, 1.097088643397e-06, 1.0937e+01, 2.7369e-01, 
 2DIAGNOSTIC,    29, -4.161710849647e-01, 1.162831221618e-06, 1.1220e+01, 2.8253e-01, 
 2DIAGNOSTIC,    30, -4.161703640305e-01, 1.250475696178e-06, 1.1509e+01, 2.8903e-01, 
 2DIAGNOSTIC,    31, -4.161708142910e-01, 1.313167812433e-06, 1.1825e+01, 3.1571e-01, 
 2DIAGNOSTIC,    32, -4.161710089263e-01, 1.336085269289e-06, 1.2059e+01, 2.3463e-01, 
 2DIAGNOSTIC,    33, -4.161749613447e-01, 1.395595231969e-06, 1.2334e+01, 2.7466e-01, 
 2DIAGNOSTIC,    34, -4.161777487503e-01, 1.452526296582e-06, 1.2555e+01, 2.2057e-01, 
 2DIAGNOSTIC,    35, -4.161792220174e-01, 1.478601712374e-06, 1.2842e+01, 2.8763e-01, 
 2DIAGNOSTIC,    36, -4.161806859644e-01, 1.495439417663e-06, 1.3111e+01, 2.6927e-01, 
 2DIAGNOSTIC,    37, -4.161791778422e-01, 1.407680669287e-06, 1.3342e+01, 2.3043e-01, 
 2DIAGNOSTIC,    38, -4.161838486863e-01, 1.406626875797e-06, 1.3628e+01, 2.8567e-01, 
 2DIAGNOSTIC,    39, -4.161849953096e-01, 1.422742180478e-06, 1.3995e+01, 3.6751e-01, 
 2DIAGNOSTIC,    40, -4.161860914886e-01, 1.386764640333e-06, 1.4359e+01, 3.6389e-01, 
 2DIAGNOSTIC,    41, -4.161854987572e-01, 1.295749582918e-06, 1.4619e+01, 2.6032e-01, 
 2DIAGNOSTIC,    42, -4.161840259984e-01, 1.138573346691e-06, 1.4880e+01, 2.6114e-01, 
 2DIAGNOSTIC,    43, -4.161834049856e-01, 1.004201837070e-06, 1.5109e+01, 2.2858e-01, 
DIAGNOSTIC,Iteration,metricValue,convergenceValue,ITERATION_TIME_INDEX,SINCE_LAST
 2DIAGNOSTIC,     1, -3.834265912329e-01, 1.797693134862e+308, 1.7634e+01, 2.5251e+00, 
 2DIAGNOSTIC,     2, -3.834925053352e-01, 1.797693134862e+308, 1.9281e+01, 1.6466e+00, 
 2DIAGNOSTIC,     3, -3.834978116470e-01, 1.797693134862e+308, 2.0902e+01, 1.6214e+00, 
 2DIAGNOSTIC,     4, -3.835004127722e-01, 1.797693134862e+308, 2.2676e+01, 1.7737e+00, 
 2DIAGNOSTIC,     5, -3.835019582508e-01, 1.797693134862e+308, 2.4229e+01, 1.5530e+00, 
 2DIAGNOSTIC,     6, -3.835049957412e-01, 1.797693134862e+308, 2.5908e+01, 1.6789e+00, 
 2DIAGNOSTIC,     7, -3.835058343716e-01, 1.797693134862e+308, 2.7608e+01, 1.7005e+00, 
 2DIAGNOSTIC,     8, -3.835066498250e-01, 1.797693134862e+308, 2.9491e+01, 1.8824e+00, 
 2DIAGNOSTIC,     9, -3.835062955317e-01, 1.797693134862e+308, 3.1220e+01, 1.7294e+00, 
 2DIAGNOSTIC,    10, -3.835063108992e-01, 1.066660754297e-05, 3.2926e+01, 1.7059e+00, 
 2DIAGNOSTIC,    11, -3.835061571786e-01, 4.747040754108e-06, 3.5255e+01, 2.3291e+00, 
 2DIAGNOSTIC,    12, -3.835060832645e-01, 3.706200698367e-06, 3.6668e+01, 1.4128e+00, 
 2DIAGNOSTIC,    13, -3.835060190716e-01, 3.027826130791e-06, 3.8210e+01, 1.5427e+00, 
 2DIAGNOSTIC,    14, -3.835058638474e-01, 2.523467073842e-06, 3.9838e+01, 1.6273e+00, 
 2DIAGNOSTIC,    15, -3.835058006959e-01, 2.133709281468e-06, 4.1368e+01, 1.5298e+00, 
 2DIAGNOSTIC,    16, -3.835056463967e-01, 1.924177727972e-06, 4.3367e+01, 1.9998e+00, 
 2DIAGNOSTIC,    17, -3.835054775124e-01, 1.773328560155e-06, 4.5109e+01, 1.7420e+00, 
 2DIAGNOSTIC,    18, -3.835053086117e-01, 1.675385378229e-06, 4.6467e+01, 1.3578e+00, 
 2DIAGNOSTIC,    19, -3.835051448140e-01, 1.576051818178e-06, 4.7844e+01, 1.3765e+00, 
 2DIAGNOSTIC,    20, -3.835051658762e-01, 1.497295074718e-06, 4.9243e+01, 1.3993e+00, 
 2DIAGNOSTIC,    21, -3.835053779570e-01, 1.436675313764e-06, 5.0830e+01, 1.5874e+00, 
 2DIAGNOSTIC,    22, -3.835055901410e-01, 1.393331721014e-06, 5.2510e+01, 1.6798e+00, 
 2DIAGNOSTIC,    23, -3.835055251001e-01, 1.354581542302e-06, 5.4118e+01, 1.6081e+00, 
 2DIAGNOSTIC,    24, -3.835054518280e-01, 1.314933130554e-06, 5.5781e+01, 1.6624e+00, 
 2DIAGNOSTIC,    25, -3.835053813421e-01, 1.275595341126e-06, 5.7372e+01, 1.5909e+00, 
 2DIAGNOSTIC,    26, -3.835053141615e-01, 1.232550095348e-06, 5.8734e+01, 1.3627e+00, 
 2DIAGNOSTIC,    27, -3.835053494673e-01, 1.188143193880e-06, 6.0081e+01, 1.3462e+00, 
 2DIAGNOSTIC,    28, -3.835054089351e-01, 1.143229099970e-06, 6.1726e+01, 1.6453e+00, 
 2DIAGNOSTIC,    29, -3.835055814676e-01, 1.101082730118e-06, 6.3187e+01, 1.4610e+00, 
 2DIAGNOSTIC,    30, -3.835053714639e-01, 1.056523028418e-06, 6.5206e+01, 2.0193e+00, 
 2DIAGNOSTIC,    31, -3.835053052287e-01, 1.018740041464e-06, 6.6760e+01, 1.5540e+00, 
  Elapsed time (stage 0): 6.7634e+01


Total elapsed time: 6.7637e+01
Info [verificarlo]: loaded backend libinterflop_ieee.so
Info [interflop-ieee]: load backend with:
Info [interflop-ieee]: debug = false
Info [interflop-ieee]: debug-binary = false
Info [interflop-ieee]: no-backend-name = false
Info [interflop-ieee]: print-new-line = false
Info [interflop-ieee]: print-subnormal-normalized = false
Info [interflop-ieee]: count-op = false
All_Command_lines_OK
Using double precision for computations.
=============================================================================
The composite transform comprises the following transforms (in order): 
  1. /home/mdugre/scratch/mri-registration-rp/datasets/ds004513/derivatives/mri-registration-rp/0001/antsRegistration-r8-p6/sub-s017/rigid_Composite.h5[0] (type = Euler3DTransform)
  2. /home/mdugre/scratch/mri-registration-rp/datasets/ds004513/derivatives/mri-registration-rp/0001/antsRegistration-r8-p6/sub-s017/rigid_Composite.h5[1] (type = Euler3DTransform)
  3. /home/mdugre/scratch/mri-registration-rp/datasets/ds004513/derivatives/mri-registration-rp/0001/antsRegistration-r8-p6/sub-s017/rigid_Composite.h5[2] (type = Euler3DTransform)
=============================================================================
  number of levels = 4
  fixed image: /templateflow/tpl-MNI152NLin2009cAsym/tpl-MNI152NLin2009cAsym_res-01_desc-brain_T1w.nii.gz
  moving image: /home/mdugre/scratch/mri-registration-rp/datasets/ds004513/derivatives/mri-registration-rp/antsBrainExtraction/sub-s017/BrainExtractionBrain.nii.gz
Dimension = 3
Number of stages = 1
Use histogram matching = false
Winsorize image intensities = true
  Lower quantile = 0.005
  Upper quantile = 0.995


Stage 1 State
   Image metric = MattesMI
     Fixed image = Image (0x4585530)
  RTTI typeinfo:   itk::Image<double, 3u>
  Reference Count: 2
  Modified Time: 1594
  Debug: Off
  Object Name: 
  Observers: 
    none
  Source: (none)
  Source output name: (none)
  Release Data: Off
  Data Released: False
  Global Release Data: Off
  PipelineMTime: 0
  UpdateMTime: 1203
  RealTimeStamp: 0 seconds 
  LargestPossibleRegion: 
    Dimension: 3
    Index: [0, 0, 0]
    Size: [193, 229, 193]
  BufferedRegion: 
    Dimension: 3
    Index: [0, 0, 0]
    Size: [193, 229, 193]
  RequestedRegion: 
    Dimension: 3
    Index: [0, 0, 0]
    Size: [193, 229, 193]
  Spacing: [1, 1, 1]
  Origin: [96, 132, -78]
  Direction: 
-1 0 0
0 -1 0
0 0 1

  IndexToPointMatrix: 
-1 0 0
0 -1 0
0 0 1

  PointToIndexMatrix: 
-1 0 0
0 -1 0
0 0 1

  Inverse Direction: 
-1 0 0
0 -1 0
0 0 1

  PixelContainer: 
    ImportImageContainer (0x463e2a0)
      RTTI typeinfo:   itk::ImportImageContainer<unsigned long, double>
      Reference Count: 1
      Modified Time: 1200
      Debug: Off
      Object Name: 
      Observers: 
        none
      Pointer: 0x154c7dd19010
      Container manages memory: true
      Size: 8530021
      Capacity: 8530021

     Moving image = Image (0x4640e60)
  RTTI typeinfo:   itk::Image<double, 3u>
  Reference Count: 2
  Modified Time: 1595
  Debug: Off
  Object Name: 
  Observers: 
    none
  Source: (none)
  Source output name: (none)
  Release Data: Off
  Data Released: False
  Global Release Data: Off
  PipelineMTime: 0
  UpdateMTime: 1592
  RealTimeStamp: 0 seconds 
  LargestPossibleRegion: 
    Dimension: 3
    Index: [0, 0, 0]
    Size: [160, 240, 256]
  BufferedRegion: 
    Dimension: 3
    Index: [0, 0, 0]
    Size: [160, 240, 256]
  RequestedRegion: 
    Dimension: 3
    Index: [0, 0, 0]
    Size: [160, 240, 256]
  Spacing: [1, 1, 1]
  Origin: [91.3357, 102.231, -120.042]
  Direction: 
-0.997442 -5.36781e-05 -0.0714818
5.35416e-05 -1 3.82465e-06
-0.0714818 -1.23894e-08 0.997442

  IndexToPointMatrix: 
-0.997444 -5.36781e-05 -0.0714818
5.35418e-05 -1 3.82465e-06
-0.0714819 -1.23894e-08 0.997442

  PointToIndexMatrix: 
-0.99744 5.35415e-05 -0.0714816
-5.36781e-05 -1 -1.23894e-08
-0.0714818 3.82465e-06 0.997442

  Inverse Direction: 
-0.997442 5.35416e-05 -0.0714818
-5.36781e-05 -1 -1.23894e-08
-0.0714818 3.82465e-06 0.997442

  PixelContainer: 
    ImportImageContainer (0x4674390)
      RTTI typeinfo:   itk::ImportImageContainer<unsigned long, double>
      Reference Count: 1
      Modified Time: 1589
      Debug: Off
      Object Name: 
      Observers: 
        none
      Pointer: 0x154c79218010
      Container manages memory: true
      Size: 9830400
      Capacity: 9830400

     Weighting = 1
     Sampling strategy = regular
     Number of bins = 32
     Radius = 4
     Sampling percentage  = 0.25
   Transform = Affine
     Gradient step = 0.1
     Update field sigma (voxel space) = 0
     Total field sigma (voxel space) = 0
     Update field time sigma = 0
     Total field time sigma  = 0
     Number of time indices = 0
     Number of time point samples = 0
Registration using 1 total stages.

Stage 0
  iterations = 1000x500x250x100
  convergence threshold = 1e-06
  convergence window size = 10
  number of levels = 4
  using the Mattes MI metric (number of bins = 32, weight = 1, use gradient filter = 0)
  preprocessing:  winsorizing the image intensities
  Shrink factors (level 1 out of 4): [8, 8, 8]
  Shrink factors (level 2 out of 4): [4, 4, 4]
  Shrink factors (level 3 out of 4): [2, 2, 2]
  Shrink factors (level 4 out of 4): [1, 1, 1]
  smoothing sigmas per level: [3, 2, 1, 0]
  regular sampling (percentage = 0.25)

*** Running AffineTransform registration ***

DIAGNOSTIC,Iteration,metricValue,convergenceValue,ITERATION_TIME_INDEX,SINCE_LAST
 2DIAGNOSTIC,     1, -5.806290998448e-01, 1.797693134862e+308, 7.1691e-01, 7.1691e-01, 
 2DIAGNOSTIC,     2, -5.832407507945e-01, 1.797693134862e+308, 7.2219e-01, 5.2781e-03, 
 2DIAGNOSTIC,     3, -5.883921006093e-01, 1.797693134862e+308, 7.2730e-01, 5.1100e-03, 
 2DIAGNOSTIC,     4, -5.973582020688e-01, 1.797693134862e+308, 7.3303e-01, 5.7290e-03, 
 2DIAGNOSTIC,     5, -6.166279652041e-01, 1.797693134862e+308, 7.3832e-01, 5.2891e-03, 
 2DIAGNOSTIC,     6, -6.406440245593e-01, 1.797693134862e+308, 7.4405e-01, 5.7321e-03, 
 2DIAGNOSTIC,     7, -7.009864259367e-01, 1.797693134862e+308, 7.5103e-01, 6.9811e-03, 
 2DIAGNOSTIC,     8, -7.630482518946e-01, 1.797693134862e+308, 7.5687e-01, 5.8341e-03, 
 2DIAGNOSTIC,     9, -8.423469020345e-01, 1.797693134862e+308, 7.6552e-01, 8.6501e-03, 
 2DIAGNOSTIC,    10, -8.569694553666e-01, 2.845116132600e-02, 7.7168e-01, 6.1569e-03, 
 2DIAGNOSTIC,    11, -8.701917124515e-01, 2.871708896977e-02, 7.7860e-01, 6.9220e-03, 
 2DIAGNOSTIC,    12, -8.814645613084e-01, 2.683607373997e-02, 7.8860e-01, 9.9981e-03, 
 2DIAGNOSTIC,    13, -8.822368115740e-01, 2.307206282896e-02, 7.9482e-01, 6.2201e-03, 
 2DIAGNOSTIC,    14, -8.834458718971e-01, 1.815384138990e-02, 8.0069e-01, 5.8780e-03, 
 2DIAGNOSTIC,    15, -8.851322801940e-01, 1.292532924365e-02, 8.0649e-01, 5.7979e-03, 
 2DIAGNOSTIC,    16, -8.870480809539e-01, 7.902435052126e-03, 8.1215e-01, 5.6620e-03, 
 2DIAGNOSTIC,    17, -8.886777819756e-01, 4.189413166402e-03, 8.1907e-01, 6.9129e-03, 
 2DIAGNOSTIC,    18, -8.889448810363e-01, 1.810422428312e-03, 8.2616e-01, 7.0891e-03, 
 2DIAGNOSTIC,    19, -8.890594323210e-01, 1.083853128700e-03, 8.3317e-01, 7.0171e-03, 
 2DIAGNOSTIC,    20, -8.887882561560e-01, 5.969783258960e-04, 8.4066e-01, 7.4830e-03, 
 2DIAGNOSTIC,    21, -8.886098615538e-01, 3.264824935662e-04, 8.4875e-01, 8.0960e-03, 
 2DIAGNOSTIC,    22, -8.885249832343e-01, 2.361096539161e-04, 8.5685e-01, 8.0960e-03, 
 2DIAGNOSTIC,    23, -8.882875302662e-01, 1.410432913302e-04, 8.6302e-01, 6.1760e-03, 
 2DIAGNOSTIC,    24, -8.882052345021e-01, 5.851496521118e-05, 8.6876e-01, 5.7340e-03, 
DIAGNOSTIC,Iteration,metricValue,convergenceValue,ITERATION_TIME_INDEX,SINCE_LAST
 2DIAGNOSTIC,     1, -7.469015879431e-01, 1.797693134862e+308, 1.6488e+00, 7.8001e-01, 
 2DIAGNOSTIC,     2, -7.476337610233e-01, 1.797693134862e+308, 1.6890e+00, 4.0237e-02, 
 2DIAGNOSTIC,     3, -7.481984149140e-01, 1.797693134862e+308, 1.7280e+00, 3.8992e-02, 
 2DIAGNOSTIC,     4, -7.485348956831e-01, 1.797693134862e+308, 1.7685e+00, 4.0525e-02, 
 2DIAGNOSTIC,     5, -7.488723349173e-01, 1.797693134862e+308, 1.8105e+00, 4.1939e-02, 
 2DIAGNOSTIC,     6, -7.493028718069e-01, 1.797693134862e+308, 1.8544e+00, 4.3952e-02, 
 2DIAGNOSTIC,     7, -7.498240981464e-01, 1.797693134862e+308, 1.9025e+00, 4.8084e-02, 
 2DIAGNOSTIC,     8, -7.499189037735e-01, 1.797693134862e+308, 1.9419e+00, 3.9381e-02, 
 2DIAGNOSTIC,     9, -7.503981904162e-01, 1.797693134862e+308, 1.9883e+00, 4.6471e-02, 
 2DIAGNOSTIC,    10, -7.505578656638e-01, 3.049238841281e-04, 2.0310e+00, 4.2629e-02, 
 2DIAGNOSTIC,    11, -7.505341233990e-01, 2.389539917853e-04, 2.0733e+00, 4.2374e-02, 
 2DIAGNOSTIC,    12, -7.505061913920e-01, 1.848758148282e-04, 2.1156e+00, 4.2287e-02, 
 2DIAGNOSTIC,    13, -7.505141120913e-01, 1.393602388686e-04, 2.1576e+00, 4.1933e-02, 
 2DIAGNOSTIC,    14, -7.505102732770e-01, 9.677096784588e-05, 2.2022e+00, 4.4584e-02, 
 2DIAGNOSTIC,    15, -7.505029862709e-01, 5.935599152977e-05, 2.2609e+00, 5.8772e-02, 
 2DIAGNOSTIC,    16, -7.504912485353e-01, 3.116311003346e-05, 2.3074e+00, 4.6525e-02, 
 2DIAGNOSTIC,    17, -7.504804688706e-01, 1.513171379908e-05, 2.3470e+00, 3.9512e-02, 
 2DIAGNOSTIC,    18, -7.504860792559e-01, 1.517273932217e-06, 2.3893e+00, 4.2384e-02, 
DIAGNOSTIC,Iteration,metricValue,convergenceValue,ITERATION_TIME_INDEX,SINCE_LAST
 2DIAGNOSTIC,     1, -6.294116115535e-01, 1.797693134862e+308, 3.5475e+00, 1.1582e+00, 
 2DIAGNOSTIC,     2, -6.299274337622e-01, 1.797693134862e+308, 3.8572e+00, 3.0966e-01, 
 2DIAGNOSTIC,     3, -6.304606937512e-01, 1.797693134862e+308, 4.1778e+00, 3.2066e-01, 
 2DIAGNOSTIC,     4, -6.311440983193e-01, 1.797693134862e+308, 4.5018e+00, 3.2396e-01, 
 2DIAGNOSTIC,     5, -6.319613521836e-01, 1.797693134862e+308, 4.7987e+00, 2.9689e-01, 
 2DIAGNOSTIC,     6, -6.326508619486e-01, 1.797693134862e+308, 5.3970e+00, 5.9829e-01, 
 2DIAGNOSTIC,     7, -6.326442431628e-01, 1.797693134862e+308, 5.9077e+00, 5.1073e-01, 
 2DIAGNOSTIC,     8, -6.326421030130e-01, 1.797693134862e+308, 6.2702e+00, 3.6248e-01, 
 2DIAGNOSTIC,     9, -6.326413590238e-01, 1.797693134862e+308, 6.6074e+00, 3.3728e-01, 
 2DIAGNOSTIC,    10, -6.326405356435e-01, 3.607193926191e-04, 6.9845e+00, 3.7707e-01, 
 2DIAGNOSTIC,    11, -6.326380580865e-01, 2.475998131874e-04, 7.3300e+00, 3.4544e-01, 
 2DIAGNOSTIC,    12, -6.326382568473e-01, 1.509095212211e-04, 7.6165e+00, 2.8658e-01, 
 2DIAGNOSTIC,    13, -6.326371996728e-01, 7.419551086971e-05, 7.9331e+00, 3.1656e-01, 
 2DIAGNOSTIC,    14, -6.326376013274e-01, 2.341664775822e-05, 8.2556e+00, 3.2251e-01, 
 2DIAGNOSTIC,    15, -6.326364676125e-01, 1.358505308857e-06, 8.5400e+00, 2.8441e-01, 
 2DIAGNOSTIC,    16, -6.326355130104e-01, 1.489402976826e-06, 8.8182e+00, 2.7823e-01, 
 2DIAGNOSTIC,    17, -6.326348603334e-01, 1.460469314991e-06, 9.1893e+00, 3.7101e-01, 
 2DIAGNOSTIC,    18, -6.326337609209e-01, 1.391313726715e-06, 9.5016e+00, 3.1233e-01, 
 2DIAGNOSTIC,    19, -6.326327161451e-01, 1.322246810591e-06, 9.7917e+00, 2.9016e-01, 
 2DIAGNOSTIC,    20, -6.326305164185e-01, 1.226844775680e-06, 1.0113e+01, 3.2078e-01, 
 2DIAGNOSTIC,    21, -6.326298185264e-01, 1.107474463191e-06, 1.0407e+01, 2.9418e-01, 
 2DIAGNOSTIC,    22, -6.326281932428e-01, 1.008190425936e-06, 1.0751e+01, 3.4409e-01, 
DIAGNOSTIC,Iteration,metricValue,convergenceValue,ITERATION_TIME_INDEX,SINCE_LAST
 2DIAGNOSTIC,     1, -5.634463071898e-01, 1.797693134862e+308, 1.4037e+01, 3.2860e+00, 
 2DIAGNOSTIC,     2, -5.639251007722e-01, 1.797693134862e+308, 1.6001e+01, 1.9640e+00, 
 2DIAGNOSTIC,     3, -5.643935835147e-01, 1.797693134862e+308, 1.8157e+01, 2.1562e+00, 
 2DIAGNOSTIC,     4, -5.653421951613e-01, 1.797693134862e+308, 2.0195e+01, 2.0378e+00, 
 2DIAGNOSTIC,     5, -5.666806449727e-01, 1.797693134862e+308, 2.3404e+01, 3.2093e+00, 
 2DIAGNOSTIC,     6, -5.666788534914e-01, 1.797693134862e+308, 2.6102e+01, 2.6983e+00, 
 2DIAGNOSTIC,     7, -5.666779852801e-01, 1.797693134862e+308, 2.8583e+01, 2.4801e+00, 
 2DIAGNOSTIC,     8, -5.666783455306e-01, 1.797693134862e+308, 3.1302e+01, 2.7197e+00, 
 2DIAGNOSTIC,     9, -5.666783804766e-01, 1.797693134862e+308, 3.3938e+01, 2.6359e+00, 
 2DIAGNOSTIC,    10, -5.666783847511e-01, 3.983026663846e-04, 3.6137e+01, 2.1984e+00, 
 2DIAGNOSTIC,    11, -5.666785024863e-01, 2.625629582957e-04, 3.8555e+01, 2.4186e+00, 
 2DIAGNOSTIC,    12, -5.666783105888e-01, 1.470609815496e-04, 4.1077e+01, 2.5222e+00, 
 2DIAGNOSTIC,    13, -5.666782301939e-01, 5.398051642160e-05, 4.3353e+01, 2.2754e+00, 
 2DIAGNOSTIC,    14, -5.666781629345e-01, 2.177185669819e-06, 4.5941e+01, 2.5887e+00, 
 2DIAGNOSTIC,    15, -5.666780464326e-01, 2.098088023969e-06, 4.8001e+01, 2.0591e+00, 
 2DIAGNOSTIC,    16, -5.666779361757e-01, 1.972436176015e-06, 4.9960e+01, 1.9592e+00, 
 2DIAGNOSTIC,    17, -5.666778528288e-01, 1.834938571359e-06, 5.2058e+01, 2.0982e+00, 
 2DIAGNOSTIC,    18, -5.666778149780e-01, 1.725312489473e-06, 5.4169e+01, 2.1107e+00, 
 2DIAGNOSTIC,    19, -5.666778540592e-01, 1.633185066130e-06, 5.6377e+01, 2.2084e+00, 
 2DIAGNOSTIC,    20, -5.666779734964e-01, 1.557150254419e-06, 5.8224e+01, 1.8467e+00, 
 2DIAGNOSTIC,    21, -5.666782783732e-01, 1.501754945274e-06, 6.0532e+01, 2.3084e+00, 
 2DIAGNOSTIC,    22, -5.666783715778e-01, 1.450359921308e-06, 6.3147e+01, 2.6150e+00, 
 2DIAGNOSTIC,    23, -5.666783047804e-01, 1.399967089602e-06, 6.5401e+01, 2.2538e+00, 
 2DIAGNOSTIC,    24, -5.666781044857e-01, 1.346851378564e-06, 6.7440e+01, 2.0389e+00, 
 2DIAGNOSTIC,    25, -5.666777737153e-01, 1.287177798369e-06, 6.9593e+01, 2.1528e+00, 
 2DIAGNOSTIC,    26, -5.666778597139e-01, 1.230370097770e-06, 7.1866e+01, 2.2734e+00, 
 2DIAGNOSTIC,    27, -5.666776839724e-01, 1.172220440188e-06, 7.4109e+01, 2.2425e+00, 
 2DIAGNOSTIC,    28, -5.666776808378e-01, 1.118255119052e-06, 7.6222e+01, 2.1133e+00, 
 2DIAGNOSTIC,    29, -5.666773620214e-01, 1.065024702838e-06, 7.8411e+01, 2.1889e+00, 
 2DIAGNOSTIC,    30, -5.666775797709e-01, 1.024117683525e-06, 8.0805e+01, 2.3944e+00, 
  Elapsed time (stage 0): 8.2139e+01


Total elapsed time: 8.2142e+01
Info [verificarlo]: loaded backend libinterflop_vprec.so
Info [interflop-vprec]: load backend with: 
Info [interflop-vprec]: precision-binary32 = 6
Info [interflop-vprec]: range-binary32 = 8
Info [interflop-vprec]: precision-binary64 = 6
Info [interflop-vprec]: range-binary64 = 8
Info [interflop-vprec]: mode = ob
Info [interflop-vprec]: error-mode = rel
Info [interflop-vprec]: max-abs-error-exponent = -1022
Info [interflop-vprec]: daz = false
Info [interflop-vprec]: ftz = false
Info [interflop-vprec]: 	instrument = none
Info [interflop-vprec]: 	prec-input-file = (null)
Info [interflop-vprec]: 	prec-output-file = (null)
Info [interflop-vprec]: 	prec-log-file = (null)
All_Command_lines_OK
Using double precision for computations.
=============================================================================
The composite transform comprises the following transforms (in order): 
  1. /home/mdugre/scratch/mri-registration-rp/datasets/ds004513/derivatives/mri-registration-rp/0001/antsRegistration-r8-p6/sub-s017/affine_Composite.h5[0] (type = Euler3DTransform)
  2. /home/mdugre/scratch/mri-registration-rp/datasets/ds004513/derivatives/mri-registration-rp/0001/antsRegistration-r8-p6/sub-s017/affine_Composite.h5[1] (type = Euler3DTransform)
  3. /home/mdugre/scratch/mri-registration-rp/datasets/ds004513/derivatives/mri-registration-rp/0001/antsRegistration-r8-p6/sub-s017/affine_Composite.h5[2] (type = Euler3DTransform)
  4. /home/mdugre/scratch/mri-registration-rp/datasets/ds004513/derivatives/mri-registration-rp/0001/antsRegistration-r8-p6/sub-s017/affine_Composite.h5[3] (type = AffineTransform)
=============================================================================
  number of levels = 4
  fixed image: /templateflow/tpl-MNI152NLin2009cAsym/tpl-MNI152NLin2009cAsym_res-01_desc-brain_T1w.nii.gz
  moving image: /home/mdugre/scratch/mri-registration-rp/datasets/ds004513/derivatives/mri-registration-rp/antsBrainExtraction/sub-s017/BrainExtractionBrain.nii.gz
Dimension = 3
Number of stages = 1
Use histogram matching = false
Winsorize image intensities = true
  Lower quantile = 0.005
  Upper quantile = 0.995


Stage 1 State
   Image metric = CC
     Fixed image = Image (0x4ae36f0)
  RTTI typeinfo:   itk::Image<double, 3u>
  Reference Count: 2
  Modified Time: 1606
  Debug: Off
  Object Name: 
  Observers: 
    none
  Source: (none)
  Source output name: (none)
  Release Data: Off
