
##########################
# Experiment information #
##########################

EXPERIMENT_NAME: antsRegistration-r7-p8
VFC_BACKENDS: libinterflop_vprec.so --range-binary32=7 --precision-binary32=8 --range-binary64=7 --precision-binary64=8

SIF_IMG: /home/mdugre/projects/rrg-glatard/mdugre/containers/ants-vprec-no_metrics.simg

SUBJECT_ID: s003
INPUT_IMG: /home/mdugre/scratch/mri-registration-rp/datasets/ds004513/derivatives/mri-registration-rp/antsBrainExtraction/sub-s003/BrainExtractionBrain.nii.gz
OUTPUT_DIR: /home/mdugre/scratch/mri-registration-rp/datasets/ds004513/derivatives/mri-registration-rp/0001/antsRegistration-r7-p8/sub-s003

FIXED_IMG: /templateflow/tpl-MNI152NLin2009cAsym/tpl-MNI152NLin2009cAsym_res-01_desc-brain_T1w.nii.gz
DATA_DIR: /home/mdugre/scratch/mri-registration-rp/datasets/ds004513
TEMPLATEFLOW_DIR: /home/mdugre/projects/rrg-glatard/mdugre/templateflow
ITK_GLOBAL_DEFAULT_NUMBER_OF_THREADS: 16
##########################

Info [verificarlo]: loaded backend libinterflop_ieee.so
Info [interflop-ieee]: load backend with:
Info [interflop-ieee]: debug = false
Info [interflop-ieee]: debug-binary = false
Info [interflop-ieee]: no-backend-name = false
Info [interflop-ieee]: print-new-line = false
Info [interflop-ieee]: print-subnormal-normalized = false
Info [interflop-ieee]: count-op = false
All_Command_lines_OK
Using double precision for computations.
=============================================================================
The composite transform comprises the following transforms (in order): 
  1. Center of mass alignment using fixed image: /templateflow/tpl-MNI152NLin2009cAsym/tpl-MNI152NLin2009cAsym_res-01_desc-brain_T1w.nii.gz and moving image: /home/mdugre/scratch/mri-registration-rp/datasets/ds004513/derivatives/mri-registration-rp/antsBrainExtraction/sub-s003/BrainExtractionBrain.nii.gz (type = Euler3DTransform)
=============================================================================
  number of levels = 1
  fixed image: /templateflow/tpl-MNI152NLin2009cAsym/tpl-MNI152NLin2009cAsym_res-01_desc-brain_T1w.nii.gz
  moving image: /home/mdugre/scratch/mri-registration-rp/datasets/ds004513/derivatives/mri-registration-rp/antsBrainExtraction/sub-s003/BrainExtractionBrain.nii.gz
Dimension = 3
Number of stages = 1
Use histogram matching = false
Winsorize image intensities = true
  Lower quantile = 0.005
  Upper quantile = 0.995


Stage 1 State
   Image metric = MattesMI
     Fixed image = Image (0x4cfebd0)
  RTTI typeinfo:   itk::Image<double, 3u>
  Reference Count: 2
  Modified Time: 2334
  Debug: Off
  Object Name: 
  Observers: 
    none
  Source: (none)
  Source output name: (none)
  Release Data: Off
  Data Released: False
  Global Release Data: Off
  PipelineMTime: 0
  UpdateMTime: 1943
  RealTimeStamp: 0 seconds 
  LargestPossibleRegion: 
    Dimension: 3
    Index: [0, 0, 0]
    Size: [193, 229, 193]
  BufferedRegion: 
    Dimension: 3
    Index: [0, 0, 0]
    Size: [193, 229, 193]
  RequestedRegion: 
    Dimension: 3
    Index: [0, 0, 0]
    Size: [193, 229, 193]
  Spacing: [1, 1, 1]
  Origin: [96, 132, -78]
  Direction: 
-1 0 0
0 -1 0
0 0 1

  IndexToPointMatrix: 
-1 0 0
0 -1 0
0 0 1

  PointToIndexMatrix: 
-1 0 0
0 -1 0
0 0 1

  Inverse Direction: 
-1 0 0
0 -1 0
0 0 1

  PixelContainer: 
    ImportImageContainer (0x4d56930)
      RTTI typeinfo:   itk::ImportImageContainer<unsigned long, double>
      Reference Count: 1
      Modified Time: 1940
      Debug: Off
      Object Name: 
      Observers: 
        none
      Pointer: 0x14c29ea5a010
      Container manages memory: true
      Size: 8530021
      Capacity: 8530021

     Moving image = Image (0x4dee610)
  RTTI typeinfo:   itk::Image<double, 3u>
  Reference Count: 2
  Modified Time: 2335
  Debug: Off
  Object Name: 
  Observers: 
    none
  Source: (none)
  Source output name: (none)
  Release Data: Off
  Data Released: False
  Global Release Data: Off
  PipelineMTime: 0
  UpdateMTime: 2332
  RealTimeStamp: 0 seconds 
  LargestPossibleRegion: 
    Dimension: 3
    Index: [0, 0, 0]
    Size: [176, 240, 256]
  BufferedRegion: 
    Dimension: 3
    Index: [0, 0, 0]
    Size: [176, 240, 256]
  RequestedRegion: 
    Dimension: 3
    Index: [0, 0, 0]
    Size: [176, 240, 256]
  Spacing: [0.999999, 1, 1]
  Origin: [93.3499, 86.9368, -128.957]
  Direction: 
-0.999513 -0.0279216 -0.0139567
0.0279189 -0.99961 0.000389866
-0.0139622 2.01492e-08 0.999903

  IndexToPointMatrix: 
-0.999512 -0.0279216 -0.0139567
0.0279189 -0.99961 0.000389866
-0.0139621 2.01492e-08 0.999903

  PointToIndexMatrix: 
-0.999514 0.0279189 -0.0139622
-0.0279216 -0.99961 2.01716e-08
-0.0139567 0.000389866 0.999903

  Inverse Direction: 
-0.999513 0.0279189 -0.0139622
-0.0279216 -0.99961 2.01716e-08
-0.0139567 0.000389866 0.999903

  PixelContainer: 
    ImportImageContainer (0x4d2e850)
      RTTI typeinfo:   itk::ImportImageContainer<unsigned long, double>
      Reference Count: 1
      Modified Time: 2329
      Debug: Off
      Object Name: 
      Observers: 
        none
      Pointer: 0x14c2997d9010
      Container manages memory: true
      Size: 10813440
      Capacity: 10813440

     Weighting = 1
     Sampling strategy = regular
     Number of bins = 32
     Radius = 4
     Sampling percentage  = 0.25
   Transform = Rigid
     Gradient step = 0.1
     Update field sigma (voxel space) = 0
     Total field sigma (voxel space) = 0
     Update field time sigma = 0
     Total field time sigma  = 0
     Number of time indices = 0
     Number of time point samples = 0
Registration using 1 total stages.

Stage 0
  iterations = 0
  convergence threshold = 1e-06
  convergence window size = 10
  number of levels = 1
  using the Mattes MI metric (number of bins = 32, weight = 1, use gradient filter = 0)
  preprocessing:  winsorizing the image intensities
  Shrink factors (level 1 out of 1): [1, 1, 1]
  smoothing sigmas per level: [0]
  regular sampling (percentage = 0.25)

*** Running Euler3DTransform registration ***

  Elapsed time (stage 0): 1.12386


Total elapsed time: 1.12595
Info [verificarlo]: loaded backend libinterflop_ieee.so
Info [interflop-ieee]: load backend with:
Info [interflop-ieee]: debug = false
Info [interflop-ieee]: debug-binary = false
Info [interflop-ieee]: no-backend-name = false
Info [interflop-ieee]: print-new-line = false
Info [interflop-ieee]: print-subnormal-normalized = false
Info [interflop-ieee]: count-op = false
All_Command_lines_OK
Using double precision for computations.
=============================================================================
The composite transform comprises the following transforms (in order): 
  1. /home/mdugre/scratch/mri-registration-rp/datasets/ds004513/derivatives/mri-registration-rp/0001/antsRegistration-r7-p8/sub-s003/align_Composite.h5[0] (type = Euler3DTransform)
  2. /home/mdugre/scratch/mri-registration-rp/datasets/ds004513/derivatives/mri-registration-rp/0001/antsRegistration-r7-p8/sub-s003/align_Composite.h5[1] (type = Euler3DTransform)
=============================================================================
  number of levels = 4
  fixed image: /templateflow/tpl-MNI152NLin2009cAsym/tpl-MNI152NLin2009cAsym_res-01_desc-brain_T1w.nii.gz
  moving image: /home/mdugre/scratch/mri-registration-rp/datasets/ds004513/derivatives/mri-registration-rp/antsBrainExtraction/sub-s003/BrainExtractionBrain.nii.gz
Dimension = 3
Number of stages = 1
Use histogram matching = false
Winsorize image intensities = true
  Lower quantile = 0.005
  Upper quantile = 0.995


Stage 1 State
   Image metric = MattesMI
     Fixed image = Image (0x4209530)
  RTTI typeinfo:   itk::Image<double, 3u>
  Reference Count: 2
  Modified Time: 1580
  Debug: Off
  Object Name: 
  Observers: 
    none
  Source: (none)
  Source output name: (none)
  Release Data: Off
  Data Released: False
  Global Release Data: Off
  PipelineMTime: 0
  UpdateMTime: 1189
  RealTimeStamp: 0 seconds 
  LargestPossibleRegion: 
    Dimension: 3
    Index: [0, 0, 0]
    Size: [193, 229, 193]
  BufferedRegion: 
    Dimension: 3
    Index: [0, 0, 0]
    Size: [193, 229, 193]
  RequestedRegion: 
    Dimension: 3
    Index: [0, 0, 0]
    Size: [193, 229, 193]
  Spacing: [1, 1, 1]
  Origin: [96, 132, -78]
  Direction: 
-1 0 0
0 -1 0
0 0 1

  IndexToPointMatrix: 
-1 0 0
0 -1 0
0 0 1

  PointToIndexMatrix: 
-1 0 0
0 -1 0
0 0 1

  Inverse Direction: 
-1 0 0
0 -1 0
0 0 1

  PixelContainer: 
    ImportImageContainer (0x42c7d60)
      RTTI typeinfo:   itk::ImportImageContainer<unsigned long, double>
      Reference Count: 1
      Modified Time: 1186
      Debug: Off
      Object Name: 
      Observers: 
        none
      Pointer: 0x14a029677010
      Container manages memory: true
      Size: 8530021
      Capacity: 8530021

     Moving image = Image (0x42b9f60)
  RTTI typeinfo:   itk::Image<double, 3u>
  Reference Count: 2
  Modified Time: 1581
  Debug: Off
  Object Name: 
  Observers: 
    none
  Source: (none)
  Source output name: (none)
  Release Data: Off
  Data Released: False
  Global Release Data: Off
  PipelineMTime: 0
  UpdateMTime: 1578
  RealTimeStamp: 0 seconds 
  LargestPossibleRegion: 
    Dimension: 3
    Index: [0, 0, 0]
    Size: [176, 240, 256]
  BufferedRegion: 
    Dimension: 3
    Index: [0, 0, 0]
    Size: [176, 240, 256]
  RequestedRegion: 
    Dimension: 3
    Index: [0, 0, 0]
    Size: [176, 240, 256]
  Spacing: [0.999999, 1, 1]
  Origin: [93.3499, 86.9368, -128.957]
  Direction: 
-0.999513 -0.0279216 -0.0139567
0.0279189 -0.99961 0.000389866
-0.0139622 2.01492e-08 0.999903

  IndexToPointMatrix: 
-0.999512 -0.0279216 -0.0139567
0.0279189 -0.99961 0.000389866
-0.0139621 2.01492e-08 0.999903

  PointToIndexMatrix: 
-0.999514 0.0279189 -0.0139622
-0.0279216 -0.99961 2.01716e-08
-0.0139567 0.000389866 0.999903

  Inverse Direction: 
-0.999513 0.0279189 -0.0139622
-0.0279216 -0.99961 2.01716e-08
-0.0139567 0.000389866 0.999903

  PixelContainer: 
    ImportImageContainer (0x42ab6d0)
      RTTI typeinfo:   itk::ImportImageContainer<unsigned long, double>
      Reference Count: 1
      Modified Time: 1575
      Debug: Off
      Object Name: 
      Observers: 
        none
      Pointer: 0x14a0243f6010
      Container manages memory: true
      Size: 10813440
      Capacity: 10813440

     Weighting = 1
     Sampling strategy = regular
     Number of bins = 32
     Radius = 4
     Sampling percentage  = 0.25
   Transform = Rigid
     Gradient step = 0.1
     Update field sigma (voxel space) = 0
     Total field sigma (voxel space) = 0
     Update field time sigma = 0
     Total field time sigma  = 0
     Number of time indices = 0
     Number of time point samples = 0
Registration using 1 total stages.

Stage 0
  iterations = 1000x500x250x100
  convergence threshold = 1e-06
  convergence window size = 10
  number of levels = 4
  using the Mattes MI metric (number of bins = 32, weight = 1, use gradient filter = 0)
  preprocessing:  winsorizing the image intensities
  Shrink factors (level 1 out of 4): [8, 8, 8]
  Shrink factors (level 2 out of 4): [4, 4, 4]
  Shrink factors (level 3 out of 4): [2, 2, 2]
  Shrink factors (level 4 out of 4): [1, 1, 1]
  smoothing sigmas per level: [3, 2, 1, 0]
  regular sampling (percentage = 0.25)

*** Running Euler3DTransform registration ***

DIAGNOSTIC,Iteration,metricValue,convergenceValue,ITERATION_TIME_INDEX,SINCE_LAST
 2DIAGNOSTIC,     1, -4.871187133941e-01, 1.797693134862e+308, 6.7412e-01, 6.7412e-01, 
 2DIAGNOSTIC,     2, -4.887966556740e-01, 1.797693134862e+308, 6.7844e-01, 4.3159e-03, 
 2DIAGNOSTIC,     3, -4.919242839642e-01, 1.797693134862e+308, 6.8242e-01, 3.9830e-03, 
 2DIAGNOSTIC,     4, -5.019092629522e-01, 1.797693134862e+308, 6.8693e-01, 4.5152e-03, 
 2DIAGNOSTIC,     5, -5.198319788477e-01, 1.797693134862e+308, 6.9124e-01, 4.3020e-03, 
 2DIAGNOSTIC,     6, -5.251449584180e-01, 1.797693134862e+308, 6.9582e-01, 4.5810e-03, 
 2DIAGNOSTIC,     7, -5.365118080768e-01, 1.797693134862e+308, 7.0005e-01, 4.2360e-03, 
 2DIAGNOSTIC,     8, -5.564319077261e-01, 1.797693134862e+308, 7.0629e-01, 6.2330e-03, 
 2DIAGNOSTIC,     9, -5.572786469687e-01, 1.797693134862e+308, 7.1055e-01, 4.2591e-03, 
 2DIAGNOSTIC,    10, -5.597886110608e-01, 1.060089541986e-02, 7.1600e-01, 5.4562e-03, 
 2DIAGNOSTIC,    11, -5.645450860914e-01, 9.471656029002e-03, 7.2100e-01, 4.9970e-03, 
 2DIAGNOSTIC,    12, -5.675342641672e-01, 7.901754414630e-03, 7.2662e-01, 5.6200e-03, 
 2DIAGNOSTIC,    13, -5.685174641935e-01, 6.033280802479e-03, 7.3190e-01, 5.2791e-03, 
 2DIAGNOSTIC,    14, -5.693412095342e-01, 4.302087948769e-03, 7.3756e-01, 5.6579e-03, 
 2DIAGNOSTIC,    15, -5.718972801998e-01, 3.155204981953e-03, 7.4262e-01, 5.0690e-03, 
 2DIAGNOSTIC,    16, -5.734788767073e-01, 2.091398053252e-03, 7.4692e-01, 4.2942e-03, 
 2DIAGNOSTIC,    17, -5.737823402463e-01, 1.310029424174e-03, 7.5113e-01, 4.2150e-03, 
 2DIAGNOSTIC,    18, -5.749452616696e-01, 1.114936190119e-03, 7.5532e-01, 4.1881e-03, 
 2DIAGNOSTIC,    19, -5.774392255369e-01, 9.301256922468e-04, 7.6164e-01, 6.3190e-03, 
 2DIAGNOSTIC,    20, -5.782944999890e-01, 7.612328990333e-04, 7.6716e-01, 5.5201e-03, 
 2DIAGNOSTIC,    21, -5.788863756141e-01, 6.687985513095e-04, 7.7155e-01, 4.3912e-03, 
 2DIAGNOSTIC,    22, -5.857337703008e-01, 7.546209630083e-04, 7.7588e-01, 4.3240e-03, 
 2DIAGNOSTIC,    23, -6.028589201245e-01, 1.162232410179e-03, 7.8142e-01, 5.5399e-03, 
 2DIAGNOSTIC,    24, -6.086613834862e-01, 1.554691240787e-03, 7.8746e-01, 6.0489e-03, 
 2DIAGNOSTIC,    25, -6.127624305001e-01, 1.904928851095e-03, 7.9266e-01, 5.1951e-03, 
 2DIAGNOSTIC,    26, -6.171330102456e-01, 2.167612416200e-03, 7.9763e-01, 4.9729e-03, 
 2DIAGNOSTIC,    27, -6.180829717873e-01, 2.226134243405e-03, 8.0238e-01, 4.7450e-03, 
 2DIAGNOSTIC,    28, -6.204355229474e-01, 2.128618122072e-03, 8.0798e-01, 5.6009e-03, 
 2DIAGNOSTIC,    29, -6.216541941698e-01, 1.901236643508e-03, 8.1310e-01, 5.1229e-03, 
 2DIAGNOSTIC,    30, -6.252686882257e-01, 1.589741139849e-03, 8.1814e-01, 5.0380e-03, 
 2DIAGNOSTIC,    31, -6.305777017656e-01, 1.244380669121e-03, 8.2278e-01, 4.6430e-03, 
 2DIAGNOSTIC,    32, -6.437126021240e-01, 1.107470071957e-03, 8.2835e-01, 5.5711e-03, 
 2DIAGNOSTIC,    33, -6.470260331352e-01, 1.176386014429e-03, 8.3320e-01, 4.8420e-03, 
 2DIAGNOSTIC,    34, -6.489214927734e-01, 1.241895818602e-03, 8.4027e-01, 7.0760e-03, 
 2DIAGNOSTIC,    35, -6.509315134388e-01, 1.271885990363e-03, 8.4475e-01, 4.4830e-03, 
 2DIAGNOSTIC,    36, -6.520045576656e-01, 1.251974688452e-03, 8.4953e-01, 4.7798e-03, 
 2DIAGNOSTIC,    37, -6.528674338813e-01, 1.135508401213e-03, 8.5422e-01, 4.6880e-03, 
 2DIAGNOSTIC,    38, -6.532435515366e-01, 9.531154292497e-04, 8.5892e-01, 4.6990e-03, 
 2DIAGNOSTIC,    39, -6.541864901996e-01, 7.192361474408e-04, 8.6527e-01, 6.3460e-03, 
 2DIAGNOSTIC,    40, -6.542289277737e-01, 4.743188301262e-04, 8.6967e-01, 4.4022e-03, 
 2DIAGNOSTIC,    41, -6.546763812663e-01, 2.615181490455e-04, 8.7416e-01, 4.4861e-03, 
 2DIAGNOSTIC,    42, -6.552218067086e-01, 1.910339455350e-04, 8.8004e-01, 5.8851e-03, 
 2DIAGNOSTIC,    43, -6.554129721802e-01, 1.447308464680e-04, 8.8470e-01, 4.6639e-03, 
 2DIAGNOSTIC,    44, -6.553665080171e-01, 1.066937806127e-04, 8.8892e-01, 4.2150e-03, 
 2DIAGNOSTIC,    45, -6.555155871216e-01, 8.322745835337e-05, 8.9329e-01, 4.3731e-03, 
 2DIAGNOSTIC,    46, -6.555941234295e-01, 6.476129988322e-05, 8.9804e-01, 4.7441e-03, 
 2DIAGNOSTIC,    47, -6.556720911241e-01, 5.043751162996e-05, 9.0334e-01, 5.3010e-03, 
 2DIAGNOSTIC,    48, -6.557412500192e-01, 3.618651678629e-05, 9.0784e-01, 4.5059e-03, 
 2DIAGNOSTIC,    49, -6.557035680663e-01, 2.804766170911e-05, 9.1352e-01, 5.6720e-03, 
 2DIAGNOSTIC,    50, -6.556370431233e-01, 1.739577633436e-05, 9.1821e-01, 4.6952e-03, 
 2DIAGNOSTIC,    51, -6.556525012125e-01, 9.753535091639e-06, 9.2293e-01, 4.7181e-03, 
 2DIAGNOSTIC,    52, -6.557396078488e-01, 7.222058104082e-06, 9.2768e-01, 4.7529e-03, 
 2DIAGNOSTIC,    53, -6.559471731294e-01, 7.699475072148e-06, 9.3193e-01, 4.2441e-03, 
 2DIAGNOSTIC,    54, -6.559602603552e-01, 7.139314489920e-06, 9.3660e-01, 4.6742e-03, 
 2DIAGNOSTIC,    55, -6.558869895489e-01, 6.662606126851e-06, 9.4095e-01, 4.3530e-03, 
 2DIAGNOSTIC,    56, -6.559055560165e-01, 6.463923072571e-06, 9.4665e-01, 5.7011e-03, 
 2DIAGNOSTIC,    57, -6.557456023530e-01, 4.981643889356e-06, 9.5133e-01, 4.6780e-03, 
 2DIAGNOSTIC,    58, -6.555942656138e-01, 2.474887483252e-06, 9.5557e-01, 4.2331e-03, 
DIAGNOSTIC,Iteration,metricValue,convergenceValue,ITERATION_TIME_INDEX,SINCE_LAST
 2DIAGNOSTIC,     1, -5.251717354874e-01, 1.797693134862e+308, 1.7085e+00, 7.5291e-01, 
 2DIAGNOSTIC,     2, -5.257857811210e-01, 1.797693134862e+308, 1.7378e+00, 2.9276e-02, 
 2DIAGNOSTIC,     3, -5.265574508125e-01, 1.797693134862e+308, 1.7717e+00, 3.3968e-02, 
 2DIAGNOSTIC,     4, -5.273171987548e-01, 1.797693134862e+308, 1.8001e+00, 2.8378e-02, 
 2DIAGNOSTIC,     5, -5.278516809526e-01, 1.797693134862e+308, 1.8286e+00, 2.8539e-02, 
 2DIAGNOSTIC,     6, -5.281802876634e-01, 1.797693134862e+308, 1.8588e+00, 3.0150e-02, 
 2DIAGNOSTIC,     7, -5.295045070522e-01, 1.797693134862e+308, 1.8885e+00, 2.9743e-02, 
 2DIAGNOSTIC,     8, -5.309925643968e-01, 1.797693134862e+308, 1.9343e+00, 4.5729e-02, 
 2DIAGNOSTIC,     9, -5.314375755086e-01, 1.797693134862e+308, 1.9627e+00, 2.8449e-02, 
 2DIAGNOSTIC,    10, -5.314996118027e-01, 8.343990072737e-04, 1.9903e+00, 2.7636e-02, 
 2DIAGNOSTIC,    11, -5.317667861660e-01, 7.298593473764e-04, 2.0197e+00, 2.9342e-02, 
 2DIAGNOSTIC,    12, -5.329506519359e-01, 6.565766190542e-04, 2.0551e+00, 3.5431e-02, 
 2DIAGNOSTIC,    13, -5.336087760589e-01, 5.916776963149e-04, 2.0865e+00, 3.1421e-02, 
 2DIAGNOSTIC,    14, -5.337339848015e-01, 5.164087860284e-04, 2.1164e+00, 2.9809e-02, 
 2DIAGNOSTIC,    15, -5.341527164988e-01, 4.402000510634e-04, 2.1516e+00, 3.5208e-02, 
 2DIAGNOSTIC,    16, -5.342852453096e-01, 3.481485196346e-04, 2.1939e+00, 4.2319e-02, 
 2DIAGNOSTIC,    17, -5.344581936810e-01, 2.805448075848e-04, 2.2279e+00, 3.3978e-02, 
 2DIAGNOSTIC,    18, -5.347659690261e-01, 2.475867774799e-04, 2.2607e+00, 3.2820e-02, 
 2DIAGNOSTIC,    19, -5.349665987238e-01, 2.138198163599e-04, 2.2939e+00, 3.3218e-02, 
 2DIAGNOSTIC,    20, -5.349618211085e-01, 1.655505959747e-04, 2.3260e+00, 3.2148e-02, 
 2DIAGNOSTIC,    21, -5.349662674411e-01, 1.130280053449e-04, 2.3581e+00, 3.2079e-02, 
 2DIAGNOSTIC,    22, -5.349854083375e-01, 8.384892881701e-05, 2.3866e+00, 2.8468e-02, 
 2DIAGNOSTIC,    23, -5.350137489416e-01, 6.538752246414e-05, 2.4176e+00, 3.1047e-02, 
 2DIAGNOSTIC,    24, -5.350714139105e-01, 4.626709395637e-05, 2.4479e+00, 3.0300e-02, 
 2DIAGNOSTIC,    25, -5.351831269073e-01, 3.583703862292e-05, 2.4781e+00, 3.0163e-02, 
 2DIAGNOSTIC,    26, -5.353747684566e-01, 2.962066921465e-05, 2.5090e+00, 3.0901e-02, 
 2DIAGNOSTIC,    27, -5.354865312783e-01, 2.662444925842e-05, 2.5404e+00, 3.1435e-02, 
 2DIAGNOSTIC,    28, -5.364134099481e-01, 4.487644639397e-05, 2.5949e+00, 5.4496e-02, 
 2DIAGNOSTIC,    29, -5.366946947195e-01, 6.617512636578e-05, 2.6298e+00, 3.4826e-02, 
 2DIAGNOSTIC,    30, -5.367116295735e-01, 8.015586257460e-05, 2.6596e+00, 2.9860e-02, 
 2DIAGNOSTIC,    31, -5.367383067711e-01, 8.653120740904e-05, 2.6925e+00, 3.2837e-02, 
 2DIAGNOSTIC,    32, -5.367584153506e-01, 8.505336298031e-05, 2.7274e+00, 3.4986e-02, 
 2DIAGNOSTIC,    33, -5.367823223416e-01, 7.630851152567e-05, 2.7593e+00, 3.1848e-02, 
 2DIAGNOSTIC,    34, -5.368271392671e-01, 6.242167316714e-05, 2.8011e+00, 4.1802e-02, 
 2DIAGNOSTIC,    35, -5.368155190532e-01, 4.515216480916e-05, 2.8332e+00, 3.2093e-02, 
 2DIAGNOSTIC,    36, -5.368178583863e-01, 2.770939863728e-05, 2.8611e+00, 2.7963e-02, 
 2DIAGNOSTIC,    37, -5.368064042300e-01, 9.777749758983e-06, 2.8926e+00, 3.1458e-02, 
 2DIAGNOSTIC,    38, -5.368113563405e-01, 4.898793492605e-06, 2.9206e+00, 2.7958e-02, 
 2DIAGNOSTIC,    39, -5.368120306489e-01, 3.723611991288e-06, 2.9502e+00, 2.9597e-02, 
 2DIAGNOSTIC,    40, -5.368573675698e-01, 3.156251192453e-06, 2.9812e+00, 3.1044e-02, 
 2DIAGNOSTIC,    41, -5.368833739611e-01, 3.066742901625e-06, 3.0164e+00, 3.5148e-02, 
 2DIAGNOSTIC,    42, -5.368948949232e-01, 3.159639697596e-06, 3.0483e+00, 3.1907e-02, 
 2DIAGNOSTIC,    43, -5.369256870682e-01, 3.687473974542e-06, 3.0804e+00, 3.2192e-02, 
 2DIAGNOSTIC,    44, -5.370096471487e-01, 5.463346029175e-06, 3.1113e+00, 3.0878e-02, 
 2DIAGNOSTIC,    45, -5.371440242936e-01, 8.125040394033e-06, 3.1564e+00, 4.5070e-02, 
 2DIAGNOSTIC,    46, -5.371486544237e-01, 1.001172372274e-05, 3.2570e+00, 1.0061e-01, 
 2DIAGNOSTIC,    47, -5.371486543372e-01, 1.083077731049e-05, 3.3610e+00, 1.0398e-01, 
 2DIAGNOSTIC,    48, -5.371486543372e-01, 1.072404460022e-05, 3.3928e+00, 3.1806e-02, 
 2DIAGNOSTIC,    49, -5.371486543372e-01, 9.635417944211e-06, 3.4297e+00, 3.6908e-02, 
 2DIAGNOSTIC,    50, -5.371486543372e-01, 8.183069573571e-06, 3.4656e+00, 3.5894e-02, 
 2DIAGNOSTIC,    51, -5.371486543372e-01, 6.344439567946e-06, 3.5025e+00, 3.6897e-02, 
 2DIAGNOSTIC,    52, -5.371486543372e-01, 4.169798018885e-06, 3.5334e+00, 3.0908e-02, 
 2DIAGNOSTIC,    53, -5.371486543372e-01, 2.038247543801e-06, 3.5706e+00, 3.7173e-02, 
DIAGNOSTIC,Iteration,metricValue,convergenceValue,ITERATION_TIME_INDEX,SINCE_LAST
 2DIAGNOSTIC,     1, -4.770869429341e-01, 1.797693134862e+308, 4.6498e+00, 1.0793e+00, 
 2DIAGNOSTIC,     2, -4.772870205358e-01, 1.797693134862e+308, 4.8531e+00, 2.0323e-01, 
 2DIAGNOSTIC,     3, -4.774626215210e-01, 1.797693134862e+308, 5.1230e+00, 2.6992e-01, 
 2DIAGNOSTIC,     4, -4.775286184082e-01, 1.797693134862e+308, 5.3606e+00, 2.3758e-01, 
 2DIAGNOSTIC,     5, -4.775437169881e-01, 1.797693134862e+308, 5.5604e+00, 1.9987e-01, 
 2DIAGNOSTIC,     6, -4.775601226522e-01, 1.797693134862e+308, 5.7814e+00, 2.2094e-01, 
 2DIAGNOSTIC,     7, -4.775690998113e-01, 1.797693134862e+308, 5.9830e+00, 2.0160e-01, 
 2DIAGNOSTIC,     8, -4.776032899633e-01, 1.797693134862e+308, 6.1830e+00, 2.0004e-01, 
 2DIAGNOSTIC,     9, -4.776984976176e-01, 1.797693134862e+308, 6.4001e+00, 2.1712e-01, 
 2DIAGNOSTIC,    10, -4.778048079940e-01, 7.446602311946e-05, 6.5993e+00, 1.9922e-01, 
 2DIAGNOSTIC,    11, -4.779167699469e-01, 6.117498598701e-05, 6.9832e+00, 3.8387e-01, 
 2DIAGNOSTIC,    12, -4.779302763562e-01, 5.523377137615e-05, 7.2072e+00, 2.2403e-01, 
 2DIAGNOSTIC,    13, -4.779276937835e-01, 5.339264846931e-05, 7.4103e+00, 2.0303e-01, 
 2DIAGNOSTIC,    14, -4.779402003363e-01, 5.051735805513e-05, 7.6070e+00, 1.9673e-01, 
 2DIAGNOSTIC,    15, -4.779520011344e-01, 4.458742558366e-05, 7.8006e+00, 1.9355e-01, 
 2DIAGNOSTIC,    16, -4.780070291794e-01, 3.812921199266e-05, 7.9969e+00, 1.9635e-01, 
 2DIAGNOSTIC,    17, -4.781010807334e-01, 3.271079864951e-05, 8.2119e+00, 2.1501e-01, 
 2DIAGNOSTIC,    18, -4.783423674756e-01, 3.409983203498e-05, 8.5463e+00, 3.3439e-01, 
 2DIAGNOSTIC,    19, -4.784185093494e-01, 3.750454269141e-05, 8.7394e+00, 1.9306e-01, 
 2DIAGNOSTIC,    20, -4.785026957207e-01, 4.286621222901e-05, 8.9460e+00, 2.0664e-01, 
 2DIAGNOSTIC,    21, -4.787451940845e-01, 5.393508114078e-05, 9.2146e+00, 2.6857e-01, 
 2DIAGNOSTIC,    22, -4.788811783419e-01, 6.295394234075e-05, 9.4927e+00, 2.7811e-01, 
 2DIAGNOSTIC,    23, -4.789497148288e-01, 6.704392092002e-05, 9.7292e+00, 2.3656e-01, 
 2DIAGNOSTIC,    24, -4.789395457694e-01, 6.476996151586e-05, 9.9544e+00, 2.2522e-01, 
 2DIAGNOSTIC,    25, -4.789309289717e-01, 5.689712439196e-05, 1.0261e+01, 3.0624e-01, 
 2DIAGNOSTIC,    26, -4.789316146422e-01, 4.562300953197e-05, 1.0530e+01, 2.6905e-01, 
 2DIAGNOSTIC,    27, -4.789317637826e-01, 3.289337915142e-05, 1.0756e+01, 2.2585e-01, 
 2DIAGNOSTIC,    28, -4.789302859017e-01, 2.319624110077e-05, 1.0958e+01, 2.0271e-01, 
 2DIAGNOSTIC,    29, -4.789288693738e-01, 1.367339248921e-05, 1.1184e+01, 2.2577e-01, 
 2DIAGNOSTIC,    30, -4.789282298674e-01, 5.173632950044e-06, 1.1450e+01, 2.6633e-01, 
 2DIAGNOSTIC,    31, -4.789275183609e-01, 1.407285993321e-06, 1.1657e+01, 2.0668e-01, 
DIAGNOSTIC,Iteration,metricValue,convergenceValue,ITERATION_TIME_INDEX,SINCE_LAST
 2DIAGNOSTIC,     1, -4.452886926517e-01, 1.797693134862e+308, 1.4231e+01, 2.5738e+00, 
 2DIAGNOSTIC,     2, -4.453188582265e-01, 1.797693134862e+308, 1.5821e+01, 1.5899e+00, 
 2DIAGNOSTIC,     3, -4.453299947882e-01, 1.797693134862e+308, 1.7719e+01, 1.8987e+00, 
 2DIAGNOSTIC,     4, -4.453313187766e-01, 1.797693134862e+308, 1.9267e+01, 1.5472e+00, 
 2DIAGNOSTIC,     5, -4.453324361288e-01, 1.797693134862e+308, 2.0734e+01, 1.4669e+00, 
 2DIAGNOSTIC,     6, -4.453354502701e-01, 1.797693134862e+308, 2.2303e+01, 1.5690e+00, 
 2DIAGNOSTIC,     7, -4.453390780640e-01, 1.797693134862e+308, 2.3717e+01, 1.4145e+00, 
 2DIAGNOSTIC,     8, -4.453473907672e-01, 1.797693134862e+308, 2.5296e+01, 1.5787e+00, 
 2DIAGNOSTIC,     9, -4.453517603467e-01, 1.797693134862e+308, 2.6723e+01, 1.4271e+00, 
 2DIAGNOSTIC,    10, -4.453623268492e-01, 1.075710910817e-05, 2.8319e+01, 1.5960e+00, 
 2DIAGNOSTIC,    11, -4.453702608603e-01, 8.785244546228e-06, 3.0090e+01, 1.7714e+00, 
 2DIAGNOSTIC,    12, -4.453724038770e-01, 8.309671941417e-06, 3.1511e+01, 1.4203e+00, 
 2DIAGNOSTIC,    13, -4.454212590011e-01, 1.034419822388e-05, 3.3434e+01, 1.9239e+00, 
 2DIAGNOSTIC,    14, -4.454262806513e-01, 1.159968510643e-05, 3.5836e+01, 2.4015e+00, 
 2DIAGNOSTIC,    15, -4.454265744715e-01, 1.191107649415e-05, 3.7496e+01, 1.6598e+00, 
 2DIAGNOSTIC,    16, -4.454262455185e-01, 1.142215806423e-05, 3.9076e+01, 1.5797e+00, 
 2DIAGNOSTIC,    17, -4.454261576819e-01, 1.024884285251e-05, 4.0920e+01, 1.8441e+00, 
 2DIAGNOSTIC,    18, -4.454260156402e-01, 8.696291296947e-06, 4.2368e+01, 1.4488e+00, 
 2DIAGNOSTIC,    19, -4.454258948501e-01, 6.792894178993e-06, 4.3978e+01, 1.6097e+00, 
 2DIAGNOSTIC,    20, -4.454261923311e-01, 4.969143963973e-06, 4.5565e+01, 1.5871e+00, 
 2DIAGNOSTIC,    21, -4.454260363134e-01, 3.259024504459e-06, 4.7013e+01, 1.4477e+00, 
 2DIAGNOSTIC,    22, -4.454258939946e-01, 1.561098259516e-06, 4.8607e+01, 1.5937e+00, 
 2DIAGNOSTIC,    23, -4.454257396221e-01, 1.347496323398e-06, 5.0176e+01, 1.5698e+00, 
 2DIAGNOSTIC,    24, -4.454255929037e-01, 1.284334104235e-06, 5.1815e+01, 1.6388e+00, 
 2DIAGNOSTIC,    25, -4.454255253074e-01, 1.235922832431e-06, 5.3950e+01, 2.1344e+00, 
 2DIAGNOSTIC,    26, -4.454254408576e-01, 1.184495300337e-06, 5.5398e+01, 1.4488e+00, 
 2DIAGNOSTIC,    27, -4.454251812159e-01, 1.132587931274e-06, 5.7012e+01, 1.6140e+00, 
 2DIAGNOSTIC,    28, -4.454251853770e-01, 1.085860476133e-06, 5.8675e+01, 1.6629e+00, 
 2DIAGNOSTIC,    29, -4.454251023879e-01, 1.042313412879e-06, 6.0067e+01, 1.3914e+00, 
 2DIAGNOSTIC,    30, -4.454250224791e-01, 1.011476042832e-06, 6.1490e+01, 1.4228e+00, 
  Elapsed time (stage 0): 6.2364e+01


Total elapsed time: 6.2366e+01
Info [verificarlo]: loaded backend libinterflop_ieee.so
Info [interflop-ieee]: load backend with:
Info [interflop-ieee]: debug = false
Info [interflop-ieee]: debug-binary = false
Info [interflop-ieee]: no-backend-name = false
Info [interflop-ieee]: print-new-line = false
Info [interflop-ieee]: print-subnormal-normalized = false
Info [interflop-ieee]: count-op = false
All_Command_lines_OK
Using double precision for computations.
=============================================================================
The composite transform comprises the following transforms (in order): 
  1. /home/mdugre/scratch/mri-registration-rp/datasets/ds004513/derivatives/mri-registration-rp/0001/antsRegistration-r7-p8/sub-s003/rigid_Composite.h5[0] (type = Euler3DTransform)
  2. /home/mdugre/scratch/mri-registration-rp/datasets/ds004513/derivatives/mri-registration-rp/0001/antsRegistration-r7-p8/sub-s003/rigid_Composite.h5[1] (type = Euler3DTransform)
  3. /home/mdugre/scratch/mri-registration-rp/datasets/ds004513/derivatives/mri-registration-rp/0001/antsRegistration-r7-p8/sub-s003/rigid_Composite.h5[2] (type = Euler3DTransform)
=============================================================================
  number of levels = 4
  fixed image: /templateflow/tpl-MNI152NLin2009cAsym/tpl-MNI152NLin2009cAsym_res-01_desc-brain_T1w.nii.gz
  moving image: /home/mdugre/scratch/mri-registration-rp/datasets/ds004513/derivatives/mri-registration-rp/antsBrainExtraction/sub-s003/BrainExtractionBrain.nii.gz
Dimension = 3
Number of stages = 1
Use histogram matching = false
Winsorize image intensities = true
  Lower quantile = 0.005
  Upper quantile = 0.995


Stage 1 State
   Image metric = MattesMI
     Fixed image = Image (0x4993530)
  RTTI typeinfo:   itk::Image<double, 3u>
  Reference Count: 2
  Modified Time: 1594
  Debug: Off
  Object Name: 
  Observers: 
    none
  Source: (none)
  Source output name: (none)
  Release Data: Off
  Data Released: False
  Global Release Data: Off
  PipelineMTime: 0
  UpdateMTime: 1203
  RealTimeStamp: 0 seconds 
  LargestPossibleRegion: 
    Dimension: 3
    Index: [0, 0, 0]
    Size: [193, 229, 193]
  BufferedRegion: 
    Dimension: 3
    Index: [0, 0, 0]
    Size: [193, 229, 193]
  RequestedRegion: 
    Dimension: 3
    Index: [0, 0, 0]
    Size: [193, 229, 193]
  Spacing: [1, 1, 1]
  Origin: [96, 132, -78]
  Direction: 
-1 0 0
0 -1 0
0 0 1

  IndexToPointMatrix: 
-1 0 0
0 -1 0
0 0 1

  PointToIndexMatrix: 
-1 0 0
0 -1 0
0 0 1

  Inverse Direction: 
-1 0 0
0 -1 0
0 0 1

  PixelContainer: 
    ImportImageContainer (0x4a4c2a0)
      RTTI typeinfo:   itk::ImportImageContainer<unsigned long, double>
      Reference Count: 1
      Modified Time: 1200
      Debug: Off
      Object Name: 
      Observers: 
        none
      Pointer: 0x151d315ec010
      Container manages memory: true
      Size: 8530021
      Capacity: 8530021

     Moving image = Image (0x4a4ee60)
  RTTI typeinfo:   itk::Image<double, 3u>
  Reference Count: 2
  Modified Time: 1595
  Debug: Off
  Object Name: 
  Observers: 
    none
  Source: (none)
  Source output name: (none)
  Release Data: Off
  Data Released: False
  Global Release Data: Off
  PipelineMTime: 0
  UpdateMTime: 1592
  RealTimeStamp: 0 seconds 
  LargestPossibleRegion: 
    Dimension: 3
    Index: [0, 0, 0]
    Size: [176, 240, 256]
  BufferedRegion: 
    Dimension: 3
    Index: [0, 0, 0]
    Size: [176, 240, 256]
  RequestedRegion: 
    Dimension: 3
    Index: [0, 0, 0]
    Size: [176, 240, 256]
  Spacing: [0.999999, 1, 1]
  Origin: [93.3499, 86.9368, -128.957]
  Direction: 
-0.999513 -0.0279216 -0.0139567
0.0279189 -0.99961 0.000389866
-0.0139622 2.01492e-08 0.999903

  IndexToPointMatrix: 
-0.999512 -0.0279216 -0.0139567
0.0279189 -0.99961 0.000389866
-0.0139621 2.01492e-08 0.999903

  PointToIndexMatrix: 
-0.999514 0.0279189 -0.0139622
-0.0279216 -0.99961 2.01716e-08
-0.0139567 0.000389866 0.999903

  Inverse Direction: 
-0.999513 0.0279189 -0.0139622
-0.0279216 -0.99961 2.01716e-08
-0.0139567 0.000389866 0.999903

  PixelContainer: 
    ImportImageContainer (0x4a82390)
      RTTI typeinfo:   itk::ImportImageContainer<unsigned long, double>
      Reference Count: 1
      Modified Time: 1589
      Debug: Off
      Object Name: 
      Observers: 
        none
      Pointer: 0x151d2c36b010
      Container manages memory: true
      Size: 10813440
      Capacity: 10813440

     Weighting = 1
     Sampling strategy = regular
     Number of bins = 32
     Radius = 4
     Sampling percentage  = 0.25
   Transform = Affine
     Gradient step = 0.1
     Update field sigma (voxel space) = 0
     Total field sigma (voxel space) = 0
     Update field time sigma = 0
     Total field time sigma  = 0
     Number of time indices = 0
     Number of time point samples = 0
Registration using 1 total stages.

Stage 0
  iterations = 1000x500x250x100
  convergence threshold = 1e-06
  convergence window size = 10
  number of levels = 4
  using the Mattes MI metric (number of bins = 32, weight = 1, use gradient filter = 0)
  preprocessing:  winsorizing the image intensities
  Shrink factors (level 1 out of 4): [8, 8, 8]
  Shrink factors (level 2 out of 4): [4, 4, 4]
  Shrink factors (level 3 out of 4): [2, 2, 2]
  Shrink factors (level 4 out of 4): [1, 1, 1]
  smoothing sigmas per level: [3, 2, 1, 0]
  regular sampling (percentage = 0.25)

*** Running AffineTransform registration ***

DIAGNOSTIC,Iteration,metricValue,convergenceValue,ITERATION_TIME_INDEX,SINCE_LAST
 2DIAGNOSTIC,     1, -6.608169426798e-01, 1.797693134862e+308, 7.4846e-01, 7.4846e-01, 
 2DIAGNOSTIC,     2, -6.633874851213e-01, 1.797693134862e+308, 7.5298e-01, 4.5149e-03, 
 2DIAGNOSTIC,     3, -6.673689659915e-01, 1.797693134862e+308, 7.5748e-01, 4.5052e-03, 
 2DIAGNOSTIC,     4, -6.733334501103e-01, 1.797693134862e+308, 7.6188e-01, 4.4010e-03, 
 2DIAGNOSTIC,     5, -6.819615445779e-01, 1.797693134862e+308, 7.6639e-01, 4.5080e-03, 
 2DIAGNOSTIC,     6, -6.955376752855e-01, 1.797693134862e+308, 7.7097e-01, 4.5800e-03, 
 2DIAGNOSTIC,     7, -7.069866421529e-01, 1.797693134862e+308, 7.7677e-01, 5.7940e-03, 
 2DIAGNOSTIC,     8, -7.146442613317e-01, 1.797693134862e+308, 7.8148e-01, 4.7090e-03, 
 2DIAGNOSTIC,     9, -7.239171307224e-01, 1.797693134862e+308, 7.8762e-01, 6.1390e-03, 
 2DIAGNOSTIC,    10, -7.242512500024e-01, 6.888650652168e-03, 7.9305e-01, 5.4359e-03, 
 2DIAGNOSTIC,    11, -7.241827440542e-01, 6.075153424319e-03, 7.9987e-01, 6.8169e-03, 
 2DIAGNOSTIC,    12, -7.241966600130e-01, 4.947340060411e-03, 8.0522e-01, 5.3530e-03, 
 2DIAGNOSTIC,    13, -7.240404848764e-01, 3.672451655858e-03, 8.1052e-01, 5.2960e-03, 
 2DIAGNOSTIC,    14, -7.239141862829e-01, 2.420182569467e-03, 8.1725e-01, 6.7310e-03, 
 2DIAGNOSTIC,    15, -7.237887567547e-01, 1.344818801151e-03, 8.2257e-01, 5.3239e-03, 
 2DIAGNOSTIC,    16, -7.236545452222e-01, 6.221173829465e-04, 8.2775e-01, 5.1811e-03, 
 2DIAGNOSTIC,    17, -7.235196289567e-01, 1.957544694556e-04, 8.3309e-01, 5.3341e-03, 
DIAGNOSTIC,Iteration,metricValue,convergenceValue,ITERATION_TIME_INDEX,SINCE_LAST
 2DIAGNOSTIC,     1, -5.947761551343e-01, 1.797693134862e+308, 1.6064e+00, 7.7332e-01, 
 2DIAGNOSTIC,     2, -5.952927015272e-01, 1.797693134862e+308, 1.6426e+00, 3.6144e-02, 
 2DIAGNOSTIC,     3, -5.957852441983e-01, 1.797693134862e+308, 1.6823e+00, 3.9758e-02, 
 2DIAGNOSTIC,     4, -5.958922610031e-01, 1.797693134862e+308, 1.7204e+00, 3.8053e-02, 
 2DIAGNOSTIC,     5, -5.960174863069e-01, 1.797693134862e+308, 1.7589e+00, 3.8514e-02, 
 2DIAGNOSTIC,     6, -5.960337673234e-01, 1.797693134862e+308, 1.8057e+00, 4.6842e-02, 
 2DIAGNOSTIC,     7, -5.960321901814e-01, 1.797693134862e+308, 1.8418e+00, 3.6039e-02, 
 2DIAGNOSTIC,     8, -5.960215861886e-01, 1.797693134862e+308, 1.8913e+00, 4.9518e-02, 
 2DIAGNOSTIC,     9, -5.959958912592e-01, 1.797693134862e+308, 1.9280e+00, 3.6731e-02, 
 2DIAGNOSTIC,    10, -5.959791162981e-01, 1.010310506473e-04, 1.9654e+00, 3.7399e-02, 
 2DIAGNOSTIC,    11, -5.959730271778e-01, 4.296743321072e-05, 2.0035e+00, 3.8083e-02, 
 2DIAGNOSTIC,    12, -5.959634599937e-01, 1.069685276668e-05, 2.0559e+00, 5.2362e-02, 
DIAGNOSTIC,Iteration,metricValue,convergenceValue,ITERATION_TIME_INDEX,SINCE_LAST
 2DIAGNOSTIC,     1, -5.239131499645e-01, 1.797693134862e+308, 3.1933e+00, 1.1375e+00, 
 2DIAGNOSTIC,     2, -5.240968837908e-01, 1.797693134862e+308, 3.4686e+00, 2.7525e-01, 
 2DIAGNOSTIC,     3, -5.242059504735e-01, 1.797693134862e+308, 3.7362e+00, 2.6768e-01, 
 2DIAGNOSTIC,     4, -5.242056493174e-01, 1.797693134862e+308, 4.0087e+00, 2.7252e-01, 
 2DIAGNOSTIC,     5, -5.242397317204e-01, 1.797693134862e+308, 4.3352e+00, 3.2649e-01, 
 2DIAGNOSTIC,     6, -5.242587140504e-01, 1.797693134862e+308, 4.5967e+00, 2.6151e-01, 
 2DIAGNOSTIC,     7, -5.242617116478e-01, 1.797693134862e+308, 4.8464e+00, 2.4965e-01, 
 2DIAGNOSTIC,     8, -5.243367794058e-01, 1.797693134862e+308, 5.1294e+00, 2.8295e-01, 
 2DIAGNOSTIC,     9, -5.243491760155e-01, 1.797693134862e+308, 5.3944e+00, 2.6504e-01, 
 2DIAGNOSTIC,    10, -5.243492963135e-01, 4.534534511098e-05, 5.6820e+00, 2.8764e-01, 
 2DIAGNOSTIC,    11, -5.243478469027e-01, 2.865701722904e-05, 5.9624e+00, 2.8039e-01, 
 2DIAGNOSTIC,    12, -5.243501178317e-01, 2.072023013501e-05, 6.2328e+00, 2.7036e-01, 
 2DIAGNOSTIC,    13, -5.243732564113e-01, 1.785826224453e-05, 6.5479e+00, 3.1508e-01, 
 2DIAGNOSTIC,    14, -5.243742460410e-01, 1.396055281286e-05, 6.8835e+00, 3.3562e-01, 
 2DIAGNOSTIC,    15, -5.243677785188e-01, 1.054835677380e-05, 7.1616e+00, 2.7818e-01, 
 2DIAGNOSTIC,    16, -5.243689177994e-01, 7.526294984225e-06, 7.4392e+00, 2.7751e-01, 
 2DIAGNOSTIC,    17, -5.243722269831e-01, 4.480459174769e-06, 7.7399e+00, 3.0073e-01, 
 2DIAGNOSTIC,    18, -5.243728659578e-01, 3.782975699133e-06, 8.1019e+00, 3.6196e-01, 
 2DIAGNOSTIC,    19, -5.243733911179e-01, 3.340167111364e-06, 8.4599e+00, 3.5802e-01, 
 2DIAGNOSTIC,    20, -5.243720873117e-01, 2.770887677445e-06, 8.7814e+00, 3.2155e-01, 
 2DIAGNOSTIC,    21, -5.243717519147e-01, 2.106964526918e-06, 9.0744e+00, 2.9300e-01, 
 2DIAGNOSTIC,    22, -5.243715316151e-01, 1.478523480598e-06, 9.3529e+00, 2.7848e-01, 
 2DIAGNOSTIC,    23, -5.243702850593e-01, 1.414552097831e-06, 9.6369e+00, 2.8399e-01, 
 2DIAGNOSTIC,    24, -5.243688135596e-01, 1.348290238262e-06, 9.8745e+00, 2.3757e-01, 
 2DIAGNOSTIC,    25, -5.243685670747e-01, 1.140972526195e-06, 1.0158e+01, 2.8347e-01, 
DIAGNOSTIC,Iteration,metricValue,convergenceValue,ITERATION_TIME_INDEX,SINCE_LAST
 2DIAGNOSTIC,     1, -4.793558295079e-01, 1.797693134862e+308, 1.3010e+01, 2.8523e+00, 
 2DIAGNOSTIC,     2, -4.795786328204e-01, 1.797693134862e+308, 1.4785e+01, 1.7751e+00, 
 2DIAGNOSTIC,     3, -4.798341806751e-01, 1.797693134862e+308, 1.6546e+01, 1.7601e+00, 
 2DIAGNOSTIC,     4, -4.801179819175e-01, 1.797693134862e+308, 1.8474e+01, 1.9288e+00, 
 2DIAGNOSTIC,     5, -4.803874863724e-01, 1.797693134862e+308, 2.0208e+01, 1.7340e+00, 
 2DIAGNOSTIC,     6, -4.809673581260e-01, 1.797693134862e+308, 2.2008e+01, 1.8001e+00, 
 2DIAGNOSTIC,     7, -4.820521362536e-01, 1.797693134862e+308, 2.4315e+01, 2.3070e+00, 
 2DIAGNOSTIC,     8, -4.824948617029e-01, 1.797693134862e+308, 2.6111e+01, 1.7957e+00, 
 2DIAGNOSTIC,     9, -4.829095245937e-01, 1.797693134862e+308, 2.7975e+01, 1.8634e+00, 
 2DIAGNOSTIC,    10, -4.838694935870e-01, 6.110117711808e-04, 2.9914e+01, 1.9390e+00, 
 2DIAGNOSTIC,    11, -4.842071793632e-01, 6.080880477501e-04, 3.1679e+01, 1.7654e+00, 
 2DIAGNOSTIC,    12, -4.846167585070e-01, 5.818314570031e-04, 3.3504e+01, 1.8249e+00, 
 2DIAGNOSTIC,    13, -4.862090183923e-01, 5.910152377262e-04, 3.5827e+01, 2.3233e+00, 
 2DIAGNOSTIC,    14, -4.885290008129e-01, 6.535306923150e-04, 3.7995e+01, 2.1678e+00, 
 2DIAGNOSTIC,    15, -4.896869126417e-01, 7.019094565041e-04, 4.0812e+01, 2.8172e+00, 
 2DIAGNOSTIC,    16, -4.900067179378e-01, 7.127438405638e-04, 4.2884e+01, 2.0716e+00, 
 2DIAGNOSTIC,    17, -4.901275818293e-01, 6.998169878769e-04, 4.5279e+01, 2.3948e+00, 
 2DIAGNOSTIC,    18, -4.901598568944e-01, 6.389905427368e-04, 4.7186e+01, 1.9076e+00, 
 2DIAGNOSTIC,    19, -4.901849933833e-01, 5.373415778703e-04, 4.9359e+01, 2.1725e+00, 
 2DIAGNOSTIC,    20, -4.901860986507e-01, 4.242047871936e-04, 5.1498e+01, 2.1388e+00, 
 2DIAGNOSTIC,    21, -4.901849602218e-01, 2.930024562984e-04, 5.3399e+01, 1.9010e+00, 
 2DIAGNOSTIC,    22, -4.901858216941e-01, 1.575282877984e-04, 5.5488e+01, 2.0892e+00, 
 2DIAGNOSTIC,    23, -4.901850544687e-01, 5.862769314846e-05, 5.7794e+01, 2.3061e+00, 
 2DIAGNOSTIC,    24, -4.901846261469e-01, 1.855902121302e-05, 5.9611e+01, 1.8168e+00, 
 2DIAGNOSTIC,    25, -4.901848736227e-01, 7.036987922870e-06, 6.1766e+01, 2.1555e+00, 
 2DIAGNOSTIC,    26, -4.901847924535e-01, 2.998587308442e-06, 6.3694e+01, 1.9283e+00, 
 2DIAGNOSTIC,    27, -4.901843674514e-01, 1.689992345705e-06, 6.5771e+01, 2.0769e+00, 
 2DIAGNOSTIC,    28, -4.901839291859e-01, 1.078151763464e-06, 6.8044e+01, 2.2725e+00, 
 2DIAGNOSTIC,    29, -4.901842132283e-01, 1.026962975187e-06, 7.0341e+01, 2.2967e+00, 
 2DIAGNOSTIC,    30, -4.901841167722e-01, 1.006414233208e-06, 7.2423e+01, 2.0827e+00, 
  Elapsed time (stage 0): 7.3549e+01


Total elapsed time: 7.3552e+01
Info [verificarlo]: loaded backend libinterflop_vprec.so
Info [interflop-vprec]: load backend with: 
Info [interflop-vprec]: precision-binary32 = 8
Info [interflop-vprec]: range-binary32 = 7
