
##########################
# Experiment information #
##########################

EXPERIMENT_NAME: antsRegistration-r8-p20
VFC_BACKENDS: libinterflop_vprec.so --range-binary32=8 --precision-binary32=20 --range-binary64=8 --precision-binary64=20

SIF_IMG: /home/mdugre/projects/rrg-glatard/mdugre/containers/ants-vprec-no_metrics.simg

SUBJECT_ID: s032
INPUT_IMG: /home/mdugre/scratch/mri-registration-rp/datasets/ds004513/derivatives/mri-registration-rp/antsBrainExtraction/sub-s032/BrainExtractionBrain.nii.gz
OUTPUT_DIR: /home/mdugre/scratch/mri-registration-rp/datasets/ds004513/derivatives/mri-registration-rp/0001/antsRegistration-r8-p20/sub-s032

FIXED_IMG: /templateflow/tpl-MNI152NLin2009cAsym/tpl-MNI152NLin2009cAsym_res-01_desc-brain_T1w.nii.gz
DATA_DIR: /home/mdugre/scratch/mri-registration-rp/datasets/ds004513
TEMPLATEFLOW_DIR: /home/mdugre/projects/rrg-glatard/mdugre/templateflow
ITK_GLOBAL_DEFAULT_NUMBER_OF_THREADS: 16
##########################

Info [verificarlo]: loaded backend libinterflop_ieee.so
Info [interflop-ieee]: load backend with:
Info [interflop-ieee]: debug = false
Info [interflop-ieee]: debug-binary = false
Info [interflop-ieee]: no-backend-name = false
Info [interflop-ieee]: print-new-line = false
Info [interflop-ieee]: print-subnormal-normalized = false
Info [interflop-ieee]: count-op = false
All_Command_lines_OK
Using double precision for computations.
=============================================================================
The composite transform comprises the following transforms (in order): 
  1. Center of mass alignment using fixed image: /templateflow/tpl-MNI152NLin2009cAsym/tpl-MNI152NLin2009cAsym_res-01_desc-brain_T1w.nii.gz and moving image: /home/mdugre/scratch/mri-registration-rp/datasets/ds004513/derivatives/mri-registration-rp/antsBrainExtraction/sub-s032/BrainExtractionBrain.nii.gz (type = Euler3DTransform)
=============================================================================
  number of levels = 1
  fixed image: /templateflow/tpl-MNI152NLin2009cAsym/tpl-MNI152NLin2009cAsym_res-01_desc-brain_T1w.nii.gz
  moving image: /home/mdugre/scratch/mri-registration-rp/datasets/ds004513/derivatives/mri-registration-rp/antsBrainExtraction/sub-s032/BrainExtractionBrain.nii.gz
Dimension = 3
Number of stages = 1
Use histogram matching = false
Winsorize image intensities = true
  Lower quantile = 0.005
  Upper quantile = 0.995


Stage 1 State
   Image metric = MattesMI
     Fixed image = Image (0x49c5e70)
  RTTI typeinfo:   itk::Image<double, 3u>
  Reference Count: 2
  Modified Time: 2330
  Debug: Off
  Object Name: 
  Observers: 
    none
  Source: (none)
  Source output name: (none)
  Release Data: Off
  Data Released: False
  Global Release Data: Off
  PipelineMTime: 0
  UpdateMTime: 1941
  RealTimeStamp: 0 seconds 
  LargestPossibleRegion: 
    Dimension: 3
    Index: [0, 0, 0]
    Size: [193, 229, 193]
  BufferedRegion: 
    Dimension: 3
    Index: [0, 0, 0]
    Size: [193, 229, 193]
  RequestedRegion: 
    Dimension: 3
    Index: [0, 0, 0]
    Size: [193, 229, 193]
  Spacing: [1, 1, 1]
  Origin: [96, 132, -78]
  Direction: 
-1 0 0
0 -1 0
0 0 1

  IndexToPointMatrix: 
-1 0 0
0 -1 0
0 0 1

  PointToIndexMatrix: 
-1 0 0
0 -1 0
0 0 1

  Inverse Direction: 
-1 0 0
0 -1 0
0 0 1

  PixelContainer: 
    ImportImageContainer (0x49cec60)
      RTTI typeinfo:   itk::ImportImageContainer<unsigned long, double>
      Reference Count: 1
      Modified Time: 1938
      Debug: Off
      Object Name: 
      Observers: 
        none
      Pointer: 0x15416f045010
      Container manages memory: true
      Size: 8530021
      Capacity: 8530021

     Moving image = Image (0x4a62ec0)
  RTTI typeinfo:   itk::Image<double, 3u>
  Reference Count: 2
  Modified Time: 2331
  Debug: Off
  Object Name: 
  Observers: 
    none
  Source: (none)
  Source output name: (none)
  Release Data: Off
  Data Released: False
  Global Release Data: Off
  PipelineMTime: 0
  UpdateMTime: 2328
  RealTimeStamp: 0 seconds 
  LargestPossibleRegion: 
    Dimension: 3
    Index: [0, 0, 0]
    Size: [160, 240, 256]
  BufferedRegion: 
    Dimension: 3
    Index: [0, 0, 0]
    Size: [160, 240, 256]
  RequestedRegion: 
    Dimension: 3
    Index: [0, 0, 0]
    Size: [160, 240, 256]
  Spacing: [1, 1, 1]
  Origin: [73.279, 104.707, -131.187]
  Direction: 
-0.997527 0.0645574 -0.0278053
-0.0645323 -0.997914 -0.00179875
-0.0278634 4.01097e-08 0.999612

  IndexToPointMatrix: 
-0.997527 0.0645574 -0.0278053
-0.0645323 -0.997914 -0.00179875
-0.0278634 4.01097e-08 0.999612

  PointToIndexMatrix: 
-0.997527 -0.0645323 -0.0278634
0.0645574 -0.997914 4.01049e-08
-0.0278053 -0.00179875 0.999612

  Inverse Direction: 
-0.997527 -0.0645323 -0.0278634
0.0645574 -0.997914 4.01049e-08
-0.0278053 -0.00179875 0.999612

  PixelContainer: 
    ImportImageContainer (0x4afa610)
      RTTI typeinfo:   itk::ImportImageContainer<unsigned long, double>
      Reference Count: 1
      Modified Time: 2325
      Debug: Off
      Object Name: 
      Observers: 
        none
      Pointer: 0x15416a544010
      Container manages memory: true
      Size: 9830400
      Capacity: 9830400

     Weighting = 1
     Sampling strategy = regular
     Number of bins = 32
     Radius = 4
     Sampling percentage  = 0.25
   Transform = Rigid
     Gradient step = 0.1
     Update field sigma (voxel space) = 0
     Total field sigma (voxel space) = 0
     Update field time sigma = 0
     Total field time sigma  = 0
     Number of time indices = 0
     Number of time point samples = 0
Registration using 1 total stages.

Stage 0
  iterations = 0
  convergence threshold = 1e-06
  convergence window size = 10
  number of levels = 1
  using the Mattes MI metric (number of bins = 32, weight = 1, use gradient filter = 0)
  preprocessing:  winsorizing the image intensities
  Shrink factors (level 1 out of 1): [1, 1, 1]
  smoothing sigmas per level: [0]
  regular sampling (percentage = 0.25)

*** Running Euler3DTransform registration ***

  Elapsed time (stage 0): 1.08953


Total elapsed time: 1.09185
Info [verificarlo]: loaded backend libinterflop_ieee.so
Info [interflop-ieee]: load backend with:
Info [interflop-ieee]: debug = false
Info [interflop-ieee]: debug-binary = false
Info [interflop-ieee]: no-backend-name = false
Info [interflop-ieee]: print-new-line = false
Info [interflop-ieee]: print-subnormal-normalized = false
Info [interflop-ieee]: count-op = false
All_Command_lines_OK
Using double precision for computations.
=============================================================================
The composite transform comprises the following transforms (in order): 
  1. /home/mdugre/scratch/mri-registration-rp/datasets/ds004513/derivatives/mri-registration-rp/0001/antsRegistration-r8-p20/sub-s032/align_Composite.h5[0] (type = Euler3DTransform)
  2. /home/mdugre/scratch/mri-registration-rp/datasets/ds004513/derivatives/mri-registration-rp/0001/antsRegistration-r8-p20/sub-s032/align_Composite.h5[1] (type = Euler3DTransform)
=============================================================================
  number of levels = 4
  fixed image: /templateflow/tpl-MNI152NLin2009cAsym/tpl-MNI152NLin2009cAsym_res-01_desc-brain_T1w.nii.gz
  moving image: /home/mdugre/scratch/mri-registration-rp/datasets/ds004513/derivatives/mri-registration-rp/antsBrainExtraction/sub-s032/BrainExtractionBrain.nii.gz
Dimension = 3
Number of stages = 1
Use histogram matching = false
Winsorize image intensities = true
  Lower quantile = 0.005
  Upper quantile = 0.995


Stage 1 State
   Image metric = MattesMI
     Fixed image = Image (0x50a2530)
  RTTI typeinfo:   itk::Image<double, 3u>
  Reference Count: 2
  Modified Time: 1578
  Debug: Off
  Object Name: 
  Observers: 
    none
  Source: (none)
  Source output name: (none)
  Release Data: Off
  Data Released: False
  Global Release Data: Off
  PipelineMTime: 0
  UpdateMTime: 1189
  RealTimeStamp: 0 seconds 
  LargestPossibleRegion: 
    Dimension: 3
    Index: [0, 0, 0]
    Size: [193, 229, 193]
  BufferedRegion: 
    Dimension: 3
    Index: [0, 0, 0]
    Size: [193, 229, 193]
  RequestedRegion: 
    Dimension: 3
    Index: [0, 0, 0]
    Size: [193, 229, 193]
  Spacing: [1, 1, 1]
  Origin: [96, 132, -78]
  Direction: 
-1 0 0
0 -1 0
0 0 1

  IndexToPointMatrix: 
-1 0 0
0 -1 0
0 0 1

  PointToIndexMatrix: 
-1 0 0
0 -1 0
0 0 1

  Inverse Direction: 
-1 0 0
0 -1 0
0 0 1

  PixelContainer: 
    ImportImageContainer (0x5160d60)
      RTTI typeinfo:   itk::ImportImageContainer<unsigned long, double>
      Reference Count: 1
      Modified Time: 1186
      Debug: Off
      Object Name: 
      Observers: 
        none
      Pointer: 0x14db45add010
      Container manages memory: true
      Size: 8530021
      Capacity: 8530021

     Moving image = Image (0x5152f60)
  RTTI typeinfo:   itk::Image<double, 3u>
  Reference Count: 2
  Modified Time: 1579
  Debug: Off
  Object Name: 
  Observers: 
    none
  Source: (none)
  Source output name: (none)
  Release Data: Off
  Data Released: False
  Global Release Data: Off
  PipelineMTime: 0
  UpdateMTime: 1576
  RealTimeStamp: 0 seconds 
  LargestPossibleRegion: 
    Dimension: 3
    Index: [0, 0, 0]
    Size: [160, 240, 256]
  BufferedRegion: 
    Dimension: 3
    Index: [0, 0, 0]
    Size: [160, 240, 256]
  RequestedRegion: 
    Dimension: 3
    Index: [0, 0, 0]
    Size: [160, 240, 256]
  Spacing: [1, 1, 1]
  Origin: [73.279, 104.707, -131.187]
  Direction: 
-0.997527 0.0645574 -0.0278053
-0.0645323 -0.997914 -0.00179875
-0.0278634 4.01097e-08 0.999612

  IndexToPointMatrix: 
-0.997527 0.0645574 -0.0278053
-0.0645323 -0.997914 -0.00179875
-0.0278634 4.01097e-08 0.999612

  PointToIndexMatrix: 
-0.997527 -0.0645323 -0.0278634
0.0645574 -0.997914 4.01049e-08
-0.0278053 -0.00179875 0.999612

  Inverse Direction: 
-0.997527 -0.0645323 -0.0278634
0.0645574 -0.997914 4.01049e-08
-0.0278053 -0.00179875 0.999612

  PixelContainer: 
    ImportImageContainer (0x51446d0)
      RTTI typeinfo:   itk::ImportImageContainer<unsigned long, double>
      Reference Count: 1
      Modified Time: 1573
      Debug: Off
      Object Name: 
      Observers: 
        none
      Pointer: 0x14db40fdc010
      Container manages memory: true
      Size: 9830400
      Capacity: 9830400

     Weighting = 1
     Sampling strategy = regular
     Number of bins = 32
     Radius = 4
     Sampling percentage  = 0.25
   Transform = Rigid
     Gradient step = 0.1
     Update field sigma (voxel space) = 0
     Total field sigma (voxel space) = 0
     Update field time sigma = 0
     Total field time sigma  = 0
     Number of time indices = 0
     Number of time point samples = 0
Registration using 1 total stages.

Stage 0
  iterations = 1000x500x250x100
  convergence threshold = 1e-06
  convergence window size = 10
  number of levels = 4
  using the Mattes MI metric (number of bins = 32, weight = 1, use gradient filter = 0)
  preprocessing:  winsorizing the image intensities
  Shrink factors (level 1 out of 4): [8, 8, 8]
  Shrink factors (level 2 out of 4): [4, 4, 4]
  Shrink factors (level 3 out of 4): [2, 2, 2]
  Shrink factors (level 4 out of 4): [1, 1, 1]
  smoothing sigmas per level: [3, 2, 1, 0]
  regular sampling (percentage = 0.25)

*** Running Euler3DTransform registration ***

DIAGNOSTIC,Iteration,metricValue,convergenceValue,ITERATION_TIME_INDEX,SINCE_LAST
 2DIAGNOSTIC,     1, -5.480496989617e-01, 1.797693134862e+308, 7.0043e-01, 7.0043e-01, 
 2DIAGNOSTIC,     2, -5.506811078454e-01, 1.797693134862e+308, 7.0525e-01, 4.8268e-03, 
 2DIAGNOSTIC,     3, -5.546514955662e-01, 1.797693134862e+308, 7.1068e-01, 5.4262e-03, 
 2DIAGNOSTIC,     4, -5.606863537750e-01, 1.797693134862e+308, 7.1544e-01, 4.7610e-03, 
 2DIAGNOSTIC,     5, -5.693661845193e-01, 1.797693134862e+308, 7.2005e-01, 4.6039e-03, 
 2DIAGNOSTIC,     6, -5.854078830086e-01, 1.797693134862e+308, 7.2426e-01, 4.2150e-03, 
 2DIAGNOSTIC,     7, -6.232769732918e-01, 1.797693134862e+308, 7.2904e-01, 4.7832e-03, 
 2DIAGNOSTIC,     8, -6.297683730473e-01, 1.797693134862e+308, 7.3437e-01, 5.3241e-03, 
 2DIAGNOSTIC,     9, -6.366738733405e-01, 1.797693134862e+308, 7.4211e-01, 7.7381e-03, 
 2DIAGNOSTIC,    10, -6.375630690827e-01, 1.201760866083e-02, 7.4634e-01, 4.2322e-03, 
 2DIAGNOSTIC,    11, -6.405337628679e-01, 1.087684809450e-02, 7.5051e-01, 4.1759e-03, 
 2DIAGNOSTIC,    12, -6.435528997438e-01, 9.167753354490e-03, 7.5512e-01, 4.6060e-03, 
 2DIAGNOSTIC,    13, -6.444720921444e-01, 7.089498731847e-03, 7.5919e-01, 4.0672e-03, 
 2DIAGNOSTIC,    14, -6.463616611293e-01, 4.967892496988e-03, 7.6387e-01, 4.6849e-03, 
 2DIAGNOSTIC,    15, -6.484646963404e-01, 3.033020789043e-03, 7.7119e-01, 7.3128e-03, 
 2DIAGNOSTIC,    16, -6.486009987994e-01, 1.520386367320e-03, 7.7525e-01, 4.0619e-03, 
 2DIAGNOSTIC,    17, -6.493699344760e-01, 1.108203205204e-03, 7.7960e-01, 4.3519e-03, 
 2DIAGNOSTIC,    18, -6.514578195065e-01, 8.586162135984e-04, 7.8383e-01, 4.2338e-03, 
 2DIAGNOSTIC,    19, -6.526592717406e-01, 7.533650369805e-04, 7.8806e-01, 4.2279e-03, 
 2DIAGNOSTIC,    20, -6.536191777189e-01, 6.303067369294e-04, 7.9231e-01, 4.2489e-03, 
 2DIAGNOSTIC,    21, -6.549162298979e-01, 5.534292205381e-04, 7.9676e-01, 4.4491e-03, 
 2DIAGNOSTIC,    22, -6.562385790832e-01, 5.226986103234e-04, 8.0205e-01, 5.2960e-03, 
 2DIAGNOSTIC,    23, -6.565000058113e-01, 4.680180012238e-04, 8.0684e-01, 4.7901e-03, 
 2DIAGNOSTIC,    24, -6.565387353854e-01, 4.101063704209e-04, 8.1175e-01, 4.9050e-03, 
 2DIAGNOSTIC,    25, -6.567702146894e-01, 3.618032093045e-04, 8.1664e-01, 4.8952e-03, 
 2DIAGNOSTIC,    26, -6.583507212369e-01, 3.132611037347e-04, 8.2135e-01, 4.7021e-03, 
 2DIAGNOSTIC,    27, -6.586527568469e-01, 2.554116018358e-04, 8.2569e-01, 4.3390e-03, 
 2DIAGNOSTIC,    28, -6.593310437738e-01, 2.225767143837e-04, 8.3079e-01, 5.1010e-03, 
 2DIAGNOSTIC,    29, -6.595734041655e-01, 1.939316665333e-04, 8.3552e-01, 4.7340e-03, 
 2DIAGNOSTIC,    30, -6.595955819569e-01, 1.634946778526e-04, 8.4006e-01, 4.5362e-03, 
 2DIAGNOSTIC,    31, -6.596949967568e-01, 1.392755860912e-04, 8.4412e-01, 4.0669e-03, 
 2DIAGNOSTIC,    32, -6.597157295313e-01, 1.221677497589e-04, 8.4866e-01, 4.5378e-03, 
 2DIAGNOSTIC,    33, -6.597001423845e-01, 9.820426862697e-05, 8.5522e-01, 6.5620e-03, 
 2DIAGNOSTIC,    34, -6.595254449701e-01, 6.486903006522e-05, 8.5949e-01, 4.2710e-03, 
 2DIAGNOSTIC,    35, -6.595295822809e-01, 3.010817889711e-05, 8.6365e-01, 4.1590e-03, 
 2DIAGNOSTIC,    36, -6.595351297935e-01, 1.424396565629e-05, 8.6773e-01, 4.0739e-03, 
 2DIAGNOSTIC,    37, -6.595409535781e-01, 1.474135167170e-06, 8.7172e-01, 3.9890e-03, 
DIAGNOSTIC,Iteration,metricValue,convergenceValue,ITERATION_TIME_INDEX,SINCE_LAST
 2DIAGNOSTIC,     1, -5.183739626532e-01, 1.797693134862e+308, 1.5486e+00, 6.7689e-01, 
 2DIAGNOSTIC,     2, -5.189226238289e-01, 1.797693134862e+308, 1.5782e+00, 2.9591e-02, 
 2DIAGNOSTIC,     3, -5.196899327355e-01, 1.797693134862e+308, 1.6090e+00, 3.0843e-02, 
 2DIAGNOSTIC,     4, -5.204463663000e-01, 1.797693134862e+308, 1.6361e+00, 2.7102e-02, 
 2DIAGNOSTIC,     5, -5.209979485298e-01, 1.797693134862e+308, 1.6630e+00, 2.6853e-02, 
 2DIAGNOSTIC,     6, -5.216357744180e-01, 1.797693134862e+308, 1.6929e+00, 2.9893e-02, 
 2DIAGNOSTIC,     7, -5.233753714542e-01, 1.797693134862e+308, 1.7209e+00, 2.8007e-02, 
 2DIAGNOSTIC,     8, -5.241119131126e-01, 1.797693134862e+308, 1.7567e+00, 3.5798e-02, 
 2DIAGNOSTIC,     9, -5.247293428565e-01, 1.797693134862e+308, 1.7896e+00, 3.2911e-02, 
 2DIAGNOSTIC,    10, -5.250028241355e-01, 8.899807891542e-04, 1.8216e+00, 3.2000e-02, 
 2DIAGNOSTIC,    11, -5.254483053823e-01, 7.905532303434e-04, 1.8518e+00, 3.0237e-02, 
 2DIAGNOSTIC,    12, -5.277635687393e-01, 7.650652091008e-04, 1.8854e+00, 3.3597e-02, 
 2DIAGNOSTIC,    13, -5.283161385203e-01, 7.264279405448e-04, 1.9183e+00, 3.2816e-02, 
 2DIAGNOSTIC,    14, -5.288222936394e-01, 6.775649936284e-04, 1.9507e+00, 3.2477e-02, 
 2DIAGNOSTIC,    15, -5.289976642242e-01, 6.012605062322e-04, 1.9859e+00, 3.5215e-02, 
 2DIAGNOSTIC,    16, -5.298475138962e-01, 5.287513314391e-04, 2.0281e+00, 4.2208e-02, 
 2DIAGNOSTIC,    17, -5.313522151471e-01, 5.176189381803e-04, 2.0625e+00, 3.4323e-02, 
 2DIAGNOSTIC,    18, -5.317212130262e-01, 4.916469018473e-04, 2.1059e+00, 4.3468e-02, 
 2DIAGNOSTIC,    19, -5.322490404462e-01, 4.569583456684e-04, 2.1427e+00, 3.6808e-02, 
 2DIAGNOSTIC,    20, -5.323376838585e-01, 3.940997338098e-04, 2.1730e+00, 3.0246e-02, 
 2DIAGNOSTIC,    21, -5.325910153480e-01, 3.171269113629e-04, 2.2105e+00, 3.7535e-02, 
 2DIAGNOSTIC,    22, -5.334985475039e-01, 2.960182108946e-04, 2.2437e+00, 3.3148e-02, 
 2DIAGNOSTIC,    23, -5.343136288446e-01, 2.804991240263e-04, 2.2765e+00, 3.2832e-02, 
 2DIAGNOSTIC,    24, -5.358651266943e-01, 2.865862520286e-04, 2.3196e+00, 4.3116e-02, 
 2DIAGNOSTIC,    25, -5.371561799069e-01, 2.964618054002e-04, 2.3527e+00, 3.3070e-02, 
 2DIAGNOSTIC,    26, -5.415484574277e-01, 3.853566702116e-04, 2.3831e+00, 3.0410e-02, 
 2DIAGNOSTIC,    27, -5.440084092467e-01, 5.080996087554e-04, 2.4154e+00, 3.2327e-02, 
 2DIAGNOSTIC,    28, -5.456576685850e-01, 6.121482087766e-04, 2.4624e+00, 4.6919e-02, 
 2DIAGNOSTIC,    29, -5.459610068778e-01, 6.671793929078e-04, 2.4899e+00, 2.7530e-02, 
 2DIAGNOSTIC,    30, -5.471162637001e-01, 6.781193661676e-04, 2.5174e+00, 2.7554e-02, 
 2DIAGNOSTIC,    31, -5.479658015630e-01, 6.419112247377e-04, 2.5453e+00, 2.7914e-02, 
 2DIAGNOSTIC,    32, -5.484276726860e-01, 5.693482583902e-04, 2.5726e+00, 2.7223e-02, 
 2DIAGNOSTIC,    33, -5.488062026800e-01, 4.671060633198e-04, 2.5993e+00, 2.6763e-02, 
 2DIAGNOSTIC,    34, -5.501554192070e-01, 3.731239973168e-04, 2.6279e+00, 2.8535e-02, 
 2DIAGNOSTIC,    35, -5.561472495039e-01, 3.583534531548e-04, 2.6699e+00, 4.2073e-02, 
 2DIAGNOSTIC,    36, -5.567070344439e-01, 3.805265536294e-04, 2.6981e+00, 2.8205e-02, 
 2DIAGNOSTIC,    37, -5.573109514319e-01, 4.099709958974e-04, 2.7249e+00, 2.6786e-02, 
 2DIAGNOSTIC,    38, -5.588775131682e-01, 4.450953220569e-04, 2.7586e+00, 3.3672e-02, 
 2DIAGNOSTIC,    39, -5.593066380129e-01, 4.447733795044e-04, 2.7986e+00, 3.9998e-02, 
 2DIAGNOSTIC,    40, -5.593916735878e-01, 4.172229519883e-04, 2.8254e+00, 2.6753e-02, 
 2DIAGNOSTIC,    41, -5.600820384995e-01, 3.713412177218e-04, 2.8563e+00, 3.0975e-02, 
 2DIAGNOSTIC,    42, -5.606149342993e-01, 3.058296320410e-04, 2.8838e+00, 2.7459e-02, 
 2DIAGNOSTIC,    43, -5.607282871019e-01, 2.205035352798e-04, 2.9130e+00, 2.9222e-02, 
 2DIAGNOSTIC,    44, -5.610108229312e-01, 1.359491897945e-04, 2.9421e+00, 2.9129e-02, 
 2DIAGNOSTIC,    45, -5.615344455681e-01, 1.188727475207e-04, 2.9723e+00, 3.0157e-02, 
 2DIAGNOSTIC,    46, -5.639166775291e-01, 1.247764907570e-04, 3.0087e+00, 3.6443e-02, 
 2DIAGNOSTIC,    47, -5.645707256796e-01, 1.314279481676e-04, 3.0413e+00, 3.2576e-02, 
 2DIAGNOSTIC,    48, -5.647691127812e-01, 1.447570767057e-04, 3.0749e+00, 3.3610e-02, 
 2DIAGNOSTIC,    49, -5.650765755154e-01, 1.521388700206e-04, 3.1084e+00, 3.3440e-02, 
 2DIAGNOSTIC,    50, -5.652344992378e-01, 1.469809582673e-04, 3.1456e+00, 3.7275e-02, 
 2DIAGNOSTIC,    51, -5.654732335984e-01, 1.370347005149e-04, 3.1825e+00, 3.6900e-02, 
 2DIAGNOSTIC,    52, -5.655305140500e-01, 1.202385607114e-04, 3.2119e+00, 2.9366e-02, 
 2DIAGNOSTIC,    53, -5.660099077173e-01, 9.882042639581e-05, 3.2408e+00, 2.8864e-02, 
 2DIAGNOSTIC,    54, -5.663883544542e-01, 7.529372171964e-05, 3.2739e+00, 3.3116e-02, 
 2DIAGNOSTIC,    55, -5.663983207288e-01, 4.993385158681e-05, 3.3031e+00, 2.9163e-02, 
 2DIAGNOSTIC,    56, -5.664693860062e-01, 4.361917109275e-05, 3.3321e+00, 2.9062e-02, 
 2DIAGNOSTIC,    57, -5.666576025499e-01, 4.112410022813e-05, 3.3651e+00, 3.2992e-02, 
 2DIAGNOSTIC,    58, -5.668612802068e-01, 3.828441972351e-05, 3.4084e+00, 4.3289e-02, 
 2DIAGNOSTIC,    59, -5.668657316402e-01, 3.457546848320e-05, 3.4356e+00, 2.7195e-02, 
 2DIAGNOSTIC,    60, -5.668881879994e-01, 2.933596281414e-05, 3.4661e+00, 3.0503e-02, 
 2DIAGNOSTIC,    61, -5.669082931457e-01, 2.380999840112e-05, 3.4936e+00, 2.7537e-02, 
 2DIAGNOSTIC,    62, -5.671721113548e-01, 1.881145291633e-05, 3.5313e+00, 3.7712e-02, 
 2DIAGNOSTIC,    63, -5.674237910244e-01, 1.807999912886e-05, 3.5659e+00, 3.4589e-02, 
 2DIAGNOSTIC,    64, -5.674074064615e-01, 1.861369681898e-05, 3.6260e+00, 6.0092e-02, 
 2DIAGNOSTIC,    65, -5.674077569709e-01, 1.755763320175e-05, 3.6547e+00, 2.8663e-02, 
 2DIAGNOSTIC,    66, -5.674093796859e-01, 1.546149675008e-05, 3.6816e+00, 2.6914e-02, 
 2DIAGNOSTIC,    67, -5.674131185126e-01, 1.338834078482e-05, 3.7089e+00, 2.7254e-02, 
 2DIAGNOSTIC,    68, -5.674191701384e-01, 1.169821312966e-05, 3.7390e+00, 3.0146e-02, 
 2DIAGNOSTIC,    69, -5.674261743984e-01, 9.087789136757e-06, 3.7660e+00, 2.6952e-02, 
 2DIAGNOSTIC,    70, -5.674292789617e-01, 5.963229323658e-06, 3.7927e+00, 2.6706e-02, 
 2DIAGNOSTIC,    71, -5.674699885983e-01, 2.808811347598e-06, 3.8232e+00, 3.0578e-02, 
 2DIAGNOSTIC,    72, -5.674887163000e-01, 1.487730191018e-06, 3.8537e+00, 3.0482e-02, 
 2DIAGNOSTIC,    73, -5.674827241890e-01, 1.847510839072e-06, 3.8844e+00, 3.0678e-02, 
 2DIAGNOSTIC,    74, -5.674862587952e-01, 1.979532998936e-06, 3.9186e+00, 3.4197e-02, 
 2DIAGNOSTIC,    75, -5.674817618647e-01, 1.931174222094e-06, 3.9553e+00, 3.6672e-02, 
 2DIAGNOSTIC,    76, -5.674744830890e-01, 1.697396631705e-06, 3.9862e+00, 3.0949e-02, 
 2DIAGNOSTIC,    77, -5.674669024329e-01, 1.320135108323e-06, 4.0129e+00, 2.6681e-02, 
DIAGNOSTIC,Iteration,metricValue,convergenceValue,ITERATION_TIME_INDEX,SINCE_LAST
 2DIAGNOSTIC,     1, -5.009250316015e-01, 1.797693134862e+308, 5.0631e+00, 1.0502e+00, 
 2DIAGNOSTIC,     2, -5.012870592215e-01, 1.797693134862e+308, 5.2780e+00, 2.1486e-01, 
 2DIAGNOSTIC,     3, -5.016144605000e-01, 1.797693134862e+308, 5.4955e+00, 2.1749e-01, 
 2DIAGNOSTIC,     4, -5.018251142582e-01, 1.797693134862e+308, 5.7698e+00, 2.7427e-01, 
 2DIAGNOSTIC,     5, -5.019081452194e-01, 1.797693134862e+308, 5.9943e+00, 2.2459e-01, 
 2DIAGNOSTIC,     6, -5.019652818950e-01, 1.797693134862e+308, 6.3132e+00, 3.1887e-01, 
 2DIAGNOSTIC,     7, -5.020002213451e-01, 1.797693134862e+308, 6.5660e+00, 2.5275e-01, 
 2DIAGNOSTIC,     8, -5.020294135923e-01, 1.797693134862e+308, 6.8197e+00, 2.5379e-01, 
 2DIAGNOSTIC,     9, -5.021480946643e-01, 1.797693134862e+308, 7.0757e+00, 2.5594e-01, 
 2DIAGNOSTIC,    10, -5.022491471943e-01, 1.424465001146e-04, 7.3617e+00, 2.8596e-01, 
 2DIAGNOSTIC,    11, -5.022481598223e-01, 9.580917741477e-05, 7.6563e+00, 2.9463e-01, 
 2DIAGNOSTIC,    12, -5.022434776703e-01, 6.533142788125e-05, 7.9419e+00, 2.8563e-01, 
 2DIAGNOSTIC,    13, -5.022494303698e-01, 4.825882438107e-05, 8.2196e+00, 2.7773e-01, 
 2DIAGNOSTIC,    14, -5.022503307665e-01, 3.786654872830e-05, 8.4898e+00, 2.7013e-01, 
 2DIAGNOSTIC,    15, -5.022558802677e-01, 2.884498622313e-05, 8.7431e+00, 2.5335e-01, 
 2DIAGNOSTIC,    16, -5.022494209198e-01, 2.032613325112e-05, 9.0588e+00, 3.1567e-01, 
 2DIAGNOSTIC,    17, -5.022481891772e-01, 1.233013547084e-05, 9.3159e+00, 2.5708e-01, 
 2DIAGNOSTIC,    18, -5.022485708016e-01, 5.116686555499e-06, 9.6178e+00, 3.0198e-01, 
 2DIAGNOSTIC,    19, -5.022467508715e-01, 1.740103118125e-06, 9.8857e+00, 2.6789e-01, 
 2DIAGNOSTIC,    20, -5.022438769798e-01, 1.475316490827e-06, 1.0119e+01, 2.3367e-01, 
 2DIAGNOSTIC,    21, -5.022453864666e-01, 1.270869719655e-06, 1.0414e+01, 2.9489e-01, 
 2DIAGNOSTIC,    22, -5.022465816334e-01, 1.014691831329e-06, 1.0717e+01, 3.0247e-01, 
DIAGNOSTIC,Iteration,metricValue,convergenceValue,ITERATION_TIME_INDEX,SINCE_LAST
 2DIAGNOSTIC,     1, -4.667323231100e-01, 1.797693134862e+308, 1.3106e+01, 2.3895e+00, 
 2DIAGNOSTIC,     2, -4.668888729717e-01, 1.797693134862e+308, 1.4385e+01, 1.2784e+00, 
 2DIAGNOSTIC,     3, -4.669789760455e-01, 1.797693134862e+308, 1.5854e+01, 1.4689e+00, 
 2DIAGNOSTIC,     4, -4.670357617620e-01, 1.797693134862e+308, 1.8569e+01, 2.7157e+00, 
 2DIAGNOSTIC,     5, -4.670351450848e-01, 1.797693134862e+308, 2.0711e+01, 2.1422e+00, 
 2DIAGNOSTIC,     6, -4.670352456598e-01, 1.797693134862e+308, 2.2226e+01, 1.5150e+00, 
 2DIAGNOSTIC,     7, -4.670345803927e-01, 1.797693134862e+308, 2.3657e+01, 1.4309e+00, 
 2DIAGNOSTIC,     8, -4.670348020951e-01, 1.797693134862e+308, 2.4958e+01, 1.3009e+00, 
 2DIAGNOSTIC,     9, -4.670352973278e-01, 1.797693134862e+308, 2.6447e+01, 1.4892e+00, 
 2DIAGNOSTIC,    10, -4.670355990083e-01, 3.177680010759e-05, 2.7798e+01, 1.3510e+00, 
 2DIAGNOSTIC,    11, -4.670363018208e-01, 1.375248148837e-05, 2.9564e+01, 1.7655e+00, 
 2DIAGNOSTIC,    12, -4.670364646560e-01, 5.609854448363e-06, 3.1065e+01, 1.5009e+00, 
 2DIAGNOSTIC,    13, -4.670365089422e-01, 2.596873355312e-06, 3.3104e+01, 2.0390e+00, 
 2DIAGNOSTIC,    14, -4.670364698474e-01, 2.467990766392e-06, 3.4955e+01, 1.8515e+00, 
 2DIAGNOSTIC,    15, -4.670365270644e-01, 2.315220753238e-06, 3.6751e+01, 1.7961e+00, 
 2DIAGNOSTIC,    16, -4.670364589533e-01, 2.165520993802e-06, 3.8237e+01, 1.4859e+00, 
 2DIAGNOSTIC,    17, -4.670363952849e-01, 1.991055186459e-06, 3.9549e+01, 1.3115e+00, 
 2DIAGNOSTIC,    18, -4.670362596331e-01, 1.827876356698e-06, 4.0868e+01, 1.3197e+00, 
 2DIAGNOSTIC,    19, -4.670362460794e-01, 1.691845024125e-06, 4.2359e+01, 1.4903e+00, 
 2DIAGNOSTIC,    20, -4.670362644093e-01, 1.576906848183e-06, 4.4033e+01, 1.6744e+00, 
 2DIAGNOSTIC,    21, -4.670362168315e-01, 1.492990051512e-06, 4.5485e+01, 1.4516e+00, 
 2DIAGNOSTIC,    22, -4.670361640029e-01, 1.421851629879e-06, 4.6931e+01, 1.4458e+00, 
 2DIAGNOSTIC,    23, -4.670361011149e-01, 1.358784102526e-06, 4.8252e+01, 1.3213e+00, 
 2DIAGNOSTIC,    24, -4.670360574231e-01, 1.301091222636e-06, 4.9547e+01, 1.2957e+00, 
 2DIAGNOSTIC,    25, -4.670361375201e-01, 1.253610174903e-06, 5.1050e+01, 1.5020e+00, 
 2DIAGNOSTIC,    26, -4.670360262374e-01, 1.207286212619e-06, 5.2610e+01, 1.5608e+00, 
 2DIAGNOSTIC,    27, -4.670361261833e-01, 1.166937139994e-06, 5.4149e+01, 1.5385e+00, 
 2DIAGNOSTIC,    28, -4.670359946198e-01, 1.124688749660e-06, 5.5653e+01, 1.5043e+00, 
 2DIAGNOSTIC,    29, -4.670359033857e-01, 1.084273288238e-06, 5.7099e+01, 1.4455e+00, 
 2DIAGNOSTIC,    30, -4.670359022107e-01, 1.048129730730e-06, 5.8383e+01, 1.2846e+00, 
 2DIAGNOSTIC,    31, -4.670359631522e-01, 1.015700361491e-06, 6.0019e+01, 1.6361e+00, 
  Elapsed time (stage 0): 6.0804e+01


Total elapsed time: 6.0807e+01
Info [verificarlo]: loaded backend libinterflop_ieee.so
Info [interflop-ieee]: load backend with:
Info [interflop-ieee]: debug = false
Info [interflop-ieee]: debug-binary = false
Info [interflop-ieee]: no-backend-name = false
Info [interflop-ieee]: print-new-line = false
Info [interflop-ieee]: print-subnormal-normalized = false
Info [interflop-ieee]: count-op = false
All_Command_lines_OK
Using double precision for computations.
=============================================================================
The composite transform comprises the following transforms (in order): 
  1. /home/mdugre/scratch/mri-registration-rp/datasets/ds004513/derivatives/mri-registration-rp/0001/antsRegistration-r8-p20/sub-s032/rigid_Composite.h5[0] (type = Euler3DTransform)
  2. /home/mdugre/scratch/mri-registration-rp/datasets/ds004513/derivatives/mri-registration-rp/0001/antsRegistration-r8-p20/sub-s032/rigid_Composite.h5[1] (type = Euler3DTransform)
  3. /home/mdugre/scratch/mri-registration-rp/datasets/ds004513/derivatives/mri-registration-rp/0001/antsRegistration-r8-p20/sub-s032/rigid_Composite.h5[2] (type = Euler3DTransform)
=============================================================================
  number of levels = 4
  fixed image: /templateflow/tpl-MNI152NLin2009cAsym/tpl-MNI152NLin2009cAsym_res-01_desc-brain_T1w.nii.gz
  moving image: /home/mdugre/scratch/mri-registration-rp/datasets/ds004513/derivatives/mri-registration-rp/antsBrainExtraction/sub-s032/BrainExtractionBrain.nii.gz
Dimension = 3
Number of stages = 1
Use histogram matching = false
Winsorize image intensities = true
  Lower quantile = 0.005
  Upper quantile = 0.995


Stage 1 State
   Image metric = MattesMI
     Fixed image = Image (0x4e677e0)
  RTTI typeinfo:   itk::Image<double, 3u>
  Reference Count: 2
  Modified Time: 1592
  Debug: Off
  Object Name: 
  Observers: 
    none
  Source: (none)
  Source output name: (none)
  Release Data: Off
  Data Released: False
  Global Release Data: Off
  PipelineMTime: 0
  UpdateMTime: 1203
  RealTimeStamp: 0 seconds 
  LargestPossibleRegion: 
    Dimension: 3
    Index: [0, 0, 0]
    Size: [193, 229, 193]
  BufferedRegion: 
    Dimension: 3
    Index: [0, 0, 0]
    Size: [193, 229, 193]
  RequestedRegion: 
    Dimension: 3
    Index: [0, 0, 0]
    Size: [193, 229, 193]
  Spacing: [1, 1, 1]
  Origin: [96, 132, -78]
  Direction: 
-1 0 0
0 -1 0
0 0 1

  IndexToPointMatrix: 
-1 0 0
0 -1 0
0 0 1

  PointToIndexMatrix: 
-1 0 0
0 -1 0
0 0 1

  Inverse Direction: 
-1 0 0
0 -1 0
0 0 1

  PixelContainer: 
    ImportImageContainer (0x4f27a20)
      RTTI typeinfo:   itk::ImportImageContainer<unsigned long, double>
      Reference Count: 1
      Modified Time: 1200
      Debug: Off
      Object Name: 
      Observers: 
        none
      Pointer: 0x14f0a5732010
      Container manages memory: true
      Size: 8530021
      Capacity: 8530021

     Moving image = Image (0x4f22d70)
  RTTI typeinfo:   itk::Image<double, 3u>
  Reference Count: 2
  Modified Time: 1593
  Debug: Off
  Object Name: 
  Observers: 
    none
  Source: (none)
  Source output name: (none)
  Release Data: Off
  Data Released: False
  Global Release Data: Off
  PipelineMTime: 0
  UpdateMTime: 1590
  RealTimeStamp: 0 seconds 
  LargestPossibleRegion: 
    Dimension: 3
    Index: [0, 0, 0]
    Size: [160, 240, 256]
  BufferedRegion: 
    Dimension: 3
    Index: [0, 0, 0]
    Size: [160, 240, 256]
  RequestedRegion: 
    Dimension: 3
    Index: [0, 0, 0]
    Size: [160, 240, 256]
  Spacing: [1, 1, 1]
  Origin: [73.279, 104.707, -131.187]
  Direction: 
-0.997527 0.0645574 -0.0278053
-0.0645323 -0.997914 -0.00179875
-0.0278634 4.01097e-08 0.999612

  IndexToPointMatrix: 
-0.997527 0.0645574 -0.0278053
-0.0645323 -0.997914 -0.00179875
-0.0278634 4.01097e-08 0.999612

  PointToIndexMatrix: 
-0.997527 -0.0645323 -0.0278634
0.0645574 -0.997914 4.01049e-08
-0.0278053 -0.00179875 0.999612

  Inverse Direction: 
-0.997527 -0.0645323 -0.0278634
0.0645574 -0.997914 4.01049e-08
-0.0278053 -0.00179875 0.999612

  PixelContainer: 
    ImportImageContainer (0x4edac90)
      RTTI typeinfo:   itk::ImportImageContainer<unsigned long, double>
      Reference Count: 1
      Modified Time: 1587
      Debug: Off
      Object Name: 
      Observers: 
        none
      Pointer: 0x14f0a0c31010
      Container manages memory: true
      Size: 9830400
      Capacity: 9830400

     Weighting = 1
     Sampling strategy = regular
     Number of bins = 32
     Radius = 4
     Sampling percentage  = 0.25
   Transform = Affine
     Gradient step = 0.1
     Update field sigma (voxel space) = 0
     Total field sigma (voxel space) = 0
     Update field time sigma = 0
     Total field time sigma  = 0
     Number of time indices = 0
     Number of time point samples = 0
Registration using 1 total stages.

Stage 0
  iterations = 1000x500x250x100
  convergence threshold = 1e-06
  convergence window size = 10
  number of levels = 4
  using the Mattes MI metric (number of bins = 32, weight = 1, use gradient filter = 0)
  preprocessing:  winsorizing the image intensities
  Shrink factors (level 1 out of 4): [8, 8, 8]
  Shrink factors (level 2 out of 4): [4, 4, 4]
  Shrink factors (level 3 out of 4): [2, 2, 2]
  Shrink factors (level 4 out of 4): [1, 1, 1]
  smoothing sigmas per level: [3, 2, 1, 0]
  regular sampling (percentage = 0.25)

*** Running AffineTransform registration ***

DIAGNOSTIC,Iteration,metricValue,convergenceValue,ITERATION_TIME_INDEX,SINCE_LAST
 2DIAGNOSTIC,     1, -6.841861912449e-01, 1.797693134862e+308, 8.4776e-01, 8.4776e-01, 
 2DIAGNOSTIC,     2, -6.858315244059e-01, 1.797693134862e+308, 8.5313e-01, 5.3711e-03, 
 2DIAGNOSTIC,     3, -6.886379965467e-01, 1.797693134862e+308, 8.5838e-01, 5.2481e-03, 
 2DIAGNOSTIC,     4, -6.926389870593e-01, 1.797693134862e+308, 8.6343e-01, 5.0590e-03, 
 2DIAGNOSTIC,     5, -6.995212453734e-01, 1.797693134862e+308, 8.6826e-01, 4.8230e-03, 
 2DIAGNOSTIC,     6, -7.118821303998e-01, 1.797693134862e+308, 8.7345e-01, 5.1970e-03, 
 2DIAGNOSTIC,     7, -7.213413032066e-01, 1.797693134862e+308, 8.7951e-01, 6.0561e-03, 
 2DIAGNOSTIC,     8, -7.251063289362e-01, 1.797693134862e+308, 8.8539e-01, 5.8770e-03, 
 2DIAGNOSTIC,     9, -7.265099749137e-01, 1.797693134862e+308, 8.9091e-01, 5.5242e-03, 
 2DIAGNOSTIC,    10, -7.284107123068e-01, 4.863694775076e-03, 8.9765e-01, 6.7410e-03, 
 2DIAGNOSTIC,    11, -7.305777238319e-01, 4.260977583076e-03, 9.0339e-01, 5.7330e-03, 
 2DIAGNOSTIC,    12, -7.312358726904e-01, 3.452067570838e-03, 9.0966e-01, 6.2780e-03, 
 2DIAGNOSTIC,    13, -7.310290801420e-01, 2.543262840365e-03, 9.1647e-01, 6.8030e-03, 
 2DIAGNOSTIC,    14, -7.311122019474e-01, 1.656491137839e-03, 9.2151e-01, 5.0411e-03, 
 2DIAGNOSTIC,    15, -7.313586096664e-01, 9.231117860695e-04, 9.2762e-01, 6.1150e-03, 
 2DIAGNOSTIC,    16, -7.314963088979e-01, 5.028796345986e-04, 9.3353e-01, 5.9068e-03, 
 2DIAGNOSTIC,    17, -7.315809934494e-01, 3.078943539881e-04, 9.3963e-01, 6.1018e-03, 
 2DIAGNOSTIC,    18, -7.317400512724e-01, 1.936080157092e-04, 9.4539e-01, 5.7600e-03, 
 2DIAGNOSTIC,    19, -7.318701442871e-01, 1.053391431379e-04, 9.5081e-01, 5.4212e-03, 
 2DIAGNOSTIC,    20, -7.322205841708e-01, 5.968775553947e-05, 9.5598e-01, 5.1649e-03, 
 2DIAGNOSTIC,    21, -7.324619188237e-01, 5.779913185185e-05, 9.6331e-01, 7.3299e-03, 
 2DIAGNOSTIC,    22, -7.325741591799e-01, 6.479686131083e-05, 9.6875e-01, 5.4381e-03, 
 2DIAGNOSTIC,    23, -7.325345571554e-01, 6.111247840766e-05, 9.7450e-01, 5.7511e-03, 
 2DIAGNOSTIC,    24, -7.324185014269e-01, 5.157828839492e-05, 9.8009e-01, 5.5912e-03, 
 2DIAGNOSTIC,    25, -7.325372425638e-01, 4.380958002995e-05, 9.8536e-01, 5.2691e-03, 
 2DIAGNOSTIC,    26, -7.328033447465e-01, 3.861704422257e-05, 9.9056e-01, 5.1990e-03, 
 2DIAGNOSTIC,    27, -7.329561699041e-01, 3.363970801041e-05, 9.9844e-01, 7.8871e-03, 
 2DIAGNOSTIC,    28, -7.329968465058e-01, 2.885148967746e-05, 1.0039e+00, 5.4271e-03, 
 2DIAGNOSTIC,    29, -7.329247164317e-01, 2.258729804934e-05, 1.0090e+00, 5.1370e-03, 
 2DIAGNOSTIC,    30, -7.329963174452e-01, 2.019356564628e-05, 1.0151e+00, 6.1300e-03, 
 2DIAGNOSTIC,    31, -7.330998988518e-01, 2.034664868503e-05, 1.0211e+00, 5.9519e-03, 
 2DIAGNOSTIC,    32, -7.330336433453e-01, 1.915992624469e-05, 1.0279e+00, 6.8021e-03, 
 2DIAGNOSTIC,    33, -7.330589158940e-01, 1.630201533041e-05, 1.0330e+00, 5.1560e-03, 
 2DIAGNOSTIC,    34, -7.331008556598e-01, 1.134216738281e-05, 1.0382e+00, 5.1250e-03, 
 2DIAGNOSTIC,    35, -7.331813849180e-01, 7.819285466750e-06, 1.0435e+00, 5.3091e-03, 
 2DIAGNOSTIC,    36, -7.331429706450e-01, 6.227800933054e-06, 1.0508e+00, 7.3211e-03, 
 2DIAGNOSTIC,    37, -7.332778184841e-01, 7.288781890297e-06, 1.0566e+00, 5.7731e-03, 
 2DIAGNOSTIC,    38, -7.334976484597e-01, 1.038051341549e-05, 1.0643e+00, 7.7281e-03, 
 2DIAGNOSTIC,    39, -7.335359055501e-01, 1.198026391305e-05, 1.0701e+00, 5.7590e-03, 
 2DIAGNOSTIC,    40, -7.334438023233e-01, 1.222537721750e-05, 1.0755e+00, 5.3899e-03, 
 2DIAGNOSTIC,    41, -7.335778417782e-01, 1.372679005638e-05, 1.0812e+00, 5.7721e-03, 
 2DIAGNOSTIC,    42, -7.336128277144e-01, 1.357144638450e-05, 1.0873e+00, 6.0821e-03, 
 2DIAGNOSTIC,    43, -7.337119630434e-01, 1.327639576025e-05, 1.0925e+00, 5.1610e-03, 
 2DIAGNOSTIC,    44, -7.338767426229e-01, 1.361776098844e-05, 1.0984e+00, 5.9001e-03, 
 2DIAGNOSTIC,    45, -7.339457748176e-01, 1.404816825672e-05, 1.1041e+00, 5.7611e-03, 
 2DIAGNOSTIC,    46, -7.340768909951e-01, 1.396316199386e-05, 1.1099e+00, 5.8131e-03, 
 2DIAGNOSTIC,    47, -7.341613710627e-01, 1.436088119839e-05, 1.1152e+00, 5.2171e-03, 
 2DIAGNOSTIC,    48, -7.353200620240e-01, 2.463652729182e-05, 1.1236e+00, 8.4541e-03, 
 2DIAGNOSTIC,    49, -7.355092051376e-01, 3.377736887887e-05, 1.1301e+00, 6.5022e-03, 
 2DIAGNOSTIC,    50, -7.355029038015e-01, 3.865121696290e-05, 1.1378e+00, 7.7200e-03, 
 2DIAGNOSTIC,    51, -7.355502189681e-01, 4.124051246639e-05, 1.1436e+00, 5.7831e-03, 
 2DIAGNOSTIC,    52, -7.354423880813e-01, 3.925452547706e-05, 1.1489e+00, 5.2731e-03, 
 2DIAGNOSTIC,    53, -7.355696595779e-01, 3.516616116752e-05, 1.1544e+00, 5.4641e-03, 
 2DIAGNOSTIC,    54, -7.357363299276e-01, 3.023147430080e-05, 1.1596e+00, 5.2340e-03, 
 2DIAGNOSTIC,    55, -7.359166257704e-01, 2.447482467689e-05, 1.1648e+00, 5.2350e-03, 
 2DIAGNOSTIC,    56, -7.361899622497e-01, 1.954056958494e-05, 1.1700e+00, 5.1908e-03, 
 2DIAGNOSTIC,    57, -7.364230541027e-01, 1.490734813815e-05, 1.1762e+00, 6.1698e-03, 
 2DIAGNOSTIC,    58, -7.368771248133e-01, 1.985012978228e-05, 1.1827e+00, 6.4778e-03, 
 2DIAGNOSTIC,    59, -7.369868916051e-01, 2.467303424833e-05, 1.1885e+00, 5.8219e-03, 
 2DIAGNOSTIC,    60, -7.372088206464e-01, 2.841940798199e-05, 1.1948e+00, 6.2780e-03, 
 2DIAGNOSTIC,    61, -7.370618553345e-01, 2.874550881857e-05, 1.2000e+00, 5.2171e-03, 
 2DIAGNOSTIC,    62, -7.374954249736e-01, 2.841351674097e-05, 1.2058e+00, 5.7838e-03, 
 2DIAGNOSTIC,    63, -7.376397657493e-01, 2.697795880851e-05, 1.2123e+00, 6.4998e-03, 
 2DIAGNOSTIC,    64, -7.377653864274e-01, 2.479580568593e-05, 1.2175e+00, 5.2030e-03, 
 2DIAGNOSTIC,    65, -7.382255728061e-01, 2.420362993754e-05, 1.2228e+00, 5.3549e-03, 
 2DIAGNOSTIC,    66, -7.388337662529e-01, 2.649544516211e-05, 1.2330e+00, 1.0195e-02, 
 2DIAGNOSTIC,    67, -7.388380152526e-01, 2.744531983217e-05, 1.2386e+00, 5.5370e-03, 
 2DIAGNOSTIC,    68, -7.388561382070e-01, 2.851343554694e-05, 1.2439e+00, 5.3451e-03, 
 2DIAGNOSTIC,    69, -7.388833137066e-01, 2.764258688973e-05, 1.2491e+00, 5.2321e-03, 
 2DIAGNOSTIC,    70, -7.389185617699e-01, 2.561107962055e-05, 1.2544e+00, 5.2290e-03, 
 2DIAGNOSTIC,    71, -7.389588805319e-01, 2.051262657220e-05, 1.2597e+00, 5.3880e-03, 
 2DIAGNOSTIC,    72, -7.388929246429e-01, 1.562078657257e-05, 1.2654e+00, 5.6720e-03, 
 2DIAGNOSTIC,    73, -7.389218697269e-01, 1.040071088367e-05, 1.2707e+00, 5.2440e-03, 
 2DIAGNOSTIC,    74, -7.389784026623e-01, 5.280598472542e-06, 1.2762e+00, 5.5809e-03, 
 2DIAGNOSTIC,    75, -7.392763815872e-01, 3.656270896683e-06, 1.2818e+00, 5.5492e-03, 
 2DIAGNOSTIC,    76, -7.397746901117e-01, 7.385878450620e-06, 1.2906e+00, 8.8420e-03, 
 2DIAGNOSTIC,    77, -7.397822651102e-01, 1.036212753372e-05, 1.2958e+00, 5.2080e-03, 
 2DIAGNOSTIC,    78, -7.397906249992e-01, 1.248531762173e-05, 1.3014e+00, 5.5640e-03, 
 2DIAGNOSTIC,    79, -7.398108403443e-01, 1.364205607091e-05, 1.3068e+00, 5.4049e-03, 
 2DIAGNOSTIC,    80, -7.401236258348e-01, 1.513802717549e-05, 1.3186e+00, 1.1824e-02, 
 2DIAGNOSTIC,    81, -7.401336298965e-01, 1.534286671663e-05, 1.3273e+00, 8.6811e-03, 
 2DIAGNOSTIC,    82, -7.401737717868e-01, 1.400721877598e-05, 1.3331e+00, 5.7991e-03, 
 2DIAGNOSTIC,    83, -7.403497143265e-01, 1.241238559257e-05, 1.3387e+00, 5.5900e-03, 
 2DIAGNOSTIC,    84, -7.405125352019e-01, 1.066928138902e-05, 1.3444e+00, 5.7161e-03, 
 2DIAGNOSTIC,    85, -7.405624760900e-01, 9.465219930839e-06, 1.3510e+00, 6.6111e-03, 
 2DIAGNOSTIC,    86, -7.406791912552e-01, 1.019684795908e-05, 1.3560e+00, 4.9331e-03, 
 2DIAGNOSTIC,    87, -7.407054157496e-01, 1.012887749900e-05, 1.3618e+00, 5.8680e-03, 
 2DIAGNOSTIC,    88, -7.408791066037e-01, 9.926502410067e-06, 1.3690e+00, 7.1580e-03, 
 2DIAGNOSTIC,    89, -7.409163851712e-01, 8.991429515531e-06, 1.3745e+00, 5.5261e-03, 
 2DIAGNOSTIC,    90, -7.408270022369e-01, 8.217177473676e-06, 1.3802e+00, 5.6481e-03, 
 2DIAGNOSTIC,    91, -7.408304344136e-01, 6.787881741155e-06, 1.3851e+00, 4.9150e-03, 
 2DIAGNOSTIC,    92, -7.407331506096e-01, 4.508205416661e-06, 1.3903e+00, 5.2400e-03, 
 2DIAGNOSTIC,    93, -7.407378595040e-01, 2.612598682868e-06, 1.3953e+00, 4.9281e-03, 
 2DIAGNOSTIC,    94, -7.407454625853e-01, 1.234124392091e-06, 1.4010e+00, 5.7061e-03, 
DIAGNOSTIC,Iteration,metricValue,convergenceValue,ITERATION_TIME_INDEX,SINCE_LAST
