
##########################
# Experiment information #
##########################

EXPERIMENT_NAME: antsRegistration-r8-p21
VFC_BACKENDS: libinterflop_vprec.so --range-binary32=8 --precision-binary32=21 --range-binary64=8 --precision-binary64=21

SIF_IMG: /home/mdugre/projects/rrg-glatard/mdugre/containers/ants-vprec-no_metrics.simg

SUBJECT_ID: s033
INPUT_IMG: /home/mdugre/scratch/mri-registration-rp/datasets/ds004513/derivatives/mri-registration-rp/antsBrainExtraction/sub-s033/BrainExtractionBrain.nii.gz
OUTPUT_DIR: /home/mdugre/scratch/mri-registration-rp/datasets/ds004513/derivatives/mri-registration-rp/0001/antsRegistration-r8-p21/sub-s033

FIXED_IMG: /templateflow/tpl-MNI152NLin2009cAsym/tpl-MNI152NLin2009cAsym_res-01_desc-brain_T1w.nii.gz
DATA_DIR: /home/mdugre/scratch/mri-registration-rp/datasets/ds004513
TEMPLATEFLOW_DIR: /home/mdugre/projects/rrg-glatard/mdugre/templateflow
ITK_GLOBAL_DEFAULT_NUMBER_OF_THREADS: 16
##########################

Info [verificarlo]: loaded backend libinterflop_ieee.so
Info [interflop-ieee]: load backend with:
Info [interflop-ieee]: debug = false
Info [interflop-ieee]: debug-binary = false
Info [interflop-ieee]: no-backend-name = false
Info [interflop-ieee]: print-new-line = false
Info [interflop-ieee]: print-subnormal-normalized = false
Info [interflop-ieee]: count-op = false
All_Command_lines_OK
Using double precision for computations.
=============================================================================
The composite transform comprises the following transforms (in order): 
  1. Center of mass alignment using fixed image: /templateflow/tpl-MNI152NLin2009cAsym/tpl-MNI152NLin2009cAsym_res-01_desc-brain_T1w.nii.gz and moving image: /home/mdugre/scratch/mri-registration-rp/datasets/ds004513/derivatives/mri-registration-rp/antsBrainExtraction/sub-s033/BrainExtractionBrain.nii.gz (type = Euler3DTransform)
=============================================================================
  number of levels = 1
  fixed image: /templateflow/tpl-MNI152NLin2009cAsym/tpl-MNI152NLin2009cAsym_res-01_desc-brain_T1w.nii.gz
  moving image: /home/mdugre/scratch/mri-registration-rp/datasets/ds004513/derivatives/mri-registration-rp/antsBrainExtraction/sub-s033/BrainExtractionBrain.nii.gz
Dimension = 3
Number of stages = 1
Use histogram matching = false
Winsorize image intensities = true
  Lower quantile = 0.005
  Upper quantile = 0.995


Stage 1 State
   Image metric = MattesMI
     Fixed image = Image (0x5198e70)
  RTTI typeinfo:   itk::Image<double, 3u>
  Reference Count: 2
  Modified Time: 2330
  Debug: Off
  Object Name: 
  Observers: 
    none
  Source: (none)
  Source output name: (none)
  Release Data: Off
  Data Released: False
  Global Release Data: Off
  PipelineMTime: 0
  UpdateMTime: 1941
  RealTimeStamp: 0 seconds 
  LargestPossibleRegion: 
    Dimension: 3
    Index: [0, 0, 0]
    Size: [193, 229, 193]
  BufferedRegion: 
    Dimension: 3
    Index: [0, 0, 0]
    Size: [193, 229, 193]
  RequestedRegion: 
    Dimension: 3
    Index: [0, 0, 0]
    Size: [193, 229, 193]
  Spacing: [1, 1, 1]
  Origin: [96, 132, -78]
  Direction: 
-1 0 0
0 -1 0
0 0 1

  IndexToPointMatrix: 
-1 0 0
0 -1 0
0 0 1

  PointToIndexMatrix: 
-1 0 0
0 -1 0
0 0 1

  Inverse Direction: 
-1 0 0
0 -1 0
0 0 1

  PixelContainer: 
    ImportImageContainer (0x51a1c60)
      RTTI typeinfo:   itk::ImportImageContainer<unsigned long, double>
      Reference Count: 1
      Modified Time: 1938
      Debug: Off
      Object Name: 
      Observers: 
        none
      Pointer: 0x14e2707b9010
      Container manages memory: true
      Size: 8530021
      Capacity: 8530021

     Moving image = Image (0x519b540)
  RTTI typeinfo:   itk::Image<double, 3u>
  Reference Count: 2
  Modified Time: 2331
  Debug: Off
  Object Name: 
  Observers: 
    none
  Source: (none)
  Source output name: (none)
  Release Data: Off
  Data Released: False
  Global Release Data: Off
  PipelineMTime: 0
  UpdateMTime: 2328
  RealTimeStamp: 0 seconds 
  LargestPossibleRegion: 
    Dimension: 3
    Index: [0, 0, 0]
    Size: [160, 240, 256]
  BufferedRegion: 
    Dimension: 3
    Index: [0, 0, 0]
    Size: [160, 240, 256]
  RequestedRegion: 
    Dimension: 3
    Index: [0, 0, 0]
    Size: [160, 240, 256]
  Spacing: [1, 1, 1]
  Origin: [91.5134, 94.282, -109.927]
  Direction: 
-0.99591 -0.0698718 -0.0572835
0.0697565 -0.997556 0.00401236
-0.0574239 5.01125e-08 0.99835

  IndexToPointMatrix: 
-0.99591 -0.0698718 -0.0572835
0.0697565 -0.997556 0.00401236
-0.0574239 5.01125e-08 0.99835

  PointToIndexMatrix: 
-0.99591 0.0697565 -0.0574239
-0.0698718 -0.997556 5.01483e-08
-0.0572835 0.00401236 0.99835

  Inverse Direction: 
-0.99591 0.0697565 -0.0574239
-0.0698718 -0.997556 5.01483e-08
-0.0572835 0.00401236 0.99835

  PixelContainer: 
    ImportImageContainer (0x52ad610)
      RTTI typeinfo:   itk::ImportImageContainer<unsigned long, double>
      Reference Count: 1
      Modified Time: 2325
      Debug: Off
      Object Name: 
      Observers: 
        none
      Pointer: 0x14e26bcb8010
      Container manages memory: true
      Size: 9830400
      Capacity: 9830400

     Weighting = 1
     Sampling strategy = regular
     Number of bins = 32
     Radius = 4
     Sampling percentage  = 0.25
   Transform = Rigid
     Gradient step = 0.1
     Update field sigma (voxel space) = 0
     Total field sigma (voxel space) = 0
     Update field time sigma = 0
     Total field time sigma  = 0
     Number of time indices = 0
     Number of time point samples = 0
Registration using 1 total stages.

Stage 0
  iterations = 0
  convergence threshold = 1e-06
  convergence window size = 10
  number of levels = 1
  using the Mattes MI metric (number of bins = 32, weight = 1, use gradient filter = 0)
  preprocessing:  winsorizing the image intensities
  Shrink factors (level 1 out of 1): [1, 1, 1]
  smoothing sigmas per level: [0]
  regular sampling (percentage = 0.25)

*** Running Euler3DTransform registration ***

  Elapsed time (stage 0): 1.10715


Total elapsed time: 1.10957
Info [verificarlo]: loaded backend libinterflop_ieee.so
Info [interflop-ieee]: load backend with:
Info [interflop-ieee]: debug = false
Info [interflop-ieee]: debug-binary = false
Info [interflop-ieee]: no-backend-name = false
Info [interflop-ieee]: print-new-line = false
Info [interflop-ieee]: print-subnormal-normalized = false
Info [interflop-ieee]: count-op = false
All_Command_lines_OK
Using double precision for computations.
=============================================================================
The composite transform comprises the following transforms (in order): 
  1. /home/mdugre/scratch/mri-registration-rp/datasets/ds004513/derivatives/mri-registration-rp/0001/antsRegistration-r8-p21/sub-s033/align_Composite.h5[0] (type = Euler3DTransform)
  2. /home/mdugre/scratch/mri-registration-rp/datasets/ds004513/derivatives/mri-registration-rp/0001/antsRegistration-r8-p21/sub-s033/align_Composite.h5[1] (type = Euler3DTransform)
=============================================================================
  number of levels = 4
  fixed image: /templateflow/tpl-MNI152NLin2009cAsym/tpl-MNI152NLin2009cAsym_res-01_desc-brain_T1w.nii.gz
  moving image: /home/mdugre/scratch/mri-registration-rp/datasets/ds004513/derivatives/mri-registration-rp/antsBrainExtraction/sub-s033/BrainExtractionBrain.nii.gz
Dimension = 3
Number of stages = 1
Use histogram matching = false
Winsorize image intensities = true
  Lower quantile = 0.005
  Upper quantile = 0.995


Stage 1 State
   Image metric = MattesMI
     Fixed image = Image (0x43d7530)
  RTTI typeinfo:   itk::Image<double, 3u>
  Reference Count: 2
  Modified Time: 1578
  Debug: Off
  Object Name: 
  Observers: 
    none
  Source: (none)
  Source output name: (none)
  Release Data: Off
  Data Released: False
  Global Release Data: Off
  PipelineMTime: 0
  UpdateMTime: 1189
  RealTimeStamp: 0 seconds 
  LargestPossibleRegion: 
    Dimension: 3
    Index: [0, 0, 0]
    Size: [193, 229, 193]
  BufferedRegion: 
    Dimension: 3
    Index: [0, 0, 0]
    Size: [193, 229, 193]
  RequestedRegion: 
    Dimension: 3
    Index: [0, 0, 0]
    Size: [193, 229, 193]
  Spacing: [1, 1, 1]
  Origin: [96, 132, -78]
  Direction: 
-1 0 0
0 -1 0
0 0 1

  IndexToPointMatrix: 
-1 0 0
0 -1 0
0 0 1

  PointToIndexMatrix: 
-1 0 0
0 -1 0
0 0 1

  Inverse Direction: 
-1 0 0
0 -1 0
0 0 1

  PixelContainer: 
    ImportImageContainer (0x4495d60)
      RTTI typeinfo:   itk::ImportImageContainer<unsigned long, double>
      Reference Count: 1
      Modified Time: 1186
      Debug: Off
      Object Name: 
      Observers: 
        none
      Pointer: 0x15526ecd0010
      Container manages memory: true
      Size: 8530021
      Capacity: 8530021

     Moving image = Image (0x4487f60)
  RTTI typeinfo:   itk::Image<double, 3u>
  Reference Count: 2
  Modified Time: 1579
  Debug: Off
  Object Name: 
  Observers: 
    none
  Source: (none)
  Source output name: (none)
  Release Data: Off
  Data Released: False
  Global Release Data: Off
  PipelineMTime: 0
  UpdateMTime: 1576
  RealTimeStamp: 0 seconds 
  LargestPossibleRegion: 
    Dimension: 3
    Index: [0, 0, 0]
    Size: [160, 240, 256]
  BufferedRegion: 
    Dimension: 3
    Index: [0, 0, 0]
    Size: [160, 240, 256]
  RequestedRegion: 
    Dimension: 3
    Index: [0, 0, 0]
    Size: [160, 240, 256]
  Spacing: [1, 1, 1]
  Origin: [91.5134, 94.282, -109.927]
  Direction: 
-0.99591 -0.0698718 -0.0572835
0.0697565 -0.997556 0.00401236
-0.0574239 5.01125e-08 0.99835

  IndexToPointMatrix: 
-0.99591 -0.0698718 -0.0572835
0.0697565 -0.997556 0.00401236
-0.0574239 5.01125e-08 0.99835

  PointToIndexMatrix: 
-0.99591 0.0697565 -0.0574239
-0.0698718 -0.997556 5.01483e-08
-0.0572835 0.00401236 0.99835

  Inverse Direction: 
-0.99591 0.0697565 -0.0574239
-0.0698718 -0.997556 5.01483e-08
-0.0572835 0.00401236 0.99835

  PixelContainer: 
    ImportImageContainer (0x44796d0)
      RTTI typeinfo:   itk::ImportImageContainer<unsigned long, double>
      Reference Count: 1
      Modified Time: 1573
      Debug: Off
      Object Name: 
      Observers: 
        none
      Pointer: 0x15526a1cf010
      Container manages memory: true
      Size: 9830400
      Capacity: 9830400

     Weighting = 1
     Sampling strategy = regular
     Number of bins = 32
     Radius = 4
     Sampling percentage  = 0.25
   Transform = Rigid
     Gradient step = 0.1
     Update field sigma (voxel space) = 0
     Total field sigma (voxel space) = 0
     Update field time sigma = 0
     Total field time sigma  = 0
     Number of time indices = 0
     Number of time point samples = 0
Registration using 1 total stages.

Stage 0
  iterations = 1000x500x250x100
  convergence threshold = 1e-06
  convergence window size = 10
  number of levels = 4
  using the Mattes MI metric (number of bins = 32, weight = 1, use gradient filter = 0)
  preprocessing:  winsorizing the image intensities
  Shrink factors (level 1 out of 4): [8, 8, 8]
  Shrink factors (level 2 out of 4): [4, 4, 4]
  Shrink factors (level 3 out of 4): [2, 2, 2]
  Shrink factors (level 4 out of 4): [1, 1, 1]
  smoothing sigmas per level: [3, 2, 1, 0]
  regular sampling (percentage = 0.25)

*** Running Euler3DTransform registration ***

DIAGNOSTIC,Iteration,metricValue,convergenceValue,ITERATION_TIME_INDEX,SINCE_LAST
 2DIAGNOSTIC,     1, -4.945365495269e-01, 1.797693134862e+308, 9.8748e-01, 9.8748e-01, 
 2DIAGNOSTIC,     2, -4.961551199262e-01, 1.797693134862e+308, 9.9268e-01, 5.1968e-03, 
 2DIAGNOSTIC,     3, -4.991207097076e-01, 1.797693134862e+308, 9.9773e-01, 5.0449e-03, 
 2DIAGNOSTIC,     4, -5.030359852117e-01, 1.797693134862e+308, 1.0031e+00, 5.4100e-03, 
 2DIAGNOSTIC,     5, -5.059125054655e-01, 1.797693134862e+308, 1.0082e+00, 5.0499e-03, 
 2DIAGNOSTIC,     6, -5.092815596254e-01, 1.797693134862e+308, 1.0135e+00, 5.3449e-03, 
 2DIAGNOSTIC,     7, -5.205915484568e-01, 1.797693134862e+308, 1.0192e+00, 5.6300e-03, 
 2DIAGNOSTIC,     8, -5.236677933913e-01, 1.797693134862e+308, 1.0243e+00, 5.1150e-03, 
 2DIAGNOSTIC,     9, -5.261653611514e-01, 1.797693134862e+308, 1.0301e+00, 5.8410e-03, 
 2DIAGNOSTIC,    10, -5.313843279548e-01, 4.956236851461e-03, 1.0354e+00, 5.2588e-03, 
 2DIAGNOSTIC,    11, -5.461121550605e-01, 5.255951709879e-03, 1.0423e+00, 6.8800e-03, 
 2DIAGNOSTIC,    12, -5.563506773261e-01, 5.544499219509e-03, 1.0474e+00, 5.1539e-03, 
 2DIAGNOSTIC,    13, -6.011783753079e-01, 7.240286203936e-03, 1.0541e+00, 6.6969e-03, 
 2DIAGNOSTIC,    14, -6.166052825012e-01, 8.701253899110e-03, 1.0592e+00, 5.1119e-03, 
 2DIAGNOSTIC,    15, -6.211428291678e-01, 9.416357351070e-03, 1.0643e+00, 5.0671e-03, 
 2DIAGNOSTIC,    16, -6.235432152410e-01, 9.368281938111e-03, 1.0700e+00, 5.7461e-03, 
 2DIAGNOSTIC,    17, -6.347577464357e-01, 9.145335038650e-03, 1.0772e+00, 7.1440e-03, 
 2DIAGNOSTIC,    18, -6.413138477731e-01, 8.359392963931e-03, 1.0835e+00, 6.3169e-03, 
 2DIAGNOSTIC,    19, -6.420802721298e-01, 6.980623488658e-03, 1.0896e+00, 6.1278e-03, 
 2DIAGNOSTIC,    20, -6.425493378052e-01, 5.272872628576e-03, 1.0945e+00, 4.9090e-03, 
 2DIAGNOSTIC,    21, -6.431795006959e-01, 3.641466706854e-03, 1.1002e+00, 5.6520e-03, 
 2DIAGNOSTIC,    22, -6.434078412052e-01, 2.049114015059e-03, 1.1052e+00, 5.0268e-03, 
 2DIAGNOSTIC,    23, -6.435083892851e-01, 1.381096913756e-03, 1.1107e+00, 5.5289e-03, 
 2DIAGNOSTIC,    24, -6.436807766283e-01, 9.688116553884e-04, 1.1169e+00, 6.1810e-03, 
 2DIAGNOSTIC,    25, -6.439989438884e-01, 6.014654619125e-04, 1.1239e+00, 7.0078e-03, 
 2DIAGNOSTIC,    26, -6.448361574759e-01, 2.655198020119e-04, 1.1291e+00, 5.1911e-03, 
 2DIAGNOSTIC,    27, -6.460796031408e-01, 1.536866356392e-04, 1.1348e+00, 5.6880e-03, 
 2DIAGNOSTIC,    28, -6.463976192599e-01, 1.550353806992e-04, 1.1400e+00, 5.2390e-03, 
 2DIAGNOSTIC,    29, -6.463935456035e-01, 1.547432208337e-04, 1.1449e+00, 4.8990e-03, 
 2DIAGNOSTIC,    30, -6.464392297072e-01, 1.482978211257e-04, 1.1504e+00, 5.4610e-03, 
 2DIAGNOSTIC,    31, -6.463723508169e-01, 1.368670856739e-04, 1.1552e+00, 4.8430e-03, 
 2DIAGNOSTIC,    32, -6.464254417718e-01, 1.173264824246e-04, 1.1612e+00, 5.9879e-03, 
 2DIAGNOSTIC,    33, -6.464354984030e-01, 8.969318558701e-05, 1.1766e+00, 1.5401e-02, 
 2DIAGNOSTIC,    34, -6.464354983701e-01, 5.811478115059e-05, 1.1919e+00, 1.5309e-02, 
 2DIAGNOSTIC,    35, -6.464354983701e-01, 2.735364023052e-05, 1.1980e+00, 6.0401e-03, 
 2DIAGNOSTIC,    36, -6.464354983701e-01, 6.561987370354e-06, 1.2046e+00, 6.6409e-03, 
 2DIAGNOSTIC,    37, -6.464354983701e-01, 2.244505345007e-06, 1.2101e+00, 5.4250e-03, 
 2DIAGNOSTIC,    38, -6.464354983701e-01, 1.990755979557e-06, 1.2157e+00, 5.6231e-03, 
 2DIAGNOSTIC,    39, -6.464354983701e-01, 1.582334785512e-06, 1.2211e+00, 5.4481e-03, 
 2DIAGNOSTIC,    40, -6.464354983701e-01, 1.698170749766e-06, 1.2271e+00, 6.0191e-03, 
DIAGNOSTIC,Iteration,metricValue,convergenceValue,ITERATION_TIME_INDEX,SINCE_LAST
 2DIAGNOSTIC,     1, -5.367244458396e-01, 1.797693134862e+308, 2.0761e+00, 8.4893e-01, 
 2DIAGNOSTIC,     2, -5.380313843154e-01, 1.797693134862e+308, 2.1108e+00, 3.4758e-02, 
 2DIAGNOSTIC,     3, -5.401731919196e-01, 1.797693134862e+308, 2.1464e+00, 3.5620e-02, 
 2DIAGNOSTIC,     4, -5.431881351337e-01, 1.797693134862e+308, 2.1800e+00, 3.3589e-02, 
 2DIAGNOSTIC,     5, -5.453557601050e-01, 1.797693134862e+308, 2.2119e+00, 3.1870e-02, 
 2DIAGNOSTIC,     6, -5.461088567589e-01, 1.797693134862e+308, 2.2439e+00, 3.1945e-02, 
 2DIAGNOSTIC,     7, -5.462086683259e-01, 1.797693134862e+308, 2.2790e+00, 3.5163e-02, 
 2DIAGNOSTIC,     8, -5.464869269908e-01, 1.797693134862e+308, 2.3182e+00, 3.9202e-02, 
 2DIAGNOSTIC,     9, -5.465850817090e-01, 1.797693134862e+308, 2.3613e+00, 4.3096e-02, 
 2DIAGNOSTIC,    10, -5.466464843907e-01, 1.224741144240e-03, 2.3929e+00, 3.1555e-02, 
 2DIAGNOSTIC,    11, -5.470487711134e-01, 8.391099134692e-04, 2.4295e+00, 3.6673e-02, 
 2DIAGNOSTIC,    12, -5.471758933385e-01, 5.053700898789e-04, 2.4644e+00, 3.4826e-02, 
 2DIAGNOSTIC,    13, -5.471428455596e-01, 2.604988029910e-04, 2.4957e+00, 3.1328e-02, 
 2DIAGNOSTIC,    14, -5.471835672114e-01, 1.395636358615e-04, 2.5340e+00, 3.8290e-02, 
 2DIAGNOSTIC,    15, -5.472405829266e-01, 9.903708317892e-05, 2.5696e+00, 3.5609e-02, 
 2DIAGNOSTIC,    16, -5.472598768448e-01, 7.966175823995e-05, 2.6036e+00, 3.4034e-02, 
 2DIAGNOSTIC,    17, -5.472729364428e-01, 5.862736805169e-05, 2.6358e+00, 3.2129e-02, 
 2DIAGNOSTIC,    18, -5.473059245796e-01, 4.386270353828e-05, 2.6716e+00, 3.5798e-02, 
 2DIAGNOSTIC,    19, -5.473435924577e-01, 3.059168674167e-05, 2.7022e+00, 3.0625e-02, 
 2DIAGNOSTIC,    20, -5.474644645631e-01, 2.039755348995e-05, 2.7336e+00, 3.1455e-02, 
 2DIAGNOSTIC,    21, -5.476672301063e-01, 2.427778589071e-05, 2.7655e+00, 3.1876e-02, 
 2DIAGNOSTIC,    22, -5.482405858641e-01, 4.222052871428e-05, 2.8138e+00, 4.8297e-02, 
 2DIAGNOSTIC,    23, -5.482883020283e-01, 5.482211519647e-05, 2.8495e+00, 3.5661e-02, 
 2DIAGNOSTIC,    24, -5.483174317807e-01, 6.301602214015e-05, 2.8791e+00, 2.9621e-02, 
 2DIAGNOSTIC,    25, -5.482954936546e-01, 6.562166445111e-05, 2.9148e+00, 3.5678e-02, 
 2DIAGNOSTIC,    26, -5.482908944917e-01, 6.219661265468e-05, 2.9487e+00, 3.3904e-02, 
 2DIAGNOSTIC,    27, -5.482929914358e-01, 5.340712902582e-05, 2.9792e+00, 3.0569e-02, 
 2DIAGNOSTIC,    28, -5.482861425561e-01, 4.081107951380e-05, 3.0136e+00, 3.4382e-02, 
 2DIAGNOSTIC,    29, -5.482735819923e-01, 2.593281701026e-05, 3.0474e+00, 3.3766e-02, 
 2DIAGNOSTIC,    30, -5.483198854238e-01, 1.264381545467e-05, 3.0918e+00, 4.4404e-02, 
 2DIAGNOSTIC,    31, -5.482930786781e-01, 1.789228004992e-06, 3.1255e+00, 3.3662e-02, 
DIAGNOSTIC,Iteration,metricValue,convergenceValue,ITERATION_TIME_INDEX,SINCE_LAST
 2DIAGNOSTIC,     1, -4.662378213464e-01, 1.797693134862e+308, 4.2313e+00, 1.1058e+00, 
 2DIAGNOSTIC,     2, -4.664224829311e-01, 1.797693134862e+308, 4.5033e+00, 2.7204e-01, 
 2DIAGNOSTIC,     3, -4.665513786280e-01, 1.797693134862e+308, 4.7590e+00, 2.5567e-01, 
 2DIAGNOSTIC,     4, -4.666538113753e-01, 1.797693134862e+308, 5.0135e+00, 2.5448e-01, 
 2DIAGNOSTIC,     5, -4.667429525231e-01, 1.797693134862e+308, 5.2633e+00, 2.4983e-01, 
 2DIAGNOSTIC,     6, -4.668835227605e-01, 1.797693134862e+308, 5.5245e+00, 2.6119e-01, 
 2DIAGNOSTIC,     7, -4.673059651241e-01, 1.797693134862e+308, 5.7993e+00, 2.7482e-01, 
 2DIAGNOSTIC,     8, -4.674348637399e-01, 1.797693134862e+308, 6.2005e+00, 4.0121e-01, 
 2DIAGNOSTIC,     9, -4.674483314191e-01, 1.797693134862e+308, 6.4277e+00, 2.2714e-01, 
 2DIAGNOSTIC,    10, -4.674386207501e-01, 1.885290763190e-04, 6.7200e+00, 2.9238e-01, 
 2DIAGNOSTIC,    11, -4.674401610646e-01, 1.546895626275e-04, 7.0260e+00, 3.0594e-01, 
 2DIAGNOSTIC,    12, -4.674393998477e-01, 1.217516940199e-04, 7.3374e+00, 3.1137e-01, 
 2DIAGNOSTIC,    13, -4.674385279021e-01, 8.896190750962e-05, 7.5849e+00, 2.4755e-01, 
 2DIAGNOSTIC,    14, -4.674366858752e-01, 5.760944199086e-05, 7.8714e+00, 2.8647e-01, 
 2DIAGNOSTIC,    15, -4.674367332036e-01, 2.914075398758e-05, 8.1032e+00, 2.3185e-01, 
 2DIAGNOSTIC,    16, -4.674358510192e-01, 6.673448981032e-06, 8.3903e+00, 2.8705e-01, 
 2DIAGNOSTIC,    17, -4.674349417305e-01, 1.374392848537e-06, 8.6392e+00, 2.4893e-01, 
 2DIAGNOSTIC,    18, -4.674350249425e-01, 1.055275386151e-06, 8.9122e+00, 2.7296e-01, 
 2DIAGNOSTIC,    19, -4.674341654612e-01, 1.248878619312e-06, 9.1762e+00, 2.6399e-01, 
 2DIAGNOSTIC,    20, -4.674333521330e-01, 1.141165317464e-06, 9.4229e+00, 2.4679e-01, 
 2DIAGNOSTIC,    21, -4.674316765694e-01, 1.082135671064e-06, 9.6852e+00, 2.6225e-01, 
 2DIAGNOSTIC,    22, -4.674309226688e-01, 1.028320620516e-06, 9.9463e+00, 2.6113e-01, 
 2DIAGNOSTIC,    23, -4.674332122104e-01, 1.056671889675e-06, 1.0203e+01, 2.5671e-01, 
 2DIAGNOSTIC,    24, -4.674357181271e-01, 1.127314148197e-06, 1.0461e+01, 2.5829e-01, 
 2DIAGNOSTIC,    25, -4.674371974396e-01, 1.247682142901e-06, 1.0731e+01, 2.6948e-01, 
 2DIAGNOSTIC,    26, -4.674369427762e-01, 1.336262364870e-06, 1.1045e+01, 3.1428e-01, 
 2DIAGNOSTIC,    27, -4.674391832971e-01, 1.438824926786e-06, 1.1312e+01, 2.6686e-01, 
 2DIAGNOSTIC,    28, -4.674365058945e-01, 1.450976884754e-06, 1.1556e+01, 2.4431e-01, 
 2DIAGNOSTIC,    29, -4.674368363168e-01, 1.422204993155e-06, 1.1829e+01, 2.7247e-01, 
 2DIAGNOSTIC,    30, -4.674352093372e-01, 1.315922383706e-06, 1.2092e+01, 2.6374e-01, 
 2DIAGNOSTIC,    31, -4.674354631542e-01, 1.166159052116e-06, 1.2325e+01, 2.3221e-01, 
 2DIAGNOSTIC,    32, -4.674357519911e-01, 1.002554020475e-06, 1.2615e+01, 2.9001e-01, 
DIAGNOSTIC,Iteration,metricValue,convergenceValue,ITERATION_TIME_INDEX,SINCE_LAST
 2DIAGNOSTIC,     1, -4.256749817685e-01, 1.797693134862e+308, 1.5135e+01, 2.5202e+00, 
 2DIAGNOSTIC,     2, -4.257695057915e-01, 1.797693134862e+308, 1.6558e+01, 1.4231e+00, 
 2DIAGNOSTIC,     3, -4.258606709373e-01, 1.797693134862e+308, 1.7952e+01, 1.3938e+00, 
 2DIAGNOSTIC,     4, -4.260324475473e-01, 1.797693134862e+308, 1.9395e+01, 1.4434e+00, 
 2DIAGNOSTIC,     5, -4.260523601688e-01, 1.797693134862e+308, 2.2110e+01, 2.7152e+00, 
 2DIAGNOSTIC,     6, -4.260611013829e-01, 1.797693134862e+308, 2.3976e+01, 1.8652e+00, 
 2DIAGNOSTIC,     7, -4.260595608827e-01, 1.797693134862e+308, 2.5651e+01, 1.6752e+00, 
 2DIAGNOSTIC,     8, -4.260582826352e-01, 1.797693134862e+308, 2.7210e+01, 1.5595e+00, 
 2DIAGNOSTIC,     9, -4.260575805747e-01, 1.797693134862e+308, 2.9242e+01, 2.0316e+00, 
 2DIAGNOSTIC,    10, -4.260575121223e-01, 5.569421868912e-05, 3.0952e+01, 1.7097e+00, 
 2DIAGNOSTIC,    11, -4.260574282640e-01, 3.200792007677e-05, 3.2484e+01, 1.5320e+00, 
 2DIAGNOSTIC,    12, -4.260572628945e-01, 1.489287598611e-05, 3.3972e+01, 1.4884e+00, 
 2DIAGNOSTIC,    13, -4.260571734196e-01, 3.748649616636e-06, 3.5724e+01, 1.7523e+00, 
 2DIAGNOSTIC,    14, -4.260571545894e-01, 2.240996606340e-06, 3.7313e+01, 1.5884e+00, 
 2DIAGNOSTIC,    15, -4.260570026424e-01, 1.803308185042e-06, 3.8821e+01, 1.5078e+00, 
 2DIAGNOSTIC,    16, -4.260567837169e-01, 1.805752865486e-06, 4.0542e+01, 1.7215e+00, 
 2DIAGNOSTIC,    17, -4.260568590739e-01, 1.768583412193e-06, 4.2100e+01, 1.5581e+00, 
 2DIAGNOSTIC,    18, -4.260565757945e-01, 1.687644241952e-06, 4.3711e+01, 1.6107e+00, 
 2DIAGNOSTIC,    19, -4.260566195945e-01, 1.599677858691e-06, 4.5448e+01, 1.7370e+00, 
 2DIAGNOSTIC,    20, -4.260566766847e-01, 1.527038101842e-06, 4.6966e+01, 1.5186e+00, 
 2DIAGNOSTIC,    21, -4.260565390359e-01, 1.460258498016e-06, 4.8543e+01, 1.5762e+00, 
 2DIAGNOSTIC,    22, -4.260564006038e-01, 1.395616862056e-06, 5.0066e+01, 1.5231e+00, 
 2DIAGNOSTIC,    23, -4.260565087243e-01, 1.341933419920e-06, 5.1839e+01, 1.7731e+00, 
 2DIAGNOSTIC,    24, -4.260564743406e-01, 1.295000123434e-06, 5.3381e+01, 1.5426e+00, 
 2DIAGNOSTIC,    25, -4.260565876780e-01, 1.253710934394e-06, 5.5141e+01, 1.7598e+00, 
 2DIAGNOSTIC,    26, -4.260564834298e-01, 1.208967433108e-06, 5.6697e+01, 1.5562e+00, 
 2DIAGNOSTIC,    27, -4.260564478462e-01, 1.170286108208e-06, 5.8404e+01, 1.7063e+00, 
 2DIAGNOSTIC,    28, -4.260565543248e-01, 1.130848531497e-06, 6.0005e+01, 1.6011e+00, 
 2DIAGNOSTIC,    29, -4.260563495424e-01, 1.090676207745e-06, 6.1607e+01, 1.6017e+00, 
 2DIAGNOSTIC,    30, -4.260564504880e-01, 1.057496494324e-06, 6.3335e+01, 1.7288e+00, 
 2DIAGNOSTIC,    31, -4.260561843442e-01, 1.018098531633e-06, 6.4891e+01, 1.5558e+00, 
  Elapsed time (stage 0): 6.5742e+01


Total elapsed time: 6.5745e+01
Info [verificarlo]: loaded backend libinterflop_ieee.so
Info [interflop-ieee]: load backend with:
Info [interflop-ieee]: debug = false
Info [interflop-ieee]: debug-binary = false
Info [interflop-ieee]: no-backend-name = false
Info [interflop-ieee]: print-new-line = false
Info [interflop-ieee]: print-subnormal-normalized = false
Info [interflop-ieee]: count-op = false
All_Command_lines_OK
Using double precision for computations.
=============================================================================
The composite transform comprises the following transforms (in order): 
  1. /home/mdugre/scratch/mri-registration-rp/datasets/ds004513/derivatives/mri-registration-rp/0001/antsRegistration-r8-p21/sub-s033/rigid_Composite.h5[0] (type = Euler3DTransform)
  2. /home/mdugre/scratch/mri-registration-rp/datasets/ds004513/derivatives/mri-registration-rp/0001/antsRegistration-r8-p21/sub-s033/rigid_Composite.h5[1] (type = Euler3DTransform)
  3. /home/mdugre/scratch/mri-registration-rp/datasets/ds004513/derivatives/mri-registration-rp/0001/antsRegistration-r8-p21/sub-s033/rigid_Composite.h5[2] (type = Euler3DTransform)
=============================================================================
  number of levels = 4
  fixed image: /templateflow/tpl-MNI152NLin2009cAsym/tpl-MNI152NLin2009cAsym_res-01_desc-brain_T1w.nii.gz
  moving image: /home/mdugre/scratch/mri-registration-rp/datasets/ds004513/derivatives/mri-registration-rp/antsBrainExtraction/sub-s033/BrainExtractionBrain.nii.gz
Dimension = 3
Number of stages = 1
Use histogram matching = false
Winsorize image intensities = true
  Lower quantile = 0.005
  Upper quantile = 0.995


Stage 1 State
   Image metric = MattesMI
     Fixed image = Image (0x4a547e0)
  RTTI typeinfo:   itk::Image<double, 3u>
  Reference Count: 2
  Modified Time: 1592
  Debug: Off
  Object Name: 
  Observers: 
    none
  Source: (none)
  Source output name: (none)
  Release Data: Off
  Data Released: False
  Global Release Data: Off
  PipelineMTime: 0
  UpdateMTime: 1203
  RealTimeStamp: 0 seconds 
  LargestPossibleRegion: 
    Dimension: 3
    Index: [0, 0, 0]
    Size: [193, 229, 193]
  BufferedRegion: 
    Dimension: 3
    Index: [0, 0, 0]
    Size: [193, 229, 193]
  RequestedRegion: 
    Dimension: 3
    Index: [0, 0, 0]
    Size: [193, 229, 193]
  Spacing: [1, 1, 1]
  Origin: [96, 132, -78]
  Direction: 
-1 0 0
0 -1 0
0 0 1

  IndexToPointMatrix: 
-1 0 0
0 -1 0
0 0 1

  PointToIndexMatrix: 
-1 0 0
0 -1 0
0 0 1

  Inverse Direction: 
-1 0 0
0 -1 0
0 0 1

  PixelContainer: 
    ImportImageContainer (0x4b14a20)
      RTTI typeinfo:   itk::ImportImageContainer<unsigned long, double>
      Reference Count: 1
      Modified Time: 1200
      Debug: Off
      Object Name: 
      Observers: 
        none
      Pointer: 0x14b5b53b7010
      Container manages memory: true
      Size: 8530021
      Capacity: 8530021

     Moving image = Image (0x4b0fd70)
  RTTI typeinfo:   itk::Image<double, 3u>
  Reference Count: 2
  Modified Time: 1593
  Debug: Off
  Object Name: 
  Observers: 
    none
  Source: (none)
  Source output name: (none)
  Release Data: Off
  Data Released: False
  Global Release Data: Off
  PipelineMTime: 0
  UpdateMTime: 1590
  RealTimeStamp: 0 seconds 
  LargestPossibleRegion: 
    Dimension: 3
    Index: [0, 0, 0]
    Size: [160, 240, 256]
  BufferedRegion: 
    Dimension: 3
    Index: [0, 0, 0]
    Size: [160, 240, 256]
  RequestedRegion: 
    Dimension: 3
    Index: [0, 0, 0]
    Size: [160, 240, 256]
  Spacing: [1, 1, 1]
  Origin: [91.5134, 94.282, -109.927]
  Direction: 
-0.99591 -0.0698718 -0.0572835
0.0697565 -0.997556 0.00401236
-0.0574239 5.01125e-08 0.99835

  IndexToPointMatrix: 
-0.99591 -0.0698718 -0.0572835
0.0697565 -0.997556 0.00401236
-0.0574239 5.01125e-08 0.99835

  PointToIndexMatrix: 
-0.99591 0.0697565 -0.0574239
-0.0698718 -0.997556 5.01483e-08
-0.0572835 0.00401236 0.99835

  Inverse Direction: 
-0.99591 0.0697565 -0.0574239
-0.0698718 -0.997556 5.01483e-08
-0.0572835 0.00401236 0.99835

  PixelContainer: 
    ImportImageContainer (0x4ac7c90)
      RTTI typeinfo:   itk::ImportImageContainer<unsigned long, double>
      Reference Count: 1
      Modified Time: 1587
      Debug: Off
      Object Name: 
      Observers: 
        none
      Pointer: 0x14b5b08b6010
      Container manages memory: true
      Size: 9830400
      Capacity: 9830400

     Weighting = 1
     Sampling strategy = regular
     Number of bins = 32
     Radius = 4
     Sampling percentage  = 0.25
   Transform = Affine
     Gradient step = 0.1
     Update field sigma (voxel space) = 0
     Total field sigma (voxel space) = 0
     Update field time sigma = 0
     Total field time sigma  = 0
     Number of time indices = 0
     Number of time point samples = 0
Registration using 1 total stages.

Stage 0
  iterations = 1000x500x250x100
  convergence threshold = 1e-06
  convergence window size = 10
  number of levels = 4
  using the Mattes MI metric (number of bins = 32, weight = 1, use gradient filter = 0)
  preprocessing:  winsorizing the image intensities
  Shrink factors (level 1 out of 4): [8, 8, 8]
  Shrink factors (level 2 out of 4): [4, 4, 4]
  Shrink factors (level 3 out of 4): [2, 2, 2]
  Shrink factors (level 4 out of 4): [1, 1, 1]
  smoothing sigmas per level: [3, 2, 1, 0]
  regular sampling (percentage = 0.25)

*** Running AffineTransform registration ***

DIAGNOSTIC,Iteration,metricValue,convergenceValue,ITERATION_TIME_INDEX,SINCE_LAST
 2DIAGNOSTIC,     1, -6.365736667954e-01, 1.797693134862e+308, 7.6439e-01, 7.6439e-01, 
 2DIAGNOSTIC,     2, -6.391589150535e-01, 1.797693134862e+308, 7.6935e-01, 4.9629e-03, 
 2DIAGNOSTIC,     3, -6.433716019663e-01, 1.797693134862e+308, 7.7500e-01, 5.6491e-03, 
 2DIAGNOSTIC,     4, -6.509778277268e-01, 1.797693134862e+308, 7.8065e-01, 5.6520e-03, 
 2DIAGNOSTIC,     5, -6.629587264385e-01, 1.797693134862e+308, 7.8540e-01, 4.7529e-03, 
 2DIAGNOSTIC,     6, -6.850432370701e-01, 1.797693134862e+308, 7.9083e-01, 5.4300e-03, 
 2DIAGNOSTIC,     7, -7.187502906044e-01, 1.797693134862e+308, 7.9753e-01, 6.6948e-03, 
 2DIAGNOSTIC,     8, -8.328059034271e-01, 1.797693134862e+308, 8.0453e-01, 6.9962e-03, 
 2DIAGNOSTIC,     9, -8.661055236118e-01, 1.797693134862e+308, 8.1032e-01, 5.7931e-03, 
 2DIAGNOSTIC,    10, -8.886919449401e-01, 2.434209878719e-02, 8.1875e-01, 8.4360e-03, 
 2DIAGNOSTIC,    11, -8.997738343924e-01, 2.486997591022e-02, 8.2525e-01, 6.5000e-03, 
 2DIAGNOSTIC,    12, -9.068459111088e-01, 2.337547510233e-02, 8.3114e-01, 5.8830e-03, 
 2DIAGNOSTIC,    13, -9.074170726110e-01, 2.016635795780e-02, 8.3683e-01, 5.6891e-03, 
 2DIAGNOSTIC,    14, -9.074133629376e-01, 1.587689388964e-02, 8.4289e-01, 6.0580e-03, 
 2DIAGNOSTIC,    15, -9.077648777744e-01, 1.114398919233e-02, 8.4796e-01, 5.0719e-03, 
 2DIAGNOSTIC,    16, -9.077003452804e-01, 6.587023159562e-03, 8.5366e-01, 5.7080e-03, 
 2DIAGNOSTIC,    17, -9.073160316349e-01, 2.681088561117e-03, 8.6019e-01, 6.5250e-03, 
 2DIAGNOSTIC,    18, -9.071922502020e-01, 1.245771295567e-03, 8.6538e-01, 5.1930e-03, 
 2DIAGNOSTIC,    19, -9.073564429534e-01, 4.760463788442e-04, 8.7045e-01, 5.0690e-03, 
 2DIAGNOSTIC,    20, -9.076704046188e-01, 1.435818702874e-04, 8.7664e-01, 6.1879e-03, 
 2DIAGNOSTIC,    21, -9.075250638471e-01, 1.043196368544e-05, 8.9201e-01, 1.5368e-02, 
DIAGNOSTIC,Iteration,metricValue,convergenceValue,ITERATION_TIME_INDEX,SINCE_LAST
 2DIAGNOSTIC,     1, -7.448105587374e-01, 1.797693134862e+308, 1.6899e+00, 7.9786e-01, 
 2DIAGNOSTIC,     2, -7.453713979344e-01, 1.797693134862e+308, 1.7302e+00, 4.0377e-02, 
 2DIAGNOSTIC,     3, -7.461044862054e-01, 1.797693134862e+308, 1.7735e+00, 4.3248e-02, 
 2DIAGNOSTIC,     4, -7.469856301330e-01, 1.797693134862e+308, 1.8131e+00, 3.9622e-02, 
 2DIAGNOSTIC,     5, -7.479608036541e-01, 1.797693134862e+308, 1.8621e+00, 4.8995e-02, 
 2DIAGNOSTIC,     6, -7.485567340963e-01, 1.797693134862e+308, 1.9951e+00, 1.3300e-01, 
 2DIAGNOSTIC,     7, -7.485567306677e-01, 1.797693134862e+308, 2.0410e+00, 4.5845e-02, 
 2DIAGNOSTIC,     8, -7.485567476214e-01, 1.797693134862e+308, 2.0863e+00, 4.5352e-02, 
 2DIAGNOSTIC,     9, -7.485567762833e-01, 1.797693134862e+308, 2.1258e+00, 3.9521e-02, 
 2DIAGNOSTIC,    10, -7.485568247312e-01, 3.485661791667e-04, 2.1680e+00, 4.2136e-02, 
 2DIAGNOSTIC,    11, -7.485569066229e-01, 2.347959408571e-04, 2.2069e+00, 3.8892e-02, 
 2DIAGNOSTIC,    12, -7.485570449491e-01, 1.370966478041e-04, 2.2481e+00, 4.1227e-02, 
 2DIAGNOSTIC,    13, -7.485572784193e-01, 6.364001738826e-05, 2.3010e+00, 5.2953e-02, 
 2DIAGNOSTIC,    14, -7.485576717853e-01, 1.850061414840e-05, 2.3464e+00, 4.5389e-02, 
 2DIAGNOSTIC,    15, -7.485583368705e-01, 2.197250859370e-06, 2.3848e+00, 3.8401e-02, 
 2DIAGNOSTIC,    16, -7.485594571670e-01, 2.108285462071e-06, 2.4330e+00, 4.8203e-02, 
 2DIAGNOSTIC,    17, -7.485613268403e-01, 2.060169678464e-06, 2.4713e+00, 3.8289e-02, 
 2DIAGNOSTIC,    18, -7.485644349431e-01, 2.065356793646e-06, 2.5111e+00, 3.9742e-02, 
 2DIAGNOSTIC,    19, -7.485694800712e-01, 2.142854064094e-06, 2.5599e+00, 4.8870e-02, 
 2DIAGNOSTIC,    20, -7.485608858282e-01, 2.005114417863e-06, 2.6026e+00, 4.2659e-02, 
 2DIAGNOSTIC,    21, -7.485555545815e-01, 1.753065264926e-06, 2.6504e+00, 4.7844e-02, 
 2DIAGNOSTIC,    22, -7.485626880735e-01, 1.628979374189e-06, 2.6908e+00, 4.0403e-02, 
 2DIAGNOSTIC,    23, -7.485592139922e-01, 1.437337595889e-06, 2.7362e+00, 4.5398e-02, 
 2DIAGNOSTIC,    24, -7.485727310314e-01, 1.477798588861e-06, 2.7780e+00, 4.1738e-02, 
 2DIAGNOSTIC,    25, -7.485701205169e-01, 1.469332194581e-06, 2.8127e+00, 3.4732e-02, 
 2DIAGNOSTIC,    26, -7.485584198442e-01, 1.293484251749e-06, 2.8556e+00, 4.2879e-02, 
 2DIAGNOSTIC,    27, -7.485921688778e-01, 1.629048127998e-06, 2.8942e+00, 3.8665e-02, 
 2DIAGNOSTIC,    28, -7.485883830470e-01, 1.868581281109e-06, 2.9287e+00, 3.4456e-02, 
 2DIAGNOSTIC,    29, -7.485898265053e-01, 2.112932380491e-06, 2.9678e+00, 3.9141e-02, 
 2DIAGNOSTIC,    30, -7.485978087245e-01, 2.245863604804e-06, 3.0052e+00, 3.7320e-02, 
 2DIAGNOSTIC,    31, -7.486261241966e-01, 2.536992303917e-06, 3.0447e+00, 3.9549e-02, 
 2DIAGNOSTIC,    32, -7.486298283260e-01, 2.783806321086e-06, 3.0902e+00, 4.5482e-02, 
 2DIAGNOSTIC,    33, -7.486285609844e-01, 2.787766531703e-06, 3.1343e+00, 4.4127e-02, 
 2DIAGNOSTIC,    34, -7.486072319398e-01, 2.542152726839e-06, 3.1729e+00, 3.8561e-02, 
 2DIAGNOSTIC,    35, -7.486330234068e-01, 2.421348607992e-06, 3.2178e+00, 4.4916e-02, 
 2DIAGNOSTIC,    36, -7.486575794987e-01, 2.272435044075e-06, 3.2575e+00, 3.9666e-02, 
 2DIAGNOSTIC,    37, -7.486589227701e-01, 2.353040978245e-06, 3.3016e+00, 4.4173e-02, 
 2DIAGNOSTIC,    38, -7.486822876137e-01, 2.495723022276e-06, 3.3504e+00, 4.8766e-02, 
 2DIAGNOSTIC,    39, -7.486932370627e-01, 2.595571670944e-06, 3.3956e+00, 4.5186e-02, 
 2DIAGNOSTIC,    40, -7.486883409356e-01, 2.538198489721e-06, 3.4363e+00, 4.0744e-02, 
 2DIAGNOSTIC,    41, -7.486658340881e-01, 2.368073467197e-06, 3.4961e+00, 5.9732e-02, 
 2DIAGNOSTIC,    42, -7.486588125386e-01, 2.030932528329e-06, 3.5342e+00, 3.8169e-02, 
 2DIAGNOSTIC,    43, -7.486515043723e-01, 1.518572536392e-06, 3.5781e+00, 4.3865e-02, 
DIAGNOSTIC,Iteration,metricValue,convergenceValue,ITERATION_TIME_INDEX,SINCE_LAST
 2DIAGNOSTIC,     1, -6.325217418146e-01, 1.797693134862e+308, 4.7500e+00, 1.1719e+00, 
 2DIAGNOSTIC,     2, -6.331130992001e-01, 1.797693134862e+308, 5.0359e+00, 2.8583e-01, 
 2DIAGNOSTIC,     3, -6.337801436573e-01, 1.797693134862e+308, 5.3201e+00, 2.8423e-01, 
 2DIAGNOSTIC,     4, -6.346156664935e-01, 1.797693134862e+308, 5.5982e+00, 2.7812e-01, 
 2DIAGNOSTIC,     5, -6.367512824210e-01, 1.797693134862e+308, 6.0175e+00, 4.1926e-01, 
 2DIAGNOSTIC,     6, -6.378306597420e-01, 1.797693134862e+308, 6.3730e+00, 3.5552e-01, 
 2DIAGNOSTIC,     7, -6.378682028378e-01, 1.797693134862e+308, 6.7714e+00, 3.9839e-01, 
 2DIAGNOSTIC,     8, -6.378670144408e-01, 1.797693134862e+308, 7.1195e+00, 3.4813e-01, 
 2DIAGNOSTIC,     9, -6.378659947286e-01, 1.797693134862e+308, 7.5858e+00, 4.6627e-01, 
 2DIAGNOSTIC,    10, -6.378688804558e-01, 6.317209893954e-04, 7.8647e+00, 2.7890e-01, 
 2DIAGNOSTIC,    11, -6.378675689126e-01, 4.551539320892e-04, 8.2195e+00, 3.5479e-01, 
 2DIAGNOSTIC,    12, -6.378643681257e-01, 2.902232008467e-04, 8.5682e+00, 3.4871e-01, 
 2DIAGNOSTIC,    13, -6.378640045310e-01, 1.483312594768e-04, 8.9305e+00, 3.6231e-01, 
 2DIAGNOSTIC,    14, -6.378608270463e-01, 3.852944092954e-05, 9.2305e+00, 3.0002e-01, 
 2DIAGNOSTIC,    15, -6.378593787607e-01, 2.695818934431e-06, 9.5561e+00, 3.2560e-01, 
 2DIAGNOSTIC,    16, -6.378602577410e-01, 1.404508300662e-06, 9.9062e+00, 3.5005e-01, 
 2DIAGNOSTIC,    17, -6.378588916382e-01, 1.270162779593e-06, 1.0227e+01, 3.2076e-01, 
 2DIAGNOSTIC,    18, -6.378584228904e-01, 1.167944818664e-06, 1.0575e+01, 3.4794e-01, 
 2DIAGNOSTIC,    19, -6.378576155717e-01, 1.087527202778e-06, 1.0961e+01, 3.8639e-01, 
 2DIAGNOSTIC,    20, -6.378572328250e-01, 1.126232930644e-06, 1.1322e+01, 3.6113e-01, 
 2DIAGNOSTIC,    21, -6.378575666274e-01, 1.184464255108e-06, 1.1656e+01, 3.3408e-01, 
 2DIAGNOSTIC,    22, -6.378596559833e-01, 1.244723094630e-06, 1.2006e+01, 3.4919e-01, 
 2DIAGNOSTIC,    23, -6.378576409016e-01, 1.273415476809e-06, 1.2317e+01, 3.1151e-01, 
 2DIAGNOSTIC,    24, -6.378567546072e-01, 1.237124386190e-06, 1.2676e+01, 3.5928e-01, 
 2DIAGNOSTIC,    25, -6.378541997051e-01, 1.140645292899e-06, 1.2957e+01, 2.8067e-01, 
 2DIAGNOSTIC,    26, -6.378518468062e-01, 1.039489364370e-06, 1.3258e+01, 3.0047e-01, 
DIAGNOSTIC,Iteration,metricValue,convergenceValue,ITERATION_TIME_INDEX,SINCE_LAST
 2DIAGNOSTIC,     1, -5.637460316223e-01, 1.797693134862e+308, 1.6091e+01, 2.8338e+00, 
 2DIAGNOSTIC,     2, -5.638477191627e-01, 1.797693134862e+308, 1.8211e+01, 2.1198e+00, 
 2DIAGNOSTIC,     3, -5.638588099885e-01, 1.797693134862e+308, 2.0386e+01, 2.1753e+00, 
 2DIAGNOSTIC,     4, -5.638576096439e-01, 1.797693134862e+308, 2.2343e+01, 1.9567e+00, 
 2DIAGNOSTIC,     5, -5.638592796909e-01, 1.797693134862e+308, 2.4710e+01, 2.3674e+00, 
 2DIAGNOSTIC,     6, -5.638588700203e-01, 1.797693134862e+308, 2.6810e+01, 2.0996e+00, 
 2DIAGNOSTIC,     7, -5.638582347402e-01, 1.797693134862e+308, 2.9668e+01, 2.8579e+00, 
 2DIAGNOSTIC,     8, -5.638583259252e-01, 1.797693134862e+308, 3.1591e+01, 1.9233e+00, 
 2DIAGNOSTIC,     9, -5.638582705366e-01, 1.797693134862e+308, 3.3707e+01, 2.1155e+00, 
 2DIAGNOSTIC,    10, -5.638582187878e-01, 9.294660207271e-06, 3.5672e+01, 1.9650e+00, 
 2DIAGNOSTIC,    11, -5.638580204911e-01, 3.336306331814e-06, 3.7609e+01, 1.9375e+00, 
 2DIAGNOSTIC,    12, -5.638578402450e-01, 2.582801113746e-06, 4.0008e+01, 2.3986e+00, 
 2DIAGNOSTIC,    13, -5.638578915134e-01, 2.385357167331e-06, 4.2199e+01, 2.1915e+00, 
 2DIAGNOSTIC,    14, -5.638577902285e-01, 2.172356960956e-06, 4.3926e+01, 1.7264e+00, 
 2DIAGNOSTIC,    15, -5.638577201662e-01, 2.050903100764e-06, 4.5804e+01, 1.8780e+00, 
 2DIAGNOSTIC,    16, -5.638576500803e-01, 1.936681065809e-06, 4.7503e+01, 1.6989e+00, 
 2DIAGNOSTIC,    17, -5.638573397888e-01, 1.812568679503e-06, 4.9524e+01, 2.0218e+00, 
 2DIAGNOSTIC,    18, -5.638575239281e-01, 1.715506954152e-06, 5.1277e+01, 1.7530e+00, 
 2DIAGNOSTIC,    19, -5.638575417808e-01, 1.632136268692e-06, 5.3192e+01, 1.9147e+00, 
 2DIAGNOSTIC,    20, -5.638576185366e-01, 1.561715091539e-06, 5.5377e+01, 2.1852e+00, 
 2DIAGNOSTIC,    21, -5.638576950243e-01, 1.497946143063e-06, 5.7510e+01, 2.1330e+00, 
 2DIAGNOSTIC,    22, -5.638574778153e-01, 1.432439400678e-06, 5.9742e+01, 2.2313e+00, 
 2DIAGNOSTIC,    23, -5.638572163771e-01, 1.369444325723e-06, 6.2410e+01, 2.6686e+00, 
 2DIAGNOSTIC,    24, -5.638570325165e-01, 1.307005441126e-06, 6.4555e+01, 2.1445e+00, 
 2DIAGNOSTIC,    25, -5.638569564803e-01, 1.248309202700e-06, 6.6599e+01, 2.0445e+00, 
 2DIAGNOSTIC,    26, -5.638568804043e-01, 1.193684083071e-06, 6.8518e+01, 1.9184e+00, 
 2DIAGNOSTIC,    27, -5.638567857131e-01, 1.138328036672e-06, 7.0282e+01, 1.7648e+00, 
 2DIAGNOSTIC,    28, -5.638567268733e-01, 1.093084420270e-06, 7.2015e+01, 1.7320e+00, 
 2DIAGNOSTIC,    29, -5.638568751612e-01, 1.057888849507e-06, 7.4178e+01, 2.1638e+00, 
 2DIAGNOSTIC,    30, -5.638570058072e-01, 1.031989358941e-06, 7.6231e+01, 2.0526e+00, 
 2DIAGNOSTIC,    31, -5.638569335576e-01, 1.010498436031e-06, 7.8208e+01, 1.9768e+00, 
  Elapsed time (stage 0): 7.9429e+01


Total elapsed time: 7.9433e+01
Info [verificarlo]: loaded backend libinterflop_vprec.so
Info [interflop-vprec]: load backend with: 
Info [interflop-vprec]: precision-binary32 = 21
Info [interflop-vprec]: range-binary32 = 8
Info [interflop-vprec]: precision-binary64 = 21
Info [interflop-vprec]: range-binary64 = 8
Info [interflop-vprec]: mode = ob
