
##########################
# Experiment information #
##########################

EXPERIMENT_NAME: antsRegistration-r8-p21
VFC_BACKENDS: libinterflop_vprec.so --range-binary32=8 --precision-binary32=21 --range-binary64=8 --precision-binary64=21

SIF_IMG: /home/mdugre/projects/rrg-glatard/mdugre/containers/ants-vprec-no_metrics.simg

SUBJECT_ID: s017
INPUT_IMG: /home/mdugre/scratch/mri-registration-rp/datasets/ds004513/derivatives/mri-registration-rp/antsBrainExtraction/sub-s017/BrainExtractionBrain.nii.gz
OUTPUT_DIR: /home/mdugre/scratch/mri-registration-rp/datasets/ds004513/derivatives/mri-registration-rp/0001/antsRegistration-r8-p21/sub-s017

FIXED_IMG: /templateflow/tpl-MNI152NLin2009cAsym/tpl-MNI152NLin2009cAsym_res-01_desc-brain_T1w.nii.gz
DATA_DIR: /home/mdugre/scratch/mri-registration-rp/datasets/ds004513
TEMPLATEFLOW_DIR: /home/mdugre/projects/rrg-glatard/mdugre/templateflow
ITK_GLOBAL_DEFAULT_NUMBER_OF_THREADS: 16
##########################

Info [verificarlo]: loaded backend libinterflop_ieee.so
Info [interflop-ieee]: load backend with:
Info [interflop-ieee]: debug = false
Info [interflop-ieee]: debug-binary = false
Info [interflop-ieee]: no-backend-name = false
Info [interflop-ieee]: print-new-line = false
Info [interflop-ieee]: print-subnormal-normalized = false
Info [interflop-ieee]: count-op = false
All_Command_lines_OK
Using double precision for computations.
=============================================================================
The composite transform comprises the following transforms (in order): 
  1. Center of mass alignment using fixed image: /templateflow/tpl-MNI152NLin2009cAsym/tpl-MNI152NLin2009cAsym_res-01_desc-brain_T1w.nii.gz and moving image: /home/mdugre/scratch/mri-registration-rp/datasets/ds004513/derivatives/mri-registration-rp/antsBrainExtraction/sub-s017/BrainExtractionBrain.nii.gz (type = Euler3DTransform)
=============================================================================
  number of levels = 1
  fixed image: /templateflow/tpl-MNI152NLin2009cAsym/tpl-MNI152NLin2009cAsym_res-01_desc-brain_T1w.nii.gz
  moving image: /home/mdugre/scratch/mri-registration-rp/datasets/ds004513/derivatives/mri-registration-rp/antsBrainExtraction/sub-s017/BrainExtractionBrain.nii.gz
Dimension = 3
Number of stages = 1
Use histogram matching = false
Winsorize image intensities = true
  Lower quantile = 0.005
  Upper quantile = 0.995


Stage 1 State
   Image metric = MattesMI
     Fixed image = Image (0x4f24e70)
  RTTI typeinfo:   itk::Image<double, 3u>
  Reference Count: 2
  Modified Time: 2334
  Debug: Off
  Object Name: 
  Observers: 
    none
  Source: (none)
  Source output name: (none)
  Release Data: Off
  Data Released: False
  Global Release Data: Off
  PipelineMTime: 0
  UpdateMTime: 1943
  RealTimeStamp: 0 seconds 
  LargestPossibleRegion: 
    Dimension: 3
    Index: [0, 0, 0]
    Size: [193, 229, 193]
  BufferedRegion: 
    Dimension: 3
    Index: [0, 0, 0]
    Size: [193, 229, 193]
  RequestedRegion: 
    Dimension: 3
    Index: [0, 0, 0]
    Size: [193, 229, 193]
  Spacing: [1, 1, 1]
  Origin: [96, 132, -78]
  Direction: 
-1 0 0
0 -1 0
0 0 1

  IndexToPointMatrix: 
-1 0 0
0 -1 0
0 0 1

  PointToIndexMatrix: 
-1 0 0
0 -1 0
0 0 1

  Inverse Direction: 
-1 0 0
0 -1 0
0 0 1

  PixelContainer: 
    ImportImageContainer (0x4f2dc60)
      RTTI typeinfo:   itk::ImportImageContainer<unsigned long, double>
      Reference Count: 1
      Modified Time: 1940
      Debug: Off
      Object Name: 
      Observers: 
        none
      Pointer: 0x14986d5c4010
      Container manages memory: true
      Size: 8530021
      Capacity: 8530021

     Moving image = Image (0x4f30610)
  RTTI typeinfo:   itk::Image<double, 3u>
  Reference Count: 2
  Modified Time: 2335
  Debug: Off
  Object Name: 
  Observers: 
    none
  Source: (none)
  Source output name: (none)
  Release Data: Off
  Data Released: False
  Global Release Data: Off
  PipelineMTime: 0
  UpdateMTime: 2332
  RealTimeStamp: 0 seconds 
  LargestPossibleRegion: 
    Dimension: 3
    Index: [0, 0, 0]
    Size: [160, 240, 256]
  BufferedRegion: 
    Dimension: 3
    Index: [0, 0, 0]
    Size: [160, 240, 256]
  RequestedRegion: 
    Dimension: 3
    Index: [0, 0, 0]
    Size: [160, 240, 256]
  Spacing: [1, 1, 1]
  Origin: [91.3357, 102.231, -120.042]
  Direction: 
-0.997442 -5.36781e-05 -0.0714818
5.35416e-05 -1 3.82465e-06
-0.0714818 -1.23894e-08 0.997442

  IndexToPointMatrix: 
-0.997444 -5.36781e-05 -0.0714818
5.35418e-05 -1 3.82465e-06
-0.0714819 -1.23894e-08 0.997442

  PointToIndexMatrix: 
-0.99744 5.35415e-05 -0.0714816
-5.36781e-05 -1 -1.23894e-08
-0.0714818 3.82465e-06 0.997442

  Inverse Direction: 
-0.997442 5.35416e-05 -0.0714818
-5.36781e-05 -1 -1.23894e-08
-0.0714818 3.82465e-06 0.997442

  PixelContainer: 
    ImportImageContainer (0x4fc9ef0)
      RTTI typeinfo:   itk::ImportImageContainer<unsigned long, double>
      Reference Count: 1
      Modified Time: 2329
      Debug: Off
      Object Name: 
      Observers: 
        none
      Pointer: 0x149868ac3010
      Container manages memory: true
      Size: 9830400
      Capacity: 9830400

     Weighting = 1
     Sampling strategy = regular
     Number of bins = 32
     Radius = 4
     Sampling percentage  = 0.25
   Transform = Rigid
     Gradient step = 0.1
     Update field sigma (voxel space) = 0
     Total field sigma (voxel space) = 0
     Update field time sigma = 0
     Total field time sigma  = 0
     Number of time indices = 0
     Number of time point samples = 0
Registration using 1 total stages.

Stage 0
  iterations = 0
  convergence threshold = 1e-06
  convergence window size = 10
  number of levels = 1
  using the Mattes MI metric (number of bins = 32, weight = 1, use gradient filter = 0)
  preprocessing:  winsorizing the image intensities
  Shrink factors (level 1 out of 1): [1, 1, 1]
  smoothing sigmas per level: [0]
  regular sampling (percentage = 0.25)

*** Running Euler3DTransform registration ***

  Elapsed time (stage 0): 1.11173


Total elapsed time: 1.11435
Info [verificarlo]: loaded backend libinterflop_ieee.so
Info [interflop-ieee]: load backend with:
Info [interflop-ieee]: debug = false
Info [interflop-ieee]: debug-binary = false
Info [interflop-ieee]: no-backend-name = false
Info [interflop-ieee]: print-new-line = false
Info [interflop-ieee]: print-subnormal-normalized = false
Info [interflop-ieee]: count-op = false
All_Command_lines_OK
Using double precision for computations.
=============================================================================
The composite transform comprises the following transforms (in order): 
  1. /home/mdugre/scratch/mri-registration-rp/datasets/ds004513/derivatives/mri-registration-rp/0001/antsRegistration-r8-p21/sub-s017/align_Composite.h5[0] (type = Euler3DTransform)
  2. /home/mdugre/scratch/mri-registration-rp/datasets/ds004513/derivatives/mri-registration-rp/0001/antsRegistration-r8-p21/sub-s017/align_Composite.h5[1] (type = Euler3DTransform)
=============================================================================
  number of levels = 4
  fixed image: /templateflow/tpl-MNI152NLin2009cAsym/tpl-MNI152NLin2009cAsym_res-01_desc-brain_T1w.nii.gz
  moving image: /home/mdugre/scratch/mri-registration-rp/datasets/ds004513/derivatives/mri-registration-rp/antsBrainExtraction/sub-s017/BrainExtractionBrain.nii.gz
Dimension = 3
Number of stages = 1
Use histogram matching = false
Winsorize image intensities = true
  Lower quantile = 0.005
  Upper quantile = 0.995


Stage 1 State
   Image metric = MattesMI
     Fixed image = Image (0x3426530)
  RTTI typeinfo:   itk::Image<double, 3u>
  Reference Count: 2
  Modified Time: 1580
  Debug: Off
  Object Name: 
  Observers: 
    none
  Source: (none)
  Source output name: (none)
  Release Data: Off
  Data Released: False
  Global Release Data: Off
  PipelineMTime: 0
  UpdateMTime: 1189
  RealTimeStamp: 0 seconds 
  LargestPossibleRegion: 
    Dimension: 3
    Index: [0, 0, 0]
    Size: [193, 229, 193]
  BufferedRegion: 
    Dimension: 3
    Index: [0, 0, 0]
    Size: [193, 229, 193]
  RequestedRegion: 
    Dimension: 3
    Index: [0, 0, 0]
    Size: [193, 229, 193]
  Spacing: [1, 1, 1]
  Origin: [96, 132, -78]
  Direction: 
-1 0 0
0 -1 0
0 0 1

  IndexToPointMatrix: 
-1 0 0
0 -1 0
0 0 1

  PointToIndexMatrix: 
-1 0 0
0 -1 0
0 0 1

  Inverse Direction: 
-1 0 0
0 -1 0
0 0 1

  PixelContainer: 
    ImportImageContainer (0x34e4d60)
      RTTI typeinfo:   itk::ImportImageContainer<unsigned long, double>
      Reference Count: 1
      Modified Time: 1186
      Debug: Off
      Object Name: 
      Observers: 
        none
      Pointer: 0x147eb4346010
      Container manages memory: true
      Size: 8530021
      Capacity: 8530021

     Moving image = Image (0x34d6f60)
  RTTI typeinfo:   itk::Image<double, 3u>
  Reference Count: 2
  Modified Time: 1581
  Debug: Off
  Object Name: 
  Observers: 
    none
  Source: (none)
  Source output name: (none)
  Release Data: Off
  Data Released: False
  Global Release Data: Off
  PipelineMTime: 0
  UpdateMTime: 1578
  RealTimeStamp: 0 seconds 
  LargestPossibleRegion: 
    Dimension: 3
    Index: [0, 0, 0]
    Size: [160, 240, 256]
  BufferedRegion: 
    Dimension: 3
    Index: [0, 0, 0]
    Size: [160, 240, 256]
  RequestedRegion: 
    Dimension: 3
    Index: [0, 0, 0]
    Size: [160, 240, 256]
  Spacing: [1, 1, 1]
  Origin: [91.3357, 102.231, -120.042]
  Direction: 
-0.997442 -5.36781e-05 -0.0714818
5.35416e-05 -1 3.82465e-06
-0.0714818 -1.23894e-08 0.997442

  IndexToPointMatrix: 
-0.997444 -5.36781e-05 -0.0714818
5.35418e-05 -1 3.82465e-06
-0.0714819 -1.23894e-08 0.997442

  PointToIndexMatrix: 
-0.99744 5.35415e-05 -0.0714816
-5.36781e-05 -1 -1.23894e-08
-0.0714818 3.82465e-06 0.997442

  Inverse Direction: 
-0.997442 5.35416e-05 -0.0714818
-5.36781e-05 -1 -1.23894e-08
-0.0714818 3.82465e-06 0.997442

  PixelContainer: 
    ImportImageContainer (0x34c86d0)
      RTTI typeinfo:   itk::ImportImageContainer<unsigned long, double>
      Reference Count: 1
      Modified Time: 1575
      Debug: Off
      Object Name: 
      Observers: 
        none
      Pointer: 0x147eaf845010
      Container manages memory: true
      Size: 9830400
      Capacity: 9830400

     Weighting = 1
     Sampling strategy = regular
     Number of bins = 32
     Radius = 4
     Sampling percentage  = 0.25
   Transform = Rigid
     Gradient step = 0.1
     Update field sigma (voxel space) = 0
     Total field sigma (voxel space) = 0
     Update field time sigma = 0
     Total field time sigma  = 0
     Number of time indices = 0
     Number of time point samples = 0
Registration using 1 total stages.

Stage 0
  iterations = 1000x500x250x100
  convergence threshold = 1e-06
  convergence window size = 10
  number of levels = 4
  using the Mattes MI metric (number of bins = 32, weight = 1, use gradient filter = 0)
  preprocessing:  winsorizing the image intensities
  Shrink factors (level 1 out of 4): [8, 8, 8]
  Shrink factors (level 2 out of 4): [4, 4, 4]
  Shrink factors (level 3 out of 4): [2, 2, 2]
  Shrink factors (level 4 out of 4): [1, 1, 1]
  smoothing sigmas per level: [3, 2, 1, 0]
  regular sampling (percentage = 0.25)

*** Running Euler3DTransform registration ***

DIAGNOSTIC,Iteration,metricValue,convergenceValue,ITERATION_TIME_INDEX,SINCE_LAST
 2DIAGNOSTIC,     1, -5.567767283252e-01, 1.797693134862e+308, 7.4338e-01, 7.4338e-01, 
 2DIAGNOSTIC,     2, -5.584239703569e-01, 1.797693134862e+308, 7.4864e-01, 5.2619e-03, 
 2DIAGNOSTIC,     3, -5.612715515272e-01, 1.797693134862e+308, 7.5291e-01, 4.2710e-03, 
 2DIAGNOSTIC,     4, -5.637780194106e-01, 1.797693134862e+308, 7.5750e-01, 4.5860e-03, 
 2DIAGNOSTIC,     5, -5.658229214212e-01, 1.797693134862e+308, 7.6198e-01, 4.4830e-03, 
 2DIAGNOSTIC,     6, -5.696445468689e-01, 1.797693134862e+308, 7.6675e-01, 4.7700e-03, 
 2DIAGNOSTIC,     7, -5.734118275242e-01, 1.797693134862e+308, 7.7136e-01, 4.6091e-03, 
 2DIAGNOSTIC,     8, -5.754533484979e-01, 1.797693134862e+308, 7.7759e-01, 6.2349e-03, 
 2DIAGNOSTIC,     9, -5.763021950250e-01, 1.797693134862e+308, 7.8186e-01, 4.2689e-03, 
 2DIAGNOSTIC,    10, -5.771142770255e-01, 2.558085388189e-03, 7.8773e-01, 5.8689e-03, 
 2DIAGNOSTIC,    11, -5.785125587612e-01, 2.176117873031e-03, 7.9232e-01, 4.5929e-03, 
 2DIAGNOSTIC,    12, -5.799413348090e-01, 1.786767970983e-03, 7.9760e-01, 5.2800e-03, 
 2DIAGNOSTIC,    13, -5.809477908980e-01, 1.443124036835e-03, 8.0291e-01, 5.3070e-03, 
 2DIAGNOSTIC,    14, -5.814655964876e-01, 1.127354078216e-03, 8.0797e-01, 5.0631e-03, 
 2DIAGNOSTIC,    15, -5.819093877219e-01, 8.331089413526e-04, 8.1298e-01, 5.0111e-03, 
 2DIAGNOSTIC,    16, -5.822326442998e-01, 6.258215683233e-04, 8.1808e-01, 5.0931e-03, 
 2DIAGNOSTIC,    17, -5.825793599843e-01, 5.040365830239e-04, 8.2317e-01, 5.0890e-03, 
 2DIAGNOSTIC,    18, -5.863713925916e-01, 5.095725576647e-04, 8.2814e-01, 4.9729e-03, 
 2DIAGNOSTIC,    19, -5.901617810168e-01, 5.855607354907e-04, 8.3636e-01, 8.2221e-03, 
 2DIAGNOSTIC,    20, -5.906016223816e-01, 6.286272500306e-04, 8.4230e-01, 5.9381e-03, 
 2DIAGNOSTIC,    21, -5.907365705866e-01, 6.467002963832e-04, 8.4734e-01, 5.0361e-03, 
 2DIAGNOSTIC,    22, -5.906256574994e-01, 6.330265936374e-04, 8.5238e-01, 5.0390e-03, 
 2DIAGNOSTIC,    23, -5.906307681710e-01, 5.816453055171e-04, 8.5688e-01, 4.5030e-03, 
 2DIAGNOSTIC,    24, -5.905636622010e-01, 4.878472529214e-04, 8.6129e-01, 4.4160e-03, 
 2DIAGNOSTIC,    25, -5.906024985370e-01, 3.662279783951e-04, 8.6626e-01, 4.9620e-03, 
 2DIAGNOSTIC,    26, -5.906025304324e-01, 2.276984665066e-04, 8.7063e-01, 4.3750e-03, 
 2DIAGNOSTIC,    27, -5.906211320574e-01, 8.394584288726e-05, 8.7526e-01, 4.6329e-03, 
 2DIAGNOSTIC,    28, -5.908796758313e-01, 1.198925031186e-05, 8.8022e-01, 4.9522e-03, 
 2DIAGNOSTIC,    29, -5.911411552395e-01, 1.217108543259e-05, 8.8582e-01, 5.5990e-03, 
 2DIAGNOSTIC,    30, -5.915241330962e-01, 2.456301684439e-05, 8.9250e-01, 6.6822e-03, 
 2DIAGNOSTIC,    31, -5.916229825993e-01, 3.758205306249e-05, 8.9690e-01, 4.4041e-03, 
 2DIAGNOSTIC,    32, -5.916651208817e-01, 4.532975449192e-05, 9.0133e-01, 4.4320e-03, 
 2DIAGNOSTIC,    33, -5.916874987632e-01, 4.885284294686e-05, 9.0595e-01, 4.6120e-03, 
 2DIAGNOSTIC,    34, -5.917053822200e-01, 4.682712858817e-05, 9.1112e-01, 5.1789e-03, 
 2DIAGNOSTIC,    35, -5.917390904868e-01, 4.153275817398e-05, 9.2339e-01, 1.2263e-02, 
 2DIAGNOSTIC,    36, -5.917390912695e-01, 3.272086429439e-05, 9.2795e-01, 4.5590e-03, 
 2DIAGNOSTIC,    37, -5.917391070342e-01, 2.163060314841e-05, 9.3258e-01, 4.6310e-03, 
 2DIAGNOSTIC,    38, -5.917391330930e-01, 1.245673595325e-05, 9.3733e-01, 4.7531e-03, 
 2DIAGNOSTIC,    39, -5.917391754735e-01, 5.801896389535e-06, 9.4176e-01, 4.4250e-03, 
 2DIAGNOSTIC,    40, -5.917392424311e-01, 3.643428651376e-06, 9.4635e-01, 4.5969e-03, 
 2DIAGNOSTIC,    41, -5.917393428829e-01, 2.487109298548e-06, 9.5077e-01, 4.4188e-03, 
 2DIAGNOSTIC,    42, -5.917394845334e-01, 1.715730317434e-06, 9.5518e-01, 4.4119e-03, 
 2DIAGNOSTIC,    43, -5.917396625587e-01, 1.144189314767e-06, 9.5975e-01, 4.5650e-03, 
DIAGNOSTIC,Iteration,metricValue,convergenceValue,ITERATION_TIME_INDEX,SINCE_LAST
 2DIAGNOSTIC,     1, -4.784004501421e-01, 1.797693134862e+308, 1.7059e+00, 7.4612e-01, 
 2DIAGNOSTIC,     2, -4.783999131490e-01, 1.797693134862e+308, 1.7380e+00, 3.2167e-02, 
 2DIAGNOSTIC,     3, -4.784190365427e-01, 1.797693134862e+308, 1.7725e+00, 3.4444e-02, 
 2DIAGNOSTIC,     4, -4.785028756513e-01, 1.797693134862e+308, 1.8053e+00, 3.2776e-02, 
 2DIAGNOSTIC,     5, -4.786647485433e-01, 1.797693134862e+308, 1.8380e+00, 3.2722e-02, 
 2DIAGNOSTIC,     6, -4.788099932962e-01, 1.797693134862e+308, 1.8707e+00, 3.2680e-02, 
 2DIAGNOSTIC,     7, -4.794645847219e-01, 1.797693134862e+308, 1.9034e+00, 3.2767e-02, 
 2DIAGNOSTIC,     8, -4.813619171751e-01, 1.797693134862e+308, 1.9472e+00, 4.3756e-02, 
 2DIAGNOSTIC,     9, -4.817935635328e-01, 1.797693134862e+308, 1.9832e+00, 3.5972e-02, 
 2DIAGNOSTIC,    10, -4.822647496897e-01, 5.583367504603e-04, 2.0167e+00, 3.3499e-02, 
 2DIAGNOSTIC,    11, -4.831344909908e-01, 6.366384574690e-04, 2.0528e+00, 3.6112e-02, 
 2DIAGNOSTIC,    12, -4.835768992578e-01, 6.653898034801e-04, 2.1048e+00, 5.2049e-02, 
 2DIAGNOSTIC,    13, -4.835677565323e-01, 6.290342968980e-04, 2.1459e+00, 4.1132e-02, 
 2DIAGNOSTIC,    14, -4.835733047840e-01, 5.452729207847e-04, 2.1901e+00, 4.4154e-02, 
 2DIAGNOSTIC,    15, -4.835701547251e-01, 4.305772095976e-04, 2.2260e+00, 3.5896e-02, 
 2DIAGNOSTIC,    16, -4.835566913006e-01, 2.956272804102e-04, 2.2636e+00, 3.7575e-02, 
 2DIAGNOSTIC,    17, -4.835523104088e-01, 1.703980275209e-04, 2.3002e+00, 3.6669e-02, 
 2DIAGNOSTIC,    18, -4.835483887833e-01, 1.058854946007e-04, 2.3329e+00, 3.2678e-02, 
 2DIAGNOSTIC,    19, -4.835469915472e-01, 5.203914176526e-05, 2.3682e+00, 3.5280e-02, 
 2DIAGNOSTIC,    20, -4.835401827381e-01, 1.204163307591e-05, 2.4081e+00, 3.9898e-02, 
DIAGNOSTIC,Iteration,metricValue,convergenceValue,ITERATION_TIME_INDEX,SINCE_LAST
 2DIAGNOSTIC,     1, -4.161561167872e-01, 1.797693134862e+308, 3.6174e+00, 1.2093e+00, 
 2DIAGNOSTIC,     2, -4.161756893438e-01, 1.797693134862e+308, 3.9520e+00, 3.3452e-01, 
 2DIAGNOSTIC,     3, -4.161696114508e-01, 1.797693134862e+308, 4.2224e+00, 2.7040e-01, 
 2DIAGNOSTIC,     4, -4.161681503552e-01, 1.797693134862e+308, 4.6666e+00, 4.4426e-01, 
 2DIAGNOSTIC,     5, -4.161678896601e-01, 1.797693134862e+308, 4.9570e+00, 2.9036e-01, 
 2DIAGNOSTIC,     6, -4.161669123584e-01, 1.797693134862e+308, 5.2482e+00, 2.9125e-01, 
 2DIAGNOSTIC,     7, -4.161667485642e-01, 1.797693134862e+308, 5.5062e+00, 2.5794e-01, 
 2DIAGNOSTIC,     8, -4.161656816014e-01, 1.797693134862e+308, 5.7337e+00, 2.2756e-01, 
 2DIAGNOSTIC,     9, -4.161650043537e-01, 1.797693134862e+308, 6.0438e+00, 3.1004e-01, 
 2DIAGNOSTIC,    10, -4.161655463813e-01, 2.943366600089e-06, 6.3686e+00, 3.2477e-01, 
 2DIAGNOSTIC,    11, -4.161636420994e-01, 1.720591492574e-06, 6.7344e+00, 3.6583e-01, 
 2DIAGNOSTIC,    12, -4.161624970808e-01, 1.867462473840e-06, 7.0569e+00, 3.2253e-01, 
 2DIAGNOSTIC,    13, -4.161615819743e-01, 1.698398061606e-06, 7.3512e+00, 2.9425e-01, 
 2DIAGNOSTIC,    14, -4.161624603294e-01, 1.592444846821e-06, 7.6273e+00, 2.7611e-01, 
 2DIAGNOSTIC,    15, -4.161620529812e-01, 1.530180435111e-06, 7.9304e+00, 3.0316e-01, 
 2DIAGNOSTIC,    16, -4.161603835105e-01, 1.417836916165e-06, 8.1851e+00, 2.5467e-01, 
 2DIAGNOSTIC,    17, -4.161625251480e-01, 1.455414115732e-06, 8.4745e+00, 2.8939e-01, 
 2DIAGNOSTIC,    18, -4.161617349624e-01, 1.453854859307e-06, 8.7408e+00, 2.6634e-01, 
 2DIAGNOSTIC,    19, -4.161656140593e-01, 1.594928500319e-06, 9.0750e+00, 3.3420e-01, 
 2DIAGNOSTIC,    20, -4.161678254529e-01, 1.821576323169e-06, 9.4948e+00, 4.1980e-01, 
 2DIAGNOSTIC,    21, -4.161672172259e-01, 1.924327021917e-06, 9.7733e+00, 2.7848e-01, 
 2DIAGNOSTIC,    22, -4.161665846122e-01, 1.927748308893e-06, 9.9981e+00, 2.2482e-01, 
 2DIAGNOSTIC,    23, -4.161660793965e-01, 1.843028033743e-06, 1.0251e+01, 2.5315e-01, 
 2DIAGNOSTIC,    24, -4.161655365532e-01, 1.730448866075e-06, 1.0511e+01, 2.5937e-01, 
 2DIAGNOSTIC,    25, -4.161651834946e-01, 1.568353732162e-06, 1.0753e+01, 2.4262e-01, 
 2DIAGNOSTIC,    26, -4.161660037665e-01, 1.368374529610e-06, 1.1062e+01, 3.0887e-01, 
 2DIAGNOSTIC,    27, -4.161651045496e-01, 1.203105052007e-06, 1.1310e+01, 2.4751e-01, 
 2DIAGNOSTIC,    28, -4.161679884897e-01, 1.097088642751e-06, 1.1580e+01, 2.7050e-01, 
 2DIAGNOSTIC,    29, -4.161710849647e-01, 1.162831220522e-06, 1.1851e+01, 2.7053e-01, 
 2DIAGNOSTIC,    30, -4.161703640305e-01, 1.250475695019e-06, 1.2129e+01, 2.7864e-01, 
 2DIAGNOSTIC,    31, -4.161708142910e-01, 1.313167811427e-06, 1.2513e+01, 3.8347e-01, 
 2DIAGNOSTIC,    32, -4.161710089263e-01, 1.336085268588e-06, 1.2800e+01, 2.8724e-01, 
 2DIAGNOSTIC,    33, -4.161749613447e-01, 1.395595231712e-06, 1.3144e+01, 3.4429e-01, 
 2DIAGNOSTIC,    34, -4.161777487503e-01, 1.452526297040e-06, 1.3445e+01, 3.0051e-01, 
 2DIAGNOSTIC,    35, -4.161792220175e-01, 1.478601713855e-06, 1.3783e+01, 3.3819e-01, 
 2DIAGNOSTIC,    36, -4.161806859645e-01, 1.495439420015e-06, 1.4091e+01, 3.0841e-01, 
 2DIAGNOSTIC,    37, -4.161791778422e-01, 1.407680672038e-06, 1.4382e+01, 2.9082e-01, 
 2DIAGNOSTIC,    38, -4.161838486864e-01, 1.406626878944e-06, 1.4783e+01, 4.0054e-01, 
 2DIAGNOSTIC,    39, -4.161849953097e-01, 1.422742183777e-06, 1.5142e+01, 3.5905e-01, 
 2DIAGNOSTIC,    40, -4.161860914887e-01, 1.386764643372e-06, 1.5576e+01, 4.3365e-01, 
 2DIAGNOSTIC,    41, -4.161854987573e-01, 1.295749585500e-06, 1.5867e+01, 2.9185e-01, 
 2DIAGNOSTIC,    42, -4.161840259985e-01, 1.138573348606e-06, 1.6155e+01, 2.8766e-01, 
 2DIAGNOSTIC,    43, -4.161834049857e-01, 1.004201838260e-06, 1.6417e+01, 2.6221e-01, 
DIAGNOSTIC,Iteration,metricValue,convergenceValue,ITERATION_TIME_INDEX,SINCE_LAST
 2DIAGNOSTIC,     1, -3.834265912334e-01, 1.797693134862e+308, 1.8980e+01, 2.5632e+00, 
 2DIAGNOSTIC,     2, -3.834925053355e-01, 1.797693134862e+308, 2.0538e+01, 1.5578e+00, 
 2DIAGNOSTIC,     3, -3.834978116474e-01, 1.797693134862e+308, 2.2086e+01, 1.5474e+00, 
 2DIAGNOSTIC,     4, -3.835004127725e-01, 1.797693134862e+308, 2.3604e+01, 1.5185e+00, 
 2DIAGNOSTIC,     5, -3.835019582509e-01, 1.797693134862e+308, 2.5159e+01, 1.5553e+00, 
 2DIAGNOSTIC,     6, -3.835049957414e-01, 1.797693134862e+308, 2.7039e+01, 1.8799e+00, 
 2DIAGNOSTIC,     7, -3.835058343717e-01, 1.797693134862e+308, 2.8856e+01, 1.8167e+00, 
 2DIAGNOSTIC,     8, -3.835066498251e-01, 1.797693134862e+308, 3.0865e+01, 2.0092e+00, 
 2DIAGNOSTIC,     9, -3.835062955318e-01, 1.797693134862e+308, 3.2629e+01, 1.7637e+00, 
 2DIAGNOSTIC,    10, -3.835063108993e-01, 1.066660747885e-05, 3.4408e+01, 1.7796e+00, 
 2DIAGNOSTIC,    11, -3.835061571787e-01, 4.747040709338e-06, 3.6721e+01, 2.3121e+00, 
 2DIAGNOSTIC,    12, -3.835060832646e-01, 3.706200661660e-06, 3.8109e+01, 1.3888e+00, 
 2DIAGNOSTIC,    13, -3.835060190717e-01, 3.027826110627e-06, 3.9701e+01, 1.5920e+00, 
 2DIAGNOSTIC,    14, -3.835058638475e-01, 2.523467064933e-06, 4.1274e+01, 1.5726e+00, 
 2DIAGNOSTIC,    15, -3.835058006960e-01, 2.133709274682e-06, 4.2856e+01, 1.5817e+00, 
 2DIAGNOSTIC,    16, -3.835056463967e-01, 1.924177725945e-06, 4.4804e+01, 1.9487e+00, 
 2DIAGNOSTIC,    17, -3.835054775125e-01, 1.773328559398e-06, 4.6473e+01, 1.6686e+00, 
 2DIAGNOSTIC,    18, -3.835053086118e-01, 1.675385377847e-06, 4.7858e+01, 1.3846e+00, 
 2DIAGNOSTIC,    19, -3.835051448141e-01, 1.576051817900e-06, 4.9325e+01, 1.4670e+00, 
 2DIAGNOSTIC,    20, -3.835051658762e-01, 1.497295074440e-06, 5.0833e+01, 1.5086e+00, 
 2DIAGNOSTIC,    21, -3.835053779571e-01, 1.436675313604e-06, 5.2517e+01, 1.6836e+00, 
 2DIAGNOSTIC,    22, -3.835055901411e-01, 1.393331720972e-06, 5.4054e+01, 1.5374e+00, 
 2DIAGNOSTIC,    23, -3.835055251002e-01, 1.354581542240e-06, 5.5602e+01, 1.5482e+00, 
 2DIAGNOSTIC,    24, -3.835054518281e-01, 1.314933130506e-06, 5.6955e+01, 1.3522e+00, 
 2DIAGNOSTIC,    25, -3.835053813422e-01, 1.275595341070e-06, 5.8550e+01, 1.5957e+00, 
 2DIAGNOSTIC,    26, -3.835053141616e-01, 1.232550095244e-06, 5.9961e+01, 1.4108e+00, 
 2DIAGNOSTIC,    27, -3.835053494674e-01, 1.188143193720e-06, 6.1341e+01, 1.3800e+00, 
 2DIAGNOSTIC,    28, -3.835054089352e-01, 1.143229099720e-06, 6.2869e+01, 1.5283e+00, 
 2DIAGNOSTIC,    29, -3.835055814677e-01, 1.101082729750e-06, 6.4210e+01, 1.3407e+00, 
 2DIAGNOSTIC,    30, -3.835053714640e-01, 1.056523028023e-06, 6.6233e+01, 2.0225e+00, 
 2DIAGNOSTIC,    31, -3.835053052287e-01, 1.018740041152e-06, 6.7887e+01, 1.6542e+00, 
  Elapsed time (stage 0): 6.8702e+01


Total elapsed time: 6.8704e+01
Info [verificarlo]: loaded backend libinterflop_ieee.so
Info [interflop-ieee]: load backend with:
Info [interflop-ieee]: debug = false
Info [interflop-ieee]: debug-binary = false
Info [interflop-ieee]: no-backend-name = false
Info [interflop-ieee]: print-new-line = false
Info [interflop-ieee]: print-subnormal-normalized = false
Info [interflop-ieee]: count-op = false
All_Command_lines_OK
Using double precision for computations.
=============================================================================
The composite transform comprises the following transforms (in order): 
  1. /home/mdugre/scratch/mri-registration-rp/datasets/ds004513/derivatives/mri-registration-rp/0001/antsRegistration-r8-p21/sub-s017/rigid_Composite.h5[0] (type = Euler3DTransform)
  2. /home/mdugre/scratch/mri-registration-rp/datasets/ds004513/derivatives/mri-registration-rp/0001/antsRegistration-r8-p21/sub-s017/rigid_Composite.h5[1] (type = Euler3DTransform)
  3. /home/mdugre/scratch/mri-registration-rp/datasets/ds004513/derivatives/mri-registration-rp/0001/antsRegistration-r8-p21/sub-s017/rigid_Composite.h5[2] (type = Euler3DTransform)
=============================================================================
  number of levels = 4
  fixed image: /templateflow/tpl-MNI152NLin2009cAsym/tpl-MNI152NLin2009cAsym_res-01_desc-brain_T1w.nii.gz
  moving image: /home/mdugre/scratch/mri-registration-rp/datasets/ds004513/derivatives/mri-registration-rp/antsBrainExtraction/sub-s017/BrainExtractionBrain.nii.gz
Dimension = 3
Number of stages = 1
Use histogram matching = false
Winsorize image intensities = true
  Lower quantile = 0.005
  Upper quantile = 0.995


Stage 1 State
   Image metric = MattesMI
     Fixed image = Image (0x3b187e0)
  RTTI typeinfo:   itk::Image<double, 3u>
  Reference Count: 2
  Modified Time: 1594
  Debug: Off
  Object Name: 
  Observers: 
    none
  Source: (none)
  Source output name: (none)
  Release Data: Off
  Data Released: False
  Global Release Data: Off
  PipelineMTime: 0
  UpdateMTime: 1203
  RealTimeStamp: 0 seconds 
  LargestPossibleRegion: 
    Dimension: 3
    Index: [0, 0, 0]
    Size: [193, 229, 193]
  BufferedRegion: 
    Dimension: 3
    Index: [0, 0, 0]
    Size: [193, 229, 193]
  RequestedRegion: 
    Dimension: 3
    Index: [0, 0, 0]
    Size: [193, 229, 193]
  Spacing: [1, 1, 1]
  Origin: [96, 132, -78]
  Direction: 
-1 0 0
0 -1 0
0 0 1

  IndexToPointMatrix: 
-1 0 0
0 -1 0
0 0 1

  PointToIndexMatrix: 
-1 0 0
0 -1 0
0 0 1

  Inverse Direction: 
-1 0 0
0 -1 0
0 0 1

  PixelContainer: 
    ImportImageContainer (0x3bd8a20)
      RTTI typeinfo:   itk::ImportImageContainer<unsigned long, double>
      Reference Count: 1
      Modified Time: 1200
      Debug: Off
      Object Name: 
      Observers: 
        none
      Pointer: 0x150eb1643010
      Container manages memory: true
      Size: 8530021
      Capacity: 8530021

     Moving image = Image (0x3bd3d70)
  RTTI typeinfo:   itk::Image<double, 3u>
  Reference Count: 2
  Modified Time: 1595
  Debug: Off
  Object Name: 
  Observers: 
    none
  Source: (none)
  Source output name: (none)
  Release Data: Off
  Data Released: False
  Global Release Data: Off
  PipelineMTime: 0
  UpdateMTime: 1592
  RealTimeStamp: 0 seconds 
  LargestPossibleRegion: 
    Dimension: 3
    Index: [0, 0, 0]
    Size: [160, 240, 256]
  BufferedRegion: 
    Dimension: 3
    Index: [0, 0, 0]
    Size: [160, 240, 256]
  RequestedRegion: 
    Dimension: 3
    Index: [0, 0, 0]
    Size: [160, 240, 256]
  Spacing: [1, 1, 1]
  Origin: [91.3357, 102.231, -120.042]
  Direction: 
-0.997442 -5.36781e-05 -0.0714818
5.35416e-05 -1 3.82465e-06
-0.0714818 -1.23894e-08 0.997442

  IndexToPointMatrix: 
-0.997444 -5.36781e-05 -0.0714818
5.35418e-05 -1 3.82465e-06
-0.0714819 -1.23894e-08 0.997442

  PointToIndexMatrix: 
-0.99744 5.35415e-05 -0.0714816
-5.36781e-05 -1 -1.23894e-08
-0.0714818 3.82465e-06 0.997442

  Inverse Direction: 
-0.997442 5.35416e-05 -0.0714818
-5.36781e-05 -1 -1.23894e-08
-0.0714818 3.82465e-06 0.997442

  PixelContainer: 
    ImportImageContainer (0x3b8bc90)
      RTTI typeinfo:   itk::ImportImageContainer<unsigned long, double>
      Reference Count: 1
      Modified Time: 1589
      Debug: Off
      Object Name: 
      Observers: 
        none
      Pointer: 0x150eacb42010
      Container manages memory: true
      Size: 9830400
      Capacity: 9830400

     Weighting = 1
     Sampling strategy = regular
     Number of bins = 32
     Radius = 4
     Sampling percentage  = 0.25
   Transform = Affine
     Gradient step = 0.1
     Update field sigma (voxel space) = 0
     Total field sigma (voxel space) = 0
     Update field time sigma = 0
     Total field time sigma  = 0
     Number of time indices = 0
     Number of time point samples = 0
Registration using 1 total stages.

Stage 0
  iterations = 1000x500x250x100
  convergence threshold = 1e-06
  convergence window size = 10
  number of levels = 4
  using the Mattes MI metric (number of bins = 32, weight = 1, use gradient filter = 0)
  preprocessing:  winsorizing the image intensities
  Shrink factors (level 1 out of 4): [8, 8, 8]
  Shrink factors (level 2 out of 4): [4, 4, 4]
  Shrink factors (level 3 out of 4): [2, 2, 2]
  Shrink factors (level 4 out of 4): [1, 1, 1]
  smoothing sigmas per level: [3, 2, 1, 0]
  regular sampling (percentage = 0.25)

*** Running AffineTransform registration ***

DIAGNOSTIC,Iteration,metricValue,convergenceValue,ITERATION_TIME_INDEX,SINCE_LAST
 2DIAGNOSTIC,     1, -5.806290998440e-01, 1.797693134862e+308, 7.8048e-01, 7.8048e-01, 
 2DIAGNOSTIC,     2, -5.832407507937e-01, 1.797693134862e+308, 7.8614e-01, 5.6629e-03, 
 2DIAGNOSTIC,     3, -5.883921006119e-01, 1.797693134862e+308, 7.9312e-01, 6.9799e-03, 
 2DIAGNOSTIC,     4, -5.973582020754e-01, 1.797693134862e+308, 7.9837e-01, 5.2469e-03, 
 2DIAGNOSTIC,     5, -6.166279651894e-01, 1.797693134862e+308, 8.0351e-01, 5.1410e-03, 
 2DIAGNOSTIC,     6, -6.406440245325e-01, 1.797693134862e+308, 8.0881e-01, 5.3000e-03, 
 2DIAGNOSTIC,     7, -7.009864258457e-01, 1.797693134862e+308, 8.1412e-01, 5.3060e-03, 
 2DIAGNOSTIC,     8, -7.630482517596e-01, 1.797693134862e+308, 8.1962e-01, 5.5091e-03, 
 2DIAGNOSTIC,     9, -8.423469020720e-01, 1.797693134862e+308, 8.2793e-01, 8.3101e-03, 
 2DIAGNOSTIC,    10, -8.569694553076e-01, 2.845116132010e-02, 8.3370e-01, 5.7621e-03, 
 2DIAGNOSTIC,    11, -8.701917124152e-01, 2.871708896596e-02, 8.4003e-01, 6.3329e-03, 
 2DIAGNOSTIC,    12, -8.814645613298e-01, 2.683607374000e-02, 8.4993e-01, 9.8970e-03, 
 2DIAGNOSTIC,    13, -8.822368116047e-01, 2.307206283240e-02, 8.5544e-01, 5.5130e-03, 
 2DIAGNOSTIC,    14, -8.834458719154e-01, 1.815384139564e-02, 8.6129e-01, 5.8479e-03, 
 2DIAGNOSTIC,    15, -8.851322802058e-01, 1.292532925020e-02, 8.6806e-01, 6.7730e-03, 
 2DIAGNOSTIC,    16, -8.870480809607e-01, 7.902435058491e-03, 8.7424e-01, 6.1748e-03, 
 2DIAGNOSTIC,    17, -8.886777819797e-01, 4.189413170621e-03, 8.8130e-01, 7.0648e-03, 
 2DIAGNOSTIC,    18, -8.889448810453e-01, 1.810422429372e-03, 8.8807e-01, 6.7680e-03, 
 2DIAGNOSTIC,    19, -8.890594323316e-01, 1.083853130350e-03, 8.9423e-01, 6.1631e-03, 
 2DIAGNOSTIC,    20, -8.887882561658e-01, 5.969783261564e-04, 9.0062e-01, 6.3882e-03, 
 2DIAGNOSTIC,    21, -8.886098615631e-01, 3.264824929225e-04, 9.0842e-01, 7.7989e-03, 
 2DIAGNOSTIC,    22, -8.885249832434e-01, 2.361096534569e-04, 9.1449e-01, 6.0720e-03, 
 2DIAGNOSTIC,    23, -8.882875302754e-01, 1.410432912258e-04, 9.2038e-01, 5.8911e-03, 
 2DIAGNOSTIC,    24, -8.882052345111e-01, 5.851496525260e-05, 9.2667e-01, 6.2840e-03, 
DIAGNOSTIC,Iteration,metricValue,convergenceValue,ITERATION_TIME_INDEX,SINCE_LAST
 2DIAGNOSTIC,     1, -7.469015879500e-01, 1.797693134862e+308, 1.6764e+00, 7.4977e-01, 
 2DIAGNOSTIC,     2, -7.476337610289e-01, 1.797693134862e+308, 1.7130e+00, 3.6582e-02, 
 2DIAGNOSTIC,     3, -7.481984149185e-01, 1.797693134862e+308, 1.7497e+00, 3.6707e-02, 
 2DIAGNOSTIC,     4, -7.485348956871e-01, 1.797693134862e+308, 1.7862e+00, 3.6480e-02, 
 2DIAGNOSTIC,     5, -7.488723349206e-01, 1.797693134862e+308, 1.8220e+00, 3.5797e-02, 
 2DIAGNOSTIC,     6, -7.493028718144e-01, 1.797693134862e+308, 1.8610e+00, 3.8992e-02, 
 2DIAGNOSTIC,     7, -7.498240981494e-01, 1.797693134862e+308, 1.9052e+00, 4.4177e-02, 
 2DIAGNOSTIC,     8, -7.499189037788e-01, 1.797693134862e+308, 1.9440e+00, 3.8836e-02, 
 2DIAGNOSTIC,     9, -7.503981904140e-01, 1.797693134862e+308, 1.9878e+00, 4.3806e-02, 
 2DIAGNOSTIC,    10, -7.505578656659e-01, 3.049238837219e-04, 2.0212e+00, 3.3406e-02, 
 2DIAGNOSTIC,    11, -7.505227890128e-01, 2.385634277276e-04, 2.0606e+00, 3.9363e-02, 
 2DIAGNOSTIC,    12, -7.505011734162e-01, 1.844045628103e-04, 2.0983e+00, 3.7743e-02, 
 2DIAGNOSTIC,    13, -7.505088021036e-01, 1.388455008778e-04, 2.1402e+00, 4.1900e-02, 
 2DIAGNOSTIC,    14, -7.504878836830e-01, 9.580050943260e-05, 2.1862e+00, 4.5925e-02, 
 2DIAGNOSTIC,    15, -7.504848086688e-01, 5.820152908960e-05, 2.2256e+00, 3.9438e-02, 
 2DIAGNOSTIC,    16, -7.504811132226e-01, 3.014018313467e-05, 2.2600e+00, 3.4440e-02, 
 2DIAGNOSTIC,    17, -7.505241476726e-01, 1.550749263160e-05, 2.3048e+00, 4.4762e-02, 
 2DIAGNOSTIC,    18, -7.505179085511e-01, 2.820146289516e-06, 2.3455e+00, 4.0720e-02, 
DIAGNOSTIC,Iteration,metricValue,convergenceValue,ITERATION_TIME_INDEX,SINCE_LAST
 2DIAGNOSTIC,     1, -6.294203912600e-01, 1.797693134862e+308, 3.4980e+00, 1.1525e+00, 
 2DIAGNOSTIC,     2, -6.299360831083e-01, 1.797693134862e+308, 3.8001e+00, 3.0203e-01, 
 2DIAGNOSTIC,     3, -6.304673519074e-01, 1.797693134862e+308, 4.0974e+00, 2.9737e-01, 
 2DIAGNOSTIC,     4, -6.311514353128e-01, 1.797693134862e+308, 4.4074e+00, 3.1002e-01, 
 2DIAGNOSTIC,     5, -6.319702682025e-01, 1.797693134862e+308, 4.7082e+00, 3.0078e-01, 
 2DIAGNOSTIC,     6, -6.327349058024e-01, 1.797693134862e+308, 5.3374e+00, 6.2921e-01, 
 2DIAGNOSTIC,     7, -6.327262345582e-01, 1.797693134862e+308, 5.7909e+00, 4.5352e-01, 
 2DIAGNOSTIC,     8, -6.327233168876e-01, 1.797693134862e+308, 6.1396e+00, 3.4863e-01, 
 2DIAGNOSTIC,     9, -6.327209142162e-01, 1.797693134862e+308, 6.5455e+00, 4.0591e-01, 
 2DIAGNOSTIC,    10, -6.327171668740e-01, 3.710164734082e-04, 6.8878e+00, 3.4230e-01, 
 2DIAGNOSTIC,    11, -6.327147598904e-01, 2.563048519084e-04, 7.2105e+00, 3.2273e-01, 
 2DIAGNOSTIC,    12, -6.327139076322e-01, 1.574547229826e-04, 7.5094e+00, 2.9894e-01, 
 2DIAGNOSTIC,    13, -6.327092409556e-01, 7.817078934559e-05, 7.8442e+00, 3.3477e-01, 
 2DIAGNOSTIC,    14, -6.327084294889e-01, 2.484079878565e-05, 8.1694e+00, 3.2522e-01, 
DIAGNOSTIC,Iteration,metricValue,convergenceValue,ITERATION_TIME_INDEX,SINCE_LAST
 2DIAGNOSTIC,     1, -5.635833750576e-01, 1.797693134862e+308, 1.1343e+01, 3.1734e+00, 
 2DIAGNOSTIC,     2, -5.640382244523e-01, 1.797693134862e+308, 1.3492e+01, 2.1495e+00, 
 2DIAGNOSTIC,     3, -5.644828391707e-01, 1.797693134862e+308, 1.5648e+01, 2.1558e+00, 
 2DIAGNOSTIC,     4, -5.656655297284e-01, 1.797693134862e+308, 2.0533e+01, 4.8853e+00, 
 2DIAGNOSTIC,     5, -5.656655751791e-01, 1.797693134862e+308, 2.3011e+01, 2.4771e+00, 
 2DIAGNOSTIC,     6, -5.656654727370e-01, 1.797693134862e+308, 2.5456e+01, 2.4450e+00, 
 2DIAGNOSTIC,     7, -5.656653648212e-01, 1.797693134862e+308, 2.7764e+01, 2.3081e+00, 
 2DIAGNOSTIC,     8, -5.656652644073e-01, 1.797693134862e+308, 2.9763e+01, 1.9999e+00, 
 2DIAGNOSTIC,     9, -5.656651966699e-01, 1.797693134862e+308, 3.2073e+01, 2.3097e+00, 
 2DIAGNOSTIC,    10, -5.656651006607e-01, 2.210887787578e-04, 3.5545e+01, 3.4721e+00, 
 2DIAGNOSTIC,    11, -5.656651741115e-01, 1.244541148876e-04, 3.8744e+01, 3.1991e+00, 
 2DIAGNOSTIC,    12, -5.656649434045e-01, 5.214965474749e-05, 4.1180e+01, 2.4352e+00, 
 2DIAGNOSTIC,    13, -5.656649049905e-01, 2.389729285249e-06, 4.3437e+01, 2.2574e+00, 
 2DIAGNOSTIC,    14, -5.656647386805e-01, 2.212981832062e-06, 4.6303e+01, 2.8664e+00, 
 2DIAGNOSTIC,    15, -5.656645140516e-01, 2.059409251756e-06, 4.8966e+01, 2.6630e+00, 
 2DIAGNOSTIC,    16, -5.656642468358e-01, 1.919301853087e-06, 5.1231e+01, 2.2650e+00, 
 2DIAGNOSTIC,    17, -5.656642650863e-01, 1.799660350736e-06, 5.4055e+01, 2.8234e+00, 
 2DIAGNOSTIC,    18, -5.656639856167e-01, 1.689312670972e-06, 5.6215e+01, 2.1605e+00, 
 2DIAGNOSTIC,    19, -5.656640126953e-01, 1.597006806679e-06, 5.8701e+01, 2.4855e+00, 
 2DIAGNOSTIC,    20, -5.656638772160e-01, 1.515262964276e-06, 6.0958e+01, 2.2568e+00, 
 2DIAGNOSTIC,    21, -5.656634514381e-01, 1.440147380447e-06, 6.3003e+01, 2.0457e+00, 
 2DIAGNOSTIC,    22, -5.656634722665e-01, 1.374278859316e-06, 6.5068e+01, 2.0646e+00, 
 2DIAGNOSTIC,    23, -5.656633597269e-01, 1.317471565163e-06, 6.7152e+01, 2.0844e+00, 
 2DIAGNOSTIC,    24, -5.656632469348e-01, 1.265773839902e-06, 6.8985e+01, 1.8328e+00, 
 2DIAGNOSTIC,    25, -5.656631580475e-01, 1.217742612657e-06, 7.1037e+01, 2.0517e+00, 
 2DIAGNOSTIC,    26, -5.656630687497e-01, 1.171764954240e-06, 7.3246e+01, 2.2095e+00, 
 2DIAGNOSTIC,    27, -5.656627085445e-01, 1.127874905318e-06, 7.5371e+01, 2.1247e+00, 
 2DIAGNOSTIC,    28, -5.656626996251e-01, 1.086733124517e-06, 7.7751e+01, 2.3798e+00, 
 2DIAGNOSTIC,    29, -5.656626265162e-01, 1.052258405652e-06, 7.9747e+01, 1.9966e+00, 
 2DIAGNOSTIC,    30, -5.656623963679e-01, 1.018359432031e-06, 8.1500e+01, 1.7528e+00, 
  Elapsed time (stage 0): 8.2693e+01


Total elapsed time: 8.2695e+01
Info [verificarlo]: loaded backend libinterflop_vprec.so
Info [interflop-vprec]: load backend with: 
Info [interflop-vprec]: precision-binary32 = 21
Info [interflop-vprec]: range-binary32 = 8
Info [interflop-vprec]: precision-binary64 = 21
Info [interflop-vprec]: range-binary64 = 8
Info [interflop-vprec]: mode = ob
Info [interflop-vprec]: error-mode = rel
Info [interflop-vprec]: max-abs-error-exponent = -1022
Info [interflop-vprec]: daz = false
Info [interflop-vprec]: ftz = false
Info [interflop-vprec]: 	instrument = none
Info [interflop-vprec]: 	prec-input-file = (null)
Info [interflop-vprec]: 	prec-output-file = (null)
Info [interflop-vprec]: 	prec-log-file = (null)
All_Command_lines_OK
Using double precision for computations.
=============================================================================
The composite transform comprises the following transforms (in order): 
  1. /home/mdugre/scratch/mri-registration-rp/datasets/ds004513/derivatives/mri-registration-rp/0001/antsRegistration-r8-p21/sub-s017/affine_Composite.h5[0] (type = Euler3DTransform)
  2. /home/mdugre/scratch/mri-registration-rp/datasets/ds004513/derivatives/mri-registration-rp/0001/antsRegistration-r8-p21/sub-s017/affine_Composite.h5[1] (type = Euler3DTransform)
  3. /home/mdugre/scratch/mri-registration-rp/datasets/ds004513/derivatives/mri-registration-rp/0001/antsRegistration-r8-p21/sub-s017/affine_Composite.h5[2] (type = Euler3DTransform)
  4. /home/mdugre/scratch/mri-registration-rp/datasets/ds004513/derivatives/mri-registration-rp/0001/antsRegistration-r8-p21/sub-s017/affine_Composite.h5[3] (type = AffineTransform)
=============================================================================
  number of levels = 4
  fixed image: /templateflow/tpl-MNI152NLin2009cAsym/tpl-MNI152NLin2009cAsym_res-01_desc-brain_T1w.nii.gz
  moving image: /home/mdugre/scratch/mri-registration-rp/datasets/ds004513/derivatives/mri-registration-rp/antsBrainExtraction/sub-s017/BrainExtractionBrain.nii.gz
Dimension = 3
Number of stages = 1
Use histogram matching = false
Winsorize image intensities = true
  Lower quantile = 0.005
  Upper quantile = 0.995


Stage 1 State
   Image metric = CC
     Fixed image = Image (0x491e6f0)
  RTTI typeinfo:   itk::Image<double, 3u>
  Reference Count: 2
  Modified Time: 1608
  Debug: Off
  Object Name: 
  Observers: 
    none
  Source: (none)
  Source output name: (none)
  Release Data: Off
  Data Released: False
  Global Release Data: Off
  PipelineMTime: 0
  UpdateMTime: 1217
  RealTimeStamp: 0 seconds 
  LargestPossibleRegion: 
    Dimension: 3
    Index: [0, 0, 0]
    Size: [193, 229, 193]
  BufferedRegion: 
    Dimension: 3
    Index: [0, 0, 0]
    Size: [193, 229, 193]
  RequestedRegion: 
    Dimension: 3
    Index: [0, 0, 0]
    Size: [193, 229, 193]
  Spacing: [1, 1, 1]
  Origin: [96, 132, -78]
  Direction: 
-1 0 0
0 -1 0
0 0 1

  IndexToPointMatrix: 
-1 0 0
0 -1 0
0 0 1

  PointToIndexMatrix: 
-1 0 0
0 -1 0
0 0 1

  Inverse Direction: 
-1 0 0
0 -1 0
0 0 1

  PixelContainer: 
    ImportImageContainer (0x49ec8b0)
