
##########################
# Experiment information #
##########################

EXPERIMENT_NAME: antsRegistration-r7-p10
VFC_BACKENDS: libinterflop_vprec.so --range-binary32=7 --precision-binary32=10 --range-binary64=7 --precision-binary64=10

SIF_IMG: /home/mdugre/projects/rrg-glatard/mdugre/containers/ants-vprec-no_metrics.simg

SUBJECT_ID: s017
INPUT_IMG: /home/mdugre/scratch/mri-registration-rp/datasets/ds004513/derivatives/mri-registration-rp/antsBrainExtraction/sub-s017/BrainExtractionBrain.nii.gz
OUTPUT_DIR: /home/mdugre/scratch/mri-registration-rp/datasets/ds004513/derivatives/mri-registration-rp/0001/antsRegistration-r7-p10/sub-s017

FIXED_IMG: /templateflow/tpl-MNI152NLin2009cAsym/tpl-MNI152NLin2009cAsym_res-01_desc-brain_T1w.nii.gz
DATA_DIR: /home/mdugre/scratch/mri-registration-rp/datasets/ds004513
TEMPLATEFLOW_DIR: /home/mdugre/projects/rrg-glatard/mdugre/templateflow
ITK_GLOBAL_DEFAULT_NUMBER_OF_THREADS: 16
##########################

Info [verificarlo]: loaded backend libinterflop_ieee.so
Info [interflop-ieee]: load backend with:
Info [interflop-ieee]: debug = false
Info [interflop-ieee]: debug-binary = false
Info [interflop-ieee]: no-backend-name = false
Info [interflop-ieee]: print-new-line = false
Info [interflop-ieee]: print-subnormal-normalized = false
Info [interflop-ieee]: count-op = false
All_Command_lines_OK
Using double precision for computations.
=============================================================================
The composite transform comprises the following transforms (in order): 
  1. Center of mass alignment using fixed image: /templateflow/tpl-MNI152NLin2009cAsym/tpl-MNI152NLin2009cAsym_res-01_desc-brain_T1w.nii.gz and moving image: /home/mdugre/scratch/mri-registration-rp/datasets/ds004513/derivatives/mri-registration-rp/antsBrainExtraction/sub-s017/BrainExtractionBrain.nii.gz (type = Euler3DTransform)
=============================================================================
  number of levels = 1
  fixed image: /templateflow/tpl-MNI152NLin2009cAsym/tpl-MNI152NLin2009cAsym_res-01_desc-brain_T1w.nii.gz
  moving image: /home/mdugre/scratch/mri-registration-rp/datasets/ds004513/derivatives/mri-registration-rp/antsBrainExtraction/sub-s017/BrainExtractionBrain.nii.gz
Dimension = 3
Number of stages = 1
Use histogram matching = false
Winsorize image intensities = true
  Lower quantile = 0.005
  Upper quantile = 0.995


Stage 1 State
   Image metric = MattesMI
     Fixed image = Image (0x3981e70)
  RTTI typeinfo:   itk::Image<double, 3u>
  Reference Count: 2
  Modified Time: 2334
  Debug: Off
  Object Name: 
  Observers: 
    none
  Source: (none)
  Source output name: (none)
  Release Data: Off
  Data Released: False
  Global Release Data: Off
  PipelineMTime: 0
  UpdateMTime: 1943
  RealTimeStamp: 0 seconds 
  LargestPossibleRegion: 
    Dimension: 3
    Index: [0, 0, 0]
    Size: [193, 229, 193]
  BufferedRegion: 
    Dimension: 3
    Index: [0, 0, 0]
    Size: [193, 229, 193]
  RequestedRegion: 
    Dimension: 3
    Index: [0, 0, 0]
    Size: [193, 229, 193]
  Spacing: [1, 1, 1]
  Origin: [96, 132, -78]
  Direction: 
-1 0 0
0 -1 0
0 0 1

  IndexToPointMatrix: 
-1 0 0
0 -1 0
0 0 1

  PointToIndexMatrix: 
-1 0 0
0 -1 0
0 0 1

  Inverse Direction: 
-1 0 0
0 -1 0
0 0 1

  PixelContainer: 
    ImportImageContainer (0x398ac60)
      RTTI typeinfo:   itk::ImportImageContainer<unsigned long, double>
      Reference Count: 1
      Modified Time: 1940
      Debug: Off
      Object Name: 
      Observers: 
        none
      Pointer: 0x151d79f04010
      Container manages memory: true
      Size: 8530021
      Capacity: 8530021

     Moving image = Image (0x398d610)
  RTTI typeinfo:   itk::Image<double, 3u>
  Reference Count: 2
  Modified Time: 2335
  Debug: Off
  Object Name: 
  Observers: 
    none
  Source: (none)
  Source output name: (none)
  Release Data: Off
  Data Released: False
  Global Release Data: Off
  PipelineMTime: 0
  UpdateMTime: 2332
  RealTimeStamp: 0 seconds 
  LargestPossibleRegion: 
    Dimension: 3
    Index: [0, 0, 0]
    Size: [160, 240, 256]
  BufferedRegion: 
    Dimension: 3
    Index: [0, 0, 0]
    Size: [160, 240, 256]
  RequestedRegion: 
    Dimension: 3
    Index: [0, 0, 0]
    Size: [160, 240, 256]
  Spacing: [1, 1, 1]
  Origin: [91.3357, 102.231, -120.042]
  Direction: 
-0.997442 -5.36781e-05 -0.0714818
5.35416e-05 -1 3.82465e-06
-0.0714818 -1.23894e-08 0.997442

  IndexToPointMatrix: 
-0.997444 -5.36781e-05 -0.0714818
5.35418e-05 -1 3.82465e-06
-0.0714819 -1.23894e-08 0.997442

  PointToIndexMatrix: 
-0.99744 5.35415e-05 -0.0714816
-5.36781e-05 -1 -1.23894e-08
-0.0714818 3.82465e-06 0.997442

  Inverse Direction: 
-0.997442 5.35416e-05 -0.0714818
-5.36781e-05 -1 -1.23894e-08
-0.0714818 3.82465e-06 0.997442

  PixelContainer: 
    ImportImageContainer (0x3a26ef0)
      RTTI typeinfo:   itk::ImportImageContainer<unsigned long, double>
      Reference Count: 1
      Modified Time: 2329
      Debug: Off
      Object Name: 
      Observers: 
        none
      Pointer: 0x151d75403010
      Container manages memory: true
      Size: 9830400
      Capacity: 9830400

     Weighting = 1
     Sampling strategy = regular
     Number of bins = 32
     Radius = 4
     Sampling percentage  = 0.25
   Transform = Rigid
     Gradient step = 0.1
     Update field sigma (voxel space) = 0
     Total field sigma (voxel space) = 0
     Update field time sigma = 0
     Total field time sigma  = 0
     Number of time indices = 0
     Number of time point samples = 0
Registration using 1 total stages.

Stage 0
  iterations = 0
  convergence threshold = 1e-06
  convergence window size = 10
  number of levels = 1
  using the Mattes MI metric (number of bins = 32, weight = 1, use gradient filter = 0)
  preprocessing:  winsorizing the image intensities
  Shrink factors (level 1 out of 1): [1, 1, 1]
  smoothing sigmas per level: [0]
  regular sampling (percentage = 0.25)

*** Running Euler3DTransform registration ***

  Elapsed time (stage 0): 1.16457


Total elapsed time: 1.16896
Info [verificarlo]: loaded backend libinterflop_ieee.so
Info [interflop-ieee]: load backend with:
Info [interflop-ieee]: debug = false
Info [interflop-ieee]: debug-binary = false
Info [interflop-ieee]: no-backend-name = false
Info [interflop-ieee]: print-new-line = false
Info [interflop-ieee]: print-subnormal-normalized = false
Info [interflop-ieee]: count-op = false
All_Command_lines_OK
Using double precision for computations.
=============================================================================
The composite transform comprises the following transforms (in order): 
  1. /home/mdugre/scratch/mri-registration-rp/datasets/ds004513/derivatives/mri-registration-rp/0001/antsRegistration-r7-p10/sub-s017/align_Composite.h5[0] (type = Euler3DTransform)
  2. /home/mdugre/scratch/mri-registration-rp/datasets/ds004513/derivatives/mri-registration-rp/0001/antsRegistration-r7-p10/sub-s017/align_Composite.h5[1] (type = Euler3DTransform)
=============================================================================
  number of levels = 4
  fixed image: /templateflow/tpl-MNI152NLin2009cAsym/tpl-MNI152NLin2009cAsym_res-01_desc-brain_T1w.nii.gz
  moving image: /home/mdugre/scratch/mri-registration-rp/datasets/ds004513/derivatives/mri-registration-rp/antsBrainExtraction/sub-s017/BrainExtractionBrain.nii.gz
Dimension = 3
Number of stages = 1
Use histogram matching = false
Winsorize image intensities = true
  Lower quantile = 0.005
  Upper quantile = 0.995


Stage 1 State
   Image metric = MattesMI
     Fixed image = Image (0x4bcf530)
  RTTI typeinfo:   itk::Image<double, 3u>
  Reference Count: 2
  Modified Time: 1580
  Debug: Off
  Object Name: 
  Observers: 
    none
  Source: (none)
  Source output name: (none)
  Release Data: Off
  Data Released: False
  Global Release Data: Off
  PipelineMTime: 0
  UpdateMTime: 1189
  RealTimeStamp: 0 seconds 
  LargestPossibleRegion: 
    Dimension: 3
    Index: [0, 0, 0]
    Size: [193, 229, 193]
  BufferedRegion: 
    Dimension: 3
    Index: [0, 0, 0]
    Size: [193, 229, 193]
  RequestedRegion: 
    Dimension: 3
    Index: [0, 0, 0]
    Size: [193, 229, 193]
  Spacing: [1, 1, 1]
  Origin: [96, 132, -78]
  Direction: 
-1 0 0
0 -1 0
0 0 1

  IndexToPointMatrix: 
-1 0 0
0 -1 0
0 0 1

  PointToIndexMatrix: 
-1 0 0
0 -1 0
0 0 1

  Inverse Direction: 
-1 0 0
0 -1 0
0 0 1

  PixelContainer: 
    ImportImageContainer (0x4c8dd60)
      RTTI typeinfo:   itk::ImportImageContainer<unsigned long, double>
      Reference Count: 1
      Modified Time: 1186
      Debug: Off
      Object Name: 
      Observers: 
        none
      Pointer: 0x1537720c4010
      Container manages memory: true
      Size: 8530021
      Capacity: 8530021

     Moving image = Image (0x4c7ff60)
  RTTI typeinfo:   itk::Image<double, 3u>
  Reference Count: 2
  Modified Time: 1581
  Debug: Off
  Object Name: 
  Observers: 
    none
  Source: (none)
  Source output name: (none)
  Release Data: Off
  Data Released: False
  Global Release Data: Off
  PipelineMTime: 0
  UpdateMTime: 1578
  RealTimeStamp: 0 seconds 
  LargestPossibleRegion: 
    Dimension: 3
    Index: [0, 0, 0]
    Size: [160, 240, 256]
  BufferedRegion: 
    Dimension: 3
    Index: [0, 0, 0]
    Size: [160, 240, 256]
  RequestedRegion: 
    Dimension: 3
    Index: [0, 0, 0]
    Size: [160, 240, 256]
  Spacing: [1, 1, 1]
  Origin: [91.3357, 102.231, -120.042]
  Direction: 
-0.997442 -5.36781e-05 -0.0714818
5.35416e-05 -1 3.82465e-06
-0.0714818 -1.23894e-08 0.997442

  IndexToPointMatrix: 
-0.997444 -5.36781e-05 -0.0714818
5.35418e-05 -1 3.82465e-06
-0.0714819 -1.23894e-08 0.997442

  PointToIndexMatrix: 
-0.99744 5.35415e-05 -0.0714816
-5.36781e-05 -1 -1.23894e-08
-0.0714818 3.82465e-06 0.997442

  Inverse Direction: 
-0.997442 5.35416e-05 -0.0714818
-5.36781e-05 -1 -1.23894e-08
-0.0714818 3.82465e-06 0.997442

  PixelContainer: 
    ImportImageContainer (0x4c716d0)
      RTTI typeinfo:   itk::ImportImageContainer<unsigned long, double>
      Reference Count: 1
      Modified Time: 1575
      Debug: Off
      Object Name: 
      Observers: 
        none
      Pointer: 0x15376d5c3010
      Container manages memory: true
      Size: 9830400
      Capacity: 9830400

     Weighting = 1
     Sampling strategy = regular
     Number of bins = 32
     Radius = 4
     Sampling percentage  = 0.25
   Transform = Rigid
     Gradient step = 0.1
     Update field sigma (voxel space) = 0
     Total field sigma (voxel space) = 0
     Update field time sigma = 0
     Total field time sigma  = 0
     Number of time indices = 0
     Number of time point samples = 0
Registration using 1 total stages.

Stage 0
  iterations = 1000x500x250x100
  convergence threshold = 1e-06
  convergence window size = 10
  number of levels = 4
  using the Mattes MI metric (number of bins = 32, weight = 1, use gradient filter = 0)
  preprocessing:  winsorizing the image intensities
  Shrink factors (level 1 out of 4): [8, 8, 8]
  Shrink factors (level 2 out of 4): [4, 4, 4]
  Shrink factors (level 3 out of 4): [2, 2, 2]
  Shrink factors (level 4 out of 4): [1, 1, 1]
  smoothing sigmas per level: [3, 2, 1, 0]
  regular sampling (percentage = 0.25)

*** Running Euler3DTransform registration ***

DIAGNOSTIC,Iteration,metricValue,convergenceValue,ITERATION_TIME_INDEX,SINCE_LAST
 2DIAGNOSTIC,     1, -5.567767283252e-01, 1.797693134862e+308, 7.2954e-01, 7.2954e-01, 
 2DIAGNOSTIC,     2, -5.584239703569e-01, 1.797693134862e+308, 7.3374e-01, 4.1969e-03, 
 2DIAGNOSTIC,     3, -5.612715515272e-01, 1.797693134862e+308, 7.3778e-01, 4.0390e-03, 
 2DIAGNOSTIC,     4, -5.637780194106e-01, 1.797693134862e+308, 7.4174e-01, 3.9608e-03, 
 2DIAGNOSTIC,     5, -5.658229214212e-01, 1.797693134862e+308, 7.4585e-01, 4.1091e-03, 
 2DIAGNOSTIC,     6, -5.696445468689e-01, 1.797693134862e+308, 7.5043e-01, 4.5841e-03, 
 2DIAGNOSTIC,     7, -5.734118275242e-01, 1.797693134862e+308, 7.5487e-01, 4.4379e-03, 
 2DIAGNOSTIC,     8, -5.754533484979e-01, 1.797693134862e+308, 7.6068e-01, 5.8100e-03, 
 2DIAGNOSTIC,     9, -5.763021950250e-01, 1.797693134862e+308, 7.6482e-01, 4.1330e-03, 
 2DIAGNOSTIC,    10, -5.771142770255e-01, 2.558085388189e-03, 7.7057e-01, 5.7499e-03, 
 2DIAGNOSTIC,    11, -5.785125587612e-01, 2.176117873031e-03, 7.7511e-01, 4.5471e-03, 
 2DIAGNOSTIC,    12, -5.799413348090e-01, 1.786767970983e-03, 7.8026e-01, 5.1510e-03, 
 2DIAGNOSTIC,    13, -5.809477908980e-01, 1.443124036835e-03, 7.8535e-01, 5.0821e-03, 
 2DIAGNOSTIC,    14, -5.814655964876e-01, 1.127354078216e-03, 7.8987e-01, 4.5211e-03, 
 2DIAGNOSTIC,    15, -5.819093877219e-01, 8.331089413525e-04, 7.9492e-01, 5.0509e-03, 
 2DIAGNOSTIC,    16, -5.822326442998e-01, 6.258215683232e-04, 7.9998e-01, 5.0602e-03, 
 2DIAGNOSTIC,    17, -5.825793599843e-01, 5.040365830237e-04, 8.0469e-01, 4.7121e-03, 
 2DIAGNOSTIC,    18, -5.863713925916e-01, 5.095725576648e-04, 8.0979e-01, 5.0950e-03, 
 2DIAGNOSTIC,    19, -5.901617810168e-01, 5.855607354919e-04, 8.1795e-01, 8.1642e-03, 
 2DIAGNOSTIC,    20, -5.906016223816e-01, 6.286272500328e-04, 8.2366e-01, 5.7101e-03, 
 2DIAGNOSTIC,    21, -5.907365705867e-01, 6.467002963862e-04, 8.2857e-01, 4.9109e-03, 
 2DIAGNOSTIC,    22, -5.906256574995e-01, 6.330265936408e-04, 8.3350e-01, 4.9272e-03, 
 2DIAGNOSTIC,    23, -5.906307681711e-01, 5.816453055207e-04, 8.3783e-01, 4.3321e-03, 
 2DIAGNOSTIC,    24, -5.905636622011e-01, 4.878472529249e-04, 8.4221e-01, 4.3850e-03, 
 2DIAGNOSTIC,    25, -5.906024985370e-01, 3.662279783982e-04, 8.4729e-01, 5.0759e-03, 
 2DIAGNOSTIC,    26, -5.906025304325e-01, 2.276984665090e-04, 8.5169e-01, 4.3979e-03, 
 2DIAGNOSTIC,    27, -5.906211320574e-01, 8.394584288862e-05, 8.5629e-01, 4.6060e-03, 
 2DIAGNOSTIC,    28, -5.908796758314e-01, 1.198925031224e-05, 8.6081e-01, 4.5140e-03, 
 2DIAGNOSTIC,    29, -5.911411552396e-01, 1.217108543272e-05, 8.6577e-01, 4.9629e-03, 
 2DIAGNOSTIC,    30, -5.915241330963e-01, 2.456301684499e-05, 8.7236e-01, 6.5920e-03, 
 2DIAGNOSTIC,    31, -5.916229825992e-01, 3.758205306088e-05, 8.7714e-01, 4.7791e-03, 
 2DIAGNOSTIC,    32, -5.916651208816e-01, 4.532975448881e-05, 8.8155e-01, 4.4050e-03, 
 2DIAGNOSTIC,    33, -5.916874987632e-01, 4.885284294300e-05, 8.8587e-01, 4.3221e-03, 
 2DIAGNOSTIC,    34, -5.917053822200e-01, 4.682712858439e-05, 8.9087e-01, 5.0030e-03, 
 2DIAGNOSTIC,    35, -5.917390904868e-01, 4.153275817084e-05, 9.0269e-01, 1.1813e-02, 
 2DIAGNOSTIC,    36, -5.917390912695e-01, 3.272086429219e-05, 9.0703e-01, 4.3480e-03, 
 2DIAGNOSTIC,    37, -5.917391070342e-01, 2.163060314724e-05, 9.1137e-01, 4.3399e-03, 
 2DIAGNOSTIC,    38, -5.917391330930e-01, 1.245673595306e-05, 9.1583e-01, 4.4551e-03, 
 2DIAGNOSTIC,    39, -5.917391754735e-01, 5.801896390396e-06, 9.2016e-01, 4.3290e-03, 
 2DIAGNOSTIC,    40, -5.917392424312e-01, 3.643428653711e-06, 9.2447e-01, 4.3130e-03, 
 2DIAGNOSTIC,    41, -5.917393428829e-01, 2.487109300113e-06, 9.2868e-01, 4.2059e-03, 
 2DIAGNOSTIC,    42, -5.917394845335e-01, 1.715730318368e-06, 9.3323e-01, 4.5490e-03, 
 2DIAGNOSTIC,    43, -5.917396625587e-01, 1.144189315280e-06, 9.3761e-01, 4.3859e-03, 
DIAGNOSTIC,Iteration,metricValue,convergenceValue,ITERATION_TIME_INDEX,SINCE_LAST
 2DIAGNOSTIC,     1, -4.784004501426e-01, 1.797693134862e+308, 1.6843e+00, 7.4672e-01, 
 2DIAGNOSTIC,     2, -4.783999131495e-01, 1.797693134862e+308, 1.7221e+00, 3.7808e-02, 
 2DIAGNOSTIC,     3, -4.784190365433e-01, 1.797693134862e+308, 1.7609e+00, 3.8734e-02, 
 2DIAGNOSTIC,     4, -4.785028756518e-01, 1.797693134862e+308, 1.7955e+00, 3.4616e-02, 
 2DIAGNOSTIC,     5, -4.786647485438e-01, 1.797693134862e+308, 1.8281e+00, 3.2599e-02, 
 2DIAGNOSTIC,     6, -4.788099932967e-01, 1.797693134862e+308, 1.8599e+00, 3.1835e-02, 
 2DIAGNOSTIC,     7, -4.794645847226e-01, 1.797693134862e+308, 1.8891e+00, 2.9214e-02, 
 2DIAGNOSTIC,     8, -4.813619171760e-01, 1.797693134862e+308, 1.9292e+00, 4.0069e-02, 
 2DIAGNOSTIC,     9, -4.817935635331e-01, 1.797693134862e+308, 1.9666e+00, 3.7400e-02, 
 2DIAGNOSTIC,    10, -4.822647496878e-01, 5.583367503300e-04, 1.9996e+00, 3.2999e-02, 
 2DIAGNOSTIC,    11, -4.831344909909e-01, 6.366384573359e-04, 2.0370e+00, 3.7397e-02, 
 2DIAGNOSTIC,    12, -4.835768992608e-01, 6.653898034961e-04, 2.0940e+00, 5.6949e-02, 
 2DIAGNOSTIC,    13, -4.835677565331e-01, 6.290342969320e-04, 2.1371e+00, 4.3144e-02, 
 2DIAGNOSTIC,    14, -4.835733047848e-01, 5.452729208362e-04, 2.1826e+00, 4.5495e-02, 
 2DIAGNOSTIC,    15, -4.835701547259e-01, 4.305772096644e-04, 2.2190e+00, 3.6364e-02, 
 2DIAGNOSTIC,    16, -4.835566913013e-01, 2.956272804806e-04, 2.2547e+00, 3.5725e-02, 
 2DIAGNOSTIC,    17, -4.835523104094e-01, 1.703980275877e-04, 2.2833e+00, 2.8621e-02, 
 2DIAGNOSTIC,    18, -4.835483887838e-01, 1.058854946620e-04, 2.3111e+00, 2.7794e-02, 
 2DIAGNOSTIC,    19, -4.835469915475e-01, 5.203914179109e-05, 2.3388e+00, 2.7700e-02, 
 2DIAGNOSTIC,    20, -4.835401827380e-01, 1.204163299440e-05, 2.3700e+00, 3.1239e-02, 
DIAGNOSTIC,Iteration,metricValue,convergenceValue,ITERATION_TIME_INDEX,SINCE_LAST
 2DIAGNOSTIC,     1, -4.161561167868e-01, 1.797693134862e+308, 3.6355e+00, 1.2654e+00, 
 2DIAGNOSTIC,     2, -4.161756893439e-01, 1.797693134862e+308, 4.0036e+00, 3.6815e-01, 
 2DIAGNOSTIC,     3, -4.161696114509e-01, 1.797693134862e+308, 4.2905e+00, 2.8688e-01, 
 2DIAGNOSTIC,     4, -4.161681503553e-01, 1.797693134862e+308, 4.6883e+00, 3.9780e-01, 
 2DIAGNOSTIC,     5, -4.161678896603e-01, 1.797693134862e+308, 4.9820e+00, 2.9376e-01, 
 2DIAGNOSTIC,     6, -4.161669123586e-01, 1.797693134862e+308, 5.2888e+00, 3.0681e-01, 
 2DIAGNOSTIC,     7, -4.161667485644e-01, 1.797693134862e+308, 5.5881e+00, 2.9927e-01, 
 2DIAGNOSTIC,     8, -4.161656816016e-01, 1.797693134862e+308, 5.8262e+00, 2.3813e-01, 
 2DIAGNOSTIC,     9, -4.161650043539e-01, 1.797693134862e+308, 6.1136e+00, 2.8732e-01, 
 2DIAGNOSTIC,    10, -4.161655463815e-01, 2.943366652797e-06, 6.4086e+00, 2.9504e-01, 
 2DIAGNOSTIC,    11, -4.161636420995e-01, 1.720591502108e-06, 6.6831e+00, 2.7452e-01, 
 2DIAGNOSTIC,    12, -4.161624970810e-01, 1.867462473035e-06, 6.9549e+00, 2.7173e-01, 
 2DIAGNOSTIC,    13, -4.161615819745e-01, 1.698398058594e-06, 7.2487e+00, 2.9380e-01, 
 2DIAGNOSTIC,    14, -4.161624603296e-01, 1.592444846196e-06, 7.5358e+00, 2.8715e-01, 
 2DIAGNOSTIC,    15, -4.161620529815e-01, 1.530180438830e-06, 7.8218e+00, 2.8596e-01, 
 2DIAGNOSTIC,    16, -4.161603835107e-01, 1.417836921147e-06, 8.0763e+00, 2.5454e-01, 
 2DIAGNOSTIC,    17, -4.161625251483e-01, 1.455414123247e-06, 8.3894e+00, 3.1314e-01, 
 2DIAGNOSTIC,    18, -4.161617349627e-01, 1.453854867002e-06, 8.6406e+00, 2.5118e-01, 
 2DIAGNOSTIC,    19, -4.161656140595e-01, 1.594928507639e-06, 8.9159e+00, 2.7524e-01, 
 2DIAGNOSTIC,    20, -4.161678254532e-01, 1.821576332009e-06, 9.3096e+00, 3.9377e-01, 
 2DIAGNOSTIC,    21, -4.161672172262e-01, 1.924327029404e-06, 9.5780e+00, 2.6835e-01, 
 2DIAGNOSTIC,    22, -4.161665846125e-01, 1.927748313507e-06, 9.7950e+00, 2.1706e-01, 
 2DIAGNOSTIC,    23, -4.161660793968e-01, 1.843028036935e-06, 1.0097e+01, 3.0191e-01, 
 2DIAGNOSTIC,    24, -4.161655365535e-01, 1.730448869912e-06, 1.0350e+01, 2.5294e-01, 
 2DIAGNOSTIC,    25, -4.161651834948e-01, 1.568353735097e-06, 1.0597e+01, 2.4679e-01, 
 2DIAGNOSTIC,    26, -4.161660037667e-01, 1.368374529610e-06, 1.0854e+01, 2.5760e-01, 
 2DIAGNOSTIC,    27, -4.161651045497e-01, 1.203105048836e-06, 1.1087e+01, 2.3316e-01, 
 2DIAGNOSTIC,    28, -4.161679884899e-01, 1.097088637873e-06, 1.1386e+01, 2.9864e-01, 
 2DIAGNOSTIC,    29, -4.161710849648e-01, 1.162831212244e-06, 1.1669e+01, 2.8243e-01, 
 2DIAGNOSTIC,    30, -4.161703640306e-01, 1.250475686138e-06, 1.1937e+01, 2.6802e-01, 
 2DIAGNOSTIC,    31, -4.161708142912e-01, 1.313167803552e-06, 1.2201e+01, 2.6447e-01, 
 2DIAGNOSTIC,    32, -4.161710089265e-01, 1.336085263121e-06, 1.2464e+01, 2.6308e-01, 
 2DIAGNOSTIC,    33, -4.161749613450e-01, 1.395595229534e-06, 1.2719e+01, 2.5463e-01, 
 2DIAGNOSTIC,    34, -4.161777487507e-01, 1.452526300381e-06, 1.2941e+01, 2.2252e-01, 
 2DIAGNOSTIC,    35, -4.161792220180e-01, 1.478601724964e-06, 1.3220e+01, 2.7911e-01, 
 2DIAGNOSTIC,    36, -4.161806859651e-01, 1.495439437910e-06, 1.3470e+01, 2.4961e-01, 
 2DIAGNOSTIC,    37, -4.161791778428e-01, 1.407680693080e-06, 1.3688e+01, 2.1833e-01, 
 2DIAGNOSTIC,    38, -4.161838486870e-01, 1.406626903105e-06, 1.3968e+01, 2.7931e-01, 
 2DIAGNOSTIC,    39, -4.161849953104e-01, 1.422742209226e-06, 1.4268e+01, 3.0056e-01, 
 2DIAGNOSTIC,    40, -4.161860914894e-01, 1.386764666742e-06, 1.4623e+01, 3.5499e-01, 
 2DIAGNOSTIC,    41, -4.161854987580e-01, 1.295749605480e-06, 1.4872e+01, 2.4868e-01, 
 2DIAGNOSTIC,    42, -4.161840259992e-01, 1.138573363695e-06, 1.5134e+01, 2.6182e-01, 
 2DIAGNOSTIC,    43, -4.161834049864e-01, 1.004201847746e-06, 1.5359e+01, 2.2541e-01, 
DIAGNOSTIC,Iteration,metricValue,convergenceValue,ITERATION_TIME_INDEX,SINCE_LAST
 2DIAGNOSTIC,     1, -3.834265912371e-01, 1.797693134862e+308, 1.8052e+01, 2.6934e+00, 
 2DIAGNOSTIC,     2, -3.834925053378e-01, 1.797693134862e+308, 1.9849e+01, 1.7963e+00, 
 2DIAGNOSTIC,     3, -3.834978116506e-01, 1.797693134862e+308, 2.1478e+01, 1.6292e+00, 
 2DIAGNOSTIC,     4, -3.835004127749e-01, 1.797693134862e+308, 2.3056e+01, 1.5777e+00, 
 2DIAGNOSTIC,     5, -3.835019582520e-01, 1.797693134862e+308, 2.4609e+01, 1.5532e+00, 
 2DIAGNOSTIC,     6, -3.835049957428e-01, 1.797693134862e+308, 2.6431e+01, 1.8221e+00, 
 2DIAGNOSTIC,     7, -3.835058343727e-01, 1.797693134862e+308, 2.8352e+01, 1.9216e+00, 
 2DIAGNOSTIC,     8, -3.835066498259e-01, 1.797693134862e+308, 3.0439e+01, 2.0861e+00, 
 2DIAGNOSTIC,     9, -3.835062955326e-01, 1.797693134862e+308, 3.2217e+01, 1.7783e+00, 
 2DIAGNOSTIC,    10, -3.835063109000e-01, 1.066660698508e-05, 3.3926e+01, 1.7094e+00, 
 2DIAGNOSTIC,    11, -3.835061571795e-01, 4.747040364753e-06, 3.6218e+01, 2.2918e+00, 
 2DIAGNOSTIC,    12, -3.835060832653e-01, 3.706200378928e-06, 3.7575e+01, 1.3571e+00, 
 2DIAGNOSTIC,    13, -3.835060190724e-01, 3.027825956708e-06, 3.9243e+01, 1.6680e+00, 
 2DIAGNOSTIC,    14, -3.835058638482e-01, 2.523466996820e-06, 4.0879e+01, 1.6354e+00, 
 2DIAGNOSTIC,    15, -3.835058006967e-01, 2.133709223195e-06, 4.2562e+01, 1.6831e+00, 
 2DIAGNOSTIC,    16, -3.835056463975e-01, 1.924177710569e-06, 4.4492e+01, 1.9302e+00, 
 2DIAGNOSTIC,    17, -3.835054775132e-01, 1.773328553535e-06, 4.6053e+01, 1.5615e+00, 
 2DIAGNOSTIC,    18, -3.835053086125e-01, 1.675385374843e-06, 4.7520e+01, 1.4669e+00, 
 2DIAGNOSTIC,    19, -3.835051448148e-01, 1.576051815722e-06, 4.9015e+01, 1.4949e+00, 
 2DIAGNOSTIC,    20, -3.835051658769e-01, 1.497295072039e-06, 5.0518e+01, 1.5032e+00, 
 2DIAGNOSTIC,    21, -3.835053779578e-01, 1.436675312161e-06, 5.2154e+01, 1.6360e+00, 
 2DIAGNOSTIC,    22, -3.835055901418e-01, 1.393331720279e-06, 5.3822e+01, 1.6672e+00, 
 2DIAGNOSTIC,    23, -3.835055251009e-01, 1.354581541824e-06, 5.5567e+01, 1.7456e+00, 
 2DIAGNOSTIC,    24, -3.835054518288e-01, 1.314933130117e-06, 5.7342e+01, 1.7749e+00, 
 2DIAGNOSTIC,    25, -3.835053813429e-01, 1.275595340543e-06, 5.8896e+01, 1.5540e+00, 
 2DIAGNOSTIC,    26, -3.835053141622e-01, 1.232550094273e-06, 6.0536e+01, 1.6394e+00, 
 2DIAGNOSTIC,    27, -3.835053494681e-01, 1.188143192311e-06, 6.2128e+01, 1.5923e+00, 
 2DIAGNOSTIC,    28, -3.835054089359e-01, 1.143229097667e-06, 6.3760e+01, 1.6322e+00, 
 2DIAGNOSTIC,    29, -3.835055814684e-01, 1.101082726974e-06, 6.5257e+01, 1.4968e+00, 
 2DIAGNOSTIC,    30, -3.835053714647e-01, 1.056523025032e-06, 6.7666e+01, 2.4092e+00, 
 2DIAGNOSTIC,    31, -3.835053052294e-01, 1.018740038647e-06, 6.9460e+01, 1.7939e+00, 
  Elapsed time (stage 0): 7.0413e+01


Total elapsed time: 7.0421e+01
Info [verificarlo]: loaded backend libinterflop_ieee.so
Info [interflop-ieee]: load backend with:
Info [interflop-ieee]: debug = false
Info [interflop-ieee]: debug-binary = false
Info [interflop-ieee]: no-backend-name = false
Info [interflop-ieee]: print-new-line = false
Info [interflop-ieee]: print-subnormal-normalized = false
Info [interflop-ieee]: count-op = false
All_Command_lines_OK
Using double precision for computations.
=============================================================================
The composite transform comprises the following transforms (in order): 
  1. /home/mdugre/scratch/mri-registration-rp/datasets/ds004513/derivatives/mri-registration-rp/0001/antsRegistration-r7-p10/sub-s017/rigid_Composite.h5[0] (type = Euler3DTransform)
  2. /home/mdugre/scratch/mri-registration-rp/datasets/ds004513/derivatives/mri-registration-rp/0001/antsRegistration-r7-p10/sub-s017/rigid_Composite.h5[1] (type = Euler3DTransform)
  3. /home/mdugre/scratch/mri-registration-rp/datasets/ds004513/derivatives/mri-registration-rp/0001/antsRegistration-r7-p10/sub-s017/rigid_Composite.h5[2] (type = Euler3DTransform)
=============================================================================
  number of levels = 4
  fixed image: /templateflow/tpl-MNI152NLin2009cAsym/tpl-MNI152NLin2009cAsym_res-01_desc-brain_T1w.nii.gz
  moving image: /home/mdugre/scratch/mri-registration-rp/datasets/ds004513/derivatives/mri-registration-rp/antsBrainExtraction/sub-s017/BrainExtractionBrain.nii.gz
Dimension = 3
Number of stages = 1
Use histogram matching = false
Winsorize image intensities = true
  Lower quantile = 0.005
  Upper quantile = 0.995


Stage 1 State
   Image metric = MattesMI
     Fixed image = Image (0x43a57e0)
  RTTI typeinfo:   itk::Image<double, 3u>
  Reference Count: 2
  Modified Time: 1594
  Debug: Off
  Object Name: 
  Observers: 
    none
  Source: (none)
  Source output name: (none)
  Release Data: Off
  Data Released: False
  Global Release Data: Off
  PipelineMTime: 0
  UpdateMTime: 1203
  RealTimeStamp: 0 seconds 
  LargestPossibleRegion: 
    Dimension: 3
    Index: [0, 0, 0]
    Size: [193, 229, 193]
  BufferedRegion: 
    Dimension: 3
    Index: [0, 0, 0]
    Size: [193, 229, 193]
  RequestedRegion: 
    Dimension: 3
    Index: [0, 0, 0]
    Size: [193, 229, 193]
  Spacing: [1, 1, 1]
  Origin: [96, 132, -78]
  Direction: 
-1 0 0
0 -1 0
0 0 1

  IndexToPointMatrix: 
-1 0 0
0 -1 0
0 0 1

  PointToIndexMatrix: 
-1 0 0
0 -1 0
0 0 1

  Inverse Direction: 
-1 0 0
0 -1 0
0 0 1

  PixelContainer: 
    ImportImageContainer (0x4465a20)
      RTTI typeinfo:   itk::ImportImageContainer<unsigned long, double>
      Reference Count: 1
      Modified Time: 1200
      Debug: Off
      Object Name: 
      Observers: 
        none
      Pointer: 0x1546134fc010
      Container manages memory: true
      Size: 8530021
      Capacity: 8530021

     Moving image = Image (0x4460d70)
  RTTI typeinfo:   itk::Image<double, 3u>
  Reference Count: 2
  Modified Time: 1595
  Debug: Off
  Object Name: 
  Observers: 
    none
  Source: (none)
  Source output name: (none)
  Release Data: Off
  Data Released: False
  Global Release Data: Off
  PipelineMTime: 0
  UpdateMTime: 1592
  RealTimeStamp: 0 seconds 
  LargestPossibleRegion: 
    Dimension: 3
    Index: [0, 0, 0]
    Size: [160, 240, 256]
  BufferedRegion: 
    Dimension: 3
    Index: [0, 0, 0]
    Size: [160, 240, 256]
  RequestedRegion: 
    Dimension: 3
    Index: [0, 0, 0]
    Size: [160, 240, 256]
  Spacing: [1, 1, 1]
  Origin: [91.3357, 102.231, -120.042]
  Direction: 
-0.997442 -5.36781e-05 -0.0714818
5.35416e-05 -1 3.82465e-06
-0.0714818 -1.23894e-08 0.997442

  IndexToPointMatrix: 
-0.997444 -5.36781e-05 -0.0714818
5.35418e-05 -1 3.82465e-06
-0.0714819 -1.23894e-08 0.997442

  PointToIndexMatrix: 
-0.99744 5.35415e-05 -0.0714816
-5.36781e-05 -1 -1.23894e-08
-0.0714818 3.82465e-06 0.997442

  Inverse Direction: 
-0.997442 5.35416e-05 -0.0714818
-5.36781e-05 -1 -1.23894e-08
-0.0714818 3.82465e-06 0.997442

  PixelContainer: 
    ImportImageContainer (0x4418c90)
      RTTI typeinfo:   itk::ImportImageContainer<unsigned long, double>
      Reference Count: 1
      Modified Time: 1589
      Debug: Off
      Object Name: 
      Observers: 
        none
      Pointer: 0x15460e9fb010
      Container manages memory: true
      Size: 9830400
      Capacity: 9830400

     Weighting = 1
     Sampling strategy = regular
     Number of bins = 32
     Radius = 4
     Sampling percentage  = 0.25
   Transform = Affine
     Gradient step = 0.1
     Update field sigma (voxel space) = 0
     Total field sigma (voxel space) = 0
     Update field time sigma = 0
     Total field time sigma  = 0
     Number of time indices = 0
     Number of time point samples = 0
Registration using 1 total stages.

Stage 0
  iterations = 1000x500x250x100
  convergence threshold = 1e-06
  convergence window size = 10
  number of levels = 4
  using the Mattes MI metric (number of bins = 32, weight = 1, use gradient filter = 0)
  preprocessing:  winsorizing the image intensities
  Shrink factors (level 1 out of 4): [8, 8, 8]
  Shrink factors (level 2 out of 4): [4, 4, 4]
  Shrink factors (level 3 out of 4): [2, 2, 2]
  Shrink factors (level 4 out of 4): [1, 1, 1]
  smoothing sigmas per level: [3, 2, 1, 0]
  regular sampling (percentage = 0.25)

*** Running AffineTransform registration ***

DIAGNOSTIC,Iteration,metricValue,convergenceValue,ITERATION_TIME_INDEX,SINCE_LAST
 2DIAGNOSTIC,     1, -5.806290998377e-01, 1.797693134862e+308, 8.1666e-01, 8.1666e-01, 
 2DIAGNOSTIC,     2, -5.832407507879e-01, 1.797693134862e+308, 8.2172e-01, 5.0530e-03, 
 2DIAGNOSTIC,     3, -5.883921006317e-01, 1.797693134862e+308, 8.2677e-01, 5.0519e-03, 
 2DIAGNOSTIC,     4, -5.973582021266e-01, 1.797693134862e+308, 8.3173e-01, 4.9679e-03, 
 2DIAGNOSTIC,     5, -6.166279650773e-01, 1.797693134862e+308, 8.3671e-01, 4.9779e-03, 
 2DIAGNOSTIC,     6, -6.406440243273e-01, 1.797693134862e+308, 8.4195e-01, 5.2409e-03, 
 2DIAGNOSTIC,     7, -7.009864251521e-01, 1.797693134862e+308, 8.4742e-01, 5.4622e-03, 
 2DIAGNOSTIC,     8, -7.630482507314e-01, 1.797693134862e+308, 8.5275e-01, 5.3320e-03, 
 2DIAGNOSTIC,     9, -8.423469023614e-01, 1.797693134862e+308, 8.6099e-01, 8.2450e-03, 
 2DIAGNOSTIC,    10, -8.569694548597e-01, 2.845116127523e-02, 8.6668e-01, 5.6880e-03, 
 2DIAGNOSTIC,    11, -8.701917121404e-01, 2.871708893715e-02, 8.7315e-01, 6.4721e-03, 
 2DIAGNOSTIC,    12, -8.814645614960e-01, 2.683607374045e-02, 8.8296e-01, 9.8040e-03, 
 2DIAGNOSTIC,    13, -8.822368118409e-01, 2.307206285884e-02, 8.8877e-01, 5.8179e-03, 
 2DIAGNOSTIC,    14, -8.834458720565e-01, 1.815384143962e-02, 8.9446e-01, 5.6880e-03, 
 2DIAGNOSTIC,    15, -8.851322802973e-01, 1.292532930021e-02, 9.0019e-01, 5.7271e-03, 
 2DIAGNOSTIC,    16, -8.870480810137e-01, 7.902435107058e-03, 9.0573e-01, 5.5370e-03, 
 2DIAGNOSTIC,    17, -8.886777820124e-01, 4.189413202755e-03, 9.1297e-01, 7.2451e-03, 
 2DIAGNOSTIC,    18, -8.889448811150e-01, 1.810422437386e-03, 9.2040e-01, 7.4241e-03, 
 2DIAGNOSTIC,    19, -8.890594324138e-01, 1.083853142885e-03, 9.2674e-01, 6.3400e-03, 
 2DIAGNOSTIC,    20, -8.887882562415e-01, 5.969783280924e-04, 9.3291e-01, 6.1738e-03, 
 2DIAGNOSTIC,    21, -8.886098616348e-01, 3.264824879642e-04, 9.4051e-01, 7.5998e-03, 
 2DIAGNOSTIC,    22, -8.885249833138e-01, 2.361096499158e-04, 9.4680e-01, 6.2938e-03, 
 2DIAGNOSTIC,    23, -8.882875303459e-01, 1.410432904004e-04, 9.5344e-01, 6.6390e-03, 
 2DIAGNOSTIC,    24, -8.882052345807e-01, 5.851496554909e-05, 9.5921e-01, 5.7631e-03, 
DIAGNOSTIC,Iteration,metricValue,convergenceValue,ITERATION_TIME_INDEX,SINCE_LAST
 2DIAGNOSTIC,     1, -7.469015880033e-01, 1.797693134862e+308, 1.8060e+00, 8.4680e-01, 
 2DIAGNOSTIC,     2, -7.476337610725e-01, 1.797693134862e+308, 1.8454e+00, 3.9409e-02, 
 2DIAGNOSTIC,     3, -7.481984149529e-01, 1.797693134862e+308, 1.8847e+00, 3.9309e-02, 
 2DIAGNOSTIC,     4, -7.485348957178e-01, 1.797693134862e+308, 1.9228e+00, 3.8117e-02, 
 2DIAGNOSTIC,     5, -7.488723349465e-01, 1.797693134862e+308, 1.9607e+00, 3.7900e-02, 
 2DIAGNOSTIC,     6, -7.493028718722e-01, 1.797693134862e+308, 2.0038e+00, 4.3093e-02, 
 2DIAGNOSTIC,     7, -7.498240981727e-01, 1.797693134862e+308, 2.0511e+00, 4.7320e-02, 
 2DIAGNOSTIC,     8, -7.499189038197e-01, 1.797693134862e+308, 2.0876e+00, 3.6418e-02, 
 2DIAGNOSTIC,     9, -7.503981903971e-01, 1.797693134862e+308, 2.1335e+00, 4.5887e-02, 
 2DIAGNOSTIC,    10, -7.505578656827e-01, 3.049238805627e-04, 2.1759e+00, 4.2479e-02, 
 2DIAGNOSTIC,    11, -7.505341234034e-01, 2.389539883797e-04, 2.2188e+00, 4.2829e-02, 
 2DIAGNOSTIC,    12, -7.505061914251e-01, 1.848758124319e-04, 2.2620e+00, 4.3230e-02, 
 2DIAGNOSTIC,    13, -7.505141121252e-01, 1.393602372747e-04, 2.3035e+00, 4.1464e-02, 
 2DIAGNOSTIC,    14, -7.505102733082e-01, 9.677096692369e-05, 2.3471e+00, 4.3659e-02, 
 2DIAGNOSTIC,    15, -7.505029863006e-01, 5.935599107103e-05, 2.3928e+00, 4.5728e-02, 
 2DIAGNOSTIC,    16, -7.504912485638e-01, 3.116311085767e-05, 2.4343e+00, 4.1484e-02, 
 2DIAGNOSTIC,    17, -7.504804688982e-01, 1.513171476110e-05, 2.4726e+00, 3.8286e-02, 
 2DIAGNOSTIC,    18, -7.504860792813e-01, 1.517275343560e-06, 2.5108e+00, 3.8169e-02, 
DIAGNOSTIC,Iteration,metricValue,convergenceValue,ITERATION_TIME_INDEX,SINCE_LAST
 2DIAGNOSTIC,     1, -6.294116115976e-01, 1.797693134862e+308, 3.7238e+00, 1.2130e+00, 
 2DIAGNOSTIC,     2, -6.299274337922e-01, 1.797693134862e+308, 4.0226e+00, 2.9882e-01, 
 2DIAGNOSTIC,     3, -6.304606937730e-01, 1.797693134862e+308, 4.3276e+00, 3.0499e-01, 
 2DIAGNOSTIC,     4, -6.311440983364e-01, 1.797693134862e+308, 4.6443e+00, 3.1668e-01, 
 2DIAGNOSTIC,     5, -6.319613521819e-01, 1.797693134862e+308, 4.9934e+00, 3.4913e-01, 
 2DIAGNOSTIC,     6, -6.326508619961e-01, 1.797693134862e+308, 5.6731e+00, 6.7963e-01, 
 2DIAGNOSTIC,     7, -6.326442432107e-01, 1.797693134862e+308, 6.1420e+00, 4.6893e-01, 
 2DIAGNOSTIC,     8, -6.326421030618e-01, 1.797693134862e+308, 6.4884e+00, 3.4636e-01, 
 2DIAGNOSTIC,     9, -6.326413590734e-01, 1.797693134862e+308, 6.8646e+00, 3.7627e-01, 
 2DIAGNOSTIC,    10, -6.326405356933e-01, 3.607193954894e-04, 7.2309e+00, 3.6627e-01, 
 2DIAGNOSTIC,    11, -6.326380581365e-01, 2.475998168875e-04, 7.5522e+00, 3.2131e-01, 
 2DIAGNOSTIC,    12, -6.326382568974e-01, 1.509095247447e-04, 7.8321e+00, 2.7986e-01, 
 2DIAGNOSTIC,    13, -6.326371997216e-01, 7.419551362216e-05, 8.1587e+00, 3.2663e-01, 
 2DIAGNOSTIC,    14, -6.326376013768e-01, 2.341664950371e-05, 8.4850e+00, 3.2625e-01, 
 2DIAGNOSTIC,    15, -6.326364676620e-01, 1.358505416299e-06, 8.7720e+00, 2.8704e-01, 
 2DIAGNOSTIC,    16, -6.326355130608e-01, 1.489403048213e-06, 9.0753e+00, 3.0335e-01, 
 2DIAGNOSTIC,    17, -6.326348603838e-01, 1.460469358096e-06, 9.4417e+00, 3.6638e-01, 
 2DIAGNOSTIC,    18, -6.326337609715e-01, 1.391313767925e-06, 9.7891e+00, 3.4737e-01, 
 2DIAGNOSTIC,    19, -6.326327161957e-01, 1.322246866373e-06, 1.0083e+01, 2.9383e-01, 
 2DIAGNOSTIC,    20, -6.326305164698e-01, 1.226844856594e-06, 1.0404e+01, 3.2095e-01, 
 2DIAGNOSTIC,    21, -6.326298185778e-01, 1.107474565776e-06, 1.0710e+01, 3.0636e-01, 
 2DIAGNOSTIC,    22, -6.326281932948e-01, 1.008190553584e-06, 1.0997e+01, 2.8706e-01, 
DIAGNOSTIC,Iteration,metricValue,convergenceValue,ITERATION_TIME_INDEX,SINCE_LAST
 2DIAGNOSTIC,     1, -5.634463074105e-01, 1.797693134862e+308, 1.4079e+01, 3.0816e+00, 
 2DIAGNOSTIC,     2, -5.639251009643e-01, 1.797693134862e+308, 1.6019e+01, 1.9398e+00, 
 2DIAGNOSTIC,     3, -5.643935836380e-01, 1.797693134862e+308, 1.7874e+01, 1.8558e+00, 
 2DIAGNOSTIC,     4, -5.653421952541e-01, 1.797693134862e+308, 2.0006e+01, 2.1316e+00, 
 2DIAGNOSTIC,     5, -5.666806241505e-01, 1.797693134862e+308, 2.2971e+01, 2.9652e+00, 
 2DIAGNOSTIC,     6, -5.666788346211e-01, 1.797693134862e+308, 2.5931e+01, 2.9596e+00, 
 2DIAGNOSTIC,     7, -5.666781159102e-01, 1.797693134862e+308, 2.8495e+01, 2.5640e+00, 
 2DIAGNOSTIC,     8, -5.666783270039e-01, 1.797693134862e+308, 3.1357e+01, 2.8620e+00, 
 2DIAGNOSTIC,     9, -5.666785111800e-01, 1.797693134862e+308, 3.3763e+01, 2.4066e+00, 
 2DIAGNOSTIC,    10, -5.666783662458e-01, 3.983098590184e-04, 3.5834e+01, 2.0703e+00, 
 2DIAGNOSTIC,    11, -5.666784839850e-01, 2.625667211265e-04, 3.8045e+01, 2.2113e+00, 
 2DIAGNOSTIC,    12, -5.666783069605e-01, 1.470620988870e-04, 4.0102e+01, 2.0571e+00, 
 2DIAGNOSTIC,    13, -5.666780869523e-01, 5.397383419045e-05, 4.2101e+01, 1.9986e+00, 
 2DIAGNOSTIC,    14, -5.666780311313e-01, 2.165042184088e-06, 4.4291e+01, 2.1898e+00, 
 2DIAGNOSTIC,    15, -5.666779422302e-01, 2.082527768787e-06, 4.6347e+01, 2.0563e+00, 
 2DIAGNOSTIC,    16, -5.666778949884e-01, 1.957161382307e-06, 4.8472e+01, 2.1248e+00, 
 2DIAGNOSTIC,    17, -5.666778116293e-01, 1.825814202147e-06, 5.0382e+01, 1.9104e+00, 
 2DIAGNOSTIC,    18, -5.666777737776e-01, 1.718264527689e-06, 5.2335e+01, 1.9531e+00, 
 2DIAGNOSTIC,    19, -5.666778557255e-01, 1.633875652274e-06, 5.4108e+01, 1.7733e+00, 
 2DIAGNOSTIC,    20, -5.666778450689e-01, 1.557628739372e-06, 5.6055e+01, 1.9465e+00, 
 2DIAGNOSTIC,    21, -5.666778608895e-01, 1.495115760537e-06, 5.7830e+01, 1.7753e+00, 
 2DIAGNOSTIC,    22, -5.666781398546e-01, 1.442715799993e-06, 5.9791e+01, 1.9611e+00, 
 2DIAGNOSTIC,    23, -5.666782365709e-01, 1.392422852575e-06, 6.1775e+01, 1.9834e+00, 
 2DIAGNOSTIC,    24, -5.666783542153e-01, 1.346838465324e-06, 6.4471e+01, 2.6963e+00, 
 2DIAGNOSTIC,    25, -5.666783075847e-01, 1.300296655300e-06, 6.6497e+01, 2.0259e+00, 
 2DIAGNOSTIC,    26, -5.666780996084e-01, 1.249990360309e-06, 6.8710e+01, 2.2132e+00, 
 2DIAGNOSTIC,    27, -5.666777810417e-01, 1.193594301320e-06, 7.0851e+01, 2.1409e+00, 
 2DIAGNOSTIC,    28, -5.666778643853e-01, 1.140665845160e-06, 7.2906e+01, 2.0545e+00, 
 2DIAGNOSTIC,    29, -5.666776651896e-01, 1.088875239266e-06, 7.4691e+01, 1.7851e+00, 
 2DIAGNOSTIC,    30, -5.666776837300e-01, 1.041609071890e-06, 7.6781e+01, 2.0903e+00, 
  Elapsed time (stage 0): 7.8100e+01


Total elapsed time: 7.8105e+01
Info [verificarlo]: loaded backend libinterflop_vprec.so
Info [interflop-vprec]: load backend with: 
Info [interflop-vprec]: precision-binary32 = 10
Info [interflop-vprec]: range-binary32 = 7
Info [interflop-vprec]: precision-binary64 = 10
Info [interflop-vprec]: range-binary64 = 7
Info [interflop-vprec]: mode = ob
Info [interflop-vprec]: error-mode = rel
Info [interflop-vprec]: max-abs-error-exponent = -1022
Info [interflop-vprec]: daz = false
Info [interflop-vprec]: ftz = false
Info [interflop-vprec]: 	instrument = none
Info [interflop-vprec]: 	prec-input-file = (null)
Info [interflop-vprec]: 	prec-output-file = (null)
Info [interflop-vprec]: 	prec-log-file = (null)
All_Command_lines_OK
Using double precision for computations.
=============================================================================
The composite transform comprises the following transforms (in order): 
  1. /home/mdugre/scratch/mri-registration-rp/datasets/ds004513/derivatives/mri-registration-rp/0001/antsRegistration-r7-p10/sub-s017/affine_Composite.h5[0] (type = Euler3DTransform)
  2. /home/mdugre/scratch/mri-registration-rp/datasets/ds004513/derivatives/mri-registration-rp/0001/antsRegistration-r7-p10/sub-s017/affine_Composite.h5[1] (type = Euler3DTransform)
  3. /home/mdugre/scratch/mri-registration-rp/datasets/ds004513/derivatives/mri-registration-rp/0001/antsRegistration-r7-p10/sub-s017/affine_Composite.h5[2] (type = Euler3DTransform)
  4. /home/mdugre/scratch/mri-registration-rp/datasets/ds004513/derivatives/mri-registration-rp/0001/antsRegistration-r7-p10/sub-s017/affine_Composite.h5[3] (type = AffineTransform)
=============================================================================
  number of levels = 4
  fixed image: /templateflow/tpl-MNI152NLin2009cAsym/tpl-MNI152NLin2009cAsym_res-01_desc-brain_T1w.nii.gz
  moving image: /home/mdugre/scratch/mri-registration-rp/datasets/ds004513/derivatives/mri-registration-rp/antsBrainExtraction/sub-s017/BrainExtractionBrain.nii.gz
Dimension = 3
Number of stages = 1
Use histogram matching = false
Winsorize image intensities = true
  Lower quantile = 0.005
  Upper quantile = 0.995


Stage 1 State
   Image metric = CC
     Fixed image = Image (0x444c6f0)
  RTTI typeinfo:   itk::Image<double, 3u>
  Reference Count: 2
  Modified Time: 1606
  Debug: Off
  Object Name: 
  Observers: 
    none
  Source: (none)
  Source output name: (none)
