
##########################
# Experiment information #
##########################

EXPERIMENT_NAME: antsRegistration-r8-p17
VFC_BACKENDS: libinterflop_vprec.so --range-binary32=8 --precision-binary32=17 --range-binary64=8 --precision-binary64=17

SIF_IMG: /home/mdugre/projects/rrg-glatard/mdugre/containers/ants-vprec-no_metrics.simg

SUBJECT_ID: s017
INPUT_IMG: /home/mdugre/scratch/mri-registration-rp/datasets/ds004513/derivatives/mri-registration-rp/antsBrainExtraction/sub-s017/BrainExtractionBrain.nii.gz
OUTPUT_DIR: /home/mdugre/scratch/mri-registration-rp/datasets/ds004513/derivatives/mri-registration-rp/0001/antsRegistration-r8-p17/sub-s017

FIXED_IMG: /templateflow/tpl-MNI152NLin2009cAsym/tpl-MNI152NLin2009cAsym_res-01_desc-brain_T1w.nii.gz
DATA_DIR: /home/mdugre/scratch/mri-registration-rp/datasets/ds004513
TEMPLATEFLOW_DIR: /home/mdugre/projects/rrg-glatard/mdugre/templateflow
ITK_GLOBAL_DEFAULT_NUMBER_OF_THREADS: 16
##########################

Info [verificarlo]: loaded backend libinterflop_ieee.so
Info [interflop-ieee]: load backend with:
Info [interflop-ieee]: debug = false
Info [interflop-ieee]: debug-binary = false
Info [interflop-ieee]: no-backend-name = false
Info [interflop-ieee]: print-new-line = false
Info [interflop-ieee]: print-subnormal-normalized = false
Info [interflop-ieee]: count-op = false
All_Command_lines_OK
Using double precision for computations.
=============================================================================
The composite transform comprises the following transforms (in order): 
  1. Center of mass alignment using fixed image: /templateflow/tpl-MNI152NLin2009cAsym/tpl-MNI152NLin2009cAsym_res-01_desc-brain_T1w.nii.gz and moving image: /home/mdugre/scratch/mri-registration-rp/datasets/ds004513/derivatives/mri-registration-rp/antsBrainExtraction/sub-s017/BrainExtractionBrain.nii.gz (type = Euler3DTransform)
=============================================================================
  number of levels = 1
  fixed image: /templateflow/tpl-MNI152NLin2009cAsym/tpl-MNI152NLin2009cAsym_res-01_desc-brain_T1w.nii.gz
  moving image: /home/mdugre/scratch/mri-registration-rp/datasets/ds004513/derivatives/mri-registration-rp/antsBrainExtraction/sub-s017/BrainExtractionBrain.nii.gz
Dimension = 3
Number of stages = 1
Use histogram matching = false
Winsorize image intensities = true
  Lower quantile = 0.005
  Upper quantile = 0.995


Stage 1 State
   Image metric = MattesMI
     Fixed image = Image (0x3e13e70)
  RTTI typeinfo:   itk::Image<double, 3u>
  Reference Count: 2
  Modified Time: 2334
  Debug: Off
  Object Name: 
  Observers: 
    none
  Source: (none)
  Source output name: (none)
  Release Data: Off
  Data Released: False
  Global Release Data: Off
  PipelineMTime: 0
  UpdateMTime: 1943
  RealTimeStamp: 0 seconds 
  LargestPossibleRegion: 
    Dimension: 3
    Index: [0, 0, 0]
    Size: [193, 229, 193]
  BufferedRegion: 
    Dimension: 3
    Index: [0, 0, 0]
    Size: [193, 229, 193]
  RequestedRegion: 
    Dimension: 3
    Index: [0, 0, 0]
    Size: [193, 229, 193]
  Spacing: [1, 1, 1]
  Origin: [96, 132, -78]
  Direction: 
-1 0 0
0 -1 0
0 0 1

  IndexToPointMatrix: 
-1 0 0
0 -1 0
0 0 1

  PointToIndexMatrix: 
-1 0 0
0 -1 0
0 0 1

  Inverse Direction: 
-1 0 0
0 -1 0
0 0 1

  PixelContainer: 
    ImportImageContainer (0x3e1cc60)
      RTTI typeinfo:   itk::ImportImageContainer<unsigned long, double>
      Reference Count: 1
      Modified Time: 1940
      Debug: Off
      Object Name: 
      Observers: 
        none
      Pointer: 0x14797a1f7010
      Container manages memory: true
      Size: 8530021
      Capacity: 8530021

     Moving image = Image (0x3e1f610)
  RTTI typeinfo:   itk::Image<double, 3u>
  Reference Count: 2
  Modified Time: 2335
  Debug: Off
  Object Name: 
  Observers: 
    none
  Source: (none)
  Source output name: (none)
  Release Data: Off
  Data Released: False
  Global Release Data: Off
  PipelineMTime: 0
  UpdateMTime: 2332
  RealTimeStamp: 0 seconds 
  LargestPossibleRegion: 
    Dimension: 3
    Index: [0, 0, 0]
    Size: [160, 240, 256]
  BufferedRegion: 
    Dimension: 3
    Index: [0, 0, 0]
    Size: [160, 240, 256]
  RequestedRegion: 
    Dimension: 3
    Index: [0, 0, 0]
    Size: [160, 240, 256]
  Spacing: [1, 1, 1]
  Origin: [91.3357, 102.231, -120.042]
  Direction: 
-0.997442 -5.36781e-05 -0.0714818
5.35416e-05 -1 3.82465e-06
-0.0714818 -1.23894e-08 0.997442

  IndexToPointMatrix: 
-0.997444 -5.36781e-05 -0.0714818
5.35418e-05 -1 3.82465e-06
-0.0714819 -1.23894e-08 0.997442

  PointToIndexMatrix: 
-0.99744 5.35415e-05 -0.0714816
-5.36781e-05 -1 -1.23894e-08
-0.0714818 3.82465e-06 0.997442

  Inverse Direction: 
-0.997442 5.35416e-05 -0.0714818
-5.36781e-05 -1 -1.23894e-08
-0.0714818 3.82465e-06 0.997442

  PixelContainer: 
    ImportImageContainer (0x3eb8ef0)
      RTTI typeinfo:   itk::ImportImageContainer<unsigned long, double>
      Reference Count: 1
      Modified Time: 2329
      Debug: Off
      Object Name: 
      Observers: 
        none
      Pointer: 0x1479756f6010
      Container manages memory: true
      Size: 9830400
      Capacity: 9830400

     Weighting = 1
     Sampling strategy = regular
     Number of bins = 32
     Radius = 4
     Sampling percentage  = 0.25
   Transform = Rigid
     Gradient step = 0.1
     Update field sigma (voxel space) = 0
     Total field sigma (voxel space) = 0
     Update field time sigma = 0
     Total field time sigma  = 0
     Number of time indices = 0
     Number of time point samples = 0
Registration using 1 total stages.

Stage 0
  iterations = 0
  convergence threshold = 1e-06
  convergence window size = 10
  number of levels = 1
  using the Mattes MI metric (number of bins = 32, weight = 1, use gradient filter = 0)
  preprocessing:  winsorizing the image intensities
  Shrink factors (level 1 out of 1): [1, 1, 1]
  smoothing sigmas per level: [0]
  regular sampling (percentage = 0.25)

*** Running Euler3DTransform registration ***

  Elapsed time (stage 0): 1.10607


Total elapsed time: 1.10822
Info [verificarlo]: loaded backend libinterflop_ieee.so
Info [interflop-ieee]: load backend with:
Info [interflop-ieee]: debug = false
Info [interflop-ieee]: debug-binary = false
Info [interflop-ieee]: no-backend-name = false
Info [interflop-ieee]: print-new-line = false
Info [interflop-ieee]: print-subnormal-normalized = false
Info [interflop-ieee]: count-op = false
All_Command_lines_OK
Using double precision for computations.
=============================================================================
The composite transform comprises the following transforms (in order): 
  1. /home/mdugre/scratch/mri-registration-rp/datasets/ds004513/derivatives/mri-registration-rp/0001/antsRegistration-r8-p17/sub-s017/align_Composite.h5[0] (type = Euler3DTransform)
  2. /home/mdugre/scratch/mri-registration-rp/datasets/ds004513/derivatives/mri-registration-rp/0001/antsRegistration-r8-p17/sub-s017/align_Composite.h5[1] (type = Euler3DTransform)
=============================================================================
  number of levels = 4
  fixed image: /templateflow/tpl-MNI152NLin2009cAsym/tpl-MNI152NLin2009cAsym_res-01_desc-brain_T1w.nii.gz
  moving image: /home/mdugre/scratch/mri-registration-rp/datasets/ds004513/derivatives/mri-registration-rp/antsBrainExtraction/sub-s017/BrainExtractionBrain.nii.gz
Dimension = 3
Number of stages = 1
Use histogram matching = false
Winsorize image intensities = true
  Lower quantile = 0.005
  Upper quantile = 0.995


Stage 1 State
   Image metric = MattesMI
     Fixed image = Image (0x4853530)
  RTTI typeinfo:   itk::Image<double, 3u>
  Reference Count: 2
  Modified Time: 1580
  Debug: Off
  Object Name: 
  Observers: 
    none
  Source: (none)
  Source output name: (none)
  Release Data: Off
  Data Released: False
  Global Release Data: Off
  PipelineMTime: 0
  UpdateMTime: 1189
  RealTimeStamp: 0 seconds 
  LargestPossibleRegion: 
    Dimension: 3
    Index: [0, 0, 0]
    Size: [193, 229, 193]
  BufferedRegion: 
    Dimension: 3
    Index: [0, 0, 0]
    Size: [193, 229, 193]
  RequestedRegion: 
    Dimension: 3
    Index: [0, 0, 0]
    Size: [193, 229, 193]
  Spacing: [1, 1, 1]
  Origin: [96, 132, -78]
  Direction: 
-1 0 0
0 -1 0
0 0 1

  IndexToPointMatrix: 
-1 0 0
0 -1 0
0 0 1

  PointToIndexMatrix: 
-1 0 0
0 -1 0
0 0 1

  Inverse Direction: 
-1 0 0
0 -1 0
0 0 1

  PixelContainer: 
    ImportImageContainer (0x4911d60)
      RTTI typeinfo:   itk::ImportImageContainer<unsigned long, double>
      Reference Count: 1
      Modified Time: 1186
      Debug: Off
      Object Name: 
      Observers: 
        none
      Pointer: 0x150df7618010
      Container manages memory: true
      Size: 8530021
      Capacity: 8530021

     Moving image = Image (0x4903f60)
  RTTI typeinfo:   itk::Image<double, 3u>
  Reference Count: 2
  Modified Time: 1581
  Debug: Off
  Object Name: 
  Observers: 
    none
  Source: (none)
  Source output name: (none)
  Release Data: Off
  Data Released: False
  Global Release Data: Off
  PipelineMTime: 0
  UpdateMTime: 1578
  RealTimeStamp: 0 seconds 
  LargestPossibleRegion: 
    Dimension: 3
    Index: [0, 0, 0]
    Size: [160, 240, 256]
  BufferedRegion: 
    Dimension: 3
    Index: [0, 0, 0]
    Size: [160, 240, 256]
  RequestedRegion: 
    Dimension: 3
    Index: [0, 0, 0]
    Size: [160, 240, 256]
  Spacing: [1, 1, 1]
  Origin: [91.3357, 102.231, -120.042]
  Direction: 
-0.997442 -5.36781e-05 -0.0714818
5.35416e-05 -1 3.82465e-06
-0.0714818 -1.23894e-08 0.997442

  IndexToPointMatrix: 
-0.997444 -5.36781e-05 -0.0714818
5.35418e-05 -1 3.82465e-06
-0.0714819 -1.23894e-08 0.997442

  PointToIndexMatrix: 
-0.99744 5.35415e-05 -0.0714816
-5.36781e-05 -1 -1.23894e-08
-0.0714818 3.82465e-06 0.997442

  Inverse Direction: 
-0.997442 5.35416e-05 -0.0714818
-5.36781e-05 -1 -1.23894e-08
-0.0714818 3.82465e-06 0.997442

  PixelContainer: 
    ImportImageContainer (0x48f56d0)
      RTTI typeinfo:   itk::ImportImageContainer<unsigned long, double>
      Reference Count: 1
      Modified Time: 1575
      Debug: Off
      Object Name: 
      Observers: 
        none
      Pointer: 0x150df2b17010
      Container manages memory: true
      Size: 9830400
      Capacity: 9830400

     Weighting = 1
     Sampling strategy = regular
     Number of bins = 32
     Radius = 4
     Sampling percentage  = 0.25
   Transform = Rigid
     Gradient step = 0.1
     Update field sigma (voxel space) = 0
     Total field sigma (voxel space) = 0
     Update field time sigma = 0
     Total field time sigma  = 0
     Number of time indices = 0
     Number of time point samples = 0
Registration using 1 total stages.

Stage 0
  iterations = 1000x500x250x100
  convergence threshold = 1e-06
  convergence window size = 10
  number of levels = 4
  using the Mattes MI metric (number of bins = 32, weight = 1, use gradient filter = 0)
  preprocessing:  winsorizing the image intensities
  Shrink factors (level 1 out of 4): [8, 8, 8]
  Shrink factors (level 2 out of 4): [4, 4, 4]
  Shrink factors (level 3 out of 4): [2, 2, 2]
  Shrink factors (level 4 out of 4): [1, 1, 1]
  smoothing sigmas per level: [3, 2, 1, 0]
  regular sampling (percentage = 0.25)

*** Running Euler3DTransform registration ***

DIAGNOSTIC,Iteration,metricValue,convergenceValue,ITERATION_TIME_INDEX,SINCE_LAST
 2DIAGNOSTIC,     1, -5.567767283252e-01, 1.797693134862e+308, 7.0003e-01, 7.0003e-01, 
 2DIAGNOSTIC,     2, -5.584239703569e-01, 1.797693134862e+308, 7.0375e-01, 3.7169e-03, 
 2DIAGNOSTIC,     3, -5.612715515272e-01, 1.797693134862e+308, 7.0740e-01, 3.6559e-03, 
 2DIAGNOSTIC,     4, -5.637780194106e-01, 1.797693134862e+308, 7.1100e-01, 3.5920e-03, 
 2DIAGNOSTIC,     5, -5.658229214212e-01, 1.797693134862e+308, 7.1463e-01, 3.6309e-03, 
 2DIAGNOSTIC,     6, -5.696445468689e-01, 1.797693134862e+308, 7.1824e-01, 3.6130e-03, 
 2DIAGNOSTIC,     7, -5.734118275242e-01, 1.797693134862e+308, 7.2188e-01, 3.6409e-03, 
 2DIAGNOSTIC,     8, -5.754533484979e-01, 1.797693134862e+308, 7.2685e-01, 4.9701e-03, 
 2DIAGNOSTIC,     9, -5.763021950250e-01, 1.797693134862e+308, 7.3055e-01, 3.6960e-03, 
 2DIAGNOSTIC,    10, -5.771142770255e-01, 2.558085388189e-03, 7.3606e-01, 5.5158e-03, 
 2DIAGNOSTIC,    11, -5.785125587612e-01, 2.176117873031e-03, 7.3971e-01, 3.6440e-03, 
 2DIAGNOSTIC,    12, -5.799413348090e-01, 1.786767970983e-03, 7.4383e-01, 4.1211e-03, 
 2DIAGNOSTIC,    13, -5.809477908980e-01, 1.443124036835e-03, 7.4793e-01, 4.1070e-03, 
 2DIAGNOSTIC,    14, -5.814655964876e-01, 1.127354078216e-03, 7.5157e-01, 3.6340e-03, 
 2DIAGNOSTIC,    15, -5.819093877219e-01, 8.331089413524e-04, 7.5566e-01, 4.0870e-03, 
 2DIAGNOSTIC,    16, -5.822326442998e-01, 6.258215683231e-04, 7.5974e-01, 4.0860e-03, 
 2DIAGNOSTIC,    17, -5.825793599843e-01, 5.040365830235e-04, 7.6347e-01, 3.7279e-03, 
 2DIAGNOSTIC,    18, -5.863713925916e-01, 5.095725576641e-04, 7.6725e-01, 3.7808e-03, 
 2DIAGNOSTIC,    19, -5.901617810168e-01, 5.855607354910e-04, 7.7382e-01, 6.5649e-03, 
 2DIAGNOSTIC,    20, -5.906016223816e-01, 6.286272500317e-04, 7.7849e-01, 4.6749e-03, 
 2DIAGNOSTIC,    21, -5.907365705867e-01, 6.467002963849e-04, 7.8264e-01, 4.1521e-03, 
 2DIAGNOSTIC,    22, -5.906256574994e-01, 6.330265936394e-04, 7.8676e-01, 4.1180e-03, 
 2DIAGNOSTIC,    23, -5.906307681711e-01, 5.816453055193e-04, 7.9041e-01, 3.6528e-03, 
 2DIAGNOSTIC,    24, -5.905636622010e-01, 4.878472529234e-04, 7.9409e-01, 3.6740e-03, 
 2DIAGNOSTIC,    25, -5.906024985370e-01, 3.662279783967e-04, 7.9840e-01, 4.3180e-03, 
 2DIAGNOSTIC,    26, -5.906025304324e-01, 2.276984665077e-04, 8.0204e-01, 3.6361e-03, 
 2DIAGNOSTIC,    27, -5.906211320574e-01, 8.394584288757e-05, 8.0569e-01, 3.6521e-03, 
 2DIAGNOSTIC,    28, -5.908796758314e-01, 1.198925031129e-05, 8.0935e-01, 3.6550e-03, 
 2DIAGNOSTIC,    29, -5.911411552395e-01, 1.217108543200e-05, 8.1345e-01, 4.0970e-03, 
 2DIAGNOSTIC,    30, -5.915241330962e-01, 2.456301684414e-05, 8.1896e-01, 5.5120e-03, 
 2DIAGNOSTIC,    31, -5.916229825992e-01, 3.758205306152e-05, 8.2263e-01, 3.6700e-03, 
 2DIAGNOSTIC,    32, -5.916651208817e-01, 4.532975449053e-05, 8.2629e-01, 3.6631e-03, 
 2DIAGNOSTIC,    33, -5.916874987632e-01, 4.885284294531e-05, 8.2995e-01, 3.6638e-03, 
 2DIAGNOSTIC,    34, -5.917053822200e-01, 4.682712858674e-05, 8.3425e-01, 4.2999e-03, 
 2DIAGNOSTIC,    35, -5.917390904868e-01, 4.153275817283e-05, 8.4450e-01, 1.0246e-02, 
 2DIAGNOSTIC,    36, -5.917390912695e-01, 3.272086429365e-05, 8.4821e-01, 3.7069e-03, 
 2DIAGNOSTIC,    37, -5.917391070342e-01, 2.163060314808e-05, 8.5194e-01, 3.7291e-03, 
 2DIAGNOSTIC,    38, -5.917391330930e-01, 1.245673595330e-05, 8.5574e-01, 3.8080e-03, 
 2DIAGNOSTIC,    39, -5.917391754735e-01, 5.801896389972e-06, 8.5947e-01, 3.7260e-03, 
 2DIAGNOSTIC,    40, -5.917392424311e-01, 3.643428652358e-06, 8.6316e-01, 3.6931e-03, 
 2DIAGNOSTIC,    41, -5.917393428829e-01, 2.487109299211e-06, 8.6690e-01, 3.7360e-03, 
 2DIAGNOSTIC,    42, -5.917394845334e-01, 1.715730317816e-06, 8.7062e-01, 3.7189e-03, 
 2DIAGNOSTIC,    43, -5.917396625587e-01, 1.144189314982e-06, 8.7432e-01, 3.7000e-03, 
DIAGNOSTIC,Iteration,metricValue,convergenceValue,ITERATION_TIME_INDEX,SINCE_LAST
 2DIAGNOSTIC,     1, -4.784004501423e-01, 1.797693134862e+308, 1.6133e+00, 7.3895e-01, 
 2DIAGNOSTIC,     2, -4.783999131492e-01, 1.797693134862e+308, 1.6393e+00, 2.5995e-02, 
 2DIAGNOSTIC,     3, -4.784190365430e-01, 1.797693134862e+308, 1.6687e+00, 2.9409e-02, 
 2DIAGNOSTIC,     4, -4.785028756515e-01, 1.797693134862e+308, 1.6946e+00, 2.5959e-02, 
 2DIAGNOSTIC,     5, -4.786647485435e-01, 1.797693134862e+308, 1.7209e+00, 2.6220e-02, 
 2DIAGNOSTIC,     6, -4.788099932964e-01, 1.797693134862e+308, 1.7473e+00, 2.6492e-02, 
 2DIAGNOSTIC,     7, -4.794645847222e-01, 1.797693134862e+308, 1.7736e+00, 2.6291e-02, 
 2DIAGNOSTIC,     8, -4.813619171755e-01, 1.797693134862e+308, 1.8104e+00, 3.6783e-02, 
 2DIAGNOSTIC,     9, -4.817935635329e-01, 1.797693134862e+308, 1.8398e+00, 2.9329e-02, 
 2DIAGNOSTIC,    10, -4.822647496889e-01, 5.583367504062e-04, 1.8652e+00, 2.5460e-02, 
 2DIAGNOSTIC,    11, -4.831344909908e-01, 6.366384574137e-04, 1.8948e+00, 2.9621e-02, 
 2DIAGNOSTIC,    12, -4.835768992590e-01, 6.653898034856e-04, 1.9390e+00, 4.4183e-02, 
 2DIAGNOSTIC,    13, -4.835677565326e-01, 6.290342969107e-04, 1.9729e+00, 3.3889e-02, 
 2DIAGNOSTIC,    14, -4.835733047843e-01, 5.452729208046e-04, 2.0119e+00, 3.8967e-02, 
 2DIAGNOSTIC,    15, -4.835701547254e-01, 4.305772096238e-04, 2.0445e+00, 3.2639e-02, 
 2DIAGNOSTIC,    16, -4.835566913009e-01, 2.956272804381e-04, 2.0764e+00, 3.1886e-02, 
 2DIAGNOSTIC,    17, -4.835523104090e-01, 1.703980275476e-04, 2.1083e+00, 3.1928e-02, 
 2DIAGNOSTIC,    18, -4.835483887835e-01, 1.058854946254e-04, 2.1365e+00, 2.8209e-02, 
 2DIAGNOSTIC,    19, -4.835469915473e-01, 5.203914177570e-05, 2.1661e+00, 2.9545e-02, 
 2DIAGNOSTIC,    20, -4.835401827380e-01, 1.204163304256e-05, 2.1978e+00, 3.1751e-02, 
DIAGNOSTIC,Iteration,metricValue,convergenceValue,ITERATION_TIME_INDEX,SINCE_LAST
 2DIAGNOSTIC,     1, -4.161561167870e-01, 1.797693134862e+308, 3.2993e+00, 1.1014e+00, 
 2DIAGNOSTIC,     2, -4.161756893438e-01, 1.797693134862e+308, 3.5549e+00, 2.5560e-01, 
 2DIAGNOSTIC,     3, -4.161696114508e-01, 1.797693134862e+308, 3.7860e+00, 2.3110e-01, 
 2DIAGNOSTIC,     4, -4.161681503552e-01, 1.797693134862e+308, 4.1123e+00, 3.2635e-01, 
 2DIAGNOSTIC,     5, -4.161678896602e-01, 1.797693134862e+308, 4.3528e+00, 2.4050e-01, 
 2DIAGNOSTIC,     6, -4.161669123584e-01, 1.797693134862e+308, 4.5903e+00, 2.3752e-01, 
 2DIAGNOSTIC,     7, -4.161667485643e-01, 1.797693134862e+308, 4.8206e+00, 2.3025e-01, 
 2DIAGNOSTIC,     8, -4.161656816015e-01, 1.797693134862e+308, 5.0188e+00, 1.9818e-01, 
 2DIAGNOSTIC,     9, -4.161650043538e-01, 1.797693134862e+308, 5.2314e+00, 2.1264e-01, 
 2DIAGNOSTIC,    10, -4.161655463814e-01, 2.943366621808e-06, 5.5014e+00, 2.6996e-01, 
 2DIAGNOSTIC,    11, -4.161636420994e-01, 1.720591496557e-06, 5.7314e+00, 2.3001e-01, 
 2DIAGNOSTIC,    12, -4.161624970809e-01, 1.867462473507e-06, 5.9465e+00, 2.1509e-01, 
 2DIAGNOSTIC,    13, -4.161615819744e-01, 1.698398060274e-06, 6.1643e+00, 2.1785e-01, 
 2DIAGNOSTIC,    14, -4.161624603295e-01, 1.592444846446e-06, 6.3839e+00, 2.1954e-01, 
 2DIAGNOSTIC,    15, -4.161620529814e-01, 1.530180436526e-06, 6.6108e+00, 2.2699e-01, 
 2DIAGNOSTIC,    16, -4.161603835106e-01, 1.417836918122e-06, 6.8230e+00, 2.1212e-01, 
 2DIAGNOSTIC,    17, -4.161625251481e-01, 1.455414118751e-06, 7.0402e+00, 2.1724e-01, 
 2DIAGNOSTIC,    18, -4.161617349625e-01, 1.453854862464e-06, 7.2420e+00, 2.0181e-01, 
 2DIAGNOSTIC,    19, -4.161656140594e-01, 1.594928503358e-06, 7.4660e+00, 2.2402e-01, 
 2DIAGNOSTIC,    20, -4.161678254530e-01, 1.821576326839e-06, 7.7559e+00, 2.8991e-01, 
 2DIAGNOSTIC,    21, -4.161672172260e-01, 1.924327025102e-06, 7.9998e+00, 2.4390e-01, 
 2DIAGNOSTIC,    22, -4.161665846124e-01, 1.927748310884e-06, 8.1857e+00, 1.8586e-01, 
 2DIAGNOSTIC,    23, -4.161660793966e-01, 1.843028035103e-06, 8.4049e+00, 2.1924e-01, 
 2DIAGNOSTIC,    24, -4.161655365533e-01, 1.730448867698e-06, 8.5922e+00, 1.8722e-01, 
 2DIAGNOSTIC,    25, -4.161651834947e-01, 1.568353733356e-06, 8.7817e+00, 1.8957e-01, 
 2DIAGNOSTIC,    26, -4.161660037665e-01, 1.368374529610e-06, 8.9984e+00, 2.1664e-01, 
 2DIAGNOSTIC,    27, -4.161651045496e-01, 1.203105050682e-06, 9.1926e+00, 1.9422e-01, 
 2DIAGNOSTIC,    28, -4.161679884898e-01, 1.097088640739e-06, 9.4084e+00, 2.1582e-01, 
 2DIAGNOSTIC,    29, -4.161710849648e-01, 1.162831217101e-06, 9.6220e+00, 2.1361e-01, 
 2DIAGNOSTIC,    30, -4.161703640305e-01, 1.250475691356e-06, 9.8441e+00, 2.2206e-01, 
 2DIAGNOSTIC,    31, -4.161708142911e-01, 1.313167808180e-06, 1.0064e+01, 2.1968e-01, 
 2DIAGNOSTIC,    32, -4.161710089264e-01, 1.336085266340e-06, 1.0263e+01, 1.9925e-01, 
 2DIAGNOSTIC,    33, -4.161749613448e-01, 1.395595230803e-06, 1.0479e+01, 2.1612e-01, 
 2DIAGNOSTIC,    34, -4.161777487505e-01, 1.452526298414e-06, 1.0664e+01, 1.8501e-01, 
 2DIAGNOSTIC,    35, -4.161792220177e-01, 1.478601718428e-06, 1.0893e+01, 2.2871e-01, 
 2DIAGNOSTIC,    36, -4.161806859648e-01, 1.495439427384e-06, 1.1124e+01, 2.3158e-01, 
 2DIAGNOSTIC,    37, -4.161791778425e-01, 1.407680680701e-06, 1.1324e+01, 1.9957e-01, 
 2DIAGNOSTIC,    38, -4.161838486866e-01, 1.406626888883e-06, 1.1586e+01, 2.6199e-01, 
 2DIAGNOSTIC,    39, -4.161849953100e-01, 1.422742194234e-06, 1.1831e+01, 2.4509e-01, 
 2DIAGNOSTIC,    40, -4.161860914890e-01, 1.386764652965e-06, 1.2119e+01, 2.8840e-01, 
 2DIAGNOSTIC,    41, -4.161854987576e-01, 1.295749593688e-06, 1.2337e+01, 2.1713e-01, 
 2DIAGNOSTIC,    42, -4.161840259988e-01, 1.138573354795e-06, 1.2578e+01, 2.4179e-01, 
 2DIAGNOSTIC,    43, -4.161834049860e-01, 1.004201842146e-06, 1.2778e+01, 1.9994e-01, 
DIAGNOSTIC,Iteration,metricValue,convergenceValue,ITERATION_TIME_INDEX,SINCE_LAST
 2DIAGNOSTIC,     1, -3.834265912349e-01, 1.797693134862e+308, 1.5282e+01, 2.5033e+00, 
 2DIAGNOSTIC,     2, -3.834925053364e-01, 1.797693134862e+308, 1.6616e+01, 1.3346e+00, 
 2DIAGNOSTIC,     3, -3.834978116487e-01, 1.797693134862e+308, 1.8128e+01, 1.5123e+00, 
 2DIAGNOSTIC,     4, -3.835004127735e-01, 1.797693134862e+308, 1.9639e+01, 1.5111e+00, 
 2DIAGNOSTIC,     5, -3.835019582514e-01, 1.797693134862e+308, 2.1216e+01, 1.5766e+00, 
 2DIAGNOSTIC,     6, -3.835049957420e-01, 1.797693134862e+308, 2.2933e+01, 1.7168e+00, 
 2DIAGNOSTIC,     7, -3.835058343721e-01, 1.797693134862e+308, 2.4749e+01, 1.8162e+00, 
 2DIAGNOSTIC,     8, -3.835066498254e-01, 1.797693134862e+308, 2.6567e+01, 1.8180e+00, 
 2DIAGNOSTIC,     9, -3.835062955321e-01, 1.797693134862e+308, 2.8236e+01, 1.6691e+00, 
 2DIAGNOSTIC,    10, -3.835063108996e-01, 1.066660727547e-05, 2.9897e+01, 1.6608e+00, 
 2DIAGNOSTIC,    11, -3.835061571790e-01, 4.747040567341e-06, 3.2042e+01, 2.1455e+00, 
 2DIAGNOSTIC,    12, -3.835060832649e-01, 3.706200545170e-06, 3.3400e+01, 1.3576e+00, 
 2DIAGNOSTIC,    13, -3.835060190720e-01, 3.027826047219e-06, 3.4938e+01, 1.5376e+00, 
 2DIAGNOSTIC,    14, -3.835058638478e-01, 2.523467036872e-06, 3.6379e+01, 1.4410e+00, 
 2DIAGNOSTIC,    15, -3.835058006963e-01, 2.133709253477e-06, 3.7871e+01, 1.4921e+00, 
 2DIAGNOSTIC,    16, -3.835056463970e-01, 1.924177719617e-06, 3.9691e+01, 1.8206e+00, 
 2DIAGNOSTIC,    17, -3.835054775128e-01, 1.773328556984e-06, 4.1225e+01, 1.5334e+00, 
 2DIAGNOSTIC,    18, -3.835053086121e-01, 1.675385376626e-06, 4.2577e+01, 1.3522e+00, 
 2DIAGNOSTIC,    19, -3.835051448143e-01, 1.576051816991e-06, 4.3939e+01, 1.3626e+00, 
 2DIAGNOSTIC,    20, -3.835051658765e-01, 1.497295073427e-06, 4.5348e+01, 1.4082e+00, 
 2DIAGNOSTIC,    21, -3.835053779574e-01, 1.436675312987e-06, 4.6939e+01, 1.5910e+00, 
 2DIAGNOSTIC,    22, -3.835055901414e-01, 1.393331720619e-06, 4.8564e+01, 1.6252e+00, 
 2DIAGNOSTIC,    23, -3.835055251005e-01, 1.354581542039e-06, 5.0185e+01, 1.6210e+00, 
 2DIAGNOSTIC,    24, -3.835054518284e-01, 1.314933130325e-06, 5.1687e+01, 1.5022e+00, 
 2DIAGNOSTIC,    25, -3.835053813425e-01, 1.275595340841e-06, 5.3047e+01, 1.3601e+00, 
 2DIAGNOSTIC,    26, -3.835053141618e-01, 1.232550094828e-06, 5.4454e+01, 1.4067e+00, 
 2DIAGNOSTIC,    27, -3.835053494677e-01, 1.188143193123e-06, 5.5882e+01, 1.4281e+00, 
 2DIAGNOSTIC,    28, -3.835054089355e-01, 1.143229098888e-06, 5.7436e+01, 1.5541e+00, 
 2DIAGNOSTIC,    29, -3.835055814680e-01, 1.101082728598e-06, 5.8842e+01, 1.4065e+00, 
 2DIAGNOSTIC,    30, -3.835053714643e-01, 1.056523026802e-06, 6.0876e+01, 2.0338e+00, 
 2DIAGNOSTIC,    31, -3.835053052290e-01, 1.018740040132e-06, 6.2392e+01, 1.5157e+00, 
  Elapsed time (stage 0): 6.3224e+01


Total elapsed time: 6.3227e+01
Info [verificarlo]: loaded backend libinterflop_ieee.so
Info [interflop-ieee]: load backend with:
Info [interflop-ieee]: debug = false
Info [interflop-ieee]: debug-binary = false
Info [interflop-ieee]: no-backend-name = false
Info [interflop-ieee]: print-new-line = false
Info [interflop-ieee]: print-subnormal-normalized = false
Info [interflop-ieee]: count-op = false
All_Command_lines_OK
Using double precision for computations.
=============================================================================
The composite transform comprises the following transforms (in order): 
  1. /home/mdugre/scratch/mri-registration-rp/datasets/ds004513/derivatives/mri-registration-rp/0001/antsRegistration-r8-p17/sub-s017/rigid_Composite.h5[0] (type = Euler3DTransform)
  2. /home/mdugre/scratch/mri-registration-rp/datasets/ds004513/derivatives/mri-registration-rp/0001/antsRegistration-r8-p17/sub-s017/rigid_Composite.h5[1] (type = Euler3DTransform)
  3. /home/mdugre/scratch/mri-registration-rp/datasets/ds004513/derivatives/mri-registration-rp/0001/antsRegistration-r8-p17/sub-s017/rigid_Composite.h5[2] (type = Euler3DTransform)
=============================================================================
  number of levels = 4
  fixed image: /templateflow/tpl-MNI152NLin2009cAsym/tpl-MNI152NLin2009cAsym_res-01_desc-brain_T1w.nii.gz
  moving image: /home/mdugre/scratch/mri-registration-rp/datasets/ds004513/derivatives/mri-registration-rp/antsBrainExtraction/sub-s017/BrainExtractionBrain.nii.gz
Dimension = 3
Number of stages = 1
Use histogram matching = false
Winsorize image intensities = true
  Lower quantile = 0.005
  Upper quantile = 0.995


Stage 1 State
   Image metric = MattesMI
     Fixed image = Image (0x37ac7e0)
  RTTI typeinfo:   itk::Image<double, 3u>
  Reference Count: 2
  Modified Time: 1594
  Debug: Off
  Object Name: 
  Observers: 
    none
  Source: (none)
  Source output name: (none)
  Release Data: Off
  Data Released: False
  Global Release Data: Off
  PipelineMTime: 0
  UpdateMTime: 1203
  RealTimeStamp: 0 seconds 
  LargestPossibleRegion: 
    Dimension: 3
    Index: [0, 0, 0]
    Size: [193, 229, 193]
  BufferedRegion: 
    Dimension: 3
    Index: [0, 0, 0]
    Size: [193, 229, 193]
  RequestedRegion: 
    Dimension: 3
    Index: [0, 0, 0]
    Size: [193, 229, 193]
  Spacing: [1, 1, 1]
  Origin: [96, 132, -78]
  Direction: 
-1 0 0
0 -1 0
0 0 1

  IndexToPointMatrix: 
-1 0 0
0 -1 0
0 0 1

  PointToIndexMatrix: 
-1 0 0
0 -1 0
0 0 1

  Inverse Direction: 
-1 0 0
0 -1 0
0 0 1

  PixelContainer: 
    ImportImageContainer (0x386ca20)
      RTTI typeinfo:   itk::ImportImageContainer<unsigned long, double>
      Reference Count: 1
      Modified Time: 1200
      Debug: Off
      Object Name: 
      Observers: 
        none
      Pointer: 0x15386257f010
      Container manages memory: true
      Size: 8530021
      Capacity: 8530021

     Moving image = Image (0x3867d70)
  RTTI typeinfo:   itk::Image<double, 3u>
  Reference Count: 2
  Modified Time: 1595
  Debug: Off
  Object Name: 
  Observers: 
    none
  Source: (none)
  Source output name: (none)
  Release Data: Off
  Data Released: False
  Global Release Data: Off
  PipelineMTime: 0
  UpdateMTime: 1592
  RealTimeStamp: 0 seconds 
  LargestPossibleRegion: 
    Dimension: 3
    Index: [0, 0, 0]
    Size: [160, 240, 256]
  BufferedRegion: 
    Dimension: 3
    Index: [0, 0, 0]
    Size: [160, 240, 256]
  RequestedRegion: 
    Dimension: 3
    Index: [0, 0, 0]
    Size: [160, 240, 256]
  Spacing: [1, 1, 1]
  Origin: [91.3357, 102.231, -120.042]
  Direction: 
-0.997442 -5.36781e-05 -0.0714818
5.35416e-05 -1 3.82465e-06
-0.0714818 -1.23894e-08 0.997442

  IndexToPointMatrix: 
-0.997444 -5.36781e-05 -0.0714818
5.35418e-05 -1 3.82465e-06
-0.0714819 -1.23894e-08 0.997442

  PointToIndexMatrix: 
-0.99744 5.35415e-05 -0.0714816
-5.36781e-05 -1 -1.23894e-08
-0.0714818 3.82465e-06 0.997442

  Inverse Direction: 
-0.997442 5.35416e-05 -0.0714818
-5.36781e-05 -1 -1.23894e-08
-0.0714818 3.82465e-06 0.997442

  PixelContainer: 
    ImportImageContainer (0x381fc90)
      RTTI typeinfo:   itk::ImportImageContainer<unsigned long, double>
      Reference Count: 1
      Modified Time: 1589
      Debug: Off
      Object Name: 
      Observers: 
        none
      Pointer: 0x15385da7e010
      Container manages memory: true
      Size: 9830400
      Capacity: 9830400

     Weighting = 1
     Sampling strategy = regular
     Number of bins = 32
     Radius = 4
     Sampling percentage  = 0.25
   Transform = Affine
     Gradient step = 0.1
     Update field sigma (voxel space) = 0
     Total field sigma (voxel space) = 0
     Update field time sigma = 0
     Total field time sigma  = 0
     Number of time indices = 0
     Number of time point samples = 0
Registration using 1 total stages.

Stage 0
  iterations = 1000x500x250x100
  convergence threshold = 1e-06
  convergence window size = 10
  number of levels = 4
  using the Mattes MI metric (number of bins = 32, weight = 1, use gradient filter = 0)
  preprocessing:  winsorizing the image intensities
  Shrink factors (level 1 out of 4): [8, 8, 8]
  Shrink factors (level 2 out of 4): [4, 4, 4]
  Shrink factors (level 3 out of 4): [2, 2, 2]
  Shrink factors (level 4 out of 4): [1, 1, 1]
  smoothing sigmas per level: [3, 2, 1, 0]
  regular sampling (percentage = 0.25)

*** Running AffineTransform registration ***

DIAGNOSTIC,Iteration,metricValue,convergenceValue,ITERATION_TIME_INDEX,SINCE_LAST
 2DIAGNOSTIC,     1, -5.806290998414e-01, 1.797693134862e+308, 6.4848e-01, 6.4848e-01, 
 2DIAGNOSTIC,     2, -5.832407507913e-01, 1.797693134862e+308, 6.5308e-01, 4.5969e-03, 
 2DIAGNOSTIC,     3, -5.883921006200e-01, 1.797693134862e+308, 6.5693e-01, 3.8481e-03, 
 2DIAGNOSTIC,     4, -5.973582020965e-01, 1.797693134862e+308, 6.6111e-01, 4.1809e-03, 
 2DIAGNOSTIC,     5, -6.166279651432e-01, 1.797693134862e+308, 6.6601e-01, 4.9009e-03, 
 2DIAGNOSTIC,     6, -6.406440244479e-01, 1.797693134862e+308, 6.6999e-01, 3.9830e-03, 
 2DIAGNOSTIC,     7, -7.009864255599e-01, 1.797693134862e+308, 6.7432e-01, 4.3230e-03, 
 2DIAGNOSTIC,     8, -7.630482513359e-01, 1.797693134862e+308, 6.7870e-01, 4.3859e-03, 
 2DIAGNOSTIC,     9, -8.423469021914e-01, 1.797693134862e+308, 6.8489e-01, 6.1920e-03, 
 2DIAGNOSTIC,    10, -8.569694551230e-01, 2.845116130161e-02, 6.8970e-01, 4.8101e-03, 
 2DIAGNOSTIC,    11, -8.701917123020e-01, 2.871708895409e-02, 6.9461e-01, 4.9090e-03, 
 2DIAGNOSTIC,    12, -8.814645613983e-01, 2.683607374019e-02, 7.0232e-01, 7.7078e-03, 
 2DIAGNOSTIC,    13, -8.822368117020e-01, 2.307206284330e-02, 7.0679e-01, 4.4699e-03, 
 2DIAGNOSTIC,    14, -8.834458719736e-01, 1.815384141377e-02, 7.1103e-01, 4.2369e-03, 
 2DIAGNOSTIC,    15, -8.851322802435e-01, 1.292532927080e-02, 7.1573e-01, 4.7021e-03, 
 2DIAGNOSTIC,    16, -8.870480809825e-01, 7.902435078504e-03, 7.2013e-01, 4.4000e-03, 
 2DIAGNOSTIC,    17, -8.886777819932e-01, 4.189413183861e-03, 7.2528e-01, 5.1451e-03, 
 2DIAGNOSTIC,    18, -8.889448810740e-01, 1.810422432672e-03, 7.3097e-01, 5.6951e-03, 
 2DIAGNOSTIC,    19, -8.890594323655e-01, 1.083853135515e-03, 7.3559e-01, 4.6229e-03, 
 2DIAGNOSTIC,    20, -8.887882561969e-01, 5.969783269530e-04, 7.4080e-01, 5.2042e-03, 
 2DIAGNOSTIC,    21, -8.886098615926e-01, 3.264824908777e-04, 7.4646e-01, 5.6670e-03, 
 2DIAGNOSTIC,    22, -8.885249832724e-01, 2.361096519966e-04, 7.5134e-01, 4.8759e-03, 
 2DIAGNOSTIC,    23, -8.882875303044e-01, 1.410432908852e-04, 7.5653e-01, 5.1870e-03, 
 2DIAGNOSTIC,    24, -8.882052345397e-01, 5.851496537470e-05, 7.6112e-01, 4.5888e-03, 
DIAGNOSTIC,Iteration,metricValue,convergenceValue,ITERATION_TIME_INDEX,SINCE_LAST
 2DIAGNOSTIC,     1, -7.469015879720e-01, 1.797693134862e+308, 1.4249e+00, 6.6377e-01, 
 2DIAGNOSTIC,     2, -7.476337610469e-01, 1.797693134862e+308, 1.4598e+00, 3.4930e-02, 
 2DIAGNOSTIC,     3, -7.481984149326e-01, 1.797693134862e+308, 1.4941e+00, 3.4295e-02, 
 2DIAGNOSTIC,     4, -7.485348956997e-01, 1.797693134862e+308, 1.5287e+00, 3.4552e-02, 
 2DIAGNOSTIC,     5, -7.488723349313e-01, 1.797693134862e+308, 1.5634e+00, 3.4708e-02, 
 2DIAGNOSTIC,     6, -7.493028718382e-01, 1.797693134862e+308, 1.6041e+00, 4.0760e-02, 
 2DIAGNOSTIC,     7, -7.498240981590e-01, 1.797693134862e+308, 1.6470e+00, 4.2858e-02, 
 2DIAGNOSTIC,     8, -7.499189037957e-01, 1.797693134862e+308, 1.6819e+00, 3.4885e-02, 
 2DIAGNOSTIC,     9, -7.503981904071e-01, 1.797693134862e+308, 1.7253e+00, 4.3469e-02, 
 2DIAGNOSTIC,    10, -7.505578656729e-01, 3.049238824213e-04, 1.7600e+00, 3.4642e-02, 
 2DIAGNOSTIC,    11, -7.505227890109e-01, 2.385634263656e-04, 1.7983e+00, 3.8359e-02, 
 2DIAGNOSTIC,    12, -7.505011734267e-01, 1.844045617919e-04, 1.8373e+00, 3.8964e-02, 
 2DIAGNOSTIC,    13, -7.505088021155e-01, 1.388455001725e-04, 1.8717e+00, 3.4392e-02, 
 2DIAGNOSTIC,    14, -7.504878836945e-01, 9.580050901439e-05, 1.9061e+00, 3.4417e-02, 
 2DIAGNOSTIC,    15, -7.504848086767e-01, 5.820152880848e-05, 1.9411e+00, 3.5027e-02, 
 2DIAGNOSTIC,    16, -7.504811132295e-01, 3.014018329413e-05, 1.9729e+00, 3.1722e-02, 
 2DIAGNOSTIC,    17, -7.505241476777e-01, 1.550749279765e-05, 2.0156e+00, 4.2780e-02, 
 2DIAGNOSTIC,    18, -7.505179085459e-01, 2.820146395077e-06, 2.0546e+00, 3.8934e-02, 
DIAGNOSTIC,Iteration,metricValue,convergenceValue,ITERATION_TIME_INDEX,SINCE_LAST
 2DIAGNOSTIC,     1, -6.294203912758e-01, 1.797693134862e+308, 3.0433e+00, 9.8869e-01, 
 2DIAGNOSTIC,     2, -6.299360831185e-01, 1.797693134862e+308, 3.2873e+00, 2.4400e-01, 
 2DIAGNOSTIC,     3, -6.304673519145e-01, 1.797693134862e+308, 3.5345e+00, 2.4725e-01, 
 2DIAGNOSTIC,     4, -6.311514353186e-01, 1.797693134862e+308, 3.7983e+00, 2.6378e-01, 
 2DIAGNOSTIC,     5, -6.319702681991e-01, 1.797693134862e+308, 4.0752e+00, 2.7690e-01, 
 2DIAGNOSTIC,     6, -6.327349058013e-01, 1.797693134862e+308, 4.5033e+00, 4.2807e-01, 
 2DIAGNOSTIC,     7, -6.327262345598e-01, 1.797693134862e+308, 4.8037e+00, 3.0040e-01, 
 2DIAGNOSTIC,     8, -6.327233168899e-01, 1.797693134862e+308, 5.1111e+00, 3.0741e-01, 
 2DIAGNOSTIC,     9, -6.327209142200e-01, 1.797693134862e+308, 5.4695e+00, 3.5848e-01, 
 2DIAGNOSTIC,    10, -6.327171668782e-01, 3.710164724035e-04, 5.7875e+00, 3.1792e-01, 
 2DIAGNOSTIC,    11, -6.327147598947e-01, 2.563048516237e-04, 6.0820e+00, 2.9457e-01, 
 2DIAGNOSTIC,    12, -6.327139076369e-01, 1.574547231259e-04, 6.3636e+00, 2.8155e-01, 
 2DIAGNOSTIC,    13, -6.327092409609e-01, 7.817078974964e-05, 6.6727e+00, 3.0912e-01, 
 2DIAGNOSTIC,    14, -6.327084294946e-01, 2.484079935761e-05, 6.9668e+00, 2.9411e-01, 
DIAGNOSTIC,Iteration,metricValue,convergenceValue,ITERATION_TIME_INDEX,SINCE_LAST
 2DIAGNOSTIC,     1, -5.635833751819e-01, 1.797693134862e+308, 9.8631e+00, 2.8963e+00, 
 2DIAGNOSTIC,     2, -5.640382245533e-01, 1.797693134862e+308, 1.1806e+01, 1.9429e+00, 
 2DIAGNOSTIC,     3, -5.644828392373e-01, 1.797693134862e+308, 1.3681e+01, 1.8749e+00, 
 2DIAGNOSTIC,     4, -5.656655296092e-01, 1.797693134862e+308, 1.8567e+01, 4.8858e+00, 
 2DIAGNOSTIC,     5, -5.656655750607e-01, 1.797693134862e+308, 2.0530e+01, 1.9635e+00, 
 2DIAGNOSTIC,     6, -5.656654726191e-01, 1.797693134862e+308, 2.2456e+01, 1.9258e+00, 
 2DIAGNOSTIC,     7, -5.656653700300e-01, 1.797693134862e+308, 2.4348e+01, 1.8914e+00, 
 2DIAGNOSTIC,     8, -5.656652673360e-01, 1.797693134862e+308, 2.6203e+01, 1.8555e+00, 
 2DIAGNOSTIC,     9, -5.656651957556e-01, 1.797693134862e+308, 2.8341e+01, 2.1380e+00, 
 2DIAGNOSTIC,    10, -5.656650972686e-01, 2.210887833225e-04, 3.0126e+01, 1.7850e+00, 
 2DIAGNOSTIC,    11, -5.656650323742e-01, 1.244475758510e-04, 3.2065e+01, 1.9393e+00, 
 2DIAGNOSTIC,    12, -5.656649381707e-01, 5.214412259479e-05, 3.3937e+01, 1.8719e+00, 
 2DIAGNOSTIC,    13, -5.656648807825e-01, 2.384598316155e-06, 3.6056e+01, 2.1187e+00, 
 2DIAGNOSTIC,    14, -5.656649389575e-01, 2.216719520859e-06, 3.7848e+01, 1.7922e+00, 
 2DIAGNOSTIC,    15, -5.656647411358e-01, 2.071261689246e-06, 3.9825e+01, 1.9768e+00, 
 2DIAGNOSTIC,    16, -5.656645181521e-01, 1.938657974959e-06, 4.2297e+01, 2.4716e+00, 
 2DIAGNOSTIC,    17, -5.656643907869e-01, 1.819736072481e-06, 4.4247e+01, 1.9506e+00, 
 2DIAGNOSTIC,    18, -5.656641195101e-01, 1.708392163478e-06, 4.6185e+01, 1.9375e+00, 
 2DIAGNOSTIC,    19, -5.656640125849e-01, 1.609662506834e-06, 4.8499e+01, 2.3145e+00, 
 2DIAGNOSTIC,    20, -5.656638762587e-01, 1.521013671991e-06, 5.0632e+01, 2.1328e+00, 
 2DIAGNOSTIC,    21, -5.656637358799e-01, 1.442581208079e-06, 5.2668e+01, 2.0359e+00, 
 2DIAGNOSTIC,    22, -5.656635986439e-01, 1.372877087021e-06, 5.4481e+01, 1.8131e+00, 
 2DIAGNOSTIC,    23, -5.656634686580e-01, 1.311978833858e-06, 5.6212e+01, 1.7309e+00, 
 2DIAGNOSTIC,    24, -5.656633509840e-01, 1.261705173804e-06, 5.8232e+01, 2.0198e+00, 
 2DIAGNOSTIC,    25, -5.656633703576e-01, 1.217958943936e-06, 6.0299e+01, 2.0671e+00, 
 2DIAGNOSTIC,    26, -5.656631023004e-01, 1.173208315164e-06, 6.2085e+01, 1.7865e+00, 
 2DIAGNOSTIC,    27, -5.656631486567e-01, 1.135289603223e-06, 6.4069e+01, 1.9841e+00, 
 2DIAGNOSTIC,    28, -5.656631784295e-01, 1.099787706134e-06, 6.6070e+01, 2.0005e+00, 
 2DIAGNOSTIC,    29, -5.656630660250e-01, 1.066353673529e-06, 6.7846e+01, 1.7759e+00, 
 2DIAGNOSTIC,    30, -5.656628301840e-01, 1.031928558819e-06, 6.9645e+01, 1.7990e+00, 
  Elapsed time (stage 0): 7.0777e+01


Total elapsed time: 7.0780e+01
Info [verificarlo]: loaded backend libinterflop_vprec.so
Info [interflop-vprec]: load backend with: 
Info [interflop-vprec]: precision-binary32 = 17
Info [interflop-vprec]: range-binary32 = 8
Info [interflop-vprec]: precision-binary64 = 17
Info [interflop-vprec]: range-binary64 = 8
Info [interflop-vprec]: mode = ob
Info [interflop-vprec]: error-mode = rel
Info [interflop-vprec]: max-abs-error-exponent = -1022
Info [interflop-vprec]: daz = false
Info [interflop-vprec]: ftz = false
Info [interflop-vprec]: 	instrument = none
Info [interflop-vprec]: 	prec-input-file = (null)
Info [interflop-vprec]: 	prec-output-file = (null)
Info [interflop-vprec]: 	prec-log-file = (null)
All_Command_lines_OK
Using double precision for computations.
=============================================================================
The composite transform comprises the following transforms (in order): 
  1. /home/mdugre/scratch/mri-registration-rp/datasets/ds004513/derivatives/mri-registration-rp/0001/antsRegistration-r8-p17/sub-s017/affine_Composite.h5[0] (type = Euler3DTransform)
  2. /home/mdugre/scratch/mri-registration-rp/datasets/ds004513/derivatives/mri-registration-rp/0001/antsRegistration-r8-p17/sub-s017/affine_Composite.h5[1] (type = Euler3DTransform)
  3. /home/mdugre/scratch/mri-registration-rp/datasets/ds004513/derivatives/mri-registration-rp/0001/antsRegistration-r8-p17/sub-s017/affine_Composite.h5[2] (type = Euler3DTransform)
  4. /home/mdugre/scratch/mri-registration-rp/datasets/ds004513/derivatives/mri-registration-rp/0001/antsRegistration-r8-p17/sub-s017/affine_Composite.h5[3] (type = AffineTransform)
=============================================================================
  number of levels = 4
  fixed image: /templateflow/tpl-MNI152NLin2009cAsym/tpl-MNI152NLin2009cAsym_res-01_desc-brain_T1w.nii.gz
  moving image: /home/mdugre/scratch/mri-registration-rp/datasets/ds004513/derivatives/mri-registration-rp/antsBrainExtraction/sub-s017/BrainExtractionBrain.nii.gz
Dimension = 3
Number of stages = 1
Use histogram matching = false
Winsorize image intensities = true
  Lower quantile = 0.005
  Upper quantile = 0.995


Stage 1 State
   Image metric = CC
     Fixed image = Image (0x4f226f0)
  RTTI typeinfo:   itk::Image<double, 3u>
  Reference Count: 2
  Modified Time: 1606
  Debug: Off
  Object Name: 
  Observers: 
    none
  Source: (none)
  Source output name: (none)
  Release Data: Off
  Data Released: False
  Global Release Data: Off
  PipelineMTime: 0
  UpdateMTime: 1217
  RealTimeStamp: 0 seconds 
  LargestPossibleRegion: 
    Dimension: 3
    Index: [0, 0, 0]
    Size: [193, 229, 193]
  BufferedRegion: 
    Dimension: 3
    Index: [0, 0, 0]
    Size: [193, 229, 193]
  RequestedRegion: 
    Dimension: 3
    Index: [0, 0, 0]
    Size: [193, 229, 193]
  Spacing: [1, 1, 1]
  Origin: [96, 132, -78]
  Direction: 
-1 0 0
0 -1 0
0 0 1

  IndexToPointMatrix: 
-1 0 0
0 -1 0
0 0 1

  PointToIndexMatrix: 
-1 0 0
0 -1 0
0 0 1

  Inverse Direction: 
-1 0 0
0 -1 0
0 0 1

  PixelContainer: 
    ImportImageContainer (0x4ff08b0)
