
##########################
# Experiment information #
##########################

EXPERIMENT_NAME: antsRegistration-r7-p8
VFC_BACKENDS: libinterflop_vprec.so --range-binary32=7 --precision-binary32=8 --range-binary64=7 --precision-binary64=8

SIF_IMG: /home/mdugre/projects/rrg-glatard/mdugre/containers/ants-vprec-no_metrics.simg

SUBJECT_ID: s017
INPUT_IMG: /home/mdugre/scratch/mri-registration-rp/datasets/ds004513/derivatives/mri-registration-rp/antsBrainExtraction/sub-s017/BrainExtractionBrain.nii.gz
OUTPUT_DIR: /home/mdugre/scratch/mri-registration-rp/datasets/ds004513/derivatives/mri-registration-rp/0001/antsRegistration-r7-p8/sub-s017

FIXED_IMG: /templateflow/tpl-MNI152NLin2009cAsym/tpl-MNI152NLin2009cAsym_res-01_desc-brain_T1w.nii.gz
DATA_DIR: /home/mdugre/scratch/mri-registration-rp/datasets/ds004513
TEMPLATEFLOW_DIR: /home/mdugre/projects/rrg-glatard/mdugre/templateflow
ITK_GLOBAL_DEFAULT_NUMBER_OF_THREADS: 16
##########################

Info [verificarlo]: loaded backend libinterflop_ieee.so
Info [interflop-ieee]: load backend with:
Info [interflop-ieee]: debug = false
Info [interflop-ieee]: debug-binary = false
Info [interflop-ieee]: no-backend-name = false
Info [interflop-ieee]: print-new-line = false
Info [interflop-ieee]: print-subnormal-normalized = false
Info [interflop-ieee]: count-op = false
All_Command_lines_OK
Using double precision for computations.
=============================================================================
The composite transform comprises the following transforms (in order): 
  1. Center of mass alignment using fixed image: /templateflow/tpl-MNI152NLin2009cAsym/tpl-MNI152NLin2009cAsym_res-01_desc-brain_T1w.nii.gz and moving image: /home/mdugre/scratch/mri-registration-rp/datasets/ds004513/derivatives/mri-registration-rp/antsBrainExtraction/sub-s017/BrainExtractionBrain.nii.gz (type = Euler3DTransform)
=============================================================================
  number of levels = 1
  fixed image: /templateflow/tpl-MNI152NLin2009cAsym/tpl-MNI152NLin2009cAsym_res-01_desc-brain_T1w.nii.gz
  moving image: /home/mdugre/scratch/mri-registration-rp/datasets/ds004513/derivatives/mri-registration-rp/antsBrainExtraction/sub-s017/BrainExtractionBrain.nii.gz
Dimension = 3
Number of stages = 1
Use histogram matching = false
Winsorize image intensities = true
  Lower quantile = 0.005
  Upper quantile = 0.995


Stage 1 State
   Image metric = MattesMI
     Fixed image = Image (0x3e34bd0)
  RTTI typeinfo:   itk::Image<double, 3u>
  Reference Count: 2
  Modified Time: 2334
  Debug: Off
  Object Name: 
  Observers: 
    none
  Source: (none)
  Source output name: (none)
  Release Data: Off
  Data Released: False
  Global Release Data: Off
  PipelineMTime: 0
  UpdateMTime: 1943
  RealTimeStamp: 0 seconds 
  LargestPossibleRegion: 
    Dimension: 3
    Index: [0, 0, 0]
    Size: [193, 229, 193]
  BufferedRegion: 
    Dimension: 3
    Index: [0, 0, 0]
    Size: [193, 229, 193]
  RequestedRegion: 
    Dimension: 3
    Index: [0, 0, 0]
    Size: [193, 229, 193]
  Spacing: [1, 1, 1]
  Origin: [96, 132, -78]
  Direction: 
-1 0 0
0 -1 0
0 0 1

  IndexToPointMatrix: 
-1 0 0
0 -1 0
0 0 1

  PointToIndexMatrix: 
-1 0 0
0 -1 0
0 0 1

  Inverse Direction: 
-1 0 0
0 -1 0
0 0 1

  PixelContainer: 
    ImportImageContainer (0x3e3d9e0)
      RTTI typeinfo:   itk::ImportImageContainer<unsigned long, double>
      Reference Count: 1
      Modified Time: 1940
      Debug: Off
      Object Name: 
      Observers: 
        none
      Pointer: 0x15521953d010
      Container manages memory: true
      Size: 8530021
      Capacity: 8530021

     Moving image = Image (0x3e3ebd0)
  RTTI typeinfo:   itk::Image<double, 3u>
  Reference Count: 2
  Modified Time: 2335
  Debug: Off
  Object Name: 
  Observers: 
    none
  Source: (none)
  Source output name: (none)
  Release Data: Off
  Data Released: False
  Global Release Data: Off
  PipelineMTime: 0
  UpdateMTime: 2332
  RealTimeStamp: 0 seconds 
  LargestPossibleRegion: 
    Dimension: 3
    Index: [0, 0, 0]
    Size: [160, 240, 256]
  BufferedRegion: 
    Dimension: 3
    Index: [0, 0, 0]
    Size: [160, 240, 256]
  RequestedRegion: 
    Dimension: 3
    Index: [0, 0, 0]
    Size: [160, 240, 256]
  Spacing: [1, 1, 1]
  Origin: [91.3357, 102.231, -120.042]
  Direction: 
-0.997442 -5.36781e-05 -0.0714818
5.35416e-05 -1 3.82465e-06
-0.0714818 -1.23894e-08 0.997442

  IndexToPointMatrix: 
-0.997444 -5.36781e-05 -0.0714818
5.35418e-05 -1 3.82465e-06
-0.0714819 -1.23894e-08 0.997442

  PointToIndexMatrix: 
-0.99744 5.35415e-05 -0.0714816
-5.36781e-05 -1 -1.23894e-08
-0.0714818 3.82465e-06 0.997442

  Inverse Direction: 
-0.997442 5.35416e-05 -0.0714818
-5.36781e-05 -1 -1.23894e-08
-0.0714818 3.82465e-06 0.997442

  PixelContainer: 
    ImportImageContainer (0x3fc4b50)
      RTTI typeinfo:   itk::ImportImageContainer<unsigned long, double>
      Reference Count: 1
      Modified Time: 2329
      Debug: Off
      Object Name: 
      Observers: 
        none
      Pointer: 0x155214a3c010
      Container manages memory: true
      Size: 9830400
      Capacity: 9830400

     Weighting = 1
     Sampling strategy = regular
     Number of bins = 32
     Radius = 4
     Sampling percentage  = 0.25
   Transform = Rigid
     Gradient step = 0.1
     Update field sigma (voxel space) = 0
     Total field sigma (voxel space) = 0
     Update field time sigma = 0
     Total field time sigma  = 0
     Number of time indices = 0
     Number of time point samples = 0
Registration using 1 total stages.

Stage 0
  iterations = 0
  convergence threshold = 1e-06
  convergence window size = 10
  number of levels = 1
  using the Mattes MI metric (number of bins = 32, weight = 1, use gradient filter = 0)
  preprocessing:  winsorizing the image intensities
  Shrink factors (level 1 out of 1): [1, 1, 1]
  smoothing sigmas per level: [0]
  regular sampling (percentage = 0.25)

*** Running Euler3DTransform registration ***

  Elapsed time (stage 0): 1.12995


Total elapsed time: 1.13464
Info [verificarlo]: loaded backend libinterflop_ieee.so
Info [interflop-ieee]: load backend with:
Info [interflop-ieee]: debug = false
Info [interflop-ieee]: debug-binary = false
Info [interflop-ieee]: no-backend-name = false
Info [interflop-ieee]: print-new-line = false
Info [interflop-ieee]: print-subnormal-normalized = false
Info [interflop-ieee]: count-op = false
All_Command_lines_OK
Using double precision for computations.
=============================================================================
The composite transform comprises the following transforms (in order): 
  1. /home/mdugre/scratch/mri-registration-rp/datasets/ds004513/derivatives/mri-registration-rp/0001/antsRegistration-r7-p8/sub-s017/align_Composite.h5[0] (type = Euler3DTransform)
  2. /home/mdugre/scratch/mri-registration-rp/datasets/ds004513/derivatives/mri-registration-rp/0001/antsRegistration-r7-p8/sub-s017/align_Composite.h5[1] (type = Euler3DTransform)
=============================================================================
  number of levels = 4
  fixed image: /templateflow/tpl-MNI152NLin2009cAsym/tpl-MNI152NLin2009cAsym_res-01_desc-brain_T1w.nii.gz
  moving image: /home/mdugre/scratch/mri-registration-rp/datasets/ds004513/derivatives/mri-registration-rp/antsBrainExtraction/sub-s017/BrainExtractionBrain.nii.gz
Dimension = 3
Number of stages = 1
Use histogram matching = false
Winsorize image intensities = true
  Lower quantile = 0.005
  Upper quantile = 0.995


Stage 1 State
   Image metric = MattesMI
     Fixed image = Image (0x3b05530)
  RTTI typeinfo:   itk::Image<double, 3u>
  Reference Count: 2
  Modified Time: 1580
  Debug: Off
  Object Name: 
  Observers: 
    none
  Source: (none)
  Source output name: (none)
  Release Data: Off
  Data Released: False
  Global Release Data: Off
  PipelineMTime: 0
  UpdateMTime: 1189
  RealTimeStamp: 0 seconds 
  LargestPossibleRegion: 
    Dimension: 3
    Index: [0, 0, 0]
    Size: [193, 229, 193]
  BufferedRegion: 
    Dimension: 3
    Index: [0, 0, 0]
    Size: [193, 229, 193]
  RequestedRegion: 
    Dimension: 3
    Index: [0, 0, 0]
    Size: [193, 229, 193]
  Spacing: [1, 1, 1]
  Origin: [96, 132, -78]
  Direction: 
-1 0 0
0 -1 0
0 0 1

  IndexToPointMatrix: 
-1 0 0
0 -1 0
0 0 1

  PointToIndexMatrix: 
-1 0 0
0 -1 0
0 0 1

  Inverse Direction: 
-1 0 0
0 -1 0
0 0 1

  PixelContainer: 
    ImportImageContainer (0x3bc3d60)
      RTTI typeinfo:   itk::ImportImageContainer<unsigned long, double>
      Reference Count: 1
      Modified Time: 1186
      Debug: Off
      Object Name: 
      Observers: 
        none
      Pointer: 0x154cacabe010
      Container manages memory: true
      Size: 8530021
      Capacity: 8530021

     Moving image = Image (0x3bb5f60)
  RTTI typeinfo:   itk::Image<double, 3u>
  Reference Count: 2
  Modified Time: 1581
  Debug: Off
  Object Name: 
  Observers: 
    none
  Source: (none)
  Source output name: (none)
  Release Data: Off
  Data Released: False
  Global Release Data: Off
  PipelineMTime: 0
  UpdateMTime: 1578
  RealTimeStamp: 0 seconds 
  LargestPossibleRegion: 
    Dimension: 3
    Index: [0, 0, 0]
    Size: [160, 240, 256]
  BufferedRegion: 
    Dimension: 3
    Index: [0, 0, 0]
    Size: [160, 240, 256]
  RequestedRegion: 
    Dimension: 3
    Index: [0, 0, 0]
    Size: [160, 240, 256]
  Spacing: [1, 1, 1]
  Origin: [91.3357, 102.231, -120.042]
  Direction: 
-0.997442 -5.36781e-05 -0.0714818
5.35416e-05 -1 3.82465e-06
-0.0714818 -1.23894e-08 0.997442

  IndexToPointMatrix: 
-0.997444 -5.36781e-05 -0.0714818
5.35418e-05 -1 3.82465e-06
-0.0714819 -1.23894e-08 0.997442

  PointToIndexMatrix: 
-0.99744 5.35415e-05 -0.0714816
-5.36781e-05 -1 -1.23894e-08
-0.0714818 3.82465e-06 0.997442

  Inverse Direction: 
-0.997442 5.35416e-05 -0.0714818
-5.36781e-05 -1 -1.23894e-08
-0.0714818 3.82465e-06 0.997442

  PixelContainer: 
    ImportImageContainer (0x3ba76d0)
      RTTI typeinfo:   itk::ImportImageContainer<unsigned long, double>
      Reference Count: 1
      Modified Time: 1575
      Debug: Off
      Object Name: 
      Observers: 
        none
      Pointer: 0x154ca7fbd010
      Container manages memory: true
      Size: 9830400
      Capacity: 9830400

     Weighting = 1
     Sampling strategy = regular
     Number of bins = 32
     Radius = 4
     Sampling percentage  = 0.25
   Transform = Rigid
     Gradient step = 0.1
     Update field sigma (voxel space) = 0
     Total field sigma (voxel space) = 0
     Update field time sigma = 0
     Total field time sigma  = 0
     Number of time indices = 0
     Number of time point samples = 0
Registration using 1 total stages.

Stage 0
  iterations = 1000x500x250x100
  convergence threshold = 1e-06
  convergence window size = 10
  number of levels = 4
  using the Mattes MI metric (number of bins = 32, weight = 1, use gradient filter = 0)
  preprocessing:  winsorizing the image intensities
  Shrink factors (level 1 out of 4): [8, 8, 8]
  Shrink factors (level 2 out of 4): [4, 4, 4]
  Shrink factors (level 3 out of 4): [2, 2, 2]
  Shrink factors (level 4 out of 4): [1, 1, 1]
  smoothing sigmas per level: [3, 2, 1, 0]
  regular sampling (percentage = 0.25)

*** Running Euler3DTransform registration ***

DIAGNOSTIC,Iteration,metricValue,convergenceValue,ITERATION_TIME_INDEX,SINCE_LAST
 2DIAGNOSTIC,     1, -5.567767283252e-01, 1.797693134862e+308, 7.5526e-01, 7.5526e-01, 
 2DIAGNOSTIC,     2, -5.584239703569e-01, 1.797693134862e+308, 7.5971e-01, 4.4460e-03, 
 2DIAGNOSTIC,     3, -5.612715515272e-01, 1.797693134862e+308, 7.6403e-01, 4.3249e-03, 
 2DIAGNOSTIC,     4, -5.637780194106e-01, 1.797693134862e+308, 7.6861e-01, 4.5819e-03, 
 2DIAGNOSTIC,     5, -5.658229214212e-01, 1.797693134862e+308, 7.7337e-01, 4.7579e-03, 
 2DIAGNOSTIC,     6, -5.696445468689e-01, 1.797693134862e+308, 7.7849e-01, 5.1191e-03, 
 2DIAGNOSTIC,     7, -5.734118275242e-01, 1.797693134862e+308, 7.8331e-01, 4.8180e-03, 
 2DIAGNOSTIC,     8, -5.754533484979e-01, 1.797693134862e+308, 7.9018e-01, 6.8691e-03, 
 2DIAGNOSTIC,     9, -5.763021950250e-01, 1.797693134862e+308, 7.9474e-01, 4.5621e-03, 
 2DIAGNOSTIC,    10, -5.771142770255e-01, 2.558085388189e-03, 8.0155e-01, 6.8109e-03, 
 2DIAGNOSTIC,    11, -5.785125587612e-01, 2.176117873031e-03, 8.0714e-01, 5.5928e-03, 
 2DIAGNOSTIC,    12, -5.799413348090e-01, 1.786767970983e-03, 8.1358e-01, 6.4380e-03, 
 2DIAGNOSTIC,    13, -5.809477908980e-01, 1.443124036835e-03, 8.1890e-01, 5.3170e-03, 
 2DIAGNOSTIC,    14, -5.814655964876e-01, 1.127354078216e-03, 8.2417e-01, 5.2738e-03, 
 2DIAGNOSTIC,    15, -5.819093877219e-01, 8.331089413527e-04, 8.3139e-01, 7.2210e-03, 
 2DIAGNOSTIC,    16, -5.822326442998e-01, 6.258215683233e-04, 8.3715e-01, 5.7511e-03, 
 2DIAGNOSTIC,    17, -5.825793599843e-01, 5.040365830241e-04, 8.4300e-01, 5.8501e-03, 
 2DIAGNOSTIC,    18, -5.863713925916e-01, 5.095725576643e-04, 8.4816e-01, 5.1670e-03, 
 2DIAGNOSTIC,    19, -5.901617810167e-01, 5.855607354884e-04, 8.5821e-01, 1.0045e-02, 
 2DIAGNOSTIC,    20, -5.906016223815e-01, 6.286272500266e-04, 8.6492e-01, 6.7081e-03, 
 2DIAGNOSTIC,    21, -5.907365705865e-01, 6.467002963778e-04, 8.7027e-01, 5.3499e-03, 
 2DIAGNOSTIC,    22, -5.906256574993e-01, 6.330265936310e-04, 8.7632e-01, 6.0530e-03, 
 2DIAGNOSTIC,    23, -5.906307681709e-01, 5.816453055104e-04, 8.8186e-01, 5.5451e-03, 
 2DIAGNOSTIC,    24, -5.905636622009e-01, 4.878472529150e-04, 8.8744e-01, 5.5811e-03, 
 2DIAGNOSTIC,    25, -5.906024985369e-01, 3.662279783896e-04, 8.9301e-01, 5.5611e-03, 
 2DIAGNOSTIC,    26, -5.906025304323e-01, 2.276984665024e-04, 8.9815e-01, 5.1429e-03, 
 2DIAGNOSTIC,    27, -5.906211320573e-01, 8.394584288491e-05, 9.0322e-01, 5.0759e-03, 
 2DIAGNOSTIC,    28, -5.908796758313e-01, 1.198925031135e-05, 9.0834e-01, 5.1131e-03, 
 2DIAGNOSTIC,    29, -5.911411552394e-01, 1.217108543251e-05, 9.1473e-01, 6.3891e-03, 
 2DIAGNOSTIC,    30, -5.915241330960e-01, 2.456301684337e-05, 9.2273e-01, 8.0070e-03, 
 2DIAGNOSTIC,    31, -5.916229825994e-01, 3.758205306548e-05, 9.2828e-01, 5.5499e-03, 
 2DIAGNOSTIC,    32, -5.916651208818e-01, 4.532975449763e-05, 9.3441e-01, 6.1300e-03, 
 2DIAGNOSTIC,    33, -5.916874987633e-01, 4.885284295391e-05, 9.4030e-01, 5.8830e-03, 
 2DIAGNOSTIC,    34, -5.917053822200e-01, 4.682712859512e-05, 9.4631e-01, 6.0151e-03, 
 2DIAGNOSTIC,    35, -5.917390904867e-01, 4.153275817971e-05, 9.6039e-01, 1.4077e-02, 
 2DIAGNOSTIC,    36, -5.917390912695e-01, 3.272086429842e-05, 9.6526e-01, 4.8680e-03, 
 2DIAGNOSTIC,    37, -5.917391070342e-01, 2.163060315053e-05, 9.7157e-01, 6.3100e-03, 
 2DIAGNOSTIC,    38, -5.917391330930e-01, 1.245673595359e-05, 1.0005e+00, 2.8913e-02, 
 2DIAGNOSTIC,    39, -5.917391754734e-01, 5.801896387929e-06, 1.0054e+00, 4.9369e-03, 
 2DIAGNOSTIC,    40, -5.917392424311e-01, 3.643428647067e-06, 1.0112e+00, 5.7561e-03, 
 2DIAGNOSTIC,    41, -5.917393428828e-01, 2.487109295658e-06, 1.0163e+00, 5.0850e-03, 
 2DIAGNOSTIC,    42, -5.917394845334e-01, 1.715730315727e-06, 1.0218e+00, 5.5041e-03, 
 2DIAGNOSTIC,    43, -5.917396625586e-01, 1.144189313813e-06, 1.0267e+00, 4.9801e-03, 
DIAGNOSTIC,Iteration,metricValue,convergenceValue,ITERATION_TIME_INDEX,SINCE_LAST
 2DIAGNOSTIC,     1, -4.784004501410e-01, 1.797693134862e+308, 1.7786e+00, 7.5183e-01, 
 2DIAGNOSTIC,     2, -4.783999131480e-01, 1.797693134862e+308, 1.8087e+00, 3.0116e-02, 
 2DIAGNOSTIC,     3, -4.784190365417e-01, 1.797693134862e+308, 1.8437e+00, 3.4973e-02, 
 2DIAGNOSTIC,     4, -4.785028756504e-01, 1.797693134862e+308, 1.8743e+00, 3.0616e-02, 
 2DIAGNOSTIC,     5, -4.786647485424e-01, 1.797693134862e+308, 1.9075e+00, 3.3186e-02, 
 2DIAGNOSTIC,     6, -4.788099932951e-01, 1.797693134862e+308, 1.9399e+00, 3.2414e-02, 
 2DIAGNOSTIC,     7, -4.794645847205e-01, 1.797693134862e+308, 1.9731e+00, 3.3202e-02, 
 2DIAGNOSTIC,     8, -4.813619171733e-01, 1.797693134862e+308, 2.0179e+00, 4.4784e-02, 
 2DIAGNOSTIC,     9, -4.817935635323e-01, 1.797693134862e+308, 2.0561e+00, 3.8272e-02, 
 2DIAGNOSTIC,    10, -4.822647496931e-01, 5.583367507010e-04, 2.0899e+00, 3.3728e-02, 
 2DIAGNOSTIC,    11, -4.831344909907e-01, 6.366384577151e-04, 2.1245e+00, 3.4651e-02, 
 2DIAGNOSTIC,    12, -4.835768992523e-01, 6.653898034522e-04, 2.1767e+00, 5.2219e-02, 
 2DIAGNOSTIC,    13, -4.835677565309e-01, 6.290342968372e-04, 2.2470e+00, 7.0239e-02, 
 2DIAGNOSTIC,    14, -4.835733047827e-01, 5.452729206918e-04, 2.2875e+00, 4.0533e-02, 
 2DIAGNOSTIC,    15, -4.835701547235e-01, 4.305772094762e-04, 2.3218e+00, 3.4286e-02, 
 2DIAGNOSTIC,    16, -4.835566912992e-01, 2.956272802815e-04, 2.3507e+00, 2.8927e-02, 
 2DIAGNOSTIC,    17, -4.835523104076e-01, 1.703980273986e-04, 2.3791e+00, 2.8340e-02, 
 2DIAGNOSTIC,    18, -4.835483887824e-01, 1.058854944881e-04, 2.4085e+00, 2.9414e-02, 
 2DIAGNOSTIC,    19, -4.835469915468e-01, 5.203914171789e-05, 2.4362e+00, 2.7700e-02, 
 2DIAGNOSTIC,    20, -4.835401827381e-01, 1.204163322582e-05, 2.4673e+00, 3.1166e-02, 
DIAGNOSTIC,Iteration,metricValue,convergenceValue,ITERATION_TIME_INDEX,SINCE_LAST
 2DIAGNOSTIC,     1, -4.161561167880e-01, 1.797693134862e+308, 3.6426e+00, 1.1753e+00, 
 2DIAGNOSTIC,     2, -4.161756893436e-01, 1.797693134862e+308, 3.9637e+00, 3.2106e-01, 
 2DIAGNOSTIC,     3, -4.161696114505e-01, 1.797693134862e+308, 4.2521e+00, 2.8840e-01, 
 2DIAGNOSTIC,     4, -4.161681503549e-01, 1.797693134862e+308, 4.6603e+00, 4.0826e-01, 
 2DIAGNOSTIC,     5, -4.161678896597e-01, 1.797693134862e+308, 4.9489e+00, 2.8857e-01, 
 2DIAGNOSTIC,     6, -4.161669123581e-01, 1.797693134862e+308, 5.2095e+00, 2.6062e-01, 
 2DIAGNOSTIC,     7, -4.161667485638e-01, 1.797693134862e+308, 5.4730e+00, 2.6352e-01, 
 2DIAGNOSTIC,     8, -4.161656816011e-01, 1.797693134862e+308, 5.7775e+00, 3.0443e-01, 
 2DIAGNOSTIC,     9, -4.161650043533e-01, 1.797693134862e+308, 6.0478e+00, 2.7035e-01, 
 2DIAGNOSTIC,    10, -4.161655463809e-01, 2.943366502778e-06, 6.3310e+00, 2.8322e-01, 
 2DIAGNOSTIC,    11, -4.161636420991e-01, 1.720591475032e-06, 6.5848e+00, 2.5378e-01, 
 2DIAGNOSTIC,    12, -4.161624970806e-01, 1.867462475338e-06, 6.8512e+00, 2.6645e-01, 
 2DIAGNOSTIC,    13, -4.161615819740e-01, 1.698398067213e-06, 7.1082e+00, 2.5693e-01, 
 2DIAGNOSTIC,    14, -4.161624603289e-01, 1.592444848042e-06, 7.3779e+00, 2.6969e-01, 
 2DIAGNOSTIC,    15, -4.161620529808e-01, 1.530180428311e-06, 7.6342e+00, 2.5629e-01, 
 2DIAGNOSTIC,    16, -4.161603835101e-01, 1.417836907019e-06, 7.9243e+00, 2.9011e-01, 
 2DIAGNOSTIC,    17, -4.161625251475e-01, 1.455414101799e-06, 8.2053e+00, 2.8103e-01, 
 2DIAGNOSTIC,    18, -4.161617349620e-01, 1.453854844992e-06, 8.4556e+00, 2.5029e-01, 
 2DIAGNOSTIC,    19, -4.161656140589e-01, 1.594928486823e-06, 8.7454e+00, 2.8986e-01, 
 2DIAGNOSTIC,    20, -4.161678254523e-01, 1.821576306904e-06, 9.1154e+00, 3.6995e-01, 
 2DIAGNOSTIC,    21, -4.161672172254e-01, 1.924327008178e-06, 9.3778e+00, 2.6237e-01, 
 2DIAGNOSTIC,    22, -4.161665846117e-01, 1.927748300559e-06, 9.6187e+00, 2.4091e-01, 
 2DIAGNOSTIC,    23, -4.161660793960e-01, 1.843028028019e-06, 9.8844e+00, 2.6574e-01, 
 2DIAGNOSTIC,    24, -4.161655365527e-01, 1.730448859094e-06, 1.0116e+01, 2.3126e-01, 
 2DIAGNOSTIC,    25, -4.161651834941e-01, 1.568353726861e-06, 1.0351e+01, 2.3524e-01, 
 2DIAGNOSTIC,    26, -4.161660037661e-01, 1.368374529694e-06, 1.0617e+01, 2.6646e-01, 
 2DIAGNOSTIC,    27, -4.161651045492e-01, 1.203105057870e-06, 1.0852e+01, 2.3461e-01, 
 2DIAGNOSTIC,    28, -4.161679884893e-01, 1.097088651723e-06, 1.1122e+01, 2.7028e-01, 
 2DIAGNOSTIC,    29, -4.161710849644e-01, 1.162831235718e-06, 1.1391e+01, 2.6901e-01, 
 2DIAGNOSTIC,    30, -4.161703640302e-01, 1.250475711381e-06, 1.1657e+01, 2.6599e-01, 
 2DIAGNOSTIC,    31, -4.161708142906e-01, 1.313167825916e-06, 1.1928e+01, 2.7087e-01, 
 2DIAGNOSTIC,    32, -4.161710089259e-01, 1.336085278594e-06, 1.2157e+01, 2.2888e-01, 
 2DIAGNOSTIC,    33, -4.161749613443e-01, 1.395595235675e-06, 1.2453e+01, 2.9579e-01, 
 2DIAGNOSTIC,    34, -4.161777487497e-01, 1.452526290868e-06, 1.2686e+01, 2.3339e-01, 
 2DIAGNOSTIC,    35, -4.161792220165e-01, 1.478601693354e-06, 1.2954e+01, 2.6745e-01, 
 2DIAGNOSTIC,    36, -4.161806859634e-01, 1.495439387024e-06, 1.3220e+01, 2.6590e-01, 
 2DIAGNOSTIC,    37, -4.161791778412e-01, 1.407680633291e-06, 1.3464e+01, 2.4441e-01, 
 2DIAGNOSTIC,    38, -4.161838486852e-01, 1.406626834465e-06, 1.3766e+01, 3.0207e-01, 
 2DIAGNOSTIC,    39, -4.161849953083e-01, 1.422742136908e-06, 1.4073e+01, 3.0662e-01, 
 2DIAGNOSTIC,    40, -4.161860914874e-01, 1.386764600340e-06, 1.4437e+01, 3.6444e-01, 
 2DIAGNOSTIC,    41, -4.161854987560e-01, 1.295749548772e-06, 1.4703e+01, 2.6577e-01, 
 2DIAGNOSTIC,    42, -4.161840259972e-01, 1.138573320889e-06, 1.4975e+01, 2.7224e-01, 
 2DIAGNOSTIC,    43, -4.161834049844e-01, 1.004201820819e-06, 1.5212e+01, 2.3720e-01, 
DIAGNOSTIC,Iteration,metricValue,convergenceValue,ITERATION_TIME_INDEX,SINCE_LAST
 2DIAGNOSTIC,     1, -3.834265912265e-01, 1.797693134862e+308, 1.7666e+01, 2.4541e+00, 
 2DIAGNOSTIC,     2, -3.834925053313e-01, 1.797693134862e+308, 1.9195e+01, 1.5287e+00, 
 2DIAGNOSTIC,     3, -3.834978116416e-01, 1.797693134862e+308, 2.0783e+01, 1.5876e+00, 
 2DIAGNOSTIC,     4, -3.835004127681e-01, 1.797693134862e+308, 2.2416e+01, 1.6335e+00, 
 2DIAGNOSTIC,     5, -3.835019582488e-01, 1.797693134862e+308, 2.3919e+01, 1.5028e+00, 
 2DIAGNOSTIC,     6, -3.835049957386e-01, 1.797693134862e+308, 2.5631e+01, 1.7123e+00, 
 2DIAGNOSTIC,     7, -3.835058343700e-01, 1.797693134862e+308, 2.7371e+01, 1.7399e+00, 
 2DIAGNOSTIC,     8, -3.835066498236e-01, 1.797693134862e+308, 2.9211e+01, 1.8399e+00, 
 2DIAGNOSTIC,     9, -3.835062955305e-01, 1.797693134862e+308, 3.0926e+01, 1.7152e+00, 
 2DIAGNOSTIC,    10, -3.835063108980e-01, 1.066660838735e-05, 3.2717e+01, 1.7906e+00, 
 2DIAGNOSTIC,    11, -3.835061571774e-01, 4.747041343595e-06, 3.4936e+01, 2.2192e+00, 
 2DIAGNOSTIC,    12, -3.835060832632e-01, 3.706201181911e-06, 3.6351e+01, 1.4146e+00, 
 2DIAGNOSTIC,    13, -3.835060190704e-01, 3.027826394067e-06, 3.7891e+01, 1.5405e+00, 
 2DIAGNOSTIC,    14, -3.835058638462e-01, 2.523467190180e-06, 3.9449e+01, 1.5580e+00, 
 2DIAGNOSTIC,    15, -3.835058006947e-01, 2.133709369495e-06, 4.1052e+01, 1.6026e+00, 
 2DIAGNOSTIC,    16, -3.835056463955e-01, 1.924177754173e-06, 4.2898e+01, 1.8458e+00, 
 2DIAGNOSTIC,    17, -3.835054775112e-01, 1.773328570126e-06, 4.4429e+01, 1.5315e+00, 
 2DIAGNOSTIC,    18, -3.835053086105e-01, 1.675385383308e-06, 4.5768e+01, 1.3385e+00, 
 2DIAGNOSTIC,    19, -3.835051448128e-01, 1.576051821973e-06, 4.7199e+01, 1.4310e+00, 
 2DIAGNOSTIC,    20, -3.835051658750e-01, 1.497295078881e-06, 4.8554e+01, 1.3557e+00, 
 2DIAGNOSTIC,    21, -3.835053779558e-01, 1.436675316255e-06, 5.0161e+01, 1.6063e+00, 
 2DIAGNOSTIC,    22, -3.835055901398e-01, 1.393331722201e-06, 5.1777e+01, 1.6167e+00, 
 2DIAGNOSTIC,    23, -3.835055250989e-01, 1.354581543017e-06, 5.3443e+01, 1.6655e+00, 
 2DIAGNOSTIC,    24, -3.835054518268e-01, 1.314933131227e-06, 5.5060e+01, 1.6176e+00, 
 2DIAGNOSTIC,    25, -3.835053813409e-01, 1.275595341958e-06, 5.6472e+01, 1.4114e+00, 
 2DIAGNOSTIC,    26, -3.835053141603e-01, 1.232550096895e-06, 5.7892e+01, 1.4203e+00, 
 2DIAGNOSTIC,    27, -3.835053494661e-01, 1.188143196280e-06, 5.9264e+01, 1.3719e+00, 
 2DIAGNOSTIC,    28, -3.835054089340e-01, 1.143229103467e-06, 6.0779e+01, 1.5154e+00, 
 2DIAGNOSTIC,    29, -3.835055814665e-01, 1.101082734906e-06, 6.2170e+01, 1.3902e+00, 
 2DIAGNOSTIC,    30, -3.835053714628e-01, 1.056523033623e-06, 6.4341e+01, 2.1711e+00, 
 2DIAGNOSTIC,    31, -3.835053052275e-01, 1.018740045822e-06, 6.5841e+01, 1.4999e+00, 
  Elapsed time (stage 0): 6.6674e+01


Total elapsed time: 6.6679e+01
Info [verificarlo]: loaded backend libinterflop_ieee.so
Info [interflop-ieee]: load backend with:
Info [interflop-ieee]: debug = false
Info [interflop-ieee]: debug-binary = false
Info [interflop-ieee]: no-backend-name = false
Info [interflop-ieee]: print-new-line = false
Info [interflop-ieee]: print-subnormal-normalized = false
Info [interflop-ieee]: count-op = false
All_Command_lines_OK
Using double precision for computations.
=============================================================================
The composite transform comprises the following transforms (in order): 
  1. /home/mdugre/scratch/mri-registration-rp/datasets/ds004513/derivatives/mri-registration-rp/0001/antsRegistration-r7-p8/sub-s017/rigid_Composite.h5[0] (type = Euler3DTransform)
  2. /home/mdugre/scratch/mri-registration-rp/datasets/ds004513/derivatives/mri-registration-rp/0001/antsRegistration-r7-p8/sub-s017/rigid_Composite.h5[1] (type = Euler3DTransform)
  3. /home/mdugre/scratch/mri-registration-rp/datasets/ds004513/derivatives/mri-registration-rp/0001/antsRegistration-r7-p8/sub-s017/rigid_Composite.h5[2] (type = Euler3DTransform)
=============================================================================
  number of levels = 4
  fixed image: /templateflow/tpl-MNI152NLin2009cAsym/tpl-MNI152NLin2009cAsym_res-01_desc-brain_T1w.nii.gz
  moving image: /home/mdugre/scratch/mri-registration-rp/datasets/ds004513/derivatives/mri-registration-rp/antsBrainExtraction/sub-s017/BrainExtractionBrain.nii.gz
Dimension = 3
Number of stages = 1
Use histogram matching = false
Winsorize image intensities = true
  Lower quantile = 0.005
  Upper quantile = 0.995


Stage 1 State
   Image metric = MattesMI
     Fixed image = Image (0x35ca530)
  RTTI typeinfo:   itk::Image<double, 3u>
  Reference Count: 2
  Modified Time: 1594
  Debug: Off
  Object Name: 
  Observers: 
    none
  Source: (none)
  Source output name: (none)
  Release Data: Off
  Data Released: False
  Global Release Data: Off
  PipelineMTime: 0
  UpdateMTime: 1203
  RealTimeStamp: 0 seconds 
  LargestPossibleRegion: 
    Dimension: 3
    Index: [0, 0, 0]
    Size: [193, 229, 193]
  BufferedRegion: 
    Dimension: 3
    Index: [0, 0, 0]
    Size: [193, 229, 193]
  RequestedRegion: 
    Dimension: 3
    Index: [0, 0, 0]
    Size: [193, 229, 193]
  Spacing: [1, 1, 1]
  Origin: [96, 132, -78]
  Direction: 
-1 0 0
0 -1 0
0 0 1

  IndexToPointMatrix: 
-1 0 0
0 -1 0
0 0 1

  PointToIndexMatrix: 
-1 0 0
0 -1 0
0 0 1

  Inverse Direction: 
-1 0 0
0 -1 0
0 0 1

  PixelContainer: 
    ImportImageContainer (0x36832a0)
      RTTI typeinfo:   itk::ImportImageContainer<unsigned long, double>
      Reference Count: 1
      Modified Time: 1200
      Debug: Off
      Object Name: 
      Observers: 
        none
      Pointer: 0x14f055e49010
      Container manages memory: true
      Size: 8530021
      Capacity: 8530021

     Moving image = Image (0x3685e60)
  RTTI typeinfo:   itk::Image<double, 3u>
  Reference Count: 2
  Modified Time: 1595
  Debug: Off
  Object Name: 
  Observers: 
    none
  Source: (none)
  Source output name: (none)
  Release Data: Off
  Data Released: False
  Global Release Data: Off
  PipelineMTime: 0
  UpdateMTime: 1592
  RealTimeStamp: 0 seconds 
  LargestPossibleRegion: 
    Dimension: 3
    Index: [0, 0, 0]
    Size: [160, 240, 256]
  BufferedRegion: 
    Dimension: 3
    Index: [0, 0, 0]
    Size: [160, 240, 256]
  RequestedRegion: 
    Dimension: 3
    Index: [0, 0, 0]
    Size: [160, 240, 256]
  Spacing: [1, 1, 1]
  Origin: [91.3357, 102.231, -120.042]
  Direction: 
-0.997442 -5.36781e-05 -0.0714818
5.35416e-05 -1 3.82465e-06
-0.0714818 -1.23894e-08 0.997442

  IndexToPointMatrix: 
-0.997444 -5.36781e-05 -0.0714818
5.35418e-05 -1 3.82465e-06
-0.0714819 -1.23894e-08 0.997442

  PointToIndexMatrix: 
-0.99744 5.35415e-05 -0.0714816
-5.36781e-05 -1 -1.23894e-08
-0.0714818 3.82465e-06 0.997442

  Inverse Direction: 
-0.997442 5.35416e-05 -0.0714818
-5.36781e-05 -1 -1.23894e-08
-0.0714818 3.82465e-06 0.997442

  PixelContainer: 
    ImportImageContainer (0x36b9390)
      RTTI typeinfo:   itk::ImportImageContainer<unsigned long, double>
      Reference Count: 1
      Modified Time: 1589
      Debug: Off
      Object Name: 
      Observers: 
        none
      Pointer: 0x14f051348010
      Container manages memory: true
      Size: 9830400
      Capacity: 9830400

     Weighting = 1
     Sampling strategy = regular
     Number of bins = 32
     Radius = 4
     Sampling percentage  = 0.25
   Transform = Affine
     Gradient step = 0.1
     Update field sigma (voxel space) = 0
     Total field sigma (voxel space) = 0
     Update field time sigma = 0
     Total field time sigma  = 0
     Number of time indices = 0
     Number of time point samples = 0
Registration using 1 total stages.

Stage 0
  iterations = 1000x500x250x100
  convergence threshold = 1e-06
  convergence window size = 10
  number of levels = 4
  using the Mattes MI metric (number of bins = 32, weight = 1, use gradient filter = 0)
  preprocessing:  winsorizing the image intensities
  Shrink factors (level 1 out of 4): [8, 8, 8]
  Shrink factors (level 2 out of 4): [4, 4, 4]
  Shrink factors (level 3 out of 4): [2, 2, 2]
  Shrink factors (level 4 out of 4): [1, 1, 1]
  smoothing sigmas per level: [3, 2, 1, 0]
  regular sampling (percentage = 0.25)

*** Running AffineTransform registration ***

DIAGNOSTIC,Iteration,metricValue,convergenceValue,ITERATION_TIME_INDEX,SINCE_LAST
 2DIAGNOSTIC,     1, -5.806290998554e-01, 1.797693134862e+308, 7.7920e-01, 7.7920e-01, 
 2DIAGNOSTIC,     2, -5.832407508044e-01, 1.797693134862e+308, 7.8563e-01, 6.4330e-03, 
 2DIAGNOSTIC,     3, -5.883921005754e-01, 1.797693134862e+308, 7.9086e-01, 5.2299e-03, 
 2DIAGNOSTIC,     4, -5.973582019813e-01, 1.797693134862e+308, 7.9603e-01, 5.1699e-03, 
 2DIAGNOSTIC,     5, -6.166279653961e-01, 1.797693134862e+308, 8.0112e-01, 5.0890e-03, 
 2DIAGNOSTIC,     6, -6.406440249102e-01, 1.797693134862e+308, 8.0627e-01, 5.1529e-03, 
 2DIAGNOSTIC,     7, -7.009864271225e-01, 1.797693134862e+308, 8.1155e-01, 5.2810e-03, 
 2DIAGNOSTIC,     8, -7.630482536524e-01, 1.797693134862e+308, 8.1737e-01, 5.8129e-03, 
 2DIAGNOSTIC,     9, -8.423469015394e-01, 1.797693134862e+308, 8.2533e-01, 7.9589e-03, 
 2DIAGNOSTIC,    10, -8.569694561322e-01, 2.845116140269e-02, 8.3079e-01, 5.4619e-03, 
 2DIAGNOSTIC,    11, -8.701917129212e-01, 2.871708901901e-02, 8.3706e-01, 6.2709e-03, 
 2DIAGNOSTIC,    12, -8.814645610244e-01, 2.683607373919e-02, 8.4635e-01, 9.2909e-03, 
 2DIAGNOSTIC,    13, -8.822368111700e-01, 2.307206278374e-02, 8.5207e-01, 5.7211e-03, 
 2DIAGNOSTIC,    14, -8.834458716559e-01, 1.815384131471e-02, 8.5776e-01, 5.6858e-03, 
 2DIAGNOSTIC,    15, -8.851322800375e-01, 1.292532915816e-02, 8.6333e-01, 5.5730e-03, 
 2DIAGNOSTIC,    16, -8.870480808632e-01, 7.902434969105e-03, 8.6882e-01, 5.4948e-03, 
 2DIAGNOSTIC,    17, -8.886777819197e-01, 4.189413111477e-03, 8.7558e-01, 6.7530e-03, 
 2DIAGNOSTIC,    18, -8.889448809172e-01, 1.810422414623e-03, 8.8275e-01, 7.1690e-03, 
 2DIAGNOSTIC,    19, -8.890594321805e-01, 1.083853107275e-03, 8.8882e-01, 6.0720e-03, 
 2DIAGNOSTIC,    20, -8.887882560265e-01, 5.969783225888e-04, 8.9499e-01, 6.1669e-03, 
 2DIAGNOSTIC,    21, -8.886098614311e-01, 3.264825020431e-04, 9.0231e-01, 7.3202e-03, 
 2DIAGNOSTIC,    22, -8.885249831139e-01, 2.361096599709e-04, 9.0842e-01, 6.1150e-03, 
 2DIAGNOSTIC,    23, -8.882875301456e-01, 1.410432927411e-04, 9.1468e-01, 6.2568e-03, 
 2DIAGNOSTIC,    24, -8.882052343831e-01, 5.851496470372e-05, 9.2011e-01, 5.4319e-03, 
DIAGNOSTIC,Iteration,metricValue,convergenceValue,ITERATION_TIME_INDEX,SINCE_LAST
 2DIAGNOSTIC,     1, -7.469015878520e-01, 1.797693134862e+308, 1.6540e+00, 7.3394e-01, 
 2DIAGNOSTIC,     2, -7.476337609488e-01, 1.797693134862e+308, 1.6898e+00, 3.5783e-02, 
 2DIAGNOSTIC,     3, -7.481984148553e-01, 1.797693134862e+308, 1.7304e+00, 4.0598e-02, 
 2DIAGNOSTIC,     4, -7.485348956306e-01, 1.797693134862e+308, 1.7672e+00, 3.6759e-02, 
 2DIAGNOSTIC,     5, -7.488723348731e-01, 1.797693134862e+308, 1.8066e+00, 3.9460e-02, 
 2DIAGNOSTIC,     6, -7.493028717080e-01, 1.797693134862e+308, 1.8489e+00, 4.2302e-02, 
 2DIAGNOSTIC,     7, -7.498240981066e-01, 1.797693134862e+308, 1.8909e+00, 4.1970e-02, 
 2DIAGNOSTIC,     8, -7.499189037035e-01, 1.797693134862e+308, 1.9293e+00, 3.8364e-02, 
 2DIAGNOSTIC,     9, -7.503981904451e-01, 1.797693134862e+308, 1.9781e+00, 4.8830e-02, 
 2DIAGNOSTIC,    10, -7.505578656351e-01, 3.049238895273e-04, 2.0213e+00, 4.3206e-02, 
 2DIAGNOSTIC,    11, -7.505341233925e-01, 2.389539969420e-04, 2.0627e+00, 4.1412e-02, 
 2DIAGNOSTIC,    12, -7.505061913420e-01, 1.848758184567e-04, 2.1031e+00, 4.0393e-02, 
 2DIAGNOSTIC,    13, -7.505141120400e-01, 1.393602412821e-04, 2.1443e+00, 4.1218e-02, 
 2DIAGNOSTIC,    14, -7.505102732297e-01, 9.677096924234e-05, 2.1853e+00, 4.0945e-02, 
 2DIAGNOSTIC,    15, -7.505029862260e-01, 5.935599222437e-05, 2.2322e+00, 4.6921e-02, 
 2DIAGNOSTIC,    16, -7.504912484922e-01, 3.116310878681e-05, 2.2739e+00, 4.1723e-02, 
 2DIAGNOSTIC,    17, -7.504804688289e-01, 1.513171234385e-05, 2.3104e+00, 3.6490e-02, 
 2DIAGNOSTIC,    18, -7.504860792175e-01, 1.517271797299e-06, 2.3468e+00, 3.6400e-02, 
DIAGNOSTIC,Iteration,metricValue,convergenceValue,ITERATION_TIME_INDEX,SINCE_LAST
 2DIAGNOSTIC,     1, -6.294116114869e-01, 1.797693134862e+308, 3.4855e+00, 1.1387e+00, 
 2DIAGNOSTIC,     2, -6.299274337168e-01, 1.797693134862e+308, 3.7672e+00, 2.8165e-01, 
 2DIAGNOSTIC,     3, -6.304606937182e-01, 1.797693134862e+308, 4.0984e+00, 3.3122e-01, 
 2DIAGNOSTIC,     4, -6.311440982934e-01, 1.797693134862e+308, 4.3927e+00, 2.9427e-01, 
 2DIAGNOSTIC,     5, -6.319613521862e-01, 1.797693134862e+308, 4.6651e+00, 2.7246e-01, 
 2DIAGNOSTIC,     6, -6.326508618767e-01, 1.797693134862e+308, 5.2536e+00, 5.8849e-01, 
 2DIAGNOSTIC,     7, -6.326442430902e-01, 1.797693134862e+308, 5.6776e+00, 4.2401e-01, 
 2DIAGNOSTIC,     8, -6.326421029393e-01, 1.797693134862e+308, 5.9882e+00, 3.1059e-01, 
 2DIAGNOSTIC,     9, -6.326413589487e-01, 1.797693134862e+308, 6.3057e+00, 3.1748e-01, 
 2DIAGNOSTIC,    10, -6.326405355683e-01, 3.607193882761e-04, 6.6353e+00, 3.2963e-01, 
 2DIAGNOSTIC,    11, -6.326380580108e-01, 2.475998075892e-04, 6.9768e+00, 3.4147e-01, 
 2DIAGNOSTIC,    12, -6.326382567715e-01, 1.509095158903e-04, 7.2621e+00, 2.8535e-01, 
 2DIAGNOSTIC,    13, -6.326371995989e-01, 7.419550670545e-05, 7.5664e+00, 3.0430e-01, 
 2DIAGNOSTIC,    14, -6.326376012527e-01, 2.341664511736e-05, 7.8935e+00, 3.2707e-01, 
 2DIAGNOSTIC,    15, -6.326364675376e-01, 1.358505146223e-06, 8.1783e+00, 2.8483e-01, 
 2DIAGNOSTIC,    16, -6.326355129342e-01, 1.489402868690e-06, 8.4676e+00, 2.8924e-01, 
 2DIAGNOSTIC,    17, -6.326348602572e-01, 1.460469249634e-06, 8.8150e+00, 3.4739e-01, 
 2DIAGNOSTIC,    18, -6.326337608443e-01, 1.391313664265e-06, 9.1419e+00, 3.2693e-01, 
 2DIAGNOSTIC,    19, -6.326327160686e-01, 1.322246726096e-06, 9.4223e+00, 2.8039e-01, 
 2DIAGNOSTIC,    20, -6.326305163409e-01, 1.226844653153e-06, 9.7085e+00, 2.8626e-01, 
 2DIAGNOSTIC,    21, -6.326298184487e-01, 1.107474307989e-06, 9.9779e+00, 2.6940e-01, 
 2DIAGNOSTIC,    22, -6.326281931641e-01, 1.008190232889e-06, 1.0259e+01, 2.8153e-01, 
DIAGNOSTIC,Iteration,metricValue,convergenceValue,ITERATION_TIME_INDEX,SINCE_LAST
 2DIAGNOSTIC,     1, -5.634463068559e-01, 1.797693134862e+308, 1.3155e+01, 2.8955e+00, 
 2DIAGNOSTIC,     2, -5.639251004815e-01, 1.797693134862e+308, 1.4928e+01, 1.7726e+00, 
 2DIAGNOSTIC,     3, -5.643935833282e-01, 1.797693134862e+308, 1.6746e+01, 1.8186e+00, 
 2DIAGNOSTIC,     4, -5.653421950210e-01, 1.797693134862e+308, 1.8727e+01, 1.9807e+00, 
 2DIAGNOSTIC,     5, -5.666806764745e-01, 1.797693134862e+308, 2.1843e+01, 3.1166e+00, 
 2DIAGNOSTIC,     6, -5.666788820388e-01, 1.797693134862e+308, 2.4370e+01, 2.5271e+00, 
 2DIAGNOSTIC,     7, -5.666780133947e-01, 1.797693134862e+308, 2.6544e+01, 2.1740e+00, 
 2DIAGNOSTIC,     8, -5.666783735601e-01, 1.797693134862e+308, 2.9212e+01, 2.6674e+00, 
 2DIAGNOSTIC,     9, -5.666784084777e-01, 1.797693134862e+308, 3.1454e+01, 2.2426e+00, 
 2DIAGNOSTIC,    10, -5.666784506347e-01, 3.983088534251e-04, 3.4335e+01, 2.8801e+00, 
 2DIAGNOSTIC,    11, -5.666784967746e-01, 2.625661631303e-04, 3.6341e+01, 2.0064e+00, 
 2DIAGNOSTIC,    12, -5.666784025108e-01, 1.470656259440e-04, 3.8428e+01, 2.0875e+00, 
 2DIAGNOSTIC,    13, -5.666782937452e-01, 5.398476441745e-05, 4.0197e+01, 1.7690e+00, 
 2DIAGNOSTIC,    14, -5.666782129387e-01, 2.180213260039e-06, 4.2142e+01, 1.9444e+00, 
 2DIAGNOSTIC,    15, -5.666781321255e-01, 2.102078373076e-06, 4.4079e+01, 1.9375e+00, 
 2DIAGNOSTIC,    16, -5.666780513041e-01, 1.977704407435e-06, 4.5943e+01, 1.8635e+00, 
 2DIAGNOSTIC,    17, -5.666778685082e-01, 1.837861825359e-06, 4.8113e+01, 2.1699e+00, 
 2DIAGNOSTIC,    18, -5.666778212552e-01, 1.725707093808e-06, 5.0058e+01, 1.9455e+00, 
 2DIAGNOSTIC,    19, -5.666778444421e-01, 1.630844201336e-06, 5.1982e+01, 1.9239e+00, 
 2DIAGNOSTIC,    20, -5.666779866966e-01, 1.554109377834e-06, 5.3927e+01, 1.9452e+00, 
 2DIAGNOSTIC,    21, -5.666783301138e-01, 1.497463574508e-06, 5.5852e+01, 1.9245e+00, 
 2DIAGNOSTIC,    22, -5.666783751722e-01, 1.446501465469e-06, 5.8407e+01, 2.5548e+00, 
 2DIAGNOSTIC,    23, -5.666783010373e-01, 1.396175215586e-06, 6.0547e+01, 2.1404e+00, 
 2DIAGNOSTIC,    24, -5.666780920071e-01, 1.342972035981e-06, 6.2766e+01, 2.2189e+00, 
 2DIAGNOSTIC,    25, -5.666779000398e-01, 1.287019011212e-06, 6.4654e+01, 1.8879e+00, 
 2DIAGNOSTIC,    26, -5.666775791617e-01, 1.226331447300e-06, 6.6788e+01, 2.1346e+00, 
 2DIAGNOSTIC,    27, -5.666776909136e-01, 1.168730806175e-06, 6.8975e+01, 2.1870e+00, 
 2DIAGNOSTIC,    28, -5.666777011476e-01, 1.115511259912e-06, 7.0930e+01, 1.9546e+00, 
 2DIAGNOSTIC,    29, -5.666773564832e-01, 1.062427617451e-06, 7.2750e+01, 1.8196e+00, 
 2DIAGNOSTIC,    30, -5.666775305510e-01, 1.021604440619e-06, 7.5295e+01, 2.5455e+00, 
  Elapsed time (stage 0): 7.6388e+01


Total elapsed time: 7.6394e+01
Info [verificarlo]: loaded backend libinterflop_vprec.so
Info [interflop-vprec]: load backend with: 
Info [interflop-vprec]: precision-binary32 = 8
Info [interflop-vprec]: range-binary32 = 7
Info [interflop-vprec]: precision-binary64 = 8
Info [interflop-vprec]: range-binary64 = 7
Info [interflop-vprec]: mode = ob
Info [interflop-vprec]: error-mode = rel
Info [interflop-vprec]: max-abs-error-exponent = -1022
Info [interflop-vprec]: daz = false
Info [interflop-vprec]: ftz = false
Info [interflop-vprec]: 	instrument = none
Info [interflop-vprec]: 	prec-input-file = (null)
Info [interflop-vprec]: 	prec-output-file = (null)
Info [interflop-vprec]: 	prec-log-file = (null)
All_Command_lines_OK
Using double precision for computations.
=============================================================================
The composite transform comprises the following transforms (in order): 
  1. /home/mdugre/scratch/mri-registration-rp/datasets/ds004513/derivatives/mri-registration-rp/0001/antsRegistration-r7-p8/sub-s017/affine_Composite.h5[0] (type = Euler3DTransform)
  2. /home/mdugre/scratch/mri-registration-rp/datasets/ds004513/derivatives/mri-registration-rp/0001/antsRegistration-r7-p8/sub-s017/affine_Composite.h5[1] (type = Euler3DTransform)
  3. /home/mdugre/scratch/mri-registration-rp/datasets/ds004513/derivatives/mri-registration-rp/0001/antsRegistration-r7-p8/sub-s017/affine_Composite.h5[2] (type = Euler3DTransform)
  4. /home/mdugre/scratch/mri-registration-rp/datasets/ds004513/derivatives/mri-registration-rp/0001/antsRegistration-r7-p8/sub-s017/affine_Composite.h5[3] (type = AffineTransform)
=============================================================================
  number of levels = 4
  fixed image: /templateflow/tpl-MNI152NLin2009cAsym/tpl-MNI152NLin2009cAsym_res-01_desc-brain_T1w.nii.gz
  moving image: /home/mdugre/scratch/mri-registration-rp/datasets/ds004513/derivatives/mri-registration-rp/antsBrainExtraction/sub-s017/BrainExtractionBrain.nii.gz
Dimension = 3
Number of stages = 1
Use histogram matching = false
Winsorize image intensities = true
  Lower quantile = 0.005
  Upper quantile = 0.995


Stage 1 State
   Image metric = CC
     Fixed image = Image (0x3cc36f0)
  RTTI typeinfo:   itk::Image<double, 3u>
  Reference Count: 2
  Modified Time: 1606
  Debug: Off
  Object Name: 
  Observers: 
    none
  Source: (none)
  Source output name: (none)
  Release Data: Off
