
##########################
# Experiment information #
##########################

EXPERIMENT_NAME: antsRegistration-r7-p9
VFC_BACKENDS: libinterflop_vprec.so --range-binary32=7 --precision-binary32=9 --range-binary64=7 --precision-binary64=9

SIF_IMG: /home/mdugre/projects/rrg-glatard/mdugre/containers/ants-vprec-no_metrics.simg

SUBJECT_ID: s035
INPUT_IMG: /home/mdugre/scratch/mri-registration-rp/datasets/ds004513/derivatives/mri-registration-rp/antsBrainExtraction/sub-s035/BrainExtractionBrain.nii.gz
OUTPUT_DIR: /home/mdugre/scratch/mri-registration-rp/datasets/ds004513/derivatives/mri-registration-rp/0001/antsRegistration-r7-p9/sub-s035

FIXED_IMG: /templateflow/tpl-MNI152NLin2009cAsym/tpl-MNI152NLin2009cAsym_res-01_desc-brain_T1w.nii.gz
DATA_DIR: /home/mdugre/scratch/mri-registration-rp/datasets/ds004513
TEMPLATEFLOW_DIR: /home/mdugre/projects/rrg-glatard/mdugre/templateflow
ITK_GLOBAL_DEFAULT_NUMBER_OF_THREADS: 16
##########################

Info [verificarlo]: loaded backend libinterflop_ieee.so
Info [interflop-ieee]: load backend with:
Info [interflop-ieee]: debug = false
Info [interflop-ieee]: debug-binary = false
Info [interflop-ieee]: no-backend-name = false
Info [interflop-ieee]: print-new-line = false
Info [interflop-ieee]: print-subnormal-normalized = false
Info [interflop-ieee]: count-op = false
All_Command_lines_OK
Using double precision for computations.
=============================================================================
The composite transform comprises the following transforms (in order): 
  1. Center of mass alignment using fixed image: /templateflow/tpl-MNI152NLin2009cAsym/tpl-MNI152NLin2009cAsym_res-01_desc-brain_T1w.nii.gz and moving image: /home/mdugre/scratch/mri-registration-rp/datasets/ds004513/derivatives/mri-registration-rp/antsBrainExtraction/sub-s035/BrainExtractionBrain.nii.gz (type = Euler3DTransform)
=============================================================================
  number of levels = 1
  fixed image: /templateflow/tpl-MNI152NLin2009cAsym/tpl-MNI152NLin2009cAsym_res-01_desc-brain_T1w.nii.gz
  moving image: /home/mdugre/scratch/mri-registration-rp/datasets/ds004513/derivatives/mri-registration-rp/antsBrainExtraction/sub-s035/BrainExtractionBrain.nii.gz
Dimension = 3
Number of stages = 1
Use histogram matching = false
Winsorize image intensities = true
  Lower quantile = 0.005
  Upper quantile = 0.995


Stage 1 State
   Image metric = MattesMI
     Fixed image = Image (0x50d6bd0)
  RTTI typeinfo:   itk::Image<double, 3u>
  Reference Count: 2
  Modified Time: 2330
  Debug: Off
  Object Name: 
  Observers: 
    none
  Source: (none)
  Source output name: (none)
  Release Data: Off
  Data Released: False
  Global Release Data: Off
  PipelineMTime: 0
  UpdateMTime: 1941
  RealTimeStamp: 0 seconds 
  LargestPossibleRegion: 
    Dimension: 3
    Index: [0, 0, 0]
    Size: [193, 229, 193]
  BufferedRegion: 
    Dimension: 3
    Index: [0, 0, 0]
    Size: [193, 229, 193]
  RequestedRegion: 
    Dimension: 3
    Index: [0, 0, 0]
    Size: [193, 229, 193]
  Spacing: [1, 1, 1]
  Origin: [96, 132, -78]
  Direction: 
-1 0 0
0 -1 0
0 0 1

  IndexToPointMatrix: 
-1 0 0
0 -1 0
0 0 1

  PointToIndexMatrix: 
-1 0 0
0 -1 0
0 0 1

  Inverse Direction: 
-1 0 0
0 -1 0
0 0 1

  PixelContainer: 
    ImportImageContainer (0x50df9e0)
      RTTI typeinfo:   itk::ImportImageContainer<unsigned long, double>
      Reference Count: 1
      Modified Time: 1938
      Debug: Off
      Object Name: 
      Observers: 
        none
      Pointer: 0x15064cbbd010
      Container manages memory: true
      Size: 8530021
      Capacity: 8530021

     Moving image = Image (0x50e0d40)
  RTTI typeinfo:   itk::Image<double, 3u>
  Reference Count: 2
  Modified Time: 2331
  Debug: Off
  Object Name: 
  Observers: 
    none
  Source: (none)
  Source output name: (none)
  Release Data: Off
  Data Released: False
  Global Release Data: Off
  PipelineMTime: 0
  UpdateMTime: 2328
  RealTimeStamp: 0 seconds 
  LargestPossibleRegion: 
    Dimension: 3
    Index: [0, 0, 0]
    Size: [160, 240, 256]
  BufferedRegion: 
    Dimension: 3
    Index: [0, 0, 0]
    Size: [160, 240, 256]
  RequestedRegion: 
    Dimension: 3
    Index: [0, 0, 0]
    Size: [160, 240, 256]
  Spacing: [1, 1, 1]
  Origin: [98.6438, 87.6358, -117.989]
  Direction: 
-0.993515 -0.100993 -0.0522355
0.100854 -0.994887 0.00530255
-0.0525039 1.93537e-08 0.998621

  IndexToPointMatrix: 
-0.993515 -0.100993 -0.0522355
0.100854 -0.994887 0.00530255
-0.0525039 1.93537e-08 0.998621

  PointToIndexMatrix: 
-0.993515 0.100854 -0.0525039
-0.100993 -0.994887 1.93006e-08
-0.0522355 0.00530255 0.998621

  Inverse Direction: 
-0.993515 0.100854 -0.0525039
-0.100993 -0.994887 1.93006e-08
-0.0522355 0.00530255 0.998621

  PixelContainer: 
    ImportImageContainer (0x5106850)
      RTTI typeinfo:   itk::ImportImageContainer<unsigned long, double>
      Reference Count: 1
      Modified Time: 2325
      Debug: Off
      Object Name: 
      Observers: 
        none
      Pointer: 0x1506480bc010
      Container manages memory: true
      Size: 9830400
      Capacity: 9830400

     Weighting = 1
     Sampling strategy = regular
     Number of bins = 32
     Radius = 4
     Sampling percentage  = 0.25
   Transform = Rigid
     Gradient step = 0.1
     Update field sigma (voxel space) = 0
     Total field sigma (voxel space) = 0
     Update field time sigma = 0
     Total field time sigma  = 0
     Number of time indices = 0
     Number of time point samples = 0
Registration using 1 total stages.

Stage 0
  iterations = 0
  convergence threshold = 1e-06
  convergence window size = 10
  number of levels = 1
  using the Mattes MI metric (number of bins = 32, weight = 1, use gradient filter = 0)
  preprocessing:  winsorizing the image intensities
  Shrink factors (level 1 out of 1): [1, 1, 1]
  smoothing sigmas per level: [0]
  regular sampling (percentage = 0.25)

*** Running Euler3DTransform registration ***

  Elapsed time (stage 0): 1.12686


Total elapsed time: 1.12943
Info [verificarlo]: loaded backend libinterflop_ieee.so
Info [interflop-ieee]: load backend with:
Info [interflop-ieee]: debug = false
Info [interflop-ieee]: debug-binary = false
Info [interflop-ieee]: no-backend-name = false
Info [interflop-ieee]: print-new-line = false
Info [interflop-ieee]: print-subnormal-normalized = false
Info [interflop-ieee]: count-op = false
All_Command_lines_OK
Using double precision for computations.
=============================================================================
The composite transform comprises the following transforms (in order): 
  1. /home/mdugre/scratch/mri-registration-rp/datasets/ds004513/derivatives/mri-registration-rp/0001/antsRegistration-r7-p9/sub-s035/align_Composite.h5[0] (type = Euler3DTransform)
  2. /home/mdugre/scratch/mri-registration-rp/datasets/ds004513/derivatives/mri-registration-rp/0001/antsRegistration-r7-p9/sub-s035/align_Composite.h5[1] (type = Euler3DTransform)
=============================================================================
  number of levels = 4
  fixed image: /templateflow/tpl-MNI152NLin2009cAsym/tpl-MNI152NLin2009cAsym_res-01_desc-brain_T1w.nii.gz
  moving image: /home/mdugre/scratch/mri-registration-rp/datasets/ds004513/derivatives/mri-registration-rp/antsBrainExtraction/sub-s035/BrainExtractionBrain.nii.gz
Dimension = 3
Number of stages = 1
Use histogram matching = false
Winsorize image intensities = true
  Lower quantile = 0.005
  Upper quantile = 0.995


Stage 1 State
   Image metric = MattesMI
     Fixed image = Image (0x37a0530)
  RTTI typeinfo:   itk::Image<double, 3u>
  Reference Count: 2
  Modified Time: 1578
  Debug: Off
  Object Name: 
  Observers: 
    none
  Source: (none)
  Source output name: (none)
  Release Data: Off
  Data Released: False
  Global Release Data: Off
  PipelineMTime: 0
  UpdateMTime: 1189
  RealTimeStamp: 0 seconds 
  LargestPossibleRegion: 
    Dimension: 3
    Index: [0, 0, 0]
    Size: [193, 229, 193]
  BufferedRegion: 
    Dimension: 3
    Index: [0, 0, 0]
    Size: [193, 229, 193]
  RequestedRegion: 
    Dimension: 3
    Index: [0, 0, 0]
    Size: [193, 229, 193]
  Spacing: [1, 1, 1]
  Origin: [96, 132, -78]
  Direction: 
-1 0 0
0 -1 0
0 0 1

  IndexToPointMatrix: 
-1 0 0
0 -1 0
0 0 1

  PointToIndexMatrix: 
-1 0 0
0 -1 0
0 0 1

  Inverse Direction: 
-1 0 0
0 -1 0
0 0 1

  PixelContainer: 
    ImportImageContainer (0x385ed60)
      RTTI typeinfo:   itk::ImportImageContainer<unsigned long, double>
      Reference Count: 1
      Modified Time: 1186
      Debug: Off
      Object Name: 
      Observers: 
        none
      Pointer: 0x14710d11c010
      Container manages memory: true
      Size: 8530021
      Capacity: 8530021

     Moving image = Image (0x3850f60)
  RTTI typeinfo:   itk::Image<double, 3u>
  Reference Count: 2
  Modified Time: 1579
  Debug: Off
  Object Name: 
  Observers: 
    none
  Source: (none)
  Source output name: (none)
  Release Data: Off
  Data Released: False
  Global Release Data: Off
  PipelineMTime: 0
  UpdateMTime: 1576
  RealTimeStamp: 0 seconds 
  LargestPossibleRegion: 
    Dimension: 3
    Index: [0, 0, 0]
    Size: [160, 240, 256]
  BufferedRegion: 
    Dimension: 3
    Index: [0, 0, 0]
    Size: [160, 240, 256]
  RequestedRegion: 
    Dimension: 3
    Index: [0, 0, 0]
    Size: [160, 240, 256]
  Spacing: [1, 1, 1]
  Origin: [98.6438, 87.6358, -117.989]
  Direction: 
-0.993515 -0.100993 -0.0522355
0.100854 -0.994887 0.00530255
-0.0525039 1.93537e-08 0.998621

  IndexToPointMatrix: 
-0.993515 -0.100993 -0.0522355
0.100854 -0.994887 0.00530255
-0.0525039 1.93537e-08 0.998621

  PointToIndexMatrix: 
-0.993515 0.100854 -0.0525039
-0.100993 -0.994887 1.93006e-08
-0.0522355 0.00530255 0.998621

  Inverse Direction: 
-0.993515 0.100854 -0.0525039
-0.100993 -0.994887 1.93006e-08
-0.0522355 0.00530255 0.998621

  PixelContainer: 
    ImportImageContainer (0x38426d0)
      RTTI typeinfo:   itk::ImportImageContainer<unsigned long, double>
      Reference Count: 1
      Modified Time: 1573
      Debug: Off
      Object Name: 
      Observers: 
        none
      Pointer: 0x14710861b010
      Container manages memory: true
      Size: 9830400
      Capacity: 9830400

     Weighting = 1
     Sampling strategy = regular
     Number of bins = 32
     Radius = 4
     Sampling percentage  = 0.25
   Transform = Rigid
     Gradient step = 0.1
     Update field sigma (voxel space) = 0
     Total field sigma (voxel space) = 0
     Update field time sigma = 0
     Total field time sigma  = 0
     Number of time indices = 0
     Number of time point samples = 0
Registration using 1 total stages.

Stage 0
  iterations = 1000x500x250x100
  convergence threshold = 1e-06
  convergence window size = 10
  number of levels = 4
  using the Mattes MI metric (number of bins = 32, weight = 1, use gradient filter = 0)
  preprocessing:  winsorizing the image intensities
  Shrink factors (level 1 out of 4): [8, 8, 8]
  Shrink factors (level 2 out of 4): [4, 4, 4]
  Shrink factors (level 3 out of 4): [2, 2, 2]
  Shrink factors (level 4 out of 4): [1, 1, 1]
  smoothing sigmas per level: [3, 2, 1, 0]
  regular sampling (percentage = 0.25)

*** Running Euler3DTransform registration ***

DIAGNOSTIC,Iteration,metricValue,convergenceValue,ITERATION_TIME_INDEX,SINCE_LAST
 2DIAGNOSTIC,     1, -5.238630234552e-01, 1.797693134862e+308, 8.0574e-01, 8.0574e-01, 
 2DIAGNOSTIC,     2, -5.257885820767e-01, 1.797693134862e+308, 8.1094e-01, 5.2040e-03, 
 2DIAGNOSTIC,     3, -5.278597554839e-01, 1.797693134862e+308, 8.2025e-01, 9.3100e-03, 
 2DIAGNOSTIC,     4, -5.302176117225e-01, 1.797693134862e+308, 8.2518e-01, 4.9329e-03, 
 2DIAGNOSTIC,     5, -5.343462816845e-01, 1.797693134862e+308, 8.2997e-01, 4.7841e-03, 
 2DIAGNOSTIC,     6, -5.399239396740e-01, 1.797693134862e+308, 8.3529e-01, 5.3208e-03, 
 2DIAGNOSTIC,     7, -5.490554822001e-01, 1.797693134862e+308, 8.4023e-01, 4.9431e-03, 
 2DIAGNOSTIC,     8, -5.545204224448e-01, 1.797693134862e+308, 8.4683e-01, 6.5939e-03, 
 2DIAGNOSTIC,     9, -5.601437715553e-01, 1.797693134862e+308, 8.5132e-01, 4.4990e-03, 
 2DIAGNOSTIC,    10, -5.617741193774e-01, 5.067640484485e-03, 8.5814e-01, 6.8200e-03, 
 2DIAGNOSTIC,    11, -5.649562249041e-01, 4.796539612083e-03, 8.6526e-01, 7.1161e-03, 
 2DIAGNOSTIC,    12, -5.658710903081e-01, 4.260783098155e-03, 8.7029e-01, 5.0271e-03, 
 2DIAGNOSTIC,    13, -5.662828333056e-01, 3.524744036645e-03, 8.7487e-01, 4.5810e-03, 
 2DIAGNOSTIC,    14, -5.685908474577e-01, 2.751340472953e-03, 8.8001e-01, 5.1460e-03, 
 2DIAGNOSTIC,    15, -5.732745043306e-01, 2.134644679428e-03, 8.8727e-01, 7.2529e-03, 
 2DIAGNOSTIC,    16, -5.738084427846e-01, 1.591333148336e-03, 8.9315e-01, 5.8801e-03, 
 2DIAGNOSTIC,    17, -5.739093703465e-01, 1.247363567740e-03, 8.9784e-01, 4.6928e-03, 
 2DIAGNOSTIC,    18, -5.745773598458e-01, 1.002163966316e-03, 9.0267e-01, 4.8261e-03, 
 2DIAGNOSTIC,    19, -5.752045522722e-01, 8.579763081915e-04, 9.0731e-01, 4.6480e-03, 
 2DIAGNOSTIC,    20, -5.755578777726e-01, 6.955845773852e-04, 9.1187e-01, 4.5509e-03, 
 2DIAGNOSTIC,    21, -5.761681227725e-01, 5.767135182673e-04, 9.1643e-01, 4.5629e-03, 
 2DIAGNOSTIC,    22, -5.775610178280e-01, 4.707067062498e-04, 9.2104e-01, 4.6148e-03, 
 2DIAGNOSTIC,    23, -5.801876522129e-01, 3.965856196702e-04, 9.2607e-01, 5.0271e-03, 
 2DIAGNOSTIC,    24, -5.873578871732e-01, 4.881452203223e-04, 9.3311e-01, 7.0350e-03, 
 2DIAGNOSTIC,    25, -5.924052233428e-01, 7.199711433521e-04, 9.3969e-01, 6.5839e-03, 
 2DIAGNOSTIC,    26, -5.933789722467e-01, 8.944842697862e-04, 9.4578e-01, 6.0902e-03, 
 2DIAGNOSTIC,    27, -5.948140362528e-01, 1.002036484217e-03, 9.5120e-01, 5.4190e-03, 
 2DIAGNOSTIC,    28, -5.954370004495e-01, 1.029952320651e-03, 9.5592e-01, 4.7190e-03, 
 2DIAGNOSTIC,    29, -5.955619965572e-01, 9.699000560973e-04, 9.6060e-01, 4.6830e-03, 
 2DIAGNOSTIC,    30, -5.960977142391e-01, 8.366692958351e-04, 9.6533e-01, 4.7321e-03, 
 2DIAGNOSTIC,    31, -5.971105016102e-01, 6.606986234242e-04, 9.7065e-01, 5.3191e-03, 
 2DIAGNOSTIC,    32, -5.989728413266e-01, 4.853112631908e-04, 9.7781e-01, 7.1602e-03, 
 2DIAGNOSTIC,    33, -5.996340170928e-01, 3.222359244304e-04, 9.8252e-01, 4.7090e-03, 
 2DIAGNOSTIC,    34, -5.997688324603e-01, 2.443793009198e-04, 9.8739e-01, 4.8640e-03, 
 2DIAGNOSTIC,    35, -5.999328162583e-01, 2.224308781834e-04, 9.9355e-01, 6.1619e-03, 
 2DIAGNOSTIC,    36, -6.001598298378e-01, 1.965988100270e-04, 9.9849e-01, 4.9441e-03, 
 2DIAGNOSTIC,    37, -6.004938012835e-01, 1.767006112086e-04, 1.0037e+00, 5.1920e-03, 
 2DIAGNOSTIC,    38, -6.008280009963e-01, 1.536048156055e-04, 1.0083e+00, 4.6129e-03, 
 2DIAGNOSTIC,    39, -6.038559363746e-01, 1.574331423512e-04, 1.0136e+00, 5.2550e-03, 
 2DIAGNOSTIC,    40, -6.077047306508e-01, 1.993081287640e-04, 1.0184e+00, 4.8280e-03, 
 2DIAGNOSTIC,    41, -6.174632666901e-01, 3.481386740690e-04, 1.0245e+00, 6.1131e-03, 
 2DIAGNOSTIC,    42, -6.161977675940e-01, 4.608904484276e-04, 1.0378e+00, 1.3270e-02, 
 2DIAGNOSTIC,    43, -6.161564297296e-01, 5.335366062143e-04, 1.0427e+00, 4.8931e-03, 
 2DIAGNOSTIC,    44, -6.170772015702e-01, 5.644814314639e-04, 1.0477e+00, 5.0130e-03, 
 2DIAGNOSTIC,    45, -6.185357110854e-01, 5.560468824876e-04, 1.0524e+00, 4.7538e-03, 
 2DIAGNOSTIC,    46, -6.206472501173e-01, 5.180552825245e-04, 1.0571e+00, 4.7140e-03, 
 2DIAGNOSTIC,    47, -6.234100369769e-01, 4.649600978428e-04, 1.0621e+00, 4.9191e-03, 
 2DIAGNOSTIC,    48, -6.282459744631e-01, 4.232183116473e-04, 1.0670e+00, 4.9338e-03, 
 2DIAGNOSTIC,    49, -6.332857012768e-01, 4.219356690996e-04, 1.0719e+00, 4.9341e-03, 
 2DIAGNOSTIC,    50, -6.437673451530e-01, 5.158707301140e-04, 1.0766e+00, 4.6721e-03, 
 2DIAGNOSTIC,    51, -6.567709940246e-01, 7.709779368160e-04, 1.0814e+00, 4.8201e-03, 
 2DIAGNOSTIC,    52, -6.630139254703e-01, 9.856121837750e-04, 1.0867e+00, 5.2509e-03, 
 2DIAGNOSTIC,    53, -6.637658026311e-01, 1.103855318346e-03, 1.0913e+00, 4.6420e-03, 
 2DIAGNOSTIC,    54, -6.646848116886e-01, 1.129224873767e-03, 1.0961e+00, 4.7851e-03, 
 2DIAGNOSTIC,    55, -6.699955200201e-01, 1.103370711340e-03, 1.1044e+00, 8.2779e-03, 
 2DIAGNOSTIC,    56, -6.720090193996e-01, 1.005090320306e-03, 1.1110e+00, 6.6080e-03, 
 2DIAGNOSTIC,    57, -6.720481954999e-01, 8.375243610806e-04, 1.1159e+00, 4.8921e-03, 
 2DIAGNOSTIC,    58, -6.725919765084e-01, 6.425669505550e-04, 1.1205e+00, 4.6442e-03, 
 2DIAGNOSTIC,    59, -6.729036481453e-01, 4.360798453385e-04, 1.1291e+00, 8.5640e-03, 
 2DIAGNOSTIC,    60, -6.731488772722e-01, 2.773045321166e-04, 1.1337e+00, 4.5850e-03, 
 2DIAGNOSTIC,    61, -6.734259115713e-01, 1.993310274413e-04, 1.1385e+00, 4.7979e-03, 
 2DIAGNOSTIC,    62, -6.739132176249e-01, 1.568958658824e-04, 1.1430e+00, 4.5600e-03, 
 2DIAGNOSTIC,    63, -6.762843346625e-01, 1.247260347810e-04, 1.1494e+00, 6.3410e-03, 
 2DIAGNOSTIC,    64, -6.766381669578e-01, 8.969319509551e-05, 1.1539e+00, 4.5791e-03, 
 2DIAGNOSTIC,    65, -6.771215295526e-01, 8.898258819093e-05, 1.1589e+00, 4.9582e-03, 
 2DIAGNOSTIC,    66, -6.778537320204e-01, 9.953401562441e-05, 1.1647e+00, 5.7671e-03, 
 2DIAGNOSTIC,    67, -6.792268155645e-01, 1.098306218608e-04, 1.1716e+00, 6.8991e-03, 
 2DIAGNOSTIC,    68, -6.807681077422e-01, 1.231390463404e-04, 1.1769e+00, 5.3780e-03, 
 2DIAGNOSTIC,    69, -6.815199889046e-01, 1.312166373560e-04, 1.1819e+00, 4.9980e-03, 
 2DIAGNOSTIC,    70, -6.818105106055e-01, 1.303113876305e-04, 1.1886e+00, 6.6609e-03, 
 2DIAGNOSTIC,    71, -6.820510516968e-01, 1.205027687397e-04, 1.1932e+00, 4.6408e-03, 
 2DIAGNOSTIC,    72, -6.822317213878e-01, 1.032406050721e-04, 1.1981e+00, 4.8730e-03, 
 2DIAGNOSTIC,    73, -6.825798820574e-01, 9.372227346360e-05, 1.2049e+00, 6.7570e-03, 
 2DIAGNOSTIC,    74, -6.826263812495e-01, 7.797270056215e-05, 1.2108e+00, 5.9271e-03, 
 2DIAGNOSTIC,    75, -6.826914438166e-01, 5.871071599066e-05, 1.2158e+00, 4.9651e-03, 
 2DIAGNOSTIC,    76, -6.828123142254e-01, 3.951610862697e-05, 1.2268e+00, 1.1071e-02, 
 2DIAGNOSTIC,    77, -6.832344869211e-01, 2.762742803931e-05, 1.2334e+00, 6.6099e-03, 
 2DIAGNOSTIC,    78, -6.838171904666e-01, 2.580730835881e-05, 1.2420e+00, 8.5840e-03, 
 2DIAGNOSTIC,    79, -6.837376492422e-01, 2.541986790406e-05, 1.2468e+00, 4.7250e-03, 
 2DIAGNOSTIC,    80, -6.837941098106e-01, 2.471285302255e-05, 1.2517e+00, 4.9000e-03, 
 2DIAGNOSTIC,    81, -6.839726596361e-01, 2.407047201640e-05, 1.2564e+00, 4.7710e-03, 
 2DIAGNOSTIC,    82, -6.841107869560e-01, 2.281080852640e-05, 1.2612e+00, 4.7572e-03, 
 2DIAGNOSTIC,    83, -6.851046430934e-01, 2.675792566397e-05, 1.2677e+00, 6.5439e-03, 
 2DIAGNOSTIC,    84, -6.858177757441e-01, 3.208815179010e-05, 1.2736e+00, 5.9140e-03, 
 2DIAGNOSTIC,    85, -6.861556006608e-01, 3.640355878286e-05, 1.2822e+00, 8.5628e-03, 
 2DIAGNOSTIC,    86, -6.861558930234e-01, 3.780140170712e-05, 1.2872e+00, 4.9939e-03, 
 2DIAGNOSTIC,    87, -6.861669103502e-01, 3.777723385617e-05, 1.2922e+00, 4.9989e-03, 
 2DIAGNOSTIC,    88, -6.861799628448e-01, 3.717456446137e-05, 1.3056e+00, 1.3449e-02, 
 2DIAGNOSTIC,    89, -6.861876467935e-01, 3.259312196347e-05, 1.3119e+00, 6.2599e-03, 
 2DIAGNOSTIC,    90, -6.861914589490e-01, 2.533808888362e-05, 1.3171e+00, 5.1491e-03, 
 2DIAGNOSTIC,    91, -6.861984439158e-01, 1.686225794211e-05, 1.3220e+00, 4.9839e-03, 
 2DIAGNOSTIC,    92, -6.862113380699e-01, 7.665810418563e-06, 1.3274e+00, 5.3959e-03, 
 2DIAGNOSTIC,    93, -6.862267211494e-01, 2.805581617768e-06, 1.3327e+00, 5.2741e-03, 
 2DIAGNOSTIC,    94, -6.862421210820e-01, 1.276590112993e-06, 1.3391e+00, 6.4030e-03, 
 2DIAGNOSTIC,    95, -6.863402431058e-01, 1.766673226137e-06, 1.3470e+00, 7.8990e-03, 
 2DIAGNOSTIC,    96, -6.863401982900e-01, 2.099106434785e-06, 1.3531e+00, 6.0480e-03, 
 2DIAGNOSTIC,    97, -6.863403316601e-01, 2.311975595453e-06, 1.3586e+00, 5.4939e-03, 
 2DIAGNOSTIC,    98, -6.863407803874e-01, 2.398360318075e-06, 1.3641e+00, 5.5599e-03, 
 2DIAGNOSTIC,    99, -6.863418524060e-01, 2.322390204420e-06, 1.3691e+00, 5.0180e-03, 
 2DIAGNOSTIC,   100, -6.863433309135e-01, 2.074024255956e-06, 1.3862e+00, 1.7075e-02, 
 2DIAGNOSTIC,   101, -6.863433307757e-01, 1.693296655633e-06, 1.4023e+00, 1.6125e-02, 
 2DIAGNOSTIC,   102, -6.863433307757e-01, 1.252577916265e-06, 1.4111e+00, 8.7800e-03, 
DIAGNOSTIC,Iteration,metricValue,convergenceValue,ITERATION_TIME_INDEX,SINCE_LAST
 2DIAGNOSTIC,     1, -5.583134831000e-01, 1.797693134862e+308, 2.1800e+00, 7.6891e-01, 
 2DIAGNOSTIC,     2, -5.587689753199e-01, 1.797693134862e+308, 2.2107e+00, 3.0676e-02, 
 2DIAGNOSTIC,     3, -5.591102995615e-01, 1.797693134862e+308, 2.2424e+00, 3.1689e-02, 
 2DIAGNOSTIC,     4, -5.599294421567e-01, 1.797693134862e+308, 2.2722e+00, 2.9831e-02, 
 2DIAGNOSTIC,     5, -5.608880259028e-01, 1.797693134862e+308, 2.3157e+00, 4.3455e-02, 
 2DIAGNOSTIC,     6, -5.613233933663e-01, 1.797693134862e+308, 2.3488e+00, 3.3145e-02, 
 2DIAGNOSTIC,     7, -5.624616908095e-01, 1.797693134862e+308, 2.3866e+00, 3.7757e-02, 
 2DIAGNOSTIC,     8, -5.631243256672e-01, 1.797693134862e+308, 2.4222e+00, 3.5632e-02, 
 2DIAGNOSTIC,     9, -5.632664752177e-01, 1.797693134862e+308, 2.4564e+00, 3.4216e-02, 
 2DIAGNOSTIC,    10, -5.639225010067e-01, 6.925704312650e-04, 2.4884e+00, 3.2006e-02, 
 2DIAGNOSTIC,    11, -5.654843462400e-01, 6.698357802939e-04, 2.5215e+00, 3.3109e-02, 
 2DIAGNOSTIC,    12, -5.660111454498e-01, 6.307358417287e-04, 2.5514e+00, 2.9861e-02, 
 2DIAGNOSTIC,    13, -5.661380475644e-01, 5.589647018970e-04, 2.6500e+00, 9.8618e-02, 
 2DIAGNOSTIC,    14, -5.661380464745e-01, 4.771738150988e-04, 2.6797e+00, 2.9646e-02, 
 2DIAGNOSTIC,    15, -5.661380874096e-01, 3.954531633020e-04, 2.7151e+00, 3.5488e-02, 
 2DIAGNOSTIC,    16, -5.661381565970e-01, 3.000794992755e-04, 2.7489e+00, 3.3765e-02, 
 2DIAGNOSTIC,    17, -5.661382735127e-01, 2.217026382393e-04, 2.7845e+00, 3.5574e-02, 
 2DIAGNOSTIC,    18, -5.661384710717e-01, 1.510621391506e-04, 2.8192e+00, 3.4688e-02, 
 2DIAGNOSTIC,    19, -5.661388047347e-01, 7.806117912890e-05, 2.8531e+00, 3.3946e-02, 
 2DIAGNOSTIC,    20, -5.661393690175e-01, 2.093592076641e-05, 2.8866e+00, 3.3525e-02, 
 2DIAGNOSTIC,    21, -5.661403179670e-01, 4.667805978041e-06, 2.9190e+00, 3.2358e-02, 
 2DIAGNOSTIC,    22, -5.661328974769e-01, 1.407627967499e-06, 2.9605e+00, 4.1536e-02, 
 2DIAGNOSTIC,    23, -5.661356233191e-01, 1.281720135256e-06, 2.9958e+00, 3.5288e-02, 
 2DIAGNOSTIC,    24, -5.661399590822e-01, 1.264023872675e-06, 3.0275e+00, 3.1673e-02, 
 2DIAGNOSTIC,    25, -5.661468769871e-01, 1.389708292873e-06, 3.0601e+00, 3.2592e-02, 
 2DIAGNOSTIC,    26, -5.661577877809e-01, 1.706141753870e-06, 3.0960e+00, 3.5883e-02, 
 2DIAGNOSTIC,    27, -5.661500421526e-01, 1.810959577991e-06, 3.1307e+00, 3.4695e-02, 
 2DIAGNOSTIC,    28, -5.661417364698e-01, 1.711111430019e-06, 3.1682e+00, 3.7541e-02, 
 2DIAGNOSTIC,    29, -5.661387379180e-01, 1.519451836442e-06, 3.2079e+00, 3.9717e-02, 
 2DIAGNOSTIC,    30, -5.661397040833e-01, 1.320175450646e-06, 3.2621e+00, 5.4188e-02, 
 2DIAGNOSTIC,    31, -5.661460680483e-01, 1.227235991212e-06, 3.2971e+00, 3.4979e-02, 
DIAGNOSTIC,Iteration,metricValue,convergenceValue,ITERATION_TIME_INDEX,SINCE_LAST
 2DIAGNOSTIC,     1, -5.040400089822e-01, 1.797693134862e+308, 4.4943e+00, 1.1972e+00, 
 2DIAGNOSTIC,     2, -5.041456630915e-01, 1.797693134862e+308, 4.7547e+00, 2.6040e-01, 
 2DIAGNOSTIC,     3, -5.041939549000e-01, 1.797693134862e+308, 5.0136e+00, 2.5890e-01, 
 2DIAGNOSTIC,     4, -5.042627759053e-01, 1.797693134862e+308, 5.2747e+00, 2.6107e-01, 
 2DIAGNOSTIC,     5, -5.043419454348e-01, 1.797693134862e+308, 5.5904e+00, 3.1570e-01, 
 2DIAGNOSTIC,     6, -5.045507480926e-01, 1.797693134862e+308, 6.2364e+00, 6.4604e-01, 
 2DIAGNOSTIC,     7, -5.045543171531e-01, 1.797693134862e+308, 6.5209e+00, 2.8443e-01, 
 2DIAGNOSTIC,     8, -5.045538378047e-01, 1.797693134862e+308, 6.7925e+00, 2.7163e-01, 
 2DIAGNOSTIC,     9, -5.045523550188e-01, 1.797693134862e+308, 7.0940e+00, 3.0148e-01, 
 2DIAGNOSTIC,    10, -5.045498999666e-01, 7.578527369984e-05, 7.4784e+00, 3.8442e-01, 
 2DIAGNOSTIC,    11, -5.045496976792e-01, 5.502934841177e-05, 7.8505e+00, 3.7215e-01, 
 2DIAGNOSTIC,    12, -5.045491591934e-01, 3.798748837999e-05, 8.1412e+00, 2.9065e-01, 
 2DIAGNOSTIC,    13, -5.045475439503e-01, 2.250305114720e-05, 8.3896e+00, 2.4844e-01, 
 2DIAGNOSTIC,    14, -5.045479724353e-01, 1.021182165696e-05, 8.6332e+00, 2.4360e-01, 
 2DIAGNOSTIC,    15, -5.045486921568e-01, 1.612446083946e-06, 8.9032e+00, 2.6992e-01, 
 2DIAGNOSTIC,    16, -5.045500893897e-01, 1.531158637907e-06, 9.1763e+00, 2.7313e-01, 
 2DIAGNOSTIC,    17, -5.045498175336e-01, 1.609078061432e-06, 9.4459e+00, 2.6964e-01, 
 2DIAGNOSTIC,    18, -5.045493005681e-01, 1.673705429736e-06, 9.7044e+00, 2.5843e-01, 
 2DIAGNOSTIC,    19, -5.045479311874e-01, 1.658310798347e-06, 1.0054e+01, 3.4959e-01, 
 2DIAGNOSTIC,    20, -5.045463803783e-01, 1.532625183230e-06, 1.0372e+01, 3.1842e-01, 
 2DIAGNOSTIC,    21, -5.045456505272e-01, 1.399244692231e-06, 1.0631e+01, 2.5858e-01, 
 2DIAGNOSTIC,    22, -5.045450655444e-01, 1.261166697436e-06, 1.0939e+01, 3.0810e-01, 
 2DIAGNOSTIC,    23, -5.045455624704e-01, 1.125418797959e-06, 1.1229e+01, 2.8990e-01, 
 2DIAGNOSTIC,    24, -5.045442754442e-01, 1.004754249988e-06, 1.1474e+01, 2.4480e-01, 
DIAGNOSTIC,Iteration,metricValue,convergenceValue,ITERATION_TIME_INDEX,SINCE_LAST
 2DIAGNOSTIC,     1, -4.672881496102e-01, 1.797693134862e+308, 1.4102e+01, 2.6280e+00, 
 2DIAGNOSTIC,     2, -4.673567305738e-01, 1.797693134862e+308, 1.6654e+01, 2.5518e+00, 
 2DIAGNOSTIC,     3, -4.673572222541e-01, 1.797693134862e+308, 1.8416e+01, 1.7622e+00, 
 2DIAGNOSTIC,     4, -4.673569260523e-01, 1.797693134862e+308, 2.0410e+01, 1.9940e+00, 
 2DIAGNOSTIC,     5, -4.673572238079e-01, 1.797693134862e+308, 2.2178e+01, 1.7681e+00, 
 2DIAGNOSTIC,     6, -4.673569503141e-01, 1.797693134862e+308, 2.3810e+01, 1.6317e+00, 
 2DIAGNOSTIC,     7, -4.673567812998e-01, 1.797693134862e+308, 2.5350e+01, 1.5408e+00, 
 2DIAGNOSTIC,     8, -4.673566013310e-01, 1.797693134862e+308, 2.7050e+01, 1.6994e+00, 
 2DIAGNOSTIC,     9, -4.673565084579e-01, 1.797693134862e+308, 2.8581e+01, 1.5315e+00, 
 2DIAGNOSTIC,    10, -4.673564177304e-01, 7.287467168465e-06, 3.0182e+01, 1.6007e+00, 
 2DIAGNOSTIC,    11, -4.673562260810e-01, 2.791289126197e-06, 3.1693e+01, 1.5116e+00, 
 2DIAGNOSTIC,    12, -4.673562369552e-01, 2.529293352996e-06, 3.3121e+01, 1.4280e+00, 
 2DIAGNOSTIC,    13, -4.673561522961e-01, 2.337974548794e-06, 3.4658e+01, 1.5369e+00, 
 2DIAGNOSTIC,    14, -4.673562745661e-01, 2.175782640057e-06, 3.6252e+01, 1.5939e+00, 
 2DIAGNOSTIC,    15, -4.673562938335e-01, 2.056913763954e-06, 3.7620e+01, 1.3674e+00, 
 2DIAGNOSTIC,    16, -4.673559127829e-01, 1.934034928500e-06, 3.9210e+01, 1.5905e+00, 
 2DIAGNOSTIC,    17, -4.673560525664e-01, 1.830138958561e-06, 4.0630e+01, 1.4197e+00, 
 2DIAGNOSTIC,    18, -4.673561109907e-01, 1.737171812517e-06, 4.2034e+01, 1.4041e+00, 
 2DIAGNOSTIC,    19, -4.673563105087e-01, 1.659947754473e-06, 4.3611e+01, 1.5766e+00, 
 2DIAGNOSTIC,    20, -4.673558629300e-01, 1.575471052943e-06, 4.5316e+01, 1.7051e+00, 
 2DIAGNOSTIC,    21, -4.673555799820e-01, 1.487352919625e-06, 4.6902e+01, 1.5858e+00, 
 2DIAGNOSTIC,    22, -4.673558108120e-01, 1.416735584479e-06, 4.8458e+01, 1.5563e+00, 
 2DIAGNOSTIC,    23, -4.673556326323e-01, 1.347271294541e-06, 4.9806e+01, 1.3476e+00, 
 2DIAGNOSTIC,    24, -4.673556804275e-01, 1.291220441194e-06, 5.1904e+01, 2.0987e+00, 
 2DIAGNOSTIC,    25, -4.673557998341e-01, 1.246765578632e-06, 5.3645e+01, 1.7404e+00, 
 2DIAGNOSTIC,    26, -4.673556157536e-01, 1.194918782844e-06, 5.5494e+01, 1.8496e+00, 
 2DIAGNOSTIC,    27, -4.673555439625e-01, 1.151104654352e-06, 5.7311e+01, 1.8171e+00, 
 2DIAGNOSTIC,    28, -4.673554603812e-01, 1.112164263566e-06, 5.9149e+01, 1.8378e+00, 
 2DIAGNOSTIC,    29, -4.673554876038e-01, 1.083155502832e-06, 6.1048e+01, 1.8987e+00, 
 2DIAGNOSTIC,    30, -4.673552918110e-01, 1.044410236135e-06, 6.2758e+01, 1.7096e+00, 
  Elapsed time (stage 0): 6.3636e+01


Total elapsed time: 6.3639e+01
Info [verificarlo]: loaded backend libinterflop_ieee.so
Info [interflop-ieee]: load backend with:
Info [interflop-ieee]: debug = false
Info [interflop-ieee]: debug-binary = false
Info [interflop-ieee]: no-backend-name = false
Info [interflop-ieee]: print-new-line = false
Info [interflop-ieee]: print-subnormal-normalized = false
Info [interflop-ieee]: count-op = false
All_Command_lines_OK
Using double precision for computations.
=============================================================================
The composite transform comprises the following transforms (in order): 
  1. /home/mdugre/scratch/mri-registration-rp/datasets/ds004513/derivatives/mri-registration-rp/0001/antsRegistration-r7-p9/sub-s035/rigid_Composite.h5[0] (type = Euler3DTransform)
  2. /home/mdugre/scratch/mri-registration-rp/datasets/ds004513/derivatives/mri-registration-rp/0001/antsRegistration-r7-p9/sub-s035/rigid_Composite.h5[1] (type = Euler3DTransform)
  3. /home/mdugre/scratch/mri-registration-rp/datasets/ds004513/derivatives/mri-registration-rp/0001/antsRegistration-r7-p9/sub-s035/rigid_Composite.h5[2] (type = Euler3DTransform)
=============================================================================
  number of levels = 4
  fixed image: /templateflow/tpl-MNI152NLin2009cAsym/tpl-MNI152NLin2009cAsym_res-01_desc-brain_T1w.nii.gz
  moving image: /home/mdugre/scratch/mri-registration-rp/datasets/ds004513/derivatives/mri-registration-rp/antsBrainExtraction/sub-s035/BrainExtractionBrain.nii.gz
Dimension = 3
Number of stages = 1
Use histogram matching = false
Winsorize image intensities = true
  Lower quantile = 0.005
  Upper quantile = 0.995


Stage 1 State
   Image metric = MattesMI
     Fixed image = Image (0x4622530)
  RTTI typeinfo:   itk::Image<double, 3u>
  Reference Count: 2
  Modified Time: 1592
  Debug: Off
  Object Name: 
  Observers: 
    none
  Source: (none)
  Source output name: (none)
  Release Data: Off
  Data Released: False
  Global Release Data: Off
  PipelineMTime: 0
  UpdateMTime: 1203
  RealTimeStamp: 0 seconds 
  LargestPossibleRegion: 
    Dimension: 3
    Index: [0, 0, 0]
    Size: [193, 229, 193]
  BufferedRegion: 
    Dimension: 3
    Index: [0, 0, 0]
    Size: [193, 229, 193]
  RequestedRegion: 
    Dimension: 3
    Index: [0, 0, 0]
    Size: [193, 229, 193]
  Spacing: [1, 1, 1]
  Origin: [96, 132, -78]
  Direction: 
-1 0 0
0 -1 0
0 0 1

  IndexToPointMatrix: 
-1 0 0
0 -1 0
0 0 1

  PointToIndexMatrix: 
-1 0 0
0 -1 0
0 0 1

  Inverse Direction: 
-1 0 0
0 -1 0
0 0 1

  PixelContainer: 
    ImportImageContainer (0x46db2a0)
      RTTI typeinfo:   itk::ImportImageContainer<unsigned long, double>
      Reference Count: 1
      Modified Time: 1200
      Debug: Off
      Object Name: 
      Observers: 
        none
      Pointer: 0x149117647010
      Container manages memory: true
      Size: 8530021
      Capacity: 8530021

     Moving image = Image (0x46dde60)
  RTTI typeinfo:   itk::Image<double, 3u>
  Reference Count: 2
  Modified Time: 1593
  Debug: Off
  Object Name: 
  Observers: 
    none
  Source: (none)
  Source output name: (none)
  Release Data: Off
  Data Released: False
  Global Release Data: Off
  PipelineMTime: 0
  UpdateMTime: 1590
  RealTimeStamp: 0 seconds 
  LargestPossibleRegion: 
    Dimension: 3
    Index: [0, 0, 0]
    Size: [160, 240, 256]
  BufferedRegion: 
    Dimension: 3
    Index: [0, 0, 0]
    Size: [160, 240, 256]
  RequestedRegion: 
    Dimension: 3
    Index: [0, 0, 0]
    Size: [160, 240, 256]
  Spacing: [1, 1, 1]
  Origin: [98.6438, 87.6358, -117.989]
  Direction: 
-0.993515 -0.100993 -0.0522355
0.100854 -0.994887 0.00530255
-0.0525039 1.93537e-08 0.998621

  IndexToPointMatrix: 
-0.993515 -0.100993 -0.0522355
0.100854 -0.994887 0.00530255
-0.0525039 1.93537e-08 0.998621

  PointToIndexMatrix: 
-0.993515 0.100854 -0.0525039
-0.100993 -0.994887 1.93006e-08
-0.0522355 0.00530255 0.998621

  Inverse Direction: 
-0.993515 0.100854 -0.0525039
-0.100993 -0.994887 1.93006e-08
-0.0522355 0.00530255 0.998621

  PixelContainer: 
    ImportImageContainer (0x4711390)
      RTTI typeinfo:   itk::ImportImageContainer<unsigned long, double>
      Reference Count: 1
      Modified Time: 1587
      Debug: Off
      Object Name: 
      Observers: 
        none
      Pointer: 0x149112b46010
      Container manages memory: true
      Size: 9830400
      Capacity: 9830400

     Weighting = 1
     Sampling strategy = regular
     Number of bins = 32
     Radius = 4
     Sampling percentage  = 0.25
   Transform = Affine
     Gradient step = 0.1
     Update field sigma (voxel space) = 0
     Total field sigma (voxel space) = 0
     Update field time sigma = 0
     Total field time sigma  = 0
     Number of time indices = 0
     Number of time point samples = 0
Registration using 1 total stages.

Stage 0
  iterations = 1000x500x250x100
  convergence threshold = 1e-06
  convergence window size = 10
  number of levels = 4
  using the Mattes MI metric (number of bins = 32, weight = 1, use gradient filter = 0)
  preprocessing:  winsorizing the image intensities
  Shrink factors (level 1 out of 4): [8, 8, 8]
  Shrink factors (level 2 out of 4): [4, 4, 4]
  Shrink factors (level 3 out of 4): [2, 2, 2]
  Shrink factors (level 4 out of 4): [1, 1, 1]
  smoothing sigmas per level: [3, 2, 1, 0]
  regular sampling (percentage = 0.25)

*** Running AffineTransform registration ***

DIAGNOSTIC,Iteration,metricValue,convergenceValue,ITERATION_TIME_INDEX,SINCE_LAST
 2DIAGNOSTIC,     1, -6.769009945050e-01, 1.797693134862e+308, 7.9139e-01, 7.9139e-01, 
 2DIAGNOSTIC,     2, -6.790777175237e-01, 1.797693134862e+308, 7.9665e-01, 5.2650e-03, 
 2DIAGNOSTIC,     3, -6.828364971877e-01, 1.797693134862e+308, 8.0209e-01, 5.4429e-03, 
 2DIAGNOSTIC,     4, -6.892257200003e-01, 1.797693134862e+308, 8.0720e-01, 5.1060e-03, 
 2DIAGNOSTIC,     5, -6.989479340847e-01, 1.797693134862e+308, 8.1229e-01, 5.0900e-03, 
 2DIAGNOSTIC,     6, -7.109502537956e-01, 1.797693134862e+308, 8.1749e-01, 5.2011e-03, 
 2DIAGNOSTIC,     7, -7.326748243158e-01, 1.797693134862e+308, 8.2433e-01, 6.8390e-03, 
 2DIAGNOSTIC,     8, -7.362176188903e-01, 1.797693134862e+308, 8.2980e-01, 5.4691e-03, 
 2DIAGNOSTIC,     9, -7.379794842944e-01, 1.797693134862e+308, 8.3555e-01, 5.7461e-03, 
 2DIAGNOSTIC,    10, -7.417433347682e-01, 7.063583043695e-03, 8.4227e-01, 6.7229e-03, 
 2DIAGNOSTIC,    11, -7.450405908475e-01, 6.268197571371e-03, 8.4817e-01, 5.9040e-03, 
 2DIAGNOSTIC,    12, -7.459925993047e-01, 5.143998527216e-03, 8.5524e-01, 7.0720e-03, 
 2DIAGNOSTIC,    13, -7.458968728026e-01, 3.850434724618e-03, 8.6126e-01, 6.0110e-03, 
 2DIAGNOSTIC,    14, -7.461925725170e-01, 2.595138412249e-03, 8.6670e-01, 5.4491e-03, 
 2DIAGNOSTIC,    15, -7.464189200228e-01, 1.535663579032e-03, 8.7263e-01, 5.9259e-03, 
 2DIAGNOSTIC,    16, -7.465176063914e-01, 7.546326766451e-04, 8.7953e-01, 6.9029e-03, 
 2DIAGNOSTIC,    17, -7.465139340190e-01, 4.997327493117e-04, 8.8555e-01, 6.0122e-03, 
 2DIAGNOSTIC,    18, -7.465439286436e-01, 3.069504219023e-04, 8.9080e-01, 5.2540e-03, 
 2DIAGNOSTIC,    19, -7.466509200829e-01, 1.440895994255e-04, 8.9667e-01, 5.8680e-03, 
 2DIAGNOSTIC,    20, -7.468265442453e-01, 5.987831905852e-05, 9.0205e-01, 5.3790e-03, 
 2DIAGNOSTIC,    21, -7.467718209835e-01, 3.817402702420e-05, 9.0800e-01, 5.9550e-03, 
 2DIAGNOSTIC,    22, -7.468228158363e-01, 3.310977474921e-05, 9.1455e-01, 6.5432e-03, 
 2DIAGNOSTIC,    23, -7.467850007005e-01, 2.320672773812e-05, 9.2047e-01, 5.9221e-03, 
 2DIAGNOSTIC,    24, -7.467271446957e-01, 1.584547456981e-05, 9.2602e-01, 5.5571e-03, 
 2DIAGNOSTIC,    25, -7.467037492289e-01, 1.082631807477e-05, 9.3255e-01, 6.5229e-03, 
 2DIAGNOSTIC,    26, -7.467863921903e-01, 8.038282682456e-06, 9.3922e-01, 6.6719e-03, 
 2DIAGNOSTIC,    27, -7.466019796581e-01, 2.107294626359e-06, 9.4521e-01, 5.9929e-03, 
DIAGNOSTIC,Iteration,metricValue,convergenceValue,ITERATION_TIME_INDEX,SINCE_LAST
 2DIAGNOSTIC,     1, -6.111067292966e-01, 1.797693134862e+308, 1.7841e+00, 8.3892e-01, 
 2DIAGNOSTIC,     2, -6.114316839692e-01, 1.797693134862e+308, 1.8283e+00, 4.4178e-02, 
 2DIAGNOSTIC,     3, -6.119104738528e-01, 1.797693134862e+308, 1.8715e+00, 4.3201e-02, 
 2DIAGNOSTIC,     4, -6.123809817919e-01, 1.797693134862e+308, 1.9185e+00, 4.7000e-02, 
 2DIAGNOSTIC,     5, -6.126929149785e-01, 1.797693134862e+308, 1.9634e+00, 4.4859e-02, 
 2DIAGNOSTIC,     6, -6.128489252405e-01, 1.797693134862e+308, 2.0125e+00, 4.9101e-02, 
 2DIAGNOSTIC,     7, -6.129003398231e-01, 1.797693134862e+308, 2.0872e+00, 7.4727e-02, 
 2DIAGNOSTIC,     8, -6.128967863430e-01, 1.797693134862e+308, 2.1363e+00, 4.9059e-02, 
 2DIAGNOSTIC,     9, -6.128778273116e-01, 1.797693134862e+308, 2.1969e+00, 6.0633e-02, 
 2DIAGNOSTIC,    10, -6.128814302409e-01, 1.887653297822e-04, 2.2457e+00, 4.8801e-02, 
 2DIAGNOSTIC,    11, -6.128671450550e-01, 1.183269928907e-04, 2.2999e+00, 5.4169e-02, 
 2DIAGNOSTIC,    12, -6.128734695873e-01, 6.193179184931e-05, 2.3452e+00, 4.5374e-02, 
 2DIAGNOSTIC,    13, -6.128645488596e-01, 2.536790798313e-05, 2.3939e+00, 4.8638e-02, 
 2DIAGNOSTIC,    14, -6.128641740948e-01, 7.337544705999e-06, 2.4349e+00, 4.1066e-02, 
DIAGNOSTIC,Iteration,metricValue,convergenceValue,ITERATION_TIME_INDEX,SINCE_LAST
 2DIAGNOSTIC,     1, -5.360913111808e-01, 1.797693134862e+308, 3.5330e+00, 1.0981e+00, 
 2DIAGNOSTIC,     2, -5.363551418674e-01, 1.797693134862e+308, 3.8160e+00, 2.8294e-01, 
 2DIAGNOSTIC,     3, -5.365876174504e-01, 1.797693134862e+308, 4.1589e+00, 3.4296e-01, 
 2DIAGNOSTIC,     4, -5.366929129791e-01, 1.797693134862e+308, 4.8147e+00, 6.5578e-01, 
 2DIAGNOSTIC,     5, -5.366935970451e-01, 1.797693134862e+308, 5.1654e+00, 3.5069e-01, 
 2DIAGNOSTIC,     6, -5.366930585529e-01, 1.797693134862e+308, 5.5643e+00, 3.9890e-01, 
 2DIAGNOSTIC,     7, -5.366896504273e-01, 1.797693134862e+308, 5.9134e+00, 3.4910e-01, 
 2DIAGNOSTIC,     8, -5.366901614538e-01, 1.797693134862e+308, 6.2490e+00, 3.3556e-01, 
 2DIAGNOSTIC,     9, -5.366900287268e-01, 1.797693134862e+308, 6.6007e+00, 3.5172e-01, 
 2DIAGNOSTIC,    10, -5.366900609510e-01, 5.411827485824e-05, 6.9046e+00, 3.0393e-01, 
 2DIAGNOSTIC,    11, -5.366888062774e-01, 2.306524861262e-05, 7.2488e+00, 3.4417e-01, 
 2DIAGNOSTIC,    12, -5.366888783878e-01, 6.794006286226e-06, 7.6134e+00, 3.6457e-01, 
 2DIAGNOSTIC,    13, -5.366868215805e-01, 1.916421191211e-06, 7.9941e+00, 3.8070e-01, 
 2DIAGNOSTIC,    14, -5.366852513379e-01, 1.706382449368e-06, 8.3468e+00, 3.5274e-01, 
 2DIAGNOSTIC,    15, -5.366846280173e-01, 1.578481572145e-06, 8.6592e+00, 3.1239e-01, 
 2DIAGNOSTIC,    16, -5.366832696152e-01, 1.456433709524e-06, 9.0034e+00, 3.4417e-01, 
 2DIAGNOSTIC,    17, -5.366840302721e-01, 1.315272201749e-06, 9.3405e+00, 3.3714e-01, 
 2DIAGNOSTIC,    18, -5.366831176502e-01, 1.228641946287e-06, 9.7236e+00, 3.8309e-01, 
 2DIAGNOSTIC,    19, -5.366826137443e-01, 1.184280519068e-06, 1.0043e+01, 3.1941e-01, 
 2DIAGNOSTIC,    20, -5.366821091957e-01, 1.178465631753e-06, 1.0365e+01, 3.2185e-01, 
 2DIAGNOSTIC,    21, -5.366816040216e-01, 1.166295467113e-06, 1.0677e+01, 3.1254e-01, 
 2DIAGNOSTIC,    22, -5.366801011841e-01, 1.153958619333e-06, 1.0966e+01, 2.8912e-01, 
 2DIAGNOSTIC,    23, -5.366799341322e-01, 1.120158744511e-06, 1.1289e+01, 3.2244e-01, 
 2DIAGNOSTIC,    24, -5.366804686689e-01, 1.091108278978e-06, 1.1585e+01, 2.9645e-01, 
 2DIAGNOSTIC,    25, -5.366798158582e-01, 1.059438821442e-06, 1.1845e+01, 2.6009e-01, 
 2DIAGNOSTIC,    26, -5.366793999168e-01, 1.014048332297e-06, 1.2104e+01, 2.5807e-01, 
 2DIAGNOSTIC,    27, -5.366793839952e-01, 1.007389774883e-06, 1.2403e+01, 2.9937e-01, 
DIAGNOSTIC,Iteration,metricValue,convergenceValue,ITERATION_TIME_INDEX,SINCE_LAST
 2DIAGNOSTIC,     1, -4.923785658770e-01, 1.797693134862e+308, 1.5314e+01, 2.9111e+00, 
 2DIAGNOSTIC,     2, -4.924908863685e-01, 1.797693134862e+308, 1.7173e+01, 1.8586e+00, 
 2DIAGNOSTIC,     3, -4.925755649985e-01, 1.797693134862e+308, 2.1028e+01, 3.8560e+00, 
 2DIAGNOSTIC,     4, -4.925758657751e-01, 1.797693134862e+308, 2.2879e+01, 1.8505e+00, 
