
##########################
# Experiment information #
##########################

EXPERIMENT_NAME: antsRegistration-r8-p8
VFC_BACKENDS: libinterflop_vprec.so --range-binary32=8 --precision-binary32=8 --range-binary64=8 --precision-binary64=8

SIF_IMG: /home/mdugre/projects/rrg-glatard/mdugre/containers/ants-vprec-no_metrics.simg

SUBJECT_ID: s032
INPUT_IMG: /home/mdugre/scratch/mri-registration-rp/datasets/ds004513/derivatives/mri-registration-rp/antsBrainExtraction/sub-s032/BrainExtractionBrain.nii.gz
OUTPUT_DIR: /home/mdugre/scratch/mri-registration-rp/datasets/ds004513/derivatives/mri-registration-rp/0001/antsRegistration-r8-p8/sub-s032

FIXED_IMG: /templateflow/tpl-MNI152NLin2009cAsym/tpl-MNI152NLin2009cAsym_res-01_desc-brain_T1w.nii.gz
DATA_DIR: /home/mdugre/scratch/mri-registration-rp/datasets/ds004513
TEMPLATEFLOW_DIR: /home/mdugre/projects/rrg-glatard/mdugre/templateflow
ITK_GLOBAL_DEFAULT_NUMBER_OF_THREADS: 16
##########################

Info [verificarlo]: loaded backend libinterflop_ieee.so
Info [interflop-ieee]: load backend with:
Info [interflop-ieee]: debug = false
Info [interflop-ieee]: debug-binary = false
Info [interflop-ieee]: no-backend-name = false
Info [interflop-ieee]: print-new-line = false
Info [interflop-ieee]: print-subnormal-normalized = false
Info [interflop-ieee]: count-op = false
All_Command_lines_OK
Using double precision for computations.
=============================================================================
The composite transform comprises the following transforms (in order): 
  1. Center of mass alignment using fixed image: /templateflow/tpl-MNI152NLin2009cAsym/tpl-MNI152NLin2009cAsym_res-01_desc-brain_T1w.nii.gz and moving image: /home/mdugre/scratch/mri-registration-rp/datasets/ds004513/derivatives/mri-registration-rp/antsBrainExtraction/sub-s032/BrainExtractionBrain.nii.gz (type = Euler3DTransform)
=============================================================================
  number of levels = 1
  fixed image: /templateflow/tpl-MNI152NLin2009cAsym/tpl-MNI152NLin2009cAsym_res-01_desc-brain_T1w.nii.gz
  moving image: /home/mdugre/scratch/mri-registration-rp/datasets/ds004513/derivatives/mri-registration-rp/antsBrainExtraction/sub-s032/BrainExtractionBrain.nii.gz
Dimension = 3
Number of stages = 1
Use histogram matching = false
Winsorize image intensities = true
  Lower quantile = 0.005
  Upper quantile = 0.995


Stage 1 State
   Image metric = MattesMI
     Fixed image = Image (0x3d32bd0)
  RTTI typeinfo:   itk::Image<double, 3u>
  Reference Count: 2
  Modified Time: 2330
  Debug: Off
  Object Name: 
  Observers: 
    none
  Source: (none)
  Source output name: (none)
  Release Data: Off
  Data Released: False
  Global Release Data: Off
  PipelineMTime: 0
  UpdateMTime: 1941
  RealTimeStamp: 0 seconds 
  LargestPossibleRegion: 
    Dimension: 3
    Index: [0, 0, 0]
    Size: [193, 229, 193]
  BufferedRegion: 
    Dimension: 3
    Index: [0, 0, 0]
    Size: [193, 229, 193]
  RequestedRegion: 
    Dimension: 3
    Index: [0, 0, 0]
    Size: [193, 229, 193]
  Spacing: [1, 1, 1]
  Origin: [96, 132, -78]
  Direction: 
-1 0 0
0 -1 0
0 0 1

  IndexToPointMatrix: 
-1 0 0
0 -1 0
0 0 1

  PointToIndexMatrix: 
-1 0 0
0 -1 0
0 0 1

  Inverse Direction: 
-1 0 0
0 -1 0
0 0 1

  PixelContainer: 
    ImportImageContainer (0x3d3b9e0)
      RTTI typeinfo:   itk::ImportImageContainer<unsigned long, double>
      Reference Count: 1
      Modified Time: 1938
      Debug: Off
      Object Name: 
      Observers: 
        none
      Pointer: 0x1509359b0010
      Container manages memory: true
      Size: 8530021
      Capacity: 8530021

     Moving image = Image (0x3d3cd40)
  RTTI typeinfo:   itk::Image<double, 3u>
  Reference Count: 2
  Modified Time: 2331
  Debug: Off
  Object Name: 
  Observers: 
    none
  Source: (none)
  Source output name: (none)
  Release Data: Off
  Data Released: False
  Global Release Data: Off
  PipelineMTime: 0
  UpdateMTime: 2328
  RealTimeStamp: 0 seconds 
  LargestPossibleRegion: 
    Dimension: 3
    Index: [0, 0, 0]
    Size: [160, 240, 256]
  BufferedRegion: 
    Dimension: 3
    Index: [0, 0, 0]
    Size: [160, 240, 256]
  RequestedRegion: 
    Dimension: 3
    Index: [0, 0, 0]
    Size: [160, 240, 256]
  Spacing: [1, 1, 1]
  Origin: [73.279, 104.707, -131.187]
  Direction: 
-0.997527 0.0645574 -0.0278053
-0.0645323 -0.997914 -0.00179875
-0.0278634 4.01097e-08 0.999612

  IndexToPointMatrix: 
-0.997527 0.0645574 -0.0278053
-0.0645323 -0.997914 -0.00179875
-0.0278634 4.01097e-08 0.999612

  PointToIndexMatrix: 
-0.997527 -0.0645323 -0.0278634
0.0645574 -0.997914 4.01049e-08
-0.0278053 -0.00179875 0.999612

  Inverse Direction: 
-0.997527 -0.0645323 -0.0278634
0.0645574 -0.997914 4.01049e-08
-0.0278053 -0.00179875 0.999612

  PixelContainer: 
    ImportImageContainer (0x3d62850)
      RTTI typeinfo:   itk::ImportImageContainer<unsigned long, double>
      Reference Count: 1
      Modified Time: 2325
      Debug: Off
      Object Name: 
      Observers: 
        none
      Pointer: 0x150930eaf010
      Container manages memory: true
      Size: 9830400
      Capacity: 9830400

     Weighting = 1
     Sampling strategy = regular
     Number of bins = 32
     Radius = 4
     Sampling percentage  = 0.25
   Transform = Rigid
     Gradient step = 0.1
     Update field sigma (voxel space) = 0
     Total field sigma (voxel space) = 0
     Update field time sigma = 0
     Total field time sigma  = 0
     Number of time indices = 0
     Number of time point samples = 0
Registration using 1 total stages.

Stage 0
  iterations = 0
  convergence threshold = 1e-06
  convergence window size = 10
  number of levels = 1
  using the Mattes MI metric (number of bins = 32, weight = 1, use gradient filter = 0)
  preprocessing:  winsorizing the image intensities
  Shrink factors (level 1 out of 1): [1, 1, 1]
  smoothing sigmas per level: [0]
  regular sampling (percentage = 0.25)

*** Running Euler3DTransform registration ***

  Elapsed time (stage 0): 1.09265


Total elapsed time: 1.09609
Info [verificarlo]: loaded backend libinterflop_ieee.so
Info [interflop-ieee]: load backend with:
Info [interflop-ieee]: debug = false
Info [interflop-ieee]: debug-binary = false
Info [interflop-ieee]: no-backend-name = false
Info [interflop-ieee]: print-new-line = false
Info [interflop-ieee]: print-subnormal-normalized = false
Info [interflop-ieee]: count-op = false
All_Command_lines_OK
Using double precision for computations.
=============================================================================
The composite transform comprises the following transforms (in order): 
  1. /home/mdugre/scratch/mri-registration-rp/datasets/ds004513/derivatives/mri-registration-rp/0001/antsRegistration-r8-p8/sub-s032/align_Composite.h5[0] (type = Euler3DTransform)
  2. /home/mdugre/scratch/mri-registration-rp/datasets/ds004513/derivatives/mri-registration-rp/0001/antsRegistration-r8-p8/sub-s032/align_Composite.h5[1] (type = Euler3DTransform)
=============================================================================
  number of levels = 4
  fixed image: /templateflow/tpl-MNI152NLin2009cAsym/tpl-MNI152NLin2009cAsym_res-01_desc-brain_T1w.nii.gz
  moving image: /home/mdugre/scratch/mri-registration-rp/datasets/ds004513/derivatives/mri-registration-rp/antsBrainExtraction/sub-s032/BrainExtractionBrain.nii.gz
Dimension = 3
Number of stages = 1
Use histogram matching = false
Winsorize image intensities = true
  Lower quantile = 0.005
  Upper quantile = 0.995


Stage 1 State
   Image metric = MattesMI
     Fixed image = Image (0x4294530)
  RTTI typeinfo:   itk::Image<double, 3u>
  Reference Count: 2
  Modified Time: 1578
  Debug: Off
  Object Name: 
  Observers: 
    none
  Source: (none)
  Source output name: (none)
  Release Data: Off
  Data Released: False
  Global Release Data: Off
  PipelineMTime: 0
  UpdateMTime: 1189
  RealTimeStamp: 0 seconds 
  LargestPossibleRegion: 
    Dimension: 3
    Index: [0, 0, 0]
    Size: [193, 229, 193]
  BufferedRegion: 
    Dimension: 3
    Index: [0, 0, 0]
    Size: [193, 229, 193]
  RequestedRegion: 
    Dimension: 3
    Index: [0, 0, 0]
    Size: [193, 229, 193]
  Spacing: [1, 1, 1]
  Origin: [96, 132, -78]
  Direction: 
-1 0 0
0 -1 0
0 0 1

  IndexToPointMatrix: 
-1 0 0
0 -1 0
0 0 1

  PointToIndexMatrix: 
-1 0 0
0 -1 0
0 0 1

  Inverse Direction: 
-1 0 0
0 -1 0
0 0 1

  PixelContainer: 
    ImportImageContainer (0x4352d60)
      RTTI typeinfo:   itk::ImportImageContainer<unsigned long, double>
      Reference Count: 1
      Modified Time: 1186
      Debug: Off
      Object Name: 
      Observers: 
        none
      Pointer: 0x14bb1464d010
      Container manages memory: true
      Size: 8530021
      Capacity: 8530021

     Moving image = Image (0x4344f60)
  RTTI typeinfo:   itk::Image<double, 3u>
  Reference Count: 2
  Modified Time: 1579
  Debug: Off
  Object Name: 
  Observers: 
    none
  Source: (none)
  Source output name: (none)
  Release Data: Off
  Data Released: False
  Global Release Data: Off
  PipelineMTime: 0
  UpdateMTime: 1576
  RealTimeStamp: 0 seconds 
  LargestPossibleRegion: 
    Dimension: 3
    Index: [0, 0, 0]
    Size: [160, 240, 256]
  BufferedRegion: 
    Dimension: 3
    Index: [0, 0, 0]
    Size: [160, 240, 256]
  RequestedRegion: 
    Dimension: 3
    Index: [0, 0, 0]
    Size: [160, 240, 256]
  Spacing: [1, 1, 1]
  Origin: [73.279, 104.707, -131.187]
  Direction: 
-0.997527 0.0645574 -0.0278053
-0.0645323 -0.997914 -0.00179875
-0.0278634 4.01097e-08 0.999612

  IndexToPointMatrix: 
-0.997527 0.0645574 -0.0278053
-0.0645323 -0.997914 -0.00179875
-0.0278634 4.01097e-08 0.999612

  PointToIndexMatrix: 
-0.997527 -0.0645323 -0.0278634
0.0645574 -0.997914 4.01049e-08
-0.0278053 -0.00179875 0.999612

  Inverse Direction: 
-0.997527 -0.0645323 -0.0278634
0.0645574 -0.997914 4.01049e-08
-0.0278053 -0.00179875 0.999612

  PixelContainer: 
    ImportImageContainer (0x43366d0)
      RTTI typeinfo:   itk::ImportImageContainer<unsigned long, double>
      Reference Count: 1
      Modified Time: 1573
      Debug: Off
      Object Name: 
      Observers: 
        none
      Pointer: 0x14bb0fb4c010
      Container manages memory: true
      Size: 9830400
      Capacity: 9830400

     Weighting = 1
     Sampling strategy = regular
     Number of bins = 32
     Radius = 4
     Sampling percentage  = 0.25
   Transform = Rigid
     Gradient step = 0.1
     Update field sigma (voxel space) = 0
     Total field sigma (voxel space) = 0
     Update field time sigma = 0
     Total field time sigma  = 0
     Number of time indices = 0
     Number of time point samples = 0
Registration using 1 total stages.

Stage 0
  iterations = 1000x500x250x100
  convergence threshold = 1e-06
  convergence window size = 10
  number of levels = 4
  using the Mattes MI metric (number of bins = 32, weight = 1, use gradient filter = 0)
  preprocessing:  winsorizing the image intensities
  Shrink factors (level 1 out of 4): [8, 8, 8]
  Shrink factors (level 2 out of 4): [4, 4, 4]
  Shrink factors (level 3 out of 4): [2, 2, 2]
  Shrink factors (level 4 out of 4): [1, 1, 1]
  smoothing sigmas per level: [3, 2, 1, 0]
  regular sampling (percentage = 0.25)

*** Running Euler3DTransform registration ***

DIAGNOSTIC,Iteration,metricValue,convergenceValue,ITERATION_TIME_INDEX,SINCE_LAST
 2DIAGNOSTIC,     1, -5.480496989617e-01, 1.797693134862e+308, 7.0398e-01, 7.0398e-01, 
 2DIAGNOSTIC,     2, -5.506811078454e-01, 1.797693134862e+308, 7.0922e-01, 5.2369e-03, 
 2DIAGNOSTIC,     3, -5.546514955662e-01, 1.797693134862e+308, 7.1364e-01, 4.4191e-03, 
 2DIAGNOSTIC,     4, -5.606863537750e-01, 1.797693134862e+308, 7.1828e-01, 4.6411e-03, 
 2DIAGNOSTIC,     5, -5.693661845193e-01, 1.797693134862e+308, 7.2329e-01, 5.0159e-03, 
 2DIAGNOSTIC,     6, -5.854078830086e-01, 1.797693134862e+308, 7.2776e-01, 4.4670e-03, 
 2DIAGNOSTIC,     7, -6.232769732918e-01, 1.797693134862e+308, 7.3224e-01, 4.4799e-03, 
 2DIAGNOSTIC,     8, -6.297683730473e-01, 1.797693134862e+308, 7.3749e-01, 5.2490e-03, 
 2DIAGNOSTIC,     9, -6.366738733405e-01, 1.797693134862e+308, 7.4576e-01, 8.2750e-03, 
 2DIAGNOSTIC,    10, -6.375630690827e-01, 1.201760866083e-02, 7.5069e-01, 4.9298e-03, 
 2DIAGNOSTIC,    11, -6.405337628679e-01, 1.087684809450e-02, 7.5486e-01, 4.1702e-03, 
 2DIAGNOSTIC,    12, -6.435528997438e-01, 9.167753354490e-03, 7.5954e-01, 4.6749e-03, 
 2DIAGNOSTIC,    13, -6.444720921444e-01, 7.089498731847e-03, 7.6367e-01, 4.1330e-03, 
 2DIAGNOSTIC,    14, -6.463616611293e-01, 4.967892496988e-03, 7.6835e-01, 4.6809e-03, 
 2DIAGNOSTIC,    15, -6.484646963404e-01, 3.033020789043e-03, 7.7576e-01, 7.4050e-03, 
 2DIAGNOSTIC,    16, -6.486009987994e-01, 1.520386367320e-03, 7.7995e-01, 4.1950e-03, 
 2DIAGNOSTIC,    17, -6.493699344760e-01, 1.108203205204e-03, 7.8438e-01, 4.4241e-03, 
 2DIAGNOSTIC,    18, -6.514578195065e-01, 8.586162135985e-04, 7.8914e-01, 4.7610e-03, 
 2DIAGNOSTIC,    19, -6.526592717406e-01, 7.533650369804e-04, 7.9340e-01, 4.2641e-03, 
 2DIAGNOSTIC,    20, -6.536191777189e-01, 6.303067369292e-04, 7.9854e-01, 5.1420e-03, 
 2DIAGNOSTIC,    21, -6.549162298979e-01, 5.534292205378e-04, 8.0325e-01, 4.7100e-03, 
 2DIAGNOSTIC,    22, -6.562385790832e-01, 5.226986103231e-04, 8.0884e-01, 5.5828e-03, 
 2DIAGNOSTIC,    23, -6.565000058113e-01, 4.680180012235e-04, 8.1408e-01, 5.2450e-03, 
 2DIAGNOSTIC,    24, -6.565387353854e-01, 4.101063704205e-04, 8.1874e-01, 4.6611e-03, 
 2DIAGNOSTIC,    25, -6.567702146893e-01, 3.618032093032e-04, 8.2329e-01, 4.5490e-03, 
 2DIAGNOSTIC,    26, -6.583507212369e-01, 3.132611037344e-04, 8.2724e-01, 3.9499e-03, 
 2DIAGNOSTIC,    27, -6.586527568469e-01, 2.554116018359e-04, 8.3161e-01, 4.3690e-03, 
 2DIAGNOSTIC,    28, -6.593310437738e-01, 2.225767143846e-04, 8.3684e-01, 5.2309e-03, 
 2DIAGNOSTIC,    29, -6.595734041655e-01, 1.939316665341e-04, 8.4144e-01, 4.5989e-03, 
 2DIAGNOSTIC,    30, -6.595955819569e-01, 1.634946778530e-04, 8.4581e-01, 4.3719e-03, 
 2DIAGNOSTIC,    31, -6.596949967568e-01, 1.392755860922e-04, 8.4968e-01, 3.8671e-03, 
 2DIAGNOSTIC,    32, -6.597157295313e-01, 1.221677497601e-04, 8.5427e-01, 4.5881e-03, 
 2DIAGNOSTIC,    33, -6.597001423846e-01, 9.820426862920e-05, 8.6072e-01, 6.4490e-03, 
 2DIAGNOSTIC,    34, -6.595254449703e-01, 6.486903007032e-05, 8.6459e-01, 3.8750e-03, 
 2DIAGNOSTIC,    35, -6.595295822811e-01, 3.010817890253e-05, 8.6875e-01, 4.1611e-03, 
 2DIAGNOSTIC,    36, -6.595351297936e-01, 1.424396566225e-05, 8.7271e-01, 3.9601e-03, 
 2DIAGNOSTIC,    37, -6.595409535782e-01, 1.474135172395e-06, 8.7664e-01, 3.9279e-03, 
DIAGNOSTIC,Iteration,metricValue,convergenceValue,ITERATION_TIME_INDEX,SINCE_LAST
 2DIAGNOSTIC,     1, -5.183739626516e-01, 1.797693134862e+308, 1.5736e+00, 6.9698e-01, 
 2DIAGNOSTIC,     2, -5.189226238273e-01, 1.797693134862e+308, 1.6075e+00, 3.3859e-02, 
 2DIAGNOSTIC,     3, -5.196899327337e-01, 1.797693134862e+308, 1.6373e+00, 2.9791e-02, 
 2DIAGNOSTIC,     4, -5.204463662986e-01, 1.797693134862e+308, 1.6671e+00, 2.9833e-02, 
 2DIAGNOSTIC,     5, -5.209979485281e-01, 1.797693134862e+308, 1.6952e+00, 2.8135e-02, 
 2DIAGNOSTIC,     6, -5.216357744165e-01, 1.797693134862e+308, 1.7225e+00, 2.7306e-02, 
 2DIAGNOSTIC,     7, -5.233753714741e-01, 1.797693134862e+308, 1.7503e+00, 2.7800e-02, 
 2DIAGNOSTIC,     8, -5.241119131256e-01, 1.797693134862e+308, 1.7853e+00, 3.4925e-02, 
 2DIAGNOSTIC,     9, -5.247293428634e-01, 1.797693134862e+308, 1.8203e+00, 3.5000e-02, 
 2DIAGNOSTIC,    10, -5.250028240952e-01, 8.899807885612e-04, 1.8515e+00, 3.1196e-02, 
 2DIAGNOSTIC,    11, -5.254483051421e-01, 7.905532177079e-04, 1.8851e+00, 3.3609e-02, 
 2DIAGNOSTIC,    12, -5.277635690508e-01, 7.650652127352e-04, 1.9183e+00, 3.3200e-02, 
 2DIAGNOSTIC,    13, -5.283161389717e-01, 7.264279626269e-04, 1.9460e+00, 2.7718e-02, 
 2DIAGNOSTIC,    14, -5.288222939038e-01, 6.775650222799e-04, 1.9755e+00, 2.9468e-02, 
 2DIAGNOSTIC,    15, -5.289976643214e-01, 6.012605325461e-04, 2.0028e+00, 2.7298e-02, 
 2DIAGNOSTIC,    16, -5.298475147381e-01, 5.287513786746e-04, 2.0374e+00, 3.4629e-02, 
 2DIAGNOSTIC,    17, -5.313522124633e-01, 5.176188868582e-04, 2.0677e+00, 3.0321e-02, 
 2DIAGNOSTIC,    18, -5.317211968679e-01, 4.916463660289e-04, 2.0993e+00, 3.1610e-02, 
 2DIAGNOSTIC,    19, -5.322490388045e-01, 4.569578495128e-04, 2.1352e+00, 3.5872e-02, 
 2DIAGNOSTIC,    20, -5.323376773154e-01, 3.940991690674e-04, 2.1626e+00, 2.7372e-02, 
 2DIAGNOSTIC,    21, -5.325910110372e-01, 3.171263914748e-04, 2.1933e+00, 3.0697e-02, 
 2DIAGNOSTIC,    22, -5.334985624486e-01, 2.960182712862e-04, 2.2250e+00, 3.1703e-02, 
 2DIAGNOSTIC,    23, -5.343210720240e-01, 2.806737906202e-04, 2.2563e+00, 3.1351e-02, 
 2DIAGNOSTIC,    24, -5.358685949408e-01, 2.868103641296e-04, 2.2996e+00, 4.3302e-02, 
 2DIAGNOSTIC,    25, -5.371439909017e-01, 2.963775658076e-04, 2.3296e+00, 3.0014e-02, 
 2DIAGNOSTIC,    26, -5.416256952090e-01, 3.868557989781e-04, 2.3591e+00, 2.9459e-02, 
 2DIAGNOSTIC,    27, -5.440697915271e-01, 5.105471144668e-04, 2.3914e+00, 3.2314e-02, 
 2DIAGNOSTIC,    28, -5.457521623504e-01, 6.158979802419e-04, 2.4502e+00, 5.8793e-02, 
 2DIAGNOSTIC,    29, -5.458656087711e-01, 6.682878932007e-04, 2.4795e+00, 2.9315e-02, 
 2DIAGNOSTIC,    30, -5.461738442956e-01, 6.616707794636e-04, 2.5093e+00, 2.9763e-02, 
 2DIAGNOSTIC,    31, -5.465763059835e-01, 6.032883002502e-04, 2.5413e+00, 3.2001e-02, 
 2DIAGNOSTIC,    32, -5.469398255612e-01, 5.119680066574e-04, 2.5679e+00, 2.6586e-02, 
 2DIAGNOSTIC,    33, -5.473863757906e-01, 3.985480543769e-04, 2.5947e+00, 2.6813e-02, 
 2DIAGNOSTIC,    34, -5.479904274744e-01, 2.887770216762e-04, 2.6212e+00, 2.6555e-02, 
 2DIAGNOSTIC,    35, -5.483680310699e-01, 1.820298192879e-04, 2.6480e+00, 2.6729e-02, 
 2DIAGNOSTIC,    36, -5.488324974249e-01, 1.366063776617e-04, 2.6801e+00, 3.2154e-02, 
 2DIAGNOSTIC,    37, -5.494471651445e-01, 1.241044936186e-04, 2.7271e+00, 4.7016e-02, 
 2DIAGNOSTIC,    38, -5.495414093884e-01, 1.252910286050e-04, 2.7637e+00, 3.6582e-02, 
 2DIAGNOSTIC,    39, -5.495803281184e-01, 1.166544936761e-04, 2.7939e+00, 3.0235e-02, 
 2DIAGNOSTIC,    40, -5.495884212437e-01, 1.016230792132e-04, 2.8244e+00, 3.0431e-02, 
 2DIAGNOSTIC,    41, -5.495808309894e-01, 8.278063616149e-05, 2.8513e+00, 2.6942e-02, 
 2DIAGNOSTIC,    42, -5.496072582854e-01, 6.182481057298e-05, 2.8830e+00, 3.1694e-02, 
 2DIAGNOSTIC,    43, -5.496577924099e-01, 4.204738893461e-05, 2.9112e+00, 2.8237e-02, 
 2DIAGNOSTIC,    44, -5.497197324306e-01, 2.729948060995e-05, 2.9385e+00, 2.7272e-02, 
 2DIAGNOSTIC,    45, -5.499240200629e-01, 1.747099607926e-05, 2.9661e+00, 2.7577e-02, 
 2DIAGNOSTIC,    46, -5.501750648195e-01, 1.448181225229e-05, 2.9943e+00, 2.8172e-02, 
 2DIAGNOSTIC,    47, -5.509270752761e-01, 2.561835964264e-05, 3.0221e+00, 2.7788e-02, 
 2DIAGNOSTIC,    48, -5.522295188549e-01, 4.908585996965e-05, 3.0568e+00, 3.4727e-02, 
 2DIAGNOSTIC,    49, -5.529772905361e-01, 7.513664629460e-05, 3.0869e+00, 3.0088e-02, 
 2DIAGNOSTIC,    50, -5.539685247930e-01, 1.035695964179e-04, 3.1254e+00, 3.8531e-02, 
 2DIAGNOSTIC,    51, -5.546132761145e-01, 1.275307868878e-04, 3.1534e+00, 2.8011e-02, 
 2DIAGNOSTIC,    52, -5.586375146784e-01, 1.793423184895e-04, 3.1832e+00, 2.9789e-02, 
 2DIAGNOSTIC,    53, -5.589262049881e-01, 2.142270480259e-04, 3.2101e+00, 2.6903e-02, 
 2DIAGNOSTIC,    54, -5.591499184526e-01, 2.304443839910e-04, 3.2379e+00, 2.7833e-02, 
 2DIAGNOSTIC,    55, -5.602857738531e-01, 2.374209584514e-04, 3.2680e+00, 3.0091e-02, 
 2DIAGNOSTIC,    56, -5.606743313154e-01, 2.269526819707e-04, 3.2991e+00, 3.1058e-02, 
 2DIAGNOSTIC,    57, -5.621262143079e-01, 2.147278763996e-04, 3.3406e+00, 4.1490e-02, 
 2DIAGNOSTIC,    58, -5.639928853909e-01, 2.107127768047e-04, 3.3881e+00, 4.7572e-02, 
 2DIAGNOSTIC,    59, -5.644648243888e-01, 1.975510880154e-04, 3.4170e+00, 2.8807e-02, 
 2DIAGNOSTIC,    60, -5.646057853872e-01, 1.762105490125e-04, 3.4442e+00, 2.7220e-02, 
 2DIAGNOSTIC,    61, -5.649142511378e-01, 1.461040551861e-04, 3.4761e+00, 3.1900e-02, 
 2DIAGNOSTIC,    62, -5.652601774675e-01, 1.397638653274e-04, 3.5048e+00, 2.8681e-02, 
 2DIAGNOSTIC,    63, -5.656806360540e-01, 1.258890020639e-04, 3.5323e+00, 2.7493e-02, 
 2DIAGNOSTIC,    64, -5.671314502737e-01, 1.138994350381e-04, 3.5752e+00, 4.2953e-02, 
 2DIAGNOSTIC,    65, -5.673112479140e-01, 1.019675289306e-04, 3.6071e+00, 3.1907e-02, 
 2DIAGNOSTIC,    66, -5.673363402960e-01, 8.392483866807e-05, 3.6347e+00, 2.7591e-02, 
 2DIAGNOSTIC,    67, -5.673717656637e-01, 6.977256121122e-05, 3.6656e+00, 3.0914e-02, 
 2DIAGNOSTIC,    68, -5.673790400357e-01, 6.361703493368e-05, 3.6936e+00, 2.7934e-02, 
 2DIAGNOSTIC,    69, -5.673641412966e-01, 5.486196618073e-05, 3.7280e+00, 3.4439e-02, 
 2DIAGNOSTIC,    70, -5.673571496682e-01, 4.208454650861e-05, 3.7617e+00, 3.3725e-02, 
 2DIAGNOSTIC,    71, -5.673705512374e-01, 2.816158307871e-05, 3.7924e+00, 3.0698e-02, 
 2DIAGNOSTIC,    72, -5.673572609049e-01, 1.442543389233e-05, 3.8196e+00, 2.7220e-02, 
 2DIAGNOSTIC,    73, -5.673455589480e-01, 2.369895292427e-06, 3.8496e+00, 2.9946e-02, 
DIAGNOSTIC,Iteration,metricValue,convergenceValue,ITERATION_TIME_INDEX,SINCE_LAST
 2DIAGNOSTIC,     1, -5.013920290553e-01, 1.797693134862e+308, 4.8572e+00, 1.0076e+00, 
 2DIAGNOSTIC,     2, -5.016289392801e-01, 1.797693134862e+308, 5.0669e+00, 2.0966e-01, 
 2DIAGNOSTIC,     3, -5.019112606101e-01, 1.797693134862e+308, 5.2727e+00, 2.0580e-01, 
 2DIAGNOSTIC,     4, -5.020559145332e-01, 1.797693134862e+308, 5.4843e+00, 2.1165e-01, 
 2DIAGNOSTIC,     5, -5.021181869903e-01, 1.797693134862e+308, 5.7276e+00, 2.4324e-01, 
 2DIAGNOSTIC,     6, -5.021723416100e-01, 1.797693134862e+308, 5.9476e+00, 2.2006e-01, 
 2DIAGNOSTIC,     7, -5.022335796972e-01, 1.797693134862e+308, 6.1993e+00, 2.5168e-01, 
 2DIAGNOSTIC,     8, -5.024026195898e-01, 1.797693134862e+308, 6.4792e+00, 2.7989e-01, 
 2DIAGNOSTIC,     9, -5.024709683064e-01, 1.797693134862e+308, 6.7219e+00, 2.4274e-01, 
 2DIAGNOSTIC,    10, -5.024632333181e-01, 1.301874383200e-04, 7.0128e+00, 2.9086e-01, 
 2DIAGNOSTIC,    11, -5.024668612439e-01, 9.316986050374e-05, 7.2875e+00, 2.7469e-01, 
 2DIAGNOSTIC,    12, -5.024648364195e-01, 6.501347690088e-05, 7.5099e+00, 2.2240e-01, 
 2DIAGNOSTIC,    13, -5.024651553458e-01, 4.761000733373e-05, 7.7717e+00, 2.6178e-01, 
 2DIAGNOSTIC,    14, -5.024686791087e-01, 3.450673270701e-05, 8.1559e+00, 3.8430e-01, 
 2DIAGNOSTIC,    15, -5.024680882327e-01, 2.259904515639e-05, 8.4149e+00, 2.5898e-01, 
 2DIAGNOSTIC,    16, -5.024683167014e-01, 1.227706339010e-05, 8.6712e+00, 2.5628e-01, 
 2DIAGNOSTIC,    17, -5.024677234830e-01, 4.105533006747e-06, 8.9156e+00, 2.4443e-01, 
 2DIAGNOSTIC,    18, -5.024655307089e-01, 1.818483962572e-06, 9.1295e+00, 2.1388e-01, 
 2DIAGNOSTIC,    19, -5.024643418166e-01, 1.774695551071e-06, 9.3450e+00, 2.1553e-01, 
 2DIAGNOSTIC,    20, -5.024643007607e-01, 1.502346227762e-06, 9.5883e+00, 2.4323e-01, 
 2DIAGNOSTIC,    21, -5.024661988712e-01, 1.415022046543e-06, 9.8170e+00, 2.2872e-01, 
 2DIAGNOSTIC,    22, -5.024679138069e-01, 1.336180196272e-06, 1.0100e+01, 2.8332e-01, 
 2DIAGNOSTIC,    23, -5.024680144795e-01, 1.282675880482e-06, 1.0363e+01, 2.6265e-01, 
 2DIAGNOSTIC,    24, -5.024671679821e-01, 1.308256682923e-06, 1.0618e+01, 2.5506e-01, 
 2DIAGNOSTIC,    25, -5.024668569135e-01, 1.313071657766e-06, 1.0873e+01, 2.5514e-01, 
 2DIAGNOSTIC,    26, -5.024656627187e-01, 1.291259269356e-06, 1.1109e+01, 2.3545e-01, 
 2DIAGNOSTIC,    27, -5.024656018938e-01, 1.251592813216e-06, 1.1374e+01, 2.6579e-01, 
 2DIAGNOSTIC,    28, -5.024669109052e-01, 1.190851409170e-06, 1.1599e+01, 2.2478e-01, 
 2DIAGNOSTIC,    29, -5.024660814841e-01, 1.089964607799e-06, 1.1848e+01, 2.4834e-01, 
 2DIAGNOSTIC,    30, -5.024672367699e-01, 1.017864027716e-06, 1.2096e+01, 2.4844e-01, 
 2DIAGNOSTIC,    31, -5.024679738964e-01, 1.001425336794e-06, 1.2310e+01, 2.1376e-01, 
 2DIAGNOSTIC,    32, -5.024683900474e-01, 1.025379897927e-06, 1.2562e+01, 2.5243e-01, 
 2DIAGNOSTIC,    33, -5.024692921667e-01, 1.062093656058e-06, 1.2925e+01, 3.6255e-01, 
 2DIAGNOSTIC,    34, -5.024693770915e-01, 1.074502119659e-06, 1.3181e+01, 2.5649e-01, 
 2DIAGNOSTIC,    35, -5.024686105957e-01, 1.056427747146e-06, 1.3397e+01, 2.1561e-01, 
DIAGNOSTIC,Iteration,metricValue,convergenceValue,ITERATION_TIME_INDEX,SINCE_LAST
 2DIAGNOSTIC,     1, -4.668366216105e-01, 1.797693134862e+308, 1.5798e+01, 2.4011e+00, 
 2DIAGNOSTIC,     2, -4.669793624057e-01, 1.797693134862e+308, 1.7244e+01, 1.4458e+00, 
 2DIAGNOSTIC,     3, -4.669918701889e-01, 1.797693134862e+308, 1.8838e+01, 1.5945e+00, 
 2DIAGNOSTIC,     4, -4.669922414156e-01, 1.797693134862e+308, 2.0644e+01, 1.8059e+00, 
 2DIAGNOSTIC,     5, -4.669924534872e-01, 1.797693134862e+308, 2.2323e+01, 1.6786e+00, 
 2DIAGNOSTIC,     6, -4.669921216210e-01, 1.797693134862e+308, 2.4114e+01, 1.7912e+00, 
 2DIAGNOSTIC,     7, -4.669920524189e-01, 1.797693134862e+308, 2.5579e+01, 1.4654e+00, 
 2DIAGNOSTIC,     8, -4.669917241726e-01, 1.797693134862e+308, 2.7034e+01, 1.4546e+00, 
 2DIAGNOSTIC,     9, -4.669917607427e-01, 1.797693134862e+308, 2.8541e+01, 1.5075e+00, 
 2DIAGNOSTIC,    10, -4.669916029614e-01, 1.325777270279e-05, 2.9840e+01, 1.2989e+00, 
 2DIAGNOSTIC,    11, -4.669918280593e-01, 3.530558767437e-06, 3.1286e+01, 1.4461e+00, 
 2DIAGNOSTIC,    12, -4.669915289989e-01, 2.573699886307e-06, 3.2748e+01, 1.4614e+00, 
 2DIAGNOSTIC,    13, -4.669914947875e-01, 2.355034320223e-06, 3.4191e+01, 1.4435e+00, 
 2DIAGNOSTIC,    14, -4.669913575628e-01, 2.185742671010e-06, 3.5510e+01, 1.3189e+00, 
 2DIAGNOSTIC,    15, -4.669917077460e-01, 2.069876360825e-06, 3.6953e+01, 1.4427e+00, 
 2DIAGNOSTIC,    16, -4.669921457927e-01, 1.976597066314e-06, 3.8514e+01, 1.5606e+00, 
 2DIAGNOSTIC,    17, -4.669928835488e-01, 1.919328330886e-06, 3.9797e+01, 1.2839e+00, 
 2DIAGNOSTIC,    18, -4.669932506837e-01, 1.865049649892e-06, 4.1379e+01, 1.5814e+00, 
 2DIAGNOSTIC,    19, -4.669939377010e-01, 1.830887955696e-06, 4.3018e+01, 1.6397e+00, 
 2DIAGNOSTIC,    20, -4.669952853268e-01, 1.821157007621e-06, 4.4395e+01, 1.3765e+00, 
 2DIAGNOSTIC,    21, -4.669964558821e-01, 1.830449886595e-06, 4.5936e+01, 1.5410e+00, 
 2DIAGNOSTIC,    22, -4.669979203922e-01, 1.841208452161e-06, 4.7218e+01, 1.2822e+00, 
 2DIAGNOSTIC,    23, -4.670008096050e-01, 1.889537409615e-06, 4.8637e+01, 1.4191e+00, 
 2DIAGNOSTIC,    24, -4.670077300112e-01, 2.056929230325e-06, 4.9991e+01, 1.3533e+00, 
 2DIAGNOSTIC,    25, -4.670157730655e-01, 2.342501989883e-06, 5.1314e+01, 1.3233e+00, 
 2DIAGNOSTIC,    26, -4.670265242746e-01, 2.764197630706e-06, 5.2612e+01, 1.2982e+00, 
 2DIAGNOSTIC,    27, -4.670405406555e-01, 3.339426525424e-06, 5.4559e+01, 1.9465e+00, 
 2DIAGNOSTIC,    28, -4.670403688990e-01, 3.669509804044e-06, 5.6325e+01, 1.7666e+00, 
 2DIAGNOSTIC,    29, -4.670419910715e-01, 3.790027797206e-06, 5.8392e+01, 2.0672e+00, 
 2DIAGNOSTIC,    30, -4.670420346363e-01, 3.676277988918e-06, 5.9849e+01, 1.4561e+00, 
 2DIAGNOSTIC,    31, -4.670419397289e-01, 3.340559207338e-06, 6.1634e+01, 1.7854e+00, 
 2DIAGNOSTIC,    32, -4.670416963631e-01, 2.827565430255e-06, 6.3154e+01, 1.5197e+00, 
 2DIAGNOSTIC,    33, -4.670417177695e-01, 2.225892879730e-06, 6.4853e+01, 1.6997e+00, 
 2DIAGNOSTIC,    34, -4.670416366359e-01, 1.663948051969e-06, 6.6151e+01, 1.2973e+00, 
 2DIAGNOSTIC,    35, -4.670414714830e-01, 1.199289238463e-06, 6.7474e+01, 1.3234e+00, 
  Elapsed time (stage 0): 6.8263e+01


Total elapsed time: 6.8266e+01
Info [verificarlo]: loaded backend libinterflop_ieee.so
Info [interflop-ieee]: load backend with:
Info [interflop-ieee]: debug = false
Info [interflop-ieee]: debug-binary = false
Info [interflop-ieee]: no-backend-name = false
Info [interflop-ieee]: print-new-line = false
Info [interflop-ieee]: print-subnormal-normalized = false
Info [interflop-ieee]: count-op = false
All_Command_lines_OK
Using double precision for computations.
=============================================================================
The composite transform comprises the following transforms (in order): 
  1. /home/mdugre/scratch/mri-registration-rp/datasets/ds004513/derivatives/mri-registration-rp/0001/antsRegistration-r8-p8/sub-s032/rigid_Composite.h5[0] (type = Euler3DTransform)
  2. /home/mdugre/scratch/mri-registration-rp/datasets/ds004513/derivatives/mri-registration-rp/0001/antsRegistration-r8-p8/sub-s032/rigid_Composite.h5[1] (type = Euler3DTransform)
  3. /home/mdugre/scratch/mri-registration-rp/datasets/ds004513/derivatives/mri-registration-rp/0001/antsRegistration-r8-p8/sub-s032/rigid_Composite.h5[2] (type = Euler3DTransform)
=============================================================================
  number of levels = 4
  fixed image: /templateflow/tpl-MNI152NLin2009cAsym/tpl-MNI152NLin2009cAsym_res-01_desc-brain_T1w.nii.gz
  moving image: /home/mdugre/scratch/mri-registration-rp/datasets/ds004513/derivatives/mri-registration-rp/antsBrainExtraction/sub-s032/BrainExtractionBrain.nii.gz
Dimension = 3
Number of stages = 1
Use histogram matching = false
Winsorize image intensities = true
  Lower quantile = 0.005
  Upper quantile = 0.995


Stage 1 State
   Image metric = MattesMI
     Fixed image = Image (0x48be530)
  RTTI typeinfo:   itk::Image<double, 3u>
  Reference Count: 2
  Modified Time: 1592
  Debug: Off
  Object Name: 
  Observers: 
    none
  Source: (none)
  Source output name: (none)
  Release Data: Off
  Data Released: False
  Global Release Data: Off
  PipelineMTime: 0
  UpdateMTime: 1203
  RealTimeStamp: 0 seconds 
  LargestPossibleRegion: 
    Dimension: 3
    Index: [0, 0, 0]
    Size: [193, 229, 193]
  BufferedRegion: 
    Dimension: 3
    Index: [0, 0, 0]
    Size: [193, 229, 193]
  RequestedRegion: 
    Dimension: 3
    Index: [0, 0, 0]
    Size: [193, 229, 193]
  Spacing: [1, 1, 1]
  Origin: [96, 132, -78]
  Direction: 
-1 0 0
0 -1 0
0 0 1

  IndexToPointMatrix: 
-1 0 0
0 -1 0
0 0 1

  PointToIndexMatrix: 
-1 0 0
0 -1 0
0 0 1

  Inverse Direction: 
-1 0 0
0 -1 0
0 0 1

  PixelContainer: 
    ImportImageContainer (0x49772a0)
      RTTI typeinfo:   itk::ImportImageContainer<unsigned long, double>
      Reference Count: 1
      Modified Time: 1200
      Debug: Off
      Object Name: 
      Observers: 
        none
      Pointer: 0x145abe470010
      Container manages memory: true
      Size: 8530021
      Capacity: 8530021

     Moving image = Image (0x4979e60)
  RTTI typeinfo:   itk::Image<double, 3u>
  Reference Count: 2
  Modified Time: 1593
  Debug: Off
  Object Name: 
  Observers: 
    none
  Source: (none)
  Source output name: (none)
  Release Data: Off
  Data Released: False
  Global Release Data: Off
  PipelineMTime: 0
  UpdateMTime: 1590
  RealTimeStamp: 0 seconds 
  LargestPossibleRegion: 
    Dimension: 3
    Index: [0, 0, 0]
    Size: [160, 240, 256]
  BufferedRegion: 
    Dimension: 3
    Index: [0, 0, 0]
    Size: [160, 240, 256]
  RequestedRegion: 
    Dimension: 3
    Index: [0, 0, 0]
    Size: [160, 240, 256]
  Spacing: [1, 1, 1]
  Origin: [73.279, 104.707, -131.187]
  Direction: 
-0.997527 0.0645574 -0.0278053
-0.0645323 -0.997914 -0.00179875
-0.0278634 4.01097e-08 0.999612

  IndexToPointMatrix: 
-0.997527 0.0645574 -0.0278053
-0.0645323 -0.997914 -0.00179875
-0.0278634 4.01097e-08 0.999612

  PointToIndexMatrix: 
-0.997527 -0.0645323 -0.0278634
0.0645574 -0.997914 4.01049e-08
-0.0278053 -0.00179875 0.999612

  Inverse Direction: 
-0.997527 -0.0645323 -0.0278634
0.0645574 -0.997914 4.01049e-08
-0.0278053 -0.00179875 0.999612

  PixelContainer: 
    ImportImageContainer (0x49ad390)
      RTTI typeinfo:   itk::ImportImageContainer<unsigned long, double>
      Reference Count: 1
      Modified Time: 1587
      Debug: Off
      Object Name: 
      Observers: 
        none
      Pointer: 0x145ab996f010
      Container manages memory: true
      Size: 9830400
      Capacity: 9830400

     Weighting = 1
     Sampling strategy = regular
     Number of bins = 32
     Radius = 4
     Sampling percentage  = 0.25
   Transform = Affine
     Gradient step = 0.1
     Update field sigma (voxel space) = 0
     Total field sigma (voxel space) = 0
     Update field time sigma = 0
     Total field time sigma  = 0
     Number of time indices = 0
     Number of time point samples = 0
Registration using 1 total stages.

Stage 0
  iterations = 1000x500x250x100
  convergence threshold = 1e-06
  convergence window size = 10
  number of levels = 4
  using the Mattes MI metric (number of bins = 32, weight = 1, use gradient filter = 0)
  preprocessing:  winsorizing the image intensities
  Shrink factors (level 1 out of 4): [8, 8, 8]
  Shrink factors (level 2 out of 4): [4, 4, 4]
  Shrink factors (level 3 out of 4): [2, 2, 2]
  Shrink factors (level 4 out of 4): [1, 1, 1]
  smoothing sigmas per level: [3, 2, 1, 0]
  regular sampling (percentage = 0.25)

*** Running AffineTransform registration ***

DIAGNOSTIC,Iteration,metricValue,convergenceValue,ITERATION_TIME_INDEX,SINCE_LAST
 2DIAGNOSTIC,     1, -6.852670271821e-01, 1.797693134862e+308, 6.4815e-01, 6.4815e-01, 
 2DIAGNOSTIC,     2, -6.870472133255e-01, 1.797693134862e+308, 6.5333e-01, 5.1792e-03, 
 2DIAGNOSTIC,     3, -6.896636232362e-01, 1.797693134862e+308, 6.5778e-01, 4.4432e-03, 
 2DIAGNOSTIC,     4, -6.964163528088e-01, 1.797693134862e+308, 6.6251e-01, 4.7321e-03, 
 2DIAGNOSTIC,     5, -7.035885249187e-01, 1.797693134862e+308, 6.6704e-01, 4.5340e-03, 
 2DIAGNOSTIC,     6, -7.127702867520e-01, 1.797693134862e+308, 6.7156e-01, 4.5202e-03, 
 2DIAGNOSTIC,     7, -7.197914475446e-01, 1.797693134862e+308, 6.7714e-01, 5.5821e-03, 
 2DIAGNOSTIC,     8, -7.225651496086e-01, 1.797693134862e+308, 6.8182e-01, 4.6749e-03, 
 2DIAGNOSTIC,     9, -7.268496135041e-01, 1.797693134862e+308, 6.8643e-01, 4.6079e-03, 
 2DIAGNOSTIC,    10, -7.302769032295e-01, 4.635874814235e-03, 6.9277e-01, 6.3419e-03, 
 2DIAGNOSTIC,    11, -7.311771002670e-01, 4.044514039306e-03, 6.9727e-01, 4.5009e-03, 
 2DIAGNOSTIC,    12, -7.321864050431e-01, 3.286982641522e-03, 7.0186e-01, 4.5898e-03, 
 2DIAGNOSTIC,    13, -7.330223626719e-01, 2.458597375931e-03, 7.0723e-01, 5.3670e-03, 
 2DIAGNOSTIC,    14, -7.335927259742e-01, 1.734850759030e-03, 7.1230e-01, 5.0721e-03, 
 2DIAGNOSTIC,    15, -7.346711716868e-01, 1.165059025680e-03, 7.1787e-01, 5.5749e-03, 
 2DIAGNOSTIC,    16, -7.350569993848e-01, 7.952687189187e-04, 7.2338e-01, 5.5029e-03, 
 2DIAGNOSTIC,    17, -7.351622322445e-01, 5.633413081833e-04, 7.2945e-01, 6.0771e-03, 
 2DIAGNOSTIC,    18, -7.352309431414e-01, 3.668820469054e-04, 7.3392e-01, 4.4670e-03, 
 2DIAGNOSTIC,    19, -7.354578608943e-01, 2.497674477512e-04, 7.3834e-01, 4.4200e-03, 
 2DIAGNOSTIC,    20, -7.358566767479e-01, 1.964991885387e-04, 7.4283e-01, 4.4909e-03, 
 2DIAGNOSTIC,    21, -7.362019477609e-01, 1.531009348877e-04, 7.4725e-01, 4.4150e-03, 
 2DIAGNOSTIC,    22, -7.363288429632e-01, 1.198325610226e-04, 7.5169e-01, 4.4401e-03, 
 2DIAGNOSTIC,    23, -7.364345459983e-01, 9.467376050067e-05, 7.5613e-01, 4.4451e-03, 
 2DIAGNOSTIC,    24, -7.366009084238e-01, 7.454750439398e-05, 7.6161e-01, 5.4801e-03, 
 2DIAGNOSTIC,    25, -7.366655307318e-01, 6.684375643425e-05, 7.6605e-01, 4.4410e-03, 
 2DIAGNOSTIC,    26, -7.372140469625e-01, 6.761193736092e-05, 7.7263e-01, 6.5780e-03, 
 2DIAGNOSTIC,    27, -7.375815506484e-01, 6.881089356370e-05, 7.7758e-01, 4.9469e-03, 
 2DIAGNOSTIC,    28, -7.376943634004e-01, 6.606384192846e-05, 7.8254e-01, 4.9660e-03, 
 2DIAGNOSTIC,    29, -7.380963333404e-01, 6.589322456359e-05, 7.8701e-01, 4.4689e-03, 
 2DIAGNOSTIC,    30, -7.383880501056e-01, 6.842943722409e-05, 7.9174e-01, 4.7250e-03, 
 2DIAGNOSTIC,    31, -7.384748021776e-01, 6.972417450610e-05, 7.9715e-01, 5.4140e-03, 
 2DIAGNOSTIC,    32, -7.385010320993e-01, 6.628937383048e-05, 8.0155e-01, 4.4000e-03, 
 2DIAGNOSTIC,    33, -7.385768879521e-01, 5.908828292545e-05, 8.0682e-01, 5.2691e-03, 
 2DIAGNOSTIC,    34, -7.386565411521e-01, 4.965183113800e-05, 8.1110e-01, 4.2760e-03, 
 2DIAGNOSTIC,    35, -7.388205049004e-01, 3.849484345952e-05, 8.1645e-01, 5.3530e-03, 
 2DIAGNOSTIC,    36, -7.390761066910e-01, 3.302693597385e-05, 8.2200e-01, 5.5530e-03, 
 2DIAGNOSTIC,    37, -7.390670893041e-01, 2.859506282617e-05, 8.2632e-01, 4.3190e-03, 
 2DIAGNOSTIC,    38, -7.393582325404e-01, 2.588182624111e-05, 8.3155e-01, 5.2311e-03, 
 2DIAGNOSTIC,    39, -7.395491442202e-01, 2.671602397250e-05, 8.3629e-01, 4.7331e-03, 
 2DIAGNOSTIC,    40, -7.397035518038e-01, 2.931650171481e-05, 8.4070e-01, 4.4110e-03, 
 2DIAGNOSTIC,    41, -7.398551397480e-01, 3.132502731410e-05, 8.4512e-01, 4.4250e-03, 
 2DIAGNOSTIC,    42, -7.402318534768e-01, 3.405838070386e-05, 8.5107e-01, 5.9438e-03, 
 2DIAGNOSTIC,    43, -7.404820807344e-01, 3.636076255087e-05, 8.5962e-01, 8.5549e-03, 
 2DIAGNOSTIC,    44, -7.405848718790e-01, 3.670707617677e-05, 8.6401e-01, 4.3838e-03, 
 2DIAGNOSTIC,    45, -7.405934617576e-01, 3.508661776466e-05, 8.6843e-01, 4.4250e-03, 
 2DIAGNOSTIC,    46, -7.406074428008e-01, 3.259122284557e-05, 8.7331e-01, 4.8811e-03, 
 2DIAGNOSTIC,    47, -7.406159994200e-01, 2.706458955461e-05, 8.7777e-01, 4.4620e-03, 
 2DIAGNOSTIC,    48, -7.405292211960e-01, 2.084271111632e-05, 8.8217e-01, 4.4010e-03, 
 2DIAGNOSTIC,    49, -7.404507752706e-01, 1.386645592803e-05, 8.8660e-01, 4.4210e-03, 
 2DIAGNOSTIC,    50, -7.404848126797e-01, 7.409862909261e-06, 8.9117e-01, 4.5741e-03, 
 2DIAGNOSTIC,    51, -7.405344251767e-01, 2.018757437227e-06, 8.9557e-01, 4.4019e-03, 
DIAGNOSTIC,Iteration,metricValue,convergenceValue,ITERATION_TIME_INDEX,SINCE_LAST
 2DIAGNOSTIC,     1, -5.974592372043e-01, 1.797693134862e+308, 1.6073e+00, 7.1174e-01, 
 2DIAGNOSTIC,     2, -5.978622551710e-01, 1.797693134862e+308, 1.6413e+00, 3.3964e-02, 
 2DIAGNOSTIC,     3, -5.983666014580e-01, 1.797693134862e+308, 1.6777e+00, 3.6455e-02, 
 2DIAGNOSTIC,     4, -5.986317703782e-01, 1.797693134862e+308, 1.7141e+00, 3.6342e-02, 
 2DIAGNOSTIC,     5, -5.986966842200e-01, 1.797693134862e+308, 1.7579e+00, 4.3860e-02, 
 2DIAGNOSTIC,     6, -5.987117237723e-01, 1.797693134862e+308, 1.8102e+00, 5.2225e-02, 
 2DIAGNOSTIC,     7, -5.987147490549e-01, 1.797693134862e+308, 1.8475e+00, 3.7319e-02, 
 2DIAGNOSTIC,     8, -5.987055521678e-01, 1.797693134862e+308, 1.8838e+00, 3.6281e-02, 
 2DIAGNOSTIC,     9, -5.987030077836e-01, 1.797693134862e+308, 1.9205e+00, 3.6772e-02, 
 2DIAGNOSTIC,    10, -5.986927051146e-01, 1.099000266994e-04, 1.9569e+00, 3.6356e-02, 
 2DIAGNOSTIC,    11, -5.986946394841e-01, 5.348625813929e-05, 1.9937e+00, 3.6799e-02, 
 2DIAGNOSTIC,    12, -5.986921567532e-01, 1.737643523919e-05, 2.0349e+00, 4.1236e-02, 
 2DIAGNOSTIC,    13, -5.986713379323e-01, 2.919177597857e-06, 2.0713e+00, 3.6337e-02, 
DIAGNOSTIC,Iteration,metricValue,convergenceValue,ITERATION_TIME_INDEX,SINCE_LAST
 2DIAGNOSTIC,     1, -5.347166090384e-01, 1.797693134862e+308, 3.1088e+00, 1.0375e+00, 
 2DIAGNOSTIC,     2, -5.349933505590e-01, 1.797693134862e+308, 3.3615e+00, 2.5276e-01, 
 2DIAGNOSTIC,     3, -5.353927734262e-01, 1.797693134862e+308, 3.6150e+00, 2.5346e-01, 
 2DIAGNOSTIC,     4, -5.359201714995e-01, 1.797693134862e+308, 3.8951e+00, 2.8016e-01, 
 2DIAGNOSTIC,     5, -5.367098617438e-01, 1.797693134862e+308, 4.1542e+00, 2.5906e-01, 
 2DIAGNOSTIC,     6, -5.381595808049e-01, 1.797693134862e+308, 4.4362e+00, 2.8199e-01, 
 2DIAGNOSTIC,     7, -5.390947414568e-01, 1.797693134862e+308, 4.7785e+00, 3.4227e-01, 
 2DIAGNOSTIC,     8, -5.403963393629e-01, 1.797693134862e+308, 5.0391e+00, 2.6060e-01, 
 2DIAGNOSTIC,     9, -5.410221865275e-01, 1.797693134862e+308, 5.3744e+00, 3.3535e-01, 
 2DIAGNOSTIC,    10, -5.416806090747e-01, 9.261631164956e-04, 5.6640e+00, 2.8955e-01, 
 2DIAGNOSTIC,    11, -5.431202834173e-01, 9.185952923130e-04, 5.9821e+00, 3.1813e-01, 
 2DIAGNOSTIC,    12, -5.433358636068e-01, 8.500538699352e-04, 6.2699e+00, 2.8785e-01, 
 2DIAGNOSTIC,    13, -5.433959193827e-01, 7.347999439787e-04, 6.5342e+00, 2.6426e-01, 
 2DIAGNOSTIC,    14, -5.434706991402e-01, 5.929339115113e-04, 6.7919e+00, 2.5769e-01, 
 2DIAGNOSTIC,    15, -5.435975473886e-01, 4.474862688083e-04, 7.0477e+00, 2.5577e-01, 
 2DIAGNOSTIC,    16, -5.438678632372e-01, 3.351065185041e-04, 7.3334e+00, 2.8574e-01, 
