
##########################
# Experiment information #
##########################

EXPERIMENT_NAME: antsRegistration-r8-p20
VFC_BACKENDS: libinterflop_vprec.so --range-binary32=8 --precision-binary32=20 --range-binary64=8 --precision-binary64=20

SIF_IMG: /home/mdugre/projects/rrg-glatard/mdugre/containers/ants-vprec-no_metrics.simg

SUBJECT_ID: s020
INPUT_IMG: /home/mdugre/scratch/mri-registration-rp/datasets/ds004513/derivatives/mri-registration-rp/antsBrainExtraction/sub-s020/BrainExtractionBrain.nii.gz
OUTPUT_DIR: /home/mdugre/scratch/mri-registration-rp/datasets/ds004513/derivatives/mri-registration-rp/0001/antsRegistration-r8-p20/sub-s020

FIXED_IMG: /templateflow/tpl-MNI152NLin2009cAsym/tpl-MNI152NLin2009cAsym_res-01_desc-brain_T1w.nii.gz
DATA_DIR: /home/mdugre/scratch/mri-registration-rp/datasets/ds004513
TEMPLATEFLOW_DIR: /home/mdugre/projects/rrg-glatard/mdugre/templateflow
ITK_GLOBAL_DEFAULT_NUMBER_OF_THREADS: 16
##########################

Info [verificarlo]: loaded backend libinterflop_ieee.so
Info [interflop-ieee]: load backend with:
Info [interflop-ieee]: debug = false
Info [interflop-ieee]: debug-binary = false
Info [interflop-ieee]: no-backend-name = false
Info [interflop-ieee]: print-new-line = false
Info [interflop-ieee]: print-subnormal-normalized = false
Info [interflop-ieee]: count-op = false
All_Command_lines_OK
Using double precision for computations.
=============================================================================
The composite transform comprises the following transforms (in order): 
  1. Center of mass alignment using fixed image: /templateflow/tpl-MNI152NLin2009cAsym/tpl-MNI152NLin2009cAsym_res-01_desc-brain_T1w.nii.gz and moving image: /home/mdugre/scratch/mri-registration-rp/datasets/ds004513/derivatives/mri-registration-rp/antsBrainExtraction/sub-s020/BrainExtractionBrain.nii.gz (type = Euler3DTransform)
=============================================================================
  number of levels = 1
  fixed image: /templateflow/tpl-MNI152NLin2009cAsym/tpl-MNI152NLin2009cAsym_res-01_desc-brain_T1w.nii.gz
  moving image: /home/mdugre/scratch/mri-registration-rp/datasets/ds004513/derivatives/mri-registration-rp/antsBrainExtraction/sub-s020/BrainExtractionBrain.nii.gz
Dimension = 3
Number of stages = 1
Use histogram matching = false
Winsorize image intensities = true
  Lower quantile = 0.005
  Upper quantile = 0.995


Stage 1 State
   Image metric = MattesMI
     Fixed image = Image (0x3658e70)
  RTTI typeinfo:   itk::Image<double, 3u>
  Reference Count: 2
  Modified Time: 2334
  Debug: Off
  Object Name: 
  Observers: 
    none
  Source: (none)
  Source output name: (none)
  Release Data: Off
  Data Released: False
  Global Release Data: Off
  PipelineMTime: 0
  UpdateMTime: 1943
  RealTimeStamp: 0 seconds 
  LargestPossibleRegion: 
    Dimension: 3
    Index: [0, 0, 0]
    Size: [193, 229, 193]
  BufferedRegion: 
    Dimension: 3
    Index: [0, 0, 0]
    Size: [193, 229, 193]
  RequestedRegion: 
    Dimension: 3
    Index: [0, 0, 0]
    Size: [193, 229, 193]
  Spacing: [1, 1, 1]
  Origin: [96, 132, -78]
  Direction: 
-1 0 0
0 -1 0
0 0 1

  IndexToPointMatrix: 
-1 0 0
0 -1 0
0 0 1

  PointToIndexMatrix: 
-1 0 0
0 -1 0
0 0 1

  Inverse Direction: 
-1 0 0
0 -1 0
0 0 1

  PixelContainer: 
    ImportImageContainer (0x3661c60)
      RTTI typeinfo:   itk::ImportImageContainer<unsigned long, double>
      Reference Count: 1
      Modified Time: 1940
      Debug: Off
      Object Name: 
      Observers: 
        none
      Pointer: 0x14e05f226010
      Container manages memory: true
      Size: 8530021
      Capacity: 8530021

     Moving image = Image (0x3664610)
  RTTI typeinfo:   itk::Image<double, 3u>
  Reference Count: 2
  Modified Time: 2335
  Debug: Off
  Object Name: 
  Observers: 
    none
  Source: (none)
  Source output name: (none)
  Release Data: Off
  Data Released: False
  Global Release Data: Off
  PipelineMTime: 0
  UpdateMTime: 2332
  RealTimeStamp: 0 seconds 
  LargestPossibleRegion: 
    Dimension: 3
    Index: [0, 0, 0]
    Size: [160, 240, 256]
  BufferedRegion: 
    Dimension: 3
    Index: [0, 0, 0]
    Size: [160, 240, 256]
  RequestedRegion: 
    Dimension: 3
    Index: [0, 0, 0]
    Size: [160, 240, 256]
  Spacing: [0.999995, 1, 1]
  Origin: [87.0906, 98.7205, -152.377]
  Direction: 
-0.996975 0.0261379 -0.0731913
-0.0260677 -0.999658 -0.00191374
-0.0732163 -2.46403e-08 0.997316

  IndexToPointMatrix: 
-0.996971 0.0261379 -0.0731913
-0.0260676 -0.999658 -0.00191374
-0.0732159 -2.46403e-08 0.997316

  PointToIndexMatrix: 
-0.99698 -0.0260679 -0.0732166
0.0261379 -0.999658 -2.46993e-08
-0.0731913 -0.00191374 0.997316

  Inverse Direction: 
-0.996975 -0.0260677 -0.0732163
0.0261379 -0.999658 -2.46993e-08
-0.0731913 -0.00191374 0.997316

  PixelContainer: 
    ImportImageContainer (0x36fdef0)
      RTTI typeinfo:   itk::ImportImageContainer<unsigned long, double>
      Reference Count: 1
      Modified Time: 2329
      Debug: Off
      Object Name: 
      Observers: 
        none
      Pointer: 0x14e05a725010
      Container manages memory: true
      Size: 9830400
      Capacity: 9830400

     Weighting = 1
     Sampling strategy = regular
     Number of bins = 32
     Radius = 4
     Sampling percentage  = 0.25
   Transform = Rigid
     Gradient step = 0.1
     Update field sigma (voxel space) = 0
     Total field sigma (voxel space) = 0
     Update field time sigma = 0
     Total field time sigma  = 0
     Number of time indices = 0
     Number of time point samples = 0
Registration using 1 total stages.

Stage 0
  iterations = 0
  convergence threshold = 1e-06
  convergence window size = 10
  number of levels = 1
  using the Mattes MI metric (number of bins = 32, weight = 1, use gradient filter = 0)
  preprocessing:  winsorizing the image intensities
  Shrink factors (level 1 out of 1): [1, 1, 1]
  smoothing sigmas per level: [0]
  regular sampling (percentage = 0.25)

*** Running Euler3DTransform registration ***

  Elapsed time (stage 0): 1.14863


Total elapsed time: 1.1515
Info [verificarlo]: loaded backend libinterflop_ieee.so
Info [interflop-ieee]: load backend with:
Info [interflop-ieee]: debug = false
Info [interflop-ieee]: debug-binary = false
Info [interflop-ieee]: no-backend-name = false
Info [interflop-ieee]: print-new-line = false
Info [interflop-ieee]: print-subnormal-normalized = false
Info [interflop-ieee]: count-op = false
All_Command_lines_OK
Using double precision for computations.
=============================================================================
The composite transform comprises the following transforms (in order): 
  1. /home/mdugre/scratch/mri-registration-rp/datasets/ds004513/derivatives/mri-registration-rp/0001/antsRegistration-r8-p20/sub-s020/align_Composite.h5[0] (type = Euler3DTransform)
  2. /home/mdugre/scratch/mri-registration-rp/datasets/ds004513/derivatives/mri-registration-rp/0001/antsRegistration-r8-p20/sub-s020/align_Composite.h5[1] (type = Euler3DTransform)
=============================================================================
  number of levels = 4
  fixed image: /templateflow/tpl-MNI152NLin2009cAsym/tpl-MNI152NLin2009cAsym_res-01_desc-brain_T1w.nii.gz
  moving image: /home/mdugre/scratch/mri-registration-rp/datasets/ds004513/derivatives/mri-registration-rp/antsBrainExtraction/sub-s020/BrainExtractionBrain.nii.gz
Dimension = 3
Number of stages = 1
Use histogram matching = false
Winsorize image intensities = true
  Lower quantile = 0.005
  Upper quantile = 0.995


Stage 1 State
   Image metric = MattesMI
     Fixed image = Image (0x3fd8530)
  RTTI typeinfo:   itk::Image<double, 3u>
  Reference Count: 2
  Modified Time: 1580
  Debug: Off
  Object Name: 
  Observers: 
    none
  Source: (none)
  Source output name: (none)
  Release Data: Off
  Data Released: False
  Global Release Data: Off
  PipelineMTime: 0
  UpdateMTime: 1189
  RealTimeStamp: 0 seconds 
  LargestPossibleRegion: 
    Dimension: 3
    Index: [0, 0, 0]
    Size: [193, 229, 193]
  BufferedRegion: 
    Dimension: 3
    Index: [0, 0, 0]
    Size: [193, 229, 193]
  RequestedRegion: 
    Dimension: 3
    Index: [0, 0, 0]
    Size: [193, 229, 193]
  Spacing: [1, 1, 1]
  Origin: [96, 132, -78]
  Direction: 
-1 0 0
0 -1 0
0 0 1

  IndexToPointMatrix: 
-1 0 0
0 -1 0
0 0 1

  PointToIndexMatrix: 
-1 0 0
0 -1 0
0 0 1

  Inverse Direction: 
-1 0 0
0 -1 0
0 0 1

  PixelContainer: 
    ImportImageContainer (0x4096d60)
      RTTI typeinfo:   itk::ImportImageContainer<unsigned long, double>
      Reference Count: 1
      Modified Time: 1186
      Debug: Off
      Object Name: 
      Observers: 
        none
      Pointer: 0x14ee0ce5b010
      Container manages memory: true
      Size: 8530021
      Capacity: 8530021

     Moving image = Image (0x4088f60)
  RTTI typeinfo:   itk::Image<double, 3u>
  Reference Count: 2
  Modified Time: 1581
  Debug: Off
  Object Name: 
  Observers: 
    none
  Source: (none)
  Source output name: (none)
  Release Data: Off
  Data Released: False
  Global Release Data: Off
  PipelineMTime: 0
  UpdateMTime: 1578
  RealTimeStamp: 0 seconds 
  LargestPossibleRegion: 
    Dimension: 3
    Index: [0, 0, 0]
    Size: [160, 240, 256]
  BufferedRegion: 
    Dimension: 3
    Index: [0, 0, 0]
    Size: [160, 240, 256]
  RequestedRegion: 
    Dimension: 3
    Index: [0, 0, 0]
    Size: [160, 240, 256]
  Spacing: [0.999995, 1, 1]
  Origin: [87.0906, 98.7205, -152.377]
  Direction: 
-0.996975 0.0261379 -0.0731913
-0.0260677 -0.999658 -0.00191374
-0.0732163 -2.46403e-08 0.997316

  IndexToPointMatrix: 
-0.996971 0.0261379 -0.0731913
-0.0260676 -0.999658 -0.00191374
-0.0732159 -2.46403e-08 0.997316

  PointToIndexMatrix: 
-0.99698 -0.0260679 -0.0732166
0.0261379 -0.999658 -2.46993e-08
-0.0731913 -0.00191374 0.997316

  Inverse Direction: 
-0.996975 -0.0260677 -0.0732163
0.0261379 -0.999658 -2.46993e-08
-0.0731913 -0.00191374 0.997316

  PixelContainer: 
    ImportImageContainer (0x407a6d0)
      RTTI typeinfo:   itk::ImportImageContainer<unsigned long, double>
      Reference Count: 1
      Modified Time: 1575
      Debug: Off
      Object Name: 
      Observers: 
        none
      Pointer: 0x14ee0835a010
      Container manages memory: true
      Size: 9830400
      Capacity: 9830400

     Weighting = 1
     Sampling strategy = regular
     Number of bins = 32
     Radius = 4
     Sampling percentage  = 0.25
   Transform = Rigid
     Gradient step = 0.1
     Update field sigma (voxel space) = 0
     Total field sigma (voxel space) = 0
     Update field time sigma = 0
     Total field time sigma  = 0
     Number of time indices = 0
     Number of time point samples = 0
Registration using 1 total stages.

Stage 0
  iterations = 1000x500x250x100
  convergence threshold = 1e-06
  convergence window size = 10
  number of levels = 4
  using the Mattes MI metric (number of bins = 32, weight = 1, use gradient filter = 0)
  preprocessing:  winsorizing the image intensities
  Shrink factors (level 1 out of 4): [8, 8, 8]
  Shrink factors (level 2 out of 4): [4, 4, 4]
  Shrink factors (level 3 out of 4): [2, 2, 2]
  Shrink factors (level 4 out of 4): [1, 1, 1]
  smoothing sigmas per level: [3, 2, 1, 0]
  regular sampling (percentage = 0.25)

*** Running Euler3DTransform registration ***

DIAGNOSTIC,Iteration,metricValue,convergenceValue,ITERATION_TIME_INDEX,SINCE_LAST
 2DIAGNOSTIC,     1, -3.791273390751e-01, 1.797693134862e+308, 7.0400e-01, 7.0400e-01, 
 2DIAGNOSTIC,     2, -3.803606001643e-01, 1.797693134862e+308, 7.0916e-01, 5.1608e-03, 
 2DIAGNOSTIC,     3, -3.828962034719e-01, 1.797693134862e+308, 7.1393e-01, 4.7650e-03, 
 2DIAGNOSTIC,     4, -3.876122532015e-01, 1.797693134862e+308, 7.1948e-01, 5.5530e-03, 
 2DIAGNOSTIC,     5, -3.904935334081e-01, 1.797693134862e+308, 7.2450e-01, 5.0199e-03, 
 2DIAGNOSTIC,     6, -3.911039700181e-01, 1.797693134862e+308, 7.2884e-01, 4.3430e-03, 
 2DIAGNOSTIC,     7, -3.914905453856e-01, 1.797693134862e+308, 7.3318e-01, 4.3321e-03, 
 2DIAGNOSTIC,     8, -3.925629083064e-01, 1.797693134862e+308, 7.3771e-01, 4.5371e-03, 
 2DIAGNOSTIC,     9, -3.981570789235e-01, 1.797693134862e+308, 7.4249e-01, 4.7791e-03, 
 2DIAGNOSTIC,    10, -4.079218556696e-01, 3.866687266231e-03, 7.4878e-01, 6.2850e-03, 
 2DIAGNOSTIC,    11, -4.246779602407e-01, 4.904320352957e-03, 7.5424e-01, 5.4681e-03, 
 2DIAGNOSTIC,    12, -4.297045200929e-01, 5.673254149497e-03, 7.5916e-01, 4.9150e-03, 
 2DIAGNOSTIC,    13, -4.335692915512e-01, 6.156954111660e-03, 7.6504e-01, 5.8820e-03, 
 2DIAGNOSTIC,    14, -4.439932007380e-01, 6.764094567482e-03, 7.6985e-01, 4.8118e-03, 
 2DIAGNOSTIC,    15, -4.466217674236e-01, 6.904768049772e-03, 7.7544e-01, 5.5861e-03, 
 2DIAGNOSTIC,    16, -4.513528166464e-01, 6.619270360253e-03, 7.8041e-01, 4.9720e-03, 
 2DIAGNOSTIC,    17, -4.528510996021e-01, 5.844785619095e-03, 7.8675e-01, 6.3360e-03, 
 2DIAGNOSTIC,    18, -4.555717392162e-01, 4.777374787580e-03, 7.9425e-01, 7.5068e-03, 
 2DIAGNOSTIC,    19, -4.559551104552e-01, 3.601534555487e-03, 7.9933e-01, 5.0800e-03, 
 2DIAGNOSTIC,    20, -4.573566566359e-01, 2.586716855839e-03, 8.0712e-01, 7.7908e-03, 
 2DIAGNOSTIC,    21, -4.575249588564e-01, 1.982977023380e-03, 8.1186e-01, 4.7350e-03, 
 2DIAGNOSTIC,    22, -4.577283797543e-01, 1.415645502260e-03, 8.1730e-01, 5.4410e-03, 
 2DIAGNOSTIC,    23, -4.579446364012e-01, 8.825878275828e-04, 8.2200e-01, 4.6968e-03, 
 2DIAGNOSTIC,    24, -4.580221932821e-01, 6.077385374785e-04, 8.2686e-01, 4.8609e-03, 
 2DIAGNOSTIC,    25, -4.581755809749e-01, 3.715351189653e-04, 8.3215e-01, 5.2869e-03, 
 2DIAGNOSTIC,    26, -4.586246765393e-01, 2.524038058460e-04, 8.3752e-01, 5.3711e-03, 
 2DIAGNOSTIC,    27, -4.589288732996e-01, 1.618477031094e-04, 8.4549e-01, 7.9782e-03, 
 2DIAGNOSTIC,    28, -4.591719224522e-01, 1.332508311028e-04, 8.5085e-01, 5.3530e-03, 
 2DIAGNOSTIC,    29, -4.592807557507e-01, 1.047644815645e-04, 8.5712e-01, 6.2711e-03, 
 2DIAGNOSTIC,    30, -4.597212564050e-01, 1.090170906384e-04, 8.6417e-01, 7.0500e-03, 
 2DIAGNOSTIC,    31, -4.598054192813e-01, 1.077473959544e-04, 8.6967e-01, 5.5010e-03, 
 2DIAGNOSTIC,    32, -4.606538635714e-01, 1.179202932677e-04, 8.7554e-01, 5.8680e-03, 
 2DIAGNOSTIC,    33, -4.610422394989e-01, 1.280788374668e-04, 8.8102e-01, 5.4779e-03, 
 2DIAGNOSTIC,    34, -4.611874458358e-01, 1.298846747462e-04, 8.8653e-01, 5.5110e-03, 
 2DIAGNOSTIC,    35, -4.615570186632e-01, 1.291204761638e-04, 8.9256e-01, 6.0320e-03, 
 2DIAGNOSTIC,    36, -4.621279865417e-01, 1.344578983088e-04, 8.9897e-01, 6.4070e-03, 
 2DIAGNOSTIC,    37, -4.627574850898e-01, 1.427877920671e-04, 9.0430e-01, 5.3310e-03, 
 2DIAGNOSTIC,    38, -4.631695751324e-01, 1.481525372235e-04, 9.1020e-01, 5.9061e-03, 
 2DIAGNOSTIC,    39, -4.636886433099e-01, 1.496802533302e-04, 9.1746e-01, 7.2598e-03, 
 2DIAGNOSTIC,    40, -4.640195117044e-01, 1.495285967881e-04, 9.2306e-01, 5.5940e-03, 
 2DIAGNOSTIC,    41, -4.641790851637e-01, 1.386290939924e-04, 9.2848e-01, 5.4209e-03, 
 2DIAGNOSTIC,    42, -4.644958754155e-01, 1.328962884796e-04, 9.3450e-01, 6.0201e-03, 
 2DIAGNOSTIC,    43, -4.646781713256e-01, 1.233456838046e-04, 9.4058e-01, 6.0811e-03, 
 2DIAGNOSTIC,    44, -4.645527568163e-01, 1.027852059902e-04, 9.4754e-01, 6.9621e-03, 
 2DIAGNOSTIC,    45, -4.666538005079e-01, 1.087561297874e-04, 9.5375e-01, 6.2089e-03, 
 2DIAGNOSTIC,    46, -4.710617679865e-01, 1.726727273807e-04, 9.6231e-01, 8.5561e-03, 
 2DIAGNOSTIC,    47, -4.748429012988e-01, 2.759056346225e-04, 9.6720e-01, 4.8981e-03, 
 2DIAGNOSTIC,    48, -4.809082260388e-01, 4.340674453153e-04, 9.7200e-01, 4.7998e-03, 
 2DIAGNOSTIC,    49, -4.860510820013e-01, 6.166458731740e-04, 9.7771e-01, 5.7061e-03, 
 2DIAGNOSTIC,    50, -4.908824686813e-01, 7.972067168303e-04, 9.8585e-01, 8.1429e-03, 
 2DIAGNOSTIC,    51, -4.912039603957e-01, 8.987096352177e-04, 9.9123e-01, 5.3771e-03, 
 2DIAGNOSTIC,    52, -4.914530903422e-01, 9.175408973891e-04, 9.9671e-01, 5.4832e-03, 
 2DIAGNOSTIC,    53, -4.915714904599e-01, 8.518403196658e-04, 1.0016e+00, 4.8931e-03, 
 2DIAGNOSTIC,    54, -4.915976984042e-01, 7.052679921292e-04, 1.0066e+00, 4.9908e-03, 
 2DIAGNOSTIC,    55, -4.919104793532e-01, 5.237747007249e-04, 1.0121e+00, 5.4700e-03, 
 2DIAGNOSTIC,    56, -4.920243394457e-01, 3.503009802019e-04, 1.0167e+00, 4.5929e-03, 
 2DIAGNOSTIC,    57, -4.920765924851e-01, 1.918367499159e-04, 1.0217e+00, 5.0259e-03, 
 2DIAGNOSTIC,    58, -4.922973831233e-01, 8.821209853589e-05, 1.0273e+00, 5.5761e-03, 
 2DIAGNOSTIC,    59, -4.923678340880e-01, 3.400805093993e-05, 1.0328e+00, 5.5060e-03, 
 2DIAGNOSTIC,    60, -4.924277926153e-01, 2.956469004905e-05, 1.0394e+00, 6.6268e-03, 
 2DIAGNOSTIC,    61, -4.925078343100e-01, 2.655414319521e-05, 1.0445e+00, 5.1219e-03, 
 2DIAGNOSTIC,    62, -4.925704084724e-01, 2.428811600206e-05, 1.0492e+00, 4.6599e-03, 
 2DIAGNOSTIC,    63, -4.927273165098e-01, 2.255446073343e-05, 1.0550e+00, 5.8041e-03, 
 2DIAGNOSTIC,    64, -4.927745818310e-01, 1.936741449022e-05, 1.0595e+00, 4.5209e-03, 
 2DIAGNOSTIC,    65, -4.928596065516e-01, 1.829463391730e-05, 1.0641e+00, 4.5819e-03, 
 2DIAGNOSTIC,    66, -4.930522470553e-01, 1.844666586640e-05, 1.0703e+00, 6.2239e-03, 
 2DIAGNOSTIC,    67, -4.930721716853e-01, 1.744338570161e-05, 1.0750e+00, 4.7379e-03, 
 2DIAGNOSTIC,    68, -4.931095526544e-01, 1.719829389969e-05, 1.0806e+00, 5.5552e-03, 
 2DIAGNOSTIC,    69, -4.932088310125e-01, 1.688554743148e-05, 1.0859e+00, 5.3260e-03, 
 2DIAGNOSTIC,    70, -4.933457345376e-01, 1.671489725500e-05, 1.0920e+00, 6.0389e-03, 
 2DIAGNOSTIC,    71, -4.933819282510e-01, 1.595608225920e-05, 1.0970e+00, 4.9961e-03, 
 2DIAGNOSTIC,    72, -4.935387478662e-01, 1.559817325751e-05, 1.1020e+00, 5.0070e-03, 
 2DIAGNOSTIC,    73, -4.948277175191e-01, 2.601547349161e-05, 1.1070e+00, 5.0042e-03, 
 2DIAGNOSTIC,    74, -4.957124218665e-01, 4.112727447237e-05, 1.1138e+00, 6.8080e-03, 
 2DIAGNOSTIC,    75, -4.965653993050e-01, 5.946590035012e-05, 1.1188e+00, 5.0108e-03, 
 2DIAGNOSTIC,    76, -4.966913245988e-01, 7.423112904524e-05, 1.1241e+00, 5.3179e-03, 
 2DIAGNOSTIC,    77, -4.968966080010e-01, 8.339158638518e-05, 1.1292e+00, 5.1029e-03, 
 2DIAGNOSTIC,    78, -4.970628328046e-01, 8.576888733178e-05, 1.1337e+00, 4.4730e-03, 
 2DIAGNOSTIC,    79, -4.976067460962e-01, 8.465440289652e-05, 1.1389e+00, 5.2338e-03, 
 2DIAGNOSTIC,    80, -4.992949123562e-01, 8.937074592480e-05, 1.1440e+00, 5.0950e-03, 
 2DIAGNOSTIC,    81, -4.993980643660e-01, 8.628193893670e-05, 1.1486e+00, 4.5910e-03, 
 2DIAGNOSTIC,    82, -4.994453461971e-01, 7.657775016608e-05, 1.1535e+00, 4.9191e-03, 
 2DIAGNOSTIC,    83, -4.996362826000e-01, 7.073336952739e-05, 1.1594e+00, 5.8861e-03, 
 2DIAGNOSTIC,    84, -4.996480668829e-01, 6.448174406321e-05, 1.1654e+00, 5.9588e-03, 
 2DIAGNOSTIC,    85, -5.004484142247e-01, 6.387468215271e-05, 1.1715e+00, 6.1321e-03, 
 2DIAGNOSTIC,    86, -5.011090006882e-01, 6.256305415867e-05, 1.1768e+00, 5.2500e-03, 
 2DIAGNOSTIC,    87, -5.013255242046e-01, 5.835920557177e-05, 1.1824e+00, 5.6119e-03, 
 2DIAGNOSTIC,    88, -5.013474758340e-01, 5.008143764970e-05, 1.1875e+00, 5.1241e-03, 
 2DIAGNOSTIC,    89, -5.013730386969e-01, 4.083477348442e-05, 1.1928e+00, 5.3439e-03, 
 2DIAGNOSTIC,    90, -5.016363700560e-01, 4.098945334564e-05, 1.1977e+00, 4.8468e-03, 
 2DIAGNOSTIC,    91, -5.022235640145e-01, 4.168148275900e-05, 1.2049e+00, 7.2629e-03, 
 2DIAGNOSTIC,    92, -5.023431763084e-01, 3.938710215153e-05, 1.2102e+00, 5.3060e-03, 
 2DIAGNOSTIC,    93, -5.024014443677e-01, 3.517153054739e-05, 1.2147e+00, 4.4999e-03, 
 2DIAGNOSTIC,    94, -5.025791843796e-01, 2.888391509281e-05, 1.2194e+00, 4.6871e-03, 
 2DIAGNOSTIC,    95, -5.026562908518e-01, 2.540896206043e-05, 1.2238e+00, 4.3840e-03, 
 2DIAGNOSTIC,    96, -5.026153473468e-01, 2.339113582152e-05, 1.2294e+00, 5.5609e-03, 
 2DIAGNOSTIC,    97, -5.028489058272e-01, 2.202129781725e-05, 1.2359e+00, 6.5548e-03, 
 2DIAGNOSTIC,    98, -5.028846995813e-01, 1.896517895750e-05, 1.2429e+00, 6.9690e-03, 
 2DIAGNOSTIC,    99, -5.028078485113e-01, 1.385534931389e-05, 1.2485e+00, 5.6262e-03, 
 2DIAGNOSTIC,   100, -5.028079222422e-01, 9.076169591437e-06, 1.2535e+00, 4.9582e-03, 
 2DIAGNOSTIC,   101, -5.028080543262e-01, 7.052963864449e-06, 1.2586e+00, 5.0778e-03, 
 2DIAGNOSTIC,   102, -5.028087852476e-01, 5.112085953751e-06, 1.2639e+00, 5.3060e-03, 
 2DIAGNOSTIC,   103, -5.028103331226e-01, 3.062840811550e-06, 1.2691e+00, 5.1990e-03, 
 2DIAGNOSTIC,   104, -5.028143566412e-01, 1.855031229962e-06, 1.2741e+00, 5.0130e-03, 
 2DIAGNOSTIC,   105, -5.028220107278e-01, 1.036210212900e-06, 1.2791e+00, 4.9918e-03, 
DIAGNOSTIC,Iteration,metricValue,convergenceValue,ITERATION_TIME_INDEX,SINCE_LAST
 2DIAGNOSTIC,     1, -4.052971694250e-01, 1.797693134862e+308, 2.0757e+00, 7.9666e-01, 
 2DIAGNOSTIC,     2, -4.057515404935e-01, 1.797693134862e+308, 2.1072e+00, 3.1493e-02, 
 2DIAGNOSTIC,     3, -4.066361336632e-01, 1.797693134862e+308, 2.1371e+00, 2.9922e-02, 
 2DIAGNOSTIC,     4, -4.070509974284e-01, 1.797693134862e+308, 2.1699e+00, 3.2736e-02, 
 2DIAGNOSTIC,     5, -4.072997393593e-01, 1.797693134862e+308, 2.1983e+00, 2.8365e-02, 
 2DIAGNOSTIC,     6, -4.078797143586e-01, 1.797693134862e+308, 2.2309e+00, 3.2676e-02, 
 2DIAGNOSTIC,     7, -4.088629300742e-01, 1.797693134862e+308, 2.2654e+00, 3.4492e-02, 
 2DIAGNOSTIC,     8, -4.104662658849e-01, 1.797693134862e+308, 2.3131e+00, 4.7637e-02, 
 2DIAGNOSTIC,     9, -4.107395710279e-01, 1.797693134862e+308, 2.3452e+00, 3.2187e-02, 
 2DIAGNOSTIC,    10, -4.119783149860e-01, 1.024568523633e-03, 2.3774e+00, 3.2157e-02, 
 2DIAGNOSTIC,    11, -4.128768260945e-01, 1.016005990861e-03, 2.4081e+00, 3.0687e-02, 
 2DIAGNOSTIC,    12, -4.132062653922e-01, 9.607039973417e-04, 2.4399e+00, 3.1804e-02, 
 2DIAGNOSTIC,    13, -4.140453869181e-01, 9.189614944647e-04, 2.4832e+00, 4.3310e-02, 
 2DIAGNOSTIC,    14, -4.143848278394e-01, 8.371552034234e-04, 2.5150e+00, 3.1804e-02, 
 2DIAGNOSTIC,    15, -4.144762570548e-01, 7.060035080674e-04, 2.5442e+00, 2.9179e-02, 
 2DIAGNOSTIC,    16, -4.145729045905e-01, 5.557446929605e-04, 2.5740e+00, 2.9796e-02, 
 2DIAGNOSTIC,    17, -4.147874635369e-01, 4.198941442197e-04, 2.6035e+00, 2.9494e-02, 
 2DIAGNOSTIC,    18, -4.161251036083e-01, 3.737095163142e-04, 2.6423e+00, 3.8792e-02, 
 2DIAGNOSTIC,    19, -4.161903905259e-01, 3.080389353768e-04, 2.6769e+00, 3.4603e-02, 
 2DIAGNOSTIC,    20, -4.162009087566e-01, 2.639313116400e-04, 2.7065e+00, 2.9637e-02, 
 2DIAGNOSTIC,    21, -4.163598554622e-01, 2.352520677727e-04, 2.7408e+00, 3.4271e-02, 
 2DIAGNOSTIC,    22, -4.163955675037e-01, 1.978813941587e-04, 2.7729e+00, 3.2113e-02, 
 2DIAGNOSTIC,    23, -4.164220250412e-01, 1.704929655041e-04, 2.8057e+00, 3.2842e-02, 
 2DIAGNOSTIC,    24, -4.165934967452e-01, 1.441852482324e-04, 2.8383e+00, 3.2582e-02, 
 2DIAGNOSTIC,    25, -4.169214513263e-01, 1.186085095448e-04, 2.8836e+00, 4.5257e-02, 
 2DIAGNOSTIC,    26, -4.169582868957e-01, 8.755999873647e-05, 2.9168e+00, 3.3197e-02, 
 2DIAGNOSTIC,    27, -4.169792228701e-01, 5.586981707763e-05, 2.9502e+00, 3.3450e-02, 
 2DIAGNOSTIC,    28, -4.169919156334e-01, 5.461972165693e-05, 2.9847e+00, 3.4489e-02, 
 2DIAGNOSTIC,    29, -4.170079276804e-01, 5.030047214520e-05, 3.0181e+00, 3.3416e-02, 
 2DIAGNOSTIC,    30, -4.170060129076e-01, 4.159041189673e-05, 3.0524e+00, 3.4234e-02, 
 2DIAGNOSTIC,    31, -4.169964725974e-01, 3.294030605574e-05, 3.0875e+00, 3.5125e-02, 
 2DIAGNOSTIC,    32, -4.170044391832e-01, 2.289369700895e-05, 3.1208e+00, 3.3367e-02, 
 2DIAGNOSTIC,    33, -4.170103341184e-01, 1.203623392509e-05, 3.1509e+00, 3.0072e-02, 
 2DIAGNOSTIC,    34, -4.170570556077e-01, 4.996489394192e-06, 3.1982e+00, 4.7247e-02, 
 2DIAGNOSTIC,    35, -4.170744702754e-01, 4.721401403653e-06, 3.2368e+00, 3.8601e-02, 
 2DIAGNOSTIC,    36, -4.170707773863e-01, 4.734305689768e-06, 3.2749e+00, 3.8146e-02, 
 2DIAGNOSTIC,    37, -4.170635259824e-01, 4.648699429378e-06, 3.3106e+00, 3.5696e-02, 
 2DIAGNOSTIC,    38, -4.170743437722e-01, 4.623186560273e-06, 3.3459e+00, 3.5259e-02, 
 2DIAGNOSTIC,    39, -4.170984299806e-01, 4.922219409658e-06, 3.3801e+00, 3.4259e-02, 
 2DIAGNOSTIC,    40, -4.171190287081e-01, 5.124256739337e-06, 3.4115e+00, 3.1406e-02, 
 2DIAGNOSTIC,    41, -4.171757665926e-01, 5.702069408510e-06, 3.4430e+00, 3.1430e-02, 
 2DIAGNOSTIC,    42, -4.172337422826e-01, 6.855935088809e-06, 3.4813e+00, 3.8370e-02, 
 2DIAGNOSTIC,    43, -4.173035357394e-01, 8.547762389722e-06, 3.5177e+00, 3.6354e-02, 
 2DIAGNOSTIC,    44, -4.173023404355e-01, 1.010160621801e-05, 3.5528e+00, 3.5108e-02, 
 2DIAGNOSTIC,    45, -4.172996423308e-01, 1.093453985048e-05, 3.5920e+00, 3.9219e-02, 
 2DIAGNOSTIC,    46, -4.172844756525e-01, 1.048201425713e-05, 3.6270e+00, 3.4951e-02, 
 2DIAGNOSTIC,    47, -4.173288292248e-01, 9.642165360212e-06, 3.6645e+00, 3.7562e-02, 
 2DIAGNOSTIC,    48, -4.173304072982e-01, 8.122072831313e-06, 3.6993e+00, 3.4735e-02, 
 2DIAGNOSTIC,    49, -4.173256475448e-01, 6.235106403338e-06, 3.7377e+00, 3.8476e-02, 
 2DIAGNOSTIC,    50, -4.173210049225e-01, 4.124110226655e-06, 3.7729e+00, 3.5148e-02, 
 2DIAGNOSTIC,    51, -4.173230954213e-01, 2.543968426135e-06, 3.8082e+00, 3.5327e-02, 
 2DIAGNOSTIC,    52, -4.173116021231e-01, 1.414590924825e-06, 3.8423e+00, 3.4128e-02, 
 2DIAGNOSTIC,    53, -4.173081892608e-01, 1.107395390380e-06, 3.8874e+00, 4.5066e-02, 
DIAGNOSTIC,Iteration,metricValue,convergenceValue,ITERATION_TIME_INDEX,SINCE_LAST
 2DIAGNOSTIC,     1, -3.575689464565e-01, 1.797693134862e+308, 5.0995e+00, 1.2121e+00, 
 2DIAGNOSTIC,     2, -3.577570891441e-01, 1.797693134862e+308, 5.3675e+00, 2.6795e-01, 
 2DIAGNOSTIC,     3, -3.579727842308e-01, 1.797693134862e+308, 5.6163e+00, 2.4882e-01, 
 2DIAGNOSTIC,     4, -3.581831213793e-01, 1.797693134862e+308, 5.8864e+00, 2.7007e-01, 
 2DIAGNOSTIC,     5, -3.583549269371e-01, 1.797693134862e+308, 6.1346e+00, 2.4818e-01, 
 2DIAGNOSTIC,     6, -3.584102323887e-01, 1.797693134862e+308, 6.4153e+00, 2.8071e-01, 
 2DIAGNOSTIC,     7, -3.587033369465e-01, 1.797693134862e+308, 6.9100e+00, 4.9471e-01, 
 2DIAGNOSTIC,     8, -3.587156952774e-01, 1.797693134862e+308, 7.1769e+00, 2.6691e-01, 
 2DIAGNOSTIC,     9, -3.587396519037e-01, 1.797693134862e+308, 7.4485e+00, 2.7162e-01, 
 2DIAGNOSTIC,    10, -3.587690954133e-01, 2.278187739194e-04, 7.8263e+00, 3.7781e-01, 
 2DIAGNOSTIC,    11, -3.587748934268e-01, 1.702398920087e-04, 8.2051e+00, 3.7878e-01, 
 2DIAGNOSTIC,    12, -3.587738516645e-01, 1.192676146199e-04, 8.5870e+00, 3.8187e-01, 
 2DIAGNOSTIC,    13, -3.587731225730e-01, 7.849195829562e-05, 8.8949e+00, 3.0796e-01, 
 2DIAGNOSTIC,    14, -3.587721890291e-01, 4.850343551883e-05, 9.1972e+00, 3.0228e-01, 
 2DIAGNOSTIC,    15, -3.587718941187e-01, 2.744348789463e-05, 9.4872e+00, 2.8995e-01, 
 2DIAGNOSTIC,    16, -3.587714979794e-01, 9.016364329859e-06, 9.7536e+00, 2.6645e-01, 
 2DIAGNOSTIC,    17, -3.587712656799e-01, 5.788415624146e-06, 1.0001e+01, 2.4776e-01, 
 2DIAGNOSTIC,    18, -3.587712728145e-01, 3.092509081593e-06, 1.0305e+01, 3.0320e-01, 
 2DIAGNOSTIC,    19, -3.587720253424e-01, 1.556174275323e-06, 1.0635e+01, 3.3019e-01, 
 2DIAGNOSTIC,    20, -3.587716629835e-01, 1.329076897705e-06, 1.0929e+01, 2.9412e-01, 
 2DIAGNOSTIC,    21, -3.587713461999e-01, 1.356244659544e-06, 1.1197e+01, 2.6798e-01, 
 2DIAGNOSTIC,    22, -3.587705766777e-01, 1.331548649522e-06, 1.1452e+01, 2.5511e-01, 
 2DIAGNOSTIC,    23, -3.587720728268e-01, 1.347138594850e-06, 1.1740e+01, 2.8777e-01, 
 2DIAGNOSTIC,    24, -3.587713003927e-01, 1.306259002715e-06, 1.2018e+01, 2.7870e-01, 
 2DIAGNOSTIC,    25, -3.587725130307e-01, 1.300899364377e-06, 1.2296e+01, 2.7749e-01, 
 2DIAGNOSTIC,    26, -3.587749998523e-01, 1.357334434640e-06, 1.2595e+01, 2.9861e-01, 
 2DIAGNOSTIC,    27, -3.587781054857e-01, 1.479681007568e-06, 1.2853e+01, 2.5810e-01, 
 2DIAGNOSTIC,    28, -3.587797059267e-01, 1.607859192850e-06, 1.3150e+01, 2.9752e-01, 
 2DIAGNOSTIC,    29, -3.587780283921e-01, 1.658203636200e-06, 1.3411e+01, 2.6111e-01, 
 2DIAGNOSTIC,    30, -3.587792847062e-01, 1.678819502700e-06, 1.3654e+01, 2.4252e-01, 
 2DIAGNOSTIC,    31, -3.587820634924e-01, 1.700987071133e-06, 1.3930e+01, 2.7600e-01, 
 2DIAGNOSTIC,    32, -3.587846118944e-01, 1.697161649147e-06, 1.4212e+01, 2.8267e-01, 
 2DIAGNOSTIC,    33, -3.587843748514e-01, 1.657781364336e-06, 1.4460e+01, 2.4775e-01, 
 2DIAGNOSTIC,    34, -3.587857274784e-01, 1.571812571068e-06, 1.4752e+01, 2.9165e-01, 
 2DIAGNOSTIC,    35, -3.587895792328e-01, 1.544251965614e-06, 1.5000e+01, 2.4787e-01, 
 2DIAGNOSTIC,    36, -3.587914853123e-01, 1.548893185960e-06, 1.5286e+01, 2.8653e-01, 
 2DIAGNOSTIC,    37, -3.587914183538e-01, 1.553276718278e-06, 1.5571e+01, 2.8447e-01, 
 2DIAGNOSTIC,    38, -3.587911477863e-01, 1.523009197292e-06, 1.5846e+01, 2.7563e-01, 
 2DIAGNOSTIC,    39, -3.587944014542e-01, 1.461799818272e-06, 1.6115e+01, 2.6903e-01, 
 2DIAGNOSTIC,    40, -3.587984678056e-01, 1.442991390679e-06, 1.6403e+01, 2.8762e-01, 
 2DIAGNOSTIC,    41, -3.588012819999e-01, 1.467895395103e-06, 1.6689e+01, 2.8631e-01, 
 2DIAGNOSTIC,    42, -3.588069475794e-01, 1.582458244092e-06, 1.6977e+01, 2.8797e-01, 
 2DIAGNOSTIC,    43, -3.588062042196e-01, 1.594260518271e-06, 1.7265e+01, 2.8752e-01, 
 2DIAGNOSTIC,    44, -3.588061483409e-01, 1.546819236850e-06, 1.8128e+01, 8.6337e-01, 
 2DIAGNOSTIC,    45, -3.588061483391e-01, 1.489372571949e-06, 1.8949e+01, 8.2074e-01, 
 2DIAGNOSTIC,    46, -3.588061483391e-01, 1.391629162791e-06, 1.9317e+01, 3.6855e-01, 
 2DIAGNOSTIC,    47, -3.588061483391e-01, 1.230069882736e-06, 1.9682e+01, 3.6490e-01, 
 2DIAGNOSTIC,    48, -3.588061483391e-01, 1.017695689092e-06, 2.0064e+01, 3.8164e-01, 
DIAGNOSTIC,Iteration,metricValue,convergenceValue,ITERATION_TIME_INDEX,SINCE_LAST
 2DIAGNOSTIC,     1, -3.296079119985e-01, 1.797693134862e+308, 2.2982e+01, 2.9178e+00, 
 2DIAGNOSTIC,     2, -3.298268151664e-01, 1.797693134862e+308, 2.4638e+01, 1.6565e+00, 
 2DIAGNOSTIC,     3, -3.303739140779e-01, 1.797693134862e+308, 2.6200e+01, 1.5612e+00, 
 2DIAGNOSTIC,     4, -3.308399914914e-01, 1.797693134862e+308, 2.7656e+01, 1.4565e+00, 
 2DIAGNOSTIC,     5, -3.311373308977e-01, 1.797693134862e+308, 2.9067e+01, 1.4104e+00, 
 2DIAGNOSTIC,     6, -3.314114236525e-01, 1.797693134862e+308, 3.0875e+01, 1.8084e+00, 
 2DIAGNOSTIC,     7, -3.315595920855e-01, 1.797693134862e+308, 3.3659e+01, 2.7840e+00, 
 2DIAGNOSTIC,     8, -3.315600611258e-01, 1.797693134862e+308, 3.5783e+01, 2.1237e+00, 
 2DIAGNOSTIC,     9, -3.315608098544e-01, 1.797693134862e+308, 3.7420e+01, 1.6371e+00, 
 2DIAGNOSTIC,    10, -3.315603282694e-01, 4.052043751522e-04, 3.9480e+01, 2.0600e+00, 
 2DIAGNOSTIC,    11, -3.315604435604e-01, 2.759423106858e-04, 4.1142e+01, 1.6628e+00, 
 2DIAGNOSTIC,    12, -3.315602519909e-01, 1.587999029314e-04, 4.2732e+01, 1.5896e+00, 
 2DIAGNOSTIC,    13, -3.315601975747e-01, 8.134269419241e-05, 4.4102e+01, 1.3699e+00, 
 2DIAGNOSTIC,    14, -3.315599886809e-01, 3.618995119779e-05, 4.5963e+01, 1.8614e+00, 
 2DIAGNOSTIC,    15, -3.315600132434e-01, 1.063664397492e-05, 4.7611e+01, 1.6480e+00, 
 2DIAGNOSTIC,    16, -3.315598373392e-01, 1.965441277382e-06, 4.9115e+01, 1.5039e+00, 
 2DIAGNOSTIC,    17, -3.315597645870e-01, 1.793032796044e-06, 5.0758e+01, 1.6431e+00, 
 2DIAGNOSTIC,    18, -3.315596836283e-01, 1.664630254340e-06, 5.2319e+01, 1.5608e+00, 
 2DIAGNOSTIC,    19, -3.315596024927e-01, 1.590225546820e-06, 5.3799e+01, 1.4797e+00, 
 2DIAGNOSTIC,    20, -3.315595001243e-01, 1.505945006655e-06, 5.5408e+01, 1.6091e+00, 
 2DIAGNOSTIC,    21, -3.315594546033e-01, 1.440775508933e-06, 5.6793e+01, 1.3856e+00, 
 2DIAGNOSTIC,    22, -3.315594265411e-01, 1.380018184560e-06, 5.8328e+01, 1.5341e+00, 
 2DIAGNOSTIC,    23, -3.315594065707e-01, 1.328199658937e-06, 5.9774e+01, 1.4467e+00, 
 2DIAGNOSTIC,    24, -3.315594919402e-01, 1.281444470244e-06, 6.1429e+01, 1.6545e+00, 
 2DIAGNOSTIC,    25, -3.315596481038e-01, 1.248924053142e-06, 6.3022e+01, 1.5934e+00, 
 2DIAGNOSTIC,    26, -3.315598627156e-01, 1.222390588362e-06, 6.4683e+01, 1.6613e+00, 
 2DIAGNOSTIC,    27, -3.315599625098e-01, 1.198787327870e-06, 6.6168e+01, 1.4847e+00, 
 2DIAGNOSTIC,    28, -3.315602364192e-01, 1.180995376604e-06, 6.7798e+01, 1.6295e+00, 
 2DIAGNOSTIC,    29, -3.315602465821e-01, 1.158067098536e-06, 6.9490e+01, 1.6920e+00, 
 2DIAGNOSTIC,    30, -3.315601856824e-01, 1.126326181947e-06, 7.1124e+01, 1.6343e+00, 
 2DIAGNOSTIC,    31, -3.315601034454e-01, 1.087017338808e-06, 7.2930e+01, 1.8055e+00, 
 2DIAGNOSTIC,    32, -3.315601167137e-01, 1.044123399976e-06, 7.4422e+01, 1.4924e+00, 
  Elapsed time (stage 0): 7.5342e+01


Total elapsed time: 7.5345e+01
Info [verificarlo]: loaded backend libinterflop_ieee.so
Info [interflop-ieee]: load backend with:
Info [interflop-ieee]: debug = false
Info [interflop-ieee]: debug-binary = false
Info [interflop-ieee]: no-backend-name = false
Info [interflop-ieee]: print-new-line = false
Info [interflop-ieee]: print-subnormal-normalized = false
Info [interflop-ieee]: count-op = false
All_Command_lines_OK
Using double precision for computations.
=============================================================================
The composite transform comprises the following transforms (in order): 
  1. /home/mdugre/scratch/mri-registration-rp/datasets/ds004513/derivatives/mri-registration-rp/0001/antsRegistration-r8-p20/sub-s020/rigid_Composite.h5[0] (type = Euler3DTransform)
  2. /home/mdugre/scratch/mri-registration-rp/datasets/ds004513/derivatives/mri-registration-rp/0001/antsRegistration-r8-p20/sub-s020/rigid_Composite.h5[1] (type = Euler3DTransform)
  3. /home/mdugre/scratch/mri-registration-rp/datasets/ds004513/derivatives/mri-registration-rp/0001/antsRegistration-r8-p20/sub-s020/rigid_Composite.h5[2] (type = Euler3DTransform)
=============================================================================
  number of levels = 4
  fixed image: /templateflow/tpl-MNI152NLin2009cAsym/tpl-MNI152NLin2009cAsym_res-01_desc-brain_T1w.nii.gz
  moving image: /home/mdugre/scratch/mri-registration-rp/datasets/ds004513/derivatives/mri-registration-rp/antsBrainExtraction/sub-s020/BrainExtractionBrain.nii.gz
Dimension = 3
Number of stages = 1
Use histogram matching = false
Winsorize image intensities = true
  Lower quantile = 0.005
  Upper quantile = 0.995


Stage 1 State
   Image metric = MattesMI
     Fixed image = Image (0x3bd37e0)
  RTTI typeinfo:   itk::Image<double, 3u>
  Reference Count: 2
  Modified Time: 1594
  Debug: Off
  Object Name: 
  Observers: 
    none
  Source: (none)
  Source output name: (none)
  Release Data: Off
  Data Released: False
  Global Release Data: Off
  PipelineMTime: 0
  UpdateMTime: 1203
  RealTimeStamp: 0 seconds 
  LargestPossibleRegion: 
    Dimension: 3
    Index: [0, 0, 0]
    Size: [193, 229, 193]
  BufferedRegion: 
    Dimension: 3
    Index: [0, 0, 0]
    Size: [193, 229, 193]
  RequestedRegion: 
    Dimension: 3
    Index: [0, 0, 0]
    Size: [193, 229, 193]
  Spacing: [1, 1, 1]
  Origin: [96, 132, -78]
  Direction: 
-1 0 0
0 -1 0
0 0 1

  IndexToPointMatrix: 
-1 0 0
0 -1 0
0 0 1

  PointToIndexMatrix: 
-1 0 0
0 -1 0
0 0 1

  Inverse Direction: 
-1 0 0
0 -1 0
0 0 1

  PixelContainer: 
    ImportImageContainer (0x3c93a20)
      RTTI typeinfo:   itk::ImportImageContainer<unsigned long, double>
      Reference Count: 1
      Modified Time: 1200
      Debug: Off
      Object Name: 
      Observers: 
        none
      Pointer: 0x14b78c266010
      Container manages memory: true
      Size: 8530021
      Capacity: 8530021

     Moving image = Image (0x3c8ed70)
  RTTI typeinfo:   itk::Image<double, 3u>
  Reference Count: 2
  Modified Time: 1595
  Debug: Off
  Object Name: 
  Observers: 
    none
  Source: (none)
  Source output name: (none)
  Release Data: Off
  Data Released: False
  Global Release Data: Off
  PipelineMTime: 0
  UpdateMTime: 1592
  RealTimeStamp: 0 seconds 
  LargestPossibleRegion: 
    Dimension: 3
    Index: [0, 0, 0]
    Size: [160, 240, 256]
  BufferedRegion: 
    Dimension: 3
    Index: [0, 0, 0]
    Size: [160, 240, 256]
  RequestedRegion: 
    Dimension: 3
    Index: [0, 0, 0]
    Size: [160, 240, 256]
  Spacing: [0.999995, 1, 1]
  Origin: [87.0906, 98.7205, -152.377]
  Direction: 
-0.996975 0.0261379 -0.0731913
-0.0260677 -0.999658 -0.00191374
-0.0732163 -2.46403e-08 0.997316

  IndexToPointMatrix: 
-0.996971 0.0261379 -0.0731913
-0.0260676 -0.999658 -0.00191374
-0.0732159 -2.46403e-08 0.997316

  PointToIndexMatrix: 
-0.99698 -0.0260679 -0.0732166
0.0261379 -0.999658 -2.46993e-08
-0.0731913 -0.00191374 0.997316

  Inverse Direction: 
-0.996975 -0.0260677 -0.0732163
0.0261379 -0.999658 -2.46993e-08
-0.0731913 -0.00191374 0.997316

  PixelContainer: 
    ImportImageContainer (0x3c46c90)
      RTTI typeinfo:   itk::ImportImageContainer<unsigned long, double>
      Reference Count: 1
      Modified Time: 1589
      Debug: Off
      Object Name: 
      Observers: 
        none
      Pointer: 0x14b787765010
      Container manages memory: true
      Size: 9830400
      Capacity: 9830400

     Weighting = 1
     Sampling strategy = regular
     Number of bins = 32
     Radius = 4
     Sampling percentage  = 0.25
   Transform = Affine
     Gradient step = 0.1
     Update field sigma (voxel space) = 0
     Total field sigma (voxel space) = 0
     Update field time sigma = 0
     Total field time sigma  = 0
     Number of time indices = 0
     Number of time point samples = 0
Registration using 1 total stages.

Stage 0
  iterations = 1000x500x250x100
  convergence threshold = 1e-06
  convergence window size = 10
  number of levels = 4
  using the Mattes MI metric (number of bins = 32, weight = 1, use gradient filter = 0)
  preprocessing:  winsorizing the image intensities
  Shrink factors (level 1 out of 4): [8, 8, 8]
  Shrink factors (level 2 out of 4): [4, 4, 4]
  Shrink factors (level 3 out of 4): [2, 2, 2]
  Shrink factors (level 4 out of 4): [1, 1, 1]
  smoothing sigmas per level: [3, 2, 1, 0]
  regular sampling (percentage = 0.25)

*** Running AffineTransform registration ***

DIAGNOSTIC,Iteration,metricValue,convergenceValue,ITERATION_TIME_INDEX,SINCE_LAST
 2DIAGNOSTIC,     1, -5.010759530247e-01, 1.797693134862e+308, 7.0076e-01, 7.0076e-01, 
 2DIAGNOSTIC,     2, -5.026982234493e-01, 1.797693134862e+308, 7.0747e-01, 6.7022e-03, 
 2DIAGNOSTIC,     3, -5.056005450312e-01, 1.797693134862e+308, 7.1354e-01, 6.0771e-03, 
 2DIAGNOSTIC,     4, -5.104757274577e-01, 1.797693134862e+308, 7.1932e-01, 5.7719e-03, 
 2DIAGNOSTIC,     5, -5.219041695488e-01, 1.797693134862e+308, 7.2543e-01, 6.1171e-03, 
 2DIAGNOSTIC,     6, -5.385566571815e-01, 1.797693134862e+308, 7.3091e-01, 5.4810e-03, 
 2DIAGNOSTIC,     7, -5.666691224430e-01, 1.797693134862e+308, 7.3635e-01, 5.4369e-03, 
 2DIAGNOSTIC,     8, -6.584792436037e-01, 1.797693134862e+308, 7.4371e-01, 7.3628e-03, 
 2DIAGNOSTIC,     9, -6.934312127287e-01, 1.797693134862e+308, 7.4906e-01, 5.3511e-03, 
 2DIAGNOSTIC,    10, -7.329292208774e-01, 2.652128870611e-02, 7.5701e-01, 7.9460e-03, 
 2DIAGNOSTIC,    11, -7.586942945747e-01, 2.852882532707e-02, 7.6395e-01, 6.9418e-03, 
 2DIAGNOSTIC,    12, -7.669120427589e-01, 2.795588327991e-02, 7.6983e-01, 5.8789e-03, 
 2DIAGNOSTIC,    13, -7.826560824303e-01, 2.560152440702e-02, 7.7577e-01, 5.9419e-03, 
 2DIAGNOSTIC,    14, -8.047488102022e-01, 2.217422973264e-02, 7.8371e-01, 7.9350e-03, 
 2DIAGNOSTIC,    15, -8.368534919889e-01, 1.855575871844e-02, 7.9375e-01, 1.0044e-02, 
 2DIAGNOSTIC,    16, -8.436435913203e-01, 1.446299614955e-02, 7.9995e-01, 6.2032e-03, 
 2DIAGNOSTIC,    17, -8.463629942632e-01, 1.040367760891e-02, 8.0967e-01, 9.7120e-03, 
 2DIAGNOSTIC,    18, -8.467685134333e-01, 8.105594386976e-03, 8.1521e-01, 5.5459e-03, 
 2DIAGNOSTIC,    19, -8.475398630870e-01, 6.116737770880e-03, 8.2124e-01, 6.0260e-03, 
 2DIAGNOSTIC,    20, -8.480122369314e-01, 4.604272714538e-03, 8.2758e-01, 6.3462e-03, 
 2DIAGNOSTIC,    21, -8.481606926123e-01, 3.341508060169e-03, 8.3435e-01, 6.7639e-03, 
 2DIAGNOSTIC,    22, -8.481187490226e-01, 2.060990633502e-03, 8.4120e-01, 6.8500e-03, 
 2DIAGNOSTIC,    23, -8.482364424769e-01, 9.927935604468e-04, 8.4785e-01, 6.6519e-03, 
 2DIAGNOSTIC,    24, -8.483866884348e-01, 2.890370943121e-04, 8.5405e-01, 6.1979e-03, 
