
##########################
# Experiment information #
##########################

EXPERIMENT_NAME: antsRegistration-r8-p12
VFC_BACKENDS: libinterflop_vprec.so --range-binary32=8 --precision-binary32=12 --range-binary64=8 --precision-binary64=12

SIF_IMG: /home/mdugre/projects/rrg-glatard/mdugre/containers/ants-vprec-no_metrics.simg

SUBJECT_ID: s025
INPUT_IMG: /home/mdugre/scratch/mri-registration-rp/datasets/ds004513/derivatives/mri-registration-rp/antsBrainExtraction/sub-s025/BrainExtractionBrain.nii.gz
OUTPUT_DIR: /home/mdugre/scratch/mri-registration-rp/datasets/ds004513/derivatives/mri-registration-rp/0001/antsRegistration-r8-p12/sub-s025

FIXED_IMG: /templateflow/tpl-MNI152NLin2009cAsym/tpl-MNI152NLin2009cAsym_res-01_desc-brain_T1w.nii.gz
DATA_DIR: /home/mdugre/scratch/mri-registration-rp/datasets/ds004513
TEMPLATEFLOW_DIR: /home/mdugre/projects/rrg-glatard/mdugre/templateflow
ITK_GLOBAL_DEFAULT_NUMBER_OF_THREADS: 16
##########################

Info [verificarlo]: loaded backend libinterflop_ieee.so
Info [interflop-ieee]: load backend with:
Info [interflop-ieee]: debug = false
Info [interflop-ieee]: debug-binary = false
Info [interflop-ieee]: no-backend-name = false
Info [interflop-ieee]: print-new-line = false
Info [interflop-ieee]: print-subnormal-normalized = false
Info [interflop-ieee]: count-op = false
All_Command_lines_OK
Using double precision for computations.
=============================================================================
The composite transform comprises the following transforms (in order): 
  1. Center of mass alignment using fixed image: /templateflow/tpl-MNI152NLin2009cAsym/tpl-MNI152NLin2009cAsym_res-01_desc-brain_T1w.nii.gz and moving image: /home/mdugre/scratch/mri-registration-rp/datasets/ds004513/derivatives/mri-registration-rp/antsBrainExtraction/sub-s025/BrainExtractionBrain.nii.gz (type = Euler3DTransform)
=============================================================================
  number of levels = 1
  fixed image: /templateflow/tpl-MNI152NLin2009cAsym/tpl-MNI152NLin2009cAsym_res-01_desc-brain_T1w.nii.gz
  moving image: /home/mdugre/scratch/mri-registration-rp/datasets/ds004513/derivatives/mri-registration-rp/antsBrainExtraction/sub-s025/BrainExtractionBrain.nii.gz
Dimension = 3
Number of stages = 1
Use histogram matching = false
Winsorize image intensities = true
  Lower quantile = 0.005
  Upper quantile = 0.995


Stage 1 State
   Image metric = MattesMI
     Fixed image = Image (0x4b10e70)
  RTTI typeinfo:   itk::Image<double, 3u>
  Reference Count: 2
  Modified Time: 2334
  Debug: Off
  Object Name: 
  Observers: 
    none
  Source: (none)
  Source output name: (none)
  Release Data: Off
  Data Released: False
  Global Release Data: Off
  PipelineMTime: 0
  UpdateMTime: 1943
  RealTimeStamp: 0 seconds 
  LargestPossibleRegion: 
    Dimension: 3
    Index: [0, 0, 0]
    Size: [193, 229, 193]
  BufferedRegion: 
    Dimension: 3
    Index: [0, 0, 0]
    Size: [193, 229, 193]
  RequestedRegion: 
    Dimension: 3
    Index: [0, 0, 0]
    Size: [193, 229, 193]
  Spacing: [1, 1, 1]
  Origin: [96, 132, -78]
  Direction: 
-1 0 0
0 -1 0
0 0 1

  IndexToPointMatrix: 
-1 0 0
0 -1 0
0 0 1

  PointToIndexMatrix: 
-1 0 0
0 -1 0
0 0 1

  Inverse Direction: 
-1 0 0
0 -1 0
0 0 1

  PixelContainer: 
    ImportImageContainer (0x4b19c60)
      RTTI typeinfo:   itk::ImportImageContainer<unsigned long, double>
      Reference Count: 1
      Modified Time: 1940
      Debug: Off
      Object Name: 
      Observers: 
        none
      Pointer: 0x154afca72010
      Container manages memory: true
      Size: 8530021
      Capacity: 8530021

     Moving image = Image (0x4b1c610)
  RTTI typeinfo:   itk::Image<double, 3u>
  Reference Count: 2
  Modified Time: 2335
  Debug: Off
  Object Name: 
  Observers: 
    none
  Source: (none)
  Source output name: (none)
  Release Data: Off
  Data Released: False
  Global Release Data: Off
  PipelineMTime: 0
  UpdateMTime: 2332
  RealTimeStamp: 0 seconds 
  LargestPossibleRegion: 
    Dimension: 3
    Index: [0, 0, 0]
    Size: [176, 240, 256]
  BufferedRegion: 
    Dimension: 3
    Index: [0, 0, 0]
    Size: [176, 240, 256]
  RequestedRegion: 
    Dimension: 3
    Index: [0, 0, 0]
    Size: [176, 240, 256]
  Spacing: [0.999999, 1, 1]
  Origin: [90.3778, 84.5091, -154.071]
  Direction: 
-0.999391 7.48184e-06 -0.0348969
-7.47664e-06 -1 -2.7953e-07
-0.0348969 -1.84481e-08 0.999391

  IndexToPointMatrix: 
-0.99939 7.48184e-06 -0.0348969
-7.47663e-06 -1 -2.7953e-07
-0.0348968 -1.84481e-08 0.999391

  PointToIndexMatrix: 
-0.999392 -7.47665e-06 -0.0348969
7.48184e-06 -1 -1.84481e-08
-0.0348969 -2.7953e-07 0.999391

  Inverse Direction: 
-0.999391 -7.47664e-06 -0.0348969
7.48184e-06 -1 -1.84481e-08
-0.0348969 -2.7953e-07 0.999391

  PixelContainer: 
    ImportImageContainer (0x4bb5ef0)
      RTTI typeinfo:   itk::ImportImageContainer<unsigned long, double>
      Reference Count: 1
      Modified Time: 2329
      Debug: Off
      Object Name: 
      Observers: 
        none
      Pointer: 0x154af77f1010
      Container manages memory: true
      Size: 10813440
      Capacity: 10813440

     Weighting = 1
     Sampling strategy = regular
     Number of bins = 32
     Radius = 4
     Sampling percentage  = 0.25
   Transform = Rigid
     Gradient step = 0.1
     Update field sigma (voxel space) = 0
     Total field sigma (voxel space) = 0
     Update field time sigma = 0
     Total field time sigma  = 0
     Number of time indices = 0
     Number of time point samples = 0
Registration using 1 total stages.

Stage 0
  iterations = 0
  convergence threshold = 1e-06
  convergence window size = 10
  number of levels = 1
  using the Mattes MI metric (number of bins = 32, weight = 1, use gradient filter = 0)
  preprocessing:  winsorizing the image intensities
  Shrink factors (level 1 out of 1): [1, 1, 1]
  smoothing sigmas per level: [0]
  regular sampling (percentage = 0.25)

*** Running Euler3DTransform registration ***

  Elapsed time (stage 0): 1.14781


Total elapsed time: 1.15499
Info [verificarlo]: loaded backend libinterflop_ieee.so
Info [interflop-ieee]: load backend with:
Info [interflop-ieee]: debug = false
Info [interflop-ieee]: debug-binary = false
Info [interflop-ieee]: no-backend-name = false
Info [interflop-ieee]: print-new-line = false
Info [interflop-ieee]: print-subnormal-normalized = false
Info [interflop-ieee]: count-op = false
All_Command_lines_OK
Using double precision for computations.
=============================================================================
The composite transform comprises the following transforms (in order): 
  1. /home/mdugre/scratch/mri-registration-rp/datasets/ds004513/derivatives/mri-registration-rp/0001/antsRegistration-r8-p12/sub-s025/align_Composite.h5[0] (type = Euler3DTransform)
  2. /home/mdugre/scratch/mri-registration-rp/datasets/ds004513/derivatives/mri-registration-rp/0001/antsRegistration-r8-p12/sub-s025/align_Composite.h5[1] (type = Euler3DTransform)
=============================================================================
  number of levels = 4
  fixed image: /templateflow/tpl-MNI152NLin2009cAsym/tpl-MNI152NLin2009cAsym_res-01_desc-brain_T1w.nii.gz
  moving image: /home/mdugre/scratch/mri-registration-rp/datasets/ds004513/derivatives/mri-registration-rp/antsBrainExtraction/sub-s025/BrainExtractionBrain.nii.gz
Dimension = 3
Number of stages = 1
Use histogram matching = false
Winsorize image intensities = true
  Lower quantile = 0.005
  Upper quantile = 0.995


Stage 1 State
   Image metric = MattesMI
     Fixed image = Image (0x47aa530)
  RTTI typeinfo:   itk::Image<double, 3u>
  Reference Count: 2
  Modified Time: 1580
  Debug: Off
  Object Name: 
  Observers: 
    none
  Source: (none)
  Source output name: (none)
  Release Data: Off
  Data Released: False
  Global Release Data: Off
  PipelineMTime: 0
  UpdateMTime: 1189
  RealTimeStamp: 0 seconds 
  LargestPossibleRegion: 
    Dimension: 3
    Index: [0, 0, 0]
    Size: [193, 229, 193]
  BufferedRegion: 
    Dimension: 3
    Index: [0, 0, 0]
    Size: [193, 229, 193]
  RequestedRegion: 
    Dimension: 3
    Index: [0, 0, 0]
    Size: [193, 229, 193]
  Spacing: [1, 1, 1]
  Origin: [96, 132, -78]
  Direction: 
-1 0 0
0 -1 0
0 0 1

  IndexToPointMatrix: 
-1 0 0
0 -1 0
0 0 1

  PointToIndexMatrix: 
-1 0 0
0 -1 0
0 0 1

  Inverse Direction: 
-1 0 0
0 -1 0
0 0 1

  PixelContainer: 
    ImportImageContainer (0x4868d60)
      RTTI typeinfo:   itk::ImportImageContainer<unsigned long, double>
      Reference Count: 1
      Modified Time: 1186
      Debug: Off
      Object Name: 
      Observers: 
        none
      Pointer: 0x145691fd2010
      Container manages memory: true
      Size: 8530021
      Capacity: 8530021

     Moving image = Image (0x485af60)
  RTTI typeinfo:   itk::Image<double, 3u>
  Reference Count: 2
  Modified Time: 1581
  Debug: Off
  Object Name: 
  Observers: 
    none
  Source: (none)
  Source output name: (none)
  Release Data: Off
  Data Released: False
  Global Release Data: Off
  PipelineMTime: 0
  UpdateMTime: 1578
  RealTimeStamp: 0 seconds 
  LargestPossibleRegion: 
    Dimension: 3
    Index: [0, 0, 0]
    Size: [176, 240, 256]
  BufferedRegion: 
    Dimension: 3
    Index: [0, 0, 0]
    Size: [176, 240, 256]
  RequestedRegion: 
    Dimension: 3
    Index: [0, 0, 0]
    Size: [176, 240, 256]
  Spacing: [0.999999, 1, 1]
  Origin: [90.3778, 84.5091, -154.071]
  Direction: 
-0.999391 7.48184e-06 -0.0348969
-7.47664e-06 -1 -2.7953e-07
-0.0348969 -1.84481e-08 0.999391

  IndexToPointMatrix: 
-0.99939 7.48184e-06 -0.0348969
-7.47663e-06 -1 -2.7953e-07
-0.0348968 -1.84481e-08 0.999391

  PointToIndexMatrix: 
-0.999392 -7.47665e-06 -0.0348969
7.48184e-06 -1 -1.84481e-08
-0.0348969 -2.7953e-07 0.999391

  Inverse Direction: 
-0.999391 -7.47664e-06 -0.0348969
7.48184e-06 -1 -1.84481e-08
-0.0348969 -2.7953e-07 0.999391

  PixelContainer: 
    ImportImageContainer (0x484c6d0)
      RTTI typeinfo:   itk::ImportImageContainer<unsigned long, double>
      Reference Count: 1
      Modified Time: 1575
      Debug: Off
      Object Name: 
      Observers: 
        none
      Pointer: 0x14568cd51010
      Container manages memory: true
      Size: 10813440
      Capacity: 10813440

     Weighting = 1
     Sampling strategy = regular
     Number of bins = 32
     Radius = 4
     Sampling percentage  = 0.25
   Transform = Rigid
     Gradient step = 0.1
     Update field sigma (voxel space) = 0
     Total field sigma (voxel space) = 0
     Update field time sigma = 0
     Total field time sigma  = 0
     Number of time indices = 0
     Number of time point samples = 0
Registration using 1 total stages.

Stage 0
  iterations = 1000x500x250x100
  convergence threshold = 1e-06
  convergence window size = 10
  number of levels = 4
  using the Mattes MI metric (number of bins = 32, weight = 1, use gradient filter = 0)
  preprocessing:  winsorizing the image intensities
  Shrink factors (level 1 out of 4): [8, 8, 8]
  Shrink factors (level 2 out of 4): [4, 4, 4]
  Shrink factors (level 3 out of 4): [2, 2, 2]
  Shrink factors (level 4 out of 4): [1, 1, 1]
  smoothing sigmas per level: [3, 2, 1, 0]
  regular sampling (percentage = 0.25)

*** Running Euler3DTransform registration ***

DIAGNOSTIC,Iteration,metricValue,convergenceValue,ITERATION_TIME_INDEX,SINCE_LAST
 2DIAGNOSTIC,     1, -5.323241903179e-01, 1.797693134862e+308, 7.1846e-01, 7.1846e-01, 
 2DIAGNOSTIC,     2, -5.346190553927e-01, 1.797693134862e+308, 7.2289e-01, 4.4360e-03, 
 2DIAGNOSTIC,     3, -5.378036555361e-01, 1.797693134862e+308, 7.2718e-01, 4.2880e-03, 
 2DIAGNOSTIC,     4, -5.422949451405e-01, 1.797693134862e+308, 7.3153e-01, 4.3499e-03, 
 2DIAGNOSTIC,     5, -5.486805952477e-01, 1.797693134862e+308, 7.3579e-01, 4.2591e-03, 
 2DIAGNOSTIC,     6, -5.542790085272e-01, 1.797693134862e+308, 7.3997e-01, 4.1790e-03, 
 2DIAGNOSTIC,     7, -5.627123115611e-01, 1.797693134862e+308, 7.4419e-01, 4.2262e-03, 
 2DIAGNOSTIC,     8, -5.766609943856e-01, 1.797693134862e+308, 7.4850e-01, 4.3039e-03, 
 2DIAGNOSTIC,     9, -5.881111419397e-01, 1.797693134862e+308, 7.5281e-01, 4.3080e-03, 
 2DIAGNOSTIC,    10, -6.012927005665e-01, 7.820055967720e-03, 7.5854e-01, 5.7299e-03, 
 2DIAGNOSTIC,    11, -6.192402913591e-01, 8.564422673940e-03, 7.6629e-01, 7.7500e-03, 
 2DIAGNOSTIC,    12, -6.197111897445e-01, 8.513711436518e-03, 7.7057e-01, 4.2789e-03, 
 2DIAGNOSTIC,    13, -6.223136777510e-01, 7.932305190658e-03, 7.7483e-01, 4.2620e-03, 
 2DIAGNOSTIC,    14, -6.239859078529e-01, 6.938967258809e-03, 7.7918e-01, 4.3480e-03, 
 2DIAGNOSTIC,    15, -6.258731029034e-01, 5.722268374531e-03, 7.8347e-01, 4.2911e-03, 
 2DIAGNOSTIC,    16, -6.290042957040e-01, 4.404898010703e-03, 7.8775e-01, 4.2880e-03, 
 2DIAGNOSTIC,    17, -6.327399548158e-01, 3.192249457960e-03, 7.9344e-01, 5.6880e-03, 
 2DIAGNOSTIC,    18, -6.361770329220e-01, 2.298162514617e-03, 7.9936e-01, 5.9190e-03, 
 2DIAGNOSTIC,    19, -6.381920795314e-01, 1.629119692248e-03, 8.0462e-01, 5.2581e-03, 
 2DIAGNOSTIC,    20, -6.414786468518e-01, 1.264281191515e-03, 8.0914e-01, 4.5190e-03, 
 2DIAGNOSTIC,    21, -6.422621311443e-01, 1.244231354514e-03, 8.1357e-01, 4.4279e-03, 
 2DIAGNOSTIC,    22, -6.443386369633e-01, 1.164065699146e-03, 8.1804e-01, 4.4699e-03, 
 2DIAGNOSTIC,    23, -6.458367310986e-01, 1.066297095363e-03, 8.2268e-01, 4.6439e-03, 
 2DIAGNOSTIC,    24, -6.528535014151e-01, 1.047817939310e-03, 8.2825e-01, 5.5709e-03, 
 2DIAGNOSTIC,    25, -6.591704562816e-01, 1.083081256787e-03, 8.3464e-01, 6.3910e-03, 
 2DIAGNOSTIC,    26, -6.605963655780e-01, 1.093549161611e-03, 8.3957e-01, 4.9310e-03, 
 2DIAGNOSTIC,    27, -6.608439809507e-01, 1.070984908115e-03, 8.4456e-01, 4.9880e-03, 
 2DIAGNOSTIC,    28, -6.615671824609e-01, 1.019502614686e-03, 8.4929e-01, 4.7331e-03, 
 2DIAGNOSTIC,    29, -6.628794533884e-01, 9.260606121884e-04, 8.5426e-01, 4.9710e-03, 
 2DIAGNOSTIC,    30, -6.728295394101e-01, 9.537375311962e-04, 8.6082e-01, 6.5551e-03, 
 2DIAGNOSTIC,    31, -6.735478780047e-01, 9.084153891429e-04, 8.6559e-01, 4.7741e-03, 
 2DIAGNOSTIC,    32, -6.743492324781e-01, 8.254133368109e-04, 8.7031e-01, 4.7121e-03, 
 2DIAGNOSTIC,    33, -6.778518547818e-01, 7.396606116500e-04, 8.7520e-01, 4.8962e-03, 
 2DIAGNOSTIC,    34, -6.872952560075e-01, 8.064176146326e-04, 8.8487e-01, 9.6650e-03, 
 2DIAGNOSTIC,    35, -6.877317069267e-01, 8.751538584748e-04, 8.8963e-01, 4.7641e-03, 
 2DIAGNOSTIC,    36, -6.893208761227e-01, 8.964114535953e-04, 8.9433e-01, 4.6971e-03, 
 2DIAGNOSTIC,    37, -6.927367967805e-01, 8.791086691147e-04, 8.9902e-01, 4.6961e-03, 
 2DIAGNOSTIC,    38, -7.010181133335e-01, 8.852476514765e-04, 9.0388e-01, 4.8580e-03, 
 2DIAGNOSTIC,    39, -7.064009108919e-01, 8.770927327617e-04, 9.0866e-01, 4.7801e-03, 
 2DIAGNOSTIC,    40, -7.084334004985e-01, 9.204527769441e-04, 9.1342e-01, 4.7591e-03, 
 2DIAGNOSTIC,    41, -7.160865188542e-01, 9.680287295573e-04, 9.1893e-01, 5.5060e-03, 
 2DIAGNOSTIC,    42, -7.193176894440e-01, 9.617739868913e-04, 9.2537e-01, 6.4402e-03, 
 2DIAGNOSTIC,    43, -7.221944900823e-01, 9.262595448164e-04, 9.2990e-01, 4.5350e-03, 
 2DIAGNOSTIC,    44, -7.284752627283e-01, 9.627086148971e-04, 9.3459e-01, 4.6861e-03, 
 2DIAGNOSTIC,    45, -7.388530913066e-01, 1.010984000152e-03, 9.3938e-01, 4.7870e-03, 
 2DIAGNOSTIC,    46, -7.434071420082e-01, 1.016912697643e-03, 9.4403e-01, 4.6580e-03, 
 2DIAGNOSTIC,    47, -7.508784583030e-01, 1.025705765617e-03, 9.5179e-01, 7.7550e-03, 
 2DIAGNOSTIC,    48, -7.533831113809e-01, 1.033685246967e-03, 9.5643e-01, 4.6430e-03, 
 2DIAGNOSTIC,    49, -7.541648508573e-01, 9.976460280924e-04, 9.6103e-01, 4.5989e-03, 
 2DIAGNOSTIC,    50, -7.570923918662e-01, 9.091089986670e-04, 9.6586e-01, 4.8292e-03, 
 2DIAGNOSTIC,    51, -7.588237654218e-01, 8.162497415529e-04, 9.7321e-01, 7.3481e-03, 
 2DIAGNOSTIC,    52, -7.587841661672e-01, 6.760741142382e-04, 9.7828e-01, 5.0678e-03, 
 2DIAGNOSTIC,    53, -7.586279557266e-01, 4.995777217210e-04, 9.8275e-01, 4.4739e-03, 
 2DIAGNOSTIC,    54, -7.588578709776e-01, 3.335970096796e-04, 9.8777e-01, 5.0242e-03, 
 2DIAGNOSTIC,    55, -7.591293886352e-01, 2.250064680557e-04, 9.9279e-01, 5.0180e-03, 
 2DIAGNOSTIC,    56, -7.592189500672e-01, 1.330867492077e-04, 9.9836e-01, 5.5728e-03, 
 2DIAGNOSTIC,    57, -7.591750832608e-01, 8.754001251062e-05, 1.0033e+00, 4.9760e-03, 
 2DIAGNOSTIC,    58, -7.591608316168e-01, 5.405629270069e-05, 1.0197e+00, 1.6359e-02, 
 2DIAGNOSTIC,    59, -7.592070156045e-01, 2.220287313866e-05, 1.0246e+00, 4.9331e-03, 
 2DIAGNOSTIC,    60, -7.595931519620e-01, 1.241649556154e-05, 1.0294e+00, 4.7660e-03, 
 2DIAGNOSTIC,    61, -7.601639249463e-01, 1.772122614661e-05, 1.0350e+00, 5.6391e-03, 
 2DIAGNOSTIC,    62, -7.617101104047e-01, 3.143222968655e-05, 1.0420e+00, 6.9761e-03, 
 2DIAGNOSTIC,    63, -7.627485964550e-01, 4.735720174518e-05, 1.0503e+00, 8.3270e-03, 
 2DIAGNOSTIC,    64, -7.629949875706e-01, 6.127336254952e-05, 1.0562e+00, 5.8100e-03, 
 2DIAGNOSTIC,    65, -7.630770454955e-01, 7.126904220802e-05, 1.0613e+00, 5.1620e-03, 
 2DIAGNOSTIC,    66, -7.629239317343e-01, 7.373855446173e-05, 1.0662e+00, 4.8730e-03, 
 2DIAGNOSTIC,    67, -7.629397519190e-01, 6.881420667319e-05, 1.0714e+00, 5.2578e-03, 
 2DIAGNOSTIC,    68, -7.627955271680e-01, 5.643510410383e-05, 1.0771e+00, 5.6720e-03, 
 2DIAGNOSTIC,    69, -7.627203104266e-01, 3.898816973004e-05, 1.0826e+00, 5.4610e-03, 
 2DIAGNOSTIC,    70, -7.627540469855e-01, 2.099050438867e-05, 1.0872e+00, 4.5791e-03, 
 2DIAGNOSTIC,    71, -7.625554147425e-01, 3.582656327016e-06, 1.0924e+00, 5.1990e-03, 
DIAGNOSTIC,Iteration,metricValue,convergenceValue,ITERATION_TIME_INDEX,SINCE_LAST
 2DIAGNOSTIC,     1, -6.061142934802e-01, 1.797693134862e+308, 1.8910e+00, 7.9867e-01, 
 2DIAGNOSTIC,     2, -6.069323747946e-01, 1.797693134862e+308, 1.9204e+00, 2.9354e-02, 
 2DIAGNOSTIC,     3, -6.077465787177e-01, 1.797693134862e+308, 1.9485e+00, 2.8127e-02, 
 2DIAGNOSTIC,     4, -6.086285809701e-01, 1.797693134862e+308, 1.9758e+00, 2.7276e-02, 
 2DIAGNOSTIC,     5, -6.097387691669e-01, 1.797693134862e+308, 2.0037e+00, 2.7934e-02, 
 2DIAGNOSTIC,     6, -6.108846269659e-01, 1.797693134862e+308, 2.0323e+00, 2.8534e-02, 
 2DIAGNOSTIC,     7, -6.123855533756e-01, 1.797693134862e+308, 2.0616e+00, 2.9396e-02, 
 2DIAGNOSTIC,     8, -6.166494274954e-01, 1.797693134862e+308, 2.0942e+00, 3.2583e-02, 
 2DIAGNOSTIC,     9, -6.179252129389e-01, 1.797693134862e+308, 2.1344e+00, 4.0140e-02, 
 2DIAGNOSTIC,    10, -6.184694887692e-01, 1.404506442129e-03, 2.1634e+00, 2.8996e-02, 
 2DIAGNOSTIC,    11, -6.188212248887e-01, 1.322083291646e-03, 2.1937e+00, 3.0330e-02, 
 2DIAGNOSTIC,    12, -6.192415604586e-01, 1.182267559656e-03, 2.2337e+00, 3.9978e-02, 
 2DIAGNOSTIC,    13, -6.193893893206e-01, 9.893705866667e-04, 2.2624e+00, 2.8742e-02, 
 2DIAGNOSTIC,    14, -6.195498387104e-01, 7.682968539219e-04, 2.2913e+00, 2.8873e-02, 
 2DIAGNOSTIC,    15, -6.197992061923e-01, 5.503445498478e-04, 2.3236e+00, 3.2343e-02, 
 2DIAGNOSTIC,    16, -6.201248157793e-01, 3.526376872743e-04, 2.3643e+00, 4.0703e-02, 
 2DIAGNOSTIC,    17, -6.203751087345e-01, 1.907295411252e-04, 2.4053e+00, 4.0917e-02, 
 2DIAGNOSTIC,    18, -6.204052724645e-01, 1.390172912754e-04, 2.4384e+00, 3.3187e-02, 
 2DIAGNOSTIC,    19, -6.204007623199e-01, 1.109483783073e-04, 2.4709e+00, 3.2418e-02, 
 2DIAGNOSTIC,    20, -6.203987073317e-01, 8.797951706754e-05, 2.4992e+00, 2.8362e-02, 
 2DIAGNOSTIC,    21, -6.204006337915e-01, 6.662214112654e-05, 2.5402e+00, 4.0954e-02, 
 2DIAGNOSTIC,    22, -6.204161542590e-01, 5.019976989524e-05, 2.5818e+00, 4.1671e-02, 
 2DIAGNOSTIC,    23, -6.204077485271e-01, 3.348783665244e-05, 2.6155e+00, 3.3615e-02, 
 2DIAGNOSTIC,    24, -6.204009833429e-01, 1.814648234805e-05, 2.6511e+00, 3.5669e-02, 
 2DIAGNOSTIC,    25, -6.204066524017e-01, 7.063160960927e-06, 2.6822e+00, 3.1088e-02, 
 2DIAGNOSTIC,    26, -6.204156389372e-01, 2.093303143651e-06, 2.7157e+00, 3.3515e-02, 
 2DIAGNOSTIC,    27, -6.204394870576e-01, 2.064582648287e-06, 2.7475e+00, 3.1801e-02, 
 2DIAGNOSTIC,    28, -6.204701043811e-01, 2.950889369427e-06, 2.7792e+00, 3.1713e-02, 
 2DIAGNOSTIC,    29, -6.205473564187e-01, 4.760294713739e-06, 2.8146e+00, 3.5361e-02, 
 2DIAGNOSTIC,    30, -6.206539437022e-01, 7.682896058424e-06, 2.8444e+00, 2.9825e-02, 
 2DIAGNOSTIC,    31, -6.208028469093e-01, 1.199158801517e-05, 2.8727e+00, 2.8259e-02, 
 2DIAGNOSTIC,    32, -6.208502826799e-01, 1.586762800013e-05, 2.9049e+00, 3.2253e-02, 
 2DIAGNOSTIC,    33, -6.209717735450e-01, 1.969775003845e-05, 2.9351e+00, 3.0132e-02, 
 2DIAGNOSTIC,    34, -6.214835328186e-01, 2.832987858024e-05, 2.9790e+00, 4.3885e-02, 
 2DIAGNOSTIC,    35, -6.215570255923e-01, 3.471321860398e-05, 3.0293e+00, 5.0289e-02, 
 2DIAGNOSTIC,    36, -6.215618038487e-01, 3.775177508074e-05, 3.0639e+00, 3.4641e-02, 
 2DIAGNOSTIC,    37, -6.215567905326e-01, 3.746413383172e-05, 3.0989e+00, 3.4963e-02, 
 2DIAGNOSTIC,    38, -6.215396879051e-01, 3.385478555754e-05, 3.1316e+00, 3.2758e-02, 
 2DIAGNOSTIC,    39, -6.215364896887e-01, 2.804837594666e-05, 3.1677e+00, 3.6042e-02, 
 2DIAGNOSTIC,    40, -6.215476261002e-01, 2.123166375857e-05, 3.2063e+00, 3.8652e-02, 
 2DIAGNOSTIC,    41, -6.215445261969e-01, 1.451786324654e-05, 3.2370e+00, 3.0672e-02, 
 2DIAGNOSTIC,    42, -6.215545377558e-01, 7.488105354749e-06, 3.2763e+00, 3.9354e-02, 
 2DIAGNOSTIC,    43, -6.215670507541e-01, 1.431601868860e-06, 3.3237e+00, 4.7375e-02, 
 2DIAGNOSTIC,    44, -6.215842505552e-01, 1.084815127086e-06, 3.3628e+00, 3.9132e-02, 
 2DIAGNOSTIC,    45, -6.215984627240e-01, 1.606239175569e-06, 3.3965e+00, 3.3633e-02, 
 2DIAGNOSTIC,    46, -6.216479251538e-01, 2.559399134974e-06, 3.4322e+00, 3.5710e-02, 
 2DIAGNOSTIC,    47, -6.217177704934e-01, 3.921626515271e-06, 3.4730e+00, 4.0841e-02, 
 2DIAGNOSTIC,    48, -6.217325450671e-01, 4.881584417669e-06, 3.5108e+00, 3.7810e-02, 
 2DIAGNOSTIC,    49, -6.217328092912e-01, 5.376771051276e-06, 3.5438e+00, 3.2943e-02, 
 2DIAGNOSTIC,    50, -6.217218228381e-01, 5.411898542650e-06, 3.5810e+00, 3.7200e-02, 
 2DIAGNOSTIC,    51, -6.217226770036e-01, 4.963723657499e-06, 3.6198e+00, 3.8798e-02, 
 2DIAGNOSTIC,    52, -6.217115443813e-01, 4.093741028988e-06, 3.6593e+00, 3.9483e-02, 
 2DIAGNOSTIC,    53, -6.217115930889e-01, 3.032690656084e-06, 3.6952e+00, 3.5911e-02, 
 2DIAGNOSTIC,    54, -6.217007537776e-01, 1.841997841201e-06, 3.7281e+00, 3.2935e-02, 
DIAGNOSTIC,Iteration,metricValue,convergenceValue,ITERATION_TIME_INDEX,SINCE_LAST
 2DIAGNOSTIC,     1, -5.349098045697e-01, 1.797693134862e+308, 4.8924e+00, 1.1643e+00, 
 2DIAGNOSTIC,     2, -5.351990942560e-01, 1.797693134862e+308, 5.1362e+00, 2.4382e-01, 
 2DIAGNOSTIC,     3, -5.354137498717e-01, 1.797693134862e+308, 5.4152e+00, 2.7904e-01, 
 2DIAGNOSTIC,     4, -5.355811983806e-01, 1.797693134862e+308, 5.6932e+00, 2.7795e-01, 
 2DIAGNOSTIC,     5, -5.356360809588e-01, 1.797693134862e+308, 5.9618e+00, 2.6861e-01, 
 2DIAGNOSTIC,     6, -5.358348371452e-01, 1.797693134862e+308, 6.2696e+00, 3.0785e-01, 
 2DIAGNOSTIC,     7, -5.360442981824e-01, 1.797693134862e+308, 6.8819e+00, 6.1223e-01, 
 2DIAGNOSTIC,     8, -5.360452143098e-01, 1.797693134862e+308, 7.1487e+00, 2.6684e-01, 
 2DIAGNOSTIC,     9, -5.360432024367e-01, 1.797693134862e+308, 7.4289e+00, 2.8021e-01, 
 2DIAGNOSTIC,    10, -5.360429014774e-01, 1.391601392613e-04, 7.7230e+00, 2.9407e-01, 
 2DIAGNOSTIC,    11, -5.360412315767e-01, 9.654333640903e-05, 7.9539e+00, 2.3091e-01, 
 2DIAGNOSTIC,    12, -5.360409997325e-01, 6.508350791500e-05, 8.1885e+00, 2.3459e-01, 
 2DIAGNOSTIC,    13, -5.360387423547e-01, 4.142677517928e-05, 8.4824e+00, 2.9389e-01, 
 2DIAGNOSTIC,    14, -5.360388179322e-01, 2.412161891550e-05, 8.7475e+00, 2.6512e-01, 
 2DIAGNOSTIC,    15, -5.360387330798e-01, 8.955864798280e-06, 9.0146e+00, 2.6711e-01, 
 2DIAGNOSTIC,    16, -5.360385202862e-01, 1.442033288654e-06, 9.2947e+00, 2.8009e-01, 
 2DIAGNOSTIC,    17, -5.360372198327e-01, 1.356749856872e-06, 9.5535e+00, 2.5883e-01, 
 2DIAGNOSTIC,    18, -5.360379706512e-01, 1.380564533610e-06, 9.7864e+00, 2.3286e-01, 
 2DIAGNOSTIC,    19, -5.360370373529e-01, 1.354197855109e-06, 1.0013e+01, 2.2655e-01, 
 2DIAGNOSTIC,    20, -5.360369254496e-01, 1.349968061240e-06, 1.0386e+01, 3.7277e-01, 
 2DIAGNOSTIC,    21, -5.360371152661e-01, 1.331056501817e-06, 1.0668e+01, 2.8254e-01, 
 2DIAGNOSTIC,    22, -5.360350178533e-01, 1.276410381022e-06, 1.0914e+01, 2.4569e-01, 
 2DIAGNOSTIC,    23, -5.360350935040e-01, 1.193249812861e-06, 1.1145e+01, 2.3131e-01, 
 2DIAGNOSTIC,    24, -5.360341355034e-01, 1.114635984290e-06, 1.1377e+01, 2.3211e-01, 
 2DIAGNOSTIC,    25, -5.360332666183e-01, 1.041939215400e-06, 1.1633e+01, 2.5607e-01, 
DIAGNOSTIC,Iteration,metricValue,convergenceValue,ITERATION_TIME_INDEX,SINCE_LAST
 2DIAGNOSTIC,     1, -4.897236440243e-01, 1.797693134862e+308, 1.4265e+01, 2.6315e+00, 
 2DIAGNOSTIC,     2, -4.897342772860e-01, 1.797693134862e+308, 1.7006e+01, 2.7413e+00, 
 2DIAGNOSTIC,     3, -4.897346559473e-01, 1.797693134862e+308, 1.8668e+01, 1.6613e+00, 
 2DIAGNOSTIC,     4, -4.897346196268e-01, 1.797693134862e+308, 2.0187e+01, 1.5199e+00, 
 2DIAGNOSTIC,     5, -4.897344297858e-01, 1.797693134862e+308, 2.1851e+01, 1.6633e+00, 
 2DIAGNOSTIC,     6, -4.897344367172e-01, 1.797693134862e+308, 2.3389e+01, 1.5384e+00, 
 2DIAGNOSTIC,     7, -4.897342615573e-01, 1.797693134862e+308, 2.5091e+01, 1.7018e+00, 
 2DIAGNOSTIC,     8, -4.897341227892e-01, 1.797693134862e+308, 2.6643e+01, 1.5523e+00, 
 2DIAGNOSTIC,     9, -4.897341408423e-01, 1.797693134862e+308, 2.8203e+01, 1.5602e+00, 
 2DIAGNOSTIC,    10, -4.897339951406e-01, 3.743435434453e-06, 2.9709e+01, 1.5053e+00, 
 2DIAGNOSTIC,    11, -4.897340716805e-01, 2.823689866177e-06, 3.1274e+01, 1.5651e+00, 
 2DIAGNOSTIC,    12, -4.897337987479e-01, 2.563679207479e-06, 3.3006e+01, 1.7318e+00, 
 2DIAGNOSTIC,    13, -4.897337126950e-01, 2.364965538071e-06, 3.4551e+01, 1.5452e+00, 
 2DIAGNOSTIC,    14, -4.897336230207e-01, 2.197020627467e-06, 3.5911e+01, 1.3598e+00, 
 2DIAGNOSTIC,    15, -4.897335516850e-01, 2.048012983175e-06, 3.7420e+01, 1.5098e+00, 
 2DIAGNOSTIC,    16, -4.897335965326e-01, 1.926297894250e-06, 3.9015e+01, 1.5946e+00, 
 2DIAGNOSTIC,    17, -4.897335090179e-01, 1.815724376006e-06, 4.0370e+01, 1.3549e+00, 
 2DIAGNOSTIC,    18, -4.897334411113e-01, 1.716014172509e-06, 4.1916e+01, 1.5458e+00, 
 2DIAGNOSTIC,    19, -4.897334983394e-01, 1.633977596331e-06, 4.3409e+01, 1.4931e+00, 
 2DIAGNOSTIC,    20, -4.897334632871e-01, 1.558365340305e-06, 4.4784e+01, 1.3752e+00, 
 2DIAGNOSTIC,    21, -4.897332509225e-01, 1.489353253066e-06, 4.6376e+01, 1.5924e+00, 
 2DIAGNOSTIC,    22, -4.897333279291e-01, 1.424039377140e-06, 4.7903e+01, 1.5265e+00, 
 2DIAGNOSTIC,    23, -4.897333241819e-01, 1.364143857034e-06, 4.9544e+01, 1.6414e+00, 
 2DIAGNOSTIC,    24, -4.897332984573e-01, 1.308175921297e-06, 5.1094e+01, 1.5499e+00, 
 2DIAGNOSTIC,    25, -4.897332726824e-01, 1.256042196127e-06, 5.2725e+01, 1.6304e+00, 
 2DIAGNOSTIC,    26, -4.897330034406e-01, 1.204591751333e-06, 5.4211e+01, 1.4867e+00, 
 2DIAGNOSTIC,    27, -4.897330621901e-01, 1.158294938110e-06, 5.5687e+01, 1.4759e+00, 
 2DIAGNOSTIC,    28, -4.897330157379e-01, 1.114579116272e-06, 5.7313e+01, 1.6259e+00, 
 2DIAGNOSTIC,    29, -4.897328526451e-01, 1.073747098811e-06, 5.8669e+01, 1.3562e+00, 
 2DIAGNOSTIC,    30, -4.897328530523e-01, 1.037418008096e-06, 6.0253e+01, 1.5835e+00, 
 2DIAGNOSTIC,    31, -4.897330169969e-01, 1.004676424457e-06, 6.1798e+01, 1.5450e+00, 
  Elapsed time (stage 0): 6.2610e+01


Total elapsed time: 6.2616e+01
Info [verificarlo]: loaded backend libinterflop_ieee.so
Info [interflop-ieee]: load backend with:
Info [interflop-ieee]: debug = false
Info [interflop-ieee]: debug-binary = false
Info [interflop-ieee]: no-backend-name = false
Info [interflop-ieee]: print-new-line = false
Info [interflop-ieee]: print-subnormal-normalized = false
Info [interflop-ieee]: count-op = false
All_Command_lines_OK
Using double precision for computations.
=============================================================================
The composite transform comprises the following transforms (in order): 
  1. /home/mdugre/scratch/mri-registration-rp/datasets/ds004513/derivatives/mri-registration-rp/0001/antsRegistration-r8-p12/sub-s025/rigid_Composite.h5[0] (type = Euler3DTransform)
  2. /home/mdugre/scratch/mri-registration-rp/datasets/ds004513/derivatives/mri-registration-rp/0001/antsRegistration-r8-p12/sub-s025/rigid_Composite.h5[1] (type = Euler3DTransform)
  3. /home/mdugre/scratch/mri-registration-rp/datasets/ds004513/derivatives/mri-registration-rp/0001/antsRegistration-r8-p12/sub-s025/rigid_Composite.h5[2] (type = Euler3DTransform)
=============================================================================
  number of levels = 4
  fixed image: /templateflow/tpl-MNI152NLin2009cAsym/tpl-MNI152NLin2009cAsym_res-01_desc-brain_T1w.nii.gz
  moving image: /home/mdugre/scratch/mri-registration-rp/datasets/ds004513/derivatives/mri-registration-rp/antsBrainExtraction/sub-s025/BrainExtractionBrain.nii.gz
Dimension = 3
Number of stages = 1
Use histogram matching = false
Winsorize image intensities = true
  Lower quantile = 0.005
  Upper quantile = 0.995


Stage 1 State
   Image metric = MattesMI
     Fixed image = Image (0x3c777e0)
  RTTI typeinfo:   itk::Image<double, 3u>
  Reference Count: 2
  Modified Time: 1594
  Debug: Off
  Object Name: 
  Observers: 
    none
  Source: (none)
  Source output name: (none)
  Release Data: Off
  Data Released: False
  Global Release Data: Off
  PipelineMTime: 0
  UpdateMTime: 1203
  RealTimeStamp: 0 seconds 
  LargestPossibleRegion: 
    Dimension: 3
    Index: [0, 0, 0]
    Size: [193, 229, 193]
  BufferedRegion: 
    Dimension: 3
    Index: [0, 0, 0]
    Size: [193, 229, 193]
  RequestedRegion: 
    Dimension: 3
    Index: [0, 0, 0]
    Size: [193, 229, 193]
  Spacing: [1, 1, 1]
  Origin: [96, 132, -78]
  Direction: 
-1 0 0
0 -1 0
0 0 1

  IndexToPointMatrix: 
-1 0 0
0 -1 0
0 0 1

  PointToIndexMatrix: 
-1 0 0
0 -1 0
0 0 1

  Inverse Direction: 
-1 0 0
0 -1 0
0 0 1

  PixelContainer: 
    ImportImageContainer (0x3d37a20)
      RTTI typeinfo:   itk::ImportImageContainer<unsigned long, double>
      Reference Count: 1
      Modified Time: 1200
      Debug: Off
      Object Name: 
      Observers: 
        none
      Pointer: 0x15233248f010
      Container manages memory: true
      Size: 8530021
      Capacity: 8530021

     Moving image = Image (0x3d32d70)
  RTTI typeinfo:   itk::Image<double, 3u>
  Reference Count: 2
  Modified Time: 1595
  Debug: Off
  Object Name: 
  Observers: 
    none
  Source: (none)
  Source output name: (none)
  Release Data: Off
  Data Released: False
  Global Release Data: Off
  PipelineMTime: 0
  UpdateMTime: 1592
  RealTimeStamp: 0 seconds 
  LargestPossibleRegion: 
    Dimension: 3
    Index: [0, 0, 0]
    Size: [176, 240, 256]
  BufferedRegion: 
    Dimension: 3
    Index: [0, 0, 0]
    Size: [176, 240, 256]
  RequestedRegion: 
    Dimension: 3
    Index: [0, 0, 0]
    Size: [176, 240, 256]
  Spacing: [0.999999, 1, 1]
  Origin: [90.3778, 84.5091, -154.071]
  Direction: 
-0.999391 7.48184e-06 -0.0348969
-7.47664e-06 -1 -2.7953e-07
-0.0348969 -1.84481e-08 0.999391

  IndexToPointMatrix: 
-0.99939 7.48184e-06 -0.0348969
-7.47663e-06 -1 -2.7953e-07
-0.0348968 -1.84481e-08 0.999391

  PointToIndexMatrix: 
-0.999392 -7.47665e-06 -0.0348969
7.48184e-06 -1 -1.84481e-08
-0.0348969 -2.7953e-07 0.999391

  Inverse Direction: 
-0.999391 -7.47664e-06 -0.0348969
7.48184e-06 -1 -1.84481e-08
-0.0348969 -2.7953e-07 0.999391

  PixelContainer: 
    ImportImageContainer (0x3ceac90)
      RTTI typeinfo:   itk::ImportImageContainer<unsigned long, double>
      Reference Count: 1
      Modified Time: 1589
      Debug: Off
      Object Name: 
      Observers: 
        none
      Pointer: 0x15232d20e010
      Container manages memory: true
      Size: 10813440
      Capacity: 10813440

     Weighting = 1
     Sampling strategy = regular
     Number of bins = 32
     Radius = 4
     Sampling percentage  = 0.25
   Transform = Affine
     Gradient step = 0.1
     Update field sigma (voxel space) = 0
     Total field sigma (voxel space) = 0
     Update field time sigma = 0
     Total field time sigma  = 0
     Number of time indices = 0
     Number of time point samples = 0
Registration using 1 total stages.

Stage 0
  iterations = 1000x500x250x100
  convergence threshold = 1e-06
  convergence window size = 10
  number of levels = 4
  using the Mattes MI metric (number of bins = 32, weight = 1, use gradient filter = 0)
  preprocessing:  winsorizing the image intensities
  Shrink factors (level 1 out of 4): [8, 8, 8]
  Shrink factors (level 2 out of 4): [4, 4, 4]
  Shrink factors (level 3 out of 4): [2, 2, 2]
  Shrink factors (level 4 out of 4): [1, 1, 1]
  smoothing sigmas per level: [3, 2, 1, 0]
  regular sampling (percentage = 0.25)

*** Running AffineTransform registration ***

DIAGNOSTIC,Iteration,metricValue,convergenceValue,ITERATION_TIME_INDEX,SINCE_LAST
 2DIAGNOSTIC,     1, -7.477997599585e-01, 1.797693134862e+308, 7.5984e-01, 7.5984e-01, 
 2DIAGNOSTIC,     2, -7.499049738943e-01, 1.797693134862e+308, 7.6478e-01, 4.9400e-03, 
 2DIAGNOSTIC,     3, -7.536437290699e-01, 1.797693134862e+308, 7.6961e-01, 4.8289e-03, 
 2DIAGNOSTIC,     4, -7.598065771209e-01, 1.797693134862e+308, 7.7429e-01, 4.6809e-03, 
 2DIAGNOSTIC,     5, -7.727580554866e-01, 1.797693134862e+308, 7.7901e-01, 4.7231e-03, 
 2DIAGNOSTIC,     6, -7.869798859821e-01, 1.797693134862e+308, 7.8378e-01, 4.7722e-03, 
 2DIAGNOSTIC,     7, -8.360922423664e-01, 1.797693134862e+308, 7.8859e-01, 4.8070e-03, 
 2DIAGNOSTIC,     8, -8.744792020494e-01, 1.797693134862e+308, 7.9783e-01, 9.2390e-03, 
 2DIAGNOSTIC,     9, -8.758371305882e-01, 1.797693134862e+308, 8.0250e-01, 4.6721e-03, 
 2DIAGNOSTIC,    10, -8.851672871085e-01, 1.308512713712e-02, 8.0742e-01, 4.9219e-03, 
 2DIAGNOSTIC,    11, -8.958334443743e-01, 1.265479385447e-02, 8.1228e-01, 4.8549e-03, 
 2DIAGNOSTIC,    12, -9.035359011487e-01, 1.142312311708e-02, 8.1709e-01, 4.8151e-03, 
 2DIAGNOSTIC,    13, -9.115095065165e-01, 9.663092341440e-03, 8.2203e-01, 4.9372e-03, 
 2DIAGNOSTIC,    14, -9.258806593143e-01, 7.808350135731e-03, 8.2886e-01, 6.8309e-03, 
 2DIAGNOSTIC,    15, -9.303963066768e-01, 5.919775947197e-03, 8.3715e-01, 8.2839e-03, 
 2DIAGNOSTIC,    16, -9.307891422617e-01, 4.037496882151e-03, 8.4234e-01, 5.1939e-03, 
 2DIAGNOSTIC,    17, -9.315726179273e-01, 2.991011694388e-03, 8.4731e-01, 4.9739e-03, 
 2DIAGNOSTIC,    18, -9.333528582069e-01, 2.538832939410e-03, 8.5242e-01, 5.1031e-03, 
 2DIAGNOSTIC,    19, -9.351717018130e-01, 1.953508568701e-03, 8.5737e-01, 4.9541e-03, 
 2DIAGNOSTIC,    20, -9.362218332532e-01, 1.417842938156e-03, 8.6297e-01, 5.6031e-03, 
 2DIAGNOSTIC,    21, -9.371759338214e-01, 9.887528619065e-04, 8.7044e-01, 7.4639e-03, 
 2DIAGNOSTIC,    22, -9.371122984564e-01, 6.233701515254e-04, 8.7595e-01, 5.5110e-03, 
 2DIAGNOSTIC,    23, -9.371730304458e-01, 3.426589357920e-04, 8.8090e-01, 4.9510e-03, 
 2DIAGNOSTIC,    24, -9.371127283332e-01, 2.466392522394e-04, 8.8580e-01, 4.9000e-03, 
 2DIAGNOSTIC,    25, -9.371126774184e-01, 1.942924022083e-04, 8.9072e-01, 4.9181e-03, 
 2DIAGNOSTIC,    26, -9.370461854852e-01, 1.322942505293e-04, 8.9617e-01, 5.4550e-03, 
 2DIAGNOSTIC,    27, -9.371995094763e-01, 7.386559219420e-05, 9.0104e-01, 4.8711e-03, 
 2DIAGNOSTIC,    28, -9.372954467580e-01, 3.420666244890e-05, 9.0591e-01, 4.8661e-03, 
 2DIAGNOSTIC,    29, -9.375349291390e-01, 1.685062505009e-05, 9.1139e-01, 5.4810e-03, 
 2DIAGNOSTIC,    30, -9.377722467459e-01, 1.264690536119e-05, 9.1693e-01, 5.5439e-03, 
 2DIAGNOSTIC,    31, -9.379992296042e-01, 1.980507581661e-05, 9.2188e-01, 4.9441e-03, 
 2DIAGNOSTIC,    32, -9.383425046538e-01, 2.745815141137e-05, 9.2765e-01, 5.7728e-03, 
 2DIAGNOSTIC,    33, -9.387878915529e-01, 3.694917182266e-05, 9.3333e-01, 5.6779e-03, 
 2DIAGNOSTIC,    34, -9.389070276049e-01, 4.291785463067e-05, 9.3883e-01, 5.5001e-03, 
 2DIAGNOSTIC,    35, -9.389549055301e-01, 4.504797896848e-05, 9.4450e-01, 5.6689e-03, 
 2DIAGNOSTIC,    36, -9.387979411678e-01, 4.091677057884e-05, 9.4993e-01, 5.4300e-03, 
 2DIAGNOSTIC,    37, -9.384141551751e-01, 3.126965635990e-05, 9.5537e-01, 5.4440e-03, 
 2DIAGNOSTIC,    38, -9.381753194385e-01, 1.807729735739e-05, 9.6023e-01, 4.8561e-03, 
 2DIAGNOSTIC,    39, -9.383023957705e-01, 6.899108534880e-06, 9.6509e-01, 4.8571e-03, 
DIAGNOSTIC,Iteration,metricValue,convergenceValue,ITERATION_TIME_INDEX,SINCE_LAST
 2DIAGNOSTIC,     1, -7.507853847474e-01, 1.797693134862e+308, 1.7195e+00, 7.5444e-01, 
 2DIAGNOSTIC,     2, -7.511655934133e-01, 1.797693134862e+308, 1.7550e+00, 3.5462e-02, 
 2DIAGNOSTIC,     3, -7.515209443360e-01, 1.797693134862e+308, 1.7891e+00, 3.4070e-02, 
 2DIAGNOSTIC,     4, -7.520729668719e-01, 1.797693134862e+308, 1.8243e+00, 3.5215e-02, 
 2DIAGNOSTIC,     5, -7.532007613585e-01, 1.797693134862e+308, 1.8618e+00, 3.7487e-02, 
 2DIAGNOSTIC,     6, -7.540303108444e-01, 1.797693134862e+308, 1.9110e+00, 4.9189e-02, 
 2DIAGNOSTIC,     7, -7.540504002143e-01, 1.797693134862e+308, 2.0147e+00, 1.0379e-01, 
 2DIAGNOSTIC,     8, -7.540503992077e-01, 1.797693134862e+308, 2.0500e+00, 3.5284e-02, 
 2DIAGNOSTIC,     9, -7.540504036818e-01, 1.797693134862e+308, 2.0831e+00, 3.3069e-02, 
 2DIAGNOSTIC,    10, -7.540504112471e-01, 3.286299607412e-04, 2.1170e+00, 3.3954e-02, 
 2DIAGNOSTIC,    11, -7.540504240396e-01, 2.390649607106e-04, 2.1509e+00, 3.3903e-02, 
 2DIAGNOSTIC,    12, -7.540504456700e-01, 1.555896716308e-04, 2.1852e+00, 3.4240e-02, 
 2DIAGNOSTIC,    13, -7.540504822428e-01, 8.180621029551e-05, 2.2196e+00, 3.4447e-02, 
 2DIAGNOSTIC,    14, -7.540505440757e-01, 2.565380126564e-05, 2.2552e+00, 3.5564e-02, 
 2DIAGNOSTIC,    15, -7.540506486022e-01, 2.639555896786e-06, 2.2914e+00, 3.6167e-02, 
 2DIAGNOSTIC,    16, -7.540508252637e-01, 2.008370979217e-06, 2.3254e+00, 3.4063e-02, 
 2DIAGNOSTIC,    17, -7.540511236964e-01, 1.902181605798e-06, 2.3603e+00, 3.4871e-02, 
 2DIAGNOSTIC,    18, -7.540516278943e-01, 1.815522730965e-06, 2.3922e+00, 3.1871e-02, 
 2DIAGNOSTIC,    19, -7.540524783413e-01, 1.750445522919e-06, 2.4288e+00, 3.6638e-02, 
 2DIAGNOSTIC,    20, -7.540539081710e-01, 1.711736926868e-06, 2.4617e+00, 3.2869e-02, 
 2DIAGNOSTIC,    21, -7.540563085621e-01, 1.708410154351e-06, 2.4962e+00, 3.4517e-02, 
 2DIAGNOSTIC,    22, -7.540603100398e-01, 1.755628760550e-06, 2.5305e+00, 3.4277e-02, 
 2DIAGNOSTIC,    23, -7.540670043718e-01, 1.879034542386e-06, 2.5652e+00, 3.4740e-02, 
 2DIAGNOSTIC,    24, -7.540635267099e-01, 1.890155683852e-06, 2.6035e+00, 3.8262e-02, 
 2DIAGNOSTIC,    25, -7.540740814944e-01, 2.011486566748e-06, 2.6409e+00, 3.7402e-02, 
 2DIAGNOSTIC,    26, -7.540884895093e-01, 2.261461512727e-06, 2.6796e+00, 3.8716e-02, 
 2DIAGNOSTIC,    27, -7.541022958038e-01, 2.586282630862e-06, 2.7136e+00, 3.3965e-02, 
 2DIAGNOSTIC,    28, -7.541097820265e-01, 2.860974094736e-06, 2.7522e+00, 3.8634e-02, 
 2DIAGNOSTIC,    29, -7.541084067730e-01, 2.950092313006e-06, 2.7950e+00, 4.2760e-02, 
 2DIAGNOSTIC,    30, -7.540970000923e-01, 2.735515020218e-06, 2.8317e+00, 3.6721e-02, 
 2DIAGNOSTIC,    31, -7.541060180835e-01, 2.515241122290e-06, 2.8651e+00, 3.3476e-02, 
 2DIAGNOSTIC,    32, -7.541281896991e-01, 2.466734649723e-06, 2.9040e+00, 3.8890e-02, 
 2DIAGNOSTIC,    33, -7.541342880925e-01, 2.422886812563e-06, 2.9363e+00, 3.2278e-02, 
 2DIAGNOSTIC,    34, -7.541514733032e-01, 2.399318691913e-06, 2.9822e+00, 4.5847e-02, 
 2DIAGNOSTIC,    35, -7.541593912720e-01, 2.436880881695e-06, 3.0210e+00, 3.8789e-02, 
 2DIAGNOSTIC,    36, -7.541352116628e-01, 2.220139558182e-06, 3.0583e+00, 3.7367e-02, 
 2DIAGNOSTIC,    37, -7.541409577172e-01, 2.089443455339e-06, 3.0928e+00, 3.4481e-02, 
 2DIAGNOSTIC,    38, -7.541359186268e-01, 1.867592888383e-06, 3.1310e+00, 3.8239e-02, 
 2DIAGNOSTIC,    39, -7.541418298845e-01, 1.605452588729e-06, 3.1659e+00, 3.4822e-02, 
 2DIAGNOSTIC,    40, -7.541369580789e-01, 1.126427599904e-06, 3.2068e+00, 4.0934e-02, 
DIAGNOSTIC,Iteration,metricValue,convergenceValue,ITERATION_TIME_INDEX,SINCE_LAST
