
##########################
# Experiment information #
##########################

EXPERIMENT_NAME: antsRegistration-r8-p20
VFC_BACKENDS: libinterflop_vprec.so --range-binary32=8 --precision-binary32=20 --range-binary64=8 --precision-binary64=20

SIF_IMG: /home/mdugre/projects/rrg-glatard/mdugre/containers/ants-vprec-no_metrics.simg

SUBJECT_ID: s017
INPUT_IMG: /home/mdugre/scratch/mri-registration-rp/datasets/ds004513/derivatives/mri-registration-rp/antsBrainExtraction/sub-s017/BrainExtractionBrain.nii.gz
OUTPUT_DIR: /home/mdugre/scratch/mri-registration-rp/datasets/ds004513/derivatives/mri-registration-rp/0001/antsRegistration-r8-p20/sub-s017

FIXED_IMG: /templateflow/tpl-MNI152NLin2009cAsym/tpl-MNI152NLin2009cAsym_res-01_desc-brain_T1w.nii.gz
DATA_DIR: /home/mdugre/scratch/mri-registration-rp/datasets/ds004513
TEMPLATEFLOW_DIR: /home/mdugre/projects/rrg-glatard/mdugre/templateflow
ITK_GLOBAL_DEFAULT_NUMBER_OF_THREADS: 16
##########################

Info [verificarlo]: loaded backend libinterflop_ieee.so
Info [interflop-ieee]: load backend with:
Info [interflop-ieee]: debug = false
Info [interflop-ieee]: debug-binary = false
Info [interflop-ieee]: no-backend-name = false
Info [interflop-ieee]: print-new-line = false
Info [interflop-ieee]: print-subnormal-normalized = false
Info [interflop-ieee]: count-op = false
All_Command_lines_OK
Using double precision for computations.
=============================================================================
The composite transform comprises the following transforms (in order): 
  1. Center of mass alignment using fixed image: /templateflow/tpl-MNI152NLin2009cAsym/tpl-MNI152NLin2009cAsym_res-01_desc-brain_T1w.nii.gz and moving image: /home/mdugre/scratch/mri-registration-rp/datasets/ds004513/derivatives/mri-registration-rp/antsBrainExtraction/sub-s017/BrainExtractionBrain.nii.gz (type = Euler3DTransform)
=============================================================================
  number of levels = 1
  fixed image: /templateflow/tpl-MNI152NLin2009cAsym/tpl-MNI152NLin2009cAsym_res-01_desc-brain_T1w.nii.gz
  moving image: /home/mdugre/scratch/mri-registration-rp/datasets/ds004513/derivatives/mri-registration-rp/antsBrainExtraction/sub-s017/BrainExtractionBrain.nii.gz
Dimension = 3
Number of stages = 1
Use histogram matching = false
Winsorize image intensities = true
  Lower quantile = 0.005
  Upper quantile = 0.995


Stage 1 State
   Image metric = MattesMI
     Fixed image = Image (0x3de0e70)
  RTTI typeinfo:   itk::Image<double, 3u>
  Reference Count: 2
  Modified Time: 2334
  Debug: Off
  Object Name: 
  Observers: 
    none
  Source: (none)
  Source output name: (none)
  Release Data: Off
  Data Released: False
  Global Release Data: Off
  PipelineMTime: 0
  UpdateMTime: 1943
  RealTimeStamp: 0 seconds 
  LargestPossibleRegion: 
    Dimension: 3
    Index: [0, 0, 0]
    Size: [193, 229, 193]
  BufferedRegion: 
    Dimension: 3
    Index: [0, 0, 0]
    Size: [193, 229, 193]
  RequestedRegion: 
    Dimension: 3
    Index: [0, 0, 0]
    Size: [193, 229, 193]
  Spacing: [1, 1, 1]
  Origin: [96, 132, -78]
  Direction: 
-1 0 0
0 -1 0
0 0 1

  IndexToPointMatrix: 
-1 0 0
0 -1 0
0 0 1

  PointToIndexMatrix: 
-1 0 0
0 -1 0
0 0 1

  Inverse Direction: 
-1 0 0
0 -1 0
0 0 1

  PixelContainer: 
    ImportImageContainer (0x3de9c60)
      RTTI typeinfo:   itk::ImportImageContainer<unsigned long, double>
      Reference Count: 1
      Modified Time: 1940
      Debug: Off
      Object Name: 
      Observers: 
        none
      Pointer: 0x14c2036ba010
      Container manages memory: true
      Size: 8530021
      Capacity: 8530021

     Moving image = Image (0x3dec610)
  RTTI typeinfo:   itk::Image<double, 3u>
  Reference Count: 2
  Modified Time: 2335
  Debug: Off
  Object Name: 
  Observers: 
    none
  Source: (none)
  Source output name: (none)
  Release Data: Off
  Data Released: False
  Global Release Data: Off
  PipelineMTime: 0
  UpdateMTime: 2332
  RealTimeStamp: 0 seconds 
  LargestPossibleRegion: 
    Dimension: 3
    Index: [0, 0, 0]
    Size: [160, 240, 256]
  BufferedRegion: 
    Dimension: 3
    Index: [0, 0, 0]
    Size: [160, 240, 256]
  RequestedRegion: 
    Dimension: 3
    Index: [0, 0, 0]
    Size: [160, 240, 256]
  Spacing: [1, 1, 1]
  Origin: [91.3357, 102.231, -120.042]
  Direction: 
-0.997442 -5.36781e-05 -0.0714818
5.35416e-05 -1 3.82465e-06
-0.0714818 -1.23894e-08 0.997442

  IndexToPointMatrix: 
-0.997444 -5.36781e-05 -0.0714818
5.35418e-05 -1 3.82465e-06
-0.0714819 -1.23894e-08 0.997442

  PointToIndexMatrix: 
-0.99744 5.35415e-05 -0.0714816
-5.36781e-05 -1 -1.23894e-08
-0.0714818 3.82465e-06 0.997442

  Inverse Direction: 
-0.997442 5.35416e-05 -0.0714818
-5.36781e-05 -1 -1.23894e-08
-0.0714818 3.82465e-06 0.997442

  PixelContainer: 
    ImportImageContainer (0x3e85ef0)
      RTTI typeinfo:   itk::ImportImageContainer<unsigned long, double>
      Reference Count: 1
      Modified Time: 2329
      Debug: Off
      Object Name: 
      Observers: 
        none
      Pointer: 0x14c1febb9010
      Container manages memory: true
      Size: 9830400
      Capacity: 9830400

     Weighting = 1
     Sampling strategy = regular
     Number of bins = 32
     Radius = 4
     Sampling percentage  = 0.25
   Transform = Rigid
     Gradient step = 0.1
     Update field sigma (voxel space) = 0
     Total field sigma (voxel space) = 0
     Update field time sigma = 0
     Total field time sigma  = 0
     Number of time indices = 0
     Number of time point samples = 0
Registration using 1 total stages.

Stage 0
  iterations = 0
  convergence threshold = 1e-06
  convergence window size = 10
  number of levels = 1
  using the Mattes MI metric (number of bins = 32, weight = 1, use gradient filter = 0)
  preprocessing:  winsorizing the image intensities
  Shrink factors (level 1 out of 1): [1, 1, 1]
  smoothing sigmas per level: [0]
  regular sampling (percentage = 0.25)

*** Running Euler3DTransform registration ***

  Elapsed time (stage 0): 1.14147


Total elapsed time: 1.14359
Info [verificarlo]: loaded backend libinterflop_ieee.so
Info [interflop-ieee]: load backend with:
Info [interflop-ieee]: debug = false
Info [interflop-ieee]: debug-binary = false
Info [interflop-ieee]: no-backend-name = false
Info [interflop-ieee]: print-new-line = false
Info [interflop-ieee]: print-subnormal-normalized = false
Info [interflop-ieee]: count-op = false
All_Command_lines_OK
Using double precision for computations.
=============================================================================
The composite transform comprises the following transforms (in order): 
  1. /home/mdugre/scratch/mri-registration-rp/datasets/ds004513/derivatives/mri-registration-rp/0001/antsRegistration-r8-p20/sub-s017/align_Composite.h5[0] (type = Euler3DTransform)
  2. /home/mdugre/scratch/mri-registration-rp/datasets/ds004513/derivatives/mri-registration-rp/0001/antsRegistration-r8-p20/sub-s017/align_Composite.h5[1] (type = Euler3DTransform)
=============================================================================
  number of levels = 4
  fixed image: /templateflow/tpl-MNI152NLin2009cAsym/tpl-MNI152NLin2009cAsym_res-01_desc-brain_T1w.nii.gz
  moving image: /home/mdugre/scratch/mri-registration-rp/datasets/ds004513/derivatives/mri-registration-rp/antsBrainExtraction/sub-s017/BrainExtractionBrain.nii.gz
Dimension = 3
Number of stages = 1
Use histogram matching = false
Winsorize image intensities = true
  Lower quantile = 0.005
  Upper quantile = 0.995


Stage 1 State
   Image metric = MattesMI
     Fixed image = Image (0x5251530)
  RTTI typeinfo:   itk::Image<double, 3u>
  Reference Count: 2
  Modified Time: 1580
  Debug: Off
  Object Name: 
  Observers: 
    none
  Source: (none)
  Source output name: (none)
  Release Data: Off
  Data Released: False
  Global Release Data: Off
  PipelineMTime: 0
  UpdateMTime: 1189
  RealTimeStamp: 0 seconds 
  LargestPossibleRegion: 
    Dimension: 3
    Index: [0, 0, 0]
    Size: [193, 229, 193]
  BufferedRegion: 
    Dimension: 3
    Index: [0, 0, 0]
    Size: [193, 229, 193]
  RequestedRegion: 
    Dimension: 3
    Index: [0, 0, 0]
    Size: [193, 229, 193]
  Spacing: [1, 1, 1]
  Origin: [96, 132, -78]
  Direction: 
-1 0 0
0 -1 0
0 0 1

  IndexToPointMatrix: 
-1 0 0
0 -1 0
0 0 1

  PointToIndexMatrix: 
-1 0 0
0 -1 0
0 0 1

  Inverse Direction: 
-1 0 0
0 -1 0
0 0 1

  PixelContainer: 
    ImportImageContainer (0x530fd60)
      RTTI typeinfo:   itk::ImportImageContainer<unsigned long, double>
      Reference Count: 1
      Modified Time: 1186
      Debug: Off
      Object Name: 
      Observers: 
        none
      Pointer: 0x146fdd9a9010
      Container manages memory: true
      Size: 8530021
      Capacity: 8530021

     Moving image = Image (0x5301f60)
  RTTI typeinfo:   itk::Image<double, 3u>
  Reference Count: 2
  Modified Time: 1581
  Debug: Off
  Object Name: 
  Observers: 
    none
  Source: (none)
  Source output name: (none)
  Release Data: Off
  Data Released: False
  Global Release Data: Off
  PipelineMTime: 0
  UpdateMTime: 1578
  RealTimeStamp: 0 seconds 
  LargestPossibleRegion: 
    Dimension: 3
    Index: [0, 0, 0]
    Size: [160, 240, 256]
  BufferedRegion: 
    Dimension: 3
    Index: [0, 0, 0]
    Size: [160, 240, 256]
  RequestedRegion: 
    Dimension: 3
    Index: [0, 0, 0]
    Size: [160, 240, 256]
  Spacing: [1, 1, 1]
  Origin: [91.3357, 102.231, -120.042]
  Direction: 
-0.997442 -5.36781e-05 -0.0714818
5.35416e-05 -1 3.82465e-06
-0.0714818 -1.23894e-08 0.997442

  IndexToPointMatrix: 
-0.997444 -5.36781e-05 -0.0714818
5.35418e-05 -1 3.82465e-06
-0.0714819 -1.23894e-08 0.997442

  PointToIndexMatrix: 
-0.99744 5.35415e-05 -0.0714816
-5.36781e-05 -1 -1.23894e-08
-0.0714818 3.82465e-06 0.997442

  Inverse Direction: 
-0.997442 5.35416e-05 -0.0714818
-5.36781e-05 -1 -1.23894e-08
-0.0714818 3.82465e-06 0.997442

  PixelContainer: 
    ImportImageContainer (0x52f36d0)
      RTTI typeinfo:   itk::ImportImageContainer<unsigned long, double>
      Reference Count: 1
      Modified Time: 1575
      Debug: Off
      Object Name: 
      Observers: 
        none
      Pointer: 0x146fd8ea8010
      Container manages memory: true
      Size: 9830400
      Capacity: 9830400

     Weighting = 1
     Sampling strategy = regular
     Number of bins = 32
     Radius = 4
     Sampling percentage  = 0.25
   Transform = Rigid
     Gradient step = 0.1
     Update field sigma (voxel space) = 0
     Total field sigma (voxel space) = 0
     Update field time sigma = 0
     Total field time sigma  = 0
     Number of time indices = 0
     Number of time point samples = 0
Registration using 1 total stages.

Stage 0
  iterations = 1000x500x250x100
  convergence threshold = 1e-06
  convergence window size = 10
  number of levels = 4
  using the Mattes MI metric (number of bins = 32, weight = 1, use gradient filter = 0)
  preprocessing:  winsorizing the image intensities
  Shrink factors (level 1 out of 4): [8, 8, 8]
  Shrink factors (level 2 out of 4): [4, 4, 4]
  Shrink factors (level 3 out of 4): [2, 2, 2]
  Shrink factors (level 4 out of 4): [1, 1, 1]
  smoothing sigmas per level: [3, 2, 1, 0]
  regular sampling (percentage = 0.25)

*** Running Euler3DTransform registration ***

DIAGNOSTIC,Iteration,metricValue,convergenceValue,ITERATION_TIME_INDEX,SINCE_LAST
 2DIAGNOSTIC,     1, -5.567767283252e-01, 1.797693134862e+308, 7.5733e-01, 7.5733e-01, 
 2DIAGNOSTIC,     2, -5.584239703569e-01, 1.797693134862e+308, 7.6185e-01, 4.5199e-03, 
 2DIAGNOSTIC,     3, -5.612715515272e-01, 1.797693134862e+308, 7.6551e-01, 3.6652e-03, 
 2DIAGNOSTIC,     4, -5.637780194106e-01, 1.797693134862e+308, 7.6904e-01, 3.5288e-03, 
 2DIAGNOSTIC,     5, -5.658229214212e-01, 1.797693134862e+308, 7.7247e-01, 3.4308e-03, 
 2DIAGNOSTIC,     6, -5.696445468689e-01, 1.797693134862e+308, 7.7605e-01, 3.5748e-03, 
 2DIAGNOSTIC,     7, -5.734118275242e-01, 1.797693134862e+308, 7.7960e-01, 3.5510e-03, 
 2DIAGNOSTIC,     8, -5.754533484979e-01, 1.797693134862e+308, 7.8443e-01, 4.8320e-03, 
 2DIAGNOSTIC,     9, -5.763021950250e-01, 1.797693134862e+308, 7.8799e-01, 3.5601e-03, 
 2DIAGNOSTIC,    10, -5.771142770255e-01, 2.558085388189e-03, 7.9262e-01, 4.6329e-03, 
 2DIAGNOSTIC,    11, -5.785125587612e-01, 2.176117873031e-03, 7.9626e-01, 3.6340e-03, 
 2DIAGNOSTIC,    12, -5.799413348090e-01, 1.786767970983e-03, 8.0052e-01, 4.2679e-03, 
 2DIAGNOSTIC,    13, -5.809477908980e-01, 1.443124036835e-03, 8.0465e-01, 4.1239e-03, 
 2DIAGNOSTIC,    14, -5.814655964876e-01, 1.127354078216e-03, 8.0840e-01, 3.7539e-03, 
 2DIAGNOSTIC,    15, -5.819093877219e-01, 8.331089413527e-04, 8.1246e-01, 4.0541e-03, 
 2DIAGNOSTIC,    16, -5.822326442998e-01, 6.258215683234e-04, 8.1655e-01, 4.0932e-03, 
 2DIAGNOSTIC,    17, -5.825793599843e-01, 5.040365830240e-04, 8.2031e-01, 3.7620e-03, 
 2DIAGNOSTIC,    18, -5.863713925916e-01, 5.095725576650e-04, 8.2414e-01, 3.8309e-03, 
 2DIAGNOSTIC,    19, -5.901617810168e-01, 5.855607354912e-04, 8.3109e-01, 6.9449e-03, 
 2DIAGNOSTIC,    20, -5.906016223816e-01, 6.286272500313e-04, 8.3600e-01, 4.9129e-03, 
 2DIAGNOSTIC,    21, -5.907365705867e-01, 6.467002963840e-04, 8.4052e-01, 4.5171e-03, 
 2DIAGNOSTIC,    22, -5.906256574994e-01, 6.330265936383e-04, 8.4490e-01, 4.3871e-03, 
 2DIAGNOSTIC,    23, -5.906307681711e-01, 5.816453055180e-04, 8.4880e-01, 3.8970e-03, 
 2DIAGNOSTIC,    24, -5.905636622010e-01, 4.878472529223e-04, 8.5277e-01, 3.9649e-03, 
 2DIAGNOSTIC,    25, -5.906024985370e-01, 3.662279783960e-04, 8.5717e-01, 4.4050e-03, 
 2DIAGNOSTIC,    26, -5.906025304324e-01, 2.276984665074e-04, 8.6139e-01, 4.2222e-03, 
 2DIAGNOSTIC,    27, -5.906211320574e-01, 8.394584288782e-05, 8.6534e-01, 3.9511e-03, 
 2DIAGNOSTIC,    28, -5.908796758314e-01, 1.198925031226e-05, 8.6929e-01, 3.9442e-03, 
 2DIAGNOSTIC,    29, -5.911411552395e-01, 1.217108543289e-05, 8.7391e-01, 4.6210e-03, 
 2DIAGNOSTIC,    30, -5.915241330962e-01, 2.456301684485e-05, 8.8004e-01, 6.1271e-03, 
 2DIAGNOSTIC,    31, -5.916229825992e-01, 3.758205306206e-05, 8.8410e-01, 4.0662e-03, 
 2DIAGNOSTIC,    32, -5.916651208817e-01, 4.532975449090e-05, 8.8818e-01, 4.0810e-03, 
 2DIAGNOSTIC,    33, -5.916874987632e-01, 4.885284294549e-05, 8.9228e-01, 4.0970e-03, 
 2DIAGNOSTIC,    34, -5.917053822200e-01, 4.682712858679e-05, 8.9677e-01, 4.4909e-03, 
 2DIAGNOSTIC,    35, -5.917390904868e-01, 4.153275817279e-05, 9.0745e-01, 1.0675e-02, 
 2DIAGNOSTIC,    36, -5.917390912695e-01, 3.272086429357e-05, 9.1152e-01, 4.0739e-03, 
 2DIAGNOSTIC,    37, -5.917391070342e-01, 2.163060314795e-05, 9.1547e-01, 3.9470e-03, 
 2DIAGNOSTIC,    38, -5.917391330930e-01, 1.245673595316e-05, 9.1940e-01, 3.9330e-03, 
 2DIAGNOSTIC,    39, -5.917391754735e-01, 5.801896389841e-06, 9.2333e-01, 3.9260e-03, 
 2DIAGNOSTIC,    40, -5.917392424311e-01, 3.643428652243e-06, 9.2729e-01, 3.9651e-03, 
 2DIAGNOSTIC,    41, -5.917393428829e-01, 2.487109299117e-06, 9.3136e-01, 4.0660e-03, 
 2DIAGNOSTIC,    42, -5.917394845334e-01, 1.715730317764e-06, 9.3541e-01, 4.0491e-03, 
 2DIAGNOSTIC,    43, -5.917396625587e-01, 1.144189314951e-06, 9.3938e-01, 3.9690e-03, 
DIAGNOSTIC,Iteration,metricValue,convergenceValue,ITERATION_TIME_INDEX,SINCE_LAST
 2DIAGNOSTIC,     1, -4.784004501423e-01, 1.797693134862e+308, 1.6843e+00, 7.4494e-01, 
 2DIAGNOSTIC,     2, -4.783999131492e-01, 1.797693134862e+308, 1.7098e+00, 2.5522e-02, 
 2DIAGNOSTIC,     3, -4.784190365429e-01, 1.797693134862e+308, 1.7400e+00, 3.0121e-02, 
 2DIAGNOSTIC,     4, -4.785028756515e-01, 1.797693134862e+308, 1.7664e+00, 2.6466e-02, 
 2DIAGNOSTIC,     5, -4.786647485435e-01, 1.797693134862e+308, 1.7928e+00, 2.6365e-02, 
 2DIAGNOSTIC,     6, -4.788099932964e-01, 1.797693134862e+308, 1.8191e+00, 2.6294e-02, 
 2DIAGNOSTIC,     7, -4.794645847221e-01, 1.797693134862e+308, 1.8453e+00, 2.6180e-02, 
 2DIAGNOSTIC,     8, -4.813619171754e-01, 1.797693134862e+308, 1.8824e+00, 3.7131e-02, 
 2DIAGNOSTIC,     9, -4.817935635329e-01, 1.797693134862e+308, 1.9125e+00, 3.0120e-02, 
 2DIAGNOSTIC,    10, -4.822647496890e-01, 5.583367504112e-04, 1.9394e+00, 2.6882e-02, 
 2DIAGNOSTIC,    11, -4.831344909908e-01, 6.366384574189e-04, 1.9696e+00, 3.0197e-02, 
 2DIAGNOSTIC,    12, -4.835768992590e-01, 6.653898034868e-04, 2.0137e+00, 4.4076e-02, 
 2DIAGNOSTIC,    13, -4.835677565326e-01, 6.290342969117e-04, 2.0474e+00, 3.3679e-02, 
 2DIAGNOSTIC,    14, -4.835733047843e-01, 5.452729208050e-04, 2.0836e+00, 3.6293e-02, 
 2DIAGNOSTIC,    15, -4.835701547254e-01, 4.305772096235e-04, 2.1129e+00, 2.9296e-02, 
 2DIAGNOSTIC,    16, -4.835566913009e-01, 2.956272804374e-04, 2.1426e+00, 2.9649e-02, 
 2DIAGNOSTIC,    17, -4.835523104090e-01, 1.703980275466e-04, 2.1721e+00, 2.9536e-02, 
 2DIAGNOSTIC,    18, -4.835483887835e-01, 1.058854946242e-04, 2.1981e+00, 2.5944e-02, 
 2DIAGNOSTIC,    19, -4.835469915473e-01, 5.203914177511e-05, 2.2244e+00, 2.6302e-02, 
 2DIAGNOSTIC,    20, -4.835401827380e-01, 1.204163304487e-05, 2.2539e+00, 2.9497e-02, 
DIAGNOSTIC,Iteration,metricValue,convergenceValue,ITERATION_TIME_INDEX,SINCE_LAST
 2DIAGNOSTIC,     1, -4.161561167871e-01, 1.797693134862e+308, 3.3214e+00, 1.0675e+00, 
 2DIAGNOSTIC,     2, -4.161756893438e-01, 1.797693134862e+308, 3.5942e+00, 2.7276e-01, 
 2DIAGNOSTIC,     3, -4.161696114508e-01, 1.797693134862e+308, 3.8256e+00, 2.3140e-01, 
 2DIAGNOSTIC,     4, -4.161681503552e-01, 1.797693134862e+308, 4.1600e+00, 3.3443e-01, 
 2DIAGNOSTIC,     5, -4.161678896602e-01, 1.797693134862e+308, 4.3818e+00, 2.2178e-01, 
 2DIAGNOSTIC,     6, -4.161669123584e-01, 1.797693134862e+308, 4.5955e+00, 2.1376e-01, 
 2DIAGNOSTIC,     7, -4.161667485643e-01, 1.797693134862e+308, 4.8442e+00, 2.4861e-01, 
 2DIAGNOSTIC,     8, -4.161656816015e-01, 1.797693134862e+308, 5.0460e+00, 2.0188e-01, 
 2DIAGNOSTIC,     9, -4.161650043538e-01, 1.797693134862e+308, 5.2739e+00, 2.2782e-01, 
 2DIAGNOSTIC,    10, -4.161655463814e-01, 2.943366620031e-06, 5.5457e+00, 2.7185e-01, 
 2DIAGNOSTIC,    11, -4.161636420994e-01, 1.720591496210e-06, 5.7858e+00, 2.4012e-01, 
 2DIAGNOSTIC,    12, -4.161624970809e-01, 1.867462473548e-06, 6.0233e+00, 2.3748e-01, 
 2DIAGNOSTIC,    13, -4.161615819744e-01, 1.698398060412e-06, 6.2474e+00, 2.2408e-01, 
 2DIAGNOSTIC,    14, -4.161624603295e-01, 1.592444846557e-06, 6.4962e+00, 2.4880e-01, 
 2DIAGNOSTIC,    15, -4.161620529814e-01, 1.530180436499e-06, 6.7208e+00, 2.2460e-01, 
 2DIAGNOSTIC,    16, -4.161603835106e-01, 1.417836918052e-06, 6.9149e+00, 1.9411e-01, 
 2DIAGNOSTIC,    17, -4.161625251481e-01, 1.455414118577e-06, 7.1515e+00, 2.3662e-01, 
 2DIAGNOSTIC,    18, -4.161617349625e-01, 1.453854862214e-06, 7.3448e+00, 1.9331e-01, 
 2DIAGNOSTIC,    19, -4.161656140594e-01, 1.594928503088e-06, 7.5974e+00, 2.5260e-01, 
 2DIAGNOSTIC,    20, -4.161678254530e-01, 1.821576326506e-06, 7.8992e+00, 3.0180e-01, 
 2DIAGNOSTIC,    21, -4.161672172260e-01, 1.924327024762e-06, 8.1568e+00, 2.5759e-01, 
 2DIAGNOSTIC,    22, -4.161665846124e-01, 1.927748310634e-06, 8.3876e+00, 2.3081e-01, 
 2DIAGNOSTIC,    23, -4.161660793966e-01, 1.843028034923e-06, 8.6376e+00, 2.5001e-01, 
 2DIAGNOSTIC,    24, -4.161655365533e-01, 1.730448867525e-06, 8.8476e+00, 2.0997e-01, 
 2DIAGNOSTIC,    25, -4.161651834947e-01, 1.568353733265e-06, 9.0572e+00, 2.0959e-01, 
 2DIAGNOSTIC,    26, -4.161660037665e-01, 1.368374529638e-06, 9.2768e+00, 2.1963e-01, 
 2DIAGNOSTIC,    27, -4.161651045496e-01, 1.203105050827e-06, 9.4738e+00, 1.9696e-01, 
 2DIAGNOSTIC,    28, -4.161679884898e-01, 1.097088640940e-06, 9.6733e+00, 1.9948e-01, 
 2DIAGNOSTIC,    29, -4.161710849647e-01, 1.162831217420e-06, 9.8910e+00, 2.1771e-01, 
 2DIAGNOSTIC,    30, -4.161703640305e-01, 1.250475691654e-06, 1.0123e+01, 2.3191e-01, 
 2DIAGNOSTIC,    31, -4.161708142911e-01, 1.313167808437e-06, 1.0346e+01, 2.2284e-01, 
 2DIAGNOSTIC,    32, -4.161710089264e-01, 1.336085266521e-06, 1.0540e+01, 1.9385e-01, 
 2DIAGNOSTIC,    33, -4.161749613448e-01, 1.395595230852e-06, 1.0761e+01, 2.2120e-01, 
 2DIAGNOSTIC,    34, -4.161777487505e-01, 1.452526298306e-06, 1.0985e+01, 2.2421e-01, 
 2DIAGNOSTIC,    35, -4.161792220177e-01, 1.478601718070e-06, 1.1209e+01, 2.2437e-01, 
 2DIAGNOSTIC,    36, -4.161806859647e-01, 1.495439426801e-06, 1.1433e+01, 2.2315e-01, 
 2DIAGNOSTIC,    37, -4.161791778424e-01, 1.407680680014e-06, 1.1626e+01, 1.9302e-01, 
 2DIAGNOSTIC,    38, -4.161838486866e-01, 1.406626888103e-06, 1.1896e+01, 2.7086e-01, 
 2DIAGNOSTIC,    39, -4.161849953099e-01, 1.422742193433e-06, 1.2167e+01, 2.7053e-01, 
 2DIAGNOSTIC,    40, -4.161860914890e-01, 1.386764652223e-06, 1.2476e+01, 3.0936e-01, 
 2DIAGNOSTIC,    41, -4.161854987576e-01, 1.295749593063e-06, 1.2699e+01, 2.2236e-01, 
 2DIAGNOSTIC,    42, -4.161840259988e-01, 1.138573354331e-06, 1.2922e+01, 2.2325e-01, 
 2DIAGNOSTIC,    43, -4.161834049860e-01, 1.004201841841e-06, 1.3136e+01, 2.1423e-01, 
DIAGNOSTIC,Iteration,metricValue,convergenceValue,ITERATION_TIME_INDEX,SINCE_LAST
 2DIAGNOSTIC,     1, -3.834265912348e-01, 1.797693134862e+308, 1.5594e+01, 2.4582e+00, 
 2DIAGNOSTIC,     2, -3.834925053363e-01, 1.797693134862e+308, 1.6928e+01, 1.3336e+00, 
 2DIAGNOSTIC,     3, -3.834978116486e-01, 1.797693134862e+308, 1.8450e+01, 1.5226e+00, 
 2DIAGNOSTIC,     4, -3.835004127734e-01, 1.797693134862e+308, 2.0029e+01, 1.5787e+00, 
 2DIAGNOSTIC,     5, -3.835019582513e-01, 1.797693134862e+308, 2.1539e+01, 1.5099e+00, 
 2DIAGNOSTIC,     6, -3.835049957419e-01, 1.797693134862e+308, 2.3226e+01, 1.6873e+00, 
 2DIAGNOSTIC,     7, -3.835058343721e-01, 1.797693134862e+308, 2.4895e+01, 1.6686e+00, 
 2DIAGNOSTIC,     8, -3.835066498254e-01, 1.797693134862e+308, 2.6707e+01, 1.8124e+00, 
 2DIAGNOSTIC,     9, -3.835062955321e-01, 1.797693134862e+308, 2.8366e+01, 1.6586e+00, 
 2DIAGNOSTIC,    10, -3.835063108996e-01, 1.066660729172e-05, 3.0046e+01, 1.6797e+00, 
 2DIAGNOSTIC,    11, -3.835061571790e-01, 4.747040578734e-06, 3.2251e+01, 2.2058e+00, 
 2DIAGNOSTIC,    12, -3.835060832648e-01, 3.706200554551e-06, 3.3633e+01, 1.3820e+00, 
 2DIAGNOSTIC,    13, -3.835060190720e-01, 3.027826052382e-06, 3.5185e+01, 1.5517e+00, 
 2DIAGNOSTIC,    14, -3.835058638477e-01, 2.523467039203e-06, 3.6730e+01, 1.5452e+00, 
 2DIAGNOSTIC,    15, -3.835058006963e-01, 2.133709255225e-06, 3.8279e+01, 1.5485e+00, 
 2DIAGNOSTIC,    16, -3.835056463970e-01, 1.924177720131e-06, 4.0128e+01, 1.8490e+00, 
 2DIAGNOSTIC,    17, -3.835054775127e-01, 1.773328557220e-06, 4.1801e+01, 1.6732e+00, 
 2DIAGNOSTIC,    18, -3.835053086121e-01, 1.675385376709e-06, 4.3245e+01, 1.4442e+00, 
 2DIAGNOSTIC,    19, -3.835051448143e-01, 1.576051817075e-06, 4.4680e+01, 1.4352e+00, 
 2DIAGNOSTIC,    20, -3.835051658765e-01, 1.497295073538e-06, 4.6086e+01, 1.4051e+00, 
 2DIAGNOSTIC,    21, -3.835053779574e-01, 1.436675313056e-06, 4.7701e+01, 1.6152e+00, 
 2DIAGNOSTIC,    22, -3.835055901413e-01, 1.393331720716e-06, 4.9333e+01, 1.6318e+00, 
 2DIAGNOSTIC,    23, -3.835055251005e-01, 1.354581542108e-06, 5.0848e+01, 1.5151e+00, 
 2DIAGNOSTIC,    24, -3.835054518284e-01, 1.314933130381e-06, 5.2405e+01, 1.5570e+00, 
 2DIAGNOSTIC,    25, -3.835053813424e-01, 1.275595340897e-06, 5.3973e+01, 1.5685e+00, 
 2DIAGNOSTIC,    26, -3.835053141618e-01, 1.232550094869e-06, 5.5322e+01, 1.3490e+00, 
 2DIAGNOSTIC,    27, -3.835053494676e-01, 1.188143193151e-06, 5.6766e+01, 1.4440e+00, 
 2DIAGNOSTIC,    28, -3.835054089355e-01, 1.143229098909e-06, 5.8299e+01, 1.5324e+00, 
 2DIAGNOSTIC,    29, -3.835055814680e-01, 1.101082728674e-06, 5.9720e+01, 1.4213e+00, 
 2DIAGNOSTIC,    30, -3.835053714643e-01, 1.056523026857e-06, 6.1736e+01, 2.0164e+00, 
 2DIAGNOSTIC,    31, -3.835053052290e-01, 1.018740040180e-06, 6.3258e+01, 1.5222e+00, 
  Elapsed time (stage 0): 6.4080e+01


Total elapsed time: 6.4082e+01
Info [verificarlo]: loaded backend libinterflop_ieee.so
Info [interflop-ieee]: load backend with:
Info [interflop-ieee]: debug = false
Info [interflop-ieee]: debug-binary = false
Info [interflop-ieee]: no-backend-name = false
Info [interflop-ieee]: print-new-line = false
Info [interflop-ieee]: print-subnormal-normalized = false
Info [interflop-ieee]: count-op = false
All_Command_lines_OK
Using double precision for computations.
=============================================================================
The composite transform comprises the following transforms (in order): 
  1. /home/mdugre/scratch/mri-registration-rp/datasets/ds004513/derivatives/mri-registration-rp/0001/antsRegistration-r8-p20/sub-s017/rigid_Composite.h5[0] (type = Euler3DTransform)
  2. /home/mdugre/scratch/mri-registration-rp/datasets/ds004513/derivatives/mri-registration-rp/0001/antsRegistration-r8-p20/sub-s017/rigid_Composite.h5[1] (type = Euler3DTransform)
  3. /home/mdugre/scratch/mri-registration-rp/datasets/ds004513/derivatives/mri-registration-rp/0001/antsRegistration-r8-p20/sub-s017/rigid_Composite.h5[2] (type = Euler3DTransform)
=============================================================================
  number of levels = 4
  fixed image: /templateflow/tpl-MNI152NLin2009cAsym/tpl-MNI152NLin2009cAsym_res-01_desc-brain_T1w.nii.gz
  moving image: /home/mdugre/scratch/mri-registration-rp/datasets/ds004513/derivatives/mri-registration-rp/antsBrainExtraction/sub-s017/BrainExtractionBrain.nii.gz
Dimension = 3
Number of stages = 1
Use histogram matching = false
Winsorize image intensities = true
  Lower quantile = 0.005
  Upper quantile = 0.995


Stage 1 State
   Image metric = MattesMI
     Fixed image = Image (0x35ef7e0)
  RTTI typeinfo:   itk::Image<double, 3u>
  Reference Count: 2
  Modified Time: 1594
  Debug: Off
  Object Name: 
  Observers: 
    none
  Source: (none)
  Source output name: (none)
  Release Data: Off
  Data Released: False
  Global Release Data: Off
  PipelineMTime: 0
  UpdateMTime: 1203
  RealTimeStamp: 0 seconds 
  LargestPossibleRegion: 
    Dimension: 3
    Index: [0, 0, 0]
    Size: [193, 229, 193]
  BufferedRegion: 
    Dimension: 3
    Index: [0, 0, 0]
    Size: [193, 229, 193]
  RequestedRegion: 
    Dimension: 3
    Index: [0, 0, 0]
    Size: [193, 229, 193]
  Spacing: [1, 1, 1]
  Origin: [96, 132, -78]
  Direction: 
-1 0 0
0 -1 0
0 0 1

  IndexToPointMatrix: 
-1 0 0
0 -1 0
0 0 1

  PointToIndexMatrix: 
-1 0 0
0 -1 0
0 0 1

  Inverse Direction: 
-1 0 0
0 -1 0
0 0 1

  PixelContainer: 
    ImportImageContainer (0x36afa20)
      RTTI typeinfo:   itk::ImportImageContainer<unsigned long, double>
      Reference Count: 1
      Modified Time: 1200
      Debug: Off
      Object Name: 
      Observers: 
        none
      Pointer: 0x146986b99010
      Container manages memory: true
      Size: 8530021
      Capacity: 8530021

     Moving image = Image (0x36aad70)
  RTTI typeinfo:   itk::Image<double, 3u>
  Reference Count: 2
  Modified Time: 1595
  Debug: Off
  Object Name: 
  Observers: 
    none
  Source: (none)
  Source output name: (none)
  Release Data: Off
  Data Released: False
  Global Release Data: Off
  PipelineMTime: 0
  UpdateMTime: 1592
  RealTimeStamp: 0 seconds 
  LargestPossibleRegion: 
    Dimension: 3
    Index: [0, 0, 0]
    Size: [160, 240, 256]
  BufferedRegion: 
    Dimension: 3
    Index: [0, 0, 0]
    Size: [160, 240, 256]
  RequestedRegion: 
    Dimension: 3
    Index: [0, 0, 0]
    Size: [160, 240, 256]
  Spacing: [1, 1, 1]
  Origin: [91.3357, 102.231, -120.042]
  Direction: 
-0.997442 -5.36781e-05 -0.0714818
5.35416e-05 -1 3.82465e-06
-0.0714818 -1.23894e-08 0.997442

  IndexToPointMatrix: 
-0.997444 -5.36781e-05 -0.0714818
5.35418e-05 -1 3.82465e-06
-0.0714819 -1.23894e-08 0.997442

  PointToIndexMatrix: 
-0.99744 5.35415e-05 -0.0714816
-5.36781e-05 -1 -1.23894e-08
-0.0714818 3.82465e-06 0.997442

  Inverse Direction: 
-0.997442 5.35416e-05 -0.0714818
-5.36781e-05 -1 -1.23894e-08
-0.0714818 3.82465e-06 0.997442

  PixelContainer: 
    ImportImageContainer (0x3662c90)
      RTTI typeinfo:   itk::ImportImageContainer<unsigned long, double>
      Reference Count: 1
      Modified Time: 1589
      Debug: Off
      Object Name: 
      Observers: 
        none
      Pointer: 0x146982098010
      Container manages memory: true
      Size: 9830400
      Capacity: 9830400

     Weighting = 1
     Sampling strategy = regular
     Number of bins = 32
     Radius = 4
     Sampling percentage  = 0.25
   Transform = Affine
     Gradient step = 0.1
     Update field sigma (voxel space) = 0
     Total field sigma (voxel space) = 0
     Update field time sigma = 0
     Total field time sigma  = 0
     Number of time indices = 0
     Number of time point samples = 0
Registration using 1 total stages.

Stage 0
  iterations = 1000x500x250x100
  convergence threshold = 1e-06
  convergence window size = 10
  number of levels = 4
  using the Mattes MI metric (number of bins = 32, weight = 1, use gradient filter = 0)
  preprocessing:  winsorizing the image intensities
  Shrink factors (level 1 out of 4): [8, 8, 8]
  Shrink factors (level 2 out of 4): [4, 4, 4]
  Shrink factors (level 3 out of 4): [2, 2, 2]
  Shrink factors (level 4 out of 4): [1, 1, 1]
  smoothing sigmas per level: [3, 2, 1, 0]
  regular sampling (percentage = 0.25)

*** Running AffineTransform registration ***

DIAGNOSTIC,Iteration,metricValue,convergenceValue,ITERATION_TIME_INDEX,SINCE_LAST
 2DIAGNOSTIC,     1, -5.806290998416e-01, 1.797693134862e+308, 8.2059e-01, 8.2059e-01, 
 2DIAGNOSTIC,     2, -5.832407507915e-01, 1.797693134862e+308, 8.2471e-01, 4.1182e-03, 
 2DIAGNOSTIC,     3, -5.883921006194e-01, 1.797693134862e+308, 8.2880e-01, 4.0879e-03, 
 2DIAGNOSTIC,     4, -5.973582020948e-01, 1.797693134862e+308, 8.3289e-01, 4.0879e-03, 
 2DIAGNOSTIC,     5, -6.166279651469e-01, 1.797693134862e+308, 8.3702e-01, 4.1351e-03, 
 2DIAGNOSTIC,     6, -6.406440244547e-01, 1.797693134862e+308, 8.4121e-01, 4.1819e-03, 
 2DIAGNOSTIC,     7, -7.009864255831e-01, 1.797693134862e+308, 8.4547e-01, 4.2670e-03, 
 2DIAGNOSTIC,     8, -7.630482513703e-01, 1.797693134862e+308, 8.4987e-01, 4.4022e-03, 
 2DIAGNOSTIC,     9, -8.423469021820e-01, 1.797693134862e+308, 8.5670e-01, 6.8250e-03, 
 2DIAGNOSTIC,    10, -8.569694551382e-01, 2.845116130313e-02, 8.6126e-01, 4.5650e-03, 
 2DIAGNOSTIC,    11, -8.701917123113e-01, 2.871708895507e-02, 8.6668e-01, 5.4140e-03, 
 2DIAGNOSTIC,    12, -8.814645613929e-01, 2.683607374019e-02, 8.7481e-01, 8.1360e-03, 
 2DIAGNOSTIC,    13, -8.822368116942e-01, 2.307206284243e-02, 8.7962e-01, 4.8029e-03, 
 2DIAGNOSTIC,    14, -8.834458719689e-01, 1.815384141231e-02, 8.8450e-01, 4.8840e-03, 
 2DIAGNOSTIC,    15, -8.851322802405e-01, 1.292532926914e-02, 8.8926e-01, 4.7591e-03, 
 2DIAGNOSTIC,    16, -8.870480809808e-01, 7.902435076876e-03, 8.9409e-01, 4.8339e-03, 
 2DIAGNOSTIC,    17, -8.886777819921e-01, 4.189413182778e-03, 8.9994e-01, 5.8432e-03, 
 2DIAGNOSTIC,    18, -8.889448810718e-01, 1.810422432394e-03, 9.0575e-01, 5.8169e-03, 
 2DIAGNOSTIC,    19, -8.890594323628e-01, 1.083853135090e-03, 9.1104e-01, 5.2891e-03, 
 2DIAGNOSTIC,    20, -8.887882561945e-01, 5.969783268852e-04, 9.1667e-01, 5.6241e-03, 
 2DIAGNOSTIC,    21, -8.886098615903e-01, 3.264824910418e-04, 9.2301e-01, 6.3472e-03, 
 2DIAGNOSTIC,    22, -8.885249832701e-01, 2.361096521145e-04, 9.2831e-01, 5.2931e-03, 
 2DIAGNOSTIC,    23, -8.882875303021e-01, 1.410432909124e-04, 9.3360e-01, 5.2919e-03, 
 2DIAGNOSTIC,    24, -8.882052345374e-01, 5.851496536449e-05, 9.3842e-01, 4.8170e-03, 
DIAGNOSTIC,Iteration,metricValue,convergenceValue,ITERATION_TIME_INDEX,SINCE_LAST
 2DIAGNOSTIC,     1, -7.469015879702e-01, 1.797693134862e+308, 1.6469e+00, 7.0848e-01, 
 2DIAGNOSTIC,     2, -7.476337610454e-01, 1.797693134862e+308, 1.6855e+00, 3.8623e-02, 
 2DIAGNOSTIC,     3, -7.481984149315e-01, 1.797693134862e+308, 1.7231e+00, 3.7618e-02, 
 2DIAGNOSTIC,     4, -7.485348956987e-01, 1.797693134862e+308, 1.7603e+00, 3.7176e-02, 
 2DIAGNOSTIC,     5, -7.488723349304e-01, 1.797693134862e+308, 1.7971e+00, 3.6739e-02, 
 2DIAGNOSTIC,     6, -7.493028718363e-01, 1.797693134862e+308, 1.8369e+00, 3.9816e-02, 
 2DIAGNOSTIC,     7, -7.498240981583e-01, 1.797693134862e+308, 1.8814e+00, 4.4525e-02, 
 2DIAGNOSTIC,     8, -7.499189037943e-01, 1.797693134862e+308, 1.9175e+00, 3.6089e-02, 
 2DIAGNOSTIC,     9, -7.503981904076e-01, 1.797693134862e+308, 1.9622e+00, 4.4667e-02, 
 2DIAGNOSTIC,    10, -7.505578656723e-01, 3.049238825241e-04, 2.0022e+00, 4.0025e-02, 
 2DIAGNOSTIC,    11, -7.505341234010e-01, 2.389539902529e-04, 2.0419e+00, 3.9737e-02, 
 2DIAGNOSTIC,    12, -7.505061914069e-01, 1.848758137498e-04, 2.0808e+00, 3.8854e-02, 
 2DIAGNOSTIC,    13, -7.505141121066e-01, 1.393602381512e-04, 2.1204e+00, 3.9679e-02, 
 2DIAGNOSTIC,    14, -7.505102732910e-01, 9.677096743067e-05, 2.1575e+00, 3.7007e-02, 
 2DIAGNOSTIC,    15, -7.505029862843e-01, 5.935599132316e-05, 2.2018e+00, 4.4353e-02, 
 2DIAGNOSTIC,    16, -7.504912485481e-01, 3.116311040469e-05, 2.2423e+00, 4.0543e-02, 
 2DIAGNOSTIC,    17, -7.504804688830e-01, 1.513171423236e-05, 2.2777e+00, 3.5304e-02, 
 2DIAGNOSTIC,    18, -7.504860792674e-01, 1.517274567861e-06, 2.3163e+00, 3.8687e-02, 
DIAGNOSTIC,Iteration,metricValue,convergenceValue,ITERATION_TIME_INDEX,SINCE_LAST
 2DIAGNOSTIC,     1, -6.294116115734e-01, 1.797693134862e+308, 3.3842e+00, 1.0679e+00, 
 2DIAGNOSTIC,     2, -6.299274337757e-01, 1.797693134862e+308, 3.6608e+00, 2.7655e-01, 
 2DIAGNOSTIC,     3, -6.304606937610e-01, 1.797693134862e+308, 3.9132e+00, 2.5249e-01, 
 2DIAGNOSTIC,     4, -6.311440983270e-01, 1.797693134862e+308, 4.1585e+00, 2.4526e-01, 
 2DIAGNOSTIC,     5, -6.319613521828e-01, 1.797693134862e+308, 4.4268e+00, 2.6834e-01, 
 2DIAGNOSTIC,     6, -6.326508619700e-01, 1.797693134862e+308, 4.8841e+00, 4.5720e-01, 
 2DIAGNOSTIC,     7, -6.326442431844e-01, 1.797693134862e+308, 5.2500e+00, 3.6597e-01, 
 2DIAGNOSTIC,     8, -6.326421030350e-01, 1.797693134862e+308, 5.5734e+00, 3.2342e-01, 
 2DIAGNOSTIC,     9, -6.326413590461e-01, 1.797693134862e+308, 5.8464e+00, 2.7295e-01, 
 2DIAGNOSTIC,    10, -6.326405356660e-01, 3.607193939121e-04, 6.1609e+00, 3.1455e-01, 
 2DIAGNOSTIC,    11, -6.326380581090e-01, 2.475998148541e-04, 6.5039e+00, 3.4295e-01, 
 2DIAGNOSTIC,    12, -6.326382568698e-01, 1.509095228083e-04, 6.7841e+00, 2.8022e-01, 
 2DIAGNOSTIC,    13, -6.326371996948e-01, 7.419551210951e-05, 7.0792e+00, 2.9510e-01, 
 2DIAGNOSTIC,    14, -6.326376013497e-01, 2.341664854442e-05, 7.3709e+00, 2.9165e-01, 
 2DIAGNOSTIC,    15, -6.326364676348e-01, 1.358505357263e-06, 7.6314e+00, 2.6052e-01, 
 2DIAGNOSTIC,    16, -6.326355130331e-01, 1.489403009022e-06, 7.9044e+00, 2.7298e-01, 
 2DIAGNOSTIC,    17, -6.326348603561e-01, 1.460469334427e-06, 8.2232e+00, 3.1882e-01, 
 2DIAGNOSTIC,    18, -6.326337609437e-01, 1.391313745276e-06, 8.4847e+00, 2.6146e-01, 
 2DIAGNOSTIC,    19, -6.326327161679e-01, 1.322246835710e-06, 8.7438e+00, 2.5916e-01, 
 2DIAGNOSTIC,    20, -6.326305164416e-01, 1.226844812144e-06, 9.0133e+00, 2.6945e-01, 
 2DIAGNOSTIC,    21, -6.326298185495e-01, 1.107474509418e-06, 9.2678e+00, 2.5451e-01, 
 2DIAGNOSTIC,    22, -6.326281932662e-01, 1.008190483438e-06, 9.5196e+00, 2.5179e-01, 
DIAGNOSTIC,Iteration,metricValue,convergenceValue,ITERATION_TIME_INDEX,SINCE_LAST
 2DIAGNOSTIC,     1, -5.634463072892e-01, 1.797693134862e+308, 1.2386e+01, 2.8660e+00, 
 2DIAGNOSTIC,     2, -5.639251008587e-01, 1.797693134862e+308, 1.4169e+01, 1.7835e+00, 
 2DIAGNOSTIC,     3, -5.643935835703e-01, 1.797693134862e+308, 1.6099e+01, 1.9303e+00, 
 2DIAGNOSTIC,     4, -5.653421952031e-01, 1.797693134862e+308, 1.8205e+01, 2.1056e+00, 
 2DIAGNOSTIC,     5, -5.666806355941e-01, 1.797693134862e+308, 2.1140e+01, 2.9350e+00, 
 2DIAGNOSTIC,     6, -5.666788449919e-01, 1.797693134862e+308, 2.4183e+01, 3.0433e+00, 
 2DIAGNOSTIC,     7, -5.666781261245e-01, 1.797693134862e+308, 2.6294e+01, 2.1110e+00, 
 2DIAGNOSTIC,     8, -5.666783371862e-01, 1.797693134862e+308, 2.8851e+01, 2.5571e+00, 
 2DIAGNOSTIC,     9, -5.666785213524e-01, 1.797693134862e+308, 3.1184e+01, 2.3329e+00, 
 2DIAGNOSTIC,    10, -5.666783764164e-01, 3.983114161999e-04, 3.3266e+01, 2.0820e+00, 
 2DIAGNOSTIC,    11, -5.666784941534e-01, 2.625678954860e-04, 3.5450e+01, 2.1840e+00, 
 2DIAGNOSTIC,    12, -5.666783022569e-01, 1.470622355688e-04, 3.7381e+01, 1.9304e+00, 
 2DIAGNOSTIC,    13, -5.666782314635e-01, 5.397886568016e-05, 3.9339e+01, 1.9585e+00, 
 2DIAGNOSTIC,    14, -5.666781606686e-01, 2.173104546102e-06, 4.1434e+01, 2.0947e+00, 
 2DIAGNOSTIC,    15, -5.666779406494e-01, 2.088542484804e-06, 4.3395e+01, 1.9608e+00, 
 2DIAGNOSTIC,    16, -5.666778848004e-01, 1.960719634986e-06, 4.5408e+01, 2.0132e+00, 
 2DIAGNOSTIC,    17, -5.666778179194e-01, 1.827303952158e-06, 4.7218e+01, 1.8102e+00, 
 2DIAGNOSTIC,    18, -5.666778079269e-01, 1.718411582280e-06, 4.9016e+01, 1.7974e+00, 
 2DIAGNOSTIC,    19, -5.666778940709e-01, 1.632897420070e-06, 5.0876e+01, 1.8602e+00, 
 2DIAGNOSTIC,    20, -5.666781427589e-01, 1.562363911085e-06, 5.3039e+01, 2.1631e+00, 
 2DIAGNOSTIC,    21, -5.666783594939e-01, 1.509276605693e-06, 5.5000e+01, 1.9606e+00, 
 2DIAGNOSTIC,    22, -5.666780519676e-01, 1.450186591749e-06, 5.6775e+01, 1.7754e+00, 
 2DIAGNOSTIC,    23, -5.666782888104e-01, 1.399871594275e-06, 5.9084e+01, 2.3089e+00, 
 2DIAGNOSTIC,    24, -5.666783965162e-01, 1.352942782744e-06, 6.1237e+01, 2.1531e+00, 
 2DIAGNOSTIC,    25, -5.666781676382e-01, 1.298062746249e-06, 6.3348e+01, 2.1112e+00, 
 2DIAGNOSTIC,    26, -5.666781012372e-01, 1.242936105081e-06, 6.5288e+01, 1.9397e+00, 
 2DIAGNOSTIC,    27, -5.666779209857e-01, 1.185724091919e-06, 6.7160e+01, 1.8721e+00, 
 2DIAGNOSTIC,    28, -5.666778587377e-01, 1.130687238782e-06, 6.9073e+01, 1.9130e+00, 
 2DIAGNOSTIC,    29, -5.666775351589e-01, 1.075690564199e-06, 7.0982e+01, 1.9087e+00, 
 2DIAGNOSTIC,    30, -5.666776828687e-01, 1.033112075201e-06, 7.2922e+01, 1.9409e+00, 
  Elapsed time (stage 0): 7.4023e+01


Total elapsed time: 7.4025e+01
Info [verificarlo]: loaded backend libinterflop_vprec.so
Info [interflop-vprec]: load backend with: 
Info [interflop-vprec]: precision-binary32 = 20
Info [interflop-vprec]: range-binary32 = 8
Info [interflop-vprec]: precision-binary64 = 20
Info [interflop-vprec]: range-binary64 = 8
Info [interflop-vprec]: mode = ob
Info [interflop-vprec]: error-mode = rel
Info [interflop-vprec]: max-abs-error-exponent = -1022
Info [interflop-vprec]: daz = false
Info [interflop-vprec]: ftz = false
Info [interflop-vprec]: 	instrument = none
Info [interflop-vprec]: 	prec-input-file = (null)
Info [interflop-vprec]: 	prec-output-file = (null)
Info [interflop-vprec]: 	prec-log-file = (null)
All_Command_lines_OK
Using double precision for computations.
=============================================================================
The composite transform comprises the following transforms (in order): 
  1. /home/mdugre/scratch/mri-registration-rp/datasets/ds004513/derivatives/mri-registration-rp/0001/antsRegistration-r8-p20/sub-s017/affine_Composite.h5[0] (type = Euler3DTransform)
  2. /home/mdugre/scratch/mri-registration-rp/datasets/ds004513/derivatives/mri-registration-rp/0001/antsRegistration-r8-p20/sub-s017/affine_Composite.h5[1] (type = Euler3DTransform)
  3. /home/mdugre/scratch/mri-registration-rp/datasets/ds004513/derivatives/mri-registration-rp/0001/antsRegistration-r8-p20/sub-s017/affine_Composite.h5[2] (type = Euler3DTransform)
  4. /home/mdugre/scratch/mri-registration-rp/datasets/ds004513/derivatives/mri-registration-rp/0001/antsRegistration-r8-p20/sub-s017/affine_Composite.h5[3] (type = AffineTransform)
=============================================================================
  number of levels = 4
  fixed image: /templateflow/tpl-MNI152NLin2009cAsym/tpl-MNI152NLin2009cAsym_res-01_desc-brain_T1w.nii.gz
  moving image: /home/mdugre/scratch/mri-registration-rp/datasets/ds004513/derivatives/mri-registration-rp/antsBrainExtraction/sub-s017/BrainExtractionBrain.nii.gz
Dimension = 3
Number of stages = 1
Use histogram matching = false
Winsorize image intensities = true
  Lower quantile = 0.005
  Upper quantile = 0.995


Stage 1 State
   Image metric = CC
     Fixed image = Image (0x47796f0)
  RTTI typeinfo:   itk::Image<double, 3u>
  Reference Count: 2
  Modified Time: 1608
  Debug: Off
  Object Name: 
  Observers: 
    none
  Source: (none)
  Source output name: (none)
