
##########################
# Experiment information #
##########################

EXPERIMENT_NAME: antsRegistration-r8-p7
VFC_BACKENDS: libinterflop_vprec.so --range-binary32=8 --precision-binary32=7 --range-binary64=8 --precision-binary64=7

SIF_IMG: /home/mdugre/projects/rrg-glatard/mdugre/containers/ants-vprec-no_metrics.simg

SUBJECT_ID: s032
INPUT_IMG: /home/mdugre/scratch/mri-registration-rp/datasets/ds004513/derivatives/mri-registration-rp/antsBrainExtraction/sub-s032/BrainExtractionBrain.nii.gz
OUTPUT_DIR: /home/mdugre/scratch/mri-registration-rp/datasets/ds004513/derivatives/mri-registration-rp/0001/antsRegistration-r8-p7/sub-s032

FIXED_IMG: /templateflow/tpl-MNI152NLin2009cAsym/tpl-MNI152NLin2009cAsym_res-01_desc-brain_T1w.nii.gz
DATA_DIR: /home/mdugre/scratch/mri-registration-rp/datasets/ds004513
TEMPLATEFLOW_DIR: /home/mdugre/projects/rrg-glatard/mdugre/templateflow
ITK_GLOBAL_DEFAULT_NUMBER_OF_THREADS: 16
##########################

Info [verificarlo]: loaded backend libinterflop_ieee.so
Info [interflop-ieee]: load backend with:
Info [interflop-ieee]: debug = false
Info [interflop-ieee]: debug-binary = false
Info [interflop-ieee]: no-backend-name = false
Info [interflop-ieee]: print-new-line = false
Info [interflop-ieee]: print-subnormal-normalized = false
Info [interflop-ieee]: count-op = false
All_Command_lines_OK
Using double precision for computations.
=============================================================================
The composite transform comprises the following transforms (in order): 
  1. Center of mass alignment using fixed image: /templateflow/tpl-MNI152NLin2009cAsym/tpl-MNI152NLin2009cAsym_res-01_desc-brain_T1w.nii.gz and moving image: /home/mdugre/scratch/mri-registration-rp/datasets/ds004513/derivatives/mri-registration-rp/antsBrainExtraction/sub-s032/BrainExtractionBrain.nii.gz (type = Euler3DTransform)
=============================================================================
  number of levels = 1
  fixed image: /templateflow/tpl-MNI152NLin2009cAsym/tpl-MNI152NLin2009cAsym_res-01_desc-brain_T1w.nii.gz
  moving image: /home/mdugre/scratch/mri-registration-rp/datasets/ds004513/derivatives/mri-registration-rp/antsBrainExtraction/sub-s032/BrainExtractionBrain.nii.gz
Dimension = 3
Number of stages = 1
Use histogram matching = false
Winsorize image intensities = true
  Lower quantile = 0.005
  Upper quantile = 0.995


Stage 1 State
   Image metric = MattesMI
     Fixed image = Image (0x495cbd0)
  RTTI typeinfo:   itk::Image<double, 3u>
  Reference Count: 2
  Modified Time: 2330
  Debug: Off
  Object Name: 
  Observers: 
    none
  Source: (none)
  Source output name: (none)
  Release Data: Off
  Data Released: False
  Global Release Data: Off
  PipelineMTime: 0
  UpdateMTime: 1941
  RealTimeStamp: 0 seconds 
  LargestPossibleRegion: 
    Dimension: 3
    Index: [0, 0, 0]
    Size: [193, 229, 193]
  BufferedRegion: 
    Dimension: 3
    Index: [0, 0, 0]
    Size: [193, 229, 193]
  RequestedRegion: 
    Dimension: 3
    Index: [0, 0, 0]
    Size: [193, 229, 193]
  Spacing: [1, 1, 1]
  Origin: [96, 132, -78]
  Direction: 
-1 0 0
0 -1 0
0 0 1

  IndexToPointMatrix: 
-1 0 0
0 -1 0
0 0 1

  PointToIndexMatrix: 
-1 0 0
0 -1 0
0 0 1

  Inverse Direction: 
-1 0 0
0 -1 0
0 0 1

  PixelContainer: 
    ImportImageContainer (0x49659e0)
      RTTI typeinfo:   itk::ImportImageContainer<unsigned long, double>
      Reference Count: 1
      Modified Time: 1938
      Debug: Off
      Object Name: 
      Observers: 
        none
      Pointer: 0x14ee32cdc010
      Container manages memory: true
      Size: 8530021
      Capacity: 8530021

     Moving image = Image (0x4966d40)
  RTTI typeinfo:   itk::Image<double, 3u>
  Reference Count: 2
  Modified Time: 2331
  Debug: Off
  Object Name: 
  Observers: 
    none
  Source: (none)
  Source output name: (none)
  Release Data: Off
  Data Released: False
  Global Release Data: Off
  PipelineMTime: 0
  UpdateMTime: 2328
  RealTimeStamp: 0 seconds 
  LargestPossibleRegion: 
    Dimension: 3
    Index: [0, 0, 0]
    Size: [160, 240, 256]
  BufferedRegion: 
    Dimension: 3
    Index: [0, 0, 0]
    Size: [160, 240, 256]
  RequestedRegion: 
    Dimension: 3
    Index: [0, 0, 0]
    Size: [160, 240, 256]
  Spacing: [1, 1, 1]
  Origin: [73.279, 104.707, -131.187]
  Direction: 
-0.997527 0.0645574 -0.0278053
-0.0645323 -0.997914 -0.00179875
-0.0278634 4.01097e-08 0.999612

  IndexToPointMatrix: 
-0.997527 0.0645574 -0.0278053
-0.0645323 -0.997914 -0.00179875
-0.0278634 4.01097e-08 0.999612

  PointToIndexMatrix: 
-0.997527 -0.0645323 -0.0278634
0.0645574 -0.997914 4.01049e-08
-0.0278053 -0.00179875 0.999612

  Inverse Direction: 
-0.997527 -0.0645323 -0.0278634
0.0645574 -0.997914 4.01049e-08
-0.0278053 -0.00179875 0.999612

  PixelContainer: 
    ImportImageContainer (0x498c850)
      RTTI typeinfo:   itk::ImportImageContainer<unsigned long, double>
      Reference Count: 1
      Modified Time: 2325
      Debug: Off
      Object Name: 
      Observers: 
        none
      Pointer: 0x14ee2e1db010
      Container manages memory: true
      Size: 9830400
      Capacity: 9830400

     Weighting = 1
     Sampling strategy = regular
     Number of bins = 32
     Radius = 4
     Sampling percentage  = 0.25
   Transform = Rigid
     Gradient step = 0.1
     Update field sigma (voxel space) = 0
     Total field sigma (voxel space) = 0
     Update field time sigma = 0
     Total field time sigma  = 0
     Number of time indices = 0
     Number of time point samples = 0
Registration using 1 total stages.

Stage 0
  iterations = 0
  convergence threshold = 1e-06
  convergence window size = 10
  number of levels = 1
  using the Mattes MI metric (number of bins = 32, weight = 1, use gradient filter = 0)
  preprocessing:  winsorizing the image intensities
  Shrink factors (level 1 out of 1): [1, 1, 1]
  smoothing sigmas per level: [0]
  regular sampling (percentage = 0.25)

*** Running Euler3DTransform registration ***

  Elapsed time (stage 0): 1.08208


Total elapsed time: 1.08426
Info [verificarlo]: loaded backend libinterflop_ieee.so
Info [interflop-ieee]: load backend with:
Info [interflop-ieee]: debug = false
Info [interflop-ieee]: debug-binary = false
Info [interflop-ieee]: no-backend-name = false
Info [interflop-ieee]: print-new-line = false
Info [interflop-ieee]: print-subnormal-normalized = false
Info [interflop-ieee]: count-op = false
All_Command_lines_OK
Using double precision for computations.
=============================================================================
The composite transform comprises the following transforms (in order): 
  1. /home/mdugre/scratch/mri-registration-rp/datasets/ds004513/derivatives/mri-registration-rp/0001/antsRegistration-r8-p7/sub-s032/align_Composite.h5[0] (type = Euler3DTransform)
  2. /home/mdugre/scratch/mri-registration-rp/datasets/ds004513/derivatives/mri-registration-rp/0001/antsRegistration-r8-p7/sub-s032/align_Composite.h5[1] (type = Euler3DTransform)
=============================================================================
  number of levels = 4
  fixed image: /templateflow/tpl-MNI152NLin2009cAsym/tpl-MNI152NLin2009cAsym_res-01_desc-brain_T1w.nii.gz
  moving image: /home/mdugre/scratch/mri-registration-rp/datasets/ds004513/derivatives/mri-registration-rp/antsBrainExtraction/sub-s032/BrainExtractionBrain.nii.gz
Dimension = 3
Number of stages = 1
Use histogram matching = false
Winsorize image intensities = true
  Lower quantile = 0.005
  Upper quantile = 0.995


Stage 1 State
   Image metric = MattesMI
     Fixed image = Image (0x3ca5530)
  RTTI typeinfo:   itk::Image<double, 3u>
  Reference Count: 2
  Modified Time: 1578
  Debug: Off
  Object Name: 
  Observers: 
    none
  Source: (none)
  Source output name: (none)
  Release Data: Off
  Data Released: False
  Global Release Data: Off
  PipelineMTime: 0
  UpdateMTime: 1189
  RealTimeStamp: 0 seconds 
  LargestPossibleRegion: 
    Dimension: 3
    Index: [0, 0, 0]
    Size: [193, 229, 193]
  BufferedRegion: 
    Dimension: 3
    Index: [0, 0, 0]
    Size: [193, 229, 193]
  RequestedRegion: 
    Dimension: 3
    Index: [0, 0, 0]
    Size: [193, 229, 193]
  Spacing: [1, 1, 1]
  Origin: [96, 132, -78]
  Direction: 
-1 0 0
0 -1 0
0 0 1

  IndexToPointMatrix: 
-1 0 0
0 -1 0
0 0 1

  PointToIndexMatrix: 
-1 0 0
0 -1 0
0 0 1

  Inverse Direction: 
-1 0 0
0 -1 0
0 0 1

  PixelContainer: 
    ImportImageContainer (0x3d63d60)
      RTTI typeinfo:   itk::ImportImageContainer<unsigned long, double>
      Reference Count: 1
      Modified Time: 1186
      Debug: Off
      Object Name: 
      Observers: 
        none
      Pointer: 0x153cf603c010
      Container manages memory: true
      Size: 8530021
      Capacity: 8530021

     Moving image = Image (0x3d55f60)
  RTTI typeinfo:   itk::Image<double, 3u>
  Reference Count: 2
  Modified Time: 1579
  Debug: Off
  Object Name: 
  Observers: 
    none
  Source: (none)
  Source output name: (none)
  Release Data: Off
  Data Released: False
  Global Release Data: Off
  PipelineMTime: 0
  UpdateMTime: 1576
  RealTimeStamp: 0 seconds 
  LargestPossibleRegion: 
    Dimension: 3
    Index: [0, 0, 0]
    Size: [160, 240, 256]
  BufferedRegion: 
    Dimension: 3
    Index: [0, 0, 0]
    Size: [160, 240, 256]
  RequestedRegion: 
    Dimension: 3
    Index: [0, 0, 0]
    Size: [160, 240, 256]
  Spacing: [1, 1, 1]
  Origin: [73.279, 104.707, -131.187]
  Direction: 
-0.997527 0.0645574 -0.0278053
-0.0645323 -0.997914 -0.00179875
-0.0278634 4.01097e-08 0.999612

  IndexToPointMatrix: 
-0.997527 0.0645574 -0.0278053
-0.0645323 -0.997914 -0.00179875
-0.0278634 4.01097e-08 0.999612

  PointToIndexMatrix: 
-0.997527 -0.0645323 -0.0278634
0.0645574 -0.997914 4.01049e-08
-0.0278053 -0.00179875 0.999612

  Inverse Direction: 
-0.997527 -0.0645323 -0.0278634
0.0645574 -0.997914 4.01049e-08
-0.0278053 -0.00179875 0.999612

  PixelContainer: 
    ImportImageContainer (0x3d476d0)
      RTTI typeinfo:   itk::ImportImageContainer<unsigned long, double>
      Reference Count: 1
      Modified Time: 1573
      Debug: Off
      Object Name: 
      Observers: 
        none
      Pointer: 0x153cf153b010
      Container manages memory: true
      Size: 9830400
      Capacity: 9830400

     Weighting = 1
     Sampling strategy = regular
     Number of bins = 32
     Radius = 4
     Sampling percentage  = 0.25
   Transform = Rigid
     Gradient step = 0.1
     Update field sigma (voxel space) = 0
     Total field sigma (voxel space) = 0
     Update field time sigma = 0
     Total field time sigma  = 0
     Number of time indices = 0
     Number of time point samples = 0
Registration using 1 total stages.

Stage 0
  iterations = 1000x500x250x100
  convergence threshold = 1e-06
  convergence window size = 10
  number of levels = 4
  using the Mattes MI metric (number of bins = 32, weight = 1, use gradient filter = 0)
  preprocessing:  winsorizing the image intensities
  Shrink factors (level 1 out of 4): [8, 8, 8]
  Shrink factors (level 2 out of 4): [4, 4, 4]
  Shrink factors (level 3 out of 4): [2, 2, 2]
  Shrink factors (level 4 out of 4): [1, 1, 1]
  smoothing sigmas per level: [3, 2, 1, 0]
  regular sampling (percentage = 0.25)

*** Running Euler3DTransform registration ***

DIAGNOSTIC,Iteration,metricValue,convergenceValue,ITERATION_TIME_INDEX,SINCE_LAST
 2DIAGNOSTIC,     1, -5.480496989617e-01, 1.797693134862e+308, 6.6731e-01, 6.6731e-01, 
 2DIAGNOSTIC,     2, -5.506811078454e-01, 1.797693134862e+308, 6.7121e-01, 3.8950e-03, 
 2DIAGNOSTIC,     3, -5.546514955662e-01, 1.797693134862e+308, 6.7524e-01, 4.0300e-03, 
 2DIAGNOSTIC,     4, -5.606863537750e-01, 1.797693134862e+308, 6.7935e-01, 4.1130e-03, 
 2DIAGNOSTIC,     5, -5.693661845193e-01, 1.797693134862e+308, 6.8346e-01, 4.1120e-03, 
 2DIAGNOSTIC,     6, -5.854078830086e-01, 1.797693134862e+308, 6.8757e-01, 4.1041e-03, 
 2DIAGNOSTIC,     7, -6.232769732918e-01, 1.797693134862e+308, 6.9145e-01, 3.8879e-03, 
 2DIAGNOSTIC,     8, -6.297683730473e-01, 1.797693134862e+308, 6.9582e-01, 4.3712e-03, 
 2DIAGNOSTIC,     9, -6.366738733405e-01, 1.797693134862e+308, 7.0262e-01, 6.7999e-03, 
 2DIAGNOSTIC,    10, -6.375630690827e-01, 1.201760866083e-02, 7.0657e-01, 3.9442e-03, 
 2DIAGNOSTIC,    11, -6.405337628679e-01, 1.087684809450e-02, 7.1043e-01, 3.8640e-03, 
 2DIAGNOSTIC,    12, -6.435528997438e-01, 9.167753354490e-03, 7.1475e-01, 4.3139e-03, 
 2DIAGNOSTIC,    13, -6.444720921444e-01, 7.089498731847e-03, 7.1858e-01, 3.8331e-03, 
 2DIAGNOSTIC,    14, -6.463616611293e-01, 4.967892496988e-03, 7.2293e-01, 4.3499e-03, 
 2DIAGNOSTIC,    15, -6.484646963404e-01, 3.033020789043e-03, 7.2976e-01, 6.8328e-03, 
 2DIAGNOSTIC,    16, -6.486009987994e-01, 1.520386367320e-03, 7.3356e-01, 3.7949e-03, 
 2DIAGNOSTIC,    17, -6.493699344760e-01, 1.108203205204e-03, 7.3746e-01, 3.9041e-03, 
 2DIAGNOSTIC,    18, -6.514578195065e-01, 8.586162135987e-04, 7.4127e-01, 3.8080e-03, 
 2DIAGNOSTIC,    19, -6.526592717406e-01, 7.533650369804e-04, 7.4507e-01, 3.7999e-03, 
 2DIAGNOSTIC,    20, -6.536191777189e-01, 6.303067369292e-04, 7.4899e-01, 3.9160e-03, 
 2DIAGNOSTIC,    21, -6.549162298979e-01, 5.534292205378e-04, 7.5280e-01, 3.8140e-03, 
 2DIAGNOSTIC,    22, -6.562385790832e-01, 5.226986103231e-04, 7.5752e-01, 4.7240e-03, 
 2DIAGNOSTIC,    23, -6.565000058113e-01, 4.680180012234e-04, 7.6199e-01, 4.4682e-03, 
 2DIAGNOSTIC,    24, -6.565387353854e-01, 4.101063704202e-04, 7.6655e-01, 4.5619e-03, 
 2DIAGNOSTIC,    25, -6.567702146892e-01, 3.618032093018e-04, 7.7104e-01, 4.4861e-03, 
 2DIAGNOSTIC,    26, -6.583507212369e-01, 3.132611037337e-04, 7.7502e-01, 3.9830e-03, 
 2DIAGNOSTIC,    27, -6.586527568469e-01, 2.554116018355e-04, 7.7889e-01, 3.8679e-03, 
 2DIAGNOSTIC,    28, -6.593310437739e-01, 2.225767143851e-04, 7.8376e-01, 4.8690e-03, 
 2DIAGNOSTIC,    29, -6.595734041655e-01, 1.939316665347e-04, 7.8818e-01, 4.4200e-03, 
 2DIAGNOSTIC,    30, -6.595955819569e-01, 1.634946778533e-04, 7.9259e-01, 4.4110e-03, 
 2DIAGNOSTIC,    31, -6.596949967569e-01, 1.392755860933e-04, 7.9647e-01, 3.8750e-03, 
 2DIAGNOSTIC,    32, -6.597157295314e-01, 1.221677497617e-04, 8.0081e-01, 4.3402e-03, 
 2DIAGNOSTIC,    33, -6.597001423847e-01, 9.820426863215e-05, 8.0706e-01, 6.2521e-03, 
 2DIAGNOSTIC,    34, -6.595254449707e-01, 6.486903007682e-05, 8.1090e-01, 3.8381e-03, 
 2DIAGNOSTIC,    35, -6.595295822813e-01, 3.010817890946e-05, 8.1473e-01, 3.8381e-03, 
 2DIAGNOSTIC,    36, -6.595351297938e-01, 1.424396566964e-05, 8.1865e-01, 3.9129e-03, 
 2DIAGNOSTIC,    37, -6.595409535783e-01, 1.474135178790e-06, 8.2246e-01, 3.8099e-03, 
DIAGNOSTIC,Iteration,metricValue,convergenceValue,ITERATION_TIME_INDEX,SINCE_LAST
 2DIAGNOSTIC,     1, -5.183739626498e-01, 1.797693134862e+308, 1.4931e+00, 6.7067e-01, 
 2DIAGNOSTIC,     2, -5.189226238255e-01, 1.797693134862e+308, 1.5232e+00, 3.0060e-02, 
 2DIAGNOSTIC,     3, -5.196899327316e-01, 1.797693134862e+308, 1.5535e+00, 3.0349e-02, 
 2DIAGNOSTIC,     4, -5.204463662971e-01, 1.797693134862e+308, 1.5836e+00, 3.0106e-02, 
 2DIAGNOSTIC,     5, -5.209979485262e-01, 1.797693134862e+308, 1.6148e+00, 3.1205e-02, 
 2DIAGNOSTIC,     6, -5.216357744147e-01, 1.797693134862e+308, 1.6459e+00, 3.1087e-02, 
 2DIAGNOSTIC,     7, -5.233753714980e-01, 1.797693134862e+308, 1.6780e+00, 3.2083e-02, 
 2DIAGNOSTIC,     8, -5.241119131412e-01, 1.797693134862e+308, 1.7137e+00, 3.5706e-02, 
 2DIAGNOSTIC,     9, -5.247293428719e-01, 1.797693134862e+308, 1.7477e+00, 3.3972e-02, 
 2DIAGNOSTIC,    10, -5.250028240468e-01, 8.899807878380e-04, 1.7791e+00, 3.1397e-02, 
 2DIAGNOSTIC,    11, -5.254483048525e-01, 7.905532024693e-04, 1.8112e+00, 3.2073e-02, 
 2DIAGNOSTIC,    12, -5.277635694264e-01, 7.650652171165e-04, 1.8445e+00, 3.3372e-02, 
 2DIAGNOSTIC,    13, -5.283161395160e-01, 7.264279892554e-04, 1.8750e+00, 3.0482e-02, 
 2DIAGNOSTIC,    14, -5.288222942227e-01, 6.775650568317e-04, 1.9052e+00, 3.0221e-02, 
 2DIAGNOSTIC,    15, -5.289976644385e-01, 6.012605642794e-04, 1.9362e+00, 3.1008e-02, 
 2DIAGNOSTIC,    16, -5.298475157535e-01, 5.287514356371e-04, 1.9760e+00, 3.9768e-02, 
 2DIAGNOSTIC,    17, -5.313522092275e-01, 5.176188249854e-04, 2.0087e+00, 3.2722e-02, 
 2DIAGNOSTIC,    18, -5.317211773857e-01, 4.916457199919e-04, 2.0391e+00, 3.0375e-02, 
 2DIAGNOSTIC,    19, -5.322490368238e-01, 4.569572512547e-04, 2.0731e+00, 3.3946e-02, 
 2DIAGNOSTIC,    20, -5.323376694267e-01, 3.940984881297e-04, 2.1003e+00, 2.7197e-02, 
 2DIAGNOSTIC,    21, -5.325910058596e-01, 3.171257651358e-04, 2.1332e+00, 3.2921e-02, 
 2DIAGNOSTIC,    22, -5.334985804119e-01, 2.960183431468e-04, 2.1669e+00, 3.3689e-02, 
 2DIAGNOSTIC,    23, -5.343211001070e-01, 2.806747223196e-04, 2.1983e+00, 3.1400e-02, 
 2DIAGNOSTIC,    24, -5.358641449930e-01, 2.867114854787e-04, 2.2370e+00, 3.8737e-02, 
 2DIAGNOSTIC,    25, -5.371519478185e-01, 2.964661551719e-04, 2.2647e+00, 2.7713e-02, 
 2DIAGNOSTIC,    26, -5.416785082797e-01, 3.880275178159e-04, 2.2931e+00, 2.8390e-02, 
 2DIAGNOSTIC,    27, -5.441417669751e-01, 5.129648096727e-04, 2.3216e+00, 2.8528e-02, 
 2DIAGNOSTIC,    28, -5.459594929820e-01, 6.218344275673e-04, 2.3751e+00, 5.3521e-02, 
 2DIAGNOSTIC,    29, -5.461295717410e-01, 6.779226995787e-04, 2.4026e+00, 2.7434e-02, 
 2DIAGNOSTIC,    30, -5.465535656593e-01, 6.759006121305e-04, 2.4304e+00, 2.7771e-02, 
 2DIAGNOSTIC,    31, -5.470179903449e-01, 6.215066172281e-04, 2.4574e+00, 2.7048e-02, 
 2DIAGNOSTIC,    32, -5.474390920134e-01, 5.331505462087e-04, 2.4847e+00, 2.7309e-02, 
 2DIAGNOSTIC,    33, -5.480342618004e-01, 4.228982655215e-04, 2.5120e+00, 2.7321e-02, 
 2DIAGNOSTIC,    34, -5.484330343963e-01, 3.104431671698e-04, 2.5401e+00, 2.8053e-02, 
 2DIAGNOSTIC,    35, -5.487951904344e-01, 1.991784869716e-04, 2.5676e+00, 2.7510e-02, 
 2DIAGNOSTIC,    36, -5.496573043945e-01, 1.544121695561e-04, 2.5960e+00, 2.8376e-02, 
 2DIAGNOSTIC,    37, -5.503663608699e-01, 1.422041114399e-04, 2.6352e+00, 3.9254e-02, 
 2DIAGNOSTIC,    38, -5.506741553684e-01, 1.468321153872e-04, 2.6640e+00, 2.8815e-02, 
 2DIAGNOSTIC,    39, -5.516905168068e-01, 1.535281112396e-04, 2.6917e+00, 2.7642e-02, 
 2DIAGNOSTIC,    40, -5.542994426024e-01, 1.852655283670e-04, 2.7312e+00, 3.9496e-02, 
 2DIAGNOSTIC,    41, -5.558827845206e-01, 2.233353731940e-04, 2.7631e+00, 3.1926e-02, 
 2DIAGNOSTIC,    42, -5.600233820993e-01, 2.955566725895e-04, 2.7901e+00, 2.7045e-02, 
 2DIAGNOSTIC,    43, -5.645515121540e-01, 3.983795380569e-04, 2.8330e+00, 4.2842e-02, 
 2DIAGNOSTIC,    44, -5.645958604401e-01, 4.628082577166e-04, 2.8666e+00, 3.3597e-02, 
 2DIAGNOSTIC,    45, -5.647944010127e-01, 4.873217873279e-04, 2.9126e+00, 4.5992e-02, 
 2DIAGNOSTIC,    46, -5.647975396293e-01, 4.743194051533e-04, 2.9436e+00, 3.0978e-02, 
 2DIAGNOSTIC,    47, -5.647757269620e-01, 4.238183732121e-04, 2.9782e+00, 3.4648e-02, 
 2DIAGNOSTIC,    48, -5.647789093667e-01, 3.377861283715e-04, 3.0148e+00, 3.6595e-02, 
 2DIAGNOSTIC,    49, -5.647814159864e-01, 2.340158224559e-04, 3.0415e+00, 2.6669e-02, 
 2DIAGNOSTIC,    50, -5.647694714356e-01, 1.403093966409e-04, 3.0718e+00, 3.0347e-02, 
 2DIAGNOSTIC,    51, -5.647568801716e-01, 5.257169645145e-05, 3.1009e+00, 2.9069e-02, 
 2DIAGNOSTIC,    52, -5.647624350767e-01, 3.937337332463e-06, 3.1307e+00, 2.9809e-02, 
 2DIAGNOSTIC,    53, -5.647749706894e-01, 1.813255877024e-06, 3.1579e+00, 2.7159e-02, 
DIAGNOSTIC,Iteration,metricValue,convergenceValue,ITERATION_TIME_INDEX,SINCE_LAST
 2DIAGNOSTIC,     1, -5.005783379034e-01, 1.797693134862e+308, 4.1750e+00, 1.0171e+00, 
 2DIAGNOSTIC,     2, -5.010298840807e-01, 1.797693134862e+308, 4.3981e+00, 2.2313e-01, 
 2DIAGNOSTIC,     3, -5.015149270233e-01, 1.797693134862e+308, 4.6168e+00, 2.1865e-01, 
 2DIAGNOSTIC,     4, -5.018606271665e-01, 1.797693134862e+308, 4.8877e+00, 2.7090e-01, 
 2DIAGNOSTIC,     5, -5.019789507223e-01, 1.797693134862e+308, 5.1447e+00, 2.5704e-01, 
 2DIAGNOSTIC,     6, -5.019974762705e-01, 1.797693134862e+308, 5.4028e+00, 2.5805e-01, 
 2DIAGNOSTIC,     7, -5.020008249192e-01, 1.797693134862e+308, 5.6448e+00, 2.4200e-01, 
 2DIAGNOSTIC,     8, -5.020466904562e-01, 1.797693134862e+308, 5.8724e+00, 2.2761e-01, 
 2DIAGNOSTIC,     9, -5.020818230961e-01, 1.797693134862e+308, 6.1001e+00, 2.2778e-01, 
 2DIAGNOSTIC,    10, -5.021970966824e-01, 1.719646108689e-04, 6.4661e+00, 3.6600e-01, 
 2DIAGNOSTIC,    11, -5.022104796200e-01, 1.040231856714e-04, 6.7542e+00, 2.8807e-01, 
 2DIAGNOSTIC,    12, -5.022065052768e-01, 5.916343409976e-05, 7.1646e+00, 4.1037e-01, 
 2DIAGNOSTIC,    13, -5.022066417021e-01, 3.694191050621e-05, 7.4480e+00, 2.8343e-01, 
 2DIAGNOSTIC,    14, -5.022058767278e-01, 2.854926764102e-05, 7.7055e+00, 2.5754e-01, 
 2DIAGNOSTIC,    15, -5.022034836917e-01, 2.318216332607e-05, 7.9275e+00, 2.2191e-01, 
 2DIAGNOSTIC,    16, -5.022035907088e-01, 1.723042388208e-05, 8.1797e+00, 2.5222e-01, 
 2DIAGNOSTIC,    17, -5.022029223753e-01, 1.069746910193e-05, 8.4035e+00, 2.2379e-01, 
 2DIAGNOSTIC,    18, -5.022023549061e-01, 5.519250639255e-06, 8.6388e+00, 2.3528e-01, 
 2DIAGNOSTIC,    19, -5.022016950099e-01, 1.471373064020e-06, 8.8549e+00, 2.1611e-01, 
 2DIAGNOSTIC,    20, -5.022011382358e-01, 1.084082411520e-06, 9.0964e+00, 2.4155e-01, 
 2DIAGNOSTIC,    21, -5.022005420371e-01, 1.128690559467e-06, 9.3501e+00, 2.5371e-01, 
 2DIAGNOSTIC,    22, -5.021999790335e-01, 1.087564288349e-06, 9.5792e+00, 2.2904e-01, 
 2DIAGNOSTIC,    23, -5.022012140181e-01, 1.117583915661e-06, 9.8286e+00, 2.4944e-01, 
 2DIAGNOSTIC,    24, -5.022015644668e-01, 1.160790405109e-06, 1.0072e+01, 2.4312e-01, 
 2DIAGNOSTIC,    25, -5.022028679764e-01, 1.191131560122e-06, 1.0300e+01, 2.2797e-01, 
 2DIAGNOSTIC,    26, -5.022036658373e-01, 1.246591541805e-06, 1.0544e+01, 2.4456e-01, 
 2DIAGNOSTIC,    27, -5.022036299274e-01, 1.281141535997e-06, 1.0823e+01, 2.7860e-01, 
 2DIAGNOSTIC,    28, -5.022031687813e-01, 1.283040343997e-06, 1.1061e+01, 2.3799e-01, 
 2DIAGNOSTIC,    29, -5.022027644058e-01, 1.250381852447e-06, 1.1312e+01, 2.5132e-01, 
 2DIAGNOSTIC,    30, -5.022007944121e-01, 1.157923997977e-06, 1.1552e+01, 2.3949e-01, 
 2DIAGNOSTIC,    31, -5.022039529113e-01, 1.110155484658e-06, 1.1784e+01, 2.3264e-01, 
 2DIAGNOSTIC,    32, -5.022047513742e-01, 1.059283807982e-06, 1.2114e+01, 3.2939e-01, 
 2DIAGNOSTIC,    33, -5.022033007721e-01, 1.001832348038e-06, 1.2367e+01, 2.5346e-01, 
DIAGNOSTIC,Iteration,metricValue,convergenceValue,ITERATION_TIME_INDEX,SINCE_LAST
 2DIAGNOSTIC,     1, -4.662556247220e-01, 1.797693134862e+308, 1.4781e+01, 2.4142e+00, 
 2DIAGNOSTIC,     2, -4.664181546214e-01, 1.797693134862e+308, 1.6082e+01, 1.3008e+00, 
 2DIAGNOSTIC,     3, -4.665750856835e-01, 1.797693134862e+308, 1.7368e+01, 1.2856e+00, 
 2DIAGNOSTIC,     4, -4.667018225956e-01, 1.797693134862e+308, 1.8958e+01, 1.5899e+00, 
 2DIAGNOSTIC,     5, -4.667394217242e-01, 1.797693134862e+308, 2.0564e+01, 1.6067e+00, 
 2DIAGNOSTIC,     6, -4.667476581537e-01, 1.797693134862e+308, 2.1977e+01, 1.4131e+00, 
 2DIAGNOSTIC,     7, -4.668855268203e-01, 1.797693134862e+308, 2.3939e+01, 1.9615e+00, 
 2DIAGNOSTIC,     8, -4.669176176808e-01, 1.797693134862e+308, 2.5428e+01, 1.4887e+00, 
 2DIAGNOSTIC,     9, -4.669243437583e-01, 1.797693134862e+308, 2.6875e+01, 1.4472e+00, 
 2DIAGNOSTIC,    10, -4.669922296664e-01, 9.491623064192e-05, 2.8399e+01, 1.5240e+00, 
 2DIAGNOSTIC,    11, -4.669954323308e-01, 6.953588477163e-05, 3.0113e+01, 1.7146e+00, 
 2DIAGNOSTIC,    12, -4.670020108548e-01, 5.079027442756e-05, 3.1904e+01, 1.7905e+00, 
 2DIAGNOSTIC,    13, -4.670044931708e-01, 3.790130358360e-05, 3.3492e+01, 1.5881e+00, 
 2DIAGNOSTIC,    14, -4.670044890281e-01, 2.918245441719e-05, 3.4897e+01, 1.4054e+00, 
 2DIAGNOSTIC,    15, -4.670053422539e-01, 2.076746522897e-05, 3.6855e+01, 1.9572e+00, 
 2DIAGNOSTIC,    16, -4.670057338715e-01, 1.187958000202e-05, 3.8419e+01, 1.5650e+00, 
 2DIAGNOSTIC,    17, -4.670052182686e-01, 8.050895937702e-06, 4.0080e+01, 1.6608e+00, 
 2DIAGNOSTIC,    18, -4.670052927820e-01, 5.186648336278e-06, 4.1889e+01, 1.8086e+00, 
 2DIAGNOSTIC,    19, -4.670051236355e-01, 2.459113367964e-06, 4.3511e+01, 1.6223e+00, 
 2DIAGNOSTIC,    20, -4.670050345685e-01, 1.995455835617e-06, 4.5124e+01, 1.6126e+00, 
 2DIAGNOSTIC,    21, -4.670048009282e-01, 1.619577422493e-06, 4.6719e+01, 1.5953e+00, 
 2DIAGNOSTIC,    22, -4.670048398073e-01, 1.449926816957e-06, 4.8668e+01, 1.9491e+00, 
 2DIAGNOSTIC,    23, -4.670047814889e-01, 1.359188093332e-06, 5.0082e+01, 1.4142e+00, 
 2DIAGNOSTIC,    24, -4.670047292019e-01, 1.276169660780e-06, 5.1512e+01, 1.4296e+00, 
 2DIAGNOSTIC,    25, -4.670045221036e-01, 1.219896594649e-06, 5.3124e+01, 1.6122e+00, 
 2DIAGNOSTIC,    26, -4.670045647330e-01, 1.183588507543e-06, 5.4407e+01, 1.2829e+00, 
 2DIAGNOSTIC,    27, -4.670046373460e-01, 1.143546185634e-06, 5.5851e+01, 1.4438e+00, 
 2DIAGNOSTIC,    28, -4.670048142076e-01, 1.115032689944e-06, 5.7140e+01, 1.2889e+00, 
 2DIAGNOSTIC,    29, -4.670045050866e-01, 1.080432022585e-06, 5.8743e+01, 1.6031e+00, 
 2DIAGNOSTIC,    30, -4.670042896429e-01, 1.043983229553e-06, 6.0252e+01, 1.5095e+00, 
 2DIAGNOSTIC,    31, -4.670041756796e-01, 1.004677139919e-06, 6.1694e+01, 1.4412e+00, 
  Elapsed time (stage 0): 6.2474e+01


Total elapsed time: 6.2476e+01
Info [verificarlo]: loaded backend libinterflop_ieee.so
Info [interflop-ieee]: load backend with:
Info [interflop-ieee]: debug = false
Info [interflop-ieee]: debug-binary = false
Info [interflop-ieee]: no-backend-name = false
Info [interflop-ieee]: print-new-line = false
Info [interflop-ieee]: print-subnormal-normalized = false
Info [interflop-ieee]: count-op = false
All_Command_lines_OK
Using double precision for computations.
=============================================================================
The composite transform comprises the following transforms (in order): 
  1. /home/mdugre/scratch/mri-registration-rp/datasets/ds004513/derivatives/mri-registration-rp/0001/antsRegistration-r8-p7/sub-s032/rigid_Composite.h5[0] (type = Euler3DTransform)
  2. /home/mdugre/scratch/mri-registration-rp/datasets/ds004513/derivatives/mri-registration-rp/0001/antsRegistration-r8-p7/sub-s032/rigid_Composite.h5[1] (type = Euler3DTransform)
  3. /home/mdugre/scratch/mri-registration-rp/datasets/ds004513/derivatives/mri-registration-rp/0001/antsRegistration-r8-p7/sub-s032/rigid_Composite.h5[2] (type = Euler3DTransform)
=============================================================================
  number of levels = 4
  fixed image: /templateflow/tpl-MNI152NLin2009cAsym/tpl-MNI152NLin2009cAsym_res-01_desc-brain_T1w.nii.gz
  moving image: /home/mdugre/scratch/mri-registration-rp/datasets/ds004513/derivatives/mri-registration-rp/antsBrainExtraction/sub-s032/BrainExtractionBrain.nii.gz
Dimension = 3
Number of stages = 1
Use histogram matching = false
Winsorize image intensities = true
  Lower quantile = 0.005
  Upper quantile = 0.995


Stage 1 State
   Image metric = MattesMI
     Fixed image = Image (0x4889530)
  RTTI typeinfo:   itk::Image<double, 3u>
  Reference Count: 2
  Modified Time: 1592
  Debug: Off
  Object Name: 
  Observers: 
    none
  Source: (none)
  Source output name: (none)
  Release Data: Off
  Data Released: False
  Global Release Data: Off
  PipelineMTime: 0
  UpdateMTime: 1203
  RealTimeStamp: 0 seconds 
  LargestPossibleRegion: 
    Dimension: 3
    Index: [0, 0, 0]
    Size: [193, 229, 193]
  BufferedRegion: 
    Dimension: 3
    Index: [0, 0, 0]
    Size: [193, 229, 193]
  RequestedRegion: 
    Dimension: 3
    Index: [0, 0, 0]
    Size: [193, 229, 193]
  Spacing: [1, 1, 1]
  Origin: [96, 132, -78]
  Direction: 
-1 0 0
0 -1 0
0 0 1

  IndexToPointMatrix: 
-1 0 0
0 -1 0
0 0 1

  PointToIndexMatrix: 
-1 0 0
0 -1 0
0 0 1

  Inverse Direction: 
-1 0 0
0 -1 0
0 0 1

  PixelContainer: 
    ImportImageContainer (0x49422a0)
      RTTI typeinfo:   itk::ImportImageContainer<unsigned long, double>
      Reference Count: 1
      Modified Time: 1200
      Debug: Off
      Object Name: 
      Observers: 
        none
      Pointer: 0x148888dab010
      Container manages memory: true
      Size: 8530021
      Capacity: 8530021

     Moving image = Image (0x4944e60)
  RTTI typeinfo:   itk::Image<double, 3u>
  Reference Count: 2
  Modified Time: 1593
  Debug: Off
  Object Name: 
  Observers: 
    none
  Source: (none)
  Source output name: (none)
  Release Data: Off
  Data Released: False
  Global Release Data: Off
  PipelineMTime: 0
  UpdateMTime: 1590
  RealTimeStamp: 0 seconds 
  LargestPossibleRegion: 
    Dimension: 3
    Index: [0, 0, 0]
    Size: [160, 240, 256]
  BufferedRegion: 
    Dimension: 3
    Index: [0, 0, 0]
    Size: [160, 240, 256]
  RequestedRegion: 
    Dimension: 3
    Index: [0, 0, 0]
    Size: [160, 240, 256]
  Spacing: [1, 1, 1]
  Origin: [73.279, 104.707, -131.187]
  Direction: 
-0.997527 0.0645574 -0.0278053
-0.0645323 -0.997914 -0.00179875
-0.0278634 4.01097e-08 0.999612

  IndexToPointMatrix: 
-0.997527 0.0645574 -0.0278053
-0.0645323 -0.997914 -0.00179875
-0.0278634 4.01097e-08 0.999612

  PointToIndexMatrix: 
-0.997527 -0.0645323 -0.0278634
0.0645574 -0.997914 4.01049e-08
-0.0278053 -0.00179875 0.999612

  Inverse Direction: 
-0.997527 -0.0645323 -0.0278634
0.0645574 -0.997914 4.01049e-08
-0.0278053 -0.00179875 0.999612

  PixelContainer: 
    ImportImageContainer (0x4978390)
      RTTI typeinfo:   itk::ImportImageContainer<unsigned long, double>
      Reference Count: 1
      Modified Time: 1587
      Debug: Off
      Object Name: 
      Observers: 
        none
      Pointer: 0x1488842aa010
      Container manages memory: true
      Size: 9830400
      Capacity: 9830400

     Weighting = 1
     Sampling strategy = regular
     Number of bins = 32
     Radius = 4
     Sampling percentage  = 0.25
   Transform = Affine
     Gradient step = 0.1
     Update field sigma (voxel space) = 0
     Total field sigma (voxel space) = 0
     Update field time sigma = 0
     Total field time sigma  = 0
     Number of time indices = 0
     Number of time point samples = 0
Registration using 1 total stages.

Stage 0
  iterations = 1000x500x250x100
  convergence threshold = 1e-06
  convergence window size = 10
  number of levels = 4
  using the Mattes MI metric (number of bins = 32, weight = 1, use gradient filter = 0)
  preprocessing:  winsorizing the image intensities
  Shrink factors (level 1 out of 4): [8, 8, 8]
  Shrink factors (level 2 out of 4): [4, 4, 4]
  Shrink factors (level 3 out of 4): [2, 2, 2]
  Shrink factors (level 4 out of 4): [1, 1, 1]
  smoothing sigmas per level: [3, 2, 1, 0]
  regular sampling (percentage = 0.25)

*** Running AffineTransform registration ***

DIAGNOSTIC,Iteration,metricValue,convergenceValue,ITERATION_TIME_INDEX,SINCE_LAST
 2DIAGNOSTIC,     1, -6.865890621752e-01, 1.797693134862e+308, 6.8178e-01, 6.8178e-01, 
 2DIAGNOSTIC,     2, -6.883563631241e-01, 1.797693134862e+308, 6.8605e-01, 4.2760e-03, 
 2DIAGNOSTIC,     3, -6.916818270774e-01, 1.797693134862e+308, 6.9037e-01, 4.3159e-03, 
 2DIAGNOSTIC,     4, -6.971308890860e-01, 1.797693134862e+308, 6.9517e-01, 4.7970e-03, 
 2DIAGNOSTIC,     5, -7.043886048227e-01, 1.797693134862e+308, 6.9973e-01, 4.5600e-03, 
 2DIAGNOSTIC,     6, -7.158271506948e-01, 1.797693134862e+308, 7.0445e-01, 4.7209e-03, 
 2DIAGNOSTIC,     7, -7.230599354508e-01, 1.797693134862e+308, 7.1202e-01, 7.5691e-03, 
 2DIAGNOSTIC,     8, -7.227449918698e-01, 1.797693134862e+308, 7.1615e-01, 4.1389e-03, 
 2DIAGNOSTIC,     9, -7.231496050742e-01, 1.797693134862e+308, 7.2040e-01, 4.2431e-03, 
 2DIAGNOSTIC,    10, -7.237967559146e-01, 4.156179925864e-03, 7.2480e-01, 4.4000e-03, 
 2DIAGNOSTIC,    11, -7.245046917720e-01, 3.363234814484e-03, 7.2914e-01, 4.3421e-03, 
 2DIAGNOSTIC,    12, -7.253310654625e-01, 2.487821768126e-03, 7.3374e-01, 4.5969e-03, 
 2DIAGNOSTIC,    13, -7.263024103026e-01, 1.660223452512e-03, 7.3808e-01, 4.3411e-03, 
 2DIAGNOSTIC,    14, -7.294130845544e-01, 1.047149060331e-03, 7.4325e-01, 5.1751e-03, 
 2DIAGNOSTIC,    15, -7.310929366865e-01, 6.507425977688e-04, 7.5032e-01, 7.0629e-03, 
 2DIAGNOSTIC,    16, -7.313013752996e-01, 5.294387598869e-04, 7.5521e-01, 4.8900e-03, 
 2DIAGNOSTIC,    17, -7.322784060729e-01, 5.674170945076e-04, 7.5959e-01, 4.3809e-03, 
 2DIAGNOSTIC,    18, -7.346662963353e-01, 5.939617204204e-04, 7.6472e-01, 5.1341e-03, 
 2DIAGNOSTIC,    19, -7.365836009593e-01, 6.087810071966e-04, 7.6960e-01, 4.8771e-03, 
 2DIAGNOSTIC,    20, -7.375093542935e-01, 5.958824718615e-04, 7.7484e-01, 5.2459e-03, 
 2DIAGNOSTIC,    21, -7.377620927568e-01, 5.481361346914e-04, 7.7933e-01, 4.4899e-03, 
 2DIAGNOSTIC,    22, -7.378963532375e-01, 4.718865648375e-04, 7.8372e-01, 4.3859e-03, 
 2DIAGNOSTIC,    23, -7.384147907074e-01, 3.821902219365e-04, 7.8919e-01, 5.4748e-03, 
 2DIAGNOSTIC,    24, -7.387039716497e-01, 3.188293155745e-04, 7.9442e-01, 5.2209e-03, 
 2DIAGNOSTIC,    25, -7.386527479270e-01, 2.568003771544e-04, 7.9907e-01, 4.6501e-03, 
 2DIAGNOSTIC,    26, -7.389579147068e-01, 1.839473884507e-04, 8.0344e-01, 4.3781e-03, 
 2DIAGNOSTIC,    27, -7.395790902183e-01, 1.220465793098e-04, 8.0835e-01, 4.9078e-03, 
 2DIAGNOSTIC,    28, -7.407845770470e-01, 1.026718882509e-04, 8.1505e-01, 6.6988e-03, 
 2DIAGNOSTIC,    29, -7.411271023920e-01, 1.049349657901e-04, 8.1991e-01, 4.8590e-03, 
 2DIAGNOSTIC,    30, -7.412029789836e-01, 1.105183415670e-04, 8.2424e-01, 4.3330e-03, 
 2DIAGNOSTIC,    31, -7.411916686785e-01, 1.086993540689e-04, 8.2857e-01, 4.3271e-03, 
 2DIAGNOSTIC,    32, -7.413009446478e-01, 9.951335052058e-05, 8.3320e-01, 4.6329e-03, 
 2DIAGNOSTIC,    33, -7.415094994220e-01, 8.981063624341e-05, 8.3805e-01, 4.8480e-03, 
 2DIAGNOSTIC,    34, -7.415556189646e-01, 7.611044378035e-05, 8.4365e-01, 5.5950e-03, 
 2DIAGNOSTIC,    35, -7.416066117610e-01, 5.627738026687e-05, 8.4798e-01, 4.3380e-03, 
 2DIAGNOSTIC,    36, -7.415521355943e-01, 3.506798056649e-05, 8.5283e-01, 4.8509e-03, 
 2DIAGNOSTIC,    37, -7.417063664346e-01, 1.964175970672e-05, 8.5851e-01, 5.6770e-03, 
 2DIAGNOSTIC,    38, -7.417549897302e-01, 1.593842855420e-05, 8.6300e-01, 4.4839e-03, 
 2DIAGNOSTIC,    39, -7.418372461192e-01, 1.520690449546e-05, 8.6763e-01, 4.6329e-03, 
 2DIAGNOSTIC,    40, -7.418893404791e-01, 1.443600650616e-05, 8.7276e-01, 5.1289e-03, 
 2DIAGNOSTIC,    41, -7.421418462549e-01, 1.469840589867e-05, 8.7764e-01, 4.8831e-03, 
 2DIAGNOSTIC,    42, -7.420658472428e-01, 1.381364488514e-05, 8.8276e-01, 5.1150e-03, 
 2DIAGNOSTIC,    43, -7.420670860320e-01, 1.364745202795e-05, 8.8708e-01, 4.3230e-03, 
 2DIAGNOSTIC,    44, -7.420722975679e-01, 1.272603144040e-05, 8.9191e-01, 4.8361e-03, 
 2DIAGNOSTIC,    45, -7.420769964755e-01, 1.118670698611e-05, 8.9754e-01, 5.6281e-03, 
 2DIAGNOSTIC,    46, -7.421795917362e-01, 9.063476402560e-06, 9.0205e-01, 4.5040e-03, 
 2DIAGNOSTIC,    47, -7.421872981728e-01, 7.553266407650e-06, 9.0678e-01, 4.7331e-03, 
 2DIAGNOSTIC,    48, -7.422956434432e-01, 6.749307373811e-06, 9.1163e-01, 4.8501e-03, 
 2DIAGNOSTIC,    49, -7.423022330132e-01, 6.091371539872e-06, 9.1847e-01, 6.8450e-03, 
 2DIAGNOSTIC,    50, -7.423030669288e-01, 5.292960488373e-06, 9.2554e-01, 7.0670e-03, 
 2DIAGNOSTIC,    51, -7.423030685125e-01, 6.019315801613e-06, 9.3141e-01, 5.8720e-03, 
 2DIAGNOSTIC,    52, -7.423030686096e-01, 5.628529932369e-06, 9.3728e-01, 5.8641e-03, 
 2DIAGNOSTIC,    53, -7.423030686187e-01, 4.779073012013e-06, 9.4289e-01, 5.6100e-03, 
 2DIAGNOSTIC,    54, -7.423030686200e-01, 3.603608185670e-06, 9.4877e-01, 5.8870e-03, 
 2DIAGNOSTIC,    55, -7.423030686201e-01, 2.207902719171e-06, 9.5466e-01, 5.8851e-03, 
 2DIAGNOSTIC,    56, -7.423030686202e-01, 1.425027455825e-06, 9.6091e-01, 6.2511e-03, 
DIAGNOSTIC,Iteration,metricValue,convergenceValue,ITERATION_TIME_INDEX,SINCE_LAST
 2DIAGNOSTIC,     1, -5.986778797857e-01, 1.797693134862e+308, 1.6493e+00, 6.8841e-01, 
 2DIAGNOSTIC,     2, -5.989301133573e-01, 1.797693134862e+308, 1.6823e+00, 3.3000e-02, 
 2DIAGNOSTIC,     3, -5.994664203424e-01, 1.797693134862e+308, 1.7167e+00, 3.4373e-02, 
 2DIAGNOSTIC,     4, -5.996449883721e-01, 1.797693134862e+308, 1.7542e+00, 3.7455e-02, 
 2DIAGNOSTIC,     5, -5.996542736526e-01, 1.797693134862e+308, 1.7847e+00, 3.0580e-02, 
 2DIAGNOSTIC,     6, -5.996562046425e-01, 1.797693134862e+308, 1.8190e+00, 3.4289e-02, 
 2DIAGNOSTIC,     7, -5.997095083602e-01, 1.797693134862e+308, 1.8499e+00, 3.0837e-02, 
 2DIAGNOSTIC,     8, -5.997612956465e-01, 1.797693134862e+308, 1.8843e+00, 3.4436e-02, 
 2DIAGNOSTIC,     9, -5.998375291136e-01, 1.797693134862e+308, 1.9225e+00, 3.8184e-02, 
 2DIAGNOSTIC,    10, -5.998278454046e-01, 1.065341121616e-04, 1.9570e+00, 3.4488e-02, 
 2DIAGNOSTIC,    11, -5.998343705822e-01, 6.382647094812e-05, 1.9961e+00, 3.9120e-02, 
 2DIAGNOSTIC,    12, -5.998412496020e-01, 3.248907257559e-05, 2.0422e+00, 4.6153e-02, 
 2DIAGNOSTIC,    13, -5.998366822271e-01, 2.242806697111e-05, 2.0804e+00, 3.8147e-02, 
 2DIAGNOSTIC,    14, -5.998271352718e-01, 1.769586443728e-05, 2.1171e+00, 3.6686e-02, 
 2DIAGNOSTIC,    15, -5.998235203612e-01, 1.241704728419e-05, 2.1561e+00, 3.9019e-02, 
 2DIAGNOSTIC,    16, -5.998270150896e-01, 7.019449194554e-06, 2.1948e+00, 3.8713e-02, 
 2DIAGNOSTIC,    17, -5.997957620544e-01, 2.376791537334e-06, 2.2356e+00, 4.0805e-02, 
DIAGNOSTIC,Iteration,metricValue,convergenceValue,ITERATION_TIME_INDEX,SINCE_LAST
 2DIAGNOSTIC,     1, -5.355267787870e-01, 1.797693134862e+308, 3.2877e+00, 1.0521e+00, 
 2DIAGNOSTIC,     2, -5.357641243748e-01, 1.797693134862e+308, 3.5268e+00, 2.3915e-01, 
 2DIAGNOSTIC,     3, -5.361661466773e-01, 1.797693134862e+308, 3.7923e+00, 2.6549e-01, 
 2DIAGNOSTIC,     4, -5.366482220954e-01, 1.797693134862e+308, 4.0483e+00, 2.5601e-01, 
 2DIAGNOSTIC,     5, -5.374381746489e-01, 1.797693134862e+308, 4.3068e+00, 2.5849e-01, 
 2DIAGNOSTIC,     6, -5.389106788847e-01, 1.797693134862e+308, 4.5657e+00, 2.5888e-01, 
 2DIAGNOSTIC,     7, -5.404262176884e-01, 1.797693134862e+308, 4.8727e+00, 3.0703e-01, 
 2DIAGNOSTIC,     8, -5.421649077885e-01, 1.797693134862e+308, 5.1704e+00, 2.9771e-01, 
 2DIAGNOSTIC,     9, -5.428910084192e-01, 1.797693134862e+308, 5.4206e+00, 2.5012e-01, 
 2DIAGNOSTIC,    10, -5.441133772805e-01, 1.112147179548e-03, 5.8702e+00, 4.4962e-01, 
 2DIAGNOSTIC,    11, -5.441437375787e-01, 1.064336060852e-03, 6.1279e+00, 2.5775e-01, 
 2DIAGNOSTIC,    12, -5.442859327513e-01, 9.458735143184e-04, 6.3769e+00, 2.4895e-01, 
 2DIAGNOSTIC,    13, -5.444530583640e-01, 7.836051084392e-04, 6.6278e+00, 2.5094e-01, 
 2DIAGNOSTIC,    14, -5.446868650685e-01, 6.004131567889e-04, 6.9517e+00, 3.2392e-01, 
 2DIAGNOSTIC,    15, -5.448587677347e-01, 4.201827806782e-04, 7.5345e+00, 5.8276e-01, 
 2DIAGNOSTIC,    16, -5.448596918211e-01, 2.721767959297e-04, 7.8265e+00, 2.9198e-01, 
 2DIAGNOSTIC,    17, -5.448598446442e-01, 1.630771989515e-04, 8.0720e+00, 2.4554e-01, 
 2DIAGNOSTIC,    18, -5.448601306165e-01, 1.017906255098e-04, 8.3530e+00, 2.8094e-01, 
 2DIAGNOSTIC,    19, -5.448602607588e-01, 5.674525496464e-05, 8.6371e+00, 2.8418e-01, 
 2DIAGNOSTIC,    20, -5.448613922413e-01, 4.319710839667e-05, 8.8864e+00, 2.4930e-01, 
 2DIAGNOSTIC,    21, -5.448623046641e-01, 2.787942925547e-05, 9.1797e+00, 2.9325e-01, 
 2DIAGNOSTIC,    22, -5.448642087743e-01, 1.495429265704e-05, 9.4752e+00, 2.9547e-01, 
 2DIAGNOSTIC,    23, -5.448634342981e-01, 5.580665500604e-06, 9.7613e+00, 2.8619e-01, 
 2DIAGNOSTIC,    24, -5.448642247923e-01, 1.615266558133e-06, 1.0073e+01, 3.1154e-01, 
 2DIAGNOSTIC,    25, -5.448635358960e-01, 1.529221905459e-06, 1.0364e+01, 2.9077e-01, 
 2DIAGNOSTIC,    26, -5.448628080850e-01, 1.429980509927e-06, 1.0621e+01, 2.5740e-01, 
 2DIAGNOSTIC,    27, -5.448622708398e-01, 1.311797387625e-06, 1.0905e+01, 2.8424e-01, 
 2DIAGNOSTIC,    28, -5.448619330927e-01, 1.189407369685e-06, 1.1157e+01, 2.5126e-01, 
 2DIAGNOSTIC,    29, -5.448620531919e-01, 1.075274465842e-06, 1.1435e+01, 2.7838e-01, 
 2DIAGNOSTIC,    30, -5.448628755900e-01, 1.004957631029e-06, 1.1750e+01, 3.1505e-01, 
DIAGNOSTIC,Iteration,metricValue,convergenceValue,ITERATION_TIME_INDEX,SINCE_LAST
 2DIAGNOSTIC,     1, -4.997819106826e-01, 1.797693134862e+308, 1.4425e+01, 2.6755e+00, 
 2DIAGNOSTIC,     2, -4.999333521444e-01, 1.797693134862e+308, 1.5980e+01, 1.5544e+00, 
