
##########################
# Experiment information #
##########################

EXPERIMENT_NAME: antsRegistration-r7-p15
VFC_BACKENDS: libinterflop_vprec.so --range-binary32=7 --precision-binary32=15 --range-binary64=7 --precision-binary64=15

SIF_IMG: /home/mdugre/projects/rrg-glatard/mdugre/containers/ants-vprec-no_metrics.simg

SUBJECT_ID: s014
INPUT_IMG: /home/mdugre/scratch/mri-registration-rp/datasets/ds004513/derivatives/mri-registration-rp/antsBrainExtraction/sub-s014/BrainExtractionBrain.nii.gz
OUTPUT_DIR: /home/mdugre/scratch/mri-registration-rp/datasets/ds004513/derivatives/mri-registration-rp/0001/antsRegistration-r7-p15/sub-s014

FIXED_IMG: /templateflow/tpl-MNI152NLin2009cAsym/tpl-MNI152NLin2009cAsym_res-01_desc-brain_T1w.nii.gz
DATA_DIR: /home/mdugre/scratch/mri-registration-rp/datasets/ds004513
TEMPLATEFLOW_DIR: /home/mdugre/projects/rrg-glatard/mdugre/templateflow
ITK_GLOBAL_DEFAULT_NUMBER_OF_THREADS: 16
##########################

Info [verificarlo]: loaded backend libinterflop_ieee.so
Info [interflop-ieee]: load backend with:
Info [interflop-ieee]: debug = false
Info [interflop-ieee]: debug-binary = false
Info [interflop-ieee]: no-backend-name = false
Info [interflop-ieee]: print-new-line = false
Info [interflop-ieee]: print-subnormal-normalized = false
Info [interflop-ieee]: count-op = false
All_Command_lines_OK
Using double precision for computations.
=============================================================================
The composite transform comprises the following transforms (in order): 
  1. Center of mass alignment using fixed image: /templateflow/tpl-MNI152NLin2009cAsym/tpl-MNI152NLin2009cAsym_res-01_desc-brain_T1w.nii.gz and moving image: /home/mdugre/scratch/mri-registration-rp/datasets/ds004513/derivatives/mri-registration-rp/antsBrainExtraction/sub-s014/BrainExtractionBrain.nii.gz (type = Euler3DTransform)
=============================================================================
  number of levels = 1
  fixed image: /templateflow/tpl-MNI152NLin2009cAsym/tpl-MNI152NLin2009cAsym_res-01_desc-brain_T1w.nii.gz
  moving image: /home/mdugre/scratch/mri-registration-rp/datasets/ds004513/derivatives/mri-registration-rp/antsBrainExtraction/sub-s014/BrainExtractionBrain.nii.gz
Dimension = 3
Number of stages = 1
Use histogram matching = false
Winsorize image intensities = true
  Lower quantile = 0.005
  Upper quantile = 0.995


Stage 1 State
   Image metric = MattesMI
     Fixed image = Image (0x3a6fe70)
  RTTI typeinfo:   itk::Image<double, 3u>
  Reference Count: 2
  Modified Time: 2334
  Debug: Off
  Object Name: 
  Observers: 
    none
  Source: (none)
  Source output name: (none)
  Release Data: Off
  Data Released: False
  Global Release Data: Off
  PipelineMTime: 0
  UpdateMTime: 1943
  RealTimeStamp: 0 seconds 
  LargestPossibleRegion: 
    Dimension: 3
    Index: [0, 0, 0]
    Size: [193, 229, 193]
  BufferedRegion: 
    Dimension: 3
    Index: [0, 0, 0]
    Size: [193, 229, 193]
  RequestedRegion: 
    Dimension: 3
    Index: [0, 0, 0]
    Size: [193, 229, 193]
  Spacing: [1, 1, 1]
  Origin: [96, 132, -78]
  Direction: 
-1 0 0
0 -1 0
0 0 1

  IndexToPointMatrix: 
-1 0 0
0 -1 0
0 0 1

  PointToIndexMatrix: 
-1 0 0
0 -1 0
0 0 1

  Inverse Direction: 
-1 0 0
0 -1 0
0 0 1

  PixelContainer: 
    ImportImageContainer (0x3a7c140)
      RTTI typeinfo:   itk::ImportImageContainer<unsigned long, double>
      Reference Count: 1
      Modified Time: 1940
      Debug: Off
      Object Name: 
      Observers: 
        none
      Pointer: 0x151c5b373010
      Container manages memory: true
      Size: 8530021
      Capacity: 8530021

     Moving image = Image (0x3a79310)
  RTTI typeinfo:   itk::Image<double, 3u>
  Reference Count: 2
  Modified Time: 2335
  Debug: Off
  Object Name: 
  Observers: 
    none
  Source: (none)
  Source output name: (none)
  Release Data: Off
  Data Released: False
  Global Release Data: Off
  PipelineMTime: 0
  UpdateMTime: 2332
  RealTimeStamp: 0 seconds 
  LargestPossibleRegion: 
    Dimension: 3
    Index: [0, 0, 0]
    Size: [160, 240, 256]
  BufferedRegion: 
    Dimension: 3
    Index: [0, 0, 0]
    Size: [160, 240, 256]
  RequestedRegion: 
    Dimension: 3
    Index: [0, 0, 0]
    Size: [160, 240, 256]
  Spacing: [0.999999, 1, 1]
  Origin: [84.1637, 106.709, -120.531]
  Direction: 
-0.999619 -0.0226874 -0.0157033
0.0226846 -0.999743 0.00035635
-0.0157073 -7.8229e-09 0.999877

  IndexToPointMatrix: 
-0.999619 -0.0226874 -0.0157033
0.0226845 -0.999743 0.00035635
-0.0157073 -7.8229e-09 0.999877

  PointToIndexMatrix: 
-0.99962 0.0226846 -0.0157073
-0.0226874 -0.999743 -7.83127e-09
-0.0157033 0.00035635 0.999877

  Inverse Direction: 
-0.999619 0.0226846 -0.0157073
-0.0226874 -0.999743 -7.83127e-09
-0.0157033 0.00035635 0.999877

  PixelContainer: 
    ImportImageContainer (0x3ba4610)
      RTTI typeinfo:   itk::ImportImageContainer<unsigned long, double>
      Reference Count: 1
      Modified Time: 2329
      Debug: Off
      Object Name: 
      Observers: 
        none
      Pointer: 0x151c56872010
      Container manages memory: true
      Size: 9830400
      Capacity: 9830400

     Weighting = 1
     Sampling strategy = regular
     Number of bins = 32
     Radius = 4
     Sampling percentage  = 0.25
   Transform = Rigid
     Gradient step = 0.1
     Update field sigma (voxel space) = 0
     Total field sigma (voxel space) = 0
     Update field time sigma = 0
     Total field time sigma  = 0
     Number of time indices = 0
     Number of time point samples = 0
Registration using 1 total stages.

Stage 0
  iterations = 0
  convergence threshold = 1e-06
  convergence window size = 10
  number of levels = 1
  using the Mattes MI metric (number of bins = 32, weight = 1, use gradient filter = 0)
  preprocessing:  winsorizing the image intensities
  Shrink factors (level 1 out of 1): [1, 1, 1]
  smoothing sigmas per level: [0]
  regular sampling (percentage = 0.25)

*** Running Euler3DTransform registration ***

  Elapsed time (stage 0): 1.08655


Total elapsed time: 1.08878
Info [verificarlo]: loaded backend libinterflop_ieee.so
Info [interflop-ieee]: load backend with:
Info [interflop-ieee]: debug = false
Info [interflop-ieee]: debug-binary = false
Info [interflop-ieee]: no-backend-name = false
Info [interflop-ieee]: print-new-line = false
Info [interflop-ieee]: print-subnormal-normalized = false
Info [interflop-ieee]: count-op = false
All_Command_lines_OK
Using double precision for computations.
=============================================================================
The composite transform comprises the following transforms (in order): 
  1. /home/mdugre/scratch/mri-registration-rp/datasets/ds004513/derivatives/mri-registration-rp/0001/antsRegistration-r7-p15/sub-s014/align_Composite.h5[0] (type = Euler3DTransform)
  2. /home/mdugre/scratch/mri-registration-rp/datasets/ds004513/derivatives/mri-registration-rp/0001/antsRegistration-r7-p15/sub-s014/align_Composite.h5[1] (type = Euler3DTransform)
=============================================================================
  number of levels = 4
  fixed image: /templateflow/tpl-MNI152NLin2009cAsym/tpl-MNI152NLin2009cAsym_res-01_desc-brain_T1w.nii.gz
  moving image: /home/mdugre/scratch/mri-registration-rp/datasets/ds004513/derivatives/mri-registration-rp/antsBrainExtraction/sub-s014/BrainExtractionBrain.nii.gz
Dimension = 3
Number of stages = 1
Use histogram matching = false
Winsorize image intensities = true
  Lower quantile = 0.005
  Upper quantile = 0.995


Stage 1 State
   Image metric = MattesMI
     Fixed image = Image (0x4e17530)
  RTTI typeinfo:   itk::Image<double, 3u>
  Reference Count: 2
  Modified Time: 1580
  Debug: Off
  Object Name: 
  Observers: 
    none
  Source: (none)
  Source output name: (none)
  Release Data: Off
  Data Released: False
  Global Release Data: Off
  PipelineMTime: 0
  UpdateMTime: 1189
  RealTimeStamp: 0 seconds 
  LargestPossibleRegion: 
    Dimension: 3
    Index: [0, 0, 0]
    Size: [193, 229, 193]
  BufferedRegion: 
    Dimension: 3
    Index: [0, 0, 0]
    Size: [193, 229, 193]
  RequestedRegion: 
    Dimension: 3
    Index: [0, 0, 0]
    Size: [193, 229, 193]
  Spacing: [1, 1, 1]
  Origin: [96, 132, -78]
  Direction: 
-1 0 0
0 -1 0
0 0 1

  IndexToPointMatrix: 
-1 0 0
0 -1 0
0 0 1

  PointToIndexMatrix: 
-1 0 0
0 -1 0
0 0 1

  Inverse Direction: 
-1 0 0
0 -1 0
0 0 1

  PixelContainer: 
    ImportImageContainer (0x4ed5d60)
      RTTI typeinfo:   itk::ImportImageContainer<unsigned long, double>
      Reference Count: 1
      Modified Time: 1186
      Debug: Off
      Object Name: 
      Observers: 
        none
      Pointer: 0x1537a3149010
      Container manages memory: true
      Size: 8530021
      Capacity: 8530021

     Moving image = Image (0x4ec7f60)
  RTTI typeinfo:   itk::Image<double, 3u>
  Reference Count: 2
  Modified Time: 1581
  Debug: Off
  Object Name: 
  Observers: 
    none
  Source: (none)
  Source output name: (none)
  Release Data: Off
  Data Released: False
  Global Release Data: Off
  PipelineMTime: 0
  UpdateMTime: 1578
  RealTimeStamp: 0 seconds 
  LargestPossibleRegion: 
    Dimension: 3
    Index: [0, 0, 0]
    Size: [160, 240, 256]
  BufferedRegion: 
    Dimension: 3
    Index: [0, 0, 0]
    Size: [160, 240, 256]
  RequestedRegion: 
    Dimension: 3
    Index: [0, 0, 0]
    Size: [160, 240, 256]
  Spacing: [0.999999, 1, 1]
  Origin: [84.1637, 106.709, -120.531]
  Direction: 
-0.999619 -0.0226874 -0.0157033
0.0226846 -0.999743 0.00035635
-0.0157073 -7.8229e-09 0.999877

  IndexToPointMatrix: 
-0.999619 -0.0226874 -0.0157033
0.0226845 -0.999743 0.00035635
-0.0157073 -7.8229e-09 0.999877

  PointToIndexMatrix: 
-0.99962 0.0226846 -0.0157073
-0.0226874 -0.999743 -7.83127e-09
-0.0157033 0.00035635 0.999877

  Inverse Direction: 
-0.999619 0.0226846 -0.0157073
-0.0226874 -0.999743 -7.83127e-09
-0.0157033 0.00035635 0.999877

  PixelContainer: 
    ImportImageContainer (0x4eb96d0)
      RTTI typeinfo:   itk::ImportImageContainer<unsigned long, double>
      Reference Count: 1
      Modified Time: 1575
      Debug: Off
      Object Name: 
      Observers: 
        none
      Pointer: 0x15379e648010
      Container manages memory: true
      Size: 9830400
      Capacity: 9830400

     Weighting = 1
     Sampling strategy = regular
     Number of bins = 32
     Radius = 4
     Sampling percentage  = 0.25
   Transform = Rigid
     Gradient step = 0.1
     Update field sigma (voxel space) = 0
     Total field sigma (voxel space) = 0
     Update field time sigma = 0
     Total field time sigma  = 0
     Number of time indices = 0
     Number of time point samples = 0
Registration using 1 total stages.

Stage 0
  iterations = 1000x500x250x100
  convergence threshold = 1e-06
  convergence window size = 10
  number of levels = 4
  using the Mattes MI metric (number of bins = 32, weight = 1, use gradient filter = 0)
  preprocessing:  winsorizing the image intensities
  Shrink factors (level 1 out of 4): [8, 8, 8]
  Shrink factors (level 2 out of 4): [4, 4, 4]
  Shrink factors (level 3 out of 4): [2, 2, 2]
  Shrink factors (level 4 out of 4): [1, 1, 1]
  smoothing sigmas per level: [3, 2, 1, 0]
  regular sampling (percentage = 0.25)

*** Running Euler3DTransform registration ***

DIAGNOSTIC,Iteration,metricValue,convergenceValue,ITERATION_TIME_INDEX,SINCE_LAST
 2DIAGNOSTIC,     1, -4.770821406565e-01, 1.797693134862e+308, 7.4896e-01, 7.4896e-01, 
 2DIAGNOSTIC,     2, -4.784216133942e-01, 1.797693134862e+308, 7.5367e-01, 4.7090e-03, 
 2DIAGNOSTIC,     3, -4.807043200681e-01, 1.797693134862e+308, 7.5847e-01, 4.8010e-03, 
 2DIAGNOSTIC,     4, -4.840264478065e-01, 1.797693134862e+308, 7.6329e-01, 4.8161e-03, 
 2DIAGNOSTIC,     5, -4.883050305770e-01, 1.797693134862e+308, 7.6765e-01, 4.3628e-03, 
 2DIAGNOSTIC,     6, -4.953560426371e-01, 1.797693134862e+308, 7.7229e-01, 4.6329e-03, 
 2DIAGNOSTIC,     7, -5.007350570384e-01, 1.797693134862e+308, 7.7679e-01, 4.5009e-03, 
 2DIAGNOSTIC,     8, -5.013278569503e-01, 1.797693134862e+308, 7.8096e-01, 4.1769e-03, 
 2DIAGNOSTIC,     9, -5.085255256006e-01, 1.797693134862e+308, 7.8686e-01, 5.8930e-03, 
 2DIAGNOSTIC,    10, -5.161992633656e-01, 5.125196520979e-03, 7.9316e-01, 6.3078e-03, 
 2DIAGNOSTIC,    11, -5.167072941437e-01, 4.879252931146e-03, 7.9762e-01, 4.4560e-03, 
 2DIAGNOSTIC,    12, -5.203629876260e-01, 4.481282734468e-03, 8.0192e-01, 4.3030e-03, 
 2DIAGNOSTIC,    13, -5.229718709777e-01, 3.958672533579e-03, 8.0622e-01, 4.2939e-03, 
 2DIAGNOSTIC,    14, -5.250338110830e-01, 3.368007801723e-03, 8.1112e-01, 4.9000e-03, 
 2DIAGNOSTIC,    15, -5.272078697648e-01, 2.786121483394e-03, 8.1752e-01, 6.4039e-03, 
 2DIAGNOSTIC,    16, -5.275715603978e-01, 2.284098302169e-03, 8.2178e-01, 4.2598e-03, 
 2DIAGNOSTIC,    17, -5.282507656511e-01, 1.839921123746e-03, 8.2589e-01, 4.1070e-03, 
 2DIAGNOSTIC,    18, -5.289722876066e-01, 1.313912041901e-03, 8.3084e-01, 4.9510e-03, 
 2DIAGNOSTIC,    19, -5.292207410111e-01, 9.370568707374e-04, 8.3622e-01, 5.3790e-03, 
 2DIAGNOSTIC,    20, -5.294476960672e-01, 7.341365573348e-04, 8.4102e-01, 4.8001e-03, 
 2DIAGNOSTIC,    21, -5.294955840903e-01, 4.966190831861e-04, 8.4527e-01, 4.2541e-03, 
 2DIAGNOSTIC,    22, -5.295366245031e-01, 3.281311959305e-04, 8.5000e-01, 4.7269e-03, 
 2DIAGNOSTIC,    23, -5.295376311909e-01, 2.063244245628e-04, 8.5493e-01, 4.9260e-03, 
 2DIAGNOSTIC,    24, -5.295911249027e-01, 1.234508389513e-04, 8.5970e-01, 4.7791e-03, 
 2DIAGNOSTIC,    25, -5.296271130649e-01, 8.499150549868e-05, 8.6448e-01, 4.7719e-03, 
 2DIAGNOSTIC,    26, -5.296539599384e-01, 4.983583932690e-05, 8.6874e-01, 4.2629e-03, 
 2DIAGNOSTIC,    27, -5.297704229809e-01, 2.877322815967e-05, 8.7318e-01, 4.4360e-03, 
 2DIAGNOSTIC,    28, -5.299884954867e-01, 2.504887532299e-05, 8.7903e-01, 5.8520e-03, 
 2DIAGNOSTIC,    29, -5.300854192462e-01, 2.569611952787e-05, 8.8378e-01, 4.7491e-03, 
 2DIAGNOSTIC,    30, -5.300410324622e-01, 2.732899344840e-05, 8.8799e-01, 4.2121e-03, 
 2DIAGNOSTIC,    31, -5.300376932142e-01, 2.724560548877e-05, 8.9230e-01, 4.3070e-03, 
 2DIAGNOSTIC,    32, -5.301686264233e-01, 2.763232919398e-05, 8.9652e-01, 4.2250e-03, 
 2DIAGNOSTIC,    33, -5.303926738420e-01, 2.905769096991e-05, 9.0182e-01, 5.2991e-03, 
 2DIAGNOSTIC,    34, -5.304519664600e-01, 2.945835348550e-05, 9.0707e-01, 5.2540e-03, 
 2DIAGNOSTIC,    35, -5.305073139183e-01, 2.868169328949e-05, 9.1131e-01, 4.2338e-03, 
 2DIAGNOSTIC,    36, -5.305686017147e-01, 2.670517373688e-05, 9.1554e-01, 4.2360e-03, 
 2DIAGNOSTIC,    37, -5.306602858942e-01, 2.533264912773e-05, 9.2127e-01, 5.7299e-03, 
 2DIAGNOSTIC,    38, -5.306881156230e-01, 2.512162424992e-05, 9.2552e-01, 4.2489e-03, 
 2DIAGNOSTIC,    39, -5.307317416635e-01, 2.461885298650e-05, 9.2974e-01, 4.2210e-03, 
 2DIAGNOSTIC,    40, -5.308225091354e-01, 2.257034276316e-05, 9.3559e-01, 5.8429e-03, 
 2DIAGNOSTIC,    41, -5.308460424125e-01, 1.877385526124e-05, 9.3981e-01, 4.2288e-03, 
 2DIAGNOSTIC,    42, -5.308561837321e-01, 1.520831957378e-05, 9.4420e-01, 4.3900e-03, 
 2DIAGNOSTIC,    43, -5.308777649273e-01, 1.355835177312e-05, 9.4845e-01, 4.2439e-03, 
 2DIAGNOSTIC,    44, -5.309114036110e-01, 1.190613944458e-05, 9.5272e-01, 4.2748e-03, 
 2DIAGNOSTIC,    45, -5.310262965518e-01, 1.129423566685e-05, 9.5967e-01, 6.9470e-03, 
 2DIAGNOSTIC,    46, -5.310374074445e-01, 1.049838942074e-05, 9.6405e-01, 4.3800e-03, 
 2DIAGNOSTIC,    47, -5.310434720121e-01, 9.962263450722e-06, 9.6847e-01, 4.4169e-03, 
 2DIAGNOSTIC,    48, -5.310518853633e-01, 8.989886107119e-06, 9.7277e-01, 4.2982e-03, 
 2DIAGNOSTIC,    49, -5.310584329536e-01, 7.783359501641e-06, 9.7804e-01, 5.2779e-03, 
 2DIAGNOSTIC,    50, -5.310645817646e-01, 6.973833583879e-06, 9.8389e-01, 5.8472e-03, 
 2DIAGNOSTIC,    51, -5.310656430618e-01, 5.851695600398e-06, 9.8820e-01, 4.3139e-03, 
 2DIAGNOSTIC,    52, -5.310738190002e-01, 4.481863509858e-06, 9.9293e-01, 4.7231e-03, 
 2DIAGNOSTIC,    53, -5.310768127969e-01, 3.049471521459e-06, 9.9719e-01, 4.2648e-03, 
 2DIAGNOSTIC,    54, -5.310775506016e-01, 1.750844720164e-06, 1.0014e+00, 4.2491e-03, 
 2DIAGNOSTIC,    55, -5.310817434211e-01, 1.565716413118e-06, 1.0057e+00, 4.2479e-03, 
 2DIAGNOSTIC,    56, -5.310870994121e-01, 1.452195857475e-06, 1.0105e+00, 4.7939e-03, 
 2DIAGNOSTIC,    57, -5.310885232962e-01, 1.327089154835e-06, 1.0152e+00, 4.7622e-03, 
 2DIAGNOSTIC,    58, -5.310914487850e-01, 1.238639651107e-06, 1.0200e+00, 4.7290e-03, 
 2DIAGNOSTIC,    59, -5.311015678587e-01, 1.240623596653e-06, 1.0253e+00, 5.3592e-03, 
 2DIAGNOSTIC,    60, -5.311021904297e-01, 1.235244579005e-06, 1.0296e+00, 4.2820e-03, 
 2DIAGNOSTIC,    61, -5.311059901820e-01, 1.204917779149e-06, 1.0431e+00, 1.3507e-02, 
 2DIAGNOSTIC,    62, -5.311059901659e-01, 1.182103197377e-06, 1.0567e+00, 1.3547e-02, 
 2DIAGNOSTIC,    63, -5.311059901659e-01, 1.122797857685e-06, 1.0614e+00, 4.7610e-03, 
 2DIAGNOSTIC,    64, -5.311059901659e-01, 1.011506956312e-06, 1.0662e+00, 4.8189e-03, 
DIAGNOSTIC,Iteration,metricValue,convergenceValue,ITERATION_TIME_INDEX,SINCE_LAST
 2DIAGNOSTIC,     1, -4.295258231625e-01, 1.797693134862e+308, 1.7838e+00, 7.1751e-01, 
 2DIAGNOSTIC,     2, -4.302859640432e-01, 1.797693134862e+308, 1.8135e+00, 2.9768e-02, 
 2DIAGNOSTIC,     3, -4.309651196675e-01, 1.797693134862e+308, 1.8448e+00, 3.1251e-02, 
 2DIAGNOSTIC,     4, -4.317164347764e-01, 1.797693134862e+308, 1.8752e+00, 3.0465e-02, 
 2DIAGNOSTIC,     5, -4.325561938345e-01, 1.797693134862e+308, 1.9057e+00, 3.0464e-02, 
 2DIAGNOSTIC,     6, -4.341819580779e-01, 1.797693134862e+308, 1.9360e+00, 3.0265e-02, 
 2DIAGNOSTIC,     7, -4.354327949460e-01, 1.797693134862e+308, 1.9671e+00, 3.1134e-02, 
 2DIAGNOSTIC,     8, -4.367134834400e-01, 1.797693134862e+308, 2.0006e+00, 3.3461e-02, 
 2DIAGNOSTIC,     9, -4.377076816052e-01, 1.797693134862e+308, 2.0417e+00, 4.1166e-02, 
 2DIAGNOSTIC,    10, -4.379510214291e-01, 1.375954781891e-03, 2.0722e+00, 3.0453e-02, 
 2DIAGNOSTIC,    11, -4.381306699704e-01, 1.211218579656e-03, 2.1028e+00, 3.0593e-02, 
 2DIAGNOSTIC,    12, -4.403708091237e-01, 1.128184042345e-03, 2.1372e+00, 3.4391e-02, 
 2DIAGNOSTIC,    13, -4.435986505844e-01, 1.148562288494e-03, 2.1757e+00, 3.8505e-02, 
 2DIAGNOSTIC,    14, -4.436199448049e-01, 1.094787362221e-03, 2.2047e+00, 2.9056e-02, 
 2DIAGNOSTIC,    15, -4.445052016014e-01, 1.025845787090e-03, 2.2381e+00, 3.3402e-02, 
 2DIAGNOSTIC,    16, -4.479362667094e-01, 1.077370586632e-03, 2.2789e+00, 4.0810e-02, 
 2DIAGNOSTIC,    17, -4.481475950933e-01, 1.073587586648e-03, 2.3080e+00, 2.9022e-02, 
 2DIAGNOSTIC,    18, -4.482020490297e-01, 1.018146300496e-03, 2.3412e+00, 3.3213e-02, 
 2DIAGNOSTIC,    19, -4.481966708571e-01, 9.107728217761e-04, 2.3962e+00, 5.5031e-02, 
 2DIAGNOSTIC,    20, -4.481953335796e-01, 7.394369048601e-04, 2.4258e+00, 2.9547e-02, 
 2DIAGNOSTIC,    21, -4.481954334228e-01, 5.189437707474e-04, 2.4615e+00, 3.5704e-02, 
 2DIAGNOSTIC,    22, -4.482018533916e-01, 3.337448832817e-04, 2.4935e+00, 3.2045e-02, 
 2DIAGNOSTIC,    23, -4.481921491799e-01, 2.259319923801e-04, 2.5226e+00, 2.9081e-02, 
 2DIAGNOSTIC,    24, -4.482074312936e-01, 1.077320654119e-04, 2.5509e+00, 2.8343e-02, 
 2DIAGNOSTIC,    25, -4.482144439088e-01, 9.691657039908e-06, 2.5827e+00, 3.1747e-02, 
 2DIAGNOSTIC,    26, -4.482116710125e-01, 3.273680550572e-06, 2.6154e+00, 3.2680e-02, 
 2DIAGNOSTIC,    27, -4.482088353664e-01, 2.084627831342e-06, 2.6474e+00, 3.2025e-02, 
 2DIAGNOSTIC,    28, -4.482139220061e-01, 2.274305592104e-06, 2.6755e+00, 2.8168e-02, 
 2DIAGNOSTIC,    29, -4.482420866481e-01, 2.842587466849e-06, 2.7081e+00, 3.2546e-02, 
 2DIAGNOSTIC,    30, -4.482455732809e-01, 3.232687725854e-06, 2.7399e+00, 3.1801e-02, 
 2DIAGNOSTIC,    31, -4.482405886570e-01, 3.298139329130e-06, 2.7683e+00, 2.8391e-02, 
 2DIAGNOSTIC,    32, -4.482290914994e-01, 3.068922421252e-06, 2.7971e+00, 2.8790e-02, 
 2DIAGNOSTIC,    33, -4.482261087513e-01, 2.406544656705e-06, 2.8288e+00, 3.1768e-02, 
 2DIAGNOSTIC,    34, -4.482147421337e-01, 1.704268166584e-06, 2.8616e+00, 3.2783e-02, 
 2DIAGNOSTIC,    35, -4.482170221706e-01, 1.142411483180e-06, 2.8904e+00, 2.8747e-02, 
DIAGNOSTIC,Iteration,metricValue,convergenceValue,ITERATION_TIME_INDEX,SINCE_LAST
 2DIAGNOSTIC,     1, -3.932184618927e-01, 1.797693134862e+308, 3.9005e+00, 1.0101e+00, 
 2DIAGNOSTIC,     2, -3.933350080812e-01, 1.797693134862e+308, 4.1722e+00, 2.7166e-01, 
 2DIAGNOSTIC,     3, -3.934316047583e-01, 1.797693134862e+308, 4.4210e+00, 2.4886e-01, 
 2DIAGNOSTIC,     4, -3.934445201685e-01, 1.797693134862e+308, 4.7846e+00, 3.6353e-01, 
 2DIAGNOSTIC,     5, -3.934561041412e-01, 1.797693134862e+308, 5.1047e+00, 3.2013e-01, 
 2DIAGNOSTIC,     6, -3.934557400481e-01, 1.797693134862e+308, 5.4543e+00, 3.4957e-01, 
 2DIAGNOSTIC,     7, -3.934568947932e-01, 1.797693134862e+308, 5.8939e+00, 4.3963e-01, 
 2DIAGNOSTIC,     8, -3.934560026745e-01, 1.797693134862e+308, 6.1945e+00, 3.0057e-01, 
 2DIAGNOSTIC,     9, -3.934553707461e-01, 1.797693134862e+308, 6.6280e+00, 4.3354e-01, 
 2DIAGNOSTIC,    10, -3.934548435842e-01, 2.950388582024e-05, 7.0116e+00, 3.8362e-01, 
 2DIAGNOSTIC,    11, -3.934535150877e-01, 1.251788007890e-05, 7.3794e+00, 3.6777e-01, 
 2DIAGNOSTIC,    12, -3.934529103796e-01, 4.334109164353e-06, 7.7033e+00, 3.2390e-01, 
 2DIAGNOSTIC,    13, -3.934523312359e-01, 2.580302759764e-06, 7.9902e+00, 2.8689e-01, 
 2DIAGNOSTIC,    14, -3.934518640913e-01, 1.691075631458e-06, 8.3856e+00, 3.9545e-01, 
 2DIAGNOSTIC,    15, -3.934519734444e-01, 1.537715180577e-06, 8.6965e+00, 3.1083e-01, 
 2DIAGNOSTIC,    16, -3.934513609556e-01, 1.410839908414e-06, 8.9721e+00, 2.7566e-01, 
 2DIAGNOSTIC,    17, -3.934508380267e-01, 1.380509435545e-06, 9.2454e+00, 2.7323e-01, 
 2DIAGNOSTIC,    18, -3.934502559751e-01, 1.340256738383e-06, 9.5061e+00, 2.6077e-01, 
 2DIAGNOSTIC,    19, -3.934497851749e-01, 1.301860291854e-06, 9.8017e+00, 2.9558e-01, 
 2DIAGNOSTIC,    20, -3.934499621623e-01, 1.290039223549e-06, 1.0045e+01, 2.4336e-01, 
 2DIAGNOSTIC,    21, -3.934502604920e-01, 1.271710151643e-06, 1.0299e+01, 2.5379e-01, 
 2DIAGNOSTIC,    22, -3.934498715589e-01, 1.245514088158e-06, 1.0608e+01, 3.0866e-01, 
 2DIAGNOSTIC,    23, -3.934501307221e-01, 1.231426811382e-06, 1.0899e+01, 2.9101e-01, 
 2DIAGNOSTIC,    24, -3.934495535690e-01, 1.200792284217e-06, 1.1143e+01, 2.4468e-01, 
 2DIAGNOSTIC,    25, -3.934490927607e-01, 1.174527710611e-06, 1.1398e+01, 2.5455e-01, 
 2DIAGNOSTIC,    26, -3.934495816290e-01, 1.156238070552e-06, 1.1717e+01, 3.1937e-01, 
 2DIAGNOSTIC,    27, -3.934510332888e-01, 1.170201611660e-06, 1.2058e+01, 3.4086e-01, 
 2DIAGNOSTIC,    28, -3.934498670257e-01, 1.138213988762e-06, 1.2367e+01, 3.0916e-01, 
 2DIAGNOSTIC,    29, -3.934494067923e-01, 1.086573250472e-06, 1.2674e+01, 3.0650e-01, 
 2DIAGNOSTIC,    30, -3.934490071024e-01, 1.034518291407e-06, 1.2988e+01, 3.1409e-01, 
 2DIAGNOSTIC,    31, -3.934493552241e-01, 1.002859725860e-06, 1.3272e+01, 2.8387e-01, 
 2DIAGNOSTIC,    32, -3.934514389008e-01, 1.012150048177e-06, 1.3581e+01, 3.0972e-01, 
 2DIAGNOSTIC,    33, -3.934519791702e-01, 1.036072090968e-06, 1.3870e+01, 2.8855e-01, 
 2DIAGNOSTIC,    34, -3.934514162078e-01, 1.029043079262e-06, 1.4140e+01, 2.6964e-01, 
 2DIAGNOSTIC,    35, -3.934525148470e-01, 1.027695582037e-06, 1.4461e+01, 3.2185e-01, 
 2DIAGNOSTIC,    36, -3.934539684060e-01, 1.051995729379e-06, 1.4806e+01, 3.4488e-01, 
 2DIAGNOSTIC,    37, -3.934536117504e-01, 1.079271555741e-06, 1.5101e+01, 2.9480e-01, 
 2DIAGNOSTIC,    38, -3.934525130894e-01, 1.042002440471e-06, 1.5405e+01, 3.0441e-01, 
DIAGNOSTIC,Iteration,metricValue,convergenceValue,ITERATION_TIME_INDEX,SINCE_LAST
 2DIAGNOSTIC,     1, -3.660000232077e-01, 1.797693134862e+308, 1.8131e+01, 2.7255e+00, 
 2DIAGNOSTIC,     2, -3.661006044972e-01, 1.797693134862e+308, 1.9728e+01, 1.5969e+00, 
 2DIAGNOSTIC,     3, -3.661940053541e-01, 1.797693134862e+308, 2.1255e+01, 1.5274e+00, 
 2DIAGNOSTIC,     4, -3.662025643965e-01, 1.797693134862e+308, 2.3989e+01, 2.7336e+00, 
 2DIAGNOSTIC,     5, -3.662022977388e-01, 1.797693134862e+308, 2.5899e+01, 1.9097e+00, 
 2DIAGNOSTIC,     6, -3.662022733253e-01, 1.797693134862e+308, 2.7463e+01, 1.5641e+00, 
 2DIAGNOSTIC,     7, -3.662021510411e-01, 1.797693134862e+308, 2.8994e+01, 1.5311e+00, 
 2DIAGNOSTIC,     8, -3.662021104765e-01, 1.797693134862e+308, 3.0618e+01, 1.6239e+00, 
 2DIAGNOSTIC,     9, -3.662019867606e-01, 1.797693134862e+308, 3.2198e+01, 1.5806e+00, 
 2DIAGNOSTIC,    10, -3.662019340662e-01, 2.615306992775e-05, 3.3556e+01, 1.3576e+00, 
 2DIAGNOSTIC,    11, -3.662019021386e-01, 1.049208957032e-05, 3.5134e+01, 1.5784e+00, 
 2DIAGNOSTIC,    12, -3.662017877834e-01, 3.091361216331e-06, 3.6745e+01, 1.6108e+00, 
 2DIAGNOSTIC,    13, -3.662019075683e-01, 2.358435154295e-06, 3.8293e+01, 1.5477e+00, 
 2DIAGNOSTIC,    14, -3.662018587109e-01, 2.210206134709e-06, 3.9817e+01, 1.5246e+00, 
 2DIAGNOSTIC,    15, -3.662018920131e-01, 2.075386373354e-06, 4.1439e+01, 1.6221e+00, 
 2DIAGNOSTIC,    16, -3.662018421371e-01, 1.958104228039e-06, 4.2932e+01, 1.4927e+00, 
 2DIAGNOSTIC,    17, -3.662017315653e-01, 1.846828477883e-06, 4.4307e+01, 1.3752e+00, 
 2DIAGNOSTIC,    18, -3.662016584537e-01, 1.745449629262e-06, 4.5963e+01, 1.6559e+00, 
 2DIAGNOSTIC,    19, -3.662015876325e-01, 1.648798694853e-06, 4.7478e+01, 1.5151e+00, 
 2DIAGNOSTIC,    20, -3.662013732935e-01, 1.553843740343e-06, 4.8971e+01, 1.4932e+00, 
 2DIAGNOSTIC,    21, -3.662013254938e-01, 1.468744468248e-06, 5.0931e+01, 1.9595e+00, 
 2DIAGNOSTIC,    22, -3.662011170364e-01, 1.384171226242e-06, 5.2597e+01, 1.6666e+00, 
 2DIAGNOSTIC,    23, -3.662008967281e-01, 1.309503529154e-06, 5.3932e+01, 1.3348e+00, 
 2DIAGNOSTIC,    24, -3.662008589293e-01, 1.245216187266e-06, 5.5434e+01, 1.5017e+00, 
 2DIAGNOSTIC,    25, -3.662009022538e-01, 1.195923459651e-06, 5.6969e+01, 1.5353e+00, 
 2DIAGNOSTIC,    26, -3.662008588643e-01, 1.154782610750e-06, 5.8458e+01, 1.4889e+00, 
 2DIAGNOSTIC,    27, -3.662010886964e-01, 1.126687731272e-06, 6.0050e+01, 1.5917e+00, 
 2DIAGNOSTIC,    28, -3.662011545018e-01, 1.105168543535e-06, 6.1557e+01, 1.5075e+00, 
 2DIAGNOSTIC,    29, -3.662007271257e-01, 1.074819869711e-06, 6.3281e+01, 1.7237e+00, 
 2DIAGNOSTIC,    30, -3.662006710307e-01, 1.041888309808e-06, 6.4844e+01, 1.5633e+00, 
 2DIAGNOSTIC,    31, -3.662006079465e-01, 1.010052201350e-06, 6.6385e+01, 1.5408e+00, 
  Elapsed time (stage 0): 6.7272e+01


Total elapsed time: 6.7274e+01
Info [verificarlo]: loaded backend libinterflop_ieee.so
Info [interflop-ieee]: load backend with:
Info [interflop-ieee]: debug = false
Info [interflop-ieee]: debug-binary = false
Info [interflop-ieee]: no-backend-name = false
Info [interflop-ieee]: print-new-line = false
Info [interflop-ieee]: print-subnormal-normalized = false
Info [interflop-ieee]: count-op = false
All_Command_lines_OK
Using double precision for computations.
=============================================================================
The composite transform comprises the following transforms (in order): 
  1. /home/mdugre/scratch/mri-registration-rp/datasets/ds004513/derivatives/mri-registration-rp/0001/antsRegistration-r7-p15/sub-s014/rigid_Composite.h5[0] (type = Euler3DTransform)
  2. /home/mdugre/scratch/mri-registration-rp/datasets/ds004513/derivatives/mri-registration-rp/0001/antsRegistration-r7-p15/sub-s014/rigid_Composite.h5[1] (type = Euler3DTransform)
  3. /home/mdugre/scratch/mri-registration-rp/datasets/ds004513/derivatives/mri-registration-rp/0001/antsRegistration-r7-p15/sub-s014/rigid_Composite.h5[2] (type = Euler3DTransform)
=============================================================================
  number of levels = 4
  fixed image: /templateflow/tpl-MNI152NLin2009cAsym/tpl-MNI152NLin2009cAsym_res-01_desc-brain_T1w.nii.gz
  moving image: /home/mdugre/scratch/mri-registration-rp/datasets/ds004513/derivatives/mri-registration-rp/antsBrainExtraction/sub-s014/BrainExtractionBrain.nii.gz
Dimension = 3
Number of stages = 1
Use histogram matching = false
Winsorize image intensities = true
  Lower quantile = 0.005
  Upper quantile = 0.995


Stage 1 State
   Image metric = MattesMI
     Fixed image = Image (0x3f357e0)
  RTTI typeinfo:   itk::Image<double, 3u>
  Reference Count: 2
  Modified Time: 1594
  Debug: Off
  Object Name: 
  Observers: 
    none
  Source: (none)
  Source output name: (none)
  Release Data: Off
  Data Released: False
  Global Release Data: Off
  PipelineMTime: 0
  UpdateMTime: 1203
  RealTimeStamp: 0 seconds 
  LargestPossibleRegion: 
    Dimension: 3
    Index: [0, 0, 0]
    Size: [193, 229, 193]
  BufferedRegion: 
    Dimension: 3
    Index: [0, 0, 0]
    Size: [193, 229, 193]
  RequestedRegion: 
    Dimension: 3
    Index: [0, 0, 0]
    Size: [193, 229, 193]
  Spacing: [1, 1, 1]
  Origin: [96, 132, -78]
  Direction: 
-1 0 0
0 -1 0
0 0 1

  IndexToPointMatrix: 
-1 0 0
0 -1 0
0 0 1

  PointToIndexMatrix: 
-1 0 0
0 -1 0
0 0 1

  Inverse Direction: 
-1 0 0
0 -1 0
0 0 1

  PixelContainer: 
    ImportImageContainer (0x3ff5a20)
      RTTI typeinfo:   itk::ImportImageContainer<unsigned long, double>
      Reference Count: 1
      Modified Time: 1200
      Debug: Off
      Object Name: 
      Observers: 
        none
      Pointer: 0x1554c013c010
      Container manages memory: true
      Size: 8530021
      Capacity: 8530021

     Moving image = Image (0x3ff0d70)
  RTTI typeinfo:   itk::Image<double, 3u>
  Reference Count: 2
  Modified Time: 1595
  Debug: Off
  Object Name: 
  Observers: 
    none
  Source: (none)
  Source output name: (none)
  Release Data: Off
  Data Released: False
  Global Release Data: Off
  PipelineMTime: 0
  UpdateMTime: 1592
  RealTimeStamp: 0 seconds 
  LargestPossibleRegion: 
    Dimension: 3
    Index: [0, 0, 0]
    Size: [160, 240, 256]
  BufferedRegion: 
    Dimension: 3
    Index: [0, 0, 0]
    Size: [160, 240, 256]
  RequestedRegion: 
    Dimension: 3
    Index: [0, 0, 0]
    Size: [160, 240, 256]
  Spacing: [0.999999, 1, 1]
  Origin: [84.1637, 106.709, -120.531]
  Direction: 
-0.999619 -0.0226874 -0.0157033
0.0226846 -0.999743 0.00035635
-0.0157073 -7.8229e-09 0.999877

  IndexToPointMatrix: 
-0.999619 -0.0226874 -0.0157033
0.0226845 -0.999743 0.00035635
-0.0157073 -7.8229e-09 0.999877

  PointToIndexMatrix: 
-0.99962 0.0226846 -0.0157073
-0.0226874 -0.999743 -7.83127e-09
-0.0157033 0.00035635 0.999877

  Inverse Direction: 
-0.999619 0.0226846 -0.0157073
-0.0226874 -0.999743 -7.83127e-09
-0.0157033 0.00035635 0.999877

  PixelContainer: 
    ImportImageContainer (0x3fa8c90)
      RTTI typeinfo:   itk::ImportImageContainer<unsigned long, double>
      Reference Count: 1
      Modified Time: 1589
      Debug: Off
      Object Name: 
      Observers: 
        none
      Pointer: 0x1554bb63b010
      Container manages memory: true
      Size: 9830400
      Capacity: 9830400

     Weighting = 1
     Sampling strategy = regular
     Number of bins = 32
     Radius = 4
     Sampling percentage  = 0.25
   Transform = Affine
     Gradient step = 0.1
     Update field sigma (voxel space) = 0
     Total field sigma (voxel space) = 0
     Update field time sigma = 0
     Total field time sigma  = 0
     Number of time indices = 0
     Number of time point samples = 0
Registration using 1 total stages.

Stage 0
  iterations = 1000x500x250x100
  convergence threshold = 1e-06
  convergence window size = 10
  number of levels = 4
  using the Mattes MI metric (number of bins = 32, weight = 1, use gradient filter = 0)
  preprocessing:  winsorizing the image intensities
  Shrink factors (level 1 out of 4): [8, 8, 8]
  Shrink factors (level 2 out of 4): [4, 4, 4]
  Shrink factors (level 3 out of 4): [2, 2, 2]
  Shrink factors (level 4 out of 4): [1, 1, 1]
  smoothing sigmas per level: [3, 2, 1, 0]
  regular sampling (percentage = 0.25)

*** Running AffineTransform registration ***

DIAGNOSTIC,Iteration,metricValue,convergenceValue,ITERATION_TIME_INDEX,SINCE_LAST
 2DIAGNOSTIC,     1, -5.239750083287e-01, 1.797693134862e+308, 7.4124e-01, 7.4124e-01, 
 2DIAGNOSTIC,     2, -5.258640014137e-01, 1.797693134862e+308, 7.4745e-01, 6.2029e-03, 
 2DIAGNOSTIC,     3, -5.291088181110e-01, 1.797693134862e+308, 7.5297e-01, 5.5261e-03, 
 2DIAGNOSTIC,     4, -5.347710742145e-01, 1.797693134862e+308, 7.5813e-01, 5.1630e-03, 
 2DIAGNOSTIC,     5, -5.449383437884e-01, 1.797693134862e+308, 7.6361e-01, 5.4760e-03, 
 2DIAGNOSTIC,     6, -6.215306370211e-01, 1.797693134862e+308, 7.7119e-01, 7.5800e-03, 
 2DIAGNOSTIC,     7, -6.633611137733e-01, 1.797693134862e+308, 7.7683e-01, 5.6372e-03, 
 2DIAGNOSTIC,     8, -7.298997577609e-01, 1.797693134862e+308, 7.8486e-01, 8.0311e-03, 
 2DIAGNOSTIC,     9, -7.422521014551e-01, 1.797693134862e+308, 7.9050e-01, 5.6431e-03, 
 2DIAGNOSTIC,    10, -7.541338240449e-01, 2.915590400142e-02, 7.9684e-01, 6.3391e-03, 
 2DIAGNOSTIC,    11, -7.649021946680e-01, 2.764847224320e-02, 8.0334e-01, 6.4991e-03, 
 2DIAGNOSTIC,    12, -7.741613831891e-01, 2.434790930929e-02, 8.1123e-01, 7.8900e-03, 
 2DIAGNOSTIC,    13, -7.770752321143e-01, 1.968342126783e-02, 8.1752e-01, 6.2861e-03, 
 2DIAGNOSTIC,    14, -7.814243975426e-01, 1.436952687470e-02, 8.2322e-01, 5.7080e-03, 
 2DIAGNOSTIC,    15, -7.874240647548e-01, 9.014367280688e-03, 8.3037e-01, 7.1430e-03, 
 2DIAGNOSTIC,    16, -7.920938456775e-01, 5.733377221553e-03, 8.3614e-01, 5.7700e-03, 
 2DIAGNOSTIC,    17, -7.957349055271e-01, 3.442741315257e-03, 8.4199e-01, 5.8560e-03, 
 2DIAGNOSTIC,    18, -8.010581546834e-01, 2.769032547314e-03, 8.4932e-01, 7.3230e-03, 
 2DIAGNOSTIC,    19, -8.020624427335e-01, 2.204703084210e-03, 8.5585e-01, 6.5291e-03, 
 2DIAGNOSTIC,    20, -8.025885592633e-01, 1.748770317582e-03, 8.6155e-01, 5.7061e-03, 
 2DIAGNOSTIC,    21, -8.047946706178e-01, 1.424909733123e-03, 8.6834e-01, 6.7861e-03, 
 2DIAGNOSTIC,    22, -8.088012719991e-01, 1.241436606605e-03, 8.7603e-01, 7.6959e-03, 
 2DIAGNOSTIC,    23, -8.108216613221e-01, 1.042868415791e-03, 8.8177e-01, 5.7409e-03, 
 2DIAGNOSTIC,    24, -8.126149007530e-01, 8.656351747184e-04, 8.8774e-01, 5.9650e-03, 
 2DIAGNOSTIC,    25, -8.155475918202e-01, 7.639571784345e-04, 8.9473e-01, 6.9909e-03, 
 2DIAGNOSTIC,    26, -8.215006039113e-01, 7.574202617845e-04, 9.0050e-01, 5.7681e-03, 
 2DIAGNOSTIC,    27, -8.250886603377e-01, 7.798464540461e-04, 9.0752e-01, 7.0231e-03, 
 2DIAGNOSTIC,    28, -8.288882004804e-01, 8.528957803180e-04, 9.1544e-01, 7.9169e-03, 
 2DIAGNOSTIC,    29, -8.297146199875e-01, 8.652761578712e-04, 9.2098e-01, 5.5439e-03, 
 2DIAGNOSTIC,    30, -8.333728562569e-01, 8.489657871847e-04, 9.2657e-01, 5.5900e-03, 
 2DIAGNOSTIC,    31, -8.366875994601e-01, 8.190921236851e-04, 9.3284e-01, 6.2721e-03, 
 2DIAGNOSTIC,    32, -8.378455341705e-01, 7.739832812901e-04, 9.3844e-01, 5.5981e-03, 
 2DIAGNOSTIC,    33, -8.386439273204e-01, 6.919990734331e-04, 9.4464e-01, 6.1970e-03, 
 2DIAGNOSTIC,    34, -8.393203539354e-01, 5.779797913916e-04, 9.5208e-01, 7.4410e-03, 
 2DIAGNOSTIC,    35, -8.396561853232e-01, 4.502633964428e-04, 9.5755e-01, 5.4650e-03, 
 2DIAGNOSTIC,    36, -8.402329301736e-01, 3.547578827828e-04, 9.6298e-01, 5.4319e-03, 
 2DIAGNOSTIC,    37, -8.406979271840e-01, 2.715960695314e-04, 9.6805e-01, 5.0750e-03, 
 2DIAGNOSTIC,    38, -8.411694465269e-01, 2.100035057058e-04, 9.7428e-01, 6.2261e-03, 
 2DIAGNOSTIC,    39, -8.413405489102e-01, 1.409547987765e-04, 9.7996e-01, 5.6832e-03, 
 2DIAGNOSTIC,    40, -8.419742962208e-01, 1.015386083632e-04, 9.8726e-01, 7.3011e-03, 
 2DIAGNOSTIC,    41, -8.420476515858e-01, 8.493321783200e-05, 9.9265e-01, 5.3861e-03, 
 2DIAGNOSTIC,    42, -8.422139028107e-01, 7.271440024107e-05, 9.9873e-01, 6.0849e-03, 
 2DIAGNOSTIC,    43, -8.428780998404e-01, 6.671177226620e-05, 1.0045e+00, 5.7540e-03, 
 2DIAGNOSTIC,    44, -8.433445125905e-01, 6.412029618300e-05, 1.0113e+00, 6.7742e-03, 
 2DIAGNOSTIC,    45, -8.434571069073e-01, 5.912347370677e-05, 1.0173e+00, 6.0320e-03, 
 2DIAGNOSTIC,    46, -8.432657478386e-01, 5.189145740885e-05, 1.0231e+00, 5.8520e-03, 
 2DIAGNOSTIC,    47, -8.430427481463e-01, 4.204925855914e-05, 1.0281e+00, 4.9958e-03, 
 2DIAGNOSTIC,    48, -8.428317390634e-01, 3.065337498109e-05, 1.0338e+00, 5.6241e-03, 
 2DIAGNOSTIC,    49, -8.427640833469e-01, 1.747875723912e-05, 1.0399e+00, 6.1040e-03, 
 2DIAGNOSTIC,    50, -8.424434566911e-01, 5.570974103301e-06, 1.0452e+00, 5.3680e-03, 
DIAGNOSTIC,Iteration,metricValue,convergenceValue,ITERATION_TIME_INDEX,SINCE_LAST
 2DIAGNOSTIC,     1, -6.903301278849e-01, 1.797693134862e+308, 1.7543e+00, 7.0905e-01, 
 2DIAGNOSTIC,     2, -6.911362782405e-01, 1.797693134862e+308, 1.7926e+00, 3.8273e-02, 
 2DIAGNOSTIC,     3, -6.916163029085e-01, 1.797693134862e+308, 1.8313e+00, 3.8778e-02, 
 2DIAGNOSTIC,     4, -6.918765322963e-01, 1.797693134862e+308, 1.8689e+00, 3.7551e-02, 
 2DIAGNOSTIC,     5, -6.922978741961e-01, 1.797693134862e+308, 1.9070e+00, 3.8117e-02, 
 2DIAGNOSTIC,     6, -6.926871884626e-01, 1.797693134862e+308, 1.9453e+00, 3.8306e-02, 
 2DIAGNOSTIC,     7, -6.933780563511e-01, 1.797693134862e+308, 1.9870e+00, 4.1724e-02, 
 2DIAGNOSTIC,     8, -6.936780548510e-01, 1.797693134862e+308, 2.0525e+00, 6.5480e-02, 
 2DIAGNOSTIC,     9, -6.936776012932e-01, 1.797693134862e+308, 2.0949e+00, 4.2419e-02, 
 2DIAGNOSTIC,    10, -6.936515496458e-01, 3.214626863011e-04, 2.1347e+00, 3.9761e-02, 
 2DIAGNOSTIC,    11, -6.936474422877e-01, 2.383888027255e-04, 2.1770e+00, 4.2307e-02, 
 2DIAGNOSTIC,    12, -6.936288715794e-01, 1.743770689371e-04, 2.2131e+00, 3.6099e-02, 
 2DIAGNOSTIC,    13, -6.936129731913e-01, 1.192568067662e-04, 2.2523e+00, 3.9245e-02, 
 2DIAGNOSTIC,    14, -6.936089025235e-01, 6.900694544147e-05, 2.2927e+00, 4.0320e-02, 
 2DIAGNOSTIC,    15, -6.936073952585e-01, 3.091285822525e-05, 2.3411e+00, 4.8398e-02, 
 2DIAGNOSTIC,    16, -6.936046278895e-01, 4.439339057791e-06, 2.3789e+00, 3.7803e-02, 
DIAGNOSTIC,Iteration,metricValue,convergenceValue,ITERATION_TIME_INDEX,SINCE_LAST
 2DIAGNOSTIC,     1, -5.887320310587e-01, 1.797693134862e+308, 3.4617e+00, 1.0828e+00, 
 2DIAGNOSTIC,     2, -5.893589228159e-01, 1.797693134862e+308, 3.7723e+00, 3.1059e-01, 
 2DIAGNOSTIC,     3, -5.900440939481e-01, 1.797693134862e+308, 4.0917e+00, 3.1942e-01, 
 2DIAGNOSTIC,     4, -5.908691104279e-01, 1.797693134862e+308, 4.3796e+00, 2.8794e-01, 
 2DIAGNOSTIC,     5, -5.918098952575e-01, 1.797693134862e+308, 4.7236e+00, 3.4400e-01, 
 2DIAGNOSTIC,     6, -5.938362599013e-01, 1.797693134862e+308, 5.2245e+00, 5.0082e-01, 
 2DIAGNOSTIC,     7, -5.938384209622e-01, 1.797693134862e+308, 5.7985e+00, 5.7403e-01, 
 2DIAGNOSTIC,     8, -5.938403017269e-01, 1.797693134862e+308, 6.1268e+00, 3.2832e-01, 
 2DIAGNOSTIC,     9, -5.938398410178e-01, 1.797693134862e+308, 6.4390e+00, 3.1221e-01, 
 2DIAGNOSTIC,    10, -5.938377611857e-01, 6.468192705850e-04, 6.8198e+00, 3.8080e-01, 
 2DIAGNOSTIC,    11, -5.938359996725e-01, 4.752180248633e-04, 7.1550e+00, 3.3516e-01, 
 2DIAGNOSTIC,    12, -5.938333046292e-01, 3.148302390826e-04, 7.4389e+00, 2.8386e-01, 
 2DIAGNOSTIC,    13, -5.938325214235e-01, 1.770161296028e-04, 7.7483e+00, 3.0941e-01, 
 2DIAGNOSTIC,    14, -5.938337507084e-01, 7.130184844867e-05, 8.0338e+00, 2.8550e-01, 
 2DIAGNOSTIC,    15, -5.938333662791e-01, 1.620547351325e-06, 8.3437e+00, 3.0994e-01, 
 2DIAGNOSTIC,    16, -5.938354318174e-01, 1.505979673119e-06, 8.6590e+00, 3.1532e-01, 
 2DIAGNOSTIC,    17, -5.938330726603e-01, 1.441752107895e-06, 8.9627e+00, 3.0362e-01, 
 2DIAGNOSTIC,    18, -5.938340822384e-01, 1.503345632328e-06, 9.3082e+00, 3.4551e-01, 
 2DIAGNOSTIC,    19, -5.938330649566e-01, 1.544739060423e-06, 9.6178e+00, 3.0965e-01, 
 2DIAGNOSTIC,    20, -5.938323184691e-01, 1.526582529929e-06, 9.9187e+00, 3.0089e-01, 
 2DIAGNOSTIC,    21, -5.938315147728e-01, 1.459822622125e-06, 1.0275e+01, 3.5618e-01, 
 2DIAGNOSTIC,    22, -5.938321389822e-01, 1.360596740732e-06, 1.0660e+01, 3.8490e-01, 
 2DIAGNOSTIC,    23, -5.938317505434e-01, 1.252722454034e-06, 1.1002e+01, 3.4197e-01, 
 2DIAGNOSTIC,    24, -5.938310636890e-01, 1.177452369161e-06, 1.1298e+01, 2.9577e-01, 
 2DIAGNOSTIC,    25, -5.938307502872e-01, 1.108378176497e-06, 1.1703e+01, 4.0503e-01, 
 2DIAGNOSTIC,    26, -5.938320562547e-01, 1.123651408960e-06, 1.2013e+01, 3.1052e-01, 
