
##########################
# Experiment information #
##########################

EXPERIMENT_NAME: antsRegistration-r8-p9
VFC_BACKENDS: libinterflop_vprec.so --range-binary32=8 --precision-binary32=9 --range-binary64=8 --precision-binary64=9

SIF_IMG: /home/mdugre/projects/rrg-glatard/mdugre/containers/ants-vprec-no_metrics.simg

SUBJECT_ID: s037
INPUT_IMG: /home/mdugre/scratch/mri-registration-rp/datasets/ds004513/derivatives/mri-registration-rp/antsBrainExtraction/sub-s037/BrainExtractionBrain.nii.gz
OUTPUT_DIR: /home/mdugre/scratch/mri-registration-rp/datasets/ds004513/derivatives/mri-registration-rp/0001/antsRegistration-r8-p9/sub-s037

FIXED_IMG: /templateflow/tpl-MNI152NLin2009cAsym/tpl-MNI152NLin2009cAsym_res-01_desc-brain_T1w.nii.gz
DATA_DIR: /home/mdugre/scratch/mri-registration-rp/datasets/ds004513
TEMPLATEFLOW_DIR: /home/mdugre/projects/rrg-glatard/mdugre/templateflow
ITK_GLOBAL_DEFAULT_NUMBER_OF_THREADS: 16
##########################

Info [verificarlo]: loaded backend libinterflop_ieee.so
Info [interflop-ieee]: load backend with:
Info [interflop-ieee]: debug = false
Info [interflop-ieee]: debug-binary = false
Info [interflop-ieee]: no-backend-name = false
Info [interflop-ieee]: print-new-line = false
Info [interflop-ieee]: print-subnormal-normalized = false
Info [interflop-ieee]: count-op = false
All_Command_lines_OK
Using double precision for computations.
=============================================================================
The composite transform comprises the following transforms (in order): 
  1. Center of mass alignment using fixed image: /templateflow/tpl-MNI152NLin2009cAsym/tpl-MNI152NLin2009cAsym_res-01_desc-brain_T1w.nii.gz and moving image: /home/mdugre/scratch/mri-registration-rp/datasets/ds004513/derivatives/mri-registration-rp/antsBrainExtraction/sub-s037/BrainExtractionBrain.nii.gz (type = Euler3DTransform)
=============================================================================
  number of levels = 1
  fixed image: /templateflow/tpl-MNI152NLin2009cAsym/tpl-MNI152NLin2009cAsym_res-01_desc-brain_T1w.nii.gz
  moving image: /home/mdugre/scratch/mri-registration-rp/datasets/ds004513/derivatives/mri-registration-rp/antsBrainExtraction/sub-s037/BrainExtractionBrain.nii.gz
Dimension = 3
Number of stages = 1
Use histogram matching = false
Winsorize image intensities = true
  Lower quantile = 0.005
  Upper quantile = 0.995


Stage 1 State
   Image metric = MattesMI
     Fixed image = Image (0x3941bd0)
  RTTI typeinfo:   itk::Image<double, 3u>
  Reference Count: 2
  Modified Time: 2330
  Debug: Off
  Object Name: 
  Observers: 
    none
  Source: (none)
  Source output name: (none)
  Release Data: Off
  Data Released: False
  Global Release Data: Off
  PipelineMTime: 0
  UpdateMTime: 1941
  RealTimeStamp: 0 seconds 
  LargestPossibleRegion: 
    Dimension: 3
    Index: [0, 0, 0]
    Size: [193, 229, 193]
  BufferedRegion: 
    Dimension: 3
    Index: [0, 0, 0]
    Size: [193, 229, 193]
  RequestedRegion: 
    Dimension: 3
    Index: [0, 0, 0]
    Size: [193, 229, 193]
  Spacing: [1, 1, 1]
  Origin: [96, 132, -78]
  Direction: 
-1 0 0
0 -1 0
0 0 1

  IndexToPointMatrix: 
-1 0 0
0 -1 0
0 0 1

  PointToIndexMatrix: 
-1 0 0
0 -1 0
0 0 1

  Inverse Direction: 
-1 0 0
0 -1 0
0 0 1

  PixelContainer: 
    ImportImageContainer (0x394a9e0)
      RTTI typeinfo:   itk::ImportImageContainer<unsigned long, double>
      Reference Count: 1
      Modified Time: 1938
      Debug: Off
      Object Name: 
      Observers: 
        none
      Pointer: 0x146e7c354010
      Container manages memory: true
      Size: 8530021
      Capacity: 8530021

     Moving image = Image (0x394bd40)
  RTTI typeinfo:   itk::Image<double, 3u>
  Reference Count: 2
  Modified Time: 2331
  Debug: Off
  Object Name: 
  Observers: 
    none
  Source: (none)
  Source output name: (none)
  Release Data: Off
  Data Released: False
  Global Release Data: Off
  PipelineMTime: 0
  UpdateMTime: 2328
  RealTimeStamp: 0 seconds 
  LargestPossibleRegion: 
    Dimension: 3
    Index: [0, 0, 0]
    Size: [160, 240, 256]
  BufferedRegion: 
    Dimension: 3
    Index: [0, 0, 0]
    Size: [160, 240, 256]
  RequestedRegion: 
    Dimension: 3
    Index: [0, 0, 0]
    Size: [160, 240, 256]
  Spacing: [1, 1, 1]
  Origin: [87.9508, 102.562, -147.639]
  Direction: 
-0.998659 -0.0436121 -0.0279129
0.043595 -0.999049 0.00121847
-0.0279395 -2.65543e-08 0.99961

  IndexToPointMatrix: 
-0.998659 -0.0436121 -0.0279129
0.043595 -0.999049 0.00121847
-0.0279395 -2.65543e-08 0.99961

  PointToIndexMatrix: 
-0.998659 0.043595 -0.0279395
-0.0436121 -0.999049 -2.65517e-08
-0.0279129 0.00121847 0.99961

  Inverse Direction: 
-0.998659 0.043595 -0.0279395
-0.0436121 -0.999049 -2.65517e-08
-0.0279129 0.00121847 0.99961

  PixelContainer: 
    ImportImageContainer (0x3971850)
      RTTI typeinfo:   itk::ImportImageContainer<unsigned long, double>
      Reference Count: 1
      Modified Time: 2325
      Debug: Off
      Object Name: 
      Observers: 
        none
      Pointer: 0x146e77853010
      Container manages memory: true
      Size: 9830400
      Capacity: 9830400

     Weighting = 1
     Sampling strategy = regular
     Number of bins = 32
     Radius = 4
     Sampling percentage  = 0.25
   Transform = Rigid
     Gradient step = 0.1
     Update field sigma (voxel space) = 0
     Total field sigma (voxel space) = 0
     Update field time sigma = 0
     Total field time sigma  = 0
     Number of time indices = 0
     Number of time point samples = 0
Registration using 1 total stages.

Stage 0
  iterations = 0
  convergence threshold = 1e-06
  convergence window size = 10
  number of levels = 1
  using the Mattes MI metric (number of bins = 32, weight = 1, use gradient filter = 0)
  preprocessing:  winsorizing the image intensities
  Shrink factors (level 1 out of 1): [1, 1, 1]
  smoothing sigmas per level: [0]
  regular sampling (percentage = 0.25)

*** Running Euler3DTransform registration ***

  Elapsed time (stage 0): 1.08098


Total elapsed time: 1.08313
Info [verificarlo]: loaded backend libinterflop_ieee.so
Info [interflop-ieee]: load backend with:
Info [interflop-ieee]: debug = false
Info [interflop-ieee]: debug-binary = false
Info [interflop-ieee]: no-backend-name = false
Info [interflop-ieee]: print-new-line = false
Info [interflop-ieee]: print-subnormal-normalized = false
Info [interflop-ieee]: count-op = false
All_Command_lines_OK
Using double precision for computations.
=============================================================================
The composite transform comprises the following transforms (in order): 
  1. /home/mdugre/scratch/mri-registration-rp/datasets/ds004513/derivatives/mri-registration-rp/0001/antsRegistration-r8-p9/sub-s037/align_Composite.h5[0] (type = Euler3DTransform)
  2. /home/mdugre/scratch/mri-registration-rp/datasets/ds004513/derivatives/mri-registration-rp/0001/antsRegistration-r8-p9/sub-s037/align_Composite.h5[1] (type = Euler3DTransform)
=============================================================================
  number of levels = 4
  fixed image: /templateflow/tpl-MNI152NLin2009cAsym/tpl-MNI152NLin2009cAsym_res-01_desc-brain_T1w.nii.gz
  moving image: /home/mdugre/scratch/mri-registration-rp/datasets/ds004513/derivatives/mri-registration-rp/antsBrainExtraction/sub-s037/BrainExtractionBrain.nii.gz
Dimension = 3
Number of stages = 1
Use histogram matching = false
Winsorize image intensities = true
  Lower quantile = 0.005
  Upper quantile = 0.995


Stage 1 State
   Image metric = MattesMI
     Fixed image = Image (0x502b530)
  RTTI typeinfo:   itk::Image<double, 3u>
  Reference Count: 2
  Modified Time: 1578
  Debug: Off
  Object Name: 
  Observers: 
    none
  Source: (none)
  Source output name: (none)
  Release Data: Off
  Data Released: False
  Global Release Data: Off
  PipelineMTime: 0
  UpdateMTime: 1189
  RealTimeStamp: 0 seconds 
  LargestPossibleRegion: 
    Dimension: 3
    Index: [0, 0, 0]
    Size: [193, 229, 193]
  BufferedRegion: 
    Dimension: 3
    Index: [0, 0, 0]
    Size: [193, 229, 193]
  RequestedRegion: 
    Dimension: 3
    Index: [0, 0, 0]
    Size: [193, 229, 193]
  Spacing: [1, 1, 1]
  Origin: [96, 132, -78]
  Direction: 
-1 0 0
0 -1 0
0 0 1

  IndexToPointMatrix: 
-1 0 0
0 -1 0
0 0 1

  PointToIndexMatrix: 
-1 0 0
0 -1 0
0 0 1

  Inverse Direction: 
-1 0 0
0 -1 0
0 0 1

  PixelContainer: 
    ImportImageContainer (0x50e9d60)
      RTTI typeinfo:   itk::ImportImageContainer<unsigned long, double>
      Reference Count: 1
      Modified Time: 1186
      Debug: Off
      Object Name: 
      Observers: 
        none
      Pointer: 0x150c706ac010
      Container manages memory: true
      Size: 8530021
      Capacity: 8530021

     Moving image = Image (0x50dbf60)
  RTTI typeinfo:   itk::Image<double, 3u>
  Reference Count: 2
  Modified Time: 1579
  Debug: Off
  Object Name: 
  Observers: 
    none
  Source: (none)
  Source output name: (none)
  Release Data: Off
  Data Released: False
  Global Release Data: Off
  PipelineMTime: 0
  UpdateMTime: 1576
  RealTimeStamp: 0 seconds 
  LargestPossibleRegion: 
    Dimension: 3
    Index: [0, 0, 0]
    Size: [160, 240, 256]
  BufferedRegion: 
    Dimension: 3
    Index: [0, 0, 0]
    Size: [160, 240, 256]
  RequestedRegion: 
    Dimension: 3
    Index: [0, 0, 0]
    Size: [160, 240, 256]
  Spacing: [1, 1, 1]
  Origin: [87.9508, 102.562, -147.639]
  Direction: 
-0.998659 -0.0436121 -0.0279129
0.043595 -0.999049 0.00121847
-0.0279395 -2.65543e-08 0.99961

  IndexToPointMatrix: 
-0.998659 -0.0436121 -0.0279129
0.043595 -0.999049 0.00121847
-0.0279395 -2.65543e-08 0.99961

  PointToIndexMatrix: 
-0.998659 0.043595 -0.0279395
-0.0436121 -0.999049 -2.65517e-08
-0.0279129 0.00121847 0.99961

  Inverse Direction: 
-0.998659 0.043595 -0.0279395
-0.0436121 -0.999049 -2.65517e-08
-0.0279129 0.00121847 0.99961

  PixelContainer: 
    ImportImageContainer (0x50cd6d0)
      RTTI typeinfo:   itk::ImportImageContainer<unsigned long, double>
      Reference Count: 1
      Modified Time: 1573
      Debug: Off
      Object Name: 
      Observers: 
        none
      Pointer: 0x150c6bbab010
      Container manages memory: true
      Size: 9830400
      Capacity: 9830400

     Weighting = 1
     Sampling strategy = regular
     Number of bins = 32
     Radius = 4
     Sampling percentage  = 0.25
   Transform = Rigid
     Gradient step = 0.1
     Update field sigma (voxel space) = 0
     Total field sigma (voxel space) = 0
     Update field time sigma = 0
     Total field time sigma  = 0
     Number of time indices = 0
     Number of time point samples = 0
Registration using 1 total stages.

Stage 0
  iterations = 1000x500x250x100
  convergence threshold = 1e-06
  convergence window size = 10
  number of levels = 4
  using the Mattes MI metric (number of bins = 32, weight = 1, use gradient filter = 0)
  preprocessing:  winsorizing the image intensities
  Shrink factors (level 1 out of 4): [8, 8, 8]
  Shrink factors (level 2 out of 4): [4, 4, 4]
  Shrink factors (level 3 out of 4): [2, 2, 2]
  Shrink factors (level 4 out of 4): [1, 1, 1]
  smoothing sigmas per level: [3, 2, 1, 0]
  regular sampling (percentage = 0.25)

*** Running Euler3DTransform registration ***

DIAGNOSTIC,Iteration,metricValue,convergenceValue,ITERATION_TIME_INDEX,SINCE_LAST
 2DIAGNOSTIC,     1, -4.299060189477e-01, 1.797693134862e+308, 7.1170e-01, 7.1170e-01, 
 2DIAGNOSTIC,     2, -4.311703807429e-01, 1.797693134862e+308, 7.1601e-01, 4.3070e-03, 
 2DIAGNOSTIC,     3, -4.334997061176e-01, 1.797693134862e+308, 7.2035e-01, 4.3461e-03, 
 2DIAGNOSTIC,     4, -4.389575130370e-01, 1.797693134862e+308, 7.2510e-01, 4.7491e-03, 
 2DIAGNOSTIC,     5, -4.438813134482e-01, 1.797693134862e+308, 7.2959e-01, 4.4911e-03, 
 2DIAGNOSTIC,     6, -4.461495460377e-01, 1.797693134862e+308, 7.3370e-01, 4.1070e-03, 
 2DIAGNOSTIC,     7, -4.511407144429e-01, 1.797693134862e+308, 7.3849e-01, 4.7851e-03, 
 2DIAGNOSTIC,     8, -4.667812032718e-01, 1.797693134862e+308, 7.4332e-01, 4.8330e-03, 
 2DIAGNOSTIC,     9, -4.753090114372e-01, 1.797693134862e+308, 7.4844e-01, 5.1191e-03, 
 2DIAGNOSTIC,    10, -4.802481719655e-01, 7.481707542057e-03, 7.5392e-01, 5.4829e-03, 
 2DIAGNOSTIC,    11, -4.821261368877e-01, 7.356704266140e-03, 7.5891e-01, 4.9889e-03, 
 2DIAGNOSTIC,    12, -4.837491005317e-01, 6.749992380108e-03, 7.6430e-01, 5.3861e-03, 
 2DIAGNOSTIC,    13, -5.028244927622e-01, 6.622215038800e-03, 7.7140e-01, 7.1011e-03, 
 2DIAGNOSTIC,    14, -5.042109134415e-01, 6.183615245778e-03, 7.7575e-01, 4.3509e-03, 
 2DIAGNOSTIC,    15, -5.066116081885e-01, 5.558135432517e-03, 7.8015e-01, 4.4010e-03, 
 2DIAGNOSTIC,    16, -5.083451635983e-01, 4.676295421929e-03, 7.8488e-01, 4.7340e-03, 
 2DIAGNOSTIC,    17, -5.184993492531e-01, 3.998770500608e-03, 7.9176e-01, 6.8729e-03, 
 2DIAGNOSTIC,    18, -5.256348856035e-01, 3.769024583938e-03, 7.9607e-01, 4.3149e-03, 
 2DIAGNOSTIC,    19, -5.260487280102e-01, 3.491513212955e-03, 8.0095e-01, 4.8740e-03, 
 2DIAGNOSTIC,    20, -5.292109542755e-01, 3.174906854387e-03, 8.0627e-01, 5.3198e-03, 
 2DIAGNOSTIC,    21, -5.301818239267e-01, 2.681599989421e-03, 8.1071e-01, 4.4470e-03, 
 2DIAGNOSTIC,    22, -5.312241333419e-01, 2.041188680414e-03, 8.1581e-01, 5.1010e-03, 
 2DIAGNOSTIC,    23, -5.321371284518e-01, 1.776978914428e-03, 8.2111e-01, 5.2960e-03, 
 2DIAGNOSTIC,    24, -5.330747164814e-01, 1.429097642312e-03, 8.2538e-01, 4.2670e-03, 
 2DIAGNOSTIC,    25, -5.340979394468e-01, 1.060387063236e-03, 8.3022e-01, 4.8411e-03, 
 2DIAGNOSTIC,    26, -5.353301681121e-01, 6.839341746594e-04, 8.3612e-01, 5.9071e-03, 
 2DIAGNOSTIC,    27, -5.359877715417e-01, 5.005574214514e-04, 8.4044e-01, 4.3159e-03, 
 2DIAGNOSTIC,    28, -5.363338761325e-01, 4.385705542608e-04, 8.4500e-01, 4.5550e-03, 
 2DIAGNOSTIC,    29, -5.373050609060e-01, 3.660290518973e-04, 8.4938e-01, 4.3890e-03, 
 2DIAGNOSTIC,    30, -5.398201315666e-01, 3.715995593757e-04, 8.5445e-01, 5.0709e-03, 
 2DIAGNOSTIC,    31, -5.446422247859e-01, 4.465292814202e-04, 8.6466e-01, 1.0201e-02, 
 2DIAGNOSTIC,    32, -5.446646928420e-01, 4.912688564100e-04, 8.6904e-01, 4.3850e-03, 
 2DIAGNOSTIC,    33, -5.447648188001e-01, 5.056538017938e-04, 8.7342e-01, 4.3800e-03, 
 2DIAGNOSTIC,    34, -5.449312002956e-01, 4.904191378903e-04, 8.7768e-01, 4.2551e-03, 
 2DIAGNOSTIC,    35, -5.452045995550e-01, 4.491627926557e-04, 8.8195e-01, 4.2760e-03, 
 2DIAGNOSTIC,    36, -5.456974794654e-01, 3.933158956736e-04, 8.8621e-01, 4.2601e-03, 
 2DIAGNOSTIC,    37, -5.462998551439e-01, 3.227912152711e-04, 8.9056e-01, 4.3490e-03, 
 2DIAGNOSTIC,    38, -5.470544384295e-01, 2.429330755317e-04, 8.9495e-01, 4.3879e-03, 
 2DIAGNOSTIC,    39, -5.483333899619e-01, 1.763327252323e-04, 8.9996e-01, 5.0130e-03, 
 2DIAGNOSTIC,    40, -5.485725958712e-01, 1.327573730573e-04, 9.0425e-01, 4.2849e-03, 
 2DIAGNOSTIC,    41, -5.488485894204e-01, 1.482683757515e-04, 9.0905e-01, 4.8010e-03, 
 2DIAGNOSTIC,    42, -5.491459531366e-01, 1.532224452026e-04, 9.1364e-01, 4.5950e-03, 
 2DIAGNOSTIC,    43, -5.501735913422e-01, 1.577424807074e-04, 9.1896e-01, 5.3172e-03, 
 2DIAGNOSTIC,    44, -5.634783175886e-01, 3.158803124461e-04, 9.2505e-01, 6.0890e-03, 
 2DIAGNOSTIC,    45, -5.665435135872e-01, 4.726387729717e-04, 9.2996e-01, 4.9059e-03, 
 2DIAGNOSTIC,    46, -5.687321305112e-01, 6.100531274741e-04, 9.3474e-01, 4.7851e-03, 
 2DIAGNOSTIC,    47, -5.690911630186e-01, 6.961565919516e-04, 9.3958e-01, 4.8420e-03, 
 2DIAGNOSTIC,    48, -5.694278061804e-01, 7.239486068560e-04, 9.4381e-01, 4.2281e-03, 
 2DIAGNOSTIC,    49, -5.697233266110e-01, 6.965915235654e-04, 9.4838e-01, 4.5731e-03, 
 2DIAGNOSTIC,    50, -5.705606615607e-01, 6.145469265856e-04, 9.5435e-01, 5.9640e-03, 
 2DIAGNOSTIC,    51, -5.709018875067e-01, 4.855299466234e-04, 9.5917e-01, 4.8270e-03, 
 2DIAGNOSTIC,    52, -5.711752392052e-01, 3.232629353053e-04, 9.6348e-01, 4.3042e-03, 
 2DIAGNOSTIC,    53, -5.713993600321e-01, 1.464569802127e-04, 9.6766e-01, 4.1831e-03, 
 2DIAGNOSTIC,    54, -5.723203737371e-01, 1.050472203954e-04, 9.7211e-01, 4.4520e-03, 
 2DIAGNOSTIC,    55, -5.760858321737e-01, 1.216145155960e-04, 9.7892e-01, 6.8090e-03, 
 2DIAGNOSTIC,    56, -5.786607503519e-01, 1.708742662040e-04, 9.8326e-01, 4.3340e-03, 
 2DIAGNOSTIC,    57, -5.819329730282e-01, 2.361200606304e-04, 9.8923e-01, 5.9760e-03, 
 2DIAGNOSTIC,    58, -5.829302010680e-01, 2.886372568728e-04, 9.9426e-01, 5.0271e-03, 
 2DIAGNOSTIC,    59, -5.830734827149e-01, 3.156020891374e-04, 9.9918e-01, 4.9212e-03, 
 2DIAGNOSTIC,    60, -5.831746448452e-01, 3.195570866924e-04, 1.0035e+00, 4.3011e-03, 
 2DIAGNOSTIC,    61, -5.832206804700e-01, 2.957362647970e-04, 1.0077e+00, 4.2329e-03, 
 2DIAGNOSTIC,    62, -5.832645447606e-01, 2.471311082026e-04, 1.0130e+00, 5.2619e-03, 
 2DIAGNOSTIC,    63, -5.832855247787e-01, 1.788684349534e-04, 1.0172e+00, 4.2369e-03, 
 2DIAGNOSTIC,    64, -5.833199186146e-01, 1.035087101722e-04, 1.0215e+00, 4.3252e-03, 
 2DIAGNOSTIC,    65, -5.833029754830e-01, 5.131066702307e-05, 1.0265e+00, 4.9138e-03, 
 2DIAGNOSTIC,    66, -5.833588290563e-01, 1.650172223457e-05, 1.0322e+00, 5.7781e-03, 
 2DIAGNOSTIC,    67, -5.833633564687e-01, 7.032662212657e-06, 1.0365e+00, 4.2861e-03, 
 2DIAGNOSTIC,    68, -5.833845351805e-01, 5.159866891209e-06, 1.0413e+00, 4.7789e-03, 
 2DIAGNOSTIC,    69, -5.834182457842e-01, 4.242150882464e-06, 1.0456e+00, 4.2641e-03, 
 2DIAGNOSTIC,    70, -5.834988740013e-01, 4.357360679604e-06, 1.0506e+00, 5.0879e-03, 
 2DIAGNOSTIC,    71, -5.836327227418e-01, 5.413474711988e-06, 1.0554e+00, 4.7240e-03, 
 2DIAGNOSTIC,    72, -5.838377820688e-01, 7.763905649643e-06, 1.0601e+00, 4.7660e-03, 
 2DIAGNOSTIC,    73, -5.838622362500e-01, 9.643700499572e-06, 1.0644e+00, 4.2748e-03, 
 2DIAGNOSTIC,    74, -5.841821058091e-01, 1.313431757441e-05, 1.0699e+00, 5.4460e-03, 
 2DIAGNOSTIC,    75, -5.842317462196e-01, 1.547110938771e-05, 1.0743e+00, 4.4811e-03, 
 2DIAGNOSTIC,    76, -5.841783571845e-01, 1.631215647210e-05, 1.0787e+00, 4.3252e-03, 
 2DIAGNOSTIC,    77, -5.843079380848e-01, 1.654371001367e-05, 1.0835e+00, 4.8101e-03, 
 2DIAGNOSTIC,    78, -5.846125520241e-01, 1.737995501515e-05, 1.0877e+00, 4.2739e-03, 
 2DIAGNOSTIC,    79, -5.848241611328e-01, 1.811164036765e-05, 1.0936e+00, 5.8210e-03, 
 2DIAGNOSTIC,    80, -5.852634767503e-01, 2.049724209579e-05, 1.0986e+00, 4.9970e-03, 
 2DIAGNOSTIC,    81, -5.852546780525e-01, 2.165580381251e-05, 1.1028e+00, 4.2272e-03, 
 2DIAGNOSTIC,    82, -5.853886944036e-01, 2.295581077800e-05, 1.1071e+00, 4.3149e-03, 
 2DIAGNOSTIC,    83, -5.857824642102e-01, 2.459484660661e-05, 1.1118e+00, 4.7388e-03, 
 2DIAGNOSTIC,    84, -5.861852726455e-01, 2.824039277547e-05, 1.1172e+00, 5.3051e-03, 
 2DIAGNOSTIC,    85, -5.861358414796e-01, 2.907819165988e-05, 1.1225e+00, 5.3370e-03, 
 2DIAGNOSTIC,    86, -5.865270099714e-01, 2.925343516008e-05, 1.1273e+00, 4.8060e-03, 
 2DIAGNOSTIC,    87, -5.867420839966e-01, 2.864825645414e-05, 1.1315e+00, 4.1990e-03, 
 2DIAGNOSTIC,    88, -5.867254479736e-01, 2.695760019851e-05, 1.1357e+00, 4.2331e-03, 
 2DIAGNOSTIC,    89, -5.867798521414e-01, 2.423767847695e-05, 1.1399e+00, 4.1971e-03, 
 2DIAGNOSTIC,    90, -5.868096222314e-01, 2.202509599920e-05, 1.1441e+00, 4.2160e-03, 
 2DIAGNOSTIC,    91, -5.869584569590e-01, 1.856813155331e-05, 1.1484e+00, 4.2169e-03, 
 2DIAGNOSTIC,    92, -5.871310997444e-01, 1.507227012187e-05, 1.1526e+00, 4.2081e-03, 
 2DIAGNOSTIC,    93, -5.872599164710e-01, 1.309140311683e-05, 1.1583e+00, 5.7371e-03, 
 2DIAGNOSTIC,    94, -5.873230584453e-01, 1.253985536608e-05, 1.1778e+00, 1.9510e-02, 
 2DIAGNOSTIC,    95, -5.873230481383e-01, 1.051263268976e-05, 1.1832e+00, 5.3430e-03, 
 2DIAGNOSTIC,    96, -5.873230619397e-01, 9.620160528518e-06, 1.1876e+00, 4.4270e-03, 
 2DIAGNOSTIC,    97, -5.873230852717e-01, 8.987911419525e-06, 1.1919e+00, 4.2970e-03, 
 2DIAGNOSTIC,    98, -5.873231246999e-01, 7.436679240863e-06, 1.1961e+00, 4.1740e-03, 
 2DIAGNOSTIC,    99, -5.873231912980e-01, 5.527643156021e-06, 1.2003e+00, 4.2219e-03, 
 2DIAGNOSTIC,   100, -5.873233037027e-01, 3.309596143634e-06, 1.2046e+00, 4.2858e-03, 
 2DIAGNOSTIC,   101, -5.873234931731e-01, 1.597842299547e-06, 1.2088e+00, 4.2539e-03, 
DIAGNOSTIC,Iteration,metricValue,convergenceValue,ITERATION_TIME_INDEX,SINCE_LAST
 2DIAGNOSTIC,     1, -4.733212520420e-01, 1.797693134862e+308, 1.9478e+00, 7.3896e-01, 
 2DIAGNOSTIC,     2, -4.739920101270e-01, 1.797693134862e+308, 1.9758e+00, 2.8052e-02, 
 2DIAGNOSTIC,     3, -4.750095065985e-01, 1.797693134862e+308, 2.0037e+00, 2.7825e-02, 
 2DIAGNOSTIC,     4, -4.769523687612e-01, 1.797693134862e+308, 2.0315e+00, 2.7852e-02, 
 2DIAGNOSTIC,     5, -4.805983778606e-01, 1.797693134862e+308, 2.0599e+00, 2.8386e-02, 
 2DIAGNOSTIC,     6, -4.823340439001e-01, 1.797693134862e+308, 2.0914e+00, 3.1505e-02, 
 2DIAGNOSTIC,     7, -4.830634522217e-01, 1.797693134862e+308, 2.1194e+00, 2.7982e-02, 
 2DIAGNOSTIC,     8, -4.831820014133e-01, 1.797693134862e+308, 2.1517e+00, 3.2294e-02, 
 2DIAGNOSTIC,     9, -4.833783984238e-01, 1.797693134862e+308, 2.1850e+00, 3.3307e-02, 
 2DIAGNOSTIC,    10, -4.839266350124e-01, 1.643761467403e-03, 2.2227e+00, 3.7760e-02, 
 2DIAGNOSTIC,    11, -4.850605055658e-01, 1.332082695895e-03, 2.2526e+00, 2.9847e-02, 
 2DIAGNOSTIC,    12, -4.878503967495e-01, 1.124383516165e-03, 2.2864e+00, 3.3794e-02, 
 2DIAGNOSTIC,    13, -4.887005905163e-01, 9.305295786281e-04, 2.3200e+00, 3.3646e-02, 
 2DIAGNOSTIC,    14, -4.906847805414e-01, 8.436566118813e-04, 2.3618e+00, 4.1780e-02, 
 2DIAGNOSTIC,    15, -4.909605012330e-01, 8.436533395976e-04, 2.3913e+00, 2.9462e-02, 
 2DIAGNOSTIC,    16, -4.912283467868e-01, 8.395350830741e-04, 2.4244e+00, 3.3179e-02, 
 2DIAGNOSTIC,    17, -4.914030856141e-01, 7.894774680105e-04, 2.4540e+00, 2.9504e-02, 
 2DIAGNOSTIC,    18, -4.917964273482e-01, 6.887097927986e-04, 2.4873e+00, 3.3336e-02, 
 2DIAGNOSTIC,    19, -4.921522934131e-01, 5.521676543572e-04, 2.5244e+00, 3.7077e-02, 
 2DIAGNOSTIC,    20, -4.923109212675e-01, 3.990607091887e-04, 2.5611e+00, 3.6740e-02, 
 2DIAGNOSTIC,    21, -4.923119797364e-01, 2.543586570386e-04, 2.5941e+00, 3.2972e-02, 
 2DIAGNOSTIC,    22, -4.922849751125e-01, 1.730785298830e-04, 2.6227e+00, 2.8626e-02, 
 2DIAGNOSTIC,    23, -4.922913516004e-01, 1.033126292972e-04, 2.6549e+00, 3.2245e-02, 
 2DIAGNOSTIC,    24, -4.923467068195e-01, 7.931608579849e-05, 2.6867e+00, 3.1718e-02, 
 2DIAGNOSTIC,    25, -4.923542447170e-01, 5.644559687621e-05, 2.7200e+00, 3.3313e-02, 
 2DIAGNOSTIC,    26, -4.924410169643e-01, 3.826093020046e-05, 2.7511e+00, 3.1145e-02, 
 2DIAGNOSTIC,    27, -4.925203012504e-01, 2.332725531684e-05, 2.7833e+00, 3.2223e-02, 
 2DIAGNOSTIC,    28, -4.927746772547e-01, 2.068399912743e-05, 2.8251e+00, 4.1749e-02, 
 2DIAGNOSTIC,    29, -4.927916660543e-01, 2.366187074347e-05, 2.8661e+00, 4.0990e-02, 
 2DIAGNOSTIC,    30, -4.927966474033e-01, 2.754473500129e-05, 2.8984e+00, 3.2343e-02, 
 2DIAGNOSTIC,    31, -4.927841219005e-01, 2.853226729237e-05, 2.9268e+00, 2.8365e-02, 
 2DIAGNOSTIC,    32, -4.927887145710e-01, 2.642077037032e-05, 2.9564e+00, 2.9564e-02, 
 2DIAGNOSTIC,    33, -4.927850581812e-01, 2.198941715714e-05, 2.9861e+00, 2.9763e-02, 
 2DIAGNOSTIC,    34, -4.927720423991e-01, 1.656581278470e-05, 3.0196e+00, 3.3499e-02, 
 2DIAGNOSTIC,    35, -4.927661480310e-01, 1.004700869540e-05, 3.0500e+00, 3.0368e-02, 
 2DIAGNOSTIC,    36, -4.927615297651e-01, 4.373243215915e-06, 3.0785e+00, 2.8501e-02, 
DIAGNOSTIC,Iteration,metricValue,convergenceValue,ITERATION_TIME_INDEX,SINCE_LAST
 2DIAGNOSTIC,     1, -4.339109687749e-01, 1.797693134862e+308, 4.1275e+00, 1.0491e+00, 
 2DIAGNOSTIC,     2, -4.340877617971e-01, 1.797693134862e+308, 4.3456e+00, 2.1802e-01, 
 2DIAGNOSTIC,     3, -4.342196776905e-01, 1.797693134862e+308, 4.5702e+00, 2.2462e-01, 
 2DIAGNOSTIC,     4, -4.342792930787e-01, 1.797693134862e+308, 4.8400e+00, 2.6986e-01, 
 2DIAGNOSTIC,     5, -4.343253175114e-01, 1.797693134862e+308, 5.0763e+00, 2.3630e-01, 
 2DIAGNOSTIC,     6, -4.344650534949e-01, 1.797693134862e+308, 5.2938e+00, 2.1747e-01, 
 2DIAGNOSTIC,     7, -4.345855310105e-01, 1.797693134862e+308, 5.5939e+00, 3.0012e-01, 
 2DIAGNOSTIC,     8, -4.346314886945e-01, 1.797693134862e+308, 5.8420e+00, 2.4806e-01, 
 2DIAGNOSTIC,     9, -4.346690913283e-01, 1.797693134862e+308, 6.0874e+00, 2.4544e-01, 
 2DIAGNOSTIC,    10, -4.346955711001e-01, 1.175256168366e-04, 6.3245e+00, 2.3704e-01, 
 2DIAGNOSTIC,    11, -4.347505401109e-01, 9.299985509928e-05, 6.5654e+00, 2.4094e-01, 
 2DIAGNOSTIC,    12, -4.350683450670e-01, 9.113296819702e-05, 6.8425e+00, 2.7712e-01, 
 2DIAGNOSTIC,    13, -4.351471175285e-01, 9.175007691917e-05, 7.1485e+00, 3.0596e-01, 
 2DIAGNOSTIC,    14, -4.351445858435e-01, 8.701730345577e-05, 7.6722e+00, 5.2373e-01, 
 2DIAGNOSTIC,    15, -4.351453335307e-01, 7.737657777653e-05, 7.9104e+00, 2.3819e-01, 
 2DIAGNOSTIC,    16, -4.351447374091e-01, 6.759439327837e-05, 8.1247e+00, 2.1428e-01, 
 2DIAGNOSTIC,    17, -4.351442684921e-01, 5.729815103157e-05, 8.3425e+00, 2.1782e-01, 
 2DIAGNOSTIC,    18, -4.351440072246e-01, 4.460137669720e-05, 8.5568e+00, 2.1426e-01, 
 2DIAGNOSTIC,    19, -4.351464109785e-01, 3.081600049894e-05, 8.7977e+00, 2.4088e-01, 
 2DIAGNOSTIC,    20, -4.351469206572e-01, 1.669805083929e-05, 9.0142e+00, 2.1654e-01, 
 2DIAGNOSTIC,    21, -4.351461514348e-01, 3.951021616058e-06, 9.2684e+00, 2.5424e-01, 
 2DIAGNOSTIC,    22, -4.351468392803e-01, 1.534532773906e-06, 9.4826e+00, 2.1413e-01, 
 2DIAGNOSTIC,    23, -4.351463438532e-01, 1.546192363776e-06, 9.7286e+00, 2.4600e-01, 
 2DIAGNOSTIC,    24, -4.351470567447e-01, 1.490307300504e-06, 9.9725e+00, 2.4394e-01, 
 2DIAGNOSTIC,    25, -4.351486662029e-01, 1.484541212668e-06, 1.0216e+01, 2.4349e-01, 
 2DIAGNOSTIC,    26, -4.351498525353e-01, 1.474504663021e-06, 1.0460e+01, 2.4448e-01, 
 2DIAGNOSTIC,    27, -4.351501437900e-01, 1.438195859370e-06, 1.0695e+01, 2.3489e-01, 
 2DIAGNOSTIC,    28, -4.351500442358e-01, 1.370674122918e-06, 1.0917e+01, 2.2157e-01, 
 2DIAGNOSTIC,    29, -4.351483074621e-01, 1.300688688997e-06, 1.1158e+01, 2.4103e-01, 
 2DIAGNOSTIC,    30, -4.351499832941e-01, 1.264675875544e-06, 1.1446e+01, 2.8850e-01, 
 2DIAGNOSTIC,    31, -4.351486496745e-01, 1.165023220298e-06, 1.1685e+01, 2.3824e-01, 
 2DIAGNOSTIC,    32, -4.351472506712e-01, 1.045408640939e-06, 1.1908e+01, 2.2352e-01, 
DIAGNOSTIC,Iteration,metricValue,convergenceValue,ITERATION_TIME_INDEX,SINCE_LAST
 2DIAGNOSTIC,     1, -4.019401496234e-01, 1.797693134862e+308, 1.4389e+01, 2.4809e+00, 
 2DIAGNOSTIC,     2, -4.020098693852e-01, 1.797693134862e+308, 1.6079e+01, 1.6900e+00, 
 2DIAGNOSTIC,     3, -4.020901415951e-01, 1.797693134862e+308, 1.8693e+01, 2.6138e+00, 
 2DIAGNOSTIC,     4, -4.020937185188e-01, 1.797693134862e+308, 2.0061e+01, 1.3676e+00, 
 2DIAGNOSTIC,     5, -4.021005259502e-01, 1.797693134862e+308, 2.1425e+01, 1.3641e+00, 
 2DIAGNOSTIC,     6, -4.021129373835e-01, 1.797693134862e+308, 2.2837e+01, 1.4119e+00, 
 2DIAGNOSTIC,     7, -4.021311607777e-01, 1.797693134862e+308, 2.4154e+01, 1.3176e+00, 
 2DIAGNOSTIC,     8, -4.021659177901e-01, 1.797693134862e+308, 2.5713e+01, 1.5585e+00, 
 2DIAGNOSTIC,     9, -4.021750566050e-01, 1.797693134862e+308, 2.7281e+01, 1.5687e+00, 
 2DIAGNOSTIC,    10, -4.021770791273e-01, 3.526821529133e-05, 2.8589e+01, 1.3076e+00, 
 2DIAGNOSTIC,    11, -4.021779203355e-01, 2.439468879802e-05, 2.9916e+01, 1.3274e+00, 
 2DIAGNOSTIC,    12, -4.021810879680e-01, 1.755246169045e-05, 3.1335e+01, 1.4183e+00, 
 2DIAGNOSTIC,    13, -4.021861443323e-01, 1.502658202215e-05, 3.2882e+01, 1.5477e+00, 
 2DIAGNOSTIC,    14, -4.021865568121e-01, 1.191371420696e-05, 3.4351e+01, 1.4684e+00, 
 2DIAGNOSTIC,    15, -4.021899142963e-01, 8.836376977822e-06, 3.5879e+01, 1.5286e+00, 
 2DIAGNOSTIC,    16, -4.021946371284e-01, 6.284942744156e-06, 3.7567e+01, 1.6875e+00, 
 2DIAGNOSTIC,    17, -4.021985640163e-01, 4.516750697701e-06, 3.9698e+01, 2.1316e+00, 
 2DIAGNOSTIC,    18, -4.021976483239e-01, 4.016717026878e-06, 4.1070e+01, 1.3719e+00, 
 2DIAGNOSTIC,    19, -4.021999043967e-01, 3.789046824500e-06, 4.2504e+01, 1.4342e+00, 
 2DIAGNOSTIC,    20, -4.022006513964e-01, 3.485833025077e-06, 4.3790e+01, 1.2853e+00, 
 2DIAGNOSTIC,    21, -4.022007405527e-01, 3.061578004324e-06, 4.5414e+01, 1.6248e+00, 
 2DIAGNOSTIC,    22, -4.022012078470e-01, 2.644319570845e-06, 4.8646e+01, 3.2317e+00, 
 2DIAGNOSTIC,    23, -4.022012943099e-01, 2.312267291894e-06, 5.2798e+01, 4.1514e+00, 
 2DIAGNOSTIC,    24, -4.022012943099e-01, 1.932707420764e-06, 5.5253e+01, 2.4551e+00, 
 2DIAGNOSTIC,    25, -4.022012943099e-01, 1.618141916411e-06, 5.6790e+01, 1.5373e+00, 
 2DIAGNOSTIC,    26, -4.022012943099e-01, 1.421155969829e-06, 5.8326e+01, 1.5359e+00, 
 2DIAGNOSTIC,    27, -4.022012943099e-01, 1.324432817570e-06, 5.9952e+01, 1.6266e+00, 
 2DIAGNOSTIC,    28, -4.022012943099e-01, 1.196270603881e-06, 6.1675e+01, 1.7227e+00, 
 2DIAGNOSTIC,    29, -4.022012943099e-01, 1.125933553357e-06, 6.3552e+01, 1.8771e+00, 
 2DIAGNOSTIC,    30, -4.022012943099e-01, 1.075252796107e-06, 6.5108e+01, 1.5556e+00, 
 2DIAGNOSTIC,    31, -4.022012943099e-01, 1.028189555219e-06, 6.6580e+01, 1.4725e+00, 
  Elapsed time (stage 0): 6.7458e+01


Total elapsed time: 6.7460e+01
Info [verificarlo]: loaded backend libinterflop_ieee.so
Info [interflop-ieee]: load backend with:
Info [interflop-ieee]: debug = false
Info [interflop-ieee]: debug-binary = false
Info [interflop-ieee]: no-backend-name = false
Info [interflop-ieee]: print-new-line = false
Info [interflop-ieee]: print-subnormal-normalized = false
Info [interflop-ieee]: count-op = false
All_Command_lines_OK
Using double precision for computations.
=============================================================================
The composite transform comprises the following transforms (in order): 
  1. /home/mdugre/scratch/mri-registration-rp/datasets/ds004513/derivatives/mri-registration-rp/0001/antsRegistration-r8-p9/sub-s037/rigid_Composite.h5[0] (type = Euler3DTransform)
  2. /home/mdugre/scratch/mri-registration-rp/datasets/ds004513/derivatives/mri-registration-rp/0001/antsRegistration-r8-p9/sub-s037/rigid_Composite.h5[1] (type = Euler3DTransform)
  3. /home/mdugre/scratch/mri-registration-rp/datasets/ds004513/derivatives/mri-registration-rp/0001/antsRegistration-r8-p9/sub-s037/rigid_Composite.h5[2] (type = Euler3DTransform)
=============================================================================
  number of levels = 4
  fixed image: /templateflow/tpl-MNI152NLin2009cAsym/tpl-MNI152NLin2009cAsym_res-01_desc-brain_T1w.nii.gz
  moving image: /home/mdugre/scratch/mri-registration-rp/datasets/ds004513/derivatives/mri-registration-rp/antsBrainExtraction/sub-s037/BrainExtractionBrain.nii.gz
Dimension = 3
Number of stages = 1
Use histogram matching = false
Winsorize image intensities = true
  Lower quantile = 0.005
  Upper quantile = 0.995


Stage 1 State
   Image metric = MattesMI
     Fixed image = Image (0x50ba530)
  RTTI typeinfo:   itk::Image<double, 3u>
  Reference Count: 2
  Modified Time: 1592
  Debug: Off
  Object Name: 
  Observers: 
    none
  Source: (none)
  Source output name: (none)
  Release Data: Off
  Data Released: False
  Global Release Data: Off
  PipelineMTime: 0
  UpdateMTime: 1203
  RealTimeStamp: 0 seconds 
  LargestPossibleRegion: 
    Dimension: 3
    Index: [0, 0, 0]
    Size: [193, 229, 193]
  BufferedRegion: 
    Dimension: 3
    Index: [0, 0, 0]
    Size: [193, 229, 193]
  RequestedRegion: 
    Dimension: 3
    Index: [0, 0, 0]
    Size: [193, 229, 193]
  Spacing: [1, 1, 1]
  Origin: [96, 132, -78]
  Direction: 
-1 0 0
0 -1 0
0 0 1

  IndexToPointMatrix: 
-1 0 0
0 -1 0
0 0 1

  PointToIndexMatrix: 
-1 0 0
0 -1 0
0 0 1

  Inverse Direction: 
-1 0 0
0 -1 0
0 0 1

  PixelContainer: 
    ImportImageContainer (0x51732a0)
      RTTI typeinfo:   itk::ImportImageContainer<unsigned long, double>
      Reference Count: 1
      Modified Time: 1200
      Debug: Off
      Object Name: 
      Observers: 
        none
      Pointer: 0x148b8771f010
      Container manages memory: true
      Size: 8530021
      Capacity: 8530021

     Moving image = Image (0x5175e60)
  RTTI typeinfo:   itk::Image<double, 3u>
  Reference Count: 2
  Modified Time: 1593
  Debug: Off
  Object Name: 
  Observers: 
    none
  Source: (none)
  Source output name: (none)
  Release Data: Off
  Data Released: False
  Global Release Data: Off
  PipelineMTime: 0
  UpdateMTime: 1590
  RealTimeStamp: 0 seconds 
  LargestPossibleRegion: 
    Dimension: 3
    Index: [0, 0, 0]
    Size: [160, 240, 256]
  BufferedRegion: 
    Dimension: 3
    Index: [0, 0, 0]
    Size: [160, 240, 256]
  RequestedRegion: 
    Dimension: 3
    Index: [0, 0, 0]
    Size: [160, 240, 256]
  Spacing: [1, 1, 1]
  Origin: [87.9508, 102.562, -147.639]
  Direction: 
-0.998659 -0.0436121 -0.0279129
0.043595 -0.999049 0.00121847
-0.0279395 -2.65543e-08 0.99961

  IndexToPointMatrix: 
-0.998659 -0.0436121 -0.0279129
0.043595 -0.999049 0.00121847
-0.0279395 -2.65543e-08 0.99961

  PointToIndexMatrix: 
-0.998659 0.043595 -0.0279395
-0.0436121 -0.999049 -2.65517e-08
-0.0279129 0.00121847 0.99961

  Inverse Direction: 
-0.998659 0.043595 -0.0279395
-0.0436121 -0.999049 -2.65517e-08
-0.0279129 0.00121847 0.99961

  PixelContainer: 
    ImportImageContainer (0x51a9390)
      RTTI typeinfo:   itk::ImportImageContainer<unsigned long, double>
      Reference Count: 1
      Modified Time: 1587
      Debug: Off
      Object Name: 
      Observers: 
        none
      Pointer: 0x148b82c1e010
      Container manages memory: true
      Size: 9830400
      Capacity: 9830400

     Weighting = 1
     Sampling strategy = regular
     Number of bins = 32
     Radius = 4
     Sampling percentage  = 0.25
   Transform = Affine
     Gradient step = 0.1
     Update field sigma (voxel space) = 0
     Total field sigma (voxel space) = 0
     Update field time sigma = 0
     Total field time sigma  = 0
     Number of time indices = 0
     Number of time point samples = 0
Registration using 1 total stages.

Stage 0
  iterations = 1000x500x250x100
  convergence threshold = 1e-06
  convergence window size = 10
  number of levels = 4
  using the Mattes MI metric (number of bins = 32, weight = 1, use gradient filter = 0)
  preprocessing:  winsorizing the image intensities
  Shrink factors (level 1 out of 4): [8, 8, 8]
  Shrink factors (level 2 out of 4): [4, 4, 4]
  Shrink factors (level 3 out of 4): [2, 2, 2]
  Shrink factors (level 4 out of 4): [1, 1, 1]
  smoothing sigmas per level: [3, 2, 1, 0]
  regular sampling (percentage = 0.25)

*** Running AffineTransform registration ***

DIAGNOSTIC,Iteration,metricValue,convergenceValue,ITERATION_TIME_INDEX,SINCE_LAST
 2DIAGNOSTIC,     1, -5.796695310743e-01, 1.797693134862e+308, 7.4920e-01, 7.4920e-01, 
 2DIAGNOSTIC,     2, -5.814254443187e-01, 1.797693134862e+308, 7.5370e-01, 4.5009e-03, 
 2DIAGNOSTIC,     3, -5.844699221718e-01, 1.797693134862e+308, 7.5793e-01, 4.2331e-03, 
 2DIAGNOSTIC,     4, -5.896604521956e-01, 1.797693134862e+308, 7.6209e-01, 4.1540e-03, 
 2DIAGNOSTIC,     5, -5.986829654337e-01, 1.797693134862e+308, 7.6654e-01, 4.4560e-03, 
 2DIAGNOSTIC,     6, -6.105649693777e-01, 1.797693134862e+308, 7.7093e-01, 4.3831e-03, 
 2DIAGNOSTIC,     7, -6.284474914757e-01, 1.797693134862e+308, 7.7542e-01, 4.4959e-03, 
 2DIAGNOSTIC,     8, -6.629523609133e-01, 1.797693134862e+308, 7.8054e-01, 5.1181e-03, 
 2DIAGNOSTIC,     9, -6.788605229407e-01, 1.797693134862e+308, 7.8564e-01, 5.0972e-03, 
 2DIAGNOSTIC,    10, -6.887346469671e-01, 1.234385064981e-02, 7.9067e-01, 5.0340e-03, 
 2DIAGNOSTIC,    11, -7.094393496124e-01, 1.294059289516e-02, 7.9781e-01, 7.1418e-03, 
 2DIAGNOSTIC,    12, -7.104546652810e-01, 1.235907271902e-02, 8.0265e-01, 4.8358e-03, 
 2DIAGNOSTIC,    13, -7.117155426250e-01, 1.091035353700e-02, 8.0852e-01, 5.8699e-03, 
 2DIAGNOSTIC,    14, -7.118924999221e-01, 8.876742238355e-03, 8.1387e-01, 5.3458e-03, 
 2DIAGNOSTIC,    15, -7.119785055872e-01, 6.604984218940e-03, 8.1976e-01, 5.8949e-03, 
 2DIAGNOSTIC,    16, -7.120028062542e-01, 4.357774999932e-03, 8.2452e-01, 4.7631e-03, 
 2DIAGNOSTIC,    17, -7.120195751421e-01, 2.434064134073e-03, 8.2979e-01, 5.2621e-03, 
 2DIAGNOSTIC,    18, -7.126008348461e-01, 1.354687365406e-03, 8.3617e-01, 6.3870e-03, 
 2DIAGNOSTIC,    19, -7.128384852277e-01, 6.354948189658e-04, 8.4170e-01, 5.5289e-03, 
 2DIAGNOSTIC,    20, -7.125381329570e-01, 1.268584879590e-04, 8.4715e-01, 5.4450e-03, 
 2DIAGNOSTIC,    21, -7.125764934862e-01, 7.853161178242e-05, 8.5214e-01, 4.9908e-03, 
 2DIAGNOSTIC,    22, -7.127096345154e-01, 4.915519842550e-05, 8.5712e-01, 4.9820e-03, 
 2DIAGNOSTIC,    23, -7.132765278164e-01, 5.122915713963e-05, 8.6282e-01, 5.7030e-03, 
 2DIAGNOSTIC,    24, -7.136470997902e-01, 5.771961875951e-05, 8.6778e-01, 4.9560e-03, 
 2DIAGNOSTIC,    25, -7.134291517853e-01, 5.635799618400e-05, 8.7263e-01, 4.8480e-03, 
 2DIAGNOSTIC,    26, -7.141302724952e-01, 6.214465339448e-05, 8.7744e-01, 4.8139e-03, 
 2DIAGNOSTIC,    27, -7.156236914351e-01, 8.456826298249e-05, 8.8236e-01, 4.9210e-03, 
 2DIAGNOSTIC,    28, -7.198313352844e-01, 1.680534326558e-04, 8.8985e-01, 7.4859e-03, 
 2DIAGNOSTIC,    29, -7.198579136115e-01, 2.322746155550e-04, 8.9567e-01, 5.8200e-03, 
 2DIAGNOSTIC,    30, -7.198343728909e-01, 2.668337779645e-04, 9.0100e-01, 5.3270e-03, 
 2DIAGNOSTIC,    31, -7.198165293479e-01, 2.750438978850e-04, 9.0639e-01, 5.3921e-03, 
 2DIAGNOSTIC,    32, -7.197657302160e-01, 2.571086338468e-04, 9.1180e-01, 5.4090e-03, 
 2DIAGNOSTIC,    33, -7.197128672408e-01, 2.215434353939e-04, 9.1664e-01, 4.8389e-03, 
 2DIAGNOSTIC,    34, -7.196925530966e-01, 1.718119657027e-04, 9.2149e-01, 4.8568e-03, 
 2DIAGNOSTIC,    35, -7.198291947559e-01, 1.086622090839e-04, 9.2638e-01, 4.8878e-03, 
 2DIAGNOSTIC,    36, -7.198639346063e-01, 4.742882016633e-05, 9.3177e-01, 5.3899e-03, 
DIAGNOSTIC,Iteration,metricValue,convergenceValue,ITERATION_TIME_INDEX,SINCE_LAST
 2DIAGNOSTIC,     1, -5.914000640651e-01, 1.797693134862e+308, 1.6002e+00, 6.6842e-01, 
 2DIAGNOSTIC,     2, -5.923254627773e-01, 1.797693134862e+308, 1.6360e+00, 3.5858e-02, 
 2DIAGNOSTIC,     3, -5.935076293141e-01, 1.797693134862e+308, 1.6718e+00, 3.5800e-02, 
 2DIAGNOSTIC,     4, -5.947214379972e-01, 1.797693134862e+308, 1.7082e+00, 3.6392e-02, 
 2DIAGNOSTIC,     5, -5.957004031221e-01, 1.797693134862e+308, 1.7481e+00, 3.9852e-02, 
 2DIAGNOSTIC,     6, -5.965346419744e-01, 1.797693134862e+308, 1.7833e+00, 3.5228e-02, 
 2DIAGNOSTIC,     7, -5.970203991220e-01, 1.797693134862e+308, 1.8191e+00, 3.5746e-02, 
 2DIAGNOSTIC,     8, -5.978748293171e-01, 1.797693134862e+308, 1.8539e+00, 3.4837e-02, 
 2DIAGNOSTIC,     9, -5.984927400737e-01, 1.797693134862e+308, 1.8964e+00, 4.2478e-02, 
 2DIAGNOSTIC,    10, -5.990933666526e-01, 8.314044046872e-04, 1.9478e+00, 5.1448e-02, 
 2DIAGNOSTIC,    11, -5.991717374722e-01, 6.735199992675e-04, 1.9885e+00, 4.0679e-02, 
 2DIAGNOSTIC,    12, -5.991675500820e-01, 5.184572504919e-04, 2.0274e+00, 3.8923e-02, 
 2DIAGNOSTIC,    13, -5.991610352209e-01, 3.832677408851e-04, 2.0672e+00, 3.9730e-02, 
 2DIAGNOSTIC,    14, -5.992256462181e-01, 2.755524960640e-04, 2.1144e+00, 4.7228e-02, 
 2DIAGNOSTIC,    15, -5.992199592028e-01, 1.876144076264e-04, 2.1538e+00, 3.9409e-02, 
 2DIAGNOSTIC,    16, -5.992156320795e-01, 1.185089258968e-04, 2.1893e+00, 3.5550e-02, 
 2DIAGNOSTIC,    17, -5.992053047913e-01, 5.997145853264e-05, 2.2213e+00, 3.1963e-02, 
 2DIAGNOSTIC,    18, -5.992662545647e-01, 2.655171088995e-05, 2.2572e+00, 3.5896e-02, 
 2DIAGNOSTIC,    19, -5.993542422969e-01, 1.155790118897e-05, 2.2893e+00, 3.2073e-02, 
 2DIAGNOSTIC,    20, -5.994753294577e-01, 1.420966827654e-05, 2.3206e+00, 3.1276e-02, 
 2DIAGNOSTIC,    21, -5.996283884974e-01, 2.067027037968e-05, 2.3562e+00, 3.5600e-02, 
 2DIAGNOSTIC,    22, -6.000975045078e-01, 3.478778481628e-05, 2.4121e+00, 5.5955e-02, 
 2DIAGNOSTIC,    23, -6.001019522345e-01, 4.424477031851e-05, 2.4486e+00, 3.6515e-02, 
 2DIAGNOSTIC,    24, -6.000773481300e-01, 4.980122433325e-05, 2.4921e+00, 4.3482e-02, 
 2DIAGNOSTIC,    25, -6.000702192814e-01, 5.023965144713e-05, 2.5276e+00, 3.5464e-02, 
