
##########################
# Experiment information #
##########################

EXPERIMENT_NAME: antsRegistration-r8-p23
VFC_BACKENDS: libinterflop_vprec.so --range-binary32=8 --precision-binary32=23 --range-binary64=8 --precision-binary64=23

SIF_IMG: /home/mdugre/projects/rrg-glatard/mdugre/containers/ants-vprec-no_metrics.simg

SUBJECT_ID: s020
INPUT_IMG: /home/mdugre/scratch/mri-registration-rp/datasets/ds004513/derivatives/mri-registration-rp/antsBrainExtraction/sub-s020/BrainExtractionBrain.nii.gz
OUTPUT_DIR: /home/mdugre/scratch/mri-registration-rp/datasets/ds004513/derivatives/mri-registration-rp/0001/antsRegistration-r8-p23/sub-s020

FIXED_IMG: /templateflow/tpl-MNI152NLin2009cAsym/tpl-MNI152NLin2009cAsym_res-01_desc-brain_T1w.nii.gz
DATA_DIR: /home/mdugre/scratch/mri-registration-rp/datasets/ds004513
TEMPLATEFLOW_DIR: /home/mdugre/projects/rrg-glatard/mdugre/templateflow
ITK_GLOBAL_DEFAULT_NUMBER_OF_THREADS: 16
##########################

Info [verificarlo]: loaded backend libinterflop_ieee.so
Info [interflop-ieee]: load backend with:
Info [interflop-ieee]: debug = false
Info [interflop-ieee]: debug-binary = false
Info [interflop-ieee]: no-backend-name = false
Info [interflop-ieee]: print-new-line = false
Info [interflop-ieee]: print-subnormal-normalized = false
Info [interflop-ieee]: count-op = false
All_Command_lines_OK
Using double precision for computations.
=============================================================================
The composite transform comprises the following transforms (in order): 
  1. Center of mass alignment using fixed image: /templateflow/tpl-MNI152NLin2009cAsym/tpl-MNI152NLin2009cAsym_res-01_desc-brain_T1w.nii.gz and moving image: /home/mdugre/scratch/mri-registration-rp/datasets/ds004513/derivatives/mri-registration-rp/antsBrainExtraction/sub-s020/BrainExtractionBrain.nii.gz (type = Euler3DTransform)
=============================================================================
  number of levels = 1
  fixed image: /templateflow/tpl-MNI152NLin2009cAsym/tpl-MNI152NLin2009cAsym_res-01_desc-brain_T1w.nii.gz
  moving image: /home/mdugre/scratch/mri-registration-rp/datasets/ds004513/derivatives/mri-registration-rp/antsBrainExtraction/sub-s020/BrainExtractionBrain.nii.gz
Dimension = 3
Number of stages = 1
Use histogram matching = false
Winsorize image intensities = true
  Lower quantile = 0.005
  Upper quantile = 0.995


Stage 1 State
   Image metric = MattesMI
     Fixed image = Image (0x4daae70)
  RTTI typeinfo:   itk::Image<double, 3u>
  Reference Count: 2
  Modified Time: 2334
  Debug: Off
  Object Name: 
  Observers: 
    none
  Source: (none)
  Source output name: (none)
  Release Data: Off
  Data Released: False
  Global Release Data: Off
  PipelineMTime: 0
  UpdateMTime: 1943
  RealTimeStamp: 0 seconds 
  LargestPossibleRegion: 
    Dimension: 3
    Index: [0, 0, 0]
    Size: [193, 229, 193]
  BufferedRegion: 
    Dimension: 3
    Index: [0, 0, 0]
    Size: [193, 229, 193]
  RequestedRegion: 
    Dimension: 3
    Index: [0, 0, 0]
    Size: [193, 229, 193]
  Spacing: [1, 1, 1]
  Origin: [96, 132, -78]
  Direction: 
-1 0 0
0 -1 0
0 0 1

  IndexToPointMatrix: 
-1 0 0
0 -1 0
0 0 1

  PointToIndexMatrix: 
-1 0 0
0 -1 0
0 0 1

  Inverse Direction: 
-1 0 0
0 -1 0
0 0 1

  PixelContainer: 
    ImportImageContainer (0x4db3c60)
      RTTI typeinfo:   itk::ImportImageContainer<unsigned long, double>
      Reference Count: 1
      Modified Time: 1940
      Debug: Off
      Object Name: 
      Observers: 
        none
      Pointer: 0x151f7f938010
      Container manages memory: true
      Size: 8530021
      Capacity: 8530021

     Moving image = Image (0x4db6610)
  RTTI typeinfo:   itk::Image<double, 3u>
  Reference Count: 2
  Modified Time: 2335
  Debug: Off
  Object Name: 
  Observers: 
    none
  Source: (none)
  Source output name: (none)
  Release Data: Off
  Data Released: False
  Global Release Data: Off
  PipelineMTime: 0
  UpdateMTime: 2332
  RealTimeStamp: 0 seconds 
  LargestPossibleRegion: 
    Dimension: 3
    Index: [0, 0, 0]
    Size: [160, 240, 256]
  BufferedRegion: 
    Dimension: 3
    Index: [0, 0, 0]
    Size: [160, 240, 256]
  RequestedRegion: 
    Dimension: 3
    Index: [0, 0, 0]
    Size: [160, 240, 256]
  Spacing: [0.999995, 1, 1]
  Origin: [87.0906, 98.7205, -152.377]
  Direction: 
-0.996975 0.0261379 -0.0731913
-0.0260677 -0.999658 -0.00191374
-0.0732163 -2.46403e-08 0.997316

  IndexToPointMatrix: 
-0.996971 0.0261379 -0.0731913
-0.0260676 -0.999658 -0.00191374
-0.0732159 -2.46403e-08 0.997316

  PointToIndexMatrix: 
-0.99698 -0.0260679 -0.0732166
0.0261379 -0.999658 -2.46993e-08
-0.0731913 -0.00191374 0.997316

  Inverse Direction: 
-0.996975 -0.0260677 -0.0732163
0.0261379 -0.999658 -2.46993e-08
-0.0731913 -0.00191374 0.997316

  PixelContainer: 
    ImportImageContainer (0x4e4fef0)
      RTTI typeinfo:   itk::ImportImageContainer<unsigned long, double>
      Reference Count: 1
      Modified Time: 2329
      Debug: Off
      Object Name: 
      Observers: 
        none
      Pointer: 0x151f7ae37010
      Container manages memory: true
      Size: 9830400
      Capacity: 9830400

     Weighting = 1
     Sampling strategy = regular
     Number of bins = 32
     Radius = 4
     Sampling percentage  = 0.25
   Transform = Rigid
     Gradient step = 0.1
     Update field sigma (voxel space) = 0
     Total field sigma (voxel space) = 0
     Update field time sigma = 0
     Total field time sigma  = 0
     Number of time indices = 0
     Number of time point samples = 0
Registration using 1 total stages.

Stage 0
  iterations = 0
  convergence threshold = 1e-06
  convergence window size = 10
  number of levels = 1
  using the Mattes MI metric (number of bins = 32, weight = 1, use gradient filter = 0)
  preprocessing:  winsorizing the image intensities
  Shrink factors (level 1 out of 1): [1, 1, 1]
  smoothing sigmas per level: [0]
  regular sampling (percentage = 0.25)

*** Running Euler3DTransform registration ***

  Elapsed time (stage 0): 1.08378


Total elapsed time: 1.08573
Info [verificarlo]: loaded backend libinterflop_ieee.so
Info [interflop-ieee]: load backend with:
Info [interflop-ieee]: debug = false
Info [interflop-ieee]: debug-binary = false
Info [interflop-ieee]: no-backend-name = false
Info [interflop-ieee]: print-new-line = false
Info [interflop-ieee]: print-subnormal-normalized = false
Info [interflop-ieee]: count-op = false
All_Command_lines_OK
Using double precision for computations.
=============================================================================
The composite transform comprises the following transforms (in order): 
  1. /home/mdugre/scratch/mri-registration-rp/datasets/ds004513/derivatives/mri-registration-rp/0001/antsRegistration-r8-p23/sub-s020/align_Composite.h5[0] (type = Euler3DTransform)
  2. /home/mdugre/scratch/mri-registration-rp/datasets/ds004513/derivatives/mri-registration-rp/0001/antsRegistration-r8-p23/sub-s020/align_Composite.h5[1] (type = Euler3DTransform)
=============================================================================
  number of levels = 4
  fixed image: /templateflow/tpl-MNI152NLin2009cAsym/tpl-MNI152NLin2009cAsym_res-01_desc-brain_T1w.nii.gz
  moving image: /home/mdugre/scratch/mri-registration-rp/datasets/ds004513/derivatives/mri-registration-rp/antsBrainExtraction/sub-s020/BrainExtractionBrain.nii.gz
Dimension = 3
Number of stages = 1
Use histogram matching = false
Winsorize image intensities = true
  Lower quantile = 0.005
  Upper quantile = 0.995


Stage 1 State
   Image metric = MattesMI
     Fixed image = Image (0x412f530)
  RTTI typeinfo:   itk::Image<double, 3u>
  Reference Count: 2
  Modified Time: 1580
  Debug: Off
  Object Name: 
  Observers: 
    none
  Source: (none)
  Source output name: (none)
  Release Data: Off
  Data Released: False
  Global Release Data: Off
  PipelineMTime: 0
  UpdateMTime: 1189
  RealTimeStamp: 0 seconds 
  LargestPossibleRegion: 
    Dimension: 3
    Index: [0, 0, 0]
    Size: [193, 229, 193]
  BufferedRegion: 
    Dimension: 3
    Index: [0, 0, 0]
    Size: [193, 229, 193]
  RequestedRegion: 
    Dimension: 3
    Index: [0, 0, 0]
    Size: [193, 229, 193]
  Spacing: [1, 1, 1]
  Origin: [96, 132, -78]
  Direction: 
-1 0 0
0 -1 0
0 0 1

  IndexToPointMatrix: 
-1 0 0
0 -1 0
0 0 1

  PointToIndexMatrix: 
-1 0 0
0 -1 0
0 0 1

  Inverse Direction: 
-1 0 0
0 -1 0
0 0 1

  PixelContainer: 
    ImportImageContainer (0x41edd60)
      RTTI typeinfo:   itk::ImportImageContainer<unsigned long, double>
      Reference Count: 1
      Modified Time: 1186
      Debug: Off
      Object Name: 
      Observers: 
        none
      Pointer: 0x145a6d174010
      Container manages memory: true
      Size: 8530021
      Capacity: 8530021

     Moving image = Image (0x41dff60)
  RTTI typeinfo:   itk::Image<double, 3u>
  Reference Count: 2
  Modified Time: 1581
  Debug: Off
  Object Name: 
  Observers: 
    none
  Source: (none)
  Source output name: (none)
  Release Data: Off
  Data Released: False
  Global Release Data: Off
  PipelineMTime: 0
  UpdateMTime: 1578
  RealTimeStamp: 0 seconds 
  LargestPossibleRegion: 
    Dimension: 3
    Index: [0, 0, 0]
    Size: [160, 240, 256]
  BufferedRegion: 
    Dimension: 3
    Index: [0, 0, 0]
    Size: [160, 240, 256]
  RequestedRegion: 
    Dimension: 3
    Index: [0, 0, 0]
    Size: [160, 240, 256]
  Spacing: [0.999995, 1, 1]
  Origin: [87.0906, 98.7205, -152.377]
  Direction: 
-0.996975 0.0261379 -0.0731913
-0.0260677 -0.999658 -0.00191374
-0.0732163 -2.46403e-08 0.997316

  IndexToPointMatrix: 
-0.996971 0.0261379 -0.0731913
-0.0260676 -0.999658 -0.00191374
-0.0732159 -2.46403e-08 0.997316

  PointToIndexMatrix: 
-0.99698 -0.0260679 -0.0732166
0.0261379 -0.999658 -2.46993e-08
-0.0731913 -0.00191374 0.997316

  Inverse Direction: 
-0.996975 -0.0260677 -0.0732163
0.0261379 -0.999658 -2.46993e-08
-0.0731913 -0.00191374 0.997316

  PixelContainer: 
    ImportImageContainer (0x41d16d0)
      RTTI typeinfo:   itk::ImportImageContainer<unsigned long, double>
      Reference Count: 1
      Modified Time: 1575
      Debug: Off
      Object Name: 
      Observers: 
        none
      Pointer: 0x145a68673010
      Container manages memory: true
      Size: 9830400
      Capacity: 9830400

     Weighting = 1
     Sampling strategy = regular
     Number of bins = 32
     Radius = 4
     Sampling percentage  = 0.25
   Transform = Rigid
     Gradient step = 0.1
     Update field sigma (voxel space) = 0
     Total field sigma (voxel space) = 0
     Update field time sigma = 0
     Total field time sigma  = 0
     Number of time indices = 0
     Number of time point samples = 0
Registration using 1 total stages.

Stage 0
  iterations = 1000x500x250x100
  convergence threshold = 1e-06
  convergence window size = 10
  number of levels = 4
  using the Mattes MI metric (number of bins = 32, weight = 1, use gradient filter = 0)
  preprocessing:  winsorizing the image intensities
  Shrink factors (level 1 out of 4): [8, 8, 8]
  Shrink factors (level 2 out of 4): [4, 4, 4]
  Shrink factors (level 3 out of 4): [2, 2, 2]
  Shrink factors (level 4 out of 4): [1, 1, 1]
  smoothing sigmas per level: [3, 2, 1, 0]
  regular sampling (percentage = 0.25)

*** Running Euler3DTransform registration ***

DIAGNOSTIC,Iteration,metricValue,convergenceValue,ITERATION_TIME_INDEX,SINCE_LAST
 2DIAGNOSTIC,     1, -3.791273390751e-01, 1.797693134862e+308, 6.1187e-01, 6.1187e-01, 
 2DIAGNOSTIC,     2, -3.803606001643e-01, 1.797693134862e+308, 6.1566e-01, 3.7911e-03, 
 2DIAGNOSTIC,     3, -3.828962034719e-01, 1.797693134862e+308, 6.1920e-01, 3.5429e-03, 
 2DIAGNOSTIC,     4, -3.876122532015e-01, 1.797693134862e+308, 6.2285e-01, 3.6490e-03, 
 2DIAGNOSTIC,     5, -3.904935334081e-01, 1.797693134862e+308, 6.2700e-01, 4.1530e-03, 
 2DIAGNOSTIC,     6, -3.911039700181e-01, 1.797693134862e+308, 6.3067e-01, 3.6690e-03, 
 2DIAGNOSTIC,     7, -3.914905453856e-01, 1.797693134862e+308, 6.3433e-01, 3.6621e-03, 
 2DIAGNOSTIC,     8, -3.925629083064e-01, 1.797693134862e+308, 6.3815e-01, 3.8149e-03, 
 2DIAGNOSTIC,     9, -3.981570789235e-01, 1.797693134862e+308, 6.4199e-01, 3.8390e-03, 
 2DIAGNOSTIC,    10, -4.079218556696e-01, 3.866687266231e-03, 6.4712e-01, 5.1301e-03, 
 2DIAGNOSTIC,    11, -4.246779602407e-01, 4.904320352955e-03, 6.5170e-01, 4.5869e-03, 
 2DIAGNOSTIC,    12, -4.297045200929e-01, 5.673254149494e-03, 6.5578e-01, 4.0770e-03, 
 2DIAGNOSTIC,    13, -4.335692915495e-01, 6.156954111570e-03, 6.6047e-01, 4.6859e-03, 
 2DIAGNOSTIC,    14, -4.439932007399e-01, 6.764094567507e-03, 6.6457e-01, 4.1060e-03, 
 2DIAGNOSTIC,    15, -4.466217673045e-01, 6.904768044368e-03, 6.6923e-01, 4.6599e-03, 
 2DIAGNOSTIC,    16, -4.513528166469e-01, 6.619270355895e-03, 6.7328e-01, 4.0479e-03, 
 2DIAGNOSTIC,    17, -4.528511003175e-01, 5.844785644346e-03, 6.7793e-01, 4.6480e-03, 
 2DIAGNOSTIC,    18, -4.555717392151e-01, 4.777374808942e-03, 6.8387e-01, 5.9390e-03, 
 2DIAGNOSTIC,    19, -4.559551121960e-01, 3.601534634443e-03, 6.8783e-01, 3.9601e-03, 
 2DIAGNOSTIC,    20, -4.573565808064e-01, 2.586714362480e-03, 6.9377e-01, 5.9431e-03, 
 2DIAGNOSTIC,    21, -4.575247213698e-01, 1.982967341478e-03, 6.9771e-01, 3.9430e-03, 
 2DIAGNOSTIC,    22, -4.577282054894e-01, 1.415632262320e-03, 7.0210e-01, 4.3871e-03, 
 2DIAGNOSTIC,    23, -4.579446883984e-01, 8.825790317533e-04, 7.0620e-01, 4.1029e-03, 
 2DIAGNOSTIC,    24, -4.580222678654e-01, 6.077350306179e-04, 7.1023e-01, 4.0238e-03, 
 2DIAGNOSTIC,    25, -4.581756961279e-01, 3.715379935503e-04, 7.1453e-01, 4.3061e-03, 
 2DIAGNOSTIC,    26, -4.586249540108e-01, 2.524165698320e-04, 7.1853e-01, 3.9949e-03, 
 2DIAGNOSTIC,    27, -4.589299104156e-01, 1.618869038153e-04, 7.2443e-01, 5.9018e-03, 
 2DIAGNOSTIC,    28, -4.591738526484e-01, 1.333312184411e-04, 7.2839e-01, 3.9620e-03, 
 2DIAGNOSTIC,    29, -4.592822907976e-01, 1.048661845351e-04, 7.3286e-01, 4.4689e-03, 
 2DIAGNOSTIC,    30, -4.597222235925e-01, 1.091157386922e-04, 7.3834e-01, 5.4760e-03, 
 2DIAGNOSTIC,    31, -4.598060055772e-01, 1.078228301006e-04, 7.4243e-01, 4.0939e-03, 
 2DIAGNOSTIC,    32, -4.606648780388e-01, 1.181814527414e-04, 7.4699e-01, 4.5569e-03, 
 2DIAGNOSTIC,    33, -4.610325408551e-01, 1.280761390489e-04, 7.5098e-01, 3.9902e-03, 
 2DIAGNOSTIC,    34, -4.611735924946e-01, 1.295694730046e-04, 7.5496e-01, 3.9809e-03, 
 2DIAGNOSTIC,    35, -4.615353672178e-01, 1.283983474710e-04, 7.5895e-01, 3.9940e-03, 
 2DIAGNOSTIC,    36, -4.621700575190e-01, 1.345730709951e-04, 7.6447e-01, 5.5199e-03, 
 2DIAGNOSTIC,    37, -4.629373076978e-01, 1.460776320824e-04, 7.6853e-01, 4.0619e-03, 
 2DIAGNOSTIC,    38, -4.632889230064e-01, 1.530586270416e-04, 7.7261e-01, 4.0791e-03, 
 2DIAGNOSTIC,    39, -4.639361202588e-01, 1.578496235523e-04, 7.7668e-01, 4.0710e-03, 
 2DIAGNOSTIC,    40, -4.659386590174e-01, 1.869997673219e-04, 7.8139e-01, 4.7081e-03, 
 2DIAGNOSTIC,    41, -4.817701994440e-01, 4.462134872633e-04, 7.8765e-01, 6.2580e-03, 
 2DIAGNOSTIC,    42, -4.867788205728e-01, 7.326176052264e-04, 7.9170e-01, 4.0531e-03, 
 2DIAGNOSTIC,    43, -4.902803664502e-01, 9.934410835760e-04, 7.9592e-01, 4.2150e-03, 
 2DIAGNOSTIC,    44, -4.930212483540e-01, 1.191347755747e-03, 8.0071e-01, 4.7941e-03, 
 2DIAGNOSTIC,    45, -4.978531173415e-01, 1.338610241356e-03, 8.0626e-01, 5.5430e-03, 
 2DIAGNOSTIC,    46, -4.986045988575e-01, 1.365367104256e-03, 8.1028e-01, 4.0231e-03, 
 2DIAGNOSTIC,    47, -4.990999608417e-01, 1.276979842307e-03, 8.1439e-01, 4.1142e-03, 
 2DIAGNOSTIC,    48, -4.998071874596e-01, 1.088006724454e-03, 8.2036e-01, 5.9690e-03, 
 2DIAGNOSTIC,    49, -4.998033661910e-01, 8.137398833940e-04, 8.2437e-01, 4.0040e-03, 
 2DIAGNOSTIC,    50, -5.000741127317e-01, 4.973595155217e-04, 8.2842e-01, 4.0529e-03, 
 2DIAGNOSTIC,    51, -5.001822227675e-01, 3.430434787698e-04, 8.3246e-01, 4.0431e-03, 
 2DIAGNOSTIC,    52, -5.003898080564e-01, 2.255518899646e-04, 8.3640e-01, 3.9411e-03, 
 2DIAGNOSTIC,    53, -5.013411554409e-01, 1.438641250488e-04, 8.4084e-01, 4.4351e-03, 
 2DIAGNOSTIC,    54, -5.017820805341e-01, 8.697265205884e-05, 8.5347e-01, 1.2631e-02, 
 2DIAGNOSTIC,    55, -5.017820506822e-01, 7.891312805453e-05, 8.5741e-01, 3.9461e-03, 
 2DIAGNOSTIC,    56, -5.017820887398e-01, 7.216323785479e-05, 8.6142e-01, 4.0090e-03, 
 2DIAGNOSTIC,    57, -5.017821530933e-01, 6.404601550872e-05, 8.6533e-01, 3.9058e-03, 
 2DIAGNOSTIC,    58, -5.017822618788e-01, 5.758634939053e-05, 8.6929e-01, 3.9649e-03, 
 2DIAGNOSTIC,    59, -5.017824457328e-01, 4.570969264114e-05, 8.7322e-01, 3.9220e-03, 
 2DIAGNOSTIC,    60, -5.017827563405e-01, 3.286922761696e-05, 8.7708e-01, 3.8600e-03, 
 2DIAGNOSTIC,    61, -5.017832807560e-01, 1.861732202397e-05, 8.8066e-01, 3.5799e-03, 
 2DIAGNOSTIC,    62, -5.017841652080e-01, 4.990561645844e-06, 8.8427e-01, 3.6118e-03, 
DIAGNOSTIC,Iteration,metricValue,convergenceValue,ITERATION_TIME_INDEX,SINCE_LAST
 2DIAGNOSTIC,     1, -4.079524643794e-01, 1.797693134862e+308, 1.5188e+00, 6.3456e-01, 
 2DIAGNOSTIC,     2, -4.085045179228e-01, 1.797693134862e+308, 1.5448e+00, 2.5936e-02, 
 2DIAGNOSTIC,     3, -4.092316117100e-01, 1.797693134862e+308, 1.5717e+00, 2.6944e-02, 
 2DIAGNOSTIC,     4, -4.103810113230e-01, 1.797693134862e+308, 1.5984e+00, 2.6657e-02, 
 2DIAGNOSTIC,     5, -4.117801472298e-01, 1.797693134862e+308, 1.6248e+00, 2.6457e-02, 
 2DIAGNOSTIC,     6, -4.119360579695e-01, 1.797693134862e+308, 1.6517e+00, 2.6851e-02, 
 2DIAGNOSTIC,     7, -4.123273621903e-01, 1.797693134862e+308, 1.6818e+00, 3.0122e-02, 
 2DIAGNOSTIC,     8, -4.136876299301e-01, 1.797693134862e+308, 1.7173e+00, 3.5494e-02, 
 2DIAGNOSTIC,     9, -4.153135139357e-01, 1.797693134862e+308, 1.7520e+00, 3.4673e-02, 
 2DIAGNOSTIC,    10, -4.150857075605e-01, 1.186963269069e-03, 1.7781e+00, 2.6178e-02, 
 2DIAGNOSTIC,    11, -4.175575120490e-01, 1.167980986433e-03, 1.8097e+00, 3.1547e-02, 
 2DIAGNOSTIC,    12, -4.177410756699e-01, 1.087542595786e-03, 1.8409e+00, 3.1249e-02, 
 2DIAGNOSTIC,    13, -4.177581183405e-01, 9.599146445899e-04, 1.8709e+00, 2.9926e-02, 
 2DIAGNOSTIC,    14, -4.177537422062e-01, 8.189989340999e-04, 1.9006e+00, 2.9750e-02, 
 2DIAGNOSTIC,    15, -4.177679608453e-01, 6.879372764245e-04, 1.9279e+00, 2.7281e-02, 
 2DIAGNOSTIC,    16, -4.177822858599e-01, 5.174368966683e-04, 1.9633e+00, 3.5403e-02, 
 2DIAGNOSTIC,    17, -4.177773988611e-01, 3.338974347532e-04, 1.9916e+00, 2.8299e-02, 
 2DIAGNOSTIC,    18, -4.177733195532e-01, 1.915839439352e-04, 2.0169e+00, 2.5320e-02, 
 2DIAGNOSTIC,    19, -4.177576804262e-01, 1.063237798648e-04, 2.0462e+00, 2.9283e-02, 
 2DIAGNOSTIC,    20, -4.177579421173e-01, 9.793161211226e-06, 2.0758e+00, 2.9599e-02, 
 2DIAGNOSTIC,    21, -4.177428276273e-01, 1.723119314498e-06, 2.1018e+00, 2.6054e-02, 
DIAGNOSTIC,Iteration,metricValue,convergenceValue,ITERATION_TIME_INDEX,SINCE_LAST
 2DIAGNOSTIC,     1, -3.587003067550e-01, 1.797693134862e+308, 3.0305e+00, 9.2864e-01, 
 2DIAGNOSTIC,     2, -3.588937698892e-01, 1.797693134862e+308, 3.2220e+00, 1.9156e-01, 
 2DIAGNOSTIC,     3, -3.590650776092e-01, 1.797693134862e+308, 3.4280e+00, 2.0600e-01, 
 2DIAGNOSTIC,     4, -3.593052768816e-01, 1.797693134862e+308, 3.6530e+00, 2.2500e-01, 
 2DIAGNOSTIC,     5, -3.593927685375e-01, 1.797693134862e+308, 3.8371e+00, 1.8410e-01, 
 2DIAGNOSTIC,     6, -3.595084598037e-01, 1.797693134862e+308, 4.0162e+00, 1.7902e-01, 
 2DIAGNOSTIC,     7, -3.596657891041e-01, 1.797693134862e+308, 4.1899e+00, 1.7375e-01, 
 2DIAGNOSTIC,     8, -3.598879035070e-01, 1.797693134862e+308, 4.4461e+00, 2.5615e-01, 
 2DIAGNOSTIC,     9, -3.600375894456e-01, 1.797693134862e+308, 4.7277e+00, 2.8165e-01, 
 2DIAGNOSTIC,    10, -3.600513755154e-01, 2.495147013085e-04, 4.9325e+00, 2.0478e-01, 
 2DIAGNOSTIC,    11, -3.600651303748e-01, 2.044345239012e-04, 5.1112e+00, 1.7870e-01, 
 2DIAGNOSTIC,    12, -3.601570038548e-01, 1.674499695879e-04, 5.3082e+00, 1.9700e-01, 
 2DIAGNOSTIC,    13, -3.602697184070e-01, 1.378760520504e-04, 5.4928e+00, 1.8466e-01, 
 2DIAGNOSTIC,    14, -3.603069486360e-01, 1.156760830382e-04, 5.6777e+00, 1.8490e-01, 
 2DIAGNOSTIC,    15, -3.603688428798e-01, 9.412272183514e-05, 5.8571e+00, 1.7938e-01, 
 2DIAGNOSTIC,    16, -3.604584955389e-01, 7.699469231841e-05, 6.0403e+00, 1.8313e-01, 
 2DIAGNOSTIC,    17, -3.606640730869e-01, 7.148903318790e-05, 6.2850e+00, 2.4477e-01, 
 2DIAGNOSTIC,    18, -3.607512808259e-01, 7.329496523239e-05, 6.4632e+00, 1.7815e-01, 
 2DIAGNOSTIC,    19, -3.608479017887e-01, 7.857823195399e-05, 6.6642e+00, 2.0101e-01, 
 2DIAGNOSTIC,    20, -3.613388756301e-01, 9.621163934233e-05, 6.9157e+00, 2.5150e-01, 
 2DIAGNOSTIC,    21, -3.613588046141e-01, 1.040624207515e-04, 7.2577e+00, 3.4203e-01, 
 2DIAGNOSTIC,    22, -3.613580063889e-01, 1.049277833769e-04, 7.5474e+00, 2.8963e-01, 
 2DIAGNOSTIC,    23, -3.613581769056e-01, 1.001437559954e-04, 7.7626e+00, 2.1521e-01, 
 2DIAGNOSTIC,    24, -3.613576349809e-01, 8.768215389755e-05, 7.9376e+00, 1.7499e-01, 
 2DIAGNOSTIC,    25, -3.613571720077e-01, 6.981835204758e-05, 8.1259e+00, 1.8832e-01, 
 2DIAGNOSTIC,    26, -3.613568363416e-01, 4.943164208531e-05, 8.3580e+00, 2.3216e-01, 
 2DIAGNOSTIC,    27, -3.613564632584e-01, 3.220667859249e-05, 8.5385e+00, 1.8051e-01, 
 2DIAGNOSTIC,    28, -3.613562759269e-01, 1.583824400686e-05, 8.8351e+00, 2.9653e-01, 
 2DIAGNOSTIC,    29, -3.613563724195e-01, 1.466919082677e-06, 9.0453e+00, 2.1027e-01, 
DIAGNOSTIC,Iteration,metricValue,convergenceValue,ITERATION_TIME_INDEX,SINCE_LAST
 2DIAGNOSTIC,     1, -3.315698982648e-01, 1.797693134862e+308, 1.1380e+01, 2.3344e+00, 
 2DIAGNOSTIC,     2, -3.317164908592e-01, 1.797693134862e+308, 1.2652e+01, 1.2726e+00, 
 2DIAGNOSTIC,     3, -3.321543186595e-01, 1.797693134862e+308, 1.3941e+01, 1.2886e+00, 
 2DIAGNOSTIC,     4, -3.323856385482e-01, 1.797693134862e+308, 1.5180e+01, 1.2390e+00, 
 2DIAGNOSTIC,     5, -3.325642982688e-01, 1.797693134862e+308, 1.7103e+01, 1.9236e+00, 
 2DIAGNOSTIC,     6, -3.326368255550e-01, 1.797693134862e+308, 1.8845e+01, 1.7419e+00, 
 2DIAGNOSTIC,     7, -3.326375136076e-01, 1.797693134862e+308, 2.0694e+01, 1.8487e+00, 
 2DIAGNOSTIC,     8, -3.326377976457e-01, 1.797693134862e+308, 2.2195e+01, 1.5012e+00, 
 2DIAGNOSTIC,     9, -3.326377844577e-01, 1.797693134862e+308, 2.3786e+01, 1.5904e+00, 
 2DIAGNOSTIC,    10, -3.326378235041e-01, 2.034354277574e-04, 2.5221e+01, 1.4351e+00, 
 2DIAGNOSTIC,    11, -3.326377248705e-01, 1.237753987036e-04, 2.6603e+01, 1.3821e+00, 
 2DIAGNOSTIC,    12, -3.326375532979e-01, 5.648756395854e-05, 2.7884e+01, 1.2807e+00, 
 2DIAGNOSTIC,    13, -3.326376647098e-01, 2.328267638432e-05, 2.9355e+01, 1.4712e+00, 
 2DIAGNOSTIC,    14, -3.326377790475e-01, 6.805488287909e-06, 3.0763e+01, 1.4078e+00, 
 2DIAGNOSTIC,    15, -3.326376330618e-01, 2.168690297816e-06, 3.2163e+01, 1.4007e+00, 
 2DIAGNOSTIC,    16, -3.326375773278e-01, 1.979211950151e-06, 3.3642e+01, 1.4789e+00, 
 2DIAGNOSTIC,    17, -3.326374904126e-01, 1.843023574380e-06, 3.5021e+01, 1.3787e+00, 
 2DIAGNOSTIC,    18, -3.326375791371e-01, 1.742220358161e-06, 3.6481e+01, 1.4596e+00, 
 2DIAGNOSTIC,    19, -3.326375975896e-01, 1.654149686850e-06, 3.7826e+01, 1.3457e+00, 
 2DIAGNOSTIC,    20, -3.326376843352e-01, 1.582366935260e-06, 3.9208e+01, 1.3813e+00, 
 2DIAGNOSTIC,    21, -3.326375576055e-01, 1.509442093102e-06, 4.0772e+01, 1.5648e+00, 
 2DIAGNOSTIC,    22, -3.326375840467e-01, 1.438145730191e-06, 4.2163e+01, 1.3905e+00, 
 2DIAGNOSTIC,    23, -3.326375049750e-01, 1.374731652883e-06, 4.3599e+01, 1.4361e+00, 
 2DIAGNOSTIC,    24, -3.326374951057e-01, 1.321209011369e-06, 4.5103e+01, 1.5036e+00, 
 2DIAGNOSTIC,    25, -3.326373698090e-01, 1.263157661142e-06, 4.6359e+01, 1.2565e+00, 
 2DIAGNOSTIC,    26, -3.326374468583e-01, 1.211437781166e-06, 4.7836e+01, 1.4773e+00, 
 2DIAGNOSTIC,    27, -3.326376920663e-01, 1.169589138622e-06, 4.9305e+01, 1.4687e+00, 
 2DIAGNOSTIC,    28, -3.326376878395e-01, 1.133894863149e-06, 5.0696e+01, 1.3911e+00, 
 2DIAGNOSTIC,    29, -3.326376658456e-01, 1.100845716855e-06, 5.2089e+01, 1.3930e+00, 
 2DIAGNOSTIC,    30, -3.326375133486e-01, 1.068043146951e-06, 5.3326e+01, 1.2370e+00, 
 2DIAGNOSTIC,    31, -3.326376089761e-01, 1.035809047832e-06, 5.4709e+01, 1.3827e+00, 
 2DIAGNOSTIC,    32, -3.326376207922e-01, 1.005474145693e-06, 5.6279e+01, 1.5706e+00, 
  Elapsed time (stage 0): 5.7032e+01


Total elapsed time: 5.7034e+01
Info [verificarlo]: loaded backend libinterflop_ieee.so
Info [interflop-ieee]: load backend with:
Info [interflop-ieee]: debug = false
Info [interflop-ieee]: debug-binary = false
Info [interflop-ieee]: no-backend-name = false
Info [interflop-ieee]: print-new-line = false
Info [interflop-ieee]: print-subnormal-normalized = false
Info [interflop-ieee]: count-op = false
All_Command_lines_OK
Using double precision for computations.
=============================================================================
The composite transform comprises the following transforms (in order): 
  1. /home/mdugre/scratch/mri-registration-rp/datasets/ds004513/derivatives/mri-registration-rp/0001/antsRegistration-r8-p23/sub-s020/rigid_Composite.h5[0] (type = Euler3DTransform)
  2. /home/mdugre/scratch/mri-registration-rp/datasets/ds004513/derivatives/mri-registration-rp/0001/antsRegistration-r8-p23/sub-s020/rigid_Composite.h5[1] (type = Euler3DTransform)
  3. /home/mdugre/scratch/mri-registration-rp/datasets/ds004513/derivatives/mri-registration-rp/0001/antsRegistration-r8-p23/sub-s020/rigid_Composite.h5[2] (type = Euler3DTransform)
=============================================================================
  number of levels = 4
  fixed image: /templateflow/tpl-MNI152NLin2009cAsym/tpl-MNI152NLin2009cAsym_res-01_desc-brain_T1w.nii.gz
  moving image: /home/mdugre/scratch/mri-registration-rp/datasets/ds004513/derivatives/mri-registration-rp/antsBrainExtraction/sub-s020/BrainExtractionBrain.nii.gz
Dimension = 3
Number of stages = 1
Use histogram matching = false
Winsorize image intensities = true
  Lower quantile = 0.005
  Upper quantile = 0.995


Stage 1 State
   Image metric = MattesMI
     Fixed image = Image (0x3f827e0)
  RTTI typeinfo:   itk::Image<double, 3u>
  Reference Count: 2
  Modified Time: 1594
  Debug: Off
  Object Name: 
  Observers: 
    none
  Source: (none)
  Source output name: (none)
  Release Data: Off
  Data Released: False
  Global Release Data: Off
  PipelineMTime: 0
  UpdateMTime: 1203
  RealTimeStamp: 0 seconds 
  LargestPossibleRegion: 
    Dimension: 3
    Index: [0, 0, 0]
    Size: [193, 229, 193]
  BufferedRegion: 
    Dimension: 3
    Index: [0, 0, 0]
    Size: [193, 229, 193]
  RequestedRegion: 
    Dimension: 3
    Index: [0, 0, 0]
    Size: [193, 229, 193]
  Spacing: [1, 1, 1]
  Origin: [96, 132, -78]
  Direction: 
-1 0 0
0 -1 0
0 0 1

  IndexToPointMatrix: 
-1 0 0
0 -1 0
0 0 1

  PointToIndexMatrix: 
-1 0 0
0 -1 0
0 0 1

  Inverse Direction: 
-1 0 0
0 -1 0
0 0 1

  PixelContainer: 
    ImportImageContainer (0x4042a20)
      RTTI typeinfo:   itk::ImportImageContainer<unsigned long, double>
      Reference Count: 1
      Modified Time: 1200
      Debug: Off
      Object Name: 
      Observers: 
        none
      Pointer: 0x15514dde8010
      Container manages memory: true
      Size: 8530021
      Capacity: 8530021

     Moving image = Image (0x403dd70)
  RTTI typeinfo:   itk::Image<double, 3u>
  Reference Count: 2
  Modified Time: 1595
  Debug: Off
  Object Name: 
  Observers: 
    none
  Source: (none)
  Source output name: (none)
  Release Data: Off
  Data Released: False
  Global Release Data: Off
  PipelineMTime: 0
  UpdateMTime: 1592
  RealTimeStamp: 0 seconds 
  LargestPossibleRegion: 
    Dimension: 3
    Index: [0, 0, 0]
    Size: [160, 240, 256]
  BufferedRegion: 
    Dimension: 3
    Index: [0, 0, 0]
    Size: [160, 240, 256]
  RequestedRegion: 
    Dimension: 3
    Index: [0, 0, 0]
    Size: [160, 240, 256]
  Spacing: [0.999995, 1, 1]
  Origin: [87.0906, 98.7205, -152.377]
  Direction: 
-0.996975 0.0261379 -0.0731913
-0.0260677 -0.999658 -0.00191374
-0.0732163 -2.46403e-08 0.997316

  IndexToPointMatrix: 
-0.996971 0.0261379 -0.0731913
-0.0260676 -0.999658 -0.00191374
-0.0732159 -2.46403e-08 0.997316

  PointToIndexMatrix: 
-0.99698 -0.0260679 -0.0732166
0.0261379 -0.999658 -2.46993e-08
-0.0731913 -0.00191374 0.997316

  Inverse Direction: 
-0.996975 -0.0260677 -0.0732163
0.0261379 -0.999658 -2.46993e-08
-0.0731913 -0.00191374 0.997316

  PixelContainer: 
    ImportImageContainer (0x3ff5c90)
      RTTI typeinfo:   itk::ImportImageContainer<unsigned long, double>
      Reference Count: 1
      Modified Time: 1589
      Debug: Off
      Object Name: 
      Observers: 
        none
      Pointer: 0x1551492e7010
      Container manages memory: true
      Size: 9830400
      Capacity: 9830400

     Weighting = 1
     Sampling strategy = regular
     Number of bins = 32
     Radius = 4
     Sampling percentage  = 0.25
   Transform = Affine
     Gradient step = 0.1
     Update field sigma (voxel space) = 0
     Total field sigma (voxel space) = 0
     Update field time sigma = 0
     Total field time sigma  = 0
     Number of time indices = 0
     Number of time point samples = 0
Registration using 1 total stages.

Stage 0
  iterations = 1000x500x250x100
  convergence threshold = 1e-06
  convergence window size = 10
  number of levels = 4
  using the Mattes MI metric (number of bins = 32, weight = 1, use gradient filter = 0)
  preprocessing:  winsorizing the image intensities
  Shrink factors (level 1 out of 4): [8, 8, 8]
  Shrink factors (level 2 out of 4): [4, 4, 4]
  Shrink factors (level 3 out of 4): [2, 2, 2]
  Shrink factors (level 4 out of 4): [1, 1, 1]
  smoothing sigmas per level: [3, 2, 1, 0]
  regular sampling (percentage = 0.25)

*** Running AffineTransform registration ***

DIAGNOSTIC,Iteration,metricValue,convergenceValue,ITERATION_TIME_INDEX,SINCE_LAST
 2DIAGNOSTIC,     1, -5.123359460744e-01, 1.797693134862e+308, 6.1408e-01, 6.1408e-01, 
 2DIAGNOSTIC,     2, -5.140758261964e-01, 1.797693134862e+308, 6.1801e-01, 3.9370e-03, 
 2DIAGNOSTIC,     3, -5.170387979558e-01, 1.797693134862e+308, 6.2211e-01, 4.0910e-03, 
 2DIAGNOSTIC,     4, -5.221143334916e-01, 1.797693134862e+308, 6.2605e-01, 3.9489e-03, 
 2DIAGNOSTIC,     5, -5.375492722467e-01, 1.797693134862e+308, 6.2994e-01, 3.8819e-03, 
 2DIAGNOSTIC,     6, -5.794648157636e-01, 1.797693134862e+308, 6.3404e-01, 4.1032e-03, 
 2DIAGNOSTIC,     7, -6.689779578943e-01, 1.797693134862e+308, 6.3857e-01, 4.5271e-03, 
 2DIAGNOSTIC,     8, -7.151317447350e-01, 1.797693134862e+308, 6.4314e-01, 4.5719e-03, 
 2DIAGNOSTIC,     9, -7.464558687435e-01, 1.797693134862e+308, 6.5049e-01, 7.3550e-03, 
 2DIAGNOSTIC,    10, -7.508827857040e-01, 3.075461454732e-02, 6.5499e-01, 4.4930e-03, 
 2DIAGNOSTIC,    11, -7.617672988658e-01, 2.944865257369e-02, 6.5938e-01, 4.3890e-03, 
 2DIAGNOSTIC,    12, -7.783053147943e-01, 2.639003033888e-02, 6.6412e-01, 4.7412e-03, 
 2DIAGNOSTIC,    13, -7.937071933883e-01, 2.211363072668e-02, 6.6909e-01, 4.9770e-03, 
 2DIAGNOSTIC,    14, -8.370460270849e-01, 1.803460279329e-02, 6.7494e-01, 5.8479e-03, 
 2DIAGNOSTIC,    15, -8.493811479138e-01, 1.377215920110e-02, 6.8024e-01, 5.3020e-03, 
 2DIAGNOSTIC,    16, -8.498781652175e-01, 9.996872229129e-03, 6.8494e-01, 4.6961e-03, 
 2DIAGNOSTIC,    17, -8.506537141268e-01, 8.026216915364e-03, 6.8918e-01, 4.2369e-03, 
 2DIAGNOSTIC,    18, -8.520863671764e-01, 6.636723969542e-03, 6.9448e-01, 5.3029e-03, 
 2DIAGNOSTIC,    19, -8.524576683969e-01, 5.470156443813e-03, 6.9916e-01, 4.6830e-03, 
 2DIAGNOSTIC,    20, -8.522826855057e-01, 4.019237813035e-03, 7.0397e-01, 4.8120e-03, 
 2DIAGNOSTIC,    21, -8.523885497192e-01, 2.573101941803e-03, 7.0893e-01, 4.9520e-03, 
 2DIAGNOSTIC,    22, -8.524301285425e-01, 1.340753961615e-03, 7.1322e-01, 4.2930e-03, 
 2DIAGNOSTIC,    23, -8.525870610322e-01, 3.512367322671e-04, 7.1752e-01, 4.2989e-03, 
 2DIAGNOSTIC,    24, -8.531056611245e-01, 1.208080204128e-04, 7.2181e-01, 4.2899e-03, 
 2DIAGNOSTIC,    25, -8.546460373052e-01, 1.124408018641e-04, 7.2622e-01, 4.4091e-03, 
 2DIAGNOSTIC,    26, -8.559390056186e-01, 1.200437586240e-04, 7.3098e-01, 4.7631e-03, 
 2DIAGNOSTIC,    27, -8.584939020482e-01, 1.617377470907e-04, 7.3863e-01, 7.6449e-03, 
 2DIAGNOSTIC,    28, -8.584889002381e-01, 2.035096622314e-04, 7.4385e-01, 5.2280e-03, 
 2DIAGNOSTIC,    29, -8.584421964963e-01, 2.277690358193e-04, 7.4879e-01, 4.9400e-03, 
 2DIAGNOSTIC,    30, -8.583583579049e-01, 2.257960267025e-04, 7.5322e-01, 4.4279e-03, 
 2DIAGNOSTIC,    31, -8.581592554699e-01, 2.013612491007e-04, 7.5802e-01, 4.8020e-03, 
 2DIAGNOSTIC,    32, -8.580588350839e-01, 1.588528714739e-04, 7.6277e-01, 4.7441e-03, 
 2DIAGNOSTIC,    33, -8.580875995379e-01, 1.065328730227e-04, 7.6753e-01, 4.7650e-03, 
 2DIAGNOSTIC,    34, -8.579760533491e-01, 5.213437177308e-05, 7.7181e-01, 4.2799e-03, 
 2DIAGNOSTIC,    35, -8.578736767220e-01, 1.133977823265e-05, 7.7658e-01, 4.7650e-03, 
DIAGNOSTIC,Iteration,metricValue,convergenceValue,ITERATION_TIME_INDEX,SINCE_LAST
 2DIAGNOSTIC,     1, -7.189215880044e-01, 1.797693134862e+308, 1.4523e+00, 6.7571e-01, 
 2DIAGNOSTIC,     2, -7.190786036539e-01, 1.797693134862e+308, 1.4943e+00, 4.2008e-02, 
 2DIAGNOSTIC,     3, -7.191470804828e-01, 1.797693134862e+308, 1.5361e+00, 4.1849e-02, 
 2DIAGNOSTIC,     4, -7.191228449514e-01, 1.797693134862e+308, 1.5703e+00, 3.4192e-02, 
 2DIAGNOSTIC,     5, -7.190684972280e-01, 1.797693134862e+308, 1.6121e+00, 4.1782e-02, 
 2DIAGNOSTIC,     6, -7.191108772423e-01, 1.797693134862e+308, 1.6504e+00, 3.8321e-02, 
 2DIAGNOSTIC,     7, -7.190854141736e-01, 1.797693134862e+308, 1.6889e+00, 3.8444e-02, 
 2DIAGNOSTIC,     8, -7.190843903494e-01, 1.797693134862e+308, 1.7311e+00, 4.2228e-02, 
 2DIAGNOSTIC,     9, -7.190386740422e-01, 1.797693134862e+308, 1.7698e+00, 3.8685e-02, 
 2DIAGNOSTIC,    10, -7.190251284191e-01, 3.741254995110e-06, 1.8083e+00, 3.8535e-02, 
DIAGNOSTIC,Iteration,metricValue,convergenceValue,ITERATION_TIME_INDEX,SINCE_LAST
 2DIAGNOSTIC,     1, -5.960837335400e-01, 1.797693134862e+308, 2.8065e+00, 9.9818e-01, 
 2DIAGNOSTIC,     2, -5.963573010119e-01, 1.797693134862e+308, 3.0311e+00, 2.2461e-01, 
 2DIAGNOSTIC,     3, -5.965606531104e-01, 1.797693134862e+308, 3.2702e+00, 2.3903e-01, 
 2DIAGNOSTIC,     4, -5.967373054988e-01, 1.797693134862e+308, 3.5211e+00, 2.5093e-01, 
 2DIAGNOSTIC,     5, -5.970093570139e-01, 1.797693134862e+308, 3.7885e+00, 2.6736e-01, 
 2DIAGNOSTIC,     6, -5.971352182725e-01, 1.797693134862e+308, 4.0957e+00, 3.0723e-01, 
 2DIAGNOSTIC,     7, -5.971415230829e-01, 1.797693134862e+308, 4.3626e+00, 2.6689e-01, 
 2DIAGNOSTIC,     8, -5.971801055843e-01, 1.797693134862e+308, 4.6519e+00, 2.8936e-01, 
 2DIAGNOSTIC,     9, -5.971896645474e-01, 1.797693134862e+308, 4.9145e+00, 2.6253e-01, 
 2DIAGNOSTIC,    10, -5.971888645179e-01, 1.211168554234e-04, 5.1625e+00, 2.4801e-01, 
 2DIAGNOSTIC,    11, -5.971860877423e-01, 7.976823776572e-05, 5.4521e+00, 2.8967e-01, 
 2DIAGNOSTIC,    12, -5.971878449576e-01, 4.935520648061e-05, 5.7090e+00, 2.5688e-01, 
 2DIAGNOSTIC,    13, -5.971878435104e-01, 2.683417247988e-05, 5.9500e+00, 2.4098e-01, 
 2DIAGNOSTIC,    14, -5.971873573084e-01, 1.108637701715e-05, 6.2447e+00, 2.9470e-01, 
 2DIAGNOSTIC,    15, -5.971869272330e-01, 5.164342329306e-06, 6.5015e+00, 2.5678e-01, 
 2DIAGNOSTIC,    16, -5.971856130748e-01, 3.424256747139e-06, 6.7377e+00, 2.3620e-01, 
 2DIAGNOSTIC,    17, -5.971857401942e-01, 1.908948114950e-06, 6.9908e+00, 2.5308e-01, 
 2DIAGNOSTIC,    18, -5.971858522619e-01, 1.572482302301e-06, 7.2796e+00, 2.8889e-01, 
 2DIAGNOSTIC,    19, -5.971855971601e-01, 1.522773674226e-06, 7.5353e+00, 2.5566e-01, 
 2DIAGNOSTIC,    20, -5.971859630661e-01, 1.484808604103e-06, 7.8430e+00, 3.0770e-01, 
 2DIAGNOSTIC,    21, -5.971864217513e-01, 1.406737966204e-06, 8.1143e+00, 2.7125e-01, 
 2DIAGNOSTIC,    22, -5.971854585086e-01, 1.362565149508e-06, 8.3397e+00, 2.2547e-01, 
 2DIAGNOSTIC,    23, -5.971846852657e-01, 1.314548899171e-06, 8.5904e+00, 2.5066e-01, 
 2DIAGNOSTIC,    24, -5.971837431198e-01, 1.249034304970e-06, 8.8223e+00, 2.3187e-01, 
 2DIAGNOSTIC,    25, -5.971854892008e-01, 1.221704838766e-06, 9.0684e+00, 2.4610e-01, 
 2DIAGNOSTIC,    26, -5.971838411477e-01, 1.145468917933e-06, 9.3177e+00, 2.4929e-01, 
 2DIAGNOSTIC,    27, -5.971848536920e-01, 1.103575357819e-06, 9.6168e+00, 2.9912e-01, 
 2DIAGNOSTIC,    28, -5.971821177391e-01, 1.027450199684e-06, 9.8946e+00, 2.7783e-01, 
DIAGNOSTIC,Iteration,metricValue,convergenceValue,ITERATION_TIME_INDEX,SINCE_LAST
 2DIAGNOSTIC,     1, -5.294515889514e-01, 1.797693134862e+308, 1.2787e+01, 2.8926e+00, 
 2DIAGNOSTIC,     2, -5.297646289232e-01, 1.797693134862e+308, 1.4507e+01, 1.7200e+00, 
 2DIAGNOSTIC,     3, -5.300613209231e-01, 1.797693134862e+308, 1.6124e+01, 1.6168e+00, 
 2DIAGNOSTIC,     4, -5.303877664225e-01, 1.797693134862e+308, 1.7876e+01, 1.7524e+00, 
 2DIAGNOSTIC,     5, -5.311103885160e-01, 1.797693134862e+308, 2.1686e+01, 3.8097e+00, 
 2DIAGNOSTIC,     6, -5.311105478782e-01, 1.797693134862e+308, 2.4363e+01, 2.6769e+00, 
 2DIAGNOSTIC,     7, -5.311104649787e-01, 1.797693134862e+308, 2.6217e+01, 1.8544e+00, 
 2DIAGNOSTIC,     8, -5.311104953878e-01, 1.797693134862e+308, 2.8124e+01, 1.9068e+00, 
 2DIAGNOSTIC,     9, -5.311102789555e-01, 1.797693134862e+308, 2.9966e+01, 1.8422e+00, 
 2DIAGNOSTIC,    10, -5.311101770543e-01, 2.125066405595e-04, 3.1715e+01, 1.7482e+00, 
 2DIAGNOSTIC,    11, -5.311100945676e-01, 1.377151763778e-04, 3.3428e+01, 1.7131e+00, 
 2DIAGNOSTIC,    12, -5.311101748028e-01, 7.760606989859e-05, 3.5104e+01, 1.6767e+00, 
 2DIAGNOSTIC,    13, -5.311101804516e-01, 3.217845751292e-05, 3.7506e+01, 2.4018e+00, 
 2DIAGNOSTIC,    14, -5.311102039719e-01, 2.238670003457e-06, 3.9451e+01, 1.9450e+00, 
 2DIAGNOSTIC,    15, -5.311099593454e-01, 2.082669432121e-06, 4.1164e+01, 1.7131e+00, 
 2DIAGNOSTIC,    16, -5.311098475211e-01, 1.951640891062e-06, 4.2847e+01, 1.6827e+00, 
 2DIAGNOSTIC,    17, -5.311097481817e-01, 1.833581756656e-06, 4.4661e+01, 1.8142e+00, 
 2DIAGNOSTIC,    18, -5.311097751381e-01, 1.733936443669e-06, 4.6376e+01, 1.7146e+00, 
 2DIAGNOSTIC,    19, -5.311096907528e-01, 1.639473163520e-06, 4.8118e+01, 1.7421e+00, 
 2DIAGNOSTIC,    20, -5.311097677035e-01, 1.557334484030e-06, 5.0059e+01, 1.9412e+00, 
 2DIAGNOSTIC,    21, -5.311095575762e-01, 1.478681348074e-06, 5.1761e+01, 1.7014e+00, 
 2DIAGNOSTIC,    22, -5.311095117623e-01, 1.411537629177e-06, 5.3573e+01, 1.8119e+00, 
 2DIAGNOSTIC,    23, -5.311095026101e-01, 1.353303408003e-06, 5.5385e+01, 1.8125e+00, 
 2DIAGNOSTIC,    24, -5.311094934493e-01, 1.303112625646e-06, 5.7198e+01, 1.8133e+00, 
 2DIAGNOSTIC,    25, -5.311092102154e-01, 1.247812169161e-06, 5.9189e+01, 1.9907e+00, 
 2DIAGNOSTIC,    26, -5.311091382699e-01, 1.195607658155e-06, 6.0863e+01, 1.6737e+00, 
 2DIAGNOSTIC,    27, -5.311089763467e-01, 1.144746053866e-06, 6.2708e+01, 1.8457e+00, 
 2DIAGNOSTIC,    28, -5.311089326150e-01, 1.100374099783e-06, 6.4567e+01, 1.8582e+00, 
 2DIAGNOSTIC,    29, -5.311088584364e-01, 1.059429128251e-06, 6.6413e+01, 1.8459e+00, 
 2DIAGNOSTIC,    30, -5.311088235076e-01, 1.025705925986e-06, 6.8237e+01, 1.8244e+00, 
  Elapsed time (stage 0): 6.9348e+01


Total elapsed time: 6.9350e+01
Info [verificarlo]: loaded backend libinterflop_vprec.so
Info [interflop-vprec]: load backend with: 
Info [interflop-vprec]: precision-binary32 = 23
Info [interflop-vprec]: range-binary32 = 8
Info [interflop-vprec]: precision-binary64 = 23
Info [interflop-vprec]: range-binary64 = 8
Info [interflop-vprec]: mode = ob
Info [interflop-vprec]: error-mode = rel
Info [interflop-vprec]: max-abs-error-exponent = -1022
Info [interflop-vprec]: daz = false
Info [interflop-vprec]: ftz = false
Info [interflop-vprec]: 	instrument = none
Info [interflop-vprec]: 	prec-input-file = (null)
Info [interflop-vprec]: 	prec-output-file = (null)
Info [interflop-vprec]: 	prec-log-file = (null)
All_Command_lines_OK
Using double precision for computations.
=============================================================================
The composite transform comprises the following transforms (in order): 
