
##########################
# Experiment information #
##########################

EXPERIMENT_NAME: antsRegistration-r7-p15
VFC_BACKENDS: libinterflop_vprec.so --range-binary32=7 --precision-binary32=15 --range-binary64=7 --precision-binary64=15

SIF_IMG: /home/mdugre/projects/rrg-glatard/mdugre/containers/ants-vprec-no_metrics.simg

SUBJECT_ID: s032
INPUT_IMG: /home/mdugre/scratch/mri-registration-rp/datasets/ds004513/derivatives/mri-registration-rp/antsBrainExtraction/sub-s032/BrainExtractionBrain.nii.gz
OUTPUT_DIR: /home/mdugre/scratch/mri-registration-rp/datasets/ds004513/derivatives/mri-registration-rp/0001/antsRegistration-r7-p15/sub-s032

FIXED_IMG: /templateflow/tpl-MNI152NLin2009cAsym/tpl-MNI152NLin2009cAsym_res-01_desc-brain_T1w.nii.gz
DATA_DIR: /home/mdugre/scratch/mri-registration-rp/datasets/ds004513
TEMPLATEFLOW_DIR: /home/mdugre/projects/rrg-glatard/mdugre/templateflow
ITK_GLOBAL_DEFAULT_NUMBER_OF_THREADS: 16
##########################

Info [verificarlo]: loaded backend libinterflop_ieee.so
Info [interflop-ieee]: load backend with:
Info [interflop-ieee]: debug = false
Info [interflop-ieee]: debug-binary = false
Info [interflop-ieee]: no-backend-name = false
Info [interflop-ieee]: print-new-line = false
Info [interflop-ieee]: print-subnormal-normalized = false
Info [interflop-ieee]: count-op = false
All_Command_lines_OK
Using double precision for computations.
=============================================================================
The composite transform comprises the following transforms (in order): 
  1. Center of mass alignment using fixed image: /templateflow/tpl-MNI152NLin2009cAsym/tpl-MNI152NLin2009cAsym_res-01_desc-brain_T1w.nii.gz and moving image: /home/mdugre/scratch/mri-registration-rp/datasets/ds004513/derivatives/mri-registration-rp/antsBrainExtraction/sub-s032/BrainExtractionBrain.nii.gz (type = Euler3DTransform)
=============================================================================
  number of levels = 1
  fixed image: /templateflow/tpl-MNI152NLin2009cAsym/tpl-MNI152NLin2009cAsym_res-01_desc-brain_T1w.nii.gz
  moving image: /home/mdugre/scratch/mri-registration-rp/datasets/ds004513/derivatives/mri-registration-rp/antsBrainExtraction/sub-s032/BrainExtractionBrain.nii.gz
Dimension = 3
Number of stages = 1
Use histogram matching = false
Winsorize image intensities = true
  Lower quantile = 0.005
  Upper quantile = 0.995


Stage 1 State
   Image metric = MattesMI
     Fixed image = Image (0x4ed3e70)
  RTTI typeinfo:   itk::Image<double, 3u>
  Reference Count: 2
  Modified Time: 2330
  Debug: Off
  Object Name: 
  Observers: 
    none
  Source: (none)
  Source output name: (none)
  Release Data: Off
  Data Released: False
  Global Release Data: Off
  PipelineMTime: 0
  UpdateMTime: 1941
  RealTimeStamp: 0 seconds 
  LargestPossibleRegion: 
    Dimension: 3
    Index: [0, 0, 0]
    Size: [193, 229, 193]
  BufferedRegion: 
    Dimension: 3
    Index: [0, 0, 0]
    Size: [193, 229, 193]
  RequestedRegion: 
    Dimension: 3
    Index: [0, 0, 0]
    Size: [193, 229, 193]
  Spacing: [1, 1, 1]
  Origin: [96, 132, -78]
  Direction: 
-1 0 0
0 -1 0
0 0 1

  IndexToPointMatrix: 
-1 0 0
0 -1 0
0 0 1

  PointToIndexMatrix: 
-1 0 0
0 -1 0
0 0 1

  Inverse Direction: 
-1 0 0
0 -1 0
0 0 1

  PixelContainer: 
    ImportImageContainer (0x4edcc60)
      RTTI typeinfo:   itk::ImportImageContainer<unsigned long, double>
      Reference Count: 1
      Modified Time: 1938
      Debug: Off
      Object Name: 
      Observers: 
        none
      Pointer: 0x151dec16d010
      Container manages memory: true
      Size: 8530021
      Capacity: 8530021

     Moving image = Image (0x4f70ec0)
  RTTI typeinfo:   itk::Image<double, 3u>
  Reference Count: 2
  Modified Time: 2331
  Debug: Off
  Object Name: 
  Observers: 
    none
  Source: (none)
  Source output name: (none)
  Release Data: Off
  Data Released: False
  Global Release Data: Off
  PipelineMTime: 0
  UpdateMTime: 2328
  RealTimeStamp: 0 seconds 
  LargestPossibleRegion: 
    Dimension: 3
    Index: [0, 0, 0]
    Size: [160, 240, 256]
  BufferedRegion: 
    Dimension: 3
    Index: [0, 0, 0]
    Size: [160, 240, 256]
  RequestedRegion: 
    Dimension: 3
    Index: [0, 0, 0]
    Size: [160, 240, 256]
  Spacing: [1, 1, 1]
  Origin: [73.279, 104.707, -131.187]
  Direction: 
-0.997527 0.0645574 -0.0278053
-0.0645323 -0.997914 -0.00179875
-0.0278634 4.01097e-08 0.999612

  IndexToPointMatrix: 
-0.997527 0.0645574 -0.0278053
-0.0645323 -0.997914 -0.00179875
-0.0278634 4.01097e-08 0.999612

  PointToIndexMatrix: 
-0.997527 -0.0645323 -0.0278634
0.0645574 -0.997914 4.01049e-08
-0.0278053 -0.00179875 0.999612

  Inverse Direction: 
-0.997527 -0.0645323 -0.0278634
0.0645574 -0.997914 4.01049e-08
-0.0278053 -0.00179875 0.999612

  PixelContainer: 
    ImportImageContainer (0x5008610)
      RTTI typeinfo:   itk::ImportImageContainer<unsigned long, double>
      Reference Count: 1
      Modified Time: 2325
      Debug: Off
      Object Name: 
      Observers: 
        none
      Pointer: 0x151de766c010
      Container manages memory: true
      Size: 9830400
      Capacity: 9830400

     Weighting = 1
     Sampling strategy = regular
     Number of bins = 32
     Radius = 4
     Sampling percentage  = 0.25
   Transform = Rigid
     Gradient step = 0.1
     Update field sigma (voxel space) = 0
     Total field sigma (voxel space) = 0
     Update field time sigma = 0
     Total field time sigma  = 0
     Number of time indices = 0
     Number of time point samples = 0
Registration using 1 total stages.

Stage 0
  iterations = 0
  convergence threshold = 1e-06
  convergence window size = 10
  number of levels = 1
  using the Mattes MI metric (number of bins = 32, weight = 1, use gradient filter = 0)
  preprocessing:  winsorizing the image intensities
  Shrink factors (level 1 out of 1): [1, 1, 1]
  smoothing sigmas per level: [0]
  regular sampling (percentage = 0.25)

*** Running Euler3DTransform registration ***

  Elapsed time (stage 0): 1.09593


Total elapsed time: 1.09821
Info [verificarlo]: loaded backend libinterflop_ieee.so
Info [interflop-ieee]: load backend with:
Info [interflop-ieee]: debug = false
Info [interflop-ieee]: debug-binary = false
Info [interflop-ieee]: no-backend-name = false
Info [interflop-ieee]: print-new-line = false
Info [interflop-ieee]: print-subnormal-normalized = false
Info [interflop-ieee]: count-op = false
All_Command_lines_OK
Using double precision for computations.
=============================================================================
The composite transform comprises the following transforms (in order): 
  1. /home/mdugre/scratch/mri-registration-rp/datasets/ds004513/derivatives/mri-registration-rp/0001/antsRegistration-r7-p15/sub-s032/align_Composite.h5[0] (type = Euler3DTransform)
  2. /home/mdugre/scratch/mri-registration-rp/datasets/ds004513/derivatives/mri-registration-rp/0001/antsRegistration-r7-p15/sub-s032/align_Composite.h5[1] (type = Euler3DTransform)
=============================================================================
  number of levels = 4
  fixed image: /templateflow/tpl-MNI152NLin2009cAsym/tpl-MNI152NLin2009cAsym_res-01_desc-brain_T1w.nii.gz
  moving image: /home/mdugre/scratch/mri-registration-rp/datasets/ds004513/derivatives/mri-registration-rp/antsBrainExtraction/sub-s032/BrainExtractionBrain.nii.gz
Dimension = 3
Number of stages = 1
Use histogram matching = false
Winsorize image intensities = true
  Lower quantile = 0.005
  Upper quantile = 0.995


Stage 1 State
   Image metric = MattesMI
     Fixed image = Image (0x3ec7530)
  RTTI typeinfo:   itk::Image<double, 3u>
  Reference Count: 2
  Modified Time: 1578
  Debug: Off
  Object Name: 
  Observers: 
    none
  Source: (none)
  Source output name: (none)
  Release Data: Off
  Data Released: False
  Global Release Data: Off
  PipelineMTime: 0
  UpdateMTime: 1189
  RealTimeStamp: 0 seconds 
  LargestPossibleRegion: 
    Dimension: 3
    Index: [0, 0, 0]
    Size: [193, 229, 193]
  BufferedRegion: 
    Dimension: 3
    Index: [0, 0, 0]
    Size: [193, 229, 193]
  RequestedRegion: 
    Dimension: 3
    Index: [0, 0, 0]
    Size: [193, 229, 193]
  Spacing: [1, 1, 1]
  Origin: [96, 132, -78]
  Direction: 
-1 0 0
0 -1 0
0 0 1

  IndexToPointMatrix: 
-1 0 0
0 -1 0
0 0 1

  PointToIndexMatrix: 
-1 0 0
0 -1 0
0 0 1

  Inverse Direction: 
-1 0 0
0 -1 0
0 0 1

  PixelContainer: 
    ImportImageContainer (0x3f85d60)
      RTTI typeinfo:   itk::ImportImageContainer<unsigned long, double>
      Reference Count: 1
      Modified Time: 1186
      Debug: Off
      Object Name: 
      Observers: 
        none
      Pointer: 0x14c127130010
      Container manages memory: true
      Size: 8530021
      Capacity: 8530021

     Moving image = Image (0x3f77f60)
  RTTI typeinfo:   itk::Image<double, 3u>
  Reference Count: 2
  Modified Time: 1579
  Debug: Off
  Object Name: 
  Observers: 
    none
  Source: (none)
  Source output name: (none)
  Release Data: Off
  Data Released: False
  Global Release Data: Off
  PipelineMTime: 0
  UpdateMTime: 1576
  RealTimeStamp: 0 seconds 
  LargestPossibleRegion: 
    Dimension: 3
    Index: [0, 0, 0]
    Size: [160, 240, 256]
  BufferedRegion: 
    Dimension: 3
    Index: [0, 0, 0]
    Size: [160, 240, 256]
  RequestedRegion: 
    Dimension: 3
    Index: [0, 0, 0]
    Size: [160, 240, 256]
  Spacing: [1, 1, 1]
  Origin: [73.279, 104.707, -131.187]
  Direction: 
-0.997527 0.0645574 -0.0278053
-0.0645323 -0.997914 -0.00179875
-0.0278634 4.01097e-08 0.999612

  IndexToPointMatrix: 
-0.997527 0.0645574 -0.0278053
-0.0645323 -0.997914 -0.00179875
-0.0278634 4.01097e-08 0.999612

  PointToIndexMatrix: 
-0.997527 -0.0645323 -0.0278634
0.0645574 -0.997914 4.01049e-08
-0.0278053 -0.00179875 0.999612

  Inverse Direction: 
-0.997527 -0.0645323 -0.0278634
0.0645574 -0.997914 4.01049e-08
-0.0278053 -0.00179875 0.999612

  PixelContainer: 
    ImportImageContainer (0x3f696d0)
      RTTI typeinfo:   itk::ImportImageContainer<unsigned long, double>
      Reference Count: 1
      Modified Time: 1573
      Debug: Off
      Object Name: 
      Observers: 
        none
      Pointer: 0x14c12262f010
      Container manages memory: true
      Size: 9830400
      Capacity: 9830400

     Weighting = 1
     Sampling strategy = regular
     Number of bins = 32
     Radius = 4
     Sampling percentage  = 0.25
   Transform = Rigid
     Gradient step = 0.1
     Update field sigma (voxel space) = 0
     Total field sigma (voxel space) = 0
     Update field time sigma = 0
     Total field time sigma  = 0
     Number of time indices = 0
     Number of time point samples = 0
Registration using 1 total stages.

Stage 0
  iterations = 1000x500x250x100
  convergence threshold = 1e-06
  convergence window size = 10
  number of levels = 4
  using the Mattes MI metric (number of bins = 32, weight = 1, use gradient filter = 0)
  preprocessing:  winsorizing the image intensities
  Shrink factors (level 1 out of 4): [8, 8, 8]
  Shrink factors (level 2 out of 4): [4, 4, 4]
  Shrink factors (level 3 out of 4): [2, 2, 2]
  Shrink factors (level 4 out of 4): [1, 1, 1]
  smoothing sigmas per level: [3, 2, 1, 0]
  regular sampling (percentage = 0.25)

*** Running Euler3DTransform registration ***

DIAGNOSTIC,Iteration,metricValue,convergenceValue,ITERATION_TIME_INDEX,SINCE_LAST
 2DIAGNOSTIC,     1, -5.480496989617e-01, 1.797693134862e+308, 6.5072e-01, 6.5072e-01, 
 2DIAGNOSTIC,     2, -5.506811078454e-01, 1.797693134862e+308, 6.5455e-01, 3.8290e-03, 
 2DIAGNOSTIC,     3, -5.546514955662e-01, 1.797693134862e+308, 6.5804e-01, 3.4850e-03, 
 2DIAGNOSTIC,     4, -5.606863537750e-01, 1.797693134862e+308, 6.6163e-01, 3.5958e-03, 
 2DIAGNOSTIC,     5, -5.693661845193e-01, 1.797693134862e+308, 6.6564e-01, 4.0059e-03, 
 2DIAGNOSTIC,     6, -5.854078830086e-01, 1.797693134862e+308, 6.6923e-01, 3.5939e-03, 
 2DIAGNOSTIC,     7, -6.232769732918e-01, 1.797693134862e+308, 6.7296e-01, 3.7220e-03, 
 2DIAGNOSTIC,     8, -6.297683730473e-01, 1.797693134862e+308, 6.7748e-01, 4.5290e-03, 
 2DIAGNOSTIC,     9, -6.366738733405e-01, 1.797693134862e+308, 6.8413e-01, 6.6490e-03, 
 2DIAGNOSTIC,    10, -6.375630690827e-01, 1.201760866083e-02, 6.8830e-01, 4.1699e-03, 
 2DIAGNOSTIC,    11, -6.405337628679e-01, 1.087684809450e-02, 6.9198e-01, 3.6740e-03, 
 2DIAGNOSTIC,    12, -6.435528997438e-01, 9.167753354490e-03, 6.9620e-01, 4.2260e-03, 
 2DIAGNOSTIC,    13, -6.444720921444e-01, 7.089498731847e-03, 6.9981e-01, 3.6051e-03, 
 2DIAGNOSTIC,    14, -6.463616611293e-01, 4.967892496988e-03, 7.0399e-01, 4.1862e-03, 
 2DIAGNOSTIC,    15, -6.484646963404e-01, 3.033020789043e-03, 7.1088e-01, 6.8882e-03, 
 2DIAGNOSTIC,    16, -6.486009987994e-01, 1.520386367320e-03, 7.1454e-01, 3.6612e-03, 
 2DIAGNOSTIC,    17, -6.493699344760e-01, 1.108203205204e-03, 7.1821e-01, 3.6631e-03, 
 2DIAGNOSTIC,    18, -6.514578195065e-01, 8.586162135987e-04, 7.2197e-01, 3.7608e-03, 
 2DIAGNOSTIC,    19, -6.526592717406e-01, 7.533650369803e-04, 7.2577e-01, 3.8059e-03, 
 2DIAGNOSTIC,    20, -6.536191777189e-01, 6.303067369290e-04, 7.2946e-01, 3.6850e-03, 
 2DIAGNOSTIC,    21, -6.549162298979e-01, 5.534292205376e-04, 7.3318e-01, 3.7229e-03, 
 2DIAGNOSTIC,    22, -6.562385790832e-01, 5.226986103229e-04, 7.3781e-01, 4.6299e-03, 
 2DIAGNOSTIC,    23, -6.565000058113e-01, 4.680180012232e-04, 7.4216e-01, 4.3480e-03, 
 2DIAGNOSTIC,    24, -6.565387353854e-01, 4.101063704198e-04, 7.4650e-01, 4.3430e-03, 
 2DIAGNOSTIC,    25, -6.567702146892e-01, 3.618032093005e-04, 7.5084e-01, 4.3330e-03, 
 2DIAGNOSTIC,    26, -6.583507212370e-01, 3.132611037334e-04, 7.5488e-01, 4.0472e-03, 
 2DIAGNOSTIC,    27, -6.586527568469e-01, 2.554116018358e-04, 7.5865e-01, 3.7689e-03, 
 2DIAGNOSTIC,    28, -6.593310437739e-01, 2.225767143861e-04, 7.6342e-01, 4.7638e-03, 
 2DIAGNOSTIC,    29, -6.595734041655e-01, 1.939316665356e-04, 7.6768e-01, 4.2610e-03, 
 2DIAGNOSTIC,    30, -6.595955819569e-01, 1.634946778538e-04, 7.7218e-01, 4.4999e-03, 
 2DIAGNOSTIC,    31, -6.596949967569e-01, 1.392755860945e-04, 7.7621e-01, 4.0359e-03, 
 2DIAGNOSTIC,    32, -6.597157295314e-01, 1.221677497631e-04, 7.8067e-01, 4.4551e-03, 
 2DIAGNOSTIC,    33, -6.597001423848e-01, 9.820426863452e-05, 7.8678e-01, 6.1162e-03, 
 2DIAGNOSTIC,    34, -6.595254449709e-01, 6.486903008225e-05, 7.9054e-01, 3.7580e-03, 
 2DIAGNOSTIC,    35, -6.595295822815e-01, 3.010817891520e-05, 7.9464e-01, 4.0970e-03, 
 2DIAGNOSTIC,    36, -6.595351297940e-01, 1.424396567598e-05, 7.9840e-01, 3.7620e-03, 
 2DIAGNOSTIC,    37, -6.595409535784e-01, 1.474135184341e-06, 8.0226e-01, 3.8610e-03, 
DIAGNOSTIC,Iteration,metricValue,convergenceValue,ITERATION_TIME_INDEX,SINCE_LAST
 2DIAGNOSTIC,     1, -5.183739626481e-01, 1.797693134862e+308, 1.5179e+00, 7.1562e-01, 
 2DIAGNOSTIC,     2, -5.189226238238e-01, 1.797693134862e+308, 1.5436e+00, 2.5680e-02, 
 2DIAGNOSTIC,     3, -5.196899327297e-01, 1.797693134862e+308, 1.5695e+00, 2.5968e-02, 
 2DIAGNOSTIC,     4, -5.204463662956e-01, 1.797693134862e+308, 1.5959e+00, 2.6343e-02, 
 2DIAGNOSTIC,     5, -5.209979485244e-01, 1.797693134862e+308, 1.6221e+00, 2.6207e-02, 
 2DIAGNOSTIC,     6, -5.216357744130e-01, 1.797693134862e+308, 1.6481e+00, 2.6049e-02, 
 2DIAGNOSTIC,     7, -5.233753715193e-01, 1.797693134862e+308, 1.6738e+00, 2.5646e-02, 
 2DIAGNOSTIC,     8, -5.241119131551e-01, 1.797693134862e+308, 1.7069e+00, 3.3132e-02, 
 2DIAGNOSTIC,     9, -5.247293428794e-01, 1.797693134862e+308, 1.7400e+00, 3.3106e-02, 
 2DIAGNOSTIC,    10, -5.250028240036e-01, 8.899807872041e-04, 1.7664e+00, 2.6382e-02, 
 2DIAGNOSTIC,    11, -5.255570905434e-01, 7.959217451828e-04, 1.7961e+00, 2.9718e-02, 
 2DIAGNOSTIC,    12, -5.289098581937e-01, 8.211614368174e-04, 1.8302e+00, 3.4093e-02, 
 2DIAGNOSTIC,    13, -5.295596057839e-01, 8.231569612616e-04, 1.8645e+00, 3.4273e-02, 
 2DIAGNOSTIC,    14, -5.295253612589e-01, 7.798188078092e-04, 1.8954e+00, 3.0929e-02, 
 2DIAGNOSTIC,    15, -5.301734672506e-01, 7.172063811305e-04, 1.9257e+00, 3.0261e-02, 
 2DIAGNOSTIC,    16, -5.312974209252e-01, 6.544531494376e-04, 1.9566e+00, 3.0919e-02, 
 2DIAGNOSTIC,    17, -5.330530901166e-01, 6.473136160478e-04, 2.0091e+00, 5.2539e-02, 
 2DIAGNOSTIC,    18, -5.331722303168e-01, 6.054590154627e-04, 2.0386e+00, 2.9455e-02, 
 2DIAGNOSTIC,    19, -5.334115831134e-01, 5.389574387362e-04, 2.0677e+00, 2.9106e-02, 
 2DIAGNOSTIC,    20, -5.338388364110e-01, 4.493792821986e-04, 2.0970e+00, 2.9282e-02, 
 2DIAGNOSTIC,    21, -5.361931262060e-01, 3.982274471474e-04, 2.1373e+00, 4.0356e-02, 
 2DIAGNOSTIC,    22, -5.365796452473e-01, 4.039373393920e-04, 2.1681e+00, 3.0791e-02, 
 2DIAGNOSTIC,    23, -5.369575709649e-01, 3.965521551764e-04, 2.1977e+00, 2.9547e-02, 
 2DIAGNOSTIC,    24, -5.377695240619e-01, 3.713118486232e-04, 2.2266e+00, 2.8962e-02, 
 2DIAGNOSTIC,    25, -5.385367632034e-01, 3.430116474513e-04, 2.2627e+00, 3.6094e-02, 
 2DIAGNOSTIC,    26, -5.387805972394e-01, 3.111393401150e-04, 2.2916e+00, 2.8902e-02, 
 2DIAGNOSTIC,    27, -5.394433125045e-01, 3.006896313991e-04, 2.3253e+00, 3.3657e-02, 
 2DIAGNOSTIC,    28, -5.428668267688e-01, 3.310148605524e-04, 2.3582e+00, 3.2908e-02, 
 2DIAGNOSTIC,    29, -5.466438800341e-01, 4.007053510891e-04, 2.3912e+00, 3.3033e-02, 
 2DIAGNOSTIC,    30, -5.530795552094e-01, 5.478015006637e-04, 2.4240e+00, 3.2823e-02, 
 2DIAGNOSTIC,    31, -5.642168446834e-01, 8.638713017628e-04, 2.4566e+00, 3.2559e-02, 
 2DIAGNOSTIC,    32, -5.659605091771e-01, 1.109588557215e-03, 2.4838e+00, 2.7208e-02, 
 2DIAGNOSTIC,    33, -5.662260967105e-01, 1.246620113719e-03, 2.5140e+00, 3.0181e-02, 
 2DIAGNOSTIC,    34, -5.665472718024e-01, 1.276093350094e-03, 2.5530e+00, 3.9031e-02, 
 2DIAGNOSTIC,    35, -5.665539958153e-01, 1.193257715814e-03, 2.5815e+00, 2.8495e-02, 
 2DIAGNOSTIC,    36, -5.668997862809e-01, 1.008860320247e-03, 2.6210e+00, 3.9507e-02, 
 2DIAGNOSTIC,    37, -5.669446779507e-01, 7.489454285504e-04, 2.6529e+00, 3.1860e-02, 
 2DIAGNOSTIC,    38, -5.669269788651e-01, 4.815622355815e-04, 2.6884e+00, 3.5551e-02, 
 2DIAGNOSTIC,    39, -5.669096237836e-01, 2.333642196479e-04, 2.7205e+00, 3.2054e-02, 
 2DIAGNOSTIC,    40, -5.669107417286e-01, 5.686719119825e-05, 2.7570e+00, 3.6475e-02, 
 2DIAGNOSTIC,    41, -5.669057328876e-01, 2.619380859925e-05, 2.7955e+00, 3.8559e-02, 
 2DIAGNOSTIC,    42, -5.669139499424e-01, 1.646244188352e-05, 2.8227e+00, 2.7225e-02, 
 2DIAGNOSTIC,    43, -5.669266355039e-01, 9.060415860070e-06, 2.8506e+00, 2.7873e-02, 
 2DIAGNOSTIC,    44, -5.669604914121e-01, 5.503173795093e-06, 2.8772e+00, 2.6545e-02, 
 2DIAGNOSTIC,    45, -5.669683952506e-01, 1.707994842323e-06, 2.9074e+00, 3.0221e-02, 
 2DIAGNOSTIC,    46, -5.669919520025e-01, 2.176103599056e-06, 2.9333e+00, 2.5926e-02, 
 2DIAGNOSTIC,    47, -5.670205044199e-01, 3.302139490940e-06, 2.9628e+00, 2.9452e-02, 
 2DIAGNOSTIC,    48, -5.670480595448e-01, 4.234231325902e-06, 2.9938e+00, 3.0999e-02, 
 2DIAGNOSTIC,    49, -5.670384719023e-01, 4.493540589186e-06, 3.0218e+00, 2.8041e-02, 
 2DIAGNOSTIC,    50, -5.670408204054e-01, 4.424718239165e-06, 3.0536e+00, 3.1811e-02, 
 2DIAGNOSTIC,    51, -5.670420338058e-01, 3.961401860198e-06, 3.0824e+00, 2.8744e-02, 
 2DIAGNOSTIC,    52, -5.670480814542e-01, 3.335069684151e-06, 3.1178e+00, 3.5442e-02, 
 2DIAGNOSTIC,    53, -5.670457240287e-01, 2.564407234441e-06, 3.1496e+00, 3.1810e-02, 
 2DIAGNOSTIC,    54, -5.670432734546e-01, 1.946312756351e-06, 3.1801e+00, 3.0492e-02, 
 2DIAGNOSTIC,    55, -5.670417619412e-01, 1.286042964139e-06, 3.2065e+00, 2.6383e-02, 
DIAGNOSTIC,Iteration,metricValue,convergenceValue,ITERATION_TIME_INDEX,SINCE_LAST
 2DIAGNOSTIC,     1, -5.017662531719e-01, 1.797693134862e+308, 4.2228e+00, 1.0163e+00, 
 2DIAGNOSTIC,     2, -5.020053900590e-01, 1.797693134862e+308, 4.4385e+00, 2.1579e-01, 
 2DIAGNOSTIC,     3, -5.021972684411e-01, 1.797693134862e+308, 4.6512e+00, 2.1266e-01, 
 2DIAGNOSTIC,     4, -5.022704714547e-01, 1.797693134862e+308, 4.8582e+00, 2.0699e-01, 
 2DIAGNOSTIC,     5, -5.023070404188e-01, 1.797693134862e+308, 5.0751e+00, 2.1688e-01, 
 2DIAGNOSTIC,     6, -5.023657736619e-01, 1.797693134862e+308, 5.2843e+00, 2.0920e-01, 
 2DIAGNOSTIC,     7, -5.024187686277e-01, 1.797693134862e+308, 5.5295e+00, 2.4527e-01, 
 2DIAGNOSTIC,     8, -5.024355324505e-01, 1.797693134862e+308, 5.9099e+00, 3.8041e-01, 
 2DIAGNOSTIC,     9, -5.024368085813e-01, 1.797693134862e+308, 6.2221e+00, 3.1212e-01, 
 2DIAGNOSTIC,    10, -5.024355228459e-01, 7.631146274953e-05, 6.4669e+00, 2.4487e-01, 
 2DIAGNOSTIC,    11, -5.024349607905e-01, 4.523969789810e-05, 6.7401e+00, 2.7314e-01, 
 2DIAGNOSTIC,    12, -5.024350738091e-01, 2.658803134967e-05, 6.9848e+00, 2.4473e-01, 
 2DIAGNOSTIC,    13, -5.024343653301e-01, 1.691289816956e-05, 7.2385e+00, 2.5374e-01, 
 2DIAGNOSTIC,    14, -5.024336432398e-01, 1.025416072795e-05, 7.4980e+00, 2.5943e-01, 
 2DIAGNOSTIC,    15, -5.024329084179e-01, 5.078579535717e-06, 7.7052e+00, 2.0726e-01, 
 2DIAGNOSTIC,    16, -5.024330493526e-01, 2.315428525870e-06, 7.9191e+00, 2.1391e-01, 
 2DIAGNOSTIC,    17, -5.024332904456e-01, 1.602171534255e-06, 8.1843e+00, 2.6513e-01, 
 2DIAGNOSTIC,    18, -5.024342184406e-01, 1.547132346465e-06, 8.3859e+00, 2.0160e-01, 
 2DIAGNOSTIC,    19, -5.024327548244e-01, 1.513572459783e-06, 8.5881e+00, 2.0224e-01, 
 2DIAGNOSTIC,    20, -5.024330460978e-01, 1.472382741188e-06, 8.8025e+00, 2.1438e-01, 
 2DIAGNOSTIC,    21, -5.024301108852e-01, 1.350988020607e-06, 9.0504e+00, 2.4792e-01, 
 2DIAGNOSTIC,    22, -5.024313457997e-01, 1.292023752091e-06, 9.2667e+00, 2.1630e-01, 
 2DIAGNOSTIC,    23, -5.024304312142e-01, 1.211137431179e-06, 9.4865e+00, 2.1977e-01, 
 2DIAGNOSTIC,    24, -5.024302464558e-01, 1.132690829020e-06, 9.6813e+00, 1.9483e-01, 
 2DIAGNOSTIC,    25, -5.024321559784e-01, 1.106122267169e-06, 9.9037e+00, 2.2236e-01, 
 2DIAGNOSTIC,    26, -5.024339548543e-01, 1.138423647760e-06, 1.0152e+01, 2.4784e-01, 
 2DIAGNOSTIC,    27, -5.024367110918e-01, 1.237537787115e-06, 1.0395e+01, 2.4339e-01, 
 2DIAGNOSTIC,    28, -5.024396644737e-01, 1.402061115631e-06, 1.0614e+01, 2.1932e-01, 
 2DIAGNOSTIC,    29, -5.024444786319e-01, 1.594586322505e-06, 1.0928e+01, 3.1376e-01, 
 2DIAGNOSTIC,    30, -5.024467152436e-01, 1.774684089129e-06, 1.1211e+01, 2.8328e-01, 
 2DIAGNOSTIC,    31, -5.024470425711e-01, 1.826954038622e-06, 1.1510e+01, 2.9854e-01, 
 2DIAGNOSTIC,    32, -5.024463136703e-01, 1.810565664492e-06, 1.1740e+01, 2.3050e-01, 
 2DIAGNOSTIC,    33, -5.024447807400e-01, 1.676475581865e-06, 1.2000e+01, 2.5980e-01, 
 2DIAGNOSTIC,    34, -5.024432920573e-01, 1.453989323896e-06, 1.2279e+01, 2.7927e-01, 
 2DIAGNOSTIC,    35, -5.024433609822e-01, 1.226705433760e-06, 1.2524e+01, 2.4485e-01, 
DIAGNOSTIC,Iteration,metricValue,convergenceValue,ITERATION_TIME_INDEX,SINCE_LAST
 2DIAGNOSTIC,     1, -4.668620269822e-01, 1.797693134862e+308, 1.5026e+01, 2.5021e+00, 
 2DIAGNOSTIC,     2, -4.669184492742e-01, 1.797693134862e+308, 1.6362e+01, 1.3360e+00, 
 2DIAGNOSTIC,     3, -4.669419976084e-01, 1.797693134862e+308, 1.7771e+01, 1.4090e+00, 
 2DIAGNOSTIC,     4, -4.670193477798e-01, 1.797693134862e+308, 2.0365e+01, 2.5941e+00, 
 2DIAGNOSTIC,     5, -4.670195232822e-01, 1.797693134862e+308, 2.1776e+01, 1.4109e+00, 
 2DIAGNOSTIC,     6, -4.670261128040e-01, 1.797693134862e+308, 2.3040e+01, 1.2635e+00, 
 2DIAGNOSTIC,     7, -4.670301646816e-01, 1.797693134862e+308, 2.4793e+01, 1.7528e+00, 
 2DIAGNOSTIC,     8, -4.670312429927e-01, 1.797693134862e+308, 2.6477e+01, 1.6843e+00, 
 2DIAGNOSTIC,     9, -4.670311670844e-01, 1.797693134862e+308, 2.8250e+01, 1.7735e+00, 
 2DIAGNOSTIC,    10, -4.670308429964e-01, 2.363568103135e-05, 2.9981e+01, 1.7311e+00, 
 2DIAGNOSTIC,    11, -4.670307316729e-01, 1.419690018296e-05, 3.1391e+01, 1.4092e+00, 
 2DIAGNOSTIC,    12, -4.670305113872e-01, 8.176233050966e-06, 3.2785e+01, 1.3942e+00, 
 2DIAGNOSTIC,    13, -4.670308669099e-01, 3.601761279504e-06, 3.4660e+01, 1.8755e+00, 
 2DIAGNOSTIC,    14, -4.670308875072e-01, 2.944685452005e-06, 3.6256e+01, 1.5954e+00, 
 2DIAGNOSTIC,    15, -4.670308149828e-01, 2.313298614248e-06, 3.7621e+01, 1.3655e+00, 
 2DIAGNOSTIC,    16, -4.670306648414e-01, 1.984600802640e-06, 3.8997e+01, 1.3759e+00, 
 2DIAGNOSTIC,    17, -4.670306270988e-01, 1.837515244581e-06, 4.0307e+01, 1.3096e+00, 
 2DIAGNOSTIC,    18, -4.670307157014e-01, 1.748982290120e-06, 4.1758e+01, 1.4515e+00, 
 2DIAGNOSTIC,    19, -4.670304973824e-01, 1.661963071671e-06, 4.3481e+01, 1.7227e+00, 
 2DIAGNOSTIC,    20, -4.670304358772e-01, 1.573506339711e-06, 4.4884e+01, 1.4029e+00, 
 2DIAGNOSTIC,    21, -4.670300085249e-01, 1.479872401088e-06, 4.6471e+01, 1.5869e+00, 
 2DIAGNOSTIC,    22, -4.670299432782e-01, 1.390050616092e-06, 4.7855e+01, 1.3842e+00, 
 2DIAGNOSTIC,    23, -4.670297139893e-01, 1.316380157670e-06, 4.9120e+01, 1.2655e+00, 
 2DIAGNOSTIC,    24, -4.670299666539e-01, 1.262082919937e-06, 5.0647e+01, 1.5271e+00, 
 2DIAGNOSTIC,    25, -4.670305205455e-01, 1.229742255873e-06, 5.2134e+01, 1.4863e+00, 
 2DIAGNOSTIC,    26, -4.670304015721e-01, 1.197366138447e-06, 5.3539e+01, 1.4053e+00, 
 2DIAGNOSTIC,    27, -4.670306864121e-01, 1.175680012316e-06, 5.4979e+01, 1.4399e+00, 
 2DIAGNOSTIC,    28, -4.670308676768e-01, 1.161669378372e-06, 5.6300e+01, 1.3210e+00, 
 2DIAGNOSTIC,    29, -4.670307080636e-01, 1.137993696443e-06, 5.7842e+01, 1.5426e+00, 
 2DIAGNOSTIC,    30, -4.670303264967e-01, 1.103213946425e-06, 5.9447e+01, 1.6042e+00, 
 2DIAGNOSTIC,    31, -4.670302444165e-01, 1.056896228563e-06, 6.1186e+01, 1.7396e+00, 
  Elapsed time (stage 0): 6.2021e+01


Total elapsed time: 6.2023e+01
Info [verificarlo]: loaded backend libinterflop_ieee.so
Info [interflop-ieee]: load backend with:
Info [interflop-ieee]: debug = false
Info [interflop-ieee]: debug-binary = false
Info [interflop-ieee]: no-backend-name = false
Info [interflop-ieee]: print-new-line = false
Info [interflop-ieee]: print-subnormal-normalized = false
Info [interflop-ieee]: count-op = false
All_Command_lines_OK
Using double precision for computations.
=============================================================================
The composite transform comprises the following transforms (in order): 
  1. /home/mdugre/scratch/mri-registration-rp/datasets/ds004513/derivatives/mri-registration-rp/0001/antsRegistration-r7-p15/sub-s032/rigid_Composite.h5[0] (type = Euler3DTransform)
  2. /home/mdugre/scratch/mri-registration-rp/datasets/ds004513/derivatives/mri-registration-rp/0001/antsRegistration-r7-p15/sub-s032/rigid_Composite.h5[1] (type = Euler3DTransform)
  3. /home/mdugre/scratch/mri-registration-rp/datasets/ds004513/derivatives/mri-registration-rp/0001/antsRegistration-r7-p15/sub-s032/rigid_Composite.h5[2] (type = Euler3DTransform)
=============================================================================
  number of levels = 4
  fixed image: /templateflow/tpl-MNI152NLin2009cAsym/tpl-MNI152NLin2009cAsym_res-01_desc-brain_T1w.nii.gz
  moving image: /home/mdugre/scratch/mri-registration-rp/datasets/ds004513/derivatives/mri-registration-rp/antsBrainExtraction/sub-s032/BrainExtractionBrain.nii.gz
Dimension = 3
Number of stages = 1
Use histogram matching = false
Winsorize image intensities = true
  Lower quantile = 0.005
  Upper quantile = 0.995


Stage 1 State
   Image metric = MattesMI
     Fixed image = Image (0x33287e0)
  RTTI typeinfo:   itk::Image<double, 3u>
  Reference Count: 2
  Modified Time: 1592
  Debug: Off
  Object Name: 
  Observers: 
    none
  Source: (none)
  Source output name: (none)
  Release Data: Off
  Data Released: False
  Global Release Data: Off
  PipelineMTime: 0
  UpdateMTime: 1203
  RealTimeStamp: 0 seconds 
  LargestPossibleRegion: 
    Dimension: 3
    Index: [0, 0, 0]
    Size: [193, 229, 193]
  BufferedRegion: 
    Dimension: 3
    Index: [0, 0, 0]
    Size: [193, 229, 193]
  RequestedRegion: 
    Dimension: 3
    Index: [0, 0, 0]
    Size: [193, 229, 193]
  Spacing: [1, 1, 1]
  Origin: [96, 132, -78]
  Direction: 
-1 0 0
0 -1 0
0 0 1

  IndexToPointMatrix: 
-1 0 0
0 -1 0
0 0 1

  PointToIndexMatrix: 
-1 0 0
0 -1 0
0 0 1

  Inverse Direction: 
-1 0 0
0 -1 0
0 0 1

  PixelContainer: 
    ImportImageContainer (0x33e8a20)
      RTTI typeinfo:   itk::ImportImageContainer<unsigned long, double>
      Reference Count: 1
      Modified Time: 1200
      Debug: Off
      Object Name: 
      Observers: 
        none
      Pointer: 0x14daaeaaa010
      Container manages memory: true
      Size: 8530021
      Capacity: 8530021

     Moving image = Image (0x33e3d70)
  RTTI typeinfo:   itk::Image<double, 3u>
  Reference Count: 2
  Modified Time: 1593
  Debug: Off
  Object Name: 
  Observers: 
    none
  Source: (none)
  Source output name: (none)
  Release Data: Off
  Data Released: False
  Global Release Data: Off
  PipelineMTime: 0
  UpdateMTime: 1590
  RealTimeStamp: 0 seconds 
  LargestPossibleRegion: 
    Dimension: 3
    Index: [0, 0, 0]
    Size: [160, 240, 256]
  BufferedRegion: 
    Dimension: 3
    Index: [0, 0, 0]
    Size: [160, 240, 256]
  RequestedRegion: 
    Dimension: 3
    Index: [0, 0, 0]
    Size: [160, 240, 256]
  Spacing: [1, 1, 1]
  Origin: [73.279, 104.707, -131.187]
  Direction: 
-0.997527 0.0645574 -0.0278053
-0.0645323 -0.997914 -0.00179875
-0.0278634 4.01097e-08 0.999612

  IndexToPointMatrix: 
-0.997527 0.0645574 -0.0278053
-0.0645323 -0.997914 -0.00179875
-0.0278634 4.01097e-08 0.999612

  PointToIndexMatrix: 
-0.997527 -0.0645323 -0.0278634
0.0645574 -0.997914 4.01049e-08
-0.0278053 -0.00179875 0.999612

  Inverse Direction: 
-0.997527 -0.0645323 -0.0278634
0.0645574 -0.997914 4.01049e-08
-0.0278053 -0.00179875 0.999612

  PixelContainer: 
    ImportImageContainer (0x339bc90)
      RTTI typeinfo:   itk::ImportImageContainer<unsigned long, double>
      Reference Count: 1
      Modified Time: 1587
      Debug: Off
      Object Name: 
      Observers: 
        none
      Pointer: 0x14daa9fa9010
      Container manages memory: true
      Size: 9830400
      Capacity: 9830400

     Weighting = 1
     Sampling strategy = regular
     Number of bins = 32
     Radius = 4
     Sampling percentage  = 0.25
   Transform = Affine
     Gradient step = 0.1
     Update field sigma (voxel space) = 0
     Total field sigma (voxel space) = 0
     Update field time sigma = 0
     Total field time sigma  = 0
     Number of time indices = 0
     Number of time point samples = 0
Registration using 1 total stages.

Stage 0
  iterations = 1000x500x250x100
  convergence threshold = 1e-06
  convergence window size = 10
  number of levels = 4
  using the Mattes MI metric (number of bins = 32, weight = 1, use gradient filter = 0)
  preprocessing:  winsorizing the image intensities
  Shrink factors (level 1 out of 4): [8, 8, 8]
  Shrink factors (level 2 out of 4): [4, 4, 4]
  Shrink factors (level 3 out of 4): [2, 2, 2]
  Shrink factors (level 4 out of 4): [1, 1, 1]
  smoothing sigmas per level: [3, 2, 1, 0]
  regular sampling (percentage = 0.25)

*** Running AffineTransform registration ***

DIAGNOSTIC,Iteration,metricValue,convergenceValue,ITERATION_TIME_INDEX,SINCE_LAST
 2DIAGNOSTIC,     1, -6.864298820334e-01, 1.797693134862e+308, 6.2055e-01, 6.2055e-01, 
 2DIAGNOSTIC,     2, -6.882094423197e-01, 1.797693134862e+308, 6.2486e-01, 4.3070e-03, 
 2DIAGNOSTIC,     3, -6.911590633590e-01, 1.797693134862e+308, 6.2909e-01, 4.2260e-03, 
 2DIAGNOSTIC,     4, -6.959763908170e-01, 1.797693134862e+308, 6.3328e-01, 4.1950e-03, 
 2DIAGNOSTIC,     5, -7.044066925528e-01, 1.797693134862e+308, 6.3741e-01, 4.1289e-03, 
 2DIAGNOSTIC,     6, -7.126642896444e-01, 1.797693134862e+308, 6.4154e-01, 4.1299e-03, 
 2DIAGNOSTIC,     7, -7.203551323250e-01, 1.797693134862e+308, 6.4907e-01, 7.5240e-03, 
 2DIAGNOSTIC,     8, -7.208016202594e-01, 1.797693134862e+308, 6.5310e-01, 4.0300e-03, 
 2DIAGNOSTIC,     9, -7.218614021687e-01, 1.797693134862e+308, 6.5715e-01, 4.0529e-03, 
 2DIAGNOSTIC,    10, -7.227569185544e-01, 3.997358062725e-03, 6.6147e-01, 4.3209e-03, 
 2DIAGNOSTIC,    11, -7.240744940184e-01, 3.307756300787e-03, 6.6589e-01, 4.4260e-03, 
 2DIAGNOSTIC,    12, -7.253465981826e-01, 2.539165914873e-03, 6.7081e-01, 4.9160e-03, 
 2DIAGNOSTIC,    13, -7.278607505099e-01, 1.831788472867e-03, 6.7569e-01, 4.8838e-03, 
 2DIAGNOSTIC,    14, -7.340627613199e-01, 1.372965719308e-03, 6.8204e-01, 6.3410e-03, 
 2DIAGNOSTIC,    15, -7.344731943110e-01, 1.079099772539e-03, 6.8629e-01, 4.2591e-03, 
 2DIAGNOSTIC,    16, -7.349207863874e-01, 9.374216770062e-04, 6.9051e-01, 4.2140e-03, 
 2DIAGNOSTIC,    17, -7.353299881270e-01, 9.175170159138e-04, 6.9471e-01, 4.2062e-03, 
 2DIAGNOSTIC,    18, -7.364627593296e-01, 8.485908739796e-04, 7.0083e-01, 6.1109e-03, 
 2DIAGNOSTIC,    19, -7.364629868844e-01, 7.282070267306e-04, 7.0504e-01, 4.2171e-03, 
 2DIAGNOSTIC,    20, -7.364296398195e-01, 5.698866422982e-04, 7.0936e-01, 4.3211e-03, 
 2DIAGNOSTIC,    21, -7.364606319796e-01, 4.013907720100e-04, 7.1424e-01, 4.8769e-03, 
 2DIAGNOSTIC,    22, -7.364906339532e-01, 2.344888350545e-04, 7.1905e-01, 4.8079e-03, 
 2DIAGNOSTIC,    23, -7.364452765350e-01, 9.967960949014e-05, 7.2335e-01, 4.3008e-03, 
 2DIAGNOSTIC,    24, -7.365000823763e-01, 6.966893995872e-05, 7.2801e-01, 4.6558e-03, 
 2DIAGNOSTIC,    25, -7.365387084727e-01, 4.290372720951e-05, 7.3294e-01, 4.9300e-03, 
 2DIAGNOSTIC,    26, -7.369861408955e-01, 2.785091653779e-05, 7.3777e-01, 4.8370e-03, 
 2DIAGNOSTIC,    27, -7.374071773160e-01, 2.284697048025e-05, 7.4257e-01, 4.8020e-03, 
 2DIAGNOSTIC,    28, -7.384443970812e-01, 4.649112495735e-05, 7.4737e-01, 4.7941e-03, 
 2DIAGNOSTIC,    29, -7.385913826397e-01, 6.596383541806e-05, 7.5248e-01, 5.1069e-03, 
 2DIAGNOSTIC,    30, -7.384933914592e-01, 7.642030057538e-05, 7.5727e-01, 4.7939e-03, 
 2DIAGNOSTIC,    31, -7.384822629576e-01, 7.946132231340e-05, 7.6269e-01, 5.4250e-03, 
 2DIAGNOSTIC,    32, -7.385967011248e-01, 7.654366960826e-05, 7.6783e-01, 5.1401e-03, 
 2DIAGNOSTIC,    33, -7.386278723950e-01, 6.625826524515e-05, 7.7261e-01, 4.7760e-03, 
 2DIAGNOSTIC,    34, -7.385581141204e-01, 5.028409379137e-05, 7.7741e-01, 4.7989e-03, 
 2DIAGNOSTIC,    35, -7.384920764818e-01, 3.040769966734e-05, 7.8170e-01, 4.2899e-03, 
 2DIAGNOSTIC,    36, -7.384429799777e-01, 1.322040279637e-05, 7.8650e-01, 4.7989e-03, 
DIAGNOSTIC,Iteration,metricValue,convergenceValue,ITERATION_TIME_INDEX,SINCE_LAST
 2DIAGNOSTIC,     1, -5.973903549421e-01, 1.797693134862e+308, 1.5151e+00, 7.2860e-01, 
 2DIAGNOSTIC,     2, -5.979090604557e-01, 1.797693134862e+308, 1.5466e+00, 3.1516e-02, 
 2DIAGNOSTIC,     3, -5.982532213750e-01, 1.797693134862e+308, 1.5817e+00, 3.5052e-02, 
 2DIAGNOSTIC,     4, -5.983834466017e-01, 1.797693134862e+308, 1.6346e+00, 5.2919e-02, 
 2DIAGNOSTIC,     5, -5.984066387204e-01, 1.797693134862e+308, 1.6786e+00, 4.4026e-02, 
 2DIAGNOSTIC,     6, -5.983875563388e-01, 1.797693134862e+308, 1.7191e+00, 4.0511e-02, 
 2DIAGNOSTIC,     7, -5.983772873617e-01, 1.797693134862e+308, 1.7535e+00, 3.4344e-02, 
 2DIAGNOSTIC,     8, -5.983670034132e-01, 1.797693134862e+308, 1.7899e+00, 3.6477e-02, 
 2DIAGNOSTIC,     9, -5.983509837831e-01, 1.797693134862e+308, 1.8207e+00, 3.0710e-02, 
 2DIAGNOSTIC,    10, -5.983514137721e-01, 7.069107940116e-05, 1.8553e+00, 3.4643e-02, 
 2DIAGNOSTIC,    11, -5.983375093063e-01, 2.324467529628e-05, 1.8909e+00, 3.5598e-02, 
 2DIAGNOSTIC,    12, -5.983337144303e-01, 1.970993051825e-06, 1.9256e+00, 3.4728e-02, 
DIAGNOSTIC,Iteration,metricValue,convergenceValue,ITERATION_TIME_INDEX,SINCE_LAST
 2DIAGNOSTIC,     1, -5.336220020290e-01, 1.797693134862e+308, 2.9651e+00, 1.0395e+00, 
 2DIAGNOSTIC,     2, -5.339505057233e-01, 1.797693134862e+308, 3.2161e+00, 2.5094e-01, 
 2DIAGNOSTIC,     3, -5.342903378742e-01, 1.797693134862e+308, 3.4583e+00, 2.4227e-01, 
 2DIAGNOSTIC,     4, -5.347082129341e-01, 1.797693134862e+308, 3.7000e+00, 2.4169e-01, 
 2DIAGNOSTIC,     5, -5.353003832952e-01, 1.797693134862e+308, 3.9395e+00, 2.3945e-01, 
 2DIAGNOSTIC,     6, -5.360716204138e-01, 1.797693134862e+308, 4.1828e+00, 2.4328e-01, 
 2DIAGNOSTIC,     7, -5.371349756928e-01, 1.797693134862e+308, 4.4603e+00, 2.7751e-01, 
 2DIAGNOSTIC,     8, -5.378899321582e-01, 1.797693134862e+308, 4.7878e+00, 3.2749e-01, 
 2DIAGNOSTIC,     9, -5.387832299056e-01, 1.797693134862e+308, 5.0536e+00, 2.6582e-01, 
 2DIAGNOSTIC,    10, -5.395687425285e-01, 7.430181163154e-04, 5.3055e+00, 2.5197e-01, 
 2DIAGNOSTIC,    11, -5.414763638762e-01, 7.916973651738e-04, 5.6197e+00, 3.1416e-01, 
 2DIAGNOSTIC,    12, -5.417017648843e-01, 7.837521445676e-04, 5.8451e+00, 2.2542e-01, 
 2DIAGNOSTIC,    13, -5.419267752622e-01, 7.302065902412e-04, 6.0796e+00, 2.3447e-01, 
 2DIAGNOSTIC,    14, -5.424278391459e-01, 6.535678395117e-04, 6.3213e+00, 2.4175e-01, 
 2DIAGNOSTIC,    15, -5.428501144865e-01, 5.624861734389e-04, 6.6126e+00, 2.9120e-01, 
 2DIAGNOSTIC,    16, -5.428705665987e-01, 4.561548750514e-04, 6.8465e+00, 2.3392e-01, 
 2DIAGNOSTIC,    17, -5.431054219107e-01, 3.610090488505e-04, 7.0782e+00, 2.3172e-01, 
 2DIAGNOSTIC,    18, -5.432636156805e-01, 2.703636023432e-04, 7.3292e+00, 2.5106e-01, 
 2DIAGNOSTIC,    19, -5.440445262081e-01, 2.106607409668e-04, 7.6017e+00, 2.7248e-01, 
 2DIAGNOSTIC,    20, -5.446177572842e-01, 1.714025193132e-04, 7.8877e+00, 2.8596e-01, 
 2DIAGNOSTIC,    21, -5.446473428040e-01, 1.686117171768e-04, 8.2081e+00, 3.2044e-01, 
 2DIAGNOSTIC,    22, -5.446517291286e-01, 1.564741048951e-04, 8.4660e+00, 2.5786e-01, 
 2DIAGNOSTIC,    23, -5.446462908467e-01, 1.357915338026e-04, 8.7487e+00, 2.8276e-01, 
 2DIAGNOSTIC,    24, -5.446507207946e-01, 1.148206949505e-04, 9.0159e+00, 2.6720e-01, 
 2DIAGNOSTIC,    25, -5.446466313049e-01, 9.351434604155e-05, 9.3857e+00, 3.6981e-01, 
 2DIAGNOSTIC,    26, -5.446464856737e-01, 6.570491750341e-05, 9.6609e+00, 2.7516e-01, 
 2DIAGNOSTIC,    27, -5.446474881807e-01, 3.876377334745e-05, 9.9700e+00, 3.0914e-01, 
 2DIAGNOSTIC,    28, -5.446468880177e-01, 1.289148893355e-05, 1.0244e+01, 2.7348e-01, 
 2DIAGNOSTIC,    29, -5.446461471463e-01, 1.546588265219e-06, 1.0470e+01, 2.2641e-01, 
DIAGNOSTIC,Iteration,metricValue,convergenceValue,ITERATION_TIME_INDEX,SINCE_LAST
 2DIAGNOSTIC,     1, -4.997495107515e-01, 1.797693134862e+308, 1.3179e+01, 2.7088e+00, 
 2DIAGNOSTIC,     2, -4.999279914912e-01, 1.797693134862e+308, 1.4855e+01, 1.6760e+00, 
 2DIAGNOSTIC,     3, -5.001041130761e-01, 1.797693134862e+308, 1.6411e+01, 1.5564e+00, 
 2DIAGNOSTIC,     4, -5.005450233766e-01, 1.797693134862e+308, 1.7986e+01, 1.5750e+00, 
 2DIAGNOSTIC,     5, -5.007078519088e-01, 1.797693134862e+308, 2.0316e+01, 2.3296e+00, 
 2DIAGNOSTIC,     6, -5.007681456909e-01, 1.797693134862e+308, 2.2173e+01, 1.8575e+00, 
 2DIAGNOSTIC,     7, -5.007732458760e-01, 1.797693134862e+308, 2.4237e+01, 2.0636e+00, 
 2DIAGNOSTIC,     8, -5.007731693675e-01, 1.797693134862e+308, 2.6005e+01, 1.7685e+00, 
 2DIAGNOSTIC,     9, -5.007748629588e-01, 1.797693134862e+308, 2.7713e+01, 1.7076e+00, 
 2DIAGNOSTIC,    10, -5.007739038288e-01, 1.366588529180e-04, 2.9534e+01, 1.8212e+00, 
 2DIAGNOSTIC,    11, -5.007735764422e-01, 8.669508166664e-05, 3.1335e+01, 1.8010e+00, 
 2DIAGNOSTIC,    12, -5.007737441046e-01, 4.612671736817e-05, 3.3381e+01, 2.0455e+00, 
 2DIAGNOSTIC,    13, -5.007726501816e-01, 1.509595861082e-05, 3.5193e+01, 1.8121e+00, 
 2DIAGNOSTIC,    14, -5.007720053519e-01, 5.049853588859e-06, 3.6975e+01, 1.7825e+00, 
 2DIAGNOSTIC,    15, -5.007742047262e-01, 2.274168422620e-06, 3.8513e+01, 1.5375e+00, 
 2DIAGNOSTIC,    16, -5.007761730789e-01, 2.033789431297e-06, 4.0225e+01, 1.7126e+00, 
 2DIAGNOSTIC,    17, -5.007790975685e-01, 2.084518878821e-06, 4.1824e+01, 1.5992e+00, 
 2DIAGNOSTIC,    18, -5.007828982582e-01, 2.225228333902e-06, 4.3468e+01, 1.6438e+00, 
 2DIAGNOSTIC,    19, -5.007944843680e-01, 2.705255258868e-06, 4.5320e+01, 1.8521e+00, 
 2DIAGNOSTIC,    20, -5.007976804780e-01, 3.096868299156e-06, 4.7758e+01, 2.4379e+00, 
 2DIAGNOSTIC,    21, -5.007972461999e-01, 3.291089022119e-06, 5.0684e+01, 2.9262e+00, 
 2DIAGNOSTIC,    22, -5.007973161743e-01, 3.313858806871e-06, 5.2639e+01, 1.9548e+00, 
 2DIAGNOSTIC,    23, -5.007972785860e-01, 3.132072105311e-06, 5.4421e+01, 1.7813e+00, 
 2DIAGNOSTIC,    24, -5.007972226199e-01, 2.779778798125e-06, 5.6006e+01, 1.5853e+00, 
