
##########################
# Experiment information #
##########################

EXPERIMENT_NAME: antsRegistration-r7-p16
VFC_BACKENDS: libinterflop_vprec.so --range-binary32=7 --precision-binary32=16 --range-binary64=7 --precision-binary64=16

SIF_IMG: /home/mdugre/projects/rrg-glatard/mdugre/containers/ants-vprec-no_metrics.simg

SUBJECT_ID: s033
INPUT_IMG: /home/mdugre/scratch/mri-registration-rp/datasets/ds004513/derivatives/mri-registration-rp/antsBrainExtraction/sub-s033/BrainExtractionBrain.nii.gz
OUTPUT_DIR: /home/mdugre/scratch/mri-registration-rp/datasets/ds004513/derivatives/mri-registration-rp/0001/antsRegistration-r7-p16/sub-s033

FIXED_IMG: /templateflow/tpl-MNI152NLin2009cAsym/tpl-MNI152NLin2009cAsym_res-01_desc-brain_T1w.nii.gz
DATA_DIR: /home/mdugre/scratch/mri-registration-rp/datasets/ds004513
TEMPLATEFLOW_DIR: /home/mdugre/projects/rrg-glatard/mdugre/templateflow
ITK_GLOBAL_DEFAULT_NUMBER_OF_THREADS: 16
##########################

Info [verificarlo]: loaded backend libinterflop_ieee.so
Info [interflop-ieee]: load backend with:
Info [interflop-ieee]: debug = false
Info [interflop-ieee]: debug-binary = false
Info [interflop-ieee]: no-backend-name = false
Info [interflop-ieee]: print-new-line = false
Info [interflop-ieee]: print-subnormal-normalized = false
Info [interflop-ieee]: count-op = false
All_Command_lines_OK
Using double precision for computations.
=============================================================================
The composite transform comprises the following transforms (in order): 
  1. Center of mass alignment using fixed image: /templateflow/tpl-MNI152NLin2009cAsym/tpl-MNI152NLin2009cAsym_res-01_desc-brain_T1w.nii.gz and moving image: /home/mdugre/scratch/mri-registration-rp/datasets/ds004513/derivatives/mri-registration-rp/antsBrainExtraction/sub-s033/BrainExtractionBrain.nii.gz (type = Euler3DTransform)
=============================================================================
  number of levels = 1
  fixed image: /templateflow/tpl-MNI152NLin2009cAsym/tpl-MNI152NLin2009cAsym_res-01_desc-brain_T1w.nii.gz
  moving image: /home/mdugre/scratch/mri-registration-rp/datasets/ds004513/derivatives/mri-registration-rp/antsBrainExtraction/sub-s033/BrainExtractionBrain.nii.gz
Dimension = 3
Number of stages = 1
Use histogram matching = false
Winsorize image intensities = true
  Lower quantile = 0.005
  Upper quantile = 0.995


Stage 1 State
   Image metric = MattesMI
     Fixed image = Image (0x4fc6e70)
  RTTI typeinfo:   itk::Image<double, 3u>
  Reference Count: 2
  Modified Time: 2330
  Debug: Off
  Object Name: 
  Observers: 
    none
  Source: (none)
  Source output name: (none)
  Release Data: Off
  Data Released: False
  Global Release Data: Off
  PipelineMTime: 0
  UpdateMTime: 1941
  RealTimeStamp: 0 seconds 
  LargestPossibleRegion: 
    Dimension: 3
    Index: [0, 0, 0]
    Size: [193, 229, 193]
  BufferedRegion: 
    Dimension: 3
    Index: [0, 0, 0]
    Size: [193, 229, 193]
  RequestedRegion: 
    Dimension: 3
    Index: [0, 0, 0]
    Size: [193, 229, 193]
  Spacing: [1, 1, 1]
  Origin: [96, 132, -78]
  Direction: 
-1 0 0
0 -1 0
0 0 1

  IndexToPointMatrix: 
-1 0 0
0 -1 0
0 0 1

  PointToIndexMatrix: 
-1 0 0
0 -1 0
0 0 1

  Inverse Direction: 
-1 0 0
0 -1 0
0 0 1

  PixelContainer: 
    ImportImageContainer (0x4fcfc60)
      RTTI typeinfo:   itk::ImportImageContainer<unsigned long, double>
      Reference Count: 1
      Modified Time: 1938
      Debug: Off
      Object Name: 
      Observers: 
        none
      Pointer: 0x14f2537cb010
      Container manages memory: true
      Size: 8530021
      Capacity: 8530021

     Moving image = Image (0x4fc9540)
  RTTI typeinfo:   itk::Image<double, 3u>
  Reference Count: 2
  Modified Time: 2331
  Debug: Off
  Object Name: 
  Observers: 
    none
  Source: (none)
  Source output name: (none)
  Release Data: Off
  Data Released: False
  Global Release Data: Off
  PipelineMTime: 0
  UpdateMTime: 2328
  RealTimeStamp: 0 seconds 
  LargestPossibleRegion: 
    Dimension: 3
    Index: [0, 0, 0]
    Size: [160, 240, 256]
  BufferedRegion: 
    Dimension: 3
    Index: [0, 0, 0]
    Size: [160, 240, 256]
  RequestedRegion: 
    Dimension: 3
    Index: [0, 0, 0]
    Size: [160, 240, 256]
  Spacing: [1, 1, 1]
  Origin: [91.5134, 94.282, -109.927]
  Direction: 
-0.99591 -0.0698718 -0.0572835
0.0697565 -0.997556 0.00401236
-0.0574239 5.01125e-08 0.99835

  IndexToPointMatrix: 
-0.99591 -0.0698718 -0.0572835
0.0697565 -0.997556 0.00401236
-0.0574239 5.01125e-08 0.99835

  PointToIndexMatrix: 
-0.99591 0.0697565 -0.0574239
-0.0698718 -0.997556 5.01483e-08
-0.0572835 0.00401236 0.99835

  Inverse Direction: 
-0.99591 0.0697565 -0.0574239
-0.0698718 -0.997556 5.01483e-08
-0.0572835 0.00401236 0.99835

  PixelContainer: 
    ImportImageContainer (0x50db610)
      RTTI typeinfo:   itk::ImportImageContainer<unsigned long, double>
      Reference Count: 1
      Modified Time: 2325
      Debug: Off
      Object Name: 
      Observers: 
        none
      Pointer: 0x14f24ecca010
      Container manages memory: true
      Size: 9830400
      Capacity: 9830400

     Weighting = 1
     Sampling strategy = regular
     Number of bins = 32
     Radius = 4
     Sampling percentage  = 0.25
   Transform = Rigid
     Gradient step = 0.1
     Update field sigma (voxel space) = 0
     Total field sigma (voxel space) = 0
     Update field time sigma = 0
     Total field time sigma  = 0
     Number of time indices = 0
     Number of time point samples = 0
Registration using 1 total stages.

Stage 0
  iterations = 0
  convergence threshold = 1e-06
  convergence window size = 10
  number of levels = 1
  using the Mattes MI metric (number of bins = 32, weight = 1, use gradient filter = 0)
  preprocessing:  winsorizing the image intensities
  Shrink factors (level 1 out of 1): [1, 1, 1]
  smoothing sigmas per level: [0]
  regular sampling (percentage = 0.25)

*** Running Euler3DTransform registration ***

  Elapsed time (stage 0): 1.17383


Total elapsed time: 1.17607
Info [verificarlo]: loaded backend libinterflop_ieee.so
Info [interflop-ieee]: load backend with:
Info [interflop-ieee]: debug = false
Info [interflop-ieee]: debug-binary = false
Info [interflop-ieee]: no-backend-name = false
Info [interflop-ieee]: print-new-line = false
Info [interflop-ieee]: print-subnormal-normalized = false
Info [interflop-ieee]: count-op = false
All_Command_lines_OK
Using double precision for computations.
=============================================================================
The composite transform comprises the following transforms (in order): 
  1. /home/mdugre/scratch/mri-registration-rp/datasets/ds004513/derivatives/mri-registration-rp/0001/antsRegistration-r7-p16/sub-s033/align_Composite.h5[0] (type = Euler3DTransform)
  2. /home/mdugre/scratch/mri-registration-rp/datasets/ds004513/derivatives/mri-registration-rp/0001/antsRegistration-r7-p16/sub-s033/align_Composite.h5[1] (type = Euler3DTransform)
=============================================================================
  number of levels = 4
  fixed image: /templateflow/tpl-MNI152NLin2009cAsym/tpl-MNI152NLin2009cAsym_res-01_desc-brain_T1w.nii.gz
  moving image: /home/mdugre/scratch/mri-registration-rp/datasets/ds004513/derivatives/mri-registration-rp/antsBrainExtraction/sub-s033/BrainExtractionBrain.nii.gz
Dimension = 3
Number of stages = 1
Use histogram matching = false
Winsorize image intensities = true
  Lower quantile = 0.005
  Upper quantile = 0.995


Stage 1 State
   Image metric = MattesMI
     Fixed image = Image (0x4394530)
  RTTI typeinfo:   itk::Image<double, 3u>
  Reference Count: 2
  Modified Time: 1578
  Debug: Off
  Object Name: 
  Observers: 
    none
  Source: (none)
  Source output name: (none)
  Release Data: Off
  Data Released: False
  Global Release Data: Off
  PipelineMTime: 0
  UpdateMTime: 1189
  RealTimeStamp: 0 seconds 
  LargestPossibleRegion: 
    Dimension: 3
    Index: [0, 0, 0]
    Size: [193, 229, 193]
  BufferedRegion: 
    Dimension: 3
    Index: [0, 0, 0]
    Size: [193, 229, 193]
  RequestedRegion: 
    Dimension: 3
    Index: [0, 0, 0]
    Size: [193, 229, 193]
  Spacing: [1, 1, 1]
  Origin: [96, 132, -78]
  Direction: 
-1 0 0
0 -1 0
0 0 1

  IndexToPointMatrix: 
-1 0 0
0 -1 0
0 0 1

  PointToIndexMatrix: 
-1 0 0
0 -1 0
0 0 1

  Inverse Direction: 
-1 0 0
0 -1 0
0 0 1

  PixelContainer: 
    ImportImageContainer (0x4452d60)
      RTTI typeinfo:   itk::ImportImageContainer<unsigned long, double>
      Reference Count: 1
      Modified Time: 1186
      Debug: Off
      Object Name: 
      Observers: 
        none
      Pointer: 0x14f051c3b010
      Container manages memory: true
      Size: 8530021
      Capacity: 8530021

     Moving image = Image (0x4444f60)
  RTTI typeinfo:   itk::Image<double, 3u>
  Reference Count: 2
  Modified Time: 1579
  Debug: Off
  Object Name: 
  Observers: 
    none
  Source: (none)
  Source output name: (none)
  Release Data: Off
  Data Released: False
  Global Release Data: Off
  PipelineMTime: 0
  UpdateMTime: 1576
  RealTimeStamp: 0 seconds 
  LargestPossibleRegion: 
    Dimension: 3
    Index: [0, 0, 0]
    Size: [160, 240, 256]
  BufferedRegion: 
    Dimension: 3
    Index: [0, 0, 0]
    Size: [160, 240, 256]
  RequestedRegion: 
    Dimension: 3
    Index: [0, 0, 0]
    Size: [160, 240, 256]
  Spacing: [1, 1, 1]
  Origin: [91.5134, 94.282, -109.927]
  Direction: 
-0.99591 -0.0698718 -0.0572835
0.0697565 -0.997556 0.00401236
-0.0574239 5.01125e-08 0.99835

  IndexToPointMatrix: 
-0.99591 -0.0698718 -0.0572835
0.0697565 -0.997556 0.00401236
-0.0574239 5.01125e-08 0.99835

  PointToIndexMatrix: 
-0.99591 0.0697565 -0.0574239
-0.0698718 -0.997556 5.01483e-08
-0.0572835 0.00401236 0.99835

  Inverse Direction: 
-0.99591 0.0697565 -0.0574239
-0.0698718 -0.997556 5.01483e-08
-0.0572835 0.00401236 0.99835

  PixelContainer: 
    ImportImageContainer (0x44366d0)
      RTTI typeinfo:   itk::ImportImageContainer<unsigned long, double>
      Reference Count: 1
      Modified Time: 1573
      Debug: Off
      Object Name: 
      Observers: 
        none
      Pointer: 0x14f04d13a010
      Container manages memory: true
      Size: 9830400
      Capacity: 9830400

     Weighting = 1
     Sampling strategy = regular
     Number of bins = 32
     Radius = 4
     Sampling percentage  = 0.25
   Transform = Rigid
     Gradient step = 0.1
     Update field sigma (voxel space) = 0
     Total field sigma (voxel space) = 0
     Update field time sigma = 0
     Total field time sigma  = 0
     Number of time indices = 0
     Number of time point samples = 0
Registration using 1 total stages.

Stage 0
  iterations = 1000x500x250x100
  convergence threshold = 1e-06
  convergence window size = 10
  number of levels = 4
  using the Mattes MI metric (number of bins = 32, weight = 1, use gradient filter = 0)
  preprocessing:  winsorizing the image intensities
  Shrink factors (level 1 out of 4): [8, 8, 8]
  Shrink factors (level 2 out of 4): [4, 4, 4]
  Shrink factors (level 3 out of 4): [2, 2, 2]
  Shrink factors (level 4 out of 4): [1, 1, 1]
  smoothing sigmas per level: [3, 2, 1, 0]
  regular sampling (percentage = 0.25)

*** Running Euler3DTransform registration ***

DIAGNOSTIC,Iteration,metricValue,convergenceValue,ITERATION_TIME_INDEX,SINCE_LAST
 2DIAGNOSTIC,     1, -4.945365495269e-01, 1.797693134862e+308, 7.2635e-01, 7.2635e-01, 
 2DIAGNOSTIC,     2, -4.961551199262e-01, 1.797693134862e+308, 7.3674e-01, 1.0387e-02, 
 2DIAGNOSTIC,     3, -4.991207097076e-01, 1.797693134862e+308, 7.4193e-01, 5.1970e-03, 
 2DIAGNOSTIC,     4, -5.030359852117e-01, 1.797693134862e+308, 7.4702e-01, 5.0888e-03, 
 2DIAGNOSTIC,     5, -5.059125054655e-01, 1.797693134862e+308, 7.5249e-01, 5.4650e-03, 
 2DIAGNOSTIC,     6, -5.092815596254e-01, 1.797693134862e+308, 7.5818e-01, 5.6939e-03, 
 2DIAGNOSTIC,     7, -5.205915484568e-01, 1.797693134862e+308, 7.6602e-01, 7.8340e-03, 
 2DIAGNOSTIC,     8, -5.236677933913e-01, 1.797693134862e+308, 7.7178e-01, 5.7650e-03, 
 2DIAGNOSTIC,     9, -5.261653611514e-01, 1.797693134862e+308, 7.7741e-01, 5.6310e-03, 
 2DIAGNOSTIC,    10, -5.313843279548e-01, 4.956236851461e-03, 7.8438e-01, 6.9721e-03, 
 2DIAGNOSTIC,    11, -5.461121550606e-01, 5.255951709884e-03, 7.9193e-01, 7.5450e-03, 
 2DIAGNOSTIC,    12, -5.563506773269e-01, 5.544499219549e-03, 7.9857e-01, 6.6409e-03, 
 2DIAGNOSTIC,    13, -6.011783753021e-01, 7.240286203731e-03, 8.0833e-01, 9.7580e-03, 
 2DIAGNOSTIC,    14, -6.166052824929e-01, 8.701253898635e-03, 8.1509e-01, 6.7580e-03, 
 2DIAGNOSTIC,    15, -6.211428291861e-01, 9.416357351324e-03, 8.2230e-01, 7.2179e-03, 
 2DIAGNOSTIC,    16, -6.235432156910e-01, 9.368281952609e-03, 8.2921e-01, 6.9029e-03, 
 2DIAGNOSTIC,    17, -6.347577479151e-01, 9.145335094153e-03, 8.3789e-01, 8.6870e-03, 
 2DIAGNOSTIC,    18, -6.413138483251e-01, 8.359393023765e-03, 8.4539e-01, 7.4918e-03, 
 2DIAGNOSTIC,    19, -6.420802763641e-01, 6.980623644456e-03, 8.5429e-01, 8.9061e-03, 
 2DIAGNOSTIC,    20, -6.425493422138e-01, 5.272872857692e-03, 8.5933e-01, 5.0399e-03, 
 2DIAGNOSTIC,    21, -6.431795021591e-01, 3.641466911572e-03, 8.6506e-01, 5.7302e-03, 
 2DIAGNOSTIC,    22, -6.434078423623e-01, 2.049114174970e-03, 8.6993e-01, 4.8711e-03, 
 2DIAGNOSTIC,    23, -6.435083910044e-01, 1.381097028918e-03, 8.7528e-01, 5.3508e-03, 
 2DIAGNOSTIC,    24, -6.436807820110e-01, 9.688117918358e-04, 8.8131e-01, 6.0272e-03, 
 2DIAGNOSTIC,    25, -6.439989684903e-01, 6.014659802880e-04, 8.8797e-01, 6.6559e-03, 
 2DIAGNOSTIC,    26, -6.448361790920e-01, 2.655205659607e-04, 8.9274e-01, 4.7729e-03, 
 2DIAGNOSTIC,    27, -6.460796002761e-01, 1.536871381654e-04, 8.9841e-01, 5.6698e-03, 
 2DIAGNOSTIC,    28, -6.463976170913e-01, 1.550356045885e-04, 9.0325e-01, 4.8411e-03, 
 2DIAGNOSTIC,    29, -6.463935443361e-01, 1.547432334711e-04, 9.0859e-01, 5.3391e-03, 
 2DIAGNOSTIC,    30, -6.464392290155e-01, 1.482976382838e-04, 9.1404e-01, 5.4512e-03, 
 2DIAGNOSTIC,    31, -6.463723505169e-01, 1.368667011101e-04, 9.1893e-01, 4.8921e-03, 
 2DIAGNOSTIC,    32, -6.464254427371e-01, 1.173259721425e-04, 9.2819e-01, 9.2590e-03, 
 2DIAGNOSTIC,    33, -6.464354981381e-01, 8.969259838371e-05, 9.4458e-01, 1.6386e-02, 
 2DIAGNOSTIC,    34, -6.464354981051e-01, 5.811421557411e-05, 9.6074e-01, 1.6158e-02, 
 2DIAGNOSTIC,    35, -6.464354981051e-01, 2.735340688408e-05, 9.6842e-01, 7.6809e-03, 
 2DIAGNOSTIC,    36, -6.464354981051e-01, 6.562058197782e-06, 9.7413e-01, 5.7149e-03, 
 2DIAGNOSTIC,    37, -6.464354981051e-01, 2.244542346451e-06, 9.7999e-01, 5.8570e-03, 
 2DIAGNOSTIC,    38, -6.464354981051e-01, 1.990766239936e-06, 9.8620e-01, 6.2141e-03, 
 2DIAGNOSTIC,    39, -6.464354981051e-01, 1.582329861936e-06, 9.9264e-01, 6.4349e-03, 
 2DIAGNOSTIC,    40, -6.464354981051e-01, 1.698158508107e-06, 9.9908e-01, 6.4409e-03, 
DIAGNOSTIC,Iteration,metricValue,convergenceValue,ITERATION_TIME_INDEX,SINCE_LAST
 2DIAGNOSTIC,     1, -5.367244495414e-01, 1.797693134862e+308, 1.7718e+00, 7.7277e-01, 
 2DIAGNOSTIC,     2, -5.380313886085e-01, 1.797693134862e+308, 1.8051e+00, 3.3281e-02, 
 2DIAGNOSTIC,     3, -5.401731964554e-01, 1.797693134862e+308, 1.8411e+00, 3.6005e-02, 
 2DIAGNOSTIC,     4, -5.431881388498e-01, 1.797693134862e+308, 1.8749e+00, 3.3779e-02, 
 2DIAGNOSTIC,     5, -5.453557626054e-01, 1.797693134862e+308, 1.9119e+00, 3.6948e-02, 
 2DIAGNOSTIC,     6, -5.461088580280e-01, 1.797693134862e+308, 1.9438e+00, 3.1946e-02, 
 2DIAGNOSTIC,     7, -5.462086695788e-01, 1.797693134862e+308, 1.9767e+00, 3.2853e-02, 
 2DIAGNOSTIC,     8, -5.464644827695e-01, 1.797693134862e+308, 2.0313e+00, 5.4596e-02, 
 2DIAGNOSTIC,     9, -5.466119862669e-01, 1.797693134862e+308, 2.0708e+00, 3.9546e-02, 
 2DIAGNOSTIC,    10, -5.465653151400e-01, 1.220918420951e-03, 2.1089e+00, 3.8119e-02, 
 2DIAGNOSTIC,    11, -5.465682705675e-01, 8.133907713306e-04, 2.1564e+00, 4.7472e-02, 
 2DIAGNOSTIC,    12, -5.465541429780e-01, 4.580255370449e-04, 2.1990e+00, 4.2571e-02, 
 2DIAGNOSTIC,    13, -5.465494236228e-01, 2.001581551615e-04, 2.2382e+00, 3.9195e-02, 
 2DIAGNOSTIC,    14, -5.465144148307e-01, 7.040397409204e-05, 2.2768e+00, 3.8643e-02, 
 2DIAGNOSTIC,    15, -5.465021566465e-01, 2.625954143001e-05, 2.3122e+00, 3.5378e-02, 
 2DIAGNOSTIC,    16, -5.465203028461e-01, 1.067862894247e-05, 2.3439e+00, 3.1676e-02, 
DIAGNOSTIC,Iteration,metricValue,convergenceValue,ITERATION_TIME_INDEX,SINCE_LAST
 2DIAGNOSTIC,     1, -4.642612180284e-01, 1.797693134862e+308, 3.4765e+00, 1.1326e+00, 
 2DIAGNOSTIC,     2, -4.645523981601e-01, 1.797693134862e+308, 3.7306e+00, 2.5412e-01, 
 2DIAGNOSTIC,     3, -4.648354202616e-01, 1.797693134862e+308, 3.9940e+00, 2.6339e-01, 
 2DIAGNOSTIC,     4, -4.650444834155e-01, 1.797693134862e+308, 4.2496e+00, 2.5562e-01, 
 2DIAGNOSTIC,     5, -4.653294043832e-01, 1.797693134862e+308, 4.5249e+00, 2.7528e-01, 
 2DIAGNOSTIC,     6, -4.657501531353e-01, 1.797693134862e+308, 4.7906e+00, 2.6575e-01, 
 2DIAGNOSTIC,     7, -4.663153019310e-01, 1.797693134862e+308, 5.2136e+00, 4.2298e-01, 
 2DIAGNOSTIC,     8, -4.663376547139e-01, 1.797693134862e+308, 5.5276e+00, 3.1398e-01, 
 2DIAGNOSTIC,     9, -4.663397963439e-01, 1.797693134862e+308, 5.9870e+00, 4.5945e-01, 
 2DIAGNOSTIC,    10, -4.663424523593e-01, 3.304416543833e-04, 6.3655e+00, 3.7842e-01, 
 2DIAGNOSTIC,    11, -4.663407791887e-01, 2.569719254824e-04, 6.7056e+00, 3.4019e-01, 
 2DIAGNOSTIC,    12, -4.663403018017e-01, 1.871610264829e-04, 6.9790e+00, 2.7337e-01, 
 2DIAGNOSTIC,    13, -4.663397717994e-01, 1.247950582680e-04, 7.2682e+00, 2.8914e-01, 
 2DIAGNOSTIC,    14, -4.663383700757e-01, 6.955028532640e-05, 7.5280e+00, 2.5987e-01, 
 2DIAGNOSTIC,    15, -4.663373114824e-01, 2.688621366098e-05, 7.8216e+00, 2.9355e-01, 
 2DIAGNOSTIC,    16, -4.663380643738e-01, 2.757988597196e-06, 8.1088e+00, 2.8721e-01, 
 2DIAGNOSTIC,    17, -4.663366417700e-01, 1.609421827101e-06, 8.4273e+00, 3.1853e-01, 
 2DIAGNOSTIC,    18, -4.663363777871e-01, 1.361311429138e-06, 8.7675e+00, 3.4016e-01, 
 2DIAGNOSTIC,    19, -4.663349295850e-01, 1.197074960525e-06, 9.0644e+00, 2.9687e-01, 
 2DIAGNOSTIC,    20, -4.663342738056e-01, 1.156865917153e-06, 9.3523e+00, 2.8794e-01, 
 2DIAGNOSTIC,    21, -4.663338254335e-01, 1.098756144943e-06, 9.6425e+00, 2.9025e-01, 
 2DIAGNOSTIC,    22, -4.663346811836e-01, 1.094951482858e-06, 9.9130e+00, 2.7045e-01, 
 2DIAGNOSTIC,    23, -4.663351792544e-01, 1.123956081837e-06, 1.0225e+01, 3.1247e-01, 
 2DIAGNOSTIC,    24, -4.663374291048e-01, 1.197312736387e-06, 1.0500e+01, 2.7409e-01, 
 2DIAGNOSTIC,    25, -4.663373173794e-01, 1.246677308220e-06, 1.0770e+01, 2.7023e-01, 
 2DIAGNOSTIC,    26, -4.663384948886e-01, 1.341413608566e-06, 1.0989e+01, 2.1882e-01, 
 2DIAGNOSTIC,    27, -4.663413966699e-01, 1.450745530436e-06, 1.1255e+01, 2.6616e-01, 
 2DIAGNOSTIC,    28, -4.663452570266e-01, 1.603546978139e-06, 1.1516e+01, 2.6165e-01, 
 2DIAGNOSTIC,    29, -4.663455716659e-01, 1.676450668418e-06, 1.1779e+01, 2.6272e-01, 
 2DIAGNOSTIC,    30, -4.663486441522e-01, 1.741014587858e-06, 1.2081e+01, 3.0209e-01, 
 2DIAGNOSTIC,    31, -4.663501697025e-01, 1.757570753616e-06, 1.2415e+01, 3.3358e-01, 
 2DIAGNOSTIC,    32, -4.663498119011e-01, 1.712216554754e-06, 1.2718e+01, 3.0339e-01, 
 2DIAGNOSTIC,    33, -4.663495666456e-01, 1.605387014866e-06, 1.2973e+01, 2.5509e-01, 
 2DIAGNOSTIC,    34, -4.663507480661e-01, 1.506627732836e-06, 1.3298e+01, 3.2446e-01, 
 2DIAGNOSTIC,    35, -4.663521289852e-01, 1.380766784131e-06, 1.3622e+01, 3.2471e-01, 
 2DIAGNOSTIC,    36, -4.663521766341e-01, 1.236182879713e-06, 1.3882e+01, 2.5933e-01, 
 2DIAGNOSTIC,    37, -4.663538908988e-01, 1.141628702878e-06, 1.4212e+01, 3.3003e-01, 
 2DIAGNOSTIC,    38, -4.663549506725e-01, 1.104641423375e-06, 1.4467e+01, 2.5552e-01, 
 2DIAGNOSTIC,    39, -4.663582288003e-01, 1.098561400986e-06, 1.4769e+01, 3.0164e-01, 
 2DIAGNOSTIC,    40, -4.663613305210e-01, 1.157924465315e-06, 1.5063e+01, 2.9388e-01, 
 2DIAGNOSTIC,    41, -4.663616886946e-01, 1.207564498392e-06, 1.5294e+01, 2.3126e-01, 
 2DIAGNOSTIC,    42, -4.663696975226e-01, 1.326039437838e-06, 1.5515e+01, 2.2066e-01, 
 2DIAGNOSTIC,    43, -4.663799897413e-01, 1.523931552637e-06, 1.5808e+01, 2.9337e-01, 
 2DIAGNOSTIC,    44, -4.663851251005e-01, 1.721626157958e-06, 1.6196e+01, 3.8804e-01, 
 2DIAGNOSTIC,    45, -4.663846487378e-01, 1.828364945684e-06, 1.6462e+01, 2.6616e-01, 
 2DIAGNOSTIC,    46, -4.663834678993e-01, 1.810977843228e-06, 1.6737e+01, 2.7440e-01, 
 2DIAGNOSTIC,    47, -4.663818591818e-01, 1.688514196602e-06, 1.6973e+01, 2.3624e-01, 
 2DIAGNOSTIC,    48, -4.663820326333e-01, 1.486777850397e-06, 1.7244e+01, 2.7113e-01, 
 2DIAGNOSTIC,    49, -4.663854204488e-01, 1.295775328407e-06, 1.7556e+01, 3.1184e-01, 
 2DIAGNOSTIC,    50, -4.663872400760e-01, 1.112007812484e-06, 1.7849e+01, 2.9321e-01, 
DIAGNOSTIC,Iteration,metricValue,convergenceValue,ITERATION_TIME_INDEX,SINCE_LAST
 2DIAGNOSTIC,     1, -4.249046549065e-01, 1.797693134862e+308, 2.0411e+01, 2.5621e+00, 
 2DIAGNOSTIC,     2, -4.249634141680e-01, 1.797693134862e+308, 2.1979e+01, 1.5680e+00, 
 2DIAGNOSTIC,     3, -4.249876105644e-01, 1.797693134862e+308, 2.3428e+01, 1.4486e+00, 
 2DIAGNOSTIC,     4, -4.250090867622e-01, 1.797693134862e+308, 2.4785e+01, 1.3571e+00, 
 2DIAGNOSTIC,     5, -4.251339451766e-01, 1.797693134862e+308, 2.6325e+01, 1.5406e+00, 
 2DIAGNOSTIC,     6, -4.252903574717e-01, 1.797693134862e+308, 2.9095e+01, 2.7695e+00, 
 2DIAGNOSTIC,     7, -4.253025404606e-01, 1.797693134862e+308, 3.0657e+01, 1.5619e+00, 
 2DIAGNOSTIC,     8, -4.253439821595e-01, 1.797693134862e+308, 3.2267e+01, 1.6103e+00, 
 2DIAGNOSTIC,     9, -4.253842264117e-01, 1.797693134862e+308, 3.3711e+01, 1.4438e+00, 
 2DIAGNOSTIC,    10, -4.254099066185e-01, 8.914002747037e-05, 3.5154e+01, 1.4432e+00, 
 2DIAGNOSTIC,    11, -4.254659470137e-01, 7.793178051932e-05, 3.6675e+01, 1.5210e+00, 
 2DIAGNOSTIC,    12, -4.256078481459e-01, 7.303965869447e-05, 3.9569e+01, 2.8936e+00, 
 2DIAGNOSTIC,    13, -4.256072335041e-01, 6.373662726171e-05, 4.1294e+01, 1.7249e+00, 
 2DIAGNOSTIC,    14, -4.256076723459e-01, 5.125346010069e-05, 4.3398e+01, 2.1042e+00, 
 2DIAGNOSTIC,    15, -4.256077064968e-01, 4.143198418854e-05, 4.5073e+01, 1.6754e+00, 
 2DIAGNOSTIC,    16, -4.256076734656e-01, 3.573294507221e-05, 4.6633e+01, 1.5594e+00, 
 2DIAGNOSTIC,    17, -4.256074938694e-01, 2.795714660990e-05, 4.8369e+01, 1.7362e+00, 
 2DIAGNOSTIC,    18, -4.256074603544e-01, 2.015655173078e-05, 5.0094e+01, 1.7249e+00, 
 2DIAGNOSTIC,    19, -4.256074954224e-01, 1.296904842221e-05, 5.1995e+01, 1.9013e+00, 
 2DIAGNOSTIC,    20, -4.256077180002e-01, 6.319459424434e-06, 5.3734e+01, 1.7391e+00, 
 2DIAGNOSTIC,    21, -4.256079020019e-01, 1.522144265097e-06, 5.5697e+01, 1.9625e+00, 
 2DIAGNOSTIC,    22, -4.256077817686e-01, 1.466894655494e-06, 5.7607e+01, 1.9103e+00, 
 2DIAGNOSTIC,    23, -4.256077244068e-01, 1.394965622931e-06, 5.9170e+01, 1.5627e+00, 
 2DIAGNOSTIC,    24, -4.256073913287e-01, 1.330852094916e-06, 6.0871e+01, 1.7017e+00, 
 2DIAGNOSTIC,    25, -4.256074379913e-01, 1.273587466342e-06, 6.2569e+01, 1.6981e+00, 
 2DIAGNOSTIC,    26, -4.256072813022e-01, 1.215679284183e-06, 6.4087e+01, 1.5172e+00, 
 2DIAGNOSTIC,    27, -4.256071582100e-01, 1.155505624059e-06, 6.5980e+01, 1.8934e+00, 
 2DIAGNOSTIC,    28, -4.256071943660e-01, 1.102105949516e-06, 6.7672e+01, 1.6923e+00, 
 2DIAGNOSTIC,    29, -4.256071192285e-01, 1.054587632381e-06, 6.9146e+01, 1.4741e+00, 
 2DIAGNOSTIC,    30, -4.256070623072e-01, 1.017830654627e-06, 7.0676e+01, 1.5296e+00, 
  Elapsed time (stage 0): 7.1673e+01


Total elapsed time: 7.1675e+01
Info [verificarlo]: loaded backend libinterflop_ieee.so
Info [interflop-ieee]: load backend with:
Info [interflop-ieee]: debug = false
Info [interflop-ieee]: debug-binary = false
Info [interflop-ieee]: no-backend-name = false
Info [interflop-ieee]: print-new-line = false
Info [interflop-ieee]: print-subnormal-normalized = false
Info [interflop-ieee]: count-op = false
All_Command_lines_OK
Using double precision for computations.
=============================================================================
The composite transform comprises the following transforms (in order): 
  1. /home/mdugre/scratch/mri-registration-rp/datasets/ds004513/derivatives/mri-registration-rp/0001/antsRegistration-r7-p16/sub-s033/rigid_Composite.h5[0] (type = Euler3DTransform)
  2. /home/mdugre/scratch/mri-registration-rp/datasets/ds004513/derivatives/mri-registration-rp/0001/antsRegistration-r7-p16/sub-s033/rigid_Composite.h5[1] (type = Euler3DTransform)
  3. /home/mdugre/scratch/mri-registration-rp/datasets/ds004513/derivatives/mri-registration-rp/0001/antsRegistration-r7-p16/sub-s033/rigid_Composite.h5[2] (type = Euler3DTransform)
=============================================================================
  number of levels = 4
  fixed image: /templateflow/tpl-MNI152NLin2009cAsym/tpl-MNI152NLin2009cAsym_res-01_desc-brain_T1w.nii.gz
  moving image: /home/mdugre/scratch/mri-registration-rp/datasets/ds004513/derivatives/mri-registration-rp/antsBrainExtraction/sub-s033/BrainExtractionBrain.nii.gz
Dimension = 3
Number of stages = 1
Use histogram matching = false
Winsorize image intensities = true
  Lower quantile = 0.005
  Upper quantile = 0.995


Stage 1 State
   Image metric = MattesMI
     Fixed image = Image (0x3b497e0)
  RTTI typeinfo:   itk::Image<double, 3u>
  Reference Count: 2
  Modified Time: 1592
  Debug: Off
  Object Name: 
  Observers: 
    none
  Source: (none)
  Source output name: (none)
  Release Data: Off
  Data Released: False
  Global Release Data: Off
  PipelineMTime: 0
  UpdateMTime: 1203
  RealTimeStamp: 0 seconds 
  LargestPossibleRegion: 
    Dimension: 3
    Index: [0, 0, 0]
    Size: [193, 229, 193]
  BufferedRegion: 
    Dimension: 3
    Index: [0, 0, 0]
    Size: [193, 229, 193]
  RequestedRegion: 
    Dimension: 3
    Index: [0, 0, 0]
    Size: [193, 229, 193]
  Spacing: [1, 1, 1]
  Origin: [96, 132, -78]
  Direction: 
-1 0 0
0 -1 0
0 0 1

  IndexToPointMatrix: 
-1 0 0
0 -1 0
0 0 1

  PointToIndexMatrix: 
-1 0 0
0 -1 0
0 0 1

  Inverse Direction: 
-1 0 0
0 -1 0
0 0 1

  PixelContainer: 
    ImportImageContainer (0x3c09a20)
      RTTI typeinfo:   itk::ImportImageContainer<unsigned long, double>
      Reference Count: 1
      Modified Time: 1200
      Debug: Off
      Object Name: 
      Observers: 
        none
      Pointer: 0x147be02b9010
      Container manages memory: true
      Size: 8530021
      Capacity: 8530021

     Moving image = Image (0x3c04d70)
  RTTI typeinfo:   itk::Image<double, 3u>
  Reference Count: 2
  Modified Time: 1593
  Debug: Off
  Object Name: 
  Observers: 
    none
  Source: (none)
  Source output name: (none)
  Release Data: Off
  Data Released: False
  Global Release Data: Off
  PipelineMTime: 0
  UpdateMTime: 1590
  RealTimeStamp: 0 seconds 
  LargestPossibleRegion: 
    Dimension: 3
    Index: [0, 0, 0]
    Size: [160, 240, 256]
  BufferedRegion: 
    Dimension: 3
    Index: [0, 0, 0]
    Size: [160, 240, 256]
  RequestedRegion: 
    Dimension: 3
    Index: [0, 0, 0]
    Size: [160, 240, 256]
  Spacing: [1, 1, 1]
  Origin: [91.5134, 94.282, -109.927]
  Direction: 
-0.99591 -0.0698718 -0.0572835
0.0697565 -0.997556 0.00401236
-0.0574239 5.01125e-08 0.99835

  IndexToPointMatrix: 
-0.99591 -0.0698718 -0.0572835
0.0697565 -0.997556 0.00401236
-0.0574239 5.01125e-08 0.99835

  PointToIndexMatrix: 
-0.99591 0.0697565 -0.0574239
-0.0698718 -0.997556 5.01483e-08
-0.0572835 0.00401236 0.99835

  Inverse Direction: 
-0.99591 0.0697565 -0.0574239
-0.0698718 -0.997556 5.01483e-08
-0.0572835 0.00401236 0.99835

  PixelContainer: 
    ImportImageContainer (0x3bbcc90)
      RTTI typeinfo:   itk::ImportImageContainer<unsigned long, double>
      Reference Count: 1
      Modified Time: 1587
      Debug: Off
      Object Name: 
      Observers: 
        none
      Pointer: 0x147bdb7b8010
      Container manages memory: true
      Size: 9830400
      Capacity: 9830400

     Weighting = 1
     Sampling strategy = regular
     Number of bins = 32
     Radius = 4
     Sampling percentage  = 0.25
   Transform = Affine
     Gradient step = 0.1
     Update field sigma (voxel space) = 0
     Total field sigma (voxel space) = 0
     Update field time sigma = 0
     Total field time sigma  = 0
     Number of time indices = 0
     Number of time point samples = 0
Registration using 1 total stages.

Stage 0
  iterations = 1000x500x250x100
  convergence threshold = 1e-06
  convergence window size = 10
  number of levels = 4
  using the Mattes MI metric (number of bins = 32, weight = 1, use gradient filter = 0)
  preprocessing:  winsorizing the image intensities
  Shrink factors (level 1 out of 4): [8, 8, 8]
  Shrink factors (level 2 out of 4): [4, 4, 4]
  Shrink factors (level 3 out of 4): [2, 2, 2]
  Shrink factors (level 4 out of 4): [1, 1, 1]
  smoothing sigmas per level: [3, 2, 1, 0]
  regular sampling (percentage = 0.25)

*** Running AffineTransform registration ***

DIAGNOSTIC,Iteration,metricValue,convergenceValue,ITERATION_TIME_INDEX,SINCE_LAST
 2DIAGNOSTIC,     1, -6.376511165108e-01, 1.797693134862e+308, 8.1529e-01, 8.1529e-01, 
 2DIAGNOSTIC,     2, -6.402715477354e-01, 1.797693134862e+308, 8.2143e-01, 6.1431e-03, 
 2DIAGNOSTIC,     3, -6.449466275784e-01, 1.797693134862e+308, 8.2702e-01, 5.5912e-03, 
 2DIAGNOSTIC,     4, -6.518401011687e-01, 1.797693134862e+308, 8.3246e-01, 5.4381e-03, 
 2DIAGNOSTIC,     5, -6.626096299962e-01, 1.797693134862e+308, 8.3771e-01, 5.2481e-03, 
 2DIAGNOSTIC,     6, -6.828395204567e-01, 1.797693134862e+308, 8.4334e-01, 5.6272e-03, 
 2DIAGNOSTIC,     7, -7.254375780171e-01, 1.797693134862e+308, 8.5261e-01, 9.2690e-03, 
 2DIAGNOSTIC,     8, -7.630953064602e-01, 1.797693134862e+308, 8.6142e-01, 8.8170e-03, 
 2DIAGNOSTIC,     9, -7.814845510503e-01, 1.797693134862e+308, 8.6704e-01, 5.6190e-03, 
 2DIAGNOSTIC,    10, -8.302319291730e-01, 1.767818098442e-02, 8.7422e-01, 7.1781e-03, 
 2DIAGNOSTIC,    11, -8.898754676895e-01, 1.999530173633e-02, 8.8045e-01, 6.2249e-03, 
 2DIAGNOSTIC,    12, -8.944162780612e-01, 2.025419856536e-02, 8.8850e-01, 8.0519e-03, 
 2DIAGNOSTIC,    13, -9.021585114993e-01, 1.903867718198e-02, 8.9527e-01, 6.7730e-03, 
 2DIAGNOSTIC,    14, -9.064535194328e-01, 1.664065325775e-02, 9.0156e-01, 6.2869e-03, 
 2DIAGNOSTIC,    15, -9.071912485168e-01, 1.339074681832e-02, 9.0832e-01, 6.7630e-03, 
 2DIAGNOSTIC,    16, -9.072915519806e-01, 9.831490559308e-03, 9.1642e-01, 8.0969e-03, 
 2DIAGNOSTIC,    17, -9.071968513920e-01, 6.759695638010e-03, 9.2308e-01, 6.6600e-03, 
 2DIAGNOSTIC,    18, -9.072330677597e-01, 4.230208121183e-03, 9.2955e-01, 6.4731e-03, 
 2DIAGNOSTIC,    19, -9.069931380087e-01, 1.942072518583e-03, 9.3540e-01, 5.8510e-03, 
 2DIAGNOSTIC,    20, -9.070354345624e-01, 5.695236845436e-04, 9.4199e-01, 6.5920e-03, 
 2DIAGNOSTIC,    21, -9.069441207094e-01, 2.893881699579e-04, 9.4816e-01, 6.1688e-03, 
 2DIAGNOSTIC,    22, -9.067147133039e-01, 7.703424556097e-05, 9.5470e-01, 6.5429e-03, 
DIAGNOSTIC,Iteration,metricValue,convergenceValue,ITERATION_TIME_INDEX,SINCE_LAST
 2DIAGNOSTIC,     1, -7.443025798565e-01, 1.797693134862e+308, 1.7470e+00, 7.9228e-01, 
 2DIAGNOSTIC,     2, -7.452350394829e-01, 1.797693134862e+308, 1.7917e+00, 4.4698e-02, 
 2DIAGNOSTIC,     3, -7.461821192797e-01, 1.797693134862e+308, 1.8310e+00, 3.9292e-02, 
 2DIAGNOSTIC,     4, -7.469554012505e-01, 1.797693134862e+308, 1.8723e+00, 4.1305e-02, 
 2DIAGNOSTIC,     5, -7.476181261292e-01, 1.797693134862e+308, 1.9177e+00, 4.5430e-02, 
 2DIAGNOSTIC,     6, -7.480922676800e-01, 1.797693134862e+308, 1.9570e+00, 3.9305e-02, 
 2DIAGNOSTIC,     7, -7.485895763698e-01, 1.797693134862e+308, 2.0076e+00, 5.0541e-02, 
 2DIAGNOSTIC,     8, -7.486334907338e-01, 1.797693134862e+308, 2.0553e+00, 4.7764e-02, 
 2DIAGNOSTIC,     9, -7.486141187231e-01, 1.797693134862e+308, 2.1028e+00, 4.7485e-02, 
 2DIAGNOSTIC,    10, -7.486402098708e-01, 3.778756283130e-04, 2.1416e+00, 3.8764e-02, 
 2DIAGNOSTIC,    11, -7.486935735535e-01, 2.561709820655e-04, 2.1815e+00, 3.9932e-02, 
 2DIAGNOSTIC,    12, -7.486749615329e-01, 1.604317888088e-04, 2.2238e+00, 4.2272e-02, 
 2DIAGNOSTIC,    13, -7.486869316071e-01, 9.302787223464e-05, 2.2701e+00, 4.6307e-02, 
 2DIAGNOSTIC,    14, -7.486529678871e-01, 4.698290978328e-05, 2.3120e+00, 4.1901e-02, 
 2DIAGNOSTIC,    15, -7.486344804531e-01, 1.915972983442e-05, 2.3565e+00, 4.4477e-02, 
 2DIAGNOSTIC,    16, -7.486125387581e-01, 3.649358738728e-06, 2.4000e+00, 4.3565e-02, 
DIAGNOSTIC,Iteration,metricValue,convergenceValue,ITERATION_TIME_INDEX,SINCE_LAST
 2DIAGNOSTIC,     1, -6.324235850326e-01, 1.797693134862e+308, 3.6009e+00, 1.2008e+00, 
 2DIAGNOSTIC,     2, -6.329864335276e-01, 1.797693134862e+308, 3.9115e+00, 3.1063e-01, 
 2DIAGNOSTIC,     3, -6.336405835759e-01, 1.797693134862e+308, 4.2686e+00, 3.5711e-01, 
 2DIAGNOSTIC,     4, -6.344464565351e-01, 1.797693134862e+308, 4.6423e+00, 3.7366e-01, 
 2DIAGNOSTIC,     5, -6.366450477059e-01, 1.797693134862e+308, 5.1529e+00, 5.1069e-01, 
 2DIAGNOSTIC,     6, -6.378514477158e-01, 1.797693134862e+308, 5.6445e+00, 4.9152e-01, 
 2DIAGNOSTIC,     7, -6.378924479499e-01, 1.797693134862e+308, 5.9829e+00, 3.3842e-01, 
 2DIAGNOSTIC,     8, -6.378883957800e-01, 1.797693134862e+308, 6.3697e+00, 3.8681e-01, 
 2DIAGNOSTIC,     9, -6.378842422506e-01, 1.797693134862e+308, 7.0663e+00, 6.9659e-01, 
 2DIAGNOSTIC,    10, -6.378869005117e-01, 6.526477474111e-04, 7.4708e+00, 4.0447e-01, 
 2DIAGNOSTIC,    11, -6.378855725106e-01, 4.744437776551e-04, 7.9496e+00, 4.7887e-01, 
 2DIAGNOSTIC,    12, -6.378841457475e-01, 3.054470009715e-04, 8.3553e+00, 4.0564e-01, 
 2DIAGNOSTIC,    13, -6.378833228799e-01, 1.584130432390e-04, 8.7268e+00, 3.7154e-01, 
 2DIAGNOSTIC,    14, -6.378789349117e-01, 4.230481291505e-05, 9.1260e+00, 3.9916e-01, 
 2DIAGNOSTIC,    15, -6.378807939107e-01, 2.533158483392e-06, 9.5306e+00, 4.0464e-01, 
 2DIAGNOSTIC,    16, -6.378777230850e-01, 1.238649625215e-06, 9.9234e+00, 3.9278e-01, 
 2DIAGNOSTIC,    17, -6.378770731975e-01, 1.230203954011e-06, 1.0249e+01, 3.2540e-01, 
 2DIAGNOSTIC,    18, -6.378769589611e-01, 1.183301814110e-06, 1.0625e+01, 3.7605e-01, 
 2DIAGNOSTIC,    19, -6.378782664152e-01, 1.126525212024e-06, 1.0972e+01, 3.4765e-01, 
 2DIAGNOSTIC,    20, -6.378765701985e-01, 1.147029285005e-06, 1.1293e+01, 3.2026e-01, 
 2DIAGNOSTIC,    21, -6.378770897765e-01, 1.191400205727e-06, 1.1775e+01, 4.8180e-01, 
 2DIAGNOSTIC,    22, -6.378751303420e-01, 1.193655473325e-06, 1.2214e+01, 4.3980e-01, 
 2DIAGNOSTIC,    23, -6.378686236312e-01, 1.079895839050e-06, 1.2653e+01, 4.3823e-01, 
DIAGNOSTIC,Iteration,metricValue,convergenceValue,ITERATION_TIME_INDEX,SINCE_LAST
 2DIAGNOSTIC,     1, -5.637004789758e-01, 1.797693134862e+308, 1.5934e+01, 3.2818e+00, 
 2DIAGNOSTIC,     2, -5.637965696059e-01, 1.797693134862e+308, 1.8155e+01, 2.2203e+00, 
 2DIAGNOSTIC,     3, -5.638057863299e-01, 1.797693134862e+308, 2.0580e+01, 2.4258e+00, 
 2DIAGNOSTIC,     4, -5.638046848258e-01, 1.797693134862e+308, 2.2825e+01, 2.2441e+00, 
 2DIAGNOSTIC,     5, -5.638049530860e-01, 1.797693134862e+308, 2.6315e+01, 3.4903e+00, 
 2DIAGNOSTIC,     6, -5.638051513158e-01, 1.797693134862e+308, 2.8444e+01, 2.1291e+00, 
 2DIAGNOSTIC,     7, -5.638045761908e-01, 1.797693134862e+308, 3.0644e+01, 2.1997e+00, 
 2DIAGNOSTIC,     8, -5.638043261597e-01, 1.797693134862e+308, 3.3138e+01, 2.4944e+00, 
 2DIAGNOSTIC,     9, -5.638044043343e-01, 1.797693134862e+308, 3.5525e+01, 2.3870e+00, 
 2DIAGNOSTIC,    10, -5.638044058448e-01, 8.712442209749e-06, 3.7782e+01, 2.2571e+00, 
 2DIAGNOSTIC,    11, -5.638044072430e-01, 3.168988240210e-06, 3.9937e+01, 2.1554e+00, 
 2DIAGNOSTIC,    12, -5.638043695989e-01, 2.548643839098e-06, 4.2287e+01, 2.3495e+00, 
 2DIAGNOSTIC,    13, -5.638042665837e-01, 2.388126608854e-06, 4.4390e+01, 2.1034e+00, 
 2DIAGNOSTIC,    14, -5.638041584416e-01, 2.211876046959e-06, 4.6334e+01, 1.9441e+00, 
 2DIAGNOSTIC,    15, -5.638040767462e-01, 2.070369657700e-06, 4.8443e+01, 2.1083e+00, 
 2DIAGNOSTIC,    16, -5.638041690851e-01, 1.960768744980e-06, 5.0300e+01, 1.8570e+00, 
 2DIAGNOSTIC,    17, -5.638041788486e-01, 1.849929477070e-06, 5.2384e+01, 2.0845e+00, 
 2DIAGNOSTIC,    18, -5.638040947650e-01, 1.744001594535e-06, 5.4469e+01, 2.0846e+00, 
 2DIAGNOSTIC,    19, -5.638041570794e-01, 1.655261206518e-06, 5.6613e+01, 2.1439e+00, 
 2DIAGNOSTIC,    20, -5.638040509016e-01, 1.574433919030e-06, 5.8703e+01, 2.0906e+00, 
 2DIAGNOSTIC,    21, -5.638039341115e-01, 1.500013285430e-06, 6.0420e+01, 1.7167e+00, 
 2DIAGNOSTIC,    22, -5.638038377984e-01, 1.430740158369e-06, 6.2171e+01, 1.7506e+00, 
 2DIAGNOSTIC,    23, -5.638039225347e-01, 1.368606267989e-06, 6.4012e+01, 1.8417e+00, 
 2DIAGNOSTIC,    24, -5.638040434084e-01, 1.313225250918e-06, 6.5870e+01, 1.8576e+00, 
 2DIAGNOSTIC,    25, -5.638038084736e-01, 1.256916706389e-06, 6.7977e+01, 2.1067e+00, 
 2DIAGNOSTIC,    26, -5.638039885439e-01, 1.211910686194e-06, 7.0129e+01, 2.1522e+00, 
 2DIAGNOSTIC,    27, -5.638037675220e-01, 1.167330025836e-06, 7.2240e+01, 2.1112e+00, 
 2DIAGNOSTIC,    28, -5.638036928893e-01, 1.124064144771e-06, 7.4241e+01, 2.0013e+00, 
 2DIAGNOSTIC,    29, -5.638036678628e-01, 1.085582130050e-06, 7.6446e+01, 2.2043e+00, 
 2DIAGNOSTIC,    30, -5.638035195209e-01, 1.046503060480e-06, 7.8497e+01, 2.0516e+00, 
 2DIAGNOSTIC,    31, -5.638034710500e-01, 1.008683835964e-06, 8.0485e+01, 1.9880e+00, 
  Elapsed time (stage 0): 8.1833e+01


Total elapsed time: 8.1836e+01
Info [verificarlo]: loaded backend libinterflop_vprec.so
Info [interflop-vprec]: load backend with: 
Info [interflop-vprec]: precision-binary32 = 16
Info [interflop-vprec]: range-binary32 = 7
Info [interflop-vprec]: precision-binary64 = 16
Info [interflop-vprec]: range-binary64 = 7
Info [interflop-vprec]: mode = ob
Info [interflop-vprec]: error-mode = rel
Info [interflop-vprec]: max-abs-error-exponent = -1022
Info [interflop-vprec]: daz = false
Info [interflop-vprec]: ftz = false
Info [interflop-vprec]: 	instrument = none
Info [interflop-vprec]: 	prec-input-file = (null)
Info [interflop-vprec]: 	prec-output-file = (null)
Info [interflop-vprec]: 	prec-log-file = (null)
All_Command_lines_OK
Using double precision for computations.
=============================================================================
The composite transform comprises the following transforms (in order): 
  1. /home/mdugre/scratch/mri-registration-rp/datasets/ds004513/derivatives/mri-registration-rp/0001/antsRegistration-r7-p16/sub-s033/affine_Composite.h5[0] (type = Euler3DTransform)
  2. /home/mdugre/scratch/mri-registration-rp/datasets/ds004513/derivatives/mri-registration-rp/0001/antsRegistration-r7-p16/sub-s033/affine_Composite.h5[1] (type = Euler3DTransform)
  3. /home/mdugre/scratch/mri-registration-rp/datasets/ds004513/derivatives/mri-registration-rp/0001/antsRegistration-r7-p16/sub-s033/affine_Composite.h5[2] (type = Euler3DTransform)
  4. /home/mdugre/scratch/mri-registration-rp/datasets/ds004513/derivatives/mri-registration-rp/0001/antsRegistration-r7-p16/sub-s033/affine_Composite.h5[3] (type = AffineTransform)
=============================================================================
  number of levels = 4
  fixed image: /templateflow/tpl-MNI152NLin2009cAsym/tpl-MNI152NLin2009cAsym_res-01_desc-brain_T1w.nii.gz
  moving image: /home/mdugre/scratch/mri-registration-rp/datasets/ds004513/derivatives/mri-registration-rp/antsBrainExtraction/sub-s033/BrainExtractionBrain.nii.gz
Dimension = 3
Number of stages = 1
Use histogram matching = false
Winsorize image intensities = true
  Lower quantile = 0.005
  Upper quantile = 0.995


Stage 1 State
   Image metric = CC
     Fixed image = Image (0x37bb6f0)
  RTTI typeinfo:   itk::Image<double, 3u>
  Reference Count: 2
  Modified Time: 1606
  Debug: Off
  Object Name: 
  Observers: 
    none
  Source: (none)
  Source output name: (none)
  Release Data: Off
  Data Released: False
  Global Release Data: Off
  PipelineMTime: 0
  UpdateMTime: 1217
  RealTimeStamp: 0 seconds 
  LargestPossibleRegion: 
    Dimension: 3
    Index: [0, 0, 0]
    Size: [193, 229, 193]
  BufferedRegion: 
    Dimension: 3
    Index: [0, 0, 0]
