
##########################
# Experiment information #
##########################

EXPERIMENT_NAME: antsRegistration-r8-p6
VFC_BACKENDS: libinterflop_vprec.so --range-binary32=8 --precision-binary32=6 --range-binary64=8 --precision-binary64=6

SIF_IMG: /home/mdugre/projects/rrg-glatard/mdugre/containers/ants-vprec-no_metrics.simg

SUBJECT_ID: s014
INPUT_IMG: /home/mdugre/scratch/mri-registration-rp/datasets/ds004513/derivatives/mri-registration-rp/antsBrainExtraction/sub-s014/BrainExtractionBrain.nii.gz
OUTPUT_DIR: /home/mdugre/scratch/mri-registration-rp/datasets/ds004513/derivatives/mri-registration-rp/0001/antsRegistration-r8-p6/sub-s014

FIXED_IMG: /templateflow/tpl-MNI152NLin2009cAsym/tpl-MNI152NLin2009cAsym_res-01_desc-brain_T1w.nii.gz
DATA_DIR: /home/mdugre/scratch/mri-registration-rp/datasets/ds004513
TEMPLATEFLOW_DIR: /home/mdugre/projects/rrg-glatard/mdugre/templateflow
ITK_GLOBAL_DEFAULT_NUMBER_OF_THREADS: 16
##########################

Info [verificarlo]: loaded backend libinterflop_ieee.so
Info [interflop-ieee]: load backend with:
Info [interflop-ieee]: debug = false
Info [interflop-ieee]: debug-binary = false
Info [interflop-ieee]: no-backend-name = false
Info [interflop-ieee]: print-new-line = false
Info [interflop-ieee]: print-subnormal-normalized = false
Info [interflop-ieee]: count-op = false
All_Command_lines_OK
Using double precision for computations.
=============================================================================
The composite transform comprises the following transforms (in order): 
  1. Center of mass alignment using fixed image: /templateflow/tpl-MNI152NLin2009cAsym/tpl-MNI152NLin2009cAsym_res-01_desc-brain_T1w.nii.gz and moving image: /home/mdugre/scratch/mri-registration-rp/datasets/ds004513/derivatives/mri-registration-rp/antsBrainExtraction/sub-s014/BrainExtractionBrain.nii.gz (type = Euler3DTransform)
=============================================================================
  number of levels = 1
  fixed image: /templateflow/tpl-MNI152NLin2009cAsym/tpl-MNI152NLin2009cAsym_res-01_desc-brain_T1w.nii.gz
  moving image: /home/mdugre/scratch/mri-registration-rp/datasets/ds004513/derivatives/mri-registration-rp/antsBrainExtraction/sub-s014/BrainExtractionBrain.nii.gz
Dimension = 3
Number of stages = 1
Use histogram matching = false
Winsorize image intensities = true
  Lower quantile = 0.005
  Upper quantile = 0.995


Stage 1 State
   Image metric = MattesMI
     Fixed image = Image (0x4647bd0)
  RTTI typeinfo:   itk::Image<double, 3u>
  Reference Count: 2
  Modified Time: 2334
  Debug: Off
  Object Name: 
  Observers: 
    none
  Source: (none)
  Source output name: (none)
  Release Data: Off
  Data Released: False
  Global Release Data: Off
  PipelineMTime: 0
  UpdateMTime: 1943
  RealTimeStamp: 0 seconds 
  LargestPossibleRegion: 
    Dimension: 3
    Index: [0, 0, 0]
    Size: [193, 229, 193]
  BufferedRegion: 
    Dimension: 3
    Index: [0, 0, 0]
    Size: [193, 229, 193]
  RequestedRegion: 
    Dimension: 3
    Index: [0, 0, 0]
    Size: [193, 229, 193]
  Spacing: [1, 1, 1]
  Origin: [96, 132, -78]
  Direction: 
-1 0 0
0 -1 0
0 0 1

  IndexToPointMatrix: 
-1 0 0
0 -1 0
0 0 1

  PointToIndexMatrix: 
-1 0 0
0 -1 0
0 0 1

  Inverse Direction: 
-1 0 0
0 -1 0
0 0 1

  PixelContainer: 
    ImportImageContainer (0x469f930)
      RTTI typeinfo:   itk::ImportImageContainer<unsigned long, double>
      Reference Count: 1
      Modified Time: 1940
      Debug: Off
      Object Name: 
      Observers: 
        none
      Pointer: 0x1492d39da010
      Container manages memory: true
      Size: 8530021
      Capacity: 8530021

     Moving image = Image (0x4737610)
  RTTI typeinfo:   itk::Image<double, 3u>
  Reference Count: 2
  Modified Time: 2335
  Debug: Off
  Object Name: 
  Observers: 
    none
  Source: (none)
  Source output name: (none)
  Release Data: Off
  Data Released: False
  Global Release Data: Off
  PipelineMTime: 0
  UpdateMTime: 2332
  RealTimeStamp: 0 seconds 
  LargestPossibleRegion: 
    Dimension: 3
    Index: [0, 0, 0]
    Size: [160, 240, 256]
  BufferedRegion: 
    Dimension: 3
    Index: [0, 0, 0]
    Size: [160, 240, 256]
  RequestedRegion: 
    Dimension: 3
    Index: [0, 0, 0]
    Size: [160, 240, 256]
  Spacing: [0.999999, 1, 1]
  Origin: [84.1637, 106.709, -120.531]
  Direction: 
-0.999619 -0.0226874 -0.0157033
0.0226846 -0.999743 0.00035635
-0.0157073 -7.8229e-09 0.999877

  IndexToPointMatrix: 
-0.999619 -0.0226874 -0.0157033
0.0226845 -0.999743 0.00035635
-0.0157073 -7.8229e-09 0.999877

  PointToIndexMatrix: 
-0.99962 0.0226846 -0.0157073
-0.0226874 -0.999743 -7.83127e-09
-0.0157033 0.00035635 0.999877

  Inverse Direction: 
-0.999619 0.0226846 -0.0157073
-0.0226874 -0.999743 -7.83127e-09
-0.0157033 0.00035635 0.999877

  PixelContainer: 
    ImportImageContainer (0x4677850)
      RTTI typeinfo:   itk::ImportImageContainer<unsigned long, double>
      Reference Count: 1
      Modified Time: 2329
      Debug: Off
      Object Name: 
      Observers: 
        none
      Pointer: 0x1492ceed9010
      Container manages memory: true
      Size: 9830400
      Capacity: 9830400

     Weighting = 1
     Sampling strategy = regular
     Number of bins = 32
     Radius = 4
     Sampling percentage  = 0.25
   Transform = Rigid
     Gradient step = 0.1
     Update field sigma (voxel space) = 0
     Total field sigma (voxel space) = 0
     Update field time sigma = 0
     Total field time sigma  = 0
     Number of time indices = 0
     Number of time point samples = 0
Registration using 1 total stages.

Stage 0
  iterations = 0
  convergence threshold = 1e-06
  convergence window size = 10
  number of levels = 1
  using the Mattes MI metric (number of bins = 32, weight = 1, use gradient filter = 0)
  preprocessing:  winsorizing the image intensities
  Shrink factors (level 1 out of 1): [1, 1, 1]
  smoothing sigmas per level: [0]
  regular sampling (percentage = 0.25)

*** Running Euler3DTransform registration ***

  Elapsed time (stage 0): 1.11298


Total elapsed time: 1.1151
Info [verificarlo]: loaded backend libinterflop_ieee.so
Info [interflop-ieee]: load backend with:
Info [interflop-ieee]: debug = false
Info [interflop-ieee]: debug-binary = false
Info [interflop-ieee]: no-backend-name = false
Info [interflop-ieee]: print-new-line = false
Info [interflop-ieee]: print-subnormal-normalized = false
Info [interflop-ieee]: count-op = false
All_Command_lines_OK
Using double precision for computations.
=============================================================================
The composite transform comprises the following transforms (in order): 
  1. /home/mdugre/scratch/mri-registration-rp/datasets/ds004513/derivatives/mri-registration-rp/0001/antsRegistration-r8-p6/sub-s014/align_Composite.h5[0] (type = Euler3DTransform)
  2. /home/mdugre/scratch/mri-registration-rp/datasets/ds004513/derivatives/mri-registration-rp/0001/antsRegistration-r8-p6/sub-s014/align_Composite.h5[1] (type = Euler3DTransform)
=============================================================================
  number of levels = 4
  fixed image: /templateflow/tpl-MNI152NLin2009cAsym/tpl-MNI152NLin2009cAsym_res-01_desc-brain_T1w.nii.gz
  moving image: /home/mdugre/scratch/mri-registration-rp/datasets/ds004513/derivatives/mri-registration-rp/antsBrainExtraction/sub-s014/BrainExtractionBrain.nii.gz
Dimension = 3
Number of stages = 1
Use histogram matching = false
Winsorize image intensities = true
  Lower quantile = 0.005
  Upper quantile = 0.995


Stage 1 State
   Image metric = MattesMI
     Fixed image = Image (0x3490530)
  RTTI typeinfo:   itk::Image<double, 3u>
  Reference Count: 2
  Modified Time: 1580
  Debug: Off
  Object Name: 
  Observers: 
    none
  Source: (none)
  Source output name: (none)
  Release Data: Off
  Data Released: False
  Global Release Data: Off
  PipelineMTime: 0
  UpdateMTime: 1189
  RealTimeStamp: 0 seconds 
  LargestPossibleRegion: 
    Dimension: 3
    Index: [0, 0, 0]
    Size: [193, 229, 193]
  BufferedRegion: 
    Dimension: 3
    Index: [0, 0, 0]
    Size: [193, 229, 193]
  RequestedRegion: 
    Dimension: 3
    Index: [0, 0, 0]
    Size: [193, 229, 193]
  Spacing: [1, 1, 1]
  Origin: [96, 132, -78]
  Direction: 
-1 0 0
0 -1 0
0 0 1

  IndexToPointMatrix: 
-1 0 0
0 -1 0
0 0 1

  PointToIndexMatrix: 
-1 0 0
0 -1 0
0 0 1

  Inverse Direction: 
-1 0 0
0 -1 0
0 0 1

  PixelContainer: 
    ImportImageContainer (0x354ed60)
      RTTI typeinfo:   itk::ImportImageContainer<unsigned long, double>
      Reference Count: 1
      Modified Time: 1186
      Debug: Off
      Object Name: 
      Observers: 
        none
      Pointer: 0x146fd618f010
      Container manages memory: true
      Size: 8530021
      Capacity: 8530021

     Moving image = Image (0x3540f60)
  RTTI typeinfo:   itk::Image<double, 3u>
  Reference Count: 2
  Modified Time: 1581
  Debug: Off
  Object Name: 
  Observers: 
    none
  Source: (none)
  Source output name: (none)
  Release Data: Off
  Data Released: False
  Global Release Data: Off
  PipelineMTime: 0
  UpdateMTime: 1578
  RealTimeStamp: 0 seconds 
  LargestPossibleRegion: 
    Dimension: 3
    Index: [0, 0, 0]
    Size: [160, 240, 256]
  BufferedRegion: 
    Dimension: 3
    Index: [0, 0, 0]
    Size: [160, 240, 256]
  RequestedRegion: 
    Dimension: 3
    Index: [0, 0, 0]
    Size: [160, 240, 256]
  Spacing: [0.999999, 1, 1]
  Origin: [84.1637, 106.709, -120.531]
  Direction: 
-0.999619 -0.0226874 -0.0157033
0.0226846 -0.999743 0.00035635
-0.0157073 -7.8229e-09 0.999877

  IndexToPointMatrix: 
-0.999619 -0.0226874 -0.0157033
0.0226845 -0.999743 0.00035635
-0.0157073 -7.8229e-09 0.999877

  PointToIndexMatrix: 
-0.99962 0.0226846 -0.0157073
-0.0226874 -0.999743 -7.83127e-09
-0.0157033 0.00035635 0.999877

  Inverse Direction: 
-0.999619 0.0226846 -0.0157073
-0.0226874 -0.999743 -7.83127e-09
-0.0157033 0.00035635 0.999877

  PixelContainer: 
    ImportImageContainer (0x35326d0)
      RTTI typeinfo:   itk::ImportImageContainer<unsigned long, double>
      Reference Count: 1
      Modified Time: 1575
      Debug: Off
      Object Name: 
      Observers: 
        none
      Pointer: 0x146fd168e010
      Container manages memory: true
      Size: 9830400
      Capacity: 9830400

     Weighting = 1
     Sampling strategy = regular
     Number of bins = 32
     Radius = 4
     Sampling percentage  = 0.25
   Transform = Rigid
     Gradient step = 0.1
     Update field sigma (voxel space) = 0
     Total field sigma (voxel space) = 0
     Update field time sigma = 0
     Total field time sigma  = 0
     Number of time indices = 0
     Number of time point samples = 0
Registration using 1 total stages.

Stage 0
  iterations = 1000x500x250x100
  convergence threshold = 1e-06
  convergence window size = 10
  number of levels = 4
  using the Mattes MI metric (number of bins = 32, weight = 1, use gradient filter = 0)
  preprocessing:  winsorizing the image intensities
  Shrink factors (level 1 out of 4): [8, 8, 8]
  Shrink factors (level 2 out of 4): [4, 4, 4]
  Shrink factors (level 3 out of 4): [2, 2, 2]
  Shrink factors (level 4 out of 4): [1, 1, 1]
  smoothing sigmas per level: [3, 2, 1, 0]
  regular sampling (percentage = 0.25)

*** Running Euler3DTransform registration ***

DIAGNOSTIC,Iteration,metricValue,convergenceValue,ITERATION_TIME_INDEX,SINCE_LAST
 2DIAGNOSTIC,     1, -4.770821406565e-01, 1.797693134862e+308, 7.7745e-01, 7.7745e-01, 
 2DIAGNOSTIC,     2, -4.784216133942e-01, 1.797693134862e+308, 7.8218e-01, 4.7362e-03, 
 2DIAGNOSTIC,     3, -4.807043200681e-01, 1.797693134862e+308, 7.8686e-01, 4.6742e-03, 
 2DIAGNOSTIC,     4, -4.840264478065e-01, 1.797693134862e+308, 7.9155e-01, 4.6921e-03, 
 2DIAGNOSTIC,     5, -4.883050305770e-01, 1.797693134862e+308, 7.9633e-01, 4.7770e-03, 
 2DIAGNOSTIC,     6, -4.953560426371e-01, 1.797693134862e+308, 8.0171e-01, 5.3799e-03, 
 2DIAGNOSTIC,     7, -5.007350570384e-01, 1.797693134862e+308, 8.0640e-01, 4.6918e-03, 
 2DIAGNOSTIC,     8, -5.013278569503e-01, 1.797693134862e+308, 8.1155e-01, 5.1529e-03, 
 2DIAGNOSTIC,     9, -5.085255256006e-01, 1.797693134862e+308, 8.1821e-01, 6.6559e-03, 
 2DIAGNOSTIC,    10, -5.161992633656e-01, 5.125196520979e-03, 8.2565e-01, 7.4470e-03, 
 2DIAGNOSTIC,    11, -5.167072941437e-01, 4.879252931146e-03, 8.3082e-01, 5.1670e-03, 
 2DIAGNOSTIC,    12, -5.203629876260e-01, 4.481282734468e-03, 8.3597e-01, 5.1529e-03, 
 2DIAGNOSTIC,    13, -5.229718709777e-01, 3.958672533579e-03, 8.4122e-01, 5.2440e-03, 
 2DIAGNOSTIC,    14, -5.250338110829e-01, 3.368007801722e-03, 8.4699e-01, 5.7759e-03, 
 2DIAGNOSTIC,    15, -5.272078697647e-01, 2.786121483391e-03, 8.5475e-01, 7.7560e-03, 
 2DIAGNOSTIC,    16, -5.275715603977e-01, 2.284098302163e-03, 8.6008e-01, 5.3320e-03, 
 2DIAGNOSTIC,    17, -5.282507656511e-01, 1.839921123739e-03, 8.6506e-01, 4.9801e-03, 
 2DIAGNOSTIC,    18, -5.289722876065e-01, 1.313912041897e-03, 8.7093e-01, 5.8639e-03, 
 2DIAGNOSTIC,    19, -5.292207410111e-01, 9.370568707347e-04, 8.7715e-01, 6.2208e-03, 
 2DIAGNOSTIC,    20, -5.294476960672e-01, 7.341365573343e-04, 8.8304e-01, 5.8920e-03, 
 2DIAGNOSTIC,    21, -5.294955840903e-01, 4.966190831877e-04, 8.8835e-01, 5.3122e-03, 
 2DIAGNOSTIC,    22, -5.295366245031e-01, 3.281311959336e-04, 8.9391e-01, 5.5590e-03, 
 2DIAGNOSTIC,    23, -5.295376311909e-01, 2.063244245667e-04, 9.0060e-01, 6.6929e-03, 
 2DIAGNOSTIC,    24, -5.295911249027e-01, 1.234508389553e-04, 9.0665e-01, 6.0489e-03, 
 2DIAGNOSTIC,    25, -5.296271130647e-01, 8.499150549852e-05, 9.1276e-01, 6.1049e-03, 
 2DIAGNOSTIC,    26, -5.296539599384e-01, 4.983583932675e-05, 9.1782e-01, 5.0581e-03, 
 2DIAGNOSTIC,    27, -5.297704229811e-01, 2.877322816096e-05, 9.2322e-01, 5.4009e-03, 
 2DIAGNOSTIC,    28, -5.299884954871e-01, 2.504887533161e-05, 9.3027e-01, 7.0550e-03, 
 2DIAGNOSTIC,    29, -5.300854192462e-01, 2.569611953623e-05, 9.3670e-01, 6.4251e-03, 
 2DIAGNOSTIC,    30, -5.300410324622e-01, 2.732899345619e-05, 9.4215e-01, 5.4500e-03, 
 2DIAGNOSTIC,    31, -5.300376932143e-01, 2.724560549597e-05, 9.4769e-01, 5.5449e-03, 
 2DIAGNOSTIC,    32, -5.301686264233e-01, 2.763232919769e-05, 9.5267e-01, 4.9789e-03, 
 2DIAGNOSTIC,    33, -5.303926738418e-01, 2.905769096756e-05, 9.5868e-01, 6.0139e-03, 
 2DIAGNOSTIC,    34, -5.304519664598e-01, 2.945835347808e-05, 9.6465e-01, 5.9690e-03, 
 2DIAGNOSTIC,    35, -5.305073139181e-01, 2.868169327619e-05, 9.6948e-01, 4.8230e-03, 
 2DIAGNOSTIC,    36, -5.305686017146e-01, 2.670517372235e-05, 9.7451e-01, 5.0340e-03, 
 2DIAGNOSTIC,    37, -5.306602858940e-01, 2.533264911377e-05, 9.8170e-01, 7.1871e-03, 
 2DIAGNOSTIC,    38, -5.306881156229e-01, 2.512162424215e-05, 9.8752e-01, 5.8181e-03, 
 2DIAGNOSTIC,    39, -5.307317416633e-01, 2.461885298069e-05, 9.9268e-01, 5.1680e-03, 
 2DIAGNOSTIC,    40, -5.308225091353e-01, 2.257034276019e-05, 9.9984e-01, 7.1528e-03, 
 2DIAGNOSTIC,    41, -5.308460424124e-01, 1.877385526265e-05, 1.0051e+00, 5.2860e-03, 
 2DIAGNOSTIC,    42, -5.308561837321e-01, 1.520831957769e-05, 1.0110e+00, 5.9240e-03, 
 2DIAGNOSTIC,    43, -5.308777649273e-01, 1.355835177744e-05, 1.0167e+00, 5.6441e-03, 
 2DIAGNOSTIC,    44, -5.309114036110e-01, 1.190613944900e-05, 1.0222e+00, 5.5020e-03, 
 2DIAGNOSTIC,    45, -5.310262965518e-01, 1.129423567115e-05, 1.0309e+00, 8.6579e-03, 
 2DIAGNOSTIC,    46, -5.310374074445e-01, 1.049838942490e-05, 1.0357e+00, 4.8590e-03, 
 2DIAGNOSTIC,    47, -5.310434720121e-01, 9.962263453938e-06, 1.0413e+00, 5.5621e-03, 
 2DIAGNOSTIC,    48, -5.310518853633e-01, 8.989886109555e-06, 1.0464e+00, 5.0900e-03, 
 2DIAGNOSTIC,    49, -5.310584329536e-01, 7.783359503119e-06, 1.0537e+00, 7.3841e-03, 
 2DIAGNOSTIC,    50, -5.310645817646e-01, 6.973833584653e-06, 1.0610e+00, 7.2360e-03, 
 2DIAGNOSTIC,    51, -5.310656430617e-01, 5.851695601057e-06, 1.0667e+00, 5.6901e-03, 
 2DIAGNOSTIC,    52, -5.310738190001e-01, 4.481863510299e-06, 1.0727e+00, 6.0401e-03, 
 2DIAGNOSTIC,    53, -5.310768127969e-01, 3.049471521823e-06, 1.0780e+00, 5.2581e-03, 
 2DIAGNOSTIC,    54, -5.310775506016e-01, 1.750844720445e-06, 1.0839e+00, 5.9290e-03, 
 2DIAGNOSTIC,    55, -5.310817434211e-01, 1.565716413299e-06, 1.0899e+00, 6.0339e-03, 
 2DIAGNOSTIC,    56, -5.310870994121e-01, 1.452195857624e-06, 1.0964e+00, 6.4881e-03, 
 2DIAGNOSTIC,    57, -5.310885232961e-01, 1.327089154939e-06, 1.1028e+00, 6.4061e-03, 
 2DIAGNOSTIC,    58, -5.310914487850e-01, 1.238639651093e-06, 1.1094e+00, 6.5961e-03, 
 2DIAGNOSTIC,    59, -5.311015678587e-01, 1.240623596622e-06, 1.1158e+00, 6.4139e-03, 
 2DIAGNOSTIC,    60, -5.311021904297e-01, 1.235244578957e-06, 1.1222e+00, 6.4058e-03, 
 2DIAGNOSTIC,    61, -5.311059901820e-01, 1.204917779135e-06, 1.1391e+00, 1.6901e-02, 
 2DIAGNOSTIC,    62, -5.311059901659e-01, 1.182103197408e-06, 1.1545e+00, 1.5378e-02, 
 2DIAGNOSTIC,    63, -5.311059901659e-01, 1.122797857800e-06, 1.1608e+00, 6.2599e-03, 
 2DIAGNOSTIC,    64, -5.311059901659e-01, 1.011506956482e-06, 1.1662e+00, 5.4262e-03, 
DIAGNOSTIC,Iteration,metricValue,convergenceValue,ITERATION_TIME_INDEX,SINCE_LAST
 2DIAGNOSTIC,     1, -4.295258231625e-01, 1.797693134862e+308, 2.0508e+00, 8.8458e-01, 
 2DIAGNOSTIC,     2, -4.302859640432e-01, 1.797693134862e+308, 2.0863e+00, 3.5509e-02, 
 2DIAGNOSTIC,     3, -4.309651196675e-01, 1.797693134862e+308, 2.1215e+00, 3.5171e-02, 
 2DIAGNOSTIC,     4, -4.317164347764e-01, 1.797693134862e+308, 2.1535e+00, 3.2078e-02, 
 2DIAGNOSTIC,     5, -4.325561938345e-01, 1.797693134862e+308, 2.1857e+00, 3.2164e-02, 
 2DIAGNOSTIC,     6, -4.341819580778e-01, 1.797693134862e+308, 2.2175e+00, 3.1746e-02, 
 2DIAGNOSTIC,     7, -4.354327949460e-01, 1.797693134862e+308, 2.2488e+00, 3.1384e-02, 
 2DIAGNOSTIC,     8, -4.367134834400e-01, 1.797693134862e+308, 2.2835e+00, 3.4621e-02, 
 2DIAGNOSTIC,     9, -4.377076816053e-01, 1.797693134862e+308, 2.3280e+00, 4.4536e-02, 
 2DIAGNOSTIC,    10, -4.379510214291e-01, 1.375954781896e-03, 2.3623e+00, 3.4318e-02, 
 2DIAGNOSTIC,    11, -4.381306699705e-01, 1.211218579666e-03, 2.3929e+00, 3.0542e-02, 
 2DIAGNOSTIC,    12, -4.403708091233e-01, 1.128184042336e-03, 2.4280e+00, 3.5110e-02, 
 2DIAGNOSTIC,    13, -4.435986505882e-01, 1.148562288679e-03, 2.4725e+00, 4.4486e-02, 
 2DIAGNOSTIC,    14, -4.436199448196e-01, 1.094787363055e-03, 2.5088e+00, 3.6373e-02, 
 2DIAGNOSTIC,    15, -4.445052016823e-01, 1.025845791259e-03, 2.5420e+00, 3.3201e-02, 
 2DIAGNOSTIC,    16, -4.479362667242e-01, 1.077370590577e-03, 2.5812e+00, 3.9124e-02, 
 2DIAGNOSTIC,    17, -4.481475950954e-01, 1.073587589658e-03, 2.6102e+00, 2.9017e-02, 
 2DIAGNOSTIC,    18, -4.482020490415e-01, 1.018146302769e-03, 2.6417e+00, 3.1547e-02, 
 2DIAGNOSTIC,    19, -4.481966708689e-01, 9.107728231114e-04, 2.6955e+00, 5.3822e-02, 
 2DIAGNOSTIC,    20, -4.481953335971e-01, 7.394369053852e-04, 2.7246e+00, 2.9018e-02, 
 2DIAGNOSTIC,    21, -4.481954334304e-01, 5.189437702249e-04, 2.7622e+00, 3.7664e-02, 
 2DIAGNOSTIC,    22, -4.482018533985e-01, 3.337448818796e-04, 2.7955e+00, 3.3267e-02, 
 2DIAGNOSTIC,    23, -4.481921491856e-01, 2.259319903687e-04, 2.8254e+00, 2.9922e-02, 
 2DIAGNOSTIC,    24, -4.482074312941e-01, 1.077320631001e-04, 2.8586e+00, 3.3142e-02, 
 2DIAGNOSTIC,    25, -4.482144439043e-01, 9.691656296856e-06, 2.8928e+00, 3.4290e-02, 
 2DIAGNOSTIC,    26, -4.482116710021e-01, 3.273679553648e-06, 2.9262e+00, 3.3391e-02, 
 2DIAGNOSTIC,    27, -4.482088353529e-01, 2.084626313584e-06, 2.9600e+00, 3.3808e-02, 
 2DIAGNOSTIC,    28, -4.482139219914e-01, 2.274303930960e-06, 2.9907e+00, 3.0645e-02, 
 2DIAGNOSTIC,    29, -4.482420866296e-01, 2.842585734755e-06, 3.0243e+00, 3.3627e-02, 
 2DIAGNOSTIC,    30, -4.482455732601e-01, 3.232686174172e-06, 3.0572e+00, 3.2881e-02, 
 2DIAGNOSTIC,    31, -4.482405886356e-01, 3.298137877229e-06, 3.0872e+00, 3.0038e-02, 
 2DIAGNOSTIC,    32, -4.482290914774e-01, 3.068921172314e-06, 3.1171e+00, 2.9894e-02, 
 2DIAGNOSTIC,    33, -4.482261087313e-01, 2.406543733381e-06, 3.1497e+00, 3.2576e-02, 
 2DIAGNOSTIC,    34, -4.482147421142e-01, 1.704267547323e-06, 3.1835e+00, 3.3757e-02, 
 2DIAGNOSTIC,    35, -4.482170221512e-01, 1.142411124349e-06, 3.2188e+00, 3.5328e-02, 
DIAGNOSTIC,Iteration,metricValue,convergenceValue,ITERATION_TIME_INDEX,SINCE_LAST
 2DIAGNOSTIC,     1, -3.932184618625e-01, 1.797693134862e+308, 4.2736e+00, 1.0548e+00, 
 2DIAGNOSTIC,     2, -3.933350080542e-01, 1.797693134862e+308, 4.5017e+00, 2.2812e-01, 
 2DIAGNOSTIC,     3, -3.934316047381e-01, 1.797693134862e+308, 4.7634e+00, 2.6166e-01, 
 2DIAGNOSTIC,     4, -3.934445201396e-01, 1.797693134862e+308, 5.0843e+00, 3.2094e-01, 
 2DIAGNOSTIC,     5, -3.934561041106e-01, 1.797693134862e+308, 5.3987e+00, 3.1440e-01, 
 2DIAGNOSTIC,     6, -3.934557400164e-01, 1.797693134862e+308, 5.7454e+00, 3.4672e-01, 
 2DIAGNOSTIC,     7, -3.934568947612e-01, 1.797693134862e+308, 6.2247e+00, 4.7929e-01, 
 2DIAGNOSTIC,     8, -3.934560026426e-01, 1.797693134862e+308, 6.4976e+00, 2.7289e-01, 
 2DIAGNOSTIC,     9, -3.934553707138e-01, 1.797693134862e+308, 6.8575e+00, 3.5991e-01, 
 2DIAGNOSTIC,    10, -3.934548435520e-01, 2.950388463034e-05, 7.1373e+00, 2.7973e-01, 
 2DIAGNOSTIC,    11, -3.934535150556e-01, 1.251787885594e-05, 7.4064e+00, 2.6914e-01, 
 2DIAGNOSTIC,    12, -3.934529103476e-01, 4.334108205051e-06, 7.6881e+00, 2.8171e-01, 
 2DIAGNOSTIC,    13, -3.934523312039e-01, 2.580302499208e-06, 7.9274e+00, 2.3926e-01, 
 2DIAGNOSTIC,    14, -3.934518640595e-01, 1.691075548219e-06, 8.2025e+00, 2.7507e-01, 
 2DIAGNOSTIC,    15, -3.934519734126e-01, 1.537715189542e-06, 8.5338e+00, 3.3132e-01, 
 2DIAGNOSTIC,    16, -3.934513609241e-01, 1.410839958693e-06, 8.8174e+00, 2.8360e-01, 
 2DIAGNOSTIC,    17, -3.934508379953e-01, 1.380509505190e-06, 9.1110e+00, 2.9367e-01, 
 2DIAGNOSTIC,    18, -3.934502559439e-01, 1.340256831628e-06, 9.3920e+00, 2.8098e-01, 
 2DIAGNOSTIC,    19, -3.934497851435e-01, 1.301860378937e-06, 9.7189e+00, 3.2683e-01, 
 2DIAGNOSTIC,    20, -3.934499621311e-01, 1.290039302895e-06, 1.0014e+01, 2.9559e-01, 
 2DIAGNOSTIC,    21, -3.934502604608e-01, 1.271710222406e-06, 1.0338e+01, 3.2355e-01, 
 2DIAGNOSTIC,    22, -3.934498715277e-01, 1.245514146445e-06, 1.0623e+01, 2.8489e-01, 
 2DIAGNOSTIC,    23, -3.934501306911e-01, 1.231426858921e-06, 1.0904e+01, 2.8159e-01, 
 2DIAGNOSTIC,    24, -3.934495535380e-01, 1.200792321895e-06, 1.1152e+01, 2.4709e-01, 
 2DIAGNOSTIC,    25, -3.934490927294e-01, 1.174527731650e-06, 1.1418e+01, 2.6672e-01, 
 2DIAGNOSTIC,    26, -3.934495815975e-01, 1.156238075999e-06, 1.1698e+01, 2.7937e-01, 
 2DIAGNOSTIC,    27, -3.934510332572e-01, 1.170201601029e-06, 1.2006e+01, 3.0856e-01, 
 2DIAGNOSTIC,    28, -3.934498669942e-01, 1.138213971907e-06, 1.2285e+01, 2.7880e-01, 
 2DIAGNOSTIC,    29, -3.934494067606e-01, 1.086573219650e-06, 1.2563e+01, 2.7785e-01, 
 2DIAGNOSTIC,    30, -3.934490070697e-01, 1.034518229748e-06, 1.2879e+01, 3.1638e-01, 
 2DIAGNOSTIC,    31, -3.934493551915e-01, 1.002859644168e-06, 1.3156e+01, 2.7684e-01, 
 2DIAGNOSTIC,    32, -3.934514388686e-01, 1.012149963717e-06, 1.3457e+01, 3.0095e-01, 
 2DIAGNOSTIC,    33, -3.934519791374e-01, 1.036072002039e-06, 1.3707e+01, 2.4994e-01, 
 2DIAGNOSTIC,    34, -3.934514161750e-01, 1.029042995489e-06, 1.3966e+01, 2.5861e-01, 
 2DIAGNOSTIC,    35, -3.934525148137e-01, 1.027695498028e-06, 1.4304e+01, 3.3850e-01, 
 2DIAGNOSTIC,    36, -3.934539683728e-01, 1.051995649690e-06, 1.4620e+01, 3.1589e-01, 
 2DIAGNOSTIC,    37, -3.934536117172e-01, 1.079271484523e-06, 1.4914e+01, 2.9365e-01, 
 2DIAGNOSTIC,    38, -3.934525130562e-01, 1.042002385560e-06, 1.5213e+01, 2.9916e-01, 
DIAGNOSTIC,Iteration,metricValue,convergenceValue,ITERATION_TIME_INDEX,SINCE_LAST
 2DIAGNOSTIC,     1, -3.660000231876e-01, 1.797693134862e+308, 1.7803e+01, 2.5900e+00, 
 2DIAGNOSTIC,     2, -3.661006044788e-01, 1.797693134862e+308, 1.9398e+01, 1.5950e+00, 
 2DIAGNOSTIC,     3, -3.661940053430e-01, 1.797693134862e+308, 2.1112e+01, 1.7141e+00, 
 2DIAGNOSTIC,     4, -3.662025643889e-01, 1.797693134862e+308, 2.3966e+01, 2.8539e+00, 
 2DIAGNOSTIC,     5, -3.662022977310e-01, 1.797693134862e+308, 2.6035e+01, 2.0696e+00, 
 2DIAGNOSTIC,     6, -3.662022733175e-01, 1.797693134862e+308, 2.7749e+01, 1.7134e+00, 
 2DIAGNOSTIC,     7, -3.662021510333e-01, 1.797693134862e+308, 2.9454e+01, 1.7051e+00, 
 2DIAGNOSTIC,     8, -3.662021104690e-01, 1.797693134862e+308, 3.1149e+01, 1.6951e+00, 
 2DIAGNOSTIC,     9, -3.662019867532e-01, 1.797693134862e+308, 3.2827e+01, 1.6784e+00, 
 2DIAGNOSTIC,    10, -3.662019340589e-01, 2.615307186089e-05, 3.4186e+01, 1.3583e+00, 
 2DIAGNOSTIC,    11, -3.662019021313e-01, 1.049209061042e-05, 3.5738e+01, 1.5519e+00, 
 2DIAGNOSTIC,    12, -3.662017877762e-01, 3.091361522739e-06, 3.7285e+01, 1.5473e+00, 
 2DIAGNOSTIC,    13, -3.662019075609e-01, 2.358435225364e-06, 3.8912e+01, 1.6271e+00, 
 2DIAGNOSTIC,    14, -3.662018587033e-01, 2.210206187958e-06, 4.0392e+01, 1.4805e+00, 
 2DIAGNOSTIC,    15, -3.662018920058e-01, 2.075386408312e-06, 4.1951e+01, 1.5581e+00, 
 2DIAGNOSTIC,    16, -3.662018421299e-01, 1.958104248204e-06, 4.3311e+01, 1.3603e+00, 
 2DIAGNOSTIC,    17, -3.662017315581e-01, 1.846828487855e-06, 4.4833e+01, 1.5218e+00, 
 2DIAGNOSTIC,    18, -3.662016584465e-01, 1.745449641342e-06, 4.6415e+01, 1.5822e+00, 
 2DIAGNOSTIC,    19, -3.662015876249e-01, 1.648798697060e-06, 4.7881e+01, 1.4663e+00, 
 2DIAGNOSTIC,    20, -3.662013732855e-01, 1.553843717715e-06, 4.9512e+01, 1.6307e+00, 
 2DIAGNOSTIC,    21, -3.662013254861e-01, 1.468744439334e-06, 5.1531e+01, 2.0194e+00, 
 2DIAGNOSTIC,    22, -3.662011170287e-01, 1.384171193677e-06, 5.3329e+01, 1.7982e+00, 
 2DIAGNOSTIC,    23, -3.662008967197e-01, 1.309503464858e-06, 5.4908e+01, 1.5784e+00, 
 2DIAGNOSTIC,    24, -3.662008589211e-01, 1.245216105825e-06, 5.6683e+01, 1.7754e+00, 
 2DIAGNOSTIC,    25, -3.662009022456e-01, 1.195923373325e-06, 5.8381e+01, 1.6981e+00, 
 2DIAGNOSTIC,    26, -3.662008588560e-01, 1.154782529766e-06, 5.9886e+01, 1.5044e+00, 
 2DIAGNOSTIC,    27, -3.662010886882e-01, 1.126687664811e-06, 6.1632e+01, 1.7461e+00, 
 2DIAGNOSTIC,    28, -3.662011544932e-01, 1.105168490660e-06, 6.3357e+01, 1.7248e+00, 
 2DIAGNOSTIC,    29, -3.662007271172e-01, 1.074819827342e-06, 6.5268e+01, 1.9110e+00, 
 2DIAGNOSTIC,    30, -3.662006710224e-01, 1.041888272824e-06, 6.7000e+01, 1.7324e+00, 
 2DIAGNOSTIC,    31, -3.662006079382e-01, 1.010052180242e-06, 6.8729e+01, 1.7286e+00, 
  Elapsed time (stage 0): 6.9639e+01


Total elapsed time: 6.9642e+01
Info [verificarlo]: loaded backend libinterflop_ieee.so
Info [interflop-ieee]: load backend with:
Info [interflop-ieee]: debug = false
Info [interflop-ieee]: debug-binary = false
Info [interflop-ieee]: no-backend-name = false
Info [interflop-ieee]: print-new-line = false
Info [interflop-ieee]: print-subnormal-normalized = false
Info [interflop-ieee]: count-op = false
All_Command_lines_OK
Using double precision for computations.
=============================================================================
The composite transform comprises the following transforms (in order): 
  1. /home/mdugre/scratch/mri-registration-rp/datasets/ds004513/derivatives/mri-registration-rp/0001/antsRegistration-r8-p6/sub-s014/rigid_Composite.h5[0] (type = Euler3DTransform)
  2. /home/mdugre/scratch/mri-registration-rp/datasets/ds004513/derivatives/mri-registration-rp/0001/antsRegistration-r8-p6/sub-s014/rigid_Composite.h5[1] (type = Euler3DTransform)
  3. /home/mdugre/scratch/mri-registration-rp/datasets/ds004513/derivatives/mri-registration-rp/0001/antsRegistration-r8-p6/sub-s014/rigid_Composite.h5[2] (type = Euler3DTransform)
=============================================================================
  number of levels = 4
  fixed image: /templateflow/tpl-MNI152NLin2009cAsym/tpl-MNI152NLin2009cAsym_res-01_desc-brain_T1w.nii.gz
  moving image: /home/mdugre/scratch/mri-registration-rp/datasets/ds004513/derivatives/mri-registration-rp/antsBrainExtraction/sub-s014/BrainExtractionBrain.nii.gz
Dimension = 3
Number of stages = 1
Use histogram matching = false
Winsorize image intensities = true
  Lower quantile = 0.005
  Upper quantile = 0.995


Stage 1 State
   Image metric = MattesMI
     Fixed image = Image (0x40bd530)
  RTTI typeinfo:   itk::Image<double, 3u>
  Reference Count: 2
  Modified Time: 1594
  Debug: Off
  Object Name: 
  Observers: 
    none
  Source: (none)
  Source output name: (none)
  Release Data: Off
  Data Released: False
  Global Release Data: Off
  PipelineMTime: 0
  UpdateMTime: 1203
  RealTimeStamp: 0 seconds 
  LargestPossibleRegion: 
    Dimension: 3
    Index: [0, 0, 0]
    Size: [193, 229, 193]
  BufferedRegion: 
    Dimension: 3
    Index: [0, 0, 0]
    Size: [193, 229, 193]
  RequestedRegion: 
    Dimension: 3
    Index: [0, 0, 0]
    Size: [193, 229, 193]
  Spacing: [1, 1, 1]
  Origin: [96, 132, -78]
  Direction: 
-1 0 0
0 -1 0
0 0 1

  IndexToPointMatrix: 
-1 0 0
0 -1 0
0 0 1

  PointToIndexMatrix: 
-1 0 0
0 -1 0
0 0 1

  Inverse Direction: 
-1 0 0
0 -1 0
0 0 1

  PixelContainer: 
    ImportImageContainer (0x41762a0)
      RTTI typeinfo:   itk::ImportImageContainer<unsigned long, double>
      Reference Count: 1
      Modified Time: 1200
      Debug: Off
      Object Name: 
      Observers: 
        none
      Pointer: 0x14f92ce08010
      Container manages memory: true
      Size: 8530021
      Capacity: 8530021

     Moving image = Image (0x4178e60)
  RTTI typeinfo:   itk::Image<double, 3u>
  Reference Count: 2
  Modified Time: 1595
  Debug: Off
  Object Name: 
  Observers: 
    none
  Source: (none)
  Source output name: (none)
  Release Data: Off
  Data Released: False
  Global Release Data: Off
  PipelineMTime: 0
  UpdateMTime: 1592
  RealTimeStamp: 0 seconds 
  LargestPossibleRegion: 
    Dimension: 3
    Index: [0, 0, 0]
    Size: [160, 240, 256]
  BufferedRegion: 
    Dimension: 3
    Index: [0, 0, 0]
    Size: [160, 240, 256]
  RequestedRegion: 
    Dimension: 3
    Index: [0, 0, 0]
    Size: [160, 240, 256]
  Spacing: [0.999999, 1, 1]
  Origin: [84.1637, 106.709, -120.531]
  Direction: 
-0.999619 -0.0226874 -0.0157033
0.0226846 -0.999743 0.00035635
-0.0157073 -7.8229e-09 0.999877

  IndexToPointMatrix: 
-0.999619 -0.0226874 -0.0157033
0.0226845 -0.999743 0.00035635
-0.0157073 -7.8229e-09 0.999877

  PointToIndexMatrix: 
-0.99962 0.0226846 -0.0157073
-0.0226874 -0.999743 -7.83127e-09
-0.0157033 0.00035635 0.999877

  Inverse Direction: 
-0.999619 0.0226846 -0.0157073
-0.0226874 -0.999743 -7.83127e-09
-0.0157033 0.00035635 0.999877

  PixelContainer: 
    ImportImageContainer (0x41ac390)
      RTTI typeinfo:   itk::ImportImageContainer<unsigned long, double>
      Reference Count: 1
      Modified Time: 1589
      Debug: Off
      Object Name: 
      Observers: 
        none
      Pointer: 0x14f928307010
      Container manages memory: true
      Size: 9830400
      Capacity: 9830400

     Weighting = 1
     Sampling strategy = regular
     Number of bins = 32
     Radius = 4
     Sampling percentage  = 0.25
   Transform = Affine
     Gradient step = 0.1
     Update field sigma (voxel space) = 0
     Total field sigma (voxel space) = 0
     Update field time sigma = 0
     Total field time sigma  = 0
     Number of time indices = 0
     Number of time point samples = 0
Registration using 1 total stages.

Stage 0
  iterations = 1000x500x250x100
  convergence threshold = 1e-06
  convergence window size = 10
  number of levels = 4
  using the Mattes MI metric (number of bins = 32, weight = 1, use gradient filter = 0)
  preprocessing:  winsorizing the image intensities
  Shrink factors (level 1 out of 4): [8, 8, 8]
  Shrink factors (level 2 out of 4): [4, 4, 4]
  Shrink factors (level 3 out of 4): [2, 2, 2]
  Shrink factors (level 4 out of 4): [1, 1, 1]
  smoothing sigmas per level: [3, 2, 1, 0]
  regular sampling (percentage = 0.25)

*** Running AffineTransform registration ***

DIAGNOSTIC,Iteration,metricValue,convergenceValue,ITERATION_TIME_INDEX,SINCE_LAST
 2DIAGNOSTIC,     1, -5.239750082106e-01, 1.797693134862e+308, 7.7882e-01, 7.7882e-01, 
 2DIAGNOSTIC,     2, -5.258640012853e-01, 1.797693134862e+308, 7.8551e-01, 6.6881e-03, 
 2DIAGNOSTIC,     3, -5.291088179949e-01, 1.797693134862e+308, 7.9034e-01, 4.8261e-03, 
 2DIAGNOSTIC,     4, -5.347710740736e-01, 1.797693134862e+308, 7.9554e-01, 5.2071e-03, 
 2DIAGNOSTIC,     5, -5.449383436676e-01, 1.797693134862e+308, 8.0061e-01, 5.0640e-03, 
 2DIAGNOSTIC,     6, -6.215306179673e-01, 1.797693134862e+308, 8.0557e-01, 4.9629e-03, 
 2DIAGNOSTIC,     7, -6.633610950502e-01, 1.797693134862e+308, 8.1115e-01, 5.5799e-03, 
 2DIAGNOSTIC,     8, -7.298997438305e-01, 1.797693134862e+308, 8.1874e-01, 7.5929e-03, 
 2DIAGNOSTIC,     9, -7.422520835824e-01, 1.797693134862e+308, 8.2450e-01, 5.7571e-03, 
 2DIAGNOSTIC,    10, -7.541338081629e-01, 2.915590197746e-02, 8.3048e-01, 5.9769e-03, 
 2DIAGNOSTIC,    11, -7.649021786987e-01, 2.764847066414e-02, 8.3801e-01, 7.5350e-03, 
 2DIAGNOSTIC,    12, -7.741613547335e-01, 2.434790780832e-02, 8.4586e-01, 7.8511e-03, 
 2DIAGNOSTIC,    13, -7.770751167712e-01, 1.968341724601e-02, 8.5187e-01, 6.0039e-03, 
 2DIAGNOSTIC,    14, -7.814242468587e-01, 1.436952006392e-02, 8.5733e-01, 5.4591e-03, 
 2DIAGNOSTIC,    15, -7.874240633277e-01, 9.014362723946e-03, 8.6394e-01, 6.6121e-03, 
 2DIAGNOSTIC,    16, -7.920939323070e-01, 5.733376718140e-03, 8.6925e-01, 5.3170e-03, 
 2DIAGNOSTIC,    17, -7.957348822931e-01, 3.442741777897e-03, 8.7463e-01, 5.3711e-03, 
 2DIAGNOSTIC,    18, -8.010581957746e-01, 2.769035612962e-03, 8.8129e-01, 6.6681e-03, 
 2DIAGNOSTIC,    19, -8.020625535777e-01, 2.204709533613e-03, 8.8727e-01, 5.9800e-03, 
 2DIAGNOSTIC,    20, -8.025887750150e-01, 1.748781183432e-03, 8.9252e-01, 5.2440e-03, 
 2DIAGNOSTIC,    21, -8.047950327035e-01, 1.424926248787e-03, 8.9842e-01, 5.8990e-03, 
 2DIAGNOSTIC,    22, -8.088019024145e-01, 1.241461352130e-03, 9.0541e-01, 6.9911e-03, 
 2DIAGNOSTIC,    23, -8.108228186680e-01, 1.042905828878e-03, 9.1097e-01, 5.5611e-03, 
 2DIAGNOSTIC,    24, -8.126159528729e-01, 8.656780104413e-04, 9.1688e-01, 5.9152e-03, 
 2DIAGNOSTIC,    25, -8.155471701843e-01, 7.639803263280e-04, 9.2296e-01, 6.0811e-03, 
 2DIAGNOSTIC,    26, -8.215031898467e-01, 7.574703583868e-04, 9.2825e-01, 5.2829e-03, 
 2DIAGNOSTIC,    27, -8.250920922574e-01, 7.799254687671e-04, 9.3422e-01, 5.9731e-03, 
 2DIAGNOSTIC,    28, -8.288964095746e-01, 8.530602844686e-04, 9.4139e-01, 7.1690e-03, 
 2DIAGNOSTIC,    29, -8.297232231136e-01, 8.655092300556e-04, 9.4670e-01, 5.3070e-03, 
 2DIAGNOSTIC,    30, -8.333768251713e-01, 8.491835957205e-04, 9.5216e-01, 5.4669e-03, 
 2DIAGNOSTIC,    31, -8.366898672221e-01, 8.192580571321e-04, 9.5804e-01, 5.8801e-03, 
 2DIAGNOSTIC,    32, -8.378478974510e-01, 7.740885370460e-04, 9.6334e-01, 5.2960e-03, 
 2DIAGNOSTIC,    33, -8.386457145575e-01, 6.920355037558e-04, 9.6929e-01, 5.9528e-03, 
 2DIAGNOSTIC,    34, -8.393189078666e-01, 5.779122577140e-04, 9.7636e-01, 7.0701e-03, 
 2DIAGNOSTIC,    35, -8.396542656427e-01, 4.500857489424e-04, 9.8163e-01, 5.2669e-03, 
 2DIAGNOSTIC,    36, -8.402324510368e-01, 3.545405069272e-04, 9.8690e-01, 5.2738e-03, 
 2DIAGNOSTIC,    37, -8.406979827433e-01, 2.713728292539e-04, 9.9209e-01, 5.1849e-03, 
 2DIAGNOSTIC,    38, -8.411699167561e-01, 2.098460778484e-04, 9.9734e-01, 5.2509e-03, 
 2DIAGNOSTIC,    39, -8.413410978491e-01, 1.408807456449e-04, 1.0026e+00, 5.2609e-03, 
 2DIAGNOSTIC,    40, -8.419759304154e-01, 1.015180422724e-04, 1.0090e+00, 6.3930e-03, 
 2DIAGNOSTIC,    41, -8.420488711344e-01, 8.494510510578e-05, 1.0145e+00, 5.4681e-03, 
 2DIAGNOSTIC,    42, -8.422136557858e-01, 7.274367635149e-05, 1.0210e+00, 6.5479e-03, 
 2DIAGNOSTIC,    43, -8.428729364055e-01, 6.670902589721e-05, 1.0266e+00, 5.5709e-03, 
 2DIAGNOSTIC,    44, -8.434566895696e-01, 6.504196790655e-05, 1.0331e+00, 6.4991e-03, 
 2DIAGNOSTIC,    45, -8.431517957399e-01, 5.740081943197e-05, 1.0389e+00, 5.8160e-03, 
 2DIAGNOSTIC,    46, -8.426654184211e-01, 4.558235452824e-05, 1.0449e+00, 5.9760e-03, 
 2DIAGNOSTIC,    47, -8.427578699143e-01, 3.446726513354e-05, 1.0502e+00, 5.3420e-03, 
 2DIAGNOSTIC,    48, -8.424588556222e-01, 2.176472156944e-05, 1.0561e+00, 5.8801e-03, 
 2DIAGNOSTIC,    49, -8.425426098283e-01, 9.325347649230e-06, 1.0637e+00, 7.5929e-03, 
DIAGNOSTIC,Iteration,metricValue,convergenceValue,ITERATION_TIME_INDEX,SINCE_LAST
 2DIAGNOSTIC,     1, -6.906316454333e-01, 1.797693134862e+308, 1.8137e+00, 7.4999e-01, 
 2DIAGNOSTIC,     2, -6.914422451892e-01, 1.797693134862e+308, 1.8499e+00, 3.6240e-02, 
 2DIAGNOSTIC,     3, -6.919813941834e-01, 1.797693134862e+308, 1.8896e+00, 3.9703e-02, 
 2DIAGNOSTIC,     4, -6.922403892364e-01, 1.797693134862e+308, 1.9285e+00, 3.8889e-02, 
 2DIAGNOSTIC,     5, -6.925146126893e-01, 1.797693134862e+308, 1.9713e+00, 4.2781e-02, 
 2DIAGNOSTIC,     6, -6.928413207136e-01, 1.797693134862e+308, 2.0142e+00, 4.2962e-02, 
 2DIAGNOSTIC,     7, -6.936046923375e-01, 1.797693134862e+308, 2.0728e+00, 5.8505e-02, 
 2DIAGNOSTIC,     8, -6.936126167012e-01, 1.797693134862e+308, 2.1206e+00, 4.7869e-02, 
 2DIAGNOSTIC,     9, -6.936190192116e-01, 1.797693134862e+308, 2.1628e+00, 4.2129e-02, 
 2DIAGNOSTIC,    10, -6.936051007336e-01, 2.785758082831e-04, 2.2007e+00, 3.7937e-02, 
 2DIAGNOSTIC,    11, -6.936118994453e-01, 1.966575637337e-04, 2.2456e+00, 4.4923e-02, 
 2DIAGNOSTIC,    12, -6.936347371090e-01, 1.387689949828e-04, 2.2881e+00, 4.2458e-02, 
 2DIAGNOSTIC,    13, -6.936473299829e-01, 9.483487618592e-05, 2.3265e+00, 3.8466e-02, 
 2DIAGNOSTIC,    14, -6.936374308987e-01, 5.633946778569e-05, 2.3772e+00, 5.0651e-02, 
 2DIAGNOSTIC,    15, -6.936278699723e-01, 2.530924879854e-05, 2.4195e+00, 4.2291e-02, 
 2DIAGNOSTIC,    16, -6.936172165050e-01, 3.585885777424e-06, 2.4619e+00, 4.2413e-02, 
 2DIAGNOSTIC,    17, -6.936195246070e-01, 2.724857806828e-06, 2.5008e+00, 3.8934e-02, 
 2DIAGNOSTIC,    18, -6.935862368806e-01, 1.283664463857e-06, 2.5390e+00, 3.8203e-02, 
DIAGNOSTIC,Iteration,metricValue,convergenceValue,ITERATION_TIME_INDEX,SINCE_LAST
 2DIAGNOSTIC,     1, -5.885365683511e-01, 1.797693134862e+308, 3.6708e+00, 1.1318e+00, 
 2DIAGNOSTIC,     2, -5.891780667383e-01, 1.797693134862e+308, 3.9707e+00, 2.9994e-01, 
 2DIAGNOSTIC,     3, -5.899216107588e-01, 1.797693134862e+308, 4.2660e+00, 2.9524e-01, 
 2DIAGNOSTIC,     4, -5.908121477103e-01, 1.797693134862e+308, 4.5391e+00, 2.7312e-01, 
 2DIAGNOSTIC,     5, -5.918795606491e-01, 1.797693134862e+308, 4.8575e+00, 3.1839e-01, 
 2DIAGNOSTIC,     6, -5.938569567943e-01, 1.797693134862e+308, 5.2508e+00, 3.9331e-01, 
 2DIAGNOSTIC,     7, -5.938791434004e-01, 1.797693134862e+308, 5.6781e+00, 4.2729e-01, 
 2DIAGNOSTIC,     8, -5.938849895925e-01, 1.797693134862e+308, 6.0306e+00, 3.5252e-01, 
 2DIAGNOSTIC,     9, -5.938793454420e-01, 1.797693134862e+308, 6.3740e+00, 3.4345e-01, 
 2DIAGNOSTIC,    10, -5.938754083232e-01, 6.747225382580e-04, 6.6757e+00, 3.0168e-01, 
 2DIAGNOSTIC,    11, -5.938771658214e-01, 4.936201301803e-04, 7.0158e+00, 3.4005e-01, 
 2DIAGNOSTIC,    12, -5.938748438073e-01, 3.243046101107e-04, 7.3922e+00, 3.7647e-01, 
 2DIAGNOSTIC,    13, -5.938660340788e-01, 1.798987746853e-04, 7.7293e+00, 3.3710e-01, 
 2DIAGNOSTIC,    14, -5.938670572817e-01, 7.039396737114e-05, 8.2608e+00, 5.3141e-01, 
 2DIAGNOSTIC,    15, -5.938679558554e-01, 1.655800804884e-06, 8.5919e+00, 3.3116e-01, 
DIAGNOSTIC,Iteration,metricValue,convergenceValue,ITERATION_TIME_INDEX,SINCE_LAST
 2DIAGNOSTIC,     1, -5.279347716976e-01, 1.797693134862e+308, 1.1751e+01, 3.1588e+00, 
 2DIAGNOSTIC,     2, -5.279978919252e-01, 1.797693134862e+308, 1.4435e+01, 2.6846e+00, 
 2DIAGNOSTIC,     3, -5.279968069744e-01, 1.797693134862e+308, 1.7721e+01, 3.2854e+00, 
 2DIAGNOSTIC,     4, -5.279978920193e-01, 1.797693134862e+308, 2.0708e+01, 2.9871e+00, 
 2DIAGNOSTIC,     5, -5.279979156397e-01, 1.797693134862e+308, 2.3157e+01, 2.4489e+00, 
 2DIAGNOSTIC,     6, -5.279978481062e-01, 1.797693134862e+308, 2.5200e+01, 2.0430e+00, 
 2DIAGNOSTIC,     7, -5.279977805281e-01, 1.797693134862e+308, 2.7357e+01, 2.1572e+00, 
 2DIAGNOSTIC,     8, -5.279977244707e-01, 1.797693134862e+308, 2.9576e+01, 2.2194e+00, 
 2DIAGNOSTIC,     9, -5.279974261099e-01, 1.797693134862e+308, 3.1858e+01, 2.2817e+00, 
