
##########################
# Experiment information #
##########################

EXPERIMENT_NAME: antsRegistration-r7-p20
VFC_BACKENDS: libinterflop_vprec.so --range-binary32=7 --precision-binary32=20 --range-binary64=7 --precision-binary64=20

SIF_IMG: /home/mdugre/projects/rrg-glatard/mdugre/containers/ants-vprec-no_metrics.simg

SUBJECT_ID: s032
INPUT_IMG: /home/mdugre/scratch/mri-registration-rp/datasets/ds004513/derivatives/mri-registration-rp/antsBrainExtraction/sub-s032/BrainExtractionBrain.nii.gz
OUTPUT_DIR: /home/mdugre/scratch/mri-registration-rp/datasets/ds004513/derivatives/mri-registration-rp/0001/antsRegistration-r7-p20/sub-s032

FIXED_IMG: /templateflow/tpl-MNI152NLin2009cAsym/tpl-MNI152NLin2009cAsym_res-01_desc-brain_T1w.nii.gz
DATA_DIR: /home/mdugre/scratch/mri-registration-rp/datasets/ds004513
TEMPLATEFLOW_DIR: /home/mdugre/projects/rrg-glatard/mdugre/templateflow
ITK_GLOBAL_DEFAULT_NUMBER_OF_THREADS: 16
##########################

Info [verificarlo]: loaded backend libinterflop_ieee.so
Info [interflop-ieee]: load backend with:
Info [interflop-ieee]: debug = false
Info [interflop-ieee]: debug-binary = false
Info [interflop-ieee]: no-backend-name = false
Info [interflop-ieee]: print-new-line = false
Info [interflop-ieee]: print-subnormal-normalized = false
Info [interflop-ieee]: count-op = false
All_Command_lines_OK
Using double precision for computations.
=============================================================================
The composite transform comprises the following transforms (in order): 
  1. Center of mass alignment using fixed image: /templateflow/tpl-MNI152NLin2009cAsym/tpl-MNI152NLin2009cAsym_res-01_desc-brain_T1w.nii.gz and moving image: /home/mdugre/scratch/mri-registration-rp/datasets/ds004513/derivatives/mri-registration-rp/antsBrainExtraction/sub-s032/BrainExtractionBrain.nii.gz (type = Euler3DTransform)
=============================================================================
  number of levels = 1
  fixed image: /templateflow/tpl-MNI152NLin2009cAsym/tpl-MNI152NLin2009cAsym_res-01_desc-brain_T1w.nii.gz
  moving image: /home/mdugre/scratch/mri-registration-rp/datasets/ds004513/derivatives/mri-registration-rp/antsBrainExtraction/sub-s032/BrainExtractionBrain.nii.gz
Dimension = 3
Number of stages = 1
Use histogram matching = false
Winsorize image intensities = true
  Lower quantile = 0.005
  Upper quantile = 0.995


Stage 1 State
   Image metric = MattesMI
     Fixed image = Image (0x4119e70)
  RTTI typeinfo:   itk::Image<double, 3u>
  Reference Count: 2
  Modified Time: 2330
  Debug: Off
  Object Name: 
  Observers: 
    none
  Source: (none)
  Source output name: (none)
  Release Data: Off
  Data Released: False
  Global Release Data: Off
  PipelineMTime: 0
  UpdateMTime: 1941
  RealTimeStamp: 0 seconds 
  LargestPossibleRegion: 
    Dimension: 3
    Index: [0, 0, 0]
    Size: [193, 229, 193]
  BufferedRegion: 
    Dimension: 3
    Index: [0, 0, 0]
    Size: [193, 229, 193]
  RequestedRegion: 
    Dimension: 3
    Index: [0, 0, 0]
    Size: [193, 229, 193]
  Spacing: [1, 1, 1]
  Origin: [96, 132, -78]
  Direction: 
-1 0 0
0 -1 0
0 0 1

  IndexToPointMatrix: 
-1 0 0
0 -1 0
0 0 1

  PointToIndexMatrix: 
-1 0 0
0 -1 0
0 0 1

  Inverse Direction: 
-1 0 0
0 -1 0
0 0 1

  PixelContainer: 
    ImportImageContainer (0x4122c60)
      RTTI typeinfo:   itk::ImportImageContainer<unsigned long, double>
      Reference Count: 1
      Modified Time: 1938
      Debug: Off
      Object Name: 
      Observers: 
        none
      Pointer: 0x147517a3d010
      Container manages memory: true
      Size: 8530021
      Capacity: 8530021

     Moving image = Image (0x41b6ec0)
  RTTI typeinfo:   itk::Image<double, 3u>
  Reference Count: 2
  Modified Time: 2331
  Debug: Off
  Object Name: 
  Observers: 
    none
  Source: (none)
  Source output name: (none)
  Release Data: Off
  Data Released: False
  Global Release Data: Off
  PipelineMTime: 0
  UpdateMTime: 2328
  RealTimeStamp: 0 seconds 
  LargestPossibleRegion: 
    Dimension: 3
    Index: [0, 0, 0]
    Size: [160, 240, 256]
  BufferedRegion: 
    Dimension: 3
    Index: [0, 0, 0]
    Size: [160, 240, 256]
  RequestedRegion: 
    Dimension: 3
    Index: [0, 0, 0]
    Size: [160, 240, 256]
  Spacing: [1, 1, 1]
  Origin: [73.279, 104.707, -131.187]
  Direction: 
-0.997527 0.0645574 -0.0278053
-0.0645323 -0.997914 -0.00179875
-0.0278634 4.01097e-08 0.999612

  IndexToPointMatrix: 
-0.997527 0.0645574 -0.0278053
-0.0645323 -0.997914 -0.00179875
-0.0278634 4.01097e-08 0.999612

  PointToIndexMatrix: 
-0.997527 -0.0645323 -0.0278634
0.0645574 -0.997914 4.01049e-08
-0.0278053 -0.00179875 0.999612

  Inverse Direction: 
-0.997527 -0.0645323 -0.0278634
0.0645574 -0.997914 4.01049e-08
-0.0278053 -0.00179875 0.999612

  PixelContainer: 
    ImportImageContainer (0x424e610)
      RTTI typeinfo:   itk::ImportImageContainer<unsigned long, double>
      Reference Count: 1
      Modified Time: 2325
      Debug: Off
      Object Name: 
      Observers: 
        none
      Pointer: 0x147512f3c010
      Container manages memory: true
      Size: 9830400
      Capacity: 9830400

     Weighting = 1
     Sampling strategy = regular
     Number of bins = 32
     Radius = 4
     Sampling percentage  = 0.25
   Transform = Rigid
     Gradient step = 0.1
     Update field sigma (voxel space) = 0
     Total field sigma (voxel space) = 0
     Update field time sigma = 0
     Total field time sigma  = 0
     Number of time indices = 0
     Number of time point samples = 0
Registration using 1 total stages.

Stage 0
  iterations = 0
  convergence threshold = 1e-06
  convergence window size = 10
  number of levels = 1
  using the Mattes MI metric (number of bins = 32, weight = 1, use gradient filter = 0)
  preprocessing:  winsorizing the image intensities
  Shrink factors (level 1 out of 1): [1, 1, 1]
  smoothing sigmas per level: [0]
  regular sampling (percentage = 0.25)

*** Running Euler3DTransform registration ***

  Elapsed time (stage 0): 1.12908


Total elapsed time: 1.13123
Info [verificarlo]: loaded backend libinterflop_ieee.so
Info [interflop-ieee]: load backend with:
Info [interflop-ieee]: debug = false
Info [interflop-ieee]: debug-binary = false
Info [interflop-ieee]: no-backend-name = false
Info [interflop-ieee]: print-new-line = false
Info [interflop-ieee]: print-subnormal-normalized = false
Info [interflop-ieee]: count-op = false
All_Command_lines_OK
Using double precision for computations.
=============================================================================
The composite transform comprises the following transforms (in order): 
  1. /home/mdugre/scratch/mri-registration-rp/datasets/ds004513/derivatives/mri-registration-rp/0001/antsRegistration-r7-p20/sub-s032/align_Composite.h5[0] (type = Euler3DTransform)
  2. /home/mdugre/scratch/mri-registration-rp/datasets/ds004513/derivatives/mri-registration-rp/0001/antsRegistration-r7-p20/sub-s032/align_Composite.h5[1] (type = Euler3DTransform)
=============================================================================
  number of levels = 4
  fixed image: /templateflow/tpl-MNI152NLin2009cAsym/tpl-MNI152NLin2009cAsym_res-01_desc-brain_T1w.nii.gz
  moving image: /home/mdugre/scratch/mri-registration-rp/datasets/ds004513/derivatives/mri-registration-rp/antsBrainExtraction/sub-s032/BrainExtractionBrain.nii.gz
Dimension = 3
Number of stages = 1
Use histogram matching = false
Winsorize image intensities = true
  Lower quantile = 0.005
  Upper quantile = 0.995


Stage 1 State
   Image metric = MattesMI
     Fixed image = Image (0x449c530)
  RTTI typeinfo:   itk::Image<double, 3u>
  Reference Count: 2
  Modified Time: 1578
  Debug: Off
  Object Name: 
  Observers: 
    none
  Source: (none)
  Source output name: (none)
  Release Data: Off
  Data Released: False
  Global Release Data: Off
  PipelineMTime: 0
  UpdateMTime: 1189
  RealTimeStamp: 0 seconds 
  LargestPossibleRegion: 
    Dimension: 3
    Index: [0, 0, 0]
    Size: [193, 229, 193]
  BufferedRegion: 
    Dimension: 3
    Index: [0, 0, 0]
    Size: [193, 229, 193]
  RequestedRegion: 
    Dimension: 3
    Index: [0, 0, 0]
    Size: [193, 229, 193]
  Spacing: [1, 1, 1]
  Origin: [96, 132, -78]
  Direction: 
-1 0 0
0 -1 0
0 0 1

  IndexToPointMatrix: 
-1 0 0
0 -1 0
0 0 1

  PointToIndexMatrix: 
-1 0 0
0 -1 0
0 0 1

  Inverse Direction: 
-1 0 0
0 -1 0
0 0 1

  PixelContainer: 
    ImportImageContainer (0x455ad60)
      RTTI typeinfo:   itk::ImportImageContainer<unsigned long, double>
      Reference Count: 1
      Modified Time: 1186
      Debug: Off
      Object Name: 
      Observers: 
        none
      Pointer: 0x14893a531010
      Container manages memory: true
      Size: 8530021
      Capacity: 8530021

     Moving image = Image (0x454cf60)
  RTTI typeinfo:   itk::Image<double, 3u>
  Reference Count: 2
  Modified Time: 1579
  Debug: Off
  Object Name: 
  Observers: 
    none
  Source: (none)
  Source output name: (none)
  Release Data: Off
  Data Released: False
  Global Release Data: Off
  PipelineMTime: 0
  UpdateMTime: 1576
  RealTimeStamp: 0 seconds 
  LargestPossibleRegion: 
    Dimension: 3
    Index: [0, 0, 0]
    Size: [160, 240, 256]
  BufferedRegion: 
    Dimension: 3
    Index: [0, 0, 0]
    Size: [160, 240, 256]
  RequestedRegion: 
    Dimension: 3
    Index: [0, 0, 0]
    Size: [160, 240, 256]
  Spacing: [1, 1, 1]
  Origin: [73.279, 104.707, -131.187]
  Direction: 
-0.997527 0.0645574 -0.0278053
-0.0645323 -0.997914 -0.00179875
-0.0278634 4.01097e-08 0.999612

  IndexToPointMatrix: 
-0.997527 0.0645574 -0.0278053
-0.0645323 -0.997914 -0.00179875
-0.0278634 4.01097e-08 0.999612

  PointToIndexMatrix: 
-0.997527 -0.0645323 -0.0278634
0.0645574 -0.997914 4.01049e-08
-0.0278053 -0.00179875 0.999612

  Inverse Direction: 
-0.997527 -0.0645323 -0.0278634
0.0645574 -0.997914 4.01049e-08
-0.0278053 -0.00179875 0.999612

  PixelContainer: 
    ImportImageContainer (0x453e6d0)
      RTTI typeinfo:   itk::ImportImageContainer<unsigned long, double>
      Reference Count: 1
      Modified Time: 1573
      Debug: Off
      Object Name: 
      Observers: 
        none
      Pointer: 0x148935a30010
      Container manages memory: true
      Size: 9830400
      Capacity: 9830400

     Weighting = 1
     Sampling strategy = regular
     Number of bins = 32
     Radius = 4
     Sampling percentage  = 0.25
   Transform = Rigid
     Gradient step = 0.1
     Update field sigma (voxel space) = 0
     Total field sigma (voxel space) = 0
     Update field time sigma = 0
     Total field time sigma  = 0
     Number of time indices = 0
     Number of time point samples = 0
Registration using 1 total stages.

Stage 0
  iterations = 1000x500x250x100
  convergence threshold = 1e-06
  convergence window size = 10
  number of levels = 4
  using the Mattes MI metric (number of bins = 32, weight = 1, use gradient filter = 0)
  preprocessing:  winsorizing the image intensities
  Shrink factors (level 1 out of 4): [8, 8, 8]
  Shrink factors (level 2 out of 4): [4, 4, 4]
  Shrink factors (level 3 out of 4): [2, 2, 2]
  Shrink factors (level 4 out of 4): [1, 1, 1]
  smoothing sigmas per level: [3, 2, 1, 0]
  regular sampling (percentage = 0.25)

*** Running Euler3DTransform registration ***

DIAGNOSTIC,Iteration,metricValue,convergenceValue,ITERATION_TIME_INDEX,SINCE_LAST
 2DIAGNOSTIC,     1, -5.480496989617e-01, 1.797693134862e+308, 7.0754e-01, 7.0754e-01, 
 2DIAGNOSTIC,     2, -5.506811078454e-01, 1.797693134862e+308, 7.1166e-01, 4.1142e-03, 
 2DIAGNOSTIC,     3, -5.546514955662e-01, 1.797693134862e+308, 7.1606e-01, 4.4019e-03, 
 2DIAGNOSTIC,     4, -5.606863537750e-01, 1.797693134862e+308, 7.2065e-01, 4.5850e-03, 
 2DIAGNOSTIC,     5, -5.693661845193e-01, 1.797693134862e+308, 7.2471e-01, 4.0660e-03, 
 2DIAGNOSTIC,     6, -5.854078830086e-01, 1.797693134862e+308, 7.2864e-01, 3.9330e-03, 
 2DIAGNOSTIC,     7, -6.232769732918e-01, 1.797693134862e+308, 7.3280e-01, 4.1568e-03, 
 2DIAGNOSTIC,     8, -6.297683730473e-01, 1.797693134862e+308, 7.3726e-01, 4.4620e-03, 
 2DIAGNOSTIC,     9, -6.366738733405e-01, 1.797693134862e+308, 7.4510e-01, 7.8409e-03, 
 2DIAGNOSTIC,    10, -6.375630690827e-01, 1.201760866083e-02, 7.4936e-01, 4.2570e-03, 
 2DIAGNOSTIC,    11, -6.405337628679e-01, 1.087684809450e-02, 7.5325e-01, 3.8869e-03, 
 2DIAGNOSTIC,    12, -6.435528997438e-01, 9.167753354490e-03, 7.5777e-01, 4.5230e-03, 
 2DIAGNOSTIC,    13, -6.444720921444e-01, 7.089498731847e-03, 7.6162e-01, 3.8519e-03, 
 2DIAGNOSTIC,    14, -6.463616611293e-01, 4.967892496988e-03, 7.6595e-01, 4.3240e-03, 
 2DIAGNOSTIC,    15, -6.484646963404e-01, 3.033020789043e-03, 7.7276e-01, 6.8169e-03, 
 2DIAGNOSTIC,    16, -6.486009987994e-01, 1.520386367320e-03, 7.7657e-01, 3.8030e-03, 
 2DIAGNOSTIC,    17, -6.493699344760e-01, 1.108203205204e-03, 7.8043e-01, 3.8671e-03, 
 2DIAGNOSTIC,    18, -6.514578195065e-01, 8.586162135985e-04, 7.8425e-01, 3.8159e-03, 
 2DIAGNOSTIC,    19, -6.526592717406e-01, 7.533650369804e-04, 7.8809e-01, 3.8428e-03, 
 2DIAGNOSTIC,    20, -6.536191777189e-01, 6.303067369292e-04, 7.9191e-01, 3.8199e-03, 
 2DIAGNOSTIC,    21, -6.549162298979e-01, 5.534292205379e-04, 7.9578e-01, 3.8640e-03, 
 2DIAGNOSTIC,    22, -6.562385790832e-01, 5.226986103232e-04, 8.0062e-01, 4.8389e-03, 
 2DIAGNOSTIC,    23, -6.565000058113e-01, 4.680180012235e-04, 8.0490e-01, 4.2870e-03, 
 2DIAGNOSTIC,    24, -6.565387353854e-01, 4.101063704204e-04, 8.0952e-01, 4.6179e-03, 
 2DIAGNOSTIC,    25, -6.567702146893e-01, 3.618032093028e-04, 8.1386e-01, 4.3371e-03, 
 2DIAGNOSTIC,    26, -6.583507212369e-01, 3.132611037340e-04, 8.1791e-01, 4.0550e-03, 
 2DIAGNOSTIC,    27, -6.586527568469e-01, 2.554116018356e-04, 8.2181e-01, 3.9020e-03, 
 2DIAGNOSTIC,    28, -6.593310437738e-01, 2.225767143846e-04, 8.2671e-01, 4.8950e-03, 
 2DIAGNOSTIC,    29, -6.595734041655e-01, 1.939316665342e-04, 8.3139e-01, 4.6802e-03, 
 2DIAGNOSTIC,    30, -6.595955819569e-01, 1.634946778530e-04, 8.3562e-01, 4.2350e-03, 
 2DIAGNOSTIC,    31, -6.596949967568e-01, 1.392755860926e-04, 8.3940e-01, 3.7720e-03, 
 2DIAGNOSTIC,    32, -6.597157295313e-01, 1.221677497607e-04, 8.4382e-01, 4.4191e-03, 
 2DIAGNOSTIC,    33, -6.597001423846e-01, 9.820426863029e-05, 8.4993e-01, 6.1181e-03, 
 2DIAGNOSTIC,    34, -6.595254449704e-01, 6.486903007263e-05, 8.5374e-01, 3.8102e-03, 
 2DIAGNOSTIC,    35, -6.595295822812e-01, 3.010817890500e-05, 8.5751e-01, 3.7680e-03, 
 2DIAGNOSTIC,    36, -6.595351297937e-01, 1.424396566477e-05, 8.6127e-01, 3.7582e-03, 
 2DIAGNOSTIC,    37, -6.595409535782e-01, 1.474135174536e-06, 8.6507e-01, 3.8009e-03, 
DIAGNOSTIC,Iteration,metricValue,convergenceValue,ITERATION_TIME_INDEX,SINCE_LAST
 2DIAGNOSTIC,     1, -5.183739626511e-01, 1.797693134862e+308, 1.5689e+00, 7.0385e-01, 
 2DIAGNOSTIC,     2, -5.189226238267e-01, 1.797693134862e+308, 1.5950e+00, 2.6118e-02, 
 2DIAGNOSTIC,     3, -5.196899327331e-01, 1.797693134862e+308, 1.6249e+00, 2.9904e-02, 
 2DIAGNOSTIC,     4, -5.204463662981e-01, 1.797693134862e+308, 1.6512e+00, 2.6278e-02, 
 2DIAGNOSTIC,     5, -5.209979485275e-01, 1.797693134862e+308, 1.6769e+00, 2.5718e-02, 
 2DIAGNOSTIC,     6, -5.216357744159e-01, 1.797693134862e+308, 1.7049e+00, 2.7981e-02, 
 2DIAGNOSTIC,     7, -5.233753714820e-01, 1.797693134862e+308, 1.7371e+00, 3.2152e-02, 
 2DIAGNOSTIC,     8, -5.241119131307e-01, 1.797693134862e+308, 1.7774e+00, 4.0328e-02, 
 2DIAGNOSTIC,     9, -5.247293428662e-01, 1.797693134862e+308, 1.8155e+00, 3.8072e-02, 
 2DIAGNOSTIC,    10, -5.250028240792e-01, 8.899807883194e-04, 1.8505e+00, 3.5076e-02, 
 2DIAGNOSTIC,    11, -5.254483050465e-01, 7.905532126738e-04, 1.8847e+00, 3.4161e-02, 
 2DIAGNOSTIC,    12, -5.277635691748e-01, 7.650652141818e-04, 1.9183e+00, 3.3589e-02, 
 2DIAGNOSTIC,    13, -5.283161391515e-01, 7.264279714223e-04, 1.9467e+00, 2.8431e-02, 
 2DIAGNOSTIC,    14, -5.288222940091e-01, 6.775650336927e-04, 1.9729e+00, 2.6203e-02, 
 2DIAGNOSTIC,    15, -5.289976643601e-01, 6.012605430281e-04, 1.9999e+00, 2.6979e-02, 
 2DIAGNOSTIC,    16, -5.298475150736e-01, 5.287513974916e-04, 2.0344e+00, 3.4453e-02, 
 2DIAGNOSTIC,    17, -5.313522113948e-01, 5.176188664316e-04, 2.0639e+00, 2.9516e-02, 
 2DIAGNOSTIC,    18, -5.317211904342e-01, 4.916461526894e-04, 2.0938e+00, 2.9893e-02, 
 2DIAGNOSTIC,    19, -5.322490381506e-01, 4.569576519541e-04, 2.1277e+00, 3.3893e-02, 
 2DIAGNOSTIC,    20, -5.323376747104e-01, 3.940989442059e-04, 2.1546e+00, 2.6944e-02, 
 2DIAGNOSTIC,    21, -5.325910093281e-01, 3.171261846586e-04, 2.1860e+00, 3.1358e-02, 
 2DIAGNOSTIC,    22, -5.334985683859e-01, 2.960182951596e-04, 2.2170e+00, 3.1060e-02, 
 2DIAGNOSTIC,    23, -5.343210816346e-01, 2.806741063039e-04, 2.2484e+00, 3.1415e-02, 
 2DIAGNOSTIC,    24, -5.358671467493e-01, 2.867781964911e-04, 2.2883e+00, 3.9841e-02, 
 2DIAGNOSTIC,    25, -5.371393748651e-01, 2.962512852880e-04, 2.3191e+00, 3.0797e-02, 
 2DIAGNOSTIC,    26, -5.416550737987e-01, 3.873590481836e-04, 2.3483e+00, 2.9258e-02, 
 2DIAGNOSTIC,    27, -5.440679030476e-01, 5.109419549147e-04, 2.3778e+00, 2.9471e-02, 
 2DIAGNOSTIC,    28, -5.458529526572e-01, 6.181440155796e-04, 2.4307e+00, 5.2917e-02, 
 2DIAGNOSTIC,    29, -5.459381150881e-01, 6.714684331653e-04, 2.4582e+00, 2.7446e-02, 
 2DIAGNOSTIC,    30, -5.464287596930e-01, 6.686974943589e-04, 2.4852e+00, 2.6998e-02, 
 2DIAGNOSTIC,    31, -5.469773203799e-01, 6.156839470795e-04, 2.5124e+00, 2.7223e-02, 
 2DIAGNOSTIC,    32, -5.474944245337e-01, 5.307358958527e-04, 2.5389e+00, 2.6554e-02, 
 2DIAGNOSTIC,    33, -5.480498056484e-01, 4.232654265973e-04, 2.5657e+00, 2.6709e-02, 
 2DIAGNOSTIC,    34, -5.484104900554e-01, 3.129102483545e-04, 2.5927e+00, 2.7026e-02, 
 2DIAGNOSTIC,    35, -5.488210047969e-01, 2.038907172296e-04, 2.6196e+00, 2.6881e-02, 
 2DIAGNOSTIC,    36, -5.502554971747e-01, 1.690298585279e-04, 2.6502e+00, 3.0647e-02, 
 2DIAGNOSTIC,    37, -5.507421495673e-01, 1.606149583263e-04, 2.6853e+00, 3.5051e-02, 
 2DIAGNOSTIC,    38, -5.511482267110e-01, 1.682624357674e-04, 2.7171e+00, 3.1842e-02, 
 2DIAGNOSTIC,    39, -5.522870434496e-01, 1.763556734973e-04, 2.7576e+00, 4.0542e-02, 
 2DIAGNOSTIC,    40, -5.523022879993e-01, 1.735726116899e-04, 2.7861e+00, 2.8457e-02, 
 2DIAGNOSTIC,    41, -5.531340802767e-01, 1.721858464894e-04, 2.8194e+00, 3.3289e-02, 
 2DIAGNOSTIC,    42, -5.534468257313e-01, 1.646718714102e-04, 2.8482e+00, 2.8842e-02, 
 2DIAGNOSTIC,    43, -5.536425476701e-01, 1.512029885636e-04, 2.8776e+00, 2.9348e-02, 
 2DIAGNOSTIC,    44, -5.544032023441e-01, 1.375347279020e-04, 2.9064e+00, 2.8831e-02, 
 2DIAGNOSTIC,    45, -5.562889328256e-01, 1.378065856105e-04, 2.9461e+00, 3.9734e-02, 
 2DIAGNOSTIC,    46, -5.565745358774e-01, 1.441781526018e-04, 2.9790e+00, 3.2852e-02, 
 2DIAGNOSTIC,    47, -5.567640829243e-01, 1.443688302679e-04, 3.0093e+00, 3.0286e-02, 
 2DIAGNOSTIC,    48, -5.572520361313e-01, 1.406554377673e-04, 3.0365e+00, 2.7260e-02, 
 2DIAGNOSTIC,    49, -5.593059683610e-01, 1.579063219394e-04, 3.0711e+00, 3.4584e-02, 
 2DIAGNOSTIC,    50, -5.615011215981e-01, 1.815806418731e-04, 3.1017e+00, 3.0592e-02, 
 2DIAGNOSTIC,    51, -5.637497621087e-01, 2.183528466342e-04, 3.1326e+00, 3.0904e-02, 
 2DIAGNOSTIC,    52, -5.665498695690e-01, 2.644819232601e-04, 3.1672e+00, 3.4550e-02, 
 2DIAGNOSTIC,    53, -5.667422841120e-01, 2.870551397910e-04, 3.1978e+00, 3.0630e-02, 
 2DIAGNOSTIC,    54, -5.668136350465e-01, 2.891006129161e-04, 3.2281e+00, 3.0307e-02, 
 2DIAGNOSTIC,    55, -5.668220236605e-01, 2.814008037285e-04, 3.2585e+00, 3.0434e-02, 
 2DIAGNOSTIC,    56, -5.668588815991e-01, 2.498745136118e-04, 3.2886e+00, 3.0062e-02, 
 2DIAGNOSTIC,    57, -5.668954372132e-01, 1.975556967890e-04, 3.3154e+00, 2.6771e-02, 
 2DIAGNOSTIC,    58, -5.669085029736e-01, 1.326272183142e-04, 3.3421e+00, 2.6701e-02, 
 2DIAGNOSTIC,    59, -5.670603818101e-01, 7.693018053925e-05, 3.3718e+00, 2.9698e-02, 
 2DIAGNOSTIC,    60, -5.671572533053e-01, 3.551231053022e-05, 3.3971e+00, 2.5275e-02, 
 2DIAGNOSTIC,    61, -5.672980745829e-01, 1.193078790335e-05, 3.4304e+00, 3.3396e-02, 
 2DIAGNOSTIC,    62, -5.673191551543e-01, 1.174129560215e-05, 3.4611e+00, 3.0689e-02, 
 2DIAGNOSTIC,    63, -5.673733378351e-01, 1.252427667716e-05, 3.4901e+00, 2.8929e-02, 
 2DIAGNOSTIC,    64, -5.672631701629e-01, 1.180166639145e-05, 3.5324e+00, 4.2307e-02, 
 2DIAGNOSTIC,    65, -5.672848606215e-01, 1.026506679023e-05, 3.5720e+00, 3.9633e-02, 
 2DIAGNOSTIC,    66, -5.672919958774e-01, 8.166365126374e-06, 3.6025e+00, 3.0527e-02, 
 2DIAGNOSTIC,    67, -5.672794503452e-01, 5.582551668472e-06, 3.6313e+00, 2.8740e-02, 
 2DIAGNOSTIC,    68, -5.672863362001e-01, 2.734760211953e-06, 3.6679e+00, 3.6657e-02, 
DIAGNOSTIC,Iteration,metricValue,convergenceValue,ITERATION_TIME_INDEX,SINCE_LAST
 2DIAGNOSTIC,     1, -5.013331660799e-01, 1.797693134862e+308, 4.7307e+00, 1.0628e+00, 
 2DIAGNOSTIC,     2, -5.016433670344e-01, 1.797693134862e+308, 4.9572e+00, 2.2651e-01, 
 2DIAGNOSTIC,     3, -5.019830876388e-01, 1.797693134862e+308, 5.1673e+00, 2.1007e-01, 
 2DIAGNOSTIC,     4, -5.021204295498e-01, 1.797693134862e+308, 5.3714e+00, 2.0407e-01, 
 2DIAGNOSTIC,     5, -5.021906778601e-01, 1.797693134862e+308, 5.5832e+00, 2.1182e-01, 
 2DIAGNOSTIC,     6, -5.022089491610e-01, 1.797693134862e+308, 5.7900e+00, 2.0682e-01, 
 2DIAGNOSTIC,     7, -5.022565994260e-01, 1.797693134862e+308, 6.0324e+00, 2.4237e-01, 
 2DIAGNOSTIC,     8, -5.022869901122e-01, 1.797693134862e+308, 6.2701e+00, 2.3775e-01, 
 2DIAGNOSTIC,     9, -5.023005237290e-01, 1.797693134862e+308, 6.4791e+00, 2.0894e-01, 
 2DIAGNOSTIC,    10, -5.023392432531e-01, 1.084792070676e-04, 6.7156e+00, 2.3653e-01, 
 2DIAGNOSTIC,    11, -5.023348254911e-01, 6.371109596484e-05, 6.9373e+00, 2.2169e-01, 
 2DIAGNOSTIC,    12, -5.023409265142e-01, 3.553877773094e-05, 7.2294e+00, 2.9211e-01, 
 2DIAGNOSTIC,    13, -5.023409664310e-01, 2.338972612656e-05, 7.4420e+00, 2.1264e-01, 
 2DIAGNOSTIC,    14, -5.023392987940e-01, 1.649908594192e-05, 7.6871e+00, 2.4508e-01, 
 2DIAGNOSTIC,    15, -5.023379716025e-01, 1.182959030055e-05, 7.9055e+00, 2.1835e-01, 
 2DIAGNOSTIC,    16, -5.023381759384e-01, 7.477035084358e-06, 8.1000e+00, 1.9452e-01, 
 2DIAGNOSTIC,    17, -5.023368813263e-01, 4.667646127408e-06, 8.3205e+00, 2.2052e-01, 
 2DIAGNOSTIC,    18, -5.023371373368e-01, 2.876024075782e-06, 8.5063e+00, 1.8576e-01, 
 2DIAGNOSTIC,    19, -5.023366199915e-01, 1.526751928785e-06, 8.6962e+00, 1.8998e-01, 
 2DIAGNOSTIC,    20, -5.023346635771e-01, 1.372839611907e-06, 8.9232e+00, 2.2691e-01, 
 2DIAGNOSTIC,    21, -5.023326418730e-01, 1.076562325300e-06, 9.1279e+00, 2.0472e-01, 
 2DIAGNOSTIC,    22, -5.023350455523e-01, 1.067019509193e-06, 9.3503e+00, 2.2247e-01, 
 2DIAGNOSTIC,    23, -5.023347809246e-01, 1.086111332295e-06, 9.5591e+00, 2.0878e-01, 
 2DIAGNOSTIC,    24, -5.023329927460e-01, 1.050890097332e-06, 9.7574e+00, 1.9827e-01, 
 2DIAGNOSTIC,    25, -5.023333665070e-01, 1.025254373746e-06, 9.9421e+00, 1.8465e-01, 
 2DIAGNOSTIC,    26, -5.023369600257e-01, 1.108119203501e-06, 1.0157e+01, 2.1502e-01, 
 2DIAGNOSTIC,    27, -5.023387610324e-01, 1.202050829513e-06, 1.0371e+01, 2.1432e-01, 
 2DIAGNOSTIC,    28, -5.023354575891e-01, 1.224610254348e-06, 1.0587e+01, 2.1557e-01, 
 2DIAGNOSTIC,    29, -5.023347348086e-01, 1.218448073277e-06, 1.0792e+01, 2.0545e-01, 
 2DIAGNOSTIC,    30, -5.023367805487e-01, 1.204410191837e-06, 1.0988e+01, 1.9539e-01, 
 2DIAGNOSTIC,    31, -5.023452255656e-01, 1.289587288657e-06, 1.1204e+01, 2.1654e-01, 
 2DIAGNOSTIC,    32, -5.023746731336e-01, 1.902969265749e-06, 1.1426e+01, 2.2156e-01, 
 2DIAGNOSTIC,    33, -5.023813403927e-01, 2.493483018298e-06, 1.1640e+01, 2.1448e-01, 
 2DIAGNOSTIC,    34, -5.023754987174e-01, 2.783415349279e-06, 1.1912e+01, 2.7162e-01, 
 2DIAGNOSTIC,    35, -5.023749958479e-01, 2.887672716761e-06, 1.2252e+01, 3.4024e-01, 
 2DIAGNOSTIC,    36, -5.023751087073e-01, 2.851333897207e-06, 1.2463e+01, 2.1097e-01, 
 2DIAGNOSTIC,    37, -5.023735763608e-01, 2.625580835088e-06, 1.2677e+01, 2.1367e-01, 
 2DIAGNOSTIC,    38, -5.023720918830e-01, 2.172535646185e-06, 1.2885e+01, 2.0841e-01, 
 2DIAGNOSTIC,    39, -5.023714100526e-01, 1.604152467190e-06, 1.3106e+01, 2.2052e-01, 
 2DIAGNOSTIC,    40, -5.023707551095e-01, 1.011913025425e-06, 1.3317e+01, 2.1089e-01, 
DIAGNOSTIC,Iteration,metricValue,convergenceValue,ITERATION_TIME_INDEX,SINCE_LAST
 2DIAGNOSTIC,     1, -4.668984439281e-01, 1.797693134862e+308, 1.5751e+01, 2.4346e+00, 
 2DIAGNOSTIC,     2, -4.669904274536e-01, 1.797693134862e+308, 1.7372e+01, 1.6207e+00, 
 2DIAGNOSTIC,     3, -4.669924368868e-01, 1.797693134862e+308, 1.8944e+01, 1.5722e+00, 
 2DIAGNOSTIC,     4, -4.669923361679e-01, 1.797693134862e+308, 2.0559e+01, 1.6145e+00, 
 2DIAGNOSTIC,     5, -4.669935725422e-01, 1.797693134862e+308, 2.2190e+01, 1.6310e+00, 
 2DIAGNOSTIC,     6, -4.669930565566e-01, 1.797693134862e+308, 2.4248e+01, 2.0579e+00, 
 2DIAGNOSTIC,     7, -4.669931317241e-01, 1.797693134862e+308, 2.6080e+01, 1.8328e+00, 
 2DIAGNOSTIC,     8, -4.669929751697e-01, 1.797693134862e+308, 2.7586e+01, 1.5059e+00, 
 2DIAGNOSTIC,     9, -4.669929914616e-01, 1.797693134862e+308, 2.8871e+01, 1.2843e+00, 
 2DIAGNOSTIC,    10, -4.669928372977e-01, 9.102652348505e-06, 3.0184e+01, 1.3133e+00, 
 2DIAGNOSTIC,    11, -4.669928850991e-01, 3.057921032432e-06, 3.1642e+01, 1.4586e+00, 
 2DIAGNOSTIC,    12, -4.669930576029e-01, 2.677630205755e-06, 3.3445e+01, 1.8022e+00, 
 2DIAGNOSTIC,    13, -4.669929895193e-01, 2.444541930061e-06, 3.4932e+01, 1.4870e+00, 
 2DIAGNOSTIC,    14, -4.669928401310e-01, 2.232588528869e-06, 3.6408e+01, 1.4768e+00, 
 2DIAGNOSTIC,    15, -4.669928726004e-01, 2.104874671505e-06, 3.7905e+01, 1.4968e+00, 
 2DIAGNOSTIC,    16, -4.669928055432e-01, 1.972075071577e-06, 3.9398e+01, 1.4931e+00, 
 2DIAGNOSTIC,    17, -4.669926576869e-01, 1.853748456862e-06, 4.0752e+01, 1.3537e+00, 
 2DIAGNOSTIC,    18, -4.669925346578e-01, 1.740845336530e-06, 4.2220e+01, 1.4681e+00, 
 2DIAGNOSTIC,    19, -4.669925876376e-01, 1.644847218013e-06, 4.3734e+01, 1.5135e+00, 
 2DIAGNOSTIC,    20, -4.669923493379e-01, 1.549067817908e-06, 4.5208e+01, 1.4748e+00, 
 2DIAGNOSTIC,    21, -4.669920346875e-01, 1.458503446093e-06, 4.6683e+01, 1.4745e+00, 
 2DIAGNOSTIC,    22, -4.669919037950e-01, 1.382878288422e-06, 4.8043e+01, 1.3605e+00, 
 2DIAGNOSTIC,    23, -4.669919939290e-01, 1.320365831135e-06, 4.9359e+01, 1.3155e+00, 
 2DIAGNOSTIC,    24, -4.669924198248e-01, 1.275621298209e-06, 5.0883e+01, 1.5238e+00, 
 2DIAGNOSTIC,    25, -4.669925348816e-01, 1.242478568961e-06, 5.2661e+01, 1.7785e+00, 
 2DIAGNOSTIC,    26, -4.669923998486e-01, 1.210288706623e-06, 5.4191e+01, 1.5303e+00, 
 2DIAGNOSTIC,    27, -4.669922748220e-01, 1.175923607377e-06, 5.5654e+01, 1.4627e+00, 
 2DIAGNOSTIC,    28, -4.669920704799e-01, 1.136926909638e-06, 5.7111e+01, 1.4571e+00, 
 2DIAGNOSTIC,    29, -4.669922214436e-01, 1.104716073327e-06, 5.8578e+01, 1.4671e+00, 
 2DIAGNOSTIC,    30, -4.669920205511e-01, 1.064944591199e-06, 6.0183e+01, 1.6049e+00, 
 2DIAGNOSTIC,    31, -4.669920500935e-01, 1.022065484566e-06, 6.1689e+01, 1.5061e+00, 
  Elapsed time (stage 0): 6.2496e+01


Total elapsed time: 6.2499e+01
Info [verificarlo]: loaded backend libinterflop_ieee.so
Info [interflop-ieee]: load backend with:
Info [interflop-ieee]: debug = false
Info [interflop-ieee]: debug-binary = false
Info [interflop-ieee]: no-backend-name = false
Info [interflop-ieee]: print-new-line = false
Info [interflop-ieee]: print-subnormal-normalized = false
Info [interflop-ieee]: count-op = false
All_Command_lines_OK
Using double precision for computations.
=============================================================================
The composite transform comprises the following transforms (in order): 
  1. /home/mdugre/scratch/mri-registration-rp/datasets/ds004513/derivatives/mri-registration-rp/0001/antsRegistration-r7-p20/sub-s032/rigid_Composite.h5[0] (type = Euler3DTransform)
  2. /home/mdugre/scratch/mri-registration-rp/datasets/ds004513/derivatives/mri-registration-rp/0001/antsRegistration-r7-p20/sub-s032/rigid_Composite.h5[1] (type = Euler3DTransform)
  3. /home/mdugre/scratch/mri-registration-rp/datasets/ds004513/derivatives/mri-registration-rp/0001/antsRegistration-r7-p20/sub-s032/rigid_Composite.h5[2] (type = Euler3DTransform)
=============================================================================
  number of levels = 4
  fixed image: /templateflow/tpl-MNI152NLin2009cAsym/tpl-MNI152NLin2009cAsym_res-01_desc-brain_T1w.nii.gz
  moving image: /home/mdugre/scratch/mri-registration-rp/datasets/ds004513/derivatives/mri-registration-rp/antsBrainExtraction/sub-s032/BrainExtractionBrain.nii.gz
Dimension = 3
Number of stages = 1
Use histogram matching = false
Winsorize image intensities = true
  Lower quantile = 0.005
  Upper quantile = 0.995


Stage 1 State
   Image metric = MattesMI
     Fixed image = Image (0x449d7e0)
  RTTI typeinfo:   itk::Image<double, 3u>
  Reference Count: 2
  Modified Time: 1592
  Debug: Off
  Object Name: 
  Observers: 
    none
  Source: (none)
  Source output name: (none)
  Release Data: Off
  Data Released: False
  Global Release Data: Off
  PipelineMTime: 0
  UpdateMTime: 1203
  RealTimeStamp: 0 seconds 
  LargestPossibleRegion: 
    Dimension: 3
    Index: [0, 0, 0]
    Size: [193, 229, 193]
  BufferedRegion: 
    Dimension: 3
    Index: [0, 0, 0]
    Size: [193, 229, 193]
  RequestedRegion: 
    Dimension: 3
    Index: [0, 0, 0]
    Size: [193, 229, 193]
  Spacing: [1, 1, 1]
  Origin: [96, 132, -78]
  Direction: 
-1 0 0
0 -1 0
0 0 1

  IndexToPointMatrix: 
-1 0 0
0 -1 0
0 0 1

  PointToIndexMatrix: 
-1 0 0
0 -1 0
0 0 1

  Inverse Direction: 
-1 0 0
0 -1 0
0 0 1

  PixelContainer: 
    ImportImageContainer (0x455da20)
      RTTI typeinfo:   itk::ImportImageContainer<unsigned long, double>
      Reference Count: 1
      Modified Time: 1200
      Debug: Off
      Object Name: 
      Observers: 
        none
      Pointer: 0x14a0c916d010
      Container manages memory: true
      Size: 8530021
      Capacity: 8530021

     Moving image = Image (0x4558d70)
  RTTI typeinfo:   itk::Image<double, 3u>
  Reference Count: 2
  Modified Time: 1593
  Debug: Off
  Object Name: 
  Observers: 
    none
  Source: (none)
  Source output name: (none)
  Release Data: Off
  Data Released: False
  Global Release Data: Off
  PipelineMTime: 0
  UpdateMTime: 1590
  RealTimeStamp: 0 seconds 
  LargestPossibleRegion: 
    Dimension: 3
    Index: [0, 0, 0]
    Size: [160, 240, 256]
  BufferedRegion: 
    Dimension: 3
    Index: [0, 0, 0]
    Size: [160, 240, 256]
  RequestedRegion: 
    Dimension: 3
    Index: [0, 0, 0]
    Size: [160, 240, 256]
  Spacing: [1, 1, 1]
  Origin: [73.279, 104.707, -131.187]
  Direction: 
-0.997527 0.0645574 -0.0278053
-0.0645323 -0.997914 -0.00179875
-0.0278634 4.01097e-08 0.999612

  IndexToPointMatrix: 
-0.997527 0.0645574 -0.0278053
-0.0645323 -0.997914 -0.00179875
-0.0278634 4.01097e-08 0.999612

  PointToIndexMatrix: 
-0.997527 -0.0645323 -0.0278634
0.0645574 -0.997914 4.01049e-08
-0.0278053 -0.00179875 0.999612

  Inverse Direction: 
-0.997527 -0.0645323 -0.0278634
0.0645574 -0.997914 4.01049e-08
-0.0278053 -0.00179875 0.999612

  PixelContainer: 
    ImportImageContainer (0x4510c90)
      RTTI typeinfo:   itk::ImportImageContainer<unsigned long, double>
      Reference Count: 1
      Modified Time: 1587
      Debug: Off
      Object Name: 
      Observers: 
        none
      Pointer: 0x14a0c466c010
      Container manages memory: true
      Size: 9830400
      Capacity: 9830400

     Weighting = 1
     Sampling strategy = regular
     Number of bins = 32
     Radius = 4
     Sampling percentage  = 0.25
   Transform = Affine
     Gradient step = 0.1
     Update field sigma (voxel space) = 0
     Total field sigma (voxel space) = 0
     Update field time sigma = 0
     Total field time sigma  = 0
     Number of time indices = 0
     Number of time point samples = 0
Registration using 1 total stages.

Stage 0
  iterations = 1000x500x250x100
  convergence threshold = 1e-06
  convergence window size = 10
  number of levels = 4
  using the Mattes MI metric (number of bins = 32, weight = 1, use gradient filter = 0)
  preprocessing:  winsorizing the image intensities
  Shrink factors (level 1 out of 4): [8, 8, 8]
  Shrink factors (level 2 out of 4): [4, 4, 4]
  Shrink factors (level 3 out of 4): [2, 2, 2]
  Shrink factors (level 4 out of 4): [1, 1, 1]
  smoothing sigmas per level: [3, 2, 1, 0]
  regular sampling (percentage = 0.25)

*** Running AffineTransform registration ***

DIAGNOSTIC,Iteration,metricValue,convergenceValue,ITERATION_TIME_INDEX,SINCE_LAST
 2DIAGNOSTIC,     1, -6.839061963637e-01, 1.797693134862e+308, 6.5082e-01, 6.5082e-01, 
 2DIAGNOSTIC,     2, -6.858224648576e-01, 1.797693134862e+308, 6.5604e-01, 5.2221e-03, 
 2DIAGNOSTIC,     3, -6.888747193466e-01, 1.797693134862e+308, 6.6059e-01, 4.5481e-03, 
 2DIAGNOSTIC,     4, -6.932245193445e-01, 1.797693134862e+308, 6.6555e-01, 4.9629e-03, 
 2DIAGNOSTIC,     5, -7.045578193442e-01, 1.797693134862e+308, 6.7006e-01, 4.5121e-03, 
 2DIAGNOSTIC,     6, -7.163013745880e-01, 1.797693134862e+308, 6.7487e-01, 4.8048e-03, 
 2DIAGNOSTIC,     7, -7.226191287379e-01, 1.797693134862e+308, 6.8040e-01, 5.5339e-03, 
 2DIAGNOSTIC,     8, -7.236734710311e-01, 1.797693134862e+308, 6.8575e-01, 5.3511e-03, 
 2DIAGNOSTIC,     9, -7.246501008735e-01, 1.797693134862e+308, 6.9014e-01, 4.3931e-03, 
 2DIAGNOSTIC,    10, -7.266029174703e-01, 4.694803944142e-03, 6.9554e-01, 5.3999e-03, 
 2DIAGNOSTIC,    11, -7.279077947692e-01, 3.905447667795e-03, 7.0000e-01, 4.4549e-03, 
 2DIAGNOSTIC,    12, -7.288995839772e-01, 2.998235372028e-03, 7.0494e-01, 4.9381e-03, 
 2DIAGNOSTIC,    13, -7.301323094977e-01, 2.100714256533e-03, 7.0947e-01, 4.5350e-03, 
 2DIAGNOSTIC,    14, -7.309473963745e-01, 1.287924124866e-03, 7.1450e-01, 5.0321e-03, 
 2DIAGNOSTIC,    15, -7.332579075264e-01, 8.230357307198e-04, 7.2055e-01, 6.0482e-03, 
 2DIAGNOSTIC,    16, -7.351216012504e-01, 6.745185868000e-04, 7.2880e-01, 8.2500e-03, 
 2DIAGNOSTIC,    17, -7.350932733910e-01, 6.281348705139e-04, 7.3316e-01, 4.3612e-03, 
 2DIAGNOSTIC,    18, -7.353296861658e-01, 5.587270341563e-04, 7.3778e-01, 4.6151e-03, 
 2DIAGNOSTIC,    19, -7.357945170808e-01, 4.746363318550e-04, 7.4226e-01, 4.4820e-03, 
 2DIAGNOSTIC,    20, -7.364275830643e-01, 4.049796020131e-04, 7.4667e-01, 4.4100e-03, 
 2DIAGNOSTIC,    21, -7.371088105274e-01, 3.409260702165e-04, 7.5105e-01, 4.3840e-03, 
 2DIAGNOSTIC,    22, -7.380895691338e-01, 2.864745371561e-04, 7.5549e-01, 4.4379e-03, 
 2DIAGNOSTIC,    23, -7.391570576536e-01, 2.498964650414e-04, 7.5996e-01, 4.4708e-03, 
 2DIAGNOSTIC,    24, -7.401558685343e-01, 2.218283638549e-04, 7.6696e-01, 6.9990e-03, 
 2DIAGNOSTIC,    25, -7.404501287323e-01, 2.152686470135e-04, 7.7184e-01, 4.8759e-03, 
 2DIAGNOSTIC,    26, -7.404986637387e-01, 2.181945252470e-04, 7.7677e-01, 4.9322e-03, 
 2DIAGNOSTIC,    27, -7.404406697348e-01, 1.992934180807e-04, 7.8125e-01, 4.4820e-03, 
 2DIAGNOSTIC,    28, -7.403909698379e-01, 1.655306830667e-04, 7.8563e-01, 4.3821e-03, 
 2DIAGNOSTIC,    29, -7.404429818611e-01, 1.254113285818e-04, 7.9001e-01, 4.3759e-03, 
 2DIAGNOSTIC,    30, -7.403872933854e-01, 8.377282980328e-05, 7.9462e-01, 4.6070e-03, 
 2DIAGNOSTIC,    31, -7.404259477095e-01, 4.613501397285e-05, 8.0007e-01, 5.4579e-03, 
 2DIAGNOSTIC,    32, -7.406446140390e-01, 2.109847417543e-05, 8.0510e-01, 5.0249e-03, 
 2DIAGNOSTIC,    33, -7.404684396060e-01, 5.892457095986e-06, 8.0949e-01, 4.3921e-03, 
 2DIAGNOSTIC,    34, -7.404902417244e-01, 2.834717053354e-06, 8.1492e-01, 5.4240e-03, 
 2DIAGNOSTIC,    35, -7.404015857852e-01, 2.050873071625e-06, 8.2011e-01, 5.1980e-03, 
 2DIAGNOSTIC,    36, -7.404046040771e-01, 1.768725673063e-06, 8.2466e-01, 4.5500e-03, 
DIAGNOSTIC,Iteration,metricValue,convergenceValue,ITERATION_TIME_INDEX,SINCE_LAST
 2DIAGNOSTIC,     1, -5.957081355431e-01, 1.797693134862e+308, 1.5562e+00, 7.3149e-01, 
 2DIAGNOSTIC,     2, -5.961868671711e-01, 1.797693134862e+308, 1.5893e+00, 3.3153e-02, 
 2DIAGNOSTIC,     3, -5.967786614536e-01, 1.797693134862e+308, 1.6245e+00, 3.5174e-02, 
 2DIAGNOSTIC,     4, -5.974065527826e-01, 1.797693134862e+308, 1.6571e+00, 3.2645e-02, 
 2DIAGNOSTIC,     5, -5.979398826606e-01, 1.797693134862e+308, 1.6939e+00, 3.6765e-02, 
 2DIAGNOSTIC,     6, -5.980058534922e-01, 1.797693134862e+308, 1.7247e+00, 3.0839e-02, 
 2DIAGNOSTIC,     7, -5.981496503322e-01, 1.797693134862e+308, 1.7568e+00, 3.2095e-02, 
 2DIAGNOSTIC,     8, -5.988741454357e-01, 1.797693134862e+308, 1.7900e+00, 3.3148e-02, 
 2DIAGNOSTIC,     9, -6.001770511620e-01, 1.797693134862e+308, 1.8311e+00, 4.1140e-02, 
 2DIAGNOSTIC,    10, -6.003591460241e-01, 4.768595035184e-04, 1.8632e+00, 3.2059e-02, 
 2DIAGNOSTIC,    11, -6.008605968607e-01, 4.437287340846e-04, 1.8937e+00, 3.0489e-02, 
 2DIAGNOSTIC,    12, -6.026737257672e-01, 4.673309558341e-04, 1.9373e+00, 4.3610e-02, 
 2DIAGNOSTIC,    13, -6.035087172098e-01, 4.947823565197e-04, 1.9735e+00, 3.6186e-02, 
 2DIAGNOSTIC,    14, -6.035353711276e-01, 4.946987674933e-04, 2.0056e+00, 3.2150e-02, 
 2DIAGNOSTIC,    15, -6.042064195577e-01, 4.889997973998e-04, 2.0367e+00, 3.1118e-02, 
 2DIAGNOSTIC,    16, -6.053427856484e-01, 4.750734184936e-04, 2.0686e+00, 3.1859e-02, 
 2DIAGNOSTIC,    17, -6.061027146284e-01, 4.426874503372e-04, 2.1208e+00, 5.2211e-02, 
 2DIAGNOSTIC,    18, -6.061552877178e-01, 3.924716153200e-04, 2.1639e+00, 4.3076e-02, 
 2DIAGNOSTIC,    19, -6.061501529600e-01, 3.449597035651e-04, 2.2142e+00, 5.0292e-02, 
 2DIAGNOSTIC,    20, -6.061518646399e-01, 2.751368211186e-04, 2.2479e+00, 3.3748e-02, 
 2DIAGNOSTIC,    21, -6.061440204535e-01, 1.961818960622e-04, 2.2846e+00, 3.6736e-02, 
 2DIAGNOSTIC,    22, -6.061260435707e-01, 1.441948688735e-04, 2.3156e+00, 3.0969e-02, 
 2DIAGNOSTIC,    23, -6.061183534022e-01, 1.008593948128e-04, 2.3472e+00, 3.1617e-02, 
 2DIAGNOSTIC,    24, -6.061023692974e-01, 5.217848052980e-05, 2.3821e+00, 3.4888e-02, 
 2DIAGNOSTIC,    25, -6.060859791726e-01, 1.457871580601e-05, 2.4139e+00, 3.1782e-02, 
DIAGNOSTIC,Iteration,metricValue,convergenceValue,ITERATION_TIME_INDEX,SINCE_LAST
 2DIAGNOSTIC,     1, -5.412078319534e-01, 1.797693134862e+308, 3.5406e+00, 1.1267e+00, 
 2DIAGNOSTIC,     2, -5.416062377301e-01, 1.797693134862e+308, 3.8165e+00, 2.7593e-01, 
 2DIAGNOSTIC,     3, -5.419953894320e-01, 1.797693134862e+308, 4.0438e+00, 2.2726e-01, 
 2DIAGNOSTIC,     4, -5.424014833765e-01, 1.797693134862e+308, 4.3043e+00, 2.6049e-01, 
 2DIAGNOSTIC,     5, -5.428002782108e-01, 1.797693134862e+308, 4.5813e+00, 2.7700e-01, 
 2DIAGNOSTIC,     6, -5.436470993743e-01, 1.797693134862e+308, 4.9401e+00, 3.5886e-01, 
 2DIAGNOSTIC,     7, -5.436537544049e-01, 1.797693134862e+308, 5.1787e+00, 2.3856e-01, 
 2DIAGNOSTIC,     8, -5.437005604083e-01, 1.797693134862e+308, 5.4317e+00, 2.5296e-01, 
 2DIAGNOSTIC,     9, -5.438212457512e-01, 1.797693134862e+308, 5.7787e+00, 3.4699e-01, 
 2DIAGNOSTIC,    10, -5.438456111162e-01, 3.431966201383e-04, 6.0086e+00, 2.2991e-01, 
 2DIAGNOSTIC,    11, -5.440000569226e-01, 2.612032245667e-04, 6.2363e+00, 2.2775e-01, 
 2DIAGNOSTIC,    12, -5.442114853124e-01, 1.960967783178e-04, 6.4569e+00, 2.2062e-01, 
 2DIAGNOSTIC,    13, -5.444828760782e-01, 1.502207002518e-04, 6.6884e+00, 2.3148e-01, 
 2DIAGNOSTIC,    14, -5.450658689809e-01, 1.342132610303e-04, 6.9398e+00, 2.5141e-01, 
 2DIAGNOSTIC,    15, -5.453977910569e-01, 1.325604727490e-04, 7.2685e+00, 3.2869e-01, 
 2DIAGNOSTIC,    16, -5.453805857968e-01, 1.462935502751e-04, 7.7788e+00, 5.1024e-01, 
 2DIAGNOSTIC,    17, -5.453871207569e-01, 1.458165686488e-04, 8.0688e+00, 2.9002e-01, 
 2DIAGNOSTIC,    18, -5.453885253490e-01, 1.334046502968e-04, 8.3352e+00, 2.6639e-01, 
 2DIAGNOSTIC,    19, -5.453872365810e-01, 1.131780794553e-04, 8.6034e+00, 2.6822e-01, 
 2DIAGNOSTIC,    20, -5.453869420943e-01, 8.511775923392e-05, 8.8532e+00, 2.4979e-01, 
 2DIAGNOSTIC,    21, -5.453864408613e-01, 5.592973934983e-05, 9.1511e+00, 2.9795e-01, 
 2DIAGNOSTIC,    22, -5.453858607636e-01, 2.943755364627e-05, 9.4112e+00, 2.6007e-01, 
 2DIAGNOSTIC,    23, -5.453851315929e-01, 8.486599170812e-06, 9.7069e+00, 2.9573e-01, 
