
##########################
# Experiment information #
##########################

EXPERIMENT_NAME: antsRegistration-r8-p13
VFC_BACKENDS: libinterflop_vprec.so --range-binary32=8 --precision-binary32=13 --range-binary64=8 --precision-binary64=13

SIF_IMG: /home/mdugre/projects/rrg-glatard/mdugre/containers/ants-vprec-no_metrics.simg

SUBJECT_ID: s032
INPUT_IMG: /home/mdugre/scratch/mri-registration-rp/datasets/ds004513/derivatives/mri-registration-rp/antsBrainExtraction/sub-s032/BrainExtractionBrain.nii.gz
OUTPUT_DIR: /home/mdugre/scratch/mri-registration-rp/datasets/ds004513/derivatives/mri-registration-rp/0001/antsRegistration-r8-p13/sub-s032

FIXED_IMG: /templateflow/tpl-MNI152NLin2009cAsym/tpl-MNI152NLin2009cAsym_res-01_desc-brain_T1w.nii.gz
DATA_DIR: /home/mdugre/scratch/mri-registration-rp/datasets/ds004513
TEMPLATEFLOW_DIR: /home/mdugre/projects/rrg-glatard/mdugre/templateflow
ITK_GLOBAL_DEFAULT_NUMBER_OF_THREADS: 16
##########################

Info [verificarlo]: loaded backend libinterflop_ieee.so
Info [interflop-ieee]: load backend with:
Info [interflop-ieee]: debug = false
Info [interflop-ieee]: debug-binary = false
Info [interflop-ieee]: no-backend-name = false
Info [interflop-ieee]: print-new-line = false
Info [interflop-ieee]: print-subnormal-normalized = false
Info [interflop-ieee]: count-op = false
All_Command_lines_OK
Using double precision for computations.
=============================================================================
The composite transform comprises the following transforms (in order): 
  1. Center of mass alignment using fixed image: /templateflow/tpl-MNI152NLin2009cAsym/tpl-MNI152NLin2009cAsym_res-01_desc-brain_T1w.nii.gz and moving image: /home/mdugre/scratch/mri-registration-rp/datasets/ds004513/derivatives/mri-registration-rp/antsBrainExtraction/sub-s032/BrainExtractionBrain.nii.gz (type = Euler3DTransform)
=============================================================================
  number of levels = 1
  fixed image: /templateflow/tpl-MNI152NLin2009cAsym/tpl-MNI152NLin2009cAsym_res-01_desc-brain_T1w.nii.gz
  moving image: /home/mdugre/scratch/mri-registration-rp/datasets/ds004513/derivatives/mri-registration-rp/antsBrainExtraction/sub-s032/BrainExtractionBrain.nii.gz
Dimension = 3
Number of stages = 1
Use histogram matching = false
Winsorize image intensities = true
  Lower quantile = 0.005
  Upper quantile = 0.995


Stage 1 State
   Image metric = MattesMI
     Fixed image = Image (0x4291e70)
  RTTI typeinfo:   itk::Image<double, 3u>
  Reference Count: 2
  Modified Time: 2330
  Debug: Off
  Object Name: 
  Observers: 
    none
  Source: (none)
  Source output name: (none)
  Release Data: Off
  Data Released: False
  Global Release Data: Off
  PipelineMTime: 0
  UpdateMTime: 1941
  RealTimeStamp: 0 seconds 
  LargestPossibleRegion: 
    Dimension: 3
    Index: [0, 0, 0]
    Size: [193, 229, 193]
  BufferedRegion: 
    Dimension: 3
    Index: [0, 0, 0]
    Size: [193, 229, 193]
  RequestedRegion: 
    Dimension: 3
    Index: [0, 0, 0]
    Size: [193, 229, 193]
  Spacing: [1, 1, 1]
  Origin: [96, 132, -78]
  Direction: 
-1 0 0
0 -1 0
0 0 1

  IndexToPointMatrix: 
-1 0 0
0 -1 0
0 0 1

  PointToIndexMatrix: 
-1 0 0
0 -1 0
0 0 1

  Inverse Direction: 
-1 0 0
0 -1 0
0 0 1

  PixelContainer: 
    ImportImageContainer (0x429ac60)
      RTTI typeinfo:   itk::ImportImageContainer<unsigned long, double>
      Reference Count: 1
      Modified Time: 1938
      Debug: Off
      Object Name: 
      Observers: 
        none
      Pointer: 0x14b133230010
      Container manages memory: true
      Size: 8530021
      Capacity: 8530021

     Moving image = Image (0x432eec0)
  RTTI typeinfo:   itk::Image<double, 3u>
  Reference Count: 2
  Modified Time: 2331
  Debug: Off
  Object Name: 
  Observers: 
    none
  Source: (none)
  Source output name: (none)
  Release Data: Off
  Data Released: False
  Global Release Data: Off
  PipelineMTime: 0
  UpdateMTime: 2328
  RealTimeStamp: 0 seconds 
  LargestPossibleRegion: 
    Dimension: 3
    Index: [0, 0, 0]
    Size: [160, 240, 256]
  BufferedRegion: 
    Dimension: 3
    Index: [0, 0, 0]
    Size: [160, 240, 256]
  RequestedRegion: 
    Dimension: 3
    Index: [0, 0, 0]
    Size: [160, 240, 256]
  Spacing: [1, 1, 1]
  Origin: [73.279, 104.707, -131.187]
  Direction: 
-0.997527 0.0645574 -0.0278053
-0.0645323 -0.997914 -0.00179875
-0.0278634 4.01097e-08 0.999612

  IndexToPointMatrix: 
-0.997527 0.0645574 -0.0278053
-0.0645323 -0.997914 -0.00179875
-0.0278634 4.01097e-08 0.999612

  PointToIndexMatrix: 
-0.997527 -0.0645323 -0.0278634
0.0645574 -0.997914 4.01049e-08
-0.0278053 -0.00179875 0.999612

  Inverse Direction: 
-0.997527 -0.0645323 -0.0278634
0.0645574 -0.997914 4.01049e-08
-0.0278053 -0.00179875 0.999612

  PixelContainer: 
    ImportImageContainer (0x43c6610)
      RTTI typeinfo:   itk::ImportImageContainer<unsigned long, double>
      Reference Count: 1
      Modified Time: 2325
      Debug: Off
      Object Name: 
      Observers: 
        none
      Pointer: 0x14b12e72f010
      Container manages memory: true
      Size: 9830400
      Capacity: 9830400

     Weighting = 1
     Sampling strategy = regular
     Number of bins = 32
     Radius = 4
     Sampling percentage  = 0.25
   Transform = Rigid
     Gradient step = 0.1
     Update field sigma (voxel space) = 0
     Total field sigma (voxel space) = 0
     Update field time sigma = 0
     Total field time sigma  = 0
     Number of time indices = 0
     Number of time point samples = 0
Registration using 1 total stages.

Stage 0
  iterations = 0
  convergence threshold = 1e-06
  convergence window size = 10
  number of levels = 1
  using the Mattes MI metric (number of bins = 32, weight = 1, use gradient filter = 0)
  preprocessing:  winsorizing the image intensities
  Shrink factors (level 1 out of 1): [1, 1, 1]
  smoothing sigmas per level: [0]
  regular sampling (percentage = 0.25)

*** Running Euler3DTransform registration ***

  Elapsed time (stage 0): 1.13328


Total elapsed time: 1.13829
Info [verificarlo]: loaded backend libinterflop_ieee.so
Info [interflop-ieee]: load backend with:
Info [interflop-ieee]: debug = false
Info [interflop-ieee]: debug-binary = false
Info [interflop-ieee]: no-backend-name = false
Info [interflop-ieee]: print-new-line = false
Info [interflop-ieee]: print-subnormal-normalized = false
Info [interflop-ieee]: count-op = false
All_Command_lines_OK
Using double precision for computations.
=============================================================================
The composite transform comprises the following transforms (in order): 
  1. /home/mdugre/scratch/mri-registration-rp/datasets/ds004513/derivatives/mri-registration-rp/0001/antsRegistration-r8-p13/sub-s032/align_Composite.h5[0] (type = Euler3DTransform)
  2. /home/mdugre/scratch/mri-registration-rp/datasets/ds004513/derivatives/mri-registration-rp/0001/antsRegistration-r8-p13/sub-s032/align_Composite.h5[1] (type = Euler3DTransform)
=============================================================================
  number of levels = 4
  fixed image: /templateflow/tpl-MNI152NLin2009cAsym/tpl-MNI152NLin2009cAsym_res-01_desc-brain_T1w.nii.gz
  moving image: /home/mdugre/scratch/mri-registration-rp/datasets/ds004513/derivatives/mri-registration-rp/antsBrainExtraction/sub-s032/BrainExtractionBrain.nii.gz
Dimension = 3
Number of stages = 1
Use histogram matching = false
Winsorize image intensities = true
  Lower quantile = 0.005
  Upper quantile = 0.995


Stage 1 State
   Image metric = MattesMI
     Fixed image = Image (0x3e15530)
  RTTI typeinfo:   itk::Image<double, 3u>
  Reference Count: 2
  Modified Time: 1578
  Debug: Off
  Object Name: 
  Observers: 
    none
  Source: (none)
  Source output name: (none)
  Release Data: Off
  Data Released: False
  Global Release Data: Off
  PipelineMTime: 0
  UpdateMTime: 1189
  RealTimeStamp: 0 seconds 
  LargestPossibleRegion: 
    Dimension: 3
    Index: [0, 0, 0]
    Size: [193, 229, 193]
  BufferedRegion: 
    Dimension: 3
    Index: [0, 0, 0]
    Size: [193, 229, 193]
  RequestedRegion: 
    Dimension: 3
    Index: [0, 0, 0]
    Size: [193, 229, 193]
  Spacing: [1, 1, 1]
  Origin: [96, 132, -78]
  Direction: 
-1 0 0
0 -1 0
0 0 1

  IndexToPointMatrix: 
-1 0 0
0 -1 0
0 0 1

  PointToIndexMatrix: 
-1 0 0
0 -1 0
0 0 1

  Inverse Direction: 
-1 0 0
0 -1 0
0 0 1

  PixelContainer: 
    ImportImageContainer (0x3ed3d60)
      RTTI typeinfo:   itk::ImportImageContainer<unsigned long, double>
      Reference Count: 1
      Modified Time: 1186
      Debug: Off
      Object Name: 
      Observers: 
        none
      Pointer: 0x152b59ed1010
      Container manages memory: true
      Size: 8530021
      Capacity: 8530021

     Moving image = Image (0x3ec5f60)
  RTTI typeinfo:   itk::Image<double, 3u>
  Reference Count: 2
  Modified Time: 1579
  Debug: Off
  Object Name: 
  Observers: 
    none
  Source: (none)
  Source output name: (none)
  Release Data: Off
  Data Released: False
  Global Release Data: Off
  PipelineMTime: 0
  UpdateMTime: 1576
  RealTimeStamp: 0 seconds 
  LargestPossibleRegion: 
    Dimension: 3
    Index: [0, 0, 0]
    Size: [160, 240, 256]
  BufferedRegion: 
    Dimension: 3
    Index: [0, 0, 0]
    Size: [160, 240, 256]
  RequestedRegion: 
    Dimension: 3
    Index: [0, 0, 0]
    Size: [160, 240, 256]
  Spacing: [1, 1, 1]
  Origin: [73.279, 104.707, -131.187]
  Direction: 
-0.997527 0.0645574 -0.0278053
-0.0645323 -0.997914 -0.00179875
-0.0278634 4.01097e-08 0.999612

  IndexToPointMatrix: 
-0.997527 0.0645574 -0.0278053
-0.0645323 -0.997914 -0.00179875
-0.0278634 4.01097e-08 0.999612

  PointToIndexMatrix: 
-0.997527 -0.0645323 -0.0278634
0.0645574 -0.997914 4.01049e-08
-0.0278053 -0.00179875 0.999612

  Inverse Direction: 
-0.997527 -0.0645323 -0.0278634
0.0645574 -0.997914 4.01049e-08
-0.0278053 -0.00179875 0.999612

  PixelContainer: 
    ImportImageContainer (0x3eb76d0)
      RTTI typeinfo:   itk::ImportImageContainer<unsigned long, double>
      Reference Count: 1
      Modified Time: 1573
      Debug: Off
      Object Name: 
      Observers: 
        none
      Pointer: 0x152b553d0010
      Container manages memory: true
      Size: 9830400
      Capacity: 9830400

     Weighting = 1
     Sampling strategy = regular
     Number of bins = 32
     Radius = 4
     Sampling percentage  = 0.25
   Transform = Rigid
     Gradient step = 0.1
     Update field sigma (voxel space) = 0
     Total field sigma (voxel space) = 0
     Update field time sigma = 0
     Total field time sigma  = 0
     Number of time indices = 0
     Number of time point samples = 0
Registration using 1 total stages.

Stage 0
  iterations = 1000x500x250x100
  convergence threshold = 1e-06
  convergence window size = 10
  number of levels = 4
  using the Mattes MI metric (number of bins = 32, weight = 1, use gradient filter = 0)
  preprocessing:  winsorizing the image intensities
  Shrink factors (level 1 out of 4): [8, 8, 8]
  Shrink factors (level 2 out of 4): [4, 4, 4]
  Shrink factors (level 3 out of 4): [2, 2, 2]
  Shrink factors (level 4 out of 4): [1, 1, 1]
  smoothing sigmas per level: [3, 2, 1, 0]
  regular sampling (percentage = 0.25)

*** Running Euler3DTransform registration ***

DIAGNOSTIC,Iteration,metricValue,convergenceValue,ITERATION_TIME_INDEX,SINCE_LAST
 2DIAGNOSTIC,     1, -5.480496989617e-01, 1.797693134862e+308, 8.6809e-01, 8.6809e-01, 
 2DIAGNOSTIC,     2, -5.506811078454e-01, 1.797693134862e+308, 8.7343e-01, 5.3370e-03, 
 2DIAGNOSTIC,     3, -5.546514955662e-01, 1.797693134862e+308, 8.7874e-01, 5.3110e-03, 
 2DIAGNOSTIC,     4, -5.606863537750e-01, 1.797693134862e+308, 8.8359e-01, 4.8511e-03, 
 2DIAGNOSTIC,     5, -5.693661845193e-01, 1.797693134862e+308, 8.8902e-01, 5.4300e-03, 
 2DIAGNOSTIC,     6, -5.854078830086e-01, 1.797693134862e+308, 8.9437e-01, 5.3501e-03, 
 2DIAGNOSTIC,     7, -6.232769732918e-01, 1.797693134862e+308, 8.9943e-01, 5.0569e-03, 
 2DIAGNOSTIC,     8, -6.297683730473e-01, 1.797693134862e+308, 9.0476e-01, 5.3310e-03, 
 2DIAGNOSTIC,     9, -6.366738733405e-01, 1.797693134862e+308, 9.1319e-01, 8.4281e-03, 
 2DIAGNOSTIC,    10, -6.375630690827e-01, 1.201760866083e-02, 9.1781e-01, 4.6251e-03, 
 2DIAGNOSTIC,    11, -6.405337628679e-01, 1.087684809450e-02, 9.2252e-01, 4.7069e-03, 
 2DIAGNOSTIC,    12, -6.435528997438e-01, 9.167753354490e-03, 9.2778e-01, 5.2590e-03, 
 2DIAGNOSTIC,    13, -6.444720921444e-01, 7.089498731847e-03, 9.3243e-01, 4.6461e-03, 
 2DIAGNOSTIC,    14, -6.463616611293e-01, 4.967892496988e-03, 9.3797e-01, 5.5411e-03, 
 2DIAGNOSTIC,    15, -6.484646963404e-01, 3.033020789043e-03, 9.4709e-01, 9.1269e-03, 
 2DIAGNOSTIC,    16, -6.486009987994e-01, 1.520386367320e-03, 9.5183e-01, 4.7400e-03, 
 2DIAGNOSTIC,    17, -6.493699344760e-01, 1.108203205204e-03, 9.5666e-01, 4.8249e-03, 
 2DIAGNOSTIC,    18, -6.514578195065e-01, 8.586162135987e-04, 9.6136e-01, 4.6980e-03, 
 2DIAGNOSTIC,    19, -6.526592717406e-01, 7.533650369803e-04, 9.6644e-01, 5.0809e-03, 
 2DIAGNOSTIC,    20, -6.536191777189e-01, 6.303067369291e-04, 9.7126e-01, 4.8220e-03, 
 2DIAGNOSTIC,    21, -6.549162298979e-01, 5.534292205377e-04, 9.7605e-01, 4.7870e-03, 
 2DIAGNOSTIC,    22, -6.562385790832e-01, 5.226986103230e-04, 9.8189e-01, 5.8391e-03, 
 2DIAGNOSTIC,    23, -6.565000058113e-01, 4.680180012232e-04, 9.8717e-01, 5.2850e-03, 
 2DIAGNOSTIC,    24, -6.565387353854e-01, 4.101063704198e-04, 9.9265e-01, 5.4781e-03, 
 2DIAGNOSTIC,    25, -6.567702146892e-01, 3.618032093002e-04, 9.9837e-01, 5.7180e-03, 
 2DIAGNOSTIC,    26, -6.583507212369e-01, 3.132611037329e-04, 1.0032e+00, 4.8709e-03, 
 2DIAGNOSTIC,    27, -6.586527568469e-01, 2.554116018353e-04, 1.0080e+00, 4.7779e-03, 
 2DIAGNOSTIC,    28, -6.593310437739e-01, 2.225767143859e-04, 1.0140e+00, 6.0282e-03, 
 2DIAGNOSTIC,    29, -6.595734041655e-01, 1.939316665355e-04, 1.0194e+00, 5.3301e-03, 
 2DIAGNOSTIC,    30, -6.595955819568e-01, 1.634946778538e-04, 1.0246e+00, 5.2571e-03, 
 2DIAGNOSTIC,    31, -6.596949967569e-01, 1.392755860948e-04, 1.0292e+00, 4.6170e-03, 
 2DIAGNOSTIC,    32, -6.597157295314e-01, 1.221677497637e-04, 1.0345e+00, 5.2471e-03, 
 2DIAGNOSTIC,    33, -6.597001423848e-01, 9.820426863563e-05, 1.0420e+00, 7.4840e-03, 
 2DIAGNOSTIC,    34, -6.595254449710e-01, 6.486903008443e-05, 1.0466e+00, 4.5860e-03, 
 2DIAGNOSTIC,    35, -6.595295822815e-01, 3.010817891753e-05, 1.0514e+00, 4.8261e-03, 
 2DIAGNOSTIC,    36, -6.595351297940e-01, 1.424396567826e-05, 1.0560e+00, 4.6439e-03, 
 2DIAGNOSTIC,    37, -6.595409535784e-01, 1.474135186245e-06, 1.0607e+00, 4.7028e-03, 
DIAGNOSTIC,Iteration,metricValue,convergenceValue,ITERATION_TIME_INDEX,SINCE_LAST
 2DIAGNOSTIC,     1, -5.183739626476e-01, 1.797693134862e+308, 1.7987e+00, 7.3795e-01, 
 2DIAGNOSTIC,     2, -5.189226238233e-01, 1.797693134862e+308, 1.8273e+00, 2.8607e-02, 
 2DIAGNOSTIC,     3, -5.196899327291e-01, 1.797693134862e+308, 1.8561e+00, 2.8855e-02, 
 2DIAGNOSTIC,     4, -5.204463662952e-01, 1.797693134862e+308, 1.8845e+00, 2.8325e-02, 
 2DIAGNOSTIC,     5, -5.209979485239e-01, 1.797693134862e+308, 1.9129e+00, 2.8469e-02, 
 2DIAGNOSTIC,     6, -5.216357744125e-01, 1.797693134862e+308, 1.9419e+00, 2.8965e-02, 
 2DIAGNOSTIC,     7, -5.233753715260e-01, 1.797693134862e+308, 1.9704e+00, 2.8471e-02, 
 2DIAGNOSTIC,     8, -5.241119131595e-01, 1.797693134862e+308, 2.0062e+00, 3.5817e-02, 
 2DIAGNOSTIC,     9, -5.247293428817e-01, 1.797693134862e+308, 2.0420e+00, 3.5778e-02, 
 2DIAGNOSTIC,    10, -5.250028239900e-01, 8.899807869915e-04, 2.0749e+00, 3.2939e-02, 
 2DIAGNOSTIC,    11, -5.254483045134e-01, 7.905531846234e-04, 2.1076e+00, 3.2723e-02, 
 2DIAGNOSTIC,    12, -5.277635698663e-01, 7.650652222466e-04, 2.1409e+00, 3.3251e-02, 
 2DIAGNOSTIC,    13, -5.283161401533e-01, 7.264280204380e-04, 2.1701e+00, 2.9240e-02, 
 2DIAGNOSTIC,    14, -5.288222945961e-01, 6.775650972931e-04, 2.1986e+00, 2.8467e-02, 
 2DIAGNOSTIC,    15, -5.289976645756e-01, 6.012606014401e-04, 2.2271e+00, 2.8534e-02, 
 2DIAGNOSTIC,    16, -5.298475169421e-01, 5.287515023327e-04, 2.2632e+00, 3.6046e-02, 
 2DIAGNOSTIC,    17, -5.313522054397e-01, 5.176187525658e-04, 2.2949e+00, 3.1721e-02, 
 2DIAGNOSTIC,    18, -5.317211545787e-01, 4.916449637084e-04, 2.3270e+00, 3.2102e-02, 
 2DIAGNOSTIC,    19, -5.322490345459e-01, 4.569565520607e-04, 2.3671e+00, 4.0139e-02, 
 2DIAGNOSTIC,    20, -5.323326666414e-01, 3.939629028997e-04, 2.3972e+00, 3.0040e-02, 
 2DIAGNOSTIC,    21, -5.323870014772e-01, 3.117704560112e-04, 2.4281e+00, 3.0924e-02, 
 2DIAGNOSTIC,    22, -5.325994506368e-01, 2.695178734723e-04, 2.4564e+00, 2.8301e-02, 
 2DIAGNOSTIC,    23, -5.331716944373e-01, 2.319110451791e-04, 2.4940e+00, 3.7574e-02, 
 2DIAGNOSTIC,    24, -5.338198475562e-01, 2.019511387607e-04, 2.5311e+00, 3.7090e-02, 
 2DIAGNOSTIC,    25, -5.347522535349e-01, 1.792059843470e-04, 2.5672e+00, 3.6110e-02, 
 2DIAGNOSTIC,    26, -5.360163100140e-01, 1.844322782187e-04, 2.5966e+00, 2.9397e-02, 
 2DIAGNOSTIC,    27, -5.368143445016e-01, 2.174634697277e-04, 2.6241e+00, 2.7539e-02, 
 2DIAGNOSTIC,    28, -5.377399403174e-01, 2.522133403212e-04, 2.6604e+00, 3.6324e-02, 
 2DIAGNOSTIC,    29, -5.382296520730e-01, 2.794802475586e-04, 2.6996e+00, 3.9153e-02, 
 2DIAGNOSTIC,    30, -5.388918588100e-01, 2.918950417686e-04, 2.7315e+00, 3.1922e-02, 
 2DIAGNOSTIC,    31, -5.432080678636e-01, 3.513439442766e-04, 2.7633e+00, 3.1840e-02, 
 2DIAGNOSTIC,    32, -5.482625918558e-01, 4.599103179416e-04, 2.7916e+00, 2.8274e-02, 
 2DIAGNOSTIC,    33, -5.489061328083e-01, 5.364680737098e-04, 2.8246e+00, 3.2945e-02, 
 2DIAGNOSTIC,    34, -5.512079611143e-01, 6.055122253552e-04, 2.8585e+00, 3.3925e-02, 
 2DIAGNOSTIC,    35, -5.541988772303e-01, 6.726345431432e-04, 2.9031e+00, 4.4558e-02, 
 2DIAGNOSTIC,    36, -5.641977150620e-01, 8.364692168396e-04, 2.9438e+00, 4.0732e-02, 
 2DIAGNOSTIC,    37, -5.659629236623e-01, 9.436658493227e-04, 2.9785e+00, 3.4684e-02, 
 2DIAGNOSTIC,    38, -5.663933707037e-01, 9.762180490803e-04, 3.0155e+00, 3.7057e-02, 
 2DIAGNOSTIC,    39, -5.665783758130e-01, 9.265643875917e-04, 3.0502e+00, 3.4660e-02, 
 2DIAGNOSTIC,    40, -5.667122202950e-01, 8.003281260478e-04, 3.0913e+00, 4.1100e-02, 
 2DIAGNOSTIC,    41, -5.666700393166e-01, 6.559669910307e-04, 3.1275e+00, 3.6201e-02, 
 2DIAGNOSTIC,    42, -5.666724486109e-01, 5.199711614951e-04, 3.1616e+00, 3.4117e-02, 
 2DIAGNOSTIC,    43, -5.666958584994e-01, 3.507604737447e-04, 3.1957e+00, 3.4132e-02, 
 2DIAGNOSTIC,    44, -5.667219390215e-01, 1.848093358625e-04, 3.2269e+00, 3.1134e-02, 
 2DIAGNOSTIC,    45, -5.667606946998e-01, 4.142716068642e-05, 3.2685e+00, 4.1678e-02, 
 2DIAGNOSTIC,    46, -5.667814828713e-01, 1.483064888261e-05, 3.3039e+00, 3.5399e-02, 
 2DIAGNOSTIC,    47, -5.667825299514e-01, 7.741169373486e-06, 3.3378e+00, 3.3902e-02, 
 2DIAGNOSTIC,    48, -5.667802672084e-01, 4.928664123011e-06, 3.3671e+00, 2.9272e-02, 
 2DIAGNOSTIC,    49, -5.667818340560e-01, 3.779598356134e-06, 3.3999e+00, 3.2739e-02, 
 2DIAGNOSTIC,    50, -5.667688362398e-01, 3.656202955817e-06, 3.4311e+00, 3.1215e-02, 
 2DIAGNOSTIC,    51, -5.667657717116e-01, 2.791724822086e-06, 3.4606e+00, 2.9561e-02, 
 2DIAGNOSTIC,    52, -5.667878934887e-01, 2.005063711199e-06, 3.4979e+00, 3.7314e-02, 
 2DIAGNOSTIC,    53, -5.668332518830e-01, 1.788785796635e-06, 3.5388e+00, 4.0854e-02, 
 2DIAGNOSTIC,    54, -5.668532312633e-01, 1.896545991947e-06, 3.5765e+00, 3.7718e-02, 
 2DIAGNOSTIC,    55, -5.668936159427e-01, 2.627641968726e-06, 3.6104e+00, 3.3841e-02, 
 2DIAGNOSTIC,    56, -5.669613032645e-01, 3.959433980145e-06, 3.6443e+00, 3.3929e-02, 
 2DIAGNOSTIC,    57, -5.669857374027e-01, 5.135848294313e-06, 3.6781e+00, 3.3851e-02, 
 2DIAGNOSTIC,    58, -5.670175203563e-01, 6.093986347110e-06, 3.7067e+00, 2.8554e-02, 
 2DIAGNOSTIC,    59, -5.670863963329e-01, 7.113654455833e-06, 3.7356e+00, 2.8932e-02, 
 2DIAGNOSTIC,    60, -5.672466098934e-01, 8.734754439080e-06, 3.7675e+00, 3.1897e-02, 
 2DIAGNOSTIC,    61, -5.673584942068e-01, 1.040376333641e-05, 3.7994e+00, 3.1898e-02, 
 2DIAGNOSTIC,    62, -5.673966919391e-01, 1.156260546908e-05, 3.8424e+00, 4.3020e-02, 
 2DIAGNOSTIC,    63, -5.674087246349e-01, 1.211982294942e-05, 3.8953e+00, 5.2878e-02, 
 2DIAGNOSTIC,    64, -5.674200810035e-01, 1.179803603118e-05, 3.9342e+00, 3.8913e-02, 
 2DIAGNOSTIC,    65, -5.674152168717e-01, 1.065140083649e-05, 3.9690e+00, 3.4750e-02, 
 2DIAGNOSTIC,    66, -5.674051660101e-01, 9.006037303833e-06, 4.0028e+00, 3.3851e-02, 
 2DIAGNOSTIC,    67, -5.673980465778e-01, 6.740282261622e-06, 4.0451e+00, 4.2233e-02, 
 2DIAGNOSTIC,    68, -5.673917232916e-01, 4.145965485789e-06, 4.0803e+00, 3.5268e-02, 
 2DIAGNOSTIC,    69, -5.673920383436e-01, 1.773684644352e-06, 4.1106e+00, 3.0224e-02, 
DIAGNOSTIC,Iteration,metricValue,convergenceValue,ITERATION_TIME_INDEX,SINCE_LAST
 2DIAGNOSTIC,     1, -5.013545340666e-01, 1.797693134862e+308, 5.2696e+00, 1.1591e+00, 
 2DIAGNOSTIC,     2, -5.016139588319e-01, 1.797693134862e+308, 5.4965e+00, 2.2684e-01, 
 2DIAGNOSTIC,     3, -5.019235585220e-01, 1.797693134862e+308, 5.7217e+00, 2.2519e-01, 
 2DIAGNOSTIC,     4, -5.021014377816e-01, 1.797693134862e+308, 5.9484e+00, 2.2674e-01, 
 2DIAGNOSTIC,     5, -5.021333927349e-01, 1.797693134862e+308, 6.2382e+00, 2.8978e-01, 
 2DIAGNOSTIC,     6, -5.021743305936e-01, 1.797693134862e+308, 6.5002e+00, 2.6204e-01, 
 2DIAGNOSTIC,     7, -5.022035915078e-01, 1.797693134862e+308, 6.7535e+00, 2.5326e-01, 
 2DIAGNOSTIC,     8, -5.022980989664e-01, 1.797693134862e+308, 7.1109e+00, 3.5740e-01, 
 2DIAGNOSTIC,     9, -5.022994064939e-01, 1.797693134862e+308, 7.3561e+00, 2.4518e-01, 
 2DIAGNOSTIC,    10, -5.023227844865e-01, 1.098637276814e-04, 7.6459e+00, 2.8979e-01, 
 2DIAGNOSTIC,    11, -5.023308146476e-01, 6.908896832312e-05, 7.9058e+00, 2.5996e-01, 
 2DIAGNOSTIC,    12, -5.023374980549e-01, 4.139374449735e-05, 8.2187e+00, 3.1285e-01, 
 2DIAGNOSTIC,    13, -5.023642708282e-01, 2.887096999139e-05, 8.4932e+00, 2.7453e-01, 
 2DIAGNOSTIC,    14, -5.023742352518e-01, 2.329343340353e-05, 8.8226e+00, 3.2940e-01, 
 2DIAGNOSTIC,    15, -5.023893452350e-01, 1.833326189758e-05, 9.0958e+00, 2.7319e-01, 
 2DIAGNOSTIC,    16, -5.023913871312e-01, 1.403411162740e-05, 9.3556e+00, 2.5977e-01, 
 2DIAGNOSTIC,    17, -5.023956114612e-01, 1.017125166516e-05, 9.5819e+00, 2.2630e-01, 
 2DIAGNOSTIC,    18, -5.023981729886e-01, 9.023419214736e-06, 9.8478e+00, 2.6598e-01, 
 2DIAGNOSTIC,    19, -5.024061588643e-01, 7.577709360530e-06, 1.0111e+01, 2.6334e-01, 
 2DIAGNOSTIC,    20, -5.024114378092e-01, 6.534975845546e-06, 1.0380e+01, 2.6867e-01, 
 2DIAGNOSTIC,    21, -5.024117962676e-01, 5.361769703373e-06, 1.0641e+01, 2.6089e-01, 
 2DIAGNOSTIC,    22, -5.024114032735e-01, 4.090051482761e-06, 1.0909e+01, 2.6810e-01, 
 2DIAGNOSTIC,    23, -5.024129135495e-01, 3.376062486050e-06, 1.1174e+01, 2.6472e-01, 
 2DIAGNOSTIC,    24, -5.024110652270e-01, 2.713305286936e-06, 1.1447e+01, 2.7314e-01, 
 2DIAGNOSTIC,    25, -5.024111820023e-01, 2.317469237449e-06, 1.1713e+01, 2.6632e-01, 
 2DIAGNOSTIC,    26, -5.024119706378e-01, 1.915759079624e-06, 1.1970e+01, 2.5731e-01, 
 2DIAGNOSTIC,    27, -5.024147192026e-01, 1.625974047861e-06, 1.2267e+01, 2.9642e-01, 
 2DIAGNOSTIC,    28, -5.024128668372e-01, 1.324094593060e-06, 1.2511e+01, 2.4423e-01, 
 2DIAGNOSTIC,    29, -5.024122617973e-01, 1.168753134329e-06, 1.2768e+01, 2.5707e-01, 
 2DIAGNOSTIC,    30, -5.024128803912e-01, 1.129209936224e-06, 1.3031e+01, 2.6286e-01, 
 2DIAGNOSTIC,    31, -5.024145731986e-01, 1.121706473116e-06, 1.3294e+01, 2.6279e-01, 
 2DIAGNOSTIC,    32, -5.024126388352e-01, 1.061715556944e-06, 1.3532e+01, 2.3810e-01, 
 2DIAGNOSTIC,    33, -5.024135418457e-01, 1.043368234512e-06, 1.3804e+01, 2.7194e-01, 
DIAGNOSTIC,Iteration,metricValue,convergenceValue,ITERATION_TIME_INDEX,SINCE_LAST
 2DIAGNOSTIC,     1, -4.669100275321e-01, 1.797693134862e+308, 1.6347e+01, 2.5436e+00, 
 2DIAGNOSTIC,     2, -4.669806320984e-01, 1.797693134862e+308, 1.8337e+01, 1.9895e+00, 
 2DIAGNOSTIC,     3, -4.669830613309e-01, 1.797693134862e+308, 2.1345e+01, 3.0077e+00, 
 2DIAGNOSTIC,     4, -4.669829217884e-01, 1.797693134862e+308, 2.2899e+01, 1.5548e+00, 
 2DIAGNOSTIC,     5, -4.669828140808e-01, 1.797693134862e+308, 2.4936e+01, 2.0367e+00, 
 2DIAGNOSTIC,     6, -4.669827394547e-01, 1.797693134862e+308, 2.6624e+01, 1.6880e+00, 
 2DIAGNOSTIC,     7, -4.669826667809e-01, 1.797693134862e+308, 2.8394e+01, 1.7699e+00, 
 2DIAGNOSTIC,     8, -4.669825911365e-01, 1.797693134862e+308, 3.0635e+01, 2.2412e+00, 
 2DIAGNOSTIC,     9, -4.669824152643e-01, 1.797693134862e+308, 3.2434e+01, 1.7993e+00, 
 2DIAGNOSTIC,    10, -4.669823281218e-01, 7.648110193340e-06, 3.3928e+01, 1.4935e+00, 
 2DIAGNOSTIC,    11, -4.669823324283e-01, 2.924390388806e-06, 3.5861e+01, 1.9327e+00, 
 2DIAGNOSTIC,    12, -4.669823370036e-01, 2.562397373798e-06, 3.7728e+01, 1.8675e+00, 
 2DIAGNOSTIC,    13, -4.669823449057e-01, 2.378285362023e-06, 3.9541e+01, 1.8130e+00, 
 2DIAGNOSTIC,    14, -4.669825395819e-01, 2.229302889095e-06, 4.1538e+01, 1.9969e+00, 
 2DIAGNOSTIC,    15, -4.669825502683e-01, 2.100029212068e-06, 4.3031e+01, 1.4927e+00, 
 2DIAGNOSTIC,    16, -4.669824769422e-01, 1.983208177875e-06, 4.4696e+01, 1.6652e+00, 
 2DIAGNOSTIC,    17, -4.669826689008e-01, 1.884994808542e-06, 4.6234e+01, 1.5381e+00, 
 2DIAGNOSTIC,    18, -4.669825950477e-01, 1.791262023543e-06, 4.7985e+01, 1.7511e+00, 
 2DIAGNOSTIC,    19, -4.669822464569e-01, 1.688450159028e-06, 5.0023e+01, 2.0383e+00, 
 2DIAGNOSTIC,    20, -4.669819901686e-01, 1.584500728090e-06, 5.2116e+01, 2.0924e+00, 
 2DIAGNOSTIC,    21, -4.669818221169e-01, 1.486426080916e-06, 5.3678e+01, 1.5623e+00, 
 2DIAGNOSTIC,    22, -4.669816672218e-01, 1.395635004772e-06, 5.5652e+01, 1.9738e+00, 
 2DIAGNOSTIC,    23, -4.669817922807e-01, 1.320787027581e-06, 5.7442e+01, 1.7902e+00, 
 2DIAGNOSTIC,    24, -4.669816300473e-01, 1.258857987421e-06, 5.9080e+01, 1.6382e+00, 
 2DIAGNOSTIC,    25, -4.669815794523e-01, 1.207481085848e-06, 6.1028e+01, 1.9481e+00, 
 2DIAGNOSTIC,    26, -4.669816859490e-01, 1.166794326039e-06, 6.2725e+01, 1.6963e+00, 
 2DIAGNOSTIC,    27, -4.669816067357e-01, 1.136780084947e-06, 6.4385e+01, 1.6607e+00, 
 2DIAGNOSTIC,    28, -4.669815306477e-01, 1.109682647639e-06, 6.6066e+01, 1.6809e+00, 
 2DIAGNOSTIC,    29, -4.669813587165e-01, 1.076194873578e-06, 6.8513e+01, 2.4462e+00, 
 2DIAGNOSTIC,    30, -4.669812712442e-01, 1.040101155321e-06, 7.0114e+01, 1.6013e+00, 
 2DIAGNOSTIC,    31, -4.669810951434e-01, 1.001518190935e-06, 7.2067e+01, 1.9528e+00, 
  Elapsed time (stage 0): 7.3132e+01


Total elapsed time: 7.3137e+01
Info [verificarlo]: loaded backend libinterflop_ieee.so
Info [interflop-ieee]: load backend with:
Info [interflop-ieee]: debug = false
Info [interflop-ieee]: debug-binary = false
Info [interflop-ieee]: no-backend-name = false
Info [interflop-ieee]: print-new-line = false
Info [interflop-ieee]: print-subnormal-normalized = false
Info [interflop-ieee]: count-op = false
All_Command_lines_OK
Using double precision for computations.
=============================================================================
The composite transform comprises the following transforms (in order): 
  1. /home/mdugre/scratch/mri-registration-rp/datasets/ds004513/derivatives/mri-registration-rp/0001/antsRegistration-r8-p13/sub-s032/rigid_Composite.h5[0] (type = Euler3DTransform)
  2. /home/mdugre/scratch/mri-registration-rp/datasets/ds004513/derivatives/mri-registration-rp/0001/antsRegistration-r8-p13/sub-s032/rigid_Composite.h5[1] (type = Euler3DTransform)
  3. /home/mdugre/scratch/mri-registration-rp/datasets/ds004513/derivatives/mri-registration-rp/0001/antsRegistration-r8-p13/sub-s032/rigid_Composite.h5[2] (type = Euler3DTransform)
=============================================================================
  number of levels = 4
  fixed image: /templateflow/tpl-MNI152NLin2009cAsym/tpl-MNI152NLin2009cAsym_res-01_desc-brain_T1w.nii.gz
  moving image: /home/mdugre/scratch/mri-registration-rp/datasets/ds004513/derivatives/mri-registration-rp/antsBrainExtraction/sub-s032/BrainExtractionBrain.nii.gz
Dimension = 3
Number of stages = 1
Use histogram matching = false
Winsorize image intensities = true
  Lower quantile = 0.005
  Upper quantile = 0.995


Stage 1 State
   Image metric = MattesMI
     Fixed image = Image (0x48077e0)
  RTTI typeinfo:   itk::Image<double, 3u>
  Reference Count: 2
  Modified Time: 1592
  Debug: Off
  Object Name: 
  Observers: 
    none
  Source: (none)
  Source output name: (none)
  Release Data: Off
  Data Released: False
  Global Release Data: Off
  PipelineMTime: 0
  UpdateMTime: 1203
  RealTimeStamp: 0 seconds 
  LargestPossibleRegion: 
    Dimension: 3
    Index: [0, 0, 0]
    Size: [193, 229, 193]
  BufferedRegion: 
    Dimension: 3
    Index: [0, 0, 0]
    Size: [193, 229, 193]
  RequestedRegion: 
    Dimension: 3
    Index: [0, 0, 0]
    Size: [193, 229, 193]
  Spacing: [1, 1, 1]
  Origin: [96, 132, -78]
  Direction: 
-1 0 0
0 -1 0
0 0 1

  IndexToPointMatrix: 
-1 0 0
0 -1 0
0 0 1

  PointToIndexMatrix: 
-1 0 0
0 -1 0
0 0 1

  Inverse Direction: 
-1 0 0
0 -1 0
0 0 1

  PixelContainer: 
    ImportImageContainer (0x48c7a20)
      RTTI typeinfo:   itk::ImportImageContainer<unsigned long, double>
      Reference Count: 1
      Modified Time: 1200
      Debug: Off
      Object Name: 
      Observers: 
        none
      Pointer: 0x154438672010
      Container manages memory: true
      Size: 8530021
      Capacity: 8530021

     Moving image = Image (0x48c2d70)
  RTTI typeinfo:   itk::Image<double, 3u>
  Reference Count: 2
  Modified Time: 1593
  Debug: Off
  Object Name: 
  Observers: 
    none
  Source: (none)
  Source output name: (none)
  Release Data: Off
  Data Released: False
  Global Release Data: Off
  PipelineMTime: 0
  UpdateMTime: 1590
  RealTimeStamp: 0 seconds 
  LargestPossibleRegion: 
    Dimension: 3
    Index: [0, 0, 0]
    Size: [160, 240, 256]
  BufferedRegion: 
    Dimension: 3
    Index: [0, 0, 0]
    Size: [160, 240, 256]
  RequestedRegion: 
    Dimension: 3
    Index: [0, 0, 0]
    Size: [160, 240, 256]
  Spacing: [1, 1, 1]
  Origin: [73.279, 104.707, -131.187]
  Direction: 
-0.997527 0.0645574 -0.0278053
-0.0645323 -0.997914 -0.00179875
-0.0278634 4.01097e-08 0.999612

  IndexToPointMatrix: 
-0.997527 0.0645574 -0.0278053
-0.0645323 -0.997914 -0.00179875
-0.0278634 4.01097e-08 0.999612

  PointToIndexMatrix: 
-0.997527 -0.0645323 -0.0278634
0.0645574 -0.997914 4.01049e-08
-0.0278053 -0.00179875 0.999612

  Inverse Direction: 
-0.997527 -0.0645323 -0.0278634
0.0645574 -0.997914 4.01049e-08
-0.0278053 -0.00179875 0.999612

  PixelContainer: 
    ImportImageContainer (0x487ac90)
      RTTI typeinfo:   itk::ImportImageContainer<unsigned long, double>
      Reference Count: 1
      Modified Time: 1587
      Debug: Off
      Object Name: 
      Observers: 
        none
      Pointer: 0x154433b71010
      Container manages memory: true
      Size: 9830400
      Capacity: 9830400

     Weighting = 1
     Sampling strategy = regular
     Number of bins = 32
     Radius = 4
     Sampling percentage  = 0.25
   Transform = Affine
     Gradient step = 0.1
     Update field sigma (voxel space) = 0
     Total field sigma (voxel space) = 0
     Update field time sigma = 0
     Total field time sigma  = 0
     Number of time indices = 0
     Number of time point samples = 0
Registration using 1 total stages.

Stage 0
  iterations = 1000x500x250x100
  convergence threshold = 1e-06
  convergence window size = 10
  number of levels = 4
  using the Mattes MI metric (number of bins = 32, weight = 1, use gradient filter = 0)
  preprocessing:  winsorizing the image intensities
  Shrink factors (level 1 out of 4): [8, 8, 8]
  Shrink factors (level 2 out of 4): [4, 4, 4]
  Shrink factors (level 3 out of 4): [2, 2, 2]
  Shrink factors (level 4 out of 4): [1, 1, 1]
  smoothing sigmas per level: [3, 2, 1, 0]
  regular sampling (percentage = 0.25)

*** Running AffineTransform registration ***

DIAGNOSTIC,Iteration,metricValue,convergenceValue,ITERATION_TIME_INDEX,SINCE_LAST
 2DIAGNOSTIC,     1, -6.840094261070e-01, 1.797693134862e+308, 1.0272e+00, 1.0272e+00, 
 2DIAGNOSTIC,     2, -6.860629153133e-01, 1.797693134862e+308, 1.0334e+00, 6.2072e-03, 
 2DIAGNOSTIC,     3, -6.892439051532e-01, 1.797693134862e+308, 1.0397e+00, 6.3348e-03, 
 2DIAGNOSTIC,     4, -6.934460118660e-01, 1.797693134862e+308, 1.0456e+00, 5.9140e-03, 
 2DIAGNOSTIC,     5, -7.109392930948e-01, 1.797693134862e+308, 1.0523e+00, 6.6729e-03, 
 2DIAGNOSTIC,     6, -7.213335265141e-01, 1.797693134862e+308, 1.0646e+00, 1.2325e-02, 
 2DIAGNOSTIC,     7, -7.212901903844e-01, 1.797693134862e+308, 1.0710e+00, 6.4139e-03, 
 2DIAGNOSTIC,     8, -7.222447041346e-01, 1.797693134862e+308, 1.0771e+00, 6.0849e-03, 
 2DIAGNOSTIC,     9, -7.233988855394e-01, 1.797693134862e+308, 1.0833e+00, 6.1789e-03, 
 2DIAGNOSTIC,    10, -7.251862423846e-01, 4.488127310067e-03, 1.0897e+00, 6.4440e-03, 
 2DIAGNOSTIC,    11, -7.273176731220e-01, 3.606532406494e-03, 1.0965e+00, 6.7639e-03, 
 2DIAGNOSTIC,    12, -7.297598447296e-01, 2.707859781751e-03, 1.1036e+00, 7.0441e-03, 
 2DIAGNOSTIC,    13, -7.319653650824e-01, 1.878704655122e-03, 1.1104e+00, 6.8560e-03, 
 2DIAGNOSTIC,    14, -7.339178567683e-01, 1.164056344761e-03, 1.1165e+00, 6.1178e-03, 
 2DIAGNOSTIC,    15, -7.352514211237e-01, 9.312972200268e-04, 1.1237e+00, 7.1499e-03, 
 2DIAGNOSTIC,    16, -7.363776850524e-01, 9.286998527977e-04, 1.1326e+00, 8.9118e-03, 
 2DIAGNOSTIC,    17, -7.364163706857e-01, 8.405220511531e-04, 1.1386e+00, 5.9919e-03, 
 2DIAGNOSTIC,    18, -7.368402849863e-01, 7.153368901719e-04, 1.1445e+00, 5.9030e-03, 
 2DIAGNOSTIC,    19, -7.372726857935e-01, 5.700148400418e-04, 1.1504e+00, 5.8870e-03, 
 2DIAGNOSTIC,    20, -7.374954959223e-01, 4.257032184416e-04, 1.1573e+00, 6.8939e-03, 
 2DIAGNOSTIC,    21, -7.377284506677e-01, 2.997386097075e-04, 1.1648e+00, 7.5600e-03, 
 2DIAGNOSTIC,    22, -7.377926216520e-01, 2.020835690442e-04, 1.1716e+00, 6.7790e-03, 
 2DIAGNOSTIC,    23, -7.378467156636e-01, 1.325074868182e-04, 1.1776e+00, 5.9950e-03, 
 2DIAGNOSTIC,    24, -7.380470297731e-01, 9.128186136823e-05, 1.1835e+00, 5.8682e-03, 
 2DIAGNOSTIC,    25, -7.382682157412e-01, 6.882546285122e-05, 1.1897e+00, 6.2361e-03, 
 2DIAGNOSTIC,    26, -7.387123727764e-01, 6.550617176793e-05, 1.1965e+00, 6.7990e-03, 
 2DIAGNOSTIC,    27, -7.395493104456e-01, 6.891307466503e-05, 1.2039e+00, 7.3869e-03, 
 2DIAGNOSTIC,    28, -7.394863993222e-01, 7.041855994420e-05, 1.2101e+00, 6.2430e-03, 
 2DIAGNOSTIC,    29, -7.396865774014e-01, 7.397876523452e-05, 1.2162e+00, 6.0840e-03, 
 2DIAGNOSTIC,    30, -7.397411436075e-01, 7.397462280777e-05, 1.2245e+00, 8.2510e-03, 
 2DIAGNOSTIC,    31, -7.398333264749e-01, 7.105194266550e-05, 1.2306e+00, 6.1040e-03, 
 2DIAGNOSTIC,    32, -7.397615901783e-01, 6.147304979709e-05, 1.2373e+00, 6.6829e-03, 
 2DIAGNOSTIC,    33, -7.397927970296e-01, 4.782454185097e-05, 1.2437e+00, 6.4700e-03, 
 2DIAGNOSTIC,    34, -7.398235865605e-01, 3.330224679953e-05, 1.2536e+00, 9.8879e-03, 
 2DIAGNOSTIC,    35, -7.398499127276e-01, 1.922560945086e-05, 1.2598e+00, 6.2339e-03, 
 2DIAGNOSTIC,    36, -7.398679162333e-01, 8.959891842832e-06, 1.2656e+00, 5.7960e-03, 
 2DIAGNOSTIC,    37, -7.398813385238e-01, 7.510846849558e-06, 1.2739e+00, 8.2440e-03, 
 2DIAGNOSTIC,    38, -7.398834985882e-01, 4.846519224236e-06, 1.2796e+00, 5.7211e-03, 
 2DIAGNOSTIC,    39, -7.398872462610e-01, 3.956293260669e-06, 1.2861e+00, 6.5322e-03, 
 2DIAGNOSTIC,    40, -7.397885411854e-01, 2.349367167358e-06, 1.2920e+00, 5.9130e-03, 
 2DIAGNOSTIC,    41, -7.397909233073e-01, 1.623234620243e-06, 1.2978e+00, 5.7251e-03, 
DIAGNOSTIC,Iteration,metricValue,convergenceValue,ITERATION_TIME_INDEX,SINCE_LAST
 2DIAGNOSTIC,     1, -5.975445780273e-01, 1.797693134862e+308, 2.0610e+00, 7.6320e-01, 
 2DIAGNOSTIC,     2, -5.980804917889e-01, 1.797693134862e+308, 2.0969e+00, 3.5916e-02, 
 2DIAGNOSTIC,     3, -5.987962322016e-01, 1.797693134862e+308, 2.1326e+00, 3.5737e-02, 
 2DIAGNOSTIC,     4, -5.992775166301e-01, 1.797693134862e+308, 2.1982e+00, 6.5543e-02, 
 2DIAGNOSTIC,     5, -5.993341577420e-01, 1.797693134862e+308, 2.2411e+00, 4.2886e-02, 
 2DIAGNOSTIC,     6, -5.993259891310e-01, 1.797693134862e+308, 2.2869e+00, 4.5804e-02, 
 2DIAGNOSTIC,     7, -5.993315028278e-01, 1.797693134862e+308, 2.3405e+00, 5.3657e-02, 
 2DIAGNOSTIC,     8, -5.993265567188e-01, 1.797693134862e+308, 2.3790e+00, 3.8454e-02, 
 2DIAGNOSTIC,     9, -5.993153975828e-01, 1.797693134862e+308, 2.4202e+00, 4.1277e-02, 
 2DIAGNOSTIC,    10, -5.993159891514e-01, 1.572254888943e-04, 2.4658e+00, 4.5586e-02, 
 2DIAGNOSTIC,    11, -5.993032331169e-01, 7.625294536419e-05, 2.5029e+00, 3.7089e-02, 
 2DIAGNOSTIC,    12, -5.992939668071e-01, 2.248761579941e-05, 2.5419e+00, 3.8960e-02, 
DIAGNOSTIC,Iteration,metricValue,convergenceValue,ITERATION_TIME_INDEX,SINCE_LAST
 2DIAGNOSTIC,     1, -5.335079505669e-01, 1.797693134862e+308, 3.7447e+00, 1.2029e+00, 
 2DIAGNOSTIC,     2, -5.338648448239e-01, 1.797693134862e+308, 4.0786e+00, 3.3383e-01, 
 2DIAGNOSTIC,     3, -5.341956864498e-01, 1.797693134862e+308, 4.4566e+00, 3.7799e-01, 
 2DIAGNOSTIC,     4, -5.345319162655e-01, 1.797693134862e+308, 4.8051e+00, 3.4850e-01, 
 2DIAGNOSTIC,     5, -5.349993835288e-01, 1.797693134862e+308, 5.1158e+00, 3.1071e-01, 
 2DIAGNOSTIC,     6, -5.357662385573e-01, 1.797693134862e+308, 5.4273e+00, 3.1155e-01, 
 2DIAGNOSTIC,     7, -5.374646751248e-01, 1.797693134862e+308, 5.7942e+00, 3.6688e-01, 
 2DIAGNOSTIC,     8, -5.407993215150e-01, 1.797693134862e+308, 6.3932e+00, 5.9897e-01, 
 2DIAGNOSTIC,     9, -5.408867474321e-01, 1.797693134862e+308, 6.6921e+00, 2.9897e-01, 
 2DIAGNOSTIC,    10, -5.410711549499e-01, 1.053275607173e-03, 6.9791e+00, 2.8696e-01, 
 2DIAGNOSTIC,    11, -5.413194475586e-01, 1.008771037435e-03, 7.2518e+00, 2.7275e-01, 
 2DIAGNOSTIC,    12, -5.416899761417e-01, 9.116088225380e-04, 7.5186e+00, 2.6679e-01, 
 2DIAGNOSTIC,    13, -5.421570591410e-01, 7.774639433248e-04, 7.8599e+00, 3.4127e-01, 
 2DIAGNOSTIC,    14, -5.426051317899e-01, 6.219704210581e-04, 8.3381e+00, 4.7821e-01, 
 2DIAGNOSTIC,    15, -5.431714520575e-01, 4.688318915321e-04, 8.8797e+00, 5.4161e-01, 
 2DIAGNOSTIC,    16, -5.433186812047e-01, 3.217995216199e-04, 9.4227e+00, 5.4298e-01, 
 2DIAGNOSTIC,    17, -5.433941446666e-01, 2.149736858508e-04, 1.0073e+01, 6.5006e-01, 
 2DIAGNOSTIC,    18, -5.435759520144e-01, 2.034202383396e-04, 1.0540e+01, 4.6719e-01, 
 2DIAGNOSTIC,    19, -5.441582605541e-01, 1.927037033612e-04, 1.1096e+01, 5.5571e-01, 
 2DIAGNOSTIC,    20, -5.443717313044e-01, 1.752668265147e-04, 1.1631e+01, 5.3533e-01, 
 2DIAGNOSTIC,    21, -5.446834164881e-01, 1.573928966553e-04, 1.2186e+01, 5.5463e-01, 
 2DIAGNOSTIC,    22, -5.449024204219e-01, 1.407481072074e-04, 1.3249e+01, 1.0634e+00, 
 2DIAGNOSTIC,    23, -5.449018026679e-01, 1.230121567652e-04, 1.3935e+01, 6.8552e-01, 
 2DIAGNOSTIC,    24, -5.449012984025e-01, 1.048038517155e-04, 1.4714e+01, 7.7916e-01, 
 2DIAGNOSTIC,    25, -5.448998897292e-01, 9.014601718493e-05, 1.5250e+01, 5.3673e-01, 
 2DIAGNOSTIC,    26, -5.448985904932e-01, 7.127074796374e-05, 1.7021e+01, 1.7703e+00, 
 2DIAGNOSTIC,    27, -5.448981978882e-01, 4.867680244570e-05, 1.7525e+01, 5.0472e-01, 
 2DIAGNOSTIC,    28, -5.448979122596e-01, 2.644790763032e-05, 1.8024e+01, 4.9891e-01, 
 2DIAGNOSTIC,    29, -5.448965423864e-01, 1.391053326230e-05, 1.8457e+01, 4.3261e-01, 
 2DIAGNOSTIC,    30, -5.448952831623e-01, 4.606769448863e-06, 1.8869e+01, 4.1250e-01, 
DIAGNOSTIC,Iteration,metricValue,convergenceValue,ITERATION_TIME_INDEX,SINCE_LAST
 2DIAGNOSTIC,     1, -4.995090468067e-01, 1.797693134862e+308, 2.2031e+01, 3.1615e+00, 
 2DIAGNOSTIC,     2, -4.997127481791e-01, 1.797693134862e+308, 2.4920e+01, 2.8887e+00, 
 2DIAGNOSTIC,     3, -4.999617944937e-01, 1.797693134862e+308, 2.7412e+01, 2.4924e+00, 
 2DIAGNOSTIC,     4, -5.002385488597e-01, 1.797693134862e+308, 2.9635e+01, 2.2233e+00, 
 2DIAGNOSTIC,     5, -5.007615280096e-01, 1.797693134862e+308, 3.3049e+01, 3.4138e+00, 
 2DIAGNOSTIC,     6, -5.007759176476e-01, 1.797693134862e+308, 3.5193e+01, 2.1441e+00, 
