
##########################
# Experiment information #
##########################

EXPERIMENT_NAME: antsRegistration-r8-p15
VFC_BACKENDS: libinterflop_vprec.so --range-binary32=8 --precision-binary32=15 --range-binary64=8 --precision-binary64=15

SIF_IMG: /home/mdugre/projects/rrg-glatard/mdugre/containers/ants-vprec-no_metrics.simg

SUBJECT_ID: s025
INPUT_IMG: /home/mdugre/scratch/mri-registration-rp/datasets/ds004513/derivatives/mri-registration-rp/antsBrainExtraction/sub-s025/BrainExtractionBrain.nii.gz
OUTPUT_DIR: /home/mdugre/scratch/mri-registration-rp/datasets/ds004513/derivatives/mri-registration-rp/0001/antsRegistration-r8-p15/sub-s025

FIXED_IMG: /templateflow/tpl-MNI152NLin2009cAsym/tpl-MNI152NLin2009cAsym_res-01_desc-brain_T1w.nii.gz
DATA_DIR: /home/mdugre/scratch/mri-registration-rp/datasets/ds004513
TEMPLATEFLOW_DIR: /home/mdugre/projects/rrg-glatard/mdugre/templateflow
ITK_GLOBAL_DEFAULT_NUMBER_OF_THREADS: 16
##########################

Info [verificarlo]: loaded backend libinterflop_ieee.so
Info [interflop-ieee]: load backend with:
Info [interflop-ieee]: debug = false
Info [interflop-ieee]: debug-binary = false
Info [interflop-ieee]: no-backend-name = false
Info [interflop-ieee]: print-new-line = false
Info [interflop-ieee]: print-subnormal-normalized = false
Info [interflop-ieee]: count-op = false
All_Command_lines_OK
Using double precision for computations.
=============================================================================
The composite transform comprises the following transforms (in order): 
  1. Center of mass alignment using fixed image: /templateflow/tpl-MNI152NLin2009cAsym/tpl-MNI152NLin2009cAsym_res-01_desc-brain_T1w.nii.gz and moving image: /home/mdugre/scratch/mri-registration-rp/datasets/ds004513/derivatives/mri-registration-rp/antsBrainExtraction/sub-s025/BrainExtractionBrain.nii.gz (type = Euler3DTransform)
=============================================================================
  number of levels = 1
  fixed image: /templateflow/tpl-MNI152NLin2009cAsym/tpl-MNI152NLin2009cAsym_res-01_desc-brain_T1w.nii.gz
  moving image: /home/mdugre/scratch/mri-registration-rp/datasets/ds004513/derivatives/mri-registration-rp/antsBrainExtraction/sub-s025/BrainExtractionBrain.nii.gz
Dimension = 3
Number of stages = 1
Use histogram matching = false
Winsorize image intensities = true
  Lower quantile = 0.005
  Upper quantile = 0.995


Stage 1 State
   Image metric = MattesMI
     Fixed image = Image (0x387ee70)
  RTTI typeinfo:   itk::Image<double, 3u>
  Reference Count: 2
  Modified Time: 2334
  Debug: Off
  Object Name: 
  Observers: 
    none
  Source: (none)
  Source output name: (none)
  Release Data: Off
  Data Released: False
  Global Release Data: Off
  PipelineMTime: 0
  UpdateMTime: 1943
  RealTimeStamp: 0 seconds 
  LargestPossibleRegion: 
    Dimension: 3
    Index: [0, 0, 0]
    Size: [193, 229, 193]
  BufferedRegion: 
    Dimension: 3
    Index: [0, 0, 0]
    Size: [193, 229, 193]
  RequestedRegion: 
    Dimension: 3
    Index: [0, 0, 0]
    Size: [193, 229, 193]
  Spacing: [1, 1, 1]
  Origin: [96, 132, -78]
  Direction: 
-1 0 0
0 -1 0
0 0 1

  IndexToPointMatrix: 
-1 0 0
0 -1 0
0 0 1

  PointToIndexMatrix: 
-1 0 0
0 -1 0
0 0 1

  Inverse Direction: 
-1 0 0
0 -1 0
0 0 1

  PixelContainer: 
    ImportImageContainer (0x3887c60)
      RTTI typeinfo:   itk::ImportImageContainer<unsigned long, double>
      Reference Count: 1
      Modified Time: 1940
      Debug: Off
      Object Name: 
      Observers: 
        none
      Pointer: 0x152c0314b010
      Container manages memory: true
      Size: 8530021
      Capacity: 8530021

     Moving image = Image (0x388a610)
  RTTI typeinfo:   itk::Image<double, 3u>
  Reference Count: 2
  Modified Time: 2335
  Debug: Off
  Object Name: 
  Observers: 
    none
  Source: (none)
  Source output name: (none)
  Release Data: Off
  Data Released: False
  Global Release Data: Off
  PipelineMTime: 0
  UpdateMTime: 2332
  RealTimeStamp: 0 seconds 
  LargestPossibleRegion: 
    Dimension: 3
    Index: [0, 0, 0]
    Size: [176, 240, 256]
  BufferedRegion: 
    Dimension: 3
    Index: [0, 0, 0]
    Size: [176, 240, 256]
  RequestedRegion: 
    Dimension: 3
    Index: [0, 0, 0]
    Size: [176, 240, 256]
  Spacing: [0.999999, 1, 1]
  Origin: [90.3778, 84.5091, -154.071]
  Direction: 
-0.999391 7.48184e-06 -0.0348969
-7.47664e-06 -1 -2.7953e-07
-0.0348969 -1.84481e-08 0.999391

  IndexToPointMatrix: 
-0.99939 7.48184e-06 -0.0348969
-7.47663e-06 -1 -2.7953e-07
-0.0348968 -1.84481e-08 0.999391

  PointToIndexMatrix: 
-0.999392 -7.47665e-06 -0.0348969
7.48184e-06 -1 -1.84481e-08
-0.0348969 -2.7953e-07 0.999391

  Inverse Direction: 
-0.999391 -7.47664e-06 -0.0348969
7.48184e-06 -1 -1.84481e-08
-0.0348969 -2.7953e-07 0.999391

  PixelContainer: 
    ImportImageContainer (0x3923ef0)
      RTTI typeinfo:   itk::ImportImageContainer<unsigned long, double>
      Reference Count: 1
      Modified Time: 2329
      Debug: Off
      Object Name: 
      Observers: 
        none
      Pointer: 0x152bfdeca010
      Container manages memory: true
      Size: 10813440
      Capacity: 10813440

     Weighting = 1
     Sampling strategy = regular
     Number of bins = 32
     Radius = 4
     Sampling percentage  = 0.25
   Transform = Rigid
     Gradient step = 0.1
     Update field sigma (voxel space) = 0
     Total field sigma (voxel space) = 0
     Update field time sigma = 0
     Total field time sigma  = 0
     Number of time indices = 0
     Number of time point samples = 0
Registration using 1 total stages.

Stage 0
  iterations = 0
  convergence threshold = 1e-06
  convergence window size = 10
  number of levels = 1
  using the Mattes MI metric (number of bins = 32, weight = 1, use gradient filter = 0)
  preprocessing:  winsorizing the image intensities
  Shrink factors (level 1 out of 1): [1, 1, 1]
  smoothing sigmas per level: [0]
  regular sampling (percentage = 0.25)

*** Running Euler3DTransform registration ***

  Elapsed time (stage 0): 1.13555


Total elapsed time: 1.1385
Info [verificarlo]: loaded backend libinterflop_ieee.so
Info [interflop-ieee]: load backend with:
Info [interflop-ieee]: debug = false
Info [interflop-ieee]: debug-binary = false
Info [interflop-ieee]: no-backend-name = false
Info [interflop-ieee]: print-new-line = false
Info [interflop-ieee]: print-subnormal-normalized = false
Info [interflop-ieee]: count-op = false
All_Command_lines_OK
Using double precision for computations.
=============================================================================
The composite transform comprises the following transforms (in order): 
  1. /home/mdugre/scratch/mri-registration-rp/datasets/ds004513/derivatives/mri-registration-rp/0001/antsRegistration-r8-p15/sub-s025/align_Composite.h5[0] (type = Euler3DTransform)
  2. /home/mdugre/scratch/mri-registration-rp/datasets/ds004513/derivatives/mri-registration-rp/0001/antsRegistration-r8-p15/sub-s025/align_Composite.h5[1] (type = Euler3DTransform)
=============================================================================
  number of levels = 4
  fixed image: /templateflow/tpl-MNI152NLin2009cAsym/tpl-MNI152NLin2009cAsym_res-01_desc-brain_T1w.nii.gz
  moving image: /home/mdugre/scratch/mri-registration-rp/datasets/ds004513/derivatives/mri-registration-rp/antsBrainExtraction/sub-s025/BrainExtractionBrain.nii.gz
Dimension = 3
Number of stages = 1
Use histogram matching = false
Winsorize image intensities = true
  Lower quantile = 0.005
  Upper quantile = 0.995


Stage 1 State
   Image metric = MattesMI
     Fixed image = Image (0x515d530)
  RTTI typeinfo:   itk::Image<double, 3u>
  Reference Count: 2
  Modified Time: 1580
  Debug: Off
  Object Name: 
  Observers: 
    none
  Source: (none)
  Source output name: (none)
  Release Data: Off
  Data Released: False
  Global Release Data: Off
  PipelineMTime: 0
  UpdateMTime: 1189
  RealTimeStamp: 0 seconds 
  LargestPossibleRegion: 
    Dimension: 3
    Index: [0, 0, 0]
    Size: [193, 229, 193]
  BufferedRegion: 
    Dimension: 3
    Index: [0, 0, 0]
    Size: [193, 229, 193]
  RequestedRegion: 
    Dimension: 3
    Index: [0, 0, 0]
    Size: [193, 229, 193]
  Spacing: [1, 1, 1]
  Origin: [96, 132, -78]
  Direction: 
-1 0 0
0 -1 0
0 0 1

  IndexToPointMatrix: 
-1 0 0
0 -1 0
0 0 1

  PointToIndexMatrix: 
-1 0 0
0 -1 0
0 0 1

  Inverse Direction: 
-1 0 0
0 -1 0
0 0 1

  PixelContainer: 
    ImportImageContainer (0x521bd60)
      RTTI typeinfo:   itk::ImportImageContainer<unsigned long, double>
      Reference Count: 1
      Modified Time: 1186
      Debug: Off
      Object Name: 
      Observers: 
        none
      Pointer: 0x15254b853010
      Container manages memory: true
      Size: 8530021
      Capacity: 8530021

     Moving image = Image (0x520df60)
  RTTI typeinfo:   itk::Image<double, 3u>
  Reference Count: 2
  Modified Time: 1581
  Debug: Off
  Object Name: 
  Observers: 
    none
  Source: (none)
  Source output name: (none)
  Release Data: Off
  Data Released: False
  Global Release Data: Off
  PipelineMTime: 0
  UpdateMTime: 1578
  RealTimeStamp: 0 seconds 
  LargestPossibleRegion: 
    Dimension: 3
    Index: [0, 0, 0]
    Size: [176, 240, 256]
  BufferedRegion: 
    Dimension: 3
    Index: [0, 0, 0]
    Size: [176, 240, 256]
  RequestedRegion: 
    Dimension: 3
    Index: [0, 0, 0]
    Size: [176, 240, 256]
  Spacing: [0.999999, 1, 1]
  Origin: [90.3778, 84.5091, -154.071]
  Direction: 
-0.999391 7.48184e-06 -0.0348969
-7.47664e-06 -1 -2.7953e-07
-0.0348969 -1.84481e-08 0.999391

  IndexToPointMatrix: 
-0.99939 7.48184e-06 -0.0348969
-7.47663e-06 -1 -2.7953e-07
-0.0348968 -1.84481e-08 0.999391

  PointToIndexMatrix: 
-0.999392 -7.47665e-06 -0.0348969
7.48184e-06 -1 -1.84481e-08
-0.0348969 -2.7953e-07 0.999391

  Inverse Direction: 
-0.999391 -7.47664e-06 -0.0348969
7.48184e-06 -1 -1.84481e-08
-0.0348969 -2.7953e-07 0.999391

  PixelContainer: 
    ImportImageContainer (0x51ff6d0)
      RTTI typeinfo:   itk::ImportImageContainer<unsigned long, double>
      Reference Count: 1
      Modified Time: 1575
      Debug: Off
      Object Name: 
      Observers: 
        none
      Pointer: 0x1525465d2010
      Container manages memory: true
      Size: 10813440
      Capacity: 10813440

     Weighting = 1
     Sampling strategy = regular
     Number of bins = 32
     Radius = 4
     Sampling percentage  = 0.25
   Transform = Rigid
     Gradient step = 0.1
     Update field sigma (voxel space) = 0
     Total field sigma (voxel space) = 0
     Update field time sigma = 0
     Total field time sigma  = 0
     Number of time indices = 0
     Number of time point samples = 0
Registration using 1 total stages.

Stage 0
  iterations = 1000x500x250x100
  convergence threshold = 1e-06
  convergence window size = 10
  number of levels = 4
  using the Mattes MI metric (number of bins = 32, weight = 1, use gradient filter = 0)
  preprocessing:  winsorizing the image intensities
  Shrink factors (level 1 out of 4): [8, 8, 8]
  Shrink factors (level 2 out of 4): [4, 4, 4]
  Shrink factors (level 3 out of 4): [2, 2, 2]
  Shrink factors (level 4 out of 4): [1, 1, 1]
  smoothing sigmas per level: [3, 2, 1, 0]
  regular sampling (percentage = 0.25)

*** Running Euler3DTransform registration ***

DIAGNOSTIC,Iteration,metricValue,convergenceValue,ITERATION_TIME_INDEX,SINCE_LAST
 2DIAGNOSTIC,     1, -5.323241903179e-01, 1.797693134862e+308, 7.7347e-01, 7.7347e-01, 
 2DIAGNOSTIC,     2, -5.346190553927e-01, 1.797693134862e+308, 7.7792e-01, 4.4501e-03, 
 2DIAGNOSTIC,     3, -5.378036555361e-01, 1.797693134862e+308, 7.8225e-01, 4.3340e-03, 
 2DIAGNOSTIC,     4, -5.422949451405e-01, 1.797693134862e+308, 7.8620e-01, 3.9501e-03, 
 2DIAGNOSTIC,     5, -5.486805952477e-01, 1.797693134862e+308, 7.9022e-01, 4.0140e-03, 
 2DIAGNOSTIC,     6, -5.542790085272e-01, 1.797693134862e+308, 7.9431e-01, 4.0970e-03, 
 2DIAGNOSTIC,     7, -5.627123115611e-01, 1.797693134862e+308, 7.9846e-01, 4.1440e-03, 
 2DIAGNOSTIC,     8, -5.766609943856e-01, 1.797693134862e+308, 8.0301e-01, 4.5559e-03, 
 2DIAGNOSTIC,     9, -5.881111419397e-01, 1.797693134862e+308, 8.0756e-01, 4.5481e-03, 
 2DIAGNOSTIC,    10, -6.012927005665e-01, 7.820055967720e-03, 8.1361e-01, 6.0542e-03, 
 2DIAGNOSTIC,    11, -6.192402913589e-01, 8.564422673933e-03, 8.2153e-01, 7.9200e-03, 
 2DIAGNOSTIC,    12, -6.197111897442e-01, 8.513711436499e-03, 8.2595e-01, 4.4191e-03, 
 2DIAGNOSTIC,    13, -6.223136777510e-01, 7.932305190645e-03, 8.3036e-01, 4.4022e-03, 
 2DIAGNOSTIC,    14, -6.239859078532e-01, 6.938967258809e-03, 8.3477e-01, 4.4131e-03, 
 2DIAGNOSTIC,    15, -6.258731029037e-01, 5.722268374542e-03, 8.3932e-01, 4.5509e-03, 
 2DIAGNOSTIC,    16, -6.290042957045e-01, 4.404898010731e-03, 8.4381e-01, 4.4930e-03, 
 2DIAGNOSTIC,    17, -6.327399548183e-01, 3.192249458056e-03, 8.4952e-01, 5.7061e-03, 
 2DIAGNOSTIC,    18, -6.361770329222e-01, 2.298162514699e-03, 8.5564e-01, 6.1200e-03, 
 2DIAGNOSTIC,    19, -6.381920795136e-01, 1.629119691860e-03, 8.6088e-01, 5.2431e-03, 
 2DIAGNOSTIC,    20, -6.414786468621e-01, 1.264281191427e-03, 8.6578e-01, 4.9000e-03, 
 2DIAGNOSTIC,    21, -6.422621311553e-01, 1.244231354691e-03, 8.7104e-01, 5.2540e-03, 
 2DIAGNOSTIC,    22, -6.443386369728e-01, 1.164065699511e-03, 8.7572e-01, 4.6821e-03, 
 2DIAGNOSTIC,    23, -6.458367311051e-01, 1.066297095821e-03, 8.8086e-01, 5.1439e-03, 
 2DIAGNOSTIC,    24, -6.528535015861e-01, 1.047817943043e-03, 8.8673e-01, 5.8651e-03, 
 2DIAGNOSTIC,    25, -6.591704565403e-01, 1.083081264703e-03, 8.9372e-01, 6.9981e-03, 
 2DIAGNOSTIC,    26, -6.605963661956e-01, 1.093549179043e-03, 8.9896e-01, 5.2400e-03, 
 2DIAGNOSTIC,    27, -6.608439806402e-01, 1.070984916593e-03, 9.0359e-01, 4.6229e-03, 
 2DIAGNOSTIC,    28, -6.615671819208e-01, 1.019502610801e-03, 9.0825e-01, 4.6589e-03, 
 2DIAGNOSTIC,    29, -6.628794610292e-01, 9.260607273936e-04, 9.1304e-01, 4.7958e-03, 
 2DIAGNOSTIC,    30, -6.728294906413e-01, 9.537368754667e-04, 9.1953e-01, 6.4859e-03, 
 2DIAGNOSTIC,    31, -6.735478367499e-01, 9.084142155474e-04, 9.2422e-01, 4.6902e-03, 
 2DIAGNOSTIC,    32, -6.743491817645e-01, 8.254116453042e-04, 9.2896e-01, 4.7450e-03, 
 2DIAGNOSTIC,    33, -6.778518350127e-01, 7.396590175035e-04, 9.3385e-01, 4.8840e-03, 
 2DIAGNOSTIC,    34, -6.872952882391e-01, 8.064169529751e-04, 9.4361e-01, 9.7580e-03, 
 2DIAGNOSTIC,    35, -6.877322276924e-01, 8.751604695034e-04, 9.4837e-01, 4.7679e-03, 
 2DIAGNOSTIC,    36, -6.893214521703e-01, 8.964248039822e-04, 9.5308e-01, 4.7071e-03, 
 2DIAGNOSTIC,    37, -6.927379924211e-01, 8.791346906222e-04, 9.5775e-01, 4.6711e-03, 
 2DIAGNOSTIC,    38, -7.010227884336e-01, 8.853242091584e-04, 9.6250e-01, 4.7491e-03, 
 2DIAGNOSTIC,    39, -7.063989432450e-01, 8.771322153413e-04, 9.6720e-01, 4.7040e-03, 
 2DIAGNOSTIC,    40, -7.084300087545e-01, 9.204395347754e-04, 9.7194e-01, 4.7388e-03, 
 2DIAGNOSTIC,    41, -7.160979758215e-01, 9.681286207768e-04, 9.7729e-01, 5.3420e-03, 
 2DIAGNOSTIC,    42, -7.193400497522e-01, 9.620806586772e-04, 9.8368e-01, 6.3920e-03, 
 2DIAGNOSTIC,    43, -7.222281985854e-01, 9.268482019455e-04, 9.8911e-01, 5.4340e-03, 
 2DIAGNOSTIC,    44, -7.286025542110e-01, 9.644495785883e-04, 9.9421e-01, 5.0988e-03, 
 2DIAGNOSTIC,    45, -7.389849874881e-01, 1.013678405476e-03, 9.9919e-01, 4.9770e-03, 
 2DIAGNOSTIC,    46, -7.436287531518e-01, 1.021118454262e-03, 1.0042e+00, 4.9920e-03, 
 2DIAGNOSTIC,    47, -7.508790338135e-01, 1.028880968797e-03, 1.0128e+00, 8.6191e-03, 
 2DIAGNOSTIC,    48, -7.533801645712e-01, 1.035640777131e-03, 1.0183e+00, 5.4679e-03, 
 2DIAGNOSTIC,    49, -7.536839526046e-01, 9.939360774696e-04, 1.0231e+00, 4.7960e-03, 
 2DIAGNOSTIC,    50, -7.545783300735e-01, 8.828065046342e-04, 1.0278e+00, 4.7312e-03, 
 2DIAGNOSTIC,    51, -7.569523016908e-01, 7.769010821049e-04, 1.0333e+00, 5.5211e-03, 
 2DIAGNOSTIC,    52, -7.587778811773e-01, 6.431700106677e-04, 1.0388e+00, 5.4681e-03, 
 2DIAGNOSTIC,    53, -7.589386509918e-01, 4.780263670937e-04, 1.0446e+00, 5.8029e-03, 
 2DIAGNOSTIC,    54, -7.592675949255e-01, 3.268136152043e-04, 1.0498e+00, 5.2462e-03, 
 2DIAGNOSTIC,    55, -7.601566722357e-01, 2.383432757651e-04, 1.0550e+00, 5.1961e-03, 
 2DIAGNOSTIC,    56, -7.601943475588e-01, 1.645663458369e-04, 1.0602e+00, 5.2199e-03, 
 2DIAGNOSTIC,    57, -7.601663490989e-01, 1.314184379640e-04, 1.0648e+00, 4.5650e-03, 
 2DIAGNOSTIC,    58, -7.601159134040e-01, 1.053214086923e-04, 1.0700e+00, 5.2340e-03, 
 2DIAGNOSTIC,    59, -7.602082925032e-01, 7.320988103039e-05, 1.0746e+00, 4.5671e-03, 
 2DIAGNOSTIC,    60, -7.603517573002e-01, 4.221241793659e-05, 1.0792e+00, 4.5929e-03, 
 2DIAGNOSTIC,    61, -7.613580237791e-01, 3.139565824523e-05, 1.0846e+00, 5.3730e-03, 
 2DIAGNOSTIC,    62, -7.621503029649e-01, 3.572483160318e-05, 1.0922e+00, 7.6659e-03, 
 2DIAGNOSTIC,    63, -7.621987957656e-01, 3.788115284034e-05, 1.0977e+00, 5.4569e-03, 
 2DIAGNOSTIC,    64, -7.620849600102e-01, 3.776769900136e-05, 1.1025e+00, 4.8079e-03, 
 2DIAGNOSTIC,    65, -7.619699807352e-01, 3.911987138864e-05, 1.1077e+00, 5.1749e-03, 
 2DIAGNOSTIC,    66, -7.619717222496e-01, 3.686516772216e-05, 1.1123e+00, 4.5729e-03, 
 2DIAGNOSTIC,    67, -7.618541921608e-01, 3.018791651153e-05, 1.1169e+00, 4.5991e-03, 
 2DIAGNOSTIC,    68, -7.618565617477e-01, 2.066576164537e-05, 1.1215e+00, 4.5969e-03, 
 2DIAGNOSTIC,    69, -7.618584194961e-01, 1.021112567974e-05, 1.1261e+00, 4.6608e-03, 
DIAGNOSTIC,Iteration,metricValue,convergenceValue,ITERATION_TIME_INDEX,SINCE_LAST
 2DIAGNOSTIC,     1, -6.042051830277e-01, 1.797693134862e+308, 1.8740e+00, 7.4789e-01, 
 2DIAGNOSTIC,     2, -6.050633971927e-01, 1.797693134862e+308, 1.9044e+00, 3.0380e-02, 
 2DIAGNOSTIC,     3, -6.064193319405e-01, 1.797693134862e+308, 1.9368e+00, 3.2459e-02, 
 2DIAGNOSTIC,     4, -6.080015423917e-01, 1.797693134862e+308, 1.9693e+00, 3.2431e-02, 
 2DIAGNOSTIC,     5, -6.092392622439e-01, 1.797693134862e+308, 1.9996e+00, 3.0283e-02, 
 2DIAGNOSTIC,     6, -6.104438819930e-01, 1.797693134862e+308, 2.0300e+00, 3.0480e-02, 
 2DIAGNOSTIC,     7, -6.122461290698e-01, 1.797693134862e+308, 2.0611e+00, 3.1034e-02, 
 2DIAGNOSTIC,     8, -6.140215797935e-01, 1.797693134862e+308, 2.0958e+00, 3.4775e-02, 
 2DIAGNOSTIC,     9, -6.149129661033e-01, 1.797693134862e+308, 2.1360e+00, 4.0114e-02, 
 2DIAGNOSTIC,    10, -6.156515805301e-01, 1.287644067856e-03, 2.1654e+00, 2.9389e-02, 
 2DIAGNOSTIC,    11, -6.165852028101e-01, 1.144090681380e-03, 2.1937e+00, 2.8365e-02, 
 2DIAGNOSTIC,    12, -6.188017982264e-01, 1.039561668970e-03, 2.2361e+00, 4.2420e-02, 
 2DIAGNOSTIC,    13, -6.190404574050e-01, 9.114590868623e-04, 2.2671e+00, 3.0960e-02, 
 2DIAGNOSTIC,    14, -6.191029564678e-01, 7.745075898158e-04, 2.2947e+00, 2.7560e-02, 
 2DIAGNOSTIC,    15, -6.192273910666e-01, 6.287117338390e-04, 2.3239e+00, 2.9233e-02, 
 2DIAGNOSTIC,    16, -6.197021528893e-01, 4.913133536410e-04, 2.3565e+00, 3.2637e-02, 
 2DIAGNOSTIC,    17, -6.200960869598e-01, 3.828299169638e-04, 2.4029e+00, 4.6357e-02, 
 2DIAGNOSTIC,    18, -6.201860523142e-01, 2.988607895481e-04, 2.4466e+00, 4.3721e-02, 
 2DIAGNOSTIC,    19, -6.201871682421e-01, 2.188503984927e-04, 2.4799e+00, 3.3316e-02, 
 2DIAGNOSTIC,    20, -6.201751930540e-01, 1.437086308571e-04, 2.5075e+00, 2.7597e-02, 
 2DIAGNOSTIC,    21, -6.201815638343e-01, 8.174752675017e-05, 2.5379e+00, 3.0422e-02, 
 2DIAGNOSTIC,    22, -6.201955620779e-01, 6.454508069118e-05, 2.5692e+00, 3.1235e-02, 
 2DIAGNOSTIC,    23, -6.202255404126e-01, 4.842272237277e-05, 2.5968e+00, 2.7661e-02, 
 2DIAGNOSTIC,    24, -6.202683716770e-01, 3.142093349962e-05, 2.6241e+00, 2.7271e-02, 
 2DIAGNOSTIC,    25, -6.203328565455e-01, 1.630752020172e-05, 2.6514e+00, 2.7271e-02, 
 2DIAGNOSTIC,    26, -6.204410418876e-01, 1.109946493889e-05, 2.6790e+00, 2.7590e-02, 
 2DIAGNOSTIC,    27, -6.206696643484e-01, 1.590529429656e-05, 2.7065e+00, 2.7489e-02, 
 2DIAGNOSTIC,    28, -6.209135766466e-01, 2.439395483129e-05, 2.7383e+00, 3.1801e-02, 
 2DIAGNOSTIC,    29, -6.210101407096e-01, 3.160450709473e-05, 2.7835e+00, 4.5195e-02, 
 2DIAGNOSTIC,    30, -6.210925256690e-01, 3.657109971467e-05, 2.8130e+00, 2.9584e-02, 
 2DIAGNOSTIC,    31, -6.211657709658e-01, 3.904596659593e-05, 2.8487e+00, 3.5710e-02, 
 2DIAGNOSTIC,    32, -6.211463252400e-01, 3.762787749371e-05, 2.8857e+00, 3.6942e-02, 
 2DIAGNOSTIC,    33, -6.211526122403e-01, 3.331174705622e-05, 2.9162e+00, 3.0556e-02, 
 2DIAGNOSTIC,    34, -6.211444946854e-01, 2.666652058030e-05, 2.9458e+00, 2.9603e-02, 
 2DIAGNOSTIC,    35, -6.211703263927e-01, 1.916854301994e-05, 2.9796e+00, 3.3782e-02, 
 2DIAGNOSTIC,    36, -6.211958511968e-01, 1.200955827383e-05, 3.0129e+00, 3.3281e-02, 
 2DIAGNOSTIC,    37, -6.211962673281e-01, 6.968574756846e-06, 3.0465e+00, 3.3581e-02, 
 2DIAGNOSTIC,    38, -6.211967661544e-01, 4.574791553583e-06, 3.0796e+00, 3.3118e-02, 
 2DIAGNOSTIC,    39, -6.212189418780e-01, 3.333453873249e-06, 3.1100e+00, 3.0392e-02, 
 2DIAGNOSTIC,    40, -6.212572565885e-01, 3.264514299474e-06, 3.1456e+00, 3.5550e-02, 
 2DIAGNOSTIC,    41, -6.214134579089e-01, 5.528429937205e-06, 3.1785e+00, 3.2936e-02, 
 2DIAGNOSTIC,    42, -6.216279903979e-01, 9.327304082155e-06, 3.2243e+00, 4.5766e-02, 
 2DIAGNOSTIC,    43, -6.216960868308e-01, 1.289610338878e-05, 3.2583e+00, 3.4001e-02, 
 2DIAGNOSTIC,    44, -6.217426432069e-01, 1.556526042459e-05, 3.2910e+00, 3.2762e-02, 
 2DIAGNOSTIC,    45, -6.218050346308e-01, 1.760710281224e-05, 3.3576e+00, 6.6586e-02, 
 2DIAGNOSTIC,    46, -6.218140972742e-01, 1.825529918939e-05, 3.3939e+00, 3.6296e-02, 
 2DIAGNOSTIC,    47, -6.217964403430e-01, 1.700348824493e-05, 3.4365e+00, 4.2622e-02, 
 2DIAGNOSTIC,    48, -6.217889861222e-01, 1.419229259486e-05, 3.4769e+00, 4.0348e-02, 
 2DIAGNOSTIC,    49, -6.217816838906e-01, 1.036963556231e-05, 3.5131e+00, 3.6281e-02, 
 2DIAGNOSTIC,    50, -6.217736262847e-01, 6.027042723455e-06, 3.5487e+00, 3.5582e-02, 
 2DIAGNOSTIC,    51, -6.217555060763e-01, 2.539026510442e-06, 3.5850e+00, 3.6252e-02, 
DIAGNOSTIC,Iteration,metricValue,convergenceValue,ITERATION_TIME_INDEX,SINCE_LAST
 2DIAGNOSTIC,     1, -5.350348561155e-01, 1.797693134862e+308, 4.7900e+00, 1.2050e+00, 
 2DIAGNOSTIC,     2, -5.353004629460e-01, 1.797693134862e+308, 5.0370e+00, 2.4700e-01, 
 2DIAGNOSTIC,     3, -5.354746722343e-01, 1.797693134862e+308, 5.2859e+00, 2.4893e-01, 
 2DIAGNOSTIC,     4, -5.355758674096e-01, 1.797693134862e+308, 5.5868e+00, 3.0084e-01, 
 2DIAGNOSTIC,     5, -5.356615308041e-01, 1.797693134862e+308, 5.8540e+00, 2.6720e-01, 
 2DIAGNOSTIC,     6, -5.359198066433e-01, 1.797693134862e+308, 6.2555e+00, 4.0150e-01, 
 2DIAGNOSTIC,     7, -5.359210980601e-01, 1.797693134862e+308, 6.6698e+00, 4.1432e-01, 
 2DIAGNOSTIC,     8, -5.359205780379e-01, 1.797693134862e+308, 6.9071e+00, 2.3725e-01, 
 2DIAGNOSTIC,     9, -5.359181650496e-01, 1.797693134862e+308, 7.3119e+00, 4.0480e-01, 
 2DIAGNOSTIC,    10, -5.359182695408e-01, 1.061110233695e-04, 7.6180e+00, 3.0617e-01, 
 2DIAGNOSTIC,    11, -5.359162426179e-01, 6.871840396962e-05, 7.8886e+00, 2.7057e-01, 
 2DIAGNOSTIC,    12, -5.359131296496e-01, 4.311544904209e-05, 8.1533e+00, 2.6466e-01, 
 2DIAGNOSTIC,    13, -5.359111271832e-01, 2.492591197756e-05, 8.4223e+00, 2.6899e-01, 
 2DIAGNOSTIC,    14, -5.359101621788e-01, 1.111899081059e-05, 8.6598e+00, 2.3749e-01, 
 2DIAGNOSTIC,    15, -5.359103591229e-01, 1.119663207108e-06, 8.9217e+00, 2.6192e-01, 
 2DIAGNOSTIC,    16, -5.359106851441e-01, 1.033578505547e-06, 9.2277e+00, 3.0605e-01, 
 2DIAGNOSTIC,    17, -5.359108317047e-01, 1.091436879992e-06, 9.4974e+00, 2.6965e-01, 
 2DIAGNOSTIC,    18, -5.359098524995e-01, 1.173398201534e-06, 9.7298e+00, 2.3240e-01, 
 2DIAGNOSTIC,    19, -5.359089445714e-01, 1.208522700136e-06, 9.9908e+00, 2.6108e-01, 
 2DIAGNOSTIC,    20, -5.359102354491e-01, 1.320546170670e-06, 1.0271e+01, 2.7999e-01, 
 2DIAGNOSTIC,    21, -5.359060602682e-01, 1.289887633725e-06, 1.0531e+01, 2.6054e-01, 
 2DIAGNOSTIC,    22, -5.359050792591e-01, 1.188412160631e-06, 1.0759e+01, 2.2792e-01, 
 2DIAGNOSTIC,    23, -5.359052524349e-01, 1.078928160765e-06, 1.1043e+01, 2.8368e-01, 
DIAGNOSTIC,Iteration,metricValue,convergenceValue,ITERATION_TIME_INDEX,SINCE_LAST
 2DIAGNOSTIC,     1, -4.896968871509e-01, 1.797693134862e+308, 1.4690e+01, 3.6467e+00, 
 2DIAGNOSTIC,     2, -4.896981564756e-01, 1.797693134862e+308, 1.7145e+01, 2.4549e+00, 
 2DIAGNOSTIC,     3, -4.896983525575e-01, 1.797693134862e+308, 1.8717e+01, 1.5727e+00, 
 2DIAGNOSTIC,     4, -4.896980812289e-01, 1.797693134862e+308, 2.0695e+01, 1.9777e+00, 
 2DIAGNOSTIC,     5, -4.896978193808e-01, 1.797693134862e+308, 2.2256e+01, 1.5609e+00, 
 2DIAGNOSTIC,     6, -4.896976430203e-01, 1.797693134862e+308, 2.3898e+01, 1.6426e+00, 
 2DIAGNOSTIC,     7, -4.896975681217e-01, 1.797693134862e+308, 2.5484e+01, 1.5858e+00, 
 2DIAGNOSTIC,     8, -4.896974055209e-01, 1.797693134862e+308, 2.7233e+01, 1.7484e+00, 
 2DIAGNOSTIC,     9, -4.896972726243e-01, 1.797693134862e+308, 2.8860e+01, 1.6277e+00, 
 2DIAGNOSTIC,    10, -4.896971042673e-01, 3.094594249298e-06, 3.0502e+01, 1.6416e+00, 
 2DIAGNOSTIC,    11, -4.896970521995e-01, 2.735209765320e-06, 3.2021e+01, 1.5188e+00, 
 2DIAGNOSTIC,    12, -4.896970447087e-01, 2.510147701931e-06, 3.3463e+01, 1.4421e+00, 
 2DIAGNOSTIC,    13, -4.896972285910e-01, 2.349469765003e-06, 3.5224e+01, 1.7611e+00, 
 2DIAGNOSTIC,    14, -4.896973017714e-01, 2.212442278202e-06, 3.6608e+01, 1.3838e+00, 
 2DIAGNOSTIC,    15, -4.896971558797e-01, 2.083553748672e-06, 3.8149e+01, 1.5413e+00, 
 2DIAGNOSTIC,    16, -4.896970474361e-01, 1.964124331108e-06, 3.9557e+01, 1.4083e+00, 
 2DIAGNOSTIC,    17, -4.896970234171e-01, 1.857662091695e-06, 4.1266e+01, 1.7083e+00, 
 2DIAGNOSTIC,    18, -4.896968074940e-01, 1.751897845396e-06, 4.2898e+01, 1.6325e+00, 
 2DIAGNOSTIC,    19, -4.896966609067e-01, 1.650357551036e-06, 4.4434e+01, 1.5354e+00, 
 2DIAGNOSTIC,    20, -4.896965306427e-01, 1.552759591218e-06, 4.5951e+01, 1.5175e+00, 
 2DIAGNOSTIC,    21, -4.896965868412e-01, 1.468211308815e-06, 4.7822e+01, 1.8705e+00, 
 2DIAGNOSTIC,    22, -4.896966293524e-01, 1.396336367039e-06, 4.9509e+01, 1.6875e+00, 
 2DIAGNOSTIC,    23, -4.896964473429e-01, 1.335295473255e-06, 5.1198e+01, 1.6885e+00, 
 2DIAGNOSTIC,    24, -4.896964801158e-01, 1.286690652372e-06, 5.2592e+01, 1.3948e+00, 
 2DIAGNOSTIC,    25, -4.896960699924e-01, 1.232688696860e-06, 5.3981e+01, 1.3883e+00, 
 2DIAGNOSTIC,    26, -4.896961634730e-01, 1.186335585032e-06, 5.5335e+01, 1.3541e+00, 
 2DIAGNOSTIC,    27, -4.896963216485e-01, 1.149688231755e-06, 5.6776e+01, 1.4407e+00, 
 2DIAGNOSTIC,    28, -4.896967037660e-01, 1.121709320255e-06, 5.8664e+01, 1.8882e+00, 
 2DIAGNOSTIC,    29, -4.896965911704e-01, 1.091814738709e-06, 6.0211e+01, 1.5471e+00, 
 2DIAGNOSTIC,    30, -4.896964632505e-01, 1.059645659059e-06, 6.1904e+01, 1.6931e+00, 
 2DIAGNOSTIC,    31, -4.896965048168e-01, 1.031541055622e-06, 6.3367e+01, 1.4629e+00, 
 2DIAGNOSTIC,    32, -4.896963422078e-01, 1.002318620602e-06, 6.4870e+01, 1.5027e+00, 
  Elapsed time (stage 0): 6.5729e+01


Total elapsed time: 6.5731e+01
Info [verificarlo]: loaded backend libinterflop_ieee.so
Info [interflop-ieee]: load backend with:
Info [interflop-ieee]: debug = false
Info [interflop-ieee]: debug-binary = false
Info [interflop-ieee]: no-backend-name = false
Info [interflop-ieee]: print-new-line = false
Info [interflop-ieee]: print-subnormal-normalized = false
Info [interflop-ieee]: count-op = false
All_Command_lines_OK
Using double precision for computations.
=============================================================================
The composite transform comprises the following transforms (in order): 
  1. /home/mdugre/scratch/mri-registration-rp/datasets/ds004513/derivatives/mri-registration-rp/0001/antsRegistration-r8-p15/sub-s025/rigid_Composite.h5[0] (type = Euler3DTransform)
  2. /home/mdugre/scratch/mri-registration-rp/datasets/ds004513/derivatives/mri-registration-rp/0001/antsRegistration-r8-p15/sub-s025/rigid_Composite.h5[1] (type = Euler3DTransform)
  3. /home/mdugre/scratch/mri-registration-rp/datasets/ds004513/derivatives/mri-registration-rp/0001/antsRegistration-r8-p15/sub-s025/rigid_Composite.h5[2] (type = Euler3DTransform)
=============================================================================
  number of levels = 4
  fixed image: /templateflow/tpl-MNI152NLin2009cAsym/tpl-MNI152NLin2009cAsym_res-01_desc-brain_T1w.nii.gz
  moving image: /home/mdugre/scratch/mri-registration-rp/datasets/ds004513/derivatives/mri-registration-rp/antsBrainExtraction/sub-s025/BrainExtractionBrain.nii.gz
Dimension = 3
Number of stages = 1
Use histogram matching = false
Winsorize image intensities = true
  Lower quantile = 0.005
  Upper quantile = 0.995


Stage 1 State
   Image metric = MattesMI
     Fixed image = Image (0x3d417e0)
  RTTI typeinfo:   itk::Image<double, 3u>
  Reference Count: 2
  Modified Time: 1594
  Debug: Off
  Object Name: 
  Observers: 
    none
  Source: (none)
  Source output name: (none)
  Release Data: Off
  Data Released: False
  Global Release Data: Off
  PipelineMTime: 0
  UpdateMTime: 1203
  RealTimeStamp: 0 seconds 
  LargestPossibleRegion: 
    Dimension: 3
    Index: [0, 0, 0]
    Size: [193, 229, 193]
  BufferedRegion: 
    Dimension: 3
    Index: [0, 0, 0]
    Size: [193, 229, 193]
  RequestedRegion: 
    Dimension: 3
    Index: [0, 0, 0]
    Size: [193, 229, 193]
  Spacing: [1, 1, 1]
  Origin: [96, 132, -78]
  Direction: 
-1 0 0
0 -1 0
0 0 1

  IndexToPointMatrix: 
-1 0 0
0 -1 0
0 0 1

  PointToIndexMatrix: 
-1 0 0
0 -1 0
0 0 1

  Inverse Direction: 
-1 0 0
0 -1 0
0 0 1

  PixelContainer: 
    ImportImageContainer (0x3e01a20)
      RTTI typeinfo:   itk::ImportImageContainer<unsigned long, double>
      Reference Count: 1
      Modified Time: 1200
      Debug: Off
      Object Name: 
      Observers: 
        none
      Pointer: 0x14859910b010
      Container manages memory: true
      Size: 8530021
      Capacity: 8530021

     Moving image = Image (0x3dfcd70)
  RTTI typeinfo:   itk::Image<double, 3u>
  Reference Count: 2
  Modified Time: 1595
  Debug: Off
  Object Name: 
  Observers: 
    none
  Source: (none)
  Source output name: (none)
  Release Data: Off
  Data Released: False
  Global Release Data: Off
  PipelineMTime: 0
  UpdateMTime: 1592
  RealTimeStamp: 0 seconds 
  LargestPossibleRegion: 
    Dimension: 3
    Index: [0, 0, 0]
    Size: [176, 240, 256]
  BufferedRegion: 
    Dimension: 3
    Index: [0, 0, 0]
    Size: [176, 240, 256]
  RequestedRegion: 
    Dimension: 3
    Index: [0, 0, 0]
    Size: [176, 240, 256]
  Spacing: [0.999999, 1, 1]
  Origin: [90.3778, 84.5091, -154.071]
  Direction: 
-0.999391 7.48184e-06 -0.0348969
-7.47664e-06 -1 -2.7953e-07
-0.0348969 -1.84481e-08 0.999391

  IndexToPointMatrix: 
-0.99939 7.48184e-06 -0.0348969
-7.47663e-06 -1 -2.7953e-07
-0.0348968 -1.84481e-08 0.999391

  PointToIndexMatrix: 
-0.999392 -7.47665e-06 -0.0348969
7.48184e-06 -1 -1.84481e-08
-0.0348969 -2.7953e-07 0.999391

  Inverse Direction: 
-0.999391 -7.47664e-06 -0.0348969
7.48184e-06 -1 -1.84481e-08
-0.0348969 -2.7953e-07 0.999391

  PixelContainer: 
    ImportImageContainer (0x3db4c90)
      RTTI typeinfo:   itk::ImportImageContainer<unsigned long, double>
      Reference Count: 1
      Modified Time: 1589
      Debug: Off
      Object Name: 
      Observers: 
        none
      Pointer: 0x148593e8a010
      Container manages memory: true
      Size: 10813440
      Capacity: 10813440

     Weighting = 1
     Sampling strategy = regular
     Number of bins = 32
     Radius = 4
     Sampling percentage  = 0.25
   Transform = Affine
     Gradient step = 0.1
     Update field sigma (voxel space) = 0
     Total field sigma (voxel space) = 0
     Update field time sigma = 0
     Total field time sigma  = 0
     Number of time indices = 0
     Number of time point samples = 0
Registration using 1 total stages.

Stage 0
  iterations = 1000x500x250x100
  convergence threshold = 1e-06
  convergence window size = 10
  number of levels = 4
  using the Mattes MI metric (number of bins = 32, weight = 1, use gradient filter = 0)
  preprocessing:  winsorizing the image intensities
  Shrink factors (level 1 out of 4): [8, 8, 8]
  Shrink factors (level 2 out of 4): [4, 4, 4]
  Shrink factors (level 3 out of 4): [2, 2, 2]
  Shrink factors (level 4 out of 4): [1, 1, 1]
  smoothing sigmas per level: [3, 2, 1, 0]
  regular sampling (percentage = 0.25)

*** Running AffineTransform registration ***

DIAGNOSTIC,Iteration,metricValue,convergenceValue,ITERATION_TIME_INDEX,SINCE_LAST
 2DIAGNOSTIC,     1, -7.477265003248e-01, 1.797693134862e+308, 7.2373e-01, 7.2373e-01, 
 2DIAGNOSTIC,     2, -7.497847605545e-01, 1.797693134862e+308, 7.2894e-01, 5.2102e-03, 
 2DIAGNOSTIC,     3, -7.530690109483e-01, 1.797693134862e+308, 7.3434e-01, 5.4021e-03, 
 2DIAGNOSTIC,     4, -7.590258822067e-01, 1.797693134862e+308, 7.4003e-01, 5.6911e-03, 
 2DIAGNOSTIC,     5, -7.704713588966e-01, 1.797693134862e+308, 7.4523e-01, 5.1951e-03, 
 2DIAGNOSTIC,     6, -7.857724305281e-01, 1.797693134862e+308, 7.4993e-01, 4.7021e-03, 
 2DIAGNOSTIC,     7, -8.148975050477e-01, 1.797693134862e+308, 7.5477e-01, 4.8440e-03, 
 2DIAGNOSTIC,     8, -8.925887662522e-01, 1.797693134862e+308, 7.6089e-01, 6.1181e-03, 
 2DIAGNOSTIC,     9, -9.116370357640e-01, 1.797693134862e+308, 7.6626e-01, 5.3649e-03, 
 2DIAGNOSTIC,    10, -9.194996890245e-01, 1.542424410012e-02, 7.7253e-01, 6.2702e-03, 
 2DIAGNOSTIC,    11, -9.247149924189e-01, 1.540440643494e-02, 7.7744e-01, 4.9081e-03, 
 2DIAGNOSTIC,    12, -9.326011580502e-01, 1.428232495247e-02, 7.8317e-01, 5.7349e-03, 
 2DIAGNOSTIC,    13, -9.351024578154e-01, 1.218915282117e-02, 7.9068e-01, 7.5059e-03, 
 2DIAGNOSTIC,    14, -9.353220774925e-01, 9.472326067543e-03, 7.9549e-01, 4.8170e-03, 
 2DIAGNOSTIC,    15, -9.363571451659e-01, 6.597075016157e-03, 8.0139e-01, 5.8939e-03, 
 2DIAGNOSTIC,    16, -9.368445180027e-01, 3.846781675047e-03, 8.0639e-01, 5.0011e-03, 
 2DIAGNOSTIC,    17, -9.374599930734e-01, 1.634224549663e-03, 8.1198e-01, 5.5931e-03, 
 2DIAGNOSTIC,    18, -9.388810875694e-01, 9.730085890387e-04, 8.1751e-01, 5.5261e-03, 
 2DIAGNOSTIC,    19, -9.388165065505e-01, 6.226314260631e-04, 8.2491e-01, 7.4000e-03, 
 2DIAGNOSTIC,    20, -9.385868566033e-01, 3.766537654372e-04, 8.3053e-01, 5.6241e-03, 
 2DIAGNOSTIC,    21, -9.386789592434e-01, 2.002096157017e-04, 8.3554e-01, 5.0039e-03, 
 2DIAGNOSTIC,    22, -9.385991926872e-01, 1.360340049476e-04, 8.4054e-01, 5.0018e-03, 
 2DIAGNOSTIC,    23, -9.386935540783e-01, 1.014670404239e-04, 8.4573e-01, 5.1918e-03, 
 2DIAGNOSTIC,    24, -9.386843986536e-01, 6.317191539001e-05, 8.5131e-01, 5.5809e-03, 
 2DIAGNOSTIC,    25, -9.384642297758e-01, 3.305496318912e-05, 8.5649e-01, 5.1770e-03, 
 2DIAGNOSTIC,    26, -9.384469023780e-01, 8.267159757165e-06, 8.6202e-01, 5.5280e-03, 
DIAGNOSTIC,Iteration,metricValue,convergenceValue,ITERATION_TIME_INDEX,SINCE_LAST
 2DIAGNOSTIC,     1, -7.511927791505e-01, 1.797693134862e+308, 1.6273e+00, 7.6531e-01, 
 2DIAGNOSTIC,     2, -7.515131877328e-01, 1.797693134862e+308, 1.6670e+00, 3.9707e-02, 
 2DIAGNOSTIC,     3, -7.517883567476e-01, 1.797693134862e+308, 1.7047e+00, 3.7623e-02, 
 2DIAGNOSTIC,     4, -7.523483889723e-01, 1.797693134862e+308, 1.7396e+00, 3.4962e-02, 
 2DIAGNOSTIC,     5, -7.534135087077e-01, 1.797693134862e+308, 1.7861e+00, 4.6443e-02, 
 2DIAGNOSTIC,     6, -7.540192448602e-01, 1.797693134862e+308, 1.8366e+00, 5.0494e-02, 
 2DIAGNOSTIC,     7, -7.540235743172e-01, 1.797693134862e+308, 1.8726e+00, 3.6000e-02, 
 2DIAGNOSTIC,     8, -7.540478579668e-01, 1.797693134862e+308, 1.9128e+00, 4.0230e-02, 
 2DIAGNOSTIC,     9, -7.540783074020e-01, 1.797693134862e+308, 1.9544e+00, 4.1615e-02, 
 2DIAGNOSTIC,    10, -7.540513146526e-01, 2.888086675097e-04, 1.9890e+00, 3.4622e-02, 
 2DIAGNOSTIC,    11, -7.540911611675e-01, 2.110075706013e-04, 2.0451e+00, 5.6083e-02, 
 2DIAGNOSTIC,    12, -7.540738603138e-01, 1.374644727890e-04, 2.0844e+00, 3.9295e-02, 
 2DIAGNOSTIC,    13, -7.540623302659e-01, 7.092117575620e-05, 2.1175e+00, 3.3099e-02, 
 2DIAGNOSTIC,    14, -7.540522657663e-01, 2.187756515880e-05, 2.1602e+00, 4.2743e-02, 
 2DIAGNOSTIC,    15, -7.540543921697e-01, 4.005908900789e-06, 2.1969e+00, 3.6611e-02, 
 2DIAGNOSTIC,    16, -7.540287138967e-01, 1.868134771321e-06, 2.2404e+00, 4.3509e-02, 
DIAGNOSTIC,Iteration,metricValue,convergenceValue,ITERATION_TIME_INDEX,SINCE_LAST
 2DIAGNOSTIC,     1, -6.418901335560e-01, 1.797693134862e+308, 3.3664e+00, 1.1261e+00, 
 2DIAGNOSTIC,     2, -6.423141339805e-01, 1.797693134862e+308, 3.6525e+00, 2.8605e-01, 
 2DIAGNOSTIC,     3, -6.427466741445e-01, 1.797693134862e+308, 3.9318e+00, 2.7938e-01, 
 2DIAGNOSTIC,     4, -6.431935374053e-01, 1.797693134862e+308, 4.2199e+00, 2.8802e-01, 
 2DIAGNOSTIC,     5, -6.440729359788e-01, 1.797693134862e+308, 4.6053e+00, 3.8547e-01, 
 2DIAGNOSTIC,     6, -6.451225121335e-01, 1.797693134862e+308, 5.0797e+00, 4.7440e-01, 
 2DIAGNOSTIC,     7, -6.451351222004e-01, 1.797693134862e+308, 5.4034e+00, 3.2369e-01, 
 2DIAGNOSTIC,     8, -6.451295957642e-01, 1.797693134862e+308, 5.6820e+00, 2.7858e-01, 
 2DIAGNOSTIC,     9, -6.451310582615e-01, 1.797693134862e+308, 6.0113e+00, 3.2925e-01, 
 2DIAGNOSTIC,    10, -6.451316842125e-01, 3.763418420622e-04, 6.3633e+00, 3.5209e-01, 
 2DIAGNOSTIC,    11, -6.451324691727e-01, 2.739723896280e-04, 6.6810e+00, 3.1763e-01, 
 2DIAGNOSTIC,    12, -6.451301715282e-01, 1.800094900022e-04, 7.1162e+00, 4.3525e-01, 
 2DIAGNOSTIC,    13, -6.451299016188e-01, 9.968946820646e-05, 7.4406e+00, 3.2436e-01, 
 2DIAGNOSTIC,    14, -6.451272632630e-01, 3.563365612345e-05, 7.7917e+00, 3.5109e-01, 
 2DIAGNOSTIC,    15, -6.451267300631e-01, 2.043306202779e-06, 8.2226e+00, 4.3095e-01, 
 2DIAGNOSTIC,    16, -6.451256019653e-01, 1.552033849550e-06, 8.4945e+00, 2.7189e-01, 
 2DIAGNOSTIC,    17, -6.451218225510e-01, 1.393394671936e-06, 8.7551e+00, 2.6063e-01, 
 2DIAGNOSTIC,    18, -6.451212518124e-01, 1.149478960932e-06, 9.0844e+00, 3.2927e-01, 
DIAGNOSTIC,Iteration,metricValue,convergenceValue,ITERATION_TIME_INDEX,SINCE_LAST
 2DIAGNOSTIC,     1, -5.765526572029e-01, 1.797693134862e+308, 1.1869e+01, 2.7841e+00, 
 2DIAGNOSTIC,     2, -5.769712932479e-01, 1.797693134862e+308, 1.3483e+01, 1.6148e+00, 
 2DIAGNOSTIC,     3, -5.774517516222e-01, 1.797693134862e+308, 1.5302e+01, 1.8183e+00, 
 2DIAGNOSTIC,     4, -5.779740855625e-01, 1.797693134862e+308, 1.6918e+01, 1.6163e+00, 
 2DIAGNOSTIC,     5, -5.785125427564e-01, 1.797693134862e+308, 1.8611e+01, 1.6933e+00, 
 2DIAGNOSTIC,     6, -5.790724779583e-01, 1.797693134862e+308, 2.2096e+01, 3.4847e+00, 
 2DIAGNOSTIC,     7, -5.790728437956e-01, 1.797693134862e+308, 2.4093e+01, 1.9968e+00, 
 2DIAGNOSTIC,     8, -5.790728683401e-01, 1.797693134862e+308, 2.6162e+01, 2.0693e+00, 
 2DIAGNOSTIC,     9, -5.790726036556e-01, 1.797693134862e+308, 2.8122e+01, 1.9600e+00, 
 2DIAGNOSTIC,    10, -5.790724658924e-01, 3.029418219543e-04, 3.0087e+01, 1.9646e+00, 
 2DIAGNOSTIC,    11, -5.790721189750e-01, 2.061420350082e-04, 3.1739e+01, 1.6525e+00, 
 2DIAGNOSTIC,    12, -5.790719913666e-01, 1.243754360394e-04, 3.3675e+01, 1.9362e+00, 
 2DIAGNOSTIC,    13, -5.790720117681e-01, 6.239545565354e-05, 3.5732e+01, 2.0563e+00, 
 2DIAGNOSTIC,    14, -5.790715833785e-01, 2.184359303195e-05, 3.7724e+01, 1.9922e+00, 
 2DIAGNOSTIC,    15, -5.790715448272e-01, 2.025036407408e-06, 3.9542e+01, 1.8181e+00, 
 2DIAGNOSTIC,    16, -5.790715829610e-01, 1.886459265812e-06, 4.1324e+01, 1.7821e+00, 
 2DIAGNOSTIC,    17, -5.790709962816e-01, 1.767006286423e-06, 4.3146e+01, 1.8217e+00, 
 2DIAGNOSTIC,    18, -5.790713725551e-01, 1.682042163796e-06, 4.5066e+01, 1.9204e+00, 
 2DIAGNOSTIC,    19, -5.790709188591e-01, 1.595158890068e-06, 4.7158e+01, 2.0923e+00, 
 2DIAGNOSTIC,    20, -5.790708268583e-01, 1.519246180477e-06, 4.9114e+01, 1.9554e+00, 
 2DIAGNOSTIC,    21, -5.790707084205e-01, 1.446468175639e-06, 5.1066e+01, 1.9523e+00, 
 2DIAGNOSTIC,    22, -5.790705816569e-01, 1.381029260290e-06, 5.2733e+01, 1.6673e+00, 
 2DIAGNOSTIC,    23, -5.790703208695e-01, 1.322533848117e-06, 5.4461e+01, 1.7274e+00, 
 2DIAGNOSTIC,    24, -5.790702369316e-01, 1.264233884170e-06, 5.6451e+01, 1.9900e+00, 
