
##########################
# Experiment information #
##########################

EXPERIMENT_NAME: antsRegistration-r7-p13
VFC_BACKENDS: libinterflop_vprec.so --range-binary32=7 --precision-binary32=13 --range-binary64=7 --precision-binary64=13

SIF_IMG: /home/mdugre/projects/rrg-glatard/mdugre/containers/ants-vprec-no_metrics.simg

SUBJECT_ID: s003
INPUT_IMG: /home/mdugre/scratch/mri-registration-rp/datasets/ds004513/derivatives/mri-registration-rp/antsBrainExtraction/sub-s003/BrainExtractionBrain.nii.gz
OUTPUT_DIR: /home/mdugre/scratch/mri-registration-rp/datasets/ds004513/derivatives/mri-registration-rp/0001/antsRegistration-r7-p13/sub-s003

FIXED_IMG: /templateflow/tpl-MNI152NLin2009cAsym/tpl-MNI152NLin2009cAsym_res-01_desc-brain_T1w.nii.gz
DATA_DIR: /home/mdugre/scratch/mri-registration-rp/datasets/ds004513
TEMPLATEFLOW_DIR: /home/mdugre/projects/rrg-glatard/mdugre/templateflow
ITK_GLOBAL_DEFAULT_NUMBER_OF_THREADS: 16
##########################

Info [verificarlo]: loaded backend libinterflop_ieee.so
Info [interflop-ieee]: load backend with:
Info [interflop-ieee]: debug = false
Info [interflop-ieee]: debug-binary = false
Info [interflop-ieee]: no-backend-name = false
Info [interflop-ieee]: print-new-line = false
Info [interflop-ieee]: print-subnormal-normalized = false
Info [interflop-ieee]: count-op = false
All_Command_lines_OK
Using double precision for computations.
=============================================================================
The composite transform comprises the following transforms (in order): 
  1. Center of mass alignment using fixed image: /templateflow/tpl-MNI152NLin2009cAsym/tpl-MNI152NLin2009cAsym_res-01_desc-brain_T1w.nii.gz and moving image: /home/mdugre/scratch/mri-registration-rp/datasets/ds004513/derivatives/mri-registration-rp/antsBrainExtraction/sub-s003/BrainExtractionBrain.nii.gz (type = Euler3DTransform)
=============================================================================
  number of levels = 1
  fixed image: /templateflow/tpl-MNI152NLin2009cAsym/tpl-MNI152NLin2009cAsym_res-01_desc-brain_T1w.nii.gz
  moving image: /home/mdugre/scratch/mri-registration-rp/datasets/ds004513/derivatives/mri-registration-rp/antsBrainExtraction/sub-s003/BrainExtractionBrain.nii.gz
Dimension = 3
Number of stages = 1
Use histogram matching = false
Winsorize image intensities = true
  Lower quantile = 0.005
  Upper quantile = 0.995


Stage 1 State
   Image metric = MattesMI
     Fixed image = Image (0x4199e70)
  RTTI typeinfo:   itk::Image<double, 3u>
  Reference Count: 2
  Modified Time: 2334
  Debug: Off
  Object Name: 
  Observers: 
    none
  Source: (none)
  Source output name: (none)
  Release Data: Off
  Data Released: False
  Global Release Data: Off
  PipelineMTime: 0
  UpdateMTime: 1943
  RealTimeStamp: 0 seconds 
  LargestPossibleRegion: 
    Dimension: 3
    Index: [0, 0, 0]
    Size: [193, 229, 193]
  BufferedRegion: 
    Dimension: 3
    Index: [0, 0, 0]
    Size: [193, 229, 193]
  RequestedRegion: 
    Dimension: 3
    Index: [0, 0, 0]
    Size: [193, 229, 193]
  Spacing: [1, 1, 1]
  Origin: [96, 132, -78]
  Direction: 
-1 0 0
0 -1 0
0 0 1

  IndexToPointMatrix: 
-1 0 0
0 -1 0
0 0 1

  PointToIndexMatrix: 
-1 0 0
0 -1 0
0 0 1

  Inverse Direction: 
-1 0 0
0 -1 0
0 0 1

  PixelContainer: 
    ImportImageContainer (0x41a6140)
      RTTI typeinfo:   itk::ImportImageContainer<unsigned long, double>
      Reference Count: 1
      Modified Time: 1940
      Debug: Off
      Object Name: 
      Observers: 
        none
      Pointer: 0x15034ef4e010
      Container manages memory: true
      Size: 8530021
      Capacity: 8530021

     Moving image = Image (0x41a3310)
  RTTI typeinfo:   itk::Image<double, 3u>
  Reference Count: 2
  Modified Time: 2335
  Debug: Off
  Object Name: 
  Observers: 
    none
  Source: (none)
  Source output name: (none)
  Release Data: Off
  Data Released: False
  Global Release Data: Off
  PipelineMTime: 0
  UpdateMTime: 2332
  RealTimeStamp: 0 seconds 
  LargestPossibleRegion: 
    Dimension: 3
    Index: [0, 0, 0]
    Size: [176, 240, 256]
  BufferedRegion: 
    Dimension: 3
    Index: [0, 0, 0]
    Size: [176, 240, 256]
  RequestedRegion: 
    Dimension: 3
    Index: [0, 0, 0]
    Size: [176, 240, 256]
  Spacing: [0.999999, 1, 1]
  Origin: [93.3499, 86.9368, -128.957]
  Direction: 
-0.999513 -0.0279216 -0.0139567
0.0279189 -0.99961 0.000389866
-0.0139622 2.01492e-08 0.999903

  IndexToPointMatrix: 
-0.999512 -0.0279216 -0.0139567
0.0279189 -0.99961 0.000389866
-0.0139621 2.01492e-08 0.999903

  PointToIndexMatrix: 
-0.999514 0.0279189 -0.0139622
-0.0279216 -0.99961 2.01716e-08
-0.0139567 0.000389866 0.999903

  Inverse Direction: 
-0.999513 0.0279189 -0.0139622
-0.0279216 -0.99961 2.01716e-08
-0.0139567 0.000389866 0.999903

  PixelContainer: 
    ImportImageContainer (0x42ce610)
      RTTI typeinfo:   itk::ImportImageContainer<unsigned long, double>
      Reference Count: 1
      Modified Time: 2329
      Debug: Off
      Object Name: 
      Observers: 
        none
      Pointer: 0x150349ccd010
      Container manages memory: true
      Size: 10813440
      Capacity: 10813440

     Weighting = 1
     Sampling strategy = regular
     Number of bins = 32
     Radius = 4
     Sampling percentage  = 0.25
   Transform = Rigid
     Gradient step = 0.1
     Update field sigma (voxel space) = 0
     Total field sigma (voxel space) = 0
     Update field time sigma = 0
     Total field time sigma  = 0
     Number of time indices = 0
     Number of time point samples = 0
Registration using 1 total stages.

Stage 0
  iterations = 0
  convergence threshold = 1e-06
  convergence window size = 10
  number of levels = 1
  using the Mattes MI metric (number of bins = 32, weight = 1, use gradient filter = 0)
  preprocessing:  winsorizing the image intensities
  Shrink factors (level 1 out of 1): [1, 1, 1]
  smoothing sigmas per level: [0]
  regular sampling (percentage = 0.25)

*** Running Euler3DTransform registration ***

  Elapsed time (stage 0): 1.15267


Total elapsed time: 1.15862
Info [verificarlo]: loaded backend libinterflop_ieee.so
Info [interflop-ieee]: load backend with:
Info [interflop-ieee]: debug = false
Info [interflop-ieee]: debug-binary = false
Info [interflop-ieee]: no-backend-name = false
Info [interflop-ieee]: print-new-line = false
Info [interflop-ieee]: print-subnormal-normalized = false
Info [interflop-ieee]: count-op = false
All_Command_lines_OK
Using double precision for computations.
=============================================================================
The composite transform comprises the following transforms (in order): 
  1. /home/mdugre/scratch/mri-registration-rp/datasets/ds004513/derivatives/mri-registration-rp/0001/antsRegistration-r7-p13/sub-s003/align_Composite.h5[0] (type = Euler3DTransform)
  2. /home/mdugre/scratch/mri-registration-rp/datasets/ds004513/derivatives/mri-registration-rp/0001/antsRegistration-r7-p13/sub-s003/align_Composite.h5[1] (type = Euler3DTransform)
=============================================================================
  number of levels = 4
  fixed image: /templateflow/tpl-MNI152NLin2009cAsym/tpl-MNI152NLin2009cAsym_res-01_desc-brain_T1w.nii.gz
  moving image: /home/mdugre/scratch/mri-registration-rp/datasets/ds004513/derivatives/mri-registration-rp/antsBrainExtraction/sub-s003/BrainExtractionBrain.nii.gz
Dimension = 3
Number of stages = 1
Use histogram matching = false
Winsorize image intensities = true
  Lower quantile = 0.005
  Upper quantile = 0.995


Stage 1 State
   Image metric = MattesMI
     Fixed image = Image (0x43e8530)
  RTTI typeinfo:   itk::Image<double, 3u>
  Reference Count: 2
  Modified Time: 1580
  Debug: Off
  Object Name: 
  Observers: 
    none
  Source: (none)
  Source output name: (none)
  Release Data: Off
  Data Released: False
  Global Release Data: Off
  PipelineMTime: 0
  UpdateMTime: 1189
  RealTimeStamp: 0 seconds 
  LargestPossibleRegion: 
    Dimension: 3
    Index: [0, 0, 0]
    Size: [193, 229, 193]
  BufferedRegion: 
    Dimension: 3
    Index: [0, 0, 0]
    Size: [193, 229, 193]
  RequestedRegion: 
    Dimension: 3
    Index: [0, 0, 0]
    Size: [193, 229, 193]
  Spacing: [1, 1, 1]
  Origin: [96, 132, -78]
  Direction: 
-1 0 0
0 -1 0
0 0 1

  IndexToPointMatrix: 
-1 0 0
0 -1 0
0 0 1

  PointToIndexMatrix: 
-1 0 0
0 -1 0
0 0 1

  Inverse Direction: 
-1 0 0
0 -1 0
0 0 1

  PixelContainer: 
    ImportImageContainer (0x44a6d60)
      RTTI typeinfo:   itk::ImportImageContainer<unsigned long, double>
      Reference Count: 1
      Modified Time: 1186
      Debug: Off
      Object Name: 
      Observers: 
        none
      Pointer: 0x152a65f5d010
      Container manages memory: true
      Size: 8530021
      Capacity: 8530021

     Moving image = Image (0x4498f60)
  RTTI typeinfo:   itk::Image<double, 3u>
  Reference Count: 2
  Modified Time: 1581
  Debug: Off
  Object Name: 
  Observers: 
    none
  Source: (none)
  Source output name: (none)
  Release Data: Off
  Data Released: False
  Global Release Data: Off
  PipelineMTime: 0
  UpdateMTime: 1578
  RealTimeStamp: 0 seconds 
  LargestPossibleRegion: 
    Dimension: 3
    Index: [0, 0, 0]
    Size: [176, 240, 256]
  BufferedRegion: 
    Dimension: 3
    Index: [0, 0, 0]
    Size: [176, 240, 256]
  RequestedRegion: 
    Dimension: 3
    Index: [0, 0, 0]
    Size: [176, 240, 256]
  Spacing: [0.999999, 1, 1]
  Origin: [93.3499, 86.9368, -128.957]
  Direction: 
-0.999513 -0.0279216 -0.0139567
0.0279189 -0.99961 0.000389866
-0.0139622 2.01492e-08 0.999903

  IndexToPointMatrix: 
-0.999512 -0.0279216 -0.0139567
0.0279189 -0.99961 0.000389866
-0.0139621 2.01492e-08 0.999903

  PointToIndexMatrix: 
-0.999514 0.0279189 -0.0139622
-0.0279216 -0.99961 2.01716e-08
-0.0139567 0.000389866 0.999903

  Inverse Direction: 
-0.999513 0.0279189 -0.0139622
-0.0279216 -0.99961 2.01716e-08
-0.0139567 0.000389866 0.999903

  PixelContainer: 
    ImportImageContainer (0x448a6d0)
      RTTI typeinfo:   itk::ImportImageContainer<unsigned long, double>
      Reference Count: 1
      Modified Time: 1575
      Debug: Off
      Object Name: 
      Observers: 
        none
      Pointer: 0x152a60cdc010
      Container manages memory: true
      Size: 10813440
      Capacity: 10813440

     Weighting = 1
     Sampling strategy = regular
     Number of bins = 32
     Radius = 4
     Sampling percentage  = 0.25
   Transform = Rigid
     Gradient step = 0.1
     Update field sigma (voxel space) = 0
     Total field sigma (voxel space) = 0
     Update field time sigma = 0
     Total field time sigma  = 0
     Number of time indices = 0
     Number of time point samples = 0
Registration using 1 total stages.

Stage 0
  iterations = 1000x500x250x100
  convergence threshold = 1e-06
  convergence window size = 10
  number of levels = 4
  using the Mattes MI metric (number of bins = 32, weight = 1, use gradient filter = 0)
  preprocessing:  winsorizing the image intensities
  Shrink factors (level 1 out of 4): [8, 8, 8]
  Shrink factors (level 2 out of 4): [4, 4, 4]
  Shrink factors (level 3 out of 4): [2, 2, 2]
  Shrink factors (level 4 out of 4): [1, 1, 1]
  smoothing sigmas per level: [3, 2, 1, 0]
  regular sampling (percentage = 0.25)

*** Running Euler3DTransform registration ***

DIAGNOSTIC,Iteration,metricValue,convergenceValue,ITERATION_TIME_INDEX,SINCE_LAST
 2DIAGNOSTIC,     1, -4.871187133941e-01, 1.797693134862e+308, 7.8434e-01, 7.8434e-01, 
 2DIAGNOSTIC,     2, -4.887966556740e-01, 1.797693134862e+308, 7.8896e-01, 4.6239e-03, 
 2DIAGNOSTIC,     3, -4.919242839642e-01, 1.797693134862e+308, 7.9426e-01, 5.2941e-03, 
 2DIAGNOSTIC,     4, -5.019092629522e-01, 1.797693134862e+308, 7.9910e-01, 4.8459e-03, 
 2DIAGNOSTIC,     5, -5.198319788477e-01, 1.797693134862e+308, 8.0417e-01, 5.0669e-03, 
 2DIAGNOSTIC,     6, -5.251449584180e-01, 1.797693134862e+308, 8.0935e-01, 5.1830e-03, 
 2DIAGNOSTIC,     7, -5.365118080768e-01, 1.797693134862e+308, 8.1411e-01, 4.7519e-03, 
 2DIAGNOSTIC,     8, -5.564319077261e-01, 1.797693134862e+308, 8.2162e-01, 7.5169e-03, 
 2DIAGNOSTIC,     9, -5.572786469687e-01, 1.797693134862e+308, 8.2664e-01, 5.0199e-03, 
 2DIAGNOSTIC,    10, -5.597886110608e-01, 1.060089541986e-02, 8.3221e-01, 5.5690e-03, 
 2DIAGNOSTIC,    11, -5.645450860914e-01, 9.471656029002e-03, 8.3731e-01, 5.0981e-03, 
 2DIAGNOSTIC,    12, -5.675342641672e-01, 7.901754414630e-03, 8.4268e-01, 5.3670e-03, 
 2DIAGNOSTIC,    13, -5.685174641935e-01, 6.033280802480e-03, 8.4832e-01, 5.6379e-03, 
 2DIAGNOSTIC,    14, -5.693412095343e-01, 4.302087948773e-03, 8.5411e-01, 5.7960e-03, 
 2DIAGNOSTIC,    15, -5.718972801999e-01, 3.155204981960e-03, 8.5911e-01, 4.9951e-03, 
 2DIAGNOSTIC,    16, -5.734788767073e-01, 2.091398053257e-03, 8.6354e-01, 4.4372e-03, 
 2DIAGNOSTIC,    17, -5.737823402463e-01, 1.310029424177e-03, 8.6792e-01, 4.3809e-03, 
 2DIAGNOSTIC,    18, -5.749452616696e-01, 1.114936190123e-03, 8.7232e-01, 4.3931e-03, 
 2DIAGNOSTIC,    19, -5.774392255376e-01, 9.301256922689e-04, 8.7927e-01, 6.9530e-03, 
 2DIAGNOSTIC,    20, -5.782944999944e-01, 7.612328991895e-04, 8.8440e-01, 5.1329e-03, 
 2DIAGNOSTIC,    21, -5.788863756041e-01, 6.687985511905e-04, 8.8898e-01, 4.5781e-03, 
 2DIAGNOSTIC,    22, -5.857337701684e-01, 7.546209597974e-04, 8.9353e-01, 4.5490e-03, 
 2DIAGNOSTIC,    23, -6.028589199845e-01, 1.162232404385e-03, 8.9864e-01, 5.1131e-03, 
 2DIAGNOSTIC,    24, -6.086613857576e-01, 1.554691284333e-03, 9.0493e-01, 6.2881e-03, 
 2DIAGNOSTIC,    25, -6.127624328807e-01, 1.904928936198e-03, 9.0997e-01, 5.0409e-03, 
 2DIAGNOSTIC,    26, -6.171330104887e-01, 2.167612490307e-03, 9.1495e-01, 4.9751e-03, 
 2DIAGNOSTIC,    27, -6.180829708952e-01, 2.226134281291e-03, 9.1936e-01, 4.4091e-03, 
 2DIAGNOSTIC,    28, -6.204355232429e-01, 2.128618144211e-03, 9.2437e-01, 5.0151e-03, 
 2DIAGNOSTIC,    29, -6.216541963527e-01, 1.901236679291e-03, 9.2886e-01, 4.4839e-03, 
 2DIAGNOSTIC,    30, -6.252686905379e-01, 1.589741186116e-03, 9.3425e-01, 5.3930e-03, 
 2DIAGNOSTIC,    31, -6.305777798259e-01, 1.244381935684e-03, 9.3880e-01, 4.5519e-03, 
 2DIAGNOSTIC,    32, -6.437129273688e-01, 1.107476141421e-03, 9.4460e-01, 5.7979e-03, 
 2DIAGNOSTIC,    33, -6.470246886279e-01, 1.176370956946e-03, 9.4911e-01, 4.5068e-03, 
 2DIAGNOSTIC,    34, -6.489202624316e-01, 1.241864905234e-03, 9.5676e-01, 7.6499e-03, 
 2DIAGNOSTIC,    35, -6.509315474710e-01, 1.271860569195e-03, 9.6118e-01, 4.4241e-03, 
 2DIAGNOSTIC,    36, -6.520057659821e-01, 1.251971824971e-03, 9.6571e-01, 4.5350e-03, 
 2DIAGNOSTIC,    37, -6.528676420765e-01, 1.135513673135e-03, 9.7007e-01, 4.3530e-03, 
 2DIAGNOSTIC,    38, -6.532423385300e-01, 9.531109252370e-04, 9.7443e-01, 4.3600e-03, 
 2DIAGNOSTIC,    39, -6.541815341067e-01, 7.191771113744e-04, 9.8055e-01, 6.1262e-03, 
 2DIAGNOSTIC,    40, -6.542207354415e-01, 4.741750479669e-04, 9.8491e-01, 4.3571e-03, 
 2DIAGNOSTIC,    41, -6.546694485109e-01, 2.613232130065e-04, 9.8922e-01, 4.3130e-03, 
 2DIAGNOSTIC,    42, -6.552135368308e-01, 1.907961758026e-04, 9.9514e-01, 5.9152e-03, 
 2DIAGNOSTIC,    43, -6.554072726917e-01, 1.444859663787e-04, 9.9950e-01, 4.3600e-03, 
 2DIAGNOSTIC,    44, -6.554483895522e-01, 1.074181373500e-04, 1.0038e+00, 4.3168e-03, 
 2DIAGNOSTIC,    45, -6.554235727957e-01, 8.294803003838e-05, 1.0081e+00, 4.3058e-03, 
 2DIAGNOSTIC,    46, -6.555907763651e-01, 6.454461827679e-05, 1.0130e+00, 4.8470e-03, 
 2DIAGNOSTIC,    47, -6.557542929084e-01, 5.112310797784e-05, 1.0178e+00, 4.8330e-03, 
 2DIAGNOSTIC,    48, -6.557057860319e-01, 3.644706586785e-05, 1.0227e+00, 4.8580e-03, 
 2DIAGNOSTIC,    49, -6.557480452587e-01, 2.866231487602e-05, 1.0270e+00, 4.3111e-03, 
 2DIAGNOSTIC,    50, -6.556200707081e-01, 1.767868374622e-05, 1.0313e+00, 4.2908e-03, 
 2DIAGNOSTIC,    51, -6.557750835939e-01, 1.100433399047e-05, 1.0368e+00, 5.4929e-03, 
 2DIAGNOSTIC,    52, -6.560308629730e-01, 1.073560409547e-05, 1.0429e+00, 6.1021e-03, 
 2DIAGNOSTIC,    53, -6.559679811953e-01, 1.061816394447e-05, 1.0478e+00, 4.9710e-03, 
 2DIAGNOSTIC,    54, -6.559711066046e-01, 1.004539098608e-05, 1.0521e+00, 4.3039e-03, 
 2DIAGNOSTIC,    55, -6.558888931783e-01, 7.690770748352e-06, 1.0564e+00, 4.3061e-03, 
 2DIAGNOSTIC,    56, -6.558985039970e-01, 6.173810870317e-06, 1.0613e+00, 4.8330e-03, 
 2DIAGNOSTIC,    57, -6.559972594785e-01, 6.280934747527e-06, 1.0663e+00, 5.0189e-03, 
 2DIAGNOSTIC,    58, -6.557412167184e-01, 3.355082373604e-06, 1.0706e+00, 4.2820e-03, 
DIAGNOSTIC,Iteration,metricValue,convergenceValue,ITERATION_TIME_INDEX,SINCE_LAST
 2DIAGNOSTIC,     1, -5.252312506852e-01, 1.797693134862e+308, 1.7875e+00, 7.1695e-01, 
 2DIAGNOSTIC,     2, -5.258672608738e-01, 1.797693134862e+308, 1.8236e+00, 3.6039e-02, 
 2DIAGNOSTIC,     3, -5.266127963222e-01, 1.797693134862e+308, 1.8543e+00, 3.0789e-02, 
 2DIAGNOSTIC,     4, -5.274117376242e-01, 1.797693134862e+308, 1.8843e+00, 2.9987e-02, 
 2DIAGNOSTIC,     5, -5.279001785074e-01, 1.797693134862e+308, 1.9145e+00, 3.0144e-02, 
 2DIAGNOSTIC,     6, -5.282318585783e-01, 1.797693134862e+308, 1.9456e+00, 3.1113e-02, 
 2DIAGNOSTIC,     7, -5.296090732522e-01, 1.797693134862e+308, 1.9780e+00, 3.2381e-02, 
 2DIAGNOSTIC,     8, -5.312058066923e-01, 1.797693134862e+308, 2.0252e+00, 4.7193e-02, 
 2DIAGNOSTIC,     9, -5.329441843975e-01, 1.797693134862e+308, 2.0544e+00, 2.9206e-02, 
 2DIAGNOSTIC,    10, -5.331987667863e-01, 9.950455808356e-04, 2.0877e+00, 3.3357e-02, 
 2DIAGNOSTIC,    11, -5.334705418517e-01, 9.310511012785e-04, 2.1279e+00, 4.0138e-02, 
 2DIAGNOSTIC,    12, -5.334885071658e-01, 8.234033722297e-04, 2.1594e+00, 3.1569e-02, 
 2DIAGNOSTIC,    13, -5.339084556531e-01, 7.046185309478e-04, 2.1930e+00, 3.3589e-02, 
 2DIAGNOSTIC,    14, -5.340462357560e-01, 5.738398570126e-04, 2.2273e+00, 3.4270e-02, 
 2DIAGNOSTIC,    15, -5.340482830194e-01, 4.267907454965e-04, 2.2598e+00, 3.2527e-02, 
 2DIAGNOSTIC,    16, -5.340667531484e-01, 2.713990092392e-04, 2.2938e+00, 3.3981e-02, 
 2DIAGNOSTIC,    17, -5.341100835284e-01, 1.536505066136e-04, 2.3283e+00, 3.4472e-02, 
 2DIAGNOSTIC,    18, -5.341569479049e-01, 8.239254057810e-05, 2.3631e+00, 3.4838e-02, 
 2DIAGNOSTIC,    19, -5.341748408079e-01, 6.043041300638e-05, 2.3946e+00, 3.1477e-02, 
 2DIAGNOSTIC,    20, -5.343474888319e-01, 4.662669073695e-05, 2.4293e+00, 3.4695e-02, 
 2DIAGNOSTIC,    21, -5.348438144609e-01, 4.956519122591e-05, 2.4708e+00, 4.1498e-02, 
 2DIAGNOSTIC,    22, -5.349601700804e-01, 5.045104132112e-05, 2.5153e+00, 4.4548e-02, 
 2DIAGNOSTIC,    23, -5.349907140723e-01, 5.716168688531e-05, 2.5524e+00, 3.7104e-02, 
 2DIAGNOSTIC,    24, -5.349922360762e-01, 6.137023084376e-05, 2.5879e+00, 3.5478e-02, 
 2DIAGNOSTIC,    25, -5.349935629761e-01, 5.963596945676e-05, 2.6217e+00, 3.3826e-02, 
 2DIAGNOSTIC,    26, -5.349915900220e-01, 5.269481073900e-05, 2.6565e+00, 3.4806e-02, 
 2DIAGNOSTIC,    27, -5.349851813535e-01, 4.211113761474e-05, 2.6865e+00, 3.0003e-02, 
 2DIAGNOSTIC,    28, -5.349840204211e-01, 2.946819869894e-05, 2.7197e+00, 3.3126e-02, 
 2DIAGNOSTIC,    29, -5.350052718016e-01, 1.579669109372e-05, 2.7588e+00, 3.9155e-02, 
 2DIAGNOSTIC,    30, -5.350025149225e-01, 4.440840435591e-06, 2.7946e+00, 3.5814e-02, 
 2DIAGNOSTIC,    31, -5.349978787794e-01, 1.919742401928e-06, 2.8322e+00, 3.7584e-02, 
 2DIAGNOSTIC,    32, -5.349950103069e-01, 1.360124116716e-06, 2.8648e+00, 3.2598e-02, 
 2DIAGNOSTIC,    33, -5.350026644628e-01, 1.415819180423e-06, 2.8965e+00, 3.1654e-02, 
 2DIAGNOSTIC,    34, -5.350071838602e-01, 1.507311003075e-06, 2.9286e+00, 3.2170e-02, 
 2DIAGNOSTIC,    35, -5.350248063743e-01, 1.826182656268e-06, 2.9644e+00, 3.5790e-02, 
 2DIAGNOSTIC,    36, -5.350271891898e-01, 2.050761494454e-06, 2.9999e+00, 3.5465e-02, 
 2DIAGNOSTIC,    37, -5.350277984614e-01, 2.076031028274e-06, 3.0352e+00, 3.5312e-02, 
 2DIAGNOSTIC,    38, -5.350235562788e-01, 1.900848361928e-06, 3.0685e+00, 3.3236e-02, 
 2DIAGNOSTIC,    39, -5.350493995926e-01, 2.276920762951e-06, 3.0993e+00, 3.0848e-02, 
 2DIAGNOSTIC,    40, -5.350790620098e-01, 2.841835441098e-06, 3.1306e+00, 3.1348e-02, 
 2DIAGNOSTIC,    41, -5.351301116776e-01, 3.781326463784e-06, 3.1642e+00, 3.3585e-02, 
 2DIAGNOSTIC,    42, -5.352255386012e-01, 5.556483078491e-06, 3.1977e+00, 3.3492e-02, 
 2DIAGNOSTIC,    43, -5.353940926978e-01, 8.955066823118e-06, 3.2303e+00, 3.2548e-02, 
 2DIAGNOSTIC,    44, -5.356091407310e-01, 1.402583727865e-05, 3.2647e+00, 3.4412e-02, 
 2DIAGNOSTIC,    45, -5.360228455868e-01, 2.266330569055e-05, 3.3265e+00, 6.1848e-02, 
 2DIAGNOSTIC,    46, -5.361143928020e-01, 2.982407729213e-05, 3.3637e+00, 3.7192e-02, 
 2DIAGNOSTIC,    47, -5.361596833317e-01, 3.445969808678e-05, 3.4005e+00, 3.6765e-02, 
 2DIAGNOSTIC,    48, -5.362223531392e-01, 3.634758310300e-05, 3.4330e+00, 3.2531e-02, 
 2DIAGNOSTIC,    49, -5.363184606249e-01, 3.601841060245e-05, 3.4821e+00, 4.9061e-02, 
 2DIAGNOSTIC,    50, -5.363684004695e-01, 3.308630615729e-05, 3.5199e+00, 3.7834e-02, 
 2DIAGNOSTIC,    51, -5.363598276840e-01, 2.760489789128e-05, 3.5552e+00, 3.5248e-02, 
 2DIAGNOSTIC,    52, -5.363436005638e-01, 2.061540352375e-05, 3.5989e+00, 4.3747e-02, 
 2DIAGNOSTIC,    53, -5.363675910866e-01, 1.390453112619e-05, 3.6352e+00, 3.6294e-02, 
 2DIAGNOSTIC,    54, -5.363949277484e-01, 8.426714834902e-06, 3.6671e+00, 3.1932e-02, 
 2DIAGNOSTIC,    55, -5.364702760177e-01, 7.100440319308e-06, 3.7037e+00, 3.6577e-02, 
 2DIAGNOSTIC,    56, -5.368431592940e-01, 9.605337189699e-06, 3.7758e+00, 7.2072e-02, 
 2DIAGNOSTIC,    57, -5.368512369506e-01, 1.156873170459e-05, 3.8228e+00, 4.6990e-02, 
 2DIAGNOSTIC,    58, -5.368470157324e-01, 1.296742714297e-05, 3.8599e+00, 3.7102e-02, 
 2DIAGNOSTIC,    59, -5.368416058083e-01, 1.397558335885e-05, 3.8986e+00, 3.8705e-02, 
 2DIAGNOSTIC,    60, -5.368376467051e-01, 1.404703055252e-05, 3.9356e+00, 3.6992e-02, 
 2DIAGNOSTIC,    61, -5.368353966001e-01, 1.267432931499e-05, 3.9660e+00, 3.0386e-02, 
 2DIAGNOSTIC,    62, -5.368344377451e-01, 1.002323593511e-05, 4.0059e+00, 3.9894e-02, 
 2DIAGNOSTIC,    63, -5.368407029823e-01, 6.849341248737e-06, 4.0447e+00, 3.8857e-02, 
 2DIAGNOSTIC,    64, -5.368280226161e-01, 3.305904988381e-06, 4.0829e+00, 3.8198e-02, 
DIAGNOSTIC,Iteration,metricValue,convergenceValue,ITERATION_TIME_INDEX,SINCE_LAST
 2DIAGNOSTIC,     1, -4.766668660536e-01, 1.797693134862e+308, 5.1659e+00, 1.0830e+00, 
 2DIAGNOSTIC,     2, -4.769244376575e-01, 1.797693134862e+308, 5.4870e+00, 3.2108e-01, 
 2DIAGNOSTIC,     3, -4.771151172096e-01, 1.797693134862e+308, 5.7422e+00, 2.5522e-01, 
 2DIAGNOSTIC,     4, -4.772185793784e-01, 1.797693134862e+308, 6.0302e+00, 2.8798e-01, 
 2DIAGNOSTIC,     5, -4.772747760418e-01, 1.797693134862e+308, 6.2947e+00, 2.6452e-01, 
 2DIAGNOSTIC,     6, -4.772900342412e-01, 1.797693134862e+308, 6.5334e+00, 2.3875e-01, 
 2DIAGNOSTIC,     7, -4.774210364056e-01, 1.797693134862e+308, 6.7805e+00, 2.4708e-01, 
 2DIAGNOSTIC,     8, -4.775236215434e-01, 1.797693134862e+308, 7.0432e+00, 2.6273e-01, 
 2DIAGNOSTIC,     9, -4.776269193437e-01, 1.797693134862e+308, 7.3321e+00, 2.8887e-01, 
 2DIAGNOSTIC,    10, -4.776464233172e-01, 1.209150657758e-04, 7.6234e+00, 2.9130e-01, 
 2DIAGNOSTIC,    11, -4.777141681517e-01, 9.374595172375e-05, 7.8881e+00, 2.6471e-01, 
 2DIAGNOSTIC,    12, -4.780142338129e-01, 9.032909089148e-05, 8.1099e+00, 2.2179e-01, 
 2DIAGNOSTIC,    13, -4.781540109754e-01, 9.409909303221e-05, 8.3628e+00, 2.5289e-01, 
 2DIAGNOSTIC,    14, -4.783614773401e-01, 1.021894713876e-04, 8.7030e+00, 3.4022e-01, 
 2DIAGNOSTIC,    15, -4.784524209428e-01, 1.060137857346e-04, 9.1528e+00, 4.4983e-01, 
 2DIAGNOSTIC,    16, -4.784707479278e-01, 1.010448540647e-04, 9.4367e+00, 2.8390e-01, 
 2DIAGNOSTIC,    17, -4.785835053297e-01, 9.595911251767e-05, 9.6875e+00, 2.5078e-01, 
 2DIAGNOSTIC,    18, -4.786837175226e-01, 8.920534145464e-05, 9.9534e+00, 2.6587e-01, 
 2DIAGNOSTIC,    19, -4.787592075391e-01, 8.064582208805e-05, 1.0206e+01, 2.5265e-01, 
 2DIAGNOSTIC,    20, -4.787909191290e-01, 6.720252346508e-05, 1.0509e+01, 3.0333e-01, 
 2DIAGNOSTIC,    21, -4.787905741456e-01, 5.075509063754e-05, 1.0795e+01, 2.8579e-01, 
 2DIAGNOSTIC,    22, -4.787927015791e-01, 3.935701612728e-05, 1.1052e+01, 2.5720e-01, 
 2DIAGNOSTIC,    23, -4.788286743647e-01, 2.978082837763e-05, 1.1457e+01, 4.0484e-01, 
 2DIAGNOSTIC,    24, -4.788308311149e-01, 2.345335694381e-05, 1.1736e+01, 2.7831e-01, 
 2DIAGNOSTIC,    25, -4.788306478675e-01, 1.776279057349e-05, 1.2010e+01, 2.7432e-01, 
 2DIAGNOSTIC,    26, -4.788294935815e-01, 1.134583894015e-05, 1.2273e+01, 2.6299e-01, 
 2DIAGNOSTIC,    27, -4.788291360743e-01, 6.892356715291e-06, 1.2566e+01, 2.9303e-01, 
 2DIAGNOSTIC,    28, -4.788277662628e-01, 4.265771675019e-06, 1.2834e+01, 2.6767e-01, 
 2DIAGNOSTIC,    29, -4.788264796115e-01, 3.024932644868e-06, 1.3111e+01, 2.7718e-01, 
 2DIAGNOSTIC,    30, -4.788276132986e-01, 2.348136948133e-06, 1.3379e+01, 2.6874e-01, 
 2DIAGNOSTIC,    31, -4.788262380331e-01, 1.567211611361e-06, 1.3643e+01, 2.6377e-01, 
DIAGNOSTIC,Iteration,metricValue,convergenceValue,ITERATION_TIME_INDEX,SINCE_LAST
 2DIAGNOSTIC,     1, -4.453583039522e-01, 1.797693134862e+308, 1.6440e+01, 2.7973e+00, 
 2DIAGNOSTIC,     2, -4.453935081629e-01, 1.797693134862e+308, 1.8747e+01, 2.3068e+00, 
 2DIAGNOSTIC,     3, -4.453935375071e-01, 1.797693134862e+308, 2.1008e+01, 2.2607e+00, 
 2DIAGNOSTIC,     4, -4.453933612533e-01, 1.797693134862e+308, 2.2728e+01, 1.7204e+00, 
 2DIAGNOSTIC,     5, -4.453930487821e-01, 1.797693134862e+308, 2.4339e+01, 1.6109e+00, 
 2DIAGNOSTIC,     6, -4.453925693493e-01, 1.797693134862e+308, 2.6012e+01, 1.6724e+00, 
 2DIAGNOSTIC,     7, -4.453923108293e-01, 1.797693134862e+308, 2.7860e+01, 1.8485e+00, 
 2DIAGNOSTIC,     8, -4.453923471682e-01, 1.797693134862e+308, 3.0094e+01, 2.2341e+00, 
 2DIAGNOSTIC,     9, -4.453922152689e-01, 1.797693134862e+308, 3.1642e+01, 1.5479e+00, 
 2DIAGNOSTIC,    10, -4.453920678506e-01, 5.173798258595e-06, 3.3219e+01, 1.5762e+00, 
 2DIAGNOSTIC,    11, -4.453919981495e-01, 2.661599504419e-06, 3.4721e+01, 1.5025e+00, 
 2DIAGNOSTIC,    12, -4.453919319650e-01, 2.457047520901e-06, 3.6076e+01, 1.3552e+00, 
 2DIAGNOSTIC,    13, -4.453918806271e-01, 2.300038626973e-06, 3.7594e+01, 1.5179e+00, 
 2DIAGNOSTIC,    14, -4.453919237693e-01, 2.172786186569e-06, 3.9607e+01, 2.0131e+00, 
 2DIAGNOSTIC,    15, -4.453918503562e-01, 2.055647001800e-06, 4.1328e+01, 1.7208e+00, 
 2DIAGNOSTIC,    16, -4.453917718072e-01, 1.937236946886e-06, 4.2699e+01, 1.3714e+00, 
 2DIAGNOSTIC,    17, -4.453916118205e-01, 1.821681127064e-06, 4.4082e+01, 1.3829e+00, 
 2DIAGNOSTIC,    18, -4.453917262955e-01, 1.729034476323e-06, 4.5861e+01, 1.7790e+00, 
 2DIAGNOSTIC,    19, -4.453915821742e-01, 1.640260237280e-06, 4.7415e+01, 1.5537e+00, 
 2DIAGNOSTIC,    20, -4.453915478332e-01, 1.557866819740e-06, 4.9118e+01, 1.7029e+00, 
 2DIAGNOSTIC,    21, -4.453913374011e-01, 1.478009483039e-06, 5.0671e+01, 1.5533e+00, 
 2DIAGNOSTIC,    22, -4.453912386513e-01, 1.404251364905e-06, 5.2526e+01, 1.8548e+00, 
 2DIAGNOSTIC,    23, -4.453912646662e-01, 1.339978173587e-06, 5.4236e+01, 1.7098e+00, 
 2DIAGNOSTIC,    24, -4.453911871514e-01, 1.284059525423e-06, 5.5623e+01, 1.3870e+00, 
 2DIAGNOSTIC,    25, -4.453910289560e-01, 1.230714525235e-06, 5.7076e+01, 1.4532e+00, 
 2DIAGNOSTIC,    26, -4.453909706635e-01, 1.182321771542e-06, 5.8759e+01, 1.6828e+00, 
 2DIAGNOSTIC,    27, -4.453909897520e-01, 1.137946894492e-06, 6.0125e+01, 1.3660e+00, 
 2DIAGNOSTIC,    28, -4.453909340246e-01, 1.101796688482e-06, 6.1712e+01, 1.5872e+00, 
 2DIAGNOSTIC,    29, -4.453909575220e-01, 1.068711502766e-06, 6.3384e+01, 1.6722e+00, 
 2DIAGNOSTIC,    30, -4.453909810097e-01, 1.040423689966e-06, 6.4865e+01, 1.4810e+00, 
 2DIAGNOSTIC,    31, -4.453908448750e-01, 1.008754663231e-06, 6.6388e+01, 1.5232e+00, 
  Elapsed time (stage 0): 6.7370e+01


Total elapsed time: 6.7383e+01
Info [verificarlo]: loaded backend libinterflop_ieee.so
Info [interflop-ieee]: load backend with:
Info [interflop-ieee]: debug = false
Info [interflop-ieee]: debug-binary = false
Info [interflop-ieee]: no-backend-name = false
Info [interflop-ieee]: print-new-line = false
Info [interflop-ieee]: print-subnormal-normalized = false
Info [interflop-ieee]: count-op = false
All_Command_lines_OK
Using double precision for computations.
=============================================================================
The composite transform comprises the following transforms (in order): 
  1. /home/mdugre/scratch/mri-registration-rp/datasets/ds004513/derivatives/mri-registration-rp/0001/antsRegistration-r7-p13/sub-s003/rigid_Composite.h5[0] (type = Euler3DTransform)
  2. /home/mdugre/scratch/mri-registration-rp/datasets/ds004513/derivatives/mri-registration-rp/0001/antsRegistration-r7-p13/sub-s003/rigid_Composite.h5[1] (type = Euler3DTransform)
  3. /home/mdugre/scratch/mri-registration-rp/datasets/ds004513/derivatives/mri-registration-rp/0001/antsRegistration-r7-p13/sub-s003/rigid_Composite.h5[2] (type = Euler3DTransform)
=============================================================================
  number of levels = 4
  fixed image: /templateflow/tpl-MNI152NLin2009cAsym/tpl-MNI152NLin2009cAsym_res-01_desc-brain_T1w.nii.gz
  moving image: /home/mdugre/scratch/mri-registration-rp/datasets/ds004513/derivatives/mri-registration-rp/antsBrainExtraction/sub-s003/BrainExtractionBrain.nii.gz
Dimension = 3
Number of stages = 1
Use histogram matching = false
Winsorize image intensities = true
  Lower quantile = 0.005
  Upper quantile = 0.995


Stage 1 State
   Image metric = MattesMI
     Fixed image = Image (0x32f17e0)
  RTTI typeinfo:   itk::Image<double, 3u>
  Reference Count: 2
  Modified Time: 1594
  Debug: Off
  Object Name: 
  Observers: 
    none
  Source: (none)
  Source output name: (none)
  Release Data: Off
  Data Released: False
  Global Release Data: Off
  PipelineMTime: 0
  UpdateMTime: 1203
  RealTimeStamp: 0 seconds 
  LargestPossibleRegion: 
    Dimension: 3
    Index: [0, 0, 0]
    Size: [193, 229, 193]
  BufferedRegion: 
    Dimension: 3
    Index: [0, 0, 0]
    Size: [193, 229, 193]
  RequestedRegion: 
    Dimension: 3
    Index: [0, 0, 0]
    Size: [193, 229, 193]
  Spacing: [1, 1, 1]
  Origin: [96, 132, -78]
  Direction: 
-1 0 0
0 -1 0
0 0 1

  IndexToPointMatrix: 
-1 0 0
0 -1 0
0 0 1

  PointToIndexMatrix: 
-1 0 0
0 -1 0
0 0 1

  Inverse Direction: 
-1 0 0
0 -1 0
0 0 1

  PixelContainer: 
    ImportImageContainer (0x33b1a20)
      RTTI typeinfo:   itk::ImportImageContainer<unsigned long, double>
      Reference Count: 1
      Modified Time: 1200
      Debug: Off
      Object Name: 
      Observers: 
        none
      Pointer: 0x1487ff59e010
      Container manages memory: true
      Size: 8530021
      Capacity: 8530021

     Moving image = Image (0x33acd70)
  RTTI typeinfo:   itk::Image<double, 3u>
  Reference Count: 2
  Modified Time: 1595
  Debug: Off
  Object Name: 
  Observers: 
    none
  Source: (none)
  Source output name: (none)
  Release Data: Off
  Data Released: False
  Global Release Data: Off
  PipelineMTime: 0
  UpdateMTime: 1592
  RealTimeStamp: 0 seconds 
  LargestPossibleRegion: 
    Dimension: 3
    Index: [0, 0, 0]
    Size: [176, 240, 256]
  BufferedRegion: 
    Dimension: 3
    Index: [0, 0, 0]
    Size: [176, 240, 256]
  RequestedRegion: 
    Dimension: 3
    Index: [0, 0, 0]
    Size: [176, 240, 256]
  Spacing: [0.999999, 1, 1]
  Origin: [93.3499, 86.9368, -128.957]
  Direction: 
-0.999513 -0.0279216 -0.0139567
0.0279189 -0.99961 0.000389866
-0.0139622 2.01492e-08 0.999903

  IndexToPointMatrix: 
-0.999512 -0.0279216 -0.0139567
0.0279189 -0.99961 0.000389866
-0.0139621 2.01492e-08 0.999903

  PointToIndexMatrix: 
-0.999514 0.0279189 -0.0139622
-0.0279216 -0.99961 2.01716e-08
-0.0139567 0.000389866 0.999903

  Inverse Direction: 
-0.999513 0.0279189 -0.0139622
-0.0279216 -0.99961 2.01716e-08
-0.0139567 0.000389866 0.999903

  PixelContainer: 
    ImportImageContainer (0x3364c90)
      RTTI typeinfo:   itk::ImportImageContainer<unsigned long, double>
      Reference Count: 1
      Modified Time: 1589
      Debug: Off
      Object Name: 
      Observers: 
        none
      Pointer: 0x1487fa31d010
      Container manages memory: true
      Size: 10813440
      Capacity: 10813440

     Weighting = 1
     Sampling strategy = regular
     Number of bins = 32
     Radius = 4
     Sampling percentage  = 0.25
   Transform = Affine
     Gradient step = 0.1
     Update field sigma (voxel space) = 0
     Total field sigma (voxel space) = 0
     Update field time sigma = 0
     Total field time sigma  = 0
     Number of time indices = 0
     Number of time point samples = 0
Registration using 1 total stages.

Stage 0
  iterations = 1000x500x250x100
  convergence threshold = 1e-06
  convergence window size = 10
  number of levels = 4
  using the Mattes MI metric (number of bins = 32, weight = 1, use gradient filter = 0)
  preprocessing:  winsorizing the image intensities
  Shrink factors (level 1 out of 4): [8, 8, 8]
  Shrink factors (level 2 out of 4): [4, 4, 4]
  Shrink factors (level 3 out of 4): [2, 2, 2]
  Shrink factors (level 4 out of 4): [1, 1, 1]
  smoothing sigmas per level: [3, 2, 1, 0]
  regular sampling (percentage = 0.25)

*** Running AffineTransform registration ***

DIAGNOSTIC,Iteration,metricValue,convergenceValue,ITERATION_TIME_INDEX,SINCE_LAST
 2DIAGNOSTIC,     1, -6.606084651369e-01, 1.797693134862e+308, 9.2654e-01, 9.2654e-01, 
 2DIAGNOSTIC,     2, -6.630691579584e-01, 1.797693134862e+308, 9.3331e-01, 6.7620e-03, 
 2DIAGNOSTIC,     3, -6.669399063278e-01, 1.797693134862e+308, 9.3863e-01, 5.3241e-03, 
 2DIAGNOSTIC,     4, -6.727377632643e-01, 1.797693134862e+308, 9.4380e-01, 5.1701e-03, 
 2DIAGNOSTIC,     5, -6.808802908133e-01, 1.797693134862e+308, 9.4914e-01, 5.3401e-03, 
 2DIAGNOSTIC,     6, -6.929764853662e-01, 1.797693134862e+308, 9.5534e-01, 6.1998e-03, 
 2DIAGNOSTIC,     7, -7.115770261172e-01, 1.797693134862e+308, 9.6335e-01, 8.0090e-03, 
 2DIAGNOSTIC,     8, -7.197754380264e-01, 1.797693134862e+308, 9.6936e-01, 6.0101e-03, 
 2DIAGNOSTIC,     9, -7.205758499002e-01, 1.797693134862e+308, 9.7481e-01, 5.4481e-03, 
 2DIAGNOSTIC,    10, -7.216343629095e-01, 6.932508721874e-03, 9.8088e-01, 6.0771e-03, 
 2DIAGNOSTIC,    11, -7.218242542151e-01, 6.011215890862e-03, 9.8749e-01, 6.6071e-03, 
 2DIAGNOSTIC,    12, -7.218563588217e-01, 4.787532880384e-03, 9.9344e-01, 5.9509e-03, 
 2DIAGNOSTIC,    13, -7.215618902945e-01, 3.437803737553e-03, 1.0018e+00, 8.4071e-03, 
 2DIAGNOSTIC,    14, -7.216022690822e-01, 2.150155604950e-03, 1.0079e+00, 6.0711e-03, 
 2DIAGNOSTIC,    15, -7.214288596707e-01, 1.058424478627e-03, 1.0142e+00, 6.2840e-03, 
 2DIAGNOSTIC,    16, -7.214592029106e-01, 3.059312808697e-04, 1.0197e+00, 5.5041e-03, 
 2DIAGNOSTIC,    17, -7.214106101930e-01, 5.205606221104e-05, 1.0258e+00, 6.1321e-03, 
 2DIAGNOSTIC,    18, -7.214477364560e-01, 6.901404236419e-06, 1.0325e+00, 6.6760e-03, 
DIAGNOSTIC,Iteration,metricValue,convergenceValue,ITERATION_TIME_INDEX,SINCE_LAST
 2DIAGNOSTIC,     1, -5.950026326826e-01, 1.797693134862e+308, 1.8662e+00, 8.3367e-01, 
 2DIAGNOSTIC,     2, -5.952187481070e-01, 1.797693134862e+308, 1.9115e+00, 4.5286e-02, 
 2DIAGNOSTIC,     3, -5.955197844299e-01, 1.797693134862e+308, 1.9493e+00, 3.7862e-02, 
 2DIAGNOSTIC,     4, -5.961077379498e-01, 1.797693134862e+308, 1.9871e+00, 3.7782e-02, 
 2DIAGNOSTIC,     5, -5.967402997880e-01, 1.797693134862e+308, 2.0252e+00, 3.8081e-02, 
 2DIAGNOSTIC,     6, -5.982140388199e-01, 1.797693134862e+308, 2.0636e+00, 3.8415e-02, 
 2DIAGNOSTIC,     7, -6.007945155886e-01, 1.797693134862e+308, 2.1106e+00, 4.6955e-02, 
 2DIAGNOSTIC,     8, -6.008965420406e-01, 1.797693134862e+308, 2.1586e+00, 4.7997e-02, 
 2DIAGNOSTIC,     9, -6.009936300090e-01, 1.797693134862e+308, 2.1991e+00, 4.0549e-02, 
 2DIAGNOSTIC,    10, -6.010660506332e-01, 8.260281197639e-04, 2.2513e+00, 5.2170e-02, 
 2DIAGNOSTIC,    11, -6.012505414171e-01, 7.229075232397e-04, 2.3139e+00, 6.2646e-02, 
 2DIAGNOSTIC,    12, -6.012737618668e-01, 5.802650251461e-04, 2.3559e+00, 4.1964e-02, 
 2DIAGNOSTIC,    13, -6.013525110073e-01, 4.215956910021e-04, 2.4078e+00, 5.1933e-02, 
 2DIAGNOSTIC,    14, -6.013790913917e-01, 2.698229858152e-04, 2.4504e+00, 4.2539e-02, 
 2DIAGNOSTIC,    15, -6.014357129467e-01, 1.353830536602e-04, 2.4948e+00, 4.4412e-02, 
 2DIAGNOSTIC,    16, -6.015101669022e-01, 4.926613726008e-05, 2.5477e+00, 5.2958e-02, 
 2DIAGNOSTIC,    17, -6.016720057618e-01, 4.536544889398e-05, 2.5920e+00, 4.4301e-02, 
 2DIAGNOSTIC,    18, -6.018481718620e-01, 4.512341118867e-05, 2.6359e+00, 4.3886e-02, 
 2DIAGNOSTIC,    19, -6.020666182655e-01, 4.870249305904e-05, 2.7171e+00, 8.1185e-02, 
 2DIAGNOSTIC,    20, -6.020739280045e-01, 4.928737884204e-05, 2.7589e+00, 4.1842e-02, 
 2DIAGNOSTIC,    21, -6.020540025373e-01, 4.917561251480e-05, 2.8078e+00, 4.8894e-02, 
 2DIAGNOSTIC,    22, -6.020375231391e-01, 4.476030508585e-05, 2.8497e+00, 4.1862e-02, 
 2DIAGNOSTIC,    23, -6.020218851607e-01, 3.791813528796e-05, 2.8896e+00, 3.9860e-02, 
 2DIAGNOSTIC,    24, -6.020256458717e-01, 2.877256722186e-05, 2.9351e+00, 4.5544e-02, 
 2DIAGNOSTIC,    25, -6.020193019388e-01, 1.876012964723e-05, 2.9769e+00, 4.1745e-02, 
 2DIAGNOSTIC,    26, -6.020141492792e-01, 9.162969105705e-06, 3.0167e+00, 3.9854e-02, 
 2DIAGNOSTIC,    27, -6.020200988664e-01, 2.442142098165e-06, 3.0561e+00, 3.9418e-02, 
DIAGNOSTIC,Iteration,metricValue,convergenceValue,ITERATION_TIME_INDEX,SINCE_LAST
 2DIAGNOSTIC,     1, -5.257443543362e-01, 1.797693134862e+308, 4.3128e+00, 1.2566e+00, 
 2DIAGNOSTIC,     2, -5.260608908264e-01, 1.797693134862e+308, 4.5964e+00, 2.8364e-01, 
 2DIAGNOSTIC,     3, -5.263620452762e-01, 1.797693134862e+308, 4.9289e+00, 3.3248e-01, 
 2DIAGNOSTIC,     4, -5.265862711217e-01, 1.797693134862e+308, 5.2390e+00, 3.1008e-01, 
 2DIAGNOSTIC,     5, -5.268619448065e-01, 1.797693134862e+308, 5.5444e+00, 3.0542e-01, 
 2DIAGNOSTIC,     6, -5.273698663486e-01, 1.797693134862e+308, 5.8442e+00, 2.9981e-01, 
 2DIAGNOSTIC,     7, -5.280742258231e-01, 1.797693134862e+308, 6.1631e+00, 3.1895e-01, 
 2DIAGNOSTIC,     8, -5.302761520512e-01, 1.797693134862e+308, 6.5729e+00, 4.0979e-01, 
 2DIAGNOSTIC,     9, -5.337348844075e-01, 1.797693134862e+308, 7.2068e+00, 6.3388e-01, 
 2DIAGNOSTIC,    10, -5.337396769217e-01, 9.833463240906e-04, 7.7218e+00, 5.1503e-01, 
 2DIAGNOSTIC,    11, -5.337366671054e-01, 1.021354403537e-03, 8.0921e+00, 3.7025e-01, 
 2DIAGNOSTIC,    12, -5.337313016796e-01, 9.771260244206e-04, 8.4765e+00, 3.8442e-01, 
 2DIAGNOSTIC,    13, -5.337323179148e-01, 8.623388212922e-04, 8.8558e+00, 3.7928e-01, 
 2DIAGNOSTIC,    14, -5.337307373591e-01, 6.923501862848e-04, 9.2006e+00, 3.4483e-01, 
 2DIAGNOSTIC,    15, -5.337311404681e-01, 4.926706425624e-04, 9.5494e+00, 3.4875e-01, 
 2DIAGNOSTIC,    16, -5.337305509519e-01, 2.922330883121e-04, 9.8367e+00, 2.8730e-01, 
 2DIAGNOSTIC,    17, -5.337302390992e-01, 1.103153525071e-04, 1.0136e+01, 2.9956e-01, 
 2DIAGNOSTIC,    18, -5.337287555772e-01, 1.211619269352e-06, 1.0458e+01, 3.2181e-01, 
 2DIAGNOSTIC,    19, -5.337283589773e-01, 1.127001783049e-06, 1.0765e+01, 3.0699e-01, 
 2DIAGNOSTIC,    20, -5.337270830178e-01, 1.197372534470e-06, 1.1073e+01, 3.0830e-01, 
 2DIAGNOSTIC,    21, -5.337276033589e-01, 1.238943778917e-06, 1.1406e+01, 3.3265e-01, 
 2DIAGNOSTIC,    22, -5.337249625531e-01, 1.106889734877e-06, 1.1707e+01, 3.0121e-01, 
 2DIAGNOSTIC,    23, -5.337263550119e-01, 1.077696859128e-06, 1.1968e+01, 2.6120e-01, 
 2DIAGNOSTIC,    24, -5.337260385574e-01, 1.036301870941e-06, 1.2267e+01, 2.9874e-01, 
 2DIAGNOSTIC,    25, -5.337268432144e-01, 1.051558276170e-06, 1.2582e+01, 3.1509e-01, 
 2DIAGNOSTIC,    26, -5.337266536755e-01, 1.070581027100e-06, 1.2891e+01, 3.0834e-01, 
 2DIAGNOSTIC,    27, -5.337261791270e-01, 1.088729980850e-06, 1.3192e+01, 3.0112e-01, 
 2DIAGNOSTIC,    28, -5.337245770196e-01, 1.055844206128e-06, 1.3472e+01, 2.8026e-01, 
 2DIAGNOSTIC,    29, -5.337240397962e-01, 1.016606498504e-06, 1.3753e+01, 2.8067e-01, 
DIAGNOSTIC,Iteration,metricValue,convergenceValue,ITERATION_TIME_INDEX,SINCE_LAST
 2DIAGNOSTIC,     1, -4.887242789399e-01, 1.797693134862e+308, 1.6837e+01, 3.0843e+00, 
