
##########################
# Experiment information #
##########################

EXPERIMENT_NAME: antsRegistration-r7-p20
VFC_BACKENDS: libinterflop_vprec.so --range-binary32=7 --precision-binary32=20 --range-binary64=7 --precision-binary64=20

SIF_IMG: /home/mdugre/projects/rrg-glatard/mdugre/containers/ants-vprec-no_metrics.simg

SUBJECT_ID: s033
INPUT_IMG: /home/mdugre/scratch/mri-registration-rp/datasets/ds004513/derivatives/mri-registration-rp/antsBrainExtraction/sub-s033/BrainExtractionBrain.nii.gz
OUTPUT_DIR: /home/mdugre/scratch/mri-registration-rp/datasets/ds004513/derivatives/mri-registration-rp/0001/antsRegistration-r7-p20/sub-s033

FIXED_IMG: /templateflow/tpl-MNI152NLin2009cAsym/tpl-MNI152NLin2009cAsym_res-01_desc-brain_T1w.nii.gz
DATA_DIR: /home/mdugre/scratch/mri-registration-rp/datasets/ds004513
TEMPLATEFLOW_DIR: /home/mdugre/projects/rrg-glatard/mdugre/templateflow
ITK_GLOBAL_DEFAULT_NUMBER_OF_THREADS: 16
##########################

Info [verificarlo]: loaded backend libinterflop_ieee.so
Info [interflop-ieee]: load backend with:
Info [interflop-ieee]: debug = false
Info [interflop-ieee]: debug-binary = false
Info [interflop-ieee]: no-backend-name = false
Info [interflop-ieee]: print-new-line = false
Info [interflop-ieee]: print-subnormal-normalized = false
Info [interflop-ieee]: count-op = false
All_Command_lines_OK
Using double precision for computations.
=============================================================================
The composite transform comprises the following transforms (in order): 
  1. Center of mass alignment using fixed image: /templateflow/tpl-MNI152NLin2009cAsym/tpl-MNI152NLin2009cAsym_res-01_desc-brain_T1w.nii.gz and moving image: /home/mdugre/scratch/mri-registration-rp/datasets/ds004513/derivatives/mri-registration-rp/antsBrainExtraction/sub-s033/BrainExtractionBrain.nii.gz (type = Euler3DTransform)
=============================================================================
  number of levels = 1
  fixed image: /templateflow/tpl-MNI152NLin2009cAsym/tpl-MNI152NLin2009cAsym_res-01_desc-brain_T1w.nii.gz
  moving image: /home/mdugre/scratch/mri-registration-rp/datasets/ds004513/derivatives/mri-registration-rp/antsBrainExtraction/sub-s033/BrainExtractionBrain.nii.gz
Dimension = 3
Number of stages = 1
Use histogram matching = false
Winsorize image intensities = true
  Lower quantile = 0.005
  Upper quantile = 0.995


Stage 1 State
   Image metric = MattesMI
     Fixed image = Image (0x4f0de70)
  RTTI typeinfo:   itk::Image<double, 3u>
  Reference Count: 2
  Modified Time: 2330
  Debug: Off
  Object Name: 
  Observers: 
    none
  Source: (none)
  Source output name: (none)
  Release Data: Off
  Data Released: False
  Global Release Data: Off
  PipelineMTime: 0
  UpdateMTime: 1941
  RealTimeStamp: 0 seconds 
  LargestPossibleRegion: 
    Dimension: 3
    Index: [0, 0, 0]
    Size: [193, 229, 193]
  BufferedRegion: 
    Dimension: 3
    Index: [0, 0, 0]
    Size: [193, 229, 193]
  RequestedRegion: 
    Dimension: 3
    Index: [0, 0, 0]
    Size: [193, 229, 193]
  Spacing: [1, 1, 1]
  Origin: [96, 132, -78]
  Direction: 
-1 0 0
0 -1 0
0 0 1

  IndexToPointMatrix: 
-1 0 0
0 -1 0
0 0 1

  PointToIndexMatrix: 
-1 0 0
0 -1 0
0 0 1

  Inverse Direction: 
-1 0 0
0 -1 0
0 0 1

  PixelContainer: 
    ImportImageContainer (0x4f16c60)
      RTTI typeinfo:   itk::ImportImageContainer<unsigned long, double>
      Reference Count: 1
      Modified Time: 1938
      Debug: Off
      Object Name: 
      Observers: 
        none
      Pointer: 0x14dbf8943010
      Container manages memory: true
      Size: 8530021
      Capacity: 8530021

     Moving image = Image (0x4f10540)
  RTTI typeinfo:   itk::Image<double, 3u>
  Reference Count: 2
  Modified Time: 2331
  Debug: Off
  Object Name: 
  Observers: 
    none
  Source: (none)
  Source output name: (none)
  Release Data: Off
  Data Released: False
  Global Release Data: Off
  PipelineMTime: 0
  UpdateMTime: 2328
  RealTimeStamp: 0 seconds 
  LargestPossibleRegion: 
    Dimension: 3
    Index: [0, 0, 0]
    Size: [160, 240, 256]
  BufferedRegion: 
    Dimension: 3
    Index: [0, 0, 0]
    Size: [160, 240, 256]
  RequestedRegion: 
    Dimension: 3
    Index: [0, 0, 0]
    Size: [160, 240, 256]
  Spacing: [1, 1, 1]
  Origin: [91.5134, 94.282, -109.927]
  Direction: 
-0.99591 -0.0698718 -0.0572835
0.0697565 -0.997556 0.00401236
-0.0574239 5.01125e-08 0.99835

  IndexToPointMatrix: 
-0.99591 -0.0698718 -0.0572835
0.0697565 -0.997556 0.00401236
-0.0574239 5.01125e-08 0.99835

  PointToIndexMatrix: 
-0.99591 0.0697565 -0.0574239
-0.0698718 -0.997556 5.01483e-08
-0.0572835 0.00401236 0.99835

  Inverse Direction: 
-0.99591 0.0697565 -0.0574239
-0.0698718 -0.997556 5.01483e-08
-0.0572835 0.00401236 0.99835

  PixelContainer: 
    ImportImageContainer (0x5022610)
      RTTI typeinfo:   itk::ImportImageContainer<unsigned long, double>
      Reference Count: 1
      Modified Time: 2325
      Debug: Off
      Object Name: 
      Observers: 
        none
      Pointer: 0x14dbf3e42010
      Container manages memory: true
      Size: 9830400
      Capacity: 9830400

     Weighting = 1
     Sampling strategy = regular
     Number of bins = 32
     Radius = 4
     Sampling percentage  = 0.25
   Transform = Rigid
     Gradient step = 0.1
     Update field sigma (voxel space) = 0
     Total field sigma (voxel space) = 0
     Update field time sigma = 0
     Total field time sigma  = 0
     Number of time indices = 0
     Number of time point samples = 0
Registration using 1 total stages.

Stage 0
  iterations = 0
  convergence threshold = 1e-06
  convergence window size = 10
  number of levels = 1
  using the Mattes MI metric (number of bins = 32, weight = 1, use gradient filter = 0)
  preprocessing:  winsorizing the image intensities
  Shrink factors (level 1 out of 1): [1, 1, 1]
  smoothing sigmas per level: [0]
  regular sampling (percentage = 0.25)

*** Running Euler3DTransform registration ***

  Elapsed time (stage 0): 1.11925


Total elapsed time: 1.1223
Info [verificarlo]: loaded backend libinterflop_ieee.so
Info [interflop-ieee]: load backend with:
Info [interflop-ieee]: debug = false
Info [interflop-ieee]: debug-binary = false
Info [interflop-ieee]: no-backend-name = false
Info [interflop-ieee]: print-new-line = false
Info [interflop-ieee]: print-subnormal-normalized = false
Info [interflop-ieee]: count-op = false
All_Command_lines_OK
Using double precision for computations.
=============================================================================
The composite transform comprises the following transforms (in order): 
  1. /home/mdugre/scratch/mri-registration-rp/datasets/ds004513/derivatives/mri-registration-rp/0001/antsRegistration-r7-p20/sub-s033/align_Composite.h5[0] (type = Euler3DTransform)
  2. /home/mdugre/scratch/mri-registration-rp/datasets/ds004513/derivatives/mri-registration-rp/0001/antsRegistration-r7-p20/sub-s033/align_Composite.h5[1] (type = Euler3DTransform)
=============================================================================
  number of levels = 4
  fixed image: /templateflow/tpl-MNI152NLin2009cAsym/tpl-MNI152NLin2009cAsym_res-01_desc-brain_T1w.nii.gz
  moving image: /home/mdugre/scratch/mri-registration-rp/datasets/ds004513/derivatives/mri-registration-rp/antsBrainExtraction/sub-s033/BrainExtractionBrain.nii.gz
Dimension = 3
Number of stages = 1
Use histogram matching = false
Winsorize image intensities = true
  Lower quantile = 0.005
  Upper quantile = 0.995


Stage 1 State
   Image metric = MattesMI
     Fixed image = Image (0x44ff530)
  RTTI typeinfo:   itk::Image<double, 3u>
  Reference Count: 2
  Modified Time: 1578
  Debug: Off
  Object Name: 
  Observers: 
    none
  Source: (none)
  Source output name: (none)
  Release Data: Off
  Data Released: False
  Global Release Data: Off
  PipelineMTime: 0
  UpdateMTime: 1189
  RealTimeStamp: 0 seconds 
  LargestPossibleRegion: 
    Dimension: 3
    Index: [0, 0, 0]
    Size: [193, 229, 193]
  BufferedRegion: 
    Dimension: 3
    Index: [0, 0, 0]
    Size: [193, 229, 193]
  RequestedRegion: 
    Dimension: 3
    Index: [0, 0, 0]
    Size: [193, 229, 193]
  Spacing: [1, 1, 1]
  Origin: [96, 132, -78]
  Direction: 
-1 0 0
0 -1 0
0 0 1

  IndexToPointMatrix: 
-1 0 0
0 -1 0
0 0 1

  PointToIndexMatrix: 
-1 0 0
0 -1 0
0 0 1

  Inverse Direction: 
-1 0 0
0 -1 0
0 0 1

  PixelContainer: 
    ImportImageContainer (0x45bdd60)
      RTTI typeinfo:   itk::ImportImageContainer<unsigned long, double>
      Reference Count: 1
      Modified Time: 1186
      Debug: Off
      Object Name: 
      Observers: 
        none
      Pointer: 0x14fb446b3010
      Container manages memory: true
      Size: 8530021
      Capacity: 8530021

     Moving image = Image (0x45aff60)
  RTTI typeinfo:   itk::Image<double, 3u>
  Reference Count: 2
  Modified Time: 1579
  Debug: Off
  Object Name: 
  Observers: 
    none
  Source: (none)
  Source output name: (none)
  Release Data: Off
  Data Released: False
  Global Release Data: Off
  PipelineMTime: 0
  UpdateMTime: 1576
  RealTimeStamp: 0 seconds 
  LargestPossibleRegion: 
    Dimension: 3
    Index: [0, 0, 0]
    Size: [160, 240, 256]
  BufferedRegion: 
    Dimension: 3
    Index: [0, 0, 0]
    Size: [160, 240, 256]
  RequestedRegion: 
    Dimension: 3
    Index: [0, 0, 0]
    Size: [160, 240, 256]
  Spacing: [1, 1, 1]
  Origin: [91.5134, 94.282, -109.927]
  Direction: 
-0.99591 -0.0698718 -0.0572835
0.0697565 -0.997556 0.00401236
-0.0574239 5.01125e-08 0.99835

  IndexToPointMatrix: 
-0.99591 -0.0698718 -0.0572835
0.0697565 -0.997556 0.00401236
-0.0574239 5.01125e-08 0.99835

  PointToIndexMatrix: 
-0.99591 0.0697565 -0.0574239
-0.0698718 -0.997556 5.01483e-08
-0.0572835 0.00401236 0.99835

  Inverse Direction: 
-0.99591 0.0697565 -0.0574239
-0.0698718 -0.997556 5.01483e-08
-0.0572835 0.00401236 0.99835

  PixelContainer: 
    ImportImageContainer (0x45a16d0)
      RTTI typeinfo:   itk::ImportImageContainer<unsigned long, double>
      Reference Count: 1
      Modified Time: 1573
      Debug: Off
      Object Name: 
      Observers: 
        none
      Pointer: 0x14fb3fbb2010
      Container manages memory: true
      Size: 9830400
      Capacity: 9830400

     Weighting = 1
     Sampling strategy = regular
     Number of bins = 32
     Radius = 4
     Sampling percentage  = 0.25
   Transform = Rigid
     Gradient step = 0.1
     Update field sigma (voxel space) = 0
     Total field sigma (voxel space) = 0
     Update field time sigma = 0
     Total field time sigma  = 0
     Number of time indices = 0
     Number of time point samples = 0
Registration using 1 total stages.

Stage 0
  iterations = 1000x500x250x100
  convergence threshold = 1e-06
  convergence window size = 10
  number of levels = 4
  using the Mattes MI metric (number of bins = 32, weight = 1, use gradient filter = 0)
  preprocessing:  winsorizing the image intensities
  Shrink factors (level 1 out of 4): [8, 8, 8]
  Shrink factors (level 2 out of 4): [4, 4, 4]
  Shrink factors (level 3 out of 4): [2, 2, 2]
  Shrink factors (level 4 out of 4): [1, 1, 1]
  smoothing sigmas per level: [3, 2, 1, 0]
  regular sampling (percentage = 0.25)

*** Running Euler3DTransform registration ***

DIAGNOSTIC,Iteration,metricValue,convergenceValue,ITERATION_TIME_INDEX,SINCE_LAST
 2DIAGNOSTIC,     1, -4.945365495269e-01, 1.797693134862e+308, 7.2194e-01, 7.2194e-01, 
 2DIAGNOSTIC,     2, -4.961551199262e-01, 1.797693134862e+308, 7.2703e-01, 5.0910e-03, 
 2DIAGNOSTIC,     3, -4.991207097076e-01, 1.797693134862e+308, 7.3224e-01, 5.2099e-03, 
 2DIAGNOSTIC,     4, -5.030359852117e-01, 1.797693134862e+308, 7.3713e-01, 4.8962e-03, 
 2DIAGNOSTIC,     5, -5.059125054655e-01, 1.797693134862e+308, 7.4321e-01, 6.0780e-03, 
 2DIAGNOSTIC,     6, -5.092815596254e-01, 1.797693134862e+308, 7.4967e-01, 6.4571e-03, 
 2DIAGNOSTIC,     7, -5.205915484568e-01, 1.797693134862e+308, 7.5591e-01, 6.2430e-03, 
 2DIAGNOSTIC,     8, -5.236677933913e-01, 1.797693134862e+308, 7.6583e-01, 9.9199e-03, 
 2DIAGNOSTIC,     9, -5.261653611514e-01, 1.797693134862e+308, 7.7141e-01, 5.5819e-03, 
 2DIAGNOSTIC,    10, -5.313843279548e-01, 4.956236851461e-03, 7.7788e-01, 6.4640e-03, 
 2DIAGNOSTIC,    11, -5.461121550605e-01, 5.255951709878e-03, 7.8531e-01, 7.4379e-03, 
 2DIAGNOSTIC,    12, -5.563506773260e-01, 5.544499219503e-03, 7.9025e-01, 4.9319e-03, 
 2DIAGNOSTIC,    13, -6.011783753088e-01, 7.240286203971e-03, 7.9783e-01, 7.5819e-03, 
 2DIAGNOSTIC,    14, -6.166052825026e-01, 8.701253899190e-03, 8.0398e-01, 6.1500e-03, 
 2DIAGNOSTIC,    15, -6.211428291648e-01, 9.416357351031e-03, 8.0950e-01, 5.5201e-03, 
 2DIAGNOSTIC,    16, -6.235432151682e-01, 9.368281935766e-03, 8.1833e-01, 8.8358e-03, 
 2DIAGNOSTIC,    17, -6.347577461987e-01, 9.145335029739e-03, 8.2730e-01, 8.9641e-03, 
 2DIAGNOSTIC,    18, -6.413138476864e-01, 8.359392954377e-03, 8.3359e-01, 6.2900e-03, 
 2DIAGNOSTIC,    19, -6.420802714619e-01, 6.980623464001e-03, 8.4015e-01, 6.5641e-03, 
 2DIAGNOSTIC,    20, -6.425493371127e-01, 5.272872592464e-03, 8.4569e-01, 5.5380e-03, 
 2DIAGNOSTIC,    21, -6.431795004626e-01, 3.641466674560e-03, 8.5214e-01, 6.4540e-03, 
 2DIAGNOSTIC,    22, -6.434078410213e-01, 2.049113989836e-03, 8.5739e-01, 5.2440e-03, 
 2DIAGNOSTIC,    23, -6.435083890151e-01, 1.381096895646e-03, 8.6313e-01, 5.7461e-03, 
 2DIAGNOSTIC,    24, -6.436807757750e-01, 9.688116338510e-04, 8.7033e-01, 7.1929e-03, 
 2DIAGNOSTIC,    25, -6.439989399531e-01, 6.014653790814e-04, 8.7810e-01, 7.7729e-03, 
 2DIAGNOSTIC,    26, -6.448361540108e-01, 2.655196795646e-04, 8.8415e-01, 6.0499e-03, 
 2DIAGNOSTIC,    27, -6.460796036075e-01, 1.536865550229e-04, 8.9052e-01, 6.3679e-03, 
 2DIAGNOSTIC,    28, -6.463976196156e-01, 1.550353447081e-04, 8.9650e-01, 5.9781e-03, 
 2DIAGNOSTIC,    29, -6.463935458131e-01, 1.547432187996e-04, 9.0225e-01, 5.7569e-03, 
 2DIAGNOSTIC,    30, -6.464392298210e-01, 1.482978505201e-04, 9.0926e-01, 7.0081e-03, 
 2DIAGNOSTIC,    31, -6.463723508664e-01, 1.368671472644e-04, 9.1428e-01, 5.0201e-03, 
 2DIAGNOSTIC,    32, -6.464254416176e-01, 1.173265640313e-04, 9.2079e-01, 6.5141e-03, 
 2DIAGNOSTIC,    33, -6.464354984456e-01, 8.969327945967e-05, 9.3683e-01, 1.6038e-02, 
 2DIAGNOSTIC,    34, -6.464354984126e-01, 5.811487157740e-05, 9.5281e-01, 1.5975e-02, 
 2DIAGNOSTIC,    35, -6.464354984126e-01, 2.735367743222e-05, 9.5858e-01, 5.7740e-03, 
 2DIAGNOSTIC,    36, -6.464354984126e-01, 6.561975747818e-06, 9.6683e-01, 8.2510e-03, 
 2DIAGNOSTIC,    37, -6.464354984126e-01, 2.244499203816e-06, 9.7234e-01, 5.5108e-03, 
 2DIAGNOSTIC,    38, -6.464354984126e-01, 1.990754207679e-06, 9.7753e-01, 5.1899e-03, 
 2DIAGNOSTIC,    39, -6.464354984126e-01, 1.582335520615e-06, 9.8272e-01, 5.1899e-03, 
 2DIAGNOSTIC,    40, -6.464354984126e-01, 1.698172690238e-06, 9.8791e-01, 5.1839e-03, 
DIAGNOSTIC,Iteration,metricValue,convergenceValue,ITERATION_TIME_INDEX,SINCE_LAST
 2DIAGNOSTIC,     1, -5.367244452392e-01, 1.797693134862e+308, 1.7197e+00, 7.3175e-01, 
 2DIAGNOSTIC,     2, -5.380313836188e-01, 1.797693134862e+308, 1.7584e+00, 3.8765e-02, 
 2DIAGNOSTIC,     3, -5.401731911821e-01, 1.797693134862e+308, 1.7895e+00, 3.1092e-02, 
 2DIAGNOSTIC,     4, -5.431881345281e-01, 1.797693134862e+308, 1.8199e+00, 3.0401e-02, 
 2DIAGNOSTIC,     5, -5.453557596966e-01, 1.797693134862e+308, 1.8504e+00, 3.0498e-02, 
 2DIAGNOSTIC,     6, -5.461088565516e-01, 1.797693134862e+308, 1.8837e+00, 3.3284e-02, 
 2DIAGNOSTIC,     7, -5.462086681210e-01, 1.797693134862e+308, 1.9143e+00, 3.0551e-02, 
 2DIAGNOSTIC,     8, -5.464644813607e-01, 1.797693134862e+308, 1.9671e+00, 5.2891e-02, 
 2DIAGNOSTIC,     9, -5.466119845045e-01, 1.797693134862e+308, 2.0071e+00, 3.9973e-02, 
 2DIAGNOSTIC,    10, -5.465653133872e-01, 1.220918932485e-03, 2.0414e+00, 3.4288e-02, 
 2DIAGNOSTIC,    11, -5.465682687843e-01, 8.133911928386e-04, 2.0800e+00, 3.8579e-02, 
 2DIAGNOSTIC,    12, -5.465541412034e-01, 4.580258180894e-04, 2.1134e+00, 3.3445e-02, 
 2DIAGNOSTIC,    13, -5.465494218534e-01, 2.001582819280e-04, 2.1476e+00, 3.4219e-02, 
 2DIAGNOSTIC,    14, -5.465144130865e-01, 7.040399354982e-05, 2.1780e+00, 3.0322e-02, 
 2DIAGNOSTIC,    15, -5.465021549280e-01, 2.625951523383e-05, 2.2118e+00, 3.3792e-02, 
 2DIAGNOSTIC,    16, -5.465203010835e-01, 1.067861043372e-05, 2.2458e+00, 3.4086e-02, 
DIAGNOSTIC,Iteration,metricValue,convergenceValue,ITERATION_TIME_INDEX,SINCE_LAST
 2DIAGNOSTIC,     1, -4.642612163531e-01, 1.797693134862e+308, 3.3113e+00, 1.0654e+00, 
 2DIAGNOSTIC,     2, -4.645523966611e-01, 1.797693134862e+308, 3.5488e+00, 2.3754e-01, 
 2DIAGNOSTIC,     3, -4.648354188705e-01, 1.797693134862e+308, 3.7732e+00, 2.2441e-01, 
 2DIAGNOSTIC,     4, -4.650444821332e-01, 1.797693134862e+308, 3.9907e+00, 2.1750e-01, 
 2DIAGNOSTIC,     5, -4.653294031354e-01, 1.797693134862e+308, 4.2369e+00, 2.4618e-01, 
 2DIAGNOSTIC,     6, -4.657501522302e-01, 1.797693134862e+308, 4.4888e+00, 2.5193e-01, 
 2DIAGNOSTIC,     7, -4.663152997952e-01, 1.797693134862e+308, 4.9303e+00, 4.4144e-01, 
 2DIAGNOSTIC,     8, -4.663376523383e-01, 1.797693134862e+308, 5.1887e+00, 2.5847e-01, 
 2DIAGNOSTIC,     9, -4.663397939841e-01, 1.797693134862e+308, 5.5107e+00, 3.2195e-01, 
 2DIAGNOSTIC,    10, -4.663424499647e-01, 3.304415027006e-04, 5.8654e+00, 3.5468e-01, 
 2DIAGNOSTIC,    11, -4.663407767551e-01, 2.569717434564e-04, 6.1672e+00, 3.0178e-01, 
 2DIAGNOSTIC,    12, -4.663402993698e-01, 1.871608456115e-04, 6.4391e+00, 2.7196e-01, 
 2DIAGNOSTIC,    13, -4.663397693518e-01, 1.247948995577e-04, 6.7057e+00, 2.6663e-01, 
 2DIAGNOSTIC,    14, -4.663383676231e-01, 6.955016386527e-05, 6.9354e+00, 2.2970e-01, 
 2DIAGNOSTIC,    15, -4.663373090406e-01, 2.688613630794e-05, 7.2084e+00, 2.7300e-01, 
 2DIAGNOSTIC,    16, -4.663380618938e-01, 2.757969850650e-06, 7.4828e+00, 2.7441e-01, 
 2DIAGNOSTIC,    17, -4.663366392836e-01, 1.609412477781e-06, 7.7651e+00, 2.8225e-01, 
 2DIAGNOSTIC,    18, -4.663363752769e-01, 1.361302324476e-06, 8.0449e+00, 2.7983e-01, 
 2DIAGNOSTIC,    19, -4.663349270311e-01, 1.197066038808e-06, 8.3289e+00, 2.8396e-01, 
 2DIAGNOSTIC,    20, -4.663342712306e-01, 1.156856336733e-06, 8.5591e+00, 2.3022e-01, 
 2DIAGNOSTIC,    21, -4.663338228680e-01, 1.098746004492e-06, 8.8123e+00, 2.5315e-01, 
 2DIAGNOSTIC,    22, -4.663346785735e-01, 1.094940581939e-06, 9.0581e+00, 2.4587e-01, 
 2DIAGNOSTIC,    23, -4.663351766829e-01, 1.123946147458e-06, 9.3153e+00, 2.5719e-01, 
 2DIAGNOSTIC,    24, -4.663374265093e-01, 1.197303846130e-06, 9.5831e+00, 2.6783e-01, 
 2DIAGNOSTIC,    25, -4.663373147784e-01, 1.246670381122e-06, 9.8300e+00, 2.4688e-01, 
 2DIAGNOSTIC,    26, -4.663384923125e-01, 1.341408823463e-06, 1.0040e+01, 2.0995e-01, 
 2DIAGNOSTIC,    27, -4.663413940649e-01, 1.450742364663e-06, 1.0322e+01, 2.8155e-01, 
 2DIAGNOSTIC,    28, -4.663452543192e-01, 1.603542907687e-06, 1.0591e+01, 2.6916e-01, 
 2DIAGNOSTIC,    29, -4.663455689557e-01, 1.676445230546e-06, 1.0816e+01, 2.2556e-01, 
 2DIAGNOSTIC,    30, -4.663486414090e-01, 1.741007253066e-06, 1.1085e+01, 2.6888e-01, 
 2DIAGNOSTIC,    31, -4.663501669987e-01, 1.757563305400e-06, 1.1369e+01, 2.8390e-01, 
 2DIAGNOSTIC,    32, -4.663498091921e-01, 1.712208714644e-06, 1.1613e+01, 2.4440e-01, 
 2DIAGNOSTIC,    33, -4.663495639541e-01, 1.605380641492e-06, 1.1840e+01, 2.2684e-01, 
 2DIAGNOSTIC,    34, -4.663507453522e-01, 1.506622525359e-06, 1.2110e+01, 2.6937e-01, 
 2DIAGNOSTIC,    35, -4.663521262835e-01, 1.380763260287e-06, 1.2389e+01, 2.7983e-01, 
 2DIAGNOSTIC,    36, -4.663521739169e-01, 1.236181416890e-06, 1.2637e+01, 2.4733e-01, 
 2DIAGNOSTIC,    37, -4.663538881948e-01, 1.141629111228e-06, 1.2911e+01, 2.7412e-01, 
 2DIAGNOSTIC,    38, -4.663549479129e-01, 1.104641026310e-06, 1.3137e+01, 2.2606e-01, 
 2DIAGNOSTIC,    39, -4.663582261130e-01, 1.098561411818e-06, 1.3398e+01, 2.6116e-01, 
 2DIAGNOSTIC,    40, -4.663613278422e-01, 1.157924437813e-06, 1.3666e+01, 2.6830e-01, 
 2DIAGNOSTIC,    41, -4.663616860641e-01, 1.207565738619e-06, 1.3905e+01, 2.3897e-01, 
 2DIAGNOSTIC,    42, -4.663696946672e-01, 1.326038418400e-06, 1.4145e+01, 2.3910e-01, 
 2DIAGNOSTIC,    43, -4.663799868022e-01, 1.523927656361e-06, 1.4439e+01, 2.9434e-01, 
 2DIAGNOSTIC,    44, -4.663851220396e-01, 1.721617878082e-06, 1.4794e+01, 3.5532e-01, 
 2DIAGNOSTIC,    45, -4.663846456878e-01, 1.828353554625e-06, 1.5054e+01, 2.6025e-01, 
 2DIAGNOSTIC,    46, -4.663834648787e-01, 1.810964710348e-06, 1.5310e+01, 2.5554e-01, 
 2DIAGNOSTIC,    47, -4.663818561484e-01, 1.688500708513e-06, 1.5553e+01, 2.4276e-01, 
 2DIAGNOSTIC,    48, -4.663820296019e-01, 1.486764662863e-06, 1.5799e+01, 2.4633e-01, 
 2DIAGNOSTIC,    49, -4.663854174522e-01, 1.295765016604e-06, 1.6070e+01, 2.7092e-01, 
 2DIAGNOSTIC,    50, -4.663872370895e-01, 1.112001396738e-06, 1.6286e+01, 2.1558e-01, 
DIAGNOSTIC,Iteration,metricValue,convergenceValue,ITERATION_TIME_INDEX,SINCE_LAST
 2DIAGNOSTIC,     1, -4.249046535124e-01, 1.797693134862e+308, 1.8924e+01, 2.6384e+00, 
 2DIAGNOSTIC,     2, -4.249634128470e-01, 1.797693134862e+308, 2.0532e+01, 1.6077e+00, 
 2DIAGNOSTIC,     3, -4.249876091239e-01, 1.797693134862e+308, 2.1863e+01, 1.3317e+00, 
 2DIAGNOSTIC,     4, -4.250090858194e-01, 1.797693134862e+308, 2.3234e+01, 1.3703e+00, 
 2DIAGNOSTIC,     5, -4.251339503756e-01, 1.797693134862e+308, 2.4582e+01, 1.3483e+00, 
 2DIAGNOSTIC,     6, -4.252901609727e-01, 1.797693134862e+308, 2.7068e+01, 2.4857e+00, 
 2DIAGNOSTIC,     7, -4.253025484932e-01, 1.797693134862e+308, 2.8419e+01, 1.3513e+00, 
 2DIAGNOSTIC,     8, -4.253439909247e-01, 1.797693134862e+308, 2.9794e+01, 1.3754e+00, 
 2DIAGNOSTIC,     9, -4.253843341123e-01, 1.797693134862e+308, 3.1276e+01, 1.4813e+00, 
 2DIAGNOSTIC,    10, -4.254100136477e-01, 8.915217027726e-05, 3.2717e+01, 1.4408e+00, 
 2DIAGNOSTIC,    11, -4.254659505259e-01, 7.794462361305e-05, 3.4059e+01, 1.3429e+00, 
 2DIAGNOSTIC,    12, -4.256076350341e-01, 7.303998611059e-05, 3.6726e+01, 2.6662e+00, 
 2DIAGNOSTIC,    13, -4.256072227366e-01, 6.373675780859e-05, 3.8234e+01, 1.5083e+00, 
 2DIAGNOSTIC,    14, -4.256075596920e-01, 5.124804528789e-05, 3.9887e+01, 1.6531e+00, 
 2DIAGNOSTIC,    15, -4.256074668142e-01, 4.141732425014e-05, 4.1725e+01, 1.8378e+00, 
 2DIAGNOSTIC,    16, -4.256069707433e-01, 3.568395027330e-05, 4.3756e+01, 2.0307e+00, 
 2DIAGNOSTIC,    17, -4.256069355159e-01, 2.789665040819e-05, 4.5375e+01, 1.6190e+00, 
 2DIAGNOSTIC,    18, -4.256069047461e-01, 2.009086212505e-05, 4.7281e+01, 1.9067e+00, 
 2DIAGNOSTIC,    19, -4.256068595043e-01, 1.290513023015e-05, 4.8815e+01, 1.5339e+00, 
 2DIAGNOSTIC,    20, -4.256066923149e-01, 6.250453141905e-06, 5.0368e+01, 1.5528e+00, 
 2DIAGNOSTIC,    21, -4.256068452800e-01, 1.451475762651e-06, 5.1929e+01, 1.5608e+00, 
 2DIAGNOSTIC,    22, -4.256067141094e-01, 1.393951270003e-06, 5.3247e+01, 1.3186e+00, 
 2DIAGNOSTIC,    23, -4.256067322353e-01, 1.334466105826e-06, 5.4639e+01, 1.3918e+00, 
 2DIAGNOSTIC,    24, -4.256070429920e-01, 1.302526828353e-06, 5.6149e+01, 1.5097e+00, 
 2DIAGNOSTIC,    25, -4.256073315894e-01, 1.280708296872e-06, 5.7977e+01, 1.8282e+00, 
 2DIAGNOSTIC,    26, -4.256073083813e-01, 1.246346880035e-06, 5.9317e+01, 1.3396e+00, 
 2DIAGNOSTIC,    27, -4.256073389879e-01, 1.212515638463e-06, 6.0816e+01, 1.4996e+00, 
 2DIAGNOSTIC,    28, -4.256071165154e-01, 1.171965360806e-06, 6.2298e+01, 1.4815e+00, 
 2DIAGNOSTIC,    29, -4.256072313752e-01, 1.132569138813e-06, 6.3696e+01, 1.3980e+00, 
 2DIAGNOSTIC,    30, -4.256070608521e-01, 1.084564601822e-06, 6.5236e+01, 1.5403e+00, 
 2DIAGNOSTIC,    31, -4.256067130705e-01, 1.033436153500e-06, 6.6819e+01, 1.5828e+00, 
  Elapsed time (stage 0): 6.7661e+01


Total elapsed time: 6.7664e+01
Info [verificarlo]: loaded backend libinterflop_ieee.so
Info [interflop-ieee]: load backend with:
Info [interflop-ieee]: debug = false
Info [interflop-ieee]: debug-binary = false
Info [interflop-ieee]: no-backend-name = false
Info [interflop-ieee]: print-new-line = false
Info [interflop-ieee]: print-subnormal-normalized = false
Info [interflop-ieee]: count-op = false
All_Command_lines_OK
Using double precision for computations.
=============================================================================
The composite transform comprises the following transforms (in order): 
  1. /home/mdugre/scratch/mri-registration-rp/datasets/ds004513/derivatives/mri-registration-rp/0001/antsRegistration-r7-p20/sub-s033/rigid_Composite.h5[0] (type = Euler3DTransform)
  2. /home/mdugre/scratch/mri-registration-rp/datasets/ds004513/derivatives/mri-registration-rp/0001/antsRegistration-r7-p20/sub-s033/rigid_Composite.h5[1] (type = Euler3DTransform)
  3. /home/mdugre/scratch/mri-registration-rp/datasets/ds004513/derivatives/mri-registration-rp/0001/antsRegistration-r7-p20/sub-s033/rigid_Composite.h5[2] (type = Euler3DTransform)
=============================================================================
  number of levels = 4
  fixed image: /templateflow/tpl-MNI152NLin2009cAsym/tpl-MNI152NLin2009cAsym_res-01_desc-brain_T1w.nii.gz
  moving image: /home/mdugre/scratch/mri-registration-rp/datasets/ds004513/derivatives/mri-registration-rp/antsBrainExtraction/sub-s033/BrainExtractionBrain.nii.gz
Dimension = 3
Number of stages = 1
Use histogram matching = false
Winsorize image intensities = true
  Lower quantile = 0.005
  Upper quantile = 0.995


Stage 1 State
   Image metric = MattesMI
     Fixed image = Image (0x39857e0)
  RTTI typeinfo:   itk::Image<double, 3u>
  Reference Count: 2
  Modified Time: 1592
  Debug: Off
  Object Name: 
  Observers: 
    none
  Source: (none)
  Source output name: (none)
  Release Data: Off
  Data Released: False
  Global Release Data: Off
  PipelineMTime: 0
  UpdateMTime: 1203
  RealTimeStamp: 0 seconds 
  LargestPossibleRegion: 
    Dimension: 3
    Index: [0, 0, 0]
    Size: [193, 229, 193]
  BufferedRegion: 
    Dimension: 3
    Index: [0, 0, 0]
    Size: [193, 229, 193]
  RequestedRegion: 
    Dimension: 3
    Index: [0, 0, 0]
    Size: [193, 229, 193]
  Spacing: [1, 1, 1]
  Origin: [96, 132, -78]
  Direction: 
-1 0 0
0 -1 0
0 0 1

  IndexToPointMatrix: 
-1 0 0
0 -1 0
0 0 1

  PointToIndexMatrix: 
-1 0 0
0 -1 0
0 0 1

  Inverse Direction: 
-1 0 0
0 -1 0
0 0 1

  PixelContainer: 
    ImportImageContainer (0x3a45a20)
      RTTI typeinfo:   itk::ImportImageContainer<unsigned long, double>
      Reference Count: 1
      Modified Time: 1200
      Debug: Off
      Object Name: 
      Observers: 
        none
      Pointer: 0x14946f54f010
      Container manages memory: true
      Size: 8530021
      Capacity: 8530021

     Moving image = Image (0x3a40d70)
  RTTI typeinfo:   itk::Image<double, 3u>
  Reference Count: 2
  Modified Time: 1593
  Debug: Off
  Object Name: 
  Observers: 
    none
  Source: (none)
  Source output name: (none)
  Release Data: Off
  Data Released: False
  Global Release Data: Off
  PipelineMTime: 0
  UpdateMTime: 1590
  RealTimeStamp: 0 seconds 
  LargestPossibleRegion: 
    Dimension: 3
    Index: [0, 0, 0]
    Size: [160, 240, 256]
  BufferedRegion: 
    Dimension: 3
    Index: [0, 0, 0]
    Size: [160, 240, 256]
  RequestedRegion: 
    Dimension: 3
    Index: [0, 0, 0]
    Size: [160, 240, 256]
  Spacing: [1, 1, 1]
  Origin: [91.5134, 94.282, -109.927]
  Direction: 
-0.99591 -0.0698718 -0.0572835
0.0697565 -0.997556 0.00401236
-0.0574239 5.01125e-08 0.99835

  IndexToPointMatrix: 
-0.99591 -0.0698718 -0.0572835
0.0697565 -0.997556 0.00401236
-0.0574239 5.01125e-08 0.99835

  PointToIndexMatrix: 
-0.99591 0.0697565 -0.0574239
-0.0698718 -0.997556 5.01483e-08
-0.0572835 0.00401236 0.99835

  Inverse Direction: 
-0.99591 0.0697565 -0.0574239
-0.0698718 -0.997556 5.01483e-08
-0.0572835 0.00401236 0.99835

  PixelContainer: 
    ImportImageContainer (0x39f8c90)
      RTTI typeinfo:   itk::ImportImageContainer<unsigned long, double>
      Reference Count: 1
      Modified Time: 1587
      Debug: Off
      Object Name: 
      Observers: 
        none
      Pointer: 0x14946aa4e010
      Container manages memory: true
      Size: 9830400
      Capacity: 9830400

     Weighting = 1
     Sampling strategy = regular
     Number of bins = 32
     Radius = 4
     Sampling percentage  = 0.25
   Transform = Affine
     Gradient step = 0.1
     Update field sigma (voxel space) = 0
     Total field sigma (voxel space) = 0
     Update field time sigma = 0
     Total field time sigma  = 0
     Number of time indices = 0
     Number of time point samples = 0
Registration using 1 total stages.

Stage 0
  iterations = 1000x500x250x100
  convergence threshold = 1e-06
  convergence window size = 10
  number of levels = 4
  using the Mattes MI metric (number of bins = 32, weight = 1, use gradient filter = 0)
  preprocessing:  winsorizing the image intensities
  Shrink factors (level 1 out of 4): [8, 8, 8]
  Shrink factors (level 2 out of 4): [4, 4, 4]
  Shrink factors (level 3 out of 4): [2, 2, 2]
  Shrink factors (level 4 out of 4): [1, 1, 1]
  smoothing sigmas per level: [3, 2, 1, 0]
  regular sampling (percentage = 0.25)

*** Running AffineTransform registration ***

DIAGNOSTIC,Iteration,metricValue,convergenceValue,ITERATION_TIME_INDEX,SINCE_LAST
 2DIAGNOSTIC,     1, -6.376203151666e-01, 1.797693134862e+308, 9.4824e-01, 9.4824e-01, 
 2DIAGNOSTIC,     2, -6.402439702890e-01, 1.797693134862e+308, 9.5418e-01, 5.9390e-03, 
 2DIAGNOSTIC,     3, -6.449320008568e-01, 1.797693134862e+308, 9.6106e-01, 6.8810e-03, 
 2DIAGNOSTIC,     4, -6.518408484457e-01, 1.797693134862e+308, 9.6606e-01, 5.0039e-03, 
 2DIAGNOSTIC,     5, -6.626407247179e-01, 1.797693134862e+308, 9.7118e-01, 5.1188e-03, 
 2DIAGNOSTIC,     6, -6.829583360567e-01, 1.797693134862e+308, 9.7665e-01, 5.4710e-03, 
 2DIAGNOSTIC,     7, -7.241175015535e-01, 1.797693134862e+308, 9.8194e-01, 5.2891e-03, 
 2DIAGNOSTIC,     8, -7.616464327582e-01, 1.797693134862e+308, 9.9006e-01, 8.1141e-03, 
 2DIAGNOSTIC,     9, -7.798212787554e-01, 1.797693134862e+308, 9.9551e-01, 5.4550e-03, 
 2DIAGNOSTIC,    10, -8.283959382917e-01, 1.749753903235e-02, 1.0016e+00, 6.1209e-03, 
 2DIAGNOSTIC,    11, -8.888605308761e-01, 1.984538523820e-02, 1.0088e+00, 7.2150e-03, 
 2DIAGNOSTIC,    12, -8.900016679360e-01, 2.004011954674e-02, 1.0140e+00, 5.2030e-03, 
 2DIAGNOSTIC,    13, -9.001936646631e-01, 1.886241369172e-02, 1.0196e+00, 5.5771e-03, 
 2DIAGNOSTIC,    14, -9.033415035899e-01, 1.648012558285e-02, 1.0262e+00, 6.5920e-03, 
 2DIAGNOSTIC,    15, -9.069307009021e-01, 1.332511024388e-02, 1.0345e+00, 8.3110e-03, 
 2DIAGNOSTIC,    16, -9.069269007285e-01, 9.853309546751e-03, 1.0410e+00, 6.5179e-03, 
 2DIAGNOSTIC,    17, -9.067641900176e-01, 6.825970462606e-03, 1.0463e+00, 5.2969e-03, 
 2DIAGNOSTIC,    18, -9.070141448114e-01, 4.332972378412e-03, 1.0532e+00, 6.8429e-03, 
 2DIAGNOSTIC,    19, -9.070957460514e-01, 2.069244612883e-03, 1.0596e+00, 6.4600e-03, 
 2DIAGNOSTIC,    20, -9.068320806567e-01, 6.980515523465e-04, 1.0660e+00, 6.3798e-03, 
 2DIAGNOSTIC,    21, -9.067005120593e-01, 4.234710670125e-04, 1.0718e+00, 5.7900e-03, 
 2DIAGNOSTIC,    22, -9.064177663837e-01, 1.482337907950e-04, 1.0770e+00, 5.2090e-03, 
 2DIAGNOSTIC,    23, -9.062967544676e-01, 3.780179079563e-05, 1.0822e+00, 5.1870e-03, 
DIAGNOSTIC,Iteration,metricValue,convergenceValue,ITERATION_TIME_INDEX,SINCE_LAST
 2DIAGNOSTIC,     1, -7.453693843145e-01, 1.797693134862e+308, 1.8266e+00, 7.4436e-01, 
 2DIAGNOSTIC,     2, -7.461482025388e-01, 1.797693134862e+308, 1.8665e+00, 3.9914e-02, 
 2DIAGNOSTIC,     3, -7.468182089008e-01, 1.797693134862e+308, 1.9038e+00, 3.7291e-02, 
 2DIAGNOSTIC,     4, -7.473440031277e-01, 1.797693134862e+308, 1.9403e+00, 3.6491e-02, 
 2DIAGNOSTIC,     5, -7.478521949740e-01, 1.797693134862e+308, 1.9817e+00, 4.1418e-02, 
 2DIAGNOSTIC,     6, -7.484978002468e-01, 1.797693134862e+308, 2.0415e+00, 5.9832e-02, 
 2DIAGNOSTIC,     7, -7.484749941359e-01, 1.797693134862e+308, 2.0811e+00, 3.9578e-02, 
 2DIAGNOSTIC,     8, -7.484704689224e-01, 1.797693134862e+308, 2.1215e+00, 4.0372e-02, 
 2DIAGNOSTIC,     9, -7.484641615309e-01, 1.797693134862e+308, 2.1556e+00, 3.4140e-02, 
 2DIAGNOSTIC,    10, -7.484757620354e-01, 2.664238463701e-04, 2.1950e+00, 3.9358e-02, 
 2DIAGNOSTIC,    11, -7.484830726473e-01, 1.706414152978e-04, 2.2311e+00, 3.6119e-02, 
 2DIAGNOSTIC,    12, -7.484794845110e-01, 1.001391884859e-04, 2.2664e+00, 3.5274e-02, 
 2DIAGNOSTIC,    13, -7.484943965517e-01, 5.177858397547e-05, 2.3036e+00, 3.7233e-02, 
 2DIAGNOSTIC,    14, -7.485151923102e-01, 2.048805291752e-05, 2.3447e+00, 4.1088e-02, 
 2DIAGNOSTIC,    15, -7.485321530636e-01, 4.519701022332e-06, 2.3804e+00, 3.5762e-02, 
 2DIAGNOSTIC,    16, -7.485564127264e-01, 6.246517288533e-06, 2.4167e+00, 3.6291e-02, 
 2DIAGNOSTIC,    17, -7.486170457616e-01, 8.225087746956e-06, 2.4560e+00, 3.9306e-02, 
 2DIAGNOSTIC,    18, -7.486517115903e-01, 1.001100511711e-05, 2.4968e+00, 4.0805e-02, 
 2DIAGNOSTIC,    19, -7.486521034010e-01, 1.071393670377e-05, 2.5365e+00, 3.9699e-02, 
 2DIAGNOSTIC,    20, -7.486481676434e-01, 1.066992115312e-05, 2.5733e+00, 3.6769e-02, 
 2DIAGNOSTIC,    21, -7.486632555318e-01, 1.020051961908e-05, 2.6160e+00, 4.2699e-02, 
 2DIAGNOSTIC,    22, -7.486552808570e-01, 8.735391253435e-06, 2.6490e+00, 3.2937e-02, 
 2DIAGNOSTIC,    23, -7.486506594936e-01, 6.878142205659e-06, 2.6847e+00, 3.5776e-02, 
 2DIAGNOSTIC,    24, -7.486487537004e-01, 4.974862551486e-06, 2.7238e+00, 3.9080e-02, 
 2DIAGNOSTIC,    25, -7.486442476861e-01, 3.077839205251e-06, 2.7682e+00, 4.4359e-02, 
 2DIAGNOSTIC,    26, -7.486361951014e-01, 1.372061265686e-06, 2.8048e+00, 3.6658e-02, 
DIAGNOSTIC,Iteration,metricValue,convergenceValue,ITERATION_TIME_INDEX,SINCE_LAST
 2DIAGNOSTIC,     1, -6.323830170470e-01, 1.797693134862e+308, 3.9895e+00, 1.1847e+00, 
 2DIAGNOSTIC,     2, -6.329624569765e-01, 1.797693134862e+308, 4.2489e+00, 2.5937e-01, 
 2DIAGNOSTIC,     3, -6.336199949142e-01, 1.797693134862e+308, 4.5519e+00, 3.0306e-01, 
 2DIAGNOSTIC,     4, -6.344356429898e-01, 1.797693134862e+308, 4.8720e+00, 3.2012e-01, 
 2DIAGNOSTIC,     5, -6.367856258681e-01, 1.797693134862e+308, 5.3161e+00, 4.4404e-01, 
 2DIAGNOSTIC,     6, -6.378498832257e-01, 1.797693134862e+308, 5.6648e+00, 3.4877e-01, 
 2DIAGNOSTIC,     7, -6.378910035699e-01, 1.797693134862e+308, 5.9686e+00, 3.0371e-01, 
 2DIAGNOSTIC,     8, -6.378779299404e-01, 1.797693134862e+308, 6.3422e+00, 3.7360e-01, 
 2DIAGNOSTIC,     9, -6.378788509501e-01, 1.797693134862e+308, 6.6576e+00, 3.1548e-01, 
 2DIAGNOSTIC,    10, -6.378717532357e-01, 6.539712767955e-04, 6.9639e+00, 3.0627e-01, 
 2DIAGNOSTIC,    11, -6.378692428676e-01, 4.722403418517e-04, 7.2824e+00, 3.1852e-01, 
 2DIAGNOSTIC,    12, -6.378708540808e-01, 3.013470030565e-04, 7.6119e+00, 3.2948e-01, 
 2DIAGNOSTIC,    13, -6.378716380506e-01, 1.532192696910e-04, 8.1087e+00, 4.9678e-01, 
 2DIAGNOSTIC,    14, -6.378724248401e-01, 3.692763442531e-05, 8.4151e+00, 3.0636e-01, 
 2DIAGNOSTIC,    15, -6.378717870833e-01, 2.038887112657e-06, 8.7169e+00, 3.0184e-01, 
 2DIAGNOSTIC,    16, -6.378697248712e-01, 1.128499323808e-06, 9.0483e+00, 3.3141e-01, 
 2DIAGNOSTIC,    17, -6.378661457207e-01, 1.398796512599e-06, 9.3776e+00, 3.2934e-01, 
 2DIAGNOSTIC,    18, -6.378642847921e-01, 1.309973790185e-06, 9.6940e+00, 3.1635e-01, 
 2DIAGNOSTIC,    19, -6.378626111582e-01, 1.259291628468e-06, 9.9689e+00, 2.7488e-01, 
 2DIAGNOSTIC,    20, -6.378645936668e-01, 1.140291144466e-06, 1.0294e+01, 3.2516e-01, 
DIAGNOSTIC,Iteration,metricValue,convergenceValue,ITERATION_TIME_INDEX,SINCE_LAST
 2DIAGNOSTIC,     1, -5.637321141079e-01, 1.797693134862e+308, 1.3183e+01, 2.8886e+00, 
 2DIAGNOSTIC,     2, -5.638293899230e-01, 1.797693134862e+308, 1.5151e+01, 1.9684e+00, 
 2DIAGNOSTIC,     3, -5.638410148139e-01, 1.797693134862e+308, 1.7986e+01, 2.8353e+00, 
 2DIAGNOSTIC,     4, -5.638432834610e-01, 1.797693134862e+308, 2.0117e+01, 2.1310e+00, 
 2DIAGNOSTIC,     5, -5.638424501022e-01, 1.797693134862e+308, 2.2261e+01, 2.1432e+00, 
 2DIAGNOSTIC,     6, -5.638413521122e-01, 1.797693134862e+308, 2.4314e+01, 2.0530e+00, 
 2DIAGNOSTIC,     7, -5.638411698470e-01, 1.797693134862e+308, 2.6177e+01, 1.8636e+00, 
 2DIAGNOSTIC,     8, -5.638409714552e-01, 1.797693134862e+308, 2.8138e+01, 1.9608e+00, 
 2DIAGNOSTIC,     9, -5.638409162688e-01, 1.797693134862e+308, 3.0026e+01, 1.8884e+00, 
 2DIAGNOSTIC,    10, -5.638410076837e-01, 9.117189992178e-06, 3.1939e+01, 1.9123e+00, 
 2DIAGNOSTIC,    11, -5.638411788040e-01, 3.322616671478e-06, 3.3637e+01, 1.6987e+00, 
 2DIAGNOSTIC,    12, -5.638417254875e-01, 2.551024943426e-06, 3.5328e+01, 1.6905e+00, 
 2DIAGNOSTIC,    13, -5.638415345160e-01, 2.346591642513e-06, 3.8231e+01, 2.9032e+00, 
 2DIAGNOSTIC,    14, -5.638416768293e-01, 2.268144654663e-06, 4.0284e+01, 2.0528e+00, 
 2DIAGNOSTIC,    15, -5.638415093135e-01, 2.167786003662e-06, 4.2190e+01, 1.9066e+00, 
 2DIAGNOSTIC,    16, -5.638414437788e-01, 2.038999083423e-06, 4.3839e+01, 1.6489e+00, 
 2DIAGNOSTIC,    17, -5.638412876324e-01, 1.910634844615e-06, 4.5863e+01, 2.0233e+00, 
 2DIAGNOSTIC,    18, -5.638412295729e-01, 1.785905926574e-06, 4.7582e+01, 1.7197e+00, 
 2DIAGNOSTIC,    19, -5.638409396821e-01, 1.663581902331e-06, 4.9468e+01, 1.8859e+00, 
 2DIAGNOSTIC,    20, -5.638410496864e-01, 1.559710701662e-06, 5.1189e+01, 1.7203e+00, 
 2DIAGNOSTIC,    21, -5.638410891251e-01, 1.473153365551e-06, 5.3164e+01, 1.9757e+00, 
 2DIAGNOSTIC,    22, -5.638408712474e-01, 1.405954249342e-06, 5.5755e+01, 2.5909e+00, 
 2DIAGNOSTIC,    23, -5.638409050423e-01, 1.344980417595e-06, 5.7637e+01, 1.8823e+00, 
 2DIAGNOSTIC,    24, -5.638407883706e-01, 1.293262722218e-06, 5.9357e+01, 1.7197e+00, 
 2DIAGNOSTIC,    25, -5.638406923004e-01, 1.243354330570e-06, 6.1257e+01, 1.9000e+00, 
 2DIAGNOSTIC,    26, -5.638404497545e-01, 1.194058241130e-06, 6.3164e+01, 1.9066e+00, 
 2DIAGNOSTIC,    27, -5.638403477129e-01, 1.146498964287e-06, 6.4948e+01, 1.7839e+00, 
 2DIAGNOSTIC,    28, -5.638402763111e-01, 1.103161230830e-06, 6.6769e+01, 1.8211e+00, 
 2DIAGNOSTIC,    29, -5.638404031348e-01, 1.062961737068e-06, 6.8678e+01, 1.9095e+00, 
 2DIAGNOSTIC,    30, -5.638405299862e-01, 1.032523614705e-06, 7.0523e+01, 1.8446e+00, 
 2DIAGNOSTIC,    31, -5.638402415340e-01, 1.002736140059e-06, 7.2664e+01, 2.1409e+00, 
  Elapsed time (stage 0): 7.3767e+01


Total elapsed time: 7.3770e+01
Info [verificarlo]: loaded backend libinterflop_vprec.so
Info [interflop-vprec]: load backend with: 
Info [interflop-vprec]: precision-binary32 = 20
Info [interflop-vprec]: range-binary32 = 7
Info [interflop-vprec]: precision-binary64 = 20
Info [interflop-vprec]: range-binary64 = 7
Info [interflop-vprec]: mode = ob
Info [interflop-vprec]: error-mode = rel
Info [interflop-vprec]: max-abs-error-exponent = -1022
Info [interflop-vprec]: daz = false
Info [interflop-vprec]: ftz = false
Info [interflop-vprec]: 	instrument = none
Info [interflop-vprec]: 	prec-input-file = (null)
Info [interflop-vprec]: 	prec-output-file = (null)
Info [interflop-vprec]: 	prec-log-file = (null)
All_Command_lines_OK
Using double precision for computations.
=============================================================================
The composite transform comprises the following transforms (in order): 
  1. /home/mdugre/scratch/mri-registration-rp/datasets/ds004513/derivatives/mri-registration-rp/0001/antsRegistration-r7-p20/sub-s033/affine_Composite.h5[0] (type = Euler3DTransform)
  2. /home/mdugre/scratch/mri-registration-rp/datasets/ds004513/derivatives/mri-registration-rp/0001/antsRegistration-r7-p20/sub-s033/affine_Composite.h5[1] (type = Euler3DTransform)
  3. /home/mdugre/scratch/mri-registration-rp/datasets/ds004513/derivatives/mri-registration-rp/0001/antsRegistration-r7-p20/sub-s033/affine_Composite.h5[2] (type = Euler3DTransform)
  4. /home/mdugre/scratch/mri-registration-rp/datasets/ds004513/derivatives/mri-registration-rp/0001/antsRegistration-r7-p20/sub-s033/affine_Composite.h5[3] (type = AffineTransform)
=============================================================================
  number of levels = 4
  fixed image: /templateflow/tpl-MNI152NLin2009cAsym/tpl-MNI152NLin2009cAsym_res-01_desc-brain_T1w.nii.gz
