
##########################
# Experiment information #
##########################

EXPERIMENT_NAME: antsRegistration-r8-p15
VFC_BACKENDS: libinterflop_vprec.so --range-binary32=8 --precision-binary32=15 --range-binary64=8 --precision-binary64=15

SIF_IMG: /home/mdugre/projects/rrg-glatard/mdugre/containers/ants-vprec-no_metrics.simg

SUBJECT_ID: s037
INPUT_IMG: /home/mdugre/scratch/mri-registration-rp/datasets/ds004513/derivatives/mri-registration-rp/antsBrainExtraction/sub-s037/BrainExtractionBrain.nii.gz
OUTPUT_DIR: /home/mdugre/scratch/mri-registration-rp/datasets/ds004513/derivatives/mri-registration-rp/0001/antsRegistration-r8-p15/sub-s037

FIXED_IMG: /templateflow/tpl-MNI152NLin2009cAsym/tpl-MNI152NLin2009cAsym_res-01_desc-brain_T1w.nii.gz
DATA_DIR: /home/mdugre/scratch/mri-registration-rp/datasets/ds004513
TEMPLATEFLOW_DIR: /home/mdugre/projects/rrg-glatard/mdugre/templateflow
ITK_GLOBAL_DEFAULT_NUMBER_OF_THREADS: 16
##########################

Info [verificarlo]: loaded backend libinterflop_ieee.so
Info [interflop-ieee]: load backend with:
Info [interflop-ieee]: debug = false
Info [interflop-ieee]: debug-binary = false
Info [interflop-ieee]: no-backend-name = false
Info [interflop-ieee]: print-new-line = false
Info [interflop-ieee]: print-subnormal-normalized = false
Info [interflop-ieee]: count-op = false
All_Command_lines_OK
Using double precision for computations.
=============================================================================
The composite transform comprises the following transforms (in order): 
  1. Center of mass alignment using fixed image: /templateflow/tpl-MNI152NLin2009cAsym/tpl-MNI152NLin2009cAsym_res-01_desc-brain_T1w.nii.gz and moving image: /home/mdugre/scratch/mri-registration-rp/datasets/ds004513/derivatives/mri-registration-rp/antsBrainExtraction/sub-s037/BrainExtractionBrain.nii.gz (type = Euler3DTransform)
=============================================================================
  number of levels = 1
  fixed image: /templateflow/tpl-MNI152NLin2009cAsym/tpl-MNI152NLin2009cAsym_res-01_desc-brain_T1w.nii.gz
  moving image: /home/mdugre/scratch/mri-registration-rp/datasets/ds004513/derivatives/mri-registration-rp/antsBrainExtraction/sub-s037/BrainExtractionBrain.nii.gz
Dimension = 3
Number of stages = 1
Use histogram matching = false
Winsorize image intensities = true
  Lower quantile = 0.005
  Upper quantile = 0.995


Stage 1 State
   Image metric = MattesMI
     Fixed image = Image (0x36c1e70)
  RTTI typeinfo:   itk::Image<double, 3u>
  Reference Count: 2
  Modified Time: 2330
  Debug: Off
  Object Name: 
  Observers: 
    none
  Source: (none)
  Source output name: (none)
  Release Data: Off
  Data Released: False
  Global Release Data: Off
  PipelineMTime: 0
  UpdateMTime: 1941
  RealTimeStamp: 0 seconds 
  LargestPossibleRegion: 
    Dimension: 3
    Index: [0, 0, 0]
    Size: [193, 229, 193]
  BufferedRegion: 
    Dimension: 3
    Index: [0, 0, 0]
    Size: [193, 229, 193]
  RequestedRegion: 
    Dimension: 3
    Index: [0, 0, 0]
    Size: [193, 229, 193]
  Spacing: [1, 1, 1]
  Origin: [96, 132, -78]
  Direction: 
-1 0 0
0 -1 0
0 0 1

  IndexToPointMatrix: 
-1 0 0
0 -1 0
0 0 1

  PointToIndexMatrix: 
-1 0 0
0 -1 0
0 0 1

  Inverse Direction: 
-1 0 0
0 -1 0
0 0 1

  PixelContainer: 
    ImportImageContainer (0x36cac60)
      RTTI typeinfo:   itk::ImportImageContainer<unsigned long, double>
      Reference Count: 1
      Modified Time: 1938
      Debug: Off
      Object Name: 
      Observers: 
        none
      Pointer: 0x1484d2336010
      Container manages memory: true
      Size: 8530021
      Capacity: 8530021

     Moving image = Image (0x375eec0)
  RTTI typeinfo:   itk::Image<double, 3u>
  Reference Count: 2
  Modified Time: 2331
  Debug: Off
  Object Name: 
  Observers: 
    none
  Source: (none)
  Source output name: (none)
  Release Data: Off
  Data Released: False
  Global Release Data: Off
  PipelineMTime: 0
  UpdateMTime: 2328
  RealTimeStamp: 0 seconds 
  LargestPossibleRegion: 
    Dimension: 3
    Index: [0, 0, 0]
    Size: [160, 240, 256]
  BufferedRegion: 
    Dimension: 3
    Index: [0, 0, 0]
    Size: [160, 240, 256]
  RequestedRegion: 
    Dimension: 3
    Index: [0, 0, 0]
    Size: [160, 240, 256]
  Spacing: [1, 1, 1]
  Origin: [87.9508, 102.562, -147.639]
  Direction: 
-0.998659 -0.0436121 -0.0279129
0.043595 -0.999049 0.00121847
-0.0279395 -2.65543e-08 0.99961

  IndexToPointMatrix: 
-0.998659 -0.0436121 -0.0279129
0.043595 -0.999049 0.00121847
-0.0279395 -2.65543e-08 0.99961

  PointToIndexMatrix: 
-0.998659 0.043595 -0.0279395
-0.0436121 -0.999049 -2.65517e-08
-0.0279129 0.00121847 0.99961

  Inverse Direction: 
-0.998659 0.043595 -0.0279395
-0.0436121 -0.999049 -2.65517e-08
-0.0279129 0.00121847 0.99961

  PixelContainer: 
    ImportImageContainer (0x37f6610)
      RTTI typeinfo:   itk::ImportImageContainer<unsigned long, double>
      Reference Count: 1
      Modified Time: 2325
      Debug: Off
      Object Name: 
      Observers: 
        none
      Pointer: 0x1484cd835010
      Container manages memory: true
      Size: 9830400
      Capacity: 9830400

     Weighting = 1
     Sampling strategy = regular
     Number of bins = 32
     Radius = 4
     Sampling percentage  = 0.25
   Transform = Rigid
     Gradient step = 0.1
     Update field sigma (voxel space) = 0
     Total field sigma (voxel space) = 0
     Update field time sigma = 0
     Total field time sigma  = 0
     Number of time indices = 0
     Number of time point samples = 0
Registration using 1 total stages.

Stage 0
  iterations = 0
  convergence threshold = 1e-06
  convergence window size = 10
  number of levels = 1
  using the Mattes MI metric (number of bins = 32, weight = 1, use gradient filter = 0)
  preprocessing:  winsorizing the image intensities
  Shrink factors (level 1 out of 1): [1, 1, 1]
  smoothing sigmas per level: [0]
  regular sampling (percentage = 0.25)

*** Running Euler3DTransform registration ***

  Elapsed time (stage 0): 1.12088


Total elapsed time: 1.12315
Info [verificarlo]: loaded backend libinterflop_ieee.so
Info [interflop-ieee]: load backend with:
Info [interflop-ieee]: debug = false
Info [interflop-ieee]: debug-binary = false
Info [interflop-ieee]: no-backend-name = false
Info [interflop-ieee]: print-new-line = false
Info [interflop-ieee]: print-subnormal-normalized = false
Info [interflop-ieee]: count-op = false
All_Command_lines_OK
Using double precision for computations.
=============================================================================
The composite transform comprises the following transforms (in order): 
  1. /home/mdugre/scratch/mri-registration-rp/datasets/ds004513/derivatives/mri-registration-rp/0001/antsRegistration-r8-p15/sub-s037/align_Composite.h5[0] (type = Euler3DTransform)
  2. /home/mdugre/scratch/mri-registration-rp/datasets/ds004513/derivatives/mri-registration-rp/0001/antsRegistration-r8-p15/sub-s037/align_Composite.h5[1] (type = Euler3DTransform)
=============================================================================
  number of levels = 4
  fixed image: /templateflow/tpl-MNI152NLin2009cAsym/tpl-MNI152NLin2009cAsym_res-01_desc-brain_T1w.nii.gz
  moving image: /home/mdugre/scratch/mri-registration-rp/datasets/ds004513/derivatives/mri-registration-rp/antsBrainExtraction/sub-s037/BrainExtractionBrain.nii.gz
Dimension = 3
Number of stages = 1
Use histogram matching = false
Winsorize image intensities = true
  Lower quantile = 0.005
  Upper quantile = 0.995


Stage 1 State
   Image metric = MattesMI
     Fixed image = Image (0x3f21530)
  RTTI typeinfo:   itk::Image<double, 3u>
  Reference Count: 2
  Modified Time: 1578
  Debug: Off
  Object Name: 
  Observers: 
    none
  Source: (none)
  Source output name: (none)
  Release Data: Off
  Data Released: False
  Global Release Data: Off
  PipelineMTime: 0
  UpdateMTime: 1189
  RealTimeStamp: 0 seconds 
  LargestPossibleRegion: 
    Dimension: 3
    Index: [0, 0, 0]
    Size: [193, 229, 193]
  BufferedRegion: 
    Dimension: 3
    Index: [0, 0, 0]
    Size: [193, 229, 193]
  RequestedRegion: 
    Dimension: 3
    Index: [0, 0, 0]
    Size: [193, 229, 193]
  Spacing: [1, 1, 1]
  Origin: [96, 132, -78]
  Direction: 
-1 0 0
0 -1 0
0 0 1

  IndexToPointMatrix: 
-1 0 0
0 -1 0
0 0 1

  PointToIndexMatrix: 
-1 0 0
0 -1 0
0 0 1

  Inverse Direction: 
-1 0 0
0 -1 0
0 0 1

  PixelContainer: 
    ImportImageContainer (0x3fdfd60)
      RTTI typeinfo:   itk::ImportImageContainer<unsigned long, double>
      Reference Count: 1
      Modified Time: 1186
      Debug: Off
      Object Name: 
      Observers: 
        none
      Pointer: 0x1523d7978010
      Container manages memory: true
      Size: 8530021
      Capacity: 8530021

     Moving image = Image (0x3fd1f60)
  RTTI typeinfo:   itk::Image<double, 3u>
  Reference Count: 2
  Modified Time: 1579
  Debug: Off
  Object Name: 
  Observers: 
    none
  Source: (none)
  Source output name: (none)
  Release Data: Off
  Data Released: False
  Global Release Data: Off
  PipelineMTime: 0
  UpdateMTime: 1576
  RealTimeStamp: 0 seconds 
  LargestPossibleRegion: 
    Dimension: 3
    Index: [0, 0, 0]
    Size: [160, 240, 256]
  BufferedRegion: 
    Dimension: 3
    Index: [0, 0, 0]
    Size: [160, 240, 256]
  RequestedRegion: 
    Dimension: 3
    Index: [0, 0, 0]
    Size: [160, 240, 256]
  Spacing: [1, 1, 1]
  Origin: [87.9508, 102.562, -147.639]
  Direction: 
-0.998659 -0.0436121 -0.0279129
0.043595 -0.999049 0.00121847
-0.0279395 -2.65543e-08 0.99961

  IndexToPointMatrix: 
-0.998659 -0.0436121 -0.0279129
0.043595 -0.999049 0.00121847
-0.0279395 -2.65543e-08 0.99961

  PointToIndexMatrix: 
-0.998659 0.043595 -0.0279395
-0.0436121 -0.999049 -2.65517e-08
-0.0279129 0.00121847 0.99961

  Inverse Direction: 
-0.998659 0.043595 -0.0279395
-0.0436121 -0.999049 -2.65517e-08
-0.0279129 0.00121847 0.99961

  PixelContainer: 
    ImportImageContainer (0x3fc36d0)
      RTTI typeinfo:   itk::ImportImageContainer<unsigned long, double>
      Reference Count: 1
      Modified Time: 1573
      Debug: Off
      Object Name: 
      Observers: 
        none
      Pointer: 0x1523d2e77010
      Container manages memory: true
      Size: 9830400
      Capacity: 9830400

     Weighting = 1
     Sampling strategy = regular
     Number of bins = 32
     Radius = 4
     Sampling percentage  = 0.25
   Transform = Rigid
     Gradient step = 0.1
     Update field sigma (voxel space) = 0
     Total field sigma (voxel space) = 0
     Update field time sigma = 0
     Total field time sigma  = 0
     Number of time indices = 0
     Number of time point samples = 0
Registration using 1 total stages.

Stage 0
  iterations = 1000x500x250x100
  convergence threshold = 1e-06
  convergence window size = 10
  number of levels = 4
  using the Mattes MI metric (number of bins = 32, weight = 1, use gradient filter = 0)
  preprocessing:  winsorizing the image intensities
  Shrink factors (level 1 out of 4): [8, 8, 8]
  Shrink factors (level 2 out of 4): [4, 4, 4]
  Shrink factors (level 3 out of 4): [2, 2, 2]
  Shrink factors (level 4 out of 4): [1, 1, 1]
  smoothing sigmas per level: [3, 2, 1, 0]
  regular sampling (percentage = 0.25)

*** Running Euler3DTransform registration ***

DIAGNOSTIC,Iteration,metricValue,convergenceValue,ITERATION_TIME_INDEX,SINCE_LAST
 2DIAGNOSTIC,     1, -4.299060189477e-01, 1.797693134862e+308, 7.9264e-01, 7.9264e-01, 
 2DIAGNOSTIC,     2, -4.311703807429e-01, 1.797693134862e+308, 7.9735e-01, 4.7052e-03, 
 2DIAGNOSTIC,     3, -4.334997061176e-01, 1.797693134862e+308, 8.0230e-01, 4.9560e-03, 
 2DIAGNOSTIC,     4, -4.389575130370e-01, 1.797693134862e+308, 8.0743e-01, 5.1291e-03, 
 2DIAGNOSTIC,     5, -4.438813134482e-01, 1.797693134862e+308, 8.1272e-01, 5.2910e-03, 
 2DIAGNOSTIC,     6, -4.461495460377e-01, 1.797693134862e+308, 8.1899e-01, 6.2640e-03, 
 2DIAGNOSTIC,     7, -4.511407144429e-01, 1.797693134862e+308, 8.2505e-01, 6.0651e-03, 
 2DIAGNOSTIC,     8, -4.667812032718e-01, 1.797693134862e+308, 8.3179e-01, 6.7341e-03, 
 2DIAGNOSTIC,     9, -4.753090114372e-01, 1.797693134862e+308, 8.3813e-01, 6.3481e-03, 
 2DIAGNOSTIC,    10, -4.802481719655e-01, 7.481707542057e-03, 8.4465e-01, 6.5169e-03, 
 2DIAGNOSTIC,    11, -4.821261368877e-01, 7.356704266140e-03, 8.4968e-01, 5.0268e-03, 
 2DIAGNOSTIC,    12, -4.837491005316e-01, 6.749992380103e-03, 8.5564e-01, 5.9659e-03, 
 2DIAGNOSTIC,    13, -5.028244927608e-01, 6.622215038727e-03, 8.6632e-01, 1.0678e-02, 
 2DIAGNOSTIC,    14, -5.042109134425e-01, 6.183615245765e-03, 8.7169e-01, 5.3661e-03, 
 2DIAGNOSTIC,    15, -5.066116081849e-01, 5.558135432368e-03, 8.7734e-01, 5.6510e-03, 
 2DIAGNOSTIC,    16, -5.083451635829e-01, 4.676295421241e-03, 8.8309e-01, 5.7518e-03, 
 2DIAGNOSTIC,    17, -5.184993492854e-01, 3.998770501189e-03, 8.9074e-01, 7.6489e-03, 
 2DIAGNOSTIC,    18, -5.256348855869e-01, 3.769024583923e-03, 8.9572e-01, 4.9820e-03, 
 2DIAGNOSTIC,    19, -5.260487276047e-01, 3.491513200414e-03, 9.0153e-01, 5.8100e-03, 
 2DIAGNOSTIC,    20, -5.292109527629e-01, 3.174906799728e-03, 9.0695e-01, 5.4190e-03, 
 2DIAGNOSTIC,    21, -5.301818296234e-01, 2.681600103425e-03, 9.1175e-01, 4.7972e-03, 
 2DIAGNOSTIC,    22, -5.312241458106e-01, 2.041189109664e-03, 9.1711e-01, 5.3630e-03, 
 2DIAGNOSTIC,    23, -5.321371457834e-01, 1.776979708787e-03, 9.2308e-01, 5.9688e-03, 
 2DIAGNOSTIC,    24, -5.330747259771e-01, 1.429098507592e-03, 9.2790e-01, 4.8239e-03, 
 2DIAGNOSTIC,    25, -5.340979464511e-01, 1.060387863623e-03, 9.3343e-01, 5.5270e-03, 
 2DIAGNOSTIC,    26, -5.353301908942e-01, 6.839351881640e-04, 9.3998e-01, 6.5489e-03, 
 2DIAGNOSTIC,    27, -5.359877972003e-01, 5.005585807085e-04, 9.4503e-01, 5.0478e-03, 
 2DIAGNOSTIC,    28, -5.363339008648e-01, 4.385717203721e-04, 9.5008e-01, 5.0499e-03, 
 2DIAGNOSTIC,    29, -5.373050972616e-01, 3.660303492563e-04, 9.5524e-01, 5.1620e-03, 
 2DIAGNOSTIC,    30, -5.398201288749e-01, 3.716000852485e-04, 9.6097e-01, 5.7349e-03, 
 2DIAGNOSTIC,    31, -5.446419571000e-01, 4.465243253412e-04, 9.7287e-01, 1.1897e-02, 
 2DIAGNOSTIC,    32, -5.446642836583e-01, 4.912569984184e-04, 9.7775e-01, 4.8749e-03, 
 2DIAGNOSTIC,    33, -5.447644408818e-01, 5.056372493891e-04, 9.8248e-01, 4.7309e-03, 
 2DIAGNOSTIC,    34, -5.449309043273e-01, 4.904008769408e-04, 9.8745e-01, 4.9770e-03, 
 2DIAGNOSTIC,    35, -5.452044104079e-01, 4.491462874791e-04, 9.9225e-01, 4.7979e-03, 
 2DIAGNOSTIC,    36, -5.456974187531e-01, 3.933049154634e-04, 9.9694e-01, 4.6902e-03, 
 2DIAGNOSTIC,    37, -5.462998739943e-01, 3.227877575553e-04, 1.0021e+00, 5.1830e-03, 
 2DIAGNOSTIC,    38, -5.470544203840e-01, 2.429364227825e-04, 1.0073e+00, 5.1579e-03, 
 2DIAGNOSTIC,    39, -5.483331851241e-01, 1.763396471618e-04, 1.0131e+00, 5.7900e-03, 
 2DIAGNOSTIC,    40, -5.485726329438e-01, 1.327699859408e-04, 1.0182e+00, 5.1689e-03, 
 2DIAGNOSTIC,    41, -5.488484707995e-01, 1.482793832182e-04, 1.0240e+00, 5.7828e-03, 
 2DIAGNOSTIC,    42, -5.491454993836e-01, 1.532246379176e-04, 1.0293e+00, 5.2731e-03, 
 2DIAGNOSTIC,    43, -5.502456693267e-01, 1.586714999355e-04, 1.0356e+00, 6.3031e-03, 
 2DIAGNOSTIC,    44, -5.634835942228e-01, 3.167361520945e-04, 1.0430e+00, 7.3888e-03, 
 2DIAGNOSTIC,    45, -5.666361845208e-01, 4.744486273069e-04, 1.0489e+00, 5.8780e-03, 
 2DIAGNOSTIC,    46, -5.686800530295e-01, 6.108438691896e-04, 1.0548e+00, 5.8992e-03, 
 2DIAGNOSTIC,    47, -5.690922694828e-01, 6.965669618110e-04, 1.0604e+00, 5.6732e-03, 
 2DIAGNOSTIC,    48, -5.694026815051e-01, 7.236253539957e-04, 1.0655e+00, 5.0700e-03, 
 2DIAGNOSTIC,    49, -5.696080016326e-01, 6.945861523662e-04, 1.0709e+00, 5.3599e-03, 
 2DIAGNOSTIC,    50, -5.701727451065e-01, 6.081955002705e-04, 1.0766e+00, 5.6968e-03, 
 2DIAGNOSTIC,    51, -5.707918800165e-01, 4.786735834542e-04, 1.0829e+00, 6.3269e-03, 
 2DIAGNOSTIC,    52, -5.707000517905e-01, 3.126068161027e-04, 1.0976e+00, 1.4678e-02, 
 2DIAGNOSTIC,    53, -5.707000492833e-01, 1.317286294064e-04, 1.1024e+00, 4.8041e-03, 
 2DIAGNOSTIC,    54, -5.707000878295e-01, 7.796746375013e-05, 1.1070e+00, 4.6630e-03, 
 2DIAGNOSTIC,    55, -5.707001530032e-01, 4.933785995260e-05, 1.1116e+00, 4.6010e-03, 
 2DIAGNOSTIC,    56, -5.707002631892e-01, 3.671512311527e-05, 1.1164e+00, 4.7519e-03, 
 2DIAGNOSTIC,    57, -5.707004494497e-01, 2.503324728930e-05, 1.1209e+00, 4.5362e-03, 
 2DIAGNOSTIC,    58, -5.707007642361e-01, 1.443591378206e-05, 1.1257e+00, 4.7841e-03, 
 2DIAGNOSTIC,    59, -5.707012960284e-01, 4.682386024458e-06, 1.1304e+00, 4.6639e-03, 
DIAGNOSTIC,Iteration,metricValue,convergenceValue,ITERATION_TIME_INDEX,SINCE_LAST
 2DIAGNOSTIC,     1, -4.564061282437e-01, 1.797693134862e+308, 1.9555e+00, 8.2512e-01, 
 2DIAGNOSTIC,     2, -4.567223940327e-01, 1.797693134862e+308, 1.9855e+00, 2.9953e-02, 
 2DIAGNOSTIC,     3, -4.571658209684e-01, 1.797693134862e+308, 2.0151e+00, 2.9693e-02, 
 2DIAGNOSTIC,     4, -4.578704954216e-01, 1.797693134862e+308, 2.0437e+00, 2.8597e-02, 
 2DIAGNOSTIC,     5, -4.595181672358e-01, 1.797693134862e+308, 2.0737e+00, 2.9910e-02, 
 2DIAGNOSTIC,     6, -4.666038529215e-01, 1.797693134862e+308, 2.1083e+00, 3.4606e-02, 
 2DIAGNOSTIC,     7, -4.698362050681e-01, 1.797693134862e+308, 2.1413e+00, 3.3069e-02, 
 2DIAGNOSTIC,     8, -4.713974696051e-01, 1.797693134862e+308, 2.1748e+00, 3.3439e-02, 
 2DIAGNOSTIC,     9, -4.748334497782e-01, 1.797693134862e+308, 2.2090e+00, 3.4270e-02, 
 2DIAGNOSTIC,    10, -4.800133995715e-01, 3.436531221653e-03, 2.2428e+00, 3.3756e-02, 
 2DIAGNOSTIC,    11, -4.858507611468e-01, 3.714588992675e-03, 2.2722e+00, 2.9437e-02, 
 2DIAGNOSTIC,    12, -4.871795670450e-01, 3.689489166801e-03, 2.3055e+00, 3.3308e-02, 
 2DIAGNOSTIC,    13, -4.889692503341e-01, 3.447770249244e-03, 2.3506e+00, 4.5051e-02, 
 2DIAGNOSTIC,    14, -4.891529121236e-01, 2.970895931089e-03, 2.3844e+00, 3.3850e-02, 
 2DIAGNOSTIC,    15, -4.893305202328e-01, 2.353638854539e-03, 2.4174e+00, 3.2960e-02, 
 2DIAGNOSTIC,    16, -4.895247655128e-01, 1.869528383223e-03, 2.4502e+00, 3.2795e-02, 
 2DIAGNOSTIC,    17, -4.896422578664e-01, 1.391563345862e-03, 2.4794e+00, 2.9253e-02, 
 2DIAGNOSTIC,    18, -4.899775281121e-01, 9.038991419824e-04, 2.5234e+00, 4.3959e-02, 
 2DIAGNOSTIC,    19, -4.900868953119e-01, 4.946533987903e-04, 2.5586e+00, 3.5203e-02, 
 2DIAGNOSTIC,    20, -4.900741193784e-01, 2.319622204573e-04, 2.5955e+00, 3.6886e-02, 
 2DIAGNOSTIC,    21, -4.900617972932e-01, 1.382619243475e-04, 2.6281e+00, 3.2651e-02, 
 2DIAGNOSTIC,    22, -4.900567048856e-01, 7.500038305223e-05, 2.6609e+00, 3.2710e-02, 
 2DIAGNOSTIC,    23, -4.900600546357e-01, 5.661040822080e-05, 2.6943e+00, 3.3410e-02, 
 2DIAGNOSTIC,    24, -4.900547476583e-01, 3.892159562030e-05, 2.7231e+00, 2.8857e-02, 
 2DIAGNOSTIC,    25, -4.900509154143e-01, 2.330355727628e-05, 2.7559e+00, 3.2762e-02, 
 2DIAGNOSTIC,    26, -4.900620828781e-01, 1.158646249396e-05, 2.7892e+00, 3.3297e-02, 
 2DIAGNOSTIC,    27, -4.900573250450e-01, 2.058407526644e-06, 2.8184e+00, 2.9234e-02, 
DIAGNOSTIC,Iteration,metricValue,convergenceValue,ITERATION_TIME_INDEX,SINCE_LAST
 2DIAGNOSTIC,     1, -4.332702768742e-01, 1.797693134862e+308, 3.9464e+00, 1.1280e+00, 
 2DIAGNOSTIC,     2, -4.333819744649e-01, 1.797693134862e+308, 4.1934e+00, 2.4695e-01, 
 2DIAGNOSTIC,     3, -4.335009568895e-01, 1.797693134862e+308, 4.4392e+00, 2.4581e-01, 
 2DIAGNOSTIC,     4, -4.336590201986e-01, 1.797693134862e+308, 4.6709e+00, 2.3169e-01, 
 2DIAGNOSTIC,     5, -4.340379126047e-01, 1.797693134862e+308, 4.9936e+00, 3.2270e-01, 
 2DIAGNOSTIC,     6, -4.340702774774e-01, 1.797693134862e+308, 5.2481e+00, 2.5456e-01, 
 2DIAGNOSTIC,     7, -4.341643476979e-01, 1.797693134862e+308, 5.5042e+00, 2.5610e-01, 
 2DIAGNOSTIC,     8, -4.344205434875e-01, 1.797693134862e+308, 5.7667e+00, 2.6241e-01, 
 2DIAGNOSTIC,     9, -4.346114629526e-01, 1.797693134862e+308, 6.0467e+00, 2.8005e-01, 
 2DIAGNOSTIC,    10, -4.347202342732e-01, 2.265595533730e-04, 6.2857e+00, 2.3899e-01, 
 2DIAGNOSTIC,    11, -4.347430152018e-01, 1.986805324614e-04, 6.5738e+00, 2.8815e-01, 
 2DIAGNOSTIC,    12, -4.347592628281e-01, 1.651969895883e-04, 6.8698e+00, 2.9597e-01, 
 2DIAGNOSTIC,    13, -4.347601904973e-01, 1.280719717554e-04, 7.1634e+00, 2.9358e-01, 
 2DIAGNOSTIC,    14, -4.347648251034e-01, 9.184754570897e-05, 7.4360e+00, 2.7266e-01, 
 2DIAGNOSTIC,    15, -4.347855899602e-01, 6.980265219055e-05, 7.8424e+00, 4.0636e-01, 
 2DIAGNOSTIC,    16, -4.347870136702e-01, 4.577983681528e-05, 8.1627e+00, 3.2025e-01, 
 2DIAGNOSTIC,    17, -4.347884157088e-01, 2.410148453284e-05, 8.4165e+00, 2.5382e-01, 
 2DIAGNOSTIC,    18, -4.347867166000e-01, 1.190298537027e-05, 8.6365e+00, 2.2003e-01, 
 2DIAGNOSTIC,    19, -4.347877237617e-01, 6.569059062433e-06, 8.9040e+00, 2.6746e-01, 
 2DIAGNOSTIC,    20, -4.347902731407e-01, 4.928617485481e-06, 9.1696e+00, 2.6562e-01, 
 2DIAGNOSTIC,    21, -4.347901388593e-01, 3.821379310077e-06, 9.4531e+00, 2.8352e-01, 
 2DIAGNOSTIC,    22, -4.347875828045e-01, 3.018603866485e-06, 9.7592e+00, 3.0612e-01, 
 2DIAGNOSTIC,    23, -4.347869807596e-01, 2.155704516178e-06, 1.0029e+01, 2.6973e-01, 
 2DIAGNOSTIC,    24, -4.347871106120e-01, 1.406195364838e-06, 1.0259e+01, 2.3052e-01, 
 2DIAGNOSTIC,    25, -4.347857509502e-01, 1.213036726497e-06, 1.0479e+01, 2.1923e-01, 
 2DIAGNOSTIC,    26, -4.347852866719e-01, 1.064274037600e-06, 1.0725e+01, 2.4624e-01, 
DIAGNOSTIC,Iteration,metricValue,convergenceValue,ITERATION_TIME_INDEX,SINCE_LAST
 2DIAGNOSTIC,     1, -4.012795418205e-01, 1.797693134862e+308, 1.3418e+01, 2.6930e+00, 
 2DIAGNOSTIC,     2, -4.014336592455e-01, 1.797693134862e+308, 1.5067e+01, 1.6490e+00, 
 2DIAGNOSTIC,     3, -4.015361542354e-01, 1.797693134862e+308, 1.6686e+01, 1.6187e+00, 
 2DIAGNOSTIC,     4, -4.016176379254e-01, 1.797693134862e+308, 1.8073e+01, 1.3872e+00, 
 2DIAGNOSTIC,     5, -4.016972504950e-01, 1.797693134862e+308, 1.9609e+01, 1.5366e+00, 
 2DIAGNOSTIC,     6, -4.018509991032e-01, 1.797693134862e+308, 2.1280e+01, 1.6708e+00, 
 2DIAGNOSTIC,     7, -4.019041502370e-01, 1.797693134862e+308, 2.2721e+01, 1.4409e+00, 
 2DIAGNOSTIC,     8, -4.020514916421e-01, 1.797693134862e+308, 2.4345e+01, 1.6236e+00, 
 2DIAGNOSTIC,     9, -4.020947258073e-01, 1.797693134862e+308, 2.6268e+01, 1.9231e+00, 
 2DIAGNOSTIC,    10, -4.021008138023e-01, 1.389901541334e-04, 2.7832e+01, 1.5639e+00, 
 2DIAGNOSTIC,    11, -4.021019021388e-01, 1.103250954380e-04, 2.9345e+01, 1.5130e+00, 
 2DIAGNOSTIC,    12, -4.021119926392e-01, 8.637319316725e-05, 3.0922e+01, 1.5777e+00, 
 2DIAGNOSTIC,    13, -4.021553275406e-01, 6.638030358842e-05, 3.3261e+01, 2.3388e+00, 
 2DIAGNOSTIC,    14, -4.021595331849e-01, 4.766836474832e-05, 3.4640e+01, 1.3786e+00, 
 2DIAGNOSTIC,    15, -4.021714670039e-01, 3.157460946533e-05, 3.6184e+01, 1.5437e+00, 
 2DIAGNOSTIC,    16, -4.021753477505e-01, 2.181721332688e-05, 3.7821e+01, 1.6376e+00, 
 2DIAGNOSTIC,    17, -4.021754552734e-01, 1.343874257736e-05, 3.9533e+01, 1.7119e+00, 
 2DIAGNOSTIC,    18, -4.021754041890e-01, 1.064283341547e-05, 4.1169e+01, 1.6357e+00, 
 2DIAGNOSTIC,    19, -4.021752691878e-01, 8.915179837587e-06, 4.2734e+01, 1.5655e+00, 
 2DIAGNOSTIC,    20, -4.021755563407e-01, 6.933184535096e-06, 4.4271e+01, 1.5367e+00, 
 2DIAGNOSTIC,    21, -4.021754318851e-01, 4.680955941846e-06, 4.5938e+01, 1.6671e+00, 
 2DIAGNOSTIC,    22, -4.021771423698e-01, 2.684862495911e-06, 4.7299e+01, 1.3604e+00, 
 2DIAGNOSTIC,    23, -4.021803135148e-01, 2.177443586972e-06, 4.9111e+01, 1.8121e+00, 
 2DIAGNOSTIC,    24, -4.021814834963e-01, 1.785545259085e-06, 5.2175e+01, 3.0644e+00, 
 2DIAGNOSTIC,    25, -4.021815687986e-01, 1.719437110297e-06, 5.6631e+01, 4.4558e+00, 
 2DIAGNOSTIC,    26, -4.021815687986e-01, 1.723362008280e-06, 5.9525e+01, 2.8941e+00, 
 2DIAGNOSTIC,    27, -4.021815687986e-01, 1.682363227999e-06, 6.1888e+01, 2.3634e+00, 
 2DIAGNOSTIC,    28, -4.021815687986e-01, 1.594037385463e-06, 6.3645e+01, 1.7570e+00, 
 2DIAGNOSTIC,    29, -4.021815687986e-01, 1.464969458236e-06, 6.5336e+01, 1.6911e+00, 
 2DIAGNOSTIC,    30, -4.021815687986e-01, 1.318164504625e-06, 6.7070e+01, 1.7331e+00, 
 2DIAGNOSTIC,    31, -4.021815687986e-01, 1.153808527381e-06, 6.8817e+01, 1.7474e+00, 
 2DIAGNOSTIC,    32, -4.021815687986e-01, 1.023784582228e-06, 7.0554e+01, 1.7373e+00, 
  Elapsed time (stage 0): 7.1460e+01


Total elapsed time: 7.1462e+01
Info [verificarlo]: loaded backend libinterflop_ieee.so
Info [interflop-ieee]: load backend with:
Info [interflop-ieee]: debug = false
Info [interflop-ieee]: debug-binary = false
Info [interflop-ieee]: no-backend-name = false
Info [interflop-ieee]: print-new-line = false
Info [interflop-ieee]: print-subnormal-normalized = false
Info [interflop-ieee]: count-op = false
All_Command_lines_OK
Using double precision for computations.
=============================================================================
The composite transform comprises the following transforms (in order): 
  1. /home/mdugre/scratch/mri-registration-rp/datasets/ds004513/derivatives/mri-registration-rp/0001/antsRegistration-r8-p15/sub-s037/rigid_Composite.h5[0] (type = Euler3DTransform)
  2. /home/mdugre/scratch/mri-registration-rp/datasets/ds004513/derivatives/mri-registration-rp/0001/antsRegistration-r8-p15/sub-s037/rigid_Composite.h5[1] (type = Euler3DTransform)
  3. /home/mdugre/scratch/mri-registration-rp/datasets/ds004513/derivatives/mri-registration-rp/0001/antsRegistration-r8-p15/sub-s037/rigid_Composite.h5[2] (type = Euler3DTransform)
=============================================================================
  number of levels = 4
  fixed image: /templateflow/tpl-MNI152NLin2009cAsym/tpl-MNI152NLin2009cAsym_res-01_desc-brain_T1w.nii.gz
  moving image: /home/mdugre/scratch/mri-registration-rp/datasets/ds004513/derivatives/mri-registration-rp/antsBrainExtraction/sub-s037/BrainExtractionBrain.nii.gz
Dimension = 3
Number of stages = 1
Use histogram matching = false
Winsorize image intensities = true
  Lower quantile = 0.005
  Upper quantile = 0.995


Stage 1 State
   Image metric = MattesMI
     Fixed image = Image (0x48e77e0)
  RTTI typeinfo:   itk::Image<double, 3u>
  Reference Count: 2
  Modified Time: 1592
  Debug: Off
  Object Name: 
  Observers: 
    none
  Source: (none)
  Source output name: (none)
  Release Data: Off
  Data Released: False
  Global Release Data: Off
  PipelineMTime: 0
  UpdateMTime: 1203
  RealTimeStamp: 0 seconds 
  LargestPossibleRegion: 
    Dimension: 3
    Index: [0, 0, 0]
    Size: [193, 229, 193]
  BufferedRegion: 
    Dimension: 3
    Index: [0, 0, 0]
    Size: [193, 229, 193]
  RequestedRegion: 
    Dimension: 3
    Index: [0, 0, 0]
    Size: [193, 229, 193]
  Spacing: [1, 1, 1]
  Origin: [96, 132, -78]
  Direction: 
-1 0 0
0 -1 0
0 0 1

  IndexToPointMatrix: 
-1 0 0
0 -1 0
0 0 1

  PointToIndexMatrix: 
-1 0 0
0 -1 0
0 0 1

  Inverse Direction: 
-1 0 0
0 -1 0
0 0 1

  PixelContainer: 
    ImportImageContainer (0x49a7a20)
      RTTI typeinfo:   itk::ImportImageContainer<unsigned long, double>
      Reference Count: 1
      Modified Time: 1200
      Debug: Off
      Object Name: 
      Observers: 
        none
      Pointer: 0x14f7b6788010
      Container manages memory: true
      Size: 8530021
      Capacity: 8530021

     Moving image = Image (0x49a2d70)
  RTTI typeinfo:   itk::Image<double, 3u>
  Reference Count: 2
  Modified Time: 1593
  Debug: Off
  Object Name: 
  Observers: 
    none
  Source: (none)
  Source output name: (none)
  Release Data: Off
  Data Released: False
  Global Release Data: Off
  PipelineMTime: 0
  UpdateMTime: 1590
  RealTimeStamp: 0 seconds 
  LargestPossibleRegion: 
    Dimension: 3
    Index: [0, 0, 0]
    Size: [160, 240, 256]
  BufferedRegion: 
    Dimension: 3
    Index: [0, 0, 0]
    Size: [160, 240, 256]
  RequestedRegion: 
    Dimension: 3
    Index: [0, 0, 0]
    Size: [160, 240, 256]
  Spacing: [1, 1, 1]
  Origin: [87.9508, 102.562, -147.639]
  Direction: 
-0.998659 -0.0436121 -0.0279129
0.043595 -0.999049 0.00121847
-0.0279395 -2.65543e-08 0.99961

  IndexToPointMatrix: 
-0.998659 -0.0436121 -0.0279129
0.043595 -0.999049 0.00121847
-0.0279395 -2.65543e-08 0.99961

  PointToIndexMatrix: 
-0.998659 0.043595 -0.0279395
-0.0436121 -0.999049 -2.65517e-08
-0.0279129 0.00121847 0.99961

  Inverse Direction: 
-0.998659 0.043595 -0.0279395
-0.0436121 -0.999049 -2.65517e-08
-0.0279129 0.00121847 0.99961

  PixelContainer: 
    ImportImageContainer (0x495ac90)
      RTTI typeinfo:   itk::ImportImageContainer<unsigned long, double>
      Reference Count: 1
      Modified Time: 1587
      Debug: Off
      Object Name: 
      Observers: 
        none
      Pointer: 0x14f7b1c87010
      Container manages memory: true
      Size: 9830400
      Capacity: 9830400

     Weighting = 1
     Sampling strategy = regular
     Number of bins = 32
     Radius = 4
     Sampling percentage  = 0.25
   Transform = Affine
     Gradient step = 0.1
     Update field sigma (voxel space) = 0
     Total field sigma (voxel space) = 0
     Update field time sigma = 0
     Total field time sigma  = 0
     Number of time indices = 0
     Number of time point samples = 0
Registration using 1 total stages.

Stage 0
  iterations = 1000x500x250x100
  convergence threshold = 1e-06
  convergence window size = 10
  number of levels = 4
  using the Mattes MI metric (number of bins = 32, weight = 1, use gradient filter = 0)
  preprocessing:  winsorizing the image intensities
  Shrink factors (level 1 out of 4): [8, 8, 8]
  Shrink factors (level 2 out of 4): [4, 4, 4]
  Shrink factors (level 3 out of 4): [2, 2, 2]
  Shrink factors (level 4 out of 4): [1, 1, 1]
  smoothing sigmas per level: [3, 2, 1, 0]
  regular sampling (percentage = 0.25)

*** Running AffineTransform registration ***

DIAGNOSTIC,Iteration,metricValue,convergenceValue,ITERATION_TIME_INDEX,SINCE_LAST
 2DIAGNOSTIC,     1, -5.804005144959e-01, 1.797693134862e+308, 8.5388e-01, 8.5388e-01, 
 2DIAGNOSTIC,     2, -5.821278845371e-01, 1.797693134862e+308, 8.6015e-01, 6.2630e-03, 
 2DIAGNOSTIC,     3, -5.855034052309e-01, 1.797693134862e+308, 8.6611e-01, 5.9612e-03, 
 2DIAGNOSTIC,     4, -5.924128365406e-01, 1.797693134862e+308, 8.7105e-01, 4.9422e-03, 
 2DIAGNOSTIC,     5, -6.016481886871e-01, 1.797693134862e+308, 8.7612e-01, 5.0700e-03, 
 2DIAGNOSTIC,     6, -6.130606036953e-01, 1.797693134862e+308, 8.8121e-01, 5.0912e-03, 
 2DIAGNOSTIC,     7, -6.320703678674e-01, 1.797693134862e+308, 8.8651e-01, 5.3020e-03, 
 2DIAGNOSTIC,     8, -7.006272069877e-01, 1.797693134862e+308, 8.9309e-01, 6.5749e-03, 
 2DIAGNOSTIC,     9, -7.089144219847e-01, 1.797693134862e+308, 8.9958e-01, 6.4950e-03, 
 2DIAGNOSTIC,    10, -7.107185309191e-01, 1.542762736870e-02, 9.0544e-01, 5.8551e-03, 
 2DIAGNOSTIC,    11, -7.124885587123e-01, 1.501889350414e-02, 9.1166e-01, 6.2232e-03, 
 2DIAGNOSTIC,    12, -7.144809860462e-01, 1.347139169005e-02, 9.1784e-01, 6.1800e-03, 
 2DIAGNOSTIC,    13, -7.158576861036e-01, 1.109843752321e-02, 9.2326e-01, 5.4240e-03, 
 2DIAGNOSTIC,    14, -7.179749192446e-01, 8.367054413102e-03, 9.2940e-01, 6.1340e-03, 
 2DIAGNOSTIC,    15, -7.182495678064e-01, 5.573906245771e-03, 9.3569e-01, 6.2881e-03, 
 2DIAGNOSTIC,    16, -7.183564867020e-01, 2.970783199388e-03, 9.4211e-01, 6.4249e-03, 
 2DIAGNOSTIC,    17, -7.186183897970e-01, 8.633130778734e-04, 9.4775e-01, 5.6400e-03, 
 2DIAGNOSTIC,    18, -7.191881435985e-01, 5.542364559439e-04, 9.5327e-01, 5.5201e-03, 
 2DIAGNOSTIC,    19, -7.194193523473e-01, 4.175722448852e-04, 9.5930e-01, 6.0270e-03, 
 2DIAGNOSTIC,    20, -7.198719322930e-01, 3.042890035280e-04, 9.6646e-01, 7.1621e-03, 
 2DIAGNOSTIC,    21, -7.196267195915e-01, 2.046967679365e-04, 9.7345e-01, 6.9859e-03, 
 2DIAGNOSTIC,    22, -7.194126747756e-01, 1.296756783950e-04, 9.7958e-01, 6.1331e-03, 
 2DIAGNOSTIC,    23, -7.196035301932e-01, 7.705387693680e-05, 9.8570e-01, 6.1171e-03, 
 2DIAGNOSTIC,    24, -7.196053064821e-01, 5.842018011141e-05, 9.9223e-01, 6.5310e-03, 
 2DIAGNOSTIC,    25, -7.195408140107e-01, 3.952073010945e-05, 9.9768e-01, 5.4500e-03, 
 2DIAGNOSTIC,    26, -7.198327680591e-01, 2.511519276655e-05, 1.0034e+00, 5.7230e-03, 
 2DIAGNOSTIC,    27, -7.199451593885e-01, 1.515745432239e-05, 1.0100e+00, 6.5989e-03, 
 2DIAGNOSTIC,    28, -7.201661097121e-01, 1.619111745048e-05, 1.0178e+00, 7.8058e-03, 
 2DIAGNOSTIC,    29, -7.199280432470e-01, 1.535174321254e-05, 1.0249e+00, 7.0529e-03, 
 2DIAGNOSTIC,    30, -7.198337068226e-01, 1.841246963218e-05, 1.0310e+00, 6.0949e-03, 
 2DIAGNOSTIC,    31, -7.198375289682e-01, 1.651580856122e-05, 1.0368e+00, 5.8348e-03, 
 2DIAGNOSTIC,    32, -7.197434036059e-01, 9.122737538850e-06, 1.0422e+00, 5.4510e-03, 
 2DIAGNOSTIC,    33, -7.197535392094e-01, 3.954065611551e-06, 1.0480e+00, 5.7461e-03, 
DIAGNOSTIC,Iteration,metricValue,convergenceValue,ITERATION_TIME_INDEX,SINCE_LAST
 2DIAGNOSTIC,     1, -5.927730323767e-01, 1.797693134862e+308, 1.8268e+00, 7.7882e-01, 
 2DIAGNOSTIC,     2, -5.936235210892e-01, 1.797693134862e+308, 1.8705e+00, 4.3701e-02, 
 2DIAGNOSTIC,     3, -5.943727049805e-01, 1.797693134862e+308, 1.9117e+00, 4.1169e-02, 
 2DIAGNOSTIC,     4, -5.954504396480e-01, 1.797693134862e+308, 1.9502e+00, 3.8507e-02, 
 2DIAGNOSTIC,     5, -5.968410892268e-01, 1.797693134862e+308, 1.9887e+00, 3.8552e-02, 
 2DIAGNOSTIC,     6, -5.979709332178e-01, 1.797693134862e+308, 2.0274e+00, 3.8663e-02, 
 2DIAGNOSTIC,     7, -5.985089638274e-01, 1.797693134862e+308, 2.0709e+00, 4.3548e-02, 
 2DIAGNOSTIC,     8, -5.997259267775e-01, 1.797693134862e+308, 2.1183e+00, 4.7386e-02, 
 2DIAGNOSTIC,     9, -6.004516971862e-01, 1.797693134862e+308, 2.1608e+00, 4.2468e-02, 
 2DIAGNOSTIC,    10, -6.005995706780e-01, 9.155027830455e-04, 2.2078e+00, 4.7040e-02, 
 2DIAGNOSTIC,    11, -6.005141020871e-01, 7.502076191077e-04, 2.2574e+00, 4.9535e-02, 
 2DIAGNOSTIC,    12, -6.004562661278e-01, 5.775266622717e-04, 2.3037e+00, 4.6350e-02, 
 2DIAGNOSTIC,    13, -6.004416463498e-01, 4.058497888030e-04, 2.3483e+00, 4.4583e-02, 
 2DIAGNOSTIC,    14, -6.004430964598e-01, 2.575648249701e-04, 2.3899e+00, 4.1639e-02, 
 2DIAGNOSTIC,    15, -6.004249542953e-01, 1.489173684796e-04, 2.4268e+00, 3.6847e-02, 
 2DIAGNOSTIC,    16, -6.004263400243e-01, 7.439645462488e-05, 2.4630e+00, 3.6198e-02, 
 2DIAGNOSTIC,    17, -6.004284364781e-01, 1.646511269437e-05, 2.5030e+00, 3.9989e-02, 
DIAGNOSTIC,Iteration,metricValue,convergenceValue,ITERATION_TIME_INDEX,SINCE_LAST
 2DIAGNOSTIC,     1, -5.249034858619e-01, 1.797693134862e+308, 3.5990e+00, 1.0960e+00, 
 2DIAGNOSTIC,     2, -5.252135133854e-01, 1.797693134862e+308, 3.8887e+00, 2.8966e-01, 
 2DIAGNOSTIC,     3, -5.255671327464e-01, 1.797693134862e+308, 4.1964e+00, 3.0772e-01, 
 2DIAGNOSTIC,     4, -5.260290930609e-01, 1.797693134862e+308, 4.4971e+00, 3.0069e-01, 
 2DIAGNOSTIC,     5, -5.265693928733e-01, 1.797693134862e+308, 4.7805e+00, 2.8346e-01, 
 2DIAGNOSTIC,     6, -5.270677442102e-01, 1.797693134862e+308, 5.0687e+00, 2.8818e-01, 
 2DIAGNOSTIC,     7, -5.275561812883e-01, 1.797693134862e+308, 5.4475e+00, 3.7880e-01, 
 2DIAGNOSTIC,     8, -5.277025186571e-01, 1.797693134862e+308, 6.1819e+00, 7.3442e-01, 
 2DIAGNOSTIC,     9, -5.277025570825e-01, 1.797693134862e+308, 6.5272e+00, 3.4530e-01, 
 2DIAGNOSTIC,    10, -5.277039445742e-01, 3.955185322553e-04, 6.8420e+00, 3.1483e-01, 
 2DIAGNOSTIC,    11, -5.277035996441e-01, 3.041635819530e-04, 7.2003e+00, 3.5824e-01, 
 2DIAGNOSTIC,    12, -5.277034746932e-01, 2.146982680755e-04, 7.5085e+00, 3.0825e-01, 
 2DIAGNOSTIC,    13, -5.277029125201e-01, 1.344065779982e-04, 7.9049e+00, 3.9634e-01, 
 2DIAGNOSTIC,    14, -5.277039136821e-01, 7.137537391681e-05, 8.2660e+00, 3.6114e-01, 
 2DIAGNOSTIC,    15, -5.277036555596e-01, 2.965120498151e-05, 8.5514e+00, 2.8541e-01, 
 2DIAGNOSTIC,    16, -5.277038775337e-01, 7.017510033708e-06, 8.8734e+00, 3.2200e-01, 
 2DIAGNOSTIC,    17, -5.277050725898e-01, 1.986331491455e-06, 9.2055e+00, 3.3210e-01, 
 2DIAGNOSTIC,    18, -5.277038591102e-01, 1.851124735226e-06, 9.4986e+00, 2.9304e-01, 
 2DIAGNOSTIC,    19, -5.277051064093e-01, 1.758864457115e-06, 9.7881e+00, 2.8948e-01, 
 2DIAGNOSTIC,    20, -5.277071417968e-01, 1.759554988108e-06, 1.0077e+01, 2.8941e-01, 
 2DIAGNOSTIC,    21, -5.277094512807e-01, 1.793552240170e-06, 1.0415e+01, 3.3728e-01, 
 2DIAGNOSTIC,    22, -5.277104317814e-01, 1.819197259716e-06, 1.0771e+01, 3.5617e-01, 
 2DIAGNOSTIC,    23, -5.277101979016e-01, 1.789533157277e-06, 1.1089e+01, 3.1836e-01, 
 2DIAGNOSTIC,    24, -5.277091326407e-01, 1.724303608779e-06, 1.1409e+01, 3.1932e-01, 
 2DIAGNOSTIC,    25, -5.277094109104e-01, 1.627043381087e-06, 1.1741e+01, 3.3192e-01, 
 2DIAGNOSTIC,    26, -5.277082519105e-01, 1.482448030450e-06, 1.2098e+01, 3.5718e-01, 
 2DIAGNOSTIC,    27, -5.277087680235e-01, 1.359984152294e-06, 1.2427e+01, 3.2889e-01, 
 2DIAGNOSTIC,    28, -5.277086334937e-01, 1.203387718487e-06, 1.2731e+01, 3.0446e-01, 
 2DIAGNOSTIC,    29, -5.277100311844e-01, 1.100374564016e-06, 1.3040e+01, 3.0866e-01, 
 2DIAGNOSTIC,    30, -5.277106515644e-01, 1.050114742038e-06, 1.3379e+01, 3.3976e-01, 
 2DIAGNOSTIC,    31, -5.277121843793e-01, 1.070329109606e-06, 1.3714e+01, 3.3502e-01, 
 2DIAGNOSTIC,    32, -5.277111630950e-01, 1.084150883283e-06, 1.4034e+01, 3.1996e-01, 
 2DIAGNOSTIC,    33, -5.277102947192e-01, 1.071759644498e-06, 1.4359e+01, 3.2430e-01, 
 2DIAGNOSTIC,    34, -5.277098126262e-01, 1.025372054472e-06, 1.4718e+01, 3.5943e-01, 
DIAGNOSTIC,Iteration,metricValue,convergenceValue,ITERATION_TIME_INDEX,SINCE_LAST
 2DIAGNOSTIC,     1, -4.828675651599e-01, 1.797693134862e+308, 1.7937e+01, 3.2191e+00, 
 2DIAGNOSTIC,     2, -4.831054957807e-01, 1.797693134862e+308, 1.9744e+01, 1.8069e+00, 
 2DIAGNOSTIC,     3, -4.833601274487e-01, 1.797693134862e+308, 2.1720e+01, 1.9762e+00, 
 2DIAGNOSTIC,     4, -4.836462796277e-01, 1.797693134862e+308, 2.3746e+01, 2.0253e+00, 
 2DIAGNOSTIC,     5, -4.842809358977e-01, 1.797693134862e+308, 2.7047e+01, 3.3009e+00, 
 2DIAGNOSTIC,     6, -4.842962286644e-01, 1.797693134862e+308, 2.9122e+01, 2.0758e+00, 
 2DIAGNOSTIC,     7, -4.842938400128e-01, 1.797693134862e+308, 3.2334e+01, 3.2118e+00, 
 2DIAGNOSTIC,     8, -4.842939851167e-01, 1.797693134862e+308, 3.4312e+01, 1.9781e+00, 
 2DIAGNOSTIC,     9, -4.842934763227e-01, 1.797693134862e+308, 3.7136e+01, 2.8235e+00, 
 2DIAGNOSTIC,    10, -4.842933330380e-01, 2.043005888105e-04, 3.9150e+01, 2.0147e+00, 
 2DIAGNOSTIC,    11, -4.842930956638e-01, 1.343993695821e-04, 4.1181e+01, 2.0307e+00, 
 2DIAGNOSTIC,    12, -4.842928970016e-01, 7.631794278860e-05, 4.3279e+01, 2.0975e+00, 
 2DIAGNOSTIC,    13, -4.842930231067e-01, 3.202194397717e-05, 4.5308e+01, 2.0292e+00, 
 2DIAGNOSTIC,    14, -4.842929554726e-01, 2.614069161633e-06, 4.7451e+01, 2.1432e+00, 
 2DIAGNOSTIC,    15, -4.842929280178e-01, 1.923865704995e-06, 4.9341e+01, 1.8903e+00, 
 2DIAGNOSTIC,    16, -4.842927394812e-01, 1.894986813786e-06, 5.1411e+01, 2.0691e+00, 
 2DIAGNOSTIC,    17, -4.842928597372e-01, 1.799663165540e-06, 5.3881e+01, 2.4703e+00, 
 2DIAGNOSTIC,    18, -4.842928168497e-01, 1.725020234503e-06, 5.5920e+01, 2.0394e+00, 
 2DIAGNOSTIC,    19, -4.842927109253e-01, 1.643181605025e-06, 5.8111e+01, 2.1908e+00, 
 2DIAGNOSTIC,    20, -4.842927826806e-01, 1.570747486981e-06, 6.0255e+01, 2.1435e+00, 
 2DIAGNOSTIC,    21, -4.842927372974e-01, 1.499351081943e-06, 6.2169e+01, 1.9140e+00, 
 2DIAGNOSTIC,    22, -4.842926751473e-01, 1.428835300403e-06, 6.4190e+01, 2.0213e+00, 
 2DIAGNOSTIC,    23, -4.842926128454e-01, 1.367773624666e-06, 6.5946e+01, 1.7565e+00, 
 2DIAGNOSTIC,    24, -4.842924738284e-01, 1.308287197424e-06, 6.8036e+01, 2.0894e+00, 
 2DIAGNOSTIC,    25, -4.842925049542e-01, 1.255482078404e-06, 7.0209e+01, 2.1730e+00, 
 2DIAGNOSTIC,    26, -4.842924408773e-01, 1.202475958362e-06, 7.2159e+01, 1.9501e+00, 
 2DIAGNOSTIC,    27, -4.842925160874e-01, 1.159716785458e-06, 7.3957e+01, 1.7981e+00, 
 2DIAGNOSTIC,    28, -4.842926433810e-01, 1.123609682151e-06, 7.6042e+01, 2.0855e+00, 
 2DIAGNOSTIC,    29, -4.842926632459e-01, 1.089361279558e-06, 7.8024e+01, 1.9815e+00, 
 2DIAGNOSTIC,    30, -4.842926630314e-01, 1.059578319126e-06, 8.0250e+01, 2.2258e+00, 
 2DIAGNOSTIC,    31, -4.842929114653e-01, 1.035695761160e-06, 8.2443e+01, 2.1932e+00, 
