
##########################
# Experiment information #
##########################

EXPERIMENT_NAME: antsRegistration-r8-p13
VFC_BACKENDS: libinterflop_vprec.so --range-binary32=8 --precision-binary32=13 --range-binary64=8 --precision-binary64=13

SIF_IMG: /home/mdugre/projects/rrg-glatard/mdugre/containers/ants-vprec-no_metrics.simg

SUBJECT_ID: s033
INPUT_IMG: /home/mdugre/scratch/mri-registration-rp/datasets/ds004513/derivatives/mri-registration-rp/antsBrainExtraction/sub-s033/BrainExtractionBrain.nii.gz
OUTPUT_DIR: /home/mdugre/scratch/mri-registration-rp/datasets/ds004513/derivatives/mri-registration-rp/0001/antsRegistration-r8-p13/sub-s033

FIXED_IMG: /templateflow/tpl-MNI152NLin2009cAsym/tpl-MNI152NLin2009cAsym_res-01_desc-brain_T1w.nii.gz
DATA_DIR: /home/mdugre/scratch/mri-registration-rp/datasets/ds004513
TEMPLATEFLOW_DIR: /home/mdugre/projects/rrg-glatard/mdugre/templateflow
ITK_GLOBAL_DEFAULT_NUMBER_OF_THREADS: 16
##########################

Info [verificarlo]: loaded backend libinterflop_ieee.so
Info [interflop-ieee]: load backend with:
Info [interflop-ieee]: debug = false
Info [interflop-ieee]: debug-binary = false
Info [interflop-ieee]: no-backend-name = false
Info [interflop-ieee]: print-new-line = false
Info [interflop-ieee]: print-subnormal-normalized = false
Info [interflop-ieee]: count-op = false
All_Command_lines_OK
Using double precision for computations.
=============================================================================
The composite transform comprises the following transforms (in order): 
  1. Center of mass alignment using fixed image: /templateflow/tpl-MNI152NLin2009cAsym/tpl-MNI152NLin2009cAsym_res-01_desc-brain_T1w.nii.gz and moving image: /home/mdugre/scratch/mri-registration-rp/datasets/ds004513/derivatives/mri-registration-rp/antsBrainExtraction/sub-s033/BrainExtractionBrain.nii.gz (type = Euler3DTransform)
=============================================================================
  number of levels = 1
  fixed image: /templateflow/tpl-MNI152NLin2009cAsym/tpl-MNI152NLin2009cAsym_res-01_desc-brain_T1w.nii.gz
  moving image: /home/mdugre/scratch/mri-registration-rp/datasets/ds004513/derivatives/mri-registration-rp/antsBrainExtraction/sub-s033/BrainExtractionBrain.nii.gz
Dimension = 3
Number of stages = 1
Use histogram matching = false
Winsorize image intensities = true
  Lower quantile = 0.005
  Upper quantile = 0.995


Stage 1 State
   Image metric = MattesMI
     Fixed image = Image (0x404ae70)
  RTTI typeinfo:   itk::Image<double, 3u>
  Reference Count: 2
  Modified Time: 2330
  Debug: Off
  Object Name: 
  Observers: 
    none
  Source: (none)
  Source output name: (none)
  Release Data: Off
  Data Released: False
  Global Release Data: Off
  PipelineMTime: 0
  UpdateMTime: 1941
  RealTimeStamp: 0 seconds 
  LargestPossibleRegion: 
    Dimension: 3
    Index: [0, 0, 0]
    Size: [193, 229, 193]
  BufferedRegion: 
    Dimension: 3
    Index: [0, 0, 0]
    Size: [193, 229, 193]
  RequestedRegion: 
    Dimension: 3
    Index: [0, 0, 0]
    Size: [193, 229, 193]
  Spacing: [1, 1, 1]
  Origin: [96, 132, -78]
  Direction: 
-1 0 0
0 -1 0
0 0 1

  IndexToPointMatrix: 
-1 0 0
0 -1 0
0 0 1

  PointToIndexMatrix: 
-1 0 0
0 -1 0
0 0 1

  Inverse Direction: 
-1 0 0
0 -1 0
0 0 1

  PixelContainer: 
    ImportImageContainer (0x4053c60)
      RTTI typeinfo:   itk::ImportImageContainer<unsigned long, double>
      Reference Count: 1
      Modified Time: 1938
      Debug: Off
      Object Name: 
      Observers: 
        none
      Pointer: 0x1512e34ef010
      Container manages memory: true
      Size: 8530021
      Capacity: 8530021

     Moving image = Image (0x404d540)
  RTTI typeinfo:   itk::Image<double, 3u>
  Reference Count: 2
  Modified Time: 2331
  Debug: Off
  Object Name: 
  Observers: 
    none
  Source: (none)
  Source output name: (none)
  Release Data: Off
  Data Released: False
  Global Release Data: Off
  PipelineMTime: 0
  UpdateMTime: 2328
  RealTimeStamp: 0 seconds 
  LargestPossibleRegion: 
    Dimension: 3
    Index: [0, 0, 0]
    Size: [160, 240, 256]
  BufferedRegion: 
    Dimension: 3
    Index: [0, 0, 0]
    Size: [160, 240, 256]
  RequestedRegion: 
    Dimension: 3
    Index: [0, 0, 0]
    Size: [160, 240, 256]
  Spacing: [1, 1, 1]
  Origin: [91.5134, 94.282, -109.927]
  Direction: 
-0.99591 -0.0698718 -0.0572835
0.0697565 -0.997556 0.00401236
-0.0574239 5.01125e-08 0.99835

  IndexToPointMatrix: 
-0.99591 -0.0698718 -0.0572835
0.0697565 -0.997556 0.00401236
-0.0574239 5.01125e-08 0.99835

  PointToIndexMatrix: 
-0.99591 0.0697565 -0.0574239
-0.0698718 -0.997556 5.01483e-08
-0.0572835 0.00401236 0.99835

  Inverse Direction: 
-0.99591 0.0697565 -0.0574239
-0.0698718 -0.997556 5.01483e-08
-0.0572835 0.00401236 0.99835

  PixelContainer: 
    ImportImageContainer (0x415f610)
      RTTI typeinfo:   itk::ImportImageContainer<unsigned long, double>
      Reference Count: 1
      Modified Time: 2325
      Debug: Off
      Object Name: 
      Observers: 
        none
      Pointer: 0x1512de9ee010
      Container manages memory: true
      Size: 9830400
      Capacity: 9830400

     Weighting = 1
     Sampling strategy = regular
     Number of bins = 32
     Radius = 4
     Sampling percentage  = 0.25
   Transform = Rigid
     Gradient step = 0.1
     Update field sigma (voxel space) = 0
     Total field sigma (voxel space) = 0
     Update field time sigma = 0
     Total field time sigma  = 0
     Number of time indices = 0
     Number of time point samples = 0
Registration using 1 total stages.

Stage 0
  iterations = 0
  convergence threshold = 1e-06
  convergence window size = 10
  number of levels = 1
  using the Mattes MI metric (number of bins = 32, weight = 1, use gradient filter = 0)
  preprocessing:  winsorizing the image intensities
  Shrink factors (level 1 out of 1): [1, 1, 1]
  smoothing sigmas per level: [0]
  regular sampling (percentage = 0.25)

*** Running Euler3DTransform registration ***

  Elapsed time (stage 0): 1.05419


Total elapsed time: 1.05627
Info [verificarlo]: loaded backend libinterflop_ieee.so
Info [interflop-ieee]: load backend with:
Info [interflop-ieee]: debug = false
Info [interflop-ieee]: debug-binary = false
Info [interflop-ieee]: no-backend-name = false
Info [interflop-ieee]: print-new-line = false
Info [interflop-ieee]: print-subnormal-normalized = false
Info [interflop-ieee]: count-op = false
All_Command_lines_OK
Using double precision for computations.
=============================================================================
The composite transform comprises the following transforms (in order): 
  1. /home/mdugre/scratch/mri-registration-rp/datasets/ds004513/derivatives/mri-registration-rp/0001/antsRegistration-r8-p13/sub-s033/align_Composite.h5[0] (type = Euler3DTransform)
  2. /home/mdugre/scratch/mri-registration-rp/datasets/ds004513/derivatives/mri-registration-rp/0001/antsRegistration-r8-p13/sub-s033/align_Composite.h5[1] (type = Euler3DTransform)
=============================================================================
  number of levels = 4
  fixed image: /templateflow/tpl-MNI152NLin2009cAsym/tpl-MNI152NLin2009cAsym_res-01_desc-brain_T1w.nii.gz
  moving image: /home/mdugre/scratch/mri-registration-rp/datasets/ds004513/derivatives/mri-registration-rp/antsBrainExtraction/sub-s033/BrainExtractionBrain.nii.gz
Dimension = 3
Number of stages = 1
Use histogram matching = false
Winsorize image intensities = true
  Lower quantile = 0.005
  Upper quantile = 0.995


Stage 1 State
   Image metric = MattesMI
     Fixed image = Image (0x33ad530)
  RTTI typeinfo:   itk::Image<double, 3u>
  Reference Count: 2
  Modified Time: 1578
  Debug: Off
  Object Name: 
  Observers: 
    none
  Source: (none)
  Source output name: (none)
  Release Data: Off
  Data Released: False
  Global Release Data: Off
  PipelineMTime: 0
  UpdateMTime: 1189
  RealTimeStamp: 0 seconds 
  LargestPossibleRegion: 
    Dimension: 3
    Index: [0, 0, 0]
    Size: [193, 229, 193]
  BufferedRegion: 
    Dimension: 3
    Index: [0, 0, 0]
    Size: [193, 229, 193]
  RequestedRegion: 
    Dimension: 3
    Index: [0, 0, 0]
    Size: [193, 229, 193]
  Spacing: [1, 1, 1]
  Origin: [96, 132, -78]
  Direction: 
-1 0 0
0 -1 0
0 0 1

  IndexToPointMatrix: 
-1 0 0
0 -1 0
0 0 1

  PointToIndexMatrix: 
-1 0 0
0 -1 0
0 0 1

  Inverse Direction: 
-1 0 0
0 -1 0
0 0 1

  PixelContainer: 
    ImportImageContainer (0x346bd60)
      RTTI typeinfo:   itk::ImportImageContainer<unsigned long, double>
      Reference Count: 1
      Modified Time: 1186
      Debug: Off
      Object Name: 
      Observers: 
        none
      Pointer: 0x150bc24f5010
      Container manages memory: true
      Size: 8530021
      Capacity: 8530021

     Moving image = Image (0x345df60)
  RTTI typeinfo:   itk::Image<double, 3u>
  Reference Count: 2
  Modified Time: 1579
  Debug: Off
  Object Name: 
  Observers: 
    none
  Source: (none)
  Source output name: (none)
  Release Data: Off
  Data Released: False
  Global Release Data: Off
  PipelineMTime: 0
  UpdateMTime: 1576
  RealTimeStamp: 0 seconds 
  LargestPossibleRegion: 
    Dimension: 3
    Index: [0, 0, 0]
    Size: [160, 240, 256]
  BufferedRegion: 
    Dimension: 3
    Index: [0, 0, 0]
    Size: [160, 240, 256]
  RequestedRegion: 
    Dimension: 3
    Index: [0, 0, 0]
    Size: [160, 240, 256]
  Spacing: [1, 1, 1]
  Origin: [91.5134, 94.282, -109.927]
  Direction: 
-0.99591 -0.0698718 -0.0572835
0.0697565 -0.997556 0.00401236
-0.0574239 5.01125e-08 0.99835

  IndexToPointMatrix: 
-0.99591 -0.0698718 -0.0572835
0.0697565 -0.997556 0.00401236
-0.0574239 5.01125e-08 0.99835

  PointToIndexMatrix: 
-0.99591 0.0697565 -0.0574239
-0.0698718 -0.997556 5.01483e-08
-0.0572835 0.00401236 0.99835

  Inverse Direction: 
-0.99591 0.0697565 -0.0574239
-0.0698718 -0.997556 5.01483e-08
-0.0572835 0.00401236 0.99835

  PixelContainer: 
    ImportImageContainer (0x344f6d0)
      RTTI typeinfo:   itk::ImportImageContainer<unsigned long, double>
      Reference Count: 1
      Modified Time: 1573
      Debug: Off
      Object Name: 
      Observers: 
        none
      Pointer: 0x150bbd9f4010
      Container manages memory: true
      Size: 9830400
      Capacity: 9830400

     Weighting = 1
     Sampling strategy = regular
     Number of bins = 32
     Radius = 4
     Sampling percentage  = 0.25
   Transform = Rigid
     Gradient step = 0.1
     Update field sigma (voxel space) = 0
     Total field sigma (voxel space) = 0
     Update field time sigma = 0
     Total field time sigma  = 0
     Number of time indices = 0
     Number of time point samples = 0
Registration using 1 total stages.

Stage 0
  iterations = 1000x500x250x100
  convergence threshold = 1e-06
  convergence window size = 10
  number of levels = 4
  using the Mattes MI metric (number of bins = 32, weight = 1, use gradient filter = 0)
  preprocessing:  winsorizing the image intensities
  Shrink factors (level 1 out of 4): [8, 8, 8]
  Shrink factors (level 2 out of 4): [4, 4, 4]
  Shrink factors (level 3 out of 4): [2, 2, 2]
  Shrink factors (level 4 out of 4): [1, 1, 1]
  smoothing sigmas per level: [3, 2, 1, 0]
  regular sampling (percentage = 0.25)

*** Running Euler3DTransform registration ***

DIAGNOSTIC,Iteration,metricValue,convergenceValue,ITERATION_TIME_INDEX,SINCE_LAST
 2DIAGNOSTIC,     1, -4.945365495269e-01, 1.797693134862e+308, 7.5417e-01, 7.5417e-01, 
 2DIAGNOSTIC,     2, -4.961551199262e-01, 1.797693134862e+308, 7.5867e-01, 4.5049e-03, 
 2DIAGNOSTIC,     3, -4.991207097076e-01, 1.797693134862e+308, 7.6333e-01, 4.6539e-03, 
 2DIAGNOSTIC,     4, -5.030359852117e-01, 1.797693134862e+308, 7.6755e-01, 4.2191e-03, 
 2DIAGNOSTIC,     5, -5.059125054655e-01, 1.797693134862e+308, 7.7142e-01, 3.8760e-03, 
 2DIAGNOSTIC,     6, -5.092815596254e-01, 1.797693134862e+308, 7.7589e-01, 4.4661e-03, 
 2DIAGNOSTIC,     7, -5.205915484568e-01, 1.797693134862e+308, 7.8090e-01, 5.0161e-03, 
 2DIAGNOSTIC,     8, -5.236677933913e-01, 1.797693134862e+308, 7.8487e-01, 3.9661e-03, 
 2DIAGNOSTIC,     9, -5.261653611514e-01, 1.797693134862e+308, 7.8916e-01, 4.2911e-03, 
 2DIAGNOSTIC,    10, -5.313843279548e-01, 4.956236851461e-03, 7.9356e-01, 4.4000e-03, 
 2DIAGNOSTIC,    11, -5.461121550606e-01, 5.255951709882e-03, 7.9877e-01, 5.2071e-03, 
 2DIAGNOSTIC,    12, -5.563506773266e-01, 5.544499219532e-03, 8.0315e-01, 4.3800e-03, 
 2DIAGNOSTIC,    13, -6.011783753043e-01, 7.240286203811e-03, 8.0842e-01, 5.2760e-03, 
 2DIAGNOSTIC,    14, -6.166052824962e-01, 8.701253898821e-03, 8.1269e-01, 4.2620e-03, 
 2DIAGNOSTIC,    15, -6.211428291789e-01, 9.416357351223e-03, 8.1714e-01, 4.4560e-03, 
 2DIAGNOSTIC,    16, -6.235432155135e-01, 9.368281946889e-03, 8.2190e-01, 4.7572e-03, 
 2DIAGNOSTIC,    17, -6.347577473309e-01, 9.145335072238e-03, 8.2778e-01, 5.8801e-03, 
 2DIAGNOSTIC,    18, -6.413138481067e-01, 8.359393000126e-03, 8.3266e-01, 4.8800e-03, 
 2DIAGNOSTIC,    19, -6.420802746890e-01, 6.980623582844e-03, 8.3771e-01, 5.0540e-03, 
 2DIAGNOSTIC,    20, -6.425493404689e-01, 5.272872767043e-03, 8.4185e-01, 4.1361e-03, 
 2DIAGNOSTIC,    21, -6.431795015809e-01, 3.641466830585e-03, 8.4638e-01, 4.5290e-03, 
 2DIAGNOSTIC,    22, -6.434078419049e-01, 2.049114111709e-03, 8.5066e-01, 4.2791e-03, 
 2DIAGNOSTIC,    23, -6.435083903239e-01, 1.381096983344e-03, 8.5529e-01, 4.6370e-03, 
 2DIAGNOSTIC,    24, -6.436807798827e-01, 9.688117378615e-04, 8.6045e-01, 5.1601e-03, 
 2DIAGNOSTIC,    25, -6.439989587732e-01, 6.014657755198e-04, 8.6615e-01, 5.6980e-03, 
 2DIAGNOSTIC,    26, -6.448361705563e-01, 2.655202642933e-04, 8.7025e-01, 4.1001e-03, 
 2DIAGNOSTIC,    27, -6.460796014052e-01, 1.536869397484e-04, 8.7483e-01, 4.5769e-03, 
 2DIAGNOSTIC,    28, -6.463976179454e-01, 1.550355162103e-04, 8.7889e-01, 4.0610e-03, 
 2DIAGNOSTIC,    29, -6.463935448347e-01, 1.547432284845e-04, 8.8296e-01, 4.0669e-03, 
 2DIAGNOSTIC,    30, -6.464392292878e-01, 1.482977104603e-04, 8.8793e-01, 4.9701e-03, 
 2DIAGNOSTIC,    31, -6.463723506350e-01, 1.368668529813e-04, 8.9201e-01, 4.0801e-03, 
 2DIAGNOSTIC,    32, -6.464254423557e-01, 1.173261736945e-04, 8.9714e-01, 5.1341e-03, 
 2DIAGNOSTIC,    33, -6.464354982427e-01, 8.969283032838e-05, 9.1029e-01, 1.3150e-02, 
 2DIAGNOSTIC,    34, -6.464354982098e-01, 5.811443897276e-05, 9.2344e-01, 1.3148e-02, 
 2DIAGNOSTIC,    35, -6.464354982098e-01, 2.735349908430e-05, 9.2895e-01, 5.5139e-03, 
 2DIAGNOSTIC,    36, -6.464354982098e-01, 6.562030306294e-06, 9.3361e-01, 4.6520e-03, 
 2DIAGNOSTIC,    37, -6.464354982098e-01, 2.244527795636e-06, 9.3828e-01, 4.6709e-03, 
 2DIAGNOSTIC,    38, -6.464354982098e-01, 1.990762225242e-06, 9.4343e-01, 5.1558e-03, 
 2DIAGNOSTIC,    39, -6.464354982098e-01, 1.582331822361e-06, 9.4829e-01, 4.8571e-03, 
 2DIAGNOSTIC,    40, -6.464354982098e-01, 1.698163349061e-06, 9.5308e-01, 4.7910e-03, 
DIAGNOSTIC,Iteration,metricValue,convergenceValue,ITERATION_TIME_INDEX,SINCE_LAST
 2DIAGNOSTIC,     1, -5.367244480816e-01, 1.797693134862e+308, 1.6715e+00, 7.1843e-01, 
 2DIAGNOSTIC,     2, -5.380313869156e-01, 1.797693134862e+308, 1.6973e+00, 2.5803e-02, 
 2DIAGNOSTIC,     3, -5.401731946671e-01, 1.797693134862e+308, 1.7220e+00, 2.4734e-02, 
 2DIAGNOSTIC,     4, -5.431881373851e-01, 1.797693134862e+308, 1.7500e+00, 2.7977e-02, 
 2DIAGNOSTIC,     5, -5.453557616202e-01, 1.797693134862e+308, 1.7773e+00, 2.7242e-02, 
 2DIAGNOSTIC,     6, -5.461088575279e-01, 1.797693134862e+308, 1.8063e+00, 2.8987e-02, 
 2DIAGNOSTIC,     7, -5.462086690853e-01, 1.797693134862e+308, 1.8389e+00, 3.2673e-02, 
 2DIAGNOSTIC,     8, -5.464869277905e-01, 1.797693134862e+308, 1.8750e+00, 3.6100e-02, 
 2DIAGNOSTIC,     9, -5.465850826989e-01, 1.797693134862e+308, 1.9156e+00, 4.0536e-02, 
 2DIAGNOSTIC,    10, -5.466464862719e-01, 1.224740933717e-03, 1.9424e+00, 2.6875e-02, 
 2DIAGNOSTIC,    11, -5.470487724931e-01, 8.391097590063e-04, 1.9730e+00, 3.0551e-02, 
 2DIAGNOSTIC,    12, -5.471506822180e-01, 5.042746171124e-04, 2.0050e+00, 3.1980e-02, 
 2DIAGNOSTIC,    13, -5.471747716174e-01, 2.608960955286e-04, 2.0446e+00, 3.9673e-02, 
 2DIAGNOSTIC,    14, -5.471893669675e-01, 1.401590866849e-04, 2.0774e+00, 3.2732e-02, 
 2DIAGNOSTIC,    15, -5.471839947176e-01, 9.761627214258e-05, 2.1100e+00, 3.2641e-02, 
 2DIAGNOSTIC,    16, -5.471599221231e-01, 7.527587026344e-05, 2.1413e+00, 3.1274e-02, 
 2DIAGNOSTIC,    17, -5.471662413043e-01, 5.183158026179e-05, 2.1707e+00, 2.9442e-02, 
 2DIAGNOSTIC,    18, -5.471747020315e-01, 3.478177643100e-05, 2.2038e+00, 3.3060e-02, 
 2DIAGNOSTIC,    19, -5.471813442900e-01, 1.945614946861e-05, 2.2365e+00, 3.2709e-02, 
 2DIAGNOSTIC,    20, -5.471662905397e-01, 4.969749689263e-06, 2.2655e+00, 2.9026e-02, 
 2DIAGNOSTIC,    21, -5.471844149521e-01, 1.951241744451e-06, 2.2981e+00, 3.2609e-02, 
 2DIAGNOSTIC,    22, -5.471946846629e-01, 1.794817969386e-06, 2.3264e+00, 2.8231e-02, 
 2DIAGNOSTIC,    23, -5.472309769049e-01, 2.955883710486e-06, 2.3542e+00, 2.7876e-02, 
 2DIAGNOSTIC,    24, -5.472460339615e-01, 4.500344326426e-06, 2.3872e+00, 3.3001e-02, 
 2DIAGNOSTIC,    25, -5.473225336610e-01, 7.130565823785e-06, 2.4153e+00, 2.8095e-02, 
 2DIAGNOSTIC,    26, -5.474469313472e-01, 1.098291554657e-05, 2.4427e+00, 2.7351e-02, 
 2DIAGNOSTIC,    27, -5.481013376774e-01, 2.630867322134e-05, 2.4751e+00, 3.2450e-02, 
 2DIAGNOSTIC,    28, -5.480678958066e-01, 3.739000442440e-05, 2.5154e+00, 4.0262e-02, 
 2DIAGNOSTIC,    29, -5.482084715206e-01, 4.712047290775e-05, 2.5518e+00, 3.6377e-02, 
 2DIAGNOSTIC,    30, -5.482082515711e-01, 5.166421228983e-05, 2.5842e+00, 3.2407e-02, 
 2DIAGNOSTIC,    31, -5.482014612478e-01, 5.125926619966e-05, 2.6169e+00, 3.2760e-02, 
 2DIAGNOSTIC,    32, -5.481815954248e-01, 4.582634198717e-05, 2.6464e+00, 2.9458e-02, 
 2DIAGNOSTIC,    33, -5.481718254315e-01, 3.689944622279e-05, 2.6761e+00, 2.9701e-02, 
 2DIAGNOSTIC,    34, -5.481825623019e-01, 2.560031232684e-05, 2.7064e+00, 3.0310e-02, 
 2DIAGNOSTIC,    35, -5.481838554665e-01, 1.379950469600e-05, 2.7365e+00, 3.0113e-02, 
 2DIAGNOSTIC,    36, -5.481854578490e-01, 3.009152647962e-06, 2.7663e+00, 2.9764e-02, 
 2DIAGNOSTIC,    37, -5.482631349784e-01, 2.936458165247e-06, 2.8000e+00, 3.3700e-02, 
 2DIAGNOSTIC,    38, -5.482856020981e-01, 2.436040257417e-06, 2.8338e+00, 3.3854e-02, 
 2DIAGNOSTIC,    39, -5.482706779535e-01, 3.481421933928e-06, 2.8713e+00, 3.7495e-02, 
 2DIAGNOSTIC,    40, -5.481987494478e-01, 3.304636612252e-06, 2.9048e+00, 3.3506e-02, 
 2DIAGNOSTIC,    41, -5.482802813705e-01, 3.877233583371e-06, 2.9388e+00, 3.3997e-02, 
 2DIAGNOSTIC,    42, -5.481854932009e-01, 2.652926166639e-06, 2.9767e+00, 3.7846e-02, 
 2DIAGNOSTIC,    43, -5.482756695136e-01, 2.296605427422e-06, 3.0179e+00, 4.1190e-02, 
 2DIAGNOSTIC,    44, -5.483025122394e-01, 2.243514380555e-06, 3.0511e+00, 3.3252e-02, 
 2DIAGNOSTIC,    45, -5.482811770160e-01, 1.827545582759e-06, 3.0834e+00, 3.2248e-02, 
 2DIAGNOSTIC,    46, -5.482645579797e-01, 1.146856435777e-06, 3.1162e+00, 3.2871e-02, 
 2DIAGNOSTIC,    47, -5.482548594958e-01, 1.199149961991e-06, 3.2116e+00, 9.5354e-02, 
 2DIAGNOSTIC,    48, -5.482548594946e-01, 1.435649592509e-06, 3.3091e+00, 9.7460e-02, 
 2DIAGNOSTIC,    49, -5.482548594946e-01, 1.434553170830e-06, 3.3406e+00, 3.1512e-02, 
DIAGNOSTIC,Iteration,metricValue,convergenceValue,ITERATION_TIME_INDEX,SINCE_LAST
 2DIAGNOSTIC,     1, -4.661874085981e-01, 1.797693134862e+308, 4.3596e+00, 1.0190e+00, 
 2DIAGNOSTIC,     2, -4.663634500214e-01, 1.797693134862e+308, 4.5564e+00, 1.9682e-01, 
 2DIAGNOSTIC,     3, -4.665065334678e-01, 1.797693134862e+308, 4.7458e+00, 1.8932e-01, 
 2DIAGNOSTIC,     4, -4.666273008333e-01, 1.797693134862e+308, 4.9290e+00, 1.8328e-01, 
 2DIAGNOSTIC,     5, -4.667166955284e-01, 1.797693134862e+308, 5.1239e+00, 1.9489e-01, 
 2DIAGNOSTIC,     6, -4.668676949482e-01, 1.797693134862e+308, 5.3094e+00, 1.8552e-01, 
 2DIAGNOSTIC,     7, -4.669697726738e-01, 1.797693134862e+308, 5.5269e+00, 2.1746e-01, 
 2DIAGNOSTIC,     8, -4.670258236694e-01, 1.797693134862e+308, 5.7946e+00, 2.6768e-01, 
 2DIAGNOSTIC,     9, -4.670791398296e-01, 1.797693134862e+308, 5.9781e+00, 1.8348e-01, 
 2DIAGNOSTIC,    10, -4.671177579923e-01, 1.313590460032e-04, 6.1947e+00, 2.1663e-01, 
 2DIAGNOSTIC,    11, -4.671984856904e-01, 1.051495259627e-04, 6.3984e+00, 2.0370e-01, 
 2DIAGNOSTIC,    12, -4.674359921875e-01, 9.488400259616e-05, 6.6977e+00, 2.9927e-01, 
 2DIAGNOSTIC,    13, -4.675172250122e-01, 8.806423352974e-05, 6.8973e+00, 1.9962e-01, 
 2DIAGNOSTIC,    14, -4.675742659438e-01, 8.224011266188e-05, 7.1834e+00, 2.8615e-01, 
 2DIAGNOSTIC,    15, -4.675740564350e-01, 7.350739411748e-05, 7.4767e+00, 2.9323e-01, 
 2DIAGNOSTIC,    16, -4.675758185075e-01, 6.506508420030e-05, 7.6972e+00, 2.2056e-01, 
 2DIAGNOSTIC,    17, -4.675763651614e-01, 5.533842318894e-05, 7.9737e+00, 2.7650e-01, 
 2DIAGNOSTIC,    18, -4.675754889140e-01, 4.354480661958e-05, 8.2105e+00, 2.3678e-01, 
 2DIAGNOSTIC,    19, -4.675736870775e-01, 3.085365497448e-05, 8.4270e+00, 2.1649e-01, 
 2DIAGNOSTIC,    20, -4.675737872053e-01, 1.795135874607e-05, 8.6259e+00, 1.9895e-01, 
 2DIAGNOSTIC,    21, -4.675729940852e-01, 6.926775714663e-06, 8.8665e+00, 2.4061e-01, 
 2DIAGNOSTIC,    22, -4.675721780657e-01, 2.899302205026e-06, 9.0804e+00, 2.1382e-01, 
 2DIAGNOSTIC,    23, -4.675713676133e-01, 1.171957355890e-06, 9.2725e+00, 1.9210e-01, 
DIAGNOSTIC,Iteration,metricValue,convergenceValue,ITERATION_TIME_INDEX,SINCE_LAST
 2DIAGNOSTIC,     1, -4.258656136404e-01, 1.797693134862e+308, 1.1623e+01, 2.3507e+00, 
 2DIAGNOSTIC,     2, -4.259686436190e-01, 1.797693134862e+308, 1.3004e+01, 1.3811e+00, 
 2DIAGNOSTIC,     3, -4.260094164039e-01, 1.797693134862e+308, 1.4840e+01, 1.8357e+00, 
 2DIAGNOSTIC,     4, -4.260083554304e-01, 1.797693134862e+308, 1.6454e+01, 1.6143e+00, 
 2DIAGNOSTIC,     5, -4.260071418317e-01, 1.797693134862e+308, 1.8499e+01, 2.0449e+00, 
 2DIAGNOSTIC,     6, -4.260067301447e-01, 1.797693134862e+308, 2.0380e+01, 1.8812e+00, 
 2DIAGNOSTIC,     7, -4.260068580950e-01, 1.797693134862e+308, 2.2198e+01, 1.8171e+00, 
 2DIAGNOSTIC,     8, -4.260068644092e-01, 1.797693134862e+308, 2.3785e+01, 1.5876e+00, 
 2DIAGNOSTIC,     9, -4.260067686796e-01, 1.797693134862e+308, 2.5166e+01, 1.3807e+00, 
 2DIAGNOSTIC,    10, -4.260066770240e-01, 1.464368193896e-05, 2.6583e+01, 1.4174e+00, 
 2DIAGNOSTIC,    11, -4.260063880683e-01, 4.961915802348e-06, 2.8252e+01, 1.6685e+00, 
 2DIAGNOSTIC,    12, -4.260064029967e-01, 2.370742880689e-06, 2.9711e+01, 1.4593e+00, 
 2DIAGNOSTIC,    13, -4.260063252351e-01, 2.292203129167e-06, 3.1231e+01, 1.5198e+00, 
 2DIAGNOSTIC,    14, -4.260061492550e-01, 2.181500295434e-06, 3.2816e+01, 1.5850e+00, 
 2DIAGNOSTIC,    15, -4.260058771433e-01, 2.028682619254e-06, 3.4540e+01, 1.7240e+00, 
 2DIAGNOSTIC,    16, -4.260057943305e-01, 1.882971353354e-06, 3.6172e+01, 1.6322e+00, 
 2DIAGNOSTIC,    17, -4.260057023619e-01, 1.765284782643e-06, 3.7649e+01, 1.4768e+00, 
 2DIAGNOSTIC,    18, -4.260055095801e-01, 1.663402935372e-06, 3.9060e+01, 1.4108e+00, 
 2DIAGNOSTIC,    19, -4.260054258697e-01, 1.575804935358e-06, 4.0535e+01, 1.4758e+00, 
 2DIAGNOSTIC,    20, -4.260055529565e-01, 1.507673678333e-06, 4.2280e+01, 1.7446e+00, 
 2DIAGNOSTIC,    21, -4.260055656964e-01, 1.444680178604e-06, 4.3679e+01, 1.3987e+00, 
 2DIAGNOSTIC,    22, -4.260053845749e-01, 1.388860623425e-06, 4.5251e+01, 1.5725e+00, 
 2DIAGNOSTIC,    23, -4.260056260645e-01, 1.348323792276e-06, 4.7072e+01, 1.8213e+00, 
 2DIAGNOSTIC,    24, -4.260054384767e-01, 1.304261839703e-06, 4.8628e+01, 1.5558e+00, 
 2DIAGNOSTIC,    25, -4.260053472823e-01, 1.256059548913e-06, 5.0042e+01, 1.4135e+00, 
 2DIAGNOSTIC,    26, -4.260050540130e-01, 1.203536255531e-06, 5.1419e+01, 1.3771e+00, 
 2DIAGNOSTIC,    27, -4.260051776205e-01, 1.157882628652e-06, 5.2807e+01, 1.3879e+00, 
 2DIAGNOSTIC,    28, -4.260054184349e-01, 1.118377814288e-06, 5.4280e+01, 1.4735e+00, 
 2DIAGNOSTIC,    29, -4.260053410063e-01, 1.079239998147e-06, 5.6257e+01, 1.9764e+00, 
 2DIAGNOSTIC,    30, -4.260051407534e-01, 1.043018944442e-06, 5.7642e+01, 1.3853e+00, 
 2DIAGNOSTIC,    31, -4.260049433526e-01, 1.007200793851e-06, 5.9033e+01, 1.3914e+00, 
  Elapsed time (stage 0): 5.9822e+01


Total elapsed time: 5.9825e+01
Info [verificarlo]: loaded backend libinterflop_ieee.so
Info [interflop-ieee]: load backend with:
Info [interflop-ieee]: debug = false
Info [interflop-ieee]: debug-binary = false
Info [interflop-ieee]: no-backend-name = false
Info [interflop-ieee]: print-new-line = false
Info [interflop-ieee]: print-subnormal-normalized = false
Info [interflop-ieee]: count-op = false
All_Command_lines_OK
Using double precision for computations.
=============================================================================
The composite transform comprises the following transforms (in order): 
  1. /home/mdugre/scratch/mri-registration-rp/datasets/ds004513/derivatives/mri-registration-rp/0001/antsRegistration-r8-p13/sub-s033/rigid_Composite.h5[0] (type = Euler3DTransform)
  2. /home/mdugre/scratch/mri-registration-rp/datasets/ds004513/derivatives/mri-registration-rp/0001/antsRegistration-r8-p13/sub-s033/rigid_Composite.h5[1] (type = Euler3DTransform)
  3. /home/mdugre/scratch/mri-registration-rp/datasets/ds004513/derivatives/mri-registration-rp/0001/antsRegistration-r8-p13/sub-s033/rigid_Composite.h5[2] (type = Euler3DTransform)
=============================================================================
  number of levels = 4
  fixed image: /templateflow/tpl-MNI152NLin2009cAsym/tpl-MNI152NLin2009cAsym_res-01_desc-brain_T1w.nii.gz
  moving image: /home/mdugre/scratch/mri-registration-rp/datasets/ds004513/derivatives/mri-registration-rp/antsBrainExtraction/sub-s033/BrainExtractionBrain.nii.gz
Dimension = 3
Number of stages = 1
Use histogram matching = false
Winsorize image intensities = true
  Lower quantile = 0.005
  Upper quantile = 0.995


Stage 1 State
   Image metric = MattesMI
     Fixed image = Image (0x33eb7e0)
  RTTI typeinfo:   itk::Image<double, 3u>
  Reference Count: 2
  Modified Time: 1592
  Debug: Off
  Object Name: 
  Observers: 
    none
  Source: (none)
  Source output name: (none)
  Release Data: Off
  Data Released: False
  Global Release Data: Off
  PipelineMTime: 0
  UpdateMTime: 1203
  RealTimeStamp: 0 seconds 
  LargestPossibleRegion: 
    Dimension: 3
    Index: [0, 0, 0]
    Size: [193, 229, 193]
  BufferedRegion: 
    Dimension: 3
    Index: [0, 0, 0]
    Size: [193, 229, 193]
  RequestedRegion: 
    Dimension: 3
    Index: [0, 0, 0]
    Size: [193, 229, 193]
  Spacing: [1, 1, 1]
  Origin: [96, 132, -78]
  Direction: 
-1 0 0
0 -1 0
0 0 1

  IndexToPointMatrix: 
-1 0 0
0 -1 0
0 0 1

  PointToIndexMatrix: 
-1 0 0
0 -1 0
0 0 1

  Inverse Direction: 
-1 0 0
0 -1 0
0 0 1

  PixelContainer: 
    ImportImageContainer (0x34aba20)
      RTTI typeinfo:   itk::ImportImageContainer<unsigned long, double>
      Reference Count: 1
      Modified Time: 1200
      Debug: Off
      Object Name: 
      Observers: 
        none
      Pointer: 0x14f99a82d010
      Container manages memory: true
      Size: 8530021
      Capacity: 8530021

     Moving image = Image (0x34a6d70)
  RTTI typeinfo:   itk::Image<double, 3u>
  Reference Count: 2
  Modified Time: 1593
  Debug: Off
  Object Name: 
  Observers: 
    none
  Source: (none)
  Source output name: (none)
  Release Data: Off
  Data Released: False
  Global Release Data: Off
  PipelineMTime: 0
  UpdateMTime: 1590
  RealTimeStamp: 0 seconds 
  LargestPossibleRegion: 
    Dimension: 3
    Index: [0, 0, 0]
    Size: [160, 240, 256]
  BufferedRegion: 
    Dimension: 3
    Index: [0, 0, 0]
    Size: [160, 240, 256]
  RequestedRegion: 
    Dimension: 3
    Index: [0, 0, 0]
    Size: [160, 240, 256]
  Spacing: [1, 1, 1]
  Origin: [91.5134, 94.282, -109.927]
  Direction: 
-0.99591 -0.0698718 -0.0572835
0.0697565 -0.997556 0.00401236
-0.0574239 5.01125e-08 0.99835

  IndexToPointMatrix: 
-0.99591 -0.0698718 -0.0572835
0.0697565 -0.997556 0.00401236
-0.0574239 5.01125e-08 0.99835

  PointToIndexMatrix: 
-0.99591 0.0697565 -0.0574239
-0.0698718 -0.997556 5.01483e-08
-0.0572835 0.00401236 0.99835

  Inverse Direction: 
-0.99591 0.0697565 -0.0574239
-0.0698718 -0.997556 5.01483e-08
-0.0572835 0.00401236 0.99835

  PixelContainer: 
    ImportImageContainer (0x345ec90)
      RTTI typeinfo:   itk::ImportImageContainer<unsigned long, double>
      Reference Count: 1
      Modified Time: 1587
      Debug: Off
      Object Name: 
      Observers: 
        none
      Pointer: 0x14f995d2c010
      Container manages memory: true
      Size: 9830400
      Capacity: 9830400

     Weighting = 1
     Sampling strategy = regular
     Number of bins = 32
     Radius = 4
     Sampling percentage  = 0.25
   Transform = Affine
     Gradient step = 0.1
     Update field sigma (voxel space) = 0
     Total field sigma (voxel space) = 0
     Update field time sigma = 0
     Total field time sigma  = 0
     Number of time indices = 0
     Number of time point samples = 0
Registration using 1 total stages.

Stage 0
  iterations = 1000x500x250x100
  convergence threshold = 1e-06
  convergence window size = 10
  number of levels = 4
  using the Mattes MI metric (number of bins = 32, weight = 1, use gradient filter = 0)
  preprocessing:  winsorizing the image intensities
  Shrink factors (level 1 out of 4): [8, 8, 8]
  Shrink factors (level 2 out of 4): [4, 4, 4]
  Shrink factors (level 3 out of 4): [2, 2, 2]
  Shrink factors (level 4 out of 4): [1, 1, 1]
  smoothing sigmas per level: [3, 2, 1, 0]
  regular sampling (percentage = 0.25)

*** Running AffineTransform registration ***

DIAGNOSTIC,Iteration,metricValue,convergenceValue,ITERATION_TIME_INDEX,SINCE_LAST
 2DIAGNOSTIC,     1, -6.382800942564e-01, 1.797693134862e+308, 9.6141e-01, 9.6141e-01, 
 2DIAGNOSTIC,     2, -6.407455202384e-01, 1.797693134862e+308, 9.6629e-01, 4.8819e-03, 
 2DIAGNOSTIC,     3, -6.451556090965e-01, 1.797693134862e+308, 9.7104e-01, 4.7450e-03, 
 2DIAGNOSTIC,     4, -6.521816680050e-01, 1.797693134862e+308, 9.7602e-01, 4.9820e-03, 
 2DIAGNOSTIC,     5, -6.630833771750e-01, 1.797693134862e+308, 9.8091e-01, 4.8859e-03, 
 2DIAGNOSTIC,     6, -6.815427862132e-01, 1.797693134862e+308, 9.8565e-01, 4.7460e-03, 
 2DIAGNOSTIC,     7, -7.249688369781e-01, 1.797693134862e+308, 9.9110e-01, 5.4481e-03, 
 2DIAGNOSTIC,     8, -8.401974203771e-01, 1.797693134862e+308, 9.9590e-01, 4.7982e-03, 
 2DIAGNOSTIC,     9, -8.671953669002e-01, 1.797693134862e+308, 1.0034e+00, 7.4739e-03, 
 2DIAGNOSTIC,    10, -8.691055464610e-01, 2.371733940894e-02, 1.0083e+00, 4.8928e-03, 
 2DIAGNOSTIC,    11, -8.787628313953e-01, 2.366543117708e-02, 1.0134e+00, 5.1541e-03, 
 2DIAGNOSTIC,    12, -8.887236774695e-01, 2.187577502201e-02, 1.0183e+00, 4.8900e-03, 
 2DIAGNOSTIC,    13, -8.929056128178e-01, 1.863958439029e-02, 1.0237e+00, 5.3930e-03, 
 2DIAGNOSTIC,    14, -8.987228004595e-01, 1.459550424340e-02, 1.0292e+00, 5.4471e-03, 
 2DIAGNOSTIC,    15, -9.051733343398e-01, 1.031527972094e-02, 1.0360e+00, 6.8519e-03, 
 2DIAGNOSTIC,    16, -9.052603166826e-01, 6.140213208911e-03, 1.0418e+00, 5.7549e-03, 
 2DIAGNOSTIC,    17, -9.053702747841e-01, 2.818651826352e-03, 1.0470e+00, 5.2750e-03, 
 2DIAGNOSTIC,    18, -9.053612779386e-01, 1.917894545946e-03, 1.0518e+00, 4.7350e-03, 
 2DIAGNOSTIC,    19, -9.052695407229e-01, 1.448565882538e-03, 1.0565e+00, 4.7519e-03, 
 2DIAGNOSTIC,    20, -9.055446712341e-01, 9.325572138487e-04, 1.0613e+00, 4.7319e-03, 
 2DIAGNOSTIC,    21, -9.057017512281e-01, 5.449270861459e-04, 1.0665e+00, 5.2769e-03, 
 2DIAGNOSTIC,    22, -9.058848014724e-01, 3.065235895564e-04, 1.0712e+00, 4.6978e-03, 
 2DIAGNOSTIC,    23, -9.059359880232e-01, 1.247910688923e-04, 1.0764e+00, 5.2049e-03, 
 2DIAGNOSTIC,    24, -9.060933030933e-01, 3.119396109632e-05, 1.0811e+00, 4.6740e-03, 
 2DIAGNOSTIC,    25, -9.061375282680e-01, 3.188121868146e-05, 1.0859e+00, 4.7860e-03, 
 2DIAGNOSTIC,    26, -9.063553832389e-01, 3.355395502438e-05, 1.0909e+00, 4.9851e-03, 
 2DIAGNOSTIC,    27, -9.065716884079e-01, 3.613519256693e-05, 1.0980e+00, 7.1399e-03, 
 2DIAGNOSTIC,    28, -9.068171816185e-01, 3.814606748972e-05, 1.1059e+00, 7.8411e-03, 
 2DIAGNOSTIC,    29, -9.065810995563e-01, 3.262757458903e-05, 1.1111e+00, 5.2850e-03, 
 2DIAGNOSTIC,    30, -9.063157930021e-01, 2.475847019236e-05, 1.1161e+00, 4.9989e-03, 
 2DIAGNOSTIC,    31, -9.063553446063e-01, 1.736032125577e-05, 1.1209e+00, 4.7231e-03, 
 2DIAGNOSTIC,    32, -9.063969328717e-01, 1.114664372857e-05, 1.1259e+00, 5.0468e-03, 
 2DIAGNOSTIC,    33, -9.064238042564e-01, 5.076787754237e-06, 1.1315e+00, 5.6319e-03, 
DIAGNOSTIC,Iteration,metricValue,convergenceValue,ITERATION_TIME_INDEX,SINCE_LAST
 2DIAGNOSTIC,     1, -7.444973963318e-01, 1.797693134862e+308, 1.8897e+00, 7.5813e-01, 
 2DIAGNOSTIC,     2, -7.452612621864e-01, 1.797693134862e+308, 1.9244e+00, 3.4685e-02, 
 2DIAGNOSTIC,     3, -7.460265743591e-01, 1.797693134862e+308, 1.9564e+00, 3.2009e-02, 
 2DIAGNOSTIC,     4, -7.467106663495e-01, 1.797693134862e+308, 1.9902e+00, 3.3874e-02, 
 2DIAGNOSTIC,     5, -7.474313295099e-01, 1.797693134862e+308, 2.0263e+00, 3.6087e-02, 
 2DIAGNOSTIC,     6, -7.483547317449e-01, 1.797693134862e+308, 2.1260e+00, 9.9682e-02, 
 2DIAGNOSTIC,     7, -7.483677327903e-01, 1.797693134862e+308, 2.1616e+00, 3.5610e-02, 
 2DIAGNOSTIC,     8, -7.483685849124e-01, 1.797693134862e+308, 2.1976e+00, 3.5967e-02, 
 2DIAGNOSTIC,     9, -7.483700192900e-01, 1.797693134862e+308, 2.2312e+00, 3.3628e-02, 
 2DIAGNOSTIC,    10, -7.483724162245e-01, 3.516620574344e-04, 2.2681e+00, 3.6879e-02, 
 2DIAGNOSTIC,    11, -7.483764018422e-01, 2.369386335728e-04, 2.3041e+00, 3.5997e-02, 
 2DIAGNOSTIC,    12, -7.483829756963e-01, 1.446129911923e-04, 2.3401e+00, 3.6023e-02, 
 2DIAGNOSTIC,    13, -7.483934922542e-01, 7.650075327023e-05, 2.3753e+00, 3.5238e-02, 
 2DIAGNOSTIC,    14, -7.483809974544e-01, 2.938533643256e-05, 2.4102e+00, 3.4896e-02, 
 2DIAGNOSTIC,    15, -7.484048442551e-01, 4.299971237742e-06, 2.4457e+00, 3.5466e-02, 
 2DIAGNOSTIC,    16, -7.484384003216e-01, 4.864290886905e-06, 2.4864e+00, 4.0715e-02, 
 2DIAGNOSTIC,    17, -7.484444188782e-01, 5.500274967103e-06, 2.5228e+00, 3.6405e-02, 
 2DIAGNOSTIC,    18, -7.484461186606e-01, 5.795291371118e-06, 2.5589e+00, 3.6056e-02, 
 2DIAGNOSTIC,    19, -7.484745744653e-01, 6.298801263106e-06, 2.5944e+00, 3.5559e-02, 
 2DIAGNOSTIC,    20, -7.485143686859e-01, 7.104285380914e-06, 2.6353e+00, 4.0864e-02, 
 2DIAGNOSTIC,    21, -7.485428178053e-01, 7.875471111196e-06, 2.6741e+00, 3.8819e-02, 
 2DIAGNOSTIC,    22, -7.485552836762e-01, 8.308720457165e-06, 2.7055e+00, 3.1372e-02, 
 2DIAGNOSTIC,    23, -7.485900758074e-01, 8.838449610984e-06, 2.7408e+00, 3.5297e-02, 
 2DIAGNOSTIC,    24, -7.486106976803e-01, 8.734947528573e-06, 2.7774e+00, 3.6569e-02, 
 2DIAGNOSTIC,    25, -7.486695106204e-01, 9.174329291192e-06, 2.8167e+00, 3.9357e-02, 
 2DIAGNOSTIC,    26, -7.486661155253e-01, 9.259606978687e-06, 2.8536e+00, 3.6860e-02, 
 2DIAGNOSTIC,    27, -7.486418387973e-01, 8.347864853736e-06, 2.8854e+00, 3.1843e-02, 
 2DIAGNOSTIC,    28, -7.486366856940e-01, 6.792253329696e-06, 2.9184e+00, 3.2932e-02, 
 2DIAGNOSTIC,    29, -7.486449941535e-01, 5.271982597387e-06, 2.9536e+00, 3.5202e-02, 
 2DIAGNOSTIC,    30, -7.486366671011e-01, 3.833539043679e-06, 2.9983e+00, 4.4751e-02, 
 2DIAGNOSTIC,    31, -7.486333798705e-01, 2.541014488905e-06, 3.0391e+00, 4.0766e-02, 
 2DIAGNOSTIC,    32, -7.486336279903e-01, 1.346065752465e-06, 3.0749e+00, 3.5861e-02, 
DIAGNOSTIC,Iteration,metricValue,convergenceValue,ITERATION_TIME_INDEX,SINCE_LAST
 2DIAGNOSTIC,     1, -6.323805842785e-01, 1.797693134862e+308, 4.2110e+00, 1.1361e+00, 
 2DIAGNOSTIC,     2, -6.329722973570e-01, 1.797693134862e+308, 4.4619e+00, 2.5090e-01, 
 2DIAGNOSTIC,     3, -6.336125731444e-01, 1.797693134862e+308, 4.6938e+00, 2.3195e-01, 
 2DIAGNOSTIC,     4, -6.344462615189e-01, 1.797693134862e+308, 4.9495e+00, 2.5562e-01, 
 2DIAGNOSTIC,     5, -6.366817100156e-01, 1.797693134862e+308, 5.5058e+00, 5.5633e-01, 
 2DIAGNOSTIC,     6, -6.366810012606e-01, 1.797693134862e+308, 5.7818e+00, 2.7596e-01, 
 2DIAGNOSTIC,     7, -6.366814186541e-01, 1.797693134862e+308, 6.0607e+00, 2.7897e-01, 
 2DIAGNOSTIC,     8, -6.366809893188e-01, 1.797693134862e+308, 6.3158e+00, 2.5504e-01, 
 2DIAGNOSTIC,     9, -6.366791341267e-01, 1.797693134862e+308, 6.5667e+00, 2.5096e-01, 
 2DIAGNOSTIC,    10, -6.366746194741e-01, 4.831673283372e-04, 6.8302e+00, 2.6347e-01, 
 2DIAGNOSTIC,    11, -6.366719799743e-01, 3.258198087275e-04, 7.0945e+00, 2.6425e-01, 
 2DIAGNOSTIC,    12, -6.366705423308e-01, 1.888374171520e-04, 7.3476e+00, 2.5313e-01, 
 2DIAGNOSTIC,    13, -6.366728518776e-01, 7.835788908181e-05, 7.6816e+00, 3.3402e-01, 
 2DIAGNOSTIC,    14, -6.366734114523e-01, 1.381189308217e-06, 7.9399e+00, 2.5825e-01, 
 2DIAGNOSTIC,    15, -6.366710728481e-01, 1.316482993494e-06, 8.1704e+00, 2.3052e-01, 
 2DIAGNOSTIC,    16, -6.366690674791e-01, 1.261716396098e-06, 8.4550e+00, 2.8460e-01, 
 2DIAGNOSTIC,    17, -6.366698852423e-01, 1.312455723913e-06, 8.7025e+00, 2.4756e-01, 
 2DIAGNOSTIC,    18, -6.366682150705e-01, 1.353135997834e-06, 9.0120e+00, 3.0948e-01, 
 2DIAGNOSTIC,    19, -6.366672586494e-01, 1.364070760949e-06, 9.2807e+00, 2.6871e-01, 
 2DIAGNOSTIC,    20, -6.366648315431e-01, 1.251407463321e-06, 9.5071e+00, 2.2641e-01, 
 2DIAGNOSTIC,    21, -6.366638938952e-01, 1.108268008962e-06, 9.7783e+00, 2.7122e-01, 
DIAGNOSTIC,Iteration,metricValue,convergenceValue,ITERATION_TIME_INDEX,SINCE_LAST
 2DIAGNOSTIC,     1, -5.627544502812e-01, 1.797693134862e+308, 1.2740e+01, 2.9618e+00, 
 2DIAGNOSTIC,     2, -5.629390335315e-01, 1.797693134862e+308, 1.4605e+01, 1.8652e+00, 
 2DIAGNOSTIC,     3, -5.631469799152e-01, 1.797693134862e+308, 1.6458e+01, 1.8525e+00, 
 2DIAGNOSTIC,     4, -5.634855594241e-01, 1.797693134862e+308, 1.8455e+01, 1.9969e+00, 
 2DIAGNOSTIC,     5, -5.639936155386e-01, 1.797693134862e+308, 2.0917e+01, 2.4622e+00, 
 2DIAGNOSTIC,     6, -5.640062822817e-01, 1.797693134862e+308, 2.4081e+01, 3.1641e+00, 
 2DIAGNOSTIC,     7, -5.640061504131e-01, 1.797693134862e+308, 2.6125e+01, 2.0445e+00, 
 2DIAGNOSTIC,     8, -5.640061406326e-01, 1.797693134862e+308, 2.8058e+01, 1.9326e+00, 
 2DIAGNOSTIC,     9, -5.640058018843e-01, 1.797693134862e+308, 3.0286e+01, 2.2277e+00, 
 2DIAGNOSTIC,    10, -5.640055212511e-01, 1.560363587468e-04, 3.2765e+01, 2.4796e+00, 
 2DIAGNOSTIC,    11, -5.640053796068e-01, 1.031626739123e-04, 3.4926e+01, 2.1603e+00, 
 2DIAGNOSTIC,    12, -5.640051685185e-01, 5.812959948359e-05, 3.6694e+01, 1.7688e+00, 
 2DIAGNOSTIC,    13, -5.640051612894e-01, 2.295271655303e-05, 3.8720e+01, 2.0257e+00, 
 2DIAGNOSTIC,    14, -5.640049574589e-01, 2.607082084868e-06, 4.0746e+01, 2.0255e+00, 
 2DIAGNOSTIC,    15, -5.640048767471e-01, 2.005492435467e-06, 4.2656e+01, 1.9107e+00, 
 2DIAGNOSTIC,    16, -5.640047960230e-01, 1.886400316245e-06, 4.4732e+01, 2.0757e+00, 
 2DIAGNOSTIC,    17, -5.640045448852e-01, 1.779221348384e-06, 4.6506e+01, 1.7743e+00, 
 2DIAGNOSTIC,    18, -5.640046171435e-01, 1.694562911082e-06, 4.8284e+01, 1.7778e+00, 
 2DIAGNOSTIC,    19, -5.640045923699e-01, 1.615973508021e-06, 5.0421e+01, 2.1370e+00, 
 2DIAGNOSTIC,    20, -5.640045009506e-01, 1.541366517713e-06, 5.2354e+01, 1.9328e+00, 
 2DIAGNOSTIC,    21, -5.640042428855e-01, 1.469108267461e-06, 5.4327e+01, 1.9732e+00, 
 2DIAGNOSTIC,    22, -5.640039916370e-01, 1.397285038340e-06, 5.6075e+01, 1.7477e+00, 
 2DIAGNOSTIC,    23, -5.640040636838e-01, 1.337849390409e-06, 5.8027e+01, 1.9526e+00, 
 2DIAGNOSTIC,    24, -5.640041166897e-01, 1.284230594853e-06, 5.9816e+01, 1.7882e+00, 
 2DIAGNOSTIC,    25, -5.640040593278e-01, 1.235985993990e-06, 6.1523e+01, 1.7074e+00, 
 2DIAGNOSTIC,    26, -5.640042108231e-01, 1.196606112211e-06, 6.3432e+01, 1.9087e+00, 
 2DIAGNOSTIC,    27, -5.640043912882e-01, 1.161325123150e-06, 6.5686e+01, 2.2545e+00, 
 2DIAGNOSTIC,    28, -5.640043162643e-01, 1.129960316079e-06, 6.7453e+01, 1.7671e+00, 
 2DIAGNOSTIC,    29, -5.640039968176e-01, 1.095400386598e-06, 6.9741e+01, 2.2880e+00, 
 2DIAGNOSTIC,    30, -5.640038982541e-01, 1.060401970863e-06, 7.1756e+01, 2.0149e+00, 
