
##########################
# Experiment information #
##########################

EXPERIMENT_NAME: antsRegistration-r7-p13
VFC_BACKENDS: libinterflop_vprec.so --range-binary32=7 --precision-binary32=13 --range-binary64=7 --precision-binary64=13

SIF_IMG: /home/mdugre/projects/rrg-glatard/mdugre/containers/ants-vprec-no_metrics.simg

SUBJECT_ID: s014
INPUT_IMG: /home/mdugre/scratch/mri-registration-rp/datasets/ds004513/derivatives/mri-registration-rp/antsBrainExtraction/sub-s014/BrainExtractionBrain.nii.gz
OUTPUT_DIR: /home/mdugre/scratch/mri-registration-rp/datasets/ds004513/derivatives/mri-registration-rp/0001/antsRegistration-r7-p13/sub-s014

FIXED_IMG: /templateflow/tpl-MNI152NLin2009cAsym/tpl-MNI152NLin2009cAsym_res-01_desc-brain_T1w.nii.gz
DATA_DIR: /home/mdugre/scratch/mri-registration-rp/datasets/ds004513
TEMPLATEFLOW_DIR: /home/mdugre/projects/rrg-glatard/mdugre/templateflow
ITK_GLOBAL_DEFAULT_NUMBER_OF_THREADS: 16
##########################

Info [verificarlo]: loaded backend libinterflop_ieee.so
Info [interflop-ieee]: load backend with:
Info [interflop-ieee]: debug = false
Info [interflop-ieee]: debug-binary = false
Info [interflop-ieee]: no-backend-name = false
Info [interflop-ieee]: print-new-line = false
Info [interflop-ieee]: print-subnormal-normalized = false
Info [interflop-ieee]: count-op = false
All_Command_lines_OK
Using double precision for computations.
=============================================================================
The composite transform comprises the following transforms (in order): 
  1. Center of mass alignment using fixed image: /templateflow/tpl-MNI152NLin2009cAsym/tpl-MNI152NLin2009cAsym_res-01_desc-brain_T1w.nii.gz and moving image: /home/mdugre/scratch/mri-registration-rp/datasets/ds004513/derivatives/mri-registration-rp/antsBrainExtraction/sub-s014/BrainExtractionBrain.nii.gz (type = Euler3DTransform)
=============================================================================
  number of levels = 1
  fixed image: /templateflow/tpl-MNI152NLin2009cAsym/tpl-MNI152NLin2009cAsym_res-01_desc-brain_T1w.nii.gz
  moving image: /home/mdugre/scratch/mri-registration-rp/datasets/ds004513/derivatives/mri-registration-rp/antsBrainExtraction/sub-s014/BrainExtractionBrain.nii.gz
Dimension = 3
Number of stages = 1
Use histogram matching = false
Winsorize image intensities = true
  Lower quantile = 0.005
  Upper quantile = 0.995


Stage 1 State
   Image metric = MattesMI
     Fixed image = Image (0x4980e70)
  RTTI typeinfo:   itk::Image<double, 3u>
  Reference Count: 2
  Modified Time: 2334
  Debug: Off
  Object Name: 
  Observers: 
    none
  Source: (none)
  Source output name: (none)
  Release Data: Off
  Data Released: False
  Global Release Data: Off
  PipelineMTime: 0
  UpdateMTime: 1943
  RealTimeStamp: 0 seconds 
  LargestPossibleRegion: 
    Dimension: 3
    Index: [0, 0, 0]
    Size: [193, 229, 193]
  BufferedRegion: 
    Dimension: 3
    Index: [0, 0, 0]
    Size: [193, 229, 193]
  RequestedRegion: 
    Dimension: 3
    Index: [0, 0, 0]
    Size: [193, 229, 193]
  Spacing: [1, 1, 1]
  Origin: [96, 132, -78]
  Direction: 
-1 0 0
0 -1 0
0 0 1

  IndexToPointMatrix: 
-1 0 0
0 -1 0
0 0 1

  PointToIndexMatrix: 
-1 0 0
0 -1 0
0 0 1

  Inverse Direction: 
-1 0 0
0 -1 0
0 0 1

  PixelContainer: 
    ImportImageContainer (0x498d140)
      RTTI typeinfo:   itk::ImportImageContainer<unsigned long, double>
      Reference Count: 1
      Modified Time: 1940
      Debug: Off
      Object Name: 
      Observers: 
        none
      Pointer: 0x152876080010
      Container manages memory: true
      Size: 8530021
      Capacity: 8530021

     Moving image = Image (0x498a310)
  RTTI typeinfo:   itk::Image<double, 3u>
  Reference Count: 2
  Modified Time: 2335
  Debug: Off
  Object Name: 
  Observers: 
    none
  Source: (none)
  Source output name: (none)
  Release Data: Off
  Data Released: False
  Global Release Data: Off
  PipelineMTime: 0
  UpdateMTime: 2332
  RealTimeStamp: 0 seconds 
  LargestPossibleRegion: 
    Dimension: 3
    Index: [0, 0, 0]
    Size: [160, 240, 256]
  BufferedRegion: 
    Dimension: 3
    Index: [0, 0, 0]
    Size: [160, 240, 256]
  RequestedRegion: 
    Dimension: 3
    Index: [0, 0, 0]
    Size: [160, 240, 256]
  Spacing: [0.999999, 1, 1]
  Origin: [84.1637, 106.709, -120.531]
  Direction: 
-0.999619 -0.0226874 -0.0157033
0.0226846 -0.999743 0.00035635
-0.0157073 -7.8229e-09 0.999877

  IndexToPointMatrix: 
-0.999619 -0.0226874 -0.0157033
0.0226845 -0.999743 0.00035635
-0.0157073 -7.8229e-09 0.999877

  PointToIndexMatrix: 
-0.99962 0.0226846 -0.0157073
-0.0226874 -0.999743 -7.83127e-09
-0.0157033 0.00035635 0.999877

  Inverse Direction: 
-0.999619 0.0226846 -0.0157073
-0.0226874 -0.999743 -7.83127e-09
-0.0157033 0.00035635 0.999877

  PixelContainer: 
    ImportImageContainer (0x4ab5610)
      RTTI typeinfo:   itk::ImportImageContainer<unsigned long, double>
      Reference Count: 1
      Modified Time: 2329
      Debug: Off
      Object Name: 
      Observers: 
        none
      Pointer: 0x15287157f010
      Container manages memory: true
      Size: 9830400
      Capacity: 9830400

     Weighting = 1
     Sampling strategy = regular
     Number of bins = 32
     Radius = 4
     Sampling percentage  = 0.25
   Transform = Rigid
     Gradient step = 0.1
     Update field sigma (voxel space) = 0
     Total field sigma (voxel space) = 0
     Update field time sigma = 0
     Total field time sigma  = 0
     Number of time indices = 0
     Number of time point samples = 0
Registration using 1 total stages.

Stage 0
  iterations = 0
  convergence threshold = 1e-06
  convergence window size = 10
  number of levels = 1
  using the Mattes MI metric (number of bins = 32, weight = 1, use gradient filter = 0)
  preprocessing:  winsorizing the image intensities
  Shrink factors (level 1 out of 1): [1, 1, 1]
  smoothing sigmas per level: [0]
  regular sampling (percentage = 0.25)

*** Running Euler3DTransform registration ***

  Elapsed time (stage 0): 1.19006


Total elapsed time: 1.19243
Info [verificarlo]: loaded backend libinterflop_ieee.so
Info [interflop-ieee]: load backend with:
Info [interflop-ieee]: debug = false
Info [interflop-ieee]: debug-binary = false
Info [interflop-ieee]: no-backend-name = false
Info [interflop-ieee]: print-new-line = false
Info [interflop-ieee]: print-subnormal-normalized = false
Info [interflop-ieee]: count-op = false
All_Command_lines_OK
Using double precision for computations.
=============================================================================
The composite transform comprises the following transforms (in order): 
  1. /home/mdugre/scratch/mri-registration-rp/datasets/ds004513/derivatives/mri-registration-rp/0001/antsRegistration-r7-p13/sub-s014/align_Composite.h5[0] (type = Euler3DTransform)
  2. /home/mdugre/scratch/mri-registration-rp/datasets/ds004513/derivatives/mri-registration-rp/0001/antsRegistration-r7-p13/sub-s014/align_Composite.h5[1] (type = Euler3DTransform)
=============================================================================
  number of levels = 4
  fixed image: /templateflow/tpl-MNI152NLin2009cAsym/tpl-MNI152NLin2009cAsym_res-01_desc-brain_T1w.nii.gz
  moving image: /home/mdugre/scratch/mri-registration-rp/datasets/ds004513/derivatives/mri-registration-rp/antsBrainExtraction/sub-s014/BrainExtractionBrain.nii.gz
Dimension = 3
Number of stages = 1
Use histogram matching = false
Winsorize image intensities = true
  Lower quantile = 0.005
  Upper quantile = 0.995


Stage 1 State
   Image metric = MattesMI
     Fixed image = Image (0x45d7530)
  RTTI typeinfo:   itk::Image<double, 3u>
  Reference Count: 2
  Modified Time: 1580
  Debug: Off
  Object Name: 
  Observers: 
    none
  Source: (none)
  Source output name: (none)
  Release Data: Off
  Data Released: False
  Global Release Data: Off
  PipelineMTime: 0
  UpdateMTime: 1189
  RealTimeStamp: 0 seconds 
  LargestPossibleRegion: 
    Dimension: 3
    Index: [0, 0, 0]
    Size: [193, 229, 193]
  BufferedRegion: 
    Dimension: 3
    Index: [0, 0, 0]
    Size: [193, 229, 193]
  RequestedRegion: 
    Dimension: 3
    Index: [0, 0, 0]
    Size: [193, 229, 193]
  Spacing: [1, 1, 1]
  Origin: [96, 132, -78]
  Direction: 
-1 0 0
0 -1 0
0 0 1

  IndexToPointMatrix: 
-1 0 0
0 -1 0
0 0 1

  PointToIndexMatrix: 
-1 0 0
0 -1 0
0 0 1

  Inverse Direction: 
-1 0 0
0 -1 0
0 0 1

  PixelContainer: 
    ImportImageContainer (0x4695d60)
      RTTI typeinfo:   itk::ImportImageContainer<unsigned long, double>
      Reference Count: 1
      Modified Time: 1186
      Debug: Off
      Object Name: 
      Observers: 
        none
      Pointer: 0x14f03ecda010
      Container manages memory: true
      Size: 8530021
      Capacity: 8530021

     Moving image = Image (0x4687f60)
  RTTI typeinfo:   itk::Image<double, 3u>
  Reference Count: 2
  Modified Time: 1581
  Debug: Off
  Object Name: 
  Observers: 
    none
  Source: (none)
  Source output name: (none)
  Release Data: Off
  Data Released: False
  Global Release Data: Off
  PipelineMTime: 0
  UpdateMTime: 1578
  RealTimeStamp: 0 seconds 
  LargestPossibleRegion: 
    Dimension: 3
    Index: [0, 0, 0]
    Size: [160, 240, 256]
  BufferedRegion: 
    Dimension: 3
    Index: [0, 0, 0]
    Size: [160, 240, 256]
  RequestedRegion: 
    Dimension: 3
    Index: [0, 0, 0]
    Size: [160, 240, 256]
  Spacing: [0.999999, 1, 1]
  Origin: [84.1637, 106.709, -120.531]
  Direction: 
-0.999619 -0.0226874 -0.0157033
0.0226846 -0.999743 0.00035635
-0.0157073 -7.8229e-09 0.999877

  IndexToPointMatrix: 
-0.999619 -0.0226874 -0.0157033
0.0226845 -0.999743 0.00035635
-0.0157073 -7.8229e-09 0.999877

  PointToIndexMatrix: 
-0.99962 0.0226846 -0.0157073
-0.0226874 -0.999743 -7.83127e-09
-0.0157033 0.00035635 0.999877

  Inverse Direction: 
-0.999619 0.0226846 -0.0157073
-0.0226874 -0.999743 -7.83127e-09
-0.0157033 0.00035635 0.999877

  PixelContainer: 
    ImportImageContainer (0x46796d0)
      RTTI typeinfo:   itk::ImportImageContainer<unsigned long, double>
      Reference Count: 1
      Modified Time: 1575
      Debug: Off
      Object Name: 
      Observers: 
        none
      Pointer: 0x14f03a1d9010
      Container manages memory: true
      Size: 9830400
      Capacity: 9830400

     Weighting = 1
     Sampling strategy = regular
     Number of bins = 32
     Radius = 4
     Sampling percentage  = 0.25
   Transform = Rigid
     Gradient step = 0.1
     Update field sigma (voxel space) = 0
     Total field sigma (voxel space) = 0
     Update field time sigma = 0
     Total field time sigma  = 0
     Number of time indices = 0
     Number of time point samples = 0
Registration using 1 total stages.

Stage 0
  iterations = 1000x500x250x100
  convergence threshold = 1e-06
  convergence window size = 10
  number of levels = 4
  using the Mattes MI metric (number of bins = 32, weight = 1, use gradient filter = 0)
  preprocessing:  winsorizing the image intensities
  Shrink factors (level 1 out of 4): [8, 8, 8]
  Shrink factors (level 2 out of 4): [4, 4, 4]
  Shrink factors (level 3 out of 4): [2, 2, 2]
  Shrink factors (level 4 out of 4): [1, 1, 1]
  smoothing sigmas per level: [3, 2, 1, 0]
  regular sampling (percentage = 0.25)

*** Running Euler3DTransform registration ***

DIAGNOSTIC,Iteration,metricValue,convergenceValue,ITERATION_TIME_INDEX,SINCE_LAST
 2DIAGNOSTIC,     1, -4.770821406565e-01, 1.797693134862e+308, 9.2642e-01, 9.2642e-01, 
 2DIAGNOSTIC,     2, -4.784216133942e-01, 1.797693134862e+308, 9.3101e-01, 4.5819e-03, 
 2DIAGNOSTIC,     3, -4.807043200681e-01, 1.797693134862e+308, 9.3551e-01, 4.5052e-03, 
 2DIAGNOSTIC,     4, -4.840264478065e-01, 1.797693134862e+308, 9.3987e-01, 4.3559e-03, 
 2DIAGNOSTIC,     5, -4.883050305770e-01, 1.797693134862e+308, 9.4442e-01, 4.5471e-03, 
 2DIAGNOSTIC,     6, -4.953560426371e-01, 1.797693134862e+308, 9.4956e-01, 5.1460e-03, 
 2DIAGNOSTIC,     7, -5.007350570384e-01, 1.797693134862e+308, 9.5395e-01, 4.3871e-03, 
 2DIAGNOSTIC,     8, -5.013278569503e-01, 1.797693134862e+308, 9.5839e-01, 4.4439e-03, 
 2DIAGNOSTIC,     9, -5.085255256006e-01, 1.797693134862e+308, 9.6421e-01, 5.8141e-03, 
 2DIAGNOSTIC,    10, -5.161992633656e-01, 5.125196520979e-03, 9.7081e-01, 6.6071e-03, 
 2DIAGNOSTIC,    11, -5.167072941437e-01, 4.879252931146e-03, 9.7543e-01, 4.6201e-03, 
 2DIAGNOSTIC,    12, -5.203629876260e-01, 4.481282734468e-03, 9.8007e-01, 4.6339e-03, 
 2DIAGNOSTIC,    13, -5.229718709777e-01, 3.958672533579e-03, 9.8467e-01, 4.6041e-03, 
 2DIAGNOSTIC,    14, -5.250338110829e-01, 3.368007801723e-03, 9.8999e-01, 5.3229e-03, 
 2DIAGNOSTIC,    15, -5.272078697648e-01, 2.786121483393e-03, 9.9679e-01, 6.7990e-03, 
 2DIAGNOSTIC,    16, -5.275715603978e-01, 2.284098302166e-03, 1.0012e+00, 4.4200e-03, 
 2DIAGNOSTIC,    17, -5.282507656511e-01, 1.839921123743e-03, 1.0058e+00, 4.6000e-03, 
 2DIAGNOSTIC,    18, -5.289722876066e-01, 1.313912041899e-03, 1.0108e+00, 4.9450e-03, 
 2DIAGNOSTIC,    19, -5.292207410111e-01, 9.370568707361e-04, 1.0164e+00, 5.6050e-03, 
 2DIAGNOSTIC,    20, -5.294476960672e-01, 7.341365573346e-04, 1.0213e+00, 4.9481e-03, 
 2DIAGNOSTIC,    21, -5.294955840903e-01, 4.966190831869e-04, 1.0258e+00, 4.4551e-03, 
 2DIAGNOSTIC,    22, -5.295366245031e-01, 3.281311959319e-04, 1.0308e+00, 5.0309e-03, 
 2DIAGNOSTIC,    23, -5.295376311909e-01, 2.063244245646e-04, 1.0357e+00, 4.8881e-03, 
 2DIAGNOSTIC,    24, -5.295911249027e-01, 1.234508389531e-04, 1.0406e+00, 4.8940e-03, 
 2DIAGNOSTIC,    25, -5.296271130648e-01, 8.499150549816e-05, 1.0457e+00, 5.0941e-03, 
 2DIAGNOSTIC,    26, -5.296539599384e-01, 4.983583932659e-05, 1.0507e+00, 4.9889e-03, 
 2DIAGNOSTIC,    27, -5.297704229810e-01, 2.877322816038e-05, 1.0552e+00, 4.5452e-03, 
 2DIAGNOSTIC,    28, -5.299884954869e-01, 2.504887532784e-05, 1.0613e+00, 6.0990e-03, 
 2DIAGNOSTIC,    29, -5.300854192462e-01, 2.569611953264e-05, 1.0663e+00, 4.9782e-03, 
 2DIAGNOSTIC,    30, -5.300410324622e-01, 2.732899345292e-05, 1.0707e+00, 4.4291e-03, 
 2DIAGNOSTIC,    31, -5.300376932142e-01, 2.724560549301e-05, 1.0753e+00, 4.5581e-03, 
 2DIAGNOSTIC,    32, -5.301686264233e-01, 2.763232919636e-05, 1.0798e+00, 4.4909e-03, 
 2DIAGNOSTIC,    33, -5.303926738419e-01, 2.905769096905e-05, 1.0852e+00, 5.4700e-03, 
 2DIAGNOSTIC,    34, -5.304519664599e-01, 2.945835348190e-05, 1.0907e+00, 5.4212e-03, 
 2DIAGNOSTIC,    35, -5.305073139182e-01, 2.868169328261e-05, 1.0951e+00, 4.4849e-03, 
 2DIAGNOSTIC,    36, -5.305686017147e-01, 2.670517372932e-05, 1.0995e+00, 4.3981e-03, 
 2DIAGNOSTIC,    37, -5.306602858941e-01, 2.533264912042e-05, 1.1055e+00, 5.9369e-03, 
 2DIAGNOSTIC,    38, -5.306881156230e-01, 2.512162424596e-05, 1.1100e+00, 4.4920e-03, 
 2DIAGNOSTIC,    39, -5.307317416634e-01, 2.461885298351e-05, 1.1143e+00, 4.3349e-03, 
 2DIAGNOSTIC,    40, -5.308225091353e-01, 2.257034276161e-05, 1.1202e+00, 5.8541e-03, 
 2DIAGNOSTIC,    41, -5.308460424125e-01, 1.877385526199e-05, 1.1245e+00, 4.3650e-03, 
 2DIAGNOSTIC,    42, -5.308561837321e-01, 1.520831957582e-05, 1.1290e+00, 4.4539e-03, 
 2DIAGNOSTIC,    43, -5.308777649273e-01, 1.355835177545e-05, 1.1334e+00, 4.3778e-03, 
 2DIAGNOSTIC,    44, -5.309114036110e-01, 1.190613944698e-05, 1.1378e+00, 4.4029e-03, 
 2DIAGNOSTIC,    45, -5.310262965518e-01, 1.129423566914e-05, 1.1448e+00, 7.0641e-03, 
 2DIAGNOSTIC,    46, -5.310374074445e-01, 1.049838942293e-05, 1.1492e+00, 4.3471e-03, 
 2DIAGNOSTIC,    47, -5.310434720121e-01, 9.962263452346e-06, 1.1535e+00, 4.3659e-03, 
 2DIAGNOSTIC,    48, -5.310518853633e-01, 8.989886108278e-06, 1.1579e+00, 4.3731e-03, 
 2DIAGNOSTIC,    49, -5.310584329536e-01, 7.783359502210e-06, 1.1638e+00, 5.8889e-03, 
 2DIAGNOSTIC,    50, -5.310645817646e-01, 6.973833584025e-06, 1.1699e+00, 6.1390e-03, 
 2DIAGNOSTIC,    51, -5.310656430618e-01, 5.851695600457e-06, 1.1745e+00, 4.5352e-03, 
 2DIAGNOSTIC,    52, -5.310738190002e-01, 4.481863509813e-06, 1.1793e+00, 4.8380e-03, 
 2DIAGNOSTIC,    53, -5.310768127969e-01, 3.049471521452e-06, 1.1838e+00, 4.4980e-03, 
 2DIAGNOSTIC,    54, -5.310775506016e-01, 1.750844720181e-06, 1.1882e+00, 4.3559e-03, 
 2DIAGNOSTIC,    55, -5.310817434211e-01, 1.565716413097e-06, 1.1926e+00, 4.3931e-03, 
 2DIAGNOSTIC,    56, -5.310870994121e-01, 1.452195857492e-06, 1.1975e+00, 4.9531e-03, 
 2DIAGNOSTIC,    57, -5.310885232962e-01, 1.327089154866e-06, 1.2024e+00, 4.9100e-03, 
 2DIAGNOSTIC,    58, -5.310914487850e-01, 1.238639651055e-06, 1.2073e+00, 4.9140e-03, 
 2DIAGNOSTIC,    59, -5.311015678587e-01, 1.240623596601e-06, 1.2131e+00, 5.7669e-03, 
 2DIAGNOSTIC,    60, -5.311021904297e-01, 1.235244578950e-06, 1.2180e+00, 4.9241e-03, 
 2DIAGNOSTIC,    61, -5.311059901820e-01, 1.204917779114e-06, 1.2446e+00, 2.6538e-02, 
 2DIAGNOSTIC,    62, -5.311059901659e-01, 1.182103197377e-06, 1.2602e+00, 1.5650e-02, 
 2DIAGNOSTIC,    63, -5.311059901659e-01, 1.122797857744e-06, 1.2659e+00, 5.6760e-03, 
 2DIAGNOSTIC,    64, -5.311059901659e-01, 1.011506956389e-06, 1.2711e+00, 5.2168e-03, 
DIAGNOSTIC,Iteration,metricValue,convergenceValue,ITERATION_TIME_INDEX,SINCE_LAST
 2DIAGNOSTIC,     1, -4.295258231625e-01, 1.797693134862e+308, 1.9733e+00, 7.0223e-01, 
 2DIAGNOSTIC,     2, -4.302859640432e-01, 1.797693134862e+308, 2.0036e+00, 3.0230e-02, 
 2DIAGNOSTIC,     3, -4.309651196675e-01, 1.797693134862e+308, 2.0342e+00, 3.0604e-02, 
 2DIAGNOSTIC,     4, -4.317164347764e-01, 1.797693134862e+308, 2.0645e+00, 3.0351e-02, 
 2DIAGNOSTIC,     5, -4.325561938345e-01, 1.797693134862e+308, 2.0943e+00, 2.9831e-02, 
 2DIAGNOSTIC,     6, -4.341819580778e-01, 1.797693134862e+308, 2.1256e+00, 3.1235e-02, 
 2DIAGNOSTIC,     7, -4.354327949460e-01, 1.797693134862e+308, 2.1551e+00, 2.9476e-02, 
 2DIAGNOSTIC,     8, -4.367134834400e-01, 1.797693134862e+308, 2.1881e+00, 3.3051e-02, 
 2DIAGNOSTIC,     9, -4.377076816052e-01, 1.797693134862e+308, 2.2300e+00, 4.1853e-02, 
 2DIAGNOSTIC,    10, -4.379510214292e-01, 1.375954781897e-03, 2.2599e+00, 2.9888e-02, 
 2DIAGNOSTIC,    11, -4.381306699705e-01, 1.211218579671e-03, 2.2893e+00, 2.9435e-02, 
 2DIAGNOSTIC,    12, -4.403708091231e-01, 1.128184042328e-03, 2.3232e+00, 3.3896e-02, 
 2DIAGNOSTIC,    13, -4.435986505909e-01, 1.148562288808e-03, 2.3616e+00, 3.8375e-02, 
 2DIAGNOSTIC,    14, -4.436199448302e-01, 1.094787363650e-03, 2.3911e+00, 2.9545e-02, 
 2DIAGNOSTIC,    15, -4.445052017399e-01, 1.025845794228e-03, 2.4210e+00, 2.9912e-02, 
 2DIAGNOSTIC,    16, -4.479362667347e-01, 1.077370593388e-03, 2.4670e+00, 4.6004e-02, 
 2DIAGNOSTIC,    17, -4.481475950966e-01, 1.073587591795e-03, 2.5033e+00, 3.6245e-02, 
 2DIAGNOSTIC,    18, -4.482020490498e-01, 1.018146304378e-03, 2.5390e+00, 3.5758e-02, 
 2DIAGNOSTIC,    19, -4.481966708772e-01, 9.107728240549e-04, 2.5982e+00, 5.9220e-02, 
 2DIAGNOSTIC,    20, -4.481953336096e-01, 7.394369057573e-04, 2.6296e+00, 3.1335e-02, 
 2DIAGNOSTIC,    21, -4.481954334358e-01, 5.189437698553e-04, 2.6703e+00, 4.0710e-02, 
 2DIAGNOSTIC,    22, -4.482018534034e-01, 3.337448808866e-04, 2.7047e+00, 3.4373e-02, 
 2DIAGNOSTIC,    23, -4.481921491897e-01, 2.259319889427e-04, 2.7349e+00, 3.0284e-02, 
 2DIAGNOSTIC,    24, -4.482074312944e-01, 1.077320614612e-04, 2.7693e+00, 3.4398e-02, 
 2DIAGNOSTIC,    25, -4.482144439011e-01, 9.691655774031e-06, 2.8030e+00, 3.3680e-02, 
 2DIAGNOSTIC,    26, -4.482116709946e-01, 3.273678848649e-06, 2.8355e+00, 3.2456e-02, 
 2DIAGNOSTIC,    27, -4.482088353431e-01, 2.084625229999e-06, 2.8678e+00, 3.2309e-02, 
 2DIAGNOSTIC,    28, -4.482139219809e-01, 2.274302739046e-06, 2.8958e+00, 2.7979e-02, 
 2DIAGNOSTIC,    29, -4.482420866163e-01, 2.842584491722e-06, 2.9285e+00, 3.2769e-02, 
 2DIAGNOSTIC,    30, -4.482455732452e-01, 3.232685060563e-06, 2.9598e+00, 3.1311e-02, 
 2DIAGNOSTIC,    31, -4.482405886203e-01, 3.298136835687e-06, 2.9884e+00, 2.8584e-02, 
 2DIAGNOSTIC,    32, -4.482290914616e-01, 3.068920276600e-06, 3.0177e+00, 2.9226e-02, 
 2DIAGNOSTIC,    33, -4.482261087170e-01, 2.406543071334e-06, 3.0505e+00, 3.2886e-02, 
 2DIAGNOSTIC,    34, -4.482147421002e-01, 1.704267103400e-06, 3.0820e+00, 3.1443e-02, 
 2DIAGNOSTIC,    35, -4.482170221373e-01, 1.142410867305e-06, 3.1101e+00, 2.8158e-02, 
DIAGNOSTIC,Iteration,metricValue,convergenceValue,ITERATION_TIME_INDEX,SINCE_LAST
 2DIAGNOSTIC,     1, -3.932184618408e-01, 1.797693134862e+308, 4.2652e+00, 1.1551e+00, 
 2DIAGNOSTIC,     2, -3.933350080349e-01, 1.797693134862e+308, 4.5153e+00, 2.5011e-01, 
 2DIAGNOSTIC,     3, -3.934316047236e-01, 1.797693134862e+308, 4.7630e+00, 2.4772e-01, 
 2DIAGNOSTIC,     4, -3.934445201188e-01, 1.797693134862e+308, 5.0917e+00, 3.2862e-01, 
 2DIAGNOSTIC,     5, -3.934561040888e-01, 1.797693134862e+308, 5.3749e+00, 2.8324e-01, 
 2DIAGNOSTIC,     6, -3.934557399937e-01, 1.797693134862e+308, 5.6755e+00, 3.0059e-01, 
 2DIAGNOSTIC,     7, -3.934568947382e-01, 1.797693134862e+308, 6.0973e+00, 4.2182e-01, 
 2DIAGNOSTIC,     8, -3.934560026197e-01, 1.797693134862e+308, 6.3410e+00, 2.4373e-01, 
 2DIAGNOSTIC,     9, -3.934553706907e-01, 1.797693134862e+308, 6.6645e+00, 3.2348e-01, 
 2DIAGNOSTIC,    10, -3.934548435289e-01, 2.950388377544e-05, 6.9456e+00, 2.8102e-01, 
 2DIAGNOSTIC,    11, -3.934535150326e-01, 1.251787797513e-05, 7.2412e+00, 2.9566e-01, 
 2DIAGNOSTIC,    12, -3.934529103246e-01, 4.334107514131e-06, 7.5159e+00, 2.7468e-01, 
 2DIAGNOSTIC,    13, -3.934523311810e-01, 2.580302311594e-06, 7.7618e+00, 2.4592e-01, 
 2DIAGNOSTIC,    14, -3.934518640366e-01, 1.691075488294e-06, 8.0592e+00, 2.9734e-01, 
 2DIAGNOSTIC,    15, -3.934519733898e-01, 1.537715195704e-06, 8.3258e+00, 2.6661e-01, 
 2DIAGNOSTIC,    16, -3.934513609015e-01, 1.410839994512e-06, 8.5706e+00, 2.4488e-01, 
 2DIAGNOSTIC,    17, -3.934508379728e-01, 1.380509554977e-06, 8.8281e+00, 2.5747e-01, 
 2DIAGNOSTIC,    18, -3.934502559215e-01, 1.340256898325e-06, 9.0521e+00, 2.2399e-01, 
 2DIAGNOSTIC,    19, -3.934497851210e-01, 1.301860441220e-06, 9.3064e+00, 2.5429e-01, 
 2DIAGNOSTIC,    20, -3.934499621087e-01, 1.290039359669e-06, 9.5272e+00, 2.2085e-01, 
 2DIAGNOSTIC,    21, -3.934502604384e-01, 1.271710273136e-06, 9.7541e+00, 2.2686e-01, 
 2DIAGNOSTIC,    22, -3.934498715053e-01, 1.245514188238e-06, 1.0010e+01, 2.5598e-01, 
 2DIAGNOSTIC,    23, -3.934501306688e-01, 1.231426893074e-06, 1.0284e+01, 2.7358e-01, 
 2DIAGNOSTIC,    24, -3.934495535158e-01, 1.200792349040e-06, 1.0512e+01, 2.2785e-01, 
 2DIAGNOSTIC,    25, -3.934490927070e-01, 1.174527746832e-06, 1.0735e+01, 2.2300e-01, 
 2DIAGNOSTIC,    26, -3.934495815749e-01, 1.156238079884e-06, 1.0997e+01, 2.6282e-01, 
 2DIAGNOSTIC,    27, -3.934510332345e-01, 1.170201593390e-06, 1.1285e+01, 2.8776e-01, 
 2DIAGNOSTIC,    28, -3.934498669716e-01, 1.138213959723e-06, 1.1546e+01, 2.6113e-01, 
 2DIAGNOSTIC,    29, -3.934494067378e-01, 1.086573197383e-06, 1.1804e+01, 2.5800e-01, 
 2DIAGNOSTIC,    30, -3.934490070463e-01, 1.034518185353e-06, 1.2091e+01, 2.8696e-01, 
 2DIAGNOSTIC,    31, -3.934493551681e-01, 1.002859585465e-06, 1.2349e+01, 2.5734e-01, 
 2DIAGNOSTIC,    32, -3.934514388454e-01, 1.012149902939e-06, 1.2646e+01, 2.9795e-01, 
 2DIAGNOSTIC,    33, -3.934519791138e-01, 1.036071938049e-06, 1.2869e+01, 2.2217e-01, 
 2DIAGNOSTIC,    34, -3.934514161514e-01, 1.029042935183e-06, 1.3126e+01, 2.5714e-01, 
 2DIAGNOSTIC,    35, -3.934525147898e-01, 1.027695437483e-06, 1.3384e+01, 2.5866e-01, 
 2DIAGNOSTIC,    36, -3.934539683490e-01, 1.051995592246e-06, 1.3686e+01, 3.0117e-01, 
 2DIAGNOSTIC,    37, -3.934536116933e-01, 1.079271433137e-06, 1.3940e+01, 2.5447e-01, 
 2DIAGNOSTIC,    38, -3.934525130323e-01, 1.042002345897e-06, 1.4198e+01, 2.5828e-01, 
DIAGNOSTIC,Iteration,metricValue,convergenceValue,ITERATION_TIME_INDEX,SINCE_LAST
 2DIAGNOSTIC,     1, -3.660000231732e-01, 1.797693134862e+308, 1.6643e+01, 2.4450e+00, 
 2DIAGNOSTIC,     2, -3.661006044657e-01, 1.797693134862e+308, 1.8165e+01, 1.5219e+00, 
 2DIAGNOSTIC,     3, -3.661940053351e-01, 1.797693134862e+308, 1.9667e+01, 1.5013e+00, 
 2DIAGNOSTIC,     4, -3.662025643834e-01, 1.797693134862e+308, 2.2143e+01, 2.4762e+00, 
 2DIAGNOSTIC,     5, -3.662022977254e-01, 1.797693134862e+308, 2.3961e+01, 1.8185e+00, 
 2DIAGNOSTIC,     6, -3.662022733119e-01, 1.797693134862e+308, 2.5437e+01, 1.4761e+00, 
 2DIAGNOSTIC,     7, -3.662021510278e-01, 1.797693134862e+308, 2.6916e+01, 1.4786e+00, 
 2DIAGNOSTIC,     8, -3.662021104637e-01, 1.797693134862e+308, 2.8525e+01, 1.6087e+00, 
 2DIAGNOSTIC,     9, -3.662019867479e-01, 1.797693134862e+308, 3.0072e+01, 1.5470e+00, 
 2DIAGNOSTIC,    10, -3.662019340536e-01, 2.615307323670e-05, 3.1459e+01, 1.3870e+00, 
 2DIAGNOSTIC,    11, -3.662019021261e-01, 1.049209134865e-05, 3.3017e+01, 1.5582e+00, 
 2DIAGNOSTIC,    12, -3.662017877710e-01, 3.091361737789e-06, 3.4557e+01, 1.5403e+00, 
 2DIAGNOSTIC,    13, -3.662019075555e-01, 2.358435276364e-06, 3.6061e+01, 1.5035e+00, 
 2DIAGNOSTIC,    14, -3.662018586979e-01, 2.210206226053e-06, 3.7550e+01, 1.4898e+00, 
 2DIAGNOSTIC,    15, -3.662018920005e-01, 2.075386433306e-06, 3.9098e+01, 1.5476e+00, 
 2DIAGNOSTIC,    16, -3.662018421247e-01, 1.958104262761e-06, 4.0635e+01, 1.5369e+00, 
 2DIAGNOSTIC,    17, -3.662017315529e-01, 1.846828495168e-06, 4.2215e+01, 1.5803e+00, 
 2DIAGNOSTIC,    18, -3.662016584414e-01, 1.745449650085e-06, 4.3975e+01, 1.7602e+00, 
 2DIAGNOSTIC,    19, -3.662015876195e-01, 1.648798698795e-06, 4.5541e+01, 1.5656e+00, 
 2DIAGNOSTIC,    20, -3.662013732798e-01, 1.553843701763e-06, 4.7029e+01, 1.4882e+00, 
 2DIAGNOSTIC,    21, -3.662013254806e-01, 1.468744418809e-06, 4.8905e+01, 1.8756e+00, 
 2DIAGNOSTIC,    22, -3.662011170232e-01, 1.384171170446e-06, 5.0489e+01, 1.5844e+00, 
 2DIAGNOSTIC,    23, -3.662008967136e-01, 1.309503418860e-06, 5.1920e+01, 1.4310e+00, 
 2DIAGNOSTIC,    24, -3.662008589153e-01, 1.245216047586e-06, 5.3545e+01, 1.6253e+00, 
 2DIAGNOSTIC,    25, -3.662009022397e-01, 1.195923311562e-06, 5.5123e+01, 1.5779e+00, 
 2DIAGNOSTIC,    26, -3.662008588500e-01, 1.154782471889e-06, 5.6680e+01, 1.5568e+00, 
 2DIAGNOSTIC,    27, -3.662010886822e-01, 1.126687617349e-06, 5.8372e+01, 1.6923e+00, 
 2DIAGNOSTIC,    28, -3.662011544871e-01, 1.105168452913e-06, 5.9958e+01, 1.5851e+00, 
 2DIAGNOSTIC,    29, -3.662007271112e-01, 1.074819797137e-06, 6.1693e+01, 1.7351e+00, 
 2DIAGNOSTIC,    30, -3.662006710165e-01, 1.041888246504e-06, 6.3184e+01, 1.4916e+00, 
 2DIAGNOSTIC,    31, -3.662006079323e-01, 1.010052165247e-06, 6.4710e+01, 1.5255e+00, 
  Elapsed time (stage 0): 6.5532e+01


Total elapsed time: 6.5534e+01
Info [verificarlo]: loaded backend libinterflop_ieee.so
Info [interflop-ieee]: load backend with:
Info [interflop-ieee]: debug = false
Info [interflop-ieee]: debug-binary = false
Info [interflop-ieee]: no-backend-name = false
Info [interflop-ieee]: print-new-line = false
Info [interflop-ieee]: print-subnormal-normalized = false
Info [interflop-ieee]: count-op = false
All_Command_lines_OK
Using double precision for computations.
=============================================================================
The composite transform comprises the following transforms (in order): 
  1. /home/mdugre/scratch/mri-registration-rp/datasets/ds004513/derivatives/mri-registration-rp/0001/antsRegistration-r7-p13/sub-s014/rigid_Composite.h5[0] (type = Euler3DTransform)
  2. /home/mdugre/scratch/mri-registration-rp/datasets/ds004513/derivatives/mri-registration-rp/0001/antsRegistration-r7-p13/sub-s014/rigid_Composite.h5[1] (type = Euler3DTransform)
  3. /home/mdugre/scratch/mri-registration-rp/datasets/ds004513/derivatives/mri-registration-rp/0001/antsRegistration-r7-p13/sub-s014/rigid_Composite.h5[2] (type = Euler3DTransform)
=============================================================================
  number of levels = 4
  fixed image: /templateflow/tpl-MNI152NLin2009cAsym/tpl-MNI152NLin2009cAsym_res-01_desc-brain_T1w.nii.gz
  moving image: /home/mdugre/scratch/mri-registration-rp/datasets/ds004513/derivatives/mri-registration-rp/antsBrainExtraction/sub-s014/BrainExtractionBrain.nii.gz
Dimension = 3
Number of stages = 1
Use histogram matching = false
Winsorize image intensities = true
  Lower quantile = 0.005
  Upper quantile = 0.995


Stage 1 State
   Image metric = MattesMI
     Fixed image = Image (0x506a7e0)
  RTTI typeinfo:   itk::Image<double, 3u>
  Reference Count: 2
  Modified Time: 1594
  Debug: Off
  Object Name: 
  Observers: 
    none
  Source: (none)
  Source output name: (none)
  Release Data: Off
  Data Released: False
  Global Release Data: Off
  PipelineMTime: 0
  UpdateMTime: 1203
  RealTimeStamp: 0 seconds 
  LargestPossibleRegion: 
    Dimension: 3
    Index: [0, 0, 0]
    Size: [193, 229, 193]
  BufferedRegion: 
    Dimension: 3
    Index: [0, 0, 0]
    Size: [193, 229, 193]
  RequestedRegion: 
    Dimension: 3
    Index: [0, 0, 0]
    Size: [193, 229, 193]
  Spacing: [1, 1, 1]
  Origin: [96, 132, -78]
  Direction: 
-1 0 0
0 -1 0
0 0 1

  IndexToPointMatrix: 
-1 0 0
0 -1 0
0 0 1

  PointToIndexMatrix: 
-1 0 0
0 -1 0
0 0 1

  Inverse Direction: 
-1 0 0
0 -1 0
0 0 1

  PixelContainer: 
    ImportImageContainer (0x512aa20)
      RTTI typeinfo:   itk::ImportImageContainer<unsigned long, double>
      Reference Count: 1
      Modified Time: 1200
      Debug: Off
      Object Name: 
      Observers: 
        none
      Pointer: 0x148e8aba7010
      Container manages memory: true
      Size: 8530021
      Capacity: 8530021

     Moving image = Image (0x5125d70)
  RTTI typeinfo:   itk::Image<double, 3u>
  Reference Count: 2
  Modified Time: 1595
  Debug: Off
  Object Name: 
  Observers: 
    none
  Source: (none)
  Source output name: (none)
  Release Data: Off
  Data Released: False
  Global Release Data: Off
  PipelineMTime: 0
  UpdateMTime: 1592
  RealTimeStamp: 0 seconds 
  LargestPossibleRegion: 
    Dimension: 3
    Index: [0, 0, 0]
    Size: [160, 240, 256]
  BufferedRegion: 
    Dimension: 3
    Index: [0, 0, 0]
    Size: [160, 240, 256]
  RequestedRegion: 
    Dimension: 3
    Index: [0, 0, 0]
    Size: [160, 240, 256]
  Spacing: [0.999999, 1, 1]
  Origin: [84.1637, 106.709, -120.531]
  Direction: 
-0.999619 -0.0226874 -0.0157033
0.0226846 -0.999743 0.00035635
-0.0157073 -7.8229e-09 0.999877

  IndexToPointMatrix: 
-0.999619 -0.0226874 -0.0157033
0.0226845 -0.999743 0.00035635
-0.0157073 -7.8229e-09 0.999877

  PointToIndexMatrix: 
-0.99962 0.0226846 -0.0157073
-0.0226874 -0.999743 -7.83127e-09
-0.0157033 0.00035635 0.999877

  Inverse Direction: 
-0.999619 0.0226846 -0.0157073
-0.0226874 -0.999743 -7.83127e-09
-0.0157033 0.00035635 0.999877

  PixelContainer: 
    ImportImageContainer (0x50ddc90)
      RTTI typeinfo:   itk::ImportImageContainer<unsigned long, double>
      Reference Count: 1
      Modified Time: 1589
      Debug: Off
      Object Name: 
      Observers: 
        none
      Pointer: 0x148e860a6010
      Container manages memory: true
      Size: 9830400
      Capacity: 9830400

     Weighting = 1
     Sampling strategy = regular
     Number of bins = 32
     Radius = 4
     Sampling percentage  = 0.25
   Transform = Affine
     Gradient step = 0.1
     Update field sigma (voxel space) = 0
     Total field sigma (voxel space) = 0
     Update field time sigma = 0
     Total field time sigma  = 0
     Number of time indices = 0
     Number of time point samples = 0
Registration using 1 total stages.

Stage 0
  iterations = 1000x500x250x100
  convergence threshold = 1e-06
  convergence window size = 10
  number of levels = 4
  using the Mattes MI metric (number of bins = 32, weight = 1, use gradient filter = 0)
  preprocessing:  winsorizing the image intensities
  Shrink factors (level 1 out of 4): [8, 8, 8]
  Shrink factors (level 2 out of 4): [4, 4, 4]
  Shrink factors (level 3 out of 4): [2, 2, 2]
  Shrink factors (level 4 out of 4): [1, 1, 1]
  smoothing sigmas per level: [3, 2, 1, 0]
  regular sampling (percentage = 0.25)

*** Running AffineTransform registration ***

DIAGNOSTIC,Iteration,metricValue,convergenceValue,ITERATION_TIME_INDEX,SINCE_LAST
 2DIAGNOSTIC,     1, -5.239750081264e-01, 1.797693134862e+308, 9.7711e-01, 9.7711e-01, 
 2DIAGNOSTIC,     2, -5.258640011936e-01, 1.797693134862e+308, 9.8305e-01, 5.9471e-03, 
 2DIAGNOSTIC,     3, -5.291088179121e-01, 1.797693134862e+308, 9.8869e-01, 5.6419e-03, 
 2DIAGNOSTIC,     4, -5.347710739728e-01, 1.797693134862e+308, 9.9418e-01, 5.4829e-03, 
 2DIAGNOSTIC,     5, -5.449383435804e-01, 1.797693134862e+308, 9.9927e-01, 5.0950e-03, 
 2DIAGNOSTIC,     6, -6.215306045328e-01, 1.797693134862e+308, 1.0044e+00, 5.1479e-03, 
 2DIAGNOSTIC,     7, -6.633610818384e-01, 1.797693134862e+308, 1.0098e+00, 5.3601e-03, 
 2DIAGNOSTIC,     8, -7.298997340676e-01, 1.797693134862e+308, 1.0170e+00, 7.2589e-03, 
 2DIAGNOSTIC,     9, -7.422520710390e-01, 1.797693134862e+308, 1.0224e+00, 5.3132e-03, 
 2DIAGNOSTIC,    10, -7.541337969961e-01, 2.915590055542e-02, 1.0279e+00, 5.5399e-03, 
 2DIAGNOSTIC,    11, -7.649021674909e-01, 2.764846955619e-02, 1.0342e+00, 6.2659e-03, 
 2DIAGNOSTIC,    12, -7.741613347417e-01, 2.434790675591e-02, 1.0417e+00, 7.5428e-03, 
 2DIAGNOSTIC,    13, -7.770750356882e-01, 1.968341442138e-02, 1.0478e+00, 6.0699e-03, 
 2DIAGNOSTIC,    14, -7.814241411116e-01, 1.436951528358e-02, 1.0532e+00, 5.4600e-03, 
 2DIAGNOSTIC,    15, -7.874240634979e-01, 9.014359558845e-03, 1.0602e+00, 6.9659e-03, 
 2DIAGNOSTIC,    16, -7.920939929659e-01, 5.733376387816e-03, 1.0657e+00, 5.4920e-03, 
 2DIAGNOSTIC,    17, -7.957348661685e-01, 3.442742123492e-03, 1.0713e+00, 5.6012e-03, 
 2DIAGNOSTIC,    18, -8.010582248673e-01, 2.769037785072e-03, 1.0782e+00, 6.8998e-03, 
 2DIAGNOSTIC,    19, -8.020626313587e-01, 2.204714071814e-03, 1.0843e+00, 6.0771e-03, 
 2DIAGNOSTIC,    20, -8.025889260511e-01, 1.748788804404e-03, 1.0898e+00, 5.4920e-03, 
 2DIAGNOSTIC,    21, -8.047952869505e-01, 1.424937830984e-03, 1.0957e+00, 5.8990e-03, 
 2DIAGNOSTIC,    22, -8.088023493221e-01, 1.241478785544e-03, 1.1027e+00, 7.0519e-03, 
 2DIAGNOSTIC,    23, -8.108236276770e-01, 1.042932077643e-03, 1.1082e+00, 5.4572e-03, 
 2DIAGNOSTIC,    24, -8.126166876184e-01, 8.657079971607e-04, 1.1137e+00, 5.5110e-03, 
 2DIAGNOSTIC,    25, -8.155468817497e-01, 7.639966343627e-04, 1.1198e+00, 6.1071e-03, 
 2DIAGNOSTIC,    26, -8.215049961134e-01, 7.575054325874e-04, 1.1253e+00, 5.4979e-03, 
 2DIAGNOSTIC,    27, -8.250944859955e-01, 7.799806339410e-04, 1.1315e+00, 6.2559e-03, 
 2DIAGNOSTIC,    28, -8.289021887214e-01, 8.531757424119e-04, 1.1390e+00, 7.4408e-03, 
 2DIAGNOSTIC,    29, -8.297292701893e-01, 8.656729481840e-04, 1.1443e+00, 5.3630e-03, 
 2DIAGNOSTIC,    30, -8.333796252938e-01, 8.493367841256e-04, 1.1497e+00, 5.3680e-03, 
 2DIAGNOSTIC,    31, -8.366914564007e-01, 8.193747779341e-04, 1.1557e+00, 5.9521e-03, 
 2DIAGNOSTIC,    32, -8.378495552189e-01, 7.741626716502e-04, 1.1610e+00, 5.3530e-03, 
 2DIAGNOSTIC,    33, -8.386469802443e-01, 6.920613513487e-04, 1.1671e+00, 6.0480e-03, 
 2DIAGNOSTIC,    34, -8.393178851408e-01, 5.778648987978e-04, 1.1743e+00, 7.2041e-03, 
 2DIAGNOSTIC,    35, -8.396529072115e-01, 4.499609809755e-04, 1.1796e+00, 5.3580e-03, 
 2DIAGNOSTIC,    36, -8.402321170808e-01, 3.543877248596e-04, 1.1849e+00, 5.3070e-03, 
 2DIAGNOSTIC,    37, -8.406980296433e-01, 2.712158046053e-04, 1.1903e+00, 5.3520e-03, 
 2DIAGNOSTIC,    38, -8.411702667805e-01, 2.097355934840e-04, 1.1962e+00, 5.9071e-03, 
 2DIAGNOSTIC,    39, -8.414254873430e-01, 1.416297004252e-04, 1.2020e+00, 5.8222e-03, 
 2DIAGNOSTIC,    40, -8.415176837685e-01, 9.792426717209e-05, 1.2074e+00, 5.3461e-03, 
 2DIAGNOSTIC,    41, -8.423103362261e-01, 8.421616820177e-05, 1.2134e+00, 5.9919e-03, 
 2DIAGNOSTIC,    42, -8.422560500161e-01, 7.264811209524e-05, 1.2194e+00, 5.9979e-03, 
 2DIAGNOSTIC,    43, -8.424105030459e-01, 6.294540027899e-05, 1.2247e+00, 5.3301e-03, 
 2DIAGNOSTIC,    44, -8.430265922146e-01, 5.860435725262e-05, 1.2407e+00, 1.5975e-02, 
 2DIAGNOSTIC,    45, -8.430265849542e-01, 5.147954825514e-05, 1.2460e+00, 5.2979e-03, 
 2DIAGNOSTIC,    46, -8.430266265820e-01, 4.440426265502e-05, 1.2513e+00, 5.3270e-03, 
 2DIAGNOSTIC,    47, -8.430266969470e-01, 3.709672484772e-05, 1.2566e+00, 5.3239e-03, 
 2DIAGNOSTIC,    48, -8.430268158573e-01, 3.024894330056e-05, 1.2619e+00, 5.3351e-03, 
 2DIAGNOSTIC,    49, -8.430270167391e-01, 2.274081427564e-05, 1.2673e+00, 5.3129e-03, 
 2DIAGNOSTIC,    50, -8.430273557979e-01, 1.395200699348e-05, 1.2726e+00, 5.3039e-03, 
 2DIAGNOSTIC,    51, -8.430279273475e-01, 1.000929006684e-05, 1.2778e+00, 5.2629e-03, 
 2DIAGNOSTIC,    52, -8.430288887252e-01, 4.984199120928e-06, 1.2832e+00, 5.4202e-03, 
DIAGNOSTIC,Iteration,metricValue,convergenceValue,ITERATION_TIME_INDEX,SINCE_LAST
 2DIAGNOSTIC,     1, -6.886316279521e-01, 1.797693134862e+308, 1.9517e+00, 6.6844e-01, 
 2DIAGNOSTIC,     2, -6.892626577241e-01, 1.797693134862e+308, 1.9963e+00, 4.4595e-02, 
 2DIAGNOSTIC,     3, -6.897727700658e-01, 1.797693134862e+308, 2.0481e+00, 5.1829e-02, 
 2DIAGNOSTIC,     4, -6.903062520405e-01, 1.797693134862e+308, 2.0908e+00, 4.2652e-02, 
 2DIAGNOSTIC,     5, -6.913187467919e-01, 1.797693134862e+308, 2.1303e+00, 3.9512e-02, 
 2DIAGNOSTIC,     6, -6.930367009171e-01, 1.797693134862e+308, 2.1759e+00, 4.5677e-02, 
 2DIAGNOSTIC,     7, -6.932232822162e-01, 1.797693134862e+308, 2.2458e+00, 6.9907e-02, 
 2DIAGNOSTIC,     8, -6.932405584021e-01, 1.797693134862e+308, 2.2936e+00, 4.7783e-02, 
 2DIAGNOSTIC,     9, -6.932649253360e-01, 1.797693134862e+308, 2.3358e+00, 4.2203e-02, 
 2DIAGNOSTIC,    10, -6.933055801365e-01, 5.066707485290e-04, 2.3734e+00, 3.7549e-02, 
 2DIAGNOSTIC,    11, -6.933580423767e-01, 3.834113936798e-04, 2.4110e+00, 3.7645e-02, 
 2DIAGNOSTIC,    12, -6.934125329904e-01, 2.700274843502e-04, 2.4487e+00, 3.7640e-02, 
 2DIAGNOSTIC,    13, -6.934690810291e-01, 1.686340706822e-04, 2.4864e+00, 3.7698e-02, 
 2DIAGNOSTIC,    14, -6.936121255126e-01, 8.632958380896e-05, 2.5294e+00, 4.3003e-02, 
 2DIAGNOSTIC,    15, -6.937725009941e-01, 3.807841658059e-05, 2.5943e+00, 6.4884e-02, 
 2DIAGNOSTIC,    16, -6.937740835443e-01, 3.649183432625e-05, 2.6360e+00, 4.1698e-02, 
 2DIAGNOSTIC,    17, -6.937517149967e-01, 3.596263799834e-05, 2.6745e+00, 3.8593e-02, 
 2DIAGNOSTIC,    18, -6.937289168957e-01, 3.226846880486e-05, 2.7106e+00, 3.6050e-02, 
 2DIAGNOSTIC,    19, -6.937194536314e-01, 2.640664114048e-05, 2.7491e+00, 3.8542e-02, 
 2DIAGNOSTIC,    20, -6.937220137541e-01, 1.964818299269e-05, 2.7901e+00, 4.0998e-02, 
 2DIAGNOSTIC,    21, -6.937111945190e-01, 1.267306669601e-05, 2.8270e+00, 3.6862e-02, 
 2DIAGNOSTIC,    22, -6.937012510855e-01, 6.184966265359e-06, 2.8693e+00, 4.2319e-02, 
DIAGNOSTIC,Iteration,metricValue,convergenceValue,ITERATION_TIME_INDEX,SINCE_LAST
 2DIAGNOSTIC,     1, -5.888302278797e-01, 1.797693134862e+308, 4.0850e+00, 1.2157e+00, 
 2DIAGNOSTIC,     2, -5.894214594774e-01, 1.797693134862e+308, 4.4449e+00, 3.5993e-01, 
 2DIAGNOSTIC,     3, -5.901139571480e-01, 1.797693134862e+308, 4.7556e+00, 3.1062e-01, 
 2DIAGNOSTIC,     4, -5.908965285961e-01, 1.797693134862e+308, 5.0910e+00, 3.3543e-01, 
 2DIAGNOSTIC,     5, -5.919564448035e-01, 1.797693134862e+308, 5.4788e+00, 3.8782e-01, 
 2DIAGNOSTIC,     6, -5.937223286582e-01, 1.797693134862e+308, 6.0085e+00, 5.2973e-01, 
 2DIAGNOSTIC,     7, -5.937722930668e-01, 1.797693134862e+308, 6.5155e+00, 5.0692e-01, 
 2DIAGNOSTIC,     8, -5.937728230119e-01, 1.797693134862e+308, 6.9208e+00, 4.0533e-01, 
 2DIAGNOSTIC,     9, -5.937691303214e-01, 1.797693134862e+308, 7.2451e+00, 3.2430e-01, 
 2DIAGNOSTIC,    10, -5.937689994373e-01, 6.244201167801e-04, 7.5831e+00, 3.3807e-01, 
 2DIAGNOSTIC,    11, -5.937688475976e-01, 4.572592032891e-04, 7.9658e+00, 3.8265e-01, 
 2DIAGNOSTIC,    12, -5.937660413234e-01, 3.007995571730e-04, 8.3153e+00, 3.4948e-01, 
 2DIAGNOSTIC,    13, -5.937665179129e-01, 1.678273005425e-04, 8.6469e+00, 3.3166e-01, 
 2DIAGNOSTIC,    14, -5.937650885384e-01, 6.535340612850e-05, 8.9363e+00, 2.8939e-01, 
 2DIAGNOSTIC,    15, -5.937635760310e-01, 3.054016008919e-06, 9.2441e+00, 3.0776e-01, 
 2DIAGNOSTIC,    16, -5.937674869100e-01, 1.471984166251e-06, 9.6064e+00, 3.6228e-01, 
 2DIAGNOSTIC,    17, -5.937658418765e-01, 1.482360131498e-06, 9.9364e+00, 3.2999e-01, 
 2DIAGNOSTIC,    18, -5.937641923792e-01, 1.502755234584e-06, 1.0287e+01, 3.5081e-01, 
