
##########################
# Experiment information #
##########################

EXPERIMENT_NAME: antsRegistration-r8-p12
VFC_BACKENDS: libinterflop_vprec.so --range-binary32=8 --precision-binary32=12 --range-binary64=8 --precision-binary64=12

SIF_IMG: /home/mdugre/projects/rrg-glatard/mdugre/containers/ants-vprec-no_metrics.simg

SUBJECT_ID: s017
INPUT_IMG: /home/mdugre/scratch/mri-registration-rp/datasets/ds004513/derivatives/mri-registration-rp/antsBrainExtraction/sub-s017/BrainExtractionBrain.nii.gz
OUTPUT_DIR: /home/mdugre/scratch/mri-registration-rp/datasets/ds004513/derivatives/mri-registration-rp/0001/antsRegistration-r8-p12/sub-s017

FIXED_IMG: /templateflow/tpl-MNI152NLin2009cAsym/tpl-MNI152NLin2009cAsym_res-01_desc-brain_T1w.nii.gz
DATA_DIR: /home/mdugre/scratch/mri-registration-rp/datasets/ds004513
TEMPLATEFLOW_DIR: /home/mdugre/projects/rrg-glatard/mdugre/templateflow
ITK_GLOBAL_DEFAULT_NUMBER_OF_THREADS: 16
##########################

Info [verificarlo]: loaded backend libinterflop_ieee.so
Info [interflop-ieee]: load backend with:
Info [interflop-ieee]: debug = false
Info [interflop-ieee]: debug-binary = false
Info [interflop-ieee]: no-backend-name = false
Info [interflop-ieee]: print-new-line = false
Info [interflop-ieee]: print-subnormal-normalized = false
Info [interflop-ieee]: count-op = false
All_Command_lines_OK
Using double precision for computations.
=============================================================================
The composite transform comprises the following transforms (in order): 
  1. Center of mass alignment using fixed image: /templateflow/tpl-MNI152NLin2009cAsym/tpl-MNI152NLin2009cAsym_res-01_desc-brain_T1w.nii.gz and moving image: /home/mdugre/scratch/mri-registration-rp/datasets/ds004513/derivatives/mri-registration-rp/antsBrainExtraction/sub-s017/BrainExtractionBrain.nii.gz (type = Euler3DTransform)
=============================================================================
  number of levels = 1
  fixed image: /templateflow/tpl-MNI152NLin2009cAsym/tpl-MNI152NLin2009cAsym_res-01_desc-brain_T1w.nii.gz
  moving image: /home/mdugre/scratch/mri-registration-rp/datasets/ds004513/derivatives/mri-registration-rp/antsBrainExtraction/sub-s017/BrainExtractionBrain.nii.gz
Dimension = 3
Number of stages = 1
Use histogram matching = false
Winsorize image intensities = true
  Lower quantile = 0.005
  Upper quantile = 0.995


Stage 1 State
   Image metric = MattesMI
     Fixed image = Image (0x3aa7e70)
  RTTI typeinfo:   itk::Image<double, 3u>
  Reference Count: 2
  Modified Time: 2334
  Debug: Off
  Object Name: 
  Observers: 
    none
  Source: (none)
  Source output name: (none)
  Release Data: Off
  Data Released: False
  Global Release Data: Off
  PipelineMTime: 0
  UpdateMTime: 1943
  RealTimeStamp: 0 seconds 
  LargestPossibleRegion: 
    Dimension: 3
    Index: [0, 0, 0]
    Size: [193, 229, 193]
  BufferedRegion: 
    Dimension: 3
    Index: [0, 0, 0]
    Size: [193, 229, 193]
  RequestedRegion: 
    Dimension: 3
    Index: [0, 0, 0]
    Size: [193, 229, 193]
  Spacing: [1, 1, 1]
  Origin: [96, 132, -78]
  Direction: 
-1 0 0
0 -1 0
0 0 1

  IndexToPointMatrix: 
-1 0 0
0 -1 0
0 0 1

  PointToIndexMatrix: 
-1 0 0
0 -1 0
0 0 1

  Inverse Direction: 
-1 0 0
0 -1 0
0 0 1

  PixelContainer: 
    ImportImageContainer (0x3ab0c60)
      RTTI typeinfo:   itk::ImportImageContainer<unsigned long, double>
      Reference Count: 1
      Modified Time: 1940
      Debug: Off
      Object Name: 
      Observers: 
        none
      Pointer: 0x14611e5a0010
      Container manages memory: true
      Size: 8530021
      Capacity: 8530021

     Moving image = Image (0x3ab3610)
  RTTI typeinfo:   itk::Image<double, 3u>
  Reference Count: 2
  Modified Time: 2335
  Debug: Off
  Object Name: 
  Observers: 
    none
  Source: (none)
  Source output name: (none)
  Release Data: Off
  Data Released: False
  Global Release Data: Off
  PipelineMTime: 0
  UpdateMTime: 2332
  RealTimeStamp: 0 seconds 
  LargestPossibleRegion: 
    Dimension: 3
    Index: [0, 0, 0]
    Size: [160, 240, 256]
  BufferedRegion: 
    Dimension: 3
    Index: [0, 0, 0]
    Size: [160, 240, 256]
  RequestedRegion: 
    Dimension: 3
    Index: [0, 0, 0]
    Size: [160, 240, 256]
  Spacing: [1, 1, 1]
  Origin: [91.3357, 102.231, -120.042]
  Direction: 
-0.997442 -5.36781e-05 -0.0714818
5.35416e-05 -1 3.82465e-06
-0.0714818 -1.23894e-08 0.997442

  IndexToPointMatrix: 
-0.997444 -5.36781e-05 -0.0714818
5.35418e-05 -1 3.82465e-06
-0.0714819 -1.23894e-08 0.997442

  PointToIndexMatrix: 
-0.99744 5.35415e-05 -0.0714816
-5.36781e-05 -1 -1.23894e-08
-0.0714818 3.82465e-06 0.997442

  Inverse Direction: 
-0.997442 5.35416e-05 -0.0714818
-5.36781e-05 -1 -1.23894e-08
-0.0714818 3.82465e-06 0.997442

  PixelContainer: 
    ImportImageContainer (0x3b4cef0)
      RTTI typeinfo:   itk::ImportImageContainer<unsigned long, double>
      Reference Count: 1
      Modified Time: 2329
      Debug: Off
      Object Name: 
      Observers: 
        none
      Pointer: 0x146119a9f010
      Container manages memory: true
      Size: 9830400
      Capacity: 9830400

     Weighting = 1
     Sampling strategy = regular
     Number of bins = 32
     Radius = 4
     Sampling percentage  = 0.25
   Transform = Rigid
     Gradient step = 0.1
     Update field sigma (voxel space) = 0
     Total field sigma (voxel space) = 0
     Update field time sigma = 0
     Total field time sigma  = 0
     Number of time indices = 0
     Number of time point samples = 0
Registration using 1 total stages.

Stage 0
  iterations = 0
  convergence threshold = 1e-06
  convergence window size = 10
  number of levels = 1
  using the Mattes MI metric (number of bins = 32, weight = 1, use gradient filter = 0)
  preprocessing:  winsorizing the image intensities
  Shrink factors (level 1 out of 1): [1, 1, 1]
  smoothing sigmas per level: [0]
  regular sampling (percentage = 0.25)

*** Running Euler3DTransform registration ***

  Elapsed time (stage 0): 1.15176


Total elapsed time: 1.15673
Info [verificarlo]: loaded backend libinterflop_ieee.so
Info [interflop-ieee]: load backend with:
Info [interflop-ieee]: debug = false
Info [interflop-ieee]: debug-binary = false
Info [interflop-ieee]: no-backend-name = false
Info [interflop-ieee]: print-new-line = false
Info [interflop-ieee]: print-subnormal-normalized = false
Info [interflop-ieee]: count-op = false
All_Command_lines_OK
Using double precision for computations.
=============================================================================
The composite transform comprises the following transforms (in order): 
  1. /home/mdugre/scratch/mri-registration-rp/datasets/ds004513/derivatives/mri-registration-rp/0001/antsRegistration-r8-p12/sub-s017/align_Composite.h5[0] (type = Euler3DTransform)
  2. /home/mdugre/scratch/mri-registration-rp/datasets/ds004513/derivatives/mri-registration-rp/0001/antsRegistration-r8-p12/sub-s017/align_Composite.h5[1] (type = Euler3DTransform)
=============================================================================
  number of levels = 4
  fixed image: /templateflow/tpl-MNI152NLin2009cAsym/tpl-MNI152NLin2009cAsym_res-01_desc-brain_T1w.nii.gz
  moving image: /home/mdugre/scratch/mri-registration-rp/datasets/ds004513/derivatives/mri-registration-rp/antsBrainExtraction/sub-s017/BrainExtractionBrain.nii.gz
Dimension = 3
Number of stages = 1
Use histogram matching = false
Winsorize image intensities = true
  Lower quantile = 0.005
  Upper quantile = 0.995


Stage 1 State
   Image metric = MattesMI
     Fixed image = Image (0x5225530)
  RTTI typeinfo:   itk::Image<double, 3u>
  Reference Count: 2
  Modified Time: 1580
  Debug: Off
  Object Name: 
  Observers: 
    none
  Source: (none)
  Source output name: (none)
  Release Data: Off
  Data Released: False
  Global Release Data: Off
  PipelineMTime: 0
  UpdateMTime: 1189
  RealTimeStamp: 0 seconds 
  LargestPossibleRegion: 
    Dimension: 3
    Index: [0, 0, 0]
    Size: [193, 229, 193]
  BufferedRegion: 
    Dimension: 3
    Index: [0, 0, 0]
    Size: [193, 229, 193]
  RequestedRegion: 
    Dimension: 3
    Index: [0, 0, 0]
    Size: [193, 229, 193]
  Spacing: [1, 1, 1]
  Origin: [96, 132, -78]
  Direction: 
-1 0 0
0 -1 0
0 0 1

  IndexToPointMatrix: 
-1 0 0
0 -1 0
0 0 1

  PointToIndexMatrix: 
-1 0 0
0 -1 0
0 0 1

  Inverse Direction: 
-1 0 0
0 -1 0
0 0 1

  PixelContainer: 
    ImportImageContainer (0x52e3d60)
      RTTI typeinfo:   itk::ImportImageContainer<unsigned long, double>
      Reference Count: 1
      Modified Time: 1186
      Debug: Off
      Object Name: 
      Observers: 
        none
      Pointer: 0x14f035311010
      Container manages memory: true
      Size: 8530021
      Capacity: 8530021

     Moving image = Image (0x52d5f60)
  RTTI typeinfo:   itk::Image<double, 3u>
  Reference Count: 2
  Modified Time: 1581
  Debug: Off
  Object Name: 
  Observers: 
    none
  Source: (none)
  Source output name: (none)
  Release Data: Off
  Data Released: False
  Global Release Data: Off
  PipelineMTime: 0
  UpdateMTime: 1578
  RealTimeStamp: 0 seconds 
  LargestPossibleRegion: 
    Dimension: 3
    Index: [0, 0, 0]
    Size: [160, 240, 256]
  BufferedRegion: 
    Dimension: 3
    Index: [0, 0, 0]
    Size: [160, 240, 256]
  RequestedRegion: 
    Dimension: 3
    Index: [0, 0, 0]
    Size: [160, 240, 256]
  Spacing: [1, 1, 1]
  Origin: [91.3357, 102.231, -120.042]
  Direction: 
-0.997442 -5.36781e-05 -0.0714818
5.35416e-05 -1 3.82465e-06
-0.0714818 -1.23894e-08 0.997442

  IndexToPointMatrix: 
-0.997444 -5.36781e-05 -0.0714818
5.35418e-05 -1 3.82465e-06
-0.0714819 -1.23894e-08 0.997442

  PointToIndexMatrix: 
-0.99744 5.35415e-05 -0.0714816
-5.36781e-05 -1 -1.23894e-08
-0.0714818 3.82465e-06 0.997442

  Inverse Direction: 
-0.997442 5.35416e-05 -0.0714818
-5.36781e-05 -1 -1.23894e-08
-0.0714818 3.82465e-06 0.997442

  PixelContainer: 
    ImportImageContainer (0x52c76d0)
      RTTI typeinfo:   itk::ImportImageContainer<unsigned long, double>
      Reference Count: 1
      Modified Time: 1575
      Debug: Off
      Object Name: 
      Observers: 
        none
      Pointer: 0x14f030810010
      Container manages memory: true
      Size: 9830400
      Capacity: 9830400

     Weighting = 1
     Sampling strategy = regular
     Number of bins = 32
     Radius = 4
     Sampling percentage  = 0.25
   Transform = Rigid
     Gradient step = 0.1
     Update field sigma (voxel space) = 0
     Total field sigma (voxel space) = 0
     Update field time sigma = 0
     Total field time sigma  = 0
     Number of time indices = 0
     Number of time point samples = 0
Registration using 1 total stages.

Stage 0
  iterations = 1000x500x250x100
  convergence threshold = 1e-06
  convergence window size = 10
  number of levels = 4
  using the Mattes MI metric (number of bins = 32, weight = 1, use gradient filter = 0)
  preprocessing:  winsorizing the image intensities
  Shrink factors (level 1 out of 4): [8, 8, 8]
  Shrink factors (level 2 out of 4): [4, 4, 4]
  Shrink factors (level 3 out of 4): [2, 2, 2]
  Shrink factors (level 4 out of 4): [1, 1, 1]
  smoothing sigmas per level: [3, 2, 1, 0]
  regular sampling (percentage = 0.25)

*** Running Euler3DTransform registration ***

DIAGNOSTIC,Iteration,metricValue,convergenceValue,ITERATION_TIME_INDEX,SINCE_LAST
 2DIAGNOSTIC,     1, -5.567767283252e-01, 1.797693134862e+308, 7.5167e-01, 7.5167e-01, 
 2DIAGNOSTIC,     2, -5.584239703569e-01, 1.797693134862e+308, 7.5583e-01, 4.1559e-03, 
 2DIAGNOSTIC,     3, -5.612715515272e-01, 1.797693134862e+308, 7.5982e-01, 3.9911e-03, 
 2DIAGNOSTIC,     4, -5.637780194106e-01, 1.797693134862e+308, 7.6471e-01, 4.8921e-03, 
 2DIAGNOSTIC,     5, -5.658229214212e-01, 1.797693134862e+308, 7.6886e-01, 4.1440e-03, 
 2DIAGNOSTIC,     6, -5.696445468689e-01, 1.797693134862e+308, 7.7287e-01, 4.0121e-03, 
 2DIAGNOSTIC,     7, -5.734118275242e-01, 1.797693134862e+308, 7.7701e-01, 4.1389e-03, 
 2DIAGNOSTIC,     8, -5.754533484979e-01, 1.797693134862e+308, 7.8266e-01, 5.6500e-03, 
 2DIAGNOSTIC,     9, -5.763021950250e-01, 1.797693134862e+308, 7.8656e-01, 3.8989e-03, 
 2DIAGNOSTIC,    10, -5.771142770255e-01, 2.558085388189e-03, 7.9168e-01, 5.1289e-03, 
 2DIAGNOSTIC,    11, -5.785125587612e-01, 2.176117873031e-03, 7.9577e-01, 4.0879e-03, 
 2DIAGNOSTIC,    12, -5.799413348090e-01, 1.786767970983e-03, 8.0037e-01, 4.5969e-03, 
 2DIAGNOSTIC,    13, -5.809477908980e-01, 1.443124036835e-03, 8.0500e-01, 4.6308e-03, 
 2DIAGNOSTIC,    14, -5.814655964876e-01, 1.127354078216e-03, 8.0907e-01, 4.0669e-03, 
 2DIAGNOSTIC,    15, -5.819093877219e-01, 8.331089413526e-04, 8.1362e-01, 4.5512e-03, 
 2DIAGNOSTIC,    16, -5.822326442998e-01, 6.258215683233e-04, 8.1816e-01, 4.5400e-03, 
 2DIAGNOSTIC,    17, -5.825793599843e-01, 5.040365830239e-04, 8.2248e-01, 4.3249e-03, 
 2DIAGNOSTIC,    18, -5.863713925916e-01, 5.095725576650e-04, 8.2668e-01, 4.1959e-03, 
 2DIAGNOSTIC,    19, -5.901617810168e-01, 5.855607354915e-04, 8.3401e-01, 7.3328e-03, 
 2DIAGNOSTIC,    20, -5.906016223816e-01, 6.286272500319e-04, 8.3901e-01, 5.0020e-03, 
 2DIAGNOSTIC,    21, -5.907365705867e-01, 6.467002963849e-04, 8.4350e-01, 4.4880e-03, 
 2DIAGNOSTIC,    22, -5.906256574994e-01, 6.330265936393e-04, 8.4797e-01, 4.4708e-03, 
 2DIAGNOSTIC,    23, -5.906307681711e-01, 5.816453055190e-04, 8.5196e-01, 3.9921e-03, 
 2DIAGNOSTIC,    24, -5.905636622010e-01, 4.878472529233e-04, 8.5595e-01, 3.9871e-03, 
 2DIAGNOSTIC,    25, -5.906024985370e-01, 3.662279783969e-04, 8.6041e-01, 4.4570e-03, 
 2DIAGNOSTIC,    26, -5.906025304324e-01, 2.276984665080e-04, 8.6444e-01, 4.0269e-03, 
 2DIAGNOSTIC,    27, -5.906211320574e-01, 8.394584288812e-05, 8.6842e-01, 3.9890e-03, 
 2DIAGNOSTIC,    28, -5.908796758314e-01, 1.198925031227e-05, 8.7241e-01, 3.9871e-03, 
 2DIAGNOSTIC,    29, -5.911411552396e-01, 1.217108543283e-05, 8.7688e-01, 4.4699e-03, 
 2DIAGNOSTIC,    30, -5.915241330962e-01, 2.456301684493e-05, 8.8287e-01, 5.9850e-03, 
 2DIAGNOSTIC,    31, -5.916229825992e-01, 3.758205306161e-05, 8.8690e-01, 4.0331e-03, 
 2DIAGNOSTIC,    32, -5.916651208817e-01, 4.532975449006e-05, 8.9087e-01, 3.9680e-03, 
 2DIAGNOSTIC,    33, -5.916874987632e-01, 4.885284294450e-05, 8.9485e-01, 3.9790e-03, 
 2DIAGNOSTIC,    34, -5.917053822200e-01, 4.682712858582e-05, 8.9930e-01, 4.4491e-03, 
 2DIAGNOSTIC,    35, -5.917390904868e-01, 4.153275817200e-05, 9.1018e-01, 1.0883e-02, 
 2DIAGNOSTIC,    36, -5.917390912695e-01, 3.272086429299e-05, 9.1415e-01, 3.9740e-03, 
 2DIAGNOSTIC,    37, -5.917391070342e-01, 2.163060314764e-05, 9.1810e-01, 3.9470e-03, 
 2DIAGNOSTIC,    38, -5.917391330930e-01, 1.245673595311e-05, 9.2230e-01, 4.2019e-03, 
 2DIAGNOSTIC,    39, -5.917391754735e-01, 5.801896390052e-06, 9.2628e-01, 3.9780e-03, 
 2DIAGNOSTIC,    40, -5.917392424312e-01, 3.643428652826e-06, 9.3041e-01, 4.1280e-03, 
 2DIAGNOSTIC,    41, -5.917393428829e-01, 2.487109299516e-06, 9.3435e-01, 3.9401e-03, 
 2DIAGNOSTIC,    42, -5.917394845334e-01, 1.715730318007e-06, 9.3825e-01, 3.9022e-03, 
 2DIAGNOSTIC,    43, -5.917396625587e-01, 1.144189315086e-06, 9.4236e-01, 4.1089e-03, 
DIAGNOSTIC,Iteration,metricValue,convergenceValue,ITERATION_TIME_INDEX,SINCE_LAST
 2DIAGNOSTIC,     1, -4.784004501424e-01, 1.797693134862e+308, 1.6994e+00, 7.5700e-01, 
 2DIAGNOSTIC,     2, -4.783999131493e-01, 1.797693134862e+308, 1.7284e+00, 2.8999e-02, 
 2DIAGNOSTIC,     3, -4.784190365431e-01, 1.797693134862e+308, 1.7606e+00, 3.2233e-02, 
 2DIAGNOSTIC,     4, -4.785028756516e-01, 1.797693134862e+308, 1.7901e+00, 2.9539e-02, 
 2DIAGNOSTIC,     5, -4.786647485436e-01, 1.797693134862e+308, 1.8189e+00, 2.8740e-02, 
 2DIAGNOSTIC,     6, -4.788099932965e-01, 1.797693134862e+308, 1.8481e+00, 2.9227e-02, 
 2DIAGNOSTIC,     7, -4.794645847223e-01, 1.797693134862e+308, 1.8772e+00, 2.9080e-02, 
 2DIAGNOSTIC,     8, -4.813619171757e-01, 1.797693134862e+308, 1.9191e+00, 4.1976e-02, 
 2DIAGNOSTIC,     9, -4.817935635330e-01, 1.797693134862e+308, 1.9519e+00, 3.2775e-02, 
 2DIAGNOSTIC,    10, -4.822647496885e-01, 5.583367503795e-04, 1.9801e+00, 2.8201e-02, 
 2DIAGNOSTIC,    11, -4.831344909909e-01, 6.366384573865e-04, 2.0122e+00, 3.2095e-02, 
 2DIAGNOSTIC,    12, -4.835768992597e-01, 6.653898034904e-04, 2.0628e+00, 5.0586e-02, 
 2DIAGNOSTIC,    13, -4.835677565328e-01, 6.290342969196e-04, 2.1013e+00, 3.8455e-02, 
 2DIAGNOSTIC,    14, -4.835733047845e-01, 5.452729208171e-04, 2.1442e+00, 4.2963e-02, 
 2DIAGNOSTIC,    15, -4.835701547256e-01, 4.305772096395e-04, 2.1835e+00, 3.9227e-02, 
 2DIAGNOSTIC,    16, -4.835566913011e-01, 2.956272804543e-04, 2.2246e+00, 4.1099e-02, 
 2DIAGNOSTIC,    17, -4.835523104092e-01, 1.703980275627e-04, 2.2638e+00, 3.9200e-02, 
 2DIAGNOSTIC,    18, -4.835483887836e-01, 1.058854946390e-04, 2.3000e+00, 3.6272e-02, 
 2DIAGNOSTIC,    19, -4.835469915474e-01, 5.203914178136e-05, 2.3385e+00, 3.8526e-02, 
 2DIAGNOSTIC,    20, -4.835401827380e-01, 1.204163302523e-05, 2.3758e+00, 3.7267e-02, 
DIAGNOSTIC,Iteration,metricValue,convergenceValue,ITERATION_TIME_INDEX,SINCE_LAST
 2DIAGNOSTIC,     1, -4.161561167870e-01, 1.797693134862e+308, 3.6012e+00, 1.2254e+00, 
 2DIAGNOSTIC,     2, -4.161756893439e-01, 1.797693134862e+308, 3.9431e+00, 3.4191e-01, 
 2DIAGNOSTIC,     3, -4.161696114509e-01, 1.797693134862e+308, 4.2406e+00, 2.9751e-01, 
 2DIAGNOSTIC,     4, -4.161681503553e-01, 1.797693134862e+308, 4.6536e+00, 4.1296e-01, 
 2DIAGNOSTIC,     5, -4.161678896602e-01, 1.797693134862e+308, 4.9207e+00, 2.6714e-01, 
 2DIAGNOSTIC,     6, -4.161669123585e-01, 1.797693134862e+308, 5.1810e+00, 2.6030e-01, 
 2DIAGNOSTIC,     7, -4.161667485643e-01, 1.797693134862e+308, 5.4305e+00, 2.4948e-01, 
 2DIAGNOSTIC,     8, -4.161656816016e-01, 1.797693134862e+308, 5.6499e+00, 2.1938e-01, 
 2DIAGNOSTIC,     9, -4.161650043538e-01, 1.797693134862e+308, 5.8975e+00, 2.4770e-01, 
 2DIAGNOSTIC,    10, -4.161655463814e-01, 2.943366632785e-06, 6.1884e+00, 2.9084e-01, 
 2DIAGNOSTIC,    11, -4.161636420995e-01, 1.720591498486e-06, 6.4571e+00, 2.6867e-01, 
 2DIAGNOSTIC,    12, -4.161624970809e-01, 1.867462473340e-06, 6.7135e+00, 2.5646e-01, 
 2DIAGNOSTIC,    13, -4.161615819745e-01, 1.698398059718e-06, 6.9811e+00, 2.6759e-01, 
 2DIAGNOSTIC,    14, -4.161624603295e-01, 1.592444846446e-06, 7.2513e+00, 2.7018e-01, 
 2DIAGNOSTIC,    15, -4.161620529814e-01, 1.530180437484e-06, 7.5151e+00, 2.6376e-01, 
 2DIAGNOSTIC,    16, -4.161603835107e-01, 1.417836919274e-06, 7.7565e+00, 2.4140e-01, 
 2DIAGNOSTIC,    17, -4.161625251482e-01, 1.455414120409e-06, 8.0130e+00, 2.5655e-01, 
 2DIAGNOSTIC,    18, -4.161617349626e-01, 1.453854864109e-06, 8.2336e+00, 2.2063e-01, 
 2DIAGNOSTIC,    19, -4.161656140594e-01, 1.594928504857e-06, 8.5124e+00, 2.7876e-01, 
 2DIAGNOSTIC,    20, -4.161678254531e-01, 1.821576328623e-06, 8.8815e+00, 3.6912e-01, 
 2DIAGNOSTIC,    21, -4.161672172261e-01, 1.924327026538e-06, 9.1419e+00, 2.6040e-01, 
 2DIAGNOSTIC,    22, -4.161665846124e-01, 1.927748311689e-06, 9.3824e+00, 2.4049e-01, 
 2DIAGNOSTIC,    23, -4.161660793967e-01, 1.843028035631e-06, 9.7059e+00, 3.2347e-01, 
 2DIAGNOSTIC,    24, -4.161655365534e-01, 1.730448868392e-06, 9.9656e+00, 2.5974e-01, 
 2DIAGNOSTIC,    25, -4.161651834947e-01, 1.568353733987e-06, 1.0231e+01, 2.6579e-01, 
 2DIAGNOSTIC,    26, -4.161660037666e-01, 1.368374529624e-06, 1.0572e+01, 3.4038e-01, 
 2DIAGNOSTIC,    27, -4.161651045497e-01, 1.203105050050e-06, 1.0863e+01, 2.9140e-01, 
 2DIAGNOSTIC,    28, -4.161679884898e-01, 1.097088639775e-06, 1.1126e+01, 2.6258e-01, 
 2DIAGNOSTIC,    29, -4.161710849648e-01, 1.162831215429e-06, 1.1382e+01, 2.5607e-01, 
 2DIAGNOSTIC,    30, -4.161703640305e-01, 1.250475689524e-06, 1.1660e+01, 2.7771e-01, 
 2DIAGNOSTIC,    31, -4.161708142911e-01, 1.313167806563e-06, 1.1956e+01, 2.9620e-01, 
 2DIAGNOSTIC,    32, -4.161710089265e-01, 1.336085265202e-06, 1.2194e+01, 2.3784e-01, 
 2DIAGNOSTIC,    33, -4.161749613449e-01, 1.395595230345e-06, 1.2462e+01, 2.6799e-01, 
 2DIAGNOSTIC,    34, -4.161777487505e-01, 1.452526299094e-06, 1.2706e+01, 2.4468e-01, 
 2DIAGNOSTIC,    35, -4.161792220178e-01, 1.478601720756e-06, 1.3000e+01, 2.9419e-01, 
 2DIAGNOSTIC,    36, -4.161806859649e-01, 1.495439431148e-06, 1.3294e+01, 2.9318e-01, 
 2DIAGNOSTIC,    37, -4.161791778426e-01, 1.407680685111e-06, 1.3536e+01, 2.4247e-01, 
 2DIAGNOSTIC,    38, -4.161838486868e-01, 1.406626893956e-06, 1.3830e+01, 2.9398e-01, 
 2DIAGNOSTIC,    39, -4.161849953101e-01, 1.422742199587e-06, 1.4118e+01, 2.8791e-01, 
 2DIAGNOSTIC,    40, -4.161860914892e-01, 1.386764657878e-06, 1.4458e+01, 3.3994e-01, 
 2DIAGNOSTIC,    41, -4.161854987578e-01, 1.295749597893e-06, 1.4761e+01, 3.0326e-01, 
 2DIAGNOSTIC,    42, -4.161840259990e-01, 1.138573357963e-06, 1.5041e+01, 2.7931e-01, 
 2DIAGNOSTIC,    43, -4.161834049861e-01, 1.004201844138e-06, 1.5272e+01, 2.3193e-01, 
DIAGNOSTIC,Iteration,metricValue,convergenceValue,ITERATION_TIME_INDEX,SINCE_LAST
 2DIAGNOSTIC,     1, -3.834265912357e-01, 1.797693134862e+308, 1.7819e+01, 2.5470e+00, 
 2DIAGNOSTIC,     2, -3.834925053369e-01, 1.797693134862e+308, 1.9408e+01, 1.5887e+00, 
 2DIAGNOSTIC,     3, -3.834978116494e-01, 1.797693134862e+308, 2.1221e+01, 1.8130e+00, 
 2DIAGNOSTIC,     4, -3.835004127740e-01, 1.797693134862e+308, 2.2882e+01, 1.6611e+00, 
 2DIAGNOSTIC,     5, -3.835019582516e-01, 1.797693134862e+308, 2.4776e+01, 1.8937e+00, 
 2DIAGNOSTIC,     6, -3.835049957423e-01, 1.797693134862e+308, 2.6654e+01, 1.8781e+00, 
 2DIAGNOSTIC,     7, -3.835058343723e-01, 1.797693134862e+308, 2.8617e+01, 1.9626e+00, 
 2DIAGNOSTIC,     8, -3.835066498256e-01, 1.797693134862e+308, 3.0549e+01, 1.9327e+00, 
 2DIAGNOSTIC,     9, -3.835062955323e-01, 1.797693134862e+308, 3.2478e+01, 1.9287e+00, 
 2DIAGNOSTIC,    10, -3.835063108997e-01, 1.066660717226e-05, 3.4572e+01, 2.0942e+00, 
 2DIAGNOSTIC,    11, -3.835061571792e-01, 4.747040495218e-06, 3.6900e+01, 2.3279e+00, 
 2DIAGNOSTIC,    12, -3.835060832650e-01, 3.706200485967e-06, 3.8356e+01, 1.4556e+00, 
 2DIAGNOSTIC,    13, -3.835060190722e-01, 3.027826015023e-06, 4.0079e+01, 1.7232e+00, 
 2DIAGNOSTIC,    14, -3.835058638479e-01, 2.523467022647e-06, 4.1752e+01, 1.6732e+00, 
 2DIAGNOSTIC,    15, -3.835058006964e-01, 2.133709242735e-06, 4.3510e+01, 1.7575e+00, 
 2DIAGNOSTIC,    16, -3.835056463972e-01, 1.924177716411e-06, 4.5527e+01, 2.0176e+00, 
 2DIAGNOSTIC,    17, -3.835054775129e-01, 1.773328555825e-06, 4.7091e+01, 1.5635e+00, 
 2DIAGNOSTIC,    18, -3.835053086123e-01, 1.675385376050e-06, 4.8486e+01, 1.3951e+00, 
 2DIAGNOSTIC,    19, -3.835051448145e-01, 1.576051816617e-06, 4.9979e+01, 1.4926e+00, 
 2DIAGNOSTIC,    20, -3.835051658767e-01, 1.497295073018e-06, 5.1380e+01, 1.4014e+00, 
 2DIAGNOSTIC,    21, -3.835053779576e-01, 1.436675312723e-06, 5.2958e+01, 1.5779e+00, 
 2DIAGNOSTIC,    22, -3.835055901415e-01, 1.393331720542e-06, 5.4618e+01, 1.6603e+00, 
 2DIAGNOSTIC,    23, -3.835055251006e-01, 1.354581541969e-06, 5.6223e+01, 1.6054e+00, 
 2DIAGNOSTIC,    24, -3.835054518285e-01, 1.314933130249e-06, 5.7954e+01, 1.7307e+00, 
 2DIAGNOSTIC,    25, -3.835053813426e-01, 1.275595340709e-06, 5.9425e+01, 1.4704e+00, 
 2DIAGNOSTIC,    26, -3.835053141620e-01, 1.232550094585e-06, 6.0957e+01, 1.5325e+00, 
 2DIAGNOSTIC,    27, -3.835053494678e-01, 1.188143192776e-06, 6.2373e+01, 1.4157e+00, 
 2DIAGNOSTIC,    28, -3.835054089356e-01, 1.143229098402e-06, 6.4137e+01, 1.7642e+00, 
 2DIAGNOSTIC,    29, -3.835055814681e-01, 1.101082728008e-06, 6.5668e+01, 1.5311e+00, 
 2DIAGNOSTIC,    30, -3.835053714644e-01, 1.056523026163e-06, 6.7905e+01, 2.2372e+00, 
 2DIAGNOSTIC,    31, -3.835053052292e-01, 1.018740039584e-06, 6.9504e+01, 1.5986e+00, 
  Elapsed time (stage 0): 7.0374e+01


Total elapsed time: 7.0377e+01
Info [verificarlo]: loaded backend libinterflop_ieee.so
Info [interflop-ieee]: load backend with:
Info [interflop-ieee]: debug = false
Info [interflop-ieee]: debug-binary = false
Info [interflop-ieee]: no-backend-name = false
Info [interflop-ieee]: print-new-line = false
Info [interflop-ieee]: print-subnormal-normalized = false
Info [interflop-ieee]: count-op = false
All_Command_lines_OK
Using double precision for computations.
=============================================================================
The composite transform comprises the following transforms (in order): 
  1. /home/mdugre/scratch/mri-registration-rp/datasets/ds004513/derivatives/mri-registration-rp/0001/antsRegistration-r8-p12/sub-s017/rigid_Composite.h5[0] (type = Euler3DTransform)
  2. /home/mdugre/scratch/mri-registration-rp/datasets/ds004513/derivatives/mri-registration-rp/0001/antsRegistration-r8-p12/sub-s017/rigid_Composite.h5[1] (type = Euler3DTransform)
  3. /home/mdugre/scratch/mri-registration-rp/datasets/ds004513/derivatives/mri-registration-rp/0001/antsRegistration-r8-p12/sub-s017/rigid_Composite.h5[2] (type = Euler3DTransform)
=============================================================================
  number of levels = 4
  fixed image: /templateflow/tpl-MNI152NLin2009cAsym/tpl-MNI152NLin2009cAsym_res-01_desc-brain_T1w.nii.gz
  moving image: /home/mdugre/scratch/mri-registration-rp/datasets/ds004513/derivatives/mri-registration-rp/antsBrainExtraction/sub-s017/BrainExtractionBrain.nii.gz
Dimension = 3
Number of stages = 1
Use histogram matching = false
Winsorize image intensities = true
  Lower quantile = 0.005
  Upper quantile = 0.995


Stage 1 State
   Image metric = MattesMI
     Fixed image = Image (0x3e2a7e0)
  RTTI typeinfo:   itk::Image<double, 3u>
  Reference Count: 2
  Modified Time: 1594
  Debug: Off
  Object Name: 
  Observers: 
    none
  Source: (none)
  Source output name: (none)
  Release Data: Off
  Data Released: False
  Global Release Data: Off
  PipelineMTime: 0
  UpdateMTime: 1203
  RealTimeStamp: 0 seconds 
  LargestPossibleRegion: 
    Dimension: 3
    Index: [0, 0, 0]
    Size: [193, 229, 193]
  BufferedRegion: 
    Dimension: 3
    Index: [0, 0, 0]
    Size: [193, 229, 193]
  RequestedRegion: 
    Dimension: 3
    Index: [0, 0, 0]
    Size: [193, 229, 193]
  Spacing: [1, 1, 1]
  Origin: [96, 132, -78]
  Direction: 
-1 0 0
0 -1 0
0 0 1

  IndexToPointMatrix: 
-1 0 0
0 -1 0
0 0 1

  PointToIndexMatrix: 
-1 0 0
0 -1 0
0 0 1

  Inverse Direction: 
-1 0 0
0 -1 0
0 0 1

  PixelContainer: 
    ImportImageContainer (0x3eeaa20)
      RTTI typeinfo:   itk::ImportImageContainer<unsigned long, double>
      Reference Count: 1
      Modified Time: 1200
      Debug: Off
      Object Name: 
      Observers: 
        none
      Pointer: 0x14bf4f339010
      Container manages memory: true
      Size: 8530021
      Capacity: 8530021

     Moving image = Image (0x3ee5d70)
  RTTI typeinfo:   itk::Image<double, 3u>
  Reference Count: 2
  Modified Time: 1595
  Debug: Off
  Object Name: 
  Observers: 
    none
  Source: (none)
  Source output name: (none)
  Release Data: Off
  Data Released: False
  Global Release Data: Off
  PipelineMTime: 0
  UpdateMTime: 1592
  RealTimeStamp: 0 seconds 
  LargestPossibleRegion: 
    Dimension: 3
    Index: [0, 0, 0]
    Size: [160, 240, 256]
  BufferedRegion: 
    Dimension: 3
    Index: [0, 0, 0]
    Size: [160, 240, 256]
  RequestedRegion: 
    Dimension: 3
    Index: [0, 0, 0]
    Size: [160, 240, 256]
  Spacing: [1, 1, 1]
  Origin: [91.3357, 102.231, -120.042]
  Direction: 
-0.997442 -5.36781e-05 -0.0714818
5.35416e-05 -1 3.82465e-06
-0.0714818 -1.23894e-08 0.997442

  IndexToPointMatrix: 
-0.997444 -5.36781e-05 -0.0714818
5.35418e-05 -1 3.82465e-06
-0.0714819 -1.23894e-08 0.997442

  PointToIndexMatrix: 
-0.99744 5.35415e-05 -0.0714816
-5.36781e-05 -1 -1.23894e-08
-0.0714818 3.82465e-06 0.997442

  Inverse Direction: 
-0.997442 5.35416e-05 -0.0714818
-5.36781e-05 -1 -1.23894e-08
-0.0714818 3.82465e-06 0.997442

  PixelContainer: 
    ImportImageContainer (0x3e9dc90)
      RTTI typeinfo:   itk::ImportImageContainer<unsigned long, double>
      Reference Count: 1
      Modified Time: 1589
      Debug: Off
      Object Name: 
      Observers: 
        none
      Pointer: 0x14bf4a838010
      Container manages memory: true
      Size: 9830400
      Capacity: 9830400

     Weighting = 1
     Sampling strategy = regular
     Number of bins = 32
     Radius = 4
     Sampling percentage  = 0.25
   Transform = Affine
     Gradient step = 0.1
     Update field sigma (voxel space) = 0
     Total field sigma (voxel space) = 0
     Update field time sigma = 0
     Total field time sigma  = 0
     Number of time indices = 0
     Number of time point samples = 0
Registration using 1 total stages.

Stage 0
  iterations = 1000x500x250x100
  convergence threshold = 1e-06
  convergence window size = 10
  number of levels = 4
  using the Mattes MI metric (number of bins = 32, weight = 1, use gradient filter = 0)
  preprocessing:  winsorizing the image intensities
  Shrink factors (level 1 out of 4): [8, 8, 8]
  Shrink factors (level 2 out of 4): [4, 4, 4]
  Shrink factors (level 3 out of 4): [2, 2, 2]
  Shrink factors (level 4 out of 4): [1, 1, 1]
  smoothing sigmas per level: [3, 2, 1, 0]
  regular sampling (percentage = 0.25)

*** Running AffineTransform registration ***

DIAGNOSTIC,Iteration,metricValue,convergenceValue,ITERATION_TIME_INDEX,SINCE_LAST
 2DIAGNOSTIC,     1, -5.806290998401e-01, 1.797693134862e+308, 7.6137e-01, 7.6137e-01, 
 2DIAGNOSTIC,     2, -5.832407507901e-01, 1.797693134862e+308, 7.6654e-01, 5.1751e-03, 
 2DIAGNOSTIC,     3, -5.883921006242e-01, 1.797693134862e+308, 7.7121e-01, 4.6721e-03, 
 2DIAGNOSTIC,     4, -5.973582021072e-01, 1.797693134862e+308, 7.7617e-01, 4.9601e-03, 
 2DIAGNOSTIC,     5, -6.166279651198e-01, 1.797693134862e+308, 7.8267e-01, 6.4940e-03, 
 2DIAGNOSTIC,     6, -6.406440244052e-01, 1.797693134862e+308, 7.8820e-01, 5.5361e-03, 
 2DIAGNOSTIC,     7, -7.009864254158e-01, 1.797693134862e+308, 7.9345e-01, 5.2459e-03, 
 2DIAGNOSTIC,     8, -7.630482511223e-01, 1.797693134862e+308, 7.9868e-01, 5.2271e-03, 
 2DIAGNOSTIC,     9, -8.423469022518e-01, 1.797693134862e+308, 8.0669e-01, 8.0159e-03, 
 2DIAGNOSTIC,    10, -8.569694550301e-01, 2.845116129231e-02, 8.1229e-01, 5.5978e-03, 
 2DIAGNOSTIC,    11, -8.701917122450e-01, 2.871708894812e-02, 8.1849e-01, 6.2029e-03, 
 2DIAGNOSTIC,    12, -8.814645614330e-01, 2.683607374030e-02, 8.2767e-01, 9.1748e-03, 
 2DIAGNOSTIC,    13, -8.822368117513e-01, 2.307206284881e-02, 8.3298e-01, 5.3082e-03, 
 2DIAGNOSTIC,    14, -8.834458720030e-01, 1.815384142292e-02, 8.3893e-01, 5.9581e-03, 
 2DIAGNOSTIC,    15, -8.851322802626e-01, 1.292532928120e-02, 8.4450e-01, 5.5680e-03, 
 2DIAGNOSTIC,    16, -8.870480809937e-01, 7.902435088595e-03, 8.4981e-01, 5.3041e-03, 
 2DIAGNOSTIC,    17, -8.886777820001e-01, 4.189413190533e-03, 8.5662e-01, 6.8171e-03, 
 2DIAGNOSTIC,    18, -8.889448810886e-01, 1.810422434331e-03, 8.6345e-01, 6.8231e-03, 
 2DIAGNOSTIC,    19, -8.890594323826e-01, 1.083853138116e-03, 8.6958e-01, 6.1352e-03, 
 2DIAGNOSTIC,    20, -8.887882562128e-01, 5.969783273526e-04, 8.7544e-01, 5.8579e-03, 
 2DIAGNOSTIC,    21, -8.886098616076e-01, 3.264824898454e-04, 8.8247e-01, 7.0271e-03, 
 2DIAGNOSTIC,    22, -8.885249832871e-01, 2.361096512590e-04, 8.8866e-01, 6.1882e-03, 
 2DIAGNOSTIC,    23, -8.882875303192e-01, 1.410432907122e-04, 8.9459e-01, 5.9381e-03, 
 2DIAGNOSTIC,    24, -8.882052345543e-01, 5.851496543521e-05, 9.0014e-01, 5.5480e-03, 
DIAGNOSTIC,Iteration,metricValue,convergenceValue,ITERATION_TIME_INDEX,SINCE_LAST
 2DIAGNOSTIC,     1, -7.469015879831e-01, 1.797693134862e+308, 1.6912e+00, 7.9104e-01, 
 2DIAGNOSTIC,     2, -7.476337610560e-01, 1.797693134862e+308, 1.7323e+00, 4.1152e-02, 
 2DIAGNOSTIC,     3, -7.481984149398e-01, 1.797693134862e+308, 1.7725e+00, 4.0125e-02, 
 2DIAGNOSTIC,     4, -7.485348957061e-01, 1.797693134862e+308, 1.8130e+00, 4.0497e-02, 
 2DIAGNOSTIC,     5, -7.488723349367e-01, 1.797693134862e+308, 1.8569e+00, 4.3921e-02, 
 2DIAGNOSTIC,     6, -7.493028718503e-01, 1.797693134862e+308, 1.9018e+00, 4.4925e-02, 
 2DIAGNOSTIC,     7, -7.498240981639e-01, 1.797693134862e+308, 1.9554e+00, 5.3575e-02, 
 2DIAGNOSTIC,     8, -7.499189038042e-01, 1.797693134862e+308, 1.9970e+00, 4.1595e-02, 
 2DIAGNOSTIC,     9, -7.503981904035e-01, 1.797693134862e+308, 2.0570e+00, 6.0002e-02, 
 2DIAGNOSTIC,    10, -7.505578656764e-01, 3.049238817599e-04, 2.1038e+00, 4.6808e-02, 
 2DIAGNOSTIC,    11, -7.505341234019e-01, 2.389539895230e-04, 2.1637e+00, 5.9913e-02, 
 2DIAGNOSTIC,    12, -7.505061914140e-01, 1.848758132363e-04, 2.2137e+00, 4.9996e-02, 
 2DIAGNOSTIC,    13, -7.505141121138e-01, 1.393602378098e-04, 2.2657e+00, 5.2022e-02, 
 2DIAGNOSTIC,    14, -7.505102732977e-01, 9.677096723323e-05, 2.3156e+00, 4.9867e-02, 
 2DIAGNOSTIC,    15, -7.505029862906e-01, 5.935599122496e-05, 2.3687e+00, 5.3145e-02, 
 2DIAGNOSTIC,    16, -7.504912485542e-01, 3.116311058092e-05, 2.4177e+00, 4.8955e-02, 
 2DIAGNOSTIC,    17, -7.504804688889e-01, 1.513171443806e-05, 2.4585e+00, 4.0856e-02, 
 2DIAGNOSTIC,    18, -7.504860792728e-01, 1.517274869745e-06, 2.5013e+00, 4.2727e-02, 
DIAGNOSTIC,Iteration,metricValue,convergenceValue,ITERATION_TIME_INDEX,SINCE_LAST
 2DIAGNOSTIC,     1, -6.294116115828e-01, 1.797693134862e+308, 3.6592e+00, 1.1579e+00, 
 2DIAGNOSTIC,     2, -6.299274337821e-01, 1.797693134862e+308, 3.9776e+00, 3.1848e-01, 
 2DIAGNOSTIC,     3, -6.304606937657e-01, 1.797693134862e+308, 4.3370e+00, 3.5932e-01, 
 2DIAGNOSTIC,     4, -6.311440983307e-01, 1.797693134862e+308, 4.6963e+00, 3.5935e-01, 
 2DIAGNOSTIC,     5, -6.319613521824e-01, 1.797693134862e+308, 5.0306e+00, 3.3424e-01, 
 2DIAGNOSTIC,     6, -6.326508619802e-01, 1.797693134862e+308, 5.6377e+00, 6.0716e-01, 
 2DIAGNOSTIC,     7, -6.326442431946e-01, 1.797693134862e+308, 6.1236e+00, 4.8587e-01, 
 2DIAGNOSTIC,     8, -6.326421030454e-01, 1.797693134862e+308, 6.5233e+00, 3.9972e-01, 
 2DIAGNOSTIC,     9, -6.326413590567e-01, 1.797693134862e+308, 6.9106e+00, 3.8729e-01, 
 2DIAGNOSTIC,    10, -6.326405356766e-01, 3.607193945259e-04, 7.3002e+00, 3.8963e-01, 
 2DIAGNOSTIC,    11, -6.326380581197e-01, 2.475998156454e-04, 7.6859e+00, 3.8567e-01, 
 2DIAGNOSTIC,    12, -6.326382568806e-01, 1.509095235618e-04, 8.0022e+00, 3.1635e-01, 
 2DIAGNOSTIC,    13, -6.326371997052e-01, 7.419551269820e-05, 8.3574e+00, 3.5516e-01, 
 2DIAGNOSTIC,    14, -6.326376013602e-01, 2.341664891782e-05, 8.7074e+00, 3.4999e-01, 
 2DIAGNOSTIC,    15, -6.326364676454e-01, 1.358505380189e-06, 9.0388e+00, 3.3138e-01, 
 2DIAGNOSTIC,    16, -6.326355130438e-01, 1.489403024246e-06, 9.3562e+00, 3.1741e-01, 
 2DIAGNOSTIC,    17, -6.326348603668e-01, 1.460469343600e-06, 9.7300e+00, 3.7383e-01, 
 2DIAGNOSTIC,    18, -6.326337609545e-01, 1.391313754054e-06, 1.0053e+01, 3.2303e-01, 
 2DIAGNOSTIC,    19, -6.326327161788e-01, 1.322246847645e-06, 1.0366e+01, 3.1323e-01, 
 2DIAGNOSTIC,    20, -6.326305164526e-01, 1.226844829456e-06, 1.0711e+01, 3.4437e-01, 
 2DIAGNOSTIC,    21, -6.326298185605e-01, 1.107474531373e-06, 1.1020e+01, 3.0917e-01, 
 2DIAGNOSTIC,    22, -6.326281932773e-01, 1.008190510778e-06, 1.1311e+01, 2.9082e-01, 
DIAGNOSTIC,Iteration,metricValue,convergenceValue,ITERATION_TIME_INDEX,SINCE_LAST
 2DIAGNOSTIC,     1, -5.634463073364e-01, 1.797693134862e+308, 1.4456e+01, 3.1453e+00, 
 2DIAGNOSTIC,     2, -5.639251008998e-01, 1.797693134862e+308, 1.6332e+01, 1.8762e+00, 
 2DIAGNOSTIC,     3, -5.643935835967e-01, 1.797693134862e+308, 1.8214e+01, 1.8814e+00, 
 2DIAGNOSTIC,     4, -5.653421952230e-01, 1.797693134862e+308, 2.0555e+01, 2.3419e+00, 
 2DIAGNOSTIC,     5, -5.666806311405e-01, 1.797693134862e+308, 2.3742e+01, 3.1864e+00, 
 2DIAGNOSTIC,     6, -5.666788409558e-01, 1.797693134862e+308, 2.6453e+01, 2.7109e+00, 
 2DIAGNOSTIC,     7, -5.666781221493e-01, 1.797693134862e+308, 2.8875e+01, 2.4219e+00, 
 2DIAGNOSTIC,     8, -5.666783332235e-01, 1.797693134862e+308, 3.1539e+01, 2.6645e+00, 
 2DIAGNOSTIC,     9, -5.666785173935e-01, 1.797693134862e+308, 3.4168e+01, 2.6287e+00, 
 2DIAGNOSTIC,    10, -5.666783724582e-01, 3.983108101748e-04, 3.6288e+01, 2.1201e+00, 
 2DIAGNOSTIC,    11, -5.666784901961e-01, 2.625674384474e-04, 3.8505e+01, 2.2172e+00, 
 2DIAGNOSTIC,    12, -5.666782983000e-01, 1.470619402828e-04, 4.0611e+01, 2.1061e+00, 
 2DIAGNOSTIC,    13, -5.666782275042e-01, 5.397873144118e-05, 4.2537e+01, 1.9256e+00, 
 2DIAGNOSTIC,    14, -5.666781716850e-01, 2.173662347171e-06, 4.4704e+01, 2.1667e+00, 
 2DIAGNOSTIC,    15, -5.666779335735e-01, 2.088879218695e-06, 4.6682e+01, 1.9788e+00, 
 2DIAGNOSTIC,    16, -5.666778863335e-01, 1.961137160708e-06, 4.8821e+01, 2.1384e+00, 
 2DIAGNOSTIC,    17, -5.666778121684e-01, 1.827534512944e-06, 5.0677e+01, 1.8560e+00, 
 2DIAGNOSTIC,    18, -5.666777898608e-01, 1.718110477937e-06, 5.2519e+01, 1.8424e+00, 
 2DIAGNOSTIC,    19, -5.666778551775e-01, 1.631604253094e-06, 5.4689e+01, 2.1696e+00, 
 2DIAGNOSTIC,    20, -5.666779937476e-01, 1.557548198687e-06, 5.6698e+01, 2.0086e+00, 
 2DIAGNOSTIC,    21, -5.666780787833e-01, 1.498644096369e-06, 5.8887e+01, 2.1890e+00, 
 2DIAGNOSTIC,    22, -5.666783576146e-01, 1.448684563685e-06, 6.0804e+01, 1.9175e+00, 
 2DIAGNOSTIC,    23, -5.666783817394e-01, 1.401760359863e-06, 6.3672e+01, 2.8682e+00, 
 2DIAGNOSTIC,    24, -5.666783044065e-01, 1.354463865025e-06, 6.5931e+01, 2.2582e+00, 
 2DIAGNOSTIC,    25, -5.666781085347e-01, 1.299686835654e-06, 6.8177e+01, 2.2469e+00, 
 2DIAGNOSTIC,    26, -5.666779126599e-01, 1.242044316424e-06, 7.0338e+01, 2.1611e+00, 
 2DIAGNOSTIC,    27, -5.666778659734e-01, 1.184762942807e-06, 7.2394e+01, 2.0554e+00, 
 2DIAGNOSTIC,    28, -5.666776700374e-01, 1.127034551796e-06, 7.4562e+01, 2.1685e+00, 
 2DIAGNOSTIC,    29, -5.666775448787e-01, 1.073265843678e-06, 7.6664e+01, 2.1013e+00, 
 2DIAGNOSTIC,    30, -5.666775075590e-01, 1.027174242919e-06, 7.8562e+01, 1.8979e+00, 
  Elapsed time (stage 0): 7.9727e+01


Total elapsed time: 7.9732e+01
Info [verificarlo]: loaded backend libinterflop_vprec.so
Info [interflop-vprec]: load backend with: 
Info [interflop-vprec]: precision-binary32 = 12
Info [interflop-vprec]: range-binary32 = 8
Info [interflop-vprec]: precision-binary64 = 12
Info [interflop-vprec]: range-binary64 = 8
Info [interflop-vprec]: mode = ob
Info [interflop-vprec]: error-mode = rel
Info [interflop-vprec]: max-abs-error-exponent = -1022
Info [interflop-vprec]: daz = false
Info [interflop-vprec]: ftz = false
Info [interflop-vprec]: 	instrument = none
Info [interflop-vprec]: 	prec-input-file = (null)
Info [interflop-vprec]: 	prec-output-file = (null)
Info [interflop-vprec]: 	prec-log-file = (null)
All_Command_lines_OK
Using double precision for computations.
=============================================================================
The composite transform comprises the following transforms (in order): 
  1. /home/mdugre/scratch/mri-registration-rp/datasets/ds004513/derivatives/mri-registration-rp/0001/antsRegistration-r8-p12/sub-s017/affine_Composite.h5[0] (type = Euler3DTransform)
  2. /home/mdugre/scratch/mri-registration-rp/datasets/ds004513/derivatives/mri-registration-rp/0001/antsRegistration-r8-p12/sub-s017/affine_Composite.h5[1] (type = Euler3DTransform)
  3. /home/mdugre/scratch/mri-registration-rp/datasets/ds004513/derivatives/mri-registration-rp/0001/antsRegistration-r8-p12/sub-s017/affine_Composite.h5[2] (type = Euler3DTransform)
  4. /home/mdugre/scratch/mri-registration-rp/datasets/ds004513/derivatives/mri-registration-rp/0001/antsRegistration-r8-p12/sub-s017/affine_Composite.h5[3] (type = AffineTransform)
=============================================================================
  number of levels = 4
  fixed image: /templateflow/tpl-MNI152NLin2009cAsym/tpl-MNI152NLin2009cAsym_res-01_desc-brain_T1w.nii.gz
  moving image: /home/mdugre/scratch/mri-registration-rp/datasets/ds004513/derivatives/mri-registration-rp/antsBrainExtraction/sub-s017/BrainExtractionBrain.nii.gz
Dimension = 3
Number of stages = 1
Use histogram matching = false
Winsorize image intensities = true
  Lower quantile = 0.005
  Upper quantile = 0.995


Stage 1 State
   Image metric = CC
     Fixed image = Image (0x4d226f0)
  RTTI typeinfo:   itk::Image<double, 3u>
  Reference Count: 2
  Modified Time: 1606
  Debug: Off
  Object Name: 
  Observers: 
    none
  Source: (none)
  Source output name: (none)
