
##########################
# Experiment information #
##########################

EXPERIMENT_NAME: antsRegistration-r8-p22
VFC_BACKENDS: libinterflop_vprec.so --range-binary32=8 --precision-binary32=22 --range-binary64=8 --precision-binary64=22

SIF_IMG: /home/mdugre/projects/rrg-glatard/mdugre/containers/ants-vprec-no_metrics.simg

SUBJECT_ID: s025
INPUT_IMG: /home/mdugre/scratch/mri-registration-rp/datasets/ds004513/derivatives/mri-registration-rp/antsBrainExtraction/sub-s025/BrainExtractionBrain.nii.gz
OUTPUT_DIR: /home/mdugre/scratch/mri-registration-rp/datasets/ds004513/derivatives/mri-registration-rp/0001/antsRegistration-r8-p22/sub-s025

FIXED_IMG: /templateflow/tpl-MNI152NLin2009cAsym/tpl-MNI152NLin2009cAsym_res-01_desc-brain_T1w.nii.gz
DATA_DIR: /home/mdugre/scratch/mri-registration-rp/datasets/ds004513
TEMPLATEFLOW_DIR: /home/mdugre/projects/rrg-glatard/mdugre/templateflow
ITK_GLOBAL_DEFAULT_NUMBER_OF_THREADS: 16
##########################

Info [verificarlo]: loaded backend libinterflop_ieee.so
Info [interflop-ieee]: load backend with:
Info [interflop-ieee]: debug = false
Info [interflop-ieee]: debug-binary = false
Info [interflop-ieee]: no-backend-name = false
Info [interflop-ieee]: print-new-line = false
Info [interflop-ieee]: print-subnormal-normalized = false
Info [interflop-ieee]: count-op = false
All_Command_lines_OK
Using double precision for computations.
=============================================================================
The composite transform comprises the following transforms (in order): 
  1. Center of mass alignment using fixed image: /templateflow/tpl-MNI152NLin2009cAsym/tpl-MNI152NLin2009cAsym_res-01_desc-brain_T1w.nii.gz and moving image: /home/mdugre/scratch/mri-registration-rp/datasets/ds004513/derivatives/mri-registration-rp/antsBrainExtraction/sub-s025/BrainExtractionBrain.nii.gz (type = Euler3DTransform)
=============================================================================
  number of levels = 1
  fixed image: /templateflow/tpl-MNI152NLin2009cAsym/tpl-MNI152NLin2009cAsym_res-01_desc-brain_T1w.nii.gz
  moving image: /home/mdugre/scratch/mri-registration-rp/datasets/ds004513/derivatives/mri-registration-rp/antsBrainExtraction/sub-s025/BrainExtractionBrain.nii.gz
Dimension = 3
Number of stages = 1
Use histogram matching = false
Winsorize image intensities = true
  Lower quantile = 0.005
  Upper quantile = 0.995


Stage 1 State
   Image metric = MattesMI
     Fixed image = Image (0x37dde70)
  RTTI typeinfo:   itk::Image<double, 3u>
  Reference Count: 2
  Modified Time: 2334
  Debug: Off
  Object Name: 
  Observers: 
    none
  Source: (none)
  Source output name: (none)
  Release Data: Off
  Data Released: False
  Global Release Data: Off
  PipelineMTime: 0
  UpdateMTime: 1943
  RealTimeStamp: 0 seconds 
  LargestPossibleRegion: 
    Dimension: 3
    Index: [0, 0, 0]
    Size: [193, 229, 193]
  BufferedRegion: 
    Dimension: 3
    Index: [0, 0, 0]
    Size: [193, 229, 193]
  RequestedRegion: 
    Dimension: 3
    Index: [0, 0, 0]
    Size: [193, 229, 193]
  Spacing: [1, 1, 1]
  Origin: [96, 132, -78]
  Direction: 
-1 0 0
0 -1 0
0 0 1

  IndexToPointMatrix: 
-1 0 0
0 -1 0
0 0 1

  PointToIndexMatrix: 
-1 0 0
0 -1 0
0 0 1

  Inverse Direction: 
-1 0 0
0 -1 0
0 0 1

  PixelContainer: 
    ImportImageContainer (0x37e6c60)
      RTTI typeinfo:   itk::ImportImageContainer<unsigned long, double>
      Reference Count: 1
      Modified Time: 1940
      Debug: Off
      Object Name: 
      Observers: 
        none
      Pointer: 0x151ecb3b1010
      Container manages memory: true
      Size: 8530021
      Capacity: 8530021

     Moving image = Image (0x37e9610)
  RTTI typeinfo:   itk::Image<double, 3u>
  Reference Count: 2
  Modified Time: 2335
  Debug: Off
  Object Name: 
  Observers: 
    none
  Source: (none)
  Source output name: (none)
  Release Data: Off
  Data Released: False
  Global Release Data: Off
  PipelineMTime: 0
  UpdateMTime: 2332
  RealTimeStamp: 0 seconds 
  LargestPossibleRegion: 
    Dimension: 3
    Index: [0, 0, 0]
    Size: [176, 240, 256]
  BufferedRegion: 
    Dimension: 3
    Index: [0, 0, 0]
    Size: [176, 240, 256]
  RequestedRegion: 
    Dimension: 3
    Index: [0, 0, 0]
    Size: [176, 240, 256]
  Spacing: [0.999999, 1, 1]
  Origin: [90.3778, 84.5091, -154.071]
  Direction: 
-0.999391 7.48184e-06 -0.0348969
-7.47664e-06 -1 -2.7953e-07
-0.0348969 -1.84481e-08 0.999391

  IndexToPointMatrix: 
-0.99939 7.48184e-06 -0.0348969
-7.47663e-06 -1 -2.7953e-07
-0.0348968 -1.84481e-08 0.999391

  PointToIndexMatrix: 
-0.999392 -7.47665e-06 -0.0348969
7.48184e-06 -1 -1.84481e-08
-0.0348969 -2.7953e-07 0.999391

  Inverse Direction: 
-0.999391 -7.47664e-06 -0.0348969
7.48184e-06 -1 -1.84481e-08
-0.0348969 -2.7953e-07 0.999391

  PixelContainer: 
    ImportImageContainer (0x3882ef0)
      RTTI typeinfo:   itk::ImportImageContainer<unsigned long, double>
      Reference Count: 1
      Modified Time: 2329
      Debug: Off
      Object Name: 
      Observers: 
        none
      Pointer: 0x151ec6130010
      Container manages memory: true
      Size: 10813440
      Capacity: 10813440

     Weighting = 1
     Sampling strategy = regular
     Number of bins = 32
     Radius = 4
     Sampling percentage  = 0.25
   Transform = Rigid
     Gradient step = 0.1
     Update field sigma (voxel space) = 0
     Total field sigma (voxel space) = 0
     Update field time sigma = 0
     Total field time sigma  = 0
     Number of time indices = 0
     Number of time point samples = 0
Registration using 1 total stages.

Stage 0
  iterations = 0
  convergence threshold = 1e-06
  convergence window size = 10
  number of levels = 1
  using the Mattes MI metric (number of bins = 32, weight = 1, use gradient filter = 0)
  preprocessing:  winsorizing the image intensities
  Shrink factors (level 1 out of 1): [1, 1, 1]
  smoothing sigmas per level: [0]
  regular sampling (percentage = 0.25)

*** Running Euler3DTransform registration ***

  Elapsed time (stage 0): 1.0942


Total elapsed time: 1.09636
Info [verificarlo]: loaded backend libinterflop_ieee.so
Info [interflop-ieee]: load backend with:
Info [interflop-ieee]: debug = false
Info [interflop-ieee]: debug-binary = false
Info [interflop-ieee]: no-backend-name = false
Info [interflop-ieee]: print-new-line = false
Info [interflop-ieee]: print-subnormal-normalized = false
Info [interflop-ieee]: count-op = false
All_Command_lines_OK
Using double precision for computations.
=============================================================================
The composite transform comprises the following transforms (in order): 
  1. /home/mdugre/scratch/mri-registration-rp/datasets/ds004513/derivatives/mri-registration-rp/0001/antsRegistration-r8-p22/sub-s025/align_Composite.h5[0] (type = Euler3DTransform)
  2. /home/mdugre/scratch/mri-registration-rp/datasets/ds004513/derivatives/mri-registration-rp/0001/antsRegistration-r8-p22/sub-s025/align_Composite.h5[1] (type = Euler3DTransform)
=============================================================================
  number of levels = 4
  fixed image: /templateflow/tpl-MNI152NLin2009cAsym/tpl-MNI152NLin2009cAsym_res-01_desc-brain_T1w.nii.gz
  moving image: /home/mdugre/scratch/mri-registration-rp/datasets/ds004513/derivatives/mri-registration-rp/antsBrainExtraction/sub-s025/BrainExtractionBrain.nii.gz
Dimension = 3
Number of stages = 1
Use histogram matching = false
Winsorize image intensities = true
  Lower quantile = 0.005
  Upper quantile = 0.995


Stage 1 State
   Image metric = MattesMI
     Fixed image = Image (0x328a530)
  RTTI typeinfo:   itk::Image<double, 3u>
  Reference Count: 2
  Modified Time: 1580
  Debug: Off
  Object Name: 
  Observers: 
    none
  Source: (none)
  Source output name: (none)
  Release Data: Off
  Data Released: False
  Global Release Data: Off
  PipelineMTime: 0
  UpdateMTime: 1189
  RealTimeStamp: 0 seconds 
  LargestPossibleRegion: 
    Dimension: 3
    Index: [0, 0, 0]
    Size: [193, 229, 193]
  BufferedRegion: 
    Dimension: 3
    Index: [0, 0, 0]
    Size: [193, 229, 193]
  RequestedRegion: 
    Dimension: 3
    Index: [0, 0, 0]
    Size: [193, 229, 193]
  Spacing: [1, 1, 1]
  Origin: [96, 132, -78]
  Direction: 
-1 0 0
0 -1 0
0 0 1

  IndexToPointMatrix: 
-1 0 0
0 -1 0
0 0 1

  PointToIndexMatrix: 
-1 0 0
0 -1 0
0 0 1

  Inverse Direction: 
-1 0 0
0 -1 0
0 0 1

  PixelContainer: 
    ImportImageContainer (0x3348d60)
      RTTI typeinfo:   itk::ImportImageContainer<unsigned long, double>
      Reference Count: 1
      Modified Time: 1186
      Debug: Off
      Object Name: 
      Observers: 
        none
      Pointer: 0x14f2e2f44010
      Container manages memory: true
      Size: 8530021
      Capacity: 8530021

     Moving image = Image (0x333af60)
  RTTI typeinfo:   itk::Image<double, 3u>
  Reference Count: 2
  Modified Time: 1581
  Debug: Off
  Object Name: 
  Observers: 
    none
  Source: (none)
  Source output name: (none)
  Release Data: Off
  Data Released: False
  Global Release Data: Off
  PipelineMTime: 0
  UpdateMTime: 1578
  RealTimeStamp: 0 seconds 
  LargestPossibleRegion: 
    Dimension: 3
    Index: [0, 0, 0]
    Size: [176, 240, 256]
  BufferedRegion: 
    Dimension: 3
    Index: [0, 0, 0]
    Size: [176, 240, 256]
  RequestedRegion: 
    Dimension: 3
    Index: [0, 0, 0]
    Size: [176, 240, 256]
  Spacing: [0.999999, 1, 1]
  Origin: [90.3778, 84.5091, -154.071]
  Direction: 
-0.999391 7.48184e-06 -0.0348969
-7.47664e-06 -1 -2.7953e-07
-0.0348969 -1.84481e-08 0.999391

  IndexToPointMatrix: 
-0.99939 7.48184e-06 -0.0348969
-7.47663e-06 -1 -2.7953e-07
-0.0348968 -1.84481e-08 0.999391

  PointToIndexMatrix: 
-0.999392 -7.47665e-06 -0.0348969
7.48184e-06 -1 -1.84481e-08
-0.0348969 -2.7953e-07 0.999391

  Inverse Direction: 
-0.999391 -7.47664e-06 -0.0348969
7.48184e-06 -1 -1.84481e-08
-0.0348969 -2.7953e-07 0.999391

  PixelContainer: 
    ImportImageContainer (0x332c6d0)
      RTTI typeinfo:   itk::ImportImageContainer<unsigned long, double>
      Reference Count: 1
      Modified Time: 1575
      Debug: Off
      Object Name: 
      Observers: 
        none
      Pointer: 0x14f2ddcc3010
      Container manages memory: true
      Size: 10813440
      Capacity: 10813440

     Weighting = 1
     Sampling strategy = regular
     Number of bins = 32
     Radius = 4
     Sampling percentage  = 0.25
   Transform = Rigid
     Gradient step = 0.1
     Update field sigma (voxel space) = 0
     Total field sigma (voxel space) = 0
     Update field time sigma = 0
     Total field time sigma  = 0
     Number of time indices = 0
     Number of time point samples = 0
Registration using 1 total stages.

Stage 0
  iterations = 1000x500x250x100
  convergence threshold = 1e-06
  convergence window size = 10
  number of levels = 4
  using the Mattes MI metric (number of bins = 32, weight = 1, use gradient filter = 0)
  preprocessing:  winsorizing the image intensities
  Shrink factors (level 1 out of 4): [8, 8, 8]
  Shrink factors (level 2 out of 4): [4, 4, 4]
  Shrink factors (level 3 out of 4): [2, 2, 2]
  Shrink factors (level 4 out of 4): [1, 1, 1]
  smoothing sigmas per level: [3, 2, 1, 0]
  regular sampling (percentage = 0.25)

*** Running Euler3DTransform registration ***

DIAGNOSTIC,Iteration,metricValue,convergenceValue,ITERATION_TIME_INDEX,SINCE_LAST
 2DIAGNOSTIC,     1, -5.323241903179e-01, 1.797693134862e+308, 8.5152e-01, 8.5152e-01, 
 2DIAGNOSTIC,     2, -5.346190553927e-01, 1.797693134862e+308, 8.5614e-01, 4.6220e-03, 
 2DIAGNOSTIC,     3, -5.378036555361e-01, 1.797693134862e+308, 8.6023e-01, 4.0882e-03, 
 2DIAGNOSTIC,     4, -5.422949451405e-01, 1.797693134862e+308, 8.6428e-01, 4.0481e-03, 
 2DIAGNOSTIC,     5, -5.486805952477e-01, 1.797693134862e+308, 8.6827e-01, 3.9949e-03, 
 2DIAGNOSTIC,     6, -5.542790085272e-01, 1.797693134862e+308, 8.7198e-01, 3.7088e-03, 
 2DIAGNOSTIC,     7, -5.627123115611e-01, 1.797693134862e+308, 8.7584e-01, 3.8588e-03, 
 2DIAGNOSTIC,     8, -5.766609943856e-01, 1.797693134862e+308, 8.7995e-01, 4.1130e-03, 
 2DIAGNOSTIC,     9, -5.881111419397e-01, 1.797693134862e+308, 8.8400e-01, 4.0500e-03, 
 2DIAGNOSTIC,    10, -6.012927005665e-01, 7.820055967721e-03, 8.8990e-01, 5.8951e-03, 
 2DIAGNOSTIC,    11, -6.192402913588e-01, 8.564422673925e-03, 8.9691e-01, 7.0109e-03, 
 2DIAGNOSTIC,    12, -6.197111897439e-01, 8.513711436480e-03, 9.0079e-01, 3.8769e-03, 
 2DIAGNOSTIC,    13, -6.223136777511e-01, 7.932305190632e-03, 9.0461e-01, 3.8230e-03, 
 2DIAGNOSTIC,    14, -6.239859078535e-01, 6.938967258810e-03, 9.0845e-01, 3.8421e-03, 
 2DIAGNOSTIC,    15, -6.258731029039e-01, 5.722268374552e-03, 9.1232e-01, 3.8660e-03, 
 2DIAGNOSTIC,    16, -6.290042957051e-01, 4.404898010760e-03, 9.1624e-01, 3.9179e-03, 
 2DIAGNOSTIC,    17, -6.327399548209e-01, 3.192249458157e-03, 9.2120e-01, 4.9660e-03, 
 2DIAGNOSTIC,    18, -6.361770329223e-01, 2.298162514785e-03, 9.2612e-01, 4.9150e-03, 
 2DIAGNOSTIC,    19, -6.381920794948e-01, 1.629119691452e-03, 9.3069e-01, 4.5729e-03, 
 2DIAGNOSTIC,    20, -6.414786468730e-01, 1.264281191335e-03, 9.3485e-01, 4.1599e-03, 
 2DIAGNOSTIC,    21, -6.422621311668e-01, 1.244231354877e-03, 9.3884e-01, 3.9921e-03, 
 2DIAGNOSTIC,    22, -6.443386369829e-01, 1.164065699894e-03, 9.4282e-01, 3.9768e-03, 
 2DIAGNOSTIC,    23, -6.458367311119e-01, 1.066297096303e-03, 9.4695e-01, 4.1268e-03, 
 2DIAGNOSTIC,    24, -6.528535017655e-01, 1.047817946962e-03, 9.5166e-01, 4.7150e-03, 
 2DIAGNOSTIC,    25, -6.591704568118e-01, 1.083081273012e-03, 9.5723e-01, 5.5680e-03, 
 2DIAGNOSTIC,    26, -6.605963668437e-01, 1.093549197337e-03, 9.6169e-01, 4.4591e-03, 
 2DIAGNOSTIC,    27, -6.608439803143e-01, 1.070984925490e-03, 9.6555e-01, 3.8640e-03, 
 2DIAGNOSTIC,    28, -6.615671813541e-01, 1.019502606724e-03, 9.6984e-01, 4.2880e-03, 
 2DIAGNOSTIC,    29, -6.628794690482e-01, 9.260608482997e-04, 9.7404e-01, 4.2031e-03, 
 2DIAGNOSTIC,    30, -6.728294394719e-01, 9.537361874836e-04, 9.7964e-01, 5.5981e-03, 
 2DIAGNOSTIC,    31, -6.735477934680e-01, 9.084129842522e-04, 9.8364e-01, 3.9940e-03, 
 2DIAGNOSTIC,    32, -6.743491285584e-01, 8.254098706459e-04, 9.8778e-01, 4.1430e-03, 
 2DIAGNOSTIC,    33, -6.778518142681e-01, 7.396573449385e-04, 9.9197e-01, 4.1928e-03, 
 2DIAGNOSTIC,    34, -6.872953218436e-01, 8.064162559108e-04, 1.0004e+00, 8.3971e-03, 
 2DIAGNOSTIC,    35, -6.877327738262e-01, 8.751674000760e-04, 1.0044e+00, 4.0560e-03, 
 2DIAGNOSTIC,    36, -6.893220568475e-01, 8.964388101398e-04, 1.0084e+00, 3.9639e-03, 
 2DIAGNOSTIC,    37, -6.927392661560e-01, 8.791622272100e-04, 1.0127e+00, 4.3509e-03, 
 2DIAGNOSTIC,    38, -7.010276822660e-01, 8.854045996377e-04, 1.0171e+00, 4.3569e-03, 
 2DIAGNOSTIC,    39, -7.063968707803e-01, 8.771735919066e-04, 1.0213e+00, 4.1602e-03, 
 2DIAGNOSTIC,    40, -7.084264114285e-01, 9.204251437646e-04, 1.0252e+00, 3.9580e-03, 
 2DIAGNOSTIC,    41, -7.161100593027e-01, 9.682336605785e-04, 1.0297e+00, 4.5171e-03, 
 2DIAGNOSTIC,    42, -7.193637932873e-01, 9.624056161400e-04, 1.0354e+00, 5.6870e-03, 
 2DIAGNOSTIC,    43, -7.222642082249e-01, 9.274751722182e-04, 1.0394e+00, 3.9930e-03, 
 2DIAGNOSTIC,    44, -7.286196803983e-01, 9.651152425856e-04, 1.0435e+00, 4.0829e-03, 
 2DIAGNOSTIC,    45, -7.392475602950e-01, 1.016731456279e-03, 1.0476e+00, 4.0979e-03, 
 2DIAGNOSTIC,    46, -7.439504231951e-01, 1.026639722384e-03, 1.0517e+00, 4.1251e-03, 
 2DIAGNOSTIC,    47, -7.512353924156e-01, 1.036551808285e-03, 1.0587e+00, 7.0240e-03, 
 2DIAGNOSTIC,    48, -7.533779512459e-01, 1.041436643731e-03, 1.0626e+00, 3.8569e-03, 
 2DIAGNOSTIC,    49, -7.538719668040e-01, 9.991153374232e-04, 1.0666e+00, 3.9630e-03, 
 2DIAGNOSTIC,    50, -7.556729673489e-01, 8.946228549065e-04, 1.0709e+00, 4.3621e-03, 
 2DIAGNOSTIC,    51, -7.575286300456e-01, 7.893972724428e-04, 1.0748e+00, 3.8540e-03, 
 2DIAGNOSTIC,    52, -7.590680743552e-01, 6.531190837192e-04, 1.0796e+00, 4.8161e-03, 
 2DIAGNOSTIC,    53, -7.593091686096e-01, 4.855516672623e-04, 1.0844e+00, 4.7889e-03, 
 2DIAGNOSTIC,    54, -7.592887014692e-01, 3.281696304713e-04, 1.0882e+00, 3.8428e-03, 
 2DIAGNOSTIC,    55, -7.602827544964e-01, 2.362591635488e-04, 1.0926e+00, 4.3280e-03, 
 2DIAGNOSTIC,    56, -7.605485882001e-01, 1.615554737951e-04, 1.0968e+00, 4.2841e-03, 
 2DIAGNOSTIC,    57, -7.604346984454e-01, 1.275901318027e-04, 1.1007e+00, 3.8230e-03, 
 2DIAGNOSTIC,    58, -7.604391463628e-01, 9.888425085973e-05, 1.1045e+00, 3.8331e-03, 
 2DIAGNOSTIC,    59, -7.613166469616e-01, 7.166899481109e-05, 1.1098e+00, 5.2972e-03, 
 2DIAGNOSTIC,    60, -7.616944537953e-01, 5.349185731037e-05, 1.1143e+00, 4.4692e-03, 
 2DIAGNOSTIC,    61, -7.616993242738e-01, 4.344219920978e-05, 1.1193e+00, 5.0039e-03, 
 2DIAGNOSTIC,    62, -7.618614274118e-01, 4.139698599728e-05, 1.1237e+00, 4.4730e-03, 
 2DIAGNOSTIC,    63, -7.620174925748e-01, 3.825699478755e-05, 1.1277e+00, 3.9799e-03, 
 2DIAGNOSTIC,    64, -7.619992838615e-01, 3.105179093997e-05, 1.1317e+00, 3.9780e-03, 
 2DIAGNOSTIC,    65, -7.620808403581e-01, 2.800522253061e-05, 1.1366e+00, 4.9100e-03, 
 2DIAGNOSTIC,    66, -7.621047589265e-01, 2.435501609668e-05, 1.1406e+00, 3.9639e-03, 
 2DIAGNOSTIC,    67, -7.618921100060e-01, 1.658580147145e-05, 1.1446e+00, 3.9880e-03, 
 2DIAGNOSTIC,    68, -7.619258858174e-01, 7.663106374244e-06, 1.1489e+00, 4.3800e-03, 
 2DIAGNOSTIC,    69, -7.619658641814e-01, 3.797978183274e-06, 1.1533e+00, 4.4100e-03, 
 2DIAGNOSTIC,    70, -7.619936041486e-01, 2.136894518886e-06, 1.1573e+00, 3.9880e-03, 
DIAGNOSTIC,Iteration,metricValue,convergenceValue,ITERATION_TIME_INDEX,SINCE_LAST
 2DIAGNOSTIC,     1, -6.047178157979e-01, 1.797693134862e+308, 1.9093e+00, 7.5199e-01, 
 2DIAGNOSTIC,     2, -6.055122110819e-01, 1.797693134862e+308, 1.9368e+00, 2.7492e-02, 
 2DIAGNOSTIC,     3, -6.067001878978e-01, 1.797693134862e+308, 1.9650e+00, 2.8191e-02, 
 2DIAGNOSTIC,     4, -6.078715441374e-01, 1.797693134862e+308, 1.9926e+00, 2.7609e-02, 
 2DIAGNOSTIC,     5, -6.089756866301e-01, 1.797693134862e+308, 2.0195e+00, 2.6848e-02, 
 2DIAGNOSTIC,     6, -6.102971046107e-01, 1.797693134862e+308, 2.0475e+00, 2.8004e-02, 
 2DIAGNOSTIC,     7, -6.119026470181e-01, 1.797693134862e+308, 2.0753e+00, 2.7853e-02, 
 2DIAGNOSTIC,     8, -6.147696961968e-01, 1.797693134862e+308, 2.1025e+00, 2.7204e-02, 
 2DIAGNOSTIC,     9, -6.173780002545e-01, 1.797693134862e+308, 2.1436e+00, 4.1045e-02, 
 2DIAGNOSTIC,    10, -6.179155640951e-01, 1.461444719520e-03, 2.1716e+00, 2.8025e-02, 
 2DIAGNOSTIC,    11, -6.183750825957e-01, 1.368304827255e-03, 2.1985e+00, 2.6916e-02, 
 2DIAGNOSTIC,    12, -6.189297707364e-01, 1.220323112835e-03, 2.2324e+00, 3.3891e-02, 
 2DIAGNOSTIC,    13, -6.190792921508e-01, 1.030920814861e-03, 2.2596e+00, 2.7179e-02, 
 2DIAGNOSTIC,    14, -6.192817282481e-01, 8.197771093170e-04, 2.2878e+00, 2.8203e-02, 
 2DIAGNOSTIC,    15, -6.201107312886e-01, 6.225229814624e-04, 2.3200e+00, 3.2185e-02, 
 2DIAGNOSTIC,    16, -6.204522680554e-01, 4.414396294631e-04, 2.3613e+00, 4.1287e-02, 
 2DIAGNOSTIC,    17, -6.205216649767e-01, 2.856638868635e-04, 2.4023e+00, 4.1034e-02, 
 2DIAGNOSTIC,    18, -6.205319331750e-01, 1.937795835325e-04, 2.4329e+00, 3.0583e-02, 
 2DIAGNOSTIC,    19, -6.205378343229e-01, 1.574189218524e-04, 2.4639e+00, 3.1044e-02, 
 2DIAGNOSTIC,    20, -6.205204539225e-01, 1.218380544794e-04, 2.4936e+00, 2.9717e-02, 
 2DIAGNOSTIC,    21, -6.205058767423e-01, 8.783930639041e-05, 2.5274e+00, 3.3795e-02, 
 2DIAGNOSTIC,    22, -6.205124149826e-01, 6.087426456125e-05, 2.5573e+00, 2.9909e-02, 
 2DIAGNOSTIC,    23, -6.205000734423e-01, 3.364022324755e-05, 2.5905e+00, 3.3209e-02, 
 2DIAGNOSTIC,    24, -6.205077268777e-01, 9.354405328531e-06, 2.6240e+00, 3.3425e-02, 
 2DIAGNOSTIC,    25, -6.204897592065e-01, 1.072122229662e-06, 2.6541e+00, 3.0126e-02, 
DIAGNOSTIC,Iteration,metricValue,convergenceValue,ITERATION_TIME_INDEX,SINCE_LAST
 2DIAGNOSTIC,     1, -5.338166580150e-01, 1.797693134862e+308, 3.7247e+00, 1.0706e+00, 
 2DIAGNOSTIC,     2, -5.340682897318e-01, 1.797693134862e+308, 3.9488e+00, 2.2410e-01, 
 2DIAGNOSTIC,     3, -5.342696692233e-01, 1.797693134862e+308, 4.1770e+00, 2.2813e-01, 
 2DIAGNOSTIC,     4, -5.343973785574e-01, 1.797693134862e+308, 4.3899e+00, 2.1296e-01, 
 2DIAGNOSTIC,     5, -5.347753211473e-01, 1.797693134862e+308, 4.6073e+00, 2.1740e-01, 
 2DIAGNOSTIC,     6, -5.350916177504e-01, 1.797693134862e+308, 4.8609e+00, 2.5358e-01, 
 2DIAGNOSTIC,     7, -5.353035990910e-01, 1.797693134862e+308, 5.2138e+00, 3.5288e-01, 
 2DIAGNOSTIC,     8, -5.353579877836e-01, 1.797693134862e+308, 5.4555e+00, 2.4167e-01, 
 2DIAGNOSTIC,     9, -5.353671864619e-01, 1.797693134862e+308, 5.6773e+00, 2.2179e-01, 
 2DIAGNOSTIC,    10, -5.353788442682e-01, 2.123784146478e-04, 5.8999e+00, 2.2267e-01, 
 2DIAGNOSTIC,    11, -5.354328083644e-01, 1.633476430097e-04, 6.1271e+00, 2.2714e-01, 
 2DIAGNOSTIC,    12, -5.355181039211e-01, 1.228381958578e-04, 6.3500e+00, 2.2293e-01, 
 2DIAGNOSTIC,    13, -5.357125137506e-01, 9.399986315582e-05, 6.6319e+00, 2.8189e-01, 
 2DIAGNOSTIC,    14, -5.360231080791e-01, 7.731026012671e-05, 7.0643e+00, 4.3236e-01, 
 2DIAGNOSTIC,    15, -5.360186561489e-01, 6.882822468107e-05, 7.4807e+00, 4.1645e-01, 
 2DIAGNOSTIC,    16, -5.360180820788e-01, 6.578761755530e-05, 7.8485e+00, 3.6781e-01, 
 2DIAGNOSTIC,    17, -5.360160797411e-01, 6.383521864214e-05, 8.1321e+00, 2.8358e-01, 
 2DIAGNOSTIC,    18, -5.360151035871e-01, 5.783309098685e-05, 8.3677e+00, 2.3555e-01, 
 2DIAGNOSTIC,    19, -5.360142040420e-01, 4.738193242573e-05, 8.5976e+00, 2.2992e-01, 
 2DIAGNOSTIC,    20, -5.360134352841e-01, 3.406035092893e-05, 8.8438e+00, 2.4625e-01, 
 2DIAGNOSTIC,    21, -5.360138736508e-01, 2.048610586252e-05, 9.1325e+00, 2.8863e-01, 
 2DIAGNOSTIC,    22, -5.360131103210e-01, 8.370108147686e-06, 9.3985e+00, 2.6606e-01, 
DIAGNOSTIC,Iteration,metricValue,convergenceValue,ITERATION_TIME_INDEX,SINCE_LAST
 2DIAGNOSTIC,     1, -4.896902570651e-01, 1.797693134862e+308, 1.2152e+01, 2.7534e+00, 
 2DIAGNOSTIC,     2, -4.896985678617e-01, 1.797693134862e+308, 1.4603e+01, 2.4512e+00, 
 2DIAGNOSTIC,     3, -4.896989960178e-01, 1.797693134862e+308, 1.6237e+01, 1.6341e+00, 
 2DIAGNOSTIC,     4, -4.896989932820e-01, 1.797693134862e+308, 1.7902e+01, 1.6646e+00, 
 2DIAGNOSTIC,     5, -4.896986140101e-01, 1.797693134862e+308, 1.9884e+01, 1.9821e+00, 
 2DIAGNOSTIC,     6, -4.896985732693e-01, 1.797693134862e+308, 2.1468e+01, 1.5842e+00, 
 2DIAGNOSTIC,     7, -4.896985320895e-01, 1.797693134862e+308, 2.2791e+01, 1.3226e+00, 
 2DIAGNOSTIC,     8, -4.896981935351e-01, 1.797693134862e+308, 2.4383e+01, 1.5921e+00, 
 2DIAGNOSTIC,     9, -4.896979944909e-01, 1.797693134862e+308, 2.5906e+01, 1.5234e+00, 
 2DIAGNOSTIC,    10, -4.896980541985e-01, 3.558867246983e-06, 2.7447e+01, 1.5407e+00, 
 2DIAGNOSTIC,    11, -4.896980510547e-01, 2.773418034882e-06, 2.8790e+01, 1.3433e+00, 
 2DIAGNOSTIC,    12, -4.896980082606e-01, 2.528464828622e-06, 3.0410e+01, 1.6195e+00, 
 2DIAGNOSTIC,    13, -4.896979144310e-01, 2.347332502317e-06, 3.2392e+01, 1.9826e+00, 
 2DIAGNOSTIC,    14, -4.896978533280e-01, 2.199148185625e-06, 3.4526e+01, 2.1340e+00, 
 2DIAGNOSTIC,    15, -4.896976863506e-01, 2.056049903637e-06, 3.6177e+01, 1.6506e+00, 
 2DIAGNOSTIC,    16, -4.896977964644e-01, 1.939147806676e-06, 3.7672e+01, 1.4952e+00, 
 2DIAGNOSTIC,    17, -4.896977474049e-01, 1.837536454788e-06, 3.9377e+01, 1.7053e+00, 
 2DIAGNOSTIC,    18, -4.896977481255e-01, 1.739699163644e-06, 4.1234e+01, 1.8570e+00, 
 2DIAGNOSTIC,    19, -4.896974741074e-01, 1.640283560200e-06, 4.2958e+01, 1.7239e+00, 
 2DIAGNOSTIC,    20, -4.896975398140e-01, 1.557825056744e-06, 4.4872e+01, 1.9142e+00, 
 2DIAGNOSTIC,    21, -4.896974191474e-01, 1.482645091415e-06, 4.6972e+01, 2.1001e+00, 
 2DIAGNOSTIC,    22, -4.896972849328e-01, 1.412613124495e-06, 4.8754e+01, 1.7818e+00, 
 2DIAGNOSTIC,    23, -4.896971151255e-01, 1.345289691541e-06, 5.0468e+01, 1.7144e+00, 
 2DIAGNOSTIC,    24, -4.896970880517e-01, 1.285247882857e-06, 5.2009e+01, 1.5409e+00, 
 2DIAGNOSTIC,    25, -4.896969126668e-01, 1.225674827021e-06, 5.3645e+01, 1.6361e+00, 
 2DIAGNOSTIC,    26, -4.896968775195e-01, 1.176777918402e-06, 5.5132e+01, 1.4861e+00, 
 2DIAGNOSTIC,    27, -4.896969736109e-01, 1.136901138815e-06, 5.6759e+01, 1.6277e+00, 
 2DIAGNOSTIC,    28, -4.896968027043e-01, 1.100320837347e-06, 5.8563e+01, 1.8035e+00, 
 2DIAGNOSTIC,    29, -4.896966579053e-01, 1.061291589097e-06, 6.0364e+01, 1.8010e+00, 
 2DIAGNOSTIC,    30, -4.896964601560e-01, 1.025790577792e-06, 6.1986e+01, 1.6218e+00, 
  Elapsed time (stage 0): 6.3058e+01


Total elapsed time: 6.3061e+01
Info [verificarlo]: loaded backend libinterflop_ieee.so
Info [interflop-ieee]: load backend with:
Info [interflop-ieee]: debug = false
Info [interflop-ieee]: debug-binary = false
Info [interflop-ieee]: no-backend-name = false
Info [interflop-ieee]: print-new-line = false
Info [interflop-ieee]: print-subnormal-normalized = false
Info [interflop-ieee]: count-op = false
All_Command_lines_OK
Using double precision for computations.
=============================================================================
The composite transform comprises the following transforms (in order): 
  1. /home/mdugre/scratch/mri-registration-rp/datasets/ds004513/derivatives/mri-registration-rp/0001/antsRegistration-r8-p22/sub-s025/rigid_Composite.h5[0] (type = Euler3DTransform)
  2. /home/mdugre/scratch/mri-registration-rp/datasets/ds004513/derivatives/mri-registration-rp/0001/antsRegistration-r8-p22/sub-s025/rigid_Composite.h5[1] (type = Euler3DTransform)
  3. /home/mdugre/scratch/mri-registration-rp/datasets/ds004513/derivatives/mri-registration-rp/0001/antsRegistration-r8-p22/sub-s025/rigid_Composite.h5[2] (type = Euler3DTransform)
=============================================================================
  number of levels = 4
  fixed image: /templateflow/tpl-MNI152NLin2009cAsym/tpl-MNI152NLin2009cAsym_res-01_desc-brain_T1w.nii.gz
  moving image: /home/mdugre/scratch/mri-registration-rp/datasets/ds004513/derivatives/mri-registration-rp/antsBrainExtraction/sub-s025/BrainExtractionBrain.nii.gz
Dimension = 3
Number of stages = 1
Use histogram matching = false
Winsorize image intensities = true
  Lower quantile = 0.005
  Upper quantile = 0.995


Stage 1 State
   Image metric = MattesMI
     Fixed image = Image (0x522a7e0)
  RTTI typeinfo:   itk::Image<double, 3u>
  Reference Count: 2
  Modified Time: 1594
  Debug: Off
  Object Name: 
  Observers: 
    none
  Source: (none)
  Source output name: (none)
  Release Data: Off
  Data Released: False
  Global Release Data: Off
  PipelineMTime: 0
  UpdateMTime: 1203
  RealTimeStamp: 0 seconds 
  LargestPossibleRegion: 
    Dimension: 3
    Index: [0, 0, 0]
    Size: [193, 229, 193]
  BufferedRegion: 
    Dimension: 3
    Index: [0, 0, 0]
    Size: [193, 229, 193]
  RequestedRegion: 
    Dimension: 3
    Index: [0, 0, 0]
    Size: [193, 229, 193]
  Spacing: [1, 1, 1]
  Origin: [96, 132, -78]
  Direction: 
-1 0 0
0 -1 0
0 0 1

  IndexToPointMatrix: 
-1 0 0
0 -1 0
0 0 1

  PointToIndexMatrix: 
-1 0 0
0 -1 0
0 0 1

  Inverse Direction: 
-1 0 0
0 -1 0
0 0 1

  PixelContainer: 
    ImportImageContainer (0x52eaa20)
      RTTI typeinfo:   itk::ImportImageContainer<unsigned long, double>
      Reference Count: 1
      Modified Time: 1200
      Debug: Off
      Object Name: 
      Observers: 
        none
      Pointer: 0x146a63ddc010
      Container manages memory: true
      Size: 8530021
      Capacity: 8530021

     Moving image = Image (0x52e5d70)
  RTTI typeinfo:   itk::Image<double, 3u>
  Reference Count: 2
  Modified Time: 1595
  Debug: Off
  Object Name: 
  Observers: 
    none
  Source: (none)
  Source output name: (none)
  Release Data: Off
  Data Released: False
  Global Release Data: Off
  PipelineMTime: 0
  UpdateMTime: 1592
  RealTimeStamp: 0 seconds 
  LargestPossibleRegion: 
    Dimension: 3
    Index: [0, 0, 0]
    Size: [176, 240, 256]
  BufferedRegion: 
    Dimension: 3
    Index: [0, 0, 0]
    Size: [176, 240, 256]
  RequestedRegion: 
    Dimension: 3
    Index: [0, 0, 0]
    Size: [176, 240, 256]
  Spacing: [0.999999, 1, 1]
  Origin: [90.3778, 84.5091, -154.071]
  Direction: 
-0.999391 7.48184e-06 -0.0348969
-7.47664e-06 -1 -2.7953e-07
-0.0348969 -1.84481e-08 0.999391

  IndexToPointMatrix: 
-0.99939 7.48184e-06 -0.0348969
-7.47663e-06 -1 -2.7953e-07
-0.0348968 -1.84481e-08 0.999391

  PointToIndexMatrix: 
-0.999392 -7.47665e-06 -0.0348969
7.48184e-06 -1 -1.84481e-08
-0.0348969 -2.7953e-07 0.999391

  Inverse Direction: 
-0.999391 -7.47664e-06 -0.0348969
7.48184e-06 -1 -1.84481e-08
-0.0348969 -2.7953e-07 0.999391

  PixelContainer: 
    ImportImageContainer (0x529dc90)
      RTTI typeinfo:   itk::ImportImageContainer<unsigned long, double>
      Reference Count: 1
      Modified Time: 1589
      Debug: Off
      Object Name: 
      Observers: 
        none
      Pointer: 0x146a5eb5b010
      Container manages memory: true
      Size: 10813440
      Capacity: 10813440

     Weighting = 1
     Sampling strategy = regular
     Number of bins = 32
     Radius = 4
     Sampling percentage  = 0.25
   Transform = Affine
     Gradient step = 0.1
     Update field sigma (voxel space) = 0
     Total field sigma (voxel space) = 0
     Update field time sigma = 0
     Total field time sigma  = 0
     Number of time indices = 0
     Number of time point samples = 0
Registration using 1 total stages.

Stage 0
  iterations = 1000x500x250x100
  convergence threshold = 1e-06
  convergence window size = 10
  number of levels = 4
  using the Mattes MI metric (number of bins = 32, weight = 1, use gradient filter = 0)
  preprocessing:  winsorizing the image intensities
  Shrink factors (level 1 out of 4): [8, 8, 8]
  Shrink factors (level 2 out of 4): [4, 4, 4]
  Shrink factors (level 3 out of 4): [2, 2, 2]
  Shrink factors (level 4 out of 4): [1, 1, 1]
  smoothing sigmas per level: [3, 2, 1, 0]
  regular sampling (percentage = 0.25)

*** Running AffineTransform registration ***

DIAGNOSTIC,Iteration,metricValue,convergenceValue,ITERATION_TIME_INDEX,SINCE_LAST
 2DIAGNOSTIC,     1, -7.484363344100e-01, 1.797693134862e+308, 8.0152e-01, 8.0152e-01, 
 2DIAGNOSTIC,     2, -7.505424318538e-01, 1.797693134862e+308, 8.0663e-01, 5.1088e-03, 
 2DIAGNOSTIC,     3, -7.542063093654e-01, 1.797693134862e+308, 8.1149e-01, 4.8640e-03, 
 2DIAGNOSTIC,     4, -7.605582314601e-01, 1.797693134862e+308, 8.1614e-01, 4.6480e-03, 
 2DIAGNOSTIC,     5, -7.709508227788e-01, 1.797693134862e+308, 8.2087e-01, 4.7262e-03, 
 2DIAGNOSTIC,     6, -7.854486357563e-01, 1.797693134862e+308, 8.2556e-01, 4.6890e-03, 
 2DIAGNOSTIC,     7, -8.238934982633e-01, 1.797693134862e+308, 8.3033e-01, 4.7700e-03, 
 2DIAGNOSTIC,     8, -8.672227385930e-01, 1.797693134862e+308, 8.3692e-01, 6.5889e-03, 
 2DIAGNOSTIC,     9, -8.834642174056e-01, 1.797693134862e+308, 8.4385e-01, 6.9370e-03, 
 2DIAGNOSTIC,    10, -8.865798872448e-01, 1.294024641285e-02, 8.4873e-01, 4.8718e-03, 
 2DIAGNOSTIC,    11, -9.027336374288e-01, 1.290028753862e-02, 8.5347e-01, 4.7450e-03, 
 2DIAGNOSTIC,    12, -9.177421457698e-01, 1.217223216576e-02, 8.5820e-01, 4.7250e-03, 
 2DIAGNOSTIC,    13, -9.238513584320e-01, 1.070636231725e-02, 8.6297e-01, 4.7779e-03, 
 2DIAGNOSTIC,    14, -9.284184867451e-01, 8.777396662407e-03, 8.6829e-01, 5.3182e-03, 
 2DIAGNOSTIC,    15, -9.298164267603e-01, 6.618536338553e-03, 8.7423e-01, 5.9431e-03, 
 2DIAGNOSTIC,    16, -9.321657764549e-01, 4.493751681038e-03, 8.7987e-01, 5.6360e-03, 
 2DIAGNOSTIC,    17, -9.350192400809e-01, 3.014422985175e-03, 8.8502e-01, 5.1479e-03, 
 2DIAGNOSTIC,    18, -9.356259266664e-01, 2.239518792770e-03, 8.9044e-01, 5.4240e-03, 
 2DIAGNOSTIC,    19, -9.362728468392e-01, 1.645134945407e-03, 8.9581e-01, 5.3630e-03, 
 2DIAGNOSTIC,    20, -9.369263775484e-01, 1.021621516382e-03, 9.0115e-01, 5.3420e-03, 
 2DIAGNOSTIC,    21, -9.370784148685e-01, 6.161934439353e-04, 9.0809e-01, 6.9461e-03, 
 2DIAGNOSTIC,    22, -9.371662070645e-01, 4.147337009441e-04, 9.1319e-01, 5.0981e-03, 
 2DIAGNOSTIC,    23, -9.374314769006e-01, 2.822817091152e-04, 9.1784e-01, 4.6518e-03, 
 2DIAGNOSTIC,    24, -9.380825229377e-01, 2.059987333316e-04, 9.2347e-01, 5.6229e-03, 
 2DIAGNOSTIC,    25, -9.380249766269e-01, 1.337220595777e-04, 9.2836e-01, 4.8909e-03, 
 2DIAGNOSTIC,    26, -9.378050505888e-01, 8.063947036599e-05, 9.3305e-01, 4.6921e-03, 
 2DIAGNOSTIC,    27, -9.380405113529e-01, 6.121370895477e-05, 9.3833e-01, 5.2769e-03, 
 2DIAGNOSTIC,    28, -9.385877444058e-01, 5.053445764225e-05, 9.4357e-01, 5.2421e-03, 
 2DIAGNOSTIC,    29, -9.382375782153e-01, 3.877856261901e-05, 9.4882e-01, 5.2550e-03, 
 2DIAGNOSTIC,    30, -9.382983634322e-01, 3.212726793295e-05, 9.5359e-01, 4.7660e-03, 
 2DIAGNOSTIC,    31, -9.382349585259e-01, 2.408751479802e-05, 9.5934e-01, 5.7499e-03, 
 2DIAGNOSTIC,    32, -9.377944851354e-01, 1.080051140594e-05, 9.6456e-01, 5.2180e-03, 
DIAGNOSTIC,Iteration,metricValue,convergenceValue,ITERATION_TIME_INDEX,SINCE_LAST
 2DIAGNOSTIC,     1, -7.503837858360e-01, 1.797693134862e+308, 1.7245e+00, 7.5990e-01, 
 2DIAGNOSTIC,     2, -7.508481193503e-01, 1.797693134862e+308, 1.7633e+00, 3.8826e-02, 
 2DIAGNOSTIC,     3, -7.513441869505e-01, 1.797693134862e+308, 1.7984e+00, 3.5114e-02, 
 2DIAGNOSTIC,     4, -7.520062102922e-01, 1.797693134862e+308, 1.8345e+00, 3.6059e-02, 
 2DIAGNOSTIC,     5, -7.536178243386e-01, 1.797693134862e+308, 1.8732e+00, 3.8771e-02, 
 2DIAGNOSTIC,     6, -7.542208809044e-01, 1.797693134862e+308, 1.9261e+00, 5.2901e-02, 
 2DIAGNOSTIC,     7, -7.542921194523e-01, 1.797693134862e+308, 1.9762e+00, 5.0078e-02, 
 2DIAGNOSTIC,     8, -7.543018904568e-01, 1.797693134862e+308, 2.0139e+00, 3.7679e-02, 
 2DIAGNOSTIC,     9, -7.543004034341e-01, 1.797693134862e+308, 2.0505e+00, 3.6613e-02, 
 2DIAGNOSTIC,    10, -7.542857914708e-01, 3.867301681068e-04, 2.0874e+00, 3.6884e-02, 
 2DIAGNOSTIC,    11, -7.542810253448e-01, 2.754679331095e-04, 2.1203e+00, 3.2891e-02, 
 2DIAGNOSTIC,    12, -7.542628066297e-01, 1.728866167604e-04, 2.1538e+00, 3.3521e-02, 
 2DIAGNOSTIC,    13, -7.542651583020e-01, 8.549775973775e-05, 2.1925e+00, 3.8715e-02, 
 2DIAGNOSTIC,    14, -7.542751069183e-01, 2.014732046313e-05, 2.2257e+00, 3.3144e-02, 
 2DIAGNOSTIC,    15, -7.542762079215e-01, 2.030978235062e-06, 2.2625e+00, 3.6815e-02, 
DIAGNOSTIC,Iteration,metricValue,convergenceValue,ITERATION_TIME_INDEX,SINCE_LAST
 2DIAGNOSTIC,     1, -6.404644528933e-01, 1.797693134862e+308, 3.3764e+00, 1.1139e+00, 
 2DIAGNOSTIC,     2, -6.409761922046e-01, 1.797693134862e+308, 3.6475e+00, 2.7106e-01, 
 2DIAGNOSTIC,     3, -6.415968620749e-01, 1.797693134862e+308, 3.9142e+00, 2.6672e-01, 
 2DIAGNOSTIC,     4, -6.422536009234e-01, 1.797693134862e+308, 4.2064e+00, 2.9221e-01, 
 2DIAGNOSTIC,     5, -6.431465082715e-01, 1.797693134862e+308, 4.5100e+00, 3.0361e-01, 
 2DIAGNOSTIC,     6, -6.452179727830e-01, 1.797693134862e+308, 4.8479e+00, 3.3790e-01, 
 2DIAGNOSTIC,     7, -6.452887917016e-01, 1.797693134862e+308, 5.2741e+00, 4.2620e-01, 
 2DIAGNOSTIC,     8, -6.452891461057e-01, 1.797693134862e+308, 5.6033e+00, 3.2924e-01, 
 2DIAGNOSTIC,     9, -6.452889745371e-01, 1.797693134862e+308, 5.8949e+00, 2.9154e-01, 
 2DIAGNOSTIC,    10, -6.452820335464e-01, 5.745764592341e-04, 6.2003e+00, 3.0539e-01, 
 2DIAGNOSTIC,    11, -6.452727858629e-01, 4.307743382518e-04, 6.5868e+00, 3.8657e-01, 
 2DIAGNOSTIC,    12, -6.452731700889e-01, 2.913268395166e-04, 6.8700e+00, 2.8311e-01, 
 2DIAGNOSTIC,    13, -6.452730659126e-01, 1.692454095343e-04, 7.1652e+00, 2.9527e-01, 
 2DIAGNOSTIC,    14, -6.452728011522e-01, 7.019870978228e-05, 7.4326e+00, 2.6742e-01, 
 2DIAGNOSTIC,    15, -6.452698907850e-01, 2.646854808067e-06, 7.7510e+00, 3.1837e-01, 
DIAGNOSTIC,Iteration,metricValue,convergenceValue,ITERATION_TIME_INDEX,SINCE_LAST
 2DIAGNOSTIC,     1, -5.766286305010e-01, 1.797693134862e+308, 1.0769e+01, 3.0183e+00, 
 2DIAGNOSTIC,     2, -5.770781856209e-01, 1.797693134862e+308, 1.2504e+01, 1.7349e+00, 
 2DIAGNOSTIC,     3, -5.775810295812e-01, 1.797693134862e+308, 1.4168e+01, 1.6638e+00, 
 2DIAGNOSTIC,     4, -5.781925493599e-01, 1.797693134862e+308, 1.5903e+01, 1.7348e+00, 
 2DIAGNOSTIC,     5, -5.798275217377e-01, 1.797693134862e+308, 2.0017e+01, 4.1142e+00, 
 2DIAGNOSTIC,     6, -5.798286041103e-01, 1.797693134862e+308, 2.1910e+01, 1.8932e+00, 
 2DIAGNOSTIC,     7, -5.798280592770e-01, 1.797693134862e+308, 2.3757e+01, 1.8465e+00, 
 2DIAGNOSTIC,     8, -5.798282321454e-01, 1.797693134862e+308, 2.6387e+01, 2.6298e+00, 
 2DIAGNOSTIC,     9, -5.798284507317e-01, 1.797693134862e+308, 2.8050e+01, 1.6631e+00, 
 2DIAGNOSTIC,    10, -5.798277129087e-01, 3.931886017324e-04, 3.0513e+01, 2.4629e+00, 
 2DIAGNOSTIC,    11, -5.798277792138e-01, 2.644775121756e-04, 3.2330e+01, 1.8177e+00, 
 2DIAGNOSTIC,    12, -5.798276950275e-01, 1.529851612793e-04, 3.4145e+01, 1.8145e+00, 
 2DIAGNOSTIC,    13, -5.798276107982e-01, 6.415954072572e-05, 3.5756e+01, 1.6114e+00, 
 2DIAGNOSTIC,    14, -5.798275723108e-01, 2.225597459854e-06, 3.7930e+01, 2.1740e+00, 
 2DIAGNOSTIC,    15, -5.798275999528e-01, 2.050839913004e-06, 3.9820e+01, 1.8894e+00, 
 2DIAGNOSTIC,    16, -5.798274671846e-01, 1.934327366310e-06, 4.1464e+01, 1.6440e+00, 
 2DIAGNOSTIC,    17, -5.798273467479e-01, 1.817210682320e-06, 4.3287e+01, 1.8235e+00, 
 2DIAGNOSTIC,    18, -5.798273662425e-01, 1.723249576924e-06, 4.4976e+01, 1.6886e+00, 
 2DIAGNOSTIC,    19, -5.798272485810e-01, 1.646468701981e-06, 4.6820e+01, 1.8439e+00, 
 2DIAGNOSTIC,    20, -5.798271449943e-01, 1.559389138844e-06, 4.8469e+01, 1.6493e+00, 
 2DIAGNOSTIC,    21, -5.798272244344e-01, 1.487159398787e-06, 5.0399e+01, 1.9300e+00, 
 2DIAGNOSTIC,    22, -5.798269931634e-01, 1.417145505174e-06, 5.2186e+01, 1.7874e+00, 
 2DIAGNOSTIC,    23, -5.798269257699e-01, 1.352907631841e-06, 5.3784e+01, 1.5977e+00, 
 2DIAGNOSTIC,    24, -5.798269156492e-01, 1.295920162771e-06, 5.5805e+01, 2.0207e+00, 
 2DIAGNOSTIC,    25, -5.798269920596e-01, 1.248398800682e-06, 5.7599e+01, 1.7938e+00, 
 2DIAGNOSTIC,    26, -5.798268907926e-01, 1.202426176267e-06, 5.9360e+01, 1.7610e+00, 
 2DIAGNOSTIC,    27, -5.798268236465e-01, 1.158579419284e-06, 6.1166e+01, 1.8059e+00, 
 2DIAGNOSTIC,    28, -5.798267564198e-01, 1.119075396787e-06, 6.2765e+01, 1.5994e+00, 
 2DIAGNOSTIC,    29, -5.798265960372e-01, 1.079260805781e-06, 6.4391e+01, 1.6261e+00, 
 2DIAGNOSTIC,    30, -5.798268341454e-01, 1.045957632742e-06, 6.6404e+01, 2.0128e+00, 
 2DIAGNOSTIC,    31, -5.798269291006e-01, 1.018940656933e-06, 6.8247e+01, 1.8436e+00, 
  Elapsed time (stage 0): 6.9292e+01


Total elapsed time: 6.9294e+01
Info [verificarlo]: loaded backend libinterflop_vprec.so
Info [interflop-vprec]: load backend with: 
Info [interflop-vprec]: precision-binary32 = 22
Info [interflop-vprec]: range-binary32 = 8
Info [interflop-vprec]: precision-binary64 = 22
Info [interflop-vprec]: range-binary64 = 8
Info [interflop-vprec]: mode = ob
Info [interflop-vprec]: error-mode = rel
Info [interflop-vprec]: max-abs-error-exponent = -1022
Info [interflop-vprec]: daz = false
Info [interflop-vprec]: ftz = false
Info [interflop-vprec]: 	instrument = none
Info [interflop-vprec]: 	prec-input-file = (null)
Info [interflop-vprec]: 	prec-output-file = (null)
Info [interflop-vprec]: 	prec-log-file = (null)
All_Command_lines_OK
Using double precision for computations.
=============================================================================
The composite transform comprises the following transforms (in order): 
  1. /home/mdugre/scratch/mri-registration-rp/datasets/ds004513/derivatives/mri-registration-rp/0001/antsRegistration-r8-p22/sub-s025/affine_Composite.h5[0] (type = Euler3DTransform)
  2. /home/mdugre/scratch/mri-registration-rp/datasets/ds004513/derivatives/mri-registration-rp/0001/antsRegistration-r8-p22/sub-s025/affine_Composite.h5[1] (type = Euler3DTransform)
  3. /home/mdugre/scratch/mri-registration-rp/datasets/ds004513/derivatives/mri-registration-rp/0001/antsRegistration-r8-p22/sub-s025/affine_Composite.h5[2] (type = Euler3DTransform)
