
##########################
# Experiment information #
##########################

EXPERIMENT_NAME: antsRegistration-r8-p9
VFC_BACKENDS: libinterflop_vprec.so --range-binary32=8 --precision-binary32=9 --range-binary64=8 --precision-binary64=9

SIF_IMG: /home/mdugre/projects/rrg-glatard/mdugre/containers/ants-vprec-no_metrics.simg

SUBJECT_ID: s032
INPUT_IMG: /home/mdugre/scratch/mri-registration-rp/datasets/ds004513/derivatives/mri-registration-rp/antsBrainExtraction/sub-s032/BrainExtractionBrain.nii.gz
OUTPUT_DIR: /home/mdugre/scratch/mri-registration-rp/datasets/ds004513/derivatives/mri-registration-rp/0001/antsRegistration-r8-p9/sub-s032

FIXED_IMG: /templateflow/tpl-MNI152NLin2009cAsym/tpl-MNI152NLin2009cAsym_res-01_desc-brain_T1w.nii.gz
DATA_DIR: /home/mdugre/scratch/mri-registration-rp/datasets/ds004513
TEMPLATEFLOW_DIR: /home/mdugre/projects/rrg-glatard/mdugre/templateflow
ITK_GLOBAL_DEFAULT_NUMBER_OF_THREADS: 16
##########################

Info [verificarlo]: loaded backend libinterflop_ieee.so
Info [interflop-ieee]: load backend with:
Info [interflop-ieee]: debug = false
Info [interflop-ieee]: debug-binary = false
Info [interflop-ieee]: no-backend-name = false
Info [interflop-ieee]: print-new-line = false
Info [interflop-ieee]: print-subnormal-normalized = false
Info [interflop-ieee]: count-op = false
All_Command_lines_OK
Using double precision for computations.
=============================================================================
The composite transform comprises the following transforms (in order): 
  1. Center of mass alignment using fixed image: /templateflow/tpl-MNI152NLin2009cAsym/tpl-MNI152NLin2009cAsym_res-01_desc-brain_T1w.nii.gz and moving image: /home/mdugre/scratch/mri-registration-rp/datasets/ds004513/derivatives/mri-registration-rp/antsBrainExtraction/sub-s032/BrainExtractionBrain.nii.gz (type = Euler3DTransform)
=============================================================================
  number of levels = 1
  fixed image: /templateflow/tpl-MNI152NLin2009cAsym/tpl-MNI152NLin2009cAsym_res-01_desc-brain_T1w.nii.gz
  moving image: /home/mdugre/scratch/mri-registration-rp/datasets/ds004513/derivatives/mri-registration-rp/antsBrainExtraction/sub-s032/BrainExtractionBrain.nii.gz
Dimension = 3
Number of stages = 1
Use histogram matching = false
Winsorize image intensities = true
  Lower quantile = 0.005
  Upper quantile = 0.995


Stage 1 State
   Image metric = MattesMI
     Fixed image = Image (0x45d7bd0)
  RTTI typeinfo:   itk::Image<double, 3u>
  Reference Count: 2
  Modified Time: 2330
  Debug: Off
  Object Name: 
  Observers: 
    none
  Source: (none)
  Source output name: (none)
  Release Data: Off
  Data Released: False
  Global Release Data: Off
  PipelineMTime: 0
  UpdateMTime: 1941
  RealTimeStamp: 0 seconds 
  LargestPossibleRegion: 
    Dimension: 3
    Index: [0, 0, 0]
    Size: [193, 229, 193]
  BufferedRegion: 
    Dimension: 3
    Index: [0, 0, 0]
    Size: [193, 229, 193]
  RequestedRegion: 
    Dimension: 3
    Index: [0, 0, 0]
    Size: [193, 229, 193]
  Spacing: [1, 1, 1]
  Origin: [96, 132, -78]
  Direction: 
-1 0 0
0 -1 0
0 0 1

  IndexToPointMatrix: 
-1 0 0
0 -1 0
0 0 1

  PointToIndexMatrix: 
-1 0 0
0 -1 0
0 0 1

  Inverse Direction: 
-1 0 0
0 -1 0
0 0 1

  PixelContainer: 
    ImportImageContainer (0x45e09e0)
      RTTI typeinfo:   itk::ImportImageContainer<unsigned long, double>
      Reference Count: 1
      Modified Time: 1938
      Debug: Off
      Object Name: 
      Observers: 
        none
      Pointer: 0x14e47a939010
      Container manages memory: true
      Size: 8530021
      Capacity: 8530021

     Moving image = Image (0x45e1d40)
  RTTI typeinfo:   itk::Image<double, 3u>
  Reference Count: 2
  Modified Time: 2331
  Debug: Off
  Object Name: 
  Observers: 
    none
  Source: (none)
  Source output name: (none)
  Release Data: Off
  Data Released: False
  Global Release Data: Off
  PipelineMTime: 0
  UpdateMTime: 2328
  RealTimeStamp: 0 seconds 
  LargestPossibleRegion: 
    Dimension: 3
    Index: [0, 0, 0]
    Size: [160, 240, 256]
  BufferedRegion: 
    Dimension: 3
    Index: [0, 0, 0]
    Size: [160, 240, 256]
  RequestedRegion: 
    Dimension: 3
    Index: [0, 0, 0]
    Size: [160, 240, 256]
  Spacing: [1, 1, 1]
  Origin: [73.279, 104.707, -131.187]
  Direction: 
-0.997527 0.0645574 -0.0278053
-0.0645323 -0.997914 -0.00179875
-0.0278634 4.01097e-08 0.999612

  IndexToPointMatrix: 
-0.997527 0.0645574 -0.0278053
-0.0645323 -0.997914 -0.00179875
-0.0278634 4.01097e-08 0.999612

  PointToIndexMatrix: 
-0.997527 -0.0645323 -0.0278634
0.0645574 -0.997914 4.01049e-08
-0.0278053 -0.00179875 0.999612

  Inverse Direction: 
-0.997527 -0.0645323 -0.0278634
0.0645574 -0.997914 4.01049e-08
-0.0278053 -0.00179875 0.999612

  PixelContainer: 
    ImportImageContainer (0x4607850)
      RTTI typeinfo:   itk::ImportImageContainer<unsigned long, double>
      Reference Count: 1
      Modified Time: 2325
      Debug: Off
      Object Name: 
      Observers: 
        none
      Pointer: 0x14e475e38010
      Container manages memory: true
      Size: 9830400
      Capacity: 9830400

     Weighting = 1
     Sampling strategy = regular
     Number of bins = 32
     Radius = 4
     Sampling percentage  = 0.25
   Transform = Rigid
     Gradient step = 0.1
     Update field sigma (voxel space) = 0
     Total field sigma (voxel space) = 0
     Update field time sigma = 0
     Total field time sigma  = 0
     Number of time indices = 0
     Number of time point samples = 0
Registration using 1 total stages.

Stage 0
  iterations = 0
  convergence threshold = 1e-06
  convergence window size = 10
  number of levels = 1
  using the Mattes MI metric (number of bins = 32, weight = 1, use gradient filter = 0)
  preprocessing:  winsorizing the image intensities
  Shrink factors (level 1 out of 1): [1, 1, 1]
  smoothing sigmas per level: [0]
  regular sampling (percentage = 0.25)

*** Running Euler3DTransform registration ***

  Elapsed time (stage 0): 1.2437


Total elapsed time: 1.25626
Info [verificarlo]: loaded backend libinterflop_ieee.so
Info [interflop-ieee]: load backend with:
Info [interflop-ieee]: debug = false
Info [interflop-ieee]: debug-binary = false
Info [interflop-ieee]: no-backend-name = false
Info [interflop-ieee]: print-new-line = false
Info [interflop-ieee]: print-subnormal-normalized = false
Info [interflop-ieee]: count-op = false
All_Command_lines_OK
Using double precision for computations.
=============================================================================
The composite transform comprises the following transforms (in order): 
  1. /home/mdugre/scratch/mri-registration-rp/datasets/ds004513/derivatives/mri-registration-rp/0001/antsRegistration-r8-p9/sub-s032/align_Composite.h5[0] (type = Euler3DTransform)
  2. /home/mdugre/scratch/mri-registration-rp/datasets/ds004513/derivatives/mri-registration-rp/0001/antsRegistration-r8-p9/sub-s032/align_Composite.h5[1] (type = Euler3DTransform)
=============================================================================
  number of levels = 4
  fixed image: /templateflow/tpl-MNI152NLin2009cAsym/tpl-MNI152NLin2009cAsym_res-01_desc-brain_T1w.nii.gz
  moving image: /home/mdugre/scratch/mri-registration-rp/datasets/ds004513/derivatives/mri-registration-rp/antsBrainExtraction/sub-s032/BrainExtractionBrain.nii.gz
Dimension = 3
Number of stages = 1
Use histogram matching = false
Winsorize image intensities = true
  Lower quantile = 0.005
  Upper quantile = 0.995


Stage 1 State
   Image metric = MattesMI
     Fixed image = Image (0x454f530)
  RTTI typeinfo:   itk::Image<double, 3u>
  Reference Count: 2
  Modified Time: 1578
  Debug: Off
  Object Name: 
  Observers: 
    none
  Source: (none)
  Source output name: (none)
  Release Data: Off
  Data Released: False
  Global Release Data: Off
  PipelineMTime: 0
  UpdateMTime: 1189
  RealTimeStamp: 0 seconds 
  LargestPossibleRegion: 
    Dimension: 3
    Index: [0, 0, 0]
    Size: [193, 229, 193]
  BufferedRegion: 
    Dimension: 3
    Index: [0, 0, 0]
    Size: [193, 229, 193]
  RequestedRegion: 
    Dimension: 3
    Index: [0, 0, 0]
    Size: [193, 229, 193]
  Spacing: [1, 1, 1]
  Origin: [96, 132, -78]
  Direction: 
-1 0 0
0 -1 0
0 0 1

  IndexToPointMatrix: 
-1 0 0
0 -1 0
0 0 1

  PointToIndexMatrix: 
-1 0 0
0 -1 0
0 0 1

  Inverse Direction: 
-1 0 0
0 -1 0
0 0 1

  PixelContainer: 
    ImportImageContainer (0x460dd60)
      RTTI typeinfo:   itk::ImportImageContainer<unsigned long, double>
      Reference Count: 1
      Modified Time: 1186
      Debug: Off
      Object Name: 
      Observers: 
        none
      Pointer: 0x146fb947b010
      Container manages memory: true
      Size: 8530021
      Capacity: 8530021

     Moving image = Image (0x45fff60)
  RTTI typeinfo:   itk::Image<double, 3u>
  Reference Count: 2
  Modified Time: 1579
  Debug: Off
  Object Name: 
  Observers: 
    none
  Source: (none)
  Source output name: (none)
  Release Data: Off
  Data Released: False
  Global Release Data: Off
  PipelineMTime: 0
  UpdateMTime: 1576
  RealTimeStamp: 0 seconds 
  LargestPossibleRegion: 
    Dimension: 3
    Index: [0, 0, 0]
    Size: [160, 240, 256]
  BufferedRegion: 
    Dimension: 3
    Index: [0, 0, 0]
    Size: [160, 240, 256]
  RequestedRegion: 
    Dimension: 3
    Index: [0, 0, 0]
    Size: [160, 240, 256]
  Spacing: [1, 1, 1]
  Origin: [73.279, 104.707, -131.187]
  Direction: 
-0.997527 0.0645574 -0.0278053
-0.0645323 -0.997914 -0.00179875
-0.0278634 4.01097e-08 0.999612

  IndexToPointMatrix: 
-0.997527 0.0645574 -0.0278053
-0.0645323 -0.997914 -0.00179875
-0.0278634 4.01097e-08 0.999612

  PointToIndexMatrix: 
-0.997527 -0.0645323 -0.0278634
0.0645574 -0.997914 4.01049e-08
-0.0278053 -0.00179875 0.999612

  Inverse Direction: 
-0.997527 -0.0645323 -0.0278634
0.0645574 -0.997914 4.01049e-08
-0.0278053 -0.00179875 0.999612

  PixelContainer: 
    ImportImageContainer (0x45f16d0)
      RTTI typeinfo:   itk::ImportImageContainer<unsigned long, double>
      Reference Count: 1
      Modified Time: 1573
      Debug: Off
      Object Name: 
      Observers: 
        none
      Pointer: 0x146fb497a010
      Container manages memory: true
      Size: 9830400
      Capacity: 9830400

     Weighting = 1
     Sampling strategy = regular
     Number of bins = 32
     Radius = 4
     Sampling percentage  = 0.25
   Transform = Rigid
     Gradient step = 0.1
     Update field sigma (voxel space) = 0
     Total field sigma (voxel space) = 0
     Update field time sigma = 0
     Total field time sigma  = 0
     Number of time indices = 0
     Number of time point samples = 0
Registration using 1 total stages.

Stage 0
  iterations = 1000x500x250x100
  convergence threshold = 1e-06
  convergence window size = 10
  number of levels = 4
  using the Mattes MI metric (number of bins = 32, weight = 1, use gradient filter = 0)
  preprocessing:  winsorizing the image intensities
  Shrink factors (level 1 out of 4): [8, 8, 8]
  Shrink factors (level 2 out of 4): [4, 4, 4]
  Shrink factors (level 3 out of 4): [2, 2, 2]
  Shrink factors (level 4 out of 4): [1, 1, 1]
  smoothing sigmas per level: [3, 2, 1, 0]
  regular sampling (percentage = 0.25)

*** Running Euler3DTransform registration ***

DIAGNOSTIC,Iteration,metricValue,convergenceValue,ITERATION_TIME_INDEX,SINCE_LAST
 2DIAGNOSTIC,     1, -5.480496989617e-01, 1.797693134862e+308, 7.4026e-01, 7.4026e-01, 
 2DIAGNOSTIC,     2, -5.506811078454e-01, 1.797693134862e+308, 7.4511e-01, 4.8511e-03, 
 2DIAGNOSTIC,     3, -5.546514955662e-01, 1.797693134862e+308, 7.4985e-01, 4.7479e-03, 
 2DIAGNOSTIC,     4, -5.606863537750e-01, 1.797693134862e+308, 7.5433e-01, 4.4730e-03, 
 2DIAGNOSTIC,     5, -5.693661845193e-01, 1.797693134862e+308, 7.5875e-01, 4.4188e-03, 
 2DIAGNOSTIC,     6, -5.854078830086e-01, 1.797693134862e+308, 7.6326e-01, 4.5159e-03, 
 2DIAGNOSTIC,     7, -6.232769732918e-01, 1.797693134862e+308, 7.6782e-01, 4.5550e-03, 
 2DIAGNOSTIC,     8, -6.297683730473e-01, 1.797693134862e+308, 7.7313e-01, 5.3179e-03, 
 2DIAGNOSTIC,     9, -6.366738733405e-01, 1.797693134862e+308, 7.8122e-01, 8.0841e-03, 
 2DIAGNOSTIC,    10, -6.375630690827e-01, 1.201760866083e-02, 7.8583e-01, 4.6089e-03, 
 2DIAGNOSTIC,    11, -6.405337628679e-01, 1.087684809450e-02, 7.9043e-01, 4.6041e-03, 
 2DIAGNOSTIC,    12, -6.435528997438e-01, 9.167753354490e-03, 7.9546e-01, 5.0321e-03, 
 2DIAGNOSTIC,    13, -6.444720921444e-01, 7.089498731847e-03, 7.9994e-01, 4.4789e-03, 
 2DIAGNOSTIC,    14, -6.463616611293e-01, 4.967892496988e-03, 8.0502e-01, 5.0800e-03, 
 2DIAGNOSTIC,    15, -6.484646963404e-01, 3.033020789043e-03, 8.1326e-01, 8.2381e-03, 
 2DIAGNOSTIC,    16, -6.486009987994e-01, 1.520386367320e-03, 8.1787e-01, 4.6051e-03, 
 2DIAGNOSTIC,    17, -6.493699344760e-01, 1.108203205204e-03, 8.2252e-01, 4.6551e-03, 
 2DIAGNOSTIC,    18, -6.514578195065e-01, 8.586162135988e-04, 8.2690e-01, 4.3838e-03, 
 2DIAGNOSTIC,    19, -6.526592717406e-01, 7.533650369805e-04, 8.3135e-01, 4.4479e-03, 
 2DIAGNOSTIC,    20, -6.536191777189e-01, 6.303067369292e-04, 8.3579e-01, 4.4398e-03, 
 2DIAGNOSTIC,    21, -6.549162298979e-01, 5.534292205378e-04, 8.4029e-01, 4.5011e-03, 
 2DIAGNOSTIC,    22, -6.562385790832e-01, 5.226986103231e-04, 8.4575e-01, 5.4541e-03, 
 2DIAGNOSTIC,    23, -6.565000058113e-01, 4.680180012233e-04, 8.5080e-01, 5.0490e-03, 
 2DIAGNOSTIC,    24, -6.565387353854e-01, 4.101063704200e-04, 8.5588e-01, 5.0819e-03, 
 2DIAGNOSTIC,    25, -6.567702146892e-01, 3.618032093011e-04, 8.6104e-01, 5.1599e-03, 
 2DIAGNOSTIC,    26, -6.583507212369e-01, 3.132611037333e-04, 8.6547e-01, 4.4351e-03, 
 2DIAGNOSTIC,    27, -6.586527568469e-01, 2.554116018355e-04, 8.7010e-01, 4.6251e-03, 
 2DIAGNOSTIC,    28, -6.593310437739e-01, 2.225767143855e-04, 8.7555e-01, 5.4510e-03, 
 2DIAGNOSTIC,    29, -6.595734041655e-01, 1.939316665350e-04, 8.8039e-01, 4.8430e-03, 
 2DIAGNOSTIC,    30, -6.595955819569e-01, 1.634946778535e-04, 8.8525e-01, 4.8580e-03, 
 2DIAGNOSTIC,    31, -6.596949967569e-01, 1.392755860939e-04, 8.8955e-01, 4.2970e-03, 
 2DIAGNOSTIC,    32, -6.597157295314e-01, 1.221677497625e-04, 8.9483e-01, 5.2800e-03, 
 2DIAGNOSTIC,    33, -6.597001423847e-01, 9.820426863356e-05, 9.0200e-01, 7.1771e-03, 
 2DIAGNOSTIC,    34, -6.595254449708e-01, 6.486903007994e-05, 9.0638e-01, 4.3709e-03, 
 2DIAGNOSTIC,    35, -6.595295822814e-01, 3.010817891275e-05, 9.1041e-01, 4.0338e-03, 
 2DIAGNOSTIC,    36, -6.595351297939e-01, 1.424396567318e-05, 9.1448e-01, 4.0679e-03, 
 2DIAGNOSTIC,    37, -6.595409535783e-01, 1.474135181846e-06, 9.1858e-01, 4.1049e-03, 
DIAGNOSTIC,Iteration,metricValue,convergenceValue,ITERATION_TIME_INDEX,SINCE_LAST
 2DIAGNOSTIC,     1, -5.183739626489e-01, 1.797693134862e+308, 1.5764e+00, 6.5783e-01, 
 2DIAGNOSTIC,     2, -5.189226238246e-01, 1.797693134862e+308, 1.6075e+00, 3.1131e-02, 
 2DIAGNOSTIC,     3, -5.196899327306e-01, 1.797693134862e+308, 1.6393e+00, 3.1796e-02, 
 2DIAGNOSTIC,     4, -5.204463662963e-01, 1.797693134862e+308, 1.6672e+00, 2.7874e-02, 
 2DIAGNOSTIC,     5, -5.209979485252e-01, 1.797693134862e+308, 1.6976e+00, 3.0369e-02, 
 2DIAGNOSTIC,     6, -5.216357744138e-01, 1.797693134862e+308, 1.7252e+00, 2.7619e-02, 
 2DIAGNOSTIC,     7, -5.233753715096e-01, 1.797693134862e+308, 1.7546e+00, 2.9363e-02, 
 2DIAGNOSTIC,     8, -5.241119131488e-01, 1.797693134862e+308, 1.7918e+00, 3.7219e-02, 
 2DIAGNOSTIC,     9, -5.247293428759e-01, 1.797693134862e+308, 1.8290e+00, 3.7176e-02, 
 2DIAGNOSTIC,    10, -5.250028240233e-01, 8.899807874895e-04, 1.8608e+00, 3.1841e-02, 
 2DIAGNOSTIC,    11, -5.254483047124e-01, 7.905531950974e-04, 1.8924e+00, 3.1575e-02, 
 2DIAGNOSTIC,    12, -5.277635696081e-01, 7.650652192360e-04, 1.9238e+00, 3.1468e-02, 
 2DIAGNOSTIC,    13, -5.283161397793e-01, 7.264280021370e-04, 1.9518e+00, 2.7934e-02, 
 2DIAGNOSTIC,    14, -5.288222943770e-01, 6.775650735460e-04, 1.9795e+00, 2.7678e-02, 
 2DIAGNOSTIC,    15, -5.289976644952e-01, 6.012605796302e-04, 2.0081e+00, 2.8667e-02, 
 2DIAGNOSTIC,    16, -5.298475162446e-01, 5.287514631920e-04, 2.0441e+00, 3.5983e-02, 
 2DIAGNOSTIC,    17, -5.313522076618e-01, 5.176187950408e-04, 2.0752e+00, 3.1126e-02, 
 2DIAGNOSTIC,    18, -5.317211679591e-01, 4.916454073967e-04, 2.1058e+00, 3.0579e-02, 
 2DIAGNOSTIC,    19, -5.322490358732e-01, 4.569569620035e-04, 2.1464e+00, 4.0609e-02, 
 2DIAGNOSTIC,    20, -5.323326705170e-01, 3.939633281637e-04, 2.1738e+00, 2.7398e-02, 
 2DIAGNOSTIC,    21, -5.323870011161e-01, 3.117707503345e-04, 2.2014e+00, 2.7555e-02, 
 2DIAGNOSTIC,    22, -5.325994578029e-01, 2.695181915643e-04, 2.2293e+00, 2.7953e-02, 
 2DIAGNOSTIC,    23, -5.331717152229e-01, 2.319116625697e-04, 2.2611e+00, 3.1818e-02, 
 2DIAGNOSTIC,    24, -5.338198489345e-01, 2.019515359273e-04, 2.2972e+00, 3.6068e-02, 
 2DIAGNOSTIC,    25, -5.347521829594e-01, 1.792046179028e-04, 2.3326e+00, 3.5394e-02, 
 2DIAGNOSTIC,    26, -5.360164990090e-01, 1.844348161689e-04, 2.3601e+00, 2.7516e-02, 
 2DIAGNOSTIC,    27, -5.368145363142e-01, 2.174693092022e-04, 2.3883e+00, 2.8202e-02, 
 2DIAGNOSTIC,    28, -5.377401765390e-01, 2.522227945138e-04, 2.4252e+00, 3.6923e-02, 
 2DIAGNOSTIC,    29, -5.382300807852e-01, 2.794955758463e-04, 2.4616e+00, 3.6326e-02, 
 2DIAGNOSTIC,    30, -5.388932661585e-01, 2.919318742032e-04, 2.4903e+00, 2.8748e-02, 
 2DIAGNOSTIC,    31, -5.432090235603e-01, 3.513889581005e-04, 2.5215e+00, 3.1208e-02, 
 2DIAGNOSTIC,    32, -5.482442016079e-01, 4.596355745774e-04, 2.5521e+00, 3.0573e-02, 
 2DIAGNOSTIC,    33, -5.488873921268e-01, 5.359235895832e-04, 2.5861e+00, 3.4024e-02, 
 2DIAGNOSTIC,    34, -5.511693734774e-01, 6.044507546939e-04, 2.6163e+00, 3.0147e-02, 
 2DIAGNOSTIC,    35, -5.542904310512e-01, 6.731728090987e-04, 2.6512e+00, 3.4884e-02, 
 2DIAGNOSTIC,    36, -5.616779680709e-01, 7.998209521498e-04, 2.6874e+00, 3.6279e-02, 
 2DIAGNOSTIC,    37, -5.660503614385e-01, 9.139881586130e-04, 2.7196e+00, 3.2203e-02, 
 2DIAGNOSTIC,    38, -5.662112488002e-01, 9.507355370816e-04, 2.7515e+00, 3.1825e-02, 
 2DIAGNOSTIC,    39, -5.665273165333e-01, 9.092034307572e-04, 2.7937e+00, 4.2193e-02, 
 2DIAGNOSTIC,    40, -5.665827365338e-01, 7.918604355555e-04, 2.8228e+00, 2.9102e-02, 
 2DIAGNOSTIC,    41, -5.669903690591e-01, 6.629678572950e-04, 2.8505e+00, 2.7749e-02, 
 2DIAGNOSTIC,    42, -5.671884507365e-01, 5.426827112348e-04, 2.8847e+00, 3.4206e-02, 
 2DIAGNOSTIC,    43, -5.672213951188e-01, 3.857810946455e-04, 2.9187e+00, 3.4022e-02, 
 2DIAGNOSTIC,    44, -5.672262780073e-01, 2.279140019259e-04, 2.9499e+00, 3.1204e-02, 
 2DIAGNOSTIC,    45, -5.672211145535e-01, 9.036682397966e-05, 2.9813e+00, 3.1361e-02, 
 2DIAGNOSTIC,    46, -5.672333306101e-01, 3.374951657715e-05, 3.0086e+00, 2.7342e-02, 
 2DIAGNOSTIC,    47, -5.672319647850e-01, 2.532981704212e-05, 3.0412e+00, 3.2597e-02, 
 2DIAGNOSTIC,    48, -5.672441686673e-01, 1.678336147167e-05, 3.0782e+00, 3.6926e-02, 
 2DIAGNOSTIC,    49, -5.672300856883e-01, 1.036160311593e-05, 3.1108e+00, 3.2626e-02, 
 2DIAGNOSTIC,    50, -5.672071107231e-01, 3.535312920362e-06, 3.1397e+00, 2.8918e-02, 
DIAGNOSTIC,Iteration,metricValue,convergenceValue,ITERATION_TIME_INDEX,SINCE_LAST
 2DIAGNOSTIC,     1, -5.013371208777e-01, 1.797693134862e+308, 4.2796e+00, 1.1399e+00, 
 2DIAGNOSTIC,     2, -5.015523270495e-01, 1.797693134862e+308, 4.5326e+00, 2.5303e-01, 
 2DIAGNOSTIC,     3, -5.018025315760e-01, 1.797693134862e+308, 4.7956e+00, 2.6297e-01, 
 2DIAGNOSTIC,     4, -5.019679428157e-01, 1.797693134862e+308, 5.0282e+00, 2.3258e-01, 
 2DIAGNOSTIC,     5, -5.020555754198e-01, 1.797693134862e+308, 5.2481e+00, 2.1997e-01, 
 2DIAGNOSTIC,     6, -5.021622450977e-01, 1.797693134862e+308, 5.5145e+00, 2.6641e-01, 
 2DIAGNOSTIC,     7, -5.022587893375e-01, 1.797693134862e+308, 5.8784e+00, 3.6387e-01, 
 2DIAGNOSTIC,     8, -5.023550211364e-01, 1.797693134862e+308, 6.1412e+00, 2.6282e-01, 
 2DIAGNOSTIC,     9, -5.023879258763e-01, 1.797693134862e+308, 6.4003e+00, 2.5908e-01, 
 2DIAGNOSTIC,    10, -5.024149446170e-01, 1.361704520848e-04, 6.6566e+00, 2.5630e-01, 
 2DIAGNOSTIC,    11, -5.024356811694e-01, 9.907346124022e-05, 6.9748e+00, 3.1817e-01, 
 2DIAGNOSTIC,    12, -5.024569645988e-01, 7.041806706294e-05, 7.2251e+00, 2.5036e-01, 
 2DIAGNOSTIC,    13, -5.024557374838e-01, 5.072308124873e-05, 7.4782e+00, 2.5308e-01, 
 2DIAGNOSTIC,    14, -5.024549789430e-01, 3.611372627899e-05, 7.8486e+00, 3.7037e-01, 
 2DIAGNOSTIC,    15, -5.024558337699e-01, 2.367906790948e-05, 8.1476e+00, 2.9903e-01, 
 2DIAGNOSTIC,    16, -5.024548989549e-01, 1.450420471880e-05, 8.3909e+00, 2.4328e-01, 
 2DIAGNOSTIC,    17, -5.024516346486e-01, 8.284872004403e-06, 8.6636e+00, 2.7267e-01, 
 2DIAGNOSTIC,    18, -5.024511435632e-01, 5.166989546231e-06, 8.9404e+00, 2.7683e-01, 
 2DIAGNOSTIC,    19, -5.024497888791e-01, 2.996102324862e-06, 9.2589e+00, 3.1847e-01, 
 2DIAGNOSTIC,    20, -5.024492176417e-01, 1.657006020561e-06, 9.4765e+00, 2.1763e-01, 
DIAGNOSTIC,Iteration,metricValue,convergenceValue,ITERATION_TIME_INDEX,SINCE_LAST
 2DIAGNOSTIC,     1, -4.668265532751e-01, 1.797693134862e+308, 1.1963e+01, 2.4861e+00, 
 2DIAGNOSTIC,     2, -4.669497008306e-01, 1.797693134862e+308, 1.3318e+01, 1.3557e+00, 
 2DIAGNOSTIC,     3, -4.670012173897e-01, 1.797693134862e+308, 1.5510e+01, 2.1919e+00, 
 2DIAGNOSTIC,     4, -4.670022897415e-01, 1.797693134862e+308, 1.7576e+01, 2.0661e+00, 
 2DIAGNOSTIC,     5, -4.670015737711e-01, 1.797693134862e+308, 1.9766e+01, 2.1902e+00, 
 2DIAGNOSTIC,     6, -4.670013045332e-01, 1.797693134862e+308, 2.1377e+01, 1.6109e+00, 
 2DIAGNOSTIC,     7, -4.670018091136e-01, 1.797693134862e+308, 2.4263e+01, 2.8855e+00, 
 2DIAGNOSTIC,     8, -4.670018415836e-01, 1.797693134862e+308, 2.5937e+01, 1.6746e+00, 
 2DIAGNOSTIC,     9, -4.670015908732e-01, 1.797693134862e+308, 2.7592e+01, 1.6545e+00, 
 2DIAGNOSTIC,    10, -4.670016216009e-01, 1.660501388537e-05, 2.9074e+01, 1.4821e+00, 
 2DIAGNOSTIC,    11, -4.670015580640e-01, 5.765027235441e-06, 3.0553e+01, 1.4789e+00, 
 2DIAGNOSTIC,    12, -4.670013965931e-01, 2.636361855227e-06, 3.2070e+01, 1.5170e+00, 
 2DIAGNOSTIC,    13, -4.670012326440e-01, 2.392573291946e-06, 3.3596e+01, 1.5259e+00, 
 2DIAGNOSTIC,    14, -4.670012535772e-01, 2.237441201064e-06, 3.5055e+01, 1.4590e+00, 
 2DIAGNOSTIC,    15, -4.670011981068e-01, 2.075266013188e-06, 3.6366e+01, 1.3113e+00, 
 2DIAGNOSTIC,    16, -4.670011667641e-01, 1.925435659980e-06, 3.7915e+01, 1.5492e+00, 
 2DIAGNOSTIC,    17, -4.670012099896e-01, 1.818645550579e-06, 3.9452e+01, 1.5371e+00, 
 2DIAGNOSTIC,    18, -4.670010561641e-01, 1.724722490340e-06, 4.1265e+01, 1.8121e+00, 
 2DIAGNOSTIC,    19, -4.670009982254e-01, 1.634761308482e-06, 4.2864e+01, 1.5996e+00, 
 2DIAGNOSTIC,    20, -4.670010374765e-01, 1.559555099791e-06, 4.4551e+01, 1.6872e+00, 
 2DIAGNOSTIC,    21, -4.670008846494e-01, 1.488105233323e-06, 4.6020e+01, 1.4684e+00, 
 2DIAGNOSTIC,    22, -4.670006601609e-01, 1.415184937063e-06, 4.7700e+01, 1.6799e+00, 
 2DIAGNOSTIC,    23, -4.670006859688e-01, 1.347988521576e-06, 4.9155e+01, 1.4555e+00, 
 2DIAGNOSTIC,    24, -4.670005480572e-01, 1.286647906440e-06, 5.0691e+01, 1.5354e+00, 
 2DIAGNOSTIC,    25, -4.670005198075e-01, 1.231810321724e-06, 5.2338e+01, 1.6479e+00, 
 2DIAGNOSTIC,    26, -4.670003927755e-01, 1.181275489190e-06, 5.3787e+01, 1.4482e+00, 
 2DIAGNOSTIC,    27, -4.670003931906e-01, 1.139660791960e-06, 5.5406e+01, 1.6196e+00, 
 2DIAGNOSTIC,    28, -4.670002695125e-01, 1.098587672776e-06, 5.6857e+01, 1.4509e+00, 
 2DIAGNOSTIC,    29, -4.670004575244e-01, 1.066558972938e-06, 5.8510e+01, 1.6526e+00, 
 2DIAGNOSTIC,    30, -4.670004382585e-01, 1.039874169745e-06, 5.9956e+01, 1.4461e+00, 
 2DIAGNOSTIC,    31, -4.670004667152e-01, 1.014555353063e-06, 6.1522e+01, 1.5659e+00, 
  Elapsed time (stage 0): 6.2385e+01


Total elapsed time: 6.2388e+01
Info [verificarlo]: loaded backend libinterflop_ieee.so
Info [interflop-ieee]: load backend with:
Info [interflop-ieee]: debug = false
Info [interflop-ieee]: debug-binary = false
Info [interflop-ieee]: no-backend-name = false
Info [interflop-ieee]: print-new-line = false
Info [interflop-ieee]: print-subnormal-normalized = false
Info [interflop-ieee]: count-op = false
All_Command_lines_OK
Using double precision for computations.
=============================================================================
The composite transform comprises the following transforms (in order): 
  1. /home/mdugre/scratch/mri-registration-rp/datasets/ds004513/derivatives/mri-registration-rp/0001/antsRegistration-r8-p9/sub-s032/rigid_Composite.h5[0] (type = Euler3DTransform)
  2. /home/mdugre/scratch/mri-registration-rp/datasets/ds004513/derivatives/mri-registration-rp/0001/antsRegistration-r8-p9/sub-s032/rigid_Composite.h5[1] (type = Euler3DTransform)
  3. /home/mdugre/scratch/mri-registration-rp/datasets/ds004513/derivatives/mri-registration-rp/0001/antsRegistration-r8-p9/sub-s032/rigid_Composite.h5[2] (type = Euler3DTransform)
=============================================================================
  number of levels = 4
  fixed image: /templateflow/tpl-MNI152NLin2009cAsym/tpl-MNI152NLin2009cAsym_res-01_desc-brain_T1w.nii.gz
  moving image: /home/mdugre/scratch/mri-registration-rp/datasets/ds004513/derivatives/mri-registration-rp/antsBrainExtraction/sub-s032/BrainExtractionBrain.nii.gz
Dimension = 3
Number of stages = 1
Use histogram matching = false
Winsorize image intensities = true
  Lower quantile = 0.005
  Upper quantile = 0.995


Stage 1 State
   Image metric = MattesMI
     Fixed image = Image (0x3cfa530)
  RTTI typeinfo:   itk::Image<double, 3u>
  Reference Count: 2
  Modified Time: 1592
  Debug: Off
  Object Name: 
  Observers: 
    none
  Source: (none)
  Source output name: (none)
  Release Data: Off
  Data Released: False
  Global Release Data: Off
  PipelineMTime: 0
  UpdateMTime: 1203
  RealTimeStamp: 0 seconds 
  LargestPossibleRegion: 
    Dimension: 3
    Index: [0, 0, 0]
    Size: [193, 229, 193]
  BufferedRegion: 
    Dimension: 3
    Index: [0, 0, 0]
    Size: [193, 229, 193]
  RequestedRegion: 
    Dimension: 3
    Index: [0, 0, 0]
    Size: [193, 229, 193]
  Spacing: [1, 1, 1]
  Origin: [96, 132, -78]
  Direction: 
-1 0 0
0 -1 0
0 0 1

  IndexToPointMatrix: 
-1 0 0
0 -1 0
0 0 1

  PointToIndexMatrix: 
-1 0 0
0 -1 0
0 0 1

  Inverse Direction: 
-1 0 0
0 -1 0
0 0 1

  PixelContainer: 
    ImportImageContainer (0x3db32a0)
      RTTI typeinfo:   itk::ImportImageContainer<unsigned long, double>
      Reference Count: 1
      Modified Time: 1200
      Debug: Off
      Object Name: 
      Observers: 
        none
      Pointer: 0x14ccc5551010
      Container manages memory: true
      Size: 8530021
      Capacity: 8530021

     Moving image = Image (0x3db5e60)
  RTTI typeinfo:   itk::Image<double, 3u>
  Reference Count: 2
  Modified Time: 1593
  Debug: Off
  Object Name: 
  Observers: 
    none
  Source: (none)
  Source output name: (none)
  Release Data: Off
  Data Released: False
  Global Release Data: Off
  PipelineMTime: 0
  UpdateMTime: 1590
  RealTimeStamp: 0 seconds 
  LargestPossibleRegion: 
    Dimension: 3
    Index: [0, 0, 0]
    Size: [160, 240, 256]
  BufferedRegion: 
    Dimension: 3
    Index: [0, 0, 0]
    Size: [160, 240, 256]
  RequestedRegion: 
    Dimension: 3
    Index: [0, 0, 0]
    Size: [160, 240, 256]
  Spacing: [1, 1, 1]
  Origin: [73.279, 104.707, -131.187]
  Direction: 
-0.997527 0.0645574 -0.0278053
-0.0645323 -0.997914 -0.00179875
-0.0278634 4.01097e-08 0.999612

  IndexToPointMatrix: 
-0.997527 0.0645574 -0.0278053
-0.0645323 -0.997914 -0.00179875
-0.0278634 4.01097e-08 0.999612

  PointToIndexMatrix: 
-0.997527 -0.0645323 -0.0278634
0.0645574 -0.997914 4.01049e-08
-0.0278053 -0.00179875 0.999612

  Inverse Direction: 
-0.997527 -0.0645323 -0.0278634
0.0645574 -0.997914 4.01049e-08
-0.0278053 -0.00179875 0.999612

  PixelContainer: 
    ImportImageContainer (0x3de9390)
      RTTI typeinfo:   itk::ImportImageContainer<unsigned long, double>
      Reference Count: 1
      Modified Time: 1587
      Debug: Off
      Object Name: 
      Observers: 
        none
      Pointer: 0x14ccc0a50010
      Container manages memory: true
      Size: 9830400
      Capacity: 9830400

     Weighting = 1
     Sampling strategy = regular
     Number of bins = 32
     Radius = 4
     Sampling percentage  = 0.25
   Transform = Affine
     Gradient step = 0.1
     Update field sigma (voxel space) = 0
     Total field sigma (voxel space) = 0
     Update field time sigma = 0
     Total field time sigma  = 0
     Number of time indices = 0
     Number of time point samples = 0
Registration using 1 total stages.

Stage 0
  iterations = 1000x500x250x100
  convergence threshold = 1e-06
  convergence window size = 10
  number of levels = 4
  using the Mattes MI metric (number of bins = 32, weight = 1, use gradient filter = 0)
  preprocessing:  winsorizing the image intensities
  Shrink factors (level 1 out of 4): [8, 8, 8]
  Shrink factors (level 2 out of 4): [4, 4, 4]
  Shrink factors (level 3 out of 4): [2, 2, 2]
  Shrink factors (level 4 out of 4): [1, 1, 1]
  smoothing sigmas per level: [3, 2, 1, 0]
  regular sampling (percentage = 0.25)

*** Running AffineTransform registration ***

DIAGNOSTIC,Iteration,metricValue,convergenceValue,ITERATION_TIME_INDEX,SINCE_LAST
 2DIAGNOSTIC,     1, -6.849838085939e-01, 1.797693134862e+308, 7.0248e-01, 7.0248e-01, 
 2DIAGNOSTIC,     2, -6.870161559021e-01, 1.797693134862e+308, 7.0776e-01, 5.2769e-03, 
 2DIAGNOSTIC,     3, -6.900556284940e-01, 1.797693134862e+308, 7.1281e-01, 5.0480e-03, 
 2DIAGNOSTIC,     4, -7.074830111882e-01, 1.797693134862e+308, 7.1740e-01, 4.5919e-03, 
 2DIAGNOSTIC,     5, -7.128292334167e-01, 1.797693134862e+308, 7.2224e-01, 4.8389e-03, 
 2DIAGNOSTIC,     6, -7.193569919241e-01, 1.797693134862e+308, 7.2740e-01, 5.1608e-03, 
 2DIAGNOSTIC,     7, -7.274830173117e-01, 1.797693134862e+308, 7.3434e-01, 6.9401e-03, 
 2DIAGNOSTIC,     8, -7.281993150684e-01, 1.797693134862e+308, 7.4041e-01, 6.0780e-03, 
 2DIAGNOSTIC,     9, -7.283764582530e-01, 1.797693134862e+308, 7.4478e-01, 4.3659e-03, 
 2DIAGNOSTIC,    10, -7.288624873382e-01, 4.685376569121e-03, 7.5016e-01, 5.3768e-03, 
 2DIAGNOSTIC,    11, -7.293695088792e-01, 3.605968186655e-03, 7.5601e-01, 5.8479e-03, 
 2DIAGNOSTIC,    12, -7.294354769455e-01, 2.458642463204e-03, 7.6101e-01, 5.0039e-03, 
 2DIAGNOSTIC,    13, -7.294278236281e-01, 1.351473225654e-03, 7.6550e-01, 4.4870e-03, 
 2DIAGNOSTIC,    14, -7.296402343065e-01, 7.843481111837e-04, 7.7025e-01, 4.7522e-03, 
 2DIAGNOSTIC,    15, -7.303065223134e-01, 3.791018534152e-04, 7.7509e-01, 4.8430e-03, 
 2DIAGNOSTIC,    16, -7.314698184004e-01, 1.748476172515e-04, 7.8023e-01, 5.1351e-03, 
 2DIAGNOSTIC,    17, -7.332938079873e-01, 2.095948959736e-04, 7.8645e-01, 6.2261e-03, 
 2DIAGNOSTIC,    18, -7.346706433451e-01, 2.666935292938e-04, 7.9505e-01, 8.5969e-03, 
 2DIAGNOSTIC,    19, -7.347772555450e-01, 2.987978322334e-04, 8.0065e-01, 5.6050e-03, 
 2DIAGNOSTIC,    20, -7.350441252388e-01, 3.151288536404e-04, 8.0633e-01, 5.6720e-03, 
 2DIAGNOSTIC,    21, -7.350982479959e-01, 3.109969590803e-04, 8.1156e-01, 5.2369e-03, 
 2DIAGNOSTIC,    22, -7.352084273371e-01, 2.811070690514e-04, 8.1660e-01, 5.0399e-03, 
 2DIAGNOSTIC,    23, -7.354575881971e-01, 2.317049365821e-04, 8.2154e-01, 4.9360e-03, 
 2DIAGNOSTIC,    24, -7.357126381163e-01, 1.727493531008e-04, 8.2655e-01, 5.0101e-03, 
 2DIAGNOSTIC,    25, -7.359447465607e-01, 1.166520576435e-04, 8.3157e-01, 5.0170e-03, 
 2DIAGNOSTIC,    26, -7.361620498227e-01, 7.437281329158e-05, 8.3648e-01, 4.9119e-03, 
 2DIAGNOSTIC,    27, -7.365889793115e-01, 6.053221145230e-05, 8.4144e-01, 4.9639e-03, 
 2DIAGNOSTIC,    28, -7.374527448025e-01, 7.329368644615e-05, 8.4709e-01, 5.6489e-03, 
 2DIAGNOSTIC,    29, -7.379294366754e-01, 8.585377709660e-05, 8.5330e-01, 6.2051e-03, 
 2DIAGNOSTIC,    30, -7.384075992369e-01, 9.929228179655e-05, 8.6836e-01, 1.5061e-02, 
 2DIAGNOSTIC,    31, -7.384075938974e-01, 1.032909566044e-04, 8.7340e-01, 5.0440e-03, 
 2DIAGNOSTIC,    32, -7.384076376983e-01, 9.872184951971e-05, 8.7832e-01, 4.9150e-03, 
 2DIAGNOSTIC,    33, -7.384077117449e-01, 8.798803170071e-05, 8.8337e-01, 5.0581e-03, 
 2DIAGNOSTIC,    34, -7.384078368970e-01, 7.245130129694e-05, 8.8832e-01, 4.9481e-03, 
 2DIAGNOSTIC,    35, -7.384080483569e-01, 5.364902000147e-05, 8.9327e-01, 4.9431e-03, 
 2DIAGNOSTIC,    36, -7.384084054462e-01, 3.329680765347e-05, 8.9794e-01, 4.6711e-03, 
 2DIAGNOSTIC,    37, -7.384090078914e-01, 1.536450854455e-05, 9.0285e-01, 4.9160e-03, 
 2DIAGNOSTIC,    38, -7.384100232077e-01, 5.798891639406e-06, 9.0786e-01, 5.0099e-03, 
DIAGNOSTIC,Iteration,metricValue,convergenceValue,ITERATION_TIME_INDEX,SINCE_LAST
 2DIAGNOSTIC,     1, -5.951132623436e-01, 1.797693134862e+308, 1.6312e+00, 7.2335e-01, 
 2DIAGNOSTIC,     2, -5.958063148806e-01, 1.797693134862e+308, 1.6790e+00, 4.7787e-02, 
 2DIAGNOSTIC,     3, -5.966900295740e-01, 1.797693134862e+308, 1.7144e+00, 3.5446e-02, 
 2DIAGNOSTIC,     4, -5.976859804214e-01, 1.797693134862e+308, 1.7469e+00, 3.2449e-02, 
 2DIAGNOSTIC,     5, -5.987944292793e-01, 1.797693134862e+308, 1.7802e+00, 3.3310e-02, 
 2DIAGNOSTIC,     6, -6.017965253911e-01, 1.797693134862e+308, 1.8170e+00, 3.6817e-02, 
 2DIAGNOSTIC,     7, -6.027328677249e-01, 1.797693134862e+308, 1.8577e+00, 4.0632e-02, 
 2DIAGNOSTIC,     8, -6.033991463908e-01, 1.797693134862e+308, 1.8909e+00, 3.3198e-02, 
 2DIAGNOSTIC,     9, -6.055154440713e-01, 1.797693134862e+308, 1.9279e+00, 3.7092e-02, 
 2DIAGNOSTIC,    10, -6.063116361902e-01, 1.292806685855e-03, 1.9793e+00, 5.1319e-02, 
 2DIAGNOSTIC,    11, -6.063055130547e-01, 1.151161240461e-03, 2.0311e+00, 5.1811e-02, 
 2DIAGNOSTIC,    12, -6.062939255442e-01, 9.580421182425e-04, 2.0674e+00, 3.6306e-02, 
 2DIAGNOSTIC,    13, -6.062815894219e-01, 7.411923050960e-04, 2.1161e+00, 4.8676e-02, 
 2DIAGNOSTIC,    14, -6.062744829505e-01, 5.210972016909e-04, 2.1531e+00, 3.7078e-02, 
 2DIAGNOSTIC,    15, -6.062665292376e-01, 3.151264856877e-04, 2.1916e+00, 3.8458e-02, 
 2DIAGNOSTIC,    16, -6.062581693145e-01, 1.949944611238e-04, 2.2254e+00, 3.3853e-02, 
 2DIAGNOSTIC,    17, -6.062505643318e-01, 9.761906155800e-05, 2.2655e+00, 4.0055e-02, 
 2DIAGNOSTIC,    18, -6.062515840483e-01, 1.841942220097e-05, 2.3010e+00, 3.5447e-02, 
DIAGNOSTIC,Iteration,metricValue,convergenceValue,ITERATION_TIME_INDEX,SINCE_LAST
 2DIAGNOSTIC,     1, -5.413992539525e-01, 1.797693134862e+308, 3.4836e+00, 1.1827e+00, 
 2DIAGNOSTIC,     2, -5.417029177022e-01, 1.797693134862e+308, 3.7638e+00, 2.8015e-01, 
 2DIAGNOSTIC,     3, -5.421070541801e-01, 1.797693134862e+308, 4.0239e+00, 2.6012e-01, 
 2DIAGNOSTIC,     4, -5.426237591239e-01, 1.797693134862e+308, 4.2778e+00, 2.5390e-01, 
 2DIAGNOSTIC,     5, -5.432271890080e-01, 1.797693134862e+308, 4.5639e+00, 2.8608e-01, 
 2DIAGNOSTIC,     6, -5.443738800294e-01, 1.797693134862e+308, 4.9218e+00, 3.5792e-01, 
 2DIAGNOSTIC,     7, -5.452459041430e-01, 1.797693134862e+308, 5.2811e+00, 3.5927e-01, 
 2DIAGNOSTIC,     8, -5.454581014017e-01, 1.797693134862e+308, 5.8992e+00, 6.1816e-01, 
 2DIAGNOSTIC,     9, -5.454603695571e-01, 1.797693134862e+308, 6.2909e+00, 3.9172e-01, 
 2DIAGNOSTIC,    10, -5.454601670484e-01, 5.839263533203e-04, 6.6364e+00, 3.4548e-01, 
 2DIAGNOSTIC,    11, -5.454596804461e-01, 4.714655549520e-04, 6.9735e+00, 3.3713e-01, 
 2DIAGNOSTIC,    12, -5.454578815221e-01, 3.482723436163e-04, 7.2640e+00, 2.9047e-01, 
 2DIAGNOSTIC,    13, -5.454580870380e-01, 2.293001363706e-04, 7.5221e+00, 2.5813e-01, 
 2DIAGNOSTIC,    14, -5.454574320281e-01, 1.263812370935e-04, 7.7862e+00, 2.6405e-01, 
 2DIAGNOSTIC,    15, -5.454570174826e-01, 4.621900455101e-05, 8.0394e+00, 2.5320e-01, 
 2DIAGNOSTIC,    16, -5.454570076009e-01, 8.741064819545e-06, 8.3455e+00, 3.0615e-01, 
 2DIAGNOSTIC,    17, -5.454575464335e-01, 1.668388321788e-06, 8.5969e+00, 2.5140e-01, 
 2DIAGNOSTIC,    18, -5.454561844986e-01, 1.513364427282e-06, 8.8522e+00, 2.5527e-01, 
 2DIAGNOSTIC,    19, -5.454552644052e-01, 1.436294289663e-06, 9.0998e+00, 2.4755e-01, 
 2DIAGNOSTIC,    20, -5.454560885801e-01, 1.406154522383e-06, 9.3850e+00, 2.8527e-01, 
 2DIAGNOSTIC,    21, -5.454556715638e-01, 1.373502621201e-06, 9.7181e+00, 3.3306e-01, 
 2DIAGNOSTIC,    22, -5.454546943622e-01, 1.290964734391e-06, 1.0044e+01, 3.2617e-01, 
 2DIAGNOSTIC,    23, -5.454530980755e-01, 1.200445308554e-06, 1.0335e+01, 2.9048e-01, 
 2DIAGNOSTIC,    24, -5.454523590515e-01, 1.105887197532e-06, 1.0609e+01, 2.7396e-01, 
 2DIAGNOSTIC,    25, -5.454517320662e-01, 1.017147787982e-06, 1.0869e+01, 2.6019e-01, 
DIAGNOSTIC,Iteration,metricValue,convergenceValue,ITERATION_TIME_INDEX,SINCE_LAST
 2DIAGNOSTIC,     1, -5.006458067720e-01, 1.797693134862e+308, 1.3591e+01, 2.7223e+00, 
 2DIAGNOSTIC,     2, -5.006810088335e-01, 1.797693134862e+308, 1.5217e+01, 1.6256e+00, 
 2DIAGNOSTIC,     3, -5.007279140340e-01, 1.797693134862e+308, 1.6982e+01, 1.7650e+00, 
 2DIAGNOSTIC,     4, -5.008086032908e-01, 1.797693134862e+308, 1.9978e+01, 2.9960e+00, 
 2DIAGNOSTIC,     5, -5.008079542713e-01, 1.797693134862e+308, 2.3266e+01, 3.2878e+00, 
 2DIAGNOSTIC,     6, -5.008080454848e-01, 1.797693134862e+308, 2.5664e+01, 2.3985e+00, 
 2DIAGNOSTIC,     7, -5.008081151351e-01, 1.797693134862e+308, 2.7839e+01, 2.1745e+00, 
 2DIAGNOSTIC,     8, -5.008079691974e-01, 1.797693134862e+308, 3.0119e+01, 2.2808e+00, 
 2DIAGNOSTIC,     9, -5.008079315084e-01, 1.797693134862e+308, 3.1953e+01, 1.8335e+00, 
 2DIAGNOSTIC,    10, -5.008078687150e-01, 2.185006965784e-05, 3.3780e+01, 1.8270e+00, 
 2DIAGNOSTIC,    11, -5.008076919910e-01, 1.300821382938e-05, 3.5392e+01, 1.6119e+00, 
 2DIAGNOSTIC,    12, -5.008075430438e-01, 6.372890121981e-06, 3.7271e+01, 1.8795e+00, 
 2DIAGNOSTIC,    13, -5.008076400778e-01, 2.373192030392e-06, 3.8803e+01, 1.5318e+00, 
 2DIAGNOSTIC,    14, -5.008075868995e-01, 2.221055482990e-06, 4.0478e+01, 1.6750e+00, 
 2DIAGNOSTIC,    15, -5.008076469587e-01, 2.071518610647e-06, 4.2411e+01, 1.9330e+00, 
 2DIAGNOSTIC,    16, -5.008076885781e-01, 1.949853598776e-06, 4.4040e+01, 1.6287e+00, 
 2DIAGNOSTIC,    17, -5.008077238916e-01, 1.849677681187e-06, 4.5851e+01, 1.8114e+00, 
 2DIAGNOSTIC,    18, -5.008076510501e-01, 1.755634661010e-06, 4.7634e+01, 1.7830e+00, 
 2DIAGNOSTIC,    19, -5.008076253133e-01, 1.670698718696e-06, 4.9375e+01, 1.7408e+00, 
 2DIAGNOSTIC,    20, -5.008076017392e-01, 1.592260438922e-06, 5.1282e+01, 1.9066e+00, 
 2DIAGNOSTIC,    21, -5.008075815038e-01, 1.515883696929e-06, 5.2989e+01, 1.7078e+00, 
 2DIAGNOSTIC,    22, -5.008074901657e-01, 1.440073340006e-06, 5.5120e+01, 2.1308e+00, 
 2DIAGNOSTIC,    23, -5.008073042472e-01, 1.369363176899e-06, 5.6894e+01, 1.7743e+00, 
 2DIAGNOSTIC,    24, -5.008073412566e-01, 1.305544960833e-06, 5.8707e+01, 1.8123e+00, 
 2DIAGNOSTIC,    25, -5.008072855258e-01, 1.248659998829e-06, 6.0541e+01, 1.8346e+00, 
 2DIAGNOSTIC,    26, -5.008071073304e-01, 1.195350750945e-06, 6.2319e+01, 1.7780e+00, 
 2DIAGNOSTIC,    27, -5.008070644150e-01, 1.148665080011e-06, 6.4053e+01, 1.7341e+00, 
 2DIAGNOSTIC,    28, -5.008071753257e-01, 1.108902380073e-06, 6.6008e+01, 1.9548e+00, 
 2DIAGNOSTIC,    29, -5.008070899642e-01, 1.072132145272e-06, 6.8315e+01, 2.3069e+00, 
 2DIAGNOSTIC,    30, -5.008071866239e-01, 1.041558514971e-06, 7.0402e+01, 2.0865e+00, 
 2DIAGNOSTIC,    31, -5.008072159983e-01, 1.014947496457e-06, 7.2219e+01, 1.8178e+00, 
  Elapsed time (stage 0): 7.3289e+01


Total elapsed time: 7.3292e+01
Info [verificarlo]: loaded backend libinterflop_vprec.so
Info [interflop-vprec]: load backend with: 
Info [interflop-vprec]: precision-binary32 = 9
Info [interflop-vprec]: range-binary32 = 8
Info [interflop-vprec]: precision-binary64 = 9
Info [interflop-vprec]: range-binary64 = 8
Info [interflop-vprec]: mode = ob
Info [interflop-vprec]: error-mode = rel
Info [interflop-vprec]: max-abs-error-exponent = -1022
Info [interflop-vprec]: daz = false
Info [interflop-vprec]: ftz = false
Info [interflop-vprec]: 	instrument = none
Info [interflop-vprec]: 	prec-input-file = (null)
Info [interflop-vprec]: 	prec-output-file = (null)
Info [interflop-vprec]: 	prec-log-file = (null)
All_Command_lines_OK
Using double precision for computations.
