
##########################
# Experiment information #
##########################

EXPERIMENT_NAME: antsRegistration-r7-p20
VFC_BACKENDS: libinterflop_vprec.so --range-binary32=7 --precision-binary32=20 --range-binary64=7 --precision-binary64=20

SIF_IMG: /home/mdugre/projects/rrg-glatard/mdugre/containers/ants-vprec-no_metrics.simg

SUBJECT_ID: s014
INPUT_IMG: /home/mdugre/scratch/mri-registration-rp/datasets/ds004513/derivatives/mri-registration-rp/antsBrainExtraction/sub-s014/BrainExtractionBrain.nii.gz
OUTPUT_DIR: /home/mdugre/scratch/mri-registration-rp/datasets/ds004513/derivatives/mri-registration-rp/0001/antsRegistration-r7-p20/sub-s014

FIXED_IMG: /templateflow/tpl-MNI152NLin2009cAsym/tpl-MNI152NLin2009cAsym_res-01_desc-brain_T1w.nii.gz
DATA_DIR: /home/mdugre/scratch/mri-registration-rp/datasets/ds004513
TEMPLATEFLOW_DIR: /home/mdugre/projects/rrg-glatard/mdugre/templateflow
ITK_GLOBAL_DEFAULT_NUMBER_OF_THREADS: 16
##########################

Info [verificarlo]: loaded backend libinterflop_ieee.so
Info [interflop-ieee]: load backend with:
Info [interflop-ieee]: debug = false
Info [interflop-ieee]: debug-binary = false
Info [interflop-ieee]: no-backend-name = false
Info [interflop-ieee]: print-new-line = false
Info [interflop-ieee]: print-subnormal-normalized = false
Info [interflop-ieee]: count-op = false
All_Command_lines_OK
Using double precision for computations.
=============================================================================
The composite transform comprises the following transforms (in order): 
  1. Center of mass alignment using fixed image: /templateflow/tpl-MNI152NLin2009cAsym/tpl-MNI152NLin2009cAsym_res-01_desc-brain_T1w.nii.gz and moving image: /home/mdugre/scratch/mri-registration-rp/datasets/ds004513/derivatives/mri-registration-rp/antsBrainExtraction/sub-s014/BrainExtractionBrain.nii.gz (type = Euler3DTransform)
=============================================================================
  number of levels = 1
  fixed image: /templateflow/tpl-MNI152NLin2009cAsym/tpl-MNI152NLin2009cAsym_res-01_desc-brain_T1w.nii.gz
  moving image: /home/mdugre/scratch/mri-registration-rp/datasets/ds004513/derivatives/mri-registration-rp/antsBrainExtraction/sub-s014/BrainExtractionBrain.nii.gz
Dimension = 3
Number of stages = 1
Use histogram matching = false
Winsorize image intensities = true
  Lower quantile = 0.005
  Upper quantile = 0.995


Stage 1 State
   Image metric = MattesMI
     Fixed image = Image (0x3f36e70)
  RTTI typeinfo:   itk::Image<double, 3u>
  Reference Count: 2
  Modified Time: 2334
  Debug: Off
  Object Name: 
  Observers: 
    none
  Source: (none)
  Source output name: (none)
  Release Data: Off
  Data Released: False
  Global Release Data: Off
  PipelineMTime: 0
  UpdateMTime: 1943
  RealTimeStamp: 0 seconds 
  LargestPossibleRegion: 
    Dimension: 3
    Index: [0, 0, 0]
    Size: [193, 229, 193]
  BufferedRegion: 
    Dimension: 3
    Index: [0, 0, 0]
    Size: [193, 229, 193]
  RequestedRegion: 
    Dimension: 3
    Index: [0, 0, 0]
    Size: [193, 229, 193]
  Spacing: [1, 1, 1]
  Origin: [96, 132, -78]
  Direction: 
-1 0 0
0 -1 0
0 0 1

  IndexToPointMatrix: 
-1 0 0
0 -1 0
0 0 1

  PointToIndexMatrix: 
-1 0 0
0 -1 0
0 0 1

  Inverse Direction: 
-1 0 0
0 -1 0
0 0 1

  PixelContainer: 
    ImportImageContainer (0x3f43140)
      RTTI typeinfo:   itk::ImportImageContainer<unsigned long, double>
      Reference Count: 1
      Modified Time: 1940
      Debug: Off
      Object Name: 
      Observers: 
        none
      Pointer: 0x14f9d991e010
      Container manages memory: true
      Size: 8530021
      Capacity: 8530021

     Moving image = Image (0x3f40310)
  RTTI typeinfo:   itk::Image<double, 3u>
  Reference Count: 2
  Modified Time: 2335
  Debug: Off
  Object Name: 
  Observers: 
    none
  Source: (none)
  Source output name: (none)
  Release Data: Off
  Data Released: False
  Global Release Data: Off
  PipelineMTime: 0
  UpdateMTime: 2332
  RealTimeStamp: 0 seconds 
  LargestPossibleRegion: 
    Dimension: 3
    Index: [0, 0, 0]
    Size: [160, 240, 256]
  BufferedRegion: 
    Dimension: 3
    Index: [0, 0, 0]
    Size: [160, 240, 256]
  RequestedRegion: 
    Dimension: 3
    Index: [0, 0, 0]
    Size: [160, 240, 256]
  Spacing: [0.999999, 1, 1]
  Origin: [84.1637, 106.709, -120.531]
  Direction: 
-0.999619 -0.0226874 -0.0157033
0.0226846 -0.999743 0.00035635
-0.0157073 -7.8229e-09 0.999877

  IndexToPointMatrix: 
-0.999619 -0.0226874 -0.0157033
0.0226845 -0.999743 0.00035635
-0.0157073 -7.8229e-09 0.999877

  PointToIndexMatrix: 
-0.99962 0.0226846 -0.0157073
-0.0226874 -0.999743 -7.83127e-09
-0.0157033 0.00035635 0.999877

  Inverse Direction: 
-0.999619 0.0226846 -0.0157073
-0.0226874 -0.999743 -7.83127e-09
-0.0157033 0.00035635 0.999877

  PixelContainer: 
    ImportImageContainer (0x406b610)
      RTTI typeinfo:   itk::ImportImageContainer<unsigned long, double>
      Reference Count: 1
      Modified Time: 2329
      Debug: Off
      Object Name: 
      Observers: 
        none
      Pointer: 0x14f9d4e1d010
      Container manages memory: true
      Size: 9830400
      Capacity: 9830400

     Weighting = 1
     Sampling strategy = regular
     Number of bins = 32
     Radius = 4
     Sampling percentage  = 0.25
   Transform = Rigid
     Gradient step = 0.1
     Update field sigma (voxel space) = 0
     Total field sigma (voxel space) = 0
     Update field time sigma = 0
     Total field time sigma  = 0
     Number of time indices = 0
     Number of time point samples = 0
Registration using 1 total stages.

Stage 0
  iterations = 0
  convergence threshold = 1e-06
  convergence window size = 10
  number of levels = 1
  using the Mattes MI metric (number of bins = 32, weight = 1, use gradient filter = 0)
  preprocessing:  winsorizing the image intensities
  Shrink factors (level 1 out of 1): [1, 1, 1]
  smoothing sigmas per level: [0]
  regular sampling (percentage = 0.25)

*** Running Euler3DTransform registration ***

  Elapsed time (stage 0): 1.12639


Total elapsed time: 1.12877
Info [verificarlo]: loaded backend libinterflop_ieee.so
Info [interflop-ieee]: load backend with:
Info [interflop-ieee]: debug = false
Info [interflop-ieee]: debug-binary = false
Info [interflop-ieee]: no-backend-name = false
Info [interflop-ieee]: print-new-line = false
Info [interflop-ieee]: print-subnormal-normalized = false
Info [interflop-ieee]: count-op = false
All_Command_lines_OK
Using double precision for computations.
=============================================================================
The composite transform comprises the following transforms (in order): 
  1. /home/mdugre/scratch/mri-registration-rp/datasets/ds004513/derivatives/mri-registration-rp/0001/antsRegistration-r7-p20/sub-s014/align_Composite.h5[0] (type = Euler3DTransform)
  2. /home/mdugre/scratch/mri-registration-rp/datasets/ds004513/derivatives/mri-registration-rp/0001/antsRegistration-r7-p20/sub-s014/align_Composite.h5[1] (type = Euler3DTransform)
=============================================================================
  number of levels = 4
  fixed image: /templateflow/tpl-MNI152NLin2009cAsym/tpl-MNI152NLin2009cAsym_res-01_desc-brain_T1w.nii.gz
  moving image: /home/mdugre/scratch/mri-registration-rp/datasets/ds004513/derivatives/mri-registration-rp/antsBrainExtraction/sub-s014/BrainExtractionBrain.nii.gz
Dimension = 3
Number of stages = 1
Use histogram matching = false
Winsorize image intensities = true
  Lower quantile = 0.005
  Upper quantile = 0.995


Stage 1 State
   Image metric = MattesMI
     Fixed image = Image (0x3d35530)
  RTTI typeinfo:   itk::Image<double, 3u>
  Reference Count: 2
  Modified Time: 1580
  Debug: Off
  Object Name: 
  Observers: 
    none
  Source: (none)
  Source output name: (none)
  Release Data: Off
  Data Released: False
  Global Release Data: Off
  PipelineMTime: 0
  UpdateMTime: 1189
  RealTimeStamp: 0 seconds 
  LargestPossibleRegion: 
    Dimension: 3
    Index: [0, 0, 0]
    Size: [193, 229, 193]
  BufferedRegion: 
    Dimension: 3
    Index: [0, 0, 0]
    Size: [193, 229, 193]
  RequestedRegion: 
    Dimension: 3
    Index: [0, 0, 0]
    Size: [193, 229, 193]
  Spacing: [1, 1, 1]
  Origin: [96, 132, -78]
  Direction: 
-1 0 0
0 -1 0
0 0 1

  IndexToPointMatrix: 
-1 0 0
0 -1 0
0 0 1

  PointToIndexMatrix: 
-1 0 0
0 -1 0
0 0 1

  Inverse Direction: 
-1 0 0
0 -1 0
0 0 1

  PixelContainer: 
    ImportImageContainer (0x3df3d60)
      RTTI typeinfo:   itk::ImportImageContainer<unsigned long, double>
      Reference Count: 1
      Modified Time: 1186
      Debug: Off
      Object Name: 
      Observers: 
        none
      Pointer: 0x14effb29a010
      Container manages memory: true
      Size: 8530021
      Capacity: 8530021

     Moving image = Image (0x3de5f60)
  RTTI typeinfo:   itk::Image<double, 3u>
  Reference Count: 2
  Modified Time: 1581
  Debug: Off
  Object Name: 
  Observers: 
    none
  Source: (none)
  Source output name: (none)
  Release Data: Off
  Data Released: False
  Global Release Data: Off
  PipelineMTime: 0
  UpdateMTime: 1578
  RealTimeStamp: 0 seconds 
  LargestPossibleRegion: 
    Dimension: 3
    Index: [0, 0, 0]
    Size: [160, 240, 256]
  BufferedRegion: 
    Dimension: 3
    Index: [0, 0, 0]
    Size: [160, 240, 256]
  RequestedRegion: 
    Dimension: 3
    Index: [0, 0, 0]
    Size: [160, 240, 256]
  Spacing: [0.999999, 1, 1]
  Origin: [84.1637, 106.709, -120.531]
  Direction: 
-0.999619 -0.0226874 -0.0157033
0.0226846 -0.999743 0.00035635
-0.0157073 -7.8229e-09 0.999877

  IndexToPointMatrix: 
-0.999619 -0.0226874 -0.0157033
0.0226845 -0.999743 0.00035635
-0.0157073 -7.8229e-09 0.999877

  PointToIndexMatrix: 
-0.99962 0.0226846 -0.0157073
-0.0226874 -0.999743 -7.83127e-09
-0.0157033 0.00035635 0.999877

  Inverse Direction: 
-0.999619 0.0226846 -0.0157073
-0.0226874 -0.999743 -7.83127e-09
-0.0157033 0.00035635 0.999877

  PixelContainer: 
    ImportImageContainer (0x3dd76d0)
      RTTI typeinfo:   itk::ImportImageContainer<unsigned long, double>
      Reference Count: 1
      Modified Time: 1575
      Debug: Off
      Object Name: 
      Observers: 
        none
      Pointer: 0x14eff6799010
      Container manages memory: true
      Size: 9830400
      Capacity: 9830400

     Weighting = 1
     Sampling strategy = regular
     Number of bins = 32
     Radius = 4
     Sampling percentage  = 0.25
   Transform = Rigid
     Gradient step = 0.1
     Update field sigma (voxel space) = 0
     Total field sigma (voxel space) = 0
     Update field time sigma = 0
     Total field time sigma  = 0
     Number of time indices = 0
     Number of time point samples = 0
Registration using 1 total stages.

Stage 0
  iterations = 1000x500x250x100
  convergence threshold = 1e-06
  convergence window size = 10
  number of levels = 4
  using the Mattes MI metric (number of bins = 32, weight = 1, use gradient filter = 0)
  preprocessing:  winsorizing the image intensities
  Shrink factors (level 1 out of 4): [8, 8, 8]
  Shrink factors (level 2 out of 4): [4, 4, 4]
  Shrink factors (level 3 out of 4): [2, 2, 2]
  Shrink factors (level 4 out of 4): [1, 1, 1]
  smoothing sigmas per level: [3, 2, 1, 0]
  regular sampling (percentage = 0.25)

*** Running Euler3DTransform registration ***

DIAGNOSTIC,Iteration,metricValue,convergenceValue,ITERATION_TIME_INDEX,SINCE_LAST
 2DIAGNOSTIC,     1, -4.770821406565e-01, 1.797693134862e+308, 7.4214e-01, 7.4214e-01, 
 2DIAGNOSTIC,     2, -4.784216133942e-01, 1.797693134862e+308, 7.4730e-01, 5.1591e-03, 
 2DIAGNOSTIC,     3, -4.807043200681e-01, 1.797693134862e+308, 7.5236e-01, 5.0681e-03, 
 2DIAGNOSTIC,     4, -4.840264478065e-01, 1.797693134862e+308, 7.5728e-01, 4.9129e-03, 
 2DIAGNOSTIC,     5, -4.883050305770e-01, 1.797693134862e+308, 7.6179e-01, 4.5159e-03, 
 2DIAGNOSTIC,     6, -4.953560426371e-01, 1.797693134862e+308, 7.6746e-01, 5.6691e-03, 
 2DIAGNOSTIC,     7, -5.007350570384e-01, 1.797693134862e+308, 7.7226e-01, 4.7970e-03, 
 2DIAGNOSTIC,     8, -5.013278569503e-01, 1.797693134862e+308, 7.7698e-01, 4.7269e-03, 
 2DIAGNOSTIC,     9, -5.085255256006e-01, 1.797693134862e+308, 7.8254e-01, 5.5511e-03, 
 2DIAGNOSTIC,    10, -5.161992633656e-01, 5.125196520979e-03, 7.8958e-01, 7.0462e-03, 
 2DIAGNOSTIC,    11, -5.167072941437e-01, 4.879252931146e-03, 7.9448e-01, 4.9000e-03, 
 2DIAGNOSTIC,    12, -5.203629876260e-01, 4.481282734468e-03, 7.9941e-01, 4.9272e-03, 
 2DIAGNOSTIC,    13, -5.229718709777e-01, 3.958672533579e-03, 8.0421e-01, 4.8020e-03, 
 2DIAGNOSTIC,    14, -5.250338110830e-01, 3.368007801723e-03, 8.0985e-01, 5.6360e-03, 
 2DIAGNOSTIC,    15, -5.272078697648e-01, 2.786121483394e-03, 8.1716e-01, 7.3142e-03, 
 2DIAGNOSTIC,    16, -5.275715603978e-01, 2.284098302168e-03, 8.2217e-01, 5.0051e-03, 
 2DIAGNOSTIC,    17, -5.282507656511e-01, 1.839921123745e-03, 8.2707e-01, 4.9021e-03, 
 2DIAGNOSTIC,    18, -5.289722876066e-01, 1.313912041901e-03, 8.3235e-01, 5.2769e-03, 
 2DIAGNOSTIC,    19, -5.292207410111e-01, 9.370568707372e-04, 8.3753e-01, 5.1889e-03, 
 2DIAGNOSTIC,    20, -5.294476960672e-01, 7.341365573349e-04, 8.4269e-01, 5.1601e-03, 
 2DIAGNOSTIC,    21, -5.294955840903e-01, 4.966190831864e-04, 8.4733e-01, 4.6341e-03, 
 2DIAGNOSTIC,    22, -5.295366245031e-01, 3.281311959309e-04, 8.5258e-01, 5.2531e-03, 
 2DIAGNOSTIC,    23, -5.295376311909e-01, 2.063244245633e-04, 8.5775e-01, 5.1730e-03, 
 2DIAGNOSTIC,    24, -5.295911249027e-01, 1.234508389518e-04, 8.6290e-01, 5.1439e-03, 
 2DIAGNOSTIC,    25, -5.296271130649e-01, 8.499150549852e-05, 8.6806e-01, 5.1639e-03, 
 2DIAGNOSTIC,    26, -5.296539599384e-01, 4.983583932682e-05, 8.7266e-01, 4.5969e-03, 
 2DIAGNOSTIC,    27, -5.297704229810e-01, 2.877322815996e-05, 8.7724e-01, 4.5831e-03, 
 2DIAGNOSTIC,    28, -5.299884954868e-01, 2.504887532462e-05, 8.8350e-01, 6.2590e-03, 
 2DIAGNOSTIC,    29, -5.300854192462e-01, 2.569611952939e-05, 8.8866e-01, 5.1548e-03, 
 2DIAGNOSTIC,    30, -5.300410324622e-01, 2.732899344977e-05, 8.9323e-01, 4.5762e-03, 
 2DIAGNOSTIC,    31, -5.300376932142e-01, 2.724560548999e-05, 8.9785e-01, 4.6139e-03, 
 2DIAGNOSTIC,    32, -5.301686264233e-01, 2.763232919454e-05, 9.0250e-01, 4.6489e-03, 
 2DIAGNOSTIC,    33, -5.303926738419e-01, 2.905769096918e-05, 9.0832e-01, 5.8281e-03, 
 2DIAGNOSTIC,    34, -5.304519664600e-01, 2.945835348381e-05, 9.1430e-01, 5.9731e-03, 
 2DIAGNOSTIC,    35, -5.305073139182e-01, 2.868169328669e-05, 9.1876e-01, 4.4680e-03, 
 2DIAGNOSTIC,    36, -5.305686017147e-01, 2.670517373382e-05, 9.2335e-01, 4.5900e-03, 
 2DIAGNOSTIC,    37, -5.306602858941e-01, 2.533264912475e-05, 9.2985e-01, 6.4988e-03, 
 2DIAGNOSTIC,    38, -5.306881156230e-01, 2.512162424815e-05, 9.3465e-01, 4.7979e-03, 
 2DIAGNOSTIC,    39, -5.307317416634e-01, 2.461885298517e-05, 9.3932e-01, 4.6661e-03, 
 2DIAGNOSTIC,    40, -5.308225091354e-01, 2.257034276248e-05, 9.4562e-01, 6.3040e-03, 
 2DIAGNOSTIC,    41, -5.308460424124e-01, 1.877385526146e-05, 9.5020e-01, 4.5810e-03, 
 2DIAGNOSTIC,    42, -5.308561837321e-01, 1.520831957459e-05, 9.5478e-01, 4.5741e-03, 
 2DIAGNOSTIC,    43, -5.308777649273e-01, 1.355835177395e-05, 9.5934e-01, 4.5681e-03, 
 2DIAGNOSTIC,    44, -5.309114036110e-01, 1.190613944543e-05, 9.6396e-01, 4.6170e-03, 
 2DIAGNOSTIC,    45, -5.310262965518e-01, 1.129423566771e-05, 9.7131e-01, 7.3531e-03, 
 2DIAGNOSTIC,    46, -5.310374074445e-01, 1.049838942160e-05, 9.7590e-01, 4.5850e-03, 
 2DIAGNOSTIC,    47, -5.310434720121e-01, 9.962263451426e-06, 9.8057e-01, 4.6661e-03, 
 2DIAGNOSTIC,    48, -5.310518853633e-01, 8.989886107702e-06, 9.8518e-01, 4.6091e-03, 
 2DIAGNOSTIC,    49, -5.310584329536e-01, 7.783359502082e-06, 9.9094e-01, 5.7650e-03, 
 2DIAGNOSTIC,    50, -5.310645817646e-01, 6.973833584212e-06, 9.9726e-01, 6.3200e-03, 
 2DIAGNOSTIC,    51, -5.310656430618e-01, 5.851695600727e-06, 1.0019e+00, 4.6389e-03, 
 2DIAGNOSTIC,    52, -5.310738190002e-01, 4.481863510149e-06, 1.0070e+00, 5.0690e-03, 
 2DIAGNOSTIC,    53, -5.310768127969e-01, 3.049471521674e-06, 1.0115e+00, 4.4851e-03, 
 2DIAGNOSTIC,    54, -5.310775506016e-01, 1.750844720313e-06, 1.0160e+00, 4.5261e-03, 
 2DIAGNOSTIC,    55, -5.310817434211e-01, 1.565716413222e-06, 1.0206e+00, 4.6179e-03, 
 2DIAGNOSTIC,    56, -5.310870994121e-01, 1.452195857548e-06, 1.0257e+00, 5.0840e-03, 
 2DIAGNOSTIC,    57, -5.310885232962e-01, 1.327089154870e-06, 1.0310e+00, 5.3310e-03, 
 2DIAGNOSTIC,    58, -5.310914487850e-01, 1.238639651131e-06, 1.0364e+00, 5.3689e-03, 
 2DIAGNOSTIC,    59, -5.311015678587e-01, 1.240623596684e-06, 1.0420e+00, 5.6269e-03, 
 2DIAGNOSTIC,    60, -5.311021904297e-01, 1.235244579019e-06, 1.0467e+00, 4.6439e-03, 
 2DIAGNOSTIC,    61, -5.311059901820e-01, 1.204917779159e-06, 1.0614e+00, 1.4726e-02, 
 2DIAGNOSTIC,    62, -5.311059901659e-01, 1.182103197387e-06, 1.0759e+00, 1.4490e-02, 
 2DIAGNOSTIC,    63, -5.311059901659e-01, 1.122797857696e-06, 1.0810e+00, 5.1351e-03, 
 2DIAGNOSTIC,    64, -5.311059901659e-01, 1.011506956302e-06, 1.0862e+00, 5.1520e-03, 
DIAGNOSTIC,Iteration,metricValue,convergenceValue,ITERATION_TIME_INDEX,SINCE_LAST
 2DIAGNOSTIC,     1, -4.295258231625e-01, 1.797693134862e+308, 1.7988e+00, 7.1262e-01, 
 2DIAGNOSTIC,     2, -4.302859640432e-01, 1.797693134862e+308, 1.8312e+00, 3.2402e-02, 
 2DIAGNOSTIC,     3, -4.309651196675e-01, 1.797693134862e+308, 1.8629e+00, 3.1719e-02, 
 2DIAGNOSTIC,     4, -4.317164347764e-01, 1.797693134862e+308, 1.8940e+00, 3.1052e-02, 
 2DIAGNOSTIC,     5, -4.325561938345e-01, 1.797693134862e+308, 1.9251e+00, 3.1123e-02, 
 2DIAGNOSTIC,     6, -4.341819580779e-01, 1.797693134862e+308, 1.9574e+00, 3.2373e-02, 
 2DIAGNOSTIC,     7, -4.354327949460e-01, 1.797693134862e+308, 1.9905e+00, 3.3008e-02, 
 2DIAGNOSTIC,     8, -4.367134834400e-01, 1.797693134862e+308, 2.0267e+00, 3.6265e-02, 
 2DIAGNOSTIC,     9, -4.377076816053e-01, 1.797693134862e+308, 2.0718e+00, 4.5077e-02, 
 2DIAGNOSTIC,    10, -4.379510214291e-01, 1.375954781894e-03, 2.1048e+00, 3.2973e-02, 
 2DIAGNOSTIC,    11, -4.381306699704e-01, 1.211218579661e-03, 2.1376e+00, 3.2877e-02, 
 2DIAGNOSTIC,    12, -4.403708091235e-01, 1.128184042342e-03, 2.1758e+00, 3.8151e-02, 
 2DIAGNOSTIC,    13, -4.435986505863e-01, 1.148562288585e-03, 2.2183e+00, 4.2467e-02, 
 2DIAGNOSTIC,    14, -4.436199448121e-01, 1.094787362631e-03, 2.2528e+00, 3.4524e-02, 
 2DIAGNOSTIC,    15, -4.445052016420e-01, 1.025845789175e-03, 2.2897e+00, 3.6887e-02, 
 2DIAGNOSTIC,    16, -4.479362667170e-01, 1.077370588614e-03, 2.3332e+00, 4.3487e-02, 
 2DIAGNOSTIC,    17, -4.481475950947e-01, 1.073587588172e-03, 2.3657e+00, 3.2529e-02, 
 2DIAGNOSTIC,    18, -4.482020490359e-01, 1.018146301660e-03, 2.4006e+00, 3.4956e-02, 
 2DIAGNOSTIC,    19, -4.481966708629e-01, 9.107728224602e-04, 2.4600e+00, 5.9324e-02, 
 2DIAGNOSTIC,    20, -4.481953335882e-01, 7.394369051269e-04, 2.4918e+00, 3.1833e-02, 
 2DIAGNOSTIC,    21, -4.481954334265e-01, 5.189437704805e-04, 2.5301e+00, 3.8297e-02, 
 2DIAGNOSTIC,    22, -4.482018533949e-01, 3.337448825675e-04, 2.5642e+00, 3.4062e-02, 
 2DIAGNOSTIC,    23, -4.481921491827e-01, 2.259319913540e-04, 2.5937e+00, 2.9509e-02, 
 2DIAGNOSTIC,    24, -4.482074312938e-01, 1.077320642303e-04, 2.6276e+00, 3.3911e-02, 
 2DIAGNOSTIC,    25, -4.482144439065e-01, 9.691656647950e-06, 2.6623e+00, 3.4668e-02, 
 2DIAGNOSTIC,    26, -4.482116710073e-01, 3.273680039981e-06, 2.6961e+00, 3.3844e-02, 
 2DIAGNOSTIC,    27, -4.482088353597e-01, 2.084627071228e-06, 2.7298e+00, 3.3738e-02, 
 2DIAGNOSTIC,    28, -4.482139219988e-01, 2.274304772239e-06, 2.7621e+00, 3.2280e-02, 
 2DIAGNOSTIC,    29, -4.482420866389e-01, 2.842586611346e-06, 2.7972e+00, 3.5114e-02, 
 2DIAGNOSTIC,    30, -4.482455732706e-01, 3.232686959030e-06, 2.8330e+00, 3.5763e-02, 
 2DIAGNOSTIC,    31, -4.482405886464e-01, 3.298138610906e-06, 2.8649e+00, 3.1906e-02, 
 2DIAGNOSTIC,    32, -4.482290914885e-01, 3.068921802976e-06, 2.8952e+00, 3.0299e-02, 
 2DIAGNOSTIC,    33, -4.482261087414e-01, 2.406544199210e-06, 2.9312e+00, 3.6026e-02, 
 2DIAGNOSTIC,    34, -4.482147421239e-01, 1.704267859448e-06, 2.9679e+00, 3.6669e-02, 
 2DIAGNOSTIC,    35, -4.482170221609e-01, 1.142411304965e-06, 2.9994e+00, 3.1518e-02, 
DIAGNOSTIC,Iteration,metricValue,convergenceValue,ITERATION_TIME_INDEX,SINCE_LAST
 2DIAGNOSTIC,     1, -3.932184618777e-01, 1.797693134862e+308, 4.1373e+00, 1.1378e+00, 
 2DIAGNOSTIC,     2, -3.933350080677e-01, 1.797693134862e+308, 4.3894e+00, 2.5219e-01, 
 2DIAGNOSTIC,     3, -3.934316047482e-01, 1.797693134862e+308, 4.6312e+00, 2.4180e-01, 
 2DIAGNOSTIC,     4, -3.934445201541e-01, 1.797693134862e+308, 4.9357e+00, 3.0444e-01, 
 2DIAGNOSTIC,     5, -3.934561041260e-01, 1.797693134862e+308, 5.2518e+00, 3.1613e-01, 
 2DIAGNOSTIC,     6, -3.934557400324e-01, 1.797693134862e+308, 5.5481e+00, 2.9625e-01, 
 2DIAGNOSTIC,     7, -3.934568947773e-01, 1.797693134862e+308, 5.9951e+00, 4.4703e-01, 
 2DIAGNOSTIC,     8, -3.934560026587e-01, 1.797693134862e+308, 6.2740e+00, 2.7892e-01, 
 2DIAGNOSTIC,     9, -3.934553707300e-01, 1.797693134862e+308, 6.6135e+00, 3.3945e-01, 
 2DIAGNOSTIC,    10, -3.934548435682e-01, 2.950388523774e-05, 6.8859e+00, 2.7241e-01, 
 2DIAGNOSTIC,    11, -3.934535150718e-01, 1.251787947469e-05, 7.1524e+00, 2.6656e-01, 
 2DIAGNOSTIC,    12, -3.934529103637e-01, 4.334108687484e-06, 7.3773e+00, 2.2481e-01, 
 2DIAGNOSTIC,    13, -3.934523312200e-01, 2.580302629257e-06, 7.6374e+00, 2.6019e-01, 
 2DIAGNOSTIC,    14, -3.934518640755e-01, 1.691075589755e-06, 7.9634e+00, 3.2599e-01, 
 2DIAGNOSTIC,    15, -3.934519734286e-01, 1.537715185004e-06, 8.2521e+00, 2.8866e-01, 
 2DIAGNOSTIC,    16, -3.934513609399e-01, 1.410839933269e-06, 8.4933e+00, 2.4121e-01, 
 2DIAGNOSTIC,    17, -3.934508380111e-01, 1.380509470017e-06, 8.8006e+00, 3.0732e-01, 
 2DIAGNOSTIC,    18, -3.934502559596e-01, 1.340256784631e-06, 9.0456e+00, 2.4497e-01, 
 2DIAGNOSTIC,    19, -3.934497851593e-01, 1.301860334993e-06, 9.3176e+00, 2.7204e-01, 
 2DIAGNOSTIC,    20, -3.934499621468e-01, 1.290039262795e-06, 9.5472e+00, 2.2957e-01, 
 2DIAGNOSTIC,    21, -3.934502604765e-01, 1.271710186636e-06, 9.8209e+00, 2.7376e-01, 
 2DIAGNOSTIC,    22, -3.934498715434e-01, 1.245514116913e-06, 1.0088e+01, 2.6718e-01, 
 2DIAGNOSTIC,    23, -3.934501307067e-01, 1.231426834801e-06, 1.0356e+01, 2.6809e-01, 
 2DIAGNOSTIC,    24, -3.934495535536e-01, 1.200792302751e-06, 1.0596e+01, 2.3987e-01, 
 2DIAGNOSTIC,    25, -3.934490927451e-01, 1.174527720894e-06, 1.0830e+01, 2.3375e-01, 
 2DIAGNOSTIC,    26, -3.934495816133e-01, 1.156238073105e-06, 1.1161e+01, 3.3077e-01, 
 2DIAGNOSTIC,    27, -3.934510332731e-01, 1.170201606213e-06, 1.1475e+01, 3.1417e-01, 
 2DIAGNOSTIC,    28, -3.934498670100e-01, 1.138213980276e-06, 1.1748e+01, 2.7324e-01, 
 2DIAGNOSTIC,    29, -3.934494067765e-01, 1.086573235040e-06, 1.2011e+01, 2.6276e-01, 
 2DIAGNOSTIC,    30, -3.934490070862e-01, 1.034518260626e-06, 1.2275e+01, 2.6463e-01, 
 2DIAGNOSTIC,    31, -3.934493552079e-01, 1.002859685101e-06, 1.2538e+01, 2.6213e-01, 
 2DIAGNOSTIC,    32, -3.934514388848e-01, 1.012150006037e-06, 1.2825e+01, 2.8783e-01, 
 2DIAGNOSTIC,    33, -3.934519791539e-01, 1.036072046628e-06, 1.3071e+01, 2.4569e-01, 
 2DIAGNOSTIC,    34, -3.934514161915e-01, 1.029043037476e-06, 1.3353e+01, 2.8181e-01, 
 2DIAGNOSTIC,    35, -3.934525148305e-01, 1.027695540119e-06, 1.3635e+01, 2.8225e-01, 
 2DIAGNOSTIC,    36, -3.934539683895e-01, 1.051995689647e-06, 1.3962e+01, 3.2718e-01, 
 2DIAGNOSTIC,    37, -3.934536117339e-01, 1.079271520224e-06, 1.4237e+01, 2.7459e-01, 
 2DIAGNOSTIC,    38, -3.934525130729e-01, 1.042002413104e-06, 1.4511e+01, 2.7401e-01, 
DIAGNOSTIC,Iteration,metricValue,convergenceValue,ITERATION_TIME_INDEX,SINCE_LAST
 2DIAGNOSTIC,     1, -3.660000231977e-01, 1.797693134862e+308, 1.7066e+01, 2.5556e+00, 
 2DIAGNOSTIC,     2, -3.661006044881e-01, 1.797693134862e+308, 1.8703e+01, 1.6364e+00, 
 2DIAGNOSTIC,     3, -3.661940053487e-01, 1.797693134862e+308, 2.0280e+01, 1.5770e+00, 
 2DIAGNOSTIC,     4, -3.662025643927e-01, 1.797693134862e+308, 2.2862e+01, 2.5822e+00, 
 2DIAGNOSTIC,     5, -3.662022977349e-01, 1.797693134862e+308, 2.4961e+01, 2.0991e+00, 
 2DIAGNOSTIC,     6, -3.662022733214e-01, 1.797693134862e+308, 2.6679e+01, 1.7180e+00, 
 2DIAGNOSTIC,     7, -3.662021510372e-01, 1.797693134862e+308, 2.8270e+01, 1.5909e+00, 
 2DIAGNOSTIC,     8, -3.662021104728e-01, 1.797693134862e+308, 2.9991e+01, 1.7211e+00, 
 2DIAGNOSTIC,     9, -3.662019867569e-01, 1.797693134862e+308, 3.1665e+01, 1.6738e+00, 
 2DIAGNOSTIC,    10, -3.662019340625e-01, 2.615307088823e-05, 3.3209e+01, 1.5442e+00, 
 2DIAGNOSTIC,    11, -3.662019021350e-01, 1.049209008368e-05, 3.4836e+01, 1.6273e+00, 
 2DIAGNOSTIC,    12, -3.662017877798e-01, 3.091361366683e-06, 3.6468e+01, 1.6312e+00, 
 2DIAGNOSTIC,    13, -3.662019075646e-01, 2.358435190031e-06, 3.8029e+01, 1.5614e+00, 
 2DIAGNOSTIC,    14, -3.662018587071e-01, 2.210206161340e-06, 3.9583e+01, 1.5545e+00, 
 2DIAGNOSTIC,    15, -3.662018920095e-01, 2.075386390757e-06, 4.1123e+01, 1.5391e+00, 
 2DIAGNOSTIC,    16, -3.662018421335e-01, 1.958104238114e-06, 4.2530e+01, 1.4072e+00, 
 2DIAGNOSTIC,    17, -3.662017315617e-01, 1.846828482879e-06, 4.3950e+01, 1.4206e+00, 
 2DIAGNOSTIC,    18, -3.662016584501e-01, 1.745449635195e-06, 4.5591e+01, 1.6406e+00, 
 2DIAGNOSTIC,    19, -3.662015876287e-01, 1.648798695908e-06, 4.7169e+01, 1.5785e+00, 
 2DIAGNOSTIC,    20, -3.662013732895e-01, 1.553843729157e-06, 4.8734e+01, 1.5649e+00, 
 2DIAGNOSTIC,    21, -3.662013254900e-01, 1.468744453954e-06, 5.0681e+01, 1.9464e+00, 
 2DIAGNOSTIC,    22, -3.662011170326e-01, 1.384171210130e-06, 5.2399e+01, 1.7179e+00, 
 2DIAGNOSTIC,    23, -3.662008967239e-01, 1.309503497311e-06, 5.4047e+01, 1.6482e+00, 
 2DIAGNOSTIC,    24, -3.662008589252e-01, 1.245216146945e-06, 5.5747e+01, 1.7004e+00, 
 2DIAGNOSTIC,    25, -3.662009022497e-01, 1.195923416880e-06, 5.7424e+01, 1.6768e+00, 
 2DIAGNOSTIC,    26, -3.662008588602e-01, 1.154782570637e-06, 5.8875e+01, 1.4508e+00, 
 2DIAGNOSTIC,    27, -3.662010886923e-01, 1.126687698368e-06, 6.0497e+01, 1.6218e+00, 
 2DIAGNOSTIC,    28, -3.662011544975e-01, 1.105168517368e-06, 6.2078e+01, 1.5810e+00, 
 2DIAGNOSTIC,    29, -3.662007271215e-01, 1.074819848776e-06, 6.3894e+01, 1.8168e+00, 
 2DIAGNOSTIC,    30, -3.662006710266e-01, 1.041888291586e-06, 6.5562e+01, 1.6680e+00, 
 2DIAGNOSTIC,    31, -3.662006079424e-01, 1.010052191018e-06, 6.7140e+01, 1.5776e+00, 
  Elapsed time (stage 0): 6.7964e+01


Total elapsed time: 6.7967e+01
Info [verificarlo]: loaded backend libinterflop_ieee.so
Info [interflop-ieee]: load backend with:
Info [interflop-ieee]: debug = false
Info [interflop-ieee]: debug-binary = false
Info [interflop-ieee]: no-backend-name = false
Info [interflop-ieee]: print-new-line = false
Info [interflop-ieee]: print-subnormal-normalized = false
Info [interflop-ieee]: count-op = false
All_Command_lines_OK
Using double precision for computations.
=============================================================================
The composite transform comprises the following transforms (in order): 
  1. /home/mdugre/scratch/mri-registration-rp/datasets/ds004513/derivatives/mri-registration-rp/0001/antsRegistration-r7-p20/sub-s014/rigid_Composite.h5[0] (type = Euler3DTransform)
  2. /home/mdugre/scratch/mri-registration-rp/datasets/ds004513/derivatives/mri-registration-rp/0001/antsRegistration-r7-p20/sub-s014/rigid_Composite.h5[1] (type = Euler3DTransform)
  3. /home/mdugre/scratch/mri-registration-rp/datasets/ds004513/derivatives/mri-registration-rp/0001/antsRegistration-r7-p20/sub-s014/rigid_Composite.h5[2] (type = Euler3DTransform)
=============================================================================
  number of levels = 4
  fixed image: /templateflow/tpl-MNI152NLin2009cAsym/tpl-MNI152NLin2009cAsym_res-01_desc-brain_T1w.nii.gz
  moving image: /home/mdugre/scratch/mri-registration-rp/datasets/ds004513/derivatives/mri-registration-rp/antsBrainExtraction/sub-s014/BrainExtractionBrain.nii.gz
Dimension = 3
Number of stages = 1
Use histogram matching = false
Winsorize image intensities = true
  Lower quantile = 0.005
  Upper quantile = 0.995


Stage 1 State
   Image metric = MattesMI
     Fixed image = Image (0x4d8e7e0)
  RTTI typeinfo:   itk::Image<double, 3u>
  Reference Count: 2
  Modified Time: 1594
  Debug: Off
  Object Name: 
  Observers: 
    none
  Source: (none)
  Source output name: (none)
  Release Data: Off
  Data Released: False
  Global Release Data: Off
  PipelineMTime: 0
  UpdateMTime: 1203
  RealTimeStamp: 0 seconds 
  LargestPossibleRegion: 
    Dimension: 3
    Index: [0, 0, 0]
    Size: [193, 229, 193]
  BufferedRegion: 
    Dimension: 3
    Index: [0, 0, 0]
    Size: [193, 229, 193]
  RequestedRegion: 
    Dimension: 3
    Index: [0, 0, 0]
    Size: [193, 229, 193]
  Spacing: [1, 1, 1]
  Origin: [96, 132, -78]
  Direction: 
-1 0 0
0 -1 0
0 0 1

  IndexToPointMatrix: 
-1 0 0
0 -1 0
0 0 1

  PointToIndexMatrix: 
-1 0 0
0 -1 0
0 0 1

  Inverse Direction: 
-1 0 0
0 -1 0
0 0 1

  PixelContainer: 
    ImportImageContainer (0x4e4ea20)
      RTTI typeinfo:   itk::ImportImageContainer<unsigned long, double>
      Reference Count: 1
      Modified Time: 1200
      Debug: Off
      Object Name: 
      Observers: 
        none
      Pointer: 0x14799e88f010
      Container manages memory: true
      Size: 8530021
      Capacity: 8530021

     Moving image = Image (0x4e49d70)
  RTTI typeinfo:   itk::Image<double, 3u>
  Reference Count: 2
  Modified Time: 1595
  Debug: Off
  Object Name: 
  Observers: 
    none
  Source: (none)
  Source output name: (none)
  Release Data: Off
  Data Released: False
  Global Release Data: Off
  PipelineMTime: 0
  UpdateMTime: 1592
  RealTimeStamp: 0 seconds 
  LargestPossibleRegion: 
    Dimension: 3
    Index: [0, 0, 0]
    Size: [160, 240, 256]
  BufferedRegion: 
    Dimension: 3
    Index: [0, 0, 0]
    Size: [160, 240, 256]
  RequestedRegion: 
    Dimension: 3
    Index: [0, 0, 0]
    Size: [160, 240, 256]
  Spacing: [0.999999, 1, 1]
  Origin: [84.1637, 106.709, -120.531]
  Direction: 
-0.999619 -0.0226874 -0.0157033
0.0226846 -0.999743 0.00035635
-0.0157073 -7.8229e-09 0.999877

  IndexToPointMatrix: 
-0.999619 -0.0226874 -0.0157033
0.0226845 -0.999743 0.00035635
-0.0157073 -7.8229e-09 0.999877

  PointToIndexMatrix: 
-0.99962 0.0226846 -0.0157073
-0.0226874 -0.999743 -7.83127e-09
-0.0157033 0.00035635 0.999877

  Inverse Direction: 
-0.999619 0.0226846 -0.0157073
-0.0226874 -0.999743 -7.83127e-09
-0.0157033 0.00035635 0.999877

  PixelContainer: 
    ImportImageContainer (0x4e01c90)
      RTTI typeinfo:   itk::ImportImageContainer<unsigned long, double>
      Reference Count: 1
      Modified Time: 1589
      Debug: Off
      Object Name: 
      Observers: 
        none
      Pointer: 0x147999d8e010
      Container manages memory: true
      Size: 9830400
      Capacity: 9830400

     Weighting = 1
     Sampling strategy = regular
     Number of bins = 32
     Radius = 4
     Sampling percentage  = 0.25
   Transform = Affine
     Gradient step = 0.1
     Update field sigma (voxel space) = 0
     Total field sigma (voxel space) = 0
     Update field time sigma = 0
     Total field time sigma  = 0
     Number of time indices = 0
     Number of time point samples = 0
Registration using 1 total stages.

Stage 0
  iterations = 1000x500x250x100
  convergence threshold = 1e-06
  convergence window size = 10
  number of levels = 4
  using the Mattes MI metric (number of bins = 32, weight = 1, use gradient filter = 0)
  preprocessing:  winsorizing the image intensities
  Shrink factors (level 1 out of 4): [8, 8, 8]
  Shrink factors (level 2 out of 4): [4, 4, 4]
  Shrink factors (level 3 out of 4): [2, 2, 2]
  Shrink factors (level 4 out of 4): [1, 1, 1]
  smoothing sigmas per level: [3, 2, 1, 0]
  regular sampling (percentage = 0.25)

*** Running AffineTransform registration ***

DIAGNOSTIC,Iteration,metricValue,convergenceValue,ITERATION_TIME_INDEX,SINCE_LAST
 2DIAGNOSTIC,     1, -5.239750082701e-01, 1.797693134862e+308, 7.3150e-01, 7.3150e-01, 
 2DIAGNOSTIC,     2, -5.258640013500e-01, 1.797693134862e+308, 7.3699e-01, 5.4939e-03, 
 2DIAGNOSTIC,     3, -5.291088180533e-01, 1.797693134862e+308, 7.4213e-01, 5.1410e-03, 
 2DIAGNOSTIC,     4, -5.347710741443e-01, 1.797693134862e+308, 7.4693e-01, 4.8010e-03, 
 2DIAGNOSTIC,     5, -5.449383437270e-01, 1.797693134862e+308, 7.5194e-01, 5.0051e-03, 
 2DIAGNOSTIC,     6, -6.215306276549e-01, 1.797693134862e+308, 7.5715e-01, 5.2140e-03, 
 2DIAGNOSTIC,     7, -6.633611045643e-01, 1.797693134862e+308, 7.6236e-01, 5.2061e-03, 
 2DIAGNOSTIC,     8, -7.298997509302e-01, 1.797693134862e+308, 7.6950e-01, 7.1421e-03, 
 2DIAGNOSTIC,     9, -7.422520926786e-01, 1.797693134862e+308, 7.7464e-01, 5.1379e-03, 
 2DIAGNOSTIC,    10, -7.541338162388e-01, 2.915590300739e-02, 7.8018e-01, 5.5380e-03, 
 2DIAGNOSTIC,    11, -7.649021868261e-01, 2.764847146792e-02, 7.8631e-01, 6.1369e-03, 
 2DIAGNOSTIC,    12, -7.741613692121e-01, 2.434790857244e-02, 7.9364e-01, 7.3242e-03, 
 2DIAGNOSTIC,    13, -7.770751754619e-01, 1.968341929286e-02, 7.9946e-01, 5.8270e-03, 
 2DIAGNOSTIC,    14, -7.814243235606e-01, 1.436952353070e-02, 8.0483e-01, 5.3649e-03, 
 2DIAGNOSTIC,    15, -7.874240642694e-01, 9.014365049479e-03, 8.1178e-01, 6.9542e-03, 
 2DIAGNOSTIC,    16, -7.920938881764e-01, 5.733376978437e-03, 8.1717e-01, 5.3911e-03, 
 2DIAGNOSTIC,    17, -7.957348941480e-01, 3.442741545925e-03, 8.2263e-01, 5.4569e-03, 
 2DIAGNOSTIC,    18, -8.010581749199e-01, 2.769034056517e-03, 8.2928e-01, 6.6450e-03, 
 2DIAGNOSTIC,    19, -8.020624971837e-01, 2.204706253797e-03, 8.3509e-01, 5.8091e-03, 
 2DIAGNOSTIC,    20, -8.025886651126e-01, 1.748775652073e-03, 8.4041e-01, 5.3229e-03, 
 2DIAGNOSTIC,    21, -8.047948482544e-01, 1.424917837610e-03, 8.4625e-01, 5.8460e-03, 
 2DIAGNOSTIC,    22, -8.088015813261e-01, 1.241448747658e-03, 8.5312e-01, 6.8641e-03, 
 2DIAGNOSTIC,    23, -8.108222289113e-01, 1.042886765361e-03, 8.5827e-01, 5.1491e-03, 
 2DIAGNOSTIC,    24, -8.126154167677e-01, 8.656561804294e-04, 8.6343e-01, 5.1651e-03, 
 2DIAGNOSTIC,    25, -8.155473859129e-01, 7.639685439565e-04, 8.6931e-01, 5.8742e-03, 
 2DIAGNOSTIC,    26, -8.215018718797e-01, 7.574448362123e-04, 8.7462e-01, 5.3091e-03, 
 2DIAGNOSTIC,    27, -8.250903434843e-01, 7.798852079895e-04, 8.8060e-01, 5.9848e-03, 
 2DIAGNOSTIC,    28, -8.288922225894e-01, 8.529764050870e-04, 8.8772e-01, 7.1170e-03, 
 2DIAGNOSTIC,    29, -8.297188429484e-01, 8.653904660764e-04, 8.9305e-01, 5.3341e-03, 
 2DIAGNOSTIC,    30, -8.333747976995e-01, 8.490725450635e-04, 8.9819e-01, 5.1389e-03, 
 2DIAGNOSTIC,    31, -8.366887033954e-01, 8.191733507866e-04, 9.0409e-01, 5.9040e-03, 
 2DIAGNOSTIC,    32, -8.378466873352e-01, 7.740347122330e-04, 9.0989e-01, 5.7921e-03, 
 2DIAGNOSTIC,    33, -8.386447990155e-01, 6.920167403253e-04, 9.1573e-01, 5.8479e-03, 
 2DIAGNOSTIC,    34, -8.393196464927e-01, 5.779465520841e-04, 9.2311e-01, 7.3750e-03, 
 2DIAGNOSTIC,    35, -8.396552446116e-01, 4.501762391580e-04, 9.2861e-01, 5.5041e-03, 
 2DIAGNOSTIC,    36, -8.402326969839e-01, 3.546513265513e-04, 9.3404e-01, 5.4231e-03, 
 2DIAGNOSTIC,    37, -8.406979556843e-01, 2.714867106657e-04, 9.3935e-01, 5.3101e-03, 
 2DIAGNOSTIC,    38, -8.411696783126e-01, 2.099264373698e-04, 9.4528e-01, 5.9350e-03, 
 2DIAGNOSTIC,    39, -8.413408198820e-01, 1.409186996463e-04, 9.5059e-01, 5.3129e-03, 
 2DIAGNOSTIC,    40, -8.419751050536e-01, 1.015287671912e-04, 9.5749e-01, 6.8922e-03, 
 2DIAGNOSTIC,    41, -8.420482563584e-01, 8.493925795260e-05, 9.6283e-01, 5.3451e-03, 
 2DIAGNOSTIC,    42, -8.422137948086e-01, 7.272899444305e-05, 9.6876e-01, 5.9311e-03, 
 2DIAGNOSTIC,    43, -8.428796172823e-01, 6.674525355460e-05, 9.7649e-01, 7.7291e-03, 
 2DIAGNOSTIC,    44, -8.426888274237e-01, 5.866392827819e-05, 9.8185e-01, 5.3589e-03, 
 2DIAGNOSTIC,    45, -8.427674907784e-01, 4.883809060857e-05, 9.8724e-01, 5.3909e-03, 
 2DIAGNOSTIC,    46, -8.428041607426e-01, 3.975315807318e-05, 9.9262e-01, 5.3790e-03, 
 2DIAGNOSTIC,    47, -8.428389567029e-01, 3.117323476828e-05, 9.9905e-01, 6.4261e-03, 
 2DIAGNOSTIC,    48, -8.429098523562e-01, 2.414656060193e-05, 1.0061e+00, 7.0369e-03, 
 2DIAGNOSTIC,    49, -8.429204755435e-01, 1.642714865895e-05, 1.0122e+00, 6.1550e-03, 
 2DIAGNOSTIC,    50, -8.426689375655e-01, 1.040164179657e-05, 1.0176e+00, 5.3310e-03, 
 2DIAGNOSTIC,    51, -8.426836640771e-01, 4.380342596019e-06, 1.0229e+00, 5.3229e-03, 
DIAGNOSTIC,Iteration,metricValue,convergenceValue,ITERATION_TIME_INDEX,SINCE_LAST
 2DIAGNOSTIC,     1, -6.904898563209e-01, 1.797693134862e+308, 1.7430e+00, 7.2011e-01, 
 2DIAGNOSTIC,     2, -6.913473921541e-01, 1.797693134862e+308, 1.8021e+00, 5.9068e-02, 
 2DIAGNOSTIC,     3, -6.918335992032e-01, 1.797693134862e+308, 1.8453e+00, 4.3223e-02, 
 2DIAGNOSTIC,     4, -6.920482226520e-01, 1.797693134862e+308, 1.8874e+00, 4.2154e-02, 
 2DIAGNOSTIC,     5, -6.923701337545e-01, 1.797693134862e+308, 1.9292e+00, 4.1737e-02, 
 2DIAGNOSTIC,     6, -6.927996215605e-01, 1.797693134862e+308, 1.9706e+00, 4.1465e-02, 
 2DIAGNOSTIC,     7, -6.933173909732e-01, 1.797693134862e+308, 2.0484e+00, 7.7765e-02, 
 2DIAGNOSTIC,     8, -6.933345775282e-01, 1.797693134862e+308, 2.0948e+00, 4.6355e-02, 
 2DIAGNOSTIC,     9, -6.933225432636e-01, 1.797693134862e+308, 2.1544e+00, 5.9664e-02, 
 2DIAGNOSTIC,    10, -6.932972490718e-01, 2.597278659091e-04, 2.2052e+00, 5.0794e-02, 
 2DIAGNOSTIC,    11, -6.933043655134e-01, 1.769891488659e-04, 2.2473e+00, 4.2123e-02, 
 2DIAGNOSTIC,    12, -6.933021293291e-01, 1.211070269985e-04, 2.2883e+00, 4.0957e-02, 
 2DIAGNOSTIC,    13, -6.933159808150e-01, 7.899214411021e-05, 2.3343e+00, 4.5978e-02, 
 2DIAGNOSTIC,    14, -6.933270737776e-01, 4.268927817548e-05, 2.3829e+00, 4.8613e-02, 
 2DIAGNOSTIC,    15, -6.933281295822e-01, 1.622409921269e-05, 2.4283e+00, 4.5358e-02, 
 2DIAGNOSTIC,    16, -6.933387138106e-01, 2.688297556480e-06, 2.4681e+00, 3.9860e-02, 
 2DIAGNOSTIC,    17, -6.933556578745e-01, 3.556508868303e-06, 2.5128e+00, 4.4689e-02, 
 2DIAGNOSTIC,    18, -6.933995512026e-01, 5.554313783428e-06, 2.5597e+00, 4.6862e-02, 
 2DIAGNOSTIC,    19, -6.934684823052e-01, 8.211644665072e-06, 2.6019e+00, 4.2259e-02, 
 2DIAGNOSTIC,    20, -6.935299741514e-01, 1.071189720701e-05, 2.6482e+00, 4.6258e-02, 
 2DIAGNOSTIC,    21, -6.936800281821e-01, 1.519283492007e-05, 2.7225e+00, 7.4301e-02, 
 2DIAGNOSTIC,    22, -6.936450823902e-01, 1.723698490664e-05, 2.7792e+00, 5.6729e-02, 
 2DIAGNOSTIC,    23, -6.936465269161e-01, 1.794527920861e-05, 2.8251e+00, 4.5920e-02, 
 2DIAGNOSTIC,    24, -6.936350946019e-01, 1.704999661418e-05, 2.8662e+00, 4.1117e-02, 
 2DIAGNOSTIC,    25, -6.936241772552e-01, 1.456411725589e-05, 2.9091e+00, 4.2844e-02, 
 2DIAGNOSTIC,    26, -6.936140276961e-01, 1.100655628847e-05, 2.9498e+00, 4.0683e-02, 
 2DIAGNOSTIC,    27, -6.936049722604e-01, 6.919780300735e-06, 2.9927e+00, 4.2960e-02, 
 2DIAGNOSTIC,    28, -6.935856928725e-01, 2.963493536082e-06, 3.0377e+00, 4.5010e-02, 
DIAGNOSTIC,Iteration,metricValue,convergenceValue,ITERATION_TIME_INDEX,SINCE_LAST
 2DIAGNOSTIC,     1, -5.887384911631e-01, 1.797693134862e+308, 4.2435e+00, 1.2058e+00, 
 2DIAGNOSTIC,     2, -5.893626541676e-01, 1.797693134862e+308, 4.5767e+00, 3.3315e-01, 
 2DIAGNOSTIC,     3, -5.900535096667e-01, 1.797693134862e+308, 4.8804e+00, 3.0378e-01, 
 2DIAGNOSTIC,     4, -5.908248848376e-01, 1.797693134862e+308, 5.1810e+00, 3.0056e-01, 
 2DIAGNOSTIC,     5, -5.919884069264e-01, 1.797693134862e+308, 5.4915e+00, 3.1049e-01, 
 2DIAGNOSTIC,     6, -5.938038714262e-01, 1.797693134862e+308, 6.0669e+00, 5.7537e-01, 
 2DIAGNOSTIC,     7, -5.938065282292e-01, 1.797693134862e+308, 6.5163e+00, 4.4948e-01, 
 2DIAGNOSTIC,     8, -5.938078830645e-01, 1.797693134862e+308, 6.8616e+00, 3.4525e-01, 
 2DIAGNOSTIC,     9, -5.938038281669e-01, 1.797693134862e+308, 7.2347e+00, 3.7314e-01, 
 2DIAGNOSTIC,    10, -5.938035236116e-01, 6.403920822274e-04, 7.7404e+00, 5.0567e-01, 
 2DIAGNOSTIC,    11, -5.938029559265e-01, 4.679132845864e-04, 8.0902e+00, 3.4985e-01, 
 2DIAGNOSTIC,    12, -5.938035387718e-01, 3.076115203310e-04, 8.3939e+00, 3.0370e-01, 
 2DIAGNOSTIC,    13, -5.938032936562e-01, 1.707786453883e-04, 8.7383e+00, 3.4440e-01, 
