
##########################
# Experiment information #
##########################

EXPERIMENT_NAME: antsRegistration-r7-p7
VFC_BACKENDS: libinterflop_vprec.so --range-binary32=7 --precision-binary32=7 --range-binary64=7 --precision-binary64=7

SIF_IMG: /home/mdugre/projects/rrg-glatard/mdugre/containers/ants-vprec-no_metrics.simg

SUBJECT_ID: s033
INPUT_IMG: /home/mdugre/scratch/mri-registration-rp/datasets/ds004513/derivatives/mri-registration-rp/antsBrainExtraction/sub-s033/BrainExtractionBrain.nii.gz
OUTPUT_DIR: /home/mdugre/scratch/mri-registration-rp/datasets/ds004513/derivatives/mri-registration-rp/0001/antsRegistration-r7-p7/sub-s033

FIXED_IMG: /templateflow/tpl-MNI152NLin2009cAsym/tpl-MNI152NLin2009cAsym_res-01_desc-brain_T1w.nii.gz
DATA_DIR: /home/mdugre/scratch/mri-registration-rp/datasets/ds004513
TEMPLATEFLOW_DIR: /home/mdugre/projects/rrg-glatard/mdugre/templateflow
ITK_GLOBAL_DEFAULT_NUMBER_OF_THREADS: 16
##########################

Info [verificarlo]: loaded backend libinterflop_ieee.so
Info [interflop-ieee]: load backend with:
Info [interflop-ieee]: debug = false
Info [interflop-ieee]: debug-binary = false
Info [interflop-ieee]: no-backend-name = false
Info [interflop-ieee]: print-new-line = false
Info [interflop-ieee]: print-subnormal-normalized = false
Info [interflop-ieee]: count-op = false
All_Command_lines_OK
Using double precision for computations.
=============================================================================
The composite transform comprises the following transforms (in order): 
  1. Center of mass alignment using fixed image: /templateflow/tpl-MNI152NLin2009cAsym/tpl-MNI152NLin2009cAsym_res-01_desc-brain_T1w.nii.gz and moving image: /home/mdugre/scratch/mri-registration-rp/datasets/ds004513/derivatives/mri-registration-rp/antsBrainExtraction/sub-s033/BrainExtractionBrain.nii.gz (type = Euler3DTransform)
=============================================================================
  number of levels = 1
  fixed image: /templateflow/tpl-MNI152NLin2009cAsym/tpl-MNI152NLin2009cAsym_res-01_desc-brain_T1w.nii.gz
  moving image: /home/mdugre/scratch/mri-registration-rp/datasets/ds004513/derivatives/mri-registration-rp/antsBrainExtraction/sub-s033/BrainExtractionBrain.nii.gz
Dimension = 3
Number of stages = 1
Use histogram matching = false
Winsorize image intensities = true
  Lower quantile = 0.005
  Upper quantile = 0.995


Stage 1 State
   Image metric = MattesMI
     Fixed image = Image (0x3b0dbd0)
  RTTI typeinfo:   itk::Image<double, 3u>
  Reference Count: 2
  Modified Time: 2330
  Debug: Off
  Object Name: 
  Observers: 
    none
  Source: (none)
  Source output name: (none)
  Release Data: Off
  Data Released: False
  Global Release Data: Off
  PipelineMTime: 0
  UpdateMTime: 1941
  RealTimeStamp: 0 seconds 
  LargestPossibleRegion: 
    Dimension: 3
    Index: [0, 0, 0]
    Size: [193, 229, 193]
  BufferedRegion: 
    Dimension: 3
    Index: [0, 0, 0]
    Size: [193, 229, 193]
  RequestedRegion: 
    Dimension: 3
    Index: [0, 0, 0]
    Size: [193, 229, 193]
  Spacing: [1, 1, 1]
  Origin: [96, 132, -78]
  Direction: 
-1 0 0
0 -1 0
0 0 1

  IndexToPointMatrix: 
-1 0 0
0 -1 0
0 0 1

  PointToIndexMatrix: 
-1 0 0
0 -1 0
0 0 1

  Inverse Direction: 
-1 0 0
0 -1 0
0 0 1

  PixelContainer: 
    ImportImageContainer (0x3b169e0)
      RTTI typeinfo:   itk::ImportImageContainer<unsigned long, double>
      Reference Count: 1
      Modified Time: 1938
      Debug: Off
      Object Name: 
      Observers: 
        none
      Pointer: 0x1480194ea010
      Container manages memory: true
      Size: 8530021
      Capacity: 8530021

     Moving image = Image (0x3b17910)
  RTTI typeinfo:   itk::Image<double, 3u>
  Reference Count: 2
  Modified Time: 2331
  Debug: Off
  Object Name: 
  Observers: 
    none
  Source: (none)
  Source output name: (none)
  Release Data: Off
  Data Released: False
  Global Release Data: Off
  PipelineMTime: 0
  UpdateMTime: 2328
  RealTimeStamp: 0 seconds 
  LargestPossibleRegion: 
    Dimension: 3
    Index: [0, 0, 0]
    Size: [160, 240, 256]
  BufferedRegion: 
    Dimension: 3
    Index: [0, 0, 0]
    Size: [160, 240, 256]
  RequestedRegion: 
    Dimension: 3
    Index: [0, 0, 0]
    Size: [160, 240, 256]
  Spacing: [1, 1, 1]
  Origin: [91.5134, 94.282, -109.927]
  Direction: 
-0.99591 -0.0698718 -0.0572835
0.0697565 -0.997556 0.00401236
-0.0574239 5.01125e-08 0.99835

  IndexToPointMatrix: 
-0.99591 -0.0698718 -0.0572835
0.0697565 -0.997556 0.00401236
-0.0574239 5.01125e-08 0.99835

  PointToIndexMatrix: 
-0.99591 0.0697565 -0.0574239
-0.0698718 -0.997556 5.01483e-08
-0.0572835 0.00401236 0.99835

  Inverse Direction: 
-0.99591 0.0697565 -0.0574239
-0.0698718 -0.997556 5.01483e-08
-0.0572835 0.00401236 0.99835

  PixelContainer: 
    ImportImageContainer (0x3bfda50)
      RTTI typeinfo:   itk::ImportImageContainer<unsigned long, double>
      Reference Count: 1
      Modified Time: 2325
      Debug: Off
      Object Name: 
      Observers: 
        none
      Pointer: 0x1480149e9010
      Container manages memory: true
      Size: 9830400
      Capacity: 9830400

     Weighting = 1
     Sampling strategy = regular
     Number of bins = 32
     Radius = 4
     Sampling percentage  = 0.25
   Transform = Rigid
     Gradient step = 0.1
     Update field sigma (voxel space) = 0
     Total field sigma (voxel space) = 0
     Update field time sigma = 0
     Total field time sigma  = 0
     Number of time indices = 0
     Number of time point samples = 0
Registration using 1 total stages.

Stage 0
  iterations = 0
  convergence threshold = 1e-06
  convergence window size = 10
  number of levels = 1
  using the Mattes MI metric (number of bins = 32, weight = 1, use gradient filter = 0)
  preprocessing:  winsorizing the image intensities
  Shrink factors (level 1 out of 1): [1, 1, 1]
  smoothing sigmas per level: [0]
  regular sampling (percentage = 0.25)

*** Running Euler3DTransform registration ***

  Elapsed time (stage 0): 1.13119


Total elapsed time: 1.13339
Info [verificarlo]: loaded backend libinterflop_ieee.so
Info [interflop-ieee]: load backend with:
Info [interflop-ieee]: debug = false
Info [interflop-ieee]: debug-binary = false
Info [interflop-ieee]: no-backend-name = false
Info [interflop-ieee]: print-new-line = false
Info [interflop-ieee]: print-subnormal-normalized = false
Info [interflop-ieee]: count-op = false
All_Command_lines_OK
Using double precision for computations.
=============================================================================
The composite transform comprises the following transforms (in order): 
  1. /home/mdugre/scratch/mri-registration-rp/datasets/ds004513/derivatives/mri-registration-rp/0001/antsRegistration-r7-p7/sub-s033/align_Composite.h5[0] (type = Euler3DTransform)
  2. /home/mdugre/scratch/mri-registration-rp/datasets/ds004513/derivatives/mri-registration-rp/0001/antsRegistration-r7-p7/sub-s033/align_Composite.h5[1] (type = Euler3DTransform)
=============================================================================
  number of levels = 4
  fixed image: /templateflow/tpl-MNI152NLin2009cAsym/tpl-MNI152NLin2009cAsym_res-01_desc-brain_T1w.nii.gz
  moving image: /home/mdugre/scratch/mri-registration-rp/datasets/ds004513/derivatives/mri-registration-rp/antsBrainExtraction/sub-s033/BrainExtractionBrain.nii.gz
Dimension = 3
Number of stages = 1
Use histogram matching = false
Winsorize image intensities = true
  Lower quantile = 0.005
  Upper quantile = 0.995


Stage 1 State
   Image metric = MattesMI
     Fixed image = Image (0x3b1b530)
  RTTI typeinfo:   itk::Image<double, 3u>
  Reference Count: 2
  Modified Time: 1578
  Debug: Off
  Object Name: 
  Observers: 
    none
  Source: (none)
  Source output name: (none)
  Release Data: Off
  Data Released: False
  Global Release Data: Off
  PipelineMTime: 0
  UpdateMTime: 1189
  RealTimeStamp: 0 seconds 
  LargestPossibleRegion: 
    Dimension: 3
    Index: [0, 0, 0]
    Size: [193, 229, 193]
  BufferedRegion: 
    Dimension: 3
    Index: [0, 0, 0]
    Size: [193, 229, 193]
  RequestedRegion: 
    Dimension: 3
    Index: [0, 0, 0]
    Size: [193, 229, 193]
  Spacing: [1, 1, 1]
  Origin: [96, 132, -78]
  Direction: 
-1 0 0
0 -1 0
0 0 1

  IndexToPointMatrix: 
-1 0 0
0 -1 0
0 0 1

  PointToIndexMatrix: 
-1 0 0
0 -1 0
0 0 1

  Inverse Direction: 
-1 0 0
0 -1 0
0 0 1

  PixelContainer: 
    ImportImageContainer (0x3bd9d60)
      RTTI typeinfo:   itk::ImportImageContainer<unsigned long, double>
      Reference Count: 1
      Modified Time: 1186
      Debug: Off
      Object Name: 
      Observers: 
        none
      Pointer: 0x1523c32ed010
      Container manages memory: true
      Size: 8530021
      Capacity: 8530021

     Moving image = Image (0x3bcbf60)
  RTTI typeinfo:   itk::Image<double, 3u>
  Reference Count: 2
  Modified Time: 1579
  Debug: Off
  Object Name: 
  Observers: 
    none
  Source: (none)
  Source output name: (none)
  Release Data: Off
  Data Released: False
  Global Release Data: Off
  PipelineMTime: 0
  UpdateMTime: 1576
  RealTimeStamp: 0 seconds 
  LargestPossibleRegion: 
    Dimension: 3
    Index: [0, 0, 0]
    Size: [160, 240, 256]
  BufferedRegion: 
    Dimension: 3
    Index: [0, 0, 0]
    Size: [160, 240, 256]
  RequestedRegion: 
    Dimension: 3
    Index: [0, 0, 0]
    Size: [160, 240, 256]
  Spacing: [1, 1, 1]
  Origin: [91.5134, 94.282, -109.927]
  Direction: 
-0.99591 -0.0698718 -0.0572835
0.0697565 -0.997556 0.00401236
-0.0574239 5.01125e-08 0.99835

  IndexToPointMatrix: 
-0.99591 -0.0698718 -0.0572835
0.0697565 -0.997556 0.00401236
-0.0574239 5.01125e-08 0.99835

  PointToIndexMatrix: 
-0.99591 0.0697565 -0.0574239
-0.0698718 -0.997556 5.01483e-08
-0.0572835 0.00401236 0.99835

  Inverse Direction: 
-0.99591 0.0697565 -0.0574239
-0.0698718 -0.997556 5.01483e-08
-0.0572835 0.00401236 0.99835

  PixelContainer: 
    ImportImageContainer (0x3bbd6d0)
      RTTI typeinfo:   itk::ImportImageContainer<unsigned long, double>
      Reference Count: 1
      Modified Time: 1573
      Debug: Off
      Object Name: 
      Observers: 
        none
      Pointer: 0x1523be7ec010
      Container manages memory: true
      Size: 9830400
      Capacity: 9830400

     Weighting = 1
     Sampling strategy = regular
     Number of bins = 32
     Radius = 4
     Sampling percentage  = 0.25
   Transform = Rigid
     Gradient step = 0.1
     Update field sigma (voxel space) = 0
     Total field sigma (voxel space) = 0
     Update field time sigma = 0
     Total field time sigma  = 0
     Number of time indices = 0
     Number of time point samples = 0
Registration using 1 total stages.

Stage 0
  iterations = 1000x500x250x100
  convergence threshold = 1e-06
  convergence window size = 10
  number of levels = 4
  using the Mattes MI metric (number of bins = 32, weight = 1, use gradient filter = 0)
  preprocessing:  winsorizing the image intensities
  Shrink factors (level 1 out of 4): [8, 8, 8]
  Shrink factors (level 2 out of 4): [4, 4, 4]
  Shrink factors (level 3 out of 4): [2, 2, 2]
  Shrink factors (level 4 out of 4): [1, 1, 1]
  smoothing sigmas per level: [3, 2, 1, 0]
  regular sampling (percentage = 0.25)

*** Running Euler3DTransform registration ***

DIAGNOSTIC,Iteration,metricValue,convergenceValue,ITERATION_TIME_INDEX,SINCE_LAST
 2DIAGNOSTIC,     1, -4.945365495269e-01, 1.797693134862e+308, 6.5890e-01, 6.5890e-01, 
 2DIAGNOSTIC,     2, -4.961551199262e-01, 1.797693134862e+308, 6.6348e-01, 4.5762e-03, 
 2DIAGNOSTIC,     3, -4.991207097076e-01, 1.797693134862e+308, 6.6777e-01, 4.2870e-03, 
 2DIAGNOSTIC,     4, -5.030359852117e-01, 1.797693134862e+308, 6.7212e-01, 4.3550e-03, 
 2DIAGNOSTIC,     5, -5.059125054655e-01, 1.797693134862e+308, 6.7638e-01, 4.2620e-03, 
 2DIAGNOSTIC,     6, -5.092815596254e-01, 1.797693134862e+308, 6.8075e-01, 4.3621e-03, 
 2DIAGNOSTIC,     7, -5.205915484568e-01, 1.797693134862e+308, 6.8573e-01, 4.9889e-03, 
 2DIAGNOSTIC,     8, -5.236677933913e-01, 1.797693134862e+308, 6.9008e-01, 4.3461e-03, 
 2DIAGNOSTIC,     9, -5.261653611514e-01, 1.797693134862e+308, 6.9460e-01, 4.5190e-03, 
 2DIAGNOSTIC,    10, -5.313843279548e-01, 4.956236851461e-03, 6.9943e-01, 4.8339e-03, 
 2DIAGNOSTIC,    11, -5.461121550605e-01, 5.255951709877e-03, 7.0532e-01, 5.8911e-03, 
 2DIAGNOSTIC,    12, -5.563506773258e-01, 5.544499219497e-03, 7.1007e-01, 4.7429e-03, 
 2DIAGNOSTIC,    13, -6.011783753091e-01, 7.240286203979e-03, 7.1582e-01, 5.7490e-03, 
 2DIAGNOSTIC,    14, -6.166052825032e-01, 8.701253899216e-03, 7.2031e-01, 4.4889e-03, 
 2DIAGNOSTIC,    15, -6.211428291634e-01, 9.416357351006e-03, 7.2489e-01, 4.5838e-03, 
 2DIAGNOSTIC,    16, -6.235432151353e-01, 9.368281934704e-03, 7.2997e-01, 5.0828e-03, 
 2DIAGNOSTIC,    17, -6.347577460853e-01, 9.145335025526e-03, 7.3621e-01, 6.2380e-03, 
 2DIAGNOSTIC,    18, -6.413138476401e-01, 8.359392949714e-03, 7.4096e-01, 4.7469e-03, 
 2DIAGNOSTIC,    19, -6.420802711127e-01, 6.980623451348e-03, 7.4633e-01, 5.3771e-03, 
 2DIAGNOSTIC,    20, -6.425493367424e-01, 5.272872573508e-03, 7.5093e-01, 4.5998e-03, 
 2DIAGNOSTIC,    21, -6.431795003478e-01, 3.641466657689e-03, 7.5598e-01, 5.0440e-03, 
 2DIAGNOSTIC,    22, -6.434078409291e-01, 2.049113976654e-03, 7.6064e-01, 4.6661e-03, 
 2DIAGNOSTIC,    23, -6.435083888706e-01, 1.381096886024e-03, 7.6549e-01, 4.8511e-03, 
 2DIAGNOSTIC,    24, -6.436807753410e-01, 9.688116226370e-04, 7.7107e-01, 5.5730e-03, 
 2DIAGNOSTIC,    25, -6.439989380530e-01, 6.014653388420e-04, 7.7728e-01, 6.2089e-03, 
 2DIAGNOSTIC,    26, -6.448361523585e-01, 2.655196211387e-04, 7.8173e-01, 4.4520e-03, 
 2DIAGNOSTIC,    27, -6.460796038090e-01, 1.536865167556e-04, 7.8683e-01, 5.1041e-03, 
 2DIAGNOSTIC,    28, -6.463976197625e-01, 1.550353278338e-04, 7.9137e-01, 4.5400e-03, 
 2DIAGNOSTIC,    29, -6.463935458947e-01, 1.547432178542e-04, 7.9579e-01, 4.4181e-03, 
 2DIAGNOSTIC,    30, -6.464392298670e-01, 1.482978642973e-04, 8.0087e-01, 5.0800e-03, 
 2DIAGNOSTIC,    31, -6.463723508860e-01, 1.368671767895e-04, 8.0529e-01, 4.4241e-03, 
 2DIAGNOSTIC,    32, -6.464254415425e-01, 1.173266034874e-04, 8.1070e-01, 5.4069e-03, 
 2DIAGNOSTIC,    33, -6.464354984656e-01, 8.969332494520e-05, 8.2458e-01, 1.3877e-02, 
 2DIAGNOSTIC,    34, -6.464354984327e-01, 5.811491535890e-05, 8.3844e-01, 1.3860e-02, 
 2DIAGNOSTIC,    35, -6.464354984327e-01, 2.735369574637e-05, 8.4393e-01, 5.4951e-03, 
 2DIAGNOSTIC,    36, -6.464354984327e-01, 6.561970962077e-06, 8.4885e-01, 4.9200e-03, 
 2DIAGNOSTIC,    37, -6.464354984327e-01, 2.244496865079e-06, 8.5381e-01, 4.9579e-03, 
 2DIAGNOSTIC,    38, -6.464354984327e-01, 1.990753719174e-06, 8.5873e-01, 4.9231e-03, 
 2DIAGNOSTIC,    39, -6.464354984327e-01, 1.582336021821e-06, 8.6363e-01, 4.8981e-03, 
 2DIAGNOSTIC,    40, -6.464354984327e-01, 1.698173675468e-06, 8.6905e-01, 5.4169e-03, 
DIAGNOSTIC,Iteration,metricValue,convergenceValue,ITERATION_TIME_INDEX,SINCE_LAST
 2DIAGNOSTIC,     1, -5.367244449724e-01, 1.797693134862e+308, 1.5608e+00, 6.9173e-01, 
 2DIAGNOSTIC,     2, -5.380313833102e-01, 1.797693134862e+308, 1.5894e+00, 2.8593e-02, 
 2DIAGNOSTIC,     3, -5.401731908600e-01, 1.797693134862e+308, 1.6188e+00, 2.9444e-02, 
 2DIAGNOSTIC,     4, -5.431881342671e-01, 1.797693134862e+308, 1.6483e+00, 2.9481e-02, 
 2DIAGNOSTIC,     5, -5.453557595233e-01, 1.797693134862e+308, 1.6773e+00, 2.9010e-02, 
 2DIAGNOSTIC,     6, -5.461088564635e-01, 1.797693134862e+308, 1.7051e+00, 2.7835e-02, 
 2DIAGNOSTIC,     7, -5.462086680348e-01, 1.797693134862e+308, 1.7376e+00, 3.2425e-02, 
 2DIAGNOSTIC,     8, -5.464869266848e-01, 1.797693134862e+308, 1.7726e+00, 3.5016e-02, 
 2DIAGNOSTIC,     9, -5.465850813341e-01, 1.797693134862e+308, 1.8117e+00, 3.9073e-02, 
 2DIAGNOSTIC,    10, -5.466464836789e-01, 1.224741226770e-03, 1.8405e+00, 2.8893e-02, 
 2DIAGNOSTIC,    11, -5.470487705902e-01, 8.391099743106e-04, 1.8686e+00, 2.8080e-02, 
 2DIAGNOSTIC,    12, -5.471758935832e-01, 5.053701545158e-04, 1.9002e+00, 3.1541e-02, 
 2DIAGNOSTIC,    13, -5.471428458610e-01, 2.604988643513e-04, 1.9281e+00, 2.7909e-02, 
 2DIAGNOSTIC,    14, -5.471835675169e-01, 1.395636966481e-04, 1.9598e+00, 3.1744e-02, 
 2DIAGNOSTIC,    15, -5.472405832062e-01, 9.903714734588e-05, 2.0046e+00, 4.4764e-02, 
 2DIAGNOSTIC,    16, -5.472598771195e-01, 7.966182853281e-05, 2.0444e+00, 3.9835e-02, 
 2DIAGNOSTIC,    17, -5.472729367298e-01, 5.862743717792e-05, 2.0780e+00, 3.3539e-02, 
 2DIAGNOSTIC,    18, -5.473059248734e-01, 4.386276491172e-05, 2.1150e+00, 3.7088e-02, 
 2DIAGNOSTIC,    19, -5.473435927839e-01, 3.059173515966e-05, 2.1510e+00, 3.5973e-02, 
 2DIAGNOSTIC,    20, -5.474644648078e-01, 2.039757497334e-05, 2.1866e+00, 3.5571e-02, 
 2DIAGNOSTIC,    21, -5.476672302109e-01, 2.427778177135e-05, 2.2205e+00, 3.3896e-02, 
 2DIAGNOSTIC,    22, -5.482405837204e-01, 4.222046671207e-05, 2.2682e+00, 4.7676e-02, 
 2DIAGNOSTIC,    23, -5.482883004239e-01, 5.482202103074e-05, 2.3050e+00, 3.6815e-02, 
 2DIAGNOSTIC,    24, -5.483174313435e-01, 6.301593177795e-05, 2.3410e+00, 3.6023e-02, 
 2DIAGNOSTIC,    25, -5.482954929794e-01, 6.562157929836e-05, 2.3804e+00, 3.9418e-02, 
 2DIAGNOSTIC,    26, -5.482908934841e-01, 6.219653438990e-05, 2.4209e+00, 4.0488e-02, 
 2DIAGNOSTIC,    27, -5.482929903307e-01, 5.340706403727e-05, 2.4550e+00, 3.4133e-02, 
 2DIAGNOSTIC,    28, -5.482861411954e-01, 4.081102809154e-05, 2.4945e+00, 3.9481e-02, 
 2DIAGNOSTIC,    29, -5.482735820127e-01, 2.593280741726e-05, 2.5344e+00, 3.9901e-02, 
 2DIAGNOSTIC,    30, -5.483198830346e-01, 1.264380161252e-05, 2.5799e+00, 4.5468e-02, 
 2DIAGNOSTIC,    31, -5.482930783974e-01, 1.789247516752e-06, 2.6139e+00, 3.4041e-02, 
DIAGNOSTIC,Iteration,metricValue,convergenceValue,ITERATION_TIME_INDEX,SINCE_LAST
 2DIAGNOSTIC,     1, -4.662378237922e-01, 1.797693134862e+308, 3.7350e+00, 1.1210e+00, 
 2DIAGNOSTIC,     2, -4.664224840941e-01, 1.797693134862e+308, 4.0155e+00, 2.8049e-01, 
 2DIAGNOSTIC,     3, -4.665513774550e-01, 1.797693134862e+308, 4.2713e+00, 2.5582e-01, 
 2DIAGNOSTIC,     4, -4.666538097601e-01, 1.797693134862e+308, 4.5047e+00, 2.3342e-01, 
 2DIAGNOSTIC,     5, -4.667429513991e-01, 1.797693134862e+308, 4.7482e+00, 2.4345e-01, 
 2DIAGNOSTIC,     6, -4.668835221342e-01, 1.797693134862e+308, 4.9996e+00, 2.5143e-01, 
 2DIAGNOSTIC,     7, -4.673059665683e-01, 1.797693134862e+308, 5.2519e+00, 2.5232e-01, 
 2DIAGNOSTIC,     8, -4.674348697786e-01, 1.797693134862e+308, 5.6566e+00, 4.0469e-01, 
 2DIAGNOSTIC,     9, -4.674483334045e-01, 1.797693134862e+308, 5.9092e+00, 2.5258e-01, 
 2DIAGNOSTIC,    10, -4.674386221056e-01, 1.885294535087e-04, 6.2071e+00, 2.9790e-01, 
 2DIAGNOSTIC,    11, -4.674401618957e-01, 1.546900099719e-04, 6.5220e+00, 3.1489e-01, 
 2DIAGNOSTIC,    12, -4.674394009109e-01, 1.217521042071e-04, 6.8125e+00, 2.9058e-01, 
 2DIAGNOSTIC,    13, -4.674385290307e-01, 8.896213981231e-05, 7.0773e+00, 2.6478e-01, 
 2DIAGNOSTIC,    14, -4.674376463060e-01, 5.765117019696e-05, 7.3282e+00, 2.5083e-01, 
 2DIAGNOSTIC,    15, -4.674367342773e-01, 2.917464036195e-05, 7.5567e+00, 2.2853e-01, 
 2DIAGNOSTIC,    16, -4.674358520788e-01, 6.698864871424e-06, 7.8217e+00, 2.6501e-01, 
 2DIAGNOSTIC,    17, -4.674359021247e-01, 1.424539273882e-06, 8.0516e+00, 2.2991e-01, 
 2DIAGNOSTIC,    18, -4.674350260215e-01, 1.088927467099e-06, 8.3307e+00, 2.7907e-01, 
 2DIAGNOSTIC,    19, -4.674341664292e-01, 1.265368500050e-06, 8.5939e+00, 2.6319e-01, 
 2DIAGNOSTIC,    20, -4.674333530701e-01, 1.141165128893e-06, 8.8372e+00, 2.4328e-01, 
 2DIAGNOSTIC,    21, -4.674316774793e-01, 1.067200710067e-06, 9.1075e+00, 2.7032e-01, 
 2DIAGNOSTIC,    22, -4.674309235804e-01, 1.000749853743e-06, 9.3446e+00, 2.3708e-01, 
 2DIAGNOSTIC,    23, -4.674332130971e-01, 1.019443968589e-06, 9.5952e+00, 2.5065e-01, 
 2DIAGNOSTIC,    24, -4.674357188880e-01, 1.110220659177e-06, 9.8616e+00, 2.6642e-01, 
 2DIAGNOSTIC,    25, -4.674371980243e-01, 1.227270426493e-06, 1.0131e+01, 2.6896e-01, 
 2DIAGNOSTIC,    26, -4.674369435417e-01, 1.313797120657e-06, 1.0497e+01, 3.6687e-01, 
 2DIAGNOSTIC,    27, -4.674391840228e-01, 1.438805526319e-06, 1.0795e+01, 2.9748e-01, 
 2DIAGNOSTIC,    28, -4.674365066120e-01, 1.450961247200e-06, 1.1057e+01, 2.6162e-01, 
 2DIAGNOSTIC,    29, -4.674368371197e-01, 1.422193913664e-06, 1.1353e+01, 2.9679e-01, 
 2DIAGNOSTIC,    30, -4.674361694222e-01, 1.335364405233e-06, 1.1646e+01, 2.9264e-01, 
 2DIAGNOSTIC,    31, -4.674354638726e-01, 1.182597065788e-06, 1.1948e+01, 3.0187e-01, 
 2DIAGNOSTIC,    32, -4.674357526866e-01, 1.015358848687e-06, 1.2203e+01, 2.5520e-01, 
DIAGNOSTIC,Iteration,metricValue,convergenceValue,ITERATION_TIME_INDEX,SINCE_LAST
 2DIAGNOSTIC,     1, -4.256749840338e-01, 1.797693134862e+308, 1.4665e+01, 2.4620e+00, 
 2DIAGNOSTIC,     2, -4.257695100134e-01, 1.797693134862e+308, 1.6462e+01, 1.7973e+00, 
 2DIAGNOSTIC,     3, -4.258606722632e-01, 1.797693134862e+308, 1.8169e+01, 1.7063e+00, 
 2DIAGNOSTIC,     4, -4.260323491087e-01, 1.797693134862e+308, 1.9738e+01, 1.5695e+00, 
 2DIAGNOSTIC,     5, -4.260524048484e-01, 1.797693134862e+308, 2.2920e+01, 3.1817e+00, 
 2DIAGNOSTIC,     6, -4.260611206966e-01, 1.797693134862e+308, 2.4965e+01, 2.0449e+00, 
 2DIAGNOSTIC,     7, -4.260595766239e-01, 1.797693134862e+308, 2.6466e+01, 1.5009e+00, 
 2DIAGNOSTIC,     8, -4.260583992418e-01, 1.797693134862e+308, 2.8529e+01, 2.0630e+00, 
 2DIAGNOSTIC,     9, -4.260583335457e-01, 1.797693134862e+308, 3.0301e+01, 1.7728e+00, 
 2DIAGNOSTIC,    10, -4.260579768891e-01, 5.577737668051e-05, 3.2189e+01, 1.8874e+00, 
 2DIAGNOSTIC,    11, -4.260579611183e-01, 3.210279564289e-05, 3.3696e+01, 1.5070e+00, 
 2DIAGNOSTIC,    12, -4.260578202575e-01, 1.499081188859e-05, 3.5170e+01, 1.4746e+00, 
 2DIAGNOSTIC,    13, -4.260578236040e-01, 3.844716628260e-06, 3.6692e+01, 1.5216e+00, 
 2DIAGNOSTIC,    14, -4.260577887943e-01, 2.320466805233e-06, 3.8035e+01, 1.3433e+00, 
 2DIAGNOSTIC,    15, -4.260576979391e-01, 1.870511814439e-06, 3.9511e+01, 1.4752e+00, 
 2DIAGNOSTIC,    16, -4.260576684859e-01, 1.863366633964e-06, 4.1263e+01, 1.7525e+00, 
 2DIAGNOSTIC,    17, -4.260576379318e-01, 1.807904691835e-06, 4.2661e+01, 1.3985e+00, 
 2DIAGNOSTIC,    18, -4.260576603152e-01, 1.721550819199e-06, 4.4158e+01, 1.4961e+00, 
 2DIAGNOSTIC,    19, -4.260576716697e-01, 1.646882314618e-06, 4.5663e+01, 1.5053e+00, 
 2DIAGNOSTIC,    20, -4.260577041480e-01, 1.571424932345e-06, 4.7170e+01, 1.5071e+00, 
 2DIAGNOSTIC,    21, -4.260576321792e-01, 1.502287859577e-06, 4.9067e+01, 1.8965e+00, 
 2DIAGNOSTIC,    22, -4.260573084400e-01, 1.426562538154e-06, 5.0789e+01, 1.7228e+00, 
 2DIAGNOSTIC,    23, -4.260572607070e-01, 1.358190943046e-06, 5.2454e+01, 1.6646e+00, 
 2DIAGNOSTIC,    24, -4.260571936525e-01, 1.294961696735e-06, 5.3952e+01, 1.4981e+00, 
 2DIAGNOSTIC,    25, -4.260570481489e-01, 1.233263341074e-06, 5.5435e+01, 1.4825e+00, 
 2DIAGNOSTIC,    26, -4.260572475917e-01, 1.184522909779e-06, 5.6945e+01, 1.5103e+00, 
 2DIAGNOSTIC,    27, -4.260573109765e-01, 1.143816280531e-06, 5.8304e+01, 1.3596e+00, 
 2DIAGNOSTIC,    28, -4.260573160530e-01, 1.109903563244e-06, 5.9814e+01, 1.5092e+00, 
 2DIAGNOSTIC,    29, -4.260575265381e-01, 1.085880728467e-06, 6.1695e+01, 1.8810e+00, 
 2DIAGNOSTIC,    30, -4.260575525252e-01, 1.065684112629e-06, 6.3557e+01, 1.8628e+00, 
 2DIAGNOSTIC,    31, -4.260575078789e-01, 1.043919808499e-06, 6.5163e+01, 1.6055e+00, 
 2DIAGNOSTIC,    32, -4.260574627360e-01, 1.014174733478e-06, 6.6702e+01, 1.5393e+00, 
  Elapsed time (stage 0): 6.7560e+01


Total elapsed time: 6.7563e+01
Info [verificarlo]: loaded backend libinterflop_ieee.so
Info [interflop-ieee]: load backend with:
Info [interflop-ieee]: debug = false
Info [interflop-ieee]: debug-binary = false
Info [interflop-ieee]: no-backend-name = false
Info [interflop-ieee]: print-new-line = false
Info [interflop-ieee]: print-subnormal-normalized = false
Info [interflop-ieee]: count-op = false
All_Command_lines_OK
Using double precision for computations.
=============================================================================
The composite transform comprises the following transforms (in order): 
  1. /home/mdugre/scratch/mri-registration-rp/datasets/ds004513/derivatives/mri-registration-rp/0001/antsRegistration-r7-p7/sub-s033/rigid_Composite.h5[0] (type = Euler3DTransform)
  2. /home/mdugre/scratch/mri-registration-rp/datasets/ds004513/derivatives/mri-registration-rp/0001/antsRegistration-r7-p7/sub-s033/rigid_Composite.h5[1] (type = Euler3DTransform)
  3. /home/mdugre/scratch/mri-registration-rp/datasets/ds004513/derivatives/mri-registration-rp/0001/antsRegistration-r7-p7/sub-s033/rigid_Composite.h5[2] (type = Euler3DTransform)
=============================================================================
  number of levels = 4
  fixed image: /templateflow/tpl-MNI152NLin2009cAsym/tpl-MNI152NLin2009cAsym_res-01_desc-brain_T1w.nii.gz
  moving image: /home/mdugre/scratch/mri-registration-rp/datasets/ds004513/derivatives/mri-registration-rp/antsBrainExtraction/sub-s033/BrainExtractionBrain.nii.gz
Dimension = 3
Number of stages = 1
Use histogram matching = false
Winsorize image intensities = true
  Lower quantile = 0.005
  Upper quantile = 0.995


Stage 1 State
   Image metric = MattesMI
     Fixed image = Image (0x3c13530)
  RTTI typeinfo:   itk::Image<double, 3u>
  Reference Count: 2
  Modified Time: 1592
  Debug: Off
  Object Name: 
  Observers: 
    none
  Source: (none)
  Source output name: (none)
  Release Data: Off
  Data Released: False
  Global Release Data: Off
  PipelineMTime: 0
  UpdateMTime: 1203
  RealTimeStamp: 0 seconds 
  LargestPossibleRegion: 
    Dimension: 3
    Index: [0, 0, 0]
    Size: [193, 229, 193]
  BufferedRegion: 
    Dimension: 3
    Index: [0, 0, 0]
    Size: [193, 229, 193]
  RequestedRegion: 
    Dimension: 3
    Index: [0, 0, 0]
    Size: [193, 229, 193]
  Spacing: [1, 1, 1]
  Origin: [96, 132, -78]
  Direction: 
-1 0 0
0 -1 0
0 0 1

  IndexToPointMatrix: 
-1 0 0
0 -1 0
0 0 1

  PointToIndexMatrix: 
-1 0 0
0 -1 0
0 0 1

  Inverse Direction: 
-1 0 0
0 -1 0
0 0 1

  PixelContainer: 
    ImportImageContainer (0x3ccc2a0)
      RTTI typeinfo:   itk::ImportImageContainer<unsigned long, double>
      Reference Count: 1
      Modified Time: 1200
      Debug: Off
      Object Name: 
      Observers: 
        none
      Pointer: 0x14950ed7e010
      Container manages memory: true
      Size: 8530021
      Capacity: 8530021

     Moving image = Image (0x3ccee60)
  RTTI typeinfo:   itk::Image<double, 3u>
  Reference Count: 2
  Modified Time: 1593
  Debug: Off
  Object Name: 
  Observers: 
    none
  Source: (none)
  Source output name: (none)
  Release Data: Off
  Data Released: False
  Global Release Data: Off
  PipelineMTime: 0
  UpdateMTime: 1590
  RealTimeStamp: 0 seconds 
  LargestPossibleRegion: 
    Dimension: 3
    Index: [0, 0, 0]
    Size: [160, 240, 256]
  BufferedRegion: 
    Dimension: 3
    Index: [0, 0, 0]
    Size: [160, 240, 256]
  RequestedRegion: 
    Dimension: 3
    Index: [0, 0, 0]
    Size: [160, 240, 256]
  Spacing: [1, 1, 1]
  Origin: [91.5134, 94.282, -109.927]
  Direction: 
-0.99591 -0.0698718 -0.0572835
0.0697565 -0.997556 0.00401236
-0.0574239 5.01125e-08 0.99835

  IndexToPointMatrix: 
-0.99591 -0.0698718 -0.0572835
0.0697565 -0.997556 0.00401236
-0.0574239 5.01125e-08 0.99835

  PointToIndexMatrix: 
-0.99591 0.0697565 -0.0574239
-0.0698718 -0.997556 5.01483e-08
-0.0572835 0.00401236 0.99835

  Inverse Direction: 
-0.99591 0.0697565 -0.0574239
-0.0698718 -0.997556 5.01483e-08
-0.0572835 0.00401236 0.99835

  PixelContainer: 
    ImportImageContainer (0x3d02390)
      RTTI typeinfo:   itk::ImportImageContainer<unsigned long, double>
      Reference Count: 1
      Modified Time: 1587
      Debug: Off
      Object Name: 
      Observers: 
        none
      Pointer: 0x14950a27d010
      Container manages memory: true
      Size: 9830400
      Capacity: 9830400

     Weighting = 1
     Sampling strategy = regular
     Number of bins = 32
     Radius = 4
     Sampling percentage  = 0.25
   Transform = Affine
     Gradient step = 0.1
     Update field sigma (voxel space) = 0
     Total field sigma (voxel space) = 0
     Update field time sigma = 0
     Total field time sigma  = 0
     Number of time indices = 0
     Number of time point samples = 0
Registration using 1 total stages.

Stage 0
  iterations = 1000x500x250x100
  convergence threshold = 1e-06
  convergence window size = 10
  number of levels = 4
  using the Mattes MI metric (number of bins = 32, weight = 1, use gradient filter = 0)
  preprocessing:  winsorizing the image intensities
  Shrink factors (level 1 out of 4): [8, 8, 8]
  Shrink factors (level 2 out of 4): [4, 4, 4]
  Shrink factors (level 3 out of 4): [2, 2, 2]
  Shrink factors (level 4 out of 4): [1, 1, 1]
  smoothing sigmas per level: [3, 2, 1, 0]
  regular sampling (percentage = 0.25)

*** Running AffineTransform registration ***

DIAGNOSTIC,Iteration,metricValue,convergenceValue,ITERATION_TIME_INDEX,SINCE_LAST
 2DIAGNOSTIC,     1, -6.365739692750e-01, 1.797693134862e+308, 1.2755e+00, 1.2755e+00, 
 2DIAGNOSTIC,     2, -6.391592095064e-01, 1.797693134862e+308, 1.2815e+00, 6.0501e-03, 
 2DIAGNOSTIC,     3, -6.433719570146e-01, 1.797693134862e+308, 1.2867e+00, 5.1911e-03, 
 2DIAGNOSTIC,     4, -6.509781421338e-01, 1.797693134862e+308, 1.2921e+00, 5.3680e-03, 
 2DIAGNOSTIC,     5, -6.629588179471e-01, 1.797693134862e+308, 1.2975e+00, 5.4140e-03, 
 2DIAGNOSTIC,     6, -6.850427312016e-01, 1.797693134862e+308, 1.3026e+00, 5.1372e-03, 
 2DIAGNOSTIC,     7, -7.187493130056e-01, 1.797693134862e+308, 1.3080e+00, 5.3689e-03, 
 2DIAGNOSTIC,     8, -8.328151713776e-01, 1.797693134862e+308, 1.3147e+00, 6.6929e-03, 
 2DIAGNOSTIC,     9, -8.661006067075e-01, 1.797693134862e+308, 1.3200e+00, 5.3029e-03, 
 2DIAGNOSTIC,    10, -8.886976080587e-01, 2.434231591728e-02, 1.3276e+00, 7.6370e-03, 
 2DIAGNOSTIC,    11, -8.997695062412e-01, 2.486997795147e-02, 1.3338e+00, 6.1200e-03, 
 2DIAGNOSTIC,    12, -9.068419317950e-01, 2.337531865406e-02, 1.3400e+00, 6.2170e-03, 
 2DIAGNOSTIC,    13, -9.074148521649e-01, 2.016612987330e-02, 1.3458e+00, 5.8782e-03, 
 2DIAGNOSTIC,    14, -9.074138334520e-01, 1.587668913978e-02, 1.3516e+00, 5.7681e-03, 
 2DIAGNOSTIC,    15, -9.077685017464e-01, 1.114389189946e-02, 1.3579e+00, 6.2420e-03, 
 2DIAGNOSTIC,    16, -9.077057724206e-01, 6.587055279584e-03, 1.3644e+00, 6.5482e-03, 
 2DIAGNOSTIC,    17, -9.075815791483e-01, 2.686614304119e-03, 1.3705e+00, 6.0730e-03, 
 2DIAGNOSTIC,    18, -9.074496832156e-01, 1.255545928705e-03, 1.3760e+00, 5.5029e-03, 
 2DIAGNOSTIC,    19, -9.073228248101e-01, 4.831026222981e-04, 1.3813e+00, 5.3480e-03, 
 2DIAGNOSTIC,    20, -9.074983867257e-01, 1.455468973559e-04, 1.3881e+00, 6.7601e-03, 
 2DIAGNOSTIC,    21, -9.076684705897e-01, 1.268846740201e-05, 1.3945e+00, 6.4371e-03, 
DIAGNOSTIC,Iteration,metricValue,convergenceValue,ITERATION_TIME_INDEX,SINCE_LAST
 2DIAGNOSTIC,     1, -7.448145912710e-01, 1.797693134862e+308, 2.0992e+00, 7.0463e-01, 
 2DIAGNOSTIC,     2, -7.453886008415e-01, 1.797693134862e+308, 2.1392e+00, 4.0032e-02, 
 2DIAGNOSTIC,     3, -7.460924169429e-01, 1.797693134862e+308, 2.1756e+00, 3.6434e-02, 
 2DIAGNOSTIC,     4, -7.469846541316e-01, 1.797693134862e+308, 2.2111e+00, 3.5482e-02, 
 2DIAGNOSTIC,     5, -7.479547147358e-01, 1.797693134862e+308, 2.2527e+00, 4.1631e-02, 
 2DIAGNOSTIC,     6, -7.485578335130e-01, 1.797693134862e+308, 2.3144e+00, 6.1633e-02, 
 2DIAGNOSTIC,     7, -7.485250536776e-01, 1.797693134862e+308, 2.3509e+00, 3.6506e-02, 
 2DIAGNOSTIC,     8, -7.485573683814e-01, 1.797693134862e+308, 2.3917e+00, 4.0776e-02, 
 2DIAGNOSTIC,     9, -7.485671717137e-01, 1.797693134862e+308, 2.4283e+00, 3.6610e-02, 
 2DIAGNOSTIC,    10, -7.485702174534e-01, 3.485354247046e-04, 2.4679e+00, 3.9654e-02, 
 2DIAGNOSTIC,    11, -7.485887377554e-01, 2.362664772117e-04, 2.5090e+00, 4.1044e-02, 
 2DIAGNOSTIC,    12, -7.485863778336e-01, 1.400553429323e-04, 2.5508e+00, 4.1869e-02, 
 2DIAGNOSTIC,    13, -7.485542512199e-01, 6.577787085066e-05, 2.5878e+00, 3.6977e-02, 
 2DIAGNOSTIC,    14, -7.485563271706e-01, 2.010370807791e-05, 2.6249e+00, 3.7071e-02, 
 2DIAGNOSTIC,    15, -7.485801232957e-01, 3.628986489299e-06, 2.6618e+00, 3.6882e-02, 
 2DIAGNOSTIC,    16, -7.485975915009e-01, 3.817953270757e-06, 2.6994e+00, 3.7615e-02, 
 2DIAGNOSTIC,    17, -7.486340035194e-01, 3.878619358667e-06, 2.7437e+00, 4.4282e-02, 
 2DIAGNOSTIC,    18, -7.486793228876e-01, 5.389452639892e-06, 2.7840e+00, 4.0347e-02, 
 2DIAGNOSTIC,    19, -7.486864847479e-01, 6.735300738359e-06, 2.8251e+00, 4.1147e-02, 
 2DIAGNOSTIC,    20, -7.486971533736e-01, 7.724980627906e-06, 2.8693e+00, 4.4177e-02, 
 2DIAGNOSTIC,    21, -7.486632049625e-01, 7.764722684503e-06, 2.9089e+00, 3.9554e-02, 
 2DIAGNOSTIC,    22, -7.486669548107e-01, 7.270796052707e-06, 2.9495e+00, 4.0604e-02, 
 2DIAGNOSTIC,    23, -7.486432441716e-01, 5.340176370792e-06, 2.9848e+00, 3.5350e-02, 
 2DIAGNOSTIC,    24, -7.486502154873e-01, 3.342304718122e-06, 3.0218e+00, 3.6943e-02, 
 2DIAGNOSTIC,    25, -7.486448040839e-01, 1.597099614649e-06, 3.0660e+00, 4.4189e-02, 
DIAGNOSTIC,Iteration,metricValue,convergenceValue,ITERATION_TIME_INDEX,SINCE_LAST
 2DIAGNOSTIC,     1, -6.325249566340e-01, 1.797693134862e+308, 4.2296e+00, 1.1637e+00, 
 2DIAGNOSTIC,     2, -6.331182226637e-01, 1.797693134862e+308, 4.5413e+00, 3.1169e-01, 
 2DIAGNOSTIC,     3, -6.337906923846e-01, 1.797693134862e+308, 4.8315e+00, 2.9019e-01, 
 2DIAGNOSTIC,     4, -6.346261976445e-01, 1.797693134862e+308, 5.1223e+00, 2.9074e-01, 
 2DIAGNOSTIC,     5, -6.367638385290e-01, 1.797693134862e+308, 5.5187e+00, 3.9645e-01, 
 2DIAGNOSTIC,     6, -6.378302033367e-01, 1.797693134862e+308, 5.8745e+00, 3.5573e-01, 
 2DIAGNOSTIC,     7, -6.378630147007e-01, 1.797693134862e+308, 6.2970e+00, 4.2252e-01, 
 2DIAGNOSTIC,     8, -6.378577000885e-01, 1.797693134862e+308, 6.7600e+00, 4.6300e-01, 
 2DIAGNOSTIC,     9, -6.378576486263e-01, 1.797693134862e+308, 7.0724e+00, 3.1242e-01, 
 2DIAGNOSTIC,    10, -6.378559283457e-01, 6.294248888682e-04, 7.4011e+00, 3.2868e-01, 
 2DIAGNOSTIC,    11, -6.378530320576e-01, 4.525375732016e-04, 7.7031e+00, 3.0200e-01, 
 2DIAGNOSTIC,    12, -6.378515302863e-01, 2.877092621670e-04, 8.0016e+00, 2.9854e-01, 
 2DIAGNOSTIC,    13, -6.378537963477e-01, 1.463987310526e-04, 8.3967e+00, 3.9507e-01, 
 2DIAGNOSTIC,    14, -6.378536314027e-01, 3.735460713526e-05, 8.8200e+00, 4.2330e-01, 
 2DIAGNOSTIC,    15, -6.378516892166e-01, 2.339462965364e-06, 9.1757e+00, 3.5571e-01, 
 2DIAGNOSTIC,    16, -6.378513234968e-01, 1.405672637525e-06, 9.5444e+00, 3.6871e-01, 
 2DIAGNOSTIC,    17, -6.378491583625e-01, 1.444054621838e-06, 9.8932e+00, 3.4884e-01, 
 2DIAGNOSTIC,    18, -6.378484164768e-01, 1.365949320951e-06, 1.0179e+01, 2.8580e-01, 
 2DIAGNOSTIC,    19, -6.378467203914e-01, 1.292025466545e-06, 1.0495e+01, 3.1560e-01, 
 2DIAGNOSTIC,    20, -6.378486645151e-01, 1.269388869525e-06, 1.0824e+01, 3.2952e-01, 
 2DIAGNOSTIC,    21, -6.378509737420e-01, 1.266586504081e-06, 1.1150e+01, 3.2582e-01, 
 2DIAGNOSTIC,    22, -6.378501633445e-01, 1.237912902338e-06, 1.1466e+01, 3.1617e-01, 
 2DIAGNOSTIC,    23, -6.378505318982e-01, 1.284126323102e-06, 1.1864e+01, 3.9741e-01, 
 2DIAGNOSTIC,    24, -6.378497108027e-01, 1.318657319282e-06, 1.2131e+01, 2.6693e-01, 
 2DIAGNOSTIC,    25, -6.378478813923e-01, 1.283050848962e-06, 1.2395e+01, 2.6465e-01, 
 2DIAGNOSTIC,    26, -6.378467539402e-01, 1.224232752887e-06, 1.2713e+01, 3.1757e-01, 
 2DIAGNOSTIC,    27, -6.378492026110e-01, 1.175057656365e-06, 1.3021e+01, 3.0835e-01, 
 2DIAGNOSTIC,    28, -6.378502176720e-01, 1.134099854985e-06, 1.3324e+01, 3.0272e-01, 
 2DIAGNOSTIC,    29, -6.378512246460e-01, 1.085056340090e-06, 1.3620e+01, 2.9587e-01, 
 2DIAGNOSTIC,    30, -6.378510476964e-01, 1.066654676973e-06, 1.3939e+01, 3.1969e-01, 
 2DIAGNOSTIC,    31, -6.378511809661e-01, 1.085009781326e-06, 1.4250e+01, 3.1060e-01, 
 2DIAGNOSTIC,    32, -6.378520260269e-01, 1.096085439550e-06, 1.4670e+01, 4.2030e-01, 
 2DIAGNOSTIC,    33, -6.378514885903e-01, 1.093636334736e-06, 1.4973e+01, 3.0293e-01, 
 2DIAGNOSTIC,    34, -6.378492128564e-01, 1.039614298405e-06, 1.5240e+01, 2.6695e-01, 
DIAGNOSTIC,Iteration,metricValue,convergenceValue,ITERATION_TIME_INDEX,SINCE_LAST
 2DIAGNOSTIC,     1, -5.637506085065e-01, 1.797693134862e+308, 1.8317e+01, 3.0768e+00, 
 2DIAGNOSTIC,     2, -5.638560344357e-01, 1.797693134862e+308, 2.0334e+01, 2.0170e+00, 
 2DIAGNOSTIC,     3, -5.638669386878e-01, 1.797693134862e+308, 2.2547e+01, 2.2132e+00, 
 2DIAGNOSTIC,     4, -5.638666724681e-01, 1.797693134862e+308, 2.4473e+01, 1.9260e+00, 
 2DIAGNOSTIC,     5, -5.638658012524e-01, 1.797693134862e+308, 2.7146e+01, 2.6726e+00, 
 2DIAGNOSTIC,     6, -5.638658756385e-01, 1.797693134862e+308, 2.9305e+01, 2.1591e+00, 
 2DIAGNOSTIC,     7, -5.638656625351e-01, 1.797693134862e+308, 3.1348e+01, 2.0435e+00, 
 2DIAGNOSTIC,     8, -5.638654485141e-01, 1.797693134862e+308, 3.3665e+01, 2.3164e+00, 
 2DIAGNOSTIC,     9, -5.638653300511e-01, 1.797693134862e+308, 3.5312e+01, 1.6470e+00, 
 2DIAGNOSTIC,    10, -5.638654787133e-01, 9.304487544645e-06, 3.7996e+01, 2.6839e+00, 
 2DIAGNOSTIC,    11, -5.638653701616e-01, 3.208860280934e-06, 3.9862e+01, 1.8664e+00, 
 2DIAGNOSTIC,    12, -5.638651151079e-01, 2.504799073516e-06, 4.1850e+01, 1.9882e+00, 
 2DIAGNOSTIC,    13, -5.638648862518e-01, 2.336612779097e-06, 4.3992e+01, 2.1417e+00, 
 2DIAGNOSTIC,    14, -5.638648312502e-01, 2.191859636805e-06, 4.5796e+01, 1.8043e+00, 
 2DIAGNOSTIC,    15, -5.638648393909e-01, 2.044226734513e-06, 4.7692e+01, 1.8954e+00, 
 2DIAGNOSTIC,    16, -5.638648475875e-01, 1.924636591114e-06, 4.9439e+01, 1.7469e+00, 
 2DIAGNOSTIC,    17, -5.638649625946e-01, 1.822400154505e-06, 5.1556e+01, 2.1169e+00, 
 2DIAGNOSTIC,    18, -5.638649308763e-01, 1.729300700262e-06, 5.3724e+01, 2.1681e+00, 
 2DIAGNOSTIC,    19, -5.638648638338e-01, 1.644448464518e-06, 5.5881e+01, 2.1576e+00, 
 2DIAGNOSTIC,    20, -5.638648111064e-01, 1.573260067264e-06, 5.7999e+01, 2.1180e+00, 
 2DIAGNOSTIC,    21, -5.638648040237e-01, 1.507761038251e-06, 5.9953e+01, 1.9542e+00, 
 2DIAGNOSTIC,    22, -5.638648418878e-01, 1.443955979556e-06, 6.1800e+01, 1.8462e+00, 
 2DIAGNOSTIC,    23, -5.638648578735e-01, 1.381220812315e-06, 6.3616e+01, 1.8158e+00, 
 2DIAGNOSTIC,    24, -5.638646929091e-01, 1.319330312180e-06, 6.5331e+01, 1.7152e+00, 
 2DIAGNOSTIC,    25, -5.638647170210e-01, 1.263761364799e-06, 6.7282e+01, 1.9511e+00, 
 2DIAGNOSTIC,    26, -5.638648285690e-01, 1.215465438027e-06, 6.9164e+01, 1.8826e+00, 
 2DIAGNOSTIC,    27, -5.638651839036e-01, 1.180149918380e-06, 7.1186e+01, 2.0217e+00, 
 2DIAGNOSTIC,    28, -5.638654912654e-01, 1.152003678583e-06, 7.3247e+01, 2.0606e+00, 
 2DIAGNOSTIC,    29, -5.638654352299e-01, 1.122189794360e-06, 7.5354e+01, 2.1073e+00, 
 2DIAGNOSTIC,    30, -5.638648768866e-01, 1.081904451583e-06, 7.7711e+01, 2.3575e+00, 
 2DIAGNOSTIC,    31, -5.638648455495e-01, 1.041770064839e-06, 7.9724e+01, 2.0124e+00, 
 2DIAGNOSTIC,    32, -5.638646676587e-01, 1.000199129665e-06, 8.1713e+01, 1.9891e+00, 
  Elapsed time (stage 0): 8.2959e+01


Total elapsed time: 8.2962e+01
Info [verificarlo]: loaded backend libinterflop_vprec.so
Info [interflop-vprec]: load backend with: 
Info [interflop-vprec]: precision-binary32 = 7
Info [interflop-vprec]: range-binary32 = 7
Info [interflop-vprec]: precision-binary64 = 7
Info [interflop-vprec]: range-binary64 = 7
Info [interflop-vprec]: mode = ob
Info [interflop-vprec]: error-mode = rel
Info [interflop-vprec]: max-abs-error-exponent = -1022
Info [interflop-vprec]: daz = false
Info [interflop-vprec]: ftz = false
Info [interflop-vprec]: 	instrument = none
Info [interflop-vprec]: 	prec-input-file = (null)
Info [interflop-vprec]: 	prec-output-file = (null)
Info [interflop-vprec]: 	prec-log-file = (null)
All_Command_lines_OK
Using double precision for computations.
=============================================================================
The composite transform comprises the following transforms (in order): 
