
##########################
# Experiment information #
##########################

EXPERIMENT_NAME: antsRegistration-r8-p16
VFC_BACKENDS: libinterflop_vprec.so --range-binary32=8 --precision-binary32=16 --range-binary64=8 --precision-binary64=16

SIF_IMG: /home/mdugre/projects/rrg-glatard/mdugre/containers/ants-vprec-no_metrics.simg

SUBJECT_ID: s033
INPUT_IMG: /home/mdugre/scratch/mri-registration-rp/datasets/ds004513/derivatives/mri-registration-rp/antsBrainExtraction/sub-s033/BrainExtractionBrain.nii.gz
OUTPUT_DIR: /home/mdugre/scratch/mri-registration-rp/datasets/ds004513/derivatives/mri-registration-rp/0001/antsRegistration-r8-p16/sub-s033

FIXED_IMG: /templateflow/tpl-MNI152NLin2009cAsym/tpl-MNI152NLin2009cAsym_res-01_desc-brain_T1w.nii.gz
DATA_DIR: /home/mdugre/scratch/mri-registration-rp/datasets/ds004513
TEMPLATEFLOW_DIR: /home/mdugre/projects/rrg-glatard/mdugre/templateflow
ITK_GLOBAL_DEFAULT_NUMBER_OF_THREADS: 16
##########################

Info [verificarlo]: loaded backend libinterflop_ieee.so
Info [interflop-ieee]: load backend with:
Info [interflop-ieee]: debug = false
Info [interflop-ieee]: debug-binary = false
Info [interflop-ieee]: no-backend-name = false
Info [interflop-ieee]: print-new-line = false
Info [interflop-ieee]: print-subnormal-normalized = false
Info [interflop-ieee]: count-op = false
All_Command_lines_OK
Using double precision for computations.
=============================================================================
The composite transform comprises the following transforms (in order): 
  1. Center of mass alignment using fixed image: /templateflow/tpl-MNI152NLin2009cAsym/tpl-MNI152NLin2009cAsym_res-01_desc-brain_T1w.nii.gz and moving image: /home/mdugre/scratch/mri-registration-rp/datasets/ds004513/derivatives/mri-registration-rp/antsBrainExtraction/sub-s033/BrainExtractionBrain.nii.gz (type = Euler3DTransform)
=============================================================================
  number of levels = 1
  fixed image: /templateflow/tpl-MNI152NLin2009cAsym/tpl-MNI152NLin2009cAsym_res-01_desc-brain_T1w.nii.gz
  moving image: /home/mdugre/scratch/mri-registration-rp/datasets/ds004513/derivatives/mri-registration-rp/antsBrainExtraction/sub-s033/BrainExtractionBrain.nii.gz
Dimension = 3
Number of stages = 1
Use histogram matching = false
Winsorize image intensities = true
  Lower quantile = 0.005
  Upper quantile = 0.995


Stage 1 State
   Image metric = MattesMI
     Fixed image = Image (0x41c5e70)
  RTTI typeinfo:   itk::Image<double, 3u>
  Reference Count: 2
  Modified Time: 2330
  Debug: Off
  Object Name: 
  Observers: 
    none
  Source: (none)
  Source output name: (none)
  Release Data: Off
  Data Released: False
  Global Release Data: Off
  PipelineMTime: 0
  UpdateMTime: 1941
  RealTimeStamp: 0 seconds 
  LargestPossibleRegion: 
    Dimension: 3
    Index: [0, 0, 0]
    Size: [193, 229, 193]
  BufferedRegion: 
    Dimension: 3
    Index: [0, 0, 0]
    Size: [193, 229, 193]
  RequestedRegion: 
    Dimension: 3
    Index: [0, 0, 0]
    Size: [193, 229, 193]
  Spacing: [1, 1, 1]
  Origin: [96, 132, -78]
  Direction: 
-1 0 0
0 -1 0
0 0 1

  IndexToPointMatrix: 
-1 0 0
0 -1 0
0 0 1

  PointToIndexMatrix: 
-1 0 0
0 -1 0
0 0 1

  Inverse Direction: 
-1 0 0
0 -1 0
0 0 1

  PixelContainer: 
    ImportImageContainer (0x41cec60)
      RTTI typeinfo:   itk::ImportImageContainer<unsigned long, double>
      Reference Count: 1
      Modified Time: 1938
      Debug: Off
      Object Name: 
      Observers: 
        none
      Pointer: 0x14cd40945010
      Container manages memory: true
      Size: 8530021
      Capacity: 8530021

     Moving image = Image (0x41c8540)
  RTTI typeinfo:   itk::Image<double, 3u>
  Reference Count: 2
  Modified Time: 2331
  Debug: Off
  Object Name: 
  Observers: 
    none
  Source: (none)
  Source output name: (none)
  Release Data: Off
  Data Released: False
  Global Release Data: Off
  PipelineMTime: 0
  UpdateMTime: 2328
  RealTimeStamp: 0 seconds 
  LargestPossibleRegion: 
    Dimension: 3
    Index: [0, 0, 0]
    Size: [160, 240, 256]
  BufferedRegion: 
    Dimension: 3
    Index: [0, 0, 0]
    Size: [160, 240, 256]
  RequestedRegion: 
    Dimension: 3
    Index: [0, 0, 0]
    Size: [160, 240, 256]
  Spacing: [1, 1, 1]
  Origin: [91.5134, 94.282, -109.927]
  Direction: 
-0.99591 -0.0698718 -0.0572835
0.0697565 -0.997556 0.00401236
-0.0574239 5.01125e-08 0.99835

  IndexToPointMatrix: 
-0.99591 -0.0698718 -0.0572835
0.0697565 -0.997556 0.00401236
-0.0574239 5.01125e-08 0.99835

  PointToIndexMatrix: 
-0.99591 0.0697565 -0.0574239
-0.0698718 -0.997556 5.01483e-08
-0.0572835 0.00401236 0.99835

  Inverse Direction: 
-0.99591 0.0697565 -0.0574239
-0.0698718 -0.997556 5.01483e-08
-0.0572835 0.00401236 0.99835

  PixelContainer: 
    ImportImageContainer (0x42da610)
      RTTI typeinfo:   itk::ImportImageContainer<unsigned long, double>
      Reference Count: 1
      Modified Time: 2325
      Debug: Off
      Object Name: 
      Observers: 
        none
      Pointer: 0x14cd3be44010
      Container manages memory: true
      Size: 9830400
      Capacity: 9830400

     Weighting = 1
     Sampling strategy = regular
     Number of bins = 32
     Radius = 4
     Sampling percentage  = 0.25
   Transform = Rigid
     Gradient step = 0.1
     Update field sigma (voxel space) = 0
     Total field sigma (voxel space) = 0
     Update field time sigma = 0
     Total field time sigma  = 0
     Number of time indices = 0
     Number of time point samples = 0
Registration using 1 total stages.

Stage 0
  iterations = 0
  convergence threshold = 1e-06
  convergence window size = 10
  number of levels = 1
  using the Mattes MI metric (number of bins = 32, weight = 1, use gradient filter = 0)
  preprocessing:  winsorizing the image intensities
  Shrink factors (level 1 out of 1): [1, 1, 1]
  smoothing sigmas per level: [0]
  regular sampling (percentage = 0.25)

*** Running Euler3DTransform registration ***

  Elapsed time (stage 0): 1.11231


Total elapsed time: 1.11956
Info [verificarlo]: loaded backend libinterflop_ieee.so
Info [interflop-ieee]: load backend with:
Info [interflop-ieee]: debug = false
Info [interflop-ieee]: debug-binary = false
Info [interflop-ieee]: no-backend-name = false
Info [interflop-ieee]: print-new-line = false
Info [interflop-ieee]: print-subnormal-normalized = false
Info [interflop-ieee]: count-op = false
All_Command_lines_OK
Using double precision for computations.
=============================================================================
The composite transform comprises the following transforms (in order): 
  1. /home/mdugre/scratch/mri-registration-rp/datasets/ds004513/derivatives/mri-registration-rp/0001/antsRegistration-r8-p16/sub-s033/align_Composite.h5[0] (type = Euler3DTransform)
  2. /home/mdugre/scratch/mri-registration-rp/datasets/ds004513/derivatives/mri-registration-rp/0001/antsRegistration-r8-p16/sub-s033/align_Composite.h5[1] (type = Euler3DTransform)
=============================================================================
  number of levels = 4
  fixed image: /templateflow/tpl-MNI152NLin2009cAsym/tpl-MNI152NLin2009cAsym_res-01_desc-brain_T1w.nii.gz
  moving image: /home/mdugre/scratch/mri-registration-rp/datasets/ds004513/derivatives/mri-registration-rp/antsBrainExtraction/sub-s033/BrainExtractionBrain.nii.gz
Dimension = 3
Number of stages = 1
Use histogram matching = false
Winsorize image intensities = true
  Lower quantile = 0.005
  Upper quantile = 0.995


Stage 1 State
   Image metric = MattesMI
     Fixed image = Image (0x3b99530)
  RTTI typeinfo:   itk::Image<double, 3u>
  Reference Count: 2
  Modified Time: 1578
  Debug: Off
  Object Name: 
  Observers: 
    none
  Source: (none)
  Source output name: (none)
  Release Data: Off
  Data Released: False
  Global Release Data: Off
  PipelineMTime: 0
  UpdateMTime: 1189
  RealTimeStamp: 0 seconds 
  LargestPossibleRegion: 
    Dimension: 3
    Index: [0, 0, 0]
    Size: [193, 229, 193]
  BufferedRegion: 
    Dimension: 3
    Index: [0, 0, 0]
    Size: [193, 229, 193]
  RequestedRegion: 
    Dimension: 3
    Index: [0, 0, 0]
    Size: [193, 229, 193]
  Spacing: [1, 1, 1]
  Origin: [96, 132, -78]
  Direction: 
-1 0 0
0 -1 0
0 0 1

  IndexToPointMatrix: 
-1 0 0
0 -1 0
0 0 1

  PointToIndexMatrix: 
-1 0 0
0 -1 0
0 0 1

  Inverse Direction: 
-1 0 0
0 -1 0
0 0 1

  PixelContainer: 
    ImportImageContainer (0x3c57d60)
      RTTI typeinfo:   itk::ImportImageContainer<unsigned long, double>
      Reference Count: 1
      Modified Time: 1186
      Debug: Off
      Object Name: 
      Observers: 
        none
      Pointer: 0x148bc9125010
      Container manages memory: true
      Size: 8530021
      Capacity: 8530021

     Moving image = Image (0x3c49f60)
  RTTI typeinfo:   itk::Image<double, 3u>
  Reference Count: 2
  Modified Time: 1579
  Debug: Off
  Object Name: 
  Observers: 
    none
  Source: (none)
  Source output name: (none)
  Release Data: Off
  Data Released: False
  Global Release Data: Off
  PipelineMTime: 0
  UpdateMTime: 1576
  RealTimeStamp: 0 seconds 
  LargestPossibleRegion: 
    Dimension: 3
    Index: [0, 0, 0]
    Size: [160, 240, 256]
  BufferedRegion: 
    Dimension: 3
    Index: [0, 0, 0]
    Size: [160, 240, 256]
  RequestedRegion: 
    Dimension: 3
    Index: [0, 0, 0]
    Size: [160, 240, 256]
  Spacing: [1, 1, 1]
  Origin: [91.5134, 94.282, -109.927]
  Direction: 
-0.99591 -0.0698718 -0.0572835
0.0697565 -0.997556 0.00401236
-0.0574239 5.01125e-08 0.99835

  IndexToPointMatrix: 
-0.99591 -0.0698718 -0.0572835
0.0697565 -0.997556 0.00401236
-0.0574239 5.01125e-08 0.99835

  PointToIndexMatrix: 
-0.99591 0.0697565 -0.0574239
-0.0698718 -0.997556 5.01483e-08
-0.0572835 0.00401236 0.99835

  Inverse Direction: 
-0.99591 0.0697565 -0.0574239
-0.0698718 -0.997556 5.01483e-08
-0.0572835 0.00401236 0.99835

  PixelContainer: 
    ImportImageContainer (0x3c3b6d0)
      RTTI typeinfo:   itk::ImportImageContainer<unsigned long, double>
      Reference Count: 1
      Modified Time: 1573
      Debug: Off
      Object Name: 
      Observers: 
        none
      Pointer: 0x148bc4624010
      Container manages memory: true
      Size: 9830400
      Capacity: 9830400

     Weighting = 1
     Sampling strategy = regular
     Number of bins = 32
     Radius = 4
     Sampling percentage  = 0.25
   Transform = Rigid
     Gradient step = 0.1
     Update field sigma (voxel space) = 0
     Total field sigma (voxel space) = 0
     Update field time sigma = 0
     Total field time sigma  = 0
     Number of time indices = 0
     Number of time point samples = 0
Registration using 1 total stages.

Stage 0
  iterations = 1000x500x250x100
  convergence threshold = 1e-06
  convergence window size = 10
  number of levels = 4
  using the Mattes MI metric (number of bins = 32, weight = 1, use gradient filter = 0)
  preprocessing:  winsorizing the image intensities
  Shrink factors (level 1 out of 4): [8, 8, 8]
  Shrink factors (level 2 out of 4): [4, 4, 4]
  Shrink factors (level 3 out of 4): [2, 2, 2]
  Shrink factors (level 4 out of 4): [1, 1, 1]
  smoothing sigmas per level: [3, 2, 1, 0]
  regular sampling (percentage = 0.25)

*** Running Euler3DTransform registration ***

DIAGNOSTIC,Iteration,metricValue,convergenceValue,ITERATION_TIME_INDEX,SINCE_LAST
 2DIAGNOSTIC,     1, -4.945365495269e-01, 1.797693134862e+308, 8.4295e-01, 8.4295e-01, 
 2DIAGNOSTIC,     2, -4.961551199262e-01, 1.797693134862e+308, 8.4807e-01, 5.1219e-03, 
 2DIAGNOSTIC,     3, -4.991207097076e-01, 1.797693134862e+308, 8.5306e-01, 4.9889e-03, 
 2DIAGNOSTIC,     4, -5.030359852117e-01, 1.797693134862e+308, 8.5786e-01, 4.8058e-03, 
 2DIAGNOSTIC,     5, -5.059125054655e-01, 1.797693134862e+308, 8.6273e-01, 4.8618e-03, 
 2DIAGNOSTIC,     6, -5.092815596254e-01, 1.797693134862e+308, 8.6791e-01, 5.1880e-03, 
 2DIAGNOSTIC,     7, -5.205915484568e-01, 1.797693134862e+308, 8.7337e-01, 5.4598e-03, 
 2DIAGNOSTIC,     8, -5.236677933913e-01, 1.797693134862e+308, 8.7821e-01, 4.8330e-03, 
 2DIAGNOSTIC,     9, -5.261653611514e-01, 1.797693134862e+308, 8.8327e-01, 5.0619e-03, 
 2DIAGNOSTIC,    10, -5.313843279548e-01, 4.956236851461e-03, 8.8853e-01, 5.2612e-03, 
 2DIAGNOSTIC,    11, -5.461121550605e-01, 5.255951709877e-03, 8.9525e-01, 6.7191e-03, 
 2DIAGNOSTIC,    12, -5.563506773258e-01, 5.544499219492e-03, 9.0032e-01, 5.0759e-03, 
 2DIAGNOSTIC,    13, -6.011783753096e-01, 7.240286203992e-03, 9.0657e-01, 6.2449e-03, 
 2DIAGNOSTIC,    14, -6.166052825038e-01, 8.701253899251e-03, 9.1144e-01, 4.8659e-03, 
 2DIAGNOSTIC,    15, -6.211428291619e-01, 9.416357350983e-03, 9.1676e-01, 5.3220e-03, 
 2DIAGNOSTIC,    16, -6.235432150992e-01, 9.368281933538e-03, 9.2278e-01, 6.0251e-03, 
 2DIAGNOSTIC,    17, -6.347577459650e-01, 9.145335021027e-03, 9.3003e-01, 7.2429e-03, 
 2DIAGNOSTIC,    18, -6.413138475941e-01, 8.359392944829e-03, 9.3616e-01, 6.1381e-03, 
 2DIAGNOSTIC,    19, -6.420802707617e-01, 6.980623438487e-03, 9.4265e-01, 6.4909e-03, 
 2DIAGNOSTIC,    20, -6.425493363750e-01, 5.272872554497e-03, 9.4786e-01, 5.2080e-03, 
 2DIAGNOSTIC,    21, -6.431795002283e-01, 3.641466640723e-03, 9.5376e-01, 5.9018e-03, 
 2DIAGNOSTIC,    22, -6.434078408341e-01, 2.049113963401e-03, 9.5900e-01, 5.2350e-03, 
 2DIAGNOSTIC,    23, -6.435083887273e-01, 1.381096876443e-03, 9.6512e-01, 6.1178e-03, 
 2DIAGNOSTIC,    24, -6.436807748977e-01, 9.688116113389e-04, 9.7167e-01, 6.5489e-03, 
 2DIAGNOSTIC,    25, -6.439989360505e-01, 6.014652965917e-04, 9.7893e-01, 7.2601e-03, 
 2DIAGNOSTIC,    26, -6.448361506039e-01, 2.655195591211e-04, 9.8416e-01, 5.2328e-03, 
 2DIAGNOSTIC,    27, -6.460796040366e-01, 1.536864760074e-04, 9.8997e-01, 5.8141e-03, 
 2DIAGNOSTIC,    28, -6.463976199332e-01, 1.550353097301e-04, 9.9520e-01, 5.2230e-03, 
 2DIAGNOSTIC,    29, -6.463935459932e-01, 1.547432168353e-04, 1.0004e+00, 5.1939e-03, 
 2DIAGNOSTIC,    30, -6.464392299212e-01, 1.482978790823e-04, 1.0062e+00, 5.8188e-03, 
 2DIAGNOSTIC,    31, -6.463723509094e-01, 1.368672080423e-04, 1.0114e+00, 5.1661e-03, 
 2DIAGNOSTIC,    32, -6.464254414638e-01, 1.173266450366e-04, 1.0179e+00, 6.5100e-03, 
 2DIAGNOSTIC,    33, -6.464354984871e-01, 8.969337278036e-05, 1.0347e+00, 1.6855e-02, 
 2DIAGNOSTIC,    34, -6.464354984542e-01, 5.811496142342e-05, 1.0513e+00, 1.6599e-02, 
 2DIAGNOSTIC,    35, -6.464354984542e-01, 2.735371482337e-05, 1.0589e+00, 7.5939e-03, 
 2DIAGNOSTIC,    36, -6.464354984542e-01, 6.561965391720e-06, 1.0653e+00, 6.3519e-03, 
 2DIAGNOSTIC,    37, -6.464354984542e-01, 2.244494000939e-06, 1.0711e+00, 5.7750e-03, 
 2DIAGNOSTIC,    38, -6.464354984542e-01, 1.990752970381e-06, 1.0766e+00, 5.5101e-03, 
 2DIAGNOSTIC,    39, -6.464354984542e-01, 1.582336456828e-06, 1.0818e+00, 5.2350e-03, 
 2DIAGNOSTIC,    40, -6.464354984542e-01, 1.698174683044e-06, 1.0870e+00, 5.2359e-03, 
DIAGNOSTIC,Iteration,metricValue,convergenceValue,ITERATION_TIME_INDEX,SINCE_LAST
 2DIAGNOSTIC,     1, -5.367244446765e-01, 1.797693134862e+308, 1.9094e+00, 8.2236e-01, 
 2DIAGNOSTIC,     2, -5.380313829673e-01, 1.797693134862e+308, 1.9441e+00, 3.4685e-02, 
 2DIAGNOSTIC,     3, -5.401731904989e-01, 1.797693134862e+308, 1.9767e+00, 3.2625e-02, 
 2DIAGNOSTIC,     4, -5.431881339720e-01, 1.797693134862e+308, 2.0102e+00, 3.3461e-02, 
 2DIAGNOSTIC,     5, -5.453557593254e-01, 1.797693134862e+308, 2.0452e+00, 3.4984e-02, 
 2DIAGNOSTIC,     6, -5.461088563631e-01, 1.797693134862e+308, 2.0797e+00, 3.4555e-02, 
 2DIAGNOSTIC,     7, -5.462086679358e-01, 1.797693134862e+308, 2.1153e+00, 3.5614e-02, 
 2DIAGNOSTIC,     8, -5.464869265808e-01, 1.797693134862e+308, 2.1584e+00, 4.3114e-02, 
 2DIAGNOSTIC,     9, -5.465850812074e-01, 1.797693134862e+308, 2.2079e+00, 4.9425e-02, 
 2DIAGNOSTIC,    10, -5.466464834383e-01, 1.224741255097e-03, 2.2392e+00, 3.1382e-02, 
 2DIAGNOSTIC,    11, -5.470487704132e-01, 8.391099952373e-04, 2.2780e+00, 3.8733e-02, 
 2DIAGNOSTIC,    12, -5.471506827349e-01, 5.042748502242e-04, 2.3261e+00, 4.8146e-02, 
 2DIAGNOSTIC,    13, -5.471747725304e-01, 2.608963095927e-04, 2.3800e+00, 5.3906e-02, 
 2DIAGNOSTIC,    14, -5.471893679221e-01, 1.401592961395e-04, 2.4194e+00, 3.9349e-02, 
 2DIAGNOSTIC,    15, -5.471839957424e-01, 9.761650129243e-05, 2.4603e+00, 4.0964e-02, 
 2DIAGNOSTIC,    16, -5.471599231925e-01, 7.527613340949e-05, 2.4920e+00, 3.1679e-02, 
 2DIAGNOSTIC,    17, -5.471662423993e-01, 5.183184825978e-05, 2.5238e+00, 3.1790e-02, 
 2DIAGNOSTIC,    18, -5.471747031832e-01, 3.478202358045e-05, 2.5597e+00, 3.5842e-02, 
 2DIAGNOSTIC,    19, -5.471813454707e-01, 1.945635053449e-05, 2.5953e+00, 3.5686e-02, 
 2DIAGNOSTIC,    20, -5.471662917477e-01, 4.969856754508e-06, 2.6273e+00, 3.1946e-02, 
 2DIAGNOSTIC,    21, -5.471844161776e-01, 1.951271244333e-06, 2.6623e+00, 3.5056e-02, 
 2DIAGNOSTIC,    22, -5.471946858208e-01, 1.794833881082e-06, 2.6966e+00, 3.4303e-02, 
 2DIAGNOSTIC,    23, -5.472309780141e-01, 2.955893640993e-06, 2.7277e+00, 3.1009e-02, 
 2DIAGNOSTIC,    24, -5.472460349536e-01, 4.500346184634e-06, 2.7672e+00, 3.9499e-02, 
 2DIAGNOSTIC,    25, -5.473225346385e-01, 7.130561264501e-06, 2.7993e+00, 3.2143e-02, 
 2DIAGNOSTIC,    26, -5.474469324902e-01, 1.098290967121e-05, 2.8315e+00, 3.2183e-02, 
 2DIAGNOSTIC,    27, -5.481013381167e-01, 2.630865349421e-05, 2.8668e+00, 3.5298e-02, 
 2DIAGNOSTIC,    28, -5.480678930865e-01, 3.738991645368e-05, 2.9145e+00, 4.7701e-02, 
 2DIAGNOSTIC,    29, -5.482084716894e-01, 4.712038361716e-05, 2.9697e+00, 5.5243e-02, 
 2DIAGNOSTIC,    30, -5.482082519662e-01, 5.166413228130e-05, 3.0050e+00, 3.5286e-02, 
 2DIAGNOSTIC,    31, -5.482014616925e-01, 5.125920317042e-05, 3.0419e+00, 3.6866e-02, 
 2DIAGNOSTIC,    32, -5.481815957958e-01, 4.582629970697e-05, 3.0744e+00, 3.2518e-02, 
 2DIAGNOSTIC,    33, -5.481718258179e-01, 3.689942781891e-05, 3.1121e+00, 3.7668e-02, 
 2DIAGNOSTIC,    34, -5.481825627552e-01, 2.560031664646e-05, 3.1466e+00, 3.4545e-02, 
 2DIAGNOSTIC,    35, -5.481838558366e-01, 1.379952734749e-05, 3.1788e+00, 3.2218e-02, 
 2DIAGNOSTIC,    36, -5.481854580263e-01, 3.009190515376e-06, 3.2105e+00, 3.1672e-02, 
 2DIAGNOSTIC,    37, -5.482631349712e-01, 2.936496249377e-06, 3.2461e+00, 3.5595e-02, 
 2DIAGNOSTIC,    38, -5.482856021726e-01, 2.436031736424e-06, 3.2816e+00, 3.5553e-02, 
 2DIAGNOSTIC,    39, -5.482706829132e-01, 3.481473452322e-06, 3.3166e+00, 3.4983e-02, 
 2DIAGNOSTIC,    40, -5.481987808565e-01, 3.305085113543e-06, 3.3531e+00, 3.6503e-02, 
 2DIAGNOSTIC,    41, -5.482804426582e-01, 3.879655546386e-06, 3.3888e+00, 3.5653e-02, 
 2DIAGNOSTIC,    42, -5.481860503999e-01, 2.661854345488e-06, 3.4286e+00, 3.9799e-02, 
 2DIAGNOSTIC,    43, -5.482756835005e-01, 2.304204123001e-06, 3.4714e+00, 4.2856e-02, 
 2DIAGNOSTIC,    44, -5.483025269404e-01, 2.249389738914e-06, 3.5095e+00, 3.8045e-02, 
 2DIAGNOSTIC,    45, -5.482811792173e-01, 1.831054976999e-06, 3.5497e+00, 4.0193e-02, 
 2DIAGNOSTIC,    46, -5.482645576543e-01, 1.147598850226e-06, 3.5894e+00, 3.9693e-02, 
 2DIAGNOSTIC,    47, -5.482548592650e-01, 1.197119418581e-06, 3.7031e+00, 1.1370e-01, 
 2DIAGNOSTIC,    48, -5.482548592638e-01, 1.431262595667e-06, 3.8067e+00, 1.0363e-01, 
 2DIAGNOSTIC,    49, -5.482548592638e-01, 1.428476940513e-06, 3.8414e+00, 3.4657e-02, 
DIAGNOSTIC,Iteration,metricValue,convergenceValue,ITERATION_TIME_INDEX,SINCE_LAST
 2DIAGNOSTIC,     1, -4.661873894893e-01, 1.797693134862e+308, 4.9824e+00, 1.1410e+00, 
 2DIAGNOSTIC,     2, -4.663634376146e-01, 1.797693134862e+308, 5.2328e+00, 2.5040e-01, 
 2DIAGNOSTIC,     3, -4.665065245966e-01, 1.797693134862e+308, 5.4641e+00, 2.3136e-01, 
 2DIAGNOSTIC,     4, -4.666272914637e-01, 1.797693134862e+308, 5.7615e+00, 2.9734e-01, 
 2DIAGNOSTIC,     5, -4.667166858439e-01, 1.797693134862e+308, 6.0271e+00, 2.6566e-01, 
 2DIAGNOSTIC,     6, -4.668667198768e-01, 1.797693134862e+308, 6.2824e+00, 2.5526e-01, 
 2DIAGNOSTIC,     7, -4.669697631837e-01, 1.797693134862e+308, 6.5615e+00, 2.7908e-01, 
 2DIAGNOSTIC,     8, -4.670258381145e-01, 1.797693134862e+308, 6.9024e+00, 3.4097e-01, 
 2DIAGNOSTIC,     9, -4.670791297314e-01, 1.797693134862e+308, 7.1479e+00, 2.4550e-01, 
 2DIAGNOSTIC,    10, -4.671177507544e-01, 1.313511959227e-04, 7.3885e+00, 2.4053e-01, 
 2DIAGNOSTIC,    11, -4.671984764557e-01, 1.051592318468e-04, 7.6304e+00, 2.4197e-01, 
 2DIAGNOSTIC,    12, -4.674361641644e-01, 9.491633186952e-05, 8.0201e+00, 3.8964e-01, 
 2DIAGNOSTIC,    13, -4.675162740502e-01, 8.805922384107e-05, 8.2722e+00, 2.5215e-01, 
 2DIAGNOSTIC,    14, -4.675732967149e-01, 8.220442736967e-05, 8.6630e+00, 3.9079e-01, 
 2DIAGNOSTIC,    15, -4.675740510139e-01, 7.348867274061e-05, 8.9951e+00, 3.3206e-01, 
 2DIAGNOSTIC,    16, -4.675763007637e-01, 6.504191279587e-05, 9.3707e+00, 3.7558e-01, 
 2DIAGNOSTIC,    17, -4.675746325620e-01, 5.526867684190e-05, 9.6097e+00, 2.3902e-01, 
 2DIAGNOSTIC,    18, -4.675729967893e-01, 4.341875824963e-05, 9.9050e+00, 2.9534e-01, 
 2DIAGNOSTIC,    19, -4.675721443204e-01, 3.071873941916e-05, 1.0166e+01, 2.6061e-01, 
 2DIAGNOSTIC,    20, -4.675703875394e-01, 1.776136229234e-05, 1.0399e+01, 2.3357e-01, 
 2DIAGNOSTIC,    21, -4.675677814707e-01, 6.652923667638e-06, 1.0717e+01, 3.1785e-01, 
 2DIAGNOSTIC,    22, -4.675680919801e-01, 2.614581156399e-06, 1.0955e+01, 2.3827e-01, 
DIAGNOSTIC,Iteration,metricValue,convergenceValue,ITERATION_TIME_INDEX,SINCE_LAST
 2DIAGNOSTIC,     1, -4.258650628209e-01, 1.797693134862e+308, 1.3440e+01, 2.4849e+00, 
 2DIAGNOSTIC,     2, -4.259686028708e-01, 1.797693134862e+308, 1.4871e+01, 1.4307e+00, 
 2DIAGNOSTIC,     3, -4.260095392389e-01, 1.797693134862e+308, 1.6702e+01, 1.8313e+00, 
 2DIAGNOSTIC,     4, -4.260079698376e-01, 1.797693134862e+308, 1.8962e+01, 2.2603e+00, 
 2DIAGNOSTIC,     5, -4.260082633556e-01, 1.797693134862e+308, 2.0425e+01, 1.4623e+00, 
 2DIAGNOSTIC,     6, -4.260081764042e-01, 1.797693134862e+308, 2.2099e+01, 1.6742e+00, 
 2DIAGNOSTIC,     7, -4.260081187097e-01, 1.797693134862e+308, 2.3587e+01, 1.4881e+00, 
 2DIAGNOSTIC,     8, -4.260081551464e-01, 1.797693134862e+308, 2.5354e+01, 1.7671e+00, 
 2DIAGNOSTIC,     9, -4.260078642656e-01, 1.797693134862e+308, 2.6955e+01, 1.6010e+00, 
 2DIAGNOSTIC,    10, -4.260077802423e-01, 1.492980534898e-05, 2.8261e+01, 1.3056e+00, 
 2DIAGNOSTIC,    11, -4.260079126239e-01, 5.174815104800e-06, 3.0091e+01, 1.8302e+00, 
 2DIAGNOSTIC,    12, -4.260079239872e-01, 2.531709638334e-06, 3.1556e+01, 1.4647e+00, 
 2DIAGNOSTIC,    13, -4.260077295672e-01, 2.399371141298e-06, 3.3007e+01, 1.4517e+00, 
 2DIAGNOSTIC,    14, -4.260077430691e-01, 2.216238758818e-06, 3.4476e+01, 1.4692e+00, 
 2DIAGNOSTIC,    15, -4.260076584261e-01, 2.072007431200e-06, 3.5856e+01, 1.3798e+00, 
 2DIAGNOSTIC,    16, -4.260077904871e-01, 1.951936604766e-06, 3.7319e+01, 1.4624e+00, 
 2DIAGNOSTIC,    17, -4.260079130994e-01, 1.851465112064e-06, 3.9011e+01, 1.6922e+00, 
 2DIAGNOSTIC,    18, -4.260077165332e-01, 1.758394993404e-06, 4.0509e+01, 1.4979e+00, 
 2DIAGNOSTIC,    19, -4.260074151649e-01, 1.655648576251e-06, 4.1863e+01, 1.3545e+00, 
 2DIAGNOSTIC,    20, -4.260074227335e-01, 1.562431094324e-06, 4.3357e+01, 1.4934e+00, 
 2DIAGNOSTIC,    21, -4.260075349493e-01, 1.488102599055e-06, 4.4874e+01, 1.5172e+00, 
 2DIAGNOSTIC,    22, -4.260073425420e-01, 1.417366306461e-06, 4.6221e+01, 1.3466e+00, 
 2DIAGNOSTIC,    23, -4.260070564343e-01, 1.341855258720e-06, 4.7521e+01, 1.3005e+00, 
 2DIAGNOSTIC,    24, -4.260077003306e-01, 1.295315752471e-06, 4.9013e+01, 1.4924e+00, 
 2DIAGNOSTIC,    25, -4.260078285198e-01, 1.255691097636e-06, 5.0557e+01, 1.5431e+00, 
 2DIAGNOSTIC,    26, -4.260077459974e-01, 1.221636403571e-06, 5.2344e+01, 1.7873e+00, 
 2DIAGNOSTIC,    27, -4.260075486643e-01, 1.188936435310e-06, 5.3870e+01, 1.5266e+00, 
 2DIAGNOSTIC,    28, -4.260074524322e-01, 1.151066337135e-06, 5.5227e+01, 1.3569e+00, 
 2DIAGNOSTIC,    29, -4.260073570152e-01, 1.104960506926e-06, 5.7084e+01, 1.8571e+00, 
 2DIAGNOSTIC,    30, -4.260072585534e-01, 1.058787335736e-06, 5.8588e+01, 1.5037e+00, 
 2DIAGNOSTIC,    31, -4.260071626761e-01, 1.016400499050e-06, 5.9932e+01, 1.3443e+00, 
  Elapsed time (stage 0): 6.0758e+01


Total elapsed time: 6.0769e+01
Info [verificarlo]: loaded backend libinterflop_ieee.so
Info [interflop-ieee]: load backend with:
Info [interflop-ieee]: debug = false
Info [interflop-ieee]: debug-binary = false
Info [interflop-ieee]: no-backend-name = false
Info [interflop-ieee]: print-new-line = false
Info [interflop-ieee]: print-subnormal-normalized = false
Info [interflop-ieee]: count-op = false
All_Command_lines_OK
Using double precision for computations.
=============================================================================
The composite transform comprises the following transforms (in order): 
  1. /home/mdugre/scratch/mri-registration-rp/datasets/ds004513/derivatives/mri-registration-rp/0001/antsRegistration-r8-p16/sub-s033/rigid_Composite.h5[0] (type = Euler3DTransform)
  2. /home/mdugre/scratch/mri-registration-rp/datasets/ds004513/derivatives/mri-registration-rp/0001/antsRegistration-r8-p16/sub-s033/rigid_Composite.h5[1] (type = Euler3DTransform)
  3. /home/mdugre/scratch/mri-registration-rp/datasets/ds004513/derivatives/mri-registration-rp/0001/antsRegistration-r8-p16/sub-s033/rigid_Composite.h5[2] (type = Euler3DTransform)
=============================================================================
  number of levels = 4
  fixed image: /templateflow/tpl-MNI152NLin2009cAsym/tpl-MNI152NLin2009cAsym_res-01_desc-brain_T1w.nii.gz
  moving image: /home/mdugre/scratch/mri-registration-rp/datasets/ds004513/derivatives/mri-registration-rp/antsBrainExtraction/sub-s033/BrainExtractionBrain.nii.gz
Dimension = 3
Number of stages = 1
Use histogram matching = false
Winsorize image intensities = true
  Lower quantile = 0.005
  Upper quantile = 0.995


Stage 1 State
   Image metric = MattesMI
     Fixed image = Image (0x3c117e0)
  RTTI typeinfo:   itk::Image<double, 3u>
  Reference Count: 2
  Modified Time: 1592
  Debug: Off
  Object Name: 
  Observers: 
    none
  Source: (none)
  Source output name: (none)
  Release Data: Off
  Data Released: False
  Global Release Data: Off
  PipelineMTime: 0
  UpdateMTime: 1203
  RealTimeStamp: 0 seconds 
  LargestPossibleRegion: 
    Dimension: 3
    Index: [0, 0, 0]
    Size: [193, 229, 193]
  BufferedRegion: 
    Dimension: 3
    Index: [0, 0, 0]
    Size: [193, 229, 193]
  RequestedRegion: 
    Dimension: 3
    Index: [0, 0, 0]
    Size: [193, 229, 193]
  Spacing: [1, 1, 1]
  Origin: [96, 132, -78]
  Direction: 
-1 0 0
0 -1 0
0 0 1

  IndexToPointMatrix: 
-1 0 0
0 -1 0
0 0 1

  PointToIndexMatrix: 
-1 0 0
0 -1 0
0 0 1

  Inverse Direction: 
-1 0 0
0 -1 0
0 0 1

  PixelContainer: 
    ImportImageContainer (0x3cd1a20)
      RTTI typeinfo:   itk::ImportImageContainer<unsigned long, double>
      Reference Count: 1
      Modified Time: 1200
      Debug: Off
      Object Name: 
      Observers: 
        none
      Pointer: 0x14b8a7928010
      Container manages memory: true
      Size: 8530021
      Capacity: 8530021

     Moving image = Image (0x3cccd70)
  RTTI typeinfo:   itk::Image<double, 3u>
  Reference Count: 2
  Modified Time: 1593
  Debug: Off
  Object Name: 
  Observers: 
    none
  Source: (none)
  Source output name: (none)
  Release Data: Off
  Data Released: False
  Global Release Data: Off
  PipelineMTime: 0
  UpdateMTime: 1590
  RealTimeStamp: 0 seconds 
  LargestPossibleRegion: 
    Dimension: 3
    Index: [0, 0, 0]
    Size: [160, 240, 256]
  BufferedRegion: 
    Dimension: 3
    Index: [0, 0, 0]
    Size: [160, 240, 256]
  RequestedRegion: 
    Dimension: 3
    Index: [0, 0, 0]
    Size: [160, 240, 256]
  Spacing: [1, 1, 1]
  Origin: [91.5134, 94.282, -109.927]
  Direction: 
-0.99591 -0.0698718 -0.0572835
0.0697565 -0.997556 0.00401236
-0.0574239 5.01125e-08 0.99835

  IndexToPointMatrix: 
-0.99591 -0.0698718 -0.0572835
0.0697565 -0.997556 0.00401236
-0.0574239 5.01125e-08 0.99835

  PointToIndexMatrix: 
-0.99591 0.0697565 -0.0574239
-0.0698718 -0.997556 5.01483e-08
-0.0572835 0.00401236 0.99835

  Inverse Direction: 
-0.99591 0.0697565 -0.0574239
-0.0698718 -0.997556 5.01483e-08
-0.0572835 0.00401236 0.99835

  PixelContainer: 
    ImportImageContainer (0x3c84c90)
      RTTI typeinfo:   itk::ImportImageContainer<unsigned long, double>
      Reference Count: 1
      Modified Time: 1587
      Debug: Off
      Object Name: 
      Observers: 
        none
      Pointer: 0x14b8a2e27010
      Container manages memory: true
      Size: 9830400
      Capacity: 9830400

     Weighting = 1
     Sampling strategy = regular
     Number of bins = 32
     Radius = 4
     Sampling percentage  = 0.25
   Transform = Affine
     Gradient step = 0.1
     Update field sigma (voxel space) = 0
     Total field sigma (voxel space) = 0
     Update field time sigma = 0
     Total field time sigma  = 0
     Number of time indices = 0
     Number of time point samples = 0
Registration using 1 total stages.

Stage 0
  iterations = 1000x500x250x100
  convergence threshold = 1e-06
  convergence window size = 10
  number of levels = 4
  using the Mattes MI metric (number of bins = 32, weight = 1, use gradient filter = 0)
  preprocessing:  winsorizing the image intensities
  Shrink factors (level 1 out of 4): [8, 8, 8]
  Shrink factors (level 2 out of 4): [4, 4, 4]
  Shrink factors (level 3 out of 4): [2, 2, 2]
  Shrink factors (level 4 out of 4): [1, 1, 1]
  smoothing sigmas per level: [3, 2, 1, 0]
  regular sampling (percentage = 0.25)

*** Running AffineTransform registration ***

DIAGNOSTIC,Iteration,metricValue,convergenceValue,ITERATION_TIME_INDEX,SINCE_LAST
 2DIAGNOSTIC,     1, -6.382808689023e-01, 1.797693134862e+308, 7.6953e-01, 7.6953e-01, 
 2DIAGNOSTIC,     2, -6.407463288953e-01, 1.797693134862e+308, 7.7486e-01, 5.3308e-03, 
 2DIAGNOSTIC,     3, -6.451563462061e-01, 1.797693134862e+308, 7.8054e-01, 5.6741e-03, 
 2DIAGNOSTIC,     4, -6.521822468479e-01, 1.797693134862e+308, 7.8548e-01, 4.9391e-03, 
 2DIAGNOSTIC,     5, -6.630833216639e-01, 1.797693134862e+308, 7.9034e-01, 4.8690e-03, 
 2DIAGNOSTIC,     6, -6.815412145702e-01, 1.797693134862e+308, 7.9536e-01, 5.0130e-03, 
 2DIAGNOSTIC,     7, -7.249744939789e-01, 1.797693134862e+308, 8.0118e-01, 5.8200e-03, 
 2DIAGNOSTIC,     8, -8.402271826038e-01, 1.797693134862e+308, 8.0641e-01, 5.2290e-03, 
 2DIAGNOSTIC,     9, -8.670090586057e-01, 1.797693134862e+308, 8.1455e-01, 8.1410e-03, 
 2DIAGNOSTIC,    10, -8.690429469702e-01, 2.370999576749e-02, 8.1992e-01, 5.3670e-03, 
 2DIAGNOSTIC,    11, -8.788737446466e-01, 2.366357383534e-02, 8.2510e-01, 5.1820e-03, 
 2DIAGNOSTIC,    12, -8.887398206979e-01, 2.187552795827e-02, 8.3038e-01, 5.2800e-03, 
 2DIAGNOSTIC,    13, -8.929104710443e-01, 1.864059444429e-02, 8.3621e-01, 5.8291e-03, 
 2DIAGNOSTIC,    14, -8.986922637212e-01, 1.459673044191e-02, 8.4204e-01, 5.8329e-03, 
 2DIAGNOSTIC,    15, -9.051774868645e-01, 1.031731406557e-02, 8.4936e-01, 7.3240e-03, 
 2DIAGNOSTIC,    16, -9.052619802652e-01, 6.142495541553e-03, 8.5550e-01, 6.1359e-03, 
 2DIAGNOSTIC,    17, -9.054082852002e-01, 2.821854783509e-03, 8.6207e-01, 6.5670e-03, 
 2DIAGNOSTIC,    18, -9.053914319621e-01, 1.922165213562e-03, 8.6791e-01, 5.8448e-03, 
 2DIAGNOSTIC,    19, -9.051680859628e-01, 1.446911896418e-03, 8.7312e-01, 5.2080e-03, 
 2DIAGNOSTIC,    20, -9.052884277438e-01, 9.252082083543e-04, 8.7829e-01, 5.1749e-03, 
 2DIAGNOSTIC,    21, -9.054639288090e-01, 5.364184253960e-04, 8.8406e-01, 5.7690e-03, 
 2DIAGNOSTIC,    22, -9.056611384498e-01, 2.964165483495e-04, 8.8924e-01, 5.1780e-03, 
 2DIAGNOSTIC,    23, -9.057496887570e-01, 1.145578207687e-04, 8.9498e-01, 5.7411e-03, 
 2DIAGNOSTIC,    24, -9.059294569369e-01, 2.164437743417e-05, 9.0013e-01, 5.1520e-03, 
 2DIAGNOSTIC,    25, -9.059767336458e-01, 2.441827413598e-05, 9.0587e-01, 5.7402e-03, 
 2DIAGNOSTIC,    26, -9.061315384225e-01, 2.781256293424e-05, 9.1105e-01, 5.1761e-03, 
 2DIAGNOSTIC,    27, -9.061745954761e-01, 3.076479143377e-05, 9.1627e-01, 5.2190e-03, 
 2DIAGNOSTIC,    28, -9.064750779898e-01, 3.426310281234e-05, 9.2212e-01, 5.8510e-03, 
 2DIAGNOSTIC,    29, -9.066318030606e-01, 3.352862068003e-05, 9.2853e-01, 6.4139e-03, 
 2DIAGNOSTIC,    30, -9.067508796864e-01, 3.244999537629e-05, 9.3614e-01, 7.6091e-03, 
 2DIAGNOSTIC,    31, -9.064765925015e-01, 2.740436508913e-05, 9.4140e-01, 5.2540e-03, 
 2DIAGNOSTIC,    32, -9.065571793522e-01, 2.322711928779e-05, 9.4669e-01, 5.2879e-03, 
 2DIAGNOSTIC,    33, -9.066473054019e-01, 1.891950559097e-05, 9.5244e-01, 5.7559e-03, 
 2DIAGNOSTIC,    34, -9.065472778373e-01, 1.388212922966e-05, 9.5821e-01, 5.7690e-03, 
 2DIAGNOSTIC,    35, -9.064123671214e-01, 7.138294708907e-06, 9.6336e-01, 5.1489e-03, 
DIAGNOSTIC,Iteration,metricValue,convergenceValue,ITERATION_TIME_INDEX,SINCE_LAST
 2DIAGNOSTIC,     1, -7.442993636498e-01, 1.797693134862e+308, 1.6997e+00, 7.3637e-01, 
 2DIAGNOSTIC,     2, -7.450909896520e-01, 1.797693134862e+308, 1.7366e+00, 3.6842e-02, 
 2DIAGNOSTIC,     3, -7.459151535786e-01, 1.797693134862e+308, 1.7726e+00, 3.6028e-02, 
 2DIAGNOSTIC,     4, -7.466476853885e-01, 1.797693134862e+308, 1.8089e+00, 3.6309e-02, 
 2DIAGNOSTIC,     5, -7.473888102643e-01, 1.797693134862e+308, 1.8453e+00, 3.6420e-02, 
 2DIAGNOSTIC,     6, -7.484010241831e-01, 1.797693134862e+308, 1.9108e+00, 6.5499e-02, 
 2DIAGNOSTIC,     7, -7.483880926979e-01, 1.797693134862e+308, 1.9469e+00, 3.6068e-02, 
 2DIAGNOSTIC,     8, -7.484148868262e-01, 1.797693134862e+308, 1.9943e+00, 4.7384e-02, 
 2DIAGNOSTIC,     9, -7.484239540768e-01, 1.797693134862e+308, 2.0342e+00, 3.9890e-02, 
 2DIAGNOSTIC,    10, -7.484159090973e-01, 3.745689992577e-04, 2.0746e+00, 4.0406e-02, 
 2DIAGNOSTIC,    11, -7.484099877883e-01, 2.528001613176e-04, 2.1180e+00, 4.3434e-02, 
 2DIAGNOSTIC,    12, -7.484067050730e-01, 1.537377688491e-04, 2.1542e+00, 3.6225e-02, 
 2DIAGNOSTIC,    13, -7.484235249631e-01, 8.100807939096e-05, 2.1947e+00, 4.0485e-02, 
 2DIAGNOSTIC,    14, -7.484449496028e-01, 3.174808277034e-05, 2.2319e+00, 3.7153e-02, 
 2DIAGNOSTIC,    15, -7.484609886579e-01, 4.826570751501e-06, 2.2687e+00, 3.6798e-02, 
 2DIAGNOSTIC,    16, -7.484879183419e-01, 5.740709502433e-06, 2.3067e+00, 3.7993e-02, 
 2DIAGNOSTIC,    17, -7.485383646233e-01, 7.018264242271e-06, 2.3473e+00, 4.0593e-02, 
 2DIAGNOSTIC,    18, -7.485718449986e-01, 8.916073941441e-06, 2.3878e+00, 4.0552e-02, 
 2DIAGNOSTIC,    19, -7.485604484347e-01, 9.899270508859e-06, 2.4286e+00, 4.0798e-02, 
 2DIAGNOSTIC,    20, -7.485557839916e-01, 9.807001799672e-06, 2.4649e+00, 3.6336e-02, 
 2DIAGNOSTIC,    21, -7.485702081501e-01, 9.120894581952e-06, 2.5056e+00, 4.0627e-02, 
 2DIAGNOSTIC,    22, -7.486016513940e-01, 8.244324403252e-06, 2.5413e+00, 3.5735e-02, 
 2DIAGNOSTIC,    23, -7.486392458481e-01, 7.682415709080e-06, 2.5815e+00, 4.0242e-02, 
 2DIAGNOSTIC,    24, -7.486777501412e-01, 7.530731383952e-06, 2.6188e+00, 3.7214e-02, 
 2DIAGNOSTIC,    25, -7.486553800239e-01, 6.717195642512e-06, 2.6612e+00, 4.2401e-02, 
 2DIAGNOSTIC,    26, -7.486363429397e-01, 5.571767784492e-06, 2.6990e+00, 3.7835e-02, 
 2DIAGNOSTIC,    27, -7.486391601408e-01, 4.837284976862e-06, 2.7411e+00, 4.2135e-02, 
 2DIAGNOSTIC,    28, -7.486187363058e-01, 3.972991538412e-06, 2.7910e+00, 4.9901e-02, 
 2DIAGNOSTIC,    29, -7.486194241433e-01, 2.765746392477e-06, 2.8453e+00, 5.4296e-02, 
 2DIAGNOSTIC,    30, -7.486194846408e-01, 1.431418995466e-06, 2.8827e+00, 3.7327e-02, 
DIAGNOSTIC,Iteration,metricValue,convergenceValue,ITERATION_TIME_INDEX,SINCE_LAST
 2DIAGNOSTIC,     1, -6.324383935578e-01, 1.797693134862e+308, 4.0624e+00, 1.1798e+00, 
 2DIAGNOSTIC,     2, -6.330367053441e-01, 1.797693134862e+308, 4.3850e+00, 3.2255e-01, 
 2DIAGNOSTIC,     3, -6.336877241123e-01, 1.797693134862e+308, 4.6920e+00, 3.0705e-01, 
 2DIAGNOSTIC,     4, -6.345182910010e-01, 1.797693134862e+308, 4.9994e+00, 3.0739e-01, 
 2DIAGNOSTIC,     5, -6.368038357874e-01, 1.797693134862e+308, 5.5875e+00, 5.8809e-01, 
 2DIAGNOSTIC,     6, -6.367988095635e-01, 1.797693134862e+308, 5.9869e+00, 3.9936e-01, 
 2DIAGNOSTIC,     7, -6.367950159185e-01, 1.797693134862e+308, 6.3207e+00, 3.3380e-01, 
 2DIAGNOSTIC,     8, -6.367928493391e-01, 1.797693134862e+308, 6.6903e+00, 3.6965e-01, 
 2DIAGNOSTIC,     9, -6.367922516547e-01, 1.797693134862e+308, 7.0124e+00, 3.2204e-01, 
 2DIAGNOSTIC,    10, -6.367919924422e-01, 4.896503278845e-04, 7.3443e+00, 3.3197e-01, 
 2DIAGNOSTIC,    11, -6.367888928146e-01, 3.303536682248e-04, 7.7159e+00, 3.7157e-01, 
 2DIAGNOSTIC,    12, -6.367866839014e-01, 1.915796186750e-04, 8.0399e+00, 3.2401e-01, 
 2DIAGNOSTIC,    13, -6.367857228316e-01, 7.961672476066e-05, 8.3398e+00, 2.9989e-01, 
 2DIAGNOSTIC,    14, -6.367836558675e-01, 1.019137257419e-06, 8.7553e+00, 4.1551e-01, 
 2DIAGNOSTIC,    15, -6.367824279420e-01, 1.098041575026e-06, 9.0768e+00, 3.2148e-01, 
 2DIAGNOSTIC,    16, -6.367826151723e-01, 1.129553291096e-06, 9.3796e+00, 3.0278e-01, 
 2DIAGNOSTIC,    17, -6.367813867561e-01, 1.105914996469e-06, 9.6594e+00, 2.7982e-01, 
 2DIAGNOSTIC,    18, -6.367802865277e-01, 1.075040034132e-06, 9.9736e+00, 3.1424e-01, 
 2DIAGNOSTIC,    19, -6.367807343296e-01, 1.108148189911e-06, 1.0270e+01, 2.9627e-01, 
 2DIAGNOSTIC,    20, -6.367800712989e-01, 1.170741477513e-06, 1.0613e+01, 3.4270e-01, 
 2DIAGNOSTIC,    21, -6.367805536936e-01, 1.211592757254e-06, 1.0953e+01, 3.4012e-01, 
 2DIAGNOSTIC,    22, -6.367797107191e-01, 1.215042981263e-06, 1.1298e+01, 3.4486e-01, 
 2DIAGNOSTIC,    23, -6.367762767682e-01, 1.156270775494e-06, 1.1658e+01, 3.6068e-01, 
 2DIAGNOSTIC,    24, -6.367767986544e-01, 1.097108221798e-06, 1.1971e+01, 3.1248e-01, 
 2DIAGNOSTIC,    25, -6.367748520106e-01, 1.005711887159e-06, 1.2280e+01, 3.0895e-01, 
DIAGNOSTIC,Iteration,metricValue,convergenceValue,ITERATION_TIME_INDEX,SINCE_LAST
 2DIAGNOSTIC,     1, -5.628249351505e-01, 1.797693134862e+308, 1.5404e+01, 3.1244e+00, 
 2DIAGNOSTIC,     2, -5.630110752466e-01, 1.797693134862e+308, 1.7379e+01, 1.9753e+00, 
 2DIAGNOSTIC,     3, -5.631921548599e-01, 1.797693134862e+308, 1.9266e+01, 1.8865e+00, 
 2DIAGNOSTIC,     4, -5.635014747152e-01, 1.797693134862e+308, 2.1174e+01, 1.9084e+00, 
 2DIAGNOSTIC,     5, -5.639485649881e-01, 1.797693134862e+308, 2.4342e+01, 3.1677e+00, 
 2DIAGNOSTIC,     6, -5.639545071620e-01, 1.797693134862e+308, 2.6278e+01, 1.9365e+00, 
 2DIAGNOSTIC,     7, -5.639575541991e-01, 1.797693134862e+308, 2.8239e+01, 1.9607e+00, 
 2DIAGNOSTIC,     8, -5.639574160619e-01, 1.797693134862e+308, 3.0490e+01, 2.2504e+00, 
 2DIAGNOSTIC,     9, -5.639575953256e-01, 1.797693134862e+308, 3.2415e+01, 1.9251e+00, 
 2DIAGNOSTIC,    10, -5.639573925157e-01, 1.398613356344e-04, 3.4546e+01, 2.1313e+00, 
 2DIAGNOSTIC,    11, -5.639572153068e-01, 9.179989343013e-05, 3.6842e+01, 2.2955e+00, 
 2DIAGNOSTIC,    12, -5.639571440275e-01, 5.184137795682e-05, 3.8846e+01, 2.0044e+00, 
 2DIAGNOSTIC,    13, -5.639571144705e-01, 2.048194120906e-05, 4.0524e+01, 1.6776e+00, 
 2DIAGNOSTIC,    14, -5.639571348752e-01, 2.648771979322e-06, 4.2454e+01, 1.9303e+00, 
 2DIAGNOSTIC,    15, -5.639570434448e-01, 2.179243962327e-06, 4.4408e+01, 1.9540e+00, 
 2DIAGNOSTIC,    16, -5.639567809476e-01, 1.939581057347e-06, 4.6278e+01, 1.8705e+00, 
 2DIAGNOSTIC,    17, -5.639567489475e-01, 1.822411474173e-06, 4.8229e+01, 1.9504e+00, 
 2DIAGNOSTIC,    18, -5.639565562283e-01, 1.713184307910e-06, 4.9928e+01, 1.6996e+00, 
 2DIAGNOSTIC,    19, -5.639565801408e-01, 1.626001553012e-06, 5.1620e+01, 1.6913e+00, 
 2DIAGNOSTIC,    20, -5.639568685368e-01, 1.554291053363e-06, 5.3792e+01, 2.1726e+00, 
 2DIAGNOSTIC,    21, -5.639568787114e-01, 1.488717993423e-06, 5.5835e+01, 2.0424e+00, 
 2DIAGNOSTIC,    22, -5.639568172957e-01, 1.428662450093e-06, 5.8093e+01, 2.2584e+00, 
 2DIAGNOSTIC,    23, -5.639568724341e-01, 1.376125649703e-06, 6.0051e+01, 1.9584e+00, 
 2DIAGNOSTIC,    24, -5.639567805754e-01, 1.327064888680e-06, 6.1883e+01, 1.8316e+00, 
 2DIAGNOSTIC,    25, -5.639567267187e-01, 1.278902013679e-06, 6.3623e+01, 1.7397e+00, 
 2DIAGNOSTIC,    26, -5.639568838733e-01, 1.231804847131e-06, 6.5388e+01, 1.7654e+00, 
 2DIAGNOSTIC,    27, -5.639570711200e-01, 1.190422276282e-06, 6.7278e+01, 1.8904e+00, 
