
##########################
# Experiment information #
##########################

EXPERIMENT_NAME: antsRegistration-r7-p15
VFC_BACKENDS: libinterflop_vprec.so --range-binary32=7 --precision-binary32=15 --range-binary64=7 --precision-binary64=15

SIF_IMG: /home/mdugre/projects/rrg-glatard/mdugre/containers/ants-vprec-no_metrics.simg

SUBJECT_ID: s037
INPUT_IMG: /home/mdugre/scratch/mri-registration-rp/datasets/ds004513/derivatives/mri-registration-rp/antsBrainExtraction/sub-s037/BrainExtractionBrain.nii.gz
OUTPUT_DIR: /home/mdugre/scratch/mri-registration-rp/datasets/ds004513/derivatives/mri-registration-rp/0001/antsRegistration-r7-p15/sub-s037

FIXED_IMG: /templateflow/tpl-MNI152NLin2009cAsym/tpl-MNI152NLin2009cAsym_res-01_desc-brain_T1w.nii.gz
DATA_DIR: /home/mdugre/scratch/mri-registration-rp/datasets/ds004513
TEMPLATEFLOW_DIR: /home/mdugre/projects/rrg-glatard/mdugre/templateflow
ITK_GLOBAL_DEFAULT_NUMBER_OF_THREADS: 16
##########################

Info [verificarlo]: loaded backend libinterflop_ieee.so
Info [interflop-ieee]: load backend with:
Info [interflop-ieee]: debug = false
Info [interflop-ieee]: debug-binary = false
Info [interflop-ieee]: no-backend-name = false
Info [interflop-ieee]: print-new-line = false
Info [interflop-ieee]: print-subnormal-normalized = false
Info [interflop-ieee]: count-op = false
All_Command_lines_OK
Using double precision for computations.
=============================================================================
The composite transform comprises the following transforms (in order): 
  1. Center of mass alignment using fixed image: /templateflow/tpl-MNI152NLin2009cAsym/tpl-MNI152NLin2009cAsym_res-01_desc-brain_T1w.nii.gz and moving image: /home/mdugre/scratch/mri-registration-rp/datasets/ds004513/derivatives/mri-registration-rp/antsBrainExtraction/sub-s037/BrainExtractionBrain.nii.gz (type = Euler3DTransform)
=============================================================================
  number of levels = 1
  fixed image: /templateflow/tpl-MNI152NLin2009cAsym/tpl-MNI152NLin2009cAsym_res-01_desc-brain_T1w.nii.gz
  moving image: /home/mdugre/scratch/mri-registration-rp/datasets/ds004513/derivatives/mri-registration-rp/antsBrainExtraction/sub-s037/BrainExtractionBrain.nii.gz
Dimension = 3
Number of stages = 1
Use histogram matching = false
Winsorize image intensities = true
  Lower quantile = 0.005
  Upper quantile = 0.995


Stage 1 State
   Image metric = MattesMI
     Fixed image = Image (0x4c34e70)
  RTTI typeinfo:   itk::Image<double, 3u>
  Reference Count: 2
  Modified Time: 2330
  Debug: Off
  Object Name: 
  Observers: 
    none
  Source: (none)
  Source output name: (none)
  Release Data: Off
  Data Released: False
  Global Release Data: Off
  PipelineMTime: 0
  UpdateMTime: 1941
  RealTimeStamp: 0 seconds 
  LargestPossibleRegion: 
    Dimension: 3
    Index: [0, 0, 0]
    Size: [193, 229, 193]
  BufferedRegion: 
    Dimension: 3
    Index: [0, 0, 0]
    Size: [193, 229, 193]
  RequestedRegion: 
    Dimension: 3
    Index: [0, 0, 0]
    Size: [193, 229, 193]
  Spacing: [1, 1, 1]
  Origin: [96, 132, -78]
  Direction: 
-1 0 0
0 -1 0
0 0 1

  IndexToPointMatrix: 
-1 0 0
0 -1 0
0 0 1

  PointToIndexMatrix: 
-1 0 0
0 -1 0
0 0 1

  Inverse Direction: 
-1 0 0
0 -1 0
0 0 1

  PixelContainer: 
    ImportImageContainer (0x4c3dc60)
      RTTI typeinfo:   itk::ImportImageContainer<unsigned long, double>
      Reference Count: 1
      Modified Time: 1938
      Debug: Off
      Object Name: 
      Observers: 
        none
      Pointer: 0x146434d52010
      Container manages memory: true
      Size: 8530021
      Capacity: 8530021

     Moving image = Image (0x4cd1ec0)
  RTTI typeinfo:   itk::Image<double, 3u>
  Reference Count: 2
  Modified Time: 2331
  Debug: Off
  Object Name: 
  Observers: 
    none
  Source: (none)
  Source output name: (none)
  Release Data: Off
  Data Released: False
  Global Release Data: Off
  PipelineMTime: 0
  UpdateMTime: 2328
  RealTimeStamp: 0 seconds 
  LargestPossibleRegion: 
    Dimension: 3
    Index: [0, 0, 0]
    Size: [160, 240, 256]
  BufferedRegion: 
    Dimension: 3
    Index: [0, 0, 0]
    Size: [160, 240, 256]
  RequestedRegion: 
    Dimension: 3
    Index: [0, 0, 0]
    Size: [160, 240, 256]
  Spacing: [1, 1, 1]
  Origin: [87.9508, 102.562, -147.639]
  Direction: 
-0.998659 -0.0436121 -0.0279129
0.043595 -0.999049 0.00121847
-0.0279395 -2.65543e-08 0.99961

  IndexToPointMatrix: 
-0.998659 -0.0436121 -0.0279129
0.043595 -0.999049 0.00121847
-0.0279395 -2.65543e-08 0.99961

  PointToIndexMatrix: 
-0.998659 0.043595 -0.0279395
-0.0436121 -0.999049 -2.65517e-08
-0.0279129 0.00121847 0.99961

  Inverse Direction: 
-0.998659 0.043595 -0.0279395
-0.0436121 -0.999049 -2.65517e-08
-0.0279129 0.00121847 0.99961

  PixelContainer: 
    ImportImageContainer (0x4d69610)
      RTTI typeinfo:   itk::ImportImageContainer<unsigned long, double>
      Reference Count: 1
      Modified Time: 2325
      Debug: Off
      Object Name: 
      Observers: 
        none
      Pointer: 0x146430251010
      Container manages memory: true
      Size: 9830400
      Capacity: 9830400

     Weighting = 1
     Sampling strategy = regular
     Number of bins = 32
     Radius = 4
     Sampling percentage  = 0.25
   Transform = Rigid
     Gradient step = 0.1
     Update field sigma (voxel space) = 0
     Total field sigma (voxel space) = 0
     Update field time sigma = 0
     Total field time sigma  = 0
     Number of time indices = 0
     Number of time point samples = 0
Registration using 1 total stages.

Stage 0
  iterations = 0
  convergence threshold = 1e-06
  convergence window size = 10
  number of levels = 1
  using the Mattes MI metric (number of bins = 32, weight = 1, use gradient filter = 0)
  preprocessing:  winsorizing the image intensities
  Shrink factors (level 1 out of 1): [1, 1, 1]
  smoothing sigmas per level: [0]
  regular sampling (percentage = 0.25)

*** Running Euler3DTransform registration ***

  Elapsed time (stage 0): 1.10426


Total elapsed time: 1.10641
Info [verificarlo]: loaded backend libinterflop_ieee.so
Info [interflop-ieee]: load backend with:
Info [interflop-ieee]: debug = false
Info [interflop-ieee]: debug-binary = false
Info [interflop-ieee]: no-backend-name = false
Info [interflop-ieee]: print-new-line = false
Info [interflop-ieee]: print-subnormal-normalized = false
Info [interflop-ieee]: count-op = false
All_Command_lines_OK
Using double precision for computations.
=============================================================================
The composite transform comprises the following transforms (in order): 
  1. /home/mdugre/scratch/mri-registration-rp/datasets/ds004513/derivatives/mri-registration-rp/0001/antsRegistration-r7-p15/sub-s037/align_Composite.h5[0] (type = Euler3DTransform)
  2. /home/mdugre/scratch/mri-registration-rp/datasets/ds004513/derivatives/mri-registration-rp/0001/antsRegistration-r7-p15/sub-s037/align_Composite.h5[1] (type = Euler3DTransform)
=============================================================================
  number of levels = 4
  fixed image: /templateflow/tpl-MNI152NLin2009cAsym/tpl-MNI152NLin2009cAsym_res-01_desc-brain_T1w.nii.gz
  moving image: /home/mdugre/scratch/mri-registration-rp/datasets/ds004513/derivatives/mri-registration-rp/antsBrainExtraction/sub-s037/BrainExtractionBrain.nii.gz
Dimension = 3
Number of stages = 1
Use histogram matching = false
Winsorize image intensities = true
  Lower quantile = 0.005
  Upper quantile = 0.995


Stage 1 State
   Image metric = MattesMI
     Fixed image = Image (0x40f4530)
  RTTI typeinfo:   itk::Image<double, 3u>
  Reference Count: 2
  Modified Time: 1578
  Debug: Off
  Object Name: 
  Observers: 
    none
  Source: (none)
  Source output name: (none)
  Release Data: Off
  Data Released: False
  Global Release Data: Off
  PipelineMTime: 0
  UpdateMTime: 1189
  RealTimeStamp: 0 seconds 
  LargestPossibleRegion: 
    Dimension: 3
    Index: [0, 0, 0]
    Size: [193, 229, 193]
  BufferedRegion: 
    Dimension: 3
    Index: [0, 0, 0]
    Size: [193, 229, 193]
  RequestedRegion: 
    Dimension: 3
    Index: [0, 0, 0]
    Size: [193, 229, 193]
  Spacing: [1, 1, 1]
  Origin: [96, 132, -78]
  Direction: 
-1 0 0
0 -1 0
0 0 1

  IndexToPointMatrix: 
-1 0 0
0 -1 0
0 0 1

  PointToIndexMatrix: 
-1 0 0
0 -1 0
0 0 1

  Inverse Direction: 
-1 0 0
0 -1 0
0 0 1

  PixelContainer: 
    ImportImageContainer (0x41b2d60)
      RTTI typeinfo:   itk::ImportImageContainer<unsigned long, double>
      Reference Count: 1
      Modified Time: 1186
      Debug: Off
      Object Name: 
      Observers: 
        none
      Pointer: 0x1456871cd010
      Container manages memory: true
      Size: 8530021
      Capacity: 8530021

     Moving image = Image (0x41a4f60)
  RTTI typeinfo:   itk::Image<double, 3u>
  Reference Count: 2
  Modified Time: 1579
  Debug: Off
  Object Name: 
  Observers: 
    none
  Source: (none)
  Source output name: (none)
  Release Data: Off
  Data Released: False
  Global Release Data: Off
  PipelineMTime: 0
  UpdateMTime: 1576
  RealTimeStamp: 0 seconds 
  LargestPossibleRegion: 
    Dimension: 3
    Index: [0, 0, 0]
    Size: [160, 240, 256]
  BufferedRegion: 
    Dimension: 3
    Index: [0, 0, 0]
    Size: [160, 240, 256]
  RequestedRegion: 
    Dimension: 3
    Index: [0, 0, 0]
    Size: [160, 240, 256]
  Spacing: [1, 1, 1]
  Origin: [87.9508, 102.562, -147.639]
  Direction: 
-0.998659 -0.0436121 -0.0279129
0.043595 -0.999049 0.00121847
-0.0279395 -2.65543e-08 0.99961

  IndexToPointMatrix: 
-0.998659 -0.0436121 -0.0279129
0.043595 -0.999049 0.00121847
-0.0279395 -2.65543e-08 0.99961

  PointToIndexMatrix: 
-0.998659 0.043595 -0.0279395
-0.0436121 -0.999049 -2.65517e-08
-0.0279129 0.00121847 0.99961

  Inverse Direction: 
-0.998659 0.043595 -0.0279395
-0.0436121 -0.999049 -2.65517e-08
-0.0279129 0.00121847 0.99961

  PixelContainer: 
    ImportImageContainer (0x41966d0)
      RTTI typeinfo:   itk::ImportImageContainer<unsigned long, double>
      Reference Count: 1
      Modified Time: 1573
      Debug: Off
      Object Name: 
      Observers: 
        none
      Pointer: 0x1456826cc010
      Container manages memory: true
      Size: 9830400
      Capacity: 9830400

     Weighting = 1
     Sampling strategy = regular
     Number of bins = 32
     Radius = 4
     Sampling percentage  = 0.25
   Transform = Rigid
     Gradient step = 0.1
     Update field sigma (voxel space) = 0
     Total field sigma (voxel space) = 0
     Update field time sigma = 0
     Total field time sigma  = 0
     Number of time indices = 0
     Number of time point samples = 0
Registration using 1 total stages.

Stage 0
  iterations = 1000x500x250x100
  convergence threshold = 1e-06
  convergence window size = 10
  number of levels = 4
  using the Mattes MI metric (number of bins = 32, weight = 1, use gradient filter = 0)
  preprocessing:  winsorizing the image intensities
  Shrink factors (level 1 out of 4): [8, 8, 8]
  Shrink factors (level 2 out of 4): [4, 4, 4]
  Shrink factors (level 3 out of 4): [2, 2, 2]
  Shrink factors (level 4 out of 4): [1, 1, 1]
  smoothing sigmas per level: [3, 2, 1, 0]
  regular sampling (percentage = 0.25)

*** Running Euler3DTransform registration ***

DIAGNOSTIC,Iteration,metricValue,convergenceValue,ITERATION_TIME_INDEX,SINCE_LAST
 2DIAGNOSTIC,     1, -4.299060189477e-01, 1.797693134862e+308, 6.4568e-01, 6.4568e-01, 
 2DIAGNOSTIC,     2, -4.311703807429e-01, 1.797693134862e+308, 6.4959e-01, 3.9129e-03, 
 2DIAGNOSTIC,     3, -4.334997061176e-01, 1.797693134862e+308, 6.5314e-01, 3.5439e-03, 
 2DIAGNOSTIC,     4, -4.389575130370e-01, 1.797693134862e+308, 6.5701e-01, 3.8710e-03, 
 2DIAGNOSTIC,     5, -4.438813134482e-01, 1.797693134862e+308, 6.6083e-01, 3.8202e-03, 
 2DIAGNOSTIC,     6, -4.461495460377e-01, 1.797693134862e+308, 6.6437e-01, 3.5441e-03, 
 2DIAGNOSTIC,     7, -4.511407144429e-01, 1.797693134862e+308, 6.6886e-01, 4.4920e-03, 
 2DIAGNOSTIC,     8, -4.667812032718e-01, 1.797693134862e+308, 6.7373e-01, 4.8702e-03, 
 2DIAGNOSTIC,     9, -4.753090114372e-01, 1.797693134862e+308, 6.7791e-01, 4.1711e-03, 
 2DIAGNOSTIC,    10, -4.802481719655e-01, 7.481707542057e-03, 6.8220e-01, 4.2958e-03, 
 2DIAGNOSTIC,    11, -4.821261368877e-01, 7.356704266140e-03, 6.8596e-01, 3.7560e-03, 
 2DIAGNOSTIC,    12, -4.837491005316e-01, 6.749992380107e-03, 6.9034e-01, 4.3859e-03, 
 2DIAGNOSTIC,    13, -5.028244927619e-01, 6.622215038785e-03, 6.9663e-01, 6.2900e-03, 
 2DIAGNOSTIC,    14, -5.042109134416e-01, 6.183615245774e-03, 7.0068e-01, 4.0500e-03, 
 2DIAGNOSTIC,    15, -5.066116081878e-01, 5.558135432486e-03, 7.0438e-01, 3.6972e-03, 
 2DIAGNOSTIC,    16, -5.083451635948e-01, 4.676295421774e-03, 7.0813e-01, 3.7451e-03, 
 2DIAGNOSTIC,    17, -5.184993492588e-01, 3.998770500684e-03, 7.1374e-01, 5.6121e-03, 
 2DIAGNOSTIC,    18, -5.256348855999e-01, 3.769024583893e-03, 7.1755e-01, 3.8171e-03, 
 2DIAGNOSTIC,    19, -5.260487279253e-01, 3.491513210298e-03, 7.2183e-01, 4.2708e-03, 
 2DIAGNOSTIC,    20, -5.292109539608e-01, 3.174906842985e-03, 7.2609e-01, 4.2670e-03, 
 2DIAGNOSTIC,    21, -5.301818251139e-01, 2.681600013184e-03, 7.3013e-01, 4.0390e-03, 
 2DIAGNOSTIC,    22, -5.312241359403e-01, 2.041188769885e-03, 7.3442e-01, 4.2861e-03, 
 2DIAGNOSTIC,    23, -5.321371320646e-01, 1.776979080022e-03, 7.3996e-01, 5.5442e-03, 
 2DIAGNOSTIC,    24, -5.330747184601e-01, 1.429097822681e-03, 7.4395e-01, 3.9911e-03, 
 2DIAGNOSTIC,    25, -5.340979409065e-01, 1.060387230081e-03, 7.4815e-01, 4.2021e-03, 
 2DIAGNOSTIC,    26, -5.353301728624e-01, 6.839343859627e-04, 7.5324e-01, 5.0890e-03, 
 2DIAGNOSTIC,    27, -5.359877768919e-01, 5.005576631522e-04, 7.5697e-01, 3.7220e-03, 
 2DIAGNOSTIC,    28, -5.363338812895e-01, 4.385707974168e-04, 7.6070e-01, 3.7379e-03, 
 2DIAGNOSTIC,    29, -5.373050684869e-01, 3.660293224453e-04, 7.6445e-01, 3.7448e-03, 
 2DIAGNOSTIC,    30, -5.398201310066e-01, 3.715996691187e-04, 7.6892e-01, 4.4761e-03, 
 2DIAGNOSTIC,    31, -5.446421690359e-01, 4.465282493138e-04, 7.7838e-01, 9.4552e-03, 
 2DIAGNOSTIC,    32, -5.446646075730e-01, 4.912663858576e-04, 7.8248e-01, 4.0989e-03, 
 2DIAGNOSTIC,    33, -5.447647400569e-01, 5.056503529947e-04, 7.8657e-01, 4.0872e-03, 
 2DIAGNOSTIC,    34, -5.449311386279e-01, 4.904153329568e-04, 7.9062e-01, 4.0500e-03, 
 2DIAGNOSTIC,    35, -5.452045600268e-01, 4.491593515299e-04, 7.9469e-01, 4.0731e-03, 
 2DIAGNOSTIC,    36, -5.456974667350e-01, 3.933136047069e-04, 7.9876e-01, 4.0660e-03, 
 2DIAGNOSTIC,    37, -5.462998590079e-01, 3.227904912535e-04, 8.0279e-01, 4.0369e-03, 
 2DIAGNOSTIC,    38, -5.470544345921e-01, 2.429337690932e-04, 8.0687e-01, 4.0789e-03, 
 2DIAGNOSTIC,    39, -5.483333469905e-01, 1.763341606838e-04, 8.1142e-01, 4.5490e-03, 
 2DIAGNOSTIC,    40, -5.485726035329e-01, 1.327599953634e-04, 8.1547e-01, 4.0519e-03, 
 2DIAGNOSTIC,    41, -5.488485644166e-01, 1.482706622903e-04, 8.2003e-01, 4.5540e-03, 
 2DIAGNOSTIC,    42, -5.491458574065e-01, 1.532228822518e-04, 8.2419e-01, 4.1640e-03, 
 2DIAGNOSTIC,    43, -5.502481457279e-01, 1.587033722976e-04, 8.2911e-01, 4.9229e-03, 
 2DIAGNOSTIC,    44, -5.634815749332e-01, 3.167388874271e-04, 8.3499e-01, 5.8811e-03, 
 2DIAGNOSTIC,    45, -5.665438183030e-01, 4.733179629018e-04, 8.3968e-01, 4.6899e-03, 
 2DIAGNOSTIC,    46, -5.687205004067e-01, 6.103595413147e-04, 8.4428e-01, 4.5950e-03, 
 2DIAGNOSTIC,    47, -5.691631198102e-01, 6.970403463997e-04, 8.4885e-01, 4.5731e-03, 
 2DIAGNOSTIC,    48, -5.694235883843e-01, 7.243894716507e-04, 8.5289e-01, 4.0421e-03, 
 2DIAGNOSTIC,    49, -5.697280178028e-01, 6.967096928185e-04, 8.5743e-01, 4.5400e-03, 
 2DIAGNOSTIC,    50, -5.705131267342e-01, 6.137957955162e-04, 8.6152e-01, 4.0872e-03, 
 2DIAGNOSTIC,    51, -5.708551850724e-01, 4.840268040746e-04, 8.6559e-01, 4.0729e-03, 
 2DIAGNOSTIC,    52, -5.718093686056e-01, 3.282500747982e-04, 8.7115e-01, 5.5549e-03, 
 2DIAGNOSTIC,    53, -5.722876630568e-01, 1.603848313695e-04, 8.7665e-01, 5.5058e-03, 
 2DIAGNOSTIC,    54, -5.724843761664e-01, 1.182577113995e-04, 8.8116e-01, 4.5030e-03, 
 2DIAGNOSTIC,    55, -5.725203572466e-01, 9.649888941383e-05, 8.8565e-01, 4.4909e-03, 
 2DIAGNOSTIC,    56, -5.725644506743e-01, 8.774902142227e-05, 8.9067e-01, 5.0220e-03, 
 2DIAGNOSTIC,    57, -5.726119280956e-01, 7.553861822926e-05, 8.9517e-01, 4.5040e-03, 
 2DIAGNOSTIC,    58, -5.725082092044e-01, 5.799070060211e-05, 8.9918e-01, 4.0059e-03, 
 2DIAGNOSTIC,    59, -5.726121764267e-01, 3.926570150827e-05, 9.0318e-01, 3.9949e-03, 
 2DIAGNOSTIC,    60, -5.729622787277e-01, 2.770666635333e-05, 9.0769e-01, 4.5190e-03, 
 2DIAGNOSTIC,    61, -5.731422444507e-01, 1.827912476868e-05, 9.1173e-01, 4.0390e-03, 
 2DIAGNOSTIC,    62, -5.733803972369e-01, 1.769077372733e-05, 9.1577e-01, 4.0379e-03, 
 2DIAGNOSTIC,    63, -5.742485746708e-01, 2.689237324118e-05, 9.2001e-01, 4.2400e-03, 
 2DIAGNOSTIC,    64, -5.753877008878e-01, 4.422422220839e-05, 9.2510e-01, 5.0850e-03, 
 2DIAGNOSTIC,    65, -5.786142933989e-01, 8.333323709719e-05, 9.3012e-01, 5.0218e-03, 
 2DIAGNOSTIC,    66, -5.789359840604e-01, 1.155729328059e-04, 9.3474e-01, 4.6191e-03, 
 2DIAGNOSTIC,    67, -5.792175111410e-01, 1.387091294633e-04, 9.3876e-01, 4.0271e-03, 
 2DIAGNOSTIC,    68, -5.797267720517e-01, 1.512304182460e-04, 9.4329e-01, 4.5209e-03, 
 2DIAGNOSTIC,    69, -5.804689100992e-01, 1.550120873578e-04, 9.4930e-01, 6.0139e-03, 
 2DIAGNOSTIC,    70, -5.805982300075e-01, 1.469851355078e-04, 9.5333e-01, 4.0309e-03, 
 2DIAGNOSTIC,    71, -5.810209957123e-01, 1.297152210613e-04, 9.5784e-01, 4.5080e-03, 
 2DIAGNOSTIC,    72, -5.815730328615e-01, 1.065769354779e-04, 9.6187e-01, 4.0359e-03, 
 2DIAGNOSTIC,    73, -5.817434648158e-01, 8.134962546929e-05, 9.6596e-01, 4.0879e-03, 
 2DIAGNOSTIC,    74, -5.824120644623e-01, 6.131419519062e-05, 9.7198e-01, 6.0201e-03, 
 2DIAGNOSTIC,    75, -5.826052682436e-01, 5.994897417804e-05, 9.7599e-01, 4.0040e-03, 
 2DIAGNOSTIC,    76, -5.826402268757e-01, 5.539812871342e-05, 9.8011e-01, 4.1280e-03, 
 2DIAGNOSTIC,    77, -5.827257560054e-01, 4.816429590969e-05, 9.8426e-01, 4.1492e-03, 
 2DIAGNOSTIC,    78, -5.829301002081e-01, 4.120719851392e-05, 9.8831e-01, 4.0469e-03, 
 2DIAGNOSTIC,    79, -5.832473474717e-01, 3.750541452008e-05, 9.9334e-01, 5.0268e-03, 
 2DIAGNOSTIC,    80, -5.833335785246e-01, 3.164886493925e-05, 9.9795e-01, 4.6120e-03, 
 2DIAGNOSTIC,    81, -5.833933941312e-01, 2.605846195313e-05, 1.0025e+00, 4.5102e-03, 
 2DIAGNOSTIC,    82, -5.835191534330e-01, 2.252251994427e-05, 1.0065e+00, 4.0591e-03, 
 2DIAGNOSTIC,    83, -5.836561221972e-01, 1.873830012560e-05, 1.0106e+00, 4.0429e-03, 
 2DIAGNOSTIC,    84, -5.840093197096e-01, 1.956730216755e-05, 1.0147e+00, 4.1091e-03, 
 2DIAGNOSTIC,    85, -5.851292617405e-01, 2.655599544946e-05, 1.0199e+00, 5.2440e-03, 
 2DIAGNOSTIC,    86, -5.864723399027e-01, 3.906901511845e-05, 1.0266e+00, 6.6459e-03, 
 2DIAGNOSTIC,    87, -5.864885098747e-01, 4.801033326525e-05, 1.0306e+00, 4.0591e-03, 
 2DIAGNOSTIC,    88, -5.865298653528e-01, 5.372143946812e-05, 1.0347e+00, 4.0450e-03, 
 2DIAGNOSTIC,    89, -5.865604532027e-01, 5.623630395524e-05, 1.0387e+00, 4.0379e-03, 
 2DIAGNOSTIC,    90, -5.866023376237e-01, 5.389836104032e-05, 1.0427e+00, 4.0209e-03, 
 2DIAGNOSTIC,    91, -5.866688277001e-01, 4.703046368212e-05, 1.0468e+00, 4.0450e-03, 
 2DIAGNOSTIC,    92, -5.866745859969e-01, 3.662325340051e-05, 1.0509e+00, 4.1051e-03, 
 2DIAGNOSTIC,    93, -5.868079892688e-01, 2.460211377116e-05, 1.0569e+00, 6.0098e-03, 
 2DIAGNOSTIC,    94, -5.868265406458e-01, 1.245556675726e-05, 1.0609e+00, 4.0388e-03, 
 2DIAGNOSTIC,    95, -5.868803179749e-01, 5.608054956863e-06, 1.0649e+00, 4.0250e-03, 
 2DIAGNOSTIC,    96, -5.869413141954e-01, 5.976416531758e-06, 1.0704e+00, 5.4889e-03, 
 2DIAGNOSTIC,    97, -5.869555408905e-01, 5.945385604623e-06, 1.0745e+00, 4.0250e-03, 
 2DIAGNOSTIC,    98, -5.869754978549e-01, 5.694852577382e-06, 1.0791e+00, 4.6060e-03, 
 2DIAGNOSTIC,    99, -5.870188530994e-01, 5.314202641382e-06, 1.0837e+00, 4.6461e-03, 
 2DIAGNOSTIC,   100, -5.871449333374e-01, 5.319125951139e-06, 1.0882e+00, 4.5290e-03, 
 2DIAGNOSTIC,   101, -5.872404809803e-01, 5.657823063223e-06, 1.0933e+00, 5.0230e-03, 
 2DIAGNOSTIC,   102, -5.872772711033e-01, 5.670238448129e-06, 1.1061e+00, 1.2795e-02, 
 2DIAGNOSTIC,   103, -5.872772710771e-01, 5.846488245930e-06, 1.1103e+00, 4.2360e-03, 
 2DIAGNOSTIC,   104, -5.872772721587e-01, 5.577499033427e-06, 1.1143e+00, 4.0102e-03, 
 2DIAGNOSTIC,   105, -5.872772739874e-01, 5.052796054660e-06, 1.1183e+00, 4.0019e-03, 
 2DIAGNOSTIC,   106, -5.872772770786e-01, 4.368287304735e-06, 1.1223e+00, 4.0331e-03, 
 2DIAGNOSTIC,   107, -5.872772823030e-01, 3.378499958330e-06, 1.1264e+00, 4.0588e-03, 
 2DIAGNOSTIC,   108, -5.872772911290e-01, 2.214556962159e-06, 1.1304e+00, 4.0460e-03, 
 2DIAGNOSTIC,   109, -5.872773060300e-01, 1.084530308048e-06, 1.1345e+00, 4.0050e-03, 
DIAGNOSTIC,Iteration,metricValue,convergenceValue,ITERATION_TIME_INDEX,SINCE_LAST
 2DIAGNOSTIC,     1, -4.734180547409e-01, 1.797693134862e+308, 1.8300e+00, 6.9553e-01, 
 2DIAGNOSTIC,     2, -4.740596044845e-01, 1.797693134862e+308, 1.8578e+00, 2.7783e-02, 
 2DIAGNOSTIC,     3, -4.751734016961e-01, 1.797693134862e+308, 1.8850e+00, 2.7220e-02, 
 2DIAGNOSTIC,     4, -4.771289526981e-01, 1.797693134862e+308, 1.9135e+00, 2.8482e-02, 
 2DIAGNOSTIC,     5, -4.805041421970e-01, 1.797693134862e+308, 1.9411e+00, 2.7640e-02, 
 2DIAGNOSTIC,     6, -4.822952619446e-01, 1.797693134862e+308, 1.9727e+00, 3.1550e-02, 
 2DIAGNOSTIC,     7, -4.830819802040e-01, 1.797693134862e+308, 2.0084e+00, 3.5716e-02, 
 2DIAGNOSTIC,     8, -4.831372653144e-01, 1.797693134862e+308, 2.0364e+00, 2.8011e-02, 
 2DIAGNOSTIC,     9, -4.833133772927e-01, 1.797693134862e+308, 2.0648e+00, 2.8429e-02, 
 2DIAGNOSTIC,    10, -4.835601499418e-01, 1.596958572435e-03, 2.0935e+00, 2.8639e-02, 
 2DIAGNOSTIC,    11, -4.852387298653e-01, 1.305699300131e-03, 2.1323e+00, 3.8890e-02, 
 2DIAGNOSTIC,    12, -4.852662335414e-01, 9.789521114435e-04, 2.1645e+00, 3.2125e-02, 
 2DIAGNOSTIC,    13, -4.852954001323e-01, 6.682974260652e-04, 2.1928e+00, 2.8315e-02, 
 2DIAGNOSTIC,    14, -4.870061912689e-01, 4.948383358511e-04, 2.2213e+00, 2.8530e-02, 
 2DIAGNOSTIC,    15, -4.888558640445e-01, 5.012730822122e-04, 2.2610e+00, 3.9677e-02, 
 2DIAGNOSTIC,    16, -4.896505116935e-01, 5.533933818602e-04, 2.2926e+00, 3.1632e-02, 
 2DIAGNOSTIC,    17, -4.897855248789e-01, 5.813598441002e-04, 2.3208e+00, 2.8210e-02, 
 2DIAGNOSTIC,    18, -4.899346887205e-01, 5.611283599607e-04, 2.3530e+00, 3.2168e-02, 
 2DIAGNOSTIC,    19, -4.901297839900e-01, 5.023627436331e-04, 2.3964e+00, 4.3431e-02, 
 2DIAGNOSTIC,    20, -4.901839638802e-01, 4.092644552511e-04, 2.4359e+00, 3.9501e-02, 
 2DIAGNOSTIC,    21, -4.901724730723e-01, 3.340673618589e-04, 2.4687e+00, 3.2770e-02, 
 2DIAGNOSTIC,    22, -4.901635712025e-01, 2.365408592410e-04, 2.4973e+00, 2.8597e-02, 
 2DIAGNOSTIC,    23, -4.901654477289e-01, 1.259770593496e-04, 2.5293e+00, 3.1990e-02, 
 2DIAGNOSTIC,    24, -4.901813442507e-01, 5.410750121786e-05, 2.5616e+00, 3.2270e-02, 
 2DIAGNOSTIC,    25, -4.901808875683e-01, 2.594004452875e-05, 2.5931e+00, 3.1566e-02, 
 2DIAGNOSTIC,    26, -4.901743549648e-01, 1.542556442976e-05, 2.6248e+00, 3.1651e-02, 
 2DIAGNOSTIC,    27, -4.901624068731e-01, 7.020662310217e-06, 2.6532e+00, 2.8416e-02, 
 2DIAGNOSTIC,    28, -4.901859862409e-01, 2.179145325368e-06, 2.6818e+00, 2.8565e-02, 
 2DIAGNOSTIC,    29, -4.901850271569e-01, 1.432139586116e-06, 2.7210e+00, 3.9244e-02, 
 2DIAGNOSTIC,    30, -4.901890160325e-01, 1.845262926015e-06, 2.7531e+00, 3.2142e-02, 
 2DIAGNOSTIC,    31, -4.901771039049e-01, 1.734687775264e-06, 2.7810e+00, 2.7839e-02, 
 2DIAGNOSTIC,    32, -4.901752424716e-01, 1.379869193831e-06, 2.8092e+00, 2.8214e-02, 
 2DIAGNOSTIC,    33, -4.901845674006e-01, 1.192573442575e-06, 2.8375e+00, 2.8295e-02, 
 2DIAGNOSTIC,    34, -4.902071743609e-01, 1.642729990856e-06, 2.8657e+00, 2.8196e-02, 
 2DIAGNOSTIC,    35, -4.902447923048e-01, 2.618035716891e-06, 2.8942e+00, 2.8466e-02, 
 2DIAGNOSTIC,    36, -4.902765275393e-01, 3.788189356990e-06, 2.9225e+00, 2.8343e-02, 
 2DIAGNOSTIC,    37, -4.903449811083e-01, 5.499950662433e-06, 2.9507e+00, 2.8200e-02, 
 2DIAGNOSTIC,    38, -4.904739657271e-01, 9.003048701474e-06, 2.9787e+00, 2.8022e-02, 
 2DIAGNOSTIC,    39, -4.905654102710e-01, 1.285388270948e-05, 3.0072e+00, 2.8518e-02, 
 2DIAGNOSTIC,    40, -4.907335312417e-01, 1.786943910657e-05, 3.0608e+00, 5.3612e-02, 
 2DIAGNOSTIC,    41, -4.908011191574e-01, 2.177362318300e-05, 3.0927e+00, 3.1864e-02, 
 2DIAGNOSTIC,    42, -4.907781622124e-01, 2.314790995870e-05, 3.1210e+00, 2.8249e-02, 
 2DIAGNOSTIC,    43, -4.907937911685e-01, 2.268175359335e-05, 3.1538e+00, 3.2860e-02, 
 2DIAGNOSTIC,    44, -4.908098957048e-01, 2.062862558397e-05, 3.1818e+00, 2.8022e-02, 
 2DIAGNOSTIC,    45, -4.908605424340e-01, 1.788114849259e-05, 3.2082e+00, 2.6310e-02, 
 2DIAGNOSTIC,    46, -4.909325620949e-01, 1.490573497832e-05, 3.2330e+00, 2.4806e-02, 
 2DIAGNOSTIC,    47, -4.910879972828e-01, 1.346196996039e-05, 3.2579e+00, 2.4895e-02, 
 2DIAGNOSTIC,    48, -4.916433903421e-01, 1.913295809929e-05, 3.2948e+00, 3.6913e-02, 
 2DIAGNOSTIC,    49, -4.916684690889e-01, 2.397619736898e-05, 3.3225e+00, 2.7687e-02, 
 2DIAGNOSTIC,    50, -4.918510909794e-01, 3.053761260146e-05, 3.3479e+00, 2.5479e-02, 
 2DIAGNOSTIC,    51, -4.921756650152e-01, 3.848841177109e-05, 3.3760e+00, 2.8113e-02, 
 2DIAGNOSTIC,    52, -4.924683880517e-01, 4.539572861468e-05, 3.4166e+00, 4.0521e-02, 
 2DIAGNOSTIC,    53, -4.927649851321e-01, 5.106062283466e-05, 3.4491e+00, 3.2508e-02, 
 2DIAGNOSTIC,    54, -4.928249520937e-01, 5.248079152594e-05, 3.4901e+00, 4.1034e-02, 
 2DIAGNOSTIC,    55, -4.928289266834e-01, 4.956217355359e-05, 3.5185e+00, 2.8434e-02, 
 2DIAGNOSTIC,    56, -4.928118559872e-01, 4.262388137148e-05, 3.5472e+00, 2.8637e-02, 
 2DIAGNOSTIC,    57, -4.928040761177e-01, 3.321016446593e-05, 3.5757e+00, 2.8537e-02, 
 2DIAGNOSTIC,    58, -4.927730618120e-01, 2.625114619443e-05, 3.6077e+00, 3.1968e-02, 
 2DIAGNOSTIC,    59, -4.927768541328e-01, 1.736197795001e-05, 3.6387e+00, 3.1021e-02, 
 2DIAGNOSTIC,    60, -4.927714976022e-01, 8.855220458678e-06, 3.6704e+00, 3.1652e-02, 
 2DIAGNOSTIC,    61, -4.927660941789e-01, 2.835260800704e-06, 3.7013e+00, 3.0985e-02, 
DIAGNOSTIC,Iteration,metricValue,convergenceValue,ITERATION_TIME_INDEX,SINCE_LAST
 2DIAGNOSTIC,     1, -4.340288434391e-01, 1.797693134862e+308, 4.6483e+00, 9.4694e-01, 
 2DIAGNOSTIC,     2, -4.342075701221e-01, 1.797693134862e+308, 4.8366e+00, 1.8829e-01, 
 2DIAGNOSTIC,     3, -4.343458566506e-01, 1.797693134862e+308, 5.0226e+00, 1.8599e-01, 
 2DIAGNOSTIC,     4, -4.344515252766e-01, 1.797693134862e+308, 5.2220e+00, 1.9949e-01, 
 2DIAGNOSTIC,     5, -4.345783515538e-01, 1.797693134862e+308, 5.4373e+00, 2.1530e-01, 
 2DIAGNOSTIC,     6, -4.347310689127e-01, 1.797693134862e+308, 5.6966e+00, 2.5927e-01, 
 2DIAGNOSTIC,     7, -4.347752658010e-01, 1.797693134862e+308, 5.8816e+00, 1.8497e-01, 
 2DIAGNOSTIC,     8, -4.348653725270e-01, 1.797693134862e+308, 6.0933e+00, 2.1171e-01, 
 2DIAGNOSTIC,     9, -4.349423610870e-01, 1.797693134862e+308, 6.4296e+00, 3.3627e-01, 
 2DIAGNOSTIC,    10, -4.349448210972e-01, 1.404527369074e-04, 6.6843e+00, 2.5473e-01, 
 2DIAGNOSTIC,    11, -4.349447823066e-01, 1.067122019359e-04, 6.9195e+00, 2.3518e-01, 
 2DIAGNOSTIC,    12, -4.349430784172e-01, 7.888256692573e-05, 7.1856e+00, 2.6609e-01, 
 2DIAGNOSTIC,    13, -4.349425295887e-01, 5.533716498443e-05, 7.4197e+00, 2.3416e-01, 
 2DIAGNOSTIC,    14, -4.349420246960e-01, 3.513775800279e-05, 7.6345e+00, 2.1480e-01, 
 2DIAGNOSTIC,    15, -4.349408431142e-01, 1.999039217955e-05, 7.8267e+00, 1.9220e-01, 
 2DIAGNOSTIC,    16, -4.349414572262e-01, 1.140876672369e-05, 8.0371e+00, 2.1041e-01, 
 2DIAGNOSTIC,    17, -4.349411738988e-01, 4.596337244582e-06, 8.2462e+00, 2.0907e-01, 
 2DIAGNOSTIC,    18, -4.349408509913e-01, 1.471736364569e-06, 8.4571e+00, 2.1086e-01, 
 2DIAGNOSTIC,    19, -4.349396398718e-01, 1.308544222166e-06, 8.6799e+00, 2.2283e-01, 
 2DIAGNOSTIC,    20, -4.349391466379e-01, 1.260572332837e-06, 8.8661e+00, 1.8616e-01, 
 2DIAGNOSTIC,    21, -4.349372859774e-01, 1.189569850152e-06, 9.0942e+00, 2.2810e-01, 
 2DIAGNOSTIC,    22, -4.349383868208e-01, 1.138162238110e-06, 9.2991e+00, 2.0494e-01, 
 2DIAGNOSTIC,    23, -4.349380424301e-01, 1.093528930400e-06, 9.5299e+00, 2.3082e-01, 
 2DIAGNOSTIC,    24, -4.349375272954e-01, 1.053460802980e-06, 9.7750e+00, 2.4509e-01, 
DIAGNOSTIC,Iteration,metricValue,convergenceValue,ITERATION_TIME_INDEX,SINCE_LAST
 2DIAGNOSTIC,     1, -4.013807599800e-01, 1.797693134862e+308, 1.2241e+01, 2.4656e+00, 
 2DIAGNOSTIC,     2, -4.015510668188e-01, 1.797693134862e+308, 1.3607e+01, 1.3667e+00, 
 2DIAGNOSTIC,     3, -4.016424263051e-01, 1.797693134862e+308, 1.5103e+01, 1.4960e+00, 
 2DIAGNOSTIC,     4, -4.016540241343e-01, 1.797693134862e+308, 1.6488e+01, 1.3848e+00, 
 2DIAGNOSTIC,     5, -4.016641222129e-01, 1.797693134862e+308, 1.7878e+01, 1.3900e+00, 
 2DIAGNOSTIC,     6, -4.016733105210e-01, 1.797693134862e+308, 1.9495e+01, 1.6170e+00, 
 2DIAGNOSTIC,     7, -4.017120548479e-01, 1.797693134862e+308, 2.1109e+01, 1.6141e+00, 
 2DIAGNOSTIC,     8, -4.017247504315e-01, 1.797693134862e+308, 2.2440e+01, 1.3307e+00, 
 2DIAGNOSTIC,     9, -4.017588521056e-01, 1.797693134862e+308, 2.4580e+01, 2.1401e+00, 
 2DIAGNOSTIC,    10, -4.017679135738e-01, 4.953440033537e-05, 2.5885e+01, 1.3047e+00, 
 2DIAGNOSTIC,    11, -4.018054985876e-01, 3.327715363839e-05, 2.7397e+01, 1.5124e+00, 
 2DIAGNOSTIC,    12, -4.018162561516e-01, 2.747792903279e-05, 2.8654e+01, 1.2566e+00, 
 2DIAGNOSTIC,    13, -4.018194688539e-01, 2.546283107281e-05, 2.9979e+01, 1.3256e+00, 
 2DIAGNOSTIC,    14, -4.018258799764e-01, 2.257794836050e-05, 3.1357e+01, 1.3775e+00, 
 2DIAGNOSTIC,    15, -4.018381240289e-01, 1.927875738081e-05, 3.3279e+01, 1.9220e+00, 
 2DIAGNOSTIC,    16, -4.018401456146e-01, 1.525557284145e-05, 3.4924e+01, 1.6458e+00, 
 2DIAGNOSTIC,    17, -4.018393728399e-01, 1.206698649667e-05, 3.6212e+01, 1.2877e+00, 
 2DIAGNOSTIC,    18, -4.018417315885e-01, 8.877578014162e-06, 3.7706e+01, 1.4938e+00, 
 2DIAGNOSTIC,    19, -4.018435611224e-01, 6.708923790885e-06, 4.0142e+01, 2.4359e+00, 
 2DIAGNOSTIC,    20, -4.018438795620e-01, 4.579770841985e-06, 4.1646e+01, 1.5043e+00, 
 2DIAGNOSTIC,    21, -4.018438352801e-01, 3.633225782743e-06, 4.3082e+01, 1.4358e+00, 
 2DIAGNOSTIC,    22, -4.018436888943e-01, 2.923155109420e-06, 4.4534e+01, 1.4524e+00, 
 2DIAGNOSTIC,    23, -4.018436409386e-01, 2.232826044717e-06, 4.5882e+01, 1.3478e+00, 
 2DIAGNOSTIC,    24, -4.018434450869e-01, 1.692363575820e-06, 4.7352e+01, 1.4703e+00, 
 2DIAGNOSTIC,    25, -4.018432258062e-01, 1.499890528986e-06, 4.8975e+01, 1.6223e+00, 
 2DIAGNOSTIC,    26, -4.018432679587e-01, 1.359280298451e-06, 5.0284e+01, 1.3091e+00, 
 2DIAGNOSTIC,    27, -4.018433389661e-01, 1.196761259065e-06, 5.1771e+01, 1.4872e+00, 
 2DIAGNOSTIC,    28, -4.018434390430e-01, 1.104914798773e-06, 5.3311e+01, 1.5398e+00, 
 2DIAGNOSTIC,    29, -4.018433216596e-01, 1.063908274278e-06, 5.4946e+01, 1.6357e+00, 
 2DIAGNOSTIC,    30, -4.018432047231e-01, 1.033729943464e-06, 5.6436e+01, 1.4899e+00, 
 2DIAGNOSTIC,    31, -4.018432412674e-01, 1.007944633084e-06, 5.8030e+01, 1.5932e+00, 
  Elapsed time (stage 0): 5.8834e+01


Total elapsed time: 5.8836e+01
Info [verificarlo]: loaded backend libinterflop_ieee.so
Info [interflop-ieee]: load backend with:
Info [interflop-ieee]: debug = false
Info [interflop-ieee]: debug-binary = false
Info [interflop-ieee]: no-backend-name = false
Info [interflop-ieee]: print-new-line = false
Info [interflop-ieee]: print-subnormal-normalized = false
Info [interflop-ieee]: count-op = false
All_Command_lines_OK
Using double precision for computations.
=============================================================================
The composite transform comprises the following transforms (in order): 
  1. /home/mdugre/scratch/mri-registration-rp/datasets/ds004513/derivatives/mri-registration-rp/0001/antsRegistration-r7-p15/sub-s037/rigid_Composite.h5[0] (type = Euler3DTransform)
  2. /home/mdugre/scratch/mri-registration-rp/datasets/ds004513/derivatives/mri-registration-rp/0001/antsRegistration-r7-p15/sub-s037/rigid_Composite.h5[1] (type = Euler3DTransform)
  3. /home/mdugre/scratch/mri-registration-rp/datasets/ds004513/derivatives/mri-registration-rp/0001/antsRegistration-r7-p15/sub-s037/rigid_Composite.h5[2] (type = Euler3DTransform)
=============================================================================
  number of levels = 4
  fixed image: /templateflow/tpl-MNI152NLin2009cAsym/tpl-MNI152NLin2009cAsym_res-01_desc-brain_T1w.nii.gz
  moving image: /home/mdugre/scratch/mri-registration-rp/datasets/ds004513/derivatives/mri-registration-rp/antsBrainExtraction/sub-s037/BrainExtractionBrain.nii.gz
Dimension = 3
Number of stages = 1
Use histogram matching = false
Winsorize image intensities = true
  Lower quantile = 0.005
  Upper quantile = 0.995


Stage 1 State
   Image metric = MattesMI
     Fixed image = Image (0x52137e0)
  RTTI typeinfo:   itk::Image<double, 3u>
  Reference Count: 2
  Modified Time: 1592
  Debug: Off
  Object Name: 
  Observers: 
    none
  Source: (none)
  Source output name: (none)
  Release Data: Off
  Data Released: False
  Global Release Data: Off
  PipelineMTime: 0
  UpdateMTime: 1203
  RealTimeStamp: 0 seconds 
  LargestPossibleRegion: 
    Dimension: 3
    Index: [0, 0, 0]
    Size: [193, 229, 193]
  BufferedRegion: 
    Dimension: 3
    Index: [0, 0, 0]
    Size: [193, 229, 193]
  RequestedRegion: 
    Dimension: 3
    Index: [0, 0, 0]
    Size: [193, 229, 193]
  Spacing: [1, 1, 1]
  Origin: [96, 132, -78]
  Direction: 
-1 0 0
0 -1 0
0 0 1

  IndexToPointMatrix: 
-1 0 0
0 -1 0
0 0 1

  PointToIndexMatrix: 
-1 0 0
0 -1 0
0 0 1

  Inverse Direction: 
-1 0 0
0 -1 0
0 0 1

  PixelContainer: 
    ImportImageContainer (0x52d3a20)
      RTTI typeinfo:   itk::ImportImageContainer<unsigned long, double>
      Reference Count: 1
      Modified Time: 1200
      Debug: Off
      Object Name: 
      Observers: 
        none
      Pointer: 0x14aee1656010
      Container manages memory: true
      Size: 8530021
      Capacity: 8530021

     Moving image = Image (0x52ced70)
  RTTI typeinfo:   itk::Image<double, 3u>
  Reference Count: 2
  Modified Time: 1593
  Debug: Off
  Object Name: 
  Observers: 
    none
  Source: (none)
  Source output name: (none)
  Release Data: Off
  Data Released: False
  Global Release Data: Off
  PipelineMTime: 0
  UpdateMTime: 1590
  RealTimeStamp: 0 seconds 
  LargestPossibleRegion: 
    Dimension: 3
    Index: [0, 0, 0]
    Size: [160, 240, 256]
  BufferedRegion: 
    Dimension: 3
    Index: [0, 0, 0]
    Size: [160, 240, 256]
  RequestedRegion: 
    Dimension: 3
    Index: [0, 0, 0]
    Size: [160, 240, 256]
  Spacing: [1, 1, 1]
  Origin: [87.9508, 102.562, -147.639]
  Direction: 
-0.998659 -0.0436121 -0.0279129
0.043595 -0.999049 0.00121847
-0.0279395 -2.65543e-08 0.99961

  IndexToPointMatrix: 
-0.998659 -0.0436121 -0.0279129
0.043595 -0.999049 0.00121847
-0.0279395 -2.65543e-08 0.99961

  PointToIndexMatrix: 
-0.998659 0.043595 -0.0279395
-0.0436121 -0.999049 -2.65517e-08
-0.0279129 0.00121847 0.99961

  Inverse Direction: 
-0.998659 0.043595 -0.0279395
-0.0436121 -0.999049 -2.65517e-08
-0.0279129 0.00121847 0.99961

  PixelContainer: 
    ImportImageContainer (0x5286c90)
      RTTI typeinfo:   itk::ImportImageContainer<unsigned long, double>
      Reference Count: 1
      Modified Time: 1587
      Debug: Off
      Object Name: 
      Observers: 
        none
      Pointer: 0x14aedcb55010
      Container manages memory: true
      Size: 9830400
      Capacity: 9830400

     Weighting = 1
     Sampling strategy = regular
     Number of bins = 32
     Radius = 4
     Sampling percentage  = 0.25
   Transform = Affine
     Gradient step = 0.1
     Update field sigma (voxel space) = 0
     Total field sigma (voxel space) = 0
     Update field time sigma = 0
     Total field time sigma  = 0
     Number of time indices = 0
     Number of time point samples = 0
Registration using 1 total stages.

Stage 0
  iterations = 1000x500x250x100
  convergence threshold = 1e-06
  convergence window size = 10
  number of levels = 4
  using the Mattes MI metric (number of bins = 32, weight = 1, use gradient filter = 0)
  preprocessing:  winsorizing the image intensities
  Shrink factors (level 1 out of 4): [8, 8, 8]
  Shrink factors (level 2 out of 4): [4, 4, 4]
  Shrink factors (level 3 out of 4): [2, 2, 2]
  Shrink factors (level 4 out of 4): [1, 1, 1]
  smoothing sigmas per level: [3, 2, 1, 0]
  regular sampling (percentage = 0.25)

*** Running AffineTransform registration ***

DIAGNOSTIC,Iteration,metricValue,convergenceValue,ITERATION_TIME_INDEX,SINCE_LAST
 2DIAGNOSTIC,     1, -5.856355048467e-01, 1.797693134862e+308, 6.9496e-01, 6.9496e-01, 
 2DIAGNOSTIC,     2, -5.870827711838e-01, 1.797693134862e+308, 6.9963e-01, 4.6670e-03, 
 2DIAGNOSTIC,     3, -5.893251267541e-01, 1.797693134862e+308, 7.0395e-01, 4.3190e-03, 
 2DIAGNOSTIC,     4, -5.937637566654e-01, 1.797693134862e+308, 7.0840e-01, 4.4489e-03, 
 2DIAGNOSTIC,     5, -6.024125693637e-01, 1.797693134862e+308, 7.1289e-01, 4.4949e-03, 
 2DIAGNOSTIC,     6, -6.154345593456e-01, 1.797693134862e+308, 7.1737e-01, 4.4830e-03, 
 2DIAGNOSTIC,     7, -6.365697651823e-01, 1.797693134862e+308, 7.2196e-01, 4.5910e-03, 
 2DIAGNOSTIC,     8, -6.671378224259e-01, 1.797693134862e+308, 7.2726e-01, 5.2929e-03, 
 2DIAGNOSTIC,     9, -6.922393028070e-01, 1.797693134862e+308, 7.3502e-01, 7.7600e-03, 
 2DIAGNOSTIC,    10, -6.939376497054e-01, 1.256924757504e-02, 7.3999e-01, 4.9760e-03, 
 2DIAGNOSTIC,    11, -6.984256226338e-01, 1.247787704811e-02, 7.4493e-01, 4.9400e-03, 
 2DIAGNOSTIC,    12, -7.039207490893e-01, 1.154018197232e-02, 7.4989e-01, 4.9522e-03, 
 2DIAGNOSTIC,    13, -7.082833174973e-01, 9.926156772870e-03, 7.5756e-01, 7.6740e-03, 
 2DIAGNOSTIC,    14, -7.097647785601e-01, 7.844218142372e-03, 7.6247e-01, 4.9119e-03, 
 2DIAGNOSTIC,    15, -7.112613359393e-01, 5.655998439561e-03, 7.6743e-01, 4.9610e-03, 
 2DIAGNOSTIC,    16, -7.161427572432e-01, 3.734155606000e-03, 7.7239e-01, 4.9560e-03, 
 2DIAGNOSTIC,    17, -7.187933122362e-01, 2.297797998517e-03, 7.7729e-01, 4.9000e-03, 
 2DIAGNOSTIC,    18, -7.213763575227e-01, 1.594269713672e-03, 7.8435e-01, 7.0641e-03, 
 2DIAGNOSTIC,    19, -7.215198291201e-01, 1.392008863433e-03, 7.8976e-01, 5.4030e-03, 
 2DIAGNOSTIC,    20, -7.213958597543e-01, 1.116926787050e-03, 7.9518e-01, 5.4271e-03, 
 2DIAGNOSTIC,    21, -7.213513819339e-01, 8.532743170737e-04, 8.0019e-01, 5.0111e-03, 
 2DIAGNOSTIC,    22, -7.213444978346e-01, 6.381930692726e-04, 8.0560e-01, 5.4021e-03, 
 2DIAGNOSTIC,    23, -7.212922725562e-01, 4.623860749719e-04, 8.1106e-01, 5.4641e-03, 
 2DIAGNOSTIC,    24, -7.213470131151e-01, 2.867304145905e-04, 8.1645e-01, 5.3868e-03, 
 2DIAGNOSTIC,    25, -7.213655754799e-01, 1.234728455040e-04, 8.2141e-01, 4.9610e-03, 
 2DIAGNOSTIC,    26, -7.212368572468e-01, 3.759063562309e-05, 8.2689e-01, 5.4791e-03, 
DIAGNOSTIC,Iteration,metricValue,convergenceValue,ITERATION_TIME_INDEX,SINCE_LAST
 2DIAGNOSTIC,     1, -5.910053949567e-01, 1.797693134862e+308, 1.4712e+00, 6.4434e-01, 
 2DIAGNOSTIC,     2, -5.918442740745e-01, 1.797693134862e+308, 1.5044e+00, 3.3143e-02, 
 2DIAGNOSTIC,     3, -5.931674236614e-01, 1.797693134862e+308, 1.5356e+00, 3.1219e-02, 
 2DIAGNOSTIC,     4, -5.946230116639e-01, 1.797693134862e+308, 1.5696e+00, 3.3967e-02, 
 2DIAGNOSTIC,     5, -5.958686371461e-01, 1.797693134862e+308, 1.6037e+00, 3.4137e-02, 
 2DIAGNOSTIC,     6, -5.970255038710e-01, 1.797693134862e+308, 1.6428e+00, 3.9097e-02, 
 2DIAGNOSTIC,     7, -5.973849187509e-01, 1.797693134862e+308, 1.6747e+00, 3.1930e-02, 
 2DIAGNOSTIC,     8, -5.978496024467e-01, 1.797693134862e+308, 1.7102e+00, 3.5524e-02, 
 2DIAGNOSTIC,     9, -5.983816033337e-01, 1.797693134862e+308, 1.7455e+00, 3.5236e-02, 
 2DIAGNOSTIC,    10, -5.992363830331e-01, 8.959323607710e-04, 1.8032e+00, 5.7725e-02, 
