
##########################
# Experiment information #
##########################

EXPERIMENT_NAME: antsRegistration-r7-p23
VFC_BACKENDS: libinterflop_vprec.so --range-binary32=7 --precision-binary32=23 --range-binary64=7 --precision-binary64=23

SIF_IMG: /home/mdugre/projects/rrg-glatard/mdugre/containers/ants-vprec-no_metrics.simg

SUBJECT_ID: s025
INPUT_IMG: /home/mdugre/scratch/mri-registration-rp/datasets/ds004513/derivatives/mri-registration-rp/antsBrainExtraction/sub-s025/BrainExtractionBrain.nii.gz
OUTPUT_DIR: /home/mdugre/scratch/mri-registration-rp/datasets/ds004513/derivatives/mri-registration-rp/0001/antsRegistration-r7-p23/sub-s025

FIXED_IMG: /templateflow/tpl-MNI152NLin2009cAsym/tpl-MNI152NLin2009cAsym_res-01_desc-brain_T1w.nii.gz
DATA_DIR: /home/mdugre/scratch/mri-registration-rp/datasets/ds004513
TEMPLATEFLOW_DIR: /home/mdugre/projects/rrg-glatard/mdugre/templateflow
ITK_GLOBAL_DEFAULT_NUMBER_OF_THREADS: 16
##########################

Info [verificarlo]: loaded backend libinterflop_ieee.so
Info [interflop-ieee]: load backend with:
Info [interflop-ieee]: debug = false
Info [interflop-ieee]: debug-binary = false
Info [interflop-ieee]: no-backend-name = false
Info [interflop-ieee]: print-new-line = false
Info [interflop-ieee]: print-subnormal-normalized = false
Info [interflop-ieee]: count-op = false
All_Command_lines_OK
Using double precision for computations.
=============================================================================
The composite transform comprises the following transforms (in order): 
  1. Center of mass alignment using fixed image: /templateflow/tpl-MNI152NLin2009cAsym/tpl-MNI152NLin2009cAsym_res-01_desc-brain_T1w.nii.gz and moving image: /home/mdugre/scratch/mri-registration-rp/datasets/ds004513/derivatives/mri-registration-rp/antsBrainExtraction/sub-s025/BrainExtractionBrain.nii.gz (type = Euler3DTransform)
=============================================================================
  number of levels = 1
  fixed image: /templateflow/tpl-MNI152NLin2009cAsym/tpl-MNI152NLin2009cAsym_res-01_desc-brain_T1w.nii.gz
  moving image: /home/mdugre/scratch/mri-registration-rp/datasets/ds004513/derivatives/mri-registration-rp/antsBrainExtraction/sub-s025/BrainExtractionBrain.nii.gz
Dimension = 3
Number of stages = 1
Use histogram matching = false
Winsorize image intensities = true
  Lower quantile = 0.005
  Upper quantile = 0.995


Stage 1 State
   Image metric = MattesMI
     Fixed image = Image (0x430ce70)
  RTTI typeinfo:   itk::Image<double, 3u>
  Reference Count: 2
  Modified Time: 2334
  Debug: Off
  Object Name: 
  Observers: 
    none
  Source: (none)
  Source output name: (none)
  Release Data: Off
  Data Released: False
  Global Release Data: Off
  PipelineMTime: 0
  UpdateMTime: 1943
  RealTimeStamp: 0 seconds 
  LargestPossibleRegion: 
    Dimension: 3
    Index: [0, 0, 0]
    Size: [193, 229, 193]
  BufferedRegion: 
    Dimension: 3
    Index: [0, 0, 0]
    Size: [193, 229, 193]
  RequestedRegion: 
    Dimension: 3
    Index: [0, 0, 0]
    Size: [193, 229, 193]
  Spacing: [1, 1, 1]
  Origin: [96, 132, -78]
  Direction: 
-1 0 0
0 -1 0
0 0 1

  IndexToPointMatrix: 
-1 0 0
0 -1 0
0 0 1

  PointToIndexMatrix: 
-1 0 0
0 -1 0
0 0 1

  Inverse Direction: 
-1 0 0
0 -1 0
0 0 1

  PixelContainer: 
    ImportImageContainer (0x4315c60)
      RTTI typeinfo:   itk::ImportImageContainer<unsigned long, double>
      Reference Count: 1
      Modified Time: 1940
      Debug: Off
      Object Name: 
      Observers: 
        none
      Pointer: 0x149ec547c010
      Container manages memory: true
      Size: 8530021
      Capacity: 8530021

     Moving image = Image (0x4318610)
  RTTI typeinfo:   itk::Image<double, 3u>
  Reference Count: 2
  Modified Time: 2335
  Debug: Off
  Object Name: 
  Observers: 
    none
  Source: (none)
  Source output name: (none)
  Release Data: Off
  Data Released: False
  Global Release Data: Off
  PipelineMTime: 0
  UpdateMTime: 2332
  RealTimeStamp: 0 seconds 
  LargestPossibleRegion: 
    Dimension: 3
    Index: [0, 0, 0]
    Size: [176, 240, 256]
  BufferedRegion: 
    Dimension: 3
    Index: [0, 0, 0]
    Size: [176, 240, 256]
  RequestedRegion: 
    Dimension: 3
    Index: [0, 0, 0]
    Size: [176, 240, 256]
  Spacing: [0.999999, 1, 1]
  Origin: [90.3778, 84.5091, -154.071]
  Direction: 
-0.999391 7.48184e-06 -0.0348969
-7.47664e-06 -1 -2.7953e-07
-0.0348969 -1.84481e-08 0.999391

  IndexToPointMatrix: 
-0.99939 7.48184e-06 -0.0348969
-7.47663e-06 -1 -2.7953e-07
-0.0348968 -1.84481e-08 0.999391

  PointToIndexMatrix: 
-0.999392 -7.47665e-06 -0.0348969
7.48184e-06 -1 -1.84481e-08
-0.0348969 -2.7953e-07 0.999391

  Inverse Direction: 
-0.999391 -7.47664e-06 -0.0348969
7.48184e-06 -1 -1.84481e-08
-0.0348969 -2.7953e-07 0.999391

  PixelContainer: 
    ImportImageContainer (0x43b1ef0)
      RTTI typeinfo:   itk::ImportImageContainer<unsigned long, double>
      Reference Count: 1
      Modified Time: 2329
      Debug: Off
      Object Name: 
      Observers: 
        none
      Pointer: 0x149ec01fb010
      Container manages memory: true
      Size: 10813440
      Capacity: 10813440

     Weighting = 1
     Sampling strategy = regular
     Number of bins = 32
     Radius = 4
     Sampling percentage  = 0.25
   Transform = Rigid
     Gradient step = 0.1
     Update field sigma (voxel space) = 0
     Total field sigma (voxel space) = 0
     Update field time sigma = 0
     Total field time sigma  = 0
     Number of time indices = 0
     Number of time point samples = 0
Registration using 1 total stages.

Stage 0
  iterations = 0
  convergence threshold = 1e-06
  convergence window size = 10
  number of levels = 1
  using the Mattes MI metric (number of bins = 32, weight = 1, use gradient filter = 0)
  preprocessing:  winsorizing the image intensities
  Shrink factors (level 1 out of 1): [1, 1, 1]
  smoothing sigmas per level: [0]
  regular sampling (percentage = 0.25)

*** Running Euler3DTransform registration ***

  Elapsed time (stage 0): 1.14091


Total elapsed time: 1.14306
Info [verificarlo]: loaded backend libinterflop_ieee.so
Info [interflop-ieee]: load backend with:
Info [interflop-ieee]: debug = false
Info [interflop-ieee]: debug-binary = false
Info [interflop-ieee]: no-backend-name = false
Info [interflop-ieee]: print-new-line = false
Info [interflop-ieee]: print-subnormal-normalized = false
Info [interflop-ieee]: count-op = false
All_Command_lines_OK
Using double precision for computations.
=============================================================================
The composite transform comprises the following transforms (in order): 
  1. /home/mdugre/scratch/mri-registration-rp/datasets/ds004513/derivatives/mri-registration-rp/0001/antsRegistration-r7-p23/sub-s025/align_Composite.h5[0] (type = Euler3DTransform)
  2. /home/mdugre/scratch/mri-registration-rp/datasets/ds004513/derivatives/mri-registration-rp/0001/antsRegistration-r7-p23/sub-s025/align_Composite.h5[1] (type = Euler3DTransform)
=============================================================================
  number of levels = 4
  fixed image: /templateflow/tpl-MNI152NLin2009cAsym/tpl-MNI152NLin2009cAsym_res-01_desc-brain_T1w.nii.gz
  moving image: /home/mdugre/scratch/mri-registration-rp/datasets/ds004513/derivatives/mri-registration-rp/antsBrainExtraction/sub-s025/BrainExtractionBrain.nii.gz
Dimension = 3
Number of stages = 1
Use histogram matching = false
Winsorize image intensities = true
  Lower quantile = 0.005
  Upper quantile = 0.995


Stage 1 State
   Image metric = MattesMI
     Fixed image = Image (0x3472530)
  RTTI typeinfo:   itk::Image<double, 3u>
  Reference Count: 2
  Modified Time: 1580
  Debug: Off
  Object Name: 
  Observers: 
    none
  Source: (none)
  Source output name: (none)
  Release Data: Off
  Data Released: False
  Global Release Data: Off
  PipelineMTime: 0
  UpdateMTime: 1189
  RealTimeStamp: 0 seconds 
  LargestPossibleRegion: 
    Dimension: 3
    Index: [0, 0, 0]
    Size: [193, 229, 193]
  BufferedRegion: 
    Dimension: 3
    Index: [0, 0, 0]
    Size: [193, 229, 193]
  RequestedRegion: 
    Dimension: 3
    Index: [0, 0, 0]
    Size: [193, 229, 193]
  Spacing: [1, 1, 1]
  Origin: [96, 132, -78]
  Direction: 
-1 0 0
0 -1 0
0 0 1

  IndexToPointMatrix: 
-1 0 0
0 -1 0
0 0 1

  PointToIndexMatrix: 
-1 0 0
0 -1 0
0 0 1

  Inverse Direction: 
-1 0 0
0 -1 0
0 0 1

  PixelContainer: 
    ImportImageContainer (0x3530d60)
      RTTI typeinfo:   itk::ImportImageContainer<unsigned long, double>
      Reference Count: 1
      Modified Time: 1186
      Debug: Off
      Object Name: 
      Observers: 
        none
      Pointer: 0x152332850010
      Container manages memory: true
      Size: 8530021
      Capacity: 8530021

     Moving image = Image (0x3522f60)
  RTTI typeinfo:   itk::Image<double, 3u>
  Reference Count: 2
  Modified Time: 1581
  Debug: Off
  Object Name: 
  Observers: 
    none
  Source: (none)
  Source output name: (none)
  Release Data: Off
  Data Released: False
  Global Release Data: Off
  PipelineMTime: 0
  UpdateMTime: 1578
  RealTimeStamp: 0 seconds 
  LargestPossibleRegion: 
    Dimension: 3
    Index: [0, 0, 0]
    Size: [176, 240, 256]
  BufferedRegion: 
    Dimension: 3
    Index: [0, 0, 0]
    Size: [176, 240, 256]
  RequestedRegion: 
    Dimension: 3
    Index: [0, 0, 0]
    Size: [176, 240, 256]
  Spacing: [0.999999, 1, 1]
  Origin: [90.3778, 84.5091, -154.071]
  Direction: 
-0.999391 7.48184e-06 -0.0348969
-7.47664e-06 -1 -2.7953e-07
-0.0348969 -1.84481e-08 0.999391

  IndexToPointMatrix: 
-0.99939 7.48184e-06 -0.0348969
-7.47663e-06 -1 -2.7953e-07
-0.0348968 -1.84481e-08 0.999391

  PointToIndexMatrix: 
-0.999392 -7.47665e-06 -0.0348969
7.48184e-06 -1 -1.84481e-08
-0.0348969 -2.7953e-07 0.999391

  Inverse Direction: 
-0.999391 -7.47664e-06 -0.0348969
7.48184e-06 -1 -1.84481e-08
-0.0348969 -2.7953e-07 0.999391

  PixelContainer: 
    ImportImageContainer (0x35146d0)
      RTTI typeinfo:   itk::ImportImageContainer<unsigned long, double>
      Reference Count: 1
      Modified Time: 1575
      Debug: Off
      Object Name: 
      Observers: 
        none
      Pointer: 0x15232d5cf010
      Container manages memory: true
      Size: 10813440
      Capacity: 10813440

     Weighting = 1
     Sampling strategy = regular
     Number of bins = 32
     Radius = 4
     Sampling percentage  = 0.25
   Transform = Rigid
     Gradient step = 0.1
     Update field sigma (voxel space) = 0
     Total field sigma (voxel space) = 0
     Update field time sigma = 0
     Total field time sigma  = 0
     Number of time indices = 0
     Number of time point samples = 0
Registration using 1 total stages.

Stage 0
  iterations = 1000x500x250x100
  convergence threshold = 1e-06
  convergence window size = 10
  number of levels = 4
  using the Mattes MI metric (number of bins = 32, weight = 1, use gradient filter = 0)
  preprocessing:  winsorizing the image intensities
  Shrink factors (level 1 out of 4): [8, 8, 8]
  Shrink factors (level 2 out of 4): [4, 4, 4]
  Shrink factors (level 3 out of 4): [2, 2, 2]
  Shrink factors (level 4 out of 4): [1, 1, 1]
  smoothing sigmas per level: [3, 2, 1, 0]
  regular sampling (percentage = 0.25)

*** Running Euler3DTransform registration ***

DIAGNOSTIC,Iteration,metricValue,convergenceValue,ITERATION_TIME_INDEX,SINCE_LAST
 2DIAGNOSTIC,     1, -5.323241903179e-01, 1.797693134862e+308, 7.4317e-01, 7.4317e-01, 
 2DIAGNOSTIC,     2, -5.346190553927e-01, 1.797693134862e+308, 7.4691e-01, 3.7441e-03, 
 2DIAGNOSTIC,     3, -5.378036555361e-01, 1.797693134862e+308, 7.5056e-01, 3.6480e-03, 
 2DIAGNOSTIC,     4, -5.422949451405e-01, 1.797693134862e+308, 7.5426e-01, 3.6950e-03, 
 2DIAGNOSTIC,     5, -5.486805952477e-01, 1.797693134862e+308, 7.5797e-01, 3.7091e-03, 
 2DIAGNOSTIC,     6, -5.542790085272e-01, 1.797693134862e+308, 7.6159e-01, 3.6252e-03, 
 2DIAGNOSTIC,     7, -5.627123115611e-01, 1.797693134862e+308, 7.6526e-01, 3.6669e-03, 
 2DIAGNOSTIC,     8, -5.766609943856e-01, 1.797693134862e+308, 7.6897e-01, 3.7160e-03, 
 2DIAGNOSTIC,     9, -5.881111419397e-01, 1.797693134862e+308, 7.7272e-01, 3.7508e-03, 
 2DIAGNOSTIC,    10, -6.012927005665e-01, 7.820055967721e-03, 7.7778e-01, 5.0528e-03, 
 2DIAGNOSTIC,    11, -6.192402913587e-01, 8.564422673920e-03, 7.8460e-01, 6.8271e-03, 
 2DIAGNOSTIC,    12, -6.197111897437e-01, 8.513711436468e-03, 7.8843e-01, 3.8218e-03, 
 2DIAGNOSTIC,    13, -6.223136777511e-01, 7.932305190624e-03, 7.9244e-01, 4.0169e-03, 
 2DIAGNOSTIC,    14, -6.239859078537e-01, 6.938967258810e-03, 7.9630e-01, 3.8569e-03, 
 2DIAGNOSTIC,    15, -6.258731029040e-01, 5.722268374559e-03, 8.0020e-01, 3.9001e-03, 
 2DIAGNOSTIC,    16, -6.290042957055e-01, 4.404898010779e-03, 8.0428e-01, 4.0848e-03, 
 2DIAGNOSTIC,    17, -6.327399548227e-01, 3.192249458224e-03, 8.0913e-01, 4.8490e-03, 
 2DIAGNOSTIC,    18, -6.361770329223e-01, 2.298162514843e-03, 8.1399e-01, 4.8590e-03, 
 2DIAGNOSTIC,    19, -6.381920794820e-01, 1.629119691174e-03, 8.1830e-01, 4.3030e-03, 
 2DIAGNOSTIC,    20, -6.414786468804e-01, 1.264281191272e-03, 8.2215e-01, 3.8519e-03, 
 2DIAGNOSTIC,    21, -6.422621311747e-01, 1.244231355004e-03, 8.2597e-01, 3.8259e-03, 
 2DIAGNOSTIC,    22, -6.443386369897e-01, 1.164065700157e-03, 8.2984e-01, 3.8640e-03, 
 2DIAGNOSTIC,    23, -6.458367311165e-01, 1.066297096632e-03, 8.3379e-01, 3.9551e-03, 
 2DIAGNOSTIC,    24, -6.528535018881e-01, 1.047817949639e-03, 8.3855e-01, 4.7579e-03, 
 2DIAGNOSTIC,    25, -6.591704569973e-01, 1.083081278687e-03, 8.4436e-01, 5.8141e-03, 
 2DIAGNOSTIC,    26, -6.605963672864e-01, 1.093549209834e-03, 8.4893e-01, 4.5691e-03, 
 2DIAGNOSTIC,    27, -6.608439800917e-01, 1.070984931568e-03, 8.5278e-01, 3.8459e-03, 
 2DIAGNOSTIC,    28, -6.615671809670e-01, 1.019502603939e-03, 8.5663e-01, 3.8521e-03, 
 2DIAGNOSTIC,    29, -6.628794745261e-01, 9.260609308944e-04, 8.6085e-01, 4.2150e-03, 
 2DIAGNOSTIC,    30, -6.728294045245e-01, 9.537357176231e-04, 8.6647e-01, 5.6229e-03, 
 2DIAGNOSTIC,    31, -6.735477639094e-01, 9.084121433492e-04, 8.7034e-01, 3.8738e-03, 
 2DIAGNOSTIC,    32, -6.743490922224e-01, 8.254086586637e-04, 8.7427e-01, 3.9229e-03, 
 2DIAGNOSTIC,    33, -6.778518000986e-01, 7.396562026478e-04, 8.7825e-01, 3.9852e-03, 
 2DIAGNOSTIC,    34, -6.872953446707e-01, 8.064157781855e-04, 8.8624e-01, 7.9911e-03, 
 2DIAGNOSTIC,    35, -6.877331477627e-01, 8.751721442858e-04, 8.9032e-01, 4.0810e-03, 
 2DIAGNOSTIC,    36, -6.893224709507e-01, 8.964483993546e-04, 8.9428e-01, 3.9580e-03, 
 2DIAGNOSTIC,    37, -6.927401385930e-01, 8.791810839143e-04, 8.9813e-01, 3.8462e-03, 
 2DIAGNOSTIC,    38, -7.010310124482e-01, 8.854594001548e-04, 9.0199e-01, 3.8650e-03, 
 2DIAGNOSTIC,    39, -7.063954530603e-01, 8.772017306513e-04, 9.0585e-01, 3.8540e-03, 
 2DIAGNOSTIC,    40, -7.084239238147e-01, 9.204148674962e-04, 9.0972e-01, 3.8769e-03, 
 2DIAGNOSTIC,    41, -7.161187177149e-01, 9.683094395234e-04, 9.1412e-01, 4.3991e-03, 
 2DIAGNOSTIC,    42, -7.193808478358e-01, 9.626398971846e-04, 9.1953e-01, 5.4049e-03, 
 2DIAGNOSTIC,    43, -7.222899286291e-01, 9.279253054275e-04, 9.2341e-01, 3.8822e-03, 
 2DIAGNOSTIC,    44, -7.286318257050e-01, 9.655920195491e-04, 9.2737e-01, 3.9570e-03, 
 2DIAGNOSTIC,    45, -7.395466944872e-01, 1.020004360120e-03, 9.3128e-01, 3.9141e-03, 
 2DIAGNOSTIC,    46, -7.440928146007e-01, 1.030679651625e-03, 9.3522e-01, 3.9351e-03, 
 2DIAGNOSTIC,    47, -7.513839024091e-01, 1.041062794395e-03, 9.4207e-01, 6.8572e-03, 
 2DIAGNOSTIC,    48, -7.533766916074e-01, 1.044651786065e-03, 9.4661e-01, 4.5362e-03, 
 2DIAGNOSTIC,    49, -7.536051923678e-01, 9.984032469456e-04, 9.5071e-01, 4.0960e-03, 
 2DIAGNOSTIC,    50, -7.547206997108e-01, 8.842991326237e-04, 9.5512e-01, 4.4172e-03, 
 2DIAGNOSTIC,    51, -7.569853837033e-01, 7.745659094411e-04, 9.5923e-01, 4.1101e-03, 
 2DIAGNOSTIC,    52, -7.585093047381e-01, 6.351802085832e-04, 9.6515e-01, 5.9149e-03, 
 2DIAGNOSTIC,    53, -7.589408306600e-01, 4.679600138545e-04, 9.6999e-01, 4.8399e-03, 
 2DIAGNOSTIC,    54, -7.589747176127e-01, 3.129074306510e-04, 9.7437e-01, 4.3778e-03, 
 2DIAGNOSTIC,    55, -7.589571177534e-01, 2.191665807259e-04, 9.7885e-01, 4.4858e-03, 
 2DIAGNOSTIC,    56, -7.589137552836e-01, 1.409592933959e-04, 9.8273e-01, 3.8750e-03, 
 2DIAGNOSTIC,    57, -7.588700608036e-01, 1.060692359321e-04, 9.8674e-01, 4.0090e-03, 
 2DIAGNOSTIC,    58, -7.589633021059e-01, 7.794882451486e-05, 9.9108e-01, 4.3428e-03, 
 2DIAGNOSTIC,    59, -7.591887627132e-01, 4.685373763403e-05, 9.9495e-01, 3.8750e-03, 
 2DIAGNOSTIC,    60, -7.591834497443e-01, 2.000259117666e-05, 9.9934e-01, 4.3919e-03, 
 2DIAGNOSTIC,    61, -7.590662947616e-01, 6.921067366140e-06, 1.0032e+00, 3.8822e-03, 
 2DIAGNOSTIC,    62, -7.592546076239e-01, 5.310834666390e-06, 1.0071e+00, 3.8781e-03, 
 2DIAGNOSTIC,    63, -7.596702880150e-01, 8.884654210829e-06, 1.0110e+00, 3.8600e-03, 
 2DIAGNOSTIC,    64, -7.602306049485e-01, 1.532284490944e-05, 1.0153e+00, 4.3790e-03, 
 2DIAGNOSTIC,    65, -7.606560495162e-01, 2.270903506161e-05, 1.0223e+00, 6.9461e-03, 
 2DIAGNOSTIC,    66, -7.607038049270e-01, 2.779673616904e-05, 1.0266e+00, 4.3530e-03, 
 2DIAGNOSTIC,    67, -7.606326303870e-01, 2.943071199697e-05, 1.0305e+00, 3.8919e-03, 
 2DIAGNOSTIC,    68, -7.605484139464e-01, 2.823246092342e-05, 1.0346e+00, 4.0781e-03, 
 2DIAGNOSTIC,    69, -7.605991350109e-01, 2.602000265974e-05, 1.0385e+00, 3.8810e-03, 
 2DIAGNOSTIC,    70, -7.607799170671e-01, 2.245941865314e-05, 1.0424e+00, 3.9091e-03, 
 2DIAGNOSTIC,    71, -7.613169797450e-01, 1.935233460425e-05, 1.0477e+00, 5.3260e-03, 
 2DIAGNOSTIC,    72, -7.611104708946e-01, 1.436741218584e-05, 1.0522e+00, 4.5080e-03, 
 2DIAGNOSTIC,    73, -7.611159272309e-01, 1.061949920593e-05, 1.0561e+00, 3.8500e-03, 
 2DIAGNOSTIC,    74, -7.613034680122e-01, 1.013466779235e-05, 1.0605e+00, 4.4520e-03, 
 2DIAGNOSTIC,    75, -7.618000843957e-01, 1.370463288791e-05, 1.0657e+00, 5.1188e-03, 
 2DIAGNOSTIC,    76, -7.618930225918e-01, 1.655436251816e-05, 1.0699e+00, 4.2388e-03, 
 2DIAGNOSTIC,    77, -7.620925871602e-01, 1.852997529791e-05, 1.0747e+00, 4.8451e-03, 
 2DIAGNOSTIC,    78, -7.621054151960e-01, 1.839928853393e-05, 1.0817e+00, 6.9089e-03, 
 2DIAGNOSTIC,    79, -7.621054271636e-01, 1.678559797486e-05, 1.0876e+00, 5.9831e-03, 
 2DIAGNOSTIC,    80, -7.621054276520e-01, 1.444304371290e-05, 1.0922e+00, 4.5199e-03, 
 2DIAGNOSTIC,    81, -7.619855166709e-01, 1.294464442836e-05, 1.0995e+00, 7.3550e-03, 
 2DIAGNOSTIC,    82, -7.619855166713e-01, 9.298849549411e-06, 1.1060e+00, 6.5119e-03, 
 2DIAGNOSTIC,    83, -7.619855166713e-01, 4.918034094347e-06, 1.1121e+00, 6.0978e-03, 
 2DIAGNOSTIC,    84, -7.619855166713e-01, 1.069377755998e-06, 1.1165e+00, 4.3559e-03, 
DIAGNOSTIC,Iteration,metricValue,convergenceValue,ITERATION_TIME_INDEX,SINCE_LAST
 2DIAGNOSTIC,     1, -6.044853781641e-01, 1.797693134862e+308, 1.9006e+00, 7.8411e-01, 
 2DIAGNOSTIC,     2, -6.053765118488e-01, 1.797693134862e+308, 1.9273e+00, 2.6710e-02, 
 2DIAGNOSTIC,     3, -6.066825772279e-01, 1.797693134862e+308, 1.9541e+00, 2.6810e-02, 
 2DIAGNOSTIC,     4, -6.082107762879e-01, 1.797693134862e+308, 1.9810e+00, 2.6856e-02, 
 2DIAGNOSTIC,     5, -6.094354798193e-01, 1.797693134862e+308, 2.0079e+00, 2.6933e-02, 
 2DIAGNOSTIC,     6, -6.106259827097e-01, 1.797693134862e+308, 2.0345e+00, 2.6607e-02, 
 2DIAGNOSTIC,     7, -6.123033055991e-01, 1.797693134862e+308, 2.0612e+00, 2.6736e-02, 
 2DIAGNOSTIC,     8, -6.139861096849e-01, 1.797693134862e+308, 2.0921e+00, 3.0850e-02, 
 2DIAGNOSTIC,     9, -6.149635310104e-01, 1.797693134862e+308, 2.1276e+00, 3.5500e-02, 
 2DIAGNOSTIC,    10, -6.156445435699e-01, 1.250079082161e-03, 2.1569e+00, 2.9317e-02, 
 2DIAGNOSTIC,    11, -6.164942006555e-01, 1.106603927371e-03, 2.1862e+00, 2.9281e-02, 
 2DIAGNOSTIC,    12, -6.192803398473e-01, 1.028973008288e-03, 2.2336e+00, 4.7388e-02, 
 2DIAGNOSTIC,    13, -6.193524341408e-01, 9.162715901861e-04, 2.2625e+00, 2.8951e-02, 
 2DIAGNOSTIC,    14, -6.194033809876e-01, 7.901269868396e-04, 2.2910e+00, 2.8443e-02, 
 2DIAGNOSTIC,    15, -6.195144492218e-01, 6.516177376222e-04, 2.3181e+00, 2.7104e-02, 
 2DIAGNOSTIC,    16, -6.197382323501e-01, 5.108373948992e-04, 2.3484e+00, 3.0344e-02, 
 2DIAGNOSTIC,    17, -6.201970253772e-01, 3.959435382248e-04, 2.3928e+00, 4.4387e-02, 
 2DIAGNOSTIC,    18, -6.202052392799e-01, 3.003476857955e-04, 2.4238e+00, 3.0968e-02, 
 2DIAGNOSTIC,    19, -6.201965202680e-01, 2.118941644666e-04, 2.4544e+00, 3.0601e-02, 
 2DIAGNOSTIC,    20, -6.201826225026e-01, 1.286129190837e-04, 2.4847e+00, 3.0313e-02, 
 2DIAGNOSTIC,    21, -6.201826899909e-01, 5.835765923241e-05, 2.5116e+00, 2.6891e-02, 
 2DIAGNOSTIC,    22, -6.201677462957e-01, 4.723903018115e-05, 2.5386e+00, 2.7044e-02, 
 2DIAGNOSTIC,    23, -6.201996845367e-01, 3.493914108890e-05, 2.5691e+00, 3.0457e-02, 
 2DIAGNOSTIC,    24, -6.202569096074e-01, 2.272532334940e-05, 2.5963e+00, 2.7215e-02, 
 2DIAGNOSTIC,    25, -6.203822176585e-01, 1.381389207736e-05, 2.6232e+00, 2.6881e-02, 
 2DIAGNOSTIC,    26, -6.205890060221e-01, 1.177939361937e-05, 2.6501e+00, 2.6925e-02, 
 2DIAGNOSTIC,    27, -6.207984435882e-01, 2.025057741479e-05, 2.6804e+00, 3.0345e-02, 
 2DIAGNOSTIC,    28, -6.209341788733e-01, 2.865063890996e-05, 2.7073e+00, 2.6858e-02, 
 2DIAGNOSTIC,    29, -6.209163452384e-01, 3.345784732472e-05, 2.7378e+00, 3.0452e-02, 
 2DIAGNOSTIC,    30, -6.208550665291e-01, 3.377213746057e-05, 2.7751e+00, 3.7391e-02, 
 2DIAGNOSTIC,    31, -6.208613304700e-01, 3.107609222255e-05, 2.8052e+00, 3.0056e-02, 
 2DIAGNOSTIC,    32, -6.208479118822e-01, 2.523445666634e-05, 2.8368e+00, 3.1626e-02, 
 2DIAGNOSTIC,    33, -6.208615559558e-01, 1.808268507061e-05, 2.8673e+00, 3.0478e-02, 
 2DIAGNOSTIC,    34, -6.208882586091e-01, 1.089192916218e-05, 2.8938e+00, 2.6455e-02, 
 2DIAGNOSTIC,    35, -6.209409662302e-01, 5.498447281500e-06, 2.9214e+00, 2.7654e-02, 
 2DIAGNOSTIC,    36, -6.209848311362e-01, 3.105771904002e-06, 2.9510e+00, 2.9543e-02, 
 2DIAGNOSTIC,    37, -6.211713987724e-01, 5.494091402467e-06, 2.9893e+00, 3.8349e-02, 
 2DIAGNOSTIC,    38, -6.211545389836e-01, 8.702005567830e-06, 3.0161e+00, 2.6799e-02, 
 2DIAGNOSTIC,    39, -6.211462852313e-01, 1.073912211065e-05, 3.0467e+00, 3.0591e-02, 
 2DIAGNOSTIC,    40, -6.212314569347e-01, 1.202340936655e-05, 3.0745e+00, 2.7777e-02, 
 2DIAGNOSTIC,    41, -6.212352473251e-01, 1.224768456858e-05, 3.1013e+00, 2.6874e-02, 
 2DIAGNOSTIC,    42, -6.214504137391e-01, 1.355705098422e-05, 3.1358e+00, 3.4481e-02, 
 2DIAGNOSTIC,    43, -6.216807726480e-01, 1.614371209350e-05, 3.1778e+00, 4.1969e-02, 
 2DIAGNOSTIC,    44, -6.216879736485e-01, 1.747367377157e-05, 3.2152e+00, 3.7425e-02, 
 2DIAGNOSTIC,    45, -6.216716412663e-01, 1.756924185597e-05, 3.2506e+00, 3.5418e-02, 
 2DIAGNOSTIC,    46, -6.216623717845e-01, 1.636764826915e-05, 3.2797e+00, 2.9057e-02, 
 2DIAGNOSTIC,    47, -6.216410573399e-01, 1.530836930808e-05, 3.3052e+00, 2.5483e-02, 
 2DIAGNOSTIC,    48, -6.216427896040e-01, 1.271745451233e-05, 3.3334e+00, 2.8207e-02, 
 2DIAGNOSTIC,    49, -6.216343117946e-01, 8.918765599344e-06, 3.3611e+00, 2.7711e-02, 
 2DIAGNOSTIC,    50, -6.216268312619e-01, 5.253619212813e-06, 3.3881e+00, 2.6990e-02, 
 2DIAGNOSTIC,    51, -6.216318182640e-01, 1.343958146136e-06, 3.4149e+00, 2.6793e-02, 
DIAGNOSTIC,Iteration,metricValue,convergenceValue,ITERATION_TIME_INDEX,SINCE_LAST
 2DIAGNOSTIC,     1, -5.348828157359e-01, 1.797693134862e+308, 4.4989e+00, 1.0840e+00, 
 2DIAGNOSTIC,     2, -5.351491350743e-01, 1.797693134862e+308, 4.6954e+00, 1.9645e-01, 
 2DIAGNOSTIC,     3, -5.353668706211e-01, 1.797693134862e+308, 4.9025e+00, 2.0710e-01, 
 2DIAGNOSTIC,     4, -5.355114364630e-01, 1.797693134862e+308, 5.1008e+00, 1.9836e-01, 
 2DIAGNOSTIC,     5, -5.356354947642e-01, 1.797693134862e+308, 5.3076e+00, 2.0680e-01, 
 2DIAGNOSTIC,     6, -5.358791400843e-01, 1.797693134862e+308, 5.7613e+00, 4.5371e-01, 
 2DIAGNOSTIC,     7, -5.358782267778e-01, 1.797693134862e+308, 5.9878e+00, 2.2650e-01, 
 2DIAGNOSTIC,     8, -5.358783001748e-01, 1.797693134862e+308, 6.2236e+00, 2.3582e-01, 
 2DIAGNOSTIC,     9, -5.358770647411e-01, 1.797693134862e+308, 6.4699e+00, 2.4623e-01, 
 2DIAGNOSTIC,    10, -5.358752485151e-01, 1.198666944785e-04, 6.6947e+00, 2.2479e-01, 
 2DIAGNOSTIC,    11, -5.358744122993e-01, 7.714574273963e-05, 6.8891e+00, 1.9443e-01, 
 2DIAGNOSTIC,    12, -5.358737339110e-01, 4.648608824386e-05, 7.1196e+00, 2.3055e-01, 
 2DIAGNOSTIC,    13, -5.358732069266e-01, 2.550614430290e-05, 7.3117e+00, 1.9208e-01, 
 2DIAGNOSTIC,    14, -5.358729945833e-01, 1.087754240019e-05, 7.5370e+00, 2.2524e-01, 
 2DIAGNOSTIC,    15, -5.358739834814e-01, 1.590967770332e-06, 7.8384e+00, 3.0142e-01, 
 2DIAGNOSTIC,    16, -5.358720074993e-01, 1.527423003050e-06, 8.0642e+00, 2.2581e-01, 
 2DIAGNOSTIC,    17, -5.358700343180e-01, 1.424838868232e-06, 8.2984e+00, 2.3424e-01, 
 2DIAGNOSTIC,    18, -5.358691421348e-01, 1.352603927446e-06, 8.4939e+00, 1.9549e-01, 
 2DIAGNOSTIC,    19, -5.358672919087e-01, 1.240351922213e-06, 8.6917e+00, 1.9781e-01, 
 2DIAGNOSTIC,    20, -5.358656585859e-01, 1.088419050325e-06, 8.9242e+00, 2.3247e-01, 
DIAGNOSTIC,Iteration,metricValue,convergenceValue,ITERATION_TIME_INDEX,SINCE_LAST
 2DIAGNOSTIC,     1, -4.896144385158e-01, 1.797693134862e+308, 1.1829e+01, 2.9052e+00, 
 2DIAGNOSTIC,     2, -4.896156260246e-01, 1.797693134862e+308, 1.3704e+01, 1.8747e+00, 
 2DIAGNOSTIC,     3, -4.896149545523e-01, 1.797693134862e+308, 1.5199e+01, 1.4952e+00, 
 2DIAGNOSTIC,     4, -4.896152574521e-01, 1.797693134862e+308, 1.6872e+01, 1.6724e+00, 
 2DIAGNOSTIC,     5, -4.896144355344e-01, 1.797693134862e+308, 1.8396e+01, 1.5238e+00, 
 2DIAGNOSTIC,     6, -4.896146504694e-01, 1.797693134862e+308, 2.0868e+01, 2.4720e+00, 
 2DIAGNOSTIC,     7, -4.896146783817e-01, 1.797693134862e+308, 2.2321e+01, 1.4536e+00, 
 2DIAGNOSTIC,     8, -4.896144789911e-01, 1.797693134862e+308, 2.3795e+01, 1.4741e+00, 
 2DIAGNOSTIC,     9, -4.896144022282e-01, 1.797693134862e+308, 2.5322e+01, 1.5269e+00, 
 2DIAGNOSTIC,    10, -4.896143329223e-01, 3.079798244446e-06, 2.6636e+01, 1.3140e+00, 
 2DIAGNOSTIC,    11, -4.896142957854e-01, 2.762576192430e-06, 2.7939e+01, 1.3030e+00, 
 2DIAGNOSTIC,    12, -4.896144290657e-01, 2.574087111434e-06, 2.9747e+01, 1.8083e+00, 
 2DIAGNOSTIC,    13, -4.896143455517e-01, 2.387057406850e-06, 3.1110e+01, 1.3631e+00, 
 2DIAGNOSTIC,    14, -4.896143847790e-01, 2.247708303330e-06, 3.2585e+01, 1.4746e+00, 
 2DIAGNOSTIC,    15, -4.896143029773e-01, 2.093908898632e-06, 3.3918e+01, 1.3327e+00, 
 2DIAGNOSTIC,    16, -4.896143612679e-01, 1.971604938839e-06, 3.5232e+01, 1.3143e+00, 
 2DIAGNOSTIC,    17, -4.896143435122e-01, 1.865551940608e-06, 3.6738e+01, 1.5055e+00, 
 2DIAGNOSTIC,    18, -4.896144070500e-01, 1.767465536609e-06, 3.8188e+01, 1.4508e+00, 
 2DIAGNOSTIC,    19, -4.896142376953e-01, 1.672241249875e-06, 3.9689e+01, 1.5004e+00, 
 2DIAGNOSTIC,    20, -4.896141844009e-01, 1.583385442677e-06, 4.0991e+01, 1.3027e+00, 
 2DIAGNOSTIC,    21, -4.896142902104e-01, 1.505434255568e-06, 4.2479e+01, 1.4875e+00, 
 2DIAGNOSTIC,    22, -4.896142664227e-01, 1.438195740236e-06, 4.4076e+01, 1.5970e+00, 
 2DIAGNOSTIC,    23, -4.896143260724e-01, 1.376911835924e-06, 4.5736e+01, 1.6596e+00, 
 2DIAGNOSTIC,    24, -4.896142368112e-01, 1.320227700378e-06, 4.7106e+01, 1.3704e+00, 
 2DIAGNOSTIC,    25, -4.896140498187e-01, 1.262397853745e-06, 4.8594e+01, 1.4876e+00, 
 2DIAGNOSTIC,    26, -4.896140898967e-01, 1.212203500661e-06, 4.9984e+01, 1.3904e+00, 
 2DIAGNOSTIC,    27, -4.896140412000e-01, 1.165147820108e-06, 5.1514e+01, 1.5297e+00, 
 2DIAGNOSTIC,    28, -4.896139922329e-01, 1.123068059383e-06, 5.2869e+01, 1.3550e+00, 
 2DIAGNOSTIC,    29, -4.896139558793e-01, 1.081118025437e-06, 5.4355e+01, 1.4863e+00, 
 2DIAGNOSTIC,    30, -4.896136864504e-01, 1.037224528863e-06, 5.5659e+01, 1.3037e+00, 
 2DIAGNOSTIC,    31, -4.896137049455e-01, 1.000801652280e-06, 5.7276e+01, 1.6177e+00, 
  Elapsed time (stage 0): 5.8077e+01


Total elapsed time: 5.8079e+01
Info [verificarlo]: loaded backend libinterflop_ieee.so
Info [interflop-ieee]: load backend with:
Info [interflop-ieee]: debug = false
Info [interflop-ieee]: debug-binary = false
Info [interflop-ieee]: no-backend-name = false
Info [interflop-ieee]: print-new-line = false
Info [interflop-ieee]: print-subnormal-normalized = false
Info [interflop-ieee]: count-op = false
All_Command_lines_OK
Using double precision for computations.
=============================================================================
The composite transform comprises the following transforms (in order): 
  1. /home/mdugre/scratch/mri-registration-rp/datasets/ds004513/derivatives/mri-registration-rp/0001/antsRegistration-r7-p23/sub-s025/rigid_Composite.h5[0] (type = Euler3DTransform)
  2. /home/mdugre/scratch/mri-registration-rp/datasets/ds004513/derivatives/mri-registration-rp/0001/antsRegistration-r7-p23/sub-s025/rigid_Composite.h5[1] (type = Euler3DTransform)
  3. /home/mdugre/scratch/mri-registration-rp/datasets/ds004513/derivatives/mri-registration-rp/0001/antsRegistration-r7-p23/sub-s025/rigid_Composite.h5[2] (type = Euler3DTransform)
=============================================================================
  number of levels = 4
  fixed image: /templateflow/tpl-MNI152NLin2009cAsym/tpl-MNI152NLin2009cAsym_res-01_desc-brain_T1w.nii.gz
  moving image: /home/mdugre/scratch/mri-registration-rp/datasets/ds004513/derivatives/mri-registration-rp/antsBrainExtraction/sub-s025/BrainExtractionBrain.nii.gz
Dimension = 3
Number of stages = 1
Use histogram matching = false
Winsorize image intensities = true
  Lower quantile = 0.005
  Upper quantile = 0.995


Stage 1 State
   Image metric = MattesMI
     Fixed image = Image (0x34677e0)
  RTTI typeinfo:   itk::Image<double, 3u>
  Reference Count: 2
  Modified Time: 1594
  Debug: Off
  Object Name: 
  Observers: 
    none
  Source: (none)
  Source output name: (none)
  Release Data: Off
  Data Released: False
  Global Release Data: Off
  PipelineMTime: 0
  UpdateMTime: 1203
  RealTimeStamp: 0 seconds 
  LargestPossibleRegion: 
    Dimension: 3
    Index: [0, 0, 0]
    Size: [193, 229, 193]
  BufferedRegion: 
    Dimension: 3
    Index: [0, 0, 0]
    Size: [193, 229, 193]
  RequestedRegion: 
    Dimension: 3
    Index: [0, 0, 0]
    Size: [193, 229, 193]
  Spacing: [1, 1, 1]
  Origin: [96, 132, -78]
  Direction: 
-1 0 0
0 -1 0
0 0 1

  IndexToPointMatrix: 
-1 0 0
0 -1 0
0 0 1

  PointToIndexMatrix: 
-1 0 0
0 -1 0
0 0 1

  Inverse Direction: 
-1 0 0
0 -1 0
0 0 1

  PixelContainer: 
    ImportImageContainer (0x3527a20)
      RTTI typeinfo:   itk::ImportImageContainer<unsigned long, double>
      Reference Count: 1
      Modified Time: 1200
      Debug: Off
      Object Name: 
      Observers: 
        none
      Pointer: 0x14f61e879010
      Container manages memory: true
      Size: 8530021
      Capacity: 8530021

     Moving image = Image (0x3522d70)
  RTTI typeinfo:   itk::Image<double, 3u>
  Reference Count: 2
  Modified Time: 1595
  Debug: Off
  Object Name: 
  Observers: 
    none
  Source: (none)
  Source output name: (none)
  Release Data: Off
  Data Released: False
  Global Release Data: Off
  PipelineMTime: 0
  UpdateMTime: 1592
  RealTimeStamp: 0 seconds 
  LargestPossibleRegion: 
    Dimension: 3
    Index: [0, 0, 0]
    Size: [176, 240, 256]
  BufferedRegion: 
    Dimension: 3
    Index: [0, 0, 0]
    Size: [176, 240, 256]
  RequestedRegion: 
    Dimension: 3
    Index: [0, 0, 0]
    Size: [176, 240, 256]
  Spacing: [0.999999, 1, 1]
  Origin: [90.3778, 84.5091, -154.071]
  Direction: 
-0.999391 7.48184e-06 -0.0348969
-7.47664e-06 -1 -2.7953e-07
-0.0348969 -1.84481e-08 0.999391

  IndexToPointMatrix: 
-0.99939 7.48184e-06 -0.0348969
-7.47663e-06 -1 -2.7953e-07
-0.0348968 -1.84481e-08 0.999391

  PointToIndexMatrix: 
-0.999392 -7.47665e-06 -0.0348969
7.48184e-06 -1 -1.84481e-08
-0.0348969 -2.7953e-07 0.999391

  Inverse Direction: 
-0.999391 -7.47664e-06 -0.0348969
7.48184e-06 -1 -1.84481e-08
-0.0348969 -2.7953e-07 0.999391

  PixelContainer: 
    ImportImageContainer (0x34dac90)
      RTTI typeinfo:   itk::ImportImageContainer<unsigned long, double>
      Reference Count: 1
      Modified Time: 1589
      Debug: Off
      Object Name: 
      Observers: 
        none
      Pointer: 0x14f6195f8010
      Container manages memory: true
      Size: 10813440
      Capacity: 10813440

     Weighting = 1
     Sampling strategy = regular
     Number of bins = 32
     Radius = 4
     Sampling percentage  = 0.25
   Transform = Affine
     Gradient step = 0.1
     Update field sigma (voxel space) = 0
     Total field sigma (voxel space) = 0
     Update field time sigma = 0
     Total field time sigma  = 0
     Number of time indices = 0
     Number of time point samples = 0
Registration using 1 total stages.

Stage 0
  iterations = 1000x500x250x100
  convergence threshold = 1e-06
  convergence window size = 10
  number of levels = 4
  using the Mattes MI metric (number of bins = 32, weight = 1, use gradient filter = 0)
  preprocessing:  winsorizing the image intensities
  Shrink factors (level 1 out of 4): [8, 8, 8]
  Shrink factors (level 2 out of 4): [4, 4, 4]
  Shrink factors (level 3 out of 4): [2, 2, 2]
  Shrink factors (level 4 out of 4): [1, 1, 1]
  smoothing sigmas per level: [3, 2, 1, 0]
  regular sampling (percentage = 0.25)

*** Running AffineTransform registration ***

DIAGNOSTIC,Iteration,metricValue,convergenceValue,ITERATION_TIME_INDEX,SINCE_LAST
 2DIAGNOSTIC,     1, -7.479678208001e-01, 1.797693134862e+308, 7.2872e-01, 7.2872e-01, 
 2DIAGNOSTIC,     2, -7.500024373560e-01, 1.797693134862e+308, 7.3294e-01, 4.2140e-03, 
 2DIAGNOSTIC,     3, -7.536043805109e-01, 1.797693134862e+308, 7.3714e-01, 4.2050e-03, 
 2DIAGNOSTIC,     4, -7.607430171862e-01, 1.797693134862e+308, 7.4122e-01, 4.0820e-03, 
 2DIAGNOSTIC,     5, -7.759279748250e-01, 1.797693134862e+308, 7.4535e-01, 4.1239e-03, 
 2DIAGNOSTIC,     6, -7.913311261476e-01, 1.797693134862e+308, 7.4972e-01, 4.3700e-03, 
 2DIAGNOSTIC,     7, -8.402647163301e-01, 1.797693134862e+308, 7.5452e-01, 4.8060e-03, 
 2DIAGNOSTIC,     8, -8.780643961357e-01, 1.797693134862e+308, 7.6155e-01, 7.0271e-03, 
 2DIAGNOSTIC,     9, -8.845231239021e-01, 1.797693134862e+308, 7.6586e-01, 4.3080e-03, 
 2DIAGNOSTIC,    10, -9.014281163824e-01, 1.399713617046e-02, 7.7101e-01, 5.1491e-03, 
 2DIAGNOSTIC,    11, -9.250532766547e-01, 1.410042650634e-02, 7.7548e-01, 4.4720e-03, 
 2DIAGNOSTIC,    12, -9.295516998530e-01, 1.308170173791e-02, 7.8012e-01, 4.6370e-03, 
 2DIAGNOSTIC,    13, -9.354656763591e-01, 1.130522018700e-02, 7.8678e-01, 6.6650e-03, 
 2DIAGNOSTIC,    14, -9.367208429407e-01, 9.005373180609e-03, 7.9176e-01, 4.9841e-03, 
 2DIAGNOSTIC,    15, -9.369519777790e-01, 6.581805498527e-03, 7.9691e-01, 5.1489e-03, 
 2DIAGNOSTIC,    16, -9.369575624624e-01, 4.185358479843e-03, 8.0189e-01, 4.9779e-03, 
 2DIAGNOSTIC,    17, -9.369801726567e-01, 2.647297996260e-03, 8.0634e-01, 4.4479e-03, 
 2DIAGNOSTIC,    18, -9.374830077806e-01, 1.756168983207e-03, 8.1079e-01, 4.4460e-03, 
 2DIAGNOSTIC,    19, -9.381125751557e-01, 9.233829230243e-04, 8.1579e-01, 5.0020e-03, 
 2DIAGNOSTIC,    20, -9.387207593815e-01, 3.714693302311e-04, 8.2099e-01, 5.1990e-03, 
 2DIAGNOSTIC,    21, -9.388378776433e-01, 2.082454032337e-04, 8.2661e-01, 5.6241e-03, 
 2DIAGNOSTIC,    22, -9.386302759377e-01, 1.027632336475e-04, 8.3125e-01, 4.6370e-03, 
 2DIAGNOSTIC,    23, -9.383330723645e-01, 7.606655756919e-05, 8.3584e-01, 4.5888e-03, 
 2DIAGNOSTIC,    24, -9.383147398714e-01, 6.117464866558e-05, 8.4043e-01, 4.5922e-03, 
 2DIAGNOSTIC,    25, -9.386839140664e-01, 4.951303217643e-05, 8.4552e-01, 5.0890e-03, 
 2DIAGNOSTIC,    26, -9.388855462205e-01, 3.679161754259e-05, 8.5114e-01, 5.6250e-03, 
 2DIAGNOSTIC,    27, -9.386203894736e-01, 1.892465640715e-05, 8.5562e-01, 4.4792e-03, 
 2DIAGNOSTIC,    28, -9.385429092279e-01, 5.733277933323e-06, 8.6177e-01, 6.1460e-03, 
 2DIAGNOSTIC,    29, -9.386536508255e-01, 1.012349387416e-06, 8.6757e-01, 5.8010e-03, 
DIAGNOSTIC,Iteration,metricValue,convergenceValue,ITERATION_TIME_INDEX,SINCE_LAST
 2DIAGNOSTIC,     1, -7.507601163358e-01, 1.797693134862e+308, 1.6024e+00, 7.3484e-01, 
 2DIAGNOSTIC,     2, -7.512828888070e-01, 1.797693134862e+308, 1.6358e+00, 3.3426e-02, 
 2DIAGNOSTIC,     3, -7.516699309254e-01, 1.797693134862e+308, 1.6683e+00, 3.2474e-02, 
 2DIAGNOSTIC,     4, -7.522595096878e-01, 1.797693134862e+308, 1.7003e+00, 3.2013e-02, 
 2DIAGNOSTIC,     5, -7.534687612002e-01, 1.797693134862e+308, 1.7322e+00, 3.1893e-02, 
 2DIAGNOSTIC,     6, -7.542851137863e-01, 1.797693134862e+308, 1.7866e+00, 5.4355e-02, 
 2DIAGNOSTIC,     7, -7.543413658013e-01, 1.797693134862e+308, 1.8212e+00, 3.4647e-02, 
 2DIAGNOSTIC,     8, -7.543325721148e-01, 1.797693134862e+308, 1.8607e+00, 3.9478e-02, 
 2DIAGNOSTIC,     9, -7.543183183601e-01, 1.797693134862e+308, 1.8964e+00, 3.5721e-02, 
 2DIAGNOSTIC,    10, -7.542928847750e-01, 3.488984706524e-04, 1.9285e+00, 3.2107e-02, 
 2DIAGNOSTIC,    11, -7.543034339720e-01, 2.488489209952e-04, 1.9691e+00, 4.0552e-02, 
 2DIAGNOSTIC,    12, -7.542969741455e-01, 1.600222209577e-04, 2.0054e+00, 3.6336e-02, 
 2DIAGNOSTIC,    13, -7.542890128770e-01, 8.198664322480e-05, 2.0373e+00, 3.1940e-02, 
 2DIAGNOSTIC,    14, -7.542849602972e-01, 2.303850009444e-05, 2.0702e+00, 3.2880e-02, 
DIAGNOSTIC,Iteration,metricValue,convergenceValue,ITERATION_TIME_INDEX,SINCE_LAST
 2DIAGNOSTIC,     1, -6.408756587128e-01, 1.797693134862e+308, 3.1366e+00, 1.0663e+00, 
 2DIAGNOSTIC,     2, -6.413502903113e-01, 1.797693134862e+308, 3.3691e+00, 2.3248e-01, 
 2DIAGNOSTIC,     3, -6.419252432824e-01, 1.797693134862e+308, 3.6106e+00, 2.4154e-01, 
 2DIAGNOSTIC,     4, -6.425988264996e-01, 1.797693134862e+308, 3.8532e+00, 2.4262e-01, 
 2DIAGNOSTIC,     5, -6.437241508938e-01, 1.797693134862e+308, 4.1267e+00, 2.7345e-01, 
 2DIAGNOSTIC,     6, -6.451716858073e-01, 1.797693134862e+308, 4.5219e+00, 3.9525e-01, 
 2DIAGNOSTIC,     7, -6.451712269419e-01, 1.797693134862e+308, 4.8261e+00, 3.0420e-01, 
 2DIAGNOSTIC,     8, -6.451720372692e-01, 1.797693134862e+308, 5.0907e+00, 2.6459e-01, 
 2DIAGNOSTIC,     9, -6.451690183502e-01, 1.797693134862e+308, 5.3616e+00, 2.7086e-01, 
 2DIAGNOSTIC,    10, -6.451577853755e-01, 5.038340922236e-04, 5.6384e+00, 2.7682e-01, 
 2DIAGNOSTIC,    11, -6.451566250741e-01, 3.685476840193e-04, 5.9480e+00, 3.0960e-01, 
 2DIAGNOSTIC,    12, -6.451505970125e-01, 2.404724922385e-04, 6.2279e+00, 2.7988e-01, 
 2DIAGNOSTIC,    13, -6.451497796898e-01, 1.307641439437e-04, 6.5497e+00, 3.2187e-01, 
 2DIAGNOSTIC,    14, -6.451506256323e-01, 4.589297028622e-05, 6.8269e+00, 2.7714e-01, 
DIAGNOSTIC,Iteration,metricValue,convergenceValue,ITERATION_TIME_INDEX,SINCE_LAST
 2DIAGNOSTIC,     1, -5.764957389507e-01, 1.797693134862e+308, 9.5598e+00, 2.7329e+00, 
 2DIAGNOSTIC,     2, -5.769305166802e-01, 1.797693134862e+308, 1.1213e+01, 1.6528e+00, 
 2DIAGNOSTIC,     3, -5.774387423966e-01, 1.797693134862e+308, 1.2767e+01, 1.5542e+00, 
 2DIAGNOSTIC,     4, -5.779588156454e-01, 1.797693134862e+308, 1.4330e+01, 1.5629e+00, 
 2DIAGNOSTIC,     5, -5.786443919864e-01, 1.797693134862e+308, 1.5903e+01, 1.5736e+00, 
 2DIAGNOSTIC,     6, -5.796155542507e-01, 1.797693134862e+308, 2.0398e+01, 4.4951e+00, 
 2DIAGNOSTIC,     7, -5.796156949302e-01, 1.797693134862e+308, 2.2185e+01, 1.7865e+00, 
 2DIAGNOSTIC,     8, -5.796155345327e-01, 1.797693134862e+308, 2.4129e+01, 1.9440e+00, 
 2DIAGNOSTIC,     9, -5.796154479043e-01, 1.797693134862e+308, 2.6020e+01, 1.8912e+00, 
 2DIAGNOSTIC,    10, -5.796151724926e-01, 3.926066372740e-04, 2.7828e+01, 1.8078e+00, 
 2DIAGNOSTIC,    11, -5.796151889447e-01, 2.798430346181e-04, 2.9423e+01, 1.5947e+00, 
 2DIAGNOSTIC,    12, -5.796150663099e-01, 1.788293905893e-04, 3.0975e+01, 1.5522e+00, 
 2DIAGNOSTIC,    13, -5.796152637640e-01, 9.702445666675e-05, 3.2548e+01, 1.5728e+00, 
 2DIAGNOSTIC,    14, -5.796153432919e-01, 3.629510113344e-05, 3.4284e+01, 1.7364e+00, 
 2DIAGNOSTIC,    15, -5.796154380987e-01, 2.097433559820e-06, 3.6177e+01, 1.8925e+00, 
 2DIAGNOSTIC,    16, -5.796151803064e-01, 1.970453782654e-06, 3.7718e+01, 1.5418e+00, 
