
##########################
# Experiment information #
##########################

EXPERIMENT_NAME: antsRegistration-r7-p21
VFC_BACKENDS: libinterflop_vprec.so --range-binary32=7 --precision-binary32=21 --range-binary64=7 --precision-binary64=21

SIF_IMG: /home/mdugre/projects/rrg-glatard/mdugre/containers/ants-vprec-no_metrics.simg

SUBJECT_ID: s035
INPUT_IMG: /home/mdugre/scratch/mri-registration-rp/datasets/ds004513/derivatives/mri-registration-rp/antsBrainExtraction/sub-s035/BrainExtractionBrain.nii.gz
OUTPUT_DIR: /home/mdugre/scratch/mri-registration-rp/datasets/ds004513/derivatives/mri-registration-rp/0001/antsRegistration-r7-p21/sub-s035

FIXED_IMG: /templateflow/tpl-MNI152NLin2009cAsym/tpl-MNI152NLin2009cAsym_res-01_desc-brain_T1w.nii.gz
DATA_DIR: /home/mdugre/scratch/mri-registration-rp/datasets/ds004513
TEMPLATEFLOW_DIR: /home/mdugre/projects/rrg-glatard/mdugre/templateflow
ITK_GLOBAL_DEFAULT_NUMBER_OF_THREADS: 16
##########################

Info [verificarlo]: loaded backend libinterflop_ieee.so
Info [interflop-ieee]: load backend with:
Info [interflop-ieee]: debug = false
Info [interflop-ieee]: debug-binary = false
Info [interflop-ieee]: no-backend-name = false
Info [interflop-ieee]: print-new-line = false
Info [interflop-ieee]: print-subnormal-normalized = false
Info [interflop-ieee]: count-op = false
All_Command_lines_OK
Using double precision for computations.
=============================================================================
The composite transform comprises the following transforms (in order): 
  1. Center of mass alignment using fixed image: /templateflow/tpl-MNI152NLin2009cAsym/tpl-MNI152NLin2009cAsym_res-01_desc-brain_T1w.nii.gz and moving image: /home/mdugre/scratch/mri-registration-rp/datasets/ds004513/derivatives/mri-registration-rp/antsBrainExtraction/sub-s035/BrainExtractionBrain.nii.gz (type = Euler3DTransform)
=============================================================================
  number of levels = 1
  fixed image: /templateflow/tpl-MNI152NLin2009cAsym/tpl-MNI152NLin2009cAsym_res-01_desc-brain_T1w.nii.gz
  moving image: /home/mdugre/scratch/mri-registration-rp/datasets/ds004513/derivatives/mri-registration-rp/antsBrainExtraction/sub-s035/BrainExtractionBrain.nii.gz
Dimension = 3
Number of stages = 1
Use histogram matching = false
Winsorize image intensities = true
  Lower quantile = 0.005
  Upper quantile = 0.995


Stage 1 State
   Image metric = MattesMI
     Fixed image = Image (0x4c74e70)
  RTTI typeinfo:   itk::Image<double, 3u>
  Reference Count: 2
  Modified Time: 2330
  Debug: Off
  Object Name: 
  Observers: 
    none
  Source: (none)
  Source output name: (none)
  Release Data: Off
  Data Released: False
  Global Release Data: Off
  PipelineMTime: 0
  UpdateMTime: 1941
  RealTimeStamp: 0 seconds 
  LargestPossibleRegion: 
    Dimension: 3
    Index: [0, 0, 0]
    Size: [193, 229, 193]
  BufferedRegion: 
    Dimension: 3
    Index: [0, 0, 0]
    Size: [193, 229, 193]
  RequestedRegion: 
    Dimension: 3
    Index: [0, 0, 0]
    Size: [193, 229, 193]
  Spacing: [1, 1, 1]
  Origin: [96, 132, -78]
  Direction: 
-1 0 0
0 -1 0
0 0 1

  IndexToPointMatrix: 
-1 0 0
0 -1 0
0 0 1

  PointToIndexMatrix: 
-1 0 0
0 -1 0
0 0 1

  Inverse Direction: 
-1 0 0
0 -1 0
0 0 1

  PixelContainer: 
    ImportImageContainer (0x4c7dc60)
      RTTI typeinfo:   itk::ImportImageContainer<unsigned long, double>
      Reference Count: 1
      Modified Time: 1938
      Debug: Off
      Object Name: 
      Observers: 
        none
      Pointer: 0x146df7251010
      Container manages memory: true
      Size: 8530021
      Capacity: 8530021

     Moving image = Image (0x4d11ec0)
  RTTI typeinfo:   itk::Image<double, 3u>
  Reference Count: 2
  Modified Time: 2331
  Debug: Off
  Object Name: 
  Observers: 
    none
  Source: (none)
  Source output name: (none)
  Release Data: Off
  Data Released: False
  Global Release Data: Off
  PipelineMTime: 0
  UpdateMTime: 2328
  RealTimeStamp: 0 seconds 
  LargestPossibleRegion: 
    Dimension: 3
    Index: [0, 0, 0]
    Size: [160, 240, 256]
  BufferedRegion: 
    Dimension: 3
    Index: [0, 0, 0]
    Size: [160, 240, 256]
  RequestedRegion: 
    Dimension: 3
    Index: [0, 0, 0]
    Size: [160, 240, 256]
  Spacing: [1, 1, 1]
  Origin: [98.6438, 87.6358, -117.989]
  Direction: 
-0.993515 -0.100993 -0.0522355
0.100854 -0.994887 0.00530255
-0.0525039 1.93537e-08 0.998621

  IndexToPointMatrix: 
-0.993515 -0.100993 -0.0522355
0.100854 -0.994887 0.00530255
-0.0525039 1.93537e-08 0.998621

  PointToIndexMatrix: 
-0.993515 0.100854 -0.0525039
-0.100993 -0.994887 1.93006e-08
-0.0522355 0.00530255 0.998621

  Inverse Direction: 
-0.993515 0.100854 -0.0525039
-0.100993 -0.994887 1.93006e-08
-0.0522355 0.00530255 0.998621

  PixelContainer: 
    ImportImageContainer (0x4da9610)
      RTTI typeinfo:   itk::ImportImageContainer<unsigned long, double>
      Reference Count: 1
      Modified Time: 2325
      Debug: Off
      Object Name: 
      Observers: 
        none
      Pointer: 0x146df2750010
      Container manages memory: true
      Size: 9830400
      Capacity: 9830400

     Weighting = 1
     Sampling strategy = regular
     Number of bins = 32
     Radius = 4
     Sampling percentage  = 0.25
   Transform = Rigid
     Gradient step = 0.1
     Update field sigma (voxel space) = 0
     Total field sigma (voxel space) = 0
     Update field time sigma = 0
     Total field time sigma  = 0
     Number of time indices = 0
     Number of time point samples = 0
Registration using 1 total stages.

Stage 0
  iterations = 0
  convergence threshold = 1e-06
  convergence window size = 10
  number of levels = 1
  using the Mattes MI metric (number of bins = 32, weight = 1, use gradient filter = 0)
  preprocessing:  winsorizing the image intensities
  Shrink factors (level 1 out of 1): [1, 1, 1]
  smoothing sigmas per level: [0]
  regular sampling (percentage = 0.25)

*** Running Euler3DTransform registration ***

  Elapsed time (stage 0): 1.11657


Total elapsed time: 1.11886
Info [verificarlo]: loaded backend libinterflop_ieee.so
Info [interflop-ieee]: load backend with:
Info [interflop-ieee]: debug = false
Info [interflop-ieee]: debug-binary = false
Info [interflop-ieee]: no-backend-name = false
Info [interflop-ieee]: print-new-line = false
Info [interflop-ieee]: print-subnormal-normalized = false
Info [interflop-ieee]: count-op = false
All_Command_lines_OK
Using double precision for computations.
=============================================================================
The composite transform comprises the following transforms (in order): 
  1. /home/mdugre/scratch/mri-registration-rp/datasets/ds004513/derivatives/mri-registration-rp/0001/antsRegistration-r7-p21/sub-s035/align_Composite.h5[0] (type = Euler3DTransform)
  2. /home/mdugre/scratch/mri-registration-rp/datasets/ds004513/derivatives/mri-registration-rp/0001/antsRegistration-r7-p21/sub-s035/align_Composite.h5[1] (type = Euler3DTransform)
=============================================================================
  number of levels = 4
  fixed image: /templateflow/tpl-MNI152NLin2009cAsym/tpl-MNI152NLin2009cAsym_res-01_desc-brain_T1w.nii.gz
  moving image: /home/mdugre/scratch/mri-registration-rp/datasets/ds004513/derivatives/mri-registration-rp/antsBrainExtraction/sub-s035/BrainExtractionBrain.nii.gz
Dimension = 3
Number of stages = 1
Use histogram matching = false
Winsorize image intensities = true
  Lower quantile = 0.005
  Upper quantile = 0.995


Stage 1 State
   Image metric = MattesMI
     Fixed image = Image (0x40c2530)
  RTTI typeinfo:   itk::Image<double, 3u>
  Reference Count: 2
  Modified Time: 1578
  Debug: Off
  Object Name: 
  Observers: 
    none
  Source: (none)
  Source output name: (none)
  Release Data: Off
  Data Released: False
  Global Release Data: Off
  PipelineMTime: 0
  UpdateMTime: 1189
  RealTimeStamp: 0 seconds 
  LargestPossibleRegion: 
    Dimension: 3
    Index: [0, 0, 0]
    Size: [193, 229, 193]
  BufferedRegion: 
    Dimension: 3
    Index: [0, 0, 0]
    Size: [193, 229, 193]
  RequestedRegion: 
    Dimension: 3
    Index: [0, 0, 0]
    Size: [193, 229, 193]
  Spacing: [1, 1, 1]
  Origin: [96, 132, -78]
  Direction: 
-1 0 0
0 -1 0
0 0 1

  IndexToPointMatrix: 
-1 0 0
0 -1 0
0 0 1

  PointToIndexMatrix: 
-1 0 0
0 -1 0
0 0 1

  Inverse Direction: 
-1 0 0
0 -1 0
0 0 1

  PixelContainer: 
    ImportImageContainer (0x4180d60)
      RTTI typeinfo:   itk::ImportImageContainer<unsigned long, double>
      Reference Count: 1
      Modified Time: 1186
      Debug: Off
      Object Name: 
      Observers: 
        none
      Pointer: 0x14aa8fe5c010
      Container manages memory: true
      Size: 8530021
      Capacity: 8530021

     Moving image = Image (0x4172f60)
  RTTI typeinfo:   itk::Image<double, 3u>
  Reference Count: 2
  Modified Time: 1579
  Debug: Off
  Object Name: 
  Observers: 
    none
  Source: (none)
  Source output name: (none)
  Release Data: Off
  Data Released: False
  Global Release Data: Off
  PipelineMTime: 0
  UpdateMTime: 1576
  RealTimeStamp: 0 seconds 
  LargestPossibleRegion: 
    Dimension: 3
    Index: [0, 0, 0]
    Size: [160, 240, 256]
  BufferedRegion: 
    Dimension: 3
    Index: [0, 0, 0]
    Size: [160, 240, 256]
  RequestedRegion: 
    Dimension: 3
    Index: [0, 0, 0]
    Size: [160, 240, 256]
  Spacing: [1, 1, 1]
  Origin: [98.6438, 87.6358, -117.989]
  Direction: 
-0.993515 -0.100993 -0.0522355
0.100854 -0.994887 0.00530255
-0.0525039 1.93537e-08 0.998621

  IndexToPointMatrix: 
-0.993515 -0.100993 -0.0522355
0.100854 -0.994887 0.00530255
-0.0525039 1.93537e-08 0.998621

  PointToIndexMatrix: 
-0.993515 0.100854 -0.0525039
-0.100993 -0.994887 1.93006e-08
-0.0522355 0.00530255 0.998621

  Inverse Direction: 
-0.993515 0.100854 -0.0525039
-0.100993 -0.994887 1.93006e-08
-0.0522355 0.00530255 0.998621

  PixelContainer: 
    ImportImageContainer (0x41646d0)
      RTTI typeinfo:   itk::ImportImageContainer<unsigned long, double>
      Reference Count: 1
      Modified Time: 1573
      Debug: Off
      Object Name: 
      Observers: 
        none
      Pointer: 0x14aa8b35b010
      Container manages memory: true
      Size: 9830400
      Capacity: 9830400

     Weighting = 1
     Sampling strategy = regular
     Number of bins = 32
     Radius = 4
     Sampling percentage  = 0.25
   Transform = Rigid
     Gradient step = 0.1
     Update field sigma (voxel space) = 0
     Total field sigma (voxel space) = 0
     Update field time sigma = 0
     Total field time sigma  = 0
     Number of time indices = 0
     Number of time point samples = 0
Registration using 1 total stages.

Stage 0
  iterations = 1000x500x250x100
  convergence threshold = 1e-06
  convergence window size = 10
  number of levels = 4
  using the Mattes MI metric (number of bins = 32, weight = 1, use gradient filter = 0)
  preprocessing:  winsorizing the image intensities
  Shrink factors (level 1 out of 4): [8, 8, 8]
  Shrink factors (level 2 out of 4): [4, 4, 4]
  Shrink factors (level 3 out of 4): [2, 2, 2]
  Shrink factors (level 4 out of 4): [1, 1, 1]
  smoothing sigmas per level: [3, 2, 1, 0]
  regular sampling (percentage = 0.25)

*** Running Euler3DTransform registration ***

DIAGNOSTIC,Iteration,metricValue,convergenceValue,ITERATION_TIME_INDEX,SINCE_LAST
 2DIAGNOSTIC,     1, -5.238630234552e-01, 1.797693134862e+308, 8.7287e-01, 8.7287e-01, 
 2DIAGNOSTIC,     2, -5.257885820767e-01, 1.797693134862e+308, 8.7745e-01, 4.5788e-03, 
 2DIAGNOSTIC,     3, -5.278597554839e-01, 1.797693134862e+308, 8.8221e-01, 4.7569e-03, 
 2DIAGNOSTIC,     4, -5.302176117225e-01, 1.797693134862e+308, 8.8642e-01, 4.2140e-03, 
 2DIAGNOSTIC,     5, -5.343462816845e-01, 1.797693134862e+308, 8.9065e-01, 4.2272e-03, 
 2DIAGNOSTIC,     6, -5.399239396740e-01, 1.797693134862e+308, 8.9495e-01, 4.2951e-03, 
 2DIAGNOSTIC,     7, -5.490554822001e-01, 1.797693134862e+308, 8.9927e-01, 4.3280e-03, 
 2DIAGNOSTIC,     8, -5.545204224448e-01, 1.797693134862e+308, 9.0477e-01, 5.4939e-03, 
 2DIAGNOSTIC,     9, -5.601437715553e-01, 1.797693134862e+308, 9.0903e-01, 4.2620e-03, 
 2DIAGNOSTIC,    10, -5.617741193774e-01, 5.067640484485e-03, 9.1356e-01, 4.5300e-03, 
 2DIAGNOSTIC,    11, -5.649562249041e-01, 4.796539612083e-03, 9.1907e-01, 5.5070e-03, 
 2DIAGNOSTIC,    12, -5.658710903081e-01, 4.260783098155e-03, 9.2392e-01, 4.8490e-03, 
 2DIAGNOSTIC,    13, -5.662828333056e-01, 3.524744036645e-03, 9.2830e-01, 4.3871e-03, 
 2DIAGNOSTIC,    14, -5.685908474577e-01, 2.751340472953e-03, 9.3335e-01, 5.0468e-03, 
 2DIAGNOSTIC,    15, -5.732745043306e-01, 2.134644679428e-03, 9.4000e-01, 6.6550e-03, 
 2DIAGNOSTIC,    16, -5.738084427846e-01, 1.591333148337e-03, 9.4570e-01, 5.6908e-03, 
 2DIAGNOSTIC,    17, -5.739093703465e-01, 1.247363567741e-03, 9.5011e-01, 4.4141e-03, 
 2DIAGNOSTIC,    18, -5.745773598458e-01, 1.002163966317e-03, 9.5477e-01, 4.6611e-03, 
 2DIAGNOSTIC,    19, -5.752045522722e-01, 8.579763081916e-04, 9.5943e-01, 4.6642e-03, 
 2DIAGNOSTIC,    20, -5.755578777726e-01, 6.955845773847e-04, 9.6380e-01, 4.3690e-03, 
 2DIAGNOSTIC,    21, -5.761681227724e-01, 5.767135182663e-04, 9.6841e-01, 4.6082e-03, 
 2DIAGNOSTIC,    22, -5.775610178280e-01, 4.707067062484e-04, 9.7287e-01, 4.4529e-03, 
 2DIAGNOSTIC,    23, -5.801876522128e-01, 3.965856196666e-04, 9.7740e-01, 4.5359e-03, 
 2DIAGNOSTIC,    24, -5.873578871724e-01, 4.881452203028e-04, 9.8384e-01, 6.4409e-03, 
 2DIAGNOSTIC,    25, -5.924052233416e-01, 7.199711433122e-04, 9.8988e-01, 6.0430e-03, 
 2DIAGNOSTIC,    26, -5.933789722455e-01, 8.944842697311e-04, 9.9570e-01, 5.8150e-03, 
 2DIAGNOSTIC,    27, -5.948140362524e-01, 1.002036484169e-03, 1.0005e+00, 4.8280e-03, 
 2DIAGNOSTIC,    28, -5.954370004485e-01, 1.029952320602e-03, 1.0048e+00, 4.2710e-03, 
 2DIAGNOSTIC,    29, -5.955619965561e-01, 9.699000560502e-04, 1.0090e+00, 4.2500e-03, 
 2DIAGNOSTIC,    30, -5.960977142380e-01, 8.366692957956e-04, 1.0134e+00, 4.3180e-03, 
 2DIAGNOSTIC,    31, -5.971105016090e-01, 6.606986233930e-04, 1.0182e+00, 4.8618e-03, 
 2DIAGNOSTIC,    32, -5.989728413269e-01, 4.853112631926e-04, 1.0246e+00, 6.4070e-03, 
 2DIAGNOSTIC,    33, -5.996340170885e-01, 3.222359243932e-04, 1.0289e+00, 4.2989e-03, 
 2DIAGNOSTIC,    34, -5.997688324564e-01, 2.443793008469e-04, 1.0332e+00, 4.2639e-03, 
 2DIAGNOSTIC,    35, -5.999328162544e-01, 2.224308780780e-04, 1.0385e+00, 5.3031e-03, 
 2DIAGNOSTIC,    36, -6.001598298345e-01, 1.965988099073e-04, 1.0428e+00, 4.2841e-03, 
 2DIAGNOSTIC,    37, -6.004938012804e-01, 1.767006111009e-04, 1.0476e+00, 4.7851e-03, 
 2DIAGNOSTIC,    38, -6.008280009946e-01, 1.536048155307e-04, 1.0521e+00, 4.4811e-03, 
 2DIAGNOSTIC,    39, -6.038559363847e-01, 1.574331424628e-04, 1.0571e+00, 5.0540e-03, 
 2DIAGNOSTIC,    40, -6.077047306435e-01, 1.993081288222e-04, 1.0617e+00, 4.5528e-03, 
 2DIAGNOSTIC,    41, -6.174632672813e-01, 3.481386812652e-04, 1.0676e+00, 5.9700e-03, 
 2DIAGNOSTIC,    42, -6.161977689098e-01, 4.608904700027e-04, 1.0766e+00, 8.9920e-03, 
 2DIAGNOSTIC,    43, -6.161564313379e-01, 5.335366425133e-04, 1.0809e+00, 4.3061e-03, 
 2DIAGNOSTIC,    44, -6.170772030158e-01, 5.644814766053e-04, 1.0854e+00, 4.4541e-03, 
 2DIAGNOSTIC,    45, -6.185357122214e-01, 5.560469285674e-04, 1.0896e+00, 4.2651e-03, 
 2DIAGNOSTIC,    46, -6.206472507790e-01, 5.180553200504e-04, 1.0939e+00, 4.2470e-03, 
 2DIAGNOSTIC,    47, -6.234100372223e-01, 4.649601192003e-04, 1.0981e+00, 4.2460e-03, 
 2DIAGNOSTIC,    48, -6.282459743707e-01, 4.232183121222e-04, 1.1025e+00, 4.3311e-03, 
 2DIAGNOSTIC,    49, -6.332857005472e-01, 4.219356435351e-04, 1.1068e+00, 4.3352e-03, 
 2DIAGNOSTIC,    50, -6.437673438930e-01, 5.158706768726e-04, 1.1112e+00, 4.3850e-03, 
 2DIAGNOSTIC,    51, -6.567709944800e-01, 7.709778840735e-04, 1.1158e+00, 4.6048e-03, 
 2DIAGNOSTIC,    52, -6.630139256630e-01, 9.856121401957e-04, 1.1211e+00, 5.2800e-03, 
 2DIAGNOSTIC,    53, -6.637658026458e-01, 1.103855288963e-03, 1.1260e+00, 4.9570e-03, 
 2DIAGNOSTIC,    54, -6.646848116355e-01, 1.129224859108e-03, 1.1307e+00, 4.7069e-03, 
 2DIAGNOSTIC,    55, -6.699955169806e-01, 1.103370683572e-03, 1.1387e+00, 7.9401e-03, 
 2DIAGNOSTIC,    56, -6.720090167310e-01, 1.005090282165e-03, 1.1452e+00, 6.5541e-03, 
 2DIAGNOSTIC,    57, -6.720481943326e-01, 8.375243252015e-04, 1.1496e+00, 4.3342e-03, 
 2DIAGNOSTIC,    58, -6.725919760736e-01, 6.425669231582e-04, 1.1541e+00, 4.5090e-03, 
 2DIAGNOSTIC,    59, -6.729036478211e-01, 4.360798248666e-04, 1.1586e+00, 4.5280e-03, 
 2DIAGNOSTIC,    60, -6.731488769837e-01, 2.773045165553e-04, 1.1631e+00, 4.5168e-03, 
 2DIAGNOSTIC,    61, -6.734259110296e-01, 1.993310295861e-04, 1.1674e+00, 4.2870e-03, 
 2DIAGNOSTIC,    62, -6.739132165474e-01, 1.568958783134e-04, 1.1718e+00, 4.3559e-03, 
 2DIAGNOSTIC,    63, -6.762843281936e-01, 1.247260140031e-04, 1.1777e+00, 5.9319e-03, 
 2DIAGNOSTIC,    64, -6.766381592166e-01, 8.969313626856e-05, 1.1820e+00, 4.3309e-03, 
 2DIAGNOSTIC,    65, -6.771215230782e-01, 8.898248572863e-05, 1.1865e+00, 4.5159e-03, 
 2DIAGNOSTIC,    66, -6.778537266480e-01, 9.953389015989e-05, 1.1918e+00, 5.2168e-03, 
 2DIAGNOSTIC,    67, -6.792268309523e-01, 1.098306415802e-04, 1.1978e+00, 6.0198e-03, 
 2DIAGNOSTIC,    68, -6.807680879066e-01, 1.231389643810e-04, 1.2021e+00, 4.3559e-03, 
 2DIAGNOSTIC,    69, -6.815199657838e-01, 1.312164522483e-04, 1.2067e+00, 4.5919e-03, 
 2DIAGNOSTIC,    70, -6.818104857756e-01, 1.303111087003e-04, 1.2127e+00, 5.9350e-03, 
 2DIAGNOSTIC,    71, -6.820510313848e-01, 1.205024488837e-04, 1.2172e+00, 4.4918e-03, 
 2DIAGNOSTIC,    72, -6.822317036794e-01, 1.032402879768e-04, 1.2271e+00, 9.9411e-03, 
 2DIAGNOSTIC,    73, -6.825798777987e-01, 9.372204425831e-05, 1.2347e+00, 7.5798e-03, 
 2DIAGNOSTIC,    74, -6.826263877446e-01, 7.797263941514e-05, 1.2394e+00, 4.7181e-03, 
 2DIAGNOSTIC,    75, -6.826914497289e-01, 5.871082537224e-05, 1.2441e+00, 4.6690e-03, 
 2DIAGNOSTIC,    76, -6.828123230066e-01, 3.951639236132e-05, 1.2487e+00, 4.6370e-03, 
 2DIAGNOSTIC,    77, -6.832344899213e-01, 2.762794892665e-05, 1.2534e+00, 4.6949e-03, 
 2DIAGNOSTIC,    78, -6.838171754630e-01, 2.580769580690e-05, 1.2603e+00, 6.9189e-03, 
 2DIAGNOSTIC,    79, -6.837376333634e-01, 2.542006646284e-05, 1.2646e+00, 4.2889e-03, 
 2DIAGNOSTIC,    80, -6.837940951508e-01, 2.471284476036e-05, 1.2689e+00, 4.3480e-03, 
 2DIAGNOSTIC,    81, -6.839726467283e-01, 2.407029827944e-05, 1.2732e+00, 4.2372e-03, 
 2DIAGNOSTIC,    82, -6.841107724549e-01, 2.281049527662e-05, 1.2775e+00, 4.2708e-03, 
 2DIAGNOSTIC,    83, -6.851045786211e-01, 2.675730653080e-05, 1.2837e+00, 6.2048e-03, 
 2DIAGNOSTIC,    84, -6.858177575922e-01, 3.208761284081e-05, 1.2890e+00, 5.3790e-03, 
 2DIAGNOSTIC,    85, -6.861555407155e-01, 3.640290964736e-05, 1.2958e+00, 6.7759e-03, 
 2DIAGNOSTIC,    86, -6.861558360036e-01, 3.780074306130e-05, 1.3003e+00, 4.4940e-03, 
 2DIAGNOSTIC,    87, -6.861668524905e-01, 3.777659965684e-05, 1.3048e+00, 4.4389e-03, 
 2DIAGNOSTIC,    88, -6.861799017938e-01, 3.717390652964e-05, 1.3094e+00, 4.6759e-03, 
 2DIAGNOSTIC,    89, -6.861875940483e-01, 3.259254056727e-05, 1.3147e+00, 5.2509e-03, 
 2DIAGNOSTIC,    90, -6.861914140673e-01, 2.533768079555e-05, 1.3194e+00, 4.7219e-03, 
 2DIAGNOSTIC,    91, -6.861984042561e-01, 1.686209381220e-05, 1.3239e+00, 4.5171e-03, 
 2DIAGNOSTIC,    92, -6.862113042212e-01, 7.665927975959e-06, 1.3284e+00, 4.4611e-03, 
 2DIAGNOSTIC,    93, -6.862267038386e-01, 2.805791943210e-06, 1.3328e+00, 4.4160e-03, 
 2DIAGNOSTIC,    94, -6.862421154187e-01, 1.277152903115e-06, 1.3380e+00, 5.1799e-03, 
 2DIAGNOSTIC,    95, -6.863402640799e-01, 1.767452243806e-06, 1.3438e+00, 5.8079e-03, 
 2DIAGNOSTIC,    96, -6.863402347786e-01, 2.100106300930e-06, 1.3485e+00, 4.6780e-03, 
 2DIAGNOSTIC,    97, -6.863404800018e-01, 2.313611122060e-06, 1.3532e+00, 4.7200e-03, 
 2DIAGNOSTIC,    98, -6.863412454135e-01, 2.401885128879e-06, 1.3584e+00, 5.1751e-03, 
 2DIAGNOSTIC,    99, -6.863464854104e-01, 2.346353903128e-06, 1.3653e+00, 6.8970e-03, 
 2DIAGNOSTIC,   100, -6.863467882225e-01, 2.109906576123e-06, 1.3711e+00, 5.8439e-03, 
 2DIAGNOSTIC,   101, -6.863467942000e-01, 1.737813106965e-06, 1.3859e+00, 1.4831e-02, 
 2DIAGNOSTIC,   102, -6.863467941998e-01, 1.301485043338e-06, 1.3956e+00, 9.6760e-03, 
DIAGNOSTIC,Iteration,metricValue,convergenceValue,ITERATION_TIME_INDEX,SINCE_LAST
 2DIAGNOSTIC,     1, -5.582110350460e-01, 1.797693134862e+308, 2.1649e+00, 7.6928e-01, 
 2DIAGNOSTIC,     2, -5.585589497210e-01, 1.797693134862e+308, 2.1948e+00, 2.9956e-02, 
 2DIAGNOSTIC,     3, -5.591022753083e-01, 1.797693134862e+308, 2.2247e+00, 2.9872e-02, 
 2DIAGNOSTIC,     4, -5.597973589519e-01, 1.797693134862e+308, 2.2541e+00, 2.9362e-02, 
 2DIAGNOSTIC,     5, -5.608406897703e-01, 1.797693134862e+308, 2.2903e+00, 3.6189e-02, 
 2DIAGNOSTIC,     6, -5.612108784703e-01, 1.797693134862e+308, 2.3200e+00, 2.9775e-02, 
 2DIAGNOSTIC,     7, -5.624347659052e-01, 1.797693134862e+308, 2.3569e+00, 3.6903e-02, 
 2DIAGNOSTIC,     8, -5.635096960986e-01, 1.797693134862e+308, 2.3861e+00, 2.9127e-02, 
 2DIAGNOSTIC,     9, -5.652796914273e-01, 1.797693134862e+308, 2.4197e+00, 3.3674e-02, 
 2DIAGNOSTIC,    10, -5.660136276227e-01, 9.173493252016e-04, 2.4608e+00, 4.1037e-02, 
 2DIAGNOSTIC,    11, -5.659876673359e-01, 8.657001061286e-04, 2.4893e+00, 2.8477e-02, 
 2DIAGNOSTIC,    12, -5.661827285520e-01, 7.691856555588e-04, 2.5283e+00, 3.9020e-02, 
 2DIAGNOSTIC,    13, -5.662008746009e-01, 6.393032028057e-04, 2.5661e+00, 3.7864e-02, 
 2DIAGNOSTIC,    14, -5.662098447596e-01, 4.941947317601e-04, 2.6014e+00, 3.5225e-02, 
 2DIAGNOSTIC,    15, -5.661963188183e-01, 3.585049142754e-04, 2.6308e+00, 2.9452e-02, 
 2DIAGNOSTIC,    16, -5.661940496264e-01, 2.189405506593e-04, 2.6676e+00, 3.6736e-02, 
 2DIAGNOSTIC,    17, -5.662067933010e-01, 1.125832132181e-04, 2.7023e+00, 3.4746e-02, 
 2DIAGNOSTIC,    18, -5.662030749151e-01, 3.665291015165e-05, 2.7340e+00, 3.1730e-02, 
 2DIAGNOSTIC,    19, -5.662014709572e-01, 1.196367761482e-05, 2.7685e+00, 3.4448e-02, 
 2DIAGNOSTIC,    20, -5.661889174033e-01, 7.075562585973e-06, 2.7987e+00, 3.0198e-02, 
 2DIAGNOSTIC,    21, -5.661974840451e-01, 1.609338144692e-06, 2.8305e+00, 3.1874e-02, 
DIAGNOSTIC,Iteration,metricValue,convergenceValue,ITERATION_TIME_INDEX,SINCE_LAST
 2DIAGNOSTIC,     1, -5.037837575742e-01, 1.797693134862e+308, 3.9631e+00, 1.1325e+00, 
 2DIAGNOSTIC,     2, -5.039492132783e-01, 1.797693134862e+308, 4.1866e+00, 2.2351e-01, 
 2DIAGNOSTIC,     3, -5.040909279436e-01, 1.797693134862e+308, 4.4004e+00, 2.1382e-01, 
 2DIAGNOSTIC,     4, -5.042022900647e-01, 1.797693134862e+308, 4.6230e+00, 2.2259e-01, 
 2DIAGNOSTIC,     5, -5.042922828670e-01, 1.797693134862e+308, 4.9027e+00, 2.7972e-01, 
 2DIAGNOSTIC,     6, -5.043337221000e-01, 1.797693134862e+308, 5.3121e+00, 4.0938e-01, 
 2DIAGNOSTIC,     7, -5.043356772375e-01, 1.797693134862e+308, 5.5718e+00, 2.5970e-01, 
 2DIAGNOSTIC,     8, -5.043352676712e-01, 1.797693134862e+308, 5.7916e+00, 2.1975e-01, 
 2DIAGNOSTIC,     9, -5.043363380997e-01, 1.797693134862e+308, 6.0347e+00, 2.4317e-01, 
 2DIAGNOSTIC,    10, -5.043359450637e-01, 6.693708770594e-05, 6.2596e+00, 2.2490e-01, 
 2DIAGNOSTIC,    11, -5.043362004859e-01, 3.955870986409e-05, 6.5067e+00, 2.4712e-01, 
 2DIAGNOSTIC,    12, -5.043402596253e-01, 2.135181230771e-05, 6.7010e+00, 1.9424e-01, 
 2DIAGNOSTIC,    13, -5.043423051688e-01, 1.042374766035e-05, 6.9788e+00, 2.7780e-01, 
 2DIAGNOSTIC,    14, -5.043434874913e-01, 4.780402081572e-06, 7.2124e+00, 2.3363e-01, 
 2DIAGNOSTIC,    15, -5.043493680509e-01, 3.221366972769e-06, 7.4659e+00, 2.5354e-01, 
 2DIAGNOSTIC,    16, -5.043581911099e-01, 3.520484699218e-06, 7.6853e+00, 2.1934e-01, 
 2DIAGNOSTIC,    17, -5.043729217840e-01, 4.189214315560e-06, 7.9145e+00, 2.2918e-01, 
 2DIAGNOSTIC,    18, -5.043858985212e-01, 4.953455301132e-06, 8.1374e+00, 2.2298e-01, 
 2DIAGNOSTIC,    19, -5.043984551411e-01, 5.745643479535e-06, 8.3573e+00, 2.1989e-01, 
 2DIAGNOSTIC,    20, -5.043998444705e-01, 6.107677021555e-06, 8.5850e+00, 2.2762e-01, 
 2DIAGNOSTIC,    21, -5.044109114550e-01, 6.318946025478e-06, 8.8384e+00, 2.5345e-01, 
 2DIAGNOSTIC,    22, -5.044075939763e-01, 6.071900794137e-06, 9.0736e+00, 2.3517e-01, 
 2DIAGNOSTIC,    23, -5.044062704511e-01, 5.433950803019e-06, 9.3261e+00, 2.5250e-01, 
 2DIAGNOSTIC,    24, -5.044054442146e-01, 4.479962560713e-06, 9.5382e+00, 2.1216e-01, 
 2DIAGNOSTIC,    25, -5.044029563751e-01, 3.382092986670e-06, 9.7943e+00, 2.5607e-01, 
 2DIAGNOSTIC,    26, -5.044035258929e-01, 2.369524905114e-06, 1.0063e+01, 2.6866e-01, 
 2DIAGNOSTIC,    27, -5.044019127299e-01, 1.592866180837e-06, 1.0334e+01, 2.7139e-01, 
 2DIAGNOSTIC,    28, -5.044011703414e-01, 1.076572028767e-06, 1.0571e+01, 2.3624e-01, 
DIAGNOSTIC,Iteration,metricValue,convergenceValue,ITERATION_TIME_INDEX,SINCE_LAST
 2DIAGNOSTIC,     1, -4.670775854674e-01, 1.797693134862e+308, 1.3155e+01, 2.5841e+00, 
 2DIAGNOSTIC,     2, -4.672200059028e-01, 1.797693134862e+308, 1.5095e+01, 1.9402e+00, 
 2DIAGNOSTIC,     3, -4.672214062293e-01, 1.797693134862e+308, 1.6998e+01, 1.9027e+00, 
 2DIAGNOSTIC,     4, -4.672209515364e-01, 1.797693134862e+308, 1.9463e+01, 2.4649e+00, 
 2DIAGNOSTIC,     5, -4.672211079824e-01, 1.797693134862e+308, 2.0903e+01, 1.4408e+00, 
 2DIAGNOSTIC,     6, -4.672212111717e-01, 1.797693134862e+308, 2.5199e+01, 4.2951e+00, 
 2DIAGNOSTIC,     7, -4.672212111648e-01, 1.797693134862e+308, 2.9778e+01, 4.5796e+00, 
 2DIAGNOSTIC,     8, -4.672212111648e-01, 1.797693134862e+308, 3.2019e+01, 2.2410e+00, 
 2DIAGNOSTIC,     9, -4.672212111648e-01, 1.797693134862e+308, 3.3668e+01, 1.6489e+00, 
 2DIAGNOSTIC,    10, -4.672212111648e-01, 1.198222748813e-05, 3.5219e+01, 1.5510e+00, 
 2DIAGNOSTIC,    11, -4.672212111648e-01, 2.961869164569e-06, 3.6730e+01, 1.5107e+00, 
 2DIAGNOSTIC,    12, -4.672212111648e-01, 2.656176874893e-06, 3.8287e+01, 1.5578e+00, 
 2DIAGNOSTIC,    13, -4.672212111648e-01, 2.463341730638e-06, 3.9843e+01, 1.5557e+00, 
 2DIAGNOSTIC,    14, -4.672212111648e-01, 2.276670828597e-06, 4.1404e+01, 1.5604e+00, 
 2DIAGNOSTIC,    15, -4.672212111648e-01, 2.120705124758e-06, 4.2959e+01, 1.5554e+00, 
 2DIAGNOSTIC,    16, -4.672212111648e-01, 1.988158745705e-06, 4.4509e+01, 1.5496e+00, 
 2DIAGNOSTIC,    17, -4.672212111648e-01, 1.871206096286e-06, 4.5984e+01, 1.4754e+00, 
 2DIAGNOSTIC,    18, -4.672212111648e-01, 1.767248409654e-06, 4.7700e+01, 1.7162e+00, 
 2DIAGNOSTIC,    19, -4.672212111648e-01, 1.674233816154e-06, 4.9608e+01, 1.9079e+00, 
 2DIAGNOSTIC,    20, -4.672212111648e-01, 1.590520826378e-06, 5.1513e+01, 1.9049e+00, 
 2DIAGNOSTIC,    21, -4.672212111648e-01, 1.514780620111e-06, 5.2960e+01, 1.4468e+00, 
 2DIAGNOSTIC,    22, -4.672212111648e-01, 1.445925984250e-06, 5.4511e+01, 1.5510e+00, 
 2DIAGNOSTIC,    23, -4.672212111648e-01, 1.383058788842e-06, 5.6410e+01, 1.8989e+00, 
 2DIAGNOSTIC,    24, -4.672212111648e-01, 1.325430594154e-06, 5.8155e+01, 1.7455e+00, 
 2DIAGNOSTIC,    25, -4.672212111648e-01, 1.272412712222e-06, 5.9840e+01, 1.6851e+00, 
 2DIAGNOSTIC,    26, -4.672212111648e-01, 1.223473177610e-06, 6.1377e+01, 1.5369e+00, 
 2DIAGNOSTIC,    27, -4.672212111648e-01, 1.178158835373e-06, 6.2952e+01, 1.5747e+00, 
 2DIAGNOSTIC,    28, -4.672212111648e-01, 1.136081267734e-06, 6.4445e+01, 1.4936e+00, 
 2DIAGNOSTIC,    29, -4.672212111648e-01, 1.096905632367e-06, 6.6064e+01, 1.6183e+00, 
 2DIAGNOSTIC,    30, -4.672212111648e-01, 1.060341733056e-06, 6.7554e+01, 1.4908e+00, 
 2DIAGNOSTIC,    31, -4.672212111648e-01, 1.026136818599e-06, 6.9090e+01, 1.5358e+00, 
  Elapsed time (stage 0): 7.0053e+01


Total elapsed time: 7.0055e+01
Info [verificarlo]: loaded backend libinterflop_ieee.so
Info [interflop-ieee]: load backend with:
Info [interflop-ieee]: debug = false
Info [interflop-ieee]: debug-binary = false
Info [interflop-ieee]: no-backend-name = false
Info [interflop-ieee]: print-new-line = false
Info [interflop-ieee]: print-subnormal-normalized = false
Info [interflop-ieee]: count-op = false
All_Command_lines_OK
Using double precision for computations.
=============================================================================
The composite transform comprises the following transforms (in order): 
  1. /home/mdugre/scratch/mri-registration-rp/datasets/ds004513/derivatives/mri-registration-rp/0001/antsRegistration-r7-p21/sub-s035/rigid_Composite.h5[0] (type = Euler3DTransform)
  2. /home/mdugre/scratch/mri-registration-rp/datasets/ds004513/derivatives/mri-registration-rp/0001/antsRegistration-r7-p21/sub-s035/rigid_Composite.h5[1] (type = Euler3DTransform)
  3. /home/mdugre/scratch/mri-registration-rp/datasets/ds004513/derivatives/mri-registration-rp/0001/antsRegistration-r7-p21/sub-s035/rigid_Composite.h5[2] (type = Euler3DTransform)
=============================================================================
  number of levels = 4
  fixed image: /templateflow/tpl-MNI152NLin2009cAsym/tpl-MNI152NLin2009cAsym_res-01_desc-brain_T1w.nii.gz
  moving image: /home/mdugre/scratch/mri-registration-rp/datasets/ds004513/derivatives/mri-registration-rp/antsBrainExtraction/sub-s035/BrainExtractionBrain.nii.gz
Dimension = 3
Number of stages = 1
Use histogram matching = false
Winsorize image intensities = true
  Lower quantile = 0.005
  Upper quantile = 0.995


Stage 1 State
   Image metric = MattesMI
     Fixed image = Image (0x3c3b7e0)
  RTTI typeinfo:   itk::Image<double, 3u>
  Reference Count: 2
  Modified Time: 1592
  Debug: Off
  Object Name: 
  Observers: 
    none
  Source: (none)
  Source output name: (none)
  Release Data: Off
  Data Released: False
  Global Release Data: Off
  PipelineMTime: 0
  UpdateMTime: 1203
  RealTimeStamp: 0 seconds 
  LargestPossibleRegion: 
    Dimension: 3
    Index: [0, 0, 0]
    Size: [193, 229, 193]
  BufferedRegion: 
    Dimension: 3
    Index: [0, 0, 0]
    Size: [193, 229, 193]
  RequestedRegion: 
    Dimension: 3
    Index: [0, 0, 0]
    Size: [193, 229, 193]
  Spacing: [1, 1, 1]
  Origin: [96, 132, -78]
  Direction: 
-1 0 0
0 -1 0
0 0 1

  IndexToPointMatrix: 
-1 0 0
0 -1 0
0 0 1

  PointToIndexMatrix: 
-1 0 0
0 -1 0
0 0 1

  Inverse Direction: 
-1 0 0
0 -1 0
0 0 1

  PixelContainer: 
    ImportImageContainer (0x3cfba20)
      RTTI typeinfo:   itk::ImportImageContainer<unsigned long, double>
      Reference Count: 1
      Modified Time: 1200
      Debug: Off
      Object Name: 
      Observers: 
        none
      Pointer: 0x150425a18010
      Container manages memory: true
      Size: 8530021
      Capacity: 8530021

     Moving image = Image (0x3cf6d70)
  RTTI typeinfo:   itk::Image<double, 3u>
  Reference Count: 2
  Modified Time: 1593
  Debug: Off
  Object Name: 
  Observers: 
    none
  Source: (none)
  Source output name: (none)
  Release Data: Off
  Data Released: False
  Global Release Data: Off
  PipelineMTime: 0
  UpdateMTime: 1590
  RealTimeStamp: 0 seconds 
  LargestPossibleRegion: 
    Dimension: 3
    Index: [0, 0, 0]
    Size: [160, 240, 256]
  BufferedRegion: 
    Dimension: 3
    Index: [0, 0, 0]
    Size: [160, 240, 256]
  RequestedRegion: 
    Dimension: 3
    Index: [0, 0, 0]
    Size: [160, 240, 256]
  Spacing: [1, 1, 1]
  Origin: [98.6438, 87.6358, -117.989]
  Direction: 
-0.993515 -0.100993 -0.0522355
0.100854 -0.994887 0.00530255
-0.0525039 1.93537e-08 0.998621

  IndexToPointMatrix: 
-0.993515 -0.100993 -0.0522355
0.100854 -0.994887 0.00530255
-0.0525039 1.93537e-08 0.998621

  PointToIndexMatrix: 
-0.993515 0.100854 -0.0525039
-0.100993 -0.994887 1.93006e-08
-0.0522355 0.00530255 0.998621

  Inverse Direction: 
-0.993515 0.100854 -0.0525039
-0.100993 -0.994887 1.93006e-08
-0.0522355 0.00530255 0.998621

  PixelContainer: 
    ImportImageContainer (0x3caec90)
      RTTI typeinfo:   itk::ImportImageContainer<unsigned long, double>
      Reference Count: 1
      Modified Time: 1587
      Debug: Off
      Object Name: 
      Observers: 
        none
      Pointer: 0x150420f17010
      Container manages memory: true
      Size: 9830400
      Capacity: 9830400

     Weighting = 1
     Sampling strategy = regular
     Number of bins = 32
     Radius = 4
     Sampling percentage  = 0.25
   Transform = Affine
     Gradient step = 0.1
     Update field sigma (voxel space) = 0
     Total field sigma (voxel space) = 0
     Update field time sigma = 0
     Total field time sigma  = 0
     Number of time indices = 0
     Number of time point samples = 0
Registration using 1 total stages.

Stage 0
  iterations = 1000x500x250x100
  convergence threshold = 1e-06
  convergence window size = 10
  number of levels = 4
  using the Mattes MI metric (number of bins = 32, weight = 1, use gradient filter = 0)
  preprocessing:  winsorizing the image intensities
  Shrink factors (level 1 out of 4): [8, 8, 8]
  Shrink factors (level 2 out of 4): [4, 4, 4]
  Shrink factors (level 3 out of 4): [2, 2, 2]
  Shrink factors (level 4 out of 4): [1, 1, 1]
  smoothing sigmas per level: [3, 2, 1, 0]
  regular sampling (percentage = 0.25)

*** Running AffineTransform registration ***

DIAGNOSTIC,Iteration,metricValue,convergenceValue,ITERATION_TIME_INDEX,SINCE_LAST
 2DIAGNOSTIC,     1, -6.784340830021e-01, 1.797693134862e+308, 7.0394e-01, 7.0394e-01, 
 2DIAGNOSTIC,     2, -6.806448857273e-01, 1.797693134862e+308, 7.0828e-01, 4.3449e-03, 
 2DIAGNOSTIC,     3, -6.847892917323e-01, 1.797693134862e+308, 7.1263e-01, 4.3449e-03, 
 2DIAGNOSTIC,     4, -6.925430845131e-01, 1.797693134862e+308, 7.1700e-01, 4.3700e-03, 
 2DIAGNOSTIC,     5, -7.023623655896e-01, 1.797693134862e+308, 7.2155e-01, 4.5531e-03, 
 2DIAGNOSTIC,     6, -7.145327637064e-01, 1.797693134862e+308, 7.2556e-01, 4.0131e-03, 
 2DIAGNOSTIC,     7, -7.271954545662e-01, 1.797693134862e+308, 7.3066e-01, 5.0950e-03, 
 2DIAGNOSTIC,     8, -7.365899978432e-01, 1.797693134862e+308, 7.3714e-01, 6.4790e-03, 
 2DIAGNOSTIC,     9, -7.367790119413e-01, 1.797693134862e+308, 7.4193e-01, 4.7929e-03, 
 2DIAGNOSTIC,    10, -7.368596700318e-01, 6.497414324277e-03, 7.4657e-01, 4.6411e-03, 
 2DIAGNOSTIC,    11, -7.370338189058e-01, 5.485698727392e-03, 7.5140e-01, 4.8301e-03, 
 2DIAGNOSTIC,    12, -7.368878853237e-01, 4.221219484315e-03, 7.5615e-01, 4.7472e-03, 
 2DIAGNOSTIC,    13, -7.370298689165e-01, 2.904877042355e-03, 7.6136e-01, 5.2090e-03, 
 2DIAGNOSTIC,    14, -7.375477600756e-01, 1.753709537734e-03, 7.6688e-01, 5.5189e-03, 
 2DIAGNOSTIC,    15, -7.376762050868e-01, 8.612423113575e-04, 7.7186e-01, 4.9851e-03, 
 2DIAGNOSTIC,    16, -7.375817480523e-01, 2.965106813118e-04, 7.7688e-01, 5.0142e-03, 
 2DIAGNOSTIC,    17, -7.374285951244e-01, 5.704433503582e-05, 7.8123e-01, 4.3540e-03, 
 2DIAGNOSTIC,    18, -7.375952957455e-01, 4.888190420946e-05, 7.8586e-01, 4.6289e-03, 
 2DIAGNOSTIC,    19, -7.378365086231e-01, 4.572153549644e-05, 7.9071e-01, 4.8468e-03, 
 2DIAGNOSTIC,    20, -7.379117295032e-01, 4.155435341237e-05, 7.9548e-01, 4.7719e-03, 
 2DIAGNOSTIC,    21, -7.379476733385e-01, 3.836729880600e-05, 8.0112e-01, 5.6400e-03, 
 2DIAGNOSTIC,    22, -7.374533204658e-01, 2.081087841711e-05, 8.0706e-01, 5.9381e-03, 
 2DIAGNOSTIC,    23, -7.373680119695e-01, 3.927545734313e-06, 8.1332e-01, 6.2609e-03, 
DIAGNOSTIC,Iteration,metricValue,convergenceValue,ITERATION_TIME_INDEX,SINCE_LAST
 2DIAGNOSTIC,     1, -6.095675343116e-01, 1.797693134862e+308, 1.5197e+00, 7.0641e-01, 
 2DIAGNOSTIC,     2, -6.098376475503e-01, 1.797693134862e+308, 1.5538e+00, 3.4073e-02, 
 2DIAGNOSTIC,     3, -6.100691475594e-01, 1.797693134862e+308, 1.5885e+00, 3.4679e-02, 
 2DIAGNOSTIC,     4, -6.104364360844e-01, 1.797693134862e+308, 1.6329e+00, 4.4439e-02, 
 2DIAGNOSTIC,     5, -6.106999233090e-01, 1.797693134862e+308, 1.6727e+00, 3.9781e-02, 
 2DIAGNOSTIC,     6, -6.107831952471e-01, 1.797693134862e+308, 1.7040e+00, 3.1279e-02, 
 2DIAGNOSTIC,     7, -6.107997011493e-01, 1.797693134862e+308, 1.7387e+00, 3.4678e-02, 
 2DIAGNOSTIC,     8, -6.109027142794e-01, 1.797693134862e+308, 1.7732e+00, 3.4547e-02, 
 2DIAGNOSTIC,     9, -6.110485663996e-01, 1.797693134862e+308, 1.8270e+00, 5.3772e-02, 
 2DIAGNOSTIC,    10, -6.110503410258e-01, 1.572359444865e-04, 1.8650e+00, 3.7998e-02, 
 2DIAGNOSTIC,    11, -6.110304295485e-01, 1.119497913658e-04, 1.9099e+00, 4.4936e-02, 
 2DIAGNOSTIC,    12, -6.110108066605e-01, 7.431319026548e-05, 1.9491e+00, 3.9225e-02, 
 2DIAGNOSTIC,    13, -6.110042763859e-01, 4.376868003213e-05, 1.9962e+00, 4.7068e-02, 
 2DIAGNOSTIC,    14, -6.109827589464e-01, 2.501592699079e-05, 2.0342e+00, 3.7980e-02, 
 2DIAGNOSTIC,    15, -6.109724298340e-01, 1.451858683080e-05, 2.0728e+00, 3.8643e-02, 
 2DIAGNOSTIC,    16, -6.109540002856e-01, 6.184545297258e-06, 2.1122e+00, 3.9339e-02, 
DIAGNOSTIC,Iteration,metricValue,convergenceValue,ITERATION_TIME_INDEX,SINCE_LAST
 2DIAGNOSTIC,     1, -5.343577210557e-01, 1.797693134862e+308, 3.1975e+00, 1.0854e+00, 
 2DIAGNOSTIC,     2, -5.346951374241e-01, 1.797693134862e+308, 3.4677e+00, 2.7022e-01, 
 2DIAGNOSTIC,     3, -5.351207645029e-01, 1.797693134862e+308, 3.7404e+00, 2.7261e-01, 
 2DIAGNOSTIC,     4, -5.353109778827e-01, 1.797693134862e+308, 4.0370e+00, 2.9661e-01, 
 2DIAGNOSTIC,     5, -5.353583697971e-01, 1.797693134862e+308, 4.3511e+00, 3.1411e-01, 
 2DIAGNOSTIC,     6, -5.353756484776e-01, 1.797693134862e+308, 4.6603e+00, 3.0928e-01, 
 2DIAGNOSTIC,     7, -5.353819579185e-01, 1.797693134862e+308, 4.9291e+00, 2.6874e-01, 
 2DIAGNOSTIC,     8, -5.353854248022e-01, 1.797693134862e+308, 5.2377e+00, 3.0862e-01, 
 2DIAGNOSTIC,     9, -5.354230316127e-01, 1.797693134862e+308, 5.7067e+00, 4.6901e-01, 
 2DIAGNOSTIC,    10, -5.354201397132e-01, 1.051491382425e-04, 6.0217e+00, 3.1497e-01, 
 2DIAGNOSTIC,    11, -5.354118034318e-01, 5.457373820734e-05, 6.3201e+00, 2.9836e-01, 
 2DIAGNOSTIC,    12, -5.354106575605e-01, 2.230070930356e-05, 6.6320e+00, 3.1195e-01, 
 2DIAGNOSTIC,    13, -5.354113494803e-01, 1.043201640856e-05, 6.9260e+00, 2.9399e-01, 
 2DIAGNOSTIC,    14, -5.354126409416e-01, 6.727218058472e-06, 7.2354e+00, 3.0936e-01, 
 2DIAGNOSTIC,    15, -5.354131719035e-01, 4.789590702173e-06, 7.4949e+00, 2.5956e-01, 
 2DIAGNOSTIC,    16, -5.354139131982e-01, 3.468840980195e-06, 7.8152e+00, 3.2025e-01, 
 2DIAGNOSTIC,    17, -5.354156205423e-01, 2.428912938869e-06, 8.0933e+00, 2.7812e-01, 
 2DIAGNOSTIC,    18, -5.354192152721e-01, 1.623237232753e-06, 8.4321e+00, 3.3878e-01, 
 2DIAGNOSTIC,    19, -5.354209863033e-01, 2.012449960190e-06, 8.7431e+00, 3.1100e-01, 
 2DIAGNOSTIC,    20, -5.354184632487e-01, 2.193974265700e-06, 9.0255e+00, 2.8239e-01, 
 2DIAGNOSTIC,    21, -5.354179028516e-01, 2.081982595978e-06, 9.3200e+00, 2.9456e-01, 
 2DIAGNOSTIC,    22, -5.354190773152e-01, 1.927299010926e-06, 9.6541e+00, 3.3408e-01, 
 2DIAGNOSTIC,    23, -5.354253656841e-01, 1.898169294474e-06, 9.9202e+00, 2.6612e-01, 
 2DIAGNOSTIC,    24, -5.354356929787e-01, 2.076079753735e-06, 1.0202e+01, 2.8147e-01, 
 2DIAGNOSTIC,    25, -5.354615439012e-01, 2.727301716160e-06, 1.0482e+01, 2.8077e-01, 
 2DIAGNOSTIC,    26, -5.354742279855e-01, 3.456040518865e-06, 1.0744e+01, 2.6189e-01, 
 2DIAGNOSTIC,    27, -5.355339148970e-01, 5.126713250356e-06, 1.0992e+01, 2.4759e-01, 
 2DIAGNOSTIC,    28, -5.356215484234e-01, 8.009195081322e-06, 1.1256e+01, 2.6438e-01, 
 2DIAGNOSTIC,    29, -5.357949977811e-01, 1.321827171397e-05, 1.1503e+01, 2.4716e-01, 
 2DIAGNOSTIC,    30, -5.360982700934e-01, 2.219618216823e-05, 1.1981e+01, 4.7772e-01, 
 2DIAGNOSTIC,    31, -5.361020167182e-01, 2.855428610848e-05, 1.2357e+01, 3.7614e-01, 
 2DIAGNOSTIC,    32, -5.361072253051e-01, 3.210086331399e-05, 1.2833e+01, 4.7603e-01, 
 2DIAGNOSTIC,    33, -5.361088434877e-01, 3.265262649916e-05, 1.3116e+01, 2.8297e-01, 
 2DIAGNOSTIC,    34, -5.361082950587e-01, 3.025487279231e-05, 1.3372e+01, 2.5529e-01, 
 2DIAGNOSTIC,    35, -5.361060517612e-01, 2.550778670711e-05, 1.3655e+01, 2.8291e-01, 
 2DIAGNOSTIC,    36, -5.361051058886e-01, 1.887388738478e-05, 1.3904e+01, 2.4929e-01, 
 2DIAGNOSTIC,    37, -5.361048208740e-01, 1.180221232915e-05, 1.4190e+01, 2.8653e-01, 
 2DIAGNOSTIC,    38, -5.361038941131e-01, 5.253264190212e-06, 1.4440e+01, 2.4955e-01, 
DIAGNOSTIC,Iteration,metricValue,convergenceValue,ITERATION_TIME_INDEX,SINCE_LAST
