
##########################
# Experiment information #
##########################

EXPERIMENT_NAME: antsRegistration-r7-p15
VFC_BACKENDS: libinterflop_vprec.so --range-binary32=7 --precision-binary32=15 --range-binary64=7 --precision-binary64=15

SIF_IMG: /home/mdugre/projects/rrg-glatard/mdugre/containers/ants-vprec-no_metrics.simg

SUBJECT_ID: s017
INPUT_IMG: /home/mdugre/scratch/mri-registration-rp/datasets/ds004513/derivatives/mri-registration-rp/antsBrainExtraction/sub-s017/BrainExtractionBrain.nii.gz
OUTPUT_DIR: /home/mdugre/scratch/mri-registration-rp/datasets/ds004513/derivatives/mri-registration-rp/0001/antsRegistration-r7-p15/sub-s017

FIXED_IMG: /templateflow/tpl-MNI152NLin2009cAsym/tpl-MNI152NLin2009cAsym_res-01_desc-brain_T1w.nii.gz
DATA_DIR: /home/mdugre/scratch/mri-registration-rp/datasets/ds004513
TEMPLATEFLOW_DIR: /home/mdugre/projects/rrg-glatard/mdugre/templateflow
ITK_GLOBAL_DEFAULT_NUMBER_OF_THREADS: 16
##########################

Info [verificarlo]: loaded backend libinterflop_ieee.so
Info [interflop-ieee]: load backend with:
Info [interflop-ieee]: debug = false
Info [interflop-ieee]: debug-binary = false
Info [interflop-ieee]: no-backend-name = false
Info [interflop-ieee]: print-new-line = false
Info [interflop-ieee]: print-subnormal-normalized = false
Info [interflop-ieee]: count-op = false
All_Command_lines_OK
Using double precision for computations.
=============================================================================
The composite transform comprises the following transforms (in order): 
  1. Center of mass alignment using fixed image: /templateflow/tpl-MNI152NLin2009cAsym/tpl-MNI152NLin2009cAsym_res-01_desc-brain_T1w.nii.gz and moving image: /home/mdugre/scratch/mri-registration-rp/datasets/ds004513/derivatives/mri-registration-rp/antsBrainExtraction/sub-s017/BrainExtractionBrain.nii.gz (type = Euler3DTransform)
=============================================================================
  number of levels = 1
  fixed image: /templateflow/tpl-MNI152NLin2009cAsym/tpl-MNI152NLin2009cAsym_res-01_desc-brain_T1w.nii.gz
  moving image: /home/mdugre/scratch/mri-registration-rp/datasets/ds004513/derivatives/mri-registration-rp/antsBrainExtraction/sub-s017/BrainExtractionBrain.nii.gz
Dimension = 3
Number of stages = 1
Use histogram matching = false
Winsorize image intensities = true
  Lower quantile = 0.005
  Upper quantile = 0.995


Stage 1 State
   Image metric = MattesMI
     Fixed image = Image (0x3f20e70)
  RTTI typeinfo:   itk::Image<double, 3u>
  Reference Count: 2
  Modified Time: 2334
  Debug: Off
  Object Name: 
  Observers: 
    none
  Source: (none)
  Source output name: (none)
  Release Data: Off
  Data Released: False
  Global Release Data: Off
  PipelineMTime: 0
  UpdateMTime: 1943
  RealTimeStamp: 0 seconds 
  LargestPossibleRegion: 
    Dimension: 3
    Index: [0, 0, 0]
    Size: [193, 229, 193]
  BufferedRegion: 
    Dimension: 3
    Index: [0, 0, 0]
    Size: [193, 229, 193]
  RequestedRegion: 
    Dimension: 3
    Index: [0, 0, 0]
    Size: [193, 229, 193]
  Spacing: [1, 1, 1]
  Origin: [96, 132, -78]
  Direction: 
-1 0 0
0 -1 0
0 0 1

  IndexToPointMatrix: 
-1 0 0
0 -1 0
0 0 1

  PointToIndexMatrix: 
-1 0 0
0 -1 0
0 0 1

  Inverse Direction: 
-1 0 0
0 -1 0
0 0 1

  PixelContainer: 
    ImportImageContainer (0x3f29c60)
      RTTI typeinfo:   itk::ImportImageContainer<unsigned long, double>
      Reference Count: 1
      Modified Time: 1940
      Debug: Off
      Object Name: 
      Observers: 
        none
      Pointer: 0x151c84c9f010
      Container manages memory: true
      Size: 8530021
      Capacity: 8530021

     Moving image = Image (0x3f2c610)
  RTTI typeinfo:   itk::Image<double, 3u>
  Reference Count: 2
  Modified Time: 2335
  Debug: Off
  Object Name: 
  Observers: 
    none
  Source: (none)
  Source output name: (none)
  Release Data: Off
  Data Released: False
  Global Release Data: Off
  PipelineMTime: 0
  UpdateMTime: 2332
  RealTimeStamp: 0 seconds 
  LargestPossibleRegion: 
    Dimension: 3
    Index: [0, 0, 0]
    Size: [160, 240, 256]
  BufferedRegion: 
    Dimension: 3
    Index: [0, 0, 0]
    Size: [160, 240, 256]
  RequestedRegion: 
    Dimension: 3
    Index: [0, 0, 0]
    Size: [160, 240, 256]
  Spacing: [1, 1, 1]
  Origin: [91.3357, 102.231, -120.042]
  Direction: 
-0.997442 -5.36781e-05 -0.0714818
5.35416e-05 -1 3.82465e-06
-0.0714818 -1.23894e-08 0.997442

  IndexToPointMatrix: 
-0.997444 -5.36781e-05 -0.0714818
5.35418e-05 -1 3.82465e-06
-0.0714819 -1.23894e-08 0.997442

  PointToIndexMatrix: 
-0.99744 5.35415e-05 -0.0714816
-5.36781e-05 -1 -1.23894e-08
-0.0714818 3.82465e-06 0.997442

  Inverse Direction: 
-0.997442 5.35416e-05 -0.0714818
-5.36781e-05 -1 -1.23894e-08
-0.0714818 3.82465e-06 0.997442

  PixelContainer: 
    ImportImageContainer (0x3fc5ef0)
      RTTI typeinfo:   itk::ImportImageContainer<unsigned long, double>
      Reference Count: 1
      Modified Time: 2329
      Debug: Off
      Object Name: 
      Observers: 
        none
      Pointer: 0x151c8019e010
      Container manages memory: true
      Size: 9830400
      Capacity: 9830400

     Weighting = 1
     Sampling strategy = regular
     Number of bins = 32
     Radius = 4
     Sampling percentage  = 0.25
   Transform = Rigid
     Gradient step = 0.1
     Update field sigma (voxel space) = 0
     Total field sigma (voxel space) = 0
     Update field time sigma = 0
     Total field time sigma  = 0
     Number of time indices = 0
     Number of time point samples = 0
Registration using 1 total stages.

Stage 0
  iterations = 0
  convergence threshold = 1e-06
  convergence window size = 10
  number of levels = 1
  using the Mattes MI metric (number of bins = 32, weight = 1, use gradient filter = 0)
  preprocessing:  winsorizing the image intensities
  Shrink factors (level 1 out of 1): [1, 1, 1]
  smoothing sigmas per level: [0]
  regular sampling (percentage = 0.25)

*** Running Euler3DTransform registration ***

  Elapsed time (stage 0): 1.10206


Total elapsed time: 1.10424
Info [verificarlo]: loaded backend libinterflop_ieee.so
Info [interflop-ieee]: load backend with:
Info [interflop-ieee]: debug = false
Info [interflop-ieee]: debug-binary = false
Info [interflop-ieee]: no-backend-name = false
Info [interflop-ieee]: print-new-line = false
Info [interflop-ieee]: print-subnormal-normalized = false
Info [interflop-ieee]: count-op = false
All_Command_lines_OK
Using double precision for computations.
=============================================================================
The composite transform comprises the following transforms (in order): 
  1. /home/mdugre/scratch/mri-registration-rp/datasets/ds004513/derivatives/mri-registration-rp/0001/antsRegistration-r7-p15/sub-s017/align_Composite.h5[0] (type = Euler3DTransform)
  2. /home/mdugre/scratch/mri-registration-rp/datasets/ds004513/derivatives/mri-registration-rp/0001/antsRegistration-r7-p15/sub-s017/align_Composite.h5[1] (type = Euler3DTransform)
=============================================================================
  number of levels = 4
  fixed image: /templateflow/tpl-MNI152NLin2009cAsym/tpl-MNI152NLin2009cAsym_res-01_desc-brain_T1w.nii.gz
  moving image: /home/mdugre/scratch/mri-registration-rp/datasets/ds004513/derivatives/mri-registration-rp/antsBrainExtraction/sub-s017/BrainExtractionBrain.nii.gz
Dimension = 3
Number of stages = 1
Use histogram matching = false
Winsorize image intensities = true
  Lower quantile = 0.005
  Upper quantile = 0.995


Stage 1 State
   Image metric = MattesMI
     Fixed image = Image (0x3b2d530)
  RTTI typeinfo:   itk::Image<double, 3u>
  Reference Count: 2
  Modified Time: 1580
  Debug: Off
  Object Name: 
  Observers: 
    none
  Source: (none)
  Source output name: (none)
  Release Data: Off
  Data Released: False
  Global Release Data: Off
  PipelineMTime: 0
  UpdateMTime: 1189
  RealTimeStamp: 0 seconds 
  LargestPossibleRegion: 
    Dimension: 3
    Index: [0, 0, 0]
    Size: [193, 229, 193]
  BufferedRegion: 
    Dimension: 3
    Index: [0, 0, 0]
    Size: [193, 229, 193]
  RequestedRegion: 
    Dimension: 3
    Index: [0, 0, 0]
    Size: [193, 229, 193]
  Spacing: [1, 1, 1]
  Origin: [96, 132, -78]
  Direction: 
-1 0 0
0 -1 0
0 0 1

  IndexToPointMatrix: 
-1 0 0
0 -1 0
0 0 1

  PointToIndexMatrix: 
-1 0 0
0 -1 0
0 0 1

  Inverse Direction: 
-1 0 0
0 -1 0
0 0 1

  PixelContainer: 
    ImportImageContainer (0x3bebd60)
      RTTI typeinfo:   itk::ImportImageContainer<unsigned long, double>
      Reference Count: 1
      Modified Time: 1186
      Debug: Off
      Object Name: 
      Observers: 
        none
      Pointer: 0x146729828010
      Container manages memory: true
      Size: 8530021
      Capacity: 8530021

     Moving image = Image (0x3bddf60)
  RTTI typeinfo:   itk::Image<double, 3u>
  Reference Count: 2
  Modified Time: 1581
  Debug: Off
  Object Name: 
  Observers: 
    none
  Source: (none)
  Source output name: (none)
  Release Data: Off
  Data Released: False
  Global Release Data: Off
  PipelineMTime: 0
  UpdateMTime: 1578
  RealTimeStamp: 0 seconds 
  LargestPossibleRegion: 
    Dimension: 3
    Index: [0, 0, 0]
    Size: [160, 240, 256]
  BufferedRegion: 
    Dimension: 3
    Index: [0, 0, 0]
    Size: [160, 240, 256]
  RequestedRegion: 
    Dimension: 3
    Index: [0, 0, 0]
    Size: [160, 240, 256]
  Spacing: [1, 1, 1]
  Origin: [91.3357, 102.231, -120.042]
  Direction: 
-0.997442 -5.36781e-05 -0.0714818
5.35416e-05 -1 3.82465e-06
-0.0714818 -1.23894e-08 0.997442

  IndexToPointMatrix: 
-0.997444 -5.36781e-05 -0.0714818
5.35418e-05 -1 3.82465e-06
-0.0714819 -1.23894e-08 0.997442

  PointToIndexMatrix: 
-0.99744 5.35415e-05 -0.0714816
-5.36781e-05 -1 -1.23894e-08
-0.0714818 3.82465e-06 0.997442

  Inverse Direction: 
-0.997442 5.35416e-05 -0.0714818
-5.36781e-05 -1 -1.23894e-08
-0.0714818 3.82465e-06 0.997442

  PixelContainer: 
    ImportImageContainer (0x3bcf6d0)
      RTTI typeinfo:   itk::ImportImageContainer<unsigned long, double>
      Reference Count: 1
      Modified Time: 1575
      Debug: Off
      Object Name: 
      Observers: 
        none
      Pointer: 0x146724d27010
      Container manages memory: true
      Size: 9830400
      Capacity: 9830400

     Weighting = 1
     Sampling strategy = regular
     Number of bins = 32
     Radius = 4
     Sampling percentage  = 0.25
   Transform = Rigid
     Gradient step = 0.1
     Update field sigma (voxel space) = 0
     Total field sigma (voxel space) = 0
     Update field time sigma = 0
     Total field time sigma  = 0
     Number of time indices = 0
     Number of time point samples = 0
Registration using 1 total stages.

Stage 0
  iterations = 1000x500x250x100
  convergence threshold = 1e-06
  convergence window size = 10
  number of levels = 4
  using the Mattes MI metric (number of bins = 32, weight = 1, use gradient filter = 0)
  preprocessing:  winsorizing the image intensities
  Shrink factors (level 1 out of 4): [8, 8, 8]
  Shrink factors (level 2 out of 4): [4, 4, 4]
  Shrink factors (level 3 out of 4): [2, 2, 2]
  Shrink factors (level 4 out of 4): [1, 1, 1]
  smoothing sigmas per level: [3, 2, 1, 0]
  regular sampling (percentage = 0.25)

*** Running Euler3DTransform registration ***

DIAGNOSTIC,Iteration,metricValue,convergenceValue,ITERATION_TIME_INDEX,SINCE_LAST
 2DIAGNOSTIC,     1, -5.567767283252e-01, 1.797693134862e+308, 8.0877e-01, 8.0877e-01, 
 2DIAGNOSTIC,     2, -5.584239703569e-01, 1.797693134862e+308, 8.1377e-01, 4.9942e-03, 
 2DIAGNOSTIC,     3, -5.612715515272e-01, 1.797693134862e+308, 8.1801e-01, 4.2450e-03, 
 2DIAGNOSTIC,     4, -5.637780194106e-01, 1.797693134862e+308, 8.2228e-01, 4.2682e-03, 
 2DIAGNOSTIC,     5, -5.658229214212e-01, 1.797693134862e+308, 8.2681e-01, 4.5311e-03, 
 2DIAGNOSTIC,     6, -5.696445468689e-01, 1.797693134862e+308, 8.3129e-01, 4.4789e-03, 
 2DIAGNOSTIC,     7, -5.734118275242e-01, 1.797693134862e+308, 8.3565e-01, 4.3621e-03, 
 2DIAGNOSTIC,     8, -5.754533484979e-01, 1.797693134862e+308, 8.4151e-01, 5.8570e-03, 
 2DIAGNOSTIC,     9, -5.763021950250e-01, 1.797693134862e+308, 8.4577e-01, 4.2639e-03, 
 2DIAGNOSTIC,    10, -5.771142770255e-01, 2.558085388189e-03, 8.5140e-01, 5.6288e-03, 
 2DIAGNOSTIC,    11, -5.785125587612e-01, 2.176117873031e-03, 8.5570e-01, 4.2982e-03, 
 2DIAGNOSTIC,    12, -5.799413348090e-01, 1.786767970983e-03, 8.6047e-01, 4.7669e-03, 
 2DIAGNOSTIC,    13, -5.809477908980e-01, 1.443124036835e-03, 8.6543e-01, 4.9651e-03, 
 2DIAGNOSTIC,    14, -5.814655964876e-01, 1.127354078216e-03, 8.6998e-01, 4.5450e-03, 
 2DIAGNOSTIC,    15, -5.819093877219e-01, 8.331089413525e-04, 8.7492e-01, 4.9369e-03, 
 2DIAGNOSTIC,    16, -5.822326442998e-01, 6.258215683232e-04, 8.7972e-01, 4.8079e-03, 
 2DIAGNOSTIC,    17, -5.825793599843e-01, 5.040365830238e-04, 8.8431e-01, 4.5881e-03, 
 2DIAGNOSTIC,    18, -5.863713925916e-01, 5.095725576647e-04, 8.8875e-01, 4.4360e-03, 
 2DIAGNOSTIC,    19, -5.901617810168e-01, 5.855607354911e-04, 8.9708e-01, 8.3358e-03, 
 2DIAGNOSTIC,    20, -5.906016223816e-01, 6.286272500313e-04, 9.0244e-01, 5.3549e-03, 
 2DIAGNOSTIC,    21, -5.907365705867e-01, 6.467002963842e-04, 9.0743e-01, 4.9961e-03, 
 2DIAGNOSTIC,    22, -5.906256574994e-01, 6.330265936385e-04, 9.1246e-01, 5.0292e-03, 
 2DIAGNOSTIC,    23, -5.906307681711e-01, 5.816453055182e-04, 9.1684e-01, 4.3740e-03, 
 2DIAGNOSTIC,    24, -5.905636622010e-01, 4.878472529225e-04, 9.2109e-01, 4.2520e-03, 
 2DIAGNOSTIC,    25, -5.906024985370e-01, 3.662279783961e-04, 9.2587e-01, 4.7848e-03, 
 2DIAGNOSTIC,    26, -5.906025304324e-01, 2.276984665074e-04, 9.3018e-01, 4.3070e-03, 
 2DIAGNOSTIC,    27, -5.906211320574e-01, 8.394584288774e-05, 9.3464e-01, 4.4570e-03, 
 2DIAGNOSTIC,    28, -5.908796758314e-01, 1.198925031205e-05, 9.3901e-01, 4.3671e-03, 
 2DIAGNOSTIC,    29, -5.911411552395e-01, 1.217108543271e-05, 9.4372e-01, 4.7181e-03, 
 2DIAGNOSTIC,    30, -5.915241330962e-01, 2.456301684463e-05, 9.5047e-01, 6.7511e-03, 
 2DIAGNOSTIC,    31, -5.916229825992e-01, 3.758205306199e-05, 9.5476e-01, 4.2851e-03, 
 2DIAGNOSTIC,    32, -5.916651208817e-01, 4.532975449092e-05, 9.5914e-01, 4.3759e-03, 
 2DIAGNOSTIC,    33, -5.916874987632e-01, 4.885284294561e-05, 9.6339e-01, 4.2500e-03, 
 2DIAGNOSTIC,    34, -5.917053822200e-01, 4.682712858694e-05, 9.6825e-01, 4.8690e-03, 
 2DIAGNOSTIC,    35, -5.917390904868e-01, 4.153275817293e-05, 9.7983e-01, 1.1574e-02, 
 2DIAGNOSTIC,    36, -5.917390912695e-01, 3.272086429366e-05, 9.8439e-01, 4.5660e-03, 
 2DIAGNOSTIC,    37, -5.917391070342e-01, 2.163060314802e-05, 9.8871e-01, 4.3199e-03, 
 2DIAGNOSTIC,    38, -5.917391330930e-01, 1.245673595320e-05, 9.9306e-01, 4.3440e-03, 
 2DIAGNOSTIC,    39, -5.917391754735e-01, 5.801896389820e-06, 9.9733e-01, 4.2751e-03, 
 2DIAGNOSTIC,    40, -5.917392424311e-01, 3.643428652129e-06, 1.0019e+00, 4.5459e-03, 
 2DIAGNOSTIC,    41, -5.917393428829e-01, 2.487109299058e-06, 1.0062e+00, 4.2720e-03, 
 2DIAGNOSTIC,    42, -5.917394845334e-01, 1.715730317733e-06, 1.0106e+00, 4.4501e-03, 
 2DIAGNOSTIC,    43, -5.917396625587e-01, 1.144189314933e-06, 1.0148e+00, 4.1940e-03, 
DIAGNOSTIC,Iteration,metricValue,convergenceValue,ITERATION_TIME_INDEX,SINCE_LAST
 2DIAGNOSTIC,     1, -4.784004501422e-01, 1.797693134862e+308, 1.7916e+00, 7.7678e-01, 
 2DIAGNOSTIC,     2, -4.783999131492e-01, 1.797693134862e+308, 1.8319e+00, 4.0308e-02, 
 2DIAGNOSTIC,     3, -4.784190365429e-01, 1.797693134862e+308, 1.8668e+00, 3.4964e-02, 
 2DIAGNOSTIC,     4, -4.785028756515e-01, 1.797693134862e+308, 1.8968e+00, 2.9925e-02, 
 2DIAGNOSTIC,     5, -4.786647485434e-01, 1.797693134862e+308, 1.9269e+00, 3.0140e-02, 
 2DIAGNOSTIC,     6, -4.788099932963e-01, 1.797693134862e+308, 1.9583e+00, 3.1390e-02, 
 2DIAGNOSTIC,     7, -4.794645847221e-01, 1.797693134862e+308, 1.9880e+00, 2.9669e-02, 
 2DIAGNOSTIC,     8, -4.813619171754e-01, 1.797693134862e+308, 2.0278e+00, 3.9800e-02, 
 2DIAGNOSTIC,     9, -4.817935635329e-01, 1.797693134862e+308, 2.0604e+00, 3.2675e-02, 
 2DIAGNOSTIC,    10, -4.822647496891e-01, 5.583367504188e-04, 2.0913e+00, 3.0890e-02, 
 2DIAGNOSTIC,    11, -4.831344909908e-01, 6.366384574267e-04, 2.1237e+00, 3.2313e-02, 
 2DIAGNOSTIC,    12, -4.835768992588e-01, 6.653898034855e-04, 2.1707e+00, 4.7060e-02, 
 2DIAGNOSTIC,    13, -4.835677565326e-01, 6.290342969093e-04, 2.2066e+00, 3.5843e-02, 
 2DIAGNOSTIC,    14, -4.835733047843e-01, 5.452729208015e-04, 2.2462e+00, 3.9679e-02, 
 2DIAGNOSTIC,    15, -4.835701547253e-01, 4.305772096192e-04, 2.2773e+00, 3.1080e-02, 
 2DIAGNOSTIC,    16, -4.835566913008e-01, 2.956272804329e-04, 2.3039e+00, 2.6552e-02, 
 2DIAGNOSTIC,    17, -4.835523104090e-01, 1.703980275423e-04, 2.3309e+00, 2.6989e-02, 
 2DIAGNOSTIC,    18, -4.835483887834e-01, 1.058854946203e-04, 2.3584e+00, 2.7503e-02, 
 2DIAGNOSTIC,    19, -4.835469915473e-01, 5.203914177346e-05, 2.3847e+00, 2.6388e-02, 
 2DIAGNOSTIC,    20, -4.835401827380e-01, 1.204163304980e-05, 2.4140e+00, 2.9232e-02, 
DIAGNOSTIC,Iteration,metricValue,convergenceValue,ITERATION_TIME_INDEX,SINCE_LAST
 2DIAGNOSTIC,     1, -4.161561167871e-01, 1.797693134862e+308, 3.5658e+00, 1.1519e+00, 
 2DIAGNOSTIC,     2, -4.161756893438e-01, 1.797693134862e+308, 3.8810e+00, 3.1518e-01, 
 2DIAGNOSTIC,     3, -4.161696114508e-01, 1.797693134862e+308, 4.1714e+00, 2.9041e-01, 
 2DIAGNOSTIC,     4, -4.161681503552e-01, 1.797693134862e+308, 4.5930e+00, 4.2153e-01, 
 2DIAGNOSTIC,     5, -4.161678896602e-01, 1.797693134862e+308, 4.9155e+00, 3.2256e-01, 
 2DIAGNOSTIC,     6, -4.161669123584e-01, 1.797693134862e+308, 5.2146e+00, 2.9905e-01, 
 2DIAGNOSTIC,     7, -4.161667485643e-01, 1.797693134862e+308, 5.5787e+00, 3.6417e-01, 
 2DIAGNOSTIC,     8, -4.161656816015e-01, 1.797693134862e+308, 5.8222e+00, 2.4351e-01, 
 2DIAGNOSTIC,     9, -4.161650043537e-01, 1.797693134862e+308, 6.0765e+00, 2.5429e-01, 
 2DIAGNOSTIC,    10, -4.161655463813e-01, 2.943366616895e-06, 6.3816e+00, 3.0507e-01, 
 2DIAGNOSTIC,    11, -4.161636420994e-01, 1.720591495696e-06, 6.6432e+00, 2.6159e-01, 
 2DIAGNOSTIC,    12, -4.161624970809e-01, 1.867462473659e-06, 6.8935e+00, 2.5032e-01, 
 2DIAGNOSTIC,    13, -4.161615819744e-01, 1.698398060690e-06, 7.1195e+00, 2.2599e-01, 
 2DIAGNOSTIC,    14, -4.161624603294e-01, 1.592444846654e-06, 7.3768e+00, 2.5730e-01, 
 2DIAGNOSTIC,    15, -4.161620529813e-01, 1.530180436318e-06, 7.6685e+00, 2.9171e-01, 
 2DIAGNOSTIC,    16, -4.161603835106e-01, 1.417836917747e-06, 7.9327e+00, 2.6413e-01, 
 2DIAGNOSTIC,    17, -4.161625251481e-01, 1.455414118105e-06, 8.2141e+00, 2.8144e-01, 
 2DIAGNOSTIC,    18, -4.161617349625e-01, 1.453854861756e-06, 8.5054e+00, 2.9133e-01, 
 2DIAGNOSTIC,    19, -4.161656140594e-01, 1.594928502609e-06, 8.7761e+00, 2.7070e-01, 
 2DIAGNOSTIC,    20, -4.161678254530e-01, 1.821576325937e-06, 9.1723e+00, 3.9618e-01, 
 2DIAGNOSTIC,    21, -4.161672172260e-01, 1.924327024297e-06, 9.4675e+00, 2.9517e-01, 
 2DIAGNOSTIC,    22, -4.161665846123e-01, 1.927748310364e-06, 9.7103e+00, 2.4278e-01, 
 2DIAGNOSTIC,    23, -4.161660793966e-01, 1.843028034736e-06, 9.9698e+00, 2.5951e-01, 
 2DIAGNOSTIC,    24, -4.161655365533e-01, 1.730448867282e-06, 1.0189e+01, 2.1947e-01, 
 2DIAGNOSTIC,    25, -4.161651834947e-01, 1.568353733050e-06, 1.0406e+01, 2.1725e-01, 
 2DIAGNOSTIC,    26, -4.161660037665e-01, 1.368374529645e-06, 1.0664e+01, 2.5712e-01, 
 2DIAGNOSTIC,    27, -4.161651045496e-01, 1.203105051036e-06, 1.0896e+01, 2.3258e-01, 
 2DIAGNOSTIC,    28, -4.161679884898e-01, 1.097088641239e-06, 1.1143e+01, 2.4638e-01, 
 2DIAGNOSTIC,    29, -4.161710849647e-01, 1.162831217920e-06, 1.1388e+01, 2.4532e-01, 
 2DIAGNOSTIC,    30, -4.161703640305e-01, 1.250475692202e-06, 1.1658e+01, 2.6967e-01, 
 2DIAGNOSTIC,    31, -4.161708142910e-01, 1.313167808922e-06, 1.1913e+01, 2.5589e-01, 
 2DIAGNOSTIC,    32, -4.161710089264e-01, 1.336085266847e-06, 1.2131e+01, 2.1742e-01, 
 2DIAGNOSTIC,    33, -4.161749613448e-01, 1.395595231012e-06, 1.2387e+01, 2.5586e-01, 
 2DIAGNOSTIC,    34, -4.161777487504e-01, 1.452526298081e-06, 1.2609e+01, 2.2256e-01, 
 2DIAGNOSTIC,    35, -4.161792220177e-01, 1.478601717366e-06, 1.2872e+01, 2.6266e-01, 
 2DIAGNOSTIC,    36, -4.161806859647e-01, 1.495439425715e-06, 1.3142e+01, 2.6973e-01, 
 2DIAGNOSTIC,    37, -4.161791778424e-01, 1.407680678748e-06, 1.3358e+01, 2.1616e-01, 
 2DIAGNOSTIC,    38, -4.161838486866e-01, 1.406626886646e-06, 1.3641e+01, 2.8280e-01, 
 2DIAGNOSTIC,    39, -4.161849953099e-01, 1.422742191896e-06, 1.3919e+01, 2.7826e-01, 
 2DIAGNOSTIC,    40, -4.161860914889e-01, 1.386764650810e-06, 1.4269e+01, 3.5052e-01, 
 2DIAGNOSTIC,    41, -4.161854987575e-01, 1.295749591866e-06, 1.4528e+01, 2.5868e-01, 
 2DIAGNOSTIC,    42, -4.161840259987e-01, 1.138573353422e-06, 1.4790e+01, 2.6165e-01, 
 2DIAGNOSTIC,    43, -4.161834049859e-01, 1.004201841279e-06, 1.5007e+01, 2.1758e-01, 
DIAGNOSTIC,Iteration,metricValue,convergenceValue,ITERATION_TIME_INDEX,SINCE_LAST
 2DIAGNOSTIC,     1, -3.834265912345e-01, 1.797693134862e+308, 1.7518e+01, 2.5107e+00, 
 2DIAGNOSTIC,     2, -3.834925053362e-01, 1.797693134862e+308, 1.9083e+01, 1.5655e+00, 
 2DIAGNOSTIC,     3, -3.834978116484e-01, 1.797693134862e+308, 2.0655e+01, 1.5715e+00, 
 2DIAGNOSTIC,     4, -3.835004127732e-01, 1.797693134862e+308, 2.2477e+01, 1.8216e+00, 
 2DIAGNOSTIC,     5, -3.835019582513e-01, 1.797693134862e+308, 2.4140e+01, 1.6635e+00, 
 2DIAGNOSTIC,     6, -3.835049957418e-01, 1.797693134862e+308, 2.5947e+01, 1.8065e+00, 
 2DIAGNOSTIC,     7, -3.835058343720e-01, 1.797693134862e+308, 2.7960e+01, 2.0138e+00, 
 2DIAGNOSTIC,     8, -3.835066498253e-01, 1.797693134862e+308, 3.0006e+01, 2.0454e+00, 
 2DIAGNOSTIC,     9, -3.835062955321e-01, 1.797693134862e+308, 3.1774e+01, 1.7680e+00, 
 2DIAGNOSTIC,    10, -3.835063108995e-01, 1.066660732144e-05, 3.4563e+01, 2.7892e+00, 
 2DIAGNOSTIC,    11, -3.835061571790e-01, 4.747040599509e-06, 3.7098e+01, 2.5352e+00, 
 2DIAGNOSTIC,    12, -3.835060832648e-01, 3.706200571579e-06, 3.8465e+01, 1.3670e+00, 
 2DIAGNOSTIC,    13, -3.835060190719e-01, 3.027826061708e-06, 3.9942e+01, 1.4766e+00, 
 2DIAGNOSTIC,    14, -3.835058638477e-01, 2.523467043339e-06, 4.1461e+01, 1.5195e+00, 
 2DIAGNOSTIC,    15, -3.835058006962e-01, 2.133709258376e-06, 4.3088e+01, 1.6264e+00, 
 2DIAGNOSTIC,    16, -3.835056463970e-01, 1.924177721047e-06, 4.4957e+01, 1.8692e+00, 
 2DIAGNOSTIC,    17, -3.835054775127e-01, 1.773328557504e-06, 4.6751e+01, 1.7939e+00, 
 2DIAGNOSTIC,    18, -3.835053086120e-01, 1.675385376862e-06, 4.8320e+01, 1.5695e+00, 
 2DIAGNOSTIC,    19, -3.835051448143e-01, 1.576051817172e-06, 4.9645e+01, 1.3246e+00, 
 2DIAGNOSTIC,    20, -3.835051658765e-01, 1.497295073656e-06, 5.1022e+01, 1.3769e+00, 
 2DIAGNOSTIC,    21, -3.835053779574e-01, 1.436675313153e-06, 5.2631e+01, 1.6088e+00, 
 2DIAGNOSTIC,    22, -3.835055901413e-01, 1.393331720737e-06, 5.4118e+01, 1.4874e+00, 
 2DIAGNOSTIC,    23, -3.835055251004e-01, 1.354581542122e-06, 5.5610e+01, 1.4916e+00, 
 2DIAGNOSTIC,    24, -3.835054518283e-01, 1.314933130415e-06, 5.7158e+01, 1.5487e+00, 
 2DIAGNOSTIC,    25, -3.835053813424e-01, 1.275595340917e-06, 5.8581e+01, 1.4228e+00, 
 2DIAGNOSTIC,    26, -3.835053141618e-01, 1.232550094918e-06, 5.9949e+01, 1.3675e+00, 
 2DIAGNOSTIC,    27, -3.835053494676e-01, 1.188143193248e-06, 6.1339e+01, 1.3906e+00, 
 2DIAGNOSTIC,    28, -3.835054089354e-01, 1.143229099047e-06, 6.2883e+01, 1.5440e+00, 
 2DIAGNOSTIC,    29, -3.835055814679e-01, 1.101082728890e-06, 6.4249e+01, 1.3655e+00, 
 2DIAGNOSTIC,    30, -3.835053714642e-01, 1.056523027093e-06, 6.6292e+01, 2.0431e+00, 
 2DIAGNOSTIC,    31, -3.835053052290e-01, 1.018740040368e-06, 6.7884e+01, 1.5924e+00, 
  Elapsed time (stage 0): 6.8695e+01


Total elapsed time: 6.8697e+01
Info [verificarlo]: loaded backend libinterflop_ieee.so
Info [interflop-ieee]: load backend with:
Info [interflop-ieee]: debug = false
Info [interflop-ieee]: debug-binary = false
Info [interflop-ieee]: no-backend-name = false
Info [interflop-ieee]: print-new-line = false
Info [interflop-ieee]: print-subnormal-normalized = false
Info [interflop-ieee]: count-op = false
All_Command_lines_OK
Using double precision for computations.
=============================================================================
The composite transform comprises the following transforms (in order): 
  1. /home/mdugre/scratch/mri-registration-rp/datasets/ds004513/derivatives/mri-registration-rp/0001/antsRegistration-r7-p15/sub-s017/rigid_Composite.h5[0] (type = Euler3DTransform)
  2. /home/mdugre/scratch/mri-registration-rp/datasets/ds004513/derivatives/mri-registration-rp/0001/antsRegistration-r7-p15/sub-s017/rigid_Composite.h5[1] (type = Euler3DTransform)
  3. /home/mdugre/scratch/mri-registration-rp/datasets/ds004513/derivatives/mri-registration-rp/0001/antsRegistration-r7-p15/sub-s017/rigid_Composite.h5[2] (type = Euler3DTransform)
=============================================================================
  number of levels = 4
  fixed image: /templateflow/tpl-MNI152NLin2009cAsym/tpl-MNI152NLin2009cAsym_res-01_desc-brain_T1w.nii.gz
  moving image: /home/mdugre/scratch/mri-registration-rp/datasets/ds004513/derivatives/mri-registration-rp/antsBrainExtraction/sub-s017/BrainExtractionBrain.nii.gz
Dimension = 3
Number of stages = 1
Use histogram matching = false
Winsorize image intensities = true
  Lower quantile = 0.005
  Upper quantile = 0.995


Stage 1 State
   Image metric = MattesMI
     Fixed image = Image (0x42517e0)
  RTTI typeinfo:   itk::Image<double, 3u>
  Reference Count: 2
  Modified Time: 1594
  Debug: Off
  Object Name: 
  Observers: 
    none
  Source: (none)
  Source output name: (none)
  Release Data: Off
  Data Released: False
  Global Release Data: Off
  PipelineMTime: 0
  UpdateMTime: 1203
  RealTimeStamp: 0 seconds 
  LargestPossibleRegion: 
    Dimension: 3
    Index: [0, 0, 0]
    Size: [193, 229, 193]
  BufferedRegion: 
    Dimension: 3
    Index: [0, 0, 0]
    Size: [193, 229, 193]
  RequestedRegion: 
    Dimension: 3
    Index: [0, 0, 0]
    Size: [193, 229, 193]
  Spacing: [1, 1, 1]
  Origin: [96, 132, -78]
  Direction: 
-1 0 0
0 -1 0
0 0 1

  IndexToPointMatrix: 
-1 0 0
0 -1 0
0 0 1

  PointToIndexMatrix: 
-1 0 0
0 -1 0
0 0 1

  Inverse Direction: 
-1 0 0
0 -1 0
0 0 1

  PixelContainer: 
    ImportImageContainer (0x4311a20)
      RTTI typeinfo:   itk::ImportImageContainer<unsigned long, double>
      Reference Count: 1
      Modified Time: 1200
      Debug: Off
      Object Name: 
      Observers: 
        none
      Pointer: 0x14bcc3579010
      Container manages memory: true
      Size: 8530021
      Capacity: 8530021

     Moving image = Image (0x430cd70)
  RTTI typeinfo:   itk::Image<double, 3u>
  Reference Count: 2
  Modified Time: 1595
  Debug: Off
  Object Name: 
  Observers: 
    none
  Source: (none)
  Source output name: (none)
  Release Data: Off
  Data Released: False
  Global Release Data: Off
  PipelineMTime: 0
  UpdateMTime: 1592
  RealTimeStamp: 0 seconds 
  LargestPossibleRegion: 
    Dimension: 3
    Index: [0, 0, 0]
    Size: [160, 240, 256]
  BufferedRegion: 
    Dimension: 3
    Index: [0, 0, 0]
    Size: [160, 240, 256]
  RequestedRegion: 
    Dimension: 3
    Index: [0, 0, 0]
    Size: [160, 240, 256]
  Spacing: [1, 1, 1]
  Origin: [91.3357, 102.231, -120.042]
  Direction: 
-0.997442 -5.36781e-05 -0.0714818
5.35416e-05 -1 3.82465e-06
-0.0714818 -1.23894e-08 0.997442

  IndexToPointMatrix: 
-0.997444 -5.36781e-05 -0.0714818
5.35418e-05 -1 3.82465e-06
-0.0714819 -1.23894e-08 0.997442

  PointToIndexMatrix: 
-0.99744 5.35415e-05 -0.0714816
-5.36781e-05 -1 -1.23894e-08
-0.0714818 3.82465e-06 0.997442

  Inverse Direction: 
-0.997442 5.35416e-05 -0.0714818
-5.36781e-05 -1 -1.23894e-08
-0.0714818 3.82465e-06 0.997442

  PixelContainer: 
    ImportImageContainer (0x42c4c90)
      RTTI typeinfo:   itk::ImportImageContainer<unsigned long, double>
      Reference Count: 1
      Modified Time: 1589
      Debug: Off
      Object Name: 
      Observers: 
        none
      Pointer: 0x14bcbea78010
      Container manages memory: true
      Size: 9830400
      Capacity: 9830400

     Weighting = 1
     Sampling strategy = regular
     Number of bins = 32
     Radius = 4
     Sampling percentage  = 0.25
   Transform = Affine
     Gradient step = 0.1
     Update field sigma (voxel space) = 0
     Total field sigma (voxel space) = 0
     Update field time sigma = 0
     Total field time sigma  = 0
     Number of time indices = 0
     Number of time point samples = 0
Registration using 1 total stages.

Stage 0
  iterations = 1000x500x250x100
  convergence threshold = 1e-06
  convergence window size = 10
  number of levels = 4
  using the Mattes MI metric (number of bins = 32, weight = 1, use gradient filter = 0)
  preprocessing:  winsorizing the image intensities
  Shrink factors (level 1 out of 4): [8, 8, 8]
  Shrink factors (level 2 out of 4): [4, 4, 4]
  Shrink factors (level 3 out of 4): [2, 2, 2]
  Shrink factors (level 4 out of 4): [1, 1, 1]
  smoothing sigmas per level: [3, 2, 1, 0]
  regular sampling (percentage = 0.25)

*** Running AffineTransform registration ***

DIAGNOSTIC,Iteration,metricValue,convergenceValue,ITERATION_TIME_INDEX,SINCE_LAST
 2DIAGNOSTIC,     1, -5.806290998420e-01, 1.797693134862e+308, 7.0709e-01, 7.0709e-01, 
 2DIAGNOSTIC,     2, -5.832407507918e-01, 1.797693134862e+308, 7.1242e-01, 5.3248e-03, 
 2DIAGNOSTIC,     3, -5.883921006182e-01, 1.797693134862e+308, 7.1674e-01, 4.3240e-03, 
 2DIAGNOSTIC,     4, -5.973582020917e-01, 1.797693134862e+308, 7.2099e-01, 4.2429e-03, 
 2DIAGNOSTIC,     5, -6.166279651537e-01, 1.797693134862e+308, 7.2518e-01, 4.1950e-03, 
 2DIAGNOSTIC,     6, -6.406440244670e-01, 1.797693134862e+308, 7.2947e-01, 4.2870e-03, 
 2DIAGNOSTIC,     7, -7.009864256249e-01, 1.797693134862e+308, 7.3376e-01, 4.2942e-03, 
 2DIAGNOSTIC,     8, -7.630482514323e-01, 1.797693134862e+308, 7.3821e-01, 4.4491e-03, 
 2DIAGNOSTIC,     9, -8.423469021647e-01, 1.797693134862e+308, 7.4540e-01, 7.1881e-03, 
 2DIAGNOSTIC,    10, -8.569694551652e-01, 2.845116130584e-02, 7.5013e-01, 4.7359e-03, 
 2DIAGNOSTIC,    11, -8.701917123279e-01, 2.871708895682e-02, 7.5571e-01, 5.5730e-03, 
 2DIAGNOSTIC,    12, -8.814645613829e-01, 2.683607374017e-02, 7.6382e-01, 8.1160e-03, 
 2DIAGNOSTIC,    13, -8.822368116800e-01, 2.307206284084e-02, 7.6872e-01, 4.8988e-03, 
 2DIAGNOSTIC,    14, -8.834458719605e-01, 1.815384140966e-02, 7.7343e-01, 4.7112e-03, 
 2DIAGNOSTIC,    15, -8.851322802350e-01, 1.292532926612e-02, 7.7816e-01, 4.7262e-03, 
 2DIAGNOSTIC,    16, -8.870480809776e-01, 7.902435073947e-03, 7.8289e-01, 4.7250e-03, 
 2DIAGNOSTIC,    17, -8.886777819902e-01, 4.189413180839e-03, 7.8890e-01, 6.0170e-03, 
 2DIAGNOSTIC,    18, -8.889448810676e-01, 1.810422431908e-03, 7.9495e-01, 6.0430e-03, 
 2DIAGNOSTIC,    19, -8.890594323578e-01, 1.083853134333e-03, 8.0028e-01, 5.3360e-03, 
 2DIAGNOSTIC,    20, -8.887882561899e-01, 5.969783267665e-04, 8.0586e-01, 5.5828e-03, 
 2DIAGNOSTIC,    21, -8.886098615859e-01, 3.264824913386e-04, 8.1240e-01, 6.5401e-03, 
 2DIAGNOSTIC,    22, -8.885249832659e-01, 2.361096523263e-04, 8.1773e-01, 5.3239e-03, 
 2DIAGNOSTIC,    23, -8.882875302979e-01, 1.410432909612e-04, 8.2308e-01, 5.3489e-03, 
 2DIAGNOSTIC,    24, -8.882052345333e-01, 5.851496534606e-05, 8.2787e-01, 4.7960e-03, 
DIAGNOSTIC,Iteration,metricValue,convergenceValue,ITERATION_TIME_INDEX,SINCE_LAST
 2DIAGNOSTIC,     1, -7.469015879670e-01, 1.797693134862e+308, 1.5081e+00, 6.8019e-01, 
 2DIAGNOSTIC,     2, -7.476337610428e-01, 1.797693134862e+308, 1.5446e+00, 3.6557e-02, 
 2DIAGNOSTIC,     3, -7.481984149294e-01, 1.797693134862e+308, 1.5829e+00, 3.8300e-02, 
 2DIAGNOSTIC,     4, -7.485348956969e-01, 1.797693134862e+308, 1.6193e+00, 3.6347e-02, 
 2DIAGNOSTIC,     5, -7.488723349289e-01, 1.797693134862e+308, 1.6532e+00, 3.3960e-02, 
 2DIAGNOSTIC,     6, -7.493028718329e-01, 1.797693134862e+308, 1.6935e+00, 4.0277e-02, 
 2DIAGNOSTIC,     7, -7.498240981569e-01, 1.797693134862e+308, 1.7379e+00, 4.4431e-02, 
 2DIAGNOSTIC,     8, -7.499189037918e-01, 1.797693134862e+308, 1.7742e+00, 3.6218e-02, 
 2DIAGNOSTIC,     9, -7.503981904086e-01, 1.797693134862e+308, 1.8187e+00, 4.4504e-02, 
 2DIAGNOSTIC,    10, -7.505578656713e-01, 3.049238827137e-04, 1.8551e+00, 3.6412e-02, 
 2DIAGNOSTIC,    11, -7.505227890113e-01, 2.385634266722e-04, 1.8962e+00, 4.1172e-02, 
 2DIAGNOSTIC,    12, -7.505011734243e-01, 1.844045620211e-04, 1.9384e+00, 4.2185e-02, 
 2DIAGNOSTIC,    13, -7.505088021128e-01, 1.388455003311e-04, 1.9797e+00, 4.1318e-02, 
 2DIAGNOSTIC,    14, -7.504878836919e-01, 9.580050910850e-05, 2.0175e+00, 3.7750e-02, 
 2DIAGNOSTIC,    15, -7.504848086749e-01, 5.820152887180e-05, 2.0570e+00, 3.9555e-02, 
 2DIAGNOSTIC,    16, -7.504811132279e-01, 3.014018325787e-05, 2.0928e+00, 3.5729e-02, 
 2DIAGNOSTIC,    17, -7.505241476766e-01, 1.550749275991e-05, 2.1366e+00, 4.3808e-02, 
 2DIAGNOSTIC,    18, -7.505179085471e-01, 2.820146371096e-06, 2.1773e+00, 4.0741e-02, 
DIAGNOSTIC,Iteration,metricValue,convergenceValue,ITERATION_TIME_INDEX,SINCE_LAST
 2DIAGNOSTIC,     1, -6.294203912722e-01, 1.797693134862e+308, 3.3258e+00, 1.1485e+00, 
 2DIAGNOSTIC,     2, -6.299360831162e-01, 1.797693134862e+308, 3.6328e+00, 3.0700e-01, 
 2DIAGNOSTIC,     3, -6.304673519129e-01, 1.797693134862e+308, 3.9194e+00, 2.8661e-01, 
 2DIAGNOSTIC,     4, -6.311514353173e-01, 1.797693134862e+308, 4.1968e+00, 2.7740e-01, 
 2DIAGNOSTIC,     5, -6.319702681999e-01, 1.797693134862e+308, 4.4718e+00, 2.7497e-01, 
 2DIAGNOSTIC,     6, -6.327349058015e-01, 1.797693134862e+308, 5.0116e+00, 5.3979e-01, 
 2DIAGNOSTIC,     7, -6.327262345594e-01, 1.797693134862e+308, 5.3970e+00, 3.8542e-01, 
 2DIAGNOSTIC,     8, -6.327233168894e-01, 1.797693134862e+308, 5.7012e+00, 3.0421e-01, 
 2DIAGNOSTIC,     9, -6.327209142192e-01, 1.797693134862e+308, 6.1173e+00, 4.1604e-01, 
 2DIAGNOSTIC,    10, -6.327171668772e-01, 3.710164726308e-04, 6.4433e+00, 3.2606e-01, 
 2DIAGNOSTIC,    11, -6.327147598937e-01, 2.563048516880e-04, 6.7656e+00, 3.2229e-01, 
 2DIAGNOSTIC,    12, -6.327139076358e-01, 1.574547230934e-04, 7.0616e+00, 2.9595e-01, 
 2DIAGNOSTIC,    13, -6.327092409597e-01, 7.817078965799e-05, 7.4003e+00, 3.3876e-01, 
 2DIAGNOSTIC,    14, -6.327084294933e-01, 2.484079922802e-05, 7.8201e+00, 4.1980e-01, 
DIAGNOSTIC,Iteration,metricValue,convergenceValue,ITERATION_TIME_INDEX,SINCE_LAST
 2DIAGNOSTIC,     1, -5.635833751537e-01, 1.797693134862e+308, 1.1137e+01, 3.3170e+00, 
 2DIAGNOSTIC,     2, -5.640382245304e-01, 1.797693134862e+308, 1.3286e+01, 2.1490e+00, 
 2DIAGNOSTIC,     3, -5.644828392222e-01, 1.797693134862e+308, 1.5107e+01, 1.8209e+00, 
 2DIAGNOSTIC,     4, -5.656655296362e-01, 1.797693134862e+308, 1.9856e+01, 4.7490e+00, 
 2DIAGNOSTIC,     5, -5.656655750876e-01, 1.797693134862e+308, 2.1963e+01, 2.1074e+00, 
 2DIAGNOSTIC,     6, -5.656654726458e-01, 1.797693134862e+308, 2.4055e+01, 2.0918e+00, 
 2DIAGNOSTIC,     7, -5.656653700567e-01, 1.797693134862e+308, 2.5977e+01, 1.9214e+00, 
 2DIAGNOSTIC,     8, -5.656652673626e-01, 1.797693134862e+308, 2.7791e+01, 1.8143e+00, 
 2DIAGNOSTIC,     9, -5.656651957823e-01, 1.797693134862e+308, 2.9838e+01, 2.0470e+00, 
 2DIAGNOSTIC,    10, -5.656650972948e-01, 2.210887896914e-04, 3.1598e+01, 1.7598e+00, 
 2DIAGNOSTIC,    11, -5.656650324002e-01, 1.244475797148e-04, 3.3572e+01, 1.9746e+00, 
 2DIAGNOSTIC,    12, -5.656649381964e-01, 5.214412424841e-05, 3.5407e+01, 1.8350e+00, 
 2DIAGNOSTIC,    13, -5.656648808082e-01, 2.384598204119e-06, 3.7303e+01, 1.8959e+00, 
 2DIAGNOSTIC,    14, -5.656649389829e-01, 2.216719400733e-06, 3.9097e+01, 1.7940e+00, 
 2DIAGNOSTIC,    15, -5.656647411613e-01, 2.071261574491e-06, 4.1012e+01, 1.9152e+00, 
 2DIAGNOSTIC,    16, -5.656645181778e-01, 1.938657877898e-06, 4.3344e+01, 2.3317e+00, 
 2DIAGNOSTIC,    17, -5.656643908126e-01, 1.819735997173e-06, 4.5257e+01, 1.9127e+00, 
 2DIAGNOSTIC,    18, -5.656641195358e-01, 1.708392113713e-06, 4.7174e+01, 1.9169e+00, 
 2DIAGNOSTIC,    19, -5.656640126105e-01, 1.609662482971e-06, 4.9489e+01, 2.3154e+00, 
 2DIAGNOSTIC,    20, -5.656638762843e-01, 1.521013660188e-06, 5.1619e+01, 2.1301e+00, 
 2DIAGNOSTIC,    21, -5.656637359054e-01, 1.442581205373e-06, 5.3632e+01, 2.0129e+00, 
 2DIAGNOSTIC,    22, -5.656635986694e-01, 1.372877087277e-06, 5.5335e+01, 1.7027e+00, 
 2DIAGNOSTIC,    23, -5.656634686837e-01, 1.311978838202e-06, 5.7083e+01, 1.7478e+00, 
 2DIAGNOSTIC,    24, -5.656633510096e-01, 1.261705172895e-06, 5.9011e+01, 1.9287e+00, 
 2DIAGNOSTIC,    25, -5.656633703833e-01, 1.217958941931e-06, 6.0932e+01, 1.9212e+00, 
 2DIAGNOSTIC,    26, -5.656632455509e-01, 1.175976851051e-06, 6.2715e+01, 1.7828e+00, 
 2DIAGNOSTIC,    27, -5.656631364933e-01, 1.137391683108e-06, 6.4734e+01, 2.0187e+00, 
 2DIAGNOSTIC,    28, -5.656631750241e-01, 1.101340615144e-06, 6.6686e+01, 1.9523e+00, 
 2DIAGNOSTIC,    29, -5.656630656250e-01, 1.067304401373e-06, 6.8487e+01, 1.8006e+00, 
 2DIAGNOSTIC,    30, -5.656628348381e-01, 1.032260883292e-06, 7.0312e+01, 1.8255e+00, 
  Elapsed time (stage 0): 7.1407e+01


Total elapsed time: 7.1410e+01
Info [verificarlo]: loaded backend libinterflop_vprec.so
Info [interflop-vprec]: load backend with: 
Info [interflop-vprec]: precision-binary32 = 15
Info [interflop-vprec]: range-binary32 = 7
Info [interflop-vprec]: precision-binary64 = 15
Info [interflop-vprec]: range-binary64 = 7
Info [interflop-vprec]: mode = ob
Info [interflop-vprec]: error-mode = rel
Info [interflop-vprec]: max-abs-error-exponent = -1022
Info [interflop-vprec]: daz = false
Info [interflop-vprec]: ftz = false
Info [interflop-vprec]: 	instrument = none
Info [interflop-vprec]: 	prec-input-file = (null)
Info [interflop-vprec]: 	prec-output-file = (null)
Info [interflop-vprec]: 	prec-log-file = (null)
All_Command_lines_OK
Using double precision for computations.
=============================================================================
The composite transform comprises the following transforms (in order): 
  1. /home/mdugre/scratch/mri-registration-rp/datasets/ds004513/derivatives/mri-registration-rp/0001/antsRegistration-r7-p15/sub-s017/affine_Composite.h5[0] (type = Euler3DTransform)
  2. /home/mdugre/scratch/mri-registration-rp/datasets/ds004513/derivatives/mri-registration-rp/0001/antsRegistration-r7-p15/sub-s017/affine_Composite.h5[1] (type = Euler3DTransform)
  3. /home/mdugre/scratch/mri-registration-rp/datasets/ds004513/derivatives/mri-registration-rp/0001/antsRegistration-r7-p15/sub-s017/affine_Composite.h5[2] (type = Euler3DTransform)
  4. /home/mdugre/scratch/mri-registration-rp/datasets/ds004513/derivatives/mri-registration-rp/0001/antsRegistration-r7-p15/sub-s017/affine_Composite.h5[3] (type = AffineTransform)
=============================================================================
  number of levels = 4
  fixed image: /templateflow/tpl-MNI152NLin2009cAsym/tpl-MNI152NLin2009cAsym_res-01_desc-brain_T1w.nii.gz
  moving image: /home/mdugre/scratch/mri-registration-rp/datasets/ds004513/derivatives/mri-registration-rp/antsBrainExtraction/sub-s017/BrainExtractionBrain.nii.gz
Dimension = 3
Number of stages = 1
Use histogram matching = false
Winsorize image intensities = true
  Lower quantile = 0.005
  Upper quantile = 0.995


Stage 1 State
   Image metric = CC
     Fixed image = Image (0x45576f0)
  RTTI typeinfo:   itk::Image<double, 3u>
  Reference Count: 2
  Modified Time: 1606
  Debug: Off
  Object Name: 
  Observers: 
    none
  Source: (none)
  Source output name: (none)
  Release Data: Off
  Data Released: False
  Global Release Data: Off
  PipelineMTime: 0
  UpdateMTime: 1217
  RealTimeStamp: 0 seconds 
  LargestPossibleRegion: 
    Dimension: 3
    Index: [0, 0, 0]
    Size: [193, 229, 193]
  BufferedRegion: 
    Dimension: 3
    Index: [0, 0, 0]
    Size: [193, 229, 193]
  RequestedRegion: 
    Dimension: 3
    Index: [0, 0, 0]
    Size: [193, 229, 193]
  Spacing: [1, 1, 1]
  Origin: [96, 132, -78]
  Direction: 
-1 0 0
0 -1 0
0 0 1

  IndexToPointMatrix: 
-1 0 0
0 -1 0
0 0 1

  PointToIndexMatrix: 
-1 0 0
0 -1 0
0 0 1

  Inverse Direction: 
-1 0 0
0 -1 0
0 0 1

  PixelContainer: 
    ImportImageContainer (0x46258b0)
