
##########################
# Experiment information #
##########################

EXPERIMENT_NAME: antsRegistration-r7-p16
VFC_BACKENDS: libinterflop_vprec.so --range-binary32=7 --precision-binary32=16 --range-binary64=7 --precision-binary64=16

SIF_IMG: /home/mdugre/projects/rrg-glatard/mdugre/containers/ants-vprec-no_metrics.simg

SUBJECT_ID: s035
INPUT_IMG: /home/mdugre/scratch/mri-registration-rp/datasets/ds004513/derivatives/mri-registration-rp/antsBrainExtraction/sub-s035/BrainExtractionBrain.nii.gz
OUTPUT_DIR: /home/mdugre/scratch/mri-registration-rp/datasets/ds004513/derivatives/mri-registration-rp/0001/antsRegistration-r7-p16/sub-s035

FIXED_IMG: /templateflow/tpl-MNI152NLin2009cAsym/tpl-MNI152NLin2009cAsym_res-01_desc-brain_T1w.nii.gz
DATA_DIR: /home/mdugre/scratch/mri-registration-rp/datasets/ds004513
TEMPLATEFLOW_DIR: /home/mdugre/projects/rrg-glatard/mdugre/templateflow
ITK_GLOBAL_DEFAULT_NUMBER_OF_THREADS: 16
##########################

Info [verificarlo]: loaded backend libinterflop_ieee.so
Info [interflop-ieee]: load backend with:
Info [interflop-ieee]: debug = false
Info [interflop-ieee]: debug-binary = false
Info [interflop-ieee]: no-backend-name = false
Info [interflop-ieee]: print-new-line = false
Info [interflop-ieee]: print-subnormal-normalized = false
Info [interflop-ieee]: count-op = false
All_Command_lines_OK
Using double precision for computations.
=============================================================================
The composite transform comprises the following transforms (in order): 
  1. Center of mass alignment using fixed image: /templateflow/tpl-MNI152NLin2009cAsym/tpl-MNI152NLin2009cAsym_res-01_desc-brain_T1w.nii.gz and moving image: /home/mdugre/scratch/mri-registration-rp/datasets/ds004513/derivatives/mri-registration-rp/antsBrainExtraction/sub-s035/BrainExtractionBrain.nii.gz (type = Euler3DTransform)
=============================================================================
  number of levels = 1
  fixed image: /templateflow/tpl-MNI152NLin2009cAsym/tpl-MNI152NLin2009cAsym_res-01_desc-brain_T1w.nii.gz
  moving image: /home/mdugre/scratch/mri-registration-rp/datasets/ds004513/derivatives/mri-registration-rp/antsBrainExtraction/sub-s035/BrainExtractionBrain.nii.gz
Dimension = 3
Number of stages = 1
Use histogram matching = false
Winsorize image intensities = true
  Lower quantile = 0.005
  Upper quantile = 0.995


Stage 1 State
   Image metric = MattesMI
     Fixed image = Image (0x4aace70)
  RTTI typeinfo:   itk::Image<double, 3u>
  Reference Count: 2
  Modified Time: 2330
  Debug: Off
  Object Name: 
  Observers: 
    none
  Source: (none)
  Source output name: (none)
  Release Data: Off
  Data Released: False
  Global Release Data: Off
  PipelineMTime: 0
  UpdateMTime: 1941
  RealTimeStamp: 0 seconds 
  LargestPossibleRegion: 
    Dimension: 3
    Index: [0, 0, 0]
    Size: [193, 229, 193]
  BufferedRegion: 
    Dimension: 3
    Index: [0, 0, 0]
    Size: [193, 229, 193]
  RequestedRegion: 
    Dimension: 3
    Index: [0, 0, 0]
    Size: [193, 229, 193]
  Spacing: [1, 1, 1]
  Origin: [96, 132, -78]
  Direction: 
-1 0 0
0 -1 0
0 0 1

  IndexToPointMatrix: 
-1 0 0
0 -1 0
0 0 1

  PointToIndexMatrix: 
-1 0 0
0 -1 0
0 0 1

  Inverse Direction: 
-1 0 0
0 -1 0
0 0 1

  PixelContainer: 
    ImportImageContainer (0x4ab5c60)
      RTTI typeinfo:   itk::ImportImageContainer<unsigned long, double>
      Reference Count: 1
      Modified Time: 1938
      Debug: Off
      Object Name: 
      Observers: 
        none
      Pointer: 0x14596208d010
      Container manages memory: true
      Size: 8530021
      Capacity: 8530021

     Moving image = Image (0x4b49ec0)
  RTTI typeinfo:   itk::Image<double, 3u>
  Reference Count: 2
  Modified Time: 2331
  Debug: Off
  Object Name: 
  Observers: 
    none
  Source: (none)
  Source output name: (none)
  Release Data: Off
  Data Released: False
  Global Release Data: Off
  PipelineMTime: 0
  UpdateMTime: 2328
  RealTimeStamp: 0 seconds 
  LargestPossibleRegion: 
    Dimension: 3
    Index: [0, 0, 0]
    Size: [160, 240, 256]
  BufferedRegion: 
    Dimension: 3
    Index: [0, 0, 0]
    Size: [160, 240, 256]
  RequestedRegion: 
    Dimension: 3
    Index: [0, 0, 0]
    Size: [160, 240, 256]
  Spacing: [1, 1, 1]
  Origin: [98.6438, 87.6358, -117.989]
  Direction: 
-0.993515 -0.100993 -0.0522355
0.100854 -0.994887 0.00530255
-0.0525039 1.93537e-08 0.998621

  IndexToPointMatrix: 
-0.993515 -0.100993 -0.0522355
0.100854 -0.994887 0.00530255
-0.0525039 1.93537e-08 0.998621

  PointToIndexMatrix: 
-0.993515 0.100854 -0.0525039
-0.100993 -0.994887 1.93006e-08
-0.0522355 0.00530255 0.998621

  Inverse Direction: 
-0.993515 0.100854 -0.0525039
-0.100993 -0.994887 1.93006e-08
-0.0522355 0.00530255 0.998621

  PixelContainer: 
    ImportImageContainer (0x4be1610)
      RTTI typeinfo:   itk::ImportImageContainer<unsigned long, double>
      Reference Count: 1
      Modified Time: 2325
      Debug: Off
      Object Name: 
      Observers: 
        none
      Pointer: 0x14595d58c010
      Container manages memory: true
      Size: 9830400
      Capacity: 9830400

     Weighting = 1
     Sampling strategy = regular
     Number of bins = 32
     Radius = 4
     Sampling percentage  = 0.25
   Transform = Rigid
     Gradient step = 0.1
     Update field sigma (voxel space) = 0
     Total field sigma (voxel space) = 0
     Update field time sigma = 0
     Total field time sigma  = 0
     Number of time indices = 0
     Number of time point samples = 0
Registration using 1 total stages.

Stage 0
  iterations = 0
  convergence threshold = 1e-06
  convergence window size = 10
  number of levels = 1
  using the Mattes MI metric (number of bins = 32, weight = 1, use gradient filter = 0)
  preprocessing:  winsorizing the image intensities
  Shrink factors (level 1 out of 1): [1, 1, 1]
  smoothing sigmas per level: [0]
  regular sampling (percentage = 0.25)

*** Running Euler3DTransform registration ***

  Elapsed time (stage 0): 1.15806


Total elapsed time: 1.16012
Info [verificarlo]: loaded backend libinterflop_ieee.so
Info [interflop-ieee]: load backend with:
Info [interflop-ieee]: debug = false
Info [interflop-ieee]: debug-binary = false
Info [interflop-ieee]: no-backend-name = false
Info [interflop-ieee]: print-new-line = false
Info [interflop-ieee]: print-subnormal-normalized = false
Info [interflop-ieee]: count-op = false
All_Command_lines_OK
Using double precision for computations.
=============================================================================
The composite transform comprises the following transforms (in order): 
  1. /home/mdugre/scratch/mri-registration-rp/datasets/ds004513/derivatives/mri-registration-rp/0001/antsRegistration-r7-p16/sub-s035/align_Composite.h5[0] (type = Euler3DTransform)
  2. /home/mdugre/scratch/mri-registration-rp/datasets/ds004513/derivatives/mri-registration-rp/0001/antsRegistration-r7-p16/sub-s035/align_Composite.h5[1] (type = Euler3DTransform)
=============================================================================
  number of levels = 4
  fixed image: /templateflow/tpl-MNI152NLin2009cAsym/tpl-MNI152NLin2009cAsym_res-01_desc-brain_T1w.nii.gz
  moving image: /home/mdugre/scratch/mri-registration-rp/datasets/ds004513/derivatives/mri-registration-rp/antsBrainExtraction/sub-s035/BrainExtractionBrain.nii.gz
Dimension = 3
Number of stages = 1
Use histogram matching = false
Winsorize image intensities = true
  Lower quantile = 0.005
  Upper quantile = 0.995


Stage 1 State
   Image metric = MattesMI
     Fixed image = Image (0x4117530)
  RTTI typeinfo:   itk::Image<double, 3u>
  Reference Count: 2
  Modified Time: 1578
  Debug: Off
  Object Name: 
  Observers: 
    none
  Source: (none)
  Source output name: (none)
  Release Data: Off
  Data Released: False
  Global Release Data: Off
  PipelineMTime: 0
  UpdateMTime: 1189
  RealTimeStamp: 0 seconds 
  LargestPossibleRegion: 
    Dimension: 3
    Index: [0, 0, 0]
    Size: [193, 229, 193]
  BufferedRegion: 
    Dimension: 3
    Index: [0, 0, 0]
    Size: [193, 229, 193]
  RequestedRegion: 
    Dimension: 3
    Index: [0, 0, 0]
    Size: [193, 229, 193]
  Spacing: [1, 1, 1]
  Origin: [96, 132, -78]
  Direction: 
-1 0 0
0 -1 0
0 0 1

  IndexToPointMatrix: 
-1 0 0
0 -1 0
0 0 1

  PointToIndexMatrix: 
-1 0 0
0 -1 0
0 0 1

  Inverse Direction: 
-1 0 0
0 -1 0
0 0 1

  PixelContainer: 
    ImportImageContainer (0x41d5d60)
      RTTI typeinfo:   itk::ImportImageContainer<unsigned long, double>
      Reference Count: 1
      Modified Time: 1186
      Debug: Off
      Object Name: 
      Observers: 
        none
      Pointer: 0x14df9a1cc010
      Container manages memory: true
      Size: 8530021
      Capacity: 8530021

     Moving image = Image (0x41c7f60)
  RTTI typeinfo:   itk::Image<double, 3u>
  Reference Count: 2
  Modified Time: 1579
  Debug: Off
  Object Name: 
  Observers: 
    none
  Source: (none)
  Source output name: (none)
  Release Data: Off
  Data Released: False
  Global Release Data: Off
  PipelineMTime: 0
  UpdateMTime: 1576
  RealTimeStamp: 0 seconds 
  LargestPossibleRegion: 
    Dimension: 3
    Index: [0, 0, 0]
    Size: [160, 240, 256]
  BufferedRegion: 
    Dimension: 3
    Index: [0, 0, 0]
    Size: [160, 240, 256]
  RequestedRegion: 
    Dimension: 3
    Index: [0, 0, 0]
    Size: [160, 240, 256]
  Spacing: [1, 1, 1]
  Origin: [98.6438, 87.6358, -117.989]
  Direction: 
-0.993515 -0.100993 -0.0522355
0.100854 -0.994887 0.00530255
-0.0525039 1.93537e-08 0.998621

  IndexToPointMatrix: 
-0.993515 -0.100993 -0.0522355
0.100854 -0.994887 0.00530255
-0.0525039 1.93537e-08 0.998621

  PointToIndexMatrix: 
-0.993515 0.100854 -0.0525039
-0.100993 -0.994887 1.93006e-08
-0.0522355 0.00530255 0.998621

  Inverse Direction: 
-0.993515 0.100854 -0.0525039
-0.100993 -0.994887 1.93006e-08
-0.0522355 0.00530255 0.998621

  PixelContainer: 
    ImportImageContainer (0x41b96d0)
      RTTI typeinfo:   itk::ImportImageContainer<unsigned long, double>
      Reference Count: 1
      Modified Time: 1573
      Debug: Off
      Object Name: 
      Observers: 
        none
      Pointer: 0x14df956cb010
      Container manages memory: true
      Size: 9830400
      Capacity: 9830400

     Weighting = 1
     Sampling strategy = regular
     Number of bins = 32
     Radius = 4
     Sampling percentage  = 0.25
   Transform = Rigid
     Gradient step = 0.1
     Update field sigma (voxel space) = 0
     Total field sigma (voxel space) = 0
     Update field time sigma = 0
     Total field time sigma  = 0
     Number of time indices = 0
     Number of time point samples = 0
Registration using 1 total stages.

Stage 0
  iterations = 1000x500x250x100
  convergence threshold = 1e-06
  convergence window size = 10
  number of levels = 4
  using the Mattes MI metric (number of bins = 32, weight = 1, use gradient filter = 0)
  preprocessing:  winsorizing the image intensities
  Shrink factors (level 1 out of 4): [8, 8, 8]
  Shrink factors (level 2 out of 4): [4, 4, 4]
  Shrink factors (level 3 out of 4): [2, 2, 2]
  Shrink factors (level 4 out of 4): [1, 1, 1]
  smoothing sigmas per level: [3, 2, 1, 0]
  regular sampling (percentage = 0.25)

*** Running Euler3DTransform registration ***

DIAGNOSTIC,Iteration,metricValue,convergenceValue,ITERATION_TIME_INDEX,SINCE_LAST
 2DIAGNOSTIC,     1, -5.238630234552e-01, 1.797693134862e+308, 7.4399e-01, 7.4399e-01, 
 2DIAGNOSTIC,     2, -5.257885820767e-01, 1.797693134862e+308, 7.4845e-01, 4.4608e-03, 
 2DIAGNOSTIC,     3, -5.278597554839e-01, 1.797693134862e+308, 7.5363e-01, 5.1780e-03, 
 2DIAGNOSTIC,     4, -5.302176117225e-01, 1.797693134862e+308, 7.5822e-01, 4.5919e-03, 
 2DIAGNOSTIC,     5, -5.343462816845e-01, 1.797693134862e+308, 7.6279e-01, 4.5679e-03, 
 2DIAGNOSTIC,     6, -5.399239396740e-01, 1.797693134862e+308, 7.6721e-01, 4.4260e-03, 
 2DIAGNOSTIC,     7, -5.490554822001e-01, 1.797693134862e+308, 7.7157e-01, 4.3571e-03, 
 2DIAGNOSTIC,     8, -5.545204224448e-01, 1.797693134862e+308, 7.7732e-01, 5.7461e-03, 
 2DIAGNOSTIC,     9, -5.601437715553e-01, 1.797693134862e+308, 7.8162e-01, 4.3001e-03, 
 2DIAGNOSTIC,    10, -5.617741193774e-01, 5.067640484485e-03, 7.8675e-01, 5.1320e-03, 
 2DIAGNOSTIC,    11, -5.649562249041e-01, 4.796539612083e-03, 7.9335e-01, 6.6011e-03, 
 2DIAGNOSTIC,    12, -5.658710903081e-01, 4.260783098155e-03, 7.9875e-01, 5.4040e-03, 
 2DIAGNOSTIC,    13, -5.662828333056e-01, 3.524744036646e-03, 8.0370e-01, 4.9491e-03, 
 2DIAGNOSTIC,    14, -5.685908474577e-01, 2.751340472952e-03, 8.0890e-01, 5.1961e-03, 
 2DIAGNOSTIC,    15, -5.732745043306e-01, 2.134644679428e-03, 8.1564e-01, 6.7399e-03, 
 2DIAGNOSTIC,    16, -5.738084427846e-01, 1.591333148336e-03, 8.2140e-01, 5.7659e-03, 
 2DIAGNOSTIC,    17, -5.739093703465e-01, 1.247363567741e-03, 8.2626e-01, 4.8540e-03, 
 2DIAGNOSTIC,    18, -5.745773598458e-01, 1.002163966316e-03, 8.3077e-01, 4.5099e-03, 
 2DIAGNOSTIC,    19, -5.752045522722e-01, 8.579763081915e-04, 8.3540e-01, 4.6291e-03, 
 2DIAGNOSTIC,    20, -5.755578777726e-01, 6.955845773850e-04, 8.4003e-01, 4.6329e-03, 
 2DIAGNOSTIC,    21, -5.761681227724e-01, 5.767135182669e-04, 8.4461e-01, 4.5781e-03, 
 2DIAGNOSTIC,    22, -5.775610178280e-01, 4.707067062492e-04, 8.4955e-01, 4.9450e-03, 
 2DIAGNOSTIC,    23, -5.801876522129e-01, 3.965856196686e-04, 8.5442e-01, 4.8621e-03, 
 2DIAGNOSTIC,    24, -5.873578871728e-01, 4.881452203142e-04, 8.6106e-01, 6.6421e-03, 
 2DIAGNOSTIC,    25, -5.924052233424e-01, 7.199711433379e-04, 8.6744e-01, 6.3841e-03, 
 2DIAGNOSTIC,    26, -5.933789722465e-01, 8.944842697699e-04, 8.7314e-01, 5.7011e-03, 
 2DIAGNOSTIC,    27, -5.948140362528e-01, 1.002036484205e-03, 8.7821e-01, 5.0690e-03, 
 2DIAGNOSTIC,    28, -5.954370004491e-01, 1.029952320639e-03, 8.8271e-01, 4.4959e-03, 
 2DIAGNOSTIC,    29, -5.955619965568e-01, 9.699000560845e-04, 8.8749e-01, 4.7860e-03, 
 2DIAGNOSTIC,    30, -5.960977142387e-01, 8.366692958232e-04, 8.9201e-01, 4.5118e-03, 
 2DIAGNOSTIC,    31, -5.971105016099e-01, 6.606986234159e-04, 8.9730e-01, 5.2960e-03, 
 2DIAGNOSTIC,    32, -5.989728413270e-01, 4.853112631957e-04, 9.0414e-01, 6.8409e-03, 
 2DIAGNOSTIC,    33, -5.996340170936e-01, 3.222359244546e-04, 9.0901e-01, 4.8699e-03, 
 2DIAGNOSTIC,    34, -5.997688324611e-01, 2.443793009553e-04, 9.1351e-01, 4.5011e-03, 
 2DIAGNOSTIC,    35, -5.999328162587e-01, 2.224308782201e-04, 9.1909e-01, 5.5730e-03, 
 2DIAGNOSTIC,    36, -6.001598298384e-01, 1.965988100651e-04, 9.2360e-01, 4.5090e-03, 
 2DIAGNOSTIC,    37, -6.004938012837e-01, 1.767006112436e-04, 9.2857e-01, 4.9748e-03, 
 2DIAGNOSTIC,    38, -6.008280009994e-01, 1.536048156665e-04, 9.3322e-01, 4.6461e-03, 
 2DIAGNOSTIC,    39, -6.038559363843e-01, 1.574331425123e-04, 9.3877e-01, 5.5571e-03, 
 2DIAGNOSTIC,    40, -6.077047305760e-01, 1.993081279602e-04, 9.4364e-01, 4.8702e-03, 
 2DIAGNOSTIC,    41, -6.174632685508e-01, 3.481386957055e-04, 9.4973e-01, 6.0899e-03, 
 2DIAGNOSTIC,    42, -6.161977728299e-01, 4.608905281209e-04, 9.5916e-01, 9.4280e-03, 
 2DIAGNOSTIC,    43, -6.161564361904e-01, 5.335367465703e-04, 9.6351e-01, 4.3430e-03, 
 2DIAGNOSTIC,    44, -6.170772074054e-01, 5.644816095677e-04, 9.6804e-01, 4.5300e-03, 
 2DIAGNOSTIC,    45, -6.185357157129e-01, 5.560470672810e-04, 9.7226e-01, 4.2241e-03, 
 2DIAGNOSTIC,    46, -6.206472529466e-01, 5.180554369480e-04, 9.7632e-01, 4.0650e-03, 
 2DIAGNOSTIC,    47, -6.234100383896e-01, 4.649601933231e-04, 9.8085e-01, 4.5209e-03, 
 2DIAGNOSTIC,    48, -6.282459748233e-01, 4.232183309602e-04, 9.8499e-01, 4.1411e-03, 
 2DIAGNOSTIC,    49, -6.332856988043e-01, 4.219355863837e-04, 9.8971e-01, 4.7209e-03, 
 2DIAGNOSTIC,    50, -6.437673410080e-01, 5.158705413877e-04, 9.9505e-01, 5.3391e-03, 
 2DIAGNOSTIC,    51, -6.567709943352e-01, 7.709777248076e-04, 9.9998e-01, 4.9319e-03, 
 2DIAGNOSTIC,    52, -6.630139261404e-01, 9.856120024410e-04, 1.0049e+00, 4.9481e-03, 
 2DIAGNOSTIC,    53, -6.637658025213e-01, 1.103855188035e-03, 1.0097e+00, 4.7371e-03, 
 2DIAGNOSTIC,    54, -6.646848107687e-01, 1.129224793376e-03, 1.0144e+00, 4.7309e-03, 
 2DIAGNOSTIC,    55, -6.699955082966e-01, 1.103370582573e-03, 1.0226e+00, 8.1930e-03, 
 2DIAGNOSTIC,    56, -6.720090115596e-01, 1.005090176811e-03, 1.0289e+00, 6.3350e-03, 
 2DIAGNOSTIC,    57, -6.720481885862e-01, 8.375242104430e-04, 1.0336e+00, 4.7071e-03, 
 2DIAGNOSTIC,    58, -6.725919713393e-01, 6.425668130325e-04, 1.0378e+00, 4.1549e-03, 
 2DIAGNOSTIC,    59, -6.729036454816e-01, 4.360797324383e-04, 1.0426e+00, 4.8330e-03, 
 2DIAGNOSTIC,    60, -6.731488759758e-01, 2.773044513238e-04, 1.0469e+00, 4.3271e-03, 
 2DIAGNOSTIC,    61, -6.734259099255e-01, 1.993310169228e-04, 1.0513e+00, 4.3461e-03, 
 2DIAGNOSTIC,    62, -6.739132149284e-01, 1.568959178467e-04, 1.0557e+00, 4.3972e-03, 
 2DIAGNOSTIC,    63, -6.762843246413e-01, 1.247260810728e-04, 1.0624e+00, 6.7320e-03, 
 2DIAGNOSTIC,    64, -6.766381567096e-01, 8.969322756722e-05, 1.0677e+00, 5.2478e-03, 
 2DIAGNOSTIC,    65, -6.771215205199e-01, 8.898253344617e-05, 1.0723e+00, 4.5881e-03, 
 2DIAGNOSTIC,    66, -6.778537235967e-01, 9.953391300648e-05, 1.0774e+00, 5.0969e-03, 
 2DIAGNOSTIC,    67, -6.792268327381e-01, 1.098306684438e-04, 1.0838e+00, 6.4359e-03, 
 2DIAGNOSTIC,    68, -6.807680830544e-01, 1.231389527437e-04, 1.0883e+00, 4.5099e-03, 
 2DIAGNOSTIC,    69, -6.815199587252e-01, 1.312164069975e-04, 1.0929e+00, 4.5950e-03, 
 2DIAGNOSTIC,    70, -6.818104773385e-01, 1.303110351334e-04, 1.0991e+00, 6.2070e-03, 
 2DIAGNOSTIC,    71, -6.820510250514e-01, 1.205023674853e-04, 1.1036e+00, 4.5340e-03, 
 2DIAGNOSTIC,    72, -6.822316979629e-01, 1.032402068388e-04, 1.1081e+00, 4.5121e-03, 
 2DIAGNOSTIC,    73, -6.825798766197e-01, 9.372198804190e-05, 1.1143e+00, 6.1610e-03, 
 2DIAGNOSTIC,    74, -6.826263911925e-01, 7.797264859459e-05, 1.1188e+00, 4.4520e-03, 
 2DIAGNOSTIC,    75, -6.826914528391e-01, 5.871089424570e-05, 1.1232e+00, 4.4839e-03, 
 2DIAGNOSTIC,    76, -6.828123271728e-01, 3.951651507680e-05, 1.1277e+00, 4.5021e-03, 
 2DIAGNOSTIC,    77, -6.832344918193e-01, 2.762812837222e-05, 1.1324e+00, 4.6170e-03, 
 2DIAGNOSTIC,    78, -6.838171709491e-01, 2.580783642912e-05, 1.1391e+00, 6.7141e-03, 
 2DIAGNOSTIC,    79, -6.837376285350e-01, 2.542014202386e-05, 1.1436e+00, 4.4920e-03, 
 2DIAGNOSTIC,    80, -6.837940906251e-01, 2.471284302502e-05, 1.1481e+00, 4.5269e-03, 
 2DIAGNOSTIC,    81, -6.839726426982e-01, 2.407023616052e-05, 1.1526e+00, 4.5171e-03, 
 2DIAGNOSTIC,    82, -6.841107680099e-01, 2.281038131416e-05, 1.1571e+00, 4.5052e-03, 
 2DIAGNOSTIC,    83, -6.851045690620e-01, 2.675715005568e-05, 1.1636e+00, 6.5160e-03, 
 2DIAGNOSTIC,    84, -6.858177514878e-01, 3.208747490010e-05, 1.1691e+00, 5.5110e-03, 
 2DIAGNOSTIC,    85, -6.861555337849e-01, 3.640279503955e-05, 1.1762e+00, 7.0350e-03, 
 2DIAGNOSTIC,    86, -6.861558294010e-01, 3.780066935998e-05, 1.1806e+00, 4.3812e-03, 
 2DIAGNOSTIC,    87, -6.861668459219e-01, 3.777656255314e-05, 1.1849e+00, 4.3819e-03, 
 2DIAGNOSTIC,    88, -6.861798949694e-01, 3.717387470049e-05, 1.1893e+00, 4.3609e-03, 
 2DIAGNOSTIC,    89, -6.861875882107e-01, 3.259252022036e-05, 1.1942e+00, 4.9400e-03, 
 2DIAGNOSTIC,    90, -6.861914090911e-01, 2.533767880884e-05, 1.1987e+00, 4.4351e-03, 
 2DIAGNOSTIC,    91, -6.861983998511e-01, 1.686211518394e-05, 1.2030e+00, 4.3612e-03, 
 2DIAGNOSTIC,    92, -6.862113004657e-01, 7.665972146046e-06, 1.2074e+00, 4.3659e-03, 
 2DIAGNOSTIC,    93, -6.862267019055e-01, 2.805837621557e-06, 1.2118e+00, 4.3490e-03, 
 2DIAGNOSTIC,    94, -6.862421147683e-01, 1.277218288754e-06, 1.2168e+00, 5.0180e-03, 
 2DIAGNOSTIC,    95, -6.863402662553e-01, 1.767539885133e-06, 1.2222e+00, 5.4679e-03, 
 2DIAGNOSTIC,    96, -6.863402386943e-01, 2.100216749045e-06, 1.2266e+00, 4.3728e-03, 
 2DIAGNOSTIC,    97, -6.863404830025e-01, 2.313729178065e-06, 1.2310e+00, 4.3781e-03, 
 2DIAGNOSTIC,    98, -6.863412458363e-01, 2.401986406150e-06, 1.2359e+00, 4.8761e-03, 
 2DIAGNOSTIC,    99, -6.863464797574e-01, 2.346406061952e-06, 1.2427e+00, 6.8059e-03, 
 2DIAGNOSTIC,   100, -6.863467829395e-01, 2.109911571705e-06, 1.2487e+00, 6.0179e-03, 
 2DIAGNOSTIC,   101, -6.863467888164e-01, 1.737772946377e-06, 1.2718e+00, 2.3070e-02, 
 2DIAGNOSTIC,   102, -6.863467888163e-01, 1.301407148307e-06, 1.2812e+00, 9.3899e-03, 
DIAGNOSTIC,Iteration,metricValue,convergenceValue,ITERATION_TIME_INDEX,SINCE_LAST
 2DIAGNOSTIC,     1, -5.582109447384e-01, 1.797693134862e+308, 1.9855e+00, 7.0439e-01, 
 2DIAGNOSTIC,     2, -5.585588751336e-01, 1.797693134862e+308, 2.0148e+00, 2.9264e-02, 
 2DIAGNOSTIC,     3, -5.591021133523e-01, 1.797693134862e+308, 2.0445e+00, 2.9696e-02, 
 2DIAGNOSTIC,     4, -5.597969529522e-01, 1.797693134862e+308, 2.0747e+00, 3.0203e-02, 
 2DIAGNOSTIC,     5, -5.608404084207e-01, 1.797693134862e+308, 2.1078e+00, 3.3058e-02, 
 2DIAGNOSTIC,     6, -5.612105835029e-01, 1.797693134862e+308, 2.1384e+00, 3.0680e-02, 
 2DIAGNOSTIC,     7, -5.624342378382e-01, 1.797693134862e+308, 2.1779e+00, 3.9492e-02, 
 2DIAGNOSTIC,     8, -5.635463061574e-01, 1.797693134862e+308, 2.2089e+00, 3.0996e-02, 
 2DIAGNOSTIC,     9, -5.651869518554e-01, 1.797693134862e+308, 2.2435e+00, 3.4550e-02, 
 2DIAGNOSTIC,    10, -5.659754961805e-01, 9.126464639755e-04, 2.2818e+00, 3.8286e-02, 
 2DIAGNOSTIC,    11, -5.659953003163e-01, 8.623496749966e-04, 2.3170e+00, 3.5206e-02, 
 2DIAGNOSTIC,    12, -5.662152799799e-01, 7.681872558850e-04, 2.3506e+00, 3.3582e-02, 
 2DIAGNOSTIC,    13, -5.661915468424e-01, 6.387801512036e-04, 2.3812e+00, 3.0624e-02, 
 2DIAGNOSTIC,    14, -5.662346858410e-01, 4.954945970297e-04, 2.4222e+00, 4.0998e-02, 
 2DIAGNOSTIC,    15, -5.662694351952e-01, 3.628560314080e-04, 2.4545e+00, 3.2365e-02, 
 2DIAGNOSTIC,    16, -5.662645015911e-01, 2.253402915962e-04, 2.4839e+00, 2.9339e-02, 
 2DIAGNOSTIC,    17, -5.662523022999e-01, 1.194265931162e-04, 2.5140e+00, 3.0092e-02, 
 2DIAGNOSTIC,    18, -5.662819277541e-01, 4.543102785462e-05, 2.5455e+00, 3.1575e-02, 
 2DIAGNOSTIC,    19, -5.663079689995e-01, 1.889302995241e-05, 2.5787e+00, 3.3131e-02, 
 2DIAGNOSTIC,    20, -5.663163592311e-01, 1.351551587499e-05, 2.6210e+00, 4.2294e-02, 
 2DIAGNOSTIC,    21, -5.663202287698e-01, 7.982268614315e-06, 2.6481e+00, 2.7176e-02, 
 2DIAGNOSTIC,    22, -5.663126437641e-01, 7.267719100958e-06, 2.6800e+00, 3.1885e-02, 
 2DIAGNOSTIC,    23, -5.662970997488e-01, 5.188211683632e-06, 2.7203e+00, 4.0267e-02, 
 2DIAGNOSTIC,    24, -5.662903720649e-01, 3.660806780915e-06, 2.7519e+00, 3.1582e-02, 
 2DIAGNOSTIC,    25, -5.662663267639e-01, 2.254964399317e-06, 2.7822e+00, 3.0336e-02, 
DIAGNOSTIC,Iteration,metricValue,convergenceValue,ITERATION_TIME_INDEX,SINCE_LAST
 2DIAGNOSTIC,     1, -5.037686453241e-01, 1.797693134862e+308, 3.8562e+00, 1.0740e+00, 
 2DIAGNOSTIC,     2, -5.039736047972e-01, 1.797693134862e+308, 4.0723e+00, 2.1611e-01, 
 2DIAGNOSTIC,     3, -5.041687528506e-01, 1.797693134862e+308, 4.2936e+00, 2.2124e-01, 
 2DIAGNOSTIC,     4, -5.043046142105e-01, 1.797693134862e+308, 4.6437e+00, 3.5007e-01, 
 2DIAGNOSTIC,     5, -5.043074968116e-01, 1.797693134862e+308, 4.9209e+00, 2.7725e-01, 
 2DIAGNOSTIC,     6, -5.043028815932e-01, 1.797693134862e+308, 5.1842e+00, 2.6327e-01, 
 2DIAGNOSTIC,     7, -5.043031206715e-01, 1.797693134862e+308, 5.5290e+00, 3.4486e-01, 
 2DIAGNOSTIC,     8, -5.043031924562e-01, 1.797693134862e+308, 5.8352e+00, 3.0614e-01, 
 2DIAGNOSTIC,     9, -5.043028135732e-01, 1.797693134862e+308, 6.1020e+00, 2.6679e-01, 
 2DIAGNOSTIC,    10, -5.043025390959e-01, 5.472563661783e-05, 6.3390e+00, 2.3702e-01, 
 2DIAGNOSTIC,    11, -5.043026989492e-01, 2.557874834903e-05, 6.6197e+00, 2.8070e-01, 
 2DIAGNOSTIC,    12, -5.043037812721e-01, 8.750740515803e-06, 6.9897e+00, 3.7001e-01, 
 2DIAGNOSTIC,    13, -5.043030719628e-01, 2.219653218269e-06, 7.2267e+00, 2.3702e-01, 
 2DIAGNOSTIC,    14, -5.043005389890e-01, 2.006609873567e-06, 7.4631e+00, 2.3636e-01, 
 2DIAGNOSTIC,    15, -5.043000606139e-01, 1.944983291383e-06, 7.6869e+00, 2.2380e-01, 
 2DIAGNOSTIC,    16, -5.043017694451e-01, 1.803176838830e-06, 7.9233e+00, 2.3639e-01, 
 2DIAGNOSTIC,    17, -5.043036335821e-01, 1.760748129485e-06, 8.1883e+00, 2.6503e-01, 
 2DIAGNOSTIC,    18, -5.043043125063e-01, 1.756356258258e-06, 8.4460e+00, 2.5767e-01, 
 2DIAGNOSTIC,    19, -5.043021027348e-01, 1.679793210120e-06, 8.7005e+00, 2.5450e-01, 
 2DIAGNOSTIC,    20, -5.043045556933e-01, 1.674867690156e-06, 8.9930e+00, 2.9257e-01, 
 2DIAGNOSTIC,    21, -5.043029513731e-01, 1.618414879570e-06, 9.2543e+00, 2.6131e-01, 
 2DIAGNOSTIC,    22, -5.043022487493e-01, 1.566670888221e-06, 9.4792e+00, 2.2488e-01, 
 2DIAGNOSTIC,    23, -5.043017040453e-01, 1.480482856565e-06, 9.7236e+00, 2.4440e-01, 
 2DIAGNOSTIC,    24, -5.043012311437e-01, 1.323436143605e-06, 9.9883e+00, 2.6467e-01, 
 2DIAGNOSTIC,    25, -5.043018831022e-01, 1.182003847432e-06, 1.0244e+01, 2.5586e-01, 
 2DIAGNOSTIC,    26, -5.043046807951e-01, 1.155610838549e-06, 1.0497e+01, 2.5247e-01, 
 2DIAGNOSTIC,    27, -5.043064470747e-01, 1.211975594363e-06, 1.0754e+01, 2.5731e-01, 
 2DIAGNOSTIC,    28, -5.043062469204e-01, 1.272262579705e-06, 1.0999e+01, 2.4522e-01, 
 2DIAGNOSTIC,    29, -5.043074930252e-01, 1.296399259214e-06, 1.1323e+01, 3.2355e-01, 
 2DIAGNOSTIC,    30, -5.043081647010e-01, 1.358765201569e-06, 1.1577e+01, 2.5419e-01, 
 2DIAGNOSTIC,    31, -5.043092956249e-01, 1.379204886277e-06, 1.1862e+01, 2.8491e-01, 
 2DIAGNOSTIC,    32, -5.043115661939e-01, 1.392126700035e-06, 1.2151e+01, 2.8933e-01, 
 2DIAGNOSTIC,    33, -5.043113507752e-01, 1.353853299239e-06, 1.2406e+01, 2.5506e-01, 
 2DIAGNOSTIC,    34, -5.043109430611e-01, 1.267432903750e-06, 1.2652e+01, 2.4536e-01, 
 2DIAGNOSTIC,    35, -5.043137037791e-01, 1.208790837308e-06, 1.2920e+01, 2.6847e-01, 
 2DIAGNOSTIC,    36, -5.043144984053e-01, 1.178776410989e-06, 1.3192e+01, 2.7163e-01, 
 2DIAGNOSTIC,    37, -5.043137502517e-01, 1.137714688203e-06, 1.3506e+01, 3.1400e-01, 
 2DIAGNOSTIC,    38, -5.043134234449e-01, 1.065469120310e-06, 1.3780e+01, 2.7448e-01, 
 2DIAGNOSTIC,    39, -5.043142855436e-01, 1.006241399284e-06, 1.4008e+01, 2.2774e-01, 
DIAGNOSTIC,Iteration,metricValue,convergenceValue,ITERATION_TIME_INDEX,SINCE_LAST
 2DIAGNOSTIC,     1, -4.670215666591e-01, 1.797693134862e+308, 1.6501e+01, 2.4932e+00, 
 2DIAGNOSTIC,     2, -4.671514989287e-01, 1.797693134862e+308, 1.8054e+01, 1.5534e+00, 
 2DIAGNOSTIC,     3, -4.671550916521e-01, 1.797693134862e+308, 1.9737e+01, 1.6820e+00, 
 2DIAGNOSTIC,     4, -4.671540008620e-01, 1.797693134862e+308, 2.1280e+01, 1.5436e+00, 
 2DIAGNOSTIC,     5, -4.671524407051e-01, 1.797693134862e+308, 2.3043e+01, 1.7631e+00, 
 2DIAGNOSTIC,     6, -4.671519657084e-01, 1.797693134862e+308, 2.6009e+01, 2.9658e+00, 
 2DIAGNOSTIC,     7, -4.671520592577e-01, 1.797693134862e+308, 3.0488e+01, 4.4789e+00, 
 2DIAGNOSTIC,     8, -4.671520592574e-01, 1.797693134862e+308, 3.4389e+01, 3.9015e+00, 
 2DIAGNOSTIC,     9, -4.671520592574e-01, 1.797693134862e+308, 3.5920e+01, 1.5307e+00, 
 2DIAGNOSTIC,    10, -4.671520592574e-01, 1.096063267682e-05, 3.7444e+01, 1.5240e+00, 
 2DIAGNOSTIC,    11, -4.671520592574e-01, 2.691958894782e-06, 3.8950e+01, 1.5065e+00, 
 2DIAGNOSTIC,    12, -4.671520592574e-01, 2.399786564272e-06, 4.0564e+01, 1.6136e+00, 
 2DIAGNOSTIC,    13, -4.671520592574e-01, 2.343581499684e-06, 4.2120e+01, 1.5560e+00, 
 2DIAGNOSTIC,    14, -4.671520592574e-01, 2.259155503989e-06, 4.3681e+01, 1.5613e+00, 
 2DIAGNOSTIC,    15, -4.671520592574e-01, 2.124493937813e-06, 4.5195e+01, 1.5140e+00, 
 2DIAGNOSTIC,    16, -4.671520592574e-01, 1.988153629881e-06, 4.6967e+01, 1.7712e+00, 
 2DIAGNOSTIC,    17, -4.671520592574e-01, 1.871201575417e-06, 4.8525e+01, 1.5588e+00, 
 2DIAGNOSTIC,    18, -4.671520592574e-01, 1.767244377171e-06, 5.0076e+01, 1.5501e+00, 
 2DIAGNOSTIC,    19, -4.671520592574e-01, 1.674230196966e-06, 5.1585e+01, 1.5098e+00, 
 2DIAGNOSTIC,    20, -4.671520592574e-01, 1.590517560074e-06, 5.3100e+01, 1.5149e+00, 
 2DIAGNOSTIC,    21, -4.671520592574e-01, 1.514777657481e-06, 5.4806e+01, 1.7056e+00, 
 2DIAGNOSTIC,    22, -4.671520592574e-01, 1.445923284868e-06, 5.6449e+01, 1.6434e+00, 
 2DIAGNOSTIC,    23, -4.671520592574e-01, 1.383056319117e-06, 5.7995e+01, 1.5455e+00, 
 2DIAGNOSTIC,    24, -4.671520592574e-01, 1.325428325927e-06, 5.9705e+01, 1.7100e+00, 
 2DIAGNOSTIC,    25, -4.671520592574e-01, 1.272410621825e-06, 6.1274e+01, 1.5693e+00, 
 2DIAGNOSTIC,    26, -4.671520592574e-01, 1.223471244885e-06, 6.3149e+01, 1.8753e+00, 
 2DIAGNOSTIC,    27, -4.671520592574e-01, 1.178157043140e-06, 6.5277e+01, 2.1281e+00, 
 2DIAGNOSTIC,    28, -4.671520592574e-01, 1.136079601227e-06, 6.6788e+01, 1.5105e+00, 
 2DIAGNOSTIC,    29, -4.671520592574e-01, 1.096904078790e-06, 6.8423e+01, 1.6354e+00, 
 2DIAGNOSTIC,    30, -4.671520592573e-01, 1.060340281335e-06, 7.0246e+01, 1.8228e+00, 
 2DIAGNOSTIC,    31, -4.671520592573e-01, 1.026135459027e-06, 7.1953e+01, 1.7068e+00, 
  Elapsed time (stage 0): 7.2783e+01


Total elapsed time: 7.2785e+01
Info [verificarlo]: loaded backend libinterflop_ieee.so
Info [interflop-ieee]: load backend with:
Info [interflop-ieee]: debug = false
Info [interflop-ieee]: debug-binary = false
Info [interflop-ieee]: no-backend-name = false
Info [interflop-ieee]: print-new-line = false
Info [interflop-ieee]: print-subnormal-normalized = false
Info [interflop-ieee]: count-op = false
All_Command_lines_OK
Using double precision for computations.
=============================================================================
The composite transform comprises the following transforms (in order): 
  1. /home/mdugre/scratch/mri-registration-rp/datasets/ds004513/derivatives/mri-registration-rp/0001/antsRegistration-r7-p16/sub-s035/rigid_Composite.h5[0] (type = Euler3DTransform)
  2. /home/mdugre/scratch/mri-registration-rp/datasets/ds004513/derivatives/mri-registration-rp/0001/antsRegistration-r7-p16/sub-s035/rigid_Composite.h5[1] (type = Euler3DTransform)
  3. /home/mdugre/scratch/mri-registration-rp/datasets/ds004513/derivatives/mri-registration-rp/0001/antsRegistration-r7-p16/sub-s035/rigid_Composite.h5[2] (type = Euler3DTransform)
=============================================================================
  number of levels = 4
  fixed image: /templateflow/tpl-MNI152NLin2009cAsym/tpl-MNI152NLin2009cAsym_res-01_desc-brain_T1w.nii.gz
  moving image: /home/mdugre/scratch/mri-registration-rp/datasets/ds004513/derivatives/mri-registration-rp/antsBrainExtraction/sub-s035/BrainExtractionBrain.nii.gz
Dimension = 3
Number of stages = 1
Use histogram matching = false
Winsorize image intensities = true
  Lower quantile = 0.005
  Upper quantile = 0.995


Stage 1 State
   Image metric = MattesMI
     Fixed image = Image (0x36397e0)
  RTTI typeinfo:   itk::Image<double, 3u>
  Reference Count: 2
  Modified Time: 1592
  Debug: Off
  Object Name: 
  Observers: 
    none
  Source: (none)
  Source output name: (none)
  Release Data: Off
  Data Released: False
  Global Release Data: Off
  PipelineMTime: 0
  UpdateMTime: 1203
  RealTimeStamp: 0 seconds 
  LargestPossibleRegion: 
    Dimension: 3
    Index: [0, 0, 0]
    Size: [193, 229, 193]
  BufferedRegion: 
    Dimension: 3
    Index: [0, 0, 0]
    Size: [193, 229, 193]
  RequestedRegion: 
    Dimension: 3
    Index: [0, 0, 0]
    Size: [193, 229, 193]
  Spacing: [1, 1, 1]
  Origin: [96, 132, -78]
  Direction: 
-1 0 0
0 -1 0
0 0 1

  IndexToPointMatrix: 
-1 0 0
0 -1 0
0 0 1

  PointToIndexMatrix: 
-1 0 0
0 -1 0
0 0 1

  Inverse Direction: 
-1 0 0
0 -1 0
0 0 1

  PixelContainer: 
    ImportImageContainer (0x36f9a20)
      RTTI typeinfo:   itk::ImportImageContainer<unsigned long, double>
      Reference Count: 1
      Modified Time: 1200
      Debug: Off
      Object Name: 
      Observers: 
        none
      Pointer: 0x149395903010
      Container manages memory: true
      Size: 8530021
      Capacity: 8530021

     Moving image = Image (0x36f4d70)
  RTTI typeinfo:   itk::Image<double, 3u>
  Reference Count: 2
  Modified Time: 1593
  Debug: Off
  Object Name: 
  Observers: 
    none
  Source: (none)
  Source output name: (none)
  Release Data: Off
  Data Released: False
  Global Release Data: Off
  PipelineMTime: 0
  UpdateMTime: 1590
  RealTimeStamp: 0 seconds 
  LargestPossibleRegion: 
    Dimension: 3
    Index: [0, 0, 0]
    Size: [160, 240, 256]
  BufferedRegion: 
    Dimension: 3
    Index: [0, 0, 0]
    Size: [160, 240, 256]
  RequestedRegion: 
    Dimension: 3
    Index: [0, 0, 0]
    Size: [160, 240, 256]
  Spacing: [1, 1, 1]
  Origin: [98.6438, 87.6358, -117.989]
  Direction: 
-0.993515 -0.100993 -0.0522355
0.100854 -0.994887 0.00530255
-0.0525039 1.93537e-08 0.998621

  IndexToPointMatrix: 
-0.993515 -0.100993 -0.0522355
0.100854 -0.994887 0.00530255
-0.0525039 1.93537e-08 0.998621

  PointToIndexMatrix: 
-0.993515 0.100854 -0.0525039
-0.100993 -0.994887 1.93006e-08
-0.0522355 0.00530255 0.998621

  Inverse Direction: 
-0.993515 0.100854 -0.0525039
-0.100993 -0.994887 1.93006e-08
-0.0522355 0.00530255 0.998621

  PixelContainer: 
    ImportImageContainer (0x36acc90)
      RTTI typeinfo:   itk::ImportImageContainer<unsigned long, double>
      Reference Count: 1
      Modified Time: 1587
      Debug: Off
      Object Name: 
      Observers: 
        none
      Pointer: 0x149390e02010
      Container manages memory: true
      Size: 9830400
      Capacity: 9830400

     Weighting = 1
     Sampling strategy = regular
     Number of bins = 32
     Radius = 4
     Sampling percentage  = 0.25
   Transform = Affine
     Gradient step = 0.1
     Update field sigma (voxel space) = 0
     Total field sigma (voxel space) = 0
     Update field time sigma = 0
     Total field time sigma  = 0
     Number of time indices = 0
     Number of time point samples = 0
Registration using 1 total stages.

Stage 0
  iterations = 1000x500x250x100
  convergence threshold = 1e-06
  convergence window size = 10
  number of levels = 4
  using the Mattes MI metric (number of bins = 32, weight = 1, use gradient filter = 0)
  preprocessing:  winsorizing the image intensities
  Shrink factors (level 1 out of 4): [8, 8, 8]
  Shrink factors (level 2 out of 4): [4, 4, 4]
  Shrink factors (level 3 out of 4): [2, 2, 2]
  Shrink factors (level 4 out of 4): [1, 1, 1]
  smoothing sigmas per level: [3, 2, 1, 0]
  regular sampling (percentage = 0.25)

*** Running AffineTransform registration ***

DIAGNOSTIC,Iteration,metricValue,convergenceValue,ITERATION_TIME_INDEX,SINCE_LAST
 2DIAGNOSTIC,     1, -6.788079980089e-01, 1.797693134862e+308, 8.1320e-01, 8.1320e-01, 
 2DIAGNOSTIC,     2, -6.811026885852e-01, 1.797693134862e+308, 8.1821e-01, 5.0080e-03, 
 2DIAGNOSTIC,     3, -6.850031544583e-01, 1.797693134862e+308, 8.2351e-01, 5.3020e-03, 
 2DIAGNOSTIC,     4, -6.938682486556e-01, 1.797693134862e+308, 8.2819e-01, 4.6840e-03, 
 2DIAGNOSTIC,     5, -7.031002329650e-01, 1.797693134862e+308, 8.3254e-01, 4.3459e-03, 
 2DIAGNOSTIC,     6, -7.159329891923e-01, 1.797693134862e+308, 8.3741e-01, 4.8659e-03, 
 2DIAGNOSTIC,     7, -7.329198782146e-01, 1.797693134862e+308, 8.4392e-01, 6.5122e-03, 
 2DIAGNOSTIC,     8, -7.374009115090e-01, 1.797693134862e+308, 8.4951e-01, 5.5940e-03, 
 2DIAGNOSTIC,     9, -7.372126336473e-01, 1.797693134862e+308, 8.5434e-01, 4.8289e-03, 
 2DIAGNOSTIC,    10, -7.378457995127e-01, 6.612974870420e-03, 8.5945e-01, 5.1060e-03, 
 2DIAGNOSTIC,    11, -7.378430978820e-01, 5.518061062166e-03, 8.6667e-01, 7.2200e-03, 
 2DIAGNOSTIC,    12, -7.378879802812e-01, 4.189241908082e-03, 8.7240e-01, 5.7290e-03, 
 2DIAGNOSTIC,    13, -7.377426490180e-01, 2.806497230030e-03, 8.7728e-01, 4.8890e-03, 
 2DIAGNOSTIC,    14, -7.377035245852e-01, 1.626414633573e-03, 8.8263e-01, 5.3420e-03, 
 2DIAGNOSTIC,    15, -7.375706586118e-01, 6.966646548168e-04, 8.8798e-01, 5.3518e-03, 
 2DIAGNOSTIC,    16, -7.374162825251e-01, 1.240266153654e-04, 8.9371e-01, 5.7311e-03, 
DIAGNOSTIC,Iteration,metricValue,convergenceValue,ITERATION_TIME_INDEX,SINCE_LAST
 2DIAGNOSTIC,     1, -6.096723776750e-01, 1.797693134862e+308, 1.6227e+00, 7.2900e-01, 
 2DIAGNOSTIC,     2, -6.099470198116e-01, 1.797693134862e+308, 1.6582e+00, 3.5497e-02, 
 2DIAGNOSTIC,     3, -6.101218410035e-01, 1.797693134862e+308, 1.6939e+00, 3.5679e-02, 
 2DIAGNOSTIC,     4, -6.104815666507e-01, 1.797693134862e+308, 1.7368e+00, 4.2884e-02, 
 2DIAGNOSTIC,     5, -6.105458641329e-01, 1.797693134862e+308, 1.7865e+00, 4.9776e-02, 
 2DIAGNOSTIC,     6, -6.105626107808e-01, 1.797693134862e+308, 1.8286e+00, 4.2064e-02, 
 2DIAGNOSTIC,     7, -6.105688136262e-01, 1.797693134862e+308, 1.8666e+00, 3.8010e-02, 
 2DIAGNOSTIC,     8, -6.105657755251e-01, 1.797693134862e+308, 1.9052e+00, 3.8579e-02, 
 2DIAGNOSTIC,     9, -6.105527558638e-01, 1.797693134862e+308, 1.9430e+00, 3.7826e-02, 
 2DIAGNOSTIC,    10, -6.105573899357e-01, 8.557279979746e-05, 1.9860e+00, 4.2951e-02, 
 2DIAGNOSTIC,    11, -6.105554152624e-01, 4.730397755877e-05, 2.0245e+00, 3.8566e-02, 
 2DIAGNOSTIC,    12, -6.105469548609e-01, 2.176588645382e-05, 2.0621e+00, 3.7607e-02, 
 2DIAGNOSTIC,    13, -6.105504501325e-01, 4.499783190393e-06, 2.1007e+00, 3.8536e-02, 
 2DIAGNOSTIC,    14, -6.105503760992e-01, 1.423573449649e-06, 2.1423e+00, 4.1634e-02, 
DIAGNOSTIC,Iteration,metricValue,convergenceValue,ITERATION_TIME_INDEX,SINCE_LAST
 2DIAGNOSTIC,     1, -5.342938778228e-01, 1.797693134862e+308, 3.2210e+00, 1.0786e+00, 
 2DIAGNOSTIC,     2, -5.346495921941e-01, 1.797693134862e+308, 3.4948e+00, 2.7380e-01, 
 2DIAGNOSTIC,     3, -5.349863674097e-01, 1.797693134862e+308, 3.7853e+00, 2.9052e-01, 
 2DIAGNOSTIC,     4, -5.351537422256e-01, 1.797693134862e+308, 4.1261e+00, 3.4086e-01, 
 2DIAGNOSTIC,     5, -5.351999639150e-01, 1.797693134862e+308, 4.4697e+00, 3.4357e-01, 
 2DIAGNOSTIC,     6, -5.351854932610e-01, 1.797693134862e+308, 4.8198e+00, 3.5011e-01, 
 2DIAGNOSTIC,     7, -5.351862807457e-01, 1.797693134862e+308, 5.2644e+00, 4.4456e-01, 
 2DIAGNOSTIC,     8, -5.351891438776e-01, 1.797693134862e+308, 5.6322e+00, 3.6783e-01, 
 2DIAGNOSTIC,     9, -5.351883392370e-01, 1.797693134862e+308, 6.0023e+00, 3.7014e-01, 
 2DIAGNOSTIC,    10, -5.351879900963e-01, 8.392171467184e-05, 6.3120e+00, 3.0963e-01, 
 2DIAGNOSTIC,    11, -5.351874101360e-01, 3.830491587091e-05, 6.5769e+00, 2.6495e-01, 
 2DIAGNOSTIC,    12, -5.351861200876e-01, 1.250296499354e-05, 6.8900e+00, 3.1311e-01, 
 2DIAGNOSTIC,    13, -5.351861336387e-01, 3.359066400158e-06, 7.1949e+00, 3.0484e-01, 
 2DIAGNOSTIC,    14, -5.351863395798e-01, 1.739780405949e-06, 7.5368e+00, 3.4193e-01, 
 2DIAGNOSTIC,    15, -5.351859963531e-01, 2.025803678654e-06, 7.8582e+00, 3.2143e-01, 
 2DIAGNOSTIC,    16, -5.351844793567e-01, 1.754972139903e-06, 8.1853e+00, 3.2711e-01, 
 2DIAGNOSTIC,    17, -5.351841690477e-01, 1.551447266233e-06, 8.5095e+00, 3.2416e-01, 
 2DIAGNOSTIC,    18, -5.351827766890e-01, 1.443457134959e-06, 8.8785e+00, 3.6903e-01, 
 2DIAGNOSTIC,    19, -5.351830194282e-01, 1.360908417028e-06, 9.1824e+00, 3.0386e-01, 
 2DIAGNOSTIC,    20, -5.351821758352e-01, 1.283634673138e-06, 9.4610e+00, 2.7863e-01, 
 2DIAGNOSTIC,    21, -5.351814407993e-01, 1.210915987898e-06, 9.7408e+00, 2.7976e-01, 
 2DIAGNOSTIC,    22, -5.351808892980e-01, 1.129403774766e-06, 1.0038e+01, 2.9696e-01, 
 2DIAGNOSTIC,    23, -5.351816479588e-01, 1.102029158984e-06, 1.0303e+01, 2.6515e-01, 
 2DIAGNOSTIC,    24, -5.351829301347e-01, 1.135129288982e-06, 1.0610e+01, 3.0711e-01, 
 2DIAGNOSTIC,    25, -5.351844552889e-01, 1.208500757216e-06, 1.0897e+01, 2.8717e-01, 
 2DIAGNOSTIC,    26, -5.351860305826e-01, 1.283398107815e-06, 1.1310e+01, 4.1321e-01, 
 2DIAGNOSTIC,    27, -5.351866649281e-01, 1.354127769082e-06, 1.1658e+01, 3.4719e-01, 
 2DIAGNOSTIC,    28, -5.351859531086e-01, 1.362946663114e-06, 1.1956e+01, 2.9865e-01, 
 2DIAGNOSTIC,    29, -5.351842408673e-01, 1.323376864912e-06, 1.2235e+01, 2.7916e-01, 
 2DIAGNOSTIC,    30, -5.351827272243e-01, 1.224038173681e-06, 1.2537e+01, 3.0180e-01, 
 2DIAGNOSTIC,    31, -5.351834220849e-01, 1.115315013824e-06, 1.2873e+01, 3.3543e-01, 
DIAGNOSTIC,Iteration,metricValue,convergenceValue,ITERATION_TIME_INDEX,SINCE_LAST
 2DIAGNOSTIC,     1, -4.916875404096e-01, 1.797693134862e+308, 1.5803e+01, 2.9307e+00, 
