
##########################
# Experiment information #
##########################

EXPERIMENT_NAME: antsRegistration-r8-p16
VFC_BACKENDS: libinterflop_vprec.so --range-binary32=8 --precision-binary32=16 --range-binary64=8 --precision-binary64=16

SIF_IMG: /home/mdugre/projects/rrg-glatard/mdugre/containers/ants-vprec-no_metrics.simg

SUBJECT_ID: s032
INPUT_IMG: /home/mdugre/scratch/mri-registration-rp/datasets/ds004513/derivatives/mri-registration-rp/antsBrainExtraction/sub-s032/BrainExtractionBrain.nii.gz
OUTPUT_DIR: /home/mdugre/scratch/mri-registration-rp/datasets/ds004513/derivatives/mri-registration-rp/0001/antsRegistration-r8-p16/sub-s032

FIXED_IMG: /templateflow/tpl-MNI152NLin2009cAsym/tpl-MNI152NLin2009cAsym_res-01_desc-brain_T1w.nii.gz
DATA_DIR: /home/mdugre/scratch/mri-registration-rp/datasets/ds004513
TEMPLATEFLOW_DIR: /home/mdugre/projects/rrg-glatard/mdugre/templateflow
ITK_GLOBAL_DEFAULT_NUMBER_OF_THREADS: 16
##########################

Info [verificarlo]: loaded backend libinterflop_ieee.so
Info [interflop-ieee]: load backend with:
Info [interflop-ieee]: debug = false
Info [interflop-ieee]: debug-binary = false
Info [interflop-ieee]: no-backend-name = false
Info [interflop-ieee]: print-new-line = false
Info [interflop-ieee]: print-subnormal-normalized = false
Info [interflop-ieee]: count-op = false
All_Command_lines_OK
Using double precision for computations.
=============================================================================
The composite transform comprises the following transforms (in order): 
  1. Center of mass alignment using fixed image: /templateflow/tpl-MNI152NLin2009cAsym/tpl-MNI152NLin2009cAsym_res-01_desc-brain_T1w.nii.gz and moving image: /home/mdugre/scratch/mri-registration-rp/datasets/ds004513/derivatives/mri-registration-rp/antsBrainExtraction/sub-s032/BrainExtractionBrain.nii.gz (type = Euler3DTransform)
=============================================================================
  number of levels = 1
  fixed image: /templateflow/tpl-MNI152NLin2009cAsym/tpl-MNI152NLin2009cAsym_res-01_desc-brain_T1w.nii.gz
  moving image: /home/mdugre/scratch/mri-registration-rp/datasets/ds004513/derivatives/mri-registration-rp/antsBrainExtraction/sub-s032/BrainExtractionBrain.nii.gz
Dimension = 3
Number of stages = 1
Use histogram matching = false
Winsorize image intensities = true
  Lower quantile = 0.005
  Upper quantile = 0.995


Stage 1 State
   Image metric = MattesMI
     Fixed image = Image (0x34ade70)
  RTTI typeinfo:   itk::Image<double, 3u>
  Reference Count: 2
  Modified Time: 2330
  Debug: Off
  Object Name: 
  Observers: 
    none
  Source: (none)
  Source output name: (none)
  Release Data: Off
  Data Released: False
  Global Release Data: Off
  PipelineMTime: 0
  UpdateMTime: 1941
  RealTimeStamp: 0 seconds 
  LargestPossibleRegion: 
    Dimension: 3
    Index: [0, 0, 0]
    Size: [193, 229, 193]
  BufferedRegion: 
    Dimension: 3
    Index: [0, 0, 0]
    Size: [193, 229, 193]
  RequestedRegion: 
    Dimension: 3
    Index: [0, 0, 0]
    Size: [193, 229, 193]
  Spacing: [1, 1, 1]
  Origin: [96, 132, -78]
  Direction: 
-1 0 0
0 -1 0
0 0 1

  IndexToPointMatrix: 
-1 0 0
0 -1 0
0 0 1

  PointToIndexMatrix: 
-1 0 0
0 -1 0
0 0 1

  Inverse Direction: 
-1 0 0
0 -1 0
0 0 1

  PixelContainer: 
    ImportImageContainer (0x34b6c60)
      RTTI typeinfo:   itk::ImportImageContainer<unsigned long, double>
      Reference Count: 1
      Modified Time: 1938
      Debug: Off
      Object Name: 
      Observers: 
        none
      Pointer: 0x14c0203a9010
      Container manages memory: true
      Size: 8530021
      Capacity: 8530021

     Moving image = Image (0x354aec0)
  RTTI typeinfo:   itk::Image<double, 3u>
  Reference Count: 2
  Modified Time: 2331
  Debug: Off
  Object Name: 
  Observers: 
    none
  Source: (none)
  Source output name: (none)
  Release Data: Off
  Data Released: False
  Global Release Data: Off
  PipelineMTime: 0
  UpdateMTime: 2328
  RealTimeStamp: 0 seconds 
  LargestPossibleRegion: 
    Dimension: 3
    Index: [0, 0, 0]
    Size: [160, 240, 256]
  BufferedRegion: 
    Dimension: 3
    Index: [0, 0, 0]
    Size: [160, 240, 256]
  RequestedRegion: 
    Dimension: 3
    Index: [0, 0, 0]
    Size: [160, 240, 256]
  Spacing: [1, 1, 1]
  Origin: [73.279, 104.707, -131.187]
  Direction: 
-0.997527 0.0645574 -0.0278053
-0.0645323 -0.997914 -0.00179875
-0.0278634 4.01097e-08 0.999612

  IndexToPointMatrix: 
-0.997527 0.0645574 -0.0278053
-0.0645323 -0.997914 -0.00179875
-0.0278634 4.01097e-08 0.999612

  PointToIndexMatrix: 
-0.997527 -0.0645323 -0.0278634
0.0645574 -0.997914 4.01049e-08
-0.0278053 -0.00179875 0.999612

  Inverse Direction: 
-0.997527 -0.0645323 -0.0278634
0.0645574 -0.997914 4.01049e-08
-0.0278053 -0.00179875 0.999612

  PixelContainer: 
    ImportImageContainer (0x35e2610)
      RTTI typeinfo:   itk::ImportImageContainer<unsigned long, double>
      Reference Count: 1
      Modified Time: 2325
      Debug: Off
      Object Name: 
      Observers: 
        none
      Pointer: 0x14c01b8a8010
      Container manages memory: true
      Size: 9830400
      Capacity: 9830400

     Weighting = 1
     Sampling strategy = regular
     Number of bins = 32
     Radius = 4
     Sampling percentage  = 0.25
   Transform = Rigid
     Gradient step = 0.1
     Update field sigma (voxel space) = 0
     Total field sigma (voxel space) = 0
     Update field time sigma = 0
     Total field time sigma  = 0
     Number of time indices = 0
     Number of time point samples = 0
Registration using 1 total stages.

Stage 0
  iterations = 0
  convergence threshold = 1e-06
  convergence window size = 10
  number of levels = 1
  using the Mattes MI metric (number of bins = 32, weight = 1, use gradient filter = 0)
  preprocessing:  winsorizing the image intensities
  Shrink factors (level 1 out of 1): [1, 1, 1]
  smoothing sigmas per level: [0]
  regular sampling (percentage = 0.25)

*** Running Euler3DTransform registration ***

  Elapsed time (stage 0): 1.07706


Total elapsed time: 1.07917
Info [verificarlo]: loaded backend libinterflop_ieee.so
Info [interflop-ieee]: load backend with:
Info [interflop-ieee]: debug = false
Info [interflop-ieee]: debug-binary = false
Info [interflop-ieee]: no-backend-name = false
Info [interflop-ieee]: print-new-line = false
Info [interflop-ieee]: print-subnormal-normalized = false
Info [interflop-ieee]: count-op = false
All_Command_lines_OK
Using double precision for computations.
=============================================================================
The composite transform comprises the following transforms (in order): 
  1. /home/mdugre/scratch/mri-registration-rp/datasets/ds004513/derivatives/mri-registration-rp/0001/antsRegistration-r8-p16/sub-s032/align_Composite.h5[0] (type = Euler3DTransform)
  2. /home/mdugre/scratch/mri-registration-rp/datasets/ds004513/derivatives/mri-registration-rp/0001/antsRegistration-r8-p16/sub-s032/align_Composite.h5[1] (type = Euler3DTransform)
=============================================================================
  number of levels = 4
  fixed image: /templateflow/tpl-MNI152NLin2009cAsym/tpl-MNI152NLin2009cAsym_res-01_desc-brain_T1w.nii.gz
  moving image: /home/mdugre/scratch/mri-registration-rp/datasets/ds004513/derivatives/mri-registration-rp/antsBrainExtraction/sub-s032/BrainExtractionBrain.nii.gz
Dimension = 3
Number of stages = 1
Use histogram matching = false
Winsorize image intensities = true
  Lower quantile = 0.005
  Upper quantile = 0.995


Stage 1 State
   Image metric = MattesMI
     Fixed image = Image (0x4ce9530)
  RTTI typeinfo:   itk::Image<double, 3u>
  Reference Count: 2
  Modified Time: 1578
  Debug: Off
  Object Name: 
  Observers: 
    none
  Source: (none)
  Source output name: (none)
  Release Data: Off
  Data Released: False
  Global Release Data: Off
  PipelineMTime: 0
  UpdateMTime: 1189
  RealTimeStamp: 0 seconds 
  LargestPossibleRegion: 
    Dimension: 3
    Index: [0, 0, 0]
    Size: [193, 229, 193]
  BufferedRegion: 
    Dimension: 3
    Index: [0, 0, 0]
    Size: [193, 229, 193]
  RequestedRegion: 
    Dimension: 3
    Index: [0, 0, 0]
    Size: [193, 229, 193]
  Spacing: [1, 1, 1]
  Origin: [96, 132, -78]
  Direction: 
-1 0 0
0 -1 0
0 0 1

  IndexToPointMatrix: 
-1 0 0
0 -1 0
0 0 1

  PointToIndexMatrix: 
-1 0 0
0 -1 0
0 0 1

  Inverse Direction: 
-1 0 0
0 -1 0
0 0 1

  PixelContainer: 
    ImportImageContainer (0x4da7d60)
      RTTI typeinfo:   itk::ImportImageContainer<unsigned long, double>
      Reference Count: 1
      Modified Time: 1186
      Debug: Off
      Object Name: 
      Observers: 
        none
      Pointer: 0x15425d795010
      Container manages memory: true
      Size: 8530021
      Capacity: 8530021

     Moving image = Image (0x4d99f60)
  RTTI typeinfo:   itk::Image<double, 3u>
  Reference Count: 2
  Modified Time: 1579
  Debug: Off
  Object Name: 
  Observers: 
    none
  Source: (none)
  Source output name: (none)
  Release Data: Off
  Data Released: False
  Global Release Data: Off
  PipelineMTime: 0
  UpdateMTime: 1576
  RealTimeStamp: 0 seconds 
  LargestPossibleRegion: 
    Dimension: 3
    Index: [0, 0, 0]
    Size: [160, 240, 256]
  BufferedRegion: 
    Dimension: 3
    Index: [0, 0, 0]
    Size: [160, 240, 256]
  RequestedRegion: 
    Dimension: 3
    Index: [0, 0, 0]
    Size: [160, 240, 256]
  Spacing: [1, 1, 1]
  Origin: [73.279, 104.707, -131.187]
  Direction: 
-0.997527 0.0645574 -0.0278053
-0.0645323 -0.997914 -0.00179875
-0.0278634 4.01097e-08 0.999612

  IndexToPointMatrix: 
-0.997527 0.0645574 -0.0278053
-0.0645323 -0.997914 -0.00179875
-0.0278634 4.01097e-08 0.999612

  PointToIndexMatrix: 
-0.997527 -0.0645323 -0.0278634
0.0645574 -0.997914 4.01049e-08
-0.0278053 -0.00179875 0.999612

  Inverse Direction: 
-0.997527 -0.0645323 -0.0278634
0.0645574 -0.997914 4.01049e-08
-0.0278053 -0.00179875 0.999612

  PixelContainer: 
    ImportImageContainer (0x4d8b6d0)
      RTTI typeinfo:   itk::ImportImageContainer<unsigned long, double>
      Reference Count: 1
      Modified Time: 1573
      Debug: Off
      Object Name: 
      Observers: 
        none
      Pointer: 0x154258c94010
      Container manages memory: true
      Size: 9830400
      Capacity: 9830400

     Weighting = 1
     Sampling strategy = regular
     Number of bins = 32
     Radius = 4
     Sampling percentage  = 0.25
   Transform = Rigid
     Gradient step = 0.1
     Update field sigma (voxel space) = 0
     Total field sigma (voxel space) = 0
     Update field time sigma = 0
     Total field time sigma  = 0
     Number of time indices = 0
     Number of time point samples = 0
Registration using 1 total stages.

Stage 0
  iterations = 1000x500x250x100
  convergence threshold = 1e-06
  convergence window size = 10
  number of levels = 4
  using the Mattes MI metric (number of bins = 32, weight = 1, use gradient filter = 0)
  preprocessing:  winsorizing the image intensities
  Shrink factors (level 1 out of 4): [8, 8, 8]
  Shrink factors (level 2 out of 4): [4, 4, 4]
  Shrink factors (level 3 out of 4): [2, 2, 2]
  Shrink factors (level 4 out of 4): [1, 1, 1]
  smoothing sigmas per level: [3, 2, 1, 0]
  regular sampling (percentage = 0.25)

*** Running Euler3DTransform registration ***

DIAGNOSTIC,Iteration,metricValue,convergenceValue,ITERATION_TIME_INDEX,SINCE_LAST
 2DIAGNOSTIC,     1, -5.480496989617e-01, 1.797693134862e+308, 7.4891e-01, 7.4891e-01, 
 2DIAGNOSTIC,     2, -5.506811078454e-01, 1.797693134862e+308, 7.5343e-01, 4.5178e-03, 
 2DIAGNOSTIC,     3, -5.546514955662e-01, 1.797693134862e+308, 7.5831e-01, 4.8790e-03, 
 2DIAGNOSTIC,     4, -5.606863537750e-01, 1.797693134862e+308, 7.6300e-01, 4.6940e-03, 
 2DIAGNOSTIC,     5, -5.693661845193e-01, 1.797693134862e+308, 7.6741e-01, 4.4048e-03, 
 2DIAGNOSTIC,     6, -5.854078830086e-01, 1.797693134862e+308, 7.7208e-01, 4.6749e-03, 
 2DIAGNOSTIC,     7, -6.232769732918e-01, 1.797693134862e+308, 7.8015e-01, 8.0681e-03, 
 2DIAGNOSTIC,     8, -6.297683730473e-01, 1.797693134862e+308, 7.8599e-01, 5.8360e-03, 
 2DIAGNOSTIC,     9, -6.366738733405e-01, 1.797693134862e+308, 7.9558e-01, 9.5961e-03, 
 2DIAGNOSTIC,    10, -6.375630690827e-01, 1.201760866083e-02, 8.0047e-01, 4.8919e-03, 
 2DIAGNOSTIC,    11, -6.405337628679e-01, 1.087684809450e-02, 8.0553e-01, 5.0590e-03, 
 2DIAGNOSTIC,    12, -6.435528997438e-01, 9.167753354490e-03, 8.1176e-01, 6.2320e-03, 
 2DIAGNOSTIC,    13, -6.444720921444e-01, 7.089498731847e-03, 8.1616e-01, 4.3950e-03, 
 2DIAGNOSTIC,    14, -6.463616611293e-01, 4.967892496988e-03, 8.2120e-01, 5.0380e-03, 
 2DIAGNOSTIC,    15, -6.484646963404e-01, 3.033020789043e-03, 8.2893e-01, 7.7360e-03, 
 2DIAGNOSTIC,    16, -6.486009987994e-01, 1.520386367320e-03, 8.3355e-01, 4.6160e-03, 
 2DIAGNOSTIC,    17, -6.493699344760e-01, 1.108203205204e-03, 8.3819e-01, 4.6420e-03, 
 2DIAGNOSTIC,    18, -6.514578195065e-01, 8.586162135987e-04, 8.4749e-01, 9.3000e-03, 
 2DIAGNOSTIC,    19, -6.526592717406e-01, 7.533650369804e-04, 8.5227e-01, 4.7801e-03, 
 2DIAGNOSTIC,    20, -6.536191777189e-01, 6.303067369291e-04, 8.5706e-01, 4.7860e-03, 
 2DIAGNOSTIC,    21, -6.549162298979e-01, 5.534292205377e-04, 8.6203e-01, 4.9739e-03, 
 2DIAGNOSTIC,    22, -6.562385790832e-01, 5.226986103230e-04, 8.6829e-01, 6.2540e-03, 
 2DIAGNOSTIC,    23, -6.565000058113e-01, 4.680180012232e-04, 8.7381e-01, 5.5261e-03, 
 2DIAGNOSTIC,    24, -6.565387353854e-01, 4.101063704197e-04, 8.7951e-01, 5.6951e-03, 
 2DIAGNOSTIC,    25, -6.567702146891e-01, 3.618032092997e-04, 8.8560e-01, 6.0961e-03, 
 2DIAGNOSTIC,    26, -6.583507212369e-01, 3.132611037326e-04, 8.9054e-01, 4.9369e-03, 
 2DIAGNOSTIC,    27, -6.586527568469e-01, 2.554116018350e-04, 8.9590e-01, 5.3558e-03, 
 2DIAGNOSTIC,    28, -6.593310437739e-01, 2.225767143860e-04, 9.0206e-01, 6.1619e-03, 
 2DIAGNOSTIC,    29, -6.595734041655e-01, 1.939316665356e-04, 9.0845e-01, 6.3901e-03, 
 2DIAGNOSTIC,    30, -6.595955819568e-01, 1.634946778539e-04, 9.1394e-01, 5.4910e-03, 
 2DIAGNOSTIC,    31, -6.596949967569e-01, 1.392755860952e-04, 9.1892e-01, 4.9801e-03, 
 2DIAGNOSTIC,    32, -6.597157295314e-01, 1.221677497643e-04, 9.2806e-01, 9.1412e-03, 
 2DIAGNOSTIC,    33, -6.597001423849e-01, 9.820426863678e-05, 9.3641e-01, 8.3461e-03, 
 2DIAGNOSTIC,    34, -6.595254449711e-01, 6.486903008684e-05, 9.4124e-01, 4.8368e-03, 
 2DIAGNOSTIC,    35, -6.595295822816e-01, 3.010817892009e-05, 9.4687e-01, 5.6300e-03, 
 2DIAGNOSTIC,    36, -6.595351297941e-01, 1.424396568090e-05, 9.5348e-01, 6.6030e-03, 
 2DIAGNOSTIC,    37, -6.595409535785e-01, 1.474135188476e-06, 9.5848e-01, 5.0058e-03, 
DIAGNOSTIC,Iteration,metricValue,convergenceValue,ITERATION_TIME_INDEX,SINCE_LAST
 2DIAGNOSTIC,     1, -5.183739626470e-01, 1.797693134862e+308, 1.6796e+00, 7.2114e-01, 
 2DIAGNOSTIC,     2, -5.189226238227e-01, 1.797693134862e+308, 1.7162e+00, 3.6622e-02, 
 2DIAGNOSTIC,     3, -5.196899327284e-01, 1.797693134862e+308, 1.7466e+00, 3.0389e-02, 
 2DIAGNOSTIC,     4, -5.204463662947e-01, 1.797693134862e+308, 1.7811e+00, 3.4517e-02, 
 2DIAGNOSTIC,     5, -5.209979485232e-01, 1.797693134862e+308, 1.8129e+00, 3.1720e-02, 
 2DIAGNOSTIC,     6, -5.216357744119e-01, 1.797693134862e+308, 1.8492e+00, 3.6309e-02, 
 2DIAGNOSTIC,     7, -5.233753715343e-01, 1.797693134862e+308, 1.8827e+00, 3.3569e-02, 
 2DIAGNOSTIC,     8, -5.241119131650e-01, 1.797693134862e+308, 1.9235e+00, 4.0784e-02, 
 2DIAGNOSTIC,     9, -5.247293428846e-01, 1.797693134862e+308, 1.9779e+00, 5.4338e-02, 
 2DIAGNOSTIC,    10, -5.250028239730e-01, 8.899807867349e-04, 2.0189e+00, 4.0995e-02, 
 2DIAGNOSTIC,    11, -5.254483044123e-01, 7.905531793017e-04, 2.0547e+00, 3.5879e-02, 
 2DIAGNOSTIC,    12, -5.277635699974e-01, 7.650652237744e-04, 2.0913e+00, 3.6604e-02, 
 2DIAGNOSTIC,    13, -5.283161403433e-01, 7.264280297323e-04, 2.1234e+00, 3.2093e-02, 
 2DIAGNOSTIC,    14, -5.288222947074e-01, 6.775651093538e-04, 2.1579e+00, 3.4410e-02, 
 2DIAGNOSTIC,    15, -5.289976646165e-01, 6.012606125169e-04, 2.1906e+00, 3.2768e-02, 
 2DIAGNOSTIC,    16, -5.298475172964e-01, 5.287515222135e-04, 2.2314e+00, 4.0748e-02, 
 2DIAGNOSTIC,    17, -5.313522043120e-01, 5.176187310240e-04, 2.2706e+00, 3.9269e-02, 
 2DIAGNOSTIC,    18, -5.317211477873e-01, 4.916447385204e-04, 2.3045e+00, 3.3908e-02, 
 2DIAGNOSTIC,    19, -5.322490338724e-01, 4.569563440024e-04, 2.3466e+00, 4.2075e-02, 
 2DIAGNOSTIC,    20, -5.323326646742e-01, 3.939626870554e-04, 2.3782e+00, 3.1614e-02, 
 2DIAGNOSTIC,    21, -5.323870016607e-01, 3.117703066249e-04, 2.4140e+00, 3.5728e-02, 
 2DIAGNOSTIC,    22, -5.325994469992e-01, 2.695177120082e-04, 2.4457e+00, 3.1768e-02, 
 2DIAGNOSTIC,    23, -5.331716839489e-01, 2.319107332463e-04, 2.4859e+00, 4.0148e-02, 
 2DIAGNOSTIC,    24, -5.338198468408e-01, 2.019509380121e-04, 2.5248e+00, 3.8945e-02, 
 2DIAGNOSTIC,    25, -5.347522895625e-01, 1.792066829637e-04, 2.5628e+00, 3.7989e-02, 
 2DIAGNOSTIC,    26, -5.360162136503e-01, 1.844309850863e-04, 2.5939e+00, 3.1131e-02, 
 2DIAGNOSTIC,    27, -5.368142466981e-01, 2.174604922629e-04, 2.6279e+00, 3.3966e-02, 
 2DIAGNOSTIC,    28, -5.377398200395e-01, 2.522085226370e-04, 2.6673e+00, 3.9394e-02, 
 2DIAGNOSTIC,    29, -5.382294336980e-01, 2.794724375172e-04, 2.7071e+00, 3.9830e-02, 
 2DIAGNOSTIC,    30, -5.388911418572e-01, 2.918762766663e-04, 2.7412e+00, 3.4049e-02, 
 2DIAGNOSTIC,    31, -5.432075769727e-01, 3.513209416444e-04, 2.7737e+00, 3.2503e-02, 
 2DIAGNOSTIC,    32, -5.482640722319e-01, 4.599182525661e-04, 2.8018e+00, 2.8142e-02, 
 2DIAGNOSTIC,    33, -5.489000474349e-01, 5.363805328050e-04, 2.8335e+00, 3.1629e-02, 
 2DIAGNOSTIC,    34, -5.512056534604e-01, 6.054067270988e-04, 2.8688e+00, 3.5351e-02, 
 2DIAGNOSTIC,    35, -5.542408930330e-01, 6.731955249111e-04, 2.9043e+00, 3.5472e-02, 
 2DIAGNOSTIC,    36, -5.638591104533e-01, 8.319576977589e-04, 2.9388e+00, 3.4513e-02, 
 2DIAGNOSTIC,    37, -5.655411393652e-01, 9.337777315055e-04, 2.9723e+00, 3.3548e-02, 
 2DIAGNOSTIC,    38, -5.658408418038e-01, 9.603539081549e-04, 3.0047e+00, 3.2342e-02, 
 2DIAGNOSTIC,    39, -5.660489563322e-01, 9.068213525943e-04, 3.0424e+00, 3.7766e-02, 
 2DIAGNOSTIC,    40, -5.664718867937e-01, 7.825624963081e-04, 3.0856e+00, 4.3186e-02, 
 2DIAGNOSTIC,    41, -5.665198105559e-01, 6.428893691542e-04, 3.1233e+00, 3.7682e-02, 
 2DIAGNOSTIC,    42, -5.665511887795e-01, 5.130577816028e-04, 3.1541e+00, 3.0771e-02, 
 2DIAGNOSTIC,    43, -5.666197343491e-01, 3.508498900168e-04, 3.1841e+00, 2.9980e-02, 
 2DIAGNOSTIC,    44, -5.666641425316e-01, 1.917337726038e-04, 3.2188e+00, 3.4745e-02, 
 2DIAGNOSTIC,    45, -5.667474759241e-01, 5.528485200314e-05, 3.2503e+00, 3.1535e-02, 
 2DIAGNOSTIC,    46, -5.668202356311e-01, 3.021135120663e-05, 3.2816e+00, 3.1289e-02, 
 2DIAGNOSTIC,    47, -5.669319132130e-01, 2.349434323944e-05, 3.3130e+00, 3.1411e-02, 
 2DIAGNOSTIC,    48, -5.672576382966e-01, 2.170583474397e-05, 3.3528e+00, 3.9755e-02, 
 2DIAGNOSTIC,    49, -5.673530587760e-01, 2.102739715274e-05, 3.3988e+00, 4.6032e-02, 
 2DIAGNOSTIC,    50, -5.674054510154e-01, 2.342506417528e-05, 3.4399e+00, 4.1075e-02, 
 2DIAGNOSTIC,    51, -5.674102021290e-01, 2.412219468056e-05, 3.4734e+00, 3.3516e-02, 
 2DIAGNOSTIC,    52, -5.673984818411e-01, 2.272537103008e-05, 3.5062e+00, 3.2790e-02, 
 2DIAGNOSTIC,    53, -5.674016459939e-01, 1.993252957943e-05, 3.5401e+00, 3.3858e-02, 
 2DIAGNOSTIC,    54, -5.673955012105e-01, 1.573791062790e-05, 3.5707e+00, 3.0583e-02, 
 2DIAGNOSTIC,    55, -5.673984214532e-01, 1.110115136098e-05, 3.6082e+00, 3.7572e-02, 
 2DIAGNOSTIC,    56, -5.674087962550e-01, 6.421375533631e-06, 3.6416e+00, 3.3329e-02, 
 2DIAGNOSTIC,    57, -5.674041993914e-01, 2.262865761767e-06, 3.6793e+00, 3.7789e-02, 
 2DIAGNOSTIC,    58, -5.674144559468e-01, 1.093532598386e-06, 3.7164e+00, 3.7027e-02, 
DIAGNOSTIC,Iteration,metricValue,convergenceValue,ITERATION_TIME_INDEX,SINCE_LAST
 2DIAGNOSTIC,     1, -5.011843109990e-01, 1.797693134862e+308, 4.8344e+00, 1.1180e+00, 
 2DIAGNOSTIC,     2, -5.014763122865e-01, 1.797693134862e+308, 5.0844e+00, 2.4997e-01, 
 2DIAGNOSTIC,     3, -5.018128650603e-01, 1.797693134862e+308, 5.3652e+00, 2.8082e-01, 
 2DIAGNOSTIC,     4, -5.019916717099e-01, 1.797693134862e+308, 5.6733e+00, 3.0807e-01, 
 2DIAGNOSTIC,     5, -5.020505568749e-01, 1.797693134862e+308, 5.9823e+00, 3.0898e-01, 
 2DIAGNOSTIC,     6, -5.020579687026e-01, 1.797693134862e+308, 6.2587e+00, 2.7648e-01, 
 2DIAGNOSTIC,     7, -5.020704807803e-01, 1.797693134862e+308, 6.4931e+00, 2.3441e-01, 
 2DIAGNOSTIC,     8, -5.021053228189e-01, 1.797693134862e+308, 6.7401e+00, 2.4694e-01, 
 2DIAGNOSTIC,     9, -5.021361690530e-01, 1.797693134862e+308, 6.9957e+00, 2.5558e-01, 
 2DIAGNOSTIC,    10, -5.021689310927e-01, 1.053588268611e-04, 7.2370e+00, 2.4129e-01, 
 2DIAGNOSTIC,    11, -5.022590521379e-01, 6.584013886599e-05, 7.5156e+00, 2.7869e-01, 
 2DIAGNOSTIC,    12, -5.022741527949e-01, 4.135276163640e-05, 7.7986e+00, 2.8297e-01, 
 2DIAGNOSTIC,    13, -5.023141046009e-01, 3.336955704004e-05, 8.2271e+00, 4.2850e-01, 
 2DIAGNOSTIC,    14, -5.023254037538e-01, 3.133940823270e-05, 8.5088e+00, 2.8166e-01, 
 2DIAGNOSTIC,    15, -5.023355056321e-01, 2.952656412210e-05, 8.7471e+00, 2.3835e-01, 
 2DIAGNOSTIC,    16, -5.023404203750e-01, 2.584104356508e-05, 8.9882e+00, 2.4109e-01, 
 2DIAGNOSTIC,    17, -5.023454678423e-01, 2.095590036623e-05, 9.2893e+00, 3.0104e-01, 
 2DIAGNOSTIC,    18, -5.023474961427e-01, 1.601939931394e-05, 9.5996e+00, 3.1038e-01, 
 2DIAGNOSTIC,    19, -5.023464274261e-01, 1.117222032452e-05, 9.8784e+00, 2.7873e-01, 
 2DIAGNOSTIC,    20, -5.023458565516e-01, 6.786318459212e-06, 1.0114e+01, 2.3594e-01, 
 2DIAGNOSTIC,    21, -5.023443657961e-01, 4.726710202525e-06, 1.0365e+01, 2.5069e-01, 
 2DIAGNOSTIC,    22, -5.023454032256e-01, 2.945652859229e-06, 1.0587e+01, 2.2180e-01, 
 2DIAGNOSTIC,    23, -5.023441052363e-01, 2.124866895437e-06, 1.0865e+01, 2.7840e-01, 
 2DIAGNOSTIC,    24, -5.023454035695e-01, 1.597500489919e-06, 1.1202e+01, 3.3724e-01, 
 2DIAGNOSTIC,    25, -5.023447904503e-01, 1.300214327121e-06, 1.1484e+01, 2.8143e-01, 
 2DIAGNOSTIC,    26, -5.023440507857e-01, 1.111887947935e-06, 1.1729e+01, 2.4498e-01, 
 2DIAGNOSTIC,    27, -5.023432819499e-01, 1.036654001245e-06, 1.1952e+01, 2.2350e-01, 
 2DIAGNOSTIC,    28, -5.023425493094e-01, 1.006684142497e-06, 1.2191e+01, 2.3848e-01, 
DIAGNOSTIC,Iteration,metricValue,convergenceValue,ITERATION_TIME_INDEX,SINCE_LAST
 2DIAGNOSTIC,     1, -4.667427445322e-01, 1.797693134862e+308, 1.4824e+01, 2.6331e+00, 
 2DIAGNOSTIC,     2, -4.669047980920e-01, 1.797693134862e+308, 1.6300e+01, 1.4762e+00, 
 2DIAGNOSTIC,     3, -4.669981379447e-01, 1.797693134862e+308, 1.9196e+01, 2.8959e+00, 
 2DIAGNOSTIC,     4, -4.669988280559e-01, 1.797693134862e+308, 2.1227e+01, 2.0310e+00, 
 2DIAGNOSTIC,     5, -4.669989653426e-01, 1.797693134862e+308, 2.2856e+01, 1.6294e+00, 
 2DIAGNOSTIC,     6, -4.669987580327e-01, 1.797693134862e+308, 2.4767e+01, 1.9102e+00, 
 2DIAGNOSTIC,     7, -4.669985475772e-01, 1.797693134862e+308, 2.6812e+01, 2.0455e+00, 
 2DIAGNOSTIC,     8, -4.669986477653e-01, 1.797693134862e+308, 2.8397e+01, 1.5846e+00, 
 2DIAGNOSTIC,     9, -4.669984721303e-01, 1.797693134862e+308, 2.9779e+01, 1.3827e+00, 
 2DIAGNOSTIC,    10, -4.669982976264e-01, 2.372697192214e-05, 3.1427e+01, 1.6473e+00, 
 2DIAGNOSTIC,    11, -4.669981222867e-01, 8.039408115515e-06, 3.2979e+01, 1.5527e+00, 
 2DIAGNOSTIC,    12, -4.669981329744e-01, 2.589760760230e-06, 3.4729e+01, 1.7495e+00, 
 2DIAGNOSTIC,    13, -4.669980515636e-01, 2.348940628824e-06, 3.6238e+01, 1.5095e+00, 
 2DIAGNOSTIC,    14, -4.669979701513e-01, 2.177593455444e-06, 3.7660e+01, 1.4220e+00, 
 2DIAGNOSTIC,    15, -4.669980768530e-01, 2.048074775496e-06, 3.9195e+01, 1.5350e+00, 
 2DIAGNOSTIC,    16, -4.669981794446e-01, 1.937527662824e-06, 4.0561e+01, 1.3654e+00, 
 2DIAGNOSTIC,    17, -4.669980182407e-01, 1.830988239956e-06, 4.1949e+01, 1.3881e+00, 
 2DIAGNOSTIC,    18, -4.669980528659e-01, 1.744879314425e-06, 4.3508e+01, 1.5589e+00, 
 2DIAGNOSTIC,    19, -4.669978939082e-01, 1.659292807481e-06, 4.4905e+01, 1.3967e+00, 
 2DIAGNOSTIC,    20, -4.669978410736e-01, 1.576869546993e-06, 4.6208e+01, 1.3035e+00, 
 2DIAGNOSTIC,    21, -4.669980866054e-01, 1.505489839730e-06, 4.7799e+01, 1.5911e+00, 
 2DIAGNOSTIC,    22, -4.669985814683e-01, 1.455317686250e-06, 4.9268e+01, 1.4684e+00, 
 2DIAGNOSTIC,    23, -4.669984256466e-01, 1.402192707931e-06, 5.0732e+01, 1.4643e+00, 
 2DIAGNOSTIC,    24, -4.669984444589e-01, 1.350438767443e-06, 5.2393e+01, 1.6613e+00, 
 2DIAGNOSTIC,    25, -4.669982702871e-01, 1.298883007435e-06, 5.4008e+01, 1.6150e+00, 
 2DIAGNOSTIC,    26, -4.669982751535e-01, 1.251304882724e-06, 5.5353e+01, 1.3443e+00, 
 2DIAGNOSTIC,    27, -4.669981925680e-01, 1.198812195000e-06, 5.6666e+01, 1.3139e+00, 
 2DIAGNOSTIC,    28, -4.669982064511e-01, 1.149355497158e-06, 5.8293e+01, 1.6260e+00, 
 2DIAGNOSTIC,    29, -4.669983062751e-01, 1.101071809916e-06, 5.9630e+01, 1.3374e+00, 
 2DIAGNOSTIC,    30, -4.669982307619e-01, 1.052913628362e-06, 6.1252e+01, 1.6223e+00, 
 2DIAGNOSTIC,    31, -4.669982461175e-01, 1.013467224434e-06, 6.2868e+01, 1.6158e+00, 
  Elapsed time (stage 0): 6.3661e+01


Total elapsed time: 6.3663e+01
Info [verificarlo]: loaded backend libinterflop_ieee.so
Info [interflop-ieee]: load backend with:
Info [interflop-ieee]: debug = false
Info [interflop-ieee]: debug-binary = false
Info [interflop-ieee]: no-backend-name = false
Info [interflop-ieee]: print-new-line = false
Info [interflop-ieee]: print-subnormal-normalized = false
Info [interflop-ieee]: count-op = false
All_Command_lines_OK
Using double precision for computations.
=============================================================================
The composite transform comprises the following transforms (in order): 
  1. /home/mdugre/scratch/mri-registration-rp/datasets/ds004513/derivatives/mri-registration-rp/0001/antsRegistration-r8-p16/sub-s032/rigid_Composite.h5[0] (type = Euler3DTransform)
  2. /home/mdugre/scratch/mri-registration-rp/datasets/ds004513/derivatives/mri-registration-rp/0001/antsRegistration-r8-p16/sub-s032/rigid_Composite.h5[1] (type = Euler3DTransform)
  3. /home/mdugre/scratch/mri-registration-rp/datasets/ds004513/derivatives/mri-registration-rp/0001/antsRegistration-r8-p16/sub-s032/rigid_Composite.h5[2] (type = Euler3DTransform)
=============================================================================
  number of levels = 4
  fixed image: /templateflow/tpl-MNI152NLin2009cAsym/tpl-MNI152NLin2009cAsym_res-01_desc-brain_T1w.nii.gz
  moving image: /home/mdugre/scratch/mri-registration-rp/datasets/ds004513/derivatives/mri-registration-rp/antsBrainExtraction/sub-s032/BrainExtractionBrain.nii.gz
Dimension = 3
Number of stages = 1
Use histogram matching = false
Winsorize image intensities = true
  Lower quantile = 0.005
  Upper quantile = 0.995


Stage 1 State
   Image metric = MattesMI
     Fixed image = Image (0x3b2e7e0)
  RTTI typeinfo:   itk::Image<double, 3u>
  Reference Count: 2
  Modified Time: 1592
  Debug: Off
  Object Name: 
  Observers: 
    none
  Source: (none)
  Source output name: (none)
  Release Data: Off
  Data Released: False
  Global Release Data: Off
  PipelineMTime: 0
  UpdateMTime: 1203
  RealTimeStamp: 0 seconds 
  LargestPossibleRegion: 
    Dimension: 3
    Index: [0, 0, 0]
    Size: [193, 229, 193]
  BufferedRegion: 
    Dimension: 3
    Index: [0, 0, 0]
    Size: [193, 229, 193]
  RequestedRegion: 
    Dimension: 3
    Index: [0, 0, 0]
    Size: [193, 229, 193]
  Spacing: [1, 1, 1]
  Origin: [96, 132, -78]
  Direction: 
-1 0 0
0 -1 0
0 0 1

  IndexToPointMatrix: 
-1 0 0
0 -1 0
0 0 1

  PointToIndexMatrix: 
-1 0 0
0 -1 0
0 0 1

  Inverse Direction: 
-1 0 0
0 -1 0
0 0 1

  PixelContainer: 
    ImportImageContainer (0x3beea20)
      RTTI typeinfo:   itk::ImportImageContainer<unsigned long, double>
      Reference Count: 1
      Modified Time: 1200
      Debug: Off
      Object Name: 
      Observers: 
        none
      Pointer: 0x150798b11010
      Container manages memory: true
      Size: 8530021
      Capacity: 8530021

     Moving image = Image (0x3be9d70)
  RTTI typeinfo:   itk::Image<double, 3u>
  Reference Count: 2
  Modified Time: 1593
  Debug: Off
  Object Name: 
  Observers: 
    none
  Source: (none)
  Source output name: (none)
  Release Data: Off
  Data Released: False
  Global Release Data: Off
  PipelineMTime: 0
  UpdateMTime: 1590
  RealTimeStamp: 0 seconds 
  LargestPossibleRegion: 
    Dimension: 3
    Index: [0, 0, 0]
    Size: [160, 240, 256]
  BufferedRegion: 
    Dimension: 3
    Index: [0, 0, 0]
    Size: [160, 240, 256]
  RequestedRegion: 
    Dimension: 3
    Index: [0, 0, 0]
    Size: [160, 240, 256]
  Spacing: [1, 1, 1]
  Origin: [73.279, 104.707, -131.187]
  Direction: 
-0.997527 0.0645574 -0.0278053
-0.0645323 -0.997914 -0.00179875
-0.0278634 4.01097e-08 0.999612

  IndexToPointMatrix: 
-0.997527 0.0645574 -0.0278053
-0.0645323 -0.997914 -0.00179875
-0.0278634 4.01097e-08 0.999612

  PointToIndexMatrix: 
-0.997527 -0.0645323 -0.0278634
0.0645574 -0.997914 4.01049e-08
-0.0278053 -0.00179875 0.999612

  Inverse Direction: 
-0.997527 -0.0645323 -0.0278634
0.0645574 -0.997914 4.01049e-08
-0.0278053 -0.00179875 0.999612

  PixelContainer: 
    ImportImageContainer (0x3ba1c90)
      RTTI typeinfo:   itk::ImportImageContainer<unsigned long, double>
      Reference Count: 1
      Modified Time: 1587
      Debug: Off
      Object Name: 
      Observers: 
        none
      Pointer: 0x150794010010
      Container manages memory: true
      Size: 9830400
      Capacity: 9830400

     Weighting = 1
     Sampling strategy = regular
     Number of bins = 32
     Radius = 4
     Sampling percentage  = 0.25
   Transform = Affine
     Gradient step = 0.1
     Update field sigma (voxel space) = 0
     Total field sigma (voxel space) = 0
     Update field time sigma = 0
     Total field time sigma  = 0
     Number of time indices = 0
     Number of time point samples = 0
Registration using 1 total stages.

Stage 0
  iterations = 1000x500x250x100
  convergence threshold = 1e-06
  convergence window size = 10
  number of levels = 4
  using the Mattes MI metric (number of bins = 32, weight = 1, use gradient filter = 0)
  preprocessing:  winsorizing the image intensities
  Shrink factors (level 1 out of 4): [8, 8, 8]
  Shrink factors (level 2 out of 4): [4, 4, 4]
  Shrink factors (level 3 out of 4): [2, 2, 2]
  Shrink factors (level 4 out of 4): [1, 1, 1]
  smoothing sigmas per level: [3, 2, 1, 0]
  regular sampling (percentage = 0.25)

*** Running AffineTransform registration ***

DIAGNOSTIC,Iteration,metricValue,convergenceValue,ITERATION_TIME_INDEX,SINCE_LAST
 2DIAGNOSTIC,     1, -6.836771406312e-01, 1.797693134862e+308, 7.4287e-01, 7.4287e-01, 
 2DIAGNOSTIC,     2, -6.855451892028e-01, 1.797693134862e+308, 7.4785e-01, 4.9839e-03, 
 2DIAGNOSTIC,     3, -6.885387485581e-01, 1.797693134862e+308, 7.5287e-01, 5.0209e-03, 
 2DIAGNOSTIC,     4, -6.924954570258e-01, 1.797693134862e+308, 7.5825e-01, 5.3740e-03, 
 2DIAGNOSTIC,     5, -7.014044131762e-01, 1.797693134862e+308, 7.6335e-01, 5.1050e-03, 
 2DIAGNOSTIC,     6, -7.171822019045e-01, 1.797693134862e+308, 7.7051e-01, 7.1549e-03, 
 2DIAGNOSTIC,     7, -7.219928922958e-01, 1.797693134862e+308, 7.7769e-01, 7.1871e-03, 
 2DIAGNOSTIC,     8, -7.225792987324e-01, 1.797693134862e+308, 7.8245e-01, 4.7519e-03, 
 2DIAGNOSTIC,     9, -7.235107675554e-01, 1.797693134862e+308, 7.8760e-01, 5.1570e-03, 
 2DIAGNOSTIC,    10, -7.246541800185e-01, 4.608375895414e-03, 7.9302e-01, 5.4200e-03, 
 2DIAGNOSTIC,    11, -7.259703421502e-01, 3.814215462503e-03, 7.9811e-01, 5.0919e-03, 
 2DIAGNOSTIC,    12, -7.284939642429e-01, 2.958739176850e-03, 8.0434e-01, 6.2270e-03, 
 2DIAGNOSTIC,    13, -7.311565589129e-01, 2.150598339142e-03, 8.0972e-01, 5.3821e-03, 
 2DIAGNOSTIC,    14, -7.328095988963e-01, 1.424763163798e-03, 8.1526e-01, 5.5380e-03, 
 2DIAGNOSTIC,    15, -7.351343925444e-01, 9.561710680789e-04, 8.2073e-01, 5.4729e-03, 
 2DIAGNOSTIC,    16, -7.357122899628e-01, 8.625043708924e-04, 8.2571e-01, 4.9770e-03, 
 2DIAGNOSTIC,    17, -7.363644438483e-01, 8.282777992150e-04, 8.3135e-01, 5.6429e-03, 
 2DIAGNOSTIC,    18, -7.372292693681e-01, 7.530213288002e-04, 8.4159e-01, 1.0240e-02, 
 2DIAGNOSTIC,    19, -7.372440476247e-01, 6.354357179720e-04, 8.4686e-01, 5.2640e-03, 
 2DIAGNOSTIC,    20, -7.373059926246e-01, 4.950473632923e-04, 8.5180e-01, 4.9441e-03, 
 2DIAGNOSTIC,    21, -7.374035437532e-01, 3.485571811380e-04, 8.5676e-01, 4.9551e-03, 
 2DIAGNOSTIC,    22, -7.375369501113e-01, 2.302237565123e-04, 8.6175e-01, 4.9891e-03, 
 2DIAGNOSTIC,    23, -7.376953345648e-01, 1.487895484452e-04, 8.6689e-01, 5.1448e-03, 
 2DIAGNOSTIC,    24, -7.379523228014e-01, 9.087873668629e-05, 8.7273e-01, 5.8429e-03, 
 2DIAGNOSTIC,    25, -7.381472096744e-01, 6.889496487237e-05, 8.7771e-01, 4.9791e-03, 
 2DIAGNOSTIC,    26, -7.384918588416e-01, 5.605290575807e-05, 8.8264e-01, 4.9241e-03, 
 2DIAGNOSTIC,    27, -7.390698969675e-01, 5.645247033861e-05, 8.8988e-01, 7.2381e-03, 
 2DIAGNOSTIC,    28, -7.391265337899e-01, 6.435319145835e-05, 8.9476e-01, 4.8871e-03, 
 2DIAGNOSTIC,    29, -7.392127275838e-01, 6.719071205855e-05, 8.9967e-01, 4.9069e-03, 
 2DIAGNOSTIC,    30, -7.394140131787e-01, 6.707114475826e-05, 9.0513e-01, 5.4600e-03, 
 2DIAGNOSTIC,    31, -7.394583134620e-01, 6.237698013840e-05, 9.1114e-01, 6.0081e-03, 
 2DIAGNOSTIC,    32, -7.394909506321e-01, 5.411624320014e-05, 9.1735e-01, 6.2160e-03, 
 2DIAGNOSTIC,    33, -7.394573958309e-01, 4.280865531497e-05, 9.2237e-01, 5.0111e-03, 
 2DIAGNOSTIC,    34, -7.396363481500e-01, 3.330313792300e-05, 9.2784e-01, 5.4719e-03, 
 2DIAGNOSTIC,    35, -7.396455296466e-01, 2.343172518469e-05, 9.3274e-01, 4.9028e-03, 
 2DIAGNOSTIC,    36, -7.396487070963e-01, 1.558775865605e-05, 9.3764e-01, 4.9019e-03, 
 2DIAGNOSTIC,    37, -7.396556508866e-01, 1.299666053809e-05, 9.4329e-01, 5.6469e-03, 
 2DIAGNOSTIC,    38, -7.397687215190e-01, 1.113534459427e-05, 9.4995e-01, 6.6578e-03, 
 2DIAGNOSTIC,    39, -7.399764569736e-01, 1.122088535173e-05, 9.5515e-01, 5.2080e-03, 
 2DIAGNOSTIC,    40, -7.399858785516e-01, 1.229796621612e-05, 9.6072e-01, 5.5659e-03, 
 2DIAGNOSTIC,    41, -7.398899636935e-01, 1.178794147924e-05, 9.6744e-01, 6.7179e-03, 
 2DIAGNOSTIC,    42, -7.398921124393e-01, 1.065789813603e-05, 9.7231e-01, 4.8699e-03, 
 2DIAGNOSTIC,    43, -7.398929271520e-01, 8.260958649250e-06, 9.7775e-01, 5.4410e-03, 
 2DIAGNOSTIC,    44, -7.398942001595e-01, 6.800469776920e-06, 9.8286e-01, 5.1131e-03, 
 2DIAGNOSTIC,    45, -7.398953753011e-01, 4.925983447517e-06, 9.8772e-01, 4.8552e-03, 
 2DIAGNOSTIC,    46, -7.397949501802e-01, 1.960929379388e-06, 9.9761e-01, 9.8929e-03, 
DIAGNOSTIC,Iteration,metricValue,convergenceValue,ITERATION_TIME_INDEX,SINCE_LAST
 2DIAGNOSTIC,     1, -5.991227791348e-01, 1.797693134862e+308, 1.7002e+00, 7.0260e-01, 
 2DIAGNOSTIC,     2, -5.995594947190e-01, 1.797693134862e+308, 1.7353e+00, 3.5109e-02, 
 2DIAGNOSTIC,     3, -5.999770230153e-01, 1.797693134862e+308, 1.7721e+00, 3.6794e-02, 
 2DIAGNOSTIC,     4, -6.004953276402e-01, 1.797693134862e+308, 1.8193e+00, 4.7224e-02, 
 2DIAGNOSTIC,     5, -6.005780576734e-01, 1.797693134862e+308, 1.8785e+00, 5.9192e-02, 
 2DIAGNOSTIC,     6, -6.005740606955e-01, 1.797693134862e+308, 1.9191e+00, 4.0589e-02, 
 2DIAGNOSTIC,     7, -6.005726253171e-01, 1.797693134862e+308, 1.9603e+00, 4.1195e-02, 
 2DIAGNOSTIC,     8, -6.005611353796e-01, 1.797693134862e+308, 2.0133e+00, 5.2976e-02, 
 2DIAGNOSTIC,     9, -6.005570963924e-01, 1.797693134862e+308, 2.0555e+00, 4.2199e-02, 
 2DIAGNOSTIC,    10, -6.005530255273e-01, 1.332622483118e-04, 2.0931e+00, 3.7651e-02, 
 2DIAGNOSTIC,    11, -6.005523781168e-01, 6.880204251165e-05, 2.1304e+00, 3.7240e-02, 
 2DIAGNOSTIC,    12, -6.005305855221e-01, 2.537736592262e-05, 2.1666e+00, 3.6222e-02, 
 2DIAGNOSTIC,    13, -6.005254709328e-01, 1.123511044768e-06, 2.1992e+00, 3.2578e-02, 
DIAGNOSTIC,Iteration,metricValue,convergenceValue,ITERATION_TIME_INDEX,SINCE_LAST
 2DIAGNOSTIC,     1, -5.342098790512e-01, 1.797693134862e+308, 3.3888e+00, 1.1896e+00, 
 2DIAGNOSTIC,     2, -5.343775693348e-01, 1.797693134862e+308, 3.6742e+00, 2.8544e-01, 
 2DIAGNOSTIC,     3, -5.345773142928e-01, 1.797693134862e+308, 3.9693e+00, 2.9509e-01, 
 2DIAGNOSTIC,     4, -5.348410811210e-01, 1.797693134862e+308, 4.2664e+00, 2.9713e-01, 
 2DIAGNOSTIC,     5, -5.353885946915e-01, 1.797693134862e+308, 4.5284e+00, 2.6200e-01, 
 2DIAGNOSTIC,     6, -5.363395007881e-01, 1.797693134862e+308, 4.8217e+00, 2.9325e-01, 
 2DIAGNOSTIC,     7, -5.376672887048e-01, 1.797693134862e+308, 5.1135e+00, 2.9177e-01, 
 2DIAGNOSTIC,     8, -5.388432342044e-01, 1.797693134862e+308, 5.4678e+00, 3.5431e-01, 
 2DIAGNOSTIC,     9, -5.395090279742e-01, 1.797693134862e+308, 5.7201e+00, 2.5233e-01, 
 2DIAGNOSTIC,    10, -5.402945582392e-01, 7.997253994824e-04, 5.9716e+00, 2.5153e-01, 
 2DIAGNOSTIC,    11, -5.426141479593e-01, 8.850900115710e-04, 6.2396e+00, 2.6800e-01, 
 2DIAGNOSTIC,    12, -5.432245972271e-01, 9.081703914113e-04, 6.5856e+00, 3.4594e-01, 
 2DIAGNOSTIC,    13, -5.434724416253e-01, 8.645536815637e-04, 7.0396e+00, 4.5405e-01, 
 2DIAGNOSTIC,    14, -5.434851839370e-01, 7.607928530484e-04, 7.2960e+00, 2.5632e-01, 
 2DIAGNOSTIC,    15, -5.435007084818e-01, 6.214395537583e-04, 7.5849e+00, 2.8890e-01, 
 2DIAGNOSTIC,    16, -5.435261284970e-01, 4.732860077701e-04, 7.8784e+00, 2.9355e-01, 
 2DIAGNOSTIC,    17, -5.435621901402e-01, 3.405741632607e-04, 8.1374e+00, 2.5901e-01, 
 2DIAGNOSTIC,    18, -5.435835398334e-01, 2.270952768052e-04, 8.4039e+00, 2.6646e-01, 
 2DIAGNOSTIC,    19, -5.436483978379e-01, 1.254189501375e-04, 8.6600e+00, 2.5616e-01, 
 2DIAGNOSTIC,    20, -5.437671540269e-01, 4.479276661595e-05, 8.9262e+00, 2.6614e-01, 
 2DIAGNOSTIC,    21, -5.439878632199e-01, 3.108496555294e-05, 9.1985e+00, 2.7233e-01, 
 2DIAGNOSTIC,    22, -5.442191794287e-01, 3.572489598121e-05, 9.5012e+00, 3.0269e-01, 
 2DIAGNOSTIC,    23, -5.448278443381e-01, 5.627169899800e-05, 9.8591e+00, 3.5786e-01, 
 2DIAGNOSTIC,    24, -5.448596701393e-01, 7.065948472901e-05, 1.0422e+01, 5.6320e-01, 
 2DIAGNOSTIC,    25, -5.448593072718e-01, 7.784934236293e-05, 1.0713e+01, 2.9095e-01, 
 2DIAGNOSTIC,    26, -5.448568433085e-01, 7.785883998089e-05, 1.0974e+01, 2.6053e-01, 
 2DIAGNOSTIC,    27, -5.448557294292e-01, 7.124726315411e-05, 1.1311e+01, 3.3705e-01, 
 2DIAGNOSTIC,    28, -5.448532099122e-01, 5.870575122324e-05, 1.1631e+01, 3.1982e-01, 
 2DIAGNOSTIC,    29, -5.448514703039e-01, 4.274592112409e-05, 1.1912e+01, 2.8104e-01, 
 2DIAGNOSTIC,    30, -5.448508339799e-01, 2.609601090468e-05, 1.2200e+01, 2.8835e-01, 
 2DIAGNOSTIC,    31, -5.448471104986e-01, 1.185102920311e-05, 1.2445e+01, 2.4497e-01, 
DIAGNOSTIC,Iteration,metricValue,convergenceValue,ITERATION_TIME_INDEX,SINCE_LAST
 2DIAGNOSTIC,     1, -4.997350444422e-01, 1.797693134862e+308, 1.5225e+01, 2.7798e+00, 
 2DIAGNOSTIC,     2, -4.999613710704e-01, 1.797693134862e+308, 1.6910e+01, 1.6848e+00, 
 2DIAGNOSTIC,     3, -5.001355812559e-01, 1.797693134862e+308, 1.8542e+01, 1.6327e+00, 
 2DIAGNOSTIC,     4, -5.003361418129e-01, 1.797693134862e+308, 2.0197e+01, 1.6544e+00, 
 2DIAGNOSTIC,     5, -5.007098555337e-01, 1.797693134862e+308, 2.2896e+01, 2.6996e+00, 
 2DIAGNOSTIC,     6, -5.007145231775e-01, 1.797693134862e+308, 2.5812e+01, 2.9160e+00, 
 2DIAGNOSTIC,     7, -5.007141943868e-01, 1.797693134862e+308, 2.7530e+01, 1.7180e+00, 
 2DIAGNOSTIC,     8, -5.007139059622e-01, 1.797693134862e+308, 2.9451e+01, 1.9209e+00, 
 2DIAGNOSTIC,     9, -5.007138155092e-01, 1.797693134862e+308, 3.1306e+01, 1.8553e+00, 
 2DIAGNOSTIC,    10, -5.007137508370e-01, 1.292216742371e-04, 3.3044e+01, 1.7379e+00, 
 2DIAGNOSTIC,    11, -5.007136457581e-01, 8.159148102585e-05, 3.4909e+01, 1.8646e+00, 
 2DIAGNOSTIC,    12, -5.007132994701e-01, 4.570693796831e-05, 3.7183e+01, 2.2740e+00, 
 2DIAGNOSTIC,    13, -5.007133128208e-01, 1.901771007065e-05, 3.9018e+01, 1.8354e+00, 
 2DIAGNOSTIC,    14, -5.007132129241e-01, 2.335450552865e-06, 4.0644e+01, 1.6260e+00, 
 2DIAGNOSTIC,    15, -5.007131190207e-01, 2.010271829986e-06, 4.2216e+01, 1.5721e+00, 
