
##########################
# Experiment information #
##########################

EXPERIMENT_NAME: antsRegistration-r7-p12
VFC_BACKENDS: libinterflop_vprec.so --range-binary32=7 --precision-binary32=12 --range-binary64=7 --precision-binary64=12

SIF_IMG: /home/mdugre/projects/rrg-glatard/mdugre/containers/ants-vprec-no_metrics.simg

SUBJECT_ID: s032
INPUT_IMG: /home/mdugre/scratch/mri-registration-rp/datasets/ds004513/derivatives/mri-registration-rp/antsBrainExtraction/sub-s032/BrainExtractionBrain.nii.gz
OUTPUT_DIR: /home/mdugre/scratch/mri-registration-rp/datasets/ds004513/derivatives/mri-registration-rp/0001/antsRegistration-r7-p12/sub-s032

FIXED_IMG: /templateflow/tpl-MNI152NLin2009cAsym/tpl-MNI152NLin2009cAsym_res-01_desc-brain_T1w.nii.gz
DATA_DIR: /home/mdugre/scratch/mri-registration-rp/datasets/ds004513
TEMPLATEFLOW_DIR: /home/mdugre/projects/rrg-glatard/mdugre/templateflow
ITK_GLOBAL_DEFAULT_NUMBER_OF_THREADS: 16
##########################

Info [verificarlo]: loaded backend libinterflop_ieee.so
Info [interflop-ieee]: load backend with:
Info [interflop-ieee]: debug = false
Info [interflop-ieee]: debug-binary = false
Info [interflop-ieee]: no-backend-name = false
Info [interflop-ieee]: print-new-line = false
Info [interflop-ieee]: print-subnormal-normalized = false
Info [interflop-ieee]: count-op = false
All_Command_lines_OK
Using double precision for computations.
=============================================================================
The composite transform comprises the following transforms (in order): 
  1. Center of mass alignment using fixed image: /templateflow/tpl-MNI152NLin2009cAsym/tpl-MNI152NLin2009cAsym_res-01_desc-brain_T1w.nii.gz and moving image: /home/mdugre/scratch/mri-registration-rp/datasets/ds004513/derivatives/mri-registration-rp/antsBrainExtraction/sub-s032/BrainExtractionBrain.nii.gz (type = Euler3DTransform)
=============================================================================
  number of levels = 1
  fixed image: /templateflow/tpl-MNI152NLin2009cAsym/tpl-MNI152NLin2009cAsym_res-01_desc-brain_T1w.nii.gz
  moving image: /home/mdugre/scratch/mri-registration-rp/datasets/ds004513/derivatives/mri-registration-rp/antsBrainExtraction/sub-s032/BrainExtractionBrain.nii.gz
Dimension = 3
Number of stages = 1
Use histogram matching = false
Winsorize image intensities = true
  Lower quantile = 0.005
  Upper quantile = 0.995


Stage 1 State
   Image metric = MattesMI
     Fixed image = Image (0x3955e70)
  RTTI typeinfo:   itk::Image<double, 3u>
  Reference Count: 2
  Modified Time: 2330
  Debug: Off
  Object Name: 
  Observers: 
    none
  Source: (none)
  Source output name: (none)
  Release Data: Off
  Data Released: False
  Global Release Data: Off
  PipelineMTime: 0
  UpdateMTime: 1941
  RealTimeStamp: 0 seconds 
  LargestPossibleRegion: 
    Dimension: 3
    Index: [0, 0, 0]
    Size: [193, 229, 193]
  BufferedRegion: 
    Dimension: 3
    Index: [0, 0, 0]
    Size: [193, 229, 193]
  RequestedRegion: 
    Dimension: 3
    Index: [0, 0, 0]
    Size: [193, 229, 193]
  Spacing: [1, 1, 1]
  Origin: [96, 132, -78]
  Direction: 
-1 0 0
0 -1 0
0 0 1

  IndexToPointMatrix: 
-1 0 0
0 -1 0
0 0 1

  PointToIndexMatrix: 
-1 0 0
0 -1 0
0 0 1

  Inverse Direction: 
-1 0 0
0 -1 0
0 0 1

  PixelContainer: 
    ImportImageContainer (0x395ec60)
      RTTI typeinfo:   itk::ImportImageContainer<unsigned long, double>
      Reference Count: 1
      Modified Time: 1938
      Debug: Off
      Object Name: 
      Observers: 
        none
      Pointer: 0x155084a3c010
      Container manages memory: true
      Size: 8530021
      Capacity: 8530021

     Moving image = Image (0x39f2ec0)
  RTTI typeinfo:   itk::Image<double, 3u>
  Reference Count: 2
  Modified Time: 2331
  Debug: Off
  Object Name: 
  Observers: 
    none
  Source: (none)
  Source output name: (none)
  Release Data: Off
  Data Released: False
  Global Release Data: Off
  PipelineMTime: 0
  UpdateMTime: 2328
  RealTimeStamp: 0 seconds 
  LargestPossibleRegion: 
    Dimension: 3
    Index: [0, 0, 0]
    Size: [160, 240, 256]
  BufferedRegion: 
    Dimension: 3
    Index: [0, 0, 0]
    Size: [160, 240, 256]
  RequestedRegion: 
    Dimension: 3
    Index: [0, 0, 0]
    Size: [160, 240, 256]
  Spacing: [1, 1, 1]
  Origin: [73.279, 104.707, -131.187]
  Direction: 
-0.997527 0.0645574 -0.0278053
-0.0645323 -0.997914 -0.00179875
-0.0278634 4.01097e-08 0.999612

  IndexToPointMatrix: 
-0.997527 0.0645574 -0.0278053
-0.0645323 -0.997914 -0.00179875
-0.0278634 4.01097e-08 0.999612

  PointToIndexMatrix: 
-0.997527 -0.0645323 -0.0278634
0.0645574 -0.997914 4.01049e-08
-0.0278053 -0.00179875 0.999612

  Inverse Direction: 
-0.997527 -0.0645323 -0.0278634
0.0645574 -0.997914 4.01049e-08
-0.0278053 -0.00179875 0.999612

  PixelContainer: 
    ImportImageContainer (0x3a8a610)
      RTTI typeinfo:   itk::ImportImageContainer<unsigned long, double>
      Reference Count: 1
      Modified Time: 2325
      Debug: Off
      Object Name: 
      Observers: 
        none
      Pointer: 0x15507ff3b010
      Container manages memory: true
      Size: 9830400
      Capacity: 9830400

     Weighting = 1
     Sampling strategy = regular
     Number of bins = 32
     Radius = 4
     Sampling percentage  = 0.25
   Transform = Rigid
     Gradient step = 0.1
     Update field sigma (voxel space) = 0
     Total field sigma (voxel space) = 0
     Update field time sigma = 0
     Total field time sigma  = 0
     Number of time indices = 0
     Number of time point samples = 0
Registration using 1 total stages.

Stage 0
  iterations = 0
  convergence threshold = 1e-06
  convergence window size = 10
  number of levels = 1
  using the Mattes MI metric (number of bins = 32, weight = 1, use gradient filter = 0)
  preprocessing:  winsorizing the image intensities
  Shrink factors (level 1 out of 1): [1, 1, 1]
  smoothing sigmas per level: [0]
  regular sampling (percentage = 0.25)

*** Running Euler3DTransform registration ***

  Elapsed time (stage 0): 1.09664


Total elapsed time: 1.09862
Info [verificarlo]: loaded backend libinterflop_ieee.so
Info [interflop-ieee]: load backend with:
Info [interflop-ieee]: debug = false
Info [interflop-ieee]: debug-binary = false
Info [interflop-ieee]: no-backend-name = false
Info [interflop-ieee]: print-new-line = false
Info [interflop-ieee]: print-subnormal-normalized = false
Info [interflop-ieee]: count-op = false
All_Command_lines_OK
Using double precision for computations.
=============================================================================
The composite transform comprises the following transforms (in order): 
  1. /home/mdugre/scratch/mri-registration-rp/datasets/ds004513/derivatives/mri-registration-rp/0001/antsRegistration-r7-p12/sub-s032/align_Composite.h5[0] (type = Euler3DTransform)
  2. /home/mdugre/scratch/mri-registration-rp/datasets/ds004513/derivatives/mri-registration-rp/0001/antsRegistration-r7-p12/sub-s032/align_Composite.h5[1] (type = Euler3DTransform)
=============================================================================
  number of levels = 4
  fixed image: /templateflow/tpl-MNI152NLin2009cAsym/tpl-MNI152NLin2009cAsym_res-01_desc-brain_T1w.nii.gz
  moving image: /home/mdugre/scratch/mri-registration-rp/datasets/ds004513/derivatives/mri-registration-rp/antsBrainExtraction/sub-s032/BrainExtractionBrain.nii.gz
Dimension = 3
Number of stages = 1
Use histogram matching = false
Winsorize image intensities = true
  Lower quantile = 0.005
  Upper quantile = 0.995


Stage 1 State
   Image metric = MattesMI
     Fixed image = Image (0x4024530)
  RTTI typeinfo:   itk::Image<double, 3u>
  Reference Count: 2
  Modified Time: 1578
  Debug: Off
  Object Name: 
  Observers: 
    none
  Source: (none)
  Source output name: (none)
  Release Data: Off
  Data Released: False
  Global Release Data: Off
  PipelineMTime: 0
  UpdateMTime: 1189
  RealTimeStamp: 0 seconds 
  LargestPossibleRegion: 
    Dimension: 3
    Index: [0, 0, 0]
    Size: [193, 229, 193]
  BufferedRegion: 
    Dimension: 3
    Index: [0, 0, 0]
    Size: [193, 229, 193]
  RequestedRegion: 
    Dimension: 3
    Index: [0, 0, 0]
    Size: [193, 229, 193]
  Spacing: [1, 1, 1]
  Origin: [96, 132, -78]
  Direction: 
-1 0 0
0 -1 0
0 0 1

  IndexToPointMatrix: 
-1 0 0
0 -1 0
0 0 1

  PointToIndexMatrix: 
-1 0 0
0 -1 0
0 0 1

  Inverse Direction: 
-1 0 0
0 -1 0
0 0 1

  PixelContainer: 
    ImportImageContainer (0x40e2d60)
      RTTI typeinfo:   itk::ImportImageContainer<unsigned long, double>
      Reference Count: 1
      Modified Time: 1186
      Debug: Off
      Object Name: 
      Observers: 
        none
      Pointer: 0x14ecf71b3010
      Container manages memory: true
      Size: 8530021
      Capacity: 8530021

     Moving image = Image (0x40d4f60)
  RTTI typeinfo:   itk::Image<double, 3u>
  Reference Count: 2
  Modified Time: 1579
  Debug: Off
  Object Name: 
  Observers: 
    none
  Source: (none)
  Source output name: (none)
  Release Data: Off
  Data Released: False
  Global Release Data: Off
  PipelineMTime: 0
  UpdateMTime: 1576
  RealTimeStamp: 0 seconds 
  LargestPossibleRegion: 
    Dimension: 3
    Index: [0, 0, 0]
    Size: [160, 240, 256]
  BufferedRegion: 
    Dimension: 3
    Index: [0, 0, 0]
    Size: [160, 240, 256]
  RequestedRegion: 
    Dimension: 3
    Index: [0, 0, 0]
    Size: [160, 240, 256]
  Spacing: [1, 1, 1]
  Origin: [73.279, 104.707, -131.187]
  Direction: 
-0.997527 0.0645574 -0.0278053
-0.0645323 -0.997914 -0.00179875
-0.0278634 4.01097e-08 0.999612

  IndexToPointMatrix: 
-0.997527 0.0645574 -0.0278053
-0.0645323 -0.997914 -0.00179875
-0.0278634 4.01097e-08 0.999612

  PointToIndexMatrix: 
-0.997527 -0.0645323 -0.0278634
0.0645574 -0.997914 4.01049e-08
-0.0278053 -0.00179875 0.999612

  Inverse Direction: 
-0.997527 -0.0645323 -0.0278634
0.0645574 -0.997914 4.01049e-08
-0.0278053 -0.00179875 0.999612

  PixelContainer: 
    ImportImageContainer (0x40c66d0)
      RTTI typeinfo:   itk::ImportImageContainer<unsigned long, double>
      Reference Count: 1
      Modified Time: 1573
      Debug: Off
      Object Name: 
      Observers: 
        none
      Pointer: 0x14ecf26b2010
      Container manages memory: true
      Size: 9830400
      Capacity: 9830400

     Weighting = 1
     Sampling strategy = regular
     Number of bins = 32
     Radius = 4
     Sampling percentage  = 0.25
   Transform = Rigid
     Gradient step = 0.1
     Update field sigma (voxel space) = 0
     Total field sigma (voxel space) = 0
     Update field time sigma = 0
     Total field time sigma  = 0
     Number of time indices = 0
     Number of time point samples = 0
Registration using 1 total stages.

Stage 0
  iterations = 1000x500x250x100
  convergence threshold = 1e-06
  convergence window size = 10
  number of levels = 4
  using the Mattes MI metric (number of bins = 32, weight = 1, use gradient filter = 0)
  preprocessing:  winsorizing the image intensities
  Shrink factors (level 1 out of 4): [8, 8, 8]
  Shrink factors (level 2 out of 4): [4, 4, 4]
  Shrink factors (level 3 out of 4): [2, 2, 2]
  Shrink factors (level 4 out of 4): [1, 1, 1]
  smoothing sigmas per level: [3, 2, 1, 0]
  regular sampling (percentage = 0.25)

*** Running Euler3DTransform registration ***

DIAGNOSTIC,Iteration,metricValue,convergenceValue,ITERATION_TIME_INDEX,SINCE_LAST
 2DIAGNOSTIC,     1, -5.480496989617e-01, 1.797693134862e+308, 7.2400e-01, 7.2400e-01, 
 2DIAGNOSTIC,     2, -5.506811078454e-01, 1.797693134862e+308, 7.2766e-01, 3.6621e-03, 
 2DIAGNOSTIC,     3, -5.546514955662e-01, 1.797693134862e+308, 7.3140e-01, 3.7370e-03, 
 2DIAGNOSTIC,     4, -5.606863537750e-01, 1.797693134862e+308, 7.3500e-01, 3.6051e-03, 
 2DIAGNOSTIC,     5, -5.693661845193e-01, 1.797693134862e+308, 7.3850e-01, 3.4950e-03, 
 2DIAGNOSTIC,     6, -5.854078830086e-01, 1.797693134862e+308, 7.4211e-01, 3.6161e-03, 
 2DIAGNOSTIC,     7, -6.232769732918e-01, 1.797693134862e+308, 7.4572e-01, 3.6051e-03, 
 2DIAGNOSTIC,     8, -6.297683730473e-01, 1.797693134862e+308, 7.5025e-01, 4.5290e-03, 
 2DIAGNOSTIC,     9, -6.366738733405e-01, 1.797693134862e+308, 7.5683e-01, 6.5861e-03, 
 2DIAGNOSTIC,    10, -6.375630690827e-01, 1.201760866083e-02, 7.6056e-01, 3.7279e-03, 
 2DIAGNOSTIC,    11, -6.405337628679e-01, 1.087684809450e-02, 7.6417e-01, 3.6051e-03, 
 2DIAGNOSTIC,    12, -6.435528997438e-01, 9.167753354490e-03, 7.6870e-01, 4.5381e-03, 
 2DIAGNOSTIC,    13, -6.444720921444e-01, 7.089498731847e-03, 7.7241e-01, 3.7041e-03, 
 2DIAGNOSTIC,    14, -6.463616611293e-01, 4.967892496988e-03, 7.7679e-01, 4.3771e-03, 
 2DIAGNOSTIC,    15, -6.484646963404e-01, 3.033020789043e-03, 7.8354e-01, 6.7551e-03, 
 2DIAGNOSTIC,    16, -6.486009987994e-01, 1.520386367320e-03, 7.8749e-01, 3.9501e-03, 
 2DIAGNOSTIC,    17, -6.493699344760e-01, 1.108203205204e-03, 7.9135e-01, 3.8550e-03, 
 2DIAGNOSTIC,    18, -6.514578195065e-01, 8.586162135985e-04, 7.9497e-01, 3.6199e-03, 
 2DIAGNOSTIC,    19, -6.526592717406e-01, 7.533650369805e-04, 7.9855e-01, 3.5849e-03, 
 2DIAGNOSTIC,    20, -6.536191777189e-01, 6.303067369293e-04, 8.0211e-01, 3.5560e-03, 
 2DIAGNOSTIC,    21, -6.549162298979e-01, 5.534292205381e-04, 8.0582e-01, 3.7150e-03, 
 2DIAGNOSTIC,    22, -6.562385790832e-01, 5.226986103233e-04, 8.1063e-01, 4.8079e-03, 
 2DIAGNOSTIC,    23, -6.565000058113e-01, 4.680180012236e-04, 8.1464e-01, 4.0131e-03, 
 2DIAGNOSTIC,    24, -6.565387353854e-01, 4.101063704207e-04, 8.1909e-01, 4.4508e-03, 
 2DIAGNOSTIC,    25, -6.567702146894e-01, 3.618032093042e-04, 8.2346e-01, 4.3700e-03, 
 2DIAGNOSTIC,    26, -6.583507212369e-01, 3.132611037349e-04, 8.2752e-01, 4.0600e-03, 
 2DIAGNOSTIC,    27, -6.586527568469e-01, 2.554116018362e-04, 8.3129e-01, 3.7632e-03, 
 2DIAGNOSTIC,    28, -6.593310437738e-01, 2.225767143842e-04, 8.3593e-01, 4.6389e-03, 
 2DIAGNOSTIC,    29, -6.595734041655e-01, 1.939316665336e-04, 8.4030e-01, 4.3719e-03, 
 2DIAGNOSTIC,    30, -6.595955819569e-01, 1.634946778527e-04, 8.4450e-01, 4.2050e-03, 
 2DIAGNOSTIC,    31, -6.596949967568e-01, 1.392755860912e-04, 8.4812e-01, 3.6151e-03, 
 2DIAGNOSTIC,    32, -6.597157295313e-01, 1.221677497588e-04, 8.5215e-01, 4.0369e-03, 
 2DIAGNOSTIC,    33, -6.597001423845e-01, 9.820426862674e-05, 8.5829e-01, 6.1390e-03, 
 2DIAGNOSTIC,    34, -6.595254449701e-01, 6.486903006511e-05, 8.6225e-01, 3.9539e-03, 
 2DIAGNOSTIC,    35, -6.595295822809e-01, 3.010817889705e-05, 8.6582e-01, 3.5679e-03, 
 2DIAGNOSTIC,    36, -6.595351297935e-01, 1.424396565650e-05, 8.6944e-01, 3.6242e-03, 
 2DIAGNOSTIC,    37, -6.595409535781e-01, 1.474135167479e-06, 8.7319e-01, 3.7489e-03, 
DIAGNOSTIC,Iteration,metricValue,convergenceValue,ITERATION_TIME_INDEX,SINCE_LAST
 2DIAGNOSTIC,     1, -5.183739626530e-01, 1.797693134862e+308, 1.5170e+00, 6.4386e-01, 
 2DIAGNOSTIC,     2, -5.189226238287e-01, 1.797693134862e+308, 1.5477e+00, 3.0636e-02, 
 2DIAGNOSTIC,     3, -5.196899327353e-01, 1.797693134862e+308, 1.5741e+00, 2.6424e-02, 
 2DIAGNOSTIC,     4, -5.204463662998e-01, 1.797693134862e+308, 1.6001e+00, 2.5950e-02, 
 2DIAGNOSTIC,     5, -5.209979485296e-01, 1.797693134862e+308, 1.6284e+00, 2.8309e-02, 
 2DIAGNOSTIC,     6, -5.216357744179e-01, 1.797693134862e+308, 1.6584e+00, 3.0035e-02, 
 2DIAGNOSTIC,     7, -5.233753714558e-01, 1.797693134862e+308, 1.6887e+00, 3.0326e-02, 
 2DIAGNOSTIC,     8, -5.241119131136e-01, 1.797693134862e+308, 1.7270e+00, 3.8246e-02, 
 2DIAGNOSTIC,     9, -5.247293428570e-01, 1.797693134862e+308, 1.7650e+00, 3.8038e-02, 
 2DIAGNOSTIC,    10, -5.250028241325e-01, 8.899807891204e-04, 1.7989e+00, 3.3870e-02, 
 2DIAGNOSTIC,    11, -5.254483053644e-01, 7.905532294101e-04, 1.8312e+00, 3.2309e-02, 
 2DIAGNOSTIC,    12, -5.277635687624e-01, 7.650652093718e-04, 1.8654e+00, 3.4239e-02, 
 2DIAGNOSTIC,    13, -5.283161385538e-01, 7.264279421802e-04, 1.8927e+00, 2.7241e-02, 
 2DIAGNOSTIC,    14, -5.288222936589e-01, 6.775649957478e-04, 1.9199e+00, 2.7217e-02, 
 2DIAGNOSTIC,    15, -5.289976642314e-01, 6.012605081767e-04, 1.9476e+00, 2.7707e-02, 
 2DIAGNOSTIC,    16, -5.298475139589e-01, 5.287513349445e-04, 1.9865e+00, 3.8871e-02, 
 2DIAGNOSTIC,    17, -5.313522149473e-01, 5.176189343555e-04, 2.0175e+00, 3.0996e-02, 
 2DIAGNOSTIC,    18, -5.317212118224e-01, 4.916468619343e-04, 2.0486e+00, 3.1166e-02, 
 2DIAGNOSTIC,    19, -5.322490403241e-01, 4.569583087225e-04, 2.0818e+00, 3.3214e-02, 
 2DIAGNOSTIC,    20, -5.323376833697e-01, 3.940996917191e-04, 2.1074e+00, 2.5568e-02, 
 2DIAGNOSTIC,    21, -5.325910150240e-01, 3.171268725472e-04, 2.1383e+00, 3.0906e-02, 
 2DIAGNOSTIC,    22, -5.334985486201e-01, 2.960182153921e-04, 2.1668e+00, 2.8517e-02, 
 2DIAGNOSTIC,    23, -5.343136308850e-01, 2.804991887995e-04, 2.1958e+00, 2.8969e-02, 
 2DIAGNOSTIC,    24, -5.358648596347e-01, 2.865803257001e-04, 2.2316e+00, 3.5801e-02, 
 2DIAGNOSTIC,    25, -5.371553704089e-01, 2.964394213236e-04, 2.2576e+00, 2.6007e-02, 
 2DIAGNOSTIC,    26, -5.415586429108e-01, 3.855487934368e-04, 2.2826e+00, 2.5030e-02, 
 2DIAGNOSTIC,    27, -5.440111087244e-01, 5.083163457033e-04, 2.3126e+00, 2.9968e-02, 
 2DIAGNOSTIC,    28, -5.456677595797e-01, 6.125151662513e-04, 2.3583e+00, 4.5681e-02, 
 2DIAGNOSTIC,    29, -5.459821468817e-01, 6.678529236844e-04, 2.3875e+00, 2.9237e-02, 
 2DIAGNOSTIC,    30, -5.471202232052e-01, 6.787016811276e-04, 2.4178e+00, 3.0229e-02, 
 2DIAGNOSTIC,    31, -5.479440983393e-01, 6.419212658947e-04, 2.4479e+00, 3.0186e-02, 
 2DIAGNOSTIC,    32, -5.484143482754e-01, 5.689740991777e-04, 2.4780e+00, 3.0036e-02, 
 2DIAGNOSTIC,    33, -5.487995312209e-01, 4.665018263498e-04, 2.5080e+00, 2.9990e-02, 
 2DIAGNOSTIC,    34, -5.502137409258e-01, 3.733655300144e-04, 2.5384e+00, 3.0405e-02, 
 2DIAGNOSTIC,    35, -5.554024456062e-01, 3.471205516985e-04, 2.5756e+00, 3.7214e-02, 
 2DIAGNOSTIC,    36, -5.560507634319e-01, 3.613898206107e-04, 2.6048e+00, 2.9219e-02, 
 2DIAGNOSTIC,    37, -5.571930565056e-01, 3.926521226512e-04, 2.6444e+00, 3.9576e-02, 
 2DIAGNOSTIC,    38, -5.580338293399e-01, 4.207198146614e-04, 2.6722e+00, 2.7870e-02, 
 2DIAGNOSTIC,    39, -5.587066165802e-01, 4.199219987728e-04, 2.7026e+00, 3.0338e-02, 
 2DIAGNOSTIC,    40, -5.598496912278e-01, 4.081514931141e-04, 2.7424e+00, 3.9839e-02, 
 2DIAGNOSTIC,    41, -5.606688551497e-01, 3.789445233728e-04, 2.7716e+00, 2.9154e-02, 
 2DIAGNOSTIC,    42, -5.625529149748e-01, 3.455756036559e-04, 2.8038e+00, 3.2219e-02, 
 2DIAGNOSTIC,    43, -5.647260682775e-01, 3.121482441668e-04, 2.8459e+00, 4.2101e-02, 
 2DIAGNOSTIC,    44, -5.649861027959e-01, 2.686463942744e-04, 2.8728e+00, 2.6906e-02, 
 2DIAGNOSTIC,    45, -5.658433505196e-01, 2.727567820095e-04, 2.9012e+00, 2.8391e-02, 
 2DIAGNOSTIC,    46, -5.663004870734e-01, 2.630621275745e-04, 2.9306e+00, 2.9431e-02, 
 2DIAGNOSTIC,    47, -5.663152556823e-01, 2.412204848905e-04, 2.9607e+00, 3.0101e-02, 
 2DIAGNOSTIC,    48, -5.665106004157e-01, 2.084611293068e-04, 2.9995e+00, 3.8817e-02, 
 2DIAGNOSTIC,    49, -5.666036991059e-01, 1.653500915430e-04, 3.0275e+00, 2.7967e-02, 
 2DIAGNOSTIC,    50, -5.669536637716e-01, 1.241082026319e-04, 3.0641e+00, 3.6556e-02, 
 2DIAGNOSTIC,    51, -5.669784150279e-01, 8.098322848467e-05, 3.0961e+00, 3.2025e-02, 
 2DIAGNOSTIC,    52, -5.669802374564e-01, 5.043959303675e-05, 3.1267e+00, 3.0608e-02, 
 2DIAGNOSTIC,    53, -5.669646267357e-01, 3.773506166648e-05, 3.1567e+00, 2.9987e-02, 
 2DIAGNOSTIC,    54, -5.669532723058e-01, 2.415869851717e-05, 3.1830e+00, 2.6332e-02, 
 2DIAGNOSTIC,    55, -5.669369949421e-01, 1.666932234076e-05, 3.2101e+00, 2.7035e-02, 
 2DIAGNOSTIC,    56, -5.669581520350e-01, 1.238862854414e-05, 3.2355e+00, 2.5454e-02, 
 2DIAGNOSTIC,    57, -5.669862427084e-01, 7.524854368859e-06, 3.2638e+00, 2.8296e-02, 
 2DIAGNOSTIC,    58, -5.670463111320e-01, 4.475496731764e-06, 3.2982e+00, 3.4436e-02, 
 2DIAGNOSTIC,    59, -5.670437871894e-01, 1.865452713766e-06, 3.3308e+00, 3.2582e-02, 
 2DIAGNOSTIC,    60, -5.670396543598e-01, 2.224008786231e-06, 3.3584e+00, 2.7552e-02, 
 2DIAGNOSTIC,    61, -5.670539882522e-01, 2.744657636070e-06, 3.3894e+00, 3.1071e-02, 
 2DIAGNOSTIC,    62, -5.670596781701e-01, 3.088558496792e-06, 3.4174e+00, 2.7992e-02, 
 2DIAGNOSTIC,    63, -5.670684117143e-01, 3.112781259945e-06, 3.4543e+00, 3.6883e-02, 
 2DIAGNOSTIC,    64, -5.670615526916e-01, 2.747938708438e-06, 3.4859e+00, 3.1581e-02, 
 2DIAGNOSTIC,    65, -5.670612695668e-01, 2.056606373552e-06, 3.5251e+00, 3.9158e-02, 
 2DIAGNOSTIC,    66, -5.670555406921e-01, 1.356541468794e-06, 3.5618e+00, 3.6755e-02, 
DIAGNOSTIC,Iteration,metricValue,convergenceValue,ITERATION_TIME_INDEX,SINCE_LAST
 2DIAGNOSTIC,     1, -5.015707129414e-01, 1.797693134862e+308, 4.6038e+00, 1.0420e+00, 
 2DIAGNOSTIC,     2, -5.018038157749e-01, 1.797693134862e+308, 4.8014e+00, 1.9765e-01, 
 2DIAGNOSTIC,     3, -5.020509101751e-01, 1.797693134862e+308, 5.0061e+00, 2.0471e-01, 
 2DIAGNOSTIC,     4, -5.021466530098e-01, 1.797693134862e+308, 5.2125e+00, 2.0637e-01, 
 2DIAGNOSTIC,     5, -5.022534077645e-01, 1.797693134862e+308, 5.4534e+00, 2.4095e-01, 
 2DIAGNOSTIC,     6, -5.022752571187e-01, 1.797693134862e+308, 5.7539e+00, 3.0041e-01, 
 2DIAGNOSTIC,     7, -5.022726214778e-01, 1.797693134862e+308, 5.9588e+00, 2.0494e-01, 
 2DIAGNOSTIC,     8, -5.022755734553e-01, 1.797693134862e+308, 6.2181e+00, 2.5929e-01, 
 2DIAGNOSTIC,     9, -5.022754480312e-01, 1.797693134862e+308, 6.4632e+00, 2.4516e-01, 
 2DIAGNOSTIC,    10, -5.022750047297e-01, 7.882749507168e-05, 6.7000e+00, 2.3672e-01, 
 2DIAGNOSTIC,    11, -5.022740039511e-01, 4.232248299192e-05, 6.9900e+00, 2.9006e-01, 
 2DIAGNOSTIC,    12, -5.022733629739e-01, 1.913316652997e-05, 7.2191e+00, 2.2912e-01, 
 2DIAGNOSTIC,    13, -5.022726577346e-01, 8.701463432834e-06, 7.4492e+00, 2.3007e-01, 
 2DIAGNOSTIC,    14, -5.022719368864e-01, 2.918395262425e-06, 7.6782e+00, 2.2901e-01, 
 2DIAGNOSTIC,    15, -5.022712350657e-01, 1.826558920934e-06, 7.9108e+00, 2.3254e-01, 
 2DIAGNOSTIC,    16, -5.022705016264e-01, 1.649754168664e-06, 8.1215e+00, 2.1072e-01, 
 2DIAGNOSTIC,    17, -5.022698294450e-01, 1.412307415009e-06, 8.3596e+00, 2.3808e-01, 
 2DIAGNOSTIC,    18, -5.022708019247e-01, 1.366991129334e-06, 8.5508e+00, 1.9125e-01, 
 2DIAGNOSTIC,    19, -5.022694152985e-01, 1.317326076819e-06, 8.7743e+00, 2.2352e-01, 
 2DIAGNOSTIC,    20, -5.022697796469e-01, 1.305481818835e-06, 8.9588e+00, 1.8448e-01, 
 2DIAGNOSTIC,    21, -5.022671093397e-01, 1.222527884794e-06, 9.1754e+00, 2.1654e-01, 
 2DIAGNOSTIC,    22, -5.022653729801e-01, 1.115034698344e-06, 9.3843e+00, 2.0897e-01, 
 2DIAGNOSTIC,    23, -5.022660157755e-01, 1.046697055966e-06, 9.5972e+00, 2.1292e-01, 
DIAGNOSTIC,Iteration,metricValue,convergenceValue,ITERATION_TIME_INDEX,SINCE_LAST
 2DIAGNOSTIC,     1, -4.667515635386e-01, 1.797693134862e+308, 1.1969e+01, 2.3722e+00, 
 2DIAGNOSTIC,     2, -4.668121083267e-01, 1.797693134862e+308, 1.3498e+01, 1.5282e+00, 
 2DIAGNOSTIC,     3, -4.668395014866e-01, 1.797693134862e+308, 1.5454e+01, 1.9568e+00, 
 2DIAGNOSTIC,     4, -4.668446913704e-01, 1.797693134862e+308, 1.6806e+01, 1.3516e+00, 
 2DIAGNOSTIC,     5, -4.668512961101e-01, 1.797693134862e+308, 1.8317e+01, 1.5115e+00, 
 2DIAGNOSTIC,     6, -4.668589877446e-01, 1.797693134862e+308, 1.9719e+01, 1.4018e+00, 
 2DIAGNOSTIC,     7, -4.668744001660e-01, 1.797693134862e+308, 2.1059e+01, 1.3398e+00, 
 2DIAGNOSTIC,     8, -4.669115769021e-01, 1.797693134862e+308, 2.2405e+01, 1.3463e+00, 
 2DIAGNOSTIC,     9, -4.669363521515e-01, 1.797693134862e+308, 2.4351e+01, 1.9452e+00, 
 2DIAGNOSTIC,    10, -4.669375849615e-01, 2.511527928120e-05, 2.6018e+01, 1.6670e+00, 
 2DIAGNOSTIC,    11, -4.669383540122e-01, 1.988057094617e-05, 2.7675e+01, 1.6571e+00, 
 2DIAGNOSTIC,    12, -4.669376750173e-01, 1.699930730198e-05, 2.9153e+01, 1.4784e+00, 
 2DIAGNOSTIC,    13, -4.669372732531e-01, 1.449826748987e-05, 3.0635e+01, 1.4820e+00, 
 2DIAGNOSTIC,    14, -4.669370403458e-01, 1.145849778471e-05, 3.2560e+01, 1.9244e+00, 
 2DIAGNOSTIC,    15, -4.669368925095e-01, 8.265560140983e-06, 3.4109e+01, 1.5495e+00, 
 2DIAGNOSTIC,    16, -4.669365539246e-01, 5.202903683416e-06, 3.5597e+01, 1.4880e+00, 
 2DIAGNOSTIC,    17, -4.669363773592e-01, 2.723959664198e-06, 3.7076e+01, 1.4793e+00, 
 2DIAGNOSTIC,    18, -4.669363788569e-01, 1.676201077661e-06, 3.8575e+01, 1.4983e+00, 
 2DIAGNOSTIC,    19, -4.669368947731e-01, 1.556223027610e-06, 4.0918e+01, 2.3436e+00, 
 2DIAGNOSTIC,    20, -4.669369424506e-01, 1.496678421156e-06, 4.2509e+01, 1.5910e+00, 
 2DIAGNOSTIC,    21, -4.669366351444e-01, 1.465597719054e-06, 4.3800e+01, 1.2913e+00, 
 2DIAGNOSTIC,    22, -4.669366383921e-01, 1.424029966154e-06, 4.5323e+01, 1.5224e+00, 
 2DIAGNOSTIC,    23, -4.669365245918e-01, 1.374357998095e-06, 4.6819e+01, 1.4961e+00, 
 2DIAGNOSTIC,    24, -4.669364935485e-01, 1.322616024368e-06, 4.8439e+01, 1.6196e+00, 
 2DIAGNOSTIC,    25, -4.669363355596e-01, 1.267974552445e-06, 4.9922e+01, 1.4837e+00, 
 2DIAGNOSTIC,    26, -4.669362730617e-01, 1.209056465987e-06, 5.1489e+01, 1.5665e+00, 
 2DIAGNOSTIC,    27, -4.669363065507e-01, 1.152818157019e-06, 5.2944e+01, 1.4549e+00, 
 2DIAGNOSTIC,    28, -4.669362460412e-01, 1.101242361620e-06, 5.4407e+01, 1.4634e+00, 
 2DIAGNOSTIC,    29, -4.669362970322e-01, 1.068368537784e-06, 5.5800e+01, 1.3931e+00, 
 2DIAGNOSTIC,    30, -4.669362927320e-01, 1.041439263806e-06, 5.7518e+01, 1.7174e+00, 
 2DIAGNOSTIC,    31, -4.669363316314e-01, 1.012756916788e-06, 5.9156e+01, 1.6381e+00, 
  Elapsed time (stage 0): 5.9965e+01


Total elapsed time: 5.9967e+01
Info [verificarlo]: loaded backend libinterflop_ieee.so
Info [interflop-ieee]: load backend with:
Info [interflop-ieee]: debug = false
Info [interflop-ieee]: debug-binary = false
Info [interflop-ieee]: no-backend-name = false
Info [interflop-ieee]: print-new-line = false
Info [interflop-ieee]: print-subnormal-normalized = false
Info [interflop-ieee]: count-op = false
All_Command_lines_OK
Using double precision for computations.
=============================================================================
The composite transform comprises the following transforms (in order): 
  1. /home/mdugre/scratch/mri-registration-rp/datasets/ds004513/derivatives/mri-registration-rp/0001/antsRegistration-r7-p12/sub-s032/rigid_Composite.h5[0] (type = Euler3DTransform)
  2. /home/mdugre/scratch/mri-registration-rp/datasets/ds004513/derivatives/mri-registration-rp/0001/antsRegistration-r7-p12/sub-s032/rigid_Composite.h5[1] (type = Euler3DTransform)
  3. /home/mdugre/scratch/mri-registration-rp/datasets/ds004513/derivatives/mri-registration-rp/0001/antsRegistration-r7-p12/sub-s032/rigid_Composite.h5[2] (type = Euler3DTransform)
=============================================================================
  number of levels = 4
  fixed image: /templateflow/tpl-MNI152NLin2009cAsym/tpl-MNI152NLin2009cAsym_res-01_desc-brain_T1w.nii.gz
  moving image: /home/mdugre/scratch/mri-registration-rp/datasets/ds004513/derivatives/mri-registration-rp/antsBrainExtraction/sub-s032/BrainExtractionBrain.nii.gz
Dimension = 3
Number of stages = 1
Use histogram matching = false
Winsorize image intensities = true
  Lower quantile = 0.005
  Upper quantile = 0.995


Stage 1 State
   Image metric = MattesMI
     Fixed image = Image (0x452c7e0)
  RTTI typeinfo:   itk::Image<double, 3u>
  Reference Count: 2
  Modified Time: 1592
  Debug: Off
  Object Name: 
  Observers: 
    none
  Source: (none)
  Source output name: (none)
  Release Data: Off
  Data Released: False
  Global Release Data: Off
  PipelineMTime: 0
  UpdateMTime: 1203
  RealTimeStamp: 0 seconds 
  LargestPossibleRegion: 
    Dimension: 3
    Index: [0, 0, 0]
    Size: [193, 229, 193]
  BufferedRegion: 
    Dimension: 3
    Index: [0, 0, 0]
    Size: [193, 229, 193]
  RequestedRegion: 
    Dimension: 3
    Index: [0, 0, 0]
    Size: [193, 229, 193]
  Spacing: [1, 1, 1]
  Origin: [96, 132, -78]
  Direction: 
-1 0 0
0 -1 0
0 0 1

  IndexToPointMatrix: 
-1 0 0
0 -1 0
0 0 1

  PointToIndexMatrix: 
-1 0 0
0 -1 0
0 0 1

  Inverse Direction: 
-1 0 0
0 -1 0
0 0 1

  PixelContainer: 
    ImportImageContainer (0x45eca20)
      RTTI typeinfo:   itk::ImportImageContainer<unsigned long, double>
      Reference Count: 1
      Modified Time: 1200
      Debug: Off
      Object Name: 
      Observers: 
        none
      Pointer: 0x149e5e868010
      Container manages memory: true
      Size: 8530021
      Capacity: 8530021

     Moving image = Image (0x45e7d70)
  RTTI typeinfo:   itk::Image<double, 3u>
  Reference Count: 2
  Modified Time: 1593
  Debug: Off
  Object Name: 
  Observers: 
    none
  Source: (none)
  Source output name: (none)
  Release Data: Off
  Data Released: False
  Global Release Data: Off
  PipelineMTime: 0
  UpdateMTime: 1590
  RealTimeStamp: 0 seconds 
  LargestPossibleRegion: 
    Dimension: 3
    Index: [0, 0, 0]
    Size: [160, 240, 256]
  BufferedRegion: 
    Dimension: 3
    Index: [0, 0, 0]
    Size: [160, 240, 256]
  RequestedRegion: 
    Dimension: 3
    Index: [0, 0, 0]
    Size: [160, 240, 256]
  Spacing: [1, 1, 1]
  Origin: [73.279, 104.707, -131.187]
  Direction: 
-0.997527 0.0645574 -0.0278053
-0.0645323 -0.997914 -0.00179875
-0.0278634 4.01097e-08 0.999612

  IndexToPointMatrix: 
-0.997527 0.0645574 -0.0278053
-0.0645323 -0.997914 -0.00179875
-0.0278634 4.01097e-08 0.999612

  PointToIndexMatrix: 
-0.997527 -0.0645323 -0.0278634
0.0645574 -0.997914 4.01049e-08
-0.0278053 -0.00179875 0.999612

  Inverse Direction: 
-0.997527 -0.0645323 -0.0278634
0.0645574 -0.997914 4.01049e-08
-0.0278053 -0.00179875 0.999612

  PixelContainer: 
    ImportImageContainer (0x459fc90)
      RTTI typeinfo:   itk::ImportImageContainer<unsigned long, double>
      Reference Count: 1
      Modified Time: 1587
      Debug: Off
      Object Name: 
      Observers: 
        none
      Pointer: 0x149e59d67010
      Container manages memory: true
      Size: 9830400
      Capacity: 9830400

     Weighting = 1
     Sampling strategy = regular
     Number of bins = 32
     Radius = 4
     Sampling percentage  = 0.25
   Transform = Affine
     Gradient step = 0.1
     Update field sigma (voxel space) = 0
     Total field sigma (voxel space) = 0
     Update field time sigma = 0
     Total field time sigma  = 0
     Number of time indices = 0
     Number of time point samples = 0
Registration using 1 total stages.

Stage 0
  iterations = 1000x500x250x100
  convergence threshold = 1e-06
  convergence window size = 10
  number of levels = 4
  using the Mattes MI metric (number of bins = 32, weight = 1, use gradient filter = 0)
  preprocessing:  winsorizing the image intensities
  Shrink factors (level 1 out of 4): [8, 8, 8]
  Shrink factors (level 2 out of 4): [4, 4, 4]
  Shrink factors (level 3 out of 4): [2, 2, 2]
  Shrink factors (level 4 out of 4): [1, 1, 1]
  smoothing sigmas per level: [3, 2, 1, 0]
  regular sampling (percentage = 0.25)

*** Running AffineTransform registration ***

DIAGNOSTIC,Iteration,metricValue,convergenceValue,ITERATION_TIME_INDEX,SINCE_LAST
 2DIAGNOSTIC,     1, -6.839709766105e-01, 1.797693134862e+308, 9.6057e-01, 9.6057e-01, 
 2DIAGNOSTIC,     2, -6.861998349897e-01, 1.797693134862e+308, 9.6593e-01, 5.3561e-03, 
 2DIAGNOSTIC,     3, -6.896785137571e-01, 1.797693134862e+308, 9.7114e-01, 5.2068e-03, 
 2DIAGNOSTIC,     4, -6.946299403842e-01, 1.797693134862e+308, 9.7670e-01, 5.5590e-03, 
 2DIAGNOSTIC,     5, -7.107665338349e-01, 1.797693134862e+308, 9.8255e-01, 5.8520e-03, 
 2DIAGNOSTIC,     6, -7.198123842297e-01, 1.797693134862e+308, 9.8815e-01, 5.5990e-03, 
 2DIAGNOSTIC,     7, -7.214622259184e-01, 1.797693134862e+308, 9.9379e-01, 5.6400e-03, 
 2DIAGNOSTIC,     8, -7.231445225278e-01, 1.797693134862e+308, 9.9868e-01, 4.8890e-03, 
 2DIAGNOSTIC,     9, -7.258759722691e-01, 1.797693134862e+308, 1.0050e+00, 6.3729e-03, 
 2DIAGNOSTIC,    10, -7.283871314828e-01, 4.681031749289e-03, 1.0107e+00, 5.6510e-03, 
 2DIAGNOSTIC,    11, -7.309507247074e-01, 3.878171068829e-03, 1.0167e+00, 5.9919e-03, 
 2DIAGNOSTIC,    12, -7.323433191167e-01, 2.991171774885e-03, 1.0265e+00, 9.7980e-03, 
 2DIAGNOSTIC,    13, -7.322848903824e-01, 2.085431243545e-03, 1.0326e+00, 6.1049e-03, 
 2DIAGNOSTIC,    14, -7.324611280587e-01, 1.259562747792e-03, 1.0384e+00, 5.7709e-03, 
 2DIAGNOSTIC,    15, -7.327317689910e-01, 8.588727520915e-04, 1.0439e+00, 5.4860e-03, 
 2DIAGNOSTIC,    16, -7.331600763482e-01, 6.643107448263e-04, 1.0493e+00, 5.4479e-03, 
 2DIAGNOSTIC,    17, -7.335360044894e-01, 4.790437435698e-04, 1.0548e+00, 5.4951e-03, 
 2DIAGNOSTIC,    18, -7.340344646659e-01, 3.183426493476e-04, 1.0604e+00, 5.5890e-03, 
 2DIAGNOSTIC,    19, -7.346372672321e-01, 2.143331533301e-04, 1.0661e+00, 5.7662e-03, 
 2DIAGNOSTIC,    20, -7.354286567450e-01, 1.649198004137e-04, 1.0716e+00, 5.4610e-03, 
 2DIAGNOSTIC,    21, -7.357971222079e-01, 1.590773678079e-04, 1.0782e+00, 6.6321e-03, 
 2DIAGNOSTIC,    22, -7.355050487347e-01, 1.589002864461e-04, 1.0836e+00, 5.3842e-03, 
 2DIAGNOSTIC,    23, -7.356965167780e-01, 1.466156188659e-04, 1.0891e+00, 5.4419e-03, 
 2DIAGNOSTIC,    24, -7.364132589637e-01, 1.361485954639e-04, 1.0955e+00, 6.4781e-03, 
 2DIAGNOSTIC,    25, -7.381475746882e-01, 1.447384836075e-04, 1.1034e+00, 7.8990e-03, 
 2DIAGNOSTIC,    26, -7.389840928412e-01, 1.576351461297e-04, 1.1106e+00, 7.1390e-03, 
 2DIAGNOSTIC,    27, -7.390382204707e-01, 1.613337068707e-04, 1.1159e+00, 5.3511e-03, 
 2DIAGNOSTIC,    28, -7.395185004119e-01, 1.637815683938e-04, 1.1221e+00, 6.1581e-03, 
 2DIAGNOSTIC,    29, -7.396926611355e-01, 1.606315163127e-04, 1.1280e+00, 5.9118e-03, 
 2DIAGNOSTIC,    30, -7.397307768463e-01, 1.528603380180e-04, 1.1336e+00, 5.5599e-03, 
 2DIAGNOSTIC,    31, -7.399073608628e-01, 1.382445215408e-04, 1.1414e+00, 7.8249e-03, 
 2DIAGNOSTIC,    32, -7.399751131508e-01, 1.091155886393e-04, 1.1477e+00, 6.2630e-03, 
 2DIAGNOSTIC,    33, -7.400141510551e-01, 7.433064500671e-05, 1.1537e+00, 6.0070e-03, 
 2DIAGNOSTIC,    34, -7.401377105164e-01, 4.384109692058e-05, 1.1597e+00, 6.0470e-03, 
 2DIAGNOSTIC,    35, -7.399832658853e-01, 2.844451108852e-05, 1.1659e+00, 6.2060e-03, 
 2DIAGNOSTIC,    36, -7.399166472767e-01, 1.975234736147e-05, 1.1715e+00, 5.6319e-03, 
 2DIAGNOSTIC,    37, -7.398477997472e-01, 9.472935224381e-06, 1.1769e+00, 5.3449e-03, 
 2DIAGNOSTIC,    38, -7.398687916575e-01, 4.019269472088e-06, 1.1829e+00, 5.9810e-03, 
DIAGNOSTIC,Iteration,metricValue,convergenceValue,ITERATION_TIME_INDEX,SINCE_LAST
 2DIAGNOSTIC,     1, -5.970385255023e-01, 1.797693134862e+308, 2.1016e+00, 9.1876e-01, 
 2DIAGNOSTIC,     2, -5.975420198792e-01, 1.797693134862e+308, 2.1466e+00, 4.4948e-02, 
 2DIAGNOSTIC,     3, -5.980786568990e-01, 1.797693134862e+308, 2.1867e+00, 4.0085e-02, 
 2DIAGNOSTIC,     4, -5.984418781713e-01, 1.797693134862e+308, 2.2304e+00, 4.3727e-02, 
 2DIAGNOSTIC,     5, -5.986691294997e-01, 1.797693134862e+308, 2.2806e+00, 5.0172e-02, 
 2DIAGNOSTIC,     6, -5.988547525907e-01, 1.797693134862e+308, 2.3215e+00, 4.0977e-02, 
 2DIAGNOSTIC,     7, -5.992143295369e-01, 1.797693134862e+308, 2.3622e+00, 4.0608e-02, 
 2DIAGNOSTIC,     8, -5.995585621690e-01, 1.797693134862e+308, 2.4032e+00, 4.1062e-02, 
 2DIAGNOSTIC,     9, -6.002189234861e-01, 1.797693134862e+308, 2.4472e+00, 4.3970e-02, 
 2DIAGNOSTIC,    10, -6.012250084258e-01, 3.807120010505e-04, 2.4877e+00, 4.0501e-02, 
 2DIAGNOSTIC,    11, -6.019310155115e-01, 3.849536900468e-04, 2.5409e+00, 5.3185e-02, 
 2DIAGNOSTIC,    12, -6.021091140582e-01, 3.806640682725e-04, 2.5769e+00, 3.6038e-02, 
 2DIAGNOSTIC,    13, -6.028851090937e-01, 3.909389405526e-04, 2.6142e+00, 3.7320e-02, 
 2DIAGNOSTIC,    14, -6.037877468341e-01, 4.064744402778e-04, 2.6478e+00, 3.3602e-02, 
 2DIAGNOSTIC,    15, -6.040459728997e-01, 3.973749477578e-04, 2.6843e+00, 3.6479e-02, 
 2DIAGNOSTIC,    16, -6.044569875378e-01, 3.709523519446e-04, 2.7219e+00, 3.7561e-02, 
 2DIAGNOSTIC,    17, -6.057986648443e-01, 3.613341527505e-04, 2.7624e+00, 4.0545e-02, 
 2DIAGNOSTIC,    18, -6.057362798159e-01, 3.259131361175e-04, 2.7991e+00, 3.6658e-02, 
 2DIAGNOSTIC,    19, -6.058313336791e-01, 2.827162840062e-04, 2.8402e+00, 4.1144e-02, 
 2DIAGNOSTIC,    20, -6.059127203498e-01, 2.435385685796e-04, 2.8884e+00, 4.8215e-02, 
 2DIAGNOSTIC,    21, -6.058973183180e-01, 2.012049612652e-04, 2.9320e+00, 4.3597e-02, 
 2DIAGNOSTIC,    22, -6.058442504637e-01, 1.461872096473e-04, 2.9762e+00, 4.4169e-02, 
 2DIAGNOSTIC,    23, -6.058302859058e-01, 9.771959085497e-05, 3.0172e+00, 4.0981e-02, 
 2DIAGNOSTIC,    24, -6.058369423322e-01, 6.250543920677e-05, 3.0521e+00, 3.4907e-02, 
 2DIAGNOSTIC,    25, -6.058382099943e-01, 2.928745866648e-05, 3.0954e+00, 4.3306e-02, 
 2DIAGNOSTIC,    26, -6.058329336121e-01, 2.681490883755e-06, 3.1344e+00, 3.8986e-02, 
 2DIAGNOSTIC,    27, -6.058270936859e-01, 1.348486000870e-06, 3.1691e+00, 3.4675e-02, 
DIAGNOSTIC,Iteration,metricValue,convergenceValue,ITERATION_TIME_INDEX,SINCE_LAST
 2DIAGNOSTIC,     1, -5.402579020391e-01, 1.797693134862e+308, 4.2507e+00, 1.0817e+00, 
 2DIAGNOSTIC,     2, -5.406390720649e-01, 1.797693134862e+308, 4.4920e+00, 2.4130e-01, 
 2DIAGNOSTIC,     3, -5.411781155151e-01, 1.797693134862e+308, 4.7321e+00, 2.4005e-01, 
 2DIAGNOSTIC,     4, -5.418285067905e-01, 1.797693134862e+308, 4.9548e+00, 2.2278e-01, 
 2DIAGNOSTIC,     5, -5.429192843772e-01, 1.797693134862e+308, 5.1917e+00, 2.3686e-01, 
 2DIAGNOSTIC,     6, -5.448352121994e-01, 1.797693134862e+308, 5.4938e+00, 3.0210e-01, 
 2DIAGNOSTIC,     7, -5.452289027530e-01, 1.797693134862e+308, 5.8730e+00, 3.7924e-01, 
 2DIAGNOSTIC,     8, -5.452307942535e-01, 1.797693134862e+308, 6.1392e+00, 2.6613e-01, 
 2DIAGNOSTIC,     9, -5.452278439669e-01, 1.797693134862e+308, 6.4353e+00, 2.9611e-01, 
 2DIAGNOSTIC,    10, -5.452257412629e-01, 7.212771166022e-04, 6.8191e+00, 3.8386e-01, 
 2DIAGNOSTIC,    11, -5.452266827115e-01, 5.570010137605e-04, 7.0852e+00, 2.6608e-01, 
 2DIAGNOSTIC,    12, -5.452252874290e-01, 3.869002028783e-04, 7.3531e+00, 2.6794e-01, 
 2DIAGNOSTIC,    13, -5.452258940049e-01, 2.310308520986e-04, 7.5997e+00, 2.4653e-01, 
 2DIAGNOSTIC,    14, -5.452239145312e-01, 1.008696482019e-04, 7.8677e+00, 2.6806e-01, 
 2DIAGNOSTIC,    15, -5.452248162682e-01, 1.538993611741e-05, 8.1359e+00, 2.6818e-01, 
 2DIAGNOSTIC,    16, -5.452228804785e-01, 1.530147824294e-06, 8.4068e+00, 2.7087e-01, 
 2DIAGNOSTIC,    17, -5.452221490979e-01, 1.419700215353e-06, 8.6402e+00, 2.3345e-01, 
 2DIAGNOSTIC,    18, -5.452203205417e-01, 1.368041920344e-06, 8.8877e+00, 2.4744e-01, 
 2DIAGNOSTIC,    19, -5.452219144067e-01, 1.324293082985e-06, 9.1263e+00, 2.3864e-01, 
 2DIAGNOSTIC,    20, -5.452201675858e-01, 1.214248351145e-06, 9.3801e+00, 2.5383e-01, 
 2DIAGNOSTIC,    21, -5.452186126961e-01, 1.136913045235e-06, 9.6809e+00, 3.0080e-01, 
 2DIAGNOSTIC,    22, -5.452184024288e-01, 1.065205156484e-06, 9.9116e+00, 2.3066e-01, 
 2DIAGNOSTIC,    23, -5.452167333125e-01, 1.011972813554e-06, 1.0148e+01, 2.3604e-01, 
 2DIAGNOSTIC,    24, -5.452189878928e-01, 1.002959201905e-06, 1.0413e+01, 2.6507e-01, 
 2DIAGNOSTIC,    25, -5.452202035167e-01, 1.068470251941e-06, 1.0653e+01, 2.4010e-01, 
 2DIAGNOSTIC,    26, -5.452189825775e-01, 1.085385620103e-06, 1.0869e+01, 2.1612e-01, 
 2DIAGNOSTIC,    27, -5.452193037328e-01, 1.109085769710e-06, 1.1115e+01, 2.4568e-01, 
 2DIAGNOSTIC,    28, -5.452206211677e-01, 1.126811003560e-06, 1.1378e+01, 2.6338e-01, 
 2DIAGNOSTIC,    29, -5.452203350987e-01, 1.166743820114e-06, 1.1645e+01, 2.6703e-01, 
 2DIAGNOSTIC,    30, -5.452193492526e-01, 1.150340330790e-06, 1.1912e+01, 2.6667e-01, 
 2DIAGNOSTIC,    31, -5.452190024168e-01, 1.095990854003e-06, 1.2146e+01, 2.3400e-01, 
 2DIAGNOSTIC,    32, -5.452201052728e-01, 1.054435644639e-06, 1.2414e+01, 2.6854e-01, 
DIAGNOSTIC,Iteration,metricValue,convergenceValue,ITERATION_TIME_INDEX,SINCE_LAST
 2DIAGNOSTIC,     1, -5.007509378097e-01, 1.797693134862e+308, 1.5124e+01, 2.7100e+00, 
 2DIAGNOSTIC,     2, -5.008670452618e-01, 1.797693134862e+308, 1.6879e+01, 1.7547e+00, 
 2DIAGNOSTIC,     3, -5.008860026553e-01, 1.797693134862e+308, 1.9578e+01, 2.6993e+00, 
 2DIAGNOSTIC,     4, -5.008861251100e-01, 1.797693134862e+308, 2.1760e+01, 2.1817e+00, 
 2DIAGNOSTIC,     5, -5.008860475359e-01, 1.797693134862e+308, 2.4108e+01, 2.3478e+00, 
