
##########################
# Experiment information #
##########################

EXPERIMENT_NAME: antsRegistration-r7-p18
VFC_BACKENDS: libinterflop_vprec.so --range-binary32=7 --precision-binary32=18 --range-binary64=7 --precision-binary64=18

SIF_IMG: /home/mdugre/projects/rrg-glatard/mdugre/containers/ants-vprec-no_metrics.simg

SUBJECT_ID: s020
INPUT_IMG: /home/mdugre/scratch/mri-registration-rp/datasets/ds004513/derivatives/mri-registration-rp/antsBrainExtraction/sub-s020/BrainExtractionBrain.nii.gz
OUTPUT_DIR: /home/mdugre/scratch/mri-registration-rp/datasets/ds004513/derivatives/mri-registration-rp/0001/antsRegistration-r7-p18/sub-s020

FIXED_IMG: /templateflow/tpl-MNI152NLin2009cAsym/tpl-MNI152NLin2009cAsym_res-01_desc-brain_T1w.nii.gz
DATA_DIR: /home/mdugre/scratch/mri-registration-rp/datasets/ds004513
TEMPLATEFLOW_DIR: /home/mdugre/projects/rrg-glatard/mdugre/templateflow
ITK_GLOBAL_DEFAULT_NUMBER_OF_THREADS: 16
##########################

Info [verificarlo]: loaded backend libinterflop_ieee.so
Info [interflop-ieee]: load backend with:
Info [interflop-ieee]: debug = false
Info [interflop-ieee]: debug-binary = false
Info [interflop-ieee]: no-backend-name = false
Info [interflop-ieee]: print-new-line = false
Info [interflop-ieee]: print-subnormal-normalized = false
Info [interflop-ieee]: count-op = false
All_Command_lines_OK
Using double precision for computations.
=============================================================================
The composite transform comprises the following transforms (in order): 
  1. Center of mass alignment using fixed image: /templateflow/tpl-MNI152NLin2009cAsym/tpl-MNI152NLin2009cAsym_res-01_desc-brain_T1w.nii.gz and moving image: /home/mdugre/scratch/mri-registration-rp/datasets/ds004513/derivatives/mri-registration-rp/antsBrainExtraction/sub-s020/BrainExtractionBrain.nii.gz (type = Euler3DTransform)
=============================================================================
  number of levels = 1
  fixed image: /templateflow/tpl-MNI152NLin2009cAsym/tpl-MNI152NLin2009cAsym_res-01_desc-brain_T1w.nii.gz
  moving image: /home/mdugre/scratch/mri-registration-rp/datasets/ds004513/derivatives/mri-registration-rp/antsBrainExtraction/sub-s020/BrainExtractionBrain.nii.gz
Dimension = 3
Number of stages = 1
Use histogram matching = false
Winsorize image intensities = true
  Lower quantile = 0.005
  Upper quantile = 0.995


Stage 1 State
   Image metric = MattesMI
     Fixed image = Image (0x4787e70)
  RTTI typeinfo:   itk::Image<double, 3u>
  Reference Count: 2
  Modified Time: 2334
  Debug: Off
  Object Name: 
  Observers: 
    none
  Source: (none)
  Source output name: (none)
  Release Data: Off
  Data Released: False
  Global Release Data: Off
  PipelineMTime: 0
  UpdateMTime: 1943
  RealTimeStamp: 0 seconds 
  LargestPossibleRegion: 
    Dimension: 3
    Index: [0, 0, 0]
    Size: [193, 229, 193]
  BufferedRegion: 
    Dimension: 3
    Index: [0, 0, 0]
    Size: [193, 229, 193]
  RequestedRegion: 
    Dimension: 3
    Index: [0, 0, 0]
    Size: [193, 229, 193]
  Spacing: [1, 1, 1]
  Origin: [96, 132, -78]
  Direction: 
-1 0 0
0 -1 0
0 0 1

  IndexToPointMatrix: 
-1 0 0
0 -1 0
0 0 1

  PointToIndexMatrix: 
-1 0 0
0 -1 0
0 0 1

  Inverse Direction: 
-1 0 0
0 -1 0
0 0 1

  PixelContainer: 
    ImportImageContainer (0x4790c60)
      RTTI typeinfo:   itk::ImportImageContainer<unsigned long, double>
      Reference Count: 1
      Modified Time: 1940
      Debug: Off
      Object Name: 
      Observers: 
        none
      Pointer: 0x14b227019010
      Container manages memory: true
      Size: 8530021
      Capacity: 8530021

     Moving image = Image (0x4793610)
  RTTI typeinfo:   itk::Image<double, 3u>
  Reference Count: 2
  Modified Time: 2335
  Debug: Off
  Object Name: 
  Observers: 
    none
  Source: (none)
  Source output name: (none)
  Release Data: Off
  Data Released: False
  Global Release Data: Off
  PipelineMTime: 0
  UpdateMTime: 2332
  RealTimeStamp: 0 seconds 
  LargestPossibleRegion: 
    Dimension: 3
    Index: [0, 0, 0]
    Size: [160, 240, 256]
  BufferedRegion: 
    Dimension: 3
    Index: [0, 0, 0]
    Size: [160, 240, 256]
  RequestedRegion: 
    Dimension: 3
    Index: [0, 0, 0]
    Size: [160, 240, 256]
  Spacing: [0.999995, 1, 1]
  Origin: [87.0906, 98.7205, -152.377]
  Direction: 
-0.996975 0.0261379 -0.0731913
-0.0260677 -0.999658 -0.00191374
-0.0732163 -2.46403e-08 0.997316

  IndexToPointMatrix: 
-0.996971 0.0261379 -0.0731913
-0.0260676 -0.999658 -0.00191374
-0.0732159 -2.46403e-08 0.997316

  PointToIndexMatrix: 
-0.99698 -0.0260679 -0.0732166
0.0261379 -0.999658 -2.46993e-08
-0.0731913 -0.00191374 0.997316

  Inverse Direction: 
-0.996975 -0.0260677 -0.0732163
0.0261379 -0.999658 -2.46993e-08
-0.0731913 -0.00191374 0.997316

  PixelContainer: 
    ImportImageContainer (0x482cef0)
      RTTI typeinfo:   itk::ImportImageContainer<unsigned long, double>
      Reference Count: 1
      Modified Time: 2329
      Debug: Off
      Object Name: 
      Observers: 
        none
      Pointer: 0x14b222518010
      Container manages memory: true
      Size: 9830400
      Capacity: 9830400

     Weighting = 1
     Sampling strategy = regular
     Number of bins = 32
     Radius = 4
     Sampling percentage  = 0.25
   Transform = Rigid
     Gradient step = 0.1
     Update field sigma (voxel space) = 0
     Total field sigma (voxel space) = 0
     Update field time sigma = 0
     Total field time sigma  = 0
     Number of time indices = 0
     Number of time point samples = 0
Registration using 1 total stages.

Stage 0
  iterations = 0
  convergence threshold = 1e-06
  convergence window size = 10
  number of levels = 1
  using the Mattes MI metric (number of bins = 32, weight = 1, use gradient filter = 0)
  preprocessing:  winsorizing the image intensities
  Shrink factors (level 1 out of 1): [1, 1, 1]
  smoothing sigmas per level: [0]
  regular sampling (percentage = 0.25)

*** Running Euler3DTransform registration ***

  Elapsed time (stage 0): 1.13986


Total elapsed time: 1.14765
Info [verificarlo]: loaded backend libinterflop_ieee.so
Info [interflop-ieee]: load backend with:
Info [interflop-ieee]: debug = false
Info [interflop-ieee]: debug-binary = false
Info [interflop-ieee]: no-backend-name = false
Info [interflop-ieee]: print-new-line = false
Info [interflop-ieee]: print-subnormal-normalized = false
Info [interflop-ieee]: count-op = false
All_Command_lines_OK
Using double precision for computations.
=============================================================================
The composite transform comprises the following transforms (in order): 
  1. /home/mdugre/scratch/mri-registration-rp/datasets/ds004513/derivatives/mri-registration-rp/0001/antsRegistration-r7-p18/sub-s020/align_Composite.h5[0] (type = Euler3DTransform)
  2. /home/mdugre/scratch/mri-registration-rp/datasets/ds004513/derivatives/mri-registration-rp/0001/antsRegistration-r7-p18/sub-s020/align_Composite.h5[1] (type = Euler3DTransform)
=============================================================================
  number of levels = 4
  fixed image: /templateflow/tpl-MNI152NLin2009cAsym/tpl-MNI152NLin2009cAsym_res-01_desc-brain_T1w.nii.gz
  moving image: /home/mdugre/scratch/mri-registration-rp/datasets/ds004513/derivatives/mri-registration-rp/antsBrainExtraction/sub-s020/BrainExtractionBrain.nii.gz
Dimension = 3
Number of stages = 1
Use histogram matching = false
Winsorize image intensities = true
  Lower quantile = 0.005
  Upper quantile = 0.995


Stage 1 State
   Image metric = MattesMI
     Fixed image = Image (0x4397530)
  RTTI typeinfo:   itk::Image<double, 3u>
  Reference Count: 2
  Modified Time: 1580
  Debug: Off
  Object Name: 
  Observers: 
    none
  Source: (none)
  Source output name: (none)
  Release Data: Off
  Data Released: False
  Global Release Data: Off
  PipelineMTime: 0
  UpdateMTime: 1189
  RealTimeStamp: 0 seconds 
  LargestPossibleRegion: 
    Dimension: 3
    Index: [0, 0, 0]
    Size: [193, 229, 193]
  BufferedRegion: 
    Dimension: 3
    Index: [0, 0, 0]
    Size: [193, 229, 193]
  RequestedRegion: 
    Dimension: 3
    Index: [0, 0, 0]
    Size: [193, 229, 193]
  Spacing: [1, 1, 1]
  Origin: [96, 132, -78]
  Direction: 
-1 0 0
0 -1 0
0 0 1

  IndexToPointMatrix: 
-1 0 0
0 -1 0
0 0 1

  PointToIndexMatrix: 
-1 0 0
0 -1 0
0 0 1

  Inverse Direction: 
-1 0 0
0 -1 0
0 0 1

  PixelContainer: 
    ImportImageContainer (0x4455d60)
      RTTI typeinfo:   itk::ImportImageContainer<unsigned long, double>
      Reference Count: 1
      Modified Time: 1186
      Debug: Off
      Object Name: 
      Observers: 
        none
      Pointer: 0x15466f708010
      Container manages memory: true
      Size: 8530021
      Capacity: 8530021

     Moving image = Image (0x4447f60)
  RTTI typeinfo:   itk::Image<double, 3u>
  Reference Count: 2
  Modified Time: 1581
  Debug: Off
  Object Name: 
  Observers: 
    none
  Source: (none)
  Source output name: (none)
  Release Data: Off
  Data Released: False
  Global Release Data: Off
  PipelineMTime: 0
  UpdateMTime: 1578
  RealTimeStamp: 0 seconds 
  LargestPossibleRegion: 
    Dimension: 3
    Index: [0, 0, 0]
    Size: [160, 240, 256]
  BufferedRegion: 
    Dimension: 3
    Index: [0, 0, 0]
    Size: [160, 240, 256]
  RequestedRegion: 
    Dimension: 3
    Index: [0, 0, 0]
    Size: [160, 240, 256]
  Spacing: [0.999995, 1, 1]
  Origin: [87.0906, 98.7205, -152.377]
  Direction: 
-0.996975 0.0261379 -0.0731913
-0.0260677 -0.999658 -0.00191374
-0.0732163 -2.46403e-08 0.997316

  IndexToPointMatrix: 
-0.996971 0.0261379 -0.0731913
-0.0260676 -0.999658 -0.00191374
-0.0732159 -2.46403e-08 0.997316

  PointToIndexMatrix: 
-0.99698 -0.0260679 -0.0732166
0.0261379 -0.999658 -2.46993e-08
-0.0731913 -0.00191374 0.997316

  Inverse Direction: 
-0.996975 -0.0260677 -0.0732163
0.0261379 -0.999658 -2.46993e-08
-0.0731913 -0.00191374 0.997316

  PixelContainer: 
    ImportImageContainer (0x44396d0)
      RTTI typeinfo:   itk::ImportImageContainer<unsigned long, double>
      Reference Count: 1
      Modified Time: 1575
      Debug: Off
      Object Name: 
      Observers: 
        none
      Pointer: 0x15466ac07010
      Container manages memory: true
      Size: 9830400
      Capacity: 9830400

     Weighting = 1
     Sampling strategy = regular
     Number of bins = 32
     Radius = 4
     Sampling percentage  = 0.25
   Transform = Rigid
     Gradient step = 0.1
     Update field sigma (voxel space) = 0
     Total field sigma (voxel space) = 0
     Update field time sigma = 0
     Total field time sigma  = 0
     Number of time indices = 0
     Number of time point samples = 0
Registration using 1 total stages.

Stage 0
  iterations = 1000x500x250x100
  convergence threshold = 1e-06
  convergence window size = 10
  number of levels = 4
  using the Mattes MI metric (number of bins = 32, weight = 1, use gradient filter = 0)
  preprocessing:  winsorizing the image intensities
  Shrink factors (level 1 out of 4): [8, 8, 8]
  Shrink factors (level 2 out of 4): [4, 4, 4]
  Shrink factors (level 3 out of 4): [2, 2, 2]
  Shrink factors (level 4 out of 4): [1, 1, 1]
  smoothing sigmas per level: [3, 2, 1, 0]
  regular sampling (percentage = 0.25)

*** Running Euler3DTransform registration ***

DIAGNOSTIC,Iteration,metricValue,convergenceValue,ITERATION_TIME_INDEX,SINCE_LAST
 2DIAGNOSTIC,     1, -3.791273390751e-01, 1.797693134862e+308, 8.1645e-01, 8.1645e-01, 
 2DIAGNOSTIC,     2, -3.803606001643e-01, 1.797693134862e+308, 8.2097e-01, 4.5261e-03, 
 2DIAGNOSTIC,     3, -3.828962034719e-01, 1.797693134862e+308, 8.2520e-01, 4.2260e-03, 
 2DIAGNOSTIC,     4, -3.876122532015e-01, 1.797693134862e+308, 8.2942e-01, 4.2191e-03, 
 2DIAGNOSTIC,     5, -3.904935334081e-01, 1.797693134862e+308, 8.3444e-01, 5.0261e-03, 
 2DIAGNOSTIC,     6, -3.911039700181e-01, 1.797693134862e+308, 8.3857e-01, 4.1308e-03, 
 2DIAGNOSTIC,     7, -3.914905453856e-01, 1.797693134862e+308, 8.4252e-01, 3.9470e-03, 
 2DIAGNOSTIC,     8, -3.925629083064e-01, 1.797693134862e+308, 8.4688e-01, 4.3559e-03, 
 2DIAGNOSTIC,     9, -3.981570789235e-01, 1.797693134862e+308, 8.5121e-01, 4.3330e-03, 
 2DIAGNOSTIC,    10, -4.079218556696e-01, 3.866687266231e-03, 8.5687e-01, 5.6591e-03, 
 2DIAGNOSTIC,    11, -4.246779602407e-01, 4.904320352958e-03, 8.6154e-01, 4.6759e-03, 
 2DIAGNOSTIC,    12, -4.297045200929e-01, 5.673254149498e-03, 8.6631e-01, 4.7650e-03, 
 2DIAGNOSTIC,    13, -4.335692915519e-01, 6.156954111701e-03, 8.7116e-01, 4.8511e-03, 
 2DIAGNOSTIC,    14, -4.439932007368e-01, 6.764094567457e-03, 8.7531e-01, 4.1480e-03, 
 2DIAGNOSTIC,    15, -4.466217674864e-01, 6.904768052616e-03, 8.8002e-01, 4.7081e-03, 
 2DIAGNOSTIC,    16, -4.513528166458e-01, 6.619270362531e-03, 8.8459e-01, 4.5719e-03, 
 2DIAGNOSTIC,    17, -4.528510992371e-01, 5.844785606256e-03, 8.8957e-01, 4.9779e-03, 
 2DIAGNOSTIC,    18, -4.555717391889e-01, 4.777374775665e-03, 8.9582e-01, 6.2549e-03, 
 2DIAGNOSTIC,    19, -4.559551095105e-01, 3.601534512341e-03, 8.9983e-01, 4.0069e-03, 
 2DIAGNOSTIC,    20, -4.573566951151e-01, 2.586718118574e-03, 9.0686e-01, 7.0369e-03, 
 2DIAGNOSTIC,    21, -4.575250794967e-01, 1.982981938709e-03, 9.1191e-01, 5.0490e-03, 
 2DIAGNOSTIC,    22, -4.577284682808e-01, 1.415652226147e-03, 9.1696e-01, 5.0421e-03, 
 2DIAGNOSTIC,    23, -4.579446099579e-01, 8.825922942218e-04, 9.2207e-01, 5.1131e-03, 
 2DIAGNOSTIC,    24, -4.580221553715e-01, 6.077403180330e-04, 9.2640e-01, 4.3261e-03, 
 2DIAGNOSTIC,    25, -4.581755224178e-01, 3.715336575323e-04, 9.3064e-01, 4.2448e-03, 
 2DIAGNOSTIC,    26, -4.586245350121e-01, 2.523973073128e-04, 9.3536e-01, 4.7250e-03, 
 2DIAGNOSTIC,    27, -4.589283486289e-01, 1.618278318905e-04, 9.4190e-01, 6.5348e-03, 
 2DIAGNOSTIC,    28, -4.591709454963e-01, 1.332101163414e-04, 9.4669e-01, 4.7860e-03, 
 2DIAGNOSTIC,    29, -4.592799747028e-01, 1.047128894114e-04, 9.5133e-01, 4.6482e-03, 
 2DIAGNOSTIC,    30, -4.596801089287e-01, 1.080743445625e-04, 9.5828e-01, 6.9420e-03, 
 2DIAGNOSTIC,    31, -4.599398421507e-01, 1.098125953055e-04, 9.6292e-01, 4.6439e-03, 
 2DIAGNOSTIC,    32, -4.599347945525e-01, 1.049893316504e-04, 9.6807e-01, 5.1498e-03, 
 2DIAGNOSTIC,    33, -4.600733959753e-01, 9.789689031284e-05, 9.7348e-01, 5.4100e-03, 
 2DIAGNOSTIC,    34, -4.601770308111e-01, 8.558578977418e-05, 9.7928e-01, 5.8000e-03, 
 2DIAGNOSTIC,    35, -4.602315481986e-01, 6.959474809821e-05, 9.8545e-01, 6.1688e-03, 
 2DIAGNOSTIC,    36, -4.602526698694e-01, 5.639217737785e-05, 9.9063e-01, 5.1789e-03, 
 2DIAGNOSTIC,    37, -4.604052022455e-01, 4.671835837700e-05, 9.9613e-01, 5.5010e-03, 
 2DIAGNOSTIC,    38, -4.610433516322e-01, 4.828261853949e-05, 1.0016e+00, 5.4741e-03, 
 2DIAGNOSTIC,    39, -4.612217314271e-01, 4.958371804506e-05, 1.0059e+00, 4.2920e-03, 
 2DIAGNOSTIC,    40, -4.612063969212e-01, 5.238435393051e-05, 1.0112e+00, 5.3260e-03, 
 2DIAGNOSTIC,    41, -4.615209923604e-01, 5.943590298310e-05, 1.0155e+00, 4.2861e-03, 
 2DIAGNOSTIC,    42, -4.616700171062e-01, 6.255697511307e-05, 1.0203e+00, 4.8211e-03, 
 2DIAGNOSTIC,    43, -4.619974344544e-01, 6.640729026026e-05, 1.0253e+00, 4.9281e-03, 
 2DIAGNOSTIC,    44, -4.631327656603e-01, 8.186503900642e-05, 1.0307e+00, 5.4750e-03, 
 2DIAGNOSTIC,    45, -4.648561435565e-01, 1.140626288783e-04, 1.0351e+00, 4.3950e-03, 
 2DIAGNOSTIC,    46, -4.649649479445e-01, 1.353551122848e-04, 1.0395e+00, 4.3771e-03, 
 2DIAGNOSTIC,    47, -4.651857850764e-01, 1.481268821259e-04, 1.0440e+00, 4.4661e-03, 
 2DIAGNOSTIC,    48, -4.675428497981e-01, 1.864385879212e-04, 1.0500e+00, 6.0201e-03, 
 2DIAGNOSTIC,    49, -4.681224988771e-01, 2.141477268822e-04, 1.0542e+00, 4.2400e-03, 
 2DIAGNOSTIC,    50, -4.682566498737e-01, 2.215096810000e-04, 1.0591e+00, 4.8709e-03, 
 2DIAGNOSTIC,    51, -4.687362594994e-01, 2.180041157561e-04, 1.0650e+00, 5.8939e-03, 
 2DIAGNOSTIC,    52, -4.690004552480e-01, 1.990929976152e-04, 1.0704e+00, 5.3868e-03, 
 2DIAGNOSTIC,    53, -4.701790887366e-01, 1.794073539351e-04, 1.0756e+00, 5.2299e-03, 
 2DIAGNOSTIC,    54, -4.705587598518e-01, 1.602129181788e-04, 1.0805e+00, 4.9341e-03, 
 2DIAGNOSTIC,    55, -4.706562380697e-01, 1.479878778981e-04, 1.0854e+00, 4.8418e-03, 
 2DIAGNOSTIC,    56, -4.706854399291e-01, 1.241346173566e-04, 1.0897e+00, 4.3609e-03, 
 2DIAGNOSTIC,    57, -4.708471713952e-01, 9.287037196455e-05, 1.0943e+00, 4.5042e-03, 
 2DIAGNOSTIC,    58, -4.710914211454e-01, 8.201285868014e-05, 1.1001e+00, 5.8820e-03, 
 2DIAGNOSTIC,    59, -4.711833639154e-01, 7.083994657147e-05, 1.1044e+00, 4.2808e-03, 
 2DIAGNOSTIC,    60, -4.715599777501e-01, 5.879079692949e-05, 1.1088e+00, 4.4038e-03, 
 2DIAGNOSTIC,    61, -4.728864863835e-01, 6.037170840370e-05, 1.1140e+00, 5.1398e-03, 
 2DIAGNOSTIC,    62, -4.741799772012e-01, 7.139839010781e-05, 1.1192e+00, 5.2259e-03, 
 2DIAGNOSTIC,    63, -4.763152227250e-01, 1.082006126182e-04, 1.1236e+00, 4.4401e-03, 
 2DIAGNOSTIC,    64, -4.788819076696e-01, 1.622219591358e-04, 1.1287e+00, 5.0368e-03, 
 2DIAGNOSTIC,    65, -4.824401196131e-01, 2.340556997431e-04, 1.1337e+00, 5.0499e-03, 
 2DIAGNOSTIC,    66, -4.838609396247e-01, 2.943002390380e-04, 1.1382e+00, 4.4792e-03, 
 2DIAGNOSTIC,    67, -4.856412251187e-01, 3.426560015315e-04, 1.1437e+00, 5.4710e-03, 
 2DIAGNOSTIC,    68, -4.868806604947e-01, 3.702238399644e-04, 1.1486e+00, 4.9632e-03, 
 2DIAGNOSTIC,    69, -4.875399264149e-01, 3.678949501531e-04, 1.1536e+00, 4.9670e-03, 
 2DIAGNOSTIC,    70, -4.888476299623e-01, 3.449975425528e-04, 1.1585e+00, 4.9510e-03, 
 2DIAGNOSTIC,    71, -4.905786941776e-01, 3.163764882457e-04, 1.1634e+00, 4.8888e-03, 
 2DIAGNOSTIC,    72, -4.915575228691e-01, 2.776171179622e-04, 1.1678e+00, 4.3828e-03, 
 2DIAGNOSTIC,    73, -4.942298240062e-01, 2.542495661155e-04, 1.1730e+00, 5.2140e-03, 
 2DIAGNOSTIC,    74, -4.976612435587e-01, 2.567389201120e-04, 1.1786e+00, 5.6169e-03, 
 2DIAGNOSTIC,    75, -4.972590045334e-01, 2.600298988692e-04, 1.1858e+00, 7.1859e-03, 
 2DIAGNOSTIC,    76, -4.973400425153e-01, 2.507802845693e-04, 1.1902e+00, 4.3552e-03, 
 2DIAGNOSTIC,    77, -4.976382395917e-01, 2.345191993835e-04, 1.1945e+00, 4.3190e-03, 
 2DIAGNOSTIC,    78, -4.979845405668e-01, 2.083622597870e-04, 1.1987e+00, 4.2272e-03, 
 2DIAGNOSTIC,    79, -4.981143818279e-01, 1.685008344437e-04, 1.2035e+00, 4.7638e-03, 
 2DIAGNOSTIC,    80, -4.981608581391e-01, 1.240369679087e-04, 1.2077e+00, 4.2529e-03, 
 2DIAGNOSTIC,    81, -4.982554848133e-01, 8.329274087196e-05, 1.2125e+00, 4.7610e-03, 
 2DIAGNOSTIC,    82, -4.983623520599e-01, 4.345340625347e-05, 1.2168e+00, 4.2610e-03, 
 2DIAGNOSTIC,    83, -4.987655055378e-01, 2.257754167990e-05, 1.2220e+00, 5.2528e-03, 
 2DIAGNOSTIC,    84, -4.994448290667e-01, 3.035143432037e-05, 1.2273e+00, 5.2428e-03, 
 2DIAGNOSTIC,    85, -4.995312488455e-01, 3.268922428688e-05, 1.2315e+00, 4.2369e-03, 
 2DIAGNOSTIC,    86, -4.995938100462e-01, 3.293510666589e-05, 1.2357e+00, 4.2241e-03, 
 2DIAGNOSTIC,    87, -4.996154250419e-01, 3.228818999118e-05, 1.2405e+00, 4.7531e-03, 
 2DIAGNOSTIC,    88, -4.996660202317e-01, 3.128098992429e-05, 1.2447e+00, 4.1912e-03, 
 2DIAGNOSTIC,    89, -4.998251547630e-01, 2.922608628223e-05, 1.2494e+00, 4.7159e-03, 
 2DIAGNOSTIC,    90, -4.997525306894e-01, 2.423671824857e-05, 1.2536e+00, 4.2272e-03, 
 2DIAGNOSTIC,    91, -4.996021165321e-01, 1.679336778556e-05, 1.2584e+00, 4.7450e-03, 
 2DIAGNOSTIC,    92, -4.996055678850e-01, 8.694026079458e-06, 1.2641e+00, 5.7840e-03, 
 2DIAGNOSTIC,    93, -4.996054229464e-01, 2.486013550674e-06, 1.2684e+00, 4.2472e-03, 
DIAGNOSTIC,Iteration,metricValue,convergenceValue,ITERATION_TIME_INDEX,SINCE_LAST
 2DIAGNOSTIC,     1, -4.055738337676e-01, 1.797693134862e+308, 2.0373e+00, 7.6894e-01, 
 2DIAGNOSTIC,     2, -4.056901054107e-01, 1.797693134862e+308, 2.0698e+00, 3.2513e-02, 
 2DIAGNOSTIC,     3, -4.059608660308e-01, 1.797693134862e+308, 2.1032e+00, 3.3334e-02, 
 2DIAGNOSTIC,     4, -4.064544395809e-01, 1.797693134862e+308, 2.1342e+00, 3.1031e-02, 
 2DIAGNOSTIC,     5, -4.075043278768e-01, 1.797693134862e+308, 2.1645e+00, 3.0336e-02, 
 2DIAGNOSTIC,     6, -4.081089027891e-01, 1.797693134862e+308, 2.1985e+00, 3.3921e-02, 
 2DIAGNOSTIC,     7, -4.085198300259e-01, 1.797693134862e+308, 2.2476e+00, 4.9178e-02, 
 2DIAGNOSTIC,     8, -4.085410699167e-01, 1.797693134862e+308, 2.2774e+00, 2.9742e-02, 
 2DIAGNOSTIC,     9, -4.087997654652e-01, 1.797693134862e+308, 2.3075e+00, 3.0149e-02, 
 2DIAGNOSTIC,    10, -4.092773582601e-01, 6.516053582537e-04, 2.3370e+00, 2.9510e-02, 
 2DIAGNOSTIC,    11, -4.094126263924e-01, 5.618549529981e-04, 2.3669e+00, 2.9887e-02, 
 2DIAGNOSTIC,    12, -4.097632745701e-01, 4.648134904834e-04, 2.3970e+00, 3.0030e-02, 
 2DIAGNOSTIC,    13, -4.128182020843e-01, 5.192355080729e-04, 2.4314e+00, 3.4468e-02, 
 2DIAGNOSTIC,    14, -4.177150398840e-01, 7.809589822850e-04, 2.4766e+00, 4.5157e-02, 
 2DIAGNOSTIC,    15, -4.182352192157e-01, 1.003154171097e-03, 2.5059e+00, 2.9325e-02, 
 2DIAGNOSTIC,    16, -4.196694957628e-01, 1.196925659945e-03, 2.5349e+00, 2.8980e-02, 
 2DIAGNOSTIC,    17, -4.206396243311e-01, 1.315107171038e-03, 2.5701e+00, 3.5228e-02, 
 2DIAGNOSTIC,    18, -4.210910610321e-01, 1.313979479495e-03, 2.6059e+00, 3.5818e-02, 
 2DIAGNOSTIC,    19, -4.212102937658e-01, 1.202324254455e-03, 2.6431e+00, 3.7183e-02, 
 2DIAGNOSTIC,    20, -4.213535201809e-01, 1.013235979605e-03, 2.6765e+00, 3.3390e-02, 
 2DIAGNOSTIC,    21, -4.213775516984e-01, 7.562860813311e-04, 2.7094e+00, 3.2879e-02, 
 2DIAGNOSTIC,    22, -4.215053954161e-01, 4.664456641203e-04, 2.7391e+00, 2.9761e-02, 
 2DIAGNOSTIC,    23, -4.216017602784e-01, 2.493072767394e-04, 2.7693e+00, 3.0158e-02, 
 2DIAGNOSTIC,    24, -4.223063584280e-01, 1.880269687711e-04, 2.8109e+00, 4.1617e-02, 
 2DIAGNOSTIC,    25, -4.226216551355e-01, 1.360044038797e-04, 2.8398e+00, 2.8860e-02, 
 2DIAGNOSTIC,    26, -4.228213918704e-01, 1.179368601330e-04, 2.8719e+00, 3.2149e-02, 
 2DIAGNOSTIC,    27, -4.231982775872e-01, 1.243668488337e-04, 2.9085e+00, 3.6572e-02, 
 2DIAGNOSTIC,    28, -4.233106762068e-01, 1.322759071351e-04, 2.9447e+00, 3.6238e-02, 
 2DIAGNOSTIC,    29, -4.239265583966e-01, 1.443374452691e-04, 2.9816e+00, 3.6835e-02, 
 2DIAGNOSTIC,    30, -4.241441356153e-01, 1.498907491175e-04, 3.0323e+00, 5.0712e-02, 
 2DIAGNOSTIC,    31, -4.241480103265e-01, 1.417496374393e-04, 3.0697e+00, 3.7369e-02, 
 2DIAGNOSTIC,    32, -4.241435368891e-01, 1.237733530286e-04, 3.1015e+00, 3.1891e-02, 
 2DIAGNOSTIC,    33, -4.241323317184e-01, 9.671858207023e-05, 3.1370e+00, 3.5422e-02, 
 2DIAGNOSTIC,    34, -4.241277048661e-01, 7.600257814992e-05, 3.1823e+00, 4.5344e-02, 
 2DIAGNOSTIC,    35, -4.241213381967e-01, 5.527362577081e-05, 3.2139e+00, 3.1610e-02, 
 2DIAGNOSTIC,    36, -4.241214750582e-01, 3.432572424966e-05, 3.2550e+00, 4.1087e-02, 
 2DIAGNOSTIC,    37, -4.241214875411e-01, 1.842709112847e-05, 3.2897e+00, 3.4661e-02, 
 2DIAGNOSTIC,    38, -4.241214906715e-01, 3.454669022778e-06, 3.3242e+00, 3.4554e-02, 
DIAGNOSTIC,Iteration,metricValue,convergenceValue,ITERATION_TIME_INDEX,SINCE_LAST
 2DIAGNOSTIC,     1, -3.616920826201e-01, 1.797693134862e+308, 4.4755e+00, 1.1513e+00, 
 2DIAGNOSTIC,     2, -3.617586207047e-01, 1.797693134862e+308, 4.6911e+00, 2.1556e-01, 
 2DIAGNOSTIC,     3, -3.618378877663e-01, 1.797693134862e+308, 4.9220e+00, 2.3092e-01, 
 2DIAGNOSTIC,     4, -3.618558116118e-01, 1.797693134862e+308, 5.2010e+00, 2.7900e-01, 
 2DIAGNOSTIC,     5, -3.618573440570e-01, 1.797693134862e+308, 5.4083e+00, 2.0727e-01, 
 2DIAGNOSTIC,     6, -3.618687277274e-01, 1.797693134862e+308, 5.6176e+00, 2.0933e-01, 
 2DIAGNOSTIC,     7, -3.618971699218e-01, 1.797693134862e+308, 5.8792e+00, 2.6162e-01, 
 2DIAGNOSTIC,     8, -3.619246577656e-01, 1.797693134862e+308, 6.2117e+00, 3.3246e-01, 
 2DIAGNOSTIC,     9, -3.620609359931e-01, 1.797693134862e+308, 6.6817e+00, 4.6999e-01, 
 2DIAGNOSTIC,    10, -3.620627390217e-01, 5.948049562206e-05, 6.9901e+00, 3.0843e-01, 
 2DIAGNOSTIC,    11, -3.620632318164e-01, 5.152553320555e-05, 7.2939e+00, 3.0384e-01, 
 2DIAGNOSTIC,    12, -3.620627246291e-01, 4.482961440756e-05, 7.6001e+00, 3.0613e-01, 
 2DIAGNOSTIC,    13, -3.620619883353e-01, 4.001863155413e-05, 7.9023e+00, 3.0224e-01, 
 2DIAGNOSTIC,    14, -3.620615611388e-01, 3.336162382725e-05, 8.1552e+00, 2.5288e-01, 
 2DIAGNOSTIC,    15, -3.620611328611e-01, 2.480772396168e-05, 8.4192e+00, 2.6401e-01, 
 2DIAGNOSTIC,    16, -3.620607960740e-01, 1.586963232367e-05, 8.6660e+00, 2.4677e-01, 
 2DIAGNOSTIC,    17, -3.620606727875e-01, 8.054696601173e-06, 8.9152e+00, 2.4924e-01, 
 2DIAGNOSTIC,    18, -3.620615436179e-01, 1.605371045890e-06, 9.1925e+00, 2.7727e-01, 
 2DIAGNOSTIC,    19, -3.620625542782e-01, 1.520594745272e-06, 9.4371e+00, 2.4466e-01, 
 2DIAGNOSTIC,    20, -3.620635617097e-01, 1.567274227836e-06, 9.7500e+00, 3.1288e-01, 
 2DIAGNOSTIC,    21, -3.620641933224e-01, 1.653896382535e-06, 1.0029e+01, 2.7902e-01, 
 2DIAGNOSTIC,    22, -3.620639486116e-01, 1.693550078313e-06, 1.0278e+01, 2.4864e-01, 
 2DIAGNOSTIC,    23, -3.620633289511e-01, 1.660827174885e-06, 1.0510e+01, 2.3195e-01, 
 2DIAGNOSTIC,    24, -3.620638014216e-01, 1.606535645904e-06, 1.0782e+01, 2.7202e-01, 
 2DIAGNOSTIC,    25, -3.620638559855e-01, 1.517671223736e-06, 1.1083e+01, 3.0181e-01, 
 2DIAGNOSTIC,    26, -3.620635196813e-01, 1.392607767971e-06, 1.1333e+01, 2.4933e-01, 
 2DIAGNOSTIC,    27, -3.620627523053e-01, 1.235749345713e-06, 1.1580e+01, 2.4693e-01, 
 2DIAGNOSTIC,    28, -3.620636319190e-01, 1.134377951142e-06, 1.1824e+01, 2.4430e-01, 
 2DIAGNOSTIC,    29, -3.620651178173e-01, 1.105843049798e-06, 1.2106e+01, 2.8164e-01, 
 2DIAGNOSTIC,    30, -3.620647766847e-01, 1.093805188153e-06, 1.2355e+01, 2.4967e-01, 
 2DIAGNOSTIC,    31, -3.620652456622e-01, 1.108724158455e-06, 1.2610e+01, 2.5450e-01, 
 2DIAGNOSTIC,    32, -3.620664324363e-01, 1.139040655095e-06, 1.2869e+01, 2.5961e-01, 
 2DIAGNOSTIC,    33, -3.620659018168e-01, 1.124758002846e-06, 1.3083e+01, 2.1336e-01, 
 2DIAGNOSTIC,    34, -3.620658766871e-01, 1.106204514521e-06, 1.3388e+01, 3.0473e-01, 
 2DIAGNOSTIC,    35, -3.620653244143e-01, 1.061950705289e-06, 1.3656e+01, 2.6819e-01, 
 2DIAGNOSTIC,    36, -3.620658042423e-01, 1.009886127376e-06, 1.3932e+01, 2.7598e-01, 
DIAGNOSTIC,Iteration,metricValue,convergenceValue,ITERATION_TIME_INDEX,SINCE_LAST
 2DIAGNOSTIC,     1, -3.318996771702e-01, 1.797693134862e+308, 1.6529e+01, 2.5973e+00, 
 2DIAGNOSTIC,     2, -3.320841234887e-01, 1.797693134862e+308, 1.7972e+01, 1.4432e+00, 
 2DIAGNOSTIC,     3, -3.323849269739e-01, 1.797693134862e+308, 1.9433e+01, 1.4607e+00, 
 2DIAGNOSTIC,     4, -3.325246437503e-01, 1.797693134862e+308, 2.0850e+01, 1.4169e+00, 
 2DIAGNOSTIC,     5, -3.326034393521e-01, 1.797693134862e+308, 2.3974e+01, 3.1241e+00, 
 2DIAGNOSTIC,     6, -3.326036295104e-01, 1.797693134862e+308, 2.5604e+01, 1.6301e+00, 
 2DIAGNOSTIC,     7, -3.326039904959e-01, 1.797693134862e+308, 2.7244e+01, 1.6398e+00, 
 2DIAGNOSTIC,     8, -3.326038127329e-01, 1.797693134862e+308, 2.9639e+01, 2.3948e+00, 
 2DIAGNOSTIC,     9, -3.326038290771e-01, 1.797693134862e+308, 3.1269e+01, 1.6306e+00, 
 2DIAGNOSTIC,    10, -3.326038150121e-01, 1.184978579213e-04, 3.2900e+01, 1.6305e+00, 
 2DIAGNOSTIC,    11, -3.326036415604e-01, 6.246600067872e-05, 3.4539e+01, 1.6389e+00, 
 2DIAGNOSTIC,    12, -3.326035947744e-01, 2.316772753352e-05, 3.6048e+01, 1.5091e+00, 
 2DIAGNOSTIC,    13, -3.326034701633e-01, 7.635212313478e-06, 3.7656e+01, 1.6084e+00, 
 2DIAGNOSTIC,    14, -3.326033455465e-01, 2.236666938438e-06, 3.9150e+01, 1.4944e+00, 
 2DIAGNOSTIC,    15, -3.326033007848e-01, 2.048898538415e-06, 4.0760e+01, 1.6095e+00, 
 2DIAGNOSTIC,    16, -3.326032471539e-01, 1.897936232342e-06, 4.2197e+01, 1.4367e+00, 
 2DIAGNOSTIC,    17, -3.326031348958e-01, 1.785898013348e-06, 4.3702e+01, 1.5058e+00, 
 2DIAGNOSTIC,    18, -3.326032506482e-01, 1.691343647567e-06, 4.5522e+01, 1.8195e+00, 
 2DIAGNOSTIC,    19, -3.326032691159e-01, 1.615147021378e-06, 4.7142e+01, 1.6205e+00, 
 2DIAGNOSTIC,    20, -3.326031558537e-01, 1.546777396118e-06, 4.8644e+01, 1.5020e+00, 
 2DIAGNOSTIC,    21, -3.326030601938e-01, 1.478263759562e-06, 5.0011e+01, 1.3667e+00, 
 2DIAGNOSTIC,    22, -3.326028544245e-01, 1.409788348714e-06, 5.1463e+01, 1.4516e+00, 
 2DIAGNOSTIC,    23, -3.326028731280e-01, 1.346868161688e-06, 5.2933e+01, 1.4701e+00, 
 2DIAGNOSTIC,    24, -3.326027429277e-01, 1.283317805828e-06, 5.4316e+01, 1.3828e+00, 
 2DIAGNOSTIC,    25, -3.326027657324e-01, 1.228244531727e-06, 5.5941e+01, 1.6256e+00, 
 2DIAGNOSTIC,    26, -3.326026928128e-01, 1.177614135157e-06, 5.7564e+01, 1.6233e+00, 
 2DIAGNOSTIC,    27, -3.326025267792e-01, 1.126234315307e-06, 5.9169e+01, 1.6042e+00, 
 2DIAGNOSTIC,    28, -3.326024383884e-01, 1.084328218839e-06, 6.0813e+01, 1.6441e+00, 
 2DIAGNOSTIC,    29, -3.326022803221e-01, 1.046106065349e-06, 6.2272e+01, 1.4596e+00, 
 2DIAGNOSTIC,    30, -3.326020858641e-01, 1.006533067630e-06, 6.3956e+01, 1.6839e+00, 
  Elapsed time (stage 0): 6.4859e+01


Total elapsed time: 6.4870e+01
Info [verificarlo]: loaded backend libinterflop_ieee.so
Info [interflop-ieee]: load backend with:
Info [interflop-ieee]: debug = false
Info [interflop-ieee]: debug-binary = false
Info [interflop-ieee]: no-backend-name = false
Info [interflop-ieee]: print-new-line = false
Info [interflop-ieee]: print-subnormal-normalized = false
Info [interflop-ieee]: count-op = false
All_Command_lines_OK
Using double precision for computations.
=============================================================================
The composite transform comprises the following transforms (in order): 
  1. /home/mdugre/scratch/mri-registration-rp/datasets/ds004513/derivatives/mri-registration-rp/0001/antsRegistration-r7-p18/sub-s020/rigid_Composite.h5[0] (type = Euler3DTransform)
  2. /home/mdugre/scratch/mri-registration-rp/datasets/ds004513/derivatives/mri-registration-rp/0001/antsRegistration-r7-p18/sub-s020/rigid_Composite.h5[1] (type = Euler3DTransform)
  3. /home/mdugre/scratch/mri-registration-rp/datasets/ds004513/derivatives/mri-registration-rp/0001/antsRegistration-r7-p18/sub-s020/rigid_Composite.h5[2] (type = Euler3DTransform)
=============================================================================
  number of levels = 4
  fixed image: /templateflow/tpl-MNI152NLin2009cAsym/tpl-MNI152NLin2009cAsym_res-01_desc-brain_T1w.nii.gz
  moving image: /home/mdugre/scratch/mri-registration-rp/datasets/ds004513/derivatives/mri-registration-rp/antsBrainExtraction/sub-s020/BrainExtractionBrain.nii.gz
Dimension = 3
Number of stages = 1
Use histogram matching = false
Winsorize image intensities = true
  Lower quantile = 0.005
  Upper quantile = 0.995


Stage 1 State
   Image metric = MattesMI
     Fixed image = Image (0x4e177e0)
  RTTI typeinfo:   itk::Image<double, 3u>
  Reference Count: 2
  Modified Time: 1594
  Debug: Off
  Object Name: 
  Observers: 
    none
  Source: (none)
  Source output name: (none)
  Release Data: Off
  Data Released: False
  Global Release Data: Off
  PipelineMTime: 0
  UpdateMTime: 1203
  RealTimeStamp: 0 seconds 
  LargestPossibleRegion: 
    Dimension: 3
    Index: [0, 0, 0]
    Size: [193, 229, 193]
  BufferedRegion: 
    Dimension: 3
    Index: [0, 0, 0]
    Size: [193, 229, 193]
  RequestedRegion: 
    Dimension: 3
    Index: [0, 0, 0]
    Size: [193, 229, 193]
  Spacing: [1, 1, 1]
  Origin: [96, 132, -78]
  Direction: 
-1 0 0
0 -1 0
0 0 1

  IndexToPointMatrix: 
-1 0 0
0 -1 0
0 0 1

  PointToIndexMatrix: 
-1 0 0
0 -1 0
0 0 1

  Inverse Direction: 
-1 0 0
0 -1 0
0 0 1

  PixelContainer: 
    ImportImageContainer (0x4ed7a20)
      RTTI typeinfo:   itk::ImportImageContainer<unsigned long, double>
      Reference Count: 1
      Modified Time: 1200
      Debug: Off
      Object Name: 
      Observers: 
        none
      Pointer: 0x14813b893010
      Container manages memory: true
      Size: 8530021
      Capacity: 8530021

     Moving image = Image (0x4ed2d70)
  RTTI typeinfo:   itk::Image<double, 3u>
  Reference Count: 2
  Modified Time: 1595
  Debug: Off
  Object Name: 
  Observers: 
    none
  Source: (none)
  Source output name: (none)
  Release Data: Off
  Data Released: False
  Global Release Data: Off
  PipelineMTime: 0
  UpdateMTime: 1592
  RealTimeStamp: 0 seconds 
  LargestPossibleRegion: 
    Dimension: 3
    Index: [0, 0, 0]
    Size: [160, 240, 256]
  BufferedRegion: 
    Dimension: 3
    Index: [0, 0, 0]
    Size: [160, 240, 256]
  RequestedRegion: 
    Dimension: 3
    Index: [0, 0, 0]
    Size: [160, 240, 256]
  Spacing: [0.999995, 1, 1]
  Origin: [87.0906, 98.7205, -152.377]
  Direction: 
-0.996975 0.0261379 -0.0731913
-0.0260677 -0.999658 -0.00191374
-0.0732163 -2.46403e-08 0.997316

  IndexToPointMatrix: 
-0.996971 0.0261379 -0.0731913
-0.0260676 -0.999658 -0.00191374
-0.0732159 -2.46403e-08 0.997316

  PointToIndexMatrix: 
-0.99698 -0.0260679 -0.0732166
0.0261379 -0.999658 -2.46993e-08
-0.0731913 -0.00191374 0.997316

  Inverse Direction: 
-0.996975 -0.0260677 -0.0732163
0.0261379 -0.999658 -2.46993e-08
-0.0731913 -0.00191374 0.997316

  PixelContainer: 
    ImportImageContainer (0x4e8ac90)
      RTTI typeinfo:   itk::ImportImageContainer<unsigned long, double>
      Reference Count: 1
      Modified Time: 1589
      Debug: Off
      Object Name: 
      Observers: 
        none
      Pointer: 0x148136d92010
      Container manages memory: true
      Size: 9830400
      Capacity: 9830400

     Weighting = 1
     Sampling strategy = regular
     Number of bins = 32
     Radius = 4
     Sampling percentage  = 0.25
   Transform = Affine
     Gradient step = 0.1
     Update field sigma (voxel space) = 0
     Total field sigma (voxel space) = 0
     Update field time sigma = 0
     Total field time sigma  = 0
     Number of time indices = 0
     Number of time point samples = 0
Registration using 1 total stages.

Stage 0
  iterations = 1000x500x250x100
  convergence threshold = 1e-06
  convergence window size = 10
  number of levels = 4
  using the Mattes MI metric (number of bins = 32, weight = 1, use gradient filter = 0)
  preprocessing:  winsorizing the image intensities
  Shrink factors (level 1 out of 4): [8, 8, 8]
  Shrink factors (level 2 out of 4): [4, 4, 4]
  Shrink factors (level 3 out of 4): [2, 2, 2]
  Shrink factors (level 4 out of 4): [1, 1, 1]
  smoothing sigmas per level: [3, 2, 1, 0]
  regular sampling (percentage = 0.25)

*** Running AffineTransform registration ***

DIAGNOSTIC,Iteration,metricValue,convergenceValue,ITERATION_TIME_INDEX,SINCE_LAST
 2DIAGNOSTIC,     1, -5.151654133093e-01, 1.797693134862e+308, 7.3919e-01, 7.3919e-01, 
 2DIAGNOSTIC,     2, -5.166820595492e-01, 1.797693134862e+308, 7.4414e-01, 4.9500e-03, 
 2DIAGNOSTIC,     3, -5.194968283869e-01, 1.797693134862e+308, 7.4895e-01, 4.8158e-03, 
 2DIAGNOSTIC,     4, -5.238045153080e-01, 1.797693134862e+308, 7.5343e-01, 4.4789e-03, 
 2DIAGNOSTIC,     5, -5.310549929265e-01, 1.797693134862e+308, 7.5789e-01, 4.4539e-03, 
 2DIAGNOSTIC,     6, -5.467923552661e-01, 1.797693134862e+308, 7.6258e-01, 4.6949e-03, 
 2DIAGNOSTIC,     7, -6.057156816475e-01, 1.797693134862e+308, 7.6755e-01, 4.9651e-03, 
 2DIAGNOSTIC,     8, -7.223205193152e-01, 1.797693134862e+308, 7.7323e-01, 5.6870e-03, 
 2DIAGNOSTIC,     9, -7.415852832075e-01, 1.797693134862e+308, 7.7963e-01, 6.3951e-03, 
 2DIAGNOSTIC,    10, -7.564384186108e-01, 2.952208988528e-02, 7.8583e-01, 6.1970e-03, 
 2DIAGNOSTIC,    11, -7.782636665074e-01, 3.030708576498e-02, 7.9193e-01, 6.1090e-03, 
 2DIAGNOSTIC,    12, -8.118679373773e-01, 2.940748174112e-02, 7.9789e-01, 5.9600e-03, 
 2DIAGNOSTIC,    13, -8.228413394253e-01, 2.643290522547e-02, 8.0322e-01, 5.3251e-03, 
 2DIAGNOSTIC,    14, -8.308783922628e-01, 2.201428217339e-02, 8.0854e-01, 5.3191e-03, 
 2DIAGNOSTIC,    15, -8.504088873849e-01, 1.713699528542e-02, 8.1488e-01, 6.3431e-03, 
 2DIAGNOSTIC,    16, -8.550002047672e-01, 1.197654662550e-02, 8.2150e-01, 6.6221e-03, 
 2DIAGNOSTIC,    17, -8.550147252995e-01, 7.820081762560e-03, 8.2799e-01, 6.4871e-03, 
 2DIAGNOSTIC,    18, -8.552798938918e-01, 6.141396084610e-03, 8.3388e-01, 5.8870e-03, 
 2DIAGNOSTIC,    19, -8.552223852008e-01, 4.521886966726e-03, 8.3952e-01, 5.6391e-03, 
 2DIAGNOSTIC,    20, -8.551665114128e-01, 2.964573817910e-03, 8.4459e-01, 5.0750e-03, 
 2DIAGNOSTIC,    21, -8.551408971149e-01, 1.700635453799e-03, 8.5041e-01, 5.8200e-03, 
 2DIAGNOSTIC,    22, -8.552517628080e-01, 1.012088918281e-03, 8.5611e-01, 5.6942e-03, 
 2DIAGNOSTIC,    23, -8.550862275507e-01, 4.821388226846e-04, 8.6119e-01, 5.0800e-03, 
 2DIAGNOSTIC,    24, -8.549184391450e-01, 7.633779399739e-05, 8.6628e-01, 5.0888e-03, 
DIAGNOSTIC,Iteration,metricValue,convergenceValue,ITERATION_TIME_INDEX,SINCE_LAST
 2DIAGNOSTIC,     1, -7.176718516246e-01, 1.797693134862e+308, 1.6474e+00, 7.8110e-01, 
 2DIAGNOSTIC,     2, -7.182423980792e-01, 1.797693134862e+308, 1.6883e+00, 4.0897e-02, 
 2DIAGNOSTIC,     3, -7.184089798836e-01, 1.797693134862e+308, 1.7285e+00, 4.0206e-02, 
 2DIAGNOSTIC,     4, -7.183063029161e-01, 1.797693134862e+308, 1.7928e+00, 6.4323e-02, 
 2DIAGNOSTIC,     5, -7.183115756584e-01, 1.797693134862e+308, 1.8329e+00, 4.0075e-02, 
 2DIAGNOSTIC,     6, -7.182898593756e-01, 1.797693134862e+308, 1.8685e+00, 3.5653e-02, 
 2DIAGNOSTIC,     7, -7.182844719193e-01, 1.797693134862e+308, 1.9040e+00, 3.5464e-02, 
 2DIAGNOSTIC,     8, -7.182843336083e-01, 1.797693134862e+308, 1.9432e+00, 3.9234e-02, 
 2DIAGNOSTIC,     9, -7.182806570002e-01, 1.797693134862e+308, 1.9831e+00, 3.9897e-02, 
 2DIAGNOSTIC,    10, -7.182787149043e-01, 2.450842118916e-05, 2.0272e+00, 4.4051e-02, 
DIAGNOSTIC,Iteration,metricValue,convergenceValue,ITERATION_TIME_INDEX,SINCE_LAST
 2DIAGNOSTIC,     1, -5.952883365846e-01, 1.797693134862e+308, 3.1868e+00, 1.1597e+00, 
 2DIAGNOSTIC,     2, -5.957332248757e-01, 1.797693134862e+308, 3.4722e+00, 2.8537e-01, 
 2DIAGNOSTIC,     3, -5.960948394305e-01, 1.797693134862e+308, 3.7387e+00, 2.6647e-01, 
 2DIAGNOSTIC,     4, -5.965426533452e-01, 1.797693134862e+308, 4.0445e+00, 3.0582e-01, 
 2DIAGNOSTIC,     5, -5.972444048443e-01, 1.797693134862e+308, 4.3259e+00, 2.8146e-01, 
 2DIAGNOSTIC,     6, -5.973733929924e-01, 1.797693134862e+308, 4.8217e+00, 4.9572e-01, 
 2DIAGNOSTIC,     7, -5.973684664242e-01, 1.797693134862e+308, 5.2185e+00, 3.9679e-01, 
 2DIAGNOSTIC,     8, -5.973665360092e-01, 1.797693134862e+308, 5.5456e+00, 3.2714e-01, 
 2DIAGNOSTIC,     9, -5.973676118638e-01, 1.797693134862e+308, 5.8964e+00, 3.5078e-01, 
 2DIAGNOSTIC,    10, -5.973662575376e-01, 2.320377841090e-04, 6.2144e+00, 3.1800e-01, 
 2DIAGNOSTIC,    11, -5.973642411649e-01, 1.490951444544e-04, 6.5509e+00, 3.3655e-01, 
 2DIAGNOSTIC,    12, -5.973636246646e-01, 8.475223218862e-05, 6.9068e+00, 3.5587e-01, 
 2DIAGNOSTIC,    13, -5.973639877391e-01, 3.607837009033e-05, 7.2268e+00, 3.1996e-01, 
 2DIAGNOSTIC,    14, -5.973637301147e-01, 5.892673745761e-06, 7.5104e+00, 2.8365e-01, 
 2DIAGNOSTIC,    15, -5.973628489995e-01, 1.529652341958e-06, 7.8523e+00, 3.4190e-01, 
 2DIAGNOSTIC,    16, -5.973625971888e-01, 1.603221062060e-06, 8.1894e+00, 3.3712e-01, 
 2DIAGNOSTIC,    17, -5.973622033644e-01, 1.556236148163e-06, 8.5049e+00, 3.1543e-01, 
 2DIAGNOSTIC,    18, -5.973619515032e-01, 1.483599967503e-06, 8.7926e+00, 2.8775e-01, 
 2DIAGNOSTIC,    19, -5.973616800191e-01, 1.465365939347e-06, 9.0994e+00, 3.0675e-01, 
 2DIAGNOSTIC,    20, -5.973600328613e-01, 1.398707157277e-06, 9.4230e+00, 3.2368e-01, 
 2DIAGNOSTIC,    21, -5.973593181410e-01, 1.295944937182e-06, 9.7027e+00, 2.7966e-01, 
 2DIAGNOSTIC,    22, -5.973589516378e-01, 1.201255431189e-06, 1.0002e+01, 2.9882e-01, 
 2DIAGNOSTIC,    23, -5.973604050444e-01, 1.174813998757e-06, 1.0311e+01, 3.0971e-01, 
 2DIAGNOSTIC,    24, -5.973583568750e-01, 1.123827115680e-06, 1.0681e+01, 3.6968e-01, 
 2DIAGNOSTIC,    25, -5.973577632318e-01, 1.069726729065e-06, 1.1019e+01, 3.3837e-01, 
 2DIAGNOSTIC,    26, -5.973569906496e-01, 1.020867799288e-06, 1.1333e+01, 3.1379e-01, 
DIAGNOSTIC,Iteration,metricValue,convergenceValue,ITERATION_TIME_INDEX,SINCE_LAST
 2DIAGNOSTIC,     1, -5.295884774921e-01, 1.797693134862e+308, 1.4276e+01, 2.9434e+00, 
