
##########################
# Experiment information #
##########################

EXPERIMENT_NAME: antsRegistration-r7-p22
VFC_BACKENDS: libinterflop_vprec.so --range-binary32=7 --precision-binary32=22 --range-binary64=7 --precision-binary64=22

SIF_IMG: /home/mdugre/projects/rrg-glatard/mdugre/containers/ants-vprec-no_metrics.simg

SUBJECT_ID: s020
INPUT_IMG: /home/mdugre/scratch/mri-registration-rp/datasets/ds004513/derivatives/mri-registration-rp/antsBrainExtraction/sub-s020/BrainExtractionBrain.nii.gz
OUTPUT_DIR: /home/mdugre/scratch/mri-registration-rp/datasets/ds004513/derivatives/mri-registration-rp/0001/antsRegistration-r7-p22/sub-s020

FIXED_IMG: /templateflow/tpl-MNI152NLin2009cAsym/tpl-MNI152NLin2009cAsym_res-01_desc-brain_T1w.nii.gz
DATA_DIR: /home/mdugre/scratch/mri-registration-rp/datasets/ds004513
TEMPLATEFLOW_DIR: /home/mdugre/projects/rrg-glatard/mdugre/templateflow
ITK_GLOBAL_DEFAULT_NUMBER_OF_THREADS: 16
##########################

Info [verificarlo]: loaded backend libinterflop_ieee.so
Info [interflop-ieee]: load backend with:
Info [interflop-ieee]: debug = false
Info [interflop-ieee]: debug-binary = false
Info [interflop-ieee]: no-backend-name = false
Info [interflop-ieee]: print-new-line = false
Info [interflop-ieee]: print-subnormal-normalized = false
Info [interflop-ieee]: count-op = false
All_Command_lines_OK
Using double precision for computations.
=============================================================================
The composite transform comprises the following transforms (in order): 
  1. Center of mass alignment using fixed image: /templateflow/tpl-MNI152NLin2009cAsym/tpl-MNI152NLin2009cAsym_res-01_desc-brain_T1w.nii.gz and moving image: /home/mdugre/scratch/mri-registration-rp/datasets/ds004513/derivatives/mri-registration-rp/antsBrainExtraction/sub-s020/BrainExtractionBrain.nii.gz (type = Euler3DTransform)
=============================================================================
  number of levels = 1
  fixed image: /templateflow/tpl-MNI152NLin2009cAsym/tpl-MNI152NLin2009cAsym_res-01_desc-brain_T1w.nii.gz
  moving image: /home/mdugre/scratch/mri-registration-rp/datasets/ds004513/derivatives/mri-registration-rp/antsBrainExtraction/sub-s020/BrainExtractionBrain.nii.gz
Dimension = 3
Number of stages = 1
Use histogram matching = false
Winsorize image intensities = true
  Lower quantile = 0.005
  Upper quantile = 0.995


Stage 1 State
   Image metric = MattesMI
     Fixed image = Image (0x492ee70)
  RTTI typeinfo:   itk::Image<double, 3u>
  Reference Count: 2
  Modified Time: 2334
  Debug: Off
  Object Name: 
  Observers: 
    none
  Source: (none)
  Source output name: (none)
  Release Data: Off
  Data Released: False
  Global Release Data: Off
  PipelineMTime: 0
  UpdateMTime: 1943
  RealTimeStamp: 0 seconds 
  LargestPossibleRegion: 
    Dimension: 3
    Index: [0, 0, 0]
    Size: [193, 229, 193]
  BufferedRegion: 
    Dimension: 3
    Index: [0, 0, 0]
    Size: [193, 229, 193]
  RequestedRegion: 
    Dimension: 3
    Index: [0, 0, 0]
    Size: [193, 229, 193]
  Spacing: [1, 1, 1]
  Origin: [96, 132, -78]
  Direction: 
-1 0 0
0 -1 0
0 0 1

  IndexToPointMatrix: 
-1 0 0
0 -1 0
0 0 1

  PointToIndexMatrix: 
-1 0 0
0 -1 0
0 0 1

  Inverse Direction: 
-1 0 0
0 -1 0
0 0 1

  PixelContainer: 
    ImportImageContainer (0x4937c60)
      RTTI typeinfo:   itk::ImportImageContainer<unsigned long, double>
      Reference Count: 1
      Modified Time: 1940
      Debug: Off
      Object Name: 
      Observers: 
        none
      Pointer: 0x15485e327010
      Container manages memory: true
      Size: 8530021
      Capacity: 8530021

     Moving image = Image (0x493a610)
  RTTI typeinfo:   itk::Image<double, 3u>
  Reference Count: 2
  Modified Time: 2335
  Debug: Off
  Object Name: 
  Observers: 
    none
  Source: (none)
  Source output name: (none)
  Release Data: Off
  Data Released: False
  Global Release Data: Off
  PipelineMTime: 0
  UpdateMTime: 2332
  RealTimeStamp: 0 seconds 
  LargestPossibleRegion: 
    Dimension: 3
    Index: [0, 0, 0]
    Size: [160, 240, 256]
  BufferedRegion: 
    Dimension: 3
    Index: [0, 0, 0]
    Size: [160, 240, 256]
  RequestedRegion: 
    Dimension: 3
    Index: [0, 0, 0]
    Size: [160, 240, 256]
  Spacing: [0.999995, 1, 1]
  Origin: [87.0906, 98.7205, -152.377]
  Direction: 
-0.996975 0.0261379 -0.0731913
-0.0260677 -0.999658 -0.00191374
-0.0732163 -2.46403e-08 0.997316

  IndexToPointMatrix: 
-0.996971 0.0261379 -0.0731913
-0.0260676 -0.999658 -0.00191374
-0.0732159 -2.46403e-08 0.997316

  PointToIndexMatrix: 
-0.99698 -0.0260679 -0.0732166
0.0261379 -0.999658 -2.46993e-08
-0.0731913 -0.00191374 0.997316

  Inverse Direction: 
-0.996975 -0.0260677 -0.0732163
0.0261379 -0.999658 -2.46993e-08
-0.0731913 -0.00191374 0.997316

  PixelContainer: 
    ImportImageContainer (0x49d3ef0)
      RTTI typeinfo:   itk::ImportImageContainer<unsigned long, double>
      Reference Count: 1
      Modified Time: 2329
      Debug: Off
      Object Name: 
      Observers: 
        none
      Pointer: 0x154859826010
      Container manages memory: true
      Size: 9830400
      Capacity: 9830400

     Weighting = 1
     Sampling strategy = regular
     Number of bins = 32
     Radius = 4
     Sampling percentage  = 0.25
   Transform = Rigid
     Gradient step = 0.1
     Update field sigma (voxel space) = 0
     Total field sigma (voxel space) = 0
     Update field time sigma = 0
     Total field time sigma  = 0
     Number of time indices = 0
     Number of time point samples = 0
Registration using 1 total stages.

Stage 0
  iterations = 0
  convergence threshold = 1e-06
  convergence window size = 10
  number of levels = 1
  using the Mattes MI metric (number of bins = 32, weight = 1, use gradient filter = 0)
  preprocessing:  winsorizing the image intensities
  Shrink factors (level 1 out of 1): [1, 1, 1]
  smoothing sigmas per level: [0]
  regular sampling (percentage = 0.25)

*** Running Euler3DTransform registration ***

  Elapsed time (stage 0): 1.10674


Total elapsed time: 1.109
Info [verificarlo]: loaded backend libinterflop_ieee.so
Info [interflop-ieee]: load backend with:
Info [interflop-ieee]: debug = false
Info [interflop-ieee]: debug-binary = false
Info [interflop-ieee]: no-backend-name = false
Info [interflop-ieee]: print-new-line = false
Info [interflop-ieee]: print-subnormal-normalized = false
Info [interflop-ieee]: count-op = false
All_Command_lines_OK
Using double precision for computations.
=============================================================================
The composite transform comprises the following transforms (in order): 
  1. /home/mdugre/scratch/mri-registration-rp/datasets/ds004513/derivatives/mri-registration-rp/0001/antsRegistration-r7-p22/sub-s020/align_Composite.h5[0] (type = Euler3DTransform)
  2. /home/mdugre/scratch/mri-registration-rp/datasets/ds004513/derivatives/mri-registration-rp/0001/antsRegistration-r7-p22/sub-s020/align_Composite.h5[1] (type = Euler3DTransform)
=============================================================================
  number of levels = 4
  fixed image: /templateflow/tpl-MNI152NLin2009cAsym/tpl-MNI152NLin2009cAsym_res-01_desc-brain_T1w.nii.gz
  moving image: /home/mdugre/scratch/mri-registration-rp/datasets/ds004513/derivatives/mri-registration-rp/antsBrainExtraction/sub-s020/BrainExtractionBrain.nii.gz
Dimension = 3
Number of stages = 1
Use histogram matching = false
Winsorize image intensities = true
  Lower quantile = 0.005
  Upper quantile = 0.995


Stage 1 State
   Image metric = MattesMI
     Fixed image = Image (0x3a4e530)
  RTTI typeinfo:   itk::Image<double, 3u>
  Reference Count: 2
  Modified Time: 1580
  Debug: Off
  Object Name: 
  Observers: 
    none
  Source: (none)
  Source output name: (none)
  Release Data: Off
  Data Released: False
  Global Release Data: Off
  PipelineMTime: 0
  UpdateMTime: 1189
  RealTimeStamp: 0 seconds 
  LargestPossibleRegion: 
    Dimension: 3
    Index: [0, 0, 0]
    Size: [193, 229, 193]
  BufferedRegion: 
    Dimension: 3
    Index: [0, 0, 0]
    Size: [193, 229, 193]
  RequestedRegion: 
    Dimension: 3
    Index: [0, 0, 0]
    Size: [193, 229, 193]
  Spacing: [1, 1, 1]
  Origin: [96, 132, -78]
  Direction: 
-1 0 0
0 -1 0
0 0 1

  IndexToPointMatrix: 
-1 0 0
0 -1 0
0 0 1

  PointToIndexMatrix: 
-1 0 0
0 -1 0
0 0 1

  Inverse Direction: 
-1 0 0
0 -1 0
0 0 1

  PixelContainer: 
    ImportImageContainer (0x3b0cd60)
      RTTI typeinfo:   itk::ImportImageContainer<unsigned long, double>
      Reference Count: 1
      Modified Time: 1186
      Debug: Off
      Object Name: 
      Observers: 
        none
      Pointer: 0x14d7ae29d010
      Container manages memory: true
      Size: 8530021
      Capacity: 8530021

     Moving image = Image (0x3afef60)
  RTTI typeinfo:   itk::Image<double, 3u>
  Reference Count: 2
  Modified Time: 1581
  Debug: Off
  Object Name: 
  Observers: 
    none
  Source: (none)
  Source output name: (none)
  Release Data: Off
  Data Released: False
  Global Release Data: Off
  PipelineMTime: 0
  UpdateMTime: 1578
  RealTimeStamp: 0 seconds 
  LargestPossibleRegion: 
    Dimension: 3
    Index: [0, 0, 0]
    Size: [160, 240, 256]
  BufferedRegion: 
    Dimension: 3
    Index: [0, 0, 0]
    Size: [160, 240, 256]
  RequestedRegion: 
    Dimension: 3
    Index: [0, 0, 0]
    Size: [160, 240, 256]
  Spacing: [0.999995, 1, 1]
  Origin: [87.0906, 98.7205, -152.377]
  Direction: 
-0.996975 0.0261379 -0.0731913
-0.0260677 -0.999658 -0.00191374
-0.0732163 -2.46403e-08 0.997316

  IndexToPointMatrix: 
-0.996971 0.0261379 -0.0731913
-0.0260676 -0.999658 -0.00191374
-0.0732159 -2.46403e-08 0.997316

  PointToIndexMatrix: 
-0.99698 -0.0260679 -0.0732166
0.0261379 -0.999658 -2.46993e-08
-0.0731913 -0.00191374 0.997316

  Inverse Direction: 
-0.996975 -0.0260677 -0.0732163
0.0261379 -0.999658 -2.46993e-08
-0.0731913 -0.00191374 0.997316

  PixelContainer: 
    ImportImageContainer (0x3af06d0)
      RTTI typeinfo:   itk::ImportImageContainer<unsigned long, double>
      Reference Count: 1
      Modified Time: 1575
      Debug: Off
      Object Name: 
      Observers: 
        none
      Pointer: 0x14d7a979c010
      Container manages memory: true
      Size: 9830400
      Capacity: 9830400

     Weighting = 1
     Sampling strategy = regular
     Number of bins = 32
     Radius = 4
     Sampling percentage  = 0.25
   Transform = Rigid
     Gradient step = 0.1
     Update field sigma (voxel space) = 0
     Total field sigma (voxel space) = 0
     Update field time sigma = 0
     Total field time sigma  = 0
     Number of time indices = 0
     Number of time point samples = 0
Registration using 1 total stages.

Stage 0
  iterations = 1000x500x250x100
  convergence threshold = 1e-06
  convergence window size = 10
  number of levels = 4
  using the Mattes MI metric (number of bins = 32, weight = 1, use gradient filter = 0)
  preprocessing:  winsorizing the image intensities
  Shrink factors (level 1 out of 4): [8, 8, 8]
  Shrink factors (level 2 out of 4): [4, 4, 4]
  Shrink factors (level 3 out of 4): [2, 2, 2]
  Shrink factors (level 4 out of 4): [1, 1, 1]
  smoothing sigmas per level: [3, 2, 1, 0]
  regular sampling (percentage = 0.25)

*** Running Euler3DTransform registration ***

DIAGNOSTIC,Iteration,metricValue,convergenceValue,ITERATION_TIME_INDEX,SINCE_LAST
 2DIAGNOSTIC,     1, -3.791273390751e-01, 1.797693134862e+308, 7.2857e-01, 7.2857e-01, 
 2DIAGNOSTIC,     2, -3.803606001643e-01, 1.797693134862e+308, 7.3311e-01, 4.5412e-03, 
 2DIAGNOSTIC,     3, -3.828962034719e-01, 1.797693134862e+308, 7.3778e-01, 4.6759e-03, 
 2DIAGNOSTIC,     4, -3.876122532015e-01, 1.797693134862e+308, 7.4287e-01, 5.0910e-03, 
 2DIAGNOSTIC,     5, -3.904935334081e-01, 1.797693134862e+308, 7.4813e-01, 5.2609e-03, 
 2DIAGNOSTIC,     6, -3.911039700181e-01, 1.797693134862e+308, 7.5306e-01, 4.9260e-03, 
 2DIAGNOSTIC,     7, -3.914905453856e-01, 1.797693134862e+308, 7.5794e-01, 4.8800e-03, 
 2DIAGNOSTIC,     8, -3.925629083064e-01, 1.797693134862e+308, 7.6226e-01, 4.3221e-03, 
 2DIAGNOSTIC,     9, -3.981570789235e-01, 1.797693134862e+308, 7.6681e-01, 4.5428e-03, 
 2DIAGNOSTIC,    10, -4.079218556696e-01, 3.866687266231e-03, 7.7290e-01, 6.0990e-03, 
 2DIAGNOSTIC,    11, -4.246779602407e-01, 4.904320352958e-03, 7.7787e-01, 4.9701e-03, 
 2DIAGNOSTIC,    12, -4.297045200929e-01, 5.673254149498e-03, 7.8246e-01, 4.5822e-03, 
 2DIAGNOSTIC,    13, -4.335692915522e-01, 6.156954111716e-03, 7.8777e-01, 5.3141e-03, 
 2DIAGNOSTIC,    14, -4.439932007366e-01, 6.764094567458e-03, 7.9239e-01, 4.6160e-03, 
 2DIAGNOSTIC,    15, -4.466217675031e-01, 6.904768053375e-03, 7.9789e-01, 5.5032e-03, 
 2DIAGNOSTIC,    16, -4.513528166459e-01, 6.619270363150e-03, 8.0249e-01, 4.6031e-03, 
 2DIAGNOSTIC,    17, -4.528510991317e-01, 5.844785602519e-03, 8.0792e-01, 5.4290e-03, 
 2DIAGNOSTIC,    18, -4.555717392008e-01, 4.777374772946e-03, 8.1487e-01, 6.9461e-03, 
 2DIAGNOSTIC,    19, -4.559551092780e-01, 3.601534501920e-03, 8.1943e-01, 4.5612e-03, 
 2DIAGNOSTIC,    20, -4.573567063644e-01, 2.586718489512e-03, 8.2640e-01, 6.9699e-03, 
 2DIAGNOSTIC,    21, -4.575251146534e-01, 1.982983373403e-03, 8.3092e-01, 4.5159e-03, 
 2DIAGNOSTIC,    22, -4.577284940294e-01, 1.415654185584e-03, 8.3597e-01, 5.0569e-03, 
 2DIAGNOSTIC,    23, -4.579446022573e-01, 8.825935953868e-04, 8.4048e-01, 4.5121e-03, 
 2DIAGNOSTIC,    24, -4.580221443350e-01, 6.077408361223e-04, 8.4509e-01, 4.6051e-03, 
 2DIAGNOSTIC,    25, -4.581755053870e-01, 3.715332312005e-04, 8.4953e-01, 4.4439e-03, 
 2DIAGNOSTIC,    26, -4.586244938123e-01, 2.523954137950e-04, 8.5418e-01, 4.6442e-03, 
 2DIAGNOSTIC,    27, -4.589281959663e-01, 1.618220467110e-04, 8.6080e-01, 6.6221e-03, 
 2DIAGNOSTIC,    28, -4.591706613545e-01, 1.331982693662e-04, 8.6538e-01, 4.5769e-03, 
 2DIAGNOSTIC,    29, -4.592797474587e-01, 1.046978782814e-04, 8.6985e-01, 4.4751e-03, 
 2DIAGNOSTIC,    30, -4.596800707571e-01, 1.080620805285e-04, 8.7650e-01, 6.6490e-03, 
 2DIAGNOSTIC,    31, -4.599395590680e-01, 1.097992316127e-04, 8.8091e-01, 4.4129e-03, 
 2DIAGNOSTIC,    32, -4.599344523237e-01, 1.049750766025e-04, 8.8547e-01, 4.5581e-03, 
 2DIAGNOSTIC,    33, -4.600730649976e-01, 9.788278749052e-05, 8.8991e-01, 4.4382e-03, 
 2DIAGNOSTIC,    34, -4.601769371015e-01, 8.557750698236e-05, 8.9488e-01, 4.9739e-03, 
 2DIAGNOSTIC,    35, -4.602314481358e-01, 6.959224925526e-05, 9.0104e-01, 6.1519e-03, 
 2DIAGNOSTIC,    36, -4.602524451933e-01, 5.639283881680e-05, 9.0545e-01, 4.4100e-03, 
 2DIAGNOSTIC,    37, -4.604047571168e-01, 4.671639608824e-05, 9.0987e-01, 4.4260e-03, 
 2DIAGNOSTIC,    38, -4.610422225433e-01, 4.826443370798e-05, 9.1488e-01, 5.0039e-03, 
 2DIAGNOSTIC,    39, -4.612211962206e-01, 4.956276935901e-05, 9.1931e-01, 4.4329e-03, 
 2DIAGNOSTIC,    40, -4.612053758319e-01, 5.235760997602e-05, 9.2480e-01, 5.4910e-03, 
 2DIAGNOSTIC,    41, -4.615202421544e-01, 5.940691511766e-05, 9.2924e-01, 4.4451e-03, 
 2DIAGNOSTIC,    42, -4.616685519947e-01, 6.251679200512e-05, 9.3439e-01, 5.1420e-03, 
 2DIAGNOSTIC,    43, -4.620412073633e-01, 6.703979133444e-05, 9.3890e-01, 4.5090e-03, 
 2DIAGNOSTIC,    44, -4.631739158796e-01, 8.302350101117e-05, 9.4504e-01, 6.1440e-03, 
 2DIAGNOSTIC,    45, -4.644290278594e-01, 1.089204292193e-04, 9.4959e-01, 4.5488e-03, 
 2DIAGNOSTIC,    46, -4.645267900527e-01, 1.247340692469e-04, 9.5416e-01, 4.5750e-03, 
 2DIAGNOSTIC,    47, -4.648037980833e-01, 1.339779426508e-04, 9.5865e-01, 4.4880e-03, 
 2DIAGNOSTIC,    48, -4.661472120284e-01, 1.565822168854e-04, 9.6478e-01, 6.1240e-03, 
 2DIAGNOSTIC,    49, -4.665978746830e-01, 1.708503309097e-04, 9.6935e-01, 4.5741e-03, 
 2DIAGNOSTIC,    50, -4.670070492640e-01, 1.730139140471e-04, 9.7483e-01, 5.4791e-03, 
 2DIAGNOSTIC,    51, -4.676815060217e-01, 1.713231581416e-04, 9.7965e-01, 4.8230e-03, 
 2DIAGNOSTIC,    52, -4.688751592835e-01, 1.699093871650e-04, 9.8610e-01, 6.4461e-03, 
 2DIAGNOSTIC,    53, -4.710496890425e-01, 1.822652896291e-04, 9.9046e-01, 4.3578e-03, 
 2DIAGNOSTIC,    54, -4.713154026366e-01, 1.922727671448e-04, 9.9480e-01, 4.3399e-03, 
 2DIAGNOSTIC,    55, -4.717711892347e-01, 2.038959819739e-04, 1.0004e+00, 5.5919e-03, 
 2DIAGNOSTIC,    56, -4.721393350222e-01, 2.011338442607e-04, 1.0049e+00, 4.5419e-03, 
 2DIAGNOSTIC,    57, -4.729970118667e-01, 1.912252415715e-04, 1.0100e+00, 5.0769e-03, 
 2DIAGNOSTIC,    58, -4.736077007082e-01, 1.841972936546e-04, 1.0151e+00, 5.0972e-03, 
 2DIAGNOSTIC,    59, -4.738521384800e-01, 1.672599138507e-04, 1.0197e+00, 4.6329e-03, 
 2DIAGNOSTIC,    60, -4.768466756785e-01, 1.712077431354e-04, 1.0242e+00, 4.4880e-03, 
 2DIAGNOSTIC,    61, -4.774643883590e-01, 1.711159912032e-04, 1.0294e+00, 5.1620e-03, 
 2DIAGNOSTIC,    62, -4.777572910204e-01, 1.693082162476e-04, 1.0349e+00, 5.4710e-03, 
 2DIAGNOSTIC,    63, -4.792543069640e-01, 1.885186902227e-04, 1.0403e+00, 5.3999e-03, 
 2DIAGNOSTIC,    64, -4.772227106886e-01, 1.711964111434e-04, 1.0458e+00, 5.5399e-03, 
 2DIAGNOSTIC,    65, -4.743697405026e-01, 1.151292978141e-04, 1.0508e+00, 5.0211e-03, 
 2DIAGNOSTIC,    66, -4.718367648018e-01, 2.958448203285e-05, 1.0558e+00, 4.9582e-03, 
 2DIAGNOSTIC,    67, -4.814652579391e-01, 4.271126050664e-05, 1.0613e+00, 5.5020e-03, 
 2DIAGNOSTIC,    68, -5.048730053993e-01, 2.702456013422e-04, 1.0666e+00, 5.3201e-03, 
 2DIAGNOSTIC,    69, -5.127180579558e-01, 5.321761872522e-04, 1.0729e+00, 6.3140e-03, 
 2DIAGNOSTIC,    70, -5.143126716937e-01, 7.780901444054e-04, 1.0779e+00, 4.9870e-03, 
 2DIAGNOSTIC,    71, -5.157387879530e-01, 9.630010317699e-04, 1.0828e+00, 4.9331e-03, 
 2DIAGNOSTIC,    72, -5.174537678438e-01, 1.064614546644e-03, 1.0879e+00, 5.0480e-03, 
 2DIAGNOSTIC,    73, -5.181594712119e-01, 1.075237609634e-03, 1.0922e+00, 4.2880e-03, 
 2DIAGNOSTIC,    74, -5.184368892309e-01, 9.673281874742e-04, 1.0965e+00, 4.3108e-03, 
 2DIAGNOSTIC,    75, -5.185649285996e-01, 7.514340470839e-04, 1.1013e+00, 4.7801e-03, 
 2DIAGNOSTIC,    76, -5.187812478295e-01, 4.516040821877e-04, 1.1062e+00, 4.8990e-03, 
 2DIAGNOSTIC,    77, -5.187017822329e-01, 1.890222237346e-04, 1.1104e+00, 4.2892e-03, 
 2DIAGNOSTIC,    78, -5.187575664404e-01, 9.995068939052e-05, 1.1153e+00, 4.8409e-03, 
 2DIAGNOSTIC,    79, -5.190161227345e-01, 6.696769762660e-05, 1.1196e+00, 4.3051e-03, 
 2DIAGNOSTIC,    80, -5.191942527560e-01, 4.196871910420e-05, 1.1256e+00, 5.9800e-03, 
 2DIAGNOSTIC,    81, -5.192684536007e-01, 2.472317846814e-05, 1.1303e+00, 4.7669e-03, 
 2DIAGNOSTIC,    82, -5.192909154168e-01, 1.852507223699e-05, 1.1346e+00, 4.2748e-03, 
 2DIAGNOSTIC,    83, -5.195982228022e-01, 1.821311248586e-05, 1.1389e+00, 4.3018e-03, 
 2DIAGNOSTIC,    84, -5.196664845977e-01, 1.860119576124e-05, 1.1437e+00, 4.8108e-03, 
 2DIAGNOSTIC,    85, -5.197573973607e-01, 1.873714643093e-05, 1.1480e+00, 4.2889e-03, 
 2DIAGNOSTIC,    86, -5.197495945721e-01, 1.863918159929e-05, 1.1536e+00, 5.5361e-03, 
 2DIAGNOSTIC,    87, -5.201281875838e-01, 1.891285227634e-05, 1.1584e+00, 4.8001e-03, 
 2DIAGNOSTIC,    88, -5.206416465193e-01, 2.119526697545e-05, 1.1627e+00, 4.3039e-03, 
 2DIAGNOSTIC,    89, -5.206937966353e-01, 2.341863261532e-05, 1.1670e+00, 4.3640e-03, 
 2DIAGNOSTIC,    90, -5.207996934496e-01, 2.536038071379e-05, 1.1718e+00, 4.8099e-03, 
 2DIAGNOSTIC,    91, -5.210756117328e-01, 2.723023348658e-05, 1.1761e+00, 4.3149e-03, 
 2DIAGNOSTIC,    92, -5.213329283799e-01, 2.816618191322e-05, 1.1826e+00, 6.4700e-03, 
 2DIAGNOSTIC,    93, -5.213073634261e-01, 2.813785041880e-05, 1.1875e+00, 4.8699e-03, 
 2DIAGNOSTIC,    94, -5.213788819129e-01, 2.637999976928e-05, 1.1929e+00, 5.3751e-03, 
 2DIAGNOSTIC,    95, -5.214684819142e-01, 2.337108890957e-05, 1.1971e+00, 4.2629e-03, 
 2DIAGNOSTIC,    96, -5.214759762316e-01, 1.813060348865e-05, 1.2015e+00, 4.3271e-03, 
 2DIAGNOSTIC,    97, -5.214059322847e-01, 1.310906451677e-05, 1.2062e+00, 4.7240e-03, 
 2DIAGNOSTIC,    98, -5.214143631777e-01, 1.021241140551e-05, 1.2116e+00, 5.4300e-03, 
 2DIAGNOSTIC,    99, -5.213662698685e-01, 6.464278571584e-06, 1.2173e+00, 5.6939e-03, 
 2DIAGNOSTIC,   100, -5.213128023243e-01, 2.481914205371e-06, 1.2222e+00, 4.9438e-03, 
 2DIAGNOSTIC,   101, -5.216224360847e-01, 1.821258108018e-06, 1.2287e+00, 6.4120e-03, 
 2DIAGNOSTIC,   102, -5.214406346518e-01, 1.439636030515e-06, 1.2330e+00, 4.3330e-03, 
DIAGNOSTIC,Iteration,metricValue,convergenceValue,ITERATION_TIME_INDEX,SINCE_LAST
 2DIAGNOSTIC,     1, -4.156012753031e-01, 1.797693134862e+308, 1.9474e+00, 7.1441e-01, 
 2DIAGNOSTIC,     2, -4.158620254438e-01, 1.797693134862e+308, 1.9790e+00, 3.1569e-02, 
 2DIAGNOSTIC,     3, -4.161914056583e-01, 1.797693134862e+308, 2.0102e+00, 3.1185e-02, 
 2DIAGNOSTIC,     4, -4.163881935866e-01, 1.797693134862e+308, 2.0415e+00, 3.1365e-02, 
 2DIAGNOSTIC,     5, -4.165924282119e-01, 1.797693134862e+308, 2.0724e+00, 3.0888e-02, 
 2DIAGNOSTIC,     6, -4.168908199124e-01, 1.797693134862e+308, 2.1032e+00, 3.0772e-02, 
 2DIAGNOSTIC,     7, -4.186491722127e-01, 1.797693134862e+308, 2.1426e+00, 3.9386e-02, 
 2DIAGNOSTIC,     8, -4.189699782779e-01, 1.797693134862e+308, 2.1787e+00, 3.6149e-02, 
 2DIAGNOSTIC,     9, -4.191320478666e-01, 1.797693134862e+308, 2.2126e+00, 3.3920e-02, 
 2DIAGNOSTIC,    10, -4.196033037024e-01, 6.782744032643e-04, 2.2441e+00, 3.1513e-02, 
 2DIAGNOSTIC,    11, -4.203905526973e-01, 6.732367565355e-04, 2.3029e+00, 5.8745e-02, 
 2DIAGNOSTIC,    12, -4.209317878094e-01, 6.515242317737e-04, 2.3376e+00, 3.4720e-02, 
 2DIAGNOSTIC,    13, -4.211471564001e-01, 6.025922139865e-04, 2.3784e+00, 4.0817e-02, 
 2DIAGNOSTIC,    14, -4.211922116513e-01, 5.195902127355e-04, 2.4150e+00, 3.6520e-02, 
 2DIAGNOSTIC,    15, -4.212123726897e-01, 4.114203728026e-04, 2.4504e+00, 3.5465e-02, 
 2DIAGNOSTIC,    16, -4.212602846312e-01, 2.915812467395e-04, 2.4856e+00, 3.5216e-02, 
 2DIAGNOSTIC,    17, -4.212908117311e-01, 2.301507575189e-04, 2.5161e+00, 3.0422e-02, 
 2DIAGNOSTIC,    18, -4.214505067908e-01, 1.729074150862e-04, 2.5447e+00, 2.8639e-02, 
 2DIAGNOSTIC,    19, -4.217976290536e-01, 1.240249556226e-04, 2.5727e+00, 2.8015e-02, 
 2DIAGNOSTIC,    20, -4.223746771330e-01, 1.035106683742e-04, 2.6157e+00, 4.3013e-02, 
 2DIAGNOSTIC,    21, -4.224967312593e-01, 1.040688569963e-04, 2.6450e+00, 2.9246e-02, 
 2DIAGNOSTIC,    22, -4.226842656939e-01, 1.175150238143e-04, 2.6765e+00, 3.1499e-02, 
 2DIAGNOSTIC,    23, -4.229274638664e-01, 1.324569956869e-04, 2.7234e+00, 4.6922e-02, 
 2DIAGNOSTIC,    24, -4.229280924967e-01, 1.348454618344e-04, 2.7519e+00, 2.8511e-02, 
 2DIAGNOSTIC,    25, -4.230961694358e-01, 1.294941966024e-04, 2.7838e+00, 3.1940e-02, 
 2DIAGNOSTIC,    26, -4.233788470020e-01, 1.211238872452e-04, 2.8162e+00, 3.2337e-02, 
 2DIAGNOSTIC,    27, -4.234981942931e-01, 1.058015695857e-04, 2.8521e+00, 3.5909e-02, 
 2DIAGNOSTIC,    28, -4.236484843880e-01, 8.912549712511e-05, 2.8832e+00, 3.1083e-02, 
 2DIAGNOSTIC,    29, -4.237546014437e-01, 7.558737563779e-05, 2.9147e+00, 3.1523e-02, 
 2DIAGNOSTIC,    30, -4.238323878972e-01, 7.065524133795e-05, 2.9567e+00, 4.2010e-02, 
 2DIAGNOSTIC,    31, -4.238750034426e-01, 6.289832813368e-05, 2.9877e+00, 3.1028e-02, 
 2DIAGNOSTIC,    32, -4.238814581191e-01, 5.372735370485e-05, 3.0229e+00, 3.5184e-02, 
 2DIAGNOSTIC,    33, -4.238828753647e-01, 4.521982833814e-05, 3.0549e+00, 3.2022e-02, 
 2DIAGNOSTIC,    34, -4.238823609469e-01, 3.299091575606e-05, 3.0866e+00, 3.1638e-02, 
 2DIAGNOSTIC,    35, -4.238787105918e-01, 2.147665001721e-05, 3.1162e+00, 2.9650e-02, 
 2DIAGNOSTIC,    36, -4.238695255086e-01, 1.376270887687e-05, 3.1545e+00, 3.8265e-02, 
 2DIAGNOSTIC,    37, -4.238680571419e-01, 7.359533997081e-06, 3.1829e+00, 2.8396e-02, 
 2DIAGNOSTIC,    38, -4.238683511209e-01, 3.321982201460e-06, 3.2094e+00, 2.6474e-02, 
 2DIAGNOSTIC,    39, -4.238820035628e-01, 1.297060855037e-06, 3.2409e+00, 3.1585e-02, 
DIAGNOSTIC,Iteration,metricValue,convergenceValue,ITERATION_TIME_INDEX,SINCE_LAST
 2DIAGNOSTIC,     1, -3.619433951049e-01, 1.797693134862e+308, 4.4685e+00, 1.2275e+00, 
 2DIAGNOSTIC,     2, -3.619987318553e-01, 1.797693134862e+308, 4.8474e+00, 3.7895e-01, 
 2DIAGNOSTIC,     3, -3.619973101944e-01, 1.797693134862e+308, 5.2965e+00, 4.4905e-01, 
 2DIAGNOSTIC,     4, -3.619978489242e-01, 1.797693134862e+308, 5.6100e+00, 3.1352e-01, 
 2DIAGNOSTIC,     5, -3.619966651853e-01, 1.797693134862e+308, 5.8747e+00, 2.6467e-01, 
 2DIAGNOSTIC,     6, -3.619959275773e-01, 1.797693134862e+308, 6.2532e+00, 3.7853e-01, 
 2DIAGNOSTIC,     7, -3.619963288375e-01, 1.797693134862e+308, 6.5397e+00, 2.8653e-01, 
 2DIAGNOSTIC,     8, -3.619953260327e-01, 1.797693134862e+308, 6.7801e+00, 2.4041e-01, 
 2DIAGNOSTIC,     9, -3.619938555509e-01, 1.797693134862e+308, 7.0963e+00, 3.1615e-01, 
 2DIAGNOSTIC,    10, -3.619928126847e-01, 6.551870897598e-06, 7.4614e+00, 3.6507e-01, 
 2DIAGNOSTIC,    11, -3.619929491201e-01, 1.958641648370e-06, 7.7506e+00, 2.8927e-01, 
 2DIAGNOSTIC,    12, -3.619918811974e-01, 1.764480314401e-06, 8.0729e+00, 3.2229e-01, 
 2DIAGNOSTIC,    13, -3.619927950135e-01, 1.649206391022e-06, 8.3375e+00, 2.6462e-01, 
 2DIAGNOSTIC,    14, -3.619931019802e-01, 1.671815073157e-06, 8.5968e+00, 2.5924e-01, 
 2DIAGNOSTIC,    15, -3.619929592030e-01, 1.677676828030e-06, 8.8525e+00, 2.5573e-01, 
 2DIAGNOSTIC,    16, -3.619919799641e-01, 1.638239257806e-06, 9.1310e+00, 2.7850e-01, 
 2DIAGNOSTIC,    17, -3.619904016472e-01, 1.583112374401e-06, 9.3711e+00, 2.4009e-01, 
 2DIAGNOSTIC,    18, -3.619906356837e-01, 1.529382573258e-06, 9.6043e+00, 2.3315e-01, 
 2DIAGNOSTIC,    19, -3.619903786061e-01, 1.430489974384e-06, 9.8501e+00, 2.4584e-01, 
 2DIAGNOSTIC,    20, -3.619899764740e-01, 1.306918137135e-06, 1.0075e+01, 2.2465e-01, 
 2DIAGNOSTIC,    21, -3.619890882135e-01, 1.196485862186e-06, 1.0299e+01, 2.2388e-01, 
 2DIAGNOSTIC,    22, -3.619898049888e-01, 1.114023829824e-06, 1.0537e+01, 2.3803e-01, 
 2DIAGNOSTIC,    23, -3.619897148898e-01, 1.095810023513e-06, 1.0830e+01, 2.9329e-01, 
 2DIAGNOSTIC,    24, -3.619893622710e-01, 1.103506645304e-06, 1.1094e+01, 2.6369e-01, 
 2DIAGNOSTIC,    25, -3.619882542265e-01, 1.093546087093e-06, 1.1347e+01, 2.5361e-01, 
 2DIAGNOSTIC,    26, -3.619877928649e-01, 1.060197104032e-06, 1.1598e+01, 2.5102e-01, 
DIAGNOSTIC,Iteration,metricValue,convergenceValue,ITERATION_TIME_INDEX,SINCE_LAST
 2DIAGNOSTIC,     1, -3.327543241824e-01, 1.797693134862e+308, 1.4360e+01, 2.7614e+00, 
 2DIAGNOSTIC,     2, -3.327576966156e-01, 1.797693134862e+308, 1.6100e+01, 1.7404e+00, 
 2DIAGNOSTIC,     3, -3.327619155178e-01, 1.797693134862e+308, 1.7360e+01, 1.2602e+00, 
 2DIAGNOSTIC,     4, -3.327683406618e-01, 1.797693134862e+308, 1.8867e+01, 1.5073e+00, 
 2DIAGNOSTIC,     5, -3.327894783690e-01, 1.797693134862e+308, 2.0365e+01, 1.4978e+00, 
 2DIAGNOSTIC,     6, -3.327943054482e-01, 1.797693134862e+308, 2.1920e+01, 1.5545e+00, 
 2DIAGNOSTIC,     7, -3.327948645661e-01, 1.797693134862e+308, 2.3916e+01, 1.9967e+00, 
 2DIAGNOSTIC,     8, -3.327943335994e-01, 1.797693134862e+308, 2.5553e+01, 1.6365e+00, 
 2DIAGNOSTIC,     9, -3.327946440648e-01, 1.797693134862e+308, 2.7074e+01, 1.5209e+00, 
 2DIAGNOSTIC,    10, -3.327947115564e-01, 1.245644402392e-05, 2.8753e+01, 1.6789e+00, 
 2DIAGNOSTIC,    11, -3.327943882144e-01, 9.582222315466e-06, 3.0117e+01, 1.3641e+00, 
 2DIAGNOSTIC,    12, -3.327946040507e-01, 6.863249670142e-06, 3.2048e+01, 1.9317e+00, 
 2DIAGNOSTIC,    13, -3.327947795730e-01, 4.480547808855e-06, 3.3901e+01, 1.8523e+00, 
 2DIAGNOSTIC,    14, -3.327944046451e-01, 2.589061861569e-06, 3.5788e+01, 1.8875e+00, 
 2DIAGNOSTIC,    15, -3.327944287290e-01, 2.118593761563e-06, 3.7427e+01, 1.6386e+00, 
 2DIAGNOSTIC,    16, -3.327942282843e-01, 1.953269569352e-06, 3.9110e+01, 1.6832e+00, 
 2DIAGNOSTIC,    17, -3.327941834378e-01, 1.837293563692e-06, 4.0740e+01, 1.6296e+00, 
 2DIAGNOSTIC,    18, -3.327941045545e-01, 1.707621995924e-06, 4.2390e+01, 1.6504e+00, 
 2DIAGNOSTIC,    19, -3.327939670313e-01, 1.604977225178e-06, 4.3822e+01, 1.4322e+00, 
 2DIAGNOSTIC,    20, -3.327939484561e-01, 1.521923016008e-06, 4.5383e+01, 1.5612e+00, 
 2DIAGNOSTIC,    21, -3.327940679879e-01, 1.444509355339e-06, 4.7190e+01, 1.8062e+00, 
 2DIAGNOSTIC,    22, -3.327940380146e-01, 1.387396446340e-06, 4.8655e+01, 1.4652e+00, 
 2DIAGNOSTIC,    23, -3.327939549577e-01, 1.344597817449e-06, 5.0258e+01, 1.6032e+00, 
 2DIAGNOSTIC,    24, -3.327939523464e-01, 1.295637023856e-06, 5.2095e+01, 1.8372e+00, 
 2DIAGNOSTIC,    25, -3.327939191714e-01, 1.253179417710e-06, 5.3542e+01, 1.4472e+00, 
 2DIAGNOSTIC,    26, -3.327938231333e-01, 1.205921490020e-06, 5.4916e+01, 1.3739e+00, 
 2DIAGNOSTIC,    27, -3.327938265567e-01, 1.162601627074e-06, 5.6349e+01, 1.4325e+00, 
 2DIAGNOSTIC,    28, -3.327938434001e-01, 1.122116125456e-06, 5.7897e+01, 1.5480e+00, 
 2DIAGNOSTIC,    29, -3.327939467378e-01, 1.084733929353e-06, 5.9340e+01, 1.4434e+00, 
 2DIAGNOSTIC,    30, -3.327940229070e-01, 1.052437839766e-06, 6.0644e+01, 1.3035e+00, 
 2DIAGNOSTIC,    31, -3.327940115170e-01, 1.025977552839e-06, 6.2102e+01, 1.4587e+00, 
  Elapsed time (stage 0): 6.2877e+01


Total elapsed time: 6.2881e+01
Info [verificarlo]: loaded backend libinterflop_ieee.so
Info [interflop-ieee]: load backend with:
Info [interflop-ieee]: debug = false
Info [interflop-ieee]: debug-binary = false
Info [interflop-ieee]: no-backend-name = false
Info [interflop-ieee]: print-new-line = false
Info [interflop-ieee]: print-subnormal-normalized = false
Info [interflop-ieee]: count-op = false
All_Command_lines_OK
Using double precision for computations.
=============================================================================
The composite transform comprises the following transforms (in order): 
  1. /home/mdugre/scratch/mri-registration-rp/datasets/ds004513/derivatives/mri-registration-rp/0001/antsRegistration-r7-p22/sub-s020/rigid_Composite.h5[0] (type = Euler3DTransform)
  2. /home/mdugre/scratch/mri-registration-rp/datasets/ds004513/derivatives/mri-registration-rp/0001/antsRegistration-r7-p22/sub-s020/rigid_Composite.h5[1] (type = Euler3DTransform)
  3. /home/mdugre/scratch/mri-registration-rp/datasets/ds004513/derivatives/mri-registration-rp/0001/antsRegistration-r7-p22/sub-s020/rigid_Composite.h5[2] (type = Euler3DTransform)
=============================================================================
  number of levels = 4
  fixed image: /templateflow/tpl-MNI152NLin2009cAsym/tpl-MNI152NLin2009cAsym_res-01_desc-brain_T1w.nii.gz
  moving image: /home/mdugre/scratch/mri-registration-rp/datasets/ds004513/derivatives/mri-registration-rp/antsBrainExtraction/sub-s020/BrainExtractionBrain.nii.gz
Dimension = 3
Number of stages = 1
Use histogram matching = false
Winsorize image intensities = true
  Lower quantile = 0.005
  Upper quantile = 0.995


Stage 1 State
   Image metric = MattesMI
     Fixed image = Image (0x4dc07e0)
  RTTI typeinfo:   itk::Image<double, 3u>
  Reference Count: 2
  Modified Time: 1594
  Debug: Off
  Object Name: 
  Observers: 
    none
  Source: (none)
  Source output name: (none)
  Release Data: Off
  Data Released: False
  Global Release Data: Off
  PipelineMTime: 0
  UpdateMTime: 1203
  RealTimeStamp: 0 seconds 
  LargestPossibleRegion: 
    Dimension: 3
    Index: [0, 0, 0]
    Size: [193, 229, 193]
  BufferedRegion: 
    Dimension: 3
    Index: [0, 0, 0]
    Size: [193, 229, 193]
  RequestedRegion: 
    Dimension: 3
    Index: [0, 0, 0]
    Size: [193, 229, 193]
  Spacing: [1, 1, 1]
  Origin: [96, 132, -78]
  Direction: 
-1 0 0
0 -1 0
0 0 1

  IndexToPointMatrix: 
-1 0 0
0 -1 0
0 0 1

  PointToIndexMatrix: 
-1 0 0
0 -1 0
0 0 1

  Inverse Direction: 
-1 0 0
0 -1 0
0 0 1

  PixelContainer: 
    ImportImageContainer (0x4e80a20)
      RTTI typeinfo:   itk::ImportImageContainer<unsigned long, double>
      Reference Count: 1
      Modified Time: 1200
      Debug: Off
      Object Name: 
      Observers: 
        none
      Pointer: 0x15424ba7d010
      Container manages memory: true
      Size: 8530021
      Capacity: 8530021

     Moving image = Image (0x4e7bd70)
  RTTI typeinfo:   itk::Image<double, 3u>
  Reference Count: 2
  Modified Time: 1595
  Debug: Off
  Object Name: 
  Observers: 
    none
  Source: (none)
  Source output name: (none)
  Release Data: Off
  Data Released: False
  Global Release Data: Off
  PipelineMTime: 0
  UpdateMTime: 1592
  RealTimeStamp: 0 seconds 
  LargestPossibleRegion: 
    Dimension: 3
    Index: [0, 0, 0]
    Size: [160, 240, 256]
  BufferedRegion: 
    Dimension: 3
    Index: [0, 0, 0]
    Size: [160, 240, 256]
  RequestedRegion: 
    Dimension: 3
    Index: [0, 0, 0]
    Size: [160, 240, 256]
  Spacing: [0.999995, 1, 1]
  Origin: [87.0906, 98.7205, -152.377]
  Direction: 
-0.996975 0.0261379 -0.0731913
-0.0260677 -0.999658 -0.00191374
-0.0732163 -2.46403e-08 0.997316

  IndexToPointMatrix: 
-0.996971 0.0261379 -0.0731913
-0.0260676 -0.999658 -0.00191374
-0.0732159 -2.46403e-08 0.997316

  PointToIndexMatrix: 
-0.99698 -0.0260679 -0.0732166
0.0261379 -0.999658 -2.46993e-08
-0.0731913 -0.00191374 0.997316

  Inverse Direction: 
-0.996975 -0.0260677 -0.0732163
0.0261379 -0.999658 -2.46993e-08
-0.0731913 -0.00191374 0.997316

  PixelContainer: 
    ImportImageContainer (0x4e33c90)
      RTTI typeinfo:   itk::ImportImageContainer<unsigned long, double>
      Reference Count: 1
      Modified Time: 1589
      Debug: Off
      Object Name: 
      Observers: 
        none
      Pointer: 0x154246f7c010
      Container manages memory: true
      Size: 9830400
      Capacity: 9830400

     Weighting = 1
     Sampling strategy = regular
     Number of bins = 32
     Radius = 4
     Sampling percentage  = 0.25
   Transform = Affine
     Gradient step = 0.1
     Update field sigma (voxel space) = 0
     Total field sigma (voxel space) = 0
     Update field time sigma = 0
     Total field time sigma  = 0
     Number of time indices = 0
     Number of time point samples = 0
Registration using 1 total stages.

Stage 0
  iterations = 1000x500x250x100
  convergence threshold = 1e-06
  convergence window size = 10
  number of levels = 4
  using the Mattes MI metric (number of bins = 32, weight = 1, use gradient filter = 0)
  preprocessing:  winsorizing the image intensities
  Shrink factors (level 1 out of 4): [8, 8, 8]
  Shrink factors (level 2 out of 4): [4, 4, 4]
  Shrink factors (level 3 out of 4): [2, 2, 2]
  Shrink factors (level 4 out of 4): [1, 1, 1]
  smoothing sigmas per level: [3, 2, 1, 0]
  regular sampling (percentage = 0.25)

*** Running AffineTransform registration ***

DIAGNOSTIC,Iteration,metricValue,convergenceValue,ITERATION_TIME_INDEX,SINCE_LAST
 2DIAGNOSTIC,     1, -5.157033067638e-01, 1.797693134862e+308, 7.0293e-01, 7.0293e-01, 
 2DIAGNOSTIC,     2, -5.173834916302e-01, 1.797693134862e+308, 7.0858e-01, 5.6460e-03, 
 2DIAGNOSTIC,     3, -5.203047549961e-01, 1.797693134862e+308, 7.1368e-01, 5.1029e-03, 
 2DIAGNOSTIC,     4, -5.251696700328e-01, 1.797693134862e+308, 7.1844e-01, 4.7579e-03, 
 2DIAGNOSTIC,     5, -5.371905299099e-01, 1.797693134862e+308, 7.2371e-01, 5.2688e-03, 
 2DIAGNOSTIC,     6, -5.899440518155e-01, 1.797693134862e+308, 7.2881e-01, 5.0969e-03, 
 2DIAGNOSTIC,     7, -6.401363598335e-01, 1.797693134862e+308, 7.3386e-01, 5.0509e-03, 
 2DIAGNOSTIC,     8, -6.754313471504e-01, 1.797693134862e+308, 7.3977e-01, 5.9109e-03, 
 2DIAGNOSTIC,     9, -7.327342619770e-01, 1.797693134862e+308, 7.4778e-01, 8.0090e-03, 
 2DIAGNOSTIC,    10, -7.364837077229e-01, 2.753059744900e-02, 7.5296e-01, 5.1889e-03, 
 2DIAGNOSTIC,    11, -7.543277017545e-01, 2.715504941693e-02, 7.5810e-01, 5.1301e-03, 
 2DIAGNOSTIC,    12, -7.686153033835e-01, 2.500347421244e-02, 7.6328e-01, 5.1880e-03, 
 2DIAGNOSTIC,    13, -7.785971666436e-01, 2.144057633935e-02, 7.6869e-01, 5.4078e-03, 
 2DIAGNOSTIC,    14, -8.221861403093e-01, 1.800947174941e-02, 7.7531e-01, 6.6190e-03, 
 2DIAGNOSTIC,    15, -8.421385242771e-01, 1.437129036428e-02, 7.8312e-01, 7.8149e-03, 
 2DIAGNOSTIC,    16, -8.431375970147e-01, 1.140967130001e-02, 7.8899e-01, 5.8630e-03, 
 2DIAGNOSTIC,    17, -8.469440100637e-01, 9.164902732881e-03, 7.9478e-01, 5.7919e-03, 
 2DIAGNOSTIC,    18, -8.478111873275e-01, 7.177821224612e-03, 8.0075e-01, 5.9688e-03, 
 2DIAGNOSTIC,    19, -8.482843674385e-01, 6.006503947223e-03, 8.0662e-01, 5.8670e-03, 
 2DIAGNOSTIC,    20, -8.490454269310e-01, 4.500639567724e-03, 8.1198e-01, 5.3689e-03, 
 2DIAGNOSTIC,    21, -8.500988181305e-01, 3.112375511633e-03, 8.1732e-01, 5.3351e-03, 
 2DIAGNOSTIC,    22, -8.523592754050e-01, 1.888917337994e-03, 8.2347e-01, 6.1550e-03, 
 2DIAGNOSTIC,    23, -8.539911003041e-01, 7.937726729178e-04, 8.2887e-01, 5.4002e-03, 
 2DIAGNOSTIC,    24, -8.560051968843e-01, 4.591361165308e-04, 8.3483e-01, 5.9519e-03, 
 2DIAGNOSTIC,    25, -8.561216723184e-01, 4.220077780240e-04, 8.4311e-01, 8.2850e-03, 
 2DIAGNOSTIC,    26, -8.563731341588e-01, 3.661854678802e-04, 8.4839e-01, 5.2788e-03, 
 2DIAGNOSTIC,    27, -8.573422513493e-01, 3.478069054586e-04, 8.5424e-01, 5.8479e-03, 
 2DIAGNOSTIC,    28, -8.578263969453e-01, 3.159489867780e-04, 8.6007e-01, 5.8351e-03, 
 2DIAGNOSTIC,    29, -8.579415347291e-01, 2.645124016699e-04, 8.6590e-01, 5.8270e-03, 
 2DIAGNOSTIC,    30, -8.578574401902e-01, 2.010280864443e-04, 8.7182e-01, 5.9168e-03, 
 2DIAGNOSTIC,    31, -8.579060738252e-01, 1.364824954361e-04, 8.7773e-01, 5.9080e-03, 
 2DIAGNOSTIC,    32, -8.576782613392e-01, 8.683941114631e-05, 8.8308e-01, 5.3558e-03, 
 2DIAGNOSTIC,    33, -8.576430753326e-01, 4.972004671995e-05, 8.8956e-01, 6.4800e-03, 
 2DIAGNOSTIC,    34, -8.576065285784e-01, 3.202108548412e-05, 8.9559e-01, 6.0289e-03, 
 2DIAGNOSTIC,    35, -8.575625870560e-01, 1.337940859491e-05, 9.0090e-01, 5.3079e-03, 
DIAGNOSTIC,Iteration,metricValue,convergenceValue,ITERATION_TIME_INDEX,SINCE_LAST
 2DIAGNOSTIC,     1, -7.182081520159e-01, 1.797693134862e+308, 1.6396e+00, 7.3871e-01, 
 2DIAGNOSTIC,     2, -7.189950103385e-01, 1.797693134862e+308, 1.6829e+00, 4.3291e-02, 
 2DIAGNOSTIC,     3, -7.192010658481e-01, 1.797693134862e+308, 1.7298e+00, 4.6878e-02, 
 2DIAGNOSTIC,     4, -7.191591957616e-01, 1.797693134862e+308, 1.7718e+00, 4.2040e-02, 
 2DIAGNOSTIC,     5, -7.191309950437e-01, 1.797693134862e+308, 1.8282e+00, 5.6418e-02, 
 2DIAGNOSTIC,     6, -7.191400380086e-01, 1.797693134862e+308, 1.8677e+00, 3.9458e-02, 
 2DIAGNOSTIC,     7, -7.191263053201e-01, 1.797693134862e+308, 1.9069e+00, 3.9194e-02, 
 2DIAGNOSTIC,     8, -7.191241523796e-01, 1.797693134862e+308, 1.9490e+00, 4.2099e-02, 
 2DIAGNOSTIC,     9, -7.191107976330e-01, 1.797693134862e+308, 1.9869e+00, 3.7913e-02, 
 2DIAGNOSTIC,    10, -7.190926645308e-01, 3.945865372285e-05, 2.0311e+00, 4.4228e-02, 
 2DIAGNOSTIC,    11, -7.190831843716e-01, 1.240360487903e-06, 2.0708e+00, 3.9699e-02, 
DIAGNOSTIC,Iteration,metricValue,convergenceValue,ITERATION_TIME_INDEX,SINCE_LAST
 2DIAGNOSTIC,     1, -5.957870392345e-01, 1.797693134862e+308, 3.2601e+00, 1.1893e+00, 
 2DIAGNOSTIC,     2, -5.960719185352e-01, 1.797693134862e+308, 3.5857e+00, 3.2559e-01, 
 2DIAGNOSTIC,     3, -5.962980473481e-01, 1.797693134862e+308, 3.8911e+00, 3.0546e-01, 
 2DIAGNOSTIC,     4, -5.964911951888e-01, 1.797693134862e+308, 4.2219e+00, 3.3078e-01, 
 2DIAGNOSTIC,     5, -5.968134329273e-01, 1.797693134862e+308, 4.5782e+00, 3.5632e-01, 
 2DIAGNOSTIC,     6, -5.970508596806e-01, 1.797693134862e+308, 4.9289e+00, 3.5063e-01, 
 2DIAGNOSTIC,     7, -5.971612797462e-01, 1.797693134862e+308, 5.3085e+00, 3.7959e-01, 
 2DIAGNOSTIC,     8, -5.971551213169e-01, 1.797693134862e+308, 5.6699e+00, 3.6141e-01, 
 2DIAGNOSTIC,     9, -5.971588241185e-01, 1.797693134862e+308, 6.0916e+00, 4.2176e-01, 
 2DIAGNOSTIC,    10, -5.971610493815e-01, 1.592786136902e-04, 6.4874e+00, 3.9578e-01, 
 2DIAGNOSTIC,    11, -5.971588494340e-01, 1.105870191814e-04, 6.8186e+00, 3.3114e-01, 
 2DIAGNOSTIC,    12, -5.971623119831e-01, 7.174435625207e-05, 7.1859e+00, 3.6730e-01, 
 2DIAGNOSTIC,    13, -5.971700677627e-01, 4.127644491865e-05, 7.5591e+00, 3.7323e-01, 
 2DIAGNOSTIC,    14, -5.971711545378e-01, 1.807884642099e-05, 8.0752e+00, 5.1607e-01, 
 2DIAGNOSTIC,    15, -5.971715223949e-01, 6.599306292931e-06, 8.4266e+00, 3.5142e-01, 
