
##########################
# Experiment information #
##########################

EXPERIMENT_NAME: antsRegistration-r8-p19
VFC_BACKENDS: libinterflop_vprec.so --range-binary32=8 --precision-binary32=19 --range-binary64=8 --precision-binary64=19

SIF_IMG: /home/mdugre/projects/rrg-glatard/mdugre/containers/ants-vprec-no_metrics.simg

SUBJECT_ID: s037
INPUT_IMG: /home/mdugre/scratch/mri-registration-rp/datasets/ds004513/derivatives/mri-registration-rp/antsBrainExtraction/sub-s037/BrainExtractionBrain.nii.gz
OUTPUT_DIR: /home/mdugre/scratch/mri-registration-rp/datasets/ds004513/derivatives/mri-registration-rp/0001/antsRegistration-r8-p19/sub-s037

FIXED_IMG: /templateflow/tpl-MNI152NLin2009cAsym/tpl-MNI152NLin2009cAsym_res-01_desc-brain_T1w.nii.gz
DATA_DIR: /home/mdugre/scratch/mri-registration-rp/datasets/ds004513
TEMPLATEFLOW_DIR: /home/mdugre/projects/rrg-glatard/mdugre/templateflow
ITK_GLOBAL_DEFAULT_NUMBER_OF_THREADS: 16
##########################

Info [verificarlo]: loaded backend libinterflop_ieee.so
Info [interflop-ieee]: load backend with:
Info [interflop-ieee]: debug = false
Info [interflop-ieee]: debug-binary = false
Info [interflop-ieee]: no-backend-name = false
Info [interflop-ieee]: print-new-line = false
Info [interflop-ieee]: print-subnormal-normalized = false
Info [interflop-ieee]: count-op = false
All_Command_lines_OK
Using double precision for computations.
=============================================================================
The composite transform comprises the following transforms (in order): 
  1. Center of mass alignment using fixed image: /templateflow/tpl-MNI152NLin2009cAsym/tpl-MNI152NLin2009cAsym_res-01_desc-brain_T1w.nii.gz and moving image: /home/mdugre/scratch/mri-registration-rp/datasets/ds004513/derivatives/mri-registration-rp/antsBrainExtraction/sub-s037/BrainExtractionBrain.nii.gz (type = Euler3DTransform)
=============================================================================
  number of levels = 1
  fixed image: /templateflow/tpl-MNI152NLin2009cAsym/tpl-MNI152NLin2009cAsym_res-01_desc-brain_T1w.nii.gz
  moving image: /home/mdugre/scratch/mri-registration-rp/datasets/ds004513/derivatives/mri-registration-rp/antsBrainExtraction/sub-s037/BrainExtractionBrain.nii.gz
Dimension = 3
Number of stages = 1
Use histogram matching = false
Winsorize image intensities = true
  Lower quantile = 0.005
  Upper quantile = 0.995


Stage 1 State
   Image metric = MattesMI
     Fixed image = Image (0x4625e70)
  RTTI typeinfo:   itk::Image<double, 3u>
  Reference Count: 2
  Modified Time: 2330
  Debug: Off
  Object Name: 
  Observers: 
    none
  Source: (none)
  Source output name: (none)
  Release Data: Off
  Data Released: False
  Global Release Data: Off
  PipelineMTime: 0
  UpdateMTime: 1941
  RealTimeStamp: 0 seconds 
  LargestPossibleRegion: 
    Dimension: 3
    Index: [0, 0, 0]
    Size: [193, 229, 193]
  BufferedRegion: 
    Dimension: 3
    Index: [0, 0, 0]
    Size: [193, 229, 193]
  RequestedRegion: 
    Dimension: 3
    Index: [0, 0, 0]
    Size: [193, 229, 193]
  Spacing: [1, 1, 1]
  Origin: [96, 132, -78]
  Direction: 
-1 0 0
0 -1 0
0 0 1

  IndexToPointMatrix: 
-1 0 0
0 -1 0
0 0 1

  PointToIndexMatrix: 
-1 0 0
0 -1 0
0 0 1

  Inverse Direction: 
-1 0 0
0 -1 0
0 0 1

  PixelContainer: 
    ImportImageContainer (0x462ec60)
      RTTI typeinfo:   itk::ImportImageContainer<unsigned long, double>
      Reference Count: 1
      Modified Time: 1938
      Debug: Off
      Object Name: 
      Observers: 
        none
      Pointer: 0x147773cea010
      Container manages memory: true
      Size: 8530021
      Capacity: 8530021

     Moving image = Image (0x46c2ec0)
  RTTI typeinfo:   itk::Image<double, 3u>
  Reference Count: 2
  Modified Time: 2331
  Debug: Off
  Object Name: 
  Observers: 
    none
  Source: (none)
  Source output name: (none)
  Release Data: Off
  Data Released: False
  Global Release Data: Off
  PipelineMTime: 0
  UpdateMTime: 2328
  RealTimeStamp: 0 seconds 
  LargestPossibleRegion: 
    Dimension: 3
    Index: [0, 0, 0]
    Size: [160, 240, 256]
  BufferedRegion: 
    Dimension: 3
    Index: [0, 0, 0]
    Size: [160, 240, 256]
  RequestedRegion: 
    Dimension: 3
    Index: [0, 0, 0]
    Size: [160, 240, 256]
  Spacing: [1, 1, 1]
  Origin: [87.9508, 102.562, -147.639]
  Direction: 
-0.998659 -0.0436121 -0.0279129
0.043595 -0.999049 0.00121847
-0.0279395 -2.65543e-08 0.99961

  IndexToPointMatrix: 
-0.998659 -0.0436121 -0.0279129
0.043595 -0.999049 0.00121847
-0.0279395 -2.65543e-08 0.99961

  PointToIndexMatrix: 
-0.998659 0.043595 -0.0279395
-0.0436121 -0.999049 -2.65517e-08
-0.0279129 0.00121847 0.99961

  Inverse Direction: 
-0.998659 0.043595 -0.0279395
-0.0436121 -0.999049 -2.65517e-08
-0.0279129 0.00121847 0.99961

  PixelContainer: 
    ImportImageContainer (0x475a610)
      RTTI typeinfo:   itk::ImportImageContainer<unsigned long, double>
      Reference Count: 1
      Modified Time: 2325
      Debug: Off
      Object Name: 
      Observers: 
        none
      Pointer: 0x14776f1e9010
      Container manages memory: true
      Size: 9830400
      Capacity: 9830400

     Weighting = 1
     Sampling strategy = regular
     Number of bins = 32
     Radius = 4
     Sampling percentage  = 0.25
   Transform = Rigid
     Gradient step = 0.1
     Update field sigma (voxel space) = 0
     Total field sigma (voxel space) = 0
     Update field time sigma = 0
     Total field time sigma  = 0
     Number of time indices = 0
     Number of time point samples = 0
Registration using 1 total stages.

Stage 0
  iterations = 0
  convergence threshold = 1e-06
  convergence window size = 10
  number of levels = 1
  using the Mattes MI metric (number of bins = 32, weight = 1, use gradient filter = 0)
  preprocessing:  winsorizing the image intensities
  Shrink factors (level 1 out of 1): [1, 1, 1]
  smoothing sigmas per level: [0]
  regular sampling (percentage = 0.25)

*** Running Euler3DTransform registration ***

  Elapsed time (stage 0): 1.09783


Total elapsed time: 1.10002
Info [verificarlo]: loaded backend libinterflop_ieee.so
Info [interflop-ieee]: load backend with:
Info [interflop-ieee]: debug = false
Info [interflop-ieee]: debug-binary = false
Info [interflop-ieee]: no-backend-name = false
Info [interflop-ieee]: print-new-line = false
Info [interflop-ieee]: print-subnormal-normalized = false
Info [interflop-ieee]: count-op = false
All_Command_lines_OK
Using double precision for computations.
=============================================================================
The composite transform comprises the following transforms (in order): 
  1. /home/mdugre/scratch/mri-registration-rp/datasets/ds004513/derivatives/mri-registration-rp/0001/antsRegistration-r8-p19/sub-s037/align_Composite.h5[0] (type = Euler3DTransform)
  2. /home/mdugre/scratch/mri-registration-rp/datasets/ds004513/derivatives/mri-registration-rp/0001/antsRegistration-r8-p19/sub-s037/align_Composite.h5[1] (type = Euler3DTransform)
=============================================================================
  number of levels = 4
  fixed image: /templateflow/tpl-MNI152NLin2009cAsym/tpl-MNI152NLin2009cAsym_res-01_desc-brain_T1w.nii.gz
  moving image: /home/mdugre/scratch/mri-registration-rp/datasets/ds004513/derivatives/mri-registration-rp/antsBrainExtraction/sub-s037/BrainExtractionBrain.nii.gz
Dimension = 3
Number of stages = 1
Use histogram matching = false
Winsorize image intensities = true
  Lower quantile = 0.005
  Upper quantile = 0.995


Stage 1 State
   Image metric = MattesMI
     Fixed image = Image (0x364e530)
  RTTI typeinfo:   itk::Image<double, 3u>
  Reference Count: 2
  Modified Time: 1578
  Debug: Off
  Object Name: 
  Observers: 
    none
  Source: (none)
  Source output name: (none)
  Release Data: Off
  Data Released: False
  Global Release Data: Off
  PipelineMTime: 0
  UpdateMTime: 1189
  RealTimeStamp: 0 seconds 
  LargestPossibleRegion: 
    Dimension: 3
    Index: [0, 0, 0]
    Size: [193, 229, 193]
  BufferedRegion: 
    Dimension: 3
    Index: [0, 0, 0]
    Size: [193, 229, 193]
  RequestedRegion: 
    Dimension: 3
    Index: [0, 0, 0]
    Size: [193, 229, 193]
  Spacing: [1, 1, 1]
  Origin: [96, 132, -78]
  Direction: 
-1 0 0
0 -1 0
0 0 1

  IndexToPointMatrix: 
-1 0 0
0 -1 0
0 0 1

  PointToIndexMatrix: 
-1 0 0
0 -1 0
0 0 1

  Inverse Direction: 
-1 0 0
0 -1 0
0 0 1

  PixelContainer: 
    ImportImageContainer (0x370cd60)
      RTTI typeinfo:   itk::ImportImageContainer<unsigned long, double>
      Reference Count: 1
      Modified Time: 1186
      Debug: Off
      Object Name: 
      Observers: 
        none
      Pointer: 0x146628129010
      Container manages memory: true
      Size: 8530021
      Capacity: 8530021

     Moving image = Image (0x36fef60)
  RTTI typeinfo:   itk::Image<double, 3u>
  Reference Count: 2
  Modified Time: 1579
  Debug: Off
  Object Name: 
  Observers: 
    none
  Source: (none)
  Source output name: (none)
  Release Data: Off
  Data Released: False
  Global Release Data: Off
  PipelineMTime: 0
  UpdateMTime: 1576
  RealTimeStamp: 0 seconds 
  LargestPossibleRegion: 
    Dimension: 3
    Index: [0, 0, 0]
    Size: [160, 240, 256]
  BufferedRegion: 
    Dimension: 3
    Index: [0, 0, 0]
    Size: [160, 240, 256]
  RequestedRegion: 
    Dimension: 3
    Index: [0, 0, 0]
    Size: [160, 240, 256]
  Spacing: [1, 1, 1]
  Origin: [87.9508, 102.562, -147.639]
  Direction: 
-0.998659 -0.0436121 -0.0279129
0.043595 -0.999049 0.00121847
-0.0279395 -2.65543e-08 0.99961

  IndexToPointMatrix: 
-0.998659 -0.0436121 -0.0279129
0.043595 -0.999049 0.00121847
-0.0279395 -2.65543e-08 0.99961

  PointToIndexMatrix: 
-0.998659 0.043595 -0.0279395
-0.0436121 -0.999049 -2.65517e-08
-0.0279129 0.00121847 0.99961

  Inverse Direction: 
-0.998659 0.043595 -0.0279395
-0.0436121 -0.999049 -2.65517e-08
-0.0279129 0.00121847 0.99961

  PixelContainer: 
    ImportImageContainer (0x36f06d0)
      RTTI typeinfo:   itk::ImportImageContainer<unsigned long, double>
      Reference Count: 1
      Modified Time: 1573
      Debug: Off
      Object Name: 
      Observers: 
        none
      Pointer: 0x146623628010
      Container manages memory: true
      Size: 9830400
      Capacity: 9830400

     Weighting = 1
     Sampling strategy = regular
     Number of bins = 32
     Radius = 4
     Sampling percentage  = 0.25
   Transform = Rigid
     Gradient step = 0.1
     Update field sigma (voxel space) = 0
     Total field sigma (voxel space) = 0
     Update field time sigma = 0
     Total field time sigma  = 0
     Number of time indices = 0
     Number of time point samples = 0
Registration using 1 total stages.

Stage 0
  iterations = 1000x500x250x100
  convergence threshold = 1e-06
  convergence window size = 10
  number of levels = 4
  using the Mattes MI metric (number of bins = 32, weight = 1, use gradient filter = 0)
  preprocessing:  winsorizing the image intensities
  Shrink factors (level 1 out of 4): [8, 8, 8]
  Shrink factors (level 2 out of 4): [4, 4, 4]
  Shrink factors (level 3 out of 4): [2, 2, 2]
  Shrink factors (level 4 out of 4): [1, 1, 1]
  smoothing sigmas per level: [3, 2, 1, 0]
  regular sampling (percentage = 0.25)

*** Running Euler3DTransform registration ***

DIAGNOSTIC,Iteration,metricValue,convergenceValue,ITERATION_TIME_INDEX,SINCE_LAST
 2DIAGNOSTIC,     1, -4.299060189477e-01, 1.797693134862e+308, 6.3803e-01, 6.3803e-01, 
 2DIAGNOSTIC,     2, -4.311703807429e-01, 1.797693134862e+308, 6.4189e-01, 3.8569e-03, 
 2DIAGNOSTIC,     3, -4.334997061176e-01, 1.797693134862e+308, 6.4571e-01, 3.8190e-03, 
 2DIAGNOSTIC,     4, -4.389575130370e-01, 1.797693134862e+308, 6.4949e-01, 3.7780e-03, 
 2DIAGNOSTIC,     5, -4.438813134482e-01, 1.797693134862e+308, 6.5345e-01, 3.9592e-03, 
 2DIAGNOSTIC,     6, -4.461495460377e-01, 1.797693134862e+308, 6.5780e-01, 4.3530e-03, 
 2DIAGNOSTIC,     7, -4.511407144429e-01, 1.797693134862e+308, 6.6208e-01, 4.2841e-03, 
 2DIAGNOSTIC,     8, -4.667812032718e-01, 1.797693134862e+308, 6.6707e-01, 4.9911e-03, 
 2DIAGNOSTIC,     9, -4.753090114372e-01, 1.797693134862e+308, 6.7177e-01, 4.6961e-03, 
 2DIAGNOSTIC,    10, -4.802481719655e-01, 7.481707542057e-03, 6.7671e-01, 4.9410e-03, 
 2DIAGNOSTIC,    11, -4.821261368877e-01, 7.356704266140e-03, 6.8165e-01, 4.9381e-03, 
 2DIAGNOSTIC,    12, -4.837491005316e-01, 6.749992380104e-03, 6.8713e-01, 5.4820e-03, 
 2DIAGNOSTIC,    13, -5.028244927610e-01, 6.622215038737e-03, 6.9477e-01, 7.6370e-03, 
 2DIAGNOSTIC,    14, -5.042109134423e-01, 6.183615245764e-03, 6.9932e-01, 4.5562e-03, 
 2DIAGNOSTIC,    15, -5.066116081854e-01, 5.558135432387e-03, 7.0483e-01, 5.5101e-03, 
 2DIAGNOSTIC,    16, -5.083451635847e-01, 4.676295421320e-03, 7.0979e-01, 4.9560e-03, 
 2DIAGNOSTIC,    17, -5.184993492790e-01, 3.998770501029e-03, 7.1723e-01, 7.4360e-03, 
 2DIAGNOSTIC,    18, -5.256348855891e-01, 3.769024583858e-03, 7.2209e-01, 4.8602e-03, 
 2DIAGNOSTIC,    19, -5.260487276642e-01, 3.491513202204e-03, 7.2760e-01, 5.5120e-03, 
 2DIAGNOSTIC,    20, -5.292109529878e-01, 3.174906807807e-03, 7.3317e-01, 5.5749e-03, 
 2DIAGNOSTIC,    21, -5.301818287802e-01, 2.681600086560e-03, 7.3786e-01, 4.6911e-03, 
 2DIAGNOSTIC,    22, -5.312241439648e-01, 2.041189046151e-03, 7.4325e-01, 5.3852e-03, 
 2DIAGNOSTIC,    23, -5.321371432186e-01, 1.776979591260e-03, 7.4869e-01, 5.4371e-03, 
 2DIAGNOSTIC,    24, -5.330747245713e-01, 1.429098379566e-03, 7.5305e-01, 4.3669e-03, 
 2DIAGNOSTIC,    25, -5.340979454143e-01, 1.060387745204e-03, 7.5799e-01, 4.9388e-03, 
 2DIAGNOSTIC,    26, -5.353301875238e-01, 6.839350382244e-04, 7.6397e-01, 5.9779e-03, 
 2DIAGNOSTIC,    27, -5.359877934045e-01, 5.005584091931e-04, 7.6830e-01, 4.3318e-03, 
 2DIAGNOSTIC,    28, -5.363338972060e-01, 4.385715478602e-04, 7.7265e-01, 4.3459e-03, 
 2DIAGNOSTIC,    29, -5.373050918836e-01, 3.660301573446e-04, 7.7702e-01, 4.3690e-03, 
 2DIAGNOSTIC,    30, -5.398201292743e-01, 3.716000075316e-04, 7.8215e-01, 5.1329e-03, 
 2DIAGNOSTIC,    31, -5.446419968544e-01, 4.465250614261e-04, 7.9210e-01, 9.9490e-03, 
 2DIAGNOSTIC,    32, -5.446643442283e-01, 4.912587557369e-04, 7.9647e-01, 4.3750e-03, 
 2DIAGNOSTIC,    33, -5.447644968318e-01, 5.056397012550e-04, 8.0080e-01, 4.3290e-03, 
 2DIAGNOSTIC,    34, -5.449309481456e-01, 4.904035812044e-04, 8.0542e-01, 4.6141e-03, 
 2DIAGNOSTIC,    35, -5.452044383869e-01, 4.491487307807e-04, 8.0993e-01, 4.5102e-03, 
 2DIAGNOSTIC,    36, -5.456974277208e-01, 3.933065399421e-04, 8.1426e-01, 4.3359e-03, 
 2DIAGNOSTIC,    37, -5.462998711715e-01, 3.227882674911e-04, 8.1872e-01, 4.4539e-03, 
 2DIAGNOSTIC,    38, -5.470544230088e-01, 2.429359244542e-04, 8.2305e-01, 4.3321e-03, 
 2DIAGNOSTIC,    39, -5.483332153561e-01, 1.763386184625e-04, 8.2812e-01, 5.0731e-03, 
 2DIAGNOSTIC,    40, -5.485726273585e-01, 1.327681138549e-04, 8.3246e-01, 4.3421e-03, 
 2DIAGNOSTIC,    41, -5.488484879992e-01, 1.482777465777e-04, 8.3737e-01, 4.9012e-03, 
 2DIAGNOSTIC,    42, -5.491455648821e-01, 1.532242857514e-04, 8.4178e-01, 4.4141e-03, 
 2DIAGNOSTIC,    43, -5.502461291730e-01, 1.586773987663e-04, 8.4695e-01, 5.1720e-03, 
 2DIAGNOSTIC,    44, -5.634831254944e-01, 3.167354692688e-04, 8.5322e-01, 6.2640e-03, 
 2DIAGNOSTIC,    45, -5.666200687451e-01, 4.742503486042e-04, 8.5821e-01, 4.9939e-03, 
 2DIAGNOSTIC,    46, -5.686728546870e-01, 6.105882230759e-04, 8.6327e-01, 5.0600e-03, 
 2DIAGNOSTIC,    47, -5.690870978439e-01, 6.962992383950e-04, 8.6776e-01, 4.4920e-03, 
 2DIAGNOSTIC,    48, -5.696226407943e-01, 7.259349118611e-04, 8.7206e-01, 4.3030e-03, 
 2DIAGNOSTIC,    49, -5.705345720129e-01, 7.069401983660e-04, 8.7691e-01, 4.8470e-03, 
 2DIAGNOSTIC,    50, -5.708770424906e-01, 6.263636829443e-04, 8.8226e-01, 5.3451e-03, 
 2DIAGNOSTIC,    51, -5.710003301360e-01, 4.955778678052e-04, 8.8679e-01, 4.5359e-03, 
 2DIAGNOSTIC,    52, -5.722381025852e-01, 3.408086878486e-04, 8.9114e-01, 4.3428e-03, 
 2DIAGNOSTIC,    53, -5.732085933782e-01, 1.774663583984e-04, 8.9550e-01, 4.3678e-03, 
 2DIAGNOSTIC,    54, -5.791846586042e-01, 1.957740062646e-04, 9.0152e-01, 6.0139e-03, 
 2DIAGNOSTIC,    55, -5.802438379643e-01, 2.340052691224e-04, 9.0662e-01, 5.1072e-03, 
 2DIAGNOSTIC,    56, -5.810519076228e-01, 2.765010403451e-04, 9.1146e-01, 4.8370e-03, 
 2DIAGNOSTIC,    57, -5.810813418142e-01, 2.956841638004e-04, 9.1583e-01, 4.3719e-03, 
 2DIAGNOSTIC,    58, -5.819024724300e-01, 2.980552070356e-04, 9.2069e-01, 4.8540e-03, 
 2DIAGNOSTIC,    59, -5.824899897433e-01, 2.844602013264e-04, 9.2705e-01, 6.3591e-03, 
 2DIAGNOSTIC,    60, -5.825581950358e-01, 2.475729181920e-04, 9.3127e-01, 4.2272e-03, 
 2DIAGNOSTIC,    61, -5.828379151514e-01, 1.924764841118e-04, 9.3552e-01, 4.2439e-03, 
 2DIAGNOSTIC,    62, -5.831533337983e-01, 1.347710293114e-04, 9.3974e-01, 4.2269e-03, 
 2DIAGNOSTIC,    63, -5.831991948495e-01, 7.337389949455e-05, 9.4444e-01, 4.6959e-03, 
 2DIAGNOSTIC,    64, -5.832414359109e-01, 5.696354241795e-05, 9.4915e-01, 4.7140e-03, 
 2DIAGNOSTIC,    65, -5.833367147236e-01, 4.505254143217e-05, 9.5336e-01, 4.2100e-03, 
 2DIAGNOSTIC,    66, -5.833438321480e-01, 3.590431285199e-05, 9.5807e-01, 4.7019e-03, 
 2DIAGNOSTIC,    67, -5.833865964181e-01, 2.406047087443e-05, 9.6225e-01, 4.1790e-03, 
 2DIAGNOSTIC,    68, -5.835562332892e-01, 1.794822040548e-05, 9.6697e-01, 4.7259e-03, 
 2DIAGNOSTIC,    69, -5.837023036856e-01, 1.598494628038e-05, 9.7117e-01, 4.1940e-03, 
 2DIAGNOSTIC,    70, -5.837184072526e-01, 1.317755445141e-05, 9.7587e-01, 4.7081e-03, 
 2DIAGNOSTIC,    71, -5.840181553124e-01, 1.351048618184e-05, 9.8060e-01, 4.7269e-03, 
 2DIAGNOSTIC,    72, -5.842808186322e-01, 1.676383553359e-05, 9.8584e-01, 5.2421e-03, 
 2DIAGNOSTIC,    73, -5.847375207319e-01, 2.192564128303e-05, 9.9107e-01, 5.2230e-03, 
 2DIAGNOSTIC,    74, -5.847943551036e-01, 2.550103031021e-05, 9.9584e-01, 4.7750e-03, 
 2DIAGNOSTIC,    75, -5.847843862168e-01, 2.722261291521e-05, 1.0000e+00, 4.1730e-03, 
 2DIAGNOSTIC,    76, -5.848838619664e-01, 2.708883331422e-05, 1.0043e+00, 4.2691e-03, 
 2DIAGNOSTIC,    77, -5.855818388536e-01, 2.935156702472e-05, 1.0089e+00, 4.6160e-03, 
 2DIAGNOSTIC,    78, -5.857267493230e-01, 3.069506089054e-05, 1.0140e+00, 5.1169e-03, 
 2DIAGNOSTIC,    79, -5.858877732107e-01, 3.118796234316e-05, 1.0181e+00, 4.0820e-03, 
 2DIAGNOSTIC,    80, -5.860709588351e-01, 3.006835084070e-05, 1.0223e+00, 4.2188e-03, 
 2DIAGNOSTIC,    81, -5.862530278947e-01, 2.918410958146e-05, 1.0270e+00, 4.6508e-03, 
 2DIAGNOSTIC,    82, -5.866229585103e-01, 2.940906074774e-05, 1.0332e+00, 6.2530e-03, 
 2DIAGNOSTIC,    83, -5.870429246064e-01, 3.226512693949e-05, 1.0378e+00, 4.6201e-03, 
 2DIAGNOSTIC,    84, -5.870441554285e-01, 3.235918417802e-05, 1.0420e+00, 4.1189e-03, 
 2DIAGNOSTIC,    85, -5.870603362913e-01, 2.949240205568e-05, 1.0461e+00, 4.0979e-03, 
 2DIAGNOSTIC,    86, -5.871715872085e-01, 2.507421258654e-05, 1.0507e+00, 4.6082e-03, 
 2DIAGNOSTIC,    87, -5.874654033614e-01, 2.423939416488e-05, 1.0554e+00, 4.7710e-03, 
 2DIAGNOSTIC,    88, -5.876054208277e-01, 2.271456137574e-05, 1.0596e+00, 4.1509e-03, 
 2DIAGNOSTIC,    89, -5.877298379430e-01, 2.074773932897e-05, 1.0648e+00, 5.1799e-03, 
 2DIAGNOSTIC,    90, -5.883147249667e-01, 2.132963778574e-05, 1.0699e+00, 5.1301e-03, 
 2DIAGNOSTIC,    91, -5.882551221056e-01, 2.044714042330e-05, 1.0740e+00, 4.1349e-03, 
 2DIAGNOSTIC,    92, -5.883164503329e-01, 2.003125299200e-05, 1.0787e+00, 4.6208e-03, 
 2DIAGNOSTIC,    93, -5.884807817327e-01, 2.100045419363e-05, 1.0840e+00, 5.2989e-03, 
 2DIAGNOSTIC,    94, -5.887729275957e-01, 2.154193533796e-05, 1.0880e+00, 4.0798e-03, 
 2DIAGNOSTIC,    95, -5.888903514506e-01, 2.067897072882e-05, 1.0921e+00, 4.0839e-03, 
 2DIAGNOSTIC,    96, -5.890340907319e-01, 1.922207703811e-05, 1.0962e+00, 4.0500e-03, 
 2DIAGNOSTIC,    97, -5.892117876174e-01, 1.851844920686e-05, 1.1009e+00, 4.7069e-03, 
 2DIAGNOSTIC,    98, -5.905345230968e-01, 2.374452006253e-05, 1.1061e+00, 5.2421e-03, 
 2DIAGNOSTIC,    99, -5.912487523465e-01, 3.066351839012e-05, 1.1108e+00, 4.6721e-03, 
 2DIAGNOSTIC,   100, -5.913796746015e-01, 3.818185239373e-05, 1.1159e+00, 5.0671e-03, 
 2DIAGNOSTIC,   101, -5.914514752878e-01, 4.208250328651e-05, 1.1287e+00, 1.2860e-02, 
 2DIAGNOSTIC,   102, -5.914514726511e-01, 4.218661751410e-05, 1.1329e+00, 4.2000e-03, 
 2DIAGNOSTIC,   103, -5.914514902965e-01, 3.892023622990e-05, 1.1370e+00, 4.1051e-03, 
 2DIAGNOSTIC,   104, -5.914515201293e-01, 3.335175292270e-05, 1.1412e+00, 4.1730e-03, 
 2DIAGNOSTIC,   105, -5.914515705600e-01, 2.534290461523e-05, 1.1454e+00, 4.1690e-03, 
 2DIAGNOSTIC,   106, -5.914516557915e-01, 1.586816970238e-05, 1.1495e+00, 4.1609e-03, 
 2DIAGNOSTIC,   107, -5.914517996171e-01, 5.796041427295e-06, 1.1537e+00, 4.2129e-03, 
 2DIAGNOSTIC,   108, -5.914520419756e-01, 1.576197613241e-06, 1.1580e+00, 4.2379e-03, 
DIAGNOSTIC,Iteration,metricValue,convergenceValue,ITERATION_TIME_INDEX,SINCE_LAST
 2DIAGNOSTIC,     1, -4.791481467128e-01, 1.797693134862e+308, 1.9045e+00, 7.4653e-01, 
 2DIAGNOSTIC,     2, -4.799654961525e-01, 1.797693134862e+308, 1.9303e+00, 2.5806e-02, 
 2DIAGNOSTIC,     3, -4.812119387131e-01, 1.797693134862e+308, 1.9576e+00, 2.7253e-02, 
 2DIAGNOSTIC,     4, -4.830782275278e-01, 1.797693134862e+308, 1.9861e+00, 2.8573e-02, 
 2DIAGNOSTIC,     5, -4.849908629425e-01, 1.797693134862e+308, 2.0151e+00, 2.9007e-02, 
 2DIAGNOSTIC,     6, -4.856933366815e-01, 1.797693134862e+308, 2.0442e+00, 2.9095e-02, 
 2DIAGNOSTIC,     7, -4.864359631533e-01, 1.797693134862e+308, 2.0733e+00, 2.9103e-02, 
 2DIAGNOSTIC,     8, -4.873006593145e-01, 1.797693134862e+308, 2.1131e+00, 3.9799e-02, 
 2DIAGNOSTIC,     9, -4.877075205981e-01, 1.797693134862e+308, 2.1423e+00, 2.9140e-02, 
 2DIAGNOSTIC,    10, -4.880178901011e-01, 1.270151712612e-03, 2.1755e+00, 3.3177e-02, 
 2DIAGNOSTIC,    11, -4.890697702065e-01, 1.042248313352e-03, 2.2117e+00, 3.6228e-02, 
 2DIAGNOSTIC,    12, -4.893565040687e-01, 8.123887149825e-04, 2.2404e+00, 2.8691e-02, 
 2DIAGNOSTIC,    13, -4.906726611667e-01, 6.590924423514e-04, 2.2733e+00, 3.2886e-02, 
 2DIAGNOSTIC,    14, -4.909410395834e-01, 5.548517560805e-04, 2.3074e+00, 3.4132e-02, 
 2DIAGNOSTIC,    15, -4.913548536446e-01, 5.050415117612e-04, 2.3522e+00, 4.4807e-02, 
 2DIAGNOSTIC,    16, -4.916777418137e-01, 4.524233930873e-04, 2.3820e+00, 2.9822e-02, 
 2DIAGNOSTIC,    17, -4.921323399719e-01, 4.047179624913e-04, 2.4118e+00, 2.9739e-02, 
 2DIAGNOSTIC,    18, -4.928538576202e-01, 3.759771081068e-04, 2.4446e+00, 3.2843e-02, 
 2DIAGNOSTIC,    19, -4.931793680523e-01, 3.377121036948e-04, 2.4745e+00, 2.9906e-02, 
 2DIAGNOSTIC,    20, -4.933995767317e-01, 2.873321099797e-04, 2.5146e+00, 4.0116e-02, 
 2DIAGNOSTIC,    21, -4.934697016433e-01, 2.466545805666e-04, 2.5471e+00, 3.2477e-02, 
 2DIAGNOSTIC,    22, -4.934903427739e-01, 1.940835974948e-04, 2.5800e+00, 3.2912e-02, 
 2DIAGNOSTIC,    23, -4.935186524825e-01, 1.618946299705e-04, 2.6121e+00, 3.2093e-02, 
 2DIAGNOSTIC,    24, -4.935328852162e-01, 1.240027636219e-04, 2.6448e+00, 3.2663e-02, 
 2DIAGNOSTIC,    25, -4.935255287575e-01, 8.717608200620e-05, 2.6772e+00, 3.2439e-02, 
 2DIAGNOSTIC,    26, -4.935182469958e-01, 5.217782109513e-05, 2.7059e+00, 2.8664e-02, 
 2DIAGNOSTIC,    27, -4.934955837433e-01, 2.399690267423e-05, 2.7352e+00, 2.9364e-02, 
 2DIAGNOSTIC,    28, -4.934969575951e-01, 1.056606567772e-05, 2.7694e+00, 3.4198e-02, 
 2DIAGNOSTIC,    29, -4.934834486473e-01, 3.306349453946e-06, 2.8036e+00, 3.4195e-02, 
DIAGNOSTIC,Iteration,metricValue,convergenceValue,ITERATION_TIME_INDEX,SINCE_LAST
 2DIAGNOSTIC,     1, -4.342806820306e-01, 1.797693134862e+308, 3.9342e+00, 1.1306e+00, 
 2DIAGNOSTIC,     2, -4.344558472839e-01, 1.797693134862e+308, 4.1659e+00, 2.3162e-01, 
 2DIAGNOSTIC,     3, -4.345896951551e-01, 1.797693134862e+308, 4.3962e+00, 2.3034e-01, 
 2DIAGNOSTIC,     4, -4.346385341668e-01, 1.797693134862e+308, 4.6379e+00, 2.4165e-01, 
 2DIAGNOSTIC,     5, -4.346964857529e-01, 1.797693134862e+308, 4.8733e+00, 2.3548e-01, 
 2DIAGNOSTIC,     6, -4.349424710694e-01, 1.797693134862e+308, 5.2088e+00, 3.3548e-01, 
 2DIAGNOSTIC,     7, -4.349967551574e-01, 1.797693134862e+308, 5.5506e+00, 3.4177e-01, 
 2DIAGNOSTIC,     8, -4.349990975182e-01, 1.797693134862e+308, 5.8971e+00, 3.4651e-01, 
 2DIAGNOSTIC,     9, -4.349994764369e-01, 1.797693134862e+308, 6.1635e+00, 2.6637e-01, 
 2DIAGNOSTIC,    10, -4.349989617801e-01, 1.135628547277e-04, 6.4063e+00, 2.4279e-01, 
 2DIAGNOSTIC,    11, -4.349984441115e-01, 8.037140585200e-05, 6.6199e+00, 2.1365e-01, 
 2DIAGNOSTIC,    12, -4.349980956661e-01, 5.506476368407e-05, 6.8499e+00, 2.3002e-01, 
 2DIAGNOSTIC,    13, -4.349972401639e-01, 3.576156759787e-05, 7.1277e+00, 2.7775e-01, 
 2DIAGNOSTIC,    14, -4.349975152155e-01, 1.858644752421e-05, 7.3506e+00, 2.2288e-01, 
 2DIAGNOSTIC,    15, -4.349961378908e-01, 4.400164107382e-06, 7.5863e+00, 2.3577e-01, 
 2DIAGNOSTIC,    16, -4.349956815783e-01, 1.747905161331e-06, 7.8518e+00, 2.6552e-01, 
 2DIAGNOSTIC,    17, -4.349951807518e-01, 1.495402853657e-06, 8.0687e+00, 2.1687e-01, 
 2DIAGNOSTIC,    18, -4.349940983645e-01, 1.350595883902e-06, 8.3083e+00, 2.3958e-01, 
 2DIAGNOSTIC,    19, -4.349956944045e-01, 1.328450846987e-06, 8.5520e+00, 2.4368e-01, 
 2DIAGNOSTIC,    20, -4.349943894777e-01, 1.279726294677e-06, 8.8407e+00, 2.8876e-01, 
 2DIAGNOSTIC,    21, -4.349940079939e-01, 1.238451163330e-06, 9.0975e+00, 2.5673e-01, 
 2DIAGNOSTIC,    22, -4.349936931822e-01, 1.208274504928e-06, 9.3550e+00, 2.5754e-01, 
 2DIAGNOSTIC,    23, -4.349925365185e-01, 1.144831320431e-06, 9.6136e+00, 2.5860e-01, 
 2DIAGNOSTIC,    24, -4.349920345913e-01, 1.103701760916e-06, 9.8715e+00, 2.5789e-01, 
 2DIAGNOSTIC,    25, -4.349906440927e-01, 1.014415420372e-06, 1.0134e+01, 2.6261e-01, 
DIAGNOSTIC,Iteration,metricValue,convergenceValue,ITERATION_TIME_INDEX,SINCE_LAST
 2DIAGNOSTIC,     1, -4.013913781778e-01, 1.797693134862e+308, 1.2796e+01, 2.6616e+00, 
 2DIAGNOSTIC,     2, -4.015679384516e-01, 1.797693134862e+308, 1.4546e+01, 1.7500e+00, 
 2DIAGNOSTIC,     3, -4.016109390308e-01, 1.797693134862e+308, 1.5945e+01, 1.3997e+00, 
 2DIAGNOSTIC,     4, -4.016495306169e-01, 1.797693134862e+308, 1.7546e+01, 1.6010e+00, 
 2DIAGNOSTIC,     5, -4.016743421293e-01, 1.797693134862e+308, 1.8901e+01, 1.3544e+00, 
 2DIAGNOSTIC,     6, -4.016879816842e-01, 1.797693134862e+308, 2.0346e+01, 1.4455e+00, 
 2DIAGNOSTIC,     7, -4.017737158526e-01, 1.797693134862e+308, 2.2195e+01, 1.8493e+00, 
 2DIAGNOSTIC,     8, -4.019400996263e-01, 1.797693134862e+308, 2.5897e+01, 3.7013e+00, 
 2DIAGNOSTIC,     9, -4.019399304162e-01, 1.797693134862e+308, 2.7640e+01, 1.7433e+00, 
 2DIAGNOSTIC,    10, -4.019401156724e-01, 8.560794125080e-05, 2.9144e+01, 1.5040e+00, 
 2DIAGNOSTIC,    11, -4.019403981775e-01, 6.734429723182e-05, 3.0621e+01, 1.4767e+00, 
 2DIAGNOSTIC,    12, -4.019414285735e-01, 5.666946054111e-05, 3.2059e+01, 1.4383e+00, 
 2DIAGNOSTIC,    13, -4.019433537616e-01, 4.500183644095e-05, 3.3497e+01, 1.4375e+00, 
 2DIAGNOSTIC,    14, -4.019458839154e-01, 3.322401723124e-05, 3.5230e+01, 1.7330e+00, 
 2DIAGNOSTIC,    15, -4.019480044970e-01, 2.161821922947e-05, 3.6928e+01, 1.6983e+00, 
 2DIAGNOSTIC,    16, -4.019488495310e-01, 1.029567744505e-05, 3.8415e+01, 1.4876e+00, 
 2DIAGNOSTIC,    17, -4.019502266585e-01, 2.967586574469e-06, 4.0042e+01, 1.6264e+00, 
 2DIAGNOSTIC,    18, -4.019516733320e-01, 2.946524960509e-06, 4.1368e+01, 1.3264e+00, 
 2DIAGNOSTIC,    19, -4.019535700905e-01, 2.880749054683e-06, 4.2833e+01, 1.4648e+00, 
 2DIAGNOSTIC,    20, -4.019548143436e-01, 2.759078333033e-06, 4.4319e+01, 1.4858e+00, 
 2DIAGNOSTIC,    21, -4.019545842251e-01, 2.542565683543e-06, 4.6146e+01, 1.8266e+00, 
 2DIAGNOSTIC,    22, -4.019547759298e-01, 2.290087086042e-06, 4.7676e+01, 1.5300e+00, 
 2DIAGNOSTIC,    23, -4.019546883047e-01, 2.035348603539e-06, 4.9579e+01, 1.9036e+00, 
 2DIAGNOSTIC,    24, -4.019544567723e-01, 1.806429469821e-06, 5.1444e+01, 1.8650e+00, 
 2DIAGNOSTIC,    25, -4.019544610592e-01, 1.610730127985e-06, 5.3127e+01, 1.6833e+00, 
 2DIAGNOSTIC,    26, -4.019543082606e-01, 1.417208374550e-06, 5.4608e+01, 1.4803e+00, 
 2DIAGNOSTIC,    27, -4.019546636491e-01, 1.265190059274e-06, 5.6303e+01, 1.6958e+00, 
 2DIAGNOSTIC,    28, -4.019547972150e-01, 1.154410749882e-06, 5.7888e+01, 1.5846e+00, 
 2DIAGNOSTIC,    29, -4.019549854790e-01, 1.099602617710e-06, 5.9726e+01, 1.8375e+00, 
 2DIAGNOSTIC,    30, -4.019549127173e-01, 1.076087654435e-06, 6.1341e+01, 1.6155e+00, 
 2DIAGNOSTIC,    31, -4.019549864178e-01, 1.048991455456e-06, 6.3178e+01, 1.8365e+00, 
 2DIAGNOSTIC,    32, -4.019549327739e-01, 1.024359163437e-06, 6.4536e+01, 1.3584e+00, 
  Elapsed time (stage 0): 6.5368e+01


Total elapsed time: 6.5370e+01
Info [verificarlo]: loaded backend libinterflop_ieee.so
Info [interflop-ieee]: load backend with:
Info [interflop-ieee]: debug = false
Info [interflop-ieee]: debug-binary = false
Info [interflop-ieee]: no-backend-name = false
Info [interflop-ieee]: print-new-line = false
Info [interflop-ieee]: print-subnormal-normalized = false
Info [interflop-ieee]: count-op = false
All_Command_lines_OK
Using double precision for computations.
=============================================================================
The composite transform comprises the following transforms (in order): 
  1. /home/mdugre/scratch/mri-registration-rp/datasets/ds004513/derivatives/mri-registration-rp/0001/antsRegistration-r8-p19/sub-s037/rigid_Composite.h5[0] (type = Euler3DTransform)
  2. /home/mdugre/scratch/mri-registration-rp/datasets/ds004513/derivatives/mri-registration-rp/0001/antsRegistration-r8-p19/sub-s037/rigid_Composite.h5[1] (type = Euler3DTransform)
  3. /home/mdugre/scratch/mri-registration-rp/datasets/ds004513/derivatives/mri-registration-rp/0001/antsRegistration-r8-p19/sub-s037/rigid_Composite.h5[2] (type = Euler3DTransform)
=============================================================================
  number of levels = 4
  fixed image: /templateflow/tpl-MNI152NLin2009cAsym/tpl-MNI152NLin2009cAsym_res-01_desc-brain_T1w.nii.gz
  moving image: /home/mdugre/scratch/mri-registration-rp/datasets/ds004513/derivatives/mri-registration-rp/antsBrainExtraction/sub-s037/BrainExtractionBrain.nii.gz
Dimension = 3
Number of stages = 1
Use histogram matching = false
Winsorize image intensities = true
  Lower quantile = 0.005
  Upper quantile = 0.995


Stage 1 State
   Image metric = MattesMI
     Fixed image = Image (0x387b7e0)
  RTTI typeinfo:   itk::Image<double, 3u>
  Reference Count: 2
  Modified Time: 1592
  Debug: Off
  Object Name: 
  Observers: 
    none
  Source: (none)
  Source output name: (none)
  Release Data: Off
  Data Released: False
  Global Release Data: Off
  PipelineMTime: 0
  UpdateMTime: 1203
  RealTimeStamp: 0 seconds 
  LargestPossibleRegion: 
    Dimension: 3
    Index: [0, 0, 0]
    Size: [193, 229, 193]
  BufferedRegion: 
    Dimension: 3
    Index: [0, 0, 0]
    Size: [193, 229, 193]
  RequestedRegion: 
    Dimension: 3
    Index: [0, 0, 0]
    Size: [193, 229, 193]
  Spacing: [1, 1, 1]
  Origin: [96, 132, -78]
  Direction: 
-1 0 0
0 -1 0
0 0 1

  IndexToPointMatrix: 
-1 0 0
0 -1 0
0 0 1

  PointToIndexMatrix: 
-1 0 0
0 -1 0
0 0 1

  Inverse Direction: 
-1 0 0
0 -1 0
0 0 1

  PixelContainer: 
    ImportImageContainer (0x393ba20)
      RTTI typeinfo:   itk::ImportImageContainer<unsigned long, double>
      Reference Count: 1
      Modified Time: 1200
      Debug: Off
      Object Name: 
      Observers: 
        none
      Pointer: 0x15261b4a5010
      Container manages memory: true
      Size: 8530021
      Capacity: 8530021

     Moving image = Image (0x3936d70)
  RTTI typeinfo:   itk::Image<double, 3u>
  Reference Count: 2
  Modified Time: 1593
  Debug: Off
  Object Name: 
  Observers: 
    none
  Source: (none)
  Source output name: (none)
  Release Data: Off
  Data Released: False
  Global Release Data: Off
  PipelineMTime: 0
  UpdateMTime: 1590
  RealTimeStamp: 0 seconds 
  LargestPossibleRegion: 
    Dimension: 3
    Index: [0, 0, 0]
    Size: [160, 240, 256]
  BufferedRegion: 
    Dimension: 3
    Index: [0, 0, 0]
    Size: [160, 240, 256]
  RequestedRegion: 
    Dimension: 3
    Index: [0, 0, 0]
    Size: [160, 240, 256]
  Spacing: [1, 1, 1]
  Origin: [87.9508, 102.562, -147.639]
  Direction: 
-0.998659 -0.0436121 -0.0279129
0.043595 -0.999049 0.00121847
-0.0279395 -2.65543e-08 0.99961

  IndexToPointMatrix: 
-0.998659 -0.0436121 -0.0279129
0.043595 -0.999049 0.00121847
-0.0279395 -2.65543e-08 0.99961

  PointToIndexMatrix: 
-0.998659 0.043595 -0.0279395
-0.0436121 -0.999049 -2.65517e-08
-0.0279129 0.00121847 0.99961

  Inverse Direction: 
-0.998659 0.043595 -0.0279395
-0.0436121 -0.999049 -2.65517e-08
-0.0279129 0.00121847 0.99961

  PixelContainer: 
    ImportImageContainer (0x38eec90)
      RTTI typeinfo:   itk::ImportImageContainer<unsigned long, double>
      Reference Count: 1
      Modified Time: 1587
      Debug: Off
      Object Name: 
      Observers: 
        none
      Pointer: 0x1526169a4010
      Container manages memory: true
      Size: 9830400
      Capacity: 9830400

     Weighting = 1
     Sampling strategy = regular
     Number of bins = 32
     Radius = 4
     Sampling percentage  = 0.25
   Transform = Affine
     Gradient step = 0.1
     Update field sigma (voxel space) = 0
     Total field sigma (voxel space) = 0
     Update field time sigma = 0
     Total field time sigma  = 0
     Number of time indices = 0
     Number of time point samples = 0
Registration using 1 total stages.

Stage 0
  iterations = 1000x500x250x100
  convergence threshold = 1e-06
  convergence window size = 10
  number of levels = 4
  using the Mattes MI metric (number of bins = 32, weight = 1, use gradient filter = 0)
  preprocessing:  winsorizing the image intensities
  Shrink factors (level 1 out of 4): [8, 8, 8]
  Shrink factors (level 2 out of 4): [4, 4, 4]
  Shrink factors (level 3 out of 4): [2, 2, 2]
  Shrink factors (level 4 out of 4): [1, 1, 1]
  smoothing sigmas per level: [3, 2, 1, 0]
  regular sampling (percentage = 0.25)

*** Running AffineTransform registration ***

DIAGNOSTIC,Iteration,metricValue,convergenceValue,ITERATION_TIME_INDEX,SINCE_LAST
 2DIAGNOSTIC,     1, -5.823503588360e-01, 1.797693134862e+308, 9.9045e-01, 9.9045e-01, 
 2DIAGNOSTIC,     2, -5.840334626504e-01, 1.797693134862e+308, 9.9631e-01, 5.8570e-03, 
 2DIAGNOSTIC,     3, -5.868496080390e-01, 1.797693134862e+308, 1.0025e+00, 6.2151e-03, 
 2DIAGNOSTIC,     4, -5.922623159626e-01, 1.797693134862e+308, 1.0079e+00, 5.3351e-03, 
 2DIAGNOSTIC,     5, -6.007269111241e-01, 1.797693134862e+308, 1.0137e+00, 5.8131e-03, 
 2DIAGNOSTIC,     6, -6.148203637994e-01, 1.797693134862e+308, 1.0192e+00, 5.5029e-03, 
 2DIAGNOSTIC,     7, -6.350710377713e-01, 1.797693134862e+308, 1.0252e+00, 6.0089e-03, 
 2DIAGNOSTIC,     8, -6.704910568853e-01, 1.797693134862e+308, 1.0308e+00, 5.5990e-03, 
 2DIAGNOSTIC,     9, -6.904976111663e-01, 1.797693134862e+308, 1.0385e+00, 7.7481e-03, 
 2DIAGNOSTIC,    10, -6.948063541554e-01, 1.302758589873e-02, 1.0450e+00, 6.4790e-03, 
 2DIAGNOSTIC,    11, -6.947007090771e-01, 1.268066245783e-02, 1.0518e+00, 6.8290e-03, 
 2DIAGNOSTIC,    12, -6.988250835758e-01, 1.147839678317e-02, 1.0583e+00, 6.4170e-03, 
 2DIAGNOSTIC,    13, -7.062877395480e-01, 9.769233860473e-03, 1.0645e+00, 6.2881e-03, 
 2DIAGNOSTIC,    14, -7.105353778579e-01, 7.732872123406e-03, 1.0726e+00, 8.0931e-03, 
 2DIAGNOSTIC,    15, -7.122976999294e-01, 5.596745510339e-03, 1.0795e+00, 6.8512e-03, 
 2DIAGNOSTIC,    16, -7.156874316540e-01, 3.720549495902e-03, 1.0876e+00, 8.1460e-03, 
 2DIAGNOSTIC,    17, -7.163365702936e-01, 2.252966216222e-03, 1.0940e+00, 6.3450e-03, 
 2DIAGNOSTIC,    18, -7.169803321213e-01, 1.599343020447e-03, 1.1009e+00, 6.9149e-03, 
 2DIAGNOSTIC,    19, -7.181870034507e-01, 1.346625313754e-03, 1.1103e+00, 9.3751e-03, 
 2DIAGNOSTIC,    20, -7.182742818162e-01, 1.092240507644e-03, 1.1176e+00, 7.3268e-03, 
 2DIAGNOSTIC,    21, -7.181185461225e-01, 7.572615682411e-04, 1.1243e+00, 6.6969e-03, 
 2DIAGNOSTIC,    22, -7.181410728927e-01, 4.615330928320e-04, 1.1309e+00, 6.6159e-03, 
 2DIAGNOSTIC,    23, -7.180702765965e-01, 2.845082288728e-04, 1.1368e+00, 5.9409e-03, 
 2DIAGNOSTIC,    24, -7.181089793688e-01, 1.713406057236e-04, 1.1428e+00, 5.9810e-03, 
 2DIAGNOSTIC,    25, -7.181577164885e-01, 8.076916765576e-05, 1.1488e+00, 6.0070e-03, 
 2DIAGNOSTIC,    26, -7.181129504481e-01, 4.405710030470e-05, 1.1548e+00, 5.9810e-03, 
 2DIAGNOSTIC,    27, -7.181778485310e-01, 1.723744247890e-05, 1.1617e+00, 6.8331e-03, 
DIAGNOSTIC,Iteration,metricValue,convergenceValue,ITERATION_TIME_INDEX,SINCE_LAST
 2DIAGNOSTIC,     1, -5.911654929900e-01, 1.797693134862e+308, 1.9192e+00, 7.5755e-01, 
 2DIAGNOSTIC,     2, -5.919516891165e-01, 1.797693134862e+308, 1.9605e+00, 4.1329e-02, 
 2DIAGNOSTIC,     3, -5.927968525425e-01, 1.797693134862e+308, 1.9968e+00, 3.6251e-02, 
 2DIAGNOSTIC,     4, -5.935959739617e-01, 1.797693134862e+308, 2.0329e+00, 3.6071e-02, 
 2DIAGNOSTIC,     5, -5.944045426604e-01, 1.797693134862e+308, 2.0697e+00, 3.6837e-02, 
 2DIAGNOSTIC,     6, -5.952618116276e-01, 1.797693134862e+308, 2.1099e+00, 4.0236e-02, 
 2DIAGNOSTIC,     7, -5.962590642299e-01, 1.797693134862e+308, 2.1474e+00, 3.7477e-02, 
 2DIAGNOSTIC,     8, -5.979761358885e-01, 1.797693134862e+308, 2.1887e+00, 4.1273e-02, 
 2DIAGNOSTIC,     9, -6.007821284490e-01, 1.797693134862e+308, 2.2792e+00, 9.0511e-02, 
 2DIAGNOSTIC,    10, -6.007832609409e-01, 1.070025204938e-03, 2.3218e+00, 4.2612e-02, 
 2DIAGNOSTIC,    11, -6.007844488729e-01, 9.864660546597e-04, 2.3597e+00, 3.7884e-02, 
 2DIAGNOSTIC,    12, -6.007770792621e-01, 8.604433490661e-04, 2.3986e+00, 3.8934e-02, 
 2DIAGNOSTIC,    13, -6.007806712033e-01, 7.060845672965e-04, 2.4434e+00, 4.4779e-02, 
 2DIAGNOSTIC,    14, -6.007829699297e-01, 5.355716293415e-04, 2.4817e+00, 3.8301e-02, 
 2DIAGNOSTIC,    15, -6.007773067963e-01, 3.648840128898e-04, 2.5227e+00, 4.1027e-02, 
 2DIAGNOSTIC,    16, -6.008027945655e-01, 2.097748468372e-04, 2.5599e+00, 3.7124e-02, 
 2DIAGNOSTIC,    17, -6.008133850901e-01, 8.163002138133e-05, 2.6020e+00, 4.2183e-02, 
 2DIAGNOSTIC,    18, -6.008105452475e-01, 3.574482508054e-06, 2.6467e+00, 4.4668e-02, 
 2DIAGNOSTIC,    19, -6.008059006166e-01, 3.691169727031e-06, 2.6892e+00, 4.2535e-02, 
 2DIAGNOSTIC,    20, -6.008021253977e-01, 3.551400283804e-06, 2.7302e+00, 4.0916e-02, 
 2DIAGNOSTIC,    21, -6.007975836545e-01, 3.163755430011e-06, 2.7709e+00, 4.0700e-02, 
 2DIAGNOSTIC,    22, -6.007834623769e-01, 2.185074802361e-06, 2.8119e+00, 4.1039e-02, 
 2DIAGNOSTIC,    23, -6.007726226427e-01, 1.085864692441e-06, 2.8544e+00, 4.2486e-02, 
DIAGNOSTIC,Iteration,metricValue,convergenceValue,ITERATION_TIME_INDEX,SINCE_LAST
 2DIAGNOSTIC,     1, -5.259759438595e-01, 1.797693134862e+308, 3.9528e+00, 1.0984e+00, 
 2DIAGNOSTIC,     2, -5.262374612780e-01, 1.797693134862e+308, 4.2403e+00, 2.8751e-01, 
 2DIAGNOSTIC,     3, -5.264389707812e-01, 1.797693134862e+308, 4.5283e+00, 2.8804e-01, 
 2DIAGNOSTIC,     4, -5.266449770604e-01, 1.797693134862e+308, 4.8210e+00, 2.9268e-01, 
 2DIAGNOSTIC,     5, -5.269264472455e-01, 1.797693134862e+308, 5.0876e+00, 2.6664e-01, 
 2DIAGNOSTIC,     6, -5.274182058966e-01, 1.797693134862e+308, 5.4584e+00, 3.7075e-01, 
 2DIAGNOSTIC,     7, -5.274627081995e-01, 1.797693134862e+308, 5.7793e+00, 3.2091e-01, 
 2DIAGNOSTIC,     8, -5.275302041104e-01, 1.797693134862e+308, 6.1159e+00, 3.3655e-01, 
 2DIAGNOSTIC,     9, -5.276567894603e-01, 1.797693134862e+308, 6.4024e+00, 2.8657e-01, 
 2DIAGNOSTIC,    10, -5.278221001982e-01, 2.358976777267e-04, 6.7668e+00, 3.6442e-01, 
 2DIAGNOSTIC,    11, -5.278375989999e-01, 1.895600690917e-04, 7.0797e+00, 3.1291e-01, 
 2DIAGNOSTIC,    12, -5.278544130559e-01, 1.468172888987e-04, 7.3865e+00, 3.0672e-01, 
 2DIAGNOSTIC,    13, -5.278665506652e-01, 1.067564955418e-04, 7.6930e+00, 3.0649e-01, 
 2DIAGNOSTIC,    14, -5.278656050784e-01, 7.068126216299e-05, 7.9743e+00, 2.8134e-01, 
 2DIAGNOSTIC,    15, -5.278662854264e-01, 4.276395879879e-05, 8.2723e+00, 2.9798e-01, 
 2DIAGNOSTIC,    16, -5.278663523150e-01, 3.120819399587e-05, 8.5560e+00, 2.8374e-01, 
