
##########################
# Experiment information #
##########################

EXPERIMENT_NAME: antsRegistration-r8-p18
VFC_BACKENDS: libinterflop_vprec.so --range-binary32=8 --precision-binary32=18 --range-binary64=8 --precision-binary64=18

SIF_IMG: /home/mdugre/projects/rrg-glatard/mdugre/containers/ants-vprec-no_metrics.simg

SUBJECT_ID: s003
INPUT_IMG: /home/mdugre/scratch/mri-registration-rp/datasets/ds004513/derivatives/mri-registration-rp/antsBrainExtraction/sub-s003/BrainExtractionBrain.nii.gz
OUTPUT_DIR: /home/mdugre/scratch/mri-registration-rp/datasets/ds004513/derivatives/mri-registration-rp/0001/antsRegistration-r8-p18/sub-s003

FIXED_IMG: /templateflow/tpl-MNI152NLin2009cAsym/tpl-MNI152NLin2009cAsym_res-01_desc-brain_T1w.nii.gz
DATA_DIR: /home/mdugre/scratch/mri-registration-rp/datasets/ds004513
TEMPLATEFLOW_DIR: /home/mdugre/projects/rrg-glatard/mdugre/templateflow
ITK_GLOBAL_DEFAULT_NUMBER_OF_THREADS: 16
##########################

Info [verificarlo]: loaded backend libinterflop_ieee.so
Info [interflop-ieee]: load backend with:
Info [interflop-ieee]: debug = false
Info [interflop-ieee]: debug-binary = false
Info [interflop-ieee]: no-backend-name = false
Info [interflop-ieee]: print-new-line = false
Info [interflop-ieee]: print-subnormal-normalized = false
Info [interflop-ieee]: count-op = false
All_Command_lines_OK
Using double precision for computations.
=============================================================================
The composite transform comprises the following transforms (in order): 
  1. Center of mass alignment using fixed image: /templateflow/tpl-MNI152NLin2009cAsym/tpl-MNI152NLin2009cAsym_res-01_desc-brain_T1w.nii.gz and moving image: /home/mdugre/scratch/mri-registration-rp/datasets/ds004513/derivatives/mri-registration-rp/antsBrainExtraction/sub-s003/BrainExtractionBrain.nii.gz (type = Euler3DTransform)
=============================================================================
  number of levels = 1
  fixed image: /templateflow/tpl-MNI152NLin2009cAsym/tpl-MNI152NLin2009cAsym_res-01_desc-brain_T1w.nii.gz
  moving image: /home/mdugre/scratch/mri-registration-rp/datasets/ds004513/derivatives/mri-registration-rp/antsBrainExtraction/sub-s003/BrainExtractionBrain.nii.gz
Dimension = 3
Number of stages = 1
Use histogram matching = false
Winsorize image intensities = true
  Lower quantile = 0.005
  Upper quantile = 0.995


Stage 1 State
   Image metric = MattesMI
     Fixed image = Image (0x50a1e70)
  RTTI typeinfo:   itk::Image<double, 3u>
  Reference Count: 2
  Modified Time: 2334
  Debug: Off
  Object Name: 
  Observers: 
    none
  Source: (none)
  Source output name: (none)
  Release Data: Off
  Data Released: False
  Global Release Data: Off
  PipelineMTime: 0
  UpdateMTime: 1943
  RealTimeStamp: 0 seconds 
  LargestPossibleRegion: 
    Dimension: 3
    Index: [0, 0, 0]
    Size: [193, 229, 193]
  BufferedRegion: 
    Dimension: 3
    Index: [0, 0, 0]
    Size: [193, 229, 193]
  RequestedRegion: 
    Dimension: 3
    Index: [0, 0, 0]
    Size: [193, 229, 193]
  Spacing: [1, 1, 1]
  Origin: [96, 132, -78]
  Direction: 
-1 0 0
0 -1 0
0 0 1

  IndexToPointMatrix: 
-1 0 0
0 -1 0
0 0 1

  PointToIndexMatrix: 
-1 0 0
0 -1 0
0 0 1

  Inverse Direction: 
-1 0 0
0 -1 0
0 0 1

  PixelContainer: 
    ImportImageContainer (0x50ae140)
      RTTI typeinfo:   itk::ImportImageContainer<unsigned long, double>
      Reference Count: 1
      Modified Time: 1940
      Debug: Off
      Object Name: 
      Observers: 
        none
      Pointer: 0x151fd0e64010
      Container manages memory: true
      Size: 8530021
      Capacity: 8530021

     Moving image = Image (0x50ab310)
  RTTI typeinfo:   itk::Image<double, 3u>
  Reference Count: 2
  Modified Time: 2335
  Debug: Off
  Object Name: 
  Observers: 
    none
  Source: (none)
  Source output name: (none)
  Release Data: Off
  Data Released: False
  Global Release Data: Off
  PipelineMTime: 0
  UpdateMTime: 2332
  RealTimeStamp: 0 seconds 
  LargestPossibleRegion: 
    Dimension: 3
    Index: [0, 0, 0]
    Size: [176, 240, 256]
  BufferedRegion: 
    Dimension: 3
    Index: [0, 0, 0]
    Size: [176, 240, 256]
  RequestedRegion: 
    Dimension: 3
    Index: [0, 0, 0]
    Size: [176, 240, 256]
  Spacing: [0.999999, 1, 1]
  Origin: [93.3499, 86.9368, -128.957]
  Direction: 
-0.999513 -0.0279216 -0.0139567
0.0279189 -0.99961 0.000389866
-0.0139622 2.01492e-08 0.999903

  IndexToPointMatrix: 
-0.999512 -0.0279216 -0.0139567
0.0279189 -0.99961 0.000389866
-0.0139621 2.01492e-08 0.999903

  PointToIndexMatrix: 
-0.999514 0.0279189 -0.0139622
-0.0279216 -0.99961 2.01716e-08
-0.0139567 0.000389866 0.999903

  Inverse Direction: 
-0.999513 0.0279189 -0.0139622
-0.0279216 -0.99961 2.01716e-08
-0.0139567 0.000389866 0.999903

  PixelContainer: 
    ImportImageContainer (0x51d6610)
      RTTI typeinfo:   itk::ImportImageContainer<unsigned long, double>
      Reference Count: 1
      Modified Time: 2329
      Debug: Off
      Object Name: 
      Observers: 
        none
      Pointer: 0x151fcbbe3010
      Container manages memory: true
      Size: 10813440
      Capacity: 10813440

     Weighting = 1
     Sampling strategy = regular
     Number of bins = 32
     Radius = 4
     Sampling percentage  = 0.25
   Transform = Rigid
     Gradient step = 0.1
     Update field sigma (voxel space) = 0
     Total field sigma (voxel space) = 0
     Update field time sigma = 0
     Total field time sigma  = 0
     Number of time indices = 0
     Number of time point samples = 0
Registration using 1 total stages.

Stage 0
  iterations = 0
  convergence threshold = 1e-06
  convergence window size = 10
  number of levels = 1
  using the Mattes MI metric (number of bins = 32, weight = 1, use gradient filter = 0)
  preprocessing:  winsorizing the image intensities
  Shrink factors (level 1 out of 1): [1, 1, 1]
  smoothing sigmas per level: [0]
  regular sampling (percentage = 0.25)

*** Running Euler3DTransform registration ***

  Elapsed time (stage 0): 1.18336


Total elapsed time: 1.19185
Info [verificarlo]: loaded backend libinterflop_ieee.so
Info [interflop-ieee]: load backend with:
Info [interflop-ieee]: debug = false
Info [interflop-ieee]: debug-binary = false
Info [interflop-ieee]: no-backend-name = false
Info [interflop-ieee]: print-new-line = false
Info [interflop-ieee]: print-subnormal-normalized = false
Info [interflop-ieee]: count-op = false
All_Command_lines_OK
Using double precision for computations.
=============================================================================
The composite transform comprises the following transforms (in order): 
  1. /home/mdugre/scratch/mri-registration-rp/datasets/ds004513/derivatives/mri-registration-rp/0001/antsRegistration-r8-p18/sub-s003/align_Composite.h5[0] (type = Euler3DTransform)
  2. /home/mdugre/scratch/mri-registration-rp/datasets/ds004513/derivatives/mri-registration-rp/0001/antsRegistration-r8-p18/sub-s003/align_Composite.h5[1] (type = Euler3DTransform)
=============================================================================
  number of levels = 4
  fixed image: /templateflow/tpl-MNI152NLin2009cAsym/tpl-MNI152NLin2009cAsym_res-01_desc-brain_T1w.nii.gz
  moving image: /home/mdugre/scratch/mri-registration-rp/datasets/ds004513/derivatives/mri-registration-rp/antsBrainExtraction/sub-s003/BrainExtractionBrain.nii.gz
Dimension = 3
Number of stages = 1
Use histogram matching = false
Winsorize image intensities = true
  Lower quantile = 0.005
  Upper quantile = 0.995


Stage 1 State
   Image metric = MattesMI
     Fixed image = Image (0x4dd9530)
  RTTI typeinfo:   itk::Image<double, 3u>
  Reference Count: 2
  Modified Time: 1580
  Debug: Off
  Object Name: 
  Observers: 
    none
  Source: (none)
  Source output name: (none)
  Release Data: Off
  Data Released: False
  Global Release Data: Off
  PipelineMTime: 0
  UpdateMTime: 1189
  RealTimeStamp: 0 seconds 
  LargestPossibleRegion: 
    Dimension: 3
    Index: [0, 0, 0]
    Size: [193, 229, 193]
  BufferedRegion: 
    Dimension: 3
    Index: [0, 0, 0]
    Size: [193, 229, 193]
  RequestedRegion: 
    Dimension: 3
    Index: [0, 0, 0]
    Size: [193, 229, 193]
  Spacing: [1, 1, 1]
  Origin: [96, 132, -78]
  Direction: 
-1 0 0
0 -1 0
0 0 1

  IndexToPointMatrix: 
-1 0 0
0 -1 0
0 0 1

  PointToIndexMatrix: 
-1 0 0
0 -1 0
0 0 1

  Inverse Direction: 
-1 0 0
0 -1 0
0 0 1

  PixelContainer: 
    ImportImageContainer (0x4e97d60)
      RTTI typeinfo:   itk::ImportImageContainer<unsigned long, double>
      Reference Count: 1
      Modified Time: 1186
      Debug: Off
      Object Name: 
      Observers: 
        none
      Pointer: 0x1512c16bf010
      Container manages memory: true
      Size: 8530021
      Capacity: 8530021

     Moving image = Image (0x4e89f60)
  RTTI typeinfo:   itk::Image<double, 3u>
  Reference Count: 2
  Modified Time: 1581
  Debug: Off
  Object Name: 
  Observers: 
    none
  Source: (none)
  Source output name: (none)
  Release Data: Off
  Data Released: False
  Global Release Data: Off
  PipelineMTime: 0
  UpdateMTime: 1578
  RealTimeStamp: 0 seconds 
  LargestPossibleRegion: 
    Dimension: 3
    Index: [0, 0, 0]
    Size: [176, 240, 256]
  BufferedRegion: 
    Dimension: 3
    Index: [0, 0, 0]
    Size: [176, 240, 256]
  RequestedRegion: 
    Dimension: 3
    Index: [0, 0, 0]
    Size: [176, 240, 256]
  Spacing: [0.999999, 1, 1]
  Origin: [93.3499, 86.9368, -128.957]
  Direction: 
-0.999513 -0.0279216 -0.0139567
0.0279189 -0.99961 0.000389866
-0.0139622 2.01492e-08 0.999903

  IndexToPointMatrix: 
-0.999512 -0.0279216 -0.0139567
0.0279189 -0.99961 0.000389866
-0.0139621 2.01492e-08 0.999903

  PointToIndexMatrix: 
-0.999514 0.0279189 -0.0139622
-0.0279216 -0.99961 2.01716e-08
-0.0139567 0.000389866 0.999903

  Inverse Direction: 
-0.999513 0.0279189 -0.0139622
-0.0279216 -0.99961 2.01716e-08
-0.0139567 0.000389866 0.999903

  PixelContainer: 
    ImportImageContainer (0x4e7b6d0)
      RTTI typeinfo:   itk::ImportImageContainer<unsigned long, double>
      Reference Count: 1
      Modified Time: 1575
      Debug: Off
      Object Name: 
      Observers: 
        none
      Pointer: 0x1512bc43e010
      Container manages memory: true
      Size: 10813440
      Capacity: 10813440

     Weighting = 1
     Sampling strategy = regular
     Number of bins = 32
     Radius = 4
     Sampling percentage  = 0.25
   Transform = Rigid
     Gradient step = 0.1
     Update field sigma (voxel space) = 0
     Total field sigma (voxel space) = 0
     Update field time sigma = 0
     Total field time sigma  = 0
     Number of time indices = 0
     Number of time point samples = 0
Registration using 1 total stages.

Stage 0
  iterations = 1000x500x250x100
  convergence threshold = 1e-06
  convergence window size = 10
  number of levels = 4
  using the Mattes MI metric (number of bins = 32, weight = 1, use gradient filter = 0)
  preprocessing:  winsorizing the image intensities
  Shrink factors (level 1 out of 4): [8, 8, 8]
  Shrink factors (level 2 out of 4): [4, 4, 4]
  Shrink factors (level 3 out of 4): [2, 2, 2]
  Shrink factors (level 4 out of 4): [1, 1, 1]
  smoothing sigmas per level: [3, 2, 1, 0]
  regular sampling (percentage = 0.25)

*** Running Euler3DTransform registration ***

DIAGNOSTIC,Iteration,metricValue,convergenceValue,ITERATION_TIME_INDEX,SINCE_LAST
 2DIAGNOSTIC,     1, -4.871187133941e-01, 1.797693134862e+308, 1.3282e+00, 1.3282e+00, 
 2DIAGNOSTIC,     2, -4.887966556740e-01, 1.797693134862e+308, 1.3328e+00, 4.5900e-03, 
 2DIAGNOSTIC,     3, -4.919242839642e-01, 1.797693134862e+308, 1.3374e+00, 4.5500e-03, 
 2DIAGNOSTIC,     4, -5.019092629522e-01, 1.797693134862e+308, 1.3427e+00, 5.3582e-03, 
 2DIAGNOSTIC,     5, -5.198319788477e-01, 1.797693134862e+308, 1.3475e+00, 4.7550e-03, 
 2DIAGNOSTIC,     6, -5.251449584180e-01, 1.797693134862e+308, 1.3517e+00, 4.2219e-03, 
 2DIAGNOSTIC,     7, -5.365118080768e-01, 1.797693134862e+308, 1.3563e+00, 4.5872e-03, 
 2DIAGNOSTIC,     8, -5.564319077261e-01, 1.797693134862e+308, 1.3631e+00, 6.8450e-03, 
 2DIAGNOSTIC,     9, -5.572786469687e-01, 1.797693134862e+308, 1.3676e+00, 4.4110e-03, 
 2DIAGNOSTIC,    10, -5.597886110608e-01, 1.060089541986e-02, 1.3728e+00, 5.2888e-03, 
 2DIAGNOSTIC,    11, -5.645450860914e-01, 9.471656029003e-03, 1.3772e+00, 4.3850e-03, 
 2DIAGNOSTIC,    12, -5.675342641672e-01, 7.901754414630e-03, 1.3825e+00, 5.2621e-03, 
 2DIAGNOSTIC,    13, -5.685174641934e-01, 6.033280802479e-03, 1.3876e+00, 5.0750e-03, 
 2DIAGNOSTIC,    14, -5.693412095342e-01, 4.302087948767e-03, 1.3933e+00, 5.6980e-03, 
 2DIAGNOSTIC,    15, -5.718972801997e-01, 3.155204981948e-03, 1.3983e+00, 5.0240e-03, 
 2DIAGNOSTIC,    16, -5.734788767073e-01, 2.091398053248e-03, 1.4028e+00, 4.4839e-03, 
 2DIAGNOSTIC,    17, -5.737823402464e-01, 1.310029424172e-03, 1.4076e+00, 4.7939e-03, 
 2DIAGNOSTIC,    18, -5.749452616695e-01, 1.114936190116e-03, 1.4122e+00, 4.6821e-03, 
 2DIAGNOSTIC,    19, -5.774392255361e-01, 9.301256922246e-04, 1.4193e+00, 7.0891e-03, 
 2DIAGNOSTIC,    20, -5.782944999835e-01, 7.612328988744e-04, 1.4247e+00, 5.3501e-03, 
 2DIAGNOSTIC,    21, -5.788863756241e-01, 6.687985514273e-04, 1.4295e+00, 4.8370e-03, 
 2DIAGNOSTIC,    22, -5.857337704347e-01, 7.546209662522e-04, 1.4342e+00, 4.6632e-03, 
 2DIAGNOSTIC,    23, -6.028589202669e-01, 1.162232416052e-03, 1.4396e+00, 5.3918e-03, 
 2DIAGNOSTIC,    24, -6.086613811746e-01, 1.554691196450e-03, 1.4457e+00, 6.1741e-03, 
 2DIAGNOSTIC,    25, -6.127624280751e-01, 1.904928764425e-03, 1.4506e+00, 4.8862e-03, 
 2DIAGNOSTIC,    26, -6.171330099991e-01, 2.167612340753e-03, 1.4557e+00, 5.1150e-03, 
 2DIAGNOSTIC,    27, -6.180829726972e-01, 2.226134204873e-03, 1.4602e+00, 4.4138e-03, 
 2DIAGNOSTIC,    28, -6.204355226453e-01, 2.128618099551e-03, 1.4651e+00, 4.9059e-03, 
 2DIAGNOSTIC,    29, -6.216541919380e-01, 1.901236606936e-03, 1.4695e+00, 4.4081e-03, 
 2DIAGNOSTIC,    30, -6.252686855770e-01, 1.589741087739e-03, 1.4746e+00, 5.1322e-03, 
 2DIAGNOSTIC,    31, -6.305776198979e-01, 1.244379337069e-03, 1.4791e+00, 4.5199e-03, 
 2DIAGNOSTIC,    32, -6.437122621468e-01, 1.107463720285e-03, 1.4852e+00, 6.0580e-03, 
 2DIAGNOSTIC,    33, -6.470274305106e-01, 1.176401627983e-03, 1.4899e+00, 4.7131e-03, 
 2DIAGNOSTIC,    34, -6.489227552423e-01, 1.241927687050e-03, 1.4970e+00, 7.1011e-03, 
 2DIAGNOSTIC,    35, -6.509314488548e-01, 1.271911791081e-03, 1.5013e+00, 4.3280e-03, 
 2DIAGNOSTIC,    36, -6.520032907758e-01, 1.251977014382e-03, 1.5056e+00, 4.2529e-03, 
 2DIAGNOSTIC,    37, -6.528672285942e-01, 1.135502583537e-03, 1.5099e+00, 4.3080e-03, 
 2DIAGNOSTIC,    38, -6.532447949534e-01, 9.531197283364e-04, 1.5141e+00, 4.2560e-03, 
 2DIAGNOSTIC,    39, -6.541921568151e-01, 7.193037449691e-04, 1.5210e+00, 6.8898e-03, 
 2DIAGNOSTIC,    40, -6.543526812508e-01, 4.758636843913e-04, 1.5253e+00, 4.2729e-03, 
 2DIAGNOSTIC,    41, -6.543583895779e-01, 2.590883973995e-04, 1.5296e+00, 4.2770e-03, 
 2DIAGNOSTIC,    42, -6.545524616555e-01, 1.812074395751e-04, 1.5344e+00, 4.7650e-03, 
 2DIAGNOSTIC,    43, -6.547243464714e-01, 1.287002543952e-04, 1.5391e+00, 4.7781e-03, 
 2DIAGNOSTIC,    44, -6.549064533335e-01, 8.865670106024e-05, 1.5434e+00, 4.2241e-03, 
 2DIAGNOSTIC,    45, -6.550476901115e-01, 6.477136595242e-05, 1.5476e+00, 4.2050e-03, 
 2DIAGNOSTIC,    46, -6.553642527934e-01, 5.023452225526e-05, 1.5523e+00, 4.7631e-03, 
 2DIAGNOSTIC,    47, -6.558800321204e-01, 4.554695362922e-05, 1.5574e+00, 5.1091e-03, 
 2DIAGNOSTIC,    48, -6.561669852602e-01, 4.297937831980e-05, 1.5627e+00, 5.2860e-03, 
 2DIAGNOSTIC,    49, -6.562683958919e-01, 4.659277919990e-05, 1.5677e+00, 4.9729e-03, 
 2DIAGNOSTIC,    50, -6.562731419074e-01, 4.731150143994e-05, 1.5719e+00, 4.2419e-03, 
 2DIAGNOSTIC,    51, -6.561977160791e-01, 4.286861425289e-05, 1.5766e+00, 4.7150e-03, 
 2DIAGNOSTIC,    52, -6.560470529585e-01, 3.489604017051e-05, 1.5814e+00, 4.7400e-03, 
 2DIAGNOSTIC,    53, -6.560631315518e-01, 2.561904588834e-05, 1.5871e+00, 5.7201e-03, 
 2DIAGNOSTIC,    54, -6.560669192094e-01, 1.595289429938e-05, 1.5918e+00, 4.7109e-03, 
 2DIAGNOSTIC,    55, -6.559847048375e-01, 5.695139578217e-06, 1.5960e+00, 4.2210e-03, 
DIAGNOSTIC,Iteration,metricValue,convergenceValue,ITERATION_TIME_INDEX,SINCE_LAST
 2DIAGNOSTIC,     1, -5.253627125750e-01, 1.797693134862e+308, 2.3825e+00, 7.8648e-01, 
 2DIAGNOSTIC,     2, -5.259794156936e-01, 1.797693134862e+308, 2.4124e+00, 2.9916e-02, 
 2DIAGNOSTIC,     3, -5.267110271179e-01, 1.797693134862e+308, 2.4430e+00, 3.0557e-02, 
 2DIAGNOSTIC,     4, -5.275080936519e-01, 1.797693134862e+308, 2.4729e+00, 2.9887e-02, 
 2DIAGNOSTIC,     5, -5.280111164830e-01, 1.797693134862e+308, 2.5013e+00, 2.8454e-02, 
 2DIAGNOSTIC,     6, -5.283217173456e-01, 1.797693134862e+308, 2.5320e+00, 3.0659e-02, 
 2DIAGNOSTIC,     7, -5.296032990666e-01, 1.797693134862e+308, 2.5664e+00, 3.4434e-02, 
 2DIAGNOSTIC,     8, -5.315604482430e-01, 1.797693134862e+308, 2.6096e+00, 4.3191e-02, 
 2DIAGNOSTIC,     9, -5.328354673409e-01, 1.797693134862e+308, 2.6385e+00, 2.8899e-02, 
 2DIAGNOSTIC,    10, -5.333741519612e-01, 9.937687039666e-04, 2.6724e+00, 3.3857e-02, 
 2DIAGNOSTIC,    11, -5.338361779913e-01, 9.442349166417e-04, 2.7052e+00, 3.2803e-02, 
 2DIAGNOSTIC,    12, -5.339321765880e-01, 8.496666628773e-04, 2.7375e+00, 3.2372e-02, 
 2DIAGNOSTIC,    13, -5.342541434708e-01, 7.349787299974e-04, 2.7819e+00, 4.4399e-02, 
 2DIAGNOSTIC,    14, -5.342716230740e-01, 6.006621166860e-04, 2.8192e+00, 3.7286e-02, 
 2DIAGNOSTIC,    15, -5.342760356872e-01, 4.488852265283e-04, 2.8586e+00, 3.9380e-02, 
 2DIAGNOSTIC,    16, -5.342721809750e-01, 2.856086196625e-04, 2.8876e+00, 2.9008e-02, 
 2DIAGNOSTIC,    17, -5.342546858849e-01, 1.542140815129e-04, 2.9203e+00, 3.2691e-02, 
 2DIAGNOSTIC,    18, -5.342534211559e-01, 8.073603224715e-05, 2.9559e+00, 3.5630e-02, 
 2DIAGNOSTIC,    19, -5.342478248957e-01, 4.316782916716e-05, 2.9888e+00, 3.2866e-02, 
 2DIAGNOSTIC,    20, -5.342418033470e-01, 1.957168528821e-05, 3.0174e+00, 2.8576e-02, 
 2DIAGNOSTIC,    21, -5.342364309011e-01, 8.224717417453e-06, 3.0534e+00, 3.6039e-02, 
DIAGNOSTIC,Iteration,metricValue,convergenceValue,ITERATION_TIME_INDEX,SINCE_LAST
 2DIAGNOSTIC,     1, -4.722674680212e-01, 1.797693134862e+308, 4.1077e+00, 1.0543e+00, 
 2DIAGNOSTIC,     2, -4.724048635847e-01, 1.797693134862e+308, 4.3583e+00, 2.5064e-01, 
 2DIAGNOSTIC,     3, -4.725597039854e-01, 1.797693134862e+308, 4.6069e+00, 2.4857e-01, 
 2DIAGNOSTIC,     4, -4.728572672020e-01, 1.797693134862e+308, 4.8560e+00, 2.4915e-01, 
 2DIAGNOSTIC,     5, -4.732638104306e-01, 1.797693134862e+308, 5.1120e+00, 2.5596e-01, 
 2DIAGNOSTIC,     6, -4.737803503097e-01, 1.797693134862e+308, 5.3590e+00, 2.4697e-01, 
 2DIAGNOSTIC,     7, -4.754256918134e-01, 1.797693134862e+308, 5.6408e+00, 2.8182e-01, 
 2DIAGNOSTIC,     8, -4.776973314806e-01, 1.797693134862e+308, 6.0088e+00, 3.6799e-01, 
 2DIAGNOSTIC,     9, -4.781437518525e-01, 1.797693134862e+308, 6.2373e+00, 2.2848e-01, 
 2DIAGNOSTIC,    10, -4.782244898734e-01, 9.529555778535e-04, 6.4884e+00, 2.5110e-01, 
 2DIAGNOSTIC,    11, -4.782712988789e-01, 9.204651062955e-04, 6.7247e+00, 2.3629e-01, 
 2DIAGNOSTIC,    12, -4.784031589811e-01, 8.233246258452e-04, 6.9935e+00, 2.6885e-01, 
 2DIAGNOSTIC,    13, -4.786303386037e-01, 6.827077351784e-04, 7.4369e+00, 4.4338e-01, 
 2DIAGNOSTIC,    14, -4.786249792663e-01, 5.130501826082e-04, 7.7524e+00, 3.1551e-01, 
 2DIAGNOSTIC,    15, -4.786421376607e-01, 3.381442279239e-04, 8.0320e+00, 2.7962e-01, 
 2DIAGNOSTIC,    16, -4.786590405244e-01, 1.739083250700e-04, 8.2986e+00, 2.6658e-01, 
 2DIAGNOSTIC,    17, -4.787575684850e-01, 7.230493818398e-05, 8.7884e+00, 4.8978e-01, 
 2DIAGNOSTIC,    18, -4.787568675307e-01, 5.022053630594e-05, 9.0853e+00, 2.9693e-01, 
 2DIAGNOSTIC,    19, -4.787557524507e-01, 3.999485871793e-05, 9.3886e+00, 3.0328e-01, 
 2DIAGNOSTIC,    20, -4.787526486905e-01, 2.970798819796e-05, 9.6949e+00, 3.0630e-01, 
 2DIAGNOSTIC,    21, -4.787486810682e-01, 1.895227291482e-05, 9.9711e+00, 2.7619e-01, 
 2DIAGNOSTIC,    22, -4.787451415877e-01, 1.081179914055e-05, 1.0242e+01, 2.7118e-01, 
 2DIAGNOSTIC,    23, -4.787454029325e-01, 8.406688807562e-06, 1.0574e+01, 3.3214e-01, 
 2DIAGNOSTIC,    24, -4.787449147682e-01, 5.430490322783e-06, 1.0879e+01, 3.0505e-01, 
 2DIAGNOSTIC,    25, -4.787450992467e-01, 2.738765610001e-06, 1.1200e+01, 3.2052e-01, 
DIAGNOSTIC,Iteration,metricValue,convergenceValue,ITERATION_TIME_INDEX,SINCE_LAST
 2DIAGNOSTIC,     1, -4.451354858612e-01, 1.797693134862e+308, 1.3760e+01, 2.5600e+00, 
 2DIAGNOSTIC,     2, -4.451679134373e-01, 1.797693134862e+308, 1.5179e+01, 1.4193e+00, 
 2DIAGNOSTIC,     3, -4.452161892482e-01, 1.797693134862e+308, 1.6866e+01, 1.6868e+00, 
 2DIAGNOSTIC,     4, -4.452287395613e-01, 1.797693134862e+308, 1.8728e+01, 1.8620e+00, 
 2DIAGNOSTIC,     5, -4.452320519077e-01, 1.797693134862e+308, 2.0246e+01, 1.5182e+00, 
 2DIAGNOSTIC,     6, -4.452359901543e-01, 1.797693134862e+308, 2.1757e+01, 1.5102e+00, 
 2DIAGNOSTIC,     7, -4.452400257613e-01, 1.797693134862e+308, 2.3438e+01, 1.6817e+00, 
 2DIAGNOSTIC,     8, -4.452400287480e-01, 1.797693134862e+308, 2.4983e+01, 1.5451e+00, 
 2DIAGNOSTIC,     9, -4.452389522877e-01, 1.797693134862e+308, 2.6672e+01, 1.6885e+00, 
 2DIAGNOSTIC,    10, -4.452393097841e-01, 1.521666334019e-05, 2.8861e+01, 2.1894e+00, 
 2DIAGNOSTIC,    11, -4.452393135620e-01, 8.878489854439e-06, 3.0639e+01, 1.7772e+00, 
 2DIAGNOSTIC,    12, -4.452392750644e-01, 4.715083252449e-06, 3.2349e+01, 1.7104e+00, 
 2DIAGNOSTIC,    13, -4.452391483035e-01, 3.357412557747e-06, 3.3901e+01, 1.5517e+00, 
 2DIAGNOSTIC,    14, -4.452391310419e-01, 2.684225442598e-06, 3.5555e+01, 1.6546e+00, 
 2DIAGNOSTIC,    15, -4.452390175564e-01, 2.196429906884e-06, 3.7270e+01, 1.7143e+00, 
 2DIAGNOSTIC,    16, -4.452387939420e-01, 1.905543384514e-06, 3.8667e+01, 1.3976e+00, 
 2DIAGNOSTIC,    17, -4.452388609610e-01, 1.810489364248e-06, 4.0239e+01, 1.5720e+00, 
 2DIAGNOSTIC,    18, -4.452390072774e-01, 1.738006713034e-06, 4.1936e+01, 1.6969e+00, 
 2DIAGNOSTIC,    19, -4.452389428087e-01, 1.636973468701e-06, 4.3624e+01, 1.6876e+00, 
 2DIAGNOSTIC,    20, -4.452388780010e-01, 1.559005266522e-06, 4.5160e+01, 1.5367e+00, 
 2DIAGNOSTIC,    21, -4.452388051040e-01, 1.489502678115e-06, 4.6681e+01, 1.5211e+00, 
 2DIAGNOSTIC,    22, -4.452387350627e-01, 1.425559401740e-06, 4.8248e+01, 1.5670e+00, 
 2DIAGNOSTIC,    23, -4.452385807582e-01, 1.361090248883e-06, 4.9620e+01, 1.3711e+00, 
 2DIAGNOSTIC,    24, -4.452386168274e-01, 1.304682072226e-06, 5.1147e+01, 1.5273e+00, 
 2DIAGNOSTIC,    25, -4.452384843062e-01, 1.248637964774e-06, 5.2707e+01, 1.5605e+00, 
 2DIAGNOSTIC,    26, -4.452385121501e-01, 1.194390216980e-06, 5.4401e+01, 1.6940e+00, 
 2DIAGNOSTIC,    27, -4.452385452150e-01, 1.149130042379e-06, 5.5915e+01, 1.5137e+00, 
 2DIAGNOSTIC,    28, -4.452385126839e-01, 1.112431876511e-06, 5.7467e+01, 1.5517e+00, 
 2DIAGNOSTIC,    29, -4.452385673773e-01, 1.080329532756e-06, 5.9026e+01, 1.5595e+00, 
 2DIAGNOSTIC,    30, -4.452385146936e-01, 1.049420568743e-06, 6.0577e+01, 1.5503e+00, 
 2DIAGNOSTIC,    31, -4.452383016477e-01, 1.015699076727e-06, 6.2136e+01, 1.5599e+00, 
  Elapsed time (stage 0): 6.3084e+01


Total elapsed time: 6.3086e+01
Info [verificarlo]: loaded backend libinterflop_ieee.so
Info [interflop-ieee]: load backend with:
Info [interflop-ieee]: debug = false
Info [interflop-ieee]: debug-binary = false
Info [interflop-ieee]: no-backend-name = false
Info [interflop-ieee]: print-new-line = false
Info [interflop-ieee]: print-subnormal-normalized = false
Info [interflop-ieee]: count-op = false
All_Command_lines_OK
Using double precision for computations.
=============================================================================
The composite transform comprises the following transforms (in order): 
  1. /home/mdugre/scratch/mri-registration-rp/datasets/ds004513/derivatives/mri-registration-rp/0001/antsRegistration-r8-p18/sub-s003/rigid_Composite.h5[0] (type = Euler3DTransform)
  2. /home/mdugre/scratch/mri-registration-rp/datasets/ds004513/derivatives/mri-registration-rp/0001/antsRegistration-r8-p18/sub-s003/rigid_Composite.h5[1] (type = Euler3DTransform)
  3. /home/mdugre/scratch/mri-registration-rp/datasets/ds004513/derivatives/mri-registration-rp/0001/antsRegistration-r8-p18/sub-s003/rigid_Composite.h5[2] (type = Euler3DTransform)
=============================================================================
  number of levels = 4
  fixed image: /templateflow/tpl-MNI152NLin2009cAsym/tpl-MNI152NLin2009cAsym_res-01_desc-brain_T1w.nii.gz
  moving image: /home/mdugre/scratch/mri-registration-rp/datasets/ds004513/derivatives/mri-registration-rp/antsBrainExtraction/sub-s003/BrainExtractionBrain.nii.gz
Dimension = 3
Number of stages = 1
Use histogram matching = false
Winsorize image intensities = true
  Lower quantile = 0.005
  Upper quantile = 0.995


Stage 1 State
   Image metric = MattesMI
     Fixed image = Image (0x346d7e0)
  RTTI typeinfo:   itk::Image<double, 3u>
  Reference Count: 2
  Modified Time: 1594
  Debug: Off
  Object Name: 
  Observers: 
    none
  Source: (none)
  Source output name: (none)
  Release Data: Off
  Data Released: False
  Global Release Data: Off
  PipelineMTime: 0
  UpdateMTime: 1203
  RealTimeStamp: 0 seconds 
  LargestPossibleRegion: 
    Dimension: 3
    Index: [0, 0, 0]
    Size: [193, 229, 193]
  BufferedRegion: 
    Dimension: 3
    Index: [0, 0, 0]
    Size: [193, 229, 193]
  RequestedRegion: 
    Dimension: 3
    Index: [0, 0, 0]
    Size: [193, 229, 193]
  Spacing: [1, 1, 1]
  Origin: [96, 132, -78]
  Direction: 
-1 0 0
0 -1 0
0 0 1

  IndexToPointMatrix: 
-1 0 0
0 -1 0
0 0 1

  PointToIndexMatrix: 
-1 0 0
0 -1 0
0 0 1

  Inverse Direction: 
-1 0 0
0 -1 0
0 0 1

  PixelContainer: 
    ImportImageContainer (0x352da20)
      RTTI typeinfo:   itk::ImportImageContainer<unsigned long, double>
      Reference Count: 1
      Modified Time: 1200
      Debug: Off
      Object Name: 
      Observers: 
        none
      Pointer: 0x14ba35fb2010
      Container manages memory: true
      Size: 8530021
      Capacity: 8530021

     Moving image = Image (0x3528d70)
  RTTI typeinfo:   itk::Image<double, 3u>
  Reference Count: 2
  Modified Time: 1595
  Debug: Off
  Object Name: 
  Observers: 
    none
  Source: (none)
  Source output name: (none)
  Release Data: Off
  Data Released: False
  Global Release Data: Off
  PipelineMTime: 0
  UpdateMTime: 1592
  RealTimeStamp: 0 seconds 
  LargestPossibleRegion: 
    Dimension: 3
    Index: [0, 0, 0]
    Size: [176, 240, 256]
  BufferedRegion: 
    Dimension: 3
    Index: [0, 0, 0]
    Size: [176, 240, 256]
  RequestedRegion: 
    Dimension: 3
    Index: [0, 0, 0]
    Size: [176, 240, 256]
  Spacing: [0.999999, 1, 1]
  Origin: [93.3499, 86.9368, -128.957]
  Direction: 
-0.999513 -0.0279216 -0.0139567
0.0279189 -0.99961 0.000389866
-0.0139622 2.01492e-08 0.999903

  IndexToPointMatrix: 
-0.999512 -0.0279216 -0.0139567
0.0279189 -0.99961 0.000389866
-0.0139621 2.01492e-08 0.999903

  PointToIndexMatrix: 
-0.999514 0.0279189 -0.0139622
-0.0279216 -0.99961 2.01716e-08
-0.0139567 0.000389866 0.999903

  Inverse Direction: 
-0.999513 0.0279189 -0.0139622
-0.0279216 -0.99961 2.01716e-08
-0.0139567 0.000389866 0.999903

  PixelContainer: 
    ImportImageContainer (0x34e0c90)
      RTTI typeinfo:   itk::ImportImageContainer<unsigned long, double>
      Reference Count: 1
      Modified Time: 1589
      Debug: Off
      Object Name: 
      Observers: 
        none
      Pointer: 0x14ba30d31010
      Container manages memory: true
      Size: 10813440
      Capacity: 10813440

     Weighting = 1
     Sampling strategy = regular
     Number of bins = 32
     Radius = 4
     Sampling percentage  = 0.25
   Transform = Affine
     Gradient step = 0.1
     Update field sigma (voxel space) = 0
     Total field sigma (voxel space) = 0
     Update field time sigma = 0
     Total field time sigma  = 0
     Number of time indices = 0
     Number of time point samples = 0
Registration using 1 total stages.

Stage 0
  iterations = 1000x500x250x100
  convergence threshold = 1e-06
  convergence window size = 10
  number of levels = 4
  using the Mattes MI metric (number of bins = 32, weight = 1, use gradient filter = 0)
  preprocessing:  winsorizing the image intensities
  Shrink factors (level 1 out of 4): [8, 8, 8]
  Shrink factors (level 2 out of 4): [4, 4, 4]
  Shrink factors (level 3 out of 4): [2, 2, 2]
  Shrink factors (level 4 out of 4): [1, 1, 1]
  smoothing sigmas per level: [3, 2, 1, 0]
  regular sampling (percentage = 0.25)

*** Running AffineTransform registration ***

DIAGNOSTIC,Iteration,metricValue,convergenceValue,ITERATION_TIME_INDEX,SINCE_LAST
 2DIAGNOSTIC,     1, -6.580929934081e-01, 1.797693134862e+308, 1.2707e+00, 1.2707e+00, 
 2DIAGNOSTIC,     2, -6.608128831479e-01, 1.797693134862e+308, 1.2775e+00, 6.8309e-03, 
 2DIAGNOSTIC,     3, -6.651387704361e-01, 1.797693134862e+308, 1.2940e+00, 1.6471e-02, 
 2DIAGNOSTIC,     4, -6.712788384017e-01, 1.797693134862e+308, 1.3031e+00, 9.0599e-03, 
 2DIAGNOSTIC,     5, -6.797669873923e-01, 1.797693134862e+308, 1.3097e+00, 6.6071e-03, 
 2DIAGNOSTIC,     6, -6.908783587166e-01, 1.797693134862e+308, 1.3167e+00, 7.0300e-03, 
 2DIAGNOSTIC,     7, -7.114756086124e-01, 1.797693134862e+308, 1.3269e+00, 1.0200e-02, 
 2DIAGNOSTIC,     8, -7.189231742035e-01, 1.797693134862e+308, 1.3380e+00, 1.1047e-02, 
 2DIAGNOSTIC,     9, -7.189675771471e-01, 1.797693134862e+308, 1.3439e+00, 5.9330e-03, 
 2DIAGNOSTIC,    10, -7.191023033416e-01, 7.018458080461e-03, 1.3505e+00, 6.6149e-03, 
 2DIAGNOSTIC,    11, -7.193773652015e-01, 6.008046182679e-03, 1.3567e+00, 6.1600e-03, 
 2DIAGNOSTIC,    12, -7.195081593822e-01, 4.721156939720e-03, 1.3627e+00, 5.9860e-03, 
 2DIAGNOSTIC,    13, -7.199875055569e-01, 3.361708082283e-03, 1.3695e+00, 6.8011e-03, 
 2DIAGNOSTIC,    14, -7.204504112639e-01, 2.095614229806e-03, 1.3768e+00, 7.3800e-03, 
 2DIAGNOSTIC,    15, -7.207335755260e-01, 1.051331940758e-03, 1.3836e+00, 6.7689e-03, 
 2DIAGNOSTIC,    16, -7.206880893629e-01, 3.129833941450e-04, 1.3902e+00, 6.5689e-03, 
 2DIAGNOSTIC,    17, -7.207755048985e-01, 1.229013766394e-04, 1.3970e+00, 6.8150e-03, 
 2DIAGNOSTIC,    18, -7.207394199018e-01, 1.096484232227e-04, 1.4037e+00, 6.7189e-03, 
 2DIAGNOSTIC,    19, -7.205764266365e-01, 8.516082737232e-05, 1.4101e+00, 6.3920e-03, 
 2DIAGNOSTIC,    20, -7.207332589352e-01, 6.132462894320e-05, 1.4168e+00, 6.6760e-03, 
 2DIAGNOSTIC,    21, -7.207530973718e-01, 3.994425037540e-05, 1.4235e+00, 6.7198e-03, 
 2DIAGNOSTIC,    22, -7.203777830524e-01, 1.238336522397e-05, 1.4295e+00, 6.0060e-03, 
DIAGNOSTIC,Iteration,metricValue,convergenceValue,ITERATION_TIME_INDEX,SINCE_LAST
 2DIAGNOSTIC,     1, -5.935251381887e-01, 1.797693134862e+308, 2.2685e+00, 8.3902e-01, 
 2DIAGNOSTIC,     2, -5.935813313057e-01, 1.797693134862e+308, 2.3033e+00, 3.4818e-02, 
 2DIAGNOSTIC,     3, -5.937234025484e-01, 1.797693134862e+308, 2.3393e+00, 3.5958e-02, 
 2DIAGNOSTIC,     4, -5.941423469523e-01, 1.797693134862e+308, 2.3751e+00, 3.5793e-02, 
 2DIAGNOSTIC,     5, -5.945388574379e-01, 1.797693134862e+308, 2.4123e+00, 3.7232e-02, 
 2DIAGNOSTIC,     6, -5.953645816380e-01, 1.797693134862e+308, 2.4460e+00, 3.3661e-02, 
 2DIAGNOSTIC,     7, -5.979791223272e-01, 1.797693134862e+308, 2.4863e+00, 4.0337e-02, 
 2DIAGNOSTIC,     8, -6.008052459006e-01, 1.797693134862e+308, 2.5319e+00, 4.5550e-02, 
 2DIAGNOSTIC,     9, -6.010478804307e-01, 1.797693134862e+308, 2.5663e+00, 3.4406e-02, 
 2DIAGNOSTIC,    10, -6.012273838373e-01, 1.009557625546e-03, 2.6002e+00, 3.3956e-02, 
 2DIAGNOSTIC,    11, -6.014396136481e-01, 9.817828401726e-04, 2.6436e+00, 4.3334e-02, 
 2DIAGNOSTIC,    12, -6.014837221391e-01, 8.729276861614e-04, 2.6784e+00, 3.4805e-02, 
 2DIAGNOSTIC,    13, -6.015464556487e-01, 7.081209410820e-04, 2.7133e+00, 3.4901e-02, 
 2DIAGNOSTIC,    14, -6.017607450657e-01, 5.253679615991e-04, 2.7477e+00, 3.4433e-02, 
 2DIAGNOSTIC,    15, -6.021657575892e-01, 3.461696302600e-04, 2.8073e+00, 5.9599e-02, 
 2DIAGNOSTIC,    16, -6.021999323533e-01, 1.820258681212e-04, 2.8611e+00, 5.3814e-02, 
 2DIAGNOSTIC,    17, -6.022091878252e-01, 9.205549503463e-05, 2.9239e+00, 6.2795e-02, 
 2DIAGNOSTIC,    18, -6.022089867187e-01, 7.839569470599e-05, 2.9688e+00, 4.4849e-02, 
 2DIAGNOSTIC,    19, -6.021989032348e-01, 6.472543297106e-05, 3.0153e+00, 4.6497e-02, 
 2DIAGNOSTIC,    20, -6.022009624749e-01, 5.059637756390e-05, 3.0590e+00, 4.3723e-02, 
 2DIAGNOSTIC,    21, -6.021970212795e-01, 3.797374957901e-05, 3.1035e+00, 4.4472e-02, 
 2DIAGNOSTIC,    22, -6.021777554289e-01, 2.378888740504e-05, 3.1552e+00, 5.1726e-02, 
 2DIAGNOSTIC,    23, -6.021718092405e-01, 9.920141006446e-06, 3.1962e+00, 4.1043e-02, 
DIAGNOSTIC,Iteration,metricValue,convergenceValue,ITERATION_TIME_INDEX,SINCE_LAST
 2DIAGNOSTIC,     1, -5.268181344257e-01, 1.797693134862e+308, 4.5202e+00, 1.3239e+00, 
 2DIAGNOSTIC,     2, -5.270587867728e-01, 1.797693134862e+308, 4.7996e+00, 2.7949e-01, 
 2DIAGNOSTIC,     3, -5.272839823425e-01, 1.797693134862e+308, 5.1959e+00, 3.9631e-01, 
 2DIAGNOSTIC,     4, -5.275356376317e-01, 1.797693134862e+308, 5.5302e+00, 3.3424e-01, 
 2DIAGNOSTIC,     5, -5.278951028690e-01, 1.797693134862e+308, 5.8179e+00, 2.8775e-01, 
 2DIAGNOSTIC,     6, -5.284631487022e-01, 1.797693134862e+308, 6.1204e+00, 3.0243e-01, 
 2DIAGNOSTIC,     7, -5.302197569963e-01, 1.797693134862e+308, 6.5173e+00, 3.9692e-01, 
 2DIAGNOSTIC,     8, -5.302405517994e-01, 1.797693134862e+308, 6.8641e+00, 3.4683e-01, 
 2DIAGNOSTIC,     9, -5.303066981121e-01, 1.797693134862e+308, 7.1955e+00, 3.3139e-01, 
 2DIAGNOSTIC,    10, -5.304056240864e-01, 5.326291157486e-04, 7.5665e+00, 3.7102e-01, 
 2DIAGNOSTIC,    11, -5.305437922090e-01, 4.691661944159e-04, 7.8626e+00, 2.9610e-01, 
 2DIAGNOSTIC,    12, -5.309091181994e-01, 4.002349149188e-04, 8.1474e+00, 2.8473e-01, 
 2DIAGNOSTIC,    13, -5.324546535909e-01, 3.788019827009e-04, 8.5660e+00, 4.1866e-01, 
 2DIAGNOSTIC,    14, -5.328662987590e-01, 3.511582681748e-04, 8.9822e+00, 4.1614e-01, 
 2DIAGNOSTIC,    15, -5.328742755031e-01, 3.090854724262e-04, 9.3006e+00, 3.1841e-01, 
 2DIAGNOSTIC,    16, -5.329150305730e-01, 2.637912142256e-04, 9.5915e+00, 2.9094e-01, 
 2DIAGNOSTIC,    17, -5.329771950351e-01, 2.569602184031e-04, 9.8748e+00, 2.8325e-01, 
 2DIAGNOSTIC,    18, -5.330813431953e-01, 2.302009650974e-04, 1.0207e+01, 3.3210e-01, 
 2DIAGNOSTIC,    19, -5.331010687523e-01, 1.872627303190e-04, 1.0480e+01, 2.7299e-01, 
 2DIAGNOSTIC,    20, -5.331344613867e-01, 1.356254733998e-04, 1.0765e+01, 2.8498e-01, 
 2DIAGNOSTIC,    21, -5.332339605108e-01, 8.288648108213e-05, 1.1078e+01, 3.1313e-01, 
 2DIAGNOSTIC,    22, -5.332896639417e-01, 3.657023198603e-05, 1.1450e+01, 3.7180e-01, 
 2DIAGNOSTIC,    23, -5.332808340716e-01, 2.647995425439e-05, 1.1763e+01, 3.1293e-01, 
 2DIAGNOSTIC,    24, -5.332773835953e-01, 2.405208740142e-05, 1.2217e+01, 4.5430e-01, 
 2DIAGNOSTIC,    25, -5.332774403447e-01, 1.988299871617e-05, 1.2524e+01, 3.0693e-01, 
 2DIAGNOSTIC,    26, -5.332744801185e-01, 1.501453247602e-05, 1.2907e+01, 3.8288e-01, 
 2DIAGNOSTIC,    27, -5.332717376940e-01, 1.031860678703e-05, 1.3232e+01, 3.2516e-01, 
 2DIAGNOSTIC,    28, -5.332690413349e-01, 7.063643733034e-06, 1.3563e+01, 3.3060e-01, 
 2DIAGNOSTIC,    29, -5.332685500309e-01, 3.852156186049e-06, 1.3841e+01, 2.7869e-01, 
 2DIAGNOSTIC,    30, -5.332684186983e-01, 1.146102639731e-06, 1.4190e+01, 3.4890e-01, 
DIAGNOSTIC,Iteration,metricValue,convergenceValue,ITERATION_TIME_INDEX,SINCE_LAST
 2DIAGNOSTIC,     1, -4.904971399579e-01, 1.797693134862e+308, 1.7143e+01, 2.9530e+00, 
 2DIAGNOSTIC,     2, -4.906189030905e-01, 1.797693134862e+308, 1.8812e+01, 1.6684e+00, 
 2DIAGNOSTIC,     3, -4.906961679714e-01, 1.797693134862e+308, 2.0652e+01, 1.8404e+00, 
 2DIAGNOSTIC,     4, -4.907451673942e-01, 1.797693134862e+308, 2.3613e+01, 2.9612e+00, 
 2DIAGNOSTIC,     5, -4.907453596887e-01, 1.797693134862e+308, 2.6207e+01, 2.5941e+00, 
 2DIAGNOSTIC,     6, -4.907453063065e-01, 1.797693134862e+308, 2.7893e+01, 1.6855e+00, 
 2DIAGNOSTIC,     7, -4.907450707124e-01, 1.797693134862e+308, 2.9751e+01, 1.8580e+00, 
 2DIAGNOSTIC,     8, -4.907450298207e-01, 1.797693134862e+308, 3.1804e+01, 2.0533e+00, 
 2DIAGNOSTIC,     9, -4.907449749001e-01, 1.797693134862e+308, 3.3762e+01, 1.9582e+00, 
 2DIAGNOSTIC,    10, -4.907451660772e-01, 2.590942633794e-05, 3.5655e+01, 1.8928e+00, 
 2DIAGNOSTIC,    11, -4.907449905270e-01, 1.176724581534e-05, 3.7510e+01, 1.8553e+00, 
 2DIAGNOSTIC,    12, -4.907449094288e-01, 4.981723454825e-06, 3.9195e+01, 1.6849e+00, 
 2DIAGNOSTIC,    13, -4.907447338945e-01, 2.401941331748e-06, 4.1125e+01, 1.9299e+00, 
 2DIAGNOSTIC,    14, -4.907446725086e-01, 2.219026398090e-06, 4.3202e+01, 2.0772e+00, 
 2DIAGNOSTIC,    15, -4.907448106503e-01, 2.077889100754e-06, 4.5667e+01, 2.4643e+00, 
 2DIAGNOSTIC,    16, -4.907445970575e-01, 1.948677831862e-06, 4.7700e+01, 2.0334e+00, 
 2DIAGNOSTIC,    17, -4.907443846900e-01, 1.823494261664e-06, 4.9577e+01, 1.8766e+00, 
 2DIAGNOSTIC,    18, -4.907442843755e-01, 1.712420757201e-06, 5.1455e+01, 1.8782e+00, 
 2DIAGNOSTIC,    19, -4.907441883667e-01, 1.613191903331e-06, 5.3467e+01, 2.0117e+00, 
 2DIAGNOSTIC,    20, -4.907441002221e-01, 1.532488119800e-06, 5.5723e+01, 2.2563e+00, 
 2DIAGNOSTIC,    21, -4.907439954474e-01, 1.457227526841e-06, 5.7385e+01, 1.6617e+00, 
 2DIAGNOSTIC,    22, -4.907438916261e-01, 1.389625732102e-06, 5.9292e+01, 1.9073e+00, 
 2DIAGNOSTIC,    23, -4.907437880541e-01, 1.326222451851e-06, 6.0996e+01, 1.7044e+00, 
 2DIAGNOSTIC,    24, -4.907436888669e-01, 1.269373789275e-06, 6.2995e+01, 1.9990e+00, 
 2DIAGNOSTIC,    25, -4.907435862601e-01, 1.223257255649e-06, 6.4878e+01, 1.8830e+00, 
 2DIAGNOSTIC,    26, -4.907433766363e-01, 1.176017235552e-06, 6.6803e+01, 1.9244e+00, 
 2DIAGNOSTIC,    27, -4.907432736977e-01, 1.130113259827e-06, 6.8519e+01, 1.7160e+00, 
 2DIAGNOSTIC,    28, -4.907431758852e-01, 1.087949606758e-06, 7.0375e+01, 1.8562e+00, 
 2DIAGNOSTIC,    29, -4.907428631805e-01, 1.045082475108e-06, 7.2244e+01, 1.8688e+00, 
 2DIAGNOSTIC,    30, -4.907428793108e-01, 1.008759352397e-06, 7.4180e+01, 1.9366e+00, 
  Elapsed time (stage 0): 7.5329e+01


Total elapsed time: 7.5332e+01
Info [verificarlo]: loaded backend libinterflop_vprec.so
Info [interflop-vprec]: load backend with: 
Info [interflop-vprec]: precision-binary32 = 18
Info [interflop-vprec]: range-binary32 = 8
Info [interflop-vprec]: precision-binary64 = 18
Info [interflop-vprec]: range-binary64 = 8
Info [interflop-vprec]: mode = ob
Info [interflop-vprec]: error-mode = rel
Info [interflop-vprec]: max-abs-error-exponent = -1022
Info [interflop-vprec]: daz = false
Info [interflop-vprec]: ftz = false
Info [interflop-vprec]: 	instrument = none
Info [interflop-vprec]: 	prec-input-file = (null)
Info [interflop-vprec]: 	prec-output-file = (null)
Info [interflop-vprec]: 	prec-log-file = (null)
All_Command_lines_OK
Using double precision for computations.
=============================================================================
The composite transform comprises the following transforms (in order): 
  1. /home/mdugre/scratch/mri-registration-rp/datasets/ds004513/derivatives/mri-registration-rp/0001/antsRegistration-r8-p18/sub-s003/affine_Composite.h5[0] (type = Euler3DTransform)
  2. /home/mdugre/scratch/mri-registration-rp/datasets/ds004513/derivatives/mri-registration-rp/0001/antsRegistration-r8-p18/sub-s003/affine_Composite.h5[1] (type = Euler3DTransform)
  3. /home/mdugre/scratch/mri-registration-rp/datasets/ds004513/derivatives/mri-registration-rp/0001/antsRegistration-r8-p18/sub-s003/affine_Composite.h5[2] (type = Euler3DTransform)
  4. /home/mdugre/scratch/mri-registration-rp/datasets/ds004513/derivatives/mri-registration-rp/0001/antsRegistration-r8-p18/sub-s003/affine_Composite.h5[3] (type = AffineTransform)
=============================================================================
  number of levels = 4
  fixed image: /templateflow/tpl-MNI152NLin2009cAsym/tpl-MNI152NLin2009cAsym_res-01_desc-brain_T1w.nii.gz
