
##########################
# Experiment information #
##########################

EXPERIMENT_NAME: antsRegistration-r7-p22
VFC_BACKENDS: libinterflop_vprec.so --range-binary32=7 --precision-binary32=22 --range-binary64=7 --precision-binary64=22

SIF_IMG: /home/mdugre/projects/rrg-glatard/mdugre/containers/ants-vprec-no_metrics.simg

SUBJECT_ID: s025
INPUT_IMG: /home/mdugre/scratch/mri-registration-rp/datasets/ds004513/derivatives/mri-registration-rp/antsBrainExtraction/sub-s025/BrainExtractionBrain.nii.gz
OUTPUT_DIR: /home/mdugre/scratch/mri-registration-rp/datasets/ds004513/derivatives/mri-registration-rp/0001/antsRegistration-r7-p22/sub-s025

FIXED_IMG: /templateflow/tpl-MNI152NLin2009cAsym/tpl-MNI152NLin2009cAsym_res-01_desc-brain_T1w.nii.gz
DATA_DIR: /home/mdugre/scratch/mri-registration-rp/datasets/ds004513
TEMPLATEFLOW_DIR: /home/mdugre/projects/rrg-glatard/mdugre/templateflow
ITK_GLOBAL_DEFAULT_NUMBER_OF_THREADS: 16
##########################

Info [verificarlo]: loaded backend libinterflop_ieee.so
Info [interflop-ieee]: load backend with:
Info [interflop-ieee]: debug = false
Info [interflop-ieee]: debug-binary = false
Info [interflop-ieee]: no-backend-name = false
Info [interflop-ieee]: print-new-line = false
Info [interflop-ieee]: print-subnormal-normalized = false
Info [interflop-ieee]: count-op = false
All_Command_lines_OK
Using double precision for computations.
=============================================================================
The composite transform comprises the following transforms (in order): 
  1. Center of mass alignment using fixed image: /templateflow/tpl-MNI152NLin2009cAsym/tpl-MNI152NLin2009cAsym_res-01_desc-brain_T1w.nii.gz and moving image: /home/mdugre/scratch/mri-registration-rp/datasets/ds004513/derivatives/mri-registration-rp/antsBrainExtraction/sub-s025/BrainExtractionBrain.nii.gz (type = Euler3DTransform)
=============================================================================
  number of levels = 1
  fixed image: /templateflow/tpl-MNI152NLin2009cAsym/tpl-MNI152NLin2009cAsym_res-01_desc-brain_T1w.nii.gz
  moving image: /home/mdugre/scratch/mri-registration-rp/datasets/ds004513/derivatives/mri-registration-rp/antsBrainExtraction/sub-s025/BrainExtractionBrain.nii.gz
Dimension = 3
Number of stages = 1
Use histogram matching = false
Winsorize image intensities = true
  Lower quantile = 0.005
  Upper quantile = 0.995


Stage 1 State
   Image metric = MattesMI
     Fixed image = Image (0x37b7e70)
  RTTI typeinfo:   itk::Image<double, 3u>
  Reference Count: 2
  Modified Time: 2334
  Debug: Off
  Object Name: 
  Observers: 
    none
  Source: (none)
  Source output name: (none)
  Release Data: Off
  Data Released: False
  Global Release Data: Off
  PipelineMTime: 0
  UpdateMTime: 1943
  RealTimeStamp: 0 seconds 
  LargestPossibleRegion: 
    Dimension: 3
    Index: [0, 0, 0]
    Size: [193, 229, 193]
  BufferedRegion: 
    Dimension: 3
    Index: [0, 0, 0]
    Size: [193, 229, 193]
  RequestedRegion: 
    Dimension: 3
    Index: [0, 0, 0]
    Size: [193, 229, 193]
  Spacing: [1, 1, 1]
  Origin: [96, 132, -78]
  Direction: 
-1 0 0
0 -1 0
0 0 1

  IndexToPointMatrix: 
-1 0 0
0 -1 0
0 0 1

  PointToIndexMatrix: 
-1 0 0
0 -1 0
0 0 1

  Inverse Direction: 
-1 0 0
0 -1 0
0 0 1

  PixelContainer: 
    ImportImageContainer (0x37c0c60)
      RTTI typeinfo:   itk::ImportImageContainer<unsigned long, double>
      Reference Count: 1
      Modified Time: 1940
      Debug: Off
      Object Name: 
      Observers: 
        none
      Pointer: 0x148d97ab3010
      Container manages memory: true
      Size: 8530021
      Capacity: 8530021

     Moving image = Image (0x37c3610)
  RTTI typeinfo:   itk::Image<double, 3u>
  Reference Count: 2
  Modified Time: 2335
  Debug: Off
  Object Name: 
  Observers: 
    none
  Source: (none)
  Source output name: (none)
  Release Data: Off
  Data Released: False
  Global Release Data: Off
  PipelineMTime: 0
  UpdateMTime: 2332
  RealTimeStamp: 0 seconds 
  LargestPossibleRegion: 
    Dimension: 3
    Index: [0, 0, 0]
    Size: [176, 240, 256]
  BufferedRegion: 
    Dimension: 3
    Index: [0, 0, 0]
    Size: [176, 240, 256]
  RequestedRegion: 
    Dimension: 3
    Index: [0, 0, 0]
    Size: [176, 240, 256]
  Spacing: [0.999999, 1, 1]
  Origin: [90.3778, 84.5091, -154.071]
  Direction: 
-0.999391 7.48184e-06 -0.0348969
-7.47664e-06 -1 -2.7953e-07
-0.0348969 -1.84481e-08 0.999391

  IndexToPointMatrix: 
-0.99939 7.48184e-06 -0.0348969
-7.47663e-06 -1 -2.7953e-07
-0.0348968 -1.84481e-08 0.999391

  PointToIndexMatrix: 
-0.999392 -7.47665e-06 -0.0348969
7.48184e-06 -1 -1.84481e-08
-0.0348969 -2.7953e-07 0.999391

  Inverse Direction: 
-0.999391 -7.47664e-06 -0.0348969
7.48184e-06 -1 -1.84481e-08
-0.0348969 -2.7953e-07 0.999391

  PixelContainer: 
    ImportImageContainer (0x385cef0)
      RTTI typeinfo:   itk::ImportImageContainer<unsigned long, double>
      Reference Count: 1
      Modified Time: 2329
      Debug: Off
      Object Name: 
      Observers: 
        none
      Pointer: 0x148d92832010
      Container manages memory: true
      Size: 10813440
      Capacity: 10813440

     Weighting = 1
     Sampling strategy = regular
     Number of bins = 32
     Radius = 4
     Sampling percentage  = 0.25
   Transform = Rigid
     Gradient step = 0.1
     Update field sigma (voxel space) = 0
     Total field sigma (voxel space) = 0
     Update field time sigma = 0
     Total field time sigma  = 0
     Number of time indices = 0
     Number of time point samples = 0
Registration using 1 total stages.

Stage 0
  iterations = 0
  convergence threshold = 1e-06
  convergence window size = 10
  number of levels = 1
  using the Mattes MI metric (number of bins = 32, weight = 1, use gradient filter = 0)
  preprocessing:  winsorizing the image intensities
  Shrink factors (level 1 out of 1): [1, 1, 1]
  smoothing sigmas per level: [0]
  regular sampling (percentage = 0.25)

*** Running Euler3DTransform registration ***

  Elapsed time (stage 0): 1.11973


Total elapsed time: 1.12214
Info [verificarlo]: loaded backend libinterflop_ieee.so
Info [interflop-ieee]: load backend with:
Info [interflop-ieee]: debug = false
Info [interflop-ieee]: debug-binary = false
Info [interflop-ieee]: no-backend-name = false
Info [interflop-ieee]: print-new-line = false
Info [interflop-ieee]: print-subnormal-normalized = false
Info [interflop-ieee]: count-op = false
All_Command_lines_OK
Using double precision for computations.
=============================================================================
The composite transform comprises the following transforms (in order): 
  1. /home/mdugre/scratch/mri-registration-rp/datasets/ds004513/derivatives/mri-registration-rp/0001/antsRegistration-r7-p22/sub-s025/align_Composite.h5[0] (type = Euler3DTransform)
  2. /home/mdugre/scratch/mri-registration-rp/datasets/ds004513/derivatives/mri-registration-rp/0001/antsRegistration-r7-p22/sub-s025/align_Composite.h5[1] (type = Euler3DTransform)
=============================================================================
  number of levels = 4
  fixed image: /templateflow/tpl-MNI152NLin2009cAsym/tpl-MNI152NLin2009cAsym_res-01_desc-brain_T1w.nii.gz
  moving image: /home/mdugre/scratch/mri-registration-rp/datasets/ds004513/derivatives/mri-registration-rp/antsBrainExtraction/sub-s025/BrainExtractionBrain.nii.gz
Dimension = 3
Number of stages = 1
Use histogram matching = false
Winsorize image intensities = true
  Lower quantile = 0.005
  Upper quantile = 0.995


Stage 1 State
   Image metric = MattesMI
     Fixed image = Image (0x3487530)
  RTTI typeinfo:   itk::Image<double, 3u>
  Reference Count: 2
  Modified Time: 1580
  Debug: Off
  Object Name: 
  Observers: 
    none
  Source: (none)
  Source output name: (none)
  Release Data: Off
  Data Released: False
  Global Release Data: Off
  PipelineMTime: 0
  UpdateMTime: 1189
  RealTimeStamp: 0 seconds 
  LargestPossibleRegion: 
    Dimension: 3
    Index: [0, 0, 0]
    Size: [193, 229, 193]
  BufferedRegion: 
    Dimension: 3
    Index: [0, 0, 0]
    Size: [193, 229, 193]
  RequestedRegion: 
    Dimension: 3
    Index: [0, 0, 0]
    Size: [193, 229, 193]
  Spacing: [1, 1, 1]
  Origin: [96, 132, -78]
  Direction: 
-1 0 0
0 -1 0
0 0 1

  IndexToPointMatrix: 
-1 0 0
0 -1 0
0 0 1

  PointToIndexMatrix: 
-1 0 0
0 -1 0
0 0 1

  Inverse Direction: 
-1 0 0
0 -1 0
0 0 1

  PixelContainer: 
    ImportImageContainer (0x3545d60)
      RTTI typeinfo:   itk::ImportImageContainer<unsigned long, double>
      Reference Count: 1
      Modified Time: 1186
      Debug: Off
      Object Name: 
      Observers: 
        none
      Pointer: 0x14fe847d3010
      Container manages memory: true
      Size: 8530021
      Capacity: 8530021

     Moving image = Image (0x3537f60)
  RTTI typeinfo:   itk::Image<double, 3u>
  Reference Count: 2
  Modified Time: 1581
  Debug: Off
  Object Name: 
  Observers: 
    none
  Source: (none)
  Source output name: (none)
  Release Data: Off
  Data Released: False
  Global Release Data: Off
  PipelineMTime: 0
  UpdateMTime: 1578
  RealTimeStamp: 0 seconds 
  LargestPossibleRegion: 
    Dimension: 3
    Index: [0, 0, 0]
    Size: [176, 240, 256]
  BufferedRegion: 
    Dimension: 3
    Index: [0, 0, 0]
    Size: [176, 240, 256]
  RequestedRegion: 
    Dimension: 3
    Index: [0, 0, 0]
    Size: [176, 240, 256]
  Spacing: [0.999999, 1, 1]
  Origin: [90.3778, 84.5091, -154.071]
  Direction: 
-0.999391 7.48184e-06 -0.0348969
-7.47664e-06 -1 -2.7953e-07
-0.0348969 -1.84481e-08 0.999391

  IndexToPointMatrix: 
-0.99939 7.48184e-06 -0.0348969
-7.47663e-06 -1 -2.7953e-07
-0.0348968 -1.84481e-08 0.999391

  PointToIndexMatrix: 
-0.999392 -7.47665e-06 -0.0348969
7.48184e-06 -1 -1.84481e-08
-0.0348969 -2.7953e-07 0.999391

  Inverse Direction: 
-0.999391 -7.47664e-06 -0.0348969
7.48184e-06 -1 -1.84481e-08
-0.0348969 -2.7953e-07 0.999391

  PixelContainer: 
    ImportImageContainer (0x35296d0)
      RTTI typeinfo:   itk::ImportImageContainer<unsigned long, double>
      Reference Count: 1
      Modified Time: 1575
      Debug: Off
      Object Name: 
      Observers: 
        none
      Pointer: 0x14fe7f552010
      Container manages memory: true
      Size: 10813440
      Capacity: 10813440

     Weighting = 1
     Sampling strategy = regular
     Number of bins = 32
     Radius = 4
     Sampling percentage  = 0.25
   Transform = Rigid
     Gradient step = 0.1
     Update field sigma (voxel space) = 0
     Total field sigma (voxel space) = 0
     Update field time sigma = 0
     Total field time sigma  = 0
     Number of time indices = 0
     Number of time point samples = 0
Registration using 1 total stages.

Stage 0
  iterations = 1000x500x250x100
  convergence threshold = 1e-06
  convergence window size = 10
  number of levels = 4
  using the Mattes MI metric (number of bins = 32, weight = 1, use gradient filter = 0)
  preprocessing:  winsorizing the image intensities
  Shrink factors (level 1 out of 4): [8, 8, 8]
  Shrink factors (level 2 out of 4): [4, 4, 4]
  Shrink factors (level 3 out of 4): [2, 2, 2]
  Shrink factors (level 4 out of 4): [1, 1, 1]
  smoothing sigmas per level: [3, 2, 1, 0]
  regular sampling (percentage = 0.25)

*** Running Euler3DTransform registration ***

DIAGNOSTIC,Iteration,metricValue,convergenceValue,ITERATION_TIME_INDEX,SINCE_LAST
 2DIAGNOSTIC,     1, -5.323241903179e-01, 1.797693134862e+308, 8.3954e-01, 8.3954e-01, 
 2DIAGNOSTIC,     2, -5.346190553927e-01, 1.797693134862e+308, 8.4339e-01, 3.8509e-03, 
 2DIAGNOSTIC,     3, -5.378036555361e-01, 1.797693134862e+308, 8.4723e-01, 3.8440e-03, 
 2DIAGNOSTIC,     4, -5.422949451405e-01, 1.797693134862e+308, 8.5117e-01, 3.9392e-03, 
 2DIAGNOSTIC,     5, -5.486805952477e-01, 1.797693134862e+308, 8.5540e-01, 4.2219e-03, 
 2DIAGNOSTIC,     6, -5.542790085272e-01, 1.797693134862e+308, 8.5924e-01, 3.8419e-03, 
 2DIAGNOSTIC,     7, -5.627123115611e-01, 1.797693134862e+308, 8.6347e-01, 4.2310e-03, 
 2DIAGNOSTIC,     8, -5.766609943856e-01, 1.797693134862e+308, 8.6794e-01, 4.4739e-03, 
 2DIAGNOSTIC,     9, -5.881111419397e-01, 1.797693134862e+308, 8.7193e-01, 3.9930e-03, 
 2DIAGNOSTIC,    10, -6.012927005665e-01, 7.820055967720e-03, 8.7733e-01, 5.3902e-03, 
 2DIAGNOSTIC,    11, -6.192402913588e-01, 8.564422673927e-03, 8.8442e-01, 7.0980e-03, 
 2DIAGNOSTIC,    12, -6.197111897439e-01, 8.513711436484e-03, 8.8848e-01, 4.0560e-03, 
 2DIAGNOSTIC,    13, -6.223136777511e-01, 7.932305190635e-03, 8.9255e-01, 4.0760e-03, 
 2DIAGNOSTIC,    14, -6.239859078534e-01, 6.938967258809e-03, 8.9660e-01, 4.0400e-03, 
 2DIAGNOSTIC,    15, -6.258731029038e-01, 5.722268374550e-03, 9.0067e-01, 4.0720e-03, 
 2DIAGNOSTIC,    16, -6.290042957050e-01, 4.404898010754e-03, 9.0472e-01, 4.0510e-03, 
 2DIAGNOSTIC,    17, -6.327399548205e-01, 3.192249458139e-03, 9.0981e-01, 5.0921e-03, 
 2DIAGNOSTIC,    18, -6.361770329222e-01, 2.298162514770e-03, 9.1460e-01, 4.7870e-03, 
 2DIAGNOSTIC,    19, -6.381920794980e-01, 1.629119691520e-03, 9.1890e-01, 4.3011e-03, 
 2DIAGNOSTIC,    20, -6.414786468711e-01, 1.264281191350e-03, 9.2261e-01, 3.7081e-03, 
 2DIAGNOSTIC,    21, -6.422621311649e-01, 1.244231354846e-03, 9.2643e-01, 3.8211e-03, 
 2DIAGNOSTIC,    22, -6.443386369812e-01, 1.164065699831e-03, 9.3075e-01, 4.3221e-03, 
 2DIAGNOSTIC,    23, -6.458367311108e-01, 1.066297096223e-03, 9.3497e-01, 4.2181e-03, 
 2DIAGNOSTIC,    24, -6.528535017356e-01, 1.047817946309e-03, 9.3981e-01, 4.8420e-03, 
 2DIAGNOSTIC,    25, -6.591704567665e-01, 1.083081271626e-03, 9.4565e-01, 5.8391e-03, 
 2DIAGNOSTIC,    26, -6.605963667356e-01, 1.093549194286e-03, 9.5033e-01, 4.6809e-03, 
 2DIAGNOSTIC,    27, -6.608439803686e-01, 1.070984924007e-03, 9.5448e-01, 4.1518e-03, 
 2DIAGNOSTIC,    28, -6.615671814486e-01, 1.019502607404e-03, 9.5862e-01, 4.1420e-03, 
 2DIAGNOSTIC,    29, -6.628794677107e-01, 9.260608281342e-04, 9.6291e-01, 4.2901e-03, 
 2DIAGNOSTIC,    30, -6.728294480054e-01, 9.537363022164e-04, 9.6833e-01, 5.4181e-03, 
 2DIAGNOSTIC,    31, -6.735478006858e-01, 9.084131895898e-04, 9.7245e-01, 4.1149e-03, 
 2DIAGNOSTIC,    32, -6.743491374313e-01, 8.254101665971e-04, 9.7635e-01, 3.8989e-03, 
 2DIAGNOSTIC,    33, -6.778518177278e-01, 7.396576238680e-04, 9.8032e-01, 3.9790e-03, 
 2DIAGNOSTIC,    34, -6.872953162542e-01, 8.064163723561e-04, 9.8841e-01, 8.0869e-03, 
 2DIAGNOSTIC,    35, -6.877326827665e-01, 8.751662446794e-04, 9.9240e-01, 3.9928e-03, 
 2DIAGNOSTIC,    36, -6.893219559843e-01, 8.964364744084e-04, 9.9664e-01, 4.2369e-03, 
 2DIAGNOSTIC,    37, -6.927390534396e-01, 8.791576313512e-04, 1.0009e+00, 4.2520e-03, 
 2DIAGNOSTIC,    38, -7.010268669421e-01, 8.853911995470e-04, 1.0051e+00, 4.1969e-03, 
 2DIAGNOSTIC,    39, -7.063972163162e-01, 8.771666962706e-04, 1.0092e+00, 4.1201e-03, 
 2DIAGNOSTIC,    40, -7.084270209066e-01, 9.204276544644e-04, 1.0134e+00, 4.1599e-03, 
 2DIAGNOSTIC,    41, -7.161079780078e-01, 9.682155174160e-04, 1.0181e+00, 4.7491e-03, 
 2DIAGNOSTIC,    42, -7.193596968543e-01, 9.623494373306e-04, 1.0238e+00, 5.6531e-03, 
 2DIAGNOSTIC,    43, -7.222580258928e-01, 9.273671255817e-04, 1.0279e+00, 4.0920e-03, 
 2DIAGNOSTIC,    44, -7.286167804268e-01, 9.650009813546e-04, 1.0320e+00, 4.1251e-03, 
 2DIAGNOSTIC,    45, -7.392022177416e-01, 1.016204779590e-03, 1.0361e+00, 4.1389e-03, 
 2DIAGNOSTIC,    46, -7.439165260271e-01, 1.025893088822e-03, 1.0404e+00, 4.2281e-03, 
 2DIAGNOSTIC,    47, -7.510775670158e-01, 1.034507760164e-03, 1.0475e+00, 7.1669e-03, 
 2DIAGNOSTIC,    48, -7.533717693125e-01, 1.039751293402e-03, 1.0514e+00, 3.8660e-03, 
 2DIAGNOSTIC,    49, -7.538713682356e-01, 9.979431612817e-04, 1.0552e+00, 3.8190e-03, 
 2DIAGNOSTIC,    50, -7.556802590531e-01, 8.941259777819e-04, 1.0595e+00, 4.3080e-03, 
 2DIAGNOSTIC,    51, -7.575236785921e-01, 7.894909303396e-04, 1.0633e+00, 3.7980e-03, 
 2DIAGNOSTIC,    52, -7.588252939208e-01, 6.517934022341e-04, 1.0676e+00, 4.2901e-03, 
 2DIAGNOSTIC,    53, -7.590879657573e-01, 4.831859920913e-04, 1.0753e+00, 7.6549e-03, 
 2DIAGNOSTIC,    54, -7.594797211364e-01, 3.282932329755e-04, 1.0795e+00, 4.2288e-03, 
 2DIAGNOSTIC,    55, -7.593793267208e-01, 2.298003413409e-04, 1.0837e+00, 4.2298e-03, 
 2DIAGNOSTIC,    56, -7.592608320579e-01, 1.468860020420e-04, 1.0881e+00, 4.3669e-03, 
 2DIAGNOSTIC,    57, -7.594164140717e-01, 1.075638706618e-04, 1.0919e+00, 3.7870e-03, 
 2DIAGNOSTIC,    58, -7.595265763183e-01, 7.728657513705e-05, 1.0963e+00, 4.3850e-03, 
 2DIAGNOSTIC,    59, -7.597192258313e-01, 4.565698184495e-05, 1.1005e+00, 4.2391e-03, 
 2DIAGNOSTIC,    60, -7.597642172882e-01, 2.373049033260e-05, 1.1047e+00, 4.2310e-03, 
 2DIAGNOSTIC,    61, -7.596619328535e-01, 1.228496604100e-05, 1.1086e+00, 3.8960e-03, 
 2DIAGNOSTIC,    62, -7.598563058507e-01, 1.029464821162e-05, 1.1129e+00, 4.2610e-03, 
 2DIAGNOSTIC,    63, -7.600667136568e-01, 1.044158912887e-05, 1.1167e+00, 3.7942e-03, 
 2DIAGNOSTIC,    64, -7.603009656954e-01, 1.370507839103e-05, 1.1205e+00, 3.8140e-03, 
 2DIAGNOSTIC,    65, -7.603945519589e-01, 1.558035841854e-05, 1.1249e+00, 4.3881e-03, 
 2DIAGNOSTIC,    66, -7.603793078785e-01, 1.512735082144e-05, 1.1291e+00, 4.2100e-03, 
 2DIAGNOSTIC,    67, -7.601940216789e-01, 1.311125726078e-05, 1.1329e+00, 3.7820e-03, 
 2DIAGNOSTIC,    68, -7.602786399863e-01, 1.111248276587e-05, 1.1367e+00, 3.7858e-03, 
 2DIAGNOSTIC,    69, -7.604210615763e-01, 1.012239309982e-05, 1.1404e+00, 3.7839e-03, 
 2DIAGNOSTIC,    70, -7.608918821852e-01, 1.129995981573e-05, 1.1447e+00, 4.2520e-03, 
 2DIAGNOSTIC,    71, -7.611149657601e-01, 1.205417374113e-05, 1.1489e+00, 4.2510e-03, 
 2DIAGNOSTIC,    72, -7.615156206111e-01, 1.510925871075e-05, 1.1604e+00, 1.1483e-02, 
 2DIAGNOSTIC,    73, -7.615282434515e-01, 1.787979680995e-05, 1.1651e+00, 4.6821e-03, 
 2DIAGNOSTIC,    74, -7.615915436206e-01, 2.053817040694e-05, 1.1688e+00, 3.7229e-03, 
 2DIAGNOSTIC,    75, -7.615274622671e-01, 2.132018009960e-05, 1.1726e+00, 3.7580e-03, 
 2DIAGNOSTIC,    76, -7.615565876602e-01, 2.016855009157e-05, 1.1769e+00, 4.3380e-03, 
 2DIAGNOSTIC,    77, -7.615625221795e-01, 1.618567755735e-05, 1.1806e+00, 3.6709e-03, 
 2DIAGNOSTIC,    78, -7.615686170726e-01, 1.128827685363e-05, 1.1844e+00, 3.7911e-03, 
 2DIAGNOSTIC,    79, -7.617105991602e-01, 6.932764424152e-06, 1.1885e+00, 4.1449e-03, 
 2DIAGNOSTIC,    80, -7.618354891299e-01, 5.096781945314e-06, 1.1926e+00, 4.0731e-03, 
 2DIAGNOSTIC,    81, -7.619535503511e-01, 4.521083148584e-06, 1.1967e+00, 4.1051e-03, 
 2DIAGNOSTIC,    82, -7.618541418396e-01, 5.064687601725e-06, 1.2004e+00, 3.6368e-03, 
 2DIAGNOSTIC,    83, -7.618612873769e-01, 5.260622177055e-06, 1.2050e+00, 4.6158e-03, 
 2DIAGNOSTIC,    84, -7.619838302492e-01, 5.885432072016e-06, 1.2169e+00, 1.1972e-02, 
 2DIAGNOSTIC,    85, -7.619838302464e-01, 5.616804973812e-06, 1.2274e+00, 1.0451e-02, 
 2DIAGNOSTIC,    86, -7.619838302464e-01, 4.997904610272e-06, 1.2333e+00, 5.9080e-03, 
 2DIAGNOSTIC,    87, -7.619838302464e-01, 4.010076486241e-06, 1.2374e+00, 4.1220e-03, 
 2DIAGNOSTIC,    88, -7.619838302464e-01, 2.721957523729e-06, 1.2417e+00, 4.2391e-03, 
 2DIAGNOSTIC,    89, -7.619838302464e-01, 1.860443123359e-06, 1.2457e+00, 4.0779e-03, 
 2DIAGNOSTIC,    90, -7.619838302464e-01, 1.417444041960e-06, 1.2498e+00, 4.0600e-03, 
 2DIAGNOSTIC,    91, -7.619838302464e-01, 1.432138891616e-06, 1.2544e+00, 4.5781e-03, 
DIAGNOSTIC,Iteration,metricValue,convergenceValue,ITERATION_TIME_INDEX,SINCE_LAST
 2DIAGNOSTIC,     1, -6.045947937123e-01, 1.797693134862e+308, 2.0209e+00, 7.6649e-01, 
 2DIAGNOSTIC,     2, -6.054601319362e-01, 1.797693134862e+308, 2.0479e+00, 2.7035e-02, 
 2DIAGNOSTIC,     3, -6.067735315106e-01, 1.797693134862e+308, 2.0746e+00, 2.6732e-02, 
 2DIAGNOSTIC,     4, -6.082738726380e-01, 1.797693134862e+308, 2.1018e+00, 2.7173e-02, 
 2DIAGNOSTIC,     5, -6.094366114962e-01, 1.797693134862e+308, 2.1285e+00, 2.6688e-02, 
 2DIAGNOSTIC,     6, -6.106547366672e-01, 1.797693134862e+308, 2.1551e+00, 2.6658e-02, 
 2DIAGNOSTIC,     7, -6.123413441718e-01, 1.797693134862e+308, 2.1823e+00, 2.7107e-02, 
 2DIAGNOSTIC,     8, -6.205469225508e-01, 1.797693134862e+308, 2.2202e+00, 3.7979e-02, 
 2DIAGNOSTIC,     9, -6.208115540982e-01, 1.797693134862e+308, 2.2480e+00, 2.7744e-02, 
 2DIAGNOSTIC,    10, -6.208781297201e-01, 1.928912781934e-03, 2.2789e+00, 3.0967e-02, 
 2DIAGNOSTIC,    11, -6.209027467567e-01, 1.775131009978e-03, 2.3059e+00, 2.6977e-02, 
 2DIAGNOSTIC,    12, -6.209899178063e-01, 1.522996252752e-03, 2.3367e+00, 3.0767e-02, 
 2DIAGNOSTIC,    13, -6.209330975253e-01, 1.212142843898e-03, 2.3677e+00, 3.1018e-02, 
 2DIAGNOSTIC,    14, -6.209058336801e-01, 8.842584539092e-04, 2.4016e+00, 3.3865e-02, 
 2DIAGNOSTIC,    15, -6.208961134920e-01, 5.592305820085e-04, 2.4363e+00, 3.4773e-02, 
 2DIAGNOSTIC,    16, -6.209247822801e-01, 2.616621915736e-04, 2.4691e+00, 3.2757e-02, 
 2DIAGNOSTIC,    17, -6.208852857755e-01, 1.388826544403e-05, 2.5009e+00, 3.1787e-02, 
 2DIAGNOSTIC,    18, -6.208872680821e-01, 3.041595868829e-06, 2.5351e+00, 3.4197e-02, 
DIAGNOSTIC,Iteration,metricValue,convergenceValue,ITERATION_TIME_INDEX,SINCE_LAST
 2DIAGNOSTIC,     1, -5.344327390781e-01, 1.797693134862e+308, 3.5840e+00, 1.0489e+00, 
 2DIAGNOSTIC,     2, -5.345829378030e-01, 1.797693134862e+308, 3.7908e+00, 2.0682e-01, 
 2DIAGNOSTIC,     3, -5.346717308722e-01, 1.797693134862e+308, 3.9911e+00, 2.0031e-01, 
 2DIAGNOSTIC,     4, -5.347322042196e-01, 1.797693134862e+308, 4.1879e+00, 1.9681e-01, 
 2DIAGNOSTIC,     5, -5.348895362740e-01, 1.797693134862e+308, 4.3942e+00, 2.0627e-01, 
 2DIAGNOSTIC,     6, -5.352836596774e-01, 1.797693134862e+308, 4.6153e+00, 2.2108e-01, 
 2DIAGNOSTIC,     7, -5.355992984675e-01, 1.797693134862e+308, 4.9522e+00, 3.3691e-01, 
 2DIAGNOSTIC,     8, -5.356843516005e-01, 1.797693134862e+308, 5.2660e+00, 3.1384e-01, 
 2DIAGNOSTIC,     9, -5.356846495545e-01, 1.797693134862e+308, 5.5414e+00, 2.7539e-01, 
 2DIAGNOSTIC,    10, -5.356839374116e-01, 1.834695561166e-04, 5.8156e+00, 2.7418e-01, 
 2DIAGNOSTIC,    11, -5.356831854651e-01, 1.514180080748e-04, 6.0413e+00, 2.2572e-01, 
 2DIAGNOSTIC,    12, -5.356825721167e-01, 1.177348853358e-04, 6.2778e+00, 2.3654e-01, 
 2DIAGNOSTIC,    13, -5.356796257554e-01, 8.251620098507e-05, 6.4796e+00, 2.0177e-01, 
 2DIAGNOSTIC,    14, -5.356801485530e-01, 4.756838137959e-05, 6.6865e+00, 2.0690e-01, 
 2DIAGNOSTIC,    15, -5.356799255845e-01, 1.849153374893e-05, 6.9277e+00, 2.4114e-01, 
 2DIAGNOSTIC,    16, -5.356776696762e-01, 4.286587293442e-06, 7.1878e+00, 2.6012e-01, 
 2DIAGNOSTIC,    17, -5.356771056283e-01, 1.308180762979e-06, 7.3985e+00, 2.1071e-01, 
 2DIAGNOSTIC,    18, -5.356768807720e-01, 1.214990000532e-06, 7.6767e+00, 2.7821e-01, 
 2DIAGNOSTIC,    19, -5.356762522135e-01, 1.172730613362e-06, 7.8970e+00, 2.2031e-01, 
 2DIAGNOSTIC,    20, -5.356748407855e-01, 1.124554962949e-06, 8.1250e+00, 2.2796e-01, 
 2DIAGNOSTIC,    21, -5.356744819250e-01, 1.097907567575e-06, 8.3636e+00, 2.3864e-01, 
 2DIAGNOSTIC,    22, -5.356729379381e-01, 1.062770892901e-06, 8.5788e+00, 2.1519e-01, 
 2DIAGNOSTIC,    23, -5.356760926805e-01, 1.070727644839e-06, 8.8230e+00, 2.4424e-01, 
 2DIAGNOSTIC,    24, -5.356739418679e-01, 1.068521956658e-06, 9.0509e+00, 2.2786e-01, 
 2DIAGNOSTIC,    25, -5.356724740545e-01, 1.058085865750e-06, 9.2821e+00, 2.3125e-01, 
DIAGNOSTIC,Iteration,metricValue,convergenceValue,ITERATION_TIME_INDEX,SINCE_LAST
 2DIAGNOSTIC,     1, -4.892699284483e-01, 1.797693134862e+308, 1.1778e+01, 2.4954e+00, 
 2DIAGNOSTIC,     2, -4.893162826479e-01, 1.797693134862e+308, 1.3220e+01, 1.4428e+00, 
 2DIAGNOSTIC,     3, -4.894340398659e-01, 1.797693134862e+308, 1.4628e+01, 1.4080e+00, 
 2DIAGNOSTIC,     4, -4.896107693020e-01, 1.797693134862e+308, 1.6629e+01, 2.0002e+00, 
 2DIAGNOSTIC,     5, -4.896368486180e-01, 1.797693134862e+308, 1.8006e+01, 1.3773e+00, 
 2DIAGNOSTIC,     6, -4.896505234196e-01, 1.797693134862e+308, 1.9482e+01, 1.4764e+00, 
 2DIAGNOSTIC,     7, -4.897095340855e-01, 1.797693134862e+308, 2.0907e+01, 1.4245e+00, 
 2DIAGNOSTIC,     8, -4.899848675652e-01, 1.797693134862e+308, 2.3952e+01, 3.0454e+00, 
 2DIAGNOSTIC,     9, -4.899858307749e-01, 1.797693134862e+308, 2.6623e+01, 2.6707e+00, 
 2DIAGNOSTIC,    10, -4.899863599590e-01, 1.039720524279e-04, 2.8244e+01, 1.6212e+00, 
 2DIAGNOSTIC,    11, -4.899860656449e-01, 8.667025297832e-05, 2.9775e+01, 1.5313e+00, 
 2DIAGNOSTIC,    12, -4.899859969765e-01, 6.684182520121e-05, 3.1317e+01, 1.5413e+00, 
 2DIAGNOSTIC,    13, -4.899859110305e-01, 4.910369471371e-05, 3.2803e+01, 1.4866e+00, 
 2DIAGNOSTIC,    14, -4.899859539655e-01, 3.696262639204e-05, 3.4258e+01, 1.4547e+00, 
 2DIAGNOSTIC,    15, -4.899857487384e-01, 2.446074573867e-05, 3.5771e+01, 1.5131e+00, 
 2DIAGNOSTIC,    16, -4.899856598399e-01, 1.202639449789e-05, 3.7316e+01, 1.5448e+00, 
 2DIAGNOSTIC,    17, -4.899855675525e-01, 1.873788048293e-06, 3.8683e+01, 1.3671e+00, 
 2DIAGNOSTIC,    18, -4.899853751370e-01, 1.718180139589e-06, 3.9992e+01, 1.3094e+00, 
 2DIAGNOSTIC,    19, -4.899851890860e-01, 1.606791684962e-06, 4.2000e+01, 2.0075e+00, 
 2DIAGNOSTIC,    20, -4.899850822556e-01, 1.525447180899e-06, 4.3507e+01, 1.5073e+00, 
 2DIAGNOSTIC,    21, -4.899849719999e-01, 1.446836627311e-06, 4.4853e+01, 1.3453e+00, 
 2DIAGNOSTIC,    22, -4.899847496018e-01, 1.374113650615e-06, 4.6178e+01, 1.3254e+00, 
 2DIAGNOSTIC,    23, -4.899846507651e-01, 1.309874021090e-06, 4.7531e+01, 1.3528e+00, 
 2DIAGNOSTIC,    24, -4.899849131574e-01, 1.265409287958e-06, 4.9200e+01, 1.6687e+00, 
 2DIAGNOSTIC,    25, -4.899849250466e-01, 1.225426987314e-06, 5.0695e+01, 1.4957e+00, 
 2DIAGNOSTIC,    26, -4.899847041198e-01, 1.186092692521e-06, 5.1987e+01, 1.2914e+00, 
 2DIAGNOSTIC,    27, -4.899847242967e-01, 1.152033384154e-06, 5.3570e+01, 1.5834e+00, 
 2DIAGNOSTIC,    28, -4.899845200509e-01, 1.114693749610e-06, 5.5089e+01, 1.5195e+00, 
 2DIAGNOSTIC,    29, -4.899845539989e-01, 1.078860778027e-06, 5.6439e+01, 1.3500e+00, 
 2DIAGNOSTIC,    30, -4.899844979187e-01, 1.043906829312e-06, 5.7941e+01, 1.5018e+00, 
 2DIAGNOSTIC,    31, -4.899843369911e-01, 1.007930263891e-06, 5.9524e+01, 1.5824e+00, 
  Elapsed time (stage 0): 6.0338e+01


Total elapsed time: 6.0341e+01
Info [verificarlo]: loaded backend libinterflop_ieee.so
Info [interflop-ieee]: load backend with:
Info [interflop-ieee]: debug = false
Info [interflop-ieee]: debug-binary = false
Info [interflop-ieee]: no-backend-name = false
Info [interflop-ieee]: print-new-line = false
Info [interflop-ieee]: print-subnormal-normalized = false
Info [interflop-ieee]: count-op = false
All_Command_lines_OK
Using double precision for computations.
=============================================================================
The composite transform comprises the following transforms (in order): 
  1. /home/mdugre/scratch/mri-registration-rp/datasets/ds004513/derivatives/mri-registration-rp/0001/antsRegistration-r7-p22/sub-s025/rigid_Composite.h5[0] (type = Euler3DTransform)
  2. /home/mdugre/scratch/mri-registration-rp/datasets/ds004513/derivatives/mri-registration-rp/0001/antsRegistration-r7-p22/sub-s025/rigid_Composite.h5[1] (type = Euler3DTransform)
  3. /home/mdugre/scratch/mri-registration-rp/datasets/ds004513/derivatives/mri-registration-rp/0001/antsRegistration-r7-p22/sub-s025/rigid_Composite.h5[2] (type = Euler3DTransform)
=============================================================================
  number of levels = 4
  fixed image: /templateflow/tpl-MNI152NLin2009cAsym/tpl-MNI152NLin2009cAsym_res-01_desc-brain_T1w.nii.gz
  moving image: /home/mdugre/scratch/mri-registration-rp/datasets/ds004513/derivatives/mri-registration-rp/antsBrainExtraction/sub-s025/BrainExtractionBrain.nii.gz
Dimension = 3
Number of stages = 1
Use histogram matching = false
Winsorize image intensities = true
  Lower quantile = 0.005
  Upper quantile = 0.995


Stage 1 State
   Image metric = MattesMI
     Fixed image = Image (0x4cf67e0)
  RTTI typeinfo:   itk::Image<double, 3u>
  Reference Count: 2
  Modified Time: 1594
  Debug: Off
  Object Name: 
  Observers: 
    none
  Source: (none)
  Source output name: (none)
  Release Data: Off
  Data Released: False
  Global Release Data: Off
  PipelineMTime: 0
  UpdateMTime: 1203
  RealTimeStamp: 0 seconds 
  LargestPossibleRegion: 
    Dimension: 3
    Index: [0, 0, 0]
    Size: [193, 229, 193]
  BufferedRegion: 
    Dimension: 3
    Index: [0, 0, 0]
    Size: [193, 229, 193]
  RequestedRegion: 
    Dimension: 3
    Index: [0, 0, 0]
    Size: [193, 229, 193]
  Spacing: [1, 1, 1]
  Origin: [96, 132, -78]
  Direction: 
-1 0 0
0 -1 0
0 0 1

  IndexToPointMatrix: 
-1 0 0
0 -1 0
0 0 1

  PointToIndexMatrix: 
-1 0 0
0 -1 0
0 0 1

  Inverse Direction: 
-1 0 0
0 -1 0
0 0 1

  PixelContainer: 
    ImportImageContainer (0x4db6a20)
      RTTI typeinfo:   itk::ImportImageContainer<unsigned long, double>
      Reference Count: 1
      Modified Time: 1200
      Debug: Off
      Object Name: 
      Observers: 
        none
      Pointer: 0x149d55a98010
      Container manages memory: true
      Size: 8530021
      Capacity: 8530021

     Moving image = Image (0x4db1d70)
  RTTI typeinfo:   itk::Image<double, 3u>
  Reference Count: 2
  Modified Time: 1595
  Debug: Off
  Object Name: 
  Observers: 
    none
  Source: (none)
  Source output name: (none)
  Release Data: Off
  Data Released: False
  Global Release Data: Off
  PipelineMTime: 0
  UpdateMTime: 1592
  RealTimeStamp: 0 seconds 
  LargestPossibleRegion: 
    Dimension: 3
    Index: [0, 0, 0]
    Size: [176, 240, 256]
  BufferedRegion: 
    Dimension: 3
    Index: [0, 0, 0]
    Size: [176, 240, 256]
  RequestedRegion: 
    Dimension: 3
    Index: [0, 0, 0]
    Size: [176, 240, 256]
  Spacing: [0.999999, 1, 1]
  Origin: [90.3778, 84.5091, -154.071]
  Direction: 
-0.999391 7.48184e-06 -0.0348969
-7.47664e-06 -1 -2.7953e-07
-0.0348969 -1.84481e-08 0.999391

  IndexToPointMatrix: 
-0.99939 7.48184e-06 -0.0348969
-7.47663e-06 -1 -2.7953e-07
-0.0348968 -1.84481e-08 0.999391

  PointToIndexMatrix: 
-0.999392 -7.47665e-06 -0.0348969
7.48184e-06 -1 -1.84481e-08
-0.0348969 -2.7953e-07 0.999391

  Inverse Direction: 
-0.999391 -7.47664e-06 -0.0348969
7.48184e-06 -1 -1.84481e-08
-0.0348969 -2.7953e-07 0.999391

  PixelContainer: 
    ImportImageContainer (0x4d69c90)
      RTTI typeinfo:   itk::ImportImageContainer<unsigned long, double>
      Reference Count: 1
      Modified Time: 1589
      Debug: Off
      Object Name: 
      Observers: 
        none
      Pointer: 0x149d50817010
      Container manages memory: true
      Size: 10813440
      Capacity: 10813440

     Weighting = 1
     Sampling strategy = regular
     Number of bins = 32
     Radius = 4
     Sampling percentage  = 0.25
   Transform = Affine
     Gradient step = 0.1
     Update field sigma (voxel space) = 0
     Total field sigma (voxel space) = 0
     Update field time sigma = 0
     Total field time sigma  = 0
     Number of time indices = 0
     Number of time point samples = 0
Registration using 1 total stages.

Stage 0
  iterations = 1000x500x250x100
  convergence threshold = 1e-06
  convergence window size = 10
  number of levels = 4
  using the Mattes MI metric (number of bins = 32, weight = 1, use gradient filter = 0)
  preprocessing:  winsorizing the image intensities
  Shrink factors (level 1 out of 4): [8, 8, 8]
  Shrink factors (level 2 out of 4): [4, 4, 4]
  Shrink factors (level 3 out of 4): [2, 2, 2]
  Shrink factors (level 4 out of 4): [1, 1, 1]
  smoothing sigmas per level: [3, 2, 1, 0]
  regular sampling (percentage = 0.25)

*** Running AffineTransform registration ***

DIAGNOSTIC,Iteration,metricValue,convergenceValue,ITERATION_TIME_INDEX,SINCE_LAST
 2DIAGNOSTIC,     1, -7.475494100199e-01, 1.797693134862e+308, 8.2595e-01, 8.2595e-01, 
 2DIAGNOSTIC,     2, -7.496743526432e-01, 1.797693134862e+308, 8.3003e-01, 4.0870e-03, 
 2DIAGNOSTIC,     3, -7.528973311562e-01, 1.797693134862e+308, 8.3410e-01, 4.0698e-03, 
 2DIAGNOSTIC,     4, -7.583953835143e-01, 1.797693134862e+308, 8.3825e-01, 4.1480e-03, 
 2DIAGNOSTIC,     5, -7.666244394344e-01, 1.797693134862e+308, 8.4319e-01, 4.9410e-03, 
 2DIAGNOSTIC,     6, -7.773982897706e-01, 1.797693134862e+308, 8.4734e-01, 4.1490e-03, 
 2DIAGNOSTIC,     7, -8.139620692652e-01, 1.797693134862e+308, 8.5224e-01, 4.9009e-03, 
 2DIAGNOSTIC,     8, -8.830677903343e-01, 1.797693134862e+308, 8.5712e-01, 4.8759e-03, 
 2DIAGNOSTIC,     9, -9.140486454032e-01, 1.797693134862e+308, 8.6141e-01, 4.2930e-03, 
 2DIAGNOSTIC,    10, -9.228508803948e-01, 1.539791802781e-02, 8.6668e-01, 5.2640e-03, 
 2DIAGNOSTIC,    11, -9.272875102851e-01, 1.563504246192e-02, 8.7279e-01, 6.1169e-03, 
 2DIAGNOSTIC,    12, -9.293468234002e-01, 1.454883379922e-02, 8.7725e-01, 4.4570e-03, 
 2DIAGNOSTIC,    13, -9.325579305802e-01, 1.248119000271e-02, 8.8224e-01, 4.9860e-03, 
 2DIAGNOSTIC,    14, -9.341866421872e-01, 9.778425519660e-03, 8.8726e-01, 5.0199e-03, 
 2DIAGNOSTIC,    15, -9.359787340248e-01, 6.830662986348e-03, 8.9365e-01, 6.3932e-03, 
 2DIAGNOSTIC,    16, -9.363050044385e-01, 3.898532021868e-03, 9.0068e-01, 7.0319e-03, 
 2DIAGNOSTIC,    17, -9.363454211868e-01, 1.667983817890e-03, 9.0532e-01, 4.6420e-03, 
 2DIAGNOSTIC,    18, -9.365891027506e-01, 8.063073475602e-04, 9.0976e-01, 4.4401e-03, 
 2DIAGNOSTIC,    19, -9.368956494618e-01, 5.038067800849e-04, 9.1503e-01, 5.2691e-03, 
 2DIAGNOSTIC,    20, -9.368561543595e-01, 3.287454053996e-04, 9.1959e-01, 4.5550e-03, 
 2DIAGNOSTIC,    21, -9.371116494641e-01, 2.138354811321e-04, 9.2402e-01, 4.4281e-03, 
 2DIAGNOSTIC,    22, -9.373515519637e-01, 1.234647899730e-04, 9.2893e-01, 4.9131e-03, 
 2DIAGNOSTIC,    23, -9.375670515873e-01, 7.778895357788e-05, 9.3390e-01, 4.9720e-03, 
 2DIAGNOSTIC,    24, -9.375785360291e-01, 5.033813748070e-05, 9.3834e-01, 4.4391e-03, 
 2DIAGNOSTIC,    25, -9.376992935405e-01, 4.521095447379e-05, 9.4276e-01, 4.4241e-03, 
 2DIAGNOSTIC,    26, -9.381576757562e-01, 4.608067675199e-05, 9.4722e-01, 4.4539e-03, 
 2DIAGNOSTIC,    27, -9.387002667918e-01, 4.932629682432e-05, 9.5318e-01, 5.9631e-03, 
 2DIAGNOSTIC,    28, -9.388669507842e-01, 5.227710211808e-05, 9.5818e-01, 5.0030e-03, 
 2DIAGNOSTIC,    29, -9.387683784522e-01, 5.265844590088e-05, 9.6321e-01, 5.0220e-03, 
 2DIAGNOSTIC,    30, -9.384678796782e-01, 4.464270489617e-05, 9.6893e-01, 5.7249e-03, 
 2DIAGNOSTIC,    31, -9.383610374965e-01, 3.453514656736e-05, 9.7400e-01, 5.0719e-03, 
 2DIAGNOSTIC,    32, -9.380750698885e-01, 2.129122110762e-05, 9.7852e-01, 4.5140e-03, 
 2DIAGNOSTIC,    33, -9.379706496374e-01, 8.092427680600e-06, 9.8314e-01, 4.6279e-03, 
DIAGNOSTIC,Iteration,metricValue,convergenceValue,ITERATION_TIME_INDEX,SINCE_LAST
 2DIAGNOSTIC,     1, -7.507131545680e-01, 1.797693134862e+308, 1.6911e+00, 7.0799e-01, 
 2DIAGNOSTIC,     2, -7.510538650368e-01, 1.797693134862e+308, 1.7245e+00, 3.3392e-02, 
 2DIAGNOSTIC,     3, -7.514235647549e-01, 1.797693134862e+308, 1.7594e+00, 3.4918e-02, 
 2DIAGNOSTIC,     4, -7.519356080311e-01, 1.797693134862e+308, 1.7918e+00, 3.2351e-02, 
 2DIAGNOSTIC,     5, -7.530386516340e-01, 1.797693134862e+308, 1.8316e+00, 3.9852e-02, 
 2DIAGNOSTIC,     6, -7.539676349198e-01, 1.797693134862e+308, 1.8674e+00, 3.5791e-02, 
 2DIAGNOSTIC,     7, -7.540901754776e-01, 1.797693134862e+308, 1.9045e+00, 3.7105e-02, 
 2DIAGNOSTIC,     8, -7.541111625516e-01, 1.797693134862e+308, 1.9405e+00, 3.5956e-02, 
 2DIAGNOSTIC,     9, -7.541477476664e-01, 1.797693134862e+308, 1.9804e+00, 3.9875e-02, 
 2DIAGNOSTIC,    10, -7.541431963874e-01, 3.497029388500e-04, 2.0200e+00, 3.9675e-02, 
 2DIAGNOSTIC,    11, -7.541389410471e-01, 2.614497245976e-04, 2.0525e+00, 3.2427e-02, 
 2DIAGNOSTIC,    12, -7.541265553557e-01, 1.753423263380e-04, 2.0901e+00, 3.7583e-02, 
 2DIAGNOSTIC,    13, -7.541568809698e-01, 9.889892990333e-05, 2.1262e+00, 3.6170e-02, 
 2DIAGNOSTIC,    14, -7.541633651738e-01, 3.806072897540e-05, 2.1626e+00, 3.6389e-02, 
 2DIAGNOSTIC,    15, -7.541467227816e-01, 8.776867091165e-06, 2.1983e+00, 3.5719e-02, 
 2DIAGNOSTIC,    16, -7.541488923595e-01, 4.468074170122e-06, 2.2360e+00, 3.7658e-02, 
 2DIAGNOSTIC,    17, -7.541625606371e-01, 3.454919443355e-06, 2.2740e+00, 3.8046e-02, 
 2DIAGNOSTIC,    18, -7.541573890729e-01, 2.691591827537e-06, 2.3066e+00, 3.2606e-02, 
 2DIAGNOSTIC,    19, -7.541576766692e-01, 2.656489321247e-06, 2.3390e+00, 3.2361e-02, 
 2DIAGNOSTIC,    20, -7.541800784398e-01, 2.886754544622e-06, 2.3750e+00, 3.5989e-02, 
 2DIAGNOSTIC,    21, -7.542028581573e-01, 3.308563318143e-06, 2.4114e+00, 3.6399e-02, 
 2DIAGNOSTIC,    22, -7.542254603098e-01, 3.671313627621e-06, 2.4481e+00, 3.6682e-02, 
 2DIAGNOSTIC,    23, -7.542124770189e-01, 4.073476241317e-06, 2.4841e+00, 3.6000e-02, 
 2DIAGNOSTIC,    24, -7.542113954297e-01, 4.301170032590e-06, 2.5207e+00, 3.6616e-02, 
 2DIAGNOSTIC,    25, -7.541927277591e-01, 3.695620171995e-06, 2.5528e+00, 3.2078e-02, 
 2DIAGNOSTIC,    26, -7.541790584753e-01, 2.732019198856e-06, 2.5887e+00, 3.5930e-02, 
 2DIAGNOSTIC,    27, -7.541618003733e-01, 1.651166082424e-06, 2.6244e+00, 3.5650e-02, 
DIAGNOSTIC,Iteration,metricValue,convergenceValue,ITERATION_TIME_INDEX,SINCE_LAST
 2DIAGNOSTIC,     1, -6.420314077831e-01, 1.797693134862e+308, 3.6812e+00, 1.0568e+00, 
 2DIAGNOSTIC,     2, -6.424214453145e-01, 1.797693134862e+308, 3.8970e+00, 2.1576e-01, 
 2DIAGNOSTIC,     3, -6.428279382653e-01, 1.797693134862e+308, 4.1255e+00, 2.2858e-01, 
 2DIAGNOSTIC,     4, -6.432562633321e-01, 1.797693134862e+308, 4.3860e+00, 2.6047e-01, 
 2DIAGNOSTIC,     5, -6.442461749795e-01, 1.797693134862e+308, 4.6351e+00, 2.4907e-01, 
 2DIAGNOSTIC,     6, -6.450170374338e-01, 1.797693134862e+308, 5.0898e+00, 4.5471e-01, 
 2DIAGNOSTIC,     7, -6.450274241258e-01, 1.797693134862e+308, 5.4239e+00, 3.3408e-01, 
 2DIAGNOSTIC,     8, -6.450279892236e-01, 1.797693134862e+308, 5.6885e+00, 2.6462e-01, 
 2DIAGNOSTIC,     9, -6.450270640158e-01, 1.797693134862e+308, 5.9706e+00, 2.8215e-01, 
 2DIAGNOSTIC,    10, -6.450260058954e-01, 3.460831991175e-04, 6.2428e+00, 2.7218e-01, 
 2DIAGNOSTIC,    11, -6.450252788832e-01, 2.489623948227e-04, 6.4733e+00, 2.3045e-01, 
 2DIAGNOSTIC,    12, -6.450216965602e-01, 1.604400270395e-04, 6.7352e+00, 2.6193e-01, 
 2DIAGNOSTIC,    13, -6.450251872985e-01, 8.563705799272e-05, 7.0426e+00, 3.0740e-01, 
 2DIAGNOSTIC,    14, -6.450237093495e-01, 2.682620569031e-05, 7.2862e+00, 2.4362e-01, 
 2DIAGNOSTIC,    15, -6.450247167364e-01, 2.118270840387e-06, 7.5712e+00, 2.8500e-01, 
 2DIAGNOSTIC,    16, -6.450236901045e-01, 1.716579302480e-06, 7.8361e+00, 2.6491e-01, 
 2DIAGNOSTIC,    17, -6.450226155298e-01, 1.629549374223e-06, 8.0984e+00, 2.6226e-01, 
 2DIAGNOSTIC,    18, -6.450216066532e-01, 1.563732896143e-06, 8.3332e+00, 2.3478e-01, 
 2DIAGNOSTIC,    19, -6.450208842594e-01, 1.484922367026e-06, 8.5956e+00, 2.6249e-01, 
 2DIAGNOSTIC,    20, -6.450172214212e-01, 1.328028737722e-06, 8.8395e+00, 2.4380e-01, 
 2DIAGNOSTIC,    21, -6.450168358215e-01, 1.191869725359e-06, 9.1070e+00, 2.6758e-01, 
 2DIAGNOSTIC,    22, -6.450178715204e-01, 1.044892093689e-06, 9.3627e+00, 2.5570e-01, 
 2DIAGNOSTIC,    23, -6.450181903060e-01, 1.020730369616e-06, 9.6628e+00, 3.0011e-01, 
 2DIAGNOSTIC,    24, -6.450191347294e-01, 1.022245256881e-06, 9.9073e+00, 2.4443e-01, 
 2DIAGNOSTIC,    25, -6.450159707519e-01, 1.015209964310e-06, 1.0127e+01, 2.1932e-01, 
 2DIAGNOSTIC,    26, -6.450164243616e-01, 1.025472768867e-06, 1.0415e+01, 2.8848e-01, 
 2DIAGNOSTIC,    27, -6.450172733437e-01, 1.048499928005e-06, 1.0655e+01, 2.4007e-01, 
 2DIAGNOSTIC,    28, -6.450164685573e-01, 1.051839721600e-06, 1.0871e+01, 2.1586e-01, 
 2DIAGNOSTIC,    29, -6.450160914315e-01, 1.048571141762e-06, 1.1142e+01, 2.7088e-01, 
DIAGNOSTIC,Iteration,metricValue,convergenceValue,ITERATION_TIME_INDEX,SINCE_LAST
 2DIAGNOSTIC,     1, -5.763801528465e-01, 1.797693134862e+308, 1.3871e+01, 2.7295e+00, 
 2DIAGNOSTIC,     2, -5.768169910933e-01, 1.797693134862e+308, 1.5531e+01, 1.6593e+00, 
 2DIAGNOSTIC,     3, -5.773060910385e-01, 1.797693134862e+308, 1.7045e+01, 1.5145e+00, 
 2DIAGNOSTIC,     4, -5.778243261012e-01, 1.797693134862e+308, 1.8684e+01, 1.6383e+00, 
 2DIAGNOSTIC,     5, -5.787144929439e-01, 1.797693134862e+308, 2.0561e+01, 1.8779e+00, 
