
##########################
# Experiment information #
##########################

EXPERIMENT_NAME: antsRegistration-r8-p8
VFC_BACKENDS: libinterflop_vprec.so --range-binary32=8 --precision-binary32=8 --range-binary64=8 --precision-binary64=8

SIF_IMG: /home/mdugre/projects/rrg-glatard/mdugre/containers/ants-vprec-no_metrics.simg

SUBJECT_ID: s035
INPUT_IMG: /home/mdugre/scratch/mri-registration-rp/datasets/ds004513/derivatives/mri-registration-rp/antsBrainExtraction/sub-s035/BrainExtractionBrain.nii.gz
OUTPUT_DIR: /home/mdugre/scratch/mri-registration-rp/datasets/ds004513/derivatives/mri-registration-rp/0001/antsRegistration-r8-p8/sub-s035

FIXED_IMG: /templateflow/tpl-MNI152NLin2009cAsym/tpl-MNI152NLin2009cAsym_res-01_desc-brain_T1w.nii.gz
DATA_DIR: /home/mdugre/scratch/mri-registration-rp/datasets/ds004513
TEMPLATEFLOW_DIR: /home/mdugre/projects/rrg-glatard/mdugre/templateflow
ITK_GLOBAL_DEFAULT_NUMBER_OF_THREADS: 16
##########################

Info [verificarlo]: loaded backend libinterflop_ieee.so
Info [interflop-ieee]: load backend with:
Info [interflop-ieee]: debug = false
Info [interflop-ieee]: debug-binary = false
Info [interflop-ieee]: no-backend-name = false
Info [interflop-ieee]: print-new-line = false
Info [interflop-ieee]: print-subnormal-normalized = false
Info [interflop-ieee]: count-op = false
All_Command_lines_OK
Using double precision for computations.
=============================================================================
The composite transform comprises the following transforms (in order): 
  1. Center of mass alignment using fixed image: /templateflow/tpl-MNI152NLin2009cAsym/tpl-MNI152NLin2009cAsym_res-01_desc-brain_T1w.nii.gz and moving image: /home/mdugre/scratch/mri-registration-rp/datasets/ds004513/derivatives/mri-registration-rp/antsBrainExtraction/sub-s035/BrainExtractionBrain.nii.gz (type = Euler3DTransform)
=============================================================================
  number of levels = 1
  fixed image: /templateflow/tpl-MNI152NLin2009cAsym/tpl-MNI152NLin2009cAsym_res-01_desc-brain_T1w.nii.gz
  moving image: /home/mdugre/scratch/mri-registration-rp/datasets/ds004513/derivatives/mri-registration-rp/antsBrainExtraction/sub-s035/BrainExtractionBrain.nii.gz
Dimension = 3
Number of stages = 1
Use histogram matching = false
Winsorize image intensities = true
  Lower quantile = 0.005
  Upper quantile = 0.995


Stage 1 State
   Image metric = MattesMI
     Fixed image = Image (0x46aebd0)
  RTTI typeinfo:   itk::Image<double, 3u>
  Reference Count: 2
  Modified Time: 2330
  Debug: Off
  Object Name: 
  Observers: 
    none
  Source: (none)
  Source output name: (none)
  Release Data: Off
  Data Released: False
  Global Release Data: Off
  PipelineMTime: 0
  UpdateMTime: 1941
  RealTimeStamp: 0 seconds 
  LargestPossibleRegion: 
    Dimension: 3
    Index: [0, 0, 0]
    Size: [193, 229, 193]
  BufferedRegion: 
    Dimension: 3
    Index: [0, 0, 0]
    Size: [193, 229, 193]
  RequestedRegion: 
    Dimension: 3
    Index: [0, 0, 0]
    Size: [193, 229, 193]
  Spacing: [1, 1, 1]
  Origin: [96, 132, -78]
  Direction: 
-1 0 0
0 -1 0
0 0 1

  IndexToPointMatrix: 
-1 0 0
0 -1 0
0 0 1

  PointToIndexMatrix: 
-1 0 0
0 -1 0
0 0 1

  Inverse Direction: 
-1 0 0
0 -1 0
0 0 1

  PixelContainer: 
    ImportImageContainer (0x46b79e0)
      RTTI typeinfo:   itk::ImportImageContainer<unsigned long, double>
      Reference Count: 1
      Modified Time: 1938
      Debug: Off
      Object Name: 
      Observers: 
        none
      Pointer: 0x14f51a9ad010
      Container manages memory: true
      Size: 8530021
      Capacity: 8530021

     Moving image = Image (0x46b8d40)
  RTTI typeinfo:   itk::Image<double, 3u>
  Reference Count: 2
  Modified Time: 2331
  Debug: Off
  Object Name: 
  Observers: 
    none
  Source: (none)
  Source output name: (none)
  Release Data: Off
  Data Released: False
  Global Release Data: Off
  PipelineMTime: 0
  UpdateMTime: 2328
  RealTimeStamp: 0 seconds 
  LargestPossibleRegion: 
    Dimension: 3
    Index: [0, 0, 0]
    Size: [160, 240, 256]
  BufferedRegion: 
    Dimension: 3
    Index: [0, 0, 0]
    Size: [160, 240, 256]
  RequestedRegion: 
    Dimension: 3
    Index: [0, 0, 0]
    Size: [160, 240, 256]
  Spacing: [1, 1, 1]
  Origin: [98.6438, 87.6358, -117.989]
  Direction: 
-0.993515 -0.100993 -0.0522355
0.100854 -0.994887 0.00530255
-0.0525039 1.93537e-08 0.998621

  IndexToPointMatrix: 
-0.993515 -0.100993 -0.0522355
0.100854 -0.994887 0.00530255
-0.0525039 1.93537e-08 0.998621

  PointToIndexMatrix: 
-0.993515 0.100854 -0.0525039
-0.100993 -0.994887 1.93006e-08
-0.0522355 0.00530255 0.998621

  Inverse Direction: 
-0.993515 0.100854 -0.0525039
-0.100993 -0.994887 1.93006e-08
-0.0522355 0.00530255 0.998621

  PixelContainer: 
    ImportImageContainer (0x46de850)
      RTTI typeinfo:   itk::ImportImageContainer<unsigned long, double>
      Reference Count: 1
      Modified Time: 2325
      Debug: Off
      Object Name: 
      Observers: 
        none
      Pointer: 0x14f515eac010
      Container manages memory: true
      Size: 9830400
      Capacity: 9830400

     Weighting = 1
     Sampling strategy = regular
     Number of bins = 32
     Radius = 4
     Sampling percentage  = 0.25
   Transform = Rigid
     Gradient step = 0.1
     Update field sigma (voxel space) = 0
     Total field sigma (voxel space) = 0
     Update field time sigma = 0
     Total field time sigma  = 0
     Number of time indices = 0
     Number of time point samples = 0
Registration using 1 total stages.

Stage 0
  iterations = 0
  convergence threshold = 1e-06
  convergence window size = 10
  number of levels = 1
  using the Mattes MI metric (number of bins = 32, weight = 1, use gradient filter = 0)
  preprocessing:  winsorizing the image intensities
  Shrink factors (level 1 out of 1): [1, 1, 1]
  smoothing sigmas per level: [0]
  regular sampling (percentage = 0.25)

*** Running Euler3DTransform registration ***

  Elapsed time (stage 0): 1.13705


Total elapsed time: 1.13897
Info [verificarlo]: loaded backend libinterflop_ieee.so
Info [interflop-ieee]: load backend with:
Info [interflop-ieee]: debug = false
Info [interflop-ieee]: debug-binary = false
Info [interflop-ieee]: no-backend-name = false
Info [interflop-ieee]: print-new-line = false
Info [interflop-ieee]: print-subnormal-normalized = false
Info [interflop-ieee]: count-op = false
All_Command_lines_OK
Using double precision for computations.
=============================================================================
The composite transform comprises the following transforms (in order): 
  1. /home/mdugre/scratch/mri-registration-rp/datasets/ds004513/derivatives/mri-registration-rp/0001/antsRegistration-r8-p8/sub-s035/align_Composite.h5[0] (type = Euler3DTransform)
  2. /home/mdugre/scratch/mri-registration-rp/datasets/ds004513/derivatives/mri-registration-rp/0001/antsRegistration-r8-p8/sub-s035/align_Composite.h5[1] (type = Euler3DTransform)
=============================================================================
  number of levels = 4
  fixed image: /templateflow/tpl-MNI152NLin2009cAsym/tpl-MNI152NLin2009cAsym_res-01_desc-brain_T1w.nii.gz
  moving image: /home/mdugre/scratch/mri-registration-rp/datasets/ds004513/derivatives/mri-registration-rp/antsBrainExtraction/sub-s035/BrainExtractionBrain.nii.gz
Dimension = 3
Number of stages = 1
Use histogram matching = false
Winsorize image intensities = true
  Lower quantile = 0.005
  Upper quantile = 0.995


Stage 1 State
   Image metric = MattesMI
     Fixed image = Image (0x348c530)
  RTTI typeinfo:   itk::Image<double, 3u>
  Reference Count: 2
  Modified Time: 1578
  Debug: Off
  Object Name: 
  Observers: 
    none
  Source: (none)
  Source output name: (none)
  Release Data: Off
  Data Released: False
  Global Release Data: Off
  PipelineMTime: 0
  UpdateMTime: 1189
  RealTimeStamp: 0 seconds 
  LargestPossibleRegion: 
    Dimension: 3
    Index: [0, 0, 0]
    Size: [193, 229, 193]
  BufferedRegion: 
    Dimension: 3
    Index: [0, 0, 0]
    Size: [193, 229, 193]
  RequestedRegion: 
    Dimension: 3
    Index: [0, 0, 0]
    Size: [193, 229, 193]
  Spacing: [1, 1, 1]
  Origin: [96, 132, -78]
  Direction: 
-1 0 0
0 -1 0
0 0 1

  IndexToPointMatrix: 
-1 0 0
0 -1 0
0 0 1

  PointToIndexMatrix: 
-1 0 0
0 -1 0
0 0 1

  Inverse Direction: 
-1 0 0
0 -1 0
0 0 1

  PixelContainer: 
    ImportImageContainer (0x354ad60)
      RTTI typeinfo:   itk::ImportImageContainer<unsigned long, double>
      Reference Count: 1
      Modified Time: 1186
      Debug: Off
      Object Name: 
      Observers: 
        none
      Pointer: 0x154ea82ce010
      Container manages memory: true
      Size: 8530021
      Capacity: 8530021

     Moving image = Image (0x353cf60)
  RTTI typeinfo:   itk::Image<double, 3u>
  Reference Count: 2
  Modified Time: 1579
  Debug: Off
  Object Name: 
  Observers: 
    none
  Source: (none)
  Source output name: (none)
  Release Data: Off
  Data Released: False
  Global Release Data: Off
  PipelineMTime: 0
  UpdateMTime: 1576
  RealTimeStamp: 0 seconds 
  LargestPossibleRegion: 
    Dimension: 3
    Index: [0, 0, 0]
    Size: [160, 240, 256]
  BufferedRegion: 
    Dimension: 3
    Index: [0, 0, 0]
    Size: [160, 240, 256]
  RequestedRegion: 
    Dimension: 3
    Index: [0, 0, 0]
    Size: [160, 240, 256]
  Spacing: [1, 1, 1]
  Origin: [98.6438, 87.6358, -117.989]
  Direction: 
-0.993515 -0.100993 -0.0522355
0.100854 -0.994887 0.00530255
-0.0525039 1.93537e-08 0.998621

  IndexToPointMatrix: 
-0.993515 -0.100993 -0.0522355
0.100854 -0.994887 0.00530255
-0.0525039 1.93537e-08 0.998621

  PointToIndexMatrix: 
-0.993515 0.100854 -0.0525039
-0.100993 -0.994887 1.93006e-08
-0.0522355 0.00530255 0.998621

  Inverse Direction: 
-0.993515 0.100854 -0.0525039
-0.100993 -0.994887 1.93006e-08
-0.0522355 0.00530255 0.998621

  PixelContainer: 
    ImportImageContainer (0x352e6d0)
      RTTI typeinfo:   itk::ImportImageContainer<unsigned long, double>
      Reference Count: 1
      Modified Time: 1573
      Debug: Off
      Object Name: 
      Observers: 
        none
      Pointer: 0x154ea37cd010
      Container manages memory: true
      Size: 9830400
      Capacity: 9830400

     Weighting = 1
     Sampling strategy = regular
     Number of bins = 32
     Radius = 4
     Sampling percentage  = 0.25
   Transform = Rigid
     Gradient step = 0.1
     Update field sigma (voxel space) = 0
     Total field sigma (voxel space) = 0
     Update field time sigma = 0
     Total field time sigma  = 0
     Number of time indices = 0
     Number of time point samples = 0
Registration using 1 total stages.

Stage 0
  iterations = 1000x500x250x100
  convergence threshold = 1e-06
  convergence window size = 10
  number of levels = 4
  using the Mattes MI metric (number of bins = 32, weight = 1, use gradient filter = 0)
  preprocessing:  winsorizing the image intensities
  Shrink factors (level 1 out of 4): [8, 8, 8]
  Shrink factors (level 2 out of 4): [4, 4, 4]
  Shrink factors (level 3 out of 4): [2, 2, 2]
  Shrink factors (level 4 out of 4): [1, 1, 1]
  smoothing sigmas per level: [3, 2, 1, 0]
  regular sampling (percentage = 0.25)

*** Running Euler3DTransform registration ***

DIAGNOSTIC,Iteration,metricValue,convergenceValue,ITERATION_TIME_INDEX,SINCE_LAST
 2DIAGNOSTIC,     1, -5.238630234552e-01, 1.797693134862e+308, 7.4961e-01, 7.4961e-01, 
 2DIAGNOSTIC,     2, -5.257885820767e-01, 1.797693134862e+308, 7.5488e-01, 5.2700e-03, 
 2DIAGNOSTIC,     3, -5.278597554839e-01, 1.797693134862e+308, 7.6048e-01, 5.6028e-03, 
 2DIAGNOSTIC,     4, -5.302176117225e-01, 1.797693134862e+308, 7.6623e-01, 5.7549e-03, 
 2DIAGNOSTIC,     5, -5.343462816845e-01, 1.797693134862e+308, 7.7153e-01, 5.2950e-03, 
 2DIAGNOSTIC,     6, -5.399239396740e-01, 1.797693134862e+308, 7.7704e-01, 5.5130e-03, 
 2DIAGNOSTIC,     7, -5.490554822001e-01, 1.797693134862e+308, 7.8193e-01, 4.8840e-03, 
 2DIAGNOSTIC,     8, -5.545204224448e-01, 1.797693134862e+308, 7.8869e-01, 6.7611e-03, 
 2DIAGNOSTIC,     9, -5.601437715553e-01, 1.797693134862e+308, 7.9391e-01, 5.2269e-03, 
 2DIAGNOSTIC,    10, -5.617741193774e-01, 5.067640484485e-03, 7.9957e-01, 5.6529e-03, 
 2DIAGNOSTIC,    11, -5.649562249041e-01, 4.796539612083e-03, 8.0734e-01, 7.7751e-03, 
 2DIAGNOSTIC,    12, -5.658710903081e-01, 4.260783098155e-03, 8.1292e-01, 5.5759e-03, 
 2DIAGNOSTIC,    13, -5.662828333056e-01, 3.524744036645e-03, 8.1799e-01, 5.0709e-03, 
 2DIAGNOSTIC,    14, -5.685908474577e-01, 2.751340472953e-03, 8.2403e-01, 6.0441e-03, 
 2DIAGNOSTIC,    15, -5.732745043306e-01, 2.134644679428e-03, 8.3213e-01, 8.0960e-03, 
 2DIAGNOSTIC,    16, -5.738084427846e-01, 1.591333148337e-03, 8.3912e-01, 6.9869e-03, 
 2DIAGNOSTIC,    17, -5.739093703465e-01, 1.247363567741e-03, 8.4414e-01, 5.0201e-03, 
 2DIAGNOSTIC,    18, -5.745773598458e-01, 1.002163966317e-03, 8.4912e-01, 4.9829e-03, 
 2DIAGNOSTIC,    19, -5.752045522722e-01, 8.579763081915e-04, 8.5416e-01, 5.0409e-03, 
 2DIAGNOSTIC,    20, -5.755578777726e-01, 6.955845773847e-04, 8.5951e-01, 5.3511e-03, 
 2DIAGNOSTIC,    21, -5.761681227724e-01, 5.767135182664e-04, 8.6510e-01, 5.5840e-03, 
 2DIAGNOSTIC,    22, -5.775610178280e-01, 4.707067062486e-04, 8.7071e-01, 5.6179e-03, 
 2DIAGNOSTIC,    23, -5.801876522128e-01, 3.965856196671e-04, 8.7601e-01, 5.2979e-03, 
 2DIAGNOSTIC,    24, -5.873578871725e-01, 4.881452203068e-04, 8.8448e-01, 8.4689e-03, 
 2DIAGNOSTIC,    25, -5.924052233419e-01, 7.199711433218e-04, 8.9103e-01, 6.5491e-03, 
 2DIAGNOSTIC,    26, -5.933789722459e-01, 8.944842697467e-04, 8.9667e-01, 5.6360e-03, 
 2DIAGNOSTIC,    27, -5.948140362526e-01, 1.002036484184e-03, 9.0210e-01, 5.4381e-03, 
 2DIAGNOSTIC,    28, -5.954370004487e-01, 1.029952320617e-03, 9.0672e-01, 4.6132e-03, 
 2DIAGNOSTIC,    29, -5.955619965564e-01, 9.699000560646e-04, 9.1132e-01, 4.6020e-03, 
 2DIAGNOSTIC,    30, -5.960977142383e-01, 8.366692958071e-04, 9.1591e-01, 4.5941e-03, 
 2DIAGNOSTIC,    31, -5.971105016094e-01, 6.606986234022e-04, 9.2118e-01, 5.2691e-03, 
 2DIAGNOSTIC,    32, -5.989728413269e-01, 4.853112631938e-04, 9.2809e-01, 6.9129e-03, 
 2DIAGNOSTIC,    33, -5.996340170906e-01, 3.222359244180e-04, 9.3273e-01, 4.6351e-03, 
 2DIAGNOSTIC,    34, -5.997688324583e-01, 2.443793008906e-04, 9.3753e-01, 4.7970e-03, 
 2DIAGNOSTIC,    35, -5.999328162562e-01, 2.224308781353e-04, 9.4320e-01, 5.6691e-03, 
 2DIAGNOSTIC,    36, -6.001598298361e-01, 1.965988099714e-04, 9.4774e-01, 4.5462e-03, 
 2DIAGNOSTIC,    37, -6.004938012817e-01, 1.767006111593e-04, 9.5288e-01, 5.1429e-03, 
 2DIAGNOSTIC,    38, -6.008280009966e-01, 1.536048155870e-04, 9.5756e-01, 4.6799e-03, 
 2DIAGNOSTIC,    39, -6.038559363847e-01, 1.574331424863e-04, 9.6300e-01, 5.4379e-03, 
 2DIAGNOSTIC,    40, -6.077047306147e-01, 1.993081284577e-04, 9.6799e-01, 4.9870e-03, 
 2DIAGNOSTIC,    41, -6.174632678326e-01, 3.481386875461e-04, 9.7426e-01, 6.2709e-03, 
 2DIAGNOSTIC,    42, -6.161977706017e-01, 4.608904951286e-04, 9.8599e-01, 1.1728e-02, 
 2DIAGNOSTIC,    43, -6.161564334318e-01, 5.335366874515e-04, 9.9060e-01, 4.6129e-03, 
 2DIAGNOSTIC,    44, -6.170772049098e-01, 5.644815340009e-04, 9.9549e-01, 4.8900e-03, 
 2DIAGNOSTIC,    45, -6.185357137276e-01, 5.560469884247e-04, 1.0004e+00, 4.8630e-03, 
 2DIAGNOSTIC,    46, -6.206472517131e-01, 5.180553704667e-04, 1.0050e+00, 4.6189e-03, 
 2DIAGNOSTIC,    47, -6.234100377230e-01, 4.649601511180e-04, 1.0096e+00, 4.5998e-03, 
 2DIAGNOSTIC,    48, -6.282459745610e-01, 4.232183201315e-04, 1.0157e+00, 6.0899e-03, 
 2DIAGNOSTIC,    49, -6.332856997920e-01, 4.219356187372e-04, 1.0203e+00, 4.6191e-03, 
 2DIAGNOSTIC,    50, -6.437673426419e-01, 5.158706182383e-04, 1.0249e+00, 4.6401e-03, 
 2DIAGNOSTIC,    51, -6.567709944280e-01, 7.709778153514e-04, 1.0297e+00, 4.8130e-03, 
 2DIAGNOSTIC,    52, -6.630139258697e-01, 9.856120807977e-04, 1.0354e+00, 5.6279e-03, 
 2DIAGNOSTIC,    53, -6.637658025933e-01, 1.103855245497e-03, 1.0401e+00, 4.6871e-03, 
 2DIAGNOSTIC,    54, -6.646848112663e-01, 1.129224830892e-03, 1.0449e+00, 4.8239e-03, 
 2DIAGNOSTIC,    55, -6.699955132300e-01, 1.103370640109e-03, 1.0538e+00, 8.8859e-03, 
 2DIAGNOSTIC,    56, -6.720090144797e-01, 1.005090236636e-03, 1.0605e+00, 6.7060e-03, 
 2DIAGNOSTIC,    57, -6.720481918682e-01, 8.375242757262e-04, 1.0651e+00, 4.6389e-03, 
 2DIAGNOSTIC,    58, -6.725919740542e-01, 6.425668758261e-04, 1.0695e+00, 4.3521e-03, 
 2DIAGNOSTIC,    59, -6.729036468210e-01, 4.360797851934e-04, 1.0738e+00, 4.3280e-03, 
 2DIAGNOSTIC,    60, -6.731488765498e-01, 2.773044885331e-04, 1.0781e+00, 4.3302e-03, 
 2DIAGNOSTIC,    61, -6.734259105495e-01, 1.993310242539e-04, 1.0825e+00, 4.3590e-03, 
 2DIAGNOSTIC,    62, -6.739132158376e-01, 1.568958953590e-04, 1.0869e+00, 4.4539e-03, 
 2DIAGNOSTIC,    63, -6.762843265511e-01, 1.247260420530e-04, 1.0931e+00, 6.1281e-03, 
 2DIAGNOSTIC,    64, -6.766381579915e-01, 8.969317381773e-05, 1.0975e+00, 4.4072e-03, 
 2DIAGNOSTIC,    65, -6.771215218576e-01, 8.898250386685e-05, 1.1018e+00, 4.3859e-03, 
 2DIAGNOSTIC,    66, -6.778537252409e-01, 9.953389725966e-05, 1.1069e+00, 5.0480e-03, 
 2DIAGNOSTIC,    67, -6.792268320294e-01, 1.098306533937e-04, 1.1134e+00, 6.5320e-03, 
 2DIAGNOSTIC,    68, -6.807680854350e-01, 1.231389577385e-04, 1.1181e+00, 4.6382e-03, 
 2DIAGNOSTIC,    69, -6.815199623072e-01, 1.312164291948e-04, 1.1225e+00, 4.4479e-03, 
 2DIAGNOSTIC,    70, -6.818104816782e-01, 1.303110716787e-04, 1.1285e+00, 5.9829e-03, 
 2DIAGNOSTIC,    71, -6.820510282743e-01, 1.205024076891e-04, 1.1329e+00, 4.3790e-03, 
 2DIAGNOSTIC,    72, -6.822317008849e-01, 1.032402469507e-04, 1.1374e+00, 4.5111e-03, 
 2DIAGNOSTIC,    73, -6.825798772098e-01, 9.372201563718e-05, 1.1435e+00, 6.1090e-03, 
 2DIAGNOSTIC,    74, -6.826263893434e-01, 7.797264204745e-05, 1.1479e+00, 4.3929e-03, 
 2DIAGNOSTIC,    75, -6.826914511722e-01, 5.871085688784e-05, 1.1523e+00, 4.4119e-03, 
 2DIAGNOSTIC,    76, -6.828123249578e-01, 3.951645035445e-05, 1.1567e+00, 4.4098e-03, 
 2DIAGNOSTIC,    77, -6.832344907895e-01, 2.762803592398e-05, 1.1611e+00, 4.3890e-03, 
 2DIAGNOSTIC,    78, -6.838171732352e-01, 2.580776355196e-05, 1.1685e+00, 7.3681e-03, 
 2DIAGNOSTIC,    79, -6.837376309839e-01, 2.542010266463e-05, 1.1734e+00, 4.9610e-03, 
 2DIAGNOSTIC,    80, -6.837940929251e-01, 2.471284385171e-05, 1.1776e+00, 4.1862e-03, 
 2DIAGNOSTIC,    81, -6.839726447494e-01, 2.407026829922e-05, 1.1821e+00, 4.4682e-03, 
 2DIAGNOSTIC,    82, -6.841107702668e-01, 2.281044038950e-05, 1.1868e+00, 4.6902e-03, 
 2DIAGNOSTIC,    83, -6.851045732255e-01, 2.675722725079e-05, 1.1929e+00, 6.1350e-03, 
 2DIAGNOSTIC,    84, -6.858177546229e-01, 3.208754308877e-05, 1.1988e+00, 5.8520e-03, 
 2DIAGNOSTIC,    85, -6.861555365298e-01, 3.640284751940e-05, 1.2063e+00, 7.5200e-03, 
 2DIAGNOSTIC,    86, -6.861558320178e-01, 3.780069810710e-05, 1.2116e+00, 5.2781e-03, 
 2DIAGNOSTIC,    87, -6.861668485017e-01, 3.777657075109e-05, 1.2169e+00, 5.2991e-03, 
 2DIAGNOSTIC,    88, -6.861798976303e-01, 3.717387937317e-05, 1.2219e+00, 5.0168e-03, 
 2DIAGNOSTIC,    89, -6.861875904760e-01, 3.259251987473e-05, 1.2273e+00, 5.3771e-03, 
 2DIAGNOSTIC,    90, -6.861914110238e-01, 2.533767149348e-05, 1.2317e+00, 4.4351e-03, 
 2DIAGNOSTIC,    91, -6.861984015635e-01, 1.686209948776e-05, 1.2362e+00, 4.4651e-03, 
 2DIAGNOSTIC,    92, -6.862113019247e-01, 7.665949172564e-06, 1.2402e+00, 4.0472e-03, 
 2DIAGNOSTIC,    93, -6.862267026580e-01, 2.805815700639e-06, 1.2444e+00, 4.2031e-03, 
 2DIAGNOSTIC,    94, -6.862421150242e-01, 1.277192327976e-06, 1.2561e+00, 1.1736e-02, 
 2DIAGNOSTIC,    95, -6.863402654522e-01, 1.767505668077e-06, 1.2623e+00, 6.1119e-03, 
 2DIAGNOSTIC,    96, -6.863402372424e-01, 2.100174190337e-06, 1.2672e+00, 4.9460e-03, 
 2DIAGNOSTIC,    97, -6.863404818919e-01, 2.313683961565e-06, 1.2717e+00, 4.4601e-03, 
 2DIAGNOSTIC,    98, -6.863412456778e-01, 2.401947633702e-06, 1.2762e+00, 4.5750e-03, 
 2DIAGNOSTIC,    99, -6.863464818616e-01, 2.346385750531e-06, 1.2821e+00, 5.8529e-03, 
 2DIAGNOSTIC,   100, -6.863467848993e-01, 2.109908991224e-06, 1.2880e+00, 5.9531e-03, 
 2DIAGNOSTIC,   101, -6.863467908401e-01, 1.737787498252e-06, 1.3014e+00, 1.3343e-02, 
 2DIAGNOSTIC,   102, -6.863467908400e-01, 1.301436049168e-06, 1.3104e+00, 9.0652e-03, 
DIAGNOSTIC,Iteration,metricValue,convergenceValue,ITERATION_TIME_INDEX,SINCE_LAST
 2DIAGNOSTIC,     1, -5.582108427736e-01, 1.797693134862e+308, 2.0348e+00, 7.2439e-01, 
 2DIAGNOSTIC,     2, -5.585587775907e-01, 1.797693134862e+308, 2.0630e+00, 2.8137e-02, 
 2DIAGNOSTIC,     3, -5.591020158043e-01, 1.797693134862e+308, 2.0929e+00, 2.9933e-02, 
 2DIAGNOSTIC,     4, -5.597968363624e-01, 1.797693134862e+308, 2.1232e+00, 3.0253e-02, 
 2DIAGNOSTIC,     5, -5.608403114718e-01, 1.797693134862e+308, 2.1548e+00, 3.1622e-02, 
 2DIAGNOSTIC,     6, -5.612104709455e-01, 1.797693134862e+308, 2.1861e+00, 3.1318e-02, 
 2DIAGNOSTIC,     7, -5.624339775330e-01, 1.797693134862e+308, 2.2255e+00, 3.9427e-02, 
 2DIAGNOSTIC,     8, -5.635464998196e-01, 1.797693134862e+308, 2.2531e+00, 2.7602e-02, 
 2DIAGNOSTIC,     9, -5.651756189469e-01, 1.797693134862e+308, 2.2873e+00, 3.4156e-02, 
 2DIAGNOSTIC,    10, -5.659746989042e-01, 9.121233838682e-04, 2.3220e+00, 3.4767e-02, 
 2DIAGNOSTIC,    11, -5.659973098484e-01, 8.620628352612e-04, 2.3492e+00, 2.7175e-02, 
 2DIAGNOSTIC,    12, -5.662055053124e-01, 7.676220777449e-04, 2.3765e+00, 2.7247e-02, 
 2DIAGNOSTIC,    13, -5.662825641027e-01, 6.419610700180e-04, 2.4215e+00, 4.5076e-02, 
 2DIAGNOSTIC,    14, -5.662853825796e-01, 5.000426801820e-04, 2.4619e+00, 4.0376e-02, 
 2DIAGNOSTIC,    15, -5.662618263421e-01, 3.662834769942e-04, 2.4931e+00, 3.1216e-02, 
 2DIAGNOSTIC,    16, -5.662481496080e-01, 2.272792545824e-04, 2.5275e+00, 3.4332e-02, 
 2DIAGNOSTIC,    17, -5.662436586535e-01, 1.200598768950e-04, 2.5582e+00, 3.0683e-02, 
 2DIAGNOSTIC,    18, -5.662386464768e-01, 4.382411363887e-05, 2.5873e+00, 2.9161e-02, 
 2DIAGNOSTIC,    19, -5.662370298762e-01, 1.441790473053e-05, 2.6169e+00, 2.9553e-02, 
 2DIAGNOSTIC,    20, -5.662679805515e-01, 7.787716849693e-06, 2.6509e+00, 3.4023e-02, 
 2DIAGNOSTIC,    21, -5.662888026260e-01, 2.121740731609e-06, 2.6854e+00, 3.4492e-02, 
 2DIAGNOSTIC,    22, -5.663079108738e-01, 2.061544908873e-06, 2.7178e+00, 3.2376e-02, 
 2DIAGNOSTIC,    23, -5.663047972160e-01, 3.563197133925e-06, 2.7522e+00, 3.4487e-02, 
 2DIAGNOSTIC,    24, -5.663199063601e-01, 5.133157260605e-06, 2.8048e+00, 5.2530e-02, 
 2DIAGNOSTIC,    25, -5.663091691822e-01, 5.519226641493e-06, 2.8480e+00, 4.3223e-02, 
 2DIAGNOSTIC,    26, -5.663148607879e-01, 5.320738156976e-06, 2.8875e+00, 3.9483e-02, 
 2DIAGNOSTIC,    27, -5.662975680799e-01, 4.348937405724e-06, 2.9225e+00, 3.5042e-02, 
 2DIAGNOSTIC,    28, -5.662986799365e-01, 3.097210614936e-06, 2.9622e+00, 3.9695e-02, 
 2DIAGNOSTIC,    29, -5.662903796971e-01, 1.563365086416e-06, 2.9996e+00, 3.7360e-02, 
DIAGNOSTIC,Iteration,metricValue,convergenceValue,ITERATION_TIME_INDEX,SINCE_LAST
 2DIAGNOSTIC,     1, -5.037839975888e-01, 1.797693134862e+308, 4.0734e+00, 1.0738e+00, 
 2DIAGNOSTIC,     2, -5.039964618728e-01, 1.797693134862e+308, 4.3067e+00, 2.3329e-01, 
 2DIAGNOSTIC,     3, -5.041707473005e-01, 1.797693134862e+308, 4.5444e+00, 2.3774e-01, 
 2DIAGNOSTIC,     4, -5.043030834967e-01, 1.797693134862e+308, 4.8492e+00, 3.0484e-01, 
 2DIAGNOSTIC,     5, -5.043064964303e-01, 1.797693134862e+308, 5.0791e+00, 2.2992e-01, 
 2DIAGNOSTIC,     6, -5.044476739937e-01, 1.797693134862e+308, 5.4068e+00, 3.2769e-01, 
 2DIAGNOSTIC,     7, -5.045679936880e-01, 1.797693134862e+308, 5.6920e+00, 2.8521e-01, 
 2DIAGNOSTIC,     8, -5.046624119886e-01, 1.797693134862e+308, 6.2312e+00, 5.3911e-01, 
 2DIAGNOSTIC,     9, -5.046614671972e-01, 1.797693134862e+308, 6.5453e+00, 3.1414e-01, 
 2DIAGNOSTIC,    10, -5.046622391241e-01, 1.131452113335e-04, 6.8953e+00, 3.4996e-01, 
 2DIAGNOSTIC,    11, -5.046624560065e-01, 8.142145653552e-05, 7.2031e+00, 3.0786e-01, 
 2DIAGNOSTIC,    12, -5.046607661533e-01, 5.754903754508e-05, 7.4794e+00, 2.7629e-01, 
 2DIAGNOSTIC,    13, -5.046599458243e-01, 3.976402997048e-05, 7.7401e+00, 2.6068e-01, 
 2DIAGNOSTIC,    14, -5.046582017381e-01, 2.651718316790e-05, 8.0187e+00, 2.7866e-01, 
 2DIAGNOSTIC,    15, -5.046593436135e-01, 1.295541654507e-05, 8.3038e+00, 2.8503e-01, 
 2DIAGNOSTIC,    16, -5.046586054160e-01, 4.956797284614e-06, 8.5761e+00, 2.7234e-01, 
 2DIAGNOSTIC,    17, -5.046568576450e-01, 1.467248592783e-06, 8.8489e+00, 2.7279e-01, 
 2DIAGNOSTIC,    18, -5.046569416931e-01, 1.364605239855e-06, 9.0901e+00, 2.4123e-01, 
 2DIAGNOSTIC,    19, -5.046542763876e-01, 1.201484016097e-06, 9.3358e+00, 2.4562e-01, 
 2DIAGNOSTIC,    20, -5.046516839737e-01, 1.047347913299e-06, 9.6195e+00, 2.8372e-01, 
DIAGNOSTIC,Iteration,metricValue,convergenceValue,ITERATION_TIME_INDEX,SINCE_LAST
 2DIAGNOSTIC,     1, -4.671783425623e-01, 1.797693134862e+308, 1.2089e+01, 2.4692e+00, 
 2DIAGNOSTIC,     2, -4.672988098268e-01, 1.797693134862e+308, 1.3535e+01, 1.4462e+00, 
 2DIAGNOSTIC,     3, -4.673856800835e-01, 1.797693134862e+308, 1.5824e+01, 2.2890e+00, 
 2DIAGNOSTIC,     4, -4.673867827658e-01, 1.797693134862e+308, 1.8250e+01, 2.4258e+00, 
 2DIAGNOSTIC,     5, -4.673867676444e-01, 1.797693134862e+308, 2.2725e+01, 4.4753e+00, 
 2DIAGNOSTIC,     6, -4.673867676439e-01, 1.797693134862e+308, 2.6198e+01, 3.4731e+00, 
 2DIAGNOSTIC,     7, -4.673867676439e-01, 1.797693134862e+308, 2.7992e+01, 1.7935e+00, 
 2DIAGNOSTIC,     8, -4.673867676439e-01, 1.797693134862e+308, 2.9595e+01, 1.6037e+00, 
 2DIAGNOSTIC,     9, -4.673867676439e-01, 1.797693134862e+308, 3.1433e+01, 1.8377e+00, 
 2DIAGNOSTIC,    10, -4.673867676439e-01, 2.057432275047e-05, 3.2961e+01, 1.5278e+00, 
 2DIAGNOSTIC,    11, -4.673867676439e-01, 7.806533586091e-06, 3.4497e+01, 1.5358e+00, 
 2DIAGNOSTIC,    12, -4.673867676439e-01, 2.705411722634e-06, 3.6144e+01, 1.6474e+00, 
 2DIAGNOSTIC,    13, -4.673867676439e-01, 2.446329554207e-06, 3.8218e+01, 2.0739e+00, 
 2DIAGNOSTIC,    14, -4.673867676439e-01, 2.272240622811e-06, 3.9827e+01, 1.6087e+00, 
 2DIAGNOSTIC,    15, -4.673867676439e-01, 2.120751507531e-06, 4.1382e+01, 1.5551e+00, 
 2DIAGNOSTIC,    16, -4.673867676439e-01, 1.988199265959e-06, 4.3121e+01, 1.7390e+00, 
 2DIAGNOSTIC,    17, -4.673867676439e-01, 1.871241989491e-06, 4.4664e+01, 1.5436e+00, 
 2DIAGNOSTIC,    18, -4.673867676439e-01, 1.767280425460e-06, 4.6288e+01, 1.6234e+00, 
 2DIAGNOSTIC,    19, -4.673867676439e-01, 1.674262550509e-06, 4.7999e+01, 1.7110e+00, 
 2DIAGNOSTIC,    20, -4.673867676439e-01, 1.590546759050e-06, 4.9636e+01, 1.6374e+00, 
 2DIAGNOSTIC,    21, -4.673867676439e-01, 1.514804141747e-06, 5.1341e+01, 1.7052e+00, 
 2DIAGNOSTIC,    22, -4.673867676439e-01, 1.445947416155e-06, 5.2875e+01, 1.5338e+00, 
 2DIAGNOSTIC,    23, -4.673867676439e-01, 1.383078397581e-06, 5.4485e+01, 1.6097e+00, 
 2DIAGNOSTIC,    24, -4.673867676439e-01, 1.325448602825e-06, 5.6205e+01, 1.7197e+00, 
 2DIAGNOSTIC,    25, -4.673867676439e-01, 1.272429309009e-06, 5.8070e+01, 1.8656e+00, 
 2DIAGNOSTIC,    26, -4.673867676439e-01, 1.223488522217e-06, 5.9850e+01, 1.7795e+00, 
 2DIAGNOSTIC,    27, -4.673867676439e-01, 1.178173064366e-06, 6.1616e+01, 1.7664e+00, 
 2DIAGNOSTIC,    28, -4.673867676439e-01, 1.136094498505e-06, 6.3375e+01, 1.7586e+00, 
 2DIAGNOSTIC,    29, -4.673867676439e-01, 1.096917966396e-06, 6.5027e+01, 1.6526e+00, 
 2DIAGNOSTIC,    30, -4.673867676439e-01, 1.060353258482e-06, 6.6598e+01, 1.5705e+00, 
 2DIAGNOSTIC,    31, -4.673867676439e-01, 1.026147612417e-06, 6.8193e+01, 1.5957e+00, 
  Elapsed time (stage 0): 6.8983e+01


Total elapsed time: 6.8985e+01
Info [verificarlo]: loaded backend libinterflop_ieee.so
Info [interflop-ieee]: load backend with:
Info [interflop-ieee]: debug = false
Info [interflop-ieee]: debug-binary = false
Info [interflop-ieee]: no-backend-name = false
Info [interflop-ieee]: print-new-line = false
Info [interflop-ieee]: print-subnormal-normalized = false
Info [interflop-ieee]: count-op = false
All_Command_lines_OK
Using double precision for computations.
=============================================================================
The composite transform comprises the following transforms (in order): 
  1. /home/mdugre/scratch/mri-registration-rp/datasets/ds004513/derivatives/mri-registration-rp/0001/antsRegistration-r8-p8/sub-s035/rigid_Composite.h5[0] (type = Euler3DTransform)
  2. /home/mdugre/scratch/mri-registration-rp/datasets/ds004513/derivatives/mri-registration-rp/0001/antsRegistration-r8-p8/sub-s035/rigid_Composite.h5[1] (type = Euler3DTransform)
  3. /home/mdugre/scratch/mri-registration-rp/datasets/ds004513/derivatives/mri-registration-rp/0001/antsRegistration-r8-p8/sub-s035/rigid_Composite.h5[2] (type = Euler3DTransform)
=============================================================================
  number of levels = 4
  fixed image: /templateflow/tpl-MNI152NLin2009cAsym/tpl-MNI152NLin2009cAsym_res-01_desc-brain_T1w.nii.gz
  moving image: /home/mdugre/scratch/mri-registration-rp/datasets/ds004513/derivatives/mri-registration-rp/antsBrainExtraction/sub-s035/BrainExtractionBrain.nii.gz
Dimension = 3
Number of stages = 1
Use histogram matching = false
Winsorize image intensities = true
  Lower quantile = 0.005
  Upper quantile = 0.995


Stage 1 State
   Image metric = MattesMI
     Fixed image = Image (0x4cd6530)
  RTTI typeinfo:   itk::Image<double, 3u>
  Reference Count: 2
  Modified Time: 1592
  Debug: Off
  Object Name: 
  Observers: 
    none
  Source: (none)
  Source output name: (none)
  Release Data: Off
  Data Released: False
  Global Release Data: Off
  PipelineMTime: 0
  UpdateMTime: 1203
  RealTimeStamp: 0 seconds 
  LargestPossibleRegion: 
    Dimension: 3
    Index: [0, 0, 0]
    Size: [193, 229, 193]
  BufferedRegion: 
    Dimension: 3
    Index: [0, 0, 0]
    Size: [193, 229, 193]
  RequestedRegion: 
    Dimension: 3
    Index: [0, 0, 0]
    Size: [193, 229, 193]
  Spacing: [1, 1, 1]
  Origin: [96, 132, -78]
  Direction: 
-1 0 0
0 -1 0
0 0 1

  IndexToPointMatrix: 
-1 0 0
0 -1 0
0 0 1

  PointToIndexMatrix: 
-1 0 0
0 -1 0
0 0 1

  Inverse Direction: 
-1 0 0
0 -1 0
0 0 1

  PixelContainer: 
    ImportImageContainer (0x4d8f2a0)
      RTTI typeinfo:   itk::ImportImageContainer<unsigned long, double>
      Reference Count: 1
      Modified Time: 1200
      Debug: Off
      Object Name: 
      Observers: 
        none
      Pointer: 0x146ad6dce010
      Container manages memory: true
      Size: 8530021
      Capacity: 8530021

     Moving image = Image (0x4d91e60)
  RTTI typeinfo:   itk::Image<double, 3u>
  Reference Count: 2
  Modified Time: 1593
  Debug: Off
  Object Name: 
  Observers: 
    none
  Source: (none)
  Source output name: (none)
  Release Data: Off
  Data Released: False
  Global Release Data: Off
  PipelineMTime: 0
  UpdateMTime: 1590
  RealTimeStamp: 0 seconds 
  LargestPossibleRegion: 
    Dimension: 3
    Index: [0, 0, 0]
    Size: [160, 240, 256]
  BufferedRegion: 
    Dimension: 3
    Index: [0, 0, 0]
    Size: [160, 240, 256]
  RequestedRegion: 
    Dimension: 3
    Index: [0, 0, 0]
    Size: [160, 240, 256]
  Spacing: [1, 1, 1]
  Origin: [98.6438, 87.6358, -117.989]
  Direction: 
-0.993515 -0.100993 -0.0522355
0.100854 -0.994887 0.00530255
-0.0525039 1.93537e-08 0.998621

  IndexToPointMatrix: 
-0.993515 -0.100993 -0.0522355
0.100854 -0.994887 0.00530255
-0.0525039 1.93537e-08 0.998621

  PointToIndexMatrix: 
-0.993515 0.100854 -0.0525039
-0.100993 -0.994887 1.93006e-08
-0.0522355 0.00530255 0.998621

  Inverse Direction: 
-0.993515 0.100854 -0.0525039
-0.100993 -0.994887 1.93006e-08
-0.0522355 0.00530255 0.998621

  PixelContainer: 
    ImportImageContainer (0x4dc5390)
      RTTI typeinfo:   itk::ImportImageContainer<unsigned long, double>
      Reference Count: 1
      Modified Time: 1587
      Debug: Off
      Object Name: 
      Observers: 
        none
      Pointer: 0x146ad22cd010
      Container manages memory: true
      Size: 9830400
      Capacity: 9830400

     Weighting = 1
     Sampling strategy = regular
     Number of bins = 32
     Radius = 4
     Sampling percentage  = 0.25
   Transform = Affine
     Gradient step = 0.1
     Update field sigma (voxel space) = 0
     Total field sigma (voxel space) = 0
     Update field time sigma = 0
     Total field time sigma  = 0
     Number of time indices = 0
     Number of time point samples = 0
Registration using 1 total stages.

Stage 0
  iterations = 1000x500x250x100
  convergence threshold = 1e-06
  convergence window size = 10
  number of levels = 4
  using the Mattes MI metric (number of bins = 32, weight = 1, use gradient filter = 0)
  preprocessing:  winsorizing the image intensities
  Shrink factors (level 1 out of 4): [8, 8, 8]
  Shrink factors (level 2 out of 4): [4, 4, 4]
  Shrink factors (level 3 out of 4): [2, 2, 2]
  Shrink factors (level 4 out of 4): [1, 1, 1]
  smoothing sigmas per level: [3, 2, 1, 0]
  regular sampling (percentage = 0.25)

*** Running AffineTransform registration ***

DIAGNOSTIC,Iteration,metricValue,convergenceValue,ITERATION_TIME_INDEX,SINCE_LAST
 2DIAGNOSTIC,     1, -6.757328704947e-01, 1.797693134862e+308, 8.4939e-01, 8.4939e-01, 
 2DIAGNOSTIC,     2, -6.778779912935e-01, 1.797693134862e+308, 8.5586e-01, 6.4659e-03, 
 2DIAGNOSTIC,     3, -6.813925277116e-01, 1.797693134862e+308, 8.6140e-01, 5.5470e-03, 
 2DIAGNOSTIC,     4, -6.862967750746e-01, 1.797693134862e+308, 8.6714e-01, 5.7340e-03, 
 2DIAGNOSTIC,     5, -6.944306001550e-01, 1.797693134862e+308, 8.7350e-01, 6.3660e-03, 
 2DIAGNOSTIC,     6, -7.055506440397e-01, 1.797693134862e+308, 8.8015e-01, 6.6459e-03, 
 2DIAGNOSTIC,     7, -7.175869740065e-01, 1.797693134862e+308, 8.8746e-01, 7.3071e-03, 
 2DIAGNOSTIC,     8, -7.355411992929e-01, 1.797693134862e+308, 9.0329e-01, 1.5838e-02, 
 2DIAGNOSTIC,     9, -7.353670337109e-01, 1.797693134862e+308, 9.1026e-01, 6.9661e-03, 
 2DIAGNOSTIC,    10, -7.354603004161e-01, 6.635828855266e-03, 9.1750e-01, 7.2341e-03, 
 2DIAGNOSTIC,    11, -7.354679545597e-01, 5.864028623199e-03, 9.2405e-01, 6.5570e-03, 
 2DIAGNOSTIC,    12, -7.355467173492e-01, 4.768467637658e-03, 9.3120e-01, 7.1511e-03, 
 2DIAGNOSTIC,    13, -7.357971686487e-01, 3.527144264667e-03, 9.3834e-01, 7.1352e-03, 
 2DIAGNOSTIC,    14, -7.357536358564e-01, 2.288420463243e-03, 9.4680e-01, 8.4629e-03, 
 2DIAGNOSTIC,    15, -7.358168313621e-01, 1.231924663376e-03, 9.5381e-01, 7.0090e-03, 
 2DIAGNOSTIC,    16, -7.356768821405e-01, 4.676309457188e-04, 9.6051e-01, 6.6960e-03, 
 2DIAGNOSTIC,    17, -7.356222780010e-01, 2.002414998281e-05, 9.6661e-01, 6.1030e-03, 
 2DIAGNOSTIC,    18, -7.356015088631e-01, 1.591114060191e-05, 9.7287e-01, 6.2580e-03, 
 2DIAGNOSTIC,    19, -7.354861783462e-01, 4.830369243439e-06, 9.7891e-01, 6.0439e-03, 
DIAGNOSTIC,Iteration,metricValue,convergenceValue,ITERATION_TIME_INDEX,SINCE_LAST
 2DIAGNOSTIC,     1, -6.065243482361e-01, 1.797693134862e+308, 1.7468e+00, 7.6788e-01, 
 2DIAGNOSTIC,     2, -6.073691101063e-01, 1.797693134862e+308, 1.7850e+00, 3.8212e-02, 
 2DIAGNOSTIC,     3, -6.084430293085e-01, 1.797693134862e+308, 1.8234e+00, 3.8439e-02, 
 2DIAGNOSTIC,     4, -6.096153631815e-01, 1.797693134862e+308, 1.8587e+00, 3.5210e-02, 
 2DIAGNOSTIC,     5, -6.103801406561e-01, 1.797693134862e+308, 1.9004e+00, 4.1745e-02, 
 2DIAGNOSTIC,     6, -6.107019553429e-01, 1.797693134862e+308, 1.9475e+00, 4.7150e-02, 
 2DIAGNOSTIC,     7, -6.109534481298e-01, 1.797693134862e+308, 1.9945e+00, 4.6939e-02, 
 2DIAGNOSTIC,     8, -6.109700152264e-01, 1.797693134862e+308, 2.0357e+00, 4.1174e-02, 
 2DIAGNOSTIC,     9, -6.109567325751e-01, 1.797693134862e+308, 2.0775e+00, 4.1843e-02, 
 2DIAGNOSTIC,    10, -6.109367931739e-01, 4.692813795143e-04, 2.1236e+00, 4.6069e-02, 
 2DIAGNOSTIC,    11, -6.109444538813e-01, 3.000204361625e-04, 2.1684e+00, 4.4841e-02, 
 2DIAGNOSTIC,    12, -6.109334356783e-01, 1.643552965647e-04, 2.2277e+00, 5.9288e-02, 
 2DIAGNOSTIC,    13, -6.109287793050e-01, 7.259477569975e-05, 2.2755e+00, 4.7780e-02, 
 2DIAGNOSTIC,    14, -6.109217629034e-01, 2.591841754294e-05, 2.3206e+00, 4.5082e-02, 
 2DIAGNOSTIC,    15, -6.109137392402e-01, 6.643523274369e-06, 2.3551e+00, 3.4553e-02, 
DIAGNOSTIC,Iteration,metricValue,convergenceValue,ITERATION_TIME_INDEX,SINCE_LAST
 2DIAGNOSTIC,     1, -5.350665261701e-01, 1.797693134862e+308, 3.4974e+00, 1.1422e+00, 
 2DIAGNOSTIC,     2, -5.355406449549e-01, 1.797693134862e+308, 3.7830e+00, 2.8566e-01, 
 2DIAGNOSTIC,     3, -5.360176799231e-01, 1.797693134862e+308, 4.0760e+00, 2.9302e-01, 
 2DIAGNOSTIC,     4, -5.363434051398e-01, 1.797693134862e+308, 4.4297e+00, 3.5364e-01, 
 2DIAGNOSTIC,     5, -5.364112607198e-01, 1.797693134862e+308, 4.7270e+00, 2.9735e-01, 
 2DIAGNOSTIC,     6, -5.364160720491e-01, 1.797693134862e+308, 5.0884e+00, 3.6138e-01, 
 2DIAGNOSTIC,     7, -5.364140362484e-01, 1.797693134862e+308, 5.4254e+00, 3.3702e-01, 
 2DIAGNOSTIC,     8, -5.364080755738e-01, 1.797693134862e+308, 5.7641e+00, 3.3869e-01, 
 2DIAGNOSTIC,     9, -5.364030626132e-01, 1.797693134862e+308, 6.1107e+00, 3.4660e-01, 
 2DIAGNOSTIC,    10, -5.364062263563e-01, 1.304579806329e-04, 6.4030e+00, 2.9232e-01, 
 2DIAGNOSTIC,    11, -5.364114355464e-01, 6.314190528732e-05, 6.7403e+00, 3.3729e-01, 
 2DIAGNOSTIC,    12, -5.364064953384e-01, 2.198351869986e-05, 7.0857e+00, 3.4535e-01, 
 2DIAGNOSTIC,    13, -5.364145205807e-01, 4.862508051678e-06, 7.5686e+00, 4.8293e-01, 
 2DIAGNOSTIC,    14, -5.364162332375e-01, 2.288540870726e-06, 7.9463e+00, 3.7767e-01, 
 2DIAGNOSTIC,    15, -5.364148685019e-01, 2.393617131724e-06, 8.2781e+00, 3.3187e-01, 
 2DIAGNOSTIC,    16, -5.364150393452e-01, 2.626091507751e-06, 8.7661e+00, 4.8796e-01, 
 2DIAGNOSTIC,    17, -5.364155273177e-01, 2.730581897904e-06, 9.1411e+00, 3.7506e-01, 
 2DIAGNOSTIC,    18, -5.364151051520e-01, 2.559411645932e-06, 9.4748e+00, 3.3369e-01, 
 2DIAGNOSTIC,    19, -5.364136114393e-01, 2.147457791667e-06, 9.7690e+00, 2.9421e-01, 
 2DIAGNOSTIC,    20, -5.364134745959e-01, 1.812544744934e-06, 1.0118e+01, 3.4856e-01, 
 2DIAGNOSTIC,    21, -5.364130308754e-01, 1.615355828065e-06, 1.0396e+01, 2.7890e-01, 
 2DIAGNOSTIC,    22, -5.364129726440e-01, 1.300252568413e-06, 1.0724e+01, 3.2739e-01, 
 2DIAGNOSTIC,    23, -5.364123990781e-01, 1.196579937204e-06, 1.1052e+01, 3.2810e-01, 
 2DIAGNOSTIC,    24, -5.364117744536e-01, 1.144956115966e-06, 1.1346e+01, 2.9405e-01, 
 2DIAGNOSTIC,    25, -5.364104082856e-01, 1.056837205596e-06, 1.1683e+01, 3.3665e-01, 
DIAGNOSTIC,Iteration,metricValue,convergenceValue,ITERATION_TIME_INDEX,SINCE_LAST
 2DIAGNOSTIC,     1, -4.916740268601e-01, 1.797693134862e+308, 1.4493e+01, 2.8107e+00, 
 2DIAGNOSTIC,     2, -4.918016845524e-01, 1.797693134862e+308, 1.6153e+01, 1.6592e+00, 
 2DIAGNOSTIC,     3, -4.919368072615e-01, 1.797693134862e+308, 1.7994e+01, 1.8411e+00, 
 2DIAGNOSTIC,     4, -4.920548137717e-01, 1.797693134862e+308, 1.9669e+01, 1.6752e+00, 
 2DIAGNOSTIC,     5, -4.921403512642e-01, 1.797693134862e+308, 2.1611e+01, 1.9417e+00, 
 2DIAGNOSTIC,     6, -4.921967798495e-01, 1.797693134862e+308, 2.3597e+01, 1.9865e+00, 
 2DIAGNOSTIC,     7, -4.923125213602e-01, 1.797693134862e+308, 2.6407e+01, 2.8096e+00, 
 2DIAGNOSTIC,     8, -4.923176696242e-01, 1.797693134862e+308, 2.8121e+01, 1.7148e+00, 
 2DIAGNOSTIC,     9, -4.923262922344e-01, 1.797693134862e+308, 3.0877e+01, 2.7555e+00, 
 2DIAGNOSTIC,    10, -4.923260631847e-01, 9.023733739995e-05, 3.3149e+01, 2.2721e+00, 
 2DIAGNOSTIC,    11, -4.923259420886e-01, 6.362708823257e-05, 3.5053e+01, 1.9039e+00, 
 2DIAGNOSTIC,    12, -4.923260941972e-01, 4.200964960564e-05, 3.7790e+01, 2.7372e+00, 
 2DIAGNOSTIC,    13, -4.923261454445e-01, 2.608144858429e-05, 3.9817e+01, 2.0272e+00, 
 2DIAGNOSTIC,    14, -4.923259710438e-01, 1.514104596961e-05, 4.1740e+01, 1.9228e+00, 
 2DIAGNOSTIC,    15, -4.923258270778e-01, 7.766284957009e-06, 4.3668e+01, 1.9281e+00, 
 2DIAGNOSTIC,    16, -4.923258933670e-01, 2.722578930525e-06, 4.5458e+01, 1.7900e+00, 
 2DIAGNOSTIC,    17, -4.923255660543e-01, 2.123152754219e-06, 4.7409e+01, 1.9505e+00, 
 2DIAGNOSTIC,    18, -4.923255267587e-01, 1.723144011645e-06, 4.9103e+01, 1.6944e+00, 
