
##########################
# Experiment information #
##########################

EXPERIMENT_NAME: antsRegistration-r7-p10
VFC_BACKENDS: libinterflop_vprec.so --range-binary32=7 --precision-binary32=10 --range-binary64=7 --precision-binary64=10

SIF_IMG: /home/mdugre/projects/rrg-glatard/mdugre/containers/ants-vprec-no_metrics.simg

SUBJECT_ID: s033
INPUT_IMG: /home/mdugre/scratch/mri-registration-rp/datasets/ds004513/derivatives/mri-registration-rp/antsBrainExtraction/sub-s033/BrainExtractionBrain.nii.gz
OUTPUT_DIR: /home/mdugre/scratch/mri-registration-rp/datasets/ds004513/derivatives/mri-registration-rp/0001/antsRegistration-r7-p10/sub-s033

FIXED_IMG: /templateflow/tpl-MNI152NLin2009cAsym/tpl-MNI152NLin2009cAsym_res-01_desc-brain_T1w.nii.gz
DATA_DIR: /home/mdugre/scratch/mri-registration-rp/datasets/ds004513
TEMPLATEFLOW_DIR: /home/mdugre/projects/rrg-glatard/mdugre/templateflow
ITK_GLOBAL_DEFAULT_NUMBER_OF_THREADS: 16
##########################

Info [verificarlo]: loaded backend libinterflop_ieee.so
Info [interflop-ieee]: load backend with:
Info [interflop-ieee]: debug = false
Info [interflop-ieee]: debug-binary = false
Info [interflop-ieee]: no-backend-name = false
Info [interflop-ieee]: print-new-line = false
Info [interflop-ieee]: print-subnormal-normalized = false
Info [interflop-ieee]: count-op = false
All_Command_lines_OK
Using double precision for computations.
=============================================================================
The composite transform comprises the following transforms (in order): 
  1. Center of mass alignment using fixed image: /templateflow/tpl-MNI152NLin2009cAsym/tpl-MNI152NLin2009cAsym_res-01_desc-brain_T1w.nii.gz and moving image: /home/mdugre/scratch/mri-registration-rp/datasets/ds004513/derivatives/mri-registration-rp/antsBrainExtraction/sub-s033/BrainExtractionBrain.nii.gz (type = Euler3DTransform)
=============================================================================
  number of levels = 1
  fixed image: /templateflow/tpl-MNI152NLin2009cAsym/tpl-MNI152NLin2009cAsym_res-01_desc-brain_T1w.nii.gz
  moving image: /home/mdugre/scratch/mri-registration-rp/datasets/ds004513/derivatives/mri-registration-rp/antsBrainExtraction/sub-s033/BrainExtractionBrain.nii.gz
Dimension = 3
Number of stages = 1
Use histogram matching = false
Winsorize image intensities = true
  Lower quantile = 0.005
  Upper quantile = 0.995


Stage 1 State
   Image metric = MattesMI
     Fixed image = Image (0x3a73e70)
  RTTI typeinfo:   itk::Image<double, 3u>
  Reference Count: 2
  Modified Time: 2330
  Debug: Off
  Object Name: 
  Observers: 
    none
  Source: (none)
  Source output name: (none)
  Release Data: Off
  Data Released: False
  Global Release Data: Off
  PipelineMTime: 0
  UpdateMTime: 1941
  RealTimeStamp: 0 seconds 
  LargestPossibleRegion: 
    Dimension: 3
    Index: [0, 0, 0]
    Size: [193, 229, 193]
  BufferedRegion: 
    Dimension: 3
    Index: [0, 0, 0]
    Size: [193, 229, 193]
  RequestedRegion: 
    Dimension: 3
    Index: [0, 0, 0]
    Size: [193, 229, 193]
  Spacing: [1, 1, 1]
  Origin: [96, 132, -78]
  Direction: 
-1 0 0
0 -1 0
0 0 1

  IndexToPointMatrix: 
-1 0 0
0 -1 0
0 0 1

  PointToIndexMatrix: 
-1 0 0
0 -1 0
0 0 1

  Inverse Direction: 
-1 0 0
0 -1 0
0 0 1

  PixelContainer: 
    ImportImageContainer (0x3a7cc60)
      RTTI typeinfo:   itk::ImportImageContainer<unsigned long, double>
      Reference Count: 1
      Modified Time: 1938
      Debug: Off
      Object Name: 
      Observers: 
        none
      Pointer: 0x14ef1d9f7010
      Container manages memory: true
      Size: 8530021
      Capacity: 8530021

     Moving image = Image (0x3a76540)
  RTTI typeinfo:   itk::Image<double, 3u>
  Reference Count: 2
  Modified Time: 2331
  Debug: Off
  Object Name: 
  Observers: 
    none
  Source: (none)
  Source output name: (none)
  Release Data: Off
  Data Released: False
  Global Release Data: Off
  PipelineMTime: 0
  UpdateMTime: 2328
  RealTimeStamp: 0 seconds 
  LargestPossibleRegion: 
    Dimension: 3
    Index: [0, 0, 0]
    Size: [160, 240, 256]
  BufferedRegion: 
    Dimension: 3
    Index: [0, 0, 0]
    Size: [160, 240, 256]
  RequestedRegion: 
    Dimension: 3
    Index: [0, 0, 0]
    Size: [160, 240, 256]
  Spacing: [1, 1, 1]
  Origin: [91.5134, 94.282, -109.927]
  Direction: 
-0.99591 -0.0698718 -0.0572835
0.0697565 -0.997556 0.00401236
-0.0574239 5.01125e-08 0.99835

  IndexToPointMatrix: 
-0.99591 -0.0698718 -0.0572835
0.0697565 -0.997556 0.00401236
-0.0574239 5.01125e-08 0.99835

  PointToIndexMatrix: 
-0.99591 0.0697565 -0.0574239
-0.0698718 -0.997556 5.01483e-08
-0.0572835 0.00401236 0.99835

  Inverse Direction: 
-0.99591 0.0697565 -0.0574239
-0.0698718 -0.997556 5.01483e-08
-0.0572835 0.00401236 0.99835

  PixelContainer: 
    ImportImageContainer (0x3b88610)
      RTTI typeinfo:   itk::ImportImageContainer<unsigned long, double>
      Reference Count: 1
      Modified Time: 2325
      Debug: Off
      Object Name: 
      Observers: 
        none
      Pointer: 0x14ef18ef6010
      Container manages memory: true
      Size: 9830400
      Capacity: 9830400

     Weighting = 1
     Sampling strategy = regular
     Number of bins = 32
     Radius = 4
     Sampling percentage  = 0.25
   Transform = Rigid
     Gradient step = 0.1
     Update field sigma (voxel space) = 0
     Total field sigma (voxel space) = 0
     Update field time sigma = 0
     Total field time sigma  = 0
     Number of time indices = 0
     Number of time point samples = 0
Registration using 1 total stages.

Stage 0
  iterations = 0
  convergence threshold = 1e-06
  convergence window size = 10
  number of levels = 1
  using the Mattes MI metric (number of bins = 32, weight = 1, use gradient filter = 0)
  preprocessing:  winsorizing the image intensities
  Shrink factors (level 1 out of 1): [1, 1, 1]
  smoothing sigmas per level: [0]
  regular sampling (percentage = 0.25)

*** Running Euler3DTransform registration ***

  Elapsed time (stage 0): 1.12279


Total elapsed time: 1.12499
Info [verificarlo]: loaded backend libinterflop_ieee.so
Info [interflop-ieee]: load backend with:
Info [interflop-ieee]: debug = false
Info [interflop-ieee]: debug-binary = false
Info [interflop-ieee]: no-backend-name = false
Info [interflop-ieee]: print-new-line = false
Info [interflop-ieee]: print-subnormal-normalized = false
Info [interflop-ieee]: count-op = false
All_Command_lines_OK
Using double precision for computations.
=============================================================================
The composite transform comprises the following transforms (in order): 
  1. /home/mdugre/scratch/mri-registration-rp/datasets/ds004513/derivatives/mri-registration-rp/0001/antsRegistration-r7-p10/sub-s033/align_Composite.h5[0] (type = Euler3DTransform)
  2. /home/mdugre/scratch/mri-registration-rp/datasets/ds004513/derivatives/mri-registration-rp/0001/antsRegistration-r7-p10/sub-s033/align_Composite.h5[1] (type = Euler3DTransform)
=============================================================================
  number of levels = 4
  fixed image: /templateflow/tpl-MNI152NLin2009cAsym/tpl-MNI152NLin2009cAsym_res-01_desc-brain_T1w.nii.gz
  moving image: /home/mdugre/scratch/mri-registration-rp/datasets/ds004513/derivatives/mri-registration-rp/antsBrainExtraction/sub-s033/BrainExtractionBrain.nii.gz
Dimension = 3
Number of stages = 1
Use histogram matching = false
Winsorize image intensities = true
  Lower quantile = 0.005
  Upper quantile = 0.995


Stage 1 State
   Image metric = MattesMI
     Fixed image = Image (0x3421530)
  RTTI typeinfo:   itk::Image<double, 3u>
  Reference Count: 2
  Modified Time: 1578
  Debug: Off
  Object Name: 
  Observers: 
    none
  Source: (none)
  Source output name: (none)
  Release Data: Off
  Data Released: False
  Global Release Data: Off
  PipelineMTime: 0
  UpdateMTime: 1189
  RealTimeStamp: 0 seconds 
  LargestPossibleRegion: 
    Dimension: 3
    Index: [0, 0, 0]
    Size: [193, 229, 193]
  BufferedRegion: 
    Dimension: 3
    Index: [0, 0, 0]
    Size: [193, 229, 193]
  RequestedRegion: 
    Dimension: 3
    Index: [0, 0, 0]
    Size: [193, 229, 193]
  Spacing: [1, 1, 1]
  Origin: [96, 132, -78]
  Direction: 
-1 0 0
0 -1 0
0 0 1

  IndexToPointMatrix: 
-1 0 0
0 -1 0
0 0 1

  PointToIndexMatrix: 
-1 0 0
0 -1 0
0 0 1

  Inverse Direction: 
-1 0 0
0 -1 0
0 0 1

  PixelContainer: 
    ImportImageContainer (0x34dfd60)
      RTTI typeinfo:   itk::ImportImageContainer<unsigned long, double>
      Reference Count: 1
      Modified Time: 1186
      Debug: Off
      Object Name: 
      Observers: 
        none
      Pointer: 0x15011c44c010
      Container manages memory: true
      Size: 8530021
      Capacity: 8530021

     Moving image = Image (0x34d1f60)
  RTTI typeinfo:   itk::Image<double, 3u>
  Reference Count: 2
  Modified Time: 1579
  Debug: Off
  Object Name: 
  Observers: 
    none
  Source: (none)
  Source output name: (none)
  Release Data: Off
  Data Released: False
  Global Release Data: Off
  PipelineMTime: 0
  UpdateMTime: 1576
  RealTimeStamp: 0 seconds 
  LargestPossibleRegion: 
    Dimension: 3
    Index: [0, 0, 0]
    Size: [160, 240, 256]
  BufferedRegion: 
    Dimension: 3
    Index: [0, 0, 0]
    Size: [160, 240, 256]
  RequestedRegion: 
    Dimension: 3
    Index: [0, 0, 0]
    Size: [160, 240, 256]
  Spacing: [1, 1, 1]
  Origin: [91.5134, 94.282, -109.927]
  Direction: 
-0.99591 -0.0698718 -0.0572835
0.0697565 -0.997556 0.00401236
-0.0574239 5.01125e-08 0.99835

  IndexToPointMatrix: 
-0.99591 -0.0698718 -0.0572835
0.0697565 -0.997556 0.00401236
-0.0574239 5.01125e-08 0.99835

  PointToIndexMatrix: 
-0.99591 0.0697565 -0.0574239
-0.0698718 -0.997556 5.01483e-08
-0.0572835 0.00401236 0.99835

  Inverse Direction: 
-0.99591 0.0697565 -0.0574239
-0.0698718 -0.997556 5.01483e-08
-0.0572835 0.00401236 0.99835

  PixelContainer: 
    ImportImageContainer (0x34c36d0)
      RTTI typeinfo:   itk::ImportImageContainer<unsigned long, double>
      Reference Count: 1
      Modified Time: 1573
      Debug: Off
      Object Name: 
      Observers: 
        none
      Pointer: 0x15011794b010
      Container manages memory: true
      Size: 9830400
      Capacity: 9830400

     Weighting = 1
     Sampling strategy = regular
     Number of bins = 32
     Radius = 4
     Sampling percentage  = 0.25
   Transform = Rigid
     Gradient step = 0.1
     Update field sigma (voxel space) = 0
     Total field sigma (voxel space) = 0
     Update field time sigma = 0
     Total field time sigma  = 0
     Number of time indices = 0
     Number of time point samples = 0
Registration using 1 total stages.

Stage 0
  iterations = 1000x500x250x100
  convergence threshold = 1e-06
  convergence window size = 10
  number of levels = 4
  using the Mattes MI metric (number of bins = 32, weight = 1, use gradient filter = 0)
  preprocessing:  winsorizing the image intensities
  Shrink factors (level 1 out of 4): [8, 8, 8]
  Shrink factors (level 2 out of 4): [4, 4, 4]
  Shrink factors (level 3 out of 4): [2, 2, 2]
  Shrink factors (level 4 out of 4): [1, 1, 1]
  smoothing sigmas per level: [3, 2, 1, 0]
  regular sampling (percentage = 0.25)

*** Running Euler3DTransform registration ***

DIAGNOSTIC,Iteration,metricValue,convergenceValue,ITERATION_TIME_INDEX,SINCE_LAST
 2DIAGNOSTIC,     1, -4.945365495269e-01, 1.797693134862e+308, 6.9116e-01, 6.9116e-01, 
 2DIAGNOSTIC,     2, -4.961551199262e-01, 1.797693134862e+308, 6.9598e-01, 4.8249e-03, 
 2DIAGNOSTIC,     3, -4.991207097076e-01, 1.797693134862e+308, 7.0063e-01, 4.6430e-03, 
 2DIAGNOSTIC,     4, -5.030359852117e-01, 1.797693134862e+308, 7.0567e-01, 5.0480e-03, 
 2DIAGNOSTIC,     5, -5.059125054655e-01, 1.797693134862e+308, 7.1119e-01, 5.5189e-03, 
 2DIAGNOSTIC,     6, -5.092815596254e-01, 1.797693134862e+308, 7.1670e-01, 5.5041e-03, 
 2DIAGNOSTIC,     7, -5.205915484568e-01, 1.797693134862e+308, 7.2197e-01, 5.2731e-03, 
 2DIAGNOSTIC,     8, -5.236677933913e-01, 1.797693134862e+308, 7.2690e-01, 4.9250e-03, 
 2DIAGNOSTIC,     9, -5.261653611514e-01, 1.797693134862e+308, 7.3163e-01, 4.7350e-03, 
 2DIAGNOSTIC,    10, -5.313843279548e-01, 4.956236851461e-03, 7.3673e-01, 5.0950e-03, 
 2DIAGNOSTIC,    11, -5.461121550605e-01, 5.255951709877e-03, 7.4324e-01, 6.5150e-03, 
 2DIAGNOSTIC,    12, -5.563506773258e-01, 5.544499219495e-03, 7.4823e-01, 4.9930e-03, 
 2DIAGNOSTIC,    13, -6.011783753097e-01, 7.240286203999e-03, 7.5431e-01, 6.0730e-03, 
 2DIAGNOSTIC,    14, -6.166052825039e-01, 8.701253899259e-03, 7.5904e-01, 4.7340e-03, 
 2DIAGNOSTIC,    15, -6.211428291619e-01, 9.416357350988e-03, 7.6381e-01, 4.7719e-03, 
 2DIAGNOSTIC,    16, -6.235432150982e-01, 9.368281933511e-03, 7.6923e-01, 5.4159e-03, 
 2DIAGNOSTIC,    17, -6.347577459653e-01, 9.145335021011e-03, 7.7630e-01, 7.0679e-03, 
 2DIAGNOSTIC,    18, -6.413138475969e-01, 8.359392944892e-03, 7.8158e-01, 5.2860e-03, 
 2DIAGNOSTIC,    19, -6.420802707787e-01, 6.980623438984e-03, 7.8734e-01, 5.7590e-03, 
 2DIAGNOSTIC,    20, -6.425493363972e-01, 5.272872555457e-03, 7.9174e-01, 4.4000e-03, 
 2DIAGNOSTIC,    21, -6.431795002302e-01, 3.641466641535e-03, 7.9679e-01, 5.0480e-03, 
 2DIAGNOSTIC,    22, -6.434078408366e-01, 2.049113964037e-03, 8.0133e-01, 4.5371e-03, 
 2DIAGNOSTIC,    23, -6.435083887360e-01, 1.381096876986e-03, 8.0636e-01, 5.0292e-03, 
 2DIAGNOSTIC,    24, -6.436807749127e-01, 9.688116118583e-04, 8.1199e-01, 5.6381e-03, 
 2DIAGNOSTIC,    25, -6.439989360636e-01, 6.014652970009e-04, 8.1835e-01, 6.3550e-03, 
 2DIAGNOSTIC,    26, -6.448361506040e-01, 2.655195591448e-04, 8.2311e-01, 4.7610e-03, 
 2DIAGNOSTIC,    27, -6.460796040481e-01, 1.536864759133e-04, 8.2806e-01, 4.9529e-03, 
 2DIAGNOSTIC,    28, -6.463976199456e-01, 1.550353095709e-04, 8.3255e-01, 4.4880e-03, 
 2DIAGNOSTIC,    29, -6.463935460033e-01, 1.547432168199e-04, 8.3742e-01, 4.8709e-03, 
 2DIAGNOSTIC,    30, -6.464392299257e-01, 1.482978792118e-04, 8.4245e-01, 5.0330e-03, 
 2DIAGNOSTIC,    31, -6.463723509116e-01, 1.368672079526e-04, 8.4705e-01, 4.5910e-03, 
 2DIAGNOSTIC,    32, -6.464254414647e-01, 1.173266447339e-04, 8.5275e-01, 5.7008e-03, 
 2DIAGNOSTIC,    33, -6.464354984872e-01, 8.969337237843e-05, 8.6726e-01, 1.4513e-02, 
 2DIAGNOSTIC,    34, -6.464354984543e-01, 5.811496105616e-05, 8.8248e-01, 1.5225e-02, 
 2DIAGNOSTIC,    35, -6.464354984543e-01, 2.735371450586e-05, 8.9083e-01, 8.3451e-03, 
 2DIAGNOSTIC,    36, -6.464354984543e-01, 6.561964976295e-06, 8.9662e-01, 5.7940e-03, 
 2DIAGNOSTIC,    37, -6.464354984543e-01, 2.244493676765e-06, 9.0275e-01, 6.1281e-03, 
 2DIAGNOSTIC,    38, -6.464354984543e-01, 1.990752774191e-06, 9.0848e-01, 5.7330e-03, 
 2DIAGNOSTIC,    39, -6.464354984543e-01, 1.582336373630e-06, 9.1448e-01, 5.9962e-03, 
 2DIAGNOSTIC,    40, -6.464354984543e-01, 1.698174649688e-06, 9.2051e-01, 6.0258e-03, 
DIAGNOSTIC,Iteration,metricValue,convergenceValue,ITERATION_TIME_INDEX,SINCE_LAST
 2DIAGNOSTIC,     1, -5.367244446659e-01, 1.797693134862e+308, 1.6384e+00, 7.1788e-01, 
 2DIAGNOSTIC,     2, -5.380313829544e-01, 1.797693134862e+308, 1.6681e+00, 2.9751e-02, 
 2DIAGNOSTIC,     3, -5.401731904827e-01, 1.797693134862e+308, 1.6978e+00, 2.9682e-02, 
 2DIAGNOSTIC,     4, -5.431881339569e-01, 1.797693134862e+308, 1.7252e+00, 2.7348e-02, 
 2DIAGNOSTIC,     5, -5.453557593137e-01, 1.797693134862e+308, 1.7580e+00, 3.2799e-02, 
 2DIAGNOSTIC,     6, -5.461088563572e-01, 1.797693134862e+308, 1.7906e+00, 3.2594e-02, 
 2DIAGNOSTIC,     7, -5.462086679295e-01, 1.797693134862e+308, 1.8227e+00, 3.2149e-02, 
 2DIAGNOSTIC,     8, -5.464869265735e-01, 1.797693134862e+308, 1.8571e+00, 3.4408e-02, 
 2DIAGNOSTIC,     9, -5.465850811941e-01, 1.797693134862e+308, 1.8957e+00, 3.8603e-02, 
 2DIAGNOSTIC,    10, -5.466464834125e-01, 1.224741254907e-03, 1.9235e+00, 2.7751e-02, 
 2DIAGNOSTIC,    11, -5.470487703954e-01, 8.391099947865e-04, 1.9541e+00, 3.0586e-02, 
 2DIAGNOSTIC,    12, -5.471506827359e-01, 5.042748503029e-04, 1.9858e+00, 3.1775e-02, 
 2DIAGNOSTIC,    13, -5.471747725343e-01, 2.608963100783e-04, 2.0242e+00, 3.8369e-02, 
 2DIAGNOSTIC,    14, -5.471893679264e-01, 1.401592969985e-04, 2.0556e+00, 3.1437e-02, 
 2DIAGNOSTIC,    15, -5.471839957472e-01, 9.761650254757e-05, 2.0871e+00, 3.1454e-02, 
 2DIAGNOSTIC,    16, -5.471599231976e-01, 7.527613508740e-05, 2.1186e+00, 3.1478e-02, 
 2DIAGNOSTIC,    17, -5.471662424046e-01, 5.183185013129e-05, 2.1469e+00, 2.8371e-02, 
 2DIAGNOSTIC,    18, -5.471747031889e-01, 3.478202543452e-05, 2.1801e+00, 3.3162e-02, 
 2DIAGNOSTIC,    19, -5.471813454766e-01, 1.945635206403e-05, 2.2133e+00, 3.3187e-02, 
 2DIAGNOSTIC,    20, -5.471662917538e-01, 4.969857528694e-06, 2.2437e+00, 3.0441e-02, 
 2DIAGNOSTIC,    21, -5.471844161838e-01, 1.951271454081e-06, 2.2793e+00, 3.5544e-02, 
 2DIAGNOSTIC,    22, -5.471946858267e-01, 1.794833993859e-06, 2.3095e+00, 3.0230e-02, 
 2DIAGNOSTIC,    23, -5.472309780197e-01, 2.955893714351e-06, 2.3397e+00, 3.0208e-02, 
 2DIAGNOSTIC,    24, -5.472460349585e-01, 4.500346208268e-06, 2.3792e+00, 3.9511e-02, 
 2DIAGNOSTIC,    25, -5.473225346433e-01, 7.130561247841e-06, 2.4198e+00, 4.0606e-02, 
 2DIAGNOSTIC,    26, -5.474469324958e-01, 1.098290964230e-05, 2.4567e+00, 3.6857e-02, 
 2DIAGNOSTIC,    27, -5.481013381199e-01, 2.630865341234e-05, 2.4921e+00, 3.5416e-02, 
 2DIAGNOSTIC,    28, -5.480678930716e-01, 3.738991600202e-05, 2.5336e+00, 4.1484e-02, 
 2DIAGNOSTIC,    29, -5.482084716908e-01, 4.712038317130e-05, 2.5709e+00, 3.7272e-02, 
 2DIAGNOSTIC,    30, -5.482082519687e-01, 5.166413189076e-05, 2.6028e+00, 3.1980e-02, 
 2DIAGNOSTIC,    31, -5.482014616954e-01, 5.125920287472e-05, 2.6361e+00, 3.3275e-02, 
 2DIAGNOSTIC,    32, -5.481815957982e-01, 4.582629952089e-05, 2.6659e+00, 2.9789e-02, 
 2DIAGNOSTIC,    33, -5.481718258204e-01, 3.689942775568e-05, 2.6962e+00, 3.0318e-02, 
 2DIAGNOSTIC,    34, -5.481825627582e-01, 2.560031669809e-05, 2.7259e+00, 2.9669e-02, 
 2DIAGNOSTIC,    35, -5.481838558390e-01, 1.379952748576e-05, 2.7560e+00, 3.0096e-02, 
 2DIAGNOSTIC,    36, -5.481854580274e-01, 3.009190718845e-06, 2.7865e+00, 3.0498e-02, 
 2DIAGNOSTIC,    37, -5.482631349711e-01, 2.936496454498e-06, 2.8192e+00, 3.2718e-02, 
 2DIAGNOSTIC,    38, -5.482856021731e-01, 2.436031676770e-06, 2.8543e+00, 3.5061e-02, 
 2DIAGNOSTIC,    39, -5.482706829465e-01, 3.481473802545e-06, 2.8902e+00, 3.5906e-02, 
 2DIAGNOSTIC,    40, -5.481987810688e-01, 3.305088146496e-06, 2.9241e+00, 3.3959e-02, 
 2DIAGNOSTIC,    41, -5.482804437447e-01, 3.879671872039e-06, 2.9574e+00, 3.3289e-02, 
 2DIAGNOSTIC,    42, -5.481860541518e-01, 2.661914477876e-06, 2.9947e+00, 3.7296e-02, 
 2DIAGNOSTIC,    43, -5.482756835957e-01, 2.304255311579e-06, 3.0369e+00, 4.2195e-02, 
 2DIAGNOSTIC,    44, -5.483025270408e-01, 2.249429333506e-06, 3.0718e+00, 3.4891e-02, 
 2DIAGNOSTIC,    45, -5.482811792325e-01, 1.831078635512e-06, 3.1105e+00, 3.8698e-02, 
 2DIAGNOSTIC,    46, -5.482645576522e-01, 1.147603866870e-06, 3.1491e+00, 3.8606e-02, 
 2DIAGNOSTIC,    47, -5.482548592635e-01, 1.197105751985e-06, 3.2503e+00, 1.0121e-01, 
 2DIAGNOSTIC,    48, -5.482548592623e-01, 1.431233050055e-06, 3.3410e+00, 9.0656e-02, 
 2DIAGNOSTIC,    49, -5.482548592623e-01, 1.428436008411e-06, 3.3750e+00, 3.4069e-02, 
DIAGNOSTIC,Iteration,metricValue,convergenceValue,ITERATION_TIME_INDEX,SINCE_LAST
 2DIAGNOSTIC,     1, -4.661873893597e-01, 1.797693134862e+308, 4.4964e+00, 1.1214e+00, 
 2DIAGNOSTIC,     2, -4.663634375307e-01, 1.797693134862e+308, 4.7384e+00, 2.4193e-01, 
 2DIAGNOSTIC,     3, -4.665065245371e-01, 1.797693134862e+308, 5.0094e+00, 2.7107e-01, 
 2DIAGNOSTIC,     4, -4.666272914008e-01, 1.797693134862e+308, 5.2695e+00, 2.6005e-01, 
 2DIAGNOSTIC,     5, -4.667166857788e-01, 1.797693134862e+308, 5.5339e+00, 2.6439e-01, 
 2DIAGNOSTIC,     6, -4.668667197582e-01, 1.797693134862e+308, 5.7954e+00, 2.6151e-01, 
 2DIAGNOSTIC,     7, -4.669697631250e-01, 1.797693134862e+308, 6.0882e+00, 2.9279e-01, 
 2DIAGNOSTIC,     8, -4.670258382360e-01, 1.797693134862e+308, 6.4384e+00, 3.5024e-01, 
 2DIAGNOSTIC,     9, -4.670791296655e-01, 1.797693134862e+308, 6.7029e+00, 2.6444e-01, 
 2DIAGNOSTIC,    10, -4.671177507079e-01, 1.313512092691e-04, 6.9555e+00, 2.5266e-01, 
 2DIAGNOSTIC,    11, -4.671984763961e-01, 1.051592390845e-04, 7.2097e+00, 2.5418e-01, 
 2DIAGNOSTIC,    12, -4.674361654823e-01, 9.491640530310e-05, 7.6252e+00, 4.1552e-01, 
 2DIAGNOSTIC,    13, -4.675162741181e-01, 8.805928728371e-05, 7.8771e+00, 2.5186e-01, 
 2DIAGNOSTIC,    14, -4.675732966464e-01, 8.220447279954e-05, 8.2176e+00, 3.4054e-01, 
 2DIAGNOSTIC,    15, -4.675740509751e-01, 7.348870021748e-05, 8.5129e+00, 2.9530e-01, 
 2DIAGNOSTIC,    16, -4.675763006926e-01, 6.504191762034e-05, 8.8836e+00, 3.7066e-01, 
 2DIAGNOSTIC,    17, -4.675746324977e-01, 5.526866267343e-05, 9.1459e+00, 2.6233e-01, 
 2DIAGNOSTIC,    18, -4.675729967242e-01, 4.341873531098e-05, 9.4289e+00, 2.8295e-01, 
 2DIAGNOSTIC,    19, -4.675711847128e-01, 3.068798237288e-05, 9.6940e+00, 2.6508e-01, 
 2DIAGNOSTIC,    20, -4.675703874817e-01, 1.773582535058e-05, 9.9479e+00, 2.5393e-01, 
 2DIAGNOSTIC,    21, -4.675677814081e-01, 6.633356445955e-06, 1.0213e+01, 2.6530e-01, 
 2DIAGNOSTIC,    22, -4.675680919153e-01, 2.602194148729e-06, 1.0453e+01, 2.3941e-01, 
DIAGNOSTIC,Iteration,metricValue,convergenceValue,ITERATION_TIME_INDEX,SINCE_LAST
 2DIAGNOSTIC,     1, -4.258650624332e-01, 1.797693134862e+308, 1.3111e+01, 2.6584e+00, 
 2DIAGNOSTIC,     2, -4.259686023753e-01, 1.797693134862e+308, 1.4659e+01, 1.5485e+00, 
 2DIAGNOSTIC,     3, -4.260095390389e-01, 1.797693134862e+308, 1.6679e+01, 2.0196e+00, 
 2DIAGNOSTIC,     4, -4.260079696110e-01, 1.797693134862e+308, 1.9222e+01, 2.5434e+00, 
 2DIAGNOSTIC,     5, -4.260082631122e-01, 1.797693134862e+308, 2.0747e+01, 1.5243e+00, 
 2DIAGNOSTIC,     6, -4.260081761721e-01, 1.797693134862e+308, 2.2438e+01, 1.6913e+00, 
 2DIAGNOSTIC,     7, -4.260081184838e-01, 1.797693134862e+308, 2.3999e+01, 1.5609e+00, 
 2DIAGNOSTIC,     8, -4.260081549124e-01, 1.797693134862e+308, 2.5682e+01, 1.6834e+00, 
 2DIAGNOSTIC,     9, -4.260078640348e-01, 1.797693134862e+308, 2.7022e+01, 1.3391e+00, 
 2DIAGNOSTIC,    10, -4.260077800104e-01, 1.492982972012e-05, 2.8387e+01, 1.3657e+00, 
 2DIAGNOSTIC,    11, -4.260079123948e-01, 5.174829719498e-06, 3.0150e+01, 1.7629e+00, 
 2DIAGNOSTIC,    12, -4.260079237592e-01, 2.531708365547e-06, 3.1616e+01, 1.4659e+00, 
 2DIAGNOSTIC,    13, -4.260077293422e-01, 2.399371909101e-06, 3.3140e+01, 1.5243e+00, 
 2DIAGNOSTIC,    14, -4.260076408854e-01, 2.211381380415e-06, 3.4577e+01, 1.4370e+00, 
 2DIAGNOSTIC,    15, -4.260076581951e-01, 2.068046429798e-06, 3.5914e+01, 1.3367e+00, 
 2DIAGNOSTIC,    16, -4.260077902583e-01, 1.948950935901e-06, 3.7386e+01, 1.4724e+00, 
 2DIAGNOSTIC,    17, -4.260079128694e-01, 1.849598053154e-06, 3.9113e+01, 1.7267e+00, 
 2DIAGNOSTIC,    18, -4.260077163054e-01, 1.757770346368e-06, 4.0420e+01, 1.3070e+00, 
 2DIAGNOSTIC,    19, -4.260074221941e-01, 1.656495244876e-06, 4.2007e+01, 1.5871e+00, 
 2DIAGNOSTIC,    20, -4.260075340093e-01, 1.567949053490e-06, 4.3588e+01, 1.5803e+00, 
 2DIAGNOSTIC,    21, -4.260074431039e-01, 1.490723312195e-06, 4.5832e+01, 2.2449e+00, 
 2DIAGNOSTIC,    22, -4.260073438404e-01, 1.420163948308e-06, 4.7479e+01, 1.6463e+00, 
 2DIAGNOSTIC,    23, -4.260072451319e-01, 1.350009161169e-06, 4.9041e+01, 1.5618e+00, 
 2DIAGNOSTIC,    24, -4.260070466717e-01, 1.281060521469e-06, 5.0398e+01, 1.3575e+00, 
 2DIAGNOSTIC,    25, -4.260070561802e-01, 1.222428121769e-06, 5.1847e+01, 1.4486e+00, 
 2DIAGNOSTIC,    26, -4.260071735750e-01, 1.179062900286e-06, 5.3257e+01, 1.4099e+00, 
 2DIAGNOSTIC,    27, -4.260078105960e-01, 1.161858569639e-06, 5.5056e+01, 1.7990e+00, 
 2DIAGNOSTIC,    28, -4.260078202462e-01, 1.142834866616e-06, 5.6777e+01, 1.7211e+00, 
 2DIAGNOSTIC,    29, -4.260078292814e-01, 1.118090053591e-06, 5.8520e+01, 1.7437e+00, 
 2DIAGNOSTIC,    30, -4.260077329182e-01, 1.093562457588e-06, 6.0031e+01, 1.5107e+00, 
 2DIAGNOSTIC,    31, -4.260076420631e-01, 1.063497392824e-06, 6.1689e+01, 1.6583e+00, 
 2DIAGNOSTIC,    32, -4.260076498853e-01, 1.029676581964e-06, 6.3306e+01, 1.6171e+00, 
  Elapsed time (stage 0): 6.4122e+01


Total elapsed time: 6.4124e+01
Info [verificarlo]: loaded backend libinterflop_ieee.so
Info [interflop-ieee]: load backend with:
Info [interflop-ieee]: debug = false
Info [interflop-ieee]: debug-binary = false
Info [interflop-ieee]: no-backend-name = false
Info [interflop-ieee]: print-new-line = false
Info [interflop-ieee]: print-subnormal-normalized = false
Info [interflop-ieee]: count-op = false
All_Command_lines_OK
Using double precision for computations.
=============================================================================
The composite transform comprises the following transforms (in order): 
  1. /home/mdugre/scratch/mri-registration-rp/datasets/ds004513/derivatives/mri-registration-rp/0001/antsRegistration-r7-p10/sub-s033/rigid_Composite.h5[0] (type = Euler3DTransform)
  2. /home/mdugre/scratch/mri-registration-rp/datasets/ds004513/derivatives/mri-registration-rp/0001/antsRegistration-r7-p10/sub-s033/rigid_Composite.h5[1] (type = Euler3DTransform)
  3. /home/mdugre/scratch/mri-registration-rp/datasets/ds004513/derivatives/mri-registration-rp/0001/antsRegistration-r7-p10/sub-s033/rigid_Composite.h5[2] (type = Euler3DTransform)
=============================================================================
  number of levels = 4
  fixed image: /templateflow/tpl-MNI152NLin2009cAsym/tpl-MNI152NLin2009cAsym_res-01_desc-brain_T1w.nii.gz
  moving image: /home/mdugre/scratch/mri-registration-rp/datasets/ds004513/derivatives/mri-registration-rp/antsBrainExtraction/sub-s033/BrainExtractionBrain.nii.gz
Dimension = 3
Number of stages = 1
Use histogram matching = false
Winsorize image intensities = true
  Lower quantile = 0.005
  Upper quantile = 0.995


Stage 1 State
   Image metric = MattesMI
     Fixed image = Image (0x37d67e0)
  RTTI typeinfo:   itk::Image<double, 3u>
  Reference Count: 2
  Modified Time: 1592
  Debug: Off
  Object Name: 
  Observers: 
    none
  Source: (none)
  Source output name: (none)
  Release Data: Off
  Data Released: False
  Global Release Data: Off
  PipelineMTime: 0
  UpdateMTime: 1203
  RealTimeStamp: 0 seconds 
  LargestPossibleRegion: 
    Dimension: 3
    Index: [0, 0, 0]
    Size: [193, 229, 193]
  BufferedRegion: 
    Dimension: 3
    Index: [0, 0, 0]
    Size: [193, 229, 193]
  RequestedRegion: 
    Dimension: 3
    Index: [0, 0, 0]
    Size: [193, 229, 193]
  Spacing: [1, 1, 1]
  Origin: [96, 132, -78]
  Direction: 
-1 0 0
0 -1 0
0 0 1

  IndexToPointMatrix: 
-1 0 0
0 -1 0
0 0 1

  PointToIndexMatrix: 
-1 0 0
0 -1 0
0 0 1

  Inverse Direction: 
-1 0 0
0 -1 0
0 0 1

  PixelContainer: 
    ImportImageContainer (0x3896a20)
      RTTI typeinfo:   itk::ImportImageContainer<unsigned long, double>
      Reference Count: 1
      Modified Time: 1200
      Debug: Off
      Object Name: 
      Observers: 
        none
      Pointer: 0x14c28112c010
      Container manages memory: true
      Size: 8530021
      Capacity: 8530021

     Moving image = Image (0x3891d70)
  RTTI typeinfo:   itk::Image<double, 3u>
  Reference Count: 2
  Modified Time: 1593
  Debug: Off
  Object Name: 
  Observers: 
    none
  Source: (none)
  Source output name: (none)
  Release Data: Off
  Data Released: False
  Global Release Data: Off
  PipelineMTime: 0
  UpdateMTime: 1590
  RealTimeStamp: 0 seconds 
  LargestPossibleRegion: 
    Dimension: 3
    Index: [0, 0, 0]
    Size: [160, 240, 256]
  BufferedRegion: 
    Dimension: 3
    Index: [0, 0, 0]
    Size: [160, 240, 256]
  RequestedRegion: 
    Dimension: 3
    Index: [0, 0, 0]
    Size: [160, 240, 256]
  Spacing: [1, 1, 1]
  Origin: [91.5134, 94.282, -109.927]
  Direction: 
-0.99591 -0.0698718 -0.0572835
0.0697565 -0.997556 0.00401236
-0.0574239 5.01125e-08 0.99835

  IndexToPointMatrix: 
-0.99591 -0.0698718 -0.0572835
0.0697565 -0.997556 0.00401236
-0.0574239 5.01125e-08 0.99835

  PointToIndexMatrix: 
-0.99591 0.0697565 -0.0574239
-0.0698718 -0.997556 5.01483e-08
-0.0572835 0.00401236 0.99835

  Inverse Direction: 
-0.99591 0.0697565 -0.0574239
-0.0698718 -0.997556 5.01483e-08
-0.0572835 0.00401236 0.99835

  PixelContainer: 
    ImportImageContainer (0x3849c90)
      RTTI typeinfo:   itk::ImportImageContainer<unsigned long, double>
      Reference Count: 1
      Modified Time: 1587
      Debug: Off
      Object Name: 
      Observers: 
        none
      Pointer: 0x14c27c62b010
      Container manages memory: true
      Size: 9830400
      Capacity: 9830400

     Weighting = 1
     Sampling strategy = regular
     Number of bins = 32
     Radius = 4
     Sampling percentage  = 0.25
   Transform = Affine
     Gradient step = 0.1
     Update field sigma (voxel space) = 0
     Total field sigma (voxel space) = 0
     Update field time sigma = 0
     Total field time sigma  = 0
     Number of time indices = 0
     Number of time point samples = 0
Registration using 1 total stages.

Stage 0
  iterations = 1000x500x250x100
  convergence threshold = 1e-06
  convergence window size = 10
  number of levels = 4
  using the Mattes MI metric (number of bins = 32, weight = 1, use gradient filter = 0)
  preprocessing:  winsorizing the image intensities
  Shrink factors (level 1 out of 4): [8, 8, 8]
  Shrink factors (level 2 out of 4): [4, 4, 4]
  Shrink factors (level 3 out of 4): [2, 2, 2]
  Shrink factors (level 4 out of 4): [1, 1, 1]
  smoothing sigmas per level: [3, 2, 1, 0]
  regular sampling (percentage = 0.25)

*** Running AffineTransform registration ***

DIAGNOSTIC,Iteration,metricValue,convergenceValue,ITERATION_TIME_INDEX,SINCE_LAST
 2DIAGNOSTIC,     1, -6.382808656652e-01, 1.797693134862e+308, 8.1059e-01, 8.1059e-01, 
 2DIAGNOSTIC,     2, -6.407463251923e-01, 1.797693134862e+308, 8.1566e-01, 5.0690e-03, 
 2DIAGNOSTIC,     3, -6.451563428889e-01, 1.797693134862e+308, 8.2076e-01, 5.0941e-03, 
 2DIAGNOSTIC,     4, -6.521822439835e-01, 1.797693134862e+308, 8.2543e-01, 4.6718e-03, 
 2DIAGNOSTIC,     5, -6.630833217298e-01, 1.797693134862e+308, 8.2994e-01, 4.5140e-03, 
 2DIAGNOSTIC,     6, -6.815412192749e-01, 1.797693134862e+308, 8.3451e-01, 4.5722e-03, 
 2DIAGNOSTIC,     7, -7.249744715936e-01, 1.797693134862e+308, 8.3992e-01, 5.4090e-03, 
 2DIAGNOSTIC,     8, -8.402269812408e-01, 1.797693134862e+308, 8.4472e-01, 4.7982e-03, 
 2DIAGNOSTIC,     9, -8.670094368900e-01, 1.797693134862e+308, 8.5218e-01, 7.4608e-03, 
 2DIAGNOSTIC,    10, -8.690434610030e-01, 2.371002128401e-02, 8.5708e-01, 4.8950e-03, 
 2DIAGNOSTIC,    11, -8.788740403481e-01, 2.366360333820e-02, 8.6185e-01, 4.7760e-03, 
 2DIAGNOSTIC,    12, -8.887397520334e-01, 2.187554796770e-02, 8.6670e-01, 4.8459e-03, 
 2DIAGNOSTIC,    13, -8.929104598657e-01, 1.864060665904e-02, 8.7202e-01, 5.3191e-03, 
 2DIAGNOSTIC,    14, -8.986925032143e-01, 1.459674072717e-02, 8.7733e-01, 5.3172e-03, 
 2DIAGNOSTIC,    15, -9.051774855991e-01, 1.031731579834e-02, 8.8409e-01, 6.7511e-03, 
 2DIAGNOSTIC,    16, -9.052619953252e-01, 6.142490689467e-03, 8.9005e-01, 5.9690e-03, 
 2DIAGNOSTIC,    17, -9.054082845839e-01, 2.821844121296e-03, 8.9583e-01, 5.7769e-03, 
 2DIAGNOSTIC,    18, -9.053914230024e-01, 1.922146100744e-03, 9.0107e-01, 5.2340e-03, 
 2DIAGNOSTIC,    19, -9.051680740309e-01, 1.446897461309e-03, 9.0576e-01, 4.6980e-03, 
 2DIAGNOSTIC,    20, -9.052884133009e-01, 9.252016883729e-04, 9.1038e-01, 4.6120e-03, 
 2DIAGNOSTIC,    21, -9.054639072241e-01, 5.364160918517e-04, 9.1569e-01, 5.3110e-03, 
 2DIAGNOSTIC,    22, -9.056611048558e-01, 2.964122155345e-04, 9.2037e-01, 4.6809e-03, 
 2DIAGNOSTIC,    23, -9.057496414185e-01, 1.145525937189e-04, 9.2550e-01, 5.1370e-03, 
 2DIAGNOSTIC,    24, -9.059294028711e-01, 2.164241668528e-05, 9.3011e-01, 4.6089e-03, 
 2DIAGNOSTIC,    25, -9.059766824384e-01, 2.441620127542e-05, 9.3520e-01, 5.0900e-03, 
 2DIAGNOSTIC,    26, -9.061314964332e-01, 2.781091801706e-05, 9.3989e-01, 4.6868e-03, 
 2DIAGNOSTIC,    27, -9.061745639953e-01, 3.076363061102e-05, 9.4453e-01, 4.6420e-03, 
 2DIAGNOSTIC,    28, -9.064750449347e-01, 3.426237877922e-05, 9.4970e-01, 5.1680e-03, 
 2DIAGNOSTIC,    29, -9.066317808157e-01, 3.352846365749e-05, 9.5544e-01, 5.7430e-03, 
 2DIAGNOSTIC,    30, -9.067509051780e-01, 3.245088362154e-05, 9.6219e-01, 6.7492e-03, 
 2DIAGNOSTIC,    31, -9.064766474492e-01, 2.740636939498e-05, 9.6747e-01, 5.2810e-03, 
 2DIAGNOSTIC,    32, -9.065572176435e-01, 2.322967527445e-05, 9.7208e-01, 4.6110e-03, 
 2DIAGNOSTIC,    33, -9.066473104844e-01, 1.892187851237e-05, 9.7721e-01, 5.1248e-03, 
 2DIAGNOSTIC,    34, -9.065472642386e-01, 1.388386642268e-05, 9.8295e-01, 5.7440e-03, 
 2DIAGNOSTIC,    35, -9.064123490031e-01, 7.139242274537e-06, 9.8814e-01, 5.1870e-03, 
DIAGNOSTIC,Iteration,metricValue,convergenceValue,ITERATION_TIME_INDEX,SINCE_LAST
 2DIAGNOSTIC,     1, -7.442994940587e-01, 1.797693134862e+308, 1.7044e+00, 7.1628e-01, 
 2DIAGNOSTIC,     2, -7.450910707927e-01, 1.797693134862e+308, 1.7496e+00, 4.5189e-02, 
 2DIAGNOSTIC,     3, -7.459152033399e-01, 1.797693134862e+308, 1.7921e+00, 4.2533e-02, 
 2DIAGNOSTIC,     4, -7.466477186751e-01, 1.797693134862e+308, 1.8310e+00, 3.8814e-02, 
 2DIAGNOSTIC,     5, -7.473888749436e-01, 1.797693134862e+308, 1.8687e+00, 3.7710e-02, 
 2DIAGNOSTIC,     6, -7.484010327563e-01, 1.797693134862e+308, 1.9405e+00, 7.1877e-02, 
 2DIAGNOSTIC,     7, -7.483880815740e-01, 1.797693134862e+308, 1.9796e+00, 3.9015e-02, 
 2DIAGNOSTIC,     8, -7.484148805780e-01, 1.797693134862e+308, 2.0303e+00, 5.0775e-02, 
 2DIAGNOSTIC,     9, -7.484239479173e-01, 1.797693134862e+308, 2.0737e+00, 4.3329e-02, 
 2DIAGNOSTIC,    10, -7.484159036561e-01, 3.745582762298e-04, 2.1178e+00, 4.4119e-02, 
 2DIAGNOSTIC,    11, -7.484099827044e-01, 2.527932875279e-04, 2.1621e+00, 4.4301e-02, 
 2DIAGNOSTIC,    12, -7.484067001177e-01, 1.537332140071e-04, 2.2007e+00, 3.8631e-02, 
 2DIAGNOSTIC,    13, -7.484235207091e-01, 8.100499689601e-05, 2.2450e+00, 4.4241e-02, 
 2DIAGNOSTIC,    14, -7.484449469678e-01, 3.174608499462e-05, 2.2858e+00, 4.0894e-02, 
 2DIAGNOSTIC,    15, -7.484609899073e-01, 4.826624145526e-06, 2.3310e+00, 4.5157e-02, 
 2DIAGNOSTIC,    16, -7.484879248178e-01, 5.741355571937e-06, 2.3693e+00, 3.8317e-02, 
 2DIAGNOSTIC,    17, -7.485383763033e-01, 7.019044924429e-06, 2.4108e+00, 4.1493e-02, 
 2DIAGNOSTIC,    18, -7.485718578629e-01, 8.917029463706e-06, 2.4557e+00, 4.4839e-02, 
 2DIAGNOSTIC,    19, -7.485604619558e-01, 9.900309925148e-06, 2.4962e+00, 4.0566e-02, 
 2DIAGNOSTIC,    20, -7.485557977458e-01, 9.808038057980e-06, 2.5324e+00, 3.6218e-02, 
 2DIAGNOSTIC,    21, -7.485702211730e-01, 9.121823399905e-06, 2.5729e+00, 4.0446e-02, 
 2DIAGNOSTIC,    22, -7.486016637234e-01, 8.245058811619e-06, 2.6099e+00, 3.6988e-02, 
 2DIAGNOSTIC,    23, -7.486392568478e-01, 7.682894478590e-06, 2.6522e+00, 4.2295e-02, 
 2DIAGNOSTIC,    24, -7.486777593261e-01, 7.530928438020e-06, 2.6939e+00, 4.1703e-02, 
 2DIAGNOSTIC,    25, -7.486553871955e-01, 6.717142762749e-06, 2.7356e+00, 4.1757e-02, 
 2DIAGNOSTIC,    26, -7.486363494902e-01, 5.571555079124e-06, 2.7726e+00, 3.6973e-02, 
 2DIAGNOSTIC,    27, -7.486391958431e-01, 4.837427200831e-06, 2.8177e+00, 4.5086e-02, 
 2DIAGNOSTIC,    28, -7.486187331328e-01, 3.972926691145e-06, 2.8719e+00, 5.4169e-02, 
 2DIAGNOSTIC,    29, -7.486194227841e-01, 2.765546503879e-06, 2.9264e+00, 5.4506e-02, 
 2DIAGNOSTIC,    30, -7.486194819293e-01, 1.431097660633e-06, 2.9638e+00, 3.7392e-02, 
DIAGNOSTIC,Iteration,metricValue,convergenceValue,ITERATION_TIME_INDEX,SINCE_LAST
 2DIAGNOSTIC,     1, -6.324384061790e-01, 1.797693134862e+308, 4.1117e+00, 1.1479e+00, 
 2DIAGNOSTIC,     2, -6.330367209011e-01, 1.797693134862e+308, 4.4416e+00, 3.2992e-01, 
 2DIAGNOSTIC,     3, -6.336877380201e-01, 1.797693134862e+308, 4.7471e+00, 3.0548e-01, 
 2DIAGNOSTIC,     4, -6.345183018980e-01, 1.797693134862e+308, 5.0547e+00, 3.0764e-01, 
 2DIAGNOSTIC,     5, -6.368038365301e-01, 1.797693134862e+308, 5.6475e+00, 5.9278e-01, 
 2DIAGNOSTIC,     6, -6.367988103808e-01, 1.797693134862e+308, 6.0201e+00, 3.7257e-01, 
 2DIAGNOSTIC,     7, -6.367950169992e-01, 1.797693134862e+308, 6.3994e+00, 3.7928e-01, 
 2DIAGNOSTIC,     8, -6.367928504537e-01, 1.797693134862e+308, 6.7528e+00, 3.5343e-01, 
 2DIAGNOSTIC,     9, -6.367920605372e-01, 1.797693134862e+308, 7.1283e+00, 3.7548e-01, 
 2DIAGNOSTIC,    10, -6.367889111736e-01, 4.895035225999e-04, 7.5035e+00, 3.7524e-01, 
 2DIAGNOSTIC,    11, -6.367880906977e-01, 3.302049439920e-04, 7.8300e+00, 3.2649e-01, 
 2DIAGNOSTIC,    12, -6.367857807646e-01, 1.914351252129e-04, 8.1804e+00, 3.5038e-01, 
 2DIAGNOSTIC,    13, -6.367851039299e-01, 7.949801553790e-05, 8.5658e+00, 3.8547e-01, 
DIAGNOSTIC,Iteration,metricValue,convergenceValue,ITERATION_TIME_INDEX,SINCE_LAST
 2DIAGNOSTIC,     1, -5.628250823497e-01, 1.797693134862e+308, 1.1690e+01, 3.1246e+00, 
 2DIAGNOSTIC,     2, -5.630112257824e-01, 1.797693134862e+308, 1.3631e+01, 1.9405e+00, 
 2DIAGNOSTIC,     3, -5.631923057945e-01, 1.797693134862e+308, 1.5441e+01, 1.8101e+00, 
 2DIAGNOSTIC,     4, -5.635014785201e-01, 1.797693134862e+308, 1.7436e+01, 1.9953e+00, 
 2DIAGNOSTIC,     5, -5.639484667751e-01, 1.797693134862e+308, 2.0546e+01, 3.1099e+00, 
 2DIAGNOSTIC,     6, -5.639545888232e-01, 1.797693134862e+308, 2.2434e+01, 1.8881e+00, 
 2DIAGNOSTIC,     7, -5.639576338481e-01, 1.797693134862e+308, 2.4277e+01, 1.8422e+00, 
 2DIAGNOSTIC,     8, -5.639574936942e-01, 1.797693134862e+308, 2.6304e+01, 2.0278e+00, 
 2DIAGNOSTIC,     9, -5.639575244878e-01, 1.797693134862e+308, 2.8408e+01, 2.1038e+00, 
 2DIAGNOSTIC,    10, -5.639573448365e-01, 1.398424347336e-04, 3.0584e+01, 2.1761e+00, 
 2DIAGNOSTIC,    11, -5.639572839415e-01, 9.178952176529e-05, 3.2578e+01, 1.9940e+00, 
 2DIAGNOSTIC,    12, -5.639569142485e-01, 5.182624597945e-05, 3.4600e+01, 2.0222e+00, 
 2DIAGNOSTIC,    13, -5.639570774831e-01, 2.047228968650e-05, 3.6481e+01, 1.8810e+00, 
 2DIAGNOSTIC,    14, -5.639569758684e-01, 2.635010976054e-06, 3.8215e+01, 1.7339e+00, 
 2DIAGNOSTIC,    15, -5.639569131132e-01, 2.160559570363e-06, 4.0241e+01, 2.0257e+00, 
 2DIAGNOSTIC,    16, -5.639570404733e-01, 1.936175729633e-06, 4.1901e+01, 1.6596e+00, 
 2DIAGNOSTIC,    17, -5.639581049559e-01, 1.864950453165e-06, 4.4088e+01, 2.1877e+00, 
 2DIAGNOSTIC,    18, -5.639584175349e-01, 1.806125942493e-06, 4.6182e+01, 2.0936e+00, 
 2DIAGNOSTIC,    19, -5.639584504495e-01, 1.751784585634e-06, 4.8601e+01, 2.4188e+00, 
 2DIAGNOSTIC,    20, -5.639583801488e-01, 1.689949889874e-06, 5.0595e+01, 1.9945e+00, 
 2DIAGNOSTIC,    21, -5.639583772210e-01, 1.623552705880e-06, 5.2363e+01, 1.7680e+00, 
 2DIAGNOSTIC,    22, -5.639578854586e-01, 1.532723622209e-06, 5.4347e+01, 1.9842e+00, 
 2DIAGNOSTIC,    23, -5.639580995218e-01, 1.450146278142e-06, 5.6660e+01, 2.3126e+00, 
 2DIAGNOSTIC,    24, -5.639578584004e-01, 1.361146484170e-06, 5.8707e+01, 2.0473e+00, 
 2DIAGNOSTIC,    25, -5.639577641803e-01, 1.273117484650e-06, 6.0524e+01, 1.8162e+00, 
 2DIAGNOSTIC,    26, -5.639577062863e-01, 1.192765873036e-06, 6.2328e+01, 1.8040e+00, 
 2DIAGNOSTIC,    27, -5.639577099017e-01, 1.141120022453e-06, 6.4403e+01, 2.0755e+00, 
 2DIAGNOSTIC,    28, -5.639578071021e-01, 1.103966758571e-06, 6.6541e+01, 2.1377e+00, 
 2DIAGNOSTIC,    29, -5.639578243367e-01, 1.073196155166e-06, 6.8596e+01, 2.0550e+00, 
 2DIAGNOSTIC,    30, -5.639577256043e-01, 1.043917504849e-06, 7.0585e+01, 1.9894e+00, 
 2DIAGNOSTIC,    31, -5.639577102324e-01, 1.018107768286e-06, 7.2445e+01, 1.8596e+00, 
  Elapsed time (stage 0): 7.3593e+01


Total elapsed time: 7.3596e+01
Info [verificarlo]: loaded backend libinterflop_vprec.so
Info [interflop-vprec]: load backend with: 
Info [interflop-vprec]: precision-binary32 = 10
Info [interflop-vprec]: range-binary32 = 7
Info [interflop-vprec]: precision-binary64 = 10
Info [interflop-vprec]: range-binary64 = 7
Info [interflop-vprec]: mode = ob
Info [interflop-vprec]: error-mode = rel
Info [interflop-vprec]: max-abs-error-exponent = -1022
Info [interflop-vprec]: daz = false
Info [interflop-vprec]: ftz = false
Info [interflop-vprec]: 	instrument = none
Info [interflop-vprec]: 	prec-input-file = (null)
