
##########################
# Experiment information #
##########################

EXPERIMENT_NAME: antsRegistration-r7-p6
VFC_BACKENDS: libinterflop_vprec.so --range-binary32=7 --precision-binary32=6 --range-binary64=7 --precision-binary64=6

SIF_IMG: /home/mdugre/projects/rrg-glatard/mdugre/containers/ants-vprec-no_metrics.simg

SUBJECT_ID: s020
INPUT_IMG: /home/mdugre/scratch/mri-registration-rp/datasets/ds004513/derivatives/mri-registration-rp/antsBrainExtraction/sub-s020/BrainExtractionBrain.nii.gz
OUTPUT_DIR: /home/mdugre/scratch/mri-registration-rp/datasets/ds004513/derivatives/mri-registration-rp/0001/antsRegistration-r7-p6/sub-s020

FIXED_IMG: /templateflow/tpl-MNI152NLin2009cAsym/tpl-MNI152NLin2009cAsym_res-01_desc-brain_T1w.nii.gz
DATA_DIR: /home/mdugre/scratch/mri-registration-rp/datasets/ds004513
TEMPLATEFLOW_DIR: /home/mdugre/projects/rrg-glatard/mdugre/templateflow
ITK_GLOBAL_DEFAULT_NUMBER_OF_THREADS: 16
##########################

Info [verificarlo]: loaded backend libinterflop_ieee.so
Info [interflop-ieee]: load backend with:
Info [interflop-ieee]: debug = false
Info [interflop-ieee]: debug-binary = false
Info [interflop-ieee]: no-backend-name = false
Info [interflop-ieee]: print-new-line = false
Info [interflop-ieee]: print-subnormal-normalized = false
Info [interflop-ieee]: count-op = false
All_Command_lines_OK
Using double precision for computations.
=============================================================================
The composite transform comprises the following transforms (in order): 
  1. Center of mass alignment using fixed image: /templateflow/tpl-MNI152NLin2009cAsym/tpl-MNI152NLin2009cAsym_res-01_desc-brain_T1w.nii.gz and moving image: /home/mdugre/scratch/mri-registration-rp/datasets/ds004513/derivatives/mri-registration-rp/antsBrainExtraction/sub-s020/BrainExtractionBrain.nii.gz (type = Euler3DTransform)
=============================================================================
  number of levels = 1
  fixed image: /templateflow/tpl-MNI152NLin2009cAsym/tpl-MNI152NLin2009cAsym_res-01_desc-brain_T1w.nii.gz
  moving image: /home/mdugre/scratch/mri-registration-rp/datasets/ds004513/derivatives/mri-registration-rp/antsBrainExtraction/sub-s020/BrainExtractionBrain.nii.gz
Dimension = 3
Number of stages = 1
Use histogram matching = false
Winsorize image intensities = true
  Lower quantile = 0.005
  Upper quantile = 0.995


Stage 1 State
   Image metric = MattesMI
     Fixed image = Image (0x502cbd0)
  RTTI typeinfo:   itk::Image<double, 3u>
  Reference Count: 2
  Modified Time: 2334
  Debug: Off
  Object Name: 
  Observers: 
    none
  Source: (none)
  Source output name: (none)
  Release Data: Off
  Data Released: False
  Global Release Data: Off
  PipelineMTime: 0
  UpdateMTime: 1943
  RealTimeStamp: 0 seconds 
  LargestPossibleRegion: 
    Dimension: 3
    Index: [0, 0, 0]
    Size: [193, 229, 193]
  BufferedRegion: 
    Dimension: 3
    Index: [0, 0, 0]
    Size: [193, 229, 193]
  RequestedRegion: 
    Dimension: 3
    Index: [0, 0, 0]
    Size: [193, 229, 193]
  Spacing: [1, 1, 1]
  Origin: [96, 132, -78]
  Direction: 
-1 0 0
0 -1 0
0 0 1

  IndexToPointMatrix: 
-1 0 0
0 -1 0
0 0 1

  PointToIndexMatrix: 
-1 0 0
0 -1 0
0 0 1

  Inverse Direction: 
-1 0 0
0 -1 0
0 0 1

  PixelContainer: 
    ImportImageContainer (0x50359e0)
      RTTI typeinfo:   itk::ImportImageContainer<unsigned long, double>
      Reference Count: 1
      Modified Time: 1940
      Debug: Off
      Object Name: 
      Observers: 
        none
      Pointer: 0x1465889f9010
      Container manages memory: true
      Size: 8530021
      Capacity: 8530021

     Moving image = Image (0x5036bd0)
  RTTI typeinfo:   itk::Image<double, 3u>
  Reference Count: 2
  Modified Time: 2335
  Debug: Off
  Object Name: 
  Observers: 
    none
  Source: (none)
  Source output name: (none)
  Release Data: Off
  Data Released: False
  Global Release Data: Off
  PipelineMTime: 0
  UpdateMTime: 2332
  RealTimeStamp: 0 seconds 
  LargestPossibleRegion: 
    Dimension: 3
    Index: [0, 0, 0]
    Size: [160, 240, 256]
  BufferedRegion: 
    Dimension: 3
    Index: [0, 0, 0]
    Size: [160, 240, 256]
  RequestedRegion: 
    Dimension: 3
    Index: [0, 0, 0]
    Size: [160, 240, 256]
  Spacing: [0.999995, 1, 1]
  Origin: [87.0906, 98.7205, -152.377]
  Direction: 
-0.996975 0.0261379 -0.0731913
-0.0260677 -0.999658 -0.00191374
-0.0732163 -2.46403e-08 0.997316

  IndexToPointMatrix: 
-0.996971 0.0261379 -0.0731913
-0.0260676 -0.999658 -0.00191374
-0.0732159 -2.46403e-08 0.997316

  PointToIndexMatrix: 
-0.99698 -0.0260679 -0.0732166
0.0261379 -0.999658 -2.46993e-08
-0.0731913 -0.00191374 0.997316

  Inverse Direction: 
-0.996975 -0.0260677 -0.0732163
0.0261379 -0.999658 -2.46993e-08
-0.0731913 -0.00191374 0.997316

  PixelContainer: 
    ImportImageContainer (0x51bcb50)
      RTTI typeinfo:   itk::ImportImageContainer<unsigned long, double>
      Reference Count: 1
      Modified Time: 2329
      Debug: Off
      Object Name: 
      Observers: 
        none
      Pointer: 0x146583ef8010
      Container manages memory: true
      Size: 9830400
      Capacity: 9830400

     Weighting = 1
     Sampling strategy = regular
     Number of bins = 32
     Radius = 4
     Sampling percentage  = 0.25
   Transform = Rigid
     Gradient step = 0.1
     Update field sigma (voxel space) = 0
     Total field sigma (voxel space) = 0
     Update field time sigma = 0
     Total field time sigma  = 0
     Number of time indices = 0
     Number of time point samples = 0
Registration using 1 total stages.

Stage 0
  iterations = 0
  convergence threshold = 1e-06
  convergence window size = 10
  number of levels = 1
  using the Mattes MI metric (number of bins = 32, weight = 1, use gradient filter = 0)
  preprocessing:  winsorizing the image intensities
  Shrink factors (level 1 out of 1): [1, 1, 1]
  smoothing sigmas per level: [0]
  regular sampling (percentage = 0.25)

*** Running Euler3DTransform registration ***

  Elapsed time (stage 0): 1.11811


Total elapsed time: 1.1202
Info [verificarlo]: loaded backend libinterflop_ieee.so
Info [interflop-ieee]: load backend with:
Info [interflop-ieee]: debug = false
Info [interflop-ieee]: debug-binary = false
Info [interflop-ieee]: no-backend-name = false
Info [interflop-ieee]: print-new-line = false
Info [interflop-ieee]: print-subnormal-normalized = false
Info [interflop-ieee]: count-op = false
All_Command_lines_OK
Using double precision for computations.
=============================================================================
The composite transform comprises the following transforms (in order): 
  1. /home/mdugre/scratch/mri-registration-rp/datasets/ds004513/derivatives/mri-registration-rp/0001/antsRegistration-r7-p6/sub-s020/align_Composite.h5[0] (type = Euler3DTransform)
  2. /home/mdugre/scratch/mri-registration-rp/datasets/ds004513/derivatives/mri-registration-rp/0001/antsRegistration-r7-p6/sub-s020/align_Composite.h5[1] (type = Euler3DTransform)
=============================================================================
  number of levels = 4
  fixed image: /templateflow/tpl-MNI152NLin2009cAsym/tpl-MNI152NLin2009cAsym_res-01_desc-brain_T1w.nii.gz
  moving image: /home/mdugre/scratch/mri-registration-rp/datasets/ds004513/derivatives/mri-registration-rp/antsBrainExtraction/sub-s020/BrainExtractionBrain.nii.gz
Dimension = 3
Number of stages = 1
Use histogram matching = false
Winsorize image intensities = true
  Lower quantile = 0.005
  Upper quantile = 0.995


Stage 1 State
   Image metric = MattesMI
     Fixed image = Image (0x3c1d530)
  RTTI typeinfo:   itk::Image<double, 3u>
  Reference Count: 2
  Modified Time: 1580
  Debug: Off
  Object Name: 
  Observers: 
    none
  Source: (none)
  Source output name: (none)
  Release Data: Off
  Data Released: False
  Global Release Data: Off
  PipelineMTime: 0
  UpdateMTime: 1189
  RealTimeStamp: 0 seconds 
  LargestPossibleRegion: 
    Dimension: 3
    Index: [0, 0, 0]
    Size: [193, 229, 193]
  BufferedRegion: 
    Dimension: 3
    Index: [0, 0, 0]
    Size: [193, 229, 193]
  RequestedRegion: 
    Dimension: 3
    Index: [0, 0, 0]
    Size: [193, 229, 193]
  Spacing: [1, 1, 1]
  Origin: [96, 132, -78]
  Direction: 
-1 0 0
0 -1 0
0 0 1

  IndexToPointMatrix: 
-1 0 0
0 -1 0
0 0 1

  PointToIndexMatrix: 
-1 0 0
0 -1 0
0 0 1

  Inverse Direction: 
-1 0 0
0 -1 0
0 0 1

  PixelContainer: 
    ImportImageContainer (0x3cdbd60)
      RTTI typeinfo:   itk::ImportImageContainer<unsigned long, double>
      Reference Count: 1
      Modified Time: 1186
      Debug: Off
      Object Name: 
      Observers: 
        none
      Pointer: 0x1457ea62a010
      Container manages memory: true
      Size: 8530021
      Capacity: 8530021

     Moving image = Image (0x3ccdf60)
  RTTI typeinfo:   itk::Image<double, 3u>
  Reference Count: 2
  Modified Time: 1581
  Debug: Off
  Object Name: 
  Observers: 
    none
  Source: (none)
  Source output name: (none)
  Release Data: Off
  Data Released: False
  Global Release Data: Off
  PipelineMTime: 0
  UpdateMTime: 1578
  RealTimeStamp: 0 seconds 
  LargestPossibleRegion: 
    Dimension: 3
    Index: [0, 0, 0]
    Size: [160, 240, 256]
  BufferedRegion: 
    Dimension: 3
    Index: [0, 0, 0]
    Size: [160, 240, 256]
  RequestedRegion: 
    Dimension: 3
    Index: [0, 0, 0]
    Size: [160, 240, 256]
  Spacing: [0.999995, 1, 1]
  Origin: [87.0906, 98.7205, -152.377]
  Direction: 
-0.996975 0.0261379 -0.0731913
-0.0260677 -0.999658 -0.00191374
-0.0732163 -2.46403e-08 0.997316

  IndexToPointMatrix: 
-0.996971 0.0261379 -0.0731913
-0.0260676 -0.999658 -0.00191374
-0.0732159 -2.46403e-08 0.997316

  PointToIndexMatrix: 
-0.99698 -0.0260679 -0.0732166
0.0261379 -0.999658 -2.46993e-08
-0.0731913 -0.00191374 0.997316

  Inverse Direction: 
-0.996975 -0.0260677 -0.0732163
0.0261379 -0.999658 -2.46993e-08
-0.0731913 -0.00191374 0.997316

  PixelContainer: 
    ImportImageContainer (0x3cbf6d0)
      RTTI typeinfo:   itk::ImportImageContainer<unsigned long, double>
      Reference Count: 1
      Modified Time: 1575
      Debug: Off
      Object Name: 
      Observers: 
        none
      Pointer: 0x1457e5b29010
      Container manages memory: true
      Size: 9830400
      Capacity: 9830400

     Weighting = 1
     Sampling strategy = regular
     Number of bins = 32
     Radius = 4
     Sampling percentage  = 0.25
   Transform = Rigid
     Gradient step = 0.1
     Update field sigma (voxel space) = 0
     Total field sigma (voxel space) = 0
     Update field time sigma = 0
     Total field time sigma  = 0
     Number of time indices = 0
     Number of time point samples = 0
Registration using 1 total stages.

Stage 0
  iterations = 1000x500x250x100
  convergence threshold = 1e-06
  convergence window size = 10
  number of levels = 4
  using the Mattes MI metric (number of bins = 32, weight = 1, use gradient filter = 0)
  preprocessing:  winsorizing the image intensities
  Shrink factors (level 1 out of 4): [8, 8, 8]
  Shrink factors (level 2 out of 4): [4, 4, 4]
  Shrink factors (level 3 out of 4): [2, 2, 2]
  Shrink factors (level 4 out of 4): [1, 1, 1]
  smoothing sigmas per level: [3, 2, 1, 0]
  regular sampling (percentage = 0.25)

*** Running Euler3DTransform registration ***

DIAGNOSTIC,Iteration,metricValue,convergenceValue,ITERATION_TIME_INDEX,SINCE_LAST
 2DIAGNOSTIC,     1, -3.791273390751e-01, 1.797693134862e+308, 8.6064e-01, 8.6064e-01, 
 2DIAGNOSTIC,     2, -3.803606001643e-01, 1.797693134862e+308, 8.6487e-01, 4.2360e-03, 
 2DIAGNOSTIC,     3, -3.828962034719e-01, 1.797693134862e+308, 8.6908e-01, 4.2071e-03, 
 2DIAGNOSTIC,     4, -3.876122532015e-01, 1.797693134862e+308, 8.7318e-01, 4.0951e-03, 
 2DIAGNOSTIC,     5, -3.904935334081e-01, 1.797693134862e+308, 8.7771e-01, 4.5290e-03, 
 2DIAGNOSTIC,     6, -3.911039700181e-01, 1.797693134862e+308, 8.8170e-01, 3.9942e-03, 
 2DIAGNOSTIC,     7, -3.914905453856e-01, 1.797693134862e+308, 8.8595e-01, 4.2470e-03, 
 2DIAGNOSTIC,     8, -3.925629083064e-01, 1.797693134862e+308, 8.9004e-01, 4.0910e-03, 
 2DIAGNOSTIC,     9, -3.981570789235e-01, 1.797693134862e+308, 8.9417e-01, 4.1351e-03, 
 2DIAGNOSTIC,    10, -4.079218556696e-01, 3.866687266231e-03, 8.9977e-01, 5.5940e-03, 
 2DIAGNOSTIC,    11, -4.246779602407e-01, 4.904320352954e-03, 9.0464e-01, 4.8759e-03, 
 2DIAGNOSTIC,    12, -4.297045200929e-01, 5.673254149493e-03, 9.0947e-01, 4.8270e-03, 
 2DIAGNOSTIC,    13, -4.335692915491e-01, 6.156954111548e-03, 9.1455e-01, 5.0850e-03, 
 2DIAGNOSTIC,    14, -4.439932007404e-01, 6.764094567511e-03, 9.1903e-01, 4.4742e-03, 
 2DIAGNOSTIC,    15, -4.466217672761e-01, 6.904768043078e-03, 9.2391e-01, 4.8800e-03, 
 2DIAGNOSTIC,    16, -4.513528166469e-01, 6.619270354850e-03, 9.2817e-01, 4.2579e-03, 
 2DIAGNOSTIC,    17, -4.528511004913e-01, 5.844785650494e-03, 9.3299e-01, 4.8201e-03, 
 2DIAGNOSTIC,    18, -4.555717392077e-01, 4.777374813873e-03, 9.3946e-01, 6.4731e-03, 
 2DIAGNOSTIC,    19, -4.559551126043e-01, 3.601534652889e-03, 9.4364e-01, 4.1838e-03, 
 2DIAGNOSTIC,    20, -4.573565623283e-01, 2.586713754256e-03, 9.5037e-01, 6.7260e-03, 
 2DIAGNOSTIC,    21, -4.575246635533e-01, 1.982964983457e-03, 9.5532e-01, 4.9460e-03, 
 2DIAGNOSTIC,    22, -4.577281630379e-01, 1.415629037592e-03, 9.6045e-01, 5.1329e-03, 
 2DIAGNOSTIC,    23, -4.579447010522e-01, 8.825768892936e-04, 9.6508e-01, 4.6282e-03, 
 2DIAGNOSTIC,    24, -4.580222860232e-01, 6.077341763182e-04, 9.6925e-01, 4.1771e-03, 
 2DIAGNOSTIC,    25, -4.581757241566e-01, 3.715386932253e-04, 9.7320e-01, 3.9430e-03, 
 2DIAGNOSTIC,    26, -4.586250213830e-01, 2.524196730380e-04, 9.7712e-01, 3.9229e-03, 
 2DIAGNOSTIC,    27, -4.589301677207e-01, 1.618965626219e-04, 9.8309e-01, 5.9750e-03, 
 2DIAGNOSTIC,    28, -4.591743221782e-01, 1.333508773557e-04, 9.8713e-01, 4.0400e-03, 
 2DIAGNOSTIC,    29, -4.592826604024e-01, 1.048909192448e-04, 9.9172e-01, 4.5829e-03, 
 2DIAGNOSTIC,    30, -4.597224572303e-01, 1.091396793380e-04, 9.9728e-01, 5.5661e-03, 
 2DIAGNOSTIC,    31, -4.598061422661e-01, 1.078409859563e-04, 1.0014e+00, 4.1091e-03, 
 2DIAGNOSTIC,    32, -4.606676144641e-01, 1.182459688436e-04, 1.0060e+00, 4.6110e-03, 
 2DIAGNOSTIC,    33, -4.610301886511e-01, 1.280764561599e-04, 1.0104e+00, 4.3981e-03, 
 2DIAGNOSTIC,    34, -4.611703025104e-01, 1.294951107889e-04, 1.0146e+00, 4.1502e-03, 
 2DIAGNOSTIC,    35, -4.615302819164e-01, 1.282278984411e-04, 1.0190e+00, 4.4188e-03, 
 2DIAGNOSTIC,    36, -4.621694446597e-01, 1.344089959671e-04, 1.0248e+00, 5.8079e-03, 
 2DIAGNOSTIC,    37, -4.629397785557e-01, 1.459891972344e-04, 1.0289e+00, 4.1368e-03, 
 2DIAGNOSTIC,    38, -4.632879452635e-01, 1.529950255855e-04, 1.0331e+00, 4.1680e-03, 
 2DIAGNOSTIC,    39, -4.639348402911e-01, 1.578137980696e-04, 1.0374e+00, 4.3440e-03, 
 2DIAGNOSTIC,    40, -4.658411193871e-01, 1.854344422378e-04, 1.0418e+00, 4.4169e-03, 
 2DIAGNOSTIC,    41, -4.813882495039e-01, 4.389166334548e-04, 1.0490e+00, 7.1442e-03, 
 2DIAGNOSTIC,    42, -4.852854066153e-01, 7.037404292216e-04, 1.0532e+00, 4.2160e-03, 
 2DIAGNOSTIC,    43, -4.887571869198e-01, 9.467768384986e-04, 1.0574e+00, 4.2381e-03, 
 2DIAGNOSTIC,    44, -4.912954809750e-01, 1.129092391046e-03, 1.0615e+00, 4.0891e-03, 
 2DIAGNOSTIC,    45, -4.954013720413e-01, 1.257095682864e-03, 1.0663e+00, 4.7379e-03, 
 2DIAGNOSTIC,    46, -4.977754002245e-01, 1.296161947237e-03, 1.0709e+00, 4.5869e-03, 
 2DIAGNOSTIC,    47, -4.998654058428e-01, 1.247102761154e-03, 1.0773e+00, 6.4931e-03, 
 2DIAGNOSTIC,    48, -4.998065315385e-01, 1.087863327405e-03, 1.0813e+00, 3.9771e-03, 
 2DIAGNOSTIC,    49, -5.000767185376e-01, 8.462362930215e-04, 1.0857e+00, 4.4138e-03, 
 2DIAGNOSTIC,    50, -5.001585400927e-01, 5.544857853134e-04, 1.0897e+00, 3.9608e-03, 
 2DIAGNOSTIC,    51, -5.002062591218e-01, 4.139950547134e-04, 1.0942e+00, 4.5290e-03, 
 2DIAGNOSTIC,    52, -5.003467927784e-01, 2.882389544027e-04, 1.0988e+00, 4.5900e-03, 
 2DIAGNOSTIC,    53, -5.003630613754e-01, 1.815517534128e-04, 1.1029e+00, 4.0541e-03, 
 2DIAGNOSTIC,    54, -5.004175041338e-01, 9.129473513913e-05, 1.1070e+00, 4.1058e-03, 
 2DIAGNOSTIC,    55, -5.006514188739e-01, 4.477588186496e-05, 1.1111e+00, 4.0698e-03, 
 2DIAGNOSTIC,    56, -5.008452634600e-01, 2.375756635524e-05, 1.1154e+00, 4.3690e-03, 
 2DIAGNOSTIC,    57, -5.017739586935e-01, 3.434043702152e-05, 1.1220e+00, 6.5432e-03, 
 2DIAGNOSTIC,    58, -5.016411117160e-01, 3.893683589408e-05, 1.1264e+00, 4.4620e-03, 
 2DIAGNOSTIC,    59, -5.016738847140e-01, 4.304717011961e-05, 1.1304e+00, 3.9661e-03, 
 2DIAGNOSTIC,    60, -5.017877524924e-01, 4.503773905087e-05, 1.1343e+00, 3.9279e-03, 
 2DIAGNOSTIC,    61, -5.019142198138e-01, 4.429479450913e-05, 1.1383e+00, 3.9358e-03, 
 2DIAGNOSTIC,    62, -5.019723071436e-01, 4.122042306095e-05, 1.1422e+00, 3.9561e-03, 
 2DIAGNOSTIC,    63, -5.019836588311e-01, 3.466117991248e-05, 1.1471e+00, 4.9129e-03, 
 2DIAGNOSTIC,    64, -5.019678375053e-01, 2.553965441286e-05, 1.1520e+00, 4.8978e-03, 
 2DIAGNOSTIC,    65, -5.020627354850e-01, 1.745523210501e-05, 1.1560e+00, 3.9971e-03, 
 2DIAGNOSTIC,    66, -5.021053988175e-01, 9.901706423524e-06, 1.1601e+00, 4.0710e-03, 
 2DIAGNOSTIC,    67, -5.022418332850e-01, 1.148628626042e-05, 1.1658e+00, 5.6820e-03, 
 2DIAGNOSTIC,    68, -5.022655875669e-01, 1.098357524146e-05, 1.1698e+00, 4.0638e-03, 
 2DIAGNOSTIC,    69, -5.022971675616e-01, 1.006541573607e-05, 1.1739e+00, 4.0560e-03, 
 2DIAGNOSTIC,    70, -5.023502309378e-01, 9.687870789803e-06, 1.1780e+00, 4.0760e-03, 
 2DIAGNOSTIC,    71, -5.024694998317e-01, 1.051453136558e-05, 1.1825e+00, 4.5722e-03, 
 2DIAGNOSTIC,    72, -5.028461740791e-01, 1.400212002667e-05, 1.1873e+00, 4.7419e-03, 
 2DIAGNOSTIC,    73, -5.029009265674e-01, 1.657491248649e-05, 1.1941e+00, 6.8390e-03, 
 2DIAGNOSTIC,    74, -5.029810243878e-01, 1.808300854362e-05, 1.1983e+00, 4.2250e-03, 
 2DIAGNOSTIC,    75, -5.030153875063e-01, 1.892854832837e-05, 1.2026e+00, 4.2441e-03, 
 2DIAGNOSTIC,    76, -5.030451707171e-01, 1.850114990894e-05, 1.2071e+00, 4.5199e-03, 
 2DIAGNOSTIC,    77, -5.030822193706e-01, 1.766830604731e-05, 1.2118e+00, 4.6520e-03, 
 2DIAGNOSTIC,    78, -5.032620459029e-01, 1.677085679786e-05, 1.2171e+00, 5.3420e-03, 
 2DIAGNOSTIC,    79, -5.032919351217e-01, 1.479451315329e-05, 1.2213e+00, 4.2391e-03, 
 2DIAGNOSTIC,    80, -5.032542793530e-01, 1.162390049743e-05, 1.2255e+00, 4.1580e-03, 
 2DIAGNOSTIC,    81, -5.033077628370e-01, 8.706993476219e-06, 1.2302e+00, 4.6868e-03, 
 2DIAGNOSTIC,    82, -5.034102024875e-01, 8.575027371050e-06, 1.2362e+00, 5.9659e-03, 
 2DIAGNOSTIC,    83, -5.034354191716e-01, 8.185128548647e-06, 1.2403e+00, 4.1969e-03, 
 2DIAGNOSTIC,    84, -5.034401266374e-01, 7.665634072581e-06, 1.2455e+00, 5.1372e-03, 
 2DIAGNOSTIC,    85, -5.034423443432e-01, 6.750506377192e-06, 1.2501e+00, 4.6561e-03, 
 2DIAGNOSTIC,    86, -5.034428837906e-01, 5.462892929645e-06, 1.2543e+00, 4.1170e-03, 
 2DIAGNOSTIC,    87, -5.034461543350e-01, 3.945239602388e-06, 1.2584e+00, 4.1451e-03, 
 2DIAGNOSTIC,    88, -5.034685646807e-01, 3.493787446338e-06, 1.2639e+00, 5.4550e-03, 
 2DIAGNOSTIC,    89, -5.034752097369e-01, 3.017064661914e-06, 1.2771e+00, 1.3226e-02, 
 2DIAGNOSTIC,    90, -5.034752096826e-01, 2.046771583811e-06, 1.2902e+00, 1.3105e-02, 
 2DIAGNOSTIC,    91, -5.034752096826e-01, 1.276190849039e-06, 1.2949e+00, 4.7460e-03, 
 2DIAGNOSTIC,    92, -5.034752096826e-01, 1.099334217148e-06, 1.2995e+00, 4.6060e-03, 
 2DIAGNOSTIC,    93, -5.034752096826e-01, 1.014901569386e-06, 1.3114e+00, 1.1854e-02, 
DIAGNOSTIC,Iteration,metricValue,convergenceValue,ITERATION_TIME_INDEX,SINCE_LAST
 2DIAGNOSTIC,     1, -4.076315454990e-01, 1.797693134862e+308, 2.0285e+00, 7.1711e-01, 
 2DIAGNOSTIC,     2, -4.080727983222e-01, 1.797693134862e+308, 2.0575e+00, 2.8954e-02, 
 2DIAGNOSTIC,     3, -4.084868919592e-01, 1.797693134862e+308, 2.0859e+00, 2.8482e-02, 
 2DIAGNOSTIC,     4, -4.090980770289e-01, 1.797693134862e+308, 2.1177e+00, 3.1714e-02, 
 2DIAGNOSTIC,     5, -4.097750325587e-01, 1.797693134862e+308, 2.1474e+00, 2.9777e-02, 
 2DIAGNOSTIC,     6, -4.109513863699e-01, 1.797693134862e+308, 2.1777e+00, 3.0285e-02, 
 2DIAGNOSTIC,     7, -4.111783562843e-01, 1.797693134862e+308, 2.2070e+00, 2.9289e-02, 
 2DIAGNOSTIC,     8, -4.132615210294e-01, 1.797693134862e+308, 2.2355e+00, 2.8502e-02, 
 2DIAGNOSTIC,     9, -4.144971902745e-01, 1.797693134862e+308, 2.2694e+00, 3.3908e-02, 
 2DIAGNOSTIC,    10, -4.156598171579e-01, 1.259288777356e-03, 2.2965e+00, 2.7105e-02, 
 2DIAGNOSTIC,    11, -4.163373366700e-01, 1.258247442411e-03, 2.3272e+00, 3.0633e-02, 
 2DIAGNOSTIC,    12, -4.170773588990e-01, 1.212996955262e-03, 2.3549e+00, 2.7730e-02, 
 2DIAGNOSTIC,    13, -4.172814920125e-01, 1.097041159813e-03, 2.3951e+00, 4.0234e-02, 
 2DIAGNOSTIC,    14, -4.173567259970e-01, 9.312595076759e-04, 2.4311e+00, 3.5966e-02, 
 2DIAGNOSTIC,    15, -4.173625051428e-01, 7.338751874793e-04, 2.4619e+00, 3.0808e-02, 
 2DIAGNOSTIC,    16, -4.173662459339e-01, 5.461274219910e-04, 2.4993e+00, 3.7459e-02, 
 2DIAGNOSTIC,    17, -4.173644690464e-01, 3.380823055307e-04, 2.5328e+00, 3.3409e-02, 
 2DIAGNOSTIC,    18, -4.173560824838e-01, 2.008732766821e-04, 2.5660e+00, 3.3221e-02, 
 2DIAGNOSTIC,    19, -4.173550658299e-01, 1.038748984589e-04, 2.5946e+00, 2.8656e-02, 
 2DIAGNOSTIC,    20, -4.173657484851e-01, 4.716866859107e-05, 2.6305e+00, 3.5833e-02, 
 2DIAGNOSTIC,    21, -4.173654582514e-01, 1.319902299864e-05, 2.6639e+00, 3.3384e-02, 
 2DIAGNOSTIC,    22, -4.173627452467e-01, 4.092742889664e-06, 2.6975e+00, 3.3690e-02, 
 2DIAGNOSTIC,    23, -4.173521098468e-01, 1.257617388221e-06, 2.7275e+00, 2.9924e-02, 
DIAGNOSTIC,Iteration,metricValue,convergenceValue,ITERATION_TIME_INDEX,SINCE_LAST
 2DIAGNOSTIC,     1, -3.581096739553e-01, 1.797693134862e+308, 3.8490e+00, 1.1216e+00, 
 2DIAGNOSTIC,     2, -3.583190666237e-01, 1.797693134862e+308, 4.0631e+00, 2.1409e-01, 
 2DIAGNOSTIC,     3, -3.584987596850e-01, 1.797693134862e+308, 4.2921e+00, 2.2899e-01, 
 2DIAGNOSTIC,     4, -3.586144133188e-01, 1.797693134862e+308, 4.5026e+00, 2.1049e-01, 
 2DIAGNOSTIC,     5, -3.587369988794e-01, 1.797693134862e+308, 4.7346e+00, 2.3201e-01, 
 2DIAGNOSTIC,     6, -3.588463874396e-01, 1.797693134862e+308, 4.9797e+00, 2.4505e-01, 
 2DIAGNOSTIC,     7, -3.589408468561e-01, 1.797693134862e+308, 5.2279e+00, 2.4827e-01, 
 2DIAGNOSTIC,     8, -3.590261766814e-01, 1.797693134862e+308, 5.6105e+00, 3.8258e-01, 
 2DIAGNOSTIC,     9, -3.590928650589e-01, 1.797693134862e+308, 5.8440e+00, 2.3344e-01, 
 2DIAGNOSTIC,    10, -3.591523638240e-01, 1.821884716797e-04, 6.0760e+00, 2.3203e-01, 
 2DIAGNOSTIC,    11, -3.592532783430e-01, 1.463256285418e-04, 6.3129e+00, 2.3688e-01, 
 2DIAGNOSTIC,    12, -3.593662344650e-01, 1.245201659630e-04, 6.5473e+00, 2.3441e-01, 
 2DIAGNOSTIC,    13, -3.596416070629e-01, 1.225948105237e-04, 6.8357e+00, 2.8839e-01, 
 2DIAGNOSTIC,    14, -3.598165614735e-01, 1.260582016404e-04, 7.2050e+00, 3.6935e-01, 
 2DIAGNOSTIC,    15, -3.598341118622e-01, 1.250452378210e-04, 7.4825e+00, 2.7749e-01, 
 2DIAGNOSTIC,    16, -3.598846873667e-01, 1.209568514583e-04, 7.7651e+00, 2.8256e-01, 
 2DIAGNOSTIC,    17, -3.598806772238e-01, 1.104999975164e-04, 8.0722e+00, 3.0716e-01, 
 2DIAGNOSTIC,    18, -3.598802109408e-01, 9.471682982496e-05, 8.4376e+00, 3.6541e-01, 
 2DIAGNOSTIC,    19, -3.598798331529e-01, 7.466796696313e-05, 8.7805e+00, 3.4283e-01, 
 2DIAGNOSTIC,    20, -3.598793346577e-01, 5.224898097535e-05, 9.0943e+00, 3.1382e-01, 
 2DIAGNOSTIC,    21, -3.598780889477e-01, 3.108147354216e-05, 9.3652e+00, 2.7091e-01, 
 2DIAGNOSTIC,    22, -3.598768398971e-01, 1.289647641130e-05, 9.6399e+00, 2.7470e-01, 
 2DIAGNOSTIC,    23, -3.598768908196e-01, 4.560430488056e-06, 9.8662e+00, 2.2627e-01, 
 2DIAGNOSTIC,    24, -3.598763173302e-01, 2.369687412650e-06, 1.0126e+01, 2.5974e-01, 
DIAGNOSTIC,Iteration,metricValue,convergenceValue,ITERATION_TIME_INDEX,SINCE_LAST
 2DIAGNOSTIC,     1, -3.310268809943e-01, 1.797693134862e+308, 1.2837e+01, 2.7115e+00, 
 2DIAGNOSTIC,     2, -3.311527693475e-01, 1.797693134862e+308, 1.4506e+01, 1.6690e+00, 
 2DIAGNOSTIC,     3, -3.314072059076e-01, 1.797693134862e+308, 1.6179e+01, 1.6723e+00, 
 2DIAGNOSTIC,     4, -3.315173584419e-01, 1.797693134862e+308, 1.8206e+01, 2.0269e+00, 
 2DIAGNOSTIC,     5, -3.315470412648e-01, 1.797693134862e+308, 1.9903e+01, 1.6971e+00, 
 2DIAGNOSTIC,     6, -3.315513417707e-01, 1.797693134862e+308, 2.2263e+01, 2.3606e+00, 
 2DIAGNOSTIC,     7, -3.315538309223e-01, 1.797693134862e+308, 2.3865e+01, 1.6014e+00, 
 2DIAGNOSTIC,     8, -3.315552821664e-01, 1.797693134862e+308, 2.5522e+01, 1.6578e+00, 
 2DIAGNOSTIC,     9, -3.315559800055e-01, 1.797693134862e+308, 2.7021e+01, 1.4987e+00, 
 2DIAGNOSTIC,    10, -3.315574408604e-01, 8.931681495898e-05, 2.8415e+01, 1.3937e+00, 
 2DIAGNOSTIC,    11, -3.315588338576e-01, 4.722199390672e-05, 3.0077e+01, 1.6626e+00, 
 2DIAGNOSTIC,    12, -3.315611178233e-01, 1.693153220356e-05, 3.1631e+01, 1.5531e+00, 
 2DIAGNOSTIC,    13, -3.315602801542e-01, 6.555255548005e-06, 3.3024e+01, 1.3936e+00, 
 2DIAGNOSTIC,    14, -3.315617564245e-01, 4.081800565658e-06, 3.4478e+01, 1.4544e+00, 
 2DIAGNOSTIC,    15, -3.315687653415e-01, 3.863623261158e-06, 3.5812e+01, 1.3336e+00, 
 2DIAGNOSTIC,    16, -3.316044230081e-01, 5.639216005340e-06, 3.9255e+01, 3.4428e+00, 
 2DIAGNOSTIC,    17, -3.316041556221e-01, 6.933355239970e-06, 4.1320e+01, 2.0655e+00, 
 2DIAGNOSTIC,    18, -3.316040668920e-01, 7.708188515594e-06, 4.2871e+01, 1.5504e+00, 
 2DIAGNOSTIC,    19, -3.316037941615e-01, 7.894712257046e-06, 4.4816e+01, 1.9448e+00, 
 2DIAGNOSTIC,    20, -3.316036663746e-01, 7.529656871334e-06, 4.6660e+01, 1.8449e+00, 
 2DIAGNOSTIC,    21, -3.316037113028e-01, 6.677120090837e-06, 4.8324e+01, 1.6639e+00, 
 2DIAGNOSTIC,    22, -3.316036091052e-01, 5.505927328731e-06, 4.9877e+01, 1.5524e+00, 
 2DIAGNOSTIC,    23, -3.316036640164e-01, 4.051031638780e-06, 5.1463e+01, 1.5867e+00, 
 2DIAGNOSTIC,    24, -3.316035871371e-01, 2.525469725387e-06, 5.3079e+01, 1.6157e+00, 
 2DIAGNOSTIC,    25, -3.316036422030e-01, 1.216464713072e-06, 5.4499e+01, 1.4201e+00, 
 2DIAGNOSTIC,    26, -3.316036621143e-01, 1.189826100229e-06, 5.6109e+01, 1.6097e+00, 
 2DIAGNOSTIC,    27, -3.316036482237e-01, 1.159338950764e-06, 5.7650e+01, 1.5416e+00, 
 2DIAGNOSTIC,    28, -3.316036436477e-01, 1.130223630262e-06, 5.8933e+01, 1.2831e+00, 
 2DIAGNOSTIC,    29, -3.316036508563e-01, 1.095950490304e-06, 6.0491e+01, 1.5579e+00, 
 2DIAGNOSTIC,    30, -3.316035590902e-01, 1.057717157034e-06, 6.2045e+01, 1.5532e+00, 
 2DIAGNOSTIC,    31, -3.316035584158e-01, 1.023564414566e-06, 6.3741e+01, 1.6966e+00, 
  Elapsed time (stage 0): 6.4529e+01


Total elapsed time: 6.4531e+01
Info [verificarlo]: loaded backend libinterflop_ieee.so
Info [interflop-ieee]: load backend with:
Info [interflop-ieee]: debug = false
Info [interflop-ieee]: debug-binary = false
Info [interflop-ieee]: no-backend-name = false
Info [interflop-ieee]: print-new-line = false
Info [interflop-ieee]: print-subnormal-normalized = false
Info [interflop-ieee]: count-op = false
All_Command_lines_OK
Using double precision for computations.
=============================================================================
The composite transform comprises the following transforms (in order): 
  1. /home/mdugre/scratch/mri-registration-rp/datasets/ds004513/derivatives/mri-registration-rp/0001/antsRegistration-r7-p6/sub-s020/rigid_Composite.h5[0] (type = Euler3DTransform)
  2. /home/mdugre/scratch/mri-registration-rp/datasets/ds004513/derivatives/mri-registration-rp/0001/antsRegistration-r7-p6/sub-s020/rigid_Composite.h5[1] (type = Euler3DTransform)
  3. /home/mdugre/scratch/mri-registration-rp/datasets/ds004513/derivatives/mri-registration-rp/0001/antsRegistration-r7-p6/sub-s020/rigid_Composite.h5[2] (type = Euler3DTransform)
=============================================================================
  number of levels = 4
  fixed image: /templateflow/tpl-MNI152NLin2009cAsym/tpl-MNI152NLin2009cAsym_res-01_desc-brain_T1w.nii.gz
  moving image: /home/mdugre/scratch/mri-registration-rp/datasets/ds004513/derivatives/mri-registration-rp/antsBrainExtraction/sub-s020/BrainExtractionBrain.nii.gz
Dimension = 3
Number of stages = 1
Use histogram matching = false
Winsorize image intensities = true
  Lower quantile = 0.005
  Upper quantile = 0.995


Stage 1 State
   Image metric = MattesMI
     Fixed image = Image (0x3e75530)
  RTTI typeinfo:   itk::Image<double, 3u>
  Reference Count: 2
  Modified Time: 1594
  Debug: Off
  Object Name: 
  Observers: 
    none
  Source: (none)
  Source output name: (none)
  Release Data: Off
  Data Released: False
  Global Release Data: Off
  PipelineMTime: 0
  UpdateMTime: 1203
  RealTimeStamp: 0 seconds 
  LargestPossibleRegion: 
    Dimension: 3
    Index: [0, 0, 0]
    Size: [193, 229, 193]
  BufferedRegion: 
    Dimension: 3
    Index: [0, 0, 0]
    Size: [193, 229, 193]
  RequestedRegion: 
    Dimension: 3
    Index: [0, 0, 0]
    Size: [193, 229, 193]
  Spacing: [1, 1, 1]
  Origin: [96, 132, -78]
  Direction: 
-1 0 0
0 -1 0
0 0 1

  IndexToPointMatrix: 
-1 0 0
0 -1 0
0 0 1

  PointToIndexMatrix: 
-1 0 0
0 -1 0
0 0 1

  Inverse Direction: 
-1 0 0
0 -1 0
0 0 1

  PixelContainer: 
    ImportImageContainer (0x3f2e2a0)
      RTTI typeinfo:   itk::ImportImageContainer<unsigned long, double>
      Reference Count: 1
      Modified Time: 1200
      Debug: Off
      Object Name: 
      Observers: 
        none
      Pointer: 0x14b23a8e8010
      Container manages memory: true
      Size: 8530021
      Capacity: 8530021

     Moving image = Image (0x3f30e60)
  RTTI typeinfo:   itk::Image<double, 3u>
  Reference Count: 2
  Modified Time: 1595
  Debug: Off
  Object Name: 
  Observers: 
    none
  Source: (none)
  Source output name: (none)
  Release Data: Off
  Data Released: False
  Global Release Data: Off
  PipelineMTime: 0
  UpdateMTime: 1592
  RealTimeStamp: 0 seconds 
  LargestPossibleRegion: 
    Dimension: 3
    Index: [0, 0, 0]
    Size: [160, 240, 256]
  BufferedRegion: 
    Dimension: 3
    Index: [0, 0, 0]
    Size: [160, 240, 256]
  RequestedRegion: 
    Dimension: 3
    Index: [0, 0, 0]
    Size: [160, 240, 256]
  Spacing: [0.999995, 1, 1]
  Origin: [87.0906, 98.7205, -152.377]
  Direction: 
-0.996975 0.0261379 -0.0731913
-0.0260677 -0.999658 -0.00191374
-0.0732163 -2.46403e-08 0.997316

  IndexToPointMatrix: 
-0.996971 0.0261379 -0.0731913
-0.0260676 -0.999658 -0.00191374
-0.0732159 -2.46403e-08 0.997316

  PointToIndexMatrix: 
-0.99698 -0.0260679 -0.0732166
0.0261379 -0.999658 -2.46993e-08
-0.0731913 -0.00191374 0.997316

  Inverse Direction: 
-0.996975 -0.0260677 -0.0732163
0.0261379 -0.999658 -2.46993e-08
-0.0731913 -0.00191374 0.997316

  PixelContainer: 
    ImportImageContainer (0x3f64390)
      RTTI typeinfo:   itk::ImportImageContainer<unsigned long, double>
      Reference Count: 1
      Modified Time: 1589
      Debug: Off
      Object Name: 
      Observers: 
        none
      Pointer: 0x14b235de7010
      Container manages memory: true
      Size: 9830400
      Capacity: 9830400

     Weighting = 1
     Sampling strategy = regular
     Number of bins = 32
     Radius = 4
     Sampling percentage  = 0.25
   Transform = Affine
     Gradient step = 0.1
     Update field sigma (voxel space) = 0
     Total field sigma (voxel space) = 0
     Update field time sigma = 0
     Total field time sigma  = 0
     Number of time indices = 0
     Number of time point samples = 0
Registration using 1 total stages.

Stage 0
  iterations = 1000x500x250x100
  convergence threshold = 1e-06
  convergence window size = 10
  number of levels = 4
  using the Mattes MI metric (number of bins = 32, weight = 1, use gradient filter = 0)
  preprocessing:  winsorizing the image intensities
  Shrink factors (level 1 out of 4): [8, 8, 8]
  Shrink factors (level 2 out of 4): [4, 4, 4]
  Shrink factors (level 3 out of 4): [2, 2, 2]
  Shrink factors (level 4 out of 4): [1, 1, 1]
  smoothing sigmas per level: [3, 2, 1, 0]
  regular sampling (percentage = 0.25)

*** Running AffineTransform registration ***

DIAGNOSTIC,Iteration,metricValue,convergenceValue,ITERATION_TIME_INDEX,SINCE_LAST
 2DIAGNOSTIC,     1, -5.027283221295e-01, 1.797693134862e+308, 8.0097e-01, 8.0096e-01, 
 2DIAGNOSTIC,     2, -5.045109719402e-01, 1.797693134862e+308, 8.0604e-01, 5.0759e-03, 
 2DIAGNOSTIC,     3, -5.073375211982e-01, 1.797693134862e+308, 8.1121e-01, 5.1730e-03, 
 2DIAGNOSTIC,     4, -5.117985229634e-01, 1.797693134862e+308, 8.1614e-01, 4.9279e-03, 
 2DIAGNOSTIC,     5, -5.189993321054e-01, 1.797693134862e+308, 8.2062e-01, 4.4749e-03, 
 2DIAGNOSTIC,     6, -5.311169340424e-01, 1.797693134862e+308, 8.2552e-01, 4.9081e-03, 
 2DIAGNOSTIC,     7, -5.615709170971e-01, 1.797693134862e+308, 8.3017e-01, 4.6470e-03, 
 2DIAGNOSTIC,     8, -6.268072802637e-01, 1.797693134862e+308, 8.3598e-01, 5.8110e-03, 
 2DIAGNOSTIC,     9, -6.710598443404e-01, 1.797693134862e+308, 8.4152e-01, 5.5420e-03, 
 2DIAGNOSTIC,    10, -7.064957987201e-01, 2.309208876618e-02, 8.4807e-01, 6.5448e-03, 
 2DIAGNOSTIC,    11, -7.478164926295e-01, 2.599756661559e-02, 8.5406e-01, 5.9891e-03, 
 2DIAGNOSTIC,    12, -7.673713121607e-01, 2.676444680299e-02, 8.5992e-01, 5.8570e-03, 
 2DIAGNOSTIC,    13, -7.913380767205e-01, 2.587579385695e-02, 8.6575e-01, 5.8310e-03, 
 2DIAGNOSTIC,    14, -8.056294821532e-01, 2.340280491834e-02, 8.7110e-01, 5.3549e-03, 
 2DIAGNOSTIC,    15, -8.209383792273e-01, 1.989869648196e-02, 8.7981e-01, 8.7080e-03, 
 2DIAGNOSTIC,    16, -8.222602938635e-01, 1.551701194276e-02, 8.8492e-01, 5.1138e-03, 
 2DIAGNOSTIC,    17, -8.314807847332e-01, 1.134265502572e-02, 8.8994e-01, 5.0142e-03, 
 2DIAGNOSTIC,    18, -8.392256811527e-01, 8.409033566591e-03, 8.9527e-01, 5.3329e-03, 
 2DIAGNOSTIC,    19, -8.435359424509e-01, 6.140363645011e-03, 9.0129e-01, 6.0229e-03, 
 2DIAGNOSTIC,    20, -8.467057115071e-01, 4.367382807678e-03, 9.0695e-01, 5.6601e-03, 
 2DIAGNOSTIC,    21, -8.466901780404e-01, 3.200205311339e-03, 9.1686e-01, 9.9089e-03, 
 2DIAGNOSTIC,    22, -8.467363241038e-01, 2.219378596793e-03, 9.2265e-01, 5.7859e-03, 
 2DIAGNOSTIC,    23, -8.467566824657e-01, 1.547239539925e-03, 9.2765e-01, 4.9970e-03, 
 2DIAGNOSTIC,    24, -8.466529295422e-01, 1.026546235748e-03, 9.3265e-01, 5.0011e-03, 
 2DIAGNOSTIC,    25, -8.466997206309e-01, 7.039939383329e-04, 9.3764e-01, 4.9911e-03, 
 2DIAGNOSTIC,    26, -8.467736424383e-01, 3.641326822143e-04, 9.4262e-01, 4.9839e-03, 
 2DIAGNOSTIC,    27, -8.468876269642e-01, 1.525529923823e-04, 9.4845e-01, 5.8289e-03, 
 2DIAGNOSTIC,    28, -8.470555494293e-01, 5.256588999834e-05, 9.5407e-01, 5.6190e-03, 
 2DIAGNOSTIC,    29, -8.473567796833e-01, 1.577752036677e-05, 9.5919e-01, 5.1229e-03, 
 2DIAGNOSTIC,    30, -8.474725921648e-01, 2.238635086880e-05, 9.6491e-01, 5.7130e-03, 
 2DIAGNOSTIC,    31, -8.479044288923e-01, 3.162200302630e-05, 9.7074e-01, 5.8329e-03, 
 2DIAGNOSTIC,    32, -8.478583120058e-01, 3.721198530768e-05, 9.7575e-01, 5.0130e-03, 
 2DIAGNOSTIC,    33, -8.480318632857e-01, 4.133535932168e-05, 9.8135e-01, 5.5940e-03, 
 2DIAGNOSTIC,    34, -8.481726417916e-01, 4.175407349551e-05, 9.8667e-01, 5.3270e-03, 
 2DIAGNOSTIC,    35, -8.482134135929e-01, 3.917443991913e-05, 9.9212e-01, 5.4519e-03, 
 2DIAGNOSTIC,    36, -8.484050216438e-01, 3.589572647874e-05, 9.9715e-01, 5.0299e-03, 
 2DIAGNOSTIC,    37, -8.492507202239e-01, 3.915026536751e-05, 1.0055e+00, 8.3539e-03, 
 2DIAGNOSTIC,    38, -8.493091647243e-01, 4.056323221088e-05, 1.0111e+00, 5.5571e-03, 
 2DIAGNOSTIC,    39, -8.491978556490e-01, 4.002831097686e-05, 1.0160e+00, 4.9391e-03, 
 2DIAGNOSTIC,    40, -8.489599282167e-01, 3.472424071942e-05, 1.0210e+00, 5.0199e-03, 
 2DIAGNOSTIC,    41, -8.489967587057e-01, 3.075425830495e-05, 1.0261e+00, 5.0468e-03, 
 2DIAGNOSTIC,    42, -8.493161586868e-01, 2.633384348693e-05, 1.0311e+00, 5.0399e-03, 
 2DIAGNOSTIC,    43, -8.498051352674e-01, 2.522623844708e-05, 1.0361e+00, 5.0251e-03, 
 2DIAGNOSTIC,    44, -8.512362984721e-01, 3.500684375959e-05, 1.0412e+00, 5.0390e-03, 
 2DIAGNOSTIC,    45, -8.557622885583e-01, 7.799469626585e-05, 1.0475e+00, 6.3128e-03, 
 2DIAGNOSTIC,    46, -8.569661986720e-01, 1.215874104453e-04, 1.0553e+00, 7.7829e-03, 
 2DIAGNOSTIC,    47, -8.565508007156e-01, 1.551621500749e-04, 1.0617e+00, 6.4280e-03, 
 2DIAGNOSTIC,    48, -8.566559582703e-01, 1.743356997904e-04, 1.0673e+00, 5.6119e-03, 
 2DIAGNOSTIC,    49, -8.565976132428e-01, 1.746551159365e-04, 1.0733e+00, 5.9700e-03, 
 2DIAGNOSTIC,    50, -8.565138198726e-01, 1.554139992443e-04, 1.0788e+00, 5.5101e-03, 
 2DIAGNOSTIC,    51, -8.564597316707e-01, 1.219748440346e-04, 1.0847e+00, 5.9431e-03, 
 2DIAGNOSTIC,    52, -8.565228789265e-01, 8.151759574083e-05, 1.0907e+00, 5.9419e-03, 
 2DIAGNOSTIC,    53, -8.564684993950e-01, 3.812390468567e-05, 1.0963e+00, 5.5749e-03, 
 2DIAGNOSTIC,    54, -8.564296112362e-01, 1.354624192179e-06, 1.1018e+00, 5.5959e-03, 
DIAGNOSTIC,Iteration,metricValue,convergenceValue,ITERATION_TIME_INDEX,SINCE_LAST
 2DIAGNOSTIC,     1, -7.165808694050e-01, 1.797693134862e+308, 1.8648e+00, 7.6290e-01, 
 2DIAGNOSTIC,     2, -7.168962768686e-01, 1.797693134862e+308, 1.9005e+00, 3.5775e-02, 
 2DIAGNOSTIC,     3, -7.169392827000e-01, 1.797693134862e+308, 1.9522e+00, 5.1668e-02, 
 2DIAGNOSTIC,     4, -7.169128298395e-01, 1.797693134862e+308, 1.9979e+00, 4.5678e-02, 
 2DIAGNOSTIC,     5, -7.169044373449e-01, 1.797693134862e+308, 2.0379e+00, 4.0033e-02, 
 2DIAGNOSTIC,     6, -7.168882243394e-01, 1.797693134862e+308, 2.0780e+00, 4.0074e-02, 
 2DIAGNOSTIC,     7, -7.168586842441e-01, 1.797693134862e+308, 2.1190e+00, 4.1024e-02, 
 2DIAGNOSTIC,     8, -7.168339129760e-01, 1.797693134862e+308, 2.1590e+00, 4.0008e-02, 
 2DIAGNOSTIC,     9, -7.168413237100e-01, 1.797693134862e+308, 2.1954e+00, 3.6353e-02, 
 2DIAGNOSTIC,    10, -7.168390460918e-01, 7.471855950403e-06, 2.2384e+00, 4.3025e-02, 
DIAGNOSTIC,Iteration,metricValue,convergenceValue,ITERATION_TIME_INDEX,SINCE_LAST
 2DIAGNOSTIC,     1, -5.949439978938e-01, 1.797693134862e+308, 3.3578e+00, 1.1194e+00, 
 2DIAGNOSTIC,     2, -5.953008285268e-01, 1.797693134862e+308, 3.6462e+00, 2.8834e-01, 
 2DIAGNOSTIC,     3, -5.955760059205e-01, 1.797693134862e+308, 3.9608e+00, 3.1461e-01, 
 2DIAGNOSTIC,     4, -5.958830232226e-01, 1.797693134862e+308, 4.2426e+00, 2.8186e-01, 
 2DIAGNOSTIC,     5, -5.964222052649e-01, 1.797693134862e+308, 4.5342e+00, 2.9157e-01, 
 2DIAGNOSTIC,     6, -5.967958115695e-01, 1.797693134862e+308, 4.9524e+00, 4.1818e-01, 
 2DIAGNOSTIC,     7, -5.968115191014e-01, 1.797693134862e+308, 5.2348e+00, 2.8246e-01, 
 2DIAGNOSTIC,     8, -5.968466598226e-01, 1.797693134862e+308, 5.5443e+00, 3.0944e-01, 
 2DIAGNOSTIC,     9, -5.969409685003e-01, 1.797693134862e+308, 5.8587e+00, 3.1440e-01, 
 2DIAGNOSTIC,    10, -5.970167035497e-01, 2.364049405350e-04, 6.1743e+00, 3.1565e-01, 
 2DIAGNOSTIC,    11, -5.970473181795e-01, 1.739783185154e-04, 6.4982e+00, 3.2387e-01, 
 2DIAGNOSTIC,    12, -5.970971082757e-01, 1.229501298763e-04, 6.8224e+00, 3.2423e-01, 
 2DIAGNOSTIC,    13, -5.971323575276e-01, 8.040700811497e-05, 7.1078e+00, 2.8535e-01, 
 2DIAGNOSTIC,    14, -5.971401711780e-01, 4.715296928655e-05, 7.3985e+00, 2.9074e-01, 
 2DIAGNOSTIC,    15, -5.971526599204e-01, 3.142314155626e-05, 7.7344e+00, 3.3586e-01, 
 2DIAGNOSTIC,    16, -5.971605140202e-01, 2.635751924694e-05, 8.0647e+00, 3.3033e-01, 
 2DIAGNOSTIC,    17, -5.971572446104e-01, 2.000302530409e-05, 8.3730e+00, 3.0833e-01, 
 2DIAGNOSTIC,    18, -5.971569466196e-01, 1.355717018758e-05, 8.7643e+00, 3.9123e-01, 
 2DIAGNOSTIC,    19, -5.971561021076e-01, 9.010954018077e-06, 9.1186e+00, 3.5431e-01, 
 2DIAGNOSTIC,    20, -5.971538501471e-01, 5.988015423751e-06, 9.4843e+00, 3.6575e-01, 
 2DIAGNOSTIC,    21, -5.971527780098e-01, 3.491167903338e-06, 9.7862e+00, 3.0183e-01, 
 2DIAGNOSTIC,    22, -5.971530596464e-01, 2.105955412376e-06, 1.0089e+01, 3.0322e-01, 
 2DIAGNOSTIC,    23, -5.971560028105e-01, 1.570824813654e-06, 1.0405e+01, 3.1562e-01, 
 2DIAGNOSTIC,    24, -5.971565037110e-01, 1.220029185116e-06, 1.0722e+01, 3.1705e-01, 
 2DIAGNOSTIC,    25, -5.971559962831e-01, 1.131743502518e-06, 1.1091e+01, 3.6912e-01, 
