
##########################
# Experiment information #
##########################

EXPERIMENT_NAME: antsRegistration-r8-p8
VFC_BACKENDS: libinterflop_vprec.so --range-binary32=8 --precision-binary32=8 --range-binary64=8 --precision-binary64=8

SIF_IMG: /home/mdugre/projects/rrg-glatard/mdugre/containers/ants-vprec-no_metrics.simg

SUBJECT_ID: s020
INPUT_IMG: /home/mdugre/scratch/mri-registration-rp/datasets/ds004513/derivatives/mri-registration-rp/antsBrainExtraction/sub-s020/BrainExtractionBrain.nii.gz
OUTPUT_DIR: /home/mdugre/scratch/mri-registration-rp/datasets/ds004513/derivatives/mri-registration-rp/0001/antsRegistration-r8-p8/sub-s020

FIXED_IMG: /templateflow/tpl-MNI152NLin2009cAsym/tpl-MNI152NLin2009cAsym_res-01_desc-brain_T1w.nii.gz
DATA_DIR: /home/mdugre/scratch/mri-registration-rp/datasets/ds004513
TEMPLATEFLOW_DIR: /home/mdugre/projects/rrg-glatard/mdugre/templateflow
ITK_GLOBAL_DEFAULT_NUMBER_OF_THREADS: 16
##########################

Info [verificarlo]: loaded backend libinterflop_ieee.so
Info [interflop-ieee]: load backend with:
Info [interflop-ieee]: debug = false
Info [interflop-ieee]: debug-binary = false
Info [interflop-ieee]: no-backend-name = false
Info [interflop-ieee]: print-new-line = false
Info [interflop-ieee]: print-subnormal-normalized = false
Info [interflop-ieee]: count-op = false
All_Command_lines_OK
Using double precision for computations.
=============================================================================
The composite transform comprises the following transforms (in order): 
  1. Center of mass alignment using fixed image: /templateflow/tpl-MNI152NLin2009cAsym/tpl-MNI152NLin2009cAsym_res-01_desc-brain_T1w.nii.gz and moving image: /home/mdugre/scratch/mri-registration-rp/datasets/ds004513/derivatives/mri-registration-rp/antsBrainExtraction/sub-s020/BrainExtractionBrain.nii.gz (type = Euler3DTransform)
=============================================================================
  number of levels = 1
  fixed image: /templateflow/tpl-MNI152NLin2009cAsym/tpl-MNI152NLin2009cAsym_res-01_desc-brain_T1w.nii.gz
  moving image: /home/mdugre/scratch/mri-registration-rp/datasets/ds004513/derivatives/mri-registration-rp/antsBrainExtraction/sub-s020/BrainExtractionBrain.nii.gz
Dimension = 3
Number of stages = 1
Use histogram matching = false
Winsorize image intensities = true
  Lower quantile = 0.005
  Upper quantile = 0.995


Stage 1 State
   Image metric = MattesMI
     Fixed image = Image (0x3c55bd0)
  RTTI typeinfo:   itk::Image<double, 3u>
  Reference Count: 2
  Modified Time: 2334
  Debug: Off
  Object Name: 
  Observers: 
    none
  Source: (none)
  Source output name: (none)
  Release Data: Off
  Data Released: False
  Global Release Data: Off
  PipelineMTime: 0
  UpdateMTime: 1943
  RealTimeStamp: 0 seconds 
  LargestPossibleRegion: 
    Dimension: 3
    Index: [0, 0, 0]
    Size: [193, 229, 193]
  BufferedRegion: 
    Dimension: 3
    Index: [0, 0, 0]
    Size: [193, 229, 193]
  RequestedRegion: 
    Dimension: 3
    Index: [0, 0, 0]
    Size: [193, 229, 193]
  Spacing: [1, 1, 1]
  Origin: [96, 132, -78]
  Direction: 
-1 0 0
0 -1 0
0 0 1

  IndexToPointMatrix: 
-1 0 0
0 -1 0
0 0 1

  PointToIndexMatrix: 
-1 0 0
0 -1 0
0 0 1

  Inverse Direction: 
-1 0 0
0 -1 0
0 0 1

  PixelContainer: 
    ImportImageContainer (0x3c5e9e0)
      RTTI typeinfo:   itk::ImportImageContainer<unsigned long, double>
      Reference Count: 1
      Modified Time: 1940
      Debug: Off
      Object Name: 
      Observers: 
        none
      Pointer: 0x152c046d2010
      Container manages memory: true
      Size: 8530021
      Capacity: 8530021

     Moving image = Image (0x3c5fbd0)
  RTTI typeinfo:   itk::Image<double, 3u>
  Reference Count: 2
  Modified Time: 2335
  Debug: Off
  Object Name: 
  Observers: 
    none
  Source: (none)
  Source output name: (none)
  Release Data: Off
  Data Released: False
  Global Release Data: Off
  PipelineMTime: 0
  UpdateMTime: 2332
  RealTimeStamp: 0 seconds 
  LargestPossibleRegion: 
    Dimension: 3
    Index: [0, 0, 0]
    Size: [160, 240, 256]
  BufferedRegion: 
    Dimension: 3
    Index: [0, 0, 0]
    Size: [160, 240, 256]
  RequestedRegion: 
    Dimension: 3
    Index: [0, 0, 0]
    Size: [160, 240, 256]
  Spacing: [0.999995, 1, 1]
  Origin: [87.0906, 98.7205, -152.377]
  Direction: 
-0.996975 0.0261379 -0.0731913
-0.0260677 -0.999658 -0.00191374
-0.0732163 -2.46403e-08 0.997316

  IndexToPointMatrix: 
-0.996971 0.0261379 -0.0731913
-0.0260676 -0.999658 -0.00191374
-0.0732159 -2.46403e-08 0.997316

  PointToIndexMatrix: 
-0.99698 -0.0260679 -0.0732166
0.0261379 -0.999658 -2.46993e-08
-0.0731913 -0.00191374 0.997316

  Inverse Direction: 
-0.996975 -0.0260677 -0.0732163
0.0261379 -0.999658 -2.46993e-08
-0.0731913 -0.00191374 0.997316

  PixelContainer: 
    ImportImageContainer (0x3de5b50)
      RTTI typeinfo:   itk::ImportImageContainer<unsigned long, double>
      Reference Count: 1
      Modified Time: 2329
      Debug: Off
      Object Name: 
      Observers: 
        none
      Pointer: 0x152bffbd1010
      Container manages memory: true
      Size: 9830400
      Capacity: 9830400

     Weighting = 1
     Sampling strategy = regular
     Number of bins = 32
     Radius = 4
     Sampling percentage  = 0.25
   Transform = Rigid
     Gradient step = 0.1
     Update field sigma (voxel space) = 0
     Total field sigma (voxel space) = 0
     Update field time sigma = 0
     Total field time sigma  = 0
     Number of time indices = 0
     Number of time point samples = 0
Registration using 1 total stages.

Stage 0
  iterations = 0
  convergence threshold = 1e-06
  convergence window size = 10
  number of levels = 1
  using the Mattes MI metric (number of bins = 32, weight = 1, use gradient filter = 0)
  preprocessing:  winsorizing the image intensities
  Shrink factors (level 1 out of 1): [1, 1, 1]
  smoothing sigmas per level: [0]
  regular sampling (percentage = 0.25)

*** Running Euler3DTransform registration ***

  Elapsed time (stage 0): 1.18897


Total elapsed time: 1.19923
Info [verificarlo]: loaded backend libinterflop_ieee.so
Info [interflop-ieee]: load backend with:
Info [interflop-ieee]: debug = false
Info [interflop-ieee]: debug-binary = false
Info [interflop-ieee]: no-backend-name = false
Info [interflop-ieee]: print-new-line = false
Info [interflop-ieee]: print-subnormal-normalized = false
Info [interflop-ieee]: count-op = false
All_Command_lines_OK
Using double precision for computations.
=============================================================================
The composite transform comprises the following transforms (in order): 
  1. /home/mdugre/scratch/mri-registration-rp/datasets/ds004513/derivatives/mri-registration-rp/0001/antsRegistration-r8-p8/sub-s020/align_Composite.h5[0] (type = Euler3DTransform)
  2. /home/mdugre/scratch/mri-registration-rp/datasets/ds004513/derivatives/mri-registration-rp/0001/antsRegistration-r8-p8/sub-s020/align_Composite.h5[1] (type = Euler3DTransform)
=============================================================================
  number of levels = 4
  fixed image: /templateflow/tpl-MNI152NLin2009cAsym/tpl-MNI152NLin2009cAsym_res-01_desc-brain_T1w.nii.gz
  moving image: /home/mdugre/scratch/mri-registration-rp/datasets/ds004513/derivatives/mri-registration-rp/antsBrainExtraction/sub-s020/BrainExtractionBrain.nii.gz
Dimension = 3
Number of stages = 1
Use histogram matching = false
Winsorize image intensities = true
  Lower quantile = 0.005
  Upper quantile = 0.995


Stage 1 State
   Image metric = MattesMI
     Fixed image = Image (0x4dd7530)
  RTTI typeinfo:   itk::Image<double, 3u>
  Reference Count: 2
  Modified Time: 1580
  Debug: Off
  Object Name: 
  Observers: 
    none
  Source: (none)
  Source output name: (none)
  Release Data: Off
  Data Released: False
  Global Release Data: Off
  PipelineMTime: 0
  UpdateMTime: 1189
  RealTimeStamp: 0 seconds 
  LargestPossibleRegion: 
    Dimension: 3
    Index: [0, 0, 0]
    Size: [193, 229, 193]
  BufferedRegion: 
    Dimension: 3
    Index: [0, 0, 0]
    Size: [193, 229, 193]
  RequestedRegion: 
    Dimension: 3
    Index: [0, 0, 0]
    Size: [193, 229, 193]
  Spacing: [1, 1, 1]
  Origin: [96, 132, -78]
  Direction: 
-1 0 0
0 -1 0
0 0 1

  IndexToPointMatrix: 
-1 0 0
0 -1 0
0 0 1

  PointToIndexMatrix: 
-1 0 0
0 -1 0
0 0 1

  Inverse Direction: 
-1 0 0
0 -1 0
0 0 1

  PixelContainer: 
    ImportImageContainer (0x4e95d60)
      RTTI typeinfo:   itk::ImportImageContainer<unsigned long, double>
      Reference Count: 1
      Modified Time: 1186
      Debug: Off
      Object Name: 
      Observers: 
        none
      Pointer: 0x145f1fc21010
      Container manages memory: true
      Size: 8530021
      Capacity: 8530021

     Moving image = Image (0x4e87f60)
  RTTI typeinfo:   itk::Image<double, 3u>
  Reference Count: 2
  Modified Time: 1581
  Debug: Off
  Object Name: 
  Observers: 
    none
  Source: (none)
  Source output name: (none)
  Release Data: Off
  Data Released: False
  Global Release Data: Off
  PipelineMTime: 0
  UpdateMTime: 1578
  RealTimeStamp: 0 seconds 
  LargestPossibleRegion: 
    Dimension: 3
    Index: [0, 0, 0]
    Size: [160, 240, 256]
  BufferedRegion: 
    Dimension: 3
    Index: [0, 0, 0]
    Size: [160, 240, 256]
  RequestedRegion: 
    Dimension: 3
    Index: [0, 0, 0]
    Size: [160, 240, 256]
  Spacing: [0.999995, 1, 1]
  Origin: [87.0906, 98.7205, -152.377]
  Direction: 
-0.996975 0.0261379 -0.0731913
-0.0260677 -0.999658 -0.00191374
-0.0732163 -2.46403e-08 0.997316

  IndexToPointMatrix: 
-0.996971 0.0261379 -0.0731913
-0.0260676 -0.999658 -0.00191374
-0.0732159 -2.46403e-08 0.997316

  PointToIndexMatrix: 
-0.99698 -0.0260679 -0.0732166
0.0261379 -0.999658 -2.46993e-08
-0.0731913 -0.00191374 0.997316

  Inverse Direction: 
-0.996975 -0.0260677 -0.0732163
0.0261379 -0.999658 -2.46993e-08
-0.0731913 -0.00191374 0.997316

  PixelContainer: 
    ImportImageContainer (0x4e796d0)
      RTTI typeinfo:   itk::ImportImageContainer<unsigned long, double>
      Reference Count: 1
      Modified Time: 1575
      Debug: Off
      Object Name: 
      Observers: 
        none
      Pointer: 0x145f1b120010
      Container manages memory: true
      Size: 9830400
      Capacity: 9830400

     Weighting = 1
     Sampling strategy = regular
     Number of bins = 32
     Radius = 4
     Sampling percentage  = 0.25
   Transform = Rigid
     Gradient step = 0.1
     Update field sigma (voxel space) = 0
     Total field sigma (voxel space) = 0
     Update field time sigma = 0
     Total field time sigma  = 0
     Number of time indices = 0
     Number of time point samples = 0
Registration using 1 total stages.

Stage 0
  iterations = 1000x500x250x100
  convergence threshold = 1e-06
  convergence window size = 10
  number of levels = 4
  using the Mattes MI metric (number of bins = 32, weight = 1, use gradient filter = 0)
  preprocessing:  winsorizing the image intensities
  Shrink factors (level 1 out of 4): [8, 8, 8]
  Shrink factors (level 2 out of 4): [4, 4, 4]
  Shrink factors (level 3 out of 4): [2, 2, 2]
  Shrink factors (level 4 out of 4): [1, 1, 1]
  smoothing sigmas per level: [3, 2, 1, 0]
  regular sampling (percentage = 0.25)

*** Running Euler3DTransform registration ***

DIAGNOSTIC,Iteration,metricValue,convergenceValue,ITERATION_TIME_INDEX,SINCE_LAST
 2DIAGNOSTIC,     1, -3.791273390751e-01, 1.797693134862e+308, 7.2611e-01, 7.2611e-01, 
 2DIAGNOSTIC,     2, -3.803606001643e-01, 1.797693134862e+308, 7.3062e-01, 4.5090e-03, 
 2DIAGNOSTIC,     3, -3.828962034719e-01, 1.797693134862e+308, 7.3498e-01, 4.3590e-03, 
 2DIAGNOSTIC,     4, -3.876122532015e-01, 1.797693134862e+308, 7.3926e-01, 4.2880e-03, 
 2DIAGNOSTIC,     5, -3.904935334081e-01, 1.797693134862e+308, 7.4437e-01, 5.1041e-03, 
 2DIAGNOSTIC,     6, -3.911039700181e-01, 1.797693134862e+308, 7.4892e-01, 4.5500e-03, 
 2DIAGNOSTIC,     7, -3.914905453856e-01, 1.797693134862e+308, 7.5333e-01, 4.4069e-03, 
 2DIAGNOSTIC,     8, -3.925629083064e-01, 1.797693134862e+308, 7.5789e-01, 4.5629e-03, 
 2DIAGNOSTIC,     9, -3.981570789235e-01, 1.797693134862e+308, 7.6251e-01, 4.6229e-03, 
 2DIAGNOSTIC,    10, -4.079218556696e-01, 3.866687266231e-03, 7.6875e-01, 6.2408e-03, 
 2DIAGNOSTIC,    11, -4.246779602407e-01, 4.904320352955e-03, 7.7428e-01, 5.5289e-03, 
 2DIAGNOSTIC,    12, -4.297045200929e-01, 5.673254149495e-03, 7.7919e-01, 4.9069e-03, 
 2DIAGNOSTIC,    13, -4.335692915500e-01, 6.156954111595e-03, 7.8464e-01, 5.4550e-03, 
 2DIAGNOSTIC,    14, -4.439932007394e-01, 6.764094567500e-03, 7.8968e-01, 5.0402e-03, 
 2DIAGNOSTIC,    15, -4.466217673376e-01, 6.904768045869e-03, 7.9506e-01, 5.3742e-03, 
 2DIAGNOSTIC,    16, -4.513528166467e-01, 6.619270357104e-03, 7.9999e-01, 4.9369e-03, 
 2DIAGNOSTIC,    17, -4.528511001201e-01, 5.844785637387e-03, 8.0557e-01, 5.5740e-03, 
 2DIAGNOSTIC,    18, -4.555717392121e-01, 4.777374802933e-03, 8.1300e-01, 7.4360e-03, 
 2DIAGNOSTIC,    19, -4.559551117087e-01, 3.601534612312e-03, 8.1807e-01, 5.0671e-03, 
 2DIAGNOSTIC,    20, -4.573566017059e-01, 2.586715049379e-03, 8.2534e-01, 7.2660e-03, 
 2DIAGNOSTIC,    21, -4.575247868380e-01, 1.982970010156e-03, 8.3007e-01, 4.7340e-03, 
 2DIAGNOSTIC,    22, -4.577282535614e-01, 1.415635912949e-03, 8.3555e-01, 5.4791e-03, 
 2DIAGNOSTIC,    23, -4.579446740649e-01, 8.825814572605e-04, 8.4034e-01, 4.7891e-03, 
 2DIAGNOSTIC,    24, -4.580222473005e-01, 6.077359979295e-04, 8.4538e-01, 5.0371e-03, 
 2DIAGNOSTIC,    25, -4.581756643742e-01, 3.715372013428e-04, 8.5013e-01, 4.7519e-03, 
 2DIAGNOSTIC,    26, -4.586248776012e-01, 2.524130533620e-04, 8.5479e-01, 4.6580e-03, 
 2DIAGNOSTIC,    27, -4.589296190044e-01, 1.618759636935e-04, 8.6172e-01, 6.9301e-03, 
 2DIAGNOSTIC,    28, -4.591733203359e-01, 1.333089403598e-04, 8.6634e-01, 4.6191e-03, 
 2DIAGNOSTIC,    29, -4.592818679890e-01, 1.048380642743e-04, 8.7138e-01, 5.0452e-03, 
 2DIAGNOSTIC,    30, -4.597219578060e-01, 1.090885096397e-04, 8.7761e-01, 6.2320e-03, 
 2DIAGNOSTIC,    31, -4.598058523691e-01, 1.078022122480e-04, 8.8238e-01, 4.7619e-03, 
 2DIAGNOSTIC,    32, -4.606617578975e-01, 1.181079252015e-04, 8.8754e-01, 5.1670e-03, 
 2DIAGNOSTIC,    33, -4.610352244268e-01, 1.280758054718e-04, 8.9214e-01, 4.6010e-03, 
 2DIAGNOSTIC,    34, -4.611773866233e-01, 1.296550760895e-04, 8.9673e-01, 4.5869e-03, 
 2DIAGNOSTIC,    35, -4.615413443907e-01, 1.285966846962e-04, 9.0138e-01, 4.6539e-03, 
 2DIAGNOSTIC,    36, -4.621705785954e-01, 1.347602404361e-04, 9.0717e-01, 5.7840e-03, 
 2DIAGNOSTIC,    37, -4.629096600478e-01, 1.457419955954e-04, 9.1253e-01, 5.3611e-03, 
 2DIAGNOSTIC,    38, -4.631489724134e-01, 1.503507917316e-04, 9.1775e-01, 5.2202e-03, 
 2DIAGNOSTIC,    39, -4.635657634984e-01, 1.493741716328e-04, 9.2235e-01, 4.5969e-03, 
 2DIAGNOSTIC,    40, -4.640358122352e-01, 1.491628990275e-04, 9.2710e-01, 4.7488e-03, 
 2DIAGNOSTIC,    41, -4.651057405187e-01, 1.524297636344e-04, 9.3197e-01, 4.8749e-03, 
 2DIAGNOSTIC,    42, -4.685882919375e-01, 2.071574605405e-04, 9.3926e-01, 7.2892e-03, 
 2DIAGNOSTIC,    43, -4.699201089162e-01, 2.638839569148e-04, 9.4459e-01, 5.3329e-03, 
 2DIAGNOSTIC,    44, -4.705436590645e-01, 3.042473324380e-04, 9.4994e-01, 5.3489e-03, 
 2DIAGNOSTIC,    45, -4.707437484806e-01, 3.222872040839e-04, 9.5566e-01, 5.7201e-03, 
 2DIAGNOSTIC,    46, -4.711641586023e-01, 3.231118662743e-04, 9.6087e-01, 5.2111e-03, 
 2DIAGNOSTIC,    47, -4.718349911366e-01, 3.114538778334e-04, 9.6747e-01, 6.5961e-03, 
 2DIAGNOSTIC,    48, -4.724818911882e-01, 2.818946467763e-04, 9.7212e-01, 4.6480e-03, 
 2DIAGNOSTIC,    49, -4.732151875383e-01, 2.421745442755e-04, 9.7679e-01, 4.6730e-03, 
 2DIAGNOSTIC,    50, -4.737906252307e-01, 1.946636432798e-04, 9.8155e-01, 4.7600e-03, 
 2DIAGNOSTIC,    51, -4.752380355467e-01, 1.609909998394e-04, 9.8641e-01, 4.8599e-03, 
 2DIAGNOSTIC,    52, -4.781492352348e-01, 1.907820648671e-04, 9.9158e-01, 5.1670e-03, 
 2DIAGNOSTIC,    53, -4.916157269586e-01, 3.774329051517e-04, 9.9835e-01, 6.7780e-03, 
 2DIAGNOSTIC,    54, -4.952553260013e-01, 5.664573965257e-04, 1.0146e+00, 1.6263e-02, 
 2DIAGNOSTIC,    55, -4.952464237100e-01, 6.969505047101e-04, 1.0194e+00, 4.7641e-03, 
 2DIAGNOSTIC,    56, -4.952487769029e-01, 7.628662074846e-04, 1.0240e+00, 4.6070e-03, 
 2DIAGNOSTIC,    57, -4.952527564491e-01, 7.600698315109e-04, 1.0287e+00, 4.6799e-03, 
 2DIAGNOSTIC,    58, -4.952594931532e-01, 6.889598795761e-04, 1.0334e+00, 4.6880e-03, 
 2DIAGNOSTIC,    59, -4.952708971246e-01, 5.616614463829e-04, 1.0379e+00, 4.5409e-03, 
 2DIAGNOSTIC,    60, -4.952901717323e-01, 3.934267943658e-04, 1.0425e+00, 4.5700e-03, 
 2DIAGNOSTIC,    61, -4.953227923133e-01, 2.100922130737e-04, 1.0471e+00, 4.6380e-03, 
 2DIAGNOSTIC,    62, -4.953778504477e-01, 3.953784577506e-05, 1.0517e+00, 4.5972e-03, 
 2DIAGNOSTIC,    63, -4.954712239204e-01, 4.535822320559e-06, 1.0565e+00, 4.8270e-03, 
 2DIAGNOSTIC,    64, -4.956301961691e-01, 7.349954725098e-06, 1.0614e+00, 4.8871e-03, 
 2DIAGNOSTIC,    65, -4.958984619061e-01, 1.187253707387e-05, 1.0661e+00, 4.6880e-03, 
 2DIAGNOSTIC,    66, -4.964296728947e-01, 2.013786035202e-05, 1.0709e+00, 4.8051e-03, 
 2DIAGNOSTIC,    67, -4.971315468045e-01, 3.269495342886e-05, 1.0756e+00, 4.6899e-03, 
 2DIAGNOSTIC,    68, -4.984453651713e-01, 5.369852557845e-05, 1.0804e+00, 4.7729e-03, 
 2DIAGNOSTIC,    69, -5.005194684778e-01, 8.742943987384e-05, 1.0851e+00, 4.7021e-03, 
 2DIAGNOSTIC,    70, -5.019617525390e-01, 1.243191346989e-04, 1.0897e+00, 4.6570e-03, 
 2DIAGNOSTIC,    71, -5.024223062208e-01, 1.523929716720e-04, 1.0944e+00, 4.7028e-03, 
 2DIAGNOSTIC,    72, -5.040320793993e-01, 1.794402903390e-04, 1.0998e+00, 5.3871e-03, 
 2DIAGNOSTIC,    73, -5.063334575339e-01, 2.082830466592e-04, 1.1077e+00, 7.8740e-03, 
 2DIAGNOSTIC,    74, -5.064939973534e-01, 2.182856740842e-04, 1.1125e+00, 4.7939e-03, 
 2DIAGNOSTIC,    75, -5.068334323649e-01, 2.122275360498e-04, 1.1173e+00, 4.7610e-03, 
 2DIAGNOSTIC,    76, -5.072860480303e-01, 1.941967525771e-04, 1.1224e+00, 5.1739e-03, 
 2DIAGNOSTIC,    77, -5.074532678584e-01, 1.646549340822e-04, 1.1271e+00, 4.6759e-03, 
 2DIAGNOSTIC,    78, -5.074263721951e-01, 1.296295456468e-04, 1.1318e+00, 4.7319e-03, 
 2DIAGNOSTIC,    79, -5.074530348917e-01, 9.928396808589e-05, 1.1365e+00, 4.7169e-03, 
 2DIAGNOSTIC,    80, -5.074712754032e-01, 7.166911271901e-05, 1.1413e+00, 4.7681e-03, 
 2DIAGNOSTIC,    81, -5.074888779337e-01, 4.133008713779e-05, 1.1465e+00, 5.2321e-03, 
 2DIAGNOSTIC,    82, -5.075085195291e-01, 1.949594085510e-05, 1.1524e+00, 5.8420e-03, 
 2DIAGNOSTIC,    83, -5.075365957141e-01, 1.353228848903e-05, 1.1571e+00, 4.7319e-03, 
 2DIAGNOSTIC,    84, -5.075858376668e-01, 7.959590183791e-06, 1.1633e+00, 6.2239e-03, 
 2DIAGNOSTIC,    85, -5.075525806229e-01, 3.899147333978e-06, 1.1681e+00, 4.7729e-03, 
 2DIAGNOSTIC,    86, -5.075900290270e-01, 3.041350118006e-06, 1.1735e+00, 5.3921e-03, 
 2DIAGNOSTIC,    87, -5.076227169816e-01, 3.345085665879e-06, 1.1780e+00, 4.4601e-03, 
 2DIAGNOSTIC,    88, -5.076943930210e-01, 3.650885388980e-06, 1.1824e+00, 4.4580e-03, 
 2DIAGNOSTIC,    89, -5.078777656616e-01, 5.050372625595e-06, 1.1892e+00, 6.7241e-03, 
 2DIAGNOSTIC,    90, -5.080392404090e-01, 7.150244672674e-06, 1.1962e+00, 7.0591e-03, 
 2DIAGNOSTIC,    91, -5.080759970559e-01, 8.898474857969e-06, 1.2020e+00, 5.7719e-03, 
 2DIAGNOSTIC,    92, -5.080383995128e-01, 9.678379981488e-06, 1.2071e+00, 5.0800e-03, 
 2DIAGNOSTIC,    93, -5.081390435398e-01, 1.038148490598e-05, 1.2125e+00, 5.4731e-03, 
 2DIAGNOSTIC,    94, -5.081658737076e-01, 1.055755560666e-05, 1.2180e+00, 5.4410e-03, 
 2DIAGNOSTIC,    95, -5.081964813068e-01, 9.706629220802e-06, 1.2234e+00, 5.4641e-03, 
 2DIAGNOSTIC,    96, -5.083111118653e-01, 8.942421211465e-06, 1.2291e+00, 5.6839e-03, 
 2DIAGNOSTIC,    97, -5.083591925282e-01, 7.868005685578e-06, 1.2344e+00, 5.2500e-03, 
 2DIAGNOSTIC,    98, -5.084262858039e-01, 6.917190532994e-06, 1.2392e+00, 4.7810e-03, 
 2DIAGNOSTIC,    99, -5.086865004735e-01, 8.009912262220e-06, 1.2437e+00, 4.4990e-03, 
 2DIAGNOSTIC,   100, -5.091484203415e-01, 1.203669311503e-05, 1.2504e+00, 6.7849e-03, 
 2DIAGNOSTIC,   101, -5.092230320443e-01, 1.545669825523e-05, 1.2554e+00, 4.9520e-03, 
 2DIAGNOSTIC,   102, -5.092605760642e-01, 1.736527653962e-05, 1.2598e+00, 4.4520e-03, 
 2DIAGNOSTIC,   103, -5.092698538068e-01, 1.826240731275e-05, 1.2643e+00, 4.4219e-03, 
 2DIAGNOSTIC,   104, -5.098446638747e-01, 2.084424336542e-05, 1.2694e+00, 5.1661e-03, 
 2DIAGNOSTIC,   105, -5.098633106768e-01, 2.151727272520e-05, 1.2753e+00, 5.8250e-03, 
 2DIAGNOSTIC,   106, -5.099686693095e-01, 2.140431043605e-05, 1.2798e+00, 4.5581e-03, 
 2DIAGNOSTIC,   107, -5.100643822263e-01, 2.013446895731e-05, 1.2843e+00, 4.5240e-03, 
 2DIAGNOSTIC,   108, -5.102255880706e-01, 1.820794841291e-05, 1.2900e+00, 5.6920e-03, 
 2DIAGNOSTIC,   109, -5.104590368004e-01, 1.715902104316e-05, 1.2946e+00, 4.5469e-03, 
 2DIAGNOSTIC,   110, -5.106690942415e-01, 1.809720073313e-05, 1.2998e+00, 5.2068e-03, 
 2DIAGNOSTIC,   111, -5.113657091235e-01, 2.146095955789e-05, 1.3062e+00, 6.4371e-03, 
 2DIAGNOSTIC,   112, -5.113942541998e-01, 2.301302267127e-05, 1.3109e+00, 4.6680e-03, 
 2DIAGNOSTIC,   113, -5.118629371722e-01, 2.481091356515e-05, 1.3163e+00, 5.3589e-03, 
 2DIAGNOSTIC,   114, -5.121179797533e-01, 2.850132386091e-05, 1.3214e+00, 5.1780e-03, 
 2DIAGNOSTIC,   115, -5.121318178573e-01, 2.951926112761e-05, 1.3415e+00, 2.0040e-02, 
 2DIAGNOSTIC,   116, -5.120680557036e-01, 2.790265073926e-05, 1.3480e+00, 6.5110e-03, 
 2DIAGNOSTIC,   117, -5.121667142795e-01, 2.463975450033e-05, 1.3527e+00, 4.6709e-03, 
 2DIAGNOSTIC,   118, -5.121961548046e-01, 2.000783213484e-05, 1.3572e+00, 4.5810e-03, 
 2DIAGNOSTIC,   119, -5.122440113685e-01, 1.492834353407e-05, 1.3628e+00, 5.5740e-03, 
 2DIAGNOSTIC,   120, -5.122665174780e-01, 9.606385230178e-06, 1.3688e+00, 5.9571e-03, 
 2DIAGNOSTIC,   121, -5.122821732949e-01, 7.007517978001e-06, 1.3737e+00, 4.9570e-03, 
 2DIAGNOSTIC,   122, -5.122960674496e-01, 3.953899097093e-06, 1.3783e+00, 4.5900e-03, 
 2DIAGNOSTIC,   123, -5.123262461663e-01, 2.950957114405e-06, 1.3838e+00, 5.4929e-03, 
 2DIAGNOSTIC,   124, -5.123758244386e-01, 3.152651527154e-06, 1.3909e+00, 7.1239e-03, 
 2DIAGNOSTIC,   125, -5.124234884102e-01, 3.371926260062e-06, 1.3958e+00, 4.8602e-03, 
 2DIAGNOSTIC,   126, -5.123536253442e-01, 2.649641774592e-06, 1.4008e+00, 4.9660e-03, 
 2DIAGNOSTIC,   127, -5.122769980010e-01, 1.825150621151e-06, 1.4051e+00, 4.3359e-03, 
 2DIAGNOSTIC,   128, -5.122821975833e-01, 1.025190718899e-06, 1.4092e+00, 4.1521e-03, 
DIAGNOSTIC,Iteration,metricValue,convergenceValue,ITERATION_TIME_INDEX,SINCE_LAST
 2DIAGNOSTIC,     1, -4.132557749726e-01, 1.797693134862e+308, 2.0903e+00, 6.8103e-01, 
 2DIAGNOSTIC,     2, -4.133874007987e-01, 1.797693134862e+308, 2.1241e+00, 3.3800e-02, 
 2DIAGNOSTIC,     3, -4.134416502632e-01, 1.797693134862e+308, 2.1594e+00, 3.5298e-02, 
 2DIAGNOSTIC,     4, -4.134494129366e-01, 1.797693134862e+308, 2.1955e+00, 3.6146e-02, 
 2DIAGNOSTIC,     5, -4.134577974256e-01, 1.797693134862e+308, 2.2317e+00, 3.6149e-02, 
 2DIAGNOSTIC,     6, -4.134785083624e-01, 1.797693134862e+308, 2.2670e+00, 3.5351e-02, 
 2DIAGNOSTIC,     7, -4.134803759355e-01, 1.797693134862e+308, 2.3017e+00, 3.4694e-02, 
 2DIAGNOSTIC,     8, -4.135271374957e-01, 1.797693134862e+308, 2.3349e+00, 3.3244e-02, 
 2DIAGNOSTIC,     9, -4.135510179464e-01, 1.797693134862e+308, 2.3662e+00, 3.1298e-02, 
 2DIAGNOSTIC,    10, -4.135914333723e-01, 4.143383177888e-05, 2.4030e+00, 3.6801e-02, 
 2DIAGNOSTIC,    11, -4.136714722874e-01, 3.531861955364e-05, 2.4348e+00, 3.1786e-02, 
 2DIAGNOSTIC,    12, -4.137706054077e-01, 4.035882741150e-05, 2.4673e+00, 3.2422e-02, 
 2DIAGNOSTIC,    13, -4.140414805826e-01, 5.830445855397e-05, 2.4990e+00, 3.1731e-02, 
 2DIAGNOSTIC,    14, -4.144912735839e-01, 9.077042613545e-05, 2.5477e+00, 4.8720e-02, 
 2DIAGNOSTIC,    15, -4.147131307033e-01, 1.209559055048e-04, 2.5795e+00, 3.1777e-02, 
 2DIAGNOSTIC,    16, -4.148870554613e-01, 1.449238641087e-04, 2.6148e+00, 3.5319e-02, 
 2DIAGNOSTIC,    17, -4.154139796387e-01, 1.743235077016e-04, 2.6508e+00, 3.5961e-02, 
 2DIAGNOSTIC,    18, -4.154430344353e-01, 1.868407790613e-04, 2.6867e+00, 3.5933e-02, 
 2DIAGNOSTIC,    19, -4.155841189091e-01, 1.868579911156e-04, 2.7239e+00, 3.7231e-02, 
 2DIAGNOSTIC,    20, -4.157958443047e-01, 1.783898422503e-04, 2.7562e+00, 3.2284e-02, 
 2DIAGNOSTIC,    21, -4.164276069382e-01, 1.774475572635e-04, 2.8111e+00, 5.4876e-02, 
 2DIAGNOSTIC,    22, -4.165105481946e-01, 1.651713692432e-04, 2.8535e+00, 4.2413e-02, 
 2DIAGNOSTIC,    23, -4.165598986319e-01, 1.481500823665e-04, 2.8928e+00, 3.9260e-02, 
 2DIAGNOSTIC,    24, -4.167305590342e-01, 1.368347440263e-04, 2.9334e+00, 4.0631e-02, 
 2DIAGNOSTIC,    25, -4.168945683555e-01, 1.240781339232e-04, 2.9782e+00, 4.4773e-02, 
 2DIAGNOSTIC,    26, -4.173375381464e-01, 1.163292148539e-04, 3.0197e+00, 4.1580e-02, 
 2DIAGNOSTIC,    27, -4.175891089532e-01, 1.178789691581e-04, 3.0577e+00, 3.7924e-02, 
 2DIAGNOSTIC,    28, -4.179554370709e-01, 1.181729471316e-04, 3.0991e+00, 4.1423e-02, 
 2DIAGNOSTIC,    29, -4.180632622876e-01, 1.132491776038e-04, 3.1325e+00, 3.3395e-02, 
 2DIAGNOSTIC,    30, -4.181648211220e-01, 1.048385579798e-04, 3.1687e+00, 3.6254e-02, 
 2DIAGNOSTIC,    31, -4.187031613323e-01, 1.129013633418e-04, 3.2050e+00, 3.6248e-02, 
 2DIAGNOSTIC,    32, -4.192918108832e-01, 1.238620825035e-04, 3.2388e+00, 3.3837e-02, 
 2DIAGNOSTIC,    33, -4.203615960217e-01, 1.454396428078e-04, 3.2917e+00, 5.2858e-02, 
 2DIAGNOSTIC,    34, -4.208614490376e-01, 1.652273045506e-04, 3.3264e+00, 3.4693e-02, 
 2DIAGNOSTIC,    35, -4.211207478572e-01, 1.765352529186e-04, 3.3729e+00, 4.6480e-02, 
 2DIAGNOSTIC,    36, -4.213880346864e-01, 1.840508855412e-04, 3.4167e+00, 4.3797e-02, 
 2DIAGNOSTIC,    37, -4.215548920845e-01, 1.810837266228e-04, 3.4524e+00, 3.5725e-02, 
 2DIAGNOSTIC,    38, -4.215681947558e-01, 1.677115703370e-04, 3.4850e+00, 3.2597e-02, 
 2DIAGNOSTIC,    39, -4.215942481851e-01, 1.415783639578e-04, 3.5278e+00, 4.2787e-02, 
 2DIAGNOSTIC,    40, -4.216171131441e-01, 1.055381927465e-04, 3.5691e+00, 4.1367e-02, 
 2DIAGNOSTIC,    41, -4.216097100306e-01, 7.008337788536e-05, 3.6069e+00, 3.7759e-02, 
 2DIAGNOSTIC,    42, -4.216062616085e-01, 3.884232897357e-05, 3.6504e+00, 4.3464e-02, 
 2DIAGNOSTIC,    43, -4.216260406537e-01, 2.258937782671e-05, 3.6841e+00, 3.3774e-02, 
 2DIAGNOSTIC,    44, -4.216534318977e-01, 1.311916795536e-05, 3.7266e+00, 4.2490e-02, 
 2DIAGNOSTIC,    45, -4.216646769665e-01, 6.887861090047e-06, 3.7634e+00, 3.6738e-02, 
 2DIAGNOSTIC,    46, -4.216699137680e-01, 4.318876962624e-06, 3.8005e+00, 3.7149e-02, 
 2DIAGNOSTIC,    47, -4.216945625105e-01, 4.299631578667e-06, 3.8351e+00, 3.4573e-02, 
 2DIAGNOSTIC,    48, -4.217360074812e-01, 4.690607930163e-06, 3.8699e+00, 3.4802e-02, 
 2DIAGNOSTIC,    49, -4.217610829470e-01, 5.360212199698e-06, 3.9075e+00, 3.7654e-02, 
 2DIAGNOSTIC,    50, -4.217473913688e-01, 5.681736883305e-06, 3.9351e+00, 2.7525e-02, 
 2DIAGNOSTIC,    51, -4.217970876204e-01, 6.097374884852e-06, 3.9708e+00, 3.5728e-02, 
 2DIAGNOSTIC,    52, -4.218171994657e-01, 6.166600681382e-06, 4.0034e+00, 3.2586e-02, 
 2DIAGNOSTIC,    53, -4.219090163306e-01, 7.111727562500e-06, 4.0328e+00, 2.9461e-02, 
 2DIAGNOSTIC,    54, -4.220717768500e-01, 9.767024482379e-06, 4.0647e+00, 3.1866e-02, 
 2DIAGNOSTIC,    55, -4.221822976632e-01, 1.291908309706e-05, 4.1056e+00, 4.0882e-02, 
 2DIAGNOSTIC,    56, -4.223290011639e-01, 1.661257830108e-05, 4.1484e+00, 4.2833e-02, 
 2DIAGNOSTIC,    57, -4.223269484768e-01, 1.887742565120e-05, 4.1875e+00, 3.9111e-02, 
 2DIAGNOSTIC,    58, -4.223471359371e-01, 2.004075959901e-05, 4.2260e+00, 3.8499e-02, 
 2DIAGNOSTIC,    59, -4.223296949406e-01, 1.937414400429e-05, 4.2540e+00, 2.7936e-02, 
 2DIAGNOSTIC,    60, -4.223676656894e-01, 1.717126460098e-05, 4.2837e+00, 2.9779e-02, 
 2DIAGNOSTIC,    61, -4.223944690033e-01, 1.428539367584e-05, 4.3170e+00, 3.3258e-02, 
 2DIAGNOSTIC,    62, -4.224434849987e-01, 1.092614250561e-05, 4.3483e+00, 3.1275e-02, 
 2DIAGNOSTIC,    63, -4.224641286811e-01, 7.866897810901e-06, 4.3801e+00, 3.1813e-02, 
 2DIAGNOSTIC,    64, -4.224840170011e-01, 6.123667648700e-06, 4.4112e+00, 3.1136e-02, 
 2DIAGNOSTIC,    65, -4.225477103950e-01, 5.669781057902e-06, 4.4463e+00, 3.5052e-02, 
 2DIAGNOSTIC,    66, -4.226362666142e-01, 7.129968046461e-06, 4.4968e+00, 5.0537e-02, 
 2DIAGNOSTIC,    67, -4.226653588930e-01, 8.153477953757e-06, 4.5290e+00, 3.2150e-02, 
 2DIAGNOSTIC,    68, -4.226742919121e-01, 8.718224506894e-06, 4.5624e+00, 3.3434e-02, 
 2DIAGNOSTIC,    69, -4.227674242090e-01, 9.224880170348e-06, 4.5914e+00, 2.9037e-02, 
 2DIAGNOSTIC,    70, -4.230856873889e-01, 1.229149985691e-05, 4.6293e+00, 3.7850e-02, 
 2DIAGNOSTIC,    71, -4.233732061504e-01, 1.703203743719e-05, 4.6792e+00, 4.9869e-02, 
 2DIAGNOSTIC,    72, -4.233064847918e-01, 1.984520893674e-05, 4.7081e+00, 2.8913e-02, 
 2DIAGNOSTIC,    73, -4.233579704972e-01, 2.148685644452e-05, 4.7372e+00, 2.9160e-02, 
 2DIAGNOSTIC,    74, -4.234212670859e-01, 2.180895909040e-05, 4.7828e+00, 4.5585e-02, 
 2DIAGNOSTIC,    75, -4.234370919496e-01, 2.067795293779e-05, 4.8274e+00, 4.4619e-02, 
 2DIAGNOSTIC,    76, -4.234337868990e-01, 1.834855628311e-05, 4.8645e+00, 3.7047e-02, 
 2DIAGNOSTIC,    77, -4.234287025853e-01, 1.462471722094e-05, 4.8965e+00, 3.2057e-02, 
 2DIAGNOSTIC,    78, -4.234230623566e-01, 9.700754095440e-06, 4.9266e+00, 3.0092e-02, 
 2DIAGNOSTIC,    79, -4.234183238426e-01, 4.694932818084e-06, 4.9554e+00, 2.8757e-02, 
 2DIAGNOSTIC,    80, -4.234150046048e-01, 1.994486176212e-06, 4.9916e+00, 3.6230e-02, 
 2DIAGNOSTIC,    81, -4.234057934511e-01, 1.564412051914e-06, 5.0260e+00, 3.4433e-02, 
DIAGNOSTIC,Iteration,metricValue,convergenceValue,ITERATION_TIME_INDEX,SINCE_LAST
 2DIAGNOSTIC,     1, -3.610230689544e-01, 1.797693134862e+308, 6.2615e+00, 1.2355e+00, 
 2DIAGNOSTIC,     2, -3.610955143146e-01, 1.797693134862e+308, 6.5053e+00, 2.4372e-01, 
 2DIAGNOSTIC,     3, -3.612277598692e-01, 1.797693134862e+308, 6.7425e+00, 2.3723e-01, 
 2DIAGNOSTIC,     4, -3.613818665589e-01, 1.797693134862e+308, 6.9896e+00, 2.4709e-01, 
 2DIAGNOSTIC,     5, -3.616435144436e-01, 1.797693134862e+308, 7.2291e+00, 2.3953e-01, 
 2DIAGNOSTIC,     6, -3.617152913489e-01, 1.797693134862e+308, 7.5910e+00, 3.6188e-01, 
 2DIAGNOSTIC,     7, -3.617759909307e-01, 1.797693134862e+308, 7.8701e+00, 2.7909e-01, 
 2DIAGNOSTIC,     8, -3.617881650416e-01, 1.797693134862e+308, 8.1294e+00, 2.5927e-01, 
 2DIAGNOSTIC,     9, -3.617966125766e-01, 1.797693134862e+308, 8.3953e+00, 2.6591e-01, 
 2DIAGNOSTIC,    10, -3.617966499354e-01, 1.584747443792e-04, 8.6289e+00, 2.3366e-01, 
 2DIAGNOSTIC,    11, -3.618890740148e-01, 1.214690483395e-04, 8.9883e+00, 3.5934e-01, 
 2DIAGNOSTIC,    12, -3.620006989416e-01, 9.196018781452e-05, 9.3111e+00, 3.2287e-01, 
 2DIAGNOSTIC,    13, -3.619963635306e-01, 6.650643118775e-05, 9.5957e+00, 2.8455e-01, 
 2DIAGNOSTIC,    14, -3.619953855859e-01, 4.730956745023e-05, 9.8546e+00, 2.5888e-01, 
 2DIAGNOSTIC,    15, -3.619958276426e-01, 4.030867289627e-05, 1.0143e+01, 2.8883e-01, 
 2DIAGNOSTIC,    16, -3.619955676331e-01, 3.402093542380e-05, 1.0425e+01, 2.8160e-01, 
 2DIAGNOSTIC,    17, -3.619955502045e-01, 2.821567272245e-05, 1.0697e+01, 2.7216e-01, 
 2DIAGNOSTIC,    18, -3.619955156267e-01, 2.119279149217e-05, 1.0970e+01, 2.7329e-01, 
 2DIAGNOSTIC,    19, -3.619934429819e-01, 1.349584817534e-05, 1.1204e+01, 2.3308e-01, 
 2DIAGNOSTIC,    20, -3.619943371396e-01, 5.455482451656e-06, 1.1476e+01, 2.7228e-01, 
 2DIAGNOSTIC,    21, -3.619934413412e-01, 1.121393518683e-06, 1.1717e+01, 2.4128e-01, 
 2DIAGNOSTIC,    22, -3.619939806822e-01, 1.228052369212e-06, 1.1982e+01, 2.6442e-01, 
 2DIAGNOSTIC,    23, -3.619924916800e-01, 1.147848132460e-06, 1.2291e+01, 3.0972e-01, 
 2DIAGNOSTIC,    24, -3.619918700762e-01, 1.045736562733e-06, 1.2559e+01, 2.6732e-01, 
DIAGNOSTIC,Iteration,metricValue,convergenceValue,ITERATION_TIME_INDEX,SINCE_LAST
 2DIAGNOSTIC,     1, -3.317952012939e-01, 1.797693134862e+308, 1.5166e+01, 2.6076e+00, 
 2DIAGNOSTIC,     2, -3.319196387200e-01, 1.797693134862e+308, 1.6585e+01, 1.4189e+00, 
 2DIAGNOSTIC,     3, -3.320222706824e-01, 1.797693134862e+308, 1.7886e+01, 1.3013e+00, 
 2DIAGNOSTIC,     4, -3.322056591010e-01, 1.797693134862e+308, 1.9324e+01, 1.4379e+00, 
 2DIAGNOSTIC,     5, -3.323291873308e-01, 1.797693134862e+308, 2.0686e+01, 1.3616e+00, 
 2DIAGNOSTIC,     6, -3.324752019696e-01, 1.797693134862e+308, 2.2174e+01, 1.4881e+00, 
 2DIAGNOSTIC,     7, -3.325178762516e-01, 1.797693134862e+308, 2.3782e+01, 1.6084e+00, 
 2DIAGNOSTIC,     8, -3.326110417921e-01, 1.797693134862e+308, 2.5255e+01, 1.4725e+00, 
 2DIAGNOSTIC,     9, -3.326696711430e-01, 1.797693134862e+308, 2.7708e+01, 2.4532e+00, 
 2DIAGNOSTIC,    10, -3.326753911995e-01, 1.843781928808e-04, 2.9103e+01, 1.3949e+00, 
 2DIAGNOSTIC,    11, -3.326811597534e-01, 1.425533288594e-04, 3.0521e+01, 1.4183e+00, 
 2DIAGNOSTIC,    12, -3.326895182285e-01, 1.046836907634e-04, 3.1914e+01, 1.3926e+00, 
 2DIAGNOSTIC,    13, -3.327336570008e-01, 7.286081254090e-05, 3.3856e+01, 1.9422e+00, 
 2DIAGNOSTIC,    14, -3.327489939129e-01, 5.111402343298e-05, 3.5389e+01, 1.5332e+00, 
 2DIAGNOSTIC,    15, -3.327541515664e-01, 3.501593190808e-05, 3.6708e+01, 1.3184e+00, 
 2DIAGNOSTIC,    16, -3.327555169608e-01, 2.586779240521e-05, 3.8021e+01, 1.3138e+00, 
 2DIAGNOSTIC,    17, -3.327598642638e-01, 1.786601100671e-05, 3.9324e+01, 1.3029e+00, 
 2DIAGNOSTIC,    18, -3.327698900532e-01, 1.406389186957e-05, 4.0755e+01, 1.4307e+00, 
 2DIAGNOSTIC,    19, -3.327838117833e-01, 1.275899933687e-05, 4.3108e+01, 2.3526e+00, 
 2DIAGNOSTIC,    20, -3.327862572017e-01, 1.091651541346e-05, 4.4566e+01, 1.4590e+00, 
 2DIAGNOSTIC,    21, -3.327867800541e-01, 8.667349513831e-06, 4.6188e+01, 1.6217e+00, 
 2DIAGNOSTIC,    22, -3.327871109840e-01, 6.258776075081e-06, 4.7820e+01, 1.6318e+00, 
 2DIAGNOSTIC,    23, -3.327870343199e-01, 5.226090892069e-06, 4.9509e+01, 1.6891e+00, 
 2DIAGNOSTIC,    24, -3.327873585472e-01, 4.465352277092e-06, 5.1025e+01, 1.5157e+00, 
 2DIAGNOSTIC,    25, -3.327871806389e-01, 3.643578128383e-06, 5.3176e+01, 2.1510e+00, 
 2DIAGNOSTIC,    26, -3.327871318126e-01, 2.712346719932e-06, 5.4644e+01, 1.4683e+00, 
 2DIAGNOSTIC,    27, -3.327871282947e-01, 1.844826225818e-06, 5.6167e+01, 1.5230e+00, 
 2DIAGNOSTIC,    28, -3.327871069007e-01, 1.270633147220e-06, 5.7727e+01, 1.5594e+00, 
 2DIAGNOSTIC,    29, -3.327869986054e-01, 1.128559159395e-06, 5.9209e+01, 1.4822e+00, 
 2DIAGNOSTIC,    30, -3.327870430209e-01, 1.063723747023e-06, 6.0754e+01, 1.5454e+00, 
 2DIAGNOSTIC,    31, -3.327868865039e-01, 1.012720086388e-06, 6.2084e+01, 1.3296e+00, 
  Elapsed time (stage 0): 6.2916e+01


Total elapsed time: 6.2923e+01
Info [verificarlo]: loaded backend libinterflop_ieee.so
Info [interflop-ieee]: load backend with:
Info [interflop-ieee]: debug = false
Info [interflop-ieee]: debug-binary = false
Info [interflop-ieee]: no-backend-name = false
Info [interflop-ieee]: print-new-line = false
Info [interflop-ieee]: print-subnormal-normalized = false
Info [interflop-ieee]: count-op = false
All_Command_lines_OK
Using double precision for computations.
=============================================================================
The composite transform comprises the following transforms (in order): 
  1. /home/mdugre/scratch/mri-registration-rp/datasets/ds004513/derivatives/mri-registration-rp/0001/antsRegistration-r8-p8/sub-s020/rigid_Composite.h5[0] (type = Euler3DTransform)
  2. /home/mdugre/scratch/mri-registration-rp/datasets/ds004513/derivatives/mri-registration-rp/0001/antsRegistration-r8-p8/sub-s020/rigid_Composite.h5[1] (type = Euler3DTransform)
  3. /home/mdugre/scratch/mri-registration-rp/datasets/ds004513/derivatives/mri-registration-rp/0001/antsRegistration-r8-p8/sub-s020/rigid_Composite.h5[2] (type = Euler3DTransform)
=============================================================================
  number of levels = 4
  fixed image: /templateflow/tpl-MNI152NLin2009cAsym/tpl-MNI152NLin2009cAsym_res-01_desc-brain_T1w.nii.gz
  moving image: /home/mdugre/scratch/mri-registration-rp/datasets/ds004513/derivatives/mri-registration-rp/antsBrainExtraction/sub-s020/BrainExtractionBrain.nii.gz
Dimension = 3
Number of stages = 1
Use histogram matching = false
Winsorize image intensities = true
  Lower quantile = 0.005
  Upper quantile = 0.995


Stage 1 State
   Image metric = MattesMI
     Fixed image = Image (0x46b8530)
  RTTI typeinfo:   itk::Image<double, 3u>
  Reference Count: 2
  Modified Time: 1594
  Debug: Off
  Object Name: 
  Observers: 
    none
  Source: (none)
  Source output name: (none)
  Release Data: Off
  Data Released: False
  Global Release Data: Off
  PipelineMTime: 0
  UpdateMTime: 1203
  RealTimeStamp: 0 seconds 
  LargestPossibleRegion: 
    Dimension: 3
    Index: [0, 0, 0]
    Size: [193, 229, 193]
  BufferedRegion: 
    Dimension: 3
    Index: [0, 0, 0]
    Size: [193, 229, 193]
  RequestedRegion: 
    Dimension: 3
    Index: [0, 0, 0]
    Size: [193, 229, 193]
  Spacing: [1, 1, 1]
  Origin: [96, 132, -78]
  Direction: 
-1 0 0
0 -1 0
0 0 1

  IndexToPointMatrix: 
-1 0 0
0 -1 0
0 0 1

  PointToIndexMatrix: 
-1 0 0
0 -1 0
0 0 1

  Inverse Direction: 
-1 0 0
0 -1 0
0 0 1

  PixelContainer: 
    ImportImageContainer (0x47712a0)
      RTTI typeinfo:   itk::ImportImageContainer<unsigned long, double>
      Reference Count: 1
      Modified Time: 1200
      Debug: Off
      Object Name: 
      Observers: 
        none
      Pointer: 0x153564063010
      Container manages memory: true
      Size: 8530021
      Capacity: 8530021

     Moving image = Image (0x4773e60)
  RTTI typeinfo:   itk::Image<double, 3u>
  Reference Count: 2
  Modified Time: 1595
  Debug: Off
  Object Name: 
  Observers: 
    none
  Source: (none)
  Source output name: (none)
  Release Data: Off
  Data Released: False
  Global Release Data: Off
  PipelineMTime: 0
  UpdateMTime: 1592
  RealTimeStamp: 0 seconds 
  LargestPossibleRegion: 
    Dimension: 3
    Index: [0, 0, 0]
    Size: [160, 240, 256]
  BufferedRegion: 
    Dimension: 3
    Index: [0, 0, 0]
    Size: [160, 240, 256]
  RequestedRegion: 
    Dimension: 3
    Index: [0, 0, 0]
    Size: [160, 240, 256]
  Spacing: [0.999995, 1, 1]
  Origin: [87.0906, 98.7205, -152.377]
  Direction: 
-0.996975 0.0261379 -0.0731913
-0.0260677 -0.999658 -0.00191374
-0.0732163 -2.46403e-08 0.997316

  IndexToPointMatrix: 
-0.996971 0.0261379 -0.0731913
-0.0260676 -0.999658 -0.00191374
-0.0732159 -2.46403e-08 0.997316

  PointToIndexMatrix: 
-0.99698 -0.0260679 -0.0732166
0.0261379 -0.999658 -2.46993e-08
-0.0731913 -0.00191374 0.997316

  Inverse Direction: 
-0.996975 -0.0260677 -0.0732163
0.0261379 -0.999658 -2.46993e-08
-0.0731913 -0.00191374 0.997316

  PixelContainer: 
    ImportImageContainer (0x47a7390)
      RTTI typeinfo:   itk::ImportImageContainer<unsigned long, double>
      Reference Count: 1
      Modified Time: 1589
      Debug: Off
      Object Name: 
      Observers: 
        none
      Pointer: 0x15355f562010
      Container manages memory: true
      Size: 9830400
      Capacity: 9830400

     Weighting = 1
     Sampling strategy = regular
     Number of bins = 32
     Radius = 4
     Sampling percentage  = 0.25
   Transform = Affine
     Gradient step = 0.1
     Update field sigma (voxel space) = 0
     Total field sigma (voxel space) = 0
     Update field time sigma = 0
     Total field time sigma  = 0
     Number of time indices = 0
     Number of time point samples = 0
Registration using 1 total stages.

Stage 0
  iterations = 1000x500x250x100
  convergence threshold = 1e-06
  convergence window size = 10
  number of levels = 4
  using the Mattes MI metric (number of bins = 32, weight = 1, use gradient filter = 0)
  preprocessing:  winsorizing the image intensities
  Shrink factors (level 1 out of 4): [8, 8, 8]
  Shrink factors (level 2 out of 4): [4, 4, 4]
  Shrink factors (level 3 out of 4): [2, 2, 2]
  Shrink factors (level 4 out of 4): [1, 1, 1]
  smoothing sigmas per level: [3, 2, 1, 0]
