
##########################
# Experiment information #
##########################

EXPERIMENT_NAME: antsRegistration-r8-p20
VFC_BACKENDS: libinterflop_vprec.so --range-binary32=8 --precision-binary32=20 --range-binary64=8 --precision-binary64=20

SIF_IMG: /home/mdugre/projects/rrg-glatard/mdugre/containers/ants-vprec-no_metrics.simg

SUBJECT_ID: s003
INPUT_IMG: /home/mdugre/scratch/mri-registration-rp/datasets/ds004513/derivatives/mri-registration-rp/antsBrainExtraction/sub-s003/BrainExtractionBrain.nii.gz
OUTPUT_DIR: /home/mdugre/scratch/mri-registration-rp/datasets/ds004513/derivatives/mri-registration-rp/0001/antsRegistration-r8-p20/sub-s003

FIXED_IMG: /templateflow/tpl-MNI152NLin2009cAsym/tpl-MNI152NLin2009cAsym_res-01_desc-brain_T1w.nii.gz
DATA_DIR: /home/mdugre/scratch/mri-registration-rp/datasets/ds004513
TEMPLATEFLOW_DIR: /home/mdugre/projects/rrg-glatard/mdugre/templateflow
ITK_GLOBAL_DEFAULT_NUMBER_OF_THREADS: 16
##########################

Info [verificarlo]: loaded backend libinterflop_ieee.so
Info [interflop-ieee]: load backend with:
Info [interflop-ieee]: debug = false
Info [interflop-ieee]: debug-binary = false
Info [interflop-ieee]: no-backend-name = false
Info [interflop-ieee]: print-new-line = false
Info [interflop-ieee]: print-subnormal-normalized = false
Info [interflop-ieee]: count-op = false
All_Command_lines_OK
Using double precision for computations.
=============================================================================
The composite transform comprises the following transforms (in order): 
  1. Center of mass alignment using fixed image: /templateflow/tpl-MNI152NLin2009cAsym/tpl-MNI152NLin2009cAsym_res-01_desc-brain_T1w.nii.gz and moving image: /home/mdugre/scratch/mri-registration-rp/datasets/ds004513/derivatives/mri-registration-rp/antsBrainExtraction/sub-s003/BrainExtractionBrain.nii.gz (type = Euler3DTransform)
=============================================================================
  number of levels = 1
  fixed image: /templateflow/tpl-MNI152NLin2009cAsym/tpl-MNI152NLin2009cAsym_res-01_desc-brain_T1w.nii.gz
  moving image: /home/mdugre/scratch/mri-registration-rp/datasets/ds004513/derivatives/mri-registration-rp/antsBrainExtraction/sub-s003/BrainExtractionBrain.nii.gz
Dimension = 3
Number of stages = 1
Use histogram matching = false
Winsorize image intensities = true
  Lower quantile = 0.005
  Upper quantile = 0.995


Stage 1 State
   Image metric = MattesMI
     Fixed image = Image (0x4f22e70)
  RTTI typeinfo:   itk::Image<double, 3u>
  Reference Count: 2
  Modified Time: 2334
  Debug: Off
  Object Name: 
  Observers: 
    none
  Source: (none)
  Source output name: (none)
  Release Data: Off
  Data Released: False
  Global Release Data: Off
  PipelineMTime: 0
  UpdateMTime: 1943
  RealTimeStamp: 0 seconds 
  LargestPossibleRegion: 
    Dimension: 3
    Index: [0, 0, 0]
    Size: [193, 229, 193]
  BufferedRegion: 
    Dimension: 3
    Index: [0, 0, 0]
    Size: [193, 229, 193]
  RequestedRegion: 
    Dimension: 3
    Index: [0, 0, 0]
    Size: [193, 229, 193]
  Spacing: [1, 1, 1]
  Origin: [96, 132, -78]
  Direction: 
-1 0 0
0 -1 0
0 0 1

  IndexToPointMatrix: 
-1 0 0
0 -1 0
0 0 1

  PointToIndexMatrix: 
-1 0 0
0 -1 0
0 0 1

  Inverse Direction: 
-1 0 0
0 -1 0
0 0 1

  PixelContainer: 
    ImportImageContainer (0x4f2f140)
      RTTI typeinfo:   itk::ImportImageContainer<unsigned long, double>
      Reference Count: 1
      Modified Time: 1940
      Debug: Off
      Object Name: 
      Observers: 
        none
      Pointer: 0x1458f5ed6010
      Container manages memory: true
      Size: 8530021
      Capacity: 8530021

     Moving image = Image (0x4f2c310)
  RTTI typeinfo:   itk::Image<double, 3u>
  Reference Count: 2
  Modified Time: 2335
  Debug: Off
  Object Name: 
  Observers: 
    none
  Source: (none)
  Source output name: (none)
  Release Data: Off
  Data Released: False
  Global Release Data: Off
  PipelineMTime: 0
  UpdateMTime: 2332
  RealTimeStamp: 0 seconds 
  LargestPossibleRegion: 
    Dimension: 3
    Index: [0, 0, 0]
    Size: [176, 240, 256]
  BufferedRegion: 
    Dimension: 3
    Index: [0, 0, 0]
    Size: [176, 240, 256]
  RequestedRegion: 
    Dimension: 3
    Index: [0, 0, 0]
    Size: [176, 240, 256]
  Spacing: [0.999999, 1, 1]
  Origin: [93.3499, 86.9368, -128.957]
  Direction: 
-0.999513 -0.0279216 -0.0139567
0.0279189 -0.99961 0.000389866
-0.0139622 2.01492e-08 0.999903

  IndexToPointMatrix: 
-0.999512 -0.0279216 -0.0139567
0.0279189 -0.99961 0.000389866
-0.0139621 2.01492e-08 0.999903

  PointToIndexMatrix: 
-0.999514 0.0279189 -0.0139622
-0.0279216 -0.99961 2.01716e-08
-0.0139567 0.000389866 0.999903

  Inverse Direction: 
-0.999513 0.0279189 -0.0139622
-0.0279216 -0.99961 2.01716e-08
-0.0139567 0.000389866 0.999903

  PixelContainer: 
    ImportImageContainer (0x5057610)
      RTTI typeinfo:   itk::ImportImageContainer<unsigned long, double>
      Reference Count: 1
      Modified Time: 2329
      Debug: Off
      Object Name: 
      Observers: 
        none
      Pointer: 0x1458f0c55010
      Container manages memory: true
      Size: 10813440
      Capacity: 10813440

     Weighting = 1
     Sampling strategy = regular
     Number of bins = 32
     Radius = 4
     Sampling percentage  = 0.25
   Transform = Rigid
     Gradient step = 0.1
     Update field sigma (voxel space) = 0
     Total field sigma (voxel space) = 0
     Update field time sigma = 0
     Total field time sigma  = 0
     Number of time indices = 0
     Number of time point samples = 0
Registration using 1 total stages.

Stage 0
  iterations = 0
  convergence threshold = 1e-06
  convergence window size = 10
  number of levels = 1
  using the Mattes MI metric (number of bins = 32, weight = 1, use gradient filter = 0)
  preprocessing:  winsorizing the image intensities
  Shrink factors (level 1 out of 1): [1, 1, 1]
  smoothing sigmas per level: [0]
  regular sampling (percentage = 0.25)

*** Running Euler3DTransform registration ***

  Elapsed time (stage 0): 1.12459


Total elapsed time: 1.12701
Info [verificarlo]: loaded backend libinterflop_ieee.so
Info [interflop-ieee]: load backend with:
Info [interflop-ieee]: debug = false
Info [interflop-ieee]: debug-binary = false
Info [interflop-ieee]: no-backend-name = false
Info [interflop-ieee]: print-new-line = false
Info [interflop-ieee]: print-subnormal-normalized = false
Info [interflop-ieee]: count-op = false
All_Command_lines_OK
Using double precision for computations.
=============================================================================
The composite transform comprises the following transforms (in order): 
  1. /home/mdugre/scratch/mri-registration-rp/datasets/ds004513/derivatives/mri-registration-rp/0001/antsRegistration-r8-p20/sub-s003/align_Composite.h5[0] (type = Euler3DTransform)
  2. /home/mdugre/scratch/mri-registration-rp/datasets/ds004513/derivatives/mri-registration-rp/0001/antsRegistration-r8-p20/sub-s003/align_Composite.h5[1] (type = Euler3DTransform)
=============================================================================
  number of levels = 4
  fixed image: /templateflow/tpl-MNI152NLin2009cAsym/tpl-MNI152NLin2009cAsym_res-01_desc-brain_T1w.nii.gz
  moving image: /home/mdugre/scratch/mri-registration-rp/datasets/ds004513/derivatives/mri-registration-rp/antsBrainExtraction/sub-s003/BrainExtractionBrain.nii.gz
Dimension = 3
Number of stages = 1
Use histogram matching = false
Winsorize image intensities = true
  Lower quantile = 0.005
  Upper quantile = 0.995


Stage 1 State
   Image metric = MattesMI
     Fixed image = Image (0x4a04530)
  RTTI typeinfo:   itk::Image<double, 3u>
  Reference Count: 2
  Modified Time: 1580
  Debug: Off
  Object Name: 
  Observers: 
    none
  Source: (none)
  Source output name: (none)
  Release Data: Off
  Data Released: False
  Global Release Data: Off
  PipelineMTime: 0
  UpdateMTime: 1189
  RealTimeStamp: 0 seconds 
  LargestPossibleRegion: 
    Dimension: 3
    Index: [0, 0, 0]
    Size: [193, 229, 193]
  BufferedRegion: 
    Dimension: 3
    Index: [0, 0, 0]
    Size: [193, 229, 193]
  RequestedRegion: 
    Dimension: 3
    Index: [0, 0, 0]
    Size: [193, 229, 193]
  Spacing: [1, 1, 1]
  Origin: [96, 132, -78]
  Direction: 
-1 0 0
0 -1 0
0 0 1

  IndexToPointMatrix: 
-1 0 0
0 -1 0
0 0 1

  PointToIndexMatrix: 
-1 0 0
0 -1 0
0 0 1

  Inverse Direction: 
-1 0 0
0 -1 0
0 0 1

  PixelContainer: 
    ImportImageContainer (0x4ac2d60)
      RTTI typeinfo:   itk::ImportImageContainer<unsigned long, double>
      Reference Count: 1
      Modified Time: 1186
      Debug: Off
      Object Name: 
      Observers: 
        none
      Pointer: 0x1546e93fb010
      Container manages memory: true
      Size: 8530021
      Capacity: 8530021

     Moving image = Image (0x4ab4f60)
  RTTI typeinfo:   itk::Image<double, 3u>
  Reference Count: 2
  Modified Time: 1581
  Debug: Off
  Object Name: 
  Observers: 
    none
  Source: (none)
  Source output name: (none)
  Release Data: Off
  Data Released: False
  Global Release Data: Off
  PipelineMTime: 0
  UpdateMTime: 1578
  RealTimeStamp: 0 seconds 
  LargestPossibleRegion: 
    Dimension: 3
    Index: [0, 0, 0]
    Size: [176, 240, 256]
  BufferedRegion: 
    Dimension: 3
    Index: [0, 0, 0]
    Size: [176, 240, 256]
  RequestedRegion: 
    Dimension: 3
    Index: [0, 0, 0]
    Size: [176, 240, 256]
  Spacing: [0.999999, 1, 1]
  Origin: [93.3499, 86.9368, -128.957]
  Direction: 
-0.999513 -0.0279216 -0.0139567
0.0279189 -0.99961 0.000389866
-0.0139622 2.01492e-08 0.999903

  IndexToPointMatrix: 
-0.999512 -0.0279216 -0.0139567
0.0279189 -0.99961 0.000389866
-0.0139621 2.01492e-08 0.999903

  PointToIndexMatrix: 
-0.999514 0.0279189 -0.0139622
-0.0279216 -0.99961 2.01716e-08
-0.0139567 0.000389866 0.999903

  Inverse Direction: 
-0.999513 0.0279189 -0.0139622
-0.0279216 -0.99961 2.01716e-08
-0.0139567 0.000389866 0.999903

  PixelContainer: 
    ImportImageContainer (0x4aa66d0)
      RTTI typeinfo:   itk::ImportImageContainer<unsigned long, double>
      Reference Count: 1
      Modified Time: 1575
      Debug: Off
      Object Name: 
      Observers: 
        none
      Pointer: 0x1546e417a010
      Container manages memory: true
      Size: 10813440
      Capacity: 10813440

     Weighting = 1
     Sampling strategy = regular
     Number of bins = 32
     Radius = 4
     Sampling percentage  = 0.25
   Transform = Rigid
     Gradient step = 0.1
     Update field sigma (voxel space) = 0
     Total field sigma (voxel space) = 0
     Update field time sigma = 0
     Total field time sigma  = 0
     Number of time indices = 0
     Number of time point samples = 0
Registration using 1 total stages.

Stage 0
  iterations = 1000x500x250x100
  convergence threshold = 1e-06
  convergence window size = 10
  number of levels = 4
  using the Mattes MI metric (number of bins = 32, weight = 1, use gradient filter = 0)
  preprocessing:  winsorizing the image intensities
  Shrink factors (level 1 out of 4): [8, 8, 8]
  Shrink factors (level 2 out of 4): [4, 4, 4]
  Shrink factors (level 3 out of 4): [2, 2, 2]
  Shrink factors (level 4 out of 4): [1, 1, 1]
  smoothing sigmas per level: [3, 2, 1, 0]
  regular sampling (percentage = 0.25)

*** Running Euler3DTransform registration ***

DIAGNOSTIC,Iteration,metricValue,convergenceValue,ITERATION_TIME_INDEX,SINCE_LAST
 2DIAGNOSTIC,     1, -4.871187133941e-01, 1.797693134862e+308, 7.9314e-01, 7.9314e-01, 
 2DIAGNOSTIC,     2, -4.887966556740e-01, 1.797693134862e+308, 7.9807e-01, 4.9360e-03, 
 2DIAGNOSTIC,     3, -4.919242839642e-01, 1.797693134862e+308, 8.0258e-01, 4.5018e-03, 
 2DIAGNOSTIC,     4, -5.019092629522e-01, 1.797693134862e+308, 8.0775e-01, 5.1711e-03, 
 2DIAGNOSTIC,     5, -5.198319788477e-01, 1.797693134862e+308, 8.1237e-01, 4.6260e-03, 
 2DIAGNOSTIC,     6, -5.251449584180e-01, 1.797693134862e+308, 8.1683e-01, 4.4589e-03, 
 2DIAGNOSTIC,     7, -5.365118080768e-01, 1.797693134862e+308, 8.2135e-01, 4.5221e-03, 
 2DIAGNOSTIC,     8, -5.564319077261e-01, 1.797693134862e+308, 8.2781e-01, 6.4561e-03, 
 2DIAGNOSTIC,     9, -5.572786469687e-01, 1.797693134862e+308, 8.3197e-01, 4.1552e-03, 
 2DIAGNOSTIC,    10, -5.597886110608e-01, 1.060089541986e-02, 8.3707e-01, 5.1091e-03, 
 2DIAGNOSTIC,    11, -5.645450860914e-01, 9.471656029002e-03, 8.4158e-01, 4.5030e-03, 
 2DIAGNOSTIC,    12, -5.675342641672e-01, 7.901754414630e-03, 8.4667e-01, 5.0912e-03, 
 2DIAGNOSTIC,    13, -5.685174641935e-01, 6.033280802479e-03, 8.5180e-01, 5.1281e-03, 
 2DIAGNOSTIC,    14, -5.693412095342e-01, 4.302087948770e-03, 8.5758e-01, 5.7790e-03, 
 2DIAGNOSTIC,    15, -5.718972801998e-01, 3.155204981954e-03, 8.6268e-01, 5.1091e-03, 
 2DIAGNOSTIC,    16, -5.734788767073e-01, 2.091398053252e-03, 8.6715e-01, 4.4701e-03, 
 2DIAGNOSTIC,    17, -5.737823402463e-01, 1.310029424174e-03, 8.7179e-01, 4.6310e-03, 
 2DIAGNOSTIC,    18, -5.749452616696e-01, 1.114936190120e-03, 8.7627e-01, 4.4799e-03, 
 2DIAGNOSTIC,    19, -5.774392255370e-01, 9.301256922511e-04, 8.8331e-01, 7.0419e-03, 
 2DIAGNOSTIC,    20, -5.782944999901e-01, 7.612328990651e-04, 8.8844e-01, 5.1322e-03, 
 2DIAGNOSTIC,    21, -5.788863756119e-01, 6.687985512822e-04, 8.9303e-01, 4.5900e-03, 
 2DIAGNOSTIC,    22, -5.857337702728e-01, 7.546209623275e-04, 8.9793e-01, 4.8959e-03, 
 2DIAGNOSTIC,    23, -6.028589200945e-01, 1.162232408943e-03, 9.0303e-01, 5.1041e-03, 
 2DIAGNOSTIC,    24, -6.086613839748e-01, 1.554691250163e-03, 9.0922e-01, 6.1929e-03, 
 2DIAGNOSTIC,    25, -6.127624310136e-01, 1.904928869435e-03, 9.1419e-01, 4.9708e-03, 
 2DIAGNOSTIC,    26, -6.171330102974e-01, 2.167612432157e-03, 9.1911e-01, 4.9119e-03, 
 2DIAGNOSTIC,    27, -6.180829715943e-01, 2.226134251544e-03, 9.2349e-01, 4.3821e-03, 
 2DIAGNOSTIC,    28, -6.204355230116e-01, 2.128618126831e-03, 9.2845e-01, 4.9610e-03, 
 2DIAGNOSTIC,    29, -6.216541946416e-01, 1.901236651235e-03, 9.3310e-01, 4.6542e-03, 
 2DIAGNOSTIC,    30, -6.252686887293e-01, 1.589741149922e-03, 9.3848e-01, 5.3790e-03, 
 2DIAGNOSTIC,    31, -6.305777186407e-01, 1.244380943006e-03, 9.4304e-01, 4.5578e-03, 
 2DIAGNOSTIC,    32, -6.437126724396e-01, 1.107471384207e-03, 9.4888e-01, 5.8379e-03, 
 2DIAGNOSTIC,    33, -6.470257426918e-01, 1.176382762610e-03, 9.5334e-01, 4.4661e-03, 
 2DIAGNOSTIC,    34, -6.489212277110e-01, 1.241889151676e-03, 9.6082e-01, 7.4801e-03, 
 2DIAGNOSTIC,    35, -6.509315233464e-01, 1.271880543674e-03, 9.6533e-01, 4.5090e-03, 
 2DIAGNOSTIC,    36, -6.520048206570e-01, 1.251974133588e-03, 9.6962e-01, 4.2889e-03, 
 2DIAGNOSTIC,    37, -6.528674786779e-01, 1.135509587947e-03, 9.7392e-01, 4.2982e-03, 
 2DIAGNOSTIC,    38, -6.532432901480e-01, 9.531144963036e-04, 9.7852e-01, 4.5960e-03, 
 2DIAGNOSTIC,    39, -6.541854072102e-01, 7.192232609081e-04, 9.8470e-01, 6.1841e-03, 
 2DIAGNOSTIC,    40, -6.542271180047e-01, 4.742871552116e-04, 9.8925e-01, 4.5471e-03, 
 2DIAGNOSTIC,    41, -6.546748457687e-01, 2.614750598873e-04, 9.9377e-01, 4.5209e-03, 
 2DIAGNOSTIC,    42, -6.552199810921e-01, 1.909813319075e-04, 9.9959e-01, 5.8239e-03, 
 2DIAGNOSTIC,    43, -6.554116924000e-01, 1.446764489333e-04, 1.0039e+00, 4.2870e-03, 
 2DIAGNOSTIC,    44, -6.553652796732e-01, 1.066436559717e-04, 1.0081e+00, 4.2391e-03, 
 2DIAGNOSTIC,    45, -6.555145640420e-01, 8.319127651455e-05, 1.0126e+00, 4.4651e-03, 
 2DIAGNOSTIC,    46, -6.555933746072e-01, 6.474722834462e-05, 1.0176e+00, 4.9791e-03, 
 2DIAGNOSTIC,    47, -6.557587426454e-01, 5.132694295973e-05, 1.0223e+00, 4.7600e-03, 
 2DIAGNOSTIC,    48, -6.556234677016e-01, 3.580636347639e-05, 1.0276e+00, 5.3191e-03, 
 2DIAGNOSTIC,    49, -6.557496957601e-01, 2.813276615439e-05, 1.0324e+00, 4.7569e-03, 
 2DIAGNOSTIC,    50, -6.556021658544e-01, 1.709137143547e-05, 1.0366e+00, 4.2078e-03, 
 2DIAGNOSTIC,    51, -6.556143906403e-01, 9.083913773432e-06, 1.0408e+00, 4.2040e-03, 
 2DIAGNOSTIC,    52, -6.556348612248e-01, 5.670384078577e-06, 1.0450e+00, 4.2329e-03, 
 2DIAGNOSTIC,    53, -6.557650569492e-01, 4.796302016084e-06, 1.0498e+00, 4.7750e-03, 
 2DIAGNOSTIC,    54, -6.559405516213e-01, 4.638466194341e-06, 1.0546e+00, 4.7588e-03, 
 2DIAGNOSTIC,    55, -6.560967343274e-01, 6.674918666478e-06, 1.0609e+00, 6.3169e-03, 
 2DIAGNOSTIC,    56, -6.559638568524e-01, 7.565083575644e-06, 1.0656e+00, 4.7438e-03, 
 2DIAGNOSTIC,    57, -6.558850456037e-01, 8.551422715285e-06, 1.0699e+00, 4.2379e-03, 
 2DIAGNOSTIC,    58, -6.558065427287e-01, 6.978352972364e-06, 1.0746e+00, 4.7448e-03, 
 2DIAGNOSTIC,    59, -6.559073660117e-01, 6.641075161459e-06, 1.0796e+00, 4.9572e-03, 
 2DIAGNOSTIC,    60, -6.556809681012e-01, 2.787281327229e-06, 1.0843e+00, 4.7190e-03, 
DIAGNOSTIC,Iteration,metricValue,convergenceValue,ITERATION_TIME_INDEX,SINCE_LAST
 2DIAGNOSTIC,     1, -5.251111844482e-01, 1.797693134862e+308, 1.8079e+00, 7.2363e-01, 
 2DIAGNOSTIC,     2, -5.257526062535e-01, 1.797693134862e+308, 1.8381e+00, 3.0182e-02, 
 2DIAGNOSTIC,     3, -5.265037940257e-01, 1.797693134862e+308, 1.8696e+00, 3.1499e-02, 
 2DIAGNOSTIC,     4, -5.272807854089e-01, 1.797693134862e+308, 1.8994e+00, 2.9818e-02, 
 2DIAGNOSTIC,     5, -5.278284319828e-01, 1.797693134862e+308, 1.9298e+00, 3.0412e-02, 
 2DIAGNOSTIC,     6, -5.281476939012e-01, 1.797693134862e+308, 1.9606e+00, 3.0783e-02, 
 2DIAGNOSTIC,     7, -5.294018684375e-01, 1.797693134862e+308, 1.9919e+00, 3.1238e-02, 
 2DIAGNOSTIC,     8, -5.312528336203e-01, 1.797693134862e+308, 2.0417e+00, 4.9821e-02, 
 2DIAGNOSTIC,     9, -5.314769383551e-01, 1.797693134862e+308, 2.0708e+00, 2.9075e-02, 
 2DIAGNOSTIC,    10, -5.315390639034e-01, 8.532988922827e-04, 2.1021e+00, 3.1390e-02, 
 2DIAGNOSTIC,    11, -5.317711034746e-01, 7.441662967192e-04, 2.1344e+00, 3.2289e-02, 
 2DIAGNOSTIC,    12, -5.329367471780e-01, 6.661103780077e-04, 2.1792e+00, 4.4744e-02, 
 2DIAGNOSTIC,    13, -5.335452454885e-01, 5.932024343717e-04, 2.2239e+00, 4.4701e-02, 
 2DIAGNOSTIC,    14, -5.336805340483e-01, 5.120361638472e-04, 2.2561e+00, 3.2187e-02, 
 2DIAGNOSTIC,    15, -5.337782810392e-01, 4.203176076185e-04, 2.2961e+00, 4.0065e-02, 
 2DIAGNOSTIC,    16, -5.338585047761e-01, 3.148615387534e-04, 2.3310e+00, 3.4825e-02, 
 2DIAGNOSTIC,    17, -5.340349654180e-01, 2.359441503698e-04, 2.3714e+00, 4.0482e-02, 
 2DIAGNOSTIC,    18, -5.341742661997e-01, 2.028708080474e-04, 2.4040e+00, 3.2586e-02, 
 2DIAGNOSTIC,    19, -5.350327440941e-01, 1.855703685190e-04, 2.4420e+00, 3.7966e-02, 
 2DIAGNOSTIC,    20, -5.355353899622e-01, 1.678974971716e-04, 2.5059e+00, 6.3945e-02, 
 2DIAGNOSTIC,    21, -5.358449163934e-01, 1.495111294934e-04, 2.5452e+00, 3.9218e-02, 
 2DIAGNOSTIC,    22, -5.368307939659e-01, 1.711052541249e-04, 2.5951e+00, 4.9919e-02, 
 2DIAGNOSTIC,    23, -5.368660547776e-01, 1.893395264680e-04, 2.6361e+00, 4.0999e-02, 
 2DIAGNOSTIC,    24, -5.368797027292e-01, 1.917456539687e-04, 2.6875e+00, 5.1419e-02, 
 2DIAGNOSTIC,    25, -5.368836181269e-01, 1.783695195572e-04, 2.7271e+00, 3.9578e-02, 
 2DIAGNOSTIC,    26, -5.368782476432e-01, 1.509266219057e-04, 2.7577e+00, 3.0638e-02, 
 2DIAGNOSTIC,    27, -5.368741003723e-01, 1.147849332370e-04, 2.7962e+00, 3.8447e-02, 
 2DIAGNOSTIC,    28, -5.368685347867e-01, 7.274320790952e-05, 2.8299e+00, 3.3714e-02, 
 2DIAGNOSTIC,    29, -5.368641430311e-01, 4.266310470028e-05, 2.8646e+00, 3.4726e-02, 
 2DIAGNOSTIC,    30, -5.368536047344e-01, 1.948287303463e-05, 2.8991e+00, 3.4470e-02, 
DIAGNOSTIC,Iteration,metricValue,convergenceValue,ITERATION_TIME_INDEX,SINCE_LAST
 2DIAGNOSTIC,     1, -4.778128821904e-01, 1.797693134862e+308, 3.9958e+00, 1.0967e+00, 
 2DIAGNOSTIC,     2, -4.781589304524e-01, 1.797693134862e+308, 4.2273e+00, 2.3149e-01, 
 2DIAGNOSTIC,     3, -4.785160924805e-01, 1.797693134862e+308, 4.4643e+00, 2.3699e-01, 
 2DIAGNOSTIC,     4, -4.786892549380e-01, 1.797693134862e+308, 4.7261e+00, 2.6178e-01, 
 2DIAGNOSTIC,     5, -4.787070329981e-01, 1.797693134862e+308, 5.0191e+00, 2.9302e-01, 
 2DIAGNOSTIC,     6, -4.787084705106e-01, 1.797693134862e+308, 5.2561e+00, 2.3700e-01, 
 2DIAGNOSTIC,     7, -4.787135812120e-01, 1.797693134862e+308, 5.6047e+00, 3.4862e-01, 
 2DIAGNOSTIC,     8, -4.787188938895e-01, 1.797693134862e+308, 5.8401e+00, 2.3541e-01, 
 2DIAGNOSTIC,     9, -4.787380240198e-01, 1.797693134862e+308, 6.1106e+00, 2.7045e-01, 
 2DIAGNOSTIC,    10, -4.787826018390e-01, 9.996158864825e-05, 6.3484e+00, 2.3787e-01, 
 2DIAGNOSTIC,    11, -4.788091260020e-01, 5.275697425486e-05, 6.5845e+00, 2.3607e-01, 
 2DIAGNOSTIC,    12, -4.788324969996e-01, 2.684335854712e-05, 6.8284e+00, 2.4387e-01, 
 2DIAGNOSTIC,    13, -4.788703841409e-01, 2.057198727637e-05, 7.0932e+00, 2.6480e-01, 
 2DIAGNOSTIC,    14, -4.788944623230e-01, 2.186172714071e-05, 7.5233e+00, 4.3014e-01, 
 2DIAGNOSTIC,    15, -4.788976051783e-01, 2.199284978527e-05, 7.8763e+00, 3.5297e-01, 
 2DIAGNOSTIC,    16, -4.788967875462e-01, 2.032118512445e-05, 8.6912e+00, 8.1488e-01, 
 2DIAGNOSTIC,    17, -4.788967875451e-01, 1.735886949861e-05, 9.3501e+00, 6.5891e-01, 
 2DIAGNOSTIC,    18, -4.788967875451e-01, 1.345871568251e-05, 9.6844e+00, 3.3429e-01, 
 2DIAGNOSTIC,    19, -4.788967875451e-01, 9.447741428012e-06, 1.0043e+01, 3.5827e-01, 
 2DIAGNOSTIC,    20, -4.788967875451e-01, 6.438973863668e-06, 1.0336e+01, 2.9354e-01, 
 2DIAGNOSTIC,    21, -4.788967875451e-01, 4.020228321640e-06, 1.0601e+01, 2.6490e-01, 
 2DIAGNOSTIC,    22, -4.788967875451e-01, 2.198212233538e-06, 1.0962e+01, 3.6130e-01, 
 2DIAGNOSTIC,    23, -4.788967875451e-01, 1.425075200158e-06, 1.1282e+01, 3.1989e-01, 
 2DIAGNOSTIC,    24, -4.788967875451e-01, 1.305604256020e-06, 1.1543e+01, 2.6063e-01, 
 2DIAGNOSTIC,    25, -4.788967875451e-01, 1.272779814633e-06, 1.1838e+01, 2.9540e-01, 
 2DIAGNOSTIC,    26, -4.788967875451e-01, 1.223812604020e-06, 1.2126e+01, 2.8750e-01, 
 2DIAGNOSTIC,    27, -4.788967875451e-01, 1.178473581193e-06, 1.2450e+01, 3.2456e-01, 
 2DIAGNOSTIC,    28, -4.788967875451e-01, 1.136373930156e-06, 1.2721e+01, 2.7018e-01, 
 2DIAGNOSTIC,    29, -4.788967875451e-01, 1.097178456547e-06, 1.2948e+01, 2.2749e-01, 
 2DIAGNOSTIC,    30, -4.788967875451e-01, 1.060596669780e-06, 1.3243e+01, 2.9461e-01, 
 2DIAGNOSTIC,    31, -4.788967875451e-01, 1.026375571048e-06, 1.3550e+01, 3.0724e-01, 
DIAGNOSTIC,Iteration,metricValue,convergenceValue,ITERATION_TIME_INDEX,SINCE_LAST
 2DIAGNOSTIC,     1, -4.453399440090e-01, 1.797693134862e+308, 1.6120e+01, 2.5697e+00, 
 2DIAGNOSTIC,     2, -4.453519557827e-01, 1.797693134862e+308, 1.7799e+01, 1.6790e+00, 
 2DIAGNOSTIC,     3, -4.453585488301e-01, 1.797693134862e+308, 1.9813e+01, 2.0141e+00, 
 2DIAGNOSTIC,     4, -4.453587024860e-01, 1.797693134862e+308, 2.1762e+01, 1.9488e+00, 
 2DIAGNOSTIC,     5, -4.453589163612e-01, 1.797693134862e+308, 2.4169e+01, 2.4070e+00, 
 2DIAGNOSTIC,     6, -4.453588681230e-01, 1.797693134862e+308, 2.6084e+01, 1.9158e+00, 
 2DIAGNOSTIC,     7, -4.453589397166e-01, 1.797693134862e+308, 2.7584e+01, 1.4993e+00, 
 2DIAGNOSTIC,     8, -4.453588827469e-01, 1.797693134862e+308, 2.9167e+01, 1.5833e+00, 
 2DIAGNOSTIC,     9, -4.453587931684e-01, 1.797693134862e+308, 3.0573e+01, 1.4062e+00, 
 2DIAGNOSTIC,    10, -4.453586752259e-01, 4.779035973360e-06, 3.2546e+01, 1.9730e+00, 
 2DIAGNOSTIC,    11, -4.453587241521e-01, 3.294369662107e-06, 3.4107e+01, 1.5605e+00, 
 2DIAGNOSTIC,    12, -4.453585188065e-01, 2.638882849362e-06, 3.5749e+01, 1.6426e+00, 
 2DIAGNOSTIC,    13, -4.453585616157e-01, 2.411215948309e-06, 3.7248e+01, 1.4991e+00, 
 2DIAGNOSTIC,    14, -4.453585463695e-01, 2.225339590808e-06, 3.8667e+01, 1.4191e+00, 
 2DIAGNOSTIC,    15, -4.453583182787e-01, 2.067960928304e-06, 4.0738e+01, 2.0703e+00, 
 2DIAGNOSTIC,    16, -4.453583611686e-01, 1.935003360792e-06, 4.2361e+01, 1.6232e+00, 
 2DIAGNOSTIC,    17, -4.453582131157e-01, 1.819615638228e-06, 4.3991e+01, 1.6304e+00, 
 2DIAGNOSTIC,    18, -4.453581497207e-01, 1.717654233999e-06, 4.5457e+01, 1.4656e+00, 
 2DIAGNOSTIC,    19, -4.453580152602e-01, 1.623571751437e-06, 4.6881e+01, 1.4239e+00, 
 2DIAGNOSTIC,    20, -4.453579963279e-01, 1.539274886476e-06, 4.8482e+01, 1.6011e+00, 
 2DIAGNOSTIC,    21, -4.453581815883e-01, 1.475038549248e-06, 5.0097e+01, 1.6148e+00, 
 2DIAGNOSTIC,    22, -4.453581905834e-01, 1.414357045856e-06, 5.1943e+01, 1.8460e+00, 
 2DIAGNOSTIC,    23, -4.453581466125e-01, 1.361932630208e-06, 5.3530e+01, 1.5874e+00, 
 2DIAGNOSTIC,    24, -4.453579991704e-01, 1.311838655219e-06, 5.5202e+01, 1.6721e+00, 
 2DIAGNOSTIC,    25, -4.453579447728e-01, 1.259813941570e-06, 5.6962e+01, 1.7602e+00, 
 2DIAGNOSTIC,    26, -4.453578702720e-01, 1.212131835085e-06, 5.8669e+01, 1.7067e+00, 
 2DIAGNOSTIC,    27, -4.453577032118e-01, 1.161560330892e-06, 6.0204e+01, 1.5347e+00, 
 2DIAGNOSTIC,    28, -4.453577177115e-01, 1.115299658891e-06, 6.1648e+01, 1.4440e+00, 
 2DIAGNOSTIC,    29, -4.453577421827e-01, 1.071817598945e-06, 6.3110e+01, 1.4620e+00, 
 2DIAGNOSTIC,    30, -4.453576956377e-01, 1.032054908326e-06, 6.4702e+01, 1.5922e+00, 
 2DIAGNOSTIC,    31, -4.453577320816e-01, 1.002113773893e-06, 6.6272e+01, 1.5699e+00, 
  Elapsed time (stage 0): 6.7176e+01


Total elapsed time: 6.7179e+01
Info [verificarlo]: loaded backend libinterflop_ieee.so
Info [interflop-ieee]: load backend with:
Info [interflop-ieee]: debug = false
Info [interflop-ieee]: debug-binary = false
Info [interflop-ieee]: no-backend-name = false
Info [interflop-ieee]: print-new-line = false
Info [interflop-ieee]: print-subnormal-normalized = false
Info [interflop-ieee]: count-op = false
All_Command_lines_OK
Using double precision for computations.
=============================================================================
The composite transform comprises the following transforms (in order): 
  1. /home/mdugre/scratch/mri-registration-rp/datasets/ds004513/derivatives/mri-registration-rp/0001/antsRegistration-r8-p20/sub-s003/rigid_Composite.h5[0] (type = Euler3DTransform)
  2. /home/mdugre/scratch/mri-registration-rp/datasets/ds004513/derivatives/mri-registration-rp/0001/antsRegistration-r8-p20/sub-s003/rigid_Composite.h5[1] (type = Euler3DTransform)
  3. /home/mdugre/scratch/mri-registration-rp/datasets/ds004513/derivatives/mri-registration-rp/0001/antsRegistration-r8-p20/sub-s003/rigid_Composite.h5[2] (type = Euler3DTransform)
=============================================================================
  number of levels = 4
  fixed image: /templateflow/tpl-MNI152NLin2009cAsym/tpl-MNI152NLin2009cAsym_res-01_desc-brain_T1w.nii.gz
  moving image: /home/mdugre/scratch/mri-registration-rp/datasets/ds004513/derivatives/mri-registration-rp/antsBrainExtraction/sub-s003/BrainExtractionBrain.nii.gz
Dimension = 3
Number of stages = 1
Use histogram matching = false
Winsorize image intensities = true
  Lower quantile = 0.005
  Upper quantile = 0.995


Stage 1 State
   Image metric = MattesMI
     Fixed image = Image (0x3c067e0)
  RTTI typeinfo:   itk::Image<double, 3u>
  Reference Count: 2
  Modified Time: 1594
  Debug: Off
  Object Name: 
  Observers: 
    none
  Source: (none)
  Source output name: (none)
  Release Data: Off
  Data Released: False
  Global Release Data: Off
  PipelineMTime: 0
  UpdateMTime: 1203
  RealTimeStamp: 0 seconds 
  LargestPossibleRegion: 
    Dimension: 3
    Index: [0, 0, 0]
    Size: [193, 229, 193]
  BufferedRegion: 
    Dimension: 3
    Index: [0, 0, 0]
    Size: [193, 229, 193]
  RequestedRegion: 
    Dimension: 3
    Index: [0, 0, 0]
    Size: [193, 229, 193]
  Spacing: [1, 1, 1]
  Origin: [96, 132, -78]
  Direction: 
-1 0 0
0 -1 0
0 0 1

  IndexToPointMatrix: 
-1 0 0
0 -1 0
0 0 1

  PointToIndexMatrix: 
-1 0 0
0 -1 0
0 0 1

  Inverse Direction: 
-1 0 0
0 -1 0
0 0 1

  PixelContainer: 
    ImportImageContainer (0x3cc6a20)
      RTTI typeinfo:   itk::ImportImageContainer<unsigned long, double>
      Reference Count: 1
      Modified Time: 1200
      Debug: Off
      Object Name: 
      Observers: 
        none
      Pointer: 0x15039d6a2010
      Container manages memory: true
      Size: 8530021
      Capacity: 8530021

     Moving image = Image (0x3cc1d70)
  RTTI typeinfo:   itk::Image<double, 3u>
  Reference Count: 2
  Modified Time: 1595
  Debug: Off
  Object Name: 
  Observers: 
    none
  Source: (none)
  Source output name: (none)
  Release Data: Off
  Data Released: False
  Global Release Data: Off
  PipelineMTime: 0
  UpdateMTime: 1592
  RealTimeStamp: 0 seconds 
  LargestPossibleRegion: 
    Dimension: 3
    Index: [0, 0, 0]
    Size: [176, 240, 256]
  BufferedRegion: 
    Dimension: 3
    Index: [0, 0, 0]
    Size: [176, 240, 256]
  RequestedRegion: 
    Dimension: 3
    Index: [0, 0, 0]
    Size: [176, 240, 256]
  Spacing: [0.999999, 1, 1]
  Origin: [93.3499, 86.9368, -128.957]
  Direction: 
-0.999513 -0.0279216 -0.0139567
0.0279189 -0.99961 0.000389866
-0.0139622 2.01492e-08 0.999903

  IndexToPointMatrix: 
-0.999512 -0.0279216 -0.0139567
0.0279189 -0.99961 0.000389866
-0.0139621 2.01492e-08 0.999903

  PointToIndexMatrix: 
-0.999514 0.0279189 -0.0139622
-0.0279216 -0.99961 2.01716e-08
-0.0139567 0.000389866 0.999903

  Inverse Direction: 
-0.999513 0.0279189 -0.0139622
-0.0279216 -0.99961 2.01716e-08
-0.0139567 0.000389866 0.999903

  PixelContainer: 
    ImportImageContainer (0x3c79c90)
      RTTI typeinfo:   itk::ImportImageContainer<unsigned long, double>
      Reference Count: 1
      Modified Time: 1589
      Debug: Off
      Object Name: 
      Observers: 
        none
      Pointer: 0x150398421010
      Container manages memory: true
      Size: 10813440
      Capacity: 10813440

     Weighting = 1
     Sampling strategy = regular
     Number of bins = 32
     Radius = 4
     Sampling percentage  = 0.25
   Transform = Affine
     Gradient step = 0.1
     Update field sigma (voxel space) = 0
     Total field sigma (voxel space) = 0
     Update field time sigma = 0
     Total field time sigma  = 0
     Number of time indices = 0
     Number of time point samples = 0
Registration using 1 total stages.

Stage 0
  iterations = 1000x500x250x100
  convergence threshold = 1e-06
  convergence window size = 10
  number of levels = 4
  using the Mattes MI metric (number of bins = 32, weight = 1, use gradient filter = 0)
  preprocessing:  winsorizing the image intensities
  Shrink factors (level 1 out of 4): [8, 8, 8]
  Shrink factors (level 2 out of 4): [4, 4, 4]
  Shrink factors (level 3 out of 4): [2, 2, 2]
  Shrink factors (level 4 out of 4): [1, 1, 1]
  smoothing sigmas per level: [3, 2, 1, 0]
  regular sampling (percentage = 0.25)

*** Running AffineTransform registration ***

DIAGNOSTIC,Iteration,metricValue,convergenceValue,ITERATION_TIME_INDEX,SINCE_LAST
 2DIAGNOSTIC,     1, -6.596437135384e-01, 1.797693134862e+308, 7.7291e-01, 7.7291e-01, 
 2DIAGNOSTIC,     2, -6.623173647313e-01, 1.797693134862e+308, 7.7855e-01, 5.6429e-03, 
 2DIAGNOSTIC,     3, -6.665345128737e-01, 1.797693134862e+308, 7.8406e-01, 5.5029e-03, 
 2DIAGNOSTIC,     4, -6.722663811247e-01, 1.797693134862e+308, 7.9013e-01, 6.0720e-03, 
 2DIAGNOSTIC,     5, -6.803239701774e-01, 1.797693134862e+308, 7.9543e-01, 5.2989e-03, 
 2DIAGNOSTIC,     6, -6.914268794240e-01, 1.797693134862e+308, 8.0103e-01, 5.6050e-03, 
 2DIAGNOSTIC,     7, -7.146096555192e-01, 1.797693134862e+308, 8.1015e-01, 9.1131e-03, 
 2DIAGNOSTIC,     8, -7.209575583287e-01, 1.797693134862e+308, 8.1666e-01, 6.5188e-03, 
 2DIAGNOSTIC,     9, -7.214687569468e-01, 1.797693134862e+308, 8.2280e-01, 6.1309e-03, 
 2DIAGNOSTIC,    10, -7.209840458493e-01, 7.111127543400e-03, 8.2885e-01, 6.0589e-03, 
 2DIAGNOSTIC,    11, -7.210734008023e-01, 6.098175198117e-03, 8.3414e-01, 5.2841e-03, 
 2DIAGNOSTIC,    12, -7.208953472495e-01, 4.787571631584e-03, 8.3988e-01, 5.7390e-03, 
 2DIAGNOSTIC,    13, -7.212303575996e-01, 3.394215520606e-03, 8.4657e-01, 6.6969e-03, 
 2DIAGNOSTIC,    14, -7.215468539573e-01, 2.081117404315e-03, 8.5321e-01, 6.6390e-03, 
 2DIAGNOSTIC,    15, -7.213481633437e-01, 9.729074876249e-04, 8.6038e-01, 7.1709e-03, 
 2DIAGNOSTIC,    16, -7.210789730676e-01, 1.778350486114e-04, 8.6869e-01, 8.3032e-03, 
 2DIAGNOSTIC,    17, -7.210708220501e-01, 9.163310487753e-06, 8.7508e-01, 6.3949e-03, 
DIAGNOSTIC,Iteration,metricValue,convergenceValue,ITERATION_TIME_INDEX,SINCE_LAST
 2DIAGNOSTIC,     1, -5.940412644066e-01, 1.797693134862e+308, 1.6056e+00, 7.3052e-01, 
 2DIAGNOSTIC,     2, -5.943398146026e-01, 1.797693134862e+308, 1.6404e+00, 3.4769e-02, 
 2DIAGNOSTIC,     3, -5.946209406430e-01, 1.797693134862e+308, 1.6810e+00, 4.0655e-02, 
 2DIAGNOSTIC,     4, -5.945189885792e-01, 1.797693134862e+308, 1.7235e+00, 4.2517e-02, 
 2DIAGNOSTIC,     5, -5.946023095316e-01, 1.797693134862e+308, 1.7615e+00, 3.7986e-02, 
 2DIAGNOSTIC,     6, -5.945148025370e-01, 1.797693134862e+308, 1.7995e+00, 3.7981e-02, 
 2DIAGNOSTIC,     7, -5.945028828507e-01, 1.797693134862e+308, 1.8357e+00, 3.6162e-02, 
 2DIAGNOSTIC,     8, -5.945742095537e-01, 1.797693134862e+308, 1.8702e+00, 3.4569e-02, 
 2DIAGNOSTIC,     9, -5.945784334016e-01, 1.797693134862e+308, 1.9089e+00, 3.8674e-02, 
 2DIAGNOSTIC,    10, -5.945643530344e-01, 3.553391141067e-05, 1.9586e+00, 4.9734e-02, 
 2DIAGNOSTIC,    11, -5.945702048124e-01, 1.191573536496e-05, 2.0009e+00, 4.2287e-02, 
 2DIAGNOSTIC,    12, -5.945449054586e-01, 1.995049071127e-06, 2.0393e+00, 3.8342e-02, 
 2DIAGNOSTIC,    13, -5.945435357214e-01, 4.017378731513e-06, 2.0858e+00, 4.6530e-02, 
 2DIAGNOSTIC,    14, -5.945430566759e-01, 1.970548418939e-06, 2.1246e+00, 3.8790e-02, 
 2DIAGNOSTIC,    15, -5.945402778253e-01, 2.896747094180e-06, 2.1631e+00, 3.8512e-02, 
 2DIAGNOSTIC,    16, -5.945402078150e-01, 1.060308288545e-06, 2.1992e+00, 3.6059e-02, 
DIAGNOSTIC,Iteration,metricValue,convergenceValue,ITERATION_TIME_INDEX,SINCE_LAST
 2DIAGNOSTIC,     1, -5.231275185422e-01, 1.797693134862e+308, 3.3307e+00, 1.1316e+00, 
 2DIAGNOSTIC,     2, -5.233777462128e-01, 1.797693134862e+308, 3.6042e+00, 2.7343e-01, 
 2DIAGNOSTIC,     3, -5.236074018790e-01, 1.797693134862e+308, 3.9096e+00, 3.0541e-01, 
 2DIAGNOSTIC,     4, -5.236610972049e-01, 1.797693134862e+308, 4.2127e+00, 3.0313e-01, 
 2DIAGNOSTIC,     5, -5.236799033018e-01, 1.797693134862e+308, 4.5189e+00, 3.0614e-01, 
 2DIAGNOSTIC,     6, -5.236726481427e-01, 1.797693134862e+308, 4.7923e+00, 2.7344e-01, 
 2DIAGNOSTIC,     7, -5.237470730448e-01, 1.797693134862e+308, 5.1126e+00, 3.2031e-01, 
 2DIAGNOSTIC,     8, -5.239187938033e-01, 1.797693134862e+308, 5.4080e+00, 2.9544e-01, 
 2DIAGNOSTIC,     9, -5.243213860263e-01, 1.797693134862e+308, 5.7088e+00, 3.0075e-01, 
 2DIAGNOSTIC,    10, -5.250758245437e-01, 1.675897105824e-04, 6.0700e+00, 3.6120e-01, 
 2DIAGNOSTIC,    11, -5.261733110152e-01, 2.329333221618e-04, 6.3930e+00, 3.2297e-01, 
 2DIAGNOSTIC,    12, -5.267734956978e-01, 3.040685883771e-04, 6.7083e+00, 3.1537e-01, 
 2DIAGNOSTIC,    13, -5.272481646215e-01, 3.664339016619e-04, 7.0674e+00, 3.5904e-01, 
 2DIAGNOSTIC,    14, -5.310640561792e-01, 5.363045372841e-04, 7.4200e+00, 3.5265e-01, 
 2DIAGNOSTIC,    15, -5.327625772180e-01, 6.924505807388e-04, 7.9488e+00, 5.2880e-01, 
 2DIAGNOSTIC,    16, -5.327756912439e-01, 7.653691291703e-04, 8.2154e+00, 2.6656e-01, 
 2DIAGNOSTIC,    17, -5.328138742235e-01, 7.654479413227e-04, 8.5674e+00, 3.5206e-01, 
 2DIAGNOSTIC,    18, -5.328368388830e-01, 7.013889965841e-04, 8.9083e+00, 3.4088e-01, 
 2DIAGNOSTIC,    19, -5.328320023250e-01, 5.886279132958e-04, 9.2203e+00, 3.1193e-01, 
 2DIAGNOSTIC,    20, -5.328289335262e-01, 4.514223710637e-04, 9.5878e+00, 3.6754e-01, 
 2DIAGNOSTIC,    21, -5.328293547685e-01, 3.148347605705e-04, 9.9431e+00, 3.5532e-01, 
 2DIAGNOSTIC,    22, -5.328294640336e-01, 1.776838437752e-04, 1.0286e+01, 3.4285e-01, 
 2DIAGNOSTIC,    23, -5.328285116808e-01, 4.508213451592e-05, 1.0662e+01, 3.7649e-01, 
 2DIAGNOSTIC,    24, -5.328280195735e-01, 3.994189651406e-06, 1.0976e+01, 3.1353e-01, 
 2DIAGNOSTIC,    25, -5.328263677046e-01, 2.489301613430e-06, 1.1244e+01, 2.6754e-01, 
 2DIAGNOSTIC,    26, -5.328259206737e-01, 1.231702610668e-06, 1.1554e+01, 3.1071e-01, 
DIAGNOSTIC,Iteration,metricValue,convergenceValue,ITERATION_TIME_INDEX,SINCE_LAST
 2DIAGNOSTIC,     1, -4.875480227522e-01, 1.797693134862e+308, 1.4398e+01, 2.8438e+00, 
 2DIAGNOSTIC,     2, -4.878691236461e-01, 1.797693134862e+308, 1.6168e+01, 1.7704e+00, 
 2DIAGNOSTIC,     3, -4.881625351565e-01, 1.797693134862e+308, 1.7997e+01, 1.8283e+00, 
 2DIAGNOSTIC,     4, -4.883890108239e-01, 1.797693134862e+308, 1.9902e+01, 1.9048e+00, 
 2DIAGNOSTIC,     5, -4.884860242457e-01, 1.797693134862e+308, 2.2200e+01, 2.2984e+00, 
 2DIAGNOSTIC,     6, -4.884954977460e-01, 1.797693134862e+308, 2.4496e+01, 2.2958e+00, 
 2DIAGNOSTIC,     7, -4.884922418920e-01, 1.797693134862e+308, 2.6639e+01, 2.1434e+00, 
 2DIAGNOSTIC,     8, -4.884926403628e-01, 1.797693134862e+308, 2.8578e+01, 1.9385e+00, 
 2DIAGNOSTIC,     9, -4.884928851543e-01, 1.797693134862e+308, 3.0508e+01, 1.9302e+00, 
 2DIAGNOSTIC,    10, -4.884931832326e-01, 1.062979373922e-04, 3.4242e+01, 3.7340e+00, 
 2DIAGNOSTIC,    11, -4.884931221011e-01, 5.518664891843e-05, 3.6171e+01, 1.9295e+00, 
 2DIAGNOSTIC,    12, -4.884931781100e-01, 2.328686361118e-05, 3.7999e+01, 1.8278e+00, 
 2DIAGNOSTIC,    13, -4.884929487993e-01, 7.327416723588e-06, 3.9938e+01, 1.9386e+00, 
 2DIAGNOSTIC,    14, -4.884930102904e-01, 2.509386119856e-06, 4.1862e+01, 1.9239e+00, 
 2DIAGNOSTIC,    15, -4.884927735072e-01, 2.054906241181e-06, 4.3764e+01, 1.9020e+00, 
 2DIAGNOSTIC,    16, -4.884928505081e-01, 2.014552504759e-06, 4.5746e+01, 1.9820e+00, 
 2DIAGNOSTIC,    17, -4.884927989632e-01, 1.863083474211e-06, 4.7752e+01, 2.0066e+00, 
 2DIAGNOSTIC,    18, -4.884928663309e-01, 1.744218280801e-06, 4.9710e+01, 1.9579e+00, 
 2DIAGNOSTIC,    19, -4.884926935084e-01, 1.641967091841e-06, 5.1454e+01, 1.7436e+00, 
 2DIAGNOSTIC,    20, -4.884927670310e-01, 1.563990534040e-06, 5.3223e+01, 1.7694e+00, 
 2DIAGNOSTIC,    21, -4.884927464572e-01, 1.493492491053e-06, 5.5675e+01, 2.4522e+00, 
 2DIAGNOSTIC,    22, -4.884927598145e-01, 1.433317041034e-06, 5.7579e+01, 1.9035e+00, 
 2DIAGNOSTIC,    23, -4.884926602747e-01, 1.371180149722e-06, 5.9299e+01, 1.7198e+00, 
 2DIAGNOSTIC,    24, -4.884925667143e-01, 1.314869012697e-06, 6.1218e+01, 1.9190e+00, 
 2DIAGNOSTIC,    25, -4.884924679986e-01, 1.256253079167e-06, 6.2990e+01, 1.7725e+00, 
 2DIAGNOSTIC,    26, -4.884924839765e-01, 1.205755961423e-06, 6.4959e+01, 1.9686e+00, 
 2DIAGNOSTIC,    27, -4.884925067722e-01, 1.159941759012e-06, 6.6720e+01, 1.7608e+00, 
 2DIAGNOSTIC,    28, -4.884923289688e-01, 1.116952046708e-06, 6.8632e+01, 1.9127e+00, 
 2DIAGNOSTIC,    29, -4.884923629293e-01, 1.076078773400e-06, 7.0485e+01, 1.8529e+00, 
 2DIAGNOSTIC,    30, -4.884922040149e-01, 1.038225245963e-06, 7.2512e+01, 2.0271e+00, 
 2DIAGNOSTIC,    31, -4.884922858694e-01, 1.006051076183e-06, 7.4312e+01, 1.8000e+00, 
  Elapsed time (stage 0): 7.5426e+01


Total elapsed time: 7.5429e+01
Info [verificarlo]: loaded backend libinterflop_vprec.so
Info [interflop-vprec]: load backend with: 
Info [interflop-vprec]: precision-binary32 = 20
Info [interflop-vprec]: range-binary32 = 8
Info [interflop-vprec]: precision-binary64 = 20
Info [interflop-vprec]: range-binary64 = 8
Info [interflop-vprec]: mode = ob
Info [interflop-vprec]: error-mode = rel
Info [interflop-vprec]: max-abs-error-exponent = -1022
Info [interflop-vprec]: daz = false
Info [interflop-vprec]: ftz = false
Info [interflop-vprec]: 	instrument = none
Info [interflop-vprec]: 	prec-input-file = (null)
Info [interflop-vprec]: 	prec-output-file = (null)
Info [interflop-vprec]: 	prec-log-file = (null)
All_Command_lines_OK
Using double precision for computations.
=============================================================================
The composite transform comprises the following transforms (in order): 
  1. /home/mdugre/scratch/mri-registration-rp/datasets/ds004513/derivatives/mri-registration-rp/0001/antsRegistration-r8-p20/sub-s003/affine_Composite.h5[0] (type = Euler3DTransform)
  2. /home/mdugre/scratch/mri-registration-rp/datasets/ds004513/derivatives/mri-registration-rp/0001/antsRegistration-r8-p20/sub-s003/affine_Composite.h5[1] (type = Euler3DTransform)
