
##########################
# Experiment information #
##########################

EXPERIMENT_NAME: antsRegistration-r8-p7
VFC_BACKENDS: libinterflop_vprec.so --range-binary32=8 --precision-binary32=7 --range-binary64=8 --precision-binary64=7

SIF_IMG: /home/mdugre/projects/rrg-glatard/mdugre/containers/ants-vprec-no_metrics.simg

SUBJECT_ID: s033
INPUT_IMG: /home/mdugre/scratch/mri-registration-rp/datasets/ds004513/derivatives/mri-registration-rp/antsBrainExtraction/sub-s033/BrainExtractionBrain.nii.gz
OUTPUT_DIR: /home/mdugre/scratch/mri-registration-rp/datasets/ds004513/derivatives/mri-registration-rp/0001/antsRegistration-r8-p7/sub-s033

FIXED_IMG: /templateflow/tpl-MNI152NLin2009cAsym/tpl-MNI152NLin2009cAsym_res-01_desc-brain_T1w.nii.gz
DATA_DIR: /home/mdugre/scratch/mri-registration-rp/datasets/ds004513
TEMPLATEFLOW_DIR: /home/mdugre/projects/rrg-glatard/mdugre/templateflow
ITK_GLOBAL_DEFAULT_NUMBER_OF_THREADS: 16
##########################

Info [verificarlo]: loaded backend libinterflop_ieee.so
Info [interflop-ieee]: load backend with:
Info [interflop-ieee]: debug = false
Info [interflop-ieee]: debug-binary = false
Info [interflop-ieee]: no-backend-name = false
Info [interflop-ieee]: print-new-line = false
Info [interflop-ieee]: print-subnormal-normalized = false
Info [interflop-ieee]: count-op = false
All_Command_lines_OK
Using double precision for computations.
=============================================================================
The composite transform comprises the following transforms (in order): 
  1. Center of mass alignment using fixed image: /templateflow/tpl-MNI152NLin2009cAsym/tpl-MNI152NLin2009cAsym_res-01_desc-brain_T1w.nii.gz and moving image: /home/mdugre/scratch/mri-registration-rp/datasets/ds004513/derivatives/mri-registration-rp/antsBrainExtraction/sub-s033/BrainExtractionBrain.nii.gz (type = Euler3DTransform)
=============================================================================
  number of levels = 1
  fixed image: /templateflow/tpl-MNI152NLin2009cAsym/tpl-MNI152NLin2009cAsym_res-01_desc-brain_T1w.nii.gz
  moving image: /home/mdugre/scratch/mri-registration-rp/datasets/ds004513/derivatives/mri-registration-rp/antsBrainExtraction/sub-s033/BrainExtractionBrain.nii.gz
Dimension = 3
Number of stages = 1
Use histogram matching = false
Winsorize image intensities = true
  Lower quantile = 0.005
  Upper quantile = 0.995


Stage 1 State
   Image metric = MattesMI
     Fixed image = Image (0x3a2cbd0)
  RTTI typeinfo:   itk::Image<double, 3u>
  Reference Count: 2
  Modified Time: 2330
  Debug: Off
  Object Name: 
  Observers: 
    none
  Source: (none)
  Source output name: (none)
  Release Data: Off
  Data Released: False
  Global Release Data: Off
  PipelineMTime: 0
  UpdateMTime: 1941
  RealTimeStamp: 0 seconds 
  LargestPossibleRegion: 
    Dimension: 3
    Index: [0, 0, 0]
    Size: [193, 229, 193]
  BufferedRegion: 
    Dimension: 3
    Index: [0, 0, 0]
    Size: [193, 229, 193]
  RequestedRegion: 
    Dimension: 3
    Index: [0, 0, 0]
    Size: [193, 229, 193]
  Spacing: [1, 1, 1]
  Origin: [96, 132, -78]
  Direction: 
-1 0 0
0 -1 0
0 0 1

  IndexToPointMatrix: 
-1 0 0
0 -1 0
0 0 1

  PointToIndexMatrix: 
-1 0 0
0 -1 0
0 0 1

  Inverse Direction: 
-1 0 0
0 -1 0
0 0 1

  PixelContainer: 
    ImportImageContainer (0x3a359e0)
      RTTI typeinfo:   itk::ImportImageContainer<unsigned long, double>
      Reference Count: 1
      Modified Time: 1938
      Debug: Off
      Object Name: 
      Observers: 
        none
      Pointer: 0x1514cd372010
      Container manages memory: true
      Size: 8530021
      Capacity: 8530021

     Moving image = Image (0x3a36910)
  RTTI typeinfo:   itk::Image<double, 3u>
  Reference Count: 2
  Modified Time: 2331
  Debug: Off
  Object Name: 
  Observers: 
    none
  Source: (none)
  Source output name: (none)
  Release Data: Off
  Data Released: False
  Global Release Data: Off
  PipelineMTime: 0
  UpdateMTime: 2328
  RealTimeStamp: 0 seconds 
  LargestPossibleRegion: 
    Dimension: 3
    Index: [0, 0, 0]
    Size: [160, 240, 256]
  BufferedRegion: 
    Dimension: 3
    Index: [0, 0, 0]
    Size: [160, 240, 256]
  RequestedRegion: 
    Dimension: 3
    Index: [0, 0, 0]
    Size: [160, 240, 256]
  Spacing: [1, 1, 1]
  Origin: [91.5134, 94.282, -109.927]
  Direction: 
-0.99591 -0.0698718 -0.0572835
0.0697565 -0.997556 0.00401236
-0.0574239 5.01125e-08 0.99835

  IndexToPointMatrix: 
-0.99591 -0.0698718 -0.0572835
0.0697565 -0.997556 0.00401236
-0.0574239 5.01125e-08 0.99835

  PointToIndexMatrix: 
-0.99591 0.0697565 -0.0574239
-0.0698718 -0.997556 5.01483e-08
-0.0572835 0.00401236 0.99835

  Inverse Direction: 
-0.99591 0.0697565 -0.0574239
-0.0698718 -0.997556 5.01483e-08
-0.0572835 0.00401236 0.99835

  PixelContainer: 
    ImportImageContainer (0x3b1ca50)
      RTTI typeinfo:   itk::ImportImageContainer<unsigned long, double>
      Reference Count: 1
      Modified Time: 2325
      Debug: Off
      Object Name: 
      Observers: 
        none
      Pointer: 0x1514c8871010
      Container manages memory: true
      Size: 9830400
      Capacity: 9830400

     Weighting = 1
     Sampling strategy = regular
     Number of bins = 32
     Radius = 4
     Sampling percentage  = 0.25
   Transform = Rigid
     Gradient step = 0.1
     Update field sigma (voxel space) = 0
     Total field sigma (voxel space) = 0
     Update field time sigma = 0
     Total field time sigma  = 0
     Number of time indices = 0
     Number of time point samples = 0
Registration using 1 total stages.

Stage 0
  iterations = 0
  convergence threshold = 1e-06
  convergence window size = 10
  number of levels = 1
  using the Mattes MI metric (number of bins = 32, weight = 1, use gradient filter = 0)
  preprocessing:  winsorizing the image intensities
  Shrink factors (level 1 out of 1): [1, 1, 1]
  smoothing sigmas per level: [0]
  regular sampling (percentage = 0.25)

*** Running Euler3DTransform registration ***

  Elapsed time (stage 0): 1.11701


Total elapsed time: 1.11973
Info [verificarlo]: loaded backend libinterflop_ieee.so
Info [interflop-ieee]: load backend with:
Info [interflop-ieee]: debug = false
Info [interflop-ieee]: debug-binary = false
Info [interflop-ieee]: no-backend-name = false
Info [interflop-ieee]: print-new-line = false
Info [interflop-ieee]: print-subnormal-normalized = false
Info [interflop-ieee]: count-op = false
All_Command_lines_OK
Using double precision for computations.
=============================================================================
The composite transform comprises the following transforms (in order): 
  1. /home/mdugre/scratch/mri-registration-rp/datasets/ds004513/derivatives/mri-registration-rp/0001/antsRegistration-r8-p7/sub-s033/align_Composite.h5[0] (type = Euler3DTransform)
  2. /home/mdugre/scratch/mri-registration-rp/datasets/ds004513/derivatives/mri-registration-rp/0001/antsRegistration-r8-p7/sub-s033/align_Composite.h5[1] (type = Euler3DTransform)
=============================================================================
  number of levels = 4
  fixed image: /templateflow/tpl-MNI152NLin2009cAsym/tpl-MNI152NLin2009cAsym_res-01_desc-brain_T1w.nii.gz
  moving image: /home/mdugre/scratch/mri-registration-rp/datasets/ds004513/derivatives/mri-registration-rp/antsBrainExtraction/sub-s033/BrainExtractionBrain.nii.gz
Dimension = 3
Number of stages = 1
Use histogram matching = false
Winsorize image intensities = true
  Lower quantile = 0.005
  Upper quantile = 0.995


Stage 1 State
   Image metric = MattesMI
     Fixed image = Image (0x4828530)
  RTTI typeinfo:   itk::Image<double, 3u>
  Reference Count: 2
  Modified Time: 1578
  Debug: Off
  Object Name: 
  Observers: 
    none
  Source: (none)
  Source output name: (none)
  Release Data: Off
  Data Released: False
  Global Release Data: Off
  PipelineMTime: 0
  UpdateMTime: 1189
  RealTimeStamp: 0 seconds 
  LargestPossibleRegion: 
    Dimension: 3
    Index: [0, 0, 0]
    Size: [193, 229, 193]
  BufferedRegion: 
    Dimension: 3
    Index: [0, 0, 0]
    Size: [193, 229, 193]
  RequestedRegion: 
    Dimension: 3
    Index: [0, 0, 0]
    Size: [193, 229, 193]
  Spacing: [1, 1, 1]
  Origin: [96, 132, -78]
  Direction: 
-1 0 0
0 -1 0
0 0 1

  IndexToPointMatrix: 
-1 0 0
0 -1 0
0 0 1

  PointToIndexMatrix: 
-1 0 0
0 -1 0
0 0 1

  Inverse Direction: 
-1 0 0
0 -1 0
0 0 1

  PixelContainer: 
    ImportImageContainer (0x48e6d60)
      RTTI typeinfo:   itk::ImportImageContainer<unsigned long, double>
      Reference Count: 1
      Modified Time: 1186
      Debug: Off
      Object Name: 
      Observers: 
        none
      Pointer: 0x148194e67010
      Container manages memory: true
      Size: 8530021
      Capacity: 8530021

     Moving image = Image (0x48d8f60)
  RTTI typeinfo:   itk::Image<double, 3u>
  Reference Count: 2
  Modified Time: 1579
  Debug: Off
  Object Name: 
  Observers: 
    none
  Source: (none)
  Source output name: (none)
  Release Data: Off
  Data Released: False
  Global Release Data: Off
  PipelineMTime: 0
  UpdateMTime: 1576
  RealTimeStamp: 0 seconds 
  LargestPossibleRegion: 
    Dimension: 3
    Index: [0, 0, 0]
    Size: [160, 240, 256]
  BufferedRegion: 
    Dimension: 3
    Index: [0, 0, 0]
    Size: [160, 240, 256]
  RequestedRegion: 
    Dimension: 3
    Index: [0, 0, 0]
    Size: [160, 240, 256]
  Spacing: [1, 1, 1]
  Origin: [91.5134, 94.282, -109.927]
  Direction: 
-0.99591 -0.0698718 -0.0572835
0.0697565 -0.997556 0.00401236
-0.0574239 5.01125e-08 0.99835

  IndexToPointMatrix: 
-0.99591 -0.0698718 -0.0572835
0.0697565 -0.997556 0.00401236
-0.0574239 5.01125e-08 0.99835

  PointToIndexMatrix: 
-0.99591 0.0697565 -0.0574239
-0.0698718 -0.997556 5.01483e-08
-0.0572835 0.00401236 0.99835

  Inverse Direction: 
-0.99591 0.0697565 -0.0574239
-0.0698718 -0.997556 5.01483e-08
-0.0572835 0.00401236 0.99835

  PixelContainer: 
    ImportImageContainer (0x48ca6d0)
      RTTI typeinfo:   itk::ImportImageContainer<unsigned long, double>
      Reference Count: 1
      Modified Time: 1573
      Debug: Off
      Object Name: 
      Observers: 
        none
      Pointer: 0x148190366010
      Container manages memory: true
      Size: 9830400
      Capacity: 9830400

     Weighting = 1
     Sampling strategy = regular
     Number of bins = 32
     Radius = 4
     Sampling percentage  = 0.25
   Transform = Rigid
     Gradient step = 0.1
     Update field sigma (voxel space) = 0
     Total field sigma (voxel space) = 0
     Update field time sigma = 0
     Total field time sigma  = 0
     Number of time indices = 0
     Number of time point samples = 0
Registration using 1 total stages.

Stage 0
  iterations = 1000x500x250x100
  convergence threshold = 1e-06
  convergence window size = 10
  number of levels = 4
  using the Mattes MI metric (number of bins = 32, weight = 1, use gradient filter = 0)
  preprocessing:  winsorizing the image intensities
  Shrink factors (level 1 out of 4): [8, 8, 8]
  Shrink factors (level 2 out of 4): [4, 4, 4]
  Shrink factors (level 3 out of 4): [2, 2, 2]
  Shrink factors (level 4 out of 4): [1, 1, 1]
  smoothing sigmas per level: [3, 2, 1, 0]
  regular sampling (percentage = 0.25)

*** Running Euler3DTransform registration ***

DIAGNOSTIC,Iteration,metricValue,convergenceValue,ITERATION_TIME_INDEX,SINCE_LAST
 2DIAGNOSTIC,     1, -4.945365495269e-01, 1.797693134862e+308, 7.1183e-01, 7.1183e-01, 
 2DIAGNOSTIC,     2, -4.961551199262e-01, 1.797693134862e+308, 7.1637e-01, 4.5421e-03, 
 2DIAGNOSTIC,     3, -4.991207097076e-01, 1.797693134862e+308, 7.2083e-01, 4.4630e-03, 
 2DIAGNOSTIC,     4, -5.030359852117e-01, 1.797693134862e+308, 7.2515e-01, 4.3120e-03, 
 2DIAGNOSTIC,     5, -5.059125054655e-01, 1.797693134862e+308, 7.2942e-01, 4.2739e-03, 
 2DIAGNOSTIC,     6, -5.092815596254e-01, 1.797693134862e+308, 7.3417e-01, 4.7462e-03, 
 2DIAGNOSTIC,     7, -5.205915484568e-01, 1.797693134862e+308, 7.3929e-01, 5.1239e-03, 
 2DIAGNOSTIC,     8, -5.236677933913e-01, 1.797693134862e+308, 7.4385e-01, 4.5590e-03, 
 2DIAGNOSTIC,     9, -5.261653611514e-01, 1.797693134862e+308, 7.4872e-01, 4.8740e-03, 
 2DIAGNOSTIC,    10, -5.313843279548e-01, 4.956236851461e-03, 7.5427e-01, 5.5511e-03, 
 2DIAGNOSTIC,    11, -5.461121550605e-01, 5.255951709880e-03, 7.6024e-01, 5.9681e-03, 
 2DIAGNOSTIC,    12, -5.563506773262e-01, 5.544499219517e-03, 7.6538e-01, 5.1429e-03, 
 2DIAGNOSTIC,    13, -6.011783753063e-01, 7.240286203878e-03, 7.7120e-01, 5.8119e-03, 
 2DIAGNOSTIC,    14, -6.166052824990e-01, 8.701253898981e-03, 7.7585e-01, 4.6539e-03, 
 2DIAGNOSTIC,    15, -6.211428291725e-01, 9.416357351132e-03, 7.8059e-01, 4.7350e-03, 
 2DIAGNOSTIC,    16, -6.235432153582e-01, 9.368281941883e-03, 7.8622e-01, 5.6369e-03, 
 2DIAGNOSTIC,    17, -6.347577468177e-01, 9.145335053006e-03, 7.9293e-01, 6.7089e-03, 
 2DIAGNOSTIC,    18, -6.413138479132e-01, 8.359392979334e-03, 7.9820e-01, 5.2650e-03, 
 2DIAGNOSTIC,    19, -6.420802732081e-01, 6.980623528453e-03, 8.0397e-01, 5.7731e-03, 
 2DIAGNOSTIC,    20, -6.425493389238e-01, 5.272872686886e-03, 8.0861e-01, 4.6370e-03, 
 2DIAGNOSTIC,    21, -6.431795010721e-01, 3.641466758996e-03, 8.1385e-01, 5.2450e-03, 
 2DIAGNOSTIC,    22, -6.434078415019e-01, 2.049114055787e-03, 8.1826e-01, 4.4110e-03, 
 2DIAGNOSTIC,    23, -6.435083897213e-01, 1.381096943008e-03, 8.2322e-01, 4.9610e-03, 
 2DIAGNOSTIC,    24, -6.436807780051e-01, 9.688116901618e-04, 8.2895e-01, 5.7309e-03, 
 2DIAGNOSTIC,    25, -6.439989502327e-01, 6.014655954676e-04, 8.3523e-01, 6.2809e-03, 
 2DIAGNOSTIC,    26, -6.448361630608e-01, 2.655199993747e-04, 8.4075e-01, 5.5158e-03, 
 2DIAGNOSTIC,    27, -6.460796023900e-01, 1.536867655662e-04, 8.4591e-01, 5.1610e-03, 
 2DIAGNOSTIC,    28, -6.463976186881e-01, 1.550354386938e-04, 8.5049e-01, 4.5800e-03, 
 2DIAGNOSTIC,    29, -6.463935452667e-01, 1.547432241130e-04, 8.5491e-01, 4.4138e-03, 
 2DIAGNOSTIC,    30, -6.464392295243e-01, 1.482977737641e-04, 8.5988e-01, 4.9732e-03, 
 2DIAGNOSTIC,    31, -6.463723507373e-01, 1.368669863953e-04, 8.6428e-01, 4.4060e-03, 
 2DIAGNOSTIC,    32, -6.464254420203e-01, 1.173263508601e-04, 8.6974e-01, 5.4579e-03, 
 2DIAGNOSTIC,    33, -6.464354983345e-01, 8.969303424031e-05, 8.8382e-01, 1.4079e-02, 
 2DIAGNOSTIC,    34, -6.464354983016e-01, 5.811463536005e-05, 8.9781e-01, 1.3986e-02, 
 2DIAGNOSTIC,    35, -6.464354983016e-01, 2.735358023345e-05, 9.0273e-01, 4.9250e-03, 
 2DIAGNOSTIC,    36, -6.464354983016e-01, 6.562006055429e-06, 9.0812e-01, 5.3861e-03, 
 2DIAGNOSTIC,    37, -6.464354983016e-01, 2.244515205994e-06, 9.1296e-01, 4.8389e-03, 
 2DIAGNOSTIC,    38, -6.464354983016e-01, 1.990758812912e-06, 9.1787e-01, 4.9140e-03, 
 2DIAGNOSTIC,    39, -6.464354983016e-01, 1.582333591106e-06, 9.2381e-01, 5.9340e-03, 
 2DIAGNOSTIC,    40, -6.464354983016e-01, 1.698167618348e-06, 9.2924e-01, 5.4309e-03, 
DIAGNOSTIC,Iteration,metricValue,convergenceValue,ITERATION_TIME_INDEX,SINCE_LAST
 2DIAGNOSTIC,     1, -5.367244468059e-01, 1.797693134862e+308, 1.6782e+00, 7.4901e-01, 
 2DIAGNOSTIC,     2, -5.380313854366e-01, 1.797693134862e+308, 1.7105e+00, 3.2230e-02, 
 2DIAGNOSTIC,     3, -5.401731931064e-01, 1.797693134862e+308, 1.7411e+00, 3.0591e-02, 
 2DIAGNOSTIC,     4, -5.431881361078e-01, 1.797693134862e+308, 1.7697e+00, 2.8678e-02, 
 2DIAGNOSTIC,     5, -5.453557607619e-01, 1.797693134862e+308, 1.7980e+00, 2.8292e-02, 
 2DIAGNOSTIC,     6, -5.461088570923e-01, 1.797693134862e+308, 1.8264e+00, 2.8400e-02, 
 2DIAGNOSTIC,     7, -5.462086686555e-01, 1.797693134862e+308, 1.8580e+00, 3.1608e-02, 
 2DIAGNOSTIC,     8, -5.464869273385e-01, 1.797693134862e+308, 1.8956e+00, 3.7581e-02, 
 2DIAGNOSTIC,     9, -5.465850821430e-01, 1.797693134862e+308, 1.9358e+00, 4.0182e-02, 
 2DIAGNOSTIC,    10, -5.466464852159e-01, 1.224741054523e-03, 1.9643e+00, 2.8494e-02, 
 2DIAGNOSTIC,    11, -5.470487717176e-01, 8.391098479125e-04, 1.9980e+00, 3.3660e-02, 
 2DIAGNOSTIC,    12, -5.471506824118e-01, 5.042747046734e-04, 2.0350e+00, 3.7046e-02, 
 2DIAGNOSTIC,    13, -5.471747719591e-01, 2.608961757929e-04, 2.0788e+00, 4.3765e-02, 
 2DIAGNOSTIC,    14, -5.471893673247e-01, 1.401591650909e-04, 2.1130e+00, 3.4215e-02, 
 2DIAGNOSTIC,    15, -5.471839951010e-01, 9.761635781583e-05, 2.1463e+00, 3.3266e-02, 
 2DIAGNOSTIC,    16, -5.471599225232e-01, 7.527596856864e-05, 2.1778e+00, 3.1514e-02, 
 2DIAGNOSTIC,    17, -5.471662417139e-01, 5.183168032557e-05, 2.2074e+00, 2.9671e-02, 
 2DIAGNOSTIC,    18, -5.471747024623e-01, 3.478186866779e-05, 2.2400e+00, 3.2577e-02, 
 2DIAGNOSTIC,    19, -5.471813447316e-01, 1.945622449978e-05, 2.2751e+00, 3.5112e-02, 
 2DIAGNOSTIC,    20, -5.471662909915e-01, 4.969789655730e-06, 2.3063e+00, 3.1159e-02, 
 2DIAGNOSTIC,    21, -5.471844154104e-01, 1.951252757537e-06, 2.3404e+00, 3.4095e-02, 
 2DIAGNOSTIC,    22, -5.471946850960e-01, 1.794823909718e-06, 2.3703e+00, 2.9910e-02, 
 2DIAGNOSTIC,    23, -5.472309773198e-01, 2.955887416868e-06, 2.4007e+00, 3.0425e-02, 
 2DIAGNOSTIC,    24, -5.472460343326e-01, 4.500345016679e-06, 2.4342e+00, 3.3461e-02, 
 2DIAGNOSTIC,    25, -5.473225340267e-01, 7.130564116387e-06, 2.4625e+00, 2.8362e-02, 
 2DIAGNOSTIC,    26, -5.474469317747e-01, 1.098291334883e-05, 2.4918e+00, 2.9272e-02, 
 2DIAGNOSTIC,    27, -5.481013378414e-01, 2.630866583753e-05, 2.5248e+00, 3.3023e-02, 
 2DIAGNOSTIC,    28, -5.480678947897e-01, 3.738997152541e-05, 2.5691e+00, 4.4249e-02, 
 2DIAGNOSTIC,    29, -5.482084715836e-01, 4.712043951104e-05, 2.6071e+00, 3.8029e-02, 
 2DIAGNOSTIC,    30, -5.482082517187e-01, 5.166418236189e-05, 2.6398e+00, 3.2668e-02, 
 2DIAGNOSTIC,    31, -5.482014614139e-01, 5.125924261909e-05, 2.6714e+00, 3.1573e-02, 
 2DIAGNOSTIC,    32, -5.481815955634e-01, 4.582632616523e-05, 2.6992e+00, 2.7846e-02, 
 2DIAGNOSTIC,    33, -5.481718255759e-01, 3.689943932996e-05, 2.7275e+00, 2.8330e-02, 
 2DIAGNOSTIC,    34, -5.481825624713e-01, 2.560031393266e-05, 2.7564e+00, 2.8858e-02, 
 2DIAGNOSTIC,    35, -5.481838556047e-01, 1.379951315992e-05, 2.7843e+00, 2.7927e-02, 
 2DIAGNOSTIC,    36, -5.481854579152e-01, 3.009166806442e-06, 2.8121e+00, 2.7776e-02, 
 2DIAGNOSTIC,    37, -5.482631349757e-01, 2.936472404944e-06, 2.8469e+00, 3.4768e-02, 
 2DIAGNOSTIC,    38, -5.482856021261e-01, 2.436037077485e-06, 2.8802e+00, 3.3361e-02, 
 2DIAGNOSTIC,    39, -5.482706798074e-01, 3.481441195965e-06, 2.9146e+00, 3.4410e-02, 
 2DIAGNOSTIC,    40, -5.481987610952e-01, 3.304803055333e-06, 2.9477e+00, 3.3040e-02, 
 2DIAGNOSTIC,    41, -5.482803415814e-01, 3.878136891022e-06, 2.9803e+00, 3.2602e-02, 
 2DIAGNOSTIC,    42, -5.481857012878e-01, 2.656259463940e-06, 3.0148e+00, 3.4483e-02, 
 2DIAGNOSTIC,    43, -5.482756747037e-01, 2.299442119928e-06, 3.0521e+00, 3.7321e-02, 
 2DIAGNOSTIC,    44, -5.483025176822e-01, 2.245707352584e-06, 3.0835e+00, 3.1475e-02, 
 2DIAGNOSTIC,    45, -5.482811778236e-01, 1.828855360819e-06, 3.1158e+00, 3.2218e-02, 
 2DIAGNOSTIC,    46, -5.482645578557e-01, 1.147133429181e-06, 3.1486e+00, 3.2822e-02, 
 2DIAGNOSTIC,    47, -5.482548594093e-01, 1.198391941792e-06, 3.2369e+00, 8.8360e-02, 
 2DIAGNOSTIC,    48, -5.482548594081e-01, 1.434012064601e-06, 3.3189e+00, 8.1923e-02, 
 2DIAGNOSTIC,    49, -5.482548594081e-01, 1.432285270456e-06, 3.3502e+00, 3.1295e-02, 
DIAGNOSTIC,Iteration,metricValue,convergenceValue,ITERATION_TIME_INDEX,SINCE_LAST
 2DIAGNOSTIC,     1, -4.661874015015e-01, 1.797693134862e+308, 4.4086e+00, 1.0584e+00, 
 2DIAGNOSTIC,     2, -4.663634454117e-01, 1.797693134862e+308, 4.6678e+00, 2.5927e-01, 
 2DIAGNOSTIC,     3, -4.665065301588e-01, 1.797693134862e+308, 4.9147e+00, 2.4683e-01, 
 2DIAGNOSTIC,     4, -4.666272973389e-01, 1.797693134862e+308, 5.1773e+00, 2.6266e-01, 
 2DIAGNOSTIC,     5, -4.667166919166e-01, 1.797693134862e+308, 5.4066e+00, 2.2925e-01, 
 2DIAGNOSTIC,     6, -4.668667309555e-01, 1.797693134862e+308, 5.6427e+00, 2.3615e-01, 
 2DIAGNOSTIC,     7, -4.669697686333e-01, 1.797693134862e+308, 5.9056e+00, 2.6284e-01, 
 2DIAGNOSTIC,     8, -4.670258264881e-01, 1.797693134862e+308, 6.2280e+00, 3.2244e-01, 
 2DIAGNOSTIC,     9, -4.670791358729e-01, 1.797693134862e+308, 6.4535e+00, 2.2548e-01, 
 2DIAGNOSTIC,    10, -4.671177550792e-01, 1.313499415101e-04, 6.6915e+00, 2.3799e-01, 
 2DIAGNOSTIC,    11, -4.671984819810e-01, 1.051585467496e-04, 6.9141e+00, 2.2258e-01, 
 2DIAGNOSTIC,    12, -4.674360396178e-01, 9.490939461010e-05, 7.2563e+00, 3.4229e-01, 
 2DIAGNOSTIC,    13, -4.675172270379e-01, 8.809814521647e-05, 7.4686e+00, 2.1226e-01, 
 2DIAGNOSTIC,    14, -4.675733030165e-01, 8.223656399711e-05, 7.8702e+00, 4.0159e-01, 
 2DIAGNOSTIC,    15, -4.675740545742e-01, 7.351341044372e-05, 8.2200e+00, 3.4977e-01, 
 2DIAGNOSTIC,    16, -4.675766562836e-01, 6.507174673494e-05, 8.4884e+00, 2.6846e-01, 
 2DIAGNOSTIC,    17, -4.675763216840e-01, 5.534682760142e-05, 8.8575e+00, 3.6907e-01, 
 2DIAGNOSTIC,    18, -4.675763896035e-01, 4.358799792829e-05, 9.1096e+00, 2.5208e-01, 
 2DIAGNOSTIC,    19, -4.675754733136e-01, 3.095177508960e-05, 9.3337e+00, 2.2409e-01, 
 2DIAGNOSTIC,    20, -4.675745866295e-01, 1.805846904010e-05, 9.5878e+00, 2.5415e-01, 
 2DIAGNOSTIC,    21, -4.675746331323e-01, 7.056982123978e-06, 9.8259e+00, 2.3804e-01, 
 2DIAGNOSTIC,    22, -4.675737506773e-01, 3.037702968882e-06, 1.0054e+01, 2.2788e-01, 
 2DIAGNOSTIC,    23, -4.675729190610e-01, 1.304001274176e-06, 1.0305e+01, 2.5109e-01, 
 2DIAGNOSTIC,    24, -4.675730300603e-01, 1.147489416001e-06, 1.0567e+01, 2.6225e-01, 
 2DIAGNOSTIC,    25, -4.675721668869e-01, 1.015483767700e-06, 1.0825e+01, 2.5780e-01, 
DIAGNOSTIC,Iteration,metricValue,convergenceValue,ITERATION_TIME_INDEX,SINCE_LAST
 2DIAGNOSTIC,     1, -4.258656109628e-01, 1.797693134862e+308, 1.3445e+01, 2.6201e+00, 
 2DIAGNOSTIC,     2, -4.259686959123e-01, 1.797693134862e+308, 1.4855e+01, 1.4098e+00, 
 2DIAGNOSTIC,     3, -4.260097580110e-01, 1.797693134862e+308, 1.6849e+01, 1.9946e+00, 
 2DIAGNOSTIC,     4, -4.260079788488e-01, 1.797693134862e+308, 1.8392e+01, 1.5429e+00, 
 2DIAGNOSTIC,     5, -4.260068798298e-01, 1.797693134862e+308, 2.1428e+01, 3.0360e+00, 
 2DIAGNOSTIC,     6, -4.260068915249e-01, 1.797693134862e+308, 2.2901e+01, 1.4722e+00, 
 2DIAGNOSTIC,     7, -4.260067049542e-01, 1.797693134862e+308, 2.4388e+01, 1.4870e+00, 
 2DIAGNOSTIC,     8, -4.260065219233e-01, 1.797693134862e+308, 2.5896e+01, 1.5089e+00, 
 2DIAGNOSTIC,     9, -4.260065347711e-01, 1.797693134862e+308, 2.7367e+01, 1.4704e+00, 
 2DIAGNOSTIC,    10, -4.260063526406e-01, 1.458511421484e-05, 2.8860e+01, 1.4927e+00, 
 2DIAGNOSTIC,    11, -4.260063732857e-01, 4.923207963539e-06, 3.0526e+01, 1.6664e+00, 
 2DIAGNOSTIC,    12, -4.260060915149e-01, 2.337571080480e-06, 3.2386e+01, 1.8604e+00, 
 2DIAGNOSTIC,    13, -4.260062030913e-01, 2.293512660637e-06, 3.4008e+01, 1.6218e+00, 
 2DIAGNOSTIC,    14, -4.260061073113e-01, 2.181459868855e-06, 3.5578e+01, 1.5702e+00, 
 2DIAGNOSTIC,    15, -4.260060144040e-01, 2.039478413138e-06, 3.6981e+01, 1.4022e+00, 
 2DIAGNOSTIC,    16, -4.260059277161e-01, 1.919904634551e-06, 3.8475e+01, 1.4941e+00, 
 2DIAGNOSTIC,    17, -4.260060543742e-01, 1.818586215820e-06, 4.0016e+01, 1.5413e+00, 
 2DIAGNOSTIC,    18, -4.260061732370e-01, 1.730680242180e-06, 4.1520e+01, 1.5037e+00, 
 2DIAGNOSTIC,    19, -4.260061882360e-01, 1.656364602226e-06, 4.2901e+01, 1.3815e+00, 
 2DIAGNOSTIC,    20, -4.260059076899e-01, 1.575813360383e-06, 4.4373e+01, 1.4722e+00, 
 2DIAGNOSTIC,    21, -4.260056156571e-01, 1.496297474389e-06, 4.5914e+01, 1.5408e+00, 
 2DIAGNOSTIC,    22, -4.260055275711e-01, 1.414432397963e-06, 4.7424e+01, 1.5099e+00, 
 2DIAGNOSTIC,    23, -4.260053374077e-01, 1.340124840939e-06, 4.8737e+01, 1.3128e+00, 
 2DIAGNOSTIC,    24, -4.260053603073e-01, 1.274110364428e-06, 5.0045e+01, 1.3081e+00, 
 2DIAGNOSTIC,    25, -4.260055991658e-01, 1.222287186166e-06, 5.1580e+01, 1.5351e+00, 
 2DIAGNOSTIC,    26, -4.260055177853e-01, 1.174716725574e-06, 5.3100e+01, 1.5195e+00, 
 2DIAGNOSTIC,    27, -4.260054357634e-01, 1.136392358193e-06, 5.4609e+01, 1.5091e+00, 
 2DIAGNOSTIC,    28, -4.260054497366e-01, 1.107913487446e-06, 5.6228e+01, 1.6193e+00, 
 2DIAGNOSTIC,    29, -4.260053556629e-01, 1.082235561632e-06, 5.7775e+01, 1.5468e+00, 
 2DIAGNOSTIC,    30, -4.260050611432e-01, 1.046911263916e-06, 5.9276e+01, 1.5010e+00, 
 2DIAGNOSTIC,    31, -4.260052785567e-01, 1.013723016932e-06, 6.0928e+01, 1.6518e+00, 
  Elapsed time (stage 0): 6.1725e+01


Total elapsed time: 6.1727e+01
Info [verificarlo]: loaded backend libinterflop_ieee.so
Info [interflop-ieee]: load backend with:
Info [interflop-ieee]: debug = false
Info [interflop-ieee]: debug-binary = false
Info [interflop-ieee]: no-backend-name = false
Info [interflop-ieee]: print-new-line = false
Info [interflop-ieee]: print-subnormal-normalized = false
Info [interflop-ieee]: count-op = false
All_Command_lines_OK
Using double precision for computations.
=============================================================================
The composite transform comprises the following transforms (in order): 
  1. /home/mdugre/scratch/mri-registration-rp/datasets/ds004513/derivatives/mri-registration-rp/0001/antsRegistration-r8-p7/sub-s033/rigid_Composite.h5[0] (type = Euler3DTransform)
  2. /home/mdugre/scratch/mri-registration-rp/datasets/ds004513/derivatives/mri-registration-rp/0001/antsRegistration-r8-p7/sub-s033/rigid_Composite.h5[1] (type = Euler3DTransform)
  3. /home/mdugre/scratch/mri-registration-rp/datasets/ds004513/derivatives/mri-registration-rp/0001/antsRegistration-r8-p7/sub-s033/rigid_Composite.h5[2] (type = Euler3DTransform)
=============================================================================
  number of levels = 4
  fixed image: /templateflow/tpl-MNI152NLin2009cAsym/tpl-MNI152NLin2009cAsym_res-01_desc-brain_T1w.nii.gz
  moving image: /home/mdugre/scratch/mri-registration-rp/datasets/ds004513/derivatives/mri-registration-rp/antsBrainExtraction/sub-s033/BrainExtractionBrain.nii.gz
Dimension = 3
Number of stages = 1
Use histogram matching = false
Winsorize image intensities = true
  Lower quantile = 0.005
  Upper quantile = 0.995


Stage 1 State
   Image metric = MattesMI
     Fixed image = Image (0x50ea530)
  RTTI typeinfo:   itk::Image<double, 3u>
  Reference Count: 2
  Modified Time: 1592
  Debug: Off
  Object Name: 
  Observers: 
    none
  Source: (none)
  Source output name: (none)
  Release Data: Off
  Data Released: False
  Global Release Data: Off
  PipelineMTime: 0
  UpdateMTime: 1203
  RealTimeStamp: 0 seconds 
  LargestPossibleRegion: 
    Dimension: 3
    Index: [0, 0, 0]
    Size: [193, 229, 193]
  BufferedRegion: 
    Dimension: 3
    Index: [0, 0, 0]
    Size: [193, 229, 193]
  RequestedRegion: 
    Dimension: 3
    Index: [0, 0, 0]
    Size: [193, 229, 193]
  Spacing: [1, 1, 1]
  Origin: [96, 132, -78]
  Direction: 
-1 0 0
0 -1 0
0 0 1

  IndexToPointMatrix: 
-1 0 0
0 -1 0
0 0 1

  PointToIndexMatrix: 
-1 0 0
0 -1 0
0 0 1

  Inverse Direction: 
-1 0 0
0 -1 0
0 0 1

  PixelContainer: 
    ImportImageContainer (0x51a32a0)
      RTTI typeinfo:   itk::ImportImageContainer<unsigned long, double>
      Reference Count: 1
      Modified Time: 1200
      Debug: Off
      Object Name: 
      Observers: 
        none
      Pointer: 0x153cd0dc4010
      Container manages memory: true
      Size: 8530021
      Capacity: 8530021

     Moving image = Image (0x51a5e60)
  RTTI typeinfo:   itk::Image<double, 3u>
  Reference Count: 2
  Modified Time: 1593
  Debug: Off
  Object Name: 
  Observers: 
    none
  Source: (none)
  Source output name: (none)
  Release Data: Off
  Data Released: False
  Global Release Data: Off
  PipelineMTime: 0
  UpdateMTime: 1590
  RealTimeStamp: 0 seconds 
  LargestPossibleRegion: 
    Dimension: 3
    Index: [0, 0, 0]
    Size: [160, 240, 256]
  BufferedRegion: 
    Dimension: 3
    Index: [0, 0, 0]
    Size: [160, 240, 256]
  RequestedRegion: 
    Dimension: 3
    Index: [0, 0, 0]
    Size: [160, 240, 256]
  Spacing: [1, 1, 1]
  Origin: [91.5134, 94.282, -109.927]
  Direction: 
-0.99591 -0.0698718 -0.0572835
0.0697565 -0.997556 0.00401236
-0.0574239 5.01125e-08 0.99835

  IndexToPointMatrix: 
-0.99591 -0.0698718 -0.0572835
0.0697565 -0.997556 0.00401236
-0.0574239 5.01125e-08 0.99835

  PointToIndexMatrix: 
-0.99591 0.0697565 -0.0574239
-0.0698718 -0.997556 5.01483e-08
-0.0572835 0.00401236 0.99835

  Inverse Direction: 
-0.99591 0.0697565 -0.0574239
-0.0698718 -0.997556 5.01483e-08
-0.0572835 0.00401236 0.99835

  PixelContainer: 
    ImportImageContainer (0x51d9390)
      RTTI typeinfo:   itk::ImportImageContainer<unsigned long, double>
      Reference Count: 1
      Modified Time: 1587
      Debug: Off
      Object Name: 
      Observers: 
        none
      Pointer: 0x153ccc2c3010
      Container manages memory: true
      Size: 9830400
      Capacity: 9830400

     Weighting = 1
     Sampling strategy = regular
     Number of bins = 32
     Radius = 4
     Sampling percentage  = 0.25
   Transform = Affine
     Gradient step = 0.1
     Update field sigma (voxel space) = 0
     Total field sigma (voxel space) = 0
     Update field time sigma = 0
     Total field time sigma  = 0
     Number of time indices = 0
     Number of time point samples = 0
Registration using 1 total stages.

Stage 0
  iterations = 1000x500x250x100
  convergence threshold = 1e-06
  convergence window size = 10
  number of levels = 4
  using the Mattes MI metric (number of bins = 32, weight = 1, use gradient filter = 0)
  preprocessing:  winsorizing the image intensities
  Shrink factors (level 1 out of 4): [8, 8, 8]
  Shrink factors (level 2 out of 4): [4, 4, 4]
  Shrink factors (level 3 out of 4): [2, 2, 2]
  Shrink factors (level 4 out of 4): [1, 1, 1]
  smoothing sigmas per level: [3, 2, 1, 0]
  regular sampling (percentage = 0.25)

*** Running AffineTransform registration ***

DIAGNOSTIC,Iteration,metricValue,convergenceValue,ITERATION_TIME_INDEX,SINCE_LAST
 2DIAGNOSTIC,     1, -6.382783211849e-01, 1.797693134862e+308, 7.3357e-01, 7.3357e-01, 
 2DIAGNOSTIC,     2, -6.407436061581e-01, 1.797693134862e+308, 7.3881e-01, 5.2471e-03, 
 2DIAGNOSTIC,     3, -6.451539169945e-01, 1.797693134862e+308, 7.4363e-01, 4.8161e-03, 
 2DIAGNOSTIC,     4, -6.521803407232e-01, 1.797693134862e+308, 7.4839e-01, 4.7610e-03, 
 2DIAGNOSTIC,     5, -6.630835767065e-01, 1.797693134862e+308, 7.5313e-01, 4.7400e-03, 
 2DIAGNOSTIC,     6, -6.815460568169e-01, 1.797693134862e+308, 7.5798e-01, 4.8509e-03, 
 2DIAGNOSTIC,     7, -7.249569021452e-01, 1.797693134862e+308, 7.6365e-01, 5.6660e-03, 
 2DIAGNOSTIC,     8, -8.401159707785e-01, 1.797693134862e+308, 7.6871e-01, 5.0602e-03, 
 2DIAGNOSTIC,     9, -8.674739710736e-01, 1.797693134862e+308, 7.7725e-01, 8.5399e-03, 
 2DIAGNOSTIC,    10, -8.691741205789e-01, 2.372654810454e-02, 7.8239e-01, 5.1451e-03, 
 2DIAGNOSTIC,    11, -8.766942093908e-01, 2.360585265119e-02, 7.8737e-01, 4.9798e-03, 
 2DIAGNOSTIC,    12, -8.862185255795e-01, 2.175522052590e-02, 7.9241e-01, 5.0421e-03, 
 2DIAGNOSTIC,    13, -8.905550288002e-01, 1.848251418674e-02, 7.9748e-01, 5.0650e-03, 
 2DIAGNOSTIC,    14, -8.981887362580e-01, 1.446536548353e-02, 8.0306e-01, 5.5859e-03, 
 2DIAGNOSTIC,    15, -9.038636789876e-01, 1.020074918520e-02, 8.0915e-01, 6.0849e-03, 
 2DIAGNOSTIC,    16, -9.041772534712e-01, 6.056444004530e-03, 8.1516e-01, 6.0081e-03, 
 2DIAGNOSTIC,    17, -9.052528275649e-01, 2.790088904670e-03, 8.2084e-01, 5.6820e-03, 
 2DIAGNOSTIC,    18, -9.059232525752e-01, 1.952111014316e-03, 8.2704e-01, 6.2020e-03, 
 2DIAGNOSTIC,    19, -9.058995539602e-01, 1.542244264969e-03, 8.3264e-01, 5.6009e-03, 
 2DIAGNOSTIC,    20, -9.059474655095e-01, 1.064338209588e-03, 8.3772e-01, 5.0750e-03, 
 2DIAGNOSTIC,    21, -9.060026409357e-01, 6.624676727475e-04, 8.4273e-01, 5.0120e-03, 
 2DIAGNOSTIC,    22, -9.060667355171e-01, 3.914603503914e-04, 8.4774e-01, 5.0142e-03, 
 2DIAGNOSTIC,    23, -9.063055375735e-01, 1.763912777413e-04, 8.5277e-01, 5.0271e-03, 
 2DIAGNOSTIC,    24, -9.064859892255e-01, 7.451787400752e-05, 8.5838e-01, 5.6090e-03, 
 2DIAGNOSTIC,    25, -9.065936062332e-01, 5.414462971731e-05, 8.6398e-01, 5.5981e-03, 
 2DIAGNOSTIC,    26, -9.066237584072e-01, 3.476519347697e-05, 8.7129e-01, 7.3159e-03, 
 2DIAGNOSTIC,    27, -9.065656741106e-01, 2.640818256873e-05, 8.7703e-01, 5.7340e-03, 
 2DIAGNOSTIC,    28, -9.061493930735e-01, 1.942595361903e-05, 8.8225e-01, 5.2190e-03, 
 2DIAGNOSTIC,    29, -9.061551913325e-01, 1.113024571625e-05, 8.8732e-01, 5.0771e-03, 
 2DIAGNOSTIC,    30, -9.061637763796e-01, 3.063380459307e-06, 8.9251e-01, 5.1861e-03, 
DIAGNOSTIC,Iteration,metricValue,convergenceValue,ITERATION_TIME_INDEX,SINCE_LAST
 2DIAGNOSTIC,     1, -7.447716416771e-01, 1.797693134862e+308, 1.6054e+00, 7.1288e-01, 
 2DIAGNOSTIC,     2, -7.453796261514e-01, 1.797693134862e+308, 1.6414e+00, 3.6011e-02, 
 2DIAGNOSTIC,     3, -7.460983519534e-01, 1.797693134862e+308, 1.6767e+00, 3.5334e-02, 
 2DIAGNOSTIC,     4, -7.467663444031e-01, 1.797693134862e+308, 1.7122e+00, 3.5416e-02, 
 2DIAGNOSTIC,     5, -7.476835959698e-01, 1.797693134862e+308, 1.7518e+00, 3.9606e-02, 
 2DIAGNOSTIC,     6, -7.483573086851e-01, 1.797693134862e+308, 1.7953e+00, 4.3510e-02, 
 2DIAGNOSTIC,     7, -7.484360541351e-01, 1.797693134862e+308, 1.8363e+00, 4.1017e-02, 
 2DIAGNOSTIC,     8, -7.484809785993e-01, 1.797693134862e+308, 1.8770e+00, 4.0757e-02, 
 2DIAGNOSTIC,     9, -7.484741469489e-01, 1.797693134862e+308, 1.9177e+00, 4.0607e-02, 
 2DIAGNOSTIC,    10, -7.484962753902e-01, 3.451537170459e-04, 1.9584e+00, 4.0746e-02, 
 2DIAGNOSTIC,    11, -7.485236462238e-01, 2.387671802106e-04, 1.9951e+00, 3.6741e-02, 
 2DIAGNOSTIC,    12, -7.485600799018e-01, 1.493355188947e-04, 2.0352e+00, 4.0067e-02, 
 2DIAGNOSTIC,    13, -7.485893096456e-01, 8.235514595667e-05, 2.0769e+00, 4.1740e-02, 
 2DIAGNOSTIC,    14, -7.486057689954e-01, 3.582160506653e-05, 2.1133e+00, 3.6393e-02, 
 2DIAGNOSTIC,    15, -7.486287543457e-01, 1.581679566613e-05, 2.1538e+00, 4.0494e-02, 
 2DIAGNOSTIC,    16, -7.486439661971e-01, 1.336561333798e-05, 2.1901e+00, 3.6292e-02, 
 2DIAGNOSTIC,    17, -7.486500236313e-01, 1.201316537662e-05, 2.2319e+00, 4.1768e-02, 
 2DIAGNOSTIC,    18, -7.486614260522e-01, 1.107634119196e-05, 2.2759e+00, 4.3966e-02, 
 2DIAGNOSTIC,    19, -7.486438024643e-01, 8.882922086936e-06, 2.3156e+00, 3.9747e-02, 
 2DIAGNOSTIC,    20, -7.486586028735e-01, 6.947884845974e-06, 2.3512e+00, 3.5637e-02, 
 2DIAGNOSTIC,    21, -7.486474989825e-01, 4.970296357640e-06, 2.3916e+00, 4.0384e-02, 
 2DIAGNOSTIC,    22, -7.486370816342e-01, 3.294994391036e-06, 2.4384e+00, 4.6819e-02, 
 2DIAGNOSTIC,    23, -7.486304494269e-01, 1.971015960014e-06, 2.4781e+00, 3.9616e-02, 
DIAGNOSTIC,Iteration,metricValue,convergenceValue,ITERATION_TIME_INDEX,SINCE_LAST
 2DIAGNOSTIC,     1, -6.323946177685e-01, 1.797693134862e+308, 3.6448e+00, 1.1667e+00, 
 2DIAGNOSTIC,     2, -6.329918983690e-01, 1.797693134862e+308, 3.9530e+00, 3.0817e-01, 
 2DIAGNOSTIC,     3, -6.336259895194e-01, 1.797693134862e+308, 4.2560e+00, 3.0308e-01, 
 2DIAGNOSTIC,     4, -6.344487605599e-01, 1.797693134862e+308, 4.5687e+00, 3.1269e-01, 
 2DIAGNOSTIC,     5, -6.366323852139e-01, 1.797693134862e+308, 5.3211e+00, 7.5236e-01, 
 2DIAGNOSTIC,     6, -6.366319648858e-01, 1.797693134862e+308, 5.6712e+00, 3.5010e-01, 
 2DIAGNOSTIC,     7, -6.366288871176e-01, 1.797693134862e+308, 6.0036e+00, 3.3241e-01, 
 2DIAGNOSTIC,     8, -6.366284871638e-01, 1.797693134862e+308, 6.3514e+00, 3.4778e-01, 
 2DIAGNOSTIC,     9, -6.366256712467e-01, 1.797693134862e+308, 6.6955e+00, 3.4407e-01, 
 2DIAGNOSTIC,    10, -6.366254986227e-01, 4.742886394040e-04, 7.0034e+00, 3.0789e-01, 
 2DIAGNOSTIC,    11, -6.366227077586e-01, 3.191304354992e-04, 7.3379e+00, 3.3457e-01, 
 2DIAGNOSTIC,    12, -6.366243963847e-01, 1.848695120754e-04, 7.6819e+00, 3.4394e-01, 
 2DIAGNOSTIC,    13, -6.366226383382e-01, 7.668755066295e-05, 7.9900e+00, 3.0812e-01, 
 2DIAGNOSTIC,    14, -6.366230074057e-01, 1.528056869288e-06, 8.3464e+00, 3.5637e-01, 
 2DIAGNOSTIC,    15, -6.366222491638e-01, 1.527030924112e-06, 8.7358e+00, 3.8950e-01, 
 2DIAGNOSTIC,    16, -6.366202293505e-01, 1.514794049973e-06, 9.0529e+00, 3.1704e-01, 
 2DIAGNOSTIC,    17, -6.366193325527e-01, 1.443776808510e-06, 9.3953e+00, 3.4239e-01, 
 2DIAGNOSTIC,    18, -6.366195382254e-01, 1.416616042901e-06, 9.7149e+00, 3.1966e-01, 
 2DIAGNOSTIC,    19, -6.366168903992e-01, 1.295357897009e-06, 9.9970e+00, 2.8205e-01, 
 2DIAGNOSTIC,    20, -6.366157810191e-01, 1.196410254006e-06, 1.0271e+01, 2.7359e-01, 
 2DIAGNOSTIC,    21, -6.366162943770e-01, 1.094862712138e-06, 1.0541e+01, 2.7004e-01, 
 2DIAGNOSTIC,    22, -6.366171560693e-01, 1.093557938446e-06, 1.0875e+01, 3.3394e-01, 
 2DIAGNOSTIC,    23, -6.366180087043e-01, 1.106324682983e-06, 1.1204e+01, 3.2944e-01, 
 2DIAGNOSTIC,    24, -6.366163864432e-01, 1.121218403496e-06, 1.1587e+01, 3.8306e-01, 
 2DIAGNOSTIC,    25, -6.366139610899e-01, 1.099946693825e-06, 1.1888e+01, 3.0123e-01, 
 2DIAGNOSTIC,    26, -6.366131182679e-01, 1.048141648252e-06, 1.2171e+01, 2.8274e-01, 
DIAGNOSTIC,Iteration,metricValue,convergenceValue,ITERATION_TIME_INDEX,SINCE_LAST
 2DIAGNOSTIC,     1, -5.627116627945e-01, 1.797693134862e+308, 1.4995e+01, 2.8243e+00, 
 2DIAGNOSTIC,     2, -5.629069582571e-01, 1.797693134862e+308, 1.6975e+01, 1.9793e+00, 
 2DIAGNOSTIC,     3, -5.631308708984e-01, 1.797693134862e+308, 1.8906e+01, 1.9313e+00, 
 2DIAGNOSTIC,     4, -5.634754975128e-01, 1.797693134862e+308, 2.1035e+01, 2.1294e+00, 
 2DIAGNOSTIC,     5, -5.640451128539e-01, 1.797693134862e+308, 2.4374e+01, 3.3389e+00, 
 2DIAGNOSTIC,     6, -5.640434683844e-01, 1.797693134862e+308, 2.6889e+01, 2.5146e+00, 
 2DIAGNOSTIC,     7, -5.640435254480e-01, 1.797693134862e+308, 2.9408e+01, 2.5186e+00, 
 2DIAGNOSTIC,     8, -5.640429639901e-01, 1.797693134862e+308, 3.1450e+01, 2.0421e+00, 
 2DIAGNOSTIC,     9, -5.640429320069e-01, 1.797693134862e+308, 3.3418e+01, 1.9685e+00, 
 2DIAGNOSTIC,    10, -5.640428501773e-01, 1.659920971388e-04, 3.5757e+01, 2.3387e+00, 
 2DIAGNOSTIC,    11, -5.640428041133e-01, 1.096918903170e-04, 3.7673e+01, 1.9159e+00, 
 2DIAGNOSTIC,    12, -5.640424280288e-01, 6.168996739614e-05, 3.9512e+01, 1.8398e+00, 
 2DIAGNOSTIC,    13, -5.640422268985e-01, 2.430506670253e-05, 4.1499e+01, 1.9869e+00, 
 2DIAGNOSTIC,    14, -5.640421399033e-01, 2.096240424743e-06, 4.3374e+01, 1.8747e+00, 
 2DIAGNOSTIC,    15, -5.640420316055e-01, 2.007130284198e-06, 4.5076e+01, 1.7020e+00, 
 2DIAGNOSTIC,    16, -5.640419306988e-01, 1.884433499924e-06, 4.7207e+01, 2.1307e+00, 
 2DIAGNOSTIC,    17, -5.640418386068e-01, 1.785411105105e-06, 4.9110e+01, 1.9037e+00, 
 2DIAGNOSTIC,    18, -5.640417845021e-01, 1.688261618810e-06, 5.1076e+01, 1.9659e+00, 
 2DIAGNOSTIC,    19, -5.640417481604e-01, 1.606832060713e-06, 5.2761e+01, 1.6850e+00, 
 2DIAGNOSTIC,    20, -5.640417883412e-01, 1.538688374700e-06, 5.4691e+01, 1.9297e+00, 
 2DIAGNOSTIC,    21, -5.640419092182e-01, 1.483876409206e-06, 5.6311e+01, 1.6204e+00, 
 2DIAGNOSTIC,    22, -5.640418191323e-01, 1.426333838039e-06, 5.8368e+01, 2.0572e+00, 
 2DIAGNOSTIC,    23, -5.640419118916e-01, 1.373418782494e-06, 6.0191e+01, 1.8226e+00, 
 2DIAGNOSTIC,    24, -5.640417744843e-01, 1.321128177599e-06, 6.2094e+01, 1.9031e+00, 
 2DIAGNOSTIC,    25, -5.640418898007e-01, 1.273672133081e-06, 6.3768e+01, 1.6744e+00, 
 2DIAGNOSTIC,    26, -5.640417902798e-01, 1.225820211698e-06, 6.5542e+01, 1.7733e+00, 
 2DIAGNOSTIC,    27, -5.640419334694e-01, 1.182359565491e-06, 6.7899e+01, 2.3572e+00, 
 2DIAGNOSTIC,    28, -5.640418345749e-01, 1.138870063699e-06, 6.9880e+01, 1.9810e+00, 
 2DIAGNOSTIC,    29, -5.640413149084e-01, 1.088537379686e-06, 7.1749e+01, 1.8691e+00, 
 2DIAGNOSTIC,    30, -5.640412496891e-01, 1.042155516197e-06, 7.3801e+01, 2.0516e+00, 
 2DIAGNOSTIC,    31, -5.640411845450e-01, 1.001354141578e-06, 7.5659e+01, 1.8584e+00, 
  Elapsed time (stage 0): 7.6727e+01


Total elapsed time: 7.6730e+01
Info [verificarlo]: loaded backend libinterflop_vprec.so
Info [interflop-vprec]: load backend with: 
Info [interflop-vprec]: precision-binary32 = 7
Info [interflop-vprec]: range-binary32 = 8
Info [interflop-vprec]: precision-binary64 = 7
Info [interflop-vprec]: range-binary64 = 8
Info [interflop-vprec]: mode = ob
