
##########################
# Experiment information #
##########################

EXPERIMENT_NAME: antsRegistration-r7-p20
VFC_BACKENDS: libinterflop_vprec.so --range-binary32=7 --precision-binary32=20 --range-binary64=7 --precision-binary64=20

SIF_IMG: /home/mdugre/projects/rrg-glatard/mdugre/containers/ants-vprec-no_metrics.simg

SUBJECT_ID: s017
INPUT_IMG: /home/mdugre/scratch/mri-registration-rp/datasets/ds004513/derivatives/mri-registration-rp/antsBrainExtraction/sub-s017/BrainExtractionBrain.nii.gz
OUTPUT_DIR: /home/mdugre/scratch/mri-registration-rp/datasets/ds004513/derivatives/mri-registration-rp/0001/antsRegistration-r7-p20/sub-s017

FIXED_IMG: /templateflow/tpl-MNI152NLin2009cAsym/tpl-MNI152NLin2009cAsym_res-01_desc-brain_T1w.nii.gz
DATA_DIR: /home/mdugre/scratch/mri-registration-rp/datasets/ds004513
TEMPLATEFLOW_DIR: /home/mdugre/projects/rrg-glatard/mdugre/templateflow
ITK_GLOBAL_DEFAULT_NUMBER_OF_THREADS: 16
##########################

Info [verificarlo]: loaded backend libinterflop_ieee.so
Info [interflop-ieee]: load backend with:
Info [interflop-ieee]: debug = false
Info [interflop-ieee]: debug-binary = false
Info [interflop-ieee]: no-backend-name = false
Info [interflop-ieee]: print-new-line = false
Info [interflop-ieee]: print-subnormal-normalized = false
Info [interflop-ieee]: count-op = false
All_Command_lines_OK
Using double precision for computations.
=============================================================================
The composite transform comprises the following transforms (in order): 
  1. Center of mass alignment using fixed image: /templateflow/tpl-MNI152NLin2009cAsym/tpl-MNI152NLin2009cAsym_res-01_desc-brain_T1w.nii.gz and moving image: /home/mdugre/scratch/mri-registration-rp/datasets/ds004513/derivatives/mri-registration-rp/antsBrainExtraction/sub-s017/BrainExtractionBrain.nii.gz (type = Euler3DTransform)
=============================================================================
  number of levels = 1
  fixed image: /templateflow/tpl-MNI152NLin2009cAsym/tpl-MNI152NLin2009cAsym_res-01_desc-brain_T1w.nii.gz
  moving image: /home/mdugre/scratch/mri-registration-rp/datasets/ds004513/derivatives/mri-registration-rp/antsBrainExtraction/sub-s017/BrainExtractionBrain.nii.gz
Dimension = 3
Number of stages = 1
Use histogram matching = false
Winsorize image intensities = true
  Lower quantile = 0.005
  Upper quantile = 0.995


Stage 1 State
   Image metric = MattesMI
     Fixed image = Image (0x388de70)
  RTTI typeinfo:   itk::Image<double, 3u>
  Reference Count: 2
  Modified Time: 2334
  Debug: Off
  Object Name: 
  Observers: 
    none
  Source: (none)
  Source output name: (none)
  Release Data: Off
  Data Released: False
  Global Release Data: Off
  PipelineMTime: 0
  UpdateMTime: 1943
  RealTimeStamp: 0 seconds 
  LargestPossibleRegion: 
    Dimension: 3
    Index: [0, 0, 0]
    Size: [193, 229, 193]
  BufferedRegion: 
    Dimension: 3
    Index: [0, 0, 0]
    Size: [193, 229, 193]
  RequestedRegion: 
    Dimension: 3
    Index: [0, 0, 0]
    Size: [193, 229, 193]
  Spacing: [1, 1, 1]
  Origin: [96, 132, -78]
  Direction: 
-1 0 0
0 -1 0
0 0 1

  IndexToPointMatrix: 
-1 0 0
0 -1 0
0 0 1

  PointToIndexMatrix: 
-1 0 0
0 -1 0
0 0 1

  Inverse Direction: 
-1 0 0
0 -1 0
0 0 1

  PixelContainer: 
    ImportImageContainer (0x3896c60)
      RTTI typeinfo:   itk::ImportImageContainer<unsigned long, double>
      Reference Count: 1
      Modified Time: 1940
      Debug: Off
      Object Name: 
      Observers: 
        none
      Pointer: 0x147d3b76b010
      Container manages memory: true
      Size: 8530021
      Capacity: 8530021

     Moving image = Image (0x3899610)
  RTTI typeinfo:   itk::Image<double, 3u>
  Reference Count: 2
  Modified Time: 2335
  Debug: Off
  Object Name: 
  Observers: 
    none
  Source: (none)
  Source output name: (none)
  Release Data: Off
  Data Released: False
  Global Release Data: Off
  PipelineMTime: 0
  UpdateMTime: 2332
  RealTimeStamp: 0 seconds 
  LargestPossibleRegion: 
    Dimension: 3
    Index: [0, 0, 0]
    Size: [160, 240, 256]
  BufferedRegion: 
    Dimension: 3
    Index: [0, 0, 0]
    Size: [160, 240, 256]
  RequestedRegion: 
    Dimension: 3
    Index: [0, 0, 0]
    Size: [160, 240, 256]
  Spacing: [1, 1, 1]
  Origin: [91.3357, 102.231, -120.042]
  Direction: 
-0.997442 -5.36781e-05 -0.0714818
5.35416e-05 -1 3.82465e-06
-0.0714818 -1.23894e-08 0.997442

  IndexToPointMatrix: 
-0.997444 -5.36781e-05 -0.0714818
5.35418e-05 -1 3.82465e-06
-0.0714819 -1.23894e-08 0.997442

  PointToIndexMatrix: 
-0.99744 5.35415e-05 -0.0714816
-5.36781e-05 -1 -1.23894e-08
-0.0714818 3.82465e-06 0.997442

  Inverse Direction: 
-0.997442 5.35416e-05 -0.0714818
-5.36781e-05 -1 -1.23894e-08
-0.0714818 3.82465e-06 0.997442

  PixelContainer: 
    ImportImageContainer (0x3932ef0)
      RTTI typeinfo:   itk::ImportImageContainer<unsigned long, double>
      Reference Count: 1
      Modified Time: 2329
      Debug: Off
      Object Name: 
      Observers: 
        none
      Pointer: 0x147d36c6a010
      Container manages memory: true
      Size: 9830400
      Capacity: 9830400

     Weighting = 1
     Sampling strategy = regular
     Number of bins = 32
     Radius = 4
     Sampling percentage  = 0.25
   Transform = Rigid
     Gradient step = 0.1
     Update field sigma (voxel space) = 0
     Total field sigma (voxel space) = 0
     Update field time sigma = 0
     Total field time sigma  = 0
     Number of time indices = 0
     Number of time point samples = 0
Registration using 1 total stages.

Stage 0
  iterations = 0
  convergence threshold = 1e-06
  convergence window size = 10
  number of levels = 1
  using the Mattes MI metric (number of bins = 32, weight = 1, use gradient filter = 0)
  preprocessing:  winsorizing the image intensities
  Shrink factors (level 1 out of 1): [1, 1, 1]
  smoothing sigmas per level: [0]
  regular sampling (percentage = 0.25)

*** Running Euler3DTransform registration ***

  Elapsed time (stage 0): 1.11547


Total elapsed time: 1.11881
Info [verificarlo]: loaded backend libinterflop_ieee.so
Info [interflop-ieee]: load backend with:
Info [interflop-ieee]: debug = false
Info [interflop-ieee]: debug-binary = false
Info [interflop-ieee]: no-backend-name = false
Info [interflop-ieee]: print-new-line = false
Info [interflop-ieee]: print-subnormal-normalized = false
Info [interflop-ieee]: count-op = false
All_Command_lines_OK
Using double precision for computations.
=============================================================================
The composite transform comprises the following transforms (in order): 
  1. /home/mdugre/scratch/mri-registration-rp/datasets/ds004513/derivatives/mri-registration-rp/0001/antsRegistration-r7-p20/sub-s017/align_Composite.h5[0] (type = Euler3DTransform)
  2. /home/mdugre/scratch/mri-registration-rp/datasets/ds004513/derivatives/mri-registration-rp/0001/antsRegistration-r7-p20/sub-s017/align_Composite.h5[1] (type = Euler3DTransform)
=============================================================================
  number of levels = 4
  fixed image: /templateflow/tpl-MNI152NLin2009cAsym/tpl-MNI152NLin2009cAsym_res-01_desc-brain_T1w.nii.gz
  moving image: /home/mdugre/scratch/mri-registration-rp/datasets/ds004513/derivatives/mri-registration-rp/antsBrainExtraction/sub-s017/BrainExtractionBrain.nii.gz
Dimension = 3
Number of stages = 1
Use histogram matching = false
Winsorize image intensities = true
  Lower quantile = 0.005
  Upper quantile = 0.995


Stage 1 State
   Image metric = MattesMI
     Fixed image = Image (0x4780530)
  RTTI typeinfo:   itk::Image<double, 3u>
  Reference Count: 2
  Modified Time: 1580
  Debug: Off
  Object Name: 
  Observers: 
    none
  Source: (none)
  Source output name: (none)
  Release Data: Off
  Data Released: False
  Global Release Data: Off
  PipelineMTime: 0
  UpdateMTime: 1189
  RealTimeStamp: 0 seconds 
  LargestPossibleRegion: 
    Dimension: 3
    Index: [0, 0, 0]
    Size: [193, 229, 193]
  BufferedRegion: 
    Dimension: 3
    Index: [0, 0, 0]
    Size: [193, 229, 193]
  RequestedRegion: 
    Dimension: 3
    Index: [0, 0, 0]
    Size: [193, 229, 193]
  Spacing: [1, 1, 1]
  Origin: [96, 132, -78]
  Direction: 
-1 0 0
0 -1 0
0 0 1

  IndexToPointMatrix: 
-1 0 0
0 -1 0
0 0 1

  PointToIndexMatrix: 
-1 0 0
0 -1 0
0 0 1

  Inverse Direction: 
-1 0 0
0 -1 0
0 0 1

  PixelContainer: 
    ImportImageContainer (0x483ed60)
      RTTI typeinfo:   itk::ImportImageContainer<unsigned long, double>
      Reference Count: 1
      Modified Time: 1186
      Debug: Off
      Object Name: 
      Observers: 
        none
      Pointer: 0x1499975bb010
      Container manages memory: true
      Size: 8530021
      Capacity: 8530021

     Moving image = Image (0x4830f60)
  RTTI typeinfo:   itk::Image<double, 3u>
  Reference Count: 2
  Modified Time: 1581
  Debug: Off
  Object Name: 
  Observers: 
    none
  Source: (none)
  Source output name: (none)
  Release Data: Off
  Data Released: False
  Global Release Data: Off
  PipelineMTime: 0
  UpdateMTime: 1578
  RealTimeStamp: 0 seconds 
  LargestPossibleRegion: 
    Dimension: 3
    Index: [0, 0, 0]
    Size: [160, 240, 256]
  BufferedRegion: 
    Dimension: 3
    Index: [0, 0, 0]
    Size: [160, 240, 256]
  RequestedRegion: 
    Dimension: 3
    Index: [0, 0, 0]
    Size: [160, 240, 256]
  Spacing: [1, 1, 1]
  Origin: [91.3357, 102.231, -120.042]
  Direction: 
-0.997442 -5.36781e-05 -0.0714818
5.35416e-05 -1 3.82465e-06
-0.0714818 -1.23894e-08 0.997442

  IndexToPointMatrix: 
-0.997444 -5.36781e-05 -0.0714818
5.35418e-05 -1 3.82465e-06
-0.0714819 -1.23894e-08 0.997442

  PointToIndexMatrix: 
-0.99744 5.35415e-05 -0.0714816
-5.36781e-05 -1 -1.23894e-08
-0.0714818 3.82465e-06 0.997442

  Inverse Direction: 
-0.997442 5.35416e-05 -0.0714818
-5.36781e-05 -1 -1.23894e-08
-0.0714818 3.82465e-06 0.997442

  PixelContainer: 
    ImportImageContainer (0x48226d0)
      RTTI typeinfo:   itk::ImportImageContainer<unsigned long, double>
      Reference Count: 1
      Modified Time: 1575
      Debug: Off
      Object Name: 
      Observers: 
        none
      Pointer: 0x149992aba010
      Container manages memory: true
      Size: 9830400
      Capacity: 9830400

     Weighting = 1
     Sampling strategy = regular
     Number of bins = 32
     Radius = 4
     Sampling percentage  = 0.25
   Transform = Rigid
     Gradient step = 0.1
     Update field sigma (voxel space) = 0
     Total field sigma (voxel space) = 0
     Update field time sigma = 0
     Total field time sigma  = 0
     Number of time indices = 0
     Number of time point samples = 0
Registration using 1 total stages.

Stage 0
  iterations = 1000x500x250x100
  convergence threshold = 1e-06
  convergence window size = 10
  number of levels = 4
  using the Mattes MI metric (number of bins = 32, weight = 1, use gradient filter = 0)
  preprocessing:  winsorizing the image intensities
  Shrink factors (level 1 out of 4): [8, 8, 8]
  Shrink factors (level 2 out of 4): [4, 4, 4]
  Shrink factors (level 3 out of 4): [2, 2, 2]
  Shrink factors (level 4 out of 4): [1, 1, 1]
  smoothing sigmas per level: [3, 2, 1, 0]
  regular sampling (percentage = 0.25)

*** Running Euler3DTransform registration ***

DIAGNOSTIC,Iteration,metricValue,convergenceValue,ITERATION_TIME_INDEX,SINCE_LAST
 2DIAGNOSTIC,     1, -5.567767283252e-01, 1.797693134862e+308, 9.8825e-01, 9.8825e-01, 
 2DIAGNOSTIC,     2, -5.584239703569e-01, 1.797693134862e+308, 9.9256e-01, 4.3080e-03, 
 2DIAGNOSTIC,     3, -5.612715515272e-01, 1.797693134862e+308, 9.9674e-01, 4.1819e-03, 
 2DIAGNOSTIC,     4, -5.637780194106e-01, 1.797693134862e+308, 1.0010e+00, 4.2491e-03, 
 2DIAGNOSTIC,     5, -5.658229214212e-01, 1.797693134862e+308, 1.0054e+00, 4.3690e-03, 
 2DIAGNOSTIC,     6, -5.696445468689e-01, 1.797693134862e+308, 1.0101e+00, 4.7531e-03, 
 2DIAGNOSTIC,     7, -5.734118275242e-01, 1.797693134862e+308, 1.0151e+00, 5.0151e-03, 
 2DIAGNOSTIC,     8, -5.754533484979e-01, 1.797693134862e+308, 1.0213e+00, 6.1710e-03, 
 2DIAGNOSTIC,     9, -5.763021950250e-01, 1.797693134862e+308, 1.0257e+00, 4.3900e-03, 
 2DIAGNOSTIC,    10, -5.771142770255e-01, 2.558085388189e-03, 1.0313e+00, 5.6601e-03, 
 2DIAGNOSTIC,    11, -5.785125587612e-01, 2.176117873031e-03, 1.0360e+00, 4.6561e-03, 
 2DIAGNOSTIC,    12, -5.799413348090e-01, 1.786767970983e-03, 1.0417e+00, 5.6880e-03, 
 2DIAGNOSTIC,    13, -5.809477908980e-01, 1.443124036835e-03, 1.0465e+00, 4.8470e-03, 
 2DIAGNOSTIC,    14, -5.814655964876e-01, 1.127354078216e-03, 1.0513e+00, 4.7832e-03, 
 2DIAGNOSTIC,    15, -5.819093877219e-01, 8.331089413525e-04, 1.0572e+00, 5.8970e-03, 
 2DIAGNOSTIC,    16, -5.822326442998e-01, 6.258215683232e-04, 1.0621e+00, 4.8871e-03, 
 2DIAGNOSTIC,    17, -5.825793599843e-01, 5.040365830238e-04, 1.0666e+00, 4.4739e-03, 
 2DIAGNOSTIC,    18, -5.863713925916e-01, 5.095725576645e-04, 1.0710e+00, 4.3771e-03, 
 2DIAGNOSTIC,    19, -5.901617810168e-01, 5.855607354906e-04, 1.0800e+00, 9.0590e-03, 
 2DIAGNOSTIC,    20, -5.906016223816e-01, 6.286272500306e-04, 1.0869e+00, 6.9230e-03, 
 2DIAGNOSTIC,    21, -5.907365705866e-01, 6.467002963832e-04, 1.0917e+00, 4.7879e-03, 
 2DIAGNOSTIC,    22, -5.906256574994e-01, 6.330265936374e-04, 1.0980e+00, 6.3171e-03, 
 2DIAGNOSTIC,    23, -5.906307681710e-01, 5.816453055171e-04, 1.1030e+00, 4.9481e-03, 
 2DIAGNOSTIC,    24, -5.905636622010e-01, 4.878472529215e-04, 1.1081e+00, 5.0979e-03, 
 2DIAGNOSTIC,    25, -5.906024985370e-01, 3.662279783952e-04, 1.1144e+00, 6.3479e-03, 
 2DIAGNOSTIC,    26, -5.906025304324e-01, 2.276984665067e-04, 1.1192e+00, 4.7381e-03, 
 2DIAGNOSTIC,    27, -5.906211320574e-01, 8.394584288727e-05, 1.1242e+00, 4.9901e-03, 
 2DIAGNOSTIC,    28, -5.908796758313e-01, 1.198925031183e-05, 1.1293e+00, 5.1191e-03, 
 2DIAGNOSTIC,    29, -5.911411552395e-01, 1.217108543256e-05, 1.1350e+00, 5.7058e-03, 
 2DIAGNOSTIC,    30, -5.915241330962e-01, 2.456301684437e-05, 1.1432e+00, 8.1899e-03, 
 2DIAGNOSTIC,    31, -5.916229825993e-01, 3.758205306247e-05, 1.1483e+00, 5.1069e-03, 
 2DIAGNOSTIC,    32, -5.916651208817e-01, 4.532975449192e-05, 1.1532e+00, 4.9150e-03, 
 2DIAGNOSTIC,    33, -5.916874987632e-01, 4.885284294688e-05, 1.1597e+00, 6.5379e-03, 
 2DIAGNOSTIC,    34, -5.917053822200e-01, 4.682712858822e-05, 1.1662e+00, 6.4471e-03, 
 2DIAGNOSTIC,    35, -5.917390904868e-01, 4.153275817401e-05, 1.1808e+00, 1.4585e-02, 
 2DIAGNOSTIC,    36, -5.917390912695e-01, 3.272086429442e-05, 1.1859e+00, 5.1119e-03, 
 2DIAGNOSTIC,    37, -5.917391070342e-01, 2.163060314843e-05, 1.1925e+00, 6.6218e-03, 
 2DIAGNOSTIC,    38, -5.917391330930e-01, 1.245673595326e-05, 1.1975e+00, 5.0240e-03, 
 2DIAGNOSTIC,    39, -5.917391754735e-01, 5.801896389528e-06, 1.2023e+00, 4.7801e-03, 
 2DIAGNOSTIC,    40, -5.917392424311e-01, 3.643428651359e-06, 1.2077e+00, 5.4140e-03, 
 2DIAGNOSTIC,    41, -5.917393428829e-01, 2.487109298538e-06, 1.2128e+00, 5.1010e-03, 
 2DIAGNOSTIC,    42, -5.917394845334e-01, 1.715730317420e-06, 1.2180e+00, 5.1548e-03, 
 2DIAGNOSTIC,    43, -5.917396625587e-01, 1.144189314767e-06, 1.2227e+00, 4.7672e-03, 
DIAGNOSTIC,Iteration,metricValue,convergenceValue,ITERATION_TIME_INDEX,SINCE_LAST
 2DIAGNOSTIC,     1, -4.784004501421e-01, 1.797693134862e+308, 1.9911e+00, 7.6838e-01, 
 2DIAGNOSTIC,     2, -4.783999131490e-01, 1.797693134862e+308, 2.0218e+00, 3.0668e-02, 
 2DIAGNOSTIC,     3, -4.784190365427e-01, 1.797693134862e+308, 2.0544e+00, 3.2570e-02, 
 2DIAGNOSTIC,     4, -4.785028756513e-01, 1.797693134862e+308, 2.0926e+00, 3.8240e-02, 
 2DIAGNOSTIC,     5, -4.786647485433e-01, 1.797693134862e+308, 2.1230e+00, 3.0426e-02, 
 2DIAGNOSTIC,     6, -4.788099932962e-01, 1.797693134862e+308, 2.1527e+00, 2.9711e-02, 
 2DIAGNOSTIC,     7, -4.794645847219e-01, 1.797693134862e+308, 2.1843e+00, 3.1604e-02, 
 2DIAGNOSTIC,     8, -4.813619171751e-01, 1.797693134862e+308, 2.2342e+00, 4.9849e-02, 
 2DIAGNOSTIC,     9, -4.817935635328e-01, 1.797693134862e+308, 2.2639e+00, 2.9691e-02, 
 2DIAGNOSTIC,    10, -4.822647496897e-01, 5.583367504614e-04, 2.3001e+00, 3.6230e-02, 
 2DIAGNOSTIC,    11, -4.831344909908e-01, 6.366384574702e-04, 2.3350e+00, 3.4846e-02, 
 2DIAGNOSTIC,    12, -4.835768992578e-01, 6.653898034812e-04, 2.3878e+00, 5.2850e-02, 
 2DIAGNOSTIC,    13, -4.835677565323e-01, 6.290342968991e-04, 2.4252e+00, 3.7351e-02, 
 2DIAGNOSTIC,    14, -4.835733047840e-01, 5.452729207857e-04, 2.4661e+00, 4.0923e-02, 
 2DIAGNOSTIC,    15, -4.835701547251e-01, 4.305772095983e-04, 2.4973e+00, 3.1231e-02, 
 2DIAGNOSTIC,    16, -4.835566913006e-01, 2.956272804106e-04, 2.5280e+00, 3.0683e-02, 
 2DIAGNOSTIC,    17, -4.835523104088e-01, 1.703980275210e-04, 2.5569e+00, 2.8935e-02, 
 2DIAGNOSTIC,    18, -4.835483887833e-01, 1.058854946007e-04, 2.5847e+00, 2.7799e-02, 
 2DIAGNOSTIC,    19, -4.835469915472e-01, 5.203914176517e-05, 2.6145e+00, 2.9796e-02, 
 2DIAGNOSTIC,    20, -4.835401827381e-01, 1.204163307597e-05, 2.6475e+00, 3.3013e-02, 
DIAGNOSTIC,Iteration,metricValue,convergenceValue,ITERATION_TIME_INDEX,SINCE_LAST
 2DIAGNOSTIC,     1, -4.161561167872e-01, 1.797693134862e+308, 3.7986e+00, 1.1510e+00, 
 2DIAGNOSTIC,     2, -4.161756893438e-01, 1.797693134862e+308, 4.1020e+00, 3.0338e-01, 
 2DIAGNOSTIC,     3, -4.161696114508e-01, 1.797693134862e+308, 4.3511e+00, 2.4912e-01, 
 2DIAGNOSTIC,     4, -4.161681503552e-01, 1.797693134862e+308, 4.7207e+00, 3.6959e-01, 
 2DIAGNOSTIC,     5, -4.161678896601e-01, 1.797693134862e+308, 4.9918e+00, 2.7114e-01, 
 2DIAGNOSTIC,     6, -4.161669123584e-01, 1.797693134862e+308, 5.2597e+00, 2.6785e-01, 
 2DIAGNOSTIC,     7, -4.161667485642e-01, 1.797693134862e+308, 5.5262e+00, 2.6653e-01, 
 2DIAGNOSTIC,     8, -4.161656816014e-01, 1.797693134862e+308, 5.7645e+00, 2.3826e-01, 
 2DIAGNOSTIC,     9, -4.161650043537e-01, 1.797693134862e+308, 6.0212e+00, 2.5675e-01, 
 2DIAGNOSTIC,    10, -4.161655463813e-01, 2.943366599839e-06, 6.3130e+00, 2.9176e-01, 
 2DIAGNOSTIC,    11, -4.161636420994e-01, 1.720591492532e-06, 6.5691e+00, 2.5607e-01, 
 2DIAGNOSTIC,    12, -4.161624970808e-01, 1.867462473826e-06, 6.8254e+00, 2.5636e-01, 
 2DIAGNOSTIC,    13, -4.161615819743e-01, 1.698398061592e-06, 7.0772e+00, 2.5182e-01, 
 2DIAGNOSTIC,    14, -4.161624603294e-01, 1.592444846807e-06, 7.3255e+00, 2.4829e-01, 
 2DIAGNOSTIC,    15, -4.161620529813e-01, 1.530180435139e-06, 7.5698e+00, 2.4430e-01, 
 2DIAGNOSTIC,    16, -4.161603835105e-01, 1.417836916220e-06, 7.7889e+00, 2.1912e-01, 
 2DIAGNOSTIC,    17, -4.161625251480e-01, 1.455414115732e-06, 8.0502e+00, 2.6124e-01, 
 2DIAGNOSTIC,    18, -4.161617349624e-01, 1.453854859272e-06, 8.2702e+00, 2.2004e-01, 
 2DIAGNOSTIC,    19, -4.161656140593e-01, 1.594928500312e-06, 8.5617e+00, 2.9150e-01, 
 2DIAGNOSTIC,    20, -4.161678254529e-01, 1.821576323113e-06, 8.9368e+00, 3.7508e-01, 
 2DIAGNOSTIC,    21, -4.161672172259e-01, 1.924327021868e-06, 9.1928e+00, 2.5600e-01, 
 2DIAGNOSTIC,    22, -4.161665846122e-01, 1.927748308858e-06, 9.4084e+00, 2.1557e-01, 
 2DIAGNOSTIC,    23, -4.161660793965e-01, 1.843028033681e-06, 9.6638e+00, 2.5543e-01, 
 2DIAGNOSTIC,    24, -4.161655365532e-01, 1.730448866040e-06, 9.9372e+00, 2.7339e-01, 
 2DIAGNOSTIC,    25, -4.161651834946e-01, 1.568353732113e-06, 1.0181e+01, 2.4331e-01, 
 2DIAGNOSTIC,    26, -4.161660037665e-01, 1.368374529596e-06, 1.0439e+01, 2.5820e-01, 
 2DIAGNOSTIC,    27, -4.161651045496e-01, 1.203105052035e-06, 1.0678e+01, 2.3959e-01, 
 2DIAGNOSTIC,    28, -4.161679884897e-01, 1.097088642772e-06, 1.0941e+01, 2.6281e-01, 
 2DIAGNOSTIC,    29, -4.161710849647e-01, 1.162831220557e-06, 1.1185e+01, 2.4343e-01, 
 2DIAGNOSTIC,    30, -4.161703640305e-01, 1.250475695047e-06, 1.1439e+01, 2.5443e-01, 
 2DIAGNOSTIC,    31, -4.161708142910e-01, 1.313167811455e-06, 1.1708e+01, 2.6917e-01, 
 2DIAGNOSTIC,    32, -4.161710089263e-01, 1.336085268588e-06, 1.1920e+01, 2.1157e-01, 
 2DIAGNOSTIC,    33, -4.161749613447e-01, 1.395595231712e-06, 1.2164e+01, 2.4405e-01, 
 2DIAGNOSTIC,    34, -4.161777487503e-01, 1.452526297040e-06, 1.2401e+01, 2.3700e-01, 
 2DIAGNOSTIC,    35, -4.161792220175e-01, 1.478601713831e-06, 1.2667e+01, 2.6639e-01, 
 2DIAGNOSTIC,    36, -4.161806859645e-01, 1.495439419966e-06, 1.2918e+01, 2.5044e-01, 
 2DIAGNOSTIC,    37, -4.161791778422e-01, 1.407680671982e-06, 1.3126e+01, 2.0840e-01, 
 2DIAGNOSTIC,    38, -4.161838486864e-01, 1.406626878878e-06, 1.3393e+01, 2.6708e-01, 
 2DIAGNOSTIC,    39, -4.161849953097e-01, 1.422742183694e-06, 1.3712e+01, 3.1915e-01, 
 2DIAGNOSTIC,    40, -4.161860914887e-01, 1.386764643275e-06, 1.4095e+01, 3.8244e-01, 
 2DIAGNOSTIC,    41, -4.161854987573e-01, 1.295749585427e-06, 1.4414e+01, 3.1969e-01, 
 2DIAGNOSTIC,    42, -4.161840259985e-01, 1.138573348547e-06, 1.4699e+01, 2.8437e-01, 
 2DIAGNOSTIC,    43, -4.161834049857e-01, 1.004201838208e-06, 1.4939e+01, 2.3981e-01, 
DIAGNOSTIC,Iteration,metricValue,convergenceValue,ITERATION_TIME_INDEX,SINCE_LAST
 2DIAGNOSTIC,     1, -3.834265912333e-01, 1.797693134862e+308, 1.7577e+01, 2.6386e+00, 
 2DIAGNOSTIC,     2, -3.834925053355e-01, 1.797693134862e+308, 1.9221e+01, 1.6444e+00, 
 2DIAGNOSTIC,     3, -3.834978116474e-01, 1.797693134862e+308, 2.0898e+01, 1.6769e+00, 
 2DIAGNOSTIC,     4, -3.835004127725e-01, 1.797693134862e+308, 2.2605e+01, 1.7069e+00, 
 2DIAGNOSTIC,     5, -3.835019582509e-01, 1.797693134862e+308, 2.4294e+01, 1.6887e+00, 
 2DIAGNOSTIC,     6, -3.835049957413e-01, 1.797693134862e+308, 2.6168e+01, 1.8741e+00, 
 2DIAGNOSTIC,     7, -3.835058343717e-01, 1.797693134862e+308, 2.7993e+01, 1.8248e+00, 
 2DIAGNOSTIC,     8, -3.835066498251e-01, 1.797693134862e+308, 3.0139e+01, 2.1463e+00, 
 2DIAGNOSTIC,     9, -3.835062955318e-01, 1.797693134862e+308, 3.2001e+01, 1.8622e+00, 
 2DIAGNOSTIC,    10, -3.835063108993e-01, 1.066660748042e-05, 3.3871e+01, 1.8697e+00, 
 2DIAGNOSTIC,    11, -3.835061571787e-01, 4.747040710545e-06, 3.6203e+01, 2.3318e+00, 
 2DIAGNOSTIC,    12, -3.835060832646e-01, 3.706200662604e-06, 3.7701e+01, 1.4981e+00, 
 2DIAGNOSTIC,    13, -3.835060190717e-01, 3.027826111154e-06, 3.9406e+01, 1.7050e+00, 
 2DIAGNOSTIC,    14, -3.835058638475e-01, 2.523467065030e-06, 4.0997e+01, 1.5916e+00, 
 2DIAGNOSTIC,    15, -3.835058006960e-01, 2.133709274779e-06, 4.2722e+01, 1.7249e+00, 
 2DIAGNOSTIC,    16, -3.835056463967e-01, 1.924177725904e-06, 4.4781e+01, 2.0589e+00, 
 2DIAGNOSTIC,    17, -3.835054775125e-01, 1.773328559329e-06, 4.6834e+01, 2.0523e+00, 
 2DIAGNOSTIC,    18, -3.835053086118e-01, 1.675385377826e-06, 4.8312e+01, 1.4782e+00, 
 2DIAGNOSTIC,    19, -3.835051448141e-01, 1.576051817921e-06, 4.9851e+01, 1.5392e+00, 
 2DIAGNOSTIC,    20, -3.835051658762e-01, 1.497295074461e-06, 5.1277e+01, 1.4259e+00, 
 2DIAGNOSTIC,    21, -3.835053779571e-01, 1.436675313632e-06, 5.2921e+01, 1.6438e+00, 
 2DIAGNOSTIC,    22, -3.835055901411e-01, 1.393331720966e-06, 5.4925e+01, 2.0043e+00, 
 2DIAGNOSTIC,    23, -3.835055251002e-01, 1.354581542226e-06, 5.6572e+01, 1.6470e+00, 
 2DIAGNOSTIC,    24, -3.835054518281e-01, 1.314933130533e-06, 5.8328e+01, 1.7558e+00, 
 2DIAGNOSTIC,    25, -3.835053813422e-01, 1.275595341070e-06, 5.9855e+01, 1.5269e+00, 
 2DIAGNOSTIC,    26, -3.835053141616e-01, 1.232550095265e-06, 6.1389e+01, 1.5338e+00, 
 2DIAGNOSTIC,    27, -3.835053494674e-01, 1.188143193720e-06, 6.2866e+01, 1.4775e+00, 
 2DIAGNOSTIC,    28, -3.835054089352e-01, 1.143229099741e-06, 6.4449e+01, 1.5827e+00, 
 2DIAGNOSTIC,    29, -3.835055814677e-01, 1.101082729785e-06, 6.5871e+01, 1.4221e+00, 
 2DIAGNOSTIC,    30, -3.835053714640e-01, 1.056523028051e-06, 6.7980e+01, 2.1093e+00, 
 2DIAGNOSTIC,    31, -3.835053052287e-01, 1.018740041180e-06, 6.9629e+01, 1.6490e+00, 
  Elapsed time (stage 0): 7.0484e+01


Total elapsed time: 7.0489e+01
Info [verificarlo]: loaded backend libinterflop_ieee.so
Info [interflop-ieee]: load backend with:
Info [interflop-ieee]: debug = false
Info [interflop-ieee]: debug-binary = false
Info [interflop-ieee]: no-backend-name = false
Info [interflop-ieee]: print-new-line = false
Info [interflop-ieee]: print-subnormal-normalized = false
Info [interflop-ieee]: count-op = false
All_Command_lines_OK
Using double precision for computations.
=============================================================================
The composite transform comprises the following transforms (in order): 
  1. /home/mdugre/scratch/mri-registration-rp/datasets/ds004513/derivatives/mri-registration-rp/0001/antsRegistration-r7-p20/sub-s017/rigid_Composite.h5[0] (type = Euler3DTransform)
  2. /home/mdugre/scratch/mri-registration-rp/datasets/ds004513/derivatives/mri-registration-rp/0001/antsRegistration-r7-p20/sub-s017/rigid_Composite.h5[1] (type = Euler3DTransform)
  3. /home/mdugre/scratch/mri-registration-rp/datasets/ds004513/derivatives/mri-registration-rp/0001/antsRegistration-r7-p20/sub-s017/rigid_Composite.h5[2] (type = Euler3DTransform)
=============================================================================
  number of levels = 4
  fixed image: /templateflow/tpl-MNI152NLin2009cAsym/tpl-MNI152NLin2009cAsym_res-01_desc-brain_T1w.nii.gz
  moving image: /home/mdugre/scratch/mri-registration-rp/datasets/ds004513/derivatives/mri-registration-rp/antsBrainExtraction/sub-s017/BrainExtractionBrain.nii.gz
Dimension = 3
Number of stages = 1
Use histogram matching = false
Winsorize image intensities = true
  Lower quantile = 0.005
  Upper quantile = 0.995


Stage 1 State
   Image metric = MattesMI
     Fixed image = Image (0x4bd27e0)
  RTTI typeinfo:   itk::Image<double, 3u>
  Reference Count: 2
  Modified Time: 1594
  Debug: Off
  Object Name: 
  Observers: 
    none
  Source: (none)
  Source output name: (none)
  Release Data: Off
  Data Released: False
  Global Release Data: Off
  PipelineMTime: 0
  UpdateMTime: 1203
  RealTimeStamp: 0 seconds 
  LargestPossibleRegion: 
    Dimension: 3
    Index: [0, 0, 0]
    Size: [193, 229, 193]
  BufferedRegion: 
    Dimension: 3
    Index: [0, 0, 0]
    Size: [193, 229, 193]
  RequestedRegion: 
    Dimension: 3
    Index: [0, 0, 0]
    Size: [193, 229, 193]
  Spacing: [1, 1, 1]
  Origin: [96, 132, -78]
  Direction: 
-1 0 0
0 -1 0
0 0 1

  IndexToPointMatrix: 
-1 0 0
0 -1 0
0 0 1

  PointToIndexMatrix: 
-1 0 0
0 -1 0
0 0 1

  Inverse Direction: 
-1 0 0
0 -1 0
0 0 1

  PixelContainer: 
    ImportImageContainer (0x4c92a20)
      RTTI typeinfo:   itk::ImportImageContainer<unsigned long, double>
      Reference Count: 1
      Modified Time: 1200
      Debug: Off
      Object Name: 
      Observers: 
        none
      Pointer: 0x1487ff690010
      Container manages memory: true
      Size: 8530021
      Capacity: 8530021

     Moving image = Image (0x4c8dd70)
  RTTI typeinfo:   itk::Image<double, 3u>
  Reference Count: 2
  Modified Time: 1595
  Debug: Off
  Object Name: 
  Observers: 
    none
  Source: (none)
  Source output name: (none)
  Release Data: Off
  Data Released: False
  Global Release Data: Off
  PipelineMTime: 0
  UpdateMTime: 1592
  RealTimeStamp: 0 seconds 
  LargestPossibleRegion: 
    Dimension: 3
    Index: [0, 0, 0]
    Size: [160, 240, 256]
  BufferedRegion: 
    Dimension: 3
    Index: [0, 0, 0]
    Size: [160, 240, 256]
  RequestedRegion: 
    Dimension: 3
    Index: [0, 0, 0]
    Size: [160, 240, 256]
  Spacing: [1, 1, 1]
  Origin: [91.3357, 102.231, -120.042]
  Direction: 
-0.997442 -5.36781e-05 -0.0714818
5.35416e-05 -1 3.82465e-06
-0.0714818 -1.23894e-08 0.997442

  IndexToPointMatrix: 
-0.997444 -5.36781e-05 -0.0714818
5.35418e-05 -1 3.82465e-06
-0.0714819 -1.23894e-08 0.997442

  PointToIndexMatrix: 
-0.99744 5.35415e-05 -0.0714816
-5.36781e-05 -1 -1.23894e-08
-0.0714818 3.82465e-06 0.997442

  Inverse Direction: 
-0.997442 5.35416e-05 -0.0714818
-5.36781e-05 -1 -1.23894e-08
-0.0714818 3.82465e-06 0.997442

  PixelContainer: 
    ImportImageContainer (0x4c45c90)
      RTTI typeinfo:   itk::ImportImageContainer<unsigned long, double>
      Reference Count: 1
      Modified Time: 1589
      Debug: Off
      Object Name: 
      Observers: 
        none
      Pointer: 0x1487fab8f010
      Container manages memory: true
      Size: 9830400
      Capacity: 9830400

     Weighting = 1
     Sampling strategy = regular
     Number of bins = 32
     Radius = 4
     Sampling percentage  = 0.25
   Transform = Affine
     Gradient step = 0.1
     Update field sigma (voxel space) = 0
     Total field sigma (voxel space) = 0
     Update field time sigma = 0
     Total field time sigma  = 0
     Number of time indices = 0
     Number of time point samples = 0
Registration using 1 total stages.

Stage 0
  iterations = 1000x500x250x100
  convergence threshold = 1e-06
  convergence window size = 10
  number of levels = 4
  using the Mattes MI metric (number of bins = 32, weight = 1, use gradient filter = 0)
  preprocessing:  winsorizing the image intensities
  Shrink factors (level 1 out of 4): [8, 8, 8]
  Shrink factors (level 2 out of 4): [4, 4, 4]
  Shrink factors (level 3 out of 4): [2, 2, 2]
  Shrink factors (level 4 out of 4): [1, 1, 1]
  smoothing sigmas per level: [3, 2, 1, 0]
  regular sampling (percentage = 0.25)

*** Running AffineTransform registration ***

DIAGNOSTIC,Iteration,metricValue,convergenceValue,ITERATION_TIME_INDEX,SINCE_LAST
 2DIAGNOSTIC,     1, -5.806290998440e-01, 1.797693134862e+308, 7.6307e-01, 7.6307e-01, 
 2DIAGNOSTIC,     2, -5.832407507937e-01, 1.797693134862e+308, 7.6831e-01, 5.2371e-03, 
 2DIAGNOSTIC,     3, -5.883921006118e-01, 1.797693134862e+308, 7.7328e-01, 4.9641e-03, 
 2DIAGNOSTIC,     4, -5.973582020753e-01, 1.797693134862e+308, 7.7864e-01, 5.3682e-03, 
 2DIAGNOSTIC,     5, -6.166279651899e-01, 1.797693134862e+308, 7.8331e-01, 4.6639e-03, 
 2DIAGNOSTIC,     6, -6.406440245330e-01, 1.797693134862e+308, 7.8877e-01, 5.4650e-03, 
 2DIAGNOSTIC,     7, -7.009864258476e-01, 1.797693134862e+308, 7.9478e-01, 6.0048e-03, 
 2DIAGNOSTIC,     8, -7.630482517624e-01, 1.797693134862e+308, 8.0014e-01, 5.3639e-03, 
 2DIAGNOSTIC,     9, -8.423469020715e-01, 1.797693134862e+308, 8.0889e-01, 8.7471e-03, 
 2DIAGNOSTIC,    10, -8.569694553089e-01, 2.845116132023e-02, 8.1530e-01, 6.4120e-03, 
 2DIAGNOSTIC,    11, -8.701917124160e-01, 2.871708896605e-02, 8.2200e-01, 6.6960e-03, 
 2DIAGNOSTIC,    12, -8.814645613296e-01, 2.683607374001e-02, 8.3204e-01, 1.0043e-02, 
 2DIAGNOSTIC,    13, -8.822368116042e-01, 2.307206283234e-02, 8.3877e-01, 6.7279e-03, 
 2DIAGNOSTIC,    14, -8.834458719152e-01, 1.815384139553e-02, 8.4450e-01, 5.7330e-03, 
 2DIAGNOSTIC,    15, -8.851322802057e-01, 1.292532925007e-02, 8.5076e-01, 6.2592e-03, 
 2DIAGNOSTIC,    16, -8.870480809606e-01, 7.902435058364e-03, 8.5728e-01, 6.5188e-03, 
 2DIAGNOSTIC,    17, -8.886777819797e-01, 4.189413170534e-03, 8.6466e-01, 7.3831e-03, 
 2DIAGNOSTIC,    18, -8.889448810452e-01, 1.810422429347e-03, 8.7226e-01, 7.6001e-03, 
 2DIAGNOSTIC,    19, -8.890594323315e-01, 1.083853130314e-03, 8.8016e-01, 7.8981e-03, 
 2DIAGNOSTIC,    20, -8.887882561656e-01, 5.969783261474e-04, 8.8646e-01, 6.2969e-03, 
 2DIAGNOSTIC,    21, -8.886098615629e-01, 3.264824929302e-04, 8.9401e-01, 7.5572e-03, 
 2DIAGNOSTIC,    22, -8.885249832433e-01, 2.361096534627e-04, 9.0044e-01, 6.4220e-03, 
 2DIAGNOSTIC,    23, -8.882875302752e-01, 1.410432912252e-04, 9.0758e-01, 7.1490e-03, 
 2DIAGNOSTIC,    24, -8.882052345109e-01, 5.851496524999e-05, 9.1293e-01, 5.3430e-03, 
DIAGNOSTIC,Iteration,metricValue,convergenceValue,ITERATION_TIME_INDEX,SINCE_LAST
 2DIAGNOSTIC,     1, -7.469015879499e-01, 1.797693134862e+308, 1.6661e+00, 7.5322e-01, 
 2DIAGNOSTIC,     2, -7.476337610289e-01, 1.797693134862e+308, 1.7157e+00, 4.9545e-02, 
 2DIAGNOSTIC,     3, -7.481984149184e-01, 1.797693134862e+308, 1.7596e+00, 4.3897e-02, 
 2DIAGNOSTIC,     4, -7.485348956870e-01, 1.797693134862e+308, 1.8039e+00, 4.4281e-02, 
 2DIAGNOSTIC,     5, -7.488723349206e-01, 1.797693134862e+308, 1.8469e+00, 4.3014e-02, 
 2DIAGNOSTIC,     6, -7.493028718143e-01, 1.797693134862e+308, 1.8953e+00, 4.8390e-02, 
 2DIAGNOSTIC,     7, -7.498240981494e-01, 1.797693134862e+308, 1.9570e+00, 6.1714e-02, 
 2DIAGNOSTIC,     8, -7.499189037787e-01, 1.797693134862e+308, 2.0004e+00, 4.3378e-02, 
 2DIAGNOSTIC,     9, -7.503981904141e-01, 1.797693134862e+308, 2.0524e+00, 5.2073e-02, 
 2DIAGNOSTIC,    10, -7.505578656659e-01, 3.049238837255e-04, 2.1007e+00, 4.8302e-02, 
 2DIAGNOSTIC,    11, -7.505341233995e-01, 2.389539914006e-04, 2.1494e+00, 4.8706e-02, 
 2DIAGNOSTIC,    12, -7.505061913958e-01, 1.848758145574e-04, 2.1995e+00, 5.0032e-02, 
 2DIAGNOSTIC,    13, -7.505141120951e-01, 1.393602386884e-04, 2.2459e+00, 4.6375e-02, 
 2DIAGNOSTIC,    14, -7.505102732805e-01, 9.677096774161e-05, 2.2903e+00, 4.4459e-02, 
 2DIAGNOSTIC,    15, -7.505029862743e-01, 5.935599147788e-05, 2.3354e+00, 4.5065e-02, 
 2DIAGNOSTIC,    16, -7.504912485385e-01, 3.116311012663e-05, 2.3781e+00, 4.2719e-02, 
 2DIAGNOSTIC,    17, -7.504804688737e-01, 1.513171390783e-05, 2.4196e+00, 4.1499e-02, 
 2DIAGNOSTIC,    18, -7.504860792588e-01, 1.517274091825e-06, 2.4660e+00, 4.6419e-02, 
DIAGNOSTIC,Iteration,metricValue,convergenceValue,ITERATION_TIME_INDEX,SINCE_LAST
 2DIAGNOSTIC,     1, -6.294116115585e-01, 1.797693134862e+308, 3.6859e+00, 1.2199e+00, 
 2DIAGNOSTIC,     2, -6.299274337656e-01, 1.797693134862e+308, 4.0214e+00, 3.3547e-01, 
 2DIAGNOSTIC,     3, -6.304606937537e-01, 1.797693134862e+308, 4.2941e+00, 2.7272e-01, 
 2DIAGNOSTIC,     4, -6.311440983212e-01, 1.797693134862e+308, 4.5742e+00, 2.8007e-01, 
 2DIAGNOSTIC,     5, -6.319613521834e-01, 1.797693134862e+308, 4.8525e+00, 2.7826e-01, 
 2DIAGNOSTIC,     6, -6.326508619540e-01, 1.797693134862e+308, 5.4406e+00, 5.8815e-01, 
 2DIAGNOSTIC,     7, -6.326442431682e-01, 1.797693134862e+308, 5.8988e+00, 4.5814e-01, 
 2DIAGNOSTIC,     8, -6.326421030186e-01, 1.797693134862e+308, 6.2391e+00, 3.4039e-01, 
 2DIAGNOSTIC,     9, -6.326413590294e-01, 1.797693134862e+308, 6.5916e+00, 3.5245e-01, 
 2DIAGNOSTIC,    10, -6.326405356492e-01, 3.607193929433e-04, 6.9647e+00, 3.7309e-01, 
 2DIAGNOSTIC,    11, -6.326380580921e-01, 2.475998136056e-04, 7.3048e+00, 3.4014e-01, 
 2DIAGNOSTIC,    12, -6.326382568530e-01, 1.509095216194e-04, 7.6038e+00, 2.9896e-01, 
 2DIAGNOSTIC,    13, -6.326371996783e-01, 7.419551118078e-05, 7.9338e+00, 3.3004e-01, 
 2DIAGNOSTIC,    14, -6.326376013330e-01, 2.341664795544e-05, 8.2801e+00, 3.4631e-01, 
 2DIAGNOSTIC,    15, -6.326364676181e-01, 1.358505320889e-06, 8.5872e+00, 3.0708e-01, 
 2DIAGNOSTIC,    16, -6.326355130161e-01, 1.489402984792e-06, 8.8891e+00, 3.0184e-01, 
 2DIAGNOSTIC,    17, -6.326348603391e-01, 1.460469319786e-06, 9.2896e+00, 4.0059e-01, 
 2DIAGNOSTIC,    18, -6.326337609266e-01, 1.391313731315e-06, 9.6469e+00, 3.5722e-01, 
 2DIAGNOSTIC,    19, -6.326327161509e-01, 1.322246816836e-06, 9.9398e+00, 2.9297e-01, 
 2DIAGNOSTIC,    20, -6.326305164243e-01, 1.226844784791e-06, 1.0288e+01, 3.4850e-01, 
 2DIAGNOSTIC,    21, -6.326298185322e-01, 1.107474474814e-06, 1.0591e+01, 3.0227e-01, 
 2DIAGNOSTIC,    22, -6.326281932487e-01, 1.008190440424e-06, 1.0871e+01, 2.8064e-01, 
DIAGNOSTIC,Iteration,metricValue,convergenceValue,ITERATION_TIME_INDEX,SINCE_LAST
 2DIAGNOSTIC,     1, -5.634463072148e-01, 1.797693134862e+308, 1.4003e+01, 3.1314e+00, 
 2DIAGNOSTIC,     2, -5.639251007939e-01, 1.797693134862e+308, 1.5878e+01, 1.8757e+00, 
 2DIAGNOSTIC,     3, -5.643935835287e-01, 1.797693134862e+308, 1.7846e+01, 1.9672e+00, 
 2DIAGNOSTIC,     4, -5.653421951718e-01, 1.797693134862e+308, 1.9820e+01, 1.9742e+00, 
 2DIAGNOSTIC,     5, -5.666806426190e-01, 1.797693134862e+308, 2.2984e+01, 3.1639e+00, 
 2DIAGNOSTIC,     6, -5.666788513583e-01, 1.797693134862e+308, 2.5906e+01, 2.9227e+00, 
 2DIAGNOSTIC,     7, -5.666781323948e-01, 1.797693134862e+308, 2.8384e+01, 2.4773e+00, 
 2DIAGNOSTIC,     8, -5.666783434369e-01, 1.797693134862e+308, 3.1097e+01, 2.7137e+00, 
 2DIAGNOSTIC,     9, -5.666783783850e-01, 1.797693134862e+308, 3.3900e+01, 2.8023e+00, 
 2DIAGNOSTIC,    10, -5.666783826599e-01, 3.983058342419e-04, 3.6078e+01, 2.1787e+00, 
 2DIAGNOSTIC,    11, -5.666785003955e-01, 2.625638370945e-04, 3.8571e+01, 2.4924e+00, 
 2DIAGNOSTIC,    12, -5.666783084983e-01, 1.470597899958e-04, 4.0825e+01, 2.2542e+00, 
 2DIAGNOSTIC,    13, -5.666782281020e-01, 5.397775450879e-05, 4.2991e+01, 2.1663e+00, 
 2DIAGNOSTIC,    14, -5.666781608428e-01, 2.173437891759e-06, 4.5363e+01, 2.3715e+00, 
 2DIAGNOSTIC,    15, -5.666780443411e-01, 2.093726732544e-06, 4.7429e+01, 2.0659e+00, 
 2DIAGNOSTIC,    16, -5.666779418053e-01, 1.967996467067e-06, 4.9382e+01, 1.9530e+00, 
 2DIAGNOSTIC,    17, -5.666778715120e-01, 1.835751247688e-06, 5.1559e+01, 2.1774e+00, 
 2DIAGNOSTIC,    18, -5.666778162778e-01, 1.726064380217e-06, 5.3665e+01, 2.1059e+00, 
 2DIAGNOSTIC,    19, -5.666778259743e-01, 1.633057255299e-06, 5.5573e+01, 1.9080e+00, 
 2DIAGNOSTIC,    20, -5.666779454118e-01, 1.556263120116e-06, 5.7642e+01, 2.0687e+00, 
 2DIAGNOSTIC,    21, -5.666782503157e-01, 1.500244634980e-06, 5.9885e+01, 2.2438e+00, 
 2DIAGNOSTIC,    22, -5.666783435125e-01, 1.448408826953e-06, 6.2739e+01, 2.8535e+00, 
 2DIAGNOSTIC,    23, -5.666784015670e-01, 1.400530974700e-06, 6.5065e+01, 2.3257e+00, 
 2DIAGNOSTIC,    24, -5.666783103962e-01, 1.351893049402e-06, 6.6878e+01, 1.8132e+00, 
 2DIAGNOSTIC,    25, -5.666781101003e-01, 1.298447340918e-06, 6.8954e+01, 2.0763e+00, 
 2DIAGNOSTIC,    26, -5.666779098016e-01, 1.240923408863e-06, 7.1090e+01, 2.1355e+00, 
 2DIAGNOSTIC,    27, -5.666778586936e-01, 1.183884093300e-06, 7.3321e+01, 2.2315e+00, 
 2DIAGNOSTIC,    28, -5.666776770655e-01, 1.126221580827e-06, 7.5586e+01, 2.2647e+00, 
 2DIAGNOSTIC,    29, -5.666776944868e-01, 1.074091509803e-06, 7.7833e+01, 2.2471e+00, 
 2DIAGNOSTIC,    30, -5.666775036752e-01, 1.026365951638e-06, 7.9929e+01, 2.0956e+00, 
  Elapsed time (stage 0): 8.1179e+01


Total elapsed time: 8.1184e+01
Info [verificarlo]: loaded backend libinterflop_vprec.so
Info [interflop-vprec]: load backend with: 
Info [interflop-vprec]: precision-binary32 = 20
Info [interflop-vprec]: range-binary32 = 7
Info [interflop-vprec]: precision-binary64 = 20
Info [interflop-vprec]: range-binary64 = 7
Info [interflop-vprec]: mode = ob
Info [interflop-vprec]: error-mode = rel
Info [interflop-vprec]: max-abs-error-exponent = -1022
Info [interflop-vprec]: daz = false
Info [interflop-vprec]: ftz = false
Info [interflop-vprec]: 	instrument = none
Info [interflop-vprec]: 	prec-input-file = (null)
Info [interflop-vprec]: 	prec-output-file = (null)
Info [interflop-vprec]: 	prec-log-file = (null)
All_Command_lines_OK
Using double precision for computations.
=============================================================================
The composite transform comprises the following transforms (in order): 
  1. /home/mdugre/scratch/mri-registration-rp/datasets/ds004513/derivatives/mri-registration-rp/0001/antsRegistration-r7-p20/sub-s017/affine_Composite.h5[0] (type = Euler3DTransform)
  2. /home/mdugre/scratch/mri-registration-rp/datasets/ds004513/derivatives/mri-registration-rp/0001/antsRegistration-r7-p20/sub-s017/affine_Composite.h5[1] (type = Euler3DTransform)
  3. /home/mdugre/scratch/mri-registration-rp/datasets/ds004513/derivatives/mri-registration-rp/0001/antsRegistration-r7-p20/sub-s017/affine_Composite.h5[2] (type = Euler3DTransform)
  4. /home/mdugre/scratch/mri-registration-rp/datasets/ds004513/derivatives/mri-registration-rp/0001/antsRegistration-r7-p20/sub-s017/affine_Composite.h5[3] (type = AffineTransform)
=============================================================================
  number of levels = 4
  fixed image: /templateflow/tpl-MNI152NLin2009cAsym/tpl-MNI152NLin2009cAsym_res-01_desc-brain_T1w.nii.gz
  moving image: /home/mdugre/scratch/mri-registration-rp/datasets/ds004513/derivatives/mri-registration-rp/antsBrainExtraction/sub-s017/BrainExtractionBrain.nii.gz
Dimension = 3
Number of stages = 1
Use histogram matching = false
Winsorize image intensities = true
  Lower quantile = 0.005
  Upper quantile = 0.995


Stage 1 State
   Image metric = CC
     Fixed image = Image (0x4bea6f0)
  RTTI typeinfo:   itk::Image<double, 3u>
  Reference Count: 2
  Modified Time: 1608
  Debug: Off
  Object Name: 
  Observers: 
    none
  Source: (none)
  Source output name: (none)
