
##########################
# Experiment information #
##########################

EXPERIMENT_NAME: antsRegistration-r8-p12
VFC_BACKENDS: libinterflop_vprec.so --range-binary32=8 --precision-binary32=12 --range-binary64=8 --precision-binary64=12

SIF_IMG: /home/mdugre/projects/rrg-glatard/mdugre/containers/ants-vprec-no_metrics.simg

SUBJECT_ID: s020
INPUT_IMG: /home/mdugre/scratch/mri-registration-rp/datasets/ds004513/derivatives/mri-registration-rp/antsBrainExtraction/sub-s020/BrainExtractionBrain.nii.gz
OUTPUT_DIR: /home/mdugre/scratch/mri-registration-rp/datasets/ds004513/derivatives/mri-registration-rp/0001/antsRegistration-r8-p12/sub-s020

FIXED_IMG: /templateflow/tpl-MNI152NLin2009cAsym/tpl-MNI152NLin2009cAsym_res-01_desc-brain_T1w.nii.gz
DATA_DIR: /home/mdugre/scratch/mri-registration-rp/datasets/ds004513
TEMPLATEFLOW_DIR: /home/mdugre/projects/rrg-glatard/mdugre/templateflow
ITK_GLOBAL_DEFAULT_NUMBER_OF_THREADS: 16
##########################

Info [verificarlo]: loaded backend libinterflop_ieee.so
Info [interflop-ieee]: load backend with:
Info [interflop-ieee]: debug = false
Info [interflop-ieee]: debug-binary = false
Info [interflop-ieee]: no-backend-name = false
Info [interflop-ieee]: print-new-line = false
Info [interflop-ieee]: print-subnormal-normalized = false
Info [interflop-ieee]: count-op = false
All_Command_lines_OK
Using double precision for computations.
=============================================================================
The composite transform comprises the following transforms (in order): 
  1. Center of mass alignment using fixed image: /templateflow/tpl-MNI152NLin2009cAsym/tpl-MNI152NLin2009cAsym_res-01_desc-brain_T1w.nii.gz and moving image: /home/mdugre/scratch/mri-registration-rp/datasets/ds004513/derivatives/mri-registration-rp/antsBrainExtraction/sub-s020/BrainExtractionBrain.nii.gz (type = Euler3DTransform)
=============================================================================
  number of levels = 1
  fixed image: /templateflow/tpl-MNI152NLin2009cAsym/tpl-MNI152NLin2009cAsym_res-01_desc-brain_T1w.nii.gz
  moving image: /home/mdugre/scratch/mri-registration-rp/datasets/ds004513/derivatives/mri-registration-rp/antsBrainExtraction/sub-s020/BrainExtractionBrain.nii.gz
Dimension = 3
Number of stages = 1
Use histogram matching = false
Winsorize image intensities = true
  Lower quantile = 0.005
  Upper quantile = 0.995


Stage 1 State
   Image metric = MattesMI
     Fixed image = Image (0x3879e70)
  RTTI typeinfo:   itk::Image<double, 3u>
  Reference Count: 2
  Modified Time: 2334
  Debug: Off
  Object Name: 
  Observers: 
    none
  Source: (none)
  Source output name: (none)
  Release Data: Off
  Data Released: False
  Global Release Data: Off
  PipelineMTime: 0
  UpdateMTime: 1943
  RealTimeStamp: 0 seconds 
  LargestPossibleRegion: 
    Dimension: 3
    Index: [0, 0, 0]
    Size: [193, 229, 193]
  BufferedRegion: 
    Dimension: 3
    Index: [0, 0, 0]
    Size: [193, 229, 193]
  RequestedRegion: 
    Dimension: 3
    Index: [0, 0, 0]
    Size: [193, 229, 193]
  Spacing: [1, 1, 1]
  Origin: [96, 132, -78]
  Direction: 
-1 0 0
0 -1 0
0 0 1

  IndexToPointMatrix: 
-1 0 0
0 -1 0
0 0 1

  PointToIndexMatrix: 
-1 0 0
0 -1 0
0 0 1

  Inverse Direction: 
-1 0 0
0 -1 0
0 0 1

  PixelContainer: 
    ImportImageContainer (0x3882c60)
      RTTI typeinfo:   itk::ImportImageContainer<unsigned long, double>
      Reference Count: 1
      Modified Time: 1940
      Debug: Off
      Object Name: 
      Observers: 
        none
      Pointer: 0x151cf3f6d010
      Container manages memory: true
      Size: 8530021
      Capacity: 8530021

     Moving image = Image (0x3885610)
  RTTI typeinfo:   itk::Image<double, 3u>
  Reference Count: 2
  Modified Time: 2335
  Debug: Off
  Object Name: 
  Observers: 
    none
  Source: (none)
  Source output name: (none)
  Release Data: Off
  Data Released: False
  Global Release Data: Off
  PipelineMTime: 0
  UpdateMTime: 2332
  RealTimeStamp: 0 seconds 
  LargestPossibleRegion: 
    Dimension: 3
    Index: [0, 0, 0]
    Size: [160, 240, 256]
  BufferedRegion: 
    Dimension: 3
    Index: [0, 0, 0]
    Size: [160, 240, 256]
  RequestedRegion: 
    Dimension: 3
    Index: [0, 0, 0]
    Size: [160, 240, 256]
  Spacing: [0.999995, 1, 1]
  Origin: [87.0906, 98.7205, -152.377]
  Direction: 
-0.996975 0.0261379 -0.0731913
-0.0260677 -0.999658 -0.00191374
-0.0732163 -2.46403e-08 0.997316

  IndexToPointMatrix: 
-0.996971 0.0261379 -0.0731913
-0.0260676 -0.999658 -0.00191374
-0.0732159 -2.46403e-08 0.997316

  PointToIndexMatrix: 
-0.99698 -0.0260679 -0.0732166
0.0261379 -0.999658 -2.46993e-08
-0.0731913 -0.00191374 0.997316

  Inverse Direction: 
-0.996975 -0.0260677 -0.0732163
0.0261379 -0.999658 -2.46993e-08
-0.0731913 -0.00191374 0.997316

  PixelContainer: 
    ImportImageContainer (0x391eef0)
      RTTI typeinfo:   itk::ImportImageContainer<unsigned long, double>
      Reference Count: 1
      Modified Time: 2329
      Debug: Off
      Object Name: 
      Observers: 
        none
      Pointer: 0x151cef46c010
      Container manages memory: true
      Size: 9830400
      Capacity: 9830400

     Weighting = 1
     Sampling strategy = regular
     Number of bins = 32
     Radius = 4
     Sampling percentage  = 0.25
   Transform = Rigid
     Gradient step = 0.1
     Update field sigma (voxel space) = 0
     Total field sigma (voxel space) = 0
     Update field time sigma = 0
     Total field time sigma  = 0
     Number of time indices = 0
     Number of time point samples = 0
Registration using 1 total stages.

Stage 0
  iterations = 0
  convergence threshold = 1e-06
  convergence window size = 10
  number of levels = 1
  using the Mattes MI metric (number of bins = 32, weight = 1, use gradient filter = 0)
  preprocessing:  winsorizing the image intensities
  Shrink factors (level 1 out of 1): [1, 1, 1]
  smoothing sigmas per level: [0]
  regular sampling (percentage = 0.25)

*** Running Euler3DTransform registration ***

  Elapsed time (stage 0): 1.13466


Total elapsed time: 1.13681
Info [verificarlo]: loaded backend libinterflop_ieee.so
Info [interflop-ieee]: load backend with:
Info [interflop-ieee]: debug = false
Info [interflop-ieee]: debug-binary = false
Info [interflop-ieee]: no-backend-name = false
Info [interflop-ieee]: print-new-line = false
Info [interflop-ieee]: print-subnormal-normalized = false
Info [interflop-ieee]: count-op = false
All_Command_lines_OK
Using double precision for computations.
=============================================================================
The composite transform comprises the following transforms (in order): 
  1. /home/mdugre/scratch/mri-registration-rp/datasets/ds004513/derivatives/mri-registration-rp/0001/antsRegistration-r8-p12/sub-s020/align_Composite.h5[0] (type = Euler3DTransform)
  2. /home/mdugre/scratch/mri-registration-rp/datasets/ds004513/derivatives/mri-registration-rp/0001/antsRegistration-r8-p12/sub-s020/align_Composite.h5[1] (type = Euler3DTransform)
=============================================================================
  number of levels = 4
  fixed image: /templateflow/tpl-MNI152NLin2009cAsym/tpl-MNI152NLin2009cAsym_res-01_desc-brain_T1w.nii.gz
  moving image: /home/mdugre/scratch/mri-registration-rp/datasets/ds004513/derivatives/mri-registration-rp/antsBrainExtraction/sub-s020/BrainExtractionBrain.nii.gz
Dimension = 3
Number of stages = 1
Use histogram matching = false
Winsorize image intensities = true
  Lower quantile = 0.005
  Upper quantile = 0.995


Stage 1 State
   Image metric = MattesMI
     Fixed image = Image (0x4c9f530)
  RTTI typeinfo:   itk::Image<double, 3u>
  Reference Count: 2
  Modified Time: 1580
  Debug: Off
  Object Name: 
  Observers: 
    none
  Source: (none)
  Source output name: (none)
  Release Data: Off
  Data Released: False
  Global Release Data: Off
  PipelineMTime: 0
  UpdateMTime: 1189
  RealTimeStamp: 0 seconds 
  LargestPossibleRegion: 
    Dimension: 3
    Index: [0, 0, 0]
    Size: [193, 229, 193]
  BufferedRegion: 
    Dimension: 3
    Index: [0, 0, 0]
    Size: [193, 229, 193]
  RequestedRegion: 
    Dimension: 3
    Index: [0, 0, 0]
    Size: [193, 229, 193]
  Spacing: [1, 1, 1]
  Origin: [96, 132, -78]
  Direction: 
-1 0 0
0 -1 0
0 0 1

  IndexToPointMatrix: 
-1 0 0
0 -1 0
0 0 1

  PointToIndexMatrix: 
-1 0 0
0 -1 0
0 0 1

  Inverse Direction: 
-1 0 0
0 -1 0
0 0 1

  PixelContainer: 
    ImportImageContainer (0x4d5dd60)
      RTTI typeinfo:   itk::ImportImageContainer<unsigned long, double>
      Reference Count: 1
      Modified Time: 1186
      Debug: Off
      Object Name: 
      Observers: 
        none
      Pointer: 0x14bb697df010
      Container manages memory: true
      Size: 8530021
      Capacity: 8530021

     Moving image = Image (0x4d4ff60)
  RTTI typeinfo:   itk::Image<double, 3u>
  Reference Count: 2
  Modified Time: 1581
  Debug: Off
  Object Name: 
  Observers: 
    none
  Source: (none)
  Source output name: (none)
  Release Data: Off
  Data Released: False
  Global Release Data: Off
  PipelineMTime: 0
  UpdateMTime: 1578
  RealTimeStamp: 0 seconds 
  LargestPossibleRegion: 
    Dimension: 3
    Index: [0, 0, 0]
    Size: [160, 240, 256]
  BufferedRegion: 
    Dimension: 3
    Index: [0, 0, 0]
    Size: [160, 240, 256]
  RequestedRegion: 
    Dimension: 3
    Index: [0, 0, 0]
    Size: [160, 240, 256]
  Spacing: [0.999995, 1, 1]
  Origin: [87.0906, 98.7205, -152.377]
  Direction: 
-0.996975 0.0261379 -0.0731913
-0.0260677 -0.999658 -0.00191374
-0.0732163 -2.46403e-08 0.997316

  IndexToPointMatrix: 
-0.996971 0.0261379 -0.0731913
-0.0260676 -0.999658 -0.00191374
-0.0732159 -2.46403e-08 0.997316

  PointToIndexMatrix: 
-0.99698 -0.0260679 -0.0732166
0.0261379 -0.999658 -2.46993e-08
-0.0731913 -0.00191374 0.997316

  Inverse Direction: 
-0.996975 -0.0260677 -0.0732163
0.0261379 -0.999658 -2.46993e-08
-0.0731913 -0.00191374 0.997316

  PixelContainer: 
    ImportImageContainer (0x4d416d0)
      RTTI typeinfo:   itk::ImportImageContainer<unsigned long, double>
      Reference Count: 1
      Modified Time: 1575
      Debug: Off
      Object Name: 
      Observers: 
        none
      Pointer: 0x14bb64cde010
      Container manages memory: true
      Size: 9830400
      Capacity: 9830400

     Weighting = 1
     Sampling strategy = regular
     Number of bins = 32
     Radius = 4
     Sampling percentage  = 0.25
   Transform = Rigid
     Gradient step = 0.1
     Update field sigma (voxel space) = 0
     Total field sigma (voxel space) = 0
     Update field time sigma = 0
     Total field time sigma  = 0
     Number of time indices = 0
     Number of time point samples = 0
Registration using 1 total stages.

Stage 0
  iterations = 1000x500x250x100
  convergence threshold = 1e-06
  convergence window size = 10
  number of levels = 4
  using the Mattes MI metric (number of bins = 32, weight = 1, use gradient filter = 0)
  preprocessing:  winsorizing the image intensities
  Shrink factors (level 1 out of 4): [8, 8, 8]
  Shrink factors (level 2 out of 4): [4, 4, 4]
  Shrink factors (level 3 out of 4): [2, 2, 2]
  Shrink factors (level 4 out of 4): [1, 1, 1]
  smoothing sigmas per level: [3, 2, 1, 0]
  regular sampling (percentage = 0.25)

*** Running Euler3DTransform registration ***

DIAGNOSTIC,Iteration,metricValue,convergenceValue,ITERATION_TIME_INDEX,SINCE_LAST
 2DIAGNOSTIC,     1, -3.791273390751e-01, 1.797693134862e+308, 7.0482e-01, 7.0482e-01, 
 2DIAGNOSTIC,     2, -3.803606001643e-01, 1.797693134862e+308, 7.0969e-01, 4.8749e-03, 
 2DIAGNOSTIC,     3, -3.828962034719e-01, 1.797693134862e+308, 7.1454e-01, 4.8499e-03, 
 2DIAGNOSTIC,     4, -3.876122532015e-01, 1.797693134862e+308, 7.1902e-01, 4.4808e-03, 
 2DIAGNOSTIC,     5, -3.904935334081e-01, 1.797693134862e+308, 7.2406e-01, 5.0330e-03, 
 2DIAGNOSTIC,     6, -3.911039700181e-01, 1.797693134862e+308, 7.2838e-01, 4.3221e-03, 
 2DIAGNOSTIC,     7, -3.914905453856e-01, 1.797693134862e+308, 7.3275e-01, 4.3721e-03, 
 2DIAGNOSTIC,     8, -3.925629083064e-01, 1.797693134862e+308, 7.3739e-01, 4.6360e-03, 
 2DIAGNOSTIC,     9, -3.981570789235e-01, 1.797693134862e+308, 7.4197e-01, 4.5810e-03, 
 2DIAGNOSTIC,    10, -4.079218556696e-01, 3.866687266231e-03, 7.4815e-01, 6.1829e-03, 
 2DIAGNOSTIC,    11, -4.246779602407e-01, 4.904320352955e-03, 7.5344e-01, 5.2900e-03, 
 2DIAGNOSTIC,    12, -4.297045200929e-01, 5.673254149495e-03, 7.5825e-01, 4.8082e-03, 
 2DIAGNOSTIC,    13, -4.335692915499e-01, 6.156954111588e-03, 7.6369e-01, 5.4381e-03, 
 2DIAGNOSTIC,    14, -4.439932007395e-01, 6.764094567498e-03, 7.6840e-01, 4.7181e-03, 
 2DIAGNOSTIC,    15, -4.466217673303e-01, 6.904768045537e-03, 7.7370e-01, 5.2922e-03, 
 2DIAGNOSTIC,    16, -4.513528166466e-01, 6.619270356832e-03, 7.7834e-01, 4.6389e-03, 
 2DIAGNOSTIC,    17, -4.528511001674e-01, 5.844785639065e-03, 7.8393e-01, 5.5969e-03, 
 2DIAGNOSTIC,    18, -4.555717392044e-01, 4.777374804061e-03, 7.9094e-01, 7.0128e-03, 
 2DIAGNOSTIC,    19, -4.559551118080e-01, 3.601534616734e-03, 7.9580e-01, 4.8580e-03, 
 2DIAGNOSTIC,    20, -4.573565966445e-01, 2.586714882264e-03, 8.0359e-01, 7.7879e-03, 
 2DIAGNOSTIC,    21, -4.575247710251e-01, 1.982969364650e-03, 8.0816e-01, 4.5741e-03, 
 2DIAGNOSTIC,    22, -4.577282419729e-01, 1.415635031282e-03, 8.1331e-01, 5.1491e-03, 
 2DIAGNOSTIC,    23, -4.579446775229e-01, 8.825808716365e-04, 8.1790e-01, 4.5850e-03, 
 2DIAGNOSTIC,    24, -4.580222522611e-01, 6.077357645774e-04, 8.2244e-01, 4.5459e-03, 
 2DIAGNOSTIC,    25, -4.581756720266e-01, 3.715373927447e-04, 8.2706e-01, 4.6201e-03, 
 2DIAGNOSTIC,    26, -4.586248960170e-01, 2.524139019329e-04, 8.3164e-01, 4.5750e-03, 
 2DIAGNOSTIC,    27, -4.589296889660e-01, 1.618785951913e-04, 8.3842e-01, 6.7780e-03, 
 2DIAGNOSTIC,    28, -4.591734485591e-01, 1.333143038951e-04, 8.4295e-01, 4.5300e-03, 
 2DIAGNOSTIC,    29, -4.592819699838e-01, 1.048448391859e-04, 8.4806e-01, 5.1141e-03, 
 2DIAGNOSTIC,    30, -4.597220216034e-01, 1.090950650696e-04, 8.5429e-01, 6.2270e-03, 
 2DIAGNOSTIC,    31, -4.598058879508e-01, 1.078071477620e-04, 8.5885e-01, 4.5619e-03, 
 2DIAGNOSTIC,    32, -4.606625077603e-01, 1.181255762267e-04, 8.6395e-01, 5.0950e-03, 
 2DIAGNOSTIC,    33, -4.610345830794e-01, 1.280759384718e-04, 8.6846e-01, 4.5178e-03, 
 2DIAGNOSTIC,    34, -4.611764776895e-01, 1.296346038686e-04, 8.7301e-01, 4.5419e-03, 
 2DIAGNOSTIC,    35, -4.615399144678e-01, 1.285492246991e-04, 8.7765e-01, 4.6451e-03, 
 2DIAGNOSTIC,    36, -4.621704538755e-01, 1.347154345968e-04, 8.8394e-01, 6.2940e-03, 
 2DIAGNOSTIC,    37, -4.629355325784e-01, 1.461605984520e-04, 8.8868e-01, 4.7362e-03, 
 2DIAGNOSTIC,    38, -4.632898835452e-01, 1.531207099211e-04, 8.9318e-01, 4.4942e-03, 
 2DIAGNOSTIC,    39, -4.639372122044e-01, 1.578854815857e-04, 8.9843e-01, 5.2500e-03, 
 2DIAGNOSTIC,    40, -4.659241649421e-01, 1.867575404152e-04, 9.0359e-01, 5.1649e-03, 
 2DIAGNOSTIC,    41, -4.814392682391e-01, 4.407670832152e-04, 9.0959e-01, 5.9969e-03, 
 2DIAGNOSTIC,    42, -4.901731465854e-01, 7.798524840233e-04, 9.1724e-01, 7.6561e-03, 
 2DIAGNOSTIC,    43, -4.939523147386e-01, 1.088562427240e-03, 9.2214e-01, 4.8981e-03, 
 2DIAGNOSTIC,    44, -4.984545854461e-01, 1.348739240542e-03, 9.2710e-01, 4.9610e-03, 
 2DIAGNOSTIC,    45, -5.064449389621e-01, 1.584786837574e-03, 9.3265e-01, 5.5459e-03, 
 2DIAGNOSTIC,    46, -5.138952743374e-01, 1.763419543155e-03, 9.3807e-01, 5.4252e-03, 
 2DIAGNOSTIC,    47, -5.137050479027e-01, 1.769754875853e-03, 9.4592e-01, 7.8461e-03, 
 2DIAGNOSTIC,    48, -5.150840228760e-01, 1.634484470282e-03, 9.5164e-01, 5.7240e-03, 
 2DIAGNOSTIC,    49, -5.160522750837e-01, 1.373156814032e-03, 9.5683e-01, 5.1818e-03, 
 2DIAGNOSTIC,    50, -5.170260859067e-01, 1.023826747018e-03, 9.6192e-01, 5.0900e-03, 
 2DIAGNOSTIC,    51, -5.170395000948e-01, 7.796911855057e-04, 9.6695e-01, 5.0311e-03, 
 2DIAGNOSTIC,    52, -5.170767910483e-01, 5.780304341626e-04, 9.7152e-01, 4.5700e-03, 
 2DIAGNOSTIC,    53, -5.174881586629e-01, 3.799434890613e-04, 9.7686e-01, 5.3461e-03, 
 2DIAGNOSTIC,    54, -5.221804068367e-01, 2.576337222270e-04, 9.8677e-01, 9.9058e-03, 
 2DIAGNOSTIC,    55, -5.221845739454e-01, 2.020712139578e-04, 9.9133e-01, 4.5581e-03, 
 2DIAGNOSTIC,    56, -5.222450093099e-01, 2.135114363527e-04, 9.9596e-01, 4.6329e-03, 
 2DIAGNOSTIC,    57, -5.223421133744e-01, 2.037359290454e-04, 1.0006e+00, 4.6391e-03, 
 2DIAGNOSTIC,    58, -5.224928718760e-01, 1.906508180111e-04, 1.0052e+00, 4.5571e-03, 
 2DIAGNOSTIC,    59, -5.227083371827e-01, 1.710142479225e-04, 1.0098e+00, 4.6511e-03, 
 2DIAGNOSTIC,    60, -5.229694427351e-01, 1.482347508892e-04, 1.0143e+00, 4.5352e-03, 
 2DIAGNOSTIC,    61, -5.231238436194e-01, 1.145720088767e-04, 1.0189e+00, 4.5519e-03, 
 2DIAGNOSTIC,    62, -5.231436999985e-01, 7.218458046527e-05, 1.0237e+00, 4.7872e-03, 
 2DIAGNOSTIC,    63, -5.231661579941e-01, 2.734868136262e-05, 1.0288e+00, 5.1689e-03, 
 2DIAGNOSTIC,    64, -5.233265318440e-01, 2.761167492447e-05, 1.0345e+00, 5.6548e-03, 
 2DIAGNOSTIC,    65, -5.233496935495e-01, 2.544622904117e-05, 1.0396e+00, 5.1100e-03, 
 2DIAGNOSTIC,    66, -5.233508961993e-01, 2.153036086436e-05, 1.0441e+00, 4.5300e-03, 
 2DIAGNOSTIC,    67, -5.233530607969e-01, 1.666135144236e-05, 1.0493e+00, 5.1320e-03, 
 2DIAGNOSTIC,    68, -5.233535883001e-01, 1.173195000283e-05, 1.0555e+00, 6.2449e-03, 
 2DIAGNOSTIC,    69, -5.232701250522e-01, 6.964441884780e-06, 1.0702e+00, 1.4642e-02, 
 2DIAGNOSTIC,    70, -5.232701250522e-01, 3.951603788216e-06, 1.0811e+00, 1.0951e-02, 
 2DIAGNOSTIC,    71, -5.232701250522e-01, 2.017999128783e-06, 1.0868e+00, 5.7280e-03, 
DIAGNOSTIC,Iteration,metricValue,convergenceValue,ITERATION_TIME_INDEX,SINCE_LAST
 2DIAGNOSTIC,     1, -4.145419287033e-01, 1.797693134862e+308, 1.8028e+00, 7.1595e-01, 
 2DIAGNOSTIC,     2, -4.150177334750e-01, 1.797693134862e+308, 1.8330e+00, 3.0165e-02, 
 2DIAGNOSTIC,     3, -4.156453291318e-01, 1.797693134862e+308, 1.8626e+00, 2.9639e-02, 
 2DIAGNOSTIC,     4, -4.161104605191e-01, 1.797693134862e+308, 1.8941e+00, 3.1508e-02, 
 2DIAGNOSTIC,     5, -4.162546308075e-01, 1.797693134862e+308, 1.9217e+00, 2.7568e-02, 
 2DIAGNOSTIC,     6, -4.163856623961e-01, 1.797693134862e+308, 1.9500e+00, 2.8295e-02, 
 2DIAGNOSTIC,     7, -4.164980434727e-01, 1.797693134862e+308, 1.9775e+00, 2.7503e-02, 
 2DIAGNOSTIC,     8, -4.169774606559e-01, 1.797693134862e+308, 2.0073e+00, 2.9836e-02, 
 2DIAGNOSTIC,     9, -4.175643355742e-01, 1.797693134862e+308, 2.0347e+00, 2.7372e-02, 
 2DIAGNOSTIC,    10, -4.181306715900e-01, 4.777376937955e-04, 2.0674e+00, 3.2706e-02, 
 2DIAGNOSTIC,    11, -4.187610929414e-01, 4.551658530314e-04, 2.0954e+00, 2.7975e-02, 
 2DIAGNOSTIC,    12, -4.190508891262e-01, 4.384250596130e-04, 2.1412e+00, 4.5833e-02, 
 2DIAGNOSTIC,    13, -4.191991865052e-01, 4.250073668802e-04, 2.1700e+00, 2.8783e-02, 
 2DIAGNOSTIC,    14, -4.193128090042e-01, 4.030675730787e-04, 2.1992e+00, 2.9246e-02, 
 2DIAGNOSTIC,    15, -4.195048247481e-01, 3.624981043065e-04, 2.2294e+00, 3.0205e-02, 
 2DIAGNOSTIC,    16, -4.196907954910e-01, 3.073257910446e-04, 2.2612e+00, 3.1753e-02, 
 2DIAGNOSTIC,    17, -4.206815992372e-01, 2.744516761158e-04, 2.3113e+00, 5.0095e-02, 
 2DIAGNOSTIC,    18, -4.209854323732e-01, 2.486679768500e-04, 2.3486e+00, 3.7340e-02, 
 2DIAGNOSTIC,    19, -4.210519775275e-01, 2.261019173037e-04, 2.3830e+00, 3.4395e-02, 
 2DIAGNOSTIC,    20, -4.210529046489e-01, 2.042881512882e-04, 2.4130e+00, 2.9960e-02, 
 2DIAGNOSTIC,    21, -4.210651522843e-01, 1.862736668224e-04, 2.4470e+00, 3.3993e-02, 
 2DIAGNOSTIC,    22, -4.211958832405e-01, 1.651027769618e-04, 2.4855e+00, 3.8494e-02, 
 2DIAGNOSTIC,    23, -4.211911784371e-01, 1.344049927128e-04, 2.5231e+00, 3.7595e-02, 
 2DIAGNOSTIC,    24, -4.211838409508e-01, 9.717703109525e-05, 2.5530e+00, 2.9927e-02, 
 2DIAGNOSTIC,    25, -4.211668316339e-01, 5.906614731135e-05, 2.5907e+00, 3.7723e-02, 
 2DIAGNOSTIC,    26, -4.211590102902e-01, 2.249152233376e-05, 2.6246e+00, 3.3890e-02, 
 2DIAGNOSTIC,    27, -4.211630931474e-01, 1.138082614848e-05, 2.6582e+00, 3.3628e-02, 
 2DIAGNOSTIC,    28, -4.211699727150e-01, 7.571312289144e-06, 2.6964e+00, 3.8145e-02, 
 2DIAGNOSTIC,    29, -4.211868647761e-01, 5.421084631384e-06, 2.7338e+00, 3.7458e-02, 
 2DIAGNOSTIC,    30, -4.211907360716e-01, 3.141266821528e-06, 2.7674e+00, 3.3623e-02, 
DIAGNOSTIC,Iteration,metricValue,convergenceValue,ITERATION_TIME_INDEX,SINCE_LAST
 2DIAGNOSTIC,     1, -3.600852745303e-01, 1.797693134862e+308, 3.8273e+00, 1.0599e+00, 
 2DIAGNOSTIC,     2, -3.601886380890e-01, 1.797693134862e+308, 4.0767e+00, 2.4944e-01, 
 2DIAGNOSTIC,     3, -3.604245491187e-01, 1.797693134862e+308, 4.3065e+00, 2.2971e-01, 
 2DIAGNOSTIC,     4, -3.609292775121e-01, 1.797693134862e+308, 4.5401e+00, 2.3365e-01, 
 2DIAGNOSTIC,     5, -3.613972907201e-01, 1.797693134862e+308, 4.8019e+00, 2.6176e-01, 
 2DIAGNOSTIC,     6, -3.614288195164e-01, 1.797693134862e+308, 5.0757e+00, 2.7385e-01, 
 2DIAGNOSTIC,     7, -3.614640305683e-01, 1.797693134862e+308, 5.4215e+00, 3.4580e-01, 
 2DIAGNOSTIC,     8, -3.614661768464e-01, 1.797693134862e+308, 5.6975e+00, 2.7599e-01, 
 2DIAGNOSTIC,     9, -3.614654088438e-01, 1.797693134862e+308, 5.9826e+00, 2.8512e-01, 
 2DIAGNOSTIC,    10, -3.614667312109e-01, 2.773745060454e-04, 6.3223e+00, 3.3965e-01, 
 2DIAGNOSTIC,    11, -3.614658808458e-01, 1.890937136539e-04, 6.5854e+00, 2.6309e-01, 
 2DIAGNOSTIC,    12, -3.614655655364e-01, 1.060167632211e-04, 6.8747e+00, 2.8938e-01, 
 2DIAGNOSTIC,    13, -3.614650908142e-01, 4.014121654020e-05, 7.1012e+00, 2.2650e-01, 
 2DIAGNOSTIC,    14, -3.614640814901e-01, 7.874484496961e-06, 7.3630e+00, 2.6181e-01, 
 2DIAGNOSTIC,    15, -3.614637675452e-01, 3.914524403459e-06, 7.6254e+00, 2.6234e-01, 
 2DIAGNOSTIC,    16, -3.614635130777e-01, 1.774607051752e-06, 7.8824e+00, 2.5706e-01, 
 2DIAGNOSTIC,    17, -3.614633159035e-01, 1.524597218049e-06, 8.1003e+00, 2.1786e-01, 
 2DIAGNOSTIC,    18, -3.614640705891e-01, 1.462834712015e-06, 8.3491e+00, 2.4878e-01, 
 2DIAGNOSTIC,    19, -3.614634642646e-01, 1.376439252070e-06, 8.5657e+00, 2.1661e-01, 
 2DIAGNOSTIC,    20, -3.614633412793e-01, 1.375449684683e-06, 8.7975e+00, 2.3181e-01, 
 2DIAGNOSTIC,    21, -3.614647326435e-01, 1.414999816339e-06, 9.0592e+00, 2.6169e-01, 
 2DIAGNOSTIC,    22, -3.614668501189e-01, 1.522878457706e-06, 9.2959e+00, 2.3673e-01, 
 2DIAGNOSTIC,    23, -3.614674982144e-01, 1.618993052385e-06, 9.5605e+00, 2.6456e-01, 
 2DIAGNOSTIC,    24, -3.614710657881e-01, 1.770210708761e-06, 9.7780e+00, 2.1747e-01, 
 2DIAGNOSTIC,    25, -3.614779997322e-01, 2.074551182139e-06, 9.9899e+00, 2.1189e-01, 
 2DIAGNOSTIC,    26, -3.614874942730e-01, 2.554460671524e-06, 1.0243e+01, 2.5325e-01, 
 2DIAGNOSTIC,    27, -3.614914831715e-01, 2.978005617590e-06, 1.0459e+01, 2.1547e-01, 
 2DIAGNOSTIC,    28, -3.615149688508e-01, 3.885879836893e-06, 1.0695e+01, 2.3599e-01, 
 2DIAGNOSTIC,    29, -3.617316974185e-01, 1.031939909032e-05, 1.1091e+01, 3.9611e-01, 
 2DIAGNOSTIC,    30, -3.617266339042e-01, 1.515784048683e-05, 1.1412e+01, 3.2152e-01, 
 2DIAGNOSTIC,    31, -3.617266476314e-01, 1.845975402965e-05, 1.1712e+01, 2.9978e-01, 
 2DIAGNOSTIC,    32, -3.617257620308e-01, 2.001751633190e-05, 1.2018e+01, 3.0557e-01, 
 2DIAGNOSTIC,    33, -3.617263785657e-01, 1.967929013291e-05, 1.2276e+01, 2.5808e-01, 
 2DIAGNOSTIC,    34, -3.617238697623e-01, 1.752157257534e-05, 1.2525e+01, 2.4915e-01, 
 2DIAGNOSTIC,    35, -3.617237520322e-01, 1.405316382678e-05, 1.2745e+01, 2.2032e-01, 
 2DIAGNOSTIC,    36, -3.617238917023e-01, 9.819204413935e-06, 1.3000e+01, 2.5537e-01, 
 2DIAGNOSTIC,    37, -3.617243881034e-01, 5.098066504877e-06, 1.3257e+01, 2.5629e-01, 
DIAGNOSTIC,Iteration,metricValue,convergenceValue,ITERATION_TIME_INDEX,SINCE_LAST
 2DIAGNOSTIC,     1, -3.311804604458e-01, 1.797693134862e+308, 1.5730e+01, 2.4731e+00, 
 2DIAGNOSTIC,     2, -3.313932798241e-01, 1.797693134862e+308, 1.7085e+01, 1.3552e+00, 
 2DIAGNOSTIC,     3, -3.317599533087e-01, 1.797693134862e+308, 1.8409e+01, 1.3235e+00, 
 2DIAGNOSTIC,     4, -3.321652227014e-01, 1.797693134862e+308, 1.9885e+01, 1.4761e+00, 
 2DIAGNOSTIC,     5, -3.323338908482e-01, 1.797693134862e+308, 2.1358e+01, 1.4736e+00, 
 2DIAGNOSTIC,     6, -3.325229833877e-01, 1.797693134862e+308, 2.3026e+01, 1.6673e+00, 
 2DIAGNOSTIC,     7, -3.326885630412e-01, 1.797693134862e+308, 2.5168e+01, 2.1429e+00, 
 2DIAGNOSTIC,     8, -3.326871170029e-01, 1.797693134862e+308, 2.6617e+01, 1.4490e+00, 
 2DIAGNOSTIC,     9, -3.327083623740e-01, 1.797693134862e+308, 2.8088e+01, 1.4702e+00, 
 2DIAGNOSTIC,    10, -3.327470281726e-01, 3.147492987023e-04, 2.9545e+01, 1.4575e+00, 
 2DIAGNOSTIC,    11, -3.327463370650e-01, 2.197649443093e-04, 3.1346e+01, 1.8010e+00, 
 2DIAGNOSTIC,    12, -3.327449499452e-01, 1.358633634471e-04, 3.2801e+01, 1.4551e+00, 
 2DIAGNOSTIC,    13, -3.327475589843e-01, 7.672250711391e-05, 3.4621e+01, 1.8199e+00, 
 2DIAGNOSTIC,    14, -3.327473733919e-01, 4.400858207079e-05, 3.6076e+01, 1.4550e+00, 
 2DIAGNOSTIC,    15, -3.327474176512e-01, 2.123097516823e-05, 3.7691e+01, 1.6150e+00, 
 2DIAGNOSTIC,    16, -3.327473099250e-01, 9.408982223708e-06, 3.9304e+01, 1.6128e+00, 
 2DIAGNOSTIC,    17, -3.327471043895e-01, 6.660379285775e-06, 4.1114e+01, 1.8103e+00, 
 2DIAGNOSTIC,    18, -3.327470463664e-01, 3.694877748650e-06, 4.2918e+01, 1.8034e+00, 
 2DIAGNOSTIC,    19, -3.327470089169e-01, 1.765794254892e-06, 4.4778e+01, 1.8601e+00, 
 2DIAGNOSTIC,    20, -3.327468867264e-01, 1.670609958447e-06, 4.6222e+01, 1.4445e+00, 
 2DIAGNOSTIC,    21, -3.327468463380e-01, 1.550338654330e-06, 4.7685e+01, 1.4632e+00, 
 2DIAGNOSTIC,    22, -3.327468955669e-01, 1.382970456570e-06, 4.9336e+01, 1.6511e+00, 
 2DIAGNOSTIC,    23, -3.327469967408e-01, 1.336946744084e-06, 5.0976e+01, 1.6392e+00, 
 2DIAGNOSTIC,    24, -3.327469393440e-01, 1.290248172678e-06, 5.2528e+01, 1.5528e+00, 
 2DIAGNOSTIC,    25, -3.327468774619e-01, 1.250264104677e-06, 5.4170e+01, 1.6411e+00, 
 2DIAGNOSTIC,    26, -3.327468127235e-01, 1.210117955723e-06, 5.5824e+01, 1.6549e+00, 
 2DIAGNOSTIC,    27, -3.327467501653e-01, 1.165735514147e-06, 5.7293e+01, 1.4684e+00, 
 2DIAGNOSTIC,    28, -3.327466926261e-01, 1.122150356164e-06, 5.8744e+01, 1.4514e+00, 
 2DIAGNOSTIC,    29, -3.327467833460e-01, 1.084649653850e-06, 6.0381e+01, 1.6367e+00, 
 2DIAGNOSTIC,    30, -3.327468714680e-01, 1.049911271915e-06, 6.1799e+01, 1.4178e+00, 
 2DIAGNOSTIC,    31, -3.327468323736e-01, 1.016210296211e-06, 6.3253e+01, 1.4542e+00, 
  Elapsed time (stage 0): 6.4135e+01


Total elapsed time: 6.4137e+01
Info [verificarlo]: loaded backend libinterflop_ieee.so
Info [interflop-ieee]: load backend with:
Info [interflop-ieee]: debug = false
Info [interflop-ieee]: debug-binary = false
Info [interflop-ieee]: no-backend-name = false
Info [interflop-ieee]: print-new-line = false
Info [interflop-ieee]: print-subnormal-normalized = false
Info [interflop-ieee]: count-op = false
All_Command_lines_OK
Using double precision for computations.
=============================================================================
The composite transform comprises the following transforms (in order): 
  1. /home/mdugre/scratch/mri-registration-rp/datasets/ds004513/derivatives/mri-registration-rp/0001/antsRegistration-r8-p12/sub-s020/rigid_Composite.h5[0] (type = Euler3DTransform)
  2. /home/mdugre/scratch/mri-registration-rp/datasets/ds004513/derivatives/mri-registration-rp/0001/antsRegistration-r8-p12/sub-s020/rigid_Composite.h5[1] (type = Euler3DTransform)
  3. /home/mdugre/scratch/mri-registration-rp/datasets/ds004513/derivatives/mri-registration-rp/0001/antsRegistration-r8-p12/sub-s020/rigid_Composite.h5[2] (type = Euler3DTransform)
=============================================================================
  number of levels = 4
  fixed image: /templateflow/tpl-MNI152NLin2009cAsym/tpl-MNI152NLin2009cAsym_res-01_desc-brain_T1w.nii.gz
  moving image: /home/mdugre/scratch/mri-registration-rp/datasets/ds004513/derivatives/mri-registration-rp/antsBrainExtraction/sub-s020/BrainExtractionBrain.nii.gz
Dimension = 3
Number of stages = 1
Use histogram matching = false
Winsorize image intensities = true
  Lower quantile = 0.005
  Upper quantile = 0.995


Stage 1 State
   Image metric = MattesMI
     Fixed image = Image (0x35547e0)
  RTTI typeinfo:   itk::Image<double, 3u>
  Reference Count: 2
  Modified Time: 1594
  Debug: Off
  Object Name: 
  Observers: 
    none
  Source: (none)
  Source output name: (none)
  Release Data: Off
  Data Released: False
  Global Release Data: Off
  PipelineMTime: 0
  UpdateMTime: 1203
  RealTimeStamp: 0 seconds 
  LargestPossibleRegion: 
    Dimension: 3
    Index: [0, 0, 0]
    Size: [193, 229, 193]
  BufferedRegion: 
    Dimension: 3
    Index: [0, 0, 0]
    Size: [193, 229, 193]
  RequestedRegion: 
    Dimension: 3
    Index: [0, 0, 0]
    Size: [193, 229, 193]
  Spacing: [1, 1, 1]
  Origin: [96, 132, -78]
  Direction: 
-1 0 0
0 -1 0
0 0 1

  IndexToPointMatrix: 
-1 0 0
0 -1 0
0 0 1

  PointToIndexMatrix: 
-1 0 0
0 -1 0
0 0 1

  Inverse Direction: 
-1 0 0
0 -1 0
0 0 1

  PixelContainer: 
    ImportImageContainer (0x3614a20)
      RTTI typeinfo:   itk::ImportImageContainer<unsigned long, double>
      Reference Count: 1
      Modified Time: 1200
      Debug: Off
      Object Name: 
      Observers: 
        none
      Pointer: 0x15550342d010
      Container manages memory: true
      Size: 8530021
      Capacity: 8530021

     Moving image = Image (0x360fd70)
  RTTI typeinfo:   itk::Image<double, 3u>
  Reference Count: 2
  Modified Time: 1595
  Debug: Off
  Object Name: 
  Observers: 
    none
  Source: (none)
  Source output name: (none)
  Release Data: Off
  Data Released: False
  Global Release Data: Off
  PipelineMTime: 0
  UpdateMTime: 1592
  RealTimeStamp: 0 seconds 
  LargestPossibleRegion: 
    Dimension: 3
    Index: [0, 0, 0]
    Size: [160, 240, 256]
  BufferedRegion: 
    Dimension: 3
    Index: [0, 0, 0]
    Size: [160, 240, 256]
  RequestedRegion: 
    Dimension: 3
    Index: [0, 0, 0]
    Size: [160, 240, 256]
  Spacing: [0.999995, 1, 1]
  Origin: [87.0906, 98.7205, -152.377]
  Direction: 
-0.996975 0.0261379 -0.0731913
-0.0260677 -0.999658 -0.00191374
-0.0732163 -2.46403e-08 0.997316

  IndexToPointMatrix: 
-0.996971 0.0261379 -0.0731913
-0.0260676 -0.999658 -0.00191374
-0.0732159 -2.46403e-08 0.997316

  PointToIndexMatrix: 
-0.99698 -0.0260679 -0.0732166
0.0261379 -0.999658 -2.46993e-08
-0.0731913 -0.00191374 0.997316

  Inverse Direction: 
-0.996975 -0.0260677 -0.0732163
0.0261379 -0.999658 -2.46993e-08
-0.0731913 -0.00191374 0.997316

  PixelContainer: 
    ImportImageContainer (0x35c7c90)
      RTTI typeinfo:   itk::ImportImageContainer<unsigned long, double>
      Reference Count: 1
      Modified Time: 1589
      Debug: Off
      Object Name: 
      Observers: 
        none
      Pointer: 0x1554fe92c010
      Container manages memory: true
      Size: 9830400
      Capacity: 9830400

     Weighting = 1
     Sampling strategy = regular
     Number of bins = 32
     Radius = 4
     Sampling percentage  = 0.25
   Transform = Affine
     Gradient step = 0.1
     Update field sigma (voxel space) = 0
     Total field sigma (voxel space) = 0
     Update field time sigma = 0
     Total field time sigma  = 0
     Number of time indices = 0
     Number of time point samples = 0
Registration using 1 total stages.

Stage 0
  iterations = 1000x500x250x100
  convergence threshold = 1e-06
  convergence window size = 10
  number of levels = 4
  using the Mattes MI metric (number of bins = 32, weight = 1, use gradient filter = 0)
  preprocessing:  winsorizing the image intensities
  Shrink factors (level 1 out of 4): [8, 8, 8]
  Shrink factors (level 2 out of 4): [4, 4, 4]
  Shrink factors (level 3 out of 4): [2, 2, 2]
  Shrink factors (level 4 out of 4): [1, 1, 1]
  smoothing sigmas per level: [3, 2, 1, 0]
  regular sampling (percentage = 0.25)

*** Running AffineTransform registration ***

DIAGNOSTIC,Iteration,metricValue,convergenceValue,ITERATION_TIME_INDEX,SINCE_LAST
 2DIAGNOSTIC,     1, -5.144946479100e-01, 1.797693134862e+308, 9.9204e-01, 9.9204e-01, 
 2DIAGNOSTIC,     2, -5.160389922549e-01, 1.797693134862e+308, 9.9868e-01, 6.6440e-03, 
 2DIAGNOSTIC,     3, -5.189912485910e-01, 1.797693134862e+308, 1.0048e+00, 6.0911e-03, 
 2DIAGNOSTIC,     4, -5.236730889047e-01, 1.797693134862e+308, 1.0106e+00, 5.8460e-03, 
 2DIAGNOSTIC,     5, -5.318092595303e-01, 1.797693134862e+308, 1.0166e+00, 5.9800e-03, 
 2DIAGNOSTIC,     6, -5.489861524359e-01, 1.797693134862e+308, 1.0226e+00, 5.9862e-03, 
 2DIAGNOSTIC,     7, -5.728183318198e-01, 1.797693134862e+308, 1.0287e+00, 6.1290e-03, 
 2DIAGNOSTIC,     8, -6.421291845467e-01, 1.797693134862e+308, 1.0348e+00, 6.0742e-03, 
 2DIAGNOSTIC,     9, -6.996723574637e-01, 1.797693134862e+308, 1.0469e+00, 1.2125e-02, 
 2DIAGNOSTIC,    10, -7.023717543581e-01, 2.268384700275e-02, 1.0539e+00, 7.0210e-03, 
 2DIAGNOSTIC,    11, -7.231918426049e-01, 2.391413579632e-02, 1.0602e+00, 6.2659e-03, 
 2DIAGNOSTIC,    12, -7.619348399244e-01, 2.423989733999e-02, 1.0661e+00, 5.8699e-03, 
 2DIAGNOSTIC,    13, -7.794911072312e-01, 2.296248953245e-02, 1.0726e+00, 6.5749e-03, 
 2DIAGNOSTIC,    14, -7.875975122270e-01, 2.023894867331e-02, 1.0796e+00, 6.9590e-03, 
 2DIAGNOSTIC,    15, -8.066537650630e-01, 1.695046477507e-02, 1.0864e+00, 6.7971e-03, 
 2DIAGNOSTIC,    16, -8.201477600998e-01, 1.347000816383e-02, 1.0930e+00, 6.5649e-03, 
 2DIAGNOSTIC,    17, -8.277373615095e-01, 1.000803467223e-02, 1.1004e+00, 7.3922e-03, 
 2DIAGNOSTIC,    18, -8.379335333432e-01, 7.932584143296e-03, 1.1069e+00, 6.5041e-03, 
 2DIAGNOSTIC,    19, -8.538369281229e-01, 7.015030464273e-03, 1.1152e+00, 8.3141e-03, 
 2DIAGNOSTIC,    20, -8.542619815190e-01, 5.621942861574e-03, 1.1225e+00, 7.2770e-03, 
 2DIAGNOSTIC,    21, -8.548152426639e-01, 4.272461045921e-03, 1.1293e+00, 6.8860e-03, 
 2DIAGNOSTIC,    22, -8.545812072342e-01, 3.380237737141e-03, 1.1357e+00, 6.3391e-03, 
 2DIAGNOSTIC,    23, -8.545990876550e-01, 2.572223154268e-03, 1.1415e+00, 5.7731e-03, 
 2DIAGNOSTIC,    24, -8.546795542910e-01, 1.730993958280e-03, 1.1480e+00, 6.5329e-03, 
 2DIAGNOSTIC,    25, -8.545836910733e-01, 1.102616241369e-03, 1.1542e+00, 6.1798e-03, 
 2DIAGNOSTIC,    26, -8.545587870249e-01, 6.324311928738e-04, 1.1607e+00, 6.5329e-03, 
 2DIAGNOSTIC,    27, -8.543565281047e-01, 2.484628390534e-04, 1.1669e+00, 6.1569e-03, 
 2DIAGNOSTIC,    28, -8.542631659667e-01, 6.036695379762e-06, 1.1724e+00, 5.5501e-03, 
DIAGNOSTIC,Iteration,metricValue,convergenceValue,ITERATION_TIME_INDEX,SINCE_LAST
 2DIAGNOSTIC,     1, -7.174258938268e-01, 1.797693134862e+308, 1.9760e+00, 8.0360e-01, 
 2DIAGNOSTIC,     2, -7.179481252257e-01, 1.797693134862e+308, 2.0206e+00, 4.4584e-02, 
 2DIAGNOSTIC,     3, -7.183457504023e-01, 1.797693134862e+308, 2.0593e+00, 3.8756e-02, 
 2DIAGNOSTIC,     4, -7.184914523083e-01, 1.797693134862e+308, 2.1039e+00, 4.4544e-02, 
 2DIAGNOSTIC,     5, -7.185882609220e-01, 1.797693134862e+308, 2.1453e+00, 4.1386e-02, 
 2DIAGNOSTIC,     6, -7.185422371851e-01, 1.797693134862e+308, 2.1812e+00, 3.5955e-02, 
 2DIAGNOSTIC,     7, -7.185676318386e-01, 1.797693134862e+308, 2.2435e+00, 6.2234e-02, 
 2DIAGNOSTIC,     8, -7.185536287932e-01, 1.797693134862e+308, 2.2877e+00, 4.4231e-02, 
 2DIAGNOSTIC,     9, -7.185483440045e-01, 1.797693134862e+308, 2.3364e+00, 4.8687e-02, 
 2DIAGNOSTIC,    10, -7.185137300568e-01, 7.384625662402e-05, 2.3835e+00, 4.7144e-02, 
 2DIAGNOSTIC,    11, -7.184905267328e-01, 2.868528890440e-05, 2.4253e+00, 4.1793e-02, 
 2DIAGNOSTIC,    12, -7.184828106611e-01, 5.435451504610e-06, 2.4699e+00, 4.4533e-02, 
DIAGNOSTIC,Iteration,metricValue,convergenceValue,ITERATION_TIME_INDEX,SINCE_LAST
 2DIAGNOSTIC,     1, -5.955413000926e-01, 1.797693134862e+308, 3.6474e+00, 1.1775e+00, 
 2DIAGNOSTIC,     2, -5.958267951383e-01, 1.797693134862e+308, 3.9738e+00, 3.2638e-01, 
 2DIAGNOSTIC,     3, -5.960275241796e-01, 1.797693134862e+308, 4.2764e+00, 3.0261e-01, 
 2DIAGNOSTIC,     4, -5.962611186338e-01, 1.797693134862e+308, 4.5542e+00, 2.7776e-01, 
 2DIAGNOSTIC,     5, -5.965383713848e-01, 1.797693134862e+308, 4.9530e+00, 3.9882e-01, 
 2DIAGNOSTIC,     6, -5.970164883647e-01, 1.797693134862e+308, 5.4029e+00, 4.4996e-01, 
 2DIAGNOSTIC,     7, -5.970297927653e-01, 1.797693134862e+308, 5.7196e+00, 3.1671e-01, 
 2DIAGNOSTIC,     8, -5.970876188341e-01, 1.797693134862e+308, 6.0312e+00, 3.1155e-01, 
 2DIAGNOSTIC,     9, -5.971189147542e-01, 1.797693134862e+308, 6.3725e+00, 3.4134e-01, 
 2DIAGNOSTIC,    10, -5.971285410976e-01, 1.888991851153e-04, 6.6806e+00, 3.0808e-01, 
 2DIAGNOSTIC,    11, -5.971454931460e-01, 1.389375744871e-04, 6.9570e+00, 2.7636e-01, 
 2DIAGNOSTIC,    12, -5.971718536308e-01, 9.747062340096e-05, 7.3415e+00, 3.8449e-01, 
 2DIAGNOSTIC,    13, -5.971772188419e-01, 6.148516888393e-05, 7.6786e+00, 3.3708e-01, 
 2DIAGNOSTIC,    14, -5.971770903286e-01, 3.314633379940e-05, 7.9613e+00, 2.8270e-01, 
 2DIAGNOSTIC,    15, -5.971799241139e-01, 1.426767260956e-05, 8.2876e+00, 3.2633e-01, 
 2DIAGNOSTIC,    16, -5.971782503888e-01, 1.083001608805e-05, 8.6545e+00, 3.6687e-01, 
 2DIAGNOSTIC,    17, -5.971758203857e-01, 7.243762353351e-06, 8.9811e+00, 3.2664e-01, 
 2DIAGNOSTIC,    18, -5.971741125896e-01, 5.028813135632e-06, 9.3237e+00, 3.4257e-01, 
 2DIAGNOSTIC,    19, -5.971733503605e-01, 3.518319903514e-06, 9.6093e+00, 2.8561e-01, 
 2DIAGNOSTIC,    20, -5.971741139629e-01, 2.231235472459e-06, 9.9212e+00, 3.1188e-01, 
 2DIAGNOSTIC,    21, -5.971736810197e-01, 1.365287594805e-06, 1.0261e+01, 3.3994e-01, 
 2DIAGNOSTIC,    22, -5.971759465096e-01, 1.210675979600e-06, 1.0587e+01, 3.2574e-01, 
 2DIAGNOSTIC,    23, -5.971765844463e-01, 1.215733762105e-06, 1.0865e+01, 2.7858e-01, 
 2DIAGNOSTIC,    24, -5.971762925833e-01, 1.225337568141e-06, 1.1231e+01, 3.6577e-01, 
 2DIAGNOSTIC,    25, -5.971779342777e-01, 1.329532137065e-06, 1.1533e+01, 3.0201e-01, 
 2DIAGNOSTIC,    26, -5.971761331049e-01, 1.356616341840e-06, 1.1910e+01, 3.7716e-01, 
 2DIAGNOSTIC,    27, -5.971767600178e-01, 1.338808922634e-06, 1.2265e+01, 3.5494e-01, 
 2DIAGNOSTIC,    28, -5.971798542223e-01, 1.330614893331e-06, 1.2556e+01, 2.9045e-01, 
 2DIAGNOSTIC,    29, -5.971782681260e-01, 1.264392509033e-06, 1.2872e+01, 3.1607e-01, 
 2DIAGNOSTIC,    30, -5.971808005790e-01, 1.241046599293e-06, 1.3226e+01, 3.5464e-01, 
 2DIAGNOSTIC,    31, -5.971801712795e-01, 1.184574914374e-06, 1.3493e+01, 2.6611e-01, 
 2DIAGNOSTIC,    32, -5.971773444908e-01, 1.108484909564e-06, 1.3840e+01, 3.4768e-01, 
 2DIAGNOSTIC,    33, -5.971778789266e-01, 1.044032829432e-06, 1.4155e+01, 3.1470e-01, 
DIAGNOSTIC,Iteration,metricValue,convergenceValue,ITERATION_TIME_INDEX,SINCE_LAST
 2DIAGNOSTIC,     1, -5.295178203693e-01, 1.797693134862e+308, 1.7180e+01, 3.0251e+00, 
 2DIAGNOSTIC,     2, -5.298599133958e-01, 1.797693134862e+308, 1.9102e+01, 1.9222e+00, 
 2DIAGNOSTIC,     3, -5.301383517511e-01, 1.797693134862e+308, 2.0928e+01, 1.8256e+00, 
 2DIAGNOSTIC,     4, -5.304481660157e-01, 1.797693134862e+308, 2.2959e+01, 2.0309e+00, 
 2DIAGNOSTIC,     5, -5.308019391445e-01, 1.797693134862e+308, 2.4983e+01, 2.0239e+00, 
 2DIAGNOSTIC,     6, -5.315736238769e-01, 1.797693134862e+308, 2.8358e+01, 3.3757e+00, 
 2DIAGNOSTIC,     7, -5.315733079316e-01, 1.797693134862e+308, 3.2320e+01, 3.9619e+00, 
 2DIAGNOSTIC,     8, -5.315733264679e-01, 1.797693134862e+308, 3.4299e+01, 1.9793e+00, 
 2DIAGNOSTIC,     9, -5.315734578865e-01, 1.797693134862e+308, 3.7000e+01, 2.7008e+00, 
 2DIAGNOSTIC,    10, -5.315734702641e-01, 2.822678456838e-04, 3.8979e+01, 1.9784e+00, 
 2DIAGNOSTIC,    11, -5.315733487940e-01, 2.032586684973e-04, 4.0936e+01, 1.9572e+00, 
 2DIAGNOSTIC,    12, -5.315732336188e-01, 1.346614495119e-04, 4.2766e+01, 1.8302e+00, 
 2DIAGNOSTIC,    13, -5.315731290862e-01, 7.649751026131e-05, 4.4536e+01, 1.7700e+00, 
 2DIAGNOSTIC,    14, -5.315730425409e-01, 3.173278163533e-05, 4.6315e+01, 1.7792e+00, 
 2DIAGNOSTIC,    15, -5.315729863844e-01, 2.082142521467e-06, 4.8311e+01, 1.9956e+00, 
 2DIAGNOSTIC,    16, -5.315730344639e-01, 1.954982509225e-06, 5.0166e+01, 1.8552e+00, 
