
##########################
# Experiment information #
##########################

EXPERIMENT_NAME: antsRegistration-r7-p23
VFC_BACKENDS: libinterflop_vprec.so --range-binary32=7 --precision-binary32=23 --range-binary64=7 --precision-binary64=23

SIF_IMG: /home/mdugre/projects/rrg-glatard/mdugre/containers/ants-vprec-no_metrics.simg

SUBJECT_ID: s017
INPUT_IMG: /home/mdugre/scratch/mri-registration-rp/datasets/ds004513/derivatives/mri-registration-rp/antsBrainExtraction/sub-s017/BrainExtractionBrain.nii.gz
OUTPUT_DIR: /home/mdugre/scratch/mri-registration-rp/datasets/ds004513/derivatives/mri-registration-rp/0001/antsRegistration-r7-p23/sub-s017

FIXED_IMG: /templateflow/tpl-MNI152NLin2009cAsym/tpl-MNI152NLin2009cAsym_res-01_desc-brain_T1w.nii.gz
DATA_DIR: /home/mdugre/scratch/mri-registration-rp/datasets/ds004513
TEMPLATEFLOW_DIR: /home/mdugre/projects/rrg-glatard/mdugre/templateflow
ITK_GLOBAL_DEFAULT_NUMBER_OF_THREADS: 16
##########################

Info [verificarlo]: loaded backend libinterflop_ieee.so
Info [interflop-ieee]: load backend with:
Info [interflop-ieee]: debug = false
Info [interflop-ieee]: debug-binary = false
Info [interflop-ieee]: no-backend-name = false
Info [interflop-ieee]: print-new-line = false
Info [interflop-ieee]: print-subnormal-normalized = false
Info [interflop-ieee]: count-op = false
All_Command_lines_OK
Using double precision for computations.
=============================================================================
The composite transform comprises the following transforms (in order): 
  1. Center of mass alignment using fixed image: /templateflow/tpl-MNI152NLin2009cAsym/tpl-MNI152NLin2009cAsym_res-01_desc-brain_T1w.nii.gz and moving image: /home/mdugre/scratch/mri-registration-rp/datasets/ds004513/derivatives/mri-registration-rp/antsBrainExtraction/sub-s017/BrainExtractionBrain.nii.gz (type = Euler3DTransform)
=============================================================================
  number of levels = 1
  fixed image: /templateflow/tpl-MNI152NLin2009cAsym/tpl-MNI152NLin2009cAsym_res-01_desc-brain_T1w.nii.gz
  moving image: /home/mdugre/scratch/mri-registration-rp/datasets/ds004513/derivatives/mri-registration-rp/antsBrainExtraction/sub-s017/BrainExtractionBrain.nii.gz
Dimension = 3
Number of stages = 1
Use histogram matching = false
Winsorize image intensities = true
  Lower quantile = 0.005
  Upper quantile = 0.995


Stage 1 State
   Image metric = MattesMI
     Fixed image = Image (0x4816e70)
  RTTI typeinfo:   itk::Image<double, 3u>
  Reference Count: 2
  Modified Time: 2334
  Debug: Off
  Object Name: 
  Observers: 
    none
  Source: (none)
  Source output name: (none)
  Release Data: Off
  Data Released: False
  Global Release Data: Off
  PipelineMTime: 0
  UpdateMTime: 1943
  RealTimeStamp: 0 seconds 
  LargestPossibleRegion: 
    Dimension: 3
    Index: [0, 0, 0]
    Size: [193, 229, 193]
  BufferedRegion: 
    Dimension: 3
    Index: [0, 0, 0]
    Size: [193, 229, 193]
  RequestedRegion: 
    Dimension: 3
    Index: [0, 0, 0]
    Size: [193, 229, 193]
  Spacing: [1, 1, 1]
  Origin: [96, 132, -78]
  Direction: 
-1 0 0
0 -1 0
0 0 1

  IndexToPointMatrix: 
-1 0 0
0 -1 0
0 0 1

  PointToIndexMatrix: 
-1 0 0
0 -1 0
0 0 1

  Inverse Direction: 
-1 0 0
0 -1 0
0 0 1

  PixelContainer: 
    ImportImageContainer (0x481fc60)
      RTTI typeinfo:   itk::ImportImageContainer<unsigned long, double>
      Reference Count: 1
      Modified Time: 1940
      Debug: Off
      Object Name: 
      Observers: 
        none
      Pointer: 0x151c21e1c010
      Container manages memory: true
      Size: 8530021
      Capacity: 8530021

     Moving image = Image (0x4822610)
  RTTI typeinfo:   itk::Image<double, 3u>
  Reference Count: 2
  Modified Time: 2335
  Debug: Off
  Object Name: 
  Observers: 
    none
  Source: (none)
  Source output name: (none)
  Release Data: Off
  Data Released: False
  Global Release Data: Off
  PipelineMTime: 0
  UpdateMTime: 2332
  RealTimeStamp: 0 seconds 
  LargestPossibleRegion: 
    Dimension: 3
    Index: [0, 0, 0]
    Size: [160, 240, 256]
  BufferedRegion: 
    Dimension: 3
    Index: [0, 0, 0]
    Size: [160, 240, 256]
  RequestedRegion: 
    Dimension: 3
    Index: [0, 0, 0]
    Size: [160, 240, 256]
  Spacing: [1, 1, 1]
  Origin: [91.3357, 102.231, -120.042]
  Direction: 
-0.997442 -5.36781e-05 -0.0714818
5.35416e-05 -1 3.82465e-06
-0.0714818 -1.23894e-08 0.997442

  IndexToPointMatrix: 
-0.997444 -5.36781e-05 -0.0714818
5.35418e-05 -1 3.82465e-06
-0.0714819 -1.23894e-08 0.997442

  PointToIndexMatrix: 
-0.99744 5.35415e-05 -0.0714816
-5.36781e-05 -1 -1.23894e-08
-0.0714818 3.82465e-06 0.997442

  Inverse Direction: 
-0.997442 5.35416e-05 -0.0714818
-5.36781e-05 -1 -1.23894e-08
-0.0714818 3.82465e-06 0.997442

  PixelContainer: 
    ImportImageContainer (0x48bbef0)
      RTTI typeinfo:   itk::ImportImageContainer<unsigned long, double>
      Reference Count: 1
      Modified Time: 2329
      Debug: Off
      Object Name: 
      Observers: 
        none
      Pointer: 0x151c1d31b010
      Container manages memory: true
      Size: 9830400
      Capacity: 9830400

     Weighting = 1
     Sampling strategy = regular
     Number of bins = 32
     Radius = 4
     Sampling percentage  = 0.25
   Transform = Rigid
     Gradient step = 0.1
     Update field sigma (voxel space) = 0
     Total field sigma (voxel space) = 0
     Update field time sigma = 0
     Total field time sigma  = 0
     Number of time indices = 0
     Number of time point samples = 0
Registration using 1 total stages.

Stage 0
  iterations = 0
  convergence threshold = 1e-06
  convergence window size = 10
  number of levels = 1
  using the Mattes MI metric (number of bins = 32, weight = 1, use gradient filter = 0)
  preprocessing:  winsorizing the image intensities
  Shrink factors (level 1 out of 1): [1, 1, 1]
  smoothing sigmas per level: [0]
  regular sampling (percentage = 0.25)

*** Running Euler3DTransform registration ***

  Elapsed time (stage 0): 1.11846


Total elapsed time: 1.12071
Info [verificarlo]: loaded backend libinterflop_ieee.so
Info [interflop-ieee]: load backend with:
Info [interflop-ieee]: debug = false
Info [interflop-ieee]: debug-binary = false
Info [interflop-ieee]: no-backend-name = false
Info [interflop-ieee]: print-new-line = false
Info [interflop-ieee]: print-subnormal-normalized = false
Info [interflop-ieee]: count-op = false
All_Command_lines_OK
Using double precision for computations.
=============================================================================
The composite transform comprises the following transforms (in order): 
  1. /home/mdugre/scratch/mri-registration-rp/datasets/ds004513/derivatives/mri-registration-rp/0001/antsRegistration-r7-p23/sub-s017/align_Composite.h5[0] (type = Euler3DTransform)
  2. /home/mdugre/scratch/mri-registration-rp/datasets/ds004513/derivatives/mri-registration-rp/0001/antsRegistration-r7-p23/sub-s017/align_Composite.h5[1] (type = Euler3DTransform)
=============================================================================
  number of levels = 4
  fixed image: /templateflow/tpl-MNI152NLin2009cAsym/tpl-MNI152NLin2009cAsym_res-01_desc-brain_T1w.nii.gz
  moving image: /home/mdugre/scratch/mri-registration-rp/datasets/ds004513/derivatives/mri-registration-rp/antsBrainExtraction/sub-s017/BrainExtractionBrain.nii.gz
Dimension = 3
Number of stages = 1
Use histogram matching = false
Winsorize image intensities = true
  Lower quantile = 0.005
  Upper quantile = 0.995


Stage 1 State
   Image metric = MattesMI
     Fixed image = Image (0x37ce530)
  RTTI typeinfo:   itk::Image<double, 3u>
  Reference Count: 2
  Modified Time: 1580
  Debug: Off
  Object Name: 
  Observers: 
    none
  Source: (none)
  Source output name: (none)
  Release Data: Off
  Data Released: False
  Global Release Data: Off
  PipelineMTime: 0
  UpdateMTime: 1189
  RealTimeStamp: 0 seconds 
  LargestPossibleRegion: 
    Dimension: 3
    Index: [0, 0, 0]
    Size: [193, 229, 193]
  BufferedRegion: 
    Dimension: 3
    Index: [0, 0, 0]
    Size: [193, 229, 193]
  RequestedRegion: 
    Dimension: 3
    Index: [0, 0, 0]
    Size: [193, 229, 193]
  Spacing: [1, 1, 1]
  Origin: [96, 132, -78]
  Direction: 
-1 0 0
0 -1 0
0 0 1

  IndexToPointMatrix: 
-1 0 0
0 -1 0
0 0 1

  PointToIndexMatrix: 
-1 0 0
0 -1 0
0 0 1

  Inverse Direction: 
-1 0 0
0 -1 0
0 0 1

  PixelContainer: 
    ImportImageContainer (0x388cd60)
      RTTI typeinfo:   itk::ImportImageContainer<unsigned long, double>
      Reference Count: 1
      Modified Time: 1186
      Debug: Off
      Object Name: 
      Observers: 
        none
      Pointer: 0x147bbf446010
      Container manages memory: true
      Size: 8530021
      Capacity: 8530021

     Moving image = Image (0x387ef60)
  RTTI typeinfo:   itk::Image<double, 3u>
  Reference Count: 2
  Modified Time: 1581
  Debug: Off
  Object Name: 
  Observers: 
    none
  Source: (none)
  Source output name: (none)
  Release Data: Off
  Data Released: False
  Global Release Data: Off
  PipelineMTime: 0
  UpdateMTime: 1578
  RealTimeStamp: 0 seconds 
  LargestPossibleRegion: 
    Dimension: 3
    Index: [0, 0, 0]
    Size: [160, 240, 256]
  BufferedRegion: 
    Dimension: 3
    Index: [0, 0, 0]
    Size: [160, 240, 256]
  RequestedRegion: 
    Dimension: 3
    Index: [0, 0, 0]
    Size: [160, 240, 256]
  Spacing: [1, 1, 1]
  Origin: [91.3357, 102.231, -120.042]
  Direction: 
-0.997442 -5.36781e-05 -0.0714818
5.35416e-05 -1 3.82465e-06
-0.0714818 -1.23894e-08 0.997442

  IndexToPointMatrix: 
-0.997444 -5.36781e-05 -0.0714818
5.35418e-05 -1 3.82465e-06
-0.0714819 -1.23894e-08 0.997442

  PointToIndexMatrix: 
-0.99744 5.35415e-05 -0.0714816
-5.36781e-05 -1 -1.23894e-08
-0.0714818 3.82465e-06 0.997442

  Inverse Direction: 
-0.997442 5.35416e-05 -0.0714818
-5.36781e-05 -1 -1.23894e-08
-0.0714818 3.82465e-06 0.997442

  PixelContainer: 
    ImportImageContainer (0x38706d0)
      RTTI typeinfo:   itk::ImportImageContainer<unsigned long, double>
      Reference Count: 1
      Modified Time: 1575
      Debug: Off
      Object Name: 
      Observers: 
        none
      Pointer: 0x147bba945010
      Container manages memory: true
      Size: 9830400
      Capacity: 9830400

     Weighting = 1
     Sampling strategy = regular
     Number of bins = 32
     Radius = 4
     Sampling percentage  = 0.25
   Transform = Rigid
     Gradient step = 0.1
     Update field sigma (voxel space) = 0
     Total field sigma (voxel space) = 0
     Update field time sigma = 0
     Total field time sigma  = 0
     Number of time indices = 0
     Number of time point samples = 0
Registration using 1 total stages.

Stage 0
  iterations = 1000x500x250x100
  convergence threshold = 1e-06
  convergence window size = 10
  number of levels = 4
  using the Mattes MI metric (number of bins = 32, weight = 1, use gradient filter = 0)
  preprocessing:  winsorizing the image intensities
  Shrink factors (level 1 out of 4): [8, 8, 8]
  Shrink factors (level 2 out of 4): [4, 4, 4]
  Shrink factors (level 3 out of 4): [2, 2, 2]
  Shrink factors (level 4 out of 4): [1, 1, 1]
  smoothing sigmas per level: [3, 2, 1, 0]
  regular sampling (percentage = 0.25)

*** Running Euler3DTransform registration ***

DIAGNOSTIC,Iteration,metricValue,convergenceValue,ITERATION_TIME_INDEX,SINCE_LAST
 2DIAGNOSTIC,     1, -5.567767283252e-01, 1.797693134862e+308, 8.6355e-01, 8.6355e-01, 
 2DIAGNOSTIC,     2, -5.584239703569e-01, 1.797693134862e+308, 8.6779e-01, 4.2422e-03, 
 2DIAGNOSTIC,     3, -5.612715515272e-01, 1.797693134862e+308, 8.7169e-01, 3.8931e-03, 
 2DIAGNOSTIC,     4, -5.637780194106e-01, 1.797693134862e+308, 8.7550e-01, 3.8190e-03, 
 2DIAGNOSTIC,     5, -5.658229214212e-01, 1.797693134862e+308, 8.7932e-01, 3.8180e-03, 
 2DIAGNOSTIC,     6, -5.696445468689e-01, 1.797693134862e+308, 8.8318e-01, 3.8571e-03, 
 2DIAGNOSTIC,     7, -5.734118275242e-01, 1.797693134862e+308, 8.8708e-01, 3.8981e-03, 
 2DIAGNOSTIC,     8, -5.754533484979e-01, 1.797693134862e+308, 8.9237e-01, 5.2929e-03, 
 2DIAGNOSTIC,     9, -5.763021950250e-01, 1.797693134862e+308, 8.9607e-01, 3.6979e-03, 
 2DIAGNOSTIC,    10, -5.771142770255e-01, 2.558085388189e-03, 9.0104e-01, 4.9758e-03, 
 2DIAGNOSTIC,    11, -5.785125587612e-01, 2.176117873031e-03, 9.0495e-01, 3.9041e-03, 
 2DIAGNOSTIC,    12, -5.799413348090e-01, 1.786767970983e-03, 9.0938e-01, 4.4310e-03, 
 2DIAGNOSTIC,    13, -5.809477908980e-01, 1.443124036835e-03, 9.1381e-01, 4.4291e-03, 
 2DIAGNOSTIC,    14, -5.814655964876e-01, 1.127354078216e-03, 9.1786e-01, 4.0519e-03, 
 2DIAGNOSTIC,    15, -5.819093877219e-01, 8.331089413525e-04, 9.2231e-01, 4.4451e-03, 
 2DIAGNOSTIC,    16, -5.822326442998e-01, 6.258215683232e-04, 9.2674e-01, 4.4329e-03, 
 2DIAGNOSTIC,    17, -5.825793599843e-01, 5.040365830237e-04, 9.3082e-01, 4.0791e-03, 
 2DIAGNOSTIC,    18, -5.863713925916e-01, 5.095725576647e-04, 9.3492e-01, 4.0979e-03, 
 2DIAGNOSTIC,    19, -5.901617810168e-01, 5.855607354920e-04, 9.4227e-01, 7.3519e-03, 
 2DIAGNOSTIC,    20, -5.906016223817e-01, 6.286272500330e-04, 9.4734e-01, 5.0731e-03, 
 2DIAGNOSTIC,    21, -5.907365705867e-01, 6.467002963865e-04, 9.5189e-01, 4.5540e-03, 
 2DIAGNOSTIC,    22, -5.906256574995e-01, 6.330265936412e-04, 9.5655e-01, 4.6542e-03, 
 2DIAGNOSTIC,    23, -5.906307681711e-01, 5.816453055211e-04, 9.6082e-01, 4.2751e-03, 
 2DIAGNOSTIC,    24, -5.905636622011e-01, 4.878472529252e-04, 9.6481e-01, 3.9861e-03, 
 2DIAGNOSTIC,    25, -5.906024985370e-01, 3.662279783984e-04, 9.6929e-01, 4.4770e-03, 
 2DIAGNOSTIC,    26, -5.906025304325e-01, 2.276984665091e-04, 9.7339e-01, 4.1070e-03, 
 2DIAGNOSTIC,    27, -5.906211320574e-01, 8.394584288857e-05, 9.7725e-01, 3.8610e-03, 
 2DIAGNOSTIC,    28, -5.908796758314e-01, 1.198925031205e-05, 9.8117e-01, 3.9160e-03, 
 2DIAGNOSTIC,    29, -5.911411552396e-01, 1.217108543256e-05, 9.8568e-01, 4.5140e-03, 
 2DIAGNOSTIC,    30, -5.915241330963e-01, 2.456301684493e-05, 9.9168e-01, 5.9910e-03, 
 2DIAGNOSTIC,    31, -5.916229825992e-01, 3.758205306072e-05, 9.9566e-01, 3.9849e-03, 
 2DIAGNOSTIC,    32, -5.916651208816e-01, 4.532975448859e-05, 9.9961e-01, 3.9539e-03, 
 2DIAGNOSTIC,    33, -5.916874987632e-01, 4.885284294277e-05, 1.0035e+00, 3.9349e-03, 
 2DIAGNOSTIC,    34, -5.917053822200e-01, 4.682712858418e-05, 1.0080e+00, 4.4038e-03, 
 2DIAGNOSTIC,    35, -5.917390904868e-01, 4.153275817067e-05, 1.0187e+00, 1.0793e-02, 
 2DIAGNOSTIC,    36, -5.917390912695e-01, 3.272086429207e-05, 1.0227e+00, 3.9582e-03, 
 2DIAGNOSTIC,    37, -5.917391070342e-01, 2.163060314720e-05, 1.0266e+00, 3.9320e-03, 
 2DIAGNOSTIC,    38, -5.917391330930e-01, 1.245673595308e-05, 1.0306e+00, 4.0100e-03, 
 2DIAGNOSTIC,    39, -5.917391754735e-01, 5.801896390489e-06, 1.0347e+00, 4.0050e-03, 
 2DIAGNOSTIC,    40, -5.917392424312e-01, 3.643428653884e-06, 1.0386e+00, 3.9868e-03, 
 2DIAGNOSTIC,    41, -5.917393428829e-01, 2.487109300221e-06, 1.0426e+00, 3.9499e-03, 
 2DIAGNOSTIC,    42, -5.917394845335e-01, 1.715730318416e-06, 1.0467e+00, 4.1568e-03, 
 2DIAGNOSTIC,    43, -5.917396625587e-01, 1.144189315301e-06, 1.0510e+00, 4.2770e-03, 
DIAGNOSTIC,Iteration,metricValue,convergenceValue,ITERATION_TIME_INDEX,SINCE_LAST
 2DIAGNOSTIC,     1, -4.784004501427e-01, 1.797693134862e+308, 1.7715e+00, 7.2046e-01, 
 2DIAGNOSTIC,     2, -4.783999131496e-01, 1.797693134862e+308, 1.8037e+00, 3.2270e-02, 
 2DIAGNOSTIC,     3, -4.784190365433e-01, 1.797693134862e+308, 1.8348e+00, 3.1078e-02, 
 2DIAGNOSTIC,     4, -4.785028756519e-01, 1.797693134862e+308, 1.8620e+00, 2.7124e-02, 
 2DIAGNOSTIC,     5, -4.786647485438e-01, 1.797693134862e+308, 1.8894e+00, 2.7401e-02, 
 2DIAGNOSTIC,     6, -4.788099932968e-01, 1.797693134862e+308, 1.9162e+00, 2.6843e-02, 
 2DIAGNOSTIC,     7, -4.794645847227e-01, 1.797693134862e+308, 1.9445e+00, 2.8266e-02, 
 2DIAGNOSTIC,     8, -4.813619171761e-01, 1.797693134862e+308, 1.9848e+00, 4.0328e-02, 
 2DIAGNOSTIC,     9, -4.817935635331e-01, 1.797693134862e+308, 2.0159e+00, 3.1146e-02, 
 2DIAGNOSTIC,    10, -4.822647496877e-01, 5.583367503205e-04, 2.0449e+00, 2.8959e-02, 
 2DIAGNOSTIC,    11, -4.831344909909e-01, 6.366384573262e-04, 2.0784e+00, 3.3515e-02, 
 2DIAGNOSTIC,    12, -4.835768992611e-01, 6.653898034984e-04, 2.1268e+00, 4.8391e-02, 
 2DIAGNOSTIC,    13, -4.835677565332e-01, 6.290342969359e-04, 2.1639e+00, 3.7061e-02, 
 2DIAGNOSTIC,    14, -4.835733047849e-01, 5.452729208413e-04, 2.2062e+00, 4.2325e-02, 
 2DIAGNOSTIC,    15, -4.835701547260e-01, 4.305772096705e-04, 2.2417e+00, 3.5504e-02, 
 2DIAGNOSTIC,    16, -4.835566913014e-01, 2.956272804868e-04, 2.2739e+00, 3.2233e-02, 
 2DIAGNOSTIC,    17, -4.835523104095e-01, 1.703980275933e-04, 2.3085e+00, 3.4578e-02, 
 2DIAGNOSTIC,    18, -4.835483887838e-01, 1.058854946670e-04, 2.3399e+00, 3.1419e-02, 
 2DIAGNOSTIC,    19, -4.835469915475e-01, 5.203914179307e-05, 2.3683e+00, 2.8372e-02, 
 2DIAGNOSTIC,    20, -4.835401827380e-01, 1.204163298781e-05, 2.4096e+00, 4.1316e-02, 
DIAGNOSTIC,Iteration,metricValue,convergenceValue,ITERATION_TIME_INDEX,SINCE_LAST
 2DIAGNOSTIC,     1, -4.161561167868e-01, 1.797693134862e+308, 3.5126e+00, 1.1030e+00, 
 2DIAGNOSTIC,     2, -4.161756893439e-01, 1.797693134862e+308, 3.7962e+00, 2.8363e-01, 
 2DIAGNOSTIC,     3, -4.161696114509e-01, 1.797693134862e+308, 4.0468e+00, 2.5061e-01, 
 2DIAGNOSTIC,     4, -4.161681503554e-01, 1.797693134862e+308, 4.4322e+00, 3.8538e-01, 
 2DIAGNOSTIC,     5, -4.161678896603e-01, 1.797693134862e+308, 4.6887e+00, 2.5647e-01, 
 2DIAGNOSTIC,     6, -4.161669123586e-01, 1.797693134862e+308, 4.9481e+00, 2.5939e-01, 
 2DIAGNOSTIC,     7, -4.161667485644e-01, 1.797693134862e+308, 5.2068e+00, 2.5875e-01, 
 2DIAGNOSTIC,     8, -4.161656816017e-01, 1.797693134862e+308, 5.4366e+00, 2.2976e-01, 
 2DIAGNOSTIC,     9, -4.161650043539e-01, 1.797693134862e+308, 5.7038e+00, 2.6726e-01, 
 2DIAGNOSTIC,    10, -4.161655463815e-01, 2.943366656877e-06, 5.9893e+00, 2.8544e-01, 
 2DIAGNOSTIC,    11, -4.161636420996e-01, 1.720591502816e-06, 6.2437e+00, 2.5441e-01, 
 2DIAGNOSTIC,    12, -4.161624970810e-01, 1.867462472979e-06, 6.5012e+00, 2.5755e-01, 
 2DIAGNOSTIC,    13, -4.161615819745e-01, 1.698398058317e-06, 6.7669e+00, 2.6563e-01, 
 2DIAGNOSTIC,    14, -4.161624603296e-01, 1.592444846141e-06, 7.0229e+00, 2.5602e-01, 
 2DIAGNOSTIC,    15, -4.161620529815e-01, 1.530180439108e-06, 7.2733e+00, 2.5039e-01, 
 2DIAGNOSTIC,    16, -4.161603835108e-01, 1.417836921536e-06, 7.5029e+00, 2.2965e-01, 
 2DIAGNOSTIC,    17, -4.161625251483e-01, 1.455414123885e-06, 7.7715e+00, 2.6855e-01, 
 2DIAGNOSTIC,    18, -4.161617349627e-01, 1.453854867689e-06, 8.0024e+00, 2.3089e-01, 
 2DIAGNOSTIC,    19, -4.161656140595e-01, 1.594928508243e-06, 8.2571e+00, 2.5476e-01, 
 2DIAGNOSTIC,    20, -4.161678254533e-01, 1.821576332710e-06, 8.6158e+00, 3.5865e-01, 
 2DIAGNOSTIC,    21, -4.161672172262e-01, 1.924327030001e-06, 8.8769e+00, 2.6113e-01, 
 2DIAGNOSTIC,    22, -4.161665846126e-01, 1.927748313833e-06, 9.1101e+00, 2.3316e-01, 
 2DIAGNOSTIC,    23, -4.161660793968e-01, 1.843028037102e-06, 9.3711e+00, 2.6099e-01, 
 2DIAGNOSTIC,    24, -4.161655365535e-01, 1.730448870148e-06, 9.6052e+00, 2.3417e-01, 
 2DIAGNOSTIC,    25, -4.161651834948e-01, 1.568353735236e-06, 9.8374e+00, 2.3219e-01, 
 2DIAGNOSTIC,    26, -4.161660037667e-01, 1.368374529548e-06, 1.0094e+01, 2.5621e-01, 
 2DIAGNOSTIC,    27, -4.161651045497e-01, 1.203105048558e-06, 1.0313e+01, 2.1987e-01, 
 2DIAGNOSTIC,    28, -4.161679884899e-01, 1.097088637499e-06, 1.0580e+01, 2.6630e-01, 
 2DIAGNOSTIC,    29, -4.161710849649e-01, 1.162831211619e-06, 1.0852e+01, 2.7241e-01, 
 2DIAGNOSTIC,    30, -4.161703640306e-01, 1.250475685423e-06, 1.1148e+01, 2.9542e-01, 
 2DIAGNOSTIC,    31, -4.161708142912e-01, 1.313167802948e-06, 1.1460e+01, 3.1271e-01, 
 2DIAGNOSTIC,    32, -4.161710089266e-01, 1.336085262725e-06, 1.1732e+01, 2.7137e-01, 
 2DIAGNOSTIC,    33, -4.161749613450e-01, 1.395595229374e-06, 1.1990e+01, 2.5796e-01, 
 2DIAGNOSTIC,    34, -4.161777487507e-01, 1.452526300637e-06, 1.2216e+01, 2.2622e-01, 
 2DIAGNOSTIC,    35, -4.161792220181e-01, 1.478601725852e-06, 1.2467e+01, 2.5152e-01, 
 2DIAGNOSTIC,    36, -4.161806859652e-01, 1.495439439343e-06, 1.2731e+01, 2.6374e-01, 
 2DIAGNOSTIC,    37, -4.161791778429e-01, 1.407680694749e-06, 1.2959e+01, 2.2797e-01, 
 2DIAGNOSTIC,    38, -4.161838486870e-01, 1.406626905030e-06, 1.3242e+01, 2.8239e-01, 
 2DIAGNOSTIC,    39, -4.161849953104e-01, 1.422742211252e-06, 1.3532e+01, 2.9088e-01, 
 2DIAGNOSTIC,    40, -4.161860914895e-01, 1.386764668564e-06, 1.3887e+01, 3.5415e-01, 
 2DIAGNOSTIC,    41, -4.161854987581e-01, 1.295749607024e-06, 1.4140e+01, 2.5305e-01, 
 2DIAGNOSTIC,    42, -4.161840259993e-01, 1.138573364864e-06, 1.4371e+01, 2.3179e-01, 
 2DIAGNOSTIC,    43, -4.161834049864e-01, 1.004201848467e-06, 1.4596e+01, 2.2418e-01, 
DIAGNOSTIC,Iteration,metricValue,convergenceValue,ITERATION_TIME_INDEX,SINCE_LAST
 2DIAGNOSTIC,     1, -3.834265912374e-01, 1.797693134862e+308, 1.7066e+01, 2.4703e+00, 
 2DIAGNOSTIC,     2, -3.834925053379e-01, 1.797693134862e+308, 1.9358e+01, 2.2925e+00, 
 2DIAGNOSTIC,     3, -3.834978116508e-01, 1.797693134862e+308, 2.1912e+01, 2.5540e+00, 
 2DIAGNOSTIC,     4, -3.835004127751e-01, 1.797693134862e+308, 2.4193e+01, 2.2808e+00, 
 2DIAGNOSTIC,     5, -3.835019582521e-01, 1.797693134862e+308, 2.6304e+01, 2.1107e+00, 
 2DIAGNOSTIC,     6, -3.835049957430e-01, 1.797693134862e+308, 2.8844e+01, 2.5396e+00, 
 2DIAGNOSTIC,     7, -3.835058343727e-01, 1.797693134862e+308, 3.1513e+01, 2.6697e+00, 
 2DIAGNOSTIC,     8, -3.835066498259e-01, 1.797693134862e+308, 3.3459e+01, 1.9462e+00, 
 2DIAGNOSTIC,     9, -3.835062955326e-01, 1.797693134862e+308, 3.5934e+01, 2.4741e+00, 
 2DIAGNOSTIC,    10, -3.835063109001e-01, 1.066660694660e-05, 3.8495e+01, 2.5610e+00, 
 2DIAGNOSTIC,    11, -3.835061571795e-01, 4.747040337871e-06, 4.2047e+01, 3.5522e+00, 
 2DIAGNOSTIC,    12, -3.835060832653e-01, 3.706200356959e-06, 4.3708e+01, 1.6613e+00, 
 2DIAGNOSTIC,    13, -3.835060190725e-01, 3.027825944732e-06, 4.5400e+01, 1.6919e+00, 
 2DIAGNOSTIC,    14, -3.835058638482e-01, 2.523466991575e-06, 4.7251e+01, 1.8507e+00, 
 2DIAGNOSTIC,    15, -3.835058006968e-01, 2.133709219185e-06, 4.8900e+01, 1.6495e+00, 
 2DIAGNOSTIC,    16, -3.835056463975e-01, 1.924177709361e-06, 5.1157e+01, 2.2567e+00, 
 2DIAGNOSTIC,    17, -3.835054775132e-01, 1.773328553126e-06, 5.3231e+01, 2.0739e+00, 
 2DIAGNOSTIC,    18, -3.835053086126e-01, 1.675385374655e-06, 5.5034e+01, 1.8028e+00, 
 2DIAGNOSTIC,    19, -3.835051448148e-01, 1.576051815555e-06, 5.6747e+01, 1.7137e+00, 
 2DIAGNOSTIC,    20, -3.835051658770e-01, 1.497295071866e-06, 5.8346e+01, 1.5986e+00, 
 2DIAGNOSTIC,    21, -3.835053779579e-01, 1.436675312043e-06, 5.9934e+01, 1.5886e+00, 
 2DIAGNOSTIC,    22, -3.835055901418e-01, 1.393331720209e-06, 6.1464e+01, 1.5301e+00, 
 2DIAGNOSTIC,    23, -3.835055251010e-01, 1.354581541747e-06, 6.2996e+01, 1.5315e+00, 
 2DIAGNOSTIC,    24, -3.835054518288e-01, 1.314933130075e-06, 6.4538e+01, 1.5419e+00, 
 2DIAGNOSTIC,    25, -3.835053813429e-01, 1.275595340501e-06, 6.7249e+01, 2.7109e+00, 
 2DIAGNOSTIC,    26, -3.835053141623e-01, 1.232550094217e-06, 6.9804e+01, 2.5555e+00, 
 2DIAGNOSTIC,    27, -3.835053494681e-01, 1.188143192173e-06, 7.1571e+01, 1.7662e+00, 
 2DIAGNOSTIC,    28, -3.835054089359e-01, 1.143229097458e-06, 7.3189e+01, 1.6184e+00, 
 2DIAGNOSTIC,    29, -3.835055814684e-01, 1.101082726725e-06, 7.4579e+01, 1.3899e+00, 
 2DIAGNOSTIC,    30, -3.835053714647e-01, 1.056523024776e-06, 7.6622e+01, 2.0436e+00, 
 2DIAGNOSTIC,    31, -3.835053052295e-01, 1.018740038432e-06, 7.8504e+01, 1.8815e+00, 
  Elapsed time (stage 0): 7.9358e+01


Total elapsed time: 7.9360e+01
Info [verificarlo]: loaded backend libinterflop_ieee.so
Info [interflop-ieee]: load backend with:
Info [interflop-ieee]: debug = false
Info [interflop-ieee]: debug-binary = false
Info [interflop-ieee]: no-backend-name = false
Info [interflop-ieee]: print-new-line = false
Info [interflop-ieee]: print-subnormal-normalized = false
Info [interflop-ieee]: count-op = false
All_Command_lines_OK
Using double precision for computations.
=============================================================================
The composite transform comprises the following transforms (in order): 
  1. /home/mdugre/scratch/mri-registration-rp/datasets/ds004513/derivatives/mri-registration-rp/0001/antsRegistration-r7-p23/sub-s017/rigid_Composite.h5[0] (type = Euler3DTransform)
  2. /home/mdugre/scratch/mri-registration-rp/datasets/ds004513/derivatives/mri-registration-rp/0001/antsRegistration-r7-p23/sub-s017/rigid_Composite.h5[1] (type = Euler3DTransform)
  3. /home/mdugre/scratch/mri-registration-rp/datasets/ds004513/derivatives/mri-registration-rp/0001/antsRegistration-r7-p23/sub-s017/rigid_Composite.h5[2] (type = Euler3DTransform)
=============================================================================
  number of levels = 4
  fixed image: /templateflow/tpl-MNI152NLin2009cAsym/tpl-MNI152NLin2009cAsym_res-01_desc-brain_T1w.nii.gz
  moving image: /home/mdugre/scratch/mri-registration-rp/datasets/ds004513/derivatives/mri-registration-rp/antsBrainExtraction/sub-s017/BrainExtractionBrain.nii.gz
Dimension = 3
Number of stages = 1
Use histogram matching = false
Winsorize image intensities = true
  Lower quantile = 0.005
  Upper quantile = 0.995


Stage 1 State
   Image metric = MattesMI
     Fixed image = Image (0x46597e0)
  RTTI typeinfo:   itk::Image<double, 3u>
  Reference Count: 2
  Modified Time: 1594
  Debug: Off
  Object Name: 
  Observers: 
    none
  Source: (none)
  Source output name: (none)
  Release Data: Off
  Data Released: False
  Global Release Data: Off
  PipelineMTime: 0
  UpdateMTime: 1203
  RealTimeStamp: 0 seconds 
  LargestPossibleRegion: 
    Dimension: 3
    Index: [0, 0, 0]
    Size: [193, 229, 193]
  BufferedRegion: 
    Dimension: 3
    Index: [0, 0, 0]
    Size: [193, 229, 193]
  RequestedRegion: 
    Dimension: 3
    Index: [0, 0, 0]
    Size: [193, 229, 193]
  Spacing: [1, 1, 1]
  Origin: [96, 132, -78]
  Direction: 
-1 0 0
0 -1 0
0 0 1

  IndexToPointMatrix: 
-1 0 0
0 -1 0
0 0 1

  PointToIndexMatrix: 
-1 0 0
0 -1 0
0 0 1

  Inverse Direction: 
-1 0 0
0 -1 0
0 0 1

  PixelContainer: 
    ImportImageContainer (0x4719a20)
      RTTI typeinfo:   itk::ImportImageContainer<unsigned long, double>
      Reference Count: 1
      Modified Time: 1200
      Debug: Off
      Object Name: 
      Observers: 
        none
      Pointer: 0x1489cf832010
      Container manages memory: true
      Size: 8530021
      Capacity: 8530021

     Moving image = Image (0x4714d70)
  RTTI typeinfo:   itk::Image<double, 3u>
  Reference Count: 2
  Modified Time: 1595
  Debug: Off
  Object Name: 
  Observers: 
    none
  Source: (none)
  Source output name: (none)
  Release Data: Off
  Data Released: False
  Global Release Data: Off
  PipelineMTime: 0
  UpdateMTime: 1592
  RealTimeStamp: 0 seconds 
  LargestPossibleRegion: 
    Dimension: 3
    Index: [0, 0, 0]
    Size: [160, 240, 256]
  BufferedRegion: 
    Dimension: 3
    Index: [0, 0, 0]
    Size: [160, 240, 256]
  RequestedRegion: 
    Dimension: 3
    Index: [0, 0, 0]
    Size: [160, 240, 256]
  Spacing: [1, 1, 1]
  Origin: [91.3357, 102.231, -120.042]
  Direction: 
-0.997442 -5.36781e-05 -0.0714818
5.35416e-05 -1 3.82465e-06
-0.0714818 -1.23894e-08 0.997442

  IndexToPointMatrix: 
-0.997444 -5.36781e-05 -0.0714818
5.35418e-05 -1 3.82465e-06
-0.0714819 -1.23894e-08 0.997442

  PointToIndexMatrix: 
-0.99744 5.35415e-05 -0.0714816
-5.36781e-05 -1 -1.23894e-08
-0.0714818 3.82465e-06 0.997442

  Inverse Direction: 
-0.997442 5.35416e-05 -0.0714818
-5.36781e-05 -1 -1.23894e-08
-0.0714818 3.82465e-06 0.997442

  PixelContainer: 
    ImportImageContainer (0x46ccc90)
      RTTI typeinfo:   itk::ImportImageContainer<unsigned long, double>
      Reference Count: 1
      Modified Time: 1589
      Debug: Off
      Object Name: 
      Observers: 
        none
      Pointer: 0x1489cad31010
      Container manages memory: true
      Size: 9830400
      Capacity: 9830400

     Weighting = 1
     Sampling strategy = regular
     Number of bins = 32
     Radius = 4
     Sampling percentage  = 0.25
   Transform = Affine
     Gradient step = 0.1
     Update field sigma (voxel space) = 0
     Total field sigma (voxel space) = 0
     Update field time sigma = 0
     Total field time sigma  = 0
     Number of time indices = 0
     Number of time point samples = 0
Registration using 1 total stages.

Stage 0
  iterations = 1000x500x250x100
  convergence threshold = 1e-06
  convergence window size = 10
  number of levels = 4
  using the Mattes MI metric (number of bins = 32, weight = 1, use gradient filter = 0)
  preprocessing:  winsorizing the image intensities
  Shrink factors (level 1 out of 4): [8, 8, 8]
  Shrink factors (level 2 out of 4): [4, 4, 4]
  Shrink factors (level 3 out of 4): [2, 2, 2]
  Shrink factors (level 4 out of 4): [1, 1, 1]
  smoothing sigmas per level: [3, 2, 1, 0]
  regular sampling (percentage = 0.25)

*** Running AffineTransform registration ***

DIAGNOSTIC,Iteration,metricValue,convergenceValue,ITERATION_TIME_INDEX,SINCE_LAST
 2DIAGNOSTIC,     1, -5.806290998372e-01, 1.797693134862e+308, 7.2961e-01, 7.2961e-01, 
 2DIAGNOSTIC,     2, -5.832407507874e-01, 1.797693134862e+308, 7.3432e-01, 4.7121e-03, 
 2DIAGNOSTIC,     3, -5.883921006332e-01, 1.797693134862e+308, 7.3896e-01, 4.6351e-03, 
 2DIAGNOSTIC,     4, -5.973582021307e-01, 1.797693134862e+308, 7.4342e-01, 4.4570e-03, 
 2DIAGNOSTIC,     5, -6.166279650686e-01, 1.797693134862e+308, 7.4791e-01, 4.4980e-03, 
 2DIAGNOSTIC,     6, -6.406440243112e-01, 1.797693134862e+308, 7.5248e-01, 4.5681e-03, 
 2DIAGNOSTIC,     7, -7.009864250980e-01, 1.797693134862e+308, 7.5736e-01, 4.8790e-03, 
 2DIAGNOSTIC,     8, -7.630482506511e-01, 1.797693134862e+308, 7.6219e-01, 4.8330e-03, 
 2DIAGNOSTIC,     9, -8.423469023844e-01, 1.797693134862e+308, 7.6963e-01, 7.4370e-03, 
 2DIAGNOSTIC,    10, -8.569694548249e-01, 2.845116127175e-02, 7.7470e-01, 5.0719e-03, 
 2DIAGNOSTIC,    11, -8.701917121191e-01, 2.871708893491e-02, 7.8043e-01, 5.7290e-03, 
 2DIAGNOSTIC,    12, -8.814645615092e-01, 2.683607374050e-02, 7.8973e-01, 9.3012e-03, 
 2DIAGNOSTIC,    13, -8.822368118596e-01, 2.307206286092e-02, 7.9497e-01, 5.2340e-03, 
 2DIAGNOSTIC,    14, -8.834458720678e-01, 1.815384144307e-02, 8.0005e-01, 5.0862e-03, 
 2DIAGNOSTIC,    15, -8.851322803046e-01, 1.292532930412e-02, 8.0518e-01, 5.1291e-03, 
 2DIAGNOSTIC,    16, -8.870480810180e-01, 7.902435110854e-03, 8.1059e-01, 5.4100e-03, 
 2DIAGNOSTIC,    17, -8.886777820151e-01, 4.189413205261e-03, 8.1704e-01, 6.4471e-03, 
 2DIAGNOSTIC,    18, -8.889448811206e-01, 1.810422438006e-03, 8.2343e-01, 6.3961e-03, 
 2DIAGNOSTIC,    19, -8.890594324203e-01, 1.083853143860e-03, 8.2938e-01, 5.9431e-03, 
 2DIAGNOSTIC,    20, -8.887882562475e-01, 5.969783282385e-04, 8.3514e-01, 5.7621e-03, 
 2DIAGNOSTIC,    21, -8.886098616405e-01, 3.264824875706e-04, 8.4212e-01, 6.9799e-03, 
 2DIAGNOSTIC,    22, -8.885249833194e-01, 2.361096496342e-04, 8.4787e-01, 5.7459e-03, 
 2DIAGNOSTIC,    23, -8.882875303515e-01, 1.410432903324e-04, 8.5362e-01, 5.7540e-03, 
 2DIAGNOSTIC,    24, -8.882052345862e-01, 5.851496557008e-05, 8.5877e-01, 5.1460e-03, 
DIAGNOSTIC,Iteration,metricValue,convergenceValue,ITERATION_TIME_INDEX,SINCE_LAST
 2DIAGNOSTIC,     1, -7.469015880076e-01, 1.797693134862e+308, 1.5690e+00, 7.1021e-01, 
 2DIAGNOSTIC,     2, -7.476337610760e-01, 1.797693134862e+308, 1.6028e+00, 3.3833e-02, 
 2DIAGNOSTIC,     3, -7.481984149556e-01, 1.797693134862e+308, 1.6394e+00, 3.6596e-02, 
 2DIAGNOSTIC,     4, -7.485348957202e-01, 1.797693134862e+308, 1.6752e+00, 3.5793e-02, 
 2DIAGNOSTIC,     5, -7.488723349485e-01, 1.797693134862e+308, 1.7107e+00, 3.5546e-02, 
 2DIAGNOSTIC,     6, -7.493028718768e-01, 1.797693134862e+308, 1.7528e+00, 4.2103e-02, 
 2DIAGNOSTIC,     7, -7.498240981746e-01, 1.797693134862e+308, 1.7964e+00, 4.3599e-02, 
 2DIAGNOSTIC,     8, -7.499189038229e-01, 1.797693134862e+308, 1.8334e+00, 3.6909e-02, 
 2DIAGNOSTIC,     9, -7.503981903958e-01, 1.797693134862e+308, 1.8781e+00, 4.4707e-02, 
 2DIAGNOSTIC,    10, -7.505578656841e-01, 3.049238803099e-04, 1.9157e+00, 3.7593e-02, 
 2DIAGNOSTIC,    11, -7.505341234037e-01, 2.389539881386e-04, 1.9564e+00, 4.0759e-02, 
 2DIAGNOSTIC,    12, -7.505061914274e-01, 1.848758122621e-04, 1.9968e+00, 4.0407e-02, 
 2DIAGNOSTIC,    13, -7.505141121276e-01, 1.393602371618e-04, 2.0373e+00, 4.0439e-02, 
 2DIAGNOSTIC,    14, -7.505102733104e-01, 9.677096685838e-05, 2.0772e+00, 3.9940e-02, 
 2DIAGNOSTIC,    15, -7.505029863027e-01, 5.935599103865e-05, 2.1227e+00, 4.5502e-02, 
 2DIAGNOSTIC,    16, -7.504912485658e-01, 3.116311091492e-05, 2.1642e+00, 4.1469e-02, 
 2DIAGNOSTIC,    17, -7.504804689001e-01, 1.513171482801e-05, 2.2012e+00, 3.7028e-02, 
 2DIAGNOSTIC,    18, -7.504860792831e-01, 1.517275441835e-06, 2.2387e+00, 3.7459e-02, 
DIAGNOSTIC,Iteration,metricValue,convergenceValue,ITERATION_TIME_INDEX,SINCE_LAST
 2DIAGNOSTIC,     1, -6.294116116007e-01, 1.797693134862e+308, 3.4022e+00, 1.1636e+00, 
 2DIAGNOSTIC,     2, -6.299274337943e-01, 1.797693134862e+308, 3.7124e+00, 3.1012e-01, 
 2DIAGNOSTIC,     3, -6.304606937746e-01, 1.797693134862e+308, 4.0597e+00, 3.4739e-01, 
 2DIAGNOSTIC,     4, -6.311440983376e-01, 1.797693134862e+308, 4.3893e+00, 3.2957e-01, 
 2DIAGNOSTIC,     5, -6.319613521818e-01, 1.797693134862e+308, 4.7240e+00, 3.3464e-01, 
 2DIAGNOSTIC,     6, -6.326508619994e-01, 1.797693134862e+308, 5.3328e+00, 6.0881e-01, 
 2DIAGNOSTIC,     7, -6.326442432141e-01, 1.797693134862e+308, 5.8471e+00, 5.1433e-01, 
 2DIAGNOSTIC,     8, -6.326421030652e-01, 1.797693134862e+308, 6.2146e+00, 3.6746e-01, 
 2DIAGNOSTIC,     9, -6.326413590768e-01, 1.797693134862e+308, 6.5787e+00, 3.6412e-01, 
 2DIAGNOSTIC,    10, -6.326405356968e-01, 3.607193956894e-04, 6.9796e+00, 4.0089e-01, 
 2DIAGNOSTIC,    11, -6.326380581399e-01, 2.475998171453e-04, 7.3444e+00, 3.6483e-01, 
 2DIAGNOSTIC,    12, -6.326382569009e-01, 1.509095249901e-04, 7.6600e+00, 3.1558e-01, 
 2DIAGNOSTIC,    13, -6.326371997250e-01, 7.419551381395e-05, 7.9683e+00, 3.0836e-01, 
 2DIAGNOSTIC,    14, -6.326376013803e-01, 2.341664962534e-05, 8.2916e+00, 3.2328e-01, 
 2DIAGNOSTIC,    15, -6.326364676655e-01, 1.358505423793e-06, 8.5849e+00, 2.9331e-01, 
 2DIAGNOSTIC,    16, -6.326355130643e-01, 1.489403053154e-06, 8.8711e+00, 2.8615e-01, 
 2DIAGNOSTIC,    17, -6.326348603873e-01, 1.460469361059e-06, 9.2319e+00, 3.6086e-01, 
 2DIAGNOSTIC,    18, -6.326337609751e-01, 1.391313770742e-06, 9.5314e+00, 2.9951e-01, 
 2DIAGNOSTIC,    19, -6.326327161993e-01, 1.322246870224e-06, 9.8513e+00, 3.1991e-01, 
 2DIAGNOSTIC,    20, -6.326305164734e-01, 1.226844862236e-06, 1.0165e+01, 3.1339e-01, 
 2DIAGNOSTIC,    21, -6.326298185814e-01, 1.107474572937e-06, 1.0485e+01, 3.2052e-01, 
 2DIAGNOSTIC,    22, -6.326281932984e-01, 1.008190562493e-06, 1.0772e+01, 2.8715e-01, 
DIAGNOSTIC,Iteration,metricValue,convergenceValue,ITERATION_TIME_INDEX,SINCE_LAST
 2DIAGNOSTIC,     1, -5.634463074259e-01, 1.797693134862e+308, 1.3735e+01, 2.9624e+00, 
 2DIAGNOSTIC,     2, -5.639251009777e-01, 1.797693134862e+308, 1.5486e+01, 1.7507e+00, 
 2DIAGNOSTIC,     3, -5.643935836466e-01, 1.797693134862e+308, 1.7238e+01, 1.7523e+00, 
 2DIAGNOSTIC,     4, -5.653421952606e-01, 1.797693134862e+308, 1.9255e+01, 2.0173e+00, 
 2DIAGNOSTIC,     5, -5.666806226994e-01, 1.797693134862e+308, 2.2273e+01, 3.0178e+00, 
 2DIAGNOSTIC,     6, -5.666788333060e-01, 1.797693134862e+308, 2.5173e+01, 2.9004e+00, 
 2DIAGNOSTIC,     7, -5.666781146149e-01, 1.797693134862e+308, 2.7334e+01, 2.1604e+00, 
 2DIAGNOSTIC,     8, -5.666783257127e-01, 1.797693134862e+308, 2.9851e+01, 2.5170e+00, 
 2DIAGNOSTIC,     9, -5.666785098901e-01, 1.797693134862e+308, 3.2649e+01, 2.7987e+00, 
 2DIAGNOSTIC,    10, -5.666783649561e-01, 3.983096615580e-04, 3.4954e+01, 2.3046e+00, 
 2DIAGNOSTIC,    11, -5.666784826956e-01, 2.625665722109e-04, 3.7400e+01, 2.4456e+00, 
 2DIAGNOSTIC,    12, -5.666783056713e-01, 1.470620026767e-04, 3.9416e+01, 2.0162e+00, 
 2DIAGNOSTIC,    13, -5.666780856623e-01, 5.397379045470e-05, 4.1385e+01, 1.9689e+00, 
 2DIAGNOSTIC,    14, -5.666780298414e-01, 2.165048933994e-06, 4.3324e+01, 1.9389e+00, 
 2DIAGNOSTIC,    15, -5.666779409404e-01, 2.082528811273e-06, 4.5234e+01, 1.9101e+00, 
 2DIAGNOSTIC,    16, -5.666778936988e-01, 1.957161594110e-06, 4.7248e+01, 2.0139e+00, 
 2DIAGNOSTIC,    17, -5.666778103398e-01, 1.825814247486e-06, 4.9071e+01, 1.8233e+00, 
 2DIAGNOSTIC,    18, -5.666777724882e-01, 1.718264537744e-06, 5.1505e+01, 2.4337e+00, 
 2DIAGNOSTIC,    19, -5.666778544364e-01, 1.633875668622e-06, 5.3733e+01, 2.2288e+00, 
 2DIAGNOSTIC,    20, -5.666778437799e-01, 1.557628766739e-06, 5.7179e+01, 3.4460e+00, 
 2DIAGNOSTIC,    21, -5.666780088116e-01, 1.498682079715e-06, 6.0622e+01, 3.4429e+00, 
 2DIAGNOSTIC,    22, -5.666781385659e-01, 1.445689610503e-06, 6.4456e+01, 3.8334e+00, 
 2DIAGNOSTIC,    23, -5.666782352814e-01, 1.394709787564e-06, 6.7912e+01, 3.4568e+00, 
 2DIAGNOSTIC,    24, -5.666783529266e-01, 1.348294738773e-06, 7.1739e+01, 3.8262e+00, 
 2DIAGNOSTIC,    25, -5.666783062964e-01, 1.300791922114e-06, 7.3986e+01, 2.2477e+00, 
 2DIAGNOSTIC,    26, -5.666780983203e-01, 1.249514301672e-06, 7.6159e+01, 2.1723e+00, 
 2DIAGNOSTIC,    27, -5.666777797536e-01, 1.192300094453e-06, 7.8274e+01, 2.1156e+00, 
 2DIAGNOSTIC,    28, -5.666778630980e-01, 1.138787725299e-06, 8.0232e+01, 1.9578e+00, 
 2DIAGNOSTIC,    29, -5.666776639024e-01, 1.086619895056e-06, 8.2032e+01, 1.8004e+00, 
 2DIAGNOSTIC,    30, -5.666776824429e-01, 1.039113235519e-06, 8.4034e+01, 2.0015e+00, 
  Elapsed time (stage 0): 8.5154e+01


Total elapsed time: 8.5157e+01
Info [verificarlo]: loaded backend libinterflop_vprec.so
Info [interflop-vprec]: load backend with: 
Info [interflop-vprec]: precision-binary32 = 23
Info [interflop-vprec]: range-binary32 = 7
Info [interflop-vprec]: precision-binary64 = 23
Info [interflop-vprec]: range-binary64 = 7
Info [interflop-vprec]: mode = ob
Info [interflop-vprec]: error-mode = rel
Info [interflop-vprec]: max-abs-error-exponent = -1022
Info [interflop-vprec]: daz = false
Info [interflop-vprec]: ftz = false
Info [interflop-vprec]: 	instrument = none
Info [interflop-vprec]: 	prec-input-file = (null)
Info [interflop-vprec]: 	prec-output-file = (null)
Info [interflop-vprec]: 	prec-log-file = (null)
All_Command_lines_OK
Using double precision for computations.
=============================================================================
The composite transform comprises the following transforms (in order): 
  1. /home/mdugre/scratch/mri-registration-rp/datasets/ds004513/derivatives/mri-registration-rp/0001/antsRegistration-r7-p23/sub-s017/affine_Composite.h5[0] (type = Euler3DTransform)
  2. /home/mdugre/scratch/mri-registration-rp/datasets/ds004513/derivatives/mri-registration-rp/0001/antsRegistration-r7-p23/sub-s017/affine_Composite.h5[1] (type = Euler3DTransform)
  3. /home/mdugre/scratch/mri-registration-rp/datasets/ds004513/derivatives/mri-registration-rp/0001/antsRegistration-r7-p23/sub-s017/affine_Composite.h5[2] (type = Euler3DTransform)
  4. /home/mdugre/scratch/mri-registration-rp/datasets/ds004513/derivatives/mri-registration-rp/0001/antsRegistration-r7-p23/sub-s017/affine_Composite.h5[3] (type = AffineTransform)
=============================================================================
  number of levels = 4
  fixed image: /templateflow/tpl-MNI152NLin2009cAsym/tpl-MNI152NLin2009cAsym_res-01_desc-brain_T1w.nii.gz
  moving image: /home/mdugre/scratch/mri-registration-rp/datasets/ds004513/derivatives/mri-registration-rp/antsBrainExtraction/sub-s017/BrainExtractionBrain.nii.gz
Dimension = 3
Number of stages = 1
Use histogram matching = false
Winsorize image intensities = true
  Lower quantile = 0.005
  Upper quantile = 0.995


Stage 1 State
   Image metric = CC
     Fixed image = Image (0x32c86f0)
  RTTI typeinfo:   itk::Image<double, 3u>
  Reference Count: 2
  Modified Time: 1608
  Debug: Off
  Object Name: 
  Observers: 
    none
  Source: (none)
  Source output name: (none)
