
##########################
# Experiment information #
##########################

EXPERIMENT_NAME: antsRegistration-r7-p11
VFC_BACKENDS: libinterflop_vprec.so --range-binary32=7 --precision-binary32=11 --range-binary64=7 --precision-binary64=11

SIF_IMG: /home/mdugre/projects/rrg-glatard/mdugre/containers/ants-vprec-no_metrics.simg

SUBJECT_ID: s014
INPUT_IMG: /home/mdugre/scratch/mri-registration-rp/datasets/ds004513/derivatives/mri-registration-rp/antsBrainExtraction/sub-s014/BrainExtractionBrain.nii.gz
OUTPUT_DIR: /home/mdugre/scratch/mri-registration-rp/datasets/ds004513/derivatives/mri-registration-rp/0001/antsRegistration-r7-p11/sub-s014

FIXED_IMG: /templateflow/tpl-MNI152NLin2009cAsym/tpl-MNI152NLin2009cAsym_res-01_desc-brain_T1w.nii.gz
DATA_DIR: /home/mdugre/scratch/mri-registration-rp/datasets/ds004513
TEMPLATEFLOW_DIR: /home/mdugre/projects/rrg-glatard/mdugre/templateflow
ITK_GLOBAL_DEFAULT_NUMBER_OF_THREADS: 16
##########################

Info [verificarlo]: loaded backend libinterflop_ieee.so
Info [interflop-ieee]: load backend with:
Info [interflop-ieee]: debug = false
Info [interflop-ieee]: debug-binary = false
Info [interflop-ieee]: no-backend-name = false
Info [interflop-ieee]: print-new-line = false
Info [interflop-ieee]: print-subnormal-normalized = false
Info [interflop-ieee]: count-op = false
All_Command_lines_OK
Using double precision for computations.
=============================================================================
The composite transform comprises the following transforms (in order): 
  1. Center of mass alignment using fixed image: /templateflow/tpl-MNI152NLin2009cAsym/tpl-MNI152NLin2009cAsym_res-01_desc-brain_T1w.nii.gz and moving image: /home/mdugre/scratch/mri-registration-rp/datasets/ds004513/derivatives/mri-registration-rp/antsBrainExtraction/sub-s014/BrainExtractionBrain.nii.gz (type = Euler3DTransform)
=============================================================================
  number of levels = 1
  fixed image: /templateflow/tpl-MNI152NLin2009cAsym/tpl-MNI152NLin2009cAsym_res-01_desc-brain_T1w.nii.gz
  moving image: /home/mdugre/scratch/mri-registration-rp/datasets/ds004513/derivatives/mri-registration-rp/antsBrainExtraction/sub-s014/BrainExtractionBrain.nii.gz
Dimension = 3
Number of stages = 1
Use histogram matching = false
Winsorize image intensities = true
  Lower quantile = 0.005
  Upper quantile = 0.995


Stage 1 State
   Image metric = MattesMI
     Fixed image = Image (0x4a59e70)
  RTTI typeinfo:   itk::Image<double, 3u>
  Reference Count: 2
  Modified Time: 2334
  Debug: Off
  Object Name: 
  Observers: 
    none
  Source: (none)
  Source output name: (none)
  Release Data: Off
  Data Released: False
  Global Release Data: Off
  PipelineMTime: 0
  UpdateMTime: 1943
  RealTimeStamp: 0 seconds 
  LargestPossibleRegion: 
    Dimension: 3
    Index: [0, 0, 0]
    Size: [193, 229, 193]
  BufferedRegion: 
    Dimension: 3
    Index: [0, 0, 0]
    Size: [193, 229, 193]
  RequestedRegion: 
    Dimension: 3
    Index: [0, 0, 0]
    Size: [193, 229, 193]
  Spacing: [1, 1, 1]
  Origin: [96, 132, -78]
  Direction: 
-1 0 0
0 -1 0
0 0 1

  IndexToPointMatrix: 
-1 0 0
0 -1 0
0 0 1

  PointToIndexMatrix: 
-1 0 0
0 -1 0
0 0 1

  Inverse Direction: 
-1 0 0
0 -1 0
0 0 1

  PixelContainer: 
    ImportImageContainer (0x4a66140)
      RTTI typeinfo:   itk::ImportImageContainer<unsigned long, double>
      Reference Count: 1
      Modified Time: 1940
      Debug: Off
      Object Name: 
      Observers: 
        none
      Pointer: 0x14ed714bb010
      Container manages memory: true
      Size: 8530021
      Capacity: 8530021

     Moving image = Image (0x4a63310)
  RTTI typeinfo:   itk::Image<double, 3u>
  Reference Count: 2
  Modified Time: 2335
  Debug: Off
  Object Name: 
  Observers: 
    none
  Source: (none)
  Source output name: (none)
  Release Data: Off
  Data Released: False
  Global Release Data: Off
  PipelineMTime: 0
  UpdateMTime: 2332
  RealTimeStamp: 0 seconds 
  LargestPossibleRegion: 
    Dimension: 3
    Index: [0, 0, 0]
    Size: [160, 240, 256]
  BufferedRegion: 
    Dimension: 3
    Index: [0, 0, 0]
    Size: [160, 240, 256]
  RequestedRegion: 
    Dimension: 3
    Index: [0, 0, 0]
    Size: [160, 240, 256]
  Spacing: [0.999999, 1, 1]
  Origin: [84.1637, 106.709, -120.531]
  Direction: 
-0.999619 -0.0226874 -0.0157033
0.0226846 -0.999743 0.00035635
-0.0157073 -7.8229e-09 0.999877

  IndexToPointMatrix: 
-0.999619 -0.0226874 -0.0157033
0.0226845 -0.999743 0.00035635
-0.0157073 -7.8229e-09 0.999877

  PointToIndexMatrix: 
-0.99962 0.0226846 -0.0157073
-0.0226874 -0.999743 -7.83127e-09
-0.0157033 0.00035635 0.999877

  Inverse Direction: 
-0.999619 0.0226846 -0.0157073
-0.0226874 -0.999743 -7.83127e-09
-0.0157033 0.00035635 0.999877

  PixelContainer: 
    ImportImageContainer (0x4b8e610)
      RTTI typeinfo:   itk::ImportImageContainer<unsigned long, double>
      Reference Count: 1
      Modified Time: 2329
      Debug: Off
      Object Name: 
      Observers: 
        none
      Pointer: 0x14ed6c9ba010
      Container manages memory: true
      Size: 9830400
      Capacity: 9830400

     Weighting = 1
     Sampling strategy = regular
     Number of bins = 32
     Radius = 4
     Sampling percentage  = 0.25
   Transform = Rigid
     Gradient step = 0.1
     Update field sigma (voxel space) = 0
     Total field sigma (voxel space) = 0
     Update field time sigma = 0
     Total field time sigma  = 0
     Number of time indices = 0
     Number of time point samples = 0
Registration using 1 total stages.

Stage 0
  iterations = 0
  convergence threshold = 1e-06
  convergence window size = 10
  number of levels = 1
  using the Mattes MI metric (number of bins = 32, weight = 1, use gradient filter = 0)
  preprocessing:  winsorizing the image intensities
  Shrink factors (level 1 out of 1): [1, 1, 1]
  smoothing sigmas per level: [0]
  regular sampling (percentage = 0.25)

*** Running Euler3DTransform registration ***

  Elapsed time (stage 0): 1.10775


Total elapsed time: 1.11022
Info [verificarlo]: loaded backend libinterflop_ieee.so
Info [interflop-ieee]: load backend with:
Info [interflop-ieee]: debug = false
Info [interflop-ieee]: debug-binary = false
Info [interflop-ieee]: no-backend-name = false
Info [interflop-ieee]: print-new-line = false
Info [interflop-ieee]: print-subnormal-normalized = false
Info [interflop-ieee]: count-op = false
All_Command_lines_OK
Using double precision for computations.
=============================================================================
The composite transform comprises the following transforms (in order): 
  1. /home/mdugre/scratch/mri-registration-rp/datasets/ds004513/derivatives/mri-registration-rp/0001/antsRegistration-r7-p11/sub-s014/align_Composite.h5[0] (type = Euler3DTransform)
  2. /home/mdugre/scratch/mri-registration-rp/datasets/ds004513/derivatives/mri-registration-rp/0001/antsRegistration-r7-p11/sub-s014/align_Composite.h5[1] (type = Euler3DTransform)
=============================================================================
  number of levels = 4
  fixed image: /templateflow/tpl-MNI152NLin2009cAsym/tpl-MNI152NLin2009cAsym_res-01_desc-brain_T1w.nii.gz
  moving image: /home/mdugre/scratch/mri-registration-rp/datasets/ds004513/derivatives/mri-registration-rp/antsBrainExtraction/sub-s014/BrainExtractionBrain.nii.gz
Dimension = 3
Number of stages = 1
Use histogram matching = false
Winsorize image intensities = true
  Lower quantile = 0.005
  Upper quantile = 0.995


Stage 1 State
   Image metric = MattesMI
     Fixed image = Image (0x333f530)
  RTTI typeinfo:   itk::Image<double, 3u>
  Reference Count: 2
  Modified Time: 1580
  Debug: Off
  Object Name: 
  Observers: 
    none
  Source: (none)
  Source output name: (none)
  Release Data: Off
  Data Released: False
  Global Release Data: Off
  PipelineMTime: 0
  UpdateMTime: 1189
  RealTimeStamp: 0 seconds 
  LargestPossibleRegion: 
    Dimension: 3
    Index: [0, 0, 0]
    Size: [193, 229, 193]
  BufferedRegion: 
    Dimension: 3
    Index: [0, 0, 0]
    Size: [193, 229, 193]
  RequestedRegion: 
    Dimension: 3
    Index: [0, 0, 0]
    Size: [193, 229, 193]
  Spacing: [1, 1, 1]
  Origin: [96, 132, -78]
  Direction: 
-1 0 0
0 -1 0
0 0 1

  IndexToPointMatrix: 
-1 0 0
0 -1 0
0 0 1

  PointToIndexMatrix: 
-1 0 0
0 -1 0
0 0 1

  Inverse Direction: 
-1 0 0
0 -1 0
0 0 1

  PixelContainer: 
    ImportImageContainer (0x33fdd60)
      RTTI typeinfo:   itk::ImportImageContainer<unsigned long, double>
      Reference Count: 1
      Modified Time: 1186
      Debug: Off
      Object Name: 
      Observers: 
        none
      Pointer: 0x14ea8d0fe010
      Container manages memory: true
      Size: 8530021
      Capacity: 8530021

     Moving image = Image (0x33eff60)
  RTTI typeinfo:   itk::Image<double, 3u>
  Reference Count: 2
  Modified Time: 1581
  Debug: Off
  Object Name: 
  Observers: 
    none
  Source: (none)
  Source output name: (none)
  Release Data: Off
  Data Released: False
  Global Release Data: Off
  PipelineMTime: 0
  UpdateMTime: 1578
  RealTimeStamp: 0 seconds 
  LargestPossibleRegion: 
    Dimension: 3
    Index: [0, 0, 0]
    Size: [160, 240, 256]
  BufferedRegion: 
    Dimension: 3
    Index: [0, 0, 0]
    Size: [160, 240, 256]
  RequestedRegion: 
    Dimension: 3
    Index: [0, 0, 0]
    Size: [160, 240, 256]
  Spacing: [0.999999, 1, 1]
  Origin: [84.1637, 106.709, -120.531]
  Direction: 
-0.999619 -0.0226874 -0.0157033
0.0226846 -0.999743 0.00035635
-0.0157073 -7.8229e-09 0.999877

  IndexToPointMatrix: 
-0.999619 -0.0226874 -0.0157033
0.0226845 -0.999743 0.00035635
-0.0157073 -7.8229e-09 0.999877

  PointToIndexMatrix: 
-0.99962 0.0226846 -0.0157073
-0.0226874 -0.999743 -7.83127e-09
-0.0157033 0.00035635 0.999877

  Inverse Direction: 
-0.999619 0.0226846 -0.0157073
-0.0226874 -0.999743 -7.83127e-09
-0.0157033 0.00035635 0.999877

  PixelContainer: 
    ImportImageContainer (0x33e16d0)
      RTTI typeinfo:   itk::ImportImageContainer<unsigned long, double>
      Reference Count: 1
      Modified Time: 1575
      Debug: Off
      Object Name: 
      Observers: 
        none
      Pointer: 0x14ea885fd010
      Container manages memory: true
      Size: 9830400
      Capacity: 9830400

     Weighting = 1
     Sampling strategy = regular
     Number of bins = 32
     Radius = 4
     Sampling percentage  = 0.25
   Transform = Rigid
     Gradient step = 0.1
     Update field sigma (voxel space) = 0
     Total field sigma (voxel space) = 0
     Update field time sigma = 0
     Total field time sigma  = 0
     Number of time indices = 0
     Number of time point samples = 0
Registration using 1 total stages.

Stage 0
  iterations = 1000x500x250x100
  convergence threshold = 1e-06
  convergence window size = 10
  number of levels = 4
  using the Mattes MI metric (number of bins = 32, weight = 1, use gradient filter = 0)
  preprocessing:  winsorizing the image intensities
  Shrink factors (level 1 out of 4): [8, 8, 8]
  Shrink factors (level 2 out of 4): [4, 4, 4]
  Shrink factors (level 3 out of 4): [2, 2, 2]
  Shrink factors (level 4 out of 4): [1, 1, 1]
  smoothing sigmas per level: [3, 2, 1, 0]
  regular sampling (percentage = 0.25)

*** Running Euler3DTransform registration ***

DIAGNOSTIC,Iteration,metricValue,convergenceValue,ITERATION_TIME_INDEX,SINCE_LAST
 2DIAGNOSTIC,     1, -4.770821406565e-01, 1.797693134862e+308, 7.8457e-01, 7.8457e-01, 
 2DIAGNOSTIC,     2, -4.784216133942e-01, 1.797693134862e+308, 7.9018e-01, 5.6181e-03, 
 2DIAGNOSTIC,     3, -4.807043200681e-01, 1.797693134862e+308, 7.9532e-01, 5.1382e-03, 
 2DIAGNOSTIC,     4, -4.840264478065e-01, 1.797693134862e+308, 8.0098e-01, 5.6539e-03, 
 2DIAGNOSTIC,     5, -4.883050305770e-01, 1.797693134862e+308, 8.0644e-01, 5.4662e-03, 
 2DIAGNOSTIC,     6, -4.953560426371e-01, 1.797693134862e+308, 8.1265e-01, 6.2132e-03, 
 2DIAGNOSTIC,     7, -5.007350570384e-01, 1.797693134862e+308, 8.1886e-01, 6.2039e-03, 
 2DIAGNOSTIC,     8, -5.013278569503e-01, 1.797693134862e+308, 8.2454e-01, 5.6791e-03, 
 2DIAGNOSTIC,     9, -5.085255256006e-01, 1.797693134862e+308, 8.3284e-01, 8.3051e-03, 
 2DIAGNOSTIC,    10, -5.161992633656e-01, 5.125196520979e-03, 8.4047e-01, 7.6320e-03, 
 2DIAGNOSTIC,    11, -5.167072941437e-01, 4.879252931146e-03, 8.4647e-01, 5.9948e-03, 
 2DIAGNOSTIC,    12, -5.203629876260e-01, 4.481282734468e-03, 8.5266e-01, 6.1889e-03, 
 2DIAGNOSTIC,    13, -5.229718709777e-01, 3.958672533579e-03, 8.5883e-01, 6.1760e-03, 
 2DIAGNOSTIC,    14, -5.250338110829e-01, 3.368007801722e-03, 8.6536e-01, 6.5210e-03, 
 2DIAGNOSTIC,    15, -5.272078697647e-01, 2.786121483389e-03, 8.7350e-01, 8.1398e-03, 
 2DIAGNOSTIC,    16, -5.275715603977e-01, 2.284098302159e-03, 8.7857e-01, 5.0731e-03, 
 2DIAGNOSTIC,    17, -5.282507656510e-01, 1.839921123735e-03, 8.8379e-01, 5.2171e-03, 
 2DIAGNOSTIC,    18, -5.289722876065e-01, 1.313912041893e-03, 8.8925e-01, 5.4631e-03, 
 2DIAGNOSTIC,    19, -5.292207410111e-01, 9.370568707324e-04, 8.9479e-01, 5.5401e-03, 
 2DIAGNOSTIC,    20, -5.294476960672e-01, 7.341365573336e-04, 9.0027e-01, 5.4839e-03, 
 2DIAGNOSTIC,    21, -5.294955840903e-01, 4.966190831886e-04, 9.0511e-01, 4.8361e-03, 
 2DIAGNOSTIC,    22, -5.295366245031e-01, 3.281311959356e-04, 9.1058e-01, 5.4679e-03, 
 2DIAGNOSTIC,    23, -5.295376311909e-01, 2.063244245694e-04, 9.1610e-01, 5.5239e-03, 
 2DIAGNOSTIC,    24, -5.295911249027e-01, 1.234508389579e-04, 9.2147e-01, 5.3742e-03, 
 2DIAGNOSTIC,    25, -5.296271130646e-01, 8.499150549755e-05, 9.2686e-01, 5.3871e-03, 
 2DIAGNOSTIC,    26, -5.296539599385e-01, 4.983583932615e-05, 9.3159e-01, 4.7300e-03, 
 2DIAGNOSTIC,    27, -5.297704229812e-01, 2.877322816187e-05, 9.3644e-01, 4.8492e-03, 
 2DIAGNOSTIC,    28, -5.299884954873e-01, 2.504887533841e-05, 9.4295e-01, 6.5060e-03, 
 2DIAGNOSTIC,    29, -5.300854192463e-01, 2.569611954321e-05, 9.4858e-01, 5.6360e-03, 
 2DIAGNOSTIC,    30, -5.300410324623e-01, 2.732899346301e-05, 9.5424e-01, 5.6581e-03, 
 2DIAGNOSTIC,    31, -5.300376932143e-01, 2.724560550258e-05, 9.6055e-01, 6.3078e-03, 
 2DIAGNOSTIC,    32, -5.301686264233e-01, 2.763232920180e-05, 9.6605e-01, 5.5060e-03, 
 2DIAGNOSTIC,    33, -5.303926738417e-01, 2.905769096785e-05, 9.7273e-01, 6.6710e-03, 
 2DIAGNOSTIC,    34, -5.304519664598e-01, 2.945835347469e-05, 9.7926e-01, 6.5372e-03, 
 2DIAGNOSTIC,    35, -5.305073139181e-01, 2.868169326820e-05, 9.8611e-01, 6.8450e-03, 
 2DIAGNOSTIC,    36, -5.305686017146e-01, 2.670517371352e-05, 9.9127e-01, 5.1651e-03, 
 2DIAGNOSTIC,    37, -5.306602858939e-01, 2.533264910524e-05, 9.9826e-01, 6.9830e-03, 
 2DIAGNOSTIC,    38, -5.306881156228e-01, 2.512162423789e-05, 1.0031e+00, 4.8850e-03, 
 2DIAGNOSTIC,    39, -5.307317416633e-01, 2.461885297744e-05, 1.0080e+00, 4.8311e-03, 
 2DIAGNOSTIC,    40, -5.308225091353e-01, 2.257034275847e-05, 1.0146e+00, 6.6099e-03, 
 2DIAGNOSTIC,    41, -5.308460424125e-01, 1.877385526366e-05, 1.0194e+00, 4.8392e-03, 
 2DIAGNOSTIC,    42, -5.308561837321e-01, 1.520831958011e-05, 1.0242e+00, 4.7820e-03, 
 2DIAGNOSTIC,    43, -5.308777649273e-01, 1.355835178053e-05, 1.0292e+00, 4.9479e-03, 
 2DIAGNOSTIC,    44, -5.309114036110e-01, 1.190613945224e-05, 1.0342e+00, 5.0690e-03, 
 2DIAGNOSTIC,    45, -5.310262965518e-01, 1.129423567407e-05, 1.0421e+00, 7.8580e-03, 
 2DIAGNOSTIC,    46, -5.310374074445e-01, 1.049838942757e-05, 1.0472e+00, 5.1489e-03, 
 2DIAGNOSTIC,    47, -5.310434720121e-01, 9.962263455728e-06, 1.0521e+00, 4.8571e-03, 
 2DIAGNOSTIC,    48, -5.310518853633e-01, 8.989886110599e-06, 1.0570e+00, 4.9000e-03, 
 2DIAGNOSTIC,    49, -5.310584329536e-01, 7.783359503178e-06, 1.0639e+00, 6.8870e-03, 
 2DIAGNOSTIC,    50, -5.310645817646e-01, 6.973833584004e-06, 1.0704e+00, 6.4869e-03, 
 2DIAGNOSTIC,    51, -5.310656430617e-01, 5.851695600200e-06, 1.0751e+00, 4.7450e-03, 
 2DIAGNOSTIC,    52, -5.310738190001e-01, 4.481863509299e-06, 1.0804e+00, 5.3360e-03, 
 2DIAGNOSTIC,    53, -5.310768127969e-01, 3.049471521150e-06, 1.0852e+00, 4.7860e-03, 
 2DIAGNOSTIC,    54, -5.310775506016e-01, 1.750844720032e-06, 1.0902e+00, 4.9951e-03, 
 2DIAGNOSTIC,    55, -5.310817434211e-01, 1.565716412869e-06, 1.0951e+00, 4.8401e-03, 
 2DIAGNOSTIC,    56, -5.310870994121e-01, 1.452195857388e-06, 1.1004e+00, 5.3580e-03, 
 2DIAGNOSTIC,    57, -5.310885232962e-01, 1.327089154846e-06, 1.1058e+00, 5.3840e-03, 
 2DIAGNOSTIC,    58, -5.310914487850e-01, 1.238639650899e-06, 1.1112e+00, 5.3549e-03, 
 2DIAGNOSTIC,    59, -5.311015678587e-01, 1.240623596438e-06, 1.1173e+00, 6.1400e-03, 
 2DIAGNOSTIC,    60, -5.311021904297e-01, 1.235244578828e-06, 1.1222e+00, 4.9341e-03, 
 2DIAGNOSTIC,    61, -5.311059901820e-01, 1.204917779055e-06, 1.1374e+00, 1.5158e-02, 
 2DIAGNOSTIC,    62, -5.311059901659e-01, 1.182103197394e-06, 1.1539e+00, 1.6525e-02, 
 2DIAGNOSTIC,    63, -5.311059901659e-01, 1.122797857887e-06, 1.1600e+00, 6.1250e-03, 
 2DIAGNOSTIC,    64, -5.311059901659e-01, 1.011506956656e-06, 1.1656e+00, 5.5590e-03, 
DIAGNOSTIC,Iteration,metricValue,convergenceValue,ITERATION_TIME_INDEX,SINCE_LAST
 2DIAGNOSTIC,     1, -4.295258231624e-01, 1.797693134862e+308, 1.8778e+00, 7.1224e-01, 
 2DIAGNOSTIC,     2, -4.302859640431e-01, 1.797693134862e+308, 1.9092e+00, 3.1321e-02, 
 2DIAGNOSTIC,     3, -4.309651196675e-01, 1.797693134862e+308, 1.9403e+00, 3.1093e-02, 
 2DIAGNOSTIC,     4, -4.317164347763e-01, 1.797693134862e+308, 1.9723e+00, 3.2004e-02, 
 2DIAGNOSTIC,     5, -4.325561938345e-01, 1.797693134862e+308, 2.0060e+00, 3.3779e-02, 
 2DIAGNOSTIC,     6, -4.341819580778e-01, 1.797693134862e+308, 2.0388e+00, 3.2745e-02, 
 2DIAGNOSTIC,     7, -4.354327949459e-01, 1.797693134862e+308, 2.0713e+00, 3.2521e-02, 
 2DIAGNOSTIC,     8, -4.367134834399e-01, 1.797693134862e+308, 2.1110e+00, 3.9735e-02, 
 2DIAGNOSTIC,     9, -4.377076816051e-01, 1.797693134862e+308, 2.1562e+00, 4.5130e-02, 
 2DIAGNOSTIC,    10, -4.379510214293e-01, 1.375954781896e-03, 2.1895e+00, 3.3298e-02, 
 2DIAGNOSTIC,    11, -4.381306699706e-01, 1.211218579681e-03, 2.2230e+00, 3.3535e-02, 
 2DIAGNOSTIC,    12, -4.403708091225e-01, 1.128184042307e-03, 2.2596e+00, 3.6576e-02, 
 2DIAGNOSTIC,    13, -4.435986505968e-01, 1.148562289086e-03, 2.3028e+00, 4.3244e-02, 
 2DIAGNOSTIC,    14, -4.436199448529e-01, 1.094787364934e-03, 2.3378e+00, 3.5025e-02, 
 2DIAGNOSTIC,    15, -4.445052018627e-01, 1.025845800576e-03, 2.3716e+00, 3.3738e-02, 
 2DIAGNOSTIC,    16, -4.479362667568e-01, 1.077370599380e-03, 2.4170e+00, 4.5389e-02, 
 2DIAGNOSTIC,    17, -4.481475950986e-01, 1.073587596323e-03, 2.4516e+00, 3.4619e-02, 
 2DIAGNOSTIC,    18, -4.482020490667e-01, 1.018146307756e-03, 2.5013e+00, 4.9681e-02, 
 2DIAGNOSTIC,    19, -4.481966708955e-01, 9.107728260326e-04, 2.5804e+00, 7.9125e-02, 
 2DIAGNOSTIC,    20, -4.481953336367e-01, 7.394369065408e-04, 2.6249e+00, 4.4473e-02, 
 2DIAGNOSTIC,    21, -4.481954334477e-01, 5.189437690760e-04, 2.6720e+00, 4.7084e-02, 
 2DIAGNOSTIC,    22, -4.482018534143e-01, 3.337448787915e-04, 2.7160e+00, 4.4022e-02, 
 2DIAGNOSTIC,    23, -4.481921491986e-01, 2.259319859378e-04, 2.7495e+00, 3.3497e-02, 
 2DIAGNOSTIC,    24, -4.482074312951e-01, 1.077320580136e-04, 2.7864e+00, 3.6928e-02, 
 2DIAGNOSTIC,    25, -4.482144438942e-01, 9.691654701598e-06, 2.8286e+00, 4.2227e-02, 
 2DIAGNOSTIC,    26, -4.482116709785e-01, 3.273677368860e-06, 2.8885e+00, 5.9917e-02, 
 2DIAGNOSTIC,    27, -4.482088353223e-01, 2.084622914851e-06, 2.9286e+00, 4.0012e-02, 
 2DIAGNOSTIC,    28, -4.482139219582e-01, 2.274300164876e-06, 2.9623e+00, 3.3752e-02, 
 2DIAGNOSTIC,    29, -4.482420865878e-01, 2.842581808354e-06, 2.9973e+00, 3.5019e-02, 
 2DIAGNOSTIC,    30, -4.482455732131e-01, 3.232682657457e-06, 3.0344e+00, 3.7106e-02, 
 2DIAGNOSTIC,    31, -4.482405885873e-01, 3.298134589810e-06, 3.0654e+00, 3.0918e-02, 
 2DIAGNOSTIC,    32, -4.482290914276e-01, 3.068918346290e-06, 3.0960e+00, 3.0660e-02, 
 2DIAGNOSTIC,    33, -4.482261086862e-01, 2.406541645475e-06, 3.1296e+00, 3.3610e-02, 
 2DIAGNOSTIC,    34, -4.482147420701e-01, 1.704266148012e-06, 3.1634e+00, 3.3802e-02, 
 2DIAGNOSTIC,    35, -4.482170221075e-01, 1.142410314608e-06, 3.1942e+00, 3.0818e-02, 
DIAGNOSTIC,Iteration,metricValue,convergenceValue,ITERATION_TIME_INDEX,SINCE_LAST
 2DIAGNOSTIC,     1, -3.932184617943e-01, 1.797693134862e+308, 4.3425e+00, 1.1483e+00, 
 2DIAGNOSTIC,     2, -3.933350079935e-01, 1.797693134862e+308, 4.6149e+00, 2.7241e-01, 
 2DIAGNOSTIC,     3, -3.934316046926e-01, 1.797693134862e+308, 4.8779e+00, 2.6293e-01, 
 2DIAGNOSTIC,     4, -3.934445200741e-01, 1.797693134862e+308, 5.1794e+00, 3.0150e-01, 
 2DIAGNOSTIC,     5, -3.934561040417e-01, 1.797693134862e+308, 5.4591e+00, 2.7978e-01, 
 2DIAGNOSTIC,     6, -3.934557399449e-01, 1.797693134862e+308, 5.7750e+00, 3.1587e-01, 
 2DIAGNOSTIC,     7, -3.934568946887e-01, 1.797693134862e+308, 6.2082e+00, 4.3314e-01, 
 2DIAGNOSTIC,     8, -3.934560025704e-01, 1.797693134862e+308, 6.4804e+00, 2.7221e-01, 
 2DIAGNOSTIC,     9, -3.934553706409e-01, 1.797693134862e+308, 6.8108e+00, 3.3047e-01, 
 2DIAGNOSTIC,    10, -3.934548434792e-01, 2.950388191872e-05, 7.0718e+00, 2.6098e-01, 
 2DIAGNOSTIC,    11, -3.934535149832e-01, 1.251787607252e-05, 7.3564e+00, 2.8456e-01, 
 2DIAGNOSTIC,    12, -3.934529102752e-01, 4.334106027820e-06, 7.6248e+00, 2.6846e-01, 
 2DIAGNOSTIC,    13, -3.934523311317e-01, 2.580301909902e-06, 7.8771e+00, 2.5229e-01, 
 2DIAGNOSTIC,    14, -3.934518639875e-01, 1.691075359966e-06, 8.1977e+00, 3.2063e-01, 
 2DIAGNOSTIC,    15, -3.934519733408e-01, 1.537715208999e-06, 8.4494e+00, 2.5167e-01, 
 2DIAGNOSTIC,    16, -3.934513608529e-01, 1.410840071644e-06, 8.7171e+00, 2.6771e-01, 
 2DIAGNOSTIC,    17, -3.934508379244e-01, 1.380509662259e-06, 9.0042e+00, 2.8707e-01, 
 2DIAGNOSTIC,    18, -3.934502558734e-01, 1.340257042071e-06, 9.2442e+00, 2.3998e-01, 
 2DIAGNOSTIC,    19, -3.934497850726e-01, 1.301860575446e-06, 9.5190e+00, 2.7485e-01, 
 2DIAGNOSTIC,    20, -3.934499620605e-01, 1.290039482162e-06, 9.7799e+00, 2.6086e-01, 
 2DIAGNOSTIC,    21, -3.934502603902e-01, 1.271710382403e-06, 1.0040e+01, 2.5996e-01, 
 2DIAGNOSTIC,    22, -3.934498714571e-01, 1.245514278360e-06, 1.0378e+01, 3.3846e-01, 
 2DIAGNOSTIC,    23, -3.934501306209e-01, 1.231426966807e-06, 1.0705e+01, 3.2637e-01, 
 2DIAGNOSTIC,    24, -3.934495534679e-01, 1.200792407667e-06, 1.0971e+01, 2.6635e-01, 
 2DIAGNOSTIC,    25, -3.934490926589e-01, 1.174527779785e-06, 1.1210e+01, 2.3895e-01, 
 2DIAGNOSTIC,    26, -3.934495815264e-01, 1.156238088620e-06, 1.1474e+01, 2.6359e-01, 
 2DIAGNOSTIC,    27, -3.934510331858e-01, 1.170201577270e-06, 1.1766e+01, 2.9195e-01, 
 2DIAGNOSTIC,    28, -3.934498669230e-01, 1.138213933841e-06, 1.2038e+01, 2.7235e-01, 
 2DIAGNOSTIC,    29, -3.934494066889e-01, 1.086573149824e-06, 1.2276e+01, 2.3832e-01, 
 2DIAGNOSTIC,    30, -3.934490069958e-01, 1.034518090269e-06, 1.2561e+01, 2.8465e-01, 
 2DIAGNOSTIC,    31, -3.934493551178e-01, 1.002859459427e-06, 1.2795e+01, 2.3444e-01, 
 2DIAGNOSTIC,    32, -3.934514387956e-01, 1.012149772411e-06, 1.3058e+01, 2.6259e-01, 
 2DIAGNOSTIC,    33, -3.934519790632e-01, 1.036071800575e-06, 1.3309e+01, 2.5074e-01, 
 2DIAGNOSTIC,    34, -3.934514161007e-01, 1.029042805665e-06, 1.3582e+01, 2.7303e-01, 
 2DIAGNOSTIC,    35, -3.934525147384e-01, 1.027695307580e-06, 1.3863e+01, 2.8114e-01, 
 2DIAGNOSTIC,    36, -3.934539682977e-01, 1.051995468938e-06, 1.4175e+01, 3.1268e-01, 
 2DIAGNOSTIC,    37, -3.934536116421e-01, 1.079271322816e-06, 1.4438e+01, 2.6232e-01, 
 2DIAGNOSTIC,    38, -3.934525129811e-01, 1.042002260726e-06, 1.4728e+01, 2.9070e-01, 
DIAGNOSTIC,Iteration,metricValue,convergenceValue,ITERATION_TIME_INDEX,SINCE_LAST
 2DIAGNOSTIC,     1, -3.660000231423e-01, 1.797693134862e+308, 1.7274e+01, 2.5458e+00, 
 2DIAGNOSTIC,     2, -3.661006044375e-01, 1.797693134862e+308, 1.8871e+01, 1.5964e+00, 
 2DIAGNOSTIC,     3, -3.661940053181e-01, 1.797693134862e+308, 2.0520e+01, 1.6489e+00, 
 2DIAGNOSTIC,     4, -3.662025643716e-01, 1.797693134862e+308, 2.3437e+01, 2.9180e+00, 
 2DIAGNOSTIC,     5, -3.662022977134e-01, 1.797693134862e+308, 2.5584e+01, 2.1469e+00, 
 2DIAGNOSTIC,     6, -3.662022732998e-01, 1.797693134862e+308, 2.7297e+01, 1.7126e+00, 
 2DIAGNOSTIC,     7, -3.662021510159e-01, 1.797693134862e+308, 2.9059e+01, 1.7619e+00, 
 2DIAGNOSTIC,     8, -3.662021104521e-01, 1.797693134862e+308, 3.0699e+01, 1.6400e+00, 
 2DIAGNOSTIC,     9, -3.662019867364e-01, 1.797693134862e+308, 3.2356e+01, 1.6574e+00, 
 2DIAGNOSTIC,    10, -3.662019340423e-01, 2.615307619033e-05, 3.3790e+01, 1.4332e+00, 
 2DIAGNOSTIC,    11, -3.662019021149e-01, 1.049209293986e-05, 3.5458e+01, 1.6687e+00, 
 2DIAGNOSTIC,    12, -3.662017877597e-01, 3.091362202293e-06, 3.7078e+01, 1.6199e+00, 
 2DIAGNOSTIC,    13, -3.662019075439e-01, 2.358435385305e-06, 3.8675e+01, 1.5967e+00, 
 2DIAGNOSTIC,    14, -3.662018586862e-01, 2.210206307821e-06, 4.0258e+01, 1.5831e+00, 
 2DIAGNOSTIC,    15, -3.662018919891e-01, 2.075386487069e-06, 4.1910e+01, 1.6518e+00, 
 2DIAGNOSTIC,    16, -3.662018421136e-01, 1.958104293931e-06, 4.3306e+01, 1.3962e+00, 
 2DIAGNOSTIC,    17, -3.662017315418e-01, 1.846828510781e-06, 4.4763e+01, 1.4566e+00, 
 2DIAGNOSTIC,    18, -3.662016584303e-01, 1.745449668987e-06, 4.6387e+01, 1.6247e+00, 
 2DIAGNOSTIC,    19, -3.662015876079e-01, 1.648798702514e-06, 4.8030e+01, 1.6429e+00, 
 2DIAGNOSTIC,    20, -3.662013732674e-01, 1.553843667325e-06, 4.9701e+01, 1.6707e+00, 
 2DIAGNOSTIC,    21, -3.662013254687e-01, 1.468744374539e-06, 5.1662e+01, 1.9617e+00, 
 2DIAGNOSTIC,    22, -3.662011170114e-01, 1.384171120451e-06, 5.3421e+01, 1.7589e+00, 
 2DIAGNOSTIC,    23, -3.662008967007e-01, 1.309503319828e-06, 5.5008e+01, 1.5862e+00, 
 2DIAGNOSTIC,    24, -3.662008589027e-01, 1.245215922006e-06, 5.6685e+01, 1.6773e+00, 
 2DIAGNOSTIC,    25, -3.662009022269e-01, 1.195923178522e-06, 5.8306e+01, 1.6215e+00, 
 2DIAGNOSTIC,    26, -3.662008588371e-01, 1.154782347169e-06, 5.9729e+01, 1.4226e+00, 
 2DIAGNOSTIC,    27, -3.662010886695e-01, 1.126687515014e-06, 6.1389e+01, 1.6602e+00, 
 2DIAGNOSTIC,    28, -3.662011544740e-01, 1.105168371554e-06, 6.3013e+01, 1.6233e+00, 
 2DIAGNOSTIC,    29, -3.662007270981e-01, 1.074819732133e-06, 6.4838e+01, 1.8255e+00, 
 2DIAGNOSTIC,    30, -3.662006710037e-01, 1.041888189821e-06, 6.6586e+01, 1.7482e+00, 
 2DIAGNOSTIC,    31, -3.662006079195e-01, 1.010052132995e-06, 6.8177e+01, 1.5910e+00, 
  Elapsed time (stage 0): 6.9059e+01


Total elapsed time: 6.9063e+01
Info [verificarlo]: loaded backend libinterflop_ieee.so
Info [interflop-ieee]: load backend with:
Info [interflop-ieee]: debug = false
Info [interflop-ieee]: debug-binary = false
Info [interflop-ieee]: no-backend-name = false
Info [interflop-ieee]: print-new-line = false
Info [interflop-ieee]: print-subnormal-normalized = false
Info [interflop-ieee]: count-op = false
All_Command_lines_OK
Using double precision for computations.
=============================================================================
The composite transform comprises the following transforms (in order): 
  1. /home/mdugre/scratch/mri-registration-rp/datasets/ds004513/derivatives/mri-registration-rp/0001/antsRegistration-r7-p11/sub-s014/rigid_Composite.h5[0] (type = Euler3DTransform)
  2. /home/mdugre/scratch/mri-registration-rp/datasets/ds004513/derivatives/mri-registration-rp/0001/antsRegistration-r7-p11/sub-s014/rigid_Composite.h5[1] (type = Euler3DTransform)
  3. /home/mdugre/scratch/mri-registration-rp/datasets/ds004513/derivatives/mri-registration-rp/0001/antsRegistration-r7-p11/sub-s014/rigid_Composite.h5[2] (type = Euler3DTransform)
=============================================================================
  number of levels = 4
  fixed image: /templateflow/tpl-MNI152NLin2009cAsym/tpl-MNI152NLin2009cAsym_res-01_desc-brain_T1w.nii.gz
  moving image: /home/mdugre/scratch/mri-registration-rp/datasets/ds004513/derivatives/mri-registration-rp/antsBrainExtraction/sub-s014/BrainExtractionBrain.nii.gz
Dimension = 3
Number of stages = 1
Use histogram matching = false
Winsorize image intensities = true
  Lower quantile = 0.005
  Upper quantile = 0.995


Stage 1 State
   Image metric = MattesMI
     Fixed image = Image (0x4ec27e0)
  RTTI typeinfo:   itk::Image<double, 3u>
  Reference Count: 2
  Modified Time: 1594
  Debug: Off
  Object Name: 
  Observers: 
    none
  Source: (none)
  Source output name: (none)
  Release Data: Off
  Data Released: False
  Global Release Data: Off
  PipelineMTime: 0
  UpdateMTime: 1203
  RealTimeStamp: 0 seconds 
  LargestPossibleRegion: 
    Dimension: 3
    Index: [0, 0, 0]
    Size: [193, 229, 193]
  BufferedRegion: 
    Dimension: 3
    Index: [0, 0, 0]
    Size: [193, 229, 193]
  RequestedRegion: 
    Dimension: 3
    Index: [0, 0, 0]
    Size: [193, 229, 193]
  Spacing: [1, 1, 1]
  Origin: [96, 132, -78]
  Direction: 
-1 0 0
0 -1 0
0 0 1

  IndexToPointMatrix: 
-1 0 0
0 -1 0
0 0 1

  PointToIndexMatrix: 
-1 0 0
0 -1 0
0 0 1

  Inverse Direction: 
-1 0 0
0 -1 0
0 0 1

  PixelContainer: 
    ImportImageContainer (0x4f82a20)
      RTTI typeinfo:   itk::ImportImageContainer<unsigned long, double>
      Reference Count: 1
      Modified Time: 1200
      Debug: Off
      Object Name: 
      Observers: 
        none
      Pointer: 0x1484007ae010
      Container manages memory: true
      Size: 8530021
      Capacity: 8530021

     Moving image = Image (0x4f7dd70)
  RTTI typeinfo:   itk::Image<double, 3u>
  Reference Count: 2
  Modified Time: 1595
  Debug: Off
  Object Name: 
  Observers: 
    none
  Source: (none)
  Source output name: (none)
  Release Data: Off
  Data Released: False
  Global Release Data: Off
  PipelineMTime: 0
  UpdateMTime: 1592
  RealTimeStamp: 0 seconds 
  LargestPossibleRegion: 
    Dimension: 3
    Index: [0, 0, 0]
    Size: [160, 240, 256]
  BufferedRegion: 
    Dimension: 3
    Index: [0, 0, 0]
    Size: [160, 240, 256]
  RequestedRegion: 
    Dimension: 3
    Index: [0, 0, 0]
    Size: [160, 240, 256]
  Spacing: [0.999999, 1, 1]
  Origin: [84.1637, 106.709, -120.531]
  Direction: 
-0.999619 -0.0226874 -0.0157033
0.0226846 -0.999743 0.00035635
-0.0157073 -7.8229e-09 0.999877

  IndexToPointMatrix: 
-0.999619 -0.0226874 -0.0157033
0.0226845 -0.999743 0.00035635
-0.0157073 -7.8229e-09 0.999877

  PointToIndexMatrix: 
-0.99962 0.0226846 -0.0157073
-0.0226874 -0.999743 -7.83127e-09
-0.0157033 0.00035635 0.999877

  Inverse Direction: 
-0.999619 0.0226846 -0.0157073
-0.0226874 -0.999743 -7.83127e-09
-0.0157033 0.00035635 0.999877

  PixelContainer: 
    ImportImageContainer (0x4f35c90)
      RTTI typeinfo:   itk::ImportImageContainer<unsigned long, double>
      Reference Count: 1
      Modified Time: 1589
      Debug: Off
      Object Name: 
      Observers: 
        none
      Pointer: 0x1483fbcad010
      Container manages memory: true
      Size: 9830400
      Capacity: 9830400

     Weighting = 1
     Sampling strategy = regular
     Number of bins = 32
     Radius = 4
     Sampling percentage  = 0.25
   Transform = Affine
     Gradient step = 0.1
     Update field sigma (voxel space) = 0
     Total field sigma (voxel space) = 0
     Update field time sigma = 0
     Total field time sigma  = 0
     Number of time indices = 0
     Number of time point samples = 0
Registration using 1 total stages.

Stage 0
  iterations = 1000x500x250x100
  convergence threshold = 1e-06
  convergence window size = 10
  number of levels = 4
  using the Mattes MI metric (number of bins = 32, weight = 1, use gradient filter = 0)
  preprocessing:  winsorizing the image intensities
  Shrink factors (level 1 out of 4): [8, 8, 8]
  Shrink factors (level 2 out of 4): [4, 4, 4]
  Shrink factors (level 3 out of 4): [2, 2, 2]
  Shrink factors (level 4 out of 4): [1, 1, 1]
  smoothing sigmas per level: [3, 2, 1, 0]
  regular sampling (percentage = 0.25)

*** Running AffineTransform registration ***

DIAGNOSTIC,Iteration,metricValue,convergenceValue,ITERATION_TIME_INDEX,SINCE_LAST
 2DIAGNOSTIC,     1, -5.239750079455e-01, 1.797693134862e+308, 7.1681e-01, 7.1681e-01, 
 2DIAGNOSTIC,     2, -5.258640009967e-01, 1.797693134862e+308, 7.2199e-01, 5.1820e-03, 
 2DIAGNOSTIC,     3, -5.291088177341e-01, 1.797693134862e+308, 7.2832e-01, 6.3288e-03, 
 2DIAGNOSTIC,     4, -5.347710737566e-01, 1.797693134862e+308, 7.3398e-01, 5.6570e-03, 
 2DIAGNOSTIC,     5, -5.449383433953e-01, 1.797693134862e+308, 7.3966e-01, 5.6779e-03, 
 2DIAGNOSTIC,     6, -6.215305755448e-01, 1.797693134862e+308, 7.4464e-01, 4.9870e-03, 
 2DIAGNOSTIC,     7, -6.633610533374e-01, 1.797693134862e+308, 7.5027e-01, 5.6260e-03, 
 2DIAGNOSTIC,     8, -7.298997129936e-01, 1.797693134862e+308, 7.5744e-01, 7.1712e-03, 
 2DIAGNOSTIC,     9, -7.422520439811e-01, 1.797693134862e+308, 7.6269e-01, 5.2469e-03, 
 2DIAGNOSTIC,    10, -7.541337729135e-01, 2.915589748752e-02, 7.6832e-01, 5.6288e-03, 
 2DIAGNOSTIC,    11, -7.649021433145e-01, 2.764846716607e-02, 7.7490e-01, 6.5839e-03, 
 2DIAGNOSTIC,    12, -7.741612916144e-01, 2.434790448573e-02, 7.8244e-01, 7.5350e-03, 
 2DIAGNOSTIC,    13, -7.770748607377e-01, 1.968340832711e-02, 7.8848e-01, 6.0480e-03, 
 2DIAGNOSTIC,    14, -7.814239130814e-01, 1.436950497335e-02, 7.9391e-01, 5.4228e-03, 
 2DIAGNOSTIC,    15, -7.874240645539e-01, 9.014352751735e-03, 8.0063e-01, 6.7220e-03, 
 2DIAGNOSTIC,    16, -7.920941236731e-01, 5.733375688234e-03, 8.0601e-01, 5.3821e-03, 
 2DIAGNOSTIC,    17, -7.957348315180e-01, 3.442742881792e-03, 8.1150e-01, 5.4891e-03, 
 2DIAGNOSTIC,    18, -8.010582875463e-01, 2.769042476767e-03, 8.1847e-01, 6.9671e-03, 
 2DIAGNOSTIC,    19, -8.020627988548e-01, 2.204723856711e-03, 8.2479e-01, 6.3190e-03, 
 2DIAGNOSTIC,    20, -8.025892516971e-01, 1.748805232792e-03, 8.3035e-01, 5.5671e-03, 
 2DIAGNOSTIC,    21, -8.047958355850e-01, 1.424962806110e-03, 8.3655e-01, 6.1920e-03, 
 2DIAGNOSTIC,    22, -8.088033128042e-01, 1.241516371498e-03, 8.4379e-01, 7.2460e-03, 
 2DIAGNOSTIC,    23, -8.108253737974e-01, 1.042988697481e-03, 8.4946e-01, 5.6710e-03, 
 2DIAGNOSTIC,    24, -8.126182726838e-01, 8.657726836683e-04, 8.5500e-01, 5.5389e-03, 
 2DIAGNOSTIC,    25, -8.155462517054e-01, 7.640317026442e-04, 8.6154e-01, 6.5420e-03, 
 2DIAGNOSTIC,    26, -8.215088959199e-01, 7.575810506526e-04, 8.6707e-01, 5.5220e-03, 
 2DIAGNOSTIC,    27, -8.250996433249e-01, 7.800995159527e-04, 8.7336e-01, 6.2928e-03, 
 2DIAGNOSTIC,    28, -8.289146760606e-01, 8.534250017244e-04, 8.8044e-01, 7.0770e-03, 
 2DIAGNOSTIC,    29, -8.295916487337e-01, 8.640320722353e-04, 8.8617e-01, 5.7352e-03, 
 2DIAGNOSTIC,    30, -8.372782663037e-01, 8.975776764887e-04, 8.9260e-01, 6.4249e-03, 
 2DIAGNOSTIC,    31, -8.403022170653e-01, 9.043415563362e-04, 9.0115e-01, 8.5561e-03, 
 2DIAGNOSTIC,    32, -8.406844811760e-01, 8.767046827781e-04, 9.0673e-01, 5.5819e-03, 
 2DIAGNOSTIC,    33, -8.411423112863e-01, 7.983893611537e-04, 9.1284e-01, 6.1049e-03, 
 2DIAGNOSTIC,    34, -8.415711046153e-01, 6.748005566002e-04, 9.1966e-01, 6.8221e-03, 
 2DIAGNOSTIC,    35, -8.417514411513e-01, 5.264156827458e-04, 9.2477e-01, 5.1050e-03, 
 2DIAGNOSTIC,    36, -8.418494841785e-01, 3.992453203124e-04, 9.2996e-01, 5.1920e-03, 
 2DIAGNOSTIC,    37, -8.420946163957e-01, 2.807555631331e-04, 9.3616e-01, 6.1982e-03, 
 2DIAGNOSTIC,    38, -8.424308380195e-01, 1.843648470692e-04, 9.4232e-01, 6.1641e-03, 
 2DIAGNOSTIC,    39, -8.425078685246e-01, 8.133666970504e-05, 9.4805e-01, 5.7280e-03, 
 2DIAGNOSTIC,    40, -8.424371597041e-01, 4.623170022366e-05, 9.5321e-01, 5.1639e-03, 
 2DIAGNOSTIC,    41, -8.424661526133e-01, 3.629000393928e-05, 9.5949e-01, 6.2752e-03, 
 2DIAGNOSTIC,    42, -8.424174758394e-01, 2.632267974520e-05, 9.6461e-01, 5.1181e-03, 
 2DIAGNOSTIC,    43, -8.423657032692e-01, 1.778149887935e-05, 9.7026e-01, 5.6579e-03, 
 2DIAGNOSTIC,    44, -8.424428224386e-01, 1.226149133944e-05, 9.7949e-01, 9.2289e-03, 
 2DIAGNOSTIC,    45, -8.424458607765e-01, 7.430293779805e-06, 9.8461e-01, 5.1219e-03, 
 2DIAGNOSTIC,    46, -8.424551050339e-01, 3.030506500881e-06, 9.8977e-01, 5.1532e-03, 
DIAGNOSTIC,Iteration,metricValue,convergenceValue,ITERATION_TIME_INDEX,SINCE_LAST
 2DIAGNOSTIC,     1, -6.880949138913e-01, 1.797693134862e+308, 1.7076e+00, 7.1782e-01, 
 2DIAGNOSTIC,     2, -6.887392165452e-01, 1.797693134862e+308, 1.7448e+00, 3.7184e-02, 
 2DIAGNOSTIC,     3, -6.892683514073e-01, 1.797693134862e+308, 1.7827e+00, 3.7960e-02, 
 2DIAGNOSTIC,     4, -6.897437012635e-01, 1.797693134862e+308, 1.8196e+00, 3.6844e-02, 
 2DIAGNOSTIC,     5, -6.906020922732e-01, 1.797693134862e+308, 1.8634e+00, 4.3851e-02, 
 2DIAGNOSTIC,     6, -6.927720029649e-01, 1.797693134862e+308, 1.9068e+00, 4.3347e-02, 
 2DIAGNOSTIC,     7, -6.932115001046e-01, 1.797693134862e+308, 1.9504e+00, 4.3667e-02, 
 2DIAGNOSTIC,     8, -6.932752601457e-01, 1.797693134862e+308, 2.0008e+00, 5.0330e-02, 
 2DIAGNOSTIC,     9, -6.934073605733e-01, 1.797693134862e+308, 2.0377e+00, 3.6887e-02, 
 2DIAGNOSTIC,    10, -6.935313058491e-01, 5.913371930299e-04, 2.0741e+00, 3.6401e-02, 
 2DIAGNOSTIC,    11, -6.936309966072e-01, 4.702869871165e-04, 2.1146e+00, 4.0523e-02, 
 2DIAGNOSTIC,    12, -6.936804280740e-01, 3.509673802748e-04, 2.1606e+00, 4.6059e-02, 
 2DIAGNOSTIC,    13, -6.936780306436e-01, 2.362274813269e-04, 2.2055e+00, 4.4808e-02, 
 2DIAGNOSTIC,    14, -6.936686786853e-01, 1.305991656197e-04, 2.2448e+00, 3.9388e-02, 
 2DIAGNOSTIC,    15, -6.936488352967e-01, 4.874928638238e-05, 2.2811e+00, 3.6235e-02, 
 2DIAGNOSTIC,    16, -6.936440037537e-01, 2.814310427203e-05, 2.3208e+00, 3.9753e-02, 
 2DIAGNOSTIC,    17, -6.936423878706e-01, 1.814205862227e-05, 2.3679e+00, 4.7045e-02, 
 2DIAGNOSTIC,    18, -6.936502658554e-01, 9.360138433653e-06, 2.4137e+00, 4.5799e-02, 
 2DIAGNOSTIC,    19, -6.936423477300e-01, 3.448720646962e-06, 2.4529e+00, 3.9279e-02, 
DIAGNOSTIC,Iteration,metricValue,convergenceValue,ITERATION_TIME_INDEX,SINCE_LAST
 2DIAGNOSTIC,     1, -5.885594313753e-01, 1.797693134862e+308, 3.6183e+00, 1.1654e+00, 
 2DIAGNOSTIC,     2, -5.891958639407e-01, 1.797693134862e+308, 3.9524e+00, 3.3404e-01, 
 2DIAGNOSTIC,     3, -5.899126601315e-01, 1.797693134862e+308, 4.2584e+00, 3.0599e-01, 
 2DIAGNOSTIC,     4, -5.907866227814e-01, 1.797693134862e+308, 4.5579e+00, 2.9958e-01, 
 2DIAGNOSTIC,     5, -5.919068915004e-01, 1.797693134862e+308, 4.9357e+00, 3.7782e-01, 
 2DIAGNOSTIC,     6, -5.938118785122e-01, 1.797693134862e+308, 5.4776e+00, 5.4184e-01, 
 2DIAGNOSTIC,     7, -5.938290136776e-01, 1.797693134862e+308, 5.9177e+00, 4.4015e-01, 
 2DIAGNOSTIC,     8, -5.938240598459e-01, 1.797693134862e+308, 6.3890e+00, 4.7130e-01, 
 2DIAGNOSTIC,     9, -5.938252244515e-01, 1.797693134862e+308, 6.6944e+00, 3.0535e-01, 
 2DIAGNOSTIC,    10, -5.938205135227e-01, 6.651203890935e-04, 7.0359e+00, 3.4151e-01, 
 2DIAGNOSTIC,    11, -5.938175724957e-01, 4.858037401032e-04, 7.5105e+00, 4.7457e-01, 
 2DIAGNOSTIC,    12, -5.938174427029e-01, 3.186432540144e-04, 7.8497e+00, 3.3921e-01, 
 2DIAGNOSTIC,    13, -5.938160815072e-01, 1.758580107014e-04, 8.2014e+00, 3.5170e-01, 
 2DIAGNOSTIC,    14, -5.938143305898e-01, 6.735061823836e-05, 8.4839e+00, 2.8251e-01, 
 2DIAGNOSTIC,    15, -5.938139437431e-01, 1.470234661488e-06, 8.8261e+00, 3.4223e-01, 
DIAGNOSTIC,Iteration,metricValue,convergenceValue,ITERATION_TIME_INDEX,SINCE_LAST
 2DIAGNOSTIC,     1, -5.278685438713e-01, 1.797693134862e+308, 1.1945e+01, 3.1190e+00, 
 2DIAGNOSTIC,     2, -5.279347395053e-01, 1.797693134862e+308, 1.4249e+01, 2.3040e+00, 
 2DIAGNOSTIC,     3, -5.279408943624e-01, 1.797693134862e+308, 1.6612e+01, 2.3626e+00, 
 2DIAGNOSTIC,     4, -5.279392598523e-01, 1.797693134862e+308, 1.8760e+01, 2.1485e+00, 
 2DIAGNOSTIC,     5, -5.279377239898e-01, 1.797693134862e+308, 2.1009e+01, 2.2488e+00, 
 2DIAGNOSTIC,     6, -5.279367065954e-01, 1.797693134862e+308, 2.3538e+01, 2.5293e+00, 
 2DIAGNOSTIC,     7, -5.279361516063e-01, 1.797693134862e+308, 2.6575e+01, 3.0363e+00, 
 2DIAGNOSTIC,     8, -5.279361590021e-01, 1.797693134862e+308, 2.9175e+01, 2.6002e+00, 
 2DIAGNOSTIC,     9, -5.279360310683e-01, 1.797693134862e+308, 3.1343e+01, 2.1685e+00, 
 2DIAGNOSTIC,    10, -5.279361590395e-01, 6.615639358873e-06, 3.3528e+01, 2.1848e+00, 
 2DIAGNOSTIC,    11, -5.279359973736e-01, 2.599757100971e-06, 3.5609e+01, 2.0812e+00, 
