
##########################
# Experiment information #
##########################

EXPERIMENT_NAME: antsRegistration-r7-p19
VFC_BACKENDS: libinterflop_vprec.so --range-binary32=7 --precision-binary32=19 --range-binary64=7 --precision-binary64=19

SIF_IMG: /home/mdugre/projects/rrg-glatard/mdugre/containers/ants-vprec-no_metrics.simg

SUBJECT_ID: s020
INPUT_IMG: /home/mdugre/scratch/mri-registration-rp/datasets/ds004513/derivatives/mri-registration-rp/antsBrainExtraction/sub-s020/BrainExtractionBrain.nii.gz
OUTPUT_DIR: /home/mdugre/scratch/mri-registration-rp/datasets/ds004513/derivatives/mri-registration-rp/0001/antsRegistration-r7-p19/sub-s020

FIXED_IMG: /templateflow/tpl-MNI152NLin2009cAsym/tpl-MNI152NLin2009cAsym_res-01_desc-brain_T1w.nii.gz
DATA_DIR: /home/mdugre/scratch/mri-registration-rp/datasets/ds004513
TEMPLATEFLOW_DIR: /home/mdugre/projects/rrg-glatard/mdugre/templateflow
ITK_GLOBAL_DEFAULT_NUMBER_OF_THREADS: 16
##########################

Info [verificarlo]: loaded backend libinterflop_ieee.so
Info [interflop-ieee]: load backend with:
Info [interflop-ieee]: debug = false
Info [interflop-ieee]: debug-binary = false
Info [interflop-ieee]: no-backend-name = false
Info [interflop-ieee]: print-new-line = false
Info [interflop-ieee]: print-subnormal-normalized = false
Info [interflop-ieee]: count-op = false
All_Command_lines_OK
Using double precision for computations.
=============================================================================
The composite transform comprises the following transforms (in order): 
  1. Center of mass alignment using fixed image: /templateflow/tpl-MNI152NLin2009cAsym/tpl-MNI152NLin2009cAsym_res-01_desc-brain_T1w.nii.gz and moving image: /home/mdugre/scratch/mri-registration-rp/datasets/ds004513/derivatives/mri-registration-rp/antsBrainExtraction/sub-s020/BrainExtractionBrain.nii.gz (type = Euler3DTransform)
=============================================================================
  number of levels = 1
  fixed image: /templateflow/tpl-MNI152NLin2009cAsym/tpl-MNI152NLin2009cAsym_res-01_desc-brain_T1w.nii.gz
  moving image: /home/mdugre/scratch/mri-registration-rp/datasets/ds004513/derivatives/mri-registration-rp/antsBrainExtraction/sub-s020/BrainExtractionBrain.nii.gz
Dimension = 3
Number of stages = 1
Use histogram matching = false
Winsorize image intensities = true
  Lower quantile = 0.005
  Upper quantile = 0.995


Stage 1 State
   Image metric = MattesMI
     Fixed image = Image (0x49e5e70)
  RTTI typeinfo:   itk::Image<double, 3u>
  Reference Count: 2
  Modified Time: 2334
  Debug: Off
  Object Name: 
  Observers: 
    none
  Source: (none)
  Source output name: (none)
  Release Data: Off
  Data Released: False
  Global Release Data: Off
  PipelineMTime: 0
  UpdateMTime: 1943
  RealTimeStamp: 0 seconds 
  LargestPossibleRegion: 
    Dimension: 3
    Index: [0, 0, 0]
    Size: [193, 229, 193]
  BufferedRegion: 
    Dimension: 3
    Index: [0, 0, 0]
    Size: [193, 229, 193]
  RequestedRegion: 
    Dimension: 3
    Index: [0, 0, 0]
    Size: [193, 229, 193]
  Spacing: [1, 1, 1]
  Origin: [96, 132, -78]
  Direction: 
-1 0 0
0 -1 0
0 0 1

  IndexToPointMatrix: 
-1 0 0
0 -1 0
0 0 1

  PointToIndexMatrix: 
-1 0 0
0 -1 0
0 0 1

  Inverse Direction: 
-1 0 0
0 -1 0
0 0 1

  PixelContainer: 
    ImportImageContainer (0x49eec60)
      RTTI typeinfo:   itk::ImportImageContainer<unsigned long, double>
      Reference Count: 1
      Modified Time: 1940
      Debug: Off
      Object Name: 
      Observers: 
        none
      Pointer: 0x154c688e4010
      Container manages memory: true
      Size: 8530021
      Capacity: 8530021

     Moving image = Image (0x49f1610)
  RTTI typeinfo:   itk::Image<double, 3u>
  Reference Count: 2
  Modified Time: 2335
  Debug: Off
  Object Name: 
  Observers: 
    none
  Source: (none)
  Source output name: (none)
  Release Data: Off
  Data Released: False
  Global Release Data: Off
  PipelineMTime: 0
  UpdateMTime: 2332
  RealTimeStamp: 0 seconds 
  LargestPossibleRegion: 
    Dimension: 3
    Index: [0, 0, 0]
    Size: [160, 240, 256]
  BufferedRegion: 
    Dimension: 3
    Index: [0, 0, 0]
    Size: [160, 240, 256]
  RequestedRegion: 
    Dimension: 3
    Index: [0, 0, 0]
    Size: [160, 240, 256]
  Spacing: [0.999995, 1, 1]
  Origin: [87.0906, 98.7205, -152.377]
  Direction: 
-0.996975 0.0261379 -0.0731913
-0.0260677 -0.999658 -0.00191374
-0.0732163 -2.46403e-08 0.997316

  IndexToPointMatrix: 
-0.996971 0.0261379 -0.0731913
-0.0260676 -0.999658 -0.00191374
-0.0732159 -2.46403e-08 0.997316

  PointToIndexMatrix: 
-0.99698 -0.0260679 -0.0732166
0.0261379 -0.999658 -2.46993e-08
-0.0731913 -0.00191374 0.997316

  Inverse Direction: 
-0.996975 -0.0260677 -0.0732163
0.0261379 -0.999658 -2.46993e-08
-0.0731913 -0.00191374 0.997316

  PixelContainer: 
    ImportImageContainer (0x4a8aef0)
      RTTI typeinfo:   itk::ImportImageContainer<unsigned long, double>
      Reference Count: 1
      Modified Time: 2329
      Debug: Off
      Object Name: 
      Observers: 
        none
      Pointer: 0x154c63de3010
      Container manages memory: true
      Size: 9830400
      Capacity: 9830400

     Weighting = 1
     Sampling strategy = regular
     Number of bins = 32
     Radius = 4
     Sampling percentage  = 0.25
   Transform = Rigid
     Gradient step = 0.1
     Update field sigma (voxel space) = 0
     Total field sigma (voxel space) = 0
     Update field time sigma = 0
     Total field time sigma  = 0
     Number of time indices = 0
     Number of time point samples = 0
Registration using 1 total stages.

Stage 0
  iterations = 0
  convergence threshold = 1e-06
  convergence window size = 10
  number of levels = 1
  using the Mattes MI metric (number of bins = 32, weight = 1, use gradient filter = 0)
  preprocessing:  winsorizing the image intensities
  Shrink factors (level 1 out of 1): [1, 1, 1]
  smoothing sigmas per level: [0]
  regular sampling (percentage = 0.25)

*** Running Euler3DTransform registration ***

  Elapsed time (stage 0): 1.14533


Total elapsed time: 1.14759
Info [verificarlo]: loaded backend libinterflop_ieee.so
Info [interflop-ieee]: load backend with:
Info [interflop-ieee]: debug = false
Info [interflop-ieee]: debug-binary = false
Info [interflop-ieee]: no-backend-name = false
Info [interflop-ieee]: print-new-line = false
Info [interflop-ieee]: print-subnormal-normalized = false
Info [interflop-ieee]: count-op = false
All_Command_lines_OK
Using double precision for computations.
=============================================================================
The composite transform comprises the following transforms (in order): 
  1. /home/mdugre/scratch/mri-registration-rp/datasets/ds004513/derivatives/mri-registration-rp/0001/antsRegistration-r7-p19/sub-s020/align_Composite.h5[0] (type = Euler3DTransform)
  2. /home/mdugre/scratch/mri-registration-rp/datasets/ds004513/derivatives/mri-registration-rp/0001/antsRegistration-r7-p19/sub-s020/align_Composite.h5[1] (type = Euler3DTransform)
=============================================================================
  number of levels = 4
  fixed image: /templateflow/tpl-MNI152NLin2009cAsym/tpl-MNI152NLin2009cAsym_res-01_desc-brain_T1w.nii.gz
  moving image: /home/mdugre/scratch/mri-registration-rp/datasets/ds004513/derivatives/mri-registration-rp/antsBrainExtraction/sub-s020/BrainExtractionBrain.nii.gz
Dimension = 3
Number of stages = 1
Use histogram matching = false
Winsorize image intensities = true
  Lower quantile = 0.005
  Upper quantile = 0.995


Stage 1 State
   Image metric = MattesMI
     Fixed image = Image (0x38e3530)
  RTTI typeinfo:   itk::Image<double, 3u>
  Reference Count: 2
  Modified Time: 1580
  Debug: Off
  Object Name: 
  Observers: 
    none
  Source: (none)
  Source output name: (none)
  Release Data: Off
  Data Released: False
  Global Release Data: Off
  PipelineMTime: 0
  UpdateMTime: 1189
  RealTimeStamp: 0 seconds 
  LargestPossibleRegion: 
    Dimension: 3
    Index: [0, 0, 0]
    Size: [193, 229, 193]
  BufferedRegion: 
    Dimension: 3
    Index: [0, 0, 0]
    Size: [193, 229, 193]
  RequestedRegion: 
    Dimension: 3
    Index: [0, 0, 0]
    Size: [193, 229, 193]
  Spacing: [1, 1, 1]
  Origin: [96, 132, -78]
  Direction: 
-1 0 0
0 -1 0
0 0 1

  IndexToPointMatrix: 
-1 0 0
0 -1 0
0 0 1

  PointToIndexMatrix: 
-1 0 0
0 -1 0
0 0 1

  Inverse Direction: 
-1 0 0
0 -1 0
0 0 1

  PixelContainer: 
    ImportImageContainer (0x39a1d60)
      RTTI typeinfo:   itk::ImportImageContainer<unsigned long, double>
      Reference Count: 1
      Modified Time: 1186
      Debug: Off
      Object Name: 
      Observers: 
        none
      Pointer: 0x1489311c4010
      Container manages memory: true
      Size: 8530021
      Capacity: 8530021

     Moving image = Image (0x3993f60)
  RTTI typeinfo:   itk::Image<double, 3u>
  Reference Count: 2
  Modified Time: 1581
  Debug: Off
  Object Name: 
  Observers: 
    none
  Source: (none)
  Source output name: (none)
  Release Data: Off
  Data Released: False
  Global Release Data: Off
  PipelineMTime: 0
  UpdateMTime: 1578
  RealTimeStamp: 0 seconds 
  LargestPossibleRegion: 
    Dimension: 3
    Index: [0, 0, 0]
    Size: [160, 240, 256]
  BufferedRegion: 
    Dimension: 3
    Index: [0, 0, 0]
    Size: [160, 240, 256]
  RequestedRegion: 
    Dimension: 3
    Index: [0, 0, 0]
    Size: [160, 240, 256]
  Spacing: [0.999995, 1, 1]
  Origin: [87.0906, 98.7205, -152.377]
  Direction: 
-0.996975 0.0261379 -0.0731913
-0.0260677 -0.999658 -0.00191374
-0.0732163 -2.46403e-08 0.997316

  IndexToPointMatrix: 
-0.996971 0.0261379 -0.0731913
-0.0260676 -0.999658 -0.00191374
-0.0732159 -2.46403e-08 0.997316

  PointToIndexMatrix: 
-0.99698 -0.0260679 -0.0732166
0.0261379 -0.999658 -2.46993e-08
-0.0731913 -0.00191374 0.997316

  Inverse Direction: 
-0.996975 -0.0260677 -0.0732163
0.0261379 -0.999658 -2.46993e-08
-0.0731913 -0.00191374 0.997316

  PixelContainer: 
    ImportImageContainer (0x39856d0)
      RTTI typeinfo:   itk::ImportImageContainer<unsigned long, double>
      Reference Count: 1
      Modified Time: 1575
      Debug: Off
      Object Name: 
      Observers: 
        none
      Pointer: 0x14892c6c3010
      Container manages memory: true
      Size: 9830400
      Capacity: 9830400

     Weighting = 1
     Sampling strategy = regular
     Number of bins = 32
     Radius = 4
     Sampling percentage  = 0.25
   Transform = Rigid
     Gradient step = 0.1
     Update field sigma (voxel space) = 0
     Total field sigma (voxel space) = 0
     Update field time sigma = 0
     Total field time sigma  = 0
     Number of time indices = 0
     Number of time point samples = 0
Registration using 1 total stages.

Stage 0
  iterations = 1000x500x250x100
  convergence threshold = 1e-06
  convergence window size = 10
  number of levels = 4
  using the Mattes MI metric (number of bins = 32, weight = 1, use gradient filter = 0)
  preprocessing:  winsorizing the image intensities
  Shrink factors (level 1 out of 4): [8, 8, 8]
  Shrink factors (level 2 out of 4): [4, 4, 4]
  Shrink factors (level 3 out of 4): [2, 2, 2]
  Shrink factors (level 4 out of 4): [1, 1, 1]
  smoothing sigmas per level: [3, 2, 1, 0]
  regular sampling (percentage = 0.25)

*** Running Euler3DTransform registration ***

DIAGNOSTIC,Iteration,metricValue,convergenceValue,ITERATION_TIME_INDEX,SINCE_LAST
 2DIAGNOSTIC,     1, -3.791273390751e-01, 1.797693134862e+308, 7.5089e-01, 7.5089e-01, 
 2DIAGNOSTIC,     2, -3.803606001643e-01, 1.797693134862e+308, 7.5519e-01, 4.3051e-03, 
 2DIAGNOSTIC,     3, -3.828962034719e-01, 1.797693134862e+308, 7.5939e-01, 4.1921e-03, 
 2DIAGNOSTIC,     4, -3.876122532015e-01, 1.797693134862e+308, 7.6354e-01, 4.1509e-03, 
 2DIAGNOSTIC,     5, -3.904935334081e-01, 1.797693134862e+308, 7.6815e-01, 4.6129e-03, 
 2DIAGNOSTIC,     6, -3.911039700181e-01, 1.797693134862e+308, 7.7243e-01, 4.2760e-03, 
 2DIAGNOSTIC,     7, -3.914905453856e-01, 1.797693134862e+308, 7.7644e-01, 4.0162e-03, 
 2DIAGNOSTIC,     8, -3.925629083064e-01, 1.797693134862e+308, 7.8053e-01, 4.0898e-03, 
 2DIAGNOSTIC,     9, -3.981570789235e-01, 1.797693134862e+308, 7.8481e-01, 4.2779e-03, 
 2DIAGNOSTIC,    10, -4.079218556696e-01, 3.866687266231e-03, 7.9047e-01, 5.6589e-03, 
 2DIAGNOSTIC,    11, -4.246779602407e-01, 4.904320352954e-03, 7.9548e-01, 5.0159e-03, 
 2DIAGNOSTIC,    12, -4.297045200929e-01, 5.673254149493e-03, 7.9999e-01, 4.5099e-03, 
 2DIAGNOSTIC,    13, -4.335692915489e-01, 6.156954111534e-03, 8.0504e-01, 5.0430e-03, 
 2DIAGNOSTIC,    14, -4.439932007407e-01, 6.764094567519e-03, 8.0945e-01, 4.4169e-03, 
 2DIAGNOSTIC,    15, -4.466217672555e-01, 6.904768042143e-03, 8.1449e-01, 5.0349e-03, 
 2DIAGNOSTIC,    16, -4.513528166471e-01, 6.619270354101e-03, 8.1887e-01, 4.3800e-03, 
 2DIAGNOSTIC,    17, -4.528511006114e-01, 5.844785654719e-03, 8.2372e-01, 4.8490e-03, 
 2DIAGNOSTIC,    18, -4.555717392161e-01, 4.777374817773e-03, 8.3014e-01, 6.4180e-03, 
 2DIAGNOSTIC,    19, -4.559551129139e-01, 3.601534667027e-03, 8.3433e-01, 4.1978e-03, 
 2DIAGNOSTIC,    20, -4.573565496601e-01, 2.586713338481e-03, 8.4071e-01, 6.3758e-03, 
 2DIAGNOSTIC,    21, -4.575246238389e-01, 1.982963365282e-03, 8.4487e-01, 4.1649e-03, 
 2DIAGNOSTIC,    22, -4.577281338432e-01, 1.415626822480e-03, 8.4960e-01, 4.7281e-03, 
 2DIAGNOSTIC,    23, -4.579447097481e-01, 8.825754172832e-04, 8.5369e-01, 4.0851e-03, 
 2DIAGNOSTIC,    24, -4.580222985040e-01, 6.077335889542e-04, 8.5813e-01, 4.4451e-03, 
 2DIAGNOSTIC,    25, -4.581757434333e-01, 3.715391735519e-04, 8.6232e-01, 4.1919e-03, 
 2DIAGNOSTIC,    26, -4.586250676908e-01, 2.524218048389e-04, 8.6660e-01, 4.2770e-03, 
 2DIAGNOSTIC,    27, -4.589303435882e-01, 1.619031756749e-04, 8.7281e-01, 6.2089e-03, 
 2DIAGNOSTIC,    28, -4.591746449978e-01, 1.333643700406e-04, 8.7703e-01, 4.2219e-03, 
 2DIAGNOSTIC,    29, -4.592829145057e-01, 1.049079068678e-04, 8.8170e-01, 4.6721e-03, 
 2DIAGNOSTIC,    30, -4.597226167441e-01, 1.091561032785e-04, 8.8743e-01, 5.7302e-03, 
 2DIAGNOSTIC,    31, -4.598062342815e-01, 1.078534028347e-04, 8.9165e-01, 4.2109e-03, 
 2DIAGNOSTIC,    32, -4.606694779116e-01, 1.182899104722e-04, 8.9657e-01, 4.9200e-03, 
 2DIAGNOSTIC,    33, -4.610286151630e-01, 1.280772028861e-04, 9.0075e-01, 4.1862e-03, 
 2DIAGNOSTIC,    34, -4.611680520754e-01, 1.294446911110e-04, 9.0496e-01, 4.2050e-03, 
 2DIAGNOSTIC,    35, -4.615270100666e-01, 1.281155110839e-04, 9.0915e-01, 4.1971e-03, 
 2DIAGNOSTIC,    36, -4.621687339603e-01, 1.342949982438e-04, 9.1498e-01, 5.8229e-03, 
 2DIAGNOSTIC,    37, -4.629414798163e-01, 1.459270710626e-04, 9.1919e-01, 4.2162e-03, 
 2DIAGNOSTIC,    38, -4.632871396341e-01, 1.529474661606e-04, 9.2344e-01, 4.2429e-03, 
 2DIAGNOSTIC,    39, -4.639334746174e-01, 1.577774479945e-04, 9.2779e-01, 4.3502e-03, 
 2DIAGNOSTIC,    40, -4.658358255081e-01, 1.853471658301e-04, 9.3227e-01, 4.4820e-03, 
 2DIAGNOSTIC,    41, -4.814475277606e-01, 4.398028357017e-04, 9.3731e-01, 5.0418e-03, 
 2DIAGNOSTIC,    42, -4.886200241621e-01, 7.555686759295e-04, 9.4331e-01, 5.9979e-03, 
 2DIAGNOSTIC,    43, -4.932531501264e-01, 1.057722584833e-03, 9.4812e-01, 4.8070e-03, 
 2DIAGNOSTIC,    44, -5.018333445305e-01, 1.373098188776e-03, 9.5236e-01, 4.2441e-03, 
 2DIAGNOSTIC,    45, -5.121186685721e-01, 1.689573145657e-03, 9.5720e-01, 4.8370e-03, 
 2DIAGNOSTIC,    46, -5.142311202760e-01, 1.861289978686e-03, 9.6349e-01, 6.2902e-03, 
 2DIAGNOSTIC,    47, -5.149041522207e-01, 1.866998778285e-03, 9.6769e-01, 4.2019e-03, 
 2DIAGNOSTIC,    48, -5.164793804428e-01, 1.723304585013e-03, 9.7194e-01, 4.2510e-03, 
 2DIAGNOSTIC,    49, -5.172366691630e-01, 1.440382090590e-03, 9.7605e-01, 4.1130e-03, 
 2DIAGNOSTIC,    50, -5.176627961425e-01, 1.055868727159e-03, 9.8112e-01, 5.0709e-03, 
 2DIAGNOSTIC,    51, -5.177000634301e-01, 7.791078095798e-04, 9.8571e-01, 4.5888e-03, 
 2DIAGNOSTIC,    52, -5.177579097096e-01, 5.284184447110e-04, 9.9083e-01, 5.1188e-03, 
 2DIAGNOSTIC,    53, -5.177076657673e-01, 2.905023993443e-04, 9.9547e-01, 4.6391e-03, 
 2DIAGNOSTIC,    54, -5.175654679889e-01, 1.287649423341e-04, 9.9955e-01, 4.0810e-03, 
 2DIAGNOSTIC,    55, -5.175152658131e-01, 7.643164595935e-05, 1.0042e+00, 4.6420e-03, 
 2DIAGNOSTIC,    56, -5.175433160511e-01, 4.268351733527e-05, 1.0083e+00, 4.0772e-03, 
 2DIAGNOSTIC,    57, -5.175095285905e-01, 1.279295003532e-05, 1.0124e+00, 4.1251e-03, 
 2DIAGNOSTIC,    58, -5.176616820818e-01, 1.085755163603e-06, 1.0170e+00, 4.5760e-03, 
DIAGNOSTIC,Iteration,metricValue,convergenceValue,ITERATION_TIME_INDEX,SINCE_LAST
 2DIAGNOSTIC,     1, -4.112056447227e-01, 1.797693134862e+308, 1.7556e+00, 7.3866e-01, 
 2DIAGNOSTIC,     2, -4.115918743491e-01, 1.797693134862e+308, 1.7847e+00, 2.9108e-02, 
 2DIAGNOSTIC,     3, -4.121299199556e-01, 1.797693134862e+308, 1.8117e+00, 2.7008e-02, 
 2DIAGNOSTIC,     4, -4.128729041149e-01, 1.797693134862e+308, 1.8396e+00, 2.7806e-02, 
 2DIAGNOSTIC,     5, -4.138977964277e-01, 1.797693134862e+308, 1.8692e+00, 2.9615e-02, 
 2DIAGNOSTIC,     6, -4.148918362915e-01, 1.797693134862e+308, 1.8989e+00, 2.9777e-02, 
 2DIAGNOSTIC,     7, -4.155419974513e-01, 1.797693134862e+308, 1.9300e+00, 3.1087e-02, 
 2DIAGNOSTIC,     8, -4.163411473395e-01, 1.797693134862e+308, 1.9602e+00, 3.0163e-02, 
 2DIAGNOSTIC,     9, -4.175062491223e-01, 1.797693134862e+308, 2.0140e+00, 5.3777e-02, 
 2DIAGNOSTIC,    10, -4.176940331630e-01, 1.102129532013e-03, 2.0437e+00, 2.9713e-02, 
 2DIAGNOSTIC,    11, -4.180012103193e-01, 9.855212789266e-04, 2.0718e+00, 2.8073e-02, 
 2DIAGNOSTIC,    12, -4.181420698488e-01, 8.307878835653e-04, 2.0997e+00, 2.7951e-02, 
 2DIAGNOSTIC,    13, -4.184280772318e-01, 6.681071586847e-04, 2.1278e+00, 2.8043e-02, 
 2DIAGNOSTIC,    14, -4.187846080662e-01, 5.205505127655e-04, 2.1597e+00, 3.1930e-02, 
 2DIAGNOSTIC,    15, -4.204452254486e-01, 4.668460605808e-04, 2.1969e+00, 3.7245e-02, 
 2DIAGNOSTIC,    16, -4.215896447558e-01, 4.670505380568e-04, 2.2305e+00, 3.3558e-02, 
 2DIAGNOSTIC,    17, -4.216552562308e-01, 4.524812450971e-04, 2.2655e+00, 3.4964e-02, 
 2DIAGNOSTIC,    18, -4.217274260301e-01, 4.311883100529e-04, 2.3013e+00, 3.5840e-02, 
 2DIAGNOSTIC,    19, -4.217023359990e-01, 4.134512227971e-04, 2.3301e+00, 2.8775e-02, 
 2DIAGNOSTIC,    20, -4.217241916093e-01, 3.652644787598e-04, 2.3631e+00, 3.3063e-02, 
 2DIAGNOSTIC,    21, -4.217580884429e-01, 2.982495254605e-04, 2.4009e+00, 3.7722e-02, 
 2DIAGNOSTIC,    22, -4.217840534012e-01, 2.153601188209e-04, 2.4362e+00, 3.5367e-02, 
 2DIAGNOSTIC,    23, -4.217978000408e-01, 1.294069966667e-04, 2.4691e+00, 3.2854e-02, 
 2DIAGNOSTIC,    24, -4.219171590136e-01, 5.125339418289e-05, 2.5021e+00, 3.3077e-02, 
 2DIAGNOSTIC,    25, -4.221244600278e-01, 2.457252313172e-05, 2.5355e+00, 3.3309e-02, 
 2DIAGNOSTIC,    26, -4.221284752097e-01, 2.761161602279e-05, 2.5667e+00, 3.1221e-02, 
 2DIAGNOSTIC,    27, -4.221379154650e-01, 2.987022874455e-05, 2.5971e+00, 3.0401e-02, 
 2DIAGNOSTIC,    28, -4.221252465817e-01, 3.079930635046e-05, 2.6284e+00, 3.1308e-02, 
 2DIAGNOSTIC,    29, -4.221484793813e-01, 2.877136327202e-05, 2.6590e+00, 3.0646e-02, 
 2DIAGNOSTIC,    30, -4.221286590485e-01, 2.419616517603e-05, 2.6980e+00, 3.8994e-02, 
 2DIAGNOSTIC,    31, -4.221247595729e-01, 1.841071086985e-05, 2.7336e+00, 3.5601e-02, 
 2DIAGNOSTIC,    32, -4.221149401446e-01, 1.178192559477e-05, 2.7684e+00, 3.4750e-02, 
 2DIAGNOSTIC,    33, -4.221185753050e-01, 4.874923491938e-06, 2.8000e+00, 3.1610e-02, 
DIAGNOSTIC,Iteration,metricValue,convergenceValue,ITERATION_TIME_INDEX,SINCE_LAST
 2DIAGNOSTIC,     1, -3.605373542290e-01, 1.797693134862e+308, 3.9191e+00, 1.1191e+00, 
 2DIAGNOSTIC,     2, -3.606272753302e-01, 1.797693134862e+308, 4.1599e+00, 2.4083e-01, 
 2DIAGNOSTIC,     3, -3.609810666224e-01, 1.797693134862e+308, 4.4655e+00, 3.0553e-01, 
 2DIAGNOSTIC,     4, -3.614525891364e-01, 1.797693134862e+308, 4.7863e+00, 3.2088e-01, 
 2DIAGNOSTIC,     5, -3.614612158836e-01, 1.797693134862e+308, 5.0623e+00, 2.7593e-01, 
 2DIAGNOSTIC,     6, -3.614760324382e-01, 1.797693134862e+308, 5.2822e+00, 2.1989e-01, 
 2DIAGNOSTIC,     7, -3.615078707225e-01, 1.797693134862e+308, 5.5258e+00, 2.4362e-01, 
 2DIAGNOSTIC,     8, -3.615946356117e-01, 1.797693134862e+308, 5.7840e+00, 2.5826e-01, 
 2DIAGNOSTIC,     9, -3.616897278647e-01, 1.797693134862e+308, 6.0089e+00, 2.2485e-01, 
 2DIAGNOSTIC,    10, -3.617513316219e-01, 2.077968881602e-04, 6.2575e+00, 2.4856e-01, 
 2DIAGNOSTIC,    11, -3.618816381285e-01, 1.574240975909e-04, 6.5790e+00, 3.2158e-01, 
 2DIAGNOSTIC,    12, -3.619508855843e-01, 1.115954215868e-04, 6.7979e+00, 2.1884e-01, 
 2DIAGNOSTIC,    13, -3.619940482196e-01, 8.612201870388e-05, 7.0790e+00, 2.8110e-01, 
 2DIAGNOSTIC,    14, -3.620086681408e-01, 8.399497547221e-05, 7.3648e+00, 2.8586e-01, 
 2DIAGNOSTIC,    15, -3.620067446383e-01, 7.508099682660e-05, 7.5795e+00, 2.1471e-01, 
 2DIAGNOSTIC,    16, -3.620105487807e-01, 6.150413112238e-05, 7.7964e+00, 2.1690e-01, 
 2DIAGNOSTIC,    17, -3.620147248676e-01, 4.561821415049e-05, 8.0294e+00, 2.3299e-01, 
 2DIAGNOSTIC,    18, -3.620231910093e-01, 3.157262296845e-05, 8.2911e+00, 2.6170e-01, 
 2DIAGNOSTIC,    19, -3.620315172728e-01, 2.053988368780e-05, 8.5418e+00, 2.5063e-01, 
 2DIAGNOSTIC,    20, -3.620327106126e-01, 1.123576757479e-05, 8.7839e+00, 2.4214e-01, 
 2DIAGNOSTIC,    21, -3.620325098317e-01, 6.747929249706e-06, 9.0179e+00, 2.3405e-01, 
 2DIAGNOSTIC,    22, -3.620323309094e-01, 4.609353866973e-06, 9.2934e+00, 2.7551e-01, 
 2DIAGNOSTIC,    23, -3.620379676769e-01, 4.009493396455e-06, 9.5260e+00, 2.3254e-01, 
 2DIAGNOSTIC,    24, -3.620424513888e-01, 3.833308806489e-06, 9.7717e+00, 2.4574e-01, 
 2DIAGNOSTIC,    25, -3.620478058233e-01, 3.542583695164e-06, 1.0012e+01, 2.4054e-01, 
 2DIAGNOSTIC,    26, -3.620510760906e-01, 3.277941964662e-06, 1.0253e+01, 2.4064e-01, 
 2DIAGNOSTIC,    27, -3.620527191811e-01, 3.006026123721e-06, 1.0469e+01, 2.1657e-01, 
 2DIAGNOSTIC,    28, -3.620553079557e-01, 2.884135461644e-06, 1.0709e+01, 2.3925e-01, 
 2DIAGNOSTIC,    29, -3.620632137392e-01, 3.041100535957e-06, 1.0957e+01, 2.4779e-01, 
 2DIAGNOSTIC,    30, -3.620656912195e-01, 3.094936893246e-06, 1.1203e+01, 2.4612e-01, 
 2DIAGNOSTIC,    31, -3.620663351756e-01, 2.967340677583e-06, 1.1444e+01, 2.4154e-01, 
 2DIAGNOSTIC,    32, -3.620680052080e-01, 2.702182127369e-06, 1.1723e+01, 2.7907e-01, 
 2DIAGNOSTIC,    33, -3.620704935095e-01, 2.482424037997e-06, 1.1980e+01, 2.5654e-01, 
 2DIAGNOSTIC,    34, -3.620723679695e-01, 2.271924392595e-06, 1.2288e+01, 3.0794e-01, 
 2DIAGNOSTIC,    35, -3.620728224352e-01, 2.074621591384e-06, 1.2624e+01, 3.3666e-01, 
 2DIAGNOSTIC,    36, -3.620727406019e-01, 1.850036924284e-06, 1.2912e+01, 2.8771e-01, 
 2DIAGNOSTIC,    37, -3.620722576649e-01, 1.571581566315e-06, 1.3217e+01, 3.0479e-01, 
 2DIAGNOSTIC,    38, -3.620704846971e-01, 1.252334546474e-06, 1.3516e+01, 2.9869e-01, 
 2DIAGNOSTIC,    39, -3.620694383770e-01, 1.047383487308e-06, 1.3798e+01, 2.8209e-01, 
DIAGNOSTIC,Iteration,metricValue,convergenceValue,ITERATION_TIME_INDEX,SINCE_LAST
 2DIAGNOSTIC,     1, -3.319501389883e-01, 1.797693134862e+308, 1.6359e+01, 2.5613e+00, 
 2DIAGNOSTIC,     2, -3.320279297978e-01, 1.797693134862e+308, 1.7768e+01, 1.4092e+00, 
 2DIAGNOSTIC,     3, -3.321091172317e-01, 1.797693134862e+308, 1.9269e+01, 1.5012e+00, 
 2DIAGNOSTIC,     4, -3.321433388219e-01, 1.797693134862e+308, 2.0709e+01, 1.4394e+00, 
 2DIAGNOSTIC,     5, -3.321444990986e-01, 1.797693134862e+308, 2.2086e+01, 1.3768e+00, 
 2DIAGNOSTIC,     6, -3.321499680683e-01, 1.797693134862e+308, 2.3520e+01, 1.4345e+00, 
 2DIAGNOSTIC,     7, -3.321677768639e-01, 1.797693134862e+308, 2.4991e+01, 1.4705e+00, 
 2DIAGNOSTIC,     8, -3.322260548909e-01, 1.797693134862e+308, 2.6414e+01, 1.4236e+00, 
 2DIAGNOSTIC,     9, -3.326916534356e-01, 1.797693134862e+308, 2.8671e+01, 2.2567e+00, 
 2DIAGNOSTIC,    10, -3.326816762694e-01, 1.234368079111e-04, 3.0060e+01, 1.3891e+00, 
 2DIAGNOSTIC,    11, -3.326851567126e-01, 1.260216294676e-04, 3.1477e+01, 1.4169e+00, 
 2DIAGNOSTIC,    12, -3.326953504783e-01, 1.237582798335e-04, 3.2945e+01, 1.4676e+00, 
 2DIAGNOSTIC,    13, -3.327469982124e-01, 1.193773178178e-04, 3.4762e+01, 1.8179e+00, 
 2DIAGNOSTIC,    14, -3.327492367646e-01, 1.066802100240e-04, 3.6940e+01, 2.1776e+00, 
 2DIAGNOSTIC,    15, -3.327490790422e-01, 8.621190030074e-05, 3.8667e+01, 1.7270e+00, 
 2DIAGNOSTIC,    16, -3.327488953737e-01, 6.133607103348e-05, 4.0110e+01, 1.4427e+00, 
 2DIAGNOSTIC,    17, -3.327484644936e-01, 3.497336728213e-05, 4.1860e+01, 1.7503e+00, 
 2DIAGNOSTIC,    18, -3.327483865686e-01, 1.056843922585e-05, 4.3379e+01, 1.5187e+00, 
 2DIAGNOSTIC,    19, -3.327483889663e-01, 8.879093511362e-06, 4.4832e+01, 1.4535e+00, 
 2DIAGNOSTIC,    20, -3.327482946644e-01, 6.295438503529e-06, 4.6297e+01, 1.4646e+00, 
 2DIAGNOSTIC,    21, -3.327483237068e-01, 3.677928111755e-06, 4.7703e+01, 1.4064e+00, 
 2DIAGNOSTIC,    22, -3.327482728635e-01, 1.434405918398e-06, 4.9043e+01, 1.3393e+00, 
 2DIAGNOSTIC,    23, -3.327482350197e-01, 1.302753254787e-06, 5.0515e+01, 1.4727e+00, 
 2DIAGNOSTIC,    24, -3.327482884173e-01, 1.271203717769e-06, 5.1942e+01, 1.4270e+00, 
 2DIAGNOSTIC,    25, -3.327483270554e-01, 1.243194799126e-06, 5.3390e+01, 1.4480e+00, 
 2DIAGNOSTIC,    26, -3.327482952376e-01, 1.213424335580e-06, 5.5033e+01, 1.6422e+00, 
 2DIAGNOSTIC,    27, -3.327482424161e-01, 1.171687875834e-06, 5.6478e+01, 1.4458e+00, 
 2DIAGNOSTIC,    28, -3.327481270793e-01, 1.127760881008e-06, 5.7758e+01, 1.2801e+00, 
 2DIAGNOSTIC,    29, -3.327479586049e-01, 1.082918936718e-06, 5.9300e+01, 1.5415e+00, 
 2DIAGNOSTIC,    30, -3.327478070771e-01, 1.035437378769e-06, 6.0697e+01, 1.3969e+00, 
  Elapsed time (stage 0): 6.1496e+01


Total elapsed time: 6.1498e+01
Info [verificarlo]: loaded backend libinterflop_ieee.so
Info [interflop-ieee]: load backend with:
Info [interflop-ieee]: debug = false
Info [interflop-ieee]: debug-binary = false
Info [interflop-ieee]: no-backend-name = false
Info [interflop-ieee]: print-new-line = false
Info [interflop-ieee]: print-subnormal-normalized = false
Info [interflop-ieee]: count-op = false
All_Command_lines_OK
Using double precision for computations.
=============================================================================
The composite transform comprises the following transforms (in order): 
  1. /home/mdugre/scratch/mri-registration-rp/datasets/ds004513/derivatives/mri-registration-rp/0001/antsRegistration-r7-p19/sub-s020/rigid_Composite.h5[0] (type = Euler3DTransform)
  2. /home/mdugre/scratch/mri-registration-rp/datasets/ds004513/derivatives/mri-registration-rp/0001/antsRegistration-r7-p19/sub-s020/rigid_Composite.h5[1] (type = Euler3DTransform)
  3. /home/mdugre/scratch/mri-registration-rp/datasets/ds004513/derivatives/mri-registration-rp/0001/antsRegistration-r7-p19/sub-s020/rigid_Composite.h5[2] (type = Euler3DTransform)
=============================================================================
  number of levels = 4
  fixed image: /templateflow/tpl-MNI152NLin2009cAsym/tpl-MNI152NLin2009cAsym_res-01_desc-brain_T1w.nii.gz
  moving image: /home/mdugre/scratch/mri-registration-rp/datasets/ds004513/derivatives/mri-registration-rp/antsBrainExtraction/sub-s020/BrainExtractionBrain.nii.gz
Dimension = 3
Number of stages = 1
Use histogram matching = false
Winsorize image intensities = true
  Lower quantile = 0.005
  Upper quantile = 0.995


Stage 1 State
   Image metric = MattesMI
     Fixed image = Image (0x422b7e0)
  RTTI typeinfo:   itk::Image<double, 3u>
  Reference Count: 2
  Modified Time: 1594
  Debug: Off
  Object Name: 
  Observers: 
    none
  Source: (none)
  Source output name: (none)
  Release Data: Off
  Data Released: False
  Global Release Data: Off
  PipelineMTime: 0
  UpdateMTime: 1203
  RealTimeStamp: 0 seconds 
  LargestPossibleRegion: 
    Dimension: 3
    Index: [0, 0, 0]
    Size: [193, 229, 193]
  BufferedRegion: 
    Dimension: 3
    Index: [0, 0, 0]
    Size: [193, 229, 193]
  RequestedRegion: 
    Dimension: 3
    Index: [0, 0, 0]
    Size: [193, 229, 193]
  Spacing: [1, 1, 1]
  Origin: [96, 132, -78]
  Direction: 
-1 0 0
0 -1 0
0 0 1

  IndexToPointMatrix: 
-1 0 0
0 -1 0
0 0 1

  PointToIndexMatrix: 
-1 0 0
0 -1 0
0 0 1

  Inverse Direction: 
-1 0 0
0 -1 0
0 0 1

  PixelContainer: 
    ImportImageContainer (0x42eba20)
      RTTI typeinfo:   itk::ImportImageContainer<unsigned long, double>
      Reference Count: 1
      Modified Time: 1200
      Debug: Off
      Object Name: 
      Observers: 
        none
      Pointer: 0x14cbe02f9010
      Container manages memory: true
      Size: 8530021
      Capacity: 8530021

     Moving image = Image (0x42e6d70)
  RTTI typeinfo:   itk::Image<double, 3u>
  Reference Count: 2
  Modified Time: 1595
  Debug: Off
  Object Name: 
  Observers: 
    none
  Source: (none)
  Source output name: (none)
  Release Data: Off
  Data Released: False
  Global Release Data: Off
  PipelineMTime: 0
  UpdateMTime: 1592
  RealTimeStamp: 0 seconds 
  LargestPossibleRegion: 
    Dimension: 3
    Index: [0, 0, 0]
    Size: [160, 240, 256]
  BufferedRegion: 
    Dimension: 3
    Index: [0, 0, 0]
    Size: [160, 240, 256]
  RequestedRegion: 
    Dimension: 3
    Index: [0, 0, 0]
    Size: [160, 240, 256]
  Spacing: [0.999995, 1, 1]
  Origin: [87.0906, 98.7205, -152.377]
  Direction: 
-0.996975 0.0261379 -0.0731913
-0.0260677 -0.999658 -0.00191374
-0.0732163 -2.46403e-08 0.997316

  IndexToPointMatrix: 
-0.996971 0.0261379 -0.0731913
-0.0260676 -0.999658 -0.00191374
-0.0732159 -2.46403e-08 0.997316

  PointToIndexMatrix: 
-0.99698 -0.0260679 -0.0732166
0.0261379 -0.999658 -2.46993e-08
-0.0731913 -0.00191374 0.997316

  Inverse Direction: 
-0.996975 -0.0260677 -0.0732163
0.0261379 -0.999658 -2.46993e-08
-0.0731913 -0.00191374 0.997316

  PixelContainer: 
    ImportImageContainer (0x429ec90)
      RTTI typeinfo:   itk::ImportImageContainer<unsigned long, double>
      Reference Count: 1
      Modified Time: 1589
      Debug: Off
      Object Name: 
      Observers: 
        none
      Pointer: 0x14cbdb7f8010
      Container manages memory: true
      Size: 9830400
      Capacity: 9830400

     Weighting = 1
     Sampling strategy = regular
     Number of bins = 32
     Radius = 4
     Sampling percentage  = 0.25
   Transform = Affine
     Gradient step = 0.1
     Update field sigma (voxel space) = 0
     Total field sigma (voxel space) = 0
     Update field time sigma = 0
     Total field time sigma  = 0
     Number of time indices = 0
     Number of time point samples = 0
Registration using 1 total stages.

Stage 0
  iterations = 1000x500x250x100
  convergence threshold = 1e-06
  convergence window size = 10
  number of levels = 4
  using the Mattes MI metric (number of bins = 32, weight = 1, use gradient filter = 0)
  preprocessing:  winsorizing the image intensities
  Shrink factors (level 1 out of 4): [8, 8, 8]
  Shrink factors (level 2 out of 4): [4, 4, 4]
  Shrink factors (level 3 out of 4): [2, 2, 2]
  Shrink factors (level 4 out of 4): [1, 1, 1]
  smoothing sigmas per level: [3, 2, 1, 0]
  regular sampling (percentage = 0.25)

*** Running AffineTransform registration ***

DIAGNOSTIC,Iteration,metricValue,convergenceValue,ITERATION_TIME_INDEX,SINCE_LAST
 2DIAGNOSTIC,     1, -5.135678896476e-01, 1.797693134862e+308, 7.5191e-01, 7.5191e-01, 
 2DIAGNOSTIC,     2, -5.155720504172e-01, 1.797693134862e+308, 7.5687e-01, 4.9589e-03, 
 2DIAGNOSTIC,     3, -5.188676632455e-01, 1.797693134862e+308, 7.6279e-01, 5.9202e-03, 
 2DIAGNOSTIC,     4, -5.236984181337e-01, 1.797693134862e+308, 7.6741e-01, 4.6191e-03, 
 2DIAGNOSTIC,     5, -5.319022940406e-01, 1.797693134862e+308, 7.7254e-01, 5.1351e-03, 
 2DIAGNOSTIC,     6, -5.529237094954e-01, 1.797693134862e+308, 7.7812e-01, 5.5780e-03, 
 2DIAGNOSTIC,     7, -5.832519348331e-01, 1.797693134862e+308, 7.8300e-01, 4.8800e-03, 
 2DIAGNOSTIC,     8, -6.752978526058e-01, 1.797693134862e+308, 7.8862e-01, 5.6219e-03, 
 2DIAGNOSTIC,     9, -7.126028148115e-01, 1.797693134862e+308, 7.9534e-01, 6.7170e-03, 
 2DIAGNOSTIC,    10, -7.247868428843e-01, 2.547212640013e-02, 8.0128e-01, 5.9421e-03, 
 2DIAGNOSTIC,    11, -7.552585749467e-01, 2.684929285571e-02, 8.0752e-01, 6.2380e-03, 
 2DIAGNOSTIC,    12, -7.748553378297e-01, 2.631416604164e-02, 8.1372e-01, 6.2051e-03, 
 2DIAGNOSTIC,    13, -7.988551194472e-01, 2.437857394009e-02, 8.2123e-01, 7.5090e-03, 
 2DIAGNOSTIC,    14, -8.146935316822e-01, 2.121722674132e-02, 8.2666e-01, 5.4300e-03, 
 2DIAGNOSTIC,    15, -8.281122898733e-01, 1.730862124493e-02, 8.3301e-01, 6.3500e-03, 
 2DIAGNOSTIC,    16, -8.412503156922e-01, 1.335246480185e-02, 8.3932e-01, 6.3071e-03, 
 2DIAGNOSTIC,    17, -8.480442791281e-01, 9.614297370443e-03, 8.4532e-01, 5.9969e-03, 
 2DIAGNOSTIC,    18, -8.492182626274e-01, 7.637898514416e-03, 8.5108e-01, 5.7619e-03, 
 2DIAGNOSTIC,    19, -8.513747080734e-01, 6.068705375949e-03, 8.5676e-01, 5.6860e-03, 
 2DIAGNOSTIC,    20, -8.542686494969e-01, 4.425264887275e-03, 8.6295e-01, 6.1820e-03, 
 2DIAGNOSTIC,    21, -8.544058669711e-01, 3.138362551812e-03, 8.6836e-01, 5.4140e-03, 
 2DIAGNOSTIC,    22, -8.547255209897e-01, 2.052528517262e-03, 8.7349e-01, 5.1351e-03, 
 2DIAGNOSTIC,    23, -8.565767163568e-01, 1.328023046688e-03, 8.8033e-01, 6.8400e-03, 
 2DIAGNOSTIC,    24, -8.570515433931e-01, 8.126689603585e-04, 8.8590e-01, 5.5692e-03, 
 2DIAGNOSTIC,    25, -8.570987588932e-01, 4.734658045362e-04, 8.9159e-01, 5.6880e-03, 
 2DIAGNOSTIC,    26, -8.569865956908e-01, 3.113416752424e-04, 8.9829e-01, 6.6960e-03, 
 2DIAGNOSTIC,    27, -8.568623015002e-01, 2.290757920664e-04, 9.0340e-01, 5.1088e-03, 
 2DIAGNOSTIC,    28, -8.564641762268e-01, 1.419712631334e-04, 9.0861e-01, 5.2102e-03, 
 2DIAGNOSTIC,    29, -8.564667079981e-01, 7.559351962426e-05, 9.1373e-01, 5.1210e-03, 
 2DIAGNOSTIC,    30, -8.564713897327e-01, 4.390908586430e-05, 9.2010e-01, 6.3720e-03, 
 2DIAGNOSTIC,    31, -8.564718981561e-01, 1.237649218648e-05, 9.2558e-01, 5.4810e-03, 
DIAGNOSTIC,Iteration,metricValue,convergenceValue,ITERATION_TIME_INDEX,SINCE_LAST
 2DIAGNOSTIC,     1, -7.165675244894e-01, 1.797693134862e+308, 1.7089e+00, 7.8331e-01, 
 2DIAGNOSTIC,     2, -7.173742538917e-01, 1.797693134862e+308, 1.7571e+00, 4.8251e-02, 
 2DIAGNOSTIC,     3, -7.178087509765e-01, 1.797693134862e+308, 1.7996e+00, 4.2420e-02, 
 2DIAGNOSTIC,     4, -7.178723559152e-01, 1.797693134862e+308, 1.8395e+00, 3.9944e-02, 
 2DIAGNOSTIC,     5, -7.178163156082e-01, 1.797693134862e+308, 1.9012e+00, 6.1716e-02, 
 2DIAGNOSTIC,     6, -7.178358438158e-01, 1.797693134862e+308, 1.9431e+00, 4.1889e-02, 
 2DIAGNOSTIC,     7, -7.178351047296e-01, 1.797693134862e+308, 1.9795e+00, 3.6407e-02, 
 2DIAGNOSTIC,     8, -7.177969912835e-01, 1.797693134862e+308, 2.0200e+00, 4.0477e-02, 
 2DIAGNOSTIC,     9, -7.178096894733e-01, 1.797693134862e+308, 2.0654e+00, 4.5414e-02, 
 2DIAGNOSTIC,    10, -7.177983341141e-01, 6.610079546256e-05, 2.1049e+00, 3.9495e-02, 
 2DIAGNOSTIC,    11, -7.177960522761e-01, 1.583683810583e-05, 2.1455e+00, 4.0610e-02, 
DIAGNOSTIC,Iteration,metricValue,convergenceValue,ITERATION_TIME_INDEX,SINCE_LAST
 2DIAGNOSTIC,     1, -5.954496229340e-01, 1.797693134862e+308, 3.2948e+00, 1.1493e+00, 
 2DIAGNOSTIC,     2, -5.958165022233e-01, 1.797693134862e+308, 3.5673e+00, 2.7247e-01, 
 2DIAGNOSTIC,     3, -5.961094510280e-01, 1.797693134862e+308, 3.8632e+00, 2.9588e-01, 
 2DIAGNOSTIC,     4, -5.964308915773e-01, 1.797693134862e+308, 4.1890e+00, 3.2575e-01, 
 2DIAGNOSTIC,     5, -5.971117021388e-01, 1.797693134862e+308, 4.5162e+00, 3.2724e-01, 
 2DIAGNOSTIC,     6, -5.972225387651e-01, 1.797693134862e+308, 5.0202e+00, 5.0405e-01, 
 2DIAGNOSTIC,     7, -5.972254392766e-01, 1.797693134862e+308, 5.3129e+00, 2.9265e-01, 
 2DIAGNOSTIC,     8, -5.972276979146e-01, 1.797693134862e+308, 5.6091e+00, 2.9623e-01, 
 2DIAGNOSTIC,     9, -5.972284699287e-01, 1.797693134862e+308, 5.8850e+00, 2.7590e-01, 
 2DIAGNOSTIC,    10, -5.972326448808e-01, 2.027932383596e-04, 6.4248e+00, 5.3981e-01, 
 2DIAGNOSTIC,    11, -5.972332594685e-01, 1.333301718271e-04, 6.7499e+00, 3.2506e-01, 
 2DIAGNOSTIC,    12, -5.972324068845e-01, 7.852830841840e-05, 7.0967e+00, 3.4681e-01, 
 2DIAGNOSTIC,    13, -5.972291353999e-01, 3.595490626308e-05, 7.4407e+00, 3.4403e-01, 
 2DIAGNOSTIC,    14, -5.972284357145e-01, 6.718189006494e-06, 7.7895e+00, 3.4874e-01, 
 2DIAGNOSTIC,    15, -5.972275404686e-01, 2.457363151312e-06, 8.0990e+00, 3.0951e-01, 
 2DIAGNOSTIC,    16, -5.972256355771e-01, 1.937316361389e-06, 8.3960e+00, 2.9697e-01, 
 2DIAGNOSTIC,    17, -5.972253603204e-01, 1.558727816015e-06, 8.7613e+00, 3.6534e-01, 
 2DIAGNOSTIC,    18, -5.972247278843e-01, 1.296031883875e-06, 9.0907e+00, 3.2942e-01, 
 2DIAGNOSTIC,    19, -5.972229563008e-01, 1.076814260176e-06, 9.4259e+00, 3.3514e-01, 
 2DIAGNOSTIC,    20, -5.972221692748e-01, 1.015334842105e-06, 9.8008e+00, 3.7499e-01, 
 2DIAGNOSTIC,    21, -5.972225685892e-01, 1.036363740430e-06, 1.0221e+01, 4.2060e-01, 
 2DIAGNOSTIC,    22, -5.972202130017e-01, 1.031544927657e-06, 1.0562e+01, 3.4033e-01, 
DIAGNOSTIC,Iteration,metricValue,convergenceValue,ITERATION_TIME_INDEX,SINCE_LAST
 2DIAGNOSTIC,     1, -5.294362228321e-01, 1.797693134862e+308, 1.3670e+01, 3.1079e+00, 
 2DIAGNOSTIC,     2, -5.297400062593e-01, 1.797693134862e+308, 1.5655e+01, 1.9857e+00, 
 2DIAGNOSTIC,     3, -5.300185964214e-01, 1.797693134862e+308, 1.7635e+01, 1.9800e+00, 
 2DIAGNOSTIC,     4, -5.303006239385e-01, 1.797693134862e+308, 1.9450e+01, 1.8143e+00, 
 2DIAGNOSTIC,     5, -5.312565793368e-01, 1.797693134862e+308, 2.1848e+01, 2.3980e+00, 
 2DIAGNOSTIC,     6, -5.312994658838e-01, 1.797693134862e+308, 2.5455e+01, 3.6077e+00, 
 2DIAGNOSTIC,     7, -5.312989455242e-01, 1.797693134862e+308, 2.8457e+01, 3.0013e+00, 
 2DIAGNOSTIC,     8, -5.312990006506e-01, 1.797693134862e+308, 3.0683e+01, 2.2262e+00, 
 2DIAGNOSTIC,     9, -5.312988557200e-01, 1.797693134862e+308, 3.2872e+01, 2.1895e+00, 
 2DIAGNOSTIC,    10, -5.312988693840e-01, 2.493340677258e-04, 3.5945e+01, 3.0725e+00, 
 2DIAGNOSTIC,    11, -5.312987894714e-01, 1.682977404473e-04, 3.8070e+01, 2.1250e+00, 
 2DIAGNOSTIC,    12, -5.312985616471e-01, 9.997837557088e-05, 3.9788e+01, 1.7184e+00, 
 2DIAGNOSTIC,    13, -5.312986164874e-01, 4.503763073190e-05, 4.1677e+01, 1.8889e+00, 
 2DIAGNOSTIC,    14, -5.312986713872e-01, 3.841094918480e-06, 4.3621e+01, 1.9437e+00, 
 2DIAGNOSTIC,    15, -5.312983738968e-01, 2.059675955179e-06, 4.5660e+01, 2.0389e+00, 
 2DIAGNOSTIC,    16, -5.312982242717e-01, 1.937477566022e-06, 4.7399e+01, 1.7390e+00, 
 2DIAGNOSTIC,    17, -5.312980956477e-01, 1.814092212830e-06, 4.9250e+01, 1.8513e+00, 
 2DIAGNOSTIC,    18, -5.312977901237e-01, 1.702354942450e-06, 5.1119e+01, 1.8687e+00, 
 2DIAGNOSTIC,    19, -5.312979333731e-01, 1.608437873293e-06, 5.2932e+01, 1.8131e+00, 
 2DIAGNOSTIC,    20, -5.312981750965e-01, 1.536842807848e-06, 5.5069e+01, 2.1376e+00, 
 2DIAGNOSTIC,    21, -5.312982020857e-01, 1.475851260035e-06, 5.7213e+01, 2.1439e+00, 
 2DIAGNOSTIC,    22, -5.312980226045e-01, 1.414267143555e-06, 5.9370e+01, 2.1566e+00, 
 2DIAGNOSTIC,    23, -5.312979476230e-01, 1.360758917296e-06, 6.1518e+01, 2.1480e+00, 
 2DIAGNOSTIC,    24, -5.312980026663e-01, 1.316376799738e-06, 6.3704e+01, 2.1857e+00, 
 2DIAGNOSTIC,    25, -5.312977972595e-01, 1.265421501653e-06, 6.5622e+01, 1.9180e+00, 
 2DIAGNOSTIC,    26, -5.312976561922e-01, 1.213255382673e-06, 6.7262e+01, 1.6403e+00, 
 2DIAGNOSTIC,    27, -5.312975963564e-01, 1.162626847497e-06, 6.9169e+01, 1.9074e+00, 
 2DIAGNOSTIC,    28, -5.312974650541e-01, 1.108730425317e-06, 7.1091e+01, 1.9217e+00, 
 2DIAGNOSTIC,    29, -5.312972280722e-01, 1.059286033001e-06, 7.3369e+01, 2.2777e+00, 
 2DIAGNOSTIC,    30, -5.312970289684e-01, 1.017562583611e-06, 7.5515e+01, 2.1461e+00, 
  Elapsed time (stage 0): 7.6604e+01


Total elapsed time: 7.6607e+01
Info [verificarlo]: loaded backend libinterflop_vprec.so
Info [interflop-vprec]: load backend with: 
Info [interflop-vprec]: precision-binary32 = 19
Info [interflop-vprec]: range-binary32 = 7
Info [interflop-vprec]: precision-binary64 = 19
Info [interflop-vprec]: range-binary64 = 7
Info [interflop-vprec]: mode = ob
