
##########################
# Experiment information #
##########################

EXPERIMENT_NAME: antsRegistration-r8-p16
VFC_BACKENDS: libinterflop_vprec.so --range-binary32=8 --precision-binary32=16 --range-binary64=8 --precision-binary64=16

SIF_IMG: /home/mdugre/projects/rrg-glatard/mdugre/containers/ants-vprec-no_metrics.simg

SUBJECT_ID: s017
INPUT_IMG: /home/mdugre/scratch/mri-registration-rp/datasets/ds004513/derivatives/mri-registration-rp/antsBrainExtraction/sub-s017/BrainExtractionBrain.nii.gz
OUTPUT_DIR: /home/mdugre/scratch/mri-registration-rp/datasets/ds004513/derivatives/mri-registration-rp/0001/antsRegistration-r8-p16/sub-s017

FIXED_IMG: /templateflow/tpl-MNI152NLin2009cAsym/tpl-MNI152NLin2009cAsym_res-01_desc-brain_T1w.nii.gz
DATA_DIR: /home/mdugre/scratch/mri-registration-rp/datasets/ds004513
TEMPLATEFLOW_DIR: /home/mdugre/projects/rrg-glatard/mdugre/templateflow
ITK_GLOBAL_DEFAULT_NUMBER_OF_THREADS: 16
##########################

Info [verificarlo]: loaded backend libinterflop_ieee.so
Info [interflop-ieee]: load backend with:
Info [interflop-ieee]: debug = false
Info [interflop-ieee]: debug-binary = false
Info [interflop-ieee]: no-backend-name = false
Info [interflop-ieee]: print-new-line = false
Info [interflop-ieee]: print-subnormal-normalized = false
Info [interflop-ieee]: count-op = false
All_Command_lines_OK
Using double precision for computations.
=============================================================================
The composite transform comprises the following transforms (in order): 
  1. Center of mass alignment using fixed image: /templateflow/tpl-MNI152NLin2009cAsym/tpl-MNI152NLin2009cAsym_res-01_desc-brain_T1w.nii.gz and moving image: /home/mdugre/scratch/mri-registration-rp/datasets/ds004513/derivatives/mri-registration-rp/antsBrainExtraction/sub-s017/BrainExtractionBrain.nii.gz (type = Euler3DTransform)
=============================================================================
  number of levels = 1
  fixed image: /templateflow/tpl-MNI152NLin2009cAsym/tpl-MNI152NLin2009cAsym_res-01_desc-brain_T1w.nii.gz
  moving image: /home/mdugre/scratch/mri-registration-rp/datasets/ds004513/derivatives/mri-registration-rp/antsBrainExtraction/sub-s017/BrainExtractionBrain.nii.gz
Dimension = 3
Number of stages = 1
Use histogram matching = false
Winsorize image intensities = true
  Lower quantile = 0.005
  Upper quantile = 0.995


Stage 1 State
   Image metric = MattesMI
     Fixed image = Image (0x4377e70)
  RTTI typeinfo:   itk::Image<double, 3u>
  Reference Count: 2
  Modified Time: 2334
  Debug: Off
  Object Name: 
  Observers: 
    none
  Source: (none)
  Source output name: (none)
  Release Data: Off
  Data Released: False
  Global Release Data: Off
  PipelineMTime: 0
  UpdateMTime: 1943
  RealTimeStamp: 0 seconds 
  LargestPossibleRegion: 
    Dimension: 3
    Index: [0, 0, 0]
    Size: [193, 229, 193]
  BufferedRegion: 
    Dimension: 3
    Index: [0, 0, 0]
    Size: [193, 229, 193]
  RequestedRegion: 
    Dimension: 3
    Index: [0, 0, 0]
    Size: [193, 229, 193]
  Spacing: [1, 1, 1]
  Origin: [96, 132, -78]
  Direction: 
-1 0 0
0 -1 0
0 0 1

  IndexToPointMatrix: 
-1 0 0
0 -1 0
0 0 1

  PointToIndexMatrix: 
-1 0 0
0 -1 0
0 0 1

  Inverse Direction: 
-1 0 0
0 -1 0
0 0 1

  PixelContainer: 
    ImportImageContainer (0x4380c60)
      RTTI typeinfo:   itk::ImportImageContainer<unsigned long, double>
      Reference Count: 1
      Modified Time: 1940
      Debug: Off
      Object Name: 
      Observers: 
        none
      Pointer: 0x14897fd32010
      Container manages memory: true
      Size: 8530021
      Capacity: 8530021

     Moving image = Image (0x4383610)
  RTTI typeinfo:   itk::Image<double, 3u>
  Reference Count: 2
  Modified Time: 2335
  Debug: Off
  Object Name: 
  Observers: 
    none
  Source: (none)
  Source output name: (none)
  Release Data: Off
  Data Released: False
  Global Release Data: Off
  PipelineMTime: 0
  UpdateMTime: 2332
  RealTimeStamp: 0 seconds 
  LargestPossibleRegion: 
    Dimension: 3
    Index: [0, 0, 0]
    Size: [160, 240, 256]
  BufferedRegion: 
    Dimension: 3
    Index: [0, 0, 0]
    Size: [160, 240, 256]
  RequestedRegion: 
    Dimension: 3
    Index: [0, 0, 0]
    Size: [160, 240, 256]
  Spacing: [1, 1, 1]
  Origin: [91.3357, 102.231, -120.042]
  Direction: 
-0.997442 -5.36781e-05 -0.0714818
5.35416e-05 -1 3.82465e-06
-0.0714818 -1.23894e-08 0.997442

  IndexToPointMatrix: 
-0.997444 -5.36781e-05 -0.0714818
5.35418e-05 -1 3.82465e-06
-0.0714819 -1.23894e-08 0.997442

  PointToIndexMatrix: 
-0.99744 5.35415e-05 -0.0714816
-5.36781e-05 -1 -1.23894e-08
-0.0714818 3.82465e-06 0.997442

  Inverse Direction: 
-0.997442 5.35416e-05 -0.0714818
-5.36781e-05 -1 -1.23894e-08
-0.0714818 3.82465e-06 0.997442

  PixelContainer: 
    ImportImageContainer (0x441cef0)
      RTTI typeinfo:   itk::ImportImageContainer<unsigned long, double>
      Reference Count: 1
      Modified Time: 2329
      Debug: Off
      Object Name: 
      Observers: 
        none
      Pointer: 0x14897b231010
      Container manages memory: true
      Size: 9830400
      Capacity: 9830400

     Weighting = 1
     Sampling strategy = regular
     Number of bins = 32
     Radius = 4
     Sampling percentage  = 0.25
   Transform = Rigid
     Gradient step = 0.1
     Update field sigma (voxel space) = 0
     Total field sigma (voxel space) = 0
     Update field time sigma = 0
     Total field time sigma  = 0
     Number of time indices = 0
     Number of time point samples = 0
Registration using 1 total stages.

Stage 0
  iterations = 0
  convergence threshold = 1e-06
  convergence window size = 10
  number of levels = 1
  using the Mattes MI metric (number of bins = 32, weight = 1, use gradient filter = 0)
  preprocessing:  winsorizing the image intensities
  Shrink factors (level 1 out of 1): [1, 1, 1]
  smoothing sigmas per level: [0]
  regular sampling (percentage = 0.25)

*** Running Euler3DTransform registration ***

  Elapsed time (stage 0): 1.09297


Total elapsed time: 1.09508
Info [verificarlo]: loaded backend libinterflop_ieee.so
Info [interflop-ieee]: load backend with:
Info [interflop-ieee]: debug = false
Info [interflop-ieee]: debug-binary = false
Info [interflop-ieee]: no-backend-name = false
Info [interflop-ieee]: print-new-line = false
Info [interflop-ieee]: print-subnormal-normalized = false
Info [interflop-ieee]: count-op = false
All_Command_lines_OK
Using double precision for computations.
=============================================================================
The composite transform comprises the following transforms (in order): 
  1. /home/mdugre/scratch/mri-registration-rp/datasets/ds004513/derivatives/mri-registration-rp/0001/antsRegistration-r8-p16/sub-s017/align_Composite.h5[0] (type = Euler3DTransform)
  2. /home/mdugre/scratch/mri-registration-rp/datasets/ds004513/derivatives/mri-registration-rp/0001/antsRegistration-r8-p16/sub-s017/align_Composite.h5[1] (type = Euler3DTransform)
=============================================================================
  number of levels = 4
  fixed image: /templateflow/tpl-MNI152NLin2009cAsym/tpl-MNI152NLin2009cAsym_res-01_desc-brain_T1w.nii.gz
  moving image: /home/mdugre/scratch/mri-registration-rp/datasets/ds004513/derivatives/mri-registration-rp/antsBrainExtraction/sub-s017/BrainExtractionBrain.nii.gz
Dimension = 3
Number of stages = 1
Use histogram matching = false
Winsorize image intensities = true
  Lower quantile = 0.005
  Upper quantile = 0.995


Stage 1 State
   Image metric = MattesMI
     Fixed image = Image (0x429e530)
  RTTI typeinfo:   itk::Image<double, 3u>
  Reference Count: 2
  Modified Time: 1580
  Debug: Off
  Object Name: 
  Observers: 
    none
  Source: (none)
  Source output name: (none)
  Release Data: Off
  Data Released: False
  Global Release Data: Off
  PipelineMTime: 0
  UpdateMTime: 1189
  RealTimeStamp: 0 seconds 
  LargestPossibleRegion: 
    Dimension: 3
    Index: [0, 0, 0]
    Size: [193, 229, 193]
  BufferedRegion: 
    Dimension: 3
    Index: [0, 0, 0]
    Size: [193, 229, 193]
  RequestedRegion: 
    Dimension: 3
    Index: [0, 0, 0]
    Size: [193, 229, 193]
  Spacing: [1, 1, 1]
  Origin: [96, 132, -78]
  Direction: 
-1 0 0
0 -1 0
0 0 1

  IndexToPointMatrix: 
-1 0 0
0 -1 0
0 0 1

  PointToIndexMatrix: 
-1 0 0
0 -1 0
0 0 1

  Inverse Direction: 
-1 0 0
0 -1 0
0 0 1

  PixelContainer: 
    ImportImageContainer (0x435cd60)
      RTTI typeinfo:   itk::ImportImageContainer<unsigned long, double>
      Reference Count: 1
      Modified Time: 1186
      Debug: Off
      Object Name: 
      Observers: 
        none
      Pointer: 0x151056160010
      Container manages memory: true
      Size: 8530021
      Capacity: 8530021

     Moving image = Image (0x434ef60)
  RTTI typeinfo:   itk::Image<double, 3u>
  Reference Count: 2
  Modified Time: 1581
  Debug: Off
  Object Name: 
  Observers: 
    none
  Source: (none)
  Source output name: (none)
  Release Data: Off
  Data Released: False
  Global Release Data: Off
  PipelineMTime: 0
  UpdateMTime: 1578
  RealTimeStamp: 0 seconds 
  LargestPossibleRegion: 
    Dimension: 3
    Index: [0, 0, 0]
    Size: [160, 240, 256]
  BufferedRegion: 
    Dimension: 3
    Index: [0, 0, 0]
    Size: [160, 240, 256]
  RequestedRegion: 
    Dimension: 3
    Index: [0, 0, 0]
    Size: [160, 240, 256]
  Spacing: [1, 1, 1]
  Origin: [91.3357, 102.231, -120.042]
  Direction: 
-0.997442 -5.36781e-05 -0.0714818
5.35416e-05 -1 3.82465e-06
-0.0714818 -1.23894e-08 0.997442

  IndexToPointMatrix: 
-0.997444 -5.36781e-05 -0.0714818
5.35418e-05 -1 3.82465e-06
-0.0714819 -1.23894e-08 0.997442

  PointToIndexMatrix: 
-0.99744 5.35415e-05 -0.0714816
-5.36781e-05 -1 -1.23894e-08
-0.0714818 3.82465e-06 0.997442

  Inverse Direction: 
-0.997442 5.35416e-05 -0.0714818
-5.36781e-05 -1 -1.23894e-08
-0.0714818 3.82465e-06 0.997442

  PixelContainer: 
    ImportImageContainer (0x43406d0)
      RTTI typeinfo:   itk::ImportImageContainer<unsigned long, double>
      Reference Count: 1
      Modified Time: 1575
      Debug: Off
      Object Name: 
      Observers: 
        none
      Pointer: 0x15105165f010
      Container manages memory: true
      Size: 9830400
      Capacity: 9830400

     Weighting = 1
     Sampling strategy = regular
     Number of bins = 32
     Radius = 4
     Sampling percentage  = 0.25
   Transform = Rigid
     Gradient step = 0.1
     Update field sigma (voxel space) = 0
     Total field sigma (voxel space) = 0
     Update field time sigma = 0
     Total field time sigma  = 0
     Number of time indices = 0
     Number of time point samples = 0
Registration using 1 total stages.

Stage 0
  iterations = 1000x500x250x100
  convergence threshold = 1e-06
  convergence window size = 10
  number of levels = 4
  using the Mattes MI metric (number of bins = 32, weight = 1, use gradient filter = 0)
  preprocessing:  winsorizing the image intensities
  Shrink factors (level 1 out of 4): [8, 8, 8]
  Shrink factors (level 2 out of 4): [4, 4, 4]
  Shrink factors (level 3 out of 4): [2, 2, 2]
  Shrink factors (level 4 out of 4): [1, 1, 1]
  smoothing sigmas per level: [3, 2, 1, 0]
  regular sampling (percentage = 0.25)

*** Running Euler3DTransform registration ***

DIAGNOSTIC,Iteration,metricValue,convergenceValue,ITERATION_TIME_INDEX,SINCE_LAST
 2DIAGNOSTIC,     1, -5.567767283252e-01, 1.797693134862e+308, 8.1493e-01, 8.1493e-01, 
 2DIAGNOSTIC,     2, -5.584239703569e-01, 1.797693134862e+308, 8.1962e-01, 4.6899e-03, 
 2DIAGNOSTIC,     3, -5.612715515272e-01, 1.797693134862e+308, 8.2390e-01, 4.2820e-03, 
 2DIAGNOSTIC,     4, -5.637780194106e-01, 1.797693134862e+308, 8.2887e-01, 4.9691e-03, 
 2DIAGNOSTIC,     5, -5.658229214212e-01, 1.797693134862e+308, 8.3365e-01, 4.7860e-03, 
 2DIAGNOSTIC,     6, -5.696445468689e-01, 1.797693134862e+308, 8.3807e-01, 4.4181e-03, 
 2DIAGNOSTIC,     7, -5.734118275242e-01, 1.797693134862e+308, 8.4261e-01, 4.5390e-03, 
 2DIAGNOSTIC,     8, -5.754533484979e-01, 1.797693134862e+308, 8.4832e-01, 5.7061e-03, 
 2DIAGNOSTIC,     9, -5.763021950250e-01, 1.797693134862e+308, 8.5229e-01, 3.9730e-03, 
 2DIAGNOSTIC,    10, -5.771142770255e-01, 2.558085388189e-03, 8.5841e-01, 6.1200e-03, 
 2DIAGNOSTIC,    11, -5.785125587612e-01, 2.176117873031e-03, 8.6271e-01, 4.3030e-03, 
 2DIAGNOSTIC,    12, -5.799413348090e-01, 1.786767970983e-03, 8.6784e-01, 5.1289e-03, 
 2DIAGNOSTIC,    13, -5.809477908980e-01, 1.443124036835e-03, 8.7252e-01, 4.6771e-03, 
 2DIAGNOSTIC,    14, -5.814655964876e-01, 1.127354078216e-03, 8.7692e-01, 4.3979e-03, 
 2DIAGNOSTIC,    15, -5.819093877219e-01, 8.331089413525e-04, 8.8225e-01, 5.3301e-03, 
 2DIAGNOSTIC,    16, -5.822326442998e-01, 6.258215683232e-04, 8.8722e-01, 4.9741e-03, 
 2DIAGNOSTIC,    17, -5.825793599843e-01, 5.040365830238e-04, 8.9206e-01, 4.8370e-03, 
 2DIAGNOSTIC,    18, -5.863713925916e-01, 5.095725576650e-04, 8.9655e-01, 4.4949e-03, 
 2DIAGNOSTIC,    19, -5.901617810168e-01, 5.855607354921e-04, 9.0478e-01, 8.2240e-03, 
 2DIAGNOSTIC,    20, -5.906016223817e-01, 6.286272500330e-04, 9.1033e-01, 5.5499e-03, 
 2DIAGNOSTIC,    21, -5.907365705867e-01, 6.467002963863e-04, 9.1634e-01, 6.0101e-03, 
 2DIAGNOSTIC,    22, -5.906256574995e-01, 6.330265936410e-04, 9.2152e-01, 5.1839e-03, 
 2DIAGNOSTIC,    23, -5.906307681711e-01, 5.816453055208e-04, 9.2591e-01, 4.3862e-03, 
 2DIAGNOSTIC,    24, -5.905636622011e-01, 4.878472529250e-04, 9.3044e-01, 4.5350e-03, 
 2DIAGNOSTIC,    25, -5.906024985370e-01, 3.662279783983e-04, 9.3543e-01, 4.9858e-03, 
 2DIAGNOSTIC,    26, -5.906025304325e-01, 2.276984665091e-04, 9.4006e-01, 4.6360e-03, 
 2DIAGNOSTIC,    27, -5.906211320574e-01, 8.394584288861e-05, 9.4437e-01, 4.3049e-03, 
 2DIAGNOSTIC,    28, -5.908796758314e-01, 1.198925031228e-05, 9.4869e-01, 4.3228e-03, 
 2DIAGNOSTIC,    29, -5.911411552396e-01, 1.217108543277e-05, 9.5356e-01, 4.8640e-03, 
 2DIAGNOSTIC,    30, -5.915241330963e-01, 2.456301684509e-05, 9.5998e-01, 6.4251e-03, 
 2DIAGNOSTIC,    31, -5.916229825992e-01, 3.758205306081e-05, 9.6435e-01, 4.3719e-03, 
 2DIAGNOSTIC,    32, -5.916651208816e-01, 4.532975448866e-05, 9.6862e-01, 4.2691e-03, 
 2DIAGNOSTIC,    33, -5.916874987632e-01, 4.885284294278e-05, 9.7298e-01, 4.3612e-03, 
 2DIAGNOSTIC,    34, -5.917053822200e-01, 4.682712858417e-05, 9.7786e-01, 4.8811e-03, 
 2DIAGNOSTIC,    35, -5.917390904868e-01, 4.153275817063e-05, 9.8983e-01, 1.1967e-02, 
 2DIAGNOSTIC,    36, -5.917390912695e-01, 3.272086429204e-05, 9.9412e-01, 4.2861e-03, 
 2DIAGNOSTIC,    37, -5.917391070342e-01, 2.163060314716e-05, 9.9872e-01, 4.6041e-03, 
 2DIAGNOSTIC,    38, -5.917391330930e-01, 1.245673595304e-05, 1.0037e+00, 4.9758e-03, 
 2DIAGNOSTIC,    39, -5.917391754735e-01, 5.801896390462e-06, 1.0080e+00, 4.2949e-03, 
 2DIAGNOSTIC,    40, -5.917392424312e-01, 3.643428653870e-06, 1.0123e+00, 4.3380e-03, 
 2DIAGNOSTIC,    41, -5.917393428829e-01, 2.487109300207e-06, 1.0166e+00, 4.2839e-03, 
 2DIAGNOSTIC,    42, -5.917394845335e-01, 1.715730318409e-06, 1.0215e+00, 4.8950e-03, 
 2DIAGNOSTIC,    43, -5.917396625587e-01, 1.144189315311e-06, 1.0257e+00, 4.2109e-03, 
DIAGNOSTIC,Iteration,metricValue,convergenceValue,ITERATION_TIME_INDEX,SINCE_LAST
 2DIAGNOSTIC,     1, -4.784004501427e-01, 1.797693134862e+308, 1.8476e+00, 8.2188e-01, 
 2DIAGNOSTIC,     2, -4.783999131496e-01, 1.797693134862e+308, 1.8769e+00, 2.9269e-02, 
 2DIAGNOSTIC,     3, -4.784190365433e-01, 1.797693134862e+308, 1.9093e+00, 3.2442e-02, 
 2DIAGNOSTIC,     4, -4.785028756519e-01, 1.797693134862e+308, 1.9380e+00, 2.8720e-02, 
 2DIAGNOSTIC,     5, -4.786647485438e-01, 1.797693134862e+308, 1.9673e+00, 2.9224e-02, 
 2DIAGNOSTIC,     6, -4.788099932967e-01, 1.797693134862e+308, 1.9969e+00, 2.9645e-02, 
 2DIAGNOSTIC,     7, -4.794645847227e-01, 1.797693134862e+308, 2.0278e+00, 3.0862e-02, 
 2DIAGNOSTIC,     8, -4.813619171761e-01, 1.797693134862e+308, 2.0681e+00, 4.0299e-02, 
 2DIAGNOSTIC,     9, -4.817935635331e-01, 1.797693134862e+308, 2.1002e+00, 3.2184e-02, 
 2DIAGNOSTIC,    10, -4.822647496877e-01, 5.583367503208e-04, 2.1298e+00, 2.9562e-02, 
 2DIAGNOSTIC,    11, -4.831344909909e-01, 6.366384573264e-04, 2.1623e+00, 3.2468e-02, 
 2DIAGNOSTIC,    12, -4.835768992610e-01, 6.653898034965e-04, 2.2079e+00, 4.5576e-02, 
 2DIAGNOSTIC,    13, -4.835677565331e-01, 6.290342969336e-04, 2.2432e+00, 3.5396e-02, 
 2DIAGNOSTIC,    14, -4.835733047848e-01, 5.452729208389e-04, 2.2820e+00, 3.8740e-02, 
 2DIAGNOSTIC,    15, -4.835701547260e-01, 4.305772096682e-04, 2.3145e+00, 3.2468e-02, 
 2DIAGNOSTIC,    16, -4.835566913014e-01, 2.956272804849e-04, 2.3477e+00, 3.3290e-02, 
 2DIAGNOSTIC,    17, -4.835523104095e-01, 1.703980275920e-04, 2.3762e+00, 2.8403e-02, 
 2DIAGNOSTIC,    18, -4.835483887838e-01, 1.058854946661e-04, 2.4048e+00, 2.8629e-02, 
 2DIAGNOSTIC,    19, -4.835469915475e-01, 5.203914179280e-05, 2.4326e+00, 2.7858e-02, 
 2DIAGNOSTIC,    20, -4.835401827380e-01, 1.204163298898e-05, 2.4648e+00, 3.2199e-02, 
DIAGNOSTIC,Iteration,metricValue,convergenceValue,ITERATION_TIME_INDEX,SINCE_LAST
 2DIAGNOSTIC,     1, -4.161561167868e-01, 1.797693134862e+308, 3.6174e+00, 1.1525e+00, 
 2DIAGNOSTIC,     2, -4.161756893439e-01, 1.797693134862e+308, 3.9687e+00, 3.5131e-01, 
 2DIAGNOSTIC,     3, -4.161696114509e-01, 1.797693134862e+308, 4.2990e+00, 3.3038e-01, 
 2DIAGNOSTIC,     4, -4.161681503554e-01, 1.797693134862e+308, 4.7542e+00, 4.5514e-01, 
 2DIAGNOSTIC,     5, -4.161678896603e-01, 1.797693134862e+308, 5.0658e+00, 3.1158e-01, 
 2DIAGNOSTIC,     6, -4.161669123586e-01, 1.797693134862e+308, 5.3666e+00, 3.0087e-01, 
 2DIAGNOSTIC,     7, -4.161667485644e-01, 1.797693134862e+308, 5.6581e+00, 2.9147e-01, 
 2DIAGNOSTIC,     8, -4.161656816016e-01, 1.797693134862e+308, 5.9003e+00, 2.4216e-01, 
 2DIAGNOSTIC,     9, -4.161650043539e-01, 1.797693134862e+308, 6.1953e+00, 2.9502e-01, 
 2DIAGNOSTIC,    10, -4.161655463815e-01, 2.943366656516e-06, 6.5180e+00, 3.2275e-01, 
 2DIAGNOSTIC,    11, -4.161636420995e-01, 1.720591502830e-06, 6.8036e+00, 2.8553e-01, 
 2DIAGNOSTIC,    12, -4.161624970810e-01, 1.867462472979e-06, 7.0884e+00, 2.8482e-01, 
 2DIAGNOSTIC,    13, -4.161615819745e-01, 1.698398058289e-06, 7.3566e+00, 2.6827e-01, 
 2DIAGNOSTIC,    14, -4.161624603296e-01, 1.592444846016e-06, 7.6327e+00, 2.7603e-01, 
 2DIAGNOSTIC,    15, -4.161620529815e-01, 1.530180439011e-06, 7.9203e+00, 2.8763e-01, 
 2DIAGNOSTIC,    16, -4.161603835108e-01, 1.417836921438e-06, 8.2009e+00, 2.8062e-01, 
 2DIAGNOSTIC,    17, -4.161625251483e-01, 1.455414123774e-06, 8.4847e+00, 2.8378e-01, 
 2DIAGNOSTIC,    18, -4.161617349627e-01, 1.453854867557e-06, 8.7740e+00, 2.8929e-01, 
 2DIAGNOSTIC,    19, -4.161656140595e-01, 1.594928508146e-06, 9.0572e+00, 2.8319e-01, 
 2DIAGNOSTIC,    20, -4.161678254533e-01, 1.821576332654e-06, 9.4567e+00, 3.9951e-01, 
 2DIAGNOSTIC,    21, -4.161672172262e-01, 1.924327029938e-06, 9.7495e+00, 2.9279e-01, 
 2DIAGNOSTIC,    22, -4.161665846126e-01, 1.927748313792e-06, 9.9998e+00, 2.5027e-01, 
 2DIAGNOSTIC,    23, -4.161660793968e-01, 1.843028037095e-06, 1.0283e+01, 2.8297e-01, 
 2DIAGNOSTIC,    24, -4.161655365535e-01, 1.730448870127e-06, 1.0551e+01, 2.6814e-01, 
 2DIAGNOSTIC,    25, -4.161651834948e-01, 1.568353735229e-06, 1.0790e+01, 2.3881e-01, 
 2DIAGNOSTIC,    26, -4.161660037667e-01, 1.368374529562e-06, 1.1058e+01, 2.6802e-01, 
 2DIAGNOSTIC,    27, -4.161651045497e-01, 1.203105048607e-06, 1.1312e+01, 2.5453e-01, 
 2DIAGNOSTIC,    28, -4.161679884899e-01, 1.097088637526e-06, 1.1604e+01, 2.9149e-01, 
 2DIAGNOSTIC,    29, -4.161710849649e-01, 1.162831211703e-06, 1.1888e+01, 2.8387e-01, 
 2DIAGNOSTIC,    30, -4.161703640306e-01, 1.250475685541e-06, 1.2177e+01, 2.8970e-01, 
 2DIAGNOSTIC,    31, -4.161708142912e-01, 1.313167803031e-06, 1.2448e+01, 2.7072e-01, 
 2DIAGNOSTIC,    32, -4.161710089266e-01, 1.336085262801e-06, 1.2670e+01, 2.2162e-01, 
 2DIAGNOSTIC,    33, -4.161749613450e-01, 1.395595229423e-06, 1.2970e+01, 3.0039e-01, 
 2DIAGNOSTIC,    34, -4.161777487507e-01, 1.452526300631e-06, 1.3192e+01, 2.2185e-01, 
 2DIAGNOSTIC,    35, -4.161792220181e-01, 1.478601725727e-06, 1.3439e+01, 2.4716e-01, 
 2DIAGNOSTIC,    36, -4.161806859652e-01, 1.495439439132e-06, 1.3730e+01, 2.9055e-01, 
 2DIAGNOSTIC,    37, -4.161791778428e-01, 1.407680694489e-06, 1.3949e+01, 2.1983e-01, 
 2DIAGNOSTIC,    38, -4.161838486870e-01, 1.406626904725e-06, 1.4275e+01, 3.2567e-01, 
 2DIAGNOSTIC,    39, -4.161849953104e-01, 1.422742210943e-06, 1.4599e+01, 3.2429e-01, 
 2DIAGNOSTIC,    40, -4.161860914895e-01, 1.386764668328e-06, 1.4977e+01, 3.7785e-01, 
 2DIAGNOSTIC,    41, -4.161854987581e-01, 1.295749606847e-06, 1.5241e+01, 2.6422e-01, 
 2DIAGNOSTIC,    42, -4.161840259993e-01, 1.138573364725e-06, 1.5480e+01, 2.3883e-01, 
 2DIAGNOSTIC,    43, -4.161834049864e-01, 1.004201848391e-06, 1.5714e+01, 2.3339e-01, 
DIAGNOSTIC,Iteration,metricValue,convergenceValue,ITERATION_TIME_INDEX,SINCE_LAST
 2DIAGNOSTIC,     1, -3.834265912373e-01, 1.797693134862e+308, 1.8211e+01, 2.4972e+00, 
 2DIAGNOSTIC,     2, -3.834925053379e-01, 1.797693134862e+308, 1.9726e+01, 1.5152e+00, 
 2DIAGNOSTIC,     3, -3.834978116508e-01, 1.797693134862e+308, 2.1238e+01, 1.5121e+00, 
 2DIAGNOSTIC,     4, -3.835004127750e-01, 1.797693134862e+308, 2.2761e+01, 1.5224e+00, 
 2DIAGNOSTIC,     5, -3.835019582521e-01, 1.797693134862e+308, 2.4424e+01, 1.6634e+00, 
 2DIAGNOSTIC,     6, -3.835049957429e-01, 1.797693134862e+308, 2.6087e+01, 1.6626e+00, 
 2DIAGNOSTIC,     7, -3.835058343727e-01, 1.797693134862e+308, 2.7736e+01, 1.6495e+00, 
 2DIAGNOSTIC,     8, -3.835066498259e-01, 1.797693134862e+308, 2.9563e+01, 1.8266e+00, 
 2DIAGNOSTIC,     9, -3.835062955326e-01, 1.797693134862e+308, 3.1258e+01, 1.6954e+00, 
 2DIAGNOSTIC,    10, -3.835063109000e-01, 1.066660695165e-05, 3.3005e+01, 1.7468e+00, 
 2DIAGNOSTIC,    11, -3.835061571795e-01, 4.747040341202e-06, 3.5141e+01, 2.1361e+00, 
 2DIAGNOSTIC,    12, -3.835060832653e-01, 3.706200359638e-06, 3.6504e+01, 1.3631e+00, 
 2DIAGNOSTIC,    13, -3.835060190725e-01, 3.027825946231e-06, 3.8123e+01, 1.6188e+00, 
 2DIAGNOSTIC,    14, -3.835058638482e-01, 2.523466992310e-06, 3.9782e+01, 1.6592e+00, 
 2DIAGNOSTIC,    15, -3.835058006968e-01, 2.133709219795e-06, 4.1278e+01, 1.4961e+00, 
 2DIAGNOSTIC,    16, -3.835056463975e-01, 1.924177709570e-06, 4.3161e+01, 1.8824e+00, 
 2DIAGNOSTIC,    17, -3.835054775132e-01, 1.773328553216e-06, 4.4760e+01, 1.5994e+00, 
 2DIAGNOSTIC,    18, -3.835053086126e-01, 1.675385374711e-06, 4.6191e+01, 1.4314e+00, 
 2DIAGNOSTIC,    19, -3.835051448148e-01, 1.576051815583e-06, 4.7621e+01, 1.4296e+00, 
 2DIAGNOSTIC,    20, -3.835051658770e-01, 1.497295071845e-06, 4.9013e+01, 1.3917e+00, 
 2DIAGNOSTIC,    21, -3.835053779579e-01, 1.436675312029e-06, 5.0547e+01, 1.5344e+00, 
 2DIAGNOSTIC,    22, -3.835055901418e-01, 1.393331720195e-06, 5.2052e+01, 1.5053e+00, 
 2DIAGNOSTIC,    23, -3.835055251009e-01, 1.354581541768e-06, 5.3560e+01, 1.5074e+00, 
 2DIAGNOSTIC,    24, -3.835054518288e-01, 1.314933130089e-06, 5.5157e+01, 1.5974e+00, 
 2DIAGNOSTIC,    25, -3.835053813429e-01, 1.275595340501e-06, 5.6741e+01, 1.5842e+00, 
 2DIAGNOSTIC,    26, -3.835053141623e-01, 1.232550094203e-06, 5.8152e+01, 1.4108e+00, 
 2DIAGNOSTIC,    27, -3.835053494681e-01, 1.188143192200e-06, 5.9564e+01, 1.4115e+00, 
 2DIAGNOSTIC,    28, -3.835054089359e-01, 1.143229097542e-06, 6.1221e+01, 1.6574e+00, 
 2DIAGNOSTIC,    29, -3.835055814684e-01, 1.101082726794e-06, 6.2588e+01, 1.3668e+00, 
 2DIAGNOSTIC,    30, -3.835053714647e-01, 1.056523024831e-06, 6.4574e+01, 1.9860e+00, 
 2DIAGNOSTIC,    31, -3.835053052295e-01, 1.018740038466e-06, 6.6071e+01, 1.4975e+00, 
  Elapsed time (stage 0): 6.6892e+01


Total elapsed time: 6.6895e+01
Info [verificarlo]: loaded backend libinterflop_ieee.so
Info [interflop-ieee]: load backend with:
Info [interflop-ieee]: debug = false
Info [interflop-ieee]: debug-binary = false
Info [interflop-ieee]: no-backend-name = false
Info [interflop-ieee]: print-new-line = false
Info [interflop-ieee]: print-subnormal-normalized = false
Info [interflop-ieee]: count-op = false
All_Command_lines_OK
Using double precision for computations.
=============================================================================
The composite transform comprises the following transforms (in order): 
  1. /home/mdugre/scratch/mri-registration-rp/datasets/ds004513/derivatives/mri-registration-rp/0001/antsRegistration-r8-p16/sub-s017/rigid_Composite.h5[0] (type = Euler3DTransform)
  2. /home/mdugre/scratch/mri-registration-rp/datasets/ds004513/derivatives/mri-registration-rp/0001/antsRegistration-r8-p16/sub-s017/rigid_Composite.h5[1] (type = Euler3DTransform)
  3. /home/mdugre/scratch/mri-registration-rp/datasets/ds004513/derivatives/mri-registration-rp/0001/antsRegistration-r8-p16/sub-s017/rigid_Composite.h5[2] (type = Euler3DTransform)
=============================================================================
  number of levels = 4
  fixed image: /templateflow/tpl-MNI152NLin2009cAsym/tpl-MNI152NLin2009cAsym_res-01_desc-brain_T1w.nii.gz
  moving image: /home/mdugre/scratch/mri-registration-rp/datasets/ds004513/derivatives/mri-registration-rp/antsBrainExtraction/sub-s017/BrainExtractionBrain.nii.gz
Dimension = 3
Number of stages = 1
Use histogram matching = false
Winsorize image intensities = true
  Lower quantile = 0.005
  Upper quantile = 0.995


Stage 1 State
   Image metric = MattesMI
     Fixed image = Image (0x43347e0)
  RTTI typeinfo:   itk::Image<double, 3u>
  Reference Count: 2
  Modified Time: 1594
  Debug: Off
  Object Name: 
  Observers: 
    none
  Source: (none)
  Source output name: (none)
  Release Data: Off
  Data Released: False
  Global Release Data: Off
  PipelineMTime: 0
  UpdateMTime: 1203
  RealTimeStamp: 0 seconds 
  LargestPossibleRegion: 
    Dimension: 3
    Index: [0, 0, 0]
    Size: [193, 229, 193]
  BufferedRegion: 
    Dimension: 3
    Index: [0, 0, 0]
    Size: [193, 229, 193]
  RequestedRegion: 
    Dimension: 3
    Index: [0, 0, 0]
    Size: [193, 229, 193]
  Spacing: [1, 1, 1]
  Origin: [96, 132, -78]
  Direction: 
-1 0 0
0 -1 0
0 0 1

  IndexToPointMatrix: 
-1 0 0
0 -1 0
0 0 1

  PointToIndexMatrix: 
-1 0 0
0 -1 0
0 0 1

  Inverse Direction: 
-1 0 0
0 -1 0
0 0 1

  PixelContainer: 
    ImportImageContainer (0x43f4a20)
      RTTI typeinfo:   itk::ImportImageContainer<unsigned long, double>
      Reference Count: 1
      Modified Time: 1200
      Debug: Off
      Object Name: 
      Observers: 
        none
      Pointer: 0x1502d2cf0010
      Container manages memory: true
      Size: 8530021
      Capacity: 8530021

     Moving image = Image (0x43efd70)
  RTTI typeinfo:   itk::Image<double, 3u>
  Reference Count: 2
  Modified Time: 1595
  Debug: Off
  Object Name: 
  Observers: 
    none
  Source: (none)
  Source output name: (none)
  Release Data: Off
  Data Released: False
  Global Release Data: Off
  PipelineMTime: 0
  UpdateMTime: 1592
  RealTimeStamp: 0 seconds 
  LargestPossibleRegion: 
    Dimension: 3
    Index: [0, 0, 0]
    Size: [160, 240, 256]
  BufferedRegion: 
    Dimension: 3
    Index: [0, 0, 0]
    Size: [160, 240, 256]
  RequestedRegion: 
    Dimension: 3
    Index: [0, 0, 0]
    Size: [160, 240, 256]
  Spacing: [1, 1, 1]
  Origin: [91.3357, 102.231, -120.042]
  Direction: 
-0.997442 -5.36781e-05 -0.0714818
5.35416e-05 -1 3.82465e-06
-0.0714818 -1.23894e-08 0.997442

  IndexToPointMatrix: 
-0.997444 -5.36781e-05 -0.0714818
5.35418e-05 -1 3.82465e-06
-0.0714819 -1.23894e-08 0.997442

  PointToIndexMatrix: 
-0.99744 5.35415e-05 -0.0714816
-5.36781e-05 -1 -1.23894e-08
-0.0714818 3.82465e-06 0.997442

  Inverse Direction: 
-0.997442 5.35416e-05 -0.0714818
-5.36781e-05 -1 -1.23894e-08
-0.0714818 3.82465e-06 0.997442

  PixelContainer: 
    ImportImageContainer (0x43a7c90)
      RTTI typeinfo:   itk::ImportImageContainer<unsigned long, double>
      Reference Count: 1
      Modified Time: 1589
      Debug: Off
      Object Name: 
      Observers: 
        none
      Pointer: 0x1502ce1ef010
      Container manages memory: true
      Size: 9830400
      Capacity: 9830400

     Weighting = 1
     Sampling strategy = regular
     Number of bins = 32
     Radius = 4
     Sampling percentage  = 0.25
   Transform = Affine
     Gradient step = 0.1
     Update field sigma (voxel space) = 0
     Total field sigma (voxel space) = 0
     Update field time sigma = 0
     Total field time sigma  = 0
     Number of time indices = 0
     Number of time point samples = 0
Registration using 1 total stages.

Stage 0
  iterations = 1000x500x250x100
  convergence threshold = 1e-06
  convergence window size = 10
  number of levels = 4
  using the Mattes MI metric (number of bins = 32, weight = 1, use gradient filter = 0)
  preprocessing:  winsorizing the image intensities
  Shrink factors (level 1 out of 4): [8, 8, 8]
  Shrink factors (level 2 out of 4): [4, 4, 4]
  Shrink factors (level 3 out of 4): [2, 2, 2]
  Shrink factors (level 4 out of 4): [1, 1, 1]
  smoothing sigmas per level: [3, 2, 1, 0]
  regular sampling (percentage = 0.25)

*** Running AffineTransform registration ***

DIAGNOSTIC,Iteration,metricValue,convergenceValue,ITERATION_TIME_INDEX,SINCE_LAST
 2DIAGNOSTIC,     1, -5.806290998373e-01, 1.797693134862e+308, 7.1659e-01, 7.1659e-01, 
 2DIAGNOSTIC,     2, -5.832407507875e-01, 1.797693134862e+308, 7.2217e-01, 5.5850e-03, 
 2DIAGNOSTIC,     3, -5.883921006330e-01, 1.797693134862e+308, 7.2681e-01, 4.6411e-03, 
 2DIAGNOSTIC,     4, -5.973582021300e-01, 1.797693134862e+308, 7.3147e-01, 4.6589e-03, 
 2DIAGNOSTIC,     5, -6.166279650697e-01, 1.797693134862e+308, 7.3595e-01, 4.4749e-03, 
 2DIAGNOSTIC,     6, -6.406440243137e-01, 1.797693134862e+308, 7.4059e-01, 4.6442e-03, 
 2DIAGNOSTIC,     7, -7.009864251062e-01, 1.797693134862e+308, 7.4560e-01, 5.0151e-03, 
 2DIAGNOSTIC,     8, -7.630482506634e-01, 1.797693134862e+308, 7.5068e-01, 5.0709e-03, 
 2DIAGNOSTIC,     9, -8.423469023810e-01, 1.797693134862e+308, 7.5827e-01, 7.5958e-03, 
 2DIAGNOSTIC,    10, -8.569694548302e-01, 2.845116127228e-02, 7.6367e-01, 5.4030e-03, 
 2DIAGNOSTIC,    11, -8.701917121224e-01, 2.871708893526e-02, 7.6967e-01, 5.9931e-03, 
 2DIAGNOSTIC,    12, -8.814645615071e-01, 2.683607374050e-02, 7.7836e-01, 8.6961e-03, 
 2DIAGNOSTIC,    13, -8.822368118568e-01, 2.307206286061e-02, 7.8359e-01, 5.2309e-03, 
 2DIAGNOSTIC,    14, -8.834458720661e-01, 1.815384144255e-02, 7.8877e-01, 5.1770e-03, 
 2DIAGNOSTIC,    15, -8.851322803035e-01, 1.292532930352e-02, 7.9405e-01, 5.2779e-03, 
 2DIAGNOSTIC,    16, -8.870480810174e-01, 7.902435110273e-03, 7.9945e-01, 5.3959e-03, 
 2DIAGNOSTIC,    17, -8.886777820147e-01, 4.189413204876e-03, 8.0570e-01, 6.2551e-03, 
 2DIAGNOSTIC,    18, -8.889448811198e-01, 1.810422437907e-03, 8.1209e-01, 6.3851e-03, 
 2DIAGNOSTIC,    19, -8.890594324193e-01, 1.083853143710e-03, 8.1774e-01, 5.6500e-03, 
 2DIAGNOSTIC,    20, -8.887882562466e-01, 5.969783282155e-04, 8.2337e-01, 5.6329e-03, 
 2DIAGNOSTIC,    21, -8.886098616397e-01, 3.264824876316e-04, 8.3017e-01, 6.7999e-03, 
 2DIAGNOSTIC,    22, -8.885249833186e-01, 2.361096496772e-04, 8.3577e-01, 5.5990e-03, 
 2DIAGNOSTIC,    23, -8.882875303507e-01, 1.410432903431e-04, 8.4147e-01, 5.7011e-03, 
 2DIAGNOSTIC,    24, -8.882052345853e-01, 5.851496556721e-05, 8.4652e-01, 5.0471e-03, 
DIAGNOSTIC,Iteration,metricValue,convergenceValue,ITERATION_TIME_INDEX,SINCE_LAST
 2DIAGNOSTIC,     1, -7.469015880069e-01, 1.797693134862e+308, 1.6081e+00, 7.6157e-01, 
 2DIAGNOSTIC,     2, -7.476337610754e-01, 1.797693134862e+308, 1.6470e+00, 3.8923e-02, 
 2DIAGNOSTIC,     3, -7.481984149552e-01, 1.797693134862e+308, 1.6844e+00, 3.7358e-02, 
 2DIAGNOSTIC,     4, -7.485348957198e-01, 1.797693134862e+308, 1.7259e+00, 4.1533e-02, 
 2DIAGNOSTIC,     5, -7.488723349482e-01, 1.797693134862e+308, 1.7668e+00, 4.0868e-02, 
 2DIAGNOSTIC,     6, -7.493028718761e-01, 1.797693134862e+308, 1.8085e+00, 4.1691e-02, 
 2DIAGNOSTIC,     7, -7.498240981743e-01, 1.797693134862e+308, 1.8560e+00, 4.7511e-02, 
 2DIAGNOSTIC,     8, -7.499189038225e-01, 1.797693134862e+308, 1.8943e+00, 3.8344e-02, 
 2DIAGNOSTIC,     9, -7.503981903960e-01, 1.797693134862e+308, 1.9418e+00, 4.7489e-02, 
 2DIAGNOSTIC,    10, -7.505578656839e-01, 3.049238803492e-04, 1.9839e+00, 4.2127e-02, 
 2DIAGNOSTIC,    11, -7.505341234036e-01, 2.389539881759e-04, 2.0239e+00, 4.0003e-02, 
 2DIAGNOSTIC,    12, -7.505061914270e-01, 1.848758122885e-04, 2.0660e+00, 4.2027e-02, 
 2DIAGNOSTIC,    13, -7.505141121273e-01, 1.393602371794e-04, 2.1077e+00, 4.1753e-02, 
 2DIAGNOSTIC,    14, -7.505102733101e-01, 9.677096686862e-05, 2.1496e+00, 4.1852e-02, 
 2DIAGNOSTIC,    15, -7.505029863024e-01, 5.935599104376e-05, 2.1982e+00, 4.8650e-02, 
 2DIAGNOSTIC,    16, -7.504912485655e-01, 3.116311090655e-05, 2.2449e+00, 4.6651e-02, 
 2DIAGNOSTIC,    17, -7.504804688998e-01, 1.513171481814e-05, 2.2954e+00, 5.0489e-02, 
 2DIAGNOSTIC,    18, -7.504860792828e-01, 1.517275427271e-06, 2.3342e+00, 3.8823e-02, 
DIAGNOSTIC,Iteration,metricValue,convergenceValue,ITERATION_TIME_INDEX,SINCE_LAST
 2DIAGNOSTIC,     1, -6.294116116002e-01, 1.797693134862e+308, 3.3594e+00, 1.0252e+00, 
 2DIAGNOSTIC,     2, -6.299274337940e-01, 1.797693134862e+308, 3.6287e+00, 2.6926e-01, 
 2DIAGNOSTIC,     3, -6.304606937743e-01, 1.797693134862e+308, 3.9053e+00, 2.7659e-01, 
 2DIAGNOSTIC,     4, -6.311440983374e-01, 1.797693134862e+308, 4.1825e+00, 2.7728e-01, 
 2DIAGNOSTIC,     5, -6.319613521818e-01, 1.797693134862e+308, 4.4550e+00, 2.7242e-01, 
 2DIAGNOSTIC,     6, -6.326508619989e-01, 1.797693134862e+308, 4.9968e+00, 5.4184e-01, 
 2DIAGNOSTIC,     7, -6.326442432136e-01, 1.797693134862e+308, 5.4428e+00, 4.4602e-01, 
 2DIAGNOSTIC,     8, -6.326421030647e-01, 1.797693134862e+308, 5.8229e+00, 3.8007e-01, 
 2DIAGNOSTIC,     9, -6.326413590763e-01, 1.797693134862e+308, 6.1985e+00, 3.7562e-01, 
 2DIAGNOSTIC,    10, -6.326405356962e-01, 3.607193956598e-04, 6.6041e+00, 4.0557e-01, 
 2DIAGNOSTIC,    11, -6.326380581394e-01, 2.475998171070e-04, 6.9589e+00, 3.5479e-01, 
 2DIAGNOSTIC,    12, -6.326382569003e-01, 1.509095249537e-04, 7.2883e+00, 3.2944e-01, 
 2DIAGNOSTIC,    13, -6.326371997245e-01, 7.419551378539e-05, 7.6524e+00, 3.6412e-01, 
 2DIAGNOSTIC,    14, -6.326376013798e-01, 2.341664960720e-05, 8.0074e+00, 3.5503e-01, 
 2DIAGNOSTIC,    15, -6.326364676650e-01, 1.358505422669e-06, 8.3147e+00, 3.0729e-01, 
 2DIAGNOSTIC,    16, -6.326355130637e-01, 1.489403052432e-06, 8.6411e+00, 3.2634e-01, 
 2DIAGNOSTIC,    17, -6.326348603867e-01, 1.460469360615e-06, 9.0065e+00, 3.6537e-01, 
 2DIAGNOSTIC,    18, -6.326337609745e-01, 1.391313770333e-06, 9.3276e+00, 3.2118e-01, 
 2DIAGNOSTIC,    19, -6.326327161988e-01, 1.322246869662e-06, 9.6038e+00, 2.7619e-01, 
 2DIAGNOSTIC,    20, -6.326305164728e-01, 1.226844861417e-06, 9.8845e+00, 2.8062e-01, 
 2DIAGNOSTIC,    21, -6.326298185808e-01, 1.107474571882e-06, 1.0197e+01, 3.1225e-01, 
 2DIAGNOSTIC,    22, -6.326281932978e-01, 1.008190561168e-06, 1.0510e+01, 3.1361e-01, 
DIAGNOSTIC,Iteration,metricValue,convergenceValue,ITERATION_TIME_INDEX,SINCE_LAST
 2DIAGNOSTIC,     1, -5.634463074236e-01, 1.797693134862e+308, 1.3593e+01, 3.0823e+00, 
 2DIAGNOSTIC,     2, -5.639251009757e-01, 1.797693134862e+308, 1.5308e+01, 1.7153e+00, 
 2DIAGNOSTIC,     3, -5.643935836454e-01, 1.797693134862e+308, 1.7116e+01, 1.8076e+00, 
 2DIAGNOSTIC,     4, -5.653421952596e-01, 1.797693134862e+308, 1.9004e+01, 1.8881e+00, 
 2DIAGNOSTIC,     5, -5.666806229151e-01, 1.797693134862e+308, 2.2109e+01, 3.1056e+00, 
 2DIAGNOSTIC,     6, -5.666788335015e-01, 1.797693134862e+308, 2.4896e+01, 2.7870e+00, 
 2DIAGNOSTIC,     7, -5.666781148075e-01, 1.797693134862e+308, 2.7024e+01, 2.1275e+00, 
 2DIAGNOSTIC,     8, -5.666783259047e-01, 1.797693134862e+308, 2.9718e+01, 2.6940e+00, 
 2DIAGNOSTIC,     9, -5.666785100818e-01, 1.797693134862e+308, 3.2083e+01, 2.3655e+00, 
 2DIAGNOSTIC,    10, -5.666783651479e-01, 3.983096909128e-04, 3.3993e+01, 1.9102e+00, 
 2DIAGNOSTIC,    11, -5.666784828872e-01, 2.625665943490e-04, 3.6089e+01, 2.0960e+00, 
 2DIAGNOSTIC,    12, -5.666783058629e-01, 1.470620169795e-04, 3.8024e+01, 1.9347e+00, 
 2DIAGNOSTIC,    13, -5.666780858541e-01, 5.397379695665e-05, 4.0139e+01, 2.1150e+00, 
 2DIAGNOSTIC,    14, -5.666780300332e-01, 2.165047930630e-06, 4.2234e+01, 2.0945e+00, 
 2DIAGNOSTIC,    15, -5.666779411322e-01, 2.082528656383e-06, 4.4116e+01, 1.8827e+00, 
 2DIAGNOSTIC,    16, -5.666778938906e-01, 1.957161562677e-06, 4.6215e+01, 2.0987e+00, 
 2DIAGNOSTIC,    17, -5.666778105315e-01, 1.825814240783e-06, 4.8111e+01, 1.8958e+00, 
 2DIAGNOSTIC,    18, -5.666777726799e-01, 1.718264536252e-06, 5.0030e+01, 1.9188e+00, 
 2DIAGNOSTIC,    19, -5.666778546280e-01, 1.633875666186e-06, 5.1958e+01, 1.9280e+00, 
 2DIAGNOSTIC,    20, -5.666778439715e-01, 1.557628762652e-06, 5.4101e+01, 2.1429e+00, 
 2DIAGNOSTIC,    21, -5.666780090033e-01, 1.498682073768e-06, 5.6070e+01, 1.9695e+00, 
 2DIAGNOSTIC,    22, -5.666781387575e-01, 1.445689601413e-06, 5.8257e+01, 2.1873e+00, 
 2DIAGNOSTIC,    23, -5.666782354731e-01, 1.394709781596e-06, 6.0091e+01, 1.8338e+00, 
 2DIAGNOSTIC,    24, -5.666783531182e-01, 1.348294733083e-06, 6.2443e+01, 2.3524e+00, 
 2DIAGNOSTIC,    25, -5.666783064879e-01, 1.300791915966e-06, 6.4385e+01, 1.9420e+00, 
 2DIAGNOSTIC,    26, -5.666780985118e-01, 1.249514294775e-06, 6.6291e+01, 1.9054e+00, 
 2DIAGNOSTIC,    27, -5.666777799451e-01, 1.192300086994e-06, 6.8151e+01, 1.8600e+00, 
 2DIAGNOSTIC,    28, -5.666778632893e-01, 1.138787715814e-06, 7.0018e+01, 1.8667e+00, 
 2DIAGNOSTIC,    29, -5.666776640938e-01, 1.086619883600e-06, 7.1810e+01, 1.7927e+00, 
 2DIAGNOSTIC,    30, -5.666776826342e-01, 1.039113223016e-06, 7.3789e+01, 1.9788e+00, 
  Elapsed time (stage 0): 7.4988e+01


Total elapsed time: 7.4991e+01
Info [verificarlo]: loaded backend libinterflop_vprec.so
Info [interflop-vprec]: load backend with: 
Info [interflop-vprec]: precision-binary32 = 16
Info [interflop-vprec]: range-binary32 = 8
Info [interflop-vprec]: precision-binary64 = 16
Info [interflop-vprec]: range-binary64 = 8
Info [interflop-vprec]: mode = ob
Info [interflop-vprec]: error-mode = rel
Info [interflop-vprec]: max-abs-error-exponent = -1022
Info [interflop-vprec]: daz = false
Info [interflop-vprec]: ftz = false
Info [interflop-vprec]: 	instrument = none
Info [interflop-vprec]: 	prec-input-file = (null)
Info [interflop-vprec]: 	prec-output-file = (null)
Info [interflop-vprec]: 	prec-log-file = (null)
All_Command_lines_OK
Using double precision for computations.
=============================================================================
The composite transform comprises the following transforms (in order): 
  1. /home/mdugre/scratch/mri-registration-rp/datasets/ds004513/derivatives/mri-registration-rp/0001/antsRegistration-r8-p16/sub-s017/affine_Composite.h5[0] (type = Euler3DTransform)
  2. /home/mdugre/scratch/mri-registration-rp/datasets/ds004513/derivatives/mri-registration-rp/0001/antsRegistration-r8-p16/sub-s017/affine_Composite.h5[1] (type = Euler3DTransform)
  3. /home/mdugre/scratch/mri-registration-rp/datasets/ds004513/derivatives/mri-registration-rp/0001/antsRegistration-r8-p16/sub-s017/affine_Composite.h5[2] (type = Euler3DTransform)
  4. /home/mdugre/scratch/mri-registration-rp/datasets/ds004513/derivatives/mri-registration-rp/0001/antsRegistration-r8-p16/sub-s017/affine_Composite.h5[3] (type = AffineTransform)
=============================================================================
  number of levels = 4
  fixed image: /templateflow/tpl-MNI152NLin2009cAsym/tpl-MNI152NLin2009cAsym_res-01_desc-brain_T1w.nii.gz
  moving image: /home/mdugre/scratch/mri-registration-rp/datasets/ds004513/derivatives/mri-registration-rp/antsBrainExtraction/sub-s017/BrainExtractionBrain.nii.gz
Dimension = 3
Number of stages = 1
Use histogram matching = false
Winsorize image intensities = true
  Lower quantile = 0.005
  Upper quantile = 0.995


Stage 1 State
   Image metric = CC
     Fixed image = Image (0x3a7f6f0)
  RTTI typeinfo:   itk::Image<double, 3u>
  Reference Count: 2
  Modified Time: 1606
  Debug: Off
  Object Name: 
  Observers: 
    none
  Source: (none)
  Source output name: (none)
