
##########################
# Experiment information #
##########################

EXPERIMENT_NAME: antsRegistration-r8-p12
VFC_BACKENDS: libinterflop_vprec.so --range-binary32=8 --precision-binary32=12 --range-binary64=8 --precision-binary64=12

SIF_IMG: /home/mdugre/projects/rrg-glatard/mdugre/containers/ants-vprec-no_metrics.simg

SUBJECT_ID: s037
INPUT_IMG: /home/mdugre/scratch/mri-registration-rp/datasets/ds004513/derivatives/mri-registration-rp/antsBrainExtraction/sub-s037/BrainExtractionBrain.nii.gz
OUTPUT_DIR: /home/mdugre/scratch/mri-registration-rp/datasets/ds004513/derivatives/mri-registration-rp/0001/antsRegistration-r8-p12/sub-s037

FIXED_IMG: /templateflow/tpl-MNI152NLin2009cAsym/tpl-MNI152NLin2009cAsym_res-01_desc-brain_T1w.nii.gz
DATA_DIR: /home/mdugre/scratch/mri-registration-rp/datasets/ds004513
TEMPLATEFLOW_DIR: /home/mdugre/projects/rrg-glatard/mdugre/templateflow
ITK_GLOBAL_DEFAULT_NUMBER_OF_THREADS: 16
##########################

Info [verificarlo]: loaded backend libinterflop_ieee.so
Info [interflop-ieee]: load backend with:
Info [interflop-ieee]: debug = false
Info [interflop-ieee]: debug-binary = false
Info [interflop-ieee]: no-backend-name = false
Info [interflop-ieee]: print-new-line = false
Info [interflop-ieee]: print-subnormal-normalized = false
Info [interflop-ieee]: count-op = false
All_Command_lines_OK
Using double precision for computations.
=============================================================================
The composite transform comprises the following transforms (in order): 
  1. Center of mass alignment using fixed image: /templateflow/tpl-MNI152NLin2009cAsym/tpl-MNI152NLin2009cAsym_res-01_desc-brain_T1w.nii.gz and moving image: /home/mdugre/scratch/mri-registration-rp/datasets/ds004513/derivatives/mri-registration-rp/antsBrainExtraction/sub-s037/BrainExtractionBrain.nii.gz (type = Euler3DTransform)
=============================================================================
  number of levels = 1
  fixed image: /templateflow/tpl-MNI152NLin2009cAsym/tpl-MNI152NLin2009cAsym_res-01_desc-brain_T1w.nii.gz
  moving image: /home/mdugre/scratch/mri-registration-rp/datasets/ds004513/derivatives/mri-registration-rp/antsBrainExtraction/sub-s037/BrainExtractionBrain.nii.gz
Dimension = 3
Number of stages = 1
Use histogram matching = false
Winsorize image intensities = true
  Lower quantile = 0.005
  Upper quantile = 0.995


Stage 1 State
   Image metric = MattesMI
     Fixed image = Image (0x350ee70)
  RTTI typeinfo:   itk::Image<double, 3u>
  Reference Count: 2
  Modified Time: 2330
  Debug: Off
  Object Name: 
  Observers: 
    none
  Source: (none)
  Source output name: (none)
  Release Data: Off
  Data Released: False
  Global Release Data: Off
  PipelineMTime: 0
  UpdateMTime: 1941
  RealTimeStamp: 0 seconds 
  LargestPossibleRegion: 
    Dimension: 3
    Index: [0, 0, 0]
    Size: [193, 229, 193]
  BufferedRegion: 
    Dimension: 3
    Index: [0, 0, 0]
    Size: [193, 229, 193]
  RequestedRegion: 
    Dimension: 3
    Index: [0, 0, 0]
    Size: [193, 229, 193]
  Spacing: [1, 1, 1]
  Origin: [96, 132, -78]
  Direction: 
-1 0 0
0 -1 0
0 0 1

  IndexToPointMatrix: 
-1 0 0
0 -1 0
0 0 1

  PointToIndexMatrix: 
-1 0 0
0 -1 0
0 0 1

  Inverse Direction: 
-1 0 0
0 -1 0
0 0 1

  PixelContainer: 
    ImportImageContainer (0x3517c60)
      RTTI typeinfo:   itk::ImportImageContainer<unsigned long, double>
      Reference Count: 1
      Modified Time: 1938
      Debug: Off
      Object Name: 
      Observers: 
        none
      Pointer: 0x14dd55e34010
      Container manages memory: true
      Size: 8530021
      Capacity: 8530021

     Moving image = Image (0x35abec0)
  RTTI typeinfo:   itk::Image<double, 3u>
  Reference Count: 2
  Modified Time: 2331
  Debug: Off
  Object Name: 
  Observers: 
    none
  Source: (none)
  Source output name: (none)
  Release Data: Off
  Data Released: False
  Global Release Data: Off
  PipelineMTime: 0
  UpdateMTime: 2328
  RealTimeStamp: 0 seconds 
  LargestPossibleRegion: 
    Dimension: 3
    Index: [0, 0, 0]
    Size: [160, 240, 256]
  BufferedRegion: 
    Dimension: 3
    Index: [0, 0, 0]
    Size: [160, 240, 256]
  RequestedRegion: 
    Dimension: 3
    Index: [0, 0, 0]
    Size: [160, 240, 256]
  Spacing: [1, 1, 1]
  Origin: [87.9508, 102.562, -147.639]
  Direction: 
-0.998659 -0.0436121 -0.0279129
0.043595 -0.999049 0.00121847
-0.0279395 -2.65543e-08 0.99961

  IndexToPointMatrix: 
-0.998659 -0.0436121 -0.0279129
0.043595 -0.999049 0.00121847
-0.0279395 -2.65543e-08 0.99961

  PointToIndexMatrix: 
-0.998659 0.043595 -0.0279395
-0.0436121 -0.999049 -2.65517e-08
-0.0279129 0.00121847 0.99961

  Inverse Direction: 
-0.998659 0.043595 -0.0279395
-0.0436121 -0.999049 -2.65517e-08
-0.0279129 0.00121847 0.99961

  PixelContainer: 
    ImportImageContainer (0x3643610)
      RTTI typeinfo:   itk::ImportImageContainer<unsigned long, double>
      Reference Count: 1
      Modified Time: 2325
      Debug: Off
      Object Name: 
      Observers: 
        none
      Pointer: 0x14dd51333010
      Container manages memory: true
      Size: 9830400
      Capacity: 9830400

     Weighting = 1
     Sampling strategy = regular
     Number of bins = 32
     Radius = 4
     Sampling percentage  = 0.25
   Transform = Rigid
     Gradient step = 0.1
     Update field sigma (voxel space) = 0
     Total field sigma (voxel space) = 0
     Update field time sigma = 0
     Total field time sigma  = 0
     Number of time indices = 0
     Number of time point samples = 0
Registration using 1 total stages.

Stage 0
  iterations = 0
  convergence threshold = 1e-06
  convergence window size = 10
  number of levels = 1
  using the Mattes MI metric (number of bins = 32, weight = 1, use gradient filter = 0)
  preprocessing:  winsorizing the image intensities
  Shrink factors (level 1 out of 1): [1, 1, 1]
  smoothing sigmas per level: [0]
  regular sampling (percentage = 0.25)

*** Running Euler3DTransform registration ***

  Elapsed time (stage 0): 1.0839


Total elapsed time: 1.08606
Info [verificarlo]: loaded backend libinterflop_ieee.so
Info [interflop-ieee]: load backend with:
Info [interflop-ieee]: debug = false
Info [interflop-ieee]: debug-binary = false
Info [interflop-ieee]: no-backend-name = false
Info [interflop-ieee]: print-new-line = false
Info [interflop-ieee]: print-subnormal-normalized = false
Info [interflop-ieee]: count-op = false
All_Command_lines_OK
Using double precision for computations.
=============================================================================
The composite transform comprises the following transforms (in order): 
  1. /home/mdugre/scratch/mri-registration-rp/datasets/ds004513/derivatives/mri-registration-rp/0001/antsRegistration-r8-p12/sub-s037/align_Composite.h5[0] (type = Euler3DTransform)
  2. /home/mdugre/scratch/mri-registration-rp/datasets/ds004513/derivatives/mri-registration-rp/0001/antsRegistration-r8-p12/sub-s037/align_Composite.h5[1] (type = Euler3DTransform)
=============================================================================
  number of levels = 4
  fixed image: /templateflow/tpl-MNI152NLin2009cAsym/tpl-MNI152NLin2009cAsym_res-01_desc-brain_T1w.nii.gz
  moving image: /home/mdugre/scratch/mri-registration-rp/datasets/ds004513/derivatives/mri-registration-rp/antsBrainExtraction/sub-s037/BrainExtractionBrain.nii.gz
Dimension = 3
Number of stages = 1
Use histogram matching = false
Winsorize image intensities = true
  Lower quantile = 0.005
  Upper quantile = 0.995


Stage 1 State
   Image metric = MattesMI
     Fixed image = Image (0x4271530)
  RTTI typeinfo:   itk::Image<double, 3u>
  Reference Count: 2
  Modified Time: 1578
  Debug: Off
  Object Name: 
  Observers: 
    none
  Source: (none)
  Source output name: (none)
  Release Data: Off
  Data Released: False
  Global Release Data: Off
  PipelineMTime: 0
  UpdateMTime: 1189
  RealTimeStamp: 0 seconds 
  LargestPossibleRegion: 
    Dimension: 3
    Index: [0, 0, 0]
    Size: [193, 229, 193]
  BufferedRegion: 
    Dimension: 3
    Index: [0, 0, 0]
    Size: [193, 229, 193]
  RequestedRegion: 
    Dimension: 3
    Index: [0, 0, 0]
    Size: [193, 229, 193]
  Spacing: [1, 1, 1]
  Origin: [96, 132, -78]
  Direction: 
-1 0 0
0 -1 0
0 0 1

  IndexToPointMatrix: 
-1 0 0
0 -1 0
0 0 1

  PointToIndexMatrix: 
-1 0 0
0 -1 0
0 0 1

  Inverse Direction: 
-1 0 0
0 -1 0
0 0 1

  PixelContainer: 
    ImportImageContainer (0x432fd60)
      RTTI typeinfo:   itk::ImportImageContainer<unsigned long, double>
      Reference Count: 1
      Modified Time: 1186
      Debug: Off
      Object Name: 
      Observers: 
        none
      Pointer: 0x153aaa323010
      Container manages memory: true
      Size: 8530021
      Capacity: 8530021

     Moving image = Image (0x4321f60)
  RTTI typeinfo:   itk::Image<double, 3u>
  Reference Count: 2
  Modified Time: 1579
  Debug: Off
  Object Name: 
  Observers: 
    none
  Source: (none)
  Source output name: (none)
  Release Data: Off
  Data Released: False
  Global Release Data: Off
  PipelineMTime: 0
  UpdateMTime: 1576
  RealTimeStamp: 0 seconds 
  LargestPossibleRegion: 
    Dimension: 3
    Index: [0, 0, 0]
    Size: [160, 240, 256]
  BufferedRegion: 
    Dimension: 3
    Index: [0, 0, 0]
    Size: [160, 240, 256]
  RequestedRegion: 
    Dimension: 3
    Index: [0, 0, 0]
    Size: [160, 240, 256]
  Spacing: [1, 1, 1]
  Origin: [87.9508, 102.562, -147.639]
  Direction: 
-0.998659 -0.0436121 -0.0279129
0.043595 -0.999049 0.00121847
-0.0279395 -2.65543e-08 0.99961

  IndexToPointMatrix: 
-0.998659 -0.0436121 -0.0279129
0.043595 -0.999049 0.00121847
-0.0279395 -2.65543e-08 0.99961

  PointToIndexMatrix: 
-0.998659 0.043595 -0.0279395
-0.0436121 -0.999049 -2.65517e-08
-0.0279129 0.00121847 0.99961

  Inverse Direction: 
-0.998659 0.043595 -0.0279395
-0.0436121 -0.999049 -2.65517e-08
-0.0279129 0.00121847 0.99961

  PixelContainer: 
    ImportImageContainer (0x43136d0)
      RTTI typeinfo:   itk::ImportImageContainer<unsigned long, double>
      Reference Count: 1
      Modified Time: 1573
      Debug: Off
      Object Name: 
      Observers: 
        none
      Pointer: 0x153aa5822010
      Container manages memory: true
      Size: 9830400
      Capacity: 9830400

     Weighting = 1
     Sampling strategy = regular
     Number of bins = 32
     Radius = 4
     Sampling percentage  = 0.25
   Transform = Rigid
     Gradient step = 0.1
     Update field sigma (voxel space) = 0
     Total field sigma (voxel space) = 0
     Update field time sigma = 0
     Total field time sigma  = 0
     Number of time indices = 0
     Number of time point samples = 0
Registration using 1 total stages.

Stage 0
  iterations = 1000x500x250x100
  convergence threshold = 1e-06
  convergence window size = 10
  number of levels = 4
  using the Mattes MI metric (number of bins = 32, weight = 1, use gradient filter = 0)
  preprocessing:  winsorizing the image intensities
  Shrink factors (level 1 out of 4): [8, 8, 8]
  Shrink factors (level 2 out of 4): [4, 4, 4]
  Shrink factors (level 3 out of 4): [2, 2, 2]
  Shrink factors (level 4 out of 4): [1, 1, 1]
  smoothing sigmas per level: [3, 2, 1, 0]
  regular sampling (percentage = 0.25)

*** Running Euler3DTransform registration ***

DIAGNOSTIC,Iteration,metricValue,convergenceValue,ITERATION_TIME_INDEX,SINCE_LAST
 2DIAGNOSTIC,     1, -4.299060189477e-01, 1.797693134862e+308, 6.8081e-01, 6.8081e-01, 
 2DIAGNOSTIC,     2, -4.311703807429e-01, 1.797693134862e+308, 6.8506e-01, 4.2489e-03, 
 2DIAGNOSTIC,     3, -4.334997061176e-01, 1.797693134862e+308, 6.8934e-01, 4.2851e-03, 
 2DIAGNOSTIC,     4, -4.389575130370e-01, 1.797693134862e+308, 6.9371e-01, 4.3721e-03, 
 2DIAGNOSTIC,     5, -4.438813134482e-01, 1.797693134862e+308, 6.9815e-01, 4.4329e-03, 
 2DIAGNOSTIC,     6, -4.461495460377e-01, 1.797693134862e+308, 7.0259e-01, 4.4460e-03, 
 2DIAGNOSTIC,     7, -4.511407144429e-01, 1.797693134862e+308, 7.0779e-01, 5.1970e-03, 
 2DIAGNOSTIC,     8, -4.667812032718e-01, 1.797693134862e+308, 7.1304e-01, 5.2512e-03, 
 2DIAGNOSTIC,     9, -4.753090114372e-01, 1.797693134862e+308, 7.1814e-01, 5.0972e-03, 
 2DIAGNOSTIC,    10, -4.802481719655e-01, 7.481707542057e-03, 7.2347e-01, 5.3320e-03, 
 2DIAGNOSTIC,    11, -4.821261368877e-01, 7.356704266140e-03, 7.2818e-01, 4.7112e-03, 
 2DIAGNOSTIC,    12, -4.837491005317e-01, 6.749992380107e-03, 7.3364e-01, 5.4631e-03, 
 2DIAGNOSTIC,    13, -5.028244927618e-01, 6.622215038778e-03, 7.4143e-01, 7.7851e-03, 
 2DIAGNOSTIC,    14, -5.042109134417e-01, 6.183615245769e-03, 7.4611e-01, 4.6811e-03, 
 2DIAGNOSTIC,    15, -5.066116081874e-01, 5.558135432470e-03, 7.5042e-01, 4.3080e-03, 
 2DIAGNOSTIC,    16, -5.083451635930e-01, 4.676295421694e-03, 7.5470e-01, 4.2810e-03, 
 2DIAGNOSTIC,    17, -5.184993492593e-01, 3.998770500636e-03, 7.6166e-01, 6.9609e-03, 
 2DIAGNOSTIC,    18, -5.256348855983e-01, 3.769024583809e-03, 7.6629e-01, 4.6310e-03, 
 2DIAGNOSTIC,    19, -5.260487278936e-01, 3.491513209256e-03, 7.7140e-01, 5.1060e-03, 
 2DIAGNOSTIC,    20, -5.292109538463e-01, 3.174906838783e-03, 7.7673e-01, 5.3320e-03, 
 2DIAGNOSTIC,    21, -5.301818255505e-01, 2.681600021931e-03, 7.8093e-01, 4.2040e-03, 
 2DIAGNOSTIC,    22, -5.312241368955e-01, 2.041188802806e-03, 7.8613e-01, 5.1961e-03, 
 2DIAGNOSTIC,    23, -5.321371333933e-01, 1.776979140952e-03, 7.9143e-01, 5.3039e-03, 
 2DIAGNOSTIC,    24, -5.330747191873e-01, 1.429097889044e-03, 7.9569e-01, 4.2579e-03, 
 2DIAGNOSTIC,    25, -5.340979414432e-01, 1.060387291473e-03, 8.0123e-01, 5.5358e-03, 
 2DIAGNOSTIC,    26, -5.353301746100e-01, 6.839344637115e-04, 8.0713e-01, 5.9049e-03, 
 2DIAGNOSTIC,    27, -5.359877788602e-01, 5.005577520628e-04, 8.1140e-01, 4.2682e-03, 
 2DIAGNOSTIC,    28, -5.363338831868e-01, 4.385708868723e-04, 8.1565e-01, 4.2531e-03, 
 2DIAGNOSTIC,    29, -5.373050712763e-01, 3.660294219862e-04, 8.1987e-01, 4.2181e-03, 
 2DIAGNOSTIC,    30, -5.398201308012e-01, 3.715997095450e-04, 8.2536e-01, 5.4908e-03, 
 2DIAGNOSTIC,    31, -5.446421485176e-01, 4.465278695082e-04, 8.3636e-01, 1.1003e-02, 
 2DIAGNOSTIC,    32, -5.446645761888e-01, 4.912654766118e-04, 8.4135e-01, 4.9880e-03, 
 2DIAGNOSTIC,    33, -5.447647110736e-01, 5.056490836697e-04, 8.4593e-01, 4.5769e-03, 
 2DIAGNOSTIC,    34, -5.449311159306e-01, 4.904139325477e-04, 8.5041e-01, 4.4839e-03, 
 2DIAGNOSTIC,    35, -5.452045455322e-01, 4.491580858887e-04, 8.5465e-01, 4.2319e-03, 
 2DIAGNOSTIC,    36, -5.456974620849e-01, 3.933127628015e-04, 8.5913e-01, 4.4889e-03, 
 2DIAGNOSTIC,    37, -5.462998604477e-01, 3.227902260889e-04, 8.6342e-01, 4.2870e-03, 
 2DIAGNOSTIC,    38, -5.470544331948e-01, 2.429340255472e-04, 8.6769e-01, 4.2641e-03, 
 2DIAGNOSTIC,    39, -5.483333312017e-01, 1.763346901195e-04, 8.7267e-01, 4.9891e-03, 
 2DIAGNOSTIC,    40, -5.485726063579e-01, 1.327609611464e-04, 8.7688e-01, 4.2031e-03, 
 2DIAGNOSTIC,    41, -5.488485552388e-01, 1.482715042583e-04, 8.8184e-01, 4.9670e-03, 
 2DIAGNOSTIC,    42, -5.491458222943e-01, 1.532230445173e-04, 8.8620e-01, 4.3550e-03, 
 2DIAGNOSTIC,    43, -5.502479045512e-01, 1.587002621711e-04, 8.9144e-01, 5.2419e-03, 
 2DIAGNOSTIC,    44, -5.634818265747e-01, 3.167393081210e-04, 8.9793e-01, 6.4850e-03, 
 2DIAGNOSTIC,    45, -5.665531529136e-01, 4.734328178002e-04, 9.0323e-01, 5.3031e-03, 
 2DIAGNOSTIC,    46, -5.687240897469e-01, 6.105006530285e-04, 9.0804e-01, 4.8070e-03, 
 2DIAGNOSTIC,    47, -5.691242541867e-01, 6.967011628427e-04, 9.1281e-01, 4.7710e-03, 
 2DIAGNOSTIC,    48, -5.694958247082e-01, 7.249054305997e-04, 9.1729e-01, 4.4780e-03, 
 2DIAGNOSTIC,    49, -5.697409955589e-01, 6.972900210496e-04, 9.2166e-01, 4.3769e-03, 
 2DIAGNOSTIC,    50, -5.707139305254e-01, 6.164538117145e-04, 9.2873e-01, 7.0698e-03, 
 2DIAGNOSTIC,    51, -5.708158218740e-01, 4.858141229052e-04, 9.3312e-01, 4.3919e-03, 
 2DIAGNOSTIC,    52, -5.709352246199e-01, 3.203960942129e-04, 9.3813e-01, 5.0039e-03, 
 2DIAGNOSTIC,    53, -5.709668725338e-01, 1.396830889164e-04, 9.4234e-01, 4.2100e-03, 
 2DIAGNOSTIC,    54, -5.710744164114e-01, 8.629712980848e-05, 9.4660e-01, 4.2601e-03, 
 2DIAGNOSTIC,    55, -5.712494199600e-01, 5.808001523216e-05, 9.5084e-01, 4.2439e-03, 
 2DIAGNOSTIC,    56, -5.718046920615e-01, 5.164654817952e-05, 9.5564e-01, 4.7970e-03, 
 2DIAGNOSTIC,    57, -5.746019397008e-01, 7.077029964304e-05, 9.6170e-01, 6.0611e-03, 
 2DIAGNOSTIC,    58, -5.754150050240e-01, 9.283608127381e-05, 9.6665e-01, 4.9548e-03, 
 2DIAGNOSTIC,    59, -5.758066701081e-01, 1.109653540705e-04, 9.7182e-01, 5.1649e-03, 
 2DIAGNOSTIC,    60, -5.773307035693e-01, 1.405223895196e-04, 9.7733e-01, 5.5070e-03, 
 2DIAGNOSTIC,    61, -5.779240998116e-01, 1.612722561463e-04, 9.8368e-01, 6.3498e-03, 
 2DIAGNOSTIC,    62, -5.787589924015e-01, 1.737316962904e-04, 9.8943e-01, 5.7549e-03, 
 2DIAGNOSTIC,    63, -5.797498083377e-01, 1.777071388745e-04, 9.9395e-01, 4.5180e-03, 
 2DIAGNOSTIC,    64, -5.808640557405e-01, 1.748961729158e-04, 9.9990e-01, 5.9490e-03, 
 2DIAGNOSTIC,    65, -5.809379237531e-01, 1.574138840933e-04, 1.0056e+00, 5.6739e-03, 
 2DIAGNOSTIC,    66, -5.808535943457e-01, 1.287685510538e-04, 1.0097e+00, 4.1580e-03, 
 2DIAGNOSTIC,    67, -5.808851177663e-01, 1.112261236455e-04, 1.0152e+00, 5.4531e-03, 
 2DIAGNOSTIC,    68, -5.809685481155e-01, 9.052764432254e-05, 1.0198e+00, 4.6239e-03, 
 2DIAGNOSTIC,    69, -5.811594509293e-01, 6.591362443915e-05, 1.0249e+00, 5.1000e-03, 
 2DIAGNOSTIC,    70, -5.812785816412e-01, 4.820014800781e-05, 1.0289e+00, 4.0410e-03, 
 2DIAGNOSTIC,    71, -5.812854483190e-01, 3.096098615000e-05, 1.0341e+00, 5.1320e-03, 
 2DIAGNOSTIC,    72, -5.814566937048e-01, 1.861677559999e-05, 1.0381e+00, 4.0188e-03, 
 2DIAGNOSTIC,    73, -5.815810239005e-01, 1.268397253834e-05, 1.0424e+00, 4.3290e-03, 
 2DIAGNOSTIC,    74, -5.817683484972e-01, 1.496690023920e-05, 1.0465e+00, 4.0791e-03, 
 2DIAGNOSTIC,    75, -5.827647905974e-01, 2.330634277965e-05, 1.0526e+00, 6.0890e-03, 
 2DIAGNOSTIC,    76, -5.828736174664e-01, 2.922150102718e-05, 1.0572e+00, 4.6122e-03, 
 2DIAGNOSTIC,    77, -5.829009602165e-01, 3.266925722440e-05, 1.0626e+00, 5.3680e-03, 
 2DIAGNOSTIC,    78, -5.830599652703e-01, 3.460891212990e-05, 1.0667e+00, 4.1301e-03, 
 2DIAGNOSTIC,    79, -5.832512242265e-01, 3.566817904607e-05, 1.0716e+00, 4.9241e-03, 
 2DIAGNOSTIC,    80, -5.833293662985e-01, 3.447912573643e-05, 1.0761e+00, 4.4410e-03, 
 2DIAGNOSTIC,    81, -5.833554570831e-01, 3.022628391730e-05, 1.0807e+00, 4.6251e-03, 
 2DIAGNOSTIC,    82, -5.834915323037e-01, 2.527573495613e-05, 1.0849e+00, 4.1618e-03, 
 2DIAGNOSTIC,    83, -5.835068869092e-01, 1.894927996468e-05, 1.0900e+00, 5.1420e-03, 
 2DIAGNOSTIC,    84, -5.836443684544e-01, 1.283151147270e-05, 1.0956e+00, 5.5859e-03, 
 2DIAGNOSTIC,    85, -5.836358827605e-01, 1.170989530462e-05, 1.0997e+00, 4.1530e-03, 
 2DIAGNOSTIC,    86, -5.838103092537e-01, 1.127238039738e-05, 1.1046e+00, 4.8778e-03, 
 2DIAGNOSTIC,    87, -5.838393189804e-01, 1.009470089674e-05, 1.1090e+00, 4.3998e-03, 
 2DIAGNOSTIC,    88, -5.838608453682e-01, 9.050729022391e-06, 1.1139e+00, 4.8339e-03, 
 2DIAGNOSTIC,    89, -5.840480111650e-01, 9.409297694229e-06, 1.1183e+00, 4.4000e-03, 
 2DIAGNOSTIC,    90, -5.842122124080e-01, 1.026033109699e-05, 1.1224e+00, 4.1690e-03, 
 2DIAGNOSTIC,    91, -5.852190981758e-01, 1.599368763423e-05, 1.1292e+00, 6.7990e-03, 
 2DIAGNOSTIC,    92, -5.852836909478e-01, 2.108076099450e-05, 1.1334e+00, 4.2050e-03, 
 2DIAGNOSTIC,    93, -5.853393034631e-01, 2.450305081009e-05, 1.1381e+00, 4.6310e-03, 
 2DIAGNOSTIC,    94, -5.859483956342e-01, 2.970907296503e-05, 1.1427e+00, 4.6780e-03, 
 2DIAGNOSTIC,    95, -5.863147374592e-01, 3.376142725535e-05, 1.1474e+00, 4.6411e-03, 
 2DIAGNOSTIC,    96, -5.865258747886e-01, 3.647587239067e-05, 1.1517e+00, 4.3049e-03, 
 2DIAGNOSTIC,    97, -5.865654075485e-01, 3.604169197702e-05, 1.1559e+00, 4.1778e-03, 
 2DIAGNOSTIC,    98, -5.866913495472e-01, 3.303059132476e-05, 1.1605e+00, 4.6670e-03, 
 2DIAGNOSTIC,    99, -5.871360566991e-01, 3.020142345222e-05, 1.1663e+00, 5.7430e-03, 
 2DIAGNOSTIC,   100, -5.873103779471e-01, 2.604731229905e-05, 1.1705e+00, 4.1919e-03, 
 2DIAGNOSTIC,   101, -5.873368146732e-01, 2.480008786514e-05, 1.1749e+00, 4.4410e-03, 
 2DIAGNOSTIC,   102, -5.873773346526e-01, 2.183486260228e-05, 1.1795e+00, 4.6210e-03, 
 2DIAGNOSTIC,   103, -5.873719133605e-01, 1.704257437203e-05, 1.1845e+00, 4.9770e-03, 
 2DIAGNOSTIC,   104, -5.872267524272e-01, 1.295283002305e-05, 1.1891e+00, 4.6329e-03, 
 2DIAGNOSTIC,   105, -5.872295499841e-01, 9.514666938267e-06, 1.1935e+00, 4.3850e-03, 
 2DIAGNOSTIC,   106, -5.872323213069e-01, 6.314423218865e-06, 1.1977e+00, 4.1671e-03, 
 2DIAGNOSTIC,   107, -5.873244090138e-01, 3.235891498626e-06, 1.2028e+00, 5.1191e-03, 
 2DIAGNOSTIC,   108, -5.874904012576e-01, 1.264672786029e-06, 1.2158e+00, 1.3010e-02, 
 2DIAGNOSTIC,   109, -5.874904004918e-01, 1.309290368531e-06, 1.2199e+00, 4.0910e-03, 
 2DIAGNOSTIC,   110, -5.874904007992e-01, 2.086035553645e-06, 1.2240e+00, 4.1420e-03, 
 2DIAGNOSTIC,   111, -5.874904013189e-01, 2.791685567200e-06, 1.2282e+00, 4.1091e-03, 
 2DIAGNOSTIC,   112, -5.874904021974e-01, 3.411209370656e-06, 1.2325e+00, 4.3590e-03, 
 2DIAGNOSTIC,   113, -5.874904036823e-01, 3.698139555862e-06, 1.2367e+00, 4.1461e-03, 
 2DIAGNOSTIC,   114, -5.874904061914e-01, 3.002199118252e-06, 1.2408e+00, 4.1389e-03, 
 2DIAGNOSTIC,   115, -5.874904104287e-01, 2.085808175879e-06, 1.2449e+00, 4.0870e-03, 
 2DIAGNOSTIC,   116, -5.874904175786e-01, 1.021735066581e-06, 1.2490e+00, 4.1251e-03, 
DIAGNOSTIC,Iteration,metricValue,convergenceValue,ITERATION_TIME_INDEX,SINCE_LAST
 2DIAGNOSTIC,     1, -4.733330135507e-01, 1.797693134862e+308, 1.9177e+00, 6.6866e-01, 
 2DIAGNOSTIC,     2, -4.740170462966e-01, 1.797693134862e+308, 1.9466e+00, 2.8933e-02, 
 2DIAGNOSTIC,     3, -4.751352298513e-01, 1.797693134862e+308, 1.9763e+00, 2.9704e-02, 
 2DIAGNOSTIC,     4, -4.771290143319e-01, 1.797693134862e+308, 2.0054e+00, 2.9061e-02, 
 2DIAGNOSTIC,     5, -4.804430285223e-01, 1.797693134862e+308, 2.0345e+00, 2.9111e-02, 
 2DIAGNOSTIC,     6, -4.822906248642e-01, 1.797693134862e+308, 2.0680e+00, 3.3502e-02, 
 2DIAGNOSTIC,     7, -4.831086225483e-01, 1.797693134862e+308, 2.0967e+00, 2.8705e-02, 
 2DIAGNOSTIC,     8, -4.832330998122e-01, 1.797693134862e+308, 2.1257e+00, 2.9036e-02, 
 2DIAGNOSTIC,     9, -4.835893296321e-01, 1.797693134862e+308, 2.1595e+00, 3.3760e-02, 
 2DIAGNOSTIC,    10, -4.846907839302e-01, 1.691899074915e-03, 2.1928e+00, 3.3359e-02, 
 2DIAGNOSTIC,    11, -4.874685872175e-01, 1.496590449484e-03, 2.2285e+00, 3.5617e-02, 
 2DIAGNOSTIC,    12, -4.877774015196e-01, 1.247577501150e-03, 2.2577e+00, 2.9287e-02, 
 2DIAGNOSTIC,    13, -4.882222294002e-01, 9.982031127293e-04, 2.2903e+00, 3.2524e-02, 
 2DIAGNOSTIC,    14, -4.889950020276e-01, 8.095519076334e-04, 2.3186e+00, 2.8372e-02, 
 2DIAGNOSTIC,    15, -4.894025887092e-01, 7.155805530734e-04, 2.3514e+00, 3.2782e-02, 
 2DIAGNOSTIC,    16, -4.909387040275e-01, 6.901125153902e-04, 2.3986e+00, 4.7174e-02, 
 2DIAGNOSTIC,    17, -4.909529346612e-01, 6.323041288325e-04, 2.4273e+00, 2.8661e-02, 
 2DIAGNOSTIC,    18, -4.912823901262e-01, 5.396188977959e-04, 2.4562e+00, 2.8919e-02, 
 2DIAGNOSTIC,    19, -4.915659868335e-01, 4.269751500264e-04, 2.4912e+00, 3.4997e-02, 
 2DIAGNOSTIC,    20, -4.917307777459e-01, 3.207939027887e-04, 2.5248e+00, 3.3580e-02, 
 2DIAGNOSTIC,    21, -4.917859561435e-01, 2.737870077495e-04, 2.5548e+00, 3.0090e-02, 
 2DIAGNOSTIC,    22, -4.919562792254e-01, 2.184799371979e-04, 2.5892e+00, 3.4372e-02, 
 2DIAGNOSTIC,    23, -4.919943789022e-01, 1.600276212447e-04, 2.6229e+00, 3.3666e-02, 
 2DIAGNOSTIC,    24, -4.921022027097e-01, 1.131585166576e-04, 2.6752e+00, 5.2308e-02, 
 2DIAGNOSTIC,    25, -4.921058047333e-01, 6.821238473302e-05, 2.7046e+00, 2.9398e-02, 
 2DIAGNOSTIC,    26, -4.921187465118e-01, 5.545824672575e-05, 2.7333e+00, 2.8708e-02, 
 2DIAGNOSTIC,    27, -4.921463567277e-01, 3.934839039250e-05, 2.7651e+00, 3.1833e-02, 
 2DIAGNOSTIC,    28, -4.921640357211e-01, 2.788503980381e-05, 2.7936e+00, 2.8441e-02, 
 2DIAGNOSTIC,    29, -4.921834440815e-01, 2.072893647264e-05, 2.8217e+00, 2.8155e-02, 
 2DIAGNOSTIC,    30, -4.922210473058e-01, 1.614906292528e-05, 2.8542e+00, 3.2487e-02, 
 2DIAGNOSTIC,    31, -4.922673720855e-01, 1.228327303814e-05, 2.8893e+00, 3.5130e-02, 
 2DIAGNOSTIC,    32, -4.922748888150e-01, 1.082004524541e-05, 2.9179e+00, 2.8593e-02, 
 2DIAGNOSTIC,    33, -4.923607330430e-01, 1.066269439587e-05, 2.9465e+00, 2.8516e-02, 
 2DIAGNOSTIC,    34, -4.929257390413e-01, 2.109553771195e-05, 2.9825e+00, 3.6001e-02, 
 2DIAGNOSTIC,    35, -4.932877781825e-01, 3.483551931489e-05, 3.0145e+00, 3.2053e-02, 
 2DIAGNOSTIC,    36, -4.933839860536e-01, 4.629021802202e-05, 3.0464e+00, 3.1888e-02, 
 2DIAGNOSTIC,    37, -4.933981898899e-01, 5.362343261972e-05, 3.0748e+00, 2.8387e-02, 
 2DIAGNOSTIC,    38, -4.934262029634e-01, 5.629997129494e-05, 3.1062e+00, 3.1438e-02, 
 2DIAGNOSTIC,    39, -4.934274985939e-01, 5.370368022032e-05, 3.1374e+00, 3.1225e-02, 
 2DIAGNOSTIC,    40, -4.934285513076e-01, 4.664380542803e-05, 3.1652e+00, 2.7766e-02, 
 2DIAGNOSTIC,    41, -4.934147881657e-01, 3.612542267506e-05, 3.1927e+00, 2.7455e-02, 
 2DIAGNOSTIC,    42, -4.934171865180e-01, 2.301395404689e-05, 3.2245e+00, 3.1861e-02, 
 2DIAGNOSTIC,    43, -4.934181570153e-01, 9.417099295635e-06, 3.2528e+00, 2.8260e-02, 
 2DIAGNOSTIC,    44, -4.934111871424e-01, 2.861551581086e-06, 3.2845e+00, 3.1727e-02, 
 2DIAGNOSTIC,    45, -4.934423216221e-01, 1.448262771906e-06, 3.3122e+00, 2.7703e-02, 
 2DIAGNOSTIC,    46, -4.934714569580e-01, 1.599439762950e-06, 3.3511e+00, 3.8834e-02, 
 2DIAGNOSTIC,    47, -4.934967831097e-01, 2.129745564475e-06, 3.4452e+00, 9.4153e-02, 
 2DIAGNOSTIC,    48, -4.934967831065e-01, 2.836683619539e-06, 3.5263e+00, 8.1067e-02, 
 2DIAGNOSTIC,    49, -4.934967831065e-01, 3.329473158058e-06, 3.5601e+00, 3.3833e-02, 
 2DIAGNOSTIC,    50, -4.934967831065e-01, 3.561059381270e-06, 3.5969e+00, 3.6803e-02, 
 2DIAGNOSTIC,    51, -4.934967831065e-01, 3.336954510127e-06, 3.6383e+00, 4.1360e-02, 
 2DIAGNOSTIC,    52, -4.934967831065e-01, 2.886941215013e-06, 3.6710e+00, 3.2724e-02, 
 2DIAGNOSTIC,    53, -4.934967831065e-01, 2.257246350799e-06, 3.7050e+00, 3.3987e-02, 
 2DIAGNOSTIC,    54, -4.934967831065e-01, 1.416153092525e-06, 3.7385e+00, 3.3479e-02, 
DIAGNOSTIC,Iteration,metricValue,convergenceValue,ITERATION_TIME_INDEX,SINCE_LAST
 2DIAGNOSTIC,     1, -4.340837704171e-01, 1.797693134862e+308, 4.7489e+00, 1.0105e+00, 
 2DIAGNOSTIC,     2, -4.342662189905e-01, 1.797693134862e+308, 4.9696e+00, 2.2064e-01, 
 2DIAGNOSTIC,     3, -4.343870622487e-01, 1.797693134862e+308, 5.1787e+00, 2.0911e-01, 
 2DIAGNOSTIC,     4, -4.344819422715e-01, 1.797693134862e+308, 5.3936e+00, 2.1489e-01, 
 2DIAGNOSTIC,     5, -4.345680594633e-01, 1.797693134862e+308, 5.6275e+00, 2.3398e-01, 
 2DIAGNOSTIC,     6, -4.346273461612e-01, 1.797693134862e+308, 5.9484e+00, 3.2089e-01, 
 2DIAGNOSTIC,     7, -4.346673678253e-01, 1.797693134862e+308, 6.1972e+00, 2.4878e-01, 
 2DIAGNOSTIC,     8, -4.347148879847e-01, 1.797693134862e+308, 6.4477e+00, 2.5046e-01, 
 2DIAGNOSTIC,     9, -4.349582801513e-01, 1.797693134862e+308, 6.7576e+00, 3.0988e-01, 
 2DIAGNOSTIC,    10, -4.349957314563e-01, 1.237161901302e-04, 7.0251e+00, 2.6750e-01, 
 2DIAGNOSTIC,    11, -4.350190775451e-01, 1.036112256235e-04, 7.2703e+00, 2.4521e-01, 
 2DIAGNOSTIC,    12, -4.350586488012e-01, 9.002282434882e-05, 7.7949e+00, 5.2458e-01, 
 2DIAGNOSTIC,    13, -4.350598551386e-01, 7.663498437389e-05, 8.0632e+00, 2.6833e-01, 
 2DIAGNOSTIC,    14, -4.350609873586e-01, 6.268747826210e-05, 8.3180e+00, 2.5485e-01, 
 2DIAGNOSTIC,    15, -4.350605333519e-01, 4.875624338940e-05, 8.6193e+00, 3.0125e-01, 
 2DIAGNOSTIC,    16, -4.350593875151e-01, 3.477961680223e-05, 8.8671e+00, 2.4782e-01, 
 2DIAGNOSTIC,    17, -4.350598916493e-01, 2.104462578997e-05, 9.0967e+00, 2.2964e-01, 
 2DIAGNOSTIC,    18, -4.350591738628e-01, 8.534392193102e-06, 9.3682e+00, 2.7149e-01, 
 2DIAGNOSTIC,    19, -4.350600098240e-01, 5.111430941923e-06, 9.5936e+00, 2.2538e-01, 
 2DIAGNOSTIC,    20, -4.350613311384e-01, 2.972623551992e-06, 9.8576e+00, 2.6399e-01, 
 2DIAGNOSTIC,    21, -4.350624843836e-01, 1.636556291110e-06, 1.0082e+01, 2.2394e-01, 
 2DIAGNOSTIC,    22, -4.350643737584e-01, 1.641484851433e-06, 1.0298e+01, 2.1667e-01, 
 2DIAGNOSTIC,    23, -4.350634041358e-01, 1.632546552527e-06, 1.0577e+01, 2.7837e-01, 
 2DIAGNOSTIC,    24, -4.350639660152e-01, 1.648805698980e-06, 1.0847e+01, 2.7039e-01, 
 2DIAGNOSTIC,    25, -4.350644886722e-01, 1.635263298119e-06, 1.1112e+01, 2.6495e-01, 
 2DIAGNOSTIC,    26, -4.350645443511e-01, 1.559653077271e-06, 1.1340e+01, 2.2854e-01, 
 2DIAGNOSTIC,    27, -4.350651380270e-01, 1.485413883492e-06, 1.1678e+01, 3.3774e-01, 
 2DIAGNOSTIC,    28, -4.350645484817e-01, 1.357268271572e-06, 1.1937e+01, 2.5898e-01, 
 2DIAGNOSTIC,    29, -4.350639933414e-01, 1.223985974762e-06, 1.2227e+01, 2.8940e-01, 
 2DIAGNOSTIC,    30, -4.350632969428e-01, 1.100820781960e-06, 1.2477e+01, 2.4998e-01, 
DIAGNOSTIC,Iteration,metricValue,convergenceValue,ITERATION_TIME_INDEX,SINCE_LAST
 2DIAGNOSTIC,     1, -4.015243668608e-01, 1.797693134862e+308, 1.4851e+01, 2.3744e+00, 
 2DIAGNOSTIC,     2, -4.016794455466e-01, 1.797693134862e+308, 1.6243e+01, 1.3916e+00, 
 2DIAGNOSTIC,     3, -4.017883853309e-01, 1.797693134862e+308, 1.7817e+01, 1.5746e+00, 
 2DIAGNOSTIC,     4, -4.018131180928e-01, 1.797693134862e+308, 1.9101e+01, 1.2837e+00, 
 2DIAGNOSTIC,     5, -4.018682004829e-01, 1.797693134862e+308, 2.0842e+01, 1.7412e+00, 
 2DIAGNOSTIC,     6, -4.018969834871e-01, 1.797693134862e+308, 2.2306e+01, 1.4639e+00, 
 2DIAGNOSTIC,     7, -4.019055013834e-01, 1.797693134862e+308, 2.3958e+01, 1.6521e+00, 
 2DIAGNOSTIC,     8, -4.019087428239e-01, 1.797693134862e+308, 2.5394e+01, 1.4359e+00, 
 2DIAGNOSTIC,     9, -4.019157780143e-01, 1.797693134862e+308, 2.6920e+01, 1.5259e+00, 
 2DIAGNOSTIC,    10, -4.019178421586e-01, 5.497829463343e-05, 2.8728e+01, 1.8080e+00, 
 2DIAGNOSTIC,    11, -4.019181764785e-01, 3.145648102267e-05, 3.0260e+01, 1.5320e+00, 
 2DIAGNOSTIC,    12, -4.019177597299e-01, 1.828883755614e-05, 3.2037e+01, 1.7775e+00, 
 2DIAGNOSTIC,    13, -4.019175668027e-01, 1.167145953422e-05, 3.3660e+01, 1.6226e+00, 
 2DIAGNOSTIC,    14, -4.019175975088e-01, 6.350833784904e-06, 3.5287e+01, 1.6270e+00, 
 2DIAGNOSTIC,    15, -4.019173535341e-01, 3.918035773667e-06, 3.6590e+01, 1.3033e+00, 
 2DIAGNOSTIC,    16, -4.019173820338e-01, 2.893800198758e-06, 3.8288e+01, 1.6977e+00, 
 2DIAGNOSTIC,    17, -4.019173064806e-01, 2.259145986235e-06, 3.9892e+01, 1.6037e+00, 
 2DIAGNOSTIC,    18, -4.019171488188e-01, 1.773756248623e-06, 4.1410e+01, 1.5186e+00, 
 2DIAGNOSTIC,    19, -4.019170780910e-01, 1.596002786895e-06, 4.2902e+01, 1.4922e+00, 
 2DIAGNOSTIC,    20, -4.019168446406e-01, 1.507519167915e-06, 4.4555e+01, 1.6527e+00, 
 2DIAGNOSTIC,    21, -4.019167900206e-01, 1.445105341093e-06, 4.5914e+01, 1.3586e+00, 
 2DIAGNOSTIC,    22, -4.019166705034e-01, 1.377687937641e-06, 4.7378e+01, 1.4643e+00, 
 2DIAGNOSTIC,    23, -4.019169715694e-01, 1.325818469407e-06, 4.8883e+01, 1.5047e+00, 
 2DIAGNOSTIC,    24, -4.019169323883e-01, 1.283335570666e-06, 5.0394e+01, 1.5117e+00, 
 2DIAGNOSTIC,    25, -4.019170758347e-01, 1.245453305300e-06, 5.1902e+01, 1.5080e+00, 
 2DIAGNOSTIC,    26, -4.019171422318e-01, 1.215657938182e-06, 5.3380e+01, 1.4771e+00, 
 2DIAGNOSTIC,    27, -4.019167860375e-01, 1.177510531372e-06, 5.4879e+01, 1.4996e+00, 
 2DIAGNOSTIC,    28, -4.019165091470e-01, 1.131363560621e-06, 5.6656e+01, 1.7772e+00, 
 2DIAGNOSTIC,    29, -4.019164418328e-01, 1.085676381622e-06, 5.8115e+01, 1.4584e+00, 
 2DIAGNOSTIC,    30, -4.019163693431e-01, 1.036781566308e-06, 5.9610e+01, 1.4958e+00, 
  Elapsed time (stage 0): 6.0445e+01


Total elapsed time: 6.0448e+01
Info [verificarlo]: loaded backend libinterflop_ieee.so
Info [interflop-ieee]: load backend with:
Info [interflop-ieee]: debug = false
Info [interflop-ieee]: debug-binary = false
Info [interflop-ieee]: no-backend-name = false
Info [interflop-ieee]: print-new-line = false
Info [interflop-ieee]: print-subnormal-normalized = false
Info [interflop-ieee]: count-op = false
All_Command_lines_OK
Using double precision for computations.
=============================================================================
The composite transform comprises the following transforms (in order): 
  1. /home/mdugre/scratch/mri-registration-rp/datasets/ds004513/derivatives/mri-registration-rp/0001/antsRegistration-r8-p12/sub-s037/rigid_Composite.h5[0] (type = Euler3DTransform)
  2. /home/mdugre/scratch/mri-registration-rp/datasets/ds004513/derivatives/mri-registration-rp/0001/antsRegistration-r8-p12/sub-s037/rigid_Composite.h5[1] (type = Euler3DTransform)
  3. /home/mdugre/scratch/mri-registration-rp/datasets/ds004513/derivatives/mri-registration-rp/0001/antsRegistration-r8-p12/sub-s037/rigid_Composite.h5[2] (type = Euler3DTransform)
=============================================================================
  number of levels = 4
  fixed image: /templateflow/tpl-MNI152NLin2009cAsym/tpl-MNI152NLin2009cAsym_res-01_desc-brain_T1w.nii.gz
  moving image: /home/mdugre/scratch/mri-registration-rp/datasets/ds004513/derivatives/mri-registration-rp/antsBrainExtraction/sub-s037/BrainExtractionBrain.nii.gz
Dimension = 3
Number of stages = 1
Use histogram matching = false
Winsorize image intensities = true
  Lower quantile = 0.005
  Upper quantile = 0.995


Stage 1 State
   Image metric = MattesMI
     Fixed image = Image (0x49077e0)
  RTTI typeinfo:   itk::Image<double, 3u>
  Reference Count: 2
  Modified Time: 1592
  Debug: Off
  Object Name: 
  Observers: 
    none
  Source: (none)
  Source output name: (none)
  Release Data: Off
  Data Released: False
  Global Release Data: Off
  PipelineMTime: 0
  UpdateMTime: 1203
  RealTimeStamp: 0 seconds 
  LargestPossibleRegion: 
    Dimension: 3
    Index: [0, 0, 0]
    Size: [193, 229, 193]
  BufferedRegion: 
    Dimension: 3
    Index: [0, 0, 0]
    Size: [193, 229, 193]
  RequestedRegion: 
    Dimension: 3
    Index: [0, 0, 0]
    Size: [193, 229, 193]
  Spacing: [1, 1, 1]
  Origin: [96, 132, -78]
  Direction: 
-1 0 0
0 -1 0
0 0 1

  IndexToPointMatrix: 
-1 0 0
0 -1 0
0 0 1

  PointToIndexMatrix: 
-1 0 0
0 -1 0
0 0 1

  Inverse Direction: 
-1 0 0
0 -1 0
0 0 1

  PixelContainer: 
    ImportImageContainer (0x49c7a20)
      RTTI typeinfo:   itk::ImportImageContainer<unsigned long, double>
      Reference Count: 1
      Modified Time: 1200
      Debug: Off
      Object Name: 
      Observers: 
        none
      Pointer: 0x148998a17010
      Container manages memory: true
      Size: 8530021
      Capacity: 8530021

     Moving image = Image (0x49c2d70)
  RTTI typeinfo:   itk::Image<double, 3u>
  Reference Count: 2
  Modified Time: 1593
  Debug: Off
  Object Name: 
  Observers: 
    none
  Source: (none)
  Source output name: (none)
  Release Data: Off
  Data Released: False
  Global Release Data: Off
  PipelineMTime: 0
  UpdateMTime: 1590
  RealTimeStamp: 0 seconds 
  LargestPossibleRegion: 
    Dimension: 3
    Index: [0, 0, 0]
    Size: [160, 240, 256]
  BufferedRegion: 
    Dimension: 3
    Index: [0, 0, 0]
    Size: [160, 240, 256]
  RequestedRegion: 
    Dimension: 3
    Index: [0, 0, 0]
    Size: [160, 240, 256]
  Spacing: [1, 1, 1]
  Origin: [87.9508, 102.562, -147.639]
  Direction: 
-0.998659 -0.0436121 -0.0279129
0.043595 -0.999049 0.00121847
-0.0279395 -2.65543e-08 0.99961

  IndexToPointMatrix: 
-0.998659 -0.0436121 -0.0279129
0.043595 -0.999049 0.00121847
-0.0279395 -2.65543e-08 0.99961

  PointToIndexMatrix: 
-0.998659 0.043595 -0.0279395
-0.0436121 -0.999049 -2.65517e-08
-0.0279129 0.00121847 0.99961

  Inverse Direction: 
-0.998659 0.043595 -0.0279395
-0.0436121 -0.999049 -2.65517e-08
-0.0279129 0.00121847 0.99961

  PixelContainer: 
    ImportImageContainer (0x497ac90)
      RTTI typeinfo:   itk::ImportImageContainer<unsigned long, double>
      Reference Count: 1
      Modified Time: 1587
      Debug: Off
      Object Name: 
      Observers: 
        none
      Pointer: 0x148993f16010
      Container manages memory: true
      Size: 9830400
      Capacity: 9830400

     Weighting = 1
     Sampling strategy = regular
     Number of bins = 32
     Radius = 4
     Sampling percentage  = 0.25
   Transform = Affine
     Gradient step = 0.1
     Update field sigma (voxel space) = 0
     Total field sigma (voxel space) = 0
     Update field time sigma = 0
     Total field time sigma  = 0
     Number of time indices = 0
     Number of time point samples = 0
Registration using 1 total stages.

Stage 0
  iterations = 1000x500x250x100
  convergence threshold = 1e-06
  convergence window size = 10
  number of levels = 4
  using the Mattes MI metric (number of bins = 32, weight = 1, use gradient filter = 0)
  preprocessing:  winsorizing the image intensities
  Shrink factors (level 1 out of 4): [8, 8, 8]
  Shrink factors (level 2 out of 4): [4, 4, 4]
  Shrink factors (level 3 out of 4): [2, 2, 2]
  Shrink factors (level 4 out of 4): [1, 1, 1]
  smoothing sigmas per level: [3, 2, 1, 0]
  regular sampling (percentage = 0.25)

*** Running AffineTransform registration ***

DIAGNOSTIC,Iteration,metricValue,convergenceValue,ITERATION_TIME_INDEX,SINCE_LAST
 2DIAGNOSTIC,     1, -5.869134528057e-01, 1.797693134862e+308, 6.3670e-01, 6.3670e-01, 
 2DIAGNOSTIC,     2, -5.883617974702e-01, 1.797693134862e+308, 6.4194e-01, 5.2311e-03, 
 2DIAGNOSTIC,     3, -5.910145883343e-01, 1.797693134862e+308, 6.4698e-01, 5.0430e-03, 
 2DIAGNOSTIC,     4, -5.958052075388e-01, 1.797693134862e+308, 6.5169e-01, 4.7150e-03, 
 2DIAGNOSTIC,     5, -6.031381075599e-01, 1.797693134862e+308, 6.5655e-01, 4.8521e-03, 
 2DIAGNOSTIC,     6, -6.130122623698e-01, 1.797693134862e+308, 6.6123e-01, 4.6809e-03, 
 2DIAGNOSTIC,     7, -6.291712759597e-01, 1.797693134862e+308, 6.6682e-01, 5.5900e-03, 
 2DIAGNOSTIC,     8, -6.578659492211e-01, 1.797693134862e+308, 6.7234e-01, 5.5239e-03, 
 2DIAGNOSTIC,     9, -6.837613501314e-01, 1.797693134862e+308, 6.7925e-01, 6.9048e-03, 
 2DIAGNOSTIC,    10, -6.893891909103e-01, 1.139095277432e-02, 6.8470e-01, 5.4591e-03, 
 2DIAGNOSTIC,    11, -6.984441020623e-01, 1.172053213118e-02, 6.9000e-01, 5.2960e-03, 
 2DIAGNOSTIC,    12, -7.084818943528e-01, 1.135793630221e-02, 6.9768e-01, 7.6771e-03, 
 2DIAGNOSTIC,    13, -7.122938602520e-01, 1.023463837660e-02, 7.0311e-01, 5.4350e-03, 
 2DIAGNOSTIC,    14, -7.127120562217e-01, 8.521025406511e-03, 7.0850e-01, 5.3840e-03, 
 2DIAGNOSTIC,    15, -7.126025580281e-01, 6.504665108399e-03, 7.1337e-01, 4.8778e-03, 
 2DIAGNOSTIC,    16, -7.144034747200e-01, 4.489069768113e-03, 7.1930e-01, 5.9290e-03, 
 2DIAGNOSTIC,    17, -7.152281161515e-01, 2.732433177813e-03, 7.2632e-01, 7.0131e-03, 
 2DIAGNOSTIC,    18, -7.163381447434e-01, 1.630304607650e-03, 7.3194e-01, 5.6238e-03, 
 2DIAGNOSTIC,    19, -7.177820344910e-01, 1.119328047254e-03, 7.3992e-01, 7.9770e-03, 
 2DIAGNOSTIC,    20, -7.178581871120e-01, 6.790231122102e-04, 7.4657e-01, 6.6481e-03, 
 2DIAGNOSTIC,    21, -7.178907074033e-01, 3.993938226174e-04, 7.5219e-01, 5.6219e-03, 
 2DIAGNOSTIC,    22, -7.178961697447e-01, 3.006676543390e-04, 7.5778e-01, 5.5959e-03, 
 2DIAGNOSTIC,    23, -7.178092377671e-01, 2.512163237781e-04, 7.6296e-01, 5.1751e-03, 
 2DIAGNOSTIC,    24, -7.179832279658e-01, 1.933729350098e-04, 7.6803e-01, 5.0762e-03, 
 2DIAGNOSTIC,    25, -7.182300905099e-01, 1.241376562135e-04, 7.7306e-01, 5.0211e-03, 
 2DIAGNOSTIC,    26, -7.184472858347e-01, 8.155863348708e-05, 7.7819e-01, 5.1389e-03, 
 2DIAGNOSTIC,    27, -7.188971831339e-01, 5.424807339360e-05, 7.8319e-01, 4.9939e-03, 
 2DIAGNOSTIC,    28, -7.194064295583e-01, 4.740740637581e-05, 7.8880e-01, 5.6140e-03, 
 2DIAGNOSTIC,    29, -7.197974417205e-01, 6.284776046910e-05, 7.9608e-01, 7.2811e-03, 
 2DIAGNOSTIC,    30, -7.200527089440e-01, 7.588766116083e-05, 8.0115e-01, 5.0662e-03, 
 2DIAGNOSTIC,    31, -7.202062423863e-01, 8.347766386275e-05, 8.0676e-01, 5.6059e-03, 
 2DIAGNOSTIC,    32, -7.204781186878e-01, 8.640076318438e-05, 8.1333e-01, 6.5789e-03, 
