
##########################
# Experiment information #
##########################

EXPERIMENT_NAME: antsRegistration-r8-p10
VFC_BACKENDS: libinterflop_vprec.so --range-binary32=8 --precision-binary32=10 --range-binary64=8 --precision-binary64=10

SIF_IMG: /home/mdugre/projects/rrg-glatard/mdugre/containers/ants-vprec-no_metrics.simg

SUBJECT_ID: s035
INPUT_IMG: /home/mdugre/scratch/mri-registration-rp/datasets/ds004513/derivatives/mri-registration-rp/antsBrainExtraction/sub-s035/BrainExtractionBrain.nii.gz
OUTPUT_DIR: /home/mdugre/scratch/mri-registration-rp/datasets/ds004513/derivatives/mri-registration-rp/0001/antsRegistration-r8-p10/sub-s035

FIXED_IMG: /templateflow/tpl-MNI152NLin2009cAsym/tpl-MNI152NLin2009cAsym_res-01_desc-brain_T1w.nii.gz
DATA_DIR: /home/mdugre/scratch/mri-registration-rp/datasets/ds004513
TEMPLATEFLOW_DIR: /home/mdugre/projects/rrg-glatard/mdugre/templateflow
ITK_GLOBAL_DEFAULT_NUMBER_OF_THREADS: 16
##########################

Info [verificarlo]: loaded backend libinterflop_ieee.so
Info [interflop-ieee]: load backend with:
Info [interflop-ieee]: debug = false
Info [interflop-ieee]: debug-binary = false
Info [interflop-ieee]: no-backend-name = false
Info [interflop-ieee]: print-new-line = false
Info [interflop-ieee]: print-subnormal-normalized = false
Info [interflop-ieee]: count-op = false
All_Command_lines_OK
Using double precision for computations.
=============================================================================
The composite transform comprises the following transforms (in order): 
  1. Center of mass alignment using fixed image: /templateflow/tpl-MNI152NLin2009cAsym/tpl-MNI152NLin2009cAsym_res-01_desc-brain_T1w.nii.gz and moving image: /home/mdugre/scratch/mri-registration-rp/datasets/ds004513/derivatives/mri-registration-rp/antsBrainExtraction/sub-s035/BrainExtractionBrain.nii.gz (type = Euler3DTransform)
=============================================================================
  number of levels = 1
  fixed image: /templateflow/tpl-MNI152NLin2009cAsym/tpl-MNI152NLin2009cAsym_res-01_desc-brain_T1w.nii.gz
  moving image: /home/mdugre/scratch/mri-registration-rp/datasets/ds004513/derivatives/mri-registration-rp/antsBrainExtraction/sub-s035/BrainExtractionBrain.nii.gz
Dimension = 3
Number of stages = 1
Use histogram matching = false
Winsorize image intensities = true
  Lower quantile = 0.005
  Upper quantile = 0.995


Stage 1 State
   Image metric = MattesMI
     Fixed image = Image (0x41d4e70)
  RTTI typeinfo:   itk::Image<double, 3u>
  Reference Count: 2
  Modified Time: 2330
  Debug: Off
  Object Name: 
  Observers: 
    none
  Source: (none)
  Source output name: (none)
  Release Data: Off
  Data Released: False
  Global Release Data: Off
  PipelineMTime: 0
  UpdateMTime: 1941
  RealTimeStamp: 0 seconds 
  LargestPossibleRegion: 
    Dimension: 3
    Index: [0, 0, 0]
    Size: [193, 229, 193]
  BufferedRegion: 
    Dimension: 3
    Index: [0, 0, 0]
    Size: [193, 229, 193]
  RequestedRegion: 
    Dimension: 3
    Index: [0, 0, 0]
    Size: [193, 229, 193]
  Spacing: [1, 1, 1]
  Origin: [96, 132, -78]
  Direction: 
-1 0 0
0 -1 0
0 0 1

  IndexToPointMatrix: 
-1 0 0
0 -1 0
0 0 1

  PointToIndexMatrix: 
-1 0 0
0 -1 0
0 0 1

  Inverse Direction: 
-1 0 0
0 -1 0
0 0 1

  PixelContainer: 
    ImportImageContainer (0x41ddc60)
      RTTI typeinfo:   itk::ImportImageContainer<unsigned long, double>
      Reference Count: 1
      Modified Time: 1938
      Debug: Off
      Object Name: 
      Observers: 
        none
      Pointer: 0x14c06b61b010
      Container manages memory: true
      Size: 8530021
      Capacity: 8530021

     Moving image = Image (0x4271ec0)
  RTTI typeinfo:   itk::Image<double, 3u>
  Reference Count: 2
  Modified Time: 2331
  Debug: Off
  Object Name: 
  Observers: 
    none
  Source: (none)
  Source output name: (none)
  Release Data: Off
  Data Released: False
  Global Release Data: Off
  PipelineMTime: 0
  UpdateMTime: 2328
  RealTimeStamp: 0 seconds 
  LargestPossibleRegion: 
    Dimension: 3
    Index: [0, 0, 0]
    Size: [160, 240, 256]
  BufferedRegion: 
    Dimension: 3
    Index: [0, 0, 0]
    Size: [160, 240, 256]
  RequestedRegion: 
    Dimension: 3
    Index: [0, 0, 0]
    Size: [160, 240, 256]
  Spacing: [1, 1, 1]
  Origin: [98.6438, 87.6358, -117.989]
  Direction: 
-0.993515 -0.100993 -0.0522355
0.100854 -0.994887 0.00530255
-0.0525039 1.93537e-08 0.998621

  IndexToPointMatrix: 
-0.993515 -0.100993 -0.0522355
0.100854 -0.994887 0.00530255
-0.0525039 1.93537e-08 0.998621

  PointToIndexMatrix: 
-0.993515 0.100854 -0.0525039
-0.100993 -0.994887 1.93006e-08
-0.0522355 0.00530255 0.998621

  Inverse Direction: 
-0.993515 0.100854 -0.0525039
-0.100993 -0.994887 1.93006e-08
-0.0522355 0.00530255 0.998621

  PixelContainer: 
    ImportImageContainer (0x4309610)
      RTTI typeinfo:   itk::ImportImageContainer<unsigned long, double>
      Reference Count: 1
      Modified Time: 2325
      Debug: Off
      Object Name: 
      Observers: 
        none
      Pointer: 0x14c066b1a010
      Container manages memory: true
      Size: 9830400
      Capacity: 9830400

     Weighting = 1
     Sampling strategy = regular
     Number of bins = 32
     Radius = 4
     Sampling percentage  = 0.25
   Transform = Rigid
     Gradient step = 0.1
     Update field sigma (voxel space) = 0
     Total field sigma (voxel space) = 0
     Update field time sigma = 0
     Total field time sigma  = 0
     Number of time indices = 0
     Number of time point samples = 0
Registration using 1 total stages.

Stage 0
  iterations = 0
  convergence threshold = 1e-06
  convergence window size = 10
  number of levels = 1
  using the Mattes MI metric (number of bins = 32, weight = 1, use gradient filter = 0)
  preprocessing:  winsorizing the image intensities
  Shrink factors (level 1 out of 1): [1, 1, 1]
  smoothing sigmas per level: [0]
  regular sampling (percentage = 0.25)

*** Running Euler3DTransform registration ***

  Elapsed time (stage 0): 1.12955


Total elapsed time: 1.13197
Info [verificarlo]: loaded backend libinterflop_ieee.so
Info [interflop-ieee]: load backend with:
Info [interflop-ieee]: debug = false
Info [interflop-ieee]: debug-binary = false
Info [interflop-ieee]: no-backend-name = false
Info [interflop-ieee]: print-new-line = false
Info [interflop-ieee]: print-subnormal-normalized = false
Info [interflop-ieee]: count-op = false
All_Command_lines_OK
Using double precision for computations.
=============================================================================
The composite transform comprises the following transforms (in order): 
  1. /home/mdugre/scratch/mri-registration-rp/datasets/ds004513/derivatives/mri-registration-rp/0001/antsRegistration-r8-p10/sub-s035/align_Composite.h5[0] (type = Euler3DTransform)
  2. /home/mdugre/scratch/mri-registration-rp/datasets/ds004513/derivatives/mri-registration-rp/0001/antsRegistration-r8-p10/sub-s035/align_Composite.h5[1] (type = Euler3DTransform)
=============================================================================
  number of levels = 4
  fixed image: /templateflow/tpl-MNI152NLin2009cAsym/tpl-MNI152NLin2009cAsym_res-01_desc-brain_T1w.nii.gz
  moving image: /home/mdugre/scratch/mri-registration-rp/datasets/ds004513/derivatives/mri-registration-rp/antsBrainExtraction/sub-s035/BrainExtractionBrain.nii.gz
Dimension = 3
Number of stages = 1
Use histogram matching = false
Winsorize image intensities = true
  Lower quantile = 0.005
  Upper quantile = 0.995


Stage 1 State
   Image metric = MattesMI
     Fixed image = Image (0x50a0530)
  RTTI typeinfo:   itk::Image<double, 3u>
  Reference Count: 2
  Modified Time: 1578
  Debug: Off
  Object Name: 
  Observers: 
    none
  Source: (none)
  Source output name: (none)
  Release Data: Off
  Data Released: False
  Global Release Data: Off
  PipelineMTime: 0
  UpdateMTime: 1189
  RealTimeStamp: 0 seconds 
  LargestPossibleRegion: 
    Dimension: 3
    Index: [0, 0, 0]
    Size: [193, 229, 193]
  BufferedRegion: 
    Dimension: 3
    Index: [0, 0, 0]
    Size: [193, 229, 193]
  RequestedRegion: 
    Dimension: 3
    Index: [0, 0, 0]
    Size: [193, 229, 193]
  Spacing: [1, 1, 1]
  Origin: [96, 132, -78]
  Direction: 
-1 0 0
0 -1 0
0 0 1

  IndexToPointMatrix: 
-1 0 0
0 -1 0
0 0 1

  PointToIndexMatrix: 
-1 0 0
0 -1 0
0 0 1

  Inverse Direction: 
-1 0 0
0 -1 0
0 0 1

  PixelContainer: 
    ImportImageContainer (0x515ed60)
      RTTI typeinfo:   itk::ImportImageContainer<unsigned long, double>
      Reference Count: 1
      Modified Time: 1186
      Debug: Off
      Object Name: 
      Observers: 
        none
      Pointer: 0x152489fac010
      Container manages memory: true
      Size: 8530021
      Capacity: 8530021

     Moving image = Image (0x5150f60)
  RTTI typeinfo:   itk::Image<double, 3u>
  Reference Count: 2
  Modified Time: 1579
  Debug: Off
  Object Name: 
  Observers: 
    none
  Source: (none)
  Source output name: (none)
  Release Data: Off
  Data Released: False
  Global Release Data: Off
  PipelineMTime: 0
  UpdateMTime: 1576
  RealTimeStamp: 0 seconds 
  LargestPossibleRegion: 
    Dimension: 3
    Index: [0, 0, 0]
    Size: [160, 240, 256]
  BufferedRegion: 
    Dimension: 3
    Index: [0, 0, 0]
    Size: [160, 240, 256]
  RequestedRegion: 
    Dimension: 3
    Index: [0, 0, 0]
    Size: [160, 240, 256]
  Spacing: [1, 1, 1]
  Origin: [98.6438, 87.6358, -117.989]
  Direction: 
-0.993515 -0.100993 -0.0522355
0.100854 -0.994887 0.00530255
-0.0525039 1.93537e-08 0.998621

  IndexToPointMatrix: 
-0.993515 -0.100993 -0.0522355
0.100854 -0.994887 0.00530255
-0.0525039 1.93537e-08 0.998621

  PointToIndexMatrix: 
-0.993515 0.100854 -0.0525039
-0.100993 -0.994887 1.93006e-08
-0.0522355 0.00530255 0.998621

  Inverse Direction: 
-0.993515 0.100854 -0.0525039
-0.100993 -0.994887 1.93006e-08
-0.0522355 0.00530255 0.998621

  PixelContainer: 
    ImportImageContainer (0x51426d0)
      RTTI typeinfo:   itk::ImportImageContainer<unsigned long, double>
      Reference Count: 1
      Modified Time: 1573
      Debug: Off
      Object Name: 
      Observers: 
        none
      Pointer: 0x1524854ab010
      Container manages memory: true
      Size: 9830400
      Capacity: 9830400

     Weighting = 1
     Sampling strategy = regular
     Number of bins = 32
     Radius = 4
     Sampling percentage  = 0.25
   Transform = Rigid
     Gradient step = 0.1
     Update field sigma (voxel space) = 0
     Total field sigma (voxel space) = 0
     Update field time sigma = 0
     Total field time sigma  = 0
     Number of time indices = 0
     Number of time point samples = 0
Registration using 1 total stages.

Stage 0
  iterations = 1000x500x250x100
  convergence threshold = 1e-06
  convergence window size = 10
  number of levels = 4
  using the Mattes MI metric (number of bins = 32, weight = 1, use gradient filter = 0)
  preprocessing:  winsorizing the image intensities
  Shrink factors (level 1 out of 4): [8, 8, 8]
  Shrink factors (level 2 out of 4): [4, 4, 4]
  Shrink factors (level 3 out of 4): [2, 2, 2]
  Shrink factors (level 4 out of 4): [1, 1, 1]
  smoothing sigmas per level: [3, 2, 1, 0]
  regular sampling (percentage = 0.25)

*** Running Euler3DTransform registration ***

DIAGNOSTIC,Iteration,metricValue,convergenceValue,ITERATION_TIME_INDEX,SINCE_LAST
 2DIAGNOSTIC,     1, -5.238630234552e-01, 1.797693134862e+308, 7.3271e-01, 7.3271e-01, 
 2DIAGNOSTIC,     2, -5.257885820767e-01, 1.797693134862e+308, 7.3865e-01, 5.9390e-03, 
 2DIAGNOSTIC,     3, -5.278597554839e-01, 1.797693134862e+308, 7.4491e-01, 6.2659e-03, 
 2DIAGNOSTIC,     4, -5.302176117225e-01, 1.797693134862e+308, 7.5133e-01, 6.4201e-03, 
 2DIAGNOSTIC,     5, -5.343462816845e-01, 1.797693134862e+308, 7.5648e-01, 5.1510e-03, 
 2DIAGNOSTIC,     6, -5.399239396740e-01, 1.797693134862e+308, 7.6227e-01, 5.7909e-03, 
 2DIAGNOSTIC,     7, -5.490554822001e-01, 1.797693134862e+308, 7.6814e-01, 5.8649e-03, 
 2DIAGNOSTIC,     8, -5.545204224448e-01, 1.797693134862e+308, 7.7662e-01, 8.4810e-03, 
 2DIAGNOSTIC,     9, -5.601437715553e-01, 1.797693134862e+308, 7.8143e-01, 4.8130e-03, 
 2DIAGNOSTIC,    10, -5.617741193774e-01, 5.067640484485e-03, 7.8725e-01, 5.8162e-03, 
 2DIAGNOSTIC,    11, -5.649562249041e-01, 4.796539612084e-03, 7.9374e-01, 6.4871e-03, 
 2DIAGNOSTIC,    12, -5.658710903081e-01, 4.260783098155e-03, 7.9968e-01, 5.9452e-03, 
 2DIAGNOSTIC,    13, -5.662828333056e-01, 3.524744036646e-03, 8.0497e-01, 5.2829e-03, 
 2DIAGNOSTIC,    14, -5.685908474577e-01, 2.751340472953e-03, 8.1112e-01, 6.1581e-03, 
 2DIAGNOSTIC,    15, -5.732745043306e-01, 2.134644679428e-03, 8.1912e-01, 7.9949e-03, 
 2DIAGNOSTIC,    16, -5.738084427845e-01, 1.591333148336e-03, 8.2559e-01, 6.4709e-03, 
 2DIAGNOSTIC,    17, -5.739093703465e-01, 1.247363567740e-03, 8.3071e-01, 5.1179e-03, 
 2DIAGNOSTIC,    18, -5.745773598458e-01, 1.002163966315e-03, 8.3604e-01, 5.3298e-03, 
 2DIAGNOSTIC,    19, -5.752045522723e-01, 8.579763081922e-04, 8.4137e-01, 5.3380e-03, 
 2DIAGNOSTIC,    20, -5.755578777727e-01, 6.955845773874e-04, 8.4663e-01, 5.2540e-03, 
 2DIAGNOSTIC,    21, -5.761681227725e-01, 5.767135182706e-04, 8.5196e-01, 5.3358e-03, 
 2DIAGNOSTIC,    22, -5.775610178281e-01, 4.707067062542e-04, 8.5709e-01, 5.1260e-03, 
 2DIAGNOSTIC,    23, -5.801876522133e-01, 3.965856196814e-04, 8.6258e-01, 5.4851e-03, 
 2DIAGNOSTIC,    24, -5.873578871759e-01, 4.881452203886e-04, 8.7005e-01, 7.4768e-03, 
 2DIAGNOSTIC,    25, -5.924052233473e-01, 7.199711434981e-04, 8.7763e-01, 7.5800e-03, 
 2DIAGNOSTIC,    26, -5.933789722518e-01, 8.944842700010e-04, 8.8437e-01, 6.7410e-03, 
 2DIAGNOSTIC,    27, -5.948140362546e-01, 1.002036484416e-03, 8.9045e-01, 6.0759e-03, 
 2DIAGNOSTIC,    28, -5.954370004532e-01, 1.029952320852e-03, 8.9566e-01, 5.2149e-03, 
 2DIAGNOSTIC,    29, -5.955619965612e-01, 9.699000562859e-04, 9.0090e-01, 5.2381e-03, 
 2DIAGNOSTIC,    30, -5.960977142429e-01, 8.366692959889e-04, 9.0626e-01, 5.3530e-03, 
 2DIAGNOSTIC,    31, -5.971105016151e-01, 6.606986235501e-04, 9.1244e-01, 6.1851e-03, 
 2DIAGNOSTIC,    32, -5.989728413265e-01, 4.853112632007e-04, 9.2040e-01, 7.9589e-03, 
 2DIAGNOSTIC,    33, -5.996340171174e-01, 3.222359247105e-04, 9.2578e-01, 5.3761e-03, 
 2DIAGNOSTIC,    34, -5.997688324831e-01, 2.443793014226e-04, 9.3112e-01, 5.3492e-03, 
 2DIAGNOSTIC,    35, -5.999328162795e-01, 2.224308788549e-04, 9.3797e-01, 6.8481e-03, 
 2DIAGNOSTIC,    36, -6.001598298567e-01, 1.965988107759e-04, 9.4325e-01, 5.2800e-03, 
 2DIAGNOSTIC,    37, -6.004938013001e-01, 1.767006118851e-04, 9.4911e-01, 5.8591e-03, 
 2DIAGNOSTIC,    38, -6.008280010164e-01, 1.536048162149e-04, 9.5557e-01, 6.4600e-03, 
 2DIAGNOSTIC,    39, -6.038559363604e-01, 1.574331424026e-04, 9.6312e-01, 7.5510e-03, 
 2DIAGNOSTIC,    40, -6.077047304025e-01, 1.993081254064e-04, 9.6869e-01, 5.5711e-03, 
 2DIAGNOSTIC,    41, -6.174632708009e-01, 3.481387202522e-04, 9.7745e-01, 8.7512e-03, 
 2DIAGNOSTIC,    42, -6.161977809160e-01, 4.608906433924e-04, 9.8867e-01, 1.1229e-02, 
 2DIAGNOSTIC,    43, -6.161564462458e-01, 5.335369581539e-04, 9.9417e-01, 5.4951e-03, 
 2DIAGNOSTIC,    44, -6.170772165220e-01, 5.644818826936e-04, 9.9961e-01, 5.4431e-03, 
 2DIAGNOSTIC,    45, -6.185357229951e-01, 5.560473544825e-04, 1.0050e+00, 5.4262e-03, 
 2DIAGNOSTIC,    46, -6.206472575649e-01, 5.180556818947e-04, 1.0101e+00, 5.1081e-03, 
 2DIAGNOSTIC,    47, -6.234100411243e-01, 4.649603540757e-04, 1.0153e+00, 5.1701e-03, 
 2DIAGNOSTIC,    48, -6.282459763021e-01, 4.232183828623e-04, 1.0203e+00, 5.0170e-03, 
 2DIAGNOSTIC,    49, -6.332856955318e-01, 4.219354827276e-04, 1.0253e+00, 4.9849e-03, 
 2DIAGNOSTIC,    50, -6.437673357073e-01, 5.158702792356e-04, 1.0304e+00, 5.0521e-03, 
 2DIAGNOSTIC,    51, -6.567709929119e-01, 7.709773946834e-04, 1.0354e+00, 5.0678e-03, 
 2DIAGNOSTIC,    52, -6.630139270529e-01, 9.856117123564e-04, 1.0411e+00, 5.6860e-03, 
 2DIAGNOSTIC,    53, -6.637658021387e-01, 1.103854969823e-03, 1.0466e+00, 5.5079e-03, 
 2DIAGNOSTIC,    54, -6.646848084502e-01, 1.129224641270e-03, 1.0520e+00, 5.3990e-03, 
 2DIAGNOSTIC,    55, -6.699954906619e-01, 1.103370360559e-03, 1.0619e+00, 9.8450e-03, 
 2DIAGNOSTIC,    56, -6.720090029739e-01, 1.005089965699e-03, 1.0698e+00, 7.9310e-03, 
 2DIAGNOSTIC,    57, -6.720481750346e-01, 8.375239678456e-04, 1.0749e+00, 5.0910e-03, 
 2DIAGNOSTIC,    58, -6.725919589991e-01, 6.425665645398e-04, 1.0801e+00, 5.2001e-03, 
 2DIAGNOSTIC,    59, -6.729036396272e-01, 4.360795182514e-04, 1.0855e+00, 5.3980e-03, 
 2DIAGNOSTIC,    60, -6.731488737854e-01, 2.773043026415e-04, 1.0907e+00, 5.2230e-03, 
 2DIAGNOSTIC,    61, -6.734259080298e-01, 1.993309765341e-04, 1.0962e+00, 5.4591e-03, 
 2DIAGNOSTIC,    62, -6.739132127803e-01, 1.568960012593e-04, 1.1016e+00, 5.3830e-03, 
 2DIAGNOSTIC,    63, -6.762843290836e-01, 1.247263159764e-04, 1.1096e+00, 8.0299e-03, 
 2DIAGNOSTIC,    64, -6.766381669288e-01, 8.969361546243e-05, 1.1151e+00, 5.4748e-03, 
 2DIAGNOSTIC,    65, -6.771215277691e-01, 8.898289614792e-05, 1.1207e+00, 5.6081e-03, 
 2DIAGNOSTIC,    66, -6.778537270025e-01, 9.953425710006e-05, 1.1271e+00, 6.3992e-03, 
 2DIAGNOSTIC,    67, -6.792268034576e-01, 1.098307001481e-04, 1.1348e+00, 7.7081e-03, 
 2DIAGNOSTIC,    68, -6.807681136490e-01, 1.231391029251e-04, 1.1405e+00, 5.6739e-03, 
 2DIAGNOSTIC,    69, -6.815199904436e-01, 1.312166926713e-04, 1.1459e+00, 5.4281e-03, 
 2DIAGNOSTIC,    70, -6.818105089939e-01, 1.303114503942e-04, 1.1533e+00, 7.4389e-03, 
 2DIAGNOSTIC,    71, -6.820510525455e-01, 1.205028519514e-04, 1.1586e+00, 5.2791e-03, 
 2DIAGNOSTIC,    72, -6.822317213850e-01, 1.032406858384e-04, 1.1638e+00, 5.1868e-03, 
 2DIAGNOSTIC,    73, -6.825798828004e-01, 9.372234105846e-05, 1.1711e+00, 7.3211e-03, 
 2DIAGNOSTIC,    74, -6.826263863976e-01, 7.797281064009e-05, 1.1762e+00, 5.0719e-03, 
 2DIAGNOSTIC,    75, -6.826914483944e-01, 5.871084379117e-05, 1.1814e+00, 5.2068e-03, 
 2DIAGNOSTIC,    76, -6.828123192987e-01, 3.951622714973e-05, 1.1866e+00, 5.2171e-03, 
 2DIAGNOSTIC,    77, -6.832344904638e-01, 2.762747115751e-05, 1.1918e+00, 5.2409e-03, 
 2DIAGNOSTIC,    78, -6.838171917259e-01, 2.580736771106e-05, 1.1994e+00, 7.5541e-03, 
 2DIAGNOSTIC,    79, -6.837376503794e-01, 2.541991169882e-05, 1.2044e+00, 4.9951e-03, 
 2DIAGNOSTIC,    80, -6.837941106016e-01, 2.471285668051e-05, 1.2095e+00, 5.0800e-03, 
 2DIAGNOSTIC,    81, -6.839726601599e-01, 2.407044912010e-05, 1.2143e+00, 4.8261e-03, 
 2DIAGNOSTIC,    82, -6.841107878588e-01, 2.281075967800e-05, 1.2194e+00, 5.1200e-03, 
 2DIAGNOSTIC,    83, -6.851046859855e-01, 2.675809110173e-05, 1.2265e+00, 7.0820e-03, 
 2DIAGNOSTIC,    84, -6.858177747794e-01, 3.208828900374e-05, 1.2328e+00, 6.2852e-03, 
 2DIAGNOSTIC,    85, -6.861556479747e-01, 3.640392035032e-05, 1.2408e+00, 7.9970e-03, 
 2DIAGNOSTIC,    86, -6.861559379896e-01, 3.780193077580e-05, 1.2457e+00, 4.9071e-03, 
 2DIAGNOSTIC,    87, -6.861669564802e-01, 3.777787227853e-05, 1.2506e+00, 4.9131e-03, 
 2DIAGNOSTIC,    88, -6.861800119277e-01, 3.717525220059e-05, 1.2555e+00, 4.8511e-03, 
 2DIAGNOSTIC,    89, -6.861876894200e-01, 3.259375936574e-05, 1.2610e+00, 5.5392e-03, 
 2DIAGNOSTIC,    90, -6.861914951807e-01, 2.533858311808e-05, 1.2660e+00, 5.0120e-03, 
 2DIAGNOSTIC,    91, -6.861984759080e-01, 1.686254119796e-05, 1.2708e+00, 4.7638e-03, 
 2DIAGNOSTIC,    92, -6.862113653857e-01, 7.665834136609e-06, 1.2837e+00, 1.2941e-02, 
 2DIAGNOSTIC,    93, -6.862267350267e-01, 2.805496906120e-06, 1.2899e+00, 6.1390e-03, 
 2DIAGNOSTIC,    94, -6.862421255191e-01, 1.276146669603e-06, 1.2956e+00, 5.7931e-03, 
 2DIAGNOSTIC,    95, -6.863402263424e-01, 1.766052256852e-06, 1.3026e+00, 6.9880e-03, 
 2DIAGNOSTIC,    96, -6.863401687804e-01, 2.098302463359e-06, 1.3075e+00, 4.9059e-03, 
 2DIAGNOSTIC,    97, -6.863403054045e-01, 2.311090228111e-06, 1.3126e+00, 5.0340e-03, 
 2DIAGNOSTIC,    98, -6.863407600757e-01, 2.397520602132e-06, 1.3175e+00, 4.8990e-03, 
 2DIAGNOSTIC,    99, -6.863418646730e-01, 2.321795045461e-06, 1.3225e+00, 5.0671e-03, 
 2DIAGNOSTIC,   100, -6.863433766777e-01, 2.073845351780e-06, 1.3380e+00, 1.5467e-02, 
 2DIAGNOSTIC,   101, -6.863433765291e-01, 1.693521856619e-06, 1.3535e+00, 1.5511e-02, 
 2DIAGNOSTIC,   102, -6.863433765291e-01, 1.253159938477e-06, 1.3603e+00, 6.8309e-03, 
DIAGNOSTIC,Iteration,metricValue,convergenceValue,ITERATION_TIME_INDEX,SINCE_LAST
 2DIAGNOSTIC,     1, -5.583130485773e-01, 1.797693134862e+308, 2.0955e+00, 7.3520e-01, 
 2DIAGNOSTIC,     2, -5.587685710830e-01, 1.797693134862e+308, 2.1278e+00, 3.2288e-02, 
 2DIAGNOSTIC,     3, -5.591011526931e-01, 1.797693134862e+308, 2.1600e+00, 3.2203e-02, 
 2DIAGNOSTIC,     4, -5.599292231356e-01, 1.797693134862e+308, 2.1931e+00, 3.3092e-02, 
 2DIAGNOSTIC,     5, -5.608878669594e-01, 1.797693134862e+308, 2.2286e+00, 3.5491e-02, 
 2DIAGNOSTIC,     6, -5.613231850494e-01, 1.797693134862e+308, 2.2614e+00, 3.2770e-02, 
 2DIAGNOSTIC,     7, -5.624624396238e-01, 1.797693134862e+308, 2.2984e+00, 3.7006e-02, 
 2DIAGNOSTIC,     8, -5.631238507713e-01, 1.797693134862e+308, 2.3404e+00, 4.1963e-02, 
 2DIAGNOSTIC,     9, -5.632655813695e-01, 1.797693134862e+308, 2.3769e+00, 3.6543e-02, 
 2DIAGNOSTIC,    10, -5.639236627591e-01, 6.929618055784e-04, 2.4104e+00, 3.3542e-02, 
 2DIAGNOSTIC,    11, -5.654834423367e-01, 6.702070058701e-04, 2.4464e+00, 3.5905e-02, 
 2DIAGNOSTIC,    12, -5.660093835823e-01, 6.310401884921e-04, 2.4823e+00, 3.5963e-02, 
 2DIAGNOSTIC,    13, -5.661149329556e-01, 5.580085006313e-04, 2.5331e+00, 5.0749e-02, 
 2DIAGNOSTIC,    14, -5.661324101797e-01, 4.761978735930e-04, 2.5689e+00, 3.5837e-02, 
 2DIAGNOSTIC,    15, -5.661550137580e-01, 3.952828853817e-04, 2.6168e+00, 4.7921e-02, 
 2DIAGNOSTIC,    16, -5.661542523978e-01, 3.005765887752e-04, 2.6531e+00, 3.6242e-02, 
 2DIAGNOSTIC,    17, -5.661500679079e-01, 2.226657356715e-04, 2.6884e+00, 3.5364e-02, 
 2DIAGNOSTIC,    18, -5.661450361710e-01, 1.521915313996e-04, 2.7198e+00, 3.1401e-02, 
 2DIAGNOSTIC,    19, -5.661427571753e-01, 7.914595421254e-05, 2.7551e+00, 3.5303e-02, 
 2DIAGNOSTIC,    20, -5.661287089437e-01, 2.154303638725e-05, 2.7902e+00, 3.5093e-02, 
 2DIAGNOSTIC,    21, -5.661161154206e-01, 4.418787617068e-06, 2.8260e+00, 3.5776e-02, 
DIAGNOSTIC,Iteration,metricValue,convergenceValue,ITERATION_TIME_INDEX,SINCE_LAST
 2DIAGNOSTIC,     1, -5.039789259449e-01, 1.797693134862e+308, 3.9581e+00, 1.1321e+00, 
 2DIAGNOSTIC,     2, -5.041165934360e-01, 1.797693134862e+308, 4.2098e+00, 2.5167e-01, 
 2DIAGNOSTIC,     3, -5.041946120488e-01, 1.797693134862e+308, 4.4415e+00, 2.3174e-01, 
 2DIAGNOSTIC,     4, -5.042493713670e-01, 1.797693134862e+308, 4.6831e+00, 2.4162e-01, 
 2DIAGNOSTIC,     5, -5.043370323374e-01, 1.797693134862e+308, 5.0729e+00, 3.8979e-01, 
 2DIAGNOSTIC,     6, -5.043365375434e-01, 1.797693134862e+308, 5.3846e+00, 3.1164e-01, 
 2DIAGNOSTIC,     7, -5.043410637263e-01, 1.797693134862e+308, 5.6646e+00, 2.8008e-01, 
 2DIAGNOSTIC,     8, -5.044104423803e-01, 1.797693134862e+308, 6.2667e+00, 6.0206e-01, 
 2DIAGNOSTIC,     9, -5.044114511836e-01, 1.797693134862e+308, 6.5265e+00, 2.5981e-01, 
 2DIAGNOSTIC,    10, -5.044109142836e-01, 5.299430043641e-05, 6.8570e+00, 3.3044e-01, 
 2DIAGNOSTIC,    11, -5.044100789147e-01, 3.523508517296e-05, 7.1241e+00, 2.6713e-01, 
 2DIAGNOSTIC,    12, -5.044087750802e-01, 2.391961613943e-05, 7.3457e+00, 2.2161e-01, 
 2DIAGNOSTIC,    13, -5.044093709667e-01, 1.575962879470e-05, 7.7108e+00, 3.6513e-01, 
 2DIAGNOSTIC,    14, -5.044079919640e-01, 9.593789386975e-06, 8.0626e+00, 3.5180e-01, 
 2DIAGNOSTIC,    15, -5.044087191755e-01, 6.948931600054e-06, 8.3906e+00, 3.2797e-01, 
 2DIAGNOSTIC,    16, -5.044083952527e-01, 4.188413836453e-06, 8.7244e+00, 3.3375e-01, 
 2DIAGNOSTIC,    17, -5.044054990109e-01, 1.538979851938e-06, 9.0532e+00, 3.2890e-01, 
 2DIAGNOSTIC,    18, -5.044047259891e-01, 1.363857807954e-06, 9.3623e+00, 3.0904e-01, 
 2DIAGNOSTIC,    19, -5.044060039347e-01, 1.311928324074e-06, 9.6923e+00, 3.2999e-01, 
 2DIAGNOSTIC,    20, -5.044068384170e-01, 1.304979608464e-06, 9.9785e+00, 2.8626e-01, 
 2DIAGNOSTIC,    21, -5.044060200598e-01, 1.281326671779e-06, 1.0232e+01, 2.5339e-01, 
 2DIAGNOSTIC,    22, -5.044067643792e-01, 1.269490981302e-06, 1.0491e+01, 2.5926e-01, 
 2DIAGNOSTIC,    23, -5.044077372673e-01, 1.314733648353e-06, 1.0769e+01, 2.7789e-01, 
 2DIAGNOSTIC,    24, -5.044084773012e-01, 1.344661156560e-06, 1.1051e+01, 2.8147e-01, 
 2DIAGNOSTIC,    25, -5.044090216095e-01, 1.397902691234e-06, 1.1387e+01, 3.3672e-01, 
 2DIAGNOSTIC,    26, -5.044071583646e-01, 1.390274891364e-06, 1.1682e+01, 2.9508e-01, 
 2DIAGNOSTIC,    27, -5.044068225619e-01, 1.302350998482e-06, 1.1932e+01, 2.4926e-01, 
 2DIAGNOSTIC,    28, -5.044068894784e-01, 1.193466397105e-06, 1.2169e+01, 2.3776e-01, 
 2DIAGNOSTIC,    29, -5.044094712547e-01, 1.160197022759e-06, 1.2444e+01, 2.7437e-01, 
 2DIAGNOSTIC,    30, -5.044103517856e-01, 1.154722723051e-06, 1.2707e+01, 2.6280e-01, 
 2DIAGNOSTIC,    31, -5.044073171331e-01, 1.071368996124e-06, 1.2983e+01, 2.7668e-01, 
 2DIAGNOSTIC,    32, -5.044076437896e-01, 1.010301937950e-06, 1.3280e+01, 2.9693e-01, 
DIAGNOSTIC,Iteration,metricValue,convergenceValue,ITERATION_TIME_INDEX,SINCE_LAST
 2DIAGNOSTIC,     1, -4.670538468259e-01, 1.797693134862e+308, 1.5902e+01, 2.6217e+00, 
 2DIAGNOSTIC,     2, -4.671819658207e-01, 1.797693134862e+308, 1.7448e+01, 1.5462e+00, 
 2DIAGNOSTIC,     3, -4.671874007566e-01, 1.797693134862e+308, 1.9437e+01, 1.9891e+00, 
 2DIAGNOSTIC,     4, -4.671870951915e-01, 1.797693134862e+308, 2.1216e+01, 1.7794e+00, 
 2DIAGNOSTIC,     5, -4.671860370003e-01, 1.797693134862e+308, 2.3394e+01, 2.1773e+00, 
 2DIAGNOSTIC,     6, -4.671862861685e-01, 1.797693134862e+308, 2.5163e+01, 1.7693e+00, 
 2DIAGNOSTIC,     7, -4.671860613716e-01, 1.797693134862e+308, 2.9739e+01, 4.5763e+00, 
 2DIAGNOSTIC,     8, -4.671860613677e-01, 1.797693134862e+308, 3.4428e+01, 4.6883e+00, 
 2DIAGNOSTIC,     9, -4.671860613677e-01, 1.797693134862e+308, 3.6528e+01, 2.1004e+00, 
 2DIAGNOSTIC,    10, -4.671860613677e-01, 1.135809573273e-05, 3.8150e+01, 1.6224e+00, 
 2DIAGNOSTIC,    11, -4.671860613677e-01, 3.012106226774e-06, 3.9753e+01, 1.6029e+00, 
 2DIAGNOSTIC,    12, -4.671860613677e-01, 2.532755165457e-06, 4.1443e+01, 1.6898e+00, 
 2DIAGNOSTIC,    13, -4.671860613677e-01, 2.392199107595e-06, 4.3295e+01, 1.8523e+00, 
 2DIAGNOSTIC,    14, -4.671860613677e-01, 2.264709709848e-06, 4.4842e+01, 1.5463e+00, 
 2DIAGNOSTIC,    15, -4.671860613677e-01, 2.111584586059e-06, 4.6628e+01, 1.7859e+00, 
 2DIAGNOSTIC,    16, -4.671860613677e-01, 1.988155606286e-06, 4.8502e+01, 1.8743e+00, 
 2DIAGNOSTIC,    17, -4.671860613677e-01, 1.871203445365e-06, 5.0075e+01, 1.5735e+00, 
 2DIAGNOSTIC,    18, -4.671860613677e-01, 1.767246045142e-06, 5.1700e+01, 1.6245e+00, 
 2DIAGNOSTIC,    19, -4.671860613677e-01, 1.674231693984e-06, 5.3182e+01, 1.4823e+00, 
 2DIAGNOSTIC,    20, -4.671860613677e-01, 1.590518911097e-06, 5.4913e+01, 1.7308e+00, 
 2DIAGNOSTIC,    21, -4.671860613677e-01, 1.514778882904e-06, 5.6674e+01, 1.7608e+00, 
 2DIAGNOSTIC,    22, -4.671860613677e-01, 1.445924401419e-06, 5.8420e+01, 1.7460e+00, 
 2DIAGNOSTIC,    23, -4.671860613677e-01, 1.383057340654e-06, 6.0210e+01, 1.7900e+00, 
 2DIAGNOSTIC,    24, -4.671860613677e-01, 1.325429264142e-06, 6.1988e+01, 1.7785e+00, 
 2DIAGNOSTIC,    25, -4.671860613677e-01, 1.272411486515e-06, 6.3758e+01, 1.7702e+00, 
 2DIAGNOSTIC,    26, -4.671860613677e-01, 1.223472044370e-06, 6.5703e+01, 1.9447e+00, 
 2DIAGNOSTIC,    27, -4.671860613677e-01, 1.178157784498e-06, 6.7399e+01, 1.6955e+00, 
 2DIAGNOSTIC,    28, -4.671860613677e-01, 1.136080290537e-06, 6.9288e+01, 1.8890e+00, 
 2DIAGNOSTIC,    29, -4.671860613677e-01, 1.096904721387e-06, 7.1010e+01, 1.7220e+00, 
 2DIAGNOSTIC,    30, -4.671860613677e-01, 1.060340881785e-06, 7.2793e+01, 1.7837e+00, 
 2DIAGNOSTIC,    31, -4.671860613677e-01, 1.026136021369e-06, 7.4795e+01, 2.0016e+00, 
  Elapsed time (stage 0): 7.5790e+01


Total elapsed time: 7.5793e+01
Info [verificarlo]: loaded backend libinterflop_ieee.so
Info [interflop-ieee]: load backend with:
Info [interflop-ieee]: debug = false
Info [interflop-ieee]: debug-binary = false
Info [interflop-ieee]: no-backend-name = false
Info [interflop-ieee]: print-new-line = false
Info [interflop-ieee]: print-subnormal-normalized = false
Info [interflop-ieee]: count-op = false
All_Command_lines_OK
Using double precision for computations.
=============================================================================
The composite transform comprises the following transforms (in order): 
  1. /home/mdugre/scratch/mri-registration-rp/datasets/ds004513/derivatives/mri-registration-rp/0001/antsRegistration-r8-p10/sub-s035/rigid_Composite.h5[0] (type = Euler3DTransform)
  2. /home/mdugre/scratch/mri-registration-rp/datasets/ds004513/derivatives/mri-registration-rp/0001/antsRegistration-r8-p10/sub-s035/rigid_Composite.h5[1] (type = Euler3DTransform)
  3. /home/mdugre/scratch/mri-registration-rp/datasets/ds004513/derivatives/mri-registration-rp/0001/antsRegistration-r8-p10/sub-s035/rigid_Composite.h5[2] (type = Euler3DTransform)
=============================================================================
  number of levels = 4
  fixed image: /templateflow/tpl-MNI152NLin2009cAsym/tpl-MNI152NLin2009cAsym_res-01_desc-brain_T1w.nii.gz
  moving image: /home/mdugre/scratch/mri-registration-rp/datasets/ds004513/derivatives/mri-registration-rp/antsBrainExtraction/sub-s035/BrainExtractionBrain.nii.gz
Dimension = 3
Number of stages = 1
Use histogram matching = false
Winsorize image intensities = true
  Lower quantile = 0.005
  Upper quantile = 0.995


Stage 1 State
   Image metric = MattesMI
     Fixed image = Image (0x40897e0)
  RTTI typeinfo:   itk::Image<double, 3u>
  Reference Count: 2
  Modified Time: 1592
  Debug: Off
  Object Name: 
  Observers: 
    none
  Source: (none)
  Source output name: (none)
  Release Data: Off
  Data Released: False
  Global Release Data: Off
  PipelineMTime: 0
  UpdateMTime: 1203
  RealTimeStamp: 0 seconds 
  LargestPossibleRegion: 
    Dimension: 3
    Index: [0, 0, 0]
    Size: [193, 229, 193]
  BufferedRegion: 
    Dimension: 3
    Index: [0, 0, 0]
    Size: [193, 229, 193]
  RequestedRegion: 
    Dimension: 3
    Index: [0, 0, 0]
    Size: [193, 229, 193]
  Spacing: [1, 1, 1]
  Origin: [96, 132, -78]
  Direction: 
-1 0 0
0 -1 0
0 0 1

  IndexToPointMatrix: 
-1 0 0
0 -1 0
0 0 1

  PointToIndexMatrix: 
-1 0 0
0 -1 0
0 0 1

  Inverse Direction: 
-1 0 0
0 -1 0
0 0 1

  PixelContainer: 
    ImportImageContainer (0x4149a20)
      RTTI typeinfo:   itk::ImportImageContainer<unsigned long, double>
      Reference Count: 1
      Modified Time: 1200
      Debug: Off
      Object Name: 
      Observers: 
        none
      Pointer: 0x14761df26010
      Container manages memory: true
      Size: 8530021
      Capacity: 8530021

     Moving image = Image (0x4144d70)
  RTTI typeinfo:   itk::Image<double, 3u>
  Reference Count: 2
  Modified Time: 1593
  Debug: Off
  Object Name: 
  Observers: 
    none
  Source: (none)
  Source output name: (none)
  Release Data: Off
  Data Released: False
  Global Release Data: Off
  PipelineMTime: 0
  UpdateMTime: 1590
  RealTimeStamp: 0 seconds 
  LargestPossibleRegion: 
    Dimension: 3
    Index: [0, 0, 0]
    Size: [160, 240, 256]
  BufferedRegion: 
    Dimension: 3
    Index: [0, 0, 0]
    Size: [160, 240, 256]
  RequestedRegion: 
    Dimension: 3
    Index: [0, 0, 0]
    Size: [160, 240, 256]
  Spacing: [1, 1, 1]
  Origin: [98.6438, 87.6358, -117.989]
  Direction: 
-0.993515 -0.100993 -0.0522355
0.100854 -0.994887 0.00530255
-0.0525039 1.93537e-08 0.998621

  IndexToPointMatrix: 
-0.993515 -0.100993 -0.0522355
0.100854 -0.994887 0.00530255
-0.0525039 1.93537e-08 0.998621

  PointToIndexMatrix: 
-0.993515 0.100854 -0.0525039
-0.100993 -0.994887 1.93006e-08
-0.0522355 0.00530255 0.998621

  Inverse Direction: 
-0.993515 0.100854 -0.0525039
-0.100993 -0.994887 1.93006e-08
-0.0522355 0.00530255 0.998621

  PixelContainer: 
    ImportImageContainer (0x40fcc90)
      RTTI typeinfo:   itk::ImportImageContainer<unsigned long, double>
      Reference Count: 1
      Modified Time: 1587
      Debug: Off
      Object Name: 
      Observers: 
        none
      Pointer: 0x147619425010
      Container manages memory: true
      Size: 9830400
      Capacity: 9830400

     Weighting = 1
     Sampling strategy = regular
     Number of bins = 32
     Radius = 4
     Sampling percentage  = 0.25
   Transform = Affine
     Gradient step = 0.1
     Update field sigma (voxel space) = 0
     Total field sigma (voxel space) = 0
     Update field time sigma = 0
     Total field time sigma  = 0
     Number of time indices = 0
     Number of time point samples = 0
Registration using 1 total stages.

Stage 0
  iterations = 1000x500x250x100
  convergence threshold = 1e-06
  convergence window size = 10
  number of levels = 4
  using the Mattes MI metric (number of bins = 32, weight = 1, use gradient filter = 0)
  preprocessing:  winsorizing the image intensities
  Shrink factors (level 1 out of 4): [8, 8, 8]
  Shrink factors (level 2 out of 4): [4, 4, 4]
  Shrink factors (level 3 out of 4): [2, 2, 2]
  Shrink factors (level 4 out of 4): [1, 1, 1]
  smoothing sigmas per level: [3, 2, 1, 0]
  regular sampling (percentage = 0.25)

*** Running AffineTransform registration ***

DIAGNOSTIC,Iteration,metricValue,convergenceValue,ITERATION_TIME_INDEX,SINCE_LAST
 2DIAGNOSTIC,     1, -6.791705136463e-01, 1.797693134862e+308, 7.2600e-01, 7.2600e-01, 
 2DIAGNOSTIC,     2, -6.811801067424e-01, 1.797693134862e+308, 7.3261e-01, 6.6159e-03, 
 2DIAGNOSTIC,     3, -6.854503945007e-01, 1.797693134862e+308, 7.3841e-01, 5.7981e-03, 
 2DIAGNOSTIC,     4, -6.938421702203e-01, 1.797693134862e+308, 7.4381e-01, 5.4018e-03, 
 2DIAGNOSTIC,     5, -7.027470966935e-01, 1.797693134862e+308, 7.4967e-01, 5.8560e-03, 
 2DIAGNOSTIC,     6, -7.149697264800e-01, 1.797693134862e+308, 7.5498e-01, 5.3101e-03, 
 2DIAGNOSTIC,     7, -7.293542083837e-01, 1.797693134862e+308, 7.6096e-01, 5.9772e-03, 
 2DIAGNOSTIC,     8, -7.371938422839e-01, 1.797693134862e+308, 7.6630e-01, 5.3461e-03, 
 2DIAGNOSTIC,     9, -7.405552856194e-01, 1.797693134862e+308, 7.7378e-01, 7.4818e-03, 
 2DIAGNOSTIC,    10, -7.424043080462e-01, 6.802946305867e-03, 7.8274e-01, 8.9588e-03, 
 2DIAGNOSTIC,    11, -7.425437705255e-01, 5.882160087482e-03, 7.8883e-01, 6.0840e-03, 
 2DIAGNOSTIC,    12, -7.425467577199e-01, 4.657724311254e-03, 7.9459e-01, 5.7659e-03, 
 2DIAGNOSTIC,    13, -7.430644413647e-01, 3.351499531309e-03, 8.0037e-01, 5.7750e-03, 
 2DIAGNOSTIC,    14, -7.438011446285e-01, 2.192326267179e-03, 8.0617e-01, 5.8038e-03, 
 2DIAGNOSTIC,    15, -7.445963148803e-01, 1.244787605548e-03, 8.1159e-01, 5.4178e-03, 
 2DIAGNOSTIC,    16, -7.456183183228e-01, 6.240250647838e-04, 8.1805e-01, 6.4640e-03, 
 2DIAGNOSTIC,    17, -7.472710789290e-01, 3.875564162170e-04, 8.2535e-01, 7.2920e-03, 
 2DIAGNOSTIC,    18, -7.471217789813e-01, 3.076004013048e-04, 8.3255e-01, 7.2041e-03, 
 2DIAGNOSTIC,    19, -7.470797412155e-01, 2.757420132262e-04, 8.3820e-01, 5.6450e-03, 
 2DIAGNOSTIC,    20, -7.468591434299e-01, 2.537322630308e-04, 8.4436e-01, 6.1660e-03, 
 2DIAGNOSTIC,    21, -7.469389909089e-01, 2.143952125876e-04, 8.4976e-01, 5.3952e-03, 
 2DIAGNOSTIC,    22, -7.464131072932e-01, 1.490882927442e-04, 8.5564e-01, 5.8868e-03, 
 2DIAGNOSTIC,    23, -7.461682970282e-01, 8.064390094889e-05, 8.6233e-01, 6.6860e-03, 
 2DIAGNOSTIC,    24, -7.459820877981e-01, 1.985319458148e-05, 8.6873e-01, 6.3980e-03, 
DIAGNOSTIC,Iteration,metricValue,convergenceValue,ITERATION_TIME_INDEX,SINCE_LAST
 2DIAGNOSTIC,     1, -6.097487500692e-01, 1.797693134862e+308, 1.7037e+00, 8.3493e-01, 
 2DIAGNOSTIC,     2, -6.102975105565e-01, 1.797693134862e+308, 1.7570e+00, 5.3325e-02, 
 2DIAGNOSTIC,     3, -6.110794957238e-01, 1.797693134862e+308, 1.8043e+00, 4.7287e-02, 
 2DIAGNOSTIC,     4, -6.117821916259e-01, 1.797693134862e+308, 1.8463e+00, 4.2033e-02, 
 2DIAGNOSTIC,     5, -6.122273323925e-01, 1.797693134862e+308, 1.8982e+00, 5.1872e-02, 
 2DIAGNOSTIC,     6, -6.123241163955e-01, 1.797693134862e+308, 1.9530e+00, 5.4791e-02, 
 2DIAGNOSTIC,     7, -6.124008852951e-01, 1.797693134862e+308, 1.9936e+00, 4.0635e-02, 
 2DIAGNOSTIC,     8, -6.124139167406e-01, 1.797693134862e+308, 2.0418e+00, 4.8235e-02, 
 2DIAGNOSTIC,     9, -6.123975561449e-01, 1.797693134862e+308, 2.0862e+00, 4.4377e-02, 
 2DIAGNOSTIC,    10, -6.123810344297e-01, 2.684163365522e-04, 2.1223e+00, 3.6068e-02, 
 2DIAGNOSTIC,    11, -6.123766312215e-01, 1.611858891624e-04, 2.1582e+00, 3.5900e-02, 
 2DIAGNOSTIC,    12, -6.123749067703e-01, 7.848978235851e-05, 2.1996e+00, 4.1416e-02, 
 2DIAGNOSTIC,    13, -6.123632521741e-01, 2.870707065764e-05, 2.2452e+00, 4.5620e-02, 
 2DIAGNOSTIC,    14, -6.123517404205e-01, 6.262391223644e-06, 2.2879e+00, 4.2713e-02, 
DIAGNOSTIC,Iteration,metricValue,convergenceValue,ITERATION_TIME_INDEX,SINCE_LAST
 2DIAGNOSTIC,     1, -5.353299858360e-01, 1.797693134862e+308, 3.5152e+00, 1.2272e+00, 
 2DIAGNOSTIC,     2, -5.355994422442e-01, 1.797693134862e+308, 3.8186e+00, 3.0337e-01, 
 2DIAGNOSTIC,     3, -5.358029179039e-01, 1.797693134862e+308, 4.1282e+00, 3.0963e-01, 
 2DIAGNOSTIC,     4, -5.358671763223e-01, 1.797693134862e+308, 4.5597e+00, 4.3153e-01, 
 2DIAGNOSTIC,     5, -5.358557811692e-01, 1.797693134862e+308, 5.1183e+00, 5.5855e-01, 
 2DIAGNOSTIC,     6, -5.358572391618e-01, 1.797693134862e+308, 5.4555e+00, 3.3728e-01, 
 2DIAGNOSTIC,     7, -5.358563083301e-01, 1.797693134862e+308, 5.8543e+00, 3.9879e-01, 
 2DIAGNOSTIC,     8, -5.358560613041e-01, 1.797693134862e+308, 6.2352e+00, 3.8081e-01, 
 2DIAGNOSTIC,     9, -5.358553675186e-01, 1.797693134862e+308, 6.5840e+00, 3.4887e-01, 
 2DIAGNOSTIC,    10, -5.358536474051e-01, 4.454235906833e-05, 6.8661e+00, 2.8209e-01, 
 2DIAGNOSTIC,    11, -5.358531001198e-01, 1.686039270564e-05, 7.1683e+00, 3.0218e-01, 
 2DIAGNOSTIC,    12, -5.358523951303e-01, 4.188104488531e-06, 7.4376e+00, 2.6932e-01, 
 2DIAGNOSTIC,    13, -5.358518878418e-01, 1.528727909247e-06, 7.7543e+00, 3.1665e-01, 
 2DIAGNOSTIC,    14, -5.358514718749e-01, 1.764737020946e-06, 8.0703e+00, 3.1607e-01, 
 2DIAGNOSTIC,    15, -5.358521570848e-01, 1.635855775034e-06, 8.4403e+00, 3.7000e-01, 
 2DIAGNOSTIC,    16, -5.358508578954e-01, 1.572759099580e-06, 8.7597e+00, 3.1933e-01, 
 2DIAGNOSTIC,    17, -5.358510195698e-01, 1.532126333047e-06, 9.1246e+00, 3.6492e-01, 
 2DIAGNOSTIC,    18, -5.358526633981e-01, 1.568324240739e-06, 9.4337e+00, 3.0909e-01, 
 2DIAGNOSTIC,    19, -5.358534424454e-01, 1.620734779842e-06, 9.8978e+00, 4.6407e-01, 
 2DIAGNOSTIC,    20, -5.358532204499e-01, 1.621217940048e-06, 1.0241e+01, 3.4368e-01, 
 2DIAGNOSTIC,    21, -5.358529979428e-01, 1.601092547293e-06, 1.0587e+01, 3.4547e-01, 
 2DIAGNOSTIC,    22, -5.358519298757e-01, 1.532795605740e-06, 1.0935e+01, 3.4845e-01, 
 2DIAGNOSTIC,    23, -5.358495049102e-01, 1.394511859980e-06, 1.1366e+01, 4.3048e-01, 
 2DIAGNOSTIC,    24, -5.358501171073e-01, 1.271058752861e-06, 1.1725e+01, 3.5944e-01, 
 2DIAGNOSTIC,    25, -5.358495207211e-01, 1.164554401051e-06, 1.2012e+01, 2.8681e-01, 
 2DIAGNOSTIC,    26, -5.358482053390e-01, 1.023491342289e-06, 1.2334e+01, 3.2151e-01, 
DIAGNOSTIC,Iteration,metricValue,convergenceValue,ITERATION_TIME_INDEX,SINCE_LAST
 2DIAGNOSTIC,     1, -4.916389766558e-01, 1.797693134862e+308, 1.5300e+01, 2.9662e+00, 
 2DIAGNOSTIC,     2, -4.918417787395e-01, 1.797693134862e+308, 1.7061e+01, 1.7617e+00, 
 2DIAGNOSTIC,     3, -4.920162650618e-01, 1.797693134862e+308, 1.9062e+01, 2.0008e+00, 
 2DIAGNOSTIC,     4, -4.921395151581e-01, 1.797693134862e+308, 2.0869e+01, 1.8072e+00, 
 2DIAGNOSTIC,     5, -4.921988324035e-01, 1.797693134862e+308, 2.2993e+01, 2.1232e+00, 
 2DIAGNOSTIC,     6, -4.921810614902e-01, 1.797693134862e+308, 2.5836e+01, 2.8437e+00, 
 2DIAGNOSTIC,     7, -4.921960198170e-01, 1.797693134862e+308, 2.7724e+01, 1.8877e+00, 
 2DIAGNOSTIC,     8, -4.922234472641e-01, 1.797693134862e+308, 2.9566e+01, 1.8415e+00, 
 2DIAGNOSTIC,     9, -4.922646748836e-01, 1.797693134862e+308, 3.1293e+01, 1.7277e+00, 
