
##########################
# Experiment information #
##########################

EXPERIMENT_NAME: antsRegistration-r8-p11
VFC_BACKENDS: libinterflop_vprec.so --range-binary32=8 --precision-binary32=11 --range-binary64=8 --precision-binary64=11

SIF_IMG: /home/mdugre/projects/rrg-glatard/mdugre/containers/ants-vprec-no_metrics.simg

SUBJECT_ID: s025
INPUT_IMG: /home/mdugre/scratch/mri-registration-rp/datasets/ds004513/derivatives/mri-registration-rp/antsBrainExtraction/sub-s025/BrainExtractionBrain.nii.gz
OUTPUT_DIR: /home/mdugre/scratch/mri-registration-rp/datasets/ds004513/derivatives/mri-registration-rp/0001/antsRegistration-r8-p11/sub-s025

FIXED_IMG: /templateflow/tpl-MNI152NLin2009cAsym/tpl-MNI152NLin2009cAsym_res-01_desc-brain_T1w.nii.gz
DATA_DIR: /home/mdugre/scratch/mri-registration-rp/datasets/ds004513
TEMPLATEFLOW_DIR: /home/mdugre/projects/rrg-glatard/mdugre/templateflow
ITK_GLOBAL_DEFAULT_NUMBER_OF_THREADS: 16
##########################

Info [verificarlo]: loaded backend libinterflop_ieee.so
Info [interflop-ieee]: load backend with:
Info [interflop-ieee]: debug = false
Info [interflop-ieee]: debug-binary = false
Info [interflop-ieee]: no-backend-name = false
Info [interflop-ieee]: print-new-line = false
Info [interflop-ieee]: print-subnormal-normalized = false
Info [interflop-ieee]: count-op = false
All_Command_lines_OK
Using double precision for computations.
=============================================================================
The composite transform comprises the following transforms (in order): 
  1. Center of mass alignment using fixed image: /templateflow/tpl-MNI152NLin2009cAsym/tpl-MNI152NLin2009cAsym_res-01_desc-brain_T1w.nii.gz and moving image: /home/mdugre/scratch/mri-registration-rp/datasets/ds004513/derivatives/mri-registration-rp/antsBrainExtraction/sub-s025/BrainExtractionBrain.nii.gz (type = Euler3DTransform)
=============================================================================
  number of levels = 1
  fixed image: /templateflow/tpl-MNI152NLin2009cAsym/tpl-MNI152NLin2009cAsym_res-01_desc-brain_T1w.nii.gz
  moving image: /home/mdugre/scratch/mri-registration-rp/datasets/ds004513/derivatives/mri-registration-rp/antsBrainExtraction/sub-s025/BrainExtractionBrain.nii.gz
Dimension = 3
Number of stages = 1
Use histogram matching = false
Winsorize image intensities = true
  Lower quantile = 0.005
  Upper quantile = 0.995


Stage 1 State
   Image metric = MattesMI
     Fixed image = Image (0x3ef1e70)
  RTTI typeinfo:   itk::Image<double, 3u>
  Reference Count: 2
  Modified Time: 2334
  Debug: Off
  Object Name: 
  Observers: 
    none
  Source: (none)
  Source output name: (none)
  Release Data: Off
  Data Released: False
  Global Release Data: Off
  PipelineMTime: 0
  UpdateMTime: 1943
  RealTimeStamp: 0 seconds 
  LargestPossibleRegion: 
    Dimension: 3
    Index: [0, 0, 0]
    Size: [193, 229, 193]
  BufferedRegion: 
    Dimension: 3
    Index: [0, 0, 0]
    Size: [193, 229, 193]
  RequestedRegion: 
    Dimension: 3
    Index: [0, 0, 0]
    Size: [193, 229, 193]
  Spacing: [1, 1, 1]
  Origin: [96, 132, -78]
  Direction: 
-1 0 0
0 -1 0
0 0 1

  IndexToPointMatrix: 
-1 0 0
0 -1 0
0 0 1

  PointToIndexMatrix: 
-1 0 0
0 -1 0
0 0 1

  Inverse Direction: 
-1 0 0
0 -1 0
0 0 1

  PixelContainer: 
    ImportImageContainer (0x3efac60)
      RTTI typeinfo:   itk::ImportImageContainer<unsigned long, double>
      Reference Count: 1
      Modified Time: 1940
      Debug: Off
      Object Name: 
      Observers: 
        none
      Pointer: 0x1466196f3010
      Container manages memory: true
      Size: 8530021
      Capacity: 8530021

     Moving image = Image (0x3efd610)
  RTTI typeinfo:   itk::Image<double, 3u>
  Reference Count: 2
  Modified Time: 2335
  Debug: Off
  Object Name: 
  Observers: 
    none
  Source: (none)
  Source output name: (none)
  Release Data: Off
  Data Released: False
  Global Release Data: Off
  PipelineMTime: 0
  UpdateMTime: 2332
  RealTimeStamp: 0 seconds 
  LargestPossibleRegion: 
    Dimension: 3
    Index: [0, 0, 0]
    Size: [176, 240, 256]
  BufferedRegion: 
    Dimension: 3
    Index: [0, 0, 0]
    Size: [176, 240, 256]
  RequestedRegion: 
    Dimension: 3
    Index: [0, 0, 0]
    Size: [176, 240, 256]
  Spacing: [0.999999, 1, 1]
  Origin: [90.3778, 84.5091, -154.071]
  Direction: 
-0.999391 7.48184e-06 -0.0348969
-7.47664e-06 -1 -2.7953e-07
-0.0348969 -1.84481e-08 0.999391

  IndexToPointMatrix: 
-0.99939 7.48184e-06 -0.0348969
-7.47663e-06 -1 -2.7953e-07
-0.0348968 -1.84481e-08 0.999391

  PointToIndexMatrix: 
-0.999392 -7.47665e-06 -0.0348969
7.48184e-06 -1 -1.84481e-08
-0.0348969 -2.7953e-07 0.999391

  Inverse Direction: 
-0.999391 -7.47664e-06 -0.0348969
7.48184e-06 -1 -1.84481e-08
-0.0348969 -2.7953e-07 0.999391

  PixelContainer: 
    ImportImageContainer (0x3f96ef0)
      RTTI typeinfo:   itk::ImportImageContainer<unsigned long, double>
      Reference Count: 1
      Modified Time: 2329
      Debug: Off
      Object Name: 
      Observers: 
        none
      Pointer: 0x146614472010
      Container manages memory: true
      Size: 10813440
      Capacity: 10813440

     Weighting = 1
     Sampling strategy = regular
     Number of bins = 32
     Radius = 4
     Sampling percentage  = 0.25
   Transform = Rigid
     Gradient step = 0.1
     Update field sigma (voxel space) = 0
     Total field sigma (voxel space) = 0
     Update field time sigma = 0
     Total field time sigma  = 0
     Number of time indices = 0
     Number of time point samples = 0
Registration using 1 total stages.

Stage 0
  iterations = 0
  convergence threshold = 1e-06
  convergence window size = 10
  number of levels = 1
  using the Mattes MI metric (number of bins = 32, weight = 1, use gradient filter = 0)
  preprocessing:  winsorizing the image intensities
  Shrink factors (level 1 out of 1): [1, 1, 1]
  smoothing sigmas per level: [0]
  regular sampling (percentage = 0.25)

*** Running Euler3DTransform registration ***

  Elapsed time (stage 0): 1.09265


Total elapsed time: 1.09591
Info [verificarlo]: loaded backend libinterflop_ieee.so
Info [interflop-ieee]: load backend with:
Info [interflop-ieee]: debug = false
Info [interflop-ieee]: debug-binary = false
Info [interflop-ieee]: no-backend-name = false
Info [interflop-ieee]: print-new-line = false
Info [interflop-ieee]: print-subnormal-normalized = false
Info [interflop-ieee]: count-op = false
All_Command_lines_OK
Using double precision for computations.
=============================================================================
The composite transform comprises the following transforms (in order): 
  1. /home/mdugre/scratch/mri-registration-rp/datasets/ds004513/derivatives/mri-registration-rp/0001/antsRegistration-r8-p11/sub-s025/align_Composite.h5[0] (type = Euler3DTransform)
  2. /home/mdugre/scratch/mri-registration-rp/datasets/ds004513/derivatives/mri-registration-rp/0001/antsRegistration-r8-p11/sub-s025/align_Composite.h5[1] (type = Euler3DTransform)
=============================================================================
  number of levels = 4
  fixed image: /templateflow/tpl-MNI152NLin2009cAsym/tpl-MNI152NLin2009cAsym_res-01_desc-brain_T1w.nii.gz
  moving image: /home/mdugre/scratch/mri-registration-rp/datasets/ds004513/derivatives/mri-registration-rp/antsBrainExtraction/sub-s025/BrainExtractionBrain.nii.gz
Dimension = 3
Number of stages = 1
Use histogram matching = false
Winsorize image intensities = true
  Lower quantile = 0.005
  Upper quantile = 0.995


Stage 1 State
   Image metric = MattesMI
     Fixed image = Image (0x4f49530)
  RTTI typeinfo:   itk::Image<double, 3u>
  Reference Count: 2
  Modified Time: 1580
  Debug: Off
  Object Name: 
  Observers: 
    none
  Source: (none)
  Source output name: (none)
  Release Data: Off
  Data Released: False
  Global Release Data: Off
  PipelineMTime: 0
  UpdateMTime: 1189
  RealTimeStamp: 0 seconds 
  LargestPossibleRegion: 
    Dimension: 3
    Index: [0, 0, 0]
    Size: [193, 229, 193]
  BufferedRegion: 
    Dimension: 3
    Index: [0, 0, 0]
    Size: [193, 229, 193]
  RequestedRegion: 
    Dimension: 3
    Index: [0, 0, 0]
    Size: [193, 229, 193]
  Spacing: [1, 1, 1]
  Origin: [96, 132, -78]
  Direction: 
-1 0 0
0 -1 0
0 0 1

  IndexToPointMatrix: 
-1 0 0
0 -1 0
0 0 1

  PointToIndexMatrix: 
-1 0 0
0 -1 0
0 0 1

  Inverse Direction: 
-1 0 0
0 -1 0
0 0 1

  PixelContainer: 
    ImportImageContainer (0x5007d60)
      RTTI typeinfo:   itk::ImportImageContainer<unsigned long, double>
      Reference Count: 1
      Modified Time: 1186
      Debug: Off
      Object Name: 
      Observers: 
        none
      Pointer: 0x14ee960c8010
      Container manages memory: true
      Size: 8530021
      Capacity: 8530021

     Moving image = Image (0x4ff9f60)
  RTTI typeinfo:   itk::Image<double, 3u>
  Reference Count: 2
  Modified Time: 1581
  Debug: Off
  Object Name: 
  Observers: 
    none
  Source: (none)
  Source output name: (none)
  Release Data: Off
  Data Released: False
  Global Release Data: Off
  PipelineMTime: 0
  UpdateMTime: 1578
  RealTimeStamp: 0 seconds 
  LargestPossibleRegion: 
    Dimension: 3
    Index: [0, 0, 0]
    Size: [176, 240, 256]
  BufferedRegion: 
    Dimension: 3
    Index: [0, 0, 0]
    Size: [176, 240, 256]
  RequestedRegion: 
    Dimension: 3
    Index: [0, 0, 0]
    Size: [176, 240, 256]
  Spacing: [0.999999, 1, 1]
  Origin: [90.3778, 84.5091, -154.071]
  Direction: 
-0.999391 7.48184e-06 -0.0348969
-7.47664e-06 -1 -2.7953e-07
-0.0348969 -1.84481e-08 0.999391

  IndexToPointMatrix: 
-0.99939 7.48184e-06 -0.0348969
-7.47663e-06 -1 -2.7953e-07
-0.0348968 -1.84481e-08 0.999391

  PointToIndexMatrix: 
-0.999392 -7.47665e-06 -0.0348969
7.48184e-06 -1 -1.84481e-08
-0.0348969 -2.7953e-07 0.999391

  Inverse Direction: 
-0.999391 -7.47664e-06 -0.0348969
7.48184e-06 -1 -1.84481e-08
-0.0348969 -2.7953e-07 0.999391

  PixelContainer: 
    ImportImageContainer (0x4feb6d0)
      RTTI typeinfo:   itk::ImportImageContainer<unsigned long, double>
      Reference Count: 1
      Modified Time: 1575
      Debug: Off
      Object Name: 
      Observers: 
        none
      Pointer: 0x14ee90e47010
      Container manages memory: true
      Size: 10813440
      Capacity: 10813440

     Weighting = 1
     Sampling strategy = regular
     Number of bins = 32
     Radius = 4
     Sampling percentage  = 0.25
   Transform = Rigid
     Gradient step = 0.1
     Update field sigma (voxel space) = 0
     Total field sigma (voxel space) = 0
     Update field time sigma = 0
     Total field time sigma  = 0
     Number of time indices = 0
     Number of time point samples = 0
Registration using 1 total stages.

Stage 0
  iterations = 1000x500x250x100
  convergence threshold = 1e-06
  convergence window size = 10
  number of levels = 4
  using the Mattes MI metric (number of bins = 32, weight = 1, use gradient filter = 0)
  preprocessing:  winsorizing the image intensities
  Shrink factors (level 1 out of 4): [8, 8, 8]
  Shrink factors (level 2 out of 4): [4, 4, 4]
  Shrink factors (level 3 out of 4): [2, 2, 2]
  Shrink factors (level 4 out of 4): [1, 1, 1]
  smoothing sigmas per level: [3, 2, 1, 0]
  regular sampling (percentage = 0.25)

*** Running Euler3DTransform registration ***

DIAGNOSTIC,Iteration,metricValue,convergenceValue,ITERATION_TIME_INDEX,SINCE_LAST
 2DIAGNOSTIC,     1, -5.323241903179e-01, 1.797693134862e+308, 8.1058e-01, 8.1058e-01, 
 2DIAGNOSTIC,     2, -5.346190553927e-01, 1.797693134862e+308, 8.1484e-01, 4.2570e-03, 
 2DIAGNOSTIC,     3, -5.378036555361e-01, 1.797693134862e+308, 8.1903e-01, 4.1959e-03, 
 2DIAGNOSTIC,     4, -5.422949451405e-01, 1.797693134862e+308, 8.2287e-01, 3.8350e-03, 
 2DIAGNOSTIC,     5, -5.486805952477e-01, 1.797693134862e+308, 8.2659e-01, 3.7251e-03, 
 2DIAGNOSTIC,     6, -5.542790085272e-01, 1.797693134862e+308, 8.3033e-01, 3.7372e-03, 
 2DIAGNOSTIC,     7, -5.627123115611e-01, 1.797693134862e+308, 8.3443e-01, 4.0991e-03, 
 2DIAGNOSTIC,     8, -5.766609943856e-01, 1.797693134862e+308, 8.3865e-01, 4.2231e-03, 
 2DIAGNOSTIC,     9, -5.881111419397e-01, 1.797693134862e+308, 8.4262e-01, 3.9661e-03, 
 2DIAGNOSTIC,    10, -6.012927005665e-01, 7.820055967720e-03, 8.4786e-01, 5.2438e-03, 
 2DIAGNOSTIC,    11, -6.192402913589e-01, 8.564422673929e-03, 8.5529e-01, 7.4289e-03, 
 2DIAGNOSTIC,    12, -6.197111897440e-01, 8.513711436489e-03, 8.5947e-01, 4.1821e-03, 
 2DIAGNOSTIC,    13, -6.223136777511e-01, 7.932305190638e-03, 8.6367e-01, 4.1969e-03, 
 2DIAGNOSTIC,    14, -6.239859078534e-01, 6.938967258809e-03, 8.6808e-01, 4.4141e-03, 
 2DIAGNOSTIC,    15, -6.258731029038e-01, 5.722268374547e-03, 8.7232e-01, 4.2381e-03, 
 2DIAGNOSTIC,    16, -6.290042957048e-01, 4.404898010746e-03, 8.7661e-01, 4.2920e-03, 
 2DIAGNOSTIC,    17, -6.327399548198e-01, 3.192249458112e-03, 8.8220e-01, 5.5840e-03, 
 2DIAGNOSTIC,    18, -6.361770329222e-01, 2.298162514746e-03, 8.8756e-01, 5.3651e-03, 
 2DIAGNOSTIC,    19, -6.381920795031e-01, 1.629119691631e-03, 8.9263e-01, 5.0650e-03, 
 2DIAGNOSTIC,    20, -6.414786468682e-01, 1.264281191375e-03, 8.9664e-01, 4.0121e-03, 
 2DIAGNOSTIC,    21, -6.422621311618e-01, 1.244231354796e-03, 9.0082e-01, 4.1811e-03, 
 2DIAGNOSTIC,    22, -6.443386369785e-01, 1.164065699727e-03, 9.0511e-01, 4.2880e-03, 
 2DIAGNOSTIC,    23, -6.458367311089e-01, 1.066297096092e-03, 9.0994e-01, 4.8358e-03, 
 2DIAGNOSTIC,    24, -6.528535016863e-01, 1.047817945234e-03, 9.1583e-01, 5.8811e-03, 
 2DIAGNOSTIC,    25, -6.591704566920e-01, 1.083081269345e-03, 9.2244e-01, 6.6180e-03, 
 2DIAGNOSTIC,    26, -6.605963665576e-01, 1.093549189262e-03, 9.2758e-01, 5.1329e-03, 
 2DIAGNOSTIC,    27, -6.608439804581e-01, 1.070984921563e-03, 9.3192e-01, 4.3421e-03, 
 2DIAGNOSTIC,    28, -6.615671816043e-01, 1.019502608524e-03, 9.3696e-01, 5.0399e-03, 
 2DIAGNOSTIC,    29, -6.628794655081e-01, 9.260607949232e-04, 9.4198e-01, 5.0261e-03, 
 2DIAGNOSTIC,    30, -6.728294620599e-01, 9.537364911807e-04, 9.4847e-01, 6.4862e-03, 
 2DIAGNOSTIC,    31, -6.735478125738e-01, 9.084135277823e-04, 9.5380e-01, 5.3248e-03, 
 2DIAGNOSTIC,    32, -6.743491520451e-01, 8.254106540318e-04, 9.5861e-01, 4.8110e-03, 
 2DIAGNOSTIC,    33, -6.778518234259e-01, 7.396580832648e-04, 9.6441e-01, 5.8060e-03, 
 2DIAGNOSTIC,    34, -6.872953070345e-01, 8.064165639548e-04, 9.7474e-01, 1.0329e-02, 
 2DIAGNOSTIC,    35, -6.877325327758e-01, 8.751643413818e-04, 9.7924e-01, 4.5002e-03, 
 2DIAGNOSTIC,    36, -6.893217898790e-01, 8.964326273707e-04, 9.8448e-01, 5.2431e-03, 
 2DIAGNOSTIC,    37, -6.927387033711e-01, 8.791500652938e-04, 9.8916e-01, 4.6799e-03, 
 2DIAGNOSTIC,    38, -7.010255232096e-01, 8.853691218724e-04, 9.9432e-01, 5.1589e-03, 
 2DIAGNOSTIC,    39, -7.063977855017e-01, 8.771553334919e-04, 9.9939e-01, 5.0631e-03, 
 2DIAGNOSTIC,    40, -7.084280163486e-01, 9.204316914005e-04, 1.0037e+00, 4.3230e-03, 
 2DIAGNOSTIC,    41, -7.161046126815e-01, 9.681862333265e-04, 1.0095e+00, 5.7621e-03, 
 2DIAGNOSTIC,    42, -7.193530917081e-01, 9.622589246523e-04, 1.0157e+00, 6.1879e-03, 
 2DIAGNOSTIC,    43, -7.222480301184e-01, 9.271927824271e-04, 1.0200e+00, 4.3731e-03, 
 2DIAGNOSTIC,    44, -7.286120013956e-01, 9.648156777834e-04, 1.0249e+00, 4.8339e-03, 
 2DIAGNOSTIC,    45, -7.391296232727e-01, 1.015359743313e-03, 1.0300e+00, 5.0921e-03, 
 2DIAGNOSTIC,    46, -7.438599807737e-01, 1.024674863982e-03, 1.0346e+00, 4.6179e-03, 
 2DIAGNOSTIC,    47, -7.510115398269e-01, 1.032952030090e-03, 1.0418e+00, 7.1931e-03, 
 2DIAGNOSTIC,    48, -7.533484287592e-01, 1.038395493788e-03, 1.0462e+00, 4.4601e-03, 
 2DIAGNOSTIC,    49, -7.535087045967e-01, 9.939086757797e-04, 1.0502e+00, 3.9809e-03, 
 2DIAGNOSTIC,    50, -7.537511126519e-01, 8.744541587566e-04, 1.0547e+00, 4.4971e-03, 
 2DIAGNOSTIC,    51, -7.543883050617e-01, 7.468626994945e-04, 1.0587e+00, 3.9449e-03, 
 2DIAGNOSTIC,    52, -7.558766535515e-01, 5.928821181193e-04, 1.0627e+00, 3.9990e-03, 
 2DIAGNOSTIC,    53, -7.576495567721e-01, 4.261713265188e-04, 1.0672e+00, 4.5121e-03, 
 2DIAGNOSTIC,    54, -7.585449064093e-01, 2.822253739439e-04, 1.0721e+00, 4.9760e-03, 
 2DIAGNOSTIC,    55, -7.589407110005e-01, 2.022950285655e-04, 1.0761e+00, 3.9821e-03, 
 2DIAGNOSTIC,    56, -7.598126999743e-01, 1.477908008567e-04, 1.0806e+00, 4.4420e-03, 
 2DIAGNOSTIC,    57, -7.597427878566e-01, 1.335500860364e-04, 1.0845e+00, 3.9279e-03, 
 2DIAGNOSTIC,    58, -7.601872304213e-01, 1.274238465093e-04, 1.0894e+00, 4.9231e-03, 
 2DIAGNOSTIC,    59, -7.598243415229e-01, 1.079305599641e-04, 1.0938e+00, 4.3831e-03, 
 2DIAGNOSTIC,    60, -7.600085774198e-01, 8.209226059790e-05, 1.0981e+00, 4.2830e-03, 
 2DIAGNOSTIC,    61, -7.610427852089e-01, 6.078233665881e-05, 1.1035e+00, 5.4169e-03, 
 2DIAGNOSTIC,    62, -7.618726919119e-01, 4.974202426445e-05, 1.1079e+00, 4.3530e-03, 
 2DIAGNOSTIC,    63, -7.623283380923e-01, 4.910927329326e-05, 1.1121e+00, 4.2288e-03, 
 2DIAGNOSTIC,    64, -7.622242084605e-01, 4.912497702091e-05, 1.1158e+00, 3.7630e-03, 
 2DIAGNOSTIC,    65, -7.623803168873e-01, 4.801355481628e-05, 1.1202e+00, 4.3209e-03, 
 2DIAGNOSTIC,    66, -7.623484018495e-01, 4.758284897168e-05, 1.1244e+00, 4.1871e-03, 
 2DIAGNOSTIC,    67, -7.620312247528e-01, 4.002808317791e-05, 1.1281e+00, 3.7291e-03, 
 2DIAGNOSTIC,    68, -7.619523872178e-01, 3.134720983515e-05, 1.1325e+00, 4.3781e-03, 
 2DIAGNOSTIC,    69, -7.620066679060e-01, 1.822940429734e-05, 1.1363e+00, 3.8080e-03, 
 2DIAGNOSTIC,    70, -7.624639890137e-01, 7.498184653634e-06, 1.1441e+00, 7.8151e-03, 
 2DIAGNOSTIC,    71, -7.624387527282e-01, 2.130678841659e-06, 1.1484e+00, 4.2799e-03, 
 2DIAGNOSTIC,    72, -7.623527961604e-01, 1.054455974429e-06, 1.1522e+00, 3.8600e-03, 
 2DIAGNOSTIC,    73, -7.622717854858e-01, 2.169639543342e-06, 1.1568e+00, 4.5381e-03, 
 2DIAGNOSTIC,    74, -7.622878674980e-01, 2.533775340277e-06, 1.1606e+00, 3.8381e-03, 
 2DIAGNOSTIC,    75, -7.621846903898e-01, 2.898091600713e-06, 1.1649e+00, 4.2841e-03, 
 2DIAGNOSTIC,    76, -7.620756306810e-01, 2.307882683074e-06, 1.1687e+00, 3.8121e-03, 
DIAGNOSTIC,Iteration,metricValue,convergenceValue,ITERATION_TIME_INDEX,SINCE_LAST
 2DIAGNOSTIC,     1, -6.055919418431e-01, 1.797693134862e+308, 1.9024e+00, 7.3371e-01, 
 2DIAGNOSTIC,     2, -6.062806827017e-01, 1.797693134862e+308, 1.9301e+00, 2.7728e-02, 
 2DIAGNOSTIC,     3, -6.072507023613e-01, 1.797693134862e+308, 1.9594e+00, 2.9224e-02, 
 2DIAGNOSTIC,     4, -6.081890466165e-01, 1.797693134862e+308, 1.9884e+00, 2.9044e-02, 
 2DIAGNOSTIC,     5, -6.093920331389e-01, 1.797693134862e+308, 2.0179e+00, 2.9539e-02, 
 2DIAGNOSTIC,     6, -6.106737497166e-01, 1.797693134862e+308, 2.0464e+00, 2.8485e-02, 
 2DIAGNOSTIC,     7, -6.126066723285e-01, 1.797693134862e+308, 2.0761e+00, 2.9671e-02, 
 2DIAGNOSTIC,     8, -6.161236787065e-01, 1.797693134862e+308, 2.1073e+00, 3.1201e-02, 
 2DIAGNOSTIC,     9, -6.174930023190e-01, 1.797693134862e+308, 2.1459e+00, 3.8554e-02, 
 2DIAGNOSTIC,    10, -6.179485575082e-01, 1.428795158499e-03, 2.1770e+00, 3.1127e-02, 
 2DIAGNOSTIC,    11, -6.197808529686e-01, 1.389475822411e-03, 2.2079e+00, 3.0916e-02, 
 2DIAGNOSTIC,    12, -6.207164762101e-01, 1.292441459984e-03, 2.2460e+00, 3.8082e-02, 
 2DIAGNOSTIC,    13, -6.207909012141e-01, 1.129244549003e-03, 2.2821e+00, 3.6086e-02, 
 2DIAGNOSTIC,    14, -6.207710337094e-01, 9.181953723287e-04, 2.3190e+00, 3.6945e-02, 
 2DIAGNOSTIC,    15, -6.207566274782e-01, 6.899528289456e-04, 2.3562e+00, 3.7153e-02, 
 2DIAGNOSTIC,    16, -6.207376228984e-01, 4.632448309395e-04, 2.3879e+00, 3.1748e-02, 
 2DIAGNOSTIC,    17, -6.207292323719e-01, 2.706166711957e-04, 2.4167e+00, 2.8793e-02, 
 2DIAGNOSTIC,    18, -6.207225483512e-01, 1.646098889696e-04, 2.4480e+00, 3.1281e-02, 
 2DIAGNOSTIC,    19, -6.207183351245e-01, 8.852773326656e-05, 2.4795e+00, 3.1498e-02, 
 2DIAGNOSTIC,    20, -6.207238626113e-01, 2.176811877576e-05, 2.5104e+00, 3.0935e-02, 
DIAGNOSTIC,Iteration,metricValue,convergenceValue,ITERATION_TIME_INDEX,SINCE_LAST
 2DIAGNOSTIC,     1, -5.338454256321e-01, 1.797693134862e+308, 3.5562e+00, 1.0458e+00, 
 2DIAGNOSTIC,     2, -5.339231548178e-01, 1.797693134862e+308, 3.7822e+00, 2.2603e-01, 
 2DIAGNOSTIC,     3, -5.340031962235e-01, 1.797693134862e+308, 4.0015e+00, 2.1926e-01, 
 2DIAGNOSTIC,     4, -5.341144471519e-01, 1.797693134862e+308, 4.2327e+00, 2.3122e-01, 
 2DIAGNOSTIC,     5, -5.343650552460e-01, 1.797693134862e+308, 4.4873e+00, 2.5459e-01, 
 2DIAGNOSTIC,     6, -5.348937646409e-01, 1.797693134862e+308, 4.7982e+00, 3.1088e-01, 
 2DIAGNOSTIC,     7, -5.350714511704e-01, 1.797693134862e+308, 5.1479e+00, 3.4977e-01, 
 2DIAGNOSTIC,     8, -5.352330983605e-01, 1.797693134862e+308, 5.3958e+00, 2.4784e-01, 
 2DIAGNOSTIC,     9, -5.352933232446e-01, 1.797693134862e+308, 5.6242e+00, 2.2836e-01, 
 2DIAGNOSTIC,    10, -5.353870908924e-01, 2.230759633160e-04, 5.8977e+00, 2.7355e-01, 
 2DIAGNOSTIC,    11, -5.356093220282e-01, 2.037827492081e-04, 6.2598e+00, 3.6210e-01, 
 2DIAGNOSTIC,    12, -5.357183254188e-01, 1.776701087196e-04, 6.4835e+00, 2.2368e-01, 
 2DIAGNOSTIC,    13, -5.358046360915e-01, 1.468207362287e-04, 6.6981e+00, 2.1462e-01, 
 2DIAGNOSTIC,    14, -5.358403956023e-01, 1.129505385407e-04, 6.9222e+00, 2.2413e-01, 
 2DIAGNOSTIC,    15, -5.358583215003e-01, 8.261287656601e-05, 7.1674e+00, 2.4515e-01, 
 2DIAGNOSTIC,    16, -5.358618664473e-01, 6.618553369936e-05, 7.4151e+00, 2.4773e-01, 
 2DIAGNOSTIC,    17, -5.358580232630e-01, 5.106944515030e-05, 7.6362e+00, 2.2112e-01, 
 2DIAGNOSTIC,    18, -5.358818074724e-01, 3.860531564374e-05, 7.9281e+00, 2.9186e-01, 
 2DIAGNOSTIC,    19, -5.358860838441e-01, 2.584744066482e-05, 8.1787e+00, 2.5057e-01, 
 2DIAGNOSTIC,    20, -5.358902363136e-01, 1.461467010257e-05, 8.4555e+00, 2.7685e-01, 
 2DIAGNOSTIC,    21, -5.358948336763e-01, 8.942572052202e-06, 8.7075e+00, 2.5200e-01, 
 2DIAGNOSTIC,    22, -5.358958270669e-01, 5.704618981237e-06, 9.4557e+00, 7.4820e-01, 
 2DIAGNOSTIC,    23, -5.358958270633e-01, 4.318188068987e-06, 1.0242e+01, 7.8581e-01, 
 2DIAGNOSTIC,    24, -5.358958270633e-01, 3.549659695866e-06, 1.0505e+01, 2.6372e-01, 
 2DIAGNOSTIC,    25, -5.358958270633e-01, 3.017859455119e-06, 1.0784e+01, 2.7870e-01, 
 2DIAGNOSTIC,    26, -5.358958270633e-01, 2.442900878072e-06, 1.1067e+01, 2.8347e-01, 
 2DIAGNOSTIC,    27, -5.358958270633e-01, 1.708530192802e-06, 1.1392e+01, 3.2494e-01, 
 2DIAGNOSTIC,    28, -5.358958270633e-01, 1.427619675726e-06, 1.1659e+01, 2.6631e-01, 
 2DIAGNOSTIC,    29, -5.358958270633e-01, 1.216067787843e-06, 1.1909e+01, 2.5069e-01, 
 2DIAGNOSTIC,    30, -5.358958270633e-01, 1.078803178546e-06, 1.2127e+01, 2.1739e-01, 
 2DIAGNOSTIC,    31, -5.358958270633e-01, 1.026965878934e-06, 1.2363e+01, 2.3611e-01, 
DIAGNOSTIC,Iteration,metricValue,convergenceValue,ITERATION_TIME_INDEX,SINCE_LAST
 2DIAGNOSTIC,     1, -4.896148533103e-01, 1.797693134862e+308, 1.6489e+01, 4.1262e+00, 
 2DIAGNOSTIC,     2, -4.896145710841e-01, 1.797693134862e+308, 1.8222e+01, 1.7328e+00, 
 2DIAGNOSTIC,     3, -4.896144732224e-01, 1.797693134862e+308, 1.9867e+01, 1.6452e+00, 
 2DIAGNOSTIC,     4, -4.896144295775e-01, 1.797693134862e+308, 2.1582e+01, 1.7145e+00, 
 2DIAGNOSTIC,     5, -4.896142435061e-01, 1.797693134862e+308, 2.3521e+01, 1.9397e+00, 
 2DIAGNOSTIC,     6, -4.896140293766e-01, 1.797693134862e+308, 2.5149e+01, 1.6280e+00, 
 2DIAGNOSTIC,     7, -4.896139249926e-01, 1.797693134862e+308, 2.6588e+01, 1.4387e+00, 
 2DIAGNOSTIC,     8, -4.896138288597e-01, 1.797693134862e+308, 2.8206e+01, 1.6177e+00, 
 2DIAGNOSTIC,     9, -4.896137255389e-01, 1.797693134862e+308, 2.9638e+01, 1.4327e+00, 
 2DIAGNOSTIC,    10, -4.896136311486e-01, 3.025181344207e-06, 3.1098e+01, 1.4596e+00, 
 2DIAGNOSTIC,    11, -4.896137845580e-01, 2.774273239262e-06, 3.2626e+01, 1.5276e+00, 
 2DIAGNOSTIC,    12, -4.896137309217e-01, 2.559231686752e-06, 3.4142e+01, 1.5165e+00, 
 2DIAGNOSTIC,    13, -4.896137771259e-01, 2.383226090211e-06, 3.5442e+01, 1.3002e+00, 
 2DIAGNOSTIC,    14, -4.896136221423e-01, 2.230081294366e-06, 3.7016e+01, 1.5742e+00, 
 2DIAGNOSTIC,    15, -4.896136164516e-01, 2.094115957280e-06, 3.8665e+01, 1.6490e+00, 
 2DIAGNOSTIC,    16, -4.896135500836e-01, 1.967301384617e-06, 4.0155e+01, 1.4893e+00, 
 2DIAGNOSTIC,    17, -4.896132334327e-01, 1.842927069652e-06, 4.1780e+01, 1.6254e+00, 
 2DIAGNOSTIC,    18, -4.896131556866e-01, 1.729776962209e-06, 4.3237e+01, 1.4574e+00, 
 2DIAGNOSTIC,    19, -4.896129689251e-01, 1.623250603558e-06, 4.4566e+01, 1.3284e+00, 
 2DIAGNOSTIC,    20, -4.896129300308e-01, 1.528123695173e-06, 4.6082e+01, 1.5164e+00, 
 2DIAGNOSTIC,    21, -4.896129799214e-01, 1.453472324310e-06, 4.7479e+01, 1.3970e+00, 
 2DIAGNOSTIC,    22, -4.896130640531e-01, 1.392072111688e-06, 4.9028e+01, 1.5485e+00, 
 2DIAGNOSTIC,    23, -4.896130210688e-01, 1.341231432854e-06, 5.0644e+01, 1.6164e+00, 
 2DIAGNOSTIC,    24, -4.896126421306e-01, 1.285653452580e-06, 5.2267e+01, 1.6232e+00, 
 2DIAGNOSTIC,    25, -4.896124952278e-01, 1.234936832101e-06, 5.3878e+01, 1.6106e+00, 
 2DIAGNOSTIC,    26, -4.896125504768e-01, 1.191463675637e-06, 5.5216e+01, 1.3382e+00, 
 2DIAGNOSTIC,    27, -4.896125271864e-01, 1.146665788564e-06, 5.7007e+01, 1.7909e+00, 
 2DIAGNOSTIC,    28, -4.896125641759e-01, 1.107325982332e-06, 5.8684e+01, 1.6768e+00, 
 2DIAGNOSTIC,    29, -4.896124645492e-01, 1.067876477308e-06, 6.0215e+01, 1.5307e+00, 
 2DIAGNOSTIC,    30, -4.896122426765e-01, 1.028861263089e-06, 6.1755e+01, 1.5403e+00, 
  Elapsed time (stage 0): 6.2579e+01


Total elapsed time: 6.2582e+01
Info [verificarlo]: loaded backend libinterflop_ieee.so
Info [interflop-ieee]: load backend with:
Info [interflop-ieee]: debug = false
Info [interflop-ieee]: debug-binary = false
Info [interflop-ieee]: no-backend-name = false
Info [interflop-ieee]: print-new-line = false
Info [interflop-ieee]: print-subnormal-normalized = false
Info [interflop-ieee]: count-op = false
All_Command_lines_OK
Using double precision for computations.
=============================================================================
The composite transform comprises the following transforms (in order): 
  1. /home/mdugre/scratch/mri-registration-rp/datasets/ds004513/derivatives/mri-registration-rp/0001/antsRegistration-r8-p11/sub-s025/rigid_Composite.h5[0] (type = Euler3DTransform)
  2. /home/mdugre/scratch/mri-registration-rp/datasets/ds004513/derivatives/mri-registration-rp/0001/antsRegistration-r8-p11/sub-s025/rigid_Composite.h5[1] (type = Euler3DTransform)
  3. /home/mdugre/scratch/mri-registration-rp/datasets/ds004513/derivatives/mri-registration-rp/0001/antsRegistration-r8-p11/sub-s025/rigid_Composite.h5[2] (type = Euler3DTransform)
=============================================================================
  number of levels = 4
  fixed image: /templateflow/tpl-MNI152NLin2009cAsym/tpl-MNI152NLin2009cAsym_res-01_desc-brain_T1w.nii.gz
  moving image: /home/mdugre/scratch/mri-registration-rp/datasets/ds004513/derivatives/mri-registration-rp/antsBrainExtraction/sub-s025/BrainExtractionBrain.nii.gz
Dimension = 3
Number of stages = 1
Use histogram matching = false
Winsorize image intensities = true
  Lower quantile = 0.005
  Upper quantile = 0.995


Stage 1 State
   Image metric = MattesMI
     Fixed image = Image (0x38a77e0)
  RTTI typeinfo:   itk::Image<double, 3u>
  Reference Count: 2
  Modified Time: 1594
  Debug: Off
  Object Name: 
  Observers: 
    none
  Source: (none)
  Source output name: (none)
  Release Data: Off
  Data Released: False
  Global Release Data: Off
  PipelineMTime: 0
  UpdateMTime: 1203
  RealTimeStamp: 0 seconds 
  LargestPossibleRegion: 
    Dimension: 3
    Index: [0, 0, 0]
    Size: [193, 229, 193]
  BufferedRegion: 
    Dimension: 3
    Index: [0, 0, 0]
    Size: [193, 229, 193]
  RequestedRegion: 
    Dimension: 3
    Index: [0, 0, 0]
    Size: [193, 229, 193]
  Spacing: [1, 1, 1]
  Origin: [96, 132, -78]
  Direction: 
-1 0 0
0 -1 0
0 0 1

  IndexToPointMatrix: 
-1 0 0
0 -1 0
0 0 1

  PointToIndexMatrix: 
-1 0 0
0 -1 0
0 0 1

  Inverse Direction: 
-1 0 0
0 -1 0
0 0 1

  PixelContainer: 
    ImportImageContainer (0x3967a20)
      RTTI typeinfo:   itk::ImportImageContainer<unsigned long, double>
      Reference Count: 1
      Modified Time: 1200
      Debug: Off
      Object Name: 
      Observers: 
        none
      Pointer: 0x14adeda15010
      Container manages memory: true
      Size: 8530021
      Capacity: 8530021

     Moving image = Image (0x3962d70)
  RTTI typeinfo:   itk::Image<double, 3u>
  Reference Count: 2
  Modified Time: 1595
  Debug: Off
  Object Name: 
  Observers: 
    none
  Source: (none)
  Source output name: (none)
  Release Data: Off
  Data Released: False
  Global Release Data: Off
  PipelineMTime: 0
  UpdateMTime: 1592
  RealTimeStamp: 0 seconds 
  LargestPossibleRegion: 
    Dimension: 3
    Index: [0, 0, 0]
    Size: [176, 240, 256]
  BufferedRegion: 
    Dimension: 3
    Index: [0, 0, 0]
    Size: [176, 240, 256]
  RequestedRegion: 
    Dimension: 3
    Index: [0, 0, 0]
    Size: [176, 240, 256]
  Spacing: [0.999999, 1, 1]
  Origin: [90.3778, 84.5091, -154.071]
  Direction: 
-0.999391 7.48184e-06 -0.0348969
-7.47664e-06 -1 -2.7953e-07
-0.0348969 -1.84481e-08 0.999391

  IndexToPointMatrix: 
-0.99939 7.48184e-06 -0.0348969
-7.47663e-06 -1 -2.7953e-07
-0.0348968 -1.84481e-08 0.999391

  PointToIndexMatrix: 
-0.999392 -7.47665e-06 -0.0348969
7.48184e-06 -1 -1.84481e-08
-0.0348969 -2.7953e-07 0.999391

  Inverse Direction: 
-0.999391 -7.47664e-06 -0.0348969
7.48184e-06 -1 -1.84481e-08
-0.0348969 -2.7953e-07 0.999391

  PixelContainer: 
    ImportImageContainer (0x391ac90)
      RTTI typeinfo:   itk::ImportImageContainer<unsigned long, double>
      Reference Count: 1
      Modified Time: 1589
      Debug: Off
      Object Name: 
      Observers: 
        none
      Pointer: 0x14ade8794010
      Container manages memory: true
      Size: 10813440
      Capacity: 10813440

     Weighting = 1
     Sampling strategy = regular
     Number of bins = 32
     Radius = 4
     Sampling percentage  = 0.25
   Transform = Affine
     Gradient step = 0.1
     Update field sigma (voxel space) = 0
     Total field sigma (voxel space) = 0
     Update field time sigma = 0
     Total field time sigma  = 0
     Number of time indices = 0
     Number of time point samples = 0
Registration using 1 total stages.

Stage 0
  iterations = 1000x500x250x100
  convergence threshold = 1e-06
  convergence window size = 10
  number of levels = 4
  using the Mattes MI metric (number of bins = 32, weight = 1, use gradient filter = 0)
  preprocessing:  winsorizing the image intensities
  Shrink factors (level 1 out of 4): [8, 8, 8]
  Shrink factors (level 2 out of 4): [4, 4, 4]
  Shrink factors (level 3 out of 4): [2, 2, 2]
  Shrink factors (level 4 out of 4): [1, 1, 1]
  smoothing sigmas per level: [3, 2, 1, 0]
  regular sampling (percentage = 0.25)

*** Running AffineTransform registration ***

DIAGNOSTIC,Iteration,metricValue,convergenceValue,ITERATION_TIME_INDEX,SINCE_LAST
 2DIAGNOSTIC,     1, -7.480324721472e-01, 1.797693134862e+308, 7.1168e-01, 7.1168e-01, 
 2DIAGNOSTIC,     2, -7.499564284604e-01, 1.797693134862e+308, 7.1655e-01, 4.8749e-03, 
 2DIAGNOSTIC,     3, -7.535272377994e-01, 1.797693134862e+308, 7.2141e-01, 4.8521e-03, 
 2DIAGNOSTIC,     4, -7.591503593540e-01, 1.797693134862e+308, 7.2615e-01, 4.7421e-03, 
 2DIAGNOSTIC,     5, -7.688043359473e-01, 1.797693134862e+308, 7.3101e-01, 4.8580e-03, 
 2DIAGNOSTIC,     6, -7.841732073201e-01, 1.797693134862e+308, 7.3611e-01, 5.1000e-03, 
 2DIAGNOSTIC,     7, -8.097923327008e-01, 1.797693134862e+308, 7.4121e-01, 5.1000e-03, 
 2DIAGNOSTIC,     8, -8.775088909822e-01, 1.797693134862e+308, 7.4762e-01, 6.4089e-03, 
 2DIAGNOSTIC,     9, -9.182103131450e-01, 1.797693134862e+308, 7.5300e-01, 5.3840e-03, 
 2DIAGNOSTIC,    10, -9.258295053874e-01, 1.538169230012e-02, 7.6113e-01, 8.1320e-03, 
 2DIAGNOSTIC,    11, -9.297783713296e-01, 1.565477941094e-02, 7.6595e-01, 4.8161e-03, 
 2DIAGNOSTIC,    12, -9.321302049694e-01, 1.460808416682e-02, 7.7115e-01, 5.1970e-03, 
 2DIAGNOSTIC,    13, -9.341578877567e-01, 1.254983823241e-02, 7.7723e-01, 6.0871e-03, 
 2DIAGNOSTIC,    14, -9.357216339044e-01, 9.843234676265e-03, 7.8295e-01, 5.7189e-03, 
 2DIAGNOSTIC,    15, -9.371591660953e-01, 6.903198937585e-03, 7.8929e-01, 6.3388e-03, 
 2DIAGNOSTIC,    16, -9.377439886966e-01, 4.080817364815e-03, 7.9407e-01, 4.7760e-03, 
 2DIAGNOSTIC,    17, -9.378914751634e-01, 1.720371732119e-03, 8.0031e-01, 6.2480e-03, 
 2DIAGNOSTIC,    18, -9.387888800573e-01, 7.191613490961e-04, 8.0867e-01, 8.3542e-03, 
 2DIAGNOSTIC,    19, -9.388730585239e-01, 4.641825437618e-04, 8.1480e-01, 6.1309e-03, 
 2DIAGNOSTIC,    20, -9.389309100739e-01, 3.176350006193e-04, 8.2002e-01, 5.2218e-03, 
 2DIAGNOSTIC,    21, -9.386515279756e-01, 2.131223714986e-04, 8.2469e-01, 4.6680e-03, 
 2DIAGNOSTIC,    22, -9.387098556504e-01, 1.343008579014e-04, 8.2987e-01, 5.1770e-03, 
 2DIAGNOSTIC,    23, -9.387656015798e-01, 7.906978849511e-05, 8.3450e-01, 4.6351e-03, 
 2DIAGNOSTIC,    24, -9.386833601197e-01, 4.075867100474e-05, 8.3919e-01, 4.6849e-03, 
 2DIAGNOSTIC,    25, -9.384699630854e-01, 1.775970803165e-05, 8.4435e-01, 5.1601e-03, 
 2DIAGNOSTIC,    26, -9.385281323247e-01, 3.230297939950e-06, 8.4906e-01, 4.7171e-03, 
DIAGNOSTIC,Iteration,metricValue,convergenceValue,ITERATION_TIME_INDEX,SINCE_LAST
 2DIAGNOSTIC,     1, -7.508741331148e-01, 1.797693134862e+308, 1.6052e+00, 7.5609e-01, 
 2DIAGNOSTIC,     2, -7.512409994100e-01, 1.797693134862e+308, 1.6370e+00, 3.1814e-02, 
 2DIAGNOSTIC,     3, -7.516090412641e-01, 1.797693134862e+308, 1.6737e+00, 3.6685e-02, 
 2DIAGNOSTIC,     4, -7.521268962593e-01, 1.797693134862e+308, 1.7045e+00, 3.0834e-02, 
 2DIAGNOSTIC,     5, -7.530810216221e-01, 1.797693134862e+308, 1.7381e+00, 3.3599e-02, 
 2DIAGNOSTIC,     6, -7.538389017622e-01, 1.797693134862e+308, 1.7815e+00, 4.3430e-02, 
 2DIAGNOSTIC,     7, -7.539119576295e-01, 1.797693134862e+308, 1.8128e+00, 3.1241e-02, 
 2DIAGNOSTIC,     8, -7.539849877713e-01, 1.797693134862e+308, 1.8427e+00, 2.9984e-02, 
 2DIAGNOSTIC,     9, -7.540552105880e-01, 1.797693134862e+308, 1.8774e+00, 3.4650e-02, 
 2DIAGNOSTIC,    10, -7.541391994740e-01, 3.184020528965e-04, 1.9325e+00, 5.5133e-02, 
 2DIAGNOSTIC,    11, -7.540842635563e-01, 2.376482636775e-04, 1.9656e+00, 3.3043e-02, 
 2DIAGNOSTIC,    12, -7.540766231676e-01, 1.609566638974e-04, 1.9984e+00, 3.2845e-02, 
 2DIAGNOSTIC,    13, -7.540560934027e-01, 9.211102041819e-05, 2.0348e+00, 3.6368e-02, 
 2DIAGNOSTIC,    14, -7.540616288948e-01, 3.855679268630e-05, 2.0743e+00, 3.9553e-02, 
 2DIAGNOSTIC,    15, -7.540501762143e-01, 1.200463214877e-05, 2.1116e+00, 3.7252e-02, 
 2DIAGNOSTIC,    16, -7.540381491447e-01, 5.470333407032e-06, 2.1483e+00, 3.6710e-02, 
DIAGNOSTIC,Iteration,metricValue,convergenceValue,ITERATION_TIME_INDEX,SINCE_LAST
 2DIAGNOSTIC,     1, -6.422535821821e-01, 1.797693134862e+308, 3.2872e+00, 1.1389e+00, 
 2DIAGNOSTIC,     2, -6.426227941785e-01, 1.797693134862e+308, 3.5477e+00, 2.6047e-01, 
 2DIAGNOSTIC,     3, -6.429936403043e-01, 1.797693134862e+308, 3.8281e+00, 2.8040e-01, 
 2DIAGNOSTIC,     4, -6.434260816028e-01, 1.797693134862e+308, 4.0959e+00, 2.6781e-01, 
 2DIAGNOSTIC,     5, -6.439138253950e-01, 1.797693134862e+308, 4.3654e+00, 2.6949e-01, 
 2DIAGNOSTIC,     6, -6.442882326747e-01, 1.797693134862e+308, 4.6603e+00, 2.9485e-01, 
 2DIAGNOSTIC,     7, -6.443874154587e-01, 1.797693134862e+308, 5.0045e+00, 3.4425e-01, 
 2DIAGNOSTIC,     8, -6.444577938602e-01, 1.797693134862e+308, 5.2521e+00, 2.4756e-01, 
 2DIAGNOSTIC,     9, -6.445085762415e-01, 1.797693134862e+308, 5.5094e+00, 2.5736e-01, 
 2DIAGNOSTIC,    10, -6.445487059434e-01, 2.451764951124e-04, 5.7675e+00, 2.5803e-01, 
 2DIAGNOSTIC,    11, -6.446325097924e-01, 1.794140104041e-04, 6.2075e+00, 4.4007e-01, 
 2DIAGNOSTIC,    12, -6.446364037233e-01, 1.224530035036e-04, 6.5249e+00, 3.1732e-01, 
 2DIAGNOSTIC,    13, -6.446345624604e-01, 7.595589838247e-05, 6.8203e+00, 2.9541e-01, 
 2DIAGNOSTIC,    14, -6.446361450427e-01, 4.287207598894e-05, 7.2484e+00, 4.2815e-01, 
 2DIAGNOSTIC,    15, -6.446364173190e-01, 2.457279067004e-05, 7.5935e+00, 3.4508e-01, 
 2DIAGNOSTIC,    16, -6.446351405488e-01, 1.671872390516e-05, 7.9031e+00, 3.0966e-01, 
 2DIAGNOSTIC,    17, -6.446338146228e-01, 1.094596062995e-05, 8.2102e+00, 3.0705e-01, 
 2DIAGNOSTIC,    18, -6.446310825086e-01, 6.645722932332e-06, 8.4656e+00, 2.5540e-01, 
 2DIAGNOSTIC,    19, -6.446298563245e-01, 3.496000759093e-06, 8.7512e+00, 2.8556e-01, 
 2DIAGNOSTIC,    20, -6.446300919352e-01, 1.329537657614e-06, 9.0480e+00, 2.9680e-01, 
 2DIAGNOSTIC,    21, -6.446276419841e-01, 1.099954038825e-06, 9.3498e+00, 3.0184e-01, 
 2DIAGNOSTIC,    22, -6.446278276334e-01, 1.015226284956e-06, 9.6333e+00, 2.8345e-01, 
DIAGNOSTIC,Iteration,metricValue,convergenceValue,ITERATION_TIME_INDEX,SINCE_LAST
 2DIAGNOSTIC,     1, -5.759987860716e-01, 1.797693134862e+308, 1.2349e+01, 2.7154e+00, 
 2DIAGNOSTIC,     2, -5.765532677041e-01, 1.797693134862e+308, 1.3911e+01, 1.5622e+00, 
 2DIAGNOSTIC,     3, -5.771367192542e-01, 1.797693134862e+308, 1.5619e+01, 1.7086e+00, 
 2DIAGNOSTIC,     4, -5.777210624499e-01, 1.797693134862e+308, 1.7205e+01, 1.5859e+00, 
 2DIAGNOSTIC,     5, -5.802361484922e-01, 1.797693134862e+308, 1.9524e+01, 2.3183e+00, 
 2DIAGNOSTIC,     6, -5.802554698501e-01, 1.797693134862e+308, 2.2642e+01, 3.1186e+00, 
 2DIAGNOSTIC,     7, -5.802549653266e-01, 1.797693134862e+308, 2.4512e+01, 1.8701e+00, 
 2DIAGNOSTIC,     8, -5.802539575702e-01, 1.797693134862e+308, 2.6711e+01, 2.1987e+00, 
 2DIAGNOSTIC,     9, -5.802537656522e-01, 1.797693134862e+308, 2.8471e+01, 1.7595e+00, 
 2DIAGNOSTIC,    10, -5.802529635593e-01, 5.364407953165e-04, 3.0255e+01, 1.7840e+00, 
 2DIAGNOSTIC,    11, -5.802528718366e-01, 3.691897978955e-04, 3.2203e+01, 1.9487e+00, 
 2DIAGNOSTIC,    12, -5.802526954807e-01, 2.209793246885e-04, 3.4156e+01, 1.9524e+00, 
 2DIAGNOSTIC,    13, -5.802527151519e-01, 9.844979875126e-05, 3.5922e+01, 1.7662e+00, 
 2DIAGNOSTIC,    14, -5.802528859448e-01, 2.699916079665e-06, 3.8096e+01, 2.1737e+00, 
 2DIAGNOSTIC,    15, -5.802527922818e-01, 1.931644656533e-06, 3.9903e+01, 1.8074e+00, 
 2DIAGNOSTIC,    16, -5.802526782466e-01, 1.866327819511e-06, 4.1721e+01, 1.8183e+00, 
 2DIAGNOSTIC,    17, -5.802525800673e-01, 1.803422223300e-06, 4.3542e+01, 1.8208e+00, 
 2DIAGNOSTIC,    18, -5.802524818825e-01, 1.723713709663e-06, 4.5135e+01, 1.5927e+00, 
 2DIAGNOSTIC,    19, -5.802522691131e-01, 1.646623363376e-06, 4.6887e+01, 1.7528e+00, 
 2DIAGNOSTIC,    20, -5.802521969217e-01, 1.558704513210e-06, 4.8547e+01, 1.6594e+00, 
 2DIAGNOSTIC,    21, -5.802523304479e-01, 1.483481003629e-06, 5.0279e+01, 1.7321e+00, 
 2DIAGNOSTIC,    22, -5.802523382914e-01, 1.414297983754e-06, 5.2052e+01, 1.7726e+00, 
 2DIAGNOSTIC,    23, -5.802523273496e-01, 1.354321095486e-06, 5.3909e+01, 1.8576e+00, 
 2DIAGNOSTIC,    24, -5.802521651878e-01, 1.302481166067e-06, 5.5711e+01, 1.8016e+00, 
 2DIAGNOSTIC,    25, -5.802521376078e-01, 1.254819772929e-06, 5.7908e+01, 2.1972e+00, 
 2DIAGNOSTIC,    26, -5.802520537584e-01, 1.208764325716e-06, 5.9792e+01, 1.8838e+00, 
 2DIAGNOSTIC,    27, -5.802519521336e-01, 1.163945581369e-06, 6.1620e+01, 1.8279e+00, 
 2DIAGNOSTIC,    28, -5.802518446620e-01, 1.120334668155e-06, 6.3150e+01, 1.5304e+00, 
 2DIAGNOSTIC,    29, -5.802517673831e-01, 1.076528042473e-06, 6.4954e+01, 1.8040e+00, 
 2DIAGNOSTIC,    30, -5.802517041992e-01, 1.035388362498e-06, 6.6779e+01, 1.8246e+00, 
 2DIAGNOSTIC,    31, -5.802516306125e-01, 1.000260831593e-06, 6.8422e+01, 1.6430e+00, 
  Elapsed time (stage 0): 6.9391e+01


Total elapsed time: 6.9393e+01
Info [verificarlo]: loaded backend libinterflop_vprec.so
Info [interflop-vprec]: load backend with: 
Info [interflop-vprec]: precision-binary32 = 11
Info [interflop-vprec]: range-binary32 = 8
Info [interflop-vprec]: precision-binary64 = 11
Info [interflop-vprec]: range-binary64 = 8
Info [interflop-vprec]: mode = ob
Info [interflop-vprec]: error-mode = rel
Info [interflop-vprec]: max-abs-error-exponent = -1022
Info [interflop-vprec]: daz = false
Info [interflop-vprec]: ftz = false
Info [interflop-vprec]: 	instrument = none
