
##########################
# Experiment information #
##########################

EXPERIMENT_NAME: antsRegistration-r8-p18
VFC_BACKENDS: libinterflop_vprec.so --range-binary32=8 --precision-binary32=18 --range-binary64=8 --precision-binary64=18

SIF_IMG: /home/mdugre/projects/rrg-glatard/mdugre/containers/ants-vprec-no_metrics.simg

SUBJECT_ID: s014
INPUT_IMG: /home/mdugre/scratch/mri-registration-rp/datasets/ds004513/derivatives/mri-registration-rp/antsBrainExtraction/sub-s014/BrainExtractionBrain.nii.gz
OUTPUT_DIR: /home/mdugre/scratch/mri-registration-rp/datasets/ds004513/derivatives/mri-registration-rp/0001/antsRegistration-r8-p18/sub-s014

FIXED_IMG: /templateflow/tpl-MNI152NLin2009cAsym/tpl-MNI152NLin2009cAsym_res-01_desc-brain_T1w.nii.gz
DATA_DIR: /home/mdugre/scratch/mri-registration-rp/datasets/ds004513
TEMPLATEFLOW_DIR: /home/mdugre/projects/rrg-glatard/mdugre/templateflow
ITK_GLOBAL_DEFAULT_NUMBER_OF_THREADS: 16
##########################

Info [verificarlo]: loaded backend libinterflop_ieee.so
Info [interflop-ieee]: load backend with:
Info [interflop-ieee]: debug = false
Info [interflop-ieee]: debug-binary = false
Info [interflop-ieee]: no-backend-name = false
Info [interflop-ieee]: print-new-line = false
Info [interflop-ieee]: print-subnormal-normalized = false
Info [interflop-ieee]: count-op = false
All_Command_lines_OK
Using double precision for computations.
=============================================================================
The composite transform comprises the following transforms (in order): 
  1. Center of mass alignment using fixed image: /templateflow/tpl-MNI152NLin2009cAsym/tpl-MNI152NLin2009cAsym_res-01_desc-brain_T1w.nii.gz and moving image: /home/mdugre/scratch/mri-registration-rp/datasets/ds004513/derivatives/mri-registration-rp/antsBrainExtraction/sub-s014/BrainExtractionBrain.nii.gz (type = Euler3DTransform)
=============================================================================
  number of levels = 1
  fixed image: /templateflow/tpl-MNI152NLin2009cAsym/tpl-MNI152NLin2009cAsym_res-01_desc-brain_T1w.nii.gz
  moving image: /home/mdugre/scratch/mri-registration-rp/datasets/ds004513/derivatives/mri-registration-rp/antsBrainExtraction/sub-s014/BrainExtractionBrain.nii.gz
Dimension = 3
Number of stages = 1
Use histogram matching = false
Winsorize image intensities = true
  Lower quantile = 0.005
  Upper quantile = 0.995


Stage 1 State
   Image metric = MattesMI
     Fixed image = Image (0x4e2ce70)
  RTTI typeinfo:   itk::Image<double, 3u>
  Reference Count: 2
  Modified Time: 2334
  Debug: Off
  Object Name: 
  Observers: 
    none
  Source: (none)
  Source output name: (none)
  Release Data: Off
  Data Released: False
  Global Release Data: Off
  PipelineMTime: 0
  UpdateMTime: 1943
  RealTimeStamp: 0 seconds 
  LargestPossibleRegion: 
    Dimension: 3
    Index: [0, 0, 0]
    Size: [193, 229, 193]
  BufferedRegion: 
    Dimension: 3
    Index: [0, 0, 0]
    Size: [193, 229, 193]
  RequestedRegion: 
    Dimension: 3
    Index: [0, 0, 0]
    Size: [193, 229, 193]
  Spacing: [1, 1, 1]
  Origin: [96, 132, -78]
  Direction: 
-1 0 0
0 -1 0
0 0 1

  IndexToPointMatrix: 
-1 0 0
0 -1 0
0 0 1

  PointToIndexMatrix: 
-1 0 0
0 -1 0
0 0 1

  Inverse Direction: 
-1 0 0
0 -1 0
0 0 1

  PixelContainer: 
    ImportImageContainer (0x4e39140)
      RTTI typeinfo:   itk::ImportImageContainer<unsigned long, double>
      Reference Count: 1
      Modified Time: 1940
      Debug: Off
      Object Name: 
      Observers: 
        none
      Pointer: 0x15293f233010
      Container manages memory: true
      Size: 8530021
      Capacity: 8530021

     Moving image = Image (0x4e36310)
  RTTI typeinfo:   itk::Image<double, 3u>
  Reference Count: 2
  Modified Time: 2335
  Debug: Off
  Object Name: 
  Observers: 
    none
  Source: (none)
  Source output name: (none)
  Release Data: Off
  Data Released: False
  Global Release Data: Off
  PipelineMTime: 0
  UpdateMTime: 2332
  RealTimeStamp: 0 seconds 
  LargestPossibleRegion: 
    Dimension: 3
    Index: [0, 0, 0]
    Size: [160, 240, 256]
  BufferedRegion: 
    Dimension: 3
    Index: [0, 0, 0]
    Size: [160, 240, 256]
  RequestedRegion: 
    Dimension: 3
    Index: [0, 0, 0]
    Size: [160, 240, 256]
  Spacing: [0.999999, 1, 1]
  Origin: [84.1637, 106.709, -120.531]
  Direction: 
-0.999619 -0.0226874 -0.0157033
0.0226846 -0.999743 0.00035635
-0.0157073 -7.8229e-09 0.999877

  IndexToPointMatrix: 
-0.999619 -0.0226874 -0.0157033
0.0226845 -0.999743 0.00035635
-0.0157073 -7.8229e-09 0.999877

  PointToIndexMatrix: 
-0.99962 0.0226846 -0.0157073
-0.0226874 -0.999743 -7.83127e-09
-0.0157033 0.00035635 0.999877

  Inverse Direction: 
-0.999619 0.0226846 -0.0157073
-0.0226874 -0.999743 -7.83127e-09
-0.0157033 0.00035635 0.999877

  PixelContainer: 
    ImportImageContainer (0x4f61610)
      RTTI typeinfo:   itk::ImportImageContainer<unsigned long, double>
      Reference Count: 1
      Modified Time: 2329
      Debug: Off
      Object Name: 
      Observers: 
        none
      Pointer: 0x15293a732010
      Container manages memory: true
      Size: 9830400
      Capacity: 9830400

     Weighting = 1
     Sampling strategy = regular
     Number of bins = 32
     Radius = 4
     Sampling percentage  = 0.25
   Transform = Rigid
     Gradient step = 0.1
     Update field sigma (voxel space) = 0
     Total field sigma (voxel space) = 0
     Update field time sigma = 0
     Total field time sigma  = 0
     Number of time indices = 0
     Number of time point samples = 0
Registration using 1 total stages.

Stage 0
  iterations = 0
  convergence threshold = 1e-06
  convergence window size = 10
  number of levels = 1
  using the Mattes MI metric (number of bins = 32, weight = 1, use gradient filter = 0)
  preprocessing:  winsorizing the image intensities
  Shrink factors (level 1 out of 1): [1, 1, 1]
  smoothing sigmas per level: [0]
  regular sampling (percentage = 0.25)

*** Running Euler3DTransform registration ***

  Elapsed time (stage 0): 1.14227


Total elapsed time: 1.14452
Info [verificarlo]: loaded backend libinterflop_ieee.so
Info [interflop-ieee]: load backend with:
Info [interflop-ieee]: debug = false
Info [interflop-ieee]: debug-binary = false
Info [interflop-ieee]: no-backend-name = false
Info [interflop-ieee]: print-new-line = false
Info [interflop-ieee]: print-subnormal-normalized = false
Info [interflop-ieee]: count-op = false
All_Command_lines_OK
Using double precision for computations.
=============================================================================
The composite transform comprises the following transforms (in order): 
  1. /home/mdugre/scratch/mri-registration-rp/datasets/ds004513/derivatives/mri-registration-rp/0001/antsRegistration-r8-p18/sub-s014/align_Composite.h5[0] (type = Euler3DTransform)
  2. /home/mdugre/scratch/mri-registration-rp/datasets/ds004513/derivatives/mri-registration-rp/0001/antsRegistration-r8-p18/sub-s014/align_Composite.h5[1] (type = Euler3DTransform)
=============================================================================
  number of levels = 4
  fixed image: /templateflow/tpl-MNI152NLin2009cAsym/tpl-MNI152NLin2009cAsym_res-01_desc-brain_T1w.nii.gz
  moving image: /home/mdugre/scratch/mri-registration-rp/datasets/ds004513/derivatives/mri-registration-rp/antsBrainExtraction/sub-s014/BrainExtractionBrain.nii.gz
Dimension = 3
Number of stages = 1
Use histogram matching = false
Winsorize image intensities = true
  Lower quantile = 0.005
  Upper quantile = 0.995


Stage 1 State
   Image metric = MattesMI
     Fixed image = Image (0x364c530)
  RTTI typeinfo:   itk::Image<double, 3u>
  Reference Count: 2
  Modified Time: 1580
  Debug: Off
  Object Name: 
  Observers: 
    none
  Source: (none)
  Source output name: (none)
  Release Data: Off
  Data Released: False
  Global Release Data: Off
  PipelineMTime: 0
  UpdateMTime: 1189
  RealTimeStamp: 0 seconds 
  LargestPossibleRegion: 
    Dimension: 3
    Index: [0, 0, 0]
    Size: [193, 229, 193]
  BufferedRegion: 
    Dimension: 3
    Index: [0, 0, 0]
    Size: [193, 229, 193]
  RequestedRegion: 
    Dimension: 3
    Index: [0, 0, 0]
    Size: [193, 229, 193]
  Spacing: [1, 1, 1]
  Origin: [96, 132, -78]
  Direction: 
-1 0 0
0 -1 0
0 0 1

  IndexToPointMatrix: 
-1 0 0
0 -1 0
0 0 1

  PointToIndexMatrix: 
-1 0 0
0 -1 0
0 0 1

  Inverse Direction: 
-1 0 0
0 -1 0
0 0 1

  PixelContainer: 
    ImportImageContainer (0x370ad60)
      RTTI typeinfo:   itk::ImportImageContainer<unsigned long, double>
      Reference Count: 1
      Modified Time: 1186
      Debug: Off
      Object Name: 
      Observers: 
        none
      Pointer: 0x1491796ba010
      Container manages memory: true
      Size: 8530021
      Capacity: 8530021

     Moving image = Image (0x36fcf60)
  RTTI typeinfo:   itk::Image<double, 3u>
  Reference Count: 2
  Modified Time: 1581
  Debug: Off
  Object Name: 
  Observers: 
    none
  Source: (none)
  Source output name: (none)
  Release Data: Off
  Data Released: False
  Global Release Data: Off
  PipelineMTime: 0
  UpdateMTime: 1578
  RealTimeStamp: 0 seconds 
  LargestPossibleRegion: 
    Dimension: 3
    Index: [0, 0, 0]
    Size: [160, 240, 256]
  BufferedRegion: 
    Dimension: 3
    Index: [0, 0, 0]
    Size: [160, 240, 256]
  RequestedRegion: 
    Dimension: 3
    Index: [0, 0, 0]
    Size: [160, 240, 256]
  Spacing: [0.999999, 1, 1]
  Origin: [84.1637, 106.709, -120.531]
  Direction: 
-0.999619 -0.0226874 -0.0157033
0.0226846 -0.999743 0.00035635
-0.0157073 -7.8229e-09 0.999877

  IndexToPointMatrix: 
-0.999619 -0.0226874 -0.0157033
0.0226845 -0.999743 0.00035635
-0.0157073 -7.8229e-09 0.999877

  PointToIndexMatrix: 
-0.99962 0.0226846 -0.0157073
-0.0226874 -0.999743 -7.83127e-09
-0.0157033 0.00035635 0.999877

  Inverse Direction: 
-0.999619 0.0226846 -0.0157073
-0.0226874 -0.999743 -7.83127e-09
-0.0157033 0.00035635 0.999877

  PixelContainer: 
    ImportImageContainer (0x36ee6d0)
      RTTI typeinfo:   itk::ImportImageContainer<unsigned long, double>
      Reference Count: 1
      Modified Time: 1575
      Debug: Off
      Object Name: 
      Observers: 
        none
      Pointer: 0x149174bb9010
      Container manages memory: true
      Size: 9830400
      Capacity: 9830400

     Weighting = 1
     Sampling strategy = regular
     Number of bins = 32
     Radius = 4
     Sampling percentage  = 0.25
   Transform = Rigid
     Gradient step = 0.1
     Update field sigma (voxel space) = 0
     Total field sigma (voxel space) = 0
     Update field time sigma = 0
     Total field time sigma  = 0
     Number of time indices = 0
     Number of time point samples = 0
Registration using 1 total stages.

Stage 0
  iterations = 1000x500x250x100
  convergence threshold = 1e-06
  convergence window size = 10
  number of levels = 4
  using the Mattes MI metric (number of bins = 32, weight = 1, use gradient filter = 0)
  preprocessing:  winsorizing the image intensities
  Shrink factors (level 1 out of 4): [8, 8, 8]
  Shrink factors (level 2 out of 4): [4, 4, 4]
  Shrink factors (level 3 out of 4): [2, 2, 2]
  Shrink factors (level 4 out of 4): [1, 1, 1]
  smoothing sigmas per level: [3, 2, 1, 0]
  regular sampling (percentage = 0.25)

*** Running Euler3DTransform registration ***

DIAGNOSTIC,Iteration,metricValue,convergenceValue,ITERATION_TIME_INDEX,SINCE_LAST
 2DIAGNOSTIC,     1, -4.770821406565e-01, 1.797693134862e+308, 7.2065e-01, 7.2065e-01, 
 2DIAGNOSTIC,     2, -4.784216133942e-01, 1.797693134862e+308, 7.2526e-01, 4.6151e-03, 
 2DIAGNOSTIC,     3, -4.807043200681e-01, 1.797693134862e+308, 7.2974e-01, 4.4830e-03, 
 2DIAGNOSTIC,     4, -4.840264478065e-01, 1.797693134862e+308, 7.3417e-01, 4.4270e-03, 
 2DIAGNOSTIC,     5, -4.883050305770e-01, 1.797693134862e+308, 7.3858e-01, 4.4119e-03, 
 2DIAGNOSTIC,     6, -4.953560426371e-01, 1.797693134862e+308, 7.4405e-01, 5.4691e-03, 
 2DIAGNOSTIC,     7, -5.007350570384e-01, 1.797693134862e+308, 7.4863e-01, 4.5760e-03, 
 2DIAGNOSTIC,     8, -5.013278569503e-01, 1.797693134862e+308, 7.5316e-01, 4.5331e-03, 
 2DIAGNOSTIC,     9, -5.085255256006e-01, 1.797693134862e+308, 7.5832e-01, 5.1630e-03, 
 2DIAGNOSTIC,    10, -5.161992633656e-01, 5.125196520979e-03, 7.6499e-01, 6.6640e-03, 
 2DIAGNOSTIC,    11, -5.167072941437e-01, 4.879252931146e-03, 7.6968e-01, 4.6959e-03, 
 2DIAGNOSTIC,    12, -5.203629876260e-01, 4.481282734468e-03, 7.7437e-01, 4.6840e-03, 
 2DIAGNOSTIC,    13, -5.229718709777e-01, 3.958672533579e-03, 7.7898e-01, 4.6079e-03, 
 2DIAGNOSTIC,    14, -5.250338110829e-01, 3.368007801722e-03, 7.8425e-01, 5.2731e-03, 
 2DIAGNOSTIC,    15, -5.272078697647e-01, 2.786121483390e-03, 7.9127e-01, 7.0219e-03, 
 2DIAGNOSTIC,    16, -5.275715603977e-01, 2.284098302162e-03, 7.9579e-01, 4.5180e-03, 
 2DIAGNOSTIC,    17, -5.282507656511e-01, 1.839921123739e-03, 8.0040e-01, 4.6129e-03, 
 2DIAGNOSTIC,    18, -5.289722876065e-01, 1.313912041896e-03, 8.0552e-01, 5.1160e-03, 
 2DIAGNOSTIC,    19, -5.292207410111e-01, 9.370568707344e-04, 8.1054e-01, 5.0268e-03, 
 2DIAGNOSTIC,    20, -5.294476960672e-01, 7.341365573342e-04, 8.1564e-01, 5.0950e-03, 
 2DIAGNOSTIC,    21, -5.294955840903e-01, 4.966190831879e-04, 8.2004e-01, 4.4000e-03, 
 2DIAGNOSTIC,    22, -5.295366245031e-01, 3.281311959339e-04, 8.2506e-01, 5.0211e-03, 
 2DIAGNOSTIC,    23, -5.295376311909e-01, 2.063244245672e-04, 8.3014e-01, 5.0828e-03, 
 2DIAGNOSTIC,    24, -5.295911249027e-01, 1.234508389557e-04, 8.3513e-01, 4.9851e-03, 
 2DIAGNOSTIC,    25, -5.296271130647e-01, 8.499150549798e-05, 8.4015e-01, 5.0189e-03, 
 2DIAGNOSTIC,    26, -5.296539599385e-01, 4.983583932645e-05, 8.4456e-01, 4.4150e-03, 
 2DIAGNOSTIC,    27, -5.297704229811e-01, 2.877322816124e-05, 8.4895e-01, 4.3919e-03, 
 2DIAGNOSTIC,    28, -5.299884954871e-01, 2.504887533351e-05, 8.5509e-01, 6.1319e-03, 
 2DIAGNOSTIC,    29, -5.300854192463e-01, 2.569611953825e-05, 8.6006e-01, 4.9720e-03, 
 2DIAGNOSTIC,    30, -5.300410324622e-01, 2.732899345821e-05, 8.6448e-01, 4.4188e-03, 
 2DIAGNOSTIC,    31, -5.300376932143e-01, 2.724560549797e-05, 8.6900e-01, 4.5180e-03, 
 2DIAGNOSTIC,    32, -5.301686264233e-01, 2.763232919906e-05, 8.7371e-01, 4.7140e-03, 
 2DIAGNOSTIC,    33, -5.303926738418e-01, 2.905769096807e-05, 8.7910e-01, 5.3880e-03, 
 2DIAGNOSTIC,    34, -5.304519664598e-01, 2.945835347767e-05, 8.8441e-01, 5.3101e-03, 
 2DIAGNOSTIC,    35, -5.305073139181e-01, 2.868169327454e-05, 8.8869e-01, 4.2789e-03, 
 2DIAGNOSTIC,    36, -5.305686017146e-01, 2.670517372049e-05, 8.9293e-01, 4.2431e-03, 
 2DIAGNOSTIC,    37, -5.306602858940e-01, 2.533264911195e-05, 8.9880e-01, 5.8699e-03, 
 2DIAGNOSTIC,    38, -5.306881156229e-01, 2.512162424139e-05, 9.0314e-01, 4.3409e-03, 
 2DIAGNOSTIC,    39, -5.307317416633e-01, 2.461885298008e-05, 9.0744e-01, 4.2951e-03, 
 2DIAGNOSTIC,    40, -5.308225091353e-01, 2.257034275984e-05, 9.1326e-01, 5.8241e-03, 
 2DIAGNOSTIC,    41, -5.308460424124e-01, 1.877385526289e-05, 9.1758e-01, 4.3190e-03, 
 2DIAGNOSTIC,    42, -5.308561837321e-01, 1.520831957820e-05, 9.2192e-01, 4.3399e-03, 
 2DIAGNOSTIC,    43, -5.308777649273e-01, 1.355835177820e-05, 9.2623e-01, 4.3139e-03, 
 2DIAGNOSTIC,    44, -5.309114036110e-01, 1.190613944983e-05, 9.3059e-01, 4.3609e-03, 
 2DIAGNOSTIC,    45, -5.310262965518e-01, 1.129423567186e-05, 9.3748e-01, 6.8879e-03, 
 2DIAGNOSTIC,    46, -5.310374074445e-01, 1.049838942550e-05, 9.4178e-01, 4.2961e-03, 
 2DIAGNOSTIC,    47, -5.310434720121e-01, 9.962263454264e-06, 9.4614e-01, 4.3669e-03, 
 2DIAGNOSTIC,    48, -5.310518853633e-01, 8.989886109662e-06, 9.5045e-01, 4.3042e-03, 
 2DIAGNOSTIC,    49, -5.310584329536e-01, 7.783359502904e-06, 9.5576e-01, 5.3148e-03, 
 2DIAGNOSTIC,    50, -5.310645817646e-01, 6.973833584188e-06, 9.6169e-01, 5.9249e-03, 
 2DIAGNOSTIC,    51, -5.310656430617e-01, 5.851695600512e-06, 9.6596e-01, 4.2701e-03, 
 2DIAGNOSTIC,    52, -5.310738190001e-01, 4.481863509726e-06, 9.7096e-01, 5.0049e-03, 
 2DIAGNOSTIC,    53, -5.310768127969e-01, 3.049471521414e-06, 9.7530e-01, 4.3380e-03, 
 2DIAGNOSTIC,    54, -5.310775506016e-01, 1.750844720184e-06, 9.7960e-01, 4.2951e-03, 
 2DIAGNOSTIC,    55, -5.310817434211e-01, 1.565716413059e-06, 9.8391e-01, 4.3170e-03, 
 2DIAGNOSTIC,    56, -5.310870994121e-01, 1.452195857492e-06, 9.8878e-01, 4.8709e-03, 
 2DIAGNOSTIC,    57, -5.310885232962e-01, 1.327089154884e-06, 9.9366e-01, 4.8790e-03, 
 2DIAGNOSTIC,    58, -5.310914487850e-01, 1.238639651006e-06, 9.9856e-01, 4.8962e-03, 
 2DIAGNOSTIC,    59, -5.311015678587e-01, 1.240623596535e-06, 1.0039e+00, 5.3718e-03, 
 2DIAGNOSTIC,    60, -5.311021904297e-01, 1.235244578894e-06, 1.0086e+00, 4.6480e-03, 
 2DIAGNOSTIC,    61, -5.311059901820e-01, 1.204917779080e-06, 1.0221e+00, 1.3568e-02, 
 2DIAGNOSTIC,    62, -5.311059901659e-01, 1.182103197373e-06, 1.0356e+00, 1.3453e-02, 
 2DIAGNOSTIC,    63, -5.311059901659e-01, 1.122797857810e-06, 1.0409e+00, 5.2681e-03, 
 2DIAGNOSTIC,    64, -5.311059901659e-01, 1.011506956528e-06, 1.0456e+00, 4.7760e-03, 
DIAGNOSTIC,Iteration,metricValue,convergenceValue,ITERATION_TIME_INDEX,SINCE_LAST
 2DIAGNOSTIC,     1, -4.295258231625e-01, 1.797693134862e+308, 1.7681e+00, 7.2250e-01, 
 2DIAGNOSTIC,     2, -4.302859640431e-01, 1.797693134862e+308, 1.7984e+00, 3.0264e-02, 
 2DIAGNOSTIC,     3, -4.309651196675e-01, 1.797693134862e+308, 1.8280e+00, 2.9606e-02, 
 2DIAGNOSTIC,     4, -4.317164347764e-01, 1.797693134862e+308, 1.8580e+00, 2.9938e-02, 
 2DIAGNOSTIC,     5, -4.325561938345e-01, 1.797693134862e+308, 1.8925e+00, 3.4585e-02, 
 2DIAGNOSTIC,     6, -4.341819580778e-01, 1.797693134862e+308, 1.9250e+00, 3.2452e-02, 
 2DIAGNOSTIC,     7, -4.354327949460e-01, 1.797693134862e+308, 1.9562e+00, 3.1257e-02, 
 2DIAGNOSTIC,     8, -4.367134834399e-01, 1.797693134862e+308, 1.9925e+00, 3.6283e-02, 
 2DIAGNOSTIC,     9, -4.377076816052e-01, 1.797693134862e+308, 2.0363e+00, 4.3758e-02, 
 2DIAGNOSTIC,    10, -4.379510214292e-01, 1.375954781895e-03, 2.0694e+00, 3.3092e-02, 
 2DIAGNOSTIC,    11, -4.381306699706e-01, 1.211218579675e-03, 2.1004e+00, 3.1024e-02, 
 2DIAGNOSTIC,    12, -4.403708091229e-01, 1.128184042320e-03, 2.1370e+00, 3.6607e-02, 
 2DIAGNOSTIC,    13, -4.435986505933e-01, 1.148562288919e-03, 2.1823e+00, 4.5246e-02, 
 2DIAGNOSTIC,    14, -4.436199448393e-01, 1.094787364166e-03, 2.2222e+00, 3.9946e-02, 
 2DIAGNOSTIC,    15, -4.445052017897e-01, 1.025845796801e-03, 2.2613e+00, 3.9098e-02, 
 2DIAGNOSTIC,    16, -4.479362667438e-01, 1.077370595822e-03, 2.3127e+00, 5.1440e-02, 
 2DIAGNOSTIC,    17, -4.481475950975e-01, 1.073587593640e-03, 2.3472e+00, 3.4453e-02, 
 2DIAGNOSTIC,    18, -4.482020490568e-01, 1.018146305760e-03, 2.3852e+00, 3.8005e-02, 
 2DIAGNOSTIC,    19, -4.481966708846e-01, 9.107728248646e-04, 2.4463e+00, 6.1128e-02, 
 2DIAGNOSTIC,    20, -4.481953336205e-01, 7.394369060783e-04, 2.4780e+00, 3.1628e-02, 
 2DIAGNOSTIC,    21, -4.481954334406e-01, 5.189437695386e-04, 2.5171e+00, 3.9189e-02, 
 2DIAGNOSTIC,    22, -4.482018534078e-01, 3.337448800333e-04, 2.5511e+00, 3.3962e-02, 
 2DIAGNOSTIC,    23, -4.481921491933e-01, 2.259319877167e-04, 2.5825e+00, 3.1376e-02, 
 2DIAGNOSTIC,    24, -4.482074312946e-01, 1.077320600529e-04, 2.6146e+00, 3.2107e-02, 
 2DIAGNOSTIC,    25, -4.482144438983e-01, 9.691655330026e-06, 2.6473e+00, 3.2751e-02, 
 2DIAGNOSTIC,    26, -4.482116709881e-01, 3.273678243314e-06, 2.6851e+00, 3.7737e-02, 
 2DIAGNOSTIC,    27, -4.482088353347e-01, 2.084624290126e-06, 2.7247e+00, 3.9596e-02, 
 2DIAGNOSTIC,    28, -4.482139219717e-01, 2.274301698905e-06, 2.7595e+00, 3.4822e-02, 
 2DIAGNOSTIC,    29, -4.482420866048e-01, 2.842583407187e-06, 2.8017e+00, 4.2173e-02, 
 2DIAGNOSTIC,    30, -4.482455732322e-01, 3.232684089131e-06, 2.8387e+00, 3.7007e-02, 
 2DIAGNOSTIC,    31, -4.482405886069e-01, 3.298135927553e-06, 2.8733e+00, 3.4604e-02, 
 2DIAGNOSTIC,    32, -4.482290914478e-01, 3.068919495912e-06, 2.9132e+00, 3.9883e-02, 
 2DIAGNOSTIC,    33, -4.482261087045e-01, 2.406542494490e-06, 2.9517e+00, 3.8534e-02, 
 2DIAGNOSTIC,    34, -4.482147420880e-01, 1.704266716730e-06, 2.9885e+00, 3.6783e-02, 
 2DIAGNOSTIC,    35, -4.482170221252e-01, 1.142410643494e-06, 3.0172e+00, 2.8695e-02, 
DIAGNOSTIC,Iteration,metricValue,convergenceValue,ITERATION_TIME_INDEX,SINCE_LAST
 2DIAGNOSTIC,     1, -3.932184618219e-01, 1.797693134862e+308, 4.1975e+00, 1.1803e+00, 
 2DIAGNOSTIC,     2, -3.933350080181e-01, 1.797693134862e+308, 4.4396e+00, 2.4207e-01, 
 2DIAGNOSTIC,     3, -3.934316047111e-01, 1.797693134862e+308, 4.7293e+00, 2.8972e-01, 
 2DIAGNOSTIC,     4, -3.934445201007e-01, 1.797693134862e+308, 5.0585e+00, 3.2919e-01, 
 2DIAGNOSTIC,     5, -3.934561040697e-01, 1.797693134862e+308, 5.3549e+00, 2.9644e-01, 
 2DIAGNOSTIC,     6, -3.934557399739e-01, 1.797693134862e+308, 5.6910e+00, 3.3607e-01, 
 2DIAGNOSTIC,     7, -3.934568947182e-01, 1.797693134862e+308, 6.1379e+00, 4.4686e-01, 
 2DIAGNOSTIC,     8, -3.934560025998e-01, 1.797693134862e+308, 6.4093e+00, 2.7139e-01, 
 2DIAGNOSTIC,     9, -3.934553706705e-01, 1.797693134862e+308, 6.7408e+00, 3.3149e-01, 
 2DIAGNOSTIC,    10, -3.934548435088e-01, 2.950388302765e-05, 7.0185e+00, 2.7776e-01, 
 2DIAGNOSTIC,    11, -3.934535150126e-01, 1.251787720599e-05, 7.2938e+00, 2.7527e-01, 
 2DIAGNOSTIC,    12, -3.934529103046e-01, 4.334106911918e-06, 7.5724e+00, 2.7860e-01, 
 2DIAGNOSTIC,    13, -3.934523311610e-01, 2.580302148350e-06, 7.8025e+00, 2.3014e-01, 
 2DIAGNOSTIC,    14, -3.934518640167e-01, 1.691075436142e-06, 8.0829e+00, 2.8035e-01, 
 2DIAGNOSTIC,    15, -3.934519733700e-01, 1.537715201005e-06, 8.2992e+00, 2.1636e-01, 
 2DIAGNOSTIC,    16, -3.934513608819e-01, 1.410840025640e-06, 8.5326e+00, 2.3338e-01, 
 2DIAGNOSTIC,    17, -3.934508379532e-01, 1.380509598331e-06, 8.7929e+00, 2.6032e-01, 
 2DIAGNOSTIC,    18, -3.934502559020e-01, 1.340256956472e-06, 9.0508e+00, 2.5781e-01, 
 2DIAGNOSTIC,    19, -3.934497851014e-01, 1.301860495510e-06, 9.3327e+00, 2.8196e-01, 
 2DIAGNOSTIC,    20, -3.934499620892e-01, 1.290039409185e-06, 9.5893e+00, 2.5659e-01, 
 2DIAGNOSTIC,    21, -3.934502604189e-01, 1.271710317281e-06, 9.8339e+00, 2.4459e-01, 
 2DIAGNOSTIC,    22, -3.934498714858e-01, 1.245514224611e-06, 1.0107e+01, 2.7344e-01, 
 2DIAGNOSTIC,    23, -3.934501306494e-01, 1.231426922821e-06, 1.0374e+01, 2.6643e-01, 
 2DIAGNOSTIC,    24, -3.934495534964e-01, 1.200792372667e-06, 1.0634e+01, 2.6007e-01, 
 2DIAGNOSTIC,    25, -3.934490926875e-01, 1.174527760071e-06, 1.0901e+01, 2.6746e-01, 
 2DIAGNOSTIC,    26, -3.934495815553e-01, 1.156238083305e-06, 1.1196e+01, 2.9474e-01, 
 2DIAGNOSTIC,    27, -3.934510332148e-01, 1.170201586728e-06, 1.1519e+01, 3.2324e-01, 
 2DIAGNOSTIC,    28, -3.934498669519e-01, 1.138213949141e-06, 1.1757e+01, 2.3759e-01, 
 2DIAGNOSTIC,    29, -3.934494067180e-01, 1.086573178051e-06, 1.2031e+01, 2.7397e-01, 
 2DIAGNOSTIC,    30, -3.934490070258e-01, 1.034518146772e-06, 1.2331e+01, 3.0018e-01, 
 2DIAGNOSTIC,    31, -3.934493551477e-01, 1.002859534353e-06, 1.2583e+01, 2.5202e-01, 
 2DIAGNOSTIC,    32, -3.934514388253e-01, 1.012149850016e-06, 1.2841e+01, 2.5803e-01, 
 2DIAGNOSTIC,    33, -3.934519790933e-01, 1.036071882309e-06, 1.3105e+01, 2.6418e-01, 
 2DIAGNOSTIC,    34, -3.934514161309e-01, 1.029042882631e-06, 1.3383e+01, 2.7806e-01, 
 2DIAGNOSTIC,    35, -3.934525147690e-01, 1.027695384802e-06, 1.3669e+01, 2.8574e-01, 
 2DIAGNOSTIC,    36, -3.934539683282e-01, 1.051995542230e-06, 1.4003e+01, 3.3371e-01, 
 2DIAGNOSTIC,    37, -3.934536116726e-01, 1.079271388385e-06, 1.4292e+01, 2.8900e-01, 
 2DIAGNOSTIC,    38, -3.934525130116e-01, 1.042002311335e-06, 1.4584e+01, 2.9240e-01, 
DIAGNOSTIC,Iteration,metricValue,convergenceValue,ITERATION_TIME_INDEX,SINCE_LAST
 2DIAGNOSTIC,     1, -3.660000231607e-01, 1.797693134862e+308, 1.7209e+01, 2.6244e+00, 
 2DIAGNOSTIC,     2, -3.661006044543e-01, 1.797693134862e+308, 1.8912e+01, 1.7031e+00, 
 2DIAGNOSTIC,     3, -3.661940053283e-01, 1.797693134862e+308, 2.0705e+01, 1.7932e+00, 
 2DIAGNOSTIC,     4, -3.662025643786e-01, 1.797693134862e+308, 2.3762e+01, 3.0570e+00, 
 2DIAGNOSTIC,     5, -3.662022977206e-01, 1.797693134862e+308, 2.6001e+01, 2.2394e+00, 
 2DIAGNOSTIC,     6, -3.662022733070e-01, 1.797693134862e+308, 2.7890e+01, 1.8891e+00, 
 2DIAGNOSTIC,     7, -3.662021510230e-01, 1.797693134862e+308, 2.9724e+01, 1.8336e+00, 
 2DIAGNOSTIC,     8, -3.662021104590e-01, 1.797693134862e+308, 3.1585e+01, 1.8607e+00, 
 2DIAGNOSTIC,     9, -3.662019867432e-01, 1.797693134862e+308, 3.3364e+01, 1.7789e+00, 
 2DIAGNOSTIC,    10, -3.662019340490e-01, 2.615307443070e-05, 3.4865e+01, 1.5016e+00, 
 2DIAGNOSTIC,    11, -3.662019021216e-01, 1.049209198985e-05, 3.6586e+01, 1.7207e+00, 
 2DIAGNOSTIC,    12, -3.662017877664e-01, 3.091361924265e-06, 3.8341e+01, 1.7555e+00, 
 2DIAGNOSTIC,    13, -3.662019075508e-01, 2.358435320662e-06, 4.0121e+01, 1.7793e+00, 
 2DIAGNOSTIC,    14, -3.662018586932e-01, 2.210206259304e-06, 4.1942e+01, 1.8216e+00, 
 2DIAGNOSTIC,    15, -3.662018919959e-01, 2.075386455150e-06, 4.3746e+01, 1.8040e+00, 
 2DIAGNOSTIC,    16, -3.662018421202e-01, 1.958104275473e-06, 4.5384e+01, 1.6380e+00, 
 2DIAGNOSTIC,    17, -3.662017315484e-01, 1.846828501510e-06, 4.6947e+01, 1.5633e+00, 
 2DIAGNOSTIC,    18, -3.662016584369e-01, 1.745449657725e-06, 4.8714e+01, 1.7662e+00, 
 2DIAGNOSTIC,    19, -3.662015876148e-01, 1.648798700314e-06, 5.0479e+01, 1.7654e+00, 
 2DIAGNOSTIC,    20, -3.662013732748e-01, 1.553843687843e-06, 5.2067e+01, 1.5876e+00, 
 2DIAGNOSTIC,    21, -3.662013254758e-01, 1.468744400934e-06, 5.4171e+01, 2.1039e+00, 
 2DIAGNOSTIC,    22, -3.662011170184e-01, 1.384171150268e-06, 5.5766e+01, 1.5958e+00, 
 2DIAGNOSTIC,    23, -3.662008967084e-01, 1.309503378830e-06, 5.7366e+01, 1.5995e+00, 
 2DIAGNOSTIC,    24, -3.662008589102e-01, 1.245215996884e-06, 5.9182e+01, 1.8158e+00, 
 2DIAGNOSTIC,    25, -3.662009022345e-01, 1.195923257820e-06, 6.0927e+01, 1.7455e+00, 
 2DIAGNOSTIC,    26, -3.662008588448e-01, 1.154782421499e-06, 6.2348e+01, 1.4205e+00, 
 2DIAGNOSTIC,    27, -3.662010886771e-01, 1.126687575993e-06, 6.4057e+01, 1.7090e+00, 
 2DIAGNOSTIC,    28, -3.662011544818e-01, 1.105168420036e-06, 6.5648e+01, 1.5911e+00, 
 2DIAGNOSTIC,    29, -3.662007271059e-01, 1.074819770845e-06, 6.7369e+01, 1.7218e+00, 
 2DIAGNOSTIC,    30, -3.662006710113e-01, 1.041888223571e-06, 6.9176e+01, 1.8061e+00, 
 2DIAGNOSTIC,    31, -3.662006079271e-01, 1.010052152216e-06, 7.1061e+01, 1.8852e+00, 
  Elapsed time (stage 0): 7.2079e+01


Total elapsed time: 7.2082e+01
Info [verificarlo]: loaded backend libinterflop_ieee.so
Info [interflop-ieee]: load backend with:
Info [interflop-ieee]: debug = false
Info [interflop-ieee]: debug-binary = false
Info [interflop-ieee]: no-backend-name = false
Info [interflop-ieee]: print-new-line = false
Info [interflop-ieee]: print-subnormal-normalized = false
Info [interflop-ieee]: count-op = false
All_Command_lines_OK
Using double precision for computations.
=============================================================================
The composite transform comprises the following transforms (in order): 
  1. /home/mdugre/scratch/mri-registration-rp/datasets/ds004513/derivatives/mri-registration-rp/0001/antsRegistration-r8-p18/sub-s014/rigid_Composite.h5[0] (type = Euler3DTransform)
  2. /home/mdugre/scratch/mri-registration-rp/datasets/ds004513/derivatives/mri-registration-rp/0001/antsRegistration-r8-p18/sub-s014/rigid_Composite.h5[1] (type = Euler3DTransform)
  3. /home/mdugre/scratch/mri-registration-rp/datasets/ds004513/derivatives/mri-registration-rp/0001/antsRegistration-r8-p18/sub-s014/rigid_Composite.h5[2] (type = Euler3DTransform)
=============================================================================
  number of levels = 4
  fixed image: /templateflow/tpl-MNI152NLin2009cAsym/tpl-MNI152NLin2009cAsym_res-01_desc-brain_T1w.nii.gz
  moving image: /home/mdugre/scratch/mri-registration-rp/datasets/ds004513/derivatives/mri-registration-rp/antsBrainExtraction/sub-s014/BrainExtractionBrain.nii.gz
Dimension = 3
Number of stages = 1
Use histogram matching = false
Winsorize image intensities = true
  Lower quantile = 0.005
  Upper quantile = 0.995


Stage 1 State
   Image metric = MattesMI
     Fixed image = Image (0x35917e0)
  RTTI typeinfo:   itk::Image<double, 3u>
  Reference Count: 2
  Modified Time: 1594
  Debug: Off
  Object Name: 
  Observers: 
    none
  Source: (none)
  Source output name: (none)
  Release Data: Off
  Data Released: False
  Global Release Data: Off
  PipelineMTime: 0
  UpdateMTime: 1203
  RealTimeStamp: 0 seconds 
  LargestPossibleRegion: 
    Dimension: 3
    Index: [0, 0, 0]
    Size: [193, 229, 193]
  BufferedRegion: 
    Dimension: 3
    Index: [0, 0, 0]
    Size: [193, 229, 193]
  RequestedRegion: 
    Dimension: 3
    Index: [0, 0, 0]
    Size: [193, 229, 193]
  Spacing: [1, 1, 1]
  Origin: [96, 132, -78]
  Direction: 
-1 0 0
0 -1 0
0 0 1

  IndexToPointMatrix: 
-1 0 0
0 -1 0
0 0 1

  PointToIndexMatrix: 
-1 0 0
0 -1 0
0 0 1

  Inverse Direction: 
-1 0 0
0 -1 0
0 0 1

  PixelContainer: 
    ImportImageContainer (0x3651a20)
      RTTI typeinfo:   itk::ImportImageContainer<unsigned long, double>
      Reference Count: 1
      Modified Time: 1200
      Debug: Off
      Object Name: 
      Observers: 
        none
      Pointer: 0x1459e185f010
      Container manages memory: true
      Size: 8530021
      Capacity: 8530021

     Moving image = Image (0x364cd70)
  RTTI typeinfo:   itk::Image<double, 3u>
  Reference Count: 2
  Modified Time: 1595
  Debug: Off
  Object Name: 
  Observers: 
    none
  Source: (none)
  Source output name: (none)
  Release Data: Off
  Data Released: False
  Global Release Data: Off
  PipelineMTime: 0
  UpdateMTime: 1592
  RealTimeStamp: 0 seconds 
  LargestPossibleRegion: 
    Dimension: 3
    Index: [0, 0, 0]
    Size: [160, 240, 256]
  BufferedRegion: 
    Dimension: 3
    Index: [0, 0, 0]
    Size: [160, 240, 256]
  RequestedRegion: 
    Dimension: 3
    Index: [0, 0, 0]
    Size: [160, 240, 256]
  Spacing: [0.999999, 1, 1]
  Origin: [84.1637, 106.709, -120.531]
  Direction: 
-0.999619 -0.0226874 -0.0157033
0.0226846 -0.999743 0.00035635
-0.0157073 -7.8229e-09 0.999877

  IndexToPointMatrix: 
-0.999619 -0.0226874 -0.0157033
0.0226845 -0.999743 0.00035635
-0.0157073 -7.8229e-09 0.999877

  PointToIndexMatrix: 
-0.99962 0.0226846 -0.0157073
-0.0226874 -0.999743 -7.83127e-09
-0.0157033 0.00035635 0.999877

  Inverse Direction: 
-0.999619 0.0226846 -0.0157073
-0.0226874 -0.999743 -7.83127e-09
-0.0157033 0.00035635 0.999877

  PixelContainer: 
    ImportImageContainer (0x3604c90)
      RTTI typeinfo:   itk::ImportImageContainer<unsigned long, double>
      Reference Count: 1
      Modified Time: 1589
      Debug: Off
      Object Name: 
      Observers: 
        none
      Pointer: 0x1459dcd5e010
      Container manages memory: true
      Size: 9830400
      Capacity: 9830400

     Weighting = 1
     Sampling strategy = regular
     Number of bins = 32
     Radius = 4
     Sampling percentage  = 0.25
   Transform = Affine
     Gradient step = 0.1
     Update field sigma (voxel space) = 0
     Total field sigma (voxel space) = 0
     Update field time sigma = 0
     Total field time sigma  = 0
     Number of time indices = 0
     Number of time point samples = 0
Registration using 1 total stages.

Stage 0
  iterations = 1000x500x250x100
  convergence threshold = 1e-06
  convergence window size = 10
  number of levels = 4
  using the Mattes MI metric (number of bins = 32, weight = 1, use gradient filter = 0)
  preprocessing:  winsorizing the image intensities
  Shrink factors (level 1 out of 4): [8, 8, 8]
  Shrink factors (level 2 out of 4): [4, 4, 4]
  Shrink factors (level 3 out of 4): [2, 2, 2]
  Shrink factors (level 4 out of 4): [1, 1, 1]
  smoothing sigmas per level: [3, 2, 1, 0]
  regular sampling (percentage = 0.25)

*** Running AffineTransform registration ***

DIAGNOSTIC,Iteration,metricValue,convergenceValue,ITERATION_TIME_INDEX,SINCE_LAST
 2DIAGNOSTIC,     1, -5.239750080533e-01, 1.797693134862e+308, 7.5428e-01, 7.5428e-01, 
 2DIAGNOSTIC,     2, -5.258640011140e-01, 1.797693134862e+308, 7.5924e-01, 4.9639e-03, 
 2DIAGNOSTIC,     3, -5.291088178401e-01, 1.797693134862e+308, 7.6522e-01, 5.9819e-03, 
 2DIAGNOSTIC,     4, -5.347710738852e-01, 1.797693134862e+308, 7.7030e-01, 5.0781e-03, 
 2DIAGNOSTIC,     5, -5.449383435047e-01, 1.797693134862e+308, 7.7543e-01, 5.1332e-03, 
 2DIAGNOSTIC,     6, -6.215305928829e-01, 1.797693134862e+308, 7.8065e-01, 5.2161e-03, 
 2DIAGNOSTIC,     7, -6.633610703800e-01, 1.797693134862e+308, 7.8588e-01, 5.2299e-03, 
 2DIAGNOSTIC,     8, -7.298997256152e-01, 1.797693134862e+308, 7.9308e-01, 7.2000e-03, 
 2DIAGNOSTIC,     9, -7.422520601775e-01, 1.797693134862e+308, 7.9836e-01, 5.2769e-03, 
 2DIAGNOSTIC,    10, -7.541337873224e-01, 2.915589932362e-02, 8.0398e-01, 5.6181e-03, 
 2DIAGNOSTIC,    11, -7.649021577861e-01, 2.764846859686e-02, 8.1023e-01, 6.2530e-03, 
 2DIAGNOSTIC,    12, -7.741613174251e-01, 2.434790584487e-02, 8.1762e-01, 7.3938e-03, 
 2DIAGNOSTIC,    13, -7.770749654382e-01, 1.968341197483e-02, 8.2372e-01, 6.0980e-03, 
 2DIAGNOSTIC,    14, -7.814240495554e-01, 1.436951114433e-02, 8.2916e-01, 5.4381e-03, 
 2DIAGNOSTIC,    15, -7.874240640243e-01, 9.014356828932e-03, 8.3612e-01, 6.9630e-03, 
 2DIAGNOSTIC,    16, -7.920940454332e-01, 5.733376109015e-03, 8.4174e-01, 5.6219e-03, 
 2DIAGNOSTIC,    17, -7.957348522674e-01, 3.442742429451e-03, 8.4740e-01, 5.6591e-03, 
 2DIAGNOSTIC,    18, -8.010582501245e-01, 2.769039672009e-03, 8.5424e-01, 6.8419e-03, 
 2DIAGNOSTIC,    19, -8.020626986793e-01, 2.204718004220e-03, 8.6076e-01, 6.5181e-03, 
 2DIAGNOSTIC,    20, -8.025890567146e-01, 1.748795401077e-03, 8.6635e-01, 5.5881e-03, 
 2DIAGNOSTIC,    21, -8.047955070367e-01, 1.424947854560e-03, 8.7293e-01, 6.5842e-03, 
 2DIAGNOSTIC,    22, -8.088027361162e-01, 1.241493871232e-03, 8.8026e-01, 7.3240e-03, 
 2DIAGNOSTIC,    23, -8.108243277439e-01, 1.042954788160e-03, 8.8592e-01, 5.6570e-03, 
 2DIAGNOSTIC,    24, -8.126173232579e-01, 8.657339372171e-04, 8.9147e-01, 5.5561e-03, 
 2DIAGNOSTIC,    25, -8.155466307124e-01, 7.640107208927e-04, 8.9756e-01, 6.0880e-03, 
 2DIAGNOSTIC,    26, -8.215065590316e-01, 7.575357595140e-04, 9.0300e-01, 5.4369e-03, 
 2DIAGNOSTIC,    27, -8.250965552580e-01, 7.800283211134e-04, 9.0903e-01, 6.0351e-03, 
 2DIAGNOSTIC,    28, -8.289071928908e-01, 8.532756599604e-04, 9.1571e-01, 6.6829e-03, 
 2DIAGNOSTIC,    29, -8.295851541327e-01, 8.638378372897e-04, 9.2117e-01, 5.4591e-03, 
 2DIAGNOSTIC,    30, -8.372795770663e-01, 8.974571418602e-04, 9.2726e-01, 6.0911e-03, 
 2DIAGNOSTIC,    31, -8.403345888982e-01, 9.046774377929e-04, 9.3569e-01, 8.4231e-03, 
 2DIAGNOSTIC,    32, -8.402197088238e-01, 8.715344378486e-04, 9.4155e-01, 5.8661e-03, 
 2DIAGNOSTIC,    33, -8.408485472056e-01, 7.906950439908e-04, 9.4804e-01, 6.4909e-03, 
 2DIAGNOSTIC,    34, -8.411944844770e-01, 6.644418619346e-04, 9.5334e-01, 5.2960e-03, 
 2DIAGNOSTIC,    35, -8.414350680147e-01, 5.151593150998e-04, 9.5917e-01, 5.8248e-03, 
 2DIAGNOSTIC,    36, -8.416712528112e-01, 3.896370689953e-04, 9.6500e-01, 5.8341e-03, 
 2DIAGNOSTIC,    37, -8.415835274348e-01, 2.702760569459e-04, 9.7026e-01, 5.2559e-03, 
 2DIAGNOSTIC,    38, -8.417528147721e-01, 1.724983514078e-04, 9.7549e-01, 5.2371e-03, 
 2DIAGNOSTIC,    39, -8.419029911367e-01, 6.995039162814e-05, 9.8073e-01, 5.2402e-03, 
 2DIAGNOSTIC,    40, -8.420473610146e-01, 3.831639740933e-05, 9.8614e-01, 5.4030e-03, 
 2DIAGNOSTIC,    41, -8.423317455305e-01, 3.505212179627e-05, 9.9203e-01, 5.8990e-03, 
 2DIAGNOSTIC,    42, -8.424961775717e-01, 2.901238025092e-05, 9.9730e-01, 5.2609e-03, 
 2DIAGNOSTIC,    43, -8.423004429365e-01, 2.425775885262e-05, 1.0037e+00, 6.3789e-03, 
 2DIAGNOSTIC,    44, -8.422978401145e-01, 2.039452841358e-05, 1.0191e+00, 1.5442e-02, 
 2DIAGNOSTIC,    45, -8.422978264740e-01, 1.673602226401e-05, 1.0244e+00, 5.2481e-03, 
 2DIAGNOSTIC,    46, -8.422978297326e-01, 1.358754531234e-05, 1.0296e+00, 5.2130e-03, 
 2DIAGNOSTIC,    47, -8.422978352451e-01, 8.645539287568e-06, 1.0348e+00, 5.2159e-03, 
 2DIAGNOSTIC,    48, -8.422978445648e-01, 4.492536236043e-06, 1.0400e+00, 5.2381e-03, 
 2DIAGNOSTIC,    49, -8.422978603192e-01, 1.298077487773e-06, 1.0453e+00, 5.3070e-03, 
DIAGNOSTIC,Iteration,metricValue,convergenceValue,ITERATION_TIME_INDEX,SINCE_LAST
 2DIAGNOSTIC,     1, -6.880687168918e-01, 1.797693134862e+308, 1.7977e+00, 7.5238e-01, 
 2DIAGNOSTIC,     2, -6.886939013736e-01, 1.797693134862e+308, 1.8395e+00, 4.1777e-02, 
 2DIAGNOSTIC,     3, -6.892110223045e-01, 1.797693134862e+308, 1.8794e+00, 3.9859e-02, 
 2DIAGNOSTIC,     4, -6.897132517438e-01, 1.797693134862e+308, 1.9184e+00, 3.9000e-02, 
 2DIAGNOSTIC,     5, -6.905630221163e-01, 1.797693134862e+308, 1.9584e+00, 4.0033e-02, 
 2DIAGNOSTIC,     6, -6.916105405461e-01, 1.797693134862e+308, 2.0016e+00, 4.3206e-02, 
 2DIAGNOSTIC,     7, -6.932344842936e-01, 1.797693134862e+308, 2.0714e+00, 6.9825e-02, 
 2DIAGNOSTIC,     8, -6.932389318567e-01, 1.797693134862e+308, 2.1106e+00, 3.9182e-02, 
 2DIAGNOSTIC,     9, -6.932738654348e-01, 1.797693134862e+308, 2.1510e+00, 4.0424e-02, 
 2DIAGNOSTIC,    10, -6.933213183633e-01, 5.747587393290e-04, 2.1945e+00, 4.3504e-02, 
 2DIAGNOSTIC,    11, -6.933557753391e-01, 4.614940832390e-04, 2.2393e+00, 4.4725e-02, 
 2DIAGNOSTIC,    12, -6.933718836530e-01, 3.471200324529e-04, 2.2828e+00, 4.3563e-02, 
 2DIAGNOSTIC,    13, -6.934065933071e-01, 2.369661320218e-04, 2.3266e+00, 4.3763e-02, 
 2DIAGNOSTIC,    14, -6.934363920676e-01, 1.373055219712e-04, 2.3654e+00, 3.8785e-02, 
 2DIAGNOSTIC,    15, -6.935497193029e-01, 6.469426162509e-05, 2.4061e+00, 4.0748e-02, 
 2DIAGNOSTIC,    16, -6.936289021518e-01, 2.310558972130e-05, 2.4467e+00, 4.0594e-02, 
 2DIAGNOSTIC,    17, -6.936192853330e-01, 2.347697675051e-05, 2.4901e+00, 4.3429e-02, 
 2DIAGNOSTIC,    18, -6.936223357066e-01, 2.203858639550e-05, 2.5300e+00, 3.9827e-02, 
 2DIAGNOSTIC,    19, -6.936147588576e-01, 1.945097388483e-05, 2.5730e+00, 4.3029e-02, 
 2DIAGNOSTIC,    20, -6.936189418793e-01, 1.648072956931e-05, 2.6156e+00, 4.2596e-02, 
 2DIAGNOSTIC,    21, -6.936099557626e-01, 1.287682103948e-05, 2.6571e+00, 4.1513e-02, 
 2DIAGNOSTIC,    22, -6.936024867542e-01, 8.725074292289e-06, 2.7007e+00, 4.3620e-02, 
 2DIAGNOSTIC,    23, -6.936178492811e-01, 5.183177843759e-06, 2.7443e+00, 4.3617e-02, 
 2DIAGNOSTIC,    24, -6.936075482116e-01, 1.862565440117e-06, 2.7836e+00, 3.9285e-02, 
DIAGNOSTIC,Iteration,metricValue,convergenceValue,ITERATION_TIME_INDEX,SINCE_LAST
 2DIAGNOSTIC,     1, -5.883207716931e-01, 1.797693134862e+308, 4.0491e+00, 1.2655e+00, 
 2DIAGNOSTIC,     2, -5.889700501723e-01, 1.797693134862e+308, 4.3933e+00, 3.4422e-01, 
 2DIAGNOSTIC,     3, -5.897073730591e-01, 1.797693134862e+308, 4.7384e+00, 3.4511e-01, 
 2DIAGNOSTIC,     4, -5.905580140088e-01, 1.797693134862e+308, 5.0578e+00, 3.1934e-01, 
 2DIAGNOSTIC,     5, -5.916819761340e-01, 1.797693134862e+308, 5.4058e+00, 3.4801e-01, 
 2DIAGNOSTIC,     6, -5.937981839875e-01, 1.797693134862e+308, 5.8766e+00, 4.7082e-01, 
 2DIAGNOSTIC,     7, -5.938450320044e-01, 1.797693134862e+308, 6.3936e+00, 5.1697e-01, 
 2DIAGNOSTIC,     8, -5.938463688410e-01, 1.797693134862e+308, 6.7407e+00, 3.4715e-01, 
 2DIAGNOSTIC,     9, -5.938459408544e-01, 1.797693134862e+308, 7.2173e+00, 4.7658e-01, 
 2DIAGNOSTIC,    10, -5.938464989142e-01, 7.031229722319e-04, 7.6644e+00, 4.4708e-01, 
 2DIAGNOSTIC,    11, -5.938454073835e-01, 5.186578360058e-04, 8.0065e+00, 3.4213e-01, 
 2DIAGNOSTIC,    12, -5.938438316229e-01, 3.446445162928e-04, 8.3519e+00, 3.4541e-01, 
 2DIAGNOSTIC,    13, -5.938431721941e-01, 1.946592998300e-04, 8.7375e+00, 3.8563e-01, 
 2DIAGNOSTIC,    14, -5.938412156852e-01, 7.757567312879e-05, 9.0627e+00, 3.2517e-01, 
 2DIAGNOSTIC,    15, -5.938408352582e-01, 3.273711060972e-06, 9.4071e+00, 3.4438e-01, 
 2DIAGNOSTIC,    16, -5.938418451871e-01, 1.598081407844e-06, 9.7594e+00, 3.5232e-01, 
 2DIAGNOSTIC,    17, -5.938418178315e-01, 1.475131326673e-06, 1.0068e+01, 3.0873e-01, 
 2DIAGNOSTIC,    18, -5.938413878142e-01, 1.427812505707e-06, 1.0419e+01, 3.5120e-01, 
 2DIAGNOSTIC,    19, -5.938388786140e-01, 1.343388988162e-06, 1.0800e+01, 3.8031e-01, 
