
##########################
# Experiment information #
##########################

EXPERIMENT_NAME: antsRegistration-r8-p19
VFC_BACKENDS: libinterflop_vprec.so --range-binary32=8 --precision-binary32=19 --range-binary64=8 --precision-binary64=19

SIF_IMG: /home/mdugre/projects/rrg-glatard/mdugre/containers/ants-vprec-no_metrics.simg

SUBJECT_ID: s032
INPUT_IMG: /home/mdugre/scratch/mri-registration-rp/datasets/ds004513/derivatives/mri-registration-rp/antsBrainExtraction/sub-s032/BrainExtractionBrain.nii.gz
OUTPUT_DIR: /home/mdugre/scratch/mri-registration-rp/datasets/ds004513/derivatives/mri-registration-rp/0001/antsRegistration-r8-p19/sub-s032

FIXED_IMG: /templateflow/tpl-MNI152NLin2009cAsym/tpl-MNI152NLin2009cAsym_res-01_desc-brain_T1w.nii.gz
DATA_DIR: /home/mdugre/scratch/mri-registration-rp/datasets/ds004513
TEMPLATEFLOW_DIR: /home/mdugre/projects/rrg-glatard/mdugre/templateflow
ITK_GLOBAL_DEFAULT_NUMBER_OF_THREADS: 16
##########################

Info [verificarlo]: loaded backend libinterflop_ieee.so
Info [interflop-ieee]: load backend with:
Info [interflop-ieee]: debug = false
Info [interflop-ieee]: debug-binary = false
Info [interflop-ieee]: no-backend-name = false
Info [interflop-ieee]: print-new-line = false
Info [interflop-ieee]: print-subnormal-normalized = false
Info [interflop-ieee]: count-op = false
All_Command_lines_OK
Using double precision for computations.
=============================================================================
The composite transform comprises the following transforms (in order): 
  1. Center of mass alignment using fixed image: /templateflow/tpl-MNI152NLin2009cAsym/tpl-MNI152NLin2009cAsym_res-01_desc-brain_T1w.nii.gz and moving image: /home/mdugre/scratch/mri-registration-rp/datasets/ds004513/derivatives/mri-registration-rp/antsBrainExtraction/sub-s032/BrainExtractionBrain.nii.gz (type = Euler3DTransform)
=============================================================================
  number of levels = 1
  fixed image: /templateflow/tpl-MNI152NLin2009cAsym/tpl-MNI152NLin2009cAsym_res-01_desc-brain_T1w.nii.gz
  moving image: /home/mdugre/scratch/mri-registration-rp/datasets/ds004513/derivatives/mri-registration-rp/antsBrainExtraction/sub-s032/BrainExtractionBrain.nii.gz
Dimension = 3
Number of stages = 1
Use histogram matching = false
Winsorize image intensities = true
  Lower quantile = 0.005
  Upper quantile = 0.995


Stage 1 State
   Image metric = MattesMI
     Fixed image = Image (0x4e23e70)
  RTTI typeinfo:   itk::Image<double, 3u>
  Reference Count: 2
  Modified Time: 2330
  Debug: Off
  Object Name: 
  Observers: 
    none
  Source: (none)
  Source output name: (none)
  Release Data: Off
  Data Released: False
  Global Release Data: Off
  PipelineMTime: 0
  UpdateMTime: 1941
  RealTimeStamp: 0 seconds 
  LargestPossibleRegion: 
    Dimension: 3
    Index: [0, 0, 0]
    Size: [193, 229, 193]
  BufferedRegion: 
    Dimension: 3
    Index: [0, 0, 0]
    Size: [193, 229, 193]
  RequestedRegion: 
    Dimension: 3
    Index: [0, 0, 0]
    Size: [193, 229, 193]
  Spacing: [1, 1, 1]
  Origin: [96, 132, -78]
  Direction: 
-1 0 0
0 -1 0
0 0 1

  IndexToPointMatrix: 
-1 0 0
0 -1 0
0 0 1

  PointToIndexMatrix: 
-1 0 0
0 -1 0
0 0 1

  Inverse Direction: 
-1 0 0
0 -1 0
0 0 1

  PixelContainer: 
    ImportImageContainer (0x4e2cc60)
      RTTI typeinfo:   itk::ImportImageContainer<unsigned long, double>
      Reference Count: 1
      Modified Time: 1938
      Debug: Off
      Object Name: 
      Observers: 
        none
      Pointer: 0x1535164c9010
      Container manages memory: true
      Size: 8530021
      Capacity: 8530021

     Moving image = Image (0x4ec0ec0)
  RTTI typeinfo:   itk::Image<double, 3u>
  Reference Count: 2
  Modified Time: 2331
  Debug: Off
  Object Name: 
  Observers: 
    none
  Source: (none)
  Source output name: (none)
  Release Data: Off
  Data Released: False
  Global Release Data: Off
  PipelineMTime: 0
  UpdateMTime: 2328
  RealTimeStamp: 0 seconds 
  LargestPossibleRegion: 
    Dimension: 3
    Index: [0, 0, 0]
    Size: [160, 240, 256]
  BufferedRegion: 
    Dimension: 3
    Index: [0, 0, 0]
    Size: [160, 240, 256]
  RequestedRegion: 
    Dimension: 3
    Index: [0, 0, 0]
    Size: [160, 240, 256]
  Spacing: [1, 1, 1]
  Origin: [73.279, 104.707, -131.187]
  Direction: 
-0.997527 0.0645574 -0.0278053
-0.0645323 -0.997914 -0.00179875
-0.0278634 4.01097e-08 0.999612

  IndexToPointMatrix: 
-0.997527 0.0645574 -0.0278053
-0.0645323 -0.997914 -0.00179875
-0.0278634 4.01097e-08 0.999612

  PointToIndexMatrix: 
-0.997527 -0.0645323 -0.0278634
0.0645574 -0.997914 4.01049e-08
-0.0278053 -0.00179875 0.999612

  Inverse Direction: 
-0.997527 -0.0645323 -0.0278634
0.0645574 -0.997914 4.01049e-08
-0.0278053 -0.00179875 0.999612

  PixelContainer: 
    ImportImageContainer (0x4f58610)
      RTTI typeinfo:   itk::ImportImageContainer<unsigned long, double>
      Reference Count: 1
      Modified Time: 2325
      Debug: Off
      Object Name: 
      Observers: 
        none
      Pointer: 0x1535119c8010
      Container manages memory: true
      Size: 9830400
      Capacity: 9830400

     Weighting = 1
     Sampling strategy = regular
     Number of bins = 32
     Radius = 4
     Sampling percentage  = 0.25
   Transform = Rigid
     Gradient step = 0.1
     Update field sigma (voxel space) = 0
     Total field sigma (voxel space) = 0
     Update field time sigma = 0
     Total field time sigma  = 0
     Number of time indices = 0
     Number of time point samples = 0
Registration using 1 total stages.

Stage 0
  iterations = 0
  convergence threshold = 1e-06
  convergence window size = 10
  number of levels = 1
  using the Mattes MI metric (number of bins = 32, weight = 1, use gradient filter = 0)
  preprocessing:  winsorizing the image intensities
  Shrink factors (level 1 out of 1): [1, 1, 1]
  smoothing sigmas per level: [0]
  regular sampling (percentage = 0.25)

*** Running Euler3DTransform registration ***

  Elapsed time (stage 0): 1.1242


Total elapsed time: 1.12625
Info [verificarlo]: loaded backend libinterflop_ieee.so
Info [interflop-ieee]: load backend with:
Info [interflop-ieee]: debug = false
Info [interflop-ieee]: debug-binary = false
Info [interflop-ieee]: no-backend-name = false
Info [interflop-ieee]: print-new-line = false
Info [interflop-ieee]: print-subnormal-normalized = false
Info [interflop-ieee]: count-op = false
All_Command_lines_OK
Using double precision for computations.
=============================================================================
The composite transform comprises the following transforms (in order): 
  1. /home/mdugre/scratch/mri-registration-rp/datasets/ds004513/derivatives/mri-registration-rp/0001/antsRegistration-r8-p19/sub-s032/align_Composite.h5[0] (type = Euler3DTransform)
  2. /home/mdugre/scratch/mri-registration-rp/datasets/ds004513/derivatives/mri-registration-rp/0001/antsRegistration-r8-p19/sub-s032/align_Composite.h5[1] (type = Euler3DTransform)
=============================================================================
  number of levels = 4
  fixed image: /templateflow/tpl-MNI152NLin2009cAsym/tpl-MNI152NLin2009cAsym_res-01_desc-brain_T1w.nii.gz
  moving image: /home/mdugre/scratch/mri-registration-rp/datasets/ds004513/derivatives/mri-registration-rp/antsBrainExtraction/sub-s032/BrainExtractionBrain.nii.gz
Dimension = 3
Number of stages = 1
Use histogram matching = false
Winsorize image intensities = true
  Lower quantile = 0.005
  Upper quantile = 0.995


Stage 1 State
   Image metric = MattesMI
     Fixed image = Image (0x491a530)
  RTTI typeinfo:   itk::Image<double, 3u>
  Reference Count: 2
  Modified Time: 1578
  Debug: Off
  Object Name: 
  Observers: 
    none
  Source: (none)
  Source output name: (none)
  Release Data: Off
  Data Released: False
  Global Release Data: Off
  PipelineMTime: 0
  UpdateMTime: 1189
  RealTimeStamp: 0 seconds 
  LargestPossibleRegion: 
    Dimension: 3
    Index: [0, 0, 0]
    Size: [193, 229, 193]
  BufferedRegion: 
    Dimension: 3
    Index: [0, 0, 0]
    Size: [193, 229, 193]
  RequestedRegion: 
    Dimension: 3
    Index: [0, 0, 0]
    Size: [193, 229, 193]
  Spacing: [1, 1, 1]
  Origin: [96, 132, -78]
  Direction: 
-1 0 0
0 -1 0
0 0 1

  IndexToPointMatrix: 
-1 0 0
0 -1 0
0 0 1

  PointToIndexMatrix: 
-1 0 0
0 -1 0
0 0 1

  Inverse Direction: 
-1 0 0
0 -1 0
0 0 1

  PixelContainer: 
    ImportImageContainer (0x49d8d60)
      RTTI typeinfo:   itk::ImportImageContainer<unsigned long, double>
      Reference Count: 1
      Modified Time: 1186
      Debug: Off
      Object Name: 
      Observers: 
        none
      Pointer: 0x14e379a36010
      Container manages memory: true
      Size: 8530021
      Capacity: 8530021

     Moving image = Image (0x49caf60)
  RTTI typeinfo:   itk::Image<double, 3u>
  Reference Count: 2
  Modified Time: 1579
  Debug: Off
  Object Name: 
  Observers: 
    none
  Source: (none)
  Source output name: (none)
  Release Data: Off
  Data Released: False
  Global Release Data: Off
  PipelineMTime: 0
  UpdateMTime: 1576
  RealTimeStamp: 0 seconds 
  LargestPossibleRegion: 
    Dimension: 3
    Index: [0, 0, 0]
    Size: [160, 240, 256]
  BufferedRegion: 
    Dimension: 3
    Index: [0, 0, 0]
    Size: [160, 240, 256]
  RequestedRegion: 
    Dimension: 3
    Index: [0, 0, 0]
    Size: [160, 240, 256]
  Spacing: [1, 1, 1]
  Origin: [73.279, 104.707, -131.187]
  Direction: 
-0.997527 0.0645574 -0.0278053
-0.0645323 -0.997914 -0.00179875
-0.0278634 4.01097e-08 0.999612

  IndexToPointMatrix: 
-0.997527 0.0645574 -0.0278053
-0.0645323 -0.997914 -0.00179875
-0.0278634 4.01097e-08 0.999612

  PointToIndexMatrix: 
-0.997527 -0.0645323 -0.0278634
0.0645574 -0.997914 4.01049e-08
-0.0278053 -0.00179875 0.999612

  Inverse Direction: 
-0.997527 -0.0645323 -0.0278634
0.0645574 -0.997914 4.01049e-08
-0.0278053 -0.00179875 0.999612

  PixelContainer: 
    ImportImageContainer (0x49bc6d0)
      RTTI typeinfo:   itk::ImportImageContainer<unsigned long, double>
      Reference Count: 1
      Modified Time: 1573
      Debug: Off
      Object Name: 
      Observers: 
        none
      Pointer: 0x14e374f35010
      Container manages memory: true
      Size: 9830400
      Capacity: 9830400

     Weighting = 1
     Sampling strategy = regular
     Number of bins = 32
     Radius = 4
     Sampling percentage  = 0.25
   Transform = Rigid
     Gradient step = 0.1
     Update field sigma (voxel space) = 0
     Total field sigma (voxel space) = 0
     Update field time sigma = 0
     Total field time sigma  = 0
     Number of time indices = 0
     Number of time point samples = 0
Registration using 1 total stages.

Stage 0
  iterations = 1000x500x250x100
  convergence threshold = 1e-06
  convergence window size = 10
  number of levels = 4
  using the Mattes MI metric (number of bins = 32, weight = 1, use gradient filter = 0)
  preprocessing:  winsorizing the image intensities
  Shrink factors (level 1 out of 4): [8, 8, 8]
  Shrink factors (level 2 out of 4): [4, 4, 4]
  Shrink factors (level 3 out of 4): [2, 2, 2]
  Shrink factors (level 4 out of 4): [1, 1, 1]
  smoothing sigmas per level: [3, 2, 1, 0]
  regular sampling (percentage = 0.25)

*** Running Euler3DTransform registration ***

DIAGNOSTIC,Iteration,metricValue,convergenceValue,ITERATION_TIME_INDEX,SINCE_LAST
 2DIAGNOSTIC,     1, -5.480496989617e-01, 1.797693134862e+308, 6.6619e-01, 6.6619e-01, 
 2DIAGNOSTIC,     2, -5.506811078454e-01, 1.797693134862e+308, 6.7033e-01, 4.1380e-03, 
 2DIAGNOSTIC,     3, -5.546514955662e-01, 1.797693134862e+308, 6.7431e-01, 3.9811e-03, 
 2DIAGNOSTIC,     4, -5.606863537750e-01, 1.797693134862e+308, 6.7870e-01, 4.3890e-03, 
 2DIAGNOSTIC,     5, -5.693661845193e-01, 1.797693134862e+308, 6.8342e-01, 4.7188e-03, 
 2DIAGNOSTIC,     6, -5.854078830086e-01, 1.797693134862e+308, 6.8795e-01, 4.5331e-03, 
 2DIAGNOSTIC,     7, -6.232769732918e-01, 1.797693134862e+308, 6.9244e-01, 4.4870e-03, 
 2DIAGNOSTIC,     8, -6.297683730473e-01, 1.797693134862e+308, 6.9691e-01, 4.4651e-03, 
 2DIAGNOSTIC,     9, -6.366738733405e-01, 1.797693134862e+308, 7.0427e-01, 7.3612e-03, 
 2DIAGNOSTIC,    10, -6.375630690827e-01, 1.201760866083e-02, 7.0836e-01, 4.0970e-03, 
 2DIAGNOSTIC,    11, -6.405337628679e-01, 1.087684809450e-02, 7.1233e-01, 3.9680e-03, 
 2DIAGNOSTIC,    12, -6.435528997438e-01, 9.167753354490e-03, 7.1683e-01, 4.4999e-03, 
 2DIAGNOSTIC,    13, -6.444720921444e-01, 7.089498731847e-03, 7.2079e-01, 3.9611e-03, 
 2DIAGNOSTIC,    14, -6.463616611293e-01, 4.967892496988e-03, 7.2530e-01, 4.5121e-03, 
 2DIAGNOSTIC,    15, -6.484646963404e-01, 3.033020789043e-03, 7.3229e-01, 6.9859e-03, 
 2DIAGNOSTIC,    16, -6.486009987994e-01, 1.520386367320e-03, 7.3623e-01, 3.9430e-03, 
 2DIAGNOSTIC,    17, -6.493699344760e-01, 1.108203205204e-03, 7.4050e-01, 4.2641e-03, 
 2DIAGNOSTIC,    18, -6.514578195065e-01, 8.586162135985e-04, 7.4465e-01, 4.1540e-03, 
 2DIAGNOSTIC,    19, -6.526592717406e-01, 7.533650369804e-04, 7.4866e-01, 4.0059e-03, 
 2DIAGNOSTIC,    20, -6.536191777189e-01, 6.303067369292e-04, 7.5264e-01, 3.9799e-03, 
 2DIAGNOSTIC,    21, -6.549162298979e-01, 5.534292205379e-04, 7.5660e-01, 3.9661e-03, 
 2DIAGNOSTIC,    22, -6.562385790832e-01, 5.226986103232e-04, 7.6155e-01, 4.9491e-03, 
 2DIAGNOSTIC,    23, -6.565000058113e-01, 4.680180012235e-04, 7.6599e-01, 4.4351e-03, 
 2DIAGNOSTIC,    24, -6.565387353854e-01, 4.101063704204e-04, 7.7050e-01, 4.5099e-03, 
 2DIAGNOSTIC,    25, -6.567702146893e-01, 3.618032093023e-04, 7.7506e-01, 4.5669e-03, 
 2DIAGNOSTIC,    26, -6.583507212369e-01, 3.132611037335e-04, 7.7908e-01, 4.0121e-03, 
 2DIAGNOSTIC,    27, -6.586527568469e-01, 2.554116018351e-04, 7.8314e-01, 4.0681e-03, 
 2DIAGNOSTIC,    28, -6.593310437738e-01, 2.225767143844e-04, 7.8808e-01, 4.9350e-03, 
 2DIAGNOSTIC,    29, -6.595734041655e-01, 1.939316665342e-04, 7.9291e-01, 4.8280e-03, 
 2DIAGNOSTIC,    30, -6.595955819569e-01, 1.634946778531e-04, 7.9734e-01, 4.4370e-03, 
 2DIAGNOSTIC,    31, -6.596949967569e-01, 1.392755860931e-04, 8.0122e-01, 3.8769e-03, 
 2DIAGNOSTIC,    32, -6.597157295314e-01, 1.221677497616e-04, 8.0558e-01, 4.3540e-03, 
 2DIAGNOSTIC,    33, -6.597001423847e-01, 9.820426863183e-05, 8.1183e-01, 6.2571e-03, 
 2DIAGNOSTIC,    34, -6.595254449706e-01, 6.486903007579e-05, 8.1572e-01, 3.8881e-03, 
 2DIAGNOSTIC,    35, -6.595295822812e-01, 3.010817890834e-05, 8.1964e-01, 3.9210e-03, 
 2DIAGNOSTIC,    36, -6.595351297938e-01, 1.424396566815e-05, 8.2384e-01, 4.1959e-03, 
 2DIAGNOSTIC,    37, -6.595409535782e-01, 1.474135177350e-06, 8.2800e-01, 4.1649e-03, 
DIAGNOSTIC,Iteration,metricValue,convergenceValue,ITERATION_TIME_INDEX,SINCE_LAST
 2DIAGNOSTIC,     1, -5.183739626503e-01, 1.797693134862e+308, 1.5354e+00, 7.0741e-01, 
 2DIAGNOSTIC,     2, -5.189226238260e-01, 1.797693134862e+308, 1.5703e+00, 3.4873e-02, 
 2DIAGNOSTIC,     3, -5.196899327322e-01, 1.797693134862e+308, 1.5980e+00, 2.7763e-02, 
 2DIAGNOSTIC,     4, -5.204463662975e-01, 1.797693134862e+308, 1.6255e+00, 2.7455e-02, 
 2DIAGNOSTIC,     5, -5.209979485267e-01, 1.797693134862e+308, 1.6533e+00, 2.7804e-02, 
 2DIAGNOSTIC,     6, -5.216357744151e-01, 1.797693134862e+308, 1.6838e+00, 3.0535e-02, 
 2DIAGNOSTIC,     7, -5.233753714922e-01, 1.797693134862e+308, 1.7112e+00, 2.7378e-02, 
 2DIAGNOSTIC,     8, -5.241119131374e-01, 1.797693134862e+308, 1.7469e+00, 3.5682e-02, 
 2DIAGNOSTIC,     9, -5.247293428698e-01, 1.797693134862e+308, 1.7846e+00, 3.7707e-02, 
 2DIAGNOSTIC,    10, -5.250028240585e-01, 8.899807880001e-04, 1.8188e+00, 3.4230e-02, 
 2DIAGNOSTIC,    11, -5.254483049223e-01, 7.905532061341e-04, 1.8516e+00, 3.2724e-02, 
 2DIAGNOSTIC,    12, -5.277635693359e-01, 7.650652160582e-04, 1.8841e+00, 3.2495e-02, 
 2DIAGNOSTIC,    13, -5.283161393849e-01, 7.264279828420e-04, 1.9125e+00, 2.8445e-02, 
 2DIAGNOSTIC,    14, -5.288222941459e-01, 6.775650485126e-04, 1.9397e+00, 2.7196e-02, 
 2DIAGNOSTIC,    15, -5.289976644103e-01, 6.012605566408e-04, 1.9681e+00, 2.8364e-02, 
 2DIAGNOSTIC,    16, -5.298475155089e-01, 5.287514219207e-04, 2.0025e+00, 3.4453e-02, 
 2DIAGNOSTIC,    17, -5.313522100078e-01, 5.176188399176e-04, 2.0338e+00, 3.1303e-02, 
 2DIAGNOSTIC,    18, -5.317211820833e-01, 4.916458757730e-04, 2.0643e+00, 3.0482e-02, 
 2DIAGNOSTIC,    19, -5.322490373015e-01, 4.569573955115e-04, 2.0976e+00, 3.3299e-02, 
 2DIAGNOSTIC,    20, -5.323376713293e-01, 3.940986523276e-04, 2.1281e+00, 3.0512e-02, 
 2DIAGNOSTIC,    21, -5.325910071095e-01, 3.171259161987e-04, 2.1630e+00, 3.4890e-02, 
 2DIAGNOSTIC,    22, -5.334985760843e-01, 2.960183259418e-04, 2.1944e+00, 3.1434e-02, 
 2DIAGNOSTIC,    23, -5.343210935269e-01, 2.806745022490e-04, 2.2264e+00, 3.1930e-02, 
 2DIAGNOSTIC,    24, -5.358652293671e-01, 2.867355868320e-04, 2.2662e+00, 3.9812e-02, 
 2DIAGNOSTIC,    25, -5.371406606691e-01, 2.962433250627e-04, 2.2942e+00, 2.8044e-02, 
 2DIAGNOSTIC,    26, -5.416669420280e-01, 3.876001541551e-04, 2.3220e+00, 2.7762e-02, 
 2DIAGNOSTIC,    27, -5.441236679129e-01, 5.122567619400e-04, 2.3493e+00, 2.7323e-02, 
 2DIAGNOSTIC,    28, -5.459061994565e-01, 6.202596891871e-04, 2.4049e+00, 5.5605e-02, 
 2DIAGNOSTIC,    29, -5.460980459453e-01, 6.761112334692e-04, 2.4324e+00, 2.7522e-02, 
 2DIAGNOSTIC,    30, -5.464367333871e-01, 6.725030614222e-04, 2.4613e+00, 2.8858e-02, 
 2DIAGNOSTIC,    31, -5.468326272660e-01, 6.158070894642e-04, 2.4899e+00, 2.8605e-02, 
 2DIAGNOSTIC,    32, -5.472814593912e-01, 5.263208461541e-04, 2.5243e+00, 3.4372e-02, 
 2DIAGNOSTIC,    33, -5.478118505446e-01, 4.145652192756e-04, 2.5584e+00, 3.4125e-02, 
 2DIAGNOSTIC,    34, -5.482922912019e-01, 3.028073139306e-04, 2.5871e+00, 2.8712e-02, 
 2DIAGNOSTIC,    35, -5.485928276040e-01, 1.917711314774e-04, 2.6149e+00, 2.7807e-02, 
 2DIAGNOSTIC,    36, -5.509769618819e-01, 1.704861625710e-04, 2.6497e+00, 3.4813e-02, 
 2DIAGNOSTIC,    37, -5.578685070287e-01, 2.670766210501e-04, 2.6964e+00, 4.6634e-02, 
 2DIAGNOSTIC,    38, -5.611110290579e-01, 4.008779058596e-04, 2.7260e+00, 2.9621e-02, 
 2DIAGNOSTIC,    39, -5.615849940763e-01, 4.987396121897e-04, 2.7546e+00, 2.8584e-02, 
 2DIAGNOSTIC,    40, -5.624057857033e-01, 5.610478709335e-04, 2.7968e+00, 4.2201e-02, 
 2DIAGNOSTIC,    41, -5.626001838156e-01, 5.739938708857e-04, 2.8234e+00, 2.6588e-02, 
 2DIAGNOSTIC,    42, -5.638849832173e-01, 5.517894980496e-04, 2.8540e+00, 3.0644e-02, 
 2DIAGNOSTIC,    43, -5.643815105382e-01, 4.897728326066e-04, 2.8850e+00, 3.1040e-02, 
 2DIAGNOSTIC,    44, -5.646089789307e-01, 3.938663931631e-04, 2.9189e+00, 3.3829e-02, 
 2DIAGNOSTIC,    45, -5.647688320555e-01, 2.710959894212e-04, 2.9532e+00, 3.4356e-02, 
 2DIAGNOSTIC,    46, -5.647639409689e-01, 1.535181275675e-04, 2.9943e+00, 4.1083e-02, 
 2DIAGNOSTIC,    47, -5.647617575410e-01, 1.026278013484e-04, 3.0257e+00, 3.1402e-02, 
 2DIAGNOSTIC,    48, -5.647667645598e-01, 7.962342214312e-05, 3.0566e+00, 3.0931e-02, 
 2DIAGNOSTIC,    49, -5.647618352208e-01, 5.499545077674e-05, 3.0905e+00, 3.3878e-02, 
 2DIAGNOSTIC,    50, -5.647549985347e-01, 3.488565790913e-05, 3.1221e+00, 3.1611e-02, 
 2DIAGNOSTIC,    51, -5.647403091322e-01, 1.388307339335e-05, 3.1496e+00, 2.7448e-02, 
 2DIAGNOSTIC,    52, -5.647346845112e-01, 5.249806269973e-06, 3.1768e+00, 2.7207e-02, 
 2DIAGNOSTIC,    53, -5.647468170181e-01, 1.487591975120e-06, 3.2072e+00, 3.0441e-02, 
DIAGNOSTIC,Iteration,metricValue,convergenceValue,ITERATION_TIME_INDEX,SINCE_LAST
 2DIAGNOSTIC,     1, -5.018475466720e-01, 1.797693134862e+308, 4.3168e+00, 1.1095e+00, 
 2DIAGNOSTIC,     2, -5.020439439013e-01, 1.797693134862e+308, 4.5563e+00, 2.3954e-01, 
 2DIAGNOSTIC,     3, -5.021606675908e-01, 1.797693134862e+308, 4.8468e+00, 2.9052e-01, 
 2DIAGNOSTIC,     4, -5.021895682791e-01, 1.797693134862e+308, 5.1290e+00, 2.8223e-01, 
 2DIAGNOSTIC,     5, -5.021953674716e-01, 1.797693134862e+308, 5.3810e+00, 2.5191e-01, 
 2DIAGNOSTIC,     6, -5.021967715729e-01, 1.797693134862e+308, 5.6601e+00, 2.7912e-01, 
 2DIAGNOSTIC,     7, -5.022077226415e-01, 1.797693134862e+308, 6.0233e+00, 3.6325e-01, 
 2DIAGNOSTIC,     8, -5.022075486860e-01, 1.797693134862e+308, 6.3003e+00, 2.7700e-01, 
 2DIAGNOSTIC,     9, -5.022072936049e-01, 1.797693134862e+308, 6.6081e+00, 3.0783e-01, 
 2DIAGNOSTIC,    10, -5.022066941751e-01, 3.394090977821e-05, 6.8853e+00, 2.7710e-01, 
 2DIAGNOSTIC,    11, -5.022045466607e-01, 1.425046400380e-05, 7.1644e+00, 2.7911e-01, 
 2DIAGNOSTIC,    12, -5.022040448471e-01, 5.919504037832e-06, 7.4161e+00, 2.5179e-01, 
 2DIAGNOSTIC,    13, -5.022037505149e-01, 3.609585992853e-06, 7.7301e+00, 3.1393e-01, 
 2DIAGNOSTIC,    14, -5.022040394634e-01, 2.704292647981e-06, 7.9865e+00, 2.5644e-01, 
 2DIAGNOSTIC,    15, -5.022025705900e-01, 2.046994540011e-06, 8.2289e+00, 2.4237e-01, 
 2DIAGNOSTIC,    16, -5.022028823020e-01, 1.530862755131e-06, 8.5557e+00, 3.2682e-01, 
 2DIAGNOSTIC,    17, -5.022038348834e-01, 1.513457041996e-06, 8.8409e+00, 2.8516e-01, 
 2DIAGNOSTIC,    18, -5.022031406892e-01, 1.501338602668e-06, 9.0818e+00, 2.4096e-01, 
 2DIAGNOSTIC,    19, -5.022025325611e-01, 1.490066443434e-06, 9.3940e+00, 3.1214e-01, 
 2DIAGNOSTIC,    20, -5.022026483408e-01, 1.486123003470e-06, 9.6740e+00, 2.8001e-01, 
 2DIAGNOSTIC,    21, -5.022011025726e-01, 1.392491335780e-06, 9.9513e+00, 2.7736e-01, 
 2DIAGNOSTIC,    22, -5.022004009988e-01, 1.288071009152e-06, 1.0199e+01, 2.4800e-01, 
 2DIAGNOSTIC,    23, -5.021997795143e-01, 1.184794064593e-06, 1.0478e+01, 2.7837e-01, 
 2DIAGNOSTIC,    24, -5.021999096881e-01, 1.119963818054e-06, 1.0753e+01, 2.7517e-01, 
 2DIAGNOSTIC,    25, -5.021991823820e-01, 1.029329182826e-06, 1.0994e+01, 2.4066e-01, 
 2DIAGNOSTIC,    26, -5.022009929246e-01, 1.014615834842e-06, 1.1237e+01, 2.4320e-01, 
 2DIAGNOSTIC,    27, -5.022012648709e-01, 1.045833284412e-06, 1.1478e+01, 2.4162e-01, 
 2DIAGNOSTIC,    28, -5.022025447361e-01, 1.099311984207e-06, 1.1757e+01, 2.7815e-01, 
 2DIAGNOSTIC,    29, -5.022030679314e-01, 1.150249788764e-06, 1.1997e+01, 2.4014e-01, 
 2DIAGNOSTIC,    30, -5.022031311518e-01, 1.196798438997e-06, 1.2272e+01, 2.7517e-01, 
 2DIAGNOSTIC,    31, -5.022035115578e-01, 1.206359970779e-06, 1.2549e+01, 2.7720e-01, 
 2DIAGNOSTIC,    32, -5.022060991989e-01, 1.231421743783e-06, 1.2819e+01, 2.7037e-01, 
 2DIAGNOSTIC,    33, -5.022040066160e-01, 1.184607625743e-06, 1.3095e+01, 2.7557e-01, 
 2DIAGNOSTIC,    34, -5.022035675487e-01, 1.116630924700e-06, 1.3377e+01, 2.8197e-01, 
 2DIAGNOSTIC,    35, -5.022032069956e-01, 1.017704849456e-06, 1.3619e+01, 2.4230e-01, 
DIAGNOSTIC,Iteration,metricValue,convergenceValue,ITERATION_TIME_INDEX,SINCE_LAST
 2DIAGNOSTIC,     1, -4.666842466044e-01, 1.797693134862e+308, 1.6074e+01, 2.4551e+00, 
 2DIAGNOSTIC,     2, -4.668753757327e-01, 1.797693134862e+308, 1.7751e+01, 1.6762e+00, 
 2DIAGNOSTIC,     3, -4.669040471459e-01, 1.797693134862e+308, 2.0277e+01, 2.5260e+00, 
 2DIAGNOSTIC,     4, -4.669039022871e-01, 1.797693134862e+308, 2.2478e+01, 2.2012e+00, 
 2DIAGNOSTIC,     5, -4.669039785416e-01, 1.797693134862e+308, 2.4297e+01, 1.8197e+00, 
 2DIAGNOSTIC,     6, -4.669039909486e-01, 1.797693134862e+308, 2.5794e+01, 1.4971e+00, 
 2DIAGNOSTIC,     7, -4.669039084407e-01, 1.797693134862e+308, 2.7313e+01, 1.5185e+00, 
 2DIAGNOSTIC,     8, -4.669038257301e-01, 1.797693134862e+308, 2.8841e+01, 1.5279e+00, 
 2DIAGNOSTIC,     9, -4.669038219833e-01, 1.797693134862e+308, 3.0241e+01, 1.3997e+00, 
 2DIAGNOSTIC,    10, -4.669037398713e-01, 1.804615437664e-05, 3.1849e+01, 1.6083e+00, 
 2DIAGNOSTIC,    11, -4.669037459979e-01, 4.439291831429e-06, 3.3309e+01, 1.4602e+00, 
 2DIAGNOSTIC,    12, -4.669037186891e-01, 2.614159899453e-06, 3.4814e+01, 1.5048e+00, 
 2DIAGNOSTIC,    13, -4.669037252044e-01, 2.416327861077e-06, 3.6333e+01, 1.5187e+00, 
 2DIAGNOSTIC,    14, -4.669034211309e-01, 2.229891141292e-06, 3.7803e+01, 1.4706e+00, 
 2DIAGNOSTIC,    15, -4.669034900563e-01, 2.078353970161e-06, 3.9290e+01, 1.4871e+00, 
 2DIAGNOSTIC,    16, -4.669034674303e-01, 1.949108486693e-06, 4.1167e+01, 1.8764e+00, 
 2DIAGNOSTIC,    17, -4.669033937104e-01, 1.832997790045e-06, 4.2644e+01, 1.4770e+00, 
 2DIAGNOSTIC,    18, -4.669031333161e-01, 1.721829786708e-06, 4.3972e+01, 1.3282e+00, 
 2DIAGNOSTIC,    19, -4.669030632681e-01, 1.624627533149e-06, 4.5624e+01, 1.6523e+00, 
 2DIAGNOSTIC,    20, -4.669029966760e-01, 1.537149934949e-06, 4.7124e+01, 1.4995e+00, 
 2DIAGNOSTIC,    21, -4.669028356481e-01, 1.458287702247e-06, 4.8498e+01, 1.3746e+00, 
 2DIAGNOSTIC,    22, -4.669029616200e-01, 1.394662712935e-06, 5.0139e+01, 1.6408e+00, 
 2DIAGNOSTIC,    23, -4.669032782062e-01, 1.350117067540e-06, 5.1809e+01, 1.6700e+00, 
 2DIAGNOSTIC,    24, -4.669029655604e-01, 1.296446726258e-06, 5.3415e+01, 1.6064e+00, 
 2DIAGNOSTIC,    25, -4.669029278586e-01, 1.250852872205e-06, 5.5205e+01, 1.7899e+00, 
 2DIAGNOSTIC,    26, -4.669027745066e-01, 1.206740534651e-06, 5.6715e+01, 1.5096e+00, 
 2DIAGNOSTIC,    27, -4.669027302687e-01, 1.164850851602e-06, 5.8295e+01, 1.5804e+00, 
 2DIAGNOSTIC,    28, -4.669028505284e-01, 1.124005013613e-06, 5.9857e+01, 1.5613e+00, 
 2DIAGNOSTIC,    29, -4.669028715628e-01, 1.086083835103e-06, 6.1355e+01, 1.4987e+00, 
 2DIAGNOSTIC,    30, -4.669027102123e-01, 1.047370048655e-06, 6.2909e+01, 1.5539e+00, 
 2DIAGNOSTIC,    31, -4.669025463472e-01, 1.006097717471e-06, 6.4337e+01, 1.4275e+00, 
  Elapsed time (stage 0): 6.5130e+01


Total elapsed time: 6.5132e+01
Info [verificarlo]: loaded backend libinterflop_ieee.so
Info [interflop-ieee]: load backend with:
Info [interflop-ieee]: debug = false
Info [interflop-ieee]: debug-binary = false
Info [interflop-ieee]: no-backend-name = false
Info [interflop-ieee]: print-new-line = false
Info [interflop-ieee]: print-subnormal-normalized = false
Info [interflop-ieee]: count-op = false
All_Command_lines_OK
Using double precision for computations.
=============================================================================
The composite transform comprises the following transforms (in order): 
  1. /home/mdugre/scratch/mri-registration-rp/datasets/ds004513/derivatives/mri-registration-rp/0001/antsRegistration-r8-p19/sub-s032/rigid_Composite.h5[0] (type = Euler3DTransform)
  2. /home/mdugre/scratch/mri-registration-rp/datasets/ds004513/derivatives/mri-registration-rp/0001/antsRegistration-r8-p19/sub-s032/rigid_Composite.h5[1] (type = Euler3DTransform)
  3. /home/mdugre/scratch/mri-registration-rp/datasets/ds004513/derivatives/mri-registration-rp/0001/antsRegistration-r8-p19/sub-s032/rigid_Composite.h5[2] (type = Euler3DTransform)
=============================================================================
  number of levels = 4
  fixed image: /templateflow/tpl-MNI152NLin2009cAsym/tpl-MNI152NLin2009cAsym_res-01_desc-brain_T1w.nii.gz
  moving image: /home/mdugre/scratch/mri-registration-rp/datasets/ds004513/derivatives/mri-registration-rp/antsBrainExtraction/sub-s032/BrainExtractionBrain.nii.gz
Dimension = 3
Number of stages = 1
Use histogram matching = false
Winsorize image intensities = true
  Lower quantile = 0.005
  Upper quantile = 0.995


Stage 1 State
   Image metric = MattesMI
     Fixed image = Image (0x4bb77e0)
  RTTI typeinfo:   itk::Image<double, 3u>
  Reference Count: 2
  Modified Time: 1592
  Debug: Off
  Object Name: 
  Observers: 
    none
  Source: (none)
  Source output name: (none)
  Release Data: Off
  Data Released: False
  Global Release Data: Off
  PipelineMTime: 0
  UpdateMTime: 1203
  RealTimeStamp: 0 seconds 
  LargestPossibleRegion: 
    Dimension: 3
    Index: [0, 0, 0]
    Size: [193, 229, 193]
  BufferedRegion: 
    Dimension: 3
    Index: [0, 0, 0]
    Size: [193, 229, 193]
  RequestedRegion: 
    Dimension: 3
    Index: [0, 0, 0]
    Size: [193, 229, 193]
  Spacing: [1, 1, 1]
  Origin: [96, 132, -78]
  Direction: 
-1 0 0
0 -1 0
0 0 1

  IndexToPointMatrix: 
-1 0 0
0 -1 0
0 0 1

  PointToIndexMatrix: 
-1 0 0
0 -1 0
0 0 1

  Inverse Direction: 
-1 0 0
0 -1 0
0 0 1

  PixelContainer: 
    ImportImageContainer (0x4c77a20)
      RTTI typeinfo:   itk::ImportImageContainer<unsigned long, double>
      Reference Count: 1
      Modified Time: 1200
      Debug: Off
      Object Name: 
      Observers: 
        none
      Pointer: 0x1511afe3e010
      Container manages memory: true
      Size: 8530021
      Capacity: 8530021

     Moving image = Image (0x4c72d70)
  RTTI typeinfo:   itk::Image<double, 3u>
  Reference Count: 2
  Modified Time: 1593
  Debug: Off
  Object Name: 
  Observers: 
    none
  Source: (none)
  Source output name: (none)
  Release Data: Off
  Data Released: False
  Global Release Data: Off
  PipelineMTime: 0
  UpdateMTime: 1590
  RealTimeStamp: 0 seconds 
  LargestPossibleRegion: 
    Dimension: 3
    Index: [0, 0, 0]
    Size: [160, 240, 256]
  BufferedRegion: 
    Dimension: 3
    Index: [0, 0, 0]
    Size: [160, 240, 256]
  RequestedRegion: 
    Dimension: 3
    Index: [0, 0, 0]
    Size: [160, 240, 256]
  Spacing: [1, 1, 1]
  Origin: [73.279, 104.707, -131.187]
  Direction: 
-0.997527 0.0645574 -0.0278053
-0.0645323 -0.997914 -0.00179875
-0.0278634 4.01097e-08 0.999612

  IndexToPointMatrix: 
-0.997527 0.0645574 -0.0278053
-0.0645323 -0.997914 -0.00179875
-0.0278634 4.01097e-08 0.999612

  PointToIndexMatrix: 
-0.997527 -0.0645323 -0.0278634
0.0645574 -0.997914 4.01049e-08
-0.0278053 -0.00179875 0.999612

  Inverse Direction: 
-0.997527 -0.0645323 -0.0278634
0.0645574 -0.997914 4.01049e-08
-0.0278053 -0.00179875 0.999612

  PixelContainer: 
    ImportImageContainer (0x4c2ac90)
      RTTI typeinfo:   itk::ImportImageContainer<unsigned long, double>
      Reference Count: 1
      Modified Time: 1587
      Debug: Off
      Object Name: 
      Observers: 
        none
      Pointer: 0x1511ab33d010
      Container manages memory: true
      Size: 9830400
      Capacity: 9830400

     Weighting = 1
     Sampling strategy = regular
     Number of bins = 32
     Radius = 4
     Sampling percentage  = 0.25
   Transform = Affine
     Gradient step = 0.1
     Update field sigma (voxel space) = 0
     Total field sigma (voxel space) = 0
     Update field time sigma = 0
     Total field time sigma  = 0
     Number of time indices = 0
     Number of time point samples = 0
Registration using 1 total stages.

Stage 0
  iterations = 1000x500x250x100
  convergence threshold = 1e-06
  convergence window size = 10
  number of levels = 4
  using the Mattes MI metric (number of bins = 32, weight = 1, use gradient filter = 0)
  preprocessing:  winsorizing the image intensities
  Shrink factors (level 1 out of 4): [8, 8, 8]
  Shrink factors (level 2 out of 4): [4, 4, 4]
  Shrink factors (level 3 out of 4): [2, 2, 2]
  Shrink factors (level 4 out of 4): [1, 1, 1]
  smoothing sigmas per level: [3, 2, 1, 0]
  regular sampling (percentage = 0.25)

*** Running AffineTransform registration ***

DIAGNOSTIC,Iteration,metricValue,convergenceValue,ITERATION_TIME_INDEX,SINCE_LAST
 2DIAGNOSTIC,     1, -6.844400029489e-01, 1.797693134862e+308, 6.9438e-01, 6.9438e-01, 
 2DIAGNOSTIC,     2, -6.862836944368e-01, 1.797693134862e+308, 6.9933e-01, 4.9510e-03, 
 2DIAGNOSTIC,     3, -6.906177842514e-01, 1.797693134862e+308, 7.0461e-01, 5.2769e-03, 
 2DIAGNOSTIC,     4, -7.048553006278e-01, 1.797693134862e+308, 7.0957e-01, 4.9641e-03, 
 2DIAGNOSTIC,     5, -7.102063614735e-01, 1.797693134862e+308, 7.1466e-01, 5.0919e-03, 
 2DIAGNOSTIC,     6, -7.184433503240e-01, 1.797693134862e+308, 7.2211e-01, 7.4499e-03, 
 2DIAGNOSTIC,     7, -7.219266841753e-01, 1.797693134862e+308, 7.2757e-01, 5.4569e-03, 
 2DIAGNOSTIC,     8, -7.233831826245e-01, 1.797693134862e+308, 7.3210e-01, 4.5278e-03, 
 2DIAGNOSTIC,     9, -7.248389525683e-01, 1.797693134862e+308, 7.3692e-01, 4.8201e-03, 
 2DIAGNOSTIC,    10, -7.258143831703e-01, 4.307673741298e-03, 7.4226e-01, 5.3430e-03, 
 2DIAGNOSTIC,    11, -7.266394631812e-01, 3.342587147527e-03, 7.4780e-01, 5.5370e-03, 
 2DIAGNOSTIC,    12, -7.275362509933e-01, 2.335388655890e-03, 7.5250e-01, 4.7052e-03, 
 2DIAGNOSTIC,    13, -7.300589371794e-01, 1.477997116978e-03, 7.5841e-01, 5.9090e-03, 
 2DIAGNOSTIC,    14, -7.330598448085e-01, 1.099044869645e-03, 7.6799e-01, 9.5801e-03, 
 2DIAGNOSTIC,    15, -7.332450203115e-01, 8.120838937196e-04, 7.7346e-01, 5.4641e-03, 
 2DIAGNOSTIC,    16, -7.334333206317e-01, 6.961212086020e-04, 7.7877e-01, 5.3189e-03, 
 2DIAGNOSTIC,    17, -7.335898530352e-01, 6.152333089774e-04, 7.8401e-01, 5.2369e-03, 
 2DIAGNOSTIC,    18, -7.339549628623e-01, 5.253097485894e-04, 7.8870e-01, 4.6880e-03, 
 2DIAGNOSTIC,    19, -7.345779854194e-01, 4.383105196494e-04, 7.9341e-01, 4.7138e-03, 
 2DIAGNOSTIC,    20, -7.355660665663e-01, 3.583934818229e-04, 7.9806e-01, 4.6449e-03, 
 2DIAGNOSTIC,    21, -7.366613987579e-01, 2.896890437033e-04, 8.0273e-01, 4.6730e-03, 
 2DIAGNOSTIC,    22, -7.372458125183e-01, 2.261265269488e-04, 8.0747e-01, 4.7431e-03, 
 2DIAGNOSTIC,    23, -7.380129962427e-01, 2.021172553376e-04, 8.1383e-01, 6.3610e-03, 
 2DIAGNOSTIC,    24, -7.385201598758e-01, 2.185542938262e-04, 8.1910e-01, 5.2700e-03, 
 2DIAGNOSTIC,    25, -7.386567144406e-01, 2.180629813811e-04, 8.2426e-01, 5.1589e-03, 
 2DIAGNOSTIC,    26, -7.387193162253e-01, 2.010286607009e-04, 8.2901e-01, 4.7450e-03, 
 2DIAGNOSTIC,    27, -7.388670794218e-01, 1.709552210844e-04, 8.3366e-01, 4.6470e-03, 
 2DIAGNOSTIC,    28, -7.390476939780e-01, 1.346113192098e-04, 8.3837e-01, 4.7140e-03, 
 2DIAGNOSTIC,    29, -7.392681315289e-01, 9.933705080874e-05, 8.4341e-01, 5.0399e-03, 
 2DIAGNOSTIC,    30, -7.396502637947e-01, 7.480381302624e-05, 8.4877e-01, 5.3589e-03, 
 2DIAGNOSTIC,    31, -7.399497317560e-01, 6.241056681116e-05, 8.5798e-01, 9.2092e-03, 
 2DIAGNOSTIC,    32, -7.399510341072e-01, 5.193211706780e-05, 8.6270e-01, 4.7250e-03, 
 2DIAGNOSTIC,    33, -7.399663711267e-01, 4.645497309094e-05, 8.6757e-01, 4.8671e-03, 
 2DIAGNOSTIC,    34, -7.399883351771e-01, 4.303994770230e-05, 8.7265e-01, 5.0771e-03, 
 2DIAGNOSTIC,    35, -7.400173913560e-01, 3.760597727100e-05, 8.7785e-01, 5.2001e-03, 
 2DIAGNOSTIC,    36, -7.400396536663e-01, 2.985373684400e-05, 8.8245e-01, 4.6020e-03, 
 2DIAGNOSTIC,    37, -7.399676284640e-01, 2.059727435132e-05, 8.8719e-01, 4.7460e-03, 
 2DIAGNOSTIC,    38, -7.401124888497e-01, 1.335216495372e-05, 8.9180e-01, 4.6082e-03, 
 2DIAGNOSTIC,    39, -7.403642920748e-01, 9.884001219339e-06, 8.9698e-01, 5.1730e-03, 
 2DIAGNOSTIC,    40, -7.405484648742e-01, 1.108860746955e-05, 9.0351e-01, 6.5379e-03, 
 2DIAGNOSTIC,    41, -7.409121326224e-01, 1.755160628113e-05, 9.0860e-01, 5.0859e-03, 
 2DIAGNOSTIC,    42, -7.410583885652e-01, 2.343939083068e-05, 9.1440e-01, 5.8031e-03, 
 2DIAGNOSTIC,    43, -7.412344281984e-01, 2.861643574895e-05, 9.1938e-01, 4.9810e-03, 
 2DIAGNOSTIC,    44, -7.418733675263e-01, 3.669078695171e-05, 9.2499e-01, 5.6031e-03, 
 2DIAGNOSTIC,    45, -7.422118865566e-01, 4.397907502864e-05, 9.3185e-01, 6.8669e-03, 
 2DIAGNOSTIC,    46, -7.421204414387e-01, 4.623533500565e-05, 9.3654e-01, 4.6849e-03, 
 2DIAGNOSTIC,    47, -7.421916346616e-01, 4.414921495237e-05, 9.4119e-01, 4.6520e-03, 
 2DIAGNOSTIC,    48, -7.422420245734e-01, 3.954803751577e-05, 9.4679e-01, 5.5950e-03, 
 2DIAGNOSTIC,    49, -7.422630779385e-01, 3.346957968641e-05, 9.5143e-01, 4.6420e-03, 
 2DIAGNOSTIC,    50, -7.421878364485e-01, 2.524252052816e-05, 9.5608e-01, 4.6520e-03, 
 2DIAGNOSTIC,    51, -7.422182737272e-01, 1.807037869054e-05, 9.6100e-01, 4.9171e-03, 
 2DIAGNOSTIC,    52, -7.422469206126e-01, 1.085231555733e-05, 9.6599e-01, 4.9911e-03, 
 2DIAGNOSTIC,    53, -7.422726030926e-01, 4.268126928976e-06, 9.7253e-01, 6.5398e-03, 
 2DIAGNOSTIC,    54, -7.422740488542e-01, 2.106917169193e-06, 9.7772e-01, 5.1889e-03, 
 2DIAGNOSTIC,    55, -7.422763472189e-01, 2.325245716223e-06, 9.8426e-01, 6.5432e-03, 
 2DIAGNOSTIC,    56, -7.422789029209e-01, 1.746125751254e-06, 9.8884e-01, 4.5829e-03, 
 2DIAGNOSTIC,    57, -7.422895909028e-01, 1.610300066405e-06, 9.9343e-01, 4.5841e-03, 
 2DIAGNOSTIC,    58, -7.422960444464e-01, 1.746353044563e-06, 9.9801e-01, 4.5872e-03, 
 2DIAGNOSTIC,    59, -7.422968003443e-01, 1.925052659144e-06, 1.0043e+00, 6.2540e-03, 
 2DIAGNOSTIC,    60, -7.422970203938e-01, 1.481327298814e-06, 1.0089e+00, 4.6701e-03, 
 2DIAGNOSTIC,    61, -7.422988608378e-01, 1.163250008551e-06, 1.0139e+00, 4.9579e-03, 
DIAGNOSTIC,Iteration,metricValue,convergenceValue,ITERATION_TIME_INDEX,SINCE_LAST
 2DIAGNOSTIC,     1, -5.987843492618e-01, 1.797693134862e+308, 1.7845e+00, 7.7056e-01, 
 2DIAGNOSTIC,     2, -5.990167287471e-01, 1.797693134862e+308, 1.8207e+00, 3.6277e-02, 
 2DIAGNOSTIC,     3, -5.994887165595e-01, 1.797693134862e+308, 1.8575e+00, 3.6721e-02, 
 2DIAGNOSTIC,     4, -5.997144807030e-01, 1.797693134862e+308, 1.8940e+00, 3.6524e-02, 
 2DIAGNOSTIC,     5, -5.997044576694e-01, 1.797693134862e+308, 1.9308e+00, 3.6847e-02, 
 2DIAGNOSTIC,     6, -5.997792861687e-01, 1.797693134862e+308, 1.9676e+00, 3.6802e-02, 
 2DIAGNOSTIC,     7, -5.999112695366e-01, 1.797693134862e+308, 2.0038e+00, 3.6152e-02, 
 2DIAGNOSTIC,     8, -5.998842771950e-01, 1.797693134862e+308, 2.0517e+00, 4.7937e-02, 
 2DIAGNOSTIC,     9, -5.998584773358e-01, 1.797693134862e+308, 2.0917e+00, 3.9939e-02, 
 2DIAGNOSTIC,    10, -5.998504473958e-01, 1.066746426279e-04, 2.1323e+00, 4.0658e-02, 
 2DIAGNOSTIC,    11, -5.998446366970e-01, 6.109574954069e-05, 2.1685e+00, 3.6216e-02, 
 2DIAGNOSTIC,    12, -5.998385292370e-01, 2.629210240687e-05, 2.2048e+00, 3.6230e-02, 
 2DIAGNOSTIC,    13, -5.998342618981e-01, 1.156742251339e-05, 2.2413e+00, 3.6547e-02, 
 2DIAGNOSTIC,    14, -5.998370887110e-01, 5.987883405500e-06, 2.2806e+00, 3.9313e-02, 
DIAGNOSTIC,Iteration,metricValue,convergenceValue,ITERATION_TIME_INDEX,SINCE_LAST
 2DIAGNOSTIC,     1, -5.355171691142e-01, 1.797693134862e+308, 3.4088e+00, 1.1282e+00, 
 2DIAGNOSTIC,     2, -5.357534751126e-01, 1.797693134862e+308, 3.6865e+00, 2.7773e-01, 
 2DIAGNOSTIC,     3, -5.361392707515e-01, 1.797693134862e+308, 3.9783e+00, 2.9179e-01, 
 2DIAGNOSTIC,     4, -5.366275165338e-01, 1.797693134862e+308, 4.2575e+00, 2.7921e-01, 
 2DIAGNOSTIC,     5, -5.374212347338e-01, 1.797693134862e+308, 4.5398e+00, 2.8230e-01, 
 2DIAGNOSTIC,     6, -5.391138340440e-01, 1.797693134862e+308, 4.8212e+00, 2.8138e-01, 
 2DIAGNOSTIC,     7, -5.405378123333e-01, 1.797693134862e+308, 5.2480e+00, 4.2682e-01, 
 2DIAGNOSTIC,     8, -5.408875529691e-01, 1.797693134862e+308, 5.5251e+00, 2.7709e-01, 
 2DIAGNOSTIC,     9, -5.415293688240e-01, 1.797693134862e+308, 5.8438e+00, 3.1862e-01, 
 2DIAGNOSTIC,    10, -5.435598639732e-01, 9.806437456394e-04, 6.2293e+00, 3.8558e-01, 
 2DIAGNOSTIC,    11, -5.440833540614e-01, 9.664093957620e-04, 6.5007e+00, 2.7141e-01, 
 2DIAGNOSTIC,    12, -5.449441607975e-01, 9.160973650842e-04, 6.8231e+00, 3.2237e-01, 
 2DIAGNOSTIC,    13, -5.451554286500e-01, 8.163102992923e-04, 7.4268e+00, 6.0372e-01, 
 2DIAGNOSTIC,    14, -5.451550508965e-01, 6.758806946146e-04, 7.8126e+00, 3.8579e-01, 
 2DIAGNOSTIC,    15, -5.451550305357e-01, 5.190051242877e-04, 8.1356e+00, 3.2295e-01, 
 2DIAGNOSTIC,    16, -5.451549918055e-01, 3.886901552407e-04, 8.4845e+00, 3.4892e-01, 
 2DIAGNOSTIC,    17, -5.451533702821e-01, 2.825821957044e-04, 8.8075e+00, 3.2298e-01, 
 2DIAGNOSTIC,    18, -5.451536507236e-01, 1.728580258518e-04, 9.0626e+00, 2.5515e-01, 
 2DIAGNOSTIC,    19, -5.451511178577e-01, 7.549442226155e-05, 9.3474e+00, 2.8474e-01, 
 2DIAGNOSTIC,    20, -5.451519114011e-01, 3.431060893055e-05, 9.6572e+00, 3.0981e-01, 
 2DIAGNOSTIC,    21, -5.451514183670e-01, 6.530081586388e-06, 9.9602e+00, 3.0304e-01, 
 2DIAGNOSTIC,    22, -5.451507439373e-01, 1.172468077244e-06, 1.0234e+01, 2.7376e-01, 
 2DIAGNOSTIC,    23, -5.451502984636e-01, 1.114473124689e-06, 1.0550e+01, 3.1599e-01, 
 2DIAGNOSTIC,    24, -5.451479574110e-01, 1.028027298851e-06, 1.0863e+01, 3.1318e-01, 
DIAGNOSTIC,Iteration,metricValue,convergenceValue,ITERATION_TIME_INDEX,SINCE_LAST
 2DIAGNOSTIC,     1, -4.999566644404e-01, 1.797693134862e+308, 1.3583e+01, 2.7200e+00, 
 2DIAGNOSTIC,     2, -5.001453286781e-01, 1.797693134862e+308, 1.5208e+01, 1.6244e+00, 
 2DIAGNOSTIC,     3, -5.003851631852e-01, 1.797693134862e+308, 1.7019e+01, 1.8116e+00, 
 2DIAGNOSTIC,     4, -5.004309611370e-01, 1.797693134862e+308, 1.8863e+01, 1.8434e+00, 
